phase,source_row,user_id,user_idx,item_id,item_idx,label,score
Cold,678060,4064,4063,4,3,0,0.0056533962
Cold,673848,4048,4047,4,3,0,-0.006324527
Cold,661206,3988,3987,4,3,1,0.00085824775
Cold,642638,3868,3867,4,3,0,0.008928488
Cold,634552,3829,3828,4,3,0,0.0060698953
Cold,628954,3808,3807,4,3,0,0.0056006173
Cold,618592,3749,3748,4,3,0,0.0020477981
Cold,617875,3743,3742,4,3,0,0.006039775
Cold,793914,4748,4747,4,3,1,0.0048128534
Cold,670020,4028,4027,4,3,0,0.0077914647
Cold,612335,3713,3712,4,3,1,0.0057489728
Cold,611704,3709,3708,4,3,0,-0.0060282387
Cold,583126,3562,3561,4,3,0,0.007186548
Cold,580745,3547,3546,4,3,0,0.00790788
Cold,578846,3539,3538,4,3,1,0.006841407
Cold,571336,3504,3503,4,3,1,0.0123101445
Cold,593222,3618,3617,4,3,0,0.00093253795
Cold,557491,3425,3424,4,3,0,0.00976696
Cold,766107,4562,4561,4,3,0,0.009092845
Cold,575040,3519,3518,4,3,0,0.008623979
Cold,576734,3526,3525,4,3,0,0.008607119
Cold,549608,3391,3390,4,3,0,0.01568816
Cold,525522,3246,3245,4,3,0,-0.0031344118
Cold,515218,3182,3181,4,3,0,0.006009797
Cold,521281,3217,3216,4,3,1,0.002739092
Cold,505778,3111,3110,4,3,0,-0.0002936161
Cold,502768,3087,3086,4,3,0,0.0031217155
Cold,516230,3189,3188,4,3,1,0.014543482
Cold,500156,3072,3071,4,3,1,0.00018158276
Cold,493688,3032,3031,4,3,1,0.008172911
Cold,492398,3029,3028,4,3,0,0.013460142
Cold,477784,2934,2933,4,3,0,0.0033480246
Cold,472201,2907,2906,4,3,0,0.018123522
Cold,852488,5113,5112,4,3,0,0.0029088422
Cold,469460,2891,2890,4,3,1,0.015250493
Cold,879728,5317,5316,4,3,0,0.010004718
Cold,443398,2734,2733,4,3,0,0.004745502
Cold,431312,2628,2627,4,3,0,0.0029317131
Cold,450466,2777,2776,4,3,0,-0.002813786
Cold,420132,2540,2539,4,3,1,0.0008293551
Cold,416235,2507,2506,4,3,0,0.0026533366
Cold,404315,2419,2418,4,3,0,0.0011245334
Cold,399391,2378,2377,4,3,0,0.009069298
Cold,379826,2222,2221,4,3,0,0.0055314656
Cold,366037,2131,2130,4,3,0,0.010775069
Cold,362265,2111,2110,4,3,0,0.00031336746
Cold,355852,2085,2084,4,3,0,0.0030825967
Cold,342972,2016,2015,4,3,1,0.009066083
Cold,314830,1880,1879,4,3,0,0.005625396
Cold,274938,1666,1665,4,3,0,0.00073516835
Cold,268408,1631,1630,4,3,0,-0.0002481838
Cold,358170,2097,2096,4,3,0,-0.0005067878
Cold,259230,1587,1586,4,3,0,0.009141311
Cold,255259,1554,1553,4,3,0,-0.0042507453
Cold,223972,1356,1355,4,3,0,0.001991666
Cold,335333,1980,1979,4,3,0,0.008701082
Cold,223232,1354,1353,4,3,0,0.005720822
Cold,203932,1255,1254,4,3,1,0.0067691915
Cold,192250,1184,1183,4,3,0,0.008025047
Cold,184721,1150,1149,4,3,0,0.0037818009
Cold,177805,1120,1119,4,3,0,0.004423288
Cold,174808,1107,1106,4,3,0,0.0031436412
Cold,173428,1100,1099,4,3,0,0.00051371334
Cold,262887,1605,1604,4,3,0,0.0118916705
Cold,188133,1168,1167,4,3,0,0.012166735
Cold,167588,1068,1067,4,3,1,0.016459879
Cold,166239,1059,1058,4,3,0,0.0008808947
Cold,189213,1173,1172,4,3,0,-0.00072126946
Cold,153590,987,986,4,3,1,-0.008772407
Cold,220990,1340,1339,4,3,0,0.0028302697
Cold,136187,881,880,4,3,0,0.012057782
Cold,332432,1962,1961,4,3,0,-0.00044790143
Cold,100688,673,672,4,3,0,0.0061549554
Cold,179351,1125,1124,4,3,0,0.016287204
Cold,93644,628,627,4,3,0,-0.008565737
Cold,90505,601,600,4,3,1,0.0026986967
Cold,238479,1448,1447,4,3,1,0.002684157
Cold,81385,543,542,4,3,0,0.005772851
Cold,70590,476,475,4,3,1,-0.0021304244
Cold,70020,474,473,4,3,0,0.012670169
Cold,251028,1516,1515,4,3,0,0.001108841
Cold,52405,346,345,4,3,0,0.009057703
Cold,48112,323,322,4,3,0,0.00537482
Cold,132192,855,854,4,3,0,0.00375894
Cold,695668,4169,4168,4,3,0,0.005661272
Cold,537655,3312,3311,4,3,0,0.017699238
Cold,31668,216,215,4,3,0,0.006166554
Cold,33269,225,224,4,3,0,0.004944779
Cold,30174,203,202,4,3,0,0.006071827
Cold,28999,199,198,4,3,0,-0.0008663178
Cold,26218,187,186,4,3,1,0.00089068105
Cold,21103,155,154,4,3,0,0.008703029
Cold,49051,329,328,4,3,0,0.0010592067
Cold,3407,26,25,4,3,0,0.011606455
Cold,583,8,7,4,3,0,0.0063847136
Cold,79020,531,530,4,3,0,0.007700935
Cold,78202,528,527,4,3,1,0.002952536
Cold,333651,1969,1968,4,3,1,0.0062719304
Cold,682087,4085,4084,4,3,0,0.004455278
Cold,51267,338,337,4,3,0,0.002519586
Cold,101827,678,677,4,3,0,0.008677867
Cold,195150,1203,1202,4,3,0,0.0029828944
Cold,673073,4042,4041,4,3,0,0.012578607
Cold,257333,1579,1578,4,3,0,0.0124774445
Cold,916533,5539,5538,4,3,0,0.0082233725
Cold,331227,1958,1957,4,3,0,0.0040872255
Cold,115752,752,751,4,3,0,0.009682834
Cold,777570,4647,4646,4,3,0,0.011237174
Cold,342085,2015,2014,4,3,0,0.0063204532
Cold,193355,1194,1193,4,3,0,-0.0028961906
Cold,10127,73,72,8,7,0,0.002660133
Cold,27782,195,194,8,7,1,-0.0019842675
Cold,354634,2077,2076,8,7,0,-0.0043237014
Cold,11790,92,91,8,7,0,0.00047322456
Cold,342089,2015,2014,8,7,0,0.0031956984
Cold,376274,2195,2194,8,7,0,0.0025476536
Cold,807544,4834,4833,8,7,1,0.0036156015
Cold,171127,1088,1087,8,7,0,8.135568e-05
Cold,269604,1635,1634,9,8,0,0.009763275
Cold,252138,1527,1526,9,8,0,0.010342026
Cold,309201,1841,1840,9,8,0,0.0065628714
Cold,232647,1414,1413,9,8,1,-0.0014658214
Cold,232082,1408,1407,9,8,0,0.0045960406
Cold,226910,1377,1376,9,8,0,0.014691848
Cold,200237,1230,1229,9,8,0,0.010854831
Cold,267070,1624,1623,9,8,0,0.008263917
Cold,190225,1181,1180,9,8,1,0.00978845
Cold,171129,1088,1087,9,8,0,0.013783392
Cold,342092,2015,2014,9,8,0,0.006473006
Cold,154691,999,998,9,8,1,0.0011070811
Cold,157442,1012,1011,9,8,0,0.00048725342
Cold,270673,1639,1638,9,8,0,0.007487761
Cold,156431,1010,1009,9,8,0,0.0057188524
Cold,136191,881,880,9,8,0,0.0013169945
Cold,202266,1244,1243,9,8,0,0.0038415813
Cold,147256,949,948,9,8,0,-0.005434202
Cold,121822,785,784,9,8,1,0.005961709
Cold,105788,699,698,9,8,0,-0.0003017817
Cold,150347,970,969,9,8,0,0.00039960956
Cold,238485,1448,1447,9,8,0,-0.0043976875
Cold,83754,550,549,9,8,0,-0.0059452467
Cold,77075,524,523,9,8,0,0.00022832258
Cold,118936,770,769,9,8,0,0.001309005
Cold,82610,549,548,9,8,0,-0.0019816223
Cold,44139,302,301,9,8,0,0.005773024
Cold,626421,3792,3791,9,8,0,0.002866566
Cold,29000,199,198,9,8,0,0.0068844934
Cold,26034,185,184,9,8,0,0.0050574034
Cold,19745,149,148,9,8,0,-0.0049493583
Cold,13218,103,102,9,8,1,0.00013835309
Cold,26930,192,191,9,8,0,0.0070120385
Cold,10128,73,72,9,8,0,0.0038611493
Cold,30320,204,203,9,8,0,0.00069303624
Cold,354635,2077,2076,9,8,0,0.0007877301
Cold,571741,3507,3506,9,8,0,0.0018768514
Cold,237502,1447,1446,9,8,0,0.009778485
Cold,9649,65,64,9,8,1,0.0020476289
Cold,145667,937,936,9,8,1,0.002423011
Cold,621817,3768,3767,9,8,0,-0.0014356317
Cold,331233,1958,1957,9,8,0,0.008144482
Cold,518880,3201,3200,12,11,0,-0.004860191
Cold,566441,3476,3475,12,11,0,-0.0057194494
Cold,507330,3121,3120,12,11,0,-0.004637139
Cold,494433,3032,3031,12,11,1,-0.0041574473
Cold,472823,2907,2906,12,11,1,0.0028604784
Cold,463541,2857,2856,12,11,0,0.0008715552
Cold,430185,2621,2620,12,11,1,-0.0057772514
Cold,426593,2590,2589,12,11,0,-0.00063324056
Cold,419918,2537,2536,12,11,0,-0.005699036
Cold,418907,2529,2528,12,11,0,0.004819054
Cold,414740,2496,2495,12,11,0,-0.00011553452
Cold,400509,2383,2382,12,11,1,-0.008848483
Cold,399590,2378,2377,12,11,0,0.00072462345
Cold,397225,2352,2351,12,11,0,-0.0025407146
Cold,406811,2444,2443,12,11,1,-0.0061302413
Cold,374353,2181,2180,12,11,0,-0.004746602
Cold,370564,2166,2165,12,11,0,-0.0093820505
Cold,382533,2235,2234,12,11,1,0.0041943756
Cold,370052,2164,2163,12,11,0,-0.0063511385
Cold,368651,2155,2154,12,11,1,0.004668903
Cold,367554,2145,2144,12,11,1,-0.009105349
Cold,356051,2085,2084,12,11,0,-0.001996525
Cold,352237,2063,2062,12,11,0,-0.003950148
Cold,361866,2109,2108,12,11,0,-0.0004077684
Cold,347028,2035,2034,12,11,0,-0.0028017464
Cold,341775,2012,2011,12,11,0,-0.009645652
Cold,343743,2018,2017,12,11,0,0.0030366164
Cold,323527,1919,1918,12,11,1,-0.00012279802
Cold,288718,1725,1724,12,11,0,-0.007404142
Cold,279792,1680,1679,12,11,0,-0.014498526
Cold,277937,1676,1675,12,11,0,-0.01362244
Cold,271552,1641,1640,12,11,0,-0.00817896
Cold,267660,1626,1625,12,11,0,-0.0055994387
Cold,262341,1600,1599,12,11,0,0.0011353777
Cold,227297,1377,1376,12,11,0,-0.00914924
Cold,221842,1341,1340,12,11,1,-0.0036278514
Cold,223733,1354,1353,12,11,0,0.0031777746
Cold,213056,1297,1296,12,11,0,-0.005504937
Cold,273200,1647,1646,12,11,1,-0.007988242
Cold,350371,2056,2055,12,11,0,-0.0069835605
Cold,196692,1207,1206,12,11,0,0.00024726987
Cold,328581,1941,1940,12,11,1,-0.0066561718
Cold,178335,1120,1119,12,11,0,-0.003202231
Cold,175083,1109,1108,12,11,0,-0.0028435315
Cold,173816,1100,1099,12,11,0,-0.005403959
Cold,184107,1146,1145,12,11,0,-0.011812771
Cold,172969,1096,1095,12,11,0,-0.007669854
Cold,175728,1112,1111,12,11,0,-0.0048571317
Cold,272354,1645,1644,12,11,0,0.0015266556
Cold,158984,1016,1015,12,11,0,0.0012570741
Cold,159396,1017,1016,12,11,1,-0.0068089515
Cold,342738,2015,2014,12,11,1,-0.005472555
Cold,150224,967,966,12,11,0,-0.004391858
Cold,221571,1340,1339,12,11,0,-0.0055051195
Cold,157168,1010,1009,12,11,0,0.0002076365
Cold,136863,881,880,12,11,0,-0.011465348
Cold,134539,869,868,12,11,0,-0.009472938
Cold,138717,889,888,12,11,0,-0.0074984645
Cold,125621,808,807,12,11,0,0.0024682533
Cold,124319,800,799,12,11,1,-0.012540256
Cold,299780,1778,1777,12,11,0,-0.008752994
Cold,106279,699,698,12,11,0,-0.0038598438
Cold,109417,714,713,12,11,0,-0.006121363
Cold,99032,660,659,12,11,0,-0.0011384755
Cold,83447,549,548,12,11,0,-0.0110666035
Cold,81869,543,542,12,11,1,-0.0039055168
Cold,87116,569,568,12,11,0,-0.00263015
Cold,65535,438,437,12,11,0,-0.011273606
Cold,47988,321,320,12,11,0,-0.0054650125
Cold,44608,302,301,12,11,0,-0.009742264
Cold,36561,245,244,12,11,0,-0.0034934445
Cold,337189,1983,1982,12,11,0,-0.007143952
Cold,30939,207,206,12,11,0,-0.00013354793
Cold,235202,1425,1424,12,11,0,-0.0034299649
Cold,29930,202,201,12,11,0,-0.004028881
Cold,99891,667,666,12,11,0,0.0013913162
Cold,219298,1329,1328,12,11,0,-0.0031754072
Cold,192765,1186,1185,12,11,1,0.0011370817
Cold,14568,117,116,12,11,0,-0.009439771
Cold,801496,4802,4801,12,11,1,0.0006905636
Cold,120569,777,776,12,11,1,-0.0028714843
Cold,234302,1422,1421,12,11,0,-0.0011749906
Cold,696653,4169,4168,12,11,0,-0.009367054
Cold,585038,3571,3570,12,11,0,-0.0089881215
Cold,119472,770,769,12,11,0,0.002360267
Cold,238198,1447,1446,12,11,0,-0.0049178456
Cold,371109,2168,2167,12,11,1,0.00368507
Cold,249939,1505,1504,12,11,0,-0.0033666845
Cold,28264,195,194,12,11,0,-0.005153393
Cold,102545,678,677,12,11,0,-0.0048503764
Cold,35095,237,236,12,11,0,-0.006159984
Cold,11645,90,89,12,11,0,0.0008539276
Cold,79664,531,530,12,11,0,-0.0001032764
Cold,456575,2810,2809,12,11,0,-0.010754435
Cold,891648,5387,5386,12,11,0,-0.0058615603
Cold,474010,2909,2908,12,11,0,-0.003023851
Cold,718660,4305,4304,12,11,1,-0.013869269
Cold,63286,424,423,12,11,0,-0.0029623695
Cold,821610,4940,4939,12,11,1,0.007136976
Cold,160350,1019,1018,12,11,0,0.0040434133
Cold,363336,2116,2115,13,12,0,-0.009978668
Cold,335019,1976,1975,13,12,1,-0.0038798752
Cold,277938,1676,1675,13,12,0,-0.0031495283
Cold,255243,1553,1552,13,12,0,-0.0080769
Cold,247382,1495,1494,13,12,0,-5.6335703e-06
Cold,223199,1353,1352,13,12,0,-0.0024888888
Cold,279794,1680,1679,13,12,1,-0.0047449656
Cold,328582,1941,1940,13,12,1,-0.004052708
Cold,165821,1057,1056,13,12,0,-0.0007234374
Cold,276415,1671,1670,13,12,1,-0.009959547
Cold,157169,1010,1009,13,12,0,-0.0083413925
Cold,277128,1675,1674,13,12,1,-0.0079729855
Cold,127809,824,823,13,12,0,-0.013949221
Cold,126713,817,816,13,12,0,-0.0033921318
Cold,125423,807,806,13,12,1,0.0073327823
Cold,102940,681,680,13,12,1,0.0014699823
Cold,109418,714,713,13,12,1,-0.006046696
Cold,86226,563,562,13,12,0,0.008212522
Cold,81288,541,540,13,12,0,0.005368014
Cold,80777,536,535,13,12,1,-0.005743746
Cold,14084,114,113,13,12,1,-0.0023700031
Cold,10528,75,74,13,12,1,-0.0062627755
Cold,7167,49,48,13,12,1,-0.009645821
Cold,5452,38,37,13,12,0,0.01159946
Cold,633538,3824,3823,13,12,0,-0.010714811
Cold,234303,1422,1421,13,12,0,0.0057733646
Cold,552581,3401,3400,13,12,0,-0.0070145275
Cold,139262,890,889,13,12,1,-0.0033611974
Cold,334002,1969,1968,13,12,1,0.0015384192
Cold,240436,1449,1448,13,12,0,-0.009690726
Cold,376455,2195,2194,13,12,0,-0.0032239468
Cold,263610,1605,1604,13,12,0,-0.0020575915
Cold,829961,4983,4982,13,12,1,0.0026884777
Cold,195695,1203,1202,13,12,0,-0.0035700218
Cold,171996,1088,1087,13,12,0,-0.005152776
Cold,352238,2063,2062,13,12,0,-0.0014627932
Cold,207085,1266,1265,13,12,0,0.0017343026
Cold,821611,4940,4939,13,12,1,-0.003559549
Cold,489310,3012,3011,13,12,0,-0.009445126
Cold,738235,4411,4410,14,13,0,0.005049526
Cold,489311,3012,3011,14,13,0,0.0010569476
Cold,478236,2934,2933,14,13,0,0.0047221887
Cold,474011,2909,2908,14,13,1,0.0012924853
Cold,852693,5113,5112,14,13,0,-0.0020324322
Cold,455928,2807,2806,14,13,1,-0.008685218
Cold,451137,2777,2776,14,13,1,-0.0052660056
Cold,696655,4169,4168,14,13,0,-0.0051278705
Cold,433756,2643,2642,14,13,0,-0.007122943
Cold,425421,2581,2580,14,13,0,-0.0009247862
Cold,464311,2860,2859,14,13,1,0.0010598003
Cold,411647,2472,2471,14,13,0,0.0025394666
Cold,399223,2376,2375,14,13,1,0.0021072014
Cold,399973,2380,2379,14,13,1,-0.0014382667
Cold,392468,2304,2303,14,13,0,-0.0023169229
Cold,390157,2288,2287,14,13,1,-0.0027483753
Cold,377962,2205,2204,14,13,0,0.0038531811
Cold,375366,2187,2186,14,13,0,-0.0041019376
Cold,368486,2153,2152,14,13,1,-0.0060605947
Cold,359542,2102,2101,14,13,0,0.0032269154
Cold,351049,2060,2059,14,13,0,0.0030293562
Cold,343744,2018,2017,14,13,1,0.0025296225
Cold,302894,1799,1798,14,13,1,-0.004837663
Cold,310181,1845,1844,14,13,0,0.000173721
Cold,275234,1666,1665,14,13,0,-0.0008914983
Cold,280962,1685,1684,14,13,1,0.0005474759
Cold,266923,1620,1619,14,13,1,0.0040397844
Cold,266019,1613,1612,14,13,0,-0.011998085
Cold,245144,1478,1477,14,13,1,-0.0040311683
Cold,242973,1465,1464,14,13,1,-0.004536612
Cold,325560,1926,1925,14,13,1,-0.01364029
Cold,216622,1315,1314,14,13,0,-0.0021832325
Cold,273201,1647,1646,14,13,0,-0.0022787843
Cold,204103,1255,1254,14,13,1,0.007169758
Cold,213644,1298,1297,14,13,1,0.00556853
Cold,211262,1285,1284,14,13,1,0.0011836294
Cold,307652,1835,1834,14,13,1,-0.0053202384
Cold,180430,1128,1127,14,13,1,-0.00439787
Cold,334744,1974,1973,14,13,1,0.0055215876
Cold,320278,1899,1898,14,13,1,-0.004002334
Cold,323989,1920,1919,14,13,0,0.0024839847
Cold,221572,1340,1339,14,13,0,-0.0027178396
Cold,157170,1010,1009,14,13,0,-0.006380769
Cold,136864,881,880,14,13,0,-0.011951357
Cold,154984,999,998,14,13,0,-0.0011570187
Cold,127810,824,823,14,13,0,-0.0038228708
Cold,235666,1426,1425,14,13,0,0.00078721275
Cold,100979,673,672,14,13,0,-0.0021051506
Cold,200136,1228,1227,14,13,0,-0.0035841034
Cold,284453,1698,1697,14,13,1,-0.0024930153
Cold,77808,524,523,14,13,1,0.004988514
Cold,239241,1448,1447,14,13,1,0.006993844
Cold,53862,352,351,14,13,1,-0.00071243185
Cold,68277,457,456,14,13,1,0.0028162606
Cold,47558,319,318,14,13,1,-0.002758457
Cold,45021,303,302,14,13,1,-0.0066673225
Cold,44609,302,301,14,13,1,-0.007610321
Cold,243450,1467,1466,14,13,1,-0.004422844
Cold,43459,299,298,14,13,1,-0.006352965
Cold,38332,261,260,14,13,1,-0.0008541087
Cold,26477,187,186,14,13,1,0.0019088422
Cold,17555,136,135,14,13,1,-0.0075497124
Cold,314414,1877,1876,14,13,1,-0.0025996221
Cold,9956,69,68,14,13,1,0.00070799375
Cold,651,8,7,14,13,1,-0.005008243
Cold,276416,1671,1670,14,13,1,-0.0033545203
Cold,15661,123,122,14,13,1,0.00039682142
Cold,412170,2478,2477,14,13,1,-0.0049061887
Cold,363337,2116,2115,14,13,1,-0.00021132542
Cold,355127,2077,2076,14,13,0,0.0014175039
Cold,129635,839,838,14,13,0,-0.00038921495
Cold,762221,4528,4527,14,13,1,-0.008116413
Cold,300523,1780,1779,14,13,1,-0.003430923
Cold,777928,4647,4646,14,13,1,0.0009035007
Cold,257880,1579,1578,14,13,0,0.0046749506
Cold,713314,4277,4276,14,13,1,-0.0013080658
Cold,567676,3483,3482,14,13,1,-0.0074762884
Cold,558269,3428,3427,14,13,1,-0.003655702
Cold,160351,1019,1018,14,13,1,-0.0016393529
Cold,204707,1260,1259,14,13,0,-0.0027981163
Cold,329532,1943,1942,14,13,0,0.0012992828
Cold,532349,3285,3284,14,13,1,-0.010954682
Cold,195696,1203,1202,14,13,1,-0.013042573
Cold,992910,5998,5997,14,13,1,-0.002348361
Cold,476456,2926,2925,14,13,1,-0.0001676291
Cold,287840,1717,1716,14,13,1,-0.0036827382
Cold,285472,1701,1700,14,13,0,0.002685288
Cold,217274,1317,1316,14,13,1,-0.0012605446
Cold,371806,2172,2171,14,13,1,-0.005560419
Cold,226218,1369,1368,14,13,0,-0.001048333
Cold,215676,1306,1305,14,13,1,0.0006793693
Cold,322647,1912,1911,14,13,0,0.0018957113
Cold,841236,5054,5053,14,13,1,0.0018413446
Cold,486728,2995,2994,15,14,0,-0.0035397382
Cold,485477,2987,2986,15,14,0,-0.006678637
Cold,483380,2970,2969,15,14,0,0.000545972
Cold,852695,5113,5112,15,14,0,0.005298379
Cold,474012,2909,2908,15,14,1,-0.0019074313
Cold,461892,2848,2847,15,14,0,0.005966152
Cold,460412,2840,2839,15,14,0,0.0041125678
Cold,455464,2804,2803,15,14,1,0.007388785
Cold,448099,2761,2760,15,14,0,-0.002391484
Cold,392469,2304,2303,15,14,0,0.0024625515
Cold,377414,2203,2202,15,14,1,0.001866758
Cold,356527,2088,2087,15,14,0,-0.011705566
Cold,349976,2054,2053,15,14,0,0.0037183696
Cold,340890,2010,2009,15,14,0,0.0057785613
Cold,341776,2012,2011,15,14,0,0.0033802073
Cold,343211,2016,2015,15,14,1,0.0021741097
Cold,337190,1983,1982,15,14,1,0.0032941448
Cold,330199,1948,1947,15,14,0,-0.0064334655
Cold,315507,1880,1879,15,14,0,-0.0054645846
Cold,289477,1727,1726,15,14,0,-0.0009005063
Cold,289013,1726,1725,15,14,0,0.004101809
Cold,256386,1564,1563,15,14,0,0.002689681
Cold,259628,1587,1586,15,14,0,-0.006438524
Cold,241664,1454,1453,15,14,0,0.00715081
Cold,337547,1984,1983,15,14,0,0.00019992515
Cold,221574,1340,1339,15,14,0,0.000700281
Cold,244168,1470,1469,15,14,0,-0.005794788
Cold,279796,1680,1679,15,14,0,-0.0006136324
Cold,193282,1193,1192,15,14,0,-0.0047887424
Cold,183327,1141,1140,15,14,0,-0.0027566282
Cold,196694,1207,1206,15,14,0,0.0051863887
Cold,328584,1941,1940,15,14,0,-0.0010916177
Cold,161612,1030,1029,15,14,0,0.015273163
Cold,227704,1380,1379,15,14,0,-0.006244268
Cold,275704,1667,1666,15,14,0,-0.0014730375
Cold,342741,2015,2014,15,14,0,-0.0049919165
Cold,154985,999,998,15,14,0,0.003970135
Cold,153263,984,983,15,14,0,0.009643156
Cold,249345,1502,1501,15,14,0,-0.0024892432
Cold,140959,906,905,15,14,0,-0.007901892
Cold,217276,1317,1316,15,14,0,0.003153113
Cold,277130,1675,1674,15,14,0,-0.0030949526
Cold,138721,889,888,15,14,0,-0.0042213947
Cold,134540,869,868,15,14,0,0.008440606
Cold,122250,788,787,15,14,0,0.0006325906
Cold,223735,1354,1353,15,14,1,0.005398025
Cold,119473,770,769,15,14,0,0.00022017537
Cold,112669,731,730,15,14,1,-0.011507432
Cold,111009,721,720,15,14,1,0.0033494025
Cold,106280,699,698,15,14,0,0.0051511056
Cold,118481,765,764,15,14,1,0.0030445994
Cold,96494,647,646,15,14,0,0.0043070046
Cold,235204,1425,1424,15,14,0,0.0019450015
Cold,90171,594,593,15,14,0,-0.0013627006
Cold,228489,1383,1382,15,14,0,0.001603022
Cold,291641,1737,1736,15,14,1,0.0018950095
Cold,77810,524,523,15,14,0,0.0064561805
Cold,80365,533,532,15,14,0,0.0014224325
Cold,58970,401,400,15,14,0,-0.0076948875
Cold,53865,352,351,15,14,0,5.7822326e-05
Cold,50890,335,334,15,14,0,0.0049998593
Cold,83449,549,548,15,14,0,-0.0050934255
Cold,44610,302,301,15,14,0,0.005896873
Cold,63975,426,425,15,14,0,0.0032506955
Cold,38053,260,259,15,14,1,0.002859215
Cold,38333,261,260,15,14,0,0.003149294
Cold,32961,223,222,15,14,0,-0.010321183
Cold,19501,148,147,15,14,1,0.0051966193
Cold,13285,103,102,15,14,1,0.0009809559
Cold,12951,100,99,15,14,0,-0.0013535586
Cold,17186,134,133,15,14,0,-0.0029368566
Cold,6896,48,47,15,14,0,0.0008785074
Cold,696657,4169,4168,15,14,0,-0.010816589
Cold,238200,1447,1446,15,14,0,0.001964008
Cold,49513,329,328,15,14,0,0.00025121612
Cold,109919,716,715,15,14,1,0.012781175
Cold,828805,4979,4978,15,14,0,0.005452032
Cold,241410,1451,1450,15,14,0,-4.975684e-05
Cold,102546,678,677,15,14,0,0.0074028037
Cold,633539,3824,3823,15,14,0,-0.005190347
Cold,599434,3648,3647,15,14,0,-0.0006523086
Cold,609734,3695,3694,15,14,1,0.00089945877
Cold,941498,5682,5681,15,14,0,0.010048242
Cold,311361,1854,1853,15,14,0,0.0012961826
Cold,656152,3953,3952,15,14,0,-0.0010031664
Cold,193851,1194,1193,15,14,0,-0.00022495748
Cold,713318,4277,4276,18,17,0,-0.00015611807
Cold,545075,3361,3360,18,17,1,0.00820742
Cold,542407,3336,3335,18,17,0,0.007430438
Cold,532352,3285,3284,18,17,1,-0.00499335
Cold,561684,3454,3453,18,17,1,0.0017463493
Cold,531231,3280,3279,18,17,1,0.0011622087
Cold,515672,3182,3181,18,17,0,0.002260638
Cold,509655,3139,3138,18,17,0,0.011604331
Cold,522877,3224,3223,18,17,0,0.0039365077
Cold,492943,3029,3028,18,17,0,-0.007321807
Cold,487986,3001,3000,18,17,1,0.0020688563
Cold,689961,4126,4125,18,17,1,0.0029079136
Cold,474800,2913,2912,18,17,0,0.0052580032
Cold,879952,5317,5316,18,17,0,0.0016098316
Cold,463546,2857,2856,18,17,0,-0.004313634
Cold,540811,3327,3326,18,17,0,-0.0015488416
Cold,564679,3471,3470,18,17,1,0.0009594953
Cold,438411,2679,2678,18,17,0,0.0039029764
Cold,429526,2615,2614,18,17,0,-0.0036952163
Cold,390159,2288,2287,18,17,0,0.0016897048
Cold,361871,2109,2108,18,17,1,0.00160804
Cold,371807,2172,2171,18,17,0,-0.001314499
Cold,340892,2010,2009,18,17,0,0.0050316737
Cold,281713,1689,1688,18,17,1,-0.0039601177
Cold,296173,1757,1756,18,17,0,0.002088375
Cold,279803,1680,1679,18,17,0,0.0085454825
Cold,266023,1613,1612,18,17,1,0.0053485907
Cold,333514,1968,1967,18,17,0,0.006607767
Cold,231205,1399,1398,18,17,1,0.011944669
Cold,277942,1676,1675,18,17,1,0.0055325925
Cold,215051,1303,1302,18,17,0,0.005949268
Cold,185694,1150,1149,18,17,0,-0.001023998
Cold,307656,1835,1834,18,17,0,-0.0015614687
Cold,184110,1146,1145,18,17,0,0.008528213
Cold,164015,1050,1049,18,17,0,-0.0038671116
Cold,230631,1395,1394,18,17,1,-0.00044669094
Cold,213061,1297,1296,18,17,1,0.0060422025
Cold,270171,1635,1634,18,17,0,0.009399134
Cold,221578,1340,1339,18,17,0,0.0024993126
Cold,168031,1068,1067,18,17,0,-0.00020147953
Cold,157176,1010,1009,18,17,0,0.00315052
Cold,135820,877,876,18,17,0,0.005757236
Cold,233481,1420,1419,18,17,0,0.0021939327
Cold,132074,854,853,18,17,0,0.0016676195
Cold,352244,2063,2062,18,17,1,-0.0026515108
Cold,125050,802,801,18,17,1,-0.0001747385
Cold,178337,1120,1119,18,17,1,0.00011803722
Cold,223739,1354,1353,18,17,0,0.00057131576
Cold,103504,687,686,18,17,1,-0.008132308
Cold,177170,1117,1116,18,17,1,-0.0069412123
Cold,240441,1449,1448,18,17,0,0.012212549
Cold,108254,710,709,18,17,1,0.0015869471
Cold,631778,3821,3820,18,17,0,-0.00014594203
Cold,284458,1698,1697,18,17,0,0.00072148046
Cold,90771,601,600,18,17,0,0.00363007
Cold,320871,1902,1901,18,17,1,0.008028956
Cold,77815,524,523,18,17,0,0.004305088
Cold,251245,1516,1515,18,17,0,0.0080373995
Cold,75048,509,508,18,17,1,-0.0015634788
Cold,54743,357,356,18,17,1,0.0005036914
Cold,68280,457,456,18,17,0,0.0041050245
Cold,47565,319,318,18,17,0,0.0012821887
Cold,44613,302,301,18,17,0,0.0027196314
Cold,43250,296,295,18,17,0,-0.0031546624
Cold,58120,392,391,18,17,0,0.0024596099
Cold,239248,1448,1447,18,17,0,-0.003850884
Cold,696662,4169,4168,18,17,0,0.0037080448
Cold,38337,261,260,18,17,1,-0.0045617144
Cold,37236,253,252,18,17,0,0.010358762
Cold,43460,299,298,18,17,0,-0.0025303476
Cold,404062,2414,2413,18,17,1,0.00056422176
Cold,23162,166,165,18,17,0,-0.0033384934
Cold,290489,1733,1732,18,17,0,6.12993e-05
Cold,7812,53,52,18,17,1,-0.0021981588
Cold,104515,692,691,18,17,1,0.0010723014
Cold,686622,4107,4106,18,17,1,0.0018942199
Cold,158576,1015,1014,18,17,0,-0.001144683
Cold,245581,1483,1482,18,17,1,-0.015187908
Cold,355131,2077,2076,18,17,1,0.0034878459
Cold,78640,528,527,18,17,0,0.005257302
Cold,150757,970,969,18,17,0,-0.0005411657
Cold,363340,2116,2115,18,17,0,-0.0034226435
Cold,709812,4258,4257,18,17,0,0.0072258357
Cold,257883,1579,1578,18,17,0,0.0016403795
Cold,317897,1889,1888,18,17,1,0.0015305498
Cold,28270,195,194,18,17,1,0.01054536
Cold,556618,3420,3419,18,17,1,-0.006723736
Cold,599437,3648,3647,18,17,0,0.0016722996
Cold,907705,5492,5491,18,17,0,-0.0013231572
Cold,609736,3695,3694,18,17,0,-0.00525601
Cold,893065,5394,5393,18,17,0,0.010060761
Cold,565747,3475,3474,18,17,0,0.005835194
Cold,53039,349,348,18,17,0,-0.0028857077
Cold,583635,3562,3561,18,17,0,0.006732968
Cold,235206,1425,1424,18,17,0,0.002570103
Cold,116530,752,751,18,17,1,-0.0037473203
Cold,160356,1019,1018,18,17,0,0.0023458772
Cold,558906,3432,3431,20,19,0,-0.0020154254
Cold,557006,3422,3421,20,19,0,5.764421e-06
Cold,550524,3391,3390,20,19,0,0.0022153396
Cold,542415,3336,3335,20,19,0,0.00186466
Cold,537439,3311,3310,20,19,0,0.0006465876
Cold,520422,3209,3208,20,19,0,-0.014132795
Cold,517102,3191,3190,20,19,0,-0.005629684
Cold,516635,3189,3188,20,19,0,-0.0026281197
Cold,575544,3519,3518,20,19,1,0.005713448
Cold,494456,3032,3031,20,19,1,-0.0063013574
Cold,486397,2994,2993,20,19,0,-0.0035337554
Cold,472841,2907,2906,20,19,0,-0.0052556987
Cold,474033,2909,2908,20,19,1,0.008159548
Cold,468137,2886,2885,20,19,1,-0.003618057
Cold,463556,2857,2856,20,19,0,0.0044373246
Cold,460418,2840,2839,20,19,0,0.0036857992
Cold,487188,2996,2995,20,19,0,0.007601115
Cold,477577,2931,2930,20,19,0,-0.004541426
Cold,594962,3620,3619,20,19,0,0.00066139735
Cold,399593,2378,2377,20,19,0,-0.002912052
Cold,392482,2304,2303,20,19,0,0.0006561966
Cold,377431,2203,2202,20,19,1,-0.0023320543
Cold,375197,2186,2185,20,19,0,-0.0017787161
Cold,368005,2148,2147,20,19,0,0.0011509745
Cold,368913,2156,2155,20,19,0,0.004446085
Cold,361885,2109,2108,20,19,0,-0.0072462778
Cold,352259,2063,2062,20,19,0,0.0056030205
Cold,340901,2010,2009,20,19,0,-0.0031109976
Cold,297700,1764,1763,20,19,1,-0.0012438083
Cold,303621,1803,1802,20,19,1,0.0034726397
Cold,289019,1726,1725,20,19,0,-0.002324976
Cold,275243,1666,1665,20,19,0,-0.0067211706
Cold,271336,1640,1639,20,19,0,-0.0064881714
Cold,257896,1579,1578,20,19,0,-0.0018901764
Cold,256388,1564,1563,20,19,0,-0.0057971757
Cold,303120,1800,1799,20,19,0,0.0059511065
Cold,244334,1471,1470,20,19,0,-0.0028187
Cold,301862,1793,1792,20,19,0,0.0028631531
Cold,224771,1358,1357,20,19,0,0.0032648193
Cold,233187,1418,1417,20,19,0,0.012620507
Cold,227305,1377,1376,20,19,0,-0.004718189
Cold,244178,1470,1469,20,19,0,0.0026565958
Cold,320876,1902,1901,20,19,0,-0.005412095
Cold,191387,1181,1180,20,19,0,-0.0064878184
Cold,186687,1155,1154,20,19,0,-0.0035954574
Cold,328623,1941,1940,20,19,0,0.0022519708
Cold,164022,1050,1049,20,19,0,0.009887275
Cold,161615,1030,1029,20,19,0,0.0064774947
Cold,275710,1667,1666,20,19,0,-0.0028263768
Cold,342758,2015,2014,20,19,0,0.0004931451
Cold,154995,999,998,20,19,0,0.0045973533
Cold,136879,881,880,20,19,0,0.0012418188
Cold,135825,877,876,20,19,0,0.0040756366
Cold,202664,1244,1243,20,19,0,0.0060697016
Cold,263635,1605,1604,20,19,0,-0.0052846298
Cold,120807,778,777,20,19,0,-0.004273452
Cold,116911,753,752,20,19,0,-0.0021364908
Cold,113617,736,735,20,19,0,0.0012080406
Cold,240466,1449,1448,20,19,0,0.0032254304
Cold,299788,1778,1777,20,19,1,0.0031887866
Cold,106288,699,698,20,19,0,-0.0022325981
Cold,108263,710,709,20,19,0,-0.00071913213
Cold,110190,718,717,20,19,0,0.00017919263
Cold,96240,646,645,20,19,0,0.008909459
Cold,886973,5359,5358,20,19,0,-0.005971863
Cold,150766,970,969,20,19,0,0.0025141102
Cold,291652,1737,1736,20,19,1,-0.0018905697
Cold,239264,1448,1447,20,19,1,-0.0030243539
Cold,77827,524,523,20,19,0,-0.00055476185
Cold,119488,770,769,20,19,0,-0.0028610886
Cold,59762,406,405,20,19,0,3.7632068e-05
Cold,54745,357,356,20,19,0,-0.003360234
Cold,53890,352,351,20,19,0,0.0045131324
Cold,334019,1969,1968,20,19,0,-0.001963519
Cold,68282,457,456,20,19,0,-0.0039556706
Cold,44638,302,301,20,19,0,0.0056420923
Cold,696681,4169,4168,20,19,0,0.0019942897
Cold,145487,935,934,20,19,0,0.0006797849
Cold,55665,368,367,20,19,0,0.005029077
Cold,627051,3792,3791,20,19,0,-0.006500992
Cold,219306,1329,1328,20,19,0,0.003794861
Cold,29957,202,201,20,19,0,-0.009375203
Cold,29266,199,198,20,19,0,-0.0026081172
Cold,23353,167,166,20,19,0,0.009569754
Cold,22626,163,162,20,19,0,0.0055915075
Cold,28293,195,194,20,19,1,0.0072043184
Cold,27258,192,191,20,19,0,-0.0062906104
Cold,17193,134,133,20,19,0,0.0019631647
Cold,15680,123,122,20,19,0,-0.0039077974
Cold,30580,204,203,20,19,0,0.0033607327
Cold,198486,1219,1218,20,19,0,0.002690691
Cold,355140,2077,2076,20,19,0,-0.0037850887
Cold,552599,3401,3400,20,19,0,-0.008133315
Cold,50240,331,330,20,19,0,-0.001122176
Cold,777943,4647,4646,20,19,0,0.0011927942
Cold,538148,3312,3311,20,19,0,-0.0060701193
Cold,599442,3648,3647,20,19,0,0.009563224
Cold,720189,4312,4311,20,19,0,0.009060783
Cold,215688,1306,1305,20,19,1,0.0011427049
Cold,273223,1647,1646,20,19,0,-0.0027185339
Cold,688190,4116,4115,23,22,1,0.004117828
Cold,567692,3483,3482,23,22,0,0.019480856
Cold,487991,3001,3000,23,22,1,0.0021554474
Cold,483133,2968,2967,23,22,0,-0.0017973953
Cold,477271,2929,2928,23,22,0,-0.005784073
Cold,472844,2907,2906,23,22,1,-0.0014773044
Cold,474038,2909,2908,23,22,0,0.0016417434
Cold,564693,3471,3470,23,22,0,0.011673212
Cold,463559,2857,2856,23,22,0,-0.0001957342
Cold,460422,2840,2839,23,22,0,0.00094624795
Cold,492962,3029,3028,23,22,0,0.010193489
Cold,453992,2793,2792,23,22,1,0.009316579
Cold,451153,2777,2776,23,22,0,0.0038194752
Cold,429277,2611,2610,23,22,0,0.0055852635
Cold,410029,2458,2457,23,22,0,0.012097865
Cold,363364,2116,2115,23,22,0,-0.004297587
Cold,359814,2104,2103,23,22,1,-0.0052839033
Cold,358631,2098,2097,23,22,0,0.010479104
Cold,352263,2063,2062,23,22,0,0.0044339127
Cold,358980,2100,2099,23,22,0,0.01746381
Cold,300936,1785,1784,23,22,0,0.00803676
Cold,296179,1757,1756,23,22,0,0.00054962584
Cold,275245,1666,1665,23,22,1,0.00029272027
Cold,299791,1778,1777,23,22,0,0.003453031
Cold,266039,1613,1612,23,22,0,0.011833802
Cold,333520,1968,1967,23,22,0,0.015136315
Cold,252767,1531,1530,23,22,0,-0.0026056906
Cold,392487,2304,2303,23,22,1,0.006646945
Cold,218770,1326,1325,23,22,0,-0.0030713433
Cold,216089,1311,1310,23,22,0,-6.6885725e-05
Cold,277955,1676,1675,23,22,0,-0.0072785513
Cold,205006,1261,1260,23,22,1,0.0077563627
Cold,192590,1185,1184,23,22,0,0.013850995
Cold,328630,1941,1940,23,22,0,0.014547709
Cold,163485,1047,1046,23,22,0,0.008543219
Cold,164026,1050,1049,23,22,0,-0.002377485
Cold,191393,1181,1180,23,22,0,0.005078414
Cold,157189,1010,1009,23,22,0,0.013109736
Cold,118752,767,766,23,22,1,0.00036974857
Cold,121300,780,779,23,22,0,0.007853908
Cold,106292,699,698,23,22,0,-0.0024886602
Cold,116549,752,751,23,22,0,0.0065744165
Cold,179806,1125,1124,23,22,1,0.013560692
Cold,100312,669,668,23,22,1,0.005234874
Cold,111027,721,720,23,22,1,0.008556189
Cold,108267,710,709,23,22,0,0.010892465
Cold,77831,524,523,23,22,0,0.003450235
Cold,55062,363,362,23,22,0,0.0026667248
Cold,44641,302,301,23,22,0,0.01140064
Cold,221592,1340,1339,23,22,0,0.001978428
Cold,7243,50,49,23,22,0,0.0018439721
Cold,104525,692,691,23,22,0,0.0075118276
Cold,109926,716,715,23,22,1,0.009338068
Cold,696687,4169,4168,23,22,0,-0.0004911977
Cold,19522,148,147,23,22,0,0.0034356285
Cold,78654,528,527,23,22,0,0.009173092
Cold,355142,2077,2076,23,22,0,0.008130217
Cold,399982,2380,2379,23,22,0,0.008797669
Cold,150769,970,969,23,22,0,0.0009406628
Cold,550528,3391,3390,23,22,0,0.00058487663
Cold,317908,1889,1888,23,22,1,0.0133753605
Cold,599446,3648,3647,23,22,0,0.00550273
Cold,238221,1447,1446,23,22,0,0.01232858
Cold,609738,3695,3694,23,22,1,0.0052880347
Cold,662103,3992,3991,23,22,1,0.0061232653
Cold,468627,2887,2886,23,22,0,0.005139896
Cold,266043,1613,1612,26,25,1,0.0035543656
Cold,252209,1527,1526,26,25,0,-0.004236432
Cold,354304,2073,2072,26,25,1,0.0017819717
Cold,232602,1413,1412,26,25,0,-0.0035605393
Cold,224322,1356,1355,26,25,0,0.00952588
Cold,209570,1279,1278,26,25,0,0.0006155396
Cold,191976,1182,1181,26,25,0,0.0031179236
Cold,185723,1150,1149,26,25,0,0.0067391135
Cold,263641,1605,1604,26,25,0,0.010750861
Cold,168661,1069,1068,26,25,0,-0.0013532778
Cold,195719,1203,1202,26,25,1,0.0028976644
Cold,178356,1120,1119,26,25,0,0.0063113268
Cold,115152,748,747,26,25,1,0.001621688
Cold,216505,1314,1313,26,25,0,0.0055073267
Cold,299793,1778,1777,26,25,1,0.009938965
Cold,97966,655,654,26,25,0,-0.0023852736
Cold,151304,973,972,26,25,1,-0.0025632847
Cold,77834,524,523,26,25,0,0.009129058
Cold,51947,342,341,26,25,1,0.00016454933
Cold,139265,890,889,26,25,0,-0.00022095675
Cold,696691,4169,4168,26,25,0,0.0073012435
Cold,270183,1635,1634,26,25,1,0.00019162381
Cold,599447,3648,3647,26,25,0,0.00312697
Cold,9962,69,68,26,25,1,0.0043316176
Cold,2073,18,17,26,25,1,0.0044788076
Cold,142231,918,917,26,25,1,0.008173072
Cold,223754,1354,1353,26,25,0,-0.0008179471
Cold,158604,1015,1014,26,25,0,0.0070597166
Cold,149739,963,962,26,25,1,0.013270283
Cold,932591,5630,5629,26,25,1,7.16293e-05
Cold,238225,1447,1446,26,25,1,-0.004289802
Cold,285491,1701,1700,26,25,1,0.009305646
Cold,136888,881,880,26,25,0,0.010297008
Cold,699765,4186,4185,26,25,0,0.015146
Cold,717052,4294,4293,26,25,0,0.0025704135
Cold,375944,2190,2189,26,25,1,-0.0019028711
Cold,295752,1755,1754,26,25,1,0.0032772226
Cold,33990,229,228,26,25,1,0.0016012893
Cold,241438,1451,1450,26,25,1,-0.0009170212
Cold,550532,3391,3390,26,25,1,-0.005129137
Cold,295753,1755,1754,27,26,0,-0.0030513355
Cold,713347,4277,4276,28,27,1,-0.00029901275
Cold,653695,3940,3939,28,27,1,-0.00089601986
Cold,647179,3895,3894,28,27,0,0.001073431
Cold,637416,3838,3837,28,27,0,-0.005737634
Cold,635467,3830,3829,28,27,0,-0.0021110433
Cold,625346,3779,3778,28,27,1,-0.00025428552
Cold,623120,3770,3769,28,27,1,0.0018087351
Cold,606236,3682,3681,28,27,1,0.00578091
Cold,597585,3635,3634,28,27,1,-0.00456524
Cold,595568,3622,3621,28,27,1,0.0005819709
Cold,586808,3583,3582,28,27,1,-0.005146089
Cold,579697,3539,3538,28,27,1,-8.5317064e-05
Cold,570756,3501,3500,28,27,1,-0.0017011033
Cold,568808,3490,3489,28,27,0,-0.005560125
Cold,565236,3474,3473,28,27,1,-0.0027174412
Cold,560519,3445,3444,28,27,1,-0.005036968
Cold,553030,3402,3401,28,27,0,0.0020356146
Cold,543644,3348,3347,28,27,1,0.0021835696
Cold,522910,3224,3223,28,27,0,-0.0027602194
Cold,518525,3200,3199,28,27,1,-0.0026424176
Cold,518158,3197,3196,28,27,0,0.0088422
Cold,513100,3163,3162,28,27,1,-0.0055740224
Cold,526279,3253,3252,28,27,1,-0.0061515695
Cold,510327,3143,3142,28,27,1,-0.009086642
Cold,768841,4579,4578,28,27,0,-0.004528473
Cold,500759,3075,3074,28,27,0,-0.001234745
Cold,496234,3049,3048,28,27,1,-0.0011963623
Cold,490399,3017,3016,28,27,1,-0.0052076452
Cold,480669,2950,2949,28,27,1,0.0038198687
Cold,478261,2934,2933,28,27,1,0.00044379244
Cold,466206,2874,2873,28,27,0,-0.0078991465
Cold,447003,2753,2752,28,27,1,-0.011827817
Cold,441583,2709,2708,28,27,1,-0.006492839
Cold,696693,4169,4168,28,27,0,0.004195502
Cold,427654,2597,2596,28,27,1,0.008331482
Cold,425019,2579,2578,28,27,1,-0.0028422375
Cold,416888,2507,2506,28,27,1,-0.0046531907
Cold,401779,2396,2395,28,27,1,0.00030976348
Cold,401831,2397,2396,28,27,1,0.0017625014
Cold,400521,2383,2382,28,27,1,-0.0036474864
Cold,386429,2259,2258,28,27,1,-0.010779465
Cold,383011,2237,2236,28,27,1,-0.00094822247
Cold,348208,2041,2040,28,27,1,-0.007654402
Cold,330580,1951,1950,28,27,0,-0.007272332
Cold,324780,1924,1923,28,27,0,0.0013465174
Cold,321754,1908,1907,28,27,0,0.0042232433
Cold,317020,1884,1883,28,27,1,0.00042897975
Cold,302710,1797,1796,28,27,1,0.0036551578
Cold,282377,1693,1692,28,27,1,-0.00023438467
Cold,292524,1741,1740,28,27,1,0.000622001
Cold,269549,1634,1633,28,27,1,0.0060481764
Cold,257142,1576,1575,28,27,1,0.0070037777
Cold,241713,1455,1454,28,27,1,-0.0017757106
Cold,228987,1387,1386,28,27,0,-0.00029817177
Cold,225904,1368,1367,28,27,1,0.0031099217
Cold,276442,1671,1670,28,27,1,-0.008055688
Cold,218321,1323,1322,28,27,1,0.009867125
Cold,216623,1315,1314,28,27,1,0.0066311415
Cold,199617,1224,1223,28,27,1,0.005962545
Cold,338334,1988,1987,28,27,1,-0.0067299795
Cold,189106,1172,1171,28,27,1,-0.011760424
Cold,184455,1147,1146,28,27,1,0.009296786
Cold,316383,1883,1882,28,27,0,0.008718235
Cold,201772,1242,1241,28,27,0,-0.0021556646
Cold,174516,1103,1102,28,27,1,-0.00729625
Cold,169140,1073,1072,28,27,1,-0.00069031795
Cold,167544,1067,1066,28,27,1,-0.0022608263
Cold,158992,1016,1015,28,27,1,0.0030371647
Cold,320303,1899,1898,28,27,1,0.002426092
Cold,158605,1015,1014,28,27,1,-0.012375998
Cold,185726,1150,1149,28,27,0,0.005293698
Cold,140351,899,898,28,27,0,0.0024169486
Cold,138756,889,888,28,27,1,-0.003545905
Cold,123723,797,796,28,27,1,-0.004844963
Cold,132662,855,854,28,27,1,0.002324745
Cold,187792,1164,1163,28,27,1,0.0051015685
Cold,305267,1813,1812,28,27,1,-0.0029503442
Cold,341261,2011,2010,28,27,1,0.0017297671
Cold,631796,3821,3820,28,27,0,-0.005666801
Cold,98188,656,655,28,27,1,0.011118565
Cold,85330,556,555,28,27,1,-0.0063799853
Cold,191397,1181,1180,28,27,0,0.012762377
Cold,69334,464,463,28,27,1,0.0009585242
Cold,820915,4934,4933,28,27,1,-0.010971639
Cold,949223,5734,5733,28,27,1,0.0022673926
Cold,51496,338,337,28,27,1,-0.0042488985
Cold,50252,331,330,28,27,1,0.00044545112
Cold,34777,235,234,28,27,1,-0.001469735
Cold,796141,4771,4770,28,27,0,0.0007190389
Cold,462066,2849,2848,28,27,1,-0.0067411484
Cold,17936,138,137,28,27,1,-0.008039579
Cold,13467,106,105,28,27,1,-0.0025891485
Cold,211697,1287,1286,28,27,1,-0.0043696538
Cold,8838,59,58,28,27,0,0.001753411
Cold,4903,35,34,28,27,1,0.0061622476
Cold,4235,32,31,28,27,0,0.0060398025
Cold,20846,151,150,28,27,1,0.007841289
Cold,739450,4418,4417,28,27,1,-0.0052132886
Cold,127387,822,821,28,27,0,0.004051336
Cold,263643,1605,1604,28,27,0,0.006511136
Cold,89387,588,587,28,27,1,0.0067379433
Cold,835120,5019,5018,28,27,0,-0.00094556855
Cold,9893,68,67,28,27,0,-0.0010230514
Cold,996283,6016,6015,28,27,0,-0.0040224968
Cold,195720,1203,1202,28,27,1,0.001525439
Cold,313011,1865,1864,28,27,0,-0.0023395591
Cold,319559,1897,1896,28,27,1,-0.003997397
Cold,476468,2926,2925,28,27,0,0.0027623416
Cold,206470,1265,1264,28,27,1,0.001024696
Cold,361076,2106,2105,28,27,1,0.0015169263
Cold,60835,411,410,28,27,1,-0.003602927
Cold,514075,3172,3171,28,27,0,-0.0071163084
Cold,479815,2944,2943,28,27,1,0.00084180105
Cold,795524,4765,4764,28,27,1,0.0013903063
Cold,172030,1088,1087,28,27,1,-0.0052526863
Cold,27598,193,192,28,27,1,-0.0034402683
Cold,748268,4467,4466,28,27,1,-0.006834764
Cold,295754,1755,1754,28,27,1,0.0041036457
Cold,974430,5878,5877,28,27,1,0.00672571
Cold,20117,149,148,30,29,1,-0.0025557552
Cold,152533,981,980,30,29,0,0.0050507807
Cold,5186,36,35,30,29,1,0.0024298853
Cold,1823,17,16,30,29,1,0.0060206642
Cold,902881,5458,5457,30,29,0,-0.01139633
Cold,76441,518,517,30,29,0,-0.0016292403
Cold,207117,1266,1265,30,29,0,-0.0012332763
Cold,844057,5074,5073,30,29,0,-0.0041901865
Cold,511393,3154,3153,30,29,1,0.0073794876
Cold,284946,1699,1698,30,29,0,0.0050481176
Cold,605360,3679,3678,30,29,0,-0.0060946774
Cold,874002,5277,5276,30,29,0,-0.0019598105
Cold,249953,1505,1504,30,29,0,0.004816604
Cold,421222,2544,2543,30,29,0,-0.0021348149
Cold,575568,3519,3518,31,30,1,0.003035274
Cold,577503,3526,3525,31,30,0,-0.00029383204
Cold,550557,3391,3390,31,30,0,-0.012279061
Cold,542438,3336,3335,31,30,0,-0.007542679
Cold,536259,3308,3307,31,30,0,-0.0052020242
Cold,525711,3246,3245,31,30,1,-0.009163588
Cold,658529,3967,3966,31,30,0,-0.010085688
Cold,508795,3129,3128,31,30,1,-0.0025911503
Cold,530007,3272,3271,31,30,0,-0.01287383
Cold,478275,2934,2933,31,30,0,-0.005092619
Cold,472862,2907,2906,31,30,1,-0.005490255
Cold,474069,2909,2908,31,30,1,-0.0057152794
Cold,467071,2878,2877,31,30,0,-0.005247086
Cold,463583,2857,2856,31,30,0,-0.00494936
Cold,451169,2777,2776,31,30,1,-0.0054357583
Cold,444839,2743,2742,31,30,1,-0.00774947
Cold,443969,2737,2736,31,30,0,-0.0012791496
Cold,564716,3471,3470,31,30,0,-0.013933254
Cold,580068,3540,3539,31,30,0,-0.003159228
Cold,420304,2540,2539,31,30,0,0.0016402071
Cold,399253,2376,2375,31,30,0,-0.0029707877
Cold,405570,2429,2428,31,30,1,-0.0065403995
Cold,392506,2304,2303,31,30,0,-0.0100198835
Cold,383799,2242,2241,31,30,1,-0.0093079535
Cold,366274,2131,2130,31,30,0,-0.0034990718
Cold,363388,2116,2115,31,30,1,-0.014701974
Cold,361903,2109,2108,31,30,0,-0.0059378482
Cold,352304,2063,2062,31,30,0,-0.00661472
Cold,196728,1207,1206,31,30,0,0.0017876495
Cold,321758,1908,1907,31,30,0,0.001828656
Cold,189116,1172,1171,31,30,1,-0.0033838875
Cold,185751,1150,1149,31,30,0,-0.01133759
Cold,211333,1285,1284,31,30,0,-0.001446981
Cold,307687,1835,1834,31,30,0,0.0011149067
Cold,263669,1605,1604,31,30,0,-0.0035109455
Cold,172978,1096,1095,31,30,0,-0.007689373
Cold,168061,1068,1067,31,30,0,-0.0075189313
Cold,328672,1941,1940,31,30,1,-0.005873559
Cold,155012,999,998,31,30,0,-0.008717284
Cold,116574,752,751,31,30,0,-0.00086153485
Cold,120597,777,776,31,30,0,-0.00761231
Cold,299804,1778,1777,31,30,1,-0.0025265645
Cold,106304,699,698,31,30,0,-0.0028609727
Cold,101511,676,675,31,30,1,-0.0031729494
Cold,332849,1962,1961,31,30,1,-0.0033448734
Cold,92367,616,615,31,30,0,-0.005885782
Cold,239295,1448,1447,31,30,1,-0.008359937
Cold,80784,536,535,31,30,0,-0.007038237
Cold,81903,543,542,31,30,1,-0.00597445
Cold,77854,524,523,31,30,0,-0.002293939
Cold,76205,517,516,31,30,1,-0.0031235265
Cold,132676,855,854,31,30,0,-0.009109226
Cold,696718,4169,4168,31,30,0,-0.011976535
Cold,39608,268,267,31,30,1,0.0019860687
Cold,55677,368,367,31,30,0,-0.00658381
Cold,32983,223,222,31,30,0,0.0051879035
Cold,30268,203,202,31,30,0,-0.012889045
Cold,25666,181,180,31,30,1,-0.006345494
Cold,104547,692,691,31,30,0,-0.0038817278
Cold,108291,710,709,31,30,0,0.0002941013
Cold,79708,531,530,31,30,0,-0.0039407667
Cold,78670,528,527,31,30,1,-0.0030430206
Cold,399992,2380,2379,31,30,0,-0.0012658925
Cold,893085,5394,5393,31,30,0,-0.0017058654
Cold,241456,1451,1450,31,30,1,-0.010149043
Cold,164831,1051,1050,31,30,0,-0.013234684
Cold,102609,678,677,31,30,1,-0.007346818
Cold,28329,195,194,31,30,0,-0.0041947244
Cold,964214,5812,5811,31,30,0,-0.008491516
Cold,907717,5492,5491,31,30,0,-0.0053551276
Cold,139272,890,889,31,30,1,-0.0073288754
Cold,195732,1203,1202,31,30,1,-0.007758574
Cold,475648,2918,2917,31,30,1,-0.00354952
Cold,960329,5792,5791,31,30,0,-0.0007824111
Cold,179821,1125,1124,31,30,0,-0.000357433
Cold,172054,1088,1087,31,30,0,-0.0067408797
Cold,992473,5996,5995,31,30,1,-0.0067006405
Cold,235241,1425,1424,31,30,0,-0.006975566
Cold,215702,1306,1305,31,30,0,-0.0020016076
Cold,801513,4802,4801,31,30,0,-0.009121541
Cold,937677,5657,5656,31,30,1,-0.0040850956
Cold,187807,1164,1163,35,33,1,0.003606895
Cold,160402,1019,1018,35,33,0,0.005959705
Cold,841261,5054,5053,35,33,0,0.01136368
Cold,24462,173,172,35,33,0,-0.0067835245
Cold,285511,1701,1700,35,33,0,0.007588662
Cold,545392,3363,3362,35,33,0,0.004203448
Cold,310853,1851,1850,35,33,0,-0.007817088
Cold,883132,5333,5332,35,33,0,0.005686894
Cold,974446,5878,5877,35,33,0,0.0019899528
Cold,550563,3391,3390,35,33,0,-0.0003187235
Cold,541849,3334,3333,43,38,0,0.0054188455
Cold,521684,3218,3217,43,38,1,0.007665013
Cold,526288,3253,3252,43,38,1,-0.007364786
Cold,738259,4411,4410,43,38,0,0.0019813809
Cold,500146,3071,3070,43,38,1,0.0017840805
Cold,492192,3026,3025,43,38,0,-0.0046805046
Cold,485319,2986,2985,43,38,1,-0.0015174458
Cold,576601,3524,3523,43,38,0,-0.0043961434
Cold,481003,2953,2952,43,38,0,-0.0024539349
Cold,474832,2913,2912,43,38,1,-0.0025373935
Cold,870260,5256,5255,43,38,1,-8.375198e-05
Cold,879983,5317,5316,43,38,1,-0.007902686
Cold,754776,4497,4496,43,38,1,0.00082586776
Cold,464749,2864,2863,43,38,1,-0.005836142
Cold,454277,2794,2793,43,38,1,-0.0070011057
Cold,453102,2790,2789,43,38,0,-0.0052673426
Cold,442495,2724,2723,43,38,1,-0.004881055
Cold,438682,2680,2679,43,38,0,0.004557784
Cold,439485,2684,2683,43,38,0,-0.00631776
Cold,422907,2563,2562,43,38,0,-0.0022167945
Cold,420310,2540,2539,43,38,1,0.00017305103
Cold,415591,2503,2502,43,38,0,-0.008525945
Cold,415177,2499,2498,43,38,1,-0.0077452324
Cold,464365,2860,2859,43,38,0,-0.004786914
Cold,402517,2402,2401,43,38,0,0.0024309673
Cold,388568,2275,2274,43,38,1,0.006025557
Cold,386747,2261,2260,43,38,0,-0.0017058635
Cold,382138,2232,2231,43,38,1,0.0015473888
Cold,383034,2237,2236,43,38,1,-0.002745774
Cold,365905,2129,2128,43,38,0,-0.00197617
Cold,357083,2091,2090,43,38,1,-0.004982996
Cold,350593,2058,2057,43,38,0,0.004151523
Cold,337237,1983,1982,43,38,0,-0.0046418663
Cold,316403,1883,1882,43,38,1,0.007068564
Cold,318721,1894,1893,43,38,1,0.006070258
Cold,310873,1851,1850,43,38,0,-0.0007810631
Cold,274542,1658,1657,43,38,1,-0.0009210638
Cold,279947,1680,1679,43,38,1,-0.0027899016
Cold,264437,1608,1607,43,38,0,0.0021599545
Cold,264257,1607,1606,43,38,0,-0.0020693566
Cold,262745,1602,1601,43,38,1,-0.0063951695
Cold,256283,1563,1562,43,38,1,-0.005683842
Cold,236636,1436,1435,43,38,1,-0.0033768334
Cold,296628,1758,1757,43,38,1,-0.0055330554
Cold,211934,1290,1289,43,38,1,-0.008756161
Cold,211363,1285,1284,43,38,1,-5.835807e-05
Cold,194474,1199,1198,43,38,0,0.004445725
Cold,185785,1150,1149,43,38,0,0.0031011368
Cold,307721,1835,1834,43,38,1,-0.0015518311
Cold,176331,1114,1113,43,38,0,0.00162182
Cold,174916,1108,1107,43,38,1,-0.0026139817
Cold,175175,1110,1109,43,38,1,-0.0047596144
Cold,169855,1078,1077,43,38,1,-0.008464492
Cold,168691,1069,1068,43,38,0,0.0061359247
Cold,219553,1331,1330,43,38,1,-0.0034412772
Cold,215105,1303,1302,43,38,1,-0.0034227567
Cold,146496,944,943,43,38,0,-0.0036228446
Cold,139801,895,894,43,38,1,0.004492368
Cold,138827,889,888,43,38,0,0.0067124907
Cold,132845,856,855,43,38,0,-0.001230564
Cold,263698,1605,1604,43,38,1,-0.009778976
Cold,349405,2050,2049,43,38,1,0.002981598
Cold,98279,657,656,43,38,1,0.0007412825
Cold,84873,551,550,43,38,0,-0.002758709
Cold,83544,549,548,43,38,1,0.00026016543
Cold,234372,1422,1421,43,38,0,0.00025993446
Cold,75342,511,510,43,38,1,-0.0027280927
Cold,66748,446,445,43,38,1,0.0046031163
Cold,60881,411,410,43,38,1,0.0058126897
Cold,55101,364,363,43,38,1,0.00029385928
Cold,47656,319,318,43,38,1,0.0030312992
Cold,241483,1451,1450,43,38,1,0.0014106815
Cold,313032,1865,1864,43,38,1,-0.009440082
Cold,32522,218,217,43,38,0,-0.009611011
Cold,48191,323,322,43,38,1,0.0005500531
Cold,28357,195,194,43,38,1,-0.010523844
Cold,26533,187,186,43,38,1,0.005893913
Cold,10030,70,69,43,38,1,0.00041528838
Cold,202181,1243,1242,43,38,1,-0.0015919908
Cold,932600,5630,5629,43,38,1,0.004218541
Cold,76451,518,517,43,38,1,0.0022752434
Cold,238283,1447,1446,43,38,1,0.0037141144
Cold,522969,3224,3223,43,38,0,-0.0052474104
Cold,158671,1015,1014,43,38,0,0.004956096
Cold,460863,2841,2840,43,38,1,0.00031185697
Cold,171012,1087,1086,43,38,1,0.0028723206
Cold,160422,1019,1018,43,38,1,-0.0039341403
Cold,772771,4607,4606,43,38,1,-0.004081752
Cold,465234,2868,2867,43,38,1,0.004954135
Cold,309802,1842,1841,43,38,1,-0.0006982897
Cold,195758,1203,1202,43,38,0,0.0058069816
Cold,730591,4371,4370,43,38,0,-0.0014343412
Cold,550597,3391,3390,43,38,0,-0.008385731
Cold,287872,1717,1716,43,38,1,0.00091551733
Cold,479825,2944,2943,43,38,0,-0.004395175
Cold,286908,1712,1711,43,38,0,-0.00092267373
Cold,348241,2041,2040,43,38,0,0.0030702488
Cold,328728,1941,1940,43,38,0,0.0023286287
Cold,384795,2247,2246,43,38,0,-0.004539016
Cold,172087,1088,1087,43,38,0,0.0014427737
Cold,116601,752,751,43,38,0,-0.005311342
Cold,554928,3412,3411,43,38,1,-0.00030561234
Cold,841276,5054,5053,43,38,0,0.001134247
Cold,319593,1897,1896,43,38,0,-0.007005347
Cold,609353,3693,3692,43,38,0,-0.005801306
Cold,974454,5878,5877,43,38,0,-0.0052161566
Cold,566725,3477,3476,46,41,1,-0.0028325273
Cold,549541,3390,3389,46,41,0,0.0032444873
Cold,658552,3967,3966,46,41,0,-0.012551857
Cold,575591,3519,3518,46,41,0,-0.010324197
Cold,544781,3358,3357,46,41,1,-0.0033165168
Cold,533652,3292,3291,46,41,0,-0.0057829614
Cold,526891,3259,3258,46,41,1,0.0027318648
Cold,774488,4619,4618,46,41,0,-0.005293549
Cold,509944,3140,3139,46,41,1,-0.0045174034
Cold,503710,3095,3094,46,41,1,-0.0047176583
Cold,503016,3087,3086,46,41,0,-0.009041224
Cold,516665,3189,3188,46,41,0,-0.0029173032
Cold,499739,3067,3066,46,41,0,-0.006391773
Cold,574949,3518,3517,46,41,1,-0.008108239
Cold,659290,3971,3970,46,41,1,-0.008583015
Cold,493581,3031,3030,46,41,1,0.0006469563
Cold,490423,3017,3016,46,41,0,-0.016733244
Cold,478302,2934,2933,46,41,0,-0.006862104
Cold,467089,2878,2877,46,41,1,-0.00096620945
Cold,457203,2817,2816,46,41,1,-0.0019806467
Cold,451201,2777,2776,46,41,0,-0.007145496
Cold,443986,2737,2736,46,41,0,-0.0023646336
Cold,564741,3471,3470,46,41,0,-0.0015125419
Cold,430296,2622,2621,46,41,0,-0.0022071095
Cold,430601,2624,2623,46,41,1,0.000727789
Cold,423283,2565,2564,46,41,0,-0.008884196
Cold,419330,2533,2532,46,41,1,0.0038976176
Cold,416935,2507,2506,46,41,0,0.0064903046
Cold,413903,2489,2488,46,41,0,-0.00356239
Cold,408434,2453,2452,46,41,0,-0.0045901
Cold,398348,2368,2367,46,41,1,-0.005001855
Cold,393173,2309,2308,46,41,0,0.0056925956
Cold,377460,2203,2202,46,41,1,-0.0016061682
Cold,352359,2063,2062,46,41,0,-0.008136129
Cold,259676,1587,1586,46,41,0,-0.0070935474
Cold,243025,1465,1464,46,41,0,0.0041182553
Cold,207841,1271,1270,46,41,1,0.008947529
Cold,279952,1680,1679,46,41,1,-0.0024338125
Cold,338374,1988,1987,46,41,0,-0.00921944
Cold,189650,1175,1174,46,41,1,-0.0055586444
Cold,186878,1158,1157,46,41,1,0.0048961765
Cold,189138,1172,1171,46,41,0,-0.0037359218
Cold,183362,1141,1140,46,41,0,-0.0080905445
Cold,316405,1883,1882,46,41,0,0.003365281
Cold,176332,1114,1113,46,41,0,-0.008613689
Cold,177704,1119,1118,46,41,1,0.0031552408
Cold,263701,1605,1604,46,41,0,-0.006623088
Cold,168693,1069,1068,46,41,0,-0.00017164159
Cold,167341,1065,1064,46,41,0,-0.0067644417
Cold,328731,1941,1940,46,41,0,0.0036255599
Cold,226245,1369,1368,46,41,0,-0.0019593944
Cold,151757,975,974,46,41,0,-0.0029968033
Cold,140378,899,898,46,41,0,-0.0074234568
Cold,140037,897,896,46,41,1,-0.002964501
Cold,138831,889,888,46,41,0,-0.008029735
Cold,132115,854,853,46,41,0,-0.0011217337
Cold,127411,822,821,46,41,1,-0.006730607
Cold,125324,805,804,46,41,0,-0.0032908749
Cold,123727,797,796,46,41,0,0.006304681
Cold,122266,788,787,46,41,0,0.006341734
Cold,223799,1354,1353,46,41,0,-0.00025447208
Cold,116605,752,751,46,41,1,-0.009367026
Cold,778959,4653,4652,46,41,0,-0.0050293105
Cold,103730,689,688,46,41,1,0.002582962
Cold,179844,1125,1124,46,41,0,-0.0038652206
Cold,99770,666,665,46,41,0,-0.00010629778
Cold,103532,687,686,46,41,0,-0.0022591297
Cold,295065,1752,1751,46,41,0,-0.0045633847
Cold,332877,1962,1961,46,41,0,-0.011836292
Cold,83547,549,548,46,41,0,-0.0054804436
Cold,191458,1181,1180,46,41,0,-0.004159387
Cold,239341,1448,1447,46,41,1,-0.011840913
Cold,64661,432,431,46,41,0,-0.0019360778
Cold,201802,1242,1241,46,41,0,-0.0027199928
Cold,240541,1449,1448,46,41,0,-0.0021130797
Cold,52607,346,345,46,41,0,0.0009054793
Cold,60883,411,410,46,41,0,-0.017633673
Cold,78693,528,527,46,41,0,-0.004689426
Cold,132701,855,854,46,41,0,-0.0021005473
Cold,49612,329,328,46,41,0,-0.008831949
Cold,696751,4169,4168,46,41,0,-0.0033798933
Cold,39619,268,267,46,41,1,0.002804243
Cold,308933,1837,1836,46,41,0,-0.0105483625
Cold,29305,199,198,46,41,1,-0.011040017
Cold,26536,187,186,46,41,0,-0.0026437878
Cold,21310,156,155,46,41,1,-0.0026810365
Cold,6339,45,44,46,41,1,-0.0010786513
Cold,5478,38,37,46,41,0,-0.006335342
Cold,545400,3363,3362,46,41,0,-0.008981969
Cold,506155,3113,3112,46,41,0,-0.0004929262
Cold,50310,331,330,46,41,0,-0.0011320733
Cold,79743,531,530,46,41,0,-0.008250106
Cold,158673,1015,1014,46,41,0,0.0044371523
Cold,42858,293,292,46,41,0,-0.00091294246
Cold,76452,518,517,46,41,1,-0.005019637
Cold,386199,2258,2257,46,41,0,-0.0041072816
Cold,172091,1088,1087,46,41,0,-0.0036567468
Cold,538197,3312,3311,46,41,1,-0.008197112
Cold,361127,2106,2105,46,41,0,-0.0051100864
Cold,996312,6016,6015,46,41,0,-0.0017666935
Cold,562796,3462,3461,46,41,0,-0.004532641
Cold,187822,1164,1163,46,41,0,-0.005883865
Cold,476489,2926,2925,46,41,1,-0.004423699
Cold,206490,1265,1264,46,41,1,-0.000651889
Cold,877470,5302,5301,46,41,1,0.00063476176
Cold,974456,5878,5877,46,41,0,-0.0027349796
Cold,209173,1276,1275,57,46,0,0.005319164
Cold,243459,1467,1466,57,46,1,-0.0085818
Cold,280006,1680,1679,57,46,1,-0.0026007777
Cold,305165,1812,1811,57,46,1,-0.0104632825
Cold,185810,1150,1149,57,46,0,-0.012618881
Cold,183367,1141,1140,57,46,0,-0.011270873
Cold,307750,1835,1834,57,46,1,-0.0043315548
Cold,180481,1128,1127,57,46,0,-0.015055293
Cold,263722,1605,1604,57,46,0,-0.0013089073
Cold,168705,1069,1068,57,46,0,-0.0050010704
Cold,168095,1068,1067,57,46,1,-0.010850143
Cold,164085,1050,1049,57,46,0,0.0032771062
Cold,320360,1899,1898,57,46,0,-0.012896624
Cold,157275,1010,1009,57,46,0,-0.012742428
Cold,361147,2106,2105,57,46,0,-0.004963498
Cold,101019,673,672,57,46,1,-0.011757635
Cold,177238,1117,1116,57,46,1,-0.013365628
Cold,332889,1962,1961,57,46,0,-0.002948782
Cold,696778,4169,4168,57,46,0,-0.006543951
Cold,239367,1448,1447,57,46,1,-0.0025527873
Cold,77920,524,523,57,46,0,-0.008306415
Cold,73004,493,492,57,46,0,-0.0030658701
Cold,132719,855,854,57,46,1,-0.00984179
Cold,47676,319,318,57,46,0,-0.0040604128
Cold,26552,187,186,57,46,1,0.0013951985
Cold,235288,1425,1424,57,46,1,-0.0054411264
Cold,254516,1546,1545,57,46,1,-0.009718796
Cold,79761,531,530,57,46,0,-0.010517378
Cold,355205,2077,2076,57,46,1,-0.0067493757
Cold,709842,4258,4257,57,46,0,-0.006167676
Cold,363441,2116,2115,57,46,0,-0.0012923013
Cold,164888,1051,1050,57,46,1,-0.0024171523
Cold,102671,678,677,57,46,0,-0.0034634676
Cold,556647,3420,3419,57,46,1,0.0031633673
Cold,245914,1484,1483,57,46,0,-0.008113015
Cold,134914,872,871,57,46,0,-0.002903779
Cold,50492,332,331,57,46,0,-0.01164321
Cold,311391,1854,1853,57,46,0,-0.0011443549
Cold,974464,5878,5877,57,46,1,-0.013103772
Cold,572520,3507,3506,61,49,0,-0.008020498
Cold,363461,2116,2115,61,49,0,0.005203479
Cold,331984,1958,1957,61,49,0,0.0014903229
Cold,499773,3067,3066,61,49,1,-0.009809138
Cold,164914,1051,1050,61,49,0,-0.004503406
Cold,684298,4089,4088,61,49,0,-0.011340895
Cold,456628,2810,2809,61,49,1,-0.003155406
Cold,390213,2288,2287,63,51,0,-0.0035432873
Cold,387101,2263,2262,63,51,0,-0.0070867394
Cold,368032,2148,2147,63,51,1,0.003051528
Cold,356083,2085,2084,63,51,1,-0.0024549353
Cold,352416,2063,2062,63,51,1,-0.0060330164
Cold,361960,2109,2108,63,51,0,0.0002545996
Cold,344952,2023,2022,63,51,1,-0.010427814
Cold,340981,2010,2009,63,51,0,0.0038668527
Cold,314767,1879,1878,63,51,0,0.004765698
Cold,297778,1764,1763,63,51,0,0.004016377
Cold,259703,1587,1586,63,51,0,-0.0058828127
Cold,247954,1496,1495,63,51,0,0.0011348646
Cold,236099,1430,1429,63,51,0,-0.0007143362
Cold,224365,1356,1355,63,51,0,0.006205134
Cold,278057,1676,1675,63,51,0,0.0009883577
Cold,202725,1244,1243,63,51,0,0.0014736509
Cold,274127,1655,1654,63,51,1,-0.0055203023
Cold,244237,1470,1469,63,51,0,0.008523976
Cold,193320,1193,1192,63,51,0,0.0052960804
Cold,176164,1113,1112,63,51,0,0.005316529
Cold,165678,1056,1055,63,51,1,-0.009011878
Cold,272417,1645,1644,63,51,1,-0.008792234
Cold,150243,967,966,63,51,0,0.0062878476
Cold,268160,1628,1627,63,51,0,-0.0051712915
Cold,157301,1010,1009,63,51,0,-0.009515608
Cold,136983,881,880,63,51,0,0.009609669
Cold,121621,781,780,63,51,1,0.0031750076
Cold,299854,1778,1777,63,51,0,-0.0016720503
Cold,329620,1943,1942,63,51,1,-0.007015996
Cold,284566,1698,1697,63,51,0,0.0027738786
Cold,90822,601,600,63,51,0,0.004659293
Cold,77949,524,523,63,51,0,0.0020240517
Cold,88989,587,586,63,51,1,0.0031340863
Cold,81966,543,542,63,51,1,0.00581289
Cold,70953,476,475,63,51,0,0.0037816046
Cold,59520,403,402,63,51,1,0.0017151018
Cold,599514,3648,3647,63,51,0,0.003623209
Cold,592228,3610,3609,63,51,0,0.0049698986
Cold,954269,5761,5760,63,51,0,0.000875853
Cold,334084,1969,1968,63,51,0,0.0041163266
Cold,106358,699,698,63,51,0,-0.0075190463
Cold,750517,4478,4477,63,51,0,0.01585531
Cold,290589,1733,1732,63,51,0,0.0013820748
Cold,11691,90,89,63,51,1,-0.0012280538
Cold,134653,869,868,63,51,0,0.0050405194
Cold,371157,2168,2167,63,51,1,-0.0022242735
Cold,273322,1647,1646,63,51,0,0.0012339251
Cold,461675,2847,2846,63,51,1,0.0032786713
Cold,342863,2015,2014,63,51,0,-0.002990189
Cold,893113,5394,5393,63,51,0,0.007883837
Cold,215735,1306,1305,63,51,0,-0.0036183484
Cold,132138,854,853,64,52,0,-0.006621807
Cold,112737,731,730,64,52,0,-0.010274148
Cold,106359,699,698,64,52,0,-0.00522653
Cold,332907,1962,1961,64,52,0,-0.0022621443
Cold,235308,1425,1424,64,52,1,6.609177e-05
Cold,361168,2106,2105,64,52,0,-0.0073377388
Cold,77950,524,523,64,52,0,-0.0065265913
Cold,239397,1448,1447,64,52,0,-0.010571535
Cold,52631,346,345,64,52,0,-0.0034345516
Cold,55146,365,364,64,52,0,-0.0018849024
Cold,132734,855,854,64,52,0,-0.013478607
Cold,30065,202,201,64,52,0,-0.00306754
Cold,22699,163,162,64,52,0,-0.0068522785
Cold,5495,38,37,64,52,0,-0.006342981
Cold,3647,26,25,64,52,0,-0.0056351717
Cold,79784,531,530,64,52,0,-0.0075865216
Cold,682819,4085,4084,64,52,0,-0.012795431
Cold,964255,5812,5811,64,52,0,-0.0017618444
Cold,479835,2944,2943,64,52,1,-0.014790865
Cold,497444,3054,3053,65,53,0,-0.0014088745
Cold,472939,2907,2906,65,53,0,0.010008057
Cold,466103,2873,2872,65,53,0,-0.0032804457
Cold,461676,2847,2846,65,53,0,0.0050453604
Cold,487243,2996,2995,65,53,0,0.0022274079
Cold,435983,2664,2663,65,53,0,0.0042436006
Cold,430220,2621,2620,65,53,0,0.0073545272
Cold,420588,2541,2540,65,53,0,-0.0017844271
Cold,417123,2508,2507,65,53,0,0.008149885
Cold,404771,2419,2418,65,53,0,0.0014013037
Cold,399620,2378,2377,65,53,0,-0.003999642
Cold,375750,2188,2187,65,53,0,0.0063024433
Cold,356085,2085,2084,65,53,1,0.007739487
Cold,361961,2109,2108,65,53,0,-0.00130563
Cold,341851,2012,2011,65,53,0,0.006565485
Cold,340982,2010,2009,65,53,0,0.016540768
Cold,351085,2060,2059,65,53,0,0.0045078467
Cold,330594,1951,1950,65,53,0,0.003480716
Cold,315634,1880,1879,65,53,0,0.0075136013
Cold,259705,1587,1586,65,53,0,0.010736816
Cold,309392,1841,1840,65,53,0,0.008624604
Cold,224366,1356,1355,65,53,0,0.006640077
Cold,213117,1297,1296,65,53,0,0.0007115747
Cold,278058,1676,1675,65,53,0,0.006671748
Cold,261990,1599,1598,65,53,1,0.0050864117
Cold,244238,1470,1469,65,53,0,0.01514912
Cold,178418,1120,1119,65,53,1,0.010870634
Cold,198705,1220,1219,65,53,0,0.00011228258
Cold,168106,1068,1067,65,53,0,0.013047332
Cold,328807,1941,1940,65,53,0,0.0056590294
Cold,164096,1050,1049,65,53,0,0.015048779
Cold,272418,1645,1644,65,53,1,0.0062531065
Cold,249375,1502,1501,65,53,0,0.0034861304
Cold,157302,1010,1009,65,53,0,0.002710672
Cold,136984,881,880,65,53,0,0.0052726045
Cold,124348,800,799,65,53,1,0.004798439
Cold,361169,2106,2105,65,53,0,0.006313792
Cold,108348,710,709,65,53,0,0.00077552046
Cold,106360,699,698,65,53,0,-0.0024873808
Cold,101550,676,675,65,53,0,0.001952318
Cold,85000,552,551,65,53,0,0.0064279293
Cold,77951,524,523,65,53,0,0.0043668887
Cold,299855,1778,1777,65,53,0,-0.0026186695
Cold,119570,770,769,65,53,0,-0.00050517026
Cold,81967,543,542,65,53,0,0.00048132055
Cold,72388,482,481,65,53,0,0.005522298
Cold,65610,438,437,65,53,1,0.011535092
Cold,251280,1516,1515,65,53,0,0.0022416625
Cold,57251,386,385,65,53,0,-0.0029249764
Cold,240595,1449,1448,65,53,0,0.0077128094
Cold,44771,302,301,65,53,0,0.006180335
Cold,538223,3312,3311,65,53,0,0.0017543526
Cold,37474,255,254,65,53,0,-0.005880786
Cold,368519,2153,2152,65,53,0,0.0010083112
Cold,30066,202,201,65,53,0,0.0070071532
Cold,54632,355,354,65,53,0,0.009643278
Cold,26904,191,190,65,53,0,-1.8527964e-05
Cold,270261,1635,1634,65,53,0,0.012674343
Cold,235309,1425,1424,65,53,0,0.0032019177
Cold,592229,3610,3609,65,53,1,0.010763091
Cold,7026,48,47,65,53,0,0.00014707027
Cold,78716,528,527,65,53,0,0.0014456507
Cold,2756,22,21,65,53,0,0.0036181456
Cold,371158,2168,2167,65,53,0,0.004104824
Cold,342864,2015,2014,65,53,1,0.0076216212
Cold,363465,2116,2115,65,53,0,-0.00047669007
Cold,846035,5084,5083,65,53,0,0.00070585636
Cold,102693,678,677,65,53,0,0.0018840192
Cold,35129,237,236,65,53,0,0.0075502875
Cold,352417,2063,2062,65,53,0,0.008141301
Cold,335244,1978,1977,65,53,1,-0.001165954
Cold,160477,1019,1018,65,53,0,0.0050135655
Cold,924019,5580,5579,65,53,0,-0.0006419199
Cold,336427,1980,1979,65,53,0,0.007761172
Cold,164916,1051,1050,65,53,0,0.009772271
Cold,628885,3807,3806,65,53,0,-4.3521286e-05
Cold,310897,1851,1850,65,53,0,0.009102445
Cold,564780,3471,3470,65,53,0,0.0056099333
Cold,933646,5636,5635,65,53,0,0.0025374629
Cold,290590,1733,1732,65,53,0,0.0034971845
Cold,599515,3648,3647,65,53,0,0.001798981
Cold,575621,3519,3518,65,53,0,0.0056943954
Cold,53090,349,348,65,53,0,0.004919241
Cold,231235,1399,1398,66,54,0,-0.0048089116
Cold,227362,1377,1376,66,54,0,0.0019212553
Cold,233210,1418,1417,66,54,0,0.004634765
Cold,224367,1356,1355,66,54,0,0.0029851755
Cold,214182,1300,1299,66,54,0,0.009242658
Cold,278059,1676,1675,66,54,0,0.0027666888
Cold,200445,1230,1229,66,54,0,0.0017878423
Cold,196794,1207,1206,66,54,0,0.00647794
Cold,280052,1680,1679,66,54,0,0.006371171
Cold,342866,2015,2014,66,54,0,-0.001407625
Cold,173001,1096,1095,66,54,0,-0.002653976
Cold,157432,1011,1010,66,54,0,0.0052720145
Cold,217383,1317,1316,66,54,0,-0.007898156
Cold,138902,889,888,66,54,0,-0.00021828944
Cold,136985,881,880,66,54,0,-0.0073492527
Cold,127127,820,819,66,54,0,0.00041126227
Cold,126768,817,816,66,54,0,0.01227171
Cold,122276,788,787,66,54,0,-0.0032352242
Cold,119571,770,769,66,54,0,0.0048570167
Cold,113488,735,734,66,54,0,0.013803126
Cold,121358,780,779,66,54,0,0.00012499036
Cold,86865,566,565,66,54,0,0.00048636086
Cold,86269,563,562,66,54,0,-0.0065670246
Cold,81969,543,542,66,54,1,-5.275244e-06
Cold,51026,336,335,66,54,0,-0.0040513324
Cold,291748,1737,1736,66,54,0,0.0044574207
Cold,482066,2962,2961,66,54,0,0.0039703962
Cold,14649,117,116,66,54,0,-0.003998176
Cold,10331,73,72,66,54,0,-0.0025170683
Cold,8606,58,57,66,54,0,-0.003969021
Cold,7027,48,47,66,54,0,0.004901448
Cold,5858,42,41,66,54,0,0.009557405
Cold,805811,4823,4822,66,54,0,-0.0003361106
Cold,552691,3401,3400,66,54,0,0.0006859668
Cold,718722,4305,4304,66,54,0,0.00191544
Cold,23856,169,168,66,54,0,0.0066337385
Cold,328808,1941,1940,66,54,0,-0.0031500622
Cold,155059,999,998,71,57,0,0.004611834
Cold,135910,877,876,71,57,0,-0.0027349761
Cold,111105,721,720,71,57,1,-0.004073735
Cold,108369,710,709,71,57,0,0.010469015
Cold,106376,699,698,71,57,0,0.004580384
Cold,713449,4277,4276,71,57,0,-0.00046917167
Cold,150836,970,969,71,57,0,0.0040436974
Cold,81990,543,542,71,57,0,0.0033707535
Cold,77977,524,523,71,57,0,-0.005426969
Cold,119595,770,769,71,57,0,0.008297576
Cold,71195,477,476,71,57,0,0.0030342462
Cold,501533,3080,3079,71,57,0,-0.001137821
Cold,44802,302,301,71,57,0,0.0071439333
Cold,30092,202,201,71,57,0,-0.00634208
Cold,29341,199,198,71,57,1,0.0019336181
Cold,22712,163,162,71,57,0,-0.0034193036
Cold,13069,101,100,71,57,1,-0.00048211357
Cold,27371,192,191,71,57,0,-0.002982207
Cold,290612,1733,1732,71,57,0,0.0016827732
Cold,15799,123,122,71,57,0,0.009910567
Cold,690019,4126,4125,71,57,0,0.0012822815
Cold,250534,1509,1508,71,57,0,-0.007023412
Cold,598435,3641,3640,71,57,0,0.00686513
Cold,182267,1137,1136,71,57,0,0.0058374377
Cold,882261,5329,5328,71,57,0,0.004386971
Cold,564804,3471,3470,71,57,0,0.009363461
Cold,310909,1851,1850,71,57,0,0.002925208
Cold,294002,1748,1747,71,57,0,0.0064110314
Cold,363486,2116,2115,71,57,0,0.0057786694
Cold,384298,2244,2243,71,57,0,0.00046998262
Cold,145139,934,933,71,57,0,-0.006949993
Cold,160501,1019,1018,71,57,0,0.0025041346
Cold,72408,482,481,71,57,0,0.0040734177
Cold,599539,3648,3647,71,57,0,0.009880668
Cold,63486,424,423,71,57,0,-0.00043119537
Cold,550686,3391,3390,71,57,0,0.0048234556
Cold,185878,1150,1149,72,58,0,-0.00058080815
Cold,212582,1294,1293,72,58,1,0.0031231374
Cold,211458,1285,1284,72,58,1,-0.0018059001
Cold,307792,1835,1834,72,58,1,0.00040892116
Cold,201831,1242,1241,72,58,1,0.0032032277
Cold,168731,1069,1068,72,58,1,-0.002527985
Cold,140930,905,904,72,58,0,-0.010677148
Cold,132751,855,854,72,58,1,0.0070614736
Cold,100375,669,668,72,58,1,0.0045166435
Cold,92639,620,619,72,58,0,0.00015087775
Cold,84598,550,549,72,58,0,0.012238528
Cold,69568,466,465,72,58,1,-0.0044457475
Cold,57263,386,385,72,58,1,0.009574688
Cold,883170,5333,5332,72,58,0,-0.012773383
Cold,313050,1865,1864,72,58,1,-0.005579753
Cold,29343,199,198,72,58,1,-0.0016219978
Cold,482084,2962,2961,72,58,0,0.007597859
Cold,26575,187,186,72,58,1,0.008328204
Cold,310910,1851,1850,72,58,0,-0.0028509595
Cold,66232,442,441,72,58,1,-0.007030356
Cold,10835,78,77,72,58,0,-0.004210145
Cold,450089,2775,2774,72,58,1,0.0046998197
Cold,217407,1317,1316,72,58,1,-0.0023646662
Cold,20926,151,150,72,58,0,0.008097597
Cold,35472,239,238,72,58,1,0.001891375
Cold,116670,752,751,72,58,1,-0.0011911744
Cold,232623,1413,1412,72,58,1,-0.008049127
Cold,336458,1980,1979,72,58,1,-0.0014470883
Cold,499793,3067,3066,72,58,1,0.009487473
Cold,479838,2944,2943,72,58,1,-0.0011498453
Cold,290613,1733,1732,72,58,1,0.001573192
Cold,753383,4489,4488,72,58,1,0.0052364115
Cold,63488,424,423,72,58,1,-0.0011927377
Cold,435646,2663,2662,74,60,1,0.0033567683
Cold,420594,2541,2540,74,60,1,0.005790151
Cold,419339,2533,2532,74,60,1,0.01117033
Cold,417970,2525,2524,74,60,1,-0.0010027569
Cold,408488,2453,2452,74,60,1,0.003016809
Cold,398570,2371,2370,74,60,1,0.0008843868
Cold,400043,2380,2379,74,60,0,0.0005749427
Cold,393185,2309,2308,74,60,0,-0.0065781996
Cold,377505,2203,2202,74,60,1,0.0023350576
Cold,359030,2100,2099,74,60,1,0.006387981
Cold,348280,2041,2040,74,60,0,0.0030921986
Cold,334231,1971,1970,74,60,1,0.0051661553
Cold,314776,1879,1878,74,60,1,-0.005637585
Cold,302345,1794,1793,74,60,0,0.0005052835
Cold,259722,1587,1586,74,60,0,0.012617882
Cold,225908,1368,1367,74,60,0,0.0045517944
Cold,306441,1825,1824,74,60,1,0.013178814
Cold,281599,1688,1687,74,60,1,0.010249689
Cold,244249,1470,1469,74,60,0,0.011196742
Cold,280092,1680,1679,74,60,0,-0.0001377752
Cold,192502,1184,1183,74,60,0,-0.005767176
Cold,338415,1988,1987,74,60,0,-0.0025666296
Cold,189657,1175,1174,74,60,1,0.003130151
Cold,263762,1605,1604,74,60,0,0.0043845223
Cold,168732,1069,1068,74,60,0,-0.0066853296
Cold,167252,1064,1063,74,60,0,0.0087848725
Cold,154216,995,994,74,60,1,0.0023769606
Cold,140397,899,898,74,60,1,0.0069711423
Cold,138943,889,888,74,60,0,0.0055049565
Cold,132147,854,853,74,60,0,0.008423442
Cold,122282,788,787,74,60,1,0.0011795668
Cold,118771,767,766,74,60,1,0.0036842064
Cold,223845,1354,1353,74,60,0,0.0014482047
Cold,101038,673,672,74,60,0,0.007984563
Cold,101561,676,675,74,60,0,-0.008193931
Cold,103555,687,686,74,60,0,-0.0021381497
Cold,98365,658,657,74,60,0,-0.0060753506
Cold,87364,570,569,74,60,0,0.0059133014
Cold,76215,517,516,74,60,1,-0.008984069
Cold,132752,855,854,74,60,0,-0.004681146
Cold,239421,1448,1447,74,60,1,-0.0028309627
Cold,39650,268,267,74,60,1,0.0066863946
Cold,40792,273,272,74,60,1,0.0091501605
Cold,30285,203,202,74,60,0,0.005454942
Cold,6393,45,44,74,60,0,0.0066674305
Cold,5502,38,37,74,60,0,-0.0013615101
Cold,3668,26,25,74,60,1,0.007665036
Cold,20928,151,150,74,60,0,-0.004458397
Cold,79802,531,530,74,60,0,0.0060684984
Cold,844110,5074,5073,74,60,0,-0.0005326043
Cold,95616,639,638,74,60,1,-0.004710063
Cold,361183,2106,2105,74,60,0,0.0012672762
Cold,182268,1137,1136,74,60,0,0.01057284
Cold,145141,934,933,74,60,0,0.0049292054
Cold,907733,5492,5491,74,60,0,-0.00084678456
Cold,336460,1980,1979,74,60,0,0.004291568
Cold,575636,3519,3518,74,60,0,0.0068862354
Cold,187850,1164,1163,74,60,0,-0.0002393102
Cold,111774,727,726,74,60,1,0.009455338
Cold,47730,319,318,74,60,0,0.004457188
Cold,625229,3778,3777,76,61,0,-0.01928313
Cold,621404,3762,3761,76,61,0,-0.013564706
Cold,840124,5047,5046,76,61,0,-0.000805541
Cold,604597,3675,3674,76,61,0,-0.0076845055
Cold,601743,3658,3657,76,61,1,-0.0014038021
Cold,725626,4344,4343,76,61,0,-0.0027234426
Cold,594440,3618,3617,76,61,0,-0.0061564087
Cold,590897,3603,3602,76,61,0,-0.008068351
Cold,598707,3643,3642,76,61,0,-0.005098751
Cold,588203,3589,3588,76,61,0,-0.015118053
Cold,584278,3565,3564,76,61,0,0.0033322028
Cold,758875,4510,4509,76,61,0,-0.016822794
Cold,579829,3539,3538,76,61,0,-0.0058352086
Cold,556005,3416,3415,76,61,0,-0.002893507
Cold,537573,3311,3310,76,61,0,-0.005823263
Cold,589972,3599,3598,76,61,0,-0.003167391
Cold,524118,3230,3229,76,61,0,-0.0058854753
Cold,517507,3193,3192,76,61,1,-0.009941369
Cold,566550,3476,3475,76,61,0,-0.0009916979
Cold,513764,3169,3168,76,61,0,-0.0065712947
Cold,507372,3121,3120,76,61,0,-0.0064311377
Cold,504227,3099,3098,76,61,0,-0.008658698
Cold,516703,3189,3188,76,61,0,-0.010040935
Cold,633706,3824,3823,76,61,0,-0.0049042744
Cold,494604,3032,3031,76,61,0,-0.007317202
Cold,488959,3010,3009,76,61,1,-0.0016479699
Cold,518024,3196,3195,76,61,1,-0.011706159
Cold,474199,2909,2908,76,61,1,-0.0075569446
Cold,462306,2852,2851,76,61,1,0.005416834
Cold,463672,2857,2856,76,61,0,-0.008965187
Cold,454388,2795,2794,76,61,0,-0.0010432093
Cold,564806,3471,3470,76,61,0,-0.013084005
Cold,427892,2599,2598,76,61,0,-0.0044393865
Cold,426659,2590,2589,76,61,0,-0.0036510692
Cold,392591,2304,2303,76,61,1,-0.009388538
Cold,384299,2244,2243,76,61,0,-0.00020160386
Cold,422577,2559,2558,76,61,0,-0.004118713
Cold,377506,2203,2202,76,61,0,0.0014194932
Cold,376872,2200,2199,76,61,0,0.0061606574
Cold,370815,2167,2166,76,61,0,0.0063838903
Cold,367796,2147,2146,76,61,0,-0.0007669086
Cold,365404,2126,2125,76,61,0,-0.0028047771
Cold,359143,2101,2100,76,61,0,-0.0040994138
Cold,358669,2098,2097,76,61,0,-0.008683846
Cold,356585,2088,2087,76,61,0,-0.0083224345
Cold,352450,2063,2062,76,61,0,-0.003164544
Cold,349646,2051,2050,76,61,0,-0.014173247
Cold,341989,2013,2012,76,61,0,-0.007703606
Cold,341003,2010,2009,76,61,1,-0.006821433
Cold,311621,1856,1855,76,61,1,-0.0045294184
Cold,305314,1814,1813,76,61,0,-0.0026141545
Cold,305986,1820,1819,76,61,0,-0.0045471806
Cold,299279,1776,1775,76,61,0,-0.008615323
Cold,293325,1746,1745,76,61,0,-0.0055682547
Cold,296228,1757,1756,76,61,0,-0.009576463
Cold,287899,1717,1716,76,61,0,-0.002417645
Cold,292610,1741,1740,76,61,0,-0.007499938
Cold,282816,1694,1693,76,61,0,-0.008958085
Cold,277230,1675,1674,76,61,0,-0.008737116
Cold,271581,1641,1640,76,61,0,-0.008862694
Cold,280093,1680,1679,76,61,1,-0.007217643
Cold,270288,1635,1634,76,61,0,-0.0045411987
Cold,299869,1778,1777,76,61,0,-0.0022165207
Cold,268395,1630,1629,76,61,0,-0.0073524755
Cold,253639,1542,1541,76,61,0,-0.0038245774
Cold,250536,1509,1508,76,61,1,-0.01382869
Cold,200453,1230,1229,76,61,0,-0.007329865
Cold,210374,1284,1283,76,61,0,-0.0123296175
Cold,195081,1202,1201,76,61,0,-0.0073230094
Cold,328841,1941,1940,76,61,0,-0.0019402687
Cold,178898,1122,1121,76,61,0,0.0028832487
Cold,196806,1207,1206,76,61,0,-0.0016851402
Cold,184176,1146,1145,76,61,0,-0.006869518
Cold,168733,1069,1068,76,61,1,0.0073416946
Cold,166181,1058,1057,76,61,0,-0.008440358
Cold,154488,996,995,76,61,1,-0.0065037655
Cold,149792,963,962,76,61,0,-0.0043651173
Cold,138945,889,888,76,61,0,-0.0075541586
Cold,137010,881,880,76,61,1,-0.011648584
Cold,134675,869,868,76,61,0,-0.00422859
Cold,131516,851,850,76,61,1,-0.0038983095
Cold,127133,820,819,76,61,0,-0.0064022224
Cold,119784,772,771,76,61,0,-0.006808389
Cold,105734,698,697,76,61,1,-0.008115743
Cold,106379,699,698,76,61,1,0.0063625947
Cold,100376,669,668,76,61,0,-0.008475831
Cold,203355,1246,1245,76,61,0,-0.010303982
Cold,108371,710,709,76,61,0,-0.0074214037
Cold,713453,4277,4276,76,61,0,-0.018830746
Cold,91005,602,601,76,61,0,-0.0032701273
Cold,87516,571,570,76,61,0,-0.0070881187
Cold,86276,563,562,76,61,0,-0.0006397135
Cold,291759,1737,1736,76,61,1,0.0068664253
Cold,191576,1181,1180,76,61,0,-0.012727343
Cold,84599,550,549,76,61,0,-0.014628256
Cold,74476,508,507,76,61,0,-0.0021039555
Cold,70542,475,474,76,61,0,0.0006357201
Cold,66674,445,444,76,61,0,-0.0018262895
Cold,76044,516,515,76,61,0,-0.0025037816
Cold,605404,3679,3678,76,61,1,-0.006530096
Cold,54061,352,351,76,61,0,-0.0028357862
Cold,51233,337,336,76,61,1,-0.0011259175
Cold,440226,2691,2690,76,61,1,-0.0033709372
Cold,49682,329,328,76,61,0,-0.00812378
Cold,36741,245,244,76,61,0,-0.0049225735
Cold,34187,230,229,76,61,0,-0.009019351
Cold,290614,1733,1732,76,61,0,-0.003215508
Cold,28444,195,194,76,61,1,0.007599455
Cold,12150,92,91,76,61,0,-0.0015551148
Cold,7973,53,52,76,61,1,-0.0076507414
Cold,1882,17,16,76,61,1,-0.012219597
Cold,2449,19,18,76,61,0,-0.004155564
Cold,3062,23,22,76,61,0,-0.0052961637
Cold,482085,2962,2961,76,61,0,-0.016155088
Cold,214549,1302,1301,76,61,1,-0.012516348
Cold,172172,1088,1087,76,61,1,-0.00428462
Cold,238363,1447,1446,76,61,0,-0.013044707
Cold,609403,3693,3692,76,61,0,-0.008915447
Cold,454096,2793,2792,79,62,1,0.0050199246
Cold,451267,2777,2776,79,62,0,-0.00083262817
Cold,444886,2743,2742,79,62,0,0.007005166
Cold,444018,2737,2736,79,62,1,0.006465153
Cold,431762,2629,2628,79,62,0,0.00225108
Cold,399300,2376,2375,79,62,0,0.0027378502
Cold,398372,2368,2367,79,62,1,0.0070395186
Cold,385454,2251,2250,79,62,0,0.008197195
Cold,368141,2150,2149,79,62,0,0.005682403
Cold,358670,2098,2097,79,62,0,0.005180237
Cold,360299,2105,2104,79,62,0,0.008866688
Cold,243065,1465,1464,79,62,1,0.0022217713
Cold,321776,1908,1907,79,62,0,0.010980058
Cold,210376,1284,1283,79,62,0,0.006935787
Cold,185881,1150,1149,79,62,0,0.0036679788
Cold,211459,1285,1284,79,62,1,-0.0011895988
Cold,331999,1958,1957,79,62,0,0.006980164
Cold,184177,1146,1145,79,62,0,0.0053767646
Cold,168734,1069,1068,79,62,0,0.0015125758
Cold,175842,1112,1111,79,62,0,0.0003015392
Cold,249379,1502,1501,79,62,0,0.008039286
Cold,145536,935,934,79,62,1,0.0032265931
Cold,140398,899,898,79,62,0,0.0018841987
Cold,155060,999,998,79,62,0,0.005737113
Cold,352451,2063,2062,79,62,0,0.0011920962
Cold,361184,2106,2105,79,62,0,0.0013763736
Cold,117723,757,756,79,62,0,0.0026839275
Cold,120655,777,776,79,62,0,0.0009278767
Cold,106380,699,698,79,62,0,-0.0018774499
Cold,116672,752,751,79,62,0,0.007370813
Cold,101562,676,675,79,62,0,0.005531923
Cold,99132,660,659,79,62,0,0.0050884937
Cold,240626,1449,1448,79,62,0,0.0036429428
Cold,299870,1778,1777,79,62,0,0.0025118827
Cold,87365,570,569,79,62,0,0.006534038
Cold,77979,524,523,79,62,0,0.009654517
Cold,70302,474,473,79,62,0,-0.005320275
Cold,408817,2454,2453,79,62,1,0.0037481755
Cold,47731,319,318,79,62,0,-0.000617735
Cold,239423,1448,1447,79,62,0,0.0072295456
Cold,39651,268,267,79,62,0,0.0011504353
Cold,30096,202,201,79,62,0,0.0006343173
Cold,16761,131,130,79,62,0,-0.0028734258
Cold,9444,62,61,79,62,0,0.008761169
Cold,104607,692,691,79,62,0,0.0057369443
Cold,801549,4802,4801,79,62,0,0.0061656833
Cold,696828,4169,4168,79,62,0,0.008416018
Cold,79803,531,530,79,62,0,0.0036612046
Cold,254535,1546,1545,79,62,0,0.0068139206
Cold,150837,970,969,79,62,0,0.004537194
Cold,50368,331,330,79,62,0,0.0072600227
Cold,271878,1643,1642,79,62,1,0.0033657644
Cold,790566,4728,4727,79,62,0,0.00092199224
Cold,941556,5682,5681,79,62,0,0.0067042434
Cold,579846,3539,3538,81,63,1,-0.0072490266
Cold,572575,3507,3506,81,63,1,-0.009646519
Cold,768221,4578,4577,81,63,1,-0.0058544218
Cold,565067,3473,3472,81,63,0,0.0031267565
Cold,557946,3425,3424,81,63,1,-0.010871513
Cold,550720,3391,3390,81,63,1,-0.005601461
Cold,542523,3336,3335,81,63,1,-0.011402629
Cold,536344,3308,3307,81,63,1,-0.007924482
Cold,541155,3328,3327,81,63,0,0.003075194
Cold,533916,3294,3293,81,63,1,-0.008948414
Cold,609422,3693,3692,81,63,0,-0.015467215
Cold,528429,3265,3264,81,63,0,0.0017123357
Cold,774497,4619,4618,81,63,0,0.000857722
Cold,523076,3224,3223,81,63,0,-0.0037631737
Cold,519135,3202,3201,81,63,0,-0.0007659552
Cold,517513,3193,3192,81,63,0,-0.00850779
Cold,505376,3108,3107,81,63,0,-0.0044335956
Cold,503723,3095,3094,81,63,1,0.00047722552
Cold,499811,3067,3066,81,63,0,0.0056892037
Cold,494627,3032,3031,81,63,0,-0.008127447
Cold,493632,3031,3030,81,63,1,0.000111392
Cold,498922,3065,3064,81,63,1,-0.001000429
Cold,471750,2901,2900,81,63,1,-0.0064757946
Cold,852757,5113,5112,81,63,0,-0.0062350426
Cold,474226,2909,2908,81,63,1,-0.0016159539
Cold,463695,2857,2856,81,63,0,-0.003395023
Cold,461017,2842,2841,81,63,1,-0.0051448876
Cold,460055,2837,2836,81,63,0,-0.004064498
Cold,595036,3620,3619,81,63,0,-0.0076566627
Cold,453357,2792,2791,81,63,0,-0.012360645
Cold,454114,2793,2792,81,63,1,-0.004658185
Cold,441145,2700,2699,81,63,0,0.00219535
Cold,833012,5008,5007,81,63,0,-0.0039918614
Cold,427144,2592,2591,81,63,0,8.319365e-05
Cold,423906,2567,2566,81,63,1,-0.001925268
Cold,416193,2506,2505,81,63,0,-0.006796178
Cold,399308,2376,2375,81,63,1,-0.004885954
Cold,392618,2304,2303,81,63,1,-0.016398935
Cold,390250,2288,2287,81,63,0,-0.0022981009
Cold,359654,2102,2101,81,63,0,0.000546783
Cold,349652,2051,2050,81,63,1,0.0011748145
Cold,375768,2188,2187,81,63,1,-0.0056941146
Cold,371882,2172,2171,81,63,1,-0.008458933
Cold,345359,2025,2024,81,63,0,-0.010564437
Cold,341022,2010,2009,81,63,0,-0.008948151
Cold,296237,1757,1756,81,63,1,0.00044290663
Cold,274583,1658,1657,81,63,0,-0.0045472495
Cold,280132,1680,1679,81,63,0,-0.0063207513
Cold,266169,1613,1612,81,63,0,-0.006477534
Cold,283343,1696,1695,81,63,1,-0.005210259
Cold,296661,1758,1757,81,63,1,0.0022909814
Cold,213145,1297,1296,81,63,1,0.00011835829
Cold,208135,1272,1271,81,63,0,0.00760488
Cold,206150,1264,1263,81,63,0,-0.00992195
Cold,196819,1207,1206,81,63,0,-0.004555385
Cold,185910,1150,1149,81,63,0,-0.0067429626
Cold,307805,1835,1834,81,63,1,0.0007773796
Cold,179308,1124,1123,81,63,1,-0.005061961
Cold,195097,1202,1201,81,63,0,-0.0052245036
Cold,168740,1069,1068,81,63,0,-0.006367091
Cold,181361,1133,1132,81,63,0,-0.016208448
Cold,162521,1035,1034,81,63,0,-0.0056162393
Cold,151790,975,974,81,63,0,-0.01129464
Cold,144316,929,928,81,63,1,-0.0064111026
Cold,139737,894,893,81,63,1,0.0053474787
Cold,138972,889,888,81,63,0,-0.009919079
Cold,134695,869,868,81,63,0,-0.008269186
Cold,352476,2063,2062,81,63,0,-0.0023161247
Cold,115610,749,748,81,63,1,0.00095590414
Cold,778974,4653,4652,81,63,0,-0.003291
Cold,108395,710,709,81,63,1,-0.0041719237
Cold,103740,689,688,81,63,0,-0.0038233171
Cold,267382,1624,1623,81,63,1,0.0069804387
Cold,99146,660,659,81,63,0,0.0041409475
Cold,295120,1752,1751,81,63,0,-0.010253636
Cold,104626,692,691,81,63,1,-0.005278224
Cold,111124,721,720,81,63,0,0.00076392066
Cold,480357,2946,2945,81,63,0,-0.0053756637
Cold,309003,1837,1836,81,63,1,-0.00017820927
Cold,78008,524,523,81,63,1,-0.0020166705
Cold,59260,402,401,81,63,0,-0.007462874
Cold,54098,352,351,81,63,1,-0.004814609
Cold,696844,4169,4168,81,63,1,-0.015009321
Cold,38426,261,260,81,63,0,-0.0032816774
Cold,40581,272,271,81,63,0,0.00026991492
Cold,30123,202,201,81,63,0,-0.0025558262
Cold,22729,163,162,81,63,0,-0.0049180402
Cold,16360,129,128,81,63,1,-0.009958925
Cold,20235,149,148,81,63,1,0.0046409965
Cold,15821,123,122,81,63,1,0.0035137841
Cold,16773,131,130,81,63,0,-0.0023784107
Cold,8001,53,52,81,63,1,-0.0056333216
Cold,633730,3824,3823,81,63,1,-0.0023501455
Cold,2793,22,21,81,63,1,0.0027380302
Cold,20951,151,150,81,63,1,-0.010819164
Cold,513250,3163,3162,81,63,0,4.698988e-06
Cold,318009,1889,1888,81,63,0,-0.009274671
Cold,592782,3613,3612,81,63,0,-0.005223803
Cold,195827,1203,1202,81,63,0,-0.0074614594
Cold,322806,1912,1911,81,63,0,0.0006997952
Cold,408502,2453,2452,81,63,0,-0.006319199
Cold,59989,408,407,81,63,0,-0.002350939
Cold,325088,1925,1924,81,63,0,0.00082869874
Cold,860209,5172,5171,81,63,1,0.00040322542
Cold,941563,5682,5681,81,63,1,-0.0064164065
Cold,215762,1306,1305,81,63,1,0.00036484608
Cold,162758,1038,1037,82,64,1,-0.008736979
Cold,160989,1023,1022,82,64,1,-5.49017e-05
Cold,135089,873,872,82,64,1,-0.0005719175
Cold,124633,801,800,82,64,1,-0.009406409
Cold,107395,706,705,82,64,0,-0.010548606
Cold,101048,673,672,82,64,1,-0.002044465
Cold,98022,655,654,82,64,0,-0.0025851869
Cold,696845,4169,4168,82,64,1,-0.009649587
Cold,284617,1698,1697,82,64,1,-0.013823945
Cold,78009,524,523,82,64,0,-0.0073397164
Cold,67912,454,453,82,64,1,-0.009577246
Cold,51721,339,338,82,64,0,-0.0015060421
Cold,883180,5333,5332,82,64,0,0.0013349026
Cold,27644,193,192,82,64,1,-0.0057816654
Cold,10109,72,71,82,64,1,-0.0037994527
Cold,9461,62,61,82,64,1,-0.0094281295
Cold,207222,1266,1265,82,64,1,-0.010094611
Cold,42907,293,292,82,64,0,-0.015840018
Cold,249996,1505,1504,82,64,1,-0.0048194705
Cold,556666,3420,3419,82,64,1,-0.0053393412
Cold,116689,752,751,82,64,1,-0.010735685
Cold,59661,405,404,82,64,1,-0.0016040365
Cold,893129,5394,5393,82,64,1,-0.011120401
Cold,93457,624,623,82,64,0,0.002070269
Cold,575649,3519,3518,82,64,0,-0.0011285685
Cold,287914,1717,1716,82,64,1,-0.007994431
Cold,187857,1164,1163,82,64,1,-0.004321183
Cold,460907,2841,2840,82,64,1,-0.0054175896
Cold,860210,5172,5171,82,64,1,-0.009462617
Cold,626383,3791,3790,85,65,0,0.0027546072
Cold,625351,3779,3778,85,65,1,-0.00411998
Cold,622882,3769,3768,85,65,1,0.009670226
Cold,620827,3760,3759,85,65,0,-0.0026004051
Cold,614025,3718,3717,85,65,1,-0.0022887967
Cold,609789,3695,3694,85,65,1,0.0014577156
Cold,602357,3664,3663,85,65,0,0.00015080639
Cold,589657,3596,3595,85,65,1,0.0009200979
Cold,587129,3585,3584,85,65,0,0.0035326057
Cold,579847,3539,3538,85,65,1,0.0034506293
Cold,568473,3487,3486,85,65,0,-0.003013465
Cold,554290,3410,3409,85,65,0,0.0058880174
Cold,899553,5437,5436,85,65,1,0.001982434
Cold,545541,3364,3363,85,65,1,0.0054185498
Cold,904302,5468,5467,85,65,0,0.0028739502
Cold,534860,3300,3299,85,65,1,-0.001953122
Cold,831041,4995,4994,85,65,1,-0.006565657
Cold,520910,3214,3213,85,65,1,-0.003382777
Cold,523078,3224,3223,85,65,0,0.0051382557
Cold,523965,3229,3228,85,65,0,-0.0004968051
Cold,518545,3200,3199,85,65,1,-0.005200393
Cold,516033,3184,3183,85,65,0,-0.0015563148
Cold,513251,3163,3162,85,65,1,0.00037839683
Cold,506957,3118,3117,85,65,0,-0.0014789428
Cold,554964,3412,3411,85,65,0,-0.0017723104
Cold,501552,3080,3079,85,65,0,-0.00035571062
Cold,500346,3072,3071,85,65,0,0.0030346776
Cold,499812,3067,3066,85,65,1,-0.003833396
Cold,496966,3053,3052,85,65,1,-0.0026044513
Cold,496241,3049,3048,85,65,1,0.00018105796
Cold,574993,3518,3517,85,65,1,0.0020294613
Cold,799348,4790,4789,85,65,0,0.001181293
Cold,490451,3017,3016,85,65,0,0.0075257104
Cold,488399,3004,3003,85,65,1,-0.001545625
Cold,497480,3054,3053,85,65,0,-0.004979414
Cold,482954,2967,2966,85,65,1,0.0070739733
Cold,475237,2916,2915,85,65,0,0.003528518
Cold,474855,2913,2912,85,65,0,-0.0020595773
Cold,457491,2818,2817,85,65,1,-0.0007703161
Cold,447077,2753,2752,85,65,0,0.002005915
Cold,444142,2738,2737,85,65,1,0.002580957
Cold,696847,4169,4168,85,65,0,0.0030347628
Cold,416194,2506,2505,85,65,0,-0.002058834
Cold,402575,2402,2401,85,65,1,-0.0033821156
Cold,399309,2376,2375,85,65,1,0.006542083
Cold,395296,2334,2333,85,65,1,0.0059988433
Cold,392619,2304,2303,85,65,1,0.0028484585
Cold,655977,3952,3951,85,65,0,-0.013069753
Cold,381433,2230,2229,85,65,1,-0.001942572
Cold,383848,2242,2241,85,65,1,0.003014002
Cold,379811,2221,2220,85,65,1,0.009398395
Cold,377520,2203,2202,85,65,0,0.00620629
Cold,353790,2072,2071,85,65,0,-0.002637282
Cold,336487,1980,1979,85,65,0,-0.009183529
Cold,316447,1883,1882,85,65,0,-0.0018158313
Cold,318737,1894,1893,85,65,1,0.0015773459
Cold,327287,1939,1938,85,65,1,-0.0029139225
Cold,297966,1766,1765,85,65,0,0.0020749455
Cold,310226,1845,1844,85,65,0,0.0033761552
Cold,269368,1632,1631,85,65,0,0.003895226
Cold,264284,1607,1606,85,65,1,0.0013066686
Cold,230876,1396,1395,85,65,0,-0.010375115
Cold,228637,1383,1382,85,65,0,0.0059992275
Cold,276528,1671,1670,85,65,1,-0.000583743
Cold,218337,1323,1322,85,65,0,-0.00065149483
Cold,215176,1303,1302,85,65,1,0.0035056951
Cold,280133,1680,1679,85,65,1,-0.00046106393
Cold,230011,1391,1390,85,65,1,0.006723402
Cold,185913,1150,1149,85,65,0,0.0029664177
Cold,211489,1285,1284,85,65,1,-2.0559411e-05
Cold,180523,1128,1127,85,65,1,-0.0017880155
Cold,201845,1242,1241,85,65,1,0.004219963
Cold,195828,1203,1202,85,65,0,0.0065681734
Cold,169867,1078,1077,85,65,1,0.00071039156
Cold,168743,1069,1068,85,65,1,-0.008657793
Cold,167346,1065,1064,85,65,0,0.0022576065
Cold,334843,1974,1973,85,65,0,-0.0046690316
Cold,160990,1023,1022,85,65,1,-0.0029930144
Cold,324635,1922,1921,85,65,1,0.0019048685
Cold,148591,956,955,85,65,0,0.0002120987
Cold,148902,957,956,85,65,0,0.00942141
Cold,146453,943,942,85,65,0,0.007756992
Cold,217428,1317,1316,85,65,1,-0.004649841
Cold,138973,889,888,85,65,0,0.0030547078
Cold,135090,873,872,85,65,1,0.0055377036
Cold,116690,752,751,85,65,1,0.013050459
Cold,187858,1164,1163,85,65,1,0.00504056
Cold,111385,724,723,85,65,0,-0.0015468029
Cold,112766,731,730,85,65,1,-0.0029490266
Cold,107396,706,705,85,65,1,-0.0033468367
Cold,98023,655,654,85,65,0,-0.0069110068
Cold,235353,1425,1424,85,65,1,0.005935971
Cold,284618,1698,1697,85,65,1,0.005349469
Cold,432268,2634,2633,85,65,1,0.0066400333
Cold,191611,1181,1180,85,65,0,0.00011888961
Cold,84892,551,550,85,65,1,-0.002784924
Cold,80591,534,533,85,65,0,0.0043804524
Cold,76221,517,516,85,65,1,-0.0017311168
Cold,197524,1211,1210,85,65,1,0.0046883747
Cold,76828,520,519,85,65,1,-0.0023649319
Cold,52761,347,346,85,65,0,0.0005265977
Cold,784261,4682,4681,85,65,1,0.0033622305
Cold,318010,1889,1888,85,65,0,0.0031106248
Cold,41498,281,280,85,65,1,0.013399393
Cold,35388,238,237,85,65,1,0.00046258443
Cold,309004,1837,1836,85,65,0,0.0012286603
Cold,26590,187,186,85,65,1,0.004020416
Cold,22110,161,160,85,65,1,-0.0063787084
Cold,9979,69,68,85,65,0,0.005698836
Cold,9462,62,61,85,65,0,0.0041553043
Cold,803778,4813,4812,85,65,1,0.0059624305
Cold,357781,2092,2091,85,65,1,-0.008342644
Cold,20952,151,150,85,65,0,-0.0018540097
Cold,1315,11,10,85,65,0,-0.0009860079
Cold,158795,1015,1014,85,65,1,-0.0043722177
Cold,203729,1252,1251,85,65,1,0.0006975876
Cold,893130,5394,5393,85,65,1,0.0038801464
Cold,263779,1605,1604,85,65,0,-0.00020372216
Cold,249997,1505,1504,85,65,0,0.002612888
Cold,460908,2841,2840,85,65,0,0.0004868167
Cold,796189,4771,4770,85,65,0,-0.001077635
Cold,245934,1484,1483,85,65,1,0.0016537249
Cold,565861,3475,3474,85,65,1,-0.0120086875
Cold,28474,195,194,85,65,1,0.0036175605
Cold,167563,1067,1066,85,65,1,-0.011054715
Cold,421326,2544,2543,85,65,1,-0.0052730814
Cold,739481,4418,4417,85,65,1,0.0011808028
Cold,174405,1101,1100,85,65,0,0.0014444669
Cold,18858,146,145,85,65,0,-0.0023659687
Cold,287915,1717,1716,85,65,0,-0.007797434
Cold,790577,4728,4727,85,65,1,-0.010699656
Cold,841319,5054,5053,85,65,0,0.0005152372
Cold,172196,1088,1087,85,65,0,0.002697296
Cold,974479,5878,5877,85,65,0,0.0045884196
Cold,152570,981,980,87,67,0,-0.0047795875
Cold,263781,1605,1604,87,67,0,-0.017612917
Cold,83644,549,548,87,67,0,0.004041739
Cold,84630,550,549,87,67,0,-0.01639399
Cold,73206,494,493,87,67,0,0.0045001125
Cold,32361,216,215,87,67,0,-0.019368343
Cold,10572,75,74,87,67,1,-0.006510428
Cold,235354,1425,1424,87,67,0,-0.01358914
Cold,954271,5761,5760,87,67,0,-0.004527734
Cold,365575,2127,2126,87,67,0,-0.0028544844
Cold,294016,1748,1747,87,67,1,-0.014956936
Cold,79821,531,530,87,67,0,-0.0031258268
Cold,907737,5492,5491,87,67,0,-0.0011877643
Cold,717065,4294,4293,87,67,0,-0.004013217
Cold,575650,3519,3518,87,67,0,-0.011628044
Cold,310929,1851,1850,87,67,0,-0.0017711809
Cold,606123,3681,3680,88,68,1,0.0147927115
Cold,600383,3650,3649,88,68,0,0.007877372
Cold,597335,3630,3629,88,68,0,0.0051807067
Cold,597000,3626,3625,88,68,1,0.010148531
Cold,592269,3610,3609,88,68,1,0.0027443715
Cold,588697,3590,3589,88,68,1,0.0049272208
Cold,582315,3557,3556,88,68,1,0.0045143217
Cold,572577,3507,3506,88,68,0,0.004613923
Cold,659327,3971,3970,88,68,1,0.017472437
Cold,658604,3967,3966,88,68,0,0.0033063483
Cold,550721,3391,3390,88,68,1,0.0015842745
Cold,537593,3311,3310,88,68,1,0.008653928
Cold,536346,3308,3307,88,68,0,0.0057825064
Cold,531340,3280,3279,88,68,0,0.009182595
Cold,520220,3208,3207,88,68,0,0.012085121
Cold,532467,3285,3284,88,68,0,0.009871398
Cold,515143,3180,3179,88,68,0,0.011900135
Cold,505889,3111,3110,88,68,1,-0.0023962385
Cold,502323,3082,3081,88,68,0,-0.006005778
Cold,516715,3189,3188,88,68,0,0.00598362
Cold,498354,3058,3057,88,68,0,0.004501773
Cold,496967,3053,3052,88,68,0,0.004914255
Cold,496698,3051,3050,88,68,1,-0.0033584116
Cold,493633,3031,3030,88,68,1,0.012002221
Cold,492226,3026,3025,88,68,0,0.0029527042
Cold,480685,2950,2949,88,68,0,-0.0037085458
Cold,476087,2922,2921,88,68,1,0.008731697
Cold,470565,2896,2895,88,68,1,0.005768397
Cold,457492,2818,2817,88,68,0,0.0014777157
Cold,487275,2996,2995,88,68,0,-0.0032353727
Cold,493086,3029,3028,88,68,0,0.0041756243
Cold,451978,2782,2781,88,68,0,-0.00031532394
Cold,451282,2777,2776,88,68,1,-0.0013950481
Cold,450435,2776,2775,88,68,0,-0.0040847566
Cold,430241,2621,2620,88,68,0,0.0043152585
Cold,404800,2419,2418,88,68,0,-0.0034480025
Cold,405592,2429,2428,88,68,0,0.0041049933
Cold,396057,2340,2339,88,68,0,0.009735676
Cold,385465,2251,2250,88,68,0,0.0098481625
Cold,375769,2188,2187,88,68,0,-0.0024082807
Cold,378521,2208,2207,88,68,0,0.003584876
Cold,382557,2235,2234,88,68,1,0.00032579678
Cold,368541,2153,2152,88,68,0,0.0004172112
Cold,364030,2120,2119,88,68,1,0.01122551
Cold,359655,2102,2101,88,68,0,0.014021464
Cold,356101,2085,2084,88,68,1,0.0040995106
Cold,362009,2109,2108,88,68,0,0.0060608312
Cold,352478,2063,2062,88,68,0,0.017736955
Cold,341025,2010,2009,88,68,0,0.005479104
Cold,326249,1930,1929,88,68,1,0.010078769
Cold,315694,1880,1879,88,68,0,0.019045431
Cold,297810,1764,1763,88,68,1,0.006217535
Cold,281460,1687,1686,88,68,1,0.003302021
Cold,299293,1776,1775,88,68,1,0.0077830376
Cold,275307,1666,1665,88,68,0,-0.0023834228
Cold,266171,1613,1612,88,68,0,0.0064256117
Cold,436789,2665,2664,88,68,1,0.007900914
Cold,309404,1841,1840,88,68,0,0.003387555
Cold,247992,1496,1495,88,68,0,0.013629469
Cold,237107,1441,1440,88,68,1,0.0043560835
Cold,224390,1356,1355,88,68,0,0.0068673543
Cold,223861,1354,1353,88,68,0,0.014867908
Cold,213146,1297,1296,88,68,0,0.0065106554
Cold,278106,1676,1675,88,68,0,0.0102732405
Cold,280136,1680,1679,88,68,0,0.008348383
Cold,193331,1193,1192,88,68,0,0.0060954345
Cold,189182,1172,1171,88,68,0,0.004913067
Cold,332019,1958,1957,88,68,0,0.011235392
Cold,173016,1096,1095,88,68,0,0.0058723665
Cold,272446,1645,1644,88,68,1,0.008904731
Cold,143768,927,926,88,68,0,0.006235542
Cold,137032,881,880,88,68,0,0.0023000187
Cold,249084,1501,1500,88,68,0,0.010554203
Cold,365576,2127,2126,88,68,0,-0.00018166547
Cold,332926,1962,1961,88,68,0,0.0019303068
Cold,160529,1019,1018,88,68,0,0.007648976
Cold,121634,781,780,88,68,1,0.003419696
Cold,178468,1120,1119,88,68,1,-0.0032578805
Cold,119620,770,769,88,68,1,4.799594e-05
Cold,106400,699,698,88,68,0,0.0063064517
Cold,106985,702,701,88,68,0,0.007268322
Cold,103052,683,682,88,68,0,-0.0013030539
Cold,101576,676,675,88,68,0,0.004960609
Cold,109509,714,713,88,68,1,0.008819026
Cold,96530,647,646,88,68,1,0.0053420933
Cold,329660,1943,1942,88,68,0,0.002536685
Cold,78011,524,523,88,68,0,0.0013993611
Cold,299887,1778,1777,88,68,0,0.010247761
Cold,72430,482,481,88,68,0,-0.00088938046
Cold,65644,438,437,88,68,0,0.012390306
Cold,251292,1516,1515,88,68,0,0.004482263
Cold,58998,401,400,88,68,0,0.009110037
Cold,58240,392,391,88,68,0,0.0041498453
Cold,59546,403,402,88,68,1,0.006687618
Cold,240659,1449,1448,88,68,0,0.0056821546
Cold,291771,1737,1736,88,68,0,0.004929252
Cold,54663,355,354,88,68,0,0.009402669
Cold,300059,1779,1778,88,68,0,0.0054337657
Cold,23279,166,165,88,68,1,0.0035750498
Cold,15822,123,122,88,68,0,0.00067671854
Cold,49711,329,328,88,68,0,0.0053748772
Cold,79822,531,530,88,68,1,-0.0030542864
Cold,66240,442,441,88,68,1,0.0062487465
Cold,1317,11,10,88,68,1,0.0018760384
Cold,78743,528,527,88,68,0,0.00928431
Cold,355259,2077,2076,88,68,0,0.0001477832
Cold,238394,1447,1446,88,68,0,0.0052908724
Cold,954272,5761,5760,88,68,0,0.003088813
Cold,88412,583,582,88,68,0,0.0005281791
Cold,363511,2116,2115,88,68,0,0.009645009
Cold,828887,4979,4978,88,68,0,0.0069714976
Cold,497481,3054,3053,88,68,0,-0.0035844864
Cold,342914,2015,2014,88,68,1,0.0062826937
Cold,618465,3746,3745,88,68,0,0.0028749248
Cold,116692,752,751,88,68,0,0.006736342
Cold,35147,237,236,88,68,0,0.0053764973
Cold,907738,5492,5491,88,68,0,0.0028462962
Cold,134696,869,868,88,68,1,-0.006542285
Cold,475687,2918,2917,88,68,0,0.0061095213
Cold,476518,2926,2925,88,68,0,0.0012132477
Cold,893131,5394,5393,88,68,0,0.009606474
Cold,53121,349,348,88,68,0,0.0071393163
Cold,273373,1647,1646,88,68,0,0.008909889
Cold,599558,3648,3647,88,68,1,0.005642392
Cold,433335,2641,2640,88,68,0,0.009828738
Cold,311407,1854,1853,88,68,0,0.00446178
Cold,461700,2847,2846,88,68,0,0.0023991147
Cold,941564,5682,5681,88,68,0,0.008538318
Cold,310930,1851,1850,88,68,0,0.0011530588
Cold,713474,4277,4276,88,68,0,0.009858378
Cold,116955,753,752,88,68,1,0.005075475
Cold,515791,3182,3181,88,68,1,0.009974692
Cold,196833,1207,1206,92,70,0,-0.009362285
Cold,322833,1912,1911,92,70,0,-0.005311388
Cold,332031,1958,1957,92,70,0,-0.00716575
Cold,184193,1146,1145,92,70,0,-0.0032132985
Cold,168755,1069,1068,92,70,0,-0.0015051153
Cold,133310,860,859,92,70,0,-0.0015956187
Cold,132164,854,853,92,70,0,-0.0068436656
Cold,116721,752,751,92,70,0,-0.0054685464
Cold,115059,746,745,92,70,0,-0.005484245
Cold,240687,1449,1448,92,70,0,-0.010896005
Cold,111139,721,720,92,70,0,4.6803558e-05
Cold,78034,524,523,92,70,1,-0.016008303
Cold,72452,482,481,92,70,0,-0.0035005487
Cold,75196,509,508,92,70,0,-0.0076241796
Cold,696863,4169,4168,92,70,0,-0.0066743055
Cold,5510,38,37,92,70,0,-0.0029856686
Cold,79836,531,530,92,70,0,-0.008508589
Cold,50407,331,330,92,70,0,-0.00091552536
Cold,627186,3792,3791,92,70,0,-0.012934415
Cold,150864,970,969,92,70,0,-0.0029247194
Cold,28505,195,194,92,70,1,-0.007768563
Cold,238423,1447,1446,92,70,0,-0.0005729629
Cold,102761,678,677,92,70,0,-0.006400304
Cold,902914,5458,5457,92,70,0,-0.011010829
Cold,217449,1317,1316,92,70,0,-0.009874246
Cold,179901,1125,1124,92,70,0,-0.0038510426
Cold,325098,1925,1924,92,70,0,0.004456022
Cold,974485,5878,5877,92,70,0,-0.0038941088
Cold,137047,881,880,93,71,0,0.00026463217
Cold,134715,869,868,93,71,0,5.665311e-05
Cold,328909,1941,1940,93,71,0,-0.0036443477
Cold,107249,705,704,93,71,0,-0.0006822308
Cold,108418,710,709,93,71,0,0.002794342
Cold,99165,660,659,93,71,0,-0.001364412
Cold,92882,621,620,93,71,0,0.0026999088
Cold,119639,770,769,93,71,0,-0.006929275
Cold,74208,505,504,93,71,0,-0.0015819655
Cold,82022,543,542,93,71,1,-0.001107879
Cold,70987,476,475,93,71,1,0.0016958076
Cold,65656,438,437,93,71,0,0.0061920956
Cold,240688,1449,1448,93,71,0,-0.009037054
Cold,51242,337,336,93,71,0,0.004847628
Cold,42005,284,283,93,71,0,0.0010757544
Cold,36798,245,244,93,71,0,0.0063124793
Cold,337310,1983,1982,93,71,0,-0.0048144967
Cold,30144,202,201,93,71,0,-0.007009675
Cold,28506,195,194,93,71,1,0.0043323794
Cold,7374,52,51,93,71,0,-0.005353316
Cold,696864,4169,4168,93,71,0,-0.0022197175
Cold,828896,4979,4978,93,71,0,0.0012440933
Cold,750538,4478,4477,93,71,0,0.00353754
Cold,332032,1958,1957,93,71,0,0.005470175
Cold,230695,1395,1394,93,71,0,0.005791432
Cold,713487,4277,4276,93,71,0,0.0066550854
Cold,310941,1851,1850,93,71,0,-0.0043808427
Cold,564843,3471,3470,93,71,0,-0.0041089915
Cold,718742,4305,4304,93,71,0,-0.0031444922
Cold,563270,3464,3463,94,72,1,-0.00054490403
Cold,557081,3422,3421,94,72,0,0.0018673195
Cold,557958,3425,3424,94,72,1,0.00011882512
Cold,556028,3416,3415,94,72,0,0.0046095187
Cold,574057,3513,3512,94,72,1,0.0073524592
Cold,575665,3519,3518,94,72,1,-0.001780041
Cold,550747,3391,3390,94,72,1,-0.0073267184
Cold,531358,3280,3279,94,72,1,0.0029717314
Cold,519649,3205,3204,94,72,0,-0.0047566444
Cold,504082,3098,3097,94,72,0,-0.00036629033
Cold,575004,3518,3517,94,72,0,-0.011771482
Cold,797698,4784,4783,94,72,1,-0.010222933
Cold,498541,3062,3061,94,72,0,-0.004531407
Cold,496976,3053,3052,94,72,0,0.006808609
Cold,659334,3971,3970,94,72,1,0.00032981765
Cold,493645,3031,3030,94,72,1,0.002379497
Cold,485409,2986,2985,94,72,1,-0.0057408595
Cold,498929,3065,3064,94,72,1,0.0011453606
Cold,468060,2885,2884,94,72,1,-0.0054747667
Cold,867272,5233,5232,94,72,1,-0.012147222
Cold,431500,2628,2627,94,72,1,7.638888e-05
Cold,425501,2581,2580,94,72,1,-0.005220524
Cold,404810,2419,2418,94,72,1,-0.00054663117
Cold,399327,2376,2375,94,72,0,-0.0005621987
Cold,413345,2485,2484,94,72,1,0.007835344
Cold,381437,2230,2229,94,72,0,0.0088364445
Cold,383089,2237,2236,94,72,1,0.0031808768
Cold,372549,2175,2174,94,72,1,-0.0011470125
Cold,363527,2116,2115,94,72,0,-0.002780388
Cold,352508,2063,2062,94,72,1,-0.0003707963
Cold,301450,1790,1789,94,72,0,0.0013863482
Cold,275315,1666,1665,94,72,1,-0.00209594
Cold,268199,1628,1627,94,72,1,0.008811159
Cold,259749,1587,1586,94,72,1,-0.0027835818
Cold,253654,1542,1541,94,72,0,0.00057045056
Cold,246029,1486,1485,94,72,1,-0.00014326628
Cold,247007,1491,1490,94,72,0,-0.0042035477
Cold,354421,2073,2072,94,72,1,-0.0070370464
Cold,241573,1451,1450,94,72,1,-0.007435863
Cold,296675,1758,1757,94,72,0,-0.00052293506
Cold,209632,1279,1278,94,72,1,0.0054899957
Cold,211518,1285,1284,94,72,1,-0.011466819
Cold,280178,1680,1679,94,72,1,-0.0030624962
Cold,185944,1150,1149,94,72,0,-0.0036482075
Cold,307826,1835,1834,94,72,1,0.004343746
Cold,201860,1242,1241,94,72,0,-0.015683103
Cold,170680,1086,1085,94,72,1,-0.008553839
Cold,168756,1069,1068,94,72,0,-0.0011994455
Cold,164128,1050,1049,94,72,0,-0.0011119074
Cold,139014,889,888,94,72,0,-0.01349077
Cold,380558,2223,2222,94,72,0,-0.0027536359
Cold,134779,870,869,94,72,1,-0.0033667698
Cold,263795,1605,1604,94,72,1,0.00020524533
Cold,134716,869,868,94,72,1,-0.0027820235
Cold,116722,752,751,94,72,1,0.00053885346
Cold,101058,673,672,94,72,0,-8.403906e-05
Cold,101582,676,675,94,72,1,0.0029666794
Cold,98372,658,657,94,72,0,-0.0032518043
Cold,177326,1117,1116,94,72,1,-0.0013373283
Cold,98034,655,654,94,72,0,-0.0035840184
Cold,295133,1752,1751,94,72,0,-0.0008718355
Cold,332935,1962,1961,94,72,0,0.008304465
Cold,631922,3821,3820,94,72,0,0.009572187
Cold,696865,4169,4168,94,72,1,0.0044741207
Cold,87377,570,569,94,72,1,-0.005215726
Cold,361213,2106,2105,94,72,1,0.0063949255
Cold,191644,1181,1180,94,72,0,0.0017033359
Cold,83676,549,548,94,72,1,-0.0040932675
Cold,82023,543,542,94,72,1,-0.0039123255
Cold,84650,550,549,94,72,1,0.006311109
Cold,76228,517,516,94,72,1,-0.0016507164
Cold,72453,482,481,94,72,1,-0.004668606
Cold,70314,474,473,94,72,1,0.00071357214
Cold,78752,528,527,94,72,0,0.0023807604
Cold,60284,409,408,94,72,1,-0.004328847
Cold,59000,401,400,94,72,0,0.012286516
Cold,54126,352,351,94,72,1,0.0068432656
Cold,52393,345,344,94,72,0,-0.0073011173
Cold,132783,855,854,94,72,1,0.00023932778
Cold,47773,319,318,94,72,1,-0.0034414516
Cold,45080,303,302,94,72,1,0.0014086164
Cold,239465,1448,1447,94,72,0,-0.0026000203
Cold,61473,412,411,94,72,0,-0.0035535754
Cold,99166,660,659,94,72,1,-0.011746097
Cold,417629,2520,2519,94,72,1,0.002153932
Cold,29371,199,198,94,72,1,0.0007998252
Cold,306295,1824,1823,94,72,0,0.0009659827
Cold,17960,138,137,94,72,1,-0.011416383
Cold,15844,123,122,94,72,1,0.0039057825
Cold,8020,53,52,94,72,1,-0.003551723
Cold,633756,3824,3823,94,72,1,0.010972952
Cold,3727,26,25,94,72,0,0.00012687407
Cold,50408,331,330,94,72,1,-0.0075923726
Cold,79837,531,530,94,72,0,-0.00076927943
Cold,158822,1015,1014,94,72,1,-0.0056582857
Cold,129798,839,838,94,72,1,-0.009140028
Cold,238424,1447,1446,94,72,1,-0.00902511
Cold,974056,5875,5874,94,72,1,-0.00076581875
Cold,572603,3507,3506,94,72,0,0.0027407515
Cold,242044,1457,1456,94,72,1,0.0045155003
Cold,943492,5689,5688,94,72,0,-0.0030120006
Cold,223879,1354,1353,94,72,0,-0.002118743
Cold,249093,1501,1500,94,72,0,-0.0070632696
Cold,164976,1051,1050,94,72,1,-0.0043061
Cold,556675,3420,3419,94,72,1,0.0029938614
Cold,145158,934,933,94,72,0,-0.0003849608
Cold,309862,1842,1841,94,72,1,-0.009092168
Cold,206522,1265,1264,94,72,1,-0.00736189
Cold,805833,4823,4822,94,72,0,-0.004101137
Cold,893138,5394,5393,94,72,1,-0.001701214
Cold,172225,1088,1087,94,72,0,-0.008147838
Cold,285594,1701,1700,94,72,1,0.0010681829
Cold,286978,1712,1711,94,72,0,-0.00790792
Cold,187869,1164,1163,94,72,1,-0.010072415
Cold,790585,4728,4727,94,72,0,-0.0026177592
Cold,748282,4467,4466,94,72,0,-0.0030681738
Cold,229792,1390,1389,94,72,1,-0.008126701
Cold,881119,5322,5321,94,72,1,-0.006346008
Cold,480516,2947,2946,94,72,1,-0.003445779
Cold,295818,1755,1754,94,72,1,0.0015693321
Cold,63550,424,423,94,72,1,-0.0043506287
Cold,564844,3471,3470,94,72,0,-0.0082257055
Cold,688117,4116,4115,100,74,1,-0.003408948
Cold,512966,3163,3162,100,74,1,0.0059173135
Cold,508708,3129,3128,100,74,0,-0.008137139
Cold,499541,3067,3066,100,74,0,-0.0055030477
Cold,494293,3032,3031,100,74,1,0.00017957902
Cold,590557,3602,3601,100,74,0,0.005186776
Cold,485142,2986,2985,100,74,0,0.006094211
Cold,477218,2929,2928,100,74,0,0.012797511
Cold,465721,2872,2871,100,74,0,0.011224167
Cold,463411,2857,2856,100,74,0,0.01111178
Cold,458954,2825,2824,100,74,0,0.002489286
Cold,453856,2793,2792,100,74,1,0.0034712814
Cold,431678,2629,2628,100,74,1,0.006209967
Cold,431425,2628,2627,100,74,1,-0.0018521876
Cold,416723,2507,2506,100,74,1,0.0057600113
Cold,414051,2491,2490,100,74,1,0.00015646033
Cold,408298,2453,2452,100,74,0,0.008615499
Cold,399150,2376,2375,100,74,0,0.0036669709
Cold,373202,2179,2178,100,74,0,0.0014627828
Cold,358556,2098,2097,100,74,1,0.015266812
Cold,359460,2102,2101,100,74,0,-0.0015692499
Cold,275838,1668,1667,100,74,0,-0.002134269
Cold,296126,1757,1756,100,74,0,0.010635577
Cold,265881,1613,1612,100,74,0,-6.886199e-05
Cold,283236,1696,1695,100,74,0,0.00014170085
Cold,205906,1264,1263,100,74,0,-0.00483422
Cold,210209,1284,1283,100,74,0,0.0043533803
Cold,321694,1908,1907,100,74,1,0.0026283232
Cold,172374,1090,1089,100,74,0,-0.0018162344
Cold,168544,1069,1068,100,74,1,0.0006693215
Cold,167933,1068,1067,100,74,0,0.010346993
Cold,163914,1050,1049,100,74,0,0.009049483
Cold,145397,935,934,100,74,0,-0.0030624303
Cold,157014,1010,1009,100,74,0,0.0030388688
Cold,136702,881,880,100,74,0,0.01053011
Cold,131983,854,853,100,74,0,0.013497969
Cold,779107,4653,4652,100,74,0,0.0068195974
Cold,116359,752,751,100,74,0,0.009508281
Cold,98921,660,659,100,74,0,-0.0030569183
Cold,108101,710,709,100,74,1,0.004492114
Cold,113593,736,735,100,74,0,0.005603733
Cold,207550,1268,1267,100,74,1,-0.0016598719
Cold,83280,549,548,100,74,1,0.0020163613
Cold,47365,319,318,100,74,0,0.012878301
Cold,239083,1448,1447,100,74,0,0.0021722554
Cold,697532,4169,4168,100,74,0,0.008494072
Cold,55550,368,367,100,74,1,0.009252267
Cold,27088,192,191,100,74,0,-0.003294335
Cold,19308,148,147,100,74,0,-0.00688639
Cold,16628,131,130,100,74,0,0.008541169
Cold,9220,62,61,100,74,0,0.0035773208
Cold,7619,53,52,100,74,1,0.0028891768
Cold,104413,692,691,100,74,1,0.0074244095
Cold,79520,531,530,100,74,0,0.00046535325
Cold,481910,2962,2961,100,74,0,-0.0041219257
Cold,254427,1546,1545,100,74,1,-0.0040110387
Cold,158378,1015,1014,100,74,0,0.0051657986
Cold,50046,331,330,100,74,0,0.00054724584
Cold,150659,970,969,100,74,0,0.004379656
Cold,240244,1449,1448,100,74,0,0.0032455446
Cold,874129,5277,5276,100,74,0,-0.00044268265
Cold,317795,1889,1888,100,74,0,-0.0048976014
Cold,19902,149,148,100,74,1,-0.0008738253
Cold,309671,1842,1841,100,74,0,-0.004468212
Cold,894088,5397,5396,100,74,0,0.0059904335
Cold,473819,2909,2908,100,74,1,0.011003058
Cold,941748,5682,5681,100,74,0,-0.0003095523
Cold,790808,4728,4727,100,74,0,0.012536636
Cold,34689,235,234,117,82,1,-0.006039423
Cold,33431,225,224,117,82,0,0.00029774895
Cold,19930,149,148,117,82,1,-0.015248903
Cold,16641,131,130,117,82,1,-0.0028978994
Cold,206994,1266,1265,117,82,0,-0.009860716
Cold,239113,1448,1447,117,82,1,-0.010018164
Cold,901614,5450,5449,117,82,0,-0.0032545212
Cold,458088,2820,2819,117,82,0,-0.0074706366
Cold,416750,2507,2506,117,82,1,-0.008419743
Cold,226168,1369,1368,117,82,1,-0.005201195
Cold,309688,1842,1841,117,82,1,-0.015726851
Cold,245838,1484,1483,117,82,1,-0.007074081
Cold,290362,1733,1732,117,82,0,-0.0011817563
Cold,512985,3163,3162,117,82,1,-0.0027891102
Cold,371748,2172,2171,117,82,1,-0.0046941247
Cold,233691,1421,1420,117,82,1,-0.018439924
Cold,893409,5394,5393,117,82,0,-0.008680694
Cold,778301,4647,4646,117,82,0,-0.0060684076
Cold,193774,1194,1193,117,82,0,-0.0075615193
Cold,386128,2258,2257,118,83,1,-0.005893625
Cold,967441,5831,5830,118,83,1,-0.00094742374
Cold,682589,4085,4084,118,83,1,0.011065217
Cold,352078,2063,2062,118,83,1,0.011423303
Cold,259561,1587,1586,118,83,0,0.011157772
Cold,116395,752,751,118,83,0,0.006868935
Cold,331762,1958,1957,118,83,0,0.010418959
Cold,178242,1120,1119,118,83,0,0.007894635
Cold,635056,3829,3828,122,84,1,-0.0060738777
Cold,726065,4344,4343,122,84,1,0.004422129
Cold,624959,3778,3777,122,84,0,0.0012250405
Cold,720566,4312,4311,122,84,0,0.0020276173
Cold,618074,3745,3744,122,84,0,-0.0011463874
Cold,614857,3724,3723,122,84,0,-0.009587102
Cold,611911,3709,3708,122,84,0,0.00028114952
Cold,608347,3690,3689,122,84,0,0.0034785701
Cold,605910,3681,3680,122,84,1,0.0058650705
Cold,609704,3695,3694,122,84,0,0.0062029934
Cold,636402,3834,3833,122,84,1,-0.0003909089
Cold,596732,3626,3625,122,84,0,0.0030382075
Cold,592074,3610,3609,122,84,0,0.0041254153
Cold,591558,3609,3608,122,84,0,-0.004115463
Cold,588853,3591,3590,122,84,0,0.013051257
Cold,583563,3562,3561,122,84,1,0.006232878
Cold,582200,3557,3556,122,84,0,-0.00083561824
Cold,580234,3543,3542,122,84,0,-0.0073973406
Cold,617123,3735,3734,122,84,0,-0.0014515532
Cold,579533,3539,3538,122,84,0,0.009459448
Cold,572304,3507,3506,122,84,0,0.014416704
Cold,659209,3971,3970,122,84,0,0.00170883
Cold,562693,3462,3461,122,84,0,0.00978291
Cold,559974,3441,3440,122,84,0,0.0057616737
Cold,556960,3422,3421,122,84,0,0.0048035253
Cold,571467,3504,3503,122,84,0,0.0048657963
Cold,658454,3967,3966,122,84,0,-0.0016976733
Cold,548403,3384,3383,122,84,1,0.0009944863
Cold,542976,3341,3340,122,84,0,-0.0015119319
Cold,547615,3378,3377,122,84,0,-0.0008860505
Cold,541425,3331,3330,122,84,0,0.002069857
Cold,542333,3336,3335,122,84,0,0.0045908527
Cold,537318,3311,3310,122,84,0,0.0025129656
Cold,536134,3308,3307,122,84,0,0.005484528
Cold,531156,3280,3279,122,84,0,-0.010154287
Cold,522749,3224,3223,122,84,0,0.0059483633
Cold,517036,3191,3190,122,84,0,0.006607063
Cold,508729,3129,3128,122,84,0,0.007311815
Cold,516561,3189,3188,122,84,1,0.0074115316
Cold,499574,3067,3066,122,84,0,-0.0027460153
Cold,494335,3032,3031,122,84,1,0.007054925
Cold,493480,3031,3030,122,84,0,0.0068770153
Cold,492127,3026,3025,122,84,0,-0.004059163
Cold,489705,3013,3012,122,84,1,0.0013245202
Cold,488364,3004,3003,122,84,1,-0.010111403
Cold,870564,5256,5255,122,84,0,0.0007280498
Cold,473879,2909,2908,122,84,0,0.0018758054
Cold,470463,2896,2895,122,84,1,0.012058441
Cold,468989,2888,2887,122,84,0,0.008850196
Cold,460357,2840,2839,122,84,0,-0.0040060002
Cold,594913,3620,3619,122,84,0,0.012454146
Cold,444757,2743,2742,122,84,1,0.0074319867
Cold,443898,2737,2736,122,84,0,0.0040289294
Cold,564567,3471,3470,122,84,0,0.002485975
Cold,419856,2537,2536,122,84,0,0.010395626
Cold,412911,2484,2483,122,84,0,0.008523772
Cold,404634,2419,2418,122,84,0,0.007561903
Cold,394521,2326,2325,122,84,1,-0.0070218584
Cold,393135,2309,2308,122,84,1,-0.0010839973
Cold,393989,2321,2320,122,84,1,0.00357753
Cold,390091,2288,2287,122,84,0,-0.007051925
Cold,377905,2205,2204,122,84,0,0.0022951278
Cold,361783,2109,2108,122,84,0,0.007444878
Cold,352090,2063,2062,122,84,0,-0.00078827864
Cold,371750,2172,2171,122,84,0,0.005490654
Cold,348129,2041,2040,122,84,0,0.01369342
Cold,344190,2020,2019,122,84,0,0.014611542
Cold,330561,1951,1950,122,84,0,0.0051022205
Cold,315412,1880,1879,122,84,0,-0.0034458786
Cold,299713,1778,1777,122,84,1,-0.0008105809
Cold,265919,1613,1612,122,84,0,0.0017898676
Cold,259567,1587,1586,122,84,0,0.0032805079
Cold,224257,1356,1355,122,84,0,0.010982332
Cold,277837,1676,1675,122,84,0,0.00019104325
Cold,273107,1647,1646,122,84,0,0.0025643012
Cold,205935,1264,1263,122,84,0,0.0016483758
Cold,279594,1680,1679,122,84,1,0.0012777364
Cold,244093,1470,1469,122,84,1,0.016852839
Cold,214978,1303,1302,122,84,0,-0.0020414607
Cold,198861,1221,1220,122,84,0,0.007511241
Cold,196633,1207,1206,122,84,0,0.00394696
Cold,193235,1193,1192,122,84,0,-0.0035186121
Cold,192420,1184,1183,122,84,0,-0.0041499976
Cold,307575,1835,1834,122,84,1,0.0052340585
Cold,173749,1100,1099,122,84,0,0.00067065505
Cold,176095,1113,1112,122,84,0,0.0077781817
Cold,189430,1173,1172,122,84,0,0.008392151
Cold,167958,1068,1067,122,84,0,0.0073808823
Cold,153804,988,987,122,84,0,-0.0038850526
Cold,221480,1340,1339,122,84,0,0.010613145
Cold,157048,1010,1009,122,84,0,0.006612017
Cold,138548,889,888,122,84,0,0.00860672
Cold,263496,1605,1604,122,84,0,0.0068001514
Cold,328409,1941,1940,122,84,0,0.0016248694
Cold,117850,759,758,122,84,0,-0.0092660915
Cold,112589,731,730,122,84,1,0.008715762
Cold,216469,1314,1313,122,84,0,-0.003665004
Cold,106196,699,698,122,84,0,-0.003940397
Cold,106850,702,701,122,84,0,-0.0063731936
Cold,98339,658,657,122,84,0,-0.003685256
Cold,87303,570,569,122,84,0,0.0024327515
Cold,291543,1737,1736,122,84,0,-0.0017702607
Cold,82285,546,545,122,84,0,0.016088715
Cold,81795,543,542,122,84,1,0.005327072
Cold,70862,476,475,122,84,1,0.00084721204
Cold,58953,401,400,122,84,0,-0.0015726549
Cold,53662,352,351,122,84,0,0.0057947375
Cold,132567,855,854,122,84,0,-0.0029224101
Cold,288630,1724,1723,122,84,0,0.00961219
Cold,110933,721,720,122,84,0,-0.004346399
Cold,179713,1125,1124,122,84,0,0.0027227094
Cold,44977,303,302,122,84,1,0.004023618
Cold,43899,301,300,122,84,0,0.010466024
Cold,538048,3312,3311,122,84,0,-8.9021865e-05
Cold,36420,245,244,122,84,0,0.006203801
Cold,35449,239,238,122,84,0,-0.0037625143
Cold,22463,163,162,122,84,0,0.0032534534
Cold,9246,62,61,122,84,0,0.0050010234
Cold,3735,26,25,122,84,0,0.005373793
Cold,78563,528,527,122,84,0,0.007827686
Cold,893415,5394,5393,122,84,0,0.005334269
Cold,874136,5277,5276,122,84,1,0.00092903967
Cold,860352,5172,5171,122,84,0,-0.0043430505
Cold,829188,4979,4978,122,84,0,-2.5648158e-05
Cold,240294,1449,1448,122,84,0,-0.0033672235
Cold,682596,4085,4084,122,84,1,0.010505383
Cold,317822,1889,1888,122,84,0,0.0030843306
Cold,924172,5580,5579,122,84,1,-0.0037414087
Cold,134440,869,868,122,84,0,0.0018584887
Cold,476420,2926,2925,122,84,0,0.015427627
Cold,257797,1579,1578,122,84,0,0.0105005205
Cold,748335,4467,4466,122,84,1,0.007150452
Cold,193781,1194,1193,122,84,0,-0.0053880806
Cold,550352,3391,3390,122,84,0,0.008158395
Cold,482805,2967,2966,123,85,1,-0.00186964
Cold,480859,2952,2951,123,85,1,-0.0019081733
Cold,458960,2825,2824,123,85,1,0.0032416172
Cold,571158,3503,3502,123,85,1,-0.0057254257
Cold,448496,2764,2763,123,85,1,0.00160491
Cold,425377,2581,2580,123,85,1,0.0030164556
Cold,422319,2557,2556,123,85,0,0.0038402881
Cold,357932,2094,2093,123,85,1,-0.0025263233
Cold,329818,1945,1944,123,85,1,0.0075440863
Cold,292438,1741,1740,123,85,1,0.004006095
Cold,267626,1626,1625,123,85,0,0.005317755
Cold,264193,1607,1606,123,85,0,0.0077164015
Cold,231419,1402,1401,123,85,0,0.007876172
Cold,214980,1303,1302,123,85,0,0.0029018903
Cold,209518,1279,1278,123,85,1,0.008028364
Cold,203891,1254,1253,123,85,1,0.0058685755
Cold,308777,1837,1836,123,85,1,0.00029096287
Cold,173751,1100,1099,123,85,1,0.0020408782
Cold,320210,1899,1898,123,85,1,0.00845265
Cold,186174,1151,1150,123,85,1,-0.0059410213
Cold,147777,952,951,123,85,1,0.0035983494
Cold,138549,889,888,123,85,0,0.007401326
Cold,200100,1228,1227,123,85,0,-0.0018740627
Cold,328413,1941,1940,123,85,0,-3.3903867e-05
Cold,240297,1449,1448,123,85,1,0.0023840065
Cold,107359,706,705,123,85,1,0.0019502523
Cold,284344,1698,1697,123,85,1,0.004495005
Cold,198226,1218,1217,123,85,1,-0.007542954
Cold,80562,534,533,123,85,0,0.002651452
Cold,70220,474,473,123,85,1,0.0019696727
Cold,56969,385,384,123,85,1,4.000496e-06
Cold,201668,1242,1241,123,85,1,0.0055788364
Cold,53664,352,351,123,85,1,-0.0025803463
Cold,132569,855,854,123,85,1,0.008277278
Cold,33449,225,224,123,85,1,0.0037944717
Cold,133660,864,863,123,85,0,0.0057121348
Cold,7667,53,52,123,85,1,0.0065470114
Cold,4996,35,34,123,85,1,0.0053478368
Cold,421113,2544,2543,123,85,0,-0.00075349
Cold,74330,507,506,123,85,1,-0.0048017157
Cold,176097,1113,1112,123,85,1,0.011440283
Cold,805967,4823,4822,123,85,1,-0.004195324
Cold,290370,1733,1732,123,85,1,-4.7224108e-05
Cold,967450,5831,5830,123,85,1,0.010079559
Cold,19941,149,148,123,85,1,0.010446111
Cold,964554,5812,5811,123,85,1,0.002482281
Cold,10385,74,73,123,85,0,0.006127002
Cold,893417,5394,5393,123,85,1,0.0034847474
Cold,160240,1019,1018,123,85,0,0.0067963693
Cold,609705,3695,3694,123,85,1,-0.0045126104
Cold,179716,1125,1124,123,85,0,-0.006254766
Cold,933961,5636,5635,123,85,0,0.0027769464
Cold,959081,5787,5786,123,85,1,1.871225e-05
Cold,116408,752,751,123,85,0,-0.0002670819
Cold,322534,1912,1911,123,85,0,0.008059587
Cold,273110,1647,1646,126,87,0,0.012577979
Cold,279603,1680,1679,126,87,0,0.0027870685
Cold,186398,1152,1151,126,87,0,0.007567637
Cold,182377,1138,1137,126,87,0,0.0056024995
Cold,248921,1501,1500,126,87,0,0.008624071
Cold,328416,1941,1940,126,87,0,0.009028858
Cold,163167,1042,1041,126,87,0,-0.002814649
Cold,363978,2120,2119,126,87,0,0.0029795496
Cold,342646,2015,2014,126,87,0,0.008444971
Cold,155971,1004,1003,126,87,0,0.006409962
Cold,157053,1010,1009,126,87,0,0.010201382
Cold,277072,1675,1674,126,87,0,0.014062751
Cold,134445,869,868,126,87,0,0.011496833
Cold,121232,780,779,126,87,0,0.013535964
Cold,175056,1109,1108,126,87,0,0.0015955415
Cold,114517,744,743,126,87,0,0.01300179
Cold,110402,720,719,126,87,0,0.0115776025
Cold,112593,731,730,126,87,0,0.01122154
Cold,216471,1314,1313,126,87,0,0.0018741433
Cold,108766,712,711,126,87,0,0.009986267
Cold,86195,563,562,126,87,0,0.0107610375
Cold,85919,561,560,126,87,0,0.009194224
Cold,64977,436,435,126,87,0,0.008997988
Cold,54731,357,356,126,87,0,0.010066232
Cold,46436,310,309,126,87,1,0.0090599675
Cold,41764,284,283,126,87,0,0.0044404333
Cold,40709,273,272,126,87,1,0.0058679054
Cold,7670,53,52,126,87,0,0.008995015
Cold,73828,500,499,126,87,0,0.010667622
Cold,49361,329,328,126,87,0,0.0071724504
Cold,386132,2258,2257,126,87,0,0.006376136
Cold,333947,1969,1968,126,87,0,0.0063769473
Cold,11951,92,91,126,87,0,0.012350061
Cold,139236,890,889,126,87,0,0.008702091
Cold,352094,2063,2062,126,87,0,0.017366547
Cold,206411,1265,1264,126,87,0,0.006854669
Cold,63151,424,423,126,87,0,0.00841462
Cold,28095,195,194,126,87,0,0.005099579
Cold,484648,2985,2984,126,87,0,0.003559127
Cold,275647,1667,1666,132,88,0,0.0018488779
Cold,226404,1370,1369,132,88,0,0.008623043
Cold,196640,1207,1206,132,88,0,0.013032556
Cold,279616,1680,1679,132,88,1,0.004226069
Cold,185525,1150,1149,132,88,0,0.0014110454
Cold,184070,1146,1145,132,88,0,0.0068168333
Cold,157064,1010,1009,132,88,0,0.010632048
Cold,114932,746,745,132,88,0,0.009753342
Cold,179723,1125,1124,132,88,0,0.008788595
Cold,83340,549,548,132,88,1,0.0028515318
Cold,72201,482,481,132,88,0,0.0011936277
Cold,74971,509,508,132,88,0,0.012906797
Cold,254443,1546,1545,132,88,0,0.0071468716
Cold,98969,660,659,132,88,0,0.0021728259
Cold,27142,192,191,132,88,0,0.0030131226
Cold,19959,149,148,132,88,0,0.006291432
Cold,9258,62,61,132,88,0,0.001670136
Cold,108151,710,709,132,88,0,0.004041834
Cold,697588,4169,4168,132,88,0,0.015340709
Cold,626937,3792,3791,132,88,0,0.01251106
Cold,355048,2077,2076,132,88,0,0.006031169
Cold,150688,970,969,132,88,0,0.002277295
Cold,363229,2116,2115,132,88,0,0.013015393
Cold,778314,4647,4646,132,88,0,0.013061605
Cold,265205,1611,1610,132,88,0,0.0113221705
Cold,66126,442,441,132,88,0,0.007476439
Cold,993738,6001,6000,132,88,0,0.0027168118
Cold,63158,424,423,132,88,1,0.0076633394
Cold,328428,1941,1940,132,88,0,0.004984786
Cold,790828,4728,4727,132,88,0,0.005766086
Cold,550366,3391,3390,132,88,0,0.009082658
Cold,392371,2304,2303,135,89,0,0.0027921798
Cold,377351,2203,2202,135,89,0,0.008442636
Cold,382515,2235,2234,135,89,0,-0.0012384579
Cold,370314,2165,2164,135,89,1,-0.0005452293
Cold,368448,2153,2152,135,89,1,-0.005235219
Cold,366626,2136,2135,135,89,0,-0.0047169514
Cold,356015,2085,2084,135,89,1,0.0075934147
Cold,341710,2012,2011,135,89,0,-0.00377941
Cold,340805,2010,2009,135,89,0,0.0031841963
Cold,297627,1764,1763,135,89,1,-0.005164909
Cold,281352,1687,1686,135,89,0,-0.0017216208
Cold,268581,1631,1630,135,89,0,0.0060690604
Cold,323933,1920,1919,135,89,1,-0.0023088823
Cold,252194,1527,1526,135,89,0,-0.00051406166
Cold,262306,1600,1599,135,89,0,-0.0037603052
Cold,296857,1759,1758,135,89,1,-0.00014584768
Cold,277852,1676,1675,135,89,0,-0.0048021805
Cold,198863,1221,1220,135,89,1,-0.0011995994
Cold,178260,1120,1119,135,89,1,-0.002084941
Cold,172942,1096,1095,135,89,0,0.008267976
Cold,175663,1112,1111,135,89,0,0.0086833285
Cold,328429,1941,1940,135,89,0,0.0064254976
Cold,272294,1645,1644,135,89,1,-0.0006595901
Cold,155975,1004,1003,135,89,0,0.00025628228
Cold,153184,984,983,135,89,1,-0.007016614
Cold,221487,1340,1339,135,89,0,-0.004838293
Cold,249304,1502,1501,135,89,1,-0.0054378556
Cold,136751,881,880,135,89,0,-0.0002978237
Cold,248927,1501,1500,135,89,0,-0.002869072
Cold,101454,676,675,135,89,0,0.0017641408
Cold,764575,4543,4542,135,89,0,-4.214584e-05
Cold,109375,714,713,135,89,1,0.005473772
Cold,98970,660,659,135,89,0,-0.0019758327
Cold,191200,1181,1180,135,89,0,-0.009510198
Cold,77701,524,523,135,89,0,-0.0017297845
Cold,299722,1778,1777,135,89,0,-0.0040010423
Cold,81800,543,542,135,89,1,-0.002744824
Cold,68810,461,460,135,89,0,-0.0011795099
Cold,87102,569,568,135,89,1,-0.0064128176
Cold,58028,392,391,135,89,0,-0.0015712895
Cold,44461,302,301,135,89,0,0.005591674
Cold,41778,284,283,135,89,1,-0.00073307287
Cold,697591,4169,4168,135,89,0,-0.0042817383
Cold,538054,3312,3311,135,89,1,-0.011971748
Cold,219250,1329,1328,135,89,0,-0.00040660903
Cold,32914,223,222,135,89,1,0.002344083
Cold,291557,1737,1736,135,89,0,-0.0056838593
Cold,235119,1425,1424,135,89,0,0.0012030245
Cold,3762,26,25,135,89,0,-0.0010017233
Cold,35821,242,241,135,89,0,0.007833545
Cold,78569,528,527,135,89,0,0.013640951
Cold,355049,2077,2076,135,89,0,0.003259818
Cold,552508,3401,3400,135,89,0,-0.0051873242
Cold,255578,1556,1555,135,89,0,0.002801233
Cold,893425,5394,5393,135,89,0,0.0025680682
Cold,954345,5761,5760,135,89,0,0.0062064836
Cold,531162,3280,3279,135,89,0,0.003633584
Cold,371066,2168,2167,135,89,0,-0.00252992
Cold,342654,2015,2014,135,89,1,-0.0060001896
Cold,363230,2116,2115,135,89,0,0.00026752893
Cold,567609,3483,3482,135,89,0,-0.0057040723
Cold,106206,699,698,135,89,0,-0.0019347242
Cold,145010,934,933,135,89,0,-0.0031185048
Cold,35068,237,236,135,89,0,-0.0044312268
Cold,352107,2063,2062,135,89,0,-0.0072644213
Cold,134451,869,868,135,89,0,-0.0024432857
Cold,305035,1812,1811,135,89,0,-0.0062775663
Cold,700018,4186,4185,135,89,0,-0.0056925584
Cold,588042,3589,3588,135,89,1,-0.0018722191
Cold,273117,1647,1646,135,89,1,-0.007720065
Cold,246928,1491,1490,135,89,0,0.0036484478
Cold,52996,349,348,135,89,0,-0.0029763214
Cold,820979,4934,4933,135,89,0,0.00050467916
Cold,774544,4619,4618,140,90,0,0.0023766395
Cold,658459,3967,3966,140,90,0,0.009041508
Cold,513003,3163,3162,140,90,0,-0.007984327
Cold,503672,3095,3094,140,90,0,-0.00565646
Cold,499588,3067,3066,140,90,0,-0.0045390176
Cold,550372,3391,3390,140,90,0,0.0011920996
Cold,494351,3032,3031,140,90,1,0.0050282455
Cold,493493,3031,3030,140,90,1,-0.0010219808
Cold,490346,3017,3016,140,90,0,-0.0018615699
Cold,478184,2934,2933,140,90,0,0.003508598
Cold,852935,5113,5112,140,90,0,-0.002775406
Cold,467666,2882,2881,140,90,1,0.00044482038
Cold,463464,2857,2856,140,90,1,-0.0058543123
Cold,492865,3029,3028,140,90,1,-0.0015270398
Cold,451048,2777,2776,140,90,0,0.0012298739
Cold,445180,2745,2744,140,90,1,-0.0012799978
Cold,431435,2628,2627,140,90,1,0.0037816274
Cold,427587,2596,2595,140,90,1,-0.006848446
Cold,423226,2565,2564,140,90,1,-0.0033759861
Cold,419307,2533,2532,140,90,1,0.0034007207
Cold,404643,2419,2418,140,90,0,-0.0032182077
Cold,399179,2376,2375,140,90,0,0.004912212
Cold,398552,2371,2370,140,90,1,-0.0030434257
Cold,398297,2368,2367,140,90,1,0.0013262727
Cold,393141,2309,2308,140,90,1,-0.008485498
Cold,363237,2116,2115,140,90,1,-0.0008920082
Cold,302219,1794,1793,140,90,0,0.0023175238
Cold,257137,1576,1575,140,90,0,0.00045459555
Cold,301829,1793,1792,140,90,0,-0.0045645237
Cold,305039,1812,1811,140,90,1,-0.00982656
Cold,321717,1908,1907,140,90,0,-0.003018914
Cold,192423,1184,1183,140,90,1,0.004533845
Cold,189634,1175,1174,140,90,1,0.00317786
Cold,189058,1172,1171,140,90,1,0.0015320291
Cold,316326,1883,1882,140,90,0,-0.0003479477
Cold,176303,1114,1113,140,90,0,0.005663099
Cold,153704,987,986,140,90,1,0.004255571
Cold,140316,899,898,140,90,1,0.0022263783
Cold,138576,889,888,140,90,0,0.00085532386
Cold,380388,2223,2222,140,90,0,-0.002318048
Cold,132015,854,853,140,90,0,0.0014831389
Cold,352116,2063,2062,140,90,0,-0.011545442
Cold,125313,805,804,140,90,1,-9.584543e-05
Cold,360962,2106,2105,140,90,0,-0.0026483228
Cold,117852,759,758,140,90,1,0.004200831
Cold,109021,713,712,140,90,0,0.00040349877
Cold,121240,780,779,140,90,0,0.00029505696
Cold,106209,699,698,140,90,0,-0.008551925
Cold,103711,689,688,140,90,0,0.0042267377
Cold,100934,673,672,140,90,0,-0.0025954223
Cold,332771,1962,1961,140,90,0,-0.0009985197
Cold,228413,1383,1382,140,90,0,0.0010891764
Cold,239142,1448,1447,140,90,1,0.0052099763
Cold,81805,543,542,140,90,1,0.001978706
Cold,77708,524,523,140,90,0,0.0029318193
Cold,78572,528,527,140,90,1,-0.003957146
Cold,155451,1001,1000,140,90,0,-0.0048295967
Cold,697602,4169,4168,140,90,1,-0.0067445254
Cold,39543,268,267,140,90,1,0.0021154932
Cold,98973,660,659,140,90,0,-0.00090151094
Cold,33473,225,224,140,90,0,-0.004312093
Cold,30241,203,202,140,90,0,0.003952817
Cold,29181,199,198,140,90,0,-0.00298566
Cold,21267,156,155,140,90,1,0.009201843
Cold,22499,163,162,140,90,0,-0.0018949484
Cold,6159,45,44,140,90,1,0.001504228
Cold,20750,151,150,140,90,0,0.0059227776
Cold,79574,531,530,140,90,1,-0.002505443
Cold,240315,1449,1448,140,90,0,-0.004879613
Cold,164719,1051,1050,140,90,0,-0.0060708188
Cold,145015,934,933,140,90,0,0.0028232774
Cold,456217,2809,2808,140,90,0,-0.00057456037
Cold,401666,2395,2394,140,90,1,0.0017789779
Cold,328441,1941,1940,140,90,1,0.0049298685
Cold,195612,1203,1202,140,90,0,-0.0035619198
Cold,336150,1980,1979,140,90,0,0.0024428018
Cold,473899,2909,2908,140,90,1,0.006615329
Cold,259576,1587,1586,140,90,0,-0.007959733
Cold,916944,5539,5538,140,90,0,0.0058245836
Cold,638389,3841,3840,147,94,0,0.014838436
Cold,624978,3778,3777,147,94,1,0.0046704886
Cold,616254,3729,3728,147,94,1,0.0067780614
Cold,610318,3700,3699,147,94,1,0.013773853
Cold,600178,3650,3649,147,94,0,0.0024063392
Cold,598320,3641,3640,147,94,1,0.01253275
Cold,606626,3683,3682,147,94,0,-0.002736502
Cold,597374,3631,3630,147,94,1,0.005379496
Cold,654258,3942,3941,147,94,1,-0.0010209559
Cold,589784,3598,3597,147,94,0,0.0059166662
Cold,582791,3560,3559,147,94,1,0.0025909545
Cold,582207,3557,3556,147,94,1,1.4133286e-05
Cold,578764,3538,3537,147,94,1,0.012643139
Cold,570824,3502,3501,147,94,1,0.007173419
Cold,572322,3507,3506,147,94,1,0.012459624
Cold,590564,3602,3601,147,94,1,0.009046811
Cold,594100,3618,3617,147,94,0,0.01009412
Cold,563157,3464,3463,147,94,1,0.0022090364
Cold,573613,3512,3511,147,94,1,0.012920106
Cold,536148,3308,3307,147,94,1,0.007918582
Cold,535089,3301,3300,147,94,0,0.0032404875
Cold,531170,3280,3279,147,94,1,0.00943609
Cold,515005,3180,3179,147,94,0,0.0053073717
Cold,658461,3967,3966,147,94,0,0.011393955
Cold,513005,3163,3162,147,94,1,0.0065586106
Cold,508735,3129,3128,147,94,0,0.012983802
Cold,504900,3107,3106,147,94,1,0.0066910195
Cold,893666,5395,5394,147,94,1,0.010818565
Cold,584782,3569,3568,147,94,1,0.007136874
Cold,502217,3082,3081,147,94,0,0.0064653484
Cold,574847,3518,3517,147,94,1,-0.0009970749
Cold,485189,2986,2985,147,94,1,0.0034392602
Cold,517939,3196,3195,147,94,1,0.00689264
Cold,498834,3065,3064,147,94,1,0.007750159
Cold,478658,2937,2936,147,94,1,0.0054270667
Cold,467795,2883,2882,147,94,1,0.0032864716
Cold,466953,2878,2877,147,94,1,-0.00054259633
Cold,465753,2872,2871,147,94,0,0.0011041863
Cold,460366,2840,2839,147,94,1,0.0012094433
Cold,458967,2825,2824,147,94,1,-0.0008550035
Cold,492867,3029,3028,147,94,1,0.00066463277
Cold,451052,2777,2776,147,94,0,0.0024978756
Cold,443906,2737,2736,147,94,1,0.00030021463
Cold,446484,2752,2751,147,94,0,0.015113233
Cold,431436,2628,2627,147,94,1,0.0052150413
Cold,429222,2611,2610,147,94,0,0.010819347
Cold,416772,2507,2506,147,94,0,0.01090622
Cold,408331,2453,2452,147,94,1,0.0096798055
Cold,398298,2368,2367,147,94,1,0.003713114
Cold,372336,2174,2173,147,94,0,-0.0063603846
Cold,372097,2173,2172,147,94,0,0.009661136
Cold,368869,2156,2155,147,94,1,0.0060927323
Cold,364886,2124,2123,147,94,0,0.012043165
Cold,349940,2054,2053,147,94,0,0.007271113
Cold,340814,2010,2009,147,94,0,0.011207104
Cold,275191,1666,1665,147,94,1,0.0029561792
Cold,280928,1685,1684,147,94,1,0.0071400795
Cold,267631,1626,1625,147,94,1,0.009966226
Cold,259579,1587,1586,147,94,0,0.0015076377
Cold,294403,1749,1748,147,94,0,-0.00017649832
Cold,631706,3821,3820,147,94,0,0.0109938895
Cold,220702,1338,1337,147,94,1,-0.0025138282
Cold,213588,1298,1297,147,94,1,0.0040108385
Cold,213010,1297,1296,147,94,1,0.0028129062
Cold,207361,1267,1266,147,94,0,-4.2253174e-05
Cold,244105,1470,1469,147,94,0,0.0113547575
Cold,308788,1837,1836,147,94,1,0.0027312767
Cold,279630,1680,1679,147,94,0,0.0072497823
Cold,189060,1172,1171,147,94,1,-0.00056026597
Cold,185539,1150,1149,147,94,0,-0.00022825343
Cold,179728,1125,1124,147,94,0,0.0031830627
Cold,263519,1605,1604,147,94,0,0.009517756
Cold,168579,1069,1068,147,94,0,0.0060012694
Cold,167972,1068,1067,147,94,1,-0.0037320266
Cold,271022,1639,1638,147,94,0,0.004825215
Cold,222135,1343,1342,147,94,0,0.00835541
Cold,217204,1317,1316,147,94,1,0.009468876
Cold,157071,1010,1009,147,94,1,0.0121516045
Cold,352118,2063,2062,147,94,0,0.014957718
Cold,101725,677,676,147,94,1,0.004162905
Cold,100936,673,672,147,94,0,0.00782853
Cold,294991,1752,1751,147,94,0,0.015987623
Cold,697607,4169,4168,147,94,0,0.00523462
Cold,92144,613,612,147,94,0,0.008536547
Cold,265210,1611,1610,147,94,1,0.0023725727
Cold,90729,601,600,147,94,0,0.0066192965
Cold,239146,1448,1447,147,94,1,0.012689889
Cold,76183,517,516,147,94,0,-0.0019358235
Cold,197396,1211,1210,147,94,0,-0.0039985604
Cold,70225,474,473,147,94,1,0.0040849717
Cold,68256,457,456,147,94,0,-0.004416775
Cold,363240,2116,2115,147,94,1,0.00025260355
Cold,30243,203,202,147,94,0,0.008491762
Cold,16667,131,130,147,94,0,-0.0040986557
Cold,512176,3159,3158,147,94,1,-0.0034535173
Cold,276358,1671,1670,147,94,1,0.008756942
Cold,207014,1266,1265,147,94,0,0.0077998713
Cold,55601,368,367,147,94,1,0.0074119065
Cold,158445,1015,1014,147,94,0,0.0051601683
Cold,286813,1712,1711,147,94,0,0.0037008324
Cold,65476,438,437,147,94,0,0.0033473365
Cold,365517,2127,2126,147,94,1,0.004995043
Cold,360966,2106,2105,147,94,0,-0.00050249393
Cold,254446,1546,1545,147,94,0,0.010712164
Cold,556596,3420,3419,147,94,1,-0.0005278853
Cold,801784,4802,4801,147,94,0,0.012744967
Cold,115479,749,748,147,94,1,0.0013072954
Cold,677146,4058,4057,147,94,1,0.010527595
Cold,189440,1173,1172,147,94,1,0.008705953
Cold,475585,2918,2917,147,94,1,0.010692408
Cold,960442,5792,5791,147,94,1,-0.0001366022
Cold,72207,482,481,147,94,0,0.009578599
Cold,171872,1088,1087,147,94,0,0.01667779
Cold,371763,2172,2171,147,94,1,0.0012421669
Cold,565697,3475,3474,147,94,1,0.0041292
Cold,941774,5682,5681,147,94,1,0.0074889967
Cold,555066,3413,3412,147,94,1,0.0020844475
Cold,194950,1202,1201,147,94,1,0.0039719744
Cold,550376,3391,3390,147,94,1,0.009358105
Cold,974681,5878,5877,147,94,1,0.010219174
Cold,714049,4277,4276,147,94,1,0.0012130546
Cold,34721,235,234,152,97,0,-9.731762e-05
Cold,22524,163,162,152,97,0,0.0044573643
Cold,933978,5636,5635,152,97,0,0.004144625
Cold,161395,1029,1028,152,97,0,-0.009231163
Cold,464270,2860,2859,152,97,1,0.00076940376
Cold,63193,424,423,152,97,1,-0.0006284993
Cold,290403,1733,1732,152,97,1,-0.0033931565
Cold,821740,4940,4939,152,97,0,-0.005940231
Cold,974687,5878,5877,152,97,1,-0.0026856894
Cold,548032,3380,3379,154,99,0,-0.006670015
Cold,546911,3371,3370,154,99,1,0.0014095245
Cold,533505,3292,3291,154,99,1,0.0006821556
Cold,525837,3248,3247,154,99,0,0.012713455
Cold,524519,3234,3233,154,99,1,0.0023063486
Cold,522778,3224,3223,154,99,1,0.000957867
Cold,518847,3201,3200,154,99,1,-0.0008745105
Cold,513020,3163,3162,154,99,1,0.0064925356
Cold,658470,3967,3966,154,99,0,-0.0053253723
Cold,513948,3171,3170,154,99,1,-0.003027657
Cold,509265,3135,3134,154,99,1,0.009237552
Cold,505249,3108,3107,154,99,1,0.0063202856
Cold,500288,3072,3071,154,99,0,0.0066371425
Cold,546160,3367,3366,154,99,1,-0.0017475912
Cold,496923,3053,3052,154,99,1,-0.0015529356
Cold,491216,3020,3019,154,99,1,0.0056025414
Cold,466971,2878,2877,154,99,1,-0.010865833
Cold,460375,2840,2839,154,99,0,0.0027933337
Cold,460795,2841,2840,154,99,1,-0.0038472726
Cold,458130,2820,2819,154,99,0,0.0014743656
Cold,456714,2811,2810,154,99,0,0.0007967015
Cold,458499,2822,2821,154,99,0,0.0006265114
Cold,485203,2986,2985,154,99,1,2.0732172e-05
Cold,426266,2589,2588,154,99,1,0.0050945897
Cold,381727,2231,2230,154,99,0,-0.002647752
Cold,377922,2205,2204,154,99,0,-0.006306376
Cold,371431,2171,2170,154,99,1,0.0060900757
Cold,364899,2124,2123,154,99,1,0.002654824
Cold,412149,2478,2477,154,99,0,0.0058789323
Cold,356491,2088,2087,154,99,1,0.0065020425
Cold,360189,2105,2104,154,99,0,0.0026102443
Cold,332265,1960,1959,154,99,1,0.00070068566
Cold,320238,1899,1898,154,99,1,0.0052800863
Cold,323238,1916,1915,154,99,1,0.0021309846
Cold,306040,1821,1820,154,99,1,0.004292141
Cold,302696,1797,1796,154,99,1,0.0017413069
Cold,274717,1660,1659,154,99,1,-0.004530782
Cold,269172,1632,1631,154,99,0,0.010099394
Cold,245303,1481,1480,154,99,0,-0.0036447602
Cold,294412,1749,1748,154,99,1,0.008589484
Cold,244735,1473,1472,154,99,0,-0.0038783536
Cold,237441,1446,1445,154,99,1,0.014247514
Cold,303316,1802,1801,154,99,1,-0.0023132488
Cold,231865,1405,1404,154,99,1,-0.002991445
Cold,325516,1926,1925,154,99,1,0.004349892
Cold,213597,1298,1297,154,99,1,-0.0036977772
Cold,211813,1288,1287,154,99,1,-0.001685841
Cold,207561,1268,1267,154,99,1,0.005621767
Cold,204268,1258,1257,154,99,1,-0.0017696758
Cold,184433,1147,1146,154,99,1,0.0072307643
Cold,191240,1181,1180,154,99,0,0.010689278
Cold,163963,1050,1049,154,99,0,-0.0017035053
Cold,160268,1019,1018,154,99,0,-0.005295203
Cold,338261,1988,1987,154,99,1,-0.0069892607
Cold,147045,948,947,154,99,0,-0.0019942815
Cold,185565,1150,1149,154,99,1,0.010975128
Cold,714069,4277,4276,154,99,0,-0.005058158
Cold,133465,862,861,154,99,1,0.004088548
Cold,201695,1242,1241,154,99,1,0.009163616
Cold,131279,850,849,154,99,0,-0.0010053854
Cold,263534,1605,1604,154,99,0,0.009668014
Cold,119404,770,769,154,99,0,0.005826068
Cold,631719,3821,3820,154,99,1,0.0060786814
Cold,100942,673,672,154,99,1,0.004476917
Cold,211186,1285,1284,154,99,1,0.0019605493
Cold,284373,1698,1697,154,99,1,0.007663057
Cold,80893,537,536,154,99,1,0.003394473
Cold,84381,550,549,154,99,1,0.001809391
Cold,74990,509,508,154,99,1,0.005641746
Cold,69876,471,470,154,99,1,-0.0039078346
Cold,69524,466,465,154,99,1,0.011749659
Cold,42097,285,284,154,99,0,-0.0010250048
Cold,41063,276,275,154,99,0,0.0063982457
Cold,43444,299,298,154,99,1,-0.0010512061
Cold,34723,235,234,154,99,1,0.0011769186
Cold,32066,216,215,154,99,1,0.0006745279
Cold,21998,161,160,154,99,1,-0.005666567
Cold,17798,137,136,154,99,1,0.00035664765
Cold,4831,35,34,154,99,1,0.00058307126
Cold,4304,33,32,154,99,0,0.0075666383
Cold,607757,3688,3687,154,99,1,0.011151705
Cold,76409,518,517,154,99,1,0.0020738558
Cold,558620,3430,3429,154,99,1,0.0024859493
Cold,245565,1483,1482,154,99,0,0.008857155
Cold,149696,963,962,154,99,0,-0.0018993984
Cold,893440,5394,5393,154,99,0,0.0057134107
Cold,158467,1015,1014,154,99,1,0.0052964306
Cold,316949,1884,1883,154,99,1,-0.003919578
Cold,734724,4387,4386,154,99,1,-0.006421366
Cold,416787,2507,2506,154,99,1,-0.0026024135
Cold,571170,3503,3502,154,99,1,0.00546511
Cold,290406,1733,1732,154,99,1,0.004503443
Cold,59637,405,404,154,99,1,-0.007358888
Cold,384517,2246,2245,154,99,0,0.007904213
Cold,489721,3013,3012,154,99,0,-0.0062567717
Cold,117203,755,754,154,99,1,0.0016332384
Cold,665281,4005,4004,154,99,0,0.003976537
Cold,287807,1717,1716,154,99,1,-0.00119818
Cold,24355,173,172,154,99,1,0.008468399
Cold,501395,3080,3079,154,99,1,0.012309231
Cold,207023,1266,1265,154,99,1,0.0005777865
Cold,322567,1912,1911,154,99,0,-0.0014690701
Cold,362280,2111,2110,154,99,1,0.007895785
Cold,310782,1851,1850,154,99,0,-0.00478979
Cold,319480,1897,1896,154,99,1,0.0003308705
Cold,739589,4418,4417,154,99,0,-0.0077753123
Cold,657618,3963,3962,154,99,0,-0.004044674
Cold,171894,1088,1087,154,99,1,0.003487188
Cold,279658,1680,1679,155,100,0,0.0051590833
Cold,168594,1069,1068,155,100,0,-0.0019719359
Cold,158468,1015,1014,155,100,0,0.004771782
Cold,151681,975,974,155,100,1,0.0069427276
Cold,154634,998,997,155,100,1,0.010160581
Cold,185566,1150,1149,155,100,0,0.009313746
Cold,140000,897,896,155,100,0,0.0070010815
Cold,138604,889,888,155,100,0,0.011718741
Cold,125008,802,801,155,100,1,0.00537844
Cold,432195,2634,2633,155,100,1,0.0118410075
Cold,84982,552,551,155,100,1,-0.001141333
Cold,228430,1383,1382,155,100,0,0.006332485
Cold,197405,1211,1210,155,100,0,0.016304644
Cold,162041,1033,1032,155,100,0,0.0046855537
Cold,4832,35,34,155,100,0,0.002310006
Cold,908406,5493,5492,155,100,0,0.0017506701
Cold,187744,1164,1163,155,100,0,0.005498152
Cold,249916,1505,1504,155,100,0,-0.0065712705
Cold,309721,1842,1841,155,100,1,-0.00088916393
Cold,41320,279,278,155,100,0,-0.0050024716
Cold,287808,1717,1716,155,100,1,0.0029825936
Cold,628786,3807,3806,155,100,1,0.0015872611
Cold,284374,1698,1697,155,100,1,0.00600327
Cold,790840,4728,4727,155,100,0,-0.007019083
Cold,555069,3413,3412,155,100,0,0.007328718
Cold,193802,1194,1193,155,100,1,0.005403988
Cold,974689,5878,5877,155,100,1,0.010721825
Cold,309722,1842,1841,156,101,0,0.0013463288
Cold,160269,1019,1018,156,101,0,0.004983697
Cold,45925,308,307,156,101,0,0.0037894836
Cold,893441,5394,5393,156,101,0,-0.0028465572
Cold,177101,1117,1116,156,101,0,0.006549714
Cold,284375,1698,1697,156,101,0,0.0020295354
Cold,577379,3526,3525,157,102,0,0.002840486
Cold,541086,3328,3327,157,102,1,-0.004788313
Cold,537354,3311,3310,157,102,0,0.0024081531
Cold,536562,3309,3308,157,102,0,0.006348175
Cold,530385,3275,3274,157,102,0,8.504838e-06
Cold,525330,3243,3242,157,102,1,-0.00059938605
Cold,522780,3224,3223,157,102,0,0.0024828792
Cold,515014,3180,3179,157,102,0,0.001718302
Cold,513551,3167,3166,157,102,0,0.0064170035
Cold,510717,3147,3146,157,102,0,0.009406288
Cold,795349,4763,4762,157,102,1,0.0006417668
Cold,571171,3503,3502,157,102,1,0.00646465
Cold,504188,3099,3098,157,102,1,0.004791839
Cold,523523,3227,3226,157,102,0,0.008620429
Cold,492878,3029,3028,157,102,1,0.000899583
Cold,487960,3001,3000,157,102,1,0.009135318
Cold,471086,2899,2898,157,102,1,-0.0017650225
Cold,463483,2857,2856,157,102,0,-0.0025834157
Cold,458131,2820,2819,157,102,0,2.0797073e-05
Cold,452308,2785,2784,157,102,0,-0.0010786499
Cold,435913,2664,2663,157,102,0,0.0013327764
Cold,430153,2621,2620,157,102,1,0.00074821245
Cold,645401,3885,3884,157,102,1,0.0028999182
Cold,420530,2541,2540,157,102,0,0.0031330038
Cold,419875,2537,2536,157,102,0,0.0027785315
Cold,418848,2529,2528,157,102,1,0.010059668
Cold,412939,2484,2483,157,102,0,-0.001857827
Cold,409269,2456,2455,157,102,0,0.0031243796
Cold,400476,2383,2382,157,102,0,0.0033204346
Cold,392402,2304,2303,157,102,0,0.006160243
Cold,384209,2244,2243,157,102,0,0.0025912677
Cold,385366,2251,2250,157,102,0,-0.0010803743
Cold,377363,2203,2202,157,102,0,0.0016347258
Cold,351193,2062,2061,157,102,1,0.0017165127
Cold,363259,2116,2115,157,102,0,0.0042928183
Cold,352138,2063,2062,157,102,0,0.0005043708
Cold,345327,2025,2024,157,102,0,-0.0046313405
Cold,340825,2010,2009,157,102,0,0.002611008
Cold,343190,2016,2015,157,102,0,0.0020505073
Cold,341722,2012,2011,157,102,0,0.0030925781
Cold,296148,1757,1756,157,102,0,0.0062943664
Cold,275664,1667,1666,157,102,0,0.0018086853
Cold,281364,1687,1686,157,102,0,-0.0003004233
Cold,272519,1646,1645,157,102,0,0.0007716422
Cold,269537,1634,1633,157,102,1,0.00010960421
Cold,269173,1632,1631,157,102,0,0.0009514624
Cold,266974,1622,1621,157,102,0,0.0029117335
Cold,247823,1496,1495,157,102,0,-0.0009083024
Cold,218827,1327,1326,157,102,1,-0.0059138923
Cold,216075,1311,1310,157,102,0,-0.0026032792
Cold,209530,1279,1278,157,102,1,0.0028904197
Cold,277873,1676,1675,157,102,0,0.0033514486
Cold,350354,2056,2055,157,102,1,4.6162633e-05
Cold,279660,1680,1679,157,102,0,0.0012652588
Cold,198659,1220,1219,157,102,1,-0.00080854655
Cold,219976,1333,1332,157,102,0,0.003901369
Cold,191242,1181,1180,157,102,1,0.00047279452
Cold,188441,1169,1168,157,102,0,0.001601539
Cold,178279,1120,1119,157,102,1,0.007109373
Cold,188295,1168,1167,157,102,0,-0.00031485222
Cold,328468,1941,1940,157,102,0,0.005265399
Cold,255582,1556,1555,157,102,0,0.000139524
Cold,153709,987,986,157,102,1,0.006585537
Cold,152211,979,978,157,102,1,-0.0063149924
Cold,138605,889,888,157,102,0,0.0020203674
Cold,136785,881,880,157,102,1,-0.00090897223
Cold,131280,850,849,157,102,1,0.0013974045
Cold,126048,812,811,157,102,0,0.002246155
Cold,160270,1019,1018,157,102,0,0.0016879765
Cold,120525,777,776,157,102,0,0.0074121687
Cold,106221,699,698,157,102,0,-0.00067119906
Cold,108179,710,709,157,102,0,0.003265504
Cold,97136,651,650,157,102,1,0.0027382583
Cold,96470,647,646,157,102,1,0.0026671842
Cold,284376,1698,1697,157,102,0,0.000288286
Cold,83369,549,548,157,102,0,0.0021154373
Cold,77727,524,523,157,102,0,0.004268864
Cold,119405,770,769,157,102,0,0.0007121051
Cold,70490,475,474,157,102,0,0.0006641847
Cold,72225,482,481,157,102,0,0.006353109
Cold,67526,453,452,157,102,1,0.0050504752
Cold,65484,438,437,157,102,1,0.001304246
Cold,53751,352,351,157,102,0,-0.0019142508
Cold,52539,346,345,157,102,1,0.0017456897
Cold,197406,1211,1210,157,102,0,0.0055105267
Cold,32067,216,215,157,102,1,0.006555858
Cold,29841,202,201,157,102,0,0.004845041
Cold,23677,169,168,157,102,0,0.0022179885
Cold,3295,25,24,157,102,0,0.0039550634
Cold,439854,2688,2687,157,102,0,0.0020776726
Cold,144229,929,928,157,102,0,0.0009811698
Cold,355070,2077,2076,157,102,0,-0.0027321696
Cold,238118,1447,1446,157,102,1,-0.00076737977
Cold,762242,4528,4527,157,102,0,0.0023801685
Cold,169290,1074,1073,157,102,0,-0.0012682106
Cold,371078,2168,2167,157,102,0,0.004052384
Cold,572342,3507,3506,157,102,0,0.00074652745
Cold,386140,2258,2257,157,102,0,0.0034925607
Cold,342676,2015,2014,157,102,1,-0.004978287
Cold,109892,716,715,157,102,0,0.010667519
Cold,249917,1505,1504,157,102,1,0.003728474
Cold,829208,4979,4978,157,102,0,0.008549448
Cold,28153,195,194,157,102,0,-0.006616772
Cold,804187,4815,4814,157,102,0,0.009539137
Cold,310783,1851,1850,157,102,0,0.001952891
Cold,20768,151,150,157,102,0,0.001204921
Cold,290407,1733,1732,157,102,0,0.0073412657
Cold,515622,3182,3181,157,102,1,0.0014896395
Cold,286829,1712,1711,157,102,0,0.0030273902
Cold,309723,1842,1841,157,102,1,0.0031343247
Cold,673353,4042,4041,157,102,0,-0.0021020789
Cold,293880,1748,1747,157,102,0,0.0034604124
Cold,273136,1647,1646,157,102,0,-0.003477977
Cold,989354,5972,5971,157,102,0,0.0046456954
Cold,19986,149,148,157,102,1,0.0031872625
Cold,14197,116,115,157,102,1,0.0002288472
Cold,207024,1266,1265,157,102,0,0.007190784
Cold,245858,1484,1483,157,102,0,-0.0014561408
Cold,34724,235,234,157,102,1,0.006651163
Cold,475595,2918,2917,157,102,0,0.0015619288
Cold,251215,1516,1515,157,102,0,0.002621174
Cold,501396,3080,3079,157,102,0,-0.0019117625
Cold,53011,349,348,157,102,0,0.0029019117
Cold,217222,1317,1316,157,102,0,0.00235548
Cold,575481,3519,3518,157,102,0,0.001022716
Cold,825805,4958,4957,157,102,0,-0.004242953
Cold,550393,3391,3390,157,102,0,0.0067424625
Cold,460376,2840,2839,159,104,0,-0.0016057929
Cold,458972,2825,2824,159,104,1,-0.0029252772
Cold,453916,2793,2792,159,104,1,-0.0014473449
Cold,443913,2737,2736,159,104,1,-0.011090229
Cold,433723,2643,2642,159,104,0,-0.0046701482
Cold,431137,2627,2626,159,104,1,0.008932002
Cold,402435,2402,2401,159,104,0,-0.005573213
Cold,389707,2286,2285,159,104,0,-0.0009488049
Cold,385367,2251,2250,159,104,1,0.00495452
Cold,359498,2102,2101,159,104,0,-0.004195597
Cold,340827,2010,2009,159,104,0,-0.0039721415
Cold,315447,1880,1879,159,104,0,-0.0012852154
Cold,310161,1845,1844,159,104,0,-0.0042104507
Cold,267635,1626,1625,159,104,1,-0.002621542
Cold,296548,1758,1757,159,104,1,-0.007839521
Cold,213019,1297,1296,159,104,0,0.0035012257
Cold,211187,1285,1284,159,104,0,0.0025238856
Cold,374279,2181,2180,159,104,0,-0.0018320612
Cold,329484,1943,1942,159,104,1,0.00014520343
Cold,185567,1150,1149,159,104,0,-3.8030557e-05
Cold,179210,1124,1123,159,104,0,0.0008328385
Cold,168595,1069,1068,159,104,1,0.0069698305
Cold,166560,1059,1058,159,104,1,-0.0037367754
Cold,215008,1303,1302,159,104,0,-0.0005288087
Cold,161876,1032,1031,159,104,0,0.0025179086
Cold,221514,1340,1339,159,104,0,-0.009948082
Cold,148809,957,956,159,104,1,-0.002543189
Cold,157090,1010,1009,159,104,0,-0.003669836
Cold,714072,4277,4276,159,104,0,-0.0071446123
Cold,136786,881,880,159,104,0,-0.0061647585
Cold,100258,669,668,159,104,1,-0.0009868268
Cold,101463,676,675,159,104,0,-0.0049661156
Cold,177102,1117,1116,159,104,0,0.0047141043
Cold,697634,4169,4168,159,104,0,-0.00025647832
Cold,284378,1698,1697,159,104,0,-0.006340072
Cold,83370,549,548,159,104,0,-0.0060368897
Cold,77729,524,523,159,104,1,0.00033558346
Cold,75486,513,512,159,104,1,0.0019885318
Cold,59740,406,405,159,104,0,-0.007534406
Cold,240340,1449,1448,159,104,0,-0.0014082938
Cold,53752,352,351,159,104,1,-0.005005341
Cold,38291,261,260,159,104,0,-0.0057304855
Cold,55613,368,367,159,104,1,-0.009677476
Cold,152510,981,980,159,104,0,0.0013519666
Cold,16673,131,130,159,104,1,0.00012186216
Cold,7161,49,48,159,104,1,-0.001212073
Cold,639248,3842,3841,159,104,1,0.0041135103
Cold,113787,737,736,159,104,1,-0.0063909446
Cold,129584,839,838,159,104,1,-0.005909605
Cold,257826,1579,1578,159,104,0,-0.0060953153
Cold,317848,1889,1888,159,104,0,-0.0058857445
Cold,116442,752,751,159,104,0,-0.0030882806
Cold,382083,2232,2231,159,104,1,-0.00144355
Cold,191243,1181,1180,159,104,1,-0.014593178
Cold,63195,424,423,159,104,0,-0.0015659728
Cold,290408,1733,1732,159,104,1,0.004562094
Cold,550423,3391,3390,166,111,0,-0.00012134074
Cold,435614,2663,2662,169,113,0,-0.00013616495
Cold,456560,2810,2809,169,113,0,0.004791098
Cold,418860,2529,2528,169,113,0,0.0086176535
Cold,414713,2496,2495,169,113,0,0.0026633297
Cold,390525,2291,2290,169,113,0,0.0034823236
Cold,373539,2180,2179,169,113,0,0.0023168311
Cold,366430,2133,2132,169,113,0,0.0049691563
Cold,354246,2073,2072,169,113,0,-0.00035273796
Cold,361825,2109,2108,169,113,0,-0.0022217345
Cold,334910,1975,1974,169,113,0,0.0027393256
Cold,320613,1901,1900,169,113,0,0.0040553072
Cold,323962,1920,1919,169,113,0,0.0023125932
Cold,297661,1764,1763,169,113,1,2.6927562e-05
Cold,263974,1606,1605,169,113,0,0.013107317
Cold,361003,2106,2105,169,113,0,0.00084076123
Cold,301846,1793,1792,169,113,0,-0.0011142329
Cold,219985,1333,1332,169,113,0,-0.0007461412
Cold,277897,1676,1675,169,113,0,0.009097803
Cold,213614,1298,1297,169,113,0,7.201801e-05
Cold,279694,1680,1679,169,113,0,0.0058722813
Cold,186409,1152,1151,169,113,0,-0.0021460755
Cold,183305,1141,1140,169,113,0,0.0160634
Cold,342696,2015,2014,169,113,0,0.004813747
Cold,249328,1502,1501,169,113,0,0.010882447
Cold,136813,881,880,169,113,0,0.005893617
Cold,134492,869,868,169,113,0,0.0034516752
Cold,175071,1109,1108,169,113,0,-0.003923447
Cold,216490,1314,1313,169,113,0,0.0031742658
Cold,299750,1778,1777,169,113,0,0.010439356
Cold,106241,699,698,169,113,0,0.0003920237
Cold,100956,673,672,169,113,0,0.0018405223
Cold,95020,637,636,169,113,0,0.0049289265
Cold,84405,550,549,169,113,0,0.004251454
Cold,70880,476,475,169,113,0,0.002143999
Cold,72247,482,481,169,113,0,0.008399145
Cold,67225,452,451,169,113,0,-0.00065313093
Cold,75011,509,508,169,113,0,-0.00096191256
Cold,51164,337,336,169,113,0,-0.0033886
Cold,46463,310,309,169,113,0,-0.003638669
Cold,291598,1737,1736,169,113,0,0.010334568
Cold,54514,355,354,169,113,0,-0.0014950873
Cold,26441,187,186,169,113,0,0.004836044
Cold,235157,1425,1424,169,113,0,-0.009202126
Cold,592113,3610,3609,169,113,0,-0.009183627
Cold,10519,75,74,169,113,0,-0.0077149314
Cold,30527,204,203,169,113,0,0.012939755
Cold,79619,531,530,169,113,0,-5.4760487e-05
Cold,19442,148,147,169,113,0,-0.0016767444
Cold,78604,528,527,169,113,0,0.0037163775
Cold,65502,438,437,169,113,0,0.003054121
Cold,12013,92,91,169,113,0,0.0070594014
Cold,328496,1941,1940,169,113,0,0.0026023204
Cold,907870,5492,5491,169,113,0,-0.00092180667
Cold,230613,1395,1394,171,115,1,0.0010459865
Cold,185626,1150,1149,171,115,0,0.020087792
Cold,306408,1825,1824,171,115,1,0.0072551286
Cold,125033,802,801,171,115,1,0.0056163515
Cold,123718,797,796,171,115,1,0.0019693603
Cold,177143,1117,1116,171,115,1,0.006295366
Cold,104493,692,691,171,115,1,0.008119794
Cold,697676,4169,4168,171,115,1,0.011321714
Cold,90752,601,600,171,115,1,0.004360877
Cold,86783,566,565,171,115,0,0.009076016
Cold,82310,546,545,171,115,1,0.0020438652
Cold,58534,396,395,171,115,0,0.0162526
Cold,132616,855,854,171,115,0,0.013745835
Cold,312991,1865,1864,171,115,1,0.011227936
Cold,258554,1584,1583,171,115,1,0.011129947
Cold,199889,1227,1226,171,115,1,0.004161652
Cold,368472,2153,2152,171,115,0,0.011127486
Cold,26453,187,186,171,115,1,0.0038198344
Cold,20426,150,149,171,115,1,0.01595631
Cold,15997,126,125,171,115,0,0.008702956
Cold,17524,136,135,171,115,0,0.012031736
Cold,49464,329,328,171,115,0,0.012570977
Cold,158520,1015,1014,171,115,0,0.008564874
Cold,513052,3163,3162,171,115,1,0.014618195
Cold,975465,5880,5879,171,115,0,0.013460996
Cold,102505,678,677,171,115,1,0.018102426
Cold,901626,5450,5449,171,115,0,0.015775852
Cold,964584,5812,5811,171,115,0,0.0073869275
Cold,538106,3312,3311,171,115,0,0.012511649
Cold,464289,2860,2859,171,115,1,-0.0049440227
Cold,790855,4728,4727,171,115,0,0.025546886
Cold,841566,5054,5053,171,115,1,0.0130933765
Cold,235175,1425,1424,171,115,0,0.005689764
Cold,119448,770,769,174,118,0,0.003242893
Cold,81848,543,542,174,118,0,0.0028382535
Cold,70892,476,475,174,118,0,0.0073491707
Cold,65517,438,437,174,118,1,0.004554325
Cold,251234,1516,1515,174,118,0,0.008206464
Cold,132618,855,854,174,118,0,0.0040284684
Cold,44561,302,301,174,118,0,-0.0011386913
Cold,37644,257,256,174,118,0,0.006281757
Cold,32950,223,222,174,118,0,0.012342833
Cold,29897,202,201,174,118,0,-0.00276363
Cold,235177,1425,1424,174,118,0,0.004944027
Cold,78617,528,527,174,118,0,0.0070666
Cold,238168,1447,1446,174,118,0,-0.00024413154
Cold,342713,2015,2014,174,118,1,0.006428585
Cold,363310,2116,2115,174,118,0,0.00016627763
Cold,760416,4517,4516,174,118,0,0.0009871251
Cold,538110,3312,3311,174,118,0,-0.0023485809
Cold,79635,531,530,174,118,0,-0.0019705566
Cold,331839,1958,1957,174,118,0,0.0053863665
Cold,924188,5580,5579,174,118,0,-0.0012223586
Cold,171950,1088,1087,174,118,0,0.0038983924
Cold,561947,3457,3456,177,121,0,0.0052261385
Cold,560225,3442,3441,177,121,0,-0.000684679
Cold,555926,3416,3415,177,121,1,-0.011278357
Cold,550452,3391,3390,177,121,0,0.0043942635
Cold,536197,3308,3307,177,121,0,0.004487008
Cold,528313,3265,3264,177,121,0,-0.0038737082
Cold,608699,3691,3690,177,121,0,0.00305189
Cold,566418,3476,3475,177,121,0,-0.007955139
Cold,513058,3163,3162,177,121,1,-0.002691805
Cold,507321,3121,3120,177,121,1,-0.006822381
Cold,516608,3189,3188,177,121,0,0.004297437
Cold,501859,3081,3080,177,121,0,-0.0004498656
Cold,484444,2982,2981,177,121,0,0.0007478418
Cold,483558,2972,2971,177,121,1,0.0049454295
Cold,476869,2928,2927,177,121,0,0.008516829
Cold,710357,4260,4259,177,121,0,0.00046408898
Cold,487176,2996,2995,177,121,0,0.0022278982
Cold,463521,2857,2856,177,121,0,-0.00081108126
Cold,458179,2820,2819,177,121,0,0.0023348408
Cold,540799,3327,3326,177,121,1,0.004837215
Cold,444808,2743,2742,177,121,1,0.0022151242
Cold,564656,3471,3470,177,121,0,-0.00678262
Cold,440577,2694,2693,177,121,1,-0.0016483536
Cold,430768,2625,2624,177,121,1,0.0024105958
Cold,426581,2590,2589,177,121,1,0.0073140236
Cold,408978,2455,2454,177,121,0,0.0011764327
Cold,374326,2181,2180,177,121,0,0.010251827
Cold,370044,2164,2163,177,121,1,0.006015176
Cold,352199,2063,2062,177,121,0,-0.0031816072
Cold,361845,2109,2108,177,121,0,0.0021886565
Cold,344467,2021,2020,177,121,1,0.0036483894
Cold,340869,2010,2009,177,121,0,-0.002901746
Cold,297676,1764,1763,177,121,0,0.0021571317
Cold,303613,1803,1802,177,121,0,-0.0006189123
Cold,279731,1680,1679,177,121,0,0.008516135
Cold,277114,1675,1674,177,121,0,2.3118686e-05
Cold,271542,1641,1640,177,121,0,-0.004415988
Cold,267653,1626,1625,177,121,0,-0.00410645
Cold,247853,1496,1495,177,121,0,0.008356987
Cold,221837,1341,1340,177,121,0,0.0036200732
Cold,277917,1676,1675,177,121,1,0.0034468584
Cold,328532,1941,1940,177,121,0,0.0055808965
Cold,215033,1303,1302,177,121,0,-0.0009013482
Cold,184098,1146,1145,177,121,0,-0.009679739
Cold,159384,1017,1016,177,121,1,0.00082141836
Cold,158526,1015,1014,177,121,0,0.0057540527
Cold,221553,1340,1339,177,121,0,0.004737854
Cold,157141,1010,1009,177,121,0,-0.0068034353
Cold,135804,877,876,177,121,0,-0.0009208629
Cold,134512,869,868,177,121,1,-0.008129205
Cold,126700,817,816,177,121,1,0.0032631662
Cold,125615,808,807,177,121,1,0.0023474921
Cold,114108,741,740,177,121,0,-0.009263191
Cold,108227,710,709,177,121,0,-0.0109770885
Cold,100289,669,668,177,121,0,-0.000121493824
Cold,92817,621,620,177,121,0,0.0012517357
Cold,203252,1246,1245,177,121,0,-0.006356534
Cold,81849,543,542,177,121,1,0.002563607
Cold,77778,524,523,177,121,1,0.005294031
Cold,53820,352,351,177,121,0,-8.345116e-06
Cold,47977,321,320,177,121,0,0.011424377
Cold,132621,855,854,177,121,0,-0.00027362583
Cold,45204,305,304,177,121,0,-0.0004144474
Cold,44564,302,301,177,121,0,-0.00757834
Cold,41206,278,277,177,121,1,0.009414035
Cold,697681,4169,4168,177,121,1,0.01196824
Cold,36525,245,244,177,121,0,0.0070083374
Cold,29898,202,201,177,121,0,-0.0061994847
Cold,291618,1737,1736,177,121,0,-3.3598626e-05
Cold,192761,1186,1185,177,121,1,0.007655992
Cold,14536,117,116,177,121,0,-0.00064175995
Cold,290461,1733,1732,177,121,0,0.009763287
Cold,7773,53,52,177,121,1,0.00036003836
Cold,28218,195,194,177,121,1,0.0052414555
Cold,56102,372,371,177,121,1,0.00057914446
Cold,102508,678,677,177,121,1,0.0034773527
Cold,179777,1125,1124,177,121,0,-0.0023610755
Cold,230617,1395,1394,177,121,0,-0.002870516
Cold,63248,424,423,177,121,0,0.0071106097
Cold,178321,1120,1119,181,123,0,0.0005180375
Cold,179783,1125,1124,181,123,0,-0.00237802
Cold,172965,1096,1095,181,123,0,-0.0037746127
Cold,171973,1088,1087,181,123,0,-0.0009683672
Cold,342726,2015,2014,181,123,0,-0.0060815755
Cold,165509,1054,1053,181,123,0,0.0035564671
Cold,246447,1489,1488,181,123,0,-0.0065719727
Cold,277119,1675,1674,181,123,0,-0.00047684996
Cold,136849,881,880,181,123,0,0.0026147857
Cold,263596,1605,1604,181,123,0,0.0017067487
Cold,126705,817,816,181,123,0,0.009612061
Cold,93630,627,626,181,123,0,0.0049304594
Cold,325881,1928,1927,181,123,0,0.0021807258
Cold,44586,302,301,181,123,0,-0.00494857
Cold,38048,260,259,181,123,0,0.0009038213
Cold,627022,3792,3791,181,123,0,-0.0054433984
Cold,291629,1737,1736,181,123,0,0.0057307193
Cold,31236,210,209,181,123,0,0.0014448549
Cold,19476,148,147,181,123,0,-0.0007266407
Cold,27228,192,191,181,123,0,-0.008114174
Cold,10525,75,74,181,123,1,0.00062472525
Cold,198482,1219,1218,181,123,0,-0.0033647318
Cold,552569,3401,3400,181,123,0,0.013072513
Cold,829230,4979,4978,181,123,0,0.00028079655
Cold,207076,1266,1265,181,123,0,-0.0073455265
Cold,273186,1647,1646,181,123,0,-0.004980706
Cold,102528,678,677,181,123,1,0.0039644483
Cold,418892,2529,2528,181,123,0,0.00030838046
Cold,717123,4294,4293,181,123,0,0.008847672
Cold,795628,4765,4764,181,123,0,-0.009717139
Cold,116905,753,752,181,123,0,0.000897137
Cold,235190,1425,1424,181,123,0,-0.0024234368
Cold,941804,5682,5681,181,123,0,0.0005285151
Cold,259616,1587,1586,187,126,0,0.00094558205
Cold,260713,1593,1592,187,126,0,-0.00256207
Cold,231747,1404,1403,187,126,1,-0.0028496701
Cold,212138,1291,1290,187,126,0,-0.004341555
Cold,276400,1671,1670,187,126,1,-0.00031593814
Cold,252880,1532,1531,187,126,1,-0.0032579065
Cold,202652,1244,1243,187,126,1,-0.0014086731
Cold,294445,1749,1748,187,126,0,-0.00072579365
Cold,185664,1150,1149,187,126,0,0.0025726492
Cold,166597,1059,1058,187,126,0,0.0016147913
Cold,149724,963,962,187,126,0,0.0010216844
Cold,201744,1242,1241,187,126,1,0.0059569697
Cold,332818,1962,1961,187,126,0,0.007240856
Cold,694988,4164,4163,187,126,0,-0.0023980343
Cold,112658,731,730,187,126,1,0.007137604
Cold,100299,669,668,187,126,0,0.006831466
Cold,88925,587,586,187,126,0,0.0012827743
Cold,82312,546,545,187,126,1,-0.004791829
Cold,83431,549,548,187,126,1,0.004352858
Cold,81862,543,542,187,126,1,0.0069845403
Cold,116516,752,751,187,126,0,0.0002999585
Cold,64497,430,429,187,126,0,0.0028233537
Cold,75996,516,515,187,126,0,0.0029604929
Cold,132641,855,854,187,126,0,0.0032965508
Cold,33535,225,224,187,126,1,-0.006480897
Cold,337179,1983,1982,187,126,0,0.010240718
Cold,26468,187,186,187,126,1,0.0046123983
Cold,2931,23,22,187,126,0,-0.0013084519
Cold,114293,743,742,187,126,0,0.0047707157
Cold,506153,3113,3112,187,126,0,0.00040637236
Cold,42812,293,292,187,126,0,0.00079150056
Cold,522857,3224,3223,187,126,0,-0.0037816525
Cold,361042,2106,2105,187,126,0,0.005911392
Cold,431169,2627,2626,187,126,0,0.0063264053
Cold,102532,678,677,187,126,0,0.0104085775
Cold,290477,1733,1732,187,126,1,-0.00039562164
Cold,263602,1605,1604,187,126,1,0.0073683956
Cold,921155,5565,5564,187,126,0,0.0075748037
Cold,983154,5938,5937,187,126,1,0.003329869
Cold,476453,2926,2925,187,126,1,-9.639235e-05
Cold,464299,2860,2859,187,126,1,0.0019081491
Cold,206457,1265,1264,187,126,0,-0.0076387012
Cold,739597,4418,4417,187,126,1,-0.0018237297
Cold,575893,3520,3519,187,126,0,-0.003198414
Cold,882459,5329,5328,187,126,1,0.009781726
Cold,677549,4060,4059,188,127,1,0.0036819798
Cold,663565,3998,3997,188,127,1,0.0009498475
Cold,661695,3990,3989,188,127,1,0.0070034764
Cold,660267,3980,3979,188,127,0,0.0054649655
Cold,719430,4309,4308,188,127,1,0.003850884
Cold,665995,4007,4006,188,127,1,0.007970853
Cold,640672,3850,3849,188,127,0,-0.009008647
Cold,640130,3847,3846,188,127,0,-0.0026254505
Cold,639617,3844,3843,188,127,1,0.0034494451
Cold,639286,3842,3841,188,127,1,0.003757878
Cold,632601,3823,3822,188,127,1,0.00569879
Cold,628400,3806,3805,188,127,1,0.003571263
Cold,628808,3807,3806,188,127,0,-0.0007518162
Cold,628208,3804,3803,188,127,1,0.008778006
Cold,627969,3801,3800,188,127,0,-0.0015585651
Cold,638481,3841,3840,188,127,0,0.0009550138
Cold,623513,3771,3770,188,127,1,0.0065981303
Cold,619283,3752,3751,188,127,0,0.003747603
Cold,714117,4277,4276,188,127,1,0.008308885
Cold,621320,3762,3761,188,127,1,0.0054671452
Cold,745511,4448,4447,188,127,1,0.0037147002
Cold,605978,3681,3680,188,127,1,0.011824105
Cold,588599,3590,3589,188,127,1,0.0012015402
Cold,579656,3539,3538,188,127,1,0.005986741
Cold,572404,3507,3506,188,127,1,0.014045606
Cold,584123,3564,3563,188,127,1,0.001466372
Cold,566426,3476,3475,188,127,0,-0.0059955185
Cold,584818,3569,3568,188,127,0,-0.0021720235
Cold,560227,3442,3441,188,127,0,0.0063036904
Cold,555936,3416,3415,188,127,1,0.0058884956
Cold,965934,5825,5824,188,127,0,-0.003722364
Cold,543945,3352,3351,188,127,1,0.0013315374
Cold,547642,3378,3377,188,127,1,-0.0018175077
Cold,540807,3327,3326,188,127,0,0.010731412
Cold,536213,3308,3307,188,127,1,-0.0014779894
Cold,532343,3285,3284,188,127,0,-0.008222186
Cold,519830,3207,3206,188,127,1,0.0043358854
Cold,554902,3412,3411,188,127,1,-0.0029284118
Cold,514072,3172,3171,188,127,0,0.0063610096
Cold,508941,3130,3129,188,127,0,0.005818623
Cold,507327,3121,3120,188,127,0,-0.0022444786
Cold,516619,3189,3188,188,127,0,0.01762265
Cold,495722,3044,3043,188,127,1,-0.00068707427
Cold,550483,3391,3390,188,127,1,0.0031781225
Cold,517966,3196,3195,188,127,0,-0.010615719
Cold,473035,2908,2907,188,127,0,0.0031098493
Cold,471445,2900,2899,188,127,1,0.008265397
Cold,469026,2888,2887,188,127,1,0.0016079447
Cold,463530,2857,2856,188,127,0,0.003927865
Cold,458198,2820,2819,188,127,0,0.001838618
Cold,457428,2818,2817,188,127,0,0.00084024714
Cold,433748,2643,2642,188,127,0,0.0015039067
Cold,430769,2625,2624,188,127,0,0.005760879
Cold,426588,2590,2589,188,127,1,0.008904912
Cold,418896,2529,2528,188,127,1,0.010956142
Cold,412266,2479,2478,188,127,1,0.006554378
Cold,402014,2400,2399,188,127,0,0.0006631685
Cold,406809,2444,2443,188,127,0,0.0007736997
Cold,371801,2172,2171,188,127,1,0.0074981633
Cold,374340,2181,2180,188,127,0,0.01303384
Cold,368195,2152,2151,188,127,0,-0.0037424178
Cold,358616,2098,2097,188,127,1,0.0030938173
Cold,352226,2063,2062,188,127,0,-0.0003457067
Cold,345339,2025,2024,188,127,1,0.0039729946
Cold,344471,2021,2020,188,127,0,-0.0014759239
Cold,340883,2010,2009,188,127,0,5.8977166e-06
Cold,303617,1803,1802,188,127,0,0.0012927135
Cold,279767,1680,1679,188,127,1,-0.0012154104
Cold,277123,1675,1674,188,127,1,0.0013739588
Cold,275229,1666,1665,188,127,0,0.000101247104
Cold,271550,1641,1640,188,127,0,0.001908399
Cold,267658,1626,1625,188,127,1,0.0035309708
Cold,392455,2304,2303,188,127,1,0.0035353713
Cold,247867,1496,1495,188,127,0,0.0061639445
Cold,245578,1483,1482,188,127,1,-0.005306814
Cold,332819,1962,1961,188,127,0,-0.0019823422
Cold,234601,1424,1423,188,127,0,0.003910772
Cold,303334,1802,1801,188,127,0,-0.0027999727
Cold,225435,1364,1363,188,127,1,0.010508168
Cold,224535,1357,1356,188,127,0,-0.0022932643
Cold,221924,1342,1341,188,127,0,0.0011634724
Cold,221839,1341,1340,188,127,0,0.010616086
Cold,226422,1370,1369,188,127,0,0.004891685
Cold,206007,1264,1263,188,127,0,0.000288432
Cold,211246,1285,1284,188,127,0,0.0029462562
Cold,314524,1878,1877,188,127,1,-0.00618905
Cold,328563,1941,1940,188,127,1,0.006967564
Cold,178324,1120,1119,188,127,1,-0.0005331228
Cold,176421,1115,1114,188,127,1,-0.003040298
Cold,179787,1125,1124,188,127,0,0.012011474
Cold,256200,1562,1561,188,127,0,0.002929559
Cold,165661,1056,1055,188,127,1,0.010233097
Cold,230626,1395,1394,188,127,1,0.0011659141
Cold,159390,1017,1016,188,127,0,0.0037218966
Cold,157158,1010,1009,188,127,0,0.00080529787
Cold,131308,850,849,188,127,0,-0.0069181463
Cold,125618,808,807,188,127,1,-0.0014518984
Cold,475827,2919,2918,188,127,1,0.0021907133
Cold,100300,669,668,188,127,1,0.0034391428
Cold,99672,665,664,188,127,0,0.0022245573
Cold,177161,1117,1116,188,127,0,-0.0041552465
Cold,97161,651,650,188,127,0,0.0039091446
Cold,92820,621,620,188,127,0,0.0034037465
Cold,90765,601,600,188,127,0,0.008492179
Cold,83432,549,548,188,127,1,-0.0018563401
Cold,81863,543,542,188,127,1,0.00563722
Cold,239228,1448,1447,188,127,0,-0.003457335
Cold,77798,524,523,188,127,1,0.006972987
Cold,63268,424,423,188,127,0,-0.0024676304
Cold,51177,337,336,188,127,0,0.006753492
Cold,47982,321,320,188,127,1,0.00082914904
Cold,111000,721,720,188,127,0,0.00053605635
Cold,32956,223,222,188,127,1,-0.0013206608
Cold,291633,1737,1736,188,127,1,-0.007015691
Cold,270158,1635,1634,188,127,1,0.010458717
Cold,22596,163,162,188,127,0,0.006203508
Cold,290478,1733,1732,188,127,0,0.0011926931
Cold,7792,53,52,188,127,1,0.0030289404
Cold,633520,3824,3823,188,127,0,0.00972342
Cold,697707,4169,4168,188,127,0,0.010319067
Cold,28245,195,194,188,127,0,0.00682238
Cold,365869,2129,2128,188,127,0,0.0067016175
Cold,360220,2105,2104,188,127,0,0.005689824
Cold,317888,1889,1888,188,127,1,-0.0058568185
Cold,102533,678,677,188,127,0,0.001414929
Cold,238181,1447,1446,188,127,0,0.005643093
Cold,497721,3055,3054,188,127,0,0.0003328969
Cold,164780,1051,1050,188,127,0,0.001587905
Cold,760857,4520,4519,188,127,0,0.011677461
Cold,764623,4543,4542,188,127,0,-0.012718106
Cold,131318,850,849,190,128,1,0.00018764485
Cold,128358,830,829,190,128,1,0.0034334105
Cold,96671,648,647,190,128,0,0.0038476689
Cold,295029,1752,1751,190,128,1,0.0012671361
Cold,284452,1698,1697,190,128,1,0.0014087013
Cold,89635,590,589,190,128,1,0.00066405546
Cold,87580,573,572,190,128,1,-0.004458992
Cold,87497,571,570,190,128,1,0.0007445456
Cold,77807,524,523,190,128,0,0.0011159335
Cold,70263,474,473,190,128,0,0.008450047
Cold,501440,3080,3079,190,128,1,-0.0018878228
Cold,48871,327,326,190,128,0,0.005935141
Cold,308875,1837,1836,190,128,1,-0.0026614212
Cold,33547,225,224,190,128,1,-0.0032776555
Cold,212143,1291,1290,190,128,1,-0.0038365577
Cold,481990,2962,2961,190,128,1,-0.008094488
Cold,23158,166,165,190,128,1,0.00046247523
Cold,16707,131,130,190,128,0,0.0034868799
Cold,340221,2008,2007,190,128,0,0.0005337333
Cold,133475,862,861,190,128,1,0.005988636
Cold,7806,53,52,190,128,1,0.004317736
Cold,207086,1266,1265,190,128,0,0.0042318543
Cold,20826,151,150,190,128,0,-0.00046686793
Cold,158570,1015,1014,190,128,1,-0.00049048685
Cold,191353,1181,1180,190,128,1,-0.002590008
Cold,287839,1717,1716,190,128,1,0.002186208
Cold,232599,1413,1412,190,128,0,-0.0045095226
Cold,261252,1597,1596,190,128,1,0.001152996
Cold,310822,1851,1850,190,128,0,0.011630308
Cold,772997,4607,4606,190,128,1,0.0060606897
Cold,535125,3301,3300,190,128,1,0.002491938
Cold,882461,5329,5328,190,128,1,-0.006091513
Cold,223109,1352,1351,190,128,0,-0.0025901773
Cold,263611,1605,1604,190,128,1,0.005509428
Cold,271844,1643,1642,190,128,1,-0.0009288902
Cold,336275,1980,1979,190,128,1,0.011988651
Cold,34763,235,234,190,128,1,-0.0009338553
Cold,144411,930,929,190,128,1,-0.008213615
Cold,290488,1733,1732,190,128,1,-0.0069752643
Cold,171997,1088,1087,190,128,0,-0.00070668175
Cold,68859,461,460,191,129,0,0.003821828
Cold,240437,1449,1448,191,129,0,0.0012273195
Cold,53864,352,351,191,129,1,-0.0034352974
Cold,239243,1448,1447,191,129,1,-0.003747913
Cold,29932,202,201,191,129,0,0.0046510054
Cold,291640,1737,1736,191,129,0,0.0065620025
Cold,104510,692,691,191,129,0,0.0071213963
Cold,79665,531,530,191,129,0,-0.00022876263
Cold,302266,1794,1793,191,129,0,0.004868785
Cold,893473,5394,5393,191,129,0,0.014114037
Cold,458218,2820,2819,191,129,0,-0.0024010453
Cold,145892,937,936,191,129,0,0.0060055587
Cold,310824,1851,1850,191,129,0,0.009217702
Cold,78636,528,527,191,129,0,0.006008059
Cold,790863,4728,4727,191,129,0,0.010090364
Cold,577465,3526,3525,195,132,0,0.01088156
Cold,579673,3539,3538,195,132,0,0.0030598887
Cold,566709,3477,3476,195,132,0,0.009723574
Cold,557002,3422,3421,195,132,0,-0.0008796151
Cold,658502,3967,3966,195,132,0,0.010236806
Cold,550503,3391,3390,195,132,0,0.007023444
Cold,541105,3328,3327,195,132,1,-0.0016755881
Cold,575533,3519,3518,195,132,0,0.0003371113
Cold,774551,4619,4618,195,132,0,0.0016764335
Cold,522878,3224,3223,195,132,0,0.0024094041
Cold,514255,3174,3173,195,132,0,0.005292876
Cold,503693,3095,3094,195,132,0,-0.0009908602
Cold,502990,3087,3086,195,132,1,0.0044273855
Cold,516627,3189,3188,195,132,0,0.0038192505
Cold,494438,3032,3031,195,132,1,0.0044755335
Cold,490389,3017,3016,195,132,0,0.006397787
Cold,562745,3462,3461,195,132,0,-0.005568886
Cold,529961,3272,3271,195,132,1,0.009622879
Cold,478241,2934,2933,195,132,0,-0.0019262196
Cold,468613,2887,2886,195,132,0,0.0096926
Cold,452321,2785,2784,195,132,0,0.0034407119
Cold,451143,2777,2776,195,132,0,0.0018833159
Cold,437127,2668,2667,195,132,0,-0.004350323
Cold,431453,2628,2627,195,132,0,0.004428131
Cold,420555,2541,2540,195,132,1,0.0007800177
Cold,419315,2533,2532,195,132,0,-0.00011980208
Cold,419496,2536,2535,195,132,0,-0.009074298
Cold,416157,2506,2505,195,132,0,-0.0043071606
Cold,411284,2468,2467,195,132,1,0.0063322675
Cold,406495,2438,2437,195,132,0,0.004445493
Cold,404286,2418,2417,195,132,1,0.000898937
Cold,398325,2368,2367,195,132,1,0.0001484009
Cold,399977,2380,2379,195,132,0,0.004094934
Cold,368002,2148,2147,195,132,0,0.004674461
Cold,363341,2116,2115,195,132,0,0.0041679237
Cold,356052,2085,2084,195,132,0,-0.0021501845
Cold,361872,2109,2108,195,132,0,0.0068511968
Cold,358975,2100,2099,195,132,1,0.0009830052
Cold,324778,1924,1923,195,132,0,0.0058545
Cold,268610,1631,1630,195,132,1,-0.0017210521
Cold,256879,1571,1570,195,132,1,0.005156221
Cold,321749,1908,1907,195,132,0,-0.0032841663
Cold,264722,1609,1608,195,132,0,-0.0010297473
Cold,222457,1345,1344,195,132,1,0.004332671
Cold,212540,1294,1293,195,132,0,0.0022451358
Cold,203504,1248,1247,195,132,0,-0.0016779294
Cold,192456,1184,1183,195,132,1,0.005348881
Cold,338314,1988,1987,195,132,0,0.00088418555
Cold,189487,1173,1172,195,132,0,0.0011984417
Cold,189099,1172,1171,195,132,0,0.0086973
Cold,307657,1835,1834,195,132,1,0.0048994925
Cold,331878,1958,1957,195,132,0,0.0008719817
Cold,263616,1605,1604,195,132,0,0.0022737973
Cold,168032,1068,1067,195,132,0,0.007531276
Cold,328589,1941,1940,195,132,0,0.0048088674
Cold,164797,1051,1050,195,132,1,0.0051353946
Cold,164016,1050,1049,195,132,0,-0.0004920433
Cold,150758,970,969,195,132,0,0.0038198552
Cold,145068,934,933,195,132,0,0.0055637904
Cold,140346,899,898,195,132,0,0.010301884
Cold,157177,1010,1009,195,132,0,0.007912027
Cold,138726,889,888,195,132,0,0.0010347721
Cold,380447,2223,2222,195,132,0,0.010953156
Cold,132075,854,853,195,132,0,-0.0062115435
Cold,332825,1962,1961,195,132,0,-0.0049066483
Cold,123167,795,794,195,132,0,-0.0008735596
Cold,121596,781,780,195,132,0,0.0022525028
Cold,361055,2106,2105,195,132,0,-0.0014765835
Cold,117859,759,758,195,132,0,0.0037913374
Cold,112672,731,730,195,132,0,-0.0026505492
Cold,121294,780,779,195,132,0,0.010008196
Cold,299783,1778,1777,195,132,0,0.0022857813
Cold,113440,735,734,195,132,0,-0.0026288617
Cold,103505,687,686,195,132,0,0.0018022197
Cold,99037,660,659,195,132,0,0.006015458
Cold,314203,1875,1874,195,132,1,0.0006227916
Cold,697721,4169,4168,195,132,0,-0.0014799247
Cold,239249,1448,1447,195,132,0,-0.003306584
Cold,191360,1181,1180,195,132,0,-0.002357895
Cold,77816,524,523,195,132,0,-0.0048961737
Cold,76779,520,519,195,132,0,0.00032792706
Cold,69648,467,466,195,132,0,-0.005260598
Cold,60197,409,408,195,132,0,0.0020533223
Cold,201755,1242,1241,195,132,0,0.010569325
Cold,228493,1383,1382,195,132,0,0.00394382
Cold,78641,528,527,195,132,1,0.004463454
Cold,47566,319,318,195,132,1,-0.0014274952
Cold,39592,268,267,195,132,1,-0.0049200216
Cold,22609,163,162,195,132,0,0.00413456
Cold,6270,45,44,195,132,0,0.0136881545
Cold,3498,26,25,195,132,0,0.0006583466
Cold,79670,531,530,195,132,0,0.0015676352
Cold,659256,3971,3970,195,132,1,0.0076061515
Cold,893475,5394,5393,195,132,0,-0.0033923807
Cold,122681,791,790,195,132,0,-0.002816699
Cold,682703,4085,4084,195,132,1,-0.00014754524
Cold,102551,678,677,195,132,0,0.0016459692
Cold,883497,5333,5332,195,132,0,-0.011772336
Cold,336281,1980,1979,195,132,0,0.00033135526
Cold,187785,1164,1163,195,132,1,0.009746699
Cold,116531,752,751,195,132,1,0.0009179462
Cold,295744,1755,1754,195,132,0,-0.004593633
Cold,193856,1194,1193,195,132,1,-0.0046266103
Cold,974713,5878,5877,195,132,1,0.0036710491
Cold,354284,2073,2072,199,135,1,-0.004337025
Cold,258581,1584,1583,199,135,0,0.0021461283
Cold,225119,1361,1360,199,135,1,-0.0049143727
Cold,325561,1926,1925,199,135,1,0.004670688
Cold,218108,1322,1321,199,135,1,-0.0012409505
Cold,207089,1266,1265,199,135,1,-0.004930023
Cold,592161,3610,3609,199,135,0,0.006251538
Cold,308171,1836,1835,199,135,1,-0.0035374318
Cold,308884,1837,1836,199,135,1,-0.0041486956
Cold,185696,1150,1149,199,135,1,0.00014299247
Cold,182882,1140,1139,199,135,0,-0.00515798
Cold,168651,1069,1068,199,135,1,0.0041186255
Cold,270492,1636,1635,199,135,0,-0.0053922115
Cold,158578,1015,1014,199,135,1,-0.0019574887
Cold,153578,986,985,199,135,1,-0.0011380073
Cold,144556,931,930,199,135,0,-0.004402677
Cold,138729,889,888,199,135,0,-0.0029237135
Cold,318995,1896,1895,199,135,0,-0.0075469166
Cold,131320,850,849,199,135,1,0.0036492022
Cold,240442,1449,1448,199,135,1,0.010158566
Cold,779135,4653,4652,199,135,0,0.0014793468
Cold,107376,706,705,199,135,1,0.00082578417
Cold,100982,673,672,199,135,0,-0.008123595
Cold,317003,1884,1883,199,135,1,0.0024885081
Cold,432221,2634,2633,199,135,1,-0.003178474
Cold,59942,408,407,199,135,1,-0.0064466973
Cold,41469,281,280,199,135,0,0.001385702
Cold,35323,238,237,199,135,0,0.004774941
Cold,199894,1227,1226,199,135,0,-0.002071693
Cold,365268,2125,2124,199,135,1,0.0006518137
Cold,26486,187,186,199,135,1,0.0056459205
Cold,34764,235,234,199,135,1,0.0058143884
Cold,21168,155,154,199,135,1,-0.009408696
Cold,133673,864,863,199,135,1,0.0012005426
Cold,10802,78,77,199,135,1,0.003727181
Cold,7817,53,52,199,135,1,0.0019069491
Cold,506,6,5,199,135,1,0.0033431768
Cold,76427,518,517,199,135,1,0.0023483671
Cold,276420,1671,1670,199,135,1,0.0057184594
Cold,94630,635,634,199,135,1,-0.0022817259
Cold,605340,3679,3678,199,135,0,-0.006359586
Cold,284929,1699,1698,199,135,1,-0.009529721
Cold,484352,2980,2979,199,135,1,-0.002747065
Cold,631779,3821,3820,199,135,0,0.0052321856
Cold,421189,2544,2543,199,135,0,-0.00073155575
Cold,161417,1029,1028,199,135,1,-0.004626378
Cold,801809,4802,4801,199,135,1,3.6045443e-05
Cold,535128,3301,3300,199,135,1,-0.0046078125
Cold,978821,5902,5901,199,135,1,-0.0034233108
Cold,287843,1717,1716,199,135,1,0.00392131
Cold,322651,1912,1911,199,135,0,0.005151644
Cold,208933,1274,1273,199,135,1,0.00378796
Cold,916961,5539,5538,199,135,1,0.0019471147
Cold,384770,2247,2246,199,135,1,0.004669695
Cold,841577,5054,5053,199,135,0,0.00430749
Cold,769118,4579,4578,199,135,1,-0.0009814738
Cold,8830,59,58,199,135,0,0.00028705737
Cold,348892,2047,2046,205,138,1,0.0052561564
Cold,144804,934,933,205,138,1,0.01372671
Cold,199330,1224,1223,205,138,0,0.0068555702
Cold,360581,2106,2105,205,138,1,0.0070020515
Cold,127243,822,821,205,138,1,-0.00028971117
Cold,329186,1943,1942,205,138,1,-0.0063677626
Cold,695979,4169,4168,205,138,0,0.009035246
Cold,183111,1141,1140,205,138,0,0.003941329
Cold,233968,1422,1421,205,138,0,0.0032897857
Cold,238710,1448,1447,205,138,1,0.0015149396
Cold,44984,303,302,205,138,1,0.0052011143
Cold,50114,331,330,205,138,1,-0.001737397
Cold,26398,187,186,205,138,1,-0.006284737
Cold,795984,4771,4770,205,138,0,0.0049667396
Cold,274687,1660,1659,205,138,1,-0.005453667
Cold,49378,329,328,205,138,0,0.0070859576
Cold,6442,45,44,205,138,0,0.005399524
Cold,10774,78,77,205,138,0,-0.0011285116
Cold,89174,588,587,205,138,1,-0.00614475
Cold,157927,1015,1014,205,138,0,-0.00065691513
Cold,901384,5450,5449,205,138,0,0.0017909962
Cold,878930,5312,5311,205,138,1,0.0024516657
Cold,206272,1265,1264,205,138,0,0.0063665323
Cold,739362,4418,4417,205,138,1,0.006630771
Cold,804252,4816,4815,205,138,1,0.0070256917
Cold,157929,1015,1014,206,139,1,0.0034736237
Cold,185032,1150,1149,206,139,1,0.009964323
Cold,139360,891,890,206,139,0,0.0024499646
Cold,127939,826,825,206,139,0,0.0064692786
Cold,119088,770,769,206,139,0,0.009879116
Cold,82208,546,545,206,139,1,-0.0031784521
Cold,238711,1448,1447,206,139,1,0.0059518595
Cold,589591,3596,3595,206,139,1,0.006761452
Cold,132331,855,854,206,139,0,0.007454466
Cold,42087,285,284,206,139,0,0.004678832
Cold,34705,235,234,206,139,0,-0.0031706805
Cold,33465,225,224,206,139,0,0.012084859
Cold,24040,171,170,206,139,1,-0.0022637853
Cold,133616,864,863,206,139,1,0.002151399
Cold,210038,1284,1283,206,139,0,6.778992e-05
Cold,18082,139,138,206,139,1,0.0029918165
Cold,317571,1889,1888,206,139,1,0.003243497
Cold,115986,752,751,206,139,1,0.0052085933
Cold,287633,1717,1716,206,139,1,-0.005573225
Cold,329189,1943,1942,206,139,1,0.005022252
Cold,234820,1425,1424,206,139,1,0.008125538
Cold,891457,5387,5386,206,139,0,0.0014147118
Cold,437910,2676,2675,213,142,1,-0.0033380436
Cold,432087,2634,2633,213,142,1,0.004989153
Cold,428538,2608,2607,213,142,0,-0.0018899787
Cold,422245,2556,2555,213,142,1,0.0037997935
Cold,420870,2544,2543,213,142,1,0.0018716715
Cold,411852,2476,2475,213,142,1,0.0051764627
Cold,422298,2557,2556,213,142,1,-0.004272336
Cold,413159,2485,2484,213,142,0,0.0015249773
Cold,390649,2293,2292,213,142,1,0.011158783
Cold,386320,2259,2258,213,142,1,0.0015968923
Cold,383122,2238,2237,213,142,0,-0.0005696241
Cold,371398,2171,2170,213,142,1,0.0019585465
Cold,347092,2036,2035,213,142,1,-0.006376516
Cold,342297,2015,2014,213,142,0,0.015317496
Cold,325281,1926,1925,213,142,1,0.008122094
Cold,318626,1894,1893,213,142,1,-0.001331566
Cold,316179,1883,1882,213,142,1,9.228627e-05
Cold,283991,1698,1697,213,142,1,0.0054281503
Cold,262673,1602,1601,213,142,1,-0.0027821907
Cold,256810,1571,1570,213,142,0,-0.0021779162
Cold,256521,1567,1566,213,142,0,0.003455801
Cold,565459,3475,3474,213,142,1,0.008355784
Cold,222889,1350,1349,213,142,0,0.0032520476
Cold,218257,1323,1322,213,142,1,0.008353656
Cold,209736,1281,1280,213,142,0,-0.003931325
Cold,200196,1229,1228,213,142,1,0.003997376
Cold,243782,1470,1469,213,142,0,0.0026255047
Cold,294207,1749,1748,213,142,0,0.0068021948
Cold,195313,1203,1202,213,142,1,0.0063574826
Cold,307295,1835,1834,213,142,1,0.007609302
Cold,180207,1128,1127,213,142,1,0.0030480614
Cold,199340,1224,1223,213,142,1,0.0059421686
Cold,201427,1242,1241,213,142,1,0.0015351936
Cold,168313,1069,1068,213,142,0,0.006308234
Cold,163551,1049,1048,213,142,1,-0.007956446
Cold,163715,1050,1049,213,142,0,0.0022821429
Cold,163079,1041,1040,213,142,1,-0.004957459
Cold,227845,1382,1381,213,142,1,0.0030814896
Cold,147717,952,951,213,142,1,0.0048142434
Cold,154576,998,997,213,142,1,0.0039632833
Cold,140847,905,904,213,142,1,0.007579838
Cold,100770,673,672,213,142,1,0.00090821704
Cold,176796,1117,1116,213,142,1,0.0038045854
Cold,97752,655,654,213,142,0,0.01204139
Cold,75669,515,514,213,142,1,-1.3012672e-05
Cold,72907,493,492,213,142,1,-0.0006864262
Cold,66720,446,445,213,142,1,0.010641406
Cold,111410,725,724,213,142,1,0.0016324675
Cold,39357,267,266,213,142,0,0.0104471315
Cold,37877,259,258,213,142,1,0.0066342177
Cold,33472,225,224,213,142,1,-0.0025175721
Cold,17927,138,137,213,142,1,-0.002805711
Cold,810292,4861,4860,213,142,1,0.009961091
Cold,167091,1063,1062,213,142,1,-0.012735511
Cold,605155,3679,3678,213,142,0,0.0012334893
Cold,249797,1505,1504,213,142,0,-0.0011505793
Cold,835082,5019,5018,213,142,1,0.0029697106
Cold,312813,1865,1864,213,142,1,0.012400473
Cold,319225,1897,1896,213,142,1,-0.0018194434
Cold,287639,1717,1716,213,142,0,0.0081272125
Cold,256062,1561,1560,213,142,1,0.0029338207
Cold,241057,1451,1450,213,142,1,-0.002344821
Cold,790330,4728,4727,213,142,1,0.00504473
Cold,574652,3518,3517,215,143,1,-0.00426488
Cold,659088,3971,3970,215,143,1,0.0031503486
Cold,493298,3031,3030,215,143,1,0.003291374
Cold,490203,3017,3016,215,143,0,0.0037271099
Cold,484905,2986,2985,215,143,0,-0.008729981
Cold,475077,2916,2915,215,143,1,0.0014542256
Cold,474642,2913,2912,215,143,1,-0.0013785317
Cold,852566,5113,5112,215,143,1,-0.0014949937
Cold,465594,2872,2871,215,143,0,-0.010950677
Cold,462515,2854,2853,215,143,0,-0.001110342
Cold,458881,2825,2824,215,143,1,-0.00024645077
Cold,559854,3441,3440,215,143,0,0.00010031322
Cold,450681,2777,2776,215,143,1,0.006808644
Cold,449857,2774,2773,215,143,0,-0.0007841086
Cold,458474,2822,2821,215,143,1,-0.0020283298
Cold,444066,2738,2737,215,143,1,0.00678472
Cold,439368,2684,2683,215,143,0,-0.0030395081
Cold,433121,2641,2640,215,143,1,-0.010877988
Cold,416457,2507,2506,215,143,1,0.007316701
Cold,408081,2453,2452,215,143,1,-0.0032938444
Cold,392772,2306,2305,215,143,1,0.005180342
Cold,330510,1951,1950,215,143,0,0.0029822898
Cold,332977,1963,1962,215,143,1,0.0015415705
Cold,286464,1711,1710,215,143,1,-0.006204124
Cold,326700,1937,1936,215,143,1,-0.01064508
Cold,285785,1705,1704,215,143,1,0.0025653422
Cold,310072,1845,1844,215,143,0,0.005631098
Cold,267516,1626,1625,215,143,1,0.0039583296
Cold,235516,1426,1425,215,143,1,0.0008652798
Cold,214728,1303,1302,215,143,1,-0.008499766
Cold,210722,1285,1284,215,143,1,-0.001979743
Cold,200815,1235,1234,215,143,1,0.0007551857
Cold,202383,1244,1243,215,143,1,0.002481701
Cold,308475,1837,1836,215,143,1,0.002644544
Cold,194115,1196,1195,215,143,1,-0.0019264309
Cold,338018,1988,1987,215,143,1,-0.012975227
Cold,373908,2181,2180,215,143,0,0.0001140472
Cold,185048,1150,1149,215,143,0,-0.00019159564
Cold,316181,1883,1882,215,143,0,-0.0111442255
Cold,307296,1835,1834,215,143,1,0.00040968915
Cold,179965,1127,1126,215,143,1,-0.0040280586
Cold,201431,1242,1241,215,143,0,-0.004346723
Cold,174476,1103,1102,215,143,1,0.0075403275
Cold,263121,1605,1604,215,143,0,-5.262252e-05
Cold,168316,1069,1068,215,143,1,0.0018454414
Cold,334494,1974,1973,215,143,1,0.0015535257
Cold,190625,1181,1180,215,143,1,0.0022545718
Cold,186055,1151,1150,215,143,1,0.0073690345
Cold,154183,995,994,215,143,1,-0.0027248678
Cold,143273,924,923,215,143,1,0.007874703
Cold,140848,905,904,215,143,1,0.006646894
Cold,139364,891,890,215,143,1,-0.006963666
Cold,137982,889,888,215,143,0,-0.00023916864
Cold,131800,854,853,215,143,1,-0.007699626
Cold,351564,2063,2062,215,143,0,0.005815176
Cold,187546,1164,1163,215,143,1,0.0038825076
Cold,283992,1698,1697,215,143,1,-0.004507231
Cold,432088,2634,2633,215,143,1,0.0049368064
Cold,85232,556,555,215,143,1,0.003798021
Cold,77311,524,523,215,143,1,0.0017317089
Cold,83981,550,549,215,143,1,-0.0030593756
Cold,299506,1778,1777,215,143,1,0.0025693588
Cold,72908,493,492,215,143,1,-0.00044216774
Cold,132338,855,854,215,143,1,-0.0032412386
Cold,50128,331,330,215,143,1,-0.00067170337
Cold,88746,587,586,215,143,0,-0.00612429
Cold,33474,225,224,215,143,0,0.0007370671
Cold,228103,1383,1382,215,143,0,0.0059503084
Cold,22501,163,162,215,143,0,-0.0005037214
Cold,111611,727,726,215,143,1,-0.0016141374
Cold,6160,45,44,215,143,0,-0.007257358
Cold,5423,38,37,215,143,0,0.0055910726
Cold,270,5,4,215,143,0,-0.0029144085
Cold,79226,531,530,215,143,0,-0.0031347827
Cold,157945,1015,1014,215,143,1,-0.0005004725
Cold,286614,1712,1711,215,143,0,0.0060090926
Cold,129272,839,838,215,143,1,-0.0035078563
Cold,203648,1252,1251,215,143,1,0.003779513
Cold,892859,5394,5393,215,143,1,-0.00081882346
Cold,241058,1451,1450,215,143,1,0.008985896
Cold,20752,151,150,215,143,1,-0.004608551
Cold,129903,840,839,215,143,1,-0.0033966037
Cold,45911,308,307,215,143,0,-0.0018028938
Cold,795990,4771,4770,215,143,0,0.005117585
Cold,154086,993,992,215,143,0,0.013126678
Cold,222558,1347,1346,215,143,1,0.005938982
Cold,561879,3457,3456,215,143,0,-0.0010766073
Cold,312814,1865,1864,215,143,0,0.0044299397
Cold,290052,1733,1732,215,143,1,0.0041203517
Cold,475431,2918,2917,215,143,1,0.0049288208
Cold,344791,2023,2022,215,143,1,0.0020187867
Cold,561501,3454,3453,215,143,1,0.007481861
Cold,335644,1980,1979,215,143,1,0.0018785843
Cold,178588,1121,1120,215,143,1,-0.0034740516
Cold,256063,1561,1560,215,143,1,-0.005450192
Cold,27558,193,192,215,143,1,3.752054e-05
Cold,261652,1599,1598,215,143,0,-0.006047505
Cold,114215,743,742,215,143,1,-0.00039213104
Cold,777680,4647,4646,215,143,0,-0.0008158223
Cold,491165,3020,3019,215,143,0,-0.003315311
Cold,948956,5733,5732,217,145,0,0.0041406807
Cold,331430,1958,1957,217,145,0,-0.005176047
Cold,129904,840,839,217,145,0,-0.005599537
Cold,295580,1755,1754,217,145,0,0.0035626977
Cold,677735,4062,4061,218,146,0,-0.012936694
Cold,664582,4001,4000,218,146,1,-0.0014156261
Cold,660358,3981,3980,218,146,0,-0.00066017546
Cold,660842,3985,3984,218,146,0,0.005808645
Cold,656547,3957,3956,218,146,0,0.00014841277
Cold,661255,3988,3987,218,146,1,-0.00933614
Cold,642706,3868,3867,218,146,0,-0.00027669547
Cold,647635,3900,3899,218,146,0,-0.0062022596
Cold,634761,3829,3828,218,146,0,-0.003957698
Cold,633927,3825,3824,218,146,0,0.0007789973
Cold,629217,3808,3807,218,146,0,-0.0051705735
Cold,637884,3841,3840,218,146,0,-0.01311418
Cold,621469,3763,3762,218,146,0,-0.0009101848
Cold,734897,4388,4387,218,146,1,-0.0021431353
Cold,612445,3713,3712,218,146,1,0.0021367157
Cold,726384,4345,4344,218,146,0,0.002993877
Cold,725191,4344,4343,218,146,0,-0.0017086419
Cold,589029,3592,3591,218,146,1,-0.010523211
Cold,579137,3539,3538,218,146,1,-0.004762469
Cold,575200,3519,3518,218,146,1,-0.008339379
Cold,562473,3462,3461,218,146,0,-0.006987984
Cold,542081,3336,3335,218,146,0,-0.007368737
Cold,535854,3308,3307,218,146,0,-0.00769342
Cold,533129,3292,3291,218,146,0,0.003898491
Cold,522348,3224,3223,218,146,1,-0.008456183
Cold,574653,3518,3517,218,146,1,0.0009235884
Cold,502839,3087,3086,218,146,1,0.003431472
Cold,499246,3067,3066,218,146,1,0.0021980433
Cold,797555,4784,4783,218,146,0,-0.0066626794
Cold,496849,3053,3052,218,146,0,0.010969769
Cold,659090,3971,3970,218,146,1,-0.008713249
Cold,489522,3013,3012,218,146,1,0.0026234896
Cold,488634,3007,3006,218,146,1,0.00042069983
Cold,484907,2986,2985,218,146,0,0.0017284029
Cold,529537,3272,3271,218,146,0,-0.013011057
Cold,475078,2916,2915,218,146,0,-0.008326652
Cold,879813,5317,5316,218,146,0,-0.004663725
Cold,456386,2810,2809,218,146,0,0.008969637
Cold,450684,2777,2776,218,146,0,-0.003721458
Cold,446115,2751,2750,218,146,0,-0.011062818
Cold,444571,2743,2742,218,146,0,-0.0042914655
Cold,443744,2737,2736,218,146,0,-0.0065643946
Cold,438787,2681,2680,218,146,0,0.008929971
Cold,437025,2668,2667,218,146,1,-0.0066752355
Cold,418538,2529,2528,218,146,0,-0.004609298
Cold,404447,2419,2418,218,146,0,0.00024333037
Cold,398993,2376,2375,218,146,0,-0.0016182007
Cold,398209,2368,2367,218,146,1,-0.00028461055
Cold,395089,2334,2333,218,146,0,0.0026446003
Cold,393847,2320,2319,218,146,0,-0.004388398
Cold,389911,2288,2287,218,146,0,-0.0042434535
Cold,385204,2251,2250,218,146,0,-0.0033434224
Cold,372249,2174,2173,218,146,1,-0.010105077
Cold,362831,2116,2115,218,146,1,0.002154687
Cold,355902,2085,2084,218,146,1,-0.0024829681
Cold,355314,2078,2077,218,146,0,-0.0031746638
Cold,358818,2100,2099,218,146,1,0.00014741975
Cold,285786,1705,1704,218,146,1,-0.0048993174
Cold,286228,1709,1708,218,146,0,0.010169286
Cold,259366,1587,1586,218,146,0,-0.00049017835
Cold,264543,1609,1608,218,146,0,-0.006648788
Cold,237037,1441,1440,218,146,1,-0.0025447833
Cold,231599,1404,1403,218,146,0,-0.00995549
Cold,335647,1980,1979,218,146,0,-0.014553574
Cold,289240,1727,1726,218,146,1,-0.005602702
Cold,360597,2106,2105,218,146,0,-0.0039118547
Cold,278863,1680,1679,218,146,0,-0.00931766
Cold,304753,1812,1811,218,146,1,-0.010094367
Cold,192316,1184,1183,218,146,0,-0.0006604703
Cold,188881,1172,1171,218,146,0,-0.010999437
Cold,185050,1150,1149,218,146,0,-0.011047733
Cold,201432,1242,1241,218,146,0,0.0075235087
Cold,179491,1125,1124,218,146,1,-0.005616243
Cold,331432,1958,1957,218,146,0,0.001784022
Cold,263124,1605,1604,218,146,1,-0.00023401866
Cold,168317,1069,1068,218,146,0,-0.010141593
Cold,167744,1068,1067,218,146,0,0.0027017696
Cold,327798,1941,1940,218,146,1,-0.009549935
Cold,163717,1050,1049,218,146,0,-0.004864979
Cold,272085,1645,1644,218,146,1,0.002162427
Cold,189291,1173,1172,218,146,0,-0.0046127047
Cold,160840,1022,1021,218,146,1,-0.017688312
Cold,153635,987,986,218,146,1,-0.001474923
Cold,270800,1639,1638,218,146,1,0.002175092
Cold,137985,889,888,218,146,0,-0.018948551
Cold,351567,2063,2062,218,146,1,-0.0015319189
Cold,124448,801,800,218,146,0,-0.008282138
Cold,112349,731,730,218,146,0,-0.002306299
Cold,103031,683,682,218,146,0,-0.00024176895
Cold,116008,752,751,218,146,0,-0.0021566362
Cold,97753,655,654,218,146,0,-0.004320332
Cold,332552,1962,1961,218,146,0,-0.0071966914
Cold,90233,595,594,218,146,1,-0.0054007173
Cold,85536,558,557,218,146,0,-0.0050324923
Cold,291238,1737,1736,218,146,0,-0.013388285
Cold,82216,546,545,218,146,1,-0.0007808462
Cold,228104,1383,1382,218,146,1,-0.009904038
Cold,77315,524,523,218,146,1,-0.0066492935
Cold,76120,517,516,218,146,1,0.0019256703
Cold,238726,1448,1447,218,146,1,0.0005490368
Cold,70108,474,473,218,146,0,-0.007511931
Cold,60341,410,409,218,146,0,0.0064269057
Cold,251094,1516,1515,218,146,0,-0.0133348955
Cold,59130,402,401,218,146,0,-0.008927759
Cold,56251,375,374,218,146,0,0.0016378907
Cold,333765,1969,1968,218,146,1,0.0017282902
Cold,132340,855,854,218,146,0,-0.0018637546
Cold,696003,4169,4168,218,146,0,-0.008168194
Cold,39544,268,267,218,146,1,0.0052707735
Cold,29183,199,198,218,146,0,-0.002094415
Cold,26410,187,186,218,146,1,-0.0032576444
Cold,234832,1425,1424,218,146,1,-0.009694887
Cold,500441,3074,3073,218,146,1,-0.005750321
Cold,16975,133,132,218,146,1,0.00011782203
Cold,49395,329,328,218,146,1,-0.002418058
Cold,6162,45,44,218,146,0,0.0009894781
Cold,79229,531,530,218,146,0,-0.011974765
Cold,276111,1671,1670,218,146,0,-0.0074464846
Cold,157947,1015,1014,218,146,0,-0.006653452
Cold,78347,528,527,218,146,0,-0.0075805713
Cold,892861,5394,5393,218,146,0,-0.0088684745
Cold,241061,1451,1450,218,146,0,0.0013950747
Cold,416458,2507,2506,218,146,0,-0.011104118
Cold,102071,678,677,218,146,1,-0.0023762884
Cold,88309,583,582,218,146,0,-0.004900101
Cold,134103,869,868,218,146,1,-0.010505341
Cold,476278,2926,2925,218,146,0,-0.0011885536
Cold,216891,1317,1316,218,146,1,-0.005851033
Cold,916628,5539,5538,218,146,0,-0.008940067
Cold,657445,3963,3962,218,146,1,-0.003885471
Cold,193531,1194,1193,218,146,0,-0.004875717
Cold,171411,1088,1087,218,146,0,-0.01705193
Cold,769431,4582,4581,218,146,1,0.006043638
Cold,974251,5878,5877,218,146,0,-0.0033154734
Cold,860046,5172,5171,218,146,0,-0.003121199
Cold,497877,3056,3055,227,151,0,-0.0037231054
Cold,493940,3032,3031,227,151,1,-0.005567696
Cold,472439,2907,2906,227,151,0,-0.0077018505
Cold,473397,2909,2908,227,151,1,-0.007642258
Cold,486952,2996,2995,227,151,0,0.0034725373
Cold,463146,2857,2856,227,151,0,-0.0037121554
Cold,453593,2793,2792,227,151,0,-0.012109119
Cold,450698,2777,2776,227,151,0,-0.0031398828
Cold,447865,2761,2760,227,151,0,-0.0015817704
Cold,441680,2712,2711,227,151,1,-0.008007651
Cold,429833,2620,2619,227,151,0,-0.0036056465
Cold,427446,2595,2594,227,151,1,0.0019179268
Cold,423411,2566,2565,227,151,0,-0.0003513458
Cold,408096,2453,2452,227,151,0,-0.007663803
Cold,394494,2326,2325,227,151,0,0.0028108668
Cold,392039,2304,2303,227,151,1,-0.003210939
Cold,375047,2186,2185,227,151,1,0.0026089028
Cold,349490,2051,2050,227,151,0,-0.0010354547
Cold,340522,2010,2009,227,151,0,-0.0036027832
Cold,321796,1909,1908,227,151,0,-0.004016746
Cold,315060,1880,1879,227,151,0,-0.005035882
Cold,297385,1764,1763,227,151,1,-0.0062098624
Cold,288820,1726,1725,227,151,0,-0.0014581219
Cold,265636,1613,1612,227,151,0,-0.0043112263
Cold,244635,1473,1472,227,151,0,-0.004541414
Cold,235814,1427,1426,227,151,0,-0.00538214
Cold,244398,1472,1471,227,151,0,-0.004527868
Cold,227038,1377,1376,227,151,0,0.0019270093
Cold,220651,1338,1337,227,151,0,-0.002745958
Cold,217558,1320,1319,227,151,0,0.0025968289
Cold,221209,1340,1339,227,151,0,-0.006831468
Cold,243792,1470,1469,227,151,0,0.009062512
Cold,193150,1193,1192,227,151,0,-0.0060949726
Cold,192322,1184,1183,227,151,0,0.0019898338
Cold,190650,1181,1180,227,151,0,-0.006818597
Cold,173073,1097,1096,227,151,0,-0.0012687668
Cold,171429,1088,1087,227,151,0,-0.011495306
Cold,154788,999,998,227,151,0,0.0022119652
Cold,157458,1012,1011,227,151,0,0.0015380532
Cold,276844,1675,1674,227,151,0,0.0040393546
Cold,136399,881,880,227,151,0,0.0021320637
Cold,135511,877,876,227,151,0,-0.004861118
Cold,202390,1244,1243,227,151,0,-0.0061724368
Cold,121840,785,784,227,151,0,0.001893575
Cold,120325,777,776,227,151,0,-0.002840213
Cold,114772,746,745,227,151,0,-0.0064465776
Cold,96365,647,646,227,151,0,0.00035351678
Cold,712846,4277,4276,227,151,0,-0.012398499
Cold,480046,2946,2945,227,151,0,-0.0086593805
Cold,91161,604,603,227,151,0,-0.005128937
Cold,150491,970,969,227,151,0,-0.009546496
Cold,291248,1737,1736,227,151,1,-0.009647299
Cold,77329,524,523,227,151,0,0.0004875313
Cold,80086,533,532,227,151,0,-0.006745196
Cold,68619,461,460,227,151,0,-0.007873949
Cold,70115,474,473,227,151,1,-0.005125166
Cold,239851,1449,1448,227,151,0,-0.0049078735
Cold,51448,338,337,227,151,0,-0.004993364
Cold,55612,368,367,227,151,0,-0.0047520893
Cold,38031,260,259,227,151,0,0.0019661216
Cold,29199,199,198,227,151,1,-0.005278943
Cold,19415,148,147,227,151,1,-0.003047252
Cold,27174,192,191,227,151,0,-0.0026667595
Cold,30509,204,203,227,151,0,-0.008383254
Cold,78361,528,527,227,151,0,0.0031473222
Cold,599132,3648,3647,227,151,1,-0.0090586245
Cold,62725,424,423,227,151,0,-0.00092597725
Cold,587782,3589,3588,227,151,1,-0.000924872
Cold,941340,5682,5681,227,151,0,-0.00326811
Cold,359294,2102,2101,229,152,0,-0.0013176166
Cold,359977,2105,2104,229,152,1,0.006953843
Cold,335668,1980,1979,229,152,0,0.00082369987
Cold,282569,1694,1693,229,152,1,-0.0035241302
Cold,282240,1693,1692,229,152,0,-0.0062925615
Cold,278890,1680,1679,229,152,1,0.0029875746
Cold,333310,1968,1967,229,152,0,-0.0016518228
Cold,296373,1758,1757,229,152,1,-0.007962216
Cold,211758,1288,1287,229,152,0,0.005830942
Cold,203994,1255,1254,229,152,1,0.0047049476
Cold,210741,1285,1284,229,152,1,-0.006482317
Cold,210056,1284,1283,229,152,0,-0.0073678195
Cold,185063,1150,1149,229,152,1,-0.005638469
Cold,307307,1835,1834,229,152,1,-0.0015056243
Cold,183918,1146,1145,229,152,1,-0.00068455434
Cold,163729,1050,1049,229,152,0,0.00138197
Cold,159930,1019,1018,229,152,0,-0.001611365
Cold,131814,854,853,229,152,0,0.0064925007
Cold,223418,1354,1353,229,152,0,-0.0069378717
Cold,107296,706,705,229,152,0,0.003246753
Cold,696022,4169,4168,229,152,0,-0.0043020826
Cold,284003,1698,1697,229,152,1,-0.003419292
Cold,89185,588,587,229,152,1,0.004064862
Cold,77331,524,523,229,152,1,0.005169884
Cold,72910,493,492,229,152,1,0.0024925265
Cold,71890,482,481,229,152,0,-0.0030211997
Cold,98679,660,659,229,152,0,-0.00013281987
Cold,221210,1340,1339,229,152,0,-0.009493343
Cold,28152,195,194,229,152,1,-0.0011111172
Cold,5051,36,35,229,152,1,-0.010590007
Cold,296,5,4,229,152,0,0.0013662119
Cold,164393,1051,1050,229,152,1,-0.0029093092
Cold,863851,5205,5204,229,152,0,-0.0034486314
Cold,140655,904,903,229,152,0,-0.005405325
Cold,892871,5394,5393,229,152,0,-0.00031259842
Cold,110685,721,720,229,152,0,0.0030467254
Cold,828614,4979,4978,229,152,0,-0.004781618
Cold,256064,1561,1560,229,152,1,0.0059750527
Cold,241071,1451,1450,229,152,1,-0.0076848404
Cold,169899,1079,1078,229,152,0,-0.0039199986
Cold,484918,2986,2985,229,152,0,-0.013560723
Cold,245731,1484,1483,229,152,1,-0.0077583017
Cold,156680,1010,1009,229,152,0,-0.0014715581
Cold,285215,1701,1700,229,152,1,-0.006364536
Cold,62726,424,423,229,152,1,-0.0075414646
Cold,895651,5413,5412,229,152,1,0.00253238
Cold,790341,4728,4727,229,152,1,-0.0052638706
Cold,841050,5054,5053,229,152,0,-0.0040002586
Cold,550798,3392,3391,234,157,1,-0.0034965905
Cold,575217,3519,3518,234,157,0,0.0017538681
Cold,549933,3391,3390,234,157,0,0.0042336546
Cold,542100,3336,3335,234,157,0,0.003573012
Cold,536978,3311,3310,234,157,0,-0.011293918
Cold,535879,3308,3307,234,157,1,-0.0033663404
Cold,514823,3180,3179,234,157,0,0.0010902563
Cold,508533,3129,3128,234,157,0,-0.002178201
Cold,574663,3518,3517,234,157,0,-0.006454488
Cold,502077,3082,3081,234,157,0,0.0018241734
Cold,467922,2885,2884,234,157,0,0.004081794
Cold,459401,2829,2828,234,157,0,-0.0006982505
Cold,450708,2777,2776,234,157,1,-0.004310838
Cold,450210,2776,2775,234,157,0,0.0037206842
Cold,444585,2743,2742,234,157,0,0.0034928992
Cold,435770,2664,2663,234,157,0,0.010905604
Cold,420424,2541,2540,234,157,1,0.011749584
Cold,419255,2533,2532,234,157,1,0.0039841398
Cold,399452,2378,2377,234,157,1,0.0013298164
Cold,392045,2304,2303,234,157,1,-0.004826717
Cold,385212,2251,2250,234,157,0,0.006419418
Cold,377159,2203,2202,234,157,0,-0.0006930656
Cold,368308,2153,2152,234,157,0,-0.00041756895
Cold,362858,2116,2115,234,157,0,0.004344045
Cold,359307,2102,2101,234,157,0,0.0018597611
Cold,355908,2085,2084,234,157,0,-0.0012283445
Cold,361505,2109,2108,234,157,0,-0.0037736346
Cold,340531,2010,2009,234,157,0,-0.005995433
Cold,350923,2060,2059,234,157,1,-0.0049410854
Cold,287091,1714,1713,234,157,1,-0.00014178362
Cold,297393,1764,1763,234,157,0,-0.0039178086
Cold,262162,1600,1599,234,157,0,-0.013257835
Cold,230074,1392,1391,234,157,0,0.0062396484
Cold,223422,1354,1353,234,157,0,-0.0046844278
Cold,289252,1727,1726,234,157,0,-0.00035628327
Cold,212827,1297,1296,234,157,0,0.0040579876
Cold,277524,1676,1675,234,157,0,0.0006310288
Cold,205271,1263,1262,234,157,0,-0.0016828973
Cold,278910,1680,1679,234,157,1,-0.0020333044
Cold,243801,1470,1469,234,157,1,-0.008932807
Cold,193152,1193,1192,234,157,0,0.0073403562
Cold,188893,1172,1171,234,157,0,-0.0019681833
Cold,327842,1941,1940,234,157,0,0.007412631
Cold,161968,1033,1032,234,157,0,-0.0027970097
Cold,189298,1173,1172,234,157,0,-0.002126425
Cold,156692,1010,1009,234,157,0,-0.0025905692
Cold,136408,881,880,234,157,0,-0.0005521702
Cold,135517,877,876,234,157,0,0.0009254783
Cold,332567,1962,1961,234,157,0,0.008069485
Cold,124198,800,799,234,157,0,-0.0029439921
Cold,360620,2106,2105,234,157,0,0.00045210938
Cold,112362,731,730,234,157,0,0.00960818
Cold,107810,710,709,234,157,0,-0.0039738845
Cold,98685,660,659,234,157,0,0.0017041059
Cold,96367,647,646,234,157,0,-0.0041936673
Cold,314045,1875,1874,234,157,0,0.0015313413
Cold,631455,3821,3820,234,157,0,-0.0002769269
Cold,82931,549,548,234,157,1,0.0099152215
Cold,190669,1181,1180,234,157,0,0.0019406771
Cold,77339,524,523,234,157,0,0.004348383
Cold,119116,770,769,234,157,0,-0.0071047326
Cold,81564,543,542,234,157,1,0.0053970236
Cold,68625,461,460,234,157,0,0.0044056997
Cold,65260,438,437,234,157,1,-0.0011948834
Cold,251100,1516,1515,234,157,0,0.0059655765
Cold,57185,386,385,234,157,0,-0.005888445
Cold,132352,855,854,234,157,0,0.003268212
Cold,696038,4169,4168,234,157,0,0.0031129043
Cold,32087,216,215,234,157,0,0.0006998556
Cold,299956,1779,1778,234,157,0,-0.0021153048
Cold,3431,26,25,234,157,0,0.00401611
Cold,6837,48,47,234,157,0,0.0063018
Cold,354786,2077,2076,234,157,0,-0.004681259
Cold,966657,5831,5830,234,157,0,0.006399948
Cold,326047,1930,1929,234,157,0,-0.0017282049
Cold,974941,5880,5879,234,157,0,0.0010745581
Cold,264992,1611,1610,234,157,0,0.007507393
Cold,102094,678,677,234,157,0,0.0003606805
Cold,537813,3312,3311,234,157,0,-0.0066021294
Cold,79256,531,530,234,157,0,0.00773482
Cold,159942,1019,1018,234,157,0,-0.001933832
Cold,71898,482,481,234,157,0,0.010035994
Cold,331457,1958,1957,234,157,0,-0.004492865
Cold,930357,5621,5620,234,157,1,0.0002628446
Cold,310586,1851,1850,234,157,0,0.00040338712
Cold,923887,5580,5579,234,157,0,-0.00023812929
Cold,234849,1425,1424,234,157,0,-0.008362494
Cold,758479,4510,4509,239,161,1,-0.0038067424
Cold,579164,3539,3538,239,161,1,0.009141751
Cold,744777,4448,4447,239,161,0,0.0017939024
Cold,570241,3499,3498,239,161,1,0.009430144
Cold,562482,3462,3461,239,161,0,0.002295255
Cold,557177,3423,3422,239,161,0,0.0020608776
Cold,553181,3403,3402,239,161,0,-0.00026700832
Cold,554432,3411,3410,239,161,0,0.00028034108
Cold,689793,4126,4125,239,161,1,-0.0076703783
Cold,543227,3345,3344,239,161,0,0.004517036
Cold,532693,3290,3289,239,161,0,0.004979304
Cold,530645,3279,3278,239,161,0,0.0010121157
Cold,509458,3138,3137,239,161,0,-0.0004378592
Cold,493956,3032,3031,239,161,1,0.0050720614
Cold,492005,3026,3025,239,161,0,-0.001141655
Cold,487555,2999,2998,239,161,0,-0.0004395484
Cold,477969,2934,2933,239,161,1,-0.002293692
Cold,477449,2931,2930,239,161,0,-6.5862725e-05
Cold,473414,2909,2908,239,161,0,0.008951678
Cold,423118,2565,2564,239,161,0,0.0033240346
Cold,420615,2542,2541,239,161,1,0.005159943
Cold,419683,2537,2536,239,161,0,0.0022995395
Cold,414318,2495,2494,239,161,0,0.0017221484
Cold,399453,2378,2377,239,161,0,0.0052903853
Cold,389920,2288,2287,239,161,0,-0.0024023415
Cold,418558,2529,2528,239,161,1,0.006839426
Cold,379883,2222,2221,239,161,1,-0.007139598
Cold,373377,2180,2179,239,161,0,0.0011468974
Cold,358827,2100,2099,239,161,0,0.0021871503
Cold,345777,2029,2028,239,161,0,-0.003309498
Cold,341485,2012,2011,239,161,0,0.0025609396
Cold,339469,2000,1999,239,161,1,0.006988816
Cold,362862,2116,2115,239,161,1,0.001052581
Cold,326963,1938,1937,239,161,1,0.0057827346
Cold,288090,1721,1720,239,161,0,-0.010614626
Cold,277529,1676,1675,239,161,1,-0.0038509483
Cold,272778,1647,1646,239,161,1,0.0018508451
Cold,257023,1574,1573,239,161,0,-0.009718137
Cold,256596,1568,1567,239,161,1,0.0037864267
Cold,309251,1841,1840,239,161,0,-0.00052675104
Cold,360622,2106,2105,239,161,0,0.0017386158
Cold,321235,1904,1903,239,161,0,0.00069649867
Cold,247305,1495,1494,239,161,0,0.0001274813
Cold,216187,1312,1311,239,161,0,0.005458139
Cold,216390,1314,1313,239,161,0,0.0010459602
Cold,278914,1680,1679,239,161,1,0.0065248115
Cold,207736,1271,1270,239,161,0,0.0063580573
Cold,213367,1298,1297,239,161,0,0.0010693297
Cold,235815,1427,1426,239,161,0,0.007513637
Cold,236341,1434,1433,239,161,0,0.0025856919
Cold,327844,1941,1940,239,161,0,-0.0012955619
Cold,183132,1141,1140,239,161,0,-0.006794166
Cold,178011,1120,1119,239,161,1,-0.0019441097
Cold,172833,1096,1095,239,161,0,-0.00076670904
Cold,272093,1645,1644,239,161,0,0.003010688
Cold,155790,1004,1003,239,161,0,0.0015776511
Cold,165443,1054,1053,239,161,1,0.0067249024
Cold,146226,940,939,239,161,0,-0.0039145295
Cold,144832,934,933,239,161,0,0.0045151
Cold,164403,1051,1050,239,161,1,0.012053997
Cold,156694,1010,1009,239,161,0,0.004444603
Cold,276855,1675,1674,239,161,0,-0.0026459799
Cold,138022,889,888,239,161,0,-0.0011246958
Cold,137304,885,884,239,161,1,1.0919641e-05
Cold,136411,881,880,239,161,0,-0.0010979057
Cold,133760,866,865,239,161,0,-0.0019506698
Cold,134126,869,868,239,161,1,-0.008620425
Cold,263144,1605,1604,239,161,0,-0.00050213153
Cold,126524,817,816,239,161,1,0.0048517575
Cold,124200,800,799,239,161,1,0.0028550844
Cold,121052,780,779,239,161,0,-0.002144753
Cold,234852,1425,1424,239,161,0,-7.616915e-05
Cold,107158,705,704,239,161,0,0.0020982847
Cold,109229,714,713,239,161,1,0.0027789918
Cold,94461,634,633,239,161,0,0.00036742352
Cold,92209,614,613,239,161,1,0.0055030873
Cold,91501,606,605,239,161,0,0.0022252481
Cold,87221,570,569,239,161,0,0.0082359025
Cold,81204,541,540,239,161,0,0.001215439
Cold,84004,550,549,239,161,0,-0.003658127
Cold,75248,510,509,239,161,1,0.006978237
Cold,73084,494,493,239,161,0,-0.00026461005
Cold,69613,467,466,239,161,0,-0.0043190205
Cold,87054,569,568,239,161,0,0.005361804
Cold,65262,438,437,239,161,0,0.0031256778
Cold,64467,430,429,239,161,1,0.009492301
Cold,41818,284,283,239,161,0,-0.0011665369
Cold,38304,261,260,239,161,0,0.0026999328
Cold,365175,2125,2124,239,161,0,0.005151832
Cold,21783,158,157,239,161,1,0.0060968082
Cold,22553,163,162,239,161,0,0.007426627
Cold,269819,1635,1634,239,161,0,0.0026929532
Cold,10518,75,74,239,161,1,-0.0042872685
Cold,6842,48,47,239,161,0,0.0076993797
Cold,233985,1422,1421,239,161,0,0.005729037
Cold,439797,2688,2687,239,161,0,0.005454787
Cold,19440,148,147,239,161,1,-0.005295637
Cold,552205,3401,3400,239,161,1,0.0064330203
Cold,139150,890,889,239,161,1,-0.0028363448
Cold,28186,195,194,239,161,1,0.0054105306
Cold,12011,92,91,239,161,1,0.000774937
Cold,376339,2195,2194,239,161,0,0.0067046867
Cold,40011,271,270,239,161,0,5.1235897e-05
Cold,344799,2023,2022,239,161,1,0.0047571263
Cold,54513,355,354,239,161,0,-0.0021690105
Cold,456395,2810,2809,239,161,0,-0.002358585
Cold,171445,1088,1087,239,161,0,0.004541471
Cold,865892,5222,5221,239,161,0,0.0041339025
Cold,117893,760,759,242,162,1,0.0145842675
Cold,116043,752,751,242,162,0,0.008752279
Cold,91941,611,610,242,162,0,0.001585349
Cold,288571,1724,1723,242,162,1,0.0017560818
Cold,74709,509,508,242,162,0,-0.0007771964
Cold,132357,855,854,242,162,0,-0.0020278487
Cold,696049,4169,4168,242,162,1,-0.0007588661
Cold,34134,230,229,242,162,1,0.005927124
Cold,199826,1227,1226,242,162,1,-0.0063685295
Cold,734231,4387,4386,242,162,0,-0.0031226869
Cold,26452,187,186,242,162,1,-0.00069067907
Cold,17522,136,135,242,162,1,0.0046969005
Cold,7763,53,52,242,162,0,0.009507528
Cold,94563,635,634,242,162,1,-0.0018922954
Cold,932510,5630,5629,242,162,1,0.0016052825
Cold,20025,149,148,242,162,1,0.0044383407
Cold,607654,3688,3687,242,162,1,-0.0073649287
Cold,17821,137,136,242,162,1,0.006096971
Cold,287650,1717,1716,242,162,1,-0.0031257388
Cold,52171,343,342,242,162,1,0.0010640197
Cold,467924,2885,2884,248,165,0,-0.0040122084
Cold,465347,2870,2869,248,165,0,0.0022042864
Cold,492611,3029,3028,248,165,0,-0.001482843
Cold,450717,2777,2776,248,165,1,-0.008512883
Cold,444589,2743,2742,248,165,1,-0.014860876
Cold,466722,2878,2877,248,165,0,-0.0063924748
Cold,564283,3471,3470,248,165,0,-0.0129622575
Cold,420426,2541,2540,248,165,1,-0.0040986584
Cold,420193,2540,2539,248,165,1,-0.006160369
Cold,419689,2537,2536,248,165,0,-0.004142163
Cold,419258,2533,2532,248,165,0,-0.008570317
Cold,417933,2525,2524,248,165,0,-0.003320049
Cold,416477,2507,2506,248,165,1,-0.017558591
Cold,384963,2249,2248,248,165,0,-0.006881167
Cold,379886,2222,2221,248,165,0,-0.0064234203
Cold,377745,2205,2204,248,165,0,-0.014461055
Cold,375518,2188,2187,248,165,0,-0.0052958783
Cold,370461,2166,2165,248,165,0,-0.008136097
Cold,366570,2136,2135,248,165,0,-0.0049745264
Cold,355916,2085,2084,248,165,0,-0.006312608
Cold,361512,2109,2108,248,165,0,-0.0049869753
Cold,358829,2100,2099,248,165,0,-0.0011795121
Cold,345067,2024,2023,248,165,1,0.005338851
Cold,297396,1764,1763,248,165,0,-0.001986887
Cold,281205,1687,1686,248,165,1,0.0022715596
Cold,278929,1680,1679,248,165,1,-0.014021893
Cold,264555,1609,1608,248,165,1,-0.011673234
Cold,309252,1841,1840,248,165,0,0.0014632125
Cold,237042,1441,1440,248,165,0,-0.0074230814
Cold,217955,1322,1321,248,165,1,-0.00019717519
Cold,210063,1284,1283,248,165,0,-0.005519393
Cold,198784,1221,1220,248,165,0,-0.002649946
Cold,185083,1150,1149,248,165,0,-0.0069180364
Cold,173578,1100,1099,248,165,0,-0.005309119
Cold,163739,1050,1049,248,165,0,-0.009148195
Cold,189302,1173,1172,248,165,0,-0.015332973
Cold,165445,1054,1053,248,165,0,-0.003447792
Cold,164412,1051,1050,248,165,0,-0.008975059
Cold,136415,881,880,248,165,0,-0.0023449652
Cold,351606,2063,2062,248,165,0,-0.013517922
Cold,124811,802,801,248,165,0,-0.004452604
Cold,360626,2106,2105,248,165,0,0.0017859288
Cold,112371,731,730,248,165,1,-0.0026535513
Cold,105961,699,698,248,165,0,-0.01453208
Cold,299530,1778,1777,248,165,0,-0.009749035
Cold,239872,1449,1448,248,165,0,-0.005052043
Cold,86550,566,565,248,165,0,-0.004897392
Cold,119120,770,769,248,165,0,-0.007946374
Cold,70713,476,475,248,165,1,-0.005051693
Cold,65269,438,437,248,165,0,-0.003820795
Cold,626633,3792,3791,248,165,0,-0.0088285515
Cold,228136,1383,1382,248,165,0,-0.003734208
Cold,52555,346,345,248,165,1,-0.0057402407
Cold,51811,340,339,248,165,1,-0.003279178
Cold,132359,855,854,248,165,0,-0.008114902
Cold,44562,302,301,248,165,0,-0.0008095647
Cold,39575,268,267,248,165,0,-0.0015080837
Cold,38318,261,260,248,165,1,-0.005139551
Cold,32118,216,215,248,165,0,-0.0038665573
Cold,27708,194,193,248,165,1,0.0004898764
Cold,3455,26,25,248,165,0,0.0024226108
Cold,2619,22,21,248,165,0,0.001262154
Cold,545263,3363,3362,248,165,1,-0.0074530905
Cold,896,10,9,248,165,1,-0.008885706
Cold,107814,710,709,248,165,0,-0.0045065517
Cold,237761,1447,1446,248,165,0,-0.008200658
Cold,362871,2116,2115,248,165,0,-0.005838348
Cold,567359,3483,3482,248,165,0,-0.0044929315
Cold,144835,934,933,248,165,0,-0.0077708983
Cold,331463,1958,1957,248,165,0,0.004214355
Cold,599147,3648,3647,248,165,0,-0.012376487
Cold,327857,1941,1940,248,165,0,-0.0029271622
Cold,251104,1516,1515,248,165,0,0.0013343561
Cold,28217,195,194,248,165,1,-0.009560512
Cold,354788,2077,2076,248,165,1,-0.016322674
Cold,272784,1647,1646,248,165,0,-0.010453521
Cold,295587,1755,1754,248,165,0,-0.004671105
Cold,272097,1645,1644,248,165,1,-0.010240546
Cold,354792,2077,2076,255,169,0,0.009286542
Cold,709722,4258,4257,255,169,0,0.0023160826
Cold,326052,1930,1929,255,169,0,0.0051454427
Cold,342333,2015,2014,255,169,1,-0.00055612426
Cold,28240,195,194,255,169,0,0.005281357
Cold,351626,2063,2062,255,169,0,-0.0021098556
Cold,358440,2098,2097,257,171,0,0.0040961327
Cold,349822,2054,2053,257,171,0,0.0013292043
Cold,351628,2063,2062,257,171,0,0.00045747892
Cold,298653,1773,1772,257,171,1,0.00047227473
Cold,295594,1755,1754,257,171,1,0.0033513755
Cold,265655,1613,1612,257,171,0,0.0018205461
Cold,315086,1880,1879,257,171,0,0.006875025
Cold,264558,1609,1608,257,171,0,0.0006627778
Cold,277549,1676,1675,257,171,0,0.0040140455
Cold,254325,1546,1545,257,171,1,0.00045301905
Cold,278953,1680,1679,257,171,0,0.0005426728
Cold,193553,1194,1193,257,171,1,-0.0033155964
Cold,219783,1333,1332,257,171,0,0.0014030923
Cold,331478,1958,1957,257,171,1,-0.003527596
Cold,183933,1146,1145,257,171,0,0.0019152781
Cold,165175,1053,1052,257,171,0,-0.00074673974
Cold,170216,1084,1083,257,171,0,0.0036000423
Cold,185103,1150,1149,257,171,0,-0.0046541253
Cold,216919,1317,1316,257,171,0,0.0031262771
Cold,138058,889,888,257,171,0,0.0006060528
Cold,174989,1109,1108,257,171,0,-0.0013131243
Cold,105971,699,698,257,171,1,0.0015467352
Cold,107824,710,709,257,171,0,0.007211773
Cold,100108,669,668,257,171,0,0.0028611284
Cold,176828,1117,1116,257,171,0,0.0036809703
Cold,239886,1449,1448,257,171,0,-0.0020684805
Cold,110708,721,720,257,171,1,0.0015966019
Cold,299539,1778,1777,257,171,1,-0.0017181664
Cold,291270,1737,1736,257,171,1,0.0039701434
Cold,190695,1181,1180,257,171,0,0.00080198527
Cold,77356,524,523,257,171,0,0.004449223
Cold,75358,512,511,257,171,1,-0.0041003996
Cold,44589,302,301,257,171,0,0.0020800987
Cold,56987,385,384,257,171,0,0.0028079208
Cold,27230,192,191,257,171,0,-0.004113138
Cold,2636,22,21,257,171,0,-0.0010685218
Cold,1553,15,14,257,171,0,-0.0016609957
Cold,578191,3532,3531,257,171,1,-0.0034567595
Cold,104225,692,691,257,171,0,0.0003122164
Cold,696073,4169,4168,257,171,0,-0.003784013
Cold,481728,2962,2961,257,171,0,-0.00018676836
Cold,19478,148,147,257,171,1,-0.004335759
Cold,50207,331,330,257,171,0,-0.00089121814
Cold,167095,1063,1062,257,171,0,0.0007525706
Cold,439117,2683,2682,257,171,1,0.0069697066
Cold,150505,970,969,257,171,0,0.0038826568
Cold,567366,3483,3482,257,171,1,0.0004928252
Cold,413687,2489,2488,257,171,0,0.006197774
Cold,11642,90,89,257,171,1,-0.0014027094
Cold,476299,2926,2925,257,171,0,0.002958599
Cold,473439,2909,2908,257,171,1,0.0039949715
Cold,561524,3454,3453,257,171,0,0.004591297
Cold,941356,5682,5681,257,171,1,0.01021666
Cold,468340,2887,2886,257,171,0,0.0060239593
Cold,581747,3555,3554,258,172,0,-0.0010409369
Cold,573198,3511,3510,258,172,1,0.002783907
Cold,573472,3512,3511,258,172,0,-0.0011929208
Cold,559061,3434,3433,258,172,0,0.0044525894
Cold,553326,3404,3403,258,172,1,-0.0003858875
Cold,548959,3389,3388,258,172,0,0.0035367683
Cold,589849,3599,3598,258,172,0,-0.007028282
Cold,504126,3099,3098,258,172,0,0.0018960899
Cold,492016,3026,3025,258,172,0,-0.0008342676
Cold,489542,3013,3012,258,172,0,0.007453087
Cold,517836,3196,3195,258,172,1,0.010270914
Cold,471317,2900,2899,258,172,0,-0.0018942552
Cold,466734,2878,2877,258,172,0,0.001377495
Cold,492622,3029,3028,258,172,0,-0.0010272618
Cold,474972,2915,2914,258,172,0,-0.004081133
Cold,438973,2682,2681,258,172,0,-0.0006182301
Cold,450731,2777,2776,258,172,0,0.0027161522
Cold,423418,2566,2565,258,172,0,0.0005048636
Cold,463762,2858,2857,258,172,1,0.00096202106
Cold,396317,2344,2343,258,172,0,-0.005389523
Cold,391129,2299,2298,258,172,0,-0.00095847994
Cold,389928,2288,2287,258,172,0,0.0036267238
Cold,389588,2284,2283,258,172,0,-5.6542456e-05
Cold,384058,2244,2243,258,172,0,-0.002436258
Cold,376967,2202,2201,258,172,0,0.0020402842
Cold,370680,2167,2166,258,172,0,0.00081893185
Cold,370463,2166,2165,258,172,0,0.00023573963
Cold,348403,2042,2041,258,172,0,-0.0009721746
Cold,339778,2003,2002,258,172,0,-0.00068890257
Cold,300708,1781,1780,258,172,0,0.0019468991
Cold,268313,1630,1629,258,172,0,-0.0023693345
Cold,260364,1592,1591,258,172,1,-0.0011053588
Cold,247307,1495,1494,258,172,0,-0.0006667215
Cold,227059,1377,1376,258,172,0,0.009152391
Cold,224097,1356,1355,258,172,0,-0.002422712
Cold,212835,1297,1296,258,172,0,-0.00095331157
Cold,272796,1647,1646,258,172,0,-0.00013912935
Cold,243822,1470,1469,258,172,0,0.007190857
Cold,236347,1434,1433,258,172,0,-0.0048245355
Cold,198598,1220,1219,258,172,0,-0.0022276058
Cold,327882,1941,1940,258,172,0,-0.007607118
Cold,248738,1501,1500,258,172,1,5.5993907e-05
Cold,168340,1069,1068,258,172,0,-0.00067156623
Cold,276638,1673,1672,258,172,0,0.0008260547
Cold,227578,1380,1379,258,172,0,0.005242289
Cold,165448,1054,1053,258,172,0,0.0062969355
Cold,146227,940,939,258,172,0,0.009249827
Cold,138059,889,888,258,172,0,-0.004099793
Cold,134144,869,868,258,172,0,0.002223664
Cold,123849,798,797,258,172,1,-0.001814791
Cold,123352,796,795,258,172,0,-0.0017385255
Cold,120344,777,776,258,172,0,0.0041441554
Cold,360637,2106,2105,258,172,0,-0.000345428
Cold,216395,1314,1313,258,172,0,0.0035422186
Cold,299540,1778,1777,258,172,0,0.0047295303
Cold,362886,2116,2115,258,172,0,0.0041387733
Cold,96116,646,645,258,172,1,-0.0019259108
Cold,93758,629,628,258,172,1,-0.0020292527
Cold,85789,560,559,258,172,1,-0.0007046142
Cold,85237,556,555,258,172,0,-0.005706458
Cold,70725,476,475,258,172,0,-0.0052322675
Cold,69766,470,469,258,172,1,-0.0053420886
Cold,65276,438,437,258,172,0,0.000106125604
Cold,75858,516,515,258,172,0,-0.0062636444
Cold,56106,372,371,258,172,1,0.0024764189
Cold,58105,392,391,258,172,0,-0.0066601783
Cold,29240,199,198,258,172,1,-0.00390731
Cold,19479,148,147,258,172,0,0.003930405
Cold,15045,119,118,258,172,0,0.0042296294
Cold,10526,75,74,258,172,1,0.005972834
Cold,5612,40,39,258,172,0,-0.0053660735
Cold,237776,1447,1446,258,172,0,-0.0057916697
Cold,954201,5761,5760,258,172,0,-0.0012430842
Cold,12045,92,91,258,172,0,0.003835095
Cold,241089,1451,1450,258,172,0,0.0047814148
Cold,376343,2195,2194,258,172,0,0.00038957573
Cold,454552,2796,2795,258,172,0,0.0011725985
Cold,310601,1851,1850,258,172,0,-0.0036588693
Cold,40031,271,270,258,172,0,-0.011549272
Cold,255478,1556,1555,258,172,0,0.0038691135
Cold,456401,2810,2809,258,172,0,0.005543702
Cold,206288,1265,1264,258,172,0,-0.0041955523
Cold,52182,343,342,258,172,1,-0.000543548
Cold,171467,1088,1087,258,172,0,-0.0027313
Cold,324903,1925,1924,259,173,1,-0.008752981
Cold,295991,1757,1756,259,173,0,-0.00513657
Cold,265656,1613,1612,259,173,0,-0.006537543
Cold,185104,1150,1149,259,173,0,-0.010681986
Cold,307333,1835,1834,259,173,0,-0.017678551
Cold,210776,1285,1284,259,173,1,-0.0047592698
Cold,183934,1146,1145,259,173,0,-0.008751261
Cold,168341,1069,1068,259,173,0,-0.0044285175
Cold,275468,1667,1666,259,173,0,-0.0020348807
Cold,221231,1340,1339,259,173,0,-0.010841198
Cold,270817,1639,1638,259,173,0,-0.003114663
Cold,156715,1010,1009,259,173,1,-0.0032178946
Cold,335706,1980,1979,259,173,0,-0.00872821
Cold,126533,817,816,259,173,0,0.0014674838
Cold,360638,2106,2105,259,173,0,-0.0074940845
Cold,100109,669,668,259,173,0,0.0012158286
Cold,239887,1449,1448,259,173,0,-0.007477333
Cold,631471,3821,3820,259,173,0,-0.0070209187
Cold,696074,4169,4168,259,173,0,-0.016649693
Cold,104226,692,691,259,173,0,-0.0072090942
Cold,308508,1837,1836,259,173,1,-0.018018648
Cold,82954,549,548,259,173,1,-0.014637258
Cold,77357,524,523,259,173,1,-0.012712021
Cold,197280,1211,1210,259,173,1,-0.0077974824
Cold,66279,443,442,259,173,0,-0.006228991
Cold,64188,429,428,259,173,0,-0.012910109
Cold,44592,302,301,259,173,0,-0.0053734123
Cold,29919,202,201,259,173,0,-0.0026883245
Cold,291271,1737,1736,259,173,0,-0.003252127
Cold,27232,192,191,259,173,0,-0.004829108
Cold,7791,53,52,259,173,1,0.0037518262
Cold,15646,123,122,259,173,0,-0.015184015
Cold,354794,2077,2076,259,173,0,-0.009542984
Cold,150506,970,969,259,173,0,-0.009482742
Cold,892893,5394,5393,259,173,0,-0.014027908
Cold,966677,5831,5830,259,173,0,-0.012412868
Cold,264998,1611,1610,259,173,0,-0.012482239
Cold,413688,2489,2488,259,173,0,-0.0069447896
Cold,245737,1484,1483,259,173,1,-0.0016714665
Cold,50208,331,330,259,173,0,-0.0033908756
Cold,322231,1912,1911,259,173,0,-0.007909893
Cold,549955,3391,3390,259,173,0,0.004155466
Cold,651331,3929,3928,262,176,0,0.00167681
Cold,641554,3858,3857,262,176,1,-0.0015953667
Cold,630752,3816,3815,262,176,1,0.0032099893
Cold,726409,4345,4344,262,176,1,-0.0037977868
Cold,602637,3667,3666,262,176,1,0.0008150735
Cold,591074,3606,3605,262,176,1,-0.0037147026
Cold,582752,3560,3559,262,176,1,0.001489901
Cold,579190,3539,3538,262,176,0,-0.006306473
Cold,563666,3469,3468,262,176,1,-0.002227081
Cold,535909,3308,3307,262,176,0,-0.0016174028
Cold,533190,3292,3291,262,176,1,0.00087338313
Cold,825524,4958,4957,262,176,0,-0.0011805054
Cold,830916,4995,4994,262,176,1,0.0011736648
Cold,524514,3234,3233,262,176,1,0.003673511
Cold,522405,3224,3223,262,176,1,-0.001809794
Cold,512730,3163,3162,262,176,1,0.00036810245
Cold,506629,3118,3117,262,176,1,-0.0072720265
Cold,502853,3087,3086,262,176,1,-0.0031855581
Cold,712906,4277,4276,262,176,1,-0.004802766
Cold,766012,4561,4560,262,176,1,-0.0030271898
Cold,633110,3824,3823,262,176,1,-0.0029953527
Cold,485744,2990,2989,262,176,1,-0.007838641
Cold,477989,2934,2933,262,176,1,-0.002390201
Cold,478756,2938,2937,262,176,1,-0.0024826012
Cold,465967,2873,2872,262,176,0,-0.003892392
Cold,455794,2807,2806,262,176,1,0.0015779135
Cold,466740,2878,2877,262,176,1,0.009899
Cold,450741,2777,2776,262,176,0,-0.0050707553
Cold,444949,2744,2743,262,176,0,0.0021908807
Cold,478554,2936,2935,262,176,1,0.006365275
Cold,696095,4169,4168,262,176,0,-0.008749587
Cold,437920,2676,2675,262,176,1,-0.0043865293
Cold,410423,2462,2461,262,176,1,2.7219066e-05
Cold,401763,2396,2395,262,176,0,0.0013453506
Cold,400919,2389,2388,262,176,1,0.0031577079
Cold,400339,2383,2382,262,176,1,-0.0014959379
Cold,406779,2444,2443,262,176,1,-0.0016950828
Cold,381280,2230,2229,262,176,0,-0.008600859
Cold,377756,2205,2204,262,176,0,-0.001255754
Cold,354024,2073,2072,262,176,1,-0.005656752
Cold,339781,2003,2002,262,176,1,-0.0015362557
Cold,315101,1880,1879,262,176,1,0.0011127702
Cold,292866,1744,1743,262,176,1,0.004856093
Cold,282251,1693,1692,262,176,0,-0.00076052337
Cold,236856,1439,1438,262,176,1,-0.0014643176
Cold,348918,2047,2046,262,176,1,0.004718803
Cold,231881,1406,1405,262,176,1,-0.008531015
Cold,225734,1367,1366,262,176,1,0.00015899912
Cold,228161,1383,1382,262,176,0,-0.0013386268
Cold,222730,1348,1347,262,176,1,0.008288928
Cold,319256,1897,1896,262,176,1,0.0038455487
Cold,283496,1697,1696,262,176,1,-0.0024526718
Cold,213381,1298,1297,262,176,1,0.0021597128
Cold,194120,1196,1195,262,176,1,0.0061253086
Cold,185121,1150,1149,262,176,0,-0.0094426535
Cold,183787,1145,1144,262,176,1,-0.0021529808
Cold,177511,1119,1118,262,176,1,0.00849559
Cold,263179,1605,1604,262,176,1,-0.0045334715
Cold,169786,1078,1077,262,176,0,-0.0043704947
Cold,168350,1069,1068,262,176,1,-0.00558266
Cold,334525,1974,1973,262,176,1,-0.0022859124
Cold,159185,1017,1016,262,176,0,0.0013186261
Cold,319989,1899,1898,262,176,1,-0.0037164884
Cold,166947,1062,1061,262,176,1,-0.008524859
Cold,360652,2106,2105,262,176,0,-0.0045820717
Cold,384673,2247,2246,262,176,0,-0.007705945
Cold,129314,839,838,262,176,1,-0.0053821793
Cold,124208,800,799,262,176,0,-0.003531868
Cold,349251,2050,2049,262,176,1,-0.0006618912
Cold,112383,731,730,262,176,1,-0.0005487974
Cold,292755,1743,1742,262,176,1,0.0048895003
Cold,93762,629,628,262,176,1,0.0026510677
Cold,169093,1073,1072,262,176,1,-0.00030767336
Cold,85903,561,560,262,176,1,-0.010860247
Cold,85240,556,555,262,176,0,-0.006449179
Cold,84761,551,550,262,176,0,-0.0022423693
Cold,84029,550,549,262,176,0,-0.014499586
Cold,274191,1657,1656,262,176,1,0.00022178981
Cold,76638,520,519,262,176,1,-0.0032116303
Cold,70123,474,473,262,176,1,-0.0005330788
Cold,64931,436,435,262,176,1,0.0030629365
Cold,62781,424,423,262,176,1,0.0021902483
Cold,823723,4951,4950,262,176,1,-0.0029978289
Cold,19500,148,147,262,176,1,-0.0045263018
Cold,10527,75,74,262,176,1,0.00997087
Cold,2055,18,17,262,176,1,0.008091894
Cold,104233,692,691,262,176,0,-0.005386295
Cold,206776,1266,1265,262,176,1,0.005625805
Cold,28265,195,194,262,176,1,-0.0052818917
Cold,347965,2041,2040,262,176,1,-0.011409848
Cold,73804,500,499,262,176,1,0.003228327
Cold,158015,1015,1014,262,176,0,-0.0014452166
Cold,932513,5630,5629,262,176,1,-0.011170007
Cold,181937,1137,1136,262,176,1,-0.0013851009
Cold,30561,204,203,262,176,1,-0.0052069696
Cold,333785,1969,1968,262,176,1,-0.004990714
Cold,734247,4387,4386,262,176,0,-0.0014464562
Cold,829937,4983,4982,262,176,1,-0.00339425
Cold,272810,1647,1646,262,176,1,0.004036297
Cold,309553,1842,1841,262,176,1,-0.004020307
Cold,907609,5492,5491,262,176,1,0.003478002
Cold,312836,1865,1864,262,176,1,-0.0071390425
Cold,183148,1141,1140,262,176,0,0.0019813655
Cold,456409,2810,2809,262,176,0,-0.0006662633
Cold,322240,1912,1911,262,176,0,-0.0032148133
Cold,795469,4765,4764,262,176,1,-0.0065202513
Cold,206297,1265,1264,262,176,1,-2.9340561e-05
Cold,739376,4418,4417,262,176,1,0.0024991971
Cold,768669,4579,4578,262,176,0,0.0065565677
Cold,472034,2905,2904,262,176,1,0.0031404928
Cold,882895,5333,5332,262,176,0,0.0044789175
Cold,26000,184,183,262,176,1,-0.005297759
Cold,613213,3716,3715,267,179,1,0.0073439227
Cold,605702,3681,3680,267,179,0,0.012394026
Cold,616110,3729,3728,267,179,0,-0.0013366279
Cold,596455,3626,3625,267,179,1,0.0010396142
Cold,591506,3609,3608,267,179,0,-0.0005324641
Cold,731161,4375,4374,267,179,1,0.0073638144
Cold,578613,3537,3536,267,179,1,0.0031371668
Cold,579192,3539,3538,267,179,1,0.0025473805
Cold,567377,3483,3482,267,179,0,-0.0055359523
Cold,528635,3267,3266,267,179,0,0.002981293
Cold,532061,3285,3284,267,179,0,0.00434715
Cold,537010,3311,3310,267,179,0,0.0017259556
Cold,515401,3182,3181,267,179,0,-0.0003403126
Cold,514846,3180,3179,267,179,0,-0.009989794
Cold,502085,3082,3081,267,179,0,-0.0036701954
Cold,516399,3189,3188,267,179,0,0.0039892644
Cold,493990,3032,3031,267,179,1,0.0005304592
Cold,492020,3026,3025,267,179,0,-0.0032657778
Cold,472479,2907,2906,267,179,0,-0.005562256
Cold,496440,3051,3050,267,179,0,-0.00783078
Cold,518681,3201,3200,267,179,0,-0.00064385775
Cold,456410,2810,2809,267,179,1,0.0028300318
Cold,465969,2873,2872,267,179,0,0.008381702
Cold,434402,2649,2648,267,179,0,0.0012641507
Cold,450744,2777,2776,267,179,0,0.009166416
Cold,420432,2541,2540,267,179,1,0.002217761
Cold,409555,2457,2456,267,179,0,-0.004348847
Cold,399463,2378,2377,267,179,0,0.0009681987
Cold,355924,2085,2084,267,179,0,0.011288582
Cold,351645,2063,2062,267,179,0,0.013870629
Cold,341507,2012,2011,267,179,0,-0.0066937413
Cold,340558,2010,2009,267,179,0,0.0050960523
Cold,323744,1920,1919,267,179,1,0.00055615604
Cold,358219,2097,2096,267,179,0,-0.0053394665
Cold,227068,1377,1376,267,179,0,0.00037153624
Cold,213875,1299,1298,267,179,0,-0.007226573
Cold,289270,1727,1726,267,179,0,-0.000873619
Cold,277564,1676,1675,267,179,0,0.0002441525
Cold,205285,1263,1262,267,179,1,0.004907142
Cold,261687,1599,1598,267,179,0,0.005361926
Cold,278970,1680,1679,267,179,0,0.0066067255
Cold,243838,1470,1469,267,179,0,0.0019084171
Cold,236351,1434,1433,267,179,1,-0.0007117614
Cold,173593,1100,1099,267,179,0,0.009389711
Cold,167780,1068,1067,267,179,1,0.0076982803
Cold,255483,1556,1555,267,179,0,0.0047875065
Cold,155807,1004,1003,267,179,0,-0.008681493
Cold,121484,781,780,267,179,0,0.0050832955
Cold,105977,699,698,267,179,0,0.011540513
Cold,109240,714,713,267,179,1,-0.006287981
Cold,98708,660,659,267,179,0,0.0054662577
Cold,360653,2106,2105,267,179,0,-0.005355241
Cold,93763,629,628,267,179,0,0.009905286
Cold,190717,1181,1180,267,179,1,0.0031759264
Cold,81586,543,542,267,179,0,-0.013587587
Cold,73089,494,493,267,179,1,0.0003641817
Cold,87060,569,568,267,179,1,-0.0010571855
Cold,63663,425,424,267,179,0,0.010760281
Cold,57208,386,385,267,179,0,0.0069551943
Cold,239905,1449,1448,267,179,0,-0.00230047
Cold,36563,245,244,267,179,0,0.011066178
Cold,336953,1983,1982,267,179,0,0.0020379433
Cold,54553,355,354,267,179,1,0.0026584277
Cold,234879,1425,1424,267,179,0,0.00825753
Cold,3497,26,25,267,179,0,-0.004012529
Cold,6900,48,47,267,179,0,-0.0045745242
Cold,389410,2282,2281,267,179,0,-0.00024998304
Cold,78388,528,527,267,179,0,-0.004921037
Cold,354805,2077,2076,267,179,0,0.010124379
Cold,152428,981,980,267,179,0,-0.004822506
Cold,139157,890,889,267,179,1,0.00060534506
Cold,28269,195,194,267,179,1,0.009632779
Cold,342344,2015,2014,267,179,0,0.0046046
Cold,362904,2116,2115,267,179,0,-0.0027123303
Cold,376348,2195,2194,267,179,1,0.020051606
Cold,680589,4079,4078,267,179,0,-0.0010731707
Cold,134154,869,868,267,179,1,0.0022293502
Cold,717014,4294,4293,267,179,0,0.005496495
Cold,892901,5394,5393,267,179,0,0.011491587
Cold,272812,1647,1646,267,179,0,-0.0059173293
Cold,152612,982,981,270,180,1,-0.0013454829
Cold,150521,970,969,270,180,0,0.010368155
Cold,146005,938,937,270,180,0,0.0070930123
Cold,195363,1203,1202,270,180,0,-0.0016615456
Cold,138104,889,888,270,180,0,0.011458206
Cold,131846,854,853,270,180,0,-0.00060786295
Cold,123693,797,796,270,180,1,-0.003247824
Cold,778842,4653,4652,270,180,0,0.0026939847
Cold,100120,669,668,270,180,0,0.0038956
Cold,696113,4169,4168,270,180,0,0.005297047
Cold,153652,987,986,270,180,1,0.001375098
Cold,304803,1812,1811,270,180,1,0.008168711
Cold,82986,549,548,270,180,0,0.010853666
Cold,228170,1383,1382,270,180,0,0.00890169
Cold,239924,1449,1448,270,180,0,0.012561934
Cold,261696,1599,1598,270,180,0,0.0032439895
Cold,79301,531,530,270,180,0,0.0059662983
Cold,354818,2077,2076,270,180,0,0.012586873
Cold,144853,934,933,270,180,0,0.005705976
Cold,499313,3067,3066,271,181,1,-0.012157277
Cold,565501,3475,3474,271,181,0,-0.0057262387
Cold,790374,4728,4727,271,181,0,-0.008228087
Cold,696119,4169,4168,275,184,0,0.0024897498
Cold,29965,202,201,275,184,0,0.007066069
Cold,79304,531,530,275,184,0,-0.0017787211
Cold,981,10,9,275,184,1,0.0050481856
Cold,354821,2077,2076,275,184,0,0.005777363
Cold,370955,2168,2167,275,184,1,-0.00086611556
Cold,234895,1425,1424,275,184,0,0.00044820085
Cold,102137,678,677,275,184,0,0.005667358
Cold,134173,869,868,275,184,0,0.0015335351
Cold,206308,1265,1264,275,184,0,0.013686745
Cold,183161,1141,1140,275,184,0,0.0053520445
Cold,571008,3503,3502,275,184,0,-0.0025172743
Cold,599175,3648,3647,275,184,0,-0.0015027416
Cold,286650,1712,1711,275,184,0,-0.00090954127
Cold,136464,881,880,275,184,0,-0.005147187
Cold,232526,1413,1412,275,184,0,0.0024838813
Cold,310626,1851,1850,275,184,0,0.0074717663
Cold,178047,1120,1119,275,184,0,0.00075225485
Cold,214769,1303,1302,275,184,0,0.0051546046
Cold,549989,3391,3390,275,184,0,-0.0044139996
Cold,870059,5256,5255,277,186,0,-0.008035159
Cold,468356,2887,2886,277,186,0,0.00020454678
Cold,456420,2810,2809,277,186,0,-0.004644238
Cold,443436,2734,2733,277,186,1,-0.0057379976
Cold,466749,2878,2877,277,186,0,-0.001622722
Cold,441484,2706,2705,277,186,1,-0.005586051
Cold,423131,2565,2564,277,186,0,-0.01142197
Cold,421958,2552,2551,277,186,1,-0.0075537786
Cold,418591,2529,2528,277,186,1,-0.0070568514
Cold,414519,2496,2495,277,186,0,-0.0075772167
Cold,436324,2665,2664,277,186,1,-0.009173426
Cold,387242,2264,2263,277,186,0,-0.008082116
Cold,382813,2237,2236,277,186,1,0.0015158261
Cold,361546,2109,2108,277,186,0,-0.010968469
Cold,321860,1910,1909,277,186,0,0.0017251675
Cold,257026,1574,1573,277,186,1,-0.0066175
Cold,255224,1553,1552,277,186,0,-0.0053116307
Cold,306356,1825,1824,277,186,0,0.0019520218
Cold,261701,1599,1598,277,186,1,-0.0032800839
Cold,203539,1249,1248,277,186,0,-0.0035534482
Cold,278998,1680,1679,277,186,0,-0.00042398716
Cold,342361,2015,2014,277,186,0,-0.010239848
Cold,198605,1220,1219,277,186,0,-0.0039719124
Cold,210806,1285,1284,277,186,0,-0.017149214
Cold,179064,1124,1123,277,186,0,-0.0008826378
Cold,243854,1470,1469,277,186,1,-0.0040208953
Cold,172855,1096,1095,277,186,0,0.0029289068
Cold,167793,1068,1067,277,186,0,-0.0031857456
Cold,159190,1017,1016,277,186,0,-0.0016445904
Cold,149123,959,958,277,186,1,-0.0045515485
Cold,561197,3453,3452,277,186,0,-0.010601249
Cold,347970,2041,2040,277,186,0,-0.011501314
Cold,145305,935,934,277,186,0,-0.008707799
Cold,144635,933,932,277,186,1,-0.0076201917
Cold,142942,922,921,277,186,0,-0.0010398186
Cold,204920,1261,1260,277,186,0,-0.015463915
Cold,225227,1362,1361,277,186,0,-0.012891629
Cold,138109,889,888,277,186,0,-0.011580401
Cold,380225,2223,2222,277,186,1,-0.009769706
Cold,135155,875,874,277,186,0,-0.0029796814
Cold,202429,1244,1243,277,186,0,-0.0047405018
Cold,179977,1127,1126,277,186,0,-0.008206664
Cold,131848,854,853,277,186,0,-0.009996574
Cold,332597,1962,1961,277,186,1,-0.005577293
Cold,178048,1120,1119,277,186,0,-0.0029854842
Cold,199083,1223,1222,277,186,0,-0.009493258
Cold,121081,780,779,277,186,1,-0.009403285
Cold,120131,776,775,277,186,0,-0.001123582
Cold,113936,739,738,277,186,1,-0.004068987
Cold,107459,708,707,277,186,1,-0.0026616084
Cold,107308,706,705,277,186,1,-0.017352786
Cold,107035,703,702,277,186,0,-0.00047315494
Cold,379002,2213,2212,277,186,1,-0.0077255946
Cold,106721,702,701,277,186,0,-0.012573933
Cold,103243,686,685,277,186,0,0.0041234116
Cold,99307,662,661,277,186,0,-0.008230711
Cold,360677,2106,2105,277,186,0,-0.0049620303
Cold,314063,1875,1874,277,186,0,-0.0043306053
Cold,222570,1347,1346,277,186,0,-0.0066878744
Cold,88322,583,582,277,186,1,-0.002627877
Cold,626674,3792,3791,277,186,1,-0.010990182
Cold,291296,1737,1736,277,186,0,-0.0016645355
Cold,82990,549,548,277,186,1,-0.00914075
Cold,190743,1181,1180,277,186,0,-0.008033626
Cold,73898,501,500,277,186,1,-0.0068124793
Cold,71941,482,481,277,186,1,-0.006443995
Cold,69043,462,461,277,186,0,0.0023135445
Cold,67174,452,451,277,186,1,-0.010975765
Cold,78402,528,527,277,186,1,-0.013451486
Cold,64933,436,435,277,186,0,-0.0038270263
Cold,56617,379,378,277,186,1,0.0008411136
Cold,48595,326,325,277,186,0,-0.015959961
Cold,46971,315,314,277,186,1,-0.009708295
Cold,46017,308,307,277,186,0,-0.008625023
Cold,43997,301,300,277,186,0,-0.008888431
Cold,39200,265,264,277,186,1,-0.004573879
Cold,39598,268,267,277,186,1,-0.008849751
Cold,181949,1137,1136,277,186,1,-0.009587146
Cold,30263,203,202,277,186,1,-0.00077648857
Cold,28869,198,197,277,186,1,-0.009939574
Cold,24048,171,170,277,186,0,-0.009791376
Cold,24000,170,169,277,186,1,-0.0012538349
Cold,23354,167,166,277,186,1,-0.0007661411
Cold,595732,3624,3623,277,186,0,-0.008214053
Cold,947528,5722,5721,277,186,0,-0.0063437116
Cold,19525,148,147,277,186,1,-0.010655153
Cold,263204,1605,1604,277,186,1,-0.0039887074
Cold,9833,67,66,277,186,1,0.0032984435
Cold,6934,48,47,277,186,0,-0.0061038663
Cold,540512,3326,3325,277,186,1,0.00046529225
Cold,984,10,9,277,186,0,-0.010705827
Cold,142169,918,917,277,186,0,0.0020536114
Cold,492647,3029,3028,277,186,1,-0.007248066
Cold,102138,678,677,277,186,0,-0.008682651
Cold,79305,531,530,277,186,0,-0.009944417
Cold,11286,85,84,277,186,0,0.0010974169
Cold,170480,1086,1085,277,186,0,-0.00303682
Cold,250364,1509,1508,277,186,0,-0.009109702
Cold,18767,146,145,277,186,1,-0.0013672328
Cold,552244,3401,3400,277,186,0,-0.007328874
Cold,210088,1284,1283,277,186,1,-0.005829053
Cold,237806,1447,1446,277,186,0,-0.0047642435
Cold,122552,791,790,277,186,0,-0.013512958
Cold,171508,1088,1087,277,186,0,-0.016731523
Cold,599176,3648,3647,277,186,0,-0.0008992059
Cold,565502,3475,3474,277,186,1,-0.009946247
Cold,375538,2188,2187,277,186,0,-0.006439709
Cold,327926,1941,1940,277,186,1,-0.005761019
Cold,272827,1647,1646,277,186,0,-0.01195138
Cold,193576,1194,1193,277,186,1,-0.017840065
Cold,840582,5050,5049,289,191,1,0.00083766715
Cold,529094,3271,3270,289,191,0,-0.0033055404
Cold,522442,3224,3223,289,191,0,-0.005161872
Cold,963990,5812,5811,289,191,0,-0.0027627484
Cold,516916,3191,3190,289,191,0,0.00040957064
Cold,512758,3163,3162,289,191,1,0.0020592995
Cold,519188,3203,3202,289,191,1,-0.0050627952
Cold,505966,3112,3111,289,191,1,-0.003839707
Cold,503619,3095,3094,289,191,1,-0.001496967
Cold,523414,3227,3226,289,191,0,-0.0100121815
Cold,516416,3189,3188,289,191,1,-0.000790766
Cold,499330,3067,3066,289,191,0,-0.007252683
Cold,494016,3032,3031,289,191,1,0.006451334
Cold,492033,3026,3025,289,191,1,-0.0048924335
Cold,489558,3013,3012,289,191,0,-0.0040677376
Cold,490236,3017,3016,289,191,0,0.005372351
Cold,510943,3150,3149,289,191,1,-0.00020655524
Cold,480640,2950,2949,289,191,0,-0.004759192
Cold,472508,2907,2906,289,191,1,-0.0049865046
Cold,484974,2986,2985,289,191,0,-0.0001247942
Cold,486997,2996,2995,289,191,0,-0.0015077814
Cold,450781,2777,2776,289,191,0,0.0024849833
Cold,444619,2743,2742,289,191,1,0.0009272431
Cold,430466,2624,2623,289,191,0,-0.007876923
Cold,425066,2580,2579,289,191,1,0.0026919837
Cold,420443,2541,2540,289,191,1,0.004399231
Cold,419265,2533,2532,289,191,1,-0.0071044476
Cold,416065,2506,2505,289,191,1,0.0018283325
Cold,416521,2507,2506,289,191,0,-0.009210784
Cold,410107,2459,2458,289,191,0,-0.00323049
Cold,404992,2423,2422,289,191,0,-0.0007757045
Cold,401147,2390,2389,289,191,1,0.00091926777
Cold,395120,2334,2333,289,191,1,-0.0078079035
Cold,393097,2309,2308,289,191,0,-0.009210778
Cold,374591,2182,2181,289,191,0,0.0004943501
Cold,362944,2116,2115,289,191,0,-0.0059966063
Cold,347334,2038,2037,289,191,1,0.001433399
Cold,358852,2100,2099,289,191,0,0.0014392148
Cold,334209,1971,1970,289,191,1,0.0047637345
Cold,324742,1924,1923,289,191,1,-0.0047132196
Cold,315129,1880,1879,289,191,0,-0.006354478
Cold,289683,1729,1728,289,191,0,0.0018755477
Cold,326714,1937,1936,289,191,1,-0.0022998014
Cold,269505,1634,1633,289,191,1,0.0012051691
Cold,265703,1613,1612,289,191,0,0.0013369
Cold,321653,1908,1907,289,191,0,0.00039119355
Cold,248769,1501,1500,289,191,1,-0.00618393
Cold,335767,1980,1979,289,191,0,0.00119475
Cold,222370,1345,1344,289,191,1,0.002291177
Cold,289285,1727,1726,289,191,1,-3.4570927e-05
Cold,360690,2106,2105,289,191,0,0.002544103
Cold,203862,1254,1253,289,191,1,-0.0051644114
Cold,192343,1184,1183,289,191,0,0.00061839726
Cold,188928,1172,1171,289,191,1,0.00057214184
Cold,186842,1158,1157,289,191,0,-0.0013322497
Cold,164458,1051,1050,289,191,0,-0.0035373247
Cold,144868,934,933,289,191,0,-0.0015357564
Cold,138131,889,888,289,191,0,-0.0072916774
Cold,136482,881,880,289,191,1,-0.0040163407
Cold,134183,869,868,289,191,1,0.0035001296
Cold,131862,854,853,289,191,1,0.002512728
Cold,332608,1962,1961,289,191,0,0.0021824313
Cold,351692,2063,2062,289,191,0,-0.001030673
Cold,304820,1812,1811,289,191,1,0.0014653805
Cold,117827,759,758,289,191,0,0.0039719413
Cold,223482,1354,1353,289,191,1,-0.008940285
Cold,103377,687,686,289,191,0,0.007674425
Cold,176866,1117,1116,289,191,0,-0.0005397047
Cold,190766,1181,1180,289,191,0,-0.0112873055
Cold,81024,539,538,289,191,0,0.0041864323
Cold,84059,550,549,289,191,0,-0.008037448
Cold,299568,1778,1777,289,191,1,-0.0040872865
Cold,73650,499,498,289,191,1,-0.0033650352
Cold,238812,1448,1447,289,191,1,0.008916441
Cold,64623,432,431,289,191,0,-0.009081667
Cold,228186,1383,1382,289,191,0,0.005007186
Cold,696140,4169,4168,289,191,1,-0.006847238
Cold,61374,412,411,289,191,1,-0.0028143863
Cold,32229,216,215,289,191,0,-0.0072132293
Cold,29996,202,201,289,191,1,-0.0014867058
Cold,6322,45,44,289,191,1,0.001477625
Cold,330689,1952,1951,289,191,0,0.00028333045
Cold,20870,151,150,289,191,0,0.006608139
Cold,79320,531,530,289,191,1,-0.0013992433
Cold,439124,2683,2682,289,191,1,0.000586229
Cold,76337,518,517,289,191,1,0.0046100644
Cold,106001,699,698,289,191,0,-0.0015287054
Cold,882914,5333,5332,289,191,0,0.005044482
Cold,263219,1605,1604,289,191,0,-0.007114834
Cold,908023,5493,5492,289,191,1,-0.007849155
Cold,331526,1958,1957,289,191,0,-0.005067749
Cold,327949,1941,1940,289,191,0,-0.0036009145
Cold,187589,1164,1163,289,191,0,-0.01118986
Cold,476320,2926,2925,289,191,0,0.0005407119
Cold,768678,4579,4578,289,191,0,0.004406186
Cold,179542,1125,1124,289,191,0,-0.001436532
Cold,52217,343,342,289,191,1,-0.004545827
Cold,295617,1755,1754,289,191,1,-0.00092396856
Cold,580209,3543,3542,290,192,0,-0.010358374
Cold,764983,4551,4550,290,192,0,-0.0039339764
Cold,578094,3531,3530,290,192,1,0.0011461389
Cold,644175,3882,3881,290,192,1,0.0014303229
Cold,593712,3618,3617,290,192,0,-0.0055808127
Cold,547287,3376,3375,290,192,1,0.0064520324
Cold,542938,3341,3340,290,192,0,-0.006259368
Cold,539470,3318,3317,290,192,1,-0.0041834875
Cold,538896,3314,3313,290,192,0,0.001208358
Cold,916649,5539,5538,290,192,1,-0.0057469606
Cold,519792,3207,3206,290,192,0,-0.006296587
Cold,781834,4667,4666,290,192,1,0.0005939448
Cold,510224,3143,3142,290,192,1,0.0021751998
Cold,520522,3210,3209,290,192,0,-0.0007441374
Cold,800123,4795,4794,290,192,1,0.004052404
Cold,810098,4858,4857,290,192,0,-0.009405827
Cold,503071,3088,3087,290,192,1,-0.00450485
Cold,499336,3067,3066,290,192,1,-0.0019892268
Cold,567408,3483,3482,290,192,1,-0.0064738006
Cold,477372,2930,2929,290,192,1,0.0021844222
Cold,457839,2820,2819,290,192,0,-0.00325843
Cold,594783,3620,3619,290,192,1,-0.002470654
Cold,455540,2805,2804,290,192,1,-0.0016970008
Cold,796023,4771,4770,290,192,0,-0.0040693213
Cold,453657,2793,2792,290,192,1,-0.0053824754
Cold,452079,2784,2783,290,192,1,-0.0030760674
Cold,448950,2767,2766,290,192,1,-0.004288831
Cold,937198,5654,5653,290,192,0,-0.0006684868
Cold,441347,2703,2702,290,192,1,0.0020013996
Cold,440740,2698,2697,290,192,1,0.0044851447
Cold,696150,4169,4168,290,192,1,-0.00440008
Cold,433151,2641,2640,290,192,1,-0.0071847187
Cold,390673,2293,2292,290,192,1,-0.005960039
Cold,386336,2259,2258,290,192,1,-0.009471789
Cold,383891,2243,2242,290,192,1,0.004317348
Cold,361567,2109,2108,290,192,0,0.007424475
Cold,340290,2009,2008,290,192,1,-0.0070051467
Cold,340075,2007,2006,290,192,1,0.0003714083
Cold,332358,1961,1960,290,192,1,0.0028055655
Cold,327162,1939,1938,290,192,0,-0.008892643
Cold,312654,1863,1862,290,192,1,-0.0070242267
Cold,306884,1832,1831,290,192,1,-0.0043311645
Cold,295240,1753,1752,290,192,1,-0.0038205003
Cold,284072,1698,1697,290,192,1,-0.004869882
Cold,274696,1660,1659,290,192,1,-0.00252044
Cold,292255,1741,1740,290,192,1,-0.0039016004
Cold,268941,1632,1631,290,192,0,-0.012047364
Cold,241135,1451,1450,290,192,1,0.0002865151
Cold,237342,1445,1444,290,192,1,0.0056551527
Cold,231349,1401,1400,290,192,1,-0.0068717897
Cold,296420,1758,1757,290,192,1,0.0014828201
Cold,209749,1281,1280,290,192,1,-0.0024330423
Cold,208271,1273,1272,290,192,1,-0.0017368072
Cold,204255,1258,1257,290,192,1,-0.00066084135
Cold,243872,1470,1469,290,192,0,-0.006212975
Cold,538462,3313,3312,290,192,0,-0.0024895447
Cold,308551,1837,1836,290,192,0,-0.0030624
Cold,194793,1202,1201,290,192,1,0.00037588133
Cold,186612,1155,1154,290,192,1,0.0045526796
Cold,185163,1150,1149,290,192,1,-0.0094217835
Cold,286086,1707,1706,290,192,1,-0.0021658095
Cold,263229,1605,1604,290,192,1,-0.007286382
Cold,168383,1069,1068,290,192,0,0.00517332
Cold,190778,1181,1180,290,192,0,-0.007035485
Cold,158066,1015,1014,290,192,0,-0.0034966501
Cold,150047,966,965,290,192,1,-0.0025313871
Cold,154592,998,997,290,192,1,-0.007188225
Cold,138142,889,888,290,192,0,-0.006033089
Cold,133429,862,861,290,192,0,0.0011298384
Cold,117899,760,759,290,192,1,0.007139082
Cold,117256,756,755,290,192,1,-0.009525242
Cold,124471,801,800,290,192,1,-0.013986293
Cold,107310,706,705,290,192,0,0.0023729801
Cold,239958,1449,1448,290,192,1,0.00019611491
Cold,100802,673,672,290,192,0,-0.00925885
Cold,100451,670,669,290,192,1,-0.011916626
Cold,92120,613,612,290,192,1,-0.002065313
Cold,84068,550,549,290,192,0,-0.005216011
Cold,75681,515,514,290,192,0,0.0045260913
Cold,59954,408,407,290,192,1,0.0013734824
Cold,33618,225,224,290,192,1,0.007254227
Cold,26530,187,186,290,192,1,0.0041377177
Cold,22665,163,162,290,192,0,0.0026415652
Cold,20143,149,148,290,192,1,-0.00520373
Cold,17940,138,137,290,192,1,-0.014950292
Cold,211660,1287,1286,290,192,0,-4.0245126e-05
Cold,73463,498,497,290,192,1,-0.010400517
Cold,24478,173,172,290,192,0,0.0014480073
Cold,7894,53,52,290,192,1,0.008270678
Cold,20881,151,150,290,192,1,-0.0045030103
Cold,93006,623,622,290,192,1,0.0004926706
Cold,420927,2544,2543,290,192,0,-0.0034668385
Cold,43468,299,298,290,192,1,0.003500742
Cold,532562,3288,3287,290,192,1,-0.0044569783
Cold,733392,4386,4385,290,192,1,-0.0040890914
Cold,451484,2779,2778,290,192,1,-0.0042576436
Cold,484982,2986,2985,290,192,1,-0.006047067
Cold,16148,127,126,290,192,1,0.0023152325
Cold,129344,839,838,290,192,0,-0.0023858156
Cold,50304,331,330,290,192,1,-0.0032033995
Cold,319279,1897,1896,290,192,1,-0.003933845
Cold,285265,1701,1700,290,192,0,-0.0030220794
Cold,799581,4791,4790,290,192,0,0.00019132998
Cold,501241,3080,3079,290,192,1,-0.0063758995
Cold,18798,146,145,290,192,1,-0.00309645
Cold,790385,4728,4727,290,192,0,-0.00693514
Cold,176005,1113,1112,290,192,1,-0.0057894723
Cold,804276,4816,4815,290,192,0,-0.0045531066
Cold,453661,2793,2792,299,196,0,-0.0021130275
Cold,451743,2781,2780,299,196,1,0.004893979
Cold,443788,2737,2736,299,196,1,-0.0032817025
Cold,443333,2733,2732,299,196,1,-0.005695097
Cold,439384,2684,2683,299,196,0,-1.4337711e-06
Cold,432428,2637,2636,299,196,1,-0.00783115
Cold,428559,2608,2607,299,196,1,-0.007766514
Cold,416529,2507,2506,299,196,1,-0.0069966526
Cold,401885,2398,2397,299,196,1,-0.01021942
Cold,401598,2395,2394,299,196,1,0.0030689356
Cold,399043,2376,2375,299,196,1,0.0066434094
Cold,397742,2358,2357,299,196,1,0.0044763666
Cold,365723,2129,2128,299,196,1,0.0065195393
Cold,335783,1980,1979,299,196,1,-0.001531366
Cold,320497,1900,1899,299,196,1,0.012860956
Cold,310638,1851,1850,299,196,0,-0.010311388
Cold,292989,1745,1744,299,196,1,0.0011959141
Cold,291833,1738,1737,299,196,1,0.005284461
Cold,267541,1626,1625,299,196,1,-0.012385839
Cold,264357,1608,1607,299,196,0,-0.009594768
Cold,264129,1607,1606,299,196,1,0.0009185737
Cold,262685,1602,1601,299,196,1,-0.0047564106
Cold,258193,1583,1582,299,196,1,0.004549931
Cold,321655,1908,1907,299,196,0,-0.00015832111
Cold,256182,1562,1561,299,196,0,0.0048193727
Cold,254709,1548,1547,299,196,1,0.00094537344
Cold,244862,1474,1473,299,196,1,0.0021239861
Cold,237160,1442,1441,299,196,1,0.005477592
Cold,319281,1897,1896,299,196,0,0.009347953
Cold,284076,1698,1697,299,196,1,0.0027449154
Cold,306357,1825,1824,299,196,1,0.006397281
Cold,211586,1286,1285,299,196,1,-0.0045814654
Cold,211775,1288,1287,299,196,0,0.001315455
Cold,204011,1255,1254,299,196,1,0.0010476853
Cold,279050,1680,1679,299,196,1,-0.007905932
Cold,294251,1749,1748,299,196,0,0.0022417712
Cold,210833,1285,1284,299,196,1,-0.0085130595
Cold,307370,1835,1834,299,196,1,-0.006120356
Cold,168387,1069,1068,299,196,0,0.0011418223
Cold,334547,1974,1973,299,196,1,0.00083675515
Cold,161316,1029,1028,299,196,1,0.005854561
Cold,230492,1395,1394,299,196,1,0.0027226163
Cold,160861,1022,1021,299,196,0,0.005523031
Cold,198974,1222,1221,299,196,1,-0.0037253709
Cold,267928,1628,1627,299,196,0,-0.0038322117
Cold,154594,998,997,299,196,1,0.0005675114
Cold,139381,891,890,299,196,1,0.01151543
Cold,130737,848,847,299,196,1,-0.0066455924
Cold,200039,1228,1227,299,196,1,0.015343417
Cold,181960,1137,1136,299,196,0,-0.008907698
Cold,117900,760,759,299,196,1,-0.002782127
Cold,107312,706,705,299,196,1,-0.0035515036
Cold,100805,673,672,299,196,1,0.0022386673
Cold,95931,644,643,299,196,0,-0.002196981
Cold,94409,633,632,299,196,1,0.0033308244
Cold,90240,595,594,299,196,1,-0.0059839557
Cold,85561,558,557,299,196,1,0.0066182446
Cold,238830,1448,1447,299,196,1,-0.0053817863
Cold,190783,1181,1180,299,196,0,-0.0023081554
Cold,70141,474,473,299,196,0,0.002981193
Cold,155313,1001,1000,299,196,1,0.0038486188
Cold,312856,1865,1864,299,196,1,-0.0077665634
Cold,199836,1227,1226,299,196,1,-0.00045266084
Cold,23216,166,165,299,196,1,0.00043260236
Cold,20474,150,149,299,196,1,-0.0049025184
Cold,289,5,4,299,196,0,-0.005194771
Cold,276167,1671,1670,299,196,1,0.002163349
Cold,158070,1015,1014,299,196,0,-0.0018536989
Cold,50314,331,330,299,196,0,-8.858228e-05
Cold,239964,1449,1448,299,196,0,0.0035738389
Cold,290130,1733,1732,299,196,0,-0.0007871941
Cold,102161,678,677,299,196,1,-0.006393271
Cold,772641,4607,4606,299,196,0,-0.0019388266
Cold,744821,4448,4447,299,196,1,-0.007578841
Cold,302104,1794,1793,299,196,0,-0.0038449073
Cold,245755,1484,1483,299,196,0,-0.0016127913
Cold,992877,5998,5997,299,196,0,-0.012548932
Cold,384683,2247,2246,299,196,0,0.0012112623
Cold,234915,1425,1424,299,196,1,-0.0036511822
Cold,546764,3371,3370,299,196,0,-0.0015699072
Cold,187596,1164,1163,299,196,1,-0.0031010883
Cold,263234,1605,1604,299,196,0,-0.0026739808
Cold,434277,2648,2647,299,196,1,-0.00052556535
Cold,279683,1680,1679,302,198,1,-0.000997181
Cold,294419,1749,1748,302,198,0,-0.0020046886
Cold,316342,1883,1882,302,198,1,-0.011523666
Cold,286119,1707,1706,302,198,1,-0.0010039862
Cold,174508,1103,1102,302,198,1,-1.4513498e-05
Cold,168605,1069,1068,302,198,0,0.00024954294
Cold,160911,1022,1021,302,198,1,0.0071564647
Cold,167992,1068,1067,302,198,1,-0.004101697
Cold,138627,889,888,302,198,0,-0.009638422
Cold,107363,706,705,302,198,1,-0.0075097354
Cold,129995,840,839,302,198,1,-0.0013639117
Cold,949213,5734,5733,302,198,0,-0.0015421165
Cold,32081,216,215,302,198,0,-0.0072590616
Cold,23116,166,165,302,198,0,-0.003893225
Cold,7736,53,52,302,198,1,-0.0063420814
Cold,1991,18,17,302,198,1,0.007460871
Cold,158489,1015,1014,302,198,1,-0.012291988
Cold,76413,518,517,302,198,1,-0.002592585
Cold,222632,1347,1346,302,198,1,0.0014124268
Cold,382090,2232,2231,302,198,1,-1.0828953e-05
Cold,312976,1865,1864,302,198,1,-0.00805592
Cold,831956,5001,5000,302,198,1,-0.004626958
Cold,273151,1647,1646,302,198,1,0.0035644267
Cold,96661,648,647,302,198,1,-0.006079894
Cold,52166,343,342,302,198,1,-0.004521342
Cold,8812,59,58,302,198,0,-0.0039419765
Cold,560382,3444,3443,305,200,1,-0.0044359094
Cold,555904,3416,3415,305,200,0,0.010925345
Cold,531192,3280,3279,305,200,0,0.0038419834
Cold,515633,3182,3181,305,200,0,-0.009295508
Cold,738216,4411,4410,305,200,0,0.00045425305
Cold,575490,3519,3518,305,200,0,0.00537017
Cold,550413,3391,3390,305,200,0,0.0027037594
Cold,485219,2986,2985,305,200,1,-0.0026125463
Cold,484418,2981,2980,305,200,1,0.010157647
Cold,475185,2916,2915,305,200,1,0.0039627883
Cold,646789,3892,3891,305,200,0,-1.2436882e-05
Cold,796109,4771,4770,305,200,1,-0.0028153695
Cold,446950,2753,2752,305,200,0,-0.003347185
Cold,420279,2540,2539,305,200,0,0.005696443
Cold,416796,2507,2506,305,200,1,0.0034695915
Cold,409275,2456,2455,305,200,0,0.0008120071
Cold,464274,2860,2859,305,200,0,-0.0021258956
Cold,382970,2237,2236,305,200,1,-0.0014273892
Cold,377372,2203,2202,305,200,0,-0.0005158968
Cold,341731,2012,2011,305,200,0,0.0059809173
Cold,351036,2060,2059,305,200,0,0.00091040926
Cold,310166,1845,1844,305,200,0,0.01605676
Cold,274486,1658,1657,305,200,0,-0.0022220234
Cold,265962,1613,1612,305,200,0,-0.002906904
Cold,223697,1354,1353,305,200,0,-0.0026245562
Cold,218083,1322,1321,305,200,1,-0.003544224
Cold,321731,1908,1907,305,200,0,-0.001228862
Cold,174857,1107,1106,305,200,0,0.0063841385
Cold,167994,1068,1067,305,200,1,0.004664858
Cold,189464,1173,1172,305,200,0,-0.0041305344
Cold,135784,877,876,305,200,0,-0.0038570939
Cold,201707,1242,1241,305,200,0,-0.007429595
Cold,332796,1962,1961,305,200,0,-0.00038607419
Cold,352160,2063,2062,305,200,0,-0.0073632374
Cold,263553,1605,1604,305,200,0,-0.015409557
Cold,112629,731,730,305,200,0,-0.0012003679
Cold,106231,699,698,305,200,0,0.007638483
Cold,108196,710,709,305,200,0,0.0048874896
Cold,97936,655,654,305,200,0,-0.0057755774
Cold,329496,1943,1942,305,200,1,0.00079558254
Cold,82303,546,545,305,200,0,0.006074431
Cold,191265,1181,1180,305,200,0,0.0006542704
Cold,84393,550,549,305,200,0,-0.00561102
Cold,77743,524,523,305,200,0,-0.007557411
Cold,75003,509,508,305,200,1,-0.005559689
Cold,88903,587,586,305,200,0,0.0029430636
Cold,57183,386,385,305,200,0,0.010271294
Cold,47499,319,318,305,200,0,-0.0011112344
Cold,696577,4169,4168,305,200,0,0.0071015665
Cold,39563,268,267,305,200,0,-0.0028481137
Cold,96752,649,648,305,200,0,0.002222541
Cold,23689,169,168,305,200,0,-0.00800248
Cold,6204,45,44,305,200,0,-0.007943919
Cold,79613,531,530,305,200,0,-0.00409128
Cold,158492,1015,1014,305,200,0,-0.0010054858
Cold,78598,528,527,305,200,0,0.002313526
Cold,238137,1447,1446,305,200,0,0.0014645568
Cold,975102,5880,5879,305,200,0,-0.0066108983
Cold,508297,3128,3127,305,200,0,0.00046667876
Cold,828785,4979,4978,305,200,0,-0.0028778403
Cold,272321,1645,1644,305,200,0,-0.0045698117
Cold,665288,4005,4004,305,200,0,0.006986131
Cold,195645,1203,1202,305,200,0,-0.0028569195
Cold,287816,1717,1716,305,200,1,0.00078780204
Cold,501404,3080,3079,305,200,0,0.0095556425
Cold,63215,424,423,305,200,0,0.00038085086
Cold,860140,5172,5171,305,200,0,-0.0048947553
Cold,178305,1120,1119,312,204,1,0.009487652
Cold,244141,1470,1469,312,204,0,-0.0035149641
Cold,173788,1100,1099,312,204,0,0.004579112
Cold,328517,1941,1940,312,204,0,0.005755226
Cold,161880,1032,1031,312,204,0,0.005312304
Cold,141219,910,909,312,204,1,0.004310073
Cold,380429,2223,2222,312,204,0,0.00036239694
Cold,136826,881,880,312,204,0,-0.0012740832
Cold,375690,2188,2187,312,204,1,-0.002500087
Cold,371790,2172,2171,312,204,0,-0.0018222725
Cold,132052,854,853,312,204,0,-0.000654296
Cold,124304,800,799,312,204,0,0.0024441006
Cold,160307,1019,1018,312,204,0,-0.0020126845
Cold,108215,710,709,312,204,0,-0.005264254
Cold,100473,670,669,312,204,0,-0.0014492263
Cold,101482,676,675,312,204,0,-3.928924e-05
Cold,764092,4543,4542,312,204,0,0.0057383077
Cold,371098,2168,2167,312,204,1,-0.0066795424
Cold,314190,1875,1874,312,204,0,0.00089002296
Cold,104490,692,691,312,204,0,0.008286097
Cold,86776,566,565,312,204,0,0.011218046
Cold,77764,524,523,312,204,0,-0.007111195
Cold,72258,482,481,312,204,0,-0.0010439353
Cold,65510,438,437,312,204,0,0.0024115862
Cold,53803,352,351,312,204,0,0.005853203
Cold,47522,319,318,312,204,0,-0.0032128412
Cold,44551,302,301,312,204,0,-0.0006649322
Cold,43952,301,300,312,204,1,0.0073360032
Cold,363300,2116,2115,312,204,0,0.0022805799
Cold,219285,1329,1328,312,204,1,-0.0052186362
Cold,337170,1983,1982,312,204,0,0.0067967866
Cold,29889,202,201,312,204,0,-0.0032511149
Cold,88914,587,586,312,204,0,0.00010514073
Cold,25807,182,181,312,204,0,-0.0026151899
Cold,16861,132,131,312,204,1,0.006874141
Cold,2613,22,21,312,204,0,0.000318032
Cold,954248,5761,5760,312,204,0,0.0006051581
Cold,342704,2015,2014,312,204,0,0.0056154234
Cold,828793,4979,4978,312,204,0,0.004880179
Cold,164755,1051,1050,312,204,0,-0.002474708
Cold,207055,1266,1265,312,204,0,-0.0024808524
Cold,618381,3746,3745,312,204,0,0.0029935683
Cold,290450,1733,1732,312,204,0,0.0020041005
Cold,88370,583,582,312,204,0,0.0042859605
Cold,309746,1842,1841,312,204,1,-0.005898976
Cold,331831,1958,1957,312,204,0,-0.0050775874
Cold,145882,937,936,312,204,0,-0.0066129323
Cold,66148,442,441,312,204,0,0.0013351855
Cold,245871,1484,1483,312,204,1,-0.0019399486
Cold,235168,1425,1424,312,204,0,0.0081974445
Cold,916733,5539,5538,312,204,1,-0.0072654416
Cold,295722,1755,1754,312,204,0,0.0013751105
Cold,603028,3669,3668,315,206,0,0.0026844249
Cold,636458,3834,3833,315,206,1,0.0004023488
Cold,713281,4277,4276,315,206,0,-0.0042726323
Cold,600220,3650,3649,315,206,1,0.004380204
Cold,588089,3589,3588,315,206,0,0.0013149702
Cold,758745,4510,4509,315,206,0,-0.00702786
Cold,583612,3562,3561,315,206,0,0.0046435893
Cold,582551,3558,3557,315,206,1,0.00019562722
Cold,745023,4448,4447,315,206,1,0.00265329
Cold,592127,3610,3609,315,206,1,-0.00058345916
Cold,549199,3389,3388,315,206,0,-0.0063256654
Cold,544750,3358,3357,315,206,0,-0.006063617
Cold,542385,3336,3335,315,206,0,0.0026679856
Cold,536189,3308,3307,315,206,0,0.0101945875
Cold,531207,3280,3279,315,206,0,-0.0027482696
Cold,520412,3209,3208,315,206,0,-0.00039403478
Cold,520136,3208,3207,315,206,0,0.0010371883
Cold,517079,3191,3190,315,206,0,-0.001282929
Cold,515645,3182,3181,315,206,0,0.009816516
Cold,516603,3189,3188,315,206,0,-0.00023513031
Cold,499002,3066,3065,315,206,1,0.0028299233
Cold,494398,3032,3031,315,206,1,-0.0060602967
Cold,486383,2994,2993,315,206,0,-0.0014009044
Cold,529931,3272,3271,315,206,1,0.00062228274
Cold,473973,2909,2908,315,206,1,-0.0037524612
Cold,463512,2857,2856,315,206,0,-0.005270631
Cold,487173,2996,2995,315,206,0,0.009942904
Cold,455455,2804,2803,315,206,1,-0.00073135947
Cold,423244,2565,2564,315,206,1,-0.0014876663
Cold,408362,2453,2452,315,206,1,0.010481212
Cold,407031,2445,2444,315,206,0,-0.0070344973
Cold,399964,2380,2379,315,206,0,-0.0040574325
Cold,392441,2304,2303,315,206,1,-0.0045821145
Cold,377389,2203,2202,315,206,1,0.00068297936
Cold,340861,2010,2009,315,206,0,8.7141525e-05
Cold,295345,1753,1752,315,206,1,0.0023111803
Cold,297672,1764,1763,315,206,1,-0.009997357
Cold,303610,1803,1802,315,206,0,-0.0023550831
Cold,302256,1794,1793,315,206,0,0.0008252583
Cold,289000,1726,1725,315,206,0,-0.0059197927
Cold,265984,1613,1612,315,206,0,0.002778394
Cold,244750,1473,1472,315,206,0,-0.007763877
Cold,283278,1696,1695,315,206,0,-0.004359895
Cold,227279,1377,1376,315,206,0,-0.0081148045
Cold,299760,1778,1777,315,206,0,-0.0015048893
Cold,279721,1680,1679,315,206,0,0.004837045
Cold,320858,1902,1901,315,206,0,0.0020598504
Cold,191300,1181,1180,315,206,0,-0.004034808
Cold,186679,1155,1154,315,206,0,-0.004202163
Cold,173363,1099,1098,315,206,0,-0.008820527
Cold,328522,1941,1940,315,206,0,0.0035111466
Cold,275686,1667,1666,315,206,0,-0.008031318
Cold,154972,999,998,315,206,0,-0.0065942397
Cold,140754,904,903,315,206,0,-0.0005787369
Cold,157134,1010,1009,315,206,0,0.005180073
Cold,277108,1675,1674,315,206,0,0.005759977
Cold,136829,881,880,315,206,0,-0.003996279
Cold,202639,1244,1243,315,206,0,-0.003963576
Cold,96483,647,646,315,206,0,-0.0041067833
Cold,480259,2946,2945,315,206,0,-0.007736113
Cold,150736,970,969,315,206,0,0.010474783
Cold,291612,1737,1736,315,206,1,0.0042384397
Cold,84421,550,549,315,206,0,0.009468712
Cold,77771,524,523,315,206,0,0.005220769
Cold,119441,770,769,315,206,0,-0.0016994511
Cold,70249,474,473,315,206,0,-0.00083634723
Cold,240392,1449,1448,315,206,0,0.002812133
Cold,53811,352,351,315,206,0,-0.001801433
Cold,44553,302,301,315,206,0,0.00023706048
Cold,145462,935,934,315,206,1,0.0004989526
Cold,55636,368,367,315,206,0,-0.0004101491
Cold,38315,261,260,315,206,0,-0.0074443542
Cold,221546,1340,1339,315,206,0,-0.003281991
Cold,29891,202,201,315,206,0,0.0016371566
Cold,29223,199,198,315,206,0,0.0009922767
Cold,28825,198,197,315,206,1,-0.00082672737
Cold,22569,163,162,315,206,0,-0.0035803497
Cold,30537,204,203,315,206,1,0.0022593392
Cold,3452,26,25,315,206,0,0.0002893482
Cold,696602,4169,4168,315,206,0,0.0063564503
Cold,439222,2683,2682,315,206,1,-0.0022322915
Cold,238161,1447,1446,315,206,0,-0.000360901
Cold,777909,4647,4646,315,206,0,-0.005873013
Cold,106254,699,698,315,206,0,-0.008450201
Cold,352188,2063,2062,315,206,0,-0.0013551568
Cold,72262,482,481,315,206,0,-0.0018902775
Cold,599410,3648,3647,315,206,0,0.002306774
Cold,930454,5621,5620,315,206,0,0.000545871
Cold,986680,5956,5955,315,206,0,0.00022352487
Cold,941484,5682,5681,315,206,0,-0.0017491444
Cold,193828,1194,1193,315,206,0,0.0014747907
Cold,804352,4816,4815,315,206,1,-0.0022924442
Cold,550443,3391,3390,315,206,0,0.003044994
Cold,461617,2847,2846,321,211,1,0.00063682976
Cold,796120,4771,4770,326,213,1,0.0163732
Cold,608703,3691,3690,328,215,0,0.00909459
Cold,507326,3121,3120,328,215,0,0.010631326
Cold,550477,3391,3390,328,215,0,0.006667123
Cold,494416,3032,3031,328,215,1,0.0046692085
Cold,517965,3196,3195,328,215,0,0.009745008
Cold,483561,2972,2971,328,215,1,-0.00017847255
Cold,496627,3051,3050,328,215,0,0.010069534
Cold,710180,4260,4259,328,215,1,-0.0041262144
Cold,463526,2857,2856,328,215,1,0.009476425
Cold,462280,2852,2851,328,215,1,0.007580726
Cold,444815,2743,2742,328,215,0,0.0012898538
Cold,426585,2590,2589,328,215,1,0.0030287001
Cold,424805,2576,2575,328,215,1,0.0050017694
Cold,414728,2496,2495,328,215,0,0.0011574797
Cold,409757,2457,2456,328,215,0,0.005922038
Cold,408980,2455,2454,328,215,0,0.0066200253
Cold,397224,2352,2351,328,215,0,0.0036888728
Cold,374338,2181,2180,328,215,1,0.0066002104
Cold,368648,2155,2154,328,215,1,0.0071356273
Cold,363325,2116,2115,328,215,1,-0.00085791294
Cold,358613,2098,2097,328,215,1,0.0008203452
Cold,352221,2063,2062,328,215,1,-0.0022325926
Cold,361854,2109,2108,328,215,0,0.010797774
Cold,344469,2021,2020,328,215,1,0.010223583
Cold,351047,2060,2059,328,215,1,0.004329484
Cold,326340,1931,1930,328,215,0,0.0054040393
Cold,323525,1919,1918,328,215,0,-0.003938124
Cold,333506,1968,1967,328,215,0,-0.0014513294
Cold,330443,1950,1949,328,215,0,0.008331109
Cold,297683,1764,1763,328,215,1,0.0028928127
Cold,279761,1680,1679,328,215,1,0.009984397
Cold,277120,1675,1674,328,215,0,0.003774012
Cold,285827,1705,1704,328,215,0,0.0005541281
Cold,277926,1676,1675,328,215,0,0.010330778
Cold,271547,1641,1640,328,215,0,0.007257458
Cold,267657,1626,1625,328,215,0,0.0011006587
Cold,247863,1496,1495,328,215,1,0.006986451
Cold,303333,1802,1801,328,215,0,0.001734551
Cold,358289,2097,2096,328,215,0,-0.00033139635
Cold,231201,1399,1398,328,215,0,-0.0044116434
Cold,224534,1357,1356,328,215,0,0.004877012
Cold,221838,1341,1340,328,215,1,0.0009997888
Cold,221923,1342,1341,328,215,0,0.0017181342
Cold,273187,1647,1646,328,215,0,0.0052665398
Cold,350368,2056,2055,328,215,1,0.014536492
Cold,192763,1186,1185,328,215,1,0.0013068788
Cold,328560,1941,1940,328,215,0,0.0029868202
Cold,189091,1172,1171,328,215,0,0.005864528
Cold,186214,1151,1150,328,215,1,0.0028266055
Cold,184101,1146,1145,328,215,1,0.00711703
Cold,175721,1112,1111,328,215,0,0.0029891413
Cold,159389,1017,1016,328,215,0,0.0015051339
Cold,151052,971,970,328,215,0,0.006543064
Cold,271069,1639,1638,328,215,0,0.001968301
Cold,133302,860,859,328,215,1,-0.00041124993
Cold,138696,889,888,328,215,0,0.007865515
Cold,263597,1605,1604,328,215,0,0.0072103385
Cold,126706,817,816,328,215,1,0.007784239
Cold,125617,808,807,328,215,1,-0.00076396577
Cold,123967,798,797,328,215,0,0.0020841495
Cold,113882,738,737,328,215,0,-0.0031533623
Cold,117652,757,756,328,215,0,0.0065871114
Cold,97399,652,651,328,215,0,0.0061272816
Cold,92819,621,620,328,215,0,0.0045463806
Cold,203259,1246,1245,328,215,0,0.0055354536
Cold,108796,712,711,328,215,1,0.008604722
Cold,81858,543,542,328,215,1,-0.0006741511
Cold,77795,524,523,328,215,1,0.015433624
Cold,51174,337,336,328,215,1,0.007950897
Cold,41211,278,277,328,215,1,-0.000105362386
Cold,42810,293,292,328,215,0,0.007813487
Cold,291630,1737,1736,328,215,0,0.01096431
Cold,22594,163,162,328,215,0,-0.0026861476
Cold,14550,117,116,328,215,0,0.0072508585
Cold,290473,1733,1732,328,215,0,0.012947944
Cold,238178,1447,1446,328,215,0,0.0021903585
Cold,28239,195,194,328,215,1,0.015165368
Cold,164777,1051,1050,328,215,0,0.008757965
Cold,251943,1524,1523,328,215,1,0.0009469674
Cold,195687,1203,1202,328,215,0,0.017714541
Cold,134527,869,868,328,215,0,0.015315751
Cold,136850,881,880,328,215,1,0.001008431
Cold,474393,2910,2909,328,215,1,0.0010815714
Cold,63264,424,423,328,215,0,0.01007543
Cold,532347,3285,3284,330,217,0,-0.009036711
Cold,515664,3182,3181,330,217,0,-0.0013622118
Cold,566437,3476,3475,330,217,0,0.0024411688
Cold,507328,3121,3120,330,217,0,-0.001742403
Cold,506855,3118,3117,330,217,0,0.00061816676
Cold,784191,4682,4681,330,217,0,-0.00058778934
Cold,494428,3032,3031,330,217,1,0.005392756
Cold,477261,2929,2928,330,217,0,0.004025036
Cold,463536,2857,2856,330,217,0,-0.0037029912
Cold,446010,2750,2749,330,217,1,0.005726849
Cold,444819,2743,2742,330,217,0,-0.004056027
Cold,790506,4728,4727,330,217,0,0.005696289
Cold,426591,2590,2589,330,217,0,-0.0038883816
Cold,419915,2537,2536,330,217,0,-0.0008383575
Cold,409761,2457,2456,330,217,1,0.003202042
Cold,392462,2304,2303,330,217,0,-0.0001661554
Cold,377959,2205,2204,330,217,0,0.0034178002
Cold,368650,2155,2154,330,217,1,0.00096051587
Cold,364936,2124,2123,330,217,0,-0.0032213428
Cold,361862,2109,2108,330,217,0,0.0018297378
Cold,352232,2063,2062,330,217,0,-0.00051728124
Cold,348517,2042,2041,330,217,0,0.00088179903
Cold,344473,2021,2020,330,217,0,0.010386808
Cold,345185,2024,2023,330,217,0,0.0038105927
Cold,340886,2010,2009,330,217,0,-0.0059031574
Cold,323526,1919,1918,330,217,1,0.004570075
Cold,288323,1722,1721,330,217,0,-0.0022461999
Cold,279785,1680,1679,330,217,1,-0.0039255423
Cold,285828,1705,1704,330,217,0,-0.005591987
Cold,247872,1496,1495,330,217,0,-0.0053270245
Cold,358290,2097,2096,330,217,1,-0.003483495
Cold,224538,1357,1356,330,217,0,-0.004638463
Cold,224314,1356,1355,330,217,0,-0.004649959
Cold,221840,1341,1340,330,217,1,0.0065756566
Cold,221925,1342,1341,330,217,1,-0.0041763335
Cold,277932,1676,1675,330,217,0,0.0010081988
Cold,209211,1277,1276,330,217,0,-0.0034317952
Cold,273196,1647,1646,330,217,0,0.0036932975
Cold,211255,1285,1284,330,217,0,-0.0055998825
Cold,196689,1207,1206,330,217,0,-0.0015566358
Cold,173813,1100,1099,330,217,0,-0.0105026
Cold,272350,1645,1644,330,217,1,-0.0033903013
Cold,159393,1017,1016,330,217,0,-0.0022355777
Cold,342734,2015,2014,330,217,1,0.004132939
Cold,271070,1639,1638,330,217,0,0.00094808196
Cold,136858,881,880,330,217,0,-0.013934178
Cold,134534,869,868,330,217,0,-0.001982741
Cold,133226,859,858,330,217,0,0.002249819
Cold,126711,817,816,330,217,1,-0.0097194
Cold,125619,808,807,330,217,1,0.009344115
Cold,122823,792,791,330,217,0,-0.0010273642
Cold,115151,748,747,330,217,0,0.0012814652
Cold,108246,710,709,330,217,0,-0.0023853325
Cold,177164,1117,1116,330,217,0,-0.00639787
Cold,441983,2718,2717,330,217,0,-0.0041314717
Cold,92823,621,620,330,217,1,0.0035982453
Cold,91681,608,607,330,217,0,-0.0049497383
Cold,86801,566,565,330,217,0,-0.0081742145
Cold,291635,1737,1736,330,217,0,0.0003663539
Cold,81866,543,542,330,217,0,0.0079493355
Cold,80776,536,535,330,217,0,0.0025317636
Cold,108798,712,711,330,217,0,-0.008694229
Cold,78951,530,529,330,217,1,-0.0028278856
Cold,77804,524,523,330,217,1,-0.0029268938
Cold,75999,516,515,330,217,0,-0.0032875394
Cold,80361,533,532,330,217,0,0.0021330442
Cold,123540,796,795,330,217,0,0.004358246
Cold,53852,352,351,330,217,0,-0.0033238677
Cold,51181,337,336,330,217,0,0.0006275219
Cold,132646,855,854,330,217,0,0.00079941016
Cold,41216,278,277,330,217,1,0.0034653794
Cold,257875,1579,1578,330,217,0,-0.0024689464
Cold,40452,272,271,330,217,0,-0.0033890223
Cold,36552,245,244,330,217,0,-0.0055926717
Cold,337186,1983,1982,330,217,1,0.010291204
Cold,99890,667,666,330,217,0,0.0015117384
Cold,22599,163,162,330,217,0,0.010602014
Cold,10979,81,80,330,217,0,-0.0011887443
Cold,7801,53,52,330,217,0,0.00501998
Cold,2649,22,21,330,217,0,-0.0009339865
Cold,2348,19,18,330,217,1,-0.0014173272
Cold,238192,1447,1446,330,217,0,-0.009447153
Cold,174304,1101,1100,330,217,0,-0.0022816523
Cold,954252,5761,5760,330,217,0,0.00038394995
Cold,328576,1941,1940,330,217,0,0.0018180939
Cold,164790,1051,1050,330,217,0,0.0017153141
Cold,941494,5682,5681,330,217,0,-0.005511242
Cold,28257,195,194,330,217,1,-0.007949496
Cold,489306,3012,3011,330,217,0,-0.004277652
Cold,637084,3836,3835,332,218,0,0.006578442
Cold,638504,3841,3840,332,218,0,-0.0037114017
Cold,617338,3736,3735,332,218,0,1.383014e-07
Cold,596825,3626,3625,332,218,0,-0.0030453918
Cold,590849,3603,3602,332,218,0,0.004871237
Cold,576686,3525,3524,332,218,0,-0.002986891
Cold,569426,3491,3490,332,218,1,-0.003407719
Cold,566438,3476,3475,332,218,0,-0.0008061074
Cold,507546,3123,3122,332,218,0,-0.0026922813
Cold,902866,5458,5457,332,218,0,0.0025336477
Cold,547646,3378,3377,332,218,0,0.0016428746
Cold,496630,3051,3050,332,218,0,0.00034363335
Cold,641127,3853,3852,332,218,0,-0.0034502537
Cold,495725,3044,3043,332,218,1,-0.0021063623
Cold,494431,3032,3031,332,218,0,0.0069810823
Cold,488941,3010,3009,332,218,0,0.0022429097
Cold,517971,3196,3195,332,218,0,-0.00760574
Cold,463538,2857,2856,332,218,1,-0.003444361
Cold,444820,2743,2742,332,218,0,0.0037973672
Cold,430183,2621,2620,332,218,0,0.0024105264
Cold,426592,2590,2589,332,218,0,0.001000288
Cold,415848,2504,2503,332,218,1,0.0018184617
Cold,392465,2304,2303,332,218,0,-0.002129489
Cold,391167,2299,2298,332,218,0,-0.0004848861
Cold,377411,2203,2202,332,218,0,0.0032740603
Cold,374351,2181,2180,332,218,0,-0.0052324696
Cold,370788,2167,2166,332,218,0,0.0033892917
Cold,367779,2147,2146,332,218,0,-0.0051119905
Cold,366400,2132,2131,332,218,0,0.004447131
Cold,359130,2101,2100,332,218,0,0.008920703
Cold,358620,2098,2097,332,218,0,-0.009141461
Cold,356524,2088,2087,332,218,0,0.005033785
Cold,361864,2109,2108,332,218,0,0.00012049917
Cold,375704,2188,2187,332,218,0,0.006055952
Cold,344474,2021,2020,332,218,1,-0.0010741106
Cold,325559,1926,1925,332,218,0,-0.005975592
Cold,311604,1856,1855,332,218,1,-0.0042797383
Cold,305309,1814,1813,332,218,0,-0.0013026075
Cold,300749,1781,1780,332,218,1,0.0034294766
Cold,330446,1950,1949,332,218,0,0.0051065325
Cold,292506,1741,1740,332,218,0,-0.0024352502
Cold,279788,1680,1679,332,218,1,0.00016570452
Cold,277127,1675,1674,332,218,0,0.008857049
Cold,277933,1676,1675,332,218,0,0.010035511
Cold,361048,2106,2105,332,218,0,0.0047783633
Cold,271551,1641,1640,332,218,0,0.0062418473
Cold,268381,1630,1629,332,218,0,-0.0021651718
Cold,234602,1424,1423,332,218,0,-0.0054968195
Cold,230927,1397,1396,332,218,0,-0.0012164689
Cold,233181,1418,1417,332,218,0,-0.007855335
Cold,221926,1342,1341,332,218,0,0.0012386325
Cold,221841,1341,1340,332,218,0,-0.002433154
Cold,267311,1624,1623,332,218,0,-0.004343345
Cold,270167,1635,1634,332,218,0,0.0033207652
Cold,261912,1599,1598,332,218,1,-0.005632516
Cold,196198,1206,1205,332,218,0,0.0009905448
Cold,328578,1941,1940,332,218,0,0.009952739
Cold,181654,1135,1134,332,218,0,0.004464612
Cold,191967,1182,1181,332,218,0,-0.0027398656
Cold,331871,1958,1957,332,218,0,0.009792716
Cold,184105,1146,1145,332,218,0,0.002178051
Cold,175725,1112,1111,332,218,0,0.0006493386
Cold,166122,1058,1057,332,218,0,-0.0051094564
Cold,159394,1017,1016,332,218,0,0.006085866
Cold,150222,967,966,332,218,0,-0.0018161058
Cold,153259,984,983,332,218,0,0.00010337785
Cold,147087,948,947,332,218,0,0.0023523143
Cold,133227,859,858,332,218,0,0.001607707
Cold,133068,858,857,332,218,0,-0.0019242909
Cold,352233,2063,2062,332,218,0,-0.001278236
Cold,125620,808,807,332,218,0,-0.002756291
Cold,114111,741,740,332,218,0,-0.008978948
Cold,103721,689,688,332,218,1,0.0040886067
Cold,108799,712,711,332,218,0,-0.0075263088
Cold,179789,1125,1124,332,218,0,0.013370974
Cold,316998,1884,1883,332,218,1,-0.0053936644
Cold,94745,636,635,332,218,0,-0.0009317135
Cold,235199,1425,1424,332,218,0,-0.0061424347
Cold,90987,602,601,332,218,0,0.0066803833
Cold,308871,1837,1836,332,218,0,0.00024009566
Cold,86225,563,562,332,218,0,-0.0034410213
Cold,250497,1509,1508,332,218,0,0.001674894
Cold,84443,550,549,332,218,0,-0.0083859395
Cold,66644,445,444,332,218,0,0.0022896542
Cold,51182,337,336,332,218,0,-0.003880617
Cold,45212,305,304,332,218,0,0.0031424337
Cold,41217,278,277,332,218,0,-0.0027974215
Cold,22602,163,162,332,218,0,-0.00026299013
Cold,14563,117,116,332,218,0,0.011430243
Cold,290485,1733,1732,332,218,0,-0.0015120647
Cold,458213,2820,2819,332,218,0,-0.0028860692
Cold,19493,148,147,332,218,0,0.0015663581
Cold,355125,2077,2076,332,218,0,0.0012960305
Cold,552578,3401,3400,332,218,0,0.0012399275
Cold,238194,1447,1446,332,218,0,0.0073200073
Cold,52188,343,342,332,218,1,0.005257924
Cold,474007,2909,2908,332,218,1,0.0030855862
Cold,171992,1088,1087,332,218,0,0.0015835968
Cold,136859,881,880,332,218,0,0.00061403937
Cold,63282,424,423,332,218,0,0.007401021
Cold,489307,3012,3011,332,218,0,0.00034089922
Cold,442472,2724,2723,334,220,1,0.0011541336
Cold,696652,4169,4168,334,220,1,-0.02300761
Cold,421185,2544,2543,334,220,1,-0.004066275
Cold,416856,2507,2506,334,220,1,-0.0016521716
Cold,381391,2230,2229,334,220,0,-0.002123354
Cold,310180,1845,1844,334,220,1,0.0010465299
Cold,292509,1741,1740,334,220,1,-0.005232622
Cold,276414,1671,1670,334,220,1,0.0016515402
Cold,284450,1698,1697,334,220,1,0.0019919886
Cold,319536,1897,1896,334,220,1,-0.014137934
Cold,209798,1281,1280,334,220,1,-0.005151367
Cold,206019,1264,1263,334,220,1,-0.003969256
Cold,201022,1239,1238,334,220,0,0.0068999194
Cold,211259,1285,1284,334,220,0,0.0055449223
Cold,244167,1470,1469,334,220,0,-0.011267754
Cold,308874,1837,1836,334,220,0,-0.008631391
Cold,296585,1758,1757,334,220,1,-0.0011782345
Cold,329531,1943,1942,334,220,1,0.0018269089
Cold,185686,1150,1149,334,220,1,-0.009596175
Cold,307650,1835,1834,334,220,0,0.00031597633
Cold,201751,1242,1241,334,220,1,0.0024902222
Cold,168641,1069,1068,334,220,1,-0.0002782842
Cold,191352,1181,1180,334,220,1,-0.006218766
Cold,320277,1899,1898,334,220,1,-0.0055114245
Cold,153868,989,988,334,220,1,-0.003299747
Cold,147799,952,951,334,220,1,-0.003255378
Cold,142501,919,918,334,220,1,-0.0024378079
Cold,199600,1224,1223,334,220,1,-0.0025600977
Cold,138716,889,888,334,220,1,-0.011067691
Cold,374886,2185,2184,334,220,1,-0.006080785
Cold,97953,655,654,334,220,1,-0.007522058
Cold,84446,550,549,334,220,1,-0.005721266
Cold,72984,493,492,334,220,0,-0.0029635483
Cold,45020,303,302,334,220,1,-0.0011903711
Cold,860158,5172,5171,334,220,1,0.0037049446
Cold,431171,2627,2626,334,220,0,-0.007479402
Cold,22028,161,160,334,220,1,-0.0051950146
Cold,20063,149,148,334,220,0,0.0004548845
Cold,3878,28,27,334,220,1,-0.009606493
Cold,357661,2092,2091,334,220,0,-0.0119448565
Cold,89371,588,587,334,220,1,0.0014810392
Cold,158568,1015,1014,334,220,1,-0.0063598375
Cold,42818,293,292,334,220,0,0.0011046901
Cold,484350,2980,2979,334,220,1,-0.004763021
Cold,467416,2880,2879,334,220,1,-0.0061415266
Cold,772740,4607,4606,334,220,0,-0.010672453
Cold,475631,2918,2917,334,220,1,0.0024350744
Cold,847952,5096,5095,334,220,1,-0.0034087878
Cold,447701,2760,2759,334,220,0,0.0003124905
Cold,287838,1717,1716,334,220,0,-0.008090967
Cold,739440,4418,4417,334,220,1,-0.009686746
Cold,27590,193,192,334,220,0,-0.0015399677
Cold,208931,1274,1273,334,220,1,-0.002110499
Cold,160349,1019,1018,334,220,1,-0.0074667055
Cold,696677,4169,4168,340,224,0,-0.013755183
Cold,87328,570,569,340,224,1,-0.015180598
Cold,361067,2106,2105,340,224,0,-0.0010387385
Cold,191382,1181,1180,340,224,0,-0.0069984277
Cold,240463,1449,1448,340,224,1,-0.01379382
Cold,53885,352,351,340,224,1,-0.013870247
Cold,239262,1448,1447,340,224,1,-0.012712106
Cold,40047,271,270,340,224,1,-0.009259809
Cold,19028,147,146,340,224,1,0.002886899
Cold,6921,48,47,340,224,0,-0.017161228
Cold,1808,17,16,340,224,0,-0.0034856678
Cold,104522,692,691,340,224,1,-0.010172931
Cold,268110,1628,1627,340,224,0,-0.008903828
Cold,349048,2047,2046,340,224,0,-0.0137762325
Cold,355138,2077,2076,340,224,1,-0.007603229
Cold,386171,2258,2257,340,224,0,0.0014162625
Cold,286871,1712,1711,340,224,1,-0.016725348
Cold,28288,195,194,340,224,1,-0.008062494
Cold,169962,1079,1078,340,224,0,-0.00747729
Cold,145074,934,933,340,224,0,-0.008660395
Cold,893071,5394,5393,340,224,0,-0.007838339
Cold,527112,3260,3259,340,224,1,0.00089917146
Cold,116542,752,751,340,224,0,-0.015164079
Cold,974423,5878,5877,340,224,1,-0.0037637523
Cold,458241,2820,2819,346,228,0,-0.009675437
Cold,443959,2737,2736,346,228,0,0.0030127843
Cold,442300,2723,2722,346,228,1,-0.013014602
Cold,429278,2611,2610,346,228,1,-0.00013754703
Cold,416885,2507,2506,346,228,1,-0.0071443943
Cold,410317,2461,2460,346,228,1,-0.0041555697
Cold,404713,2419,2418,346,228,1,-0.0011250759
Cold,402496,2402,2401,346,228,1,-0.009216335
Cold,401053,2389,2388,346,228,0,-0.0061336644
Cold,376586,2197,2196,346,228,1,-0.016464153
Cold,375716,2188,2187,346,228,0,0.00040733116
Cold,364948,2124,2123,346,228,1,-0.009350039
Cold,338331,1988,1987,346,228,1,0.0012559551
Cold,315531,1880,1879,346,228,0,-0.003251159
Cold,276439,1671,1670,346,228,1,-0.0052441168
Cold,266040,1613,1612,346,228,1,-0.009617668
Cold,259107,1586,1585,346,228,1,0.0034079552
Cold,247213,1494,1493,346,228,1,-0.005568954
Cold,631793,3821,3820,346,228,0,-0.00571533
Cold,228514,1383,1382,346,228,0,-0.010003334
Cold,296601,1758,1757,346,228,1,-0.003246843
Cold,213660,1298,1297,346,228,1,0.009378853
Cold,211296,1285,1284,346,228,0,-0.0134766465
Cold,592172,3610,3609,346,228,0,-0.011996208
Cold,185719,1150,1149,346,228,0,-0.012089849
Cold,307668,1835,1834,346,228,1,-0.002502111
Cold,263640,1605,1604,346,228,0,-0.006919397
Cold,168657,1069,1068,346,228,0,0.0057983603
Cold,164027,1050,1049,346,228,0,0.0019569932
Cold,158599,1015,1014,346,228,1,-0.0073496536
Cold,217300,1317,1316,346,228,1,-0.003693282
Cold,139475,891,890,346,228,1,-0.0026310636
Cold,138753,889,888,346,228,0,-0.00588107
Cold,136884,881,880,346,228,0,-0.013050264
Cold,134770,870,869,346,228,1,-0.0011552309
Cold,132083,854,853,346,228,0,0.0024968705
Cold,160377,1019,1018,346,228,0,-0.00034548948
Cold,452145,2784,2783,346,228,1,-0.004140185
Cold,696688,4169,4168,346,228,1,-0.005737995
Cold,239268,1448,1447,346,228,1,0.005231831
Cold,132660,855,854,346,228,0,0.004764226
Cold,45214,305,304,346,228,0,-0.009263212
Cold,300539,1780,1779,346,228,0,-0.021373093
Cold,23174,166,165,346,228,0,0.006753099
Cold,6930,48,47,346,228,0,-0.0033149119
Cold,108268,710,709,346,228,1,-0.008283272
Cold,95566,639,638,346,228,1,-0.0101819765
Cold,286875,1712,1711,346,228,1,-0.008251111
Cold,257899,1579,1578,346,228,0,-0.0005431315
Cold,844047,5074,5073,346,228,1,0.00056055095
Cold,460838,2841,2840,346,228,1,-0.0019788072
Cold,750487,4478,4477,346,228,0,0.0005307512
Cold,265256,1611,1610,346,228,1,-0.0028529712
Cold,20092,149,148,346,228,1,-0.015566786
Cold,50664,333,332,346,228,0,-0.002980013
Cold,958891,5787,5786,346,228,1,0.007861984
Cold,554602,3411,3410,346,228,0,-0.0067345346
Cold,371816,2172,2171,346,228,0,-0.009300487
Cold,739448,4418,4417,346,228,1,0.0029654894
Cold,923994,5580,5579,346,228,1,-0.012711359
Cold,474819,2913,2912,352,233,1,-0.0029739058
Cold,460433,2840,2839,352,233,0,-0.000855052
Cold,696714,4169,4168,352,233,0,-0.0009514289
Cold,433781,2643,2642,352,233,0,0.007955733
Cold,397116,2351,2350,352,233,0,0.013726974
Cold,382537,2235,2234,352,233,1,0.0086715305
Cold,369217,2158,2157,352,233,1,-0.008292311
Cold,368010,2148,2147,352,233,0,-0.005041833
Cold,366481,2134,2133,352,233,1,0.0065775975
Cold,356059,2085,2084,352,233,0,0.0044040484
Cold,355377,2078,2077,352,233,0,0.004084893
Cold,338352,1988,1987,352,233,0,-0.0021118387
Cold,259656,1587,1586,352,233,1,0.0035024746
Cold,303125,1800,1799,352,233,0,-0.0060613817
Cold,241455,1451,1450,352,233,1,0.0047160517
Cold,231762,1404,1403,352,233,0,0.0037141712
Cold,233498,1420,1419,352,233,0,-0.0011904787
Cold,220926,1339,1338,352,233,0,-0.004183201
Cold,308186,1836,1835,352,233,0,-0.0028470713
Cold,211331,1285,1284,352,233,1,-0.0004464105
Cold,279882,1680,1679,352,233,0,-0.00019359007
Cold,188454,1169,1168,352,233,0,0.0024959734
Cold,212555,1294,1293,352,233,1,-0.009082606
Cold,185750,1150,1149,352,233,0,-0.009769255
Cold,166629,1059,1058,352,233,0,-0.0005544289
Cold,364011,2120,2119,352,233,1,0.00245105
Cold,152051,977,976,352,233,0,0.0046295584
Cold,221609,1340,1339,352,233,0,0.0051906975
Cold,149753,963,962,352,233,0,0.001755923
Cold,138783,889,888,352,233,0,-0.009735016
Cold,713366,4277,4276,352,233,0,-0.0076172305
Cold,130715,847,846,352,233,0,0.0039912
Cold,129677,839,838,352,233,1,0.0077908784
Cold,298207,1767,1766,352,233,1,-0.0053829877
Cold,117274,756,755,352,233,0,0.001726907
Cold,96679,648,647,352,233,0,0.00015572226
Cold,89507,589,588,352,233,0,0.004164856
Cold,88952,587,586,352,233,0,-0.0008830945
Cold,197458,1211,1210,352,233,1,0.004315287
Cold,70923,476,475,352,233,1,-0.0030809226
Cold,116572,752,751,352,233,1,0.0052755633
Cold,70276,474,473,352,233,0,0.00012497976
Cold,59194,402,401,352,233,1,-0.004472538
Cold,53928,352,351,352,233,0,0.004057127
Cold,317922,1889,1888,352,233,0,-0.0021686715
Cold,40494,272,271,352,233,0,-0.0033386461
Cold,26820,190,189,352,233,0,-0.0054614684
Cold,24965,175,174,352,233,1,-0.0016653608
Cold,21632,157,156,352,233,1,-0.0055355583
Cold,49575,329,328,352,233,0,0.003070504
Cold,257918,1579,1578,352,233,0,0.007973037
Cold,575566,3519,3518,352,233,0,0.004523201
Cold,485295,2986,2985,352,233,0,-0.0020135753
Cold,499709,3067,3066,352,233,1,-0.0041546943
Cold,195730,1203,1202,352,233,0,-0.0024999464
Cold,882228,5329,5328,352,233,1,0.0020915242
Cold,565778,3475,3474,352,233,1,0.0036553515
Cold,893083,5394,5393,352,233,1,0.0013448934
Cold,974441,5878,5877,352,233,1,0.005657303
Cold,933604,5636,5635,354,235,0,0.009949568
Cold,249954,1505,1504,354,235,0,0.0014580493
Cold,777961,4647,4646,354,235,0,0.0022076368
Cold,309784,1842,1841,354,235,1,0.016419813
Cold,255628,1556,1555,354,235,0,0.0042606443
Cold,105713,698,697,354,235,1,0.0018326091
Cold,941517,5682,5681,354,235,1,-6.4536216e-05
Cold,600290,3650,3649,358,239,0,0.00498005
Cold,594983,3620,3619,358,239,0,0.0042791227
Cold,583957,3563,3562,358,239,0,-0.0032537524
Cold,872560,5269,5268,358,239,0,-0.0008297134
Cold,579726,3539,3538,358,239,1,0.0017336207
Cold,572463,3507,3506,358,239,1,-0.003090099
Cold,563224,3464,3463,358,239,1,-0.002764904
Cold,557880,3425,3424,358,239,0,0.009511198
Cold,542743,3339,3338,358,239,0,0.006980289
Cold,536265,3308,3307,358,239,0,0.0023143184
Cold,561697,3454,3453,358,239,1,-0.0115775615
Cold,527639,3261,3260,358,239,1,0.0052940804
Cold,522012,3223,3222,358,239,0,0.0019937165
Cold,537466,3311,3310,358,239,0,0.0048848684
Cold,635972,3833,3832,358,239,1,0.0038651326
Cold,515082,3180,3179,358,239,0,0.0049619237
Cold,502272,3082,3081,358,239,1,0.008433064
Cold,550565,3391,3390,358,239,1,-0.0038012238
Cold,492988,3029,3028,358,239,0,0.0012720125
Cold,485300,2986,2985,358,239,1,-0.011311906
Cold,483996,2976,2975,358,239,0,0.001316376
Cold,471712,2901,2900,358,239,1,0.004971109
Cold,455030,2800,2799,358,239,0,0.008955048
Cold,451176,2777,2776,358,239,1,-0.004900085
Cold,448560,2764,2763,358,239,0,0.0017929105
Cold,564722,3471,3470,358,239,0,0.0065690023
Cold,440378,2692,2691,358,239,1,0.008960318
Cold,404732,2419,2418,358,239,0,-0.0032337802
Cold,393317,2311,2310,358,239,0,0.0025336123
Cold,390185,2288,2287,358,239,0,-0.0023794132
Cold,359575,2102,2101,358,239,0,0.0038591577
Cold,340921,2010,2009,358,239,0,0.006450149
Cold,288047,1720,1719,358,239,0,0.005886457
Cold,259661,1587,1586,358,239,0,0.0036529503
Cold,299809,1778,1777,358,239,1,-4.9272552e-05
Cold,296613,1758,1757,358,239,0,-0.007023778
Cold,308911,1837,1836,358,239,0,0.004240244
Cold,263676,1605,1604,358,239,0,-0.010262001
Cold,168676,1069,1068,358,239,0,0.0016979259
Cold,164046,1050,1049,358,239,0,0.005475537
Cold,162510,1035,1034,358,239,1,0.0087310765
Cold,136921,881,880,358,239,0,0.0070315413
Cold,155015,999,998,358,239,1,0.0050043846
Cold,352310,2063,2062,358,239,0,-0.0001909216
Cold,126953,818,817,358,239,0,-0.00760468
Cold,110445,720,719,358,239,0,0.006597425
Cold,329562,1943,1942,358,239,0,0.0028329985
Cold,92837,621,620,358,239,0,0.00942549
Cold,91692,608,607,358,239,1,-0.0040757614
Cold,90033,593,592,358,239,1,0.0018668401
Cold,239302,1448,1447,358,239,1,0.00764537
Cold,77863,524,523,358,239,0,0.012616477
Cold,197464,1211,1210,358,239,0,-0.0020227241
Cold,68292,457,456,358,239,0,0.008852039
Cold,67573,453,452,358,239,0,-0.0015240861
Cold,60214,409,408,358,239,0,-0.004495142
Cold,784227,4682,4681,358,239,1,-0.01109902
Cold,27290,192,191,358,239,0,-0.00025559962
Cold,7871,53,52,358,239,1,-0.0010312963
Cold,262602,1601,1600,358,239,1,0.0012890529
Cold,45425,306,305,358,239,1,0.004012771
Cold,893089,5394,5393,358,239,0,0.002165773
Cold,257926,1579,1578,358,239,0,-0.0006246753
Cold,241461,1451,1450,358,239,0,0.0037569234
Cold,317928,1889,1888,358,239,0,0.009660983
Cold,88957,587,586,358,239,0,-0.0037713386
Cold,433286,2641,2640,358,239,1,-0.0016297316
Cold,145905,937,936,358,239,1,0.008042491
Cold,973498,5872,5871,358,239,0,0.007740482
Cold,907720,5492,5491,358,239,0,3.598444e-05
Cold,20124,149,148,358,239,0,0.0011577439
Cold,207124,1266,1265,358,239,0,-0.0012456002
Cold,575909,3520,3519,358,239,0,0.0026261373
Cold,134577,869,868,358,239,1,0.00021071965
Cold,757337,4508,4507,358,239,0,-0.0021322002
Cold,960335,5792,5791,358,239,0,0.005313484
Cold,322685,1912,1911,358,239,0,-0.002388929
Cold,941521,5682,5681,358,239,1,0.004282334
Cold,273253,1647,1646,358,239,0,0.012145094
Cold,554920,3412,3411,358,239,1,0.0006930367
Cold,974448,5878,5877,358,239,0,-0.00828284
Cold,377455,2203,2202,360,240,1,0.0014944999
Cold,369685,2163,2162,360,240,1,-0.0056102145
Cold,352346,2063,2062,360,240,0,0.0015186032
Cold,361920,2109,2108,360,240,0,0.008636766
Cold,340939,2010,2009,360,240,0,0.008437186
Cold,289039,1726,1725,360,240,0,-0.0028267438
Cold,299821,1778,1777,360,240,0,0.0031948173
Cold,266080,1613,1612,360,240,0,-0.0019898452
Cold,264751,1609,1608,360,240,0,0.0022097481
Cold,361119,2106,2105,360,240,0,0.0018932807
Cold,245074,1476,1475,360,240,0,-0.0018380748
Cold,356925,2090,2089,360,240,0,-0.0003972397
Cold,336362,1980,1979,360,240,0,0.008801293
Cold,233201,1418,1417,360,240,0,0.0042391443
Cold,223792,1354,1353,360,240,0,-0.0051787575
Cold,279932,1680,1679,360,240,0,0.007094161
Cold,320889,1902,1901,360,240,1,0.0059131654
Cold,196754,1207,1206,360,240,0,-0.00096601795
Cold,192481,1184,1183,360,240,0,0.0034468635
Cold,186873,1158,1157,360,240,1,0.0122823715
Cold,328718,1941,1940,360,240,0,0.000748866
Cold,164057,1050,1049,360,240,0,0.00442928
Cold,275731,1667,1666,360,240,0,0.0039723217
Cold,155022,999,998,360,240,0,0.0043172617
Cold,152718,983,982,360,240,1,0.00434293
Cold,325895,1928,1927,360,240,1,0.0036866071
Cold,157248,1010,1009,360,240,0,0.0013681024
Cold,202695,1244,1243,360,240,0,0.004919579
Cold,131511,851,850,360,240,1,-0.0005792278
Cold,249025,1501,1500,360,240,0,0.013304371
Cold,332867,1962,1961,360,240,0,0.0014234886
Cold,125084,802,801,360,240,1,-0.003103552
Cold,123181,795,794,360,240,0,-0.0011652061
Cold,240529,1449,1448,360,240,0,0.007741222
Cold,111064,721,720,360,240,0,0.0030835923
Cold,106320,699,698,360,240,0,-0.0013394009
Cold,179836,1125,1124,360,240,0,-0.0018564805
Cold,99074,660,659,360,240,0,0.0063048424
Cold,314223,1875,1874,360,240,0,0.0055847536
Cold,84521,550,549,360,240,1,0.0072682244
Cold,77887,524,523,360,240,0,0.015342031
Cold,73735,499,498,360,240,1,0.0017150227
Cold,71180,477,476,360,240,0,0.0075981203
Cold,334060,1969,1968,360,240,0,0.0054467227
Cold,47649,319,318,360,240,0,0.006200579
Cold,145508,935,934,360,240,0,-0.00023595584
Cold,627092,3792,3791,360,240,0,0.008336478
Cold,32244,216,215,360,240,0,0.014004769
Cold,30013,202,201,360,240,0,0.0030403528
Cold,29294,199,198,360,240,0,0.0073937313
Cold,22662,163,162,360,240,0,0.008588011
Cold,13054,101,100,360,240,1,0.008798601
Cold,9393,62,61,360,240,0,0.004120308
Cold,6972,48,47,360,240,0,0.0048141163
Cold,108308,710,709,360,240,0,0.002224337
Cold,696744,4169,4168,360,240,0,0.0037531517
Cold,78688,528,527,360,240,0,-0.01102467
Cold,238276,1447,1446,360,240,0,-0.0016599505
Cold,363412,2116,2115,360,240,0,-0.0019301284
Cold,12110,92,91,360,240,0,-0.0012128213
Cold,272393,1645,1644,360,240,1,0.0015985472
Cold,35115,237,236,360,240,0,0.0088178385
Cold,79735,531,530,360,240,0,0.014541006
Cold,907722,5492,5491,360,240,0,0.004942269
Cold,134600,869,868,360,240,0,-0.0027957032
Cold,599481,3648,3647,360,240,0,0.0035973815
Cold,699788,4186,4185,360,240,0,0.0024349408
Cold,535151,3301,3300,363,243,1,-0.00058862043
Cold,805799,4823,4822,363,243,1,0.011717748
Cold,29300,199,198,365,245,1,-0.006131913
Cold,26532,187,186,365,245,1,0.0022997768
Cold,19562,148,147,365,245,0,0.0017629927
Cold,7896,53,52,365,245,0,-0.0062918738
Cold,96759,649,648,365,245,0,-0.0010361464
Cold,241482,1451,1450,365,245,1,-0.0071010697
Cold,265296,1611,1610,365,245,1,0.0028891873
Cold,329581,1943,1942,365,245,0,-0.013385241
Cold,195757,1203,1202,365,245,1,0.0030061544
Cold,287871,1717,1716,365,245,1,-0.020820469
Cold,967008,5831,5830,365,245,1,-0.017134268
Cold,636534,3834,3833,374,253,1,0.0018111164
Cold,600326,3650,3649,374,253,0,-0.0009295723
Cold,590295,3600,3599,374,253,0,0.0034854796
Cold,731253,4375,4374,374,253,0,-0.0012213875
Cold,582281,3557,3556,374,253,1,0.0017628206
Cold,758841,4510,4509,374,253,1,0.0052154474
Cold,573011,3509,3508,374,253,0,0.011903375
Cold,557039,3422,3421,374,253,0,-0.003905464
Cold,550622,3391,3390,374,253,0,0.0029885438
Cold,547668,3378,3377,374,253,0,-0.009212081
Cold,541136,3328,3327,374,253,0,-0.0030182914
Cold,537525,3311,3310,374,253,0,0.0024635557
Cold,536293,3308,3307,374,253,0,0.006426749
Cold,531292,3280,3279,374,253,0,-0.011982774
Cold,522989,3224,3223,374,253,0,-0.0018660978
Cold,540113,3320,3319,374,253,0,0.0037749447
Cold,515098,3180,3179,374,253,0,0.007392848
Cold,508827,3129,3128,374,253,0,-0.010015057
Cold,502291,3082,3081,374,253,0,0.0004983686
Cold,516671,3189,3188,374,253,0,-0.0007159924
Cold,499756,3067,3066,374,253,0,-0.00242869
Cold,494552,3032,3031,374,253,1,-0.0049174363
Cold,492200,3026,3025,374,253,0,-0.0103265075
Cold,489781,3013,3012,374,253,0,-0.0034467608
Cold,487631,2999,2998,374,253,0,0.004952097
Cold,478314,2934,2933,374,253,1,-0.008337798
Cold,472912,2907,2906,374,253,0,0.005437182
Cold,470539,2896,2895,374,253,0,-0.0001235163
Cold,456619,2810,2809,374,253,0,-0.0015432872
Cold,450405,2776,2775,374,253,0,0.00020692649
Cold,451218,2777,2776,374,253,0,-0.009124415
Cold,444867,2743,2742,374,253,0,-0.010167059
Cold,427537,2595,2594,374,253,0,-0.0052499883
Cold,420573,2541,2540,374,253,1,-0.00024535373
Cold,419974,2537,2536,374,253,0,-0.007208639
Cold,399613,2378,2377,374,253,0,0.001993535
Cold,397654,2355,2354,374,253,0,-0.005960581
Cold,383819,2242,2241,374,253,0,-0.0031817919
Cold,380011,2222,2221,374,253,0,-0.01338432
Cold,379598,2219,2218,374,253,0,0.0004587113
Cold,382546,2235,2234,374,253,1,0.0055807494
Cold,356075,2085,2084,374,253,0,-0.008255528
Cold,361938,2109,2108,374,253,0,0.0049797744
Cold,352386,2063,2062,374,253,0,0.00024257228
Cold,436721,2665,2664,374,253,0,0.004663123
Cold,341837,2012,2011,374,253,0,0.007355931
Cold,297760,1764,1763,374,253,1,0.004574573
Cold,288162,1721,1720,374,253,0,0.0034234528
Cold,271349,1640,1639,374,253,0,-0.005687983
Cold,361141,2106,2105,374,253,0,0.0009074751
Cold,236507,1434,1433,374,253,0,-0.0035990532
Cold,278033,1676,1675,374,253,0,0.002575084
Cold,226446,1370,1369,374,253,0,-0.009661951
Cold,261975,1599,1598,374,253,0,0.008370838
Cold,279999,1680,1679,374,253,0,0.006014529
Cold,213703,1298,1297,374,253,1,0.0023630662
Cold,328772,1941,1940,374,253,0,-0.013692353
Cold,331962,1958,1957,374,253,0,-0.0044209133
Cold,178403,1120,1119,374,253,1,0.013006015
Cold,173867,1100,1099,374,253,0,-0.0033916675
Cold,172991,1096,1095,374,253,0,-0.0025509438
Cold,168092,1068,1067,374,253,0,-0.0036234092
Cold,162791,1039,1038,374,253,0,0.0027327912
Cold,255647,1556,1555,374,253,0,-0.007702837
Cold,189525,1173,1172,374,253,0,-0.0036252842
Cold,342835,2015,2014,374,253,0,0.00059173943
Cold,165517,1054,1053,374,253,1,0.008924645
Cold,153325,984,983,374,253,0,0.00094054884
Cold,249369,1502,1501,374,253,0,-0.0035320676
Cold,145118,934,933,374,253,0,0.0019594952
Cold,164885,1051,1050,374,253,0,0.0040832246
Cold,136961,881,880,374,253,0,-0.0022687498
Cold,249036,1501,1500,374,253,0,-0.0045777904
Cold,126753,817,816,374,253,0,-0.00026117207
Cold,124346,800,799,374,253,0,-0.003517081
Cold,117693,757,756,374,253,0,-0.008068398
Cold,216524,1314,1313,374,253,0,-0.0031281088
Cold,106334,699,698,374,253,0,-0.0074165827
Cold,108328,710,709,374,253,0,0.0051889783
Cold,179854,1125,1124,374,253,0,-0.002028763
Cold,109468,714,713,374,253,0,-0.0036733795
Cold,99091,660,659,374,253,0,0.0040340996
Cold,177235,1117,1116,374,253,0,-0.006073055
Cold,96516,647,646,374,253,0,0.0017250003
Cold,93889,629,628,374,253,1,0.0058676433
Cold,425820,2583,2582,374,253,0,0.003923477
Cold,191492,1181,1180,374,253,0,0.0012798125
Cold,406245,2436,2435,374,253,1,0.0038580555
Cold,84550,550,549,374,253,0,-0.010859006
Cold,299838,1778,1777,374,253,0,0.0013559111
Cold,119553,770,769,374,253,0,0.011111077
Cold,73187,494,493,374,253,0,0.002878746
Cold,116621,752,751,374,253,0,0.005193551
Cold,68906,461,460,374,253,0,-0.00039066607
Cold,87127,569,568,374,253,0,-0.0087996805
Cold,75116,509,508,374,253,0,-0.00042549416
Cold,55144,365,364,374,253,0,0.0056007663
Cold,240560,1449,1448,374,253,0,7.416541e-05
Cold,44734,302,301,374,253,0,0.0019262447
Cold,32272,216,215,374,253,0,0.0086918175
Cold,291725,1737,1736,374,253,0,-0.0010032654
Cold,235286,1425,1424,374,253,0,0.0074410047
Cold,49628,329,328,374,253,0,-0.004059053
Cold,6998,48,47,374,253,0,-0.004946614
Cold,142245,918,917,374,253,0,-0.0031389173
Cold,19580,148,147,374,253,0,-0.0040316544
Cold,585047,3571,3570,374,253,0,-0.0138929365
Cold,552667,3401,3400,374,253,0,0.005841421
Cold,65590,438,437,374,253,0,-0.0033877618
Cold,238309,1447,1446,374,253,0,0.0039648954
Cold,954267,5761,5760,374,253,0,-0.001448489
Cold,326221,1930,1929,374,253,0,0.003456057
Cold,386205,2258,2257,374,253,0,0.0053963983
Cold,363436,2116,2115,374,253,1,-0.0044174055
Cold,334071,1969,1968,374,253,0,0.00611957
Cold,272402,1645,1644,374,253,1,0.0043337997
Cold,376481,2195,2194,374,253,0,0.0012366117
Cold,28379,195,194,374,253,0,0.0077643488
Cold,79758,531,530,374,253,0,0.005452547
Cold,172112,1088,1087,374,253,0,-0.007290816
Cold,795535,4765,4764,374,253,0,0.0021559356
Cold,484684,2985,2984,374,253,0,0.008500028
Cold,699795,4186,4185,374,253,0,0.0044051344
Cold,577561,3526,3525,378,256,0,-0.004446425
Cold,541139,3328,3327,378,256,1,0.0029115272
Cold,537527,3311,3310,378,256,0,-0.001649814
Cold,529271,3271,3270,378,256,0,0.005449729
Cold,522993,3224,3223,378,256,1,0.009472078
Cold,519625,3205,3204,378,256,0,0.005029086
Cold,540116,3320,3319,378,256,0,0.008967149
Cold,503714,3095,3094,378,256,1,-0.0027561942
Cold,503025,3087,3086,378,256,0,0.006880139
Cold,495763,3044,3043,378,256,1,0.0057284175
Cold,489782,3013,3012,378,256,1,0.0068655172
Cold,480676,2950,2949,378,256,0,0.006906713
Cold,530049,3272,3271,378,256,0,-0.004718267
Cold,968849,5840,5839,378,256,0,0.009325088
Cold,472915,2907,2906,378,256,0,0.011889788
Cold,451222,2777,2776,378,256,0,0.0038965333
Cold,437151,2668,2667,378,256,0,0.0050610583
Cold,434517,2649,2648,378,256,1,0.0033119349
Cold,419336,2533,2532,378,256,0,-0.009053482
Cold,419504,2536,2535,378,256,0,-0.0051823487
Cold,404297,2418,2417,378,256,0,-0.0021422524
Cold,401185,2390,2389,378,256,1,0.0056737363
Cold,393175,2309,2308,378,256,1,5.148421e-05
Cold,380012,2222,2221,378,256,0,0.0011133002
Cold,369578,2162,2161,378,256,1,0.010751395
Cold,324789,1924,1923,378,256,0,-0.0028772731
Cold,299840,1778,1777,378,256,0,-0.004104076
Cold,302312,1794,1793,378,256,0,0.0039948826
Cold,286346,1709,1708,378,256,0,0.0014986395
Cold,266103,1613,1612,378,256,0,0.0060389074
Cold,246975,1491,1490,378,256,0,0.00069490046
Cold,227348,1377,1376,378,256,0,0.0016855248
Cold,336400,1980,1979,378,256,0,0.0018497346
Cold,222479,1345,1344,378,256,0,-0.0027782156
Cold,361146,2106,2105,378,256,0,-0.007669735
Cold,203912,1254,1253,378,256,1,0.0046969205
Cold,280005,1680,1679,378,256,0,0.009656339
Cold,192487,1184,1183,378,256,0,0.0020262366
Cold,189653,1175,1174,378,256,0,0.008928681
Cold,189148,1172,1171,378,256,0,0.008807119
Cold,174878,1107,1106,378,256,0,0.000954579
Cold,188336,1168,1167,378,256,0,0.0062550483
Cold,175805,1112,1111,378,256,0,-0.006234931
Cold,164084,1050,1049,378,256,0,-5.7479832e-05
Cold,140382,899,898,378,256,0,0.0067039863
Cold,138862,889,888,378,256,0,0.0043491544
Cold,380499,2223,2222,378,256,0,0.0062886123
Cold,134631,869,868,378,256,0,0.0022489892
Cold,132128,854,853,378,256,0,0.004061176
Cold,249039,1501,1500,378,256,1,-0.010319812
Cold,263721,1605,1604,378,256,0,0.010811415
Cold,119555,770,769,378,256,0,-0.006022104
Cold,117866,759,758,378,256,0,0.0011961535
Cold,112725,731,730,378,256,1,0.003157369
Cold,103732,689,688,378,256,0,0.009907623
Cold,90299,595,594,378,256,0,0.004222112
Cold,77919,524,523,378,256,0,0.008139905
Cold,239366,1448,1447,378,256,0,0.0044532297
Cold,70943,476,475,378,256,0,0.005126425
Cold,72369,482,481,378,256,0,0.008262887
Cold,64663,432,431,378,256,0,0.01126291
Cold,627109,3792,3791,378,256,0,0.012966355
Cold,53999,352,351,378,256,0,-0.0009842545
Cold,59652,405,404,378,256,1,0.005733523
Cold,78705,528,527,378,256,1,-0.003308869
Cold,61406,412,411,378,256,1,0.0052299327
Cold,30043,202,201,378,256,0,0.0023798414
Cold,27334,192,191,378,256,0,0.0036124233
Cold,21316,156,155,378,256,1,0.003059853
Cold,22685,163,162,378,256,0,-0.0015393652
Cold,6356,45,44,378,256,0,0.012211289
Cold,3618,26,25,378,256,1,0.0062280977
Cold,545407,3363,3362,378,256,1,0.0020237076
Cold,108331,710,709,378,256,0,-0.000856271
Cold,374444,2181,2180,378,256,1,0.0027737278
Cold,143755,927,926,378,256,0,0.0034018268
Cold,400020,2380,2379,378,256,0,0.0046546143
Cold,317958,1889,1888,378,256,1,0.009197024
Cold,136965,881,880,378,256,0,-0.0014710074
Cold,206499,1265,1264,378,256,0,0.0023674406
Cold,297779,1764,1763,387,262,1,-0.001203259
Cold,290832,1735,1734,387,262,0,0.0014560362
Cold,301416,1790,1789,387,262,1,-0.0075078495
Cold,289542,1727,1726,387,262,0,0.0022866311
Cold,286033,1706,1705,387,262,0,0.002963958
Cold,280051,1680,1679,387,262,1,0.0073858993
Cold,271353,1640,1639,387,262,0,-0.00084471004
Cold,266122,1613,1612,387,262,0,0.00086686737
Cold,236255,1433,1432,387,262,0,0.0023996958
Cold,233209,1418,1417,387,262,1,0.0014885515
Cold,227361,1377,1376,387,262,0,-0.009510115
Cold,220081,1333,1332,387,262,0,-0.012104843
Cold,320905,1902,1901,387,262,0,0.007072012
Cold,267355,1624,1623,387,262,0,-0.0050556506
Cold,185845,1150,1149,387,262,0,-0.0055554016
Cold,176165,1113,1112,387,262,0,-0.009401674
Cold,173879,1100,1099,387,262,0,0.00066138944
Cold,275755,1667,1666,387,262,0,-0.006206246
Cold,155044,999,998,387,262,0,-0.0039447155
Cold,221685,1340,1339,387,262,0,-0.0014402908
Cold,157303,1010,1009,387,262,0,-0.011522531
Cold,134654,869,868,387,262,0,-0.0047800513
Cold,202726,1244,1243,387,262,0,-0.003968642
Cold,407455,2446,2445,387,262,1,-0.0056860526
Cold,128625,832,831,387,262,0,-0.0005659601
Cold,120826,778,777,387,262,0,0.004494896
Cold,106361,699,698,387,262,0,0.013248209
Cold,96522,647,646,387,262,0,0.0019870119
Cold,150827,970,969,387,262,0,0.0016302088
Cold,81968,543,542,387,262,1,-0.0060124737
Cold,239398,1448,1447,387,262,0,-0.0047127083
Cold,77952,524,523,387,262,0,0.0010861453
Cold,299856,1778,1777,387,262,1,0.004378195
Cold,70954,476,475,387,262,1,-0.0020659878
Cold,240596,1449,1448,387,262,0,-0.0019348415
Cold,713425,4277,4276,387,262,0,-0.0058071422
Cold,24710,174,173,387,262,0,-0.0058559463
Cold,389517,2282,2281,387,262,0,-0.0018850658
Cold,15781,123,122,387,262,0,0.0017646411
Cold,408471,2453,2452,387,262,0,-0.0040075006
Cold,599516,3648,3647,387,262,0,-0.009314412
Cold,718721,4305,4304,387,262,0,0.0006628089
Cold,287328,1715,1714,388,263,0,-0.005941527
Cold,280053,1680,1679,388,263,1,0.006514536
Cold,319626,1897,1896,388,263,1,0.002219515
Cold,296645,1758,1757,388,263,1,-0.004636879
Cold,213728,1298,1297,388,263,1,0.0060864445
Cold,212188,1291,1290,388,263,0,-0.0063761007
Cold,204137,1255,1254,388,263,1,-0.008137907
Cold,199667,1224,1223,388,263,1,-0.005944693
Cold,196795,1207,1206,388,263,0,0.0032102517
Cold,185846,1150,1149,388,263,0,0.004930459
Cold,268161,1628,1627,388,263,1,-0.0109015135
Cold,143392,924,923,388,263,1,0.0007265953
Cold,124619,801,800,388,263,1,-2.0270934e-05
Cold,107391,706,705,388,263,0,0.0021703031
Cold,295089,1752,1751,388,263,1,6.233808e-05
Cold,89660,590,589,388,263,1,-0.0037137645
Cold,155523,1001,1000,388,263,1,0.0012049496
Cold,54033,352,351,388,263,1,-0.0011587506
Cold,49655,329,328,388,263,1,0.0011801105
Cold,47699,319,318,388,263,1,-0.0038240033
Cold,198278,1218,1217,388,263,1,0.00020224368
Cold,199915,1227,1226,388,263,1,0.0018625228
Cold,26566,187,186,388,263,1,-0.0028856285
Cold,30663,204,203,388,263,0,0.0043043448
Cold,207196,1266,1265,388,263,1,-0.004127071
Cold,158736,1015,1014,388,263,0,0.0005455222
Cold,572524,3507,3506,388,263,1,-0.002064451
Cold,317085,1884,1883,388,263,1,0.005656943
Cold,50349,331,330,388,263,1,0.0019289721
Cold,102694,678,677,388,263,1,-0.0058618854
Cold,160478,1019,1018,388,263,0,-0.0027073524
Cold,309822,1842,1841,388,263,1,-0.003937321
Cold,499775,3067,3066,388,263,1,0.00239447
Cold,260757,1593,1592,388,263,0,0.0006534719
Cold,187839,1164,1163,388,263,0,-0.0068557276
Cold,116644,752,751,388,263,0,-0.0043908237
Cold,300605,1780,1779,388,263,0,0.006905327
Cold,337583,1984,1983,393,264,0,0.0031780119
Cold,233217,1418,1417,393,264,0,-0.0015672352
Cold,227374,1377,1376,393,264,0,0.004244998
Cold,216277,1312,1311,393,264,0,0.0050570993
Cold,221708,1340,1339,393,264,0,0.00036359718
Cold,299866,1778,1777,393,264,0,-0.005083306
Cold,224378,1356,1355,393,264,0,-0.0033475012
Cold,244248,1470,1469,393,264,0,-0.005292804
Cold,191573,1181,1180,393,264,0,0.0052210884
Cold,179295,1124,1123,393,264,0,0.0031030406
Cold,249063,1501,1500,393,264,1,-0.008392925
Cold,172170,1088,1087,393,264,0,-0.004822664
Cold,175840,1112,1111,393,264,0,0.0036790175
Cold,342892,2015,2014,393,264,0,-0.0042649717
Cold,155058,999,998,393,264,0,-0.00063286
Cold,277228,1675,1674,393,264,0,0.0027889207
Cold,137007,881,880,393,264,0,-0.003916084
Cold,178445,1120,1119,393,264,0,0.0047127693
Cold,120653,777,776,393,264,0,-0.0053958837
Cold,106375,699,698,393,264,0,-0.009913309
Cold,177282,1117,1116,393,264,0,-0.00030983204
Cold,96525,647,646,393,264,0,-0.00889326
Cold,203354,1246,1245,393,264,0,0.005480232
Cold,85962,562,561,393,264,0,-0.0013443297
Cold,119594,770,769,393,264,0,0.00718506
Cold,81989,543,542,393,264,0,0.0018454809
Cold,501532,3080,3079,393,264,0,0.0016547465
Cold,44801,302,301,393,264,0,0.0006638509
Cold,41963,284,283,393,264,0,-0.0062907655
Cold,31262,210,209,393,264,0,0.000691252
Cold,14667,117,116,393,264,0,-0.0015922224
Cold,13313,103,102,393,264,1,0.0066163843
Cold,49679,329,328,393,264,0,-0.0018850554
Cold,20208,149,148,393,264,0,0.0005665147
Cold,623,8,7,393,264,0,0.014063075
Cold,40105,271,270,393,264,0,-0.0029758848
Cold,238361,1447,1446,393,264,0,0.008216022
Cold,546363,3368,3367,393,264,0,-0.0012266597
Cold,286451,1710,1709,393,264,0,0.008868635
Cold,376497,2195,2194,393,264,0,-0.006420628
Cold,596973,3626,3625,393,264,0,0.0022962075
Cold,581477,3550,3549,393,264,0,-0.00022753514
Cold,599538,3648,3647,393,264,0,0.0031484172
Cold,63487,424,423,393,264,0,0.0030853366
Cold,235328,1425,1424,393,264,0,-0.0036283822
Cold,666235,4009,4008,407,266,0,0.005001806
Cold,697248,4169,4168,407,266,1,0.0025576577
Cold,654067,3942,3941,407,266,0,-0.0038330872
Cold,652462,3934,3933,407,266,0,-0.005829283
Cold,650804,3925,3924,407,266,0,0.005551342
Cold,651330,3929,3928,407,266,0,0.0013547172
Cold,645767,3887,3886,407,266,0,-0.0025241708
Cold,640786,3851,3850,407,266,0,-0.003135911
Cold,639560,3844,3843,407,266,1,0.0032547622
Cold,634801,3829,3828,407,266,0,-0.0015666625
Cold,628327,3806,3805,407,266,1,0.006514623
Cold,628133,3804,3803,407,266,0,0.0006054519
Cold,629288,3808,3807,407,266,0,-0.010770798
Cold,627906,3801,3800,407,266,1,-0.00077400473
Cold,623310,3771,3770,407,266,0,-0.0048633544
Cold,617999,3745,3744,407,266,0,0.007270081
Cold,606433,3683,3682,407,266,0,-0.0049562524
Cold,725859,4344,4343,407,266,0,-7.590477e-05
Cold,597750,3638,3637,407,266,0,0.00484295
Cold,593646,3618,3617,407,266,0,-0.005957176
Cold,590979,3605,3604,407,266,1,0.00080986356
Cold,584978,3571,3570,407,266,1,-0.004265581
Cold,579188,3539,3538,407,266,0,-0.0030720304
Cold,569102,3491,3490,407,266,0,0.004414996
Cold,581284,3550,3549,407,266,0,-0.0038305023
Cold,558019,3426,3425,407,266,0,-0.0045291767
Cold,555726,3416,3415,407,266,1,0.002626875
Cold,573482,3512,3511,407,266,1,0.009471104
Cold,551427,3395,3394,407,266,1,-0.00080102263
Cold,645196,3885,3884,407,266,1,0.006137851
Cold,554767,3412,3411,407,266,1,-0.009501502
Cold,541624,3333,3332,407,266,1,0.008175082
Cold,540654,3327,3326,407,266,0,-0.0010021653
Cold,535908,3308,3307,407,266,0,0.0009131604
Cold,528113,3265,3264,407,266,0,-0.0013811043
Cold,526708,3259,3258,407,266,0,0.00091945217
Cold,519685,3206,3205,407,266,1,-3.2911077e-05
Cold,516898,3191,3190,407,266,0,0.006177677
Cold,566139,3476,3475,407,266,0,0.0016049389
Cold,506628,3118,3117,407,266,0,0.0033672699
Cold,516397,3189,3188,407,266,0,0.00020360854
Cold,501718,3081,3080,407,266,1,-0.00910199
Cold,499926,3069,3068,407,266,1,0.0047199526
Cold,486590,2995,2994,407,266,1,-0.008428287
Cold,576509,3524,3523,407,266,1,-0.0047259387
Cold,477118,2929,2928,407,266,0,0.00034202542
Cold,754884,4497,4496,407,266,0,-0.0052519916
Cold,462534,2854,2853,407,266,0,-0.0020408717
Cold,438577,2680,2679,407,266,0,0.002104459
Cold,428244,2605,2604,407,266,0,0.0058693397
Cold,426425,2590,2589,407,266,1,0.00590141
Cold,424683,2576,2575,407,266,1,-0.010633758
Cold,386028,2258,2257,407,266,0,0.0029716822
Cold,379165,2215,2214,407,266,0,0.0049808966
Cold,376711,2199,2198,407,266,0,-0.00046126195
Cold,373974,2181,2180,407,266,0,-0.0014959956
Cold,358446,2098,2097,407,266,0,0.004088491
Cold,354021,2073,2072,407,266,0,0.0071523148
Cold,351642,2063,2062,407,266,1,0.005516587
Cold,344402,2021,2020,407,266,1,-0.0066062515
Cold,339951,2005,2004,407,266,1,0.0023190721
Cold,324909,1925,1924,407,266,1,0.0049674455
Cold,333328,1968,1967,407,266,0,-0.00426409
Cold,310611,1851,1850,407,266,0,-0.00010538474
Cold,305795,1820,1819,407,266,1,-0.0010550893
Cold,306791,1831,1830,407,266,0,-0.00029161666
Cold,303494,1803,1802,407,266,0,0.011216796
Cold,278966,1680,1679,407,266,1,-0.0010144971
Cold,277563,1676,1675,407,266,1,0.002021587
Cold,276885,1675,1674,407,266,1,-0.008071603
Cold,271434,1641,1640,407,266,0,0.0053719915
Cold,262678,1602,1601,407,266,0,0.0018259729
Cold,247598,1496,1495,407,266,1,0.0017843994
Cold,329235,1943,1942,407,266,0,0.0094453255
Cold,231067,1399,1398,407,266,0,-0.0017868779
Cold,226363,1370,1369,407,266,0,-0.0031490652
Cold,221883,1342,1341,407,266,0,0.0044265334
Cold,221796,1341,1340,407,266,0,0.0021032526
Cold,272809,1647,1646,407,266,0,0.0020979294
Cold,350271,2056,2055,407,266,1,-0.0038774663
Cold,250354,1509,1508,407,266,0,-0.0067489836
Cold,195904,1204,1203,407,266,0,-0.0039485116
Cold,186078,1151,1150,407,266,0,-0.0076248385
Cold,176378,1115,1114,407,266,0,-0.003810767
Cold,183940,1146,1145,407,266,0,-0.014806068
Cold,165179,1053,1052,407,266,0,-0.0064795045
Cold,159184,1017,1016,407,266,0,-0.0014740482
Cold,158013,1015,1014,407,266,0,-0.0011236175
Cold,267908,1628,1627,407,266,0,-0.0047715944
Cold,146470,944,943,407,266,0,-0.0071380357
Cold,156726,1010,1009,407,266,0,-0.0028156126
Cold,136087,880,879,407,266,0,0.00068067026
Cold,135536,877,876,407,266,0,-0.001928899
Cold,134153,869,868,407,266,0,0.0034125163
Cold,133155,859,858,407,266,0,0.004764354
Cold,126537,817,816,407,266,1,0.002991274
Cold,125506,808,807,407,266,0,-0.0043476447
Cold,119724,772,771,407,266,1,0.001693222
Cold,114078,741,740,407,266,0,-0.0010081963
Cold,349249,2050,2049,407,266,1,-0.0058312644
Cold,107071,704,703,407,266,0,-0.004039133
Cold,100113,669,668,407,266,1,-0.005330327
Cold,176836,1117,1116,407,266,0,0.0033180015
Cold,97331,652,651,407,266,1,-0.005704539
Cold,82970,549,548,407,266,1,-0.012746543
Cold,81584,543,542,407,266,1,-0.012292208
Cold,190714,1181,1180,407,266,0,-0.0106222415
Cold,77367,524,523,407,266,0,-0.009514604
Cold,74731,509,508,407,266,1,-0.0049738213
Cold,62780,424,423,407,266,1,0.006575351
Cold,74027,504,503,407,266,1,0.0045672758
Cold,53858,352,351,407,266,0,-0.002351276
Cold,132371,855,854,407,266,0,-0.0057939207
Cold,36560,245,244,407,266,0,-0.0016495776
Cold,32698,221,220,407,266,0,0.0018298835
Cold,22606,163,162,407,266,0,-0.0022723814
Cold,290097,1733,1732,407,266,0,0.0016995873
Cold,14567,117,116,407,266,0,-0.00886867
Cold,354803,2077,2076,407,266,0,-0.004965096
Cold,689804,4126,4125,407,266,1,-0.0027829108
Cold,596452,3626,3625,407,266,0,-0.0040018493
Cold,429092,2611,2610,407,266,0,-0.0027335673
Cold,599164,3648,3647,407,266,1,0.0074757673
Cold,356673,2089,2088,407,266,0,-0.0014730922
Cold,309552,1842,1841,407,266,1,0.0019187937
Cold,959022,5787,5786,407,266,0,-0.004481808
Cold,415724,2504,2503,407,266,0,3.4671277e-05
Cold,187035,1160,1159,407,266,0,0.0033447547
Cold,136441,881,880,407,266,1,-0.004752263
Cold,105572,698,697,407,266,1,0.00025861885
Cold,28263,195,194,407,266,0,0.0059712874
Cold,941667,5682,5681,407,266,0,-0.008425177
Cold,633109,3824,3823,407,266,0,0.0058226376
Cold,697249,4169,4168,408,267,0,-0.0012202128
Cold,29931,202,201,408,267,0,-0.0032521617
Cold,19499,148,147,408,267,1,-0.0054861107
Cold,223450,1354,1353,408,267,0,-0.012193469
Cold,102122,678,677,408,267,1,0.0032748962
Cold,116067,752,751,408,267,0,0.006673442
Cold,144846,934,933,408,267,0,-0.0036987565
Cold,263178,1605,1604,408,267,0,0.013818599
Cold,562501,3462,3461,408,267,1,-0.0003780052
Cold,71922,482,481,408,267,0,0.007733646
Cold,136443,881,880,408,267,0,-0.006707795
Cold,193563,1194,1193,408,267,0,-0.0005097453
Cold,136455,881,880,414,271,0,-0.007488928
Cold,248757,1501,1500,414,271,1,-0.0065433513
Cold,121488,781,780,414,271,0,-0.0066225063
Cold,360667,2106,2105,414,271,0,-0.004540599
Cold,86571,566,565,414,271,0,-0.014204518
Cold,406016,2436,2435,414,271,0,0.0040859366
Cold,87063,569,568,414,271,1,-0.006633031
Cold,67391,453,452,414,271,0,-0.011394847
Cold,64470,430,429,414,271,0,0.0005461145
Cold,239920,1449,1448,414,271,0,-0.005116741
Cold,440107,2691,2690,414,271,0,-0.0070112953
Cold,44634,302,301,414,271,0,-0.014211723
Cold,32968,223,222,414,271,1,-0.0030335996
Cold,29955,202,201,414,271,0,-0.012594609
Cold,49536,329,328,414,271,0,-0.013607128
Cold,30578,204,203,414,271,1,-0.00607196
Cold,399800,2380,2379,414,271,0,-0.0039387383
Cold,860294,5172,5171,414,271,1,-0.009147401
Cold,237801,1447,1446,414,271,0,-0.010237475
Cold,304800,1812,1811,414,271,1,-0.0034857853
Cold,376354,2195,2194,414,271,1,-0.001254085
Cold,331502,1958,1957,414,271,0,0.0060306974
Cold,599171,3648,3647,414,271,0,-0.0028683515
Cold,335742,1980,1979,414,271,0,-0.009938156
Cold,176848,1117,1116,414,271,0,-0.011950305
Cold,370952,2168,2167,414,271,0,-0.009699405
Cold,342353,2015,2014,414,271,0,-0.008919251
Cold,699936,4186,4185,414,271,0,-0.00047340384
Cold,171496,1088,1087,414,271,0,-0.018275332
Cold,272821,1647,1646,414,271,1,-0.006971785
Cold,596465,3626,3625,415,272,1,-0.0005731721
Cold,591512,3609,3608,415,272,0,0.0073718186
Cold,759083,4510,4509,415,272,0,-0.00014832406
Cold,572795,3509,3508,415,272,0,-0.0035171767
Cold,572032,3507,3506,415,272,0,0.0042569693
Cold,556839,3422,3421,415,272,0,-0.001408633
Cold,547348,3377,3376,415,272,0,-0.0037304275
Cold,577039,3526,3525,415,272,0,0.0007591782
Cold,549984,3391,3390,415,272,0,0.0019448008
Cold,545658,3365,3364,415,272,0,0.00018331857
Cold,537023,3311,3310,415,272,0,0.0040161675
Cold,533204,3292,3291,415,272,1,-0.00547757
Cold,525250,3243,3242,415,272,0,-0.0021909988
Cold,539832,3320,3319,415,272,0,0.006081068
Cold,516906,3191,3190,415,272,0,-0.0014092906
Cold,512741,3163,3162,415,272,0,0.0057433075
Cold,508552,3129,3128,415,272,0,0.005172093
Cold,502087,3082,3081,415,272,0,0.0065636877
Cold,516409,3189,3188,415,272,0,0.0014850171
Cold,493998,3032,3031,415,272,0,0.0025673378
Cold,492643,3029,3028,415,272,1,0.00041925348
Cold,718877,4305,4304,415,272,1,0.00074318796
Cold,487850,3001,3000,415,272,0,0.00061118486
Cold,487471,2998,2997,415,272,0,0.004784104
Cold,529597,3272,3271,415,272,1,0.0013800922
Cold,480073,2946,2945,415,272,0,0.011378293
Cold,472490,2907,2906,415,272,0,0.00592498
Cold,470937,2899,2898,415,272,1,-0.0014374981
Cold,473473,2909,2908,415,272,1,-0.005143617
Cold,467749,2883,2882,415,272,0,0.0030132474
Cold,880107,5317,5316,415,272,0,-0.0015129531
Cold,469905,2895,2894,415,272,0,0.009879053
Cold,452248,2785,2784,415,272,0,-0.0047845123
Cold,450756,2777,2776,415,272,0,-0.00079870294
Cold,444607,2743,2742,415,272,1,0.0038549523
Cold,442257,2723,2722,415,272,0,-0.0012868745
Cold,438806,2681,2680,415,272,0,-0.0048469547
Cold,429100,2611,2610,415,272,0,0.0002605142
Cold,420434,2541,2540,415,272,0,0.0011305257
Cold,419709,2537,2536,415,272,0,0.007017388
Cold,409559,2457,2456,415,272,0,0.0046479865
Cold,399470,2378,2377,415,272,0,-0.0011423824
Cold,393854,2320,2319,415,272,0,0.0056813695
Cold,392089,2304,2303,415,272,0,0.0050725304
Cold,362923,2116,2115,415,272,1,0.0005721203
Cold,358452,2098,2097,415,272,0,0.003010931
Cold,355930,2085,2084,415,272,0,0.01118296
Cold,343084,2016,2015,415,272,0,-0.0025885089
Cold,341516,2012,2011,415,272,0,-0.0034152784
Cold,340572,2010,2009,415,272,0,0.008901045
Cold,350933,2060,2059,415,272,0,0.0017741404
Cold,315113,1880,1879,415,272,0,0.0047670947
Cold,290907,1736,1735,415,272,0,0.0019917316
Cold,297427,1764,1763,415,272,1,0.002109077
Cold,281215,1687,1686,415,272,0,0.0068765464
Cold,265682,1613,1612,415,272,0,0.008406058
Cold,248760,1501,1500,415,272,0,-0.00043138053
Cold,236356,1434,1433,415,272,1,-0.0009022455
Cold,229589,1390,1389,415,272,0,0.0037069586
Cold,227074,1377,1376,415,272,0,-0.00049935817
Cold,335746,1980,1979,415,272,0,0.008283471
Cold,217511,1319,1318,415,272,1,0.002796303
Cold,591895,3610,3609,415,272,0,0.00564815
Cold,278989,1680,1679,415,272,0,-0.0012578419
Cold,210083,1284,1283,415,272,0,0.0057164654
Cold,196428,1207,1206,415,272,0,-0.0063848766
Cold,342355,2015,2014,415,272,1,0.0038357857
Cold,327920,1941,1940,415,272,0,0.0061312895
Cold,307350,1835,1834,415,272,0,0.004892749
Cold,172415,1091,1090,415,272,0,-0.00039060938
Cold,172850,1096,1095,415,272,0,0.0024488652
Cold,183946,1146,1145,415,272,0,-0.0012434047
Cold,163765,1050,1049,415,272,0,0.0063121514
Cold,189321,1173,1172,415,272,0,0.0060176263
Cold,164445,1051,1050,415,272,1,0.0039621377
Cold,145303,935,934,415,272,0,-0.00050221244
Cold,156739,1010,1009,415,272,0,0.0019526181
Cold,136456,881,880,415,272,0,-0.006019964
Cold,351666,2063,2062,415,272,0,0.0056531774
Cold,453634,2793,2792,415,272,0,-0.00026682974
Cold,119150,770,769,415,272,0,-0.0020256857
Cold,112396,731,730,415,272,0,0.0043558124
Cold,105986,699,698,415,272,1,-0.00022021285
Cold,106720,702,701,415,272,0,0.0010446645
Cold,103366,687,686,415,272,0,-0.00093939167
Cold,98715,660,659,415,272,0,-0.0022466606
Cold,176851,1117,1116,415,272,0,0.0051614926
Cold,86572,566,565,415,272,0,0.0076847794
Cold,190735,1181,1180,415,272,0,0.00027843332
Cold,406017,2436,2435,415,272,0,0.0045259385
Cold,84045,550,549,415,272,0,0.00523479
Cold,77387,524,523,415,272,0,0.00379998
Cold,70734,476,475,415,272,0,-0.0003639178
Cold,71934,482,481,415,272,0,0.0033603432
Cold,64804,435,434,415,272,0,0.0024793672
Cold,74744,509,508,415,272,0,0.00048437226
Cold,49541,329,328,415,272,0,0.010422436
Cold,338064,1988,1987,415,272,0,-0.0011758101
Cold,44637,302,301,415,272,0,-0.0019010808
Cold,697260,4169,4168,415,272,0,0.003634219
Cold,239923,1449,1448,415,272,0,0.009017214
Cold,219123,1329,1328,415,272,0,0.0067495946
Cold,7833,53,52,415,272,0,0.005455414
Cold,15679,123,122,415,272,0,0.0020475294
Cold,104240,692,691,415,272,0,0.006801881
Cold,354817,2077,2076,415,272,0,0.0054646274
Cold,552241,3401,3400,415,272,0,-0.00967755
Cold,150519,970,969,415,272,0,0.0075798
Cold,237803,1447,1446,415,272,0,-5.7434372e-05
Cold,360670,2106,2105,415,272,0,0.0052315556
Cold,102135,678,677,415,272,0,0.0017333326
Cold,171500,1088,1087,415,272,0,0.014228955
Cold,206307,1265,1264,415,272,0,-0.0007221596
Cold,924111,5580,5579,415,272,0,0.0071025747
Cold,941672,5682,5681,415,272,0,0.0012616313
Cold,310623,1851,1850,415,272,0,0.006271069
Cold,973563,5872,5871,415,272,0,0.00058250036
Cold,116088,752,751,415,272,0,0.0032262863
Cold,682345,4085,4084,415,272,1,-0.00032961136
Cold,591896,3610,3609,416,273,0,0.0051081125
Cold,210085,1284,1283,416,273,0,0.0022729218
Cold,278990,1680,1679,416,273,1,0.0033961255
Cold,197876,1216,1215,416,273,0,0.011505108
Cold,307351,1835,1834,416,273,0,0.0069478652
Cold,178922,1123,1122,416,273,0,-0.006293647
Cold,275482,1667,1666,416,273,0,-0.00028927694
Cold,351669,2063,2062,416,273,0,0.0042193565
Cold,263195,1605,1604,416,273,0,-0.0065127565
Cold,105988,699,698,416,273,0,0.00094922306
Cold,107849,710,709,416,273,0,-0.0050336514
Cold,713786,4277,4276,416,273,0,-0.004669171
Cold,308533,1837,1836,416,273,0,0.0033306303
Cold,81592,543,542,416,273,1,0.002640791
Cold,77389,524,523,416,273,0,-0.0001578629
Cold,68649,461,460,416,273,0,0.001099126
Cold,51492,338,337,416,273,0,0.0032960135
Cold,132386,855,854,416,273,0,0.012681047
Cold,697261,4169,4168,416,273,0,-0.00058286963
Cold,537024,3311,3310,416,273,0,0.002317133
Cold,15683,123,122,416,273,0,0.0071728993
Cold,3524,26,25,416,273,0,0.00050729077
Cold,241113,1451,1450,416,273,0,0.0044731516
Cold,907800,5492,5491,416,273,0,-0.0037685323
Cold,959024,5787,5786,416,273,0,0.00038242014
Cold,71936,482,481,416,273,0,0.006173501
Cold,136457,881,880,416,273,0,0.0018023765
Cold,231073,1399,1398,416,273,0,0.0015722606
Cold,527012,3260,3259,416,273,0,-0.007559063
Cold,540983,3328,3327,419,275,0,-0.0073803063
Cold,537026,3311,3310,419,275,0,0.00035676616
Cold,518688,3201,3200,419,275,0,-0.006014657
Cold,509466,3138,3137,419,275,0,-0.0067835106
Cold,505817,3111,3110,419,275,1,-0.009985067
Cold,554777,3412,3411,419,275,0,0.0008488572
Cold,502089,3082,3081,419,275,0,-0.007876044
Cold,500375,3073,3072,419,275,0,0.0032814562
Cold,495988,3046,3045,419,275,0,-0.006660397
Cold,492645,3029,3028,419,275,0,-0.0149595775
Cold,493330,3031,3030,419,275,0,-0.006375121
Cold,472493,2907,2906,419,275,0,-0.0012899089
Cold,456418,2810,2809,419,275,0,0.003523951
Cold,458480,2822,2821,419,275,0,0.0021535996
Cold,435783,2664,2663,419,275,0,-0.014217768
Cold,450761,2777,2776,419,275,0,-0.0023710867
Cold,420436,2541,2540,419,275,1,-0.008664186
Cold,419711,2537,2536,419,275,0,-0.0058508017
Cold,399471,2378,2377,419,275,0,-0.0033830104
Cold,385228,2251,2250,419,275,0,-0.0048897658
Cold,370474,2166,2165,419,275,0,-0.006712637
Cold,355932,2085,2084,419,275,0,-0.0021953422
Cold,351672,2063,2062,419,275,0,-0.005046866
Cold,361543,2109,2108,419,275,0,-0.0044461815
Cold,341517,2012,2011,419,275,0,0.005367336
Cold,340574,2010,2009,419,275,0,0.0013399317
Cold,310312,1847,1846,419,275,0,0.011103852
Cold,288095,1721,1720,419,275,0,-0.0007118639
Cold,281217,1687,1686,419,275,0,0.00032174372
Cold,269500,1634,1633,419,275,0,-0.0058443807
Cold,265683,1613,1612,419,275,0,0.0027378509
Cold,309263,1841,1840,419,275,0,-0.0037977705
Cold,262180,1600,1599,419,275,0,0.00057563395
Cold,224118,1356,1355,419,275,0,-0.002089965
Cold,227078,1377,1376,419,275,0,-0.0055971206
Cold,335750,1980,1979,419,275,0,-0.0059217038
Cold,219795,1333,1332,419,275,0,-0.006161006
Cold,213388,1298,1297,419,275,0,0.0015585623
Cold,277577,1676,1675,419,275,0,-0.0037692664
Cold,261700,1599,1598,419,275,0,0.010081155
Cold,278996,1680,1679,419,275,0,-5.866401e-05
Cold,178046,1120,1119,419,275,1,0.0028132414
Cold,179531,1125,1124,419,275,0,-0.0015983542
Cold,173602,1100,1099,419,275,0,-0.005040836
Cold,172852,1096,1095,419,275,0,-0.002420514
Cold,163768,1050,1049,419,275,0,0.0005172638
Cold,272124,1645,1644,419,275,0,-0.007607004
Cold,164448,1051,1050,419,275,0,-0.003668316
Cold,136462,881,880,419,275,0,-0.008882338
Cold,131091,850,849,419,275,0,-0.007985121
Cold,126020,812,811,419,275,0,-0.0023350357
Cold,360673,2106,2105,419,275,0,0.0037659823
Cold,111418,725,724,419,275,0,-0.0082359575
Cold,120361,777,776,419,275,0,-0.000283957
Cold,105992,699,698,419,275,0,-0.0049652187
Cold,109251,714,713,419,275,1,-0.0020037657
Cold,96382,647,646,419,275,0,3.7659658e-05
Cold,299554,1778,1777,419,275,0,0.0020585998
Cold,284053,1698,1697,419,275,0,-0.0022607062
Cold,82989,549,548,419,275,0,-0.0070399665
Cold,190740,1181,1180,419,275,0,0.000956242
Cold,77392,524,523,419,275,0,-0.0029349432
Cold,119153,770,769,419,275,0,-0.0019071605
Cold,71938,482,481,419,275,0,-0.0043074423
Cold,68650,461,460,419,275,0,0.0066197156
Cold,87064,569,568,419,275,0,-0.0009845996
Cold,64471,430,429,419,275,0,0.0080329
Cold,65292,438,437,419,275,0,-0.008522549
Cold,48326,325,324,419,275,0,-0.009103656
Cold,44642,302,301,419,275,0,0.00280254
Cold,41863,284,283,419,275,0,-0.0030226586
Cold,36593,245,244,419,275,0,-0.003407688
Cold,32972,223,222,419,275,0,0.0018838858
Cold,239926,1449,1448,419,275,0,-0.007581737
Cold,291293,1737,1736,419,275,0,0.0040046116
Cold,234893,1425,1424,419,275,0,0.0033641735
Cold,49547,329,328,419,275,0,-0.004296941
Cold,6931,48,47,419,275,0,-0.006173927
Cold,19523,148,147,419,275,0,-0.0004333572
Cold,78401,528,527,419,275,0,-0.0087164305
Cold,141849,913,912,419,275,0,-0.01051835
Cold,342359,2015,2014,419,275,1,0.0031034031
Cold,362927,2116,2115,419,275,1,-0.0029388287
Cold,263200,1605,1604,419,275,0,0.006210695
Cold,489555,3013,3012,419,275,0,0.003951785
Cold,46013,308,307,419,275,0,-0.0020168081
Cold,924113,5580,5579,419,275,0,0.0012062113
Cold,473475,2909,2908,419,275,0,-0.015351044
Cold,259405,1587,1586,419,275,0,-0.008958333
Cold,52203,343,342,419,275,1,-0.0011247774
Cold,407761,2451,2450,419,275,0,-0.004076752
Cold,171504,1088,1087,419,275,0,-0.0033359416
Cold,272825,1647,1646,419,275,0,-0.0013256299
Cold,295609,1755,1754,419,275,0,-0.0024227344
Cold,794152,4748,4747,419,275,0,-0.008362011
Cold,623814,3773,3772,419,275,0,0.004333068
Cold,400350,2383,2382,421,277,1,0.014717859
Cold,395118,2334,2333,421,277,1,0.0029155626
Cold,346967,2035,2034,421,277,0,0.002796467
Cold,343088,2016,2015,421,277,0,-0.0022615911
Cold,326062,1930,1929,421,277,0,0.010859418
Cold,315120,1880,1879,421,277,1,0.011360307
Cold,276159,1671,1670,421,277,1,0.0088386135
Cold,229237,1389,1388,421,277,0,0.01393581
Cold,225077,1361,1360,421,277,1,0.0062661883
Cold,221251,1340,1339,421,277,0,0.0006021927
Cold,320000,1899,1898,421,277,1,0.0006990833
Cold,279013,1680,1679,421,277,1,0.0026203732
Cold,324380,1922,1921,421,277,0,0.007354389
Cold,216954,1317,1316,421,277,1,0.0015244195
Cold,131095,850,849,421,277,1,0.0043796874
Cold,127684,824,823,421,277,0,0.00527257
Cold,110334,720,719,421,277,0,0.008105176
Cold,93767,629,628,421,277,0,-0.0018813361
Cold,190754,1181,1180,421,277,0,0.0014377651
Cold,70738,476,475,421,277,0,0.00091016886
Cold,46500,310,309,421,277,0,0.0100288745
Cold,44664,302,301,421,277,0,0.010171714
Cold,26816,190,189,421,277,1,0.007389193
Cold,591901,3610,3609,421,277,0,0.0067687486
Cold,5630,40,39,421,277,0,0.0054306556
Cold,30600,204,203,421,277,1,0.02732254
Cold,2094,18,17,421,277,1,-0.0005998453
Cold,1412,13,12,421,277,1,0.003848169
Cold,49564,329,328,421,277,0,0.009230518
Cold,622037,3768,3767,421,277,0,0.00778607
Cold,829992,4983,4982,421,277,1,0.002549526
Cold,769020,4579,4578,421,277,1,-0.0015738604
Cold,136472,881,880,421,277,1,-0.00059209834
Cold,311261,1854,1853,421,277,0,0.010107767
Cold,29280,199,198,424,279,0,-0.0035077713
Cold,26901,191,190,424,279,0,0.005736332
Cold,3552,26,25,424,279,0,0.008100608
Cold,354830,2077,2076,424,279,0,-0.0029844213
Cold,78407,528,527,424,279,0,-0.009385296
Cold,893289,5394,5393,424,279,0,0.0025455263
Cold,50268,331,330,424,279,1,-0.0035564622
Cold,778188,4647,4646,424,279,0,-0.0113500245
Cold,801692,4802,4801,424,279,0,-0.0017000171
Cold,599180,3648,3647,424,279,0,-0.0107172895
Cold,476318,2926,2925,424,279,0,-0.008963073
Cold,257583,1579,1578,424,279,0,0.0038631496
Cold,272833,1647,1646,424,279,0,-0.013796704
Cold,468365,2887,2886,424,279,0,0.0035354805
Cold,193581,1194,1193,424,279,0,-0.015019615
Cold,264124,1607,1606,425,280,0,0.014522796
Cold,258086,1580,1579,425,280,1,-0.0025576502
Cold,325327,1926,1925,425,280,1,0.006101986
Cold,243865,1470,1469,425,280,0,-0.006685502
Cold,279025,1680,1679,425,280,1,-0.0037361463
Cold,192981,1191,1190,425,280,0,0.00031402742
Cold,189332,1173,1172,425,280,1,0.00062240683
Cold,188565,1170,1169,425,280,1,0.010888153
Cold,185149,1150,1149,425,280,0,0.006669963
Cold,180235,1128,1127,425,280,0,-0.00026958738
Cold,169096,1073,1072,425,280,1,-0.0026471624
Cold,168371,1069,1068,425,280,1,-0.0135530755
Cold,151557,975,974,425,280,0,0.0062979795
Cold,150045,966,965,425,280,1,0.0038529253
Cold,246267,1489,1488,425,280,0,0.011654397
Cold,148712,957,956,425,280,0,-0.002667535
Cold,144862,934,933,425,280,0,0.0007027546
Cold,143289,924,923,425,280,1,-0.0037677067
Cold,138123,889,888,425,280,0,-0.002470861
Cold,252170,1527,1526,425,280,0,0.007824057
Cold,111850,728,727,425,280,0,-0.0025147244
Cold,103667,689,688,425,280,1,0.0007516532
Cold,163192,1043,1042,425,280,1,0.008160707
Cold,103371,687,686,425,280,1,-0.0014654193
Cold,697278,4169,4168,425,280,1,-0.006674314
Cold,284066,1698,1697,425,280,1,0.0055617034
Cold,80534,534,533,425,280,0,0.0009982879
Cold,77403,524,523,425,280,0,-0.0016801823
Cold,76132,517,516,425,280,1,0.004695017
Cold,72922,493,492,425,280,0,-0.007333407
Cold,61848,415,414,425,280,1,-0.0013169355
Cold,317645,1889,1888,425,280,0,-0.008626497
Cold,22050,161,160,425,280,1,0.0014004187
Cold,20859,151,150,425,280,1,-0.007846693
Cold,89217,588,587,425,280,1,-0.0028020975
Cold,181951,1137,1136,425,280,0,-0.008840731
Cold,778189,4647,4646,425,280,1,0.006599051
Cold,293696,1748,1747,425,280,0,-0.0037115435
Cold,439380,2684,2683,425,280,1,-0.008375738
Cold,3223,24,23,425,280,1,0.004321389
Cold,523845,3229,3228,425,280,1,0.0018371275
Cold,992956,5998,5997,425,280,0,-0.0047910186
Cold,507719,3125,3124,425,280,0,-0.0029000775
Cold,285258,1701,1700,425,280,1,-0.0028305599
Cold,322266,1912,1911,425,280,0,-0.0043959683
Cold,693880,4156,4155,427,282,1,0.015360789
Cold,599943,3650,3649,427,282,1,0.0071984655
Cold,606455,3683,3682,427,282,0,0.0050209565
Cold,593694,3618,3617,427,282,0,0.01387061
Cold,588418,3590,3589,427,282,1,0.0062088305
Cold,581687,3554,3553,427,282,0,-0.0026415484
Cold,745321,4448,4447,427,282,1,0.016505208
Cold,579223,3539,3538,427,282,0,0.009541034
Cold,563039,3464,3463,427,282,0,0.009984598
Cold,570256,3499,3498,427,282,0,0.016682226
Cold,718884,4305,4304,427,282,0,0.010627843
Cold,548370,3384,3383,427,282,0,0.0032772936
Cold,550005,3391,3390,427,282,0,0.016262976
Cold,904389,5468,5467,427,282,0,-0.0051843133
Cold,537856,3312,3311,427,282,1,0.010356284
Cold,542139,3336,3335,427,282,0,0.008274045
Cold,525606,3246,3245,427,282,0,0.008778278
Cold,575266,3519,3518,427,282,0,0.0050905505
Cold,539842,3320,3319,427,282,0,0.0069572376
Cold,738417,4411,4410,427,282,0,0.0026541313
Cold,796293,4771,4770,427,282,0,0.0038712975
Cold,499327,3067,3066,427,282,0,0.007434706
Cold,496863,3053,3052,427,282,0,0.0070707216
Cold,488659,3007,3006,427,282,1,0.0032777074
Cold,491579,3024,3023,427,282,0,0.0033554002
Cold,478012,2934,2933,427,282,0,0.01625039
Cold,852854,5113,5112,427,282,0,0.011510431
Cold,473494,2909,2908,427,282,1,0.012919333
Cold,823507,4950,4949,427,282,0,0.009339936
Cold,445121,2745,2744,427,282,1,0.006500019
Cold,440957,2700,2699,427,282,0,0.006773939
Cold,790717,4728,4727,427,282,0,0.010593193
Cold,434276,2648,2647,427,282,0,0.009241145
Cold,431942,2632,2631,427,282,0,-0.0073175966
Cold,426894,2592,2591,427,282,0,0.0105629675
Cold,418596,2529,2528,427,282,1,0.014377011
Cold,425272,2581,2580,427,282,0,0.016060438
Cold,416064,2506,2505,427,282,0,0.0016970173
Cold,415730,2504,2503,427,282,0,0.013229524
Cold,408148,2453,2452,427,282,0,0.010838348
Cold,379173,2215,2214,427,282,0,0.004104134
Cold,377197,2203,2202,427,282,1,0.01636893
Cold,358461,2098,2097,427,282,0,0.0071991864
Cold,360014,2105,2104,427,282,0,0.006630137
Cold,335764,1980,1979,427,282,0,0.009792517
Cold,350937,2060,2059,427,282,0,0.00335404
Cold,275067,1666,1665,427,282,0,0.0050343554
Cold,268322,1630,1629,427,282,0,0.011562553
Cold,242734,1465,1464,427,282,0,0.009544113
Cold,228184,1383,1382,427,282,0,0.00346683
Cold,262186,1600,1599,427,282,0,0.0038650143
Cold,270846,1639,1638,427,282,0,0.0047234576
Cold,210096,1284,1283,427,282,0,0.009212678
Cold,279029,1680,1679,427,282,0,0.0077161775
Cold,196438,1207,1206,427,282,0,0.011413083
Cold,185152,1150,1149,427,282,0,0.010398201
Cold,183954,1146,1145,427,282,0,0.008630299
Cold,165195,1053,1052,427,282,0,0.0089533795
Cold,158050,1015,1014,427,282,0,0.00053322176
Cold,221258,1340,1339,427,282,0,0.012358522
Cold,142378,919,918,427,282,0,0.0080416
Cold,138128,889,888,427,282,0,0.010194179
Cold,135558,877,876,427,282,0,0.010967597
Cold,131858,854,853,427,282,0,-0.005123269
Cold,351689,2063,2062,427,282,1,0.012208885
Cold,124215,800,799,427,282,0,0.017261341
Cold,103669,689,688,427,282,0,0.0059436467
Cold,179540,1125,1124,427,282,0,0.010985356
Cold,103374,687,686,427,282,0,0.007737196
Cold,98314,658,657,427,282,0,0.0045752795
Cold,98733,660,659,427,282,0,0.008170666
Cold,107422,707,706,427,282,0,0.006740273
Cold,332606,1962,1961,427,282,0,0.0007710939
Cold,90617,601,600,427,282,1,0.0037658345
Cold,90113,594,593,427,282,0,0.0054660207
Cold,89219,588,587,427,282,1,0.0047087967
Cold,83002,549,548,427,282,1,0.010040435
Cold,74759,509,508,427,282,1,0.012956733
Cold,53932,352,351,427,282,0,0.0074869655
Cold,344049,2020,2019,427,282,0,-0.00053657475
Cold,47627,319,318,427,282,0,0.009179949
Cold,110745,721,720,427,282,0,0.011634321
Cold,42125,285,284,427,282,1,0.010421025
Cold,56997,385,384,427,282,0,0.012991184
Cold,29987,202,201,427,282,0,0.016891394
Cold,291308,1737,1736,427,282,0,0.0060911956
Cold,23192,166,165,427,282,0,0.008901427
Cold,7864,53,52,427,282,0,0.012146516
Cold,633134,3824,3823,427,282,0,0.006032439
Cold,79316,531,530,427,282,0,0.013473011
Cold,198157,1218,1217,427,282,0,0.009508418
Cold,150533,970,969,427,282,0,0.011110603
Cold,682358,4085,4084,427,282,0,0.010279553
Cold,102148,678,677,427,282,0,0.01138556
Cold,206797,1266,1265,427,282,0,0.015404055
Cold,241127,1451,1450,427,282,0,0.00913862
Cold,145766,937,936,427,282,1,0.010857562
Cold,20862,151,150,427,282,0,0.0048841527
Cold,562517,3462,3461,427,282,0,-0.0040160366
Cold,893292,5394,5393,427,282,0,0.011599973
Cold,322268,1912,1911,427,282,0,0.011142127
Cold,271752,1643,1642,427,282,0,0.011574481
Cold,116103,752,751,427,282,0,0.011597317
Cold,237820,1447,1446,427,282,0,0.014875911
Cold,554782,3412,3411,427,282,1,0.005139996
Cold,559388,3436,3435,427,282,1,0.001953775
Cold,731323,4375,4374,429,284,0,-0.0030393759
Cold,583357,3562,3561,429,284,0,-0.002300856
Cold,582087,3557,3556,429,284,1,0.0074983453
Cold,617038,3735,3734,429,284,0,-0.008153237
Cold,590537,3602,3601,429,284,1,-0.00055827934
Cold,572048,3507,3506,429,284,0,-0.003051484
Cold,569133,3491,3490,429,284,0,-0.016768117
Cold,559596,3438,3437,429,284,0,-0.004166399
Cold,556847,3422,3421,429,284,0,-0.008423472
Cold,771861,4600,4599,429,284,0,-0.008945886
Cold,550007,3391,3390,429,284,1,-0.0017421299
Cold,537040,3311,3310,429,284,0,0.003671091
Cold,530942,3280,3279,429,284,0,-0.0041265073
Cold,539843,3320,3319,429,284,0,-0.012217915
Cold,518694,3201,3200,429,284,0,-0.0028994232
Cold,532076,3285,3284,429,284,0,-0.005459492
Cold,515414,3182,3181,429,284,0,0.00010049483
Cold,512756,3163,3162,429,284,0,-0.014016417
Cold,510220,3143,3142,429,284,0,0.0016291777
Cold,508562,3129,3128,429,284,1,-0.0017281868
Cold,505822,3111,3110,429,284,0,-0.012273291
Cold,502097,3082,3081,429,284,0,-0.004136601
Cold,501236,3080,3079,429,284,1,-0.0030181413
Cold,498504,3062,3061,429,284,0,-0.007006192
Cold,493336,3031,3030,429,284,1,-0.0056466637
Cold,472507,2907,2906,429,284,1,0.0021727206
Cold,470945,2899,2898,429,284,0,-0.0012461578
Cold,469915,2895,2894,429,284,0,-0.009187634
Cold,457829,2820,2819,429,284,0,-0.008639043
Cold,450779,2777,2776,429,284,0,-0.014659472
Cold,420208,2540,2539,429,284,0,-0.012226902
Cold,420442,2541,2540,429,284,0,-0.004096004
Cold,419718,2537,2536,429,284,0,-2.6223948e-05
Cold,397056,2351,2350,429,284,0,-0.00882124
Cold,436335,2665,2664,429,284,0,0.00018289452
Cold,375543,2188,2187,429,284,0,-0.008016824
Cold,378348,2208,2207,429,284,1,-0.014313189
Cold,368326,2153,2152,429,284,1,-0.003797839
Cold,367886,2148,2147,429,284,0,-0.005228327
Cold,361557,2109,2108,429,284,0,-0.011745913
Cold,341527,2012,2011,429,284,0,-0.0065270537
Cold,350938,2060,2059,429,284,0,-0.0040406454
Cold,325330,1926,1925,429,284,0,-0.00038253563
Cold,288097,1721,1720,429,284,0,-0.0053033372
Cold,282593,1694,1693,429,284,0,-0.010769163
Cold,297436,1764,1763,429,284,0,-0.008084586
Cold,281224,1687,1686,429,284,0,-0.010364742
Cold,299026,1776,1775,429,284,0,-0.009641843
Cold,269504,1634,1633,429,284,0,-0.017472873
Cold,259414,1587,1586,429,284,1,-0.00795409
Cold,243208,1466,1465,429,284,0,-0.0078428695
Cold,247613,1496,1495,429,284,0,-0.007608262
Cold,237413,1446,1445,429,284,1,-0.0034905267
Cold,229239,1389,1388,429,284,0,-0.002955835
Cold,223480,1354,1353,429,284,0,0.00311687
Cold,289282,1727,1726,429,284,0,-0.0023916126
Cold,296413,1758,1757,429,284,0,-0.012438102
Cold,212858,1297,1296,429,284,0,-0.010769864
Cold,277593,1676,1675,429,284,0,-0.004021453
Cold,261708,1599,1598,429,284,1,-0.008678867
Cold,279031,1680,1679,429,284,0,-0.0063550305
Cold,196440,1207,1206,429,284,1,0.00059393933
Cold,209416,1279,1278,429,284,0,0.0025299718
Cold,194788,1202,1201,429,284,0,-0.0031642204
Cold,183528,1142,1141,429,284,0,-0.0056027276
Cold,185155,1150,1149,429,284,0,-0.016722076
Cold,179069,1124,1123,429,284,0,-0.012767277
Cold,178055,1120,1119,429,284,0,0.0008945882
Cold,174096,1101,1100,429,284,0,-0.004487676
Cold,173608,1100,1099,429,284,0,-0.0044122552
Cold,172859,1096,1095,429,284,0,-0.004863766
Cold,188211,1168,1167,429,284,1,-0.008245945
Cold,163776,1050,1049,429,284,0,-0.0025189822
Cold,214779,1303,1302,429,284,1,-0.011785408
Cold,272130,1645,1644,429,284,1,-0.005232217
Cold,216959,1317,1316,429,284,0,-0.012980433
Cold,136480,881,880,429,284,1,-0.0123946285
Cold,135559,877,876,429,284,0,-0.01589308
Cold,407223,2446,2445,429,284,0,-0.0025384168
Cold,131098,850,849,429,284,1,0.00069676037
Cold,351690,2063,2062,429,284,0,-0.0068583195
Cold,263218,1605,1604,429,284,0,-0.004780291
Cold,159993,1019,1018,429,284,1,-0.006216457
Cold,121495,781,780,429,284,0,-0.013332582
Cold,299567,1778,1777,429,284,0,-0.0015325397
Cold,106000,699,698,429,284,0,-0.007097085
Cold,107861,710,709,429,284,0,0.0018053346
Cold,98737,660,659,429,284,0,-0.013514656
Cold,92537,620,619,429,284,0,-0.0016632155
Cold,284069,1698,1697,429,284,0,-0.007265376
Cold,83005,549,548,429,284,0,-0.01464894
Cold,119166,770,769,429,284,0,-0.00659777
Cold,87068,569,568,429,284,0,-0.013608292
Cold,67400,453,452,429,284,1,-2.8235372e-05
Cold,251122,1516,1515,429,284,0,-0.004038914
Cold,58156,392,391,429,284,0,-0.007454243
Cold,47629,319,318,429,284,0,-0.00551813
Cold,44679,302,301,429,284,0,-0.0027784533
Cold,44014,301,300,429,284,0,-0.008208327
Cold,29993,202,201,429,284,0,-0.01893344
Cold,54589,355,354,429,284,0,-0.004925321
Cold,234904,1425,1424,429,284,0,-0.004901627
Cold,49581,329,328,429,284,0,-0.005909876
Cold,3556,26,25,429,284,0,-0.0066426545
Cold,6959,48,47,429,284,0,-0.0098714605
Cold,354835,2077,2076,429,284,0,-0.02188693
Cold,2692,22,21,429,284,1,0.00029582053
Cold,552257,3401,3400,429,284,0,0.0015121854
Cold,237821,1447,1446,429,284,1,-0.015431935
Cold,35890,242,241,429,284,0,-0.013345515
Cold,370959,2168,2167,429,284,1,0.0017564977
Cold,342373,2015,2014,429,284,0,0.0027935873
Cold,829068,4979,4978,429,284,0,-0.00692755
Cold,750631,4478,4477,429,284,1,0.001634716
Cold,144867,934,933,429,284,0,-0.0077398913
Cold,329257,1943,1942,429,284,0,-0.0022354359
Cold,331524,1958,1957,429,284,0,-0.011951897
Cold,599184,3648,3647,429,284,0,-0.008621841
Cold,46045,308,307,429,284,0,-0.0031298976
Cold,335765,1980,1979,429,284,0,-0.013548177
Cold,475463,2918,2917,429,284,1,-0.0070094205
Cold,456425,2810,2809,429,284,0,-0.014375248
Cold,62816,424,423,429,284,0,-0.002623795
Cold,699945,4186,4185,429,284,0,-0.0115437005
Cold,327948,1941,1940,429,284,0,-0.011066944
Cold,713804,4277,4276,429,284,0,-0.0017139893
Cold,894047,5397,5396,429,284,0,-0.007054605
Cold,555747,3416,3415,436,289,1,0.010114511
Cold,547355,3377,3376,436,289,1,-0.0038309153
Cold,577061,3526,3525,436,289,1,-0.0026368536
Cold,550020,3391,3390,436,289,0,0.004947675
Cold,542148,3336,3335,436,289,0,0.004167974
Cold,533229,3292,3291,436,289,0,0.0038800854
Cold,532084,3285,3284,436,289,0,0.0015873283
Cold,523675,3228,3227,436,289,0,0.00039131334
Cold,522449,3224,3223,436,289,1,-0.0027056972
Cold,496457,3051,3050,436,289,0,0.00065669324
Cold,494027,3032,3031,436,289,1,0.0057253013
Cold,490686,3018,3017,436,289,1,-0.008055307
Cold,487861,3001,3000,436,289,1,0.016619083
Cold,484981,2986,2985,436,289,0,0.008076754
Cold,480088,2946,2945,436,289,0,-0.0051759016
Cold,463216,2857,2856,436,289,1,-0.0066354033
Cold,453656,2793,2792,436,289,0,0.009499496
Cold,444622,2743,2742,436,289,0,0.0012828014
Cold,420212,2540,2539,436,289,1,-0.0038298378
Cold,426901,2592,2591,436,289,1,-0.0038059012
Cold,399040,2376,2375,436,289,0,-0.0007685162
Cold,381298,2230,2229,436,289,0,0.00075250154
Cold,385237,2251,2250,436,289,0,-0.0045246063
Cold,310636,1851,1850,436,289,0,-0.0012554247
Cold,265709,1613,1612,436,289,0,0.004545657
Cold,262191,1600,1599,436,289,0,-0.0023848808
Cold,259419,1587,1586,436,289,0,0.0043342076
Cold,315137,1880,1879,436,289,0,-0.00030305143
Cold,218890,1328,1327,436,289,1,0.0038917523
Cold,296419,1758,1757,436,289,0,0.0032488503
Cold,279044,1680,1679,436,289,0,-0.0067448756
Cold,210103,1284,1283,436,289,0,0.0045807925
Cold,327961,1941,1940,436,289,1,-0.0030733864
Cold,185162,1150,1149,436,289,0,-0.0014672269
Cold,307366,1835,1834,436,289,0,0.004637601
Cold,183957,1146,1145,436,289,0,-0.0007018498
Cold,175462,1112,1111,436,289,0,-0.0010511242
Cold,168382,1069,1068,436,289,0,0.0022784746
Cold,160003,1019,1018,436,289,0,-0.0051893895
Cold,269869,1635,1634,436,289,0,-0.006291141
Cold,146243,940,939,436,289,0,0.0021464054
Cold,156764,1010,1009,436,289,0,-0.0120461695
Cold,135567,877,876,436,289,0,-0.0012715333
Cold,117461,757,756,436,289,0,0.006553214
Cold,114807,746,745,436,289,0,0.003158175
Cold,111852,728,727,436,289,0,0.0008554851
Cold,107867,710,709,436,289,0,-0.001673813
Cold,299578,1778,1777,436,289,0,-0.0043390347
Cold,103382,687,686,436,289,0,0.0008882801
Cold,110752,721,720,436,289,0,0.0071592564
Cold,332616,1962,1961,436,289,0,-0.00498882
Cold,83019,549,548,436,289,1,0.0038053931
Cold,190777,1181,1180,436,289,0,0.0006231433
Cold,303728,1804,1803,436,289,0,0.0024647159
Cold,77422,524,523,436,289,0,0.004875226
Cold,68664,461,460,436,289,0,0.0070635173
Cold,71963,482,481,436,289,0,0.0014323476
Cold,59772,406,405,436,289,0,0.012531361
Cold,74767,509,508,436,289,1,-0.004888411
Cold,132401,855,854,436,289,0,0.0040634223
Cold,288584,1724,1723,436,289,1,0.007614145
Cold,697292,4169,4168,436,289,0,-0.003175478
Cold,30017,202,201,436,289,0,0.006818491
Cold,27308,192,191,436,289,0,-0.00856285
Cold,537051,3311,3310,436,289,0,-0.0041073104
Cold,7893,53,52,436,289,0,0.019505884
Cold,15731,123,122,436,289,0,-0.007765565
Cold,104258,692,691,436,289,0,0.00431606
Cold,471954,2904,2903,436,289,0,0.00023864256
Cold,158065,1015,1014,436,289,0,0.0046364926
Cold,50303,331,330,436,289,0,0.004910032
Cold,150539,970,969,436,289,0,0.014041506
Cold,237831,1447,1446,436,289,0,-0.004141734
Cold,265031,1611,1610,436,289,0,0.0020148964
Cold,102159,678,677,436,289,0,0.004451666
Cold,234912,1425,1424,436,289,0,0.00517483
Cold,331534,1958,1957,436,289,0,0.0036127167
Cold,907803,5492,5491,436,289,0,0.006950166
Cold,805913,4823,4822,436,289,0,0.0005141457
Cold,322277,1912,1911,436,289,0,0.0010490941
Cold,351706,2063,2062,436,289,1,0.0056793327
Cold,134189,869,868,437,290,0,0.0058801225
Cold,342382,2015,2014,437,290,0,0.010714098
Cold,821704,4940,4939,437,290,0,0.0029651197
Cold,550021,3391,3390,437,290,0,0.0070261965
Cold,550023,3391,3390,438,291,0,0.0015267045
Cold,542149,3336,3335,438,291,0,0.009007612
Cold,540992,3328,3327,438,291,0,0.0071679223
Cold,544048,3353,3352,438,291,0,0.0077425037
Cold,522450,3224,3223,438,291,0,0.01425661
Cold,539849,3320,3319,438,291,0,0.011449792
Cold,520314,3209,3208,438,291,0,0.00024799025
Cold,523846,3229,3228,438,291,0,-0.001954637
Cold,575275,3519,3518,438,291,0,0.0038582347
Cold,532085,3285,3284,438,291,0,0.006391545
Cold,516920,3191,3190,438,291,0,0.0024424635
Cold,562524,3462,3461,438,291,0,0.012326457
Cold,508569,3129,3128,438,291,0,0.013756281
Cold,505824,3111,3110,438,291,0,-0.0052730166
Cold,738420,4411,4410,438,291,0,0.0060173357
Cold,484983,2986,2985,438,291,0,0.010284331
Cold,484468,2983,2982,438,291,1,-0.0008565497
Cold,473507,2909,2908,438,291,0,0.018873353
Cold,461802,2848,2847,438,291,0,0.005113273
Cold,594784,3620,3619,438,291,0,0.005562826
Cold,450788,2777,2776,438,291,1,0.010834501
Cold,441194,2701,2700,438,291,0,-0.0019744467
Cold,438810,2681,2680,438,291,0,0.0018983305
Cold,435795,2664,2663,438,291,0,-0.000327665
Cold,420447,2541,2540,438,291,0,0.0066994065
Cold,408161,2453,2452,438,291,1,0.01828824
Cold,399480,2378,2377,438,291,0,0.003342072
Cold,375548,2188,2187,438,291,0,0.010201486
Cold,351709,2063,2062,438,291,0,0.0125793945
Cold,361569,2109,2108,438,291,0,0.0042423923
Cold,358853,2100,2099,438,291,1,0.0036066228
Cold,340588,2010,2009,438,291,0,0.0028564944
Cold,341535,2012,2011,438,291,0,-0.003499376
Cold,350944,2060,2059,438,291,0,0.007052264
Cold,318347,1891,1890,438,291,0,0.01334782
Cold,297440,1764,1763,438,291,1,-0.00059071777
Cold,303510,1803,1802,438,291,0,0.007277497
Cold,281655,1689,1688,438,291,1,0.011416449
Cold,281227,1687,1686,438,291,1,0.0024891112
Cold,288857,1726,1725,438,291,0,0.0023183255
Cold,303004,1800,1799,438,291,0,0.015747111
Cold,236207,1433,1432,438,291,0,0.000963422
Cold,242743,1465,1464,438,291,0,0.011566904
Cold,335779,1980,1979,438,291,0,0.009413751
Cold,224666,1358,1357,438,291,1,0.0037531832
Cold,227089,1377,1376,438,291,0,0.009451824
Cold,277604,1676,1675,438,291,0,0.010162302
Cold,243873,1470,1469,438,291,0,-0.0031656502
Cold,196448,1207,1206,438,291,0,0.009264984
Cold,173612,1100,1099,438,291,0,0.0030420455
Cold,173085,1097,1096,438,291,0,0.023377173
Cold,327962,1941,1940,438,291,0,0.011093618
Cold,163785,1050,1049,438,291,0,0.010699309
Cold,272137,1645,1644,438,291,1,0.0015415186
Cold,275502,1667,1666,438,291,1,0.011598038
Cold,154825,999,998,438,291,0,0.0023773056
Cold,156765,1010,1009,438,291,0,0.0061669573
Cold,276903,1675,1674,438,291,0,0.0086484905
Cold,141470,911,910,438,291,1,0.007386539
Cold,136493,881,880,438,291,0,0.012306506
Cold,263230,1605,1604,438,291,0,0.004849095
Cold,239960,1449,1448,438,291,0,0.009439703
Cold,107079,704,703,438,291,1,0.005207777
Cold,110112,718,717,438,291,0,0.0085952915
Cold,98746,660,659,438,291,0,0.017039075
Cold,96389,647,646,438,291,0,0.0024556913
Cold,207510,1268,1267,438,291,0,0.008986229
Cold,480089,2946,2945,438,291,0,0.012423089
Cold,91190,604,603,438,291,0,0.0074768444
Cold,77423,524,523,438,291,0,0.013791485
Cold,119175,770,769,438,291,0,0.0071963184
Cold,80134,533,532,438,291,0,0.01450142
Cold,53972,352,351,438,291,0,0.008294514
Cold,52606,346,345,438,291,1,0.021157341
Cold,41910,284,283,438,291,0,0.009076547
Cold,145314,935,934,438,291,0,0.005217168
Cold,38070,260,259,438,291,0,0.005845774
Cold,37458,255,254,438,291,1,0.009660983
Cold,32994,223,222,438,291,0,0.0060672862
Cold,306195,1824,1823,438,291,0,0.01551667
Cold,22667,163,162,438,291,0,0.011561667
Cold,11393,87,86,438,291,0,0.003680097
Cold,78416,528,527,438,291,1,0.010564847
Cold,552265,3401,3400,438,291,0,0.011857687
Cold,790721,4728,4727,438,291,0,0.015489379
Cold,362955,2116,2115,438,291,0,0.013031986
Cold,682364,4085,4084,438,291,1,0.0012693817
Cold,342383,2015,2014,438,291,0,0.0032202823
Cold,116113,752,751,438,291,0,0.019726908
Cold,79328,531,530,438,291,0,0.010656556
Cold,160004,1019,1018,438,291,0,0.0008474705
Cold,599192,3648,3647,438,291,0,0.011375394
Cold,112418,731,730,444,295,0,-0.0052014394
Cold,779068,4653,4652,444,295,0,-0.0036356216
Cold,103675,689,688,444,295,0,0.00831333
Cold,97800,655,654,444,295,0,-0.008546077
Cold,314074,1875,1874,444,295,0,-0.0026815024
Cold,90624,601,600,444,295,0,-0.0120559465
Cold,90115,594,593,444,295,0,-0.007420399
Cold,228198,1383,1382,444,295,0,-0.0061762454
Cold,83030,549,548,444,295,0,-0.009558272
Cold,84079,550,549,444,295,0,-0.018351585
Cold,66834,449,448,444,295,0,-0.007219892
Cold,74774,509,508,444,295,1,-0.0012960997
Cold,308558,1837,1836,444,295,0,-0.0216849
Cold,32270,216,215,444,295,0,-0.005712468
Cold,697301,4169,4168,444,295,0,-0.021977011
Cold,167099,1063,1062,444,295,0,-0.0059595928
Cold,631520,3821,3820,444,295,0,-0.009799646
Cold,680609,4079,4078,444,295,1,-0.009475189
Cold,326067,1930,1929,444,295,0,-0.00953798
Cold,195382,1203,1202,444,295,0,-0.009573593
Cold,720437,4312,4311,444,295,0,-0.0066619976
Cold,399483,2378,2377,445,296,1,-0.001272364
Cold,364709,2124,2123,445,296,0,0.0003308243
Cold,351718,2063,2062,445,296,0,0.0116147585
Cold,281231,1687,1686,445,296,0,0.008334089
Cold,279065,1680,1679,445,296,0,0.0037672836
Cold,236696,1437,1436,445,296,1,0.007312133
Cold,230090,1392,1391,445,296,0,0.004944197
Cold,227093,1377,1376,445,296,0,0.007778904
Cold,277613,1676,1675,445,296,0,0.0013864471
Cold,202450,1244,1243,445,296,0,0.0071303183
Cold,197582,1212,1211,445,296,1,-0.003762227
Cold,261718,1599,1598,445,296,0,-0.00014350098
Cold,196456,1207,1206,445,296,0,-0.0012929807
Cold,193175,1193,1192,445,296,1,0.0033276207
Cold,173617,1100,1099,445,296,0,0.00551466
Cold,164468,1051,1050,445,296,0,0.012277325
Cold,136502,881,880,445,296,0,0.005552272
Cold,135575,877,876,445,296,0,0.003553765
Cold,112419,731,730,445,296,0,0.002644636
Cold,299587,1778,1777,445,296,0,0.0063971546
Cold,101353,676,675,445,296,0,0.013339472
Cold,96394,647,646,445,296,0,-0.000324341
Cold,314075,1875,1874,445,296,1,0.0033288933
Cold,90625,601,600,445,296,0,-0.001048567
Cold,86590,566,565,445,296,0,0.0017506555
Cold,190793,1181,1180,445,296,0,0.013423085
Cold,77435,524,523,445,296,0,0.0014325571
Cold,119183,770,769,445,296,0,0.010678012
Cold,88782,587,586,445,296,0,0.010477981
Cold,81614,543,542,445,296,0,0.0087172445
Cold,70747,476,475,445,296,0,-0.00146261
Cold,65312,438,437,445,296,0,0.008808765
Cold,35907,242,241,445,296,0,0.005557011
Cold,368336,2153,2152,445,296,1,0.006133139
Cold,9408,62,61,445,296,0,0.0066081895
Cold,3610,26,25,445,296,0,0.006101372
Cold,829076,4979,4978,445,296,1,0.007335342
Cold,331542,1958,1957,445,296,0,0.0081905415
Cold,160013,1019,1018,445,296,0,0.008899888
Cold,46082,308,307,445,296,0,-0.00015348452
Cold,354848,2077,2076,449,299,1,-0.0136367995
Cold,588428,3590,3589,449,299,1,-0.0117986
Cold,129357,839,838,449,299,0,-0.006565024
Cold,109771,716,715,449,299,1,-0.0025530457
Cold,58190,392,391,449,299,0,-0.009053332
Cold,829077,4979,4978,449,299,1,-0.010497764
Cold,257604,1579,1578,449,299,0,-0.012696665
Cold,46086,308,307,449,299,0,-0.005362059
Cold,933850,5636,5635,449,299,0,-0.008117122
Cold,476328,2926,2925,449,299,1,0.0015708639
Cold,286409,1710,1709,449,299,1,-0.0056097945
Cold,416542,2507,2506,451,301,1,-0.005928183
Cold,414217,2493,2492,451,301,1,-0.005694298
Cold,375307,2187,2186,451,301,0,-0.004604812
Cold,335800,1980,1979,451,301,0,-0.0026344657
Cold,304501,1810,1809,451,301,1,-0.005571546
Cold,316758,1884,1883,451,301,0,-0.0031286238
Cold,279093,1680,1679,451,301,1,-0.00075618876
Cold,268331,1630,1629,451,301,0,-0.00901808
Cold,246853,1491,1490,451,301,0,-0.003789316
Cold,237320,1444,1443,451,301,0,-0.0011780143
Cold,212045,1291,1290,451,301,0,-0.006191155
Cold,210114,1284,1283,451,301,1,0.00021543773
Cold,194806,1202,1201,451,301,1,0.0042911074
Cold,189886,1178,1177,451,301,1,-0.011283823
Cold,226833,1376,1375,451,301,0,0.005373605
Cold,185188,1150,1149,451,301,0,0.005585233
Cold,316232,1883,1882,451,301,0,0.00042651547
Cold,243891,1470,1469,451,301,0,-0.014067953
Cold,174900,1108,1107,451,301,0,0.00039082102
Cold,165204,1053,1052,451,301,0,0.003360264
Cold,158092,1015,1014,451,301,1,0.00015045376
Cold,138174,889,888,451,301,0,0.0012227241
Cold,135581,877,876,451,301,0,-0.00088495924
Cold,124475,801,800,451,301,0,-0.0018364675
Cold,103389,687,686,451,301,0,-0.0040711495
Cold,98763,660,659,451,301,0,-0.0011131733
Cold,107424,707,706,451,301,0,-0.008826992
Cold,713823,4277,4276,451,301,1,0.008202627
Cold,697307,4169,4168,451,301,1,-0.0013435041
Cold,228208,1383,1382,451,301,0,0.0010373293
Cold,87250,570,569,451,301,0,-0.0035537295
Cold,86093,563,562,451,301,1,0.0037933849
Cold,80696,536,535,451,301,0,-0.009381661
Cold,77445,524,523,451,301,1,-0.0004698236
Cold,71981,482,481,451,301,0,-0.0015615004
Cold,54020,352,351,451,301,0,-0.0103258155
Cold,110766,721,720,451,301,0,-0.0048008817
Cold,238849,1448,1447,451,301,1,-0.004634362
Cold,308568,1837,1836,451,301,0,-0.009462909
Cold,32700,221,220,451,301,1,-0.004212625
Cold,30922,206,205,451,301,0,-0.0053560063
Cold,15770,123,122,451,301,0,-0.009724338
Cold,11119,82,81,451,301,0,-0.0056988196
Cold,9419,62,61,451,301,0,-0.002607658
Cold,524400,3233,3232,451,301,0,-0.0011018431
Cold,187606,1164,1163,451,301,0,-0.0031744214
Cold,354856,2077,2076,453,302,0,-0.006471155
Cold,78423,528,527,453,302,0,0.008413408
Cold,362972,2116,2115,453,302,0,0.0039707692
Cold,237846,1447,1446,453,302,0,0.0005932781
Cold,272146,1645,1644,453,302,1,0.0031864564
Cold,134210,869,868,453,302,0,0.00058417046
Cold,550050,3391,3390,453,302,0,0.0003414685
Cold,245762,1484,1483,456,305,1,0.010962857
Cold,241157,1451,1450,456,305,1,0.010313716
Cold,631526,3821,3820,456,305,0,0.007974724
Cold,210858,1285,1284,456,305,0,0.01555847
Cold,202455,1244,1243,456,305,1,0.008071382
Cold,374025,2181,2180,456,305,1,0.018422538
Cold,170015,1080,1079,456,305,1,0.0058918637
Cold,168399,1069,1068,456,305,1,0.006698837
Cold,216984,1317,1316,456,305,1,0.016268067
Cold,156789,1010,1009,456,305,0,0.011412288
Cold,154838,999,998,456,305,1,0.01212631
Cold,124478,801,800,456,305,1,0.0021380386
Cold,135005,873,872,456,305,1,0.006211118
Cold,89566,590,589,456,305,1,0.006048953
Cold,77448,524,523,456,305,1,0.018559514
Cold,238853,1448,1447,456,305,1,0.013498589
Cold,70149,474,473,456,305,1,0.021664504
Cold,54026,352,351,456,305,1,0.0018754476
Cold,33652,225,224,456,305,1,0.016175436
Cold,599206,3648,3647,456,305,0,0.010930353
Cold,20182,149,148,456,305,1,0.02240304
Cold,7945,53,52,456,305,1,0.014862547
Cold,357399,2092,2091,456,305,1,0.0135103
Cold,262513,1601,1600,456,305,1,0.010166445
Cold,908309,5493,5492,456,305,1,0.014917077
Cold,286672,1712,1711,456,305,0,0.019932855
Cold,181965,1137,1136,456,305,0,0.01201804
Cold,319293,1897,1896,456,305,1,0.017421626
Cold,24514,173,172,456,305,0,0.008825437
Cold,335802,1980,1979,456,305,1,0.020714868
Cold,203046,1246,1245,456,305,1,0.022662977
Cold,839701,5046,5045,456,305,1,0.021932939
Cold,804485,4816,4815,456,305,1,0.010359403
Cold,147920,953,952,458,307,0,0.0037914268
Cold,136518,881,880,458,307,0,-0.008424265
Cold,328002,1941,1940,458,307,0,-0.010054987
Cold,110347,720,719,458,307,0,0.004499412
Cold,98766,660,659,458,307,0,-0.0021013864
Cold,94904,637,636,458,307,0,-0.00085919746
Cold,713827,4277,4276,458,307,1,-0.0014836895
Cold,697311,4169,4168,458,307,0,-0.0042469734
Cold,87252,570,569,458,307,0,-0.0059906477
Cold,308571,1837,1836,458,307,0,-0.010378431
Cold,84092,550,549,458,307,0,-0.0091285715
Cold,71985,482,481,458,307,0,-0.002343158
Cold,68679,461,460,458,307,1,0.0006939124
Cold,67181,452,451,458,307,1,-0.00252346
Cold,54031,352,351,458,307,0,0.0019128604
Cold,15780,123,122,458,307,0,-0.002022084
Cold,28410,195,194,458,307,1,-0.0009093378
Cold,380780,2225,2224,458,307,0,-0.013206161
Cold,572079,3507,3506,458,307,1,-0.0003878523
Cold,239984,1449,1448,458,307,1,-0.0044148387
Cold,451750,2781,2780,458,307,1,-0.0074461605
Cold,507732,3125,3124,458,307,1,-0.004396165
Cold,195391,1203,1202,458,307,0,-0.009206938
Cold,959027,5787,5786,458,307,0,-0.0022708154
Cold,476333,2926,2925,458,307,0,0.0012142197
Cold,473535,2909,2908,458,307,1,-0.0021091984
Cold,468384,2887,2886,458,307,0,0.0009776184
Cold,535530,3305,3304,459,308,1,-0.0007138322
Cold,544057,3353,3352,459,308,1,-0.002702464
Cold,561561,3454,3453,459,308,0,-0.003032209
Cold,532099,3285,3284,459,308,0,0.0002849275
Cold,525763,3247,3246,459,308,0,-0.0032380952
Cold,525057,3242,3241,459,308,0,-0.008591203
Cold,520318,3209,3208,459,308,0,-0.002991302
Cold,519992,3208,3207,459,308,0,-0.0056734243
Cold,518714,3201,3200,459,308,1,-0.0048330952
Cold,512786,3163,3162,459,308,1,-6.857375e-05
Cold,805918,4823,4822,459,308,0,-0.0036301003
Cold,507213,3121,3120,459,308,0,-0.0022083272
Cold,494061,3032,3031,459,308,1,-0.0029979087
Cold,490706,3018,3017,459,308,0,-0.009641539
Cold,486246,2994,2993,459,308,0,-0.0013555902
Cold,471618,2901,2900,459,308,0,-0.0030858184
Cold,473536,2909,2908,459,308,1,-0.0068453443
Cold,435807,2664,2663,459,308,1,0.0007320319
Cold,433595,2643,2642,459,308,1,-0.0055182017
Cold,426912,2592,2591,459,308,0,-0.0047385967
Cold,415240,2500,2499,459,308,0,-0.007298531
Cold,405800,2435,2434,459,308,0,-0.0045104213
Cold,387523,2265,2264,459,308,0,0.0011550671
Cold,377216,2203,2202,459,308,1,-0.0007845686
Cold,362975,2116,2115,459,308,0,-0.0027134968
Cold,343609,2018,2017,459,308,0,0.0005854486
Cold,314637,1879,1878,459,308,1,-0.0033043716
Cold,312297,1861,1860,459,308,0,0.0055302484
Cold,297457,1764,1763,459,308,1,0.0050346875
Cold,292278,1741,1740,459,308,0,0.0035816133
Cold,288864,1726,1725,459,308,0,-0.0033034687
Cold,262199,1600,1599,459,308,0,-0.009208856
Cold,358232,2097,2096,459,308,0,-0.0068900194
Cold,303012,1800,1799,459,308,0,-0.0011131954
Cold,299595,1778,1777,459,308,1,-0.0010630144
Cold,232132,1408,1407,459,308,0,-0.0029382978
Cold,227102,1377,1376,459,308,0,-0.0021320633
Cold,221288,1340,1339,459,308,0,-0.0011394242
Cold,243893,1470,1469,459,308,0,0.014991829
Cold,220834,1339,1338,459,308,1,0.0057893624
Cold,196467,1207,1206,459,308,0,-0.0059561813
Cold,176012,1113,1112,459,308,0,-0.008102149
Cold,179561,1125,1124,459,308,0,-0.0019315383
Cold,275512,1667,1666,459,308,1,-0.0032212362
Cold,342410,2015,2014,459,308,0,-0.0016675217
Cold,155841,1004,1003,459,308,0,-0.0038147587
Cold,152997,984,983,459,308,0,-0.0075604897
Cold,158095,1015,1014,459,308,0,-0.007594548
Cold,140672,904,903,459,308,1,-0.0007754684
Cold,136519,881,880,459,308,0,0.0047745267
Cold,135584,877,876,459,308,0,-0.0047170194
Cold,202457,1244,1243,459,308,0,0.0023910594
Cold,114817,746,745,459,308,0,-0.008335785
Cold,631527,3821,3820,459,308,0,-0.00603773
Cold,480100,2946,2945,459,308,0,-0.00842639
Cold,91198,604,603,459,308,0,-0.0021589121
Cold,150552,970,969,459,308,0,-0.0038649442
Cold,81624,543,542,459,308,1,-0.0039304974
Cold,77450,524,523,459,308,0,-0.005029981
Cold,119192,770,769,459,308,0,0.0015535713
Cold,68680,461,460,459,308,0,-0.008237556
Cold,54032,352,351,459,308,0,-0.002333162
Cold,697312,4169,4168,459,308,0,0.0005600613
Cold,55714,368,367,459,308,1,-0.0002804004
Cold,22700,163,162,459,308,0,-0.003997118
Cold,23242,166,165,459,308,0,-0.0061270767
Cold,19606,148,147,459,308,0,-0.002283669
Cold,19060,147,146,459,308,0,0.0042980704
Cold,1434,13,12,459,308,0,-0.0104367435
Cold,158,2,1,459,308,0,0.0012682294
Cold,354860,2077,2076,459,308,1,-0.0030583162
Cold,109778,716,715,459,308,1,-0.008128991
Cold,237849,1447,1446,459,308,0,-0.00089035416
Cold,567426,3483,3482,459,308,1,-0.010864658
Cold,317667,1889,1888,459,308,1,-0.0015806601
Cold,453675,2793,2792,459,308,0,-0.00578213
Cold,145775,937,936,459,308,0,-0.006527896
Cold,331552,1958,1957,459,308,0,0.0006990263
Cold,351742,2063,2062,459,308,0,-0.00020233402
Cold,335804,1980,1979,459,308,0,-0.0031589835
Cold,599208,3648,3647,459,308,0,0.0015758979
Cold,587857,3589,3588,459,308,0,-0.00884739
Cold,550054,3391,3390,459,308,0,-0.0015793046
Cold,279121,1680,1679,461,309,1,0.011479652
Cold,316241,1883,1882,461,309,0,0.0015983141
Cold,201509,1242,1241,461,309,1,0.014198676
Cold,174114,1101,1100,461,309,1,0.004092507
Cold,195396,1203,1202,461,309,1,-0.0006047287
Cold,168403,1069,1068,461,309,1,-0.0055310503
Cold,161186,1028,1027,461,309,0,-0.000495565
Cold,139385,891,890,461,309,0,-0.0035242494
Cold,138190,889,888,461,309,0,0.00024203723
Cold,123698,797,796,461,309,0,0.00017560995
Cold,90630,601,600,461,309,0,-0.0002599652
Cold,238866,1448,1447,461,309,1,0.0027300343
Cold,49676,329,328,461,309,0,0.007827372
Cold,33669,225,224,461,309,0,0.0021864178
Cold,26571,187,186,461,309,1,0.0020494866
Cold,23256,166,165,461,309,0,0.0075604487
Cold,16013,126,125,461,309,0,-0.00604682
Cold,352,5,4,461,309,0,0.001438041
Cold,245765,1484,1483,461,309,0,0.015297574
Cold,132823,856,855,461,309,0,0.0038117166
Cold,523858,3229,3228,461,309,0,-0.0045234626
Cold,991825,5991,5990,461,309,0,-0.0040503806
Cold,310650,1851,1850,461,309,0,-0.0023996755
Cold,287697,1717,1716,461,309,1,-0.008892712
Cold,276195,1671,1670,461,309,0,0.0071726036
Cold,18839,146,145,461,309,0,-0.0018701411
Cold,411037,2466,2465,465,311,0,0.0055931415
Cold,404186,2416,2415,465,311,0,0.0061783474
Cold,393533,2316,2315,465,311,1,0.0029509556
Cold,381310,2230,2229,465,311,0,0.008656429
Cold,335822,1980,1979,465,311,0,0.009693217
Cold,322955,1915,1914,465,311,1,-0.008373333
Cold,275516,1667,1666,465,311,0,-0.002543573
Cold,272497,1646,1645,465,311,0,0.0077328878
Cold,270428,1636,1635,465,311,1,0.002209245
Cold,332635,1962,1961,465,311,0,0.008023875
Cold,230098,1392,1391,465,311,0,0.0052771117
Cold,241166,1451,1450,465,311,1,-0.0023514512
Cold,337441,1984,1983,465,311,0,-0.005307375
Cold,272870,1647,1646,465,311,0,0.011013056
Cold,279123,1680,1679,465,311,0,0.0055159796
Cold,220838,1339,1338,465,311,1,0.013191946
Cold,185210,1150,1149,465,311,0,0.00859323
Cold,331558,1958,1957,465,311,1,0.016862605
Cold,168406,1069,1068,465,311,0,0.0041953735
Cold,167197,1064,1063,465,311,0,0.009780055
Cold,141172,910,909,465,311,1,0.0030201052
Cold,138192,889,888,465,311,0,0.008781376
Cold,121715,783,782,465,311,1,0.006952541
Cold,97811,655,654,465,311,0,0.008463569
Cold,697322,4169,4168,465,311,0,0.008537307
Cold,284114,1698,1697,465,311,0,0.0063721775
Cold,83055,549,548,465,311,1,0.004928919
Cold,238868,1448,1447,465,311,1,0.010017283
Cold,80538,534,533,465,311,0,0.0011791638
Cold,190833,1181,1180,465,311,0,0.01046271
Cold,84108,550,549,465,311,1,0.005865422
Cold,77463,524,523,465,311,0,0.015236111
Cold,55720,368,367,465,311,1,-0.002068552
Cold,54056,352,351,465,311,1,0.007888125
Cold,38410,261,260,465,311,0,0.011813569
Cold,35927,242,241,465,311,0,0.0070362464
Cold,31261,210,209,465,311,0,-0.0027803043
Cold,22710,163,162,465,311,0,0.0033348666
Cold,9442,62,61,465,311,1,0.005370093
Cold,620,8,7,465,311,1,0.012696779
Cold,12147,92,91,465,311,0,-0.0012525055
Cold,266391,1616,1615,465,311,0,0.002838953
Cold,195398,1203,1202,465,311,1,0.01282784
Cold,179564,1125,1124,465,311,1,0.008511173
Cold,902997,5458,5457,465,311,0,0.0028087487
Cold,89238,588,587,469,314,1,0.023852605
Cold,499367,3067,3066,469,314,1,0.009190359
Cold,195400,1203,1202,469,314,0,0.00423719
Cold,187611,1164,1163,469,314,0,0.013601188
Cold,179567,1125,1124,469,314,1,0.007828062
Cold,832022,5001,5000,469,314,0,-0.0058267526
Cold,171571,1088,1087,469,314,0,0.0027427662
Cold,986778,5956,5955,469,314,0,0.002904769
Cold,295632,1755,1754,469,314,0,0.011096243
Cold,529667,3272,3271,473,316,0,-0.015066875
Cold,512800,3163,3162,473,316,0,-0.006457958
Cold,499950,3069,3068,473,316,0,-0.0015168728
Cold,487881,3001,3000,473,316,0,-0.008981764
Cold,860529,5173,5172,473,316,0,-0.0017736314
Cold,476343,2926,2925,473,316,0,-0.011016348
Cold,472547,2907,2906,473,316,0,-0.0029839228
Cold,463260,2857,2856,473,316,0,-0.0019055791
Cold,462572,2854,2853,473,316,0,-0.0074050864
Cold,487021,2996,2995,473,316,0,-0.0064865174
Cold,450829,2777,2776,473,316,0,-0.004097257
Cold,430067,2621,2620,473,316,0,-0.0003355113
Cold,423151,2565,2564,473,316,0,-0.011254619
Cold,420458,2541,2540,473,316,1,-0.013906064
Cold,412805,2484,2483,473,316,0,-0.003622842
Cold,408663,2454,2453,473,316,0,-0.00870507
Cold,384098,2244,2243,473,316,0,0.0059202123
Cold,375568,2188,2187,473,316,0,-0.005995399
Cold,382477,2235,2234,473,316,0,5.0768256e-05
Cold,359369,2102,2101,473,316,0,0.0026051423
Cold,355955,2085,2084,473,316,0,-0.005180646
Cold,351167,2062,2061,473,316,0,0.0010155735
Cold,362993,2116,2115,473,316,0,-0.0046357084
Cold,436382,2665,2664,473,316,0,-0.0032760373
Cold,351771,2063,2062,473,316,0,-0.016667405
Cold,340615,2010,2009,473,316,0,0.00062405935
Cold,330283,1949,1948,473,316,0,0.0036985758
Cold,330522,1951,1950,473,316,0,-0.007826857
Cold,281247,1687,1686,473,316,1,-0.0015230946
Cold,282614,1694,1693,473,316,0,-0.001403463
Cold,265737,1613,1612,473,316,0,-0.013820492
Cold,261068,1596,1595,473,316,0,-0.006101923
Cold,309281,1841,1840,473,316,0,0.0043091304
Cold,315196,1880,1879,473,316,0,-0.0047923634
Cold,227114,1377,1376,473,316,0,-0.012150323
Cold,218807,1327,1326,473,316,0,-0.007234105
Cold,296441,1758,1757,473,316,0,-0.013541524
Cold,277651,1676,1675,473,316,0,-0.0036488194
Cold,272881,1647,1646,473,316,0,-0.007010175
Cold,213427,1298,1297,473,316,0,-0.012778522
Cold,279142,1680,1679,473,316,0,-0.0087943245
Cold,193185,1193,1192,473,316,0,-0.00903339
Cold,219833,1333,1332,473,316,0,-0.006700634
Cold,198616,1220,1219,473,316,0,0.0008905452
Cold,308585,1837,1836,473,316,0,-0.013078717
Cold,179570,1125,1124,473,316,0,-0.0047593494
Cold,163808,1050,1049,473,316,0,-0.0029204302
Cold,164499,1051,1050,473,316,0,-0.007290421
Cold,249232,1502,1501,473,316,0,-0.011090549
Cold,138213,889,888,473,316,0,-0.0023667756
Cold,136540,881,880,473,316,0,-0.013445423
Cold,248800,1501,1500,473,316,0,-0.002610751
Cold,263274,1605,1604,473,316,0,-0.003188692
Cold,120390,777,776,473,316,0,-0.0028660293
Cold,160049,1019,1018,473,316,0,-0.0037900703
Cold,299606,1778,1777,473,316,0,-0.006000269
Cold,106035,699,698,473,316,0,-0.011668697
Cold,100460,670,669,473,316,0,0.0065972917
Cold,91621,608,607,473,316,0,-0.0030788835
Cold,360735,2106,2105,473,316,0,0.0014748469
Cold,77474,524,523,473,316,0,-0.012701207
Cold,119212,770,769,473,316,0,0.002715631
Cold,70758,476,475,473,316,0,-0.00077973213
Cold,87076,569,568,473,316,1,-0.010871382
Cold,72002,482,481,473,316,0,0.00091252895
Cold,67423,453,452,473,316,0,-0.009812022
Cold,65329,438,437,473,316,1,-0.021172442
Cold,251137,1516,1515,473,316,0,0.0033657076
Cold,78437,528,527,473,316,0,-0.006917349
Cold,58239,392,391,473,316,0,-0.011830953
Cold,36766,245,244,473,316,0,-0.0027788852
Cold,30120,202,201,473,316,0,-0.009149948
Cold,29359,199,198,473,316,1,-0.0085470565
Cold,291360,1737,1736,473,316,0,-0.0134064425
Cold,23277,166,165,473,316,0,7.012347e-05
Cold,3359,25,24,473,316,0,0.0014908717
Cold,2790,22,21,473,316,0,0.00091089215
Cold,49709,329,328,473,316,0,-0.004934296
Cold,255505,1556,1555,473,316,0,-0.011275998
Cold,237866,1447,1446,473,316,0,-0.0016441848
Cold,386053,2258,2257,473,316,0,-0.0056741033
Cold,342432,2015,2014,473,316,1,0.0029774073
Cold,171585,1088,1087,473,316,0,-0.007211855
Cold,750643,4478,4477,473,316,0,-0.0046976674
Cold,331567,1958,1957,473,316,0,0.00018810912
Cold,924126,5580,5579,473,316,0,0.0018364927
Cold,907808,5492,5491,473,316,0,0.004226472
Cold,893308,5394,5393,473,316,0,-0.013803594
Cold,473563,2909,2908,473,316,0,-0.009369891
Cold,328040,1941,1940,473,316,0,-0.0030178758
Cold,234940,1425,1424,473,316,0,-0.006472263
Cold,589081,3592,3591,477,319,1,0.011934245
Cold,583401,3562,3561,477,319,1,-0.012599058
Cold,580886,3547,3546,477,319,0,-0.0007842211
Cold,579292,3539,3538,477,319,1,-0.0013343939
Cold,558510,3430,3429,477,319,1,-0.0051157866
Cold,577124,3526,3525,477,319,0,-0.0063503757
Cold,547932,3380,3379,477,319,0,-0.011307763
Cold,535971,3308,3307,477,319,0,0.0034997652
Cold,535532,3305,3304,477,319,1,-0.006774829
Cold,525628,3246,3245,477,319,1,-0.0026693372
Cold,518461,3200,3199,477,319,0,-0.0060913134
Cold,514890,3180,3179,477,319,0,0.00743574
Cold,658362,3967,3966,477,319,0,-0.011323152
Cold,508595,3129,3128,477,319,0,-0.00017498666
Cold,500241,3072,3071,477,319,0,-0.0013222203
Cold,499385,3067,3066,477,319,1,-0.0047019715
Cold,498767,3065,3064,477,319,1,-0.0075830803
Cold,799440,4790,4789,477,319,1,0.005883673
Cold,494089,3032,3031,477,319,1,-0.00020980946
Cold,478047,2934,2933,477,319,0,-0.0015963684
Cold,477477,2931,2930,477,319,0,-0.0071479483
Cold,457884,2820,2819,477,319,0,-0.0023322427
Cold,492699,3029,3028,477,319,0,-0.006549133
Cold,446840,2753,2752,477,319,1,-0.0014969663
Cold,444082,2738,2737,477,319,1,-0.0040366286
Cold,443803,2737,2736,477,319,0,-0.0046553467
Cold,446385,2752,2751,477,319,0,-0.0039927624
Cold,442216,2722,2721,477,319,0,0.00084360875
Cold,697335,4169,4168,477,319,1,-0.0033521305
Cold,429629,2617,2616,477,319,1,-0.010594711
Cold,429127,2611,2610,477,319,1,-0.0057776384
Cold,422613,2560,2559,477,319,1,-0.010236599
Cold,420222,2540,2539,477,319,1,0.0077592935
Cold,408191,2453,2452,477,319,1,-0.005765667
Cold,464136,2860,2859,477,319,1,-0.0036366545
Cold,402285,2402,2401,477,319,0,-0.0018786676
Cold,398244,2368,2367,477,319,1,0.0044379802
Cold,413191,2485,2484,477,319,1,-0.00040533545
Cold,388607,2276,2275,477,319,0,-0.0073627057
Cold,387704,2266,2265,477,319,1,0.009405435
Cold,383663,2242,2241,477,319,1,-0.005816163
Cold,366152,2131,2130,477,319,0,-0.013966086
Cold,362299,2112,2111,477,319,0,-0.009657229
Cold,361605,2109,2108,477,319,0,0.0020130388
Cold,354075,2073,2072,477,319,1,-0.0063577984
Cold,345698,2028,2027,477,319,1,-0.0010630409
Cold,346978,2035,2034,477,319,0,-0.005277089
Cold,398595,2372,2371,477,319,1,-0.0007879967
Cold,343103,2016,2015,477,319,1,-0.015684584
Cold,333361,1968,1967,477,319,0,-0.0022637234
Cold,315198,1880,1879,477,319,1,-0.013651546
Cold,310106,1845,1844,477,319,0,-0.0030860286
Cold,279144,1680,1679,477,319,1,-0.0037010945
Cold,268507,1631,1630,477,319,1,-0.0049913814
Cold,264137,1607,1606,477,319,0,-0.0077709323
Cold,260645,1593,1592,477,319,0,0.0032533812
Cold,242780,1465,1464,477,319,1,-0.00790998
Cold,332641,1962,1961,477,319,0,-0.00045331614
Cold,236919,1440,1439,477,319,0,0.006137429
Cold,231959,1407,1406,477,319,0,-0.0054585543
Cold,231292,1400,1399,477,319,1,-0.007921099
Cold,224150,1356,1355,477,319,0,0.002336003
Cold,217999,1322,1321,477,319,0,-0.009544522
Cold,214311,1301,1300,477,319,1,0.004690799
Cold,212055,1291,1290,477,319,0,-0.0026219334
Cold,209754,1281,1280,477,319,1,-0.010253668
Cold,272883,1647,1646,477,319,1,-0.0045010755
Cold,204022,1255,1254,477,319,1,-0.0061778617
Cold,252834,1532,1531,477,319,0,-0.006232915
Cold,308020,1836,1835,477,319,1,-0.0056344187
Cold,200989,1239,1238,477,319,0,0.0030735738
Cold,196481,1207,1206,477,319,0,-0.0058549205
Cold,213429,1298,1297,477,319,1,-0.0073548825
Cold,342434,2015,2014,477,319,0,-0.0069628395
Cold,188083,1167,1166,477,319,1,-0.005811338
Cold,185228,1150,1149,477,319,0,-0.001715778
Cold,331569,1958,1957,477,319,1,0.004175966
Cold,263277,1605,1604,477,319,1,-0.002912389
Cold,328042,1941,1940,477,319,1,-0.0034004094
Cold,330709,1952,1951,477,319,0,-0.0042146146
Cold,163811,1050,1049,477,319,0,-0.009767956
Cold,160866,1022,1021,477,319,1,0.00437791
Cold,162263,1034,1033,477,319,0,0.0046351906
Cold,320053,1899,1898,477,319,1,-0.010652118
Cold,338106,1988,1987,477,319,0,0.0011511791
Cold,148732,957,956,477,319,1,-0.009717462
Cold,324402,1922,1921,477,319,1,-0.0015724378
Cold,199416,1224,1223,477,319,1,-0.008645871
Cold,138216,889,888,477,319,0,-0.007981384
Cold,131891,854,853,477,319,0,-0.0061793663
Cold,124487,801,800,477,319,1,-0.009091254
Cold,123876,798,797,477,319,1,-0.0061643664
Cold,114830,746,745,477,319,1,-0.004392916
Cold,107320,706,705,477,319,0,-0.0031745494
Cold,101672,677,676,477,319,0,-0.008615708
Cold,452085,2784,2783,477,319,0,-0.009847766
Cold,90634,601,600,477,319,1,0.0034517443
Cold,80539,534,533,477,319,0,-0.005775255
Cold,238883,1448,1447,477,319,1,-0.0057191737
Cold,77477,524,523,477,319,1,-0.0054121637
Cold,52654,346,345,477,319,1,-0.0023057861
Cold,47753,319,318,477,319,0,-0.007864229
Cold,39411,267,266,477,319,0,-0.006432426
Cold,35991,243,242,477,319,0,-0.014904587
Cold,33695,225,224,477,319,1,0.0003466385
Cold,30288,203,202,477,319,0,0.0004895835
Cold,26587,187,186,477,319,0,-0.006735259
Cold,91956,611,610,477,319,1,-0.011970593
Cold,13888,111,110,477,319,1,-0.0068463744
Cold,223510,1354,1353,477,319,1,-0.00852414
Cold,104288,692,691,477,319,1,-0.0073606255
Cold,206834,1266,1265,477,319,1,-0.013295349
Cold,102202,678,677,477,319,1,-0.012922781
Cold,79368,531,530,477,319,0,-0.00037878472
Cold,348002,2041,2040,477,319,1,0.00085759396
Cold,158133,1015,1014,477,319,1,-0.0049104234
Cold,354882,2077,2076,477,319,1,-0.0027196314
Cold,257627,1579,1578,477,319,1,-0.0034998339
Cold,164501,1051,1050,477,319,1,-0.0061883824
Cold,553904,3410,3409,477,319,0,-0.0013409692
Cold,558200,3428,3427,477,319,1,-0.00028294837
Cold,11711,90,89,477,319,0,-0.0013833181
Cold,860308,5172,5171,477,319,1,-0.0052736476
Cold,582763,3560,3559,477,319,1,-0.00076592877
Cold,335846,1980,1979,477,319,1,-0.008013452
Cold,992959,5998,5997,477,319,0,0.0014851749
Cold,537891,3312,3311,477,319,0,-0.01693733
Cold,285288,1701,1700,477,319,1,-0.004019222
Cold,847216,5090,5089,477,319,0,-0.008285224
Cold,217009,1317,1316,477,319,1,0.0020524352
Cold,739548,4418,4417,477,319,0,-0.0034293383
Cold,807269,4831,4830,477,319,0,0.0039982772
Cold,796300,4771,4770,477,319,1,-0.0030500724
Cold,193612,1194,1193,477,319,0,-0.0020533353
Cold,974607,5878,5877,477,319,0,-0.004583546
Cold,579293,3539,3538,479,320,1,-0.007131297
Cold,570281,3499,3498,479,320,0,-0.0066069295
Cold,584055,3564,3563,479,320,0,-0.00880187
Cold,768344,4578,4577,479,320,1,-0.009955794
Cold,569184,3491,3490,479,320,0,-0.014613555
Cold,581315,3550,3549,479,320,0,-0.0014110273
Cold,559082,3434,3433,479,320,0,0.0013850033
Cold,556874,3422,3421,479,320,0,-0.0064016827
Cold,549016,3389,3388,479,320,0,-0.013155348
Cold,550081,3391,3390,479,320,0,-0.008414682
Cold,537100,3311,3310,479,320,0,-0.016423427
Cold,532115,3285,3284,479,320,1,-0.00060365116
Cold,528154,3265,3264,479,320,0,-0.008471414
Cold,589873,3599,3598,479,320,0,0.0012609577
Cold,520329,3209,3208,479,320,0,-0.006556032
Cold,486258,2994,2993,479,320,0,-0.0010277387
Cold,468400,2887,2886,479,320,1,-0.0106776375
Cold,487023,2996,2995,479,320,1,-0.010519374
Cold,463262,2857,2856,479,320,0,-0.004458662
Cold,477478,2931,2930,479,320,0,-0.008782599
Cold,594806,3620,3619,479,320,0,-0.009209773
Cold,444642,2743,2742,479,320,1,0.0031172135
Cold,375089,2186,2185,479,320,1,-0.0037767785
Cold,369897,2164,2163,479,320,1,0.0029020004
Cold,349859,2054,2053,479,320,0,-0.00077252765
Cold,351775,2063,2062,479,320,0,-0.008534242
Cold,340617,2010,2009,479,320,0,-0.0105026215
Cold,315199,1880,1879,479,320,0,-0.0011238996
Cold,297468,1764,1763,479,320,1,-0.008508015
Cold,303520,1803,1802,479,320,1,-0.0075398246
Cold,292294,1741,1740,479,320,0,-0.0023797269
Cold,288872,1726,1725,479,320,0,-0.0064098835
Cold,267946,1628,1627,479,320,0,-0.006201621
Cold,360737,2106,2105,479,320,0,-0.008707587
Cold,247649,1496,1495,479,320,0,-0.007452066
Cold,243226,1466,1465,479,320,0,-0.007115079
Cold,321273,1904,1903,479,320,0,-0.00059758977
Cold,356822,2090,2089,479,320,0,-0.0035164542
Cold,233053,1418,1417,479,320,1,-0.0083802715
Cold,320771,1902,1901,479,320,1,0.0008864091
Cold,154848,999,998,479,320,0,0.0003978163
Cold,140680,904,903,479,320,0,-0.0056837224
Cold,156816,1010,1009,479,320,0,0.0020195744
Cold,276925,1675,1674,479,320,0,-0.0027953526
Cold,136543,881,880,479,320,1,-0.006916919
Cold,202469,1244,1243,479,320,0,-0.0023174658
Cold,121511,781,780,479,320,0,-0.0045808507
Cold,120747,778,777,479,320,0,-0.006566395
Cold,107909,710,709,479,320,0,-0.011394977
Cold,90928,602,601,479,320,0,-0.0070011537
Cold,270877,1639,1638,479,320,1,-0.0072433497
Cold,81638,543,542,479,320,0,-0.0021034263
Cold,77478,524,523,479,320,0,-0.0064221662
Cold,86612,566,565,479,320,0,-0.014414955
Cold,240016,1449,1448,479,320,0,-0.014210683
Cold,132435,855,854,479,320,0,0.0061345994
Cold,37602,256,255,479,320,0,-0.00759576
Cold,26024,184,183,479,320,0,-0.0074268533
Cold,234941,1425,1424,479,320,1,-0.012097956
Cold,25726,181,180,479,320,1,-0.004233763
Cold,22730,163,162,479,320,0,-0.0033217706
Cold,697337,4169,4168,479,320,0,-0.011939975
Cold,198401,1219,1218,479,320,0,-0.0050099115
Cold,354883,2077,2076,479,320,0,-0.008174029
Cold,237869,1447,1446,479,320,1,-0.015591998
Cold,572096,3507,3506,479,320,0,-0.0057733967
Cold,328043,1941,1940,479,320,1,-0.012258216
Cold,266394,1616,1615,479,320,0,0.00084153644
Cold,145787,937,936,479,320,1,-0.0076815244
Cold,599224,3648,3647,479,320,0,-0.004042696
Cold,460281,2840,2839,479,320,0,-0.0133324
Cold,933864,5636,5635,479,320,0,-0.0010026083
Cold,62882,424,423,479,320,0,-0.00991192
Cold,593794,3618,3617,482,323,0,-0.007889984
Cold,592591,3612,3611,482,323,0,-0.010476228
Cold,589766,3598,3597,482,323,0,-0.007483027
Cold,598596,3643,3642,482,323,1,-0.00763271
Cold,588811,3591,3590,482,323,1,0.0021837582
Cold,585278,3574,3573,482,323,1,0.0071382597
Cold,584684,3569,3568,482,323,1,-0.002754487
Cold,576535,3524,3523,482,323,1,-0.009375949
Cold,872660,5269,5268,482,323,0,-0.00012372225
Cold,588447,3590,3589,482,323,1,-0.016856942
Cold,579301,3539,3538,482,323,1,-0.015368408
Cold,607116,3685,3684,482,323,1,-0.0106455535
Cold,574097,3514,3513,482,323,1,-0.0077826884
Cold,572105,3507,3506,482,323,1,-0.010541091
Cold,568315,3487,3486,482,323,1,-0.009153248
Cold,553585,3409,3408,482,323,1,-0.008144908
Cold,547374,3377,3376,482,323,0,-0.0010686279
Cold,645255,3885,3884,482,323,1,-0.006390472
Cold,552939,3402,3401,482,323,0,-0.002191186
Cold,530482,3277,3276,482,323,1,-0.0059459205
Cold,525895,3249,3248,482,323,1,-0.0048174914
Cold,528163,3265,3264,482,323,0,-0.01079354
Cold,514897,3180,3179,482,323,0,-0.007561395
Cold,515456,3182,3181,482,323,1,-0.009802041
Cold,514034,3172,3171,482,323,0,-0.010758182
Cold,513495,3167,3166,482,323,1,-0.005015185
Cold,805925,4823,4822,482,323,0,-0.0063993996
Cold,507982,3126,3125,482,323,1,0.00010790955
Cold,507222,3121,3120,482,323,1,0.0008725845
Cold,501755,3081,3080,482,323,1,-0.011659192
Cold,575801,3520,3519,482,323,0,-0.0036359366
Cold,482697,2967,2966,482,323,0,-0.0027411664
Cold,480115,2946,2945,482,323,1,-0.011117848
Cold,471628,2901,2900,482,323,1,-0.003710671
Cold,478443,2935,2934,482,323,0,-0.0010402894
Cold,467527,2881,2880,482,323,1,0.0004830747
Cold,463276,2857,2856,482,323,0,-0.014561286
Cold,457336,2818,2817,482,323,1,-0.015781417
Cold,443809,2737,2736,482,323,1,-0.0052659158
Cold,446389,2752,2751,482,323,1,-0.0025716214
Cold,438597,2680,2679,482,323,0,-0.0008563376
Cold,434769,2653,2652,482,323,0,-0.012041181
Cold,431026,2627,2626,482,323,0,-0.011652431
Cold,428262,2605,2604,482,323,1,-0.0090682
Cold,426462,2590,2589,482,323,0,-0.0041901832
Cold,423731,2567,2566,482,323,0,0.00018997933
Cold,420974,2544,2543,482,323,0,-0.009092497
Cold,417809,2523,2522,482,323,1,-0.0055483733
Cold,413974,2490,2489,482,323,1,-0.0012901722
Cold,413724,2489,2488,482,323,0,-0.011528302
Cold,411741,2473,2472,482,323,0,-0.0024719322
Cold,411047,2466,2465,482,323,1,-0.0076575913
Cold,409602,2457,2456,482,323,0,-0.007818373
Cold,407256,2446,2445,482,323,1,-0.01432479
Cold,388949,2279,2278,482,323,1,0.0021135742
Cold,392872,2307,2306,482,323,1,-0.005039456
Cold,379190,2215,2214,482,323,1,-0.0036652074
Cold,378365,2208,2207,482,323,0,-0.002160465
Cold,358488,2098,2097,482,323,0,0.0022445503
Cold,351792,2063,2062,482,323,0,-0.008364427
Cold,298082,1767,1766,482,323,0,-0.0020154011
Cold,296041,1757,1756,482,323,1,-0.0066877175
Cold,282620,1694,1693,482,323,0,-0.008516804
Cold,274376,1658,1657,482,323,0,-0.013146678
Cold,265745,1613,1612,482,323,0,-0.005733561
Cold,264138,1607,1606,482,323,0,-0.0031755976
Cold,333366,1968,1967,482,323,0,-0.008358685
Cold,251333,1517,1516,482,323,0,-0.006438732
Cold,231097,1399,1398,482,323,1,-0.001209747
Cold,296447,1758,1757,482,323,1,-0.0093606245
Cold,210905,1285,1284,482,323,0,-0.005834468
Cold,205780,1264,1263,482,323,0,-0.008385281
Cold,210131,1284,1283,482,323,0,-0.0067112045
Cold,185238,1150,1149,482,323,1,-0.016464788
Cold,307407,1835,1834,482,323,1,-0.012225766
Cold,204554,1260,1259,482,323,0,-0.0056092143
Cold,411776,2474,2473,482,323,0,-0.004651374
Cold,183984,1146,1145,482,323,0,-0.006368736
Cold,160057,1019,1018,482,323,0,-0.014118208
Cold,159239,1017,1016,482,323,1,-0.0046546357
Cold,156830,1010,1009,482,323,0,-0.007588378
Cold,233394,1420,1419,482,323,1,-0.007258565
Cold,116167,752,751,482,323,1,-0.010593989
Cold,100152,669,668,482,323,0,-0.006043147
Cold,240029,1449,1448,482,323,0,-0.013036982
Cold,107920,710,709,482,323,1,-0.005049616
Cold,110795,721,720,482,323,0,-0.004987457
Cold,91625,608,607,482,323,0,-0.0076510594
Cold,77486,524,523,482,323,0,-0.011066063
Cold,70155,474,473,482,323,1,-0.01607742
Cold,72010,482,481,482,323,0,-0.008907504
Cold,74808,509,508,482,323,0,-0.0066988855
Cold,501272,3080,3079,482,323,0,-0.009737384
Cold,55742,368,367,482,323,1,-0.0074787037
Cold,32389,216,215,482,323,0,0.0010618782
Cold,20260,149,148,482,323,1,-0.005136853
Cold,290178,1733,1732,482,323,0,-0.016334848
Cold,11007,81,80,482,323,0,-0.007095444
Cold,8018,53,52,482,323,1,-0.006143914
Cold,104296,692,691,482,323,1,-0.012321074
Cold,109790,716,715,482,323,1,-0.0019186498
Cold,267949,1628,1627,482,323,0,-0.008028649
Cold,481799,2962,2961,482,323,0,-0.0051369565
Cold,158144,1015,1014,482,323,0,-0.008334024
Cold,154340,996,995,482,323,0,-0.007814766
Cold,140685,904,903,482,323,1,-0.0035716658
Cold,129383,839,838,482,323,1,-0.0105643375
Cold,265067,1611,1610,482,323,1,-0.0033222327
Cold,317686,1889,1888,482,323,1,-0.0057183607
Cold,195416,1203,1202,482,323,0,-0.007327798
Cold,470731,2898,2897,482,323,1,-0.010475817
Cold,983123,5938,5937,482,323,1,-0.015979076
Cold,893313,5394,5393,482,323,1,-0.013752852
Cold,718907,4305,4304,482,323,1,-0.00085799885
Cold,62896,424,423,482,323,0,-0.0062062293
Cold,550092,3391,3390,482,323,0,-0.008750056
Cold,211668,1287,1286,483,324,1,-0.009627381
Cold,223517,1354,1353,483,324,1,0.0036787833
Cold,158146,1015,1014,483,324,1,-0.010356283
Cold,241860,1457,1456,483,324,1,-0.0059151035
Cold,160059,1019,1018,483,324,0,0.0016559265
Cold,42916,293,292,483,324,1,-0.004934805
Cold,360746,2106,2105,483,324,1,-0.0025056256
Cold,50406,331,330,483,324,1,-0.008109153
Cold,319322,1897,1896,483,324,0,-0.0100703165
Cold,476346,2926,2925,483,324,0,-0.010531258
Cold,322334,1912,1911,483,324,0,-0.0066592107
Cold,194828,1202,1201,483,324,1,-0.0074985656
Cold,59994,408,407,483,324,1,-0.015143934
Cold,550094,3391,3390,483,324,1,-0.0075256373
Cold,699961,4186,4185,486,326,0,-0.002097124
Cold,52265,343,342,486,326,1,0.0067946645
Cold,171595,1088,1087,486,326,0,0.0033216588
Cold,877517,5302,5301,486,326,0,-0.002255533
Cold,473582,2909,2908,487,327,0,0.0015506769
Cold,136556,881,880,487,327,0,-0.0054890476
Cold,189358,1173,1172,489,328,0,0.012413046
Cold,156833,1010,1009,489,328,0,0.0039025042
Cold,125415,807,806,489,328,0,0.002352729
Cold,121516,781,780,489,328,0,0.0026827683
Cold,111180,722,721,489,328,0,0.009826862
Cold,441947,2718,2717,489,328,0,-0.004065656
Cold,697346,4169,4168,489,328,0,0.0042654164
Cold,360749,2106,2105,489,328,0,0.0035623403
Cold,291377,1737,1736,489,328,0,0.004648606
Cold,190872,1181,1180,489,328,0,0.0123536885
Cold,84133,550,549,489,328,0,0.0012109614
Cold,238895,1448,1447,489,328,1,0.0065549267
Cold,67431,453,452,489,328,0,-0.0065151034
Cold,132444,855,854,489,328,0,0.007258928
Cold,784449,4682,4681,489,328,1,0.0030997547
Cold,32392,216,215,489,328,0,-0.006176764
Cold,31597,214,213,489,328,0,0.0028600052
Cold,240033,1449,1448,489,328,0,0.0078068096
Cold,368353,2153,2152,489,328,0,-0.0035585617
Cold,6421,45,44,489,328,0,-0.0009149264
Cold,78443,528,527,489,328,0,-0.0009181282
Cold,354892,2077,2076,489,328,1,0.006371068
Cold,333821,1969,1968,489,328,0,-0.0023224861
Cold,272172,1645,1644,489,328,1,0.0019332373
Cold,102215,678,677,489,328,0,0.0042923125
Cold,964463,5812,5811,489,328,0,0.003036946
Cold,331577,1958,1957,489,328,0,-0.005776084
Cold,689840,4126,4125,489,328,0,0.0051794737
Cold,889251,5367,5366,489,328,0,0.007957083
Cold,562558,3462,3461,489,328,0,0.0025880644
Cold,335859,1980,1979,489,328,0,0.003904744
Cold,328066,1941,1940,489,328,0,0.008562244
Cold,272898,1647,1646,489,328,0,0.002149716
Cold,178096,1120,1119,489,328,0,0.0011636165
Cold,771869,4600,4599,489,328,0,-0.004728717
Cold,550097,3391,3390,489,328,0,0.002512309
Cold,62172,419,418,489,328,0,-0.00021828851
Cold,550110,3391,3390,490,329,1,-0.005026773
Cold,539187,3315,3314,490,329,1,-0.0004644757
Cold,535988,3308,3307,490,329,0,0.0010290759
Cold,542203,3336,3335,490,329,0,-0.0024264315
Cold,532129,3285,3284,490,329,1,-0.005667232
Cold,526749,3259,3258,490,329,0,-0.0047644526
Cold,883380,5333,5332,490,329,1,-0.0054741083
Cold,688055,4116,4115,490,329,1,-0.005373951
Cold,521434,3217,3216,490,329,0,0.0024826438
Cold,522532,3224,3223,490,329,0,0.0020170358
Cold,507752,3125,3124,490,329,1,-0.0048959656
Cold,503251,3091,3090,490,329,1,0.005099525
Cold,499404,3067,3066,490,329,1,-0.0035282164
Cold,494116,3032,3031,490,329,1,-0.0030764856
Cold,718910,4305,4304,490,329,1,-0.00576647
Cold,487892,3001,3000,490,329,0,-0.00042458507
Cold,485032,2986,2985,490,329,0,0.00070654904
Cold,880126,5317,5316,490,329,1,-0.00425646
Cold,457908,2820,2819,490,329,0,-0.002054675
Cold,453044,2790,2789,490,329,1,0.0028077697
Cold,450846,2777,2776,490,329,1,-0.0016336893
Cold,431635,2629,2628,490,329,1,0.0017515342
Cold,420225,2540,2539,490,329,1,-0.008798536
Cold,402990,2406,2405,490,329,1,-0.0026805524
Cold,400760,2387,2386,490,329,0,-0.010990044
Cold,382858,2237,2236,490,329,1,-0.007861906
Cold,379191,2215,2214,490,329,0,-0.0033699076
Cold,377804,2205,2204,490,329,0,0.00280928
Cold,373181,2179,2178,490,329,0,-0.0046070786
Cold,363013,2116,2115,490,329,0,-0.0005989222
Cold,358493,2098,2097,490,329,0,-0.0021668593
Cold,351808,2063,2062,490,329,0,-0.0059945574
Cold,343633,2018,2017,490,329,1,-0.004119478
Cold,344603,2022,2021,490,329,1,-0.005081089
Cold,360057,2105,2104,490,329,0,0.003902886
Cold,565566,3475,3474,490,329,1,-0.0011090859
Cold,210921,1285,1284,490,329,0,-0.001846737
Cold,279194,1680,1679,490,329,0,-0.0028966076
Cold,185257,1150,1149,490,329,0,-0.009807959
Cold,183989,1146,1145,490,329,0,-0.0063539715
Cold,163821,1050,1049,490,329,0,-0.004374465
Cold,320072,1899,1898,490,329,1,-0.0018182115
Cold,221321,1340,1339,490,329,0,-0.005809882
Cold,267956,1628,1627,490,329,1,-0.008899819
Cold,348012,2041,2040,490,329,0,0.006346991
Cold,146097,939,938,490,329,0,-0.005278573
Cold,145340,935,934,490,329,1,0.0006755572
Cold,225238,1362,1361,490,329,1,0.0016424849
Cold,138257,889,888,490,329,0,-0.0042742733
Cold,266634,1617,1616,490,329,1,-0.00519083
Cold,202482,1244,1243,490,329,0,-0.007821613
Cold,132825,856,855,490,329,0,-0.0057046968
Cold,233400,1420,1419,490,329,0,-0.0022234642
Cold,131901,854,853,490,329,1,-0.00045617146
Cold,374817,2185,2184,490,329,0,0.0018665576
Cold,332645,1962,1961,490,329,0,-0.007838933
Cold,128167,829,828,490,329,1,-0.001577894
Cold,349281,2050,2049,490,329,1,-0.004645639
Cold,153030,984,983,490,329,0,-0.0069154883
Cold,109283,714,713,490,329,1,-0.0019334275
Cold,379005,2213,2212,490,329,1,0.0019027857
Cold,117489,757,756,490,329,1,-0.0038195257
Cold,107932,710,709,490,329,0,-0.0011989432
Cold,100159,669,668,490,329,0,-0.0026596882
Cold,99725,666,665,490,329,0,0.0029675579
Cold,98806,660,659,490,329,0,-0.005621575
Cold,97533,654,653,490,329,0,-0.0038599134
Cold,110803,721,720,490,329,1,0.0067839054
Cold,92421,618,617,490,329,0,-0.0059804562
Cold,697355,4169,4168,490,329,1,-0.0051323595
Cold,480122,2946,2945,490,329,0,-0.0155573655
Cold,92052,612,611,490,329,0,-0.0069053588
Cold,320779,1902,1901,490,329,0,-0.0024074828
Cold,83099,549,548,490,329,1,-0.012707122
Cold,190888,1181,1180,490,329,0,-0.011437821
Cold,77498,524,523,490,329,1,-0.0047786143
Cold,238907,1448,1447,490,329,1,-0.012672162
Cold,68712,461,460,490,329,1,0.004307081
Cold,74815,509,508,490,329,1,-0.008279614
Cold,404150,2415,2414,490,329,0,-0.0031903824
Cold,47799,319,318,490,329,0,-0.000733278
Cold,582968,3561,3560,490,329,1,-0.0032385318
Cold,338120,1988,1987,490,329,1,-0.0061639543
Cold,254364,1546,1545,490,329,1,-0.007304251
Cold,55757,368,367,490,329,1,-0.005493231
Cold,36822,245,244,490,329,1,-0.0077425875
Cold,181988,1137,1136,490,329,1,-0.0010755901
Cold,31303,211,210,490,329,1,0.0023294871
Cold,23367,167,166,490,329,0,-0.006167964
Cold,947732,5722,5721,490,329,0,0.0056329183
Cold,21339,156,155,490,329,1,0.00036623515
Cold,18284,141,140,490,329,1,-0.0023248454
Cold,15969,125,124,490,329,1,0.0022344512
Cold,290185,1733,1732,490,329,0,-0.006670388
Cold,5516,38,37,490,329,0,0.0049025593
Cold,382002,2232,2231,490,329,0,-0.002442893
Cold,206844,1266,1265,490,329,1,-0.004035946
Cold,481808,2962,2961,490,329,0,-0.008139843
Cold,158162,1015,1014,490,329,0,0.0017511202
Cold,250392,1509,1508,490,329,0,-0.00047256448
Cold,50427,331,330,490,329,0,-0.0012741117
Cold,743167,4445,4444,490,329,0,0.0047549717
Cold,354899,2077,2076,490,329,0,-0.013280122
Cold,453718,2793,2792,490,329,1,-0.007435555
Cold,575803,3520,3519,490,329,0,0.006761796
Cold,150578,970,969,490,329,0,-0.010287682
Cold,76358,518,517,490,329,1,0.0027267174
Cold,844317,5074,5073,490,329,0,-0.0062331464
Cold,310666,1851,1850,490,329,0,-0.001259598
Cold,293744,1748,1747,490,329,1,0.001956461
Cold,365746,2129,2128,490,329,0,-0.0031706311
Cold,460668,2841,2840,490,329,1,-0.00055754534
Cold,169917,1079,1078,490,329,0,-0.0023646827
Cold,164526,1051,1050,490,329,0,0.0013799984
Cold,265074,1611,1610,490,329,0,0.0021638488
Cold,51599,338,337,490,329,1,-0.0074018543
Cold,317695,1889,1888,490,329,0,-0.011263309
Cold,79379,531,530,490,329,0,0.00095151446
Cold,328082,1941,1940,490,329,0,-0.0002998145
Cold,609643,3695,3694,490,329,0,-0.0057573235
Cold,331585,1958,1957,490,329,0,-0.0026037565
Cold,473594,2909,2908,490,329,1,0.0041643335
Cold,322340,1912,1911,490,329,0,-0.0004225904
Cold,116177,752,751,490,329,0,-0.007249275
Cold,790743,4728,4727,490,329,0,-0.0036118603
Cold,206069,1264,1263,501,336,1,-0.00488673
Cold,308197,1836,1835,501,336,1,0.0025395341
Cold,185773,1150,1149,501,336,1,-0.0022225583
Cold,307705,1835,1834,501,336,1,-0.009343089
Cold,201793,1242,1241,501,336,1,-0.01057551
Cold,169665,1077,1076,501,336,0,-0.014079069
Cold,168682,1069,1068,501,336,1,-0.0031957105
Cold,330821,1952,1951,501,336,1,0.0016426509
Cold,138807,889,888,501,336,0,-0.0045033093
Cold,133484,862,861,501,336,0,-0.009118333
Cold,200155,1228,1227,501,336,0,-0.0028779497
Cold,111929,728,727,501,336,0,-0.004722301
Cold,107385,706,705,501,336,0,-0.0070831254
Cold,101003,673,672,501,336,1,-0.0052983677
Cold,528579,3266,3265,501,336,1,-0.0030037276
Cold,89653,590,589,501,336,1,-0.00062253745
Cold,33609,225,224,501,336,0,-0.004443156
Cold,199903,1227,1226,501,336,1,-0.0027909246
Cold,431209,2627,2626,501,336,0,0.00065464666
Cold,152539,981,980,501,336,0,-0.0054821894
Cold,274728,1660,1659,501,336,1,-0.001007414
Cold,7882,53,52,501,336,1,-0.011267653
Cold,272,5,4,501,336,0,-0.010576368
Cold,421232,2544,2543,501,336,0,-0.010103991
Cold,158655,1015,1014,501,336,0,-0.012435341
Cold,129691,839,838,501,336,0,-0.006358072
Cold,23814,169,168,501,336,0,0.0007550628
Cold,322694,1912,1911,501,336,0,0.0009452128
Cold,561964,3457,3456,501,336,0,-0.005543885
Cold,497411,3054,3053,501,336,1,-0.007602509
Cold,290532,1733,1732,501,336,1,-0.0057028937
Cold,187815,1164,1163,501,336,0,-0.008288784
Cold,821759,4940,4939,501,336,0,-0.0014357618
Cold,790875,4728,4727,501,336,1,-0.0125692645
Cold,536276,3308,3307,502,337,0,0.008454216
Cold,544164,3353,3352,502,337,0,0.008506321
Cold,531278,3280,3279,502,337,0,0.0036637303
Cold,520430,3209,3208,502,337,0,0.009333202
Cold,517123,3191,3190,502,337,0,0.004809076
Cold,502283,3082,3081,502,337,0,0.0092029
Cold,575581,3519,3518,502,337,0,0.018456116
Cold,494506,3032,3031,502,337,0,0.0039969096
Cold,486416,2994,2993,502,337,0,0.0007932093
Cold,478290,2934,2933,502,337,0,0.0038455548
Cold,472880,2907,2906,502,337,0,0.014590865
Cold,474093,2909,2908,502,337,0,-0.0015716599
Cold,487214,2996,2995,502,337,0,-0.0006064294
Cold,456610,2810,2809,502,337,0,0.0060259346
Cold,560042,3441,3440,502,337,0,0.009979139
Cold,430202,2621,2620,502,337,0,0.011413005
Cold,373595,2180,2179,502,337,0,0.0011489294
Cold,370089,2164,2163,502,337,0,0.010944619
Cold,367356,2144,2143,502,337,1,0.004300819
Cold,366283,2131,2130,502,337,0,0.008339489
Cold,361917,2109,2108,502,337,0,0.015887449
Cold,340934,2010,2009,502,337,0,0.01019725
Cold,341819,2012,2011,502,337,0,0.007070944
Cold,337229,1983,1982,502,337,0,0.008407
Cold,297728,1764,1763,502,337,1,0.008713718
Cold,303637,1803,1802,502,337,0,0.011810439
Cold,289035,1726,1725,502,337,0,0.009708842
Cold,274538,1658,1657,502,337,1,0.01764142
Cold,262371,1600,1599,502,337,0,0.0044171936
Cold,309379,1841,1840,502,337,0,0.002046636
Cold,361116,2106,2105,502,337,0,0.0028832923
Cold,236252,1433,1432,502,337,0,-0.003545221
Cold,301876,1793,1792,502,337,0,0.004365794
Cold,356923,2090,2089,502,337,1,0.0076696337
Cold,376476,2195,2194,502,337,1,0.0053202184
Cold,233198,1418,1417,502,337,0,-0.0017657187
Cold,224343,1356,1355,502,337,0,0.0028229528
Cold,278000,1676,1675,502,337,0,0.0076382905
Cold,279922,1680,1679,502,337,0,0.008296332
Cold,213688,1298,1297,502,337,0,0.006603742
Cold,328707,1941,1940,502,337,0,0.011481879
Cold,191442,1181,1180,502,337,0,0.009164342
Cold,235704,1426,1425,502,337,0,0.0023692818
Cold,173382,1099,1098,502,337,0,0.0054551223
Cold,170159,1083,1082,502,337,1,0.0009688926
Cold,172982,1096,1095,502,337,0,0.007220584
Cold,227718,1380,1379,502,337,0,0.0020975033
Cold,342806,2015,2014,502,337,0,0.0062205214
Cold,156056,1004,1003,502,337,0,0.0028586336
Cold,164855,1051,1050,502,337,0,0.0076548173
Cold,157241,1010,1009,502,337,0,0.004441422
Cold,277168,1675,1674,502,337,0,0.0075223395
Cold,145634,936,935,502,337,0,0.009780848
Cold,263690,1605,1604,502,337,0,0.0033604023
Cold,126740,817,816,502,337,0,0.0019275667
Cold,121609,781,780,502,337,0,0.0012146011
Cold,115004,746,745,502,337,0,0.0054542636
Cold,114570,744,743,502,337,0,0.0079288725
Cold,104766,694,693,502,337,0,0.001522532
Cold,480301,2946,2945,502,337,0,0.014203499
Cold,299815,1778,1777,502,337,0,0.012316466
Cold,239325,1448,1447,502,337,0,0.0014189417
Cold,119530,770,769,502,337,0,0.0015366152
Cold,68884,461,460,502,337,0,0.011955027
Cold,75092,509,508,502,337,0,-0.0008374407
Cold,408792,2454,2453,502,337,0,0.0058489502
Cold,53957,352,351,502,337,0,0.00526021
Cold,334057,1969,1968,502,337,0,0.007644075
Cold,46303,309,308,502,337,0,0.0090874545
Cold,46511,310,309,502,337,0,-0.00068473443
Cold,38068,260,259,502,337,0,-0.00980888
Cold,538188,3312,3311,502,337,0,0.0036727437
Cold,627088,3792,3791,502,337,0,0.00960537
Cold,29292,199,198,502,337,0,0.012436362
Cold,291696,1737,1736,502,337,0,0.010588603
Cold,31247,210,209,502,337,1,0.0018510566
Cold,22657,163,162,502,337,0,0.005876328
Cold,19553,148,147,502,337,0,0.0014276551
Cold,12362,93,92,502,337,0,0.008840891
Cold,27299,192,191,502,337,0,0.0040484425
Cold,10552,75,74,502,337,0,0.004788817
Cold,389508,2282,2281,502,337,0,0.003703745
Cold,198497,1219,1218,502,337,0,0.0070863515
Cold,40075,271,270,502,337,0,0.0066275615
Cold,78685,528,527,502,337,0,0.012439159
Cold,829263,4979,4978,502,337,0,0.016210794
Cold,682764,4085,4084,502,337,0,0.0057058046
Cold,102637,678,677,502,337,0,-0.002193239
Cold,331931,1958,1957,502,337,0,0.008085251
Cold,599476,3648,3647,502,337,0,0.005156247
Cold,581441,3550,3549,502,337,0,0.008329696
Cold,700069,4186,4185,502,337,0,0.014199354
Cold,877563,5302,5301,502,337,0,0.004718775
Cold,193903,1194,1193,502,337,0,0.01678197
Cold,273270,1647,1646,502,337,0,0.010426275
Cold,669213,4022,4021,504,338,0,0.0038167336
Cold,667704,4016,4015,504,338,1,-0.0010220385
Cold,714175,4277,4276,504,338,1,-0.0035922904
Cold,651641,3929,3928,504,338,0,0.00093596603
Cold,666042,4007,4006,504,338,0,0.0044859084
Cold,702672,4213,4212,504,338,1,0.0019716264
Cold,641155,3853,3852,504,338,1,-0.0056873346
Cold,641927,3859,3858,504,338,1,0.002544783
Cold,664266,3999,3998,504,338,0,-0.0072320006
Cold,638580,3841,3840,504,338,1,-0.012570955
Cold,618415,3746,3745,504,338,1,0.005186881
Cold,623554,3771,3770,504,338,0,0.0010651387
Cold,615390,3726,3725,504,338,0,0.012052037
Cold,613037,3715,3714,504,338,1,0.0012474568
Cold,654360,3942,3941,504,338,0,0.00045180693
Cold,598694,3643,3642,504,338,1,0.012855138
Cold,605035,3678,3677,504,338,0,0.0041584633
Cold,555965,3416,3415,504,338,0,-0.0032159134
Cold,549268,3389,3388,504,338,0,-0.0026051719
Cold,904457,5468,5467,504,338,0,-0.005716926
Cold,537488,3311,3310,504,338,0,0.0056563877
Cold,531791,3283,3282,504,338,1,0.004656807
Cold,517127,3191,3190,504,338,0,0.0061365035
Cold,589955,3599,3598,504,338,1,0.0055883913
Cold,500909,3077,3076,504,338,1,0.0047689015
Cold,498020,3056,3055,504,338,0,0.0010756648
Cold,633624,3824,3823,504,338,0,0.007415861
Cold,486419,2994,2993,504,338,0,-0.001447856
Cold,484494,2983,2982,504,338,1,0.008018385
Cold,472885,2907,2906,504,338,1,0.013063317
Cold,591314,3607,3606,504,338,0,0.0053743143
Cold,487217,2996,2995,504,338,0,0.0031450167
Cold,451191,2777,2776,504,338,0,-0.012976557
Cold,445016,2744,2743,504,338,1,-0.0050534653
Cold,564737,3471,3470,504,338,0,0.00234766
Cold,424830,2576,2575,504,338,0,-0.003535706
Cold,426620,2590,2589,504,338,0,-0.001605297
Cold,422855,2562,2561,504,338,1,0.005605975
Cold,408428,2453,2452,504,338,0,-0.0026378934
Cold,392523,2304,2303,504,338,1,-0.0051070233
Cold,386744,2261,2260,504,338,0,-0.00069353613
Cold,376869,2200,2199,504,338,0,0.009757983
Cold,370805,2167,2166,504,338,0,0.0015637637
Cold,358648,2098,2097,504,338,0,-0.0019942834
Cold,356557,2088,2087,504,338,0,-0.0022890791
Cold,340937,2010,2009,504,338,0,0.00036351848
Cold,333545,1968,1967,504,338,0,0.0043459386
Cold,305955,1820,1819,504,338,0,-0.0015399647
Cold,305527,1817,1816,504,338,0,0.0004029401
Cold,297733,1764,1763,504,338,1,0.010054855
Cold,296206,1757,1756,504,338,0,0.004886239
Cold,303640,1803,1802,504,338,0,-0.0010374378
Cold,292557,1741,1740,504,338,0,0.00908752
Cold,289038,1726,1725,504,338,0,-0.0055720005
Cold,268389,1630,1629,504,338,0,0.0009019665
Cold,266731,1617,1616,504,338,0,0.0056775906
Cold,266079,1613,1612,504,338,0,-0.004410927
Cold,303132,1800,1799,504,338,0,-4.44022e-05
Cold,253610,1542,1541,504,338,0,-0.0063573904
Cold,244771,1473,1472,504,338,0,0.010212351
Cold,283305,1696,1695,504,338,1,0.00046768447
Cold,232189,1408,1407,504,338,0,0.0020117443
Cold,227333,1377,1376,504,338,0,-0.0005832941
Cold,221932,1342,1341,504,338,1,0.0035609028
Cold,267337,1624,1623,504,338,0,0.0063506328
Cold,220047,1333,1332,504,338,0,-0.0064281886
Cold,278006,1676,1675,504,338,0,-0.0022696096
Cold,206074,1264,1263,504,338,0,0.0070734927
Cold,303941,1805,1804,504,338,1,-0.0028363434
Cold,320888,1902,1901,504,338,0,-0.002988447
Cold,186989,1159,1158,504,338,0,-0.006912608
Cold,177700,1119,1118,504,338,0,0.010854606
Cold,191992,1182,1181,504,338,0,0.0063593136
Cold,164056,1050,1049,504,338,0,-7.501454e-05
Cold,275730,1667,1666,504,338,0,0.0013648006
Cold,155021,999,998,504,338,0,0.012628517
Cold,225325,1362,1361,504,338,0,-0.0006872902
Cold,157246,1010,1009,504,338,0,-0.0038537458
Cold,138815,889,888,504,338,0,-0.012703697
Cold,136934,881,880,504,338,0,0.00013254047
Cold,135855,877,876,504,338,0,0.0027768314
Cold,202694,1244,1243,504,338,0,0.0036563675
Cold,131510,851,850,504,338,1,0.0035999701
Cold,352341,2063,2062,504,338,0,0.0042725275
Cold,126742,817,816,504,338,0,0.00652447
Cold,120817,778,777,504,338,0,0.0031439438
Cold,106316,699,698,504,338,0,0.0020008164
Cold,97410,652,651,504,338,0,-0.0051436415
Cold,90999,602,601,504,338,0,0.00015768269
Cold,308924,1837,1836,504,338,1,0.0012478693
Cold,86258,563,562,504,338,0,-0.0008317975
Cold,81918,543,542,504,338,1,0.004599123
Cold,77882,524,523,504,338,1,-0.006352417
Cold,68887,461,460,504,338,1,-0.0011894512
Cold,66663,445,444,504,338,0,0.0010491894
Cold,76028,516,515,504,338,0,0.0049832095
Cold,53962,352,351,504,338,0,0.013387458
Cold,44702,302,301,504,338,0,-0.0058749523
Cold,697779,4169,4168,504,338,0,-0.006698687
Cold,36646,245,244,504,338,0,-0.0019463664
Cold,31249,210,209,504,338,0,-0.000301952
Cold,27303,192,191,504,338,0,0.0024206652
Cold,364391,2122,2121,504,338,0,-0.0053979033
Cold,552645,3401,3400,504,338,1,-0.0034330194
Cold,432877,2638,2637,504,338,1,0.00074457796
Cold,238272,1447,1446,504,338,1,0.0054933717
Cold,572480,3507,3506,504,338,0,-0.0060867877
Cold,109952,716,715,504,338,1,0.0059882067
Cold,51521,338,337,504,338,1,-0.0023259462
Cold,342811,2015,2014,504,338,0,-0.0016517171
Cold,689987,4126,4125,504,338,1,0.0015998122
Cold,328713,1941,1940,504,338,0,0.0010769572
Cold,454032,2793,2792,504,338,1,-0.0037849748
Cold,145917,937,936,504,338,1,-0.0016528375
Cold,599480,3648,3647,504,338,0,0.010671294
Cold,497747,3055,3054,504,338,0,0.00021732622
Cold,893505,5394,5393,504,338,0,0.008785075
Cold,195038,1202,1201,504,338,0,0.008184861
Cold,79734,531,530,505,339,1,0.0046931207
Cold,697780,4169,4168,505,339,0,0.0043889172
Cold,49602,329,328,505,339,0,0.0034548803
Cold,238274,1447,1446,505,339,1,0.009211423
Cold,352344,2063,2062,505,339,0,0.012180598
Cold,700071,4186,4185,505,339,0,0.004621543
Cold,413317,2485,2484,505,339,0,0.0024638337
Cold,172081,1088,1087,505,339,0,0.0053623356
Cold,342812,2015,2014,505,339,0,0.003215865
Cold,369400,2161,2160,506,340,1,0.0091921445
Cold,336361,1980,1979,506,340,0,0.000904504
Cold,326216,1930,1929,506,340,1,0.0018930518
Cold,318539,1892,1891,506,340,0,-0.008377671
Cold,310197,1845,1844,506,340,1,-0.0042305947
Cold,325604,1926,1925,506,340,1,-0.011495018
Cold,296623,1758,1757,506,340,1,0.0011770596
Cold,212170,1291,1290,506,340,1,-0.0037517904
Cold,279931,1680,1679,506,340,0,-0.0046260636
Cold,209591,1279,1278,506,340,0,-0.0067674797
Cold,185779,1150,1149,506,340,0,-0.0028163176
Cold,263692,1605,1604,506,340,0,-0.00023192586
Cold,169853,1078,1077,506,340,1,0.001357232
Cold,167552,1067,1066,506,340,1,0.005004035
Cold,168684,1069,1068,506,340,1,0.0077410396
Cold,328717,1941,1940,506,340,0,0.013333116
Cold,195751,1203,1202,506,340,1,-0.00047071045
Cold,221631,1340,1339,506,340,0,0.0045495806
Cold,199638,1224,1223,506,340,1,-0.010235169
Cold,138818,889,888,506,340,0,0.0035190624
Cold,116595,752,751,506,340,1,0.0018479021
Cold,101007,673,672,506,340,0,0.0028904807
Cold,97984,655,654,506,340,1,-0.0069238856
Cold,631827,3821,3820,506,340,0,0.0021797605
Cold,697782,4169,4168,506,340,0,0.00068874285
Cold,241478,1451,1450,506,340,1,-1.5323516e-05
Cold,284517,1698,1697,506,340,1,-0.00876098
Cold,89411,588,587,506,340,1,-0.0083895335
Cold,239331,1448,1447,506,340,1,-0.0064348923
Cold,77886,524,523,506,340,0,0.00837368
Cold,80397,533,532,506,340,1,0.010025237
Cold,197473,1211,1210,506,340,0,-0.006589073
Cold,201798,1242,1241,506,340,0,-0.01220548
Cold,23820,169,168,506,340,0,0.0029491885
Cold,17595,136,135,506,340,1,0.00022876635
Cold,16734,131,130,506,340,1,0.0047553466
Cold,14101,114,113,506,340,1,0.0019570666
Cold,7890,53,52,506,340,1,0.0012165459
Cold,324593,1922,1921,506,340,1,0.004201348
Cold,563,8,7,506,340,0,0.0063290745
Cold,274,5,4,506,340,1,-0.002472855
Cold,158663,1015,1014,506,340,1,0.009875791
Cold,416927,2507,2506,506,340,1,-0.0013623832
Cold,934032,5636,5635,506,340,1,-0.00040571904
Cold,485312,2986,2985,506,340,1,0.0015955826
Cold,160417,1019,1018,506,340,0,-0.0008462843
Cold,251263,1516,1515,506,340,1,-0.0058302656
Cold,415873,2504,2503,506,340,0,0.0029995544
Cold,287868,1717,1716,506,340,1,0.008376837
Cold,60878,411,410,506,340,1,0.0042581884
Cold,276469,1671,1670,506,340,0,0.00044713134
Cold,509940,3140,3139,506,340,0,0.014342235
Cold,700072,4186,4185,506,340,1,0.004406338
Cold,841592,5054,5053,506,340,0,-0.0052393847
Cold,539267,3315,3314,511,344,1,0.00048699777
Cold,537505,3311,3310,511,344,0,-0.0013974728
Cold,554932,3412,3411,511,344,1,0.0015665283
Cold,515728,3182,3181,511,344,0,-0.004536397
Cold,508819,3129,3128,511,344,0,-4.062429e-06
Cold,589959,3599,3598,511,344,0,-0.0008598815
Cold,502288,3082,3081,511,344,0,-0.0015132244
Cold,550607,3391,3390,511,344,1,-0.0063777994
Cold,494535,3032,3031,511,344,1,0.009943594
Cold,486425,2994,2993,511,344,0,-0.0032805307
Cold,463619,2857,2856,511,344,0,-0.000870283
Cold,487227,2996,2995,511,344,1,0.0005226758
Cold,452599,2786,2785,511,344,0,-0.0038392833
Cold,451207,2777,2776,511,344,1,0.002532483
Cold,448580,2764,2763,511,344,0,-0.0064200144
Cold,564747,3471,3470,511,344,0,0.00033472385
Cold,437284,2669,2668,511,344,0,0.0057745194
Cold,435968,2664,2663,511,344,0,-0.0015786106
Cold,417747,2522,2521,511,344,0,0.001046143
Cold,406341,2437,2436,511,344,1,0.008606644
Cold,404747,2419,2418,511,344,0,0.006446507
Cold,402527,2402,2401,511,344,0,-0.006527453
Cold,400013,2380,2379,511,344,0,-0.0066555957
Cold,390196,2288,2287,511,344,0,-0.0010283573
Cold,377464,2203,2202,511,344,0,-0.0025381288
Cold,375216,2186,2185,511,344,1,0.0076956265
Cold,370099,2164,2163,511,344,0,-0.0053110123
Cold,349631,2051,2050,511,344,0,0.0005501092
Cold,342823,2015,2014,511,344,0,-0.0017368542
Cold,340952,2010,2009,511,344,0,0.0023318082
Cold,314755,1879,1878,511,344,1,0.00172143
Cold,315606,1880,1879,511,344,0,-0.010844406
Cold,297184,1762,1761,511,344,0,-0.0024808957
Cold,295379,1753,1752,511,344,0,-0.006123555
Cold,297747,1764,1763,511,344,1,-0.008155869
Cold,285758,1704,1703,511,344,1,0.007645187
Cold,303946,1805,1804,511,344,0,0.0007475731
Cold,304360,1807,1806,511,344,0,-0.0027770903
Cold,256398,1564,1563,511,344,0,-0.0028775595
Cold,303139,1800,1799,511,344,0,0.0007317412
Cold,253099,1537,1536,511,344,1,0.005019725
Cold,244777,1473,1472,511,344,0,-0.00021629827
Cold,356928,2090,2089,511,344,0,-0.00371865
Cold,221652,1340,1339,511,344,0,0.009484604
Cold,202703,1244,1243,511,344,0,0.0063143587
Cold,182570,1139,1138,511,344,0,0.009334495
Cold,249032,1501,1500,511,344,1,-0.010673614
Cold,155029,999,998,511,344,1,0.0037544868
Cold,148872,957,956,511,344,0,0.00021632854
Cold,136950,881,880,511,344,0,-0.00551627
Cold,134615,869,868,511,344,1,-0.0077590137
Cold,110455,720,719,511,344,1,0.0045313565
Cold,240549,1449,1448,511,344,0,-0.007187212
Cold,109958,716,715,511,344,0,0.0026880465
Cold,101533,676,675,511,344,0,0.0031653205
Cold,299830,1778,1777,511,344,1,-0.00032955746
Cold,150807,970,969,511,344,1,-0.0062864632
Cold,81933,543,542,511,344,1,-0.0068391506
Cold,239350,1448,1447,511,344,1,-0.0065702554
Cold,191477,1181,1180,511,344,0,0.008212559
Cold,77906,524,523,511,344,0,-0.0069186166
Cold,119543,770,769,511,344,0,0.01076038
Cold,72356,482,481,511,344,0,-0.0031609843
Cold,67883,454,453,511,344,0,-0.0028060963
Cold,75109,509,508,511,344,0,-0.0037577976
Cold,58184,392,391,511,344,0,0.0034476845
Cold,44717,302,301,511,344,0,-0.0007337665
Cold,145514,935,934,511,344,1,-0.008378249
Cold,35902,242,241,511,344,0,0.0008978134
Cold,33628,225,224,511,344,0,0.0088263005
Cold,29309,199,198,511,344,0,0.009910505
Cold,27320,192,191,511,344,0,0.0030193066
Cold,54614,355,354,511,344,1,-0.00628705
Cold,25826,182,181,511,344,1,0.0013791326
Cold,25684,181,180,511,344,0,-0.004698671
Cold,270238,1635,1634,511,344,0,0.004525015
Cold,22676,163,162,511,344,0,0.0011805503
Cold,16331,129,128,511,344,1,0.00023640948
Cold,10314,73,72,511,344,0,-0.003453371
Cold,7359,52,51,511,344,1,0.00028573233
Cold,17215,134,133,511,344,0,-0.003006457
Cold,30637,204,203,511,344,0,0.0021669646
Cold,3603,26,25,511,344,1,0.007011151
Cold,106534,701,700,511,344,1,0.0032032693
Cold,50318,331,330,511,344,0,0.0049955538
Cold,682780,4085,4084,511,344,1,0.0012867604
Cold,157264,1010,1009,511,344,0,-0.0014882591
Cold,599494,3648,3647,511,344,0,-0.0023116604
Cold,893509,5394,5393,511,344,0,0.009123412
Cold,63402,424,423,511,344,0,-0.00069993397
Cold,941824,5682,5681,511,344,1,-0.0005976693
Cold,193914,1194,1193,511,344,1,-0.007289377
Cold,637133,3836,3835,512,345,0,-0.0031950828
Cold,627994,3801,3800,512,345,1,0.009931864
Cold,638613,3841,3840,512,345,0,0.010779743
Cold,623569,3771,3770,512,345,0,0.0019657393
Cold,652138,3931,3930,512,345,0,0.0039100316
Cold,621373,3762,3761,512,345,0,-0.0022813394
Cold,726181,4344,4343,512,345,0,0.007379231
Cold,590878,3603,3602,512,345,0,-0.0015917504
Cold,584476,3568,3567,512,345,0,0.006866535
Cold,555973,3416,3415,512,345,0,-0.0069098705
Cold,537507,3311,3310,512,345,0,0.005087112
Cold,530038,3272,3271,512,345,0,-0.004457309
Cold,523942,3229,3228,512,345,0,-0.00054706284
Cold,517502,3193,3192,512,345,0,0.0042951405
Cold,514165,3173,3172,512,345,0,-0.00651968
Cold,506903,3118,3117,512,345,0,-8.782139e-05
Cold,505709,3110,3109,512,345,0,0.005788222
Cold,501904,3081,3080,512,345,0,0.0030454448
Cold,589960,3599,3598,512,345,1,-0.0087488
Cold,497754,3055,3054,512,345,0,0.009946901
Cold,641160,3853,3852,512,345,0,-0.0101542175
Cold,494537,3032,3031,512,345,1,0.004652805
Cold,500052,3069,3068,512,345,0,-0.006747434
Cold,489338,3012,3011,512,345,0,0.0038552165
Cold,486758,2995,2994,512,345,1,-0.0012199658
Cold,489777,3013,3012,512,345,1,0.001986664
Cold,479373,2941,2940,512,345,0,-0.0009400712
Cold,591315,3607,3606,512,345,0,0.0007411387
Cold,710367,4260,4259,512,345,0,0.0048755975
Cold,467100,2878,2877,512,345,1,-0.00029646035
Cold,465295,2869,2868,512,345,1,-0.0005406556
Cold,463621,2857,2856,512,345,1,-0.003475842
Cold,464374,2860,2859,512,345,1,-0.0033010647
Cold,458296,2820,2819,512,345,0,0.0034266831
Cold,440591,2694,2693,512,345,1,-0.00092416897
Cold,427875,2599,2598,512,345,1,0.00670777
Cold,426631,2590,2589,512,345,0,-0.010025054
Cold,419004,2529,2528,512,345,0,-0.0020170067
Cold,411140,2466,2465,512,345,0,0.0058968402
Cold,395388,2335,2334,512,345,0,0.00376843
Cold,384274,2244,2243,512,345,0,0.0028950907
Cold,385429,2251,2250,512,345,0,-0.0024005845
Cold,374433,2181,2180,512,345,0,-0.0057670446
Cold,370806,2167,2166,512,345,1,-0.003203292
Cold,368658,2155,2154,512,345,1,0.00765929
Cold,366804,2138,2137,512,345,1,-0.004957401
Cold,358651,2098,2097,512,345,0,-0.0061355755
Cold,356562,2088,2087,512,345,1,0.00044232747
Cold,361932,2109,2108,512,345,0,-0.0055131093
Cold,346726,2031,2030,512,345,0,0.0026326873
Cold,344485,2021,2020,512,345,1,0.0052610547
Cold,340953,2010,2009,512,345,0,-0.0029265452
Cold,342825,2015,2014,512,345,1,0.0018669728
Cold,333558,1968,1967,512,345,0,-0.0032653196
Cold,330457,1950,1949,512,345,0,0.0058639315
Cold,323533,1919,1918,512,345,0,0.0012194403
Cold,317063,1884,1883,512,345,0,-0.01060572
Cold,300761,1781,1780,512,345,1,-0.0005479958
Cold,305530,1817,1816,512,345,0,-0.0027106754
Cold,293312,1746,1745,512,345,0,-0.0015024871
Cold,292570,1741,1740,512,345,0,0.001682699
Cold,279974,1680,1679,512,345,0,-0.0049979184
Cold,277182,1675,1674,512,345,0,-0.0012061422
Cold,278023,1676,1675,512,345,1,0.00070499815
Cold,272525,1646,1645,512,345,0,0.012057975
Cold,271570,1641,1640,512,345,0,-0.0054238653
Cold,268390,1630,1629,512,345,0,0.003690925
Cold,315609,1880,1879,512,345,0,-0.012931139
Cold,247924,1496,1495,512,345,0,0.0027267348
Cold,234604,1424,1423,512,345,0,0.0037734052
Cold,224562,1357,1356,512,345,0,-0.00020215334
Cold,221934,1342,1341,512,345,0,-0.008389043
Cold,220060,1333,1332,512,345,0,0.009249347
Cold,200437,1230,1229,512,345,0,0.001565062
Cold,196213,1206,1205,512,345,0,-0.0022224383
Cold,195047,1202,1201,512,345,0,-0.00047402852
Cold,328752,1941,1940,512,345,0,-0.004859168
Cold,177707,1119,1118,512,345,0,0.0057308124
Cold,166153,1058,1057,512,345,0,0.0069552776
Cold,165836,1057,1056,512,345,0,-0.0013047346
Cold,159451,1017,1016,512,345,1,-0.0074403463
Cold,147141,948,947,512,345,1,1.7090235e-05
Cold,141021,908,907,512,345,0,-0.0032301773
Cold,157265,1010,1009,512,345,0,0.010052223
Cold,136152,880,879,512,345,1,-0.0021598474
Cold,134617,869,868,512,345,1,0.0060405396
Cold,131512,851,850,512,345,0,0.008476302
Cold,138849,889,888,512,345,0,-0.0043014386
Cold,352371,2063,2062,512,345,0,0.0006654118
Cold,114124,741,740,512,345,1,0.0013700761
Cold,117690,757,756,512,345,0,0.0022035681
Cold,250523,1509,1508,512,345,1,-0.0030543082
Cold,91000,602,601,512,345,0,-0.00021380105
Cold,86264,563,562,512,345,0,0.002427215
Cold,291716,1737,1736,512,345,1,-0.0017420144
Cold,81313,541,540,512,345,0,0.00176327
Cold,84538,550,549,512,345,0,0.0022921956
Cold,66665,445,444,512,345,0,0.00048172195
Cold,76033,516,515,512,345,0,0.008742923
Cold,53982,352,351,512,345,0,0.0062278872
Cold,51211,337,336,512,345,0,0.006735687
Cold,49618,329,328,512,345,0,0.0024024798
Cold,45241,305,304,512,345,0,-0.002286937
Cold,41248,278,277,512,345,1,-0.0083276555
Cold,697803,4169,4168,512,345,1,-0.00459911
Cold,36667,245,244,512,345,0,-0.001993246
Cold,19572,148,147,512,345,1,0.0015954501
Cold,18139,139,138,512,345,0,-0.0017931
Cold,290556,1733,1732,512,345,0,-0.0048828516
Cold,17216,134,133,512,345,0,-0.0066743577
Cold,552660,3401,3400,512,345,0,-0.0035856566
Cold,366295,2131,2130,512,345,0,0.0020837807
Cold,329591,1943,1942,512,345,0,-0.0053674974
Cold,310876,1851,1850,512,345,0,0.004289963
Cold,158693,1015,1014,512,345,0,-0.000303793
Cold,271865,1643,1642,512,345,1,0.000634569
Cold,215721,1306,1305,512,345,0,0.002175983
Cold,460868,2841,2840,512,345,1,-0.0053606047
Cold,195769,1203,1202,512,345,0,-0.002068906
Cold,7912,53,52,513,346,1,-0.0033711419
Cold,6987,48,47,513,346,0,0.0012665353
Cold,238297,1447,1446,513,346,0,0.0016542558
Cold,129706,839,838,513,346,0,0.0015837708
Cold,328756,1941,1940,513,346,1,0.0028003836
Cold,136951,881,880,513,346,1,0.006889784
Cold,719047,4305,4304,513,346,0,0.005172784
Cold,574956,3518,3517,518,351,1,0.004502112
Cold,784611,4682,4681,518,351,0,-0.0013813783
Cold,501500,3080,3079,518,351,0,0.00018705806
Cold,499752,3067,3066,518,351,1,-0.00010573183
Cold,493021,3029,3028,518,351,0,0.00016735494
Cold,492197,3026,3025,518,351,0,-3.3242628e-05
Cold,518007,3196,3195,518,351,1,0.012808662
Cold,530045,3272,3271,518,351,0,0.00097176223
Cold,475216,2916,2915,518,351,0,0.0008477191
Cold,646844,3892,3891,518,351,0,-0.0020605393
Cold,448963,2767,2766,518,351,0,-0.0037953625
Cold,451215,2777,2776,518,351,1,0.01201394
Cold,438915,2681,2680,518,351,0,-0.0043602223
Cold,423288,2565,2564,518,351,1,-0.0076324563
Cold,419335,2533,2532,518,351,0,-0.004983545
Cold,464377,2860,2859,518,351,0,-0.0009285067
Cold,409338,2456,2455,518,351,1,-0.0052139964
Cold,404750,2419,2418,518,351,0,0.001507755
Cold,400553,2383,2382,518,351,0,0.0050322884
Cold,392547,2304,2303,518,351,1,-0.00047327415
Cold,389570,2283,2282,518,351,0,0.005186259
Cold,379596,2219,2218,518,351,0,0.009458876
Cold,363433,2116,2115,518,351,0,0.006500703
Cold,356073,2085,2084,518,351,1,-0.004862805
Cold,361936,2109,2108,518,351,0,0.0055158865
Cold,352383,2063,2062,518,351,0,-0.008166425
Cold,341835,2012,2011,518,351,0,0.010391813
Cold,340960,2010,2009,518,351,0,0.0070016137
Cold,287253,1714,1713,518,351,0,0.00017089117
Cold,276607,1672,1671,518,351,0,0.0019916806
Cold,336394,1980,1979,518,351,0,-0.00026628538
Cold,213101,1297,1296,518,351,0,0.0004969153
Cold,278030,1676,1675,518,351,0,0.008270784
Cold,279993,1680,1679,518,351,0,0.006247089
Cold,244220,1470,1469,518,351,0,0.008396063
Cold,196776,1207,1206,518,351,0,0.0021474063
Cold,188460,1169,1168,518,351,0,0.0041934308
Cold,178401,1120,1119,518,351,0,0.0033977453
Cold,179268,1124,1123,518,351,1,-0.00023229176
Cold,173866,1100,1099,518,351,0,0.0048296745
Cold,168089,1068,1067,518,351,1,0.0026175184
Cold,156072,1004,1003,518,351,0,0.0052434807
Cold,164882,1051,1050,518,351,1,0.0018903129
Cold,145116,934,933,518,351,0,-0.0013166212
Cold,136959,881,880,518,351,0,0.013965339
Cold,135874,877,876,518,351,0,0.0084577575
Cold,132123,854,853,518,351,0,0.0064601577
Cold,120622,777,776,518,351,0,0.0005780669
Cold,112722,731,730,518,351,0,-0.0036758105
Cold,108323,710,709,518,351,0,0.0068527297
Cold,86852,566,565,518,351,0,0.00027021964
Cold,406242,2436,2435,518,351,1,0.007615907
Cold,84546,550,549,518,351,0,-0.0016470989
Cold,119550,770,769,518,351,0,-0.0010259976
Cold,81941,543,542,518,351,0,0.0040221466
Cold,72361,482,481,518,351,0,0.0032253165
Cold,251270,1516,1515,518,351,0,0.00079236215
Cold,44036,301,300,518,351,0,0.0013445388
Cold,697816,4169,4168,518,351,0,0.0029620288
Cold,404090,2414,2413,518,351,0,0.001536
Cold,219331,1329,1328,518,351,0,0.004625235
Cold,337245,1983,1982,518,351,1,-0.0032979022
Cold,31568,214,213,518,351,0,0.0023724006
Cold,300043,1779,1778,518,351,1,0.007219778
Cold,3609,26,25,518,351,0,-0.004898699
Cold,6997,48,47,518,351,0,0.004818159
Cold,28375,195,194,518,351,1,0.006480071
Cold,79755,531,530,518,351,0,0.00018071849
Cold,158698,1015,1014,518,351,0,0.00021904125
Cold,78702,528,527,518,351,0,0.00024854683
Cold,238306,1447,1446,518,351,0,-0.0055525876
Cold,531289,3280,3279,518,351,0,0.007030283
Cold,371145,2168,2167,518,351,1,0.008251265
Cold,572499,3507,3506,518,351,0,0.00012265751
Cold,567740,3483,3482,518,351,0,0.0028162757
Cold,342832,2015,2014,518,351,0,-0.007244128
Cold,317953,1889,1888,518,351,0,0.008525025
Cold,160447,1019,1018,518,351,0,-0.009822737
Cold,599501,3648,3647,518,351,0,0.0026278696
Cold,134626,869,868,518,351,0,-0.0029808045
Cold,63418,424,423,518,351,0,0.0032389595
Cold,509948,3140,3139,518,351,0,0.0058340337
Cold,295779,1755,1754,518,351,0,0.00088989
Cold,714201,4277,4276,518,351,0,0.008261959
Cold,748355,4467,4466,518,351,0,-0.005138551
Cold,193918,1194,1193,518,351,0,-0.0030515548
Cold,357722,2092,2091,518,351,0,0.0044847466
Cold,633658,3824,3823,518,351,0,-0.0042855428
Cold,562804,3462,3461,518,351,0,0.024933018
Cold,441124,2700,2699,521,354,1,-0.00010398636
Cold,431231,2627,2626,521,354,1,-0.0044966345
Cold,427277,2593,2592,521,354,1,-0.0018369094
Cold,609768,3695,3694,521,354,0,-0.0052274647
Cold,408458,2453,2452,521,354,0,0.0026941386
Cold,379273,2215,2214,521,354,1,-0.0010723402
Cold,349637,2051,2050,521,354,0,-0.008857974
Cold,325065,1925,1924,521,354,1,-0.004712943
Cold,302319,1794,1793,521,354,0,-0.011942374
Cold,338393,1988,1987,521,354,0,-0.0067252014
Cold,206102,1264,1263,521,354,0,-0.008652288
Cold,280024,1680,1679,521,354,1,-0.018347953
Cold,185822,1150,1149,521,354,1,0.00040120026
Cold,211416,1285,1284,521,354,1,-0.0013911678
Cold,184164,1146,1145,521,354,0,-0.0017238518
Cold,160464,1019,1018,521,354,0,-0.002418434
Cold,158718,1015,1014,521,354,0,0.00047507742
Cold,144278,929,928,521,354,1,-0.0030330173
Cold,144421,930,929,521,354,0,-0.0052247867
Cold,157286,1010,1009,521,354,1,-0.0032489689
Cold,135883,877,876,521,354,0,0.0010289028
Cold,352398,2063,2062,521,354,0,-0.013652616
Cold,124099,799,798,521,354,0,-0.0106097795
Cold,115580,749,748,521,354,1,0.0015869476
Cold,240576,1449,1448,521,354,1,-0.009685025
Cold,100355,669,668,521,354,1,-0.0075694574
Cold,99102,660,659,521,354,0,-0.002746567
Cold,320903,1902,1901,521,354,1,0.005224728
Cold,88172,581,580,521,354,0,-0.007970019
Cold,308951,1837,1836,521,354,0,-0.01207939
Cold,191513,1181,1180,521,354,0,-0.0018178775
Cold,83574,549,548,521,354,1,-0.003927761
Cold,77933,524,523,521,354,1,-0.0044177724
Cold,70294,474,473,521,354,1,-0.0050846906
Cold,72379,482,481,521,354,1,-0.0019002995
Cold,76808,520,519,521,354,1,-0.008585766
Cold,49640,329,328,521,354,0,-0.007108133
Cold,697832,4169,4168,521,354,0,-0.010616582
Cold,38391,261,260,521,354,0,-0.005259025
Cold,290577,1733,1732,521,354,0,0.00320685
Cold,154472,996,995,521,354,1,-0.006593723
Cold,20174,149,148,521,354,1,0.0011873734
Cold,9416,62,61,521,354,1,-0.008297751
Cold,7934,53,52,521,354,1,0.0010752727
Cold,104580,692,691,521,354,1,0.0023475594
Cold,3037,23,22,521,354,0,0.0049546435
Cold,210355,1284,1283,521,354,1,-0.0039323973
Cold,482059,2962,2961,521,354,0,-0.0029241648
Cold,355211,2077,2076,521,354,0,-0.0082435
Cold,150818,970,969,521,354,0,-0.0018423367
Cold,109966,716,715,521,354,1,-0.001360314
Cold,567752,3483,3482,521,354,1,-0.0063631213
Cold,195788,1203,1202,521,354,0,-0.006473749
Cold,50338,331,330,521,354,0,-0.0039822217
Cold,310887,1851,1850,521,354,0,-0.0077894893
Cold,174364,1101,1100,521,354,0,-0.005692171
Cold,959117,5787,5786,521,354,1,-0.012729291
Cold,310889,1851,1850,522,355,0,0.010538008
Cold,13628,108,107,522,355,0,0.011288684
Cold,8239,57,56,522,355,1,0.0016315486
Cold,7936,53,52,522,355,1,0.005146724
Cold,20176,149,148,522,355,1,0.013732843
Cold,743188,4445,4444,522,355,0,-0.0043213624
Cold,416967,2507,2506,522,355,1,0.014283341
Cold,265318,1611,1610,522,355,1,0.011363203
Cold,790885,4728,4727,522,355,1,0.01621253
Cold,166162,1058,1057,522,355,1,0.013314922
Cold,937141,5653,5652,522,355,0,0.0062427204
Cold,467444,2880,2879,522,355,1,-0.0012894545
Cold,526900,3259,3258,522,355,1,0.011398425
Cold,673441,4042,4041,522,355,0,0.005186606
Cold,960467,5792,5791,522,355,1,0.0055916915
Cold,571254,3503,3502,522,355,1,0.0069380584
Cold,136971,881,880,522,355,0,0.0057460363
Cold,223122,1352,1351,522,355,0,0.0022047884
Cold,144422,930,929,522,355,0,0.00031635934
Cold,59964,408,407,522,355,1,0.007324567
Cold,290580,1733,1732,522,355,1,0.0113258315
Cold,191516,1181,1180,522,355,0,0.015034139
Cold,116632,752,751,522,355,0,0.015701683
Cold,408459,2453,2452,523,356,0,-0.002490404
Cold,393280,2310,2309,523,356,1,-0.0005908968
Cold,383176,2238,2237,523,356,1,-0.006941537
Cold,381420,2230,2229,523,356,0,-0.0025935816
Cold,373249,2179,2178,523,356,0,-0.0034809883
Cold,336413,1980,1979,523,356,1,0.0055826185
Cold,324606,1922,1921,523,356,1,-0.00062203733
Cold,333029,1963,1962,523,356,1,0.0027916771
Cold,306726,1829,1828,523,356,0,0.0010620593
Cold,316004,1882,1881,523,356,1,0.0051453505
Cold,302907,1799,1798,523,356,1,0.007774703
Cold,302321,1794,1793,523,356,0,-0.0013783644
Cold,274767,1661,1660,523,356,1,0.010183864
Cold,280029,1680,1679,523,356,1,0.0016058311
Cold,264266,1607,1606,523,356,0,-0.0053280587
Cold,226723,1374,1373,523,356,1,-0.0055076564
Cold,296639,1758,1757,523,356,1,-0.013370857
Cold,209818,1281,1280,523,356,1,-0.013837157
Cold,201034,1239,1238,523,356,0,0.0045912215
Cold,209607,1279,1278,523,356,1,-0.00011584489
Cold,199659,1224,1223,523,356,0,0.00048160367
Cold,286137,1707,1706,523,356,1,0.005207535
Cold,168714,1069,1068,523,356,1,-0.0065081767
Cold,151403,974,973,523,356,0,-0.003841757
Cold,151765,975,974,523,356,1,-0.008099683
Cold,144423,930,929,523,356,0,-0.0060177427
Cold,154666,998,997,523,356,1,-0.01332202
Cold,384801,2247,2246,523,356,1,0.0039258706
Cold,128377,830,829,523,356,0,0.001676094
Cold,322747,1912,1911,523,356,1,-0.0041250754
Cold,258629,1584,1583,523,356,0,0.0060929037
Cold,124615,801,800,523,356,1,-0.0046996344
Cold,123185,795,794,523,356,0,0.01076415
Cold,111764,727,726,523,356,0,-0.011531921
Cold,295082,1752,1751,523,356,1,-0.003182898
Cold,241506,1451,1450,523,356,1,0.0021823398
Cold,432247,2634,2633,523,356,1,0.0012032108
Cold,197487,1211,1210,523,356,0,-0.005125015
Cold,61417,412,411,523,356,1,0.0073616663
Cold,92018,611,610,523,356,0,-0.0038252259
Cold,22077,161,160,523,356,1,0.0036553747
Cold,26557,187,186,523,356,1,0.011302115
Cold,33647,225,224,523,356,1,-0.00465557
Cold,158720,1015,1014,523,356,1,0.0012620394
Cold,574966,3518,3517,523,356,0,0.0017651008
Cold,575612,3519,3518,523,356,0,-0.0034811292
Cold,680810,4079,4078,523,356,1,-0.008917157
Cold,160467,1019,1018,523,356,0,0.0048770625
Cold,246978,1491,1490,523,356,1,0.0011712364
Cold,565813,3475,3474,523,356,0,-0.008649424
Cold,535162,3301,3300,523,356,1,0.0032492457
Cold,313041,1865,1864,523,356,1,0.0017608544
Cold,259696,1587,1586,523,356,1,-0.001726761
Cold,460880,2841,2840,523,356,1,-0.013436742
Cold,187832,1164,1163,523,356,1,0.0033477908
Cold,290582,1733,1732,523,356,1,0.00853622
Cold,193932,1194,1193,523,356,1,0.0007479284
Cold,310896,1851,1850,528,359,0,0.0054323147
Cold,951441,5747,5746,528,359,0,-0.010449231
Cold,160474,1019,1018,528,359,0,-0.009135349
Cold,215734,1306,1305,528,359,1,0.0015869318
Cold,206506,1265,1264,528,359,0,0.005755024
Cold,217381,1317,1316,528,359,0,0.0031808761
Cold,700087,4186,4185,528,359,0,-0.0020783804
Cold,550653,3391,3390,528,359,0,-0.008363264
Cold,611473,3705,3704,540,369,0,-0.005959036
Cold,606116,3681,3680,540,369,0,0.0008356772
Cold,604915,3677,3676,540,369,0,0.00047678937
Cold,637173,3836,3835,540,369,0,0.0012860005
Cold,600377,3650,3649,540,369,0,-0.0092751905
Cold,594459,3618,3617,540,369,0,-0.0013629736
Cold,590903,3603,3602,540,369,0,0.0020490326
Cold,731420,4375,4374,540,369,1,0.0012832294
Cold,583752,3562,3561,540,369,0,0.002083905
Cold,759441,4510,4509,540,369,0,-0.0018040566
Cold,940340,5675,5674,540,369,0,-0.0036083825
Cold,579842,3539,3538,540,369,0,-0.0018476779
Cold,572568,3507,3506,540,369,0,-0.0017768025
Cold,557941,3425,3424,540,369,0,0.0077238264
Cold,556013,3416,3415,540,369,0,0.004279489
Cold,771925,4600,4599,540,369,0,0.00012327847
Cold,550712,3391,3390,540,369,0,-0.004658229
Cold,904478,5468,5467,540,369,0,0.0055827377
Cold,536338,3308,3307,540,369,0,-0.0073052794
Cold,542517,3336,3335,540,369,0,0.0039758934
Cold,528852,3269,3268,540,369,0,0.0010871117
Cold,532461,3285,3284,540,369,0,0.0028945925
Cold,688248,4116,4115,540,369,0,-0.0017779547
Cold,537585,3311,3310,540,369,0,0.0044572535
Cold,517166,3191,3190,540,369,0,-0.0021798415
Cold,521600,3217,3216,540,369,0,0.0046819113
Cold,523069,3224,3223,540,369,0,0.0016511871
Cold,659322,3971,3970,540,369,0,0.0009419711
Cold,494621,3032,3031,540,369,1,-0.0041553816
Cold,628907,3807,3806,540,369,0,0.0033529778
Cold,492222,3026,3025,540,369,0,0.0013654532
Cold,496692,3051,3050,540,369,0,-0.003148322
Cold,530104,3272,3271,540,369,0,0.00086101424
Cold,480354,2946,2945,540,369,0,-0.005895067
Cold,463689,2857,2856,540,369,0,-0.0030210954
Cold,458357,2820,2819,540,369,0,0.0022015206
Cold,493079,3029,3028,540,369,0,-0.0032306816
Cold,415122,2498,2497,540,369,0,0.0011281914
Cold,399306,2376,2375,540,369,0,0.0007478937
Cold,391232,2300,2299,540,369,1,0.0016672739
Cold,379283,2215,2214,540,369,0,-0.001754543
Cold,385461,2251,2250,540,369,0,0.0029585005
Cold,358679,2098,2097,540,369,0,-0.007163441
Cold,352468,2063,2062,540,369,0,0.0014190422
Cold,362000,2109,2108,540,369,0,0.0027305493
Cold,345229,2024,2023,540,369,0,-0.0044347905
Cold,360307,2105,2104,540,369,0,-0.0017823698
Cold,335299,1979,1978,540,369,0,0.005129815
Cold,304546,1811,1810,540,369,0,0.00020181492
Cold,295401,1753,1752,540,369,0,-0.0014304703
Cold,275305,1666,1665,540,369,0,0.0063322703
Cold,333601,1968,1967,540,369,0,0.0020883437
Cold,253193,1538,1537,540,369,0,0.0011725505
Cold,315683,1880,1879,540,369,0,-0.0019473955
Cold,237363,1445,1444,540,369,0,0.004502746
Cold,321462,1904,1903,540,369,0,-0.0028453215
Cold,262412,1600,1599,540,369,0,0.0045458
Cold,299881,1778,1777,540,369,0,0.0054969657
Cold,278100,1676,1675,540,369,0,0.0057269232
Cold,210385,1284,1283,540,369,1,0.0018658328
Cold,280121,1680,1679,540,369,1,-0.008203736
Cold,328865,1941,1940,540,369,0,-0.0050377734
Cold,185902,1150,1149,540,369,0,-0.0036310242
Cold,211483,1285,1284,540,369,0,-0.008521834
Cold,181194,1132,1131,540,369,1,-0.00048221397
Cold,174460,1102,1101,540,369,1,0.00039260206
Cold,179889,1125,1124,540,369,0,-0.0014991174
Cold,184184,1146,1145,540,369,0,-0.0018705213
Cold,175858,1112,1111,540,369,0,0.0059191254
Cold,164115,1050,1049,540,369,0,-0.0018652463
Cold,164952,1051,1050,540,369,0,-0.00096517464
Cold,168133,1068,1067,540,369,0,0.0024675385
Cold,145540,935,934,540,369,0,-0.006848918
Cold,223858,1354,1353,540,369,0,0.004456884
Cold,115045,746,745,540,369,0,-0.0037527955
Cold,114133,741,740,540,369,0,-0.00015330256
Cold,106392,699,698,540,369,0,0.00794303
Cold,108387,710,709,540,369,0,0.0028196857
Cold,103561,687,686,540,369,0,-0.0056259558
Cold,177300,1117,1116,540,369,0,-0.008049475
Cold,97619,654,653,540,369,0,-0.00043007522
Cold,240649,1449,1448,540,369,0,-0.006331328
Cold,111119,721,720,540,369,0,-0.0013040851
Cold,83635,549,548,540,369,0,-0.003551271
Cold,191602,1181,1180,540,369,0,0.006729784
Cold,77998,524,523,540,369,0,0.0040173647
Cold,68941,461,460,540,369,0,-0.0064584026
Cold,72425,482,481,540,369,0,1.6743084e-05
Cold,64882,435,434,540,369,0,-0.0015563802
Cold,75170,509,508,540,369,0,0.0014434902
Cold,132764,855,854,540,369,0,-0.003632462
Cold,47745,319,318,540,369,0,-0.0010134573
Cold,239439,1448,1447,540,369,0,-0.0026747957
Cold,697892,4169,4168,540,369,0,-0.0025462236
Cold,3688,26,25,540,369,0,0.0026643244
Cold,471985,2904,2903,540,369,0,-0.001529797
Cold,50383,331,330,540,369,0,0.0008568601
Cold,355253,2077,2076,540,369,0,0.0009041866
Cold,150844,970,969,540,369,0,0.0023288922
Cold,363503,2116,2115,540,369,0,-0.0013677845
Cold,51568,338,337,540,369,0,-0.00254854
Cold,102733,678,677,540,369,0,0.0037601748
Cold,79816,531,530,540,369,0,-0.0012694076
Cold,565856,3475,3474,540,369,1,-0.00011278712
Cold,474218,2909,2908,540,369,0,-0.00960724
Cold,271887,1643,1642,540,369,0,-0.0015241319
Cold,235346,1425,1424,540,369,1,-0.0060078325
Cold,903077,5458,5457,540,369,0,-0.0013586059
Cold,893541,5394,5393,540,369,0,-0.0026840651
Cold,528427,3265,3264,544,373,0,-0.012654079
Cold,589974,3599,3598,544,373,1,-0.001345478
Cold,525174,3242,3241,544,373,0,-0.00022311276
Cold,520454,3209,3208,544,373,0,-0.008692823
Cold,521602,3217,3216,544,373,0,0.0006941879
Cold,491041,3018,3017,544,373,1,-0.0059266435
Cold,496696,3051,3050,544,373,0,-0.0032553151
Cold,474222,2909,2908,544,373,1,0.0026676795
Cold,487272,2996,2995,544,373,0,-0.0063752853
Cold,477610,2931,2930,544,373,0,-0.01265646
Cold,451278,2777,2776,544,373,1,-0.0060924087
Cold,407078,2445,2444,544,373,0,-0.011984978
Cold,392613,2304,2303,544,373,1,-0.0039721616
Cold,367277,2143,2142,544,373,0,-0.0034319488
Cold,363507,2116,2115,544,373,0,-0.0027699764
Cold,350033,2054,2053,544,373,0,-0.00769413
Cold,346810,2032,2031,544,373,1,-0.0039286343
Cold,343403,2017,2016,544,373,0,0.005114633
Cold,315688,1880,1879,544,373,0,-0.010769475
Cold,297805,1764,1763,544,373,1,-0.00995823
Cold,289578,1727,1726,544,373,0,-0.0070328303
Cold,303159,1800,1799,544,373,0,-0.002962879
Cold,253826,1543,1542,544,373,0,-0.005671243
Cold,224808,1358,1357,544,373,0,-0.007864282
Cold,227385,1377,1376,544,373,0,0.0010822276
Cold,221728,1340,1339,544,373,0,-0.008894432
Cold,244258,1470,1469,544,373,0,-0.00508296
Cold,280127,1680,1679,544,373,0,-0.008448103
Cold,191606,1181,1180,544,373,0,-0.0066049793
Cold,172430,1091,1090,544,373,0,-0.0018268665
Cold,328871,1941,1940,544,373,0,-0.008328175
Cold,161796,1031,1030,544,373,1,-0.0020961217
Cold,155068,999,998,544,373,1,-0.0038275083
Cold,141088,909,908,544,373,0,-0.002918817
Cold,140809,904,903,544,373,0,0.0005477626
Cold,157341,1010,1009,544,373,0,-0.0066182152
Cold,380541,2223,2222,544,373,0,-0.0024353447
Cold,137028,881,880,544,373,0,0.0051100077
Cold,973972,5874,5873,544,373,0,0.0029314284
Cold,202754,1244,1243,544,373,0,-0.0016014581
Cold,240653,1449,1448,544,373,0,-0.008520126
Cold,106395,699,698,544,373,0,-0.004339632
Cold,179891,1125,1124,544,373,0,-0.004376253
Cold,96529,647,646,544,373,1,-0.005846197
Cold,96777,649,648,544,373,0,-0.005403155
Cold,480355,2946,2945,544,373,0,-0.01571187
Cold,91357,604,603,544,373,0,-0.0018447516
Cold,83640,549,548,544,373,0,-0.008513724
Cold,82006,543,542,544,373,0,0.0010045986
Cold,239442,1448,1447,544,373,1,0.001043248
Cold,78004,524,523,544,373,0,-0.004370514
Cold,119617,770,769,544,373,0,0.00080821244
Cold,68943,461,460,544,373,0,-0.0021193577
Cold,111121,721,720,544,373,0,-0.0005383665
Cold,145542,935,934,544,373,0,-0.003036297
Cold,37600,256,255,544,373,0,0.0030547709
Cold,22726,163,162,544,373,0,-0.00613053
Cold,270308,1635,1634,544,373,0,-0.0034521515
Cold,262635,1601,1600,544,373,1,0.0005086544
Cold,15818,123,122,544,373,0,0.0042665545
Cold,355257,2077,2076,544,373,0,-0.012869256
Cold,104623,692,691,544,373,0,-0.0058530904
Cold,238388,1447,1446,544,373,0,-0.007921942
Cold,773562,4610,4609,544,373,0,-0.0026347612
Cold,102737,678,677,544,373,0,-0.013790745
Cold,680843,4079,4078,544,373,1,-0.0059818253
Cold,145974,937,936,544,373,0,-0.0048303185
Cold,599554,3648,3647,544,373,0,0.0003195277
Cold,332014,1958,1957,544,373,0,-0.017962031
Cold,498353,3058,3057,547,375,1,0.0078335805
Cold,471749,2901,2900,547,375,0,0.0051246723
Cold,469104,2888,2887,547,375,0,0.008716302
Cold,472982,2907,2906,547,375,1,0.016058695
Cold,463693,2857,2856,547,375,0,0.013191384
Cold,487273,2996,2995,547,375,0,0.012147846
Cold,455497,2804,2803,547,375,0,0.015929999
Cold,444894,2743,2742,547,375,0,0.017528204
Cold,564824,3471,3470,547,375,0,0.009316342
Cold,429935,2620,2619,547,375,0,-0.0015572677
Cold,415313,2500,2499,547,375,0,-0.0069213132
Cold,407080,2445,2444,547,375,0,0.0034407154
Cold,392616,2304,2303,547,375,1,0.009565529
Cold,377519,2203,2202,547,375,1,0.012900778
Cold,375241,2186,2185,547,375,0,0.011295685
Cold,370382,2165,2164,547,375,1,0.0107703
Cold,368044,2148,2147,547,375,1,0.0065088877
Cold,359653,2102,2101,547,375,0,0.0041053095
Cold,352475,2063,2062,547,375,0,0.003367072
Cold,362007,2109,2108,547,375,0,0.01712881
Cold,343405,2017,2016,547,375,0,0.009775965
Cold,341020,2010,2009,547,375,0,0.012000229
Cold,314787,1879,1878,547,375,0,0.0042643254
Cold,297808,1764,1763,547,375,1,-0.00058814534
Cold,296236,1757,1756,547,375,0,0.006650353
Cold,247991,1496,1495,547,375,0,0.0117421495
Cold,240657,1449,1448,547,375,1,0.0013867305
Cold,243364,1466,1465,547,375,0,0.0055861026
Cold,283341,1696,1695,547,375,0,0.009269657
Cold,227387,1377,1376,547,375,0,0.01852596
Cold,250545,1509,1508,547,375,1,0.0033352626
Cold,280130,1680,1679,547,375,0,0.009931517
Cold,202756,1244,1243,547,375,0,0.012120745
Cold,270311,1635,1634,547,375,0,0.019947149
Cold,185909,1150,1149,547,375,0,0.0070995884
Cold,184186,1146,1145,547,375,0,0.0139922295
Cold,344501,2021,2020,547,375,1,0.0059147505
Cold,160671,1020,1019,547,375,1,0.009397179
Cold,157344,1010,1009,547,375,0,0.013683007
Cold,263778,1605,1604,547,375,1,-0.0048086895
Cold,121633,781,780,547,375,0,0.002453083
Cold,116954,753,752,547,375,0,0.012815246
Cold,119619,770,769,547,375,0,0.0056645228
Cold,106398,699,698,547,375,0,-0.00042988756
Cold,99144,660,659,547,375,1,0.008014604
Cold,92880,621,620,547,375,0,0.0145339575
Cold,109999,716,715,547,375,1,0.009214514
Cold,83643,549,548,547,375,0,0.012490347
Cold,82009,543,542,547,375,0,0.012086409
Cold,70554,475,474,547,375,0,0.011174079
Cold,70979,476,475,547,375,1,0.0030106935
Cold,54096,352,351,547,375,0,0.011342082
Cold,50921,335,334,547,375,0,0.0136902295
Cold,334118,1969,1968,547,375,1,0.017085357
Cold,697900,4169,4168,547,375,0,0.020313878
Cold,627169,3792,3791,547,375,0,0.0072317086
Cold,27390,192,191,547,375,0,0.008935278
Cold,290634,1733,1732,547,375,0,0.012170993
Cold,45463,306,305,547,375,1,0.012329571
Cold,238392,1447,1446,547,375,0,0.017246546
Cold,408501,2453,2452,547,375,1,0.020565849
Cold,599556,3648,3647,547,375,0,0.014250309
Cold,507934,3125,3124,547,375,0,0.018154088
Cold,559507,3436,3435,547,375,0,0.0042664804
Cold,595035,3620,3619,548,376,0,-0.0010916134
Cold,451280,2777,2776,548,376,0,0.002599658
Cold,564825,3471,3470,548,376,0,0.0009937695
Cold,415314,2500,2499,548,376,1,0.0033541382
Cold,392617,2304,2303,548,376,1,-0.0035002073
Cold,363509,2116,2115,548,376,0,-0.0038816528
Cold,342913,2015,2014,548,376,0,0.00063172117
Cold,341021,2010,2009,548,376,0,-0.0005221162
Cold,337293,1983,1982,548,376,0,-0.002330729
Cold,330334,1949,1948,548,376,0,-0.0016725736
Cold,315692,1880,1879,548,376,0,0.0010694328
Cold,330231,1948,1947,548,376,0,-0.0039065494
Cold,297809,1764,1763,548,376,0,0.00423407
Cold,302357,1794,1793,548,376,0,-0.004676642
Cold,289079,1726,1725,548,376,0,0.004461689
Cold,271360,1640,1639,548,376,0,0.0037129968
Cold,262418,1600,1599,548,376,0,-0.0037541846
Cold,266168,1613,1612,548,376,0,0.0021272458
Cold,248191,1497,1496,548,376,0,0.0003681
Cold,236257,1433,1432,548,376,0,0.0032366447
Cold,283342,1696,1695,548,376,0,-0.0050170957
Cold,244548,1472,1471,548,376,0,-0.013794389
Cold,233223,1418,1417,548,376,0,0.007212775
Cold,227388,1377,1376,548,376,0,0.0036990845
Cold,221731,1340,1339,548,376,0,-0.0003231319
Cold,299886,1778,1777,548,376,1,0.0009201346
Cold,200463,1230,1229,548,376,1,-0.007389999
Cold,280131,1680,1679,548,376,0,4.4621993e-06
Cold,191609,1181,1180,548,376,0,-0.005416038
Cold,173403,1099,1098,548,376,0,0.004028515
Cold,328875,1941,1940,548,376,0,0.008916882
Cold,218964,1328,1327,548,376,0,0.0037049812
Cold,148473,955,954,548,376,0,-0.0029547533
Cold,137031,881,880,548,376,0,0.0016889297
Cold,135927,877,876,548,376,0,0.008730238
Cold,202757,1244,1243,548,376,0,0.004575619
Cold,714268,4277,4276,548,376,0,-0.0010578688
Cold,254543,1546,1545,548,376,0,-0.003743194
Cold,240658,1449,1448,548,376,0,-0.0050484417
Cold,134926,872,871,548,376,0,-0.003450763
Cold,99145,660,659,548,376,0,-0.0005680751
Cold,295119,1752,1751,548,376,0,0.00015376485
Cold,480356,2946,2945,548,376,0,-0.00415735
Cold,104625,692,691,548,376,0,-0.010680927
Cold,150848,970,969,548,376,0,-0.0035040695
Cold,291770,1737,1736,548,376,1,0.0141049065
Cold,82010,543,542,548,376,1,-0.00395086
Cold,84627,550,549,548,376,0,-0.004141449
Cold,78007,524,523,548,376,0,0.007973492
Cold,111123,721,720,548,376,1,0.0015462035
Cold,44831,302,301,548,376,0,0.0056466805
Cold,42905,293,292,548,376,0,-0.005263295
Cold,40799,273,272,548,376,0,0.004809349
Cold,627170,3792,3791,548,376,0,-0.0020749853
Cold,30122,202,201,548,376,0,-0.001255535
Cold,29361,199,198,548,376,0,0.0031072753
Cold,22728,163,162,548,376,0,0.0025195447
Cold,19648,148,147,548,376,1,0.0019172698
Cold,27391,192,191,548,376,0,-0.002672508
Cold,17238,134,133,548,376,0,0.003405439
Cold,30692,204,203,548,376,0,0.011274293
Cold,108394,710,709,548,376,0,0.008038097
Cold,176193,1113,1112,548,376,0,-0.0034819096
Cold,238393,1447,1446,548,376,0,0.0016554313
Cold,778430,4647,4646,548,376,0,-0.0062083444
Cold,51574,338,337,548,376,0,-0.0046210606
Cold,599557,3648,3647,548,376,0,-0.0020020488
Cold,322805,1912,1911,548,376,0,0.0026268845
Cold,164957,1051,1050,548,376,0,-0.006852201
Cold,145975,937,936,548,376,0,0.001764738
Cold,496697,3051,3050,548,376,0,-0.0041664126
Cold,332017,1958,1957,548,376,0,-0.006678697
Cold,311406,1854,1853,548,376,0,-0.0003635144
Cold,941858,5682,5681,548,376,1,0.0016547958
Cold,294015,1748,1747,548,376,0,-0.00041428674
Cold,673476,4042,4041,548,376,0,-0.007834263
Cold,53120,349,348,548,376,0,0.0026768516
Cold,607832,3688,3687,549,377,1,0.0018446936
Cold,595413,3621,3620,549,377,1,-0.0009954525
Cold,569987,3497,3496,549,377,1,0.0034144707
Cold,566564,3476,3475,549,377,0,0.006910152
Cold,553089,3402,3401,549,377,1,0.00096810644
Cold,548160,3380,3379,549,377,0,-0.0045474437
Cold,904481,5468,5467,549,377,1,-0.0075104577
Cold,536707,3310,3309,549,377,0,-0.0020104316
Cold,535638,3306,3305,549,377,0,-0.009572374
Cold,535182,3301,3300,549,377,0,0.0041850363
Cold,527693,3261,3260,549,377,0,-0.001082774
Cold,523155,3225,3224,549,377,1,-0.0019229918
Cold,523077,3224,3223,549,377,1,-0.0011192688
Cold,513603,3167,3166,549,377,1,0.0034842822
Cold,546250,3367,3366,549,377,1,0.0037814989
Cold,482953,2967,2966,549,377,0,-0.004211899
Cold,479406,2941,2940,549,377,1,-8.2881656e-05
Cold,474854,2913,2912,549,377,1,0.0035697883
Cold,475686,2918,2917,549,377,1,0.0023216573
Cold,464694,2863,2862,549,377,1,0.0010353655
Cold,460906,2841,2840,549,377,1,0.0015890879
Cold,493085,3029,3028,549,377,1,0.0004588798
Cold,452908,2788,2787,549,377,1,0.0060435534
Cold,444023,2737,2736,549,377,0,-0.0009810491
Cold,437561,2670,2669,549,377,0,0.0052106166
Cold,421325,2544,2543,549,377,0,0.005298736
Cold,417017,2507,2506,549,377,1,-0.00010199007
Cold,401841,2397,2396,549,377,1,-0.0034996027
Cold,394868,2331,2330,549,377,1,-0.0020637708
Cold,390813,2293,2292,549,377,1,0.00439928
Cold,379810,2221,2220,549,377,1,-0.00051461265
Cold,378065,2205,2204,549,377,0,0.00017602462
Cold,369416,2161,2160,549,377,1,0.0022823724
Cold,340095,2007,2006,549,377,1,-0.0031974358
Cold,323334,1916,1915,549,377,1,-0.0057594804
Cold,302568,1796,1795,549,377,1,-0.00040013075
Cold,258031,1579,1578,549,377,1,0.0017317124
Cold,252093,1525,1524,549,377,0,0.0067399135
Cold,246537,1489,1488,549,377,1,0.008878296
Cold,225445,1364,1363,549,377,1,-0.0027703848
Cold,225393,1363,1362,549,377,1,0.00090660894
Cold,284616,1698,1697,549,377,1,-0.0067058606
Cold,220506,1335,1334,549,377,1,0.0030575027
Cold,215331,1305,1304,549,377,1,0.0015415569
Cold,211488,1285,1284,549,377,1,-0.0040211296
Cold,208456,1273,1272,549,377,1,-0.004220932
Cold,308242,1836,1835,549,377,1,-0.0007742597
Cold,201843,1242,1241,549,377,0,-0.011739131
Cold,199700,1224,1223,549,377,1,-0.004523549
Cold,197523,1211,1210,549,377,1,-0.008974145
Cold,189180,1172,1171,549,377,1,-0.008108458
Cold,184499,1147,1146,549,377,1,0.0035042907
Cold,316446,1883,1882,549,377,0,0.003082277
Cold,191610,1181,1180,549,377,0,-0.0023436863
Cold,161900,1032,1031,549,377,1,-0.00037390547
Cold,320424,1899,1898,549,377,1,-0.0008012103
Cold,158794,1015,1014,549,377,1,-0.003931814
Cold,149303,960,959,549,377,1,-0.0052730273
Cold,185911,1150,1149,549,377,1,0.0027152724
Cold,812364,4875,4874,549,377,1,0.0029189843
Cold,139515,891,890,549,377,1,0.00723306
Cold,131407,850,849,549,377,1,-0.0036954335
Cold,127956,826,825,549,377,1,0.0025022235
Cold,127864,824,823,549,377,0,-0.0038090188
Cold,125391,806,805,549,377,1,-0.005576631
Cold,254199,1545,1544,549,377,1,-0.0016558131
Cold,98021,655,654,549,377,0,-0.0021091572
Cold,82359,546,545,549,377,0,0.00030038622
Cold,84628,550,549,549,377,1,0.0029982748
Cold,75767,515,514,549,377,0,-0.0021731707
Cold,54828,358,357,549,377,1,0.0020735764
Cold,506091,3112,3111,549,377,0,0.005772708
Cold,45637,307,306,549,377,0,-0.01110619
Cold,34869,235,234,549,377,1,0.006107254
Cold,33694,225,224,549,377,0,0.0012085624
Cold,199921,1227,1226,549,377,1,0.007246502
Cold,133696,864,863,549,377,1,0.0016465142
Cold,22108,161,160,549,377,1,-0.004379192
Cold,947817,5722,5721,549,377,1,-0.0009087294
Cold,20236,149,148,549,377,1,-0.0016210289
Cold,17660,136,135,549,377,1,0.00047997152
Cold,890274,5371,5370,549,377,1,-0.0018974193
Cold,984283,5948,5947,549,377,1,0.00048376713
Cold,986846,5956,5955,549,377,1,0.0041265246
Cold,284993,1699,1698,549,377,1,-0.0035499968
Cold,455224,2802,2801,549,377,1,0.0015418625
Cold,892057,5387,5386,549,377,0,0.00054886215
Cold,89456,588,587,549,377,0,-0.0060064737
Cold,24572,173,172,549,377,0,-0.00461419
Cold,160528,1019,1018,549,377,0,0.0021728987
Cold,295121,1752,1751,549,377,0,-0.0042355494
Cold,631897,3821,3820,549,377,0,-0.0036953266
Cold,46162,308,307,549,377,1,-0.0035047662
Cold,287913,1717,1716,549,377,1,0.0028057592
Cold,821772,4940,4939,549,377,1,-0.006693949
Cold,770638,4591,4590,549,377,0,0.005701582
Cold,937443,5654,5653,549,377,1,-0.0033159
Cold,659330,3971,3970,550,378,1,-0.009213369
Cold,563268,3464,3463,550,378,0,0.0072568064
Cold,573735,3512,3511,550,378,0,-0.005342517
Cold,544804,3358,3357,550,378,1,0.0028267936
Cold,904485,5468,5467,550,378,0,-0.004818793
Cold,542532,3336,3335,550,378,0,-0.01116278
Cold,536356,3308,3307,550,378,1,0.0026473382
Cold,529305,3271,3270,550,378,0,-0.009100118
Cold,526378,3255,3254,550,378,0,-0.0037814947
Cold,524765,3239,3238,550,378,1,-0.0031472659
Cold,518179,3197,3196,550,378,1,-0.004057454
Cold,513268,3163,3162,550,378,0,-0.004031624
Cold,511234,3153,3152,550,378,1,-0.0027616175
Cold,509982,3140,3139,550,378,1,-0.00027659896
Cold,505892,3111,3110,550,378,0,-1.9871863e-05
Cold,503727,3095,3094,550,378,0,-0.0061169714
Cold,502331,3082,3081,550,378,1,-0.014158817
Cold,499824,3067,3066,550,378,1,-0.00046439294
Cold,493100,3029,3028,550,378,0,-0.004303718
Cold,492228,3026,3025,550,378,0,-0.00033634866
Cold,488808,3007,3006,550,378,1,-0.001775152
Cold,490458,3017,3016,550,378,0,-0.011375431
Cold,497490,3054,3053,550,378,0,-0.009803344
Cold,485405,2986,2985,550,378,1,0.0060484973
Cold,469108,2888,2887,550,378,1,-0.009322252
Cold,468057,2885,2884,550,378,1,0.009447292
Cold,880250,5317,5316,550,378,1,-0.011731377
Cold,461022,2842,2841,550,378,0,-0.0020792154
Cold,453360,2792,2791,550,378,0,0.0070465347
Cold,451290,2777,2776,550,378,1,-0.0048947334
Cold,428900,2609,2608,550,378,1,-0.000999995
Cold,417033,2507,2506,550,378,0,-0.0077551473
Cold,408513,2453,2452,550,378,1,-0.002153363
Cold,401193,2390,2389,550,378,0,-0.009943423
Cold,404807,2419,2418,550,378,1,-0.011055654
Cold,375779,2188,2187,550,378,0,0.0074856775
Cold,358740,2099,2098,550,378,0,-0.0049615097
Cold,352500,2063,2062,550,378,1,-0.0044248495
Cold,362018,2109,2108,550,378,0,-0.0045620175
Cold,359035,2100,2099,550,378,1,-0.010032425
Cold,360322,2105,2104,550,378,0,-0.00014582393
Cold,323344,1916,1915,550,378,1,0.0043506874
Cold,299895,1778,1777,550,378,0,-0.008821397
Cold,302369,1794,1793,550,378,0,-0.0024079052
Cold,296242,1757,1756,550,378,1,0.009550279
Cold,287280,1714,1713,550,378,1,0.0018394317
Cold,281467,1687,1686,550,378,1,-0.0028194776
Cold,306445,1825,1824,550,378,1,-0.0028832455
Cold,266541,1616,1615,550,378,0,0.0037431316
Cold,259742,1587,1586,550,378,0,-0.0049642837
Cold,243369,1466,1465,550,378,0,-0.0031669303
Cold,262426,1600,1599,550,378,0,0.003157284
Cold,253195,1538,1537,550,378,1,0.0009951476
Cold,231811,1404,1403,550,378,0,-0.005130215
Cold,336509,1980,1979,550,378,0,-0.006634599
Cold,276541,1671,1670,550,378,0,-0.005630684
Cold,289591,1727,1726,550,378,1,-0.013243122
Cold,296670,1758,1757,550,378,0,-0.0045850966
Cold,326892,1937,1936,550,378,0,0.00015187939
Cold,206166,1264,1263,550,378,1,-0.012546783
Cold,203920,1254,1253,550,378,0,-0.01383829
Cold,280164,1680,1679,550,378,1,-0.010538515
Cold,215193,1303,1302,550,378,0,-0.010186408
Cold,305221,1812,1811,550,378,1,-0.008566329
Cold,189187,1172,1171,550,378,0,-0.0020335792
Cold,328902,1941,1940,550,378,0,0.0013132792
Cold,164122,1050,1049,550,378,1,0.0039345855
Cold,189552,1173,1172,550,378,0,0.0044734078
Cold,164970,1051,1050,550,378,1,-0.0070149363
Cold,150860,970,969,550,378,0,-0.009978856
Cold,142565,919,918,550,378,1,-0.007787206
Cold,140409,899,898,550,378,0,-0.003790357
Cold,139002,889,888,550,378,0,-0.012535114
Cold,135936,877,876,550,378,0,0.0027834866
Cold,332931,1962,1961,550,378,1,-0.0003077495
Cold,125329,805,804,550,378,0,0.001202855
Cold,361210,2106,2105,550,378,0,0.0037979498
Cold,108413,710,709,550,378,0,-0.00075854186
Cold,101200,675,674,550,378,0,0.0010503728
Cold,235362,1425,1424,550,378,1,-0.0007367076
Cold,90849,601,600,550,378,0,0.00040679448
Cold,90306,595,594,550,378,1,0.0015087421
Cold,87374,570,569,550,378,0,0.0020303328
Cold,86905,566,565,550,378,0,-0.0073871478
Cold,78026,524,523,550,378,0,-0.00173066
Cold,82017,543,542,550,378,0,-0.002998794
Cold,72446,482,481,550,378,0,0.0020797555
Cold,69273,463,462,550,378,0,0.0046095196
Cold,65651,438,437,550,378,1,-0.0015600906
Cold,75190,509,508,550,378,0,-0.0005899123
Cold,50399,331,330,550,378,0,-0.008822327
Cold,78749,528,527,550,378,0,-0.0006138091
Cold,132778,855,854,550,378,0,-0.0062456336
Cold,89015,587,586,550,378,0,-0.00018261233
Cold,288682,1724,1723,550,378,0,-0.0025481582
Cold,49730,329,328,550,378,0,-0.003294101
Cold,4799,34,33,550,378,1,-0.005320315
Cold,3715,26,25,550,378,0,-0.00814085
Cold,207232,1266,1265,550,378,0,-0.0072920807
Cold,79829,531,530,550,378,1,-0.000786087
Cold,893552,5394,5393,550,378,0,-0.009639076
Cold,572594,3507,3506,550,378,0,-0.003808114
Cold,750747,4478,4477,550,378,1,-0.008072149
Cold,318023,1889,1888,550,378,0,-0.0011650524
Cold,102756,678,677,550,378,1,0.0013393722
Cold,383852,2242,2241,550,378,0,0.0026898582
Cold,20964,151,150,550,378,0,-0.0028610667
Cold,290645,1733,1732,550,378,0,-0.009125785
Cold,195840,1203,1202,550,378,0,-0.0035742521
Cold,286972,1712,1711,550,378,0,0.0006649189
Cold,841642,5054,5053,550,378,0,-0.0030335835
Cold,964660,5812,5811,550,378,0,-0.011009204
Cold,454790,2796,2795,550,378,0,0.0006890837
Cold,497787,3055,3054,550,378,0,-0.0033405968
Cold,501564,3080,3079,550,378,0,-0.00737466
Cold,295813,1755,1754,550,378,0,0.003022613
Cold,193970,1194,1193,550,378,0,-0.001391714
Cold,550739,3391,3390,550,378,0,-0.0025399092
Cold,470235,2895,2894,556,383,1,0.0008032031
Cold,464697,2863,2862,556,383,1,0.004144297
Cold,462940,2856,2855,556,383,0,-0.0013084938
Cold,461172,2844,2843,556,383,1,-0.0113907885
Cold,460484,2840,2839,556,383,1,0.0022612852
Cold,459688,2832,2831,556,383,1,-0.019648576
Cold,454135,2793,2792,556,383,1,-0.0024178997
Cold,444029,2737,2736,556,383,1,0.0017717304
Cold,443389,2733,2732,556,383,1,0.0139484815
Cold,437797,2674,2673,556,383,1,-0.006922948
Cold,428357,2605,2604,556,383,1,0.007592687
Cold,417041,2507,2506,556,383,1,0.0039403043
Cold,406294,2436,2435,556,383,1,0.0055081574
Cold,397141,2351,2350,556,383,1,-0.008186297
Cold,463939,2859,2858,556,383,1,0.00093134004
Cold,369419,2161,2160,556,383,1,0.006224228
Cold,334354,1973,1972,556,383,1,-0.004292052
Cold,323348,1916,1915,556,383,1,0.0012447387
Cold,302572,1796,1795,556,383,1,0.008144679
Cold,298255,1767,1766,556,383,1,0.008695316
Cold,295411,1753,1752,556,383,1,-0.00034970744
Cold,294033,1748,1747,556,383,0,-0.009416634
Cold,280174,1680,1679,556,383,1,0.0012195228
Cold,254792,1550,1549,556,383,1,-0.007967706
Cold,303165,1800,1799,556,383,1,-0.0047406973
Cold,232211,1408,1407,556,383,1,0.0062692803
Cold,329675,1943,1942,556,383,1,-0.00062098727
Cold,225447,1364,1363,556,383,1,0.00729659
Cold,336519,1980,1979,556,383,1,-0.0015770234
Cold,284643,1698,1697,556,383,1,0.0018267406
Cold,215332,1305,1304,556,383,1,-0.0013841657
Cold,211517,1285,1284,556,383,1,0.003204527
Cold,207857,1271,1270,556,383,1,-0.00493994
Cold,201859,1242,1241,556,383,1,0.0026242468
Cold,293343,1746,1745,556,383,1,0.006875217
Cold,316458,1883,1882,556,383,1,0.0093306
Cold,164127,1050,1049,556,383,1,-0.0012338272
Cold,226302,1369,1368,556,383,1,-8.7183784e-05
Cold,149077,958,957,556,383,0,0.005502101
Cold,148596,956,955,556,383,1,-0.001549205
Cold,154674,998,997,556,383,1,-0.0016051203
Cold,185943,1150,1149,556,383,0,0.0021499153
Cold,130348,844,843,556,383,0,-0.0009308639
Cold,129797,839,838,556,383,1,0.00086326804
Cold,125393,806,805,556,383,1,0.0035288318
Cold,82565,548,547,556,383,1,0.0026299963
Cold,78033,524,523,556,383,1,-0.0031205497
Cold,116720,752,751,556,383,1,0.005486546
Cold,58257,392,391,556,383,1,0.010495974
Cold,47771,319,318,556,383,1,-0.00855938
Cold,45079,303,302,556,383,1,-0.000580647
Cold,33715,225,224,556,383,1,-0.0007258194
Cold,32390,216,215,556,383,0,0.0004073379
Cold,31411,212,211,556,383,1,0.0006053806
Cold,199928,1227,1226,556,383,1,-0.0050379597
Cold,22123,161,160,556,383,1,0.0012175019
Cold,26604,187,186,556,383,1,-0.0009463795
Cold,43488,299,298,556,383,1,-0.010489605
Cold,16785,131,130,556,383,1,0.0058028586
Cold,7210,49,48,556,383,1,-0.0010835193
Cold,3109,23,22,556,383,0,-0.006543548
Cold,160551,1019,1018,556,383,0,0.0031388293
Cold,932740,5630,5629,556,383,1,0.0011735855
Cold,65655,438,437,556,383,1,-0.003415999
Cold,285003,1699,1698,556,383,1,0.004379327
Cold,460919,2841,2840,556,383,1,0.0051920055
Cold,182298,1137,1136,556,383,1,0.003108372
Cold,250005,1505,1504,556,383,1,0.009378839
Cold,111784,727,726,556,383,1,-0.00026910473
Cold,287930,1717,1716,556,383,0,0.006186727
Cold,5328,36,35,556,383,1,0.00061839586
Cold,34887,235,234,556,383,1,-0.0023190822
Cold,445751,2748,2747,558,384,0,0.0033499647
Cold,444460,2742,2741,558,384,0,0.0012557195
Cold,437846,2675,2674,558,384,0,0.004992338
Cold,424155,2571,2570,558,384,0,0.008828134
Cold,419100,2529,2528,558,384,1,-0.0009166412
Cold,409879,2457,2456,558,384,0,0.009354565
Cold,403831,2411,2410,558,384,0,0.0018865867
Cold,373656,2180,2179,558,384,0,0.0104398485
Cold,370607,2166,2165,558,384,0,0.0040235687
Cold,363526,2116,2115,558,384,0,0.008494434
Cold,354420,2073,2072,558,384,0,-0.0023145229
Cold,362023,2109,2108,558,384,0,-0.00057736435
Cold,327075,1938,1937,558,384,0,0.012562619
Cold,331148,1956,1955,558,384,0,-0.00030239258
Cold,311679,1857,1856,558,384,1,-0.0011286922
Cold,300781,1781,1780,558,384,0,0.012339318
Cold,278117,1676,1675,558,384,0,0.0010735898
Cold,253653,1542,1541,558,384,0,0.0016508899
Cold,236259,1433,1432,558,384,0,0.0013776096
Cold,247414,1495,1494,558,384,0,0.004026634
Cold,376506,2195,2194,558,384,0,0.0052929916
Cold,216543,1314,1313,558,384,0,-0.008535013
Cold,280175,1680,1679,558,384,1,0.006488269
Cold,273392,1647,1646,558,384,0,0.002551938
Cold,207858,1271,1270,558,384,1,0.0069657667
Cold,250552,1509,1508,558,384,0,0.0073143453
Cold,213772,1298,1297,558,384,0,0.004756831
Cold,235923,1427,1426,558,384,0,-0.0022499855
Cold,177750,1119,1118,558,384,0,0.0008068904
Cold,249092,1501,1500,558,384,1,0.0041587087
Cold,227749,1380,1379,558,384,0,0.0019896554
Cold,364032,2120,2119,558,384,0,-0.0033220951
Cold,342930,2015,2014,558,384,0,-0.008035891
Cold,165531,1054,1053,558,384,0,8.15182e-05
Cold,314538,1878,1877,558,384,0,0.0062812157
Cold,143152,922,921,558,384,0,0.008736214
Cold,157366,1010,1009,558,384,0,0.0052661616
Cold,277261,1675,1674,558,384,0,0.007760222
Cold,134824,871,870,558,384,0,-0.0007921418
Cold,134714,869,868,558,384,1,0.0021115127
Cold,127446,822,821,558,384,0,-0.010669088
Cold,126799,817,816,558,384,0,0.009164807
Cold,124053,798,797,558,384,0,0.011830968
Cold,235367,1425,1424,558,384,0,0.007141974
Cold,166812,1060,1059,558,384,0,0.0049079256
Cold,99383,662,661,558,384,0,0.0041552484
Cold,152366,980,979,558,384,0,0.0045249444
Cold,93911,629,628,558,384,1,-0.0020732922
Cold,92241,614,613,558,384,1,0.0038774498
Cold,87524,571,570,558,384,0,0.00024109485
Cold,87376,570,569,558,384,0,0.0062571033
Cold,86297,563,562,558,384,0,0.006972722
Cold,80820,536,535,558,384,0,0.0034974322
Cold,84649,550,549,558,384,0,0.0023999275
Cold,71207,477,476,558,384,0,-0.0042561432
Cold,62259,421,420,558,384,1,0.0019002408
Cold,49736,329,328,558,384,0,-0.005348625
Cold,40128,271,270,558,384,1,0.013146844
Cold,31268,210,209,558,384,1,-0.004185926
Cold,56147,372,371,558,384,0,0.0022012948
Cold,19673,148,147,558,384,0,-0.0009987387
Cold,11228,83,82,558,384,0,0.0015623262
Cold,10577,75,74,558,384,1,-0.0018992176
Cold,30712,204,203,558,384,0,0.004703676
Cold,28504,195,194,558,384,1,0.006404373
Cold,79835,531,530,558,384,0,0.008341553
Cold,552755,3401,3400,558,384,0,-0.0011397148
Cold,139297,890,889,558,384,1,0.0023353712
Cold,386252,2258,2257,558,384,0,0.0025214728
Cold,222812,1348,1347,558,384,0,0.000118501834
Cold,12178,92,91,558,384,0,0.004789577
Cold,959143,5787,5786,558,384,0,0.0013648348
Cold,344979,2023,2022,558,384,0,0.00796231
Cold,178483,1120,1119,558,384,0,-0.011127997
Cold,690041,4126,4125,558,384,1,0.0043995585
Cold,948029,5723,5722,565,386,0,0.0072706826
Cold,255701,1556,1555,569,387,1,0.0008202391
Cold,324133,1920,1919,569,387,1,0.014577068
Cold,361232,2106,2105,569,387,0,-0.0062385295
Cold,145169,934,933,569,387,1,0.0049650986
Cold,157392,1010,1009,569,387,0,0.0033692978
Cold,141776,911,910,569,387,1,0.0050171474
Cold,263814,1605,1604,569,387,0,0.004066251
Cold,126802,817,816,569,387,0,0.00045231357
Cold,240717,1449,1448,569,387,0,-0.0035692414
Cold,106425,699,698,569,387,0,-0.018640218
Cold,99179,660,659,569,387,0,0.00273635
Cold,93922,629,628,569,387,0,0.002629534
Cold,78052,524,523,569,387,1,-5.2025076e-05
Cold,70996,476,475,569,387,1,-0.00020218058
Cold,65666,438,437,569,387,0,-2.9559713e-05
Cold,75209,509,508,569,387,0,-0.004422087
Cold,59563,403,402,569,387,0,-0.0087317005
Cold,325923,1928,1927,569,387,0,-0.006124573
Cold,58276,392,391,569,387,0,0.00089045847
Cold,38457,261,260,569,387,1,-0.0054130172
Cold,145649,936,935,569,387,1,0.012940612
Cold,30161,202,201,569,387,0,0.0005613784
Cold,27425,192,191,569,387,0,0.001180111
Cold,12190,92,91,569,387,0,-0.002031605
Cold,7098,48,47,569,387,0,0.0011353174
Cold,518,6,5,569,387,1,0.0038451632
Cold,21052,153,152,569,387,0,0.00854261
Cold,348319,2041,2040,569,387,0,0.0021295683
Cold,4643,33,32,569,387,0,-0.0024595808
Cold,355285,2077,2076,569,387,0,-0.0008565448
Cold,78762,528,527,569,387,0,-0.009456769
Cold,363546,2116,2115,569,387,0,0.0033211373
Cold,238440,1447,1446,569,387,0,-0.00573799
Cold,879536,5312,5311,569,387,0,-0.0012100078
Cold,134736,869,868,569,387,0,-0.006552568
Cold,344986,2023,2022,569,387,1,-0.001982432
Cold,215788,1306,1305,569,387,1,-0.0036014027
Cold,341911,2012,2011,569,387,0,-0.00014577527
Cold,174433,1101,1100,569,387,0,0.003718926
Cold,116963,753,752,569,387,1,0.0016663244
Cold,702750,4215,4214,574,388,0,0.0033370028
Cold,695002,4165,4164,574,388,1,-0.0074730027
Cold,692891,4150,4149,574,388,0,0.0007125917
Cold,688915,4122,4121,574,388,1,-0.0029412408
Cold,732904,4384,4383,574,388,1,-0.0029532886
Cold,683268,4088,4087,574,388,0,-0.005985848
Cold,681131,4083,4082,574,388,0,-0.006888564
Cold,683672,4089,4088,574,388,0,-0.0007146973
Cold,676346,4055,4054,574,388,0,0.0048281653
Cold,675732,4054,4053,574,388,1,-0.003450226
Cold,747417,4459,4458,574,388,1,0.0026213261
Cold,685965,4103,4102,574,388,1,0.0033323457
Cold,661199,3988,3987,574,388,0,-0.0068554627
Cold,670006,4028,4027,574,388,1,-0.0038952741
Cold,643441,3878,3877,574,388,0,-0.0030495264
Cold,617943,3745,3744,574,388,1,-0.00251495
Cold,614291,3721,3720,574,388,0,-0.0045310454
Cold,610744,3705,3704,574,388,1,-0.00045988616
Cold,603829,3675,3674,574,388,0,0.00077455386
Cold,590597,3603,3602,574,388,0,-0.007474226
Cold,583790,3563,3562,574,388,1,-0.0032363671
Cold,581946,3557,3556,574,388,0,-0.0031697557
Cold,578826,3539,3538,574,388,1,0.0053553903
Cold,575691,3520,3519,574,388,1,0.0010245552
Cold,568622,3490,3489,574,388,0,-0.0071705813
Cold,593199,3618,3617,574,388,0,-0.0051062517
Cold,560955,3451,3450,574,388,1,-0.0102761295
Cold,556134,3418,3417,574,388,1,-0.002728446
Cold,549577,3391,3390,574,388,1,-0.004282497
Cold,546605,3371,3370,574,388,1,-0.0032563535
Cold,542880,3341,3340,574,388,0,-0.0024547167
Cold,522028,3224,3223,574,388,1,-0.004332318
Cold,515200,3182,3181,574,388,0,-0.004091828
Cold,514684,3180,3179,574,388,0,-0.00660599
Cold,501979,3082,3081,574,388,0,-0.0005083997
Cold,501045,3080,3079,574,388,1,0.003506112
Cold,499026,3067,3066,574,388,1,0.0038127534
Cold,486100,2994,2993,574,388,0,-0.0017977789
Cold,484714,2986,2985,574,388,1,0.0016825799
Cold,482473,2967,2966,574,388,0,0.0018117675
Cold,465474,2872,2871,574,388,1,-0.007467242
Cold,464583,2863,2862,574,388,1,2.8705457e-05
Cold,458810,2825,2824,574,388,1,-0.008087206
Cold,457531,2820,2819,574,388,1,5.4524164e-05
Cold,795923,4771,4770,574,388,1,-0.01000325
Cold,443643,2737,2736,574,388,1,-0.0005875656
Cold,440865,2700,2699,574,388,1,-0.0014247249
Cold,433902,2645,2644,574,388,0,-0.0039823493
Cold,407911,2453,2452,574,388,1,-0.011543235
Cold,372210,2174,2173,574,388,1,-0.00080784137
Cold,358742,2100,2099,574,388,1,0.0068018464
Cold,320672,1902,1901,574,388,1,7.1415416e-05
Cold,310018,1845,1844,574,388,1,0.001345038
Cold,287020,1714,1713,574,388,1,-0.005215646
Cold,281088,1687,1686,574,388,1,-0.0004257213
Cold,278401,1680,1679,574,388,0,0.0066222027
Cold,268401,1631,1630,574,388,1,-0.00830014
Cold,267448,1626,1625,574,388,1,-0.00069424894
Cold,258229,1584,1583,574,388,0,0.0024151895
Cold,259214,1587,1586,574,388,0,-0.005101694
Cold,304191,1807,1806,574,388,0,-0.007212799
Cold,246762,1491,1490,574,388,0,0.0015914991
Cold,301646,1793,1792,574,388,0,-0.010936771
Cold,296262,1758,1757,574,388,1,-0.0011014708
Cold,212695,1297,1296,574,388,1,-0.0037349858
Cold,205486,1264,1263,574,388,1,-0.004072995
Cold,307852,1836,1835,574,388,1,-0.010261236
Cold,210421,1285,1284,574,388,1,0.0041646296
Cold,294058,1749,1748,574,388,0,-0.0047838036
Cold,185989,1151,1150,574,388,1,-0.0007312028
Cold,184691,1150,1149,574,388,1,0.003204377
Cold,201268,1242,1241,574,388,1,-0.0012568627
Cold,176455,1116,1115,574,388,1,-0.015075885
Cold,163578,1050,1049,574,388,0,-0.003678789
Cold,225916,1369,1368,574,388,1,-0.000114251394
Cold,230396,1395,1394,574,388,0,-0.0043380354
Cold,157586,1015,1014,574,388,1,0.0004151403
Cold,142261,919,918,574,388,1,-0.0003070461
Cold,712581,4277,4276,574,388,0,-0.0026180795
Cold,311827,1860,1859,574,388,1,0.008782934
Cold,199942,1228,1227,574,388,1,0.007823592
Cold,159666,1019,1018,574,388,0,0.0049301162
Cold,97637,655,654,574,388,0,-0.00789389
Cold,294713,1752,1751,574,388,1,-0.00091812946
Cold,631228,3821,3820,574,388,0,0.0006931829
Cold,695644,4169,4168,574,388,0,-0.0028355662
Cold,283722,1698,1697,574,388,1,-0.0042654155
Cold,88650,587,586,574,388,0,-0.0035688593
Cold,291037,1737,1736,574,388,0,0.0039093317
Cold,238459,1448,1447,574,388,1,-0.006542612
Cold,77054,524,523,574,388,0,-3.485498e-05
Cold,79908,533,532,574,388,1,-0.00029545696
Cold,69398,466,465,574,388,1,0.0009093825
Cold,67133,452,451,574,388,1,0.006036627
Cold,132176,855,854,574,388,0,0.0013816166
Cold,31639,216,215,574,388,0,-0.010486296
Cold,33249,225,224,574,388,1,-0.00043654907
Cold,22905,166,165,574,388,0,0.0028364677
Cold,16517,131,130,574,388,1,0.0044408143
Cold,65846,442,441,574,388,0,-0.006562038
Cold,92948,623,622,574,388,1,-0.00057620276
Cold,892725,5394,5393,574,388,0,0.001087103
Cold,289852,1733,1732,574,388,1,-0.0041335206
Cold,828459,4979,4978,574,388,0,-0.0081454255
Cold,20535,151,150,574,388,0,-0.0023041458
Cold,195130,1203,1202,574,388,1,0.00013967452
Cold,960218,5792,5791,574,388,0,-0.006615218
Cold,321929,1912,1911,574,388,0,-0.001466495
Cold,509675,3140,3139,574,388,0,-0.0069863335
Cold,115728,752,751,574,388,0,-0.0040366775
Cold,62377,424,423,574,388,1,-0.007885132
Cold,857775,5156,5155,574,388,1,-0.0002934304
Cold,214554,1303,1302,574,388,0,0.0061989035
Cold,974165,5878,5877,574,388,0,0.0033669786
Cold,489070,3012,3011,574,388,0,0.0065690475
Cold,322980,1916,1915,575,389,0,-0.00065040775
Cold,288060,1721,1720,575,389,0,-0.007525161
Cold,360345,2106,2105,575,389,0,-0.004499417
Cold,247241,1495,1494,575,389,0,0.004064505
Cold,223955,1356,1355,575,389,0,-0.0059576607
Cold,277284,1676,1675,575,389,0,-0.00947368
Cold,205207,1263,1262,575,389,0,-0.007879493
Cold,261498,1599,1598,575,389,1,-0.005571788
Cold,213181,1298,1297,575,389,1,0.00014501717
Cold,278402,1680,1679,575,389,0,-0.010980648
Cold,236264,1434,1433,575,389,0,0.0012424339
Cold,188356,1169,1168,575,389,0,-0.0137599595
Cold,177778,1120,1119,575,389,0,-0.01052445
Cold,173416,1100,1099,575,389,0,0.0031411198
Cold,198532,1220,1219,575,389,1,-0.0009766563
Cold,255369,1556,1555,575,389,0,-0.0055429335
Cold,165406,1054,1053,575,389,1,-0.005437213
Cold,380043,2223,2222,575,389,0,-0.012123795
Cold,248580,1501,1500,575,389,1,0.0048662266
Cold,262861,1605,1604,575,389,0,-0.0073236125
Cold,239499,1449,1448,575,389,0,-0.013766764
Cold,105759,699,698,575,389,0,-0.0028178156
Cold,179335,1125,1124,575,389,0,-0.0060136206
Cold,109110,714,713,575,389,0,-0.0050451695
Cold,73021,494,493,575,389,1,-0.0025496557
Cold,70575,476,475,575,389,1,-0.007531954
Cold,87021,569,568,575,389,0,-0.0026474386
Cold,74498,509,508,575,389,0,-0.0019697319
Cold,46339,310,309,575,389,1,-0.0046715206
Cold,41561,284,283,575,389,0,-0.00320143
Cold,695645,4169,4168,575,389,0,-0.006391552
Cold,336786,1983,1982,575,389,0,-0.00907459
Cold,32786,223,222,575,389,0,-0.008562867
Cold,234615,1425,1424,575,389,0,-0.006979743
Cold,10410,75,74,575,389,1,-0.0034501513
Cold,27741,195,194,575,389,1,-0.013621699
Cold,6516,48,47,575,389,0,0.004265533
Cold,233763,1422,1421,575,389,0,-0.0056732767
Cold,78997,531,530,575,389,0,-0.00096207904
Cold,19089,148,147,575,389,1,-0.00656097
Cold,362590,2116,2115,575,389,1,-0.0077708582
Cold,171087,1088,1087,575,389,0,-0.0059815724
Cold,335306,1980,1979,575,389,1,-0.010567438
Cold,716982,4294,4293,575,389,0,0.0068205735
Cold,342058,2015,2014,575,389,0,-0.005625403
Cold,257311,1579,1578,575,389,0,-0.012267023
Cold,877341,5302,5301,575,389,0,0.0034447596
Cold,699505,4186,4185,580,390,0,0.0072531225
Cold,748190,4467,4466,580,390,0,0.005043591
Cold,503161,3090,3089,581,391,0,-0.007004879
Cold,545927,3367,3366,581,391,1,-0.0067549027
Cold,454414,2796,2795,581,391,0,-0.0055504567
Cold,443650,2737,2736,581,391,1,-0.0094089825
Cold,695660,4169,4168,581,391,1,-0.0028097783
Cold,790243,4728,4727,581,391,0,-0.004786348
Cold,437691,2674,2673,581,391,1,0.0012924214
Cold,428190,2605,2604,581,391,1,0.0025471486
Cold,420673,2544,2543,581,391,1,-0.0038354667
Cold,416226,2507,2506,581,391,1,-0.0014800276
Cold,390563,2293,2292,581,391,1,0.004056542
Cold,368995,2157,2156,581,391,0,-0.001961623
Cold,351122,2061,2060,581,391,1,0.00083307
Cold,337851,1988,1987,581,391,1,-0.0076017845
Cold,330900,1954,1953,581,391,1,0.00053864997
Cold,297978,1767,1766,581,391,1,0.0035541449
Cold,278435,1680,1679,581,391,1,-0.00750544
Cold,280641,1685,1684,581,391,1,0.0033223876
Cold,275950,1671,1670,581,391,1,0.0026740134
Cold,273633,1650,1649,581,391,1,0.0063415607
Cold,268675,1632,1631,581,391,0,0.0017891361
Cold,228816,1387,1386,581,391,1,-0.0023464165
Cold,220232,1335,1334,581,391,1,0.00625389
Cold,289111,1727,1726,581,391,1,-0.0058202776
Cold,210441,1285,1284,581,391,1,-0.003284288
Cold,316042,1883,1882,581,391,1,-0.008326743
Cold,327406,1941,1940,581,391,0,-0.0055889864
Cold,165005,1052,1051,581,391,0,-0.0048692822
Cold,166232,1059,1058,581,391,1,-0.004071517
Cold,225928,1369,1368,581,391,0,0.003318761
Cold,319745,1899,1898,581,391,1,-0.006448557
Cold,212703,1297,1296,581,391,1,-0.0034028632
Cold,148932,958,957,581,391,1,-0.0011285094
Cold,154547,998,997,581,391,1,-0.012602232
Cold,184713,1150,1149,581,391,0,0.0016254716
Cold,141102,910,909,581,391,1,-0.0053199725
Cold,139310,891,890,581,391,1,-0.005502343
Cold,130906,850,849,581,391,1,-0.0041510146
Cold,127930,826,825,581,391,1,0.004154033
Cold,115744,752,751,581,391,1,-0.0056943153
Cold,132185,855,854,581,391,1,0.0010391632
Cold,329040,1943,1942,581,391,1,-0.005109314
Cold,631241,3821,3820,581,391,0,-0.0075570075
Cold,89515,590,589,581,391,1,-0.006748096
Cold,238472,1448,1447,581,391,1,-0.0034482942
Cold,69361,465,464,581,391,1,-0.00837168
Cold,59854,408,407,581,391,1,0.004206531
Cold,201276,1242,1241,581,391,0,-0.0042081694
Cold,47125,319,318,581,391,1,-0.0068643233
Cold,42940,294,293,581,391,1,-0.007148773
Cold,42036,285,284,581,391,1,0.0019455063
Cold,33264,225,224,581,391,1,-0.0044762082
Cold,27442,193,192,581,391,1,-0.0020491143
Cold,133572,864,863,581,391,1,-0.0027356201
Cold,795927,4771,4770,581,391,1,-0.0035228902
Cold,17971,139,138,581,391,1,-0.0027461676
Cold,17335,136,135,581,391,0,0.0017609154
Cold,7405,53,52,581,391,1,-0.00325205
Cold,286,5,4,581,391,0,-0.0075453487
Cold,101818,678,677,581,391,1,0.0062708743
Cold,206555,1266,1265,581,391,1,-0.0017676532
Cold,4286,33,32,581,391,1,-0.004664387
Cold,384587,2247,2246,581,391,1,-0.005229149
Cold,49040,329,328,581,391,0,-0.008397547
Cold,310479,1851,1850,581,391,0,-0.0024164666
Cold,514453,3178,3177,581,391,1,-0.002427618
Cold,262876,1605,1604,581,391,0,-0.008578208
Cold,580743,3547,3546,581,391,1,-0.0073363124
Cold,635619,3832,3831,581,391,1,0.0020915815
Cold,208500,1274,1273,581,391,1,-0.004317145
Cold,34510,235,234,581,391,1,-0.0084404675
Cold,763701,4543,4542,581,391,1,0.00063303986
Cold,840940,5054,5053,581,391,1,0.0026114108
Cold,335323,1980,1979,581,391,1,-0.0035483348
Cold,5034,36,35,581,391,1,-0.0024594376
Cold,549598,3391,3390,581,391,1,-0.0010667843
Cold,233568,1421,1420,581,391,1,-0.007267762
Cold,497000,3054,3053,581,391,0,-0.007046369
Cold,974168,5878,5877,581,391,0,-0.00074797566
Cold,891346,5387,5386,581,391,1,-0.0031815856
Cold,825431,4958,4957,581,391,1,0.0031584064
Cold,250380,1509,1508,606,406,0,0.009650134
Cold,194021,1195,1194,606,406,0,0.008981506
Cold,328019,1941,1940,606,406,0,0.005590814
Cold,188946,1172,1171,606,406,0,0.0058868914
Cold,256183,1562,1561,606,406,0,0.0071002464
Cold,183971,1146,1145,606,406,0,0.003823043
Cold,165634,1056,1055,606,406,0,-0.00091466156
Cold,159223,1017,1016,606,406,0,0.007360648
Cold,133861,868,867,606,406,1,0.0061530727
Cold,138189,889,888,606,406,0,0.007550516
Cold,263259,1605,1604,606,406,0,-0.00045892317
Cold,126560,817,816,606,406,0,0.000105213956
Cold,125526,808,807,606,406,0,0.008569656
Cold,299598,1778,1777,606,406,0,0.011485271
Cold,92737,621,620,606,406,0,0.0037974895
Cold,115361,749,748,606,406,0,0.0023276622
Cold,81629,543,542,606,406,0,0.0077992873
Cold,51231,337,336,606,406,0,0.008691782
Cold,48038,321,320,606,406,1,-0.0013653731
Cold,45264,305,304,606,406,0,0.008191728
Cold,291344,1737,1736,606,406,0,0.00062243175
Cold,99835,667,666,606,406,0,-0.004566927
Cold,481776,2962,2961,606,406,0,0.012962992
Cold,14665,117,116,606,406,0,0.008284417
Cold,696210,4169,4168,606,406,0,0.006337361
Cold,164487,1051,1050,606,406,0,0.0057192864
Cold,964012,5812,5811,606,406,0,0.012482636
Cold,171565,1088,1087,606,406,0,0.006562118
Cold,366146,2131,2130,606,406,0,0.015544569
Cold,79350,531,530,606,406,0,-0.0016768768
Cold,136524,881,880,606,406,0,0.010058074
Cold,474353,2910,2909,606,406,0,0.002309852
Cold,311279,1854,1853,606,406,0,0.00545233
Cold,3660,26,25,609,408,0,0.01589143
Cold,206819,1266,1265,609,408,0,0.013685766
Cold,552296,3401,3400,609,408,0,0.01185452
Cold,768696,4579,4578,609,408,0,0.0054522166
Cold,599214,3648,3647,609,408,0,0.009284977
Cold,272868,1647,1646,609,408,0,0.018437162
Cold,171568,1088,1087,609,408,0,0.0012263124
Cold,360729,2106,2105,612,411,0,0.0013821477
Cold,80703,536,535,612,411,0,-0.0059982846
Cold,101362,676,675,612,411,0,0.0021269456
Cold,119206,770,769,612,411,0,-0.0037981935
Cold,626734,3792,3791,612,411,0,-0.0018425052
Cold,58578,396,395,612,411,0,0.007305298
Cold,54085,352,351,612,411,0,0.007474115
Cold,330706,1952,1951,612,411,1,-0.0005735854
Cold,234936,1425,1424,612,411,0,-0.0041566594
Cold,49699,329,328,612,411,0,-0.0007374695
Cold,3686,26,25,612,411,0,-0.0043086037
Cold,153665,987,986,612,411,1,-0.0023461282
Cold,506134,3113,3112,612,411,0,0.0012829108
Cold,158126,1015,1014,612,411,0,0.0046117967
Cold,892934,5394,5393,612,411,0,-0.0025504888
Cold,106033,699,698,612,411,0,0.00025398843
Cold,317675,1889,1888,612,411,0,-0.003540512
Cold,476339,2926,2925,612,411,0,-0.0016721385
Cold,468397,2887,2886,612,411,0,-3.1244243e-05
Cold,151580,975,974,613,412,0,-0.0001668483
Cold,138208,889,888,613,412,0,-0.012641942
Cold,223506,1354,1353,613,412,0,-0.005530008
Cold,103678,689,688,613,412,1,0.0025743365
Cold,100826,673,672,613,412,0,-0.0076997476
Cold,696223,4169,4168,613,412,1,-0.012541929
Cold,228228,1383,1382,613,412,0,-0.0032069073
Cold,71997,482,481,613,412,1,-0.0026542326
Cold,74796,509,508,613,412,0,-0.017767332
Cold,51567,338,337,613,412,1,-0.009211171
Cold,50789,334,333,613,412,1,0.0016611255
Cold,60965,411,410,613,412,1,-0.006446275
Cold,26581,187,186,613,412,1,0.001794928
Cold,149128,959,958,613,412,1,-0.0051493747
Cold,891518,5387,5386,613,412,0,-0.009570984
Cold,144891,934,933,613,412,0,-0.0023344818
Cold,796036,4771,4770,613,412,1,-0.0045907423
Cold,499380,3067,3066,613,412,1,0.0028310127
Cold,187617,1164,1163,613,412,0,-0.007440391
Cold,79363,531,530,613,412,0,-0.0023037835
Cold,739394,4418,4417,613,412,1,0.006678642
Cold,974302,5878,5877,613,412,1,-0.007344813
Cold,605203,3679,3678,615,413,0,0.00578181
Cold,42901,293,292,615,413,1,-0.00076979725
Cold,249841,1505,1504,615,413,1,0.01549512
Cold,160046,1019,1018,615,413,1,0.0004537243
Cold,10408,74,73,615,413,1,-0.0011882444
Cold,319314,1897,1896,615,413,0,0.0007566367
Cold,739395,4418,4417,615,413,0,0.00044936314
Cold,431024,2627,2626,627,415,0,-0.0010350326
Cold,426460,2590,2589,627,415,0,-0.005224136
Cold,399065,2376,2375,627,415,0,0.0002807721
Cold,379188,2215,2214,627,415,1,-0.0111470595
Cold,368352,2153,2152,627,415,1,-0.0027133538
Cold,349862,2054,2053,627,415,0,-0.003404406
Cold,285292,1701,1700,627,415,1,-0.002268159
Cold,285744,1704,1703,627,415,1,0.0016471662
Cold,279168,1680,1679,627,415,1,-0.0041348487
Cold,205110,1262,1261,627,415,0,-0.008371855
Cold,214823,1303,1302,627,415,0,-0.0034188563
Cold,374048,2181,2180,627,415,0,-0.01495922
Cold,329293,1943,1942,627,415,0,0.00024089497
Cold,185236,1150,1149,627,415,1,-0.009390704
Cold,176021,1113,1112,627,415,0,-0.0042331885
Cold,183982,1146,1145,627,415,0,-0.0051818467
Cold,168419,1069,1068,627,415,0,-0.0015134207
Cold,167201,1064,1063,627,415,0,-0.003647829
Cold,163815,1050,1049,627,415,1,-0.014136739
Cold,230512,1395,1394,627,415,1,-0.00747081
Cold,148997,958,957,627,415,0,-0.0052005555
Cold,136551,881,880,627,415,0,-0.004428933
Cold,233392,1420,1419,627,415,1,-0.00085119647
Cold,124863,802,801,627,415,1,0.0071556885
Cold,360743,2106,2105,627,415,0,0.00081960263
Cold,116166,752,751,627,415,1,0.00014519854
Cold,100151,669,668,627,415,1,-0.0010689031
Cold,176913,1117,1116,627,415,1,-0.004486599
Cold,107919,710,709,627,415,0,-0.008296432
Cold,696247,4169,4168,627,415,1,-0.009373853
Cold,320775,1902,1901,627,415,1,0.0033805724
Cold,60282,409,408,627,415,1,-0.009286468
Cold,238891,1448,1447,627,415,1,-0.013807968
Cold,98795,660,659,627,415,0,-0.0026458148
Cold,32388,216,215,627,415,0,-0.005454866
Cold,88799,587,586,627,415,1,-0.011456345
Cold,290177,1733,1732,627,415,0,-0.0024715464
Cold,28501,195,194,627,415,1,-0.0011019715
Cold,16782,131,130,627,415,0,0.0033886426
Cold,104295,692,691,627,415,1,0.004391171
Cold,354889,2077,2076,627,415,1,-0.0015000256
Cold,286692,1712,1711,627,415,1,-0.004185105
Cold,65334,438,437,627,415,1,-0.005092581
Cold,326080,1930,1929,627,415,0,-0.0009081932
Cold,682410,4085,4084,627,415,1,-0.0040761083
Cold,497206,3054,3053,627,415,0,-0.0077707944
Cold,46182,308,307,627,415,1,-0.0054204236
Cold,309601,1842,1841,627,415,1,-0.008995597
Cold,454581,2796,2795,627,415,0,-0.011514017
Cold,245775,1484,1483,627,415,1,0.001632855
Cold,50401,331,330,627,415,1,-0.004645023
Cold,992882,5998,5997,627,415,0,-0.011499228
Cold,763940,4543,4542,627,415,0,0.0015566833
Cold,187621,1164,1163,627,415,1,-0.005517775
Cold,328061,1941,1940,627,415,1,0.0011318417
Cold,193619,1194,1193,627,415,1,0.0017922567
Cold,234949,1425,1424,627,415,1,0.0007865231
Cold,335855,1980,1979,627,415,0,-0.0030642576
Cold,346628,2031,2030,627,415,0,-0.0018434387
Cold,575800,3520,3519,627,415,0,-0.0011066282
Cold,261180,1597,1596,627,415,0,-0.0050811837
Cold,80604,535,534,631,417,0,-0.010251439
Cold,84147,550,549,631,417,0,-0.007004056
Cold,76507,519,518,631,417,1,-0.010181271
Cold,46555,310,309,631,417,1,-0.007425477
Cold,17685,136,135,631,417,0,-0.0011699505
Cold,10580,75,74,631,417,1,-0.008155221
Cold,79378,531,530,631,417,0,-0.0060771345
Cold,552328,3401,3400,631,417,0,0.0012692022
Cold,183191,1141,1140,631,417,0,0.000789291
Cold,265073,1611,1610,631,417,0,-0.0025871785
Cold,206843,1266,1265,631,417,0,-0.008720206
Cold,376373,2195,2194,631,417,0,-0.0098369485
Cold,171604,1088,1087,631,417,0,-0.002609522
Cold,285299,1701,1700,631,417,0,-0.005203954
Cold,456449,2810,2809,631,417,0,-0.014151899
Cold,696267,4169,4168,635,418,1,-0.00046443578
Cold,151226,973,972,635,418,0,-0.0011857192
Cold,238906,1448,1447,635,418,1,-0.003345613
Cold,68436,460,459,635,418,0,-0.0032627014
Cold,47795,319,318,635,418,0,0.0043023704
Cold,363012,2116,2115,635,418,0,0.010232154
Cold,69058,462,461,635,418,0,0.00344976
Cold,626759,3792,3791,635,418,0,-0.0069614383
Cold,843911,5074,5073,635,418,1,0.0036790883
Cold,370983,2168,2167,635,418,1,0.001197848
Cold,342453,2015,2014,635,418,1,0.0043253535
Cold,50426,331,330,635,418,1,-0.0008244159
Cold,713029,4277,4276,635,418,0,-0.0036488469
Cold,28533,195,194,635,418,1,-0.00055086846
Cold,286701,1712,1711,635,418,1,0.0068144
Cold,293742,1748,1747,635,418,0,-0.003651735
Cold,245779,1484,1483,635,418,0,-0.00527126
Cold,537120,3311,3310,637,419,0,-0.0026577308
Cold,515465,3182,3181,637,419,0,-0.011179753
Cold,516451,3189,3188,637,419,0,-0.0076622544
Cold,488674,3007,3006,637,419,0,-0.0064032413
Cold,529684,3272,3271,637,419,0,-0.007293039
Cold,472561,2907,2906,637,419,1,0.006379894
Cold,870099,5256,5255,637,419,0,0.001794588
Cold,487033,2996,2995,637,419,0,-0.0028413539
Cold,452486,2786,2785,637,419,0,0.0027130896
Cold,450848,2777,2776,637,419,1,-0.004298078
Cold,448437,2764,2763,637,419,0,-0.004595193
Cold,430074,2621,2620,637,419,0,-0.005738154
Cold,420467,2541,2540,637,419,1,-0.004490991
Cold,416582,2507,2506,637,419,0,-0.004652524
Cold,382480,2235,2234,637,419,1,-0.00012648251
Cold,363015,2116,2115,637,419,1,-0.004325181
Cold,355963,2085,2084,637,419,0,-0.00029450795
Cold,351810,2063,2062,637,419,0,-0.00088198204
Cold,341578,2012,2011,637,419,0,-0.003649814
Cold,340626,2010,2009,637,419,0,-0.0065833107
Cold,281258,1687,1686,637,419,0,0.0017413541
Cold,282628,1694,1693,637,419,0,-0.008167946
Cold,268516,1631,1630,637,419,0,-0.0028275307
Cold,265755,1613,1612,637,419,0,-0.0054785665
Cold,309287,1841,1840,637,419,0,-0.0011194786
Cold,247668,1496,1495,637,419,0,-0.0013840981
Cold,231646,1404,1403,637,419,0,0.003269663
Cold,269927,1635,1634,637,419,0,-0.007389698
Cold,296796,1759,1758,637,419,1,-0.007448932
Cold,261749,1599,1598,637,419,0,-0.0018087941
Cold,279196,1680,1679,637,419,0,-0.008414678
Cold,192359,1184,1183,637,419,0,0.0025899073
Cold,198619,1220,1219,637,419,1,0.0041197296
Cold,172872,1096,1095,637,419,1,-0.0039163227
Cold,328084,1941,1940,637,419,0,-0.006943302
Cold,272179,1645,1644,637,419,1,-0.002019598
Cold,255510,1556,1555,637,419,0,-0.007972264
Cold,167840,1068,1067,637,419,0,-0.0050572203
Cold,136567,881,880,637,419,0,-0.0038058981
Cold,135615,877,876,637,419,0,-0.0118453335
Cold,248818,1501,1500,637,419,1,-0.0033835925
Cold,128539,832,831,637,419,1,0.0007352228
Cold,125854,810,809,637,419,0,0.0013165724
Cold,121519,781,780,637,419,0,-0.010125685
Cold,112129,730,729,637,419,0,-0.0022378517
Cold,112455,731,730,637,419,0,0.0043617105
Cold,107933,710,709,637,419,0,0.005337218
Cold,101372,676,675,637,419,0,-0.0059651714
Cold,109285,714,713,637,419,1,-0.0060484917
Cold,97830,655,654,637,419,0,-0.0011034759
Cold,96409,647,646,637,419,1,-0.002780059
Cold,329300,1943,1942,637,419,0,0.0037795051
Cold,92545,620,619,637,419,0,-0.0017423871
Cold,190890,1181,1180,637,419,0,-0.016526036
Cold,84148,550,549,637,419,0,0.0072610294
Cold,77499,524,523,637,419,0,-0.0033295276
Cold,72021,482,481,637,419,0,-0.007684215
Cold,87078,569,568,637,419,1,0.0010170881
Cold,65340,438,437,637,419,1,-0.007901335
Cold,52675,346,345,637,419,1,-0.0023371899
Cold,696268,4169,4168,637,419,0,-0.0015746942
Cold,39124,264,263,637,419,0,-0.0016682214
Cold,98807,660,659,637,419,0,-0.009468015
Cold,32413,216,215,637,419,0,-0.00041419687
Cold,30159,202,201,637,419,0,-0.0010262998
Cold,54678,355,354,637,419,0,-0.007143179
Cold,300341,1780,1779,637,419,0,-0.0030291046
Cold,21192,155,154,637,419,0,-0.005557848
Cold,304065,1806,1805,637,419,0,-0.00025778404
Cold,9784,66,65,637,419,0,-0.008816767
Cold,78449,528,527,637,419,0,-0.0047363243
Cold,119235,770,769,637,419,0,-0.006824379
Cold,370984,2168,2167,637,419,1,-0.0022764853
Cold,572115,3507,3506,637,419,0,-0.001858089
Cold,106050,699,698,637,419,0,0.008244758
Cold,383236,2239,2238,637,419,0,-0.0027969726
Cold,342454,2015,2014,637,419,0,-0.0049519655
Cold,160070,1019,1018,637,419,1,0.002963383
Cold,717021,4294,4293,637,419,1,-0.010839963
Cold,912805,5520,5519,637,419,0,-0.0015043281
Cold,109580,715,714,639,420,0,0.00211946
Cold,90644,601,600,639,420,1,-0.0024793358
Cold,88807,587,586,639,420,0,-0.0010609233
Cold,101373,676,675,639,420,0,0.004174227
Cold,57300,386,385,639,420,0,0.0015408823
Cold,32415,216,215,639,420,0,0.0050164815
Cold,21759,157,156,639,420,1,0.0020880476
Cold,34911,235,234,639,420,0,-0.0022936533
Cold,552329,3401,3400,639,420,0,-0.0015724455
Cold,241869,1457,1456,639,420,1,0.009881081
Cold,860086,5172,5171,639,420,0,-0.0013265028
Cold,777779,4647,4646,639,420,0,0.0049160863
Cold,229622,1390,1389,639,420,0,6.474601e-05
Cold,257643,1579,1578,639,420,0,0.0015341698
Cold,331587,1958,1957,639,420,1,-0.006277239
Cold,902787,5458,5457,639,420,0,0.004493645
Cold,609129,3693,3692,639,420,0,-0.0006625744
Cold,550113,3391,3390,639,420,0,-0.005034116
Cold,54181,352,351,640,421,0,-0.015654298
Cold,288602,1724,1723,640,421,0,-0.009491222
Cold,696285,4169,4168,640,421,0,-0.012885326
Cold,537911,3312,3311,640,421,0,0.0027217967
Cold,9511,62,61,640,421,0,0.00041861227
Cold,104309,692,691,640,421,0,-0.008214911
Cold,150583,970,969,640,421,0,-0.010167599
Cold,363018,2116,2115,640,421,0,-0.011616651
Cold,777786,4647,4646,640,421,0,-0.005522875
Cold,511851,3158,3157,640,421,0,-0.0042472114
Cold,195432,1203,1202,640,421,0,-0.0046980996
Cold,263321,1605,1604,650,424,0,0.00663816
Cold,169809,1078,1077,650,424,1,0.0064751734
Cold,168438,1069,1068,650,424,0,0.008249131
Cold,195443,1203,1202,650,424,0,0.007998141
Cold,138294,889,888,650,424,0,0.00033260835
Cold,124500,801,800,650,424,0,0.00160215
Cold,111864,728,727,650,424,0,0.009667672
Cold,778872,4653,4652,650,424,0,0.0036530714
Cold,100846,673,672,650,424,0,-0.006178221
Cold,97839,655,654,650,424,0,0.007918211
Cold,84168,550,549,650,424,0,0.0066244313
Cold,53332,352,351,650,424,0,-0.000944756
Cold,35165,238,237,650,424,0,0.00433862
Cold,24743,175,174,650,424,1,0.0057003284
Cold,8703,59,58,650,424,0,0.0032999667
Cold,3844,28,27,650,424,0,-0.0023726213
Cold,567,8,7,650,424,1,0.009728437
Cold,276226,1671,1670,650,424,1,0.0072116023
Cold,76362,518,517,650,424,1,0.00936364
Cold,567470,3483,3482,650,424,1,0.0006432254
Cold,499425,3067,3066,650,424,1,0.0024128486
Cold,72040,482,481,650,424,1,0.010455086
Cold,564414,3471,3470,650,424,0,0.0026403368
Cold,302793,1798,1797,650,424,0,0.00018403365
Cold,202032,1243,1242,650,424,1,0.008069217
Cold,310680,1851,1850,650,424,0,-0.00445815
Cold,223534,1354,1353,650,424,1,0.0034202598
Cold,171625,1088,1087,650,424,1,-0.00077531766
Cold,974320,5878,5877,650,424,1,-0.0010789756
Cold,567480,3483,3482,662,427,1,-0.004477071
Cold,879882,5317,5316,662,427,0,0.0035637894
Cold,464168,2860,2859,662,427,0,0.0005692637
Cold,404849,2420,2419,662,427,1,5.2261166e-06
Cold,411567,2472,2471,662,427,0,-0.006866943
Cold,364768,2124,2123,662,427,1,-0.0009058359
Cold,349530,2051,2050,662,427,0,-0.0054966565
Cold,361644,2109,2108,662,427,0,-0.004866636
Cold,360078,2105,2104,662,427,0,-0.0047325753
Cold,350974,2060,2059,662,427,1,-0.008078989
Cold,340649,2010,2009,662,427,0,-0.0056950194
Cold,281271,1687,1686,662,427,1,-0.0054313876
Cold,263914,1606,1605,662,427,1,0.007335564
Cold,253736,1543,1542,662,427,0,-0.0011917532
Cold,277701,1676,1675,662,427,1,0.00012138509
Cold,214866,1303,1302,662,427,0,-0.00092675444
Cold,279277,1680,1679,662,427,0,0.0020204491
Cold,328140,1941,1940,662,427,1,-0.008205538
Cold,185312,1150,1149,662,427,0,0.00031903293
Cold,307448,1835,1834,662,427,0,-0.0009799444
Cold,170055,1081,1080,662,427,0,0.004141247
Cold,184006,1146,1145,662,427,0,-0.0031310737
Cold,167864,1068,1067,662,427,0,0.0026242568
Cold,156238,1006,1005,662,427,0,0.002495292
Cold,156876,1010,1009,662,427,0,-0.009016264
Cold,233410,1420,1419,662,427,0,-0.0025774725
Cold,351860,2063,2062,662,427,0,-0.0019965712
Cold,263338,1605,1604,662,427,0,0.00275363
Cold,114852,746,745,662,427,0,-0.0060218917
Cold,107970,710,709,662,427,0,-0.0005233276
Cold,116221,752,751,662,427,0,-0.010475822
Cold,100171,669,668,662,427,0,-0.004993416
Cold,104327,692,691,662,427,0,-0.0032384193
Cold,110825,721,720,662,427,1,0.004828521
Cold,631579,3821,3820,662,427,0,-0.001451323
Cold,320786,1902,1901,662,427,0,0.0025182434
Cold,299636,1778,1777,662,427,0,2.311368e-05
Cold,360786,2106,2105,662,427,0,0.0007672204
Cold,291410,1737,1736,662,427,1,-0.008455098
Cold,81682,543,542,662,427,1,-0.0038673317
Cold,238953,1448,1447,662,427,1,-0.006861849
Cold,72053,482,481,662,427,1,-0.006255051
Cold,74842,509,508,662,427,0,0.0010297468
Cold,240095,1449,1448,662,427,0,-0.0042025596
Cold,132478,855,854,662,427,0,-0.011859119
Cold,33286,225,224,662,427,1,-0.011132612
Cold,54301,355,354,662,427,0,0.0038897153
Cold,115401,749,748,662,427,0,0.0025870558
Cold,270909,1639,1638,662,427,0,-0.0007838297
Cold,481832,2962,2961,662,427,0,0.001999724
Cold,354922,2077,2076,662,427,1,-0.013425803
Cold,140697,904,903,662,427,0,-0.0040193903
Cold,688566,4118,4117,662,427,1,-0.003526913
Cold,363040,2116,2115,662,427,0,-0.0010771108
Cold,265095,1611,1610,662,427,0,0.005046989
Cold,164562,1051,1050,662,427,0,0.0044169417
Cold,171649,1088,1087,662,427,0,-0.012004636
Cold,556556,3420,3419,662,427,1,-0.0057918928
Cold,79407,531,530,662,427,1,-0.009614524
Cold,599263,3648,3647,662,427,1,-0.008726534
Cold,309613,1842,1841,662,427,0,0.0018928569
Cold,907642,5492,5491,662,427,0,-0.0069262274
Cold,331615,1958,1957,662,427,0,-0.0009546599
Cold,473648,2909,2908,662,427,0,-0.0033359833
Cold,882976,5333,5332,662,427,0,-0.00901088
Cold,290225,1733,1732,662,427,0,-0.0059118047
Cold,62961,424,423,662,427,1,-0.004694381
Cold,468437,2887,2886,662,427,0,0.0044658007
Cold,421027,2544,2543,680,433,0,0.006603634
Cold,208804,1274,1273,680,433,0,0.0016412139
Cold,322397,1912,1911,680,433,0,0.0057483367
Cold,372641,2176,2175,680,433,1,0.0017793552
Cold,420486,2541,2540,691,435,1,-0.008006271
Cold,463771,2858,2857,691,435,1,-0.0013604253
Cold,395161,2334,2333,691,435,1,-0.007727978
Cold,393868,2320,2319,691,435,0,-0.006483008
Cold,364455,2123,2122,691,435,1,-0.0045816246
Cold,363079,2116,2115,691,435,0,-0.0041548307
Cold,283561,1697,1696,691,435,1,0.006830727
Cold,268544,1631,1630,691,435,0,0.008107727
Cold,255274,1554,1553,691,435,0,0.0021559135
Cold,259501,1587,1586,691,435,0,0.0043222047
Cold,222401,1345,1344,691,435,1,-0.0010562027
Cold,277740,1676,1675,691,435,0,0.006631782
Cold,279355,1680,1679,691,435,1,-0.012085869
Cold,236397,1434,1433,691,435,1,-0.0009581853
Cold,189620,1175,1174,691,435,1,-0.007597918
Cold,186768,1156,1155,691,435,1,0.0065449104
Cold,188994,1172,1171,691,435,1,0.0034270845
Cold,316281,1883,1882,691,435,0,0.0016918276
Cold,201590,1242,1241,691,435,0,0.0017107057
Cold,174839,1107,1106,691,435,0,0.0057607656
Cold,188242,1168,1167,691,435,0,0.0025487407
Cold,169818,1078,1077,691,435,0,0.0062017906
Cold,328203,1941,1940,691,435,1,-0.007692131
Cold,164607,1051,1050,691,435,0,0.0034143494
Cold,189381,1173,1172,691,435,0,0.0041826204
Cold,324446,1922,1921,691,435,0,-0.0016841979
Cold,144942,934,933,691,435,0,0.0087452205
Cold,140277,899,898,691,435,0,0.010407526
Cold,156922,1010,1009,691,435,0,-0.00216147
Cold,134325,869,868,691,435,0,0.0016938188
Cold,360832,2106,2105,691,435,0,-0.0020449203
Cold,117840,759,758,691,435,0,0.00014500075
Cold,120143,776,775,691,435,1,0.0067809587
Cold,92553,620,619,691,435,0,-0.002274713
Cold,244009,1470,1469,691,435,0,0.0065198056
Cold,291441,1737,1736,691,435,1,-0.0065026768
Cold,198193,1218,1217,691,435,0,-0.0032702943
Cold,76699,520,519,691,435,1,-0.0060666837
Cold,68743,461,460,691,435,0,0.003738946
Cold,64636,432,431,691,435,1,-0.0009449937
Cold,626817,3792,3791,691,435,0,-0.004762103
Cold,78490,528,527,691,435,0,-8.354336e-05
Cold,47219,319,318,691,435,0,-0.0027552387
Cold,110852,721,720,691,435,0,-0.0055544605
Cold,49153,329,328,691,435,0,0.005951525
Cold,6257,45,44,691,435,1,-0.009784887
Cold,5448,38,37,691,435,0,-0.010920552
Cold,79446,531,530,691,435,0,0.003860345
Cold,20613,151,150,691,435,0,0.0073554465
Cold,335972,1980,1979,691,435,0,0.015236236
Cold,682497,4085,4084,691,435,1,8.545059e-05
Cold,882999,5333,5332,691,435,0,-0.008651754
Cold,489640,3013,3012,691,435,0,-0.0004614815
Cold,45766,308,307,691,435,0,0.0046501127
Cold,331651,1958,1957,691,435,0,0.0068074227
Cold,52038,343,342,691,435,1,-0.0020594778
Cold,476370,2926,2925,691,435,0,-0.00033687428
Cold,206364,1265,1264,691,435,0,-0.0021484867
Cold,507782,3125,3124,691,435,1,-0.0033710974
Cold,831939,5001,5000,691,435,1,0.003945743
Cold,310710,1851,1850,691,435,0,0.0033824774
Cold,376837,2200,2199,692,436,0,-0.010469522
Cold,370728,2167,2166,692,436,0,-0.0048199296
Cold,366180,2131,2130,692,436,0,-0.0047497824
Cold,340681,2010,2009,692,436,0,-0.0058630244
Cold,341625,2012,2011,692,436,0,-0.009713849
Cold,297528,1764,1763,692,436,1,-0.00028796913
Cold,292348,1741,1740,692,436,0,-0.013991628
Cold,276998,1675,1674,692,436,0,-0.008195605
Cold,271475,1641,1640,692,436,0,-0.008972501
Cold,268344,1630,1629,692,436,0,-0.005904301
Cold,247731,1496,1495,692,436,0,-0.0067492407
Cold,376393,2195,2194,692,436,1,-0.004862727
Cold,227169,1377,1376,692,436,0,-0.014761833
Cold,233076,1418,1417,692,436,0,-0.005641127
Cold,267223,1624,1623,692,436,0,-0.0150154745
Cold,200345,1230,1229,692,436,0,-0.009476145
Cold,328204,1941,1940,692,436,0,-0.0073206956
Cold,191005,1181,1180,692,436,0,-0.016493909
Cold,227627,1380,1379,692,436,0,0.0011076278
Cold,314491,1878,1877,692,436,0,-0.014774415
Cold,156923,1010,1009,692,436,0,-0.0049259355
Cold,138372,889,888,692,436,0,-0.015972544
Cold,136628,881,880,692,436,0,-0.006668196
Cold,121871,785,784,692,436,1,0.0024503777
Cold,120440,777,776,692,436,0,-0.015944954
Cold,108728,712,711,692,436,0,-0.0039962856
Cold,99322,662,661,692,436,0,-0.011557102
Cold,713125,4277,4276,692,436,0,-0.014475999
Cold,86140,563,562,692,436,0,-0.00011854293
Cold,74415,508,507,692,436,0,-0.0108520705
Cold,70807,476,475,692,436,1,-0.0054463027
Cold,51081,337,336,692,436,0,-0.0072758864
Cold,44224,302,301,692,436,0,-0.00030556088
Cold,36225,245,244,692,436,0,-0.007961017
Cold,35730,242,241,692,436,0,0.0016780195
Cold,291442,1737,1736,692,436,0,-0.009665189
Cold,25311,179,178,692,436,0,-0.0064650113
Cold,22317,163,162,692,436,0,-0.011479746
Cold,27880,195,194,692,436,1,0.00012200372
Cold,27000,192,191,692,436,0,-0.009966674
Cold,10160,73,72,692,436,1,-0.0101105645
Cold,311966,1860,1859,692,436,0,0.0032365667
Cold,56018,372,371,692,436,1,-0.0063623306
Cold,237968,1447,1446,692,436,0,-0.009981279
Cold,109821,716,715,692,436,0,-0.0064998814
Cold,272985,1647,1646,692,436,0,-0.012070237
Cold,515513,3182,3181,694,437,0,-0.0012176936
Cold,502169,3082,3081,694,437,0,0.0095338235
Cold,497931,3056,3055,694,437,0,0.002049582
Cold,494204,3032,3031,694,437,1,-0.0117556285
Cold,486295,2994,2993,694,437,0,-0.0010288288
Cold,473700,2909,2908,694,437,1,0.004067487
Cold,469681,2894,2893,694,437,0,-0.010445612
Cold,463348,2857,2856,694,437,0,0.00018881253
Cold,460317,2840,2839,694,437,0,-1.0807533e-05
Cold,415258,2500,2499,694,437,1,0.0056061316
Cold,436472,2665,2664,694,437,1,0.0008753715
Cold,387549,2265,2264,694,437,0,-0.008815102
Cold,377276,2203,2202,694,437,1,0.008056105
Cold,375118,2186,2185,694,437,0,0.00013215258
Cold,370277,2165,2164,694,437,1,0.005343901
Cold,367225,2143,2142,694,437,0,-0.003595341
Cold,351923,2063,2062,694,437,0,0.0033614787
Cold,337046,1983,1982,694,437,1,0.003212834
Cold,297529,1764,1763,694,437,0,0.0029785896
Cold,288903,1726,1725,694,437,0,0.0006140254
Cold,312350,1861,1860,694,437,0,-0.0015716881
Cold,303033,1800,1799,694,437,0,0.0016538964
Cold,360834,2106,2105,694,437,0,0.0018802956
Cold,242834,1465,1464,694,437,0,0.0014692002
Cold,232678,1414,1413,694,437,0,3.058836e-05
Cold,283203,1696,1695,694,437,0,0.0054421593
Cold,356849,2090,2089,694,437,1,0.004202134
Cold,244447,1472,1471,694,437,0,0.007543981
Cold,337471,1984,1983,694,437,0,0.0077035907
Cold,233078,1418,1417,694,437,0,0.0020668888
Cold,227170,1377,1376,694,437,0,0.0017506676
Cold,267225,1624,1623,694,437,0,-0.0030877907
Cold,179138,1124,1123,694,437,0,-0.00013578532
Cold,173113,1097,1096,694,437,0,0.0080026435
Cold,248854,1501,1500,694,437,1,0.0010430764
Cold,328205,1941,1940,694,437,0,-0.0062706405
Cold,167889,1068,1067,694,437,0,-0.0056957146
Cold,170251,1084,1083,694,437,0,0.0092317965
Cold,189382,1173,1172,694,437,0,0.0054720063
Cold,227628,1380,1379,694,437,0,0.0041232486
Cold,155901,1004,1003,694,437,0,0.0062589883
Cold,154881,999,998,694,437,0,0.004724212
Cold,153082,984,983,694,437,0,0.007419113
Cold,191006,1181,1180,694,437,0,0.003313648
Cold,156925,1010,1009,694,437,0,0.0046011945
Cold,277000,1675,1674,694,437,0,0.0039181383
Cold,136630,881,880,694,437,0,0.0018688436
Cold,107465,708,707,694,437,0,-0.004536151
Cold,104865,695,694,694,437,0,-0.006765499
Cold,99323,662,661,694,437,1,0.006575426
Cold,98855,660,659,694,437,0,-0.0030790614
Cold,713126,4277,4276,694,437,0,-0.002103026
Cold,886914,5359,5358,694,437,0,0.0010771193
Cold,238996,1448,1447,694,437,0,0.0025742496
Cold,77581,524,523,694,437,1,0.013533235
Cold,119290,770,769,694,437,0,-0.006583978
Cold,68744,461,460,694,437,0,0.0014052563
Cold,240145,1449,1448,694,437,0,0.010349275
Cold,132505,855,854,694,437,0,0.007877653
Cold,37981,260,259,694,437,1,0.0063369246
Cold,35731,242,241,694,437,0,-0.0007828546
Cold,29041,199,198,694,437,0,0.00434394
Cold,31175,210,209,694,437,1,-0.0020487844
Cold,22319,163,162,694,437,0,-0.0034226922
Cold,14167,116,115,694,437,1,-0.0012416409
Cold,14352,117,116,694,437,1,-0.001145943
Cold,27001,192,191,694,437,0,0.0013796536
Cold,7495,53,52,694,437,0,0.008014539
Cold,3482,26,25,694,437,0,-0.0017391485
Cold,389447,2282,2281,694,437,1,0.004372362
Cold,696379,4169,4168,694,437,0,0.0047837934
Cold,790449,4728,4727,694,437,0,-0.004741357
Cold,342528,2015,2014,694,437,0,0.0014215081
Cold,682498,4085,4084,694,437,0,0.0076952917
Cold,106096,699,698,694,437,1,0.0035520077
Cold,599291,3648,3647,694,437,0,0.00029578502
Cold,293781,1748,1747,694,437,0,0.0030132106
Cold,195494,1203,1202,694,437,0,0.013612356
Cold,509830,3140,3139,694,437,0,0.0026073563
Cold,966826,5831,5830,694,437,0,0.0004347792
Cold,272986,1647,1646,694,437,0,0.0040589264
Cold,560867,3450,3449,695,438,0,-0.00048030308
Cold,555814,3416,3415,695,438,0,0.0048479307
Cold,577236,3526,3525,695,438,0,-0.004846248
Cold,502170,3082,3081,695,438,0,0.009157084
Cold,498433,3060,3059,695,438,0,-0.00010835985
Cold,495888,3045,3044,695,438,0,0.0031960383
Cold,473701,2909,2908,695,438,1,-0.0031805173
Cold,463349,2857,2856,695,438,1,0.0075886818
Cold,490800,3018,3017,695,438,0,-0.009793659
Cold,450295,2776,2775,695,438,0,0.0077826027
Cold,449000,2768,2767,695,438,1,0.0016940951
Cold,450910,2777,2776,695,438,1,0.009412467
Cold,444676,2743,2742,695,438,1,-0.0034122986
Cold,441010,2700,2699,695,438,1,-0.010112612
Cold,438993,2682,2681,695,438,0,0.006092217
Cold,431949,2632,2631,695,438,1,-0.006883422
Cold,428595,2608,2607,695,438,0,0.00030810572
Cold,425336,2581,2580,695,438,1,0.0048569236
Cold,416105,2506,2505,695,438,1,-0.0053280704
Cold,416653,2507,2506,695,438,0,-0.0026988494
Cold,408251,2453,2452,695,438,1,0.007918579
Cold,406680,2441,2440,695,438,1,-0.0028489144
Cold,411582,2472,2471,695,438,0,-0.0024487618
Cold,401227,2391,2390,695,438,1,0.0009959361
Cold,399106,2376,2375,695,438,0,-0.0061601913
Cold,422496,2559,2558,695,438,0,-0.0032531354
Cold,378383,2208,2207,695,438,0,-0.0030682455
Cold,369520,2162,2161,695,438,1,0.0022079283
Cold,367132,2142,2141,695,438,0,0.0022735405
Cold,351924,2063,2062,695,438,0,-0.0033493396
Cold,329363,1943,1942,695,438,0,0.00046296697
Cold,281815,1690,1689,695,438,1,0.007314943
Cold,263921,1606,1605,695,438,1,-0.004829572
Cold,251545,1521,1520,695,438,0,-0.0037666138
Cold,279357,1680,1679,695,438,1,0.0017034181
Cold,210172,1284,1283,695,438,0,0.0017190154
Cold,196547,1207,1206,695,438,0,0.0030322517
Cold,219889,1333,1332,695,438,0,-0.0033083016
Cold,185355,1150,1149,695,438,0,0.0016623128
Cold,178656,1121,1120,695,438,1,0.004691542
Cold,331652,1958,1957,695,438,1,-0.0011061877
Cold,184022,1146,1145,695,438,0,0.012940094
Cold,165234,1053,1052,695,438,1,0.004481877
Cold,186134,1151,1150,695,438,0,-0.0013912779
Cold,337047,1983,1982,695,438,1,0.007093463
Cold,149619,963,962,695,438,0,-0.0029471242
Cold,221384,1340,1339,695,438,0,0.0071797324
Cold,147943,953,952,695,438,1,-0.0039321226
Cold,195495,1203,1202,695,438,0,0.0016020252
Cold,145362,935,934,695,438,0,-0.0056377454
Cold,140541,903,902,695,438,0,-0.00071998336
Cold,138373,889,888,695,438,0,0.0005286969
Cold,126883,818,817,695,438,0,-0.0005348099
Cold,175022,1109,1108,695,438,0,0.0059599094
Cold,110132,718,717,695,438,0,-0.00904894
Cold,203486,1248,1247,695,438,0,-0.0024039731
Cold,113336,735,734,695,438,0,0.004111289
Cold,250404,1509,1508,695,438,0,0.0068331184
Cold,81715,543,542,695,438,1,-0.007880308
Cold,115416,749,748,695,438,0,0.0010966505
Cold,53451,352,351,695,438,0,0.007125969
Cold,110854,721,720,695,438,0,-0.006428507
Cold,46236,309,308,695,438,0,0.008230053
Cold,32679,221,220,695,438,0,0.0016591342
Cold,22320,163,162,695,438,0,0.006005919
Cold,8344,58,57,695,438,1,0.0046119085
Cold,481854,2962,2961,695,438,0,0.0018541168
Cold,76700,520,519,695,438,0,-0.005678652
Cold,453793,2793,2792,695,438,0,0.0033679358
Cold,150615,970,969,695,438,0,-0.0027093044
Cold,164610,1051,1050,695,438,0,0.003729878
Cold,548707,3387,3386,695,438,0,3.0296389e-05
Cold,807616,4834,4833,695,438,1,-0.0032558502
Cold,156926,1010,1009,695,438,0,-0.00015503808
Cold,193688,1194,1193,695,438,1,0.0010339393
Cold,331653,1958,1957,697,439,0,0.006598573
Cold,116262,752,751,697,439,0,-0.0008179195
Cold,332689,1962,1961,697,439,0,0.00023008906
Cold,228307,1383,1382,697,439,0,0.005935097
Cold,87279,570,569,697,439,0,-0.0042099506
Cold,72090,482,481,697,439,1,-0.0043023536
Cold,76701,520,519,697,439,0,0.0062767616
Cold,74870,509,508,697,439,1,-0.008745797
Cold,53452,352,351,697,439,0,0.0011124974
Cold,52449,346,345,697,439,0,-0.0013658353
Cold,78492,528,527,697,439,0,0.007757757
Cold,696380,4169,4168,697,439,0,0.005409055
Cold,98856,660,659,697,439,0,-0.0038438456
Cold,308670,1837,1836,697,439,0,0.0027936175
Cold,26262,187,186,697,439,1,-0.0028882327
Cold,22321,163,162,697,439,0,-8.66357e-05
Cold,7496,53,52,697,439,1,0.004186253
Cold,6261,45,44,697,439,0,-0.0023789615
Cold,360835,2106,2105,697,439,0,-0.0008356577
Cold,506141,3113,3112,697,439,0,-0.00201954
Cold,892992,5394,5393,697,439,0,0.0007351786
Cold,66070,442,441,697,439,0,0.012245678
Cold,195496,1203,1202,697,439,0,0.0034114681
Cold,720098,4312,4311,697,439,0,0.0012372475
Cold,324971,1925,1924,697,439,0,0.008209542
Cold,537616,3311,3310,700,440,1,0.0035761574
Cold,536363,3308,3307,700,440,1,0.010516438
Cold,520232,3208,3207,700,440,1,0.008867269
Cold,493647,3031,3030,700,440,1,0.011093698
Cold,471513,2900,2899,700,440,0,0.004250043
Cold,469309,2889,2888,700,440,1,0.006637116
Cold,458557,2823,2822,700,440,0,0.0025564441
Cold,455675,2806,2805,700,440,0,0.005606531
Cold,451302,2777,2776,700,440,1,0.0023949705
Cold,447233,2755,2754,700,440,1,0.0058499966
Cold,445430,2747,2746,700,440,1,0.0030134125
Cold,446594,2752,2751,700,440,0,0.00012926327
Cold,440394,2692,2691,700,440,0,0.010173642
Cold,419110,2529,2528,700,440,0,-0.0039328514
Cold,417494,2517,2516,700,440,0,0.005304532
Cold,405599,2429,2428,700,440,0,0.00013722497
Cold,390270,2288,2287,700,440,0,0.0008547255
Cold,385011,2249,2248,700,440,1,0.007163945
Cold,369598,2162,2161,700,440,1,0.0060074735
Cold,345239,2024,2023,700,440,0,0.0021142308
Cold,344981,2023,2022,700,440,1,0.0049756775
Cold,341048,2010,2009,700,440,0,-0.0011624697
Cold,338647,1992,1991,700,440,0,-0.0021286174
Cold,325921,1928,1927,700,440,0,0.0054785875
Cold,290838,1735,1734,700,440,0,0.0014714587
Cold,283703,1697,1696,700,440,0,0.0040541794
Cold,297822,1764,1763,700,440,1,0.008293021
Cold,259753,1587,1586,700,440,0,0.001244464
Cold,260776,1593,1592,700,440,1,0.003649894
Cold,231816,1404,1403,700,440,0,0.00013034162
Cold,213776,1298,1297,700,440,0,0.0043323147
Cold,213163,1297,1296,700,440,0,0.0076604295
Cold,278121,1676,1675,700,440,1,0.013205444
Cold,205476,1263,1262,700,440,0,0.0057861963
Cold,309029,1837,1836,700,440,0,0.006696496
Cold,184518,1147,1146,700,440,0,-0.0008884532
Cold,173021,1096,1095,700,440,0,0.0036567869
Cold,164981,1051,1050,700,440,1,0.010534365
Cold,185955,1150,1149,700,440,0,0.004577533
Cold,137056,881,880,700,440,0,0.014272094
Cold,332939,1962,1961,700,440,0,0.0051152376
Cold,263803,1605,1604,700,440,0,-0.00078928843
Cold,119645,770,769,700,440,0,0.0048834877
Cold,111543,726,725,700,440,1,-0.00016164756
Cold,106416,699,698,700,440,1,0.006933746
Cold,100396,669,668,700,440,1,0.0033971171
Cold,101583,676,675,700,440,0,-0.002394802
Cold,764237,4543,4542,700,440,0,0.011603896
Cold,631930,3821,3820,700,440,0,0.0006731363
Cold,83685,549,548,700,440,1,0.01019975
Cold,84661,550,549,700,440,0,-0.00080875866
Cold,78039,524,523,700,440,1,0.000723555
Cold,72509,483,482,700,440,1,0.006121394
Cold,116728,752,751,700,440,1,-0.002223687
Cold,67645,453,452,700,440,0,0.0017827307
Cold,64438,429,428,700,440,1,0.00024053431
Cold,57293,386,385,700,440,1,0.0066312607
Cold,51981,342,341,700,440,0,0.0023194228
Cold,132789,855,854,700,440,0,0.0030974864
Cold,46552,310,309,700,440,1,0.001646911
Cold,44865,302,301,700,440,0,0.0096355
Cold,40132,271,270,700,440,1,0.0084387055
Cold,33728,225,224,700,440,1,-0.00738439
Cold,337315,1983,1982,700,440,1,0.007558571
Cold,240699,1449,1448,700,440,0,0.008027341
Cold,180935,1130,1129,700,440,1,0.0031670618
Cold,54676,355,354,700,440,1,0.0038508414
Cold,239470,1448,1447,700,440,1,0.0020615389
Cold,10578,75,74,700,440,1,0.008651595
Cold,421360,2544,2543,700,440,1,-0.004610794
Cold,179324,1124,1123,700,440,1,0.0024053059
Cold,65661,438,437,700,440,0,0.0069404496
Cold,363533,2116,2115,700,440,0,0.008459177
Cold,58267,392,391,700,440,1,0.010942871
Cold,680858,4079,4078,700,440,1,0.0028156291
Cold,964290,5812,5811,700,440,1,0.009245731
Cold,332037,1958,1957,700,440,0,0.012931483
Cold,599573,3648,3647,700,440,0,0.0108961435
Cold,134722,869,868,700,440,1,0.012008986
Cold,251302,1516,1515,700,440,0,0.0065287226
Cold,61007,411,410,700,440,0,0.008945897
Cold,479850,2944,2943,700,440,1,-0.00097078516
Cold,461716,2847,2846,700,440,0,0.0061986893
Cold,550755,3391,3390,700,440,1,0.004860987
Cold,974489,5878,5877,700,440,0,0.009603707
Cold,451311,2777,2776,709,443,0,0.0045333984
Cold,448625,2764,2763,709,443,0,-0.0058445083
Cold,445758,2748,2747,709,443,0,-0.008212075
Cold,422882,2562,2561,709,443,1,0.0006708838
Cold,415623,2503,2502,709,443,0,0.0010690896
Cold,409890,2457,2456,709,443,0,-0.005021446
Cold,396543,2346,2345,709,443,0,0.0014563724
Cold,419121,2529,2528,709,443,1,-0.0038264776
Cold,385803,2255,2254,709,443,0,-0.00041896093
Cold,374561,2181,2180,709,443,0,0.002651432
Cold,369135,2157,2156,709,443,0,-0.0017870207
Cold,367800,2147,2146,709,443,0,-0.0039922167
Cold,345940,2029,2028,709,443,0,-0.0023591402
Cold,359044,2100,2099,709,443,0,0.0057763383
Cold,354435,2073,2072,709,443,1,0.0018841813
Cold,347073,2035,2034,709,443,0,-0.0011230251
Cold,339815,2003,2002,709,443,0,-0.007110294
Cold,327080,1938,1937,709,443,0,0.0016121124
Cold,321122,1903,1902,709,443,0,-0.00054490275
Cold,313641,1871,1870,709,443,0,-0.010057291
Cold,310460,1850,1849,709,443,1,-0.0025138583
Cold,289664,1728,1727,709,443,1,-0.00014081615
Cold,283711,1697,1696,709,443,1,-0.0041866694
Cold,278132,1676,1675,709,443,1,-0.003088499
Cold,280217,1680,1679,709,443,0,0.003836011
Cold,270346,1635,1634,709,443,0,-0.002530557
Cold,269412,1632,1631,709,443,0,-0.0076037813
Cold,266203,1613,1612,709,443,0,-0.003931651
Cold,346508,2030,2029,709,443,0,0.0006519449
Cold,300668,1780,1779,709,443,0,-0.003408668
Cold,361230,2106,2105,709,443,0,-0.0018941459
Cold,247419,1495,1494,709,443,0,-0.00577107
Cold,237265,1442,1441,709,443,0,-0.001236649
Cold,224917,1359,1358,709,443,0,0.0025405337
Cold,222816,1348,1347,709,443,1,-0.005932215
Cold,218734,1325,1324,709,443,0,0.006327375
Cold,216288,1312,1311,709,443,0,0.0009109501
Cold,299906,1778,1777,709,443,1,-0.0075977044
Cold,328942,1941,1940,709,443,0,0.00049552583
Cold,249108,1501,1500,709,443,1,-0.008962988
Cold,168160,1068,1067,709,443,0,-0.001317858
Cold,353591,2071,2070,709,443,0,0.0026699323
Cold,175884,1112,1111,709,443,1,-0.0005846105
Cold,165861,1057,1056,709,443,0,0.0015364031
Cold,134735,869,868,709,443,0,0.00432968
Cold,128810,836,835,709,443,0,0.00356942
Cold,124370,800,799,709,443,1,-0.004475514
Cold,123002,793,792,709,443,1,-0.00073756126
Cold,115068,746,745,709,443,0,-0.008220032
Cold,272463,1645,1644,709,443,1,-0.0097675
Cold,102950,681,680,709,443,0,0.0040427432
Cold,352534,2063,2062,709,443,0,-0.0039991555
Cold,109523,714,713,709,443,1,-0.00017472683
Cold,93921,629,628,709,443,0,-0.0025503852
Cold,425864,2583,2582,709,443,0,-0.00077273604
Cold,363545,2116,2115,709,443,1,-0.0016703309
Cold,86307,563,562,709,443,0,0.0013635899
Cold,80825,536,535,709,443,1,0.005560912
Cold,84674,550,549,709,443,1,0.0036758203
Cold,75315,510,509,709,443,1,-0.004652841
Cold,65665,438,437,709,443,1,-0.0054365224
Cold,51841,340,339,709,443,0,-0.008518998
Cold,15074,119,118,709,443,0,0.0049809124
Cold,10583,75,74,709,443,1,-0.008029652
Cold,207251,1266,1265,709,443,0,-0.0030773836
Cold,79852,531,530,709,443,1,-0.0015179411
Cold,139300,890,889,709,443,1,-0.0009300902
Cold,605434,3679,3678,709,443,1,-0.0008955379
Cold,386259,2258,2257,709,443,0,0.005585187
Cold,110014,716,715,709,443,1,-0.009838007
Cold,688684,4118,4117,709,443,1,-0.0026248016
Cold,334140,1969,1968,709,443,1,-0.010540357
Cold,240716,1449,1448,709,443,0,-0.00014075614
Cold,12188,92,91,709,443,0,0.004807625
Cold,164993,1051,1050,709,443,1,-0.003188211
Cold,102782,678,677,709,443,1,-0.00024183153
Cold,12896,99,98,709,443,0,0.0018341917
Cold,344985,2023,2022,709,443,1,0.0005379156
Cold,28537,195,194,709,443,0,-0.002040036
Cold,795556,4765,4764,709,443,0,-0.0009930013
Cold,178494,1120,1119,709,443,0,-0.003281388
Cold,893146,5394,5393,709,443,0,0.00079972507
Cold,26030,184,183,709,443,0,-0.008975894
Cold,887031,5359,5358,709,443,0,-0.00359323
Cold,40145,271,270,711,444,0,0.0027106325
Cold,222818,1348,1347,711,444,0,-8.147233e-05
Cold,535207,3301,3300,714,445,1,0.0049380725
Cold,527720,3261,3260,714,445,0,0.0039608297
Cold,584931,3569,3568,714,445,1,0.012590291
Cold,514094,3172,3171,714,445,1,0.008360936
Cold,816138,4899,4898,714,445,1,0.0042911116
Cold,506992,3118,3117,714,445,1,-0.0009142747
Cold,505772,3110,3109,714,445,1,0.0022083959
Cold,501593,3080,3079,714,445,0,0.00090287125
Cold,513622,3167,3166,714,445,1,0.0029903634
Cold,497797,3055,3054,714,445,1,-0.009533709
Cold,497510,3054,3053,714,445,0,-0.0032982207
Cold,696913,4169,4168,714,445,0,0.005048304
Cold,474880,2913,2912,714,445,1,0.002070234
Cold,889037,5367,5366,714,445,1,0.01775565
Cold,460939,2841,2840,714,445,1,0.015590592
Cold,458560,2823,2822,714,445,0,0.004985658
Cold,445042,2744,2743,714,445,0,-0.0021076796
Cold,417071,2507,2506,714,445,1,0.005268262
Cold,371912,2172,2171,714,445,0,0.007950922
Cold,375798,2188,2187,714,445,0,0.0058704987
Cold,369423,2161,2160,714,445,0,0.004298311
Cold,369249,2158,2157,714,445,1,-0.00997362
Cold,366495,2134,2133,714,445,1,-0.0013354312
Cold,325105,1925,1924,714,445,1,-0.0026447899
Cold,305247,1812,1811,714,445,1,0.0051954607
Cold,289103,1726,1725,714,445,1,0.00047755917
Cold,284674,1698,1697,714,445,1,0.0022367854
Cold,274615,1658,1657,714,445,0,0.0008608734
Cold,270360,1635,1634,714,445,0,0.013949987
Cold,251372,1517,1516,714,445,1,0.0056045162
Cold,233565,1420,1419,714,445,1,-0.0043748105
Cold,206194,1264,1263,714,445,1,0.0034002895
Cold,308265,1836,1835,714,445,1,-0.0028281775
Cold,213793,1298,1297,714,445,1,0.0072795814
Cold,321923,1911,1910,714,445,0,0.0068758433
Cold,294616,1749,1748,714,445,0,0.0014443586
Cold,309047,1837,1836,714,445,0,-0.007179396
Cold,197553,1211,1210,714,445,0,0.007889621
Cold,184537,1147,1146,714,445,1,0.0052543706
Cold,181528,1134,1133,714,445,1,0.009310205
Cold,204851,1260,1259,714,445,1,6.398023e-05
Cold,162100,1033,1032,714,445,1,0.0012914317
Cold,169743,1077,1076,714,445,1,0.014604159
Cold,230706,1395,1394,714,445,1,0.002238246
Cold,160588,1019,1018,714,445,1,0.0104412865
Cold,157403,1010,1009,714,445,1,0.0034513974
Cold,158866,1015,1014,714,445,1,0.003572462
Cold,152116,977,976,714,445,0,0.0073639946
Cold,185987,1150,1149,714,445,0,0.010752426
Cold,139077,889,888,714,445,1,0.009249035
Cold,352549,2063,2062,714,445,1,0.01058188
Cold,240737,1449,1448,714,445,0,0.0080389
Cold,117940,760,759,714,445,1,0.0045971256
Cold,223899,1354,1353,714,445,0,0.009662234
Cold,93118,623,622,714,445,0,0.0027794482
Cold,79904,532,531,714,445,1,0.0017496021
Cold,239494,1448,1447,714,445,0,0.016662879
Cold,67924,454,453,714,445,1,0.011911454
Cold,70324,474,473,714,445,1,-0.001517063
Cold,60002,408,407,714,445,1,0.005643311
Cold,57305,386,385,714,445,1,0.018806208
Cold,54183,352,351,714,445,0,0.008419812
Cold,108440,710,709,714,445,1,0.0064612553
Cold,440261,2691,2690,714,445,1,0.005425746
Cold,42938,293,292,714,445,1,-0.002027862
Cold,33751,225,224,714,445,0,0.016574685
Cold,32783,222,221,714,445,1,0.0069173053
Cold,16806,131,130,714,445,0,0.010883933
Cold,562000,3457,3456,714,445,0,0.007890699
Cold,290687,1733,1732,714,445,1,0.008523501
Cold,451,5,4,714,445,1,0.008026596
Cold,104660,692,691,714,445,1,0.00846235
Cold,458421,2820,2819,714,445,1,-0.006276905
Cold,890144,5371,5370,714,445,1,-0.0025970207
Cold,743133,4445,4444,714,445,0,0.0013710437
Cold,285022,1699,1698,714,445,1,0.004803177
Cold,286995,1712,1711,714,445,0,0.007106348
Cold,330861,1952,1951,714,445,0,0.0009716975
Cold,238456,1447,1446,714,445,1,0.008995997
Cold,564869,3471,3470,714,445,1,0.014768444
Cold,285619,1701,1700,714,445,0,0.004452371
Cold,250025,1505,1504,714,445,0,0.00957146
Cold,130658,846,845,714,445,1,0.0045167725
Cold,439521,2684,2683,714,445,1,0.0007174639
Cold,567826,3483,3482,714,445,1,-0.0050488906
Cold,451921,2781,2780,714,445,1,-0.010574997
Cold,745167,4448,4447,714,445,1,0.002983245
Cold,287955,1717,1716,714,445,1,0.0066164443
Cold,475714,2918,2917,714,445,1,0.0039075636
Cold,958954,5787,5786,714,445,1,0.010317948
Cold,371197,2168,2167,714,445,1,0.015837934
Cold,137078,881,880,714,445,0,0.0019481415
Cold,421384,2544,2543,714,445,1,0.014044359
Cold,163586,1050,1049,725,449,0,0.0070134047
Cold,227512,1380,1379,725,449,0,0.003278134
Cold,136178,881,880,725,449,0,0.0070548905
Cold,351247,2063,2062,725,449,0,0.014104864
Cold,126083,813,812,725,449,0,0.005133948
Cold,120196,777,776,725,449,0,0.014283158
Cold,105773,699,698,725,449,0,0.010721529
Cold,98500,660,659,725,449,0,0.0013016174
Cold,329038,1943,1942,725,449,0,0.008533677
Cold,82589,549,548,725,449,1,0.008380188
Cold,81377,543,542,725,449,1,0.003985245
Cold,77062,524,523,725,449,0,0.004250026
Cold,70582,476,475,725,449,1,0.0026690261
Cold,67274,453,452,725,449,0,0.011646751
Cold,53336,352,351,725,449,0,-0.000861936
Cold,43755,301,300,725,449,0,-0.003046387
Cold,696938,4169,4168,725,449,0,0.003666787
Cold,54279,355,354,725,449,1,0.0073956912
Cold,336800,1983,1982,725,449,1,0.005749193
Cold,626408,3792,3791,725,449,0,0.006284656
Cold,27769,195,194,725,449,0,0.00844002
Cold,384412,2246,2245,725,449,1,0.0067947535
Cold,342076,2015,2014,725,449,0,0.006498262
Cold,784302,4682,4681,725,449,1,0.012680104
Cold,115742,752,751,725,449,0,0.006693445
Cold,598969,3648,3647,725,449,0,-0.003533359
Cold,62404,424,423,725,449,0,0.0039942414
Cold,682079,4085,4084,725,449,1,0.01202964
Cold,370838,2168,2167,725,449,0,0.008030304
Cold,941581,5682,5681,725,449,0,0.010972013
Cold,272553,1647,1646,725,449,0,0.0024862015
Cold,282487,1694,1693,735,452,1,-0.0033870412
Cold,267459,1626,1625,735,452,1,0.0020877193
Cold,247451,1496,1495,735,452,1,-0.007807748
Cold,234493,1423,1422,735,452,0,-0.004905642
Cold,221777,1341,1340,735,452,0,0.011700644
Cold,199029,1223,1222,735,452,0,-0.005134414
Cold,294089,1749,1748,735,452,0,0.0008398497
Cold,196256,1207,1206,735,452,0,-0.001942331
Cold,327444,1941,1940,735,452,1,-0.002281893
Cold,293049,1746,1745,735,452,1,-0.011019306
Cold,186006,1151,1150,735,452,0,-0.0001667384
Cold,211728,1288,1287,735,452,1,0.0005293002
Cold,184745,1150,1149,735,452,0,-0.0020809227
Cold,176467,1116,1115,735,452,0,0.001569604
Cold,176351,1115,1114,735,452,1,-0.006893777
Cold,174528,1104,1103,735,452,0,-0.0033960335
Cold,173438,1100,1099,735,452,1,0.0037675225
Cold,169458,1077,1076,735,452,0,0.00054121064
Cold,157497,1013,1012,735,452,1,-0.0064929686
Cold,146750,948,947,735,452,0,-0.003916998
Cold,128253,830,829,735,452,1,-0.0081747165
Cold,125451,808,807,735,452,0,-0.005994951
Cold,92668,621,620,735,452,1,-0.0067032585
Cold,140594,904,903,735,452,0,0.008062608
Cold,283768,1698,1697,735,452,1,-0.0049122833
Cold,178969,1124,1123,735,452,1,-0.0031861973
Cold,81395,543,542,735,452,1,0.0016984465
Cold,77091,524,523,735,452,1,-0.0014021501
Cold,238495,1448,1447,735,452,0,-0.017223537
Cold,67140,452,451,735,452,1,0.0016450973
Cold,57536,390,389,735,452,1,-0.0003702112
Cold,51064,337,336,735,452,1,-0.0033685865
Cold,41117,278,277,735,452,1,-0.0071774265
Cold,299927,1779,1778,735,452,1,-0.002399982
Cold,34534,235,234,735,452,0,0.0030797645
Cold,17985,139,138,735,452,1,-0.0038917328
Cold,7424,53,52,735,452,1,-0.01556754
Cold,365622,2129,2128,735,452,0,0.0005872078
Cold,757497,4508,4507,735,452,1,-0.009070229
Cold,289891,1733,1732,735,452,1,-0.0124704465
Cold,497519,3055,3054,735,452,0,-0.00035323668
Cold,628289,3806,3805,742,456,0,-0.0041106334
Cold,628478,3807,3806,742,456,0,0.0005445569
Cold,627883,3801,3800,742,456,1,0.0043978216
Cold,623201,3771,3770,742,456,0,-0.0032611443
Cold,627814,3800,3799,742,456,1,0.004243359
Cold,840146,5047,5046,742,456,0,0.00016941503
Cold,617243,3736,3735,742,456,1,0.0041348906
Cold,608111,3690,3689,742,456,0,-0.00064020674
Cold,607876,3689,3688,742,456,0,0.0007866917
Cold,636074,3834,3833,742,456,1,0.007464702
Cold,621039,3762,3761,742,456,0,-0.0010301567
Cold,593269,3618,3617,742,456,0,-0.00054691825
Cold,596242,3626,3625,742,456,0,-0.003173164
Cold,590613,3603,3602,742,456,0,-0.00031580194
Cold,584531,3569,3568,742,456,0,-0.0019767343
Cold,758957,4510,4509,742,456,0,0.0003356319
Cold,578889,3539,3538,742,456,1,0.010482265
Cold,584011,3564,3563,742,456,0,0.00039270846
Cold,613498,3717,3716,742,456,1,0.0042327372
Cold,547308,3377,3376,742,456,1,0.007672553
Cold,576766,3526,3525,742,456,0,-0.0007872218
Cold,544977,3361,3360,742,456,0,-0.013255587
Cold,543884,3352,3351,742,456,1,-0.00482939
Cold,535712,3308,3307,742,456,0,-0.009620709
Cold,515244,3182,3181,742,456,0,-0.00015518628
Cold,565950,3476,3475,742,456,0,0.0069578
Cold,507136,3121,3120,742,456,0,0.00454866
Cold,517774,3196,3195,742,456,0,-0.008762831
Cold,710244,4260,4259,742,456,0,0.00092016254
Cold,464704,2864,2863,742,456,0,-0.005008252
Cold,462989,2857,2856,742,456,1,0.009941129
Cold,440046,2691,2690,742,456,0,-0.001231137
Cold,790620,4728,4727,742,456,0,0.0038804403
Cold,426356,2590,2589,742,456,0,0.0050269053
Cold,398887,2376,2375,742,456,0,0.010606346
Cold,397156,2352,2351,742,456,0,-0.0036972817
Cold,385110,2251,2250,742,456,0,-0.014074222
Cold,368607,2155,2154,742,456,1,0.01563824
Cold,368230,2153,2152,742,456,0,0.004311851
Cold,358361,2098,2097,742,456,0,0.0017089688
Cold,361352,2109,2108,742,456,0,0.00012648106
Cold,351300,2063,2062,742,456,0,0.0013568399
Cold,344371,2021,2020,742,456,1,0.0053275484
Cold,323491,1919,1918,742,456,0,0.0032852115
Cold,297256,1764,1763,742,456,1,0.0005015214
Cold,276747,1675,1674,742,456,0,-0.010184638
Cold,277340,1676,1675,742,456,0,-0.004351272
Cold,271381,1641,1640,742,456,0,-0.0015496333
Cold,267466,1626,1625,742,456,0,0.0005453406
Cold,265459,1613,1612,742,456,0,-0.00468772
Cold,247465,1496,1495,742,456,0,0.00078222074
Cold,321153,1904,1903,742,456,0,0.0022640964
Cold,242552,1465,1464,742,456,0,-0.00889132
Cold,232224,1409,1408,742,456,0,0.0063448567
Cold,224422,1357,1356,742,456,0,-0.008923384
Cold,221866,1342,1341,742,456,0,-0.0053364104
Cold,221778,1341,1340,742,456,0,0.0061406977
Cold,214495,1302,1301,742,456,1,0.008632639
Cold,214038,1300,1299,742,456,0,-0.0070116227
Cold,269639,1635,1634,742,456,0,0.004843715
Cold,272587,1647,1646,742,456,0,0.005889108
Cold,250288,1509,1508,742,456,1,0.0076713082
Cold,209942,1284,1283,742,456,1,0.0013168468
Cold,327475,1941,1940,742,456,0,0.004350815
Cold,183458,1142,1141,742,456,0,0.0013291468
Cold,176356,1115,1114,742,456,0,-0.006788427
Cold,256173,1562,1561,742,456,0,-0.0009401146
Cold,331255,1958,1957,742,456,0,-0.0021253584
Cold,183846,1146,1145,742,456,0,-0.003103144
Cold,165618,1056,1055,742,456,0,0.004431513
Cold,164196,1051,1050,742,456,0,-0.0048838523
Cold,150165,967,966,742,456,1,0.0009092123
Cold,135371,877,876,742,456,0,-0.0018635145
Cold,133838,868,867,742,456,1,0.0066335485
Cold,133956,869,868,742,456,0,0.00076310127
Cold,133127,859,858,742,456,0,0.000105691375
Cold,131697,854,853,742,456,0,0.0014318381
Cold,137656,889,888,742,456,0,0.0061734347
Cold,125459,808,807,742,456,0,0.0026741247
Cold,115227,749,748,742,456,0,-0.002288724
Cold,114675,746,745,742,456,0,0.002425156
Cold,114062,741,740,742,456,0,0.006965225
Cold,117316,757,756,742,456,0,0.00413948
Cold,107615,710,709,742,456,0,-0.0033539636
Cold,113169,735,734,742,456,0,-0.0037380494
Cold,110525,721,720,742,456,1,0.00032966386
Cold,108615,712,711,742,456,0,0.012091945
Cold,77112,524,523,742,456,0,0.00092706876
Cold,238515,1448,1447,742,456,0,-0.0020783271
Cold,71712,482,481,742,456,0,0.0047924444
Cold,51071,337,336,742,456,1,0.005285025
Cold,47867,321,320,742,456,0,-0.0035507837
Cold,49099,329,328,742,456,0,0.007996945
Cold,45146,305,304,742,456,0,0.0008802491
Cold,41131,278,277,742,456,1,0.00012820202
Cold,55469,368,367,742,456,0,-0.0042274427
Cold,22296,163,162,742,456,0,0.002081956
Cold,15150,121,120,742,456,0,-0.001183887
Cold,289911,1733,1732,742,456,0,-0.005634837
Cold,552000,3401,3400,742,456,0,0.006007011
Cold,56010,372,371,742,456,1,0.0071348026
Cold,264876,1611,1610,742,456,1,0.0020348635
Cold,251774,1524,1523,742,456,0,0.0032937229
Cold,571776,3507,3506,742,456,0,0.0071250265
Cold,365633,2129,2128,742,456,0,0.003193025
Cold,101861,678,677,742,456,1,0.004427309
Cold,366050,2131,2130,742,456,0,0.0070269215
Cold,79048,531,530,742,456,0,0.006304355
Cold,565326,3475,3474,742,456,0,0.00014895073
Cold,473117,2909,2908,742,456,1,-0.0012356942
Cold,699858,4186,4185,742,456,1,-0.002777554
Cold,171165,1088,1087,742,456,0,0.0034963435
Cold,324826,1925,1924,742,456,0,0.00042985938
Cold,771825,4600,4599,742,456,0,-0.007796157
Cold,309209,1841,1840,743,457,0,0.005384215
Cold,247466,1496,1495,743,457,0,0.0042384244
Cold,296715,1759,1758,743,457,1,-0.010176591
Cold,278508,1680,1679,743,457,0,-0.0041489536
Cold,177832,1120,1119,743,457,0,-0.0024634297
Cold,176472,1116,1115,743,457,0,-0.010938498
Cold,172775,1096,1095,743,457,1,-0.0012781753
Cold,175264,1112,1111,743,457,0,-0.0036598362
Cold,271977,1645,1644,743,457,0,-0.009759873
Cold,155684,1004,1003,743,457,0,0.006854903
Cold,156464,1010,1009,743,457,0,2.9510411e-05
Cold,136214,881,880,743,457,0,0.0015240994
Cold,115230,749,748,743,457,1,-0.0025291087
Cold,105810,699,698,743,457,0,-0.01171141
Cold,107618,710,709,743,457,0,0.0015340024
Cold,176653,1117,1116,743,457,0,0.0033706028
Cold,98527,660,659,743,457,0,-0.013791351
Cold,370861,2168,2167,743,457,1,-0.0032815482
Cold,96317,647,646,743,457,0,0.00038159534
Cold,329077,1943,1942,743,457,0,-0.007008847
Cold,92489,620,619,743,457,0,0.0019217741
Cold,190284,1181,1180,743,457,0,-0.003724821
Cold,83788,550,549,743,457,0,0.0043441146
Cold,73038,494,493,743,457,1,0.0021942086
Cold,71479,481,480,743,457,1,0.004096935
Cold,65122,438,437,743,457,1,-0.015938826
Cold,110527,721,720,743,457,1,-0.0042018336
Cold,44171,302,301,743,457,0,-0.0047683194
Cold,696985,4169,4168,743,457,0,0.005199955
Cold,291080,1737,1736,743,457,0,-0.012687333
Cold,234663,1425,1424,743,457,0,-0.0026036308
Cold,6584,48,47,743,457,0,-0.00012467266
Cold,880,10,9,743,457,0,-0.0028101823
Cold,354652,2077,2076,743,457,0,-0.008381176
Cold,626446,3792,3791,743,457,0,0.0009010881
Cold,237537,1447,1446,743,457,0,-0.013879803
Cold,49101,329,328,743,457,0,-0.0051221377
Cold,362650,2116,2115,743,457,0,0.0010263412
Cold,828959,4979,4978,743,457,0,-0.012553826
Cold,27833,195,194,743,457,0,-0.009504905
Cold,680473,4079,4078,743,457,0,-0.00461392
Cold,750566,4478,4477,743,457,0,-0.010150453
Cold,35018,237,236,743,457,0,-0.008870366
Cold,11519,90,89,743,457,0,-0.0027815304
Cold,598997,3648,3647,743,457,0,-0.009696472
Cold,62461,424,423,743,457,0,-0.005031687
Cold,171168,1088,1087,743,457,0,-0.0020791008
Cold,473156,2909,2908,761,461,0,-0.0024694363
Cold,463007,2857,2856,761,461,0,-0.012429634
Cold,447778,2761,2760,761,461,0,-0.009961655
Cold,429981,2621,2620,761,461,0,-0.008352295
Cold,409075,2456,2455,761,461,0,-0.011907451
Cold,393768,2319,2318,761,461,0,-0.0054445798
Cold,391874,2304,2303,761,461,0,-0.0054773837
Cold,383573,2242,2241,761,461,1,-0.01015131
Cold,362075,2110,2109,761,461,1,0.004127293
Cold,355407,2079,2078,761,461,0,-0.013482254
Cold,356240,2088,2087,761,461,0,-0.0038215134
Cold,351340,2063,2062,761,461,0,-0.0041541355
Cold,312632,1863,1862,761,461,0,-0.0026053004
Cold,314902,1880,1879,761,461,0,-0.009330785
Cold,263844,1606,1605,761,461,0,-0.00950134
Cold,299412,1778,1777,761,461,0,-0.010376503
Cold,247486,1496,1495,761,461,0,-0.0050230213
Cold,342152,2015,2014,761,461,1,-0.004740582
Cold,335417,1980,1979,761,461,0,-0.009635274
Cold,221050,1340,1339,761,461,0,-0.009173537
Cold,314571,1879,1878,761,461,0,-0.006811503
Cold,277371,1676,1675,761,461,0,-0.002016563
Cold,269673,1635,1634,761,461,0,-0.013602819
Cold,186311,1152,1151,761,461,0,-0.011287127
Cold,308334,1837,1836,761,461,0,-0.0073713185
Cold,190334,1181,1180,761,461,0,0.0046057873
Cold,168814,1071,1070,761,461,1,-0.01228538
Cold,162150,1034,1033,761,461,1,0.00072446605
Cold,131574,853,852,761,461,1,-0.0013255891
Cold,120963,780,779,761,461,0,-0.007306896
Cold,118222,765,764,761,461,0,-0.005154385
Cold,100025,669,668,761,461,1,-0.0074399523
Cold,349755,2054,2053,761,461,0,-0.011548612
Cold,283827,1698,1697,761,461,1,-0.0085960915
Cold,82686,549,548,761,461,1,-0.0085079465
Cold,83830,550,549,761,461,1,-0.013149098
Cold,77141,524,523,761,461,0,-0.0097330175
Cold,74116,505,504,761,461,0,-0.012314211
Cold,71271,479,478,761,461,0,-0.006649736
Cold,70348,475,474,761,461,0,-0.0038908315
Cold,62507,424,423,761,461,0,-0.0061611827
Cold,50826,335,334,761,461,0,-0.007968387
Cold,43803,301,300,761,461,0,-0.01301042
Cold,44219,302,301,761,461,0,-0.0104841385
Cold,34585,235,234,761,461,1,-0.0034339114
Cold,36219,245,244,761,461,0,-0.0095044
Cold,32833,223,222,761,461,0,-0.006473303
Cold,26997,192,191,761,461,0,-0.0031960094
Cold,234697,1425,1424,761,461,1,-0.0107555445
Cold,30374,204,203,761,461,0,-0.012528179
Cold,49149,329,328,761,461,0,-0.013570445
Cold,219015,1329,1328,761,461,0,-0.0028528036
Cold,354668,2077,2076,761,461,1,-0.0038483685
Cold,552040,3401,3400,761,461,0,-0.014419501
Cold,27874,195,194,761,461,0,-0.006710244
Cold,632889,3824,3823,761,461,0,-0.0019616834
Cold,958986,5787,5786,761,461,0,-0.00455001
Cold,73275,496,495,761,461,1,-0.0019984625
Cold,171210,1088,1087,761,461,0,-0.0006179004
Cold,52917,349,348,761,461,0,-0.0004182181
Cold,293546,1748,1747,761,461,0,-0.0056960876
Cold,179387,1125,1124,761,461,0,-0.010882084
Cold,295508,1755,1754,761,461,0,-0.0021447695
Cold,22982,166,165,764,463,0,-0.0007596883
Cold,16577,131,130,764,463,1,0.0030376152
Cold,7491,53,52,764,463,1,0.00334277
Cold,1244,11,10,764,463,1,-0.00397696
Cold,22316,163,162,764,463,0,0.002677136
Cold,206620,1266,1265,764,463,0,-0.00082895305
Cold,883249,5333,5332,764,463,0,-0.0033083868
Cold,157714,1015,1014,764,463,1,0.00436036
Cold,778094,4647,4646,764,463,1,-0.011232071
Cold,796238,4771,4770,764,463,1,-0.0032635957
Cold,245676,1484,1483,764,463,0,-0.009229461
Cold,893196,5394,5393,764,463,0,-0.0032702303
Cold,285116,1701,1700,764,463,1,-0.0014982477
Cold,193399,1194,1193,764,463,0,-0.002990263
Cold,636107,3834,3833,765,464,1,-0.006413254
Cold,599712,3650,3649,765,464,0,-0.0023475739
Cold,596272,3626,3625,765,464,0,0.0005941191
Cold,591475,3609,3608,765,464,0,-0.0020177404
Cold,590022,3600,3599,765,464,0,-0.001250125
Cold,568534,3489,3488,765,464,0,0.0050206394
Cold,593314,3618,3617,765,464,0,-0.008066504
Cold,562015,3458,3457,765,464,1,0.0012034462
Cold,575080,3519,3518,765,464,0,-0.0056730965
Cold,541957,3336,3335,765,464,0,-0.0010322805
Cold,535746,3308,3307,765,464,1,-0.013689641
Cold,532954,3292,3291,765,464,0,-0.0075693284
Cold,536781,3311,3310,765,464,0,0.0046028066
Cold,514735,3180,3179,765,464,0,0.0010706167
Cold,505786,3111,3110,765,464,0,-0.0009924406
Cold,502004,3082,3081,765,464,0,-0.011682996
Cold,516264,3189,3188,765,464,0,-0.004888688
Cold,493746,3032,3031,765,464,1,-0.017926728
Cold,491926,3026,3025,765,464,0,0.0041579194
Cold,489450,3013,3012,765,464,0,-0.01106145
Cold,529406,3272,3271,765,464,1,0.004630113
Cold,456309,2810,2809,765,464,1,-0.00076567475
Cold,434360,2649,2648,765,464,0,-0.008448496
Cold,430302,2623,2622,765,464,0,0.003271896
Cold,450513,2777,2776,765,464,1,-0.002823398
Cold,423062,2565,2564,765,464,1,0.0055729686
Cold,419581,2537,2536,765,464,0,-0.002126073
Cold,402133,2402,2401,765,464,0,-0.0011831697
Cold,382218,2233,2232,765,464,1,-0.0060867793
Cold,375439,2188,2187,765,464,0,-0.0011046364
Cold,370423,2166,2165,765,464,0,-0.0029227058
Cold,382433,2235,2234,765,464,1,0.004674031
Cold,351345,2063,2062,765,464,0,-0.0038063545
Cold,350877,2060,2059,765,464,0,-0.0017176212
Cold,305323,1815,1814,765,464,0,-0.002341855
Cold,314911,1880,1879,765,464,0,-0.003407003
Cold,274622,1659,1658,765,464,1,0.0011332321
Cold,281122,1687,1686,765,464,0,-0.007111923
Cold,265492,1613,1612,765,464,0,-0.0038450984
Cold,309215,1841,1840,765,464,0,-0.0065090875
Cold,299415,1778,1777,765,464,0,-0.0029783347
Cold,236290,1434,1433,765,464,1,-0.0055435877
Cold,335424,1980,1979,765,464,0,-0.011210686
Cold,277376,1676,1675,765,464,0,0.00048641372
Cold,213243,1298,1297,765,464,0,0.009638962
Cold,278568,1680,1679,765,464,0,-0.0030625174
Cold,196289,1207,1206,765,464,0,0.0008590305
Cold,193091,1193,1192,765,464,0,-0.0031807374
Cold,192270,1184,1183,765,464,0,0.0020760628
Cold,188151,1168,1167,765,464,0,0.00085932517
Cold,188804,1172,1171,765,464,0,0.0012404538
Cold,183031,1141,1140,765,464,0,0.0012982276
Cold,179390,1125,1124,765,464,0,-0.0063461065
Cold,172783,1096,1095,765,464,0,-0.0025229538
Cold,168206,1069,1068,765,464,0,-0.0056331786
Cold,175292,1112,1111,765,464,0,-0.0062877038
Cold,167638,1068,1067,765,464,0,-0.0032577226
Cold,163430,1047,1046,765,464,1,-0.00239708
Cold,155712,1004,1003,765,464,0,-0.0028180517
Cold,156494,1010,1009,765,464,0,-0.008649055
Cold,380101,2223,2222,765,464,0,-0.0011664736
Cold,248634,1501,1500,765,464,0,0.0070215417
Cold,332453,1962,1961,765,464,0,0.0036305576
Cold,154706,999,998,765,464,0,-0.005394664
Cold,159768,1019,1018,765,464,0,-0.00505233
Cold,177872,1120,1119,765,464,0,-0.0025522043
Cold,115811,752,751,765,464,0,-0.012921717
Cold,105833,699,698,765,464,0,0.00021380046
Cold,100719,673,672,765,464,0,0.0019058298
Cold,101243,676,675,765,464,0,-0.0035736174
Cold,109153,714,713,765,464,1,0.0026858717
Cold,360435,2106,2105,765,464,0,-0.0049556233
Cold,83839,550,549,765,464,0,0.005654497
Cold,81441,543,542,765,464,1,-0.0036106189
Cold,73049,494,493,765,464,1,0.0007586796
Cold,65149,438,437,765,464,1,-0.0023309155
Cold,59335,403,402,765,464,0,-0.006169652
Cold,405925,2436,2435,765,464,0,0.003127291
Cold,57890,392,391,765,464,0,-0.0025239075
Cold,239627,1449,1448,765,464,0,-0.011172499
Cold,227961,1383,1382,765,464,0,-0.005226098
Cold,697023,4169,4168,765,464,0,-0.004389178
Cold,38177,261,260,765,464,0,-0.001786246
Cold,31780,216,215,765,464,1,-0.004960491
Cold,31467,214,213,765,464,0,-0.005367987
Cold,54346,355,354,765,464,0,-0.0022676187
Cold,234699,1425,1424,765,464,0,-0.002836369
Cold,49155,329,328,765,464,0,0.005337431
Cold,3479,26,25,765,464,0,-0.0031488962
Cold,6624,48,47,765,464,0,-0.009368008
Cold,938,10,9,765,464,1,0.0075950297
Cold,883250,5333,5332,765,464,0,-0.010055589
Cold,439777,2688,2687,765,464,0,-0.008584483
Cold,335129,1978,1977,765,464,0,-0.0011286908
Cold,27879,195,194,765,464,0,0.0041827895
Cold,354670,2077,2076,765,464,0,-0.010308562
Cold,233862,1422,1421,765,464,0,0.0057644024
Cold,237576,1447,1446,765,464,0,-0.0023938562
Cold,342157,2015,2014,765,464,0,0.00047372183
Cold,362674,2116,2115,765,464,0,-0.002002324
Cold,333697,1969,1968,765,464,1,0.00094105536
Cold,682134,4085,4084,765,464,1,-0.0022081856
Cold,272000,1645,1644,765,464,0,-0.0008248695
Cold,11530,90,89,765,464,0,-0.005820919
Cold,717069,4294,4293,765,464,0,0.005180181
Cold,331277,1958,1957,765,464,0,-0.014105208
Cold,521701,3219,3218,765,464,1,-0.0024986686
Cold,171217,1088,1087,765,464,0,-0.001090536
Cold,699871,4186,4185,765,464,0,-0.0067570712
Cold,272621,1647,1646,765,464,0,-0.0013074689
Cold,468220,2887,2886,765,464,0,0.0017334629
Cold,337913,1988,1987,766,465,0,0.003541833
Cold,267813,1628,1627,766,465,0,0.0057506613
Cold,351346,2063,2062,766,465,0,0.009851465
Cold,262957,1605,1604,766,465,0,0.012218387
Cold,107259,706,705,766,465,0,-0.013184847
Cold,97673,655,654,766,465,0,-0.0032652016
Cold,332454,1962,1961,766,465,0,0.009756277
Cold,283834,1698,1697,766,465,1,0.0069790846
Cold,90533,601,600,766,465,0,0.0049854545
Cold,432036,2634,2633,766,465,0,0.004560652
Cold,238539,1448,1447,766,465,1,0.001670066
Cold,77147,524,523,766,465,1,0.0100575145
Cold,74559,509,508,766,465,1,-0.0024634427
Cold,197209,1211,1210,766,465,1,0.0070132352
Cold,69285,464,463,766,465,0,-0.00020757131
Cold,234700,1425,1424,766,465,1,0.0071316003
Cold,24804,175,174,766,465,1,-0.0074187806
Cold,21910,161,160,766,465,1,-0.0015150306
Cold,26261,187,186,766,465,1,-0.0015955132
Cold,22983,166,165,766,465,1,0.0072601577
Cold,16578,131,130,766,465,1,0.0016265223
Cold,7494,53,52,766,465,1,0.0056218393
Cold,206621,1266,1265,766,465,1,-0.00029575033
Cold,276015,1671,1670,766,465,1,-0.0026201974
Cold,157716,1015,1014,766,465,1,0.010966139
Cold,129136,839,838,766,465,1,0.002855798
Cold,252384,1530,1529,766,465,0,0.0036550527
Cold,261115,1597,1596,766,465,1,0.00026169943
Cold,713618,4277,4276,766,465,1,0.0009313674
Cold,439328,2684,2683,766,465,0,0.0060094595
Cold,796240,4771,4770,766,465,1,0.007842751
Cold,245678,1484,1483,766,465,1,0.0012765501
Cold,562379,3462,3461,766,465,1,0.0089597795
Cold,475364,2918,2917,766,465,1,0.0029356517
Cold,960371,5792,5791,766,465,0,0.00077849696
Cold,287577,1717,1716,766,465,0,0.0060446532
Cold,371510,2172,2171,766,465,1,0.0047124834
Cold,193400,1194,1193,766,465,1,0.009098316
Cold,480403,2947,2946,766,465,0,0.0018237603
Cold,33867,229,228,766,465,1,0.011965767
Cold,267472,1626,1625,781,468,0,-0.0008412835
Cold,259293,1587,1586,781,468,0,-0.0040633567
Cold,209333,1279,1278,781,468,0,-0.0068746456
Cold,188822,1172,1171,781,468,1,-0.00676826
Cold,184849,1150,1149,781,468,0,-0.0060240487
Cold,180133,1128,1127,781,468,1,-0.009238247
Cold,270712,1639,1638,781,468,1,-0.005663353
Cold,114693,746,745,781,468,0,-0.0059194015
Cold,100728,673,672,781,468,1,0.002283779
Cold,179400,1125,1124,781,468,0,-0.010462788
Cold,100035,669,668,781,468,1,-0.0024683299
Cold,176698,1117,1116,781,468,1,-0.00666671
Cold,97689,655,654,781,468,0,-0.009870293
Cold,332465,1962,1961,781,468,0,-0.0002987869
Cold,631329,3821,3820,781,468,0,-0.005926135
Cold,151165,973,972,781,468,1,-0.004971598
Cold,87178,570,569,781,468,1,-0.0015769501
Cold,190377,1181,1180,781,468,0,-0.0024708058
Cold,81451,543,542,781,468,1,0.0052800737
Cold,201350,1242,1241,781,468,1,-0.00973256
Cold,784343,4682,4681,781,468,1,-0.0067463005
Cold,47261,319,318,781,468,0,-0.0076750936
Cold,697041,4169,4168,781,468,1,-0.010459916
Cold,33346,225,224,781,468,1,-0.020724999
Cold,26280,187,186,781,468,1,-0.005203501
Cold,16602,131,130,781,468,0,0.00014064572
Cold,632922,3824,3823,781,468,0,-0.010011886
Cold,79101,531,530,781,468,0,-0.0104999095
Cold,506117,3113,3112,781,468,0,-0.0022703628
Cold,935161,5643,5642,781,468,0,-0.0051077763
Cold,262984,1605,1604,781,468,1,-0.0032014097
Cold,804438,4816,4815,781,468,1,0.00093895313
Cold,317493,1889,1888,781,468,1,-0.00060883095
Cold,159801,1019,1018,781,468,0,-0.0030742357
Cold,713626,4277,4276,781,468,0,-0.00023235101
Cold,195208,1203,1202,781,468,0,-0.006091629
Cold,967164,5831,5830,781,468,0,-0.009323748
Cold,739513,4418,4417,781,468,0,-0.0112142
Cold,992553,5996,5995,781,468,1,0.0011367362
Cold,115834,752,751,781,468,1,-0.0077284654
Cold,295525,1755,1754,781,468,1,-0.0035772007
Cold,748293,4467,4466,781,468,0,-0.0031279633
Cold,860257,5172,5171,781,468,1,-0.0093293255
Cold,562946,3464,3463,782,469,0,-0.0021474895
Cold,557534,3425,3424,782,469,0,0.004018764
Cold,771832,4600,4599,782,469,0,-0.0008649803
Cold,547311,3377,3376,782,469,1,0.00087495596
Cold,576834,3526,3525,782,469,0,-0.0013199323
Cold,535758,3308,3307,782,469,0,0.00041125854
Cold,531940,3285,3284,782,469,0,0.0035583908
Cold,518606,3201,3200,782,469,0,0.0017884732
Cold,536800,3311,3310,782,469,0,0.0035217009
Cold,521329,3217,3216,782,469,0,0.0047438405
Cold,515277,3182,3181,782,469,1,-0.0012594112
Cold,659033,3971,3970,782,469,1,0.00463328
Cold,493764,3032,3031,782,469,1,-0.00390914
Cold,628492,3807,3806,782,469,0,0.0046821716
Cold,479970,2946,2945,782,469,0,0.0026400508
Cold,472293,2907,2906,782,469,0,-0.0070605204
Cold,473182,2909,2908,782,469,1,-0.002316433
Cold,463021,2857,2856,782,469,0,0.0034361766
Cold,460177,2840,2839,782,469,0,0.0079961885
Cold,457634,2820,2819,782,469,0,-0.0040550544
Cold,453472,2793,2792,782,469,1,0.009470647
Cold,450533,2777,2776,782,469,0,0.0024192054
Cold,564140,3471,3470,782,469,0,0.0018908046
Cold,439547,2685,2684,782,469,0,0.004087569
Cold,420149,2540,2539,782,469,1,0.003830648
Cold,404363,2419,2418,782,469,0,0.0025160834
Cold,398918,2376,2375,782,469,0,0.0016222151
Cold,386929,2263,2262,782,469,1,-0.000114107504
Cold,385025,2250,2249,782,469,0,-0.006091057
Cold,362689,2116,2115,782,469,0,-0.004347968
Cold,350079,2055,2054,782,469,0,-0.0004097313
Cold,361395,2109,2108,782,469,0,-0.00080400007
Cold,330920,1954,1953,782,469,0,0.00018789043
Cold,300901,1785,1784,782,469,0,0.0011651772
Cold,378295,2208,2207,782,469,0,0.010970764
Cold,295929,1757,1756,782,469,1,-0.003441291
Cold,274969,1666,1665,782,469,0,0.0039968817
Cold,260594,1593,1592,782,469,0,0.0022054587
Cold,261571,1599,1598,782,469,1,0.002153146
Cold,242593,1465,1464,782,469,1,-0.0025029767
Cold,277395,1676,1675,782,469,0,-0.010069234
Cold,591719,3610,3609,782,469,0,0.00053851865
Cold,250296,1509,1508,782,469,0,0.00052400527
Cold,209956,1284,1283,782,469,0,0.0036379385
Cold,278609,1680,1679,782,469,1,0.0019567187
Cold,342173,2015,2014,782,469,0,0.0032781812
Cold,327579,1941,1940,782,469,0,0.0036826222
Cold,183857,1146,1145,782,469,0,0.0005885153
Cold,175307,1112,1111,782,469,0,0.0013666092
Cold,170189,1084,1083,782,469,0,-0.003756179
Cold,145217,935,934,782,469,0,0.0048963847
Cold,131715,854,853,782,469,0,-0.00094812526
Cold,351373,2063,2062,782,469,0,0.0063223643
Cold,114694,746,745,782,469,0,0.00196573
Cold,120237,777,776,782,469,0,0.0029341234
Cold,105847,699,698,782,469,0,0.013987638
Cold,115835,752,751,782,469,0,-0.002054837
Cold,103287,687,686,782,469,0,-0.011164244
Cold,299424,1778,1777,782,469,0,-0.0060074166
Cold,110563,721,720,782,469,0,0.0064809383
Cold,631331,3821,3820,782,469,0,8.210447e-05
Cold,190379,1181,1180,782,469,0,-0.0014587468
Cold,77175,524,523,782,469,0,-0.0027560098
Cold,79985,533,532,782,469,0,0.0017691222
Cold,68533,461,460,782,469,0,-0.0007336
Cold,70056,474,473,782,469,0,-0.0047036917
Cold,71758,482,481,782,469,0,0.0019917197
Cold,238569,1448,1447,782,469,1,0.00063525327
Cold,221073,1340,1339,782,469,0,0.0019846621
Cold,219025,1329,1328,782,469,0,-0.0041101184
Cold,9149,62,61,782,469,0,-0.004182213
Cold,626485,3792,3791,782,469,1,-0.0012225364
Cold,552063,3401,3400,782,469,0,-0.00039330404
Cold,150385,970,969,782,469,0,0.0016683192
Cold,237599,1447,1446,782,469,0,0.009872066
Cold,697042,4169,4168,782,469,0,0.01066811
Cold,682150,4085,4084,782,469,1,-0.009151128
Cold,264915,1611,1610,782,469,0,0.007875998
Cold,599023,3648,3647,782,469,0,-0.0059773615
Cold,215395,1306,1305,782,469,0,0.0029887073
Cold,136258,881,880,782,469,0,0.00034128223
Cold,324847,1925,1924,782,469,0,0.0015492905
Cold,272632,1647,1646,782,469,0,0.002334185
Cold,331293,1958,1957,782,469,0,0.010433773
Cold,974530,5878,5877,782,469,0,-0.0018006188
Cold,374079,2181,2180,801,478,0,0.0108085135
Cold,355967,2085,2084,801,478,1,0.0023718746
Cold,361636,2109,2108,801,478,0,0.018077573
Cold,345106,2024,2023,801,478,0,0.003500584
Cold,398602,2372,2371,801,478,1,0.009556406
Cold,340644,2010,2009,801,478,0,0.009781744
Cold,333842,1969,1968,801,478,0,0.00013630325
Cold,286261,1709,1708,801,478,1,0.0031255605
Cold,268526,1631,1630,801,478,0,0.001055595
Cold,360779,2106,2105,801,478,0,0.005118541
Cold,236380,1434,1433,801,478,1,-0.004051541
Cold,247327,1495,1494,801,478,0,0.0028236727
Cold,222745,1348,1347,801,478,1,0.008897954
Cold,320098,1899,1898,801,478,0,-0.0013584323
Cold,220849,1339,1338,801,478,0,0.0048703873
Cold,283537,1697,1696,801,478,1,0.0013118945
Cold,205319,1263,1262,801,478,0,0.013500063
Cold,213461,1298,1297,801,478,0,0.0038983736
Cold,279259,1680,1679,801,478,1,0.004641505
Cold,198812,1221,1220,801,478,1,0.0065356917
Cold,212475,1294,1293,801,478,1,-0.002875568
Cold,183210,1141,1140,801,478,1,0.0076976405
Cold,178123,1120,1119,801,478,1,-0.0025855936
Cold,172634,1094,1093,801,478,0,0.0005652583
Cold,172877,1096,1095,801,478,0,-0.0014033397
Cold,272195,1645,1644,801,478,1,0.005897351
Cold,153673,987,986,801,478,1,-0.0032909778
Cold,165462,1054,1053,801,478,0,0.0073763425
Cold,249245,1502,1501,801,478,0,-0.0077201957
Cold,149596,963,962,801,478,0,0.0037966291
Cold,136592,881,880,801,478,0,0.005509749
Cold,263330,1605,1604,801,478,1,0.0035135294
Cold,116837,753,752,801,478,0,0.0022767833
Cold,112475,731,730,801,478,1,0.010753442
Cold,94933,637,636,801,478,0,0.011544971
Cold,234978,1425,1424,801,478,0,1.2539327e-05
Cold,93789,629,628,801,478,1,-0.004445737
Cold,92212,614,613,801,478,1,-0.0056460733
Cold,86638,566,565,801,478,0,0.0031646187
Cold,84181,550,549,801,478,0,0.01291226
Cold,73110,494,493,801,478,1,0.00039045082
Cold,46355,310,309,801,478,1,5.328958e-05
Cold,10425,75,74,801,478,1,0.002237955
Cold,79397,531,530,801,478,0,0.0016534982
Cold,206870,1266,1265,801,478,0,0.004499213
Cold,19121,148,147,801,478,1,-0.0058129113
Cold,922677,5571,5570,801,478,0,-0.001724364
Cold,552353,3401,3400,801,478,0,0.011262021
Cold,386072,2258,2257,801,478,0,-0.0017528256
Cold,363033,2116,2115,801,478,0,0.0070269336
Cold,328130,1941,1940,801,478,0,0.00609745
Cold,413739,2489,2488,801,478,1,0.0074348976
Cold,144918,934,933,801,478,0,0.008314485
Cold,489616,3013,3012,801,478,1,-0.0023065112
Cold,134276,869,868,801,478,0,-0.0035993736
Cold,717091,4294,4293,801,478,0,0.0015798435
Cold,370997,2168,2167,801,478,0,0.0039026886
Cold,206343,1265,1264,801,478,1,-0.00368972
Cold,171640,1088,1087,801,478,0,0.005259241
Cold,468433,2887,2886,801,478,0,-0.0036025383
Cold,351848,2063,2062,801,478,0,0.00581122
Cold,340653,2010,2009,809,482,0,-0.004391442
Cold,337028,1983,1982,809,482,0,-0.0010356839
Cold,297502,1764,1763,809,482,0,-0.005574397
Cold,292328,1741,1740,809,482,0,-0.0003707502
Cold,358243,2097,2096,809,482,0,-0.007011678
Cold,253085,1537,1536,809,482,0,-0.0040127365
Cold,299638,1778,1777,809,482,0,-0.0014440542
Cold,248099,1497,1496,809,482,0,-0.0003834141
Cold,360789,2106,2105,809,482,0,-0.0032481034
Cold,356840,2090,2089,809,482,0,-0.009010331
Cold,233069,1418,1417,809,482,0,-0.003911266
Cold,262236,1600,1599,809,482,0,0.010037267
Cold,243963,1470,1469,809,482,0,-0.0070751086
Cold,320787,1902,1901,809,482,0,-0.01855133
Cold,202503,1244,1243,809,482,0,-4.220591e-05
Cold,277705,1676,1675,809,482,0,-0.0026625604
Cold,186359,1152,1151,809,482,0,0.00077317655
Cold,186123,1151,1150,809,482,0,-0.012848304
Cold,203097,1246,1245,809,482,0,-0.00066971546
Cold,160626,1020,1019,809,482,0,-0.010353744
Cold,167867,1068,1067,809,482,0,-0.0043332363
Cold,154868,999,998,809,482,0,-0.0035434468
Cold,134288,869,868,809,482,0,-0.0038397554
Cold,114855,746,745,809,482,0,-0.009692494
Cold,240098,1449,1448,809,482,0,-0.0069949958
Cold,106074,699,698,809,482,0,-0.0034919884
Cold,480146,2946,2945,809,482,0,-0.005799907
Cold,150600,970,969,809,482,0,-0.0036962084
Cold,81685,543,542,809,482,1,-0.011566376
Cold,77540,524,523,809,482,0,-0.0032101949
Cold,86645,566,565,809,482,0,0.0034736362
Cold,70787,476,475,809,482,1,-0.007696213
Cold,58366,394,393,809,482,0,-0.0079910625
Cold,50809,335,334,809,482,0,-0.005472695
Cold,145350,935,934,809,482,0,-0.00274379
Cold,40185,272,271,809,482,0,-0.004899661
Cold,29009,199,198,809,482,0,0.0016407797
Cold,26947,192,191,809,482,0,-0.01342297
Cold,31168,210,209,809,482,0,0.009283323
Cold,22281,163,162,809,482,0,-0.0029850728
Cold,567482,3483,3482,809,482,0,-0.009584094
Cold,342483,2015,2014,809,482,0,-0.004280465
Cold,266406,1616,1615,809,482,0,0.002351334
Cold,599266,3648,3647,809,482,1,0.0042262776
Cold,941709,5682,5681,809,482,0,0.0041325586
Cold,378375,2208,2207,810,483,0,0.0027336727
Cold,436447,2665,2664,810,483,0,-0.00032440107
Cold,351875,2063,2062,810,483,0,-0.0022661737
Cold,361654,2109,2108,810,483,0,0.010850545
Cold,341603,2012,2011,810,483,0,0.0076350807
Cold,340659,2010,2009,810,483,0,-0.00068430684
Cold,314489,1878,1877,810,483,0,0.0056658764
Cold,300727,1781,1780,810,483,0,0.0023470721
Cold,296072,1757,1756,810,483,0,-0.0018221824
Cold,297510,1764,1763,810,483,0,0.005619465
Cold,288107,1721,1720,810,483,0,0.010501078
Cold,264620,1609,1608,810,483,0,0.009308476
Cold,309290,1841,1840,810,483,0,-0.0051579853
Cold,248395,1499,1498,810,483,0,-0.0046980563
Cold,338869,1996,1995,810,483,0,0.010539023
Cold,360797,2106,2105,810,483,0,0.004751931
Cold,236385,1434,1433,810,483,0,0.0052896347
Cold,224171,1356,1355,810,483,0,-0.00072120375
Cold,269968,1635,1634,810,483,0,0.0012558736
Cold,216043,1311,1310,810,483,0,0.0040025804
Cold,272950,1647,1646,810,483,0,-0.00026394287
Cold,261769,1599,1598,810,483,0,0.0029451884
Cold,303875,1805,1804,810,483,0,0.0008401619
Cold,279293,1680,1679,810,483,0,0.0057753543
Cold,243973,1470,1469,810,483,0,0.015254961
Cold,219873,1333,1332,810,483,0,-0.006224905
Cold,342490,2015,2014,810,483,0,0.007899035
Cold,188427,1169,1168,810,483,0,0.013935434
Cold,186361,1152,1151,810,483,0,0.008120977
Cold,172880,1096,1095,810,483,0,0.0047364943
Cold,272207,1645,1644,810,483,0,0.003214224
Cold,363945,2120,2119,810,483,0,0.005231295
Cold,337032,1983,1982,810,483,0,0.0032439143
Cold,165465,1054,1053,810,483,0,0.004494508
Cold,323414,1917,1916,810,483,0,0.00035520754
Cold,156889,1010,1009,810,483,0,0.0066762418
Cold,134299,869,868,810,483,0,0.006439231
Cold,126593,817,816,810,483,0,0.006664071
Cold,116840,753,752,810,483,0,-0.0051443325
Cold,110366,720,719,810,483,0,-0.0007005788
Cold,107981,710,709,810,483,0,0.0071565914
Cold,118378,765,764,810,483,0,-0.002233227
Cold,110833,721,720,810,483,0,0.004982504
Cold,87539,572,571,810,483,0,-0.004614928
Cold,86131,563,562,810,483,0,0.004548924
Cold,81692,543,542,810,483,0,-0.0003147117
Cold,299644,1778,1777,810,483,0,0.0002444043
Cold,70795,476,475,810,483,1,0.00447794
Cold,64953,436,435,810,483,0,0.0021849056
Cold,67454,453,452,810,483,0,0.005094046
Cold,65368,438,437,810,483,0,0.003704471
Cold,291418,1737,1736,810,483,0,-0.0034714998
Cold,255528,1556,1555,810,483,0,0.010984752
Cold,954318,5761,5760,810,483,0,0.0043795872
Cold,11819,92,91,810,483,0,0.005690504
Cold,27821,195,194,810,483,0,0.0068353442
Cold,717092,4294,4293,810,483,0,0.0060937926
Cold,171662,1088,1087,810,483,0,0.008926012
Cold,206352,1265,1264,810,483,0,-0.002963184
Cold,310695,1851,1850,810,483,0,-0.0007702664
Cold,617084,3735,3734,818,484,0,0.0040517505
Cold,537174,3311,3310,818,484,0,0.00082957046
Cold,536026,3308,3307,818,484,1,-0.0011822756
Cold,561594,3454,3453,818,484,0,-0.0058927936
Cold,525641,3246,3245,818,484,0,-0.0029124916
Cold,562599,3462,3461,818,484,0,0.0122282095
Cold,508642,3129,3128,818,484,0,-0.0015826602
Cold,574772,3518,3517,818,484,0,0.0013980792
Cold,502154,3082,3081,818,484,0,-0.0019277497
Cold,738442,4411,4410,818,484,0,0.009982344
Cold,493397,3031,3030,818,484,1,-0.0030470735
Cold,870491,5256,5255,818,484,0,0.0058492534
Cold,467635,2882,2881,818,484,0,-0.0012928711
Cold,469986,2895,2894,818,484,0,-0.000913617
Cold,456469,2810,2809,818,484,0,0.0009746757
Cold,450284,2776,2775,818,484,0,-0.00460225
Cold,438839,2681,2680,818,484,0,0.0005274265
Cold,434741,2652,2651,818,484,0,0.0012060446
Cold,450881,2777,2776,818,484,0,-0.0023413429
Cold,425529,2582,2581,818,484,0,0.004202253
Cold,420477,2541,2540,818,484,0,0.008717187
Cold,419279,2533,2532,818,484,0,-0.005338489
Cold,411337,2469,2468,818,484,0,-0.007058235
Cold,404553,2419,2418,818,484,0,-0.0052059125
Cold,399505,2378,2377,818,484,0,-0.0030481266
Cold,398835,2375,2374,818,484,0,0.0003015797
Cold,390010,2288,2287,818,484,0,-0.0011469009
Cold,385296,2251,2250,818,484,0,0.0010998794
Cold,382484,2235,2234,818,484,0,-0.0018531275
Cold,368383,2153,2152,818,484,0,-0.0065053524
Cold,355971,2085,2084,818,484,1,-0.004225835
Cold,436451,2665,2664,818,484,0,-0.00967958
Cold,340660,2010,2009,818,484,0,-5.646632e-05
Cold,350977,2060,2059,818,484,1,-0.0047400305
Cold,290791,1735,1734,818,484,0,-0.00044843834
Cold,299646,1778,1777,818,484,0,-0.00023331409
Cold,310123,1845,1844,818,484,0,-0.0053353366
Cold,297514,1764,1763,818,484,0,-0.00432179
Cold,323849,1920,1919,818,484,0,-0.00066208467
Cold,259483,1587,1586,818,484,0,-0.0036787172
Cold,284203,1698,1697,818,484,0,0.0034902429
Cold,276249,1671,1670,818,484,0,-0.0027441191
Cold,212914,1297,1296,818,484,0,-0.0040142485
Cold,277718,1676,1675,818,484,0,-0.002176894
Cold,261772,1599,1598,818,484,0,0.0061810254
Cold,279304,1680,1679,818,484,1,0.0036137004
Cold,198817,1221,1220,818,484,0,-0.0002880923
Cold,213475,1298,1297,818,484,1,0.0033033127
Cold,193199,1193,1192,818,484,0,0.0020480237
Cold,188429,1169,1168,818,484,1,-0.001657164
Cold,210979,1285,1284,818,484,0,-0.0025206935
Cold,181724,1136,1135,818,484,0,0.004450418
Cold,173678,1100,1099,818,484,0,0.00024214073
Cold,172882,1096,1095,818,484,0,-0.0056757415
Cold,328166,1941,1940,818,484,1,-0.0010146738
Cold,163843,1050,1049,818,484,0,-0.0037543154
Cold,162594,1037,1036,818,484,0,-0.00097504514
Cold,161852,1032,1031,818,484,0,-0.0030543744
Cold,159592,1018,1017,818,484,0,-0.00713613
Cold,167875,1068,1067,818,484,0,-0.0015518903
Cold,164580,1051,1050,818,484,1,-0.005077931
Cold,156894,1010,1009,818,484,0,-0.0016597307
Cold,380295,2223,2222,818,484,0,0.0017757127
Cold,135639,877,876,818,484,1,0.00687836
Cold,263356,1605,1604,818,484,0,0.0032892225
Cold,124255,800,799,818,484,0,-0.0024311375
Cold,178143,1120,1119,818,484,1,0.0027795318
Cold,360800,2106,2105,818,484,0,-0.004228192
Cold,119273,770,769,818,484,0,0.0003945157
Cold,112490,731,730,818,484,1,-0.0038839325
Cold,216427,1314,1313,818,484,0,2.55669e-05
Cold,106078,699,698,818,484,0,-0.004071378
Cold,96421,647,646,818,484,1,-0.0026525555
Cold,631588,3821,3820,818,484,0,-0.003931679
Cold,153676,987,986,818,484,1,-0.0006185353
Cold,89794,591,590,818,484,0,-0.010030975
Cold,190970,1181,1180,818,484,0,0.0023126716
Cold,101389,676,675,818,484,0,0.0058728484
Cold,74855,509,508,818,484,0,-0.00074533536
Cold,68732,461,460,818,484,0,0.00034210063
Cold,70171,474,473,818,484,1,-0.0041380324
Cold,65370,438,437,818,484,0,0.0036970768
Cold,57067,386,385,818,484,0,-0.004934011
Cold,52430,346,345,818,484,1,0.006353662
Cold,47178,319,318,818,484,0,-0.0018055649
Cold,44174,302,301,818,484,1,0.00022624945
Cold,43288,297,296,818,484,0,0.00821662
Cold,43791,301,300,818,484,0,0.004545697
Cold,31727,216,215,818,484,0,0.0070013404
Cold,291422,1737,1736,818,484,0,0.004864297
Cold,22955,166,165,818,484,0,0.0052343234
Cold,17374,136,135,818,484,1,-0.0014884411
Cold,234990,1425,1424,818,484,0,-0.0007453782
Cold,49103,329,328,818,484,0,-0.0022426
Cold,9765,66,65,818,484,0,0.0054260883
Cold,3443,26,25,818,484,0,0.0013988283
Cold,6586,48,47,818,484,0,-0.0010543971
Cold,2606,22,21,818,484,1,0.004697296
Cold,79421,531,530,818,484,0,0.005560838
Cold,354935,2077,2076,818,484,1,0.0016960441
Cold,552369,3401,3400,818,484,0,-0.0036535023
Cold,893324,5394,5393,818,484,0,0.0054866583
Cold,237940,1447,1446,818,484,0,-0.0038326373
Cold,954319,5761,5760,818,484,1,0.00761618
Cold,326106,1930,1929,818,484,0,-0.0034606406
Cold,363051,2116,2115,818,484,0,-0.0067382557
Cold,57854,392,391,818,484,0,-0.004795553
Cold,829127,4979,4978,818,484,0,-0.010351112
Cold,272211,1645,1644,818,484,1,-0.0040473943
Cold,102285,678,677,818,484,0,0.000757745
Cold,331629,1958,1957,818,484,0,-0.006956455
Cold,599277,3648,3647,818,484,0,0.00089993596
Cold,116235,752,751,818,484,0,0.004365379
Cold,139186,890,889,818,484,0,-0.0075891744
Cold,195466,1203,1202,818,484,0,-0.0021385066
Cold,879359,5312,5311,818,484,1,0.0005764342
Cold,134305,869,868,818,484,1,8.6625805e-06
Cold,335937,1980,1979,818,484,0,-0.00475465
Cold,251156,1516,1515,818,484,0,-0.0072814813
Cold,717093,4294,4293,818,484,0,0.00081242854
Cold,322388,1912,1911,818,484,0,0.0006930912
Cold,479760,2944,2943,818,484,1,-0.00452728
Cold,501316,3080,3079,818,484,0,-0.0074264435
Cold,342497,2015,2014,818,484,0,-0.005669237
Cold,537949,3312,3311,818,484,0,-0.0017675655
Cold,272956,1647,1646,818,484,1,-7.747393e-05
Cold,193668,1194,1193,818,484,0,-0.0042981077
Cold,639132,3842,3841,818,484,0,-0.0061487136
Cold,550180,3391,3390,818,484,1,-0.0057904227
Cold,456475,2810,2809,829,485,0,0.0007838977
Cold,443455,2734,2733,829,485,0,-0.0034302117
Cold,442410,2724,2723,829,485,1,0.0040027024
Cold,790761,4728,4727,829,485,0,-0.0016513823
Cold,430086,2621,2620,829,485,0,-0.0063348413
Cold,420481,2541,2540,829,485,0,-0.0026472297
Cold,404562,2419,2418,829,485,0,0.00785678
Cold,399509,2378,2377,829,485,0,-0.007186358
Cold,392221,2304,2303,829,485,0,0.0007834895
Cold,351895,2063,2062,829,485,0,0.0031486917
Cold,358897,2100,2099,829,485,1,-0.0006462333
Cold,341612,2012,2011,829,485,0,0.0012168265
Cold,340668,2010,2009,829,485,0,-0.0075323517
Cold,281286,1687,1686,829,485,0,-0.007746599
Cold,286268,1709,1708,829,485,1,-0.003071209
Cold,268537,1631,1630,829,485,0,0.005673057
Cold,265799,1613,1612,829,485,0,-0.005112393
Cold,296814,1759,1758,829,485,1,-0.0068880804
Cold,212922,1297,1296,829,485,0,-0.0019188474
Cold,277726,1676,1675,829,485,0,-0.011863496
Cold,591986,3610,3609,829,485,0,-0.010672731
Cold,213481,1298,1297,829,485,0,-0.0040024277
Cold,196529,1207,1206,829,485,0,8.525571e-05
Cold,328177,1941,1940,829,485,0,0.004260061
Cold,188988,1172,1171,829,485,0,-0.00066394545
Cold,179608,1125,1124,829,485,0,-0.0019908394
Cold,173684,1100,1099,829,485,0,-0.0030029404
Cold,172889,1096,1095,829,485,0,0.005269656
Cold,189375,1173,1172,829,485,0,0.002216115
Cold,155890,1004,1003,829,485,1,-0.004718285
Cold,249254,1502,1501,829,485,0,0.00078467
Cold,138348,889,888,829,485,0,0.0010469635
Cold,136613,881,880,829,485,0,-0.0011075052
Cold,135645,877,876,829,485,0,-0.0031015482
Cold,128770,836,835,829,485,0,0.0020257267
Cold,360811,2106,2105,829,485,0,0.002404657
Cold,234997,1425,1424,829,485,0,0.002346135
Cold,223563,1354,1353,829,485,1,0.0013459485
Cold,120427,777,776,829,485,0,0.0054661953
Cold,110368,720,719,829,485,0,-0.0056976937
Cold,121156,780,779,829,485,1,0.0018677776
Cold,90675,601,600,829,485,0,-0.0049942997
Cold,76918,522,521,829,485,0,0.0032679276
Cold,70176,474,473,829,485,0,-0.0036806976
Cold,65374,438,437,829,485,1,-0.013150117
Cold,251158,1516,1515,829,485,0,-0.0005367431
Cold,74864,509,508,829,485,0,0.01214234
Cold,57867,392,391,829,485,0,-0.002374049
Cold,47189,319,318,829,485,0,0.0035524203
Cold,45154,305,304,829,485,0,-0.006012575
Cold,55474,368,367,829,485,0,-0.00017074426
Cold,269976,1635,1634,829,485,0,-0.005115645
Cold,22302,163,162,829,485,0,0.0059621735
Cold,27853,195,194,829,485,1,-0.006403306
Cold,14332,117,116,829,485,0,-0.0047568
Cold,49122,329,328,829,485,0,-0.004575979
Cold,7467,53,52,829,485,1,0.0021586693
Cold,6606,48,47,829,485,0,-0.008356559
Cold,172457,1092,1091,829,485,0,0.0003061979
Cold,697402,4169,4168,829,485,1,0.0031313156
Cold,265117,1611,1610,829,485,0,-0.0022185524
Cold,11837,92,91,829,485,1,-0.002851266
Cold,618309,3746,3745,829,485,0,-0.00096041616
Cold,964485,5812,5811,829,485,0,0.011985889
Cold,161350,1029,1028,829,485,0,0.0038178358
Cold,129957,840,839,829,485,0,0.0011095259
Cold,45738,308,307,829,485,0,-0.0025999187
Cold,454611,2796,2795,829,485,0,-0.0070410743
Cold,134312,869,868,829,485,0,-0.0037250305
Cold,717095,4294,4293,829,485,0,-0.0032323794
Cold,342507,2015,2014,829,485,0,7.671531e-05
Cold,65384,438,437,833,488,0,-0.00036971993
Cold,251164,1516,1515,833,488,0,-0.003871614
Cold,697413,4169,4168,833,488,0,-0.009259446
Cold,54341,355,354,833,488,0,-0.008219251
Cold,299983,1779,1778,833,488,0,-0.013022327
Cold,235006,1425,1424,833,488,0,-0.009624226
Cold,35728,242,241,833,488,0,-0.01296588
Cold,49146,329,328,833,488,0,-0.007977597
Cold,2645,22,21,833,488,0,-0.010311496
Cold,354956,2077,2076,833,488,0,-0.0028504499
Cold,626814,3792,3791,833,488,0,-0.007212513
Cold,42678,293,292,833,488,0,-0.00075704255
Cold,893334,5394,5393,833,488,0,-0.007924413
Cold,237966,1447,1446,833,488,0,-0.0075061754
Cold,371017,2168,2167,833,488,0,-0.007939839
Cold,363074,2116,2115,833,488,0,-0.008386598
Cold,342524,2015,2014,833,488,0,-0.0017549003
Cold,272981,1647,1646,833,488,0,-0.011757974
Cold,496502,3051,3050,835,489,0,-0.0009859405
Cold,984425,5949,5948,835,489,1,-0.0017654132
Cold,494200,3032,3031,835,489,1,-0.007685242
Cold,478103,2934,2933,835,489,1,-0.0006842072
Cold,457365,2818,2817,835,489,0,-0.003137528
Cold,453791,2793,2792,835,489,1,-0.009526936
Cold,564452,3471,3470,835,489,0,-0.0058823116
Cold,433646,2643,2642,835,489,0,0.0007296484
Cold,404019,2414,2413,835,489,1,-0.011442488
Cold,401897,2398,2397,835,489,0,-0.00803511
Cold,392232,2304,2303,835,489,0,-0.0041344683
Cold,375327,2187,2186,835,489,1,0.0060811182
Cold,373190,2179,2178,835,489,1,-0.009202699
Cold,375606,2188,2187,835,489,0,-0.016810343
Cold,368394,2153,2152,835,489,1,-0.00128157
Cold,274405,1658,1657,835,489,0,-0.001706059
Cold,242833,1465,1464,835,489,0,-0.0024410211
Cold,308667,1837,1836,835,489,0,0.006263379
Cold,279353,1680,1679,835,489,0,0.0013180779
Cold,261784,1599,1598,835,489,0,0.00022224197
Cold,177581,1119,1118,835,489,0,-0.013944597
Cold,168477,1069,1068,835,489,0,-0.004555863
Cold,323861,1920,1919,835,489,1,0.0050660884
Cold,156921,1010,1009,835,489,0,-0.012063978
Cold,351919,2063,2062,835,489,0,-0.010911113
Cold,94963,637,636,835,489,0,0.0007734401
Cold,332687,1962,1961,835,489,0,0.0003160052
Cold,631610,3821,3820,835,489,0,-0.0061641056
Cold,238994,1448,1447,835,489,1,-0.004151998
Cold,63704,425,424,835,489,1,0.0011221534
Cold,360830,2106,2105,835,489,0,-0.0059999935
Cold,51080,337,336,835,489,1,0.0115028825
Cold,132503,855,854,835,489,0,-0.0013242695
Cold,33866,229,228,835,489,1,-0.0055861203
Cold,33076,224,223,835,489,0,-0.002350492
Cold,6621,48,47,835,489,0,-0.0077258283
Cold,206910,1266,1265,835,489,0,-0.0014759719
Cold,42682,293,292,835,489,1,0.00097053824
Cold,179619,1125,1124,835,489,0,-0.0061798794
Cold,499471,3067,3066,835,489,1,0.0029311762
Cold,371699,2172,2171,835,489,0,-0.00010233931
Cold,974627,5878,5877,835,489,0,-0.0061958246
Cold,720488,4312,4311,835,489,0,-0.0031887298
Cold,537199,3311,3310,839,493,0,-0.0001688468
Cold,528210,3265,3264,839,493,0,0.0039350176
Cold,531059,3280,3279,839,493,0,-0.002348253
Cold,635894,3833,3832,839,493,0,0.0013459986
Cold,515512,3182,3181,839,493,0,-0.0036956123
Cold,554829,3412,3411,839,493,1,-0.005427083
Cold,575380,3519,3518,839,493,0,0.00037733326
Cold,496503,3051,3050,839,493,0,-0.0029237159
Cold,494203,3032,3031,839,493,1,0.002110305
Cold,541408,3331,3330,839,493,0,-0.0049499837
Cold,487913,3001,3000,839,493,0,-0.0020574315
Cold,473699,2909,2908,839,493,1,-0.0015038531
Cold,468107,2886,2885,839,493,0,-0.0007012406
Cold,463347,2857,2856,839,493,0,-0.0010526129
Cold,415070,2498,2497,839,493,0,7.115444e-05
Cold,408250,2453,2452,839,493,0,-0.007243125
Cold,406971,2445,2444,839,493,0,0.007370117
Cold,392234,2304,2303,839,493,0,0.0032173572
Cold,375117,2186,2185,839,493,0,-0.005857979
Cold,373459,2180,2179,839,493,1,0.0069213137
Cold,367928,2148,2147,839,493,0,0.0039411522
Cold,351922,2063,2062,839,493,0,-0.0037972284
Cold,361678,2109,2108,839,493,0,-0.0063480325
Cold,371700,2172,2171,839,493,0,0.0012370698
Cold,306081,1822,1821,839,493,0,-0.0015798933
Cold,285656,1702,1701,839,493,1,-0.0023421342
Cold,288902,1726,1725,839,493,0,-0.0017897724
Cold,269055,1632,1631,839,493,0,-0.013630603
Cold,269987,1635,1634,839,493,0,-0.0074187247
Cold,265811,1613,1612,839,493,0,-0.00237091
Cold,233077,1418,1417,839,493,0,0.00955218
Cold,224189,1356,1355,839,493,0,-0.010595211
Cold,261785,1599,1598,839,493,0,0.0018369654
Cold,172645,1094,1093,839,493,1,-0.0025087707
Cold,175559,1112,1111,839,493,0,0.0060047274
Cold,161563,1030,1029,839,493,1,-0.0014224863
Cold,154880,999,998,839,493,0,0.0060028387
Cold,156924,1010,1009,839,493,0,-0.0005415975
Cold,276999,1675,1674,839,493,0,0.0004901425
Cold,136629,881,880,839,493,0,0.0016030585
Cold,202520,1244,1243,839,493,0,-0.010058312
Cold,121872,785,784,839,493,1,0.018456541
Cold,223575,1354,1353,839,493,0,0.004779282
Cold,267224,1624,1623,839,493,0,0.001835668
Cold,887146,5359,5358,839,493,0,0.0064442777
Cold,84230,550,549,839,493,0,0.002879708
Cold,72691,488,487,839,493,0,-0.0027838824
Cold,81714,543,542,839,493,0,-0.0020771623
Cold,75462,513,512,839,493,0,0.0027468973
Cold,74869,509,508,839,493,0,0.003372625
Cold,344124,2020,2019,839,493,0,-0.0018083993
Cold,41655,284,283,839,493,0,0.0018902149
Cold,37980,260,259,839,493,0,-0.00030999945
Cold,31174,210,209,839,493,1,-0.0121985
Cold,22318,163,162,839,493,0,0.00118422
Cold,21011,152,151,839,493,1,-0.0034984248
Cold,12238,93,92,839,493,0,0.0066038677
Cold,2046,18,17,839,493,0,-0.0016621845
Cold,164609,1051,1050,839,493,0,-0.0068873395
Cold,109822,716,715,839,493,1,0.0050910264
Cold,139195,890,889,839,493,0,-0.004065987
Cold,27881,195,194,839,493,0,-0.009543202
Cold,265125,1611,1610,839,493,0,-0.0014933527
Cold,599290,3648,3647,839,493,0,-0.012265509
Cold,102313,678,677,839,493,0,-0.00091080996
Cold,206914,1266,1265,839,493,0,0.008579667
Cold,95459,639,638,839,493,0,0.01444625
Cold,145816,937,936,839,493,0,0.0014482083
Cold,429164,2611,2610,839,493,0,-0.0054724207
Cold,72089,482,481,839,493,0,0.0062206564
Cold,537966,3312,3311,839,493,0,0.0024172687
Cold,300386,1780,1779,839,493,0,-0.000792335
Cold,461528,2847,2846,839,493,0,0.0021046693
Cold,790767,4728,4727,839,493,0,0.004878272
Cold,974630,5878,5877,839,493,0,0.001792113
Cold,550231,3391,3390,842,494,0,-0.008963287
Cold,537216,3311,3310,842,494,0,0.0003952803
Cold,509840,3140,3139,842,494,0,0.0009918804
Cold,507990,3126,3125,842,494,0,0.0012446288
Cold,507251,3121,3120,842,494,0,0.0052829087
Cold,497671,3055,3054,842,494,0,0.008341904
Cold,494218,3032,3031,842,494,1,-0.00035642646
Cold,517902,3196,3195,842,494,0,-0.007257582
Cold,477196,2929,2928,842,494,0,0.0042466745
Cold,471643,2901,2900,842,494,1,-0.0018676622
Cold,473721,2909,2908,842,494,0,0.00015428197
Cold,441291,2702,2701,842,494,0,0.006600917
Cold,430098,2621,2620,842,494,0,-0.0036147137
Cold,426512,2590,2589,842,494,0,-0.0036547142
Cold,414625,2496,2495,842,494,0,-0.00012766937
Cold,409664,2457,2456,842,494,0,-0.0012227851
Cold,406451,2438,2437,842,494,0,0.013146393
Cold,397207,2352,2351,842,494,0,2.2753491e-05
Cold,374132,2181,2180,842,494,0,0.007600766
Cold,368634,2155,2154,842,494,1,0.006954319
Cold,368404,2153,2152,842,494,1,0.0042288722
Cold,351943,2063,2062,842,494,0,-0.0015918647
Cold,350989,2060,2059,842,494,1,-0.0051546516
Cold,340696,2010,2009,842,494,0,-0.0018541263
Cold,323512,1919,1918,842,494,1,0.0021410082
Cold,300737,1781,1780,842,494,1,0.0014498017
Cold,330413,1950,1949,842,494,1,0.0049709766
Cold,297542,1764,1763,842,494,0,-0.0018219328
Cold,303550,1803,1802,842,494,0,-0.005876221
Cold,288291,1722,1721,842,494,1,-0.0077729714
Cold,279384,1680,1679,842,494,0,0.01024127
Cold,277011,1675,1674,842,494,0,0.002217423
Cold,277752,1676,1675,842,494,0,0.0010469918
Cold,273729,1650,1649,842,494,0,-0.0009793646
Cold,271479,1641,1640,842,494,0,-0.0031167697
Cold,392251,2304,2303,842,494,0,0.001276047
Cold,309300,1841,1840,842,494,0,0.0032498366
Cold,247744,1496,1495,842,494,0,-0.007970813
Cold,234592,1424,1423,842,494,0,0.004074081
Cold,358248,2097,2096,842,494,1,-0.0009762844
Cold,231127,1399,1398,842,494,0,-0.0011592106
Cold,221820,1341,1340,842,494,1,0.0015668161
Cold,273001,1647,1646,842,494,0,0.0029112494
Cold,350329,2056,2055,842,494,0,0.00023827143
Cold,200900,1237,1236,842,494,0,-0.00093054236
Cold,314494,1878,1877,842,494,1,0.006502675
Cold,328229,1941,1940,842,494,0,-0.005665678
Cold,189000,1172,1171,842,494,0,0.00035556103
Cold,184025,1146,1145,842,494,0,0.006549576
Cold,175572,1112,1111,842,494,0,0.0011304386
Cold,159304,1017,1016,842,494,0,-0.0014289265
Cold,134340,869,868,842,494,1,0.005462864
Cold,138391,889,888,842,494,0,0.0013293126
Cold,126613,817,816,842,494,1,-0.0015242836
Cold,125570,808,807,842,494,0,0.0011074421
Cold,114094,741,740,842,494,0,0.0014073402
Cold,107521,709,708,842,494,0,-0.000356582
Cold,105631,698,697,842,494,1,0.0050610937
Cold,108031,710,709,842,494,0,0.00086979405
Cold,100195,669,668,842,494,1,0.008472515
Cold,97356,652,651,842,494,0,0.0033996045
Cold,631617,3821,3820,842,494,0,0.0013884045
Cold,91637,608,607,842,494,1,0.004716066
Cold,291458,1737,1736,842,494,0,-0.0026428853
Cold,82517,548,547,842,494,0,0.008048295
Cold,81726,543,542,842,494,1,0.007087531
Cold,77590,524,523,842,494,1,0.0015063381
Cold,67199,452,451,842,494,1,0.0055318642
Cold,51085,337,336,842,494,0,-0.0086845895
Cold,47881,321,320,842,494,0,0.008003367
Cold,45160,305,304,842,494,0,0.0066283355
Cold,41141,278,277,842,494,1,-0.0010027465
Cold,697432,4169,4168,842,494,0,0.0073674633
Cold,42694,293,292,842,494,0,0.002922052
Cold,192730,1186,1185,842,494,1,-0.0022228858
Cold,22329,163,162,842,494,0,0.00067802216
Cold,290273,1733,1732,842,494,0,-0.006106731
Cold,2361,19,18,842,494,0,0.0035711203
Cold,458006,2820,2819,842,494,0,-0.0012997595
Cold,552404,3401,3400,842,494,0,0.0046296464
Cold,27903,195,194,842,494,0,-0.010389342
Cold,65398,438,437,842,494,0,-0.00069964025
Cold,237976,1447,1446,842,494,0,-0.0012476598
Cold,174191,1101,1100,842,494,0,-0.0034384574
Cold,572198,3507,3506,842,494,0,-0.005111721
Cold,164621,1051,1050,842,494,0,-0.0007533344
Cold,760818,4520,4519,842,494,0,0.0028007554
Cold,195507,1203,1202,842,494,0,0.0026913863
Cold,476373,2926,2925,842,494,0,-0.002426247
Cold,63030,424,423,842,494,0,0.0033393472
Cold,562627,3462,3461,842,494,0,-0.0060203183
Cold,626836,3792,3791,848,495,1,-0.009827127
Cold,589120,3592,3591,848,495,1,-0.0043499637
Cold,579422,3539,3538,848,495,1,-0.0025175612
Cold,566301,3476,3475,848,495,1,-0.0076533314
Cold,563093,3464,3463,848,495,1,-0.0040089637
Cold,551545,3398,3397,848,495,0,0.005968852
Cold,542267,3336,3335,848,495,0,-0.0031428093
Cold,535408,3304,3303,848,495,0,-0.0050526336
Cold,527470,3261,3260,848,495,0,0.0007215403
Cold,525648,3246,3245,848,495,1,0.0057468414
Cold,524214,3231,3230,848,495,1,-0.0016082188
Cold,522638,3224,3223,848,495,1,-0.008827748
Cold,519522,3205,3204,848,495,1,0.0019548899
Cold,574794,3518,3517,848,495,1,-0.0008686739
Cold,542821,3340,3339,848,495,1,-0.0072287833
Cold,575389,3519,3518,848,495,0,-0.0007108617
Cold,498795,3065,3064,848,495,1,0.0014463572
Cold,502918,3087,3086,848,495,0,0.0034729515
Cold,490307,3017,3016,848,495,0,-0.00533267
Cold,478115,2934,2933,848,495,1,0.0023855588
Cold,472636,2907,2906,848,495,1,-0.00089536427
Cold,471645,2901,2900,848,495,1,-0.00096399384
Cold,477694,2933,2932,848,495,1,-0.0013284392
Cold,450930,2777,2776,848,495,1,-0.016914455
Cold,408259,2453,2452,848,495,1,-0.0026131372
Cold,464195,2860,2859,848,495,0,-0.0031740097
Cold,398267,2368,2367,848,495,1,-0.0063927295
Cold,392254,2304,2303,848,495,1,-0.003204381
Cold,381341,2230,2229,848,495,1,-0.0026253508
Cold,376574,2197,2196,848,495,1,-0.0048502916
Cold,364807,2124,2123,848,495,1,0.0027958006
Cold,361692,2109,2108,848,495,0,-0.0035145245
Cold,324198,1921,1920,848,495,0,0.002430046
Cold,330293,1949,1948,848,495,1,0.0015615431
Cold,280491,1683,1682,848,495,0,-0.002250461
Cold,280873,1685,1684,848,495,0,0.0016822068
Cold,332696,1962,1961,848,495,0,-0.0048791813
Cold,229307,1389,1388,848,495,0,-0.002184132
Cold,306383,1825,1824,848,495,1,-0.0073471726
Cold,196051,1205,1204,848,495,0,0.0012479473
Cold,213512,1298,1297,848,495,0,-0.0018308285
Cold,193698,1194,1193,848,495,1,-0.0128793875
Cold,188090,1167,1166,848,495,0,-0.003282942
Cold,189001,1172,1171,848,495,0,0.0030345125
Cold,185377,1150,1149,848,495,0,-0.0022246987
Cold,201598,1242,1241,848,495,1,0.002041405
Cold,263394,1605,1604,848,495,1,-0.013464918
Cold,168490,1069,1068,848,495,0,0.0023460742
Cold,166498,1059,1058,848,495,0,0.0108193895
Cold,328236,1941,1940,848,495,0,-0.0023763366
Cold,159306,1017,1016,848,495,1,-0.0004695002
Cold,124271,800,799,848,495,0,-0.00077708694
Cold,360849,2106,2105,848,495,0,0.002356492
Cold,116285,752,751,848,495,0,-0.012185484
Cold,779090,4653,4652,848,495,0,-0.0013898889
Cold,107335,706,705,848,495,0,0.0011533783
Cold,106799,702,701,848,495,0,-0.0049939053
Cold,697438,4169,4168,848,495,0,-0.006725103
Cold,89805,591,590,848,495,1,0.011449615
Cold,239013,1448,1447,848,495,1,0.0056429086
Cold,197360,1211,1210,848,495,0,-0.003605869
Cold,64484,430,429,848,495,0,-4.143128e-05
Cold,59342,403,402,848,495,1,-0.006748161
Cold,47243,319,318,848,495,0,-0.008015033
Cold,317757,1889,1888,848,495,0,-0.004132806
Cold,41669,284,283,848,495,0,-0.0018822977
Cold,221408,1340,1339,848,495,0,0.008171914
Cold,33333,225,224,848,495,0,-0.009877527
Cold,21919,161,160,848,495,1,0.012506627
Cold,15399,123,122,848,495,1,-0.007380301
Cold,9135,62,61,848,495,1,0.00012236321
Cold,223588,1354,1353,848,495,1,-0.0020084537
Cold,206927,1266,1265,848,495,0,-0.0039813276
Cold,79459,531,530,848,495,0,-0.0038528962
Cold,890223,5371,5370,848,495,0,-0.005608684
Cold,42695,293,292,848,495,1,-0.0038867677
Cold,512913,3163,3162,848,495,1,-0.0022366478
Cold,653566,3940,3939,848,495,1,-0.0013403785
Cold,182053,1137,1136,848,495,1,-0.006347635
Cold,49951,331,330,848,495,0,-0.0025602973
Cold,682514,4085,4084,848,495,1,-0.002128832
Cold,106106,699,698,848,495,1,-0.010823027
Cold,556576,3420,3419,848,495,0,-0.012965735
Cold,232817,1415,1414,848,495,1,-0.0020017086
Cold,93331,624,623,848,495,0,-0.0038956446
Cold,72105,482,481,848,495,0,0.0029723006
Cold,285351,1701,1700,848,495,1,-0.009956343
Cold,883408,5333,5332,848,495,1,-0.002400738
Cold,660537,3982,3981,848,495,1,-0.008679734
Cold,335998,1980,1979,848,495,1,-0.0026423233
Cold,537976,3312,3311,848,495,0,-0.0038902783
Cold,171724,1088,1087,848,495,1,-0.00805613
Cold,554839,3412,3411,848,495,1,-0.0018979613
Cold,33872,229,228,848,495,1,-0.00064510596
Cold,718942,4305,4304,848,495,1,0.005230977
Cold,550236,3391,3390,848,495,1,-0.010148235
Cold,550253,3391,3390,851,497,1,0.012864145
Cold,574800,3518,3517,851,497,1,-0.017025046
Cold,480848,2952,2951,851,497,1,-0.0024308476
Cold,475143,2916,2915,851,497,1,0.0034285118
Cold,646720,3892,3891,851,497,0,0.011571954
Cold,467777,2883,2882,851,497,0,0.0089790765
Cold,453814,2793,2792,851,497,1,0.0027620413
Cold,443855,2737,2736,851,497,1,-0.00031512743
Cold,437970,2676,2675,851,497,0,0.0051764036
Cold,431414,2628,2627,851,497,1,0.006664916
Cold,420256,2540,2539,851,497,1,0.013221515
Cold,408269,2453,2452,851,497,0,0.0049422244
Cold,768375,4578,4577,851,497,0,0.010775033
Cold,351963,2063,2062,851,497,0,0.0047383215
Cold,310138,1845,1844,851,497,0,-0.0030004047
Cold,325443,1926,1925,851,497,1,0.007906711
Cold,213519,1298,1297,851,497,0,0.005094655
Cold,212954,1297,1296,851,497,1,-0.0020721764
Cold,204050,1255,1254,851,497,0,0.0014300535
Cold,308694,1837,1836,851,497,1,0.0040638726
Cold,279408,1680,1679,851,497,0,0.004037734
Cold,185395,1150,1149,851,497,0,0.0027235935
Cold,211038,1285,1284,851,497,1,-0.005819272
Cold,201606,1242,1241,851,497,1,-0.0013911172
Cold,169823,1078,1077,851,497,0,-0.0040585264
Cold,167904,1068,1067,851,497,1,-0.0011926498
Cold,166506,1059,1058,851,497,0,-0.0006727434
Cold,214912,1303,1302,851,497,0,-0.014902662
Cold,320151,1899,1898,851,497,1,-0.012613095
Cold,100877,673,672,851,497,0,4.1953288e-05
Cold,97873,655,654,851,497,0,-0.0029168818
Cold,697449,4169,4168,851,497,0,0.012325215
Cold,83223,549,548,851,497,1,-0.0062409537
Cold,70193,474,473,851,497,0,0.006488603
Cold,51649,339,338,851,497,0,0.0077043953
Cold,132523,855,854,851,497,0,0.0017295631
Cold,26279,187,186,851,497,1,-0.0037022345
Cold,24824,175,174,851,497,1,-0.0011324931
Cold,152485,981,980,851,497,0,0.007928371
Cold,223592,1354,1353,851,497,1,0.002366224
Cold,158309,1015,1014,851,497,0,0.0024761516
Cold,42698,293,292,851,497,1,0.0029866197
Cold,893356,5394,5393,851,497,1,-0.007588504
Cold,55497,368,367,851,497,0,0.006909973
Cold,257727,1579,1578,851,497,0,0.00053215213
Cold,497262,3054,3053,851,497,0,-0.0021031275
Cold,372651,2176,2175,851,497,1,0.0044124145
Cold,511889,3158,3157,851,497,1,0.009464217
Cold,27924,195,194,851,497,0,0.0013069967
Cold,475538,2918,2917,851,497,1,0.0050809
Cold,129467,839,838,851,497,1,-0.0024581135
Cold,286757,1712,1711,851,497,0,-0.0029121896
Cold,284249,1698,1697,851,497,0,0.0014231806
Cold,290283,1733,1732,851,497,1,0.010175573
Cold,187676,1164,1163,851,497,1,-0.0034885835
Cold,235033,1425,1424,851,497,1,0.007476916
Cold,287748,1717,1716,851,497,0,-0.0052082716
Cold,847242,5090,5089,851,497,1,-0.004960366
Cold,174200,1101,1100,851,497,1,0.0023322147
Cold,310728,1851,1850,851,497,0,0.001721364
Cold,261202,1597,1596,851,497,0,0.0029095577
Cold,753506,4489,4488,851,497,0,0.0030428385
Cold,193705,1194,1193,851,497,1,-0.0041380795
Cold,319393,1897,1896,851,497,1,0.0020624336
Cold,195518,1203,1202,851,497,0,0.01633042
Cold,13111,102,101,851,497,0,0.00801162
Cold,974640,5878,5877,851,497,1,-0.00012690248
Cold,122352,789,788,881,504,0,0.0050209523
Cold,106138,699,698,881,504,0,0.003823401
Cold,93830,629,628,881,504,0,-0.0058377627
Cold,70830,476,475,881,504,1,-0.005007144
Cold,65428,438,437,881,504,0,0.002282778
Cold,56041,372,371,881,504,1,0.0020881076
Cold,312926,1865,1864,881,504,0,0.003492836
Cold,386110,2258,2257,881,504,0,0.00795573
Cold,363144,2116,2115,881,504,0,0.0092003485
Cold,376415,2195,2194,881,504,0,-0.0020376192
Cold,139213,890,889,881,504,1,-0.0015606428
Cold,134380,869,868,881,504,0,-4.72198e-06
Cold,717103,4294,4293,881,504,0,0.010132973
Cold,222761,1348,1347,881,504,1,-0.0010423043
Cold,877535,5302,5301,881,504,0,-0.0013468743
Cold,273046,1647,1646,881,504,0,0.0044171754
Cold,974657,5878,5877,881,504,0,-0.002109484
Cold,288936,1726,1725,886,505,0,0.00055449794
Cold,303061,1800,1799,886,505,0,-0.008202115
Cold,247770,1496,1495,886,505,0,-0.009844658
Cold,329410,1943,1942,886,505,0,-0.0051758676
Cold,337499,1984,1983,886,505,0,-0.01666379
Cold,233109,1418,1417,886,505,0,-0.0037862598
Cold,227206,1377,1376,886,505,0,-0.012701243
Cold,592043,3610,3609,886,505,1,-0.002712776
Cold,344439,2021,2020,886,505,1,-6.6929264e-05
Cold,170266,1084,1083,886,505,0,-0.0021181758
Cold,342581,2015,2014,886,505,1,-0.0036446345
Cold,154918,999,998,886,505,0,-0.0042159515
Cold,121555,781,780,886,505,0,0.00082334876
Cold,114899,746,745,886,505,0,-0.009756619
Cold,119334,770,769,886,505,0,-0.0072625456
Cold,106141,699,698,886,505,0,-0.0018606246
Cold,299689,1778,1777,886,505,0,0.003783069
Cold,713969,4277,4276,886,505,0,-0.005798271
Cold,150651,970,969,886,505,0,-0.0056236484
Cold,291493,1737,1736,886,505,1,-0.00610363
Cold,81757,543,542,886,505,1,-0.00052350643
Cold,77639,524,523,886,505,0,-0.004699151
Cold,44345,302,301,886,505,0,-0.0058764564
Cold,355610,2082,2081,886,505,1,-0.0049314117
Cold,55532,368,367,886,505,0,-0.0029871631
Cold,38007,260,259,886,505,0,-0.008441038
Cold,29101,199,198,886,505,1,-0.0042047417
Cold,54401,355,354,886,505,0,-0.0039909706
Cold,22403,163,162,886,505,0,0.002141351
Cold,27069,192,191,886,505,0,0.0025172336
Cold,7327,52,51,886,505,1,-0.011552617
Cold,109340,714,713,886,505,1,-0.0030841837
Cold,78524,528,527,886,505,0,-0.0047952756
Cold,355004,2077,2076,886,505,0,-0.0061015044
Cold,109853,716,715,886,505,1,0.0044492297
Cold,11903,92,91,886,505,1,-0.004726108
Cold,907836,5492,5491,886,505,0,-0.0019040658
Cold,191898,1182,1181,886,505,0,0.0013744016
Cold,599331,3648,3647,886,505,0,-0.0015109072
Cold,550283,3391,3390,886,505,0,-0.0034883271
Cold,521759,3219,3218,886,505,1,-0.00093824347
Cold,893380,5394,5393,886,505,0,-0.007646511
Cold,273047,1647,1646,886,505,0,-0.0013798119
Cold,62112,419,418,886,505,0,-0.014859705
Cold,507268,3121,3120,891,506,0,0.006897084
Cold,718971,4305,4304,891,506,0,-0.0014975788
Cold,494284,3032,3031,891,506,1,0.008850585
Cold,488924,3010,3009,891,506,0,0.0012005852
Cold,487941,3001,3000,891,506,0,0.0059468923
Cold,483525,2972,2971,891,506,1,0.005295641
Cold,480200,2946,2945,891,506,0,0.014059511
Cold,463406,2857,2856,891,506,0,0.0021657166
Cold,460987,2842,2841,891,506,0,0.0075410986
Cold,450318,2776,2775,891,506,0,0.006408214
Cold,444727,2743,2742,891,506,0,-0.006145478
Cold,444343,2741,2740,891,506,0,-0.0024505514
Cold,453279,2792,2791,891,506,0,0.0034520058
Cold,441294,2702,2701,891,506,0,-0.0019813208
Cold,429199,2611,2610,891,506,0,0.00032453984
Cold,426536,2590,2589,891,506,0,-0.0007429125
Cold,411080,2466,2465,891,506,0,-0.00075147906
Cold,409694,2457,2456,891,506,0,0.009903152
Cold,406597,2439,2438,891,506,0,-0.0049955184
Cold,401232,2391,2390,891,506,0,-0.008042788
Cold,397214,2352,2351,891,506,0,-0.002921239
Cold,394618,2328,2327,891,506,1,0.00043856283
Cold,387920,2270,2269,891,506,0,-0.002348413
Cold,379368,2217,2216,891,506,0,0.011585403
Cold,371222,2169,2168,891,506,1,-0.002789224
Cold,374192,2181,2180,891,506,0,0.008166731
Cold,369976,2164,2163,891,506,0,-0.005216741
Cold,368636,2155,2154,891,506,1,-0.010838614
Cold,367341,2144,2143,891,506,0,0.007849554
Cold,365991,2130,2129,891,506,1,-0.005705854
Cold,366213,2131,2130,891,506,0,-0.003987921
Cold,364839,2124,2123,891,506,0,-0.0015621897
Cold,364162,2121,2120,891,506,1,0.010839356
Cold,362364,2113,2112,891,506,0,0.004206324
Cold,362180,2110,2109,891,506,0,0.0018617625
Cold,352024,2063,2062,891,506,0,0.0009046623
Cold,361746,2109,2108,891,506,0,-0.0047681853
Cold,345641,2027,2026,891,506,0,0.0019480428
Cold,344441,2021,2020,891,506,1,7.844693e-05
Cold,324686,1923,1922,891,506,1,0.0034076367
Cold,328992,1942,1941,891,506,0,0.0013736795
Cold,323516,1919,1918,891,506,0,-0.006584363
Cold,317253,1886,1885,891,506,0,0.0041714218
Cold,297585,1764,1763,891,506,1,-0.0003758364
Cold,289736,1730,1729,891,506,0,0.003406451
Cold,286783,1712,1711,891,506,0,0.007742242
Cold,279493,1680,1679,891,506,0,-0.0030603325
Cold,296124,1757,1756,891,506,0,-0.0031794827
Cold,261415,1598,1597,891,506,0,-0.00238471
Cold,260684,1593,1592,891,506,0,0.006241776
Cold,303301,1802,1801,891,506,0,0.0048866076
Cold,250585,1510,1509,891,506,0,0.0024959873
Cold,244052,1470,1469,891,506,0,0.006643799
Cold,237063,1441,1440,891,506,0,0.006472751
Cold,332733,1962,1961,891,506,0,-0.0053822845
Cold,233262,1419,1418,891,506,0,0.009941408
Cold,224228,1356,1355,891,506,0,0.006373928
Cold,224514,1357,1356,891,506,0,0.0024473534
Cold,221828,1341,1340,891,506,0,-0.008570852
Cold,225589,1366,1365,891,506,0,0.00596347
Cold,214944,1303,1302,891,506,1,0.0071086134
Cold,214112,1300,1299,891,506,0,0.002401363
Cold,277799,1676,1675,891,506,0,0.00089007244
Cold,204310,1259,1258,891,506,0,0.0017357247
Cold,210205,1284,1283,891,506,0,0.00036977604
Cold,196597,1207,1206,891,506,0,0.00019219448
Cold,328324,1941,1940,891,506,0,0.009554554
Cold,189031,1172,1171,891,506,0,-0.005574719
Cold,184047,1146,1145,891,506,1,0.0056069246
Cold,182370,1138,1137,891,506,0,-0.0032859372
Cold,177040,1117,1116,891,506,1,-0.0023879653
Cold,174778,1106,1105,891,506,0,0.006359017
Cold,256194,1562,1561,891,506,0,0.007286314
Cold,175621,1112,1111,891,506,0,-0.0034638022
Cold,236429,1434,1433,891,506,0,-0.0010552729
Cold,159328,1017,1016,891,506,0,-0.00044781528
Cold,151012,971,970,891,506,0,-0.001880228
Cold,150202,967,966,891,506,1,0.0007233771
Cold,149020,958,957,891,506,1,0.0013239258
Cold,141985,915,914,891,506,0,-0.004342687
Cold,204962,1261,1260,891,506,0,-0.004364374
Cold,140729,904,903,891,506,0,-0.008380007
Cold,138479,889,888,891,506,0,0.0013424184
Cold,134394,869,868,891,506,0,0.00059338426
Cold,133299,860,859,891,506,0,-0.0029037865
Cold,133201,859,858,891,506,1,-0.0024410076
Cold,131979,854,853,891,506,0,-0.00071795983
Cold,126638,817,816,891,506,0,-0.008588517
Cold,125584,808,807,891,506,0,-0.0011751639
Cold,175040,1109,1108,891,506,0,0.0033708382
Cold,114099,741,740,891,506,1,-0.0014820003
Cold,349329,2050,2049,891,506,0,-0.0064747324
Cold,107525,709,708,891,506,0,-0.013248691
Cold,107195,705,704,891,506,0,0.0013786498
Cold,99865,667,666,891,506,0,0.0115551
Cold,99337,662,661,891,506,1,-0.0039644446
Cold,82277,546,545,891,506,0,-0.0046312823
Cold,74055,504,503,891,506,0,0.006712517
Cold,57581,390,389,891,506,0,-0.00028988812
Cold,51111,337,336,891,506,0,-0.009338919
Cold,45858,308,307,891,506,0,-0.0003052787
Cold,43219,296,295,891,506,0,0.009874821
Cold,31281,211,210,891,506,0,-0.007562869
Cold,291500,1737,1736,891,506,0,0.0016402437
Cold,26777,190,189,891,506,0,-0.0038236475
Cold,22425,163,162,891,506,0,0.005606344
Cold,14422,117,116,891,506,0,0.0007581336
Cold,13968,113,112,891,506,0,0.00895043
Cold,8219,57,56,891,506,0,-0.0016419522
Cold,6482,46,45,891,506,1,-0.0028902343
Cold,6082,44,43,891,506,0,-0.004803718
Cold,47349,319,318,891,506,0,0.0012801129
Cold,102387,678,677,891,506,0,-0.002362039
Cold,206973,1266,1265,891,506,0,0.005540601
Cold,552457,3401,3400,891,506,0,-0.009915721
Cold,265169,1611,1610,891,506,0,-0.0012342704
Cold,290330,1733,1732,891,506,0,-0.0025093025
Cold,596692,3626,3625,891,506,0,0.0041483757
Cold,689909,4126,4125,891,506,0,0.0071292073
Cold,473801,2909,2908,891,506,1,-0.0014868525
Cold,474379,2910,2909,891,506,0,0.0039660577
Cold,238035,1447,1446,891,506,0,0.0029744296
Cold,63091,424,423,891,506,0,-0.0003242218
Cold,579483,3539,3538,892,507,1,0.019707462
Cold,569949,3497,3496,892,507,1,0.0060880412
Cold,562095,3458,3457,892,507,1,0.014957948
Cold,570370,3499,3498,892,507,1,0.014683995
Cold,554041,3410,3409,892,507,0,0.012623863
Cold,658438,3967,3966,892,507,0,0.0037170148
Cold,543640,3348,3347,892,507,1,0.00040007185
Cold,531730,3283,3282,892,507,1,0.010575259
Cold,521145,3216,3215,892,507,0,0.005630269
Cold,512957,3163,3162,892,507,1,0.021536414
Cold,496225,3049,3048,892,507,1,0.00913278
Cold,624918,3778,3777,892,507,0,0.015973873
Cold,489683,3013,3012,892,507,1,0.0043263463
Cold,474747,2913,2912,892,507,1,0.012349268
Cold,466915,2878,2877,892,507,1,0.017934507
Cold,446912,2753,2752,892,507,1,0.0042047612
Cold,443879,2737,2736,892,507,0,0.01045778
Cold,442439,2724,2723,892,507,0,0.009254094
Cold,697516,4169,4168,892,507,1,0.022448532
Cold,434459,2649,2648,892,507,0,0.003051186
Cold,427645,2597,2596,892,507,1,-0.0029911785
Cold,416713,2507,2506,892,507,1,0.009777265
Cold,411268,2468,2467,892,507,0,0.007070884
Cold,409246,2456,2455,892,507,0,0.020986712
Cold,399904,2380,2379,892,507,1,0.017041415
Cold,400448,2383,2382,892,507,1,0.007902973
Cold,439435,2684,2683,892,507,0,0.010048094
Cold,382931,2237,2236,892,507,1,0.014600437
Cold,366614,2136,2135,892,507,1,0.008609194
Cold,348107,2041,2040,892,507,0,0.016554184
Cold,343159,2016,2015,892,507,1,0.006947007
Cold,318680,1894,1893,892,507,1,0.0027714428
Cold,312933,1865,1864,892,507,1,0.008636683
Cold,306631,1828,1827,892,507,0,0.0020723992
Cold,301051,1788,1787,892,507,1,0.002983507
Cold,316895,1884,1883,892,507,1,0.013090318
Cold,326781,1937,1936,892,507,1,0.004859168
Cold,292401,1741,1740,892,507,1,0.014533245
Cold,275161,1666,1665,892,507,0,0.012024714
Cold,241700,1455,1454,892,507,0,0.0008365825
Cold,230820,1396,1395,892,507,1,0.010456692
Cold,229938,1391,1390,892,507,0,0.00562046
Cold,218048,1322,1321,892,507,0,0.0060205534
Cold,211801,1288,1287,892,507,1,0.0045510265
Cold,209153,1276,1275,892,507,1,0.010885948
Cold,208347,1273,1272,892,507,1,0.013902663
Cold,252856,1532,1531,892,507,0,0.011063227
Cold,279494,1680,1679,892,507,0,0.008306193
Cold,200662,1232,1231,892,507,1,0.0011784167
Cold,189032,1172,1171,892,507,1,0.013146788
Cold,188094,1167,1166,892,507,0,0.0042226547
Cold,167318,1065,1064,892,507,1,0.008980587
Cold,272266,1645,1644,892,507,1,0.0013952317
Cold,203167,1246,1245,892,507,0,0.018842828
Cold,152495,981,980,892,507,1,0.01762718
Cold,148354,955,954,892,507,1,0.014390947
Cold,146605,945,944,892,507,0,0.012405254
Cold,144650,933,932,892,507,0,-0.00086156244
Cold,139431,891,890,892,507,1,0.005953985
Cold,138480,889,888,892,507,0,0.01381057
Cold,374854,2185,2184,892,507,1,0.0080074845
Cold,263446,1605,1604,892,507,1,0.0035312066
Cold,160203,1019,1018,892,507,0,0.016523167
Cold,187700,1164,1163,892,507,1,0.009184247
Cold,112570,731,730,892,507,1,0.01842503
Cold,341211,2011,2010,892,507,1,0.013974949
Cold,100897,673,672,892,507,0,0.008356892
Cold,97896,655,654,892,507,0,0.0052749077
Cold,314151,1875,1874,892,507,1,0.01613563
Cold,256104,1561,1560,892,507,1,0.0056777354
Cold,90149,594,593,892,507,1,0.009606855
Cold,88154,581,580,892,507,1,0.0041723354
Cold,85049,553,552,892,507,1,-0.002472229
Cold,84304,550,549,892,507,1,0.011073614
Cold,83271,549,548,892,507,1,0.014403393
Cold,198214,1218,1217,892,507,1,0.00996062
Cold,319426,1897,1896,892,507,0,0.01422178
Cold,64642,432,431,892,507,0,0.0013296924
Cold,60619,411,410,892,507,0,0.020557458
Cold,37860,259,258,892,507,1,0.008904767
Cold,935605,5644,5643,892,507,1,0.0019907635
Cold,14825,118,117,892,507,1,0.0117204655
Cold,30441,204,203,892,507,0,0.014351916
Cold,158368,1015,1014,892,507,1,0.012496708
Cold,238036,1447,1446,892,507,0,0.022137724
Cold,339220,1998,1997,892,507,1,0.020970076
Cold,750673,4478,4477,892,507,1,0.012806396
Cold,50038,331,330,892,507,1,0.016397856
Cold,891944,5387,5386,892,507,1,0.0036905669
Cold,720535,4312,4311,892,507,0,0.013363352
Cold,565654,3475,3474,892,507,0,0.008547915
Cold,63092,424,423,892,507,1,0.015382756
Cold,128333,830,829,893,508,1,-0.0031022956
Cold,100898,673,672,893,508,1,-0.008811822
Cold,92060,612,611,893,508,0,-0.001580738
Cold,284300,1698,1697,893,508,1,-0.0038203294
Cold,86172,563,562,893,508,1,-0.008487946
Cold,53592,352,351,893,508,1,-0.004648854
Cold,697517,4169,4168,893,508,1,-0.0054335706
Cold,7612,53,52,893,508,1,0.004277871
Cold,245826,1484,1483,893,508,0,-0.0053100456
Cold,388167,2271,2270,897,509,1,-0.0071133487
Cold,364163,2121,2120,897,509,1,-0.00228255
Cold,362181,2110,2109,897,509,1,0.0011694185
Cold,387570,2265,2264,897,509,0,0.0027887588
Cold,357552,2092,2091,897,509,0,-0.003829766
Cold,356451,2088,2087,897,509,0,-0.002788864
Cold,345493,2026,2025,897,509,0,-0.0035736065
Cold,343691,2018,2017,897,509,1,-0.004429223
Cold,318413,1891,1890,897,509,1,-0.00016713608
Cold,316896,1884,1883,897,509,1,-0.0143241035
Cold,275610,1667,1666,897,509,0,0.004560702
Cold,293830,1748,1747,897,509,0,-0.0005217679
Cold,269105,1632,1631,897,509,0,-0.0029975306
Cold,250816,1513,1512,897,509,1,0.0040807026
Cold,354173,2073,2072,897,509,0,-0.0031130286
Cold,242877,1465,1464,897,509,1,-0.002381357
Cold,218049,1322,1321,897,509,1,0.0068975072
Cold,158369,1015,1014,897,509,1,-0.005725315
Cold,138482,889,888,897,509,0,-0.002841067
Cold,153138,984,983,897,509,1,-0.011681816
Cold,244054,1470,1469,897,509,1,-0.0020548278
Cold,191116,1181,1180,897,509,0,0.0095922435
Cold,68780,461,460,897,509,0,0.0071063386
Cold,57755,391,390,897,509,1,0.0072829723
Cold,211089,1285,1284,897,509,1,0.0030693738
Cold,177042,1117,1116,897,509,1,-0.0017135801
Cold,31947,216,215,897,509,1,-0.005326637
Cold,5652,40,39,897,509,1,-0.0057185497
Cold,15496,123,122,897,509,1,-0.0055347197
Cold,713985,4277,4276,897,509,1,0.005867896
Cold,607734,3688,3687,897,509,1,-0.0014920756
Cold,931512,5626,5625,897,509,1,-0.0019017006
Cold,322487,1912,1911,897,509,0,-0.0016217018
Cold,473802,2909,2908,897,509,0,-0.011881035
Cold,421081,2544,2543,897,509,0,-0.0125326505
Cold,171798,1088,1087,897,509,1,-0.002081912
Cold,324994,1925,1924,897,509,0,-0.0033076373
Cold,339221,1998,1997,897,509,0,0.001648173
Cold,580269,3544,3543,901,513,1,0.00072473055
Cold,578912,3539,3538,901,513,1,0.0045224056
Cold,580373,3546,3545,901,513,1,-0.0015701877
Cold,566754,3478,3477,901,513,1,0.0065060877
Cold,593294,3618,3617,901,513,0,-0.0055032074
Cold,566621,3477,3476,901,513,1,0.00020241062
Cold,576791,3526,3525,901,513,0,-0.003840656
Cold,556153,3418,3417,901,513,1,0.0035247956
Cold,535338,3304,3303,901,513,1,-0.0068544457
Cold,532935,3292,3291,901,513,1,-0.0017569042
Cold,522120,3224,3223,901,513,1,-0.0015764737
Cold,521309,3217,3216,901,513,1,-0.0039875307
Cold,512538,3163,3162,901,513,1,0.0018190836
Cold,509706,3140,3139,901,513,1,-0.0008144354
Cold,616585,3732,3731,901,513,1,-0.003058242
Cold,768553,4579,4578,901,513,1,0.007995536
Cold,916556,5539,5538,901,513,1,-0.0055377204
Cold,545958,3367,3366,901,513,1,0.0063535552
Cold,491919,3026,3025,901,513,1,0.006868966
Cold,491748,3025,3024,901,513,0,-0.0029171729
Cold,599700,3650,3649,901,513,0,0.0066180597
Cold,479124,2941,2940,901,513,1,0.0003172435
Cold,477823,2934,2933,901,513,0,0.0013736608
Cold,695737,4169,4168,901,513,1,0.0025851137
Cold,466571,2878,2877,901,513,1,0.002194865
Cold,712664,4277,4276,901,513,0,0.003372712
Cold,438202,2679,2678,901,513,0,0.0059019914
Cold,418399,2529,2528,901,513,0,-0.0016944081
Cold,416297,2507,2506,901,513,1,0.004432386
Cold,406696,2442,2441,901,513,0,0.0050937496
Cold,395017,2334,2333,901,513,1,0.00048303383
Cold,356976,2091,2090,901,513,1,0.0033729163
Cold,352879,2067,2066,901,513,0,-0.005380571
Cold,345392,2026,2025,901,513,0,0.0008041966
Cold,343466,2018,2017,901,513,1,0.0004725149
Cold,340030,2006,2005,901,513,1,-0.00096547254
Cold,339612,2002,2001,901,513,0,0.006359308
Cold,334408,1974,1973,901,513,1,0.0071817297
Cold,325170,1926,1925,901,513,1,0.008455816
Cold,294631,1750,1749,901,513,1,0.0048318873
Cold,295502,1755,1754,901,513,1,0.00060803094
Cold,278544,1680,1679,901,513,1,0.0053669494
Cold,276000,1671,1670,901,513,0,0.0058152312
Cold,268744,1632,1631,901,513,0,-0.0035951748
Cold,268426,1631,1630,901,513,1,-0.002413539
Cold,258868,1586,1585,901,513,1,0.0120304525
Cold,259257,1587,1586,901,513,0,0.0026801073
Cold,353872,2073,2072,901,513,1,-0.00046182144
Cold,262080,1600,1599,901,513,1,0.0035007566
Cold,217862,1322,1321,901,513,1,0.00062403735
Cold,208558,1274,1273,901,513,0,0.001725794
Cold,591685,3610,3609,901,513,0,0.0075650094
Cold,327514,1941,1940,901,513,1,-0.003397999
Cold,184794,1150,1149,901,513,1,0.0068174405
Cold,316077,1883,1882,901,513,0,-0.001404406
Cold,212368,1294,1293,901,513,0,-0.0010469176
Cold,183021,1141,1140,901,513,1,0.0034580063
Cold,173196,1098,1097,901,513,1,-0.004485823
Cold,163402,1046,1045,901,513,1,-0.004213311
Cold,159077,1017,1016,901,513,0,0.0015881171
Cold,157692,1015,1014,901,513,1,-0.0045157396
Cold,336836,1983,1982,901,513,1,0.0018301685
Cold,319811,1899,1898,901,513,1,0.0011347288
Cold,149923,965,964,901,513,0,-0.0030367984
Cold,323608,1920,1919,901,513,0,-0.0026127193
Cold,144464,931,930,901,513,1,-0.0065023373
Cold,140130,899,898,901,513,1,0.005100044
Cold,347211,2038,2037,901,513,0,0.0011244375
Cold,137691,889,888,901,513,1,0.0051217945
Cold,374711,2185,2184,901,513,1,-0.0015949109
Cold,124395,801,800,901,513,0,0.012907747
Cold,132228,855,854,901,513,1,-0.004469604
Cold,159751,1019,1018,901,513,0,0.0025891506
Cold,112218,731,730,901,513,1,0.0031088195
Cold,316560,1884,1883,901,513,1,0.007892758
Cold,339050,1998,1997,901,513,1,0.003345656
Cold,85190,556,555,901,513,0,0.0030617076
Cold,118973,770,769,901,513,1,0.008048295
Cold,73044,494,493,901,513,1,0.0035316383
Cold,69964,473,472,901,513,0,0.0030292335
Cold,61710,415,414,901,513,1,0.008161405
Cold,201315,1242,1241,901,513,1,-0.0004476366
Cold,227946,1383,1382,901,513,1,0.003093923
Cold,78234,528,527,901,513,0,-0.0027473602
Cold,46719,314,313,901,513,0,0.0024691245
Cold,31762,216,215,901,513,0,-0.002241986
Cold,28674,198,197,901,513,0,0.0060377503
Cold,34573,235,234,901,513,1,0.0059465333
Cold,24796,175,174,901,513,1,0.003762974
Cold,481575,2962,2961,901,513,0,0.005787047
Cold,18546,146,145,901,513,1,-0.00016737124
Cold,10733,78,77,901,513,1,-0.0005707294
Cold,7475,53,52,901,513,1,0.0012356777
Cold,4137,31,30,901,513,0,-0.0038241008
Cold,3870,28,27,901,513,0,-0.0040574344
Cold,6612,48,47,901,513,1,-0.0015183474
Cold,357194,2092,2091,901,513,0,0.0042957747
Cold,79068,531,530,901,513,1,0.0015347492
Cold,89080,588,587,901,513,1,0.0027433203
Cold,949139,5734,5733,901,513,1,-0.0010382453
Cold,249735,1505,1504,901,513,0,0.008374206
Cold,11846,92,91,901,513,0,0.005740334
Cold,60493,411,410,901,513,1,0.0110690035
Cold,618788,3751,3750,901,513,0,0.0019686485
Cold,773581,4611,4610,901,513,1,0.0038401831
Cold,206612,1266,1265,901,513,1,0.009225833
Cold,50553,333,332,901,513,1,-0.00031787506
Cold,454452,2796,2795,901,513,0,-0.0013383287
Cold,489441,3013,3012,901,513,0,-0.006889376
Cold,495113,3038,3037,901,513,1,0.0010726082
Cold,831868,5001,5000,901,513,1,0.0011019178
Cold,62493,424,423,901,513,1,0.0009082586
Cold,76262,518,517,901,513,1,-0.0018270528
Cold,8735,59,58,901,513,0,-0.00810512
Cold,622545,3769,3768,906,518,1,0.005769265
Cold,621050,3762,3761,906,518,0,-0.0014769908
Cold,600453,3651,3650,906,518,1,0.00067202956
Cold,576035,3521,3520,906,518,0,-0.001791636
Cold,566758,3478,3477,906,518,0,0.0027346294
Cold,695746,4169,4168,906,518,1,0.0048203245
Cold,553685,3410,3409,906,518,1,0.007744789
Cold,549400,3390,3389,906,518,1,-0.0035257763
Cold,576795,3526,3525,906,518,0,0.010043316
Cold,543375,3346,3345,906,518,0,0.0029701302
Cold,916561,5539,5538,906,518,1,-0.004729692
Cold,521313,3217,3216,906,518,1,0.0028756792
Cold,518592,3201,3200,906,518,1,0.0062385937
Cold,515843,3183,3182,906,518,1,0.00917857
Cold,506501,3118,3117,906,518,0,0.009058113
Cold,768560,4579,4578,906,518,1,0.0013181136
Cold,495227,3039,3038,906,518,1,-0.00453989
Cold,482531,2967,2966,906,518,1,0.0132112745
Cold,645058,3885,3884,906,518,1,0.01050299
Cold,494933,3036,3035,906,518,1,-0.0071537
Cold,879751,5317,5316,906,518,1,0.011283772
Cold,466145,2874,2873,906,518,0,-0.0007643101
Cold,459067,2826,2825,906,518,1,0.008237386
Cold,457611,2820,2819,906,518,0,-0.0042294175
Cold,455519,2805,2804,906,518,0,-0.00097570906
Cold,448323,2764,2763,906,518,1,0.0040050875
Cold,425157,2581,2580,906,518,1,0.008167563
Cold,446677,2753,2752,906,518,1,0.0017069736
Cold,420748,2544,2543,906,518,0,0.0024723252
Cold,419574,2537,2536,906,518,1,0.005442054
Cold,418408,2529,2528,906,518,1,0.018132519
Cold,416308,2507,2506,906,518,1,0.007872312
Cold,397559,2355,2354,906,518,1,-0.0001576686
Cold,395333,2335,2334,906,518,1,0.008031722
Cold,394650,2329,2328,906,518,0,0.0027150158
Cold,381221,2230,2229,906,518,1,-0.000805613
Cold,385123,2251,2250,906,518,1,0.017818846
Cold,377629,2205,2204,906,518,0,0.007975277
Cold,372767,2177,2176,906,518,1,0.002435733
Cold,365587,2128,2127,906,518,1,0.0075822705
Cold,364069,2121,2120,906,518,0,-0.0025703623
Cold,357900,2094,2093,906,518,1,0.0012088006
Cold,412004,2478,2477,906,518,0,0.0029819915
Cold,353626,2072,2071,906,518,1,0.0070284028
Cold,352583,2064,2063,906,518,1,0.0024541286
Cold,346555,2031,2030,906,518,1,0.001719261
Cold,343473,2018,2017,906,518,1,0.0014632137
Cold,339616,2002,2001,906,518,1,0.006027536
Cold,339370,1999,1998,906,518,1,0.0056224465
Cold,318867,1896,1895,906,518,1,0.00053252047
Cold,313277,1868,1867,906,518,1,-0.00060223276
Cold,304485,1810,1809,906,518,1,0.0026160995
Cold,313970,1875,1874,906,518,1,0.0033413465
Cold,293543,1748,1747,906,518,1,0.0012378087
Cold,268754,1632,1631,906,518,0,0.016396567
Cold,345398,2026,2025,906,518,0,0.0074698096
Cold,258079,1580,1579,906,518,0,-0.0040201503
Cold,269670,1635,1634,906,518,1,0.0082998425
Cold,250758,1513,1512,906,518,1,0.0063608703
Cold,240924,1451,1450,906,518,1,0.010812543
Cold,631304,3821,3820,906,518,1,0.005728022
Cold,316568,1884,1883,906,518,1,0.0073642344
Cold,230954,1398,1397,906,518,1,0.0041707885
Cold,227424,1378,1377,906,518,1,0.004565346
Cold,228847,1387,1386,906,518,1,0.010231349
Cold,225402,1364,1363,906,518,1,0.004773605
Cold,222879,1350,1349,906,518,1,0.0020921018
Cold,318080,1890,1889,906,518,1,-0.0014836425
Cold,196101,1206,1205,906,518,1,-0.0054235817
Cold,192950,1191,1190,906,518,1,0.01022808
Cold,327528,1941,1940,906,518,1,0.006328594
Cold,337906,1988,1987,906,518,1,0.0076451106
Cold,183027,1141,1140,906,518,1,0.020567525
Cold,182643,1140,1139,906,518,1,0.0064587453
Cold,165106,1053,1052,906,518,1,-0.0045068106
Cold,190332,1181,1180,906,518,1,0.0029407358
Cold,162632,1038,1037,906,518,1,0.010227903
Cold,159080,1017,1016,906,518,1,-0.006268205
Cold,373770,2181,2180,906,518,1,0.0011685488
Cold,157705,1015,1014,906,518,1,-0.002458237
Cold,323612,1920,1919,906,518,0,0.004515414
Cold,199236,1224,1223,906,518,1,0.006213118
Cold,144468,931,930,906,518,1,-0.0014459803
Cold,184804,1150,1149,906,518,0,0.00017937412
Cold,137703,889,888,906,518,1,0.0018365141
Cold,347219,2038,2037,906,518,1,0.006671421
Cold,124145,800,799,906,518,1,0.015383617
Cold,120104,776,775,906,518,1,0.012076126
Cold,118644,767,766,906,518,1,0.008026473
Cold,101613,677,676,906,518,1,-0.0034799841
Cold,239617,1449,1448,906,518,1,0.0044836444
Cold,94089,631,630,906,518,1,0.013952179
Cold,89087,588,587,906,518,1,0.00051600125
Cold,82683,549,548,906,518,1,0.006637755
Cold,319107,1897,1896,906,518,1,0.0068934346
Cold,227955,1383,1382,906,518,0,0.0039296085
Cold,51761,340,339,906,518,1,0.010817692
Cold,638859,3842,3841,906,518,1,0.014279855
Cold,141885,914,913,906,518,1,-0.0016784617
Cold,34584,235,234,906,518,1,0.004940467
Cold,133588,864,863,906,518,1,0.0061438135
Cold,463988,2860,2859,906,518,1,0.0022017905
Cold,61715,415,414,906,518,1,0.0058852835
Cold,12649,97,96,906,518,1,0.003564054
Cold,591691,3610,3609,906,518,0,0.0037092343
Cold,9111,62,61,906,518,1,0.002759653
Cold,3874,28,27,906,518,1,-0.00025424734
Cold,24197,173,172,906,518,1,0.0029959688
Cold,481581,2962,2961,906,518,0,0.0020507334
Cold,15371,123,122,906,518,1,0.011067794
Cold,466580,2878,2877,906,518,1,0.008748649
Cold,129129,839,838,906,518,1,0.0067458088
Cold,284723,1699,1698,906,518,1,0.0015062548
Cold,181823,1137,1136,906,518,1,0.0060994895
Cold,347834,2041,2040,906,518,1,-0.0014974994
Cold,56299,376,375,906,518,1,-9.2989765e-05
Cold,249740,1505,1504,906,518,1,0.00089818705
Cold,18219,140,139,906,518,1,0.0020321817
Cold,62504,424,423,906,518,1,0.005791343
Cold,499091,3067,3066,906,518,1,0.0056915744
Cold,322033,1912,1911,906,518,0,-0.0053760298
Cold,259263,1587,1586,906,518,0,0.007876291
Cold,795422,4765,4764,906,518,1,0.014918575
Cold,339058,1998,1997,906,518,1,0.00018638372
Cold,171207,1088,1087,906,518,1,0.01270977
Cold,13104,102,101,906,518,1,0.009047633
Cold,616589,3732,3731,906,518,1,0.0048874132
Cold,295509,1755,1754,907,519,1,0.002485357
Cold,276011,1671,1670,907,519,0,0.0065974533
Cold,246151,1489,1488,907,519,1,0.0004237597
Cold,283828,1698,1697,907,519,1,5.4017873e-05
Cold,319826,1899,1898,907,519,0,0.008800904
Cold,217869,1322,1321,907,519,1,0.009843332
Cold,218514,1325,1324,907,519,1,0.0090320725
Cold,326643,1937,1936,907,519,0,0.0019322834
Cold,591694,3610,3609,907,519,0,0.0128759835
Cold,243668,1470,1469,907,519,0,0.006815243
Cold,250621,1511,1510,907,519,1,0.0013691355
Cold,327533,1941,1940,907,519,0,0.0071171313
Cold,184805,1150,1149,907,519,0,0.0118657155
Cold,212373,1294,1293,907,519,1,0.009116768
Cold,176227,1114,1113,907,519,1,0.0027893065
Cold,162151,1034,1033,907,519,1,0.0061252816
Cold,347221,2038,2037,907,519,0,-0.00011006219
Cold,137707,889,888,907,519,1,0.009140675
Cold,374718,2185,2184,907,519,1,-0.0055004107
Cold,159763,1019,1018,907,519,1,0.0036438503
Cold,112224,731,730,907,519,1,0.00573398
Cold,778783,4653,4652,907,519,1,-0.0048052277
Cold,373774,2181,2180,907,519,1,0.0056517
Cold,90067,594,593,907,519,1,-0.00021639885
Cold,227957,1383,1382,907,519,1,0.013298631
Cold,69967,473,472,907,519,1,0.006580118
Cold,61717,415,414,907,519,1,0.0065163844
Cold,59888,408,407,907,519,1,-0.0019832186
Cold,52799,348,347,907,519,1,-0.0003745244
Cold,52448,346,345,907,519,1,0.00062543165
Cold,60502,411,410,907,519,0,0.0073109083
Cold,12651,97,96,907,519,1,0.006552152
Cold,4395,33,32,907,519,0,0.0025305352
Cold,739327,4418,4417,907,519,1,0.0010214006
Cold,420752,2544,2543,907,519,1,0.014980705
Cold,558394,3430,3429,907,519,1,0.0066615054
Cold,24199,173,172,907,519,0,0.017035097
Cold,50559,333,332,907,519,1,0.002638751
Cold,454464,2796,2795,907,519,0,0.012676708
Cold,171212,1088,1087,907,519,1,0.008141515
Cold,978749,5902,5901,907,519,1,0.0038795362
Cold,322034,1912,1911,907,519,0,0.00287221
Cold,795424,4765,4764,907,519,1,0.0041089626
Cold,821517,4940,4939,907,519,1,-0.0014785109
Cold,403081,2407,2406,907,519,1,0.0013165653
Cold,85207,556,555,917,529,0,-0.0011894328
Cold,274186,1657,1656,917,529,1,0.0025416925
Cold,132246,855,854,917,529,1,0.0090312185
Cold,41667,284,283,917,529,0,0.012702764
Cold,31333,212,211,917,529,1,0.011133693
Cold,591706,3610,3609,917,529,0,0.01977221
Cold,104105,692,691,917,529,1,0.013162101
Cold,206630,1266,1265,917,529,1,0.007597345
Cold,882790,5333,5332,917,529,1,0.0047195107
Cold,95313,639,638,917,529,1,0.013240557
Cold,712688,4277,4276,917,529,0,0.018432178
Cold,79089,531,530,917,529,0,0.010987995
Cold,454474,2796,2795,917,529,0,0.0032027462
Cold,537711,3312,3311,917,529,0,0.011990733
Cold,831878,5001,5000,917,529,1,-0.002414322
Cold,272625,1647,1646,917,529,1,0.015159523
Cold,860002,5172,5171,917,529,0,-0.005604076
Cold,673924,4048,4047,918,530,1,0.0075122225
Cold,670556,4029,4028,918,530,1,0.005051582
Cold,682930,4086,4085,918,530,1,0.0057361773
Cold,651785,3930,3929,918,530,1,0.008784838
Cold,597116,3629,3628,918,530,1,-0.005574685
Cold,585508,3576,3575,918,530,0,0.010238731
Cold,576051,3521,3520,918,530,1,0.0065499386
Cold,566627,3477,3476,918,530,1,0.002826689
Cold,695773,4169,4168,918,530,1,0.0019863881
Cold,563573,3469,3468,918,530,1,-0.00507374
Cold,550861,3393,3392,918,530,0,-0.002653731
Cold,548341,3384,3383,918,530,0,0.0024362523
Cold,576820,3526,3525,918,530,0,-0.0038837795
Cold,556160,3418,3417,918,530,1,0.0029502013
Cold,552854,3402,3401,918,530,1,0.003865146
Cold,535348,3304,3303,918,530,1,-0.0017002104
Cold,532971,3292,3291,918,530,1,-0.0016307486
Cold,522163,3224,3223,918,530,1,-0.0058552874
Cold,916574,5539,5538,918,530,0,-0.0063585388
Cold,565998,3476,3475,918,530,1,0.009112638
Cold,616600,3732,3731,918,530,0,0.009193937
Cold,503761,3096,3095,918,530,1,0.00040262658
Cold,738032,4411,4410,918,530,1,0.0035059068
Cold,491762,3025,3024,918,530,1,0.005006849
Cold,768574,4579,4578,918,530,1,-0.0025642945
Cold,569601,3492,3491,918,530,1,0.0011549471
Cold,968740,5840,5839,918,530,1,0.0059191785
Cold,466598,2878,2877,918,530,0,0.0034017675
Cold,455727,2807,2806,918,530,1,-0.002906328
Cold,564131,3471,3470,918,530,0,-0.00032959378
Cold,440785,2699,2698,918,530,1,-0.0038392227
Cold,440425,2693,2692,918,530,0,0.00061489374
Cold,790278,4728,4727,918,530,0,0.012034373
Cold,435461,2662,2661,918,530,0,0.0023138802
Cold,416331,2507,2506,918,530,1,0.0058065006
Cold,415410,2502,2501,918,530,1,0.003577093
Cold,406698,2442,2441,918,530,1,0.0036662284
Cold,405650,2431,2430,918,530,1,0.00090410677
Cold,400867,2389,2388,918,530,1,0.009234274
Cold,410774,2465,2464,918,530,0,-0.0031288473
Cold,396236,2343,2342,918,530,1,0.014461955
Cold,394653,2329,2328,918,530,1,0.005216568
Cold,395034,2334,2333,918,530,1,0.0016389505
Cold,390615,2293,2292,918,530,1,-0.00025511673
Cold,383430,2241,2240,918,530,1,0.00440786
Cold,384852,2248,2247,918,530,1,0.001052016
Cold,381172,2229,2228,918,530,0,0.007480323
Cold,385137,2251,2250,918,530,1,-0.006252821
Cold,376560,2197,2196,918,530,1,-0.006959049
Cold,373312,2180,2179,918,530,0,0.0033125067
Cold,364075,2121,2120,918,530,1,-0.0004992129
Cold,356982,2091,2090,918,530,1,0.0043124566
Cold,352892,2067,2066,918,530,0,-0.00043113407
Cold,385962,2258,2257,918,530,0,-0.0059622405
Cold,353897,2073,2072,918,530,0,0.0063321358
Cold,340033,2006,2005,918,530,1,-0.0046310322
Cold,323045,1916,1915,918,530,0,-0.0037080375
Cold,295518,1755,1754,918,530,1,-0.002970873
Cold,281971,1692,1691,918,530,1,0.0018171082
Cold,283417,1697,1696,918,530,1,0.004088661
Cold,276026,1671,1670,918,530,0,0.0018471635
Cold,268774,1632,1631,918,530,0,0.0038402292
Cold,346042,2030,2029,918,530,1,0.0010993858
Cold,258884,1586,1585,918,530,0,0.0014874543
Cold,259283,1587,1586,918,530,1,-0.007078209
Cold,246160,1489,1488,918,530,0,0.007057603
Cold,258286,1584,1583,918,530,0,0.0018363652
Cold,227479,1379,1378,918,530,0,0.0012733904
Cold,228860,1387,1386,918,530,0,-6.31758e-05
Cold,226578,1373,1372,918,530,1,0.003122975
Cold,283844,1698,1697,918,530,1,0.0012028207
Cold,319846,1899,1898,918,530,0,0.0029242581
Cold,217884,1322,1321,918,530,1,0.00044535566
Cold,318087,1890,1889,918,530,0,0.0026407426
Cold,327560,1941,1940,918,530,1,0.009972102
Cold,334421,1974,1973,918,530,1,0.0023951055
Cold,184834,1150,1149,918,530,0,0.0015615677
Cold,184254,1147,1146,918,530,1,-0.0018274749
Cold,207290,1267,1266,918,530,1,0.006816742
Cold,162157,1034,1033,918,530,1,0.005945923
Cold,157735,1015,1014,918,530,1,0.0016104805
Cold,152812,984,983,918,530,0,-0.0078161545
Cold,323627,1920,1919,918,530,1,0.0044882623
Cold,140144,899,898,918,530,1,0.0058138175
Cold,347238,2038,2037,918,530,0,-0.00048512034
Cold,127207,822,821,918,530,1,0.0060014874
Cold,262973,1605,1604,918,530,0,-0.008747198
Cold,239643,1449,1448,918,530,0,0.00011422625
Cold,316586,1884,1883,918,530,0,-0.0023916997
Cold,98090,656,655,918,530,0,-0.0035695818
Cold,339072,1998,1997,918,530,1,0.0016569616
Cold,69970,473,472,918,530,0,-0.0030411738
Cold,227977,1383,1382,918,530,0,-0.00587897
Cold,52461,346,345,918,530,1,0.004584227
Cold,51771,340,339,918,530,1,0.0034363777
Cold,45526,307,306,918,530,1,0.00020884746
Cold,45783,308,307,918,530,1,-0.0009706127
Cold,73791,500,499,918,530,1,-0.0017742144
Cold,39166,265,264,918,530,1,0.005061377
Cold,46744,314,313,918,530,0,-0.0070472555
Cold,34425,233,232,918,530,1,0.008444935
Cold,27494,193,192,918,530,1,-0.0013462015
Cold,34604,235,234,918,530,0,-0.00084516406
Cold,463998,2860,2859,918,530,1,-0.0034337412
Cold,18578,146,145,918,530,0,1.242978e-05
Cold,18033,139,138,918,530,0,-0.00756006
Cold,12659,97,96,918,530,1,0.012760972
Cold,10742,78,77,918,530,1,0.003324124
Cold,591707,3610,3609,918,530,0,-0.0060798544
Cold,4897,35,34,918,530,1,-2.4047098e-05
Cold,965,10,9,918,530,1,0.003875431
Cold,739333,4418,4417,918,530,1,0.0030698916
Cold,420771,2544,2543,918,530,1,0.003268989
Cold,94537,635,634,918,530,1,-0.004506802
Cold,111572,727,726,918,530,0,0.0037387903
Cold,248639,1501,1500,918,530,1,-0.0008309814
Cold,18222,140,139,918,530,1,0.0047169076
Cold,329110,1943,1942,918,530,1,-0.0009716924
Cold,50571,333,332,918,530,0,-0.006997125
Cold,958747,5787,5786,918,530,1,0.005975919
Cold,183044,1141,1140,918,530,1,0.006982182
Cold,892791,5394,5393,918,530,0,0.0037934976
Cold,978754,5902,5901,918,530,1,-0.0020265342
Cold,171230,1088,1087,918,530,1,-0.0013997222
Cold,831879,5001,5000,918,530,1,-0.0030225455
Cold,322050,1912,1911,918,530,0,-0.0031037214
Cold,491142,3020,3019,918,530,1,0.0022996427
Cold,234708,1425,1424,918,530,1,0.0023820547
Cold,489456,3013,3012,918,530,0,0.0009925175
Cold,153997,991,990,927,538,0,0.001039505
Cold,112998,733,732,927,538,1,-0.0024707965
Cold,112253,731,730,927,538,1,3.823929e-05
Cold,98096,656,655,927,538,1,-0.0046241162
Cold,90538,601,600,927,538,0,-0.004741813
Cold,89112,588,587,927,538,1,0.0049419766
Cold,69438,466,465,927,538,1,0.00087453285
Cold,58475,396,395,927,538,1,-0.0074591287
Cold,45531,307,306,927,538,1,-0.0029140115
Cold,39255,266,265,927,538,1,0.00080335373
Cold,34619,235,234,927,538,1,-0.0018527645
Cold,591717,3610,3609,927,538,0,0.0036068999
Cold,657393,3963,3962,927,538,0,-0.003333614
Cold,4450,33,32,927,538,0,0.00050873496
Cold,457632,2820,2819,927,538,1,0.0032716952
Cold,49198,329,328,927,538,0,-0.008301166
Cold,18590,146,145,927,538,0,0.0038965186
Cold,416342,2507,2506,927,538,1,-0.0071001686
Cold,421586,2547,2546,927,538,1,-0.00050338823
Cold,101928,678,677,927,538,1,0.0027862862
Cold,327577,1941,1940,927,538,1,-0.007353642
Cold,840991,5054,5053,927,538,1,-0.00014679739
Cold,96551,648,647,927,538,1,-0.0029999698
Cold,821525,4940,4939,927,538,1,-0.0055060023
Cold,219697,1333,1332,929,540,1,-0.0057844124
Cold,182657,1140,1139,929,540,0,-0.0021021906
Cold,180135,1128,1127,929,540,1,-0.0014461235
Cold,190380,1181,1180,929,540,0,0.0007026596
Cold,159803,1019,1018,929,540,0,-0.005463017
Cold,148961,958,957,929,540,0,0.008899377
Cold,199255,1224,1223,929,540,1,-0.0018869377
Cold,184851,1150,1149,929,540,0,0.0013069623
Cold,374740,2185,2184,929,540,1,0.005649084
Cold,134960,873,872,929,540,0,0.00097399345
Cold,82723,549,548,929,540,1,0.0040892283
Cold,48783,327,326,929,540,0,-0.0043179
Cold,45533,307,306,929,540,1,-0.0069885384
Cold,27503,193,192,929,540,0,-0.0030585818
Cold,13516,107,106,929,540,1,-0.0054252837
Cold,591720,3610,3609,929,540,0,-0.002523845
Cold,9150,62,61,929,540,1,-0.0053317137
Cold,357233,2092,2091,929,540,0,-0.008335384
Cold,420781,2544,2543,929,540,0,-0.008768013
Cold,481601,2962,2961,929,540,0,0.005021098
Cold,24239,173,172,929,540,1,-0.007115118
Cold,253209,1539,1538,929,540,1,0.00010298425
Cold,157753,1015,1014,929,540,1,0.0011710001
Cold,181848,1137,1136,929,540,1,0.0049333363
Cold,192648,1186,1185,929,540,1,-0.003050891
Cold,18225,140,139,929,540,0,-0.0061821374
Cold,983939,5948,5947,929,540,1,-0.0015700205
Cold,475375,2918,2917,929,540,0,0.0050867097
Cold,322065,1912,1911,929,540,1,-0.007761015
Cold,473183,2909,2908,929,540,0,-0.004706458
Cold,171244,1088,1087,929,540,1,0.0023509278
Cold,327580,1941,1940,929,540,1,0.0135325845
Cold,933302,5636,5635,929,540,1,0.0015181309
Cold,618825,3751,3750,932,543,1,-0.005026269
Cold,726342,4345,4344,932,543,1,0.007054567
Cold,586924,3585,3584,932,543,1,-0.0033659413
Cold,586793,3583,3582,932,543,1,-0.0046300194
Cold,576484,3524,3523,932,543,1,-0.006416763
Cold,583199,3562,3561,932,543,1,0.0029508718
Cold,566631,3477,3476,932,543,1,0.0070383726
Cold,566016,3476,3475,932,543,1,-0.0003225659
Cold,556689,3421,3420,932,543,1,0.008027742
Cold,658251,3967,3966,932,543,0,0.011955365
Cold,545447,3364,3363,932,543,1,-0.0029275266
Cold,638894,3842,3841,932,543,1,-0.0015209885
Cold,532999,3292,3291,932,543,1,-0.0035665957
Cold,529031,3271,3270,932,543,1,0.0055352785
Cold,521336,3217,3216,932,543,1,0.0005128442
Cold,520882,3214,3213,932,543,1,-0.0069473484
Cold,522200,3224,3223,932,543,1,0.0011652076
Cold,515949,3184,3183,932,543,0,0.0058088284
Cold,509730,3140,3139,932,543,1,0.0051264027
Cold,506537,3118,3117,932,543,0,-0.007133699
Cold,768591,4579,4578,932,543,0,-0.00042237435
Cold,502364,3083,3082,932,543,1,-0.0033844595
Cold,797529,4784,4783,932,543,1,0.0018724727
Cold,496829,3053,3052,932,543,0,-0.0018589122
Cold,488851,3009,3008,932,543,1,-0.0037333316
Cold,487467,2998,2997,932,543,1,-0.004030643
Cold,484025,2977,2976,932,543,1,-0.004321633
Cold,480787,2952,2951,932,543,1,0.0043907985
Cold,479159,2941,2940,932,543,0,-0.013943677
Cold,478729,2938,2937,932,543,0,0.002121635
Cold,477857,2934,2933,932,543,1,0.0033904396
Cold,695813,4169,4168,932,543,1,0.0016517128
Cold,474514,2912,2911,932,543,1,-0.0023636967
Cold,852539,5113,5112,932,543,0,-0.0056332042
Cold,465934,2873,2872,932,543,1,-0.008542752
Cold,834091,5015,5014,932,543,0,0.0013434216
Cold,449084,2769,2768,932,543,1,-0.00028797216
Cold,458464,2822,2821,932,543,0,0.009712225
Cold,445082,2745,2744,932,543,1,0.002071492
Cold,426803,2592,2591,932,543,0,-0.0014312367
Cold,419393,2535,2534,932,543,1,0.002331047
Cold,418448,2529,2528,932,543,1,-0.013474012
Cold,425189,2581,2580,932,543,1,-0.008124375
Cold,416361,2507,2506,932,543,0,-0.0063423207
Cold,414884,2497,2496,932,543,1,-0.0021725616
Cold,412504,2483,2482,932,543,0,0.0012796151
Cold,404978,2423,2422,932,543,1,-0.004302052
Cold,398502,2371,2370,932,543,1,-0.009089259
Cold,395044,2334,2333,932,543,1,0.00078623206
Cold,394043,2322,2321,932,543,1,-0.007795629
Cold,393052,2309,2308,932,543,0,0.0022103786
Cold,392763,2306,2305,932,543,1,0.005542927
Cold,384861,2248,2247,932,543,0,0.0020859984
Cold,383438,2241,2240,932,543,1,-0.0062144985
Cold,378643,2211,2210,932,543,1,0.008559905
Cold,353648,2072,2071,932,543,1,0.0017403709
Cold,352602,2064,2063,932,543,1,-0.0023920527
Cold,343029,2016,2015,932,543,0,0.0048553087
Cold,295530,1755,1754,932,543,1,0.0020985887
Cold,259304,1587,1586,932,543,0,0.007969046
Cold,265528,1613,1612,932,543,1,0.006086047
Cold,232314,1410,1409,932,543,1,0.004770726
Cold,242608,1465,1464,932,543,1,0.0024006884
Cold,225049,1361,1360,932,543,1,0.0026513517
Cold,200735,1233,1232,932,543,1,-0.009829697
Cold,192282,1184,1183,932,543,1,-0.0036275205
Cold,190143,1180,1179,932,543,1,-0.0010799947
Cold,337945,1988,1987,932,543,1,-0.007267599
Cold,188830,1172,1171,932,543,1,0.003576158
Cold,316119,1883,1882,932,543,1,-0.0029808425
Cold,180151,1128,1127,932,543,0,-0.0011943078
Cold,175187,1111,1110,932,543,1,-0.0036762897
Cold,327614,1941,1940,932,543,1,-0.0072463015
Cold,154048,992,991,932,543,1,-0.0023133913
Cold,141131,910,909,932,543,1,0.0073104138
Cold,141354,911,910,932,543,1,-0.0044456823
Cold,137788,889,888,932,543,0,0.005017915
Cold,490038,3015,3014,932,543,1,-0.0031328537
Cold,201354,1242,1241,932,543,1,0.010300549
Cold,130987,850,849,932,543,1,0.0033027139
Cold,118653,767,766,932,543,0,-0.0013508851
Cold,117796,759,758,932,543,1,0.003853061
Cold,239683,1449,1448,932,543,0,-0.004012673
Cold,262997,1605,1604,932,543,1,0.0022400892
Cold,177899,1120,1119,932,543,0,0.0046564317
Cold,98297,658,657,932,543,1,0.004809724
Cold,95805,642,641,932,543,0,0.00038918148
Cold,314000,1875,1874,932,543,1,0.0039517945
Cold,93956,630,629,932,543,1,0.006208313
Cold,227999,1383,1382,932,543,1,0.0017716401
Cold,190409,1181,1180,932,543,0,-0.0020952483
Cold,198111,1218,1217,932,543,0,-0.0024703594
Cold,76499,519,518,932,543,1,0.0053844657
Cold,76098,517,516,932,543,1,-0.0022432944
Cold,69975,473,472,932,543,1,0.0009309803
Cold,56594,379,378,932,543,1,0.0025225736
Cold,949158,5734,5733,932,543,1,0.0012865672
Cold,52477,346,345,932,543,0,0.0032716854
Cold,417594,2520,2519,932,543,0,-0.0006604232
Cold,13679,109,108,932,543,1,0.002649658
Cold,591731,3610,3609,932,543,0,-0.0012356355
Cold,9164,62,61,932,543,0,0.010109128
Cold,4475,33,32,932,543,0,0.0052642953
Cold,1017,10,9,932,543,0,-0.009628579
Cold,373812,2181,2180,932,543,0,0.0009898157
Cold,19243,148,147,932,543,0,0.0035459609
Cold,76280,518,517,932,543,1,0.0075551523
Cold,339086,1998,1997,932,543,1,-0.003074541
Cold,157772,1015,1014,932,543,1,-0.0011101238
Cold,181855,1137,1136,932,543,0,-0.008732402
Cold,347868,2041,2040,932,543,0,0.006340903
Cold,183063,1141,1140,932,543,0,-0.0005902075
Cold,60561,411,410,932,543,1,-0.007675974
Cold,51350,338,337,932,543,1,0.0036468585
Cold,18604,146,145,932,543,0,0.0047013247
Cold,79117,531,530,932,543,0,0.0015520176
Cold,187488,1164,1163,932,543,1,-0.0011397512
Cold,882801,5333,5332,932,543,1,0.0017434158
Cold,840998,5054,5053,932,543,1,-0.0020374896
Cold,399721,2380,2379,932,543,1,-0.008549655
Cold,901365,5450,5449,932,543,1,-0.0028139716
Cold,821531,4940,4939,932,543,1,0.009078441
Cold,62575,424,423,932,543,1,0.006088971
Cold,553728,3410,3409,932,543,1,0.003154449
Cold,322080,1912,1911,932,543,0,0.0029597876
Cold,825479,4958,4957,932,543,0,-0.00021744147
Cold,842475,5063,5062,932,543,1,-0.003209604
Cold,272022,1645,1644,932,543,1,0.009166433
Cold,62100,419,418,932,543,1,-0.0012929977
Cold,144490,931,930,935,546,1,8.09012e-05
Cold,137794,889,888,935,546,1,-0.013736109
Cold,339090,1998,1997,935,546,0,-0.0025392768
Cold,61755,415,414,935,546,0,-0.0021355967
Cold,43210,296,295,935,546,0,0.004213088
Cold,50585,333,332,935,546,1,-0.014319133
Cold,841000,5054,5053,935,546,1,-0.00073991856
Cold,322085,1912,1911,935,546,0,-0.0019863162
Cold,821533,4940,4939,935,546,1,-0.0024528848
Cold,171265,1088,1087,935,546,0,-0.0068096616
Cold,18609,146,145,935,546,1,-0.00040648622
Cold,530582,3278,3277,936,547,0,0.0021407674
Cold,474599,2913,2912,936,547,1,0.0038398392
Cold,795445,4765,4764,936,547,1,-0.0010616735
Cold,461987,2849,2848,936,547,1,0.004114808
Cold,455745,2807,2806,936,547,1,0.021757528
Cold,446720,2753,2752,936,547,1,0.008964377
Cold,441623,2711,2710,936,547,1,0.0011156411
Cold,645088,3885,3884,936,547,1,0.0067221983
Cold,419621,2537,2536,936,547,0,0.0030586366
Cold,464019,2860,2859,936,547,1,0.013291387
Cold,405413,2428,2427,936,547,1,0.006369916
Cold,395768,2340,2339,936,547,1,0.010693378
Cold,383441,2241,2240,936,547,1,0.0039139437
Cold,381533,2231,2230,936,547,1,0.0005867607
Cold,356652,2089,2088,936,547,1,-0.001851414
Cold,353650,2072,2071,936,547,1,-0.0018293984
Cold,346067,2030,2029,936,547,1,0.012345107
Cold,343509,2018,2017,936,547,1,0.008333048
Cold,380703,2225,2224,936,547,0,0.013641728
Cold,320979,1903,1902,936,547,1,0.004371835
Cold,329787,1945,1944,936,547,0,-0.003966165
Cold,325207,1926,1925,936,547,1,0.014487267
Cold,313284,1868,1867,936,547,0,0.0035472086
Cold,319875,1899,1898,936,547,1,0.011153195
Cold,306030,1821,1820,936,547,1,0.0029622773
Cold,302441,1796,1795,936,547,1,-0.007205137
Cold,316612,1884,1883,936,547,1,0.009245951
Cold,285886,1706,1705,936,547,1,0.008848725
Cold,284754,1699,1698,936,547,1,0.006639562
Cold,292120,1741,1740,936,547,1,0.018009685
Cold,264077,1607,1606,936,547,0,0.0014724177
Cold,303225,1802,1801,936,547,0,0.008159229
Cold,631344,3821,3820,936,547,1,0.0011075921
Cold,228873,1387,1386,936,547,0,0.00066886016
Cold,243576,1469,1468,936,547,1,0.008099162
Cold,218240,1323,1322,936,547,1,0.009400546
Cold,216805,1317,1316,936,547,1,0.0033393633
Cold,289184,1727,1726,936,547,1,0.010179186
Cold,208599,1274,1273,936,547,1,0.003719623
Cold,207298,1267,1266,936,547,1,0.007984598
Cold,192963,1191,1190,936,547,1,0.0025598141
Cold,316125,1883,1882,936,547,0,0.0012845509
Cold,199274,1224,1223,936,547,1,0.013580322
Cold,190415,1181,1180,936,547,0,0.010452626
Cold,327618,1941,1940,936,547,1,-0.0014944456
Cold,165725,1057,1056,936,547,1,0.005478151
Cold,159825,1019,1018,936,547,1,0.011166859
Cold,144491,931,930,936,547,1,0.00872078
Cold,184884,1150,1149,936,547,0,0.000116778305
Cold,137795,889,888,936,547,1,0.012360608
Cold,347258,2038,2037,936,547,1,0.009601536
Cold,130989,850,849,936,547,0,0.0023977584
Cold,374745,2185,2184,936,547,1,0.011836879
Cold,125353,806,805,936,547,1,0.005554988
Cold,154000,991,990,936,547,1,0.005565345
Cold,112274,731,730,936,547,1,0.015159687
Cold,92899,622,621,936,547,1,-0.004613718
Cold,129882,840,839,936,547,1,0.008241238
Cold,66333,444,443,936,547,1,0.0033152895
Cold,54988,362,361,936,547,0,-0.008536619
Cold,133602,864,863,936,547,0,-0.0006938258
Cold,12673,97,96,936,547,1,0.008011172
Cold,591735,3610,3609,936,547,0,0.00014678342
Cold,739340,4418,4417,936,547,1,0.003077156
Cold,420795,2544,2543,936,547,1,0.004906104
Cold,459089,2826,2825,936,547,1,0.008998172
Cold,111578,727,726,936,547,1,0.0039086863
Cold,171266,1088,1087,936,547,1,0.009083223
Cold,322086,1912,1911,936,547,0,0.0070663886
Cold,508128,3128,3127,936,547,1,0.016122878
Cold,52072,343,342,936,547,1,0.0010652915
Cold,223915,1355,1354,936,547,1,0.013646504
Cold,726344,4345,4344,938,548,0,0.00086682616
Cold,595489,3622,3621,938,548,1,0.0023189688
Cold,593374,3618,3617,938,548,1,0.0051375628
Cold,622572,3769,3768,938,548,1,-0.0070662377
Cold,588982,3592,3591,938,548,1,-0.011783965
Cold,580272,3544,3543,938,548,1,-0.0026032277
Cold,578990,3539,3538,938,548,1,-0.012421134
Cold,568047,3485,3484,938,548,1,-0.007055682
Cold,566632,3477,3476,938,548,1,-0.002130014
Cold,550871,3393,3392,938,548,0,-0.0040816586
Cold,554400,3411,3410,938,548,0,-0.0035811989
Cold,556169,3418,3417,938,548,0,-0.0050620474
Cold,526648,3259,3258,938,548,1,-0.009806522
Cold,522205,3224,3223,938,548,1,-0.008219301
Cold,521343,3217,3216,938,548,1,0.005030537
Cold,916592,5539,5538,938,548,0,-0.0045132386
Cold,509734,3140,3139,938,548,1,-0.0028948549
Cold,512596,3163,3162,938,548,1,-0.009301739
Cold,503768,3096,3095,938,548,1,-0.0010297573
Cold,768597,4579,4578,938,548,1,-0.01035936
Cold,545983,3367,3366,938,548,1,-0.003211332
Cold,493798,3032,3031,938,548,1,-0.006509179
Cold,738049,4411,4410,938,548,1,-0.009611071
Cold,491769,3025,3024,938,548,1,-0.0042475243
Cold,489471,3013,3012,938,548,1,-0.0010423362
Cold,533006,3292,3291,938,548,1,-0.0017090607
Cold,477861,2934,2933,938,548,0,-0.011416589
Cold,695820,4169,4168,938,548,1,-0.015927847
Cold,469167,2889,2888,938,548,0,0.0032817503
Cold,466619,2878,2877,938,548,0,-0.00848725
Cold,464519,2862,2861,938,548,0,-0.015203792
Cold,442346,2724,2723,938,548,0,-0.0025119828
Cold,440733,2698,2697,938,548,0,-0.0025448585
Cold,440791,2699,2698,938,548,1,-0.0056255064
Cold,427201,2593,2592,938,548,1,-0.003255223
Cold,418450,2529,2528,938,548,0,-0.008337347
Cold,406701,2442,2441,938,548,0,0.00038622698
Cold,396238,2343,2342,938,548,1,0.0018889687
Cold,395047,2334,2333,938,548,1,-0.006968117
Cold,390859,2294,2293,938,548,1,-0.0033880481
Cold,390631,2293,2292,938,548,0,-0.014995936
Cold,381228,2230,2229,938,548,0,0.0026253462
Cold,382717,2237,2236,938,548,1,-0.0021565668
Cold,377660,2205,2204,938,548,1,7.522758e-05
Cold,378645,2211,2210,938,548,0,-0.002485316
Cold,358053,2096,2095,938,548,1,-0.010963333
Cold,356988,2091,2090,938,548,1,-0.0020323498
Cold,345414,2026,2025,938,548,0,-0.004271334
Cold,340037,2006,2005,938,548,0,-0.0008833015
Cold,323062,1916,1915,938,548,0,-0.006558873
Cold,330499,1951,1950,938,548,1,-0.0062183514
Cold,302442,1796,1795,938,548,1,-0.011982822
Cold,284755,1699,1698,938,548,1,-0.0010724263
Cold,276046,1671,1670,938,548,0,-0.007151073
Cold,346068,2030,2029,938,548,1,0.00084205996
Cold,259307,1587,1586,938,548,1,-0.010636291
Cold,246038,1487,1486,938,548,1,-0.0012992576
Cold,228874,1387,1386,938,548,1,0.006289391
Cold,242610,1465,1464,938,548,1,-0.011517704
Cold,226582,1373,1372,938,548,0,-0.0011746014
Cold,319876,1899,1898,938,548,0,-0.012907079
Cold,218533,1325,1324,938,548,1,-0.011000376
Cold,217901,1322,1321,938,548,1,-0.0073892586
Cold,211990,1291,1290,938,548,1,-0.0043044565
Cold,209717,1281,1280,938,548,0,5.6555727e-05
Cold,591736,3610,3609,938,548,0,-0.01110667
Cold,322087,1912,1911,938,548,0,-0.0010813966
Cold,218241,1323,1322,938,548,1,-0.0072642835
Cold,168962,1072,1071,938,548,1,0.0010746755
Cold,190416,1181,1180,938,548,0,-0.008573776
Cold,157778,1015,1014,938,548,1,-0.0073597706
Cold,152840,984,983,938,548,1,-0.016483251
Cold,323651,1920,1919,938,548,1,-0.0050189197
Cold,167671,1068,1067,938,548,1,-0.008576626
Cold,144492,931,930,938,548,1,-0.0101895165
Cold,184885,1150,1149,938,548,0,-0.012293103
Cold,140157,899,898,938,548,1,-0.00809092
Cold,347260,2038,2037,938,548,1,-0.0018592048
Cold,318886,1896,1895,938,548,1,-0.0098377
Cold,141357,911,910,938,548,1,-0.008380953
Cold,134965,873,872,938,548,0,-0.0033990773
Cold,177902,1120,1119,938,548,1,-0.010431176
Cold,316613,1884,1883,938,548,1,-0.009303521
Cold,314002,1875,1874,938,548,1,-0.0049801148
Cold,110578,721,720,938,548,1,-0.0054891696
Cold,339091,1998,1997,938,548,1,-0.004876421
Cold,85217,556,555,938,548,1,-0.009997331
Cold,82066,544,543,938,548,1,-0.0017097718
Cold,228005,1383,1382,938,548,1,-0.012879418
Cold,69759,470,469,938,548,1,0.0011681579
Cold,76597,520,519,938,548,1,-0.012560496
Cold,337949,1988,1987,938,548,0,-0.008830744
Cold,39175,265,264,938,548,1,-0.0004255689
Cold,537729,3312,3311,938,548,0,-0.007862129
Cold,46769,314,313,938,548,1,-0.002447127
Cold,31863,216,215,938,548,0,-0.006407801
Cold,34634,235,234,938,548,0,-0.0022988648
Cold,25223,178,177,938,548,1,-0.01123037
Cold,23549,169,168,938,548,0,-0.01044563
Cold,10751,78,77,938,548,0,-0.012168685
Cold,4926,35,34,938,548,0,-0.0010912917
Cold,1019,10,9,938,548,1,-0.0008807867
Cold,11,1,0,938,548,1,-0.008376611
Cold,357247,2092,2091,938,548,0,-0.008186605
Cold,381924,2232,2231,938,548,1,-0.008155491
Cold,420796,2544,2543,938,548,1,-0.00395557
Cold,94546,635,634,938,548,1,-0.0023471469
Cold,49226,329,328,938,548,0,-0.0034740777
Cold,400247,2383,2382,938,548,1,-0.009857511
Cold,863828,5205,5204,938,548,0,-0.008471934
Cold,949160,5734,5733,938,548,1,-0.012299886
Cold,712723,4277,4276,938,548,0,0.0026199827
Cold,60569,411,410,938,548,1,-0.004632137
Cold,171267,1088,1087,938,548,1,-0.017856747
Cold,79121,531,530,938,548,0,-0.0054706796
Cold,327619,1941,1940,938,548,1,-0.018838705
Cold,958759,5787,5786,938,548,1,-0.004792002
Cold,441793,2715,2714,938,548,1,-0.005321398
Cold,978758,5902,5901,938,548,0,0.0015493557
Cold,841001,5054,5053,938,548,1,-0.006736709
Cold,18610,146,145,938,548,0,-0.002573346
Cold,52073,343,342,938,548,1,-0.0032874472
Cold,831887,5001,5000,938,548,1,-0.00525333
Cold,62581,424,423,938,548,1,-0.009251438
Cold,748207,4467,4466,938,548,1,-0.0111374315
Cold,8763,59,58,938,548,1,-0.012309339
Cold,222714,1348,1347,938,548,0,-0.007806248
Cold,456330,2810,2809,941,550,1,0.011648417
Cold,602409,3665,3664,941,550,0,0.0077022165
Cold,418460,2529,2528,941,550,1,0.010636136
Cold,394712,2330,2329,941,550,0,0.0014991078
Cold,390633,2293,2292,941,550,0,0.012181647
Cold,402904,2405,2404,941,550,0,0.0068527833
Cold,384018,2244,2243,941,550,1,0.0063884715
Cold,377673,2205,2204,941,550,1,0.009686217
Cold,373336,2180,2179,941,550,0,0.0033225315
Cold,364087,2121,2120,941,550,1,0.000552682
Cold,362092,2110,2109,941,550,0,0.0073721926
Cold,356266,2088,2087,941,550,1,0.012270654
Cold,352903,2067,2066,941,550,1,-0.00081638957
Cold,300187,1780,1779,941,550,0,0.008731956
Cold,266875,1619,1618,941,550,0,0.0033589632
Cold,346073,2030,2029,941,550,1,0.008600485
Cold,221110,1340,1339,941,550,0,0.010528133
Cold,208610,1274,1273,941,550,1,0.0038650339
Cold,208220,1273,1272,941,550,0,0.0061139246
Cold,192286,1184,1183,941,550,1,0.0035951117
Cold,198571,1220,1219,941,550,1,0.011156029
Cold,436165,2665,2664,941,550,0,0.0048175505
Cold,162180,1034,1033,941,550,1,0.004406141
Cold,152853,984,983,941,550,1,0.012491705
Cold,184909,1150,1149,941,550,0,0.011324922
Cold,147296,949,948,941,550,1,0.009580005
Cold,316622,1884,1883,941,550,1,0.0046850927
Cold,190444,1181,1180,941,550,1,0.013717345
Cold,80936,538,537,941,550,1,0.0121909315
Cold,70652,476,475,941,550,0,0.007834751
Cold,68561,461,460,941,550,1,0.014217077
Cold,57746,391,390,941,550,0,0.008133085
Cold,59364,403,402,941,550,1,0.0034076215
Cold,51783,340,339,941,550,1,0.009394463
Cold,43583,300,299,941,550,1,0.013234163
Cold,34428,233,232,941,550,0,0.0036352454
Cold,39761,270,269,941,550,1,0.0066638095
Cold,31884,216,215,941,550,1,0.008037221
Cold,30804,205,204,941,550,0,0.004593665
Cold,14817,118,117,941,550,1,-0.0023102877
Cold,11241,84,83,941,550,0,0.001280478
Cold,591747,3610,3609,941,550,0,0.005884524
Cold,335139,1978,1977,941,550,0,0.0055843377
Cold,327646,1941,1940,941,550,0,0.0055924514
Cold,473238,2909,2908,941,550,0,0.017724313
Cold,709445,4255,4254,943,552,1,0.006354091
Cold,704340,4224,4223,943,552,1,-0.0024491122
Cold,704911,4227,4226,943,552,1,0.0067930543
Cold,701945,4208,4207,943,552,1,0.0044992473
Cold,700298,4190,4189,943,552,1,0.0016343659
Cold,673963,4048,4047,943,552,1,0.016706565
Cold,675833,4054,4053,943,552,1,0.0064554987
Cold,721805,4322,4321,943,552,0,0.0012114013
Cold,693689,4155,4154,943,552,0,0.009516342
Cold,637764,3841,3840,943,552,1,0.015366948
Cold,625316,3779,3778,943,552,1,0.007780005
Cold,636770,3836,3835,943,552,1,0.0046324325
Cold,726349,4345,4344,943,552,1,0.0065267645
Cold,597512,3635,3634,943,552,0,-0.0021485332
Cold,587178,3586,3585,943,552,1,0.005098312
Cold,586929,3585,3584,943,552,0,0.004508773
Cold,585538,3576,3575,943,552,0,0.013891302
Cold,576073,3521,3520,943,552,1,0.013163185
Cold,566030,3476,3475,943,552,0,0.0050116554
Cold,695842,4169,4168,943,552,1,0.0027156125
Cold,559225,3435,3434,943,552,1,0.001880636
Cold,533027,3292,3291,943,552,1,0.0016638224
Cold,513894,3171,3170,943,552,1,0.009887468
Cold,506549,3118,3117,943,552,0,0.011970789
Cold,504688,3105,3104,943,552,1,-0.00031753955
Cold,545989,3367,3366,943,552,1,0.004056616
Cold,496196,3049,3048,943,552,1,0.0007366865
Cold,495237,3039,3038,943,552,1,0.0005457938
Cold,474606,2913,2912,943,552,0,0.0071956674
Cold,472336,2907,2906,943,552,1,0.0095973015
Cold,601548,3658,3657,943,552,1,-0.0021604963
Cold,645100,3885,3884,943,552,1,0.0038207336
Cold,463062,2857,2856,943,552,0,-0.0017004397
Cold,466633,2878,2877,943,552,1,0.019057518
Cold,455364,2804,2803,943,552,1,0.0078030033
Cold,435193,2659,2658,943,552,1,0.004490886
Cold,437371,2670,2669,943,552,1,0.0020627384
Cold,433509,2643,2642,943,552,1,0.0011823601
Cold,418462,2529,2528,943,552,0,-0.0049278773
Cold,404979,2423,2422,943,552,1,-0.0029651595
Cold,400259,2383,2382,943,552,1,0.014455846
Cold,394657,2329,2328,943,552,1,0.0032234797
Cold,393054,2309,2308,943,552,1,-0.003162585
Cold,390635,2293,2292,943,552,1,0.016976792
Cold,387187,2264,2263,943,552,1,0.0015732186
Cold,382235,2233,2232,943,552,1,-0.0073125055
Cold,364089,2121,2120,943,552,0,0.002764544
Cold,364575,2124,2123,943,552,1,0.00021570874
Cold,352905,2067,2066,943,552,1,-0.00080532674
Cold,353654,2072,2071,943,552,1,-0.0050461562
Cold,375467,2188,2187,943,552,0,-0.0026886356
Cold,346576,2031,2030,943,552,0,0.011599338
Cold,343515,2018,2017,943,552,1,-0.0072192606
Cold,292128,1741,1740,943,552,1,0.0126661435
Cold,217908,1322,1321,943,552,1,0.011020426
Cold,208612,1274,1273,943,552,1,0.0029161896
Cold,312214,1861,1860,943,552,1,0.0065739313
Cold,203411,1247,1246,943,552,1,-0.00023550121
Cold,183071,1141,1140,943,552,1,0.007145487
Cold,316134,1883,1882,943,552,1,0.00086312625
Cold,177448,1119,1118,943,552,1,-0.00029888935
Cold,327649,1941,1940,943,552,1,0.0113449395
Cold,166310,1059,1058,943,552,0,0.019000009
Cold,168826,1071,1070,943,552,1,-0.00506398
Cold,190449,1181,1180,943,552,1,0.008901429
Cold,152854,984,983,943,552,1,0.004427518
Cold,144496,931,930,943,552,1,-0.007523871
Cold,184912,1150,1149,943,552,0,0.004929143
Cold,162183,1034,1033,943,552,1,0.0038552447
Cold,137820,889,888,943,552,1,0.0067833117
Cold,127640,824,823,943,552,1,0.00858775
Cold,123676,797,796,943,552,1,-0.0010996016
Cold,122886,793,792,943,552,0,0.014313508
Cold,117797,759,758,943,552,1,0.01048141
Cold,112283,731,730,943,552,1,0.009592519
Cold,94549,635,634,943,552,1,-0.0057081305
Cold,228022,1383,1382,943,552,1,0.009665725
Cold,85219,556,555,943,552,1,0.0026233094
Cold,82779,549,548,943,552,1,0.011207837
Cold,238614,1448,1447,943,552,0,0.0054587657
Cold,69976,473,472,943,552,1,0.0012303144
Cold,51784,340,339,943,552,1,-0.0023817332
Cold,60582,411,410,943,552,0,0.009844395
Cold,45541,307,306,943,552,1,-0.004596285
Cold,177916,1120,1119,943,552,1,0.01155438
Cold,36312,245,244,943,552,0,0.007178736
Cold,31887,216,215,943,552,1,0.010934202
Cold,30805,205,204,943,552,1,0.0015532646
Cold,21778,158,157,943,552,1,-0.0058801863
Cold,19267,148,147,943,552,1,0.015288087
Cold,12677,97,96,943,552,1,0.001980356
Cold,123294,796,795,943,552,0,-0.0024271295
Cold,591750,3610,3609,943,552,0,0.010426964
Cold,6345,45,44,943,552,0,0.0040412187
Cold,1037,10,9,943,552,1,0.0068431664
Cold,339094,1998,1997,943,552,1,0.005574301
Cold,522229,3224,3223,943,552,1,0.008428572
Cold,734183,4387,4386,943,552,0,0.0013468333
Cold,454488,2796,2795,943,552,0,0.02047757
Cold,307025,1834,1833,943,552,1,0.0032423423
Cold,357259,2092,2091,943,552,1,0.0045198947
Cold,499151,3067,3066,943,552,1,0.005999348
Cold,495126,3038,3037,943,552,1,0.004753124
Cold,22776,164,163,943,552,1,0.007843502
Cold,420809,2544,2543,943,552,1,0.0015918855
Cold,657406,3963,3962,943,552,1,0.0010932827
Cold,13122,102,101,943,552,1,-7.925648e-05
Cold,76286,518,517,943,552,1,0.0010454641
Cold,171287,1088,1087,943,552,1,-0.0019221839
Cold,8765,59,58,943,552,0,0.00933584
Cold,272033,1645,1644,943,552,1,0.0028342172
Cold,177449,1119,1118,944,553,1,0.00545575
Cold,167681,1068,1067,944,553,1,-0.0011629579
Cold,327650,1941,1940,944,553,0,0.0030448479
Cold,162184,1034,1033,944,553,1,-0.0049319714
Cold,190450,1181,1180,944,553,0,0.001152057
Cold,137821,889,888,944,553,0,-0.00913715
Cold,318891,1896,1895,944,553,1,0.005159212
Cold,322101,1912,1911,944,553,1,-0.0010419197
Cold,134034,869,868,944,553,0,0.0076186913
Cold,103782,690,689,944,553,1,-0.00019531976
Cold,101629,677,676,944,553,1,-0.0049066767
Cold,98100,656,655,944,553,1,-0.0019096546
Cold,90359,597,596,944,553,0,0.0026108525
Cold,82780,549,548,944,553,1,0.0019941302
Cold,83899,550,549,944,553,1,0.0052937046
Cold,66974,451,450,944,553,1,0.002656641
Cold,257441,1579,1578,944,553,0,-0.0060536084
Cold,36313,245,244,944,553,1,0.0025708117
Cold,35225,238,237,944,553,0,-0.0016749068
Cold,31888,216,215,944,553,1,-0.009605983
Cold,269733,1635,1634,944,553,1,-0.0061789714
Cold,27976,195,194,944,553,1,-0.008537283
Cold,12678,97,96,944,553,1,-0.0073954975
Cold,123295,796,795,944,553,0,0.0053039603
Cold,591751,3610,3609,944,553,0,0.0039697206
Cold,437208,2669,2668,944,553,0,0.0043436754
Cold,19268,148,147,944,553,0,-0.001349024
Cold,181867,1137,1136,944,553,1,-0.0054829763
Cold,316624,1884,1883,944,553,1,0.0030313088
Cold,337957,1988,1987,944,553,1,0.0016942588
Cold,801303,4802,4801,944,553,1,-0.0040848316
Cold,357260,2092,2091,944,553,0,0.008218351
Cold,208613,1274,1273,944,553,1,0.0033386908
Cold,420810,2544,2543,944,553,0,0.0015592277
Cold,276058,1671,1670,944,553,1,0.0017651175
Cold,916602,5539,5538,944,553,1,-0.018933775
Cold,171288,1088,1087,944,553,1,0.005013249
Cold,649650,3916,3915,946,555,1,-0.010753232
Cold,640962,3853,3852,946,555,1,-0.0020971051
Cold,617396,3737,3736,946,555,0,-0.0032355431
Cold,670109,4028,4027,946,555,0,0.00135891
Cold,595147,3621,3620,946,555,0,-0.0008971831
Cold,728043,4354,4353,946,555,1,-0.004316254
Cold,573809,3513,3512,946,555,0,-0.00738392
Cold,566032,3476,3475,946,555,1,-0.011000261
Cold,565126,3474,3473,946,555,1,0.0009777438
Cold,563600,3469,3468,946,555,1,-0.0020559507
Cold,695846,4169,4168,946,555,1,-0.0027934755
Cold,551153,3394,3393,946,555,0,-0.0019601823
Cold,552872,3402,3401,946,555,1,-0.0105064595
Cold,533030,3292,3291,946,555,1,3.8774335e-05
Cold,527249,3261,3260,946,555,1,-0.008625231
Cold,508134,3128,3127,946,555,1,-0.0055055576
Cold,506553,3118,3117,946,555,1,-0.0057779383
Cold,768607,4579,4578,946,555,1,-0.007840997
Cold,495238,3039,3038,946,555,1,0.0032051257
Cold,493819,3032,3031,946,555,1,-0.010625512
Cold,476669,2928,2927,946,555,1,-0.0051563624
Cold,461990,2849,2848,946,555,1,-0.006977098
Cold,457676,2820,2819,946,555,0,-0.0050846827
Cold,447817,2761,2760,946,555,1,-0.0059211976
Cold,443026,2731,2730,946,555,0,-0.005415531
Cold,438549,2680,2679,946,555,1,-0.005384438
Cold,429034,2611,2610,946,555,1,-0.0030397363
Cold,446730,2753,2752,946,555,0,-0.00989465
Cold,418464,2529,2528,946,555,1,-0.009986911
Cold,405415,2428,2427,946,555,1,0.0024941596
Cold,403098,2407,2406,946,555,0,-0.0024152412
Cold,412031,2478,2477,946,555,1,-0.008004783
Cold,397579,2355,2354,946,555,1,0.003059205
Cold,390637,2293,2292,946,555,1,-0.0037295807
Cold,388039,2271,2270,946,555,1,-0.006052375
Cold,380712,2225,2224,946,555,1,-0.002974441
Cold,381542,2231,2230,946,555,1,-0.002273686
Cold,372407,2175,2174,946,555,0,0.0012553256
Cold,364090,2121,2120,946,555,1,-0.0017606001
Cold,357261,2092,2091,946,555,0,-0.015458532
Cold,347267,2038,2037,946,555,1,-0.0053865323
Cold,373833,2181,2180,946,555,1,-0.0074282056
Cold,346577,2031,2030,946,555,1,-0.007896226
Cold,345423,2026,2025,946,555,1,-0.004646266
Cold,346077,2030,2029,946,555,1,0.004127411
Cold,343517,2018,2017,946,555,1,-0.009534045
Cold,335072,1977,1976,946,555,1,-0.004712157
Cold,320982,1903,1902,946,555,1,-0.0065223556
Cold,323070,1916,1915,946,555,0,-0.004213715
Cold,319895,1899,1898,946,555,1,-0.0063986233
Cold,286213,1709,1708,946,555,0,-0.0022158134
Cold,283440,1697,1696,946,555,1,-0.0052599544
Cold,293595,1748,1747,946,555,0,-0.001539352
Cold,275402,1667,1666,946,555,0,-0.0080182925
Cold,284760,1699,1698,946,555,1,-0.0026328177
Cold,292130,1741,1740,946,555,1,-0.0013077623
Cold,289197,1727,1726,946,555,1,-0.005619141
Cold,250168,1507,1506,946,555,1,0.0017644207
Cold,230738,1396,1395,946,555,0,-0.0011509834
Cold,228025,1383,1382,946,555,1,0.000794129
Cold,217911,1322,1321,946,555,1,-0.0038083468
Cold,208222,1273,1272,946,555,1,-0.0028571037
Cold,192102,1183,1182,946,555,1,-0.0008693506
Cold,189955,1179,1178,946,555,1,-0.0071704006
Cold,316136,1883,1882,946,555,1,-0.010499755
Cold,184915,1150,1149,946,555,0,-0.0021343543
Cold,182672,1140,1139,946,555,1,-0.005343005
Cold,176491,1116,1115,946,555,1,-0.005832945
Cold,173516,1100,1099,946,555,0,-0.0058962815
Cold,190453,1181,1180,946,555,0,-0.01006604
Cold,137824,889,888,946,555,1,0.002723523
Cold,159843,1019,1018,946,555,1,-0.0050842324
Cold,374752,2185,2184,946,555,1,-0.0029964999
Cold,124171,800,799,946,555,1,-0.008991405
Cold,112285,731,730,946,555,1,-0.008180095
Cold,89132,588,587,946,555,1,-0.008114655
Cold,86481,566,565,946,555,0,-0.011694041
Cold,57748,391,390,946,555,1,-0.0015046161
Cold,66976,451,450,946,555,1,-0.004925563
Cold,47311,319,318,946,555,0,0.0006452822
Cold,45830,308,307,946,555,1,-0.0066090073
Cold,27516,193,192,946,555,0,-0.0022415658
Cold,34646,235,234,946,555,1,-0.0060936976
Cold,12680,97,96,946,555,1,-0.008298684
Cold,591754,3610,3609,946,555,0,0.003211887
Cold,4163,31,30,946,555,0,-0.0023335556
Cold,974897,5880,5879,946,555,0,-0.011890497
Cold,445780,2749,2748,946,555,0,-0.009466516
Cold,18230,140,139,946,555,1,-0.0028328751
Cold,208615,1274,1273,946,555,1,-0.0035891687
Cold,958765,5787,5786,946,555,1,-0.014479937
Cold,460554,2841,2840,946,555,1,-0.011520866
Cold,41312,279,278,946,555,0,0.00020666537
Cold,127220,822,821,946,555,1,-0.005618737
Cold,657408,3963,3962,946,555,0,-0.00852176
Cold,699574,4186,4185,946,555,1,-0.0074410816
Cold,587699,3589,3588,946,555,0,-0.009725047
Cold,831890,5001,5000,946,555,1,-0.0015225228
Cold,322103,1912,1911,946,555,0,-0.0069753835
Cold,583217,3562,3561,946,555,1,-0.0036021527
Cold,339096,1998,1997,946,555,0,-0.00966646
Cold,681277,4083,4082,947,556,0,0.006388773
Cold,669301,4023,4022,947,556,1,0.0020042113
Cold,668259,4021,4020,947,556,1,0.0030794302
Cold,758379,4510,4509,947,556,1,-0.00029322016
Cold,660164,3979,3978,947,556,1,-0.009115542
Cold,783951,4682,4681,947,556,1,0.008412883
Cold,637767,3841,3840,947,556,0,0.0063935323
Cold,670110,4028,4027,947,556,0,0.009737197
Cold,589577,3596,3595,947,556,1,0.0063581066
Cold,695847,4169,4168,947,556,1,0.011730469
Cold,574172,3515,3514,947,556,1,0.001093752
Cold,580414,3546,3545,947,556,0,-0.003414274
Cold,568682,3490,3489,947,556,1,0.011549229
Cold,552873,3402,3401,947,556,1,0.0041415337
Cold,551154,3394,3393,947,556,1,0.01081782
Cold,556172,3418,3417,947,556,1,0.0040832376
Cold,544323,3356,3355,947,556,1,0.0035880357
Cold,541199,3329,3328,947,556,1,0.002783533
Cold,533031,3292,3291,947,556,1,0.0057396255
Cold,526316,3254,3253,947,556,1,-0.0013646906
Cold,526176,3253,3252,947,556,1,0.0012315793
Cold,513442,3167,3166,947,556,1,0.0072524054
Cold,506554,3118,3117,947,556,1,0.0022046715
Cold,768608,4579,4578,947,556,1,0.0029356324
Cold,657409,3963,3962,947,556,0,0.00821515
Cold,491772,3025,3024,947,556,1,0.00055195694
Cold,530584,3278,3277,947,556,1,-0.0033919096
Cold,461991,2849,2848,947,556,1,0.0077768303
Cold,459095,2826,2825,947,556,1,0.0072690053
Cold,457677,2820,2819,947,556,0,0.008503921
Cold,455750,2807,2806,947,556,1,0.0047018602
Cold,453509,2793,2792,947,556,1,0.009977426
Cold,447818,2761,2760,947,556,1,0.004724632
Cold,458466,2822,2821,947,556,1,-0.001260027
Cold,446731,2753,2752,947,556,1,0.014355379
Cold,442049,2719,2718,947,556,1,0.0061410777
Cold,435194,2659,2658,947,556,1,0.007625602
Cold,431859,2631,2630,947,556,1,0.00816896
Cold,616612,3732,3731,947,556,0,0.005795137
Cold,403099,2407,2406,947,556,1,0.0027391994
Cold,707778,4241,4240,947,556,1,-0.0015684523
Cold,397580,2355,2354,947,556,1,0.0056939945
Cold,400262,2383,2382,947,556,1,0.008810183
Cold,393222,2310,2309,947,556,1,0.009700138
Cold,390638,2293,2292,947,556,1,0.005259904
Cold,388040,2271,2270,947,556,1,0.011277886
Cold,383444,2241,2240,947,556,1,0.0026300396
Cold,382236,2233,2232,947,556,1,0.004740507
Cold,363573,2117,2116,947,556,1,-0.007163817
Cold,373834,2181,2180,947,556,1,0.009571167
Cold,346078,2030,2029,947,556,1,0.007122754
Cold,334453,1974,1973,947,556,1,0.0036992957
Cold,323071,1916,1915,947,556,0,0.0058266525
Cold,319896,1899,1898,947,556,1,0.0056303544
Cold,313889,1874,1873,947,556,0,-0.0017011021
Cold,305747,1820,1819,947,556,1,0.0016848211
Cold,302637,1797,1796,947,556,1,0.0043858206
Cold,301489,1791,1790,947,556,0,0.005392178
Cold,293596,1748,1747,947,556,1,0.011187832
Cold,284761,1699,1698,947,556,1,0.004496459
Cold,268451,1631,1630,947,556,1,0.006123293
Cold,268821,1632,1631,947,556,0,0.009231716
Cold,250169,1507,1506,947,556,0,0.007848594
Cold,631353,3821,3820,947,556,0,0.011031861
Cold,246183,1489,1488,947,556,0,0.008444694
Cold,228881,1387,1386,947,556,1,0.011665522
Cold,219399,1330,1329,947,556,1,0.002122698
Cold,217912,1322,1321,947,556,1,0.0020384807
Cold,221113,1340,1339,947,556,1,0.005853587
Cold,208223,1273,1272,947,556,1,0.0012264685
Cold,189956,1179,1178,947,556,0,0.006748676
Cold,184271,1147,1146,947,556,1,0.004390009
Cold,316137,1883,1882,947,556,0,0.011231683
Cold,184916,1150,1149,947,556,0,0.0042595
Cold,182673,1140,1139,947,556,1,0.0010309904
Cold,190454,1181,1180,947,556,1,0.008171462
Cold,327653,1941,1940,947,556,1,0.010339015
Cold,272034,1645,1644,947,556,1,0.006971395
Cold,162186,1034,1033,947,556,1,0.001883507
Cold,157802,1015,1014,947,556,1,0.019932568
Cold,152856,984,983,947,556,1,-6.4036576e-05
Cold,144498,931,930,947,556,1,0.005360283
Cold,137825,889,888,947,556,1,0.002534806
Cold,131000,850,849,947,556,1,-0.007611616
Cold,374753,2185,2184,947,556,1,0.007370919
Cold,127902,825,824,947,556,0,-1.4796853e-05
Cold,125355,806,805,947,556,1,-0.0027787457
Cold,124172,800,799,947,556,1,0.009528704
Cold,154001,991,990,947,556,1,0.0051442576
Cold,332158,1960,1959,947,556,1,0.0039778138
Cold,112286,731,730,947,556,1,0.009756089
Cold,120113,776,775,947,556,1,-0.0012057263
Cold,114203,743,742,947,556,0,0.010291145
Cold,316626,1884,1883,947,556,1,0.0025269971
Cold,98101,656,655,947,556,0,0.0077974754
Cold,80853,537,536,947,556,1,0.011332892
Cold,69443,466,465,947,556,1,0.0017129265
Cold,66977,451,450,947,556,1,0.0050783926
Cold,412032,2478,2477,947,556,0,0.007126892
Cold,39937,271,270,947,556,1,0.004237244
Cold,34647,235,234,947,556,1,0.00078877015
Cold,481631,2962,2961,947,556,0,-0.0019924422
Cold,13522,107,106,947,556,0,0.0044350396
Cold,136018,879,878,947,556,1,-0.00069633673
Cold,12681,97,96,947,556,1,0.007776971
Cold,11742,91,90,947,556,1,0.0077567124
Cold,591755,3610,3609,947,556,0,-0.0015502549
Cold,420812,2544,2543,947,556,0,0.004139119
Cold,4165,31,30,947,556,1,0.01545801
Cold,3810,27,26,947,556,1,0.0034722257
Cold,94550,635,634,947,556,1,0.0056685526
Cold,216815,1317,1316,947,556,1,0.0064840456
Cold,108472,711,710,947,556,1,-0.002765904
Cold,854162,5125,5124,947,556,1,0.011281628
Cold,739344,4418,4417,947,556,1,0.009744888
Cold,966572,5831,5830,947,556,1,0.012577852
Cold,171291,1088,1087,947,556,1,0.009134317
Cold,312216,1861,1860,947,556,1,0.005460873
Cold,50589,333,332,947,556,1,-0.0021039895
Cold,232502,1413,1412,947,556,1,0.004820631
Cold,473244,2909,2908,947,556,0,0.01267406
Cold,322104,1912,1911,947,556,0,0.004683581
Cold,823227,4950,4949,947,556,1,0.00211599
Cold,820859,4934,4933,947,556,0,0.0019423496
Cold,208616,1274,1273,947,556,1,0.00797872
Cold,958766,5787,5786,947,556,1,0.0027794912
Cold,876946,5300,5299,947,556,1,-0.0006093654
Cold,891425,5387,5386,947,556,1,0.0024327743
Cold,502452,3084,3083,948,557,0,0.0039881077
Cold,768609,4579,4578,948,557,1,-0.0038611563
Cold,502812,3087,3086,948,557,1,0.0024147532
Cold,545990,3367,3366,948,557,1,-0.0035918662
Cold,484084,2978,2977,948,557,0,0.0073962985
Cold,477873,2934,2933,948,557,0,-0.008370416
Cold,695848,4169,4168,948,557,0,0.001667573
Cold,469171,2889,2888,948,557,1,-0.0009289527
Cold,466635,2878,2877,948,557,0,0.010783285
Cold,459756,2834,2833,948,557,1,0.00551877
Cold,457678,2820,2819,948,557,0,-0.0010666435
Cold,438243,2679,2678,948,557,1,0.0020626478
Cold,412508,2483,2482,948,557,0,0.0071275784
Cold,414444,2496,2495,948,557,1,-0.0015283609
Cold,398182,2368,2367,948,557,1,-0.0017291392
Cold,395052,2334,2333,948,557,1,0.0043813568
Cold,383445,2241,2240,948,557,1,-0.0046071867
Cold,377679,2205,2204,948,557,0,0.008325499
Cold,352906,2067,2066,948,557,0,0.004186836
Cold,268822,1632,1631,948,557,0,0.006693827
Cold,256630,1569,1568,948,557,1,0.016889017
Cold,346079,2030,2029,948,557,1,0.0039499756
Cold,350641,2059,2058,948,557,0,0.003781012
Cold,242622,1465,1464,948,557,1,-0.000771713
Cold,325221,1926,1925,948,557,1,0.0075695617
Cold,188528,1170,1169,948,557,1,0.006280858
Cold,327654,1941,1940,948,557,1,0.01256544
Cold,162187,1034,1033,948,557,1,0.0030150255
Cold,337958,1988,1987,948,557,0,0.00093995803
Cold,323662,1920,1919,948,557,1,0.008699363
Cold,221114,1340,1339,948,557,0,0.00017709169
Cold,137826,889,888,948,557,0,-0.0018686475
Cold,131001,850,849,948,557,1,0.008333696
Cold,124421,801,800,948,557,1,0.0021515586
Cold,115879,752,751,948,557,1,0.0077427537
Cold,778805,4653,4652,948,557,1,-0.005648912
Cold,94839,637,636,948,557,1,0.004694747
Cold,283899,1698,1697,948,557,1,0.00079484365
Cold,88295,583,582,948,557,1,0.007116223
Cold,190455,1181,1180,948,557,0,8.259155e-05
Cold,82782,549,548,948,557,1,-0.0018115464
Cold,51656,339,338,948,557,1,0.0038509856
Cold,48460,326,325,948,557,0,0.0024888252
Cold,46774,314,313,948,557,1,-0.006554203
Cold,39764,270,269,948,557,1,0.010255972
Cold,23566,169,168,948,557,1,0.0030730837
Cold,23031,166,165,948,557,1,0.0066459323
Cold,18619,146,145,948,557,0,0.006424966
Cold,234749,1425,1424,948,557,1,-0.0010906415
Cold,4938,35,34,948,557,0,-0.0077788713
Cold,15458,123,122,948,557,1,0.0039122635
Cold,552106,3401,3400,948,557,0,-0.0028189304
Cold,129187,839,838,948,557,1,0.0055596246
Cold,289672,1729,1728,948,557,0,0.0013538015
Cold,157803,1015,1014,948,557,1,0.002946557
Cold,316627,1884,1883,948,557,1,0.0057313964
Cold,934616,5643,5642,948,557,1,0.0044886265
Cold,339097,1998,1997,948,557,1,0.0071941717
Cold,50590,333,332,948,557,0,0.0007031134
Cold,607624,3688,3687,948,557,1,0.004253671
Cold,171292,1088,1087,948,557,1,0.0006544406
Cold,335512,1980,1979,948,557,1,-0.00051408703
Cold,570930,3503,3502,948,557,1,-0.0033189445
Cold,159844,1019,1018,948,557,0,0.004845957
Cold,841011,5054,5053,948,557,1,-0.0022576903
Cold,322105,1912,1911,948,557,0,0.00080467295
Cold,62601,424,423,948,557,1,0.010042932
Cold,821539,4940,4939,948,557,1,0.016334658
Cold,825484,4958,4957,948,557,0,-0.0042278008
Cold,893809,5397,5396,948,557,1,8.729333e-05
Cold,243733,1470,1469,973,569,0,0.0029579394
Cold,162212,1034,1033,973,569,1,-0.0038416074
Cold,159119,1017,1016,973,569,0,0.00083866273
Cold,190530,1181,1180,973,569,1,-0.0053541646
Cold,199310,1224,1223,973,569,1,0.0031110903
Cold,137896,889,888,973,569,1,0.0034150833
Cold,374768,2185,2184,973,569,1,-0.0068241633
Cold,118664,767,766,973,569,1,-0.0004446578
Cold,106670,702,701,973,569,1,0.001823592
Cold,18657,146,145,973,569,0,-0.005684439
Cold,61778,415,414,973,569,1,-0.00032566302
Cold,12700,97,96,973,569,1,-0.003786324
Cold,123315,796,795,973,569,1,-0.00471035
Cold,10965,81,80,973,569,1,0.0026444579
Cold,9808,67,66,973,569,1,-0.00018480251
Cold,591792,3610,3609,973,569,0,-0.0017875623
Cold,552136,3401,3400,973,569,1,-0.002441987
Cold,916620,5539,5538,973,569,1,0.0025926123
Cold,89157,588,587,973,569,1,-0.008642534
Cold,628524,3807,3806,973,569,1,-0.0061569987
Cold,499193,3067,3066,973,569,1,-0.003160632
Cold,793962,4748,4747,973,569,0,0.007165421
Cold,264096,1607,1606,978,570,0,0.0039924635
Cold,256518,1567,1566,978,570,1,0.011056884
Cold,294185,1749,1748,978,570,1,0.0051280637
Cold,631393,3821,3820,978,570,1,0.0045898855
Cold,273674,1650,1649,978,570,1,-0.0035517027
Cold,283939,1698,1697,978,570,1,0.007148275
Cold,208239,1273,1272,978,570,1,0.002409698
Cold,207306,1267,1266,978,570,1,-0.0072514834
Cold,187141,1161,1160,978,570,1,0.0007969105
Cold,182692,1140,1139,978,570,1,0.012340197
Cold,190532,1181,1180,978,570,1,0.0023873118
Cold,162214,1034,1033,978,570,0,-0.001779099
Cold,137899,889,888,978,570,1,0.005213833
Cold,108478,711,710,978,570,1,-0.0038775045
Cold,626555,3792,3791,978,570,0,0.0021798862
Cold,176757,1117,1116,978,570,1,0.004754103
Cold,208643,1274,1273,978,570,1,0.0014897194
Cold,34679,235,234,978,570,1,0.0012655588
Cold,133613,864,863,978,570,0,0.002284043
Cold,10966,81,80,978,570,1,0.00048604503
Cold,591795,3610,3609,978,570,0,0.0028511547
Cold,8789,59,58,978,570,0,0.005013882
Cold,23611,169,168,978,570,0,0.0064595602
Cold,166336,1059,1058,978,570,0,0.0015733102
Cold,457716,2820,2819,978,570,0,0.0063213366
Cold,739356,4418,4417,978,570,1,0.0027010762
Cold,412040,2478,2477,978,570,0,0.007663614
Cold,605136,3679,3678,978,570,0,-0.0011347574
Cold,284776,1699,1698,978,570,1,0.00777292
Cold,934648,5643,5642,978,570,0,0.0015781478
Cold,901377,5450,5449,978,570,1,0.0103944875
Cold,164318,1051,1050,978,570,1,0.009534919
Cold,804021,4815,4814,978,570,1,-0.001287406
Cold,633004,3824,3823,978,570,1,-0.0065268846
Cold,983974,5948,5947,978,570,1,-0.006633101
Cold,322152,1912,1911,978,570,0,-0.004024926
Cold,916621,5539,5538,978,570,1,0.0032339022
Cold,460572,2841,2840,978,570,1,0.00089240307
Cold,18658,146,145,978,570,1,0.00793606
Cold,900934,5448,5447,978,570,0,0.0035510052
Cold,182695,1140,1139,982,571,0,-0.0038873623
Cold,177465,1119,1118,982,571,1,-0.00870103
Cold,166932,1062,1061,982,571,1,-0.0044817193
Cold,131031,850,849,982,571,1,-0.003913939
Cold,412042,2478,2477,982,571,0,0.0053458875
Cold,198126,1218,1217,982,571,1,-0.0018624112
Cold,92694,621,620,982,571,1,0.004022659
Cold,46809,314,313,982,571,1,-0.004909079
Cold,103,2,1,982,571,1,0.0012394898
Cold,15535,123,122,982,571,0,-0.0019112944
Cold,157884,1015,1014,982,571,0,0.001496016
Cold,680539,4079,4078,982,571,1,-0.0033509824
Cold,293629,1748,1747,982,571,0,-0.0017643899
Cold,768630,4579,4578,982,571,0,-0.0025305701
Cold,50613,333,332,982,571,0,-0.0012037847
Cold,102024,678,677,982,571,1,-0.0011026924
Cold,171364,1088,1087,982,571,1,-0.0028459523
Cold,841029,5054,5053,982,571,1,-0.012114009
Cold,322158,1912,1911,982,571,0,-0.0020759678
Cold,384654,2247,2246,982,571,1,0.0014496567
Cold,433534,2643,2642,982,571,0,0.00046124752
Cold,638951,3842,3841,988,573,0,-0.0060408236
Cold,828584,4979,4978,988,573,0,-0.0060123494
Cold,960236,5792,5791,988,573,1,0.00015229406
Cold,164333,1051,1050,988,573,1,0.0008887921
Cold,34690,235,234,988,573,1,0.00048509566
Cold,187521,1164,1163,988,573,0,-0.005687766
Cold,215423,1306,1305,988,573,1,-0.0018130806
Cold,159889,1019,1018,988,573,0,-0.008029199
Cold,877382,5302,5301,988,573,1,-0.001535029
Cold,561168,3453,3452,991,574,0,0.00075255975
Cold,561872,3457,3456,991,574,0,-0.007870634
Cold,558451,3430,3429,991,574,0,-0.009898653
Cold,557594,3425,3424,991,574,0,-0.009012309
Cold,576944,3526,3525,991,574,0,0.004164132
Cold,539778,3320,3319,991,574,1,-0.005250224
Cold,534300,3299,3298,991,574,1,-0.001130461
Cold,532600,3289,3288,991,574,1,0.00036790565
Cold,533105,3292,3291,991,574,1,0.0017541884
Cold,532002,3285,3284,991,574,0,-0.0020436007
Cold,526680,3259,3258,991,574,1,-0.0016741869
Cold,525571,3246,3245,991,574,0,-0.0032057862
Cold,530867,3280,3279,991,574,0,-0.0037068585
Cold,522310,3224,3223,991,574,0,0.0014238995
Cold,512076,3159,3158,991,574,1,-0.003568907
Cold,993820,6002,6001,991,574,1,-0.0038157061
Cold,738079,4411,4410,991,574,1,-0.005704652
Cold,505554,3110,3109,991,574,0,-0.0021628775
Cold,505050,3108,3107,991,574,0,0.006729083
Cold,492564,3029,3028,991,574,1,-0.0015278588
Cold,474630,2913,2912,991,574,0,0.0026813785
Cold,473337,2909,2908,991,574,1,-0.0046836613
Cold,463109,2857,2856,991,574,0,0.0009298236
Cold,453560,2793,2792,991,574,1,-0.00663889
Cold,453226,2792,2791,991,574,1,0.010401901
Cold,442143,2720,2719,991,574,0,-0.0064777513
Cold,695952,4169,4168,991,574,0,0.00432962
Cold,435746,2664,2663,991,574,1,-0.0038562878
Cold,432582,2638,2637,991,574,1,-0.0052164625
Cold,430434,2624,2623,991,574,1,-0.001018747
Cold,422448,2559,2558,991,574,1,0.009230604
Cold,408054,2453,2452,991,574,1,-0.0027031915
Cold,398975,2376,2375,991,574,0,0.0025661504
Cold,398199,2368,2367,991,574,0,0.0031350842
Cold,391561,2303,2302,991,574,1,-0.0017398465
Cold,388068,2271,2270,991,574,1,-0.006352012
Cold,386552,2261,2260,991,574,1,0.00051497924
Cold,362800,2116,2115,991,574,0,0.001365168
Cold,359266,2102,2101,991,574,0,-0.0052691326
Cold,350095,2055,2054,991,574,0,-0.005556173
Cold,335601,1980,1979,991,574,0,0.0057796207
Cold,312241,1861,1860,991,574,0,0.0012047035
Cold,315030,1880,1879,991,574,0,-0.0056004096
Cold,293639,1748,1747,991,574,0,0.002075824
Cold,241033,1451,1450,991,574,1,-0.00070978026
Cold,230284,1393,1392,991,574,1,-0.00027145538
Cold,228894,1387,1386,991,574,0,0.0054927273
Cold,218795,1327,1326,991,574,0,0.008567808
Cold,205079,1262,1261,991,574,1,-0.0044619017
Cold,258718,1585,1584,991,574,1,0.005277992
Cold,213328,1298,1297,991,574,1,0.0043085776
Cold,278810,1680,1679,991,574,0,0.0015458617
Cold,196019,1205,1204,991,574,1,-0.013348569
Cold,193134,1193,1192,991,574,1,0.0027026297
Cold,219746,1333,1332,991,574,0,-0.0037925513
Cold,338003,1988,1987,991,574,1,0.0049946923
Cold,188870,1172,1171,991,574,1,-0.020299086
Cold,210688,1285,1284,991,574,0,0.0010243224
Cold,307268,1835,1834,991,574,1,-0.009379532
Cold,181416,1134,1133,991,574,1,1.4750054e-05
Cold,180191,1128,1127,991,574,0,-0.001201754
Cold,229187,1389,1388,991,574,1,0.0018359827
Cold,168284,1069,1068,991,574,1,0.00042218168
Cold,275020,1666,1665,991,574,1,0.002060691
Cold,319941,1899,1898,991,574,0,-0.004881588
Cold,152911,984,983,991,574,1,-0.008919371
Cold,157909,1015,1014,991,574,0,-0.0036423458
Cold,249178,1502,1501,991,574,1,0.0052897427
Cold,235944,1428,1427,991,574,0,-0.00550238
Cold,156632,1010,1009,991,574,1,0.0035191784
Cold,139358,891,890,991,574,0,0.010313433
Cold,137934,889,888,991,574,0,1.6773585e-05
Cold,141401,911,910,991,574,1,0.009718417
Cold,136355,881,880,991,574,1,-0.00057576876
Cold,263087,1605,1604,991,574,1,0.0023331433
Cold,778825,4653,4652,991,574,0,-0.0046393466
Cold,98643,660,659,991,574,1,0.00016410276
Cold,104181,692,691,991,574,0,-0.0044395756
Cold,89973,593,592,991,574,1,-0.009967879
Cold,432073,2634,2633,991,574,0,-0.0033430997
Cold,190571,1181,1180,991,574,0,-0.00059125014
Cold,233956,1422,1421,991,574,0,0.0029779742
Cold,80526,534,533,991,574,1,-0.0042567416
Cold,77277,524,523,991,574,0,-0.0017781272
Cold,69674,468,467,991,574,1,-0.0011712648
Cold,201405,1242,1241,991,574,0,0.0030875998
Cold,53670,352,351,991,574,1,0.0018196343
Cold,21980,161,160,991,574,1,0.0046079806
Cold,248697,1501,1500,991,574,1,-0.0023032797
Cold,16099,127,126,991,574,0,0.0094371345
Cold,6777,48,47,991,574,0,0.001208364
Cold,50099,331,330,991,574,1,-0.00817636
Cold,79198,531,530,991,574,0,0.00062211696
Cold,399758,2380,2379,991,574,1,-0.004674421
Cold,65225,438,437,991,574,1,-0.003542966
Cold,129249,839,838,991,574,1,-0.0015361218
Cold,194727,1202,1201,991,574,0,0.0015711322
Cold,174031,1101,1100,991,574,0,0.0026060943
Cold,460581,2841,2840,991,574,1,-0.009526968
Cold,567316,3483,3482,991,574,1,-0.00040790217
Cold,309512,1842,1841,991,574,1,-0.0010267072
Cold,499219,3067,3066,991,574,1,0.0015803395
Cold,245715,1484,1483,991,574,0,-0.007551362
Cold,195284,1203,1202,991,574,0,0.009235619
Cold,322167,1912,1911,991,574,0,-0.002417381
Cold,285185,1701,1700,991,574,1,-0.0008296019
Cold,283960,1698,1697,991,574,1,0.0068870266
Cold,770929,4593,4592,991,574,0,0.004698518
Cold,115959,752,751,991,574,0,-0.0027574538
Cold,941319,5682,5681,991,574,1,-0.008182788
Cold,156634,1010,1009,998,577,0,-0.012918269
Cold,202364,1244,1243,998,577,0,-0.0021283377
Cold,360566,2106,2105,998,577,0,-0.0020206184
Cold,121026,780,779,998,577,0,-0.008355882
Cold,119886,774,773,998,577,0,-0.0067617022
Cold,117004,754,753,998,577,0,-0.010594886
Cold,114743,746,745,998,577,0,-0.012281271
Cold,239796,1449,1448,998,577,0,-0.011075554
Cold,105916,699,698,998,577,0,-0.014437087
Cold,299492,1778,1777,998,577,0,-0.010977812
Cold,121699,783,782,998,577,0,-0.008395534
Cold,109205,714,713,998,577,1,-0.008319564
Cold,90580,601,600,998,577,1,9.819679e-05
Cold,150460,970,969,998,577,1,-0.009512492
Cold,82859,549,548,998,577,0,-0.0026618382
Cold,238692,1448,1447,998,577,1,-0.00761286
Cold,77280,524,523,998,577,0,-0.01308995
Cold,64165,429,428,998,577,0,-0.00095117325
Cold,53673,352,351,998,577,1,-0.0148051325
Cold,51135,337,336,998,577,0,-0.0018210909
Cold,638963,3842,3841,998,577,1,-0.014352798
Cold,55580,368,367,998,577,0,0.0037710532
Cold,40355,272,271,998,577,0,-0.004453798
Cold,33454,225,224,998,577,1,-0.016585112
Cold,15557,123,122,998,577,0,-0.003374359
Cold,45363,306,305,998,577,1,-0.004796596
Cold,336657,1982,1981,998,577,0,-0.0020800754
Cold,161285,1029,1028,998,577,0,-0.0041673454
Cold,19945,149,148,998,577,0,-0.0089924475
Cold,599099,3648,3647,998,577,0,-0.01221865
Cold,13345,104,103,998,577,0,-0.0031525283
Cold,941321,5682,5681,998,577,0,-0.009241252
Cold,79199,531,530,998,577,0,-0.008911047
Cold,444818,2743,2742,1003,579,0,0.008326445
Cold,564670,3471,3470,1003,579,0,0.009765869
Cold,433749,2643,2642,1003,579,0,0.004339117
Cold,415847,2504,2503,1003,579,0,-0.004524038
Cold,363329,2116,2115,1003,579,0,0.0007414854
Cold,358618,2098,2097,1003,579,0,0.00380504
Cold,359537,2102,2101,1003,579,0,0.004657952
Cold,360221,2105,2104,1003,579,0,0.0026355684
Cold,304543,1811,1810,1003,579,0,0.0012803457
Cold,321741,1908,1907,1003,579,1,0.0019473212
Cold,293912,1748,1747,1003,579,0,-8.255616e-05
Cold,315495,1880,1879,1003,579,0,0.001707125
Cold,266010,1613,1612,1003,579,1,0.008581018
Cold,259618,1587,1586,1003,579,1,0.003506677
Cold,392457,2304,2303,1003,579,1,0.0005854645
Cold,250496,1509,1508,1003,579,0,-0.0015769978
Cold,279772,1680,1679,1003,579,1,-0.0014143698
Cold,185668,1150,1149,1003,579,0,0.004957252
Cold,184103,1146,1145,1003,579,0,0.003775385
Cold,168019,1068,1067,1003,579,0,0.0031509246
Cold,164007,1050,1049,1003,579,0,0.001233406
Cold,170302,1084,1083,1003,579,0,0.0016992926
Cold,162499,1035,1034,1003,579,0,0.002952952
Cold,221565,1340,1339,1003,579,0,0.0024550206
Cold,145474,935,934,1003,579,0,-0.0008975179
Cold,136855,881,880,1003,579,0,0.005128775
Cold,154982,999,998,1003,579,0,-0.0030610135
Cold,125044,802,801,1003,579,1,0.0028688158
Cold,117654,757,756,1003,579,0,-0.00015126844
Cold,116518,752,751,1003,579,0,0.0036451512
Cold,108244,710,709,1003,579,1,0.007014689
Cold,106271,699,698,1003,579,0,0.0027741352
Cold,100974,673,672,1003,579,0,-0.00023519667
Cold,109414,714,713,1003,579,1,0.0025893154
Cold,97401,652,651,1003,579,0,0.004256633
Cold,329527,1943,1942,1003,579,1,0.010398805
Cold,111002,721,720,1003,579,1,0.011494024
Cold,697708,4169,4168,1003,579,0,0.0067527224
Cold,83435,549,548,1003,579,1,0.011421327
Cold,77799,524,523,1003,579,1,0.0070513445
Cold,239231,1448,1447,1003,579,0,0.0057991003
Cold,60191,409,408,1003,579,1,-0.010080056
Cold,53848,352,351,1003,579,0,0.005857124
Cold,270159,1635,1634,1003,579,1,0.0037037423
Cold,3481,26,25,1003,579,0,0.009606751
Cold,104504,692,691,1003,579,1,0.004472927
Cold,207079,1266,1265,1003,579,0,-0.006988332
Cold,50209,331,330,1003,579,0,-0.001483471
Cold,355122,2077,2076,1003,579,0,0.0055544283
Cold,150752,970,969,1003,579,0,0.004029881
Cold,352228,2063,2062,1003,579,0,-0.0010986179
Cold,265242,1611,1610,1003,579,0,0.0030205252
Cold,164783,1051,1050,1003,579,0,-0.0006416482
Cold,145061,934,933,1003,579,0,-0.0020902143
Cold,79656,531,530,1003,579,0,-0.006112519
Cold,993751,6001,6000,1003,579,0,0.0079260655
Cold,688435,4117,4116,1003,579,0,0.006535668
Cold,325036,1925,1924,1003,579,0,0.0014218448
Cold,331867,1958,1957,1003,579,0,-0.0037190048
Cold,468603,2887,2886,1003,579,0,0.003992522
Cold,193843,1194,1193,1003,579,0,0.0058600698
Cold,460408,2840,2839,1004,580,0,-0.0039577167
Cold,458204,2820,2819,1004,580,0,-0.002943985
Cold,430180,2621,2620,1004,580,0,0.011558261
Cold,415290,2500,2499,1004,580,1,0.004931148
Cold,408375,2453,2452,1004,580,1,0.0003944611
Cold,392458,2304,2303,1004,580,0,0.00023129256
Cold,375193,2186,2185,1004,580,0,0.0057204785
Cold,358619,2098,2097,1004,580,0,-0.0013670018
Cold,352229,2063,2062,1004,580,0,0.0024620718
Cold,321742,1908,1907,1004,580,0,0.0061883116
Cold,303618,1803,1802,1004,580,0,-0.009343902
Cold,266011,1613,1612,1004,580,0,-0.0008044187
Cold,315497,1880,1879,1004,580,0,0.00043964543
Cold,242242,1461,1460,1004,580,0,-0.0055573145
Cold,227290,1377,1376,1004,580,0,0.006027553
Cold,279774,1680,1679,1004,580,0,0.015760535
Cold,342729,2015,2014,1004,580,0,-0.0015138861
Cold,193279,1193,1192,1004,580,0,0.0061155926
Cold,191335,1181,1180,1004,580,0,0.0118277995
Cold,185671,1150,1149,1004,580,0,-0.0043256157
Cold,275697,1667,1666,1004,580,0,-0.0009779097
Cold,154983,999,998,1004,580,0,0.0043392307
Cold,157161,1010,1009,1004,580,0,-0.007963687
Cold,277124,1675,1674,1004,580,0,0.0015363903
Cold,202654,1244,1243,1004,580,0,-0.01191809
Cold,147517,949,948,1004,580,0,-0.0072281044
Cold,114981,746,745,1004,580,0,-0.0013381928
Cold,111004,721,720,1004,580,0,-0.0029865927
Cold,106272,699,698,1004,580,0,0.0040135365
Cold,96492,647,646,1004,580,1,0.000891804
Cold,91312,604,603,1004,580,0,-0.006034741
Cold,81864,543,542,1004,580,1,-0.0017758175
Cold,77800,524,523,1004,580,0,-0.006080563
Cold,86797,566,565,1004,580,0,0.00089684385
Cold,145475,935,934,1004,580,0,-0.00014059176
Cold,19020,147,146,1004,580,0,0.008576745
Cold,27235,192,191,1004,580,0,-0.0020123008
Cold,10281,73,72,1004,580,0,0.0024994481
Cold,30553,204,203,1004,580,0,0.0008673114
Cold,109917,716,715,1004,580,1,-0.0017546192
Cold,198484,1219,1218,1004,580,1,0.00058166985
Cold,575525,3519,3518,1005,581,0,-0.0029815906
Cold,494423,3032,3031,1005,581,1,-0.0058298022
Cold,492155,3026,3025,1005,581,0,-0.0034522999
Cold,489738,3013,3012,1005,581,0,0.008472644
Cold,488757,3007,3006,1005,581,0,-0.006129168
Cold,517967,3196,3195,1005,581,1,-0.0070031877
Cold,470498,2896,2895,1005,581,0,-0.00731293
Cold,461621,2847,2846,1005,581,0,-0.002770088
Cold,451132,2777,2776,1005,581,0,-0.011583231
Cold,467009,2878,2877,1005,581,0,0.011355764
Cold,430181,2621,2620,1005,581,0,-0.0035498973
Cold,420549,2541,2540,1005,581,1,0.005507884
Cold,390150,2288,2287,1005,581,0,0.0022441838
Cold,374343,2181,2180,1005,581,0,0.0013900646
Cold,356049,2085,2084,1005,581,1,-0.0080619585
Cold,313001,1865,1864,1005,581,0,-0.00016682199
Cold,268604,1631,1630,1005,581,0,-0.004336047
Cold,323980,1920,1919,1005,581,1,0.00086939754
Cold,261078,1596,1595,1005,581,0,-0.0035098237
Cold,266012,1613,1612,1005,581,0,0.00048764423
Cold,309363,1841,1840,1005,581,0,-0.0037585138
Cold,242195,1460,1459,1005,581,0,-0.0011385428
Cold,361043,2106,2105,1005,581,0,-0.012161706
Cold,248977,1501,1500,1005,581,1,0.0072214385
Cold,236481,1434,1433,1005,581,0,0.0058314377
Cold,227291,1377,1376,1005,581,0,-0.00467396
Cold,296888,1759,1758,1005,581,0,0.0060720593
Cold,213054,1297,1296,1005,581,0,-0.0011175638
Cold,277930,1676,1675,1005,581,0,0.0033926722
Cold,279776,1680,1679,1005,581,0,-0.006225474
Cold,196687,1207,1206,1005,581,0,-0.00090683904
Cold,198671,1220,1219,1005,581,0,-0.0044031967
Cold,272347,1645,1644,1005,581,1,0.011504276
Cold,342730,2015,2014,1005,581,0,-0.013182238
Cold,165510,1054,1053,1005,581,0,0.006045793
Cold,255604,1556,1555,1005,581,0,-0.0021284563
Cold,246450,1489,1488,1005,581,0,-0.0077282414
Cold,157162,1010,1009,1005,581,0,-0.0010171642
Cold,136856,881,880,1005,581,0,-0.011045666
Cold,133885,868,867,1005,581,0,-0.009227915
Cold,263603,1605,1604,1005,581,0,0.00019795587
Cold,126709,817,816,1005,581,0,0.007758618
Cold,139260,890,889,1005,581,0,-0.0015657882
Cold,119464,770,769,1005,581,0,-0.0008899523
Cold,216500,1314,1313,1005,581,0,0.0012941886
Cold,106274,699,698,1005,581,0,-0.012171263
Cold,101491,676,675,1005,581,0,-0.0026269509
Cold,371106,2168,2167,1005,581,0,-0.0032514501
Cold,299774,1778,1777,1005,581,0,-0.0050395993
Cold,441982,2718,2717,1005,581,1,-0.006748096
Cold,93854,629,628,1005,581,0,-0.0047585354
Cold,76192,517,516,1005,581,0,0.0009185611
Cold,69389,465,464,1005,581,0,-0.006406963
Cold,68851,461,460,1005,581,0,-0.0056574726
Cold,87114,569,568,1005,581,0,0.0011673698
Cold,65530,438,437,1005,581,0,0.009795818
Cold,75040,509,508,1005,581,0,-0.012580564
Cold,57203,386,385,1005,581,0,-0.00204572
Cold,52570,346,345,1005,581,1,-0.0098606115
Cold,44598,302,301,1005,581,0,0.0044030137
Cold,39583,268,267,1005,581,0,-0.0059799007
Cold,363330,2116,2115,1005,581,0,0.00083130377
Cold,145629,936,935,1005,581,1,0.0013360591
Cold,32149,216,215,1005,581,0,0.0062622335
Cold,273191,1647,1646,1005,581,0,0.004153099
Cold,240424,1449,1448,1005,581,0,-0.006664622
Cold,21040,153,152,1005,581,0,0.00458248
Cold,6879,48,47,1005,581,0,-0.002352504
Cold,2047,18,17,1005,581,0,0.006959845
Cold,234295,1422,1421,1005,581,0,0.003034021
Cold,78631,528,527,1005,581,0,-0.0076293373
Cold,552573,3401,3400,1005,581,0,-0.01832424
Cold,326183,1930,1929,1005,581,0,-0.007790052
Cold,58110,392,391,1005,581,0,-0.008200707
Cold,333998,1969,1968,1005,581,0,0.005148108
Cold,883491,5333,5332,1005,581,0,-0.002666492
Cold,376452,2195,2194,1005,581,1,0.000525082
Cold,171982,1088,1087,1005,581,0,-0.0064772605
Cold,335227,1978,1977,1005,581,0,-0.017404793
Cold,599430,3648,3647,1005,581,0,0.008709475
Cold,134530,869,868,1005,581,0,-0.006606037
Cold,257871,1579,1578,1005,581,1,-0.015415758
Cold,117655,757,756,1006,582,0,-0.0026767992
Cold,106275,699,698,1006,582,0,0.004829599
Cold,697711,4169,4168,1006,582,0,0.013462097
Cold,361044,2106,2105,1006,582,0,-0.0007757528
Cold,191339,1181,1180,1006,582,0,-0.00022079854
Cold,239234,1448,1447,1006,582,0,0.002163947
Cold,578241,3532,3531,1006,582,1,-0.001191501
Cold,355123,2077,2076,1006,582,0,-0.004616946
Cold,50212,331,330,1006,582,0,0.0012220114
Cold,682693,4085,4084,1006,582,0,0.009983646
Cold,300517,1780,1779,1006,582,0,0.0075293807
Cold,331868,1958,1957,1006,582,1,-0.0013528168
Cold,206458,1265,1264,1006,582,0,0.00034127565
Cold,407821,2451,2450,1006,582,0,0.004392231
Cold,561679,3454,3453,1006,582,0,0.009077294
Cold,116520,752,751,1006,582,0,0.001844515
Cold,468605,2887,2886,1006,582,0,0.010619059
Cold,193844,1194,1193,1006,582,1,-0.0025888376
Cold,353006,2067,2066,1008,584,0,-0.005269605
Cold,345529,2026,2025,1008,584,0,-0.002047413
Cold,275701,1667,1666,1008,584,0,0.0046662223
Cold,316995,1884,1883,1008,584,0,0.007813926
Cold,242968,1465,1464,1008,584,1,0.008081387
Cold,246710,1490,1489,1008,584,1,-0.0023079417
Cold,318181,1890,1889,1008,584,0,0.00129103
Cold,213638,1298,1297,1008,584,0,0.0045123575
Cold,197680,1214,1213,1008,584,0,0.0020763327
Cold,188665,1170,1169,1008,584,1,0.004858645
Cold,182878,1140,1139,1008,584,0,0.010203967
Cold,172677,1094,1093,1008,584,1,-0.0037589048
Cold,225488,1365,1364,1008,584,0,0.004165872
Cold,153256,984,983,1008,584,0,0.0051107244
Cold,199595,1224,1223,1008,584,1,0.01425153
Cold,141224,910,909,1008,584,0,0.0046445243
Cold,328572,1941,1940,1008,584,1,0.005043732
Cold,118129,764,763,1008,584,1,0.004436721
Cold,254152,1545,1544,1008,584,0,0.006619432
Cold,178328,1120,1119,1008,584,0,0.009750087
Cold,95548,639,638,1008,584,1,0.005842325
Cold,191346,1181,1180,1008,584,0,0.009643167
Cold,82096,544,543,1008,584,1,0.005228968
Cold,68854,461,460,1008,584,0,0.007309127
Cold,71599,481,480,1008,584,1,0.007585062
Cold,55305,366,365,1008,584,0,-0.0006567553
Cold,52836,348,347,1008,584,1,0.005929049
Cold,592153,3610,3609,1008,584,0,0.005443803
Cold,19487,148,147,1008,584,0,0.00312489
Cold,234298,1422,1421,1008,584,0,0.0029422129
Cold,388212,2271,2270,1008,584,1,0.0057451264
Cold,474004,2909,2908,1008,584,1,0.00130445
Cold,293919,1748,1747,1008,584,0,0.0023083598
Cold,722913,4328,4327,1008,584,0,0.0029629087
Cold,447413,2756,2755,1008,584,0,0.00498699
Cold,821750,4940,4939,1008,584,1,0.009787729
Cold,893471,5394,5393,1008,584,0,0.013520807
Cold,582563,3558,3557,1011,587,0,0.0031009568
Cold,554597,3411,3410,1011,587,0,-0.0056848056
Cold,550510,3391,3390,1011,587,0,-0.006976529
Cold,536231,3308,3307,1011,587,0,-0.005041589
Cold,531772,3283,3282,1011,587,0,-0.008847045
Cold,515678,3182,3181,1011,587,1,0.0050020423
Cold,575536,3519,3518,1011,587,0,-0.000744825
Cold,494443,3032,3031,1011,587,1,-0.007336076
Cold,487610,2999,2998,1011,587,0,0.0048866924
Cold,483990,2976,2975,1011,587,0,-0.005411431
Cold,472829,2907,2906,1011,587,0,-0.0124863945
Cold,471131,2899,2898,1011,587,1,-0.0003601387
Cold,474020,2909,2908,1011,587,0,-0.00507753
Cold,467029,2878,2877,1011,587,0,0.0016931491
Cold,361877,2109,2108,1011,587,0,-0.0025403346
Cold,352740,2064,2063,1011,587,0,-0.002323321
Cold,341780,2012,2011,1011,587,0,-0.0060859406
Cold,345885,2029,2028,1011,587,0,-0.0056810156
Cold,337193,1983,1982,1011,587,1,0.0006107554
Cold,326189,1930,1929,1011,587,0,-0.005693008
Cold,282365,1693,1692,1011,587,0,-0.006769934
Cold,273523,1648,1647,1011,587,0,-0.0073047574
Cold,286321,1709,1708,1011,587,1,-0.00606298
Cold,323994,1920,1919,1011,587,0,-0.0041112113
Cold,260493,1592,1591,1011,587,0,-0.0059958054
Cold,436653,2665,2664,1011,587,0,-0.0061110174
Cold,346360,2030,2029,1011,587,0,-0.0045853714
Cold,231753,1404,1403,1011,587,0,-0.0033040377
Cold,336287,1980,1979,1011,587,0,-0.006385412
Cold,220009,1333,1332,1011,587,0,-0.011773366
Cold,296592,1758,1757,1011,587,0,-0.0059491284
Cold,279811,1680,1679,1011,587,1,-0.0037706187
Cold,197682,1214,1213,1011,587,0,-0.006069987
Cold,328597,1941,1940,1011,587,1,-0.004790544
Cold,177669,1119,1118,1011,587,0,-0.0032864339
Cold,173821,1100,1099,1011,587,0,-0.0037222034
Cold,248987,1501,1500,1011,587,0,-0.0020288914
Cold,255611,1556,1555,1011,587,0,-0.001994796
Cold,162364,1034,1033,1011,587,0,0.0008789799
Cold,217282,1317,1316,1011,587,0,-0.008285729
Cold,131648,853,852,1011,587,1,0.0036268155
Cold,121296,780,779,1011,587,0,-0.0072530406
Cold,178341,1120,1119,1011,587,0,-0.0039984635
Cold,97171,651,650,1011,587,1,-0.007406484
Cold,352250,2063,2062,1011,587,0,-0.0018043867
Cold,425776,2583,2582,1011,587,1,-0.008573113
Cold,284463,1698,1697,1011,587,0,-0.0028492068
Cold,85321,556,555,1011,587,0,-0.008191448
Cold,234310,1422,1421,1011,587,0,0.0004733065
Cold,73172,494,493,1011,587,1,0.0011957936
Cold,71327,479,478,1011,587,0,0.0023123627
Cold,70907,476,475,1011,587,0,0.0040937816
Cold,72302,482,481,1011,587,0,-0.007658576
Cold,32173,216,215,1011,587,0,0.0022339069
Cold,28858,198,197,1011,587,0,-0.0092513785
Cold,331882,1958,1957,1011,587,0,-0.018321525
Cold,270175,1635,1634,1011,587,0,0.0021243733
Cold,24690,174,173,1011,587,0,-0.010299044
Cold,360231,2105,2104,1011,587,0,0.0034948094
Cold,239252,1448,1447,1011,587,0,-0.009071726
Cold,13044,101,100,1011,587,1,-0.0029275892
Cold,6908,48,47,1011,587,0,-0.004897489
Cold,95554,639,638,1011,587,0,-0.0037023374
Cold,893479,5394,5393,1011,587,0,-0.0027369834
Cold,408385,2453,2452,1011,587,0,0.00011022948
Cold,829239,4979,4978,1011,587,0,-0.007952144
Cold,273210,1647,1646,1011,587,0,-0.00400249
Cold,102556,678,677,1011,587,0,-0.0045256494
Cold,633547,3824,3823,1011,587,0,-0.0049439315
Cold,130014,840,839,1011,587,1,-0.002805943
Cold,134544,869,868,1011,587,0,-0.002295611
Cold,495183,3038,3037,1011,587,1,-0.0051476965
Cold,588114,3589,3588,1011,587,0,-0.0049291076
Cold,936737,5650,5649,1011,587,0,-0.002298072
Cold,656153,3953,3952,1011,587,1,-0.008986662
Cold,492946,3029,3028,1014,590,0,0.0032407965
Cold,487501,2998,2997,1014,590,1,0.0071557593
Cold,748058,4465,4464,1014,590,0,0.005532137
Cold,478247,2934,2933,1014,590,0,0.009147908
Cold,697732,4169,4168,1014,590,1,0.0032643368
Cold,472833,2907,2906,1014,590,0,-0.0021505062
Cold,467035,2878,2877,1014,590,0,0.0069486992
Cold,438019,2676,2675,1014,590,1,0.0066154394
Cold,418917,2529,2528,1014,590,0,-0.0008345663
Cold,416871,2507,2506,1014,590,0,0.0068824245
Cold,405459,2428,2427,1014,590,1,-0.0010543666
Cold,414746,2496,2495,1014,590,0,0.0010293049
Cold,395246,2334,2333,1014,590,1,0.0010625198
Cold,390318,2289,2288,1014,590,1,-0.008584898
Cold,387357,2264,2263,1014,590,1,0.013661296
Cold,382359,2233,2232,1014,590,1,0.0052212984
Cold,379989,2222,2221,1014,590,0,0.00465429
Cold,374364,2181,2180,1014,590,0,0.0026943209
Cold,368908,2156,2155,1014,590,0,0.003952244
Cold,334012,1969,1968,1014,590,0,0.00219592
Cold,317415,1888,1887,1014,590,1,0.0022998303
Cold,325564,1926,1925,1014,590,1,0.00034994818
Cold,269233,1632,1631,1014,590,0,0.0034235858
Cold,268613,1631,1630,1014,590,1,0.0022971039
Cold,323998,1920,1919,1014,590,0,0.002048341
Cold,361060,2106,2105,1014,590,0,0.009470621
Cold,236485,1434,1433,1014,590,0,0.0015580321
Cold,242981,1465,1464,1014,590,0,-0.00062198786
Cold,222785,1348,1347,1014,590,0,0.0013101371
Cold,220599,1337,1336,1014,590,0,-0.0051926286
Cold,320289,1899,1898,1014,590,0,0.015142078
Cold,276426,1671,1670,1014,590,1,0.0031620653
Cold,279817,1680,1679,1014,590,0,0.0075291633
Cold,244174,1470,1469,1014,590,0,0.00926535
Cold,328605,1941,1940,1014,590,1,0.011007597
Cold,188450,1169,1168,1014,590,0,0.009630563
Cold,186784,1156,1155,1014,590,0,0.009017276
Cold,316376,1883,1882,1014,590,1,-0.0009308357
Cold,212542,1294,1293,1014,590,0,0.0008046939
Cold,175205,1111,1110,1014,590,1,-0.0010004671
Cold,346364,2030,2029,1014,590,1,0.0042404905
Cold,168036,1068,1067,1014,590,1,0.009403999
Cold,272360,1645,1644,1014,590,1,0.0028682007
Cold,127383,822,821,1014,590,1,0.00017994805
Cold,263625,1605,1604,1014,590,1,-0.004100121
Cold,124322,800,799,1014,590,1,0.0004835967
Cold,118132,764,763,1014,590,1,0.0048515354
Cold,112676,731,730,1014,590,0,0.006563185
Cold,178345,1120,1119,1014,590,1,-0.0058374363
Cold,100985,673,672,1014,590,0,-0.010163243
Cold,363350,2116,2115,1014,590,0,0.0022954096
Cold,93859,629,628,1014,590,1,-0.0065727746
Cold,95557,639,638,1014,590,1,-0.004184793
Cold,425779,2583,2582,1014,590,1,-0.0006349697
Cold,85323,556,555,1014,590,1,-0.003908108
Cold,84461,550,549,1014,590,0,0.0074534323
Cold,73173,494,493,1014,590,1,0.0010725468
Cold,64746,434,433,1014,590,0,0.0060200193
Cold,627044,3792,3791,1014,590,1,0.007892943
Cold,63301,424,423,1014,590,1,0.0051758653
Cold,41858,284,283,1014,590,0,0.0040801563
Cold,14086,114,113,1014,590,1,-0.0014245054
Cold,6285,45,44,1014,590,1,-0.00016637426
Cold,60808,411,410,1014,590,1,0.005713927
Cold,552589,3401,3400,1014,590,0,0.0049213003
Cold,76430,518,517,1014,590,1,0.0047104545
Cold,300530,1780,1779,1014,590,0,0.008223062
Cold,102563,678,677,1014,590,0,0.009938426
Cold,336291,1980,1979,1014,590,0,0.001794273
Cold,769121,4579,4578,1014,590,1,-0.004048299
Cold,562749,3462,3461,1014,590,0,-0.0002833316
Cold,134546,869,868,1014,590,1,0.0033485573
Cold,217286,1317,1316,1014,590,1,-0.0001763606
Cold,714136,4277,4276,1014,590,1,0.0011719633
Cold,208939,1274,1273,1014,590,1,0.0037327746
Cold,384772,2247,2246,1014,590,1,-0.002351217
Cold,769123,4579,4578,1016,592,0,0.00083101913
Cold,500308,3072,3071,1016,592,0,-0.0028484026
Cold,495730,3044,3043,1016,592,0,0.005860127
Cold,550518,3391,3390,1016,592,0,0.007951383
Cold,494449,3032,3031,1016,592,1,0.0047671134
Cold,489747,3013,3012,1016,592,1,0.0071991514
Cold,487613,2999,2998,1016,592,0,0.00082868885
Cold,697734,4169,4168,1016,592,1,0.005782392
Cold,472836,2907,2906,1016,592,0,0.008026146
Cold,467040,2878,2877,1016,592,1,0.004953198
Cold,450084,2775,2774,1016,592,0,0.004840683
Cold,426714,2591,2590,1016,592,0,0.0030490637
Cold,419929,2537,2536,1016,592,0,0.0052250754
Cold,418920,2529,2528,1016,592,1,0.010803238
Cold,427069,2592,2591,1016,592,1,0.002570847
Cold,400719,2386,2385,1016,592,0,0.002970421
Cold,387359,2264,2263,1016,592,1,-0.0022682862
Cold,383509,2241,2240,1016,592,0,0.007747093
Cold,376926,2201,2200,1016,592,1,0.002732712
Cold,376661,2198,2197,1016,592,0,0.0076177674
Cold,377424,2203,2202,1016,592,1,0.005943484
Cold,374367,2181,2180,1016,592,0,0.009422572
Cold,368909,2156,2155,1016,592,0,0.008252082
Cold,345189,2024,2023,1016,592,0,-0.0018388375
Cold,334015,1969,1968,1016,592,1,0.0070393765
Cold,313671,1872,1871,1016,592,1,0.007542991
Cold,297695,1764,1763,1016,592,1,0.0023269267
Cold,299194,1776,1775,1016,592,0,0.0044569806
Cold,286322,1709,1708,1016,592,1,0.0035161804
Cold,268614,1631,1630,1016,592,1,0.004575501
Cold,267433,1625,1624,1016,592,0,-0.011918323
Cold,345535,2026,2025,1016,592,0,0.0004196841
Cold,436657,2665,2664,1016,592,0,0.015712574
Cold,266032,1613,1612,1016,592,1,-0.0027965116
Cold,231754,1404,1403,1016,592,0,-9.979727e-05
Cold,242984,1465,1464,1016,592,0,-0.0033530744
Cold,225437,1364,1363,1016,592,0,-0.009027859
Cold,225823,1367,1366,1016,592,0,-0.0013923668
Cold,357674,2092,2091,1016,592,0,-0.0035354546
Cold,305107,1812,1811,1016,592,1,0.009150172
Cold,276429,1671,1670,1016,592,1,0.006933947
Cold,279824,1680,1679,1016,592,1,-0.0032772582
Cold,328610,1941,1940,1016,592,1,0.000798109
Cold,188451,1169,1168,1016,592,0,0.0039728703
Cold,316377,1883,1882,1016,592,0,-0.0004596361
Cold,346367,2030,2029,1016,592,0,0.0047133286
Cold,272361,1645,1644,1016,592,1,0.00078094704
Cold,337196,1983,1982,1016,592,1,-0.0045789755
Cold,130871,849,848,1016,592,0,0.0031875102
Cold,248991,1501,1500,1016,592,1,0.0058627473
Cold,127384,822,821,1016,592,1,0.0028629678
Cold,315521,1880,1879,1016,592,0,0.0016383062
Cold,124323,800,799,1016,592,1,-0.0037848281
Cold,361065,2106,2105,1016,592,0,0.0066575133
Cold,118133,764,763,1016,592,0,-0.0031293826
Cold,115519,749,748,1016,592,0,0.0065049976
Cold,263628,1605,1604,1016,592,0,0.0012956732
Cold,178348,1120,1119,1016,592,1,-0.00018633448
Cold,109424,714,713,1016,592,1,0.0014244786
Cold,93861,629,628,1016,592,1,-0.00022393162
Cold,284467,1698,1697,1016,592,0,0.0077628717
Cold,153273,984,983,1016,592,0,0.0060226806
Cold,86812,566,565,1016,592,0,-0.002712941
Cold,85324,556,555,1016,592,1,0.0023115836
Cold,191374,1181,1180,1016,592,0,0.0067307875
Cold,83471,549,548,1016,592,1,0.0083276555
Cold,84464,550,549,1016,592,1,0.008421732
Cold,119481,770,769,1016,592,0,0.00732924
Cold,70909,476,475,1016,592,1,0.0004945795
Cold,627045,3792,3791,1016,592,0,0.003411843
Cold,46002,308,307,1016,592,0,0.00090850145
Cold,38963,264,263,1016,592,0,0.00444374
Cold,32181,216,215,1016,592,1,-0.00026811333
Cold,368489,2153,2152,1016,592,0,0.00014386419
Cold,28861,198,197,1016,592,0,0.005974764
Cold,270177,1635,1634,1016,592,1,0.0025964475
Cold,17296,135,134,1016,592,0,-0.003541867
Cold,592166,3610,3609,1016,592,0,-5.6110148e-05
Cold,8090,54,53,1016,592,0,0.0023863134
Cold,6287,45,44,1016,592,0,0.0062829414
Cold,6916,48,47,1016,592,0,0.0026074736
Cold,972,10,9,1016,592,1,0.0043387543
Cold,234316,1422,1421,1016,592,0,0.006976716
Cold,19514,148,147,1016,592,0,0.0012253502
Cold,326190,1930,1929,1016,592,0,0.0036153453
Cold,348198,2041,2040,1016,592,0,0.006999009
Cold,273216,1647,1646,1016,592,0,0.0008547924
Cold,60813,411,410,1016,592,0,0.0021903622
Cold,622341,3768,3767,1016,592,0,0.0018453186
Cold,257892,1579,1578,1016,592,1,0.0025184266
Cold,830019,4983,4982,1016,592,0,-0.0030113196
Cold,905553,5475,5474,1016,592,1,0.008878795
Cold,134547,869,868,1016,592,0,-0.0009281431
Cold,217289,1317,1316,1016,592,0,-0.005229654
Cold,235213,1425,1424,1016,592,0,-0.0014400046
Cold,709996,4258,4257,1016,592,1,-0.00048815017
Cold,462716,2854,2853,1018,594,0,0.012852683
Cold,430577,2624,2623,1018,594,1,0.008989384
Cold,446992,2753,2752,1018,594,0,0.0084476005
Cold,418924,2529,2528,1018,594,1,0.0102914125
Cold,383511,2241,2240,1018,594,0,-0.0020498973
Cold,377427,2203,2202,1018,594,1,0.01057145
Cold,368911,2156,2155,1018,594,0,0.0076989536
Cold,345536,2026,2025,1018,594,0,0.0018605286
Cold,341785,2012,2011,1018,594,0,0.006686636
Cold,340899,2010,2009,1018,594,0,-0.0039327107
Cold,295746,1755,1754,1018,594,0,0.0071160817
Cold,286323,1709,1708,1018,594,1,0.005360702
Cold,273526,1648,1647,1018,594,0,0.0001034108
Cold,268615,1631,1630,1018,594,1,0.008644795
Cold,236486,1434,1433,1018,594,0,-0.0019279679
Cold,222950,1350,1349,1018,594,1,0.006387057
Cold,276431,1671,1670,1018,594,1,0.009357719
Cold,273220,1647,1646,1018,594,0,0.013524274
Cold,279828,1680,1679,1018,594,1,0.0037270293
Cold,220015,1333,1332,1018,594,0,0.0067377603
Cold,328615,1941,1940,1018,594,1,0.015368573
Cold,189897,1178,1177,1018,594,0,0.0038783355
Cold,173823,1100,1099,1018,594,0,-0.0033579702
Cold,346370,2030,2029,1018,594,0,0.014548592
Cold,165334,1053,1052,1018,594,0,0.005630317
Cold,272363,1645,1644,1018,594,1,0.006474778
Cold,342756,2015,2014,1018,594,0,0.020246353
Cold,156024,1004,1003,1018,594,0,0.00291546
Cold,162369,1034,1033,1018,594,0,0.004920106
Cold,185710,1150,1149,1018,594,0,0.01677446
Cold,138743,889,888,1018,594,0,0.0154195605
Cold,127385,822,821,1018,594,1,0.010456951
Cold,263630,1605,1604,1018,594,0,0.010158446
Cold,124325,800,799,1018,594,1,0.011886465
Cold,112677,731,730,1018,594,1,0.010619519
Cold,178351,1120,1119,1018,594,1,0.014528852
Cold,211287,1285,1284,1018,594,1,0.009160943
Cold,714141,4277,4276,1018,594,1,0.005352913
Cold,363355,2116,2115,1018,594,1,0.014970089
Cold,109427,714,713,1018,594,1,0.010786315
Cold,93863,629,628,1018,594,1,-0.0021795318
Cold,95561,639,638,1018,594,0,0.006696062
Cold,284470,1698,1697,1018,594,1,0.01035798
Cold,153276,984,983,1018,594,0,0.018211141
Cold,85326,556,555,1018,594,1,0.006375595
Cold,191379,1181,1180,1018,594,0,0.0036528176
Cold,82318,546,545,1018,594,0,0.017518513
Cold,119483,770,769,1018,594,0,0.00561213
Cold,73174,494,493,1018,594,1,0.002926448
Cold,70910,476,475,1018,594,1,0.0035232995
Cold,64747,434,433,1018,594,0,0.0008143254
Cold,228506,1383,1382,1018,594,0,0.016644895
Cold,36582,245,244,1018,594,0,0.011796592
Cold,14088,114,113,1018,594,1,0.0028802382
Cold,13696,109,108,1018,594,0,0.0010365075
Cold,10535,75,74,1018,594,1,0.002437017
Cold,6289,45,44,1018,594,0,0.0038000578
Cold,60818,411,410,1018,594,0,0.0108680185
Cold,240461,1449,1448,1018,594,0,0.013877927
Cold,633558,3824,3823,1018,594,0,0.014853036
Cold,115521,749,748,1018,594,0,0.007835781
Cold,134549,869,868,1018,594,0,0.011139173
Cold,697737,4169,4168,1018,594,1,0.021529535
Cold,533622,3292,3291,1024,600,1,-0.00073794415
Cold,529997,3272,3271,1024,600,1,-0.005472107
Cold,697752,4169,4168,1024,600,1,-0.00130407
Cold,456593,2810,2809,1024,600,1,-0.011096775
Cold,418948,2529,2528,1024,600,0,-0.00026684953
Cold,373580,2180,2179,1024,600,0,-0.0020101755
Cold,368923,2156,2155,1024,600,0,0.0070996685
Cold,364189,2121,2120,1024,600,0,-0.002111092
Cold,353017,2067,2066,1024,600,1,0.0022608917
Cold,341801,2012,2011,1024,600,0,-0.008046726
Cold,335102,1977,1976,1024,600,1,-0.005502416
Cold,327042,1938,1937,1024,600,0,-0.0040961327
Cold,300553,1780,1779,1024,600,0,-0.0021247817
Cold,277968,1676,1675,1024,600,1,-0.0037182127
Cold,269262,1632,1631,1024,600,0,0.0011144746
Cold,343229,2016,2015,1024,600,1,0.008083595
Cold,235233,1425,1424,1024,600,1,-0.0030179631
Cold,237230,1442,1441,1024,600,0,-0.0071065654
Cold,216093,1311,1310,1024,600,1,0.0031698407
Cold,213970,1299,1298,1024,600,1,-0.0005510305
Cold,279869,1680,1679,1024,600,1,-0.006043681
Cold,273241,1647,1646,1024,600,0,0.0010526651
Cold,592179,3610,3609,1024,600,0,-0.0046109953
Cold,235889,1427,1426,1024,600,0,0.008567976
Cold,293293,1746,1745,1024,600,0,-0.0005606541
Cold,328658,1941,1940,1024,600,0,0.0036798543
Cold,196719,1207,1206,1024,600,1,-0.001494887
Cold,173834,1100,1099,1024,600,0,-9.444542e-06
Cold,346384,2030,2029,1024,600,0,0.0070203254
Cold,249005,1501,1500,1024,600,1,0.0014269752
Cold,168053,1068,1067,1024,600,0,0.003925899
Cold,162380,1034,1033,1024,600,0,0.003784715
Cold,156036,1004,1003,1024,600,0,-0.0029688315
Cold,277151,1675,1674,1024,600,1,-0.0050364383
Cold,134566,869,868,1024,600,1,-0.016953707
Cold,128793,836,835,1024,600,0,0.004527136
Cold,263655,1605,1604,1024,600,0,-0.009129763
Cold,121313,780,779,1024,600,0,-0.0061966507
Cold,99355,662,661,1024,600,0,-0.0039402386
Cold,152341,980,979,1024,600,1,-0.012222581
Cold,109435,714,713,1024,600,1,-0.0037128814
Cold,93871,629,628,1024,600,0,-0.0014406436
Cold,94486,634,633,1024,600,1,-0.003176613
Cold,92227,614,613,1024,600,0,-0.005415576
Cold,86244,563,562,1024,600,0,0.0031288997
Cold,85333,556,555,1024,600,1,-0.005709315
Cold,84489,550,549,1024,600,1,1.3820361e-05
Cold,132669,855,854,1024,600,0,-0.008349558
Cold,26166,186,185,1024,600,1,-0.005081795
Cold,18120,139,138,1024,600,0,-0.0031298255
Cold,13943,112,111,1024,600,0,-0.0014091553
Cold,10811,78,77,1024,600,1,0.0007303697
Cold,234341,1422,1421,1024,600,0,0.0022304272
Cold,251949,1524,1523,1024,600,0,-0.0013215621
Cold,326199,1930,1929,1024,600,0,-0.00705491
Cold,386177,2258,2257,1024,600,1,9.994101e-05
Cold,12083,92,91,1024,600,0,-0.008810895
Cold,102598,678,677,1024,600,1,-0.011744892
Cold,50665,333,332,1024,600,1,0.00046329852
Cold,40056,271,270,1024,600,1,0.0010252371
Cold,959106,5787,5786,1024,600,0,0.0043519777
Cold,285501,1701,1700,1024,600,0,0.0037088855
Cold,255622,1556,1555,1024,600,0,-0.0032581775
Cold,352292,2063,2062,1024,600,1,-0.0034909695
Cold,657664,3963,3962,1024,600,1,-0.0003057951
Cold,700059,4186,4185,1024,600,0,0.01130198
Cold,609753,3695,3694,1034,609,1,-0.0044939397
Cold,608056,3689,3688,1034,609,0,-0.00084608723
Cold,598397,3641,3640,1034,609,1,0.0047325627
Cold,594987,3620,3619,1034,609,1,-0.0017217789
Cold,590871,3603,3602,1034,609,0,-0.011913303
Cold,759379,4510,4509,1034,609,1,-0.0035117478
Cold,570096,3498,3497,1034,609,1,-0.007252971
Cold,569981,3497,3496,1034,609,1,0.007112066
Cold,557887,3425,3424,1034,609,0,-0.009534362
Cold,555961,3416,3415,1034,609,1,-0.003661315
Cold,536274,3308,3307,1034,609,1,-0.009128366
Cold,528353,3265,3264,1034,609,0,-0.008289766
Cold,524109,3230,3229,1034,609,0,0.002712582
Cold,518163,3197,3196,1034,609,1,-0.00028204266
Cold,567057,3481,3480,1034,609,1,0.0005716947
Cold,500773,3075,3074,1034,609,0,-0.004353949
Cold,714170,4277,4276,1034,609,1,0.001502309
Cold,496655,3051,3050,1034,609,0,-0.0048484597
Cold,482890,2967,2966,1034,609,1,-0.0030087882
Cold,475312,2917,2916,1034,609,0,-0.0032580192
Cold,474091,2909,2908,1034,609,0,-0.006545413
Cold,471465,2900,2899,1034,609,1,0.0030358462
Cold,880221,5317,5316,1034,609,1,-0.0006161933
Cold,458273,2820,2819,1034,609,1,-0.0015388529
Cold,446546,2752,2751,1034,609,1,-0.010157017
Cold,441389,2703,2702,1034,609,0,0.0027724104
Cold,833101,5008,5007,1034,609,0,0.0050124726
Cold,413019,2484,2483,1034,609,0,0.0054423986
Cold,408424,2453,2452,1034,609,1,-0.008163827
Cold,403889,2413,2412,1034,609,0,0.008707492
Cold,402513,2402,2401,1034,609,0,-0.0006162636
Cold,400782,2387,2386,1034,609,0,0.0032205097
Cold,394302,2323,2322,1034,609,1,0.00385141
Cold,390188,2288,2287,1034,609,1,0.00051006605
Cold,378493,2208,2207,1034,609,0,0.0016876226
Cold,372698,2176,2175,1034,609,1,-0.0006876361
Cold,368503,2153,2152,1034,609,1,-0.008149563
Cold,364981,2124,2123,1034,609,1,-0.00014035008
Cold,349627,2051,2050,1034,609,1,0.007282501
Cold,340933,2010,2009,1034,609,0,-0.0066066957
Cold,329573,1943,1942,1034,609,1,-0.0035632649
Cold,313922,1874,1873,1034,609,1,-0.00867406
Cold,323287,1916,1915,1034,609,1,-0.0021569468
Cold,300939,1785,1784,1034,609,0,-0.0015406287
Cold,287866,1717,1716,1034,609,1,-0.0017835354
Cold,284512,1698,1697,1034,609,1,-0.00502301
Cold,282091,1692,1691,1034,609,1,-0.0036861775
Cold,279916,1680,1679,1034,609,1,-0.0068557234
Cold,274537,1658,1657,1034,609,1,0.0020481637
Cold,262606,1601,1600,1034,609,1,0.005534011
Cold,236092,1430,1429,1034,609,1,0.0007430848
Cold,209264,1278,1277,1034,609,0,0.005405943
Cold,208965,1274,1273,1034,609,1,-0.0031555332
Cold,215098,1303,1302,1034,609,1,-0.0006786804
Cold,271118,1639,1638,1034,609,1,-0.009114298
Cold,357947,2094,2093,1034,609,1,-0.0010427493
Cold,308920,1837,1836,1034,609,1,-0.0028977434
Cold,186696,1155,1154,1034,609,1,0.0025661474
Cold,181333,1133,1132,1034,609,0,0.00047261617
Cold,168074,1068,1067,1034,609,1,0.0040571326
Cold,157240,1010,1009,1034,609,1,-0.0035000292
Cold,158654,1015,1014,1034,609,1,-0.0019867942
Cold,147127,948,947,1034,609,1,0.0031630374
Cold,185772,1150,1149,1034,609,0,0.0030321763
Cold,133483,862,861,1034,609,1,-0.005660674
Cold,131352,850,849,1034,609,0,-0.00115187
Cold,352331,2063,2062,1034,609,0,0.003542988
Cold,127832,824,823,1034,609,1,-0.0046130153
Cold,132690,855,854,1034,609,0,0.00068741734
Cold,115003,746,745,1034,609,0,0.0041977298
Cold,105279,696,695,1034,609,1,-0.0077315876
Cold,100332,669,668,1034,609,1,0.0019711675
Cold,295055,1752,1751,1034,609,1,-0.0012531499
Cold,111057,721,720,1034,609,1,-0.0037519212
Cold,91696,608,607,1034,609,0,0.0016155479
Cold,115544,749,748,1034,609,0,-0.0029529773
Cold,191440,1181,1180,1034,609,0,0.005230585
Cold,77875,524,523,1034,609,1,-0.0077352957
Cold,197470,1211,1210,1034,609,1,-0.0007318652
Cold,116590,752,751,1034,609,1,-0.010207516
Cold,68883,461,460,1034,609,0,-0.0021889713
Cold,64376,429,428,1034,609,0,-0.0017129323
Cold,59206,402,401,1034,609,0,-0.001904161
Cold,48887,327,326,1034,609,0,-0.0005696865
Cold,317937,1889,1888,1034,609,0,-0.0077999937
Cold,44697,302,301,1034,609,0,-0.002959473
Cold,42127,285,284,1034,609,1,-0.0060080625
Cold,26523,187,186,1034,609,1,-0.006363501
Cold,33608,225,224,1034,609,0,0.00037270994
Cold,224341,1356,1355,1034,609,1,-0.0072983606
Cold,437281,2669,2668,1034,609,1,-0.0033257771
Cold,795051,4757,4756,1034,609,0,-0.0069883643
Cold,558680,3430,3429,1034,609,0,-0.0055447305
Cold,24472,173,172,1034,609,0,-0.007895835
Cold,771917,4600,4599,1034,609,1,0.0034720707
Cold,416922,2507,2506,1034,609,1,-0.0033574956
Cold,460855,2841,2840,1034,609,1,-0.0041227085
Cold,290531,1733,1732,1034,609,0,-0.0096641425
Cold,164852,1051,1050,1034,609,1,-0.011493574
Cold,2709,22,21,1034,609,1,-0.0042522796
Cold,309795,1842,1841,1034,609,1,0.0042796233
Cold,238266,1447,1446,1034,609,1,-0.0047406573
Cold,513143,3163,3162,1034,609,1,-0.0046553337
Cold,941819,5682,5681,1034,609,1,-0.012371155
Cold,261962,1599,1598,1034,609,0,0.0040901504
Cold,193902,1194,1193,1034,609,0,-0.0058291866
Cold,172076,1088,1087,1034,609,0,-0.0050586504
Cold,937433,5654,5653,1034,609,1,-0.009534184
Cold,550582,3391,3390,1034,609,1,-0.010277342
Cold,408441,2453,2452,1043,615,0,0.0036209375
Cold,404746,2419,2418,1043,615,0,-8.2324725e-05
Cold,379593,2219,2218,1043,615,0,-0.0028520364
Cold,364465,2123,2122,1043,615,1,-0.0069701793
Cold,352367,2063,2062,1043,615,1,0.0048260074
Cold,279970,1680,1679,1043,615,0,0.0009049121
Cold,338379,1988,1987,1043,615,0,-0.008516084
Cold,189651,1175,1174,1043,615,0,0.00063955714
Cold,186791,1156,1155,1043,615,0,-0.0013557745
Cold,185796,1150,1149,1043,615,0,-0.0025317017
Cold,331953,1958,1957,1043,615,0,-0.000690026
Cold,263710,1605,1604,1043,615,0,0.0023605698
Cold,221649,1340,1339,1043,615,0,-0.0068330746
Cold,138848,889,888,1043,615,0,0.008361292
Cold,136949,881,880,1043,615,0,0.004858556
Cold,132121,854,853,1043,615,0,0.0001144968
Cold,223803,1354,1353,1043,615,0,-0.0026046492
Cold,103534,687,686,1043,615,0,0.001705557
Cold,361132,2106,2105,1043,615,0,-0.0023944431
Cold,87346,570,569,1043,615,1,0.0009881662
Cold,239348,1448,1447,1043,615,0,0.0053109396
Cold,78698,528,527,1043,615,1,-0.0017190252
Cold,132708,855,854,1043,615,0,0.004439085
Cold,697799,4169,4168,1043,615,1,-0.00040162657
Cold,39622,268,267,1043,615,0,0.0042932127
Cold,199907,1227,1226,1043,615,1,-2.7931761e-05
Cold,26541,187,186,1043,615,1,-0.006840908
Cold,21312,156,155,1043,615,1,0.0031852268
Cold,7907,53,52,1043,615,1,-0.0105833225
Cold,6346,45,44,1043,615,0,0.010672282
Cold,470,6,5,1043,615,1,-0.007031298
Cold,20888,151,150,1043,615,0,-0.0019251527
Cold,79749,531,530,1043,615,0,-0.001796125
Cold,682779,4085,4084,1043,615,0,-0.000913376
Cold,164874,1051,1050,1043,615,0,-0.0014867638
Cold,145113,934,933,1043,615,0,-0.00857326
Cold,204765,1260,1259,1043,615,0,0.0030689486
Cold,195768,1203,1202,1043,615,0,0.007066305
Cold,336383,1980,1979,1043,615,0,-0.009908188
Cold,720654,4312,4311,1043,615,0,-0.004448188
Cold,476494,2926,2925,1043,615,0,-0.00097373826
Cold,565799,3475,3474,1043,615,0,-0.0025897352
Cold,769148,4579,4578,1043,615,0,-0.0009113522
Cold,545404,3363,3362,1043,615,1,0.005401196
Cold,217350,1317,1316,1043,615,0,-0.0055672224
Cold,832060,5001,5000,1043,615,1,0.0014861133
Cold,877565,5302,5301,1043,615,0,-0.0014140606
Cold,719046,4305,4304,1043,615,0,0.01517252
Cold,307738,1835,1834,1046,616,1,0.011672501
Cold,181670,1135,1134,1046,616,1,0.0034044334
Cold,258615,1584,1583,1046,616,1,0.006961567
Cold,139496,891,890,1046,616,0,0.008742109
Cold,138851,889,888,1046,616,1,0.012358798
Cold,133092,858,857,1046,616,1,0.009864064
Cold,117930,760,759,1046,616,1,0.0072016204
Cold,101017,673,672,1046,616,1,-0.00024181884
Cold,88111,580,579,1046,616,0,0.0077254022
Cold,85691,558,557,1046,616,1,0.005044978
Cold,49620,329,328,1046,616,0,0.012500982
Cold,33631,225,224,1046,616,1,0.014386348
Cold,199908,1227,1226,1046,616,1,0.008269326
Cold,23218,166,165,1046,616,1,0.006528627
Cold,16007,126,125,1046,616,1,0.0018563024
Cold,7911,53,52,1046,616,1,0.005683867
Cold,300,5,4,1046,616,1,0.0071048513
Cold,785867,4697,4696,1046,616,1,0.0009312597
Cold,796395,4771,4770,1046,616,1,0.017222296
Cold,206494,1265,1264,1046,616,1,0.013999132
Cold,361133,2106,2105,1046,616,1,0.014238696
Cold,23831,169,168,1046,616,0,0.017320938
Cold,261273,1597,1596,1046,616,0,0.0064395717
Cold,24494,173,172,1046,616,0,0.011562588
Cold,116930,753,752,1046,616,1,0.004824783
Cold,454742,2796,2795,1046,616,1,0.0054352297
Cold,328755,1941,1940,1046,616,1,0.012812136
Cold,331031,1954,1953,1046,616,1,-0.00011829601
Cold,907106,5488,5487,1046,616,1,0.013929736
Cold,27616,193,192,1046,616,0,0.0076631377
Cold,580669,3546,3545,1050,619,0,0.01272276
Cold,513967,3171,3170,1050,619,1,0.0022010333
Cold,548625,3386,3385,1050,619,0,-0.0043620067
Cold,506910,3118,3117,1050,619,1,0.00551452
Cold,505713,3110,3109,1050,619,0,-0.00025438843
Cold,493592,3031,3030,1050,619,1,-0.002753019
Cold,475220,2916,2915,1050,619,1,0.002150861
Cold,454384,2795,2794,1050,619,1,-0.00044434238
Cold,442500,2724,2723,1050,619,1,0.0046716323
Cold,431481,2628,2627,1050,619,0,0.001276435
Cold,428668,2608,2607,1050,619,0,-0.0039214366
Cold,429324,2611,2610,1050,619,1,-0.0014628523
Cold,413476,2486,2485,1050,619,1,-0.0007670027
Cold,388655,2276,2275,1050,619,1,-0.004809305
Cold,372163,2173,2172,1050,619,1,0.0034048725
Cold,352391,2063,2062,1050,619,1,0.0077530826
Cold,346727,2031,2030,1050,619,1,0.0014380983
Cold,357733,2092,2091,1050,619,0,0.0014664704
Cold,333186,1967,1966,1050,619,1,-0.0020834852
Cold,334804,1974,1973,1050,619,1,0.004034481
Cold,325064,1925,1924,1050,619,1,-0.005667855
Cold,282101,1692,1691,1050,619,1,0.00058920844
Cold,276489,1671,1670,1050,619,0,-0.0031119676
Cold,267682,1626,1625,1050,619,1,-2.9600691e-05
Cold,304170,1806,1805,1050,619,1,-0.004645823
Cold,303144,1800,1799,1050,619,1,-0.003086674
Cold,232196,1408,1407,1050,619,0,0.0010993679
Cold,229005,1387,1386,1050,619,1,0.008312601
Cold,329603,1943,1942,1050,619,1,0.0019470825
Cold,320369,1899,1898,1050,619,1,-0.010932533
Cold,221665,1340,1339,1050,619,0,0.00016190938
Cold,211411,1285,1284,1050,619,1,0.00042976695
Cold,206101,1264,1263,1050,619,1,-0.0012474144
Cold,200700,1232,1231,1050,619,1,-0.0036694624
Cold,342842,2015,2014,1050,619,1,-0.0012257458
Cold,374450,2181,2180,1050,619,1,0.0060968082
Cold,185817,1150,1149,1050,619,1,0.009773083
Cold,316415,1883,1882,1050,619,1,-0.0040190285
Cold,183370,1141,1140,1050,619,1,-0.0027331347
Cold,307754,1835,1834,1050,619,1,0.008216837
Cold,188338,1168,1167,1050,619,1,-0.0031277891
Cold,168709,1069,1068,1050,619,1,-0.004950586
Cold,191504,1181,1180,1050,619,1,0.0016079233
Cold,244920,1474,1473,1050,619,1,0.00048287003
Cold,158709,1015,1014,1050,619,1,-0.0038157108
Cold,270247,1635,1634,1050,619,1,-0.0014816308
Cold,139499,891,890,1050,619,1,-0.0016124852
Cold,138872,889,888,1050,619,1,0.0009066148
Cold,147991,953,952,1050,619,1,-0.00170112
Cold,245917,1484,1483,1050,619,0,-0.008117668
Cold,180485,1128,1127,1050,619,0,-0.0034441128
Cold,127954,826,825,1050,619,1,-0.007912272
Cold,116626,752,751,1050,619,1,0.00030265166
Cold,106341,699,698,1050,619,1,-0.00023309898
Cold,223810,1354,1353,1050,619,1,-0.009660478
Cold,100351,669,668,1050,619,1,-0.008322701
Cold,97995,655,654,1050,619,1,-0.0019686641
Cold,84555,550,549,1050,619,0,0.0012151033
Cold,77926,524,523,1050,619,1,0.0019377077
Cold,197486,1211,1210,1050,619,1,-0.009966638
Cold,72374,482,481,1050,619,1,-0.0064891446
Cold,54820,358,357,1050,619,0,0.0024679257
Cold,46911,314,313,1050,619,0,0.0013244774
Cold,34817,235,234,1050,619,0,0.0019737445
Cold,32757,222,221,1050,619,1,0.004429057
Cold,440215,2691,2690,1050,619,1,-0.0008004538
Cold,26555,187,186,1050,619,1,-0.0050013824
Cold,947799,5722,5721,1050,619,0,-0.011797384
Cold,33641,225,224,1050,619,1,0.0039048214
Cold,210350,1284,1283,1050,619,0,-0.0017851654
Cold,211705,1287,1286,1050,619,1,-0.0017480359
Cold,9412,62,61,1050,619,1,-0.007345384
Cold,24505,173,172,1050,619,1,-0.0030693575
Cold,160457,1019,1018,1050,619,1,0.0030988727
Cold,286921,1712,1711,1050,619,0,-0.0043457537
Cold,967577,5831,5830,1050,619,1,-0.005577266
Cold,249969,1505,1504,1050,619,1,-0.0008530321
Cold,460876,2841,2840,1050,619,1,-0.003825566
Cold,265315,1611,1610,1050,619,1,-0.002943311
Cold,309814,1842,1841,1050,619,1,-0.005236243
Cold,229434,1389,1388,1050,619,1,-0.002122588
Cold,285543,1701,1700,1050,619,0,-0.004788365
Cold,217363,1317,1316,1050,619,1,0.0068633636
Cold,172120,1088,1087,1050,619,1,0.0019481576
Cold,739616,4418,4417,1050,619,0,-0.0046115126
Cold,461664,2847,2846,1050,619,0,0.00751945
Cold,179271,1124,1123,1051,620,1,-0.0030092578
Cold,168710,1069,1068,1051,620,1,0.006381912
Cold,258626,1584,1583,1051,620,1,0.0010672503
Cold,191507,1181,1180,1051,620,0,-0.0018629846
Cold,320371,1899,1898,1051,620,0,0.0051933886
Cold,221666,1340,1339,1051,620,0,-0.006780274
Cold,271146,1639,1638,1051,620,1,-0.003803486
Cold,195783,1203,1202,1051,620,1,-0.0063264705
Cold,157278,1010,1009,1051,620,1,-0.001813997
Cold,714208,4277,4276,1051,620,1,-0.009609365
Cold,138875,889,888,1051,620,0,-0.0048479503
Cold,263725,1605,1604,1051,620,0,-0.0022308608
Cold,779144,4653,4652,1051,620,0,-0.0059657916
Cold,697827,4169,4168,1051,620,0,-0.001727228
Cold,83570,549,548,1051,620,1,0.0033563958
Cold,77927,524,523,1051,620,1,-0.0011252651
Cold,72375,482,481,1051,620,1,0.005097889
Cold,70291,474,473,1051,620,1,-0.006018605
Cold,240570,1449,1448,1051,620,1,-0.0037110932
Cold,132721,855,854,1051,620,1,-8.0453e-05
Cold,41556,283,282,1051,620,1,-0.0014009858
Cold,38386,261,260,1051,620,0,-0.00024621072
Cold,33642,225,224,1051,620,1,0.0030146986
Cold,23227,166,165,1051,620,0,-0.000966551
Cold,7928,53,52,1051,620,0,-0.0006276675
Cold,207173,1266,1265,1051,620,0,-0.00017226406
Cold,50334,331,330,1051,620,1,-0.013247138
Cold,158712,1015,1014,1051,620,1,0.00011695246
Cold,65594,438,437,1051,620,1,-0.0053374064
Cold,129717,839,838,1051,620,1,0.0029403719
Cold,893512,5394,5393,1051,620,0,0.00022744527
Cold,778396,4647,4646,1051,620,0,-0.0048384597
Cold,497434,3054,3053,1051,620,0,-0.00016307039
Cold,960465,5792,5791,1051,620,1,-0.0014315385
Cold,375742,2188,2187,1051,620,0,-0.0029798746
Cold,59962,408,407,1051,620,1,-0.0055997255
Cold,633667,3824,3823,1051,620,0,-0.0026288969
Cold,290573,1733,1732,1051,620,1,-0.0023496437
Cold,697833,4169,4168,1054,621,1,0.012478813
Cold,87352,570,569,1054,621,0,0.004660472
Cold,191512,1181,1180,1054,621,0,0.012306959
Cold,77932,524,523,1054,621,1,0.01833333
Cold,60237,409,408,1054,621,0,0.003618601
Cold,59226,402,401,1054,621,1,0.0025862996
Cold,54014,352,351,1054,621,1,0.015531023
Cold,47686,319,318,1054,621,0,0.002141215
Cold,45057,303,302,1054,621,1,0.0052608433
Cold,257967,1579,1578,1054,621,0,0.01124463
Cold,35372,238,237,1054,621,1,0.0034437736
Cold,88982,587,586,1054,621,0,0.015877727
Cold,29320,199,198,1054,621,0,-0.0018206455
Cold,26556,187,186,1054,621,1,-0.00072422554
Cold,7190,49,48,1054,621,1,0.001700179
Cold,223816,1354,1353,1054,621,1,0.0057882257
Cold,158717,1015,1014,1054,621,0,0.009523107
Cold,242010,1457,1456,1054,621,1,0.00885972
Cold,116630,752,751,1054,621,1,0.015284462
Cold,245921,1484,1483,1054,621,1,-0.0058143046
Cold,215729,1306,1305,1054,621,1,0.006052482
Cold,597608,3635,3634,1066,627,1,0.002594667
Cold,697865,4169,4168,1066,627,1,-0.0035581198
Cold,586035,3577,3576,1066,627,1,-0.0051371856
Cold,586290,3578,3577,1066,627,1,-0.0032023746
Cold,580294,3544,3543,1066,627,1,-0.00070235203
Cold,567068,3481,3480,1066,627,1,-0.0060037463
Cold,560541,3445,3444,1066,627,1,-0.0066886023
Cold,553073,3402,3401,1066,627,1,-0.0038428544
Cold,544951,3360,3359,1066,627,1,0.003940628
Cold,533706,3292,3291,1066,627,1,-0.0041721673
Cold,529287,3271,3270,1066,627,0,-0.0032824846
Cold,524261,3231,3230,1066,627,1,-0.0014758371
Cold,616737,3732,3731,1066,627,0,-0.0065690596
Cold,506937,3118,3117,1066,627,1,-0.0056439876
Cold,769165,4579,4578,1066,627,0,-0.00883925
Cold,496239,3049,3048,1066,627,1,0.00478492
Cold,492215,3026,3025,1066,627,1,0.008797908
Cold,491859,3025,3024,1066,627,1,-0.0076109874
Cold,479019,2939,2938,1066,627,1,-0.0019311185
Cold,530612,3278,3277,1066,627,1,0.0008064565
Cold,474847,2913,2912,1066,627,1,0.0075655878
Cold,469294,2889,2888,1066,627,1,0.0007327964
Cold,755023,4497,4496,1066,627,0,-0.0056032343
Cold,459261,2826,2825,1066,627,1,0.0039155744
Cold,455975,2807,2806,1066,627,1,-0.0058800452
Cold,448593,2764,2763,1066,627,1,0.0037632622
Cold,447060,2753,2752,1066,627,1,-0.0070136795
Cold,446036,2750,2749,1066,627,1,-0.0062661385
Cold,444013,2737,2736,1066,627,0,-0.0041048117
Cold,439982,2689,2688,1066,627,1,-0.004056863
Cold,431921,2631,2630,1066,627,1,0.019788468
Cold,416999,2507,2506,1066,627,1,-0.0042836764
Cold,413484,2486,2485,1066,627,0,0.0020922888
Cold,403894,2413,2412,1066,627,0,-0.002766797
Cold,908457,5493,5492,1066,627,1,-0.010201194
Cold,400575,2383,2382,1066,627,1,-0.0028745253
Cold,396046,2340,2339,1066,627,1,-0.0022439219
Cold,390944,2296,2295,1066,627,1,0.0006708228
Cold,390803,2293,2292,1066,627,1,-0.0039372337
Cold,367270,2143,2142,1066,627,1,-0.0016349624
Cold,357093,2091,2090,1066,627,1,-0.0038294184
Cold,353784,2072,2071,1066,627,1,0.0043801283
Cold,374491,2181,2180,1066,627,1,-0.005260879
Cold,347139,2036,2035,1066,627,1,0.0019914599
Cold,346901,2034,2033,1066,627,1,0.003932767
Cold,343817,2018,2017,1066,627,1,0.0003595366
Cold,342890,2015,2014,1066,627,0,0.0053141066
Cold,327275,1939,1938,1066,627,1,0.009007312
Cold,295802,1755,1754,1066,627,1,-0.007493254
Cold,286036,1706,1705,1066,627,1,0.006977333
Cold,284979,1699,1698,1066,627,1,-0.0036298614
Cold,257149,1576,1575,1066,627,1,-0.0075947596
Cold,259163,1586,1585,1066,627,1,-0.005245694
Cold,252087,1525,1524,1066,627,1,-0.002745275
Cold,252132,1526,1525,1066,627,1,-0.0067050606
Cold,244539,1472,1471,1066,627,1,-0.0071282275
Cold,246518,1489,1488,1066,627,1,0.004740949
Cold,258643,1584,1583,1066,627,0,-0.010666218
Cold,229012,1387,1386,1066,627,1,-0.0023068246
Cold,228613,1383,1382,1066,627,1,-0.0004525131
Cold,225442,1364,1363,1066,627,1,0.0018556761
Cold,218162,1322,1321,1066,627,1,-0.006878605
Cold,318215,1890,1889,1066,627,1,-0.0035994137
Cold,209618,1279,1278,1066,627,1,-0.0019072762
Cold,209013,1274,1273,1066,627,0,-0.0020617843
Cold,206126,1264,1263,1066,627,0,-0.002989294
Cold,203916,1254,1253,1066,627,1,0.0071556633
Cold,592243,3610,3609,1066,627,0,0.0012227483
Cold,199680,1224,1223,1066,627,1,-0.006687664
Cold,193022,1191,1190,1066,627,1,-0.0006614963
Cold,212580,1294,1293,1066,627,1,-0.008299358
Cold,176582,1116,1115,1066,627,1,-0.0076878625
Cold,169152,1073,1072,1066,627,1,-0.004782122
Cold,165844,1057,1056,1066,627,1,-0.0044021425
Cold,165065,1052,1051,1066,627,1,0.0020634676
Cold,162405,1034,1033,1066,627,1,-0.0010629548
Cold,156094,1004,1003,1066,627,0,0.00039924448
Cold,153874,989,988,1066,627,1,-0.0057748775
Cold,144576,931,930,1066,627,1,-0.005468214
Cold,185871,1150,1149,1066,627,1,-0.0023765238
Cold,191566,1181,1180,1066,627,0,0.0011544281
Cold,347556,2038,2037,1066,627,0,0.007120257
Cold,138934,889,888,1066,627,1,-0.006918543
Cold,436766,2665,2664,1066,627,0,-0.0013940232
Cold,319019,1896,1895,1066,627,1,-0.007929053
Cold,131390,850,849,1066,627,1,0.0007052035
Cold,374928,2185,2184,1066,627,1,-0.003519386
Cold,240624,1449,1448,1066,627,1,0.0004088683
Cold,112748,731,730,1066,627,1,-0.0067987647
Cold,583739,3562,3561,1066,627,0,-0.0067664026
Cold,105310,696,695,1066,627,1,-0.00066449074
Cold,317110,1884,1883,1066,627,1,-0.00034743035
Cold,314245,1875,1874,1066,627,1,0.0047199586
Cold,89890,591,590,1066,627,1,0.0037453347
Cold,89442,588,587,1066,627,1,-0.0038071638
Cold,70001,473,472,1066,627,1,0.0016421452
Cold,61884,415,414,1066,627,1,2.8752256e-05
Cold,56628,379,378,1066,627,1,-0.007865724
Cold,52862,348,347,1066,627,1,0.005250613
Cold,52639,346,345,1066,627,1,-0.0048323474
Cold,48913,327,326,1066,627,0,-0.0049283803
Cold,48205,323,322,1066,627,1,-0.0056247
Cold,12758,97,96,1066,627,1,-0.00023348979
Cold,949318,5734,5733,1066,627,0,-0.00019705063
Cold,320402,1899,1898,1066,627,1,-0.0006300304
Cold,421299,2544,2543,1066,627,1,-0.008047277
Cold,171041,1087,1086,1066,627,1,-0.0073449574
Cold,773920,4611,4610,1066,627,1,-0.010157781
Cold,161456,1029,1028,1066,627,1,-0.010003144
Cold,10405,74,73,1066,627,1,-0.009926403
Cold,287895,1717,1716,1066,627,1,-0.0018384047
Cold,172165,1088,1087,1066,627,1,-0.006920441
Cold,748358,4467,4466,1066,627,1,8.929451e-05
Cold,63484,424,423,1066,627,1,-0.002333959
Cold,8867,59,58,1066,627,1,-0.0056030303
Cold,441397,2703,2702,1069,628,1,-0.0027454775
Cold,438695,2680,2679,1069,628,1,0.0057151564
Cold,421534,2546,2545,1069,628,0,-0.002862913
Cold,420001,2537,2536,1069,628,1,-0.0010072622
Cold,418211,2526,2525,1069,628,1,-0.0042126677
Cold,397448,2353,2352,1069,628,1,0.0019018387
Cold,394677,2329,2328,1069,628,0,0.00812218
Cold,390804,2293,2292,1069,628,1,-0.005991017
Cold,379417,2218,2217,1069,628,1,-0.00034385698
Cold,364208,2121,2120,1069,628,1,-0.0016643201
Cold,353247,2069,2068,1069,628,1,0.00041450805
Cold,357764,2092,2091,1069,628,1,-0.012422963
Cold,342047,2014,2013,1069,628,1,-0.0011543867
Cold,339736,2002,2001,1069,628,1,-0.009016262
Cold,323322,1916,1915,1069,628,0,-0.00797434
Cold,229014,1387,1386,1069,628,1,-0.002235577
Cold,208445,1273,1272,1069,628,1,0.0027697152
Cold,204274,1258,1257,1069,628,1,0.0041256594
Cold,193024,1191,1190,1069,628,1,-0.00040516548
Cold,182933,1140,1139,1069,628,1,-0.0063271807
Cold,181502,1134,1133,1069,628,1,0.0049909567
Cold,191570,1181,1180,1069,628,0,-0.002435897
Cold,165372,1053,1052,1069,628,1,0.0010164819
Cold,162406,1034,1033,1069,628,1,-0.0068466426
Cold,161110,1026,1025,1069,628,0,-0.0056670327
Cold,246519,1489,1488,1069,628,0,-0.00024732735
Cold,144578,931,930,1069,628,1,-0.0010181062
Cold,138937,889,888,1069,628,1,-0.0076535125
Cold,80616,535,534,1069,628,0,-0.0065872455
Cold,70966,476,475,1069,628,1,-0.0026284321
Cold,57792,391,390,1069,628,1,0.0018164723
Cold,74087,504,503,1069,628,1,-0.0062182294
Cold,45625,307,306,1069,628,1,0.0023957961
Cold,45122,304,303,1069,628,1,-0.006796294
Cold,714244,4277,4276,1069,628,1,-0.009925539
Cold,25937,183,182,1069,628,0,-0.011266558
Cold,482081,2962,2961,1069,628,0,-0.0071773995
Cold,13947,112,111,1069,628,1,-0.0036617646
Cold,12759,97,96,1069,628,1,-0.0048045553
Cold,592245,3610,3609,1069,628,0,-0.01756826
Cold,1880,17,16,1069,628,1,-0.0010620384
Cold,253224,1539,1538,1069,628,1,-0.0061691087
Cold,821769,4940,4939,1069,628,1,-0.013215886
Cold,24545,173,172,1069,628,1,-0.0023104604
Cold,454763,2796,2795,1069,628,0,-0.014341894
Cold,388263,2271,2270,1069,628,1,-0.0038831737
Cold,421301,2544,2543,1069,628,1,-0.0024843982
Cold,172167,1088,1087,1069,628,0,-0.0012387931
Cold,294001,1748,1747,1069,628,1,-0.005290066
Cold,322780,1912,1911,1069,628,0,-0.013325774
Cold,611496,3705,3704,1082,635,1,0.0041516535
Cold,595425,3621,3620,1082,635,1,-0.0050293645
Cold,590333,3600,3599,1082,635,1,0.002054939
Cold,581081,3547,3546,1082,635,0,-0.0068277144
Cold,714287,4277,4276,1082,635,1,-0.004853214
Cold,632126,3822,3821,1082,635,0,-0.013125607
Cold,547049,3371,3370,1082,635,1,-0.008555513
Cold,543546,3346,3345,1082,635,1,-0.002081727
Cold,539629,3319,3318,1082,635,0,-0.0032049536
Cold,534872,3300,3299,1082,635,1,0.0018686331
Cold,533746,3292,3291,1082,635,1,-0.0032065145
Cold,525748,3246,3245,1082,635,1,-0.0022776015
Cold,520949,3215,3214,1082,635,1,-0.0040750275
Cold,546257,3367,3366,1082,635,0,0.0012483725
Cold,485894,2990,2989,1082,635,0,-0.0072780885
Cold,697918,4169,4168,1082,635,1,0.0030522398
Cold,477348,2929,2928,1082,635,1,0.003424658
Cold,474858,2913,2912,1082,635,1,-0.0044470904
Cold,853019,5113,5112,1082,635,0,0.0009159888
Cold,467163,2878,2877,1082,635,0,-0.0027629365
Cold,459280,2826,2825,1082,635,1,-0.0029296489
Cold,458377,2820,2819,1082,635,1,0.0014180833
Cold,450049,2774,2773,1082,635,1,-0.0054273414
Cold,442123,2719,2718,1082,635,1,-0.0028104214
Cold,420030,2537,2536,1082,635,0,-0.00031870042
Cold,425496,2581,2580,1082,635,1,0.0020096772
Cold,414973,2497,2496,1082,635,1,0.002361792
Cold,399321,2376,2375,1082,635,1,-0.003294958
Cold,394681,2329,2328,1082,635,0,-0.0058727944
Cold,392631,2304,2303,1082,635,1,-0.00492385
Cold,402943,2405,2404,1082,635,1,-0.006009139
Cold,388770,2278,2277,1082,635,1,-0.0058322535
Cold,385472,2251,2250,1082,635,1,-0.0058366335
Cold,381851,2231,2230,1082,635,0,-0.001162325
Cold,378077,2205,2204,1082,635,0,-0.0021165705
Cold,372187,2173,2172,1082,635,0,0.0055196295
Cold,370158,2164,2163,1082,635,0,0.0042732013
Cold,365068,2124,2123,1082,635,0,-0.001213342
Cold,344341,2020,2019,1082,635,0,0.0050940523
Cold,323343,1916,1915,1082,635,1,-0.0036924982
Cold,320661,1901,1900,1082,635,1,0.0014071927
Cold,281043,1685,1684,1082,635,1,-0.00046888908
Cold,280162,1680,1679,1082,635,1,-0.0033144776
Cold,274592,1658,1657,1082,635,1,-0.003041211
Cold,269386,1632,1631,1082,635,0,-0.0060418053
Cold,346476,2030,2029,1082,635,1,0.002737248
Cold,260250,1591,1590,1082,635,1,-0.008030023
Cold,243095,1465,1464,1082,635,1,0.0019405498
Cold,230241,1392,1391,1082,635,0,0.006096776
Cold,206164,1264,1263,1082,635,1,-0.0025735318
Cold,192232,1183,1182,1082,635,0,0.0037329549
Cold,219569,1331,1330,1082,635,1,-0.0015918941
Cold,191635,1181,1180,1082,635,0,-0.013439987
Cold,320440,1899,1898,1082,635,1,0.00030459114
Cold,153393,984,983,1082,635,1,-0.0030286564
Cold,222216,1343,1342,1082,635,1,0.002373144
Cold,185932,1150,1149,1082,635,0,-0.0008635998
Cold,143150,922,921,1082,635,1,0.009886104
Cold,139000,889,888,1082,635,1,0.001707267
Cold,141761,911,910,1082,635,1,0.0026198062
Cold,127874,824,823,1082,635,0,0.0027770554
Cold,108411,710,709,1082,635,1,0.00040310086
Cold,329669,1943,1942,1082,635,1,-0.0031981862
Cold,284635,1698,1697,1082,635,1,-0.009594502
Cold,85717,558,557,1082,635,1,7.620966e-05
Cold,83667,549,548,1082,635,1,0.005638688
Cold,66691,445,444,1082,635,0,-0.0018617525
Cold,55389,366,365,1082,635,1,-0.00019001681
Cold,240679,1449,1448,1082,635,0,-0.0030063954
Cold,211510,1285,1284,1082,635,1,-0.0019347982
Cold,51726,339,338,1082,635,1,-0.008332144
Cold,58247,392,391,1082,635,1,0.010156694
Cold,145552,935,934,1082,635,1,0.0019261651
Cold,35399,238,237,1082,635,1,-0.005815451
Cold,32378,216,215,1082,635,0,-0.010103883
Cold,61905,415,414,1082,635,1,0.0020875663
Cold,9475,62,61,1082,635,1,-0.00862618
Cold,166709,1059,1058,1082,635,1,-0.001286786
Cold,421342,2544,2543,1082,635,1,-0.0002627942
Cold,890281,5371,5370,1082,635,1,-0.002418617
Cold,18869,146,145,1082,635,1,0.0025901296
Cold,180926,1130,1129,1082,635,1,-0.002531501
Cold,65650,438,437,1082,635,1,-0.013211077
Cold,823642,4950,4949,1082,635,0,0.0037664836
Cold,60985,411,410,1082,635,1,0.00037773908
Cold,633748,3824,3823,1082,635,0,-0.0006789472
Cold,145157,934,933,1082,635,0,-0.00011502975
Cold,894155,5397,5396,1082,635,0,-0.0023778586
Cold,47766,319,318,1082,635,1,-0.0018087842
Cold,204830,1260,1259,1082,635,1,-0.0063342247
Cold,322826,1912,1911,1082,635,0,0.0024218266
Cold,195107,1202,1201,1082,635,1,0.005788994
Cold,286970,1712,1711,1082,635,0,-0.004352386
Cold,319665,1897,1896,1082,635,0,0.005868956
Cold,544803,3358,3357,1083,636,1,0.002269828
Cold,533748,3292,3291,1083,636,0,0.005540319
Cold,530716,3279,3278,1083,636,1,0.0010423741
Cold,523094,3224,3223,1083,636,1,0.0037877953
Cold,527698,3261,3260,1083,636,0,0.0060289344
Cold,509981,3140,3139,1083,636,1,0.013118211
Cold,503920,3096,3095,1083,636,1,8.845207e-05
Cold,501961,3081,3080,1083,636,1,0.006463982
Cold,546258,3367,3366,1083,636,0,0.0017041047
Cold,738583,4411,4410,1083,636,1,0.0029420597
Cold,491868,3025,3024,1083,636,1,0.0048831175
Cold,697919,4169,4168,1083,636,0,0.0035286986
Cold,467165,2878,2877,1083,636,0,0.0011110903
Cold,423580,2566,2565,1083,636,0,0.0021541915
Cold,421846,2550,2549,1083,636,0,0.016966518
Cold,420031,2537,2536,1083,636,0,-0.0052621784
Cold,419095,2529,2528,1083,636,0,0.009787084
Cold,412229,2478,2477,1083,636,1,0.009342644
Cold,410232,2460,2459,1083,636,0,-0.008558966
Cold,414830,2496,2495,1083,636,0,0.003496073
Cold,405475,2428,2427,1083,636,1,0.003470648
Cold,396757,2348,2347,1083,636,0,-0.00035486068
Cold,396263,2343,2342,1083,636,1,0.0010675471
Cold,392633,2304,2303,1083,636,0,0.009644564
Cold,390821,2293,2292,1083,636,0,0.005666307
Cold,383527,2241,2240,1083,636,1,0.00044008438
Cold,381853,2231,2230,1083,636,0,0.005242905
Cold,375999,2191,2190,1083,636,1,-0.008830638
Cold,377532,2203,2202,1083,636,1,0.006831862
Cold,436807,2665,2664,1083,636,0,0.020421878
Cold,362250,2110,2109,1083,636,0,-0.0068878443
Cold,357099,2091,2090,1083,636,1,0.008235207
Cold,356611,2088,2087,1083,636,1,0.005116772
Cold,345568,2026,2025,1083,636,0,0.00022390089
Cold,320442,1899,1898,1083,636,0,0.0131356595
Cold,317379,1887,1886,1083,636,1,0.010962609
Cold,297116,1761,1760,1083,636,1,-0.00031142845
Cold,297816,1764,1763,1083,636,1,-0.0035089832
Cold,268650,1631,1630,1083,636,0,0.00309494
Cold,259192,1586,1585,1083,636,1,0.013008668
Cold,255253,1553,1552,1083,636,1,0.0088684345
Cold,251745,1523,1522,1083,636,0,0.0034400893
Cold,243096,1465,1464,1083,636,1,0.012136038
Cold,244558,1472,1471,1083,636,1,0.007871067
Cold,357798,2092,2091,1083,636,0,0.0053088106
Cold,218187,1322,1321,1083,636,1,0.0064588822
Cold,326891,1937,1936,1083,636,0,0.0023460472
Cold,289590,1727,1726,1083,636,1,0.00431672
Cold,592279,3610,3609,1083,636,0,-0.007275546
Cold,264794,1609,1608,1083,636,0,0.0064348234
Cold,363689,2118,2117,1083,636,0,0.0071758623
Cold,185934,1150,1149,1083,636,0,-0.0012316355
Cold,316455,1883,1882,1083,636,0,0.009265769
Cold,183409,1141,1140,1083,636,1,-0.004868399
Cold,328901,1941,1940,1083,636,0,-0.00044657197
Cold,272452,1645,1644,1083,636,1,0.0008626047
Cold,162422,1034,1033,1083,636,0,0.0012577751
Cold,337308,1983,1982,1083,636,1,0.010452804
Cold,156117,1004,1003,1083,636,1,0.0039376677
Cold,167048,1062,1061,1083,636,0,0.0030811261
Cold,153394,984,983,1083,636,0,0.008425606
Cold,147206,948,947,1083,636,1,0.002931461
Cold,347578,2038,2037,1083,636,0,0.0013949478
Cold,249090,1501,1500,1083,636,1,0.0060961954
Cold,374947,2185,2184,1083,636,1,0.008817953
Cold,315714,1880,1879,1083,636,1,0.0054072496
Cold,115620,749,748,1083,636,1,0.008777209
Cold,112776,731,730,1083,636,1,0.011612698
Cold,107001,702,701,1083,636,1,0.014651501
Cold,103918,690,689,1083,636,1,0.007755016
Cold,116714,752,751,1083,636,1,0.009169807
Cold,95635,639,638,1083,636,0,0.0035130202
Cold,99646,664,663,1083,636,1,0.003140567
Cold,86904,566,565,1083,636,0,0.0083404435
Cold,82115,544,543,1083,636,1,0.017398398
Cold,80475,533,532,1083,636,1,0.00091020146
Cold,61469,412,411,1083,636,1,0.008515358
Cold,52872,348,347,1083,636,1,0.00013554562
Cold,39225,265,264,1083,636,1,0.013044871
Cold,36789,245,244,1083,636,0,-0.0008054308
Cold,33225,224,223,1083,636,0,0.0011431942
Cold,32380,216,215,1083,636,0,0.0030108446
Cold,25279,178,177,1083,636,1,0.010294292
Cold,14704,117,116,1083,636,1,0.0039719515
Cold,15835,123,122,1083,636,0,0.004589686
Cold,6418,45,44,1083,636,0,-0.0027507164
Cold,60987,411,410,1083,636,0,0.00014630775
Cold,234456,1422,1421,1083,636,0,0.00073823426
Cold,94664,635,634,1083,636,1,0.0007249974
Cold,552750,3401,3400,1083,636,1,0.007844558
Cold,141252,910,909,1083,636,0,0.00030728988
Cold,841641,5054,5053,1083,636,1,0.0068273954
Cold,410578,2462,2461,1083,636,1,0.006131247
Cold,633750,3824,3823,1083,636,0,0.0100266
Cold,801857,4802,4801,1083,636,1,0.0059367036
Cold,50714,333,332,1083,636,0,0.0068124365
Cold,134708,869,868,1083,636,0,0.007982837
Cold,489829,3013,3012,1083,636,0,0.014458472
Cold,24587,173,172,1083,636,0,0.004075707
Cold,930740,5621,5620,1083,636,0,0.008048282
Cold,63542,424,423,1083,636,1,0.0018717027
Cold,714288,4277,4276,1083,636,1,0.0020825535
Cold,352499,2063,2062,1083,636,0,0.007834224
Cold,748363,4467,4466,1083,636,0,-0.0013451255
Cold,548173,3380,3379,1085,638,1,-0.012677193
Cold,533751,3292,3291,1085,638,1,-0.006282081
Cold,530128,3272,3271,1085,638,1,-0.018905114
Cold,520609,3210,3209,1085,638,1,-0.008702391
Cold,521611,3217,3216,1085,638,1,-0.009465638
Cold,566577,3476,3475,1085,638,0,0.0009053144
Cold,505390,3108,3107,1085,638,1,-0.009784818
Cold,500349,3072,3071,1085,638,1,-0.0050240015
Cold,498606,3063,3062,1085,638,1,-0.0012616469
Cold,546261,3367,3366,1085,638,1,-0.0047191945
Cold,697922,4169,4168,1085,638,1,-0.016415391
Cold,467168,2878,2877,1085,638,1,-0.009424798
Cold,462797,2854,2853,1085,638,0,-0.007415824
Cold,714291,4277,4276,1085,638,1,-0.014108643
Cold,440527,2693,2692,1085,638,1,-0.018859264
Cold,438065,2676,2675,1085,638,1,-0.0038314834
Cold,427909,2599,2598,1085,638,0,-0.011869024
Cold,447092,2753,2752,1085,638,0,-0.0027478586
Cold,418227,2526,2525,1085,638,0,-0.010432469
Cold,414093,2491,2490,1085,638,1,-0.004923393
Cold,412558,2483,2482,1085,638,1,-0.008494757
Cold,403511,2410,2409,1085,638,1,-0.012247548
Cold,414833,2496,2495,1085,638,0,-0.012791964
Cold,392637,2304,2303,1085,638,1,-0.011019772
Cold,390824,2293,2292,1085,638,1,-0.009008741
Cold,377533,2203,2202,1085,638,1,-0.009921908
Cold,378873,2211,2210,1085,638,0,-0.005616717
Cold,362251,2110,2109,1085,638,0,-0.015150332
Cold,387654,2265,2264,1085,638,0,0.00022743724
Cold,356613,2088,2087,1085,638,1,-0.014552508
Cold,353046,2067,2066,1085,638,0,-0.0037517515
Cold,352786,2064,2063,1085,638,1,0.0010264533
Cold,357801,2092,2091,1085,638,0,-0.0055018133
Cold,318513,1891,1890,1085,638,1,-0.006002202
Cold,317147,1884,1883,1085,638,1,-0.006905306
Cold,289592,1727,1726,1085,638,1,0.003974316
Cold,269390,1632,1631,1085,638,0,-0.015065303
Cold,254206,1545,1544,1085,638,0,-0.005752572
Cold,243099,1465,1464,1085,638,1,-0.008892896
Cold,273387,1647,1646,1085,638,1,-0.0016740514
Cold,262028,1599,1598,1085,638,1,0.0014826478
Cold,170042,1080,1079,1085,638,1,0.0005803767
Cold,153396,984,983,1085,638,1,-0.0047820015
Cold,147209,948,947,1085,638,1,-0.011951426
Cold,185937,1150,1149,1085,638,0,-0.009215344
Cold,139006,889,888,1085,638,0,-0.020104934
Cold,141764,911,910,1085,638,1,-0.016967718
Cold,155079,999,998,1085,638,1,-0.0021786178
Cold,118165,764,763,1085,638,0,-0.015957858
Cold,123636,796,795,1085,638,1,-0.011021949
Cold,94352,631,630,1085,638,1,-0.011886766
Cold,228651,1383,1382,1085,638,1,-0.000514877
Cold,68961,461,460,1085,638,1,-0.0074041546
Cold,35401,238,237,1085,638,0,-0.0054629035
Cold,39828,270,269,1085,638,1,-0.0011048627
Cold,32383,216,215,1085,638,1,-0.006090059
Cold,440247,2691,2690,1085,638,0,-0.012300077
Cold,451906,2781,2780,1085,638,0,-0.008397462
Cold,5665,40,39,1085,638,1,-0.003960521
Cold,7083,48,47,1085,638,0,-0.008451243
Cold,4609,33,32,1085,638,0,0.0014597964
Cold,4041,29,28,1085,638,1,0.0012785937
Cold,242040,1457,1456,1085,638,1,-0.005111373
Cold,294031,1748,1747,1085,638,0,-0.0043304535
Cold,312556,1861,1860,1085,638,1,0.0021058223
Cold,172218,1088,1087,1085,638,1,-0.0042289877
Cold,50716,333,332,1085,638,1,-0.010761771
Cold,24591,173,172,1085,638,0,-0.008956862
Cold,285590,1701,1700,1085,638,1,-0.005745202
Cold,795660,4765,4764,1085,638,1,0.0004766574
Cold,433854,2643,2642,1085,638,1,-0.011893804
Cold,630486,3813,3812,1099,650,1,-0.0062744496
Cold,619332,3752,3751,1099,650,0,-0.0064082914
Cold,610095,3697,3696,1099,650,0,-0.00045949128
Cold,726866,4345,4344,1099,650,1,0.00083255465
Cold,587304,3586,3585,1099,650,1,0.00038971915
Cold,697945,4169,4168,1099,650,1,-0.0031080882
Cold,567090,3481,3480,1099,650,1,-2.561137e-07
Cold,594522,3618,3617,1099,650,1,-0.007418038
Cold,566817,3478,3477,1099,650,1,-0.016222771
Cold,553316,3403,3402,1099,650,1,-0.0037578905
Cold,552770,3401,3400,1099,650,1,0.002987376
Cold,540183,3320,3319,1099,650,1,-0.008472159
Cold,533775,3292,3291,1099,650,0,-0.00041471457
Cold,525862,3248,3247,1099,650,1,-0.0056396825
Cold,538764,3313,3312,1099,650,0,-0.004701634
Cold,518992,3201,3200,1099,650,1,-0.002586179
Cold,509612,3138,3137,1099,650,0,-0.0068284073
Cold,506985,3118,3117,1099,650,1,-0.008698953
Cold,506105,3112,3111,1099,650,0,-0.0070556295
Cold,495807,3044,3043,1099,650,1,-0.0069038505
Cold,738591,4411,4410,1099,650,1,-0.0062359683
Cold,493120,3029,3028,1099,650,1,-0.0047281263
Cold,489849,3013,3012,1099,650,1,-0.011491783
Cold,627203,3792,3791,1099,650,0,-0.0043844804
Cold,478382,2934,2933,1099,650,1,-0.008976586
Cold,473012,2907,2906,1099,650,1,-0.0019405365
Cold,474283,2909,2908,1099,650,0,0.008532038
Cold,468740,2887,2886,1099,650,1,-0.0023742688
Cold,755044,4497,4496,1099,650,0,0.0002433972
Cold,460491,2840,2839,1099,650,1,0.0031002015
Cold,467183,2878,2877,1099,650,1,-0.00061638886
Cold,449192,2769,2768,1099,650,1,0.006463363
Cold,443246,2731,2730,1099,650,1,-0.006974374
Cold,433871,2643,2642,1099,650,1,0.0011075553
Cold,423328,2565,2564,1099,650,1,0.005301913
Cold,421372,2544,2543,1099,650,1,-0.0072101885
Cold,419346,2533,2532,1099,650,1,0.0007626794
Cold,420053,2537,2536,1099,650,1,-0.0028086463
Cold,419122,2529,2528,1099,650,0,-0.009450778
Cold,414980,2497,2496,1099,650,1,-0.0065795165
Cold,414848,2496,2495,1099,650,1,-0.012907385
Cold,404128,2414,2413,1099,650,1,-0.005760355
Cold,403514,2410,2409,1099,650,1,-0.0071256957
Cold,401117,2389,2388,1099,650,1,-0.010896786
Cold,458406,2820,2819,1099,650,0,-0.009965675
Cold,382399,2233,2232,1099,650,0,0.0014892285
Cold,365085,2124,2123,1099,650,1,0.0009061275
Cold,347074,2035,2034,1099,650,1,0.0052938815
Cold,357821,2092,2091,1099,650,1,-0.009622962
Cold,345574,2026,2025,1099,650,0,-0.0017992661
Cold,343853,2018,2017,1099,650,1,-0.005679645
Cold,343280,2016,2015,1099,650,1,-0.0060735526
Cold,336544,1980,1979,1099,650,1,-0.009212526
Cold,318745,1894,1893,1099,650,1,0.0033299727
Cold,292959,1744,1743,1099,650,1,-0.009418277
Cold,286484,1711,1710,1099,650,0,0.0047898768
Cold,283712,1697,1696,1099,650,1,-0.0033360585
Cold,282141,1692,1691,1099,650,1,-0.0034208086
Cold,269413,1632,1631,1099,650,0,-0.0077348934
Cold,354436,2073,2072,1099,650,1,-0.004610952
Cold,241589,1451,1450,1099,650,1,0.009727119
Cold,231384,1401,1400,1099,650,0,-0.005395189
Cold,230981,1398,1397,1099,650,1,0.00039481325
Cold,243116,1465,1464,1099,650,1,0.001050987
Cold,228674,1383,1382,1099,650,1,-0.0004446198
Cold,251484,1519,1518,1099,650,1,0.001757968
Cold,218198,1322,1321,1099,650,1,0.0009798747
Cold,273410,1647,1646,1099,650,1,-0.0017073412
Cold,342946,2015,2014,1099,650,0,-0.0017336848
Cold,380036,2222,2221,1099,650,0,0.005354587
Cold,374562,2181,2180,1099,650,1,0.0016537135
Cold,184524,1147,1146,1099,650,0,-0.015570751
Cold,180939,1130,1129,1099,650,1,-0.013888251
Cold,168161,1068,1067,1099,650,1,-0.0011419507
Cold,175885,1112,1111,1099,650,1,0.0015698201
Cold,166727,1059,1058,1099,650,0,-0.0029235135
Cold,328944,1941,1940,1099,650,1,-0.0014471759
Cold,160805,1021,1020,1099,650,0,0.009935031
Cold,159528,1017,1016,1099,650,1,0.0017411835
Cold,158848,1015,1014,1099,650,1,-0.00062132394
Cold,152590,981,980,1099,650,1,-0.0059174583
Cold,324132,1920,1919,1099,650,1,0.0005597202
Cold,714311,4277,4276,1099,650,1,0.0026286966
Cold,139048,889,888,1099,650,1,-0.009256288
Cold,137353,885,884,1099,650,1,-0.00078256545
Cold,131434,850,849,1099,650,1,0.001441323
Cold,200190,1228,1227,1099,650,1,-0.0038847358
Cold,130268,843,842,1099,650,1,-0.0036283126
Cold,107017,702,701,1099,650,1,-0.0029081623
Cold,263813,1605,1604,1099,650,1,-0.0067666313
Cold,101792,677,676,1099,650,1,0.00443715
Cold,95136,637,636,1099,650,1,-0.007833027
Cold,94357,631,630,1099,650,1,-0.0061861863
Cold,339353,1998,1997,1099,650,1,0.0012731046
Cold,83703,549,548,1099,650,1,-0.0055301427
Cold,239485,1448,1447,1099,650,0,-0.004122562
Cold,84675,550,549,1099,650,0,-0.0038895211
Cold,66758,446,445,1099,650,1,-0.0010317868
Cold,65018,436,435,1099,650,0,0.00051691756
Cold,332114,1959,1958,1099,650,1,-0.0011280463
Cold,64757,434,433,1099,650,1,0.007184075
Cold,37513,255,254,1099,650,0,0.004210453
Cold,209066,1274,1273,1099,650,1,-0.008229988
Cold,36825,245,244,1099,650,1,-0.00906284
Cold,30160,202,201,1099,650,1,-0.0043225987
Cold,26872,190,189,1099,650,1,-0.0028537912
Cold,18888,146,145,1099,650,0,-0.0029649036
Cold,12189,92,91,1099,650,0,0.0022516046
Cold,11014,81,80,1099,650,1,-0.00039660325
Cold,592293,3610,3609,1099,650,0,0.008215137
Cold,9499,62,61,1099,650,1,0.00795154
Cold,198305,1218,1217,1099,650,1,-0.005349615
Cold,28538,195,194,1099,650,1,0.006338362
Cold,558748,3430,3429,1099,650,1,0.0017818026
Cold,352535,2063,2062,1099,650,0,0.0010607294
Cold,169348,1074,1073,1099,650,1,-0.0078117605
Cold,688685,4118,4117,1099,650,1,-0.0022700578
Cold,242051,1457,1456,1099,650,1,-0.006284882
Cold,250017,1505,1504,1099,650,1,0.0012993471
Cold,95646,639,638,1099,650,1,-0.0026176015
Cold,639449,3842,3841,1099,650,1,-0.009808174
Cold,300669,1780,1779,1099,650,0,-0.001370954
Cold,745615,4448,4447,1099,650,1,0.0031949421
Cold,928085,5605,5604,1099,650,0,0.007054118
Cold,760467,4517,4516,1099,650,0,0.008802043
Cold,116742,752,751,1099,650,0,-0.0022332638
Cold,79853,531,530,1099,650,1,-0.0013993818
Cold,454801,2796,2795,1099,650,0,0.010628903
Cold,255700,1556,1555,1099,650,1,0.0017969466
Cold,930748,5621,5620,1099,650,1,-0.0014645932
Cold,371903,2172,2171,1099,650,0,-0.0005206445
Cold,430257,2621,2620,1099,650,0,-0.0051626563
Cold,63577,424,423,1099,650,1,0.0019995118
Cold,984292,5948,5947,1099,650,1,0.0049053608
Cold,274354,1658,1657,1111,655,1,0.008461558
Cold,279052,1680,1679,1111,655,0,0.00842174
Cold,268324,1630,1629,1111,655,1,0.009096242
Cold,631515,3821,3820,1111,655,0,-0.003871235
Cold,228908,1387,1386,1111,655,1,-0.001633857
Cold,220327,1335,1334,1111,655,0,0.007833971
Cold,210834,1285,1284,1111,655,1,0.010037755
Cold,213404,1298,1297,1111,655,1,0.009990733
Cold,293150,1746,1745,1111,655,1,0.0016759872
Cold,186615,1155,1154,1111,655,1,0.0019167786
Cold,148984,958,957,1111,655,1,0.008474037
Cold,267929,1628,1627,1111,655,1,0.009441449
Cold,200040,1228,1227,1111,655,1,0.009276792
Cold,127942,826,825,1111,655,1,-0.008736224
Cold,127686,824,823,1111,655,1,0.004289287
Cold,116117,752,751,1111,655,1,0.0059438096
Cold,132405,855,854,1111,655,1,0.0016816251
Cold,100452,670,669,1111,655,0,0.010596182
Cold,99717,666,665,1111,655,1,0.00071259635
Cold,97798,655,654,1111,655,1,0.004633453
Cold,59956,408,407,1111,655,1,0.0047440026
Cold,201493,1242,1241,1111,655,0,0.008815789
Cold,54819,358,357,1111,655,1,0.0011000887
Cold,24050,171,170,1111,655,1,-0.0020381263
Cold,947533,5722,5721,1111,655,1,0.0001280487
Cold,152437,981,980,1111,655,0,0.0029015252
Cold,17606,136,135,1111,655,1,0.0050395387
Cold,234916,1425,1424,1111,655,1,0.015819287
Cold,459594,2832,2831,1111,655,1,0.008307914
Cold,553874,3410,3409,1111,655,0,0.0034303276
Cold,420929,2544,2543,1111,655,0,0.007962728
Cold,309575,1842,1841,1111,655,1,0.0057624355
Cold,287685,1717,1716,1111,655,1,0.0078087794
Cold,825533,4958,4957,1111,655,1,0.012142237
Cold,639049,3842,3841,1128,661,0,0.0049265884
Cold,633160,3824,3823,1128,661,0,0.0024696658
Cold,663953,3999,3998,1128,661,0,-0.004411505
Cold,628338,3806,3805,1128,661,0,0.0038115557
Cold,628628,3807,3806,1128,661,1,-0.0029886598
Cold,628142,3804,3803,1128,661,0,-0.0044378964
Cold,629365,3808,3807,1128,661,0,0.004557531
Cold,638053,3841,3840,1128,661,1,0.0008734865
Cold,625463,3780,3779,1128,661,1,0.0003820497
Cold,623335,3771,3770,1128,661,0,-0.001424425
Cold,620655,3760,3759,1128,661,0,0.0036620856
Cold,615599,3727,3726,1128,661,0,-0.00045745703
Cold,614436,3722,3721,1128,661,1,-0.008831714
Cold,604828,3677,3676,1128,661,1,-0.0072644623
Cold,621176,3762,3761,1128,661,0,0.00408125
Cold,583378,3562,3561,1128,661,0,0.0007551075
Cold,577739,3528,3527,1128,661,0,0.002270705
Cold,580873,3547,3546,1128,661,0,-0.012139309
Cold,569161,3491,3490,1128,661,1,0.006644534
Cold,657094,3961,3960,1128,661,1,-0.00089302834
Cold,543905,3352,3351,1128,661,0,-0.004096003
Cold,518222,3198,3197,1128,661,1,-0.0061413823
Cold,566182,3476,3475,1128,661,0,-0.0046392805
Cold,506653,3118,3117,1128,661,0,-0.0008450011
Cold,718532,4305,4304,1128,661,0,-0.0027573598
Cold,494053,3032,3031,1128,661,1,0.0020487355
Cold,490702,3018,3017,1128,661,1,-0.0038174035
Cold,529638,3272,3271,1128,661,0,0.005837003
Cold,696184,4169,4168,1128,661,0,0.0039787423
Cold,477140,2929,2928,1128,661,0,0.0025392333
Cold,472529,2907,2906,1128,661,1,-0.00035919715
Cold,754656,4497,4496,1128,661,0,-0.008619646
Cold,463236,2857,2856,1128,661,0,-0.0035496685
Cold,457857,2820,2819,1128,661,0,-0.00016128877
Cold,449582,2772,2771,1128,661,0,-0.0009785625
Cold,433592,2643,2642,1128,661,0,-0.009792721
Cold,430724,2625,2624,1128,661,1,-0.0023779399
Cold,426444,2590,2589,1128,661,0,-0.0037721596
Cold,418621,2529,2528,1128,661,0,0.0017793472
Cold,425658,2583,2582,1128,661,1,-0.0029047432
Cold,413712,2489,2488,1128,661,0,-0.0051615844
Cold,414540,2496,2495,1128,661,0,0.001419744
Cold,408907,2455,2454,1128,661,0,0.0021251454
Cold,397184,2352,2351,1128,661,0,-0.002174541
Cold,388919,2279,2278,1128,661,0,5.9599057e-05
Cold,378702,2211,2210,1128,661,1,-0.0052391617
Cold,377779,2205,2204,1128,661,0,-0.0039760405
Cold,374023,2181,2180,1128,661,1,-0.0060274308
Cold,436356,2665,2664,1128,661,0,0.006356664
Cold,305808,1820,1819,1128,661,1,0.0067832493
Cold,288246,1722,1721,1128,661,1,0.004163823
Cold,300312,1780,1779,1128,661,0,0.000940172
Cold,279089,1680,1679,1128,661,1,-0.0015455764
Cold,276915,1675,1674,1128,661,0,0.0015718045
Cold,267544,1626,1625,1128,661,0,0.004961962
Cold,392126,2304,2303,1128,661,0,-0.0038845125
Cold,247628,1496,1495,1128,661,1,-0.0024843803
Cold,224470,1357,1356,1128,661,0,0.0076762023
Cold,239978,1449,1448,1128,661,0,-0.0052553895
Cold,327995,1941,1940,1128,661,0,0.005508911
Cold,194804,1202,1201,1128,661,0,-0.007962507
Cold,334557,1974,1973,1128,661,0,-0.010241169
Cold,182761,1140,1139,1128,661,0,-0.009782862
Cold,176387,1115,1114,1128,661,0,0.0059601828
Cold,196462,1207,1206,1128,661,0,-0.0038213776
Cold,175473,1112,1111,1128,661,0,0.0031895684
Cold,159214,1017,1016,1128,661,1,0.001992627
Cold,158090,1015,1014,1128,661,0,-0.004937451
Cold,221283,1340,1339,1128,661,0,0.008616199
Cold,156785,1010,1009,1128,661,0,-0.004046536
Cold,133283,860,859,1128,661,0,-0.0026628035
Cold,131119,850,849,1128,661,0,0.0051429826
Cold,123864,798,797,1128,661,0,-0.008548879
Cold,114082,741,740,1128,661,1,0.0030040957
Cold,210855,1285,1284,1128,661,0,-0.003718595
Cold,96990,651,650,1128,661,0,-0.0016213716
Cold,107883,710,709,1128,661,1,-0.004973473
Cold,351733,2063,2062,1128,661,0,-0.0032943145
Cold,92735,621,620,1128,661,0,0.00012313621
Cold,140669,904,903,1128,661,0,-0.0011135414
Cold,284088,1698,1697,1128,661,0,-0.006621117
Cold,190808,1181,1180,1128,661,0,-0.00027906965
Cold,234040,1422,1421,1128,661,0,-0.0032567554
Cold,385688,2255,2254,1128,661,0,-0.007534829
Cold,62849,424,423,1128,661,1,0.0018956149
Cold,57673,390,389,1128,661,0,0.0018624794
Cold,41936,284,283,1128,661,0,0.0034222868
Cold,41263,278,277,1128,661,1,0.0020631661
Cold,36695,245,244,1128,661,0,-0.0034159482
Cold,30054,202,201,1128,661,1,-0.0012777094
Cold,14639,117,116,1128,661,0,0.0013112156
Cold,290143,1733,1732,1128,661,0,0.0040114033
Cold,863874,5205,5204,1128,661,1,-0.00076917885
Cold,552281,3401,3400,1128,661,0,-0.0015282305
Cold,432654,2638,2637,1128,661,0,0.0015478746
Cold,265044,1611,1610,1128,661,1,0.000536805
Cold,237843,1447,1446,1128,661,0,-0.0010380563
Cold,174106,1101,1100,1128,661,0,-0.006811364
Cold,966726,5831,5830,1128,661,0,0.005730252
Cold,927529,5605,5604,1128,661,0,0.0036741463
Cold,102175,678,677,1128,661,1,-0.0043648714
Cold,760646,4520,4519,1128,661,0,-0.0071171275
Cold,964005,5812,5811,1128,661,0,-0.007104842
Cold,366140,2131,2130,1128,661,1,-0.007762701
Cold,335799,1980,1979,1128,661,0,0.006693247
Cold,322294,1912,1911,1128,661,0,-0.009682754
Cold,473530,2909,2908,1128,661,0,0.0025472436
Cold,497619,3055,3054,1128,661,0,0.0035258904
Cold,821567,4940,4939,1128,661,0,-0.0039769956
Cold,712974,4277,4276,1128,661,1,0.0017298632
Cold,678456,4064,4063,1150,670,0,6.559864e-05
Cold,646046,3888,3887,1150,670,1,-0.0026811915
Cold,613908,3718,3717,1150,670,0,-0.0027685799
Cold,611066,3705,3704,1150,670,1,-0.0025401646
Cold,626742,3792,3791,1150,670,0,-0.0011677954
Cold,580887,3547,3546,1150,670,1,-0.0052393344
Cold,574727,3518,3517,1150,670,0,-0.0089560775
Cold,713008,4277,4276,1150,670,1,-0.0018795724
Cold,593784,3618,3617,1150,670,1,-0.011243219
Cold,547934,3380,3379,1150,670,1,-0.005459343
Cold,543432,3346,3345,1150,670,0,-0.005626374
Cold,539563,3319,3318,1150,670,0,0.008554863
Cold,534675,3300,3299,1150,670,1,-0.001990166
Cold,533281,3292,3291,1150,670,1,-0.0038173527
Cold,528523,3266,3265,1150,670,1,-0.009458457
Cold,525815,3248,3247,1150,670,0,-0.004596437
Cold,521949,3222,3221,1150,670,0,-0.0020437448
Cold,521074,3216,3215,1150,670,1,-0.005703637
Cold,522514,3224,3223,1150,670,1,0.0009941473
Cold,696233,4169,4168,1150,670,1,-0.0065347115
Cold,513491,3167,3166,1150,670,1,0.0006254751
Cold,508988,3131,3130,1150,670,0,-0.0023235593
Cold,506678,3118,3117,1150,670,0,-0.0042975703
Cold,503407,3093,3092,1150,670,1,-0.0029591906
Cold,738138,4411,4410,1150,670,1,-0.0048033395
Cold,490055,3015,3014,1150,670,1,-0.005963528
Cold,487361,2997,2996,1150,670,1,0.006118538
Cold,466182,2874,2873,1150,670,0,0.0029131086
Cold,457888,2820,2819,1150,670,0,0.0036099562
Cold,455818,2807,2806,1150,670,1,-0.0031277225
Cold,454219,2794,2793,1150,670,1,-0.0043968675
Cold,453699,2793,2792,1150,670,1,-0.008633216
Cold,428574,2608,2607,1150,670,1,0.0056266966
Cold,446841,2753,2752,1150,670,1,0.004591723
Cold,404002,2414,2413,1150,670,0,3.781705e-05
Cold,403121,2407,2406,1150,670,1,-0.003115078
Cold,393786,2319,2318,1150,670,1,0.007371974
Cold,393371,2313,2312,1150,670,1,0.00094098574
Cold,391256,2301,2300,1150,670,0,0.0056864102
Cold,386355,2259,2258,1150,670,1,-0.0027302355
Cold,382848,2237,2236,1150,670,1,-0.00075061666
Cold,381634,2231,2230,1150,670,1,0.0061707203
Cold,378717,2211,2210,1150,670,1,-0.008600628
Cold,377794,2205,2204,1150,670,0,-0.0041108523
Cold,368784,2156,2155,1150,670,1,-0.0010601195
Cold,352949,2067,2066,1150,670,0,0.0027618203
Cold,302479,1796,1795,1150,670,1,0.00330592
Cold,282022,1692,1691,1150,670,1,-0.0018511817
Cold,292295,1741,1740,1150,670,1,-0.0020536794
Cold,246292,1489,1488,1150,670,0,-0.0017920118
Cold,260976,1595,1594,1150,670,1,0.0020600222
Cold,325362,1926,1925,1150,670,1,0.0005240467
Cold,219409,1330,1329,1150,670,1,0.0003508993
Cold,320054,1899,1898,1150,670,1,0.00493031
Cold,218276,1323,1322,1150,670,1,-0.0027606096
Cold,304853,1812,1811,1150,670,1,-0.004946269
Cold,212056,1291,1290,1150,670,1,-0.0011776282
Cold,208750,1274,1273,1150,670,1,-0.0039567165
Cold,203770,1253,1252,1150,670,1,0.003906578
Cold,294277,1749,1748,1150,670,0,-0.0016074756
Cold,214817,1303,1302,1150,670,1,-0.0027363724
Cold,158134,1015,1014,1150,670,0,-0.008739512
Cold,199418,1224,1223,1150,670,1,-0.00038404693
Cold,142395,919,918,1150,670,1,-0.007875295
Cold,160052,1019,1018,1150,670,0,0.002509106
Cold,315203,1880,1879,1150,670,1,-0.0034741652
Cold,263280,1605,1604,1150,670,0,-0.0008490251
Cold,124488,801,800,1150,670,1,-8.9845154e-05
Cold,210897,1285,1284,1150,670,1,-0.0036503954
Cold,115673,750,749,1150,670,1,0.0064794114
Cold,105416,697,696,1150,670,0,-0.00050527696
Cold,97821,655,654,1150,670,1,0.00043165684
Cold,94579,635,634,1150,670,1,0.0014825454
Cold,91819,610,609,1150,670,0,-0.004271535
Cold,228234,1383,1382,1150,670,1,-0.004736469
Cold,169558,1077,1076,1150,670,0,-0.00048045
Cold,75693,515,514,1150,670,1,-0.00448713
Cold,69306,464,463,1150,670,1,0.008852055
Cold,66771,447,446,1150,670,1,-0.000571676
Cold,66358,444,443,1150,670,1,0.004911947
Cold,605205,3679,3678,1150,670,0,0.004055925
Cold,55386,366,365,1150,670,1,-0.0028792666
Cold,52762,347,346,1150,670,1,-0.0061410377
Cold,35393,238,237,1150,670,0,-0.0026078615
Cold,34199,230,229,1150,670,1,0.00087139965
Cold,33701,225,224,1150,670,1,-0.007734551
Cold,34875,235,234,1150,670,1,0.00011485675
Cold,88798,587,586,1150,670,0,0.0015633296
Cold,76353,518,517,1150,670,1,-0.012458149
Cold,481791,2962,2961,1150,670,0,0.0032313874
Cold,524406,3233,3232,1150,670,1,-0.00048176723
Cold,316782,1884,1883,1150,670,1,-0.0024099837
Cold,111644,727,726,1150,670,1,-0.0049130544
Cold,420970,2544,2543,1150,670,1,-0.0020577554
Cold,319318,1897,1896,1150,670,1,-0.0025116447
Cold,233640,1421,1420,1150,670,0,-0.010756452
Cold,821570,4940,4939,1150,670,1,0.00326515
Cold,116161,752,751,1150,670,0,-0.0043176534
Cold,354087,2073,2072,1161,671,1,5.3138938e-05
Cold,280835,1685,1684,1161,671,1,-0.005003876
Cold,279190,1680,1679,1161,671,1,-0.004447506
Cold,269003,1632,1631,1161,671,0,-0.009089066
Cold,264143,1607,1606,1161,671,1,-0.010637341
Cold,346187,2030,2029,1161,671,1,0.0014023129
Cold,631547,3821,3820,1161,671,1,-0.0065675145
Cold,220352,1335,1334,1161,671,1,-0.0045084455
Cold,207327,1267,1266,1161,671,1,-0.005072417
Cold,180995,1131,1130,1161,671,1,-0.0091883885
Cold,190887,1181,1180,1161,671,0,-0.01481927
Cold,338118,1988,1987,1161,671,1,-0.0059472104
Cold,315221,1880,1879,1161,671,1,-3.7771184e-05
Cold,105127,696,695,1161,671,1,-0.0036871328
Cold,84145,550,549,1161,671,1,-0.006002552
Cold,210920,1285,1284,1161,671,1,-0.006110778
Cold,42160,285,284,1161,671,1,-0.012096077
Cold,145339,935,934,1161,671,1,-0.0011189132
Cold,34213,230,229,1161,671,1,-0.0048192064
Cold,9488,62,61,1161,671,1,0.0011469494
Cold,420983,2544,2543,1161,671,1,-0.0039674733
Cold,203075,1246,1245,1161,671,0,-0.010201074
Cold,843910,5074,5073,1161,671,1,0.0019909805
Cold,129392,839,838,1161,671,1,-0.00557781
Cold,158160,1015,1014,1161,671,1,-0.000873643
Cold,12894,99,98,1161,671,0,-0.0068003354
Cold,713028,4277,4276,1161,671,1,-0.0054363417
Cold,208761,1274,1273,1161,671,0,-0.008071931
Cold,633224,3824,3823,1161,671,0,0.00041006505
Cold,28525,195,194,1161,671,1,-0.008675557
Cold,357447,2092,2091,1161,671,1,-0.0021182294
Cold,226082,1369,1368,1161,671,1,-0.002867093
Cold,993860,6002,6001,1161,671,0,-0.0021254374
Cold,879002,5312,5311,1161,671,1,-0.009619538
Cold,182779,1140,1139,1162,672,1,0.002019015
Cold,286093,1707,1706,1162,672,1,-0.008202211
Cold,178631,1121,1120,1162,672,1,-0.009471393
Cold,160069,1019,1018,1162,672,0,-0.0061470945
Cold,153029,984,983,1162,672,1,-0.010205612
Cold,246302,1489,1488,1162,672,0,-0.006756682
Cold,146942,948,947,1162,672,1,-0.0052883797
Cold,185255,1150,1149,1162,672,0,-0.009497961
Cold,138252,889,888,1162,672,0,-0.006120894
Cold,374816,2185,2184,1162,672,1,-0.011108706
Cold,315222,1880,1879,1162,672,1,0.0007683481
Cold,298085,1767,1766,1162,672,0,-0.006147081
Cold,112454,731,730,1162,672,1,-0.010001373
Cold,100833,673,672,1162,672,1,-0.0030423617
Cold,460666,2841,2840,1162,672,1,-0.0026189503
Cold,87444,571,570,1162,672,1,-0.01134732
Cold,84146,550,549,1162,672,1,0.0042791916
Cold,75902,516,515,1162,672,0,-0.0012503918
Cold,48945,327,326,1162,672,1,-0.00020989333
Cold,784075,4682,4681,1162,672,1,-0.0034767753
Cold,47788,319,318,1162,672,1,-1.3687066e-05
Cold,41390,280,279,1162,672,0,-0.006132535
Cold,5003,35,34,1162,672,0,-0.0040562493
Cold,763948,4543,4542,1162,672,1,-0.0045311283
Cold,158161,1015,1014,1162,672,0,0.0016599196
Cold,21750,157,156,1162,672,0,-0.0057824748
Cold,420984,2544,2543,1162,672,1,-0.00073571433
Cold,804038,4815,4814,1162,672,1,-0.001038299
Cold,841113,5054,5053,1162,672,0,-0.003783633
Cold,860085,5172,5171,1162,672,0,0.0031313212
Cold,129938,840,839,1162,672,1,-0.008153577
Cold,489601,3013,3012,1162,672,1,0.009349506
Cold,319329,1897,1896,1162,672,1,-0.0045878976
Cold,657519,3963,3962,1162,672,1,-0.010619769
Cold,958818,5787,5786,1162,672,1,-0.0035174177
Cold,27664,193,192,1162,672,0,0.004037758
Cold,275100,1666,1665,1167,673,0,-0.0020965927
Cold,220846,1339,1338,1167,673,0,0.0011291108
Cold,277669,1676,1675,1167,673,0,0.0019141595
Cold,261747,1599,1598,1167,673,1,0.001779892
Cold,304868,1812,1811,1167,673,0,0.0008448018
Cold,173649,1100,1099,1167,673,0,0.007037171
Cold,248817,1501,1500,1167,673,0,-0.0021399017
Cold,272178,1645,1644,1167,673,1,-0.0031593563
Cold,155866,1004,1003,1167,673,0,-0.0021365508
Cold,249236,1502,1501,1167,673,1,-0.005521608
Cold,144904,934,933,1167,673,0,0.0014694843
Cold,143665,927,926,1167,673,0,0.0030273504
Cold,136565,881,880,1167,673,0,-0.003932175
Cold,332644,1962,1961,1167,673,0,0.0058406666
Cold,124234,800,799,1167,673,0,-0.004739836
Cold,360755,2106,2105,1167,673,0,0.003029049
Cold,120401,777,776,1167,673,0,-0.0063146213
Cold,106047,699,698,1167,673,0,-0.0013408752
Cold,83098,549,548,1167,673,0,0.0003829843
Cold,77497,524,523,1167,673,0,0.00062075816
Cold,61492,412,411,1167,673,1,0.0030806465
Cold,337014,1983,1982,1167,673,1,-0.002816861
Cold,269926,1635,1634,1167,673,0,0.005001099
Cold,13599,107,106,1167,673,0,0.00105115
Cold,354898,2077,2076,1167,673,0,0.0019279141
Cold,234955,1425,1424,1167,673,0,-0.004869977
Cold,363011,2116,2115,1167,673,0,-0.007933906
Cold,567457,3483,3482,1167,673,0,-0.0033472166
Cold,331584,1958,1957,1167,673,0,-7.068692e-05
Cold,102225,678,677,1167,673,0,0.0080332365
Cold,476347,2926,2925,1167,673,0,0.003782332
Cold,259451,1587,1586,1167,673,0,0.0023462542
Cold,376374,2195,2194,1167,673,1,0.004123871
Cold,718551,4305,4304,1167,673,1,0.00088336784
Cold,666687,4013,4012,1173,676,0,-0.010178041
Cold,680290,4078,4077,1173,676,0,0.003610481
Cold,661304,3988,3987,1173,676,0,-0.0055059567
Cold,633235,3824,3823,1173,676,1,-0.006446096
Cold,632422,3823,3822,1173,676,0,-0.0042289626
Cold,629440,3808,3807,1173,676,1,-0.005996178
Cold,625746,3782,3781,1173,676,1,-0.002213841
Cold,622676,3769,3768,1173,676,1,-0.0027529637
Cold,611087,3705,3704,1173,676,0,-0.009768919
Cold,744870,4448,4447,1173,676,1,-0.003291232
Cold,589092,3592,3591,1173,676,1,-0.0082634315
Cold,583881,3563,3562,1173,676,1,0.0057955924
Cold,583419,3562,3561,1173,676,0,-0.0021227398
Cold,607122,3685,3684,1173,676,1,0.0013344842
Cold,579326,3539,3538,1173,676,1,-0.0022211173
Cold,569211,3491,3490,1173,676,1,-0.0029434366
Cold,593832,3618,3617,1173,676,0,0.0013018078
Cold,570302,3499,3498,1173,676,0,-0.008933347
Cold,549471,3390,3389,1173,676,0,0.00298673
Cold,533306,3292,3291,1173,676,0,-0.005167787
Cold,532730,3290,3289,1173,676,1,-0.00631514
Cold,542209,3336,3335,1173,676,0,-0.0034174554
Cold,530485,3277,3276,1173,676,0,0.00024312339
Cold,558207,3428,3427,1173,676,1,-0.0017141486
Cold,526753,3259,3258,1173,676,1,-0.0057940204
Cold,531004,3280,3279,1173,676,0,0.0039838487
Cold,518736,3201,3200,1173,676,0,0.0005056199
Cold,513498,3167,3166,1173,676,1,-0.0068522305
Cold,512833,3163,3162,1173,676,1,-0.0037691481
Cold,510248,3143,3142,1173,676,0,0.0041144383
Cold,512119,3159,3158,1173,676,1,-0.010129681
Cold,509239,3135,3134,1173,676,0,-0.00265723
Cold,511317,3154,3153,1173,676,1,-0.0035469565
Cold,738149,4411,4410,1173,676,1,-0.0033871336
Cold,482707,2967,2966,1173,676,0,-0.0013875738
Cold,476767,2928,2927,1173,676,1,-0.006161719
Cold,696284,4169,4168,1173,676,0,-0.0063415184
Cold,474687,2913,2912,1173,676,1,0.0005330108
Cold,852626,5113,5112,1173,676,0,-0.0005541409
Cold,469961,2895,2894,1173,676,1,-0.0032417218
Cold,879867,5317,5316,1173,676,1,-0.0038002082
Cold,463292,2857,2856,1173,676,0,-0.006215693
Cold,453727,2793,2792,1173,676,1,-0.0009178426
Cold,449903,2774,2773,1173,676,0,-0.0039215004
Cold,436958,2667,2666,1173,676,0,0.003308436
Cold,431396,2628,2627,1173,676,1,-0.011461217
Cold,428801,2609,2608,1173,676,1,-0.00029033516
Cold,451374,2778,2777,1173,676,1,-0.0061787744
Cold,416591,2507,2506,1173,676,1,-0.00940735
Cold,414909,2497,2496,1173,676,1,-0.00809785
Cold,414574,2496,2495,1173,676,1,-0.004193267
Cold,409194,2456,2455,1173,676,1,-0.0017281265
Cold,406423,2438,2437,1173,676,1,-0.004224479
Cold,465145,2868,2867,1173,676,1,-0.003636184
Cold,400388,2383,2382,1173,676,0,-0.005785995
Cold,391262,2301,2300,1173,676,1,0.0042600385
Cold,392175,2304,2303,1173,676,0,-0.0045272876
Cold,385272,2251,2250,1173,676,0,0.008813878
Cold,394201,2323,2322,1173,676,0,0.001467292
Cold,366953,2140,2139,1173,676,0,-0.0042369263
Cold,375578,2188,2187,1173,676,1,-0.00083615235
Cold,360065,2105,2104,1173,676,0,0.0047473502
Cold,280467,1683,1682,1173,676,0,-0.006685547
Cold,280841,1685,1684,1173,676,0,0.0011363304
Cold,279215,1680,1679,1173,676,0,-0.0013227847
Cold,269010,1632,1631,1173,676,0,-0.013025455
Cold,262224,1600,1599,1173,676,0,-0.00077398634
Cold,296461,1758,1757,1173,676,1,-0.0012986042
Cold,212063,1291,1290,1173,676,1,0.00018090464
Cold,226383,1370,1369,1173,676,0,-1.4185207e-05
Cold,209144,1276,1275,1173,676,0,0.0008597047
Cold,220358,1335,1334,1173,676,1,-0.0046011875
Cold,204026,1255,1254,1173,676,1,0.00079401117
Cold,294296,1749,1748,1173,676,0,-0.00017404696
Cold,374064,2181,2180,1173,676,0,-0.0031586685
Cold,255074,1552,1551,1173,676,0,-0.004501206
Cold,346191,2030,2029,1173,676,1,-0.00087606674
Cold,214847,1303,1302,1173,676,0,-0.0035736172
Cold,190904,1181,1180,1173,676,0,0.003685659
Cold,320081,1899,1898,1173,676,1,-0.007731445
Cold,142409,919,918,1173,676,1,-0.004891846
Cold,313760,1873,1872,1173,676,0,-0.00039065024
Cold,135024,873,872,1173,676,1,0.0060279677
Cold,131149,850,849,1173,676,0,-0.006304293
Cold,315234,1880,1879,1173,676,0,-0.007402373
Cold,125855,810,809,1173,676,1,0.0021024193
Cold,124875,802,801,1173,676,1,0.0009266349
Cold,122796,792,791,1173,676,0,-0.0039679427
Cold,210935,1285,1284,1173,676,1,-0.0047652535
Cold,116188,752,751,1173,676,1,-0.0014035967
Cold,179579,1125,1124,1173,676,0,-0.002164761
Cold,201542,1242,1241,1173,676,1,-0.0025254113
Cold,93515,625,624,1173,676,0,0.0019871388
Cold,284159,1698,1697,1173,676,1,0.0022757654
Cold,228252,1383,1382,1173,676,1,0.0009909009
Cold,77507,524,523,1173,676,1,-9.4860676e-05
Cold,72028,482,481,1173,676,0,-0.00077027874
Cold,76674,520,519,1173,676,1,0.0002158361
Cold,61604,413,412,1173,676,1,0.0036053653
Cold,54180,352,351,1173,676,0,0.0044363677
Cold,48295,324,323,1173,676,0,-0.005120995
Cold,61505,412,411,1173,676,0,0.0041497573
Cold,42168,285,284,1173,676,1,-0.0018882706
Cold,34930,235,234,1173,676,1,-0.0038826677
Cold,91960,611,610,1173,676,0,-0.0016304676
Cold,152460,981,980,1173,676,0,-0.0039484184
Cold,784084,4682,4681,1173,676,1,-0.013585413
Cold,9510,62,61,1173,676,0,0.0070021083
Cold,8060,53,52,1173,676,0,-0.006716951
Cold,15876,123,122,1173,676,0,0.00429519
Cold,686512,4107,4106,1173,676,1,0.0017885128
Cold,129401,839,838,1173,676,0,-0.009044455
Cold,237900,1447,1446,1173,676,1,-0.0032345548
Cold,892954,5394,5393,1173,676,1,0.0019810721
Cold,335884,1980,1979,1173,676,1,-0.0040719137
Cold,828694,4979,4978,1173,676,0,-0.00074006384
Cold,439398,2684,2683,1173,676,1,-0.001283498
Cold,895408,5412,5411,1173,676,0,0.00036446098
Cold,631557,3821,3820,1173,676,1,-0.0007456108
Cold,882127,5329,5328,1173,676,1,-0.0010594989
Cold,24639,173,172,1173,676,0,-0.0017603007
Cold,901416,5450,5449,1173,676,1,-0.008321254
Cold,763960,4543,4542,1173,676,0,0.0023915481
Cold,310670,1851,1850,1173,676,0,-6.875768e-05
Cold,456070,2808,2807,1173,676,1,-0.0059974757
Cold,290195,1733,1732,1173,676,1,-0.0018733316
Cold,939908,5675,5674,1173,676,0,0.0060447957
Cold,511850,3158,3157,1173,676,1,0.004183098
Cold,110810,721,720,1173,676,0,-0.0012979606
Cold,923921,5580,5579,1173,676,0,-0.0038259309
Cold,475498,2918,2917,1173,676,0,0.0016383186
Cold,208766,1274,1273,1173,676,1,-0.0022061123
Cold,689847,4126,4125,1173,676,0,-0.0022230507
Cold,609647,3695,3694,1173,676,1,-0.00076178624
Cold,62923,424,423,1173,676,0,-0.0050145257
Cold,546806,3371,3370,1173,676,0,-0.00010560872
Cold,223052,1352,1351,1173,676,0,4.1112537e-05
Cold,882955,5333,5332,1173,676,0,-0.008177521
Cold,546081,3367,3366,1176,678,1,-0.0022396927
Cold,474688,2913,2912,1176,678,0,-0.0058655962
Cold,852628,5113,5112,1176,678,0,-0.005385559
Cold,464634,2863,2862,1176,678,0,-0.0074996734
Cold,459407,2829,2828,1176,678,0,-0.002610466
Cold,460678,2841,2840,1176,678,1,-0.004750064
Cold,449904,2774,2773,1176,678,1,-0.005717664
Cold,437748,2674,2673,1176,678,1,0.007385158
Cold,422256,2556,2555,1176,678,1,-0.01062246
Cold,371414,2171,2170,1176,678,1,-5.2205985e-05
Cold,318532,1892,1891,1176,678,1,-0.0008089682
Cold,315921,1882,1881,1176,678,1,-0.00040328363
Cold,310117,1845,1844,1176,678,1,0.0015848386
Cold,292314,1741,1740,1176,678,1,-0.0018719451
Cold,274703,1660,1659,1176,678,1,5.661836e-05
Cold,272500,1646,1645,1176,678,1,-0.010026681
Cold,274386,1658,1657,1176,678,1,0.0005813214
Cold,319335,1897,1896,1176,678,1,-0.011602432
Cold,220360,1335,1334,1176,678,0,0.003546969
Cold,212247,1292,1291,1176,678,1,-0.0011435109
Cold,209757,1281,1280,1176,678,0,0.0022084177
Cold,211785,1288,1287,1176,678,1,-0.010502007
Cold,209443,1279,1278,1176,678,1,-0.0024544029
Cold,208299,1273,1272,1176,678,0,-0.01460113
Cold,308033,1836,1835,1176,678,1,-0.011360956
Cold,294297,1749,1748,1176,678,1,0.0027996115
Cold,187629,1164,1163,1176,678,1,0.0026109023
Cold,184364,1147,1146,1176,678,0,0.002766883
Cold,307426,1835,1834,1176,678,1,-0.007869086
Cold,172629,1094,1093,1176,678,0,-0.0021687543
Cold,190906,1181,1180,1176,678,0,-0.0031486284
Cold,163095,1041,1040,1176,678,1,0.00040324824
Cold,161337,1029,1028,1176,678,1,-0.004299605
Cold,150057,966,965,1176,678,1,-0.007260981
Cold,246308,1489,1488,1176,678,0,-0.011987327
Cold,147744,952,951,1176,678,0,0.0024518345
Cold,185275,1150,1149,1176,678,0,-0.011382336
Cold,141182,910,909,1176,678,0,0.00073273
Cold,199433,1224,1223,1176,678,1,-0.008757267
Cold,138276,889,888,1176,678,1,-0.007899562
Cold,124496,801,800,1176,678,1,0.0037774632
Cold,116190,752,751,1176,678,1,-0.007928116
Cold,100838,673,672,1176,678,1,-0.0031424824
Cold,99727,666,665,1176,678,1,-0.001133658
Cold,176931,1117,1116,1176,678,0,-0.0063812523
Cold,228253,1383,1382,1176,678,0,-0.005405913
Cold,89574,590,589,1176,678,1,0.005571952
Cold,83110,549,548,1176,678,1,-0.0063374
Cold,77509,524,523,1176,678,1,-0.008869207
Cold,75699,515,514,1176,678,0,0.008001614
Cold,60397,411,410,1176,678,0,-0.0065578413
Cold,201544,1242,1241,1176,678,0,-0.009786668
Cold,269938,1635,1634,1176,678,1,-0.004566779
Cold,133639,864,863,1176,678,1,-0.0009810487
Cold,796049,4771,4770,1176,678,0,-0.006279736
Cold,4053,30,29,1176,678,1,-0.0033256263
Cold,739401,4418,4417,1176,678,0,-0.0030232682
Cold,158178,1015,1014,1176,678,0,-0.009526404
Cold,467949,2885,2884,1176,678,1,-0.007962933
Cold,312878,1865,1864,1176,678,0,-0.0042915074
Cold,284846,1699,1698,1176,678,0,-0.00025035907
Cold,249853,1505,1504,1176,678,0,-0.01106551
Cold,750411,4478,4477,1176,678,1,-0.0012452861
Cold,631558,3821,3820,1176,678,1,-0.0008474658
Cold,748003,4465,4464,1176,678,1,-0.004741426
Cold,287709,1717,1716,1176,678,1,0.0021551582
Cold,135119,874,873,1176,678,1,-0.00056887046
Cold,384473,2246,2245,1176,678,0,-0.002819926
Cold,790417,4728,4727,1176,678,1,-0.0052289125
Cold,533307,3292,3291,1177,679,1,0.002671482
Cold,526226,3253,3252,1177,679,1,-0.0026861439
Cold,522547,3224,3223,1177,679,1,-0.0010628767
Cold,523871,3229,3228,1177,679,1,0.007979115
Cold,521440,3217,3216,1177,679,1,-0.008953391
Cold,512835,3163,3162,1177,679,1,0.008346047
Cold,785460,4691,4690,1177,679,1,0.004205587
Cold,574743,3518,3517,1177,679,1,0.0010187171
Cold,738151,4411,4410,1177,679,1,0.0034988166
Cold,506398,3117,3116,1177,679,1,0.001600771
Cold,499412,3067,3066,1177,679,1,-0.002057644
Cold,799247,4790,4789,1177,679,1,0.0044552544
Cold,869317,5251,5250,1177,679,1,-0.0032309522
Cold,490269,3017,3016,1177,679,0,0.010441193
Cold,458917,2825,2824,1177,679,0,-0.002646143
Cold,455832,2807,2806,1177,679,0,0.0042949477
Cold,446851,2753,2752,1177,679,1,-0.01112432
Cold,437943,2676,2675,1177,679,1,0.007667148
Cold,429633,2617,2616,1177,679,0,0.0103628365
Cold,416593,2507,2506,1177,679,1,-6.5977685e-05
Cold,402306,2402,2401,1177,679,0,0.0003751549
Cold,398250,2368,2367,1177,679,1,-0.0008378925
Cold,400389,2383,2382,1177,679,1,-0.0010489579
Cold,377814,2205,2204,1177,679,0,-0.00072502194
Cold,372029,2173,2172,1177,679,1,0.0085328715
Cold,357455,2092,2091,1177,679,1,-0.002292172
Cold,335886,1980,1979,1177,679,1,0.0067524
Cold,318648,1894,1893,1177,679,1,-0.003032717
Cold,269511,1634,1633,1177,679,1,0.0017834562
Cold,257214,1577,1576,1177,679,1,-0.0077697635
Cold,332650,1962,1961,1177,679,0,-0.0015051677
Cold,226676,1374,1373,1177,679,1,-0.005669684
Cold,296462,1758,1757,1177,679,1,0.0048744786
Cold,276221,1671,1670,1177,679,1,-0.0010143993
Cold,204027,1255,1254,1177,679,1,0.003328925
Cold,245279,1481,1480,1177,679,1,-0.0060091503
Cold,279218,1680,1679,1177,679,1,-0.004278186
Cold,196045,1205,1204,1177,679,1,-0.004912763
Cold,187285,1162,1161,1177,679,1,0.003604031
Cold,188966,1172,1171,1177,679,1,-0.00073673483
Cold,185276,1150,1149,1177,679,1,0.0050788135
Cold,180288,1128,1127,1177,679,1,-0.0036078345
Cold,169805,1078,1077,1177,679,1,0.004602466
Cold,163824,1050,1049,1177,679,0,0.0015032497
Cold,162674,1038,1037,1177,679,1,-0.0009504908
Cold,158932,1016,1015,1177,679,1,0.0068043163
Cold,148741,957,956,1177,679,0,-0.0013666381
Cold,148535,956,955,1177,679,0,-0.0022907036
Cold,341168,2011,2010,1177,679,1,-0.0003686424
Cold,131150,850,849,1177,679,0,0.011496693
Cold,128840,837,836,1177,679,0,0.004750939
Cold,263308,1605,1604,1177,679,0,0.00021949608
Cold,107321,706,705,1177,679,1,-0.010404774
Cold,101682,677,676,1177,679,1,-0.008944962
Cold,116191,752,751,1177,679,1,0.0033638384
Cold,100839,673,672,1177,679,1,-0.00049051014
Cold,94584,635,634,1177,679,1,-0.0019644555
Cold,93516,625,624,1177,679,1,0.0068470035
Cold,696287,4169,4168,1177,679,1,0.0004768204
Cold,151232,973,972,1177,679,0,0.008256592
Cold,284161,1698,1697,1177,679,0,0.0014650014
Cold,72938,493,492,1177,679,1,0.0005664064
Cold,132461,855,854,1177,679,1,0.0014818214
Cold,61034,412,411,1177,679,1,-0.0050204946
Cold,39289,267,266,1177,679,1,-0.0069693187
Cold,35161,238,237,1177,679,0,0.008871475
Cold,199846,1227,1226,1177,679,1,0.00453629
Cold,26204,187,186,1177,679,1,0.0012676229
Cold,17320,136,135,1177,679,0,0.00224534
Cold,9018,62,61,1177,679,0,-0.007979297
Cold,7383,53,52,1177,679,1,0.008100907
Cold,633238,3824,3823,1177,679,1,0.0036548064
Cold,348020,2041,2040,1177,679,1,0.0014369332
Cold,158179,1015,1014,1177,679,1,-0.004249866
Cold,42622,293,292,1177,679,1,-0.0022950675
Cold,129402,839,838,1177,679,1,-0.00784555
Cold,933455,5636,5635,1177,679,0,-0.0015928396
Cold,19710,149,148,1177,679,1,0.002320495
Cold,234962,1425,1424,1177,679,1,-0.014139345
Cold,768712,4579,4578,1177,679,1,-0.006410728
Cold,992884,5998,5997,1177,679,1,-0.007402816
Cold,476350,2926,2925,1177,679,1,-0.0025473817
Cold,62925,424,423,1177,679,0,-0.0031174296
Cold,739402,4418,4417,1177,679,1,-0.0039104717
Cold,831929,5001,5000,1177,679,1,0.0040121065
Cold,187630,1164,1163,1177,679,1,-0.004613772
Cold,790418,4728,4727,1177,679,0,-0.0006910332
Cold,315924,1882,1881,1184,683,1,0.0002177544
Cold,208302,1273,1272,1184,683,1,0.000121670775
Cold,264610,1609,1608,1184,683,1,0.0035555148
Cold,307438,1835,1834,1184,683,1,0.0068782386
Cold,328116,1941,1940,1184,683,0,0.0067249634
Cold,158194,1015,1014,1184,683,0,-1.5903963e-05
Cold,138295,889,888,1184,683,0,0.0008149906
Cold,201551,1242,1241,1184,683,1,-0.0053320043
Cold,123110,795,794,1184,683,0,-0.00027213618
Cold,112468,731,730,1184,683,1,0.0025083052
Cold,106776,702,701,1184,683,1,-0.0053478535
Cold,100847,673,672,1184,683,1,-0.0034019812
Cold,696304,4169,4168,1184,683,1,-0.0035914804
Cold,89259,588,587,1184,683,1,-0.014862898
Cold,88816,587,586,1184,683,0,-0.0020882364
Cold,80544,534,533,1184,683,1,-0.0018752688
Cold,72942,493,492,1184,683,1,-0.0032788368
Cold,68212,457,456,1184,683,1,-0.002301732
Cold,59010,402,401,1184,683,1,0.0029854078
Cold,155343,1001,1000,1184,683,1,0.011029833
Cold,228259,1383,1382,1184,683,1,-0.002687919
Cold,7397,53,52,1184,683,1,0.00021117902
Cold,27766,195,194,1184,683,0,-0.0058959653
Cold,169253,1074,1073,1184,683,0,-0.0017162979
Cold,317708,1889,1888,1184,683,1,0.0036721649
Cold,565579,3475,3474,1184,683,1,0.0077141104
Cold,489609,3013,3012,1184,683,0,-0.0017847344
Cold,41297,279,278,1184,683,0,0.0047113104
Cold,111653,727,726,1184,683,0,0.001580451
Cold,241205,1451,1450,1184,683,0,-0.0050241887
Cold,193646,1194,1193,1184,683,1,-0.0026201745
Cold,474694,2913,2912,1187,686,0,-0.0066270395
Cold,879875,5317,5316,1187,686,1,0.006972445
Cold,466816,2878,2877,1187,686,1,0.008736979
Cold,465373,2870,2869,1187,686,1,-0.007988291
Cold,464636,2863,2862,1187,686,0,-0.002267045
Cold,455837,2807,2806,1187,686,1,0.0020716186
Cold,444087,2738,2737,1187,686,1,-0.0011794313
Cold,443822,2737,2736,1187,686,1,0.0017601212
Cold,696308,4169,4168,1187,686,1,-0.0045123613
Cold,429564,2616,2615,1187,686,1,0.005261132
Cold,416602,2507,2506,1187,686,1,-0.0023328827
Cold,464158,2860,2859,1187,686,1,0.002852993
Cold,398254,2368,2367,1187,686,1,0.0101002315
Cold,393107,2309,2308,1187,686,0,0.0072744694
Cold,387282,2264,2263,1187,686,1,-0.006062606
Cold,381323,2230,2229,1187,686,0,0.006402179
Cold,379728,2221,2220,1187,686,0,0.00062817754
Cold,334984,1976,1975,1187,686,0,-0.0019243401
Cold,302868,1799,1798,1187,686,0,-0.00307902
Cold,298096,1767,1766,1187,686,1,-0.004743774
Cold,284172,1698,1697,1187,686,1,-0.0031069359
Cold,282028,1692,1691,1187,686,1,0.00030307798
Cold,279243,1680,1679,1187,686,1,-0.005423758
Cold,231967,1407,1406,1187,686,1,-0.0027613647
Cold,233407,1420,1419,1187,686,1,-0.002191209
Cold,325389,1926,1925,1187,686,1,-0.002382527
Cold,319343,1897,1896,1187,686,0,-0.00032631122
Cold,320090,1899,1898,1187,686,0,-0.0055266935
Cold,296468,1758,1757,1187,686,1,-0.0013571687
Cold,221342,1340,1339,1187,686,0,-0.011584501
Cold,218013,1322,1321,1187,686,1,0.006112312
Cold,212067,1291,1290,1187,686,1,-0.005659342
Cold,209759,1281,1280,1187,686,1,0.008376718
Cold,211790,1288,1287,1187,686,0,0.00044064224
Cold,185291,1150,1149,1187,686,0,-0.00348132
Cold,201552,1242,1241,1187,686,0,0.0069285193
Cold,174550,1104,1103,1187,686,1,-0.0055518495
Cold,195445,1203,1202,1187,686,0,0.00173569
Cold,168439,1069,1068,1187,686,1,0.011854827
Cold,162678,1038,1037,1187,686,0,-0.006123175
Cold,158198,1015,1014,1187,686,1,0.008627354
Cold,150061,966,965,1187,686,1,-0.007459356
Cold,148538,956,955,1187,686,1,0.0077303182
Cold,384705,2247,2246,1187,686,1,0.004004749
Cold,140255,899,898,1187,686,0,0.0038763569
Cold,306371,1825,1824,1187,686,1,-0.0033875457
Cold,111866,728,727,1187,686,0,0.0071786735
Cold,349287,2050,2049,1187,686,1,-0.00031219062
Cold,107325,706,705,1187,686,1,0.017707746
Cold,98823,660,659,1187,686,1,0.0016058027
Cold,97840,655,654,1187,686,0,0.0056751277
Cold,94587,635,634,1187,686,1,0.0024361985
Cold,190924,1181,1180,1187,686,0,0.0018127053
Cold,238935,1448,1447,1187,686,1,0.009433475
Cold,53340,352,351,1187,686,0,0.0021091779
Cold,52399,346,345,1187,686,1,0.0015049733
Cold,47124,319,318,1187,686,1,0.0046718465
Cold,44897,303,302,1187,686,1,-0.00028208096
Cold,42634,293,292,1187,686,1,0.00015596556
Cold,39297,267,266,1187,686,1,0.0038436388
Cold,33263,225,224,1187,686,1,0.0048057577
Cold,31661,216,215,1187,686,0,0.0065595307
Cold,26213,187,186,1187,686,1,0.0041893106
Cold,21354,157,156,1187,686,1,-0.0009839726
Cold,17334,136,135,1187,686,1,0.0017591398
Cold,10072,72,71,1187,686,1,0.006728683
Cold,357464,2092,2091,1187,686,1,-0.0047262176
Cold,153672,987,986,1187,686,1,9.1501046e-05
Cold,49039,329,328,1187,686,1,-0.0012590192
Cold,932542,5630,5629,1187,686,1,0.0006778557
Cold,484316,2980,2979,1187,686,1,0.004399712
Cold,420997,2544,2543,1187,686,0,-0.00071234733
Cold,144915,934,933,1187,686,0,0.0014138469
Cold,860093,5172,5171,1187,686,1,-0.003601565
Cold,905301,5475,5474,1187,686,1,0.004271006
Cold,335905,1980,1979,1187,686,1,-0.0036091455
Cold,49871,331,330,1187,686,1,-0.008218201
Cold,287712,1717,1716,1187,686,0,0.0025367471
Cold,699680,4186,4185,1187,686,1,0.0021415486
Cold,187639,1164,1163,1187,686,1,0.000628619
Cold,807152,4831,4830,1187,686,1,-0.0005238573
Cold,293754,1748,1747,1187,686,0,-0.0016006688
Cold,790425,4728,4727,1187,686,0,0.008236227
Cold,290210,1733,1732,1187,686,1,-0.00088207657
Cold,841127,5054,5053,1187,686,1,0.0024643166
Cold,241207,1451,1450,1187,686,1,0.0016390225
Cold,322359,1912,1911,1187,686,0,0.0061573186
Cold,443826,2737,2736,1190,689,1,0.0077236257
Cold,427637,2597,2596,1190,689,0,0.00025309063
Cold,395882,2340,2339,1190,689,1,0.002764381
Cold,382876,2237,2236,1190,689,1,-0.0018975323
Cold,365211,2125,2124,1190,689,1,0.00634549
Cold,364320,2122,2121,1190,689,0,0.0042152107
Cold,361639,2109,2108,1190,689,0,0.0021589547
Cold,310121,1845,1844,1190,689,1,0.007313258
Cold,279266,1680,1679,1190,689,1,-0.0027977766
Cold,280850,1685,1684,1190,689,0,0.008750843
Cold,296472,1758,1757,1190,689,1,-0.004305484
Cold,209761,1281,1280,1190,689,0,0.016765399
Cold,196513,1207,1206,1190,689,0,0.0022427908
Cold,179115,1124,1123,1190,689,1,-0.007922254
Cold,168442,1069,1068,1190,689,0,-0.00587558
Cold,159273,1017,1016,1190,689,0,0.0060995743
Cold,131164,850,849,1190,689,1,-0.0016012625
Cold,119256,770,769,1190,689,0,0.0017168797
Cold,106069,699,698,1190,689,0,0.00117672
Cold,176951,1117,1116,1190,689,1,-0.001717374
Cold,97845,655,654,1190,689,0,0.005172388
Cold,696324,4169,4168,1190,689,1,0.008043954
Cold,241214,1451,1450,1190,689,0,-6.0576946e-05
Cold,90001,593,592,1190,689,1,0.0030823783
Cold,432141,2634,2633,1190,689,0,0.00058656326
Cold,190940,1181,1180,1190,689,0,-0.00049471064
Cold,83139,549,548,1190,689,0,-0.0017975369
Cold,67191,452,451,1190,689,1,0.007828578
Cold,201557,1242,1241,1190,689,0,0.0012845292
Cold,38134,261,260,1190,689,1,-0.0014104364
Cold,30178,203,202,1190,689,0,-0.0045985
Cold,24757,175,174,1190,689,1,0.007313259
Cold,7418,53,52,1190,689,1,0.001355119
Cold,633268,3824,3823,1190,689,1,0.00065872073
Cold,158213,1015,1014,1190,689,1,0.0072633447
Cold,18499,146,145,1190,689,0,-0.00016689627
Cold,932544,5630,5629,1190,689,1,0.0049232896
Cold,34524,235,234,1190,689,0,0.011040836
Cold,212070,1291,1290,1190,689,1,0.008661427
Cold,891548,5387,5386,1190,689,1,-0.012264691
Cold,575816,3520,3519,1190,689,0,0.0020216317
Cold,210154,1284,1283,1190,689,1,0.0038845232
Cold,330726,1952,1951,1190,689,1,0.006077243
Cold,129413,839,838,1190,689,0,0.009350493
Cold,933466,5636,5635,1190,689,1,0.01294346
Cold,882141,5329,5328,1190,689,1,0.0092310235
Cold,19752,149,148,1190,689,1,-0.0014612484
Cold,843934,5074,5073,1190,689,0,0.006326855
Cold,608626,3691,3690,1190,689,1,0.0057756435
Cold,310683,1851,1850,1190,689,0,0.0033484786
Cold,622124,3768,3767,1190,689,0,0.006960134
Cold,365761,2129,2128,1190,689,0,0.0041673016
Cold,508220,3128,3127,1190,689,1,0.00203052
Cold,261188,1597,1596,1190,689,0,0.00051761884
Cold,490279,3017,3016,1190,689,0,0.0053697303
Cold,713077,4277,4276,1190,689,1,0.0075585926
Cold,457942,2820,2819,1190,689,0,-0.0003557729
Cold,317715,1889,1888,1190,689,1,-0.0070322445
Cold,160101,1019,1018,1190,689,0,0.013868026
Cold,511856,3158,3157,1190,689,1,0.0038421606
Cold,805701,4823,4822,1190,689,1,0.007591417
Cold,488138,3002,3001,1190,689,1,-0.0038827015
Cold,195451,1203,1202,1190,689,0,0.00044756662
Cold,772674,4607,4606,1190,689,0,0.0072065145
Cold,285319,1701,1700,1190,689,1,0.007836097
Cold,246870,1491,1490,1190,689,0,0.0040602
Cold,226093,1369,1368,1190,689,1,0.007062616
Cold,463859,2859,2858,1190,689,1,0.005230996
Cold,116214,752,751,1190,689,0,0.016536295
Cold,790430,4728,4727,1190,689,1,0.00076792366
Cold,768722,4579,4578,1190,689,1,-0.0027451224
Cold,974327,5878,5877,1190,689,0,-0.0061290013
Cold,443828,2737,2736,1192,691,1,0.008379249
Cold,443344,2733,2732,1192,691,1,-5.6759687e-05
Cold,442405,2724,2723,1192,691,1,0.009516513
Cold,437756,2674,2673,1192,691,1,0.00722945
Cold,416614,2507,2506,1192,691,1,0.010217153
Cold,390702,2293,2292,1192,691,1,0.009137827
Cold,338142,1988,1987,1192,691,0,0.019165328
Cold,330966,1954,1953,1192,691,1,0.015341923
Cold,295276,1753,1752,1192,691,0,0.008563133
Cold,264150,1607,1606,1192,691,0,0.012221152
Cold,225090,1361,1360,1192,691,1,-0.0043092105
Cold,215320,1305,1304,1192,691,1,0.0048230635
Cold,212071,1291,1290,1192,691,1,0.010689804
Cold,243956,1470,1469,1192,691,0,0.026039507
Cold,279271,1680,1679,1192,691,1,0.012757602
Cold,158217,1015,1014,1192,691,0,0.015832448
Cold,149005,958,957,1192,691,1,-0.003520382
Cold,154605,998,997,1192,691,1,0.015172444
Cold,185307,1150,1149,1192,691,0,0.012637662
Cold,139403,891,890,1192,691,1,0.016678298
Cold,133532,863,862,1192,691,1,0.016951721
Cold,125374,806,805,1192,691,1,7.673632e-05
Cold,116217,752,751,1192,691,1,0.016286217
Cold,97846,655,654,1192,691,1,0.014283551
Cold,190945,1181,1180,1192,691,0,0.0050400905
Cold,238948,1448,1447,1192,691,1,0.01686567
Cold,59862,408,407,1192,691,1,5.7865866e-05
Cold,201560,1242,1241,1192,691,0,0.012136236
Cold,41399,281,280,1192,691,0,0.008378463
Cold,42046,285,284,1192,691,0,0.003117383
Cold,34528,235,234,1192,691,1,0.015697557
Cold,33282,225,224,1192,691,1,0.009641796
Cold,199851,1227,1226,1192,691,1,0.0075960495
Cold,26228,187,186,1192,691,1,0.013059188
Cold,22930,166,165,1192,691,1,0.0043887673
Cold,20317,150,149,1192,691,0,0.010149492
Cold,306,5,4,1192,691,1,0.013734296
Cold,500988,3079,3078,1192,691,1,0.0021557724
Cold,102265,678,677,1192,691,1,0.011227839
Cold,635655,3832,3831,1192,691,1,0.00597065
Cold,464165,2860,2859,1192,691,1,0.010716477
Cold,501302,3080,3079,1192,691,0,0.007656353
Cold,66048,442,441,1192,691,0,0.008186236
Cold,753285,4489,4488,1192,691,1,0.014641724
Cold,891549,5387,5386,1192,691,1,-0.0013926537
Cold,20191,149,148,1202,700,0,0.013081893
Cold,421283,2544,2543,1202,700,0,0.009938547
Cold,932607,5630,5629,1202,700,1,0.0057878136
Cold,249978,1505,1504,1202,700,0,0.0071787033
Cold,713431,4277,4276,1202,700,0,0.012274578
Cold,369277,2159,2158,1202,700,1,0.008329617
Cold,20915,151,150,1202,700,1,0.0023378711
Cold,535166,3301,3300,1202,700,0,0.004929658
Cold,209001,1274,1273,1202,700,1,0.0038273134
Cold,34830,235,234,1202,700,0,0.004522724
Cold,319632,1897,1896,1202,700,0,0.010952274
Cold,290597,1733,1732,1202,700,1,0.0058939997
Cold,638689,3841,3840,1209,707,1,0.003440612
Cold,621400,3762,3761,1209,707,0,0.0045378143
Cold,745119,4448,4447,1209,707,1,0.006899003
Cold,600646,3651,3650,1209,707,1,0.009818066
Cold,598434,3641,3640,1209,707,0,0.00035746355
Cold,597607,3635,3634,1209,707,1,0.009329136
Cold,585904,3576,3575,1209,707,1,0.0042083445
Cold,594425,3618,3617,1209,707,0,0.00011259492
Cold,581475,3550,3549,1209,707,1,0.0030764248
Cold,572543,3507,3506,1209,707,1,0.009125453
Cold,568836,3490,3489,1209,707,1,0.01464527
Cold,566543,3476,3475,1209,707,1,-0.0027931877
Cold,559498,3436,3435,1209,707,1,0.0074711116
Cold,553299,3403,3402,1209,707,1,-0.001756571
Cold,553072,3402,3401,1209,707,1,0.0031555532
Cold,713445,4277,4276,1209,707,1,0.0075820438
Cold,543527,3346,3345,1209,707,1,0.0022735293
Cold,539623,3319,3318,1209,707,0,0.0016367952
Cold,531807,3283,3282,1209,707,1,-0.0012469003
Cold,530085,3272,3271,1209,707,1,0.0066189338
Cold,509290,3135,3134,1209,707,1,-0.0012794505
Cold,505361,3108,3107,1209,707,0,0.0047117043
Cold,491021,3018,3017,1209,707,1,0.015736422
Cold,768884,4579,4578,1209,707,1,0.0021187887
Cold,484198,2978,2977,1209,707,1,0.0001999042
Cold,479389,2941,2940,1209,707,1,0.0055602733
Cold,476951,2928,2927,1209,707,1,0.013087145
Cold,471738,2901,2900,1209,707,0,0.006990902
Cold,470674,2897,2896,1209,707,1,0.011204835
Cold,474193,2909,2908,1209,707,1,0.0059657358
Cold,852747,5113,5112,1209,707,0,0.005234564
Cold,463665,2857,2856,1209,707,0,0.01848552
Cold,453174,2791,2790,1209,707,1,0.0038938683
Cold,445024,2744,2743,1209,707,0,-0.0024770536
Cold,429780,2619,2618,1209,707,1,0.008091891
Cold,421836,2550,2549,1209,707,1,0.0026653127
Cold,421297,2544,2543,1209,707,1,0.010963682
Cold,427128,2592,2591,1209,707,0,-0.0010740574
Cold,416996,2507,2506,1209,707,1,0.010119815
Cold,413059,2484,2483,1209,707,0,-0.00048479997
Cold,432924,2638,2637,1209,707,1,0.010172309
Cold,412208,2478,2477,1209,707,0,0.0085828155
Cold,390802,2293,2292,1209,707,1,0.0043956563
Cold,390225,2288,2287,1209,707,1,0.0078114714
Cold,389154,2279,2278,1209,707,1,0.00255132
Cold,370134,2164,2163,1209,707,1,0.007833775
Cold,365039,2124,2123,1209,707,1,0.009066765
Cold,356581,2088,2087,1209,707,1,-2.0708714e-05
Cold,375757,2188,2187,1209,707,1,0.01746837
Cold,343815,2018,2017,1209,707,0,0.0066210795
Cold,330045,1947,1946,1209,707,1,0.0051727016
Cold,323320,1916,1915,1209,707,0,0.015460822
Cold,325076,1925,1924,1209,707,1,0.0040778215
Cold,282419,1693,1692,1209,707,1,-0.0010280872
Cold,275771,1667,1666,1209,707,1,0.0056027705
Cold,345556,2026,2025,1209,707,1,0.0023403235
Cold,354381,2073,2072,1209,707,0,0.008855147
Cold,294548,1749,1748,1209,707,1,0.0050665173
Cold,237455,1446,1445,1209,707,1,0.0028628549
Cold,244790,1473,1472,1209,707,1,0.0075108195
Cold,631869,3821,3820,1209,707,1,0.005495229
Cold,317108,1884,1883,1209,707,1,0.0056781485
Cold,284588,1698,1697,1209,707,1,0.003923845
Cold,207405,1267,1266,1209,707,1,0.011826174
Cold,197504,1211,1210,1209,707,1,0.004629531
Cold,197993,1216,1215,1209,707,1,0.0033881785
Cold,220101,1333,1332,1209,707,1,0.0068883332
Cold,307788,1835,1834,1209,707,1,0.012696489
Cold,191563,1181,1180,1209,707,1,0.01863982
Cold,165843,1057,1056,1209,707,0,-0.0011002703
Cold,162084,1033,1032,1209,707,0,0.004640909
Cold,162404,1034,1033,1209,707,0,-0.0031570133
Cold,160791,1021,1020,1209,707,0,0.008969317
Cold,160495,1019,1018,1209,707,1,0.009116067
Cold,153873,989,988,1209,707,1,0.009623736
Cold,158755,1015,1014,1209,707,1,0.014578288
Cold,147170,948,947,1209,707,1,7.1096e-05
Cold,144301,929,928,1209,707,1,0.015974361
Cold,374927,2185,2184,1209,707,1,0.004170258
Cold,141731,911,910,1209,707,0,0.00452412
Cold,121776,783,782,1209,707,1,0.002334976
Cold,118894,769,768,1209,707,0,-0.0023465406
Cold,254187,1545,1544,1209,707,1,0.0054922
Cold,101776,677,676,1209,707,1,0.0053708814
Cold,95612,639,638,1209,707,0,0.0078800125
Cold,72405,482,481,1209,707,1,0.01078387
Cold,68931,461,460,1209,707,1,0.007728428
Cold,65066,437,436,1209,707,0,-0.0030291397
Cold,59974,408,407,1209,707,1,-0.00087802415
Cold,68086,456,455,1209,707,0,0.007126139
Cold,56502,377,376,1209,707,1,0.008770874
Cold,240621,1449,1448,1209,707,1,0.010809225
Cold,50912,335,334,1209,707,1,0.0022340212
Cold,696822,4169,4168,1209,707,1,0.0062649003
Cold,99125,660,659,1209,707,1,0.005797861
Cold,148003,953,952,1209,707,1,0.0077815237
Cold,482080,2962,2961,1209,707,0,0.017146677
Cold,451885,2781,2780,1209,707,1,0.0029917425
Cold,9908,68,67,1209,707,0,0.00037469523
Cold,9440,62,61,1209,707,1,-0.0016435459
Cold,55366,366,365,1209,707,1,0.0010395672
Cold,105307,696,695,1209,707,1,0.0047464
Cold,290608,1733,1732,1209,707,1,0.012763812
Cold,552709,3401,3400,1209,707,1,0.009699358
Cold,154121,993,992,1209,707,1,0.0022399328
Cold,433323,2641,2640,1209,707,1,0.0123048965
Cold,512002,3158,3157,1209,707,1,0.015568366
Cold,958926,5787,5786,1209,707,1,-0.0015720273
Cold,322776,1912,1911,1209,707,0,0.0069978028
Cold,24538,173,172,1209,707,0,0.0024361084
Cold,371868,2172,2171,1209,707,1,0.008719727
Cold,63478,424,423,1209,707,1,0.008270321
Cold,906632,5484,5483,1209,707,1,0.0072342474
Cold,401098,2389,2388,1216,714,0,-0.0032269573
Cold,391282,2301,2300,1216,714,0,-0.0037827059
Cold,365313,2125,2124,1216,714,1,0.0018857715
Cold,213754,1298,1297,1216,714,1,-0.007712946
Cold,308994,1837,1836,1216,714,1,0.0021122505
Cold,138960,889,888,1216,714,0,0.00031797448
Cold,135923,877,876,1216,714,0,-0.008502448
Cold,134777,870,869,1216,714,0,-0.00752734
Cold,228629,1383,1382,1216,714,1,-0.003087399
Cold,80808,536,535,1216,714,1,-0.0018728712
Cold,40574,272,271,1216,714,1,-0.011224144
Cold,30877,205,204,1216,714,1,-0.0007532753
Cold,4088,30,29,1216,714,1,-0.0003224609
Cold,1444,13,12,1216,714,0,0.0011634155
Cold,74339,507,506,1216,714,1,-0.0037413035
Cold,432939,2638,2637,1216,714,0,0.0065115597
Cold,212199,1291,1290,1216,714,0,0.0027895118
Cold,78738,528,527,1216,714,0,-0.0009770001
Cold,605410,3679,3678,1216,714,0,-0.007240673
Cold,460900,2841,2840,1216,714,1,-0.00044391677
Cold,20942,151,150,1216,714,1,-0.0049213567
Cold,187853,1164,1163,1216,714,1,0.0015836437
Cold,380983,2225,2224,1216,714,0,-0.004066335
Cold,28460,195,194,1216,714,1,-0.00062227587
Cold,589255,3592,3591,1216,714,1,0.0072597987
Cold,857921,5156,5155,1216,714,0,0.0055915555
Cold,113638,736,735,1216,714,1,-0.0012584764
Cold,319680,1897,1896,1236,732,0,-0.005955886
Cold,212220,1291,1290,1236,732,0,-0.009345934
Cold,209835,1281,1280,1236,732,1,0.0017777388
Cold,209058,1274,1273,1236,732,1,0.0014799974
Cold,308255,1836,1835,1236,732,0,0.00037683896
Cold,309031,1837,1836,1236,732,1,-0.0010217091
Cold,294595,1749,1748,1236,732,1,-0.0011427287
Cold,197541,1211,1210,1236,732,1,0.0010907466
Cold,185959,1150,1149,1236,732,1,0.008022663
Cold,212595,1294,1293,1236,732,1,0.0053033894
Cold,307832,1835,1834,1236,732,1,0.010638092
Cold,201867,1242,1241,1236,732,1,-0.001230595
Cold,168765,1069,1068,1236,732,1,0.0017626269
Cold,158835,1015,1014,1236,732,1,-0.007971228
Cold,150307,968,967,1236,732,1,-0.008018244
Cold,150152,966,965,1236,732,0,-0.008251507
Cold,298264,1767,1766,1236,732,1,-0.0022289671
Cold,132791,855,854,1236,732,1,-0.005653199
Cold,112785,731,730,1236,732,0,5.224254e-06
Cold,631934,3821,3820,1236,732,0,-0.0023267553
Cold,78186,527,526,1236,732,1,0.0016354983
Cold,70318,474,473,1236,732,0,-0.0054615857
Cold,57296,386,385,1236,732,1,-0.006232976
Cold,33732,225,224,1236,732,1,-0.003109205
Cold,983080,5938,5937,1236,732,1,-0.0015174592
Cold,773486,4610,4609,1236,732,1,-0.008153689
Cold,169991,1079,1078,1236,732,1,-0.005443138
Cold,290663,1733,1732,1236,732,1,0.0042868643
Cold,20985,151,150,1236,732,1,0.00031968253
Cold,34901,235,234,1236,732,1,0.006377301
Cold,41293,278,277,1241,736,1,0.0050454717
Cold,158854,1015,1014,1241,736,0,0.0068447967
Cold,44883,302,301,1241,736,1,-0.005875323
Cold,474442,2910,2909,1241,736,1,-0.0073138033
Cold,290676,1733,1732,1241,736,1,0.009379286
Cold,329693,1943,1942,1241,736,1,0.0037459175
Cold,238443,1447,1446,1241,736,1,-0.002295861
Cold,63584,424,423,1241,736,1,0.001224058
Cold,8904,59,58,1241,736,0,0.0022839746
Cold,879202,5312,5311,1241,736,1,-0.00063183066
Cold,578884,3539,3538,1273,767,1,0.0016068718
Cold,580356,3546,3545,1273,767,1,-0.002035908
Cold,713582,4277,4276,1273,767,1,0.0038235853
Cold,593266,3618,3617,1273,767,0,0.0034424993
Cold,561763,3455,3454,1273,767,1,0.0071490984
Cold,557509,3425,3424,1273,767,1,-0.001659546
Cold,645039,3885,3884,1273,767,1,0.0017586148
Cold,543358,3346,3345,1273,767,1,0.0050264606
Cold,541932,3336,3335,1273,767,0,0.0011112537
Cold,534558,3300,3299,1273,767,0,-0.006372112
Cold,534252,3299,3298,1273,767,1,-0.0010444812
Cold,916843,5539,5538,1273,767,1,-0.005913261
Cold,523170,3226,3225,1273,767,1,-0.006806798
Cold,521832,3220,3219,1273,767,1,-0.00029860414
Cold,522095,3224,3223,1273,767,1,0.0031281582
Cold,696983,4169,4168,1273,767,0,0.0031759785
Cold,510071,3142,3141,1273,767,1,-0.0010512165
Cold,548655,3387,3386,1273,767,0,-0.004891932
Cold,482502,2967,2966,1273,767,0,0.0014615504
Cold,479575,2943,2942,1273,767,1,0.0020113618
Cold,474568,2913,2912,1273,767,1,-0.00042388367
Cold,461958,2849,2848,1273,767,1,0.0009020532
Cold,457587,2820,2819,1273,767,1,-5.118968e-05
Cold,456865,2813,2812,1273,767,1,-0.00529036
Cold,448306,2764,2763,1273,767,1,-0.0011390354
Cold,446259,2752,2751,1273,767,1,-0.012262654
Cold,445864,2750,2749,1273,767,1,-0.0021747318
Cold,564102,3471,3470,1273,767,1,0.012029879
Cold,437698,2674,2673,1273,767,1,-0.0139018465
Cold,437331,2670,2669,1273,767,0,-0.0023774258
Cold,428497,2608,2607,1273,767,1,-0.001373998
Cold,402109,2402,2401,1273,767,1,-0.0045162276
Cold,383872,2243,2242,1273,767,1,-9.393785e-05
Cold,385108,2251,2250,1273,767,1,-0.0074808896
Cold,381473,2231,2230,1273,767,0,0.000453708
Cold,371941,2173,2172,1273,767,1,0.0008383631
Cold,299319,1777,1776,1273,767,1,-0.009923495
Cold,285862,1706,1705,1273,767,1,-0.0055049607
Cold,292059,1741,1740,1273,767,1,-0.0035161315
Cold,284704,1699,1698,1273,767,0,-0.00094742386
Cold,275977,1671,1670,1273,767,1,0.0011734152
Cold,278501,1680,1679,1273,767,0,0.003840968
Cold,274248,1658,1657,1273,767,1,0.0023944466
Cold,264049,1607,1606,1273,767,0,-0.0059250025
Cold,631282,3821,3820,1273,767,1,-0.0010083163
Cold,208172,1273,1272,1273,767,1,-0.0014784955
Cold,294105,1749,1748,1273,767,1,0.003303972
Cold,363616,2118,2117,1273,767,1,-0.009068765
Cold,293055,1746,1745,1273,767,1,0.0035912616
Cold,189924,1179,1178,1273,767,0,0.0064922287
Cold,212357,1294,1293,1273,767,1,-0.0004723994
Cold,184767,1150,1149,1273,767,1,-0.00075530633
Cold,180094,1128,1127,1273,767,0,-0.0022588752
Cold,176470,1116,1115,1273,767,1,-0.005593043
Cold,190277,1181,1180,1273,767,0,-0.011375651
Cold,157666,1015,1014,1273,767,0,-0.0016799225
Cold,319787,1899,1898,1273,767,1,-0.01018443
Cold,151897,977,976,1273,767,0,-0.008075979
Cold,260795,1594,1593,1273,767,0,-0.01150085
Cold,137654,889,888,1273,767,0,0.0022297762
Cold,159726,1019,1018,1273,767,1,-0.0023505646
Cold,130936,850,849,1273,767,1,0.0013084055
Cold,130424,846,845,1273,767,1,0.00769841
Cold,239572,1449,1448,1273,767,1,0.00562451
Cold,201308,1242,1241,1273,767,1,-0.0032507456
Cold,210491,1285,1284,1273,767,0,-8.420274e-05
Cold,92095,613,612,1273,767,1,0.0034960685
Cold,283785,1698,1697,1273,767,1,-0.001953775
Cold,83781,550,549,1273,767,1,0.0036758864
Cold,75638,515,514,1273,767,1,-0.0006412815
Cold,69414,466,465,1273,767,1,-0.007572142
Cold,62184,420,419,1273,767,1,-0.001540078
Cold,34548,235,234,1273,767,1,-0.007837749
Cold,21890,161,160,1273,767,1,-0.0034988408
Cold,21386,157,156,1273,767,0,0.006409986
Cold,370858,2168,2167,1273,767,1,-0.0025130494
Cold,203632,1252,1251,1273,767,1,-0.0015626869
Cold,545945,3367,3366,1273,767,0,-0.0018760577
Cold,249727,1505,1504,1273,767,1,0.0019727594
Cold,835165,5019,5018,1273,767,1,-0.010026975
Cold,321997,1912,1911,1273,767,0,0.00037486432
Cold,902936,5458,5457,1273,767,1,-0.0028105
Cold,193379,1194,1193,1273,767,1,-0.012416089
Cold,289906,1733,1732,1273,767,1,0.0034075892
Cold,310499,1851,1850,1273,767,0,-0.00013375276
Cold,346547,2031,2030,1273,767,0,-0.00082543
Cold,757510,4508,4507,1279,773,0,0.005400237
Cold,751083,4480,4479,1279,773,1,-0.0009975284
Cold,741557,4430,4429,1279,773,1,-0.0007535557
Cold,744177,4447,4446,1279,773,0,-3.5757897e-05
Cold,729602,4362,4361,1279,773,0,0.0011864317
Cold,714630,4279,4278,1279,773,0,0.008096912
Cold,725715,4344,4343,1279,773,0,-0.005032913
Cold,678102,4064,4063,1279,773,0,-0.0065145963
Cold,784324,4682,4681,1279,773,1,-0.0007024248
Cold,655660,3950,3949,1279,773,1,0.008658098
Cold,670040,4028,4027,1279,773,1,-0.0023419666
Cold,644378,3884,3883,1279,773,0,-0.006520272
Cold,638841,3842,3841,1279,773,1,-0.0042956625
Cold,613807,3718,3717,1279,773,1,-0.0031656655
Cold,603539,3673,3672,1279,773,0,0.00040257024
Cold,590614,3603,3602,1279,773,1,0.0039153188
Cold,588950,3592,3591,1279,773,0,-0.0068356483
Cold,583804,3563,3562,1279,773,1,-0.0072885025
Cold,578892,3539,3538,1279,773,1,-0.009968782
Cold,580360,3546,3545,1279,773,1,-0.0028517754
Cold,593273,3618,3617,1279,773,0,-0.0037852752
Cold,560308,3444,3443,1279,773,0,0.0071433466
Cold,575062,3519,3518,1279,773,1,-0.009850463
Cold,546646,3371,3370,1279,773,1,-0.0020474298
Cold,541936,3336,3335,1279,773,0,-0.004021551
Cold,534255,3299,3298,1279,773,1,-0.015608384
Cold,531832,3284,3283,1279,773,1,0.0009674586
Cold,532910,3292,3291,1279,773,1,-0.003274219
Cold,534920,3301,3300,1279,773,0,0.004674224
Cold,524778,3240,3239,1279,773,0,-0.008315356
Cold,522100,3224,3223,1279,773,1,-0.006557015
Cold,527211,3261,3260,1279,773,1,-0.006770092
Cold,510410,3145,3144,1279,773,1,-0.0032316814
Cold,574560,3518,3517,1279,773,1,-0.0016457494
Cold,816154,4899,4898,1279,773,1,-0.0037513212
Cold,499077,3067,3066,1279,773,0,0.00018458138
Cold,632854,3824,3823,1279,773,1,-0.006794559
Cold,490135,3017,3016,1279,773,0,-0.0072855037
Cold,482508,2967,2966,1279,773,0,0.0016059643
Cold,475037,2916,2915,1279,773,1,-0.0022765286
Cold,470827,2899,2898,1279,773,1,-0.00013924809
Cold,465500,2872,2871,1279,773,0,-0.004510228
Cold,465316,2870,2869,1279,773,0,-0.004187192
Cold,459554,2832,2831,1279,773,1,-0.0007292812
Cold,458822,2825,2824,1279,773,0,0.0024966805
Cold,457590,2820,2819,1279,773,0,0.005047813
Cold,443666,2737,2736,1279,773,1,0.0016444323
Cold,431322,2628,2627,1279,773,1,-0.0025031418
Cold,425147,2581,2580,1279,773,1,-0.0024983464
Cold,446652,2753,2752,1279,773,0,-0.004939709
Cold,416273,2507,2506,1279,773,1,-0.004535884
Cold,402040,2401,2400,1279,773,1,0.0028048877
Cold,398889,2376,2375,1279,773,1,-0.0043806713
Cold,378107,2206,2205,1279,773,1,-0.005874721
Cold,377614,2205,2204,1279,773,0,-0.004191631
Cold,713589,4277,4276,1279,773,1,-0.0051109428
Cold,347081,2036,2035,1279,773,1,0.0016698919
Cold,346548,2031,2030,1279,773,1,-0.0033275653
Cold,337888,1988,1987,1279,773,0,-0.000446429
Cold,333222,1968,1967,1279,773,0,0.0063922615
Cold,335380,1980,1979,1279,773,0,-0.0035592667
Cold,304601,1812,1811,1279,773,1,-0.0033924568
Cold,286181,1709,1708,1279,773,0,0.0010067187
Cold,285866,1706,1705,1279,773,1,-0.0026166353
Cold,284708,1699,1698,1279,773,0,0.006362848
Cold,274254,1658,1657,1279,773,1,-0.0017174447
Cold,282495,1694,1693,1279,773,1,-0.0018279604
Cold,278510,1680,1679,1279,773,1,-0.009016295
Cold,268720,1632,1631,1279,773,0,-0.011536133
Cold,256421,1565,1564,1279,773,1,-0.00881709
Cold,231909,1407,1406,1279,773,1,0.0012645877
Cold,249418,1503,1502,1279,773,1,-0.0039676907
Cold,240901,1451,1450,1279,773,1,-0.002917213
Cold,357171,2092,2091,1279,773,1,0.0016401167
Cold,269642,1635,1634,1279,773,1,-0.0030731838
Cold,296284,1758,1757,1279,773,1,0.00038742763
Cold,212728,1297,1296,1279,773,1,-0.0050621247
Cold,203745,1253,1252,1279,773,0,-0.00050611724
Cold,329079,1943,1942,1279,773,1,-0.002741019
Cold,184772,1150,1149,1279,773,1,0.0019136234
Cold,212358,1294,1293,1279,773,1,0.008951014
Cold,307130,1835,1834,1279,773,1,-0.0089635365
Cold,201309,1242,1241,1279,773,0,-0.00032983813
Cold,176473,1116,1115,1279,773,1,-0.010645943
Cold,173451,1100,1099,1279,773,1,-0.0077440096
Cold,163614,1050,1049,1279,773,0,-0.0026774418
Cold,157670,1015,1014,1279,773,0,-0.0059245396
Cold,150253,968,967,1279,773,1,0.001997439
Cold,149996,966,965,1279,773,1,-0.0039451476
Cold,149446,963,962,1279,773,0,-0.0029833047
Cold,147694,952,951,1279,773,1,-0.0014715814
Cold,142288,919,918,1279,773,1,-0.0036898335
Cold,137661,889,888,1279,773,0,0.00050064176
Cold,159731,1019,1018,1279,773,1,-0.00010778662
Cold,127606,824,823,1279,773,0,-0.009459922
Cold,112201,731,730,1279,773,0,-0.006160917
Cold,101605,677,676,1279,773,0,-0.008277964
Cold,100706,673,672,1279,773,0,0.0005681168
Cold,239578,1449,1448,1279,773,1,-0.008584132
Cold,97658,655,654,1279,773,0,9.265449e-05
Cold,94519,635,634,1279,773,1,0.0031672902
Cold,631285,3821,3820,1279,773,0,-0.002115817
Cold,696989,4169,4168,1279,773,0,-0.0056963377
Cold,283792,1698,1697,1279,773,1,-0.008939587
Cold,322001,1912,1911,1279,773,1,-0.00044097647
Cold,83790,550,549,1279,773,1,0.0024387743
Cold,190286,1181,1180,1279,773,0,0.004428502
Cold,67678,454,453,1279,773,1,-0.0026544232
Cold,70039,474,473,1279,773,1,-0.004027311
Cold,52429,346,345,1279,773,1,-0.0023632552
Cold,51624,339,338,1279,773,1,0.0015237506
Cold,132218,855,854,1279,773,0,-0.0025139712
Cold,31726,216,215,1279,773,0,-0.007940456
Cold,29021,199,198,1279,773,0,0.00011101132
Cold,734519,4387,4386,1279,773,0,-0.010850783
Cold,860240,5172,5171,1279,773,1,-0.0051670857
Cold,17373,136,135,1279,773,1,-0.00066986075
Cold,6457,46,45,1279,773,0,0.00058211933
Cold,7451,53,52,1279,773,1,0.0022434653
Cold,6214,45,44,1279,773,0,-0.006247622
Cold,337,5,4,1279,773,0,-0.0033180683
Cold,92971,623,622,1279,773,1,0.0049941773
Cold,245410,1483,1482,1279,773,1,-0.0010829321
Cold,202880,1246,1245,1279,773,0,0.0024451718
Cold,76258,518,517,1279,773,1,-0.0026675093
Cold,370863,2168,2167,1279,773,1,-0.0035648195
Cold,475355,2918,2917,1279,773,0,0.00025393022
Cold,114191,743,742,1279,773,1,0.00018712133
Cold,750568,4478,4477,1279,773,1,-0.0020604332
Cold,195181,1203,1202,1279,773,0,-0.007109702
Cold,699860,4186,4185,1279,773,1,-0.0071471767
Cold,289914,1733,1732,1279,773,1,-0.0066492287
Cold,790623,4728,4727,1279,773,0,0.0031133373
Cold,214604,1303,1302,1279,773,0,0.0017809893
Cold,725727,4344,4343,1289,783,1,-0.004335456
Cold,717470,4298,4297,1289,783,1,-0.0066703726
Cold,711523,4269,4268,1289,783,1,-0.005966114
Cold,702922,4215,4214,1289,783,1,-0.0055929925
Cold,678122,4064,4063,1289,783,1,-0.0028495525
Cold,669677,4026,4025,1289,783,1,-0.0022705463
Cold,646987,3894,3893,1289,783,1,-0.0022520744
Cold,644389,3884,3883,1289,783,0,-0.004850764
Cold,804433,4816,4815,1289,783,1,0.0021003734
Cold,639538,3844,3843,1289,783,1,0.0042383107
Cold,634591,3829,3828,1289,783,1,-0.004520283
Cold,630215,3811,3810,1289,783,1,-0.008756337
Cold,629008,3808,3807,1289,783,1,-0.0024295547
Cold,625728,3782,3781,1289,783,1,0.0023804833
Cold,626154,3790,3789,1289,783,1,-0.010163069
Cold,623722,3773,3772,1289,783,0,0.001763233
Cold,621859,3768,3767,1289,783,1,-0.0012042369
Cold,618784,3751,3750,1289,783,0,0.0061197593
Cold,584403,3568,3567,1289,783,0,-0.0016054236
Cold,580767,3547,3546,1289,783,1,-0.0027014143
Cold,576027,3521,3520,1289,783,1,-0.0039178054
Cold,581196,3550,3549,1289,783,1,-0.011289638
Cold,713603,4277,4276,1289,783,1,-0.0037751384
Cold,564876,3472,3471,1289,783,0,-0.002527045
Cold,904336,5468,5467,1289,783,1,-0.00011193752
Cold,551124,3394,3393,1289,783,1,0.0005129193
Cold,549394,3390,3389,1289,783,1,-0.0016183853
Cold,543366,3346,3345,1289,783,1,-0.0054863794
Cold,580371,3546,3545,1289,783,1,-0.0006136077
Cold,528479,3266,3265,1289,783,1,-0.001225852
Cold,522115,3224,3223,1289,783,1,-0.0021980936
Cold,510419,3145,3144,1289,783,1,-0.0004859111
Cold,505512,3110,3109,1289,783,0,0.0033029835
Cold,916851,5539,5538,1289,783,1,-0.0057184543
Cold,545953,3367,3366,1289,783,1,-0.002719537
Cold,768953,4579,4578,1289,783,1,0.00023204274
Cold,484065,2978,2977,1289,783,0,0.0019058483
Cold,479118,2941,2940,1289,783,1,-0.0004810854
Cold,484766,2986,2985,1289,783,0,0.002113666
Cold,457598,2820,2819,1289,783,0,0.0045089675
Cold,459057,2826,2825,1289,783,0,-0.006443688
Cold,448317,2764,2763,1289,783,0,-0.008168361
Cold,443553,2736,2735,1289,783,0,0.003171843
Cold,437701,2674,2673,1289,783,1,0.011927419
Cold,439321,2684,2683,1289,783,1,-0.014018377
Cold,437338,2670,2669,1289,783,0,0.0024221586
Cold,424176,2572,2571,1289,783,1,-0.0026872838
Cold,415986,2506,2505,1289,783,0,0.002073461
Cold,416290,2507,2506,1289,783,1,-0.0058669546
Cold,401792,2397,2396,1289,783,0,-0.0035824953
Cold,393212,2310,2309,1289,783,0,-0.0074506877
Cold,390591,2293,2292,1289,783,1,0.0022087556
Cold,391858,2304,2303,1289,783,1,-0.004648398
Cold,388812,2279,2278,1289,783,1,0.0056499057
Cold,377622,2205,2204,1289,783,0,-0.0044518267
Cold,371942,2173,2172,1289,783,1,-0.004991798
Cold,358367,2098,2097,1289,783,0,-0.0046468284
Cold,352876,2067,2066,1289,783,1,0.005169105
Cold,357188,2092,2091,1289,783,0,-0.009407787
Cold,310243,1846,1845,1289,783,1,-0.008797854
Cold,295169,1753,1752,1289,783,1,-0.006930433
Cold,281957,1692,1691,1289,783,1,-0.0039584073
Cold,275359,1667,1666,1289,783,0,0.0014815093
Cold,275994,1671,1670,1289,783,0,-0.0058227326
Cold,252018,1525,1524,1289,783,1,0.00125205
Cold,315847,1882,1881,1289,783,1,-0.009541294
Cold,325167,1926,1925,1289,783,1,-0.0049135215
Cold,283810,1698,1697,1289,783,1,-0.008506524
Cold,220776,1339,1338,1289,783,1,-0.0030882044
Cold,289144,1727,1726,1289,783,1,0.005678363
Cold,239597,1449,1448,1289,783,0,-0.009216197
Cold,207282,1267,1266,1289,783,1,0.007396986
Cold,278537,1680,1679,1289,783,1,0.0010460741
Cold,294122,1749,1748,1289,783,0,-0.0014733955
Cold,190311,1181,1180,1289,783,0,0.009349376
Cold,327502,1941,1940,1289,783,0,0.0018252088
Cold,210510,1285,1284,1289,783,1,0.0022156625
Cold,319805,1899,1898,1289,783,0,-0.0077722557
Cold,156141,1005,1004,1289,783,1,-0.009433128
Cold,166896,1062,1061,1289,783,1,0.0107158935
Cold,157686,1015,1014,1289,783,1,-0.007813092
Cold,151450,975,974,1289,783,1,-0.0053276177
Cold,148947,958,957,1289,783,1,-0.0020486363
Cold,146673,946,945,1289,783,1,0.00261738
Cold,137685,889,888,1289,783,0,-0.009711752
Cold,127613,824,823,1289,783,0,-0.010705809
Cold,314883,1880,1879,1289,783,1,-0.010727109
Cold,108891,713,712,1289,783,0,-0.009244271
Cold,103767,690,689,1289,783,1,-0.0058333394
Cold,97668,655,654,1289,783,1,-0.005430823
Cold,316553,1884,1883,1289,783,1,-0.0030743354
Cold,221982,1343,1342,1289,783,1,-5.0885137e-06
Cold,92100,613,612,1289,783,0,-0.008291143
Cold,88084,580,579,1289,783,0,-0.003338854
Cold,169475,1077,1076,1289,783,0,-0.0068576476
Cold,83812,550,549,1289,783,1,-0.0033206744
Cold,74355,508,507,1289,783,1,-5.827821e-05
Cold,201313,1242,1241,1289,783,1,-0.0033024969
Cold,34067,230,229,1289,783,1,-0.0035654563
Cold,36192,245,244,1289,783,0,-0.00051770604
Cold,88683,587,586,1289,783,0,-0.0015430232
Cold,947692,5722,5721,1289,783,1,0.0025416203
Cold,440054,2691,2690,1289,783,1,-0.001400349
Cold,61705,415,414,1289,783,1,0.0045675924
Cold,17386,136,135,1289,783,1,0.0036750007
Cold,19785,149,148,1289,783,1,-0.00598896
Cold,267808,1628,1627,1289,783,0,-0.0040754722
Cold,686395,4107,4106,1289,783,1,-0.0054004854
Cold,24182,173,172,1289,783,1,-0.0016629469
Cold,874063,5277,5276,1289,783,0,-0.0074558845
Cold,750576,4478,4477,1289,783,0,-0.004372599
Cold,161249,1029,1028,1289,783,1,-0.002400415
Cold,261552,1599,1598,1289,783,1,-0.0015480467
Cold,294757,1752,1751,1289,783,0,0.0038781455
Cold,325990,1930,1929,1289,783,1,0.003389407
Cold,41302,279,278,1289,783,0,0.001766562
Cold,194653,1202,1201,1289,783,1,0.0019718006
Cold,840494,5049,5048,1289,783,1,-0.0070902146
Cold,372576,2176,2175,1289,783,1,-0.0018391438
Cold,193389,1194,1193,1289,783,1,-0.004741314
Cold,195188,1203,1202,1289,783,1,-0.0022436911
Cold,825707,4958,4957,1289,783,1,-0.0012706383
Cold,506200,3114,3113,1305,799,1,0.004138859
Cold,482701,2967,2966,1305,799,1,0.00080140727
Cold,697352,4169,4168,1305,799,0,0.0038887123
Cold,473592,2909,2908,1305,799,1,-0.007302022
Cold,457901,2820,2819,1305,799,0,-0.0009557088
Cold,453714,2793,2792,1305,799,1,0.003404035
Cold,446394,2752,2751,1305,799,1,0.005269753
Cold,431392,2628,2627,1305,799,1,0.0078781415
Cold,416578,2507,2506,1305,799,1,-0.011643026
Cold,391259,2301,2300,1305,799,1,0.0041205515
Cold,392170,2304,2303,1305,799,1,0.010026681
Cold,389431,2282,2281,1305,799,1,-0.0051227612
Cold,388548,2275,2274,1305,799,1,-0.0047433
Cold,298328,1768,1767,1305,799,1,0.0025147798
Cold,268999,1632,1631,1305,799,1,0.0041748295
Cold,258195,1583,1582,1305,799,1,0.0031553518
Cold,216658,1316,1315,1305,799,0,0.00079265935
Cold,220350,1335,1334,1305,799,0,-0.003385836
Cold,294285,1749,1748,1305,799,1,0.004197259
Cold,279186,1680,1679,1305,799,1,0.0035810997
Cold,180281,1128,1127,1305,799,1,-0.0021159877
Cold,346184,2030,2029,1305,799,1,-0.005718031
Cold,246298,1489,1488,1305,799,1,-0.008534774
Cold,185249,1150,1149,1305,799,0,0.001238639
Cold,138247,889,888,1305,799,0,0.0014448538
Cold,131143,850,849,1305,799,1,0.0042808377
Cold,160065,1019,1018,1305,799,1,0.0032948786
Cold,210915,1285,1284,1305,799,1,0.002421538
Cold,240043,1449,1448,1305,799,0,0.009397102
Cold,116173,752,751,1305,799,1,-0.00058126124
Cold,101675,677,676,1305,799,1,-0.0016364835
Cold,631546,3821,3820,1305,799,1,-0.000129316
Cold,332213,1960,1959,1305,799,1,-0.0056439815
Cold,316791,1884,1883,1305,799,0,0.00044998387
Cold,228245,1383,1382,1305,799,0,-0.0020141127
Cold,99560,664,663,1305,799,0,-0.0074733323
Cold,190883,1181,1180,1305,799,0,0.0094995815
Cold,83092,549,548,1305,799,0,-0.0029779365
Cold,75696,515,514,1305,799,1,0.007705856
Cold,308597,1837,1836,1305,799,1,0.0026113559
Cold,58265,392,391,1305,799,0,0.0113165695
Cold,42920,293,292,1305,799,1,0.0029947713
Cold,22130,161,160,1305,799,1,0.0003911442
Cold,916896,5539,5538,1305,799,1,0.0046914946
Cold,8031,53,52,1305,799,1,-0.0007201496
Cold,357445,2092,2091,1305,799,1,0.001566322
Cold,481805,2962,2961,1305,799,0,-0.0025622756
Cold,287705,1717,1716,1305,799,1,-0.0011289999
Cold,129387,839,838,1305,799,1,0.00032632845
Cold,203666,1252,1251,1305,799,1,0.0077393577
Cold,158156,1015,1014,1305,799,1,-0.0053239604
Cold,750649,4478,4477,1305,799,0,0.0008327486
Cold,431034,2627,2626,1305,799,0,-0.0008672506
Cold,28520,195,194,1305,799,1,0.005026256
Cold,901575,5450,5449,1305,799,0,0.003839842
Cold,564394,3471,3470,1305,799,0,0.0025748583
Cold,24609,173,172,1305,799,0,-0.008352446
Cold,977933,5892,5891,1305,799,1,-0.011113375
Cold,136562,881,880,1305,799,0,0.0034753345
Cold,276213,1671,1670,1305,799,0,-0.004438894
Cold,217027,1317,1316,1305,799,1,0.0017490592
Cold,541012,3328,3327,1306,800,1,0.002819091
Cold,520009,3208,3207,1306,800,1,0.0075200247
Cold,517407,3193,3192,1306,800,0,0.0024399532
Cold,514035,3172,3171,1306,800,1,-0.0020150088
Cold,513497,3167,3166,1306,800,1,-0.0066355793
Cold,506691,3118,3117,1306,800,1,0.0026809452
Cold,505604,3110,3109,1306,800,0,-0.0021532914
Cold,503305,3092,3091,1306,800,1,0.005984579
Cold,574734,3518,3517,1306,800,0,0.008994512
Cold,633222,3824,3823,1306,800,0,-0.002150692
Cold,483402,2971,2970,1306,800,1,-0.008012809
Cold,852879,5113,5112,1306,800,0,0.007603852
Cold,460665,2841,2840,1306,800,1,0.00024122279
Cold,444238,2740,2739,1306,800,1,-0.008285966
Cold,475490,2918,2917,1306,800,1,0.0044323667
Cold,437742,2674,2673,1306,800,0,-0.008508702
Cold,430491,2624,2623,1306,800,1,0.0024346586
Cold,416580,2507,2506,1306,800,1,0.01904589
Cold,411049,2466,2465,1306,800,1,0.002782814
Cold,395571,2338,2337,1306,800,1,-0.0002787655
Cold,374058,2181,2180,1306,800,0,0.0076076626
Cold,346629,2031,2030,1306,800,1,0.0012987969
Cold,345471,2026,2025,1306,800,0,0.001212766
Cold,310986,1852,1851,1306,800,1,-0.00034192356
Cold,300868,1784,1783,1306,800,0,-0.0048683146
Cold,287706,1717,1716,1306,800,1,-0.0009500956
Cold,292306,1741,1740,1306,800,1,-0.008444575
Cold,276942,1675,1674,1306,800,1,0.0043749255
Cold,270566,1637,1636,1306,800,1,-0.00047981925
Cold,279188,1680,1679,1306,800,0,0.000397488
Cold,269001,1632,1631,1306,800,1,0.0112521
Cold,253888,1544,1543,1306,800,0,0.000103512546
Cold,254090,1545,1544,1306,800,0,0.011701146
Cold,251602,1522,1521,1306,800,0,-0.0010071656
Cold,237170,1442,1441,1306,800,1,0.007859435
Cold,296453,1758,1757,1306,800,1,0.00259517
Cold,210917,1285,1284,1306,800,0,0.0089054
Cold,207985,1272,1271,1306,800,1,0.0034911558
Cold,204561,1260,1259,1306,800,1,-0.0018858525
Cold,202023,1243,1242,1306,800,0,-0.003575807
Cold,214833,1303,1302,1306,800,0,0.008217769
Cold,243924,1470,1469,1306,800,0,0.0003246545
Cold,185251,1150,1149,1306,800,0,-0.00078608503
Cold,180282,1128,1127,1306,800,0,0.0034675312
Cold,168423,1069,1068,1306,800,0,0.0062638707
Cold,158157,1015,1014,1306,800,1,0.0001924379
Cold,149579,963,962,1306,800,0,0.007875051
Cold,128303,830,829,1306,800,0,0.0059255287
Cold,97828,655,654,1306,800,1,0.0023901546
Cold,697353,4169,4168,1306,800,1,0.002884281
Cold,90935,602,601,1306,800,1,0.002625471
Cold,87443,571,570,1306,800,1,-0.0017287445
Cold,308598,1837,1836,1306,800,1,0.0050344095
Cold,86110,563,562,1306,800,0,0.0010711849
Cold,83094,549,548,1306,800,1,-0.0041273776
Cold,84142,550,549,1306,800,1,0.00475722
Cold,74396,508,507,1306,800,1,-0.007733427
Cold,69851,471,470,1306,800,1,0.00022674899
Cold,63684,425,424,1306,800,1,0.007854825
Cold,35685,241,240,1306,800,0,0.0016396078
Cold,481806,2962,2961,1306,800,0,-0.002677224
Cold,21743,157,156,1306,800,0,0.010405023
Cold,20980,151,150,1306,800,1,-0.00046463177
Cold,107929,710,709,1306,800,0,0.0008982979
Cold,3125,23,22,1306,800,1,0.0023299558
Cold,932685,5630,5629,1306,800,1,-0.0010299855
Cold,44864,302,301,1306,800,0,0.0020750533
Cold,129389,839,838,1306,800,0,0.0035651294
Cold,975363,5880,5879,1306,800,0,0.0017594066
Cold,241866,1457,1456,1306,800,0,0.0042465515
Cold,28522,195,194,1306,800,1,0.010528255
Cold,290183,1733,1732,1306,800,0,0.0019145028
Cold,26690,188,187,1306,800,0,0.006940484
Cold,868272,5242,5241,1306,800,1,-0.0043814597
Cold,806892,4829,4828,1306,800,0,-0.008380269
Cold,891889,5387,5386,1306,800,1,0.0015551032
Cold,537146,3311,3310,1330,805,0,-0.013291539
Cold,512846,3163,3162,1330,805,0,-0.0063248794
Cold,566259,3476,3475,1330,805,0,0.000291222
Cold,605793,3681,3680,1330,805,0,-0.014789564
Cold,508624,3129,3128,1330,805,1,-0.0071064252
Cold,494141,3032,3031,1330,805,1,-0.006775385
Cold,600030,3650,3649,1330,805,0,-0.0048912233
Cold,477171,2929,2928,1330,805,0,0.008182265
Cold,467761,2883,2882,1330,805,0,-0.0036280388
Cold,487044,2996,2995,1330,805,0,0.0055225864
Cold,463304,2857,2856,1330,805,1,-0.0023932203
Cold,450275,2776,2775,1330,805,1,-0.0024189572
Cold,426483,2590,2589,1330,805,0,-0.009736306
Cold,377821,2205,2204,1330,805,0,-0.0054138764
Cold,359088,2101,2100,1330,805,1,-0.00685327
Cold,331606,1958,1957,1330,805,0,-0.008261815
Cold,305837,1820,1819,1330,805,0,-0.0051663457
Cold,298532,1770,1769,1330,805,0,-0.0029583508
Cold,279249,1680,1679,1330,805,1,-0.001963412
Cold,299070,1776,1775,1330,805,1,-0.0012399231
Cold,259462,1587,1586,1330,805,0,-0.009677458
Cold,247689,1496,1495,1330,805,0,-0.0089709405
Cold,227142,1377,1376,1330,805,0,0.00048933085
Cold,214087,1300,1299,1330,805,0,-0.008326138
Cold,240079,1449,1448,1330,805,0,0.0013947971
Cold,328120,1941,1940,1330,805,1,-0.0005350873
Cold,192364,1184,1183,1330,805,0,-0.0008422255
Cold,307440,1835,1834,1330,805,1,-0.00037020678
Cold,176393,1115,1114,1330,805,0,-0.0022677858
Cold,184000,1146,1145,1330,805,1,0.0031427685
Cold,159267,1017,1016,1330,805,0,-0.008772089
Cold,164553,1051,1050,1330,805,1,0.00081624
Cold,263324,1605,1604,1330,805,1,-0.00932902
Cold,125550,808,807,1330,805,0,-0.005288172
Cold,115395,749,748,1330,805,1,-0.011423169
Cold,114090,741,740,1330,805,1,0.009854864
Cold,104855,695,694,1330,805,1,-0.004803949
Cold,92754,621,620,1330,805,0,-0.0054395245
Cold,83127,549,548,1330,805,1,-0.0011503812
Cold,238937,1448,1447,1330,805,0,0.00055393047
Cold,77526,524,523,1330,805,0,-0.011406846
Cold,57527,390,389,1330,805,0,-0.004944438
Cold,132468,855,854,1330,805,0,-0.0025793754
Cold,41112,278,277,1330,805,0,-0.005418782
Cold,99846,667,666,1330,805,1,0.004010727
Cold,432697,2638,2637,1330,805,0,-0.007283585
Cold,954317,5761,5760,1330,805,0,-0.0063131996
Cold,102254,678,677,1330,805,0,-0.0066511948
Cold,556550,3420,3419,1330,805,1,-0.010543505
Cold,750652,4478,4477,1330,805,0,-0.019431017
Cold,335909,1980,1979,1330,805,1,-0.0055950014
Cold,473634,2909,2908,1330,805,0,-0.008769287
Cold,322364,1912,1911,1330,805,0,-0.006057663
Cold,474363,2910,2909,1330,805,1,-0.004176425
Cold,62946,424,423,1330,805,0,0.0025452483
Cold,145802,937,936,1330,805,1,-0.011826944
Cold,566261,3476,3475,1332,806,0,0.010175717
Cold,605795,3681,3680,1332,806,1,-0.007739798
Cold,509641,3139,3138,1332,806,0,0.009797035
Cold,496880,3053,3052,1332,806,0,-0.0061232
Cold,490767,3018,3017,1332,806,1,-0.007081721
Cold,539902,3320,3319,1332,806,0,-0.0042389417
Cold,697369,4169,4168,1332,806,0,0.003623535
Cold,852884,5113,5112,1332,806,0,-0.0022073276
Cold,754915,4497,4496,1332,806,0,-0.0013009694
Cold,463306,2857,2856,1332,806,0,-0.003191926
Cold,457938,2820,2819,1332,806,0,-0.012197591
Cold,446409,2752,2751,1332,806,0,0.0014248604
Cold,426485,2590,2589,1332,806,0,-0.0055957143
Cold,416611,2507,2506,1332,806,0,0.0022287075
Cold,374075,2181,2180,1332,806,1,-0.008151725
Cold,364759,2124,2123,1332,806,0,-0.010472431
Cold,326312,1931,1930,1332,806,1,-0.0008796444
Cold,305839,1820,1819,1332,806,1,-0.00063166046
Cold,288268,1722,1721,1332,806,1,0.0018468231
Cold,279253,1680,1679,1332,806,1,0.0026761396
Cold,260652,1593,1592,1332,806,0,-0.0018199314
Cold,255272,1554,1553,1332,806,0,0.010824521
Cold,247691,1496,1495,1332,806,0,0.013462145
Cold,232444,1412,1411,1332,806,0,-6.317254e-05
Cold,249515,1503,1502,1332,806,0,0.0058373
Cold,243949,1470,1469,1332,806,0,-0.0011984135
Cold,328125,1941,1940,1332,806,0,0.0046068546
Cold,334599,1974,1973,1332,806,0,0.004836601
Cold,184001,1146,1145,1332,806,0,-0.00018009392
Cold,159269,1017,1016,1332,806,0,0.00022471487
Cold,158206,1015,1014,1332,806,0,0.0060034357
Cold,151600,975,974,1332,806,1,0.003007677
Cold,133008,858,857,1332,806,1,-0.0002913851
Cold,210960,1285,1284,1332,806,1,-0.0011355414
Cold,103411,687,686,1332,806,0,-0.003948325
Cold,84957,552,551,1332,806,0,0.0015170975
Cold,83131,549,548,1332,806,1,-0.0006503514
Cold,238941,1448,1447,1332,806,0,-0.007547573
Cold,80193,533,532,1332,806,0,0.002032097
Cold,62949,424,423,1332,806,0,0.0067409943
Cold,45136,305,304,1332,806,1,-0.0055911206
Cold,481829,2962,2961,1332,806,1,0.0005268771
Cold,14285,117,116,1337,809,0,-0.004167769
Cold,7264,51,50,1337,809,1,-0.006336593
Cold,622125,3768,3767,1337,809,1,-0.003954417
Cold,473644,2909,2908,1337,809,0,0.008742299
Cold,688073,4116,4115,1346,816,0,0.005185109
Cold,707422,4238,4237,1346,816,0,0.010059495
Cold,675465,4053,4052,1346,816,1,0.007893538
Cold,672111,4040,4039,1346,816,0,0.000905173
Cold,682471,4085,4084,1346,816,1,0.014807661
Cold,663500,3998,3997,1346,816,1,0.0055397465
Cold,662817,3995,3994,1346,816,0,0.004847002
Cold,652585,3934,3933,1346,816,0,0.0072617363
Cold,651437,3929,3928,1346,816,0,0.0014278274
Cold,647267,3896,3895,1346,816,0,-0.0032665792
Cold,648250,3903,3902,1346,816,0,0.00044536765
Cold,639129,3842,3841,1346,816,0,0.008208656
Cold,628694,3807,3806,1346,816,1,0.010681378
Cold,628167,3804,3803,1346,816,1,-0.0017303632
Cold,629481,3808,3807,1346,816,0,0.007900343
Cold,638187,3841,3840,1346,816,1,0.0039672884
Cold,623392,3771,3770,1346,816,0,0.014538776
Cold,615663,3727,3726,1346,816,0,0.012240221
Cold,604849,3677,3676,1346,816,0,0.0008024764
Cold,609163,3693,3692,1346,816,1,0.010309118
Cold,621228,3762,3761,1346,816,0,0.0024378253
Cold,745370,4448,4447,1346,816,1,0.009715781
Cold,633287,3824,3823,1346,816,0,0.0067670033
Cold,596598,3626,3625,1346,816,0,0.004089508
Cold,583458,3562,3561,1346,816,0,0.0038388697
Cold,577929,3529,3528,1346,816,0,0.00483267
Cold,876215,5289,5288,1346,816,0,0.0066440934
Cold,569247,3491,3490,1346,816,1,0.0005417168
Cold,657129,3961,3960,1346,816,1,0.012621845
Cold,533354,3292,3291,1346,816,1,0.011438584
Cold,542231,3336,3335,1346,816,0,0.0075678863
Cold,529142,3271,3270,1346,816,0,0.013299908
Cold,528196,3265,3264,1346,816,0,0.000614726
Cold,518764,3201,3200,1346,816,1,-0.0007010951
Cold,522588,3224,3223,1346,816,0,0.012407135
Cold,566280,3476,3475,1346,816,0,0.007395697
Cold,509503,3138,3137,1346,816,0,0.0080025075
Cold,505448,3109,3108,1346,816,0,0.0011593038
Cold,501788,3081,3080,1346,816,0,0.0154789705
Cold,499446,3067,3066,1346,816,0,0.010427048
Cold,494170,3032,3031,1346,816,1,0.008579263
Cold,490783,3018,3017,1346,816,0,0.020014433
Cold,697387,4169,4168,1346,816,0,0.010494341
Cold,473661,2909,2908,1346,816,1,0.011003718
Cold,754921,4497,4496,1346,816,0,-0.0023268145
Cold,463330,2857,2856,1346,816,0,0.00999427
Cold,462243,2852,2851,1346,816,1,0.0054596467
Cold,457959,2820,2819,1346,816,0,0.012423744
Cold,453767,2793,2792,1346,816,1,0.013116065
Cold,790753,4728,4727,1346,816,1,0.0050365697
Cold,418710,2529,2528,1346,816,0,0.011873536
Cold,415519,2503,2502,1346,816,1,0.003981257
Cold,411573,2472,2471,1346,816,0,0.010982503
Cold,402008,2400,2399,1346,816,0,0.0008186484
Cold,402329,2402,2401,1346,816,0,0.010127498
Cold,397202,2352,2351,1346,816,1,-0.004540189
Cold,388980,2279,2278,1346,816,1,0.005031947
Cold,369934,2164,2163,1346,816,0,0.00797279
Cold,350129,2055,2054,1346,816,1,0.011842536
Cold,339414,1999,1998,1346,816,0,-0.009905659
Cold,337033,1983,1982,1346,816,0,0.008062227
Cold,326319,1931,1930,1346,816,1,0.010965488
Cold,305395,1816,1815,1346,816,1,0.010038835
Cold,300729,1781,1780,1346,816,0,0.0051102964
Cold,288279,1722,1721,1346,816,1,0.0013328965
Cold,276983,1675,1674,1346,816,1,0.0040613995
Cold,270917,1639,1638,1346,816,1,0.00621638
Cold,392211,2304,2303,1346,816,1,0.00017203251
Cold,350725,2059,2058,1346,816,0,-0.0025940319
Cold,242822,1465,1464,1346,816,0,0.012031177
Cold,262240,1600,1599,1346,816,0,0.014988843
Cold,220375,1335,1334,1346,816,0,0.0077476613
Cold,240109,1449,1448,1346,816,0,0.012774965
Cold,200926,1238,1237,1346,816,0,0.005569907
Cold,328160,1941,1940,1346,816,0,0.014384836
Cold,334612,1974,1973,1346,816,0,0.013565948
Cold,307460,1835,1834,1346,816,1,0.009439542
Cold,182800,1140,1139,1346,816,0,0.007199018
Cold,179127,1124,1123,1346,816,1,0.008598145
Cold,196521,1207,1206,1346,816,0,-0.005318398
Cold,159282,1017,1016,1346,816,0,0.004785391
Cold,158238,1015,1014,1346,816,1,0.011317264
Cold,153059,984,983,1346,816,1,0.008793354
Cold,148315,955,954,1346,816,0,0.0062436615
Cold,133870,868,867,1346,816,1,-0.004245068
Cold,315275,1880,1879,1346,816,0,0.007437125
Cold,125558,808,807,1346,816,0,0.009197053
Cold,210977,1285,1284,1346,816,1,0.004629465
Cold,115409,749,748,1346,816,0,0.003459847
Cold,103688,689,688,1346,816,0,-0.0054835207
Cold,201568,1242,1241,1346,816,0,0.0074136592
Cold,97049,651,650,1346,816,1,0.004702088
Cold,316828,1884,1883,1346,816,1,0.0077049984
Cold,174654,1105,1104,1346,816,1,-0.0019754737
Cold,190966,1181,1180,1346,816,0,0.00969325
Cold,83157,549,548,1346,816,0,0.01885229
Cold,77550,524,523,1346,816,1,0.0021049872
Cold,81695,543,542,1346,816,1,-0.0009911677
Cold,41127,278,277,1346,816,1,0.009912781
Cold,37307,255,254,1346,816,1,-0.00024965638
Cold,984211,5948,5947,1346,816,1,-0.008732371
Cold,36163,245,244,1346,816,0,0.0104110865
Cold,29560,202,201,1346,816,0,0.011262961
Cold,290236,1733,1732,1346,816,0,0.011808319
Cold,553960,3410,3409,1346,816,0,-0.0013159406
Cold,365772,2129,2128,1346,816,1,-0.00091793167
Cold,30978,208,207,1346,816,0,0.013075996
Cold,622141,3768,3767,1346,816,0,0.007344355
Cold,102281,678,677,1346,816,1,0.0006996158
Cold,760808,4520,4519,1346,816,0,-0.0003084573
Cold,62977,424,423,1346,816,0,0.007681054
Cold,713886,4277,4276,1346,816,1,0.010047924
Cold,575824,3520,3519,1346,816,0,0.0073540118
Cold,195463,1203,1202,1346,816,0,-0.00060866016
Cold,195469,1203,1202,1352,820,1,-0.012080663
Cold,145354,935,934,1352,820,0,-0.0132910255
Cold,131922,854,853,1352,820,0,-0.0050914106
Cold,117514,757,756,1352,820,0,-0.0060477434
Cold,112132,730,729,1352,820,0,-0.008387926
Cold,106080,699,698,1352,820,0,-0.0063991933
Cold,116239,752,751,1352,820,0,-0.014920229
Cold,100177,669,668,1352,820,0,-0.0101218885
Cold,98836,660,659,1352,820,0,-0.0057816165
Cold,294913,1752,1751,1352,820,0,-0.010700344
Cold,308649,1837,1836,1352,820,0,-0.003112503
Cold,83164,549,548,1352,820,1,-0.00882317
Cold,77556,524,523,1352,820,0,-0.019133724
Cold,697392,4169,4168,1352,820,0,-0.008327306
Cold,38160,261,260,1352,820,0,-0.008589844
Cold,40199,272,271,1352,820,0,-0.008689501
Cold,33305,225,224,1352,820,0,-0.011638395
Cold,25495,181,180,1352,820,1,-0.0074685873
Cold,16239,129,128,1352,820,0,-0.0050533325
Cold,7459,53,52,1352,820,0,-0.0066031255
Cold,15343,123,122,1352,820,1,-0.003925386
Cold,37829,259,258,1352,820,0,-0.013464138
Cold,49907,331,330,1352,820,0,-0.0040516844
Cold,960419,5792,5791,1352,820,0,-0.009459102
Cold,564436,3471,3470,1352,820,0,-0.00508009
Cold,893325,5394,5393,1352,820,0,-0.011921758
Cold,156898,1010,1009,1352,820,0,-0.004607381
Cold,287726,1717,1716,1352,820,0,-0.006497252
Cold,351888,2063,2062,1352,820,0,-0.012258805
Cold,324966,1925,1924,1352,820,1,-0.009599112
Cold,941713,5682,5681,1352,820,0,-0.007894606
Cold,215544,1306,1305,1352,820,1,-0.009685034
Cold,790756,4728,4727,1352,820,0,-0.012899423
Cold,550187,3391,3390,1352,820,0,-0.012274278
Cold,618964,3751,3750,1353,821,0,0.0002409846
Cold,612540,3713,3712,1353,821,1,0.0040154564
Cold,726735,4345,4344,1353,821,0,0.0023864936
Cold,845363,5081,5080,1353,821,1,0.0076525905
Cold,587023,3585,3584,1353,821,0,-0.0016784777
Cold,583466,3562,3561,1353,821,0,-0.006501175
Cold,564997,3473,3472,1353,821,1,0.0056998148
Cold,575361,3519,3518,1353,821,0,0.012890186
Cold,545716,3365,3364,1353,821,1,0.006736789
Cold,541028,3328,3327,1353,821,0,0.0016930343
Cold,774531,4619,4618,1353,821,0,0.0021630214
Cold,521457,3217,3216,1353,821,1,0.004740945
Cold,511082,3151,3150,1353,821,1,-0.0044888593
Cold,503638,3095,3094,1353,821,1,0.0027653102
Cold,502902,3087,3086,1353,821,1,-0.007860935
Cold,516475,3189,3188,1353,821,0,0.0022804374
Cold,499450,3067,3066,1353,821,0,0.0059541417
Cold,494177,3032,3031,1353,821,1,0.0056465724
Cold,492759,3029,3028,1353,821,1,0.0066293534
Cold,490293,3017,3016,1353,821,0,-0.0025961592
Cold,488683,3007,3006,1353,821,1,-0.0037114695
Cold,900327,5443,5442,1353,821,1,-0.0009801355
Cold,478088,2934,2933,1353,821,1,-0.0016226148
Cold,485071,2986,2985,1353,821,0,0.010886117
Cold,473669,2909,2908,1353,821,0,0.0021967343
Cold,466847,2878,2877,1353,821,0,-0.004877269
Cold,450887,2777,2776,1353,821,0,-0.002909555
Cold,420240,2540,2539,1353,821,0,-0.0067799417
Cold,420479,2541,2540,1353,821,1,0.004908463
Cold,419282,2533,2532,1353,821,1,0.0043382924
Cold,404557,2419,2418,1353,821,0,0.0059684725
Cold,395893,2340,2339,1353,821,0,0.0024130808
Cold,395153,2334,2333,1353,821,1,0.0022356275
Cold,393116,2309,2308,1353,821,1,-0.004309428
Cold,379926,2222,2221,1353,821,1,-0.0029502325
Cold,324753,1924,1923,1353,821,1,0.013149978
Cold,311569,1856,1855,1353,821,0,-0.0024201255
Cold,306120,1823,1822,1353,821,1,0.003460801
Cold,286267,1709,1708,1353,821,1,0.0058285273
Cold,274400,1658,1657,1353,821,0,0.00021109037
Cold,268535,1631,1630,1353,821,1,-0.0039213644
Cold,257130,1576,1575,1353,821,0,0.0035305498
Cold,259489,1587,1586,1353,821,0,0.0017810762
Cold,335944,1980,1979,1353,821,0,0.010739086
Cold,272964,1647,1646,1353,821,0,-0.004734098
Cold,203875,1254,1253,1353,821,0,0.003470331
Cold,279316,1680,1679,1353,821,1,0.00051634293
Cold,198820,1221,1220,1353,821,1,-0.00471856
Cold,192375,1184,1183,1353,821,0,0.009312981
Cold,189617,1175,1174,1353,821,1,0.0009106938
Cold,188987,1172,1171,1353,821,0,-0.0003155379
Cold,186846,1158,1157,1353,821,1,-0.0033068915
Cold,316274,1883,1882,1353,821,1,0.0064551565
Cold,174836,1107,1106,1353,821,1,0.009757155
Cold,179602,1125,1124,1353,821,0,0.0020402526
Cold,173681,1100,1099,1353,821,0,-0.0035144805
Cold,167877,1068,1067,1353,821,1,0.014838215
Cold,328174,1941,1940,1353,821,0,0.004323637
Cold,226110,1369,1368,1353,821,0,0.0029267403
Cold,189373,1173,1172,1353,821,0,-0.0002603503
Cold,162281,1034,1033,1353,821,1,0.0041021155
Cold,143673,927,926,1353,821,0,0.0014904384
Cold,140463,901,900,1353,821,0,0.0015392336
Cold,140268,899,898,1353,821,0,0.008558493
Cold,156899,1010,1009,1353,821,0,0.0004929253
Cold,138338,889,888,1353,821,0,-0.0027988872
Cold,380299,2223,2222,1353,821,0,0.00087039405
Cold,131924,854,853,1353,821,1,0.0015297229
Cold,201573,1242,1241,1353,821,0,-0.0049007237
Cold,248843,1501,1500,1353,821,1,0.006770892
Cold,123708,797,796,1353,821,0,0.0020143483
Cold,123116,795,794,1353,821,0,0.0016047346
Cold,121532,781,780,1353,821,0,0.001834176
Cold,360805,2106,2105,1353,821,0,-0.002140917
Cold,117838,759,758,1353,821,1,0.007824475
Cold,111499,726,725,1353,821,1,0.0036199037
Cold,106081,699,698,1353,821,0,0.005446916
Cold,103689,689,688,1353,821,1,0.004203572
Cold,98837,660,659,1353,821,0,-0.00032796944
Cold,97852,655,654,1353,821,0,-0.0041239313
Cold,441956,2718,2717,1353,821,1,0.0044788206
Cold,228288,1383,1382,1353,821,0,0.0044275112
Cold,83165,549,548,1353,821,0,-0.0057573537
Cold,80728,536,535,1353,821,1,0.003016599
Cold,76372,518,517,1353,821,0,0.010301291
Cold,81700,543,542,1353,821,0,0.009025961
Cold,116240,752,751,1353,821,0,0.0069097397
Cold,64689,433,432,1353,821,0,-0.0005496451
Cold,64632,432,431,1353,821,0,0.0020734654
Cold,57070,386,385,1353,821,0,-0.0062355646
Cold,55040,363,362,1353,821,0,0.00020869763
Cold,52434,346,345,1353,821,0,-0.0036784504
Cold,78478,528,527,1353,821,1,-0.0006157253
Cold,47182,319,318,1353,821,0,-0.0021538185
Cold,49111,329,328,1353,821,0,-0.004861987
Cold,61095,412,411,1353,821,1,0.0012972447
Cold,697394,4169,4168,1353,821,0,0.002406708
Cold,363055,2116,2115,1353,821,0,0.010219091
Cold,31734,216,215,1353,821,0,-0.004567209
Cold,29420,201,200,1353,821,1,0.0033635537
Cold,29024,199,198,1353,821,0,0.0010985291
Cold,21213,156,155,1353,821,1,0.0043549133
Cold,6230,45,44,1353,821,0,0.0069373986
Cold,5444,38,37,1353,821,0,0.011152884
Cold,558219,3428,3427,1353,821,0,0.00013505714
Cold,348051,2041,2040,1353,821,1,0.0035301282
Cold,20590,151,150,1353,821,0,0.000657042
Cold,95450,639,638,1353,821,1,0.004505445
Cold,240118,1449,1448,1353,821,0,-0.0015891558
Cold,682479,4085,4084,1353,821,1,0.0010128915
Cold,265110,1611,1610,1353,821,0,0.0026144446
Cold,102291,678,677,1353,821,0,0.003638335
Cold,503832,3096,3095,1353,821,1,-0.0074439356
Cold,144932,934,933,1353,821,0,0.0015015227
Cold,293768,1748,1747,1353,821,0,0.0057596364
Cold,489629,3013,3012,1353,821,1,0.0069993734
Cold,160126,1019,1018,1353,821,0,0.011019154
Cold,195471,1203,1202,1353,821,0,0.0027085845
Cold,187649,1164,1163,1353,821,1,0.002037032
Cold,545308,3363,3362,1353,821,0,-0.00021069939
Cold,795604,4765,4764,1353,821,0,-0.00017881789
Cold,229645,1390,1389,1353,821,0,0.0016347386
Cold,171670,1088,1087,1353,821,0,-0.0023414267
Cold,657543,3963,3962,1353,821,1,-0.0026280098
Cold,52022,343,342,1353,821,1,0.0054322057
Cold,841493,5054,5053,1353,821,0,0.0031337885
Cold,451772,2781,2780,1353,821,0,0.0005465336
Cold,193673,1194,1193,1353,821,0,-0.0028986223
Cold,31319,212,211,1355,823,0,-0.004935494
Cold,639137,3842,3841,1355,823,1,-0.006486276
Cold,22807,165,164,1355,823,1,-0.00038548233
Cold,192725,1186,1185,1355,823,1,-0.0070216516
Cold,290248,1733,1732,1355,823,0,0.0017120045
Cold,15345,123,122,1355,823,0,0.0014115365
Cold,697396,4169,4168,1355,823,0,-0.0070707705
Cold,49909,331,330,1355,823,0,0.000953824
Cold,56013,372,371,1355,823,1,-0.006503883
Cold,785841,4697,4696,1355,823,1,0.0031651407
Cold,195475,1203,1202,1355,823,0,-0.0127326595
Cold,807746,4834,4833,1355,823,0,-0.0022261608
Cold,473672,2909,2908,1355,823,0,-0.0044078766
Cold,933886,5636,5635,1355,823,0,-0.0076556248
Cold,903005,5458,5457,1355,823,0,-0.005815133
Cold,93311,624,623,1355,823,0,-0.006594488
Cold,293769,1748,1747,1355,823,0,-0.0017055834
Cold,500692,3075,3074,1361,828,1,-0.0002932133
Cold,546105,3367,3366,1361,828,1,0.010141123
Cold,480553,2948,2947,1361,828,0,-0.007973452
Cold,475294,2917,2916,1361,828,1,0.00680683
Cold,475136,2916,2915,1361,828,1,0.0018827342
Cold,474715,2913,2912,1361,828,1,0.004753808
Cold,471374,2900,2899,1361,828,0,-0.0074438043
Cold,460711,2841,2840,1361,828,1,0.0070709186
Cold,457985,2820,2819,1361,828,1,0.0048107263
Cold,456705,2811,2810,1361,828,0,0.005732836
Cold,459166,2826,2825,1361,828,1,0.0035829092
Cold,441006,2700,2699,1361,828,1,0.0044003474
Cold,402839,2404,2403,1361,828,1,-0.00016075047
Cold,390714,2293,2292,1361,828,1,0.00406424
Cold,368393,2153,2152,1361,828,1,-0.0020114416
Cold,364791,2124,2123,1361,828,1,0.015160031
Cold,349160,2049,2048,1361,828,0,0.0011279446
Cold,346997,2035,2034,1361,828,1,0.0018232102
Cold,340181,2008,2007,1361,828,1,0.0016914282
Cold,342519,2015,2014,1361,828,0,0.0057369373
Cold,333141,1966,1965,1361,828,1,0.002546981
Cold,334167,1970,1969,1361,828,1,-0.0051248446
Cold,334623,1974,1973,1361,828,1,0.0010913049
Cold,329356,1943,1942,1361,828,1,0.012444213
Cold,317741,1889,1888,1361,828,0,0.00553423
Cold,326397,1932,1931,1361,828,1,-0.0030415817
Cold,299343,1777,1776,1361,828,1,0.00959439
Cold,301524,1791,1790,1361,828,1,-0.0003012083
Cold,284221,1698,1697,1361,828,1,0.00048719347
Cold,267996,1628,1627,1361,828,1,-0.0021149518
Cold,258459,1584,1583,1361,828,1,0.0015996725
Cold,257221,1577,1576,1361,828,1,0.0021580632
Cold,255098,1552,1551,1361,828,1,0.0031724318
Cold,252534,1530,1529,1361,828,1,-0.0046850266
Cold,294333,1749,1748,1361,828,1,-0.004541735
Cold,243248,1466,1465,1361,828,1,-0.0006065592
Cold,237427,1446,1445,1361,828,0,0.0038347081
Cold,631608,3821,3820,1361,828,0,-0.0009791274
Cold,232150,1408,1407,1361,828,1,-0.0023273805
Cold,316844,1884,1883,1361,828,1,0.0014644777
Cold,225426,1364,1363,1361,828,1,0.0030620482
Cold,217091,1317,1316,1361,828,0,-0.0038178067
Cold,296498,1758,1757,1361,828,1,0.0026291015
Cold,215553,1306,1305,1361,828,1,0.008239892
Cold,211003,1285,1284,1361,828,1,0.00813727
Cold,279343,1680,1679,1361,828,1,-0.006527211
Cold,205844,1264,1263,1361,828,1,-0.004469461
Cold,308066,1836,1835,1361,828,1,0.0011515748
Cold,240139,1449,1448,1361,828,1,-0.0059762252
Cold,201587,1242,1241,1361,828,1,-0.0017191194
Cold,293195,1746,1745,1361,828,1,0.001600166
Cold,184386,1147,1146,1361,828,0,-0.0012618913
Cold,195489,1203,1202,1361,828,1,0.0013518332
Cold,166486,1059,1058,1361,828,1,0.0016336218
Cold,167884,1068,1067,1361,828,0,0.0013465362
Cold,269984,1635,1634,1361,828,1,-7.245317e-05
Cold,154611,998,997,1361,828,1,0.008470928
Cold,139412,891,890,1361,828,1,0.0056479773
Cold,133447,862,861,1361,828,1,-0.0046558697
Cold,245803,1484,1483,1361,828,1,0.00077624153
Cold,180326,1128,1127,1361,828,0,-0.0017532322
Cold,322406,1912,1911,1361,828,1,-0.0030679859
Cold,125379,806,805,1361,828,1,0.009759878
Cold,125566,808,807,1361,828,1,-0.005955818
Cold,292779,1743,1742,1361,828,1,0.0018959311
Cold,140708,904,903,1361,828,1,0.0061184163
Cold,90680,601,600,1361,828,1,0.004222529
Cold,82263,546,545,1361,828,1,0.0057742707
Cold,82515,548,547,1361,828,1,-0.009235833
Cold,72087,482,481,1361,828,1,0.006715781
Cold,69381,465,464,1361,828,1,-0.0040757945
Cold,60048,409,408,1361,828,1,0.0028292008
Cold,59882,408,407,1361,828,1,0.006590517
Cold,53438,352,351,1361,828,1,0.005334854
Cold,47207,319,318,1361,828,1,-0.006767904
Cold,25416,180,179,1361,828,1,0.002909966
Cold,481850,2962,2961,1361,828,0,0.009864895
Cold,290258,1733,1732,1361,828,1,-0.0010123162
Cold,148763,957,956,1361,828,1,0.010809721
Cold,21903,161,160,1361,828,1,0.000599948
Cold,947741,5722,5721,1361,828,1,-0.00051163463
Cold,24190,173,172,1361,828,1,0.0048427787
Cold,286741,1712,1711,1361,828,0,0.0034935689
Cold,265122,1611,1610,1361,828,1,-0.004209482
Cold,784464,4682,4681,1361,828,1,0.00031176303
Cold,254870,1551,1550,1361,828,1,0.008740114
Cold,927913,5605,5604,1361,828,1,0.0029584598
Cold,451778,2781,2780,1361,828,1,-0.0040816003
Cold,455282,2803,2802,1361,828,1,-0.0024361426
Cold,312899,1865,1864,1361,828,1,0.0005397892
Cold,908335,5493,5492,1361,828,1,0.0021412577
Cold,261196,1597,1596,1361,828,1,0.0038244117
Cold,235002,1425,1424,1361,828,1,-0.00018172967
Cold,351911,2063,2062,1361,828,0,0.00054068025
Cold,116256,752,751,1361,828,1,0.0017475159
Cold,27868,195,194,1361,828,1,0.007875037
Cold,144387,930,929,1361,828,0,-0.0033601148
Cold,346643,2031,2030,1361,828,1,-0.0029485277
Cold,974624,5878,5877,1361,828,0,0.0058359182
Cold,292780,1743,1742,1362,829,1,0.009194784
Cold,292346,1741,1740,1362,829,1,0.0059382003
Cold,264159,1607,1606,1362,829,0,0.008288214
Cold,256660,1569,1568,1362,829,1,0.0022444804
Cold,346228,2030,2029,1362,829,1,0.0025636354
Cold,260107,1591,1590,1362,829,1,0.0014898067
Cold,212082,1291,1290,1362,829,1,0.0018662349
Cold,244005,1470,1469,1362,829,0,0.0009794431
Cold,199472,1224,1223,1362,829,1,0.006833471
Cold,294334,1749,1748,1362,829,0,-0.0010261072
Cold,181003,1131,1130,1362,829,1,0.0025035273
Cold,163099,1041,1040,1362,829,1,0.0033300167
Cold,162686,1038,1037,1362,829,1,0.0011680317
Cold,169587,1077,1076,1362,829,1,-0.0052658124
Cold,190999,1181,1180,1362,829,0,0.009575905
Cold,185348,1150,1149,1362,829,1,-0.002391168
Cold,141061,909,908,1362,829,1,0.0005546885
Cold,138366,889,888,1362,829,0,-0.005263424
Cold,135038,873,872,1362,829,1,0.010675058
Cold,240140,1449,1448,1362,829,1,0.0015168682
Cold,84222,550,549,1362,829,1,-0.005322575
Cold,75714,515,514,1362,829,0,0.0018690648
Cold,58300,393,392,1362,829,1,0.0033565694
Cold,51632,339,338,1362,829,1,-0.0013453064
Cold,67039,451,450,1362,829,0,-0.003331603
Cold,44914,303,302,1362,829,0,0.0044701723
Cold,537963,3312,3311,1362,829,0,-0.005101598
Cold,208811,1274,1273,1362,829,1,0.00086929416
Cold,158270,1015,1014,1362,829,0,-0.0012649097
Cold,249867,1505,1504,1362,829,0,0.0042730784
Cold,316845,1884,1883,1362,829,1,0.0063320333
Cold,841499,5054,5053,1362,829,0,0.010035815
Cold,319369,1897,1896,1362,829,1,0.0044458616
Cold,223071,1352,1351,1362,829,0,0.00094930496
Cold,994037,6002,6001,1362,829,1,0.0030374124
Cold,546843,3371,3370,1362,829,1,-0.0007663341
Cold,421035,2544,2543,1362,829,0,-0.0025971334
Cold,739559,4418,4417,1362,829,1,0.00073116197
Cold,256093,1561,1560,1362,829,1,0.0027788202
Cold,193685,1194,1193,1362,829,0,0.006795178
Cold,423182,2565,2564,1363,830,1,-0.012808924
Cold,395159,2334,2333,1363,830,0,-0.009956531
Cold,387298,2264,2263,1363,830,0,0.009071525
Cold,366970,2140,2139,1363,830,0,0.0015649884
Cold,366596,2136,2135,1363,830,0,-0.0033674822
Cold,363070,2116,2115,1363,830,1,0.0066853906
Cold,347111,2036,2035,1363,830,0,-0.00013207924
Cold,311734,1858,1857,1363,830,0,-0.009852126
Cold,275124,1666,1665,1363,830,0,-0.0020079478
Cold,244006,1470,1469,1363,830,0,-0.00050771795
Cold,261782,1599,1598,1363,830,0,0.0028010868
Cold,342520,2015,2014,1363,830,0,-0.008062243
Cold,329358,1943,1942,1363,830,1,-0.0013169227
Cold,167210,1064,1063,1363,830,0,0.0010580262
Cold,175555,1112,1111,1363,830,0,-0.0021883182
Cold,167885,1068,1067,1363,830,0,-0.00053423154
Cold,154877,999,998,1363,830,0,-0.0002828529
Cold,120434,777,776,1363,830,0,-0.0060533737
Cold,106092,699,698,1363,830,0,0.0024906313
Cold,179614,1125,1124,1363,830,0,-0.008191004
Cold,95456,639,638,1363,830,1,-0.0022877816
Cold,360821,2106,2105,1363,830,0,-0.0025763928
Cold,80228,533,532,1363,830,0,-0.006832597
Cold,697410,4169,4168,1363,830,0,-0.005732717
Cold,61114,412,411,1363,830,1,0.0028260124
Cold,39455,268,267,1363,830,1,-0.009456559
Cold,55482,368,367,1363,830,1,-0.0050231447
Cold,98850,660,659,1363,830,0,-0.0053387787
Cold,31276,211,210,1363,830,0,-0.007934231
Cold,30186,203,202,1363,830,0,-0.010538144
Cold,29034,199,198,1363,830,0,-0.013110875
Cold,291437,1737,1736,1363,830,0,-0.0052255383
Cold,153681,987,986,1363,830,1,-0.0042606415
Cold,26257,187,186,1363,830,0,-0.00035853917
Cold,19177,148,147,1363,830,0,-0.0056382027
Cold,9103,62,61,1363,830,0,0.0033668163
Cold,78487,528,527,1363,830,0,0.0002142872
Cold,237961,1447,1446,1363,830,0,-0.004820968
Cold,164601,1051,1050,1363,830,1,-0.00023751007
Cold,51303,338,337,1363,830,0,-0.00475295
Cold,102306,678,677,1363,830,0,-0.009126043
Cold,328194,1941,1940,1363,830,0,-0.005608132
Cold,144939,934,933,1363,830,0,-0.009524717
Cold,171691,1088,1087,1363,830,0,-0.0011119936
Cold,187051,1160,1159,1363,830,0,-0.003089324
Cold,63010,424,423,1363,830,0,0.00064720574
Cold,272978,1647,1646,1363,830,0,-0.004937697
Cold,887144,5359,5358,1363,830,1,-0.019119758
Cold,116258,752,751,1363,830,0,-0.003489669
Cold,335967,1980,1979,1363,830,0,-0.009848002
Cold,713902,4277,4276,1363,830,0,-0.0015766695
Cold,877524,5302,5301,1363,830,0,-0.0038878159
Cold,382898,2237,2236,1366,831,1,-0.0016641436
Cold,378739,2211,2210,1366,831,1,-0.0049587092
Cold,375605,2188,2187,1366,831,1,0.0050711855
Cold,369068,2157,2156,1366,831,0,0.0026149862
Cold,364795,2124,2123,1366,831,1,-0.006165556
Cold,355758,2084,2083,1366,831,0,0.0040705656
Cold,338513,1990,1989,1366,831,0,-0.001965155
Cold,279350,1680,1679,1366,831,1,0.0016004904
Cold,185352,1150,1149,1366,831,0,-0.0028892336
Cold,168475,1069,1068,1366,831,0,-0.0036942896
Cold,221382,1340,1339,1366,831,0,-0.0019163573
Cold,146341,941,940,1366,831,0,0.0053195464
Cold,100872,673,672,1366,831,0,0.006153574
Cold,332685,1962,1961,1366,831,0,0.0014343176
Cold,238993,1448,1447,1366,831,0,-0.0024371822
Cold,191002,1181,1180,1366,831,0,0.0026661395
Cold,77579,524,523,1366,831,1,0.007784527
Cold,67197,452,451,1366,831,1,-0.009284731
Cold,360826,2106,2105,1366,831,1,-0.003993025
Cold,288613,1724,1723,1366,831,1,-0.0043993485
Cold,697414,4169,4168,1366,831,1,-0.00017650286
Cold,255536,1556,1555,1366,831,0,-0.0047600856
Cold,29039,199,198,1366,831,0,-0.0055060848
Cold,17398,136,135,1366,831,1,-0.0044292063
Cold,16576,131,130,1366,831,1,-0.0044863587
Cold,9109,62,61,1366,831,0,-0.0007511063
Cold,79442,531,530,1366,831,0,0.0026607886
Cold,901594,5450,5449,1366,831,0,0.0005938085
Cold,457990,2820,2819,1366,831,1,0.002606584
Cold,354955,2077,2076,1366,831,0,0.0024498003
Cold,237965,1447,1446,1366,831,1,0.00034085847
Cold,893333,5394,5393,1366,831,0,0.0017172729
Cold,182037,1137,1136,1366,831,1,-0.004342671
Cold,171695,1088,1087,1366,831,0,-0.0014345767
Cold,49930,331,330,1366,831,0,-0.0016329787
Cold,734656,4387,4386,1366,831,0,-0.0031064854
Cold,927915,5605,5604,1366,831,0,-0.0009305643
Cold,170885,1087,1086,1366,831,0,-0.0060160044
Cold,160140,1019,1018,1366,831,1,0.0007020482
Cold,499470,3067,3066,1366,831,1,-0.0057344004
Cold,348063,2041,2040,1366,831,1,-0.0024836292
Cold,63012,424,423,1366,831,1,0.0033519575
Cold,235005,1425,1424,1366,831,1,0.0067646476
Cold,322409,1912,1911,1366,831,0,0.00013597542
Cold,790766,4728,4727,1366,831,0,0.0027153052
Cold,193686,1194,1193,1366,831,1,0.0029591108
Cold,178162,1120,1119,1366,831,0,0.006410424
Cold,974626,5878,5877,1366,831,1,0.001491118
Cold,536068,3308,3307,1382,845,0,0.0102405
Cold,990224,5978,5977,1382,845,0,-0.0021606619
Cold,525089,3242,3241,1382,845,0,-0.008682394
Cold,520059,3208,3207,1382,845,0,-0.0050850306
Cold,516991,3191,3190,1382,845,0,-0.0037532758
Cold,497945,3056,3055,1382,845,0,-0.0034876084
Cold,486313,2994,2993,1382,845,0,0.0023798235
Cold,529780,3272,3271,1382,845,0,-0.0054448424
Cold,472647,2907,2906,1382,845,0,0.0046216836
Cold,471385,2900,2899,1382,845,0,-0.01833833
Cold,473744,2909,2908,1382,845,1,0.013748789
Cold,468111,2886,2885,1382,845,1,0.003927076
Cold,463372,2857,2856,1382,845,0,-0.0027507008
Cold,452517,2786,2785,1382,845,0,0.013092329
Cold,417150,2509,2508,1382,845,0,0.0069796154
Cold,415261,2500,2499,1382,845,1,0.0024479777
Cold,408268,2453,2452,1382,845,1,-0.0009543095
Cold,449387,2771,2770,1382,845,0,-0.0073136957
Cold,392263,2304,2303,1382,845,0,-0.003413047
Cold,377289,2203,2202,1382,845,1,0.01366339
Cold,375134,2186,2185,1382,845,0,-0.004070879
Cold,370288,2165,2164,1382,845,1,-0.003287367
Cold,367228,2143,2142,1382,845,0,-0.00984716
Cold,366197,2131,2130,1382,845,0,0.0063503315
Cold,359428,2102,2101,1382,845,0,-0.0044165263
Cold,313775,1873,1872,1382,845,1,0.0036292716
Cold,315322,1880,1879,1382,845,0,0.0006501847
Cold,295297,1753,1752,1382,845,1,0.0046598003
Cold,303557,1803,1802,1382,845,0,-0.008083083
Cold,288919,1726,1725,1382,845,0,-0.0052194986
Cold,301786,1793,1792,1382,845,0,-0.0037477217
Cold,221416,1340,1339,1382,845,0,0.0020244997
Cold,212952,1297,1296,1382,845,0,0.002236285
Cold,191053,1181,1180,1382,845,0,0.0065589426
Cold,170023,1080,1079,1382,845,1,0.0019218449
Cold,168500,1069,1068,1382,845,0,0.010781002
Cold,275582,1667,1666,1382,845,0,0.0011513487
Cold,154899,999,998,1382,845,0,-0.0023215858
Cold,185392,1150,1149,1382,845,0,-0.005932304
Cold,156956,1010,1009,1382,845,0,-0.00095321983
Cold,277021,1675,1674,1382,845,0,0.0060004266
Cold,136655,881,880,1382,845,0,-0.0027999044
Cold,135680,877,876,1382,845,0,-0.0038166232
Cold,202540,1244,1243,1382,845,0,0.0024080882
Cold,351962,2063,2062,1382,845,0,-0.008466195
Cold,258474,1584,1583,1382,845,0,-0.00021367287
Cold,126120,813,812,1382,845,0,-0.0022276547
Cold,121544,781,780,1382,845,0,0.004670498
Cold,120773,778,777,1382,845,0,0.0026529254
Cold,117534,757,756,1382,845,0,-0.00063631154
Cold,114882,746,745,1382,845,0,-0.012999925
Cold,177005,1117,1116,1382,845,0,-0.0039185924
Cold,96439,647,646,1382,845,1,0.0035620406
Cold,150629,970,969,1382,845,0,-0.002398896
Cold,77604,524,523,1382,845,0,0.00024541083
Cold,71117,477,476,1382,845,1,-0.0060183685
Cold,68759,461,460,1382,845,0,0.0033572228
Cold,53482,352,351,1382,845,0,-0.0018957773
Cold,36256,245,244,1382,845,0,-0.002834879
Cold,108046,710,709,1382,845,0,0.009750274
Cold,198439,1219,1218,1382,845,1,0.0010672216
Cold,354978,2077,2076,1382,845,0,0.0068730214
Cold,237990,1447,1446,1382,845,0,-0.005523907
Cold,967376,5831,5830,1382,845,0,0.0073106596
Cold,709956,4258,4257,1382,845,0,-0.0030290973
Cold,63047,424,423,1382,845,0,0.0026137307
Cold,273017,1647,1646,1382,845,0,0.004860583
Cold,382497,2235,2234,1390,850,0,0.00028555375
Cold,368412,2153,2152,1390,850,1,0.0034244598
Cold,363118,2116,2115,1390,850,1,-0.006159744
Cold,356164,2087,2086,1390,850,1,0.000512311
Cold,361707,2109,2108,1390,850,0,-0.00028357166
Cold,358912,2100,2099,1390,850,1,-0.0033740187
Cold,341962,2013,2012,1390,850,0,-0.0041005183
Cold,340716,2010,2009,1390,850,0,0.0063354354
Cold,321811,1909,1908,1390,850,0,0.0021262458
Cold,276595,1672,1671,1390,850,0,0.0009842417
Cold,297563,1764,1763,1390,850,0,-0.0026426648
Cold,281303,1687,1686,1390,850,1,0.0007052941
Cold,267021,1623,1622,1390,850,0,-0.0034795918
Cold,264649,1609,1608,1390,850,0,0.00095317117
Cold,247196,1494,1493,1390,850,0,0.003955069
Cold,336023,1980,1979,1390,850,0,-0.007114318
Cold,223601,1354,1353,1390,850,1,-0.0048602056
Cold,277766,1676,1675,1390,850,0,0.0067262435
Cold,279425,1680,1679,1390,850,1,-0.00060709857
Cold,198837,1221,1220,1390,850,1,-0.00565899
Cold,194413,1199,1198,1390,850,0,-0.0013794322
Cold,198635,1220,1219,1390,850,1,0.001994909
Cold,167911,1068,1067,1390,850,1,-0.00043602008
Cold,328268,1941,1940,1390,850,1,0.0021497817
Cold,255546,1556,1555,1390,850,1,-0.002163901
Cold,249269,1502,1501,1390,850,1,-0.0058368472
Cold,143691,927,926,1390,850,1,-0.0056927223
Cold,156964,1010,1009,1390,850,0,-0.0028085918
Cold,136664,881,880,1390,850,0,-0.0031344127
Cold,112530,731,730,1390,850,1,-0.002581702
Cold,106117,699,698,1390,850,0,-0.00097033347
Cold,96443,647,646,1390,850,0,-0.005636303
Cold,92560,620,619,1390,850,0,0.0033331383
Cold,191067,1181,1180,1390,850,0,-0.0019531164
Cold,77616,524,523,1390,850,0,-0.0034322655
Cold,59354,403,402,1390,850,1,0.0013412004
Cold,53511,352,351,1390,850,0,-0.003058862
Cold,52473,346,345,1390,850,1,0.0063587613
Cold,44294,302,301,1390,850,0,-0.00032481877
Cold,697463,4169,4168,1390,850,1,-0.0042493856
Cold,31848,216,215,1390,850,1,-0.0060400367
Cold,240183,1449,1448,1390,850,0,0.0004231506
Cold,291475,1737,1736,1390,850,0,0.012274385
Cold,6323,45,44,1390,850,0,0.007395913
Cold,3572,26,25,1390,850,0,-0.008633169
Cold,337076,1983,1982,1390,850,1,0.002219974
Cold,354986,2077,2076,1390,850,0,-0.001409153
Cold,626853,3792,3791,1390,850,0,0.0027124193
Cold,893366,5394,5393,1390,850,0,-0.0027967177
Cold,682529,4085,4084,1390,850,1,-0.00304136
Cold,11553,90,89,1390,850,1,-0.003484035
Cold,79475,531,530,1390,850,0,0.0038946366
Cold,599317,3648,3647,1390,850,0,0.0011868156
Cold,27947,195,194,1390,850,0,0.0054289717
Cold,476380,2926,2925,1390,850,0,-0.0025726543
Cold,769058,4579,4578,1390,850,0,0.00043437793
Cold,924151,5580,5579,1390,850,0,-0.00015335577
Cold,941734,5682,5681,1390,850,0,-0.0048838034
Cold,273027,1647,1646,1390,850,1,0.002143004
Cold,116305,752,751,1390,850,0,-0.00632714
Cold,794193,4748,4747,1390,850,0,-0.0017366884
Cold,439429,2684,2683,1397,857,0,0.00037373765
Cold,992974,5998,5997,1397,857,0,0.005254546
Cold,974648,5878,5877,1397,857,1,-0.004091723
Cold,773865,4611,4610,1398,858,0,0.0048371404
Cold,489661,3013,3012,1398,858,0,0.01167443
Cold,171759,1088,1087,1398,858,0,0.0053626066
Cold,274428,1658,1657,1399,859,0,-0.0061473884
Cold,279435,1680,1679,1399,859,0,-0.014023768
Cold,280887,1685,1684,1399,859,0,-0.010996316
Cold,321677,1908,1907,1399,859,1,0.0036102482
Cold,204056,1255,1254,1399,859,0,-0.0038213795
Cold,189625,1175,1174,1399,859,0,-0.0053569283
Cold,328278,1941,1940,1399,859,0,-0.0018494823
Cold,163888,1050,1049,1399,859,0,-0.011802484
Cold,348972,2047,2046,1399,859,0,-0.004254643
Cold,131209,850,849,1399,859,0,-0.006270677
Cold,263418,1605,1604,1399,859,0,-0.012520761
Cold,106125,699,698,1399,859,0,-0.002197404
Cold,116313,752,751,1399,859,1,-0.013221771
Cold,100885,673,672,1399,859,0,-0.00050620304
Cold,98892,660,659,1399,859,0,-0.010254694
Cold,697474,4169,4168,1399,859,1,-0.0019627954
Cold,191078,1181,1180,1399,859,0,-0.013110909
Cold,239043,1448,1447,1399,859,1,-0.0039851586
Cold,69316,464,463,1399,859,0,-0.0006444366
Cold,70198,474,473,1399,859,0,-0.0108725205
Cold,47292,319,318,1399,859,1,-0.0072320914
Cold,46396,310,309,1399,859,1,-0.004697133
Cold,360870,2106,2105,1399,859,0,-0.006043756
Cold,30195,203,202,1399,859,0,-0.0056293095
Cold,26293,187,186,1399,859,1,-0.0044110073
Cold,235048,1425,1424,1399,859,1,-0.0061636576
Cold,223608,1354,1353,1399,859,0,-0.007575845
Cold,206945,1266,1265,1399,859,0,-0.0076133367
Cold,27045,192,191,1399,859,1,0.00034830323
Cold,158326,1015,1014,1399,859,1,0.0007476832
Cold,238008,1447,1446,1399,859,0,-0.009094626
Cold,497271,3054,3053,1399,859,0,0.00029197522
Cold,171760,1088,1087,1399,859,0,-0.00969821
Cold,195529,1203,1202,1399,859,0,-0.0055250577
Cold,286416,1710,1709,1399,859,1,-0.00066369236
Cold,992975,5998,5997,1399,859,1,-0.004472603
Cold,476384,2926,2925,1399,859,0,-0.0009028973
Cold,769061,4579,4578,1399,859,0,0.0011658585
Cold,285363,1701,1700,1399,859,1,-0.012573145
Cold,136671,881,880,1399,859,0,-0.0030271434
Cold,739567,4418,4417,1399,859,0,9.975629e-07
Cold,322461,1912,1911,1399,859,0,-0.004421706
Cold,193721,1194,1193,1399,859,0,-0.008026743
Cold,974649,5878,5877,1399,859,1,-0.010228494
Cold,610765,3705,3704,1401,860,1,-0.0020394675
Cold,583795,3563,3562,1401,860,0,-0.000207801
Cold,593226,3618,3617,1401,860,0,0.0103330165
Cold,626420,3792,3791,1401,860,1,-0.0048769764
Cold,560771,3450,3449,1401,860,0,-0.008818108
Cold,562921,3464,3463,1401,860,0,-0.008574673
Cold,549610,3391,3390,1401,860,0,-0.005051364
Cold,529345,3272,3271,1401,860,1,0.002343346
Cold,524350,3233,3232,1401,860,0,-0.0009470056
Cold,518564,3201,3200,1401,860,0,-0.0052589625
Cold,687924,4116,4115,1401,860,1,-0.00097354886
Cold,575043,3519,3518,1401,860,0,-0.006243246
Cold,712602,4277,4276,1401,860,1,-0.0034122923
Cold,493689,3032,3031,1401,860,1,-0.007868182
Cold,492400,3029,3028,1401,860,1,-0.00656636
Cold,484731,2986,2985,1401,860,0,0.006635837
Cold,477786,2934,2933,1401,860,1,-0.0072188303
Cold,476604,2928,2927,1401,860,0,-0.0033045772
Cold,852490,5113,5112,1401,860,0,0.00049916725
Cold,462961,2857,2856,1401,860,0,-0.011179393
Cold,453393,2793,2792,1401,860,0,-0.006534322
Cold,444479,2743,2742,1401,860,1,0.0038032571
Cold,440689,2697,2696,1401,860,1,0.0018142527
Cold,695671,4169,4168,1401,860,0,-0.0015416739
Cold,432014,2634,2633,1401,860,0,-0.004730603
Cold,425893,2585,2584,1401,860,1,3.525929e-05
Cold,420134,2540,2539,1401,860,1,-0.0007290258
Cold,417497,2518,2517,1401,860,1,0.001556164
Cold,401849,2398,2397,1401,860,1,0.0015640077
Cold,436049,2665,2664,1401,860,1,8.607085e-05
Cold,375262,2187,2186,1401,860,1,0.0053832186
Cold,362535,2115,2114,1401,860,0,-0.0009035249
Cold,362619,2116,2115,1401,860,0,0.0014703479
Cold,364488,2124,2123,1401,860,1,-0.015358663
Cold,359165,2102,2101,1401,860,0,0.0019806097
Cold,335336,1980,1979,1401,860,0,0.0015723433
Cold,229106,1389,1388,1401,860,1,0.002213881
Cold,224922,1360,1359,1401,860,0,-0.0005294988
Cold,212708,1297,1296,1401,860,0,0.0017503434
Cold,272562,1647,1646,1401,860,1,-0.0012086099
Cold,203933,1255,1254,1401,860,0,0.004525367
Cold,187214,1162,1161,1401,860,1,0.0058795586
Cold,329048,1943,1942,1401,860,0,0.009257097
Cold,183442,1142,1141,1401,860,1,0.0036959471
Cold,184724,1150,1149,1401,860,0,-0.005612691
Cold,210448,1285,1284,1401,860,1,-0.0067796404
Cold,307098,1835,1834,1401,860,1,-0.0030984683
Cold,168176,1069,1068,1401,860,0,-0.004116903
Cold,175240,1112,1111,1401,860,0,0.008023379
Cold,327422,1941,1940,1401,860,1,-0.009829856
Cold,190216,1181,1180,1401,860,0,1.8085004e-05
Cold,156300,1008,1007,1401,860,0,-0.0060003316
Cold,152747,984,983,1401,860,1,-0.003439406
Cold,143219,924,923,1401,860,1,-0.00686056
Cold,156426,1010,1009,1401,860,0,-0.0027590184
Cold,137605,889,888,1401,860,0,-0.0051733004
Cold,136188,881,880,1401,860,1,-0.015424522
Cold,141276,911,910,1401,860,1,-0.0060640546
Cold,154689,999,998,1401,860,0,-0.0045672026
Cold,778769,4653,4652,1401,860,1,0.009656446
Cold,105783,699,698,1401,860,0,0.0034280836
Cold,299388,1778,1777,1401,860,0,0.0017320681
Cold,115754,752,751,1401,860,0,0.0037971903
Cold,100689,673,672,1401,860,0,-0.0026925842
Cold,98505,660,659,1401,860,0,-0.0010337479
Cold,94056,631,630,1401,860,1,-0.0020890047
Cold,89685,591,590,1401,860,0,-0.0037781876
Cold,89048,588,587,1401,860,1,-0.0028661387
Cold,82603,549,548,1401,860,1,-0.0040818052
Cold,238481,1448,1447,1401,860,1,-0.00073379977
Cold,227890,1383,1382,1401,860,0,-0.00037912454
Cold,77070,524,523,1401,860,0,0.00040499354
Cold,71683,482,481,1401,860,0,-0.008619139
Cold,60014,409,408,1401,860,0,-0.007122503
Cold,57436,389,388,1401,860,1,-0.006945492
Cold,53350,352,351,1401,860,0,-0.003048636
Cold,52406,346,345,1401,860,1,0.0018139076
Cold,49055,329,328,1401,860,0,-0.006333089
Cold,47133,319,318,1401,860,0,-0.0018920442
Cold,360375,2106,2105,1401,860,0,-0.012065417
Cold,37291,255,254,1401,860,1,-0.0010786179
Cold,36123,245,244,1401,860,0,0.0011095239
Cold,23424,169,168,1401,860,1,-0.0022289795
Cold,9033,62,61,1401,860,0,0.005158659
Cold,907922,5493,5492,1401,860,0,0.0016593548
Cold,34464,234,233,1401,860,1,-0.004845649
Cold,129076,839,838,1401,860,1,-0.0031823665
Cold,257336,1579,1578,1401,860,0,-0.0015823485
Cold,571736,3507,3506,1401,860,0,-0.0028794948
Cold,849561,5102,5101,1401,860,1,1.5791069e-05
Cold,249714,1505,1504,1401,860,0,-0.0059701814
Cold,317439,1889,1888,1401,860,1,-0.010981404
Cold,558131,3428,3427,1401,860,1,-0.0031202289
Cold,293485,1748,1747,1401,860,1,0.002568693
Cold,11509,90,89,1401,860,0,-0.0011305253
Cold,407706,2451,2450,1401,860,1,-0.010098512
Cold,285077,1701,1700,1401,860,0,0.0021574968
Cold,216707,1317,1316,1401,860,1,0.0013582604
Cold,553628,3410,3409,1401,860,0,-0.009970628
Cold,801237,4802,4801,1401,860,1,-0.0005339454
Cold,433441,2643,2642,1401,860,0,-0.0058484357
Cold,193356,1194,1193,1401,860,1,0.0037010298
Cold,432017,2634,2633,1404,861,1,-0.02199223
Cold,82609,549,548,1404,861,1,-0.012427669
Cold,198082,1218,1217,1404,861,0,-0.010955593
Cold,190224,1181,1180,1404,861,0,-0.011518726
Cold,303693,1804,1803,1404,861,0,-0.010775297
Cold,77074,524,523,1404,861,1,-0.009537427
Cold,16227,129,128,1404,861,1,-0.009012161
Cold,104052,692,691,1404,861,1,-0.009807516
Cold,209925,1284,1283,1404,861,0,-0.0033067865
Cold,49880,331,330,1404,861,1,-0.0008452615
Cold,286505,1712,1711,1404,861,0,-0.0062999628
Cold,293489,1748,1747,1404,861,0,-0.0055069327
Cold,144693,934,933,1404,861,0,-0.008045615
Cold,204360,1260,1259,1404,861,0,-0.0137036275
Cold,309428,1842,1841,1404,861,1,-0.009989732
Cold,772568,4607,4606,1404,861,0,-0.012495434
Cold,321588,1908,1907,1410,866,0,0.006369883
Cold,167610,1068,1067,1410,866,1,0.005537819
Cold,189224,1173,1172,1410,866,0,0.0075548724
Cold,156450,1010,1009,1410,866,0,0.0047774026
Cold,201299,1242,1241,1410,866,0,0.0006143502
Cold,332444,1962,1961,1410,866,0,0.0005883628
Cold,154698,999,998,1410,866,0,0.003928357
Cold,360393,2106,2105,1410,866,0,0.0049327426
Cold,115774,752,751,1410,866,0,0.0024260543
Cold,695696,4169,4168,1410,866,0,0.009284433
Cold,238503,1448,1447,1410,866,0,-0.0016760384
Cold,190263,1181,1180,1410,866,0,0.006809147
Cold,76081,517,516,1410,866,0,0.0024753548
Cold,87031,569,568,1410,866,0,0.011168119
Cold,53381,352,351,1410,866,0,0.0030143198
Cold,52420,346,345,1410,866,1,0.005768966
Cold,47163,319,318,1410,866,0,0.0079634795
Cold,31707,216,215,1410,866,0,0.009747439
Cold,31453,214,213,1410,866,0,-4.5887544e-05
Cold,299930,1779,1778,1410,866,0,0.0029677628
Cold,49087,329,328,1410,866,0,0.0069607906
Cold,79040,531,530,1410,866,1,0.014158934
Cold,362641,2116,2115,1410,866,1,-0.00173922
Cold,682109,4085,4084,1410,866,1,0.014946984
Cold,206591,1266,1265,1410,866,0,0.009467544
Cold,433066,2641,2640,1410,866,0,0.001280481
Cold,327459,1941,1940,1410,866,1,0.0152992625
Cold,618773,3751,3750,1410,866,0,0.005055643
Cold,206219,1265,1264,1410,866,0,0.0033443263
Cold,295488,1755,1754,1410,866,1,-0.0022559967
Cold,522086,3224,3223,1414,868,0,-0.0055182916
Cold,527205,3261,3260,1414,868,0,-0.012126544
Cold,493191,3031,3030,1414,868,1,-0.011906001
Cold,882761,5333,5332,1414,868,0,-0.0057537463
Cold,490132,3017,3016,1414,868,0,-0.00095569424
Cold,474564,2913,2912,1414,868,1,-0.004708132
Cold,467587,2882,2881,1414,868,1,-0.015990831
Cold,465315,2870,2869,1414,868,1,-8.169783e-05
Cold,462429,2854,2853,1414,868,0,-0.0093175415
Cold,457580,2820,2819,1414,868,0,-0.006639699
Cold,449253,2771,2770,1414,868,0,-0.009665013
Cold,445862,2750,2749,1414,868,1,-0.0054266215
Cold,445308,2747,2746,1414,868,1,-0.0024910485
Cold,446254,2752,2751,1414,868,1,-0.008586433
Cold,465497,2872,2871,1414,868,0,-0.003504368
Cold,440884,2700,2699,1414,868,1,-0.013065875
Cold,435160,2659,2658,1414,868,0,-0.0045473026
Cold,437329,2670,2669,1414,868,1,-0.010643657
Cold,428045,2602,2601,1414,868,1,-0.0050273743
Cold,412597,2484,2483,1414,868,1,-0.007012708
Cold,362643,2116,2115,1414,868,0,-0.00870822
Cold,364505,2124,2123,1414,868,1,0.0007081437
Cold,359179,2102,2101,1414,868,1,-0.005507625
Cold,351290,2063,2062,1414,868,0,-0.010217726
Cold,373728,2181,2180,1414,868,0,-0.008841593
Cold,353845,2073,2072,1414,868,0,0.0009686067
Cold,346546,2031,2030,1414,868,1,-0.0008227192
Cold,345004,2024,2023,1414,868,0,-0.0008565817
Cold,343449,2018,2017,1414,868,1,-0.005503708
Cold,337881,1988,1987,1414,868,0,-0.008145177
Cold,334392,1974,1973,1414,868,0,-0.003757008
Cold,305248,1813,1812,1414,868,1,-0.0016646778
Cold,290767,1735,1734,1414,868,1,-0.0017604968
Cold,281755,1690,1689,1414,868,1,-0.0018066564
Cold,278491,1680,1679,1414,868,1,-0.009279599
Cold,264045,1607,1606,1414,868,0,-0.0076035187
Cold,321589,1908,1907,1414,868,0,0.0041695377
Cold,256420,1565,1564,1414,868,1,0.0065421797
Cold,254978,1552,1551,1414,868,1,-0.008050696
Cold,247460,1496,1495,1414,868,1,-0.00045161042
Cold,227762,1381,1380,1414,868,0,-0.0079844305
Cold,229820,1391,1390,1414,868,0,-0.009076325
Cold,269630,1635,1634,1414,868,1,-0.01273993
Cold,212723,1297,1296,1414,868,1,-0.004814932
Cold,307877,1836,1835,1414,868,1,-0.0062026763
Cold,202279,1244,1243,1414,868,1,-0.006770174
Cold,210484,1285,1284,1414,868,1,-0.0073064244
Cold,201082,1241,1240,1414,868,1,-0.009162086
Cold,294100,1749,1748,1414,868,0,0.0022584642
Cold,194641,1202,1201,1414,868,0,-0.012970052
Cold,184759,1150,1149,1414,868,0,-0.007529788
Cold,307120,1835,1834,1414,868,1,-0.0046120333
Cold,173443,1100,1099,1414,868,1,-0.00093983556
Cold,248609,1501,1500,1414,868,0,-0.00647239
Cold,327466,1941,1940,1414,868,1,-0.004151485
Cold,157657,1015,1014,1414,868,1,-0.009095072
Cold,319779,1899,1898,1414,868,1,-0.013369305
Cold,144707,934,933,1414,868,0,-0.006745533
Cold,147264,949,948,1414,868,1,-0.013803897
Cold,136207,881,880,1414,868,0,0.0029290991
Cold,131695,854,853,1414,868,1,-0.010171887
Cold,128476,832,831,1414,868,1,-0.0010126338
Cold,127464,823,822,1414,868,1,-0.008403979
Cold,126090,813,812,1414,868,1,-0.0046829088
Cold,159720,1019,1018,1414,868,1,-0.0083428025
Cold,360396,2106,2105,1414,868,0,-0.00058147963
Cold,132213,855,854,1414,868,1,-0.010076931
Cold,105804,699,698,1414,868,1,-0.0073035345
Cold,341082,2011,2010,1414,868,1,-0.00011203624
Cold,107610,710,709,1414,868,1,-0.00026846305
Cold,104074,692,691,1414,868,1,-0.013257552
Cold,123056,795,794,1414,868,0,-0.0076923366
Cold,92488,620,619,1414,868,0,0.0064274697
Cold,695705,4169,4168,1414,868,1,-0.008657224
Cold,151153,973,972,1414,868,0,-0.007871026
Cold,85017,553,552,1414,868,1,0.0027440037
Cold,77104,524,523,1414,868,1,-0.010852204
Cold,59028,402,401,1414,868,1,-0.0020123953
Cold,53389,352,351,1414,868,1,-0.0074727386
Cold,47167,319,318,1414,868,0,-0.009805493
Cold,110522,721,720,1414,868,0,-0.004901847
Cold,61079,412,411,1414,868,1,0.0018055901
Cold,330626,1952,1951,1414,868,0,0.0005468731
Cold,38152,261,260,1414,868,0,-0.0052208216
Cold,34331,232,231,1414,868,1,-0.0056018233
Cold,859986,5172,5171,1414,868,0,-0.0058835708
Cold,49092,329,328,1414,868,0,-0.006204916
Cold,9067,62,61,1414,868,1,-0.0030971281
Cold,6208,45,44,1414,868,0,-0.011455993
Cold,153888,990,989,1414,868,0,-0.012295651
Cold,545209,3363,3362,1414,868,0,-0.0027609896
Cold,10721,78,77,1414,868,1,-0.0051342575
Cold,801248,4802,4801,1414,868,1,-0.0035880748
Cold,954172,5761,5760,1414,868,0,-0.008824768
Cold,974844,5880,5879,1414,868,1,-0.008896343
Cold,181801,1137,1136,1414,868,1,-0.0028171795
Cold,241770,1457,1456,1414,868,1,-0.011412746
Cold,182998,1141,1140,1414,868,1,-0.007254226
Cold,966474,5831,5830,1414,868,1,-0.003923054
Cold,240890,1451,1450,1414,868,1,-0.00973212
Cold,101852,678,677,1414,868,0,-0.0052752797
Cold,24160,173,172,1414,868,1,-0.009993693
Cold,258262,1584,1583,1414,868,1,-0.0033896384
Cold,699522,4186,4185,1414,868,0,-0.002678708
Cold,171159,1088,1087,1414,868,1,-0.01348388
Cold,941284,5682,5681,1414,868,0,-0.016070245
Cold,413588,2489,2488,1414,868,0,-0.011403054
Cold,839131,5046,5045,1414,868,1,-0.012279931
Cold,545944,3367,3366,1419,870,0,-0.0030850475
Cold,738004,4411,4410,1419,870,1,0.00055906724
Cold,482501,2967,2966,1419,870,0,0.004927978
Cold,481067,2955,2954,1419,870,1,-0.002127218
Cold,478537,2936,2935,1419,870,1,0.005995525
Cold,466549,2878,2877,1419,870,1,-0.0039453106
Cold,463972,2860,2859,1419,870,1,-0.0008916168
Cold,457586,2820,2819,1419,870,1,-0.00436285
Cold,451442,2779,2778,1419,870,1,-0.00023034844
Cold,443303,2733,2732,1419,870,1,-0.0012381438
Cold,437868,2676,2675,1419,870,1,-0.007308548
Cold,424979,2579,2578,1419,870,1,-0.004713134
Cold,446644,2753,2752,1419,870,1,-0.0062803947
Cold,411206,2468,2467,1419,870,1,0.0019371316
Cold,401323,2393,2392,1419,870,1,0.0036131537
Cold,400846,2389,2388,1419,870,0,-0.0019787753
Cold,381472,2231,2230,1419,870,0,-0.005823293
Cold,371940,2173,2172,1419,870,0,-0.006322505
Cold,352572,2064,2063,1419,870,1,0.00013719566
Cold,342987,2016,2015,1419,870,1,-0.0031592087
Cold,428726,2609,2608,1419,870,1,-0.00028930948
Cold,329935,1947,1946,1419,870,0,0.0076809735
Cold,319786,1899,1898,1419,870,1,-0.0053573954
Cold,280661,1685,1684,1419,870,1,-0.005969967
Cold,278500,1680,1679,1419,870,1,-0.005441433
Cold,264048,1607,1606,1419,870,0,-0.00063631113
Cold,258176,1583,1582,1419,870,1,-0.007322614
Cold,353849,2073,2072,1419,870,1,0.0015752672
Cold,283784,1698,1697,1419,870,1,-0.00068714196
Cold,211733,1288,1287,1419,870,1,-0.0062191333
Cold,220251,1335,1334,1419,870,1,-0.0058899093
Cold,199211,1224,1223,1419,870,1,0.004219369
Cold,186307,1152,1151,1419,870,1,0.0034738376
Cold,177407,1119,1118,1419,870,1,-0.0055983886
Cold,243648,1470,1469,1419,870,0,0.004820316
Cold,308314,1837,1836,1419,870,1,-0.008715773
Cold,162624,1038,1037,1419,870,0,-0.003666276
Cold,190276,1181,1180,1419,870,0,-0.0018803729
Cold,151443,975,974,1419,870,1,0.0040165205
Cold,146762,948,947,1419,870,1,-0.00051343977
Cold,201307,1242,1241,1419,870,1,-0.0044210018
Cold,127602,824,823,1419,870,0,0.0021445057
Cold,316534,1884,1883,1419,870,1,0.0020789225
Cold,80838,537,536,1419,870,1,-0.0021267773
Cold,81409,543,542,1419,870,1,0.00014695805
Cold,77110,524,523,1419,870,1,-0.0057444545
Cold,83780,550,549,1419,870,0,0.001477926
Cold,69413,466,465,1419,870,1,0.00077751843
Cold,66314,444,443,1419,870,1,-0.0023786158
Cold,54779,358,357,1419,870,1,0.0059488816
Cold,52688,347,346,1419,870,1,0.0005653079
Cold,46588,312,311,1419,870,1,-0.0038391214
Cold,505913,3112,3111,1419,870,0,-0.0037258924
Cold,31719,216,215,1419,870,0,-0.0035006802
Cold,440044,2691,2690,1419,870,1,-0.0010657881
Cold,4851,35,34,1419,870,1,-0.0030436106
Cold,357166,2092,2091,1419,870,1,-0.0066969492
Cold,206598,1266,1265,1419,870,0,-0.010711903
Cold,524358,3233,3232,1419,870,1,-0.010239303
Cold,157665,1015,1014,1419,870,1,-0.0026481487
Cold,289905,1733,1732,1419,870,1,-0.0007617576
Cold,801251,4802,4801,1419,870,1,0.003070452
Cold,208532,1274,1273,1419,870,1,-0.007748152
Cold,10371,74,73,1419,870,1,0.0056604873
Cold,441779,2715,2714,1419,870,1,0.0038019712
Cold,293518,1748,1747,1419,870,0,0.0011600275
Cold,319082,1897,1896,1419,870,1,-0.009892098
Cold,993787,6002,6001,1419,870,1,0.00043197046
Cold,546645,3371,3370,1419,870,1,-0.0073234886
Cold,27824,195,194,1419,870,1,0.0046443287
Cold,275976,1671,1670,1419,870,1,-0.0036559673
Cold,370857,2168,2167,1419,870,0,0.00026173476
Cold,240894,1451,1450,1419,870,1,0.002445459
Cold,175921,1113,1112,1419,870,1,-0.0072174813
Cold,554991,3413,3412,1419,870,1,0.004098719
Cold,451665,2781,2780,1419,870,1,-0.008518313
Cold,585073,3572,3571,1425,872,0,0.0018869003
Cold,607016,3685,3684,1425,872,1,0.0026124083
Cold,576775,3526,3525,1425,872,1,0.0072193313
Cold,580363,3546,3545,1425,872,0,0.00417614
Cold,563972,3470,3469,1425,872,0,0.004419379
Cold,560961,3451,3450,1425,872,0,0.0017946332
Cold,556732,3422,3421,1425,872,0,0.002228465
Cold,543147,3344,3343,1425,872,0,-0.0019054456
Cold,547491,3378,3377,1425,872,0,0.0019928347
Cold,541179,3329,3328,1425,872,0,-0.0024739238
Cold,532917,3292,3291,1425,872,0,-0.0031170181
Cold,530769,3280,3279,1425,872,0,0.013401508
Cold,522106,3224,3223,1425,872,1,-0.0033259238
Cold,539683,3320,3319,1425,872,1,-0.006452871
Cold,536761,3311,3310,1425,872,1,0.005119023
Cold,512524,3163,3162,1425,872,1,0.0016005524
Cold,816014,4899,4898,1425,872,0,-0.0048182
Cold,738010,4411,4410,1425,872,0,-0.013227506
Cold,783906,4682,4681,1425,872,1,-0.002506569
Cold,504335,3101,3100,1425,872,1,0.0073629897
Cold,475038,2916,2915,1425,872,0,-0.0013514166
Cold,472243,2907,2906,1425,872,1,-0.001943436
Cold,470831,2899,2898,1425,872,1,0.005125781
Cold,473130,2909,2908,1425,872,0,-0.00052720215
Cold,467505,2881,2880,1425,872,1,-0.0014132229
Cold,447763,2761,2760,1425,872,1,0.006009505
Cold,438735,2681,2680,1425,872,1,0.0012279516
Cold,425046,2580,2579,1425,872,0,0.0005609845
Cold,419560,2537,2536,1425,872,0,0.0038067873
Cold,416279,2507,2506,1425,872,0,-0.00045545306
Cold,412606,2484,2483,1425,872,1,0.010049056
Cold,400196,2383,2382,1425,872,1,0.010897633
Cold,368233,2153,2152,1425,872,1,-0.0028989352
Cold,361357,2109,2108,1425,872,0,-0.0051803906
Cold,351311,2063,2062,1425,872,0,0.017267622
Cold,340382,2010,2009,1425,872,0,0.0021968782
Cold,337891,1988,1987,1425,872,0,-0.003235735
Cold,330908,1954,1953,1425,872,1,0.010073043
Cold,314873,1880,1879,1425,872,0,0.003071879
Cold,281111,1687,1686,1425,872,0,0.0019044816
Cold,278520,1680,1679,1425,872,0,-0.008629056
Cold,268423,1631,1630,1425,872,0,0.014022556
Cold,256422,1565,1564,1425,872,0,0.005259376
Cold,247473,1496,1495,1425,872,0,-0.0013807439
Cold,233579,1421,1420,1425,872,1,0.013293817
Cold,231533,1404,1403,1425,872,1,0.006952661
Cold,357177,2092,2091,1425,872,1,0.0012418879
Cold,335383,1980,1979,1425,872,0,-0.008393489
Cold,223265,1354,1353,1425,872,0,0.010291426
Cold,277347,1676,1675,1425,872,1,0.0079436805
Cold,198740,1221,1220,1425,872,0,0.0009953598
Cold,196273,1207,1206,1425,872,0,0.017192114
Cold,175924,1113,1112,1425,872,0,0.007803548
Cold,173039,1097,1096,1425,872,1,0.004883253
Cold,164205,1051,1050,1425,872,0,0.0009783907
Cold,271982,1645,1644,1425,872,1,-0.0026070247
Cold,155689,1004,1003,1425,872,0,0.008977447
Cold,221029,1340,1339,1425,872,0,0.009247769
Cold,148183,955,954,1425,872,0,0.0024015517
Cold,137670,889,888,1425,872,0,-0.0011291034
Cold,135376,877,876,1425,872,0,-0.001073598
Cold,128481,832,831,1425,872,0,0.00059683085
Cold,124131,800,799,1425,872,1,-1.706276e-05
Cold,177839,1120,1119,1425,872,0,0.0037842314
Cold,117321,757,756,1425,872,1,0.0070653115
Cold,112206,731,730,1425,872,1,-0.0009594322
Cold,107625,710,709,1425,872,1,0.013011145
Cold,105818,699,698,1425,872,1,0.0060439585
Cold,106583,702,701,1425,872,1,0.0048886207
Cold,103764,690,689,1425,872,1,0.009879385
Cold,118207,765,764,1425,872,1,-0.0033803955
Cold,176659,1117,1116,1425,872,1,0.0060891593
Cold,97662,655,654,1425,872,0,-0.008404701
Cold,329084,1943,1942,1425,872,1,0.0015010289
Cold,94075,631,630,1425,872,0,-0.005732989
Cold,695722,4169,4168,1425,872,0,0.002770946
Cold,283798,1698,1697,1425,872,1,0.003098561
Cold,83798,550,549,1425,872,1,-0.0048415093
Cold,238519,1448,1447,1425,872,0,0.00039070426
Cold,87032,569,568,1425,872,1,0.012606251
Cold,70042,474,473,1425,872,0,0.007678177
Cold,63617,425,424,1425,872,0,0.0030714502
Cold,58448,396,395,1425,872,0,-0.0019825893
Cold,626450,3792,3791,1425,872,0,-0.0031187758
Cold,588952,3592,3591,1425,872,0,-0.012848847
Cold,638846,3842,3841,1425,872,1,0.0131600555
Cold,65126,438,437,1425,872,1,0.0009449455
Cold,26241,187,186,1425,872,0,0.0020690127
Cold,234670,1425,1424,1425,872,1,0.0018974296
Cold,7458,53,52,1425,872,1,-0.0028283207
Cold,632861,3824,3823,1425,872,0,0.006743837
Cold,3459,26,25,1425,872,0,0.007335092
Cold,2622,22,21,1425,872,0,0.005055494
Cold,233829,1422,1421,1425,872,1,-0.004767491
Cold,79054,531,530,1425,872,0,0.0018369397
Cold,709660,4258,4257,1425,872,1,0.0072987797
Cold,892765,5394,5393,1425,872,0,0.009003069
Cold,370866,2168,2167,1425,872,1,0.012163642
Cold,571784,3507,3506,1425,872,0,0.0018987376
Cold,362654,2116,2115,1425,872,1,0.015642386
Cold,511759,3158,3157,1425,872,0,0.0041713323
Cold,309444,1842,1841,1425,872,0,-0.0035348323
Cold,201909,1243,1242,1425,872,1,-0.0048976596
Cold,65881,442,441,1425,872,1,0.013530202
Cold,878852,5312,5311,1425,872,1,-0.0038662693
Cold,388002,2271,2270,1425,872,1,0.0071949065
Cold,699527,4186,4185,1425,872,0,0.0031689662
Cold,549656,3391,3390,1425,872,0,0.0011236989
Cold,337358,1984,1983,1432,875,0,-0.0077204667
Cold,222321,1345,1344,1432,875,0,0.003704637
Cold,226929,1377,1376,1432,875,0,-0.0019975002
Cold,311428,1855,1854,1432,875,1,0.0032053778
Cold,320690,1902,1901,1432,875,0,-4.98211e-05
Cold,248625,1501,1500,1432,875,1,0.016698655
Cold,171192,1088,1087,1432,875,0,0.00017050852
Cold,327510,1941,1940,1432,875,0,0.00018134178
Cold,275361,1667,1666,1432,875,0,-0.0032080198
Cold,342142,2015,2014,1432,875,0,0.009479561
Cold,154702,999,998,1432,875,0,0.0054864804
Cold,325728,1928,1927,1432,875,0,0.0029702126
Cold,380092,2223,2222,1432,875,0,0.004032844
Cold,202284,1244,1243,1432,875,0,0.0034158456
Cold,258274,1584,1583,1432,875,1,-0.00037979148
Cold,105825,699,698,1432,875,0,0.011488292
Cold,96321,647,646,1432,875,0,0.0044341395
Cold,107637,710,709,1432,875,0,0.00022944622
Cold,150368,970,969,1432,875,0,0.0106958095
Cold,87620,575,574,1432,875,0,0.014274548
Cold,81343,542,541,1432,875,0,-0.0052015805
Cold,83816,550,549,1432,875,0,0.0077697183
Cold,77128,524,523,1432,875,0,0.011991223
Cold,70048,474,473,1432,875,0,0.0012073512
Cold,44207,302,301,1432,875,0,0.01395136
Cold,22309,163,162,1432,875,0,0.003060076
Cold,269663,1635,1634,1432,875,0,0.009724438
Cold,26989,192,191,1432,875,0,-0.0052466877
Cold,10045,71,70,1432,875,1,0.011536537
Cold,9100,62,61,1432,875,0,0.005327193
Cold,17093,134,133,1432,875,0,0.01034905
Cold,78233,528,527,1432,875,0,0.005806759
Cold,354663,2077,2076,1432,875,0,0.01247308
Cold,27865,195,194,1432,875,0,0.008167916
Cold,49924,331,330,1432,875,0,0.009056397
Cold,300128,1780,1779,1432,875,0,0.0076020155
Cold,941292,5682,5681,1432,875,0,0.015243078
Cold,293532,1748,1747,1432,875,0,0.011219755
Cold,272608,1647,1646,1432,875,0,0.0018582596
Cold,549673,3391,3390,1432,875,0,-0.0019789035
Cold,183033,1141,1140,1440,877,0,-0.003207554
Cold,164231,1051,1050,1440,877,0,-0.0013623452
Cold,163627,1050,1049,1440,877,0,-0.007207228
Cold,332456,1962,1961,1440,877,0,-0.005956277
Cold,124718,802,801,1440,877,0,-0.001571239
Cold,112232,731,730,1440,877,0,-0.0047594127
Cold,105835,699,698,1440,877,1,-0.0038356795
Cold,106605,702,701,1440,877,0,0.0027137473
Cold,763751,4543,4542,1440,877,0,-0.0029237845
Cold,291105,1737,1736,1440,877,0,-0.002255943
Cold,70621,476,475,1440,877,0,-0.0036031003
Cold,67315,453,452,1440,877,0,-0.0008548118
Cold,239632,1449,1448,1440,877,0,0.0059225815
Cold,107651,710,709,1440,877,0,-0.00013505295
Cold,695755,4169,4168,1440,877,0,0.00054043555
Cold,237578,1447,1446,1440,877,0,-0.0008843015
Cold,133988,869,868,1440,877,0,-0.0008075927
Cold,719880,4312,4311,1440,877,0,-0.005029099
Cold,933296,5636,5635,1440,877,0,-0.0072841956
Cold,549697,3391,3390,1440,877,0,0.00092476746
Cold,567227,3483,3482,1440,877,1,0.009587069
Cold,499101,3067,3066,1442,879,0,0.001953586
Cold,71742,482,481,1442,879,0,-0.0047101807
Cold,626471,3792,3791,1442,879,0,-0.0017184692
Cold,966513,5831,5830,1442,879,1,-0.0019090734
Cold,272622,1647,1646,1442,879,1,0.005816122
Cold,115817,752,751,1442,879,0,0.0017177595
Cold,183035,1141,1140,1442,879,0,0.0007016937
Cold,712679,4277,4276,1442,879,1,-0.0012460011
Cold,223019,1352,1351,1442,879,0,0.0055192932
Cold,310515,1851,1850,1442,879,0,0.0013244725
Cold,248478,1500,1499,1442,879,0,-0.0028128463
Cold,525208,3243,3242,1445,880,0,-0.0043506967
Cold,510596,3147,3146,1445,880,0,-0.001684638
Cold,516268,3189,3188,1445,880,0,-0.011907553
Cold,504100,3099,3098,1445,880,1,0.0024856494
Cold,496739,3052,3051,1445,880,0,0.0063151135
Cold,493752,3032,3031,1445,880,1,-0.0059915665
Cold,486523,2995,2994,1445,880,0,-0.0006793422
Cold,484455,2983,2982,1445,880,0,-0.002615742
Cold,479965,2946,2945,1445,880,0,0.0013867912
Cold,444373,2742,2741,1445,880,0,-0.0018179901
Cold,435368,2661,2660,1445,880,0,-0.0052096695
Cold,430674,2625,2624,1445,880,0,0.0050216573
Cold,450521,2777,2776,1445,880,1,1.6302802e-05
Cold,420379,2541,2540,1445,880,1,-0.011444042
Cold,419591,2537,2536,1445,880,0,-0.0044592205
Cold,415196,2500,2499,1445,880,0,0.0029808802
Cold,412628,2484,2483,1445,880,0,0.0036402629
Cold,383994,2244,2243,1445,880,0,0.002985727
Cold,378895,2212,2211,1445,880,0,-0.0035780815
Cold,366540,2136,2135,1445,880,0,-0.00038890075
Cold,355866,2085,2084,1445,880,0,0.0026429968
Cold,362675,2116,2115,1445,880,0,-0.005815243
Cold,351357,2063,2062,1445,880,0,-0.007898333
Cold,361383,2109,2108,1445,880,0,-0.0008140451
Cold,343949,2020,2019,1445,880,0,0.001732716
Cold,340398,2010,2009,1445,880,0,0.0065702
Cold,338706,1995,1994,1445,880,0,0.0021641045
Cold,324839,1925,1924,1445,880,0,-0.003230822
Cold,303436,1803,1802,1445,880,0,0.00867616
Cold,275372,1667,1666,1445,880,0,-0.007155056
Cold,226936,1377,1376,1445,880,0,-0.007005983
Cold,269680,1635,1634,1445,880,0,-0.0049644075
Cold,218787,1327,1326,1445,880,0,0.0049531343
Cold,254995,1552,1551,1445,880,0,0.0006342032
Cold,277378,1676,1675,1445,880,0,0.00060160947
Cold,272623,1647,1646,1445,880,0,0.0026251508
Cold,278582,1680,1679,1445,880,0,0.0017214757
Cold,304635,1812,1811,1445,880,0,-0.0049080793
Cold,219684,1333,1332,1445,880,0,0.0011737202
Cold,198558,1220,1219,1445,880,0,0.0034190204
Cold,308347,1837,1836,1445,880,0,0.0046016676
Cold,172446,1092,1091,1445,880,0,-0.005265606
Cold,229142,1389,1388,1445,880,0,-0.0063794916
Cold,166822,1061,1060,1445,880,0,-0.0006651677
Cold,327553,1941,1940,1445,880,0,-0.005739826
Cold,272006,1645,1644,1445,880,1,-0.0105498405
Cold,190351,1181,1180,1445,880,0,-0.006298894
Cold,255421,1556,1555,1445,880,0,-0.001525849
Cold,227532,1380,1379,1445,880,1,0.0061591337
Cold,151463,975,974,1445,880,0,0.0059902705
Cold,221058,1340,1339,1445,880,0,0.013992843
Cold,156502,1010,1009,1445,880,0,-0.0065024844
Cold,137727,889,888,1445,880,0,0.009385905
Cold,248637,1501,1500,1445,880,0,-0.0015051356
Cold,120233,777,776,1445,880,0,-0.003657498
Cold,118230,765,764,1445,880,1,0.0004440737
Cold,159778,1019,1018,1445,880,0,-0.0052781412
Cold,105837,699,698,1445,880,0,-0.007262673
Cold,98554,660,659,1445,880,0,-0.0030002492
Cold,96323,647,646,1445,880,0,0.012538491
Cold,96077,646,645,1445,880,0,0.0012191841
Cold,82704,549,548,1445,880,0,-0.0077309078
Cold,118984,770,769,1445,880,0,0.004719482
Cold,81444,543,542,1445,880,0,-0.006416238
Cold,70352,475,474,1445,880,0,-0.00036487821
Cold,68527,461,460,1445,880,0,0.0025719032
Cold,67148,452,451,1445,880,0,0.0028111623
Cold,87037,569,568,1445,880,1,-0.0005693969
Cold,71744,482,481,1445,880,0,0.004014699
Cold,405928,2436,2435,1445,880,0,0.0031402553
Cold,53464,352,351,1445,880,0,-0.003442606
Cold,52295,344,343,1445,880,0,-0.0038314965
Cold,78245,528,527,1445,880,0,-0.0025350074
Cold,44242,302,301,1445,880,0,-0.006028992
Cold,695764,4169,4168,1445,880,0,0.0019792318
Cold,31800,216,215,1445,880,0,0.008447688
Cold,336848,1983,1982,1445,880,0,-0.0018103924
Cold,239638,1449,1448,1445,880,0,-0.0072031897
Cold,368248,2153,2152,1445,880,1,0.012218509
Cold,29045,199,198,1445,880,0,0.008311163
Cold,291107,1737,1736,1445,880,0,-0.0047938107
Cold,536790,3311,3310,1445,880,0,-0.0008903461
Cold,19206,148,147,1445,880,0,0.007201336
Cold,161934,1033,1032,1445,880,0,0.011513203
Cold,626474,3792,3791,1445,880,0,-0.0024476645
Cold,552046,3401,3400,1445,880,0,0.004194361
Cold,383199,2239,2238,1445,880,0,-0.0059599867
Cold,632907,3824,3823,1445,880,0,-0.00021146028
Cold,331281,1958,1957,1445,880,0,0.006902426
Cold,45774,308,307,1445,880,0,0.0026045996
Cold,454468,2796,2795,1445,880,0,0.006148793
Cold,171223,1088,1087,1445,880,0,0.003338787
Cold,931380,5626,5625,1445,880,1,0.009219596
Cold,342161,2015,2014,1445,880,0,0.0006504762
Cold,336639,1982,1981,1445,880,0,0.007348079
Cold,559347,3436,3435,1445,880,0,0.008106882
Cold,556158,3418,3417,1446,881,1,-0.008684862
Cold,551526,3398,3397,1446,881,1,-0.0050933207
Cold,546670,3371,3370,1446,881,1,-0.0012287768
Cold,545445,3364,3363,1446,881,1,-0.012946062
Cold,534268,3299,3298,1446,881,1,-0.01481216
Cold,524593,3237,3236,1446,881,1,0.0008069994
Cold,522155,3224,3223,1446,881,1,-0.009792214
Cold,521320,3217,3216,1446,881,1,-0.0052452413
Cold,512557,3163,3162,1446,881,1,0.0025561084
Cold,527226,3261,3260,1446,881,1,-0.010294151
Cold,520486,3210,3209,1446,881,1,-0.0017356484
Cold,509203,3135,3134,1446,881,0,-0.0006042307
Cold,526166,3253,3252,1446,881,1,-0.013348168
Cold,816021,4899,4898,1446,881,1,0.00027897698
Cold,506170,3114,3113,1446,881,1,0.0030249907
Cold,503065,3088,3087,1446,881,1,0.0051942496
Cold,500602,3075,3074,1446,881,1,-0.012830685
Cold,588971,3592,3591,1446,881,1,-0.009275883
Cold,492473,3029,3028,1446,881,1,-0.015774569
Cold,497056,3054,3053,1446,881,1,-0.009910636
Cold,484780,2986,2985,1446,881,1,-0.007302194
Cold,483350,2970,2969,1446,881,1,-0.010383697
Cold,695766,4169,4168,1446,881,1,-0.011610588
Cold,475046,2916,2915,1446,881,1,-0.0077175014
Cold,879759,5317,5316,1446,881,1,-0.005979932
Cold,466593,2878,2877,1446,881,1,0.006099283
Cold,466148,2874,2873,1446,881,0,0.0023336918
Cold,465319,2870,2869,1446,881,1,-0.009866304
Cold,464593,2863,2862,1446,881,1,-0.0031506396
Cold,462325,2853,2852,1446,881,1,-0.010037672
Cold,459563,2832,2831,1446,881,1,-0.010139553
Cold,443683,2737,2736,1446,881,0,-0.002953073
Cold,442339,2724,2723,1446,881,1,-0.0072778836
Cold,432040,2634,2633,1446,881,1,-0.017233439
Cold,425869,2584,2583,1446,881,1,-0.008033193
Cold,417288,2513,2512,1446,881,1,-0.0048769014
Cold,386298,2259,2258,1446,881,1,-0.010330825
Cold,378109,2206,2205,1446,881,1,-0.007648452
Cold,371202,2169,2168,1446,881,0,-0.0013748967
Cold,347084,2036,2035,1446,881,1,0.0039243
Cold,346872,2034,2033,1446,881,1,-0.008152295
Cold,346037,2030,2029,1446,881,1,-0.011542304
Cold,275854,1669,1668,1446,881,1,-3.7014717e-05
Cold,281969,1692,1691,1446,881,0,-0.0059233746
Cold,274740,1661,1660,1446,881,1,-0.01512362
Cold,284735,1699,1698,1446,881,1,-0.008261203
Cold,273931,1654,1653,1446,881,1,-0.0086455075
Cold,268434,1631,1630,1446,881,1,-0.0001868573
Cold,252024,1525,1524,1446,881,1,-0.001498902
Cold,353891,2073,2072,1446,881,1,-0.011971801
Cold,233589,1421,1420,1446,881,0,-0.01233083
Cold,227972,1383,1382,1446,881,1,-0.0095170075
Cold,229826,1391,1390,1446,881,1,-0.00019586249
Cold,209325,1279,1278,1446,881,0,-0.0075430865
Cold,205574,1264,1263,1446,881,1,-0.0089730825
Cold,203751,1253,1252,1446,881,1,0.0027348083
Cold,213250,1298,1297,1446,881,1,0.0024604911
Cold,308350,1837,1836,1446,881,1,-0.01257815
Cold,206628,1266,1265,1446,881,1,-0.010706374
Cold,170745,1087,1086,1446,881,1,0.0014430578
Cold,175295,1112,1111,1446,881,1,-0.008881951
Cold,163069,1041,1040,1446,881,1,-0.0072187446
Cold,162635,1038,1037,1446,881,1,-0.004065184
Cold,161262,1029,1028,1446,881,1,-0.0011037563
Cold,151915,977,976,1446,881,1,-0.008290857
Cold,150311,969,968,1446,881,1,-0.003953571
Cold,148508,956,955,1446,881,1,-0.005043992
Cold,313698,1873,1872,1446,881,0,-0.009327732
Cold,154559,998,997,1446,881,1,-0.0062357527
Cold,143797,928,927,1446,881,0,-0.005166772
Cold,137730,889,888,1446,881,0,-0.013325121
Cold,201337,1242,1241,1446,881,1,-0.0030847935
Cold,130729,848,847,1446,881,1,0.0022022664
Cold,199971,1228,1227,1446,881,1,-0.0009016888
Cold,128821,837,836,1446,881,0,0.00070622703
Cold,374728,2185,2184,1446,881,0,-0.011449718
Cold,262966,1605,1604,1446,881,1,-0.008938439
Cold,322045,1912,1911,1446,881,0,-0.014428986
Cold,134957,873,872,1446,881,1,-0.0078017553
Cold,105385,697,696,1446,881,0,-0.005262447
Cold,105021,696,695,1446,881,1,0.0011999966
Cold,97682,655,654,1446,881,1,-0.006868519
Cold,256037,1561,1560,1446,881,1,0.005126521
Cold,151163,973,972,1446,881,0,-0.0031600299
Cold,283841,1698,1697,1446,881,1,-0.014398272
Cold,89527,590,589,1446,881,1,-0.00443592
Cold,89098,588,587,1446,881,1,-0.00908806
Cold,460536,2841,2840,1446,881,1,-0.0020770235
Cold,319125,1897,1896,1446,881,1,-0.011846646
Cold,83849,550,549,1446,881,1,-0.013144026
Cold,77158,524,523,1446,881,1,-0.0032200273
Cold,59575,404,403,1446,881,1,0.0007978494
Cold,155206,1001,1000,1446,881,1,-0.007730027
Cold,46238,309,308,1446,881,1,-0.007652288
Cold,42946,294,293,1446,881,1,0.0039183516
Cold,42692,293,292,1446,881,1,-0.001520507
Cold,312769,1865,1864,1446,881,1,0.006528048
Cold,43410,299,298,1446,881,1,-0.006814975
Cold,31803,216,215,1446,881,1,-0.014517794
Cold,199799,1227,1226,1446,881,1,-0.0031240769
Cold,30787,205,204,1446,881,1,-0.0037679472
Cold,27490,193,192,1446,881,1,-0.010779303
Cold,21915,161,160,1446,881,1,-0.009061669
Cold,26268,187,186,1446,881,1,-0.01435477
Cold,287356,1716,1715,1446,881,1,0.00010782201
Cold,152403,981,980,1446,881,0,-0.0018656321
Cold,12457,95,94,1446,881,1,-0.0061964295
Cold,11422,88,87,1446,881,1,-0.0076738466
Cold,133407,862,861,1446,881,1,-0.005159323
Cold,211638,1287,1286,1446,881,0,-0.006146001
Cold,10600,76,75,1446,881,1,0.0015932438
Cold,1399,13,12,1446,881,0,-0.0048203478
Cold,778,9,8,1446,881,0,-0.0027345456
Cold,479711,2944,2943,1446,881,1,0.00032072095
Cold,10739,78,77,1446,881,0,-0.0064739687
Cold,167081,1063,1062,1446,881,1,-0.009481938
Cold,484283,2980,2979,1446,881,0,-0.008247246
Cold,249748,1505,1504,1446,881,1,-0.006603937
Cold,859998,5172,5171,1446,881,1,-0.010447009
Cold,37836,259,258,1446,881,1,-0.013128989
Cold,317481,1889,1888,1446,881,0,-0.010771561
Cold,420765,2544,2543,1446,881,0,-0.009106136
Cold,117142,755,754,1446,881,1,-0.00094955764
Cold,840387,5049,5048,1446,881,1,-0.0026320338
Cold,178542,1121,1120,1446,881,1,-0.0011222279
Cold,807557,4834,4833,1446,881,0,-0.013232321
Cold,208576,1274,1273,1446,881,1,-0.015183115
Cold,456904,2814,2813,1446,881,0,-0.0033837296
Cold,804231,4816,4815,1446,881,1,-0.00036858371
Cold,535754,3308,3307,1453,883,0,-0.013037081
Cold,638876,3842,3841,1453,883,0,-0.0062625823
Cold,540921,3328,3327,1453,883,1,-0.0073229615
Cold,532974,3292,3291,1453,883,0,-0.004362338
Cold,522171,3224,3223,1453,883,0,-0.012634685
Cold,539714,3320,3319,1453,883,0,-0.0076285996
Cold,512564,3163,3162,1453,883,0,-0.018641587
Cold,508443,3129,3128,1453,883,0,-0.0054543433
Cold,738035,4411,4410,1453,883,0,-0.010141587
Cold,503583,3095,3094,1453,883,1,-0.0056311586
Cold,797522,4784,4783,1453,883,0,-0.0071978886
Cold,493759,3032,3031,1453,883,1,-0.010896681
Cold,491940,3026,3025,1453,883,0,-0.0049201264
Cold,490150,3017,3016,1453,883,0,-0.0054376908
Cold,794602,4753,4752,1453,883,0,0.0027706854
Cold,472284,2907,2906,1453,883,0,-0.010689257
Cold,470292,2896,2895,1453,883,0,-0.006753237
Cold,450131,2776,2775,1453,883,0,-0.003497141
Cold,450528,2777,2776,1453,883,0,-0.008958511
Cold,445072,2745,2744,1453,883,0,-0.0053947577
Cold,466602,2878,2877,1453,883,0,-0.0054010986
Cold,438750,2681,2680,1453,883,1,-0.002082586
Cold,433083,2641,2640,1453,883,0,-0.013342423
Cold,430267,2622,2621,1453,883,1,-0.0059133414
Cold,420381,2541,2540,1453,883,1,-0.0028500822
Cold,416000,2506,2505,1453,883,0,0.0026951884
Cold,400230,2383,2382,1453,883,1,-0.004161519
Cold,393045,2309,2308,1453,883,0,-0.0019629127
Cold,366817,2139,2138,1453,883,0,-0.0034386166
Cold,364436,2123,2122,1453,883,1,-0.0013520889
Cold,355870,2085,2084,1453,883,0,-0.011044384
Cold,341392,2012,2011,1453,883,0,-0.009284473
Cold,315764,1881,1880,1453,883,1,-0.004603027
Cold,293371,1747,1746,1453,883,0,-0.0025009075
Cold,281137,1687,1686,1453,883,0,-0.0013338483
Cold,269472,1634,1633,1453,883,0,-0.0010141698
Cold,268438,1631,1630,1453,883,1,0.006533744
Cold,276028,1671,1670,1453,883,1,-0.0067910017
Cold,216363,1314,1313,1453,883,1,-2.6620924e-05
Cold,213255,1298,1297,1453,883,1,-0.0010172529
Cold,211985,1291,1290,1453,883,0,-0.010654384
Cold,188817,1172,1171,1453,883,1,-0.015600421
Cold,186733,1156,1155,1453,883,0,-0.0028873554
Cold,183048,1141,1140,1453,883,1,-0.0115727205
Cold,316103,1883,1882,1453,883,0,0.0007528167
Cold,331289,1958,1957,1453,883,0,-0.0112481555
Cold,327567,1941,1940,1453,883,0,-0.007618146
Cold,272010,1645,1644,1453,883,1,-0.0016129934
Cold,165422,1054,1053,1453,883,1,-0.009072701
Cold,167652,1068,1067,1453,883,0,-0.010689132
Cold,143600,927,926,1453,883,0,-0.005495946
Cold,137743,889,888,1453,883,0,-0.0065765623
Cold,248642,1501,1500,1453,883,0,0.0017537565
Cold,360454,2106,2105,1453,883,0,-0.0051883236
Cold,105842,699,698,1453,883,0,-0.008335871
Cold,103626,689,688,1453,883,0,0.00091150566
Cold,179395,1125,1124,1453,883,0,-0.011559561
Cold,98560,660,659,1453,883,0,-0.013248555
Cold,96326,647,646,1453,883,0,-0.0031072772
Cold,441916,2718,2717,1453,883,0,-0.0032399548
Cold,234715,1425,1424,1453,883,0,-0.0040892977
Cold,152815,984,983,1453,883,0,-0.005413824
Cold,87177,570,569,1453,883,0,-0.0074246866
Cold,76092,517,516,1453,883,0,-0.013041874
Cold,64604,432,431,1453,883,0,0.00016410777
Cold,251050,1516,1515,1453,883,0,-0.009206943
Cold,239649,1449,1448,1453,883,0,-0.011815717
Cold,78253,528,527,1453,883,0,-0.0068964725
Cold,49187,329,328,1453,883,0,-0.013217753
Cold,46390,310,309,1453,883,0,0.0093757445
Cold,39470,268,267,1453,883,0,-0.010035426
Cold,38189,261,260,1453,883,0,-0.011570282
Cold,38781,264,263,1453,883,0,-0.007036266
Cold,336852,1983,1982,1453,883,0,-0.017976316
Cold,22343,163,162,1453,883,0,-0.013526643
Cold,783936,4682,4681,1453,883,0,-0.004422619
Cold,6299,45,44,1453,883,0,-0.0061321333
Cold,79096,531,530,1453,883,0,-0.003617155
Cold,471806,2903,2902,1453,883,1,-0.010726606
Cold,354679,2077,2076,1453,883,0,-0.0055411607
Cold,362684,2116,2115,1453,883,0,-0.007223386
Cold,682146,4085,4084,1453,883,0,-0.0020231204
Cold,51329,338,337,1453,883,0,-0.01669856
Cold,101920,678,677,1453,883,0,-0.001159641
Cold,144735,934,933,1453,883,0,-0.0029459328
Cold,507637,3125,3124,1453,883,0,-0.009522752
Cold,287584,1717,1716,1453,883,0,-0.0075557707
Cold,473176,2909,2908,1453,883,0,-0.0061856695
Cold,262979,1605,1604,1454,884,0,-0.0024852576
Cold,283852,1698,1697,1454,884,1,0.0025451016
Cold,88133,581,580,1454,884,0,0.0029458683
Cold,238565,1448,1447,1454,884,1,-0.0010149181
Cold,88703,587,586,1454,884,0,-0.0014091927
Cold,65159,438,437,1454,884,0,0.002399399
Cold,57095,386,385,1454,884,0,0.004405307
Cold,132251,855,854,1454,884,0,0.007317139
Cold,42949,294,293,1454,884,1,-0.002544335
Cold,24822,175,174,1454,884,0,0.006270321
Cold,17421,136,135,1454,884,0,0.0006883929
Cold,206636,1266,1265,1454,884,0,-0.0032308267
Cold,892794,5394,5393,1454,884,1,0.005430406
Cold,222545,1347,1346,1454,884,1,0.003105991
Cold,882009,5329,5328,1454,884,1,0.0042160833
Cold,682147,4085,4084,1454,884,0,0.0033116764
Cold,499110,3067,3066,1454,884,0,0.0019398723
Cold,54365,355,354,1454,884,0,-0.002236615
Cold,289945,1733,1732,1454,884,1,0.008310935
Cold,234716,1425,1424,1454,884,1,-0.001002438
Cold,372582,2176,2175,1454,884,0,-0.0011970801
Cold,329854,1946,1945,1454,884,0,0.0074721184
Cold,869004,5250,5249,1456,885,1,0.0008864335
Cold,171238,1088,1087,1456,885,0,0.00040530955
Cold,562390,3462,3461,1456,885,0,0.012272909
Cold,27921,195,194,1456,885,0,-0.000377196
Cold,327604,1941,1940,1460,888,1,0.007406221
Cold,179410,1125,1124,1460,888,0,0.0035332039
Cold,165120,1053,1052,1460,888,0,0.005912901
Cold,342189,2015,2014,1460,888,0,-0.001960989
Cold,155730,1004,1003,1460,888,0,0.00093144225
Cold,165426,1054,1053,1460,888,1,-0.00068832724
Cold,152832,984,983,1460,888,0,0.0040466795
Cold,147883,953,952,1460,888,0,0.006711638
Cold,184870,1150,1149,1460,888,0,0.0023809038
Cold,137778,889,888,1460,888,0,0.0019182239
Cold,262994,1605,1604,1460,888,0,-0.005734016
Cold,124165,800,799,1460,888,0,0.0010341896
Cold,112266,731,730,1460,888,0,0.004662136
Cold,105856,699,698,1460,888,0,-0.0031142454
Cold,203457,1248,1247,1460,888,0,0.002887934
Cold,93739,629,628,1460,888,1,0.0020700786
Cold,85214,556,555,1460,888,0,0.0064729643
Cold,83876,550,549,1460,888,0,-0.001421729
Cold,73055,494,493,1460,888,1,0.0068110167
Cold,70063,474,473,1460,888,0,-0.0021384303
Cold,65168,438,437,1460,888,0,0.0045373817
Cold,46393,310,309,1460,888,1,-0.0050819404
Cold,638887,3842,3841,1460,888,1,0.0045997687
Cold,142133,918,917,1460,888,0,0.0046798773
Cold,10465,75,74,1460,888,1,-0.0012380038
Cold,362701,2116,2115,1460,888,0,0.00011577457
Cold,239674,1449,1448,1460,888,0,-0.00013184873
Cold,272018,1645,1644,1460,888,1,-0.007663627
Cold,632941,3824,3823,1460,888,0,0.0037024133
Cold,554397,3411,3410,1460,888,0,-0.0025012896
Cold,134015,869,868,1460,888,0,0.0025931564
Cold,734171,4387,4386,1460,888,0,0.005093636
Cold,936495,5650,5649,1460,888,0,0.0050667417
Cold,877372,5302,5301,1460,888,0,0.008895005
Cold,526448,3257,3256,1464,890,0,0.0010205123
Cold,566975,3481,3480,1464,890,1,-0.008430569
Cold,536824,3311,3310,1464,890,1,-0.0020889852
Cold,522198,3224,3223,1464,890,0,0.0019266105
Cold,512376,3162,3161,1464,890,0,-0.00930223
Cold,510601,3147,3146,1464,890,0,0.0011768197
Cold,476662,2928,2927,1464,890,0,0.0016732009
Cold,473213,2909,2908,1464,890,1,-0.0055982927
Cold,457652,2820,2819,1464,890,1,0.0031893272
Cold,518618,3201,3200,1464,890,0,-0.00096366333
Cold,438951,2682,2681,1464,890,1,0.009431833
Cold,428220,2605,2604,1464,890,0,0.006105193
Cold,390627,2293,2292,1464,890,0,0.011457843
Cold,389855,2288,2287,1464,890,1,-0.0016524596
Cold,381921,2232,2231,1464,890,0,0.0033828018
Cold,379128,2215,2214,1464,890,0,-0.003544082
Cold,375459,2188,2187,1464,890,0,0.0061697545
Cold,351400,2063,2062,1464,890,1,0.002615038
Cold,301035,1788,1787,1464,890,1,0.002262028
Cold,289960,1733,1732,1464,890,1,-0.0003403949
Cold,282522,1694,1693,1464,890,1,0.0062195817
Cold,278645,1680,1679,1464,890,1,0.0019924236
Cold,268294,1630,1629,1464,890,0,0.007039897
Cold,267724,1627,1626,1464,890,1,-0.005782918
Cold,346063,2030,2029,1464,890,1,0.004391329
Cold,234501,1423,1422,1464,890,0,0.015893217
Cold,224012,1356,1355,1464,890,0,0.0044339
Cold,214650,1303,1302,1464,890,1,0.00084520667
Cold,219706,1333,1332,1464,890,0,0.00059168844
Cold,210586,1285,1284,1464,890,0,-0.0020774745
Cold,183062,1141,1140,1464,890,1,0.00070005376
Cold,243693,1470,1469,1464,890,0,-0.0017294681
Cold,372587,2176,2175,1464,890,0,0.003363841
Cold,156537,1010,1009,1464,890,1,-1.3411045e-06
Cold,319869,1899,1898,1464,890,1,0.002914311
Cold,157769,1015,1014,1464,890,1,0.0044416627
Cold,149477,963,962,1464,890,1,0.008423813
Cold,184874,1150,1149,1464,890,0,0.0075611407
Cold,139338,891,890,1464,890,0,-0.006754064
Cold,137785,889,888,1464,890,0,0.0035857602
Cold,159819,1019,1018,1464,890,0,0.005542417
Cold,886808,5359,5358,1464,890,1,-0.0023313577
Cold,199976,1228,1227,1464,890,0,-0.0011129102
Cold,176711,1117,1116,1464,890,1,-0.0004569227
Cold,712717,4277,4276,1464,890,1,-0.006958845
Cold,631340,3821,3820,1464,890,0,0.0005325908
Cold,283875,1698,1697,1464,890,1,0.0024998197
Cold,90543,601,600,1464,890,0,0.012090161
Cold,77192,524,523,1464,890,1,-0.007862523
Cold,74588,509,508,1464,890,1,0.008493182
Cold,79998,533,532,1464,890,0,0.0077641197
Cold,60074,409,408,1464,890,1,0.009569149
Cold,239682,1449,1448,1464,890,0,0.008367631
Cold,53513,352,351,1464,890,1,0.0075850496
Cold,638892,3842,3841,1464,890,0,0.0038073352
Cold,695809,4169,4168,1464,890,0,0.007711715
Cold,35763,242,241,1464,890,1,0.010114789
Cold,33355,225,224,1464,890,0,0.007557847
Cold,23019,166,165,1464,890,1,0.0017210874
Cold,17431,136,135,1464,890,1,2.4526962e-05
Cold,505934,3112,3111,1464,890,1,0.0012429166
Cold,4472,33,32,1464,890,0,0.0013842764
Cold,380700,2225,2224,1464,890,0,0.002484837
Cold,512590,3163,3162,1464,890,1,0.014297886
Cold,129166,839,838,1464,890,1,-0.0077764713
Cold,237618,1447,1446,1464,890,1,0.0033081064
Cold,843800,5074,5073,1464,890,0,0.0021494771
Cold,548658,3387,3386,1464,890,1,0.0059265494
Cold,101948,678,677,1464,890,0,0.0025054913
Cold,632947,3824,3823,1464,890,0,-0.0006959331
Cold,309469,1842,1841,1464,890,0,0.0011146478
Cold,17741,137,136,1464,890,0,0.0017398542
Cold,879776,5317,5316,1464,890,1,0.0077588903
Cold,570920,3503,3502,1464,890,1,0.0023656012
Cold,287593,1717,1716,1464,890,1,0.0019897697
Cold,892807,5394,5393,1464,890,0,0.0061740805
Cold,335483,1980,1979,1464,890,0,-0.0007424052
Cold,474314,2910,2909,1464,890,1,0.008122971
Cold,240969,1451,1450,1464,890,1,-0.0012092887
Cold,488991,3011,3010,1464,890,1,0.0033032994
Cold,783415,4680,4679,1464,890,0,0.0015147971
Cold,27950,195,194,1464,890,1,-0.0035712756
Cold,177898,1120,1119,1464,890,0,-0.0018976772
Cold,58679,398,397,1464,890,1,-0.0022628293
Cold,234733,1425,1424,1464,890,1,0.0030584005
Cold,496828,3053,3052,1465,891,0,0.005240825
Cold,484806,2986,2985,1465,891,1,0.011102552
Cold,477659,2933,2932,1465,891,1,0.0015895173
Cold,471558,2901,2900,1465,891,1,0.0056798933
Cold,869963,5256,5255,1465,891,0,-0.0039950223
Cold,463044,2857,2856,1465,891,1,0.0028760456
Cold,897519,5428,5427,1465,891,1,0.007656777
Cold,450558,2777,2776,1465,891,0,-0.0014006203
Cold,444503,2743,2742,1465,891,1,0.0068473388
Cold,440790,2699,2698,1465,891,1,0.0115497485
Cold,425907,2585,2584,1465,891,1,0.0041196793
Cold,422927,2564,2563,1465,891,1,-0.0004135915
Cold,451344,2778,2777,1465,891,0,-0.0031423713
Cold,398175,2368,2367,1465,891,1,0.004912894
Cold,388320,2272,2271,1465,891,0,-0.003633914
Cold,386535,2261,2260,1465,891,0,0.006003502
Cold,362706,2116,2115,1465,891,0,0.0050001736
Cold,361410,2109,2108,1465,891,0,0.0006438717
Cold,338504,1990,1989,1465,891,0,0.0064117443
Cold,334255,1972,1971,1465,891,1,0.0035453641
Cold,318093,1890,1889,1465,891,0,0.0034499762
Cold,298643,1773,1772,1465,891,0,-0.0023662131
Cold,310043,1845,1844,1465,891,0,-0.000337185
Cold,251515,1521,1520,1465,891,1,0.0016105687
Cold,245689,1484,1483,1465,891,1,0.0029185694
Cold,227766,1381,1380,1465,891,0,3.8040103e-05
Cold,221092,1340,1339,1465,891,0,0.0033709449
Cold,278648,1680,1679,1465,891,1,0.011039255
Cold,192962,1191,1190,1465,891,0,-0.005666789
Cold,329128,1943,1942,1465,891,1,-0.0039972933
Cold,184878,1150,1149,1465,891,0,-0.0013345415
Cold,182665,1140,1139,1465,891,1,0.0013383147
Cold,307186,1835,1834,1465,891,1,0.0072056237
Cold,174946,1109,1108,1465,891,0,0.0040811603
Cold,172591,1094,1093,1465,891,0,-0.0030801087
Cold,149478,963,962,1465,891,0,0.006699457
Cold,323648,1920,1919,1465,891,1,0.011043979
Cold,147700,952,951,1465,891,1,-0.002036393
Cold,249150,1502,1501,1465,891,1,0.01652176
Cold,141894,914,913,1465,891,0,-0.0052993824
Cold,136272,881,880,1465,891,0,0.014889903
Cold,125467,808,807,1465,891,0,0.010669369
Cold,118245,765,764,1465,891,1,0.0041908324
Cold,114700,746,745,1465,891,0,-0.009891769
Cold,107263,706,705,1465,891,0,-0.0038502773
Cold,115853,752,751,1465,891,0,-0.00025598216
Cold,95804,642,641,1465,891,0,-4.097348e-05
Cold,695812,4169,4168,1465,891,1,-0.0011429545
Cold,283876,1698,1697,1465,891,1,-0.0054187523
Cold,89954,593,592,1465,891,1,0.0061731134
Cold,432047,2634,2633,1465,891,0,0.0034281844
Cold,77193,524,523,1465,891,0,-0.0026905274
Cold,238591,1448,1447,1465,891,1,-0.0011958135
Cold,68547,461,460,1465,891,1,0.012765923
Cold,363892,2120,2119,1465,891,1,-0.0034544836
Cold,43828,301,300,1465,891,0,0.009484105
Cold,22367,163,162,1465,891,0,0.004789858
Cold,26287,187,186,1465,891,1,-0.006304214
Cold,314578,1879,1878,1465,891,1,0.0064738127
Cold,129167,839,838,1465,891,1,-0.00025537238
Cold,257424,1579,1578,1465,891,1,0.0006450878
Cold,204423,1260,1259,1465,891,0,-0.004317587
Cold,309470,1842,1841,1465,891,1,0.005895115
Cold,285144,1701,1700,1465,891,1,0.0020162393
Cold,46764,314,313,1465,891,0,-0.0030484472
Cold,941299,5682,5681,1465,891,0,0.005097463
Cold,531951,3285,3284,1468,893,0,-0.013963421
Cold,518072,3197,3196,1468,893,1,-0.007799373
Cold,505789,3111,3110,1468,893,1,-0.006708188
Cold,493797,3032,3031,1468,893,1,-0.0048024654
Cold,484810,2986,2985,1468,893,0,-0.005166956
Cold,483444,2972,2971,1468,893,1,-0.003138511
Cold,467899,2885,2884,1468,893,1,-0.005880408
Cold,460186,2840,2839,1468,893,0,-0.0037889231
Cold,594688,3620,3619,1468,893,0,-0.003494889
Cold,452935,2789,2788,1468,893,0,-0.011467164
Cold,451933,2782,2781,1468,893,0,0.0020256771
Cold,450562,2777,2776,1468,893,0,-0.0032916397
Cold,414435,2496,2495,1468,893,0,-0.010884867
Cold,407985,2453,2452,1468,893,0,-0.0072704284
Cold,399411,2378,2377,1468,893,0,0.00082102325
Cold,436155,2665,2664,1468,893,0,-1.0187621e-05
Cold,389858,2288,2287,1468,893,0,-0.008486298
Cold,386785,2262,2261,1468,893,0,0.0016695552
Cold,370431,2166,2165,1468,893,0,-0.007009153
Cold,361415,2109,2108,1468,893,0,-0.0121790245
Cold,345027,2024,2023,1468,893,1,-0.0044313455
Cold,343030,2016,2015,1468,893,0,-0.014228258
Cold,306576,1828,1827,1468,893,0,-5.7719648e-05
Cold,283430,1697,1696,1468,893,0,-0.004060076
Cold,255222,1553,1552,1468,893,0,-0.010963269
Cold,230904,1397,1396,1468,893,0,-0.00373545
Cold,227767,1381,1380,1468,893,1,-0.009041196
Cold,224015,1356,1355,1468,893,0,0.0015118716
Cold,289183,1727,1726,1468,893,0,-0.0023742416
Cold,296736,1759,1758,1468,893,1,0.004454702
Cold,250301,1509,1508,1468,893,0,-0.006794069
Cold,313100,1866,1865,1468,893,1,-0.0009044354
Cold,243696,1470,1469,1468,893,1,-0.0037820286
Cold,205236,1263,1262,1468,893,0,-0.0071985014
Cold,294162,1749,1748,1468,893,0,-0.0025297692
Cold,212392,1294,1293,1468,893,1,-0.0023344783
Cold,316123,1883,1882,1468,893,0,-0.009072334
Cold,172791,1096,1095,1468,893,0,-0.009693904
Cold,272023,1645,1644,1468,893,1,0.0032235105
Cold,151483,975,974,1468,893,0,-0.0012516164
Cold,249151,1502,1501,1468,893,0,0.0048820344
Cold,143169,923,922,1468,893,0,-0.0015399165
Cold,156541,1010,1009,1468,893,0,-0.011791065
Cold,137792,889,888,1468,893,0,-0.008142865
Cold,136274,881,880,1468,893,0,0.0041513704
Cold,134964,873,872,1468,893,1,-0.0075693093
Cold,134019,869,868,1468,893,1,-0.008967748
Cold,407146,2446,2445,1468,893,1,0.00026321807
Cold,121442,781,780,1468,893,1,-0.003660081
Cold,119703,772,771,1468,893,1,0.00048427243
Cold,117348,757,756,1468,893,1,0.0006118133
Cold,103297,687,686,1468,893,0,-0.009353251
Cold,370890,2168,2167,1468,893,1,-0.0015435062
Cold,87629,575,574,1468,893,0,-0.005015146
Cold,80519,534,533,1468,893,0,-0.004454409
Cold,190414,1181,1180,1468,893,0,-0.013605641
Cold,101258,676,675,1468,893,0,-0.013619017
Cold,77196,524,523,1468,893,1,-0.010285125
Cold,119013,770,769,1468,893,0,-0.0117488
Cold,81468,543,542,1468,893,0,-0.0013463146
Cold,31859,216,215,1468,893,0,-0.0020966367
Cold,29076,199,198,1468,893,1,-0.0037139251
Cold,22370,163,162,1468,893,0,-0.0092494
Cold,49224,329,328,1468,893,0,0.0005693571
Cold,78267,528,527,1468,893,0,-0.0057235663
Cold,354704,2077,2076,1468,893,0,-0.006208353
Cold,954181,5761,5760,1468,893,0,-0.0049270354
Cold,326012,1930,1929,1468,893,0,-0.0064151306
Cold,362709,2116,2115,1468,893,1,-0.006526304
Cold,239687,1449,1448,1468,893,0,-0.008408222
Cold,618193,3746,3745,1468,893,1,-0.011112422
Cold,626507,3792,3791,1468,893,0,-0.011968644
Cold,329131,1943,1942,1468,893,1,-0.01533855
Cold,351403,2063,2062,1468,893,0,0.007853684
Cold,139117,890,889,1468,893,1,-0.0036196364
Cold,565389,3475,3474,1468,893,0,-0.006816864
Cold,497076,3054,3053,1468,893,0,-0.0009699834
Cold,344764,2023,2022,1468,893,0,-0.008524747
Cold,2512,20,19,1468,893,0,0.002259327
Cold,103942,691,690,1468,893,1,-0.0061179595
Cold,62580,424,423,1468,893,0,-0.0077273524
Cold,272652,1647,1646,1468,893,1,-0.0015560659
Cold,295534,1755,1754,1468,893,0,-0.008650249
Cold,96553,648,647,1468,893,0,0.0052073
Cold,477871,2934,2933,1474,894,0,-0.001723744
Cold,472333,2907,2906,1474,894,0,-0.004079138
Cold,473237,2909,2908,1474,894,0,-0.0037324247
Cold,450579,2777,2776,1474,894,0,0.0019605143
Cold,419630,2537,2536,1474,894,0,-0.0060917027
Cold,418459,2529,2528,1474,894,1,-0.0056148963
Cold,399413,2378,2377,1474,894,0,-0.0062851245
Cold,391934,2304,2303,1474,894,0,0.0008095796
Cold,424108,2571,2570,1474,894,1,-0.0043100007
Cold,373826,2181,2180,1474,894,0,0.004051967
Cold,368719,2156,2155,1474,894,0,-0.0011321758
Cold,366548,2136,2135,1474,894,0,-0.0048606964
Cold,361421,2109,2108,1474,894,0,0.0020126358
Cold,341419,2012,2011,1474,894,0,-0.007627558
Cold,340430,2010,2009,1474,894,0,-0.0071200468
Cold,350887,2060,2059,1474,894,0,-0.008270582
Cold,297313,1764,1763,1474,894,1,-0.003627184
Cold,281161,1687,1686,1474,894,1,0.001663781
Cold,269476,1634,1633,1474,894,0,-0.004790033
Cold,286212,1709,1708,1474,894,1,0.00064022245
Cold,360487,2106,2105,1474,894,0,-0.004387222
Cold,224019,1356,1355,1474,894,0,-0.005793147
Cold,212770,1297,1296,1474,894,0,0.0012156197
Cold,207719,1271,1270,1474,894,0,-0.01004543
Cold,213285,1298,1297,1474,894,1,-0.0035969764
Cold,278682,1680,1679,1474,894,0,-0.004706811
Cold,243709,1470,1469,1474,894,0,-0.01716452
Cold,261592,1599,1598,1474,894,1,-0.0056233024
Cold,236300,1434,1433,1474,894,0,-0.0016268205
Cold,327645,1941,1940,1474,894,0,-0.0017146172
Cold,193109,1193,1192,1474,894,0,-0.005184616
Cold,179423,1125,1124,1474,894,1,-0.006956568
Cold,198570,1220,1219,1474,894,0,-0.003610895
Cold,175329,1112,1111,1474,894,0,0.000908745
Cold,272031,1645,1644,1474,894,1,0.0004840651
Cold,342209,2015,2014,1474,894,0,-0.003016696
Cold,165428,1054,1053,1474,894,0,-0.006628475
Cold,144765,934,933,1474,894,0,-0.00096486567
Cold,156560,1010,1009,1474,894,0,-0.006612446
Cold,139120,890,889,1474,894,0,-0.003506954
Cold,133757,866,865,1474,894,0,-0.005650479
Cold,248664,1501,1500,1474,894,1,-0.0047423453
Cold,124169,800,799,1474,894,0,-0.003505262
Cold,239711,1449,1448,1474,894,0,-0.005974983
Cold,216368,1314,1313,1474,894,0,-0.0017158655
Cold,105871,699,698,1474,894,0,-0.006487439
Cold,109171,714,713,1474,894,1,0.0003613087
Cold,441922,2718,2717,1474,894,1,-0.0030027244
Cold,190443,1181,1180,1474,894,0,-0.0084809605
Cold,83897,550,549,1474,894,0,-0.0106059
Cold,299446,1778,1777,1474,894,0,0.0035453918
Cold,87042,569,568,1474,894,1,-0.0007586358
Cold,63823,426,425,1474,894,0,0.0015885278
Cold,46401,310,309,1474,894,1,-0.0054267696
Cold,44322,302,301,1474,894,0,-0.0068451418
Cold,41696,284,283,1474,894,0,-0.011020489
Cold,55520,368,367,1474,894,0,-0.0032037087
Cold,36309,245,244,1474,894,0,-0.0071055507
Cold,31883,216,215,1474,894,0,-0.0023055184
Cold,32862,223,222,1474,894,0,-0.0018367176
Cold,21126,155,154,1474,894,0,-0.00065118383
Cold,10468,75,74,1474,894,1,-0.005611355
Cold,6701,48,47,1474,894,0,-0.00056323316
Cold,142140,918,917,1474,894,0,-0.005222425
Cold,19264,148,147,1474,894,1,-0.0030294335
Cold,49243,329,328,1474,894,0,-0.0043507977
Cold,354714,2077,2076,1474,894,0,-0.0002792502
Cold,552102,3401,3400,1474,894,0,-0.0026266521
Cold,709692,4258,4257,1474,894,0,-0.0063313823
Cold,65185,438,437,1474,894,0,-0.0013347559
Cold,255436,1556,1555,1474,894,0,-0.0067451494
Cold,954185,5761,5760,1474,894,0,0.0028502878
Cold,27971,195,194,1474,894,0,8.061435e-05
Cold,326020,1930,1929,1474,894,0,0.000567039
Cold,966565,5831,5830,1474,894,0,-0.0033770385
Cold,362725,2116,2115,1474,894,1,-0.0049086343
Cold,873805,5276,5275,1474,894,0,-0.0023017086
Cold,716998,4294,4293,1474,894,0,0.000775293
Cold,456329,2810,2809,1474,894,0,-0.0021865498
Cold,300186,1780,1779,1474,894,0,0.00019519147
Cold,941302,5682,5681,1474,894,0,-0.0080447
Cold,295541,1755,1754,1474,894,0,-0.0037021486
Cold,484561,2985,2984,1474,894,0,-0.002410652
Cold,116777,753,752,1474,894,1,0.008141255
Cold,183069,1141,1140,1474,894,0,0.0025224816
Cold,346573,2031,2030,1474,894,0,-0.003029024
Cold,332483,1962,1961,1475,895,0,-0.00027605798
Cold,283895,1698,1697,1475,895,1,0.0006636034
Cold,82776,549,548,1475,895,0,-0.0035362607
Cold,81483,543,542,1475,895,1,0.0007682196
Cold,74599,509,508,1475,895,1,-0.005489314
Cold,155222,1001,1000,1475,895,0,0.006305676
Cold,288549,1724,1723,1475,895,1,0.0009149307
Cold,61188,412,411,1475,895,0,-0.0054873386
Cold,31885,216,215,1475,895,0,0.0100096855
Cold,27054,192,191,1475,895,0,0.0041946685
Cold,536846,3311,3310,1475,895,0,0.00022919266
Cold,22379,163,162,1475,895,0,-0.0016414754
Cold,76285,518,517,1475,895,0,0.002950395
Cold,240986,1451,1450,1475,895,0,0.0011686037
Cold,27973,195,194,1475,895,0,0.00054240937
Cold,351420,2063,2062,1475,895,1,0.005383457
Cold,795966,4771,4770,1475,895,1,0.0011842812
Cold,892814,5394,5393,1475,895,1,-0.005074393
Cold,287597,1717,1716,1475,895,0,-0.0014266879
Cold,689746,4126,4125,1475,895,0,0.0035039727
Cold,179424,1125,1124,1475,895,0,0.00035125227
Cold,882032,5329,5328,1482,899,1,0.0011531755
Cold,488103,3002,3001,1482,899,1,0.0015714739
Cold,214676,1303,1302,1482,899,0,0.0031004369
Cold,557564,3425,3424,1483,900,0,0.0019744374
Cold,578272,3533,3532,1483,900,0,0.005403112
Cold,575135,3519,3518,1483,900,0,-0.005186637
Cold,547325,3377,3376,1483,900,1,-0.0053759227
Cold,645107,3885,3884,1483,900,0,0.0018638652
Cold,549798,3391,3390,1483,900,0,-0.0038851136
Cold,534282,3299,3298,1483,900,1,0.014914864
Cold,522249,3224,3223,1483,900,0,0.0011831828
Cold,498422,3060,3059,1483,900,0,0.010122454
Cold,484844,2986,2985,1483,900,0,-0.0013192287
Cold,477072,2929,2928,1483,900,0,0.0011849343
Cold,474452,2911,2910,1483,900,0,-0.003952305
Cold,473261,2909,2908,1483,900,1,0.010293493
Cold,879787,5317,5316,1483,900,0,-0.0015060296
Cold,465546,2872,2871,1483,900,0,0.0074591017
Cold,458851,2825,2824,1483,900,1,-0.01099439
Cold,457688,2820,2819,1483,900,1,0.002322422
Cold,430004,2621,2620,1483,900,0,-0.005414787
Cold,391951,2304,2303,1483,900,0,0.0048294775
Cold,385168,2251,2250,1483,900,1,0.0058455504
Cold,375472,2188,2187,1483,900,0,-0.0018977281
Cold,358396,2098,2097,1483,900,0,0.00050825323
Cold,351439,2063,2062,1483,900,1,-0.004964643
Cold,371550,2172,2171,1483,900,0,-0.0022867555
Cold,359923,2105,2104,1483,900,0,0.005127563
Cold,301037,1788,1787,1483,900,1,-0.006291675
Cold,295953,1757,1756,1483,900,0,0.0006330963
Cold,310050,1845,1844,1483,900,0,0.0034415862
Cold,333262,1968,1967,1483,900,0,0.0044407505
Cold,301692,1793,1792,1483,900,0,0.004881138
Cold,283912,1698,1697,1483,900,1,-0.0010588188
Cold,278711,1680,1679,1483,900,1,0.0077050757
Cold,209986,1284,1283,1483,900,0,-0.0072703543
Cold,184933,1150,1149,1483,900,0,-0.0030973621
Cold,307225,1835,1834,1483,900,0,0.0059440318
Cold,179437,1125,1124,1483,900,0,0.0009519928
Cold,168245,1069,1068,1483,900,1,0.0069616926
Cold,190476,1181,1180,1483,900,1,0.0027800996
Cold,163665,1050,1049,1483,900,0,0.0063925735
Cold,226001,1369,1368,1483,900,0,0.0010401724
Cold,221123,1340,1339,1483,900,0,-0.0080711525
Cold,146331,941,940,1483,900,0,-0.003254836
Cold,136300,881,880,1483,900,0,-0.005355685
Cold,131744,854,853,1483,900,0,0.0037167883
Cold,115896,752,751,1483,900,0,-0.0009130023
Cold,114714,746,745,1483,900,0,-0.0014144344
Cold,100738,673,672,1483,900,1,0.0011844529
Cold,239725,1449,1448,1483,900,0,0.012720384
Cold,85741,559,558,1483,900,0,0.007049577
Cold,238628,1448,1447,1483,900,1,-0.00022574654
Cold,77228,524,523,1483,900,1,0.008309372
Cold,74614,509,508,1483,900,1,-0.0006587701
Cold,155230,1001,1000,1483,900,1,0.0035239938
Cold,343983,2020,2019,1483,900,0,0.01334231
Cold,47323,319,318,1483,900,0,0.009801159
Cold,695864,4169,4168,1483,900,0,0.0014513135
Cold,33387,225,224,1483,900,1,-0.0017253547
Cold,54399,355,354,1483,900,0,0.009824693
Cold,7588,53,52,1483,900,0,0.00026642263
Cold,632981,3824,3823,1483,900,0,0.0058811456
Cold,220644,1338,1337,1483,900,0,0.0048478236
Cold,481639,2962,2961,1483,900,0,-0.007533727
Cold,140621,904,903,1483,900,0,-0.0043327315
Cold,150430,970,969,1483,900,0,-0.0014336337
Cold,129201,839,838,1483,900,1,-0.0015397804
Cold,892825,5394,5393,1483,900,0,0.003894157
Cold,362743,2116,2115,1483,900,0,0.007144537
Cold,882034,5329,5328,1483,900,0,-0.00515868
Cold,556499,3420,3419,1483,900,0,0.00092225295
Cold,302007,1794,1793,1483,900,0,0.0029973732
Cold,599064,3648,3647,1483,900,1,-0.007151749
Cold,350893,2060,2059,1483,900,0,-0.0005059235
Cold,460556,2841,2840,1483,900,0,0.005811402
Cold,609567,3695,3694,1483,900,1,0.003169456
Cold,287603,1717,1716,1483,900,1,0.0066842223
Cold,289985,1733,1732,1483,900,1,0.011227749
Cold,171306,1088,1087,1483,900,0,-0.0014828967
Cold,324870,1925,1924,1483,900,0,-0.009740578
Cold,790306,4728,4727,1483,900,1,0.003787452
Cold,526658,3259,3258,1483,900,0,-0.0011721309
Cold,202932,1246,1245,1483,900,0,-0.00021736696
Cold,504010,3098,3097,1484,901,0,-0.0063713207
Cold,500627,3075,3074,1484,901,1,-0.016168252
Cold,490168,3017,3016,1484,901,1,0.0036267848
Cold,484026,2977,2976,1484,901,0,-0.0013930858
Cold,475059,2916,2915,1484,901,1,-0.0059273876
Cold,474611,2913,2912,1484,901,1,-0.01394144
Cold,465547,2872,2871,1484,901,1,-0.003603042
Cold,462330,2853,2852,1484,901,1,-0.0016996462
Cold,460199,2840,2839,1484,901,1,-0.0026855427
Cold,430929,2627,2626,1484,901,0,0.0017556688
Cold,400885,2389,2388,1484,901,0,-0.005930786
Cold,381932,2232,2231,1484,901,1,-0.001144514
Cold,379138,2215,2214,1484,901,1,0.0038108137
Cold,375473,2188,2187,1484,901,0,-0.001701513
Cold,334944,1976,1975,1484,901,1,-0.0103159845
Cold,281987,1692,1691,1484,901,1,-0.0068228967
Cold,274300,1658,1657,1484,901,1,-0.004850017
Cold,265559,1613,1612,1484,901,1,-0.007862955
Cold,276066,1671,1670,1484,901,1,-7.4077398e-06
Cold,210627,1285,1284,1484,901,0,-0.005263283
Cold,208229,1273,1272,1484,901,1,-0.010045087
Cold,201378,1242,1241,1484,901,1,-0.024363438
Cold,246805,1491,1490,1484,901,1,-0.009574027
Cold,353418,2071,2070,1484,901,1,-0.0065188413
Cold,219462,1331,1330,1484,901,1,-0.0068349754
Cold,330648,1952,1951,1484,901,1,-0.011198405
Cold,157818,1015,1014,1484,901,1,-0.002093234
Cold,149490,963,962,1484,901,0,-0.0067282496
Cold,144500,931,930,1484,901,1,0.0038948092
Cold,184936,1150,1149,1484,901,0,-0.011859265
Cold,137847,889,888,1484,901,0,-0.014764243
Cold,263032,1605,1604,1484,901,0,-0.008686721
Cold,111262,724,723,1484,901,0,-0.011204429
Cold,101633,677,676,1484,901,1,-0.004231342
Cold,712758,4277,4276,1484,901,0,-0.00575892
Cold,631367,3821,3820,1484,901,0,-0.008939289
Cold,283914,1698,1697,1484,901,1,-0.015237719
Cold,360505,2106,2105,1484,901,0,-0.0021804224
Cold,67703,454,453,1484,901,1,-0.0056320326
Cold,60098,409,408,1484,901,1,-0.004263299
Cold,74615,509,508,1484,901,0,-0.0040022866
Cold,58312,393,392,1484,901,1,0.000499147
Cold,55927,371,370,1484,901,0,-0.0115123475
Cold,53568,352,351,1484,901,1,-0.0012786495
Cold,132285,855,854,1484,901,1,-0.0040994147
Cold,49260,329,328,1484,901,0,0.00071118306
Cold,33388,225,224,1484,901,1,-0.009260163
Cold,199807,1227,1226,1484,901,1,-0.0014294301
Cold,32608,220,219,1484,901,1,-0.005264369
Cold,153616,987,986,1484,901,1,-0.0013031267
Cold,65935,442,441,1484,901,1,0.00042003626
Cold,351440,2063,2062,1484,901,0,-0.010277687
Cold,416389,2507,2506,1484,901,1,-0.010842953
Cold,986588,5956,5955,1484,901,1,0.0018945218
Cold,548668,3387,3386,1484,901,1,0.008536918
Cold,289986,1733,1732,1484,901,0,-0.00047099858
Cold,882817,5333,5332,1484,901,0,0.0093970215
Cold,530450,3277,3276,1484,901,1,-0.011621563
Cold,187502,1164,1163,1484,901,1,-0.015058385
Cold,371551,2172,2171,1484,901,0,-0.009149827
Cold,459569,2832,2831,1484,901,1,-0.007660418
Cold,739348,4418,4417,1484,901,1,-0.0019234522
Cold,346580,2031,2030,1484,901,1,-0.0049769343
Cold,974220,5878,5877,1484,901,0,-0.017359346
Cold,726356,4345,4344,1487,903,0,-0.0046725
Cold,593429,3618,3617,1487,903,1,-0.0013018677
Cold,588995,3592,3591,1487,903,1,-6.0249586e-05
Cold,570189,3499,3498,1487,903,0,-0.0064269407
Cold,575138,3519,3518,1487,903,1,-0.013513619
Cold,576894,3526,3525,1487,903,0,-0.0036536902
Cold,540935,3328,3327,1487,903,1,0.0020581766
Cold,535794,3308,3307,1487,903,0,0.0022716904
Cold,525551,3246,3245,1487,903,0,0.004910285
Cold,519921,3208,3207,1487,903,0,-0.0021718948
Cold,562421,3462,3461,1487,903,0,0.0035849975
Cold,515316,3182,3181,1487,903,0,-0.00025528204
Cold,659053,3971,3970,1487,903,0,-0.0049877297
Cold,493831,3032,3031,1487,903,1,0.002747396
Cold,477883,2934,2933,1487,903,1,0.007465268
Cold,472357,2907,2906,1487,903,0,0.003895191
Cold,456342,2810,2809,1487,903,1,-0.0042389305
Cold,453522,2793,2792,1487,903,1,-0.005033482
Cold,442353,2724,2723,1487,903,0,0.0037133126
Cold,422600,2560,2559,1487,903,1,0.0029689362
Cold,407678,2450,2449,1487,903,0,0.0018943803
Cold,397581,2355,2354,1487,903,0,0.0043271985
Cold,393058,2309,2308,1487,903,1,0.004280518
Cold,381546,2231,2230,1487,903,0,0.004313181
Cold,368725,2156,2155,1487,903,0,-0.0009709515
Cold,356995,2091,2090,1487,903,0,0.0036483482
Cold,350894,2060,2059,1487,903,0,0.00083833374
Cold,337968,1988,1987,1487,903,0,-0.0015942608
Cold,340450,2010,2009,1487,903,0,-0.008253285
Cold,313555,1871,1870,1487,903,0,-0.0002587752
Cold,295548,1755,1754,1487,903,0,0.0035994623
Cold,267483,1626,1625,1487,903,0,0.00013481302
Cold,283446,1697,1696,1487,903,1,-0.0066807754
Cold,332493,1962,1961,1487,903,0,-0.008584416
Cold,242632,1465,1464,1487,903,0,-0.010694106
Cold,225882,1368,1367,1487,903,0,0.0012706907
Cold,224841,1359,1358,1487,903,1,-0.003965377
Cold,306329,1825,1824,1487,903,0,-0.008133199
Cold,272680,1647,1646,1487,903,1,-0.008397336
Cold,252798,1532,1531,1487,903,1,0.0021023832
Cold,591768,3610,3609,1487,903,0,-0.008619821
Cold,278718,1680,1679,1487,903,0,0.0025477102
Cold,213297,1298,1297,1487,903,1,0.0019790807
Cold,342224,2015,2014,1487,903,0,-0.0048086406
Cold,189251,1173,1172,1487,903,1,0.0026733303
Cold,186832,1158,1157,1487,903,0,0.003864814
Cold,184941,1150,1149,1487,903,0,0.00052920205
Cold,196332,1207,1206,1487,903,0,0.0035255407
Cold,331344,1958,1957,1487,903,1,-0.0025535282
Cold,188165,1168,1167,1487,903,0,-0.008508344
Cold,170089,1082,1081,1487,903,1,-0.0067343195
Cold,169760,1078,1077,1487,903,0,-0.0018780059
Cold,157824,1015,1014,1487,903,1,-0.003289541
Cold,323667,1920,1919,1487,903,0,-0.006494645
Cold,221128,1340,1339,1487,903,0,-0.005911502
Cold,156579,1010,1009,1487,903,0,-0.0022173966
Cold,137856,889,888,1487,903,0,-0.0028538196
Cold,263035,1605,1604,1487,903,0,0.00512077
Cold,115899,752,751,1487,903,0,-0.0073227575
Cold,111823,728,727,1487,903,1,0.00041272328
Cold,110296,720,719,1487,903,0,-0.004922841
Cold,216371,1314,1313,1487,903,1,-0.0027370683
Cold,117375,757,756,1487,903,0,0.0026431067
Cold,121004,780,779,1487,903,0,-0.0041038864
Cold,110607,721,720,1487,903,1,-0.007046474
Cold,695872,4169,4168,1487,903,1,-0.0010807466
Cold,90559,601,600,1487,903,0,-0.00820815
Cold,319171,1897,1896,1487,903,0,-0.0014803219
Cold,71804,482,481,1487,903,0,-0.0059095034
Cold,288555,1724,1723,1487,903,1,-0.0064634583
Cold,46410,310,309,1487,903,0,-0.004696045
Cold,238631,1448,1447,1487,903,0,0.0075271493
Cold,40857,274,273,1487,903,0,-0.0068580257
Cold,39501,268,267,1487,903,1,-0.0027430868
Cold,55531,368,367,1487,903,0,-0.010082984
Cold,36879,247,246,1487,903,0,0.000577349
Cold,29099,199,198,1487,903,0,-0.00443679
Cold,365151,2125,2124,1487,903,1,0.005952432
Cold,26317,187,186,1487,903,0,-0.0051967753
Cold,7591,53,52,1487,903,1,0.008692373
Cold,1629,15,14,1487,903,1,-0.0048528947
Cold,79150,531,530,1487,903,0,0.00365688
Cold,863834,5205,5204,1487,903,0,-0.0055847373
Cold,354727,2077,2076,1487,903,0,0.0023381144
Cold,139128,890,889,1487,903,1,0.00241146
Cold,530834,3280,3279,1487,903,0,0.0032180506
Cold,682207,4085,4084,1487,903,1,-0.0019137736
Cold,218794,1327,1326,1487,903,1,-0.011261073
Cold,680525,4079,4078,1487,903,1,-0.00092025567
Cold,161277,1029,1028,1487,903,0,0.0017425229
Cold,11574,90,89,1487,903,1,0.00095564115
Cold,923866,5580,5579,1487,903,1,-0.0070995186
Cold,179439,1125,1124,1487,903,0,-9.030872e-05
Cold,689755,4126,4125,1487,903,0,-0.0027649158
Cold,717001,4294,4293,1487,903,1,0.008766011
Cold,285161,1701,1700,1487,903,1,-0.004984701
Cold,171314,1088,1087,1487,903,0,-0.0054350113
Cold,52090,343,342,1487,903,1,-0.009253627
Cold,62622,424,423,1487,903,0,-0.0038408032
Cold,193462,1194,1193,1487,903,0,0.0012029456
Cold,300205,1780,1779,1487,903,0,-0.0029019746
Cold,974223,5878,5877,1487,903,0,-0.0006539356
Cold,508042,3127,3126,1498,905,0,-0.003514675
Cold,738069,4411,4410,1498,905,0,0.00044439663
Cold,503593,3095,3094,1498,905,1,0.0035236934
Cold,502037,3082,3081,1498,905,0,-0.003584566
Cold,499178,3067,3066,1498,905,1,-0.0012044378
Cold,646557,3892,3891,1498,905,0,0.011217067
Cold,450608,2777,2776,1498,905,1,0.010444842
Cold,450174,2776,2775,1498,905,1,-0.0021768957
Cold,444530,2743,2742,1498,905,1,0.001749496
Cold,443720,2737,2736,1498,905,0,-0.003911428
Cold,419242,2533,2532,1498,905,0,0.008779917
Cold,425215,2581,2580,1498,905,0,-0.0041183596
Cold,408027,2453,2452,1498,905,1,7.0790993e-06
Cold,402185,2402,2401,1498,905,0,0.0045346087
Cold,398956,2376,2375,1498,905,0,-0.0062690703
Cold,397312,2353,2352,1498,905,0,0.00084546226
Cold,392768,2306,2305,1498,905,1,0.0037751074
Cold,358797,2100,2099,1498,905,1,0.004085811
Cold,295555,1755,1754,1498,905,1,-0.0011795899
Cold,259329,1587,1586,1498,905,1,-0.0036379804
Cold,332502,1962,1961,1498,905,0,0.0064943936
Cold,203841,1254,1253,1498,905,1,-0.0017530846
Cold,209997,1284,1283,1498,905,1,-0.0008410013
Cold,278738,1680,1679,1498,905,0,0.011766602
Cold,196014,1205,1204,1498,905,0,-0.011765586
Cold,307235,1835,1834,1498,905,0,0.003161746
Cold,179447,1125,1124,1498,905,0,-0.0046269507
Cold,173057,1097,1096,1498,905,0,0.006566767
Cold,331357,1958,1957,1498,905,0,-0.005811995
Cold,172599,1094,1093,1498,905,1,-0.0090217255
Cold,167276,1065,1064,1498,905,0,-0.0012493714
Cold,263049,1605,1604,1498,905,0,0.004969026
Cold,360522,2106,2105,1498,905,1,-0.001722457
Cold,223341,1354,1353,1498,905,1,-0.0015545827
Cold,187511,1164,1163,1498,905,0,-0.0014677641
Cold,631385,3821,3820,1498,905,0,-0.00042340835
Cold,103315,687,686,1498,905,0,0.0054615983
Cold,89536,590,589,1498,905,1,0.0004550987
Cold,87194,570,569,1498,905,0,0.003741348
Cold,85519,558,557,1498,905,0,-0.005131269
Cold,238647,1448,1447,1498,905,1,0.0029316926
Cold,64461,430,429,1498,905,0,-0.0009065545
Cold,61213,412,411,1498,905,1,0.005067216
Cold,74625,509,508,1498,905,1,-0.0063512325
Cold,48483,326,325,1498,905,0,0.0039090035
Cold,38233,261,260,1498,905,1,-0.0031201306
Cold,180738,1130,1129,1498,905,0,0.0005840983
Cold,228049,1383,1382,1498,905,0,0.0010124655
Cold,29113,199,198,1498,905,1,-0.006045894
Cold,22424,163,162,1498,905,0,-0.00736184
Cold,7610,53,52,1498,905,1,-0.004338079
Cold,3652,26,25,1498,905,0,0.0017597415
Cold,1298,11,10,1498,905,0,0.0039125658
Cold,79164,531,530,1498,905,0,0.0108414665
Cold,157847,1015,1014,1498,905,0,3.301585e-05
Cold,695903,4169,4168,1498,905,0,0.0003841014
Cold,545237,3363,3362,1498,905,0,0.00181894
Cold,484287,2980,2979,1498,905,0,-0.0009591661
Cold,264948,1611,1610,1498,905,1,0.0049953624
Cold,439353,2684,2683,1498,905,0,0.0032511854
Cold,171335,1088,1087,1498,905,0,0.0005005354
Cold,673149,4042,4041,1498,905,1,-0.009445465
Cold,497567,3055,3054,1498,905,1,-0.0026019153
Cold,476244,2926,2925,1498,905,0,-0.004345469
Cold,285172,1701,1700,1498,905,0,0.0021928947
Cold,136314,881,880,1498,905,0,0.010684518
Cold,575144,3519,3518,1498,905,0,-0.0069324286
Cold,229553,1390,1389,1498,905,1,0.0014990302
Cold,833303,5011,5010,1498,905,1,-0.005110753
Cold,193473,1194,1193,1498,905,0,0.0045884605
Cold,974233,5878,5877,1498,905,1,0.007589232
Cold,639143,3842,3841,1503,908,0,0.0050811106
Cold,516207,3188,3187,1503,908,0,0.010358058
Cold,515507,3182,3181,1503,908,0,-0.004854387
Cold,508653,3129,3128,1503,908,0,0.009517664
Cold,507243,3121,3120,1503,908,0,0.00615868
Cold,554826,3412,3411,1503,908,0,0.00872982
Cold,797619,4784,4783,1503,908,1,0.0034742663
Cold,494190,3032,3031,1503,908,0,0.0027271977
Cold,492078,3026,3025,1503,908,1,-0.0072778263
Cold,488687,3007,3006,1503,908,0,-0.0062371283
Cold,483954,2976,2975,1503,908,0,-0.002740597
Cold,472610,2907,2906,1503,908,0,0.001424293
Cold,467769,2883,2882,1503,908,0,0.003819156
Cold,430088,2621,2620,1503,908,0,0.0069039618
Cold,419795,2537,2536,1503,908,0,0.005965929
Cold,414612,2496,2495,1503,908,0,0.0058167274
Cold,399514,2378,2377,1503,908,0,0.006265758
Cold,393735,2318,2317,1503,908,0,-0.005846003
Cold,393462,2315,2314,1503,908,0,-0.0019599844
Cold,379366,2217,2216,1503,908,1,0.003104512
Cold,370498,2166,2165,1503,908,0,0.011790653
Cold,355975,2085,2084,1503,908,0,-0.000315606
Cold,351903,2063,2062,1503,908,0,-0.004878536
Cold,361671,2109,2108,1503,908,1,0.009320463
Cold,341617,2012,2011,1503,908,0,0.0020457357
Cold,340674,2010,2009,1503,908,0,-0.005170438
Cold,293413,1747,1746,1503,908,0,0.0018500775
Cold,281290,1687,1686,1503,908,0,0.009063544
Cold,247723,1496,1495,1503,908,0,0.017730799
Cold,236392,1434,1433,1503,908,0,0.00021768478
Cold,232340,1410,1409,1503,908,0,0.004814964
Cold,227165,1377,1376,1503,908,0,-0.0007042608
Cold,223565,1354,1353,1503,908,0,0.0078759305
Cold,296817,1759,1758,1503,908,1,0.0008918876
Cold,204945,1261,1260,1503,908,1,0.0035470529
Cold,279336,1680,1679,1503,908,0,0.004002194
Cold,244002,1470,1469,1503,908,1,0.009158061
Cold,198824,1221,1220,1503,908,1,-0.004804712
Cold,196539,1207,1206,1503,908,0,0.008431758
Cold,277730,1676,1675,1503,908,0,0.018973127
Cold,183234,1141,1140,1503,908,0,0.009805477
Cold,177364,1118,1117,1503,908,0,0.0013443913
Cold,173690,1100,1099,1503,908,0,-0.0043388703
Cold,172891,1096,1095,1503,908,0,-0.00075748865
Cold,328186,1941,1940,1503,908,0,0.010888219
Cold,136619,881,880,1503,908,0,0.010195738
Cold,117518,757,756,1503,908,0,0.0024608623
Cold,119285,770,769,1503,908,0,0.0015269758
Cold,112499,731,730,1503,908,0,0.0018975621
Cold,97059,651,650,1503,908,0,0.006371329
Cold,86660,566,565,1503,908,0,-0.002611817
Cold,190993,1181,1180,1503,908,0,-0.00370816
Cold,76160,517,516,1503,908,0,0.0025426177
Cold,72690,488,487,1503,908,0,0.009813558
Cold,81706,543,542,1503,908,0,0.007155669
Cold,238987,1448,1447,1503,908,0,0.009744678
Cold,72083,482,481,1503,908,0,0.005657522
Cold,65380,438,437,1503,908,0,0.006470623
Cold,57875,392,391,1503,908,0,0.0040254737
Cold,378382,2208,2207,1503,908,0,-0.007531152
Cold,44205,302,301,1503,908,0,0.005080355
Cold,41642,284,283,1503,908,0,0.0063788723
Cold,537960,3312,3311,1503,908,0,0.0053986404
Cold,31755,216,215,1503,908,0,0.00667958
Cold,291435,1737,1736,1503,908,0,-0.0064986944
Cold,360817,2106,2105,1503,908,0,-0.009217182
Cold,237958,1447,1446,1503,908,0,0.008873034
Cold,371014,2168,2167,1503,908,1,0.005603711
Cold,860108,5172,5171,1503,908,0,0.0037091717
Cold,360100,2105,2104,1503,908,0,0.005059129
Cold,333876,1969,1968,1503,908,0,0.0010657343
Cold,106090,699,698,1503,908,0,0.0009886399
Cold,35023,237,236,1503,908,0,0.0032398566
Cold,602469,3665,3664,1503,908,0,0.005608183
Cold,27862,195,194,1503,908,0,0.0012965738
Cold,116254,752,751,1503,908,0,0.010558988
Cold,195486,1203,1202,1503,908,0,0.003565793
Cold,134317,869,868,1503,908,0,0.0052905064
Cold,251162,1516,1515,1503,908,0,0.00472196
Cold,501327,3080,3079,1503,908,0,0.008681774
Cold,193682,1194,1193,1503,908,0,0.0035980623
Cold,174176,1101,1100,1503,908,0,0.0074045234
Cold,886909,5359,5358,1503,908,1,-0.0024740093
Cold,346641,2031,2030,1503,908,0,0.004006598
Cold,58660,398,397,1503,908,0,-0.0019311402
Cold,758634,4510,4509,1515,910,0,0.008798566
Cold,579408,3539,3538,1515,910,1,-0.0030404036
Cold,569266,3491,3490,1515,910,0,-0.0005799311
Cold,560630,3447,3446,1515,910,0,-0.0024945498
Cold,557732,3425,3424,1515,910,0,-0.012119915
Cold,555818,3416,3415,1515,910,1,0.0013039111
Cold,771757,4600,4599,1515,910,0,-0.003099331
Cold,645317,3885,3884,1515,910,1,0.0055520795
Cold,550219,3391,3390,1515,910,0,0.0069892267
Cold,542256,3336,3335,1515,910,0,0.0030663838
Cold,873960,5277,5276,1515,910,0,0.00662754
Cold,520045,3208,3207,1515,910,0,0.007229791
Cold,537205,3311,3310,1515,910,0,0.00029556733
Cold,516979,3191,3190,1515,910,0,0.0014352016
Cold,562623,3462,3461,1515,910,0,0.000916624
Cold,512898,3163,3162,1515,910,0,0.00085624633
Cold,522627,3224,3223,1515,910,0,0.0035378244
Cold,499484,3067,3066,1515,910,0,0.004902811
Cold,494209,3032,3031,1515,910,1,-0.00060657784
Cold,491487,3023,3022,1515,910,0,0.0067555737
Cold,487915,3001,3000,1515,910,0,0.0070005152
Cold,529762,3272,3271,1515,910,1,-0.0017265058
Cold,480161,2946,2945,1515,910,0,-0.0050102444
Cold,478641,2937,2936,1515,910,0,-0.00083593756
Cold,472627,2907,2906,1515,910,1,0.0061483337
Cold,473710,2909,2908,1515,910,1,0.001882006
Cold,470416,2896,2895,1515,910,1,-0.0020787944
Cold,463352,2857,2856,1515,910,1,-0.0012171748
Cold,453799,2793,2792,1515,910,0,-0.00020030933
Cold,450916,2777,2776,1515,910,1,-0.00010581897
Cold,444681,2743,2742,1515,910,0,-0.0024135704
Cold,442754,2728,2727,1515,910,0,0.0009874038
Cold,564459,3471,3470,1515,910,0,0.002270174
Cold,430094,2621,2620,1515,910,0,-0.0048040794
Cold,429167,2611,2610,1515,910,0,0.0015545471
Cold,422973,2564,2563,1515,910,0,-0.0072465176
Cold,403235,2408,2407,1515,910,0,0.0010109483
Cold,390024,2288,2287,1515,910,0,-0.00058227894
Cold,387304,2264,2263,1515,910,0,0.0022533336
Cold,358528,2098,2097,1515,910,0,-0.0046707042
Cold,324451,1922,1921,1515,910,0,-0.0076357042
Cold,315305,1880,1879,1515,910,0,0.0005081157
Cold,296086,1757,1756,1515,910,0,-0.0023162758
Cold,265816,1613,1612,1515,910,0,-0.0021794892
Cold,321312,1904,1903,1515,910,0,0.0015542198
Cold,301779,1793,1792,1515,910,0,0.001707927
Cold,337474,1984,1983,1515,910,0,0.0018876023
Cold,312353,1861,1860,1515,910,0,0.003252135
Cold,209886,1283,1282,1515,910,0,0.0017530547
Cold,277746,1676,1675,1515,910,0,0.0028590464
Cold,205853,1264,1263,1515,910,0,0.0041314145
Cold,244015,1470,1469,1515,910,0,-0.0071195196
Cold,279368,1680,1679,1515,910,0,0.0020669203
Cold,213496,1298,1297,1515,910,1,0.0034443508
Cold,328215,1941,1940,1515,910,0,-0.0014721039
Cold,307483,1835,1834,1515,910,0,0.0063203406
Cold,179140,1124,1123,1515,910,0,-0.0015648642
Cold,172896,1096,1095,1515,910,0,0.001876201
Cold,170108,1082,1081,1515,910,0,0.0015647569
Cold,168487,1069,1068,1515,910,0,0.0040590917
Cold,355446,2079,2078,1515,910,0,0.0015020773
Cold,156242,1006,1005,1515,910,0,-0.003837123
Cold,255540,1556,1555,1515,910,0,0.0011224711
Cold,153088,984,983,1515,910,0,0.00037977286
Cold,221389,1340,1339,1515,910,0,-0.0036859184
Cold,249259,1502,1501,1515,910,0,0.003289348
Cold,156932,1010,1009,1515,910,0,-0.0045893723
Cold,380313,2223,2222,1515,910,0,-0.0058526606
Cold,135661,877,876,1515,910,0,-0.0013639075
Cold,154885,999,998,1515,910,0,-0.0029970857
Cold,351934,2063,2062,1515,910,0,0.004812042
Cold,360842,2106,2105,1515,910,0,0.0017947187
Cold,116271,752,751,1515,910,0,0.0030042916
Cold,120442,777,776,1515,910,0,0.0024976337
Cold,106101,699,698,1515,910,0,0.0034214603
Cold,108020,710,709,1515,910,0,0.0031855735
Cold,179626,1125,1124,1515,910,0,-0.004834977
Cold,101402,676,675,1515,910,0,-0.0022407803
Cold,95462,639,638,1515,910,0,-0.0025520087
Cold,284232,1698,1697,1515,910,0,0.0005257288
Cold,363086,2116,2115,1515,910,1,-0.00047127064
Cold,299660,1778,1777,1515,910,0,0.006937286
Cold,291448,1737,1736,1515,910,1,-0.0020143888
Cold,191019,1181,1180,1515,910,0,-0.010509945
Cold,234148,1422,1421,1515,910,0,-0.0026422741
Cold,77585,524,523,1515,910,0,-0.00021227286
Cold,80233,533,532,1515,910,0,0.002182957
Cold,59695,406,405,1515,910,0,0.0048712054
Cold,47878,321,320,1515,910,1,0.0035372595
Cold,49167,329,328,1515,910,0,0.0006146466
Cold,44232,302,301,1515,910,0,-0.0012822293
Cold,696392,4169,4168,1515,910,0,0.0022695698
Cold,39462,268,267,1515,910,0,0.0045314417
Cold,55486,368,367,1515,910,0,-0.002637787
Cold,98861,660,659,1515,910,0,-0.0019912096
Cold,52044,343,342,1515,910,1,-0.004322529
Cold,31327,212,211,1515,910,1,0.0032896022
Cold,29043,199,198,1515,910,0,-0.0025044982
Cold,235014,1425,1424,1515,910,0,0.002886795
Cold,22987,166,165,1515,910,0,0.0028389348
Cold,27890,195,194,1515,910,0,-0.0018801815
Cold,13387,105,104,1515,910,0,-0.0055143367
Cold,30381,204,203,1515,910,0,-4.1617313e-05
Cold,104363,692,691,1515,910,0,-0.0017638581
Cold,254394,1546,1545,1515,910,0,-0.0040301913
Cold,626822,3792,3791,1515,910,1,-0.0039076707
Cold,78496,528,527,1515,910,0,-0.0033735225
Cold,354962,2077,2076,1515,910,0,-0.002908145
Cold,552394,3401,3400,1515,910,0,0.00043939287
Cold,150620,970,969,1515,910,0,0.013967346
Cold,237972,1447,1446,1515,910,0,0.0009619541
Cold,572191,3507,3506,1515,910,0,-0.0010106934
Cold,265127,1611,1610,1515,910,0,0.0024983846
Cold,144950,934,933,1515,910,0,-0.0074300356
Cold,79452,531,530,1515,910,0,0.00083379704
Cold,331661,1958,1957,1515,910,1,-0.009522763
Cold,907654,5492,5491,1515,910,0,0.0062467884
Cold,171715,1088,1087,1515,910,0,-0.0067576095
Cold,941429,5682,5681,1515,910,0,-0.007830065
Cold,272992,1647,1646,1515,910,0,0.0077089276
Cold,489232,3012,3011,1515,910,0,-0.0031593244
Cold,248865,1501,1500,1526,913,0,0.011823158
Cold,351957,2063,2062,1526,913,0,-0.0010151237
Cold,332699,1962,1961,1526,913,0,0.0041483273
Cold,160158,1019,1018,1526,913,0,0.0012085193
Cold,120454,777,776,1526,913,0,0.0023664427
Cold,112522,731,730,1526,913,0,0.0075369664
Cold,106109,699,698,1526,913,0,-0.0049943887
Cold,109325,714,713,1526,913,1,0.008759715
Cold,86682,566,565,1526,913,0,-0.0010585631
Cold,84253,550,549,1526,913,0,0.00014323974
Cold,81735,543,542,1526,913,1,0.019616626
Cold,240166,1449,1448,1526,913,0,0.0020259034
Cold,47250,319,318,1526,913,0,-0.0021475945
Cold,696412,4169,4168,1526,913,0,-0.00020205998
Cold,39469,268,267,1526,913,0,0.016669009
Cold,31818,216,215,1526,913,1,-0.0077424794
Cold,6651,48,47,1526,913,0,0.0007461158
Cold,79462,531,530,1526,913,0,0.012605356
Cold,354976,2077,2076,1526,913,0,-0.01098535
Cold,984045,5948,5947,1526,913,1,-0.0067830146
Cold,626839,3792,3791,1526,913,0,-0.0014314776
Cold,363104,2116,2115,1526,913,0,0.0013453099
Cold,333897,1969,1968,1526,913,0,0.011458685
Cold,331679,1958,1957,1526,913,0,-0.0018218416
Cold,489653,3013,3012,1526,913,0,-0.0008027931
Cold,257722,1579,1578,1526,913,0,-0.0037816023
Cold,342549,2015,2014,1526,913,0,0.0059482297
Cold,550247,3391,3390,1526,913,0,0.011731839
Cold,229923,1391,1390,1535,915,0,0.013541097
Cold,338190,1988,1987,1535,915,0,-0.002804821
Cold,330979,1954,1953,1535,915,1,0.006305012
Cold,181006,1131,1130,1535,915,1,0.00819473
Cold,200538,1231,1230,1535,915,1,-0.0042451136
Cold,263411,1605,1604,1535,915,1,0.0028724705
Cold,168505,1069,1068,1535,915,0,0.00582325
Cold,141920,914,913,1535,915,1,0.0074316645
Cold,139420,891,890,1535,915,0,0.0047418475
Cold,138422,889,888,1535,915,0,0.00645485
Cold,223599,1354,1353,1535,915,0,0.00064923894
Cold,305260,1813,1812,1535,915,1,0.001488881
Cold,112529,731,730,1535,915,0,0.012822746
Cold,778894,4653,4652,1535,915,1,-0.0006553852
Cold,107342,706,705,1535,915,1,-0.01050522
Cold,100881,673,672,1535,915,0,0.0028499141
Cold,90696,601,600,1535,915,0,-0.0003678638
Cold,89296,588,587,1535,915,1,-0.0057898313
Cold,228334,1383,1382,1535,915,0,0.0018870246
Cold,80551,534,533,1535,915,0,7.6388125e-05
Cold,239032,1448,1447,1535,915,1,0.00583063
Cold,155374,1001,1000,1535,915,1,-0.00013257284
Cold,47279,319,318,1535,915,0,0.0061838706
Cold,49216,329,328,1535,915,0,0.0061277747
Cold,199863,1227,1226,1535,915,1,0.005256549
Cold,26286,187,186,1535,915,1,0.0009566271
Cold,21459,157,156,1535,915,0,0.0077785966
Cold,3226,24,23,1535,915,1,0.003969663
Cold,20361,150,149,1535,915,0,0.009272247
Cold,260,5,4,1535,915,1,0.0016437877
Cold,49974,331,330,1535,915,1,0.0027328348
Cold,754412,4496,4495,1535,915,1,0.004585008
Cold,523898,3229,3228,1535,915,1,0.0061325985
Cold,785782,4697,4696,1535,915,1,-0.0021311366
Cold,467366,2880,2879,1535,915,0,0.0071316613
Cold,102351,678,677,1535,915,1,0.0038427366
Cold,421056,2544,2543,1535,915,1,0.008329559
Cold,454635,2796,2795,1535,915,0,-0.0047834977
Cold,580945,3547,3546,1535,915,0,0.008677156
Cold,384495,2246,2245,1535,915,1,0.0037585094
Cold,689889,4126,4125,1535,915,0,0.007463335
Cold,825582,4958,4957,1535,915,1,0.005645382
Cold,550261,3391,3390,1535,915,1,0.004627639
Cold,16937,133,132,1545,920,1,0.008330444
Cold,4078,30,29,1545,920,0,0.002795653
Cold,867248,5233,5232,1545,920,1,0.019719847
Cold,76386,518,517,1545,920,1,0.020151481
Cold,206954,1266,1265,1545,920,1,0.012704655
Cold,28,1,0,1545,920,1,-0.00019853655
Cold,23564,169,168,1545,920,0,0.0038815322
Cold,964106,5812,5811,1545,920,0,0.011815674
Cold,66091,442,441,1545,920,1,0.015371362
Cold,523901,3229,3228,1545,920,1,0.0058102906
Cold,209491,1279,1278,1545,920,0,0.0054187644
Cold,501352,3080,3079,1545,920,0,0.007017306
Cold,974373,5878,5877,1545,920,1,0.0055625075
Cold,110890,721,720,1550,921,0,0.0022786763
Cold,44330,302,301,1550,921,0,-0.007869713
Cold,29093,199,198,1550,921,1,0.00729084
Cold,801436,4802,4801,1550,921,0,-0.002794966
Cold,234177,1422,1421,1550,921,0,-0.0026935912
Cold,354998,2077,2076,1550,921,0,0.003559665
Cold,238014,1447,1446,1550,921,0,0.00029863324
Cold,371031,2168,2167,1550,921,0,-0.0040077087
Cold,164653,1051,1050,1550,921,1,0.0014963379
Cold,893011,5394,5393,1550,921,0,-0.00028013135
Cold,193730,1194,1193,1550,921,0,-0.011546993
Cold,738192,4411,4410,1554,923,1,0.00910351
Cold,503261,3091,3090,1554,923,0,0.0007335176
Cold,575421,3519,3518,1554,923,1,0.004792963
Cold,550280,3391,3390,1554,923,1,0.004816316
Cold,799274,4790,4789,1554,923,0,-0.001601594
Cold,902822,5458,5457,1554,923,0,0.0030738453
Cold,485128,2986,2985,1554,923,0,0.0076400163
Cold,476819,2928,2927,1554,923,1,0.016815752
Cold,696457,4169,4168,1554,923,0,0.013357928
Cold,879912,5317,5316,1554,923,0,0.001354483
Cold,523904,3229,3228,1554,923,1,0.0048822444
Cold,444098,2738,2737,1554,923,0,0.010844241
Cold,437981,2676,2675,1554,923,1,0.0072693634
Cold,411873,2476,2475,1554,923,0,-0.0007085638
Cold,406595,2439,2438,1554,923,0,-0.001572663
Cold,354163,2073,2072,1554,923,1,0.018435882
Cold,318676,1894,1893,1554,923,1,-0.00090903137
Cold,327214,1939,1938,1554,923,1,0.011538165
Cold,323211,1916,1915,1554,923,0,0.014973193
Cold,299346,1777,1776,1554,923,0,0.022082178
Cold,290311,1733,1732,1554,923,0,0.008035833
Cold,282047,1692,1691,1554,923,1,0.012128893
Cold,292391,1741,1740,1554,923,1,0.0070732734
Cold,262271,1600,1599,1554,923,0,0.011628025
Cold,241699,1455,1454,1554,923,1,0.0036549605
Cold,237194,1442,1441,1554,923,1,0.00551485
Cold,226769,1375,1374,1554,923,1,0.0006944266
Cold,225102,1361,1360,1554,923,0,0.0059842123
Cold,212103,1291,1290,1554,923,0,0.017788071
Cold,203883,1254,1253,1554,923,1,0.0055537866
Cold,308093,1836,1835,1554,923,0,0.0109038465
Cold,211071,1285,1284,1554,923,0,0.004911837
Cold,214932,1303,1302,1554,923,1,0.015065234
Cold,279463,1680,1679,1554,923,1,0.007975625
Cold,202560,1244,1243,1554,923,1,0.0027397051
Cold,294363,1749,1748,1554,923,0,-0.0013455392
Cold,229931,1391,1390,1554,923,0,-0.00462846
Cold,185431,1150,1149,1554,923,0,0.005099958
Cold,201625,1242,1241,1554,923,1,0.0026310238
Cold,168526,1069,1068,1554,923,1,0.004717513
Cold,167315,1065,1064,1554,923,0,0.0021239975
Cold,334655,1974,1973,1554,923,1,0.012811174
Cold,142449,919,918,1554,923,1,0.009245476
Cold,138457,889,888,1554,923,1,0.010963001
Cold,131970,854,853,1554,923,0,0.0065954356
Cold,263431,1605,1604,1554,923,0,0.0080443835
Cold,132540,855,854,1554,923,0,0.0119935265
Cold,187689,1164,1163,1554,923,0,0.006596677
Cold,631648,3821,3820,1554,923,0,0.015259604
Cold,100891,673,672,1554,923,1,0.0036527738
Cold,294953,1752,1751,1554,923,1,0.0008140167
Cold,92780,621,620,1554,923,0,0.0070624147
Cold,155390,1001,1000,1554,923,1,0.004972346
Cold,48794,327,326,1554,923,1,0.0138105955
Cold,41428,281,280,1554,923,0,0.008073715
Cold,31898,216,215,1554,923,1,0.009797068
Cold,33386,225,224,1554,923,0,0.008382592
Cold,21944,161,160,1554,923,1,0.0072459774
Cold,23038,166,165,1554,923,1,0.0032790275
Cold,20371,150,149,1554,923,1,0.011681181
Cold,17449,136,135,1554,923,1,0.008469284
Cold,7586,53,52,1554,923,1,0.0042621046
Cold,319,5,4,1554,923,0,0.010522982
Cold,20678,151,150,1554,923,0,0.011874271
Cold,7145,49,48,1554,923,1,0.0065766145
Cold,158346,1015,1014,1554,923,1,0.022338837
Cold,883024,5333,5332,1554,923,1,0.007512716
Cold,574817,3518,3517,1554,923,1,0.008018854
Cold,893012,5394,5393,1554,923,0,0.010927144
Cold,102368,678,677,1554,923,1,0.011652782
Cold,116332,752,751,1554,923,1,0.007895952
Cold,511902,3158,3157,1554,923,1,0.0058452124
Cold,223624,1354,1353,1554,923,0,0.010822583
Cold,284283,1698,1697,1554,923,1,0.0017270487
Cold,497282,3054,3053,1554,923,1,0.014617558
Cold,248524,1500,1499,1554,923,0,0.010500977
Cold,256101,1561,1560,1554,923,1,0.004938038
Cold,328296,1941,1940,1554,923,0,0.01989619
Cold,435418,2661,2660,1592,937,1,0.0014432906
Cold,430139,2621,2620,1592,937,0,0.0006003141
Cold,451030,2777,2776,1592,937,0,-0.0015955626
Cold,418823,2529,2528,1592,937,1,-0.00013809977
Cold,417480,2517,2516,1592,937,1,0.0056208977
Cold,406474,2438,2437,1592,937,0,0.01022599
Cold,403345,2409,2408,1592,937,0,0.003844332
Cold,399562,2378,2377,1592,937,0,0.00091562304
Cold,376650,2198,2197,1592,937,0,-0.0011616492
Cold,352089,2063,2062,1592,937,0,0.019267496
Cold,348719,2045,2044,1592,937,1,0.00071179227
Cold,341705,2012,2011,1592,937,0,0.0076838615
Cold,288134,1721,1720,1592,937,0,0.0019159219
Cold,268579,1631,1630,1592,937,0,-0.0075451545
Cold,323926,1920,1919,1592,937,0,0.000716313
Cold,264683,1609,1608,1592,937,0,0.0063850703
Cold,247359,1495,1494,1592,937,0,0.004218949
Cold,224256,1356,1355,1592,937,0,0.010323651
Cold,222769,1348,1347,1592,937,0,0.00036059238
Cold,296852,1759,1758,1592,937,0,0.008211596
Cold,207790,1271,1270,1592,937,1,0.004896217
Cold,279593,1680,1679,1592,937,0,0.005749182
Cold,236447,1434,1433,1592,937,0,0.009520534
Cold,175201,1111,1110,1592,937,1,0.0057634264
Cold,194293,1198,1197,1592,937,0,-0.00044846232
Cold,342643,2015,2014,1592,937,0,0.0052155815
Cold,425746,2583,2582,1592,937,1,0.0002693676
Cold,240293,1449,1448,1592,937,0,0.008811262
Cold,119375,770,769,1592,937,0,0.0008553356
Cold,216468,1314,1313,1592,937,0,0.0020715545
Cold,101719,677,676,1592,937,0,0.0065865433
Cold,406156,2436,2435,1592,937,0,0.0046127224
Cold,76516,519,518,1592,937,0,-0.006550451
Cold,73150,494,493,1592,937,1,0.004838358
Cold,87101,569,568,1592,937,0,0.004197758
Cold,54729,357,356,1592,937,0,-0.0036682258
Cold,41762,284,283,1592,937,0,0.0025008344
Cold,291542,1737,1736,1592,937,0,0.0080588395
Cold,10499,75,74,1592,937,1,-0.009243237
Cold,49355,329,328,1592,937,0,0.007977865
Cold,142214,918,917,1592,937,0,0.0018093986
Cold,234240,1422,1421,1592,937,0,0.003714326
Cold,386130,2258,2257,1592,937,0,-0.0056239855
Cold,360938,2106,2105,1592,937,0,0.011934798
Cold,328408,1941,1940,1592,937,1,0.008212312
Cold,680717,4079,4078,1592,937,1,-0.004748613
Cold,335206,1978,1977,1592,937,0,0.006534065
Cold,489704,3013,3012,1592,937,0,0.0031550864
Cold,907675,5492,5491,1592,937,0,0.0072751166
Cold,717036,4294,4293,1592,937,0,0.0029542162
Cold,376431,2195,2194,1592,937,0,-8.149305e-06
Cold,877443,5302,5301,1592,937,0,0.0014394722
Cold,579535,3539,3538,1593,938,1,0.0039217477
Cold,559975,3441,3440,1593,938,0,0.00897761
Cold,658456,3967,3966,1593,938,0,-0.0014790734
Cold,550354,3391,3390,1593,938,0,-0.0045927395
Cold,532258,3285,3284,1593,938,0,0.011599205
Cold,529867,3272,3271,1593,938,0,0.008864375
Cold,526009,3250,3249,1593,938,0,-0.0017864741
Cold,524744,3239,3238,1593,938,0,-0.0033902426
Cold,774469,4619,4618,1593,938,0,-0.0037141584
Cold,522751,3224,3223,1593,938,1,0.009145686
Cold,518140,3197,3196,1593,938,0,0.003313418
Cold,517037,3191,3190,1593,938,0,0.0060568987
Cold,562695,3462,3461,1593,938,0,-0.0029782725
Cold,503668,3095,3094,1593,938,1,0.0009570876
Cold,516562,3189,3188,1593,938,1,-0.0020373857
Cold,499576,3067,3066,1593,938,0,0.00028608716
Cold,492128,3026,3025,1593,938,0,0.004369261
Cold,490339,3017,3016,1593,938,0,-0.0007901765
Cold,485172,2986,2985,1593,938,0,0.0036993758
Cold,478568,2936,2935,1593,938,0,-0.00083571556
Cold,472738,2907,2906,1593,938,0,-0.001878226
Cold,471070,2899,2898,1593,938,0,0.0034132714
Cold,468548,2887,2886,1593,938,0,-0.000514742
Cold,470065,2895,2894,1593,938,0,0.006369427
Cold,451032,2777,2776,1593,938,1,-0.002667413
Cold,438868,2681,2680,1593,938,0,0.0030107396
Cold,419303,2533,2532,1593,938,0,0.0049796007
Cold,416130,2506,2505,1593,938,1,0.0021646845
Cold,405008,2423,2422,1593,938,0,-0.0008400085
Cold,404275,2418,2417,1593,938,0,-0.0043032262
Cold,404636,2419,2418,1593,938,0,0.0051866444
Cold,368445,2153,2152,1593,938,0,-0.0046468116
Cold,340793,2010,2009,1593,938,0,-0.0013806699
Cold,297620,1764,1763,1593,938,0,0.010528039
Cold,281348,1687,1686,1593,938,1,-0.019135667
Cold,235997,1429,1428,1593,938,0,-0.008262069
Cold,248919,1501,1500,1593,938,1,0.0025935369
Cold,336133,1980,1979,1593,938,0,0.0060208435
Cold,223665,1354,1353,1593,938,0,0.0013225802
Cold,276346,1671,1670,1593,938,1,-0.0021038605
Cold,212118,1291,1290,1593,938,0,0.0033105693
Cold,203890,1254,1253,1593,938,0,0.007479011
Cold,321711,1908,1907,1593,938,0,0.0026843622
Cold,192421,1184,1183,1593,938,0,5.7325233e-05
Cold,186778,1156,1155,1593,938,0,-0.0018106676
Cold,189050,1172,1171,1593,938,0,-0.001677925
Cold,174850,1107,1106,1593,938,1,-0.0038697224
Cold,179715,1125,1124,1593,938,0,-8.677866e-05
Cold,331771,1958,1957,1593,938,0,0.0042133452
Cold,188283,1168,1167,1593,938,0,-0.007138135
Cold,167960,1068,1067,1593,938,0,0.009485992
Cold,328412,1941,1940,1593,938,0,0.003274397
Cold,189431,1173,1172,1593,938,0,-0.0013027721
Cold,152704,983,982,1593,938,1,-0.0005972474
Cold,221481,1340,1339,1593,938,0,0.00422759
Cold,145004,934,933,1593,938,0,0.008153032
Cold,164703,1051,1050,1593,938,0,0.0032620132
Cold,136741,881,880,1593,938,0,0.010578786
Cold,134442,869,868,1593,938,0,-0.0008215124
Cold,132003,854,853,1593,938,1,-0.0056533646
Cold,332759,1962,1961,1593,938,0,0.0075989296
Cold,352092,2063,2062,1593,938,0,-0.0036070696
Cold,263499,1605,1604,1593,938,0,0.0029828507
Cold,125311,805,804,1593,938,0,-0.0018265494
Cold,360941,2106,2105,1593,938,0,0.006337467
Cold,112591,731,730,1593,938,0,0.0002888739
Cold,106198,699,698,1593,938,0,0.005763473
Cold,696522,4169,4168,1593,938,0,0.004196456
Cold,291546,1737,1736,1593,938,0,-0.0009989184
Cold,191186,1181,1180,1593,938,0,0.002109719
Cold,80561,534,533,1593,938,1,-0.0026316147
Cold,77692,524,523,1593,938,0,0.004133545
Cold,64645,432,431,1593,938,0,-0.0051741367
Cold,251206,1516,1515,1593,938,0,-0.0057533784
Cold,78564,528,527,1593,938,0,-0.0007161284
Cold,155437,1001,1000,1593,938,0,-0.001292293
Cold,46434,310,309,1593,938,0,0.0067510647
Cold,42190,286,285,1593,938,0,0.0045844866
Cold,39529,268,267,1593,938,1,-0.004754431
Cold,287457,1716,1715,1593,938,0,0.005065318
Cold,33448,225,224,1593,938,0,-0.007903205
Cold,29773,202,201,1593,938,0,3.9271777e-05
Cold,29156,199,198,1593,938,0,-0.005623673
Cold,21259,156,155,1593,938,0,0.0035220832
Cold,22465,163,162,1593,938,0,0.0045604343
Cold,6425,45,44,1593,938,0,-0.0052968245
Cold,5512,38,37,1593,938,0,-0.0052281413
Cold,3736,26,25,1593,938,0,-0.0022198772
Cold,506150,3113,3112,1593,938,0,0.0061161956
Cold,20732,151,150,1593,938,1,0.0020993792
Cold,79557,531,530,1593,938,0,-0.0027106884
Cold,626929,3792,3791,1593,938,0,-0.005032093
Cold,363215,2116,2115,1593,938,1,0.006844731
Cold,489706,3013,3012,1593,938,0,-0.005976801
Cold,272290,1645,1644,1593,938,0,-7.6994766e-05
Cold,317824,1889,1888,1593,938,0,0.00010970235
Cold,102433,678,677,1593,938,0,-0.002170829
Cold,923959,5580,5579,1593,938,0,-0.0052875155
Cold,171850,1088,1087,1593,938,0,-0.0051836483
Cold,498161,3057,3056,1593,938,0,-0.0029605394
Cold,178703,1121,1120,1593,938,0,0.0018730783
Cold,273108,1647,1646,1593,938,0,-0.001469448
Cold,84347,550,549,1595,940,0,0.018103497
Cold,74966,509,508,1595,940,0,-0.0035882564
Cold,291547,1737,1736,1595,940,0,0.016555935
Cold,79559,531,530,1595,940,0,0.0048026564
Cold,11949,92,91,1595,940,0,0.00457089
Cold,329459,1943,1942,1598,942,0,0.005211065
Cold,330182,1948,1947,1598,942,0,0.0030782549
Cold,315416,1880,1879,1598,942,0,0.0052563576
Cold,265925,1613,1612,1598,942,0,-0.0025295615
Cold,259571,1587,1586,1598,942,1,0.0019169895
Cold,242909,1465,1464,1598,942,1,-0.015823767
Cold,232577,1413,1412,1598,942,0,-0.00023839064
Cold,277842,1676,1675,1598,942,0,0.013317552
Cold,250454,1509,1508,1598,942,0,0.0013609529
Cold,279605,1680,1679,1598,942,0,-0.010415268
Cold,363220,2116,2115,1598,942,0,0.001043784
Cold,185515,1150,1149,1598,942,0,-0.000856639
Cold,170282,1084,1083,1598,942,0,-0.007222089
Cold,184065,1146,1145,1598,942,0,0.0032244176
Cold,167965,1068,1067,1598,942,0,0.0008012082
Cold,163940,1050,1049,1598,942,0,-0.0017320944
Cold,181304,1133,1132,1598,942,0,-0.0026539196
Cold,275646,1667,1666,1598,942,0,-0.0044573694
Cold,221482,1340,1339,1598,942,0,-0.0023126095
Cold,157055,1010,1009,1598,942,0,-0.01364186
Cold,405547,2429,2428,1598,942,0,-0.00720808
Cold,135748,877,876,1598,942,0,-0.008762398
Cold,154949,999,998,1598,942,0,-0.007373954
Cold,352096,2063,2062,1598,942,0,-0.012908587
Cold,124995,802,801,1598,942,1,-0.00475912
Cold,122946,793,792,1598,942,0,0.0065133874
Cold,117587,757,756,1598,942,0,-0.01283224
Cold,106201,699,698,1598,942,0,0.00050718954
Cold,116413,752,751,1598,942,0,-0.0087411925
Cold,294986,1752,1751,1598,942,0,0.010246454
Cold,110938,721,720,1598,942,0,-0.007755319
Cold,109370,714,713,1598,942,1,-0.00019883062
Cold,480230,2946,2945,1598,942,0,-0.009705761
Cold,64308,429,428,1598,942,0,-0.00014057336
Cold,288632,1724,1723,1598,942,0,0.011333104
Cold,46270,309,308,1598,942,0,0.008659328
Cold,44437,302,301,1598,942,0,-0.0112550985
Cold,41765,284,283,1598,942,0,-0.010936922
Cold,696528,4169,4168,1598,942,0,-0.0021819999
Cold,40354,272,271,1598,942,0,-0.0009894471
Cold,291550,1737,1736,1598,942,1,-0.008193109
Cold,50098,331,330,1598,942,0,-0.005878404
Cold,355046,2077,2076,1598,942,0,0.0035702537
Cold,150684,970,969,1598,942,0,0.0031989415
Cold,265200,1611,1610,1598,942,0,0.008437591
Cold,145007,934,933,1598,942,0,-0.006354888
Cold,79563,531,530,1598,942,0,-0.004570354
Cold,499579,3067,3066,1598,942,0,-0.0036160788
Cold,164709,1051,1050,1598,942,0,-0.0080210995
Cold,561648,3454,3453,1598,942,0,-0.012875089
Cold,325012,1925,1924,1598,942,0,-0.012507673
Cold,86739,566,565,1599,943,0,0.004490841
Cold,31207,210,209,1599,943,0,0.0052254302
Cold,22469,163,162,1599,943,0,0.0021514916
Cold,12292,93,92,1599,943,0,0.0044924277
Cold,27129,192,191,1599,943,0,0.0026300605
Cold,552504,3401,3400,1599,943,0,-0.0071218153
Cold,893027,5394,5393,1599,943,0,0.0011150737
Cold,104115,692,691,1600,944,1,0.011775261
Cold,107673,710,709,1600,944,0,0.0016045526
Cold,82731,549,548,1600,944,0,0.0076233433
Cold,77182,524,523,1600,944,1,0.01484064
Cold,61157,412,411,1600,944,0,0.011714234
Cold,56667,380,379,1600,944,0,0.003911291
Cold,55043,363,362,1600,944,0,-0.0028280467
Cold,49967,331,330,1600,944,1,0.0076814527
Cold,392834,2307,2306,1600,944,0,0.0051513845
Cold,697050,4169,4168,1600,944,0,0.0064212442
Cold,308360,1837,1836,1600,944,0,0.010220296
Cold,29633,202,201,1600,944,0,0.010949413
Cold,23321,167,166,1600,944,0,0.0018768194
Cold,161938,1033,1032,1600,944,0,0.0039189095
Cold,7228,50,49,1600,944,0,0.011864918
Cold,6310,45,44,1600,944,0,0.0007347709
Cold,79107,531,530,1600,944,0,0.008237317
Cold,575730,3520,3519,1600,944,0,0.008109322
Cold,150391,970,969,1600,944,0,0.012203499
Cold,33094,224,223,1600,944,0,0.010908045
Cold,385968,2258,2257,1600,944,0,0.0036255477
Cold,964343,5812,5811,1600,944,0,0.005544236
Cold,309468,1842,1841,1600,944,1,0.0039240043
Cold,193419,1194,1193,1600,944,0,0.012366274
Cold,115843,752,751,1601,945,0,0.0011075354
Cold,98571,660,659,1601,945,0,0.00023513054
Cold,238576,1448,1447,1601,945,1,-0.0014773814
Cold,77183,524,523,1601,945,0,-0.003659295
Cold,74579,509,508,1601,945,0,0.0027395047
Cold,70633,476,475,1601,945,1,-0.001958842
Cold,70060,474,473,1601,945,0,0.009487644
Cold,53495,352,351,1601,945,0,0.0027814629
Cold,697052,4169,4168,1601,945,0,0.0059429575
Cold,1826,17,16,1601,945,0,0.008693212
Cold,129158,839,838,1601,945,0,-0.0006845194
Cold,317498,1889,1888,1601,945,0,-0.0031274678
Cold,499123,3067,3066,1601,945,1,0.006860847
Cold,49968,331,330,1601,945,1,0.0005335901
Cold,272638,1647,1646,1601,945,0,0.0037974163
Cold,342186,2015,2014,1604,947,0,-0.0071757482
Cold,828986,4979,4978,1604,947,0,-0.010739412
Cold,317501,1889,1888,1604,947,0,-0.015987668
Cold,329125,1943,1942,1604,947,0,-0.018252783
Cold,599033,3648,3647,1604,947,1,-0.008625253
Cold,134013,869,868,1605,948,0,-0.009104262
Cold,262992,1605,1604,1605,948,0,-0.0025128708
Cold,360468,2106,2105,1605,948,0,-0.0067852763
Cold,223302,1354,1353,1605,948,0,-0.010558332
Cold,105855,699,698,1605,948,0,-0.015316189
Cold,90083,594,593,1605,948,0,-0.0070352573
Cold,83874,550,549,1605,948,0,-0.013294267
Cold,55116,365,364,1605,948,0,-0.006432394
Cold,132260,855,854,1605,948,0,-0.008910391
Cold,47275,319,318,1605,948,0,-0.013053373
Cold,697057,4169,4168,1605,948,0,-0.015675671
Cold,38595,263,262,1605,948,0,0.0010459118
Cold,29393,200,199,1605,948,0,0.0011693556
Cold,29071,199,198,1605,948,0,-0.0014091074
Cold,291128,1737,1736,1605,948,0,-0.00022396422
Cold,22362,163,162,1605,948,0,-0.0049061435
Cold,16069,127,126,1605,948,0,-0.0066845976
Cold,20649,151,150,1605,948,1,-0.0031151082
Cold,157766,1015,1014,1605,948,0,-0.006531619
Cold,354695,2077,2076,1605,948,1,-0.007456979
Cold,778111,4647,4646,1605,948,0,-0.017834779
Cold,11874,92,91,1605,948,0,-0.009647012
Cold,958996,5787,5786,1605,948,0,-0.0017016444
Cold,768962,4579,4578,1605,948,0,-0.00021397974
Cold,257420,1579,1578,1605,948,0,-0.007906784
Cold,331305,1958,1957,1605,948,0,-0.009034084
Cold,468239,2887,2886,1605,948,0,-0.009343069
Cold,171255,1088,1087,1605,948,0,-0.016575955
Cold,341406,2012,2011,1606,949,0,0.0032872204
Cold,314947,1880,1879,1606,949,0,0.0005157087
Cold,326944,1938,1937,1606,949,0,-0.01227968
Cold,288758,1726,1725,1606,949,0,-0.0017621254
Cold,269709,1635,1634,1606,949,0,0.0042092935
Cold,263850,1606,1605,1606,949,0,0.0034245262
Cold,265522,1613,1612,1606,949,0,0.0023656902
Cold,329126,1943,1942,1606,949,1,0.0020883298
Cold,337379,1984,1983,1606,949,0,0.0044864574
Cold,226955,1377,1376,1606,949,0,-0.009918172
Cold,221087,1340,1339,1606,949,0,0.0029829964
Cold,278634,1680,1679,1606,949,0,0.0039951582
Cold,277411,1676,1675,1606,949,0,0.0064520314
Cold,190399,1181,1180,1606,949,0,-0.008604592
Cold,227538,1380,1379,1606,949,0,1.4442718e-05
Cold,155729,1004,1003,1606,949,0,0.0054092444
Cold,150915,971,970,1606,949,0,0.004582251
Cold,120977,780,779,1606,949,0,-0.0023518547
Cold,120247,777,776,1606,949,0,-0.0005883388
Cold,475740,2919,2918,1606,949,1,-0.0066601834
Cold,118243,765,764,1606,949,1,-0.00017516874
Cold,202912,1246,1245,1606,949,0,0.0021664184
Cold,96896,651,650,1606,949,0,-0.007039424
Cold,86935,567,566,1606,949,1,-0.0057298983
Cold,119006,770,769,1606,949,0,-0.0011242895
Cold,86468,566,565,1606,949,0,-0.005016544
Cold,81463,543,542,1606,949,1,0.0056467378
Cold,70638,476,475,1606,949,1,0.008867608
Cold,53505,352,351,1606,949,0,-0.0023702127
Cold,51093,337,336,1606,949,1,0.0025151442
Cold,36281,245,244,1606,949,0,-0.00047231454
Cold,626500,3792,3791,1606,949,0,0.0029108548
Cold,22363,163,162,1606,949,0,0.0006898367
Cold,14389,117,116,1606,949,0,-0.0075129885
Cold,12255,93,92,1606,949,0,-0.007966106
Cold,10186,73,72,1606,949,0,0.00017330417
Cold,17112,134,133,1606,949,0,-0.0048667416
Cold,2695,22,21,1606,949,0,-0.0051922807
Cold,2103,18,17,1606,949,0,0.0008325977
Cold,262460,1601,1600,1606,949,0,0.00042237528
Cold,27942,195,194,1606,949,1,0.002657834
Cold,109694,716,715,1606,949,0,0.00021624425
Cold,237613,1447,1446,1606,949,0,0.0016032532
Cold,828987,4979,4978,1606,949,0,0.0030831993
Cold,682164,4085,4084,1606,949,1,0.0041441983
Cold,621899,3768,3767,1606,949,0,0.00046931073
Cold,101945,678,677,1606,949,1,-0.0035418365
Cold,632940,3824,3823,1606,949,0,-0.0043537044
Cold,272645,1647,1646,1606,949,0,0.0059621744
Cold,105874,699,698,1621,959,0,-0.0011669256
Cold,179430,1125,1124,1621,959,1,0.0022607492
Cold,95806,642,641,1621,959,0,0.0017235867
Cold,332488,1962,1961,1621,959,0,0.0076329946
Cold,90555,601,600,1621,959,0,0.0049864734
Cold,238619,1448,1447,1621,959,1,-0.0063780425
Cold,78285,528,527,1621,959,1,0.004041127
Cold,53553,352,351,1621,959,1,0.002183394
Cold,333730,1969,1968,1621,959,1,0.016181864
Cold,46777,314,313,1621,959,1,0.010725798
Cold,30202,203,202,1621,959,0,0.0035924937
Cold,26306,187,186,1621,959,0,0.0006981717
Cold,15463,123,122,1621,959,1,0.0072693895
Cold,7575,53,52,1621,959,1,-0.0022239655
Cold,586,8,7,1621,959,0,0.0019011116
Cold,354722,2077,2076,1621,959,1,-0.001362718
Cold,933776,5636,5635,1621,959,0,0.008508883
Cold,171296,1088,1087,1621,959,0,0.00064423133
Cold,360496,2106,2105,1621,959,0,0.0063342387
Cold,327660,1941,1940,1621,959,1,0.0105683
Cold,257449,1579,1578,1621,959,0,0.008930622
Cold,144769,934,933,1621,959,0,0.0056010867
Cold,748296,4467,4466,1621,959,0,0.0026601176
Cold,883276,5333,5332,1621,959,0,0.0024156608
Cold,825716,4958,4957,1621,959,1,0.0023907442
Cold,497847,3056,3055,1623,960,0,-0.0011809384
Cold,659049,3971,3970,1623,960,0,-0.0060039572
Cold,493824,3032,3031,1623,960,1,0.0019903095
Cold,490074,3016,3015,1623,960,0,-0.004210134
Cold,429037,2611,2610,1623,960,0,-0.0007351693
Cold,426375,2590,2589,1623,960,0,0.0032392396
Cold,409491,2457,2456,1623,960,0,-0.002989564
Cold,373837,2181,2180,1623,960,1,-0.0009293363
Cold,367301,2144,2143,1623,960,1,0.010744425
Cold,351431,2063,2062,1623,960,0,-0.003234556
Cold,339936,2005,2004,1623,960,0,-0.008264704
Cold,339551,2001,2000,1623,960,0,-0.005997202
Cold,340438,2010,2009,1623,960,0,0.00492246
Cold,323494,1919,1918,1623,960,0,-0.005463065
Cold,297850,1765,1764,1623,960,0,0.0012242428
Cold,277436,1676,1675,1623,960,0,-0.0016199322
Cold,278697,1680,1679,1623,960,0,0.006600822
Cold,276793,1675,1674,1623,960,0,0.0005373541
Cold,281761,1690,1689,1623,960,0,0.00039774756
Cold,271393,1641,1640,1623,960,0,-0.0038555402
Cold,264324,1608,1607,1623,960,0,0.004536246
Cold,257174,1577,1576,1623,960,0,0.0013056048
Cold,253419,1542,1541,1623,960,0,0.010294987
Cold,247523,1496,1495,1623,960,0,0.0030819164
Cold,226344,1370,1369,1623,960,0,0.0013137797
Cold,225535,1366,1365,1623,960,0,-0.0039949385
Cold,224429,1357,1356,1623,960,0,-0.002132978
Cold,221870,1342,1341,1623,960,0,0.0036391215
Cold,221782,1341,1340,1623,960,0,-0.00018828199
Cold,214042,1300,1299,1623,960,0,0.0017623117
Cold,327663,1941,1940,1623,960,0,0.004343695
Cold,186318,1152,1151,1623,960,0,0.005268155
Cold,196322,1207,1206,1623,960,0,-0.0013836885
Cold,183872,1146,1145,1623,960,0,0.0015318417
Cold,175338,1112,1111,1623,960,0,-0.005464275
Cold,159105,1017,1016,1623,960,0,0.0019583104
Cold,314469,1878,1877,1623,960,0,0.0019493904
Cold,134789,871,870,1623,960,0,0.0025766478
Cold,134041,869,868,1623,960,0,0.0023877914
Cold,133278,860,859,1623,960,1,-0.0125341825
Cold,132958,858,857,1623,960,0,-0.0004151049
Cold,125474,808,807,1623,960,0,0.00012629293
Cold,123808,798,797,1623,960,1,0.004998437
Cold,122316,789,788,1623,960,0,-0.0032829742
Cold,115888,752,751,1623,960,0,-0.0036583943
Cold,107707,710,709,1623,960,0,0.0014024081
Cold,92686,621,620,1623,960,0,0.003302392
Cold,81492,543,542,1623,960,0,-0.0030191364
Cold,66469,445,444,1623,960,0,0.0028107525
Cold,47902,321,320,1623,960,0,0.00085463654
Cold,43038,295,294,1623,960,0,0.00097455736
Cold,41702,284,283,1623,960,0,-0.0010633054
Cold,40283,272,271,1623,960,0,-0.004870734
Cold,291157,1737,1736,1623,960,0,0.00840205
Cold,299940,1779,1778,1623,960,0,0.007947989
Cold,99800,667,666,1623,960,1,0.0018931668
Cold,22388,163,162,1623,960,0,-0.00415078
Cold,14183,116,115,1623,960,0,0.0046440605
Cold,289977,1733,1732,1623,960,0,-0.005888714
Cold,7577,53,52,1623,960,0,-0.001802824
Cold,27984,195,194,1623,960,0,-0.0038053547
Cold,11893,92,91,1623,960,0,-0.0009900338
Cold,164288,1051,1050,1623,960,1,-0.0021145116
Cold,187016,1160,1159,1623,960,0,-0.0004947374
Cold,608978,3693,3692,1623,960,0,1.5728292e-05
Cold,474319,2910,2909,1623,960,1,0.006161708
Cold,116780,753,752,1623,960,1,0.0019045393
Cold,718808,4305,4304,1623,960,0,-0.009126778
Cold,232099,1408,1407,1626,962,0,-0.011486957
Cold,209983,1284,1283,1626,962,0,-0.00087000325
Cold,321614,1908,1907,1626,962,0,-0.0010287161
Cold,190472,1181,1180,1626,962,1,-0.00421902
Cold,184928,1150,1149,1626,962,0,-0.0034993212
Cold,243718,1470,1469,1626,962,0,0.0013235792
Cold,342221,2015,2014,1626,962,0,0.0015102127
Cold,221120,1340,1339,1626,962,0,0.0062623075
Cold,156572,1010,1009,1626,962,0,0.0012201208
Cold,110602,721,720,1626,962,1,0.0038254345
Cold,713666,4277,4276,1626,962,0,-0.0033793887
Cold,91133,604,603,1626,962,0,0.0069451435
Cold,89922,592,591,1626,962,0,-0.0014260509
Cold,81495,543,542,1626,962,0,-0.008655991
Cold,27064,192,191,1626,962,0,-0.0066648177
Cold,437209,2669,2668,1626,962,0,0.0012806443
Cold,150428,970,969,1626,962,0,0.00058988994
Cold,680524,4079,4078,1626,962,1,-0.0065775583
Cold,599061,3648,3647,1626,962,0,0.0018396601
Cold,587708,3589,3588,1626,962,0,0.00463151
Cold,327667,1941,1940,1626,962,0,0.0047539333
Cold,188848,1172,1171,1629,964,0,-0.0015249547
Cold,176239,1114,1113,1629,964,0,-0.00015000952
Cold,173522,1100,1099,1629,964,0,0.008925452
Cold,198573,1220,1219,1629,964,0,-0.00449876
Cold,166317,1059,1058,1629,964,0,-0.0072276443
Cold,272041,1645,1644,1629,964,1,0.003813932
Cold,167689,1068,1067,1629,964,0,-0.0043261447
Cold,164294,1051,1050,1629,964,0,-0.003793893
Cold,153615,987,986,1629,964,1,-0.0031652432
Cold,137844,889,888,1629,964,0,0.0047219875
Cold,136299,881,880,1629,964,0,-0.008929489
Cold,380141,2223,2222,1629,964,0,-0.009182407
Cold,131743,854,853,1629,964,0,-0.005003919
Cold,128494,832,831,1629,964,0,0.005022349
Cold,124426,801,800,1629,964,0,-0.009105951
Cold,123072,795,794,1629,964,0,0.0020032076
Cold,360504,2106,2105,1629,964,0,-0.002759689
Cold,112290,731,730,1629,964,1,-0.0111806635
Cold,176736,1117,1116,1629,964,0,-0.009667855
Cold,238627,1448,1447,1629,964,1,-0.0057396884
Cold,70075,474,473,1629,964,0,-0.0060606077
Cold,132282,855,854,1629,964,1,-0.004374764
Cold,47321,319,318,1629,964,0,-0.0011614873
Cold,41710,284,283,1629,964,1,-0.0124420235
Cold,26314,187,186,1629,964,1,-0.0007590391
Cold,22399,163,162,1629,964,0,-0.0048773102
Cold,9190,62,61,1629,964,0,-0.0062802695
Cold,20679,151,150,1629,964,1,-0.007451938
Cold,157815,1015,1014,1629,964,0,0.0019050488
Cold,385980,2258,2257,1629,964,1,-0.0130098825
Cold,362742,2116,2115,1629,964,0,-0.0026779047
Cold,828997,4979,4978,1629,964,0,-0.0054694028
Cold,497090,3054,3053,1629,964,0,0.0027454305
Cold,734549,4387,4386,1629,964,0,-0.001984722
Cold,79148,531,530,1629,964,0,-0.015775865
Cold,331342,1958,1957,1629,964,0,0.0014114261
Cold,78290,528,527,1629,964,0,0.0020510037
Cold,65934,442,441,1629,964,0,-0.0015595288
Cold,171305,1088,1087,1629,964,0,0.0040989667
Cold,770093,4589,4588,1629,964,0,0.0024759108
Cold,921108,5565,5564,1629,964,0,-0.005904921
Cold,187501,1164,1163,1629,964,0,-0.004568955
Cold,52086,343,342,1629,964,1,-0.0030144497
Cold,811328,4867,4866,1629,964,1,-0.0023751776
Cold,234760,1425,1424,1629,964,1,-0.009738209
Cold,263031,1605,1604,1629,964,1,-0.0071854917
Cold,748297,4467,4466,1629,964,0,-2.157269e-05
Cold,974550,5878,5877,1629,964,1,-0.016128164
Cold,608983,3693,3692,1629,964,0,-0.0024117772
Cold,125478,808,807,1640,968,0,0.003074957
Cold,112117,730,729,1640,968,0,-0.004584101
Cold,109189,714,713,1640,968,0,0.002855958
Cold,370903,2168,2167,1640,968,1,0.0007073588
Cold,523819,3229,3228,1640,968,0,-0.007198788
Cold,299469,1778,1777,1640,968,1,-0.00894603
Cold,80037,533,532,1640,968,0,-0.003189642
Cold,70668,476,475,1640,968,1,-0.0055122357
Cold,59824,407,406,1640,968,0,-0.006104463
Cold,59913,408,407,1640,968,0,-0.0055787126
Cold,317535,1889,1888,1640,968,0,-0.00012841099
Cold,31952,216,215,1640,968,0,-0.00847774
Cold,3666,26,25,1640,968,1,-0.007172291
Cold,351464,2063,2062,1640,968,0,-0.008706933
Cold,354736,2077,2076,1640,968,1,-0.0010403395
Cold,122511,791,790,1640,968,0,-0.00084726326
Cold,874078,5277,5276,1640,968,0,-0.004390503
Cold,829006,4979,4978,1640,968,0,-0.011140214
Cold,175958,1113,1112,1640,968,0,-0.011105454
Cold,159871,1019,1018,1640,968,0,-0.0046836194
Cold,905453,5475,5474,1640,968,0,-0.009914186
Cold,713682,4277,4276,1640,968,1,-0.009592548
Cold,272690,1647,1646,1640,968,0,0.00025629578
Cold,839636,5046,5045,1640,968,1,-0.0072880564
Cold,74630,509,508,1642,970,0,-0.011258682
Cold,132299,855,854,1642,970,0,-0.0038494135
Cold,47362,319,318,1642,970,0,-0.0014506401
Cold,44369,302,301,1642,970,0,-0.0019295141
Cold,312795,1865,1864,1642,970,0,-0.0012343293
Cold,697123,4169,4168,1642,970,1,0.0015284845
Cold,30211,203,202,1642,970,0,-0.0010551783
Cold,983099,5938,5937,1642,970,0,0.0011079214
Cold,237664,1447,1446,1642,970,1,-0.0021703187
Cold,304698,1812,1811,1642,970,0,-0.0061586387
Cold,413644,2489,2488,1642,970,0,-0.0032216334
Cold,750600,4478,4477,1642,970,0,-0.0070594144
Cold,35051,237,236,1642,970,0,0.003574109
Cold,599072,3648,3647,1642,970,1,-0.0026037132
Cold,236312,1434,1433,1646,974,0,-0.008167492
Cold,225708,1367,1366,1646,974,0,0.00029068114
Cold,296743,1759,1758,1646,974,0,-0.00068455556
Cold,183707,1143,1142,1646,974,0,0.001491142
Cold,173532,1100,1099,1646,974,0,0.0032387034
Cold,276627,1673,1672,1646,974,1,0.0033812209
Cold,272054,1645,1644,1646,974,0,-0.001704216
Cold,183091,1141,1140,1646,974,0,-0.008643796
Cold,136323,881,880,1646,974,0,-0.008588858
Cold,107737,710,709,1646,974,0,0.00012755627
Cold,98623,660,659,1646,974,0,0.0043184385
Cold,96342,647,646,1646,974,1,0.007415213
Cold,238658,1448,1447,1646,974,1,0.009583209
Cold,70671,476,475,1646,974,1,0.005346221
Cold,55789,369,368,1646,974,0,0.004068257
Cold,47374,319,318,1646,974,0,0.0018732697
Cold,44385,302,301,1646,974,1,-0.005598328
Cold,41730,284,283,1646,974,0,0.0038219197
Cold,40698,273,272,1646,974,1,-0.0009442029
Cold,336897,1983,1982,1646,974,0,-0.006339334
Cold,28749,198,197,1646,974,0,0.0041428013
Cold,233933,1422,1421,1646,974,0,0.00682816
Cold,354742,2077,2076,1646,974,0,0.010375131
Cold,237669,1447,1446,1646,974,0,0.0047554085
Cold,327714,1941,1940,1646,974,0,-0.002066303
Cold,924082,5580,5579,1646,974,1,0.005088612
Cold,968277,5837,5836,1646,974,0,0.0020604322
Cold,272699,1647,1646,1646,974,0,0.0015512827
Cold,139577,893,892,1647,975,0,0.00051032123
Cold,135457,877,876,1647,975,0,0.00017281156
Cold,114732,746,745,1647,975,0,-0.008844695
Cold,115928,752,751,1647,975,0,-0.001368552
Cold,98624,660,659,1647,975,0,0.00012229197
Cold,713689,4277,4276,1647,975,1,0.00074103486
Cold,110626,721,720,1647,975,0,-0.002705011
Cold,308420,1837,1836,1647,975,0,-0.011429153
Cold,291182,1737,1736,1647,975,0,-0.004123642
Cold,82822,549,548,1647,975,1,0.003434007
Cold,83930,550,549,1647,975,0,-0.00079233665
Cold,47923,321,320,1647,975,0,-0.011341453
Cold,47376,319,318,1647,975,0,-0.010576275
Cold,33413,225,224,1647,975,0,-0.010208935
Cold,29729,202,201,1647,975,0,-0.0018711765
Cold,27095,192,191,1647,975,0,-0.0020379573
Cold,16276,129,128,1647,975,1,-0.007390718
Cold,107738,710,709,1647,975,0,-0.016987411
Cold,104165,692,691,1647,975,0,-0.00019677542
Cold,697129,4169,4168,1647,975,0,-0.00025602616
Cold,109715,716,715,1647,975,1,-0.014484177
Cold,210009,1284,1283,1647,975,1,0.0121816285
Cold,150442,970,969,1647,975,0,-0.00075156125
Cold,237670,1447,1446,1647,975,0,-0.011399535
Cold,264958,1611,1610,1647,975,1,-0.0037696115
Cold,309500,1842,1841,1647,975,1,-0.011952957
Cold,50054,331,330,1647,975,1,-0.0046999254
Cold,699900,4186,4185,1647,975,0,-0.0051315324
Cold,193481,1194,1193,1647,975,0,-0.002986671
Cold,549825,3391,3390,1647,975,0,-0.0104972925
Cold,659735,3976,3975,1648,976,1,0.005898429
Cold,652373,3934,3933,1648,976,0,-0.0049128337
Cold,650979,3927,3926,1648,976,0,0.004963614
Cold,672373,4041,4040,1648,976,0,0.008202774
Cold,649671,3916,3915,1648,976,1,0.0036748582
Cold,634705,3829,3828,1648,976,1,0.015753051
Cold,638940,3842,3841,1648,976,0,0.0076579093
Cold,626287,3791,3790,1648,976,0,-0.0007908745
Cold,622978,3770,3769,1648,976,0,0.0022395104
Cold,617979,3745,3744,1648,976,1,-0.0027712968
Cold,794130,4748,4747,1648,976,0,0.0005989587
Cold,703816,4220,4219,1648,976,0,-0.003946868
Cold,597357,3631,3630,1648,976,1,-0.0006011813
Cold,589295,3593,3592,1648,976,1,-0.0046763746
Cold,579063,3539,3538,1648,976,0,0.004308218
Cold,571912,3507,3506,1648,976,0,0.010919777
Cold,562984,3464,3463,1648,976,0,0.010153051
Cold,559582,3438,3437,1648,976,0,0.010104994
Cold,553768,3410,3409,1648,976,1,0.0018792148
Cold,553576,3409,3408,1648,976,1,0.013313961
Cold,766301,4562,4561,1648,976,1,0.003960915
Cold,644480,3884,3883,1648,976,1,0.0075637237
Cold,549826,3391,3390,1648,976,1,-0.0010463378
Cold,545133,3362,3361,1648,976,0,0.0033578086
Cold,543100,3343,3342,1648,976,1,-0.002963251
Cold,904356,5468,5467,1648,976,1,0.005643419
Cold,540614,3327,3326,1648,976,1,0.003784788
Cold,531986,3285,3284,1648,976,0,0.0059619807
Cold,528048,3265,3264,1648,976,0,-0.0010574127
Cold,520720,3212,3211,1648,976,1,-0.0030450472
Cold,514792,3180,3179,1648,976,0,0.0025048056
Cold,507966,3126,3125,1648,976,0,-0.011334116
Cold,506572,3118,3117,1648,976,0,0.009676874
Cold,506178,3114,3113,1648,976,0,0.0047327625
Cold,501163,3080,3079,1648,976,1,0.013001237
Cold,713690,4277,4276,1648,976,1,0.015069739
Cold,490177,3017,3016,1648,976,0,0.0016053806
Cold,484862,2986,2985,1648,976,1,0.0072146407
Cold,588365,3590,3589,1648,976,1,-0.004483237
Cold,477085,2929,2928,1648,976,1,-0.008436165
Cold,475068,2916,2915,1648,976,1,-0.0043765893
Cold,474622,2913,2912,1648,976,1,0.0047080824
Cold,465560,2872,2871,1648,976,1,0.004945543
Cold,462333,2853,2852,1648,976,0,-0.00047965453
Cold,458859,2825,2824,1648,976,1,0.0067620105
Cold,564209,3471,3470,1648,976,0,-0.0040380545
Cold,424190,2572,2571,1648,976,0,0.00071045494
Cold,416411,2507,2506,1648,976,1,0.004186937
Cold,400285,2383,2382,1648,976,0,0.006714161
Cold,379145,2215,2214,1648,976,1,0.0037606228
Cold,364604,2124,2123,1648,976,1,0.006815468
Cold,345051,2024,2023,1648,976,0,0.0027680276
Cold,274305,1658,1657,1648,976,1,0.009420516
Cold,270763,1639,1638,1648,976,1,-0.0065911636
Cold,267495,1626,1625,1648,976,1,0.00720566
Cold,246816,1491,1490,1648,976,0,0.0075811297
Cold,223351,1354,1353,1648,976,1,-0.0074349893
Cold,212786,1297,1296,1648,976,1,0.00053101196
Cold,307933,1836,1835,1648,976,1,0.0060736397
Cold,203465,1248,1247,1648,976,1,-0.006145525
Cold,278758,1680,1679,1648,976,1,0.0011847245
Cold,214692,1303,1302,1648,976,0,0.0015583364
Cold,294184,1749,1748,1648,976,0,0.0055309804
Cold,184973,1150,1149,1648,976,1,0.009111918
Cold,307244,1835,1834,1648,976,1,-0.00022283266
Cold,173533,1100,1099,1648,976,1,0.00041737943
Cold,183886,1146,1145,1648,976,0,0.0036767863
Cold,168263,1069,1068,1648,976,0,-0.0051287664
Cold,166334,1059,1058,1648,976,0,0.0070641395
Cold,157864,1015,1014,1648,976,1,0.0041829776
Cold,153624,987,986,1648,976,1,-0.0011735521
Cold,413649,2489,2488,1648,976,0,-0.007752561
Cold,145251,935,934,1648,976,0,0.008318546
Cold,311883,1860,1859,1648,976,0,0.0061643156
Cold,137893,889,888,1648,976,0,0.0017226895
Cold,131023,850,849,1648,976,0,0.007444656
Cold,263061,1605,1604,1648,976,0,0.005841339
Cold,114733,746,745,1648,976,0,0.004905736
Cold,111267,724,723,1648,976,0,-0.002695468
Cold,110627,721,720,1648,976,0,-0.001825297
Cold,112314,731,730,1648,976,1,-0.0036949366
Cold,779031,4653,4652,1648,976,1,0.006531936
Cold,107033,703,702,1648,976,1,0.006051963
Cold,103321,687,686,1648,976,1,-0.0001482371
Cold,113215,735,734,1648,976,1,0.006508267
Cold,239758,1449,1448,1648,976,1,0.0020274492
Cold,97725,655,654,1648,976,0,0.0025705548
Cold,107739,710,709,1648,976,1,0.0044764746
Cold,697130,4169,4168,1648,976,0,0.0042612767
Cold,283937,1698,1697,1648,976,1,0.009074403
Cold,320711,1902,1901,1648,976,1,0.0068442374
Cold,88728,587,586,1648,976,1,0.0006365876
Cold,87407,571,570,1648,976,0,-0.0082505215
Cold,82199,546,545,1648,976,1,0.010600124
Cold,77252,524,523,1648,976,1,0.010532515
Cold,81508,543,542,1648,976,0,0.0041322815
Cold,70084,474,473,1648,976,0,-0.003665924
Cold,64065,428,427,1648,976,0,-0.003369357
Cold,74636,509,508,1648,976,1,0.00607439
Cold,57133,386,385,1648,976,1,-0.008205377
Cold,132304,855,854,1648,976,1,0.004786066
Cold,33120,224,223,1648,976,0,-0.00053418265
Cold,27537,193,192,1648,976,1,0.0003628321
Cold,238659,1448,1447,1648,976,1,0.0067742625
Cold,276089,1671,1670,1648,976,1,0.0033603993
Cold,7627,53,52,1648,976,1,0.00015932182
Cold,104166,692,691,1648,976,1,0.0095541915
Cold,65947,442,441,1648,976,1,-7.537939e-05
Cold,330655,1952,1951,1648,976,0,0.00933407
Cold,206695,1266,1265,1648,976,1,-0.002683734
Cold,79177,531,530,1648,976,0,0.007541317
Cold,286591,1712,1711,1648,976,0,-0.0038926494
Cold,983100,5938,5937,1648,976,0,0.0026515247
Cold,181885,1137,1136,1648,976,1,0.0015547331
Cold,860275,5172,5171,1648,976,1,-0.0029034012
Cold,570947,3503,3502,1648,976,1,0.010888297
Cold,290005,1733,1732,1648,976,0,0.001119992
Cold,252416,1530,1529,1648,976,0,0.008515378
Cold,873850,5276,5275,1648,976,0,0.007096586
Cold,20704,151,150,1648,976,0,0.0031879935
Cold,360534,2106,2105,1648,976,1,-0.0012155042
Cold,921110,5565,5564,1648,976,0,0.002864935
Cold,351477,2063,2062,1648,976,1,0.00398017
Cold,499192,3067,3066,1648,976,1,0.005187778
Cold,129226,839,838,1648,976,0,0.009742513
Cold,476249,2926,2925,1648,976,1,0.00963681
Cold,171351,1088,1087,1648,976,1,-0.002653147
Cold,206261,1265,1264,1648,976,1,-0.009393747
Cold,115929,752,751,1648,976,1,0.0030310021
Cold,464048,2860,2859,1648,976,0,0.0044306535
Cold,62640,424,423,1648,976,1,8.0712605e-05
Cold,193482,1194,1193,1648,976,1,0.0082918955
Cold,480417,2947,2946,1648,976,1,0.010864312
Cold,58705,398,397,1648,976,1,0.0059960657
Cold,579064,3539,3538,1649,977,1,-0.008089625
Cold,570194,3499,3498,1649,977,1,-0.005994088
Cold,593470,3618,3617,1649,977,0,-0.0060213227
Cold,557581,3425,3424,1649,977,1,0.0002681641
Cold,616057,3729,3728,1649,977,0,-0.002021444
Cold,548669,3387,3386,1649,977,1,-0.0009851316
Cold,549827,3391,3390,1649,977,1,-0.002703013
Cold,645124,3885,3884,1649,977,0,-0.0008457047
Cold,546707,3371,3370,1649,977,0,-0.0011395174
Cold,526670,3259,3258,1649,977,1,0.00250709
Cold,524600,3237,3236,1649,977,1,-0.0074057095
Cold,513900,3171,3170,1649,977,1,-0.011081121
Cold,510431,3145,3144,1649,977,1,-0.003697218
Cold,510090,3142,3141,1649,977,1,0.0067834454
Cold,501164,3080,3079,1649,977,0,-0.0039241235
Cold,916869,5539,5538,1649,977,1,-0.00866219
Cold,546001,3367,3366,1649,977,0,-0.003639186
Cold,483390,2971,2970,1649,977,1,-0.0019481385
Cold,482594,2967,2966,1649,977,0,-0.0065705692
Cold,478548,2936,2935,1649,977,1,0.0021775877
Cold,476685,2928,2927,1649,977,1,-0.0022879723
Cold,475069,2916,2915,1649,977,1,0.0032686326
Cold,475403,2918,2917,1649,977,0,-0.004837573
Cold,464604,2863,2862,1649,977,1,0.0023667705
Cold,460571,2841,2840,1649,977,1,-0.0047603585
Cold,456682,2811,2810,1649,977,0,-0.004790491
Cold,455252,2803,2802,1649,977,1,0.0071780337
Cold,451702,2781,2780,1649,977,1,-0.002142341
Cold,443317,2733,2732,1649,977,1,0.0066155335
Cold,442359,2724,2723,1649,977,1,0.0034015975
Cold,443568,2736,2735,1649,977,1,-0.002718239
Cold,437716,2674,2673,1649,977,1,0.0079212
Cold,430940,2627,2626,1649,977,0,-0.0015708879
Cold,390645,2293,2292,1649,977,1,-0.0010405411
Cold,379687,2221,2220,1649,977,1,0.0032503572
Cold,340132,2008,2007,1649,977,0,-0.00036849384
Cold,343995,2020,2019,1649,977,0,0.002743789
Cold,334473,1974,1973,1649,977,1,-0.0049409755
Cold,323092,1916,1915,1649,977,0,-0.0010410068
Cold,300966,1786,1785,1649,977,1,-0.000260651
Cold,295198,1753,1752,1649,977,1,0.00016895216
Cold,283938,1698,1697,1649,977,0,-0.0058324034
Cold,278759,1680,1679,1649,977,1,-0.003607885
Cold,274306,1658,1657,1649,977,1,0.0066522085
Cold,258323,1584,1583,1649,977,0,-0.004634587
Cold,252033,1525,1524,1649,977,1,0.005240655
Cold,251321,1517,1516,1649,977,0,-0.0013015976
Cold,252417,1530,1529,1649,977,1,-0.0058277342
Cold,225407,1364,1363,1649,977,1,0.0067362543
Cold,220288,1335,1334,1649,977,1,-0.00064572366
Cold,255021,1552,1551,1649,977,1,-0.0022502055
Cold,210657,1285,1284,1649,977,0,-0.0050245877
Cold,208641,1274,1273,1649,977,1,-0.005012522
Cold,307934,1836,1835,1649,977,1,-0.00308138
Cold,205635,1264,1263,1649,977,1,0.0013181772
Cold,239759,1449,1448,1649,977,0,0.00024146773
Cold,203466,1248,1247,1649,977,0,-0.0062009552
Cold,201394,1242,1241,1649,977,1,-0.006657596
Cold,199994,1228,1227,1649,977,0,-0.009186644
Cold,245264,1481,1480,1649,977,1,-0.0042784913
Cold,199308,1224,1223,1649,977,1,-0.00078778435
Cold,293104,1746,1745,1649,977,1,-0.00648339
Cold,214693,1303,1302,1649,977,1,-0.0038259178
Cold,184290,1147,1146,1649,977,1,-0.0065674176
Cold,180977,1131,1130,1649,977,1,0.0009074388
Cold,190528,1181,1180,1649,977,1,0.0037367428
Cold,165031,1052,1051,1649,977,1,0.0016786137
Cold,166335,1059,1058,1649,977,0,0.0041094925
Cold,169512,1077,1076,1649,977,0,0.0025374158
Cold,212787,1297,1296,1649,977,1,0.0033604493
Cold,147709,952,951,1649,977,1,-0.008441623
Cold,267854,1628,1627,1649,977,1,0.00036127027
Cold,184974,1150,1149,1649,977,1,-0.01016494
Cold,143260,924,923,1649,977,1,-0.0020145099
Cold,148211,955,954,1649,977,0,-0.0009720861
Cold,245706,1484,1483,1649,977,0,-0.0017483477
Cold,130289,844,843,1649,977,1,0.0032912958
Cold,129227,839,838,1649,977,1,-0.00598896
Cold,127938,826,825,1649,977,0,-0.0019181669
Cold,134975,873,872,1649,977,1,-0.0020465578
Cold,127653,824,823,1649,977,0,0.00045797904
Cold,111268,724,723,1649,977,1,-0.0066221924
Cold,392839,2307,2306,1649,977,1,0.00064055016
Cold,223352,1354,1353,1649,977,1,0.001989352
Cold,97726,655,654,1649,977,0,-0.007428408
Cold,89736,591,590,1649,977,1,0.0023075235
Cold,89538,590,589,1649,977,1,-2.0509353e-05
Cold,88491,585,584,1649,977,1,0.006255406
Cold,64066,428,427,1649,977,1,-0.0031241344
Cold,59915,408,407,1649,977,1,-0.00033339474
Cold,589587,3596,3595,1649,977,0,-0.000943271
Cold,44389,302,301,1649,977,0,-0.0048890603
Cold,42958,294,293,1649,977,0,-0.00070116855
Cold,42740,293,292,1649,977,1,-0.008891253
Cold,41437,281,280,1649,977,0,0.003028308
Cold,42076,285,284,1649,977,0,0.0012269784
Cold,98625,660,659,1649,977,0,0.00077073555
Cold,34676,235,234,1649,977,1,-0.0035782335
Cold,31021,208,207,1649,977,1,0.00032809703
Cold,88729,587,586,1649,977,1,0.00031853188
Cold,24039,171,170,1649,977,1,-0.0017977185
Cold,26351,187,186,1649,977,1,-0.00316556
Cold,947708,5722,5721,1649,977,1,-0.0041763308
Cold,23058,166,165,1649,977,0,0.0023412225
Cold,152413,981,980,1649,977,1,-0.0026066336
Cold,16634,131,130,1649,977,1,-0.001912157
Cold,11371,87,86,1649,977,0,0.0040485626
Cold,234783,1425,1424,1649,977,1,0.0030281178
Cold,363,5,4,1649,977,1,-0.003989349
Cold,206696,1266,1265,1649,977,0,-0.0011616475
Cold,24299,173,172,1649,977,1,-0.0010713034
Cold,522280,3224,3223,1649,977,0,0.004017017
Cold,157865,1015,1014,1649,977,1,0.0006877165
Cold,159876,1019,1018,1649,977,1,-0.0019449252
Cold,933788,5636,5635,1649,977,1,0.006140886
Cold,241808,1457,1456,1649,977,1,-0.0120866215
Cold,249784,1505,1504,1649,977,1,0.0073594376
Cold,750602,4478,4477,1649,977,0,0.0010159854
Cold,497114,3054,3053,1649,977,0,-0.00635572
Cold,556504,3420,3419,1649,977,0,-0.0019897
Cold,309501,1842,1841,1649,977,1,0.0013828357
Cold,565429,3475,3474,1649,977,0,-0.004389245
Cold,370907,2168,2167,1649,977,1,-0.0015273369
Cold,216850,1317,1316,1649,977,1,-0.00400395
Cold,825720,4958,4957,1649,977,1,0.0049685715
Cold,839641,5046,5045,1649,977,1,-0.006528943
Cold,372597,2176,2175,1649,977,1,0.0010090983
Cold,329164,1943,1942,1649,977,1,-0.001686696
Cold,937352,5654,5653,1649,977,1,-0.003052188
Cold,124183,800,799,1654,979,0,0.0035122894
Cold,112322,731,730,1654,979,1,-0.0019108676
Cold,216376,1314,1313,1654,979,0,0.0003717707
Cold,107146,705,704,1654,979,0,-0.0030215043
Cold,94459,634,633,1654,979,1,0.01191167
Cold,93743,629,628,1654,979,0,0.0070239394
Cold,92205,614,613,1654,979,1,0.0045180456
Cold,183097,1141,1140,1654,979,0,0.0061052227
Cold,65217,438,437,1654,979,1,0.0009833509
Cold,38494,262,261,1654,979,1,-0.0069674095
Cold,27107,192,191,1654,979,1,3.8140686e-05
Cold,17473,136,135,1654,979,0,0.0065525766
Cold,11171,83,82,1654,979,0,-0.0008179005
Cold,10489,75,74,1654,979,1,0.0043856693
Cold,2199,18,17,1654,979,1,-0.0028380223
Cold,177957,1120,1119,1654,979,1,0.010119857
Cold,807727,4834,4833,1654,979,0,-0.0012094378
Cold,1139,10,9,1654,979,1,-0.004796518
Cold,73797,500,499,1654,979,1,0.008822933
Cold,922668,5571,5570,1654,979,1,0.007681218
Cold,932656,5630,5629,1654,979,1,0.0025602346
Cold,144789,934,933,1654,979,0,-0.0003433621
Cold,829990,4983,4982,1654,979,1,0.0036231626
Cold,115940,752,751,1654,979,0,0.0025667744
Cold,62654,424,423,1654,979,1,0.0018055107
Cold,832001,5001,5000,1654,979,1,0.00477773
Cold,439786,2688,2687,1654,979,0,0.0028607766
Cold,125484,808,807,1655,980,0,0.005591349
Cold,360547,2106,2105,1655,980,0,-0.0016954021
Cold,108647,712,711,1655,980,0,-0.0006731027
Cold,77260,524,523,1655,980,0,0.00278612
Cold,110635,721,720,1655,980,0,0.0020348108
Cold,41167,278,277,1655,980,1,6.163039e-05
Cold,537777,3312,3311,1655,980,0,0.00037728692
Cold,234793,1425,1424,1655,980,0,0.0052127517
Cold,697141,4169,4168,1655,980,0,0.007853709
Cold,2476,19,18,1655,980,0,-0.0055119605
Cold,365668,2129,2128,1655,980,0,-0.004955506
Cold,290012,1733,1732,1655,980,0,0.002536928
Cold,28063,195,194,1655,980,0,0.0014964977
Cold,171362,1088,1087,1655,980,0,-0.0056627514
Cold,264963,1611,1610,1655,980,0,-0.0037100874
Cold,474325,2910,2909,1655,980,1,0.00481202
Cold,497575,3055,3054,1655,980,0,-1.9664876e-06
Cold,416422,2507,2506,1658,981,1,-0.018735182
Cold,395072,2334,2333,1658,981,1,-0.0012567649
Cold,351496,2063,2062,1658,981,1,-0.014183737
Cold,375490,2188,2187,1658,981,0,-0.0019867744
Cold,371569,2172,2171,1658,981,0,-0.0073176306
Cold,352623,2064,2063,1658,981,0,-0.00306572
Cold,274308,1658,1657,1658,981,1,-0.0034494423
Cold,245104,1477,1476,1658,981,0,0.0011739268
Cold,201398,1242,1241,1658,981,1,-0.003934838
Cold,184986,1150,1149,1658,981,0,-0.008608462
Cold,307256,1835,1834,1658,981,1,-0.008884094
Cold,145258,935,934,1658,981,0,-0.010954259
Cold,156613,1010,1009,1658,981,0,-0.011467669
Cold,137910,889,888,1658,981,0,-0.012667314
Cold,126489,817,816,1658,981,0,-0.0069385697
Cold,223364,1354,1353,1658,981,1,-0.0065173144
Cold,124434,801,800,1658,981,0,-0.014343472
Cold,105905,699,698,1658,981,0,-0.010661093
Cold,176768,1117,1116,1658,981,1,-0.009031657
Cold,110636,721,720,1658,981,0,-0.0040805396
Cold,631397,3821,3820,1658,981,0,-0.005566564
Cold,107749,710,709,1658,981,0,-0.005794661
Cold,283945,1698,1697,1658,981,1,-0.009785654
Cold,90570,601,600,1658,981,0,-0.0010025116
Cold,99529,664,663,1658,981,0,-0.0055240192
Cold,360548,2106,2105,1658,981,1,-0.0040980084
Cold,82836,549,548,1658,981,0,-0.01288618
Cold,86512,566,565,1658,981,0,-0.0154684605
Cold,68159,457,456,1658,981,0,-0.0020786445
Cold,697144,4169,4168,1658,981,0,-0.013907867
Cold,290014,1733,1732,1658,981,0,-0.01233077
Cold,219068,1329,1328,1658,981,0,-0.019675624
Cold,7644,53,52,1658,981,1,-0.008949002
Cold,5701,41,40,1658,981,1,-0.005039661
Cold,104172,692,691,1658,981,1,-0.0051782425
Cold,20719,151,150,1658,981,0,-0.005226995
Cold,157883,1015,1014,1658,981,0,-0.008750652
Cold,286595,1712,1711,1658,981,0,0.0009921889
Cold,150447,970,969,1658,981,0,-0.019350886
Cold,844253,5074,5073,1658,981,0,-0.0115053635
Cold,241023,1451,1450,1658,981,0,-0.013313537
Cold,785829,4697,4696,1658,981,1,-0.009017825
Cold,570954,3503,3502,1658,981,1,-0.011784028
Cold,511788,3158,3157,1658,981,1,-0.008006311
Cold,222553,1347,1346,1658,981,1,-0.0014446578
Cold,237685,1447,1446,1658,981,1,-0.008025387
Cold,993683,6001,6000,1658,981,0,-0.007978665
Cold,893241,5394,5393,1658,981,0,-0.0187116
Cold,62659,424,423,1658,981,0,-0.012141904
Cold,304713,1812,1811,1658,981,1,-0.0053400216
Cold,257485,1579,1578,1658,981,0,-0.007042784
Cold,375861,2190,2189,1658,981,1,-0.0011804048
Cold,234794,1425,1424,1658,981,0,-0.013762923
Cold,295564,1755,1754,1658,981,0,-0.0032147556
Cold,171363,1088,1087,1658,981,0,-0.0037794637
Cold,549843,3391,3390,1658,981,0,-0.013417675
Cold,535823,3308,3307,1660,982,0,-0.0063666767
Cold,533102,3292,3291,1660,982,1,-0.0035706924
Cold,529505,3272,3271,1660,982,1,-0.0008956373
Cold,584603,3569,3568,1660,982,1,-0.00416179
Cold,831108,4995,4994,1660,982,1,-0.0036676177
Cold,522302,3224,3223,1660,982,0,0.0017039569
Cold,510197,3143,3142,1660,982,0,-0.004730846
Cold,687984,4116,4115,1660,982,1,-0.0011277789
Cold,508977,3131,3130,1660,982,1,-0.004436792
Cold,500196,3072,3071,1660,982,1,-0.0029612938
Cold,502829,3087,3086,1660,982,1,-0.0022153575
Cold,713704,4277,4276,1660,982,1,0.0005910554
Cold,574631,3518,3517,1660,982,1,-0.00077951816
Cold,494954,3036,3035,1660,982,1,0.00201698
Cold,477922,2934,2933,1660,982,0,-0.0009546523
Cold,567309,3483,3482,1660,982,1,-0.007416414
Cold,469859,2895,2894,1660,982,1,-0.0075424705
Cold,463104,2857,2856,1660,982,0,-0.0021238094
Cold,458866,2825,2824,1660,982,0,-0.005082303
Cold,440927,2700,2699,1660,982,1,-0.0008681889
Cold,431356,2628,2627,1660,982,0,-0.0051364987
Cold,419658,2537,2536,1660,982,0,-0.0066506346
Cold,408050,2453,2452,1660,982,0,-0.005663535
Cold,398972,2376,2375,1660,982,0,-0.010557829
Cold,383116,2238,2237,1660,982,1,-0.0016563833
Cold,381249,2230,2229,1660,982,0,-0.0024298693
Cold,377716,2205,2204,1660,982,1,-0.0003570402
Cold,372238,2174,2173,1660,982,0,0.00046039536
Cold,364619,2124,2123,1660,982,1,0.00395866
Cold,350665,2059,2058,1660,982,1,-0.0035575693
Cold,353969,2073,2072,1660,982,1,-0.0044382713
Cold,334951,1976,1975,1660,982,0,-0.0052750586
Cold,332971,1963,1962,1660,982,1,-0.00034630194
Cold,335592,1980,1979,1660,982,1,-0.0013480794
Cold,333283,1968,1967,1660,982,0,-0.0009011278
Cold,309510,1842,1841,1660,982,1,-0.0044064065
Cold,280748,1685,1684,1660,982,0,-0.0018645768
Cold,267507,1626,1625,1660,982,0,-0.008281976
Cold,265596,1613,1612,1660,982,1,-0.0053991666
Cold,283117,1696,1695,1660,982,0,-0.0004973707
Cold,325264,1926,1925,1660,982,1,-0.00531727
Cold,319200,1897,1896,1660,982,1,-0.0039062093
Cold,209365,1279,1278,1660,982,0,-0.011835028
Cold,272715,1647,1646,1660,982,0,-0.00403053
Cold,203979,1255,1254,1660,982,1,-0.005958328
Cold,307941,1836,1835,1660,982,1,0.00487666
Cold,210023,1284,1283,1660,982,0,-0.0044475747
Cold,191781,1182,1181,1660,982,0,-0.0053490335
Cold,373887,2181,2180,1660,982,0,-0.0024758521
Cold,188074,1167,1166,1660,982,0,-0.0006128311
Cold,184999,1150,1149,1660,982,0,-0.006381075
Cold,201401,1242,1241,1660,982,0,-0.010629736
Cold,263084,1605,1604,1660,982,1,-0.0035238299
Cold,166934,1062,1061,1660,982,1,-0.00066507526
Cold,327750,1941,1940,1660,982,0,-0.013552101
Cold,258328,1584,1583,1660,982,0,-0.00432855
Cold,156623,1010,1009,1660,982,0,-0.0037891124
Cold,148677,957,956,1660,982,1,-0.005466219
Cold,270782,1639,1638,1660,982,1,-0.008326146
Cold,195282,1203,1202,1660,982,0,-0.0051693986
Cold,216862,1317,1316,1660,982,1,-0.008582544
Cold,199317,1224,1223,1660,982,0,-0.002649821
Cold,311890,1860,1859,1660,982,0,-0.0059807813
Cold,136349,881,880,1660,982,0,-0.0033121973
Cold,199999,1228,1227,1660,982,1,0.0019548761
Cold,131778,854,853,1660,982,0,-0.005790379
Cold,121461,781,780,1660,982,0,-0.0009828266
Cold,234802,1425,1424,1660,982,1,-0.0045699826
Cold,115952,752,751,1660,982,1,-0.005391995
Cold,127237,822,821,1660,982,1,0.0035380097
Cold,111831,728,727,1660,982,0,-0.0090220645
Cold,107280,706,705,1660,982,0,-0.00557069
Cold,98637,660,659,1660,982,1,-0.00031724508
Cold,94558,635,634,1660,982,1,0.0032337198
Cold,93505,625,624,1660,982,1,0.005393753
Cold,697151,4169,4168,1660,982,1,-0.0057289638
Cold,89972,593,592,1660,982,1,-0.006649689
Cold,432072,2634,2633,1660,982,0,-0.0028501416
Cold,85527,558,557,1660,982,1,-0.0025681634
Cold,198130,1218,1217,1660,982,1,-0.0047936593
Cold,77269,524,523,1660,982,1,-0.01416528
Cold,83952,550,549,1660,982,1,-0.0016624781
Cold,73623,499,498,1660,982,1,-0.0060140053
Cold,71376,480,479,1660,982,1,-0.006375216
Cold,60125,409,408,1660,982,0,-0.0042293
Cold,50470,332,331,1660,982,1,0.00028854923
Cold,317550,1889,1888,1660,982,0,-0.0029947294
Cold,37872,259,258,1660,982,1,-0.0041598883
Cold,228075,1383,1382,1660,982,1,-0.007453978
Cold,91929,611,610,1660,982,1,-0.00023378292
Cold,26377,187,186,1660,982,1,0.0033103786
Cold,16959,133,132,1660,982,1,-0.006032479
Cold,7655,53,52,1660,982,1,-0.007607652
Cold,3934,28,27,1660,982,1,0.0010468871
Cold,666,8,7,1660,982,0,-0.0072251223
Cold,223375,1354,1353,1660,982,1,-0.0033681775
Cold,357305,2092,2091,1660,982,1,-0.0030087612
Cold,104176,692,691,1660,982,1,-0.004319254
Cold,206712,1266,1265,1660,982,0,-0.0056717806
Cold,79196,531,530,1660,982,0,-0.0060289335
Cold,233951,1422,1421,1660,982,0,-0.0014342519
Cold,157900,1015,1014,1660,982,1,-0.005077795
Cold,609015,3693,3692,1660,982,1,-0.006167043
Cold,181896,1137,1136,1660,982,0,-0.00059213955
Cold,222555,1347,1346,1660,982,0,-0.010235061
Cold,50086,331,330,1660,982,1,0.00021920237
Cold,257493,1579,1578,1660,982,0,-0.011371775
Cold,241027,1451,1450,1660,982,1,-0.0051633045
Cold,169889,1079,1078,1660,982,0,-0.009893055
Cold,484880,2986,2985,1660,982,1,-0.0124186035
Cold,246822,1491,1490,1660,982,0,-0.0057347515
Cold,992946,5998,5997,1660,982,0,-0.0068452815
Cold,947960,5723,5722,1660,982,0,-0.010835713
Cold,204466,1260,1259,1660,982,1,0.0025016083
Cold,254600,1547,1546,1660,982,1,-0.0007620312
Cold,832002,5001,5000,1660,982,0,-0.0032997523
Cold,497126,3054,3053,1660,982,1,-0.011315642
Cold,171376,1088,1087,1660,982,0,-0.0029397323
Cold,261141,1597,1596,1660,982,1,-0.007684229
Cold,293637,1748,1747,1661,983,0,-0.004651519
Cold,264817,1610,1609,1661,983,0,-0.004053553
Cold,391993,2304,2303,1661,983,1,-0.0051940703
Cold,250327,1509,1508,1661,983,1,-0.004734619
Cold,210024,1284,1283,1661,983,1,0.005416587
Cold,278798,1680,1679,1661,983,0,0.00038780505
Cold,183900,1146,1145,1661,983,0,0.00922955
Cold,190561,1181,1180,1661,983,0,-0.0019974748
Cold,263085,1605,1604,1661,983,0,-0.0028157006
Cold,105909,699,698,1661,983,0,-0.007910641
Cold,176776,1117,1116,1661,983,0,-0.0021423285
Cold,110645,721,720,1661,983,0,-0.014031935
Cold,940150,5675,5674,1661,983,0,-0.009198726
Cold,72899,493,492,1661,983,1,0.00418703
Cold,67352,453,452,1661,983,0,-0.014758648
Cold,55575,368,367,1661,983,1,-0.004148434
Cold,40343,272,271,1661,983,1,-0.004055678
Cold,13535,107,106,1661,983,0,0.0021163602
Cold,15548,123,122,1661,983,1,-0.0065764645
Cold,50088,331,330,1661,983,0,-0.0013062384
Cold,150454,970,969,1661,983,0,-0.0063532745
Cold,571933,3507,3506,1661,983,0,-0.00043499703
Cold,198363,1219,1218,1661,983,0,0.0075585814
Cold,317552,1889,1888,1661,983,0,0.011634788
Cold,599092,3648,3647,1661,983,0,-0.0010602118
Cold,179468,1125,1124,1661,983,0,-0.006838726
Cold,327752,1941,1940,1661,983,0,-0.006334979
Cold,331390,1958,1957,1661,983,0,-0.0022469638
Cold,424466,2575,2574,1667,985,1,0.0026213746
Cold,391999,2304,2303,1667,985,0,-0.0026588275
Cold,389897,2288,2287,1667,985,0,0.0041507334
Cold,386792,2262,2261,1667,985,1,0.002237756
Cold,381250,2230,2229,1667,985,1,0.0020671058
Cold,362798,2116,2115,1667,985,1,-0.0017041434
Cold,351518,2063,2062,1667,985,0,-0.0034261676
Cold,311649,1857,1856,1667,985,0,-0.003249973
Cold,321626,1908,1907,1667,985,0,0.002044429
Cold,281775,1690,1689,1667,985,0,0.0041282037
Cold,288794,1726,1725,1667,985,0,-0.0031434703
Cold,278808,1680,1679,1667,985,0,0.0046762507
Cold,264534,1609,1608,1667,985,0,0.008560037
Cold,243490,1468,1467,1667,985,0,-0.0052978126
Cold,243183,1466,1465,1667,985,0,0.0014099635
Cold,232108,1408,1407,1667,985,0,0.007658419
Cold,270785,1639,1638,1667,985,0,0.00072340947
Cold,213854,1299,1298,1667,985,0,0.0010877075
Cold,360565,2106,2105,1667,985,0,0.0017107008
Cold,193133,1193,1192,1667,985,0,0.001016487
Cold,187376,1163,1162,1667,985,0,-0.007594036
Cold,331395,1958,1957,1667,985,0,0.00604458
Cold,168283,1069,1068,1667,985,0,-0.003779095
Cold,165157,1053,1052,1667,985,0,-0.004252284
Cold,344391,2021,2020,1667,985,0,0.0012996087
Cold,154762,999,998,1667,985,0,-0.0013254834
Cold,249177,1502,1501,1667,985,1,-0.0036877573
Cold,325757,1928,1927,1667,985,0,0.0034090644
Cold,156630,1010,1009,1667,985,0,0.004876492
Cold,136353,881,880,1667,985,0,-0.008091044
Cold,133717,865,864,1667,985,1,0.00051492755
Cold,202362,1244,1243,1667,985,0,0.0010822336
Cold,779041,4653,4652,1667,985,0,0.0047475346
Cold,107762,710,709,1667,985,0,0.0044842334
Cold,121697,783,782,1667,985,0,-0.008489987
Cold,332532,1962,1961,1667,985,0,0.0064228037
Cold,238691,1448,1447,1667,985,0,0.0014482085
Cold,70095,474,473,1667,985,0,-0.006653523
Cold,47419,319,318,1667,985,0,0.0040721707
Cold,110650,721,720,1667,985,0,0.0025754324
Cold,697160,4169,4168,1667,985,0,0.00027282396
Cold,145263,935,934,1667,985,0,0.0072141723
Cold,626577,3792,3791,1667,985,1,0.0058571734
Cold,31206,210,209,1667,985,1,0.0046262364
Cold,18980,147,146,1667,985,0,-0.008176959
Cold,457738,2820,2819,1667,985,0,0.0058293887
Cold,354755,2077,2076,1667,985,0,-0.0008205329
Cold,237701,1447,1446,1667,985,1,-0.0036034558
Cold,571940,3507,3506,1667,985,0,0.0022395528
Cold,304723,1812,1811,1667,985,1,0.005181986
Cold,599097,3648,3647,1667,985,0,-0.0044573112
Cold,257497,1579,1578,1667,985,0,-0.00074230693
Cold,718828,4305,4304,1667,985,1,-0.0068319365
Cold,157923,1015,1014,1670,986,0,-0.0047079106
Cold,246226,1489,1488,1670,986,0,-0.008363813
Cold,137946,889,888,1670,986,0,-0.0011446917
Cold,136368,881,880,1670,986,0,0.003273584
Cold,115976,752,751,1670,986,1,-0.004216834
Cold,779045,4653,4652,1670,986,0,-0.00052566256
Cold,105921,699,698,1670,986,0,-0.0057878313
Cold,697169,4169,4168,1670,986,0,-0.0016117617
Cold,77293,524,523,1670,986,0,-0.006796459
Cold,317568,1889,1888,1670,986,1,-0.0025935234
Cold,44982,303,302,1670,986,1,-0.0048090937
Cold,16967,133,132,1670,986,1,0.0026253695
Cold,235505,1426,1425,1670,986,1,0.0014780406
Cold,490191,3017,3016,1670,986,1,-0.0011781374
Cold,254305,1546,1545,1670,986,1,-0.006193374
Cold,187531,1164,1163,1670,986,0,-0.0023570682
Cold,497133,3054,3053,1670,986,1,-0.0067890547
Cold,570966,3503,3502,1670,986,1,-0.004469025
Cold,795586,4765,4764,1670,986,1,0.0024087972
Cold,362272,2111,2110,1670,986,1,-0.0060395384
Cold,778162,4647,4646,1670,986,1,0.00074693165
Cold,223030,1352,1351,1670,986,0,0.00048143975
Cold,460228,2840,2839,1681,993,0,0.005768764
Cold,492583,3029,3028,1681,993,0,-0.0003586493
Cold,435758,2664,2663,1681,993,0,0.004914134
Cold,417082,2508,2507,1681,993,0,0.0028717804
Cold,408079,2453,2452,1681,993,0,0.011857265
Cold,406904,2445,2444,1681,993,0,0.00504326
Cold,383618,2242,2241,1681,993,0,0.0020125401
Cold,376329,2195,2194,1681,993,1,0.0060141943
Cold,375042,2186,2185,1681,993,1,-0.0024335012
Cold,369628,2163,2162,1681,993,0,0.00054789544
Cold,368744,2156,2155,1681,993,0,0.016821407
Cold,349802,2054,2053,1681,993,0,0.012618095
Cold,361483,2109,2108,1681,993,0,0.007999965
Cold,351559,2063,2062,1681,993,0,-0.0014722035
Cold,340506,2010,2009,1681,993,0,0.006853378
Cold,341470,2012,2011,1681,993,0,0.009915613
Cold,336925,1983,1982,1681,993,0,0.008344685
Cold,298652,1773,1772,1681,993,0,-0.0006061059
Cold,297372,1764,1763,1681,993,0,0.0073691285
Cold,288809,1726,1725,1681,993,0,0.0060252915
Cold,265625,1613,1612,1681,993,0,0.0054672565
Cold,247574,1496,1495,1681,993,0,0.0003988993
Cold,342295,2015,2014,1681,993,1,0.013121479
Cold,236197,1433,1432,1681,993,0,0.0061682146
Cold,228690,1384,1383,1681,993,0,0.009166146
Cold,337414,1984,1983,1681,993,0,-0.006799916
Cold,233007,1418,1417,1681,993,0,0.00746521
Cold,227024,1377,1376,1681,993,0,-0.0032781945
Cold,224072,1356,1355,1681,993,0,-0.00084236707
Cold,278857,1680,1679,1681,993,0,-0.0045739627
Cold,277502,1676,1675,1681,993,0,8.0335885e-06
Cold,190622,1181,1180,1681,993,0,0.018452898
Cold,186332,1152,1151,1681,993,0,0.008587912
Cold,248710,1501,1500,1681,993,0,0.008227088
Cold,175398,1112,1111,1681,993,0,0.0069132927
Cold,229200,1389,1388,1681,993,0,-0.006547317
Cold,227562,1380,1379,1681,993,1,0.0056458176
Cold,154780,999,998,1681,993,0,0.0052977707
Cold,323391,1917,1916,1681,993,0,-0.002002138
Cold,139143,890,889,1681,993,0,0.0012389226
Cold,276836,1675,1674,1681,993,0,0.0070469966
Cold,135500,877,876,1681,993,0,0.009661015
Cold,121838,785,784,1681,993,1,0.005957349
Cold,121038,780,779,1681,993,0,0.008036858
Cold,299503,1778,1777,1681,993,0,0.0034920813
Cold,96358,647,646,1681,993,0,-0.00070826185
Cold,329197,1943,1942,1681,993,0,0.0018669959
Cold,202979,1246,1245,1681,993,0,0.012692832
Cold,75245,510,509,1681,993,0,0.0006854981
Cold,70697,476,475,1681,993,0,0.0032418407
Cold,74672,509,508,1681,993,0,0.0024326602
Cold,53715,352,351,1681,993,0,0.00041389698
Cold,51147,337,336,1681,993,0,0.011443837
Cold,44473,302,301,1681,993,0,0.0028576397
Cold,41783,284,283,1681,993,0,0.0035921219
Cold,38027,260,259,1681,993,0,-0.00629068
Cold,537797,3312,3311,1681,993,0,0.0020689873
Cold,626598,3792,3791,1681,993,0,-0.0018013268
Cold,291233,1737,1736,1681,993,0,0.0001906422
Cold,234827,1425,1424,1681,993,0,0.0025482182
Cold,22495,163,162,1681,993,0,0.0066863424
Cold,14481,117,116,1681,993,0,0.0016330564
Cold,12302,93,92,1681,993,0,0.00542729
Cold,362418,2114,2113,1681,993,0,0.0035141928
Cold,54474,355,354,1681,993,0,0.0051321457
Cold,49390,329,328,1681,993,0,0.0059510237
Cold,790697,4728,4727,1681,993,0,0.011059781
Cold,102068,678,677,1681,993,0,0.009950552
Cold,633057,3824,3823,1681,993,0,0.0091245575
Cold,39984,271,270,1681,993,0,0.0015441102
Cold,599119,3648,3647,1681,993,0,-0.0017786319
Cold,272750,1647,1646,1681,993,0,0.0021999814
Cold,331423,1958,1957,1681,993,0,0.0087001985
Cold,461436,2847,2846,1681,993,0,0.007817295
Cold,392024,2304,2303,1686,996,0,-0.005371734
Cold,387689,2266,2265,1686,996,1,-0.00230626
Cold,382783,2237,2236,1686,996,1,-0.006563416
Cold,373155,2179,2178,1686,996,0,-0.0016972574
Cold,362827,2116,2115,1686,996,1,-0.0019299563
Cold,358421,2098,2097,1686,996,0,-0.0033147442
Cold,340509,2010,2009,1686,996,0,0.0025950694
Cold,295978,1757,1756,1686,996,1,-0.008368837
Cold,302058,1794,1793,1686,996,0,-0.008985978
Cold,299507,1778,1777,1686,996,1,-0.008469674
Cold,213348,1298,1297,1686,996,1,-0.006661352
Cold,210047,1284,1283,1686,996,0,-0.0015831059
Cold,327796,1941,1940,1686,996,1,-0.0006116843
Cold,321632,1908,1907,1686,996,1,-0.0014414375
Cold,307297,1835,1834,1686,996,0,-0.001617196
Cold,196382,1207,1206,1686,996,0,0.0008606155
Cold,275446,1667,1666,1686,996,1,-0.0018869301
Cold,360594,2106,2105,1686,996,0,-0.0015180551
Cold,117412,757,756,1686,996,1,-0.006781731
Cold,116006,752,751,1686,996,0,-0.0023285227
Cold,179490,1125,1124,1686,996,0,0.0010703967
Cold,109217,714,713,1686,996,1,-0.007004926
Cold,110670,721,720,1686,996,0,-0.0027339782
Cold,480034,2946,2945,1686,996,0,-0.0103004165
Cold,887105,5359,5358,1686,996,1,-0.0034110015
Cold,82894,549,548,1686,996,1,-0.006307047
Cold,204483,1260,1259,1686,996,0,-0.0015235683
Cold,59128,402,401,1686,996,0,-0.0035173823
Cold,239834,1449,1448,1686,996,0,-0.014230091
Cold,53718,352,351,1686,996,0,-0.0061995853
Cold,47450,319,318,1686,996,0,-0.008211168
Cold,638980,3842,3841,1686,996,1,-0.0024873097
Cold,42774,293,292,1686,996,0,0.00012663362
Cold,98664,660,659,1686,996,0,-0.002120618
Cold,33475,225,224,1686,996,0,0.0057893945
Cold,7693,53,52,1686,996,1,-0.007653463
Cold,219092,1329,1328,1686,996,0,-0.0054491977
Cold,254314,1546,1545,1686,996,1,-0.0028389806
Cold,626601,3792,3791,1686,996,1,-0.010867278
Cold,150479,970,969,1686,996,0,-0.014197813
Cold,65240,438,437,1686,996,0,-0.0015197741
Cold,567335,3483,3482,1686,996,1,-0.013160261
Cold,169895,1079,1078,1686,996,0,-0.0073816846
Cold,476276,2926,2925,1686,996,0,-0.001153349
Cold,331427,1958,1957,1686,996,0,-0.008855398
Cold,688323,4117,4116,1686,996,1,-0.0043104654
Cold,272752,1647,1646,1686,996,1,-0.013630025
Cold,171408,1088,1087,1686,996,0,-0.007886486
Cold,62131,419,418,1686,996,0,-0.0040921993
Cold,570979,3503,3502,1699,1003,1,0.014948433
Cold,502680,3086,3085,1699,1003,0,0.0050383564
Cold,799417,4790,4789,1699,1003,1,0.010771367
Cold,491167,3020,3019,1699,1003,1,0.00089283474
Cold,496854,3053,3052,1699,1003,0,0.008957822
Cold,497147,3054,3053,1699,1003,1,-0.0017270528
Cold,482620,2967,2966,1699,1003,0,0.0076808473
Cold,477106,2929,2928,1699,1003,1,-0.0044631287
Cold,852840,5113,5112,1699,1003,0,0.0062227035
Cold,466705,2878,2877,1699,1003,1,0.0034405654
Cold,443750,2737,2736,1699,1003,0,0.009954581
Cold,430971,2627,2626,1699,1003,1,0.012450071
Cold,429079,2611,2610,1699,1003,0,0.009102989
Cold,420877,2544,2543,1699,1003,1,0.00042756204
Cold,409138,2456,2455,1699,1003,0,0.012089483
Cold,386569,2261,2260,1699,1003,0,0.0055633374
Cold,384449,2246,2245,1699,1003,0,0.0074061593
Cold,381958,2232,2231,1699,1003,0,0.009702676
Cold,379158,2215,2214,1699,1003,1,0.0105783865
Cold,379697,2221,2220,1699,1003,1,0.010440219
Cold,364656,2124,2123,1699,1003,1,-0.0015331262
Cold,359976,2105,2104,1699,1003,0,0.0110448655
Cold,348904,2047,2046,1699,1003,1,0.010724812
Cold,337419,1984,1983,1699,1003,1,-0.0055466993
Cold,334164,1970,1969,1699,1003,0,-0.004906793
Cold,329962,1947,1946,1699,1003,0,0.002845266
Cold,326380,1932,1931,1699,1003,0,0.010336161
Cold,292200,1741,1740,1699,1003,1,-0.0007587336
Cold,267522,1626,1625,1699,1003,1,0.0024157492
Cold,255042,1552,1551,1699,1003,1,0.012206299
Cold,251526,1521,1520,1699,1003,1,0.0037847788
Cold,233357,1420,1419,1699,1003,1,0.0070499997
Cold,226662,1374,1373,1699,1003,0,0.0027362532
Cold,284002,1698,1697,1699,1003,1,0.01629107
Cold,210740,1285,1284,1699,1003,0,0.006812742
Cold,200502,1231,1230,1699,1003,0,0.0026416085
Cold,308488,1837,1836,1699,1003,0,0.006830503
Cold,278889,1680,1679,1699,1003,0,0.0068580783
Cold,196865,1208,1207,1699,1003,1,0.0011754702
Cold,294214,1749,1748,1699,1003,0,0.01530831
Cold,226820,1376,1375,1699,1003,1,0.00343714
Cold,184309,1147,1146,1699,1003,1,0.0027357633
Cold,185062,1150,1149,1699,1003,1,0.012131706
Cold,307306,1835,1834,1699,1003,1,0.008591231
Cold,181421,1134,1133,1699,1003,1,0.0022194842
Cold,181254,1133,1132,1699,1003,0,0.0026572216
Cold,169370,1075,1074,1699,1003,1,0.009883162
Cold,168327,1069,1068,1699,1003,1,-0.0070782346
Cold,166374,1059,1058,1699,1003,0,0.0047520944
Cold,167501,1067,1066,1699,1003,1,-0.0013554288
Cold,270400,1636,1635,1699,1003,0,0.012320351
Cold,169527,1077,1076,1699,1003,1,0.012482955
Cold,159929,1019,1018,1699,1003,0,0.008525899
Cold,150029,966,965,1699,1003,0,0.0018062171
Cold,148692,957,956,1699,1003,1,0.009218756
Cold,267890,1628,1627,1699,1003,0,0.0068657408
Cold,143834,928,927,1699,1003,0,0.009567815
Cold,138005,889,888,1699,1003,1,0.010655059
Cold,136400,881,880,1699,1003,0,0.0069047185
Cold,117892,760,759,1699,1003,1,0.011402426
Cold,123087,795,794,1699,1003,0,0.008792423
Cold,107295,706,705,1699,1003,1,0.009518233
Cold,89552,590,589,1699,1003,1,0.009066185
Cold,88437,584,583,1699,1003,0,0.0010695852
Cold,78905,530,529,1699,1003,1,-0.0027194885
Cold,77330,524,523,1699,1003,1,0.011404483
Cold,74313,507,506,1699,1003,1,0.0026042005
Cold,47958,321,320,1699,1003,1,-0.004412883
Cold,41453,281,280,1699,1003,1,0.00902044
Cold,111413,725,724,1699,1003,1,0.0010999853
Cold,33495,225,224,1699,1003,0,0.008689927
Cold,199823,1227,1226,1699,1003,1,0.009176765
Cold,21999,161,160,1699,1003,1,0.0021599727
Cold,451715,2781,2780,1699,1003,1,3.4308527e-05
Cold,18306,142,141,1699,1003,0,0.01385542
Cold,17498,136,135,1699,1003,1,0.012504497
Cold,9949,69,68,1699,1003,0,0.004523158
Cold,223417,1354,1353,1699,1003,1,0.0063352673
Cold,4305,33,32,1699,1003,0,0.004220023
Cold,129285,839,838,1699,1003,1,0.004019862
Cold,893264,5394,5393,1699,1003,1,0.0048655667
Cold,460601,2841,2840,1699,1003,1,0.0009121748
Cold,157963,1015,1014,1699,1003,1,0.012652756
Cold,750617,4478,4477,1699,1003,0,0.017133571
Cold,553822,3410,3409,1699,1003,0,0.008189622
Cold,304763,1812,1811,1699,1003,0,0.009240951
Cold,565465,3475,3474,1699,1003,0,-0.00416589
Cold,24356,173,172,1699,1003,0,0.002688208
Cold,772886,4607,4606,1699,1003,1,0.012084301
Cold,176810,1117,1116,1699,1003,0,0.0067477734
Cold,164392,1051,1050,1699,1003,0,0.008205291
Cold,484917,2986,2985,1699,1003,0,0.00638986
Cold,212024,1291,1290,1699,1003,1,0.010494119
Cold,796280,4771,4770,1699,1003,0,0.0076285778
Cold,937366,5654,5653,1699,1003,1,0.013434242
Cold,60601,411,410,1703,1006,0,-0.0040267017
Cold,331717,1958,1957,1703,1006,0,0.008898789
Cold,658434,3967,3966,1707,1008,0,0.009977644
Cold,575430,3519,3518,1707,1008,0,0.013993143
Cold,554527,3411,3410,1707,1008,0,0.0015673849
Cold,541058,3328,3327,1707,1008,0,0.006462436
Cold,537269,3311,3310,1707,1008,0,0.0059307916
Cold,536098,3308,3307,1707,1008,0,0.010532457
Cold,539965,3320,3319,1707,1008,0,0.002749988
Cold,520082,3208,3207,1707,1008,0,0.0060263183
Cold,514970,3180,3179,1707,1008,0,0.015569256
Cold,494273,3032,3031,1707,1008,1,0.0108122835
Cold,488713,3007,3006,1707,1008,0,0.0068486175
Cold,487590,2999,2998,1707,1008,1,0.0017635224
Cold,476105,2923,2922,1707,1008,0,0.012228146
Cold,472686,2907,2906,1707,1008,0,0.011891169
Cold,470444,2896,2895,1707,1008,0,0.008567551
Cold,456512,2810,2809,1707,1008,0,0.005873735
Cold,448954,2767,2766,1707,1008,0,-0.0031548117
Cold,441705,2712,2711,1707,1008,0,0.005440034
Cold,453277,2792,2791,1707,1008,0,-0.0030256175
Cold,423479,2566,2565,1707,1008,0,-0.00022422418
Cold,420506,2541,2540,1707,1008,1,0.0032251999
Cold,405632,2430,2429,1707,1008,0,-0.005081325
Cold,399545,2378,2377,1707,1008,0,0.005774878
Cold,398540,2371,2370,1707,1008,1,-0.00021566264
Cold,393556,2316,2315,1707,1008,0,0.006749497
Cold,392303,2304,2303,1707,1008,1,0.0052162004
Cold,390062,2288,2287,1707,1008,0,0.009548316
Cold,370527,2166,2165,1707,1008,0,0.0077558323
Cold,365237,2125,2124,1707,1008,1,-0.012242897
Cold,356000,2085,2084,1707,1008,0,0.0034185199
Cold,361738,2109,2108,1707,1008,0,0.0051400494
Cold,340739,2010,2009,1707,1008,0,0.009850023
Cold,341667,2012,2011,1707,1008,0,0.011034038
Cold,343687,2018,2017,1707,1008,0,0.002748944
Cold,297582,1764,1763,1707,1008,0,0.012757212
Cold,264662,1609,1608,1707,1008,0,0.011918464
Cold,360899,2106,2105,1707,1008,0,0.011336096
Cold,228360,1383,1382,1707,1008,0,0.0028971846
Cold,224226,1356,1355,1707,1008,0,0.0057709366
Cold,227209,1377,1376,1707,1008,0,0.015367735
Cold,212977,1297,1296,1707,1008,0,0.0030521944
Cold,213543,1298,1297,1707,1008,0,0.004804346
Cold,199750,1225,1224,1707,1008,0,0.007255685
Cold,279481,1680,1679,1707,1008,0,0.00796614
Cold,248415,1499,1498,1707,1008,1,0.007204161
Cold,328312,1941,1940,1707,1008,0,0.0005641144
Cold,173727,1100,1099,1707,1008,0,0.015670389
Cold,227656,1380,1379,1707,1008,0,0.004921913
Cold,342590,2015,2014,1707,1008,0,0.016034238
Cold,155942,1004,1003,1707,1008,0,0.009684004
Cold,165488,1054,1053,1707,1008,1,0.0021894514
Cold,156998,1010,1009,1707,1008,0,0.0098603135
Cold,136692,881,880,1707,1008,0,-0.00017012004
Cold,248894,1501,1500,1707,1008,0,0.0077001546
Cold,121202,780,779,1707,1008,0,0.010959184
Cold,216452,1314,1313,1707,1008,0,0.0017505079
Cold,106153,699,698,1707,1008,0,0.021588355
Cold,109344,714,713,1707,1008,0,0.0030501683
Cold,93832,629,628,1707,1008,1,0.010357924
Cold,83262,549,548,1707,1008,0,0.0098872045
Cold,84297,550,549,1707,1008,0,-0.0005299896
Cold,299691,1778,1777,1707,1008,0,0.009774503
Cold,73133,494,493,1707,1008,1,0.009772651
Cold,70832,476,475,1707,1008,0,0.0070641073
Cold,68776,461,460,1707,1008,0,0.016448375
Cold,87092,569,568,1707,1008,1,0.0026302664
Cold,65435,438,437,1707,1008,0,0.0068627982
Cold,58314,393,392,1707,1008,0,0.002380401
Cold,74929,509,508,1707,1008,0,0.02082645
Cold,240226,1449,1448,1707,1008,0,0.016716523
Cold,46416,310,309,1707,1008,0,0.009061751
Cold,44352,302,301,1707,1008,0,0.00012585241
Cold,41718,284,283,1707,1008,0,0.0020970567
Cold,31492,214,213,1707,1008,0,0.009227886
Cold,291497,1737,1736,1707,1008,0,0.0020146545
Cold,300425,1780,1779,1707,1008,0,0.0065935664
Cold,15012,119,118,1707,1008,1,-0.0022886079
Cold,10481,75,74,1707,1008,1,0.0045471126
Cold,49276,329,328,1707,1008,0,0.013232108
Cold,9539,63,62,1707,1008,0,-0.0025663027
Cold,19296,148,147,1707,1008,0,-6.860192e-05
Cold,552449,3401,3400,1707,1008,0,0.0055401353
Cold,954332,5761,5760,1707,1008,0,0.002127708
Cold,386115,2258,2257,1707,1008,0,0.005386026
Cold,363158,2116,2115,1707,1008,1,0.011788843
Cold,79509,531,530,1707,1008,0,0.008236701
Cold,489677,3013,3012,1707,1008,0,-0.0019386718
Cold,45852,308,307,1707,1008,0,0.014470733
Cold,336066,1980,1979,1707,1008,0,0.019383483
Cold,473793,2909,2908,1707,1008,0,0.011789637
Cold,178682,1121,1120,1707,1008,0,0.011148576
Cold,941745,5682,5681,1707,1008,0,0.0078703305
Cold,193742,1194,1193,1707,1008,0,0.0044901003
Cold,178207,1120,1119,1707,1008,0,0.013040928
Cold,580030,3540,3539,1726,1015,0,0.0009631264
Cold,509863,3140,3139,1726,1015,0,-0.005265885
Cold,504835,3106,3105,1726,1015,0,-0.0036033308
Cold,483973,2976,2975,1726,1015,0,0.01124618
Cold,474752,2913,2912,1726,1015,1,-0.0039955396
Cold,470756,2898,2897,1726,1015,0,0.0060390923
Cold,473847,2909,2908,1726,1015,0,-0.0042582843
Cold,646753,3892,3891,1726,1015,0,0.0100257415
Cold,468533,2887,2886,1726,1015,0,-0.004846588
Cold,463886,2859,2858,1726,1015,0,-0.002512243
Cold,456092,2808,2807,1726,1015,0,0.010482729
Cold,451009,2777,2776,1726,1015,0,-0.0054605594
Cold,449007,2768,2767,1726,1015,0,0.0014308024
Cold,444738,2743,2742,1726,1015,1,0.0067527955
Cold,443890,2737,2736,1726,1015,0,0.0052602785
Cold,442446,2724,2723,1726,1015,1,-0.00052737445
Cold,430817,2626,2625,1726,1015,1,-0.00064498023
Cold,430129,2621,2620,1726,1015,0,0.0031861367
Cold,409256,2456,2455,1726,1015,0,0.002519685
Cold,398288,2368,2367,1726,1015,1,-0.00079872186
Cold,392332,2304,2303,1726,1015,1,0.0050093518
Cold,436557,2665,2664,1726,1015,0,-0.005916477
Cold,381366,2230,2229,1726,1015,0,0.0010723819
Cold,368436,2153,2152,1726,1015,1,0.0013931289
Cold,368857,2156,2155,1726,1015,0,-0.012149798
Cold,366224,2131,2130,1726,1015,1,-0.00477505
Cold,301814,1793,1792,1726,1015,0,0.0053013647
Cold,240805,1450,1449,1726,1015,0,0.0050555756
Cold,325484,1926,1925,1726,1015,1,-0.0057058088
Cold,219938,1333,1332,1726,1015,0,-0.0009663142
Cold,226400,1370,1369,1726,1015,0,-0.0035980348
Cold,279547,1680,1679,1726,1015,0,0.0006166983
Cold,342617,2015,2014,1726,1015,1,-0.0075221043
Cold,168553,1069,1068,1726,1015,0,0.0067538694
Cold,191154,1181,1180,1726,1015,1,0.003954489
Cold,175641,1112,1111,1726,1015,0,-0.0029981134
Cold,167224,1064,1063,1726,1015,1,0.0032740748
Cold,153161,984,983,1726,1015,0,-0.0016118793
Cold,249292,1502,1501,1726,1015,1,-0.006376016
Cold,136716,881,880,1726,1015,0,-0.0029339131
Cold,116379,752,751,1726,1015,0,-0.011252216
Cold,113051,733,732,1726,1015,0,-0.0007793497
Cold,120496,777,776,1726,1015,0,-0.00048973947
Cold,109861,716,715,1726,1015,1,0.00042629964
Cold,121215,780,779,1726,1015,0,0.004787038
Cold,108118,710,709,1726,1015,0,-0.0003695779
Cold,106177,699,698,1726,1015,1,0.007856244
Cold,100914,673,672,1726,1015,0,0.009296636
Cold,200093,1228,1227,1726,1015,0,-0.0067783985
Cold,177058,1117,1116,1726,1015,0,0.0026741114
Cold,91460,605,604,1726,1015,1,-5.488796e-05
Cold,81782,543,542,1726,1015,1,-0.005493967
Cold,239099,1448,1447,1726,1015,1,-0.005153979
Cold,72172,482,481,1726,1015,0,0.0025292833
Cold,68797,461,460,1726,1015,0,0.00045657135
Cold,67210,452,451,1726,1015,0,0.008878365
Cold,240266,1449,1448,1726,1015,0,-0.010926748
Cold,53629,352,351,1726,1015,1,-0.0020844706
Cold,355617,2082,2081,1726,1015,0,-0.013131082
Cold,37365,255,254,1726,1015,1,-0.002611149
Cold,36385,245,244,1726,1015,0,-0.004022198
Cold,34106,230,229,1726,1015,1,0.0053654416
Cold,19324,148,147,1726,1015,1,-0.0029769314
Cold,796354,4771,4770,1726,1015,1,-0.0031916795
Cold,7636,53,52,1726,1015,0,0.0032212725
Cold,30457,204,203,1726,1015,0,-0.0042218165
Cold,104424,692,691,1726,1015,0,-0.000950166
Cold,50066,331,330,1726,1015,0,0.0008237369
Cold,65450,438,437,1726,1015,1,0.010841757
Cold,238062,1447,1446,1726,1015,0,0.0016953573
Cold,28056,195,194,1726,1015,1,-0.006692533
Cold,376426,2195,2194,1726,1015,1,0.009155239
Cold,195578,1203,1202,1726,1015,0,-0.0011012973
Cold,720554,4312,4311,1726,1015,0,-0.002274715
Cold,257780,1579,1578,1726,1015,0,-0.0044094957
Cold,178232,1120,1119,1726,1015,0,-0.009962519
Cold,62118,419,418,1726,1015,0,-0.009939815
Cold,653621,3940,3939,1730,1018,0,0.0013807234
Cold,645872,3887,3886,1730,1018,1,0.001570339
Cold,642816,3868,3867,1730,1018,1,0.005264648
Cold,642204,3862,3861,1730,1018,1,0.006837032
Cold,632535,3823,3822,1730,1018,1,-0.0012095622
Cold,619257,3752,3751,1730,1018,1,-0.006716727
Cold,607742,3688,3687,1730,1018,1,-0.002512476
Cold,572299,3507,3506,1730,1018,1,0.006363517
Cold,644232,3882,3881,1730,1018,1,-0.0010134983
Cold,568774,3490,3489,1730,1018,1,-0.0009820081
Cold,804529,4816,4815,1730,1018,1,0.003114339
Cold,714017,4277,4276,1730,1018,1,0.006761735
Cold,565018,3473,3472,1730,1018,1,0.005349861
Cold,561281,3453,3452,1730,1018,1,9.180483e-05
Cold,546893,3371,3370,1730,1018,1,0.0054158885
Cold,545507,3364,3363,1730,1018,0,-0.006189867
Cold,748932,4471,4470,1730,1018,0,0.0006426724
Cold,532839,3291,3290,1730,1018,0,0.0024230392
Cold,521159,3216,3215,1730,1018,1,-0.004961839
Cold,522743,3224,3223,1730,1018,0,-0.0033063511
Cold,519554,3205,3204,1730,1018,0,0.0018037139
Cold,509009,3131,3130,1730,1018,1,0.0058759116
Cold,481306,2957,2956,1730,1018,1,0.012673855
Cold,478168,2934,2933,1730,1018,0,0.0055762776
Cold,477532,2931,2930,1730,1018,0,-0.003281104
Cold,697566,4169,4168,1730,1018,1,0.0026964513
Cold,484243,2979,2978,1730,1018,1,0.0042370935
Cold,870563,5256,5255,1730,1018,0,0.0023602159
Cold,468543,2887,2886,1730,1018,1,-0.003925506
Cold,465401,2870,2869,1730,1018,0,0.0019425794
Cold,460771,2841,2840,1730,1018,1,0.00090649514
Cold,421105,2544,2543,1730,1018,0,0.006305556
Cold,413439,2486,2485,1730,1018,0,0.0036358885
Cold,401906,2398,2397,1730,1018,1,-0.0008520646
Cold,399922,2380,2379,1730,1018,1,0.0019065733
Cold,390735,2293,2292,1730,1018,1,0.0048621404
Cold,386395,2259,2258,1730,1018,1,0.0011292526
Cold,364865,2124,2123,1730,1018,1,0.008062436
Cold,323226,1916,1915,1730,1018,0,0.0019816668
Cold,309948,1843,1842,1730,1018,0,-0.00038918434
Cold,306718,1829,1828,1730,1018,0,0.002037106
Cold,315404,1880,1879,1730,1018,1,0.005186862
Cold,279575,1680,1679,1730,1018,1,0.0043236683
Cold,274459,1658,1657,1730,1018,0,-0.001486167
Cold,269143,1632,1631,1730,1018,0,-0.002307107
Cold,245839,1484,1483,1730,1018,1,0.004133594
Cold,631689,3821,3820,1730,1018,1,-0.008646768
Cold,319450,1897,1896,1730,1018,0,0.0017110938
Cold,221471,1340,1339,1730,1018,0,0.00940296
Cold,209512,1279,1278,1730,1018,1,0.0044357143
Cold,308771,1837,1836,1730,1018,1,0.011861102
Cold,219950,1333,1332,1730,1018,0,0.0027589211
Cold,177631,1119,1118,1730,1018,1,0.0030969414
Cold,172380,1090,1089,1730,1018,1,0.010227421
Cold,168563,1069,1068,1730,1018,1,-0.0074922685
Cold,191171,1181,1180,1730,1018,0,0.008394849
Cold,214974,1303,1302,1730,1018,0,0.02108723
Cold,162705,1038,1037,1730,1018,1,-0.00018678466
Cold,153173,984,983,1730,1018,1,0.0041911877
Cold,148364,955,954,1730,1018,0,-0.0018725949
Cold,195591,1203,1202,1730,1018,1,-0.002034405
Cold,143914,928,927,1730,1018,0,0.001716448
Cold,157040,1010,1009,1730,1018,0,-0.004785272
Cold,138537,889,888,1730,1018,0,0.0014258508
Cold,136730,881,880,1730,1018,0,0.003974789
Cold,554549,3411,3410,1730,1018,0,0.0009052692
Cold,178245,1120,1119,1730,1018,1,0.000108619686
Cold,294977,1752,1751,1730,1018,0,-0.0033942608
Cold,284335,1698,1697,1730,1018,1,0.0007442704
Cold,89605,590,589,1730,1018,1,0.0059118867
Cold,239119,1448,1447,1730,1018,1,-0.009799333
Cold,84334,550,549,1730,1018,0,0.006868728
Cold,74957,509,508,1730,1018,1,-0.0072723962
Cold,197391,1211,1210,1730,1018,1,0.011100508
Cold,71422,480,479,1730,1018,1,-0.0041419677
Cold,67513,453,452,1730,1018,0,0.0020525558
Cold,240286,1449,1448,1730,1018,1,-0.0072851367
Cold,53648,352,351,1730,1018,1,-0.01068615
Cold,333940,1969,1968,1730,1018,1,-0.00042877765
Cold,43607,300,299,1730,1018,0,-0.0015207988
Cold,58000,392,391,1730,1018,1,-0.007038823
Cold,38253,261,260,1730,1018,0,0.002860413
Cold,35257,238,237,1730,1018,1,0.005066376
Cold,31997,216,215,1730,1018,1,0.008226312
Cold,28074,195,194,1730,1018,1,0.0059644636
Cold,734702,4387,4386,1730,1018,1,0.00076928455
Cold,27114,192,191,1730,1018,1,-0.004192518
Cold,148798,957,956,1730,1018,0,0.0010841149
Cold,21972,161,160,1730,1018,1,-0.006029332
Cold,9239,62,61,1730,1018,1,0.009256938
Cold,665,8,7,1730,1018,1,-0.0015979105
Cold,399,5,4,1730,1018,1,-0.0035807127
Cold,223656,1354,1353,1730,1018,1,0.0037062473
Cold,42751,293,292,1730,1018,1,0.0057470906
Cold,235103,1425,1424,1730,1018,0,-0.004563127
Cold,129549,839,838,1730,1018,1,0.0021243335
Cold,986807,5956,5955,1730,1018,1,0.00684165
Cold,158408,1015,1014,1730,1018,1,0.004650045
Cold,326154,1930,1929,1730,1018,1,-0.008091237
Cold,823562,4950,4949,1730,1018,1,-0.004794636
Cold,110925,721,720,1730,1018,0,0.0041612023
Cold,750686,4478,4477,1730,1018,1,0.010324834
Cold,835205,5019,5018,1730,1018,1,0.0018128357
Cold,317819,1889,1888,1730,1018,1,-0.0033098066
Cold,541673,3333,3332,1730,1018,0,-0.000681442
Cold,229350,1389,1388,1730,1018,1,-0.0022010512
Cold,191920,1182,1181,1730,1018,1,-0.00090849993
Cold,117200,755,754,1730,1018,1,-0.0009333923
Cold,285398,1701,1700,1730,1018,1,0.0074948603
Cold,657601,3963,3962,1730,1018,1,0.008115121
Cold,342636,2015,2014,1730,1018,0,0.0007331325
Cold,538041,3312,3311,1730,1018,0,0.009525897
Cold,187720,1164,1163,1730,1018,1,0.008419727
Cold,322525,1912,1911,1730,1018,0,9.004236e-05
Cold,116398,752,751,1730,1018,1,-0.0015489622
Cold,790819,4728,4727,1730,1018,0,0.005350155
Cold,19342,148,147,1731,1019,1,-0.01171939
Cold,28076,195,194,1731,1019,0,-0.01215401
Cold,63138,424,423,1731,1019,0,-0.009179674
Cold,718983,4305,4304,1731,1019,0,-0.01611127
Cold,44975,303,302,1733,1021,0,0.00082576973
Cold,61250,412,411,1733,1021,1,0.0043126927
Cold,27543,193,192,1733,1021,1,-0.0006110887
Cold,26376,187,186,1733,1021,0,0.0012288943
Cold,34695,235,234,1733,1021,1,0.009338913
Cold,6420,45,44,1733,1021,0,-0.0011243238
Cold,4995,35,34,1733,1021,1,0.0015725128
Cold,405,5,4,1733,1021,0,-0.00518493
Cold,20726,151,150,1733,1021,0,0.0040814243
Cold,485166,2986,2985,1733,1021,1,0.0015339213
Cold,158410,1015,1014,1733,1021,0,-0.00046589226
Cold,76400,518,517,1733,1021,0,0.00061362213
Cold,778304,4647,4646,1733,1021,1,-0.0027866224
Cold,502952,3087,3086,1733,1021,1,-0.002843633
Cold,102424,678,677,1733,1021,0,-0.001435627
Cold,222617,1347,1346,1733,1021,0,-0.010456818
Cold,50085,331,330,1733,1021,0,0.0013906192
Cold,739578,4418,4417,1733,1021,0,0.0036734631
Cold,305020,1812,1811,1733,1021,1,-0.0015190654
Cold,322526,1912,1911,1733,1021,0,-0.006583154
Cold,263488,1605,1604,1733,1021,0,0.010675155
Cold,193777,1194,1193,1733,1021,0,-0.0050077164
Cold,184067,1146,1145,1744,1024,0,0.0001698474
Cold,249303,1502,1501,1744,1024,0,0.007903149
Cold,145422,935,934,1744,1024,0,-0.012359406
Cold,106204,699,698,1744,1024,0,0.007009168
Cold,81798,543,542,1744,1024,1,0.0022990475
Cold,50864,335,334,1744,1024,0,0.006096333
Cold,626935,3792,3791,1744,1024,0,0.0027296012
Cold,29166,199,198,1744,1024,1,-0.001757524
Cold,291554,1737,1736,1744,1024,1,-0.0062458646
Cold,22478,163,162,1744,1024,0,0.0021180282
Cold,27138,192,191,1744,1024,0,0.004805901
Cold,150687,970,969,1744,1024,0,0.006856973
Cold,288483,1723,1722,1744,1024,1,0.017797047
Cold,363224,2116,2115,1744,1024,0,0.017359477
Cold,145863,937,936,1744,1024,0,-0.0010419749
Cold,331777,1958,1957,1744,1024,0,0.006201899
Cold,714033,4277,4276,1744,1024,0,0.001839547
Cold,52144,343,342,1750,1027,1,-0.0014064464
Cold,242372,1463,1462,1750,1027,0,0.00059633143
Cold,206416,1265,1264,1750,1027,0,0.003545336
Cold,578542,3536,3535,1753,1029,0,0.0077244416
Cold,577354,3526,3525,1753,1029,0,0.0081937555
Cold,579554,3539,3538,1753,1029,1,0.00646721
Cold,572318,3507,3506,1753,1029,0,0.0025575673
Cold,572923,3509,3508,1753,1029,0,0.0023100674
Cold,659213,3971,3970,1753,1029,1,-0.0019461446
Cold,561291,3453,3452,1753,1029,0,0.0050145593
Cold,563155,3464,3463,1753,1029,0,0.0010755388
Cold,542345,3336,3335,1753,1029,0,0.003431774
Cold,538056,3312,3311,1753,1029,0,-0.00530873
Cold,537335,3311,3310,1753,1029,0,0.0002826436
Cold,536552,3309,3308,1753,1029,1,-0.0063265697
Cold,533973,3295,3294,1753,1029,1,-0.0012692254
Cold,584779,3569,3568,1753,1029,1,-0.0044712285
Cold,531166,3280,3279,1753,1029,0,-0.0018060571
Cold,519822,3207,3206,1753,1029,1,-0.0013966825
Cold,575465,3519,3518,1753,1029,0,0.0054639196
Cold,517683,3195,3194,1753,1029,1,1.4134217e-05
Cold,515607,3182,3181,1753,1029,1,0.0018322757
Cold,515002,3180,3179,1753,1029,0,-0.0009220124
Cold,574845,3518,3517,1753,1029,0,-0.0030163703
Cold,506223,3114,3113,1753,1029,0,-0.0024309768
Cold,483978,2976,2975,1753,1029,1,0.0045259423
Cold,567613,3483,3482,1753,1029,0,-0.004574815
Cold,468993,2888,2887,1753,1029,1,-0.0008583681
Cold,470467,2896,2895,1753,1029,0,5.169306e-06
Cold,467992,2885,2884,1753,1029,0,0.0040225377
Cold,458114,2820,2819,1753,1029,1,0.0026667735
Cold,487138,2996,2995,1753,1029,0,0.00045607705
Cold,477536,2931,2930,1753,1029,1,0.0034153978
Cold,453294,2792,2791,1753,1029,0,0.00556149
Cold,564583,3471,3470,1753,1029,0,0.0028640758
Cold,436586,2665,2664,1753,1029,0,0.00017656945
Cold,414297,2494,2493,1753,1029,1,-0.003128444
Cold,412918,2484,2483,1753,1029,0,-0.007275603
Cold,401016,2389,2388,1753,1029,1,0.00823139
Cold,370540,2166,2165,1753,1029,1,0.0022369963
Cold,382516,2235,2234,1753,1029,1,-0.0018176208
Cold,367973,2148,2147,1753,1029,1,-0.009714192
Cold,368868,2156,2155,1753,1029,1,-0.0018531799
Cold,352113,2063,2062,1753,1029,1,-0.0012771196
Cold,342658,2015,2014,1753,1029,1,-0.010651427
Cold,345857,2029,2028,1753,1029,1,0.0011247857
Cold,340809,2010,2009,1753,1029,1,0.0010980675
Cold,333950,1969,1968,1753,1029,1,-0.0025512534
Cold,309341,1841,1840,1753,1029,0,-0.0051921634
Cold,298723,1774,1773,1753,1029,0,-0.008524019
Cold,290807,1735,1734,1753,1029,1,0.00013045315
Cold,297630,1764,1763,1753,1029,1,-0.0038671452
Cold,301339,1790,1789,1753,1029,1,-0.0040141162
Cold,310156,1845,1844,1753,1029,0,-0.005810213
Cold,274467,1658,1657,1753,1029,1,-0.0050917333
Cold,271518,1641,1640,1753,1029,0,-0.0049662273
Cold,279624,1680,1679,1753,1029,0,-0.006688264
Cold,273758,1650,1649,1753,1029,0,0.0057458603
Cold,268059,1628,1627,1753,1029,0,-0.0067454674
Cold,266466,1616,1615,1753,1029,1,0.0020997706
Cold,251348,1517,1516,1753,1029,0,0.002711872
Cold,247811,1496,1495,1753,1029,0,-0.012983872
Cold,260696,1593,1592,1753,1029,0,0.00854352
Cold,243284,1466,1465,1753,1029,1,-0.007506647
Cold,236453,1434,1433,1753,1029,0,0.0029282735
Cold,270096,1635,1634,1753,1029,0,-0.0058479775
Cold,296860,1759,1758,1753,1029,1,0.0066161593
Cold,285815,1705,1704,1753,1029,0,-0.0075740796
Cold,277856,1676,1675,1753,1029,0,0.00086111063
Cold,250461,1509,1508,1753,1029,0,0.007604668
Cold,205379,1263,1262,1753,1029,1,-0.0072062225
Cold,294400,1749,1748,1753,1029,0,-0.0015309786
Cold,186180,1151,1150,1753,1029,1,-0.004390336
Cold,183603,1142,1141,1753,1029,0,-0.0020468575
Cold,185533,1150,1149,1753,1029,0,-0.0049739047
Cold,181473,1134,1133,1753,1029,0,-0.009534246
Cold,174259,1101,1100,1753,1029,0,-0.0047570188
Cold,176105,1113,1112,1753,1029,1,0.0050224056
Cold,167969,1068,1067,1753,1029,0,-0.005399394
Cold,170285,1084,1083,1753,1029,1,-0.0015534686
Cold,272298,1645,1644,1753,1029,0,-0.0060982704
Cold,230597,1395,1394,1753,1029,1,0.0030836025
Cold,203208,1246,1245,1753,1029,0,-0.004305287
Cold,195608,1203,1202,1753,1029,0,0.0019603109
Cold,136758,881,880,1753,1029,1,-0.0026100797
Cold,407357,2446,2445,1753,1029,1,-0.008880262
Cold,116884,753,752,1753,1029,0,-0.0046695024
Cold,109376,714,713,1753,1029,0,-0.0021614125
Cold,329462,1943,1942,1753,1029,0,0.001301399
Cold,90727,601,600,1753,1029,0,0.0041836333
Cold,86745,566,565,1753,1029,0,-0.0038150344
Cold,291559,1737,1736,1753,1029,0,-0.003286661
Cold,83348,549,548,1753,1029,1,-3.4143683e-05
Cold,81803,543,542,1753,1029,1,-0.0067018447
Cold,74972,509,508,1753,1029,0,0.0022303967
Cold,80303,533,532,1753,1029,0,-0.0010510145
Cold,72203,482,481,1753,1029,0,0.004222784
Cold,65474,438,437,1753,1029,1,0.002829838
Cold,251211,1516,1515,1753,1029,0,-0.005248045
Cold,132576,855,854,1753,1029,0,0.0021608395
Cold,44469,302,301,1753,1029,0,0.0009027512
Cold,355625,2082,2081,1753,1029,1,-0.008439537
Cold,39983,271,270,1753,1029,0,-0.0032787113
Cold,40720,273,272,1753,1029,0,-0.013717765
Cold,33471,225,224,1753,1029,0,-0.0042822724
Cold,273119,1647,1646,1753,1029,1,-0.0071345074
Cold,27698,194,193,1753,1029,1,0.0021233344
Cold,27151,192,191,1753,1029,0,-0.00527915
Cold,21017,152,151,1753,1029,1,-0.003738456
Cold,2251,19,18,1753,1029,0,-0.0048074517
Cold,219252,1329,1328,1753,1029,0,0.0003303634
Cold,108156,710,709,1753,1029,0,0.0023809522
Cold,1200,11,10,1753,1029,1,-0.008339541
Cold,106522,701,700,1753,1029,0,-0.0003348826
Cold,355053,2077,2076,1753,1029,1,0.006174843
Cold,893426,5394,5393,1753,1029,0,-0.0127344895
Cold,365515,2127,2126,1753,1029,0,0.0023687214
Cold,363233,2116,2115,1753,1029,1,-0.0005991389
Cold,750691,4478,4477,1753,1029,0,-0.0003444862
Cold,238100,1447,1446,1753,1029,1,-0.0029573464
Cold,829196,4979,4978,1753,1029,0,0.00047436915
Cold,846114,5084,5083,1753,1029,1,0.008467036
Cold,317834,1889,1888,1753,1029,0,0.0041612564
Cold,714041,4277,4276,1753,1029,0,-0.0044883383
Cold,263512,1605,1604,1753,1029,0,-0.008958165
Cold,757841,4508,4507,1753,1029,0,-0.0012251041
Cold,927973,5605,5604,1753,1029,0,0.004216909
Cold,599372,3648,3647,1753,1029,1,0.00013392279
Cold,309703,1842,1841,1753,1029,0,3.4049852e-05
Cold,23659,169,168,1753,1029,0,-0.00046455965
Cold,565691,3475,3474,1753,1029,0,-0.0058662673
Cold,134454,869,868,1753,1029,0,0.0017265859
Cold,921145,5565,5564,1753,1029,0,-0.0016638527
Cold,458721,2824,2823,1753,1029,1,-0.0008305042
Cold,771896,4600,4599,1753,1029,0,-0.0016806705
Cold,160247,1019,1018,1753,1029,0,-0.013216503
Cold,628781,3807,3806,1753,1029,0,0.0037596487
Cold,401665,2395,2394,1753,1029,0,0.0011050194
Cold,63166,424,423,1753,1029,0,-0.008492274
Cold,52999,349,348,1753,1029,0,-0.0025716815
Cold,331782,1958,1957,1753,1029,0,0.0007606669
Cold,580042,3540,3539,1758,1031,1,0.0078834435
Cold,402423,2402,2401,1758,1031,1,0.0017208247
Cold,397883,2361,2360,1758,1031,1,-0.00045018888
Cold,363239,2116,2115,1758,1031,0,0.001171282
Cold,315426,1880,1879,1758,1031,1,-0.0025560367
Cold,271021,1639,1638,1758,1031,1,-0.0028161644
Cold,262810,1603,1602,1758,1031,1,0.0039599817
Cold,242913,1465,1464,1758,1031,1,0.004098378
Cold,325508,1926,1925,1758,1031,1,-0.00194055
Cold,210247,1284,1283,1758,1031,1,-0.0010228155
Cold,209522,1279,1278,1758,1031,0,-0.002449382
Cold,201681,1242,1241,1758,1031,1,0.00010494969
Cold,200553,1231,1230,1758,1031,0,0.0051599448
Cold,168577,1069,1068,1758,1031,0,-0.0021496287
Cold,143719,927,926,1758,1031,1,-0.0032811551
Cold,142474,919,918,1758,1031,1,-0.0024728994
Cold,130387,845,844,1758,1031,0,0.008473086
Cold,263517,1605,1604,1758,1031,1,0.0017652824
Cold,305040,1812,1811,1758,1031,1,0.0044647483
Cold,106211,699,698,1758,1031,0,0.0099167535
Cold,116424,752,751,1758,1031,0,-0.0013662211
Cold,631704,3821,3820,1758,1031,0,0.0046684835
Cold,87307,570,569,1758,1031,1,0.003725504
Cold,85634,558,557,1758,1031,0,0.0029661204
Cold,84837,551,550,1758,1031,1,0.006723277
Cold,72966,493,492,1758,1031,1,0.006393805
Cold,113878,738,737,1758,1031,1,-0.0051356815
Cold,58959,401,400,1758,1031,1,0.0002844443
Cold,155452,1001,1000,1758,1031,1,0.0075666965
Cold,734714,4387,4386,1758,1031,1,0.0016154017
Cold,223675,1354,1353,1758,1031,1,0.0022138222
Cold,207012,1266,1265,1758,1031,0,0.0011593511
Cold,79577,531,530,1758,1031,1,0.009205929
Cold,883458,5333,5332,1758,1031,1,0.00057806104
Cold,893429,5394,5393,1758,1031,1,0.0051597594
Cold,608677,3691,3690,1758,1031,1,0.008174794
Cold,665277,4005,4004,1758,1031,1,0.0047632065
Cold,102449,678,677,1758,1031,1,0.0029964354
Cold,714046,4277,4276,1758,1031,1,0.0076310104
Cold,229358,1389,1388,1758,1031,1,0.004211017
Cold,686601,4107,4106,1760,1032,0,-0.017331507
Cold,653044,3935,3934,1760,1032,0,-0.00054787076
Cold,661351,3988,3987,1760,1032,0,0.0010426055
Cold,642491,3865,3864,1760,1032,0,-0.0051834984
Cold,642828,3868,3867,1760,1032,1,-0.0021714391
Cold,629701,3808,3807,1760,1032,0,-0.0037589076
Cold,638408,3841,3840,1760,1032,0,0.004850059
Cold,622275,3768,3767,1760,1032,0,-0.005686922
Cold,620042,3756,3755,1760,1032,0,-0.0057075005
Cold,614873,3724,3723,1760,1032,0,-0.0026787533
Cold,613363,3716,3715,1760,1032,0,0.0009941015
Cold,612972,3715,3714,1760,1032,0,-0.008185301
Cold,612070,3710,3709,1760,1032,0,-0.0010577661
Cold,608363,3690,3689,1760,1032,0,-0.005351157
Cold,626954,3792,3791,1760,1032,0,-0.005632955
Cold,604406,3675,3674,1760,1032,0,0.00837546
Cold,611584,3706,3705,1760,1032,0,0.001233714
Cold,636425,3834,3833,1760,1032,0,-0.0017180296
Cold,606638,3683,3682,1760,1032,0,-0.00084872986
Cold,616260,3729,3728,1760,1032,0,0.007998532
Cold,585782,3576,3575,1760,1032,0,-0.0020820866
Cold,579568,3539,3538,1760,1032,1,-0.008050544
Cold,561071,3452,3451,1760,1032,0,-0.001800959
Cold,555893,3416,3415,1760,1032,0,0.00093794614
Cold,658467,3967,3966,1760,1032,0,-0.004915462
Cold,577370,3526,3525,1760,1032,0,0.0033525573
Cold,546909,3371,3370,1760,1032,0,-0.00045840163
Cold,545784,3365,3364,1760,1032,0,0.00303062
Cold,537347,3311,3310,1760,1032,0,-0.0036876912
Cold,536153,3308,3307,1760,1032,0,-0.0009455305
Cold,785855,4697,4696,1760,1032,1,-0.0011563392
Cold,531175,3280,3279,1760,1032,0,-0.009746617
Cold,538067,3312,3311,1760,1032,0,0.002873825
Cold,540003,3320,3319,1760,1032,0,-0.0036544867
Cold,515616,3182,3181,1760,1032,0,0.0054850457
Cold,616690,3732,3731,1760,1032,0,0.00851081
Cold,508743,3129,3128,1760,1032,0,-0.004092766
Cold,494362,3032,3031,1760,1032,0,-0.0010528369
Cold,492135,3026,3025,1760,1032,0,-0.00022382388
Cold,474925,2914,2913,1760,1032,0,-0.0017310092
Cold,473916,2909,2908,1760,1032,0,0.008476885
Cold,471894,2903,2902,1760,1032,0,0.0069895503
Cold,456545,2810,2809,1760,1032,0,0.0015092224
Cold,445647,2748,2747,1760,1032,0,-0.0059330096
Cold,406481,2438,2437,1760,1032,0,-0.0019199952
Cold,399569,2378,2377,1760,1032,0,0.00018177275
Cold,381725,2231,2230,1760,1032,0,-0.0028501116
Cold,373528,2180,2179,1760,1032,0,0.0037250458
Cold,436602,2665,2664,1760,1032,0,0.0044065327
Cold,356021,2085,2084,1760,1032,0,0.0016616796
Cold,354572,2076,2075,1760,1032,0,0.00048733316
Cold,349017,2047,2046,1760,1032,0,0.0038422977
Cold,352129,2063,2062,1760,1032,0,-0.008107214
Cold,347013,2035,2034,1760,1032,0,0.0019908147
Cold,340820,2010,2009,1760,1032,0,-0.0048093335
Cold,295706,1755,1754,1760,1032,0,0.0023349426
Cold,286474,1711,1710,1760,1032,0,0.0007291334
Cold,259587,1587,1586,1760,1032,0,0.0024914967
Cold,224275,1356,1355,1760,1032,0,-0.0048717842
Cold,223681,1354,1353,1760,1032,1,-0.0010729851
Cold,220893,1339,1338,1760,1032,0,-0.0062049506
Cold,592092,3610,3609,1760,1032,0,0.0019439587
Cold,185557,1150,1149,1760,1032,0,-0.00045571756
Cold,211178,1285,1284,1760,1032,0,0.006787088
Cold,179206,1124,1123,1760,1032,0,0.0048529864
Cold,179736,1125,1124,1760,1032,0,0.0039811498
Cold,173763,1100,1099,1760,1032,0,-0.008358105
Cold,331795,1958,1957,1760,1032,0,0.0019909302
Cold,172947,1096,1095,1760,1032,0,-0.00039883878
Cold,167980,1068,1067,1760,1032,0,-0.0022223834
Cold,189447,1173,1172,1760,1032,0,0.0062723556
Cold,221505,1340,1339,1760,1032,0,0.0072203814
Cold,360976,2106,2105,1760,1032,0,0.0010696244
Cold,157083,1010,1009,1760,1032,0,-0.0062025264
Cold,139453,891,890,1760,1032,0,0.0005594557
Cold,138594,889,888,1760,1032,0,0.0069766534
Cold,136776,881,880,1760,1032,0,-0.009180812
Cold,128781,836,835,1760,1032,0,-0.0048251906
Cold,332779,1962,1961,1760,1032,0,-0.002713902
Cold,263525,1605,1604,1760,1032,0,-0.004395446
Cold,124297,800,799,1760,1032,0,-0.0065999012
Cold,160261,1019,1018,1760,1032,0,-0.0032254788
Cold,117604,757,756,1760,1032,0,0.0020648804
Cold,120520,777,776,1760,1032,0,-0.0070492383
Cold,109022,713,712,1760,1032,0,-0.0011567653
Cold,177094,1117,1116,1760,1032,0,0.0018108168
Cold,152327,980,979,1760,1032,0,0.0010329993
Cold,329475,1943,1942,1760,1032,1,-0.0015147107
Cold,90735,601,600,1760,1032,0,0.0013432605
Cold,86754,566,565,1760,1032,0,0.0036819056
Cold,77722,524,523,1760,1032,0,0.0027871681
Cold,299728,1778,1777,1760,1032,0,-0.006363623
Cold,87105,569,568,1760,1032,0,0.0082121575
Cold,74982,509,508,1760,1032,0,-0.005870831
Cold,57170,386,385,1760,1032,0,-0.00065721234
Cold,45193,305,304,1760,1032,0,0.014851283
Cold,44493,302,301,1760,1032,0,-0.013521805
Cold,41793,284,283,1760,1032,0,0.004527148
Cold,31522,214,213,1760,1032,0,-0.015504027
Cold,33487,225,224,1760,1032,0,0.0020365517
Cold,29825,202,201,1760,1032,0,-0.0011441568
Cold,291567,1737,1736,1760,1032,0,-0.009614509
Cold,300012,1779,1778,1760,1032,0,-0.0011958255
Cold,262812,1603,1602,1760,1032,0,0.0015294971
Cold,17493,136,135,1760,1032,0,-0.0015528584
Cold,8475,58,57,1760,1032,0,0.0027134
Cold,7704,53,52,1760,1032,0,-0.006215384
Cold,4828,35,34,1760,1032,0,-0.0068274047
Cold,21035,153,152,1760,1032,0,-0.0076955054
Cold,79586,531,530,1760,1032,0,-0.0031145052
Cold,66132,442,441,1760,1032,1,0.0071412898
Cold,11328,86,85,1760,1032,1,0.004283989
Cold,230600,1395,1394,1760,1032,0,0.009595887
Cold,78579,528,527,1760,1032,0,-0.0061843125
Cold,954350,5761,5760,1760,1032,0,-0.004607086
Cold,371076,2168,2167,1760,1032,0,-0.006223563
Cold,363250,2116,2115,1760,1032,0,0.0025150294
Cold,265214,1611,1610,1760,1032,0,-0.00088582793
Cold,11979,92,91,1760,1032,0,0.0031274569
Cold,342670,2015,2014,1760,1032,0,0.008454136
Cold,161393,1029,1028,1760,1032,0,0.0011320896
Cold,222772,1348,1347,1760,1032,0,0.00943587
Cold,959092,5787,5786,1760,1032,0,0.018829588
Cold,717113,4294,4293,1760,1032,0,-0.0037091523
Cold,769094,4579,4578,1760,1032,0,0.004886451
Cold,257822,1579,1578,1760,1032,0,0.006020483
Cold,832042,5001,5000,1760,1032,1,0.007929727
Cold,178271,1120,1119,1760,1032,0,0.003479034
Cold,215003,1303,1302,1760,1032,0,0.008739903
Cold,825803,4958,4957,1760,1032,0,0.004835997
Cold,638462,3841,3840,1785,1040,0,-0.019872248
Cold,625034,3778,3777,1785,1040,0,-0.005582042
Cold,720603,4312,4311,1785,1040,1,0.002740997
Cold,615773,3727,3726,1785,1040,1,-0.010596716
Cold,648752,3908,3907,1785,1040,1,-0.0011510411
Cold,621316,3762,3761,1785,1040,0,-0.0063622994
Cold,726107,4344,4343,1785,1040,1,-0.0064884857
Cold,601280,3654,3653,1785,1040,0,-0.0014471726
Cold,592767,3613,3612,1785,1040,1,-0.0075368173
Cold,585336,3574,3573,1785,1040,1,-0.008665014
Cold,579619,3539,3538,1785,1040,1,-0.00960792
Cold,745499,4448,4447,1785,1040,1,-0.012009521
Cold,572379,3507,3506,1785,1040,0,-0.021098558
Cold,570434,3499,3498,1785,1040,1,-0.0059425863
Cold,697673,4169,4168,1785,1040,1,-0.015335907
Cold,550442,3391,3390,1785,1040,1,-4.4601504e-05
Cold,580613,3546,3545,1785,1040,0,-0.010820047
Cold,564650,3471,3470,1785,1040,1,-0.0096687395
Cold,534773,3300,3299,1785,1040,1,-0.010345304
Cold,532323,3285,3284,1785,1040,1,-0.01746856
Cold,531503,3281,3280,1785,1040,1,-0.0032858737
Cold,526023,3250,3249,1785,1040,0,0.0007003497
Cold,520411,3209,3208,1785,1040,0,-0.008404762
Cold,519255,3203,3202,1785,1040,1,-0.0112414975
Cold,515031,3180,3179,1785,1040,0,-0.0017616632
Cold,511556,3156,3155,1785,1040,0,-0.007349156
Cold,505271,3108,3107,1785,1040,0,-0.0058525945
Cold,504062,3098,3097,1785,1040,0,-0.014145736
Cold,494397,3032,3031,1785,1040,1,-0.008556939
Cold,486382,2994,2993,1785,1040,1,-0.0022579324
Cold,482840,2967,2966,1785,1040,0,-0.01411253
Cold,473972,2909,2908,1785,1040,1,-0.014854915
Cold,601693,3658,3657,1785,1040,1,0.0003729309
Cold,852954,5113,5112,1785,1040,0,-0.01682491
Cold,622310,3768,3767,1785,1040,0,-0.004661342
Cold,463511,2857,2856,1785,1040,0,-0.010460375
Cold,493525,3031,3030,1785,1040,1,-0.01809547
Cold,461003,2842,2841,1785,1040,0,-0.0077955495
Cold,594945,3620,3619,1785,1040,0,0.0034580098
Cold,453944,2793,2792,1785,1040,1,-0.017999243
Cold,451537,2779,2778,1785,1040,0,-0.009334335
Cold,441243,2701,2700,1785,1040,0,-0.005763471
Cold,833092,5008,5007,1785,1040,0,-0.0106437085
Cold,426578,2590,2589,1785,1040,1,-0.0070922812
Cold,421160,2544,2543,1785,1040,0,-0.007001523
Cold,413978,2490,2489,1785,1040,1,-0.012234043
Cold,406608,2439,2438,1785,1040,0,0.0066200085
Cold,402462,2402,2401,1785,1040,0,-0.012606403
Cold,398659,2373,2372,1785,1040,1,-0.0035430938
Cold,392440,2304,2303,1785,1040,0,-0.023077218
Cold,389068,2279,2278,1785,1040,0,-0.008619552
Cold,375185,2186,2185,1785,1040,0,-0.0064570634
Cold,370332,2165,2164,1785,1040,1,-0.011708707
Cold,394271,2323,2322,1785,1040,0,-0.0076562185
Cold,363813,2119,2118,1785,1040,1,-0.0047163526
Cold,364917,2124,2123,1785,1040,1,-0.016311413
Cold,375692,2188,2187,1785,1040,0,-0.009684516
Cold,349596,2051,2050,1785,1040,0,-0.0020236701
Cold,333984,1969,1968,1785,1040,1,0.006433064
Cold,329515,1943,1942,1785,1040,1,-0.014172738
Cold,329824,1945,1944,1785,1040,0,-0.003730061
Cold,303609,1803,1802,1785,1040,1,-0.012048455
Cold,270139,1635,1634,1785,1040,1,-0.003640367
Cold,256380,1564,1563,1785,1040,0,-0.007658831
Cold,248148,1497,1496,1785,1040,0,-0.0067794053
Cold,244749,1473,1472,1785,1040,0,0.0019107144
Cold,232179,1408,1407,1785,1040,0,-0.00928079
Cold,224301,1356,1355,1785,1040,1,-0.016885199
Cold,294435,1749,1748,1785,1040,0,-0.003333802
Cold,165320,1053,1052,1785,1040,1,-0.0060433866
Cold,275223,1666,1665,1785,1040,0,-0.01217841
Cold,230611,1395,1394,1785,1040,0,-0.011936101
Cold,157133,1010,1009,1785,1040,1,-0.012406196
Cold,185624,1150,1149,1785,1040,0,-0.010790657
Cold,298181,1767,1766,1785,1040,1,-0.014034816
Cold,524457,3233,3232,1785,1040,0,-0.00090248964
Cold,112919,732,731,1785,1040,0,-0.012012377
Cold,99012,660,659,1785,1040,0,-0.0042007333
Cold,121752,783,782,1785,1040,1,-0.0065369406
Cold,480258,2946,2945,1785,1040,0,-0.0039423653
Cold,169640,1077,1076,1785,1040,1,-0.016984921
Cold,308845,1837,1836,1785,1040,1,-0.025086803
Cold,83410,549,548,1785,1040,1,-0.009747446
Cold,239201,1448,1447,1785,1040,1,-0.008530305
Cold,204693,1260,1259,1785,1040,0,-0.001473481
Cold,77770,524,523,1785,1040,0,-0.009392792
Cold,86780,566,565,1785,1040,0,-0.005633658
Cold,197429,1211,1210,1785,1040,1,-0.00033838418
Cold,116490,752,751,1785,1040,0,-0.008584235
Cold,80343,533,532,1785,1040,1,-0.016082343
Cold,70248,474,473,1785,1040,1,-0.0030878417
Cold,240391,1449,1448,1785,1040,0,-0.00080554467
Cold,53810,352,351,1785,1040,1,-0.0050564082
Cold,45574,307,306,1785,1040,1,-0.005054202
Cold,42408,289,288,1785,1040,1,-0.0013136412
Cold,55635,368,367,1785,1040,1,-0.0028783004
Cold,418306,2528,2527,1785,1040,0,0.0034037735
Cold,33521,225,224,1785,1040,0,-0.0061991513
Cold,337171,1983,1982,1785,1040,1,-0.008923421
Cold,26451,187,186,1785,1040,1,0.0045842975
Cold,20024,149,148,1785,1040,1,-0.016099058
Cold,127550,823,822,1785,1040,0,-0.00829044
Cold,15100,120,119,1785,1040,0,-0.010627016
Cold,14532,117,116,1785,1040,0,-0.0071092043
Cold,11382,87,86,1785,1040,0,-0.0064653717
Cold,784562,4682,4681,1785,1040,1,-0.012490582
Cold,4358,33,32,1785,1040,0,-0.008564273
Cold,3963,29,28,1785,1040,0,-0.0077853715
Cold,210281,1284,1283,1785,1040,1,0.0014516455
Cold,384525,2246,2245,1785,1040,1,-0.010521922
Cold,829224,4979,4978,1785,1040,0,-0.014043871
Cold,485239,2986,2985,1785,1040,0,-0.01095803
Cold,631751,3821,3820,1785,1040,0,-0.01118029
Cold,261247,1597,1596,1785,1040,0,-0.0063895574
Cold,290452,1733,1732,1785,1040,1,-0.0033575469
Cold,322606,1912,1911,1785,1040,0,-0.010186094
Cold,371791,2172,2171,1785,1040,0,-0.009553629
Cold,160311,1019,1018,1785,1040,0,0.0012831832
Cold,941798,5682,5681,1785,1040,0,-0.010834595
Cold,63242,424,423,1785,1040,1,-0.0016759157
Cold,148825,957,956,1788,1041,1,0.0019502827
Cold,195671,1203,1202,1788,1041,1,0.0055506704
Cold,138668,889,888,1788,1041,0,-0.0018773582
Cold,136833,881,880,1788,1041,0,-0.0049863504
Cold,235655,1426,1425,1788,1041,1,-0.0038641538
Cold,97946,655,654,1788,1041,1,-0.00043649052
Cold,121755,783,782,1788,1041,1,-0.005810721
Cold,284416,1698,1697,1788,1041,1,0.008205919
Cold,89629,590,589,1788,1041,1,0.0043427343
Cold,432212,2634,2633,1788,1041,1,-0.00043158804
Cold,87011,568,567,1788,1041,0,-0.00560686
Cold,75735,515,514,1788,1041,0,-0.006512821
Cold,201726,1242,1241,1788,1041,0,-0.001686803
Cold,53814,352,351,1788,1041,1,-0.002528438
Cold,42803,293,292,1788,1041,1,0.0041110907
Cold,35858,242,241,1788,1041,1,-0.010648286
Cold,200130,1228,1227,1788,1041,0,-0.0030860084
Cold,35295,238,237,1788,1041,1,-0.0004416143
Cold,21593,157,156,1788,1041,1,0.00071699545
Cold,20029,149,148,1788,1041,0,-0.0029574975
Cold,258555,1584,1583,1788,1041,0,0.00038111937
Cold,152521,981,980,1788,1041,0,-0.008809818
Cold,28212,195,194,1788,1041,1,-0.0074315523
Cold,3181,24,23,1788,1041,0,0.0043425667
Cold,349,5,4,1788,1041,0,-0.0054830983
Cold,460816,2841,2840,1788,1041,1,-0.001338959
Cold,290456,1733,1732,1788,1041,1,-0.0010559739
Cold,245873,1484,1483,1788,1041,0,-0.004066566
Cold,609725,3695,3694,1788,1041,1,0.0052556144
Cold,893456,5394,5393,1788,1041,1,-0.0012879521
Cold,193829,1194,1193,1788,1041,1,-0.0049388455
Cold,465785,2872,2871,1794,1043,1,-0.002831985
Cold,458981,2825,2824,1794,1043,1,4.9087103e-05
Cold,456571,2810,2809,1794,1043,1,-0.0036867154
Cold,451839,2781,2780,1794,1043,1,-0.011403397
Cold,443939,2737,2736,1794,1043,1,-0.0085147135
Cold,446512,2752,2751,1794,1043,0,-0.0041039595
Cold,438012,2676,2675,1794,1043,1,-0.001614363
Cold,416838,2507,2506,1794,1043,0,-0.011058192
Cold,404691,2419,2418,1794,1043,1,-0.013015615
Cold,399216,2376,2375,1794,1043,1,-0.004466114
Cold,392729,2305,2304,1794,1043,1,0.0030064469
Cold,381388,2230,2229,1794,1043,0,-0.005768043
Cold,382987,2237,2236,1794,1043,0,-0.00080120505
Cold,359530,2102,2101,1794,1043,1,0.0057063648
Cold,336252,1980,1979,1794,1043,1,-0.011595038
Cold,330572,1951,1950,1794,1043,0,-0.009822968
Cold,302528,1796,1795,1794,1043,1,0.005598999
Cold,229971,1391,1390,1794,1043,0,-0.010746677
Cold,319519,1897,1896,1794,1043,0,-0.008368837
Cold,215038,1303,1302,1794,1043,1,-0.0011635253
Cold,208386,1273,1272,1794,1043,1,-0.0034449105
Cold,204097,1255,1254,1794,1043,0,-0.004288325
Cold,203797,1253,1252,1794,1043,1,-0.004670969
Cold,211241,1285,1284,1794,1043,1,0.003918171
Cold,279751,1680,1679,1794,1043,0,-0.005990566
Cold,244160,1470,1469,1794,1043,0,0.0040697344
Cold,213632,1298,1297,1794,1043,1,-0.0023515946
Cold,210289,1284,1283,1794,1043,1,-0.0011972487
Cold,186211,1151,1150,1794,1043,1,-0.0045285104
Cold,185654,1150,1149,1794,1043,0,-0.0034911605
Cold,212532,1294,1293,1794,1043,0,-0.0005596472
Cold,173802,1100,1099,1794,1043,0,0.0048278808
Cold,168632,1069,1068,1794,1043,1,0.00019123906
Cold,191322,1181,1180,1794,1043,0,-0.006284012
Cold,158544,1015,1014,1794,1043,1,-0.009926766
Cold,244906,1474,1473,1794,1043,1,-0.007781747
Cold,148833,957,956,1794,1043,1,-0.001776153
Cold,147797,952,951,1794,1043,0,-0.0040772404
Cold,146719,947,946,1794,1043,1,-0.0015942384
Cold,195683,1203,1202,1794,1043,1,-0.009000551
Cold,154644,998,997,1794,1043,1,-0.01231491
Cold,157150,1010,1009,1794,1043,0,0.0035908432
Cold,138692,889,888,1794,1043,0,-0.011685993
Cold,313186,1866,1865,1794,1043,0,-0.0012356947
Cold,132063,854,853,1794,1043,0,-0.002439597
Cold,131307,850,849,1794,1043,0,-0.005589186
Cold,127552,823,822,1794,1043,0,-0.001888042
Cold,116509,752,751,1794,1043,0,0.0030420928
Cold,112654,731,730,1794,1043,0,-0.0053105378
Cold,107372,706,705,1794,1043,1,0.00028351392
Cold,97398,652,651,1794,1043,0,0.002405691
Cold,295023,1752,1751,1794,1043,1,-0.0073994533
Cold,697699,4169,4168,1794,1043,1,-0.0053315246
Cold,90278,595,594,1794,1043,1,-0.0004344954
Cold,85651,558,557,1794,1043,1,0.0026603118
Cold,239221,1448,1447,1794,1043,0,-0.0034582098
Cold,197433,1211,1210,1794,1043,0,0.0017511303
Cold,155489,1001,1000,1794,1043,1,-0.0028863698
Cold,57198,386,385,1794,1043,1,-1.5366822e-07
Cold,55942,371,370,1794,1043,0,0.0064764544
Cold,201739,1242,1241,1794,1043,0,-0.0056556584
Cold,330797,1952,1951,1794,1043,1,-0.0019448916
Cold,50203,331,330,1794,1043,1,-0.004243895
Cold,199892,1227,1226,1794,1043,1,0.0027832952
Cold,27582,193,192,1794,1043,1,-0.0006707702
Cold,26465,187,186,1794,1043,1,0.00061494205
Cold,16696,131,130,1794,1043,1,-0.0040534134
Cold,9955,69,68,1794,1043,0,-0.008051055
Cold,369,5,4,1794,1043,0,0.0055409977
Cold,10792,78,77,1794,1043,1,0.0078065637
Cold,207072,1266,1265,1794,1043,0,0.00048491964
Cold,276396,1671,1670,1794,1043,1,-0.0024987573
Cold,271065,1639,1638,1794,1043,1,-0.0045506572
Cold,754525,4496,4495,1794,1043,1,-0.003038223
Cold,844425,5074,5073,1794,1043,1,-0.0019391021
Cold,954361,5761,5760,1794,1043,1,0.0006775336
Cold,460824,2841,2840,1794,1043,0,-0.0061480193
Cold,485255,2986,2985,1794,1043,1,-0.0019187445
Cold,204699,1260,1259,1794,1043,0,-0.013939688
Cold,102522,678,677,1794,1043,0,0.0055123065
Cold,901627,5450,5449,1794,1043,0,-0.0027480016
Cold,170967,1087,1086,1794,1043,0,-0.007637219
Cold,384528,2246,2245,1794,1043,0,-0.008547751
Cold,905548,5475,5474,1794,1043,1,-0.0040079355
Cold,322625,1912,1911,1794,1043,0,-0.00035490375
Cold,117210,755,754,1794,1043,1,-0.00035086367
Cold,823590,4950,4949,1794,1043,0,-0.009559222
Cold,235185,1425,1424,1794,1043,1,-0.0070808874
Cold,739596,4418,4417,1794,1043,1,-0.0041094255
Cold,187773,1164,1163,1794,1043,0,0.0005249004
Cold,841573,5054,5053,1794,1043,0,0.0010248562
Cold,693201,4150,4149,1797,1044,1,-0.00830987
Cold,691398,4139,4138,1797,1044,1,0.005820039
Cold,677548,4060,4059,1797,1044,1,0.0026667817
Cold,671453,4033,4032,1797,1044,1,-0.0054934686
Cold,661572,3989,3988,1797,1044,1,-0.0029627022
Cold,622795,3769,3768,1797,1044,1,-0.001267096
Cold,614233,3720,3719,1797,1044,1,-0.007569368
Cold,604456,3675,3674,1797,1044,1,0.0027919048
Cold,600889,3652,3651,1797,1044,1,0.00092759717
Cold,592657,3612,3611,1797,1044,1,-0.0037960436
Cold,818868,4918,4917,1797,1044,1,-0.0025860798
Cold,605975,3681,3680,1797,1044,1,-0.011025827
Cold,594208,3618,3617,1797,1044,1,0.0012345342
Cold,645432,3885,3884,1797,1044,0,-0.001334385
Cold,554589,3411,3410,1797,1044,0,-0.0069114305
Cold,527607,3261,3260,1797,1044,1,-0.008263351
Cold,520848,3213,3212,1797,1044,1,0.003500843
Cold,522855,3224,3223,1797,1044,1,-0.0048189526
Cold,518871,3201,3200,1797,1044,1,7.364375e-05
Cold,659249,3971,3970,1797,1044,1,-0.0027161394
Cold,600234,3650,3649,1797,1044,1,-0.0053238794
Cold,482849,2967,2966,1797,1044,0,-0.0004752099
Cold,529940,3272,3271,1797,1044,0,-0.00697079
Cold,478840,2938,2937,1797,1044,1,0.00072950486
Cold,467003,2878,2877,1797,1044,1,-0.0033901103
Cold,470112,2895,2894,1797,1044,1,0.0004208302
Cold,453952,2793,2792,1797,1044,1,-0.0012232694
Cold,449765,2773,2772,1797,1044,0,-0.0007395126
Cold,443167,2731,2730,1797,1044,1,0.005134552
Cold,441095,2700,2699,1797,1044,1,0.0057049114
Cold,429260,2611,2610,1797,1044,1,-0.0075505557
Cold,422329,2557,2556,1797,1044,1,-0.007973394
Cold,410895,2465,2464,1797,1044,1,-0.00016853458
Cold,390526,2291,2290,1797,1044,1,0.0030861096
Cold,378209,2206,2205,1797,1044,1,0.0043839067
Cold,364375,2122,2121,1797,1044,1,-0.0020182985
Cold,340219,2008,2007,1797,1044,1,0.00625827
Cold,340084,2007,2006,1797,1044,1,0.0036453423
Cold,317354,1887,1886,1797,1044,1,-0.0036994233
Cold,309361,1841,1840,1797,1044,1,0.0011422741
Cold,295358,1753,1752,1797,1044,1,0.010682212
Cold,256605,1568,1567,1797,1044,1,0.0024484966
Cold,252073,1525,1524,1797,1044,1,0.0024484913
Cold,247094,1492,1491,1797,1044,1,-0.0011228512
Cold,336255,1980,1979,1797,1044,1,-0.0034435135
Cold,284432,1698,1697,1797,1044,1,0.00025366584
Cold,221560,1340,1339,1797,1044,0,-0.00055583904
Cold,289468,1727,1726,1797,1044,1,0.0041127577
Cold,211244,1285,1284,1797,1044,1,-0.00812601
Cold,207816,1271,1270,1797,1044,1,0.0007002058
Cold,191327,1181,1180,1797,1044,0,-0.0037949642
Cold,164003,1050,1049,1797,1044,0,-0.0022764434
Cold,166596,1059,1058,1797,1044,1,-0.0012184608
Cold,248301,1498,1497,1797,1044,1,-0.0022087297
Cold,149400,962,961,1797,1044,1,0.004597515
Cold,151707,975,974,1797,1044,1,-0.0044088652
Cold,146690,946,945,1797,1044,1,0.005355739
Cold,154646,998,997,1797,1044,1,0.00024106074
Cold,185659,1150,1149,1797,1044,0,-0.0007062156
Cold,263594,1605,1604,1797,1044,0,-0.0044439742
Cold,322628,1912,1911,1797,1044,1,-0.0032050547
Cold,235662,1426,1425,1797,1044,1,0.0022123447
Cold,106268,699,698,1797,1044,1,-0.0049013193
Cold,151298,973,972,1797,1044,1,-0.0023277935
Cold,46476,310,309,1797,1044,1,-0.0006673962
Cold,37897,259,258,1797,1044,1,0.00029892992
Cold,37756,258,257,1797,1044,1,-0.00072196615
Cold,99020,660,659,1797,1044,1,-0.003652935
Cold,32139,216,215,1797,1044,1,-0.0007993821
Cold,24933,175,174,1797,1044,1,-0.0039252853
Cold,537412,3311,3310,1797,1044,1,-0.006870975
Cold,24046,171,170,1797,1044,1,-0.003921788
Cold,18421,144,143,1797,1044,1,-0.002036631
Cold,127554,823,822,1797,1044,1,-0.0054757968
Cold,6870,48,47,1797,1044,1,-0.004618872
Cold,207074,1266,1265,1797,1044,0,0.0016349816
Cold,459655,2832,2831,1797,1044,1,0.0012335994
Cold,399970,2380,2379,1797,1044,1,-0.004219526
Cold,65527,438,437,1797,1044,1,-0.0039035655
Cold,572400,3507,3506,1797,1044,1,-0.0024405676
Cold,265239,1611,1610,1797,1044,1,0.0008981471
Cold,240417,1449,1448,1797,1044,1,-0.005239428
Cold,622326,3768,3767,1797,1044,1,-0.004139359
Cold,550476,3391,3390,1797,1044,1,-0.00055891374
Cold,511963,3158,3157,1797,1044,1,-0.0006151569
Cold,507867,3125,3124,1797,1044,1,0.00024605356
Cold,335226,1978,1977,1797,1044,1,0.00261362
Cold,130007,840,839,1797,1044,1,-0.0035115266
Cold,344658,2022,2021,1797,1044,1,-0.0045779897
Cold,66157,442,441,1797,1044,1,0.0067945784
Cold,947993,5723,5722,1797,1044,0,0.00040239544
Cold,959097,5787,5786,1797,1044,1,0.0061679306
Cold,564666,3471,3470,1797,1044,0,-0.0043375883
Cold,538123,3312,3311,1797,1044,0,0.003914679
Cold,130587,846,845,1797,1044,1,0.0039760354
Cold,991836,5991,5990,1797,1044,0,0.0024270578
Cold,750708,4478,4477,1797,1044,0,-0.011764443
Cold,657636,3963,3962,1797,1044,1,-0.0009667587
Cold,371105,2168,2167,1797,1044,1,-0.008591672
Cold,215670,1306,1305,1797,1044,1,0.0037130832
Cold,9714,65,64,1797,1044,1,-0.0033657635
Cold,254907,1551,1550,1797,1044,1,-0.0047264174
Cold,769116,4579,4578,1797,1044,1,0.010377725
Cold,384530,2246,2245,1797,1044,1,0.0038433275
Cold,662086,3992,3991,1797,1044,1,-0.007157052
Cold,341763,2012,2011,1797,1044,1,-0.0011960149
Cold,555078,3413,3412,1797,1044,1,-0.0009466151
Cold,351503,2063,2062,1804,1047,0,0.005263243
Cold,357302,2092,2091,1804,1047,1,9.765383e-05
Cold,340481,2010,2009,1804,1047,0,0.0043811575
Cold,335587,1980,1979,1804,1047,0,0.00033430546
Cold,275018,1666,1665,1804,1047,1,0.004598344
Cold,258120,1581,1580,1804,1047,0,-0.0007144308
Cold,242659,1465,1464,1804,1047,0,0.00020110246
Cold,323695,1920,1919,1804,1047,1,-0.001553896
Cold,188868,1172,1171,1804,1047,1,0.0036198657
Cold,184996,1150,1149,1804,1047,0,0.004452813
Cold,210680,1285,1284,1804,1047,0,0.0015195103
Cold,172817,1096,1095,1804,1047,1,0.002244222
Cold,170209,1084,1083,1804,1047,0,0.005912655
Cold,168278,1069,1068,1804,1047,0,-0.0018953329
Cold,190554,1181,1180,1804,1047,0,-0.0031836135
Cold,275430,1667,1666,1804,1047,1,-0.012585352
Cold,157896,1015,1014,1804,1047,0,0.011691406
Cold,142340,919,918,1804,1047,0,-0.0013619269
Cold,136345,881,880,1804,1047,0,-0.0031748724
Cold,360556,2106,2105,1804,1047,0,0.0014741587
Cold,115949,752,751,1804,1047,1,0.003965549
Cold,114144,742,741,1804,1047,0,-0.004205979
Cold,105908,699,698,1804,1047,0,0.004670407
Cold,480016,2946,2945,1804,1047,0,0.0023109615
Cold,283949,1698,1697,1804,1047,1,0.003968482
Cold,115300,749,748,1804,1047,0,-0.00078491773
Cold,308437,1837,1836,1804,1047,0,0.006321278
Cold,238682,1448,1447,1804,1047,0,0.0066740024
Cold,59110,402,401,1804,1047,0,0.0029263915
Cold,53650,352,351,1804,1047,0,-0.0029695253
Cold,47409,319,318,1804,1047,0,0.0076663755
Cold,40338,272,271,1804,1047,0,-0.006229584
Cold,418273,2528,2527,1804,1047,0,-0.0059710816
Cold,33437,225,224,1804,1047,0,0.007789773
Cold,30229,203,202,1804,1047,0,-0.0047132587
Cold,29760,202,201,1804,1047,0,-0.0015903148
Cold,29146,199,198,1804,1047,0,0.0028181802
Cold,882835,5333,5332,1804,1047,0,0.011657365
Cold,346952,2035,2034,1804,1047,1,-0.0048691863
Cold,15543,123,122,1804,1047,1,-0.007167588
Cold,10004,70,69,1804,1047,0,0.0021318211
Cold,2214,18,17,1804,1047,0,-0.011148173
Cold,1678,15,14,1804,1047,1,0.005603385
Cold,223371,1354,1353,1804,1047,0,-0.0058724033
Cold,210021,1284,1283,1804,1047,1,0.0014127165
Cold,78316,528,527,1804,1047,0,-0.00022806902
Cold,354750,2077,2076,1804,1047,0,0.008512789
Cold,626569,3792,3791,1804,1047,1,0.004963546
Cold,50080,331,330,1804,1047,0,0.00031197723
Cold,682244,4085,4084,1804,1047,1,0.00013367296
Cold,472389,2907,2906,1804,1047,0,0.0068369443
Cold,171372,1088,1087,1804,1047,0,-0.0012417089
Cold,801327,4802,4801,1804,1047,1,0.0044486085
Cold,689769,4126,4125,1804,1047,0,0.002130935
Cold,257489,1579,1578,1804,1047,0,-0.0024764538
Cold,587739,3589,3588,1804,1047,0,-0.0091372505
Cold,695945,4169,4168,1804,1047,0,0.009772917
Cold,331384,1958,1957,1804,1047,0,-0.00065480545
Cold,974238,5878,5877,1804,1047,1,-0.0012164288
Cold,617989,3745,3744,1806,1049,0,0.012415389
Cold,636805,3836,3835,1806,1049,0,0.0043868236
Cold,612421,3713,3712,1806,1049,1,0.006645945
Cold,604040,3675,3674,1806,1049,0,0.0048579266
Cold,602633,3667,3666,1806,1049,1,0.0045455336
Cold,590927,3604,3603,1806,1049,1,0.003756663
Cold,589015,3592,3591,1806,1049,0,0.007618865
Cold,587741,3589,3588,1806,1049,0,0.0039417297
Cold,586710,3582,3581,1806,1049,1,0.010084225
Cold,758431,4510,4509,1806,1049,0,0.0051609064
Cold,576935,3526,3525,1806,1049,0,0.00486969
Cold,569703,3493,3492,1806,1049,0,0.0020888038
Cold,567863,3484,3483,1806,1049,0,-0.0015293052
Cold,556803,3422,3421,1806,1049,0,0.0076710666
Cold,638955,3842,3841,1806,1049,1,0.00565878
Cold,535822,3308,3307,1806,1049,0,0.007529921
Cold,529504,3272,3271,1806,1049,0,0.015207466
Cold,523370,3227,3226,1806,1049,0,-0.00198912
Cold,514800,3180,3179,1806,1049,0,0.004124176
Cold,527280,3261,3260,1806,1049,0,0.0076556145
Cold,768636,4579,4578,1806,1049,0,0.0077476525
Cold,495578,3044,3043,1806,1049,1,0.0070708515
Cold,493874,3032,3031,1806,1049,1,0.0059930393
Cold,489509,3013,3012,1806,1049,1,0.005247563
Cold,599826,3650,3649,1806,1049,1,0.0032912365
Cold,477921,2934,2933,1806,1049,1,0.011172388
Cold,473324,2909,2908,1806,1049,0,0.004216014
Cold,463103,2857,2856,1806,1049,1,-0.00031937985
Cold,456366,2810,2809,1806,1049,0,0.0022007995
Cold,834129,5015,5014,1806,1049,0,0.013920696
Cold,450639,2777,2776,1806,1049,1,0.0023621495
Cold,430311,2623,2622,1806,1049,1,0.0016571373
Cold,435537,2663,2662,1806,1049,0,0.003294958
Cold,422938,2564,2563,1806,1049,0,0.011483144
Cold,420409,2541,2540,1806,1049,0,-0.00038801495
Cold,418509,2529,2528,1806,1049,1,0.0113106165
Cold,412713,2484,2483,1806,1049,0,0.009738237
Cold,409517,2457,2456,1806,1049,1,0.010127271
Cold,408611,2454,2453,1806,1049,1,0.013120498
Cold,399754,2380,2379,1806,1049,0,0.0044392413
Cold,392687,2305,2304,1806,1049,0,0.0073028626
Cold,376962,2202,2201,1806,1049,0,0.006453792
Cold,373886,2181,2180,1806,1049,1,0.012416863
Cold,364618,2124,2123,1806,1049,1,0.011150285
Cold,387486,2265,2264,1806,1049,1,0.0055239834
Cold,341451,2012,2011,1806,1049,0,0.0051988824
Cold,324165,1921,1920,1806,1049,0,0.00913514
Cold,325263,1926,1925,1806,1049,0,0.0006046358
Cold,286222,1709,1708,1806,1049,0,0.00093087915
Cold,268469,1631,1630,1806,1049,1,0.0048219333
Cold,252316,1529,1528,1806,1049,0,0.003929009
Cold,342266,2015,2014,1806,1049,1,0.005564115
Cold,353968,2073,2072,1806,1049,0,0.0039743828
Cold,236317,1434,1433,1806,1049,0,0.010037695
Cold,247293,1495,1494,1806,1049,0,0.0072921445
Cold,231590,1404,1403,1806,1049,0,0.002858623
Cold,240760,1450,1449,1806,1049,0,-0.009489214
Cold,219743,1333,1332,1806,1049,0,0.0006461502
Cold,226351,1370,1369,1806,1049,1,0.0069392305
Cold,207724,1271,1270,1806,1049,1,0.0033237427
Cold,250326,1509,1508,1806,1049,0,0.003135579
Cold,198770,1221,1220,1806,1049,1,0.002110294
Cold,277481,1676,1675,1806,1049,0,0.01185715
Cold,191780,1182,1181,1806,1049,0,0.009792318
Cold,331388,1958,1957,1806,1049,0,0.0051913243
Cold,173540,1100,1099,1806,1049,0,0.0066112825
Cold,198581,1220,1219,1806,1049,0,-0.0032129183
Cold,172818,1096,1095,1806,1049,0,0.0012329957
Cold,188177,1168,1167,1806,1049,0,-0.0007741372
Cold,229184,1389,1388,1806,1049,0,0.0030001546
Cold,272067,1645,1644,1806,1049,1,0.009048113
Cold,255449,1556,1555,1806,1049,0,0.008310883
Cold,227554,1380,1379,1806,1049,0,0.012016186
Cold,157553,1014,1013,1806,1049,0,0.002494459
Cold,156622,1010,1009,1806,1049,0,0.005197487
Cold,351510,2063,2062,1806,1049,0,0.011623131
Cold,126496,817,816,1806,1049,1,0.013835883
Cold,121022,780,779,1806,1049,1,0.010529852
Cold,116795,753,752,1806,1049,1,0.0037317453
Cold,174969,1109,1108,1806,1049,0,0.003634228
Cold,112327,731,730,1806,1049,1,0.0036124813
Cold,763819,4543,4542,1806,1049,1,0.013866077
Cold,93745,629,628,1806,1049,1,0.004372447
Cold,92207,614,613,1806,1049,0,0.0038334327
Cold,291206,1737,1736,1806,1049,0,0.013028674
Cold,82206,546,545,1806,1049,1,0.011250546
Cold,73066,494,493,1806,1049,0,0.0005731096
Cold,87051,569,568,1806,1049,1,0.00021975441
Cold,59112,402,401,1806,1049,1,0.010418409
Cold,55797,369,368,1806,1049,0,0.007518518
Cold,51130,337,336,1806,1049,0,0.009145655
Cold,43375,298,297,1806,1049,0,-0.0029394818
Cold,19343,148,147,1806,1049,1,0.010852974
Cold,86514,566,565,1806,1049,0,0.009701725
Cold,10496,75,74,1806,1049,1,0.0074145095
Cold,49344,329,328,1806,1049,0,0.004920003
Cold,509,6,5,1806,1049,0,-0.0023278003
Cold,233950,1422,1421,1806,1049,0,0.009411378
Cold,78319,528,527,1806,1049,0,0.01601257
Cold,385992,2258,2257,1806,1049,1,0.014215531
Cold,954189,5761,5760,1806,1049,0,0.01799833
Cold,362793,2116,2115,1806,1049,0,0.013516611
Cold,144792,934,933,1806,1049,0,0.0071210046
Cold,829928,4983,4982,1806,1049,0,0.0077114347
Cold,232769,1415,1414,1806,1049,0,0.0040342887
Cold,50615,333,332,1806,1049,0,0.012985349
Cold,222722,1348,1347,1806,1049,1,-0.0015752774
Cold,974241,5878,5877,1806,1049,0,0.012936683
Cold,294196,1749,1748,1816,1051,0,0.0026037232
Cold,185023,1150,1149,1816,1051,0,-0.00804019
Cold,307281,1835,1834,1816,1051,1,-0.0017350737
Cold,201415,1242,1241,1816,1051,1,0.010711874
Cold,168295,1069,1068,1816,1051,0,0.0067212945
Cold,166355,1059,1058,1816,1051,0,-0.0014032165
Cold,164361,1051,1050,1816,1051,0,-0.0037841485
Cold,163706,1050,1049,1816,1051,0,-0.004018037
Cold,142346,919,918,1816,1051,1,0.00196975
Cold,131044,850,849,1816,1051,0,-0.0011582774
Cold,332538,1962,1961,1816,1051,0,-0.0019049833
Cold,111834,728,727,1816,1051,0,-0.010582925
Cold,112334,731,730,1816,1051,1,0.013670672
Cold,238704,1448,1447,1816,1051,0,0.0044524125
Cold,77292,524,523,1816,1051,1,0.0051482553
Cold,80067,533,532,1816,1051,0,0.002390128
Cold,81536,543,542,1816,1051,1,0.0057554776
Cold,57156,386,385,1816,1051,0,-0.0063140155
Cold,228089,1383,1382,1816,1051,1,0.0035624106
Cold,31211,210,209,1816,1051,1,0.0014873273
Cold,29165,199,198,1816,1051,0,0.0016614515
Cold,26394,187,186,1816,1051,1,0.004229577
Cold,15568,123,122,1816,1051,0,0.009491716
Cold,7681,53,52,1816,1051,0,0.0021514855
Cold,631416,3821,3820,1816,1051,0,0.0007520879
Cold,263099,1605,1604,1816,1051,1,0.004119519
Cold,79208,531,530,1816,1051,0,0.0094036395
Cold,129258,839,838,1816,1051,1,0.013094887
Cold,892849,5394,5393,1816,1051,1,-0.0011759612
Cold,750361,4478,4477,1816,1051,0,-0.0074504754
Cold,309519,1842,1841,1816,1051,1,0.00735168
Cold,907580,5492,5491,1816,1051,1,0.00638563
Cold,195297,1203,1202,1816,1051,0,-0.0053185117
Cold,565449,3475,3474,1816,1051,0,-0.0023822603
Cold,335618,1980,1979,1816,1051,0,0.01017723
Cold,805633,4823,4822,1816,1051,0,0.0014429223
Cold,501187,3080,3079,1816,1051,0,0.00018621585
Cold,360576,2106,2105,1816,1051,0,-0.0033661313
Cold,509760,3140,3139,1816,1051,1,0.007171643
Cold,178579,1121,1120,1816,1051,0,0.00041647605
Cold,33923,229,228,1816,1051,0,-0.0075649633
Cold,902753,5458,5457,1824,1053,0,-0.003821128
Cold,532017,3285,3284,1824,1053,0,-0.0022142595
Cold,526687,3259,3258,1824,1053,0,-0.0102984
Cold,521029,3216,3215,1824,1053,1,0.0027913472
Cold,519782,3207,3206,1824,1053,0,-0.0022606987
Cold,515362,3182,3181,1824,1053,1,-0.006035035
Cold,513373,3166,3165,1824,1053,0,-0.0022779927
Cold,527302,3261,3260,1824,1053,0,0.0020285156
Cold,507176,3121,3120,1824,1053,0,-0.0042805197
Cold,501195,3080,3079,1824,1053,0,-0.005591061
Cold,480535,2948,2947,1824,1053,0,-0.00020293077
Cold,479876,2945,2944,1824,1053,0,0.0061217514
Cold,564251,3471,3470,1824,1053,0,-0.004347994
Cold,411503,2472,2471,1824,1053,0,-0.006485304
Cold,393845,2320,2319,1824,1053,0,-0.0034599772
Cold,367860,2148,2147,1824,1053,1,0.012488422
Cold,364644,2124,2123,1824,1053,1,0.0042325146
Cold,351554,2063,2062,1824,1053,0,-0.0005903721
Cold,281196,1687,1686,1824,1053,0,0.0013989197
Cold,264818,1610,1609,1824,1053,0,0.005938473
Cold,304244,1807,1806,1824,1053,0,0.0053489697
Cold,259362,1587,1586,1824,1053,0,-0.0007986175
Cold,332547,1962,1961,1824,1053,0,-0.0038208016
Cold,210715,1285,1284,1824,1053,0,-0.0041692615
Cold,277498,1676,1675,1824,1053,0,0.0022753035
Cold,210043,1284,1283,1824,1053,1,0.0047753663
Cold,185043,1150,1149,1824,1053,1,0.0006192998
Cold,156657,1010,1009,1824,1053,0,-0.0014931741
Cold,128505,832,831,1824,1053,0,-0.003898728
Cold,124793,802,801,1824,1053,0,-0.009792958
Cold,306181,1824,1823,1824,1053,0,-0.0038799
Cold,115997,752,751,1824,1053,1,0.0057700886
Cold,100088,669,668,1824,1053,1,-0.0054111793
Cold,86528,566,565,1824,1053,1,-0.009510478
Cold,82211,546,545,1824,1053,1,0.002725335
Cold,82888,549,548,1824,1053,1,-0.0022770795
Cold,59123,402,401,1824,1053,0,0.0024540864
Cold,56698,380,379,1824,1053,0,-0.00011128781
Cold,40376,272,271,1824,1053,1,-0.0023211648
Cold,12833,99,98,1824,1053,0,-0.002868663
Cold,695994,4169,4168,1824,1053,0,-0.007074617
Cold,317577,1889,1888,1824,1053,0,-0.007085054
Cold,324884,1925,1924,1824,1053,1,-0.00030265737
Cold,790327,4728,4727,1824,1053,0,-0.0073604295
Cold,283989,1698,1697,1827,1054,1,0.0068724854
Cold,210720,1285,1284,1827,1054,1,0.016167812
Cold,205678,1264,1263,1827,1054,1,0.003568953
Cold,202382,1244,1243,1827,1054,1,0.0043272986
Cold,293115,1746,1745,1827,1054,1,-5.72484e-06
Cold,165552,1055,1054,1827,1054,1,0.0010198643
Cold,258347,1584,1583,1827,1054,1,-0.0039815665
Cold,214726,1303,1302,1827,1054,0,0.01499232
Cold,137974,889,888,1827,1054,0,-0.0004099328
Cold,126100,813,812,1827,1054,1,0.0035251935
Cold,116001,752,751,1827,1054,1,0.005679374
Cold,105931,699,698,1827,1054,1,-0.0011454099
Cold,370922,2168,2167,1827,1054,1,0.012444647
Cold,97749,655,654,1827,1054,1,0.0004603113
Cold,96357,647,646,1827,1054,1,0.0026482642
Cold,631431,3821,3820,1827,1054,0,0.0030278931
Cold,92519,620,619,1827,1054,1,0.0030512298
Cold,190621,1181,1180,1827,1054,0,-0.00071289204
Cold,65239,438,437,1827,1054,1,-0.0044249003
Cold,123333,796,795,1827,1054,1,0.014711597
Cold,42966,294,293,1827,1054,0,0.002247044
Cold,42771,293,292,1827,1054,1,0.0033677518
Cold,31363,212,211,1827,1054,1,-0.0025962782
Cold,290050,1733,1732,1827,1054,0,0.009259324
Cold,16661,131,130,1827,1054,0,-0.0024902024
Cold,5024,36,35,1827,1054,1,0.008037476
Cold,19970,149,148,1827,1054,1,0.00891847
Cold,65969,442,441,1827,1054,1,0.011080317
Cold,206733,1266,1265,1827,1054,0,0.0026263152
Cold,24335,173,172,1827,1054,1,-0.0024834326
Cold,23660,169,168,1827,1054,0,0.0018111584
Cold,254837,1551,1550,1827,1054,1,0.009693753
Cold,783997,4682,4681,1827,1054,1,0.0068237605
Cold,309525,1842,1841,1827,1054,1,0.0032700803
Cold,947855,5723,5722,1827,1054,1,0.005290488
Cold,712828,4277,4276,1827,1054,1,0.016343405
Cold,322190,1912,1911,1827,1054,0,0.0092009595
Cold,28123,195,194,1827,1054,1,0.016486162
Cold,344789,2023,2022,1827,1054,1,0.002948847
Cold,546725,3371,3370,1827,1054,1,0.01730728
Cold,216887,1317,1316,1827,1054,1,0.009244312
Cold,193528,1194,1193,1827,1054,1,0.0018631322
Cold,499250,3067,3066,1836,1059,1,0.0025499072
Cold,498493,3062,3061,1836,1059,0,-0.0051671565
Cold,493934,3032,3031,1836,1059,1,-0.009800699
Cold,493300,3031,3030,1836,1059,1,0.0018444336
Cold,852569,5113,5112,1836,1059,0,-0.0018933149
Cold,465597,2872,2871,1836,1059,1,-0.004843921
Cold,459578,2832,2831,1836,1059,1,0.0053938353
Cold,458882,2825,2824,1836,1059,1,0.00087704166
Cold,949473,5737,5736,1836,1059,1,-0.0018098529
Cold,431367,2628,2627,1836,1059,1,-0.0066531166
Cold,408088,2453,2452,1836,1059,0,-0.0006353811
Cold,464079,2860,2859,1836,1059,1,0.0020235425
Cold,404448,2419,2418,1836,1059,0,-0.00039296597
Cold,362840,2116,2115,1836,1059,0,0.0017662044
Cold,364652,2124,2123,1836,1059,1,-0.0054204394
Cold,330511,1951,1950,1836,1059,1,-0.0008796705
Cold,274627,1659,1658,1836,1059,0,0.0060390616
Cold,310074,1845,1844,1836,1059,1,-0.00055949343
Cold,274328,1658,1657,1836,1059,1,0.0049791746
Cold,309905,1843,1842,1836,1059,1,-0.0029455589
Cold,212021,1291,1290,1836,1059,1,0.0011808258
Cold,196388,1207,1206,1836,1059,0,-0.0024335398
Cold,209383,1279,1278,1836,1059,0,0.001308081
Cold,329209,1943,1942,1836,1059,1,-0.0050121173
Cold,185055,1150,1149,1836,1059,0,-0.0035594376
Cold,201436,1242,1241,1836,1059,1,-0.008920171
Cold,166369,1059,1058,1836,1059,0,0.00085976534
Cold,163723,1050,1049,1836,1059,0,0.007611547
Cold,142353,919,918,1836,1059,1,0.00044336735
Cold,263127,1605,1604,1836,1059,0,0.011719856
Cold,116013,752,751,1836,1059,1,-0.003463431
Cold,111844,728,727,1836,1059,0,-0.0028403203
Cold,778833,4653,4652,1836,1059,0,-0.0003314158
Cold,107291,706,705,1836,1059,0,0.0013057915
Cold,176803,1117,1116,1836,1059,0,0.0015285774
Cold,97754,655,654,1836,1059,0,0.00064559234
Cold,96020,645,644,1836,1059,0,0.0013748761
Cold,332556,1962,1961,1836,1059,0,0.007146607
Cold,631441,3821,3820,1836,1059,0,0.00044304878
Cold,696014,4169,4168,1836,1059,1,0.001162324
Cold,87215,570,569,1836,1059,0,0.0005650143
Cold,82909,549,548,1836,1059,1,-0.005332747
Cold,190638,1181,1180,1836,1059,0,0.0049165096
Cold,79237,531,530,1836,1059,0,-0.00014474615
Cold,77322,524,523,1836,1059,0,0.0102513
Cold,71883,482,481,1836,1059,0,-0.0016391957
Cold,70109,474,473,1836,1059,1,0.003959924
Cold,155275,1001,1000,1836,1059,1,-0.0021584453
Cold,53739,352,351,1836,1059,1,0.006781535
Cold,132345,855,854,1836,1059,1,0.0038345275
Cold,29195,199,198,1836,1059,0,-0.0047659213
Cold,26416,187,186,1836,1059,0,-0.0019480474
Cold,17495,136,135,1836,1059,1,0.003825889
Cold,7708,53,52,1836,1059,1,2.937764e-05
Cold,577,8,7,1836,1059,1,-0.007116577
Cold,36,1,0,1836,1059,1,0.008286815
Cold,457771,2820,2819,1836,1059,0,0.0008417449
Cold,206741,1266,1265,1836,1059,0,0.01063263
Cold,450069,2775,2774,1836,1059,1,-0.0015350237
Cold,157952,1015,1014,1836,1059,1,-0.001961693
Cold,762201,4528,4527,1836,1059,1,0.0010944187
Cold,252438,1530,1529,1836,1059,1,0.007825488
Cold,497143,3054,3053,1836,1059,0,-0.004373808
Cold,164385,1051,1050,1836,1059,1,0.000105987594
Cold,317587,1889,1888,1836,1059,0,-0.0021231931
Cold,963933,5812,5811,1836,1059,0,-0.0069996375
Cold,302062,1794,1793,1836,1059,0,0.0037125691
Cold,200017,1228,1227,1836,1059,0,-0.0035682567
Cold,923885,5580,5579,1836,1059,1,-0.0009890759
Cold,195319,1203,1202,1836,1059,0,0.0021633834
Cold,159925,1019,1018,1836,1059,0,-0.0049559707
Cold,62716,424,423,1836,1059,0,0.003507707
Cold,290059,1733,1732,1836,1059,1,0.002819357
Cold,187550,1164,1163,1836,1059,1,0.0012544747
Cold,933380,5636,5635,1836,1059,0,-0.005188012
Cold,537804,3312,3311,1837,1060,0,0.005088058
Cold,183508,1142,1141,1837,1060,0,0.0064899586
Cold,768648,4579,4578,1837,1060,0,0.003931204
Cold,473387,2909,2908,1837,1060,1,0.0038853656
Cold,132348,855,854,1839,1061,0,0.0023266324
Cold,32058,216,215,1839,1061,0,-0.0006790599
Cold,142163,918,917,1839,1061,0,-0.0027844673
Cold,362843,2116,2115,1839,1061,0,0.003960583
Cold,489525,3013,3012,1839,1061,0,-0.0008532967
Cold,878939,5312,5311,1839,1061,0,-0.00037037674
Cold,565463,3475,3474,1839,1061,0,-0.009077166
Cold,62719,424,423,1839,1061,0,0.0044249147
Cold,272760,1647,1646,1839,1061,0,-0.0005269926
Cold,748816,4471,4470,1840,1062,0,-0.011712467
Cold,534317,3299,3298,1840,1062,1,-0.0032513356
Cold,532034,3285,3284,1840,1062,0,0.0031343836
Cold,579948,3540,3539,1840,1062,1,-0.0018813652
Cold,526199,3253,3252,1840,1062,1,-0.005677888
Cold,502074,3082,3081,1840,1062,0,-0.0015840883
Cold,500209,3072,3071,1840,1062,1,-0.0014692477
Cold,496426,3051,3050,1840,1062,0,0.007694857
Cold,493947,3032,3031,1840,1062,1,-0.005332083
Cold,498265,3058,3057,1840,1062,1,0.00403848
Cold,475435,2918,2917,1840,1062,1,0.00031909486
Cold,852575,5113,5112,1840,1062,0,-0.000587733
Cold,468323,2887,2886,1840,1062,1,0.0010696605
Cold,458886,2825,2824,1840,1062,0,-0.0037953798
Cold,455616,2806,2805,1840,1062,0,0.0044075367
Cold,450701,2777,2776,1840,1062,1,-0.005361494
Cold,431368,2628,2627,1840,1062,1,-0.0045604752
Cold,420188,2540,2539,1840,1062,1,-1.2859004e-05
Cold,408101,2453,2452,1840,1062,0,-0.0031514496
Cold,399001,2376,2375,1840,1062,0,-0.0053210985
Cold,398215,2368,2367,1840,1062,1,-0.008191935
Cold,388599,2276,2275,1840,1062,0,-0.0021286423
Cold,386570,2261,2260,1840,1062,0,0.008133698
Cold,378569,2210,2209,1840,1062,1,-0.0017802764
Cold,382454,2235,2234,1840,1062,0,-0.0059244465
Cold,362853,2116,2115,1840,1062,0,-0.0037004685
Cold,359300,2102,2101,1840,1062,0,0.0018712666
Cold,340528,2010,2009,1840,1062,0,-0.0032576893
Cold,316187,1883,1882,1840,1062,0,0.0004924517
Cold,314612,1879,1878,1840,1062,1,-0.005059966
Cold,267523,1626,1625,1840,1062,1,0.0006312727
Cold,265643,1613,1612,1840,1062,1,-0.0018216821
Cold,260961,1595,1594,1840,1062,1,0.0013856739
Cold,659097,3971,3970,1840,1062,1,-0.0052925413
Cold,350682,2059,2058,1840,1062,1,-0.0027416789
Cold,332563,1962,1961,1840,1062,0,-0.0021539347
Cold,301725,1793,1792,1840,1062,1,-0.003996255
Cold,233358,1420,1419,1840,1062,0,-0.0076207914
Cold,325293,1926,1925,1840,1062,1,0.0022051455
Cold,307966,1836,1835,1840,1062,0,-0.00069344416
Cold,243794,1470,1469,1840,1062,1,0.0060346294
Cold,194367,1199,1198,1840,1062,0,0.0018812213
Cold,182455,1139,1138,1840,1062,0,0.00091582246
Cold,174058,1101,1100,1840,1062,1,-0.0029857284
Cold,166376,1059,1058,1840,1062,0,-0.013317065
Cold,334502,1974,1973,1840,1062,0,0.0062766066
Cold,163730,1050,1049,1840,1062,0,-0.0052437987
Cold,152933,984,983,1840,1062,0,0.0052619
Cold,151532,975,974,1840,1062,0,-0.0005988481
Cold,148693,957,956,1840,1062,1,0.004303939
Cold,199350,1224,1223,1840,1062,1,-0.0017706696
Cold,311902,1860,1859,1840,1062,0,0.0041015726
Cold,136404,881,880,1840,1062,0,-0.003282274
Cold,127670,824,823,1840,1062,1,-0.00091838953
Cold,126851,818,817,1840,1062,0,0.002160455
Cold,116029,752,751,1840,1062,1,-0.0021059029
Cold,114773,746,745,1840,1062,0,-0.0021952176
Cold,107806,710,709,1840,1062,1,-0.00280863
Cold,299523,1778,1777,1840,1062,1,-0.0017323333
Cold,175978,1113,1112,1840,1062,0,0.0009010154
Cold,190656,1181,1180,1840,1062,0,-0.0027020404
Cold,82923,549,548,1840,1062,0,0.0021681788
Cold,78362,528,527,1840,1062,0,0.0039821183
Cold,239856,1449,1448,1840,1062,0,-0.0014661709
Cold,53761,352,351,1840,1062,1,0.002760861
Cold,68170,457,456,1840,1062,0,0.0033592982
Cold,42969,294,293,1840,1062,1,0.0008986442
Cold,696024,4169,4168,1840,1062,0,-0.0049332613
Cold,33948,229,228,1840,1062,1,-0.00039922586
Cold,28161,195,194,1840,1062,1,-0.0035685534
Cold,26425,187,186,1840,1062,1,0.006993291
Cold,24909,175,174,1840,1062,1,0.00090542797
Cold,23379,168,167,1840,1062,1,-0.0039007943
Cold,23340,167,166,1840,1062,0,-0.003982636
Cold,21571,157,156,1840,1062,1,-0.005328687
Cold,16675,131,130,1840,1062,0,0.0041719154
Cold,1526,15,14,1840,1062,0,-0.009868247
Cold,595,8,7,1840,1062,1,-0.0025906232
Cold,223421,1354,1353,1840,1062,1,-0.0047796257
Cold,104214,692,691,1840,1062,1,0.0011414087
Cold,286624,1712,1711,1840,1062,0,0.004094126
Cold,129288,839,838,1840,1062,1,-0.0038560638
Cold,113713,737,736,1840,1062,1,0.0026450786
Cold,933385,5636,5635,1840,1062,1,-0.00050223176
Cold,233615,1421,1420,1840,1062,0,0.00024775183
Cold,50160,331,330,1840,1062,1,0.0043986687
Cold,777693,4647,4646,1840,1062,0,-0.003117183
Cold,257540,1579,1578,1840,1062,0,-0.010001081
Cold,497149,3054,3053,1840,1062,0,-0.006410343
Cold,19994,149,148,1840,1062,0,-0.0020287791
Cold,317595,1889,1888,1840,1062,0,0.008425845
Cold,302071,1794,1793,1840,1062,0,0.002023694
Cold,309532,1842,1841,1840,1062,1,-0.007439659
Cold,290066,1733,1732,1840,1062,0,0.0037948892
Cold,626618,3792,3791,1840,1062,1,-0.0036393886
Cold,62732,424,423,1840,1062,0,-0.0043029883
Cold,336665,1982,1981,1840,1062,1,0.003492483
Cold,941342,5682,5681,1840,1062,1,0.0005392846
Cold,825512,4958,4957,1840,1062,1,-0.0044561373
Cold,193544,1194,1193,1840,1062,0,-0.00524746
Cold,348905,2047,2046,1841,1063,0,-0.003726305
Cold,295988,1757,1756,1841,1063,0,0.005453126
Cold,265645,1613,1612,1841,1063,0,-0.0039627966
Cold,263877,1606,1605,1841,1063,1,0.008503325
Cold,335674,1980,1979,1841,1063,0,-0.00024421513
Cold,303722,1804,1803,1841,1063,0,-0.0022016047
Cold,278898,1680,1679,1841,1063,0,-0.0010652915
Cold,196394,1207,1206,1841,1063,0,-0.0078045097
Cold,307314,1835,1834,1841,1063,0,-0.0035908762
Cold,331453,1958,1957,1841,1063,1,0.00839883
Cold,183919,1146,1145,1841,1063,0,-0.014581389
Cold,168328,1069,1068,1841,1063,1,-0.004427288
Cold,159933,1019,1018,1841,1063,0,-0.0006344896
Cold,145283,935,934,1841,1063,0,0.0013284847
Cold,117427,757,756,1841,1063,0,0.0066388235
Cold,116030,752,751,1841,1063,0,-0.008794626
Cold,113245,735,734,1841,1063,0,-0.0029790313
Cold,110686,721,720,1841,1063,0,-0.0016786072
Cold,696026,4169,4168,1841,1063,1,0.004686058
Cold,320731,1902,1901,1841,1063,0,-0.005477915
Cold,190659,1181,1180,1841,1063,0,0.0043418556
Cold,82925,549,548,1841,1063,1,0.0031130991
Cold,481709,2962,2961,1841,1063,0,-0.00041526603
Cold,26427,187,186,1841,1063,0,-0.0015213443
Cold,204488,1260,1259,1841,1063,0,-0.0016680341
Cold,16982,133,132,1841,1063,1,0.0037631313
Cold,290067,1733,1732,1841,1063,0,0.010164358
Cold,15611,123,122,1841,1063,0,-0.0018704114
Cold,638990,3842,3841,1841,1063,1,-0.0014625951
Cold,50163,331,330,1841,1063,1,-0.0025821987
Cold,712854,4277,4276,1841,1063,1,0.0028197211
Cold,129289,839,838,1841,1063,0,0.0017977944
Cold,567347,3483,3482,1841,1063,0,0.0049369317
Cold,193545,1194,1193,1841,1063,1,0.0021265815
Cold,62735,424,423,1841,1063,1,-0.0013637736
Cold,637922,3841,3840,1848,1065,0,0.012008836
Cold,625858,3785,3784,1848,1065,1,0.0036176317
Cold,624632,3778,3777,1848,1065,0,0.0048511517
Cold,620628,3760,3759,1848,1065,0,-0.0030067046
Cold,612856,3715,3714,1848,1065,0,0.010188677
Cold,610126,3698,3697,1848,1065,0,-0.0041795825
Cold,607426,3687,3686,1848,1065,0,0.0016129939
Cold,604083,3675,3674,1848,1065,0,0.00032013748
Cold,587789,3589,3588,1848,1065,0,-0.003905104
Cold,586718,3582,3581,1848,1065,0,0.00018110534
Cold,758478,4510,4509,1848,1065,1,-0.0050235065
Cold,573197,3511,3510,1848,1065,1,-0.0022145403
Cold,593601,3618,3617,1848,1065,0,-0.005002952
Cold,561178,3453,3452,1848,1065,0,0.004605495
Cold,552203,3401,3400,1848,1065,1,-0.0049649654
Cold,555193,3414,3413,1848,1065,1,-0.00389245
Cold,541616,3333,3332,1848,1065,0,-0.006168045
Cold,535878,3308,3307,1848,1065,0,-0.0036611462
Cold,529558,3272,3271,1848,1065,1,0.0007771547
Cold,521037,3216,3215,1848,1065,0,0.0039402638
Cold,539807,3320,3319,1848,1065,1,0.0064206813
Cold,527323,3261,3260,1848,1065,0,-0.0015272754
Cold,507185,3121,3120,1848,1065,0,0.0054268837
Cold,503390,3093,3092,1848,1065,0,0.00787898
Cold,501704,3081,3080,1848,1065,0,-0.004340016
Cold,493954,3032,3031,1848,1065,1,-0.005149835
Cold,484925,2986,2985,1848,1065,0,-0.0083789015
Cold,477967,2934,2933,1848,1065,0,0.001394988
Cold,472135,2906,2905,1848,1065,1,-0.0020443867
Cold,473411,2909,2908,1848,1065,0,-0.0029389146
Cold,469544,2892,2891,1848,1065,1,-3.591925e-05
Cold,754624,4497,4496,1848,1065,1,-0.0044961236
Cold,466713,2878,2877,1848,1065,0,-0.011840969
Cold,455385,2804,2803,1848,1065,1,0.009586316
Cold,444943,2744,2743,1848,1065,0,0.0032247342
Cold,437912,2676,2675,1848,1065,1,0.013380611
Cold,437814,2675,2674,1848,1065,0,0.011718767
Cold,418554,2529,2528,1848,1065,1,-0.013874048
Cold,403607,2411,2410,1848,1065,1,0.005172371
Cold,385678,2255,2254,1848,1065,0,0.005347679
Cold,384050,2244,2243,1848,1065,0,-0.0010652277
Cold,355907,2085,2084,1848,1065,0,0.00039044372
Cold,356303,2088,2087,1848,1065,0,-0.0035909084
Cold,361504,2109,2108,1848,1065,0,-0.0013915624
Cold,358824,2100,2099,1848,1065,0,0.00046346243
Cold,341484,2012,2011,1848,1065,0,-0.0006014346
Cold,335680,1980,1979,1848,1065,0,0.0032910043
Cold,331104,1956,1955,1848,1065,0,-0.008446228
Cold,288829,1726,1725,1848,1065,0,-0.012122403
Cold,286232,1709,1708,1848,1065,1,0.0034826028
Cold,323727,1920,1919,1848,1065,1,0.0009886529
Cold,283481,1697,1696,1848,1065,1,0.0009895066
Cold,258944,1586,1585,1848,1065,1,0.007352254
Cold,342319,2015,2014,1848,1065,0,-0.002618973
Cold,236340,1434,1433,1848,1065,0,0.009384438
Cold,229865,1391,1390,1848,1065,0,-0.008331634
Cold,222347,1345,1344,1848,1065,1,0.00205538
Cold,216006,1311,1310,1848,1065,0,0.008498697
Cold,216909,1317,1316,1848,1065,0,-0.00016524142
Cold,296762,1759,1758,1848,1065,0,-0.002032944
Cold,213365,1298,1297,1848,1065,0,0.0107200155
Cold,272775,1647,1646,1848,1065,0,-0.0017775444
Cold,207735,1271,1270,1848,1065,1,0.0047437465
Cold,261669,1599,1598,1848,1065,0,0.010946301
Cold,278908,1680,1679,1848,1065,0,0.014194064
Cold,196397,1207,1206,1848,1065,0,0.004815293
Cold,456394,2810,2809,1848,1065,0,-0.008040662
Cold,327841,1941,1940,1848,1065,1,-0.010062903
Cold,186336,1152,1151,1848,1065,0,0.003548669
Cold,177490,1119,1118,1848,1065,1,-0.013169304
Cold,173571,1100,1099,1848,1065,0,0.014921332
Cold,248727,1501,1500,1848,1065,0,0.0002659608
Cold,163410,1046,1045,1848,1065,0,0.0050916555
Cold,163149,1042,1041,1848,1065,0,0.009718901
Cold,161967,1033,1032,1848,1065,1,9.3056355e-05
Cold,227574,1380,1379,1848,1065,0,-0.006034971
Cold,190665,1181,1180,1848,1065,0,-0.0057322057
Cold,360619,2106,2105,1848,1065,0,-0.008761259
Cold,156690,1010,1009,1848,1065,0,0.0040561673
Cold,176374,1115,1114,1848,1065,0,0.0001754167
Cold,123843,798,797,1848,1065,1,0.0032931291
Cold,110318,720,719,1848,1065,0,-0.00496223
Cold,112361,731,730,1848,1065,1,-0.008542114
Cold,93755,629,628,1848,1065,0,0.006482915
Cold,87419,571,570,1848,1065,0,0.000357182
Cold,85235,556,555,1848,1065,1,0.00045376504
Cold,84944,552,551,1848,1065,0,0.0019333776
Cold,82930,549,548,1848,1065,1,-0.0035767895
Cold,82070,544,543,1848,1065,1,-0.002506531
Cold,79872,532,531,1848,1065,1,-0.0062823063
Cold,83999,550,549,1848,1065,0,-0.008363475
Cold,73083,494,493,1848,1065,1,-0.00082073384
Cold,66828,449,448,1848,1065,0,-0.0050651403
Cold,65259,438,437,1848,1065,1,0.008327062
Cold,64529,431,430,1848,1065,0,-0.0051933397
Cold,64182,429,428,1848,1065,0,0.012640445
Cold,39360,267,266,1848,1065,1,-0.0062800664
Cold,33954,229,228,1848,1065,0,-0.004478402
Cold,14075,114,113,1848,1065,1,-0.0065057357
Cold,10516,75,74,1848,1065,1,0.0038600988
Cold,28175,195,194,1848,1065,1,0.010674925
Cold,7739,53,52,1848,1065,0,-0.00040959008
Cold,22546,163,162,1848,1065,0,-0.0070447414
Cold,233983,1422,1421,1848,1065,0,-0.005380941
Cold,807570,4834,4833,1848,1065,1,0.0030017495
Cold,129293,839,838,1848,1065,1,-0.008870709
Cold,567352,3483,3482,1848,1065,0,-0.006900174
Cold,12007,92,91,1848,1065,0,0.010912718
Cold,427322,2594,2593,1848,1065,0,-0.0027532855
Cold,178008,1120,1119,1848,1065,0,-0.007879319
Cold,171441,1088,1087,1848,1065,0,-0.0010099602
Cold,206281,1265,1264,1848,1065,0,0.00213124
Cold,811043,4867,4866,1848,1065,1,0.0077640982
Cold,823252,4950,4949,1848,1065,0,-0.0043259086
Cold,484581,2985,2984,1848,1065,0,0.0026909383
Cold,638994,3842,3841,1848,1065,1,-0.0009674728
Cold,25995,184,183,1848,1065,1,-0.0013858692
Cold,286235,1709,1708,1855,1066,1,0.009164512
Cold,259380,1587,1586,1855,1066,0,-0.0015565229
Cold,335688,1980,1979,1855,1066,0,0.0093910955
Cold,262164,1600,1599,1855,1066,0,0.0042130724
Cold,261671,1599,1598,1855,1066,1,0.008950425
Cold,278922,1680,1679,1855,1066,0,0.004161975
Cold,187383,1163,1162,1855,1066,0,-0.007112321
Cold,178015,1120,1119,1855,1066,0,-0.0061024437
Cold,243809,1470,1469,1855,1066,1,0.00020329189
Cold,179505,1125,1124,1855,1066,1,-0.0021446422
Cold,173577,1100,1099,1855,1066,0,0.0026067412
Cold,272096,1645,1644,1855,1066,1,-0.0037808584
Cold,156697,1010,1009,1855,1066,0,0.0014793554
Cold,248730,1501,1500,1855,1066,1,0.005359018
Cold,124202,800,799,1855,1066,0,0.0057485485
Cold,360625,2106,2105,1855,1066,0,0.0047530723
Cold,105958,699,698,1855,1066,0,0.007404449
Cold,109230,714,713,1855,1066,1,-0.0026866172
Cold,98691,660,659,1855,1066,0,-0.0034374553
Cold,291258,1737,1736,1855,1066,0,-0.00044271722
Cold,82938,549,548,1855,1066,1,-0.00034734857
Cold,84007,550,549,1855,1066,0,0.00648317
Cold,65266,438,437,1855,1066,1,0.006445923
Cold,58082,392,391,1855,1066,0,-0.0062777083
Cold,48264,324,323,1855,1066,0,0.0016560303
Cold,39571,268,267,1855,1066,0,-0.002420377
Cold,32109,216,215,1855,1066,0,0.01597961
Cold,239869,1449,1448,1855,1066,0,0.01301085
Cold,304037,1806,1805,1855,1066,0,0.0030422953
Cold,16440,130,129,1855,1066,0,-0.0029220195
Cold,234856,1425,1424,1855,1066,0,0.0032596465
Cold,626630,3792,3791,1855,1066,0,-0.0038966564
Cold,28204,195,194,1855,1066,0,0.00037780264
Cold,362868,2116,2115,1855,1066,0,-0.0116453525
Cold,784015,4682,4681,1855,1066,1,0.0013048989
Cold,682304,4085,4084,1855,1066,0,0.00040727016
Cold,327852,1941,1940,1855,1066,0,-0.00053053565
Cold,489537,3013,3012,1855,1066,0,0.0070864907
Cold,599145,3648,3647,1855,1066,0,-0.0011457065
Cold,52169,343,342,1855,1066,1,-0.0052399226
Cold,768654,4579,4578,1855,1066,0,0.002786462
Cold,501209,3080,3079,1855,1066,0,0.002812143
Cold,564280,3471,3470,1855,1066,0,0.003335953
Cold,215453,1306,1305,1855,1066,1,0.01288476
Cold,174064,1101,1100,1855,1066,0,0.0069982163
Cold,562485,3462,3461,1855,1066,0,0.0022089607
Cold,974258,5878,5877,1855,1066,0,0.0043731304
Cold,549939,3391,3390,1855,1066,0,-0.004158149
Cold,26448,187,186,1856,1067,1,-0.0013821289
Cold,947518,5722,5721,1856,1067,1,-0.0008909811
Cold,18097,139,138,1856,1067,1,-0.0013610271
Cold,17520,136,135,1856,1067,0,-0.003320674
Cold,372608,2176,2175,1856,1067,1,-0.0021861922
Cold,290075,1733,1732,1856,1067,0,-0.0016007682
Cold,309537,1842,1841,1856,1067,1,0.001088473
Cold,719974,4312,4311,1856,1067,0,-0.0034262072
Cold,480429,2947,2946,1856,1067,0,0.002360435
Cold,233619,1421,1420,1856,1067,1,0.00020009861
Cold,974259,5878,5877,1856,1067,0,-0.0047365534
Cold,549940,3391,3390,1856,1067,1,0.003160407
Cold,548949,3389,3388,1858,1068,0,0.0055188253
Cold,525034,3242,3241,1858,1068,0,0.0029865531
Cold,520300,3209,3208,1858,1068,0,0.0025461218
Cold,516881,3191,3190,1858,1068,0,0.00023517548
Cold,511293,3154,3153,1858,1068,0,0.006681184
Cold,507186,3121,3120,1858,1068,0,0.006340971
Cold,505808,3111,3110,1858,1068,0,0.001226696
Cold,646605,3892,3891,1858,1068,0,0.007991991
Cold,516378,3189,3188,1858,1068,0,0.0031050546
Cold,496429,3051,3050,1858,1068,0,-0.0003094154
Cold,493964,3032,3031,1858,1068,1,0.0056232074
Cold,490654,3018,3017,1858,1068,1,0.0047704466
Cold,486577,2995,2994,1858,1068,1,0.001574146
Cold,482628,2967,2966,1858,1068,0,0.008284437
Cold,471314,2900,2899,1858,1068,0,0.012031117
Cold,468330,2887,2886,1858,1068,1,-0.0011331385
Cold,468092,2886,2885,1858,1068,1,0.007450276
Cold,466314,2876,2875,1858,1068,1,-0.0069345003
Cold,450716,2777,2776,1858,1068,0,0.009829683
Cold,564281,3471,3470,1858,1068,0,0.0092756525
Cold,447878,2761,2760,1858,1068,0,0.0025218364
Cold,440944,2700,2699,1858,1068,0,-0.007569758
Cold,424677,2576,2575,1858,1068,1,0.00045082485
Cold,609602,3695,3694,1858,1068,1,-0.005416725
Cold,402664,2403,2402,1858,1068,0,0.0008221681
Cold,400331,2383,2382,1858,1068,1,0.00099354
Cold,383628,2242,2241,1858,1068,1,0.0065526725
Cold,370460,2166,2165,1858,1068,1,-0.003915409
Cold,367203,2143,2142,1858,1068,1,0.0097964695
Cold,355915,2085,2084,1858,1068,1,0.003735306
Cold,349491,2051,2050,1858,1068,0,-0.0030025658
Cold,351604,2063,2062,1858,1068,0,0.006636217
Cold,373948,2181,2180,1858,1068,0,0.001937284
Cold,342322,2015,2014,1858,1068,1,-0.0063351775
Cold,341490,2012,2011,1858,1068,0,0.00035468768
Cold,380753,2225,2224,1858,1068,0,0.008267523
Cold,303489,1803,1802,1858,1068,1,0.010115299
Cold,297395,1764,1763,1858,1068,1,0.004331089
Cold,285913,1706,1705,1858,1068,0,-0.0028971916
Cold,289257,1727,1726,1858,1068,1,0.008197956
Cold,288830,1726,1725,1858,1068,0,0.006591066
Cold,282576,1694,1693,1858,1068,1,0.0017489993
Cold,269823,1635,1634,1858,1068,1,0.0031057512
Cold,358215,2097,2096,1858,1068,1,0.00091937627
Cold,257547,1579,1578,1858,1068,0,0.0031561991
Cold,256329,1564,1563,1858,1068,1,0.0020438647
Cold,329220,1943,1942,1858,1068,1,0.00852137
Cold,231607,1404,1403,1858,1068,0,0.0018318879
Cold,227048,1377,1376,1858,1068,0,0.011927047
Cold,296766,1759,1758,1858,1068,1,0.0016693794
Cold,213866,1299,1298,1858,1068,1,0.0007875685
Cold,350266,2056,2055,1858,1068,0,0.012373684
Cold,267161,1624,1623,1858,1068,0,-0.005787777
Cold,363915,2120,2119,1858,1068,1,-0.0019277546
Cold,175419,1112,1111,1858,1068,1,0.0033508146
Cold,327856,1941,1940,1858,1068,1,0.010121334
Cold,344398,2021,2020,1858,1068,0,-0.0047617164
Cold,227576,1380,1379,1858,1068,0,0.004026387
Cold,319972,1899,1898,1858,1068,1,-0.0008985865
Cold,155794,1004,1003,1858,1068,0,0.00823935
Cold,190675,1181,1180,1858,1068,0,0.008119424
Cold,276859,1675,1674,1858,1068,0,0.00024693133
Cold,136414,881,880,1858,1068,0,0.0030499024
Cold,135521,877,876,1858,1068,1,0.0018403949
Cold,121845,785,784,1858,1068,1,-0.0048872763
Cold,115077,747,746,1858,1068,1,0.013721158
Cold,113251,735,734,1858,1068,0,0.0067753256
Cold,96369,647,646,1858,1068,0,0.007715674
Cold,91602,608,607,1858,1068,0,-0.0032876548
Cold,80682,536,535,1858,1068,0,-0.0052180397
Cold,84008,550,549,1858,1068,0,0.0017685357
Cold,77345,524,523,1858,1068,0,0.010138102
Cold,87055,569,568,1858,1068,1,0.007907055
Cold,67375,453,452,1858,1068,0,0.003737704
Cold,65267,438,437,1858,1068,1,0.0043738824
Cold,38040,260,259,1858,1068,0,0.0042835977
Cold,537818,3312,3311,1858,1068,0,0.0022267846
Cold,53265,351,350,1858,1068,1,0.0038704285
Cold,35856,242,241,1858,1068,1,0.0011749528
Cold,626631,3792,3791,1858,1068,1,0.010913167
Cold,29222,199,198,1858,1068,0,0.01037275
Cold,291260,1737,1736,1858,1068,0,0.01294741
Cold,299957,1779,1778,1858,1068,1,-0.0004797401
Cold,23712,169,168,1858,1068,1,0.00043857325
Cold,22568,163,162,1858,1068,0,0.008164236
Cold,16863,132,131,1858,1068,1,0.014800219
Cold,12503,95,94,1858,1068,1,0.007846412
Cold,10269,73,72,1858,1068,1,-0.0034799767
Cold,17171,134,133,1858,1068,1,0.002146944
Cold,538433,3313,3312,1858,1068,1,-0.002165656
Cold,552212,3401,3400,1858,1068,1,0.004891674
Cold,104220,692,691,1858,1068,1,0.005085652
Cold,237759,1447,1446,1858,1068,1,0.005768285
Cold,635826,3833,3832,1858,1068,0,0.0113702575
Cold,54523,355,354,1858,1068,1,0.0019884154
Cold,475440,2918,2917,1858,1068,0,0.0026878621
Cold,130482,846,845,1858,1068,1,-0.0053037805
Cold,447305,2756,2755,1858,1068,0,0.007011099
Cold,116042,752,751,1858,1068,0,0.008178485
Cold,11637,90,89,1858,1068,1,0.0014005423
Cold,145751,937,936,1858,1068,0,0.0022675267
Cold,164410,1051,1050,1858,1068,0,0.006885358
Cold,309538,1842,1841,1858,1068,1,0.013006631
Cold,290076,1733,1732,1858,1068,0,0.0057151355
Cold,621995,3768,3767,1858,1068,0,0.009236407
Cold,476294,2926,2925,1858,1068,0,0.0041992883
Cold,388080,2271,2270,1858,1068,0,-0.0012609168
Cold,581273,3550,3549,1858,1068,1,0.007079422
Cold,420890,2544,2543,1858,1068,1,0.003921705
Cold,840400,5049,5048,1858,1068,1,0.002704205
Cold,272782,1647,1646,1858,1068,0,0.0131521
Cold,221222,1340,1339,1858,1068,0,-0.00072645675
Cold,629269,3808,3807,1862,1069,0,0.007681907
Cold,623303,3771,3770,1862,1069,0,-0.00066324417
Cold,621137,3762,3761,1862,1069,0,0.012984039
Cold,620636,3760,3759,1862,1069,0,0.0067322534
Cold,617268,3736,3735,1862,1069,0,0.0027218424
Cold,613199,3716,3715,1862,1069,1,0.0018391432
Cold,612863,3715,3714,1862,1069,0,-0.004451368
Cold,599897,3650,3649,1862,1069,0,0.009825946
Cold,584183,3565,3564,1862,1069,0,-0.002037975
Cold,758485,4510,4509,1862,1069,0,0.018829541
Cold,572781,3509,3508,1862,1069,0,0.00054825423
Cold,657075,3961,3960,1862,1069,0,0.013682815
Cold,557183,3423,3422,1862,1069,0,-0.0025600295
Cold,555713,3416,3415,1862,1069,0,0.00703022
Cold,548955,3389,3388,1862,1069,0,0.00872875
Cold,549950,3391,3390,1862,1069,0,0.010552484
Cold,545648,3365,3364,1862,1069,1,0.0127715245
Cold,535890,3308,3307,1862,1069,0,0.00013277493
Cold,531659,3283,3282,1862,1069,0,-0.000766173
Cold,517383,3193,3192,1862,1069,0,0.004629472
Cold,513683,3169,3168,1862,1069,0,0.003553289
Cold,566127,3476,3475,1862,1069,0,-0.0010743379
Cold,507188,3121,3120,1862,1069,1,0.0008511762
Cold,516383,3189,3188,1862,1069,0,0.007979928
Cold,589848,3599,3598,1862,1069,0,-0.0075375466
Cold,489164,3012,3011,1862,1069,0,-0.0035518168
Cold,491569,3024,3023,1862,1069,0,0.0019209762
Cold,653452,3940,3939,1862,1069,0,0.008891737
Cold,472466,2907,2906,1862,1069,0,0.0010662619
Cold,473430,2909,2908,1862,1069,0,0.012114505
Cold,463166,2857,2856,1862,1069,0,0.011984243
Cold,457792,2820,2819,1862,1069,0,0.005685419
Cold,475445,2918,2917,1862,1069,0,0.0039010611
Cold,445534,2748,2747,1862,1069,0,0.009131303
Cold,438970,2682,2681,1862,1069,0,-0.0047514797
Cold,430031,2621,2620,1862,1069,0,-0.0013846332
Cold,426419,2590,2589,1862,1069,0,0.0024880427
Cold,424678,2576,2575,1862,1069,0,0.0014741304
Cold,409545,2457,2456,1862,1069,0,0.00094700046
Cold,396316,2344,2343,1862,1069,0,0.003985064
Cold,391128,2299,2298,1862,1069,0,0.009058429
Cold,386576,2261,2260,1862,1069,0,0.0049079843
Cold,377171,2203,2202,1862,1069,0,0.0019222829
Cold,376820,2200,2199,1862,1069,0,-0.004281828
Cold,370674,2167,2166,1862,1069,0,0.0029880083
Cold,366768,2138,2137,1862,1069,1,-0.0022282137
Cold,365351,2126,2125,1862,1069,0,0.00034217804
Cold,358438,2098,2097,1862,1069,0,0.002936874
Cold,351617,2063,2062,1862,1069,0,0.0026330096
Cold,340540,2010,2009,1862,1069,0,0.0046165064
Cold,342329,2015,2014,1862,1069,0,0.0079760775
Cold,323502,1919,1918,1862,1069,0,0.0052345917
Cold,305279,1814,1813,1862,1069,0,0.009736623
Cold,297403,1764,1763,1862,1069,1,-0.008700836
Cold,295438,1754,1753,1862,1069,0,0.0025611795
Cold,293134,1746,1745,1862,1069,0,0.008391621
Cold,288415,1723,1722,1862,1069,1,0.008473515
Cold,275049,1666,1665,1862,1069,0,0.0054625664
Cold,277543,1676,1675,1862,1069,0,0.015005599
Cold,276868,1675,1674,1862,1069,1,3.7607737e-05
Cold,287393,1716,1715,1862,1069,0,0.009482803
Cold,271427,1641,1640,1862,1069,0,0.007996768
Cold,268311,1630,1629,1862,1069,0,0.009499837
Cold,266607,1617,1616,1862,1069,0,0.005658492
Cold,392060,2304,2303,1862,1069,1,-0.006367755
Cold,227055,1377,1376,1862,1069,0,0.010264125
Cold,224461,1357,1356,1862,1069,0,0.009867796
Cold,216190,1312,1311,1862,1069,0,0.010938538
Cold,214065,1300,1299,1862,1069,0,-0.0014287902
Cold,327873,1941,1940,1862,1069,0,0.01764782
Cold,186911,1159,1158,1862,1069,0,-0.0030621104
Cold,178823,1122,1121,1862,1069,0,0.0134195555
Cold,178023,1120,1119,1862,1069,0,0.0074834647
Cold,177501,1119,1118,1862,1069,0,0.001306213
Cold,183931,1146,1145,1862,1069,0,0.002099049
Cold,168337,1069,1068,1862,1069,0,0.0031221355
Cold,157996,1015,1014,1862,1069,0,0.007274336
Cold,436298,2665,2664,1862,1069,0,0.00801782
Cold,147349,949,948,1862,1069,0,0.014297555
Cold,146887,948,947,1862,1069,0,0.0022108154
Cold,190686,1181,1180,1862,1069,0,-6.6551846e-05
Cold,156706,1010,1009,1862,1069,0,0.0088600125
Cold,215458,1306,1305,1862,1069,0,0.008860566
Cold,135528,877,876,1862,1069,0,0.009012352
Cold,134138,869,868,1862,1069,0,0.0032287831
Cold,138048,889,888,1862,1069,0,-0.0013243961
Cold,127066,820,819,1862,1069,0,0.005516451
Cold,125500,808,807,1862,1069,0,0.002727897
Cold,120340,777,776,1862,1069,0,0.0068593575
Cold,119720,772,771,1862,1069,0,0.006167464
Cold,114074,741,740,1862,1069,1,0.005615601
Cold,166759,1060,1059,1862,1069,0,0.011444129
Cold,107819,710,709,1862,1069,0,0.0032991571
Cold,99421,663,662,1862,1069,0,0.0114800325
Cold,92716,621,620,1862,1069,0,0.012440856
Cold,91169,604,603,1862,1069,0,0.01764635
Cold,320735,1902,1901,1862,1069,0,0.006630862
Cold,299534,1778,1777,1862,1069,0,0.0101068
Cold,86064,563,562,1862,1069,0,0.0113071175
Cold,82483,548,547,1862,1069,0,-0.004563112
Cold,362880,2116,2115,1862,1069,0,0.0050803213
Cold,68631,461,460,1862,1069,0,0.0047470164
Cold,66501,445,444,1862,1069,0,0.0044785324
Cold,53830,352,351,1862,1069,0,0.0044833208
Cold,51172,337,336,1862,1069,0,0.013350632
Cold,51000,336,335,1862,1069,0,0.0012774598
Cold,110702,721,720,1862,1069,1,0.010397365
Cold,45206,305,304,1862,1069,0,0.0012692213
Cold,41833,284,283,1862,1069,0,-0.0006866824
Cold,41208,278,277,1862,1069,1,-0.0010078084
Cold,38518,262,261,1862,1069,0,-0.005632315
Cold,33966,229,228,1862,1069,0,0.0024579407
Cold,29231,199,198,1862,1069,0,0.001650237
Cold,291265,1737,1736,1862,1069,0,-0.003393418
Cold,99821,667,666,1862,1069,0,-0.0101151345
Cold,536992,3311,3310,1862,1069,0,-0.0014939797
Cold,22582,163,162,1862,1069,0,0.007589195
Cold,8516,58,57,1862,1069,0,0.008032197
Cold,696063,4169,4168,1862,1069,0,0.005321975
Cold,552219,3401,3400,1862,1069,0,0.0078075724
Cold,174067,1101,1100,1862,1069,0,0.006618652
Cold,626643,3792,3791,1862,1069,0,0.0035717264
Cold,237772,1447,1446,1862,1069,0,0.0049642464
Cold,365698,2129,2128,1862,1069,0,0.0032536492
Cold,50199,331,330,1862,1069,0,0.0040118587
Cold,171461,1088,1087,1862,1069,0,0.005430388
Cold,454550,2796,2795,1862,1069,0,0.0033146825
Cold,28230,195,194,1862,1069,0,0.0100227725
Cold,310598,1851,1850,1862,1069,0,-0.0013369839
Cold,811050,4867,4866,1862,1069,0,0.0014862185
Cold,221228,1340,1339,1862,1069,0,0.0075746835
Cold,891482,5387,5386,1862,1069,0,0.0105854105
Cold,977861,5892,5891,1862,1069,0,0.008097077
Cold,206284,1265,1264,1862,1069,0,-0.00060438504
Cold,230474,1395,1394,1862,1069,0,0.0054554753
Cold,484583,2985,2984,1862,1069,1,-0.0021255426
Cold,241085,1451,1450,1862,1069,0,0.009572885
Cold,718498,4305,4304,1862,1069,0,0.00079615274
Cold,579951,3540,3539,1863,1070,1,0.0021179244
Cold,577679,3527,3526,1863,1070,0,-0.0030478707
Cold,617025,3735,3734,1863,1070,0,-0.0012990804
Cold,556827,3422,3421,1863,1070,0,0.0027017065
Cold,552220,3401,3400,1863,1070,0,0.0021179905
Cold,575228,3519,3518,1863,1070,0,0.0056881197
Cold,545649,3365,3364,1863,1070,0,0.0071506444
Cold,540970,3328,3327,1863,1070,0,0.0008673328
Cold,536993,3311,3310,1863,1070,0,0.008471742
Cold,535891,3308,3307,1863,1070,0,0.0002872022
Cold,532047,3285,3284,1863,1070,0,0.0097652245
Cold,515387,3182,3181,1863,1070,0,0.003685831
Cold,514832,3180,3179,1863,1070,0,0.006272908
Cold,512718,3163,3162,1863,1070,0,0.008905265
Cold,508539,3129,3128,1863,1070,0,0.012463405
Cold,502083,3082,3081,1863,1070,0,-0.0071600033
Cold,516384,3189,3188,1863,1070,0,0.0041644606
Cold,493972,3032,3031,1863,1070,1,0.0056803776
Cold,492014,3026,3025,1863,1070,0,0.0027927798
Cold,473431,2909,2908,1863,1070,0,-3.067602e-05
Cold,467613,2882,2881,1863,1070,1,0.0031154486
Cold,452243,2785,2784,1863,1070,0,0.0043179616
Cold,450216,2776,2775,1863,1070,0,-0.0010046181
Cold,438796,2681,2680,1863,1070,0,-0.010072087
Cold,430032,2621,2620,1863,1070,0,0.0037493533
Cold,450724,2777,2776,1863,1070,0,0.0022829387
Cold,412748,2484,2483,1863,1070,0,0.0014848548
Cold,405679,2432,2431,1863,1070,1,-0.0072571393
Cold,404143,2415,2414,1863,1070,0,0.010602593
Cold,404461,2419,2418,1863,1070,0,-0.0029187487
Cold,399458,2378,2377,1863,1070,1,0.0019034503
Cold,392062,2304,2303,1863,1070,0,0.0013336107
Cold,355918,2085,2084,1863,1070,0,0.0070092017
Cold,351618,2063,2062,1863,1070,0,0.008249051
Cold,341496,2012,2011,1863,1070,0,-0.0012122167
Cold,340541,2010,2009,1863,1070,0,0.0006867171
Cold,314616,1879,1878,1863,1070,0,-0.0030766772
Cold,299009,1776,1775,1863,1070,0,0.0007996034
Cold,262168,1600,1599,1863,1070,0,0.011071875
Cold,224094,1356,1355,1863,1070,0,-0.0019849227
Cold,215908,1309,1308,1863,1070,1,0.008259338
Cold,212833,1297,1296,1863,1070,0,0.0048196907
Cold,261679,1599,1598,1863,1070,0,0.0040827803
Cold,278945,1680,1679,1863,1070,0,-0.002737965
Cold,235818,1427,1426,1863,1070,0,-0.007751595
Cold,186912,1159,1158,1863,1070,0,0.006058817
Cold,198597,1220,1219,1863,1070,1,-0.0011738334
Cold,255476,1556,1555,1863,1070,0,0.006007336
Cold,155799,1004,1003,1863,1070,0,0.00028274383
Cold,156707,1010,1009,1863,1070,0,0.0020312998
Cold,136423,881,880,1863,1070,0,0.0004708639
Cold,332574,1962,1961,1863,1070,0,0.0034433277
Cold,121480,781,780,1863,1070,0,0.0016962116
Cold,115325,749,748,1863,1070,0,0.005166949
Cold,299535,1778,1777,1863,1070,0,0.0037549606
Cold,118302,765,764,1863,1070,0,0.007791857
Cold,98697,660,659,1863,1070,0,0.0053683524
Cold,370934,2168,2167,1863,1070,1,0.0040472164
Cold,96373,647,646,1863,1070,0,0.007492518
Cold,631467,3821,3820,1863,1070,0,0.0064680753
Cold,190688,1181,1180,1863,1070,0,0.0024343631
Cold,119129,770,769,1863,1070,0,0.00522037
Cold,70722,476,475,1863,1070,0,-7.832225e-05
Cold,65273,438,437,1863,1070,0,0.0061318073
Cold,59447,403,402,1863,1070,1,0.0070602726
Cold,55811,369,368,1863,1070,0,0.003566277
Cold,40027,271,270,1863,1070,0,-0.00069262413
Cold,38939,264,263,1863,1070,0,-0.0020749606
Cold,32130,216,215,1863,1070,0,0.0065398756
Cold,239880,1449,1448,1863,1070,0,0.0028907508
Cold,107820,710,709,1863,1070,0,0.0061653676
Cold,696065,4169,4168,1863,1070,0,-0.00031139795
Cold,78373,528,527,1863,1070,0,0.00087886327
Cold,626644,3792,3791,1863,1070,0,0.0018812164
Cold,682314,4085,4084,1863,1070,0,0.007401912
Cold,272103,1645,1644,1863,1070,1,0.0016670463
Cold,293672,1748,1747,1863,1070,0,0.00196537
Cold,79271,531,530,1863,1070,0,0.003692549
Cold,342330,2015,2014,1863,1070,0,0.005182373
Cold,215459,1306,1305,1863,1070,0,0.0031773758
Cold,272791,1647,1646,1863,1070,1,0.0017385655
Cold,331471,1958,1957,1863,1070,0,0.0013082225
Cold,648956,3910,3909,1866,1071,0,-0.003024071
Cold,702374,4213,4212,1866,1071,1,-0.006994309
Cold,642726,3868,3867,1866,1071,1,-0.002225018
Cold,629273,3808,3807,1866,1071,1,-0.0028673417
Cold,624647,3778,3777,1866,1071,0,0.0072056074
Cold,623305,3771,3770,1866,1071,0,0.00091029814
Cold,613201,3716,3715,1866,1071,1,-0.008311512
Cold,601151,3654,3653,1866,1071,0,-0.0041158614
Cold,596437,3626,3625,1866,1071,1,-0.008529527
Cold,577013,3526,3525,1866,1071,1,0.005072902
Cold,744787,4448,4447,1866,1071,1,-0.005430935
Cold,573857,3513,3512,1866,1071,0,-0.004416653
Cold,591872,3610,3609,1866,1071,1,-0.0048040943
Cold,590532,3602,3601,1866,1071,0,-0.015157184
Cold,572003,3507,3506,1866,1071,0,-0.0074897027
Cold,567363,3483,3482,1866,1071,0,-0.005487174
Cold,569090,3491,3490,1866,1071,1,0.001954913
Cold,581276,3550,3549,1866,1071,1,-0.0016011489
Cold,555715,3416,3415,1866,1071,1,0.0048051593
Cold,548957,3389,3388,1866,1071,0,-0.003234701
Cold,549952,3391,3390,1866,1071,0,-0.007198958
Cold,536995,3311,3310,1866,1071,1,-0.0010460617
Cold,635827,3833,3832,1866,1071,1,-0.0014717411
Cold,537826,3312,3311,1866,1071,1,0.015808718
Cold,516885,3191,3190,1866,1071,1,-0.014664834
Cold,514834,3180,3179,1866,1071,0,-0.011287043
Cold,508541,3129,3128,1866,1071,0,-0.0042146523
Cold,506616,3118,3117,1866,1071,1,-0.0040274668
Cold,496432,3051,3050,1866,1071,0,-0.008785469
Cold,493974,3032,3031,1866,1071,0,-0.0066211447
Cold,491343,3022,3021,1866,1071,0,0.0100976415
Cold,477453,2931,2930,1866,1071,0,-0.007855063
Cold,473433,2909,2908,1866,1071,1,0.0032031215
Cold,469356,2890,2889,1866,1071,0,0.0020019186
Cold,646609,3892,3891,1866,1071,0,-0.00045067258
Cold,466318,2876,2875,1866,1071,1,0.0005208135
Cold,463168,2857,2856,1866,1071,0,0.009252444
Cold,460246,2840,2839,1866,1071,1,0.0060073794
Cold,486966,2996,2995,1866,1071,0,-0.0025894349
Cold,453613,2793,2792,1866,1071,1,-0.012089631
Cold,450725,2777,2776,1866,1071,0,-0.0044305334
Cold,449320,2771,2770,1866,1071,1,-0.010277236
Cold,447882,2761,2760,1866,1071,0,-0.0026565758
Cold,442859,2730,2729,1866,1071,1,-0.0054492108
Cold,564288,3471,3470,1866,1071,0,0.0072713154
Cold,409547,2457,2456,1866,1071,0,0.0048419517
Cold,406918,2445,2444,1866,1071,1,-0.004367587
Cold,437667,2673,2672,1866,1071,0,-0.0024932884
Cold,375057,2186,2185,1866,1071,0,-0.004745317
Cold,370226,2165,2164,1866,1071,1,-0.0046216967
Cold,351622,2063,2062,1866,1071,1,-0.003551148
Cold,341497,2012,2011,1866,1071,0,0.0054027606
Cold,340543,2010,2009,1866,1071,0,-0.0013668388
Cold,299536,1778,1777,1866,1071,1,0.002413684
Cold,288835,1726,1725,1866,1071,0,-0.0074716127
Cold,281207,1687,1686,1866,1071,1,-0.0026662066
Cold,269833,1635,1634,1866,1071,0,0.0032017212
Cold,302987,1800,1799,1866,1071,0,-0.012481027
Cold,259387,1587,1586,1866,1071,0,-0.0037104883
Cold,360631,2106,2105,1866,1071,0,0.0016878138
Cold,253131,1538,1537,1866,1071,1,-0.001752326
Cold,243198,1466,1465,1866,1071,1,0.00023095682
Cold,283137,1696,1695,1866,1071,0,0.0050331783
Cold,329228,1943,1942,1866,1071,1,-0.0012785508
Cold,270815,1639,1638,1866,1071,0,-0.010351455
Cold,223435,1354,1353,1866,1071,1,0.0007817822
Cold,311443,1855,1854,1866,1071,0,-0.00051170844
Cold,296768,1759,1758,1866,1071,1,-0.0067275246
Cold,277544,1676,1675,1866,1071,1,0.005384179
Cold,243819,1470,1469,1866,1071,0,0.007960864
Cold,205278,1263,1262,1866,1071,0,0.0013906852
Cold,320736,1902,1901,1866,1071,1,-0.015454323
Cold,196406,1207,1206,1866,1071,0,0.0010607423
Cold,193154,1193,1192,1866,1071,0,-0.013030978
Cold,267166,1624,1623,1866,1071,1,0.0030136746
Cold,363916,2120,2119,1866,1071,1,0.0055249427
Cold,173584,1100,1099,1866,1071,0,-0.0011364543
Cold,175426,1112,1111,1866,1071,0,-0.0044771014
Cold,214510,1302,1301,1866,1071,1,-0.0024132072
Cold,170470,1086,1085,1866,1071,0,-0.0028465963
Cold,154799,999,998,1866,1071,0,-0.0009832425
Cold,249199,1502,1501,1866,1071,1,-0.009864731
Cold,325772,1928,1927,1866,1071,1,-0.004312593
Cold,276870,1675,1674,1866,1071,1,-0.00015103538
Cold,136424,881,880,1866,1071,0,-0.009133073
Cold,135529,877,876,1866,1071,0,-0.0084487675
Cold,202405,1244,1243,1866,1071,0,-0.0024720388
Cold,124815,802,801,1866,1071,1,-0.009154011
Cold,121848,785,784,1866,1071,1,-0.0009939752
Cold,119131,770,769,1866,1071,0,-0.0010768417
Cold,114778,746,745,1866,1071,0,-0.0044104625
Cold,107822,710,709,1866,1071,1,0.00041981472
Cold,100105,669,668,1866,1071,1,-0.004737672
Cold,121707,783,782,1866,1071,0,-0.010284612
Cold,92994,623,622,1866,1071,0,-0.004917818
Cold,886844,5359,5358,1866,1071,0,-0.0007567557
Cold,86555,566,565,1866,1071,0,-0.00606176
Cold,291266,1737,1736,1866,1071,0,-0.009364471
Cold,190690,1181,1180,1866,1071,0,0.0028948926
Cold,77354,524,523,1866,1071,0,-0.0043579927
Cold,116052,752,751,1866,1071,1,-0.0058362484
Cold,67379,453,452,1866,1071,0,-0.0015149517
Cold,74718,509,508,1866,1071,0,-0.012801258
Cold,53836,352,351,1866,1071,0,-0.004327544
Cold,44578,302,301,1866,1071,0,-0.0010337871
Cold,29910,202,201,1866,1071,1,-0.006371852
Cold,29235,199,198,1866,1071,1,-0.0037430716
Cold,22585,163,162,1866,1071,0,-0.02140547
Cold,27224,192,191,1866,1071,1,0.0033882565
Cold,262495,1601,1600,1866,1071,1,-0.0051816986
Cold,696068,4169,4168,1866,1071,0,0.00014458597
Cold,354789,2077,2076,1866,1071,1,-0.0046692393
Cold,104223,692,691,1866,1071,1,-0.0062518315
Cold,790354,4728,4727,1866,1071,0,-0.0052814116
Cold,109752,716,715,1866,1071,1,-0.010803584
Cold,362881,2116,2115,1866,1071,1,-0.007775166
Cold,28233,195,194,1866,1071,0,0.0037818442
Cold,943312,5689,5688,1866,1071,0,0.0008348818
Cold,470714,2898,2897,1866,1071,1,0.0047712093
Cold,139151,890,889,1866,1071,1,-0.010820398
Cold,134139,869,868,1866,1071,1,0.0041273856
Cold,785760,4697,4696,1866,1071,1,-0.0047663846
Cold,206285,1265,1264,1866,1071,0,-0.0002595121
Cold,290083,1733,1732,1866,1071,0,0.0070011765
Cold,561521,3454,3453,1866,1071,0,0.011714401
Cold,231059,1399,1398,1866,1071,0,-0.0012117809
Cold,171464,1088,1087,1866,1071,0,-0.0050302455
Cold,234866,1425,1424,1866,1071,0,-0.0050736596
Cold,718499,4305,4304,1866,1071,1,0.0006488826
Cold,38326,261,260,1870,1072,1,0.0063589946
Cold,299960,1779,1778,1870,1072,1,0.002630563
Cold,223442,1354,1353,1870,1072,0,-0.0025697374
Cold,389408,2282,2281,1870,1072,0,-0.010234153
Cold,712895,4277,4276,1870,1072,1,-0.0023674848
Cold,161305,1029,1028,1870,1072,0,-0.0061578127
Cold,983006,5938,5937,1870,1072,0,-0.00087617873
Cold,682323,4085,4084,1870,1072,0,-0.014247803
Cold,317615,1889,1888,1870,1072,0,-0.0076279156
Cold,456404,2810,2809,1870,1072,1,-0.0032127702
Cold,116060,752,751,1870,1072,1,-0.0074941088
Cold,718502,4305,4304,1870,1072,1,-0.0123025905
Cold,520723,3212,3211,1875,1074,1,-0.00564925
Cold,532058,3285,3284,1875,1074,0,-0.0060267844
Cold,490222,3017,3016,1875,1074,0,0.0062206546
Cold,475089,2916,2915,1875,1074,1,-0.007903507
Cold,464619,2863,2862,1875,1074,1,-0.0011016034
Cold,464462,2861,2860,1875,1074,0,0.0025363902
Cold,462345,2853,2852,1875,1074,0,-0.0036665923
Cold,457804,2820,2819,1875,1074,1,-0.009957676
Cold,696091,4169,4168,1875,1074,0,-0.0010755601
Cold,428547,2608,2607,1875,1074,1,-0.0047316235
Cold,416494,2507,2506,1875,1074,1,-0.0031023212
Cold,412758,2484,2483,1875,1074,0,-0.00013688649
Cold,386499,2260,2259,1875,1074,0,0.0031413573
Cold,371999,2173,2172,1875,1074,1,0.004705496
Cold,364682,2124,2123,1875,1074,1,-0.0025217386
Cold,347147,2037,2036,1875,1074,1,-0.00047865696
Cold,345072,2024,2023,1875,1074,0,-0.004453184
Cold,315098,1880,1879,1875,1074,1,0.0017403313
Cold,253132,1538,1537,1875,1074,1,0.0067168493
Cold,631479,3821,3820,1875,1074,0,-0.0130786095
Cold,230762,1396,1395,1875,1074,1,8.9015346e-05
Cold,231614,1404,1403,1875,1074,1,-0.0011521368
Cold,229870,1391,1390,1875,1074,0,-0.0049676998
Cold,225731,1367,1366,1875,1074,1,-0.0024852017
Cold,223446,1354,1353,1875,1074,1,-0.0078058327
Cold,222356,1345,1344,1875,1074,0,-0.0009368872
Cold,214755,1303,1302,1875,1074,1,-0.0031068835
Cold,276148,1671,1670,1875,1074,1,-0.0021167356
Cold,205284,1263,1262,1875,1074,0,-0.0017123958
Cold,307981,1836,1835,1875,1074,1,-0.006482068
Cold,202411,1244,1243,1875,1074,1,0.0048224907
Cold,278962,1680,1679,1875,1074,1,-0.008377184
Cold,250352,1509,1508,1875,1074,0,-0.00023251935
Cold,210073,1284,1283,1875,1074,0,0.0037572482
Cold,199368,1224,1223,1875,1074,0,-0.00692347
Cold,209398,1279,1278,1875,1074,0,-0.0071735852
Cold,192334,1184,1183,1875,1074,0,-0.001444388
Cold,188905,1172,1171,1875,1074,1,-0.0059113503
Cold,212436,1294,1293,1875,1074,1,-0.007826055
Cold,183144,1141,1140,1875,1074,1,0.0058530886
Cold,185117,1150,1149,1875,1074,1,-0.00794986
Cold,200505,1231,1230,1875,1074,0,-0.0027924106
Cold,173592,1100,1099,1875,1074,1,0.0035355592
Cold,188197,1168,1167,1875,1074,1,-0.0055075125
Cold,166391,1059,1058,1875,1074,0,-0.004075619
Cold,164427,1051,1050,1875,1074,1,-0.0057310797
Cold,163749,1050,1049,1875,1074,0,0.0061182654
Cold,272109,1645,1644,1875,1074,1,-0.003090191
Cold,167776,1068,1067,1875,1074,1,0.0013211165
Cold,158010,1015,1014,1875,1074,1,-0.008445608
Cold,153647,987,986,1875,1074,1,0.0017609638
Cold,149538,963,962,1875,1074,0,-0.005409329
Cold,156722,1010,1009,1875,1074,0,-0.0018020108
Cold,138080,889,888,1875,1074,0,-0.0011981723
Cold,712903,4277,4276,1875,1074,1,-0.0030493157
Cold,131831,854,853,1875,1074,0,-0.0040668966
Cold,131086,850,849,1875,1074,1,-0.0017053761
Cold,263174,1605,1604,1875,1074,0,-0.013380452
Cold,360647,2106,2105,1875,1074,0,-0.007192713
Cold,132370,855,854,1875,1074,1,-0.011250288
Cold,112381,731,730,1875,1074,1,-0.0068788724
Cold,370942,2168,2167,1875,1074,0,-0.0039829793
Cold,329232,1943,1942,1875,1074,1,-0.0012539218
Cold,127256,822,821,1875,1074,0,-0.000286781
Cold,90606,601,600,1875,1074,0,-0.006334372
Cold,82230,546,545,1875,1074,1,0.005626928
Cold,319254,1897,1896,1875,1074,0,-0.0074856016
Cold,77365,524,523,1875,1074,0,-0.016198987
Cold,74728,509,508,1875,1074,1,0.002012791
Cold,238776,1448,1447,1875,1074,0,0.0017250667
Cold,197286,1211,1210,1875,1074,0,-0.007970214
Cold,75864,516,515,1875,1074,0,0.0020046516
Cold,57204,386,385,1875,1074,0,-0.0008716391
Cold,201464,1242,1241,1875,1074,1,-0.0075689247
Cold,51818,340,339,1875,1074,0,-0.0053365757
Cold,312834,1865,1864,1875,1074,0,-0.0012498277
Cold,33543,225,224,1875,1074,0,-0.006118331
Cold,32159,216,215,1875,1074,0,-0.0049755424
Cold,27588,193,192,1875,1074,1,0.0016808538
Cold,234874,1425,1424,1875,1074,1,-0.0041710963
Cold,49507,329,328,1875,1074,0,-0.008642659
Cold,6263,45,44,1875,1074,0,-0.0006781332
Cold,5132,36,35,1875,1074,0,-0.010939366
Cold,357359,2092,2091,1875,1074,0,-0.0024780266
Cold,79281,531,530,1875,1074,0,-0.017533561
Cold,206773,1266,1265,1875,1074,1,-0.008162474
Cold,65990,442,441,1875,1074,1,0.0018997279
Cold,114219,743,742,1875,1074,0,-0.010283392
Cold,557188,3423,3422,1875,1074,0,-0.005491886
Cold,974954,5880,5879,1875,1074,1,-0.012450898
Cold,750381,4478,4477,1875,1074,0,-0.0060999026
Cold,460618,2841,2840,1875,1074,1,-0.007872641
Cold,252458,1530,1529,1875,1074,0,0.00043152145
Cold,170813,1087,1086,1875,1074,1,-0.0037138988
Cold,290094,1733,1732,1875,1074,0,-0.005339765
Cold,261162,1597,1596,1875,1074,0,-0.0026747047
Cold,258367,1584,1583,1875,1074,1,-0.008990478
Cold,259394,1587,1586,1875,1074,1,0.00031191297
Cold,159968,1019,1018,1875,1074,0,-0.0062822737
Cold,474342,2910,2909,1875,1074,1,0.00052390224
Cold,304791,1812,1811,1875,1074,1,-0.0033107684
Cold,187577,1164,1163,1875,1074,1,-0.0039336514
Cold,62778,424,423,1875,1074,1,-0.006469596
Cold,974266,5878,5877,1875,1074,0,-0.004669131
Cold,12070,92,91,1881,1076,0,0.007843388
Cold,376352,2195,2194,1881,1076,0,0.009271521
Cold,102130,678,677,1881,1076,0,0.012907259
Cold,405314,2427,2426,1881,1076,0,0.014180448
Cold,171491,1088,1087,1881,1076,0,0.017834717
Cold,473467,2909,2908,1881,1076,0,-0.0035212394
Cold,285246,1701,1700,1881,1076,0,-0.00047266926
Cold,295605,1755,1754,1881,1076,0,0.005082449
Cold,468878,2888,2887,1897,1085,1,-0.000845731
Cold,879842,5317,5316,1897,1085,1,0.0028277473
Cold,464625,2863,2862,1897,1085,1,0.0011318724
Cold,457317,2818,2817,1897,1085,1,0.000765063
Cold,594776,3620,3619,1897,1085,0,-0.0017745713
Cold,790381,4728,4727,1897,1085,1,0.00855205
Cold,431378,2628,2627,1897,1085,1,0.0078025414
Cold,397055,2351,2350,1897,1085,1,-0.00060056616
Cold,381604,2231,2230,1897,1085,1,0.0011936815
Cold,381294,2230,2229,1897,1085,0,0.0068721334
Cold,360013,2105,2104,1897,1085,0,0.0011002712
Cold,344048,2020,2019,1897,1085,1,0.0020033116
Cold,304818,1812,1811,1897,1085,1,-0.0077020386
Cold,302095,1794,1793,1897,1085,0,-0.00023096753
Cold,284068,1698,1697,1897,1085,1,-0.0006669704
Cold,292246,1741,1740,1897,1085,1,0.0028365168
Cold,279028,1680,1679,1897,1085,0,0.004267626
Cold,267538,1626,1625,1897,1085,0,-0.0060462616
Cold,259413,1587,1586,1897,1085,1,-0.0021457374
Cold,244965,1475,1474,1897,1085,0,-0.0021430866
Cold,231950,1407,1406,1897,1085,1,-0.0029128033
Cold,319277,1897,1896,1897,1085,0,-0.005584433
Cold,565513,3475,3474,1897,1085,1,0.0055370694
Cold,296410,1758,1757,1897,1085,1,-4.753284e-05
Cold,214778,1303,1302,1897,1085,1,-0.012545344
Cold,208710,1274,1273,1897,1085,1,-0.005840777
Cold,229881,1391,1390,1897,1085,0,0.0022033649
Cold,209415,1279,1278,1897,1085,0,0.0043612104
Cold,338074,1988,1987,1897,1085,0,0.0008975826
Cold,189333,1173,1172,1897,1085,1,-0.0060857674
Cold,188567,1170,1169,1897,1085,1,-0.0012706382
Cold,185151,1150,1149,1897,1085,0,-0.00956901
Cold,201483,1242,1241,1897,1085,1,-0.00046019815
Cold,174482,1103,1102,1897,1085,1,-0.00033837743
Cold,179539,1125,1124,1897,1085,0,0.0022597066
Cold,190762,1181,1180,1897,1085,0,-0.0016625326
Cold,151558,975,974,1897,1085,0,-0.004977032
Cold,195371,1203,1202,1897,1085,1,-0.0057524303
Cold,140861,905,904,1897,1085,1,-0.0010368146
Cold,156754,1010,1009,1897,1085,0,0.006050837
Cold,138127,889,888,1897,1085,0,-0.0051277573
Cold,131857,854,853,1897,1085,0,0.0019874922
Cold,107309,706,705,1897,1085,1,-0.0037220789
Cold,103373,687,686,1897,1085,1,0.0051165777
Cold,631504,3821,3820,1897,1085,0,0.00049079396
Cold,89991,593,592,1897,1085,1,0.003217163
Cold,432111,2634,2633,1897,1085,0,-0.0029641136
Cold,89218,588,587,1897,1085,1,0.0017232184
Cold,238807,1448,1447,1897,1085,1,0.008127614
Cold,80535,534,533,1897,1085,0,0.00061444275
Cold,228763,1386,1385,1897,1085,1,0.008499034
Cold,58341,393,392,1897,1085,0,0.015910124
Cold,239942,1449,1448,1897,1085,1,0.0069729113
Cold,132393,855,854,1897,1085,0,-0.0005869237
Cold,308543,1837,1836,1897,1085,1,0.0019247481
Cold,88775,587,586,1897,1085,1,0.0015549487
Cold,22644,163,162,1897,1085,0,0.0031567928
Cold,33590,225,224,1897,1085,0,-0.0014196958
Cold,111629,727,726,1897,1085,0,-0.0015281176
Cold,444,5,4,1897,1085,1,-0.002416676
Cold,79315,531,530,1897,1085,0,-0.0037353789
Cold,892912,5394,5393,1897,1085,0,0.0009956049
Cold,335763,1980,1979,1897,1085,0,0.009201184
Cold,750387,4478,4477,1897,1085,0,0.00351258
Cold,497179,3054,3053,1897,1085,1,-0.008833682
Cold,556533,3420,3419,1897,1085,1,0.0020924555
Cold,908019,5493,5492,1897,1085,0,0.003101844
Cold,986621,5956,5955,1897,1085,0,-0.009754174
Cold,739380,4418,4417,1897,1085,0,-0.002666777
Cold,178613,1121,1120,1897,1085,1,-0.0013979095
Cold,116102,752,751,1897,1085,0,0.015543522
Cold,33997,229,228,1897,1085,0,0.0063291057
Cold,974281,5878,5877,1897,1085,0,0.0048575033
Cold,555067,3413,3412,1900,1086,1,0.0024743578
Cold,474773,2913,2912,1904,1087,1,-0.01146554
Cold,465758,2872,2871,1904,1087,1,-0.0059664603
Cold,459200,2826,2825,1904,1087,0,-0.00304515
Cold,796102,4771,4770,1904,1087,0,0.005920619
Cold,419433,2535,2534,1904,1087,1,0.00059105025
Cold,383152,2238,2237,1904,1087,0,0.0032158177
Cold,323236,1916,1915,1904,1087,1,-0.0061928444
Cold,274716,1660,1659,1904,1087,1,-0.004825285
Cold,279648,1680,1679,1904,1087,1,-0.007597445
Cold,267632,1626,1625,1904,1087,0,0.0030252782
Cold,262718,1602,1601,1904,1087,1,-0.0027789148
Cold,256449,1565,1564,1904,1087,0,0.0007551885
Cold,231723,1404,1403,1904,1087,0,-0.00097069563
Cold,296544,1758,1757,1904,1087,1,0.008575194
Cold,208370,1273,1272,1904,1087,0,-0.010537855
Cold,202610,1244,1243,1904,1087,0,-0.006663958
Cold,308793,1837,1836,1904,1087,0,-0.0053909393
Cold,294409,1749,1748,1904,1087,0,-0.0022445854
Cold,209526,1279,1278,1904,1087,0,-0.0031801737
Cold,185552,1150,1149,1904,1087,1,-0.00062869256
Cold,307594,1835,1834,1904,1087,1,-0.009368883
Cold,201690,1242,1241,1904,1087,0,-0.0011652536
Cold,168590,1069,1068,1904,1087,1,-0.003260048
Cold,166557,1059,1058,1904,1087,0,-0.009640359
Cold,215001,1303,1302,1904,1087,1,3.2318057e-05
Cold,149030,958,957,1904,1087,0,-0.011300183
Cold,160259,1019,1018,1904,1087,0,-0.0063195266
Cold,97929,655,654,1904,1087,0,0.0005931868
Cold,631713,3821,3820,1904,1087,1,-0.0066751027
Cold,696549,4169,4168,1904,1087,0,-0.0046042893
Cold,284365,1698,1697,1904,1087,1,-0.008710643
Cold,90733,601,600,1904,1087,1,-0.003977225
Cold,197400,1211,1210,1904,1087,1,0.0033499543
Cold,58521,396,395,1904,1087,1,9.565987e-05
Cold,57167,386,385,1904,1087,1,-0.0040513817
Cold,132587,855,854,1904,1087,1,-0.005170995
Cold,33484,225,224,1904,1087,1,-0.0007080219
Cold,9947,69,68,1904,1087,0,0.0005514934
Cold,890069,5371,5370,1904,1087,1,-0.0032024705
Cold,158457,1015,1014,1904,1087,0,-0.014760327
Cold,431133,2627,2626,1904,1087,0,-0.0059241364
Cold,187988,1165,1164,1904,1087,0,0.00088634156
Cold,964144,5812,5811,1904,1087,0,-0.007798271
Cold,20756,151,150,1904,1087,1,-0.004136407
Cold,905339,5475,5474,1904,1087,1,0.002272988
Cold,232583,1413,1412,1904,1087,0,0.0020180591
Cold,475590,2918,2917,1904,1087,1,-0.0040498762
Cold,983047,5938,5937,1904,1087,0,-0.0036527338
Cold,388188,2271,2270,1904,1087,0,-0.0008038643
Cold,847066,5090,5089,1904,1087,1,-0.022032
Cold,290395,1733,1732,1904,1087,1,0.004865713
Cold,193797,1194,1193,1904,1087,0,-0.0050528385
Cold,937253,5654,5653,1904,1087,1,0.003048403
Cold,590832,3603,3602,1913,1092,1,0.018550277
Cold,577973,3529,3528,1913,1092,1,0.011289539
Cold,580985,3547,3546,1913,1092,1,0.0051545575
Cold,567043,3481,3480,1913,1092,1,-0.0013685594
Cold,713249,4277,4276,1913,1092,1,0.005359158
Cold,610663,3704,3703,1913,1092,1,0.0023993503
Cold,554111,3410,3409,1913,1092,1,0.0074352506
Cold,546914,3371,3370,1913,1092,1,0.01069436
Cold,539599,3319,3318,1913,1092,0,-0.001529502
Cold,539487,3318,3317,1913,1092,1,-0.0033631762
Cold,535101,3301,3300,1913,1092,0,0.003877717
Cold,534762,3300,3299,1913,1092,1,0.004117815
Cold,525838,3248,3247,1913,1092,0,-0.006393816
Cold,521176,3216,3215,1913,1092,0,-0.0012110518
Cold,514067,3172,3171,1913,1092,0,0.0038687345
Cold,657620,3963,3962,1913,1092,1,0.008505732
Cold,500742,3075,3074,1913,1092,0,0.009226326
Cold,499610,3067,3066,1913,1092,1,0.006488355
Cold,546163,3367,3366,1913,1092,1,0.016472911
Cold,495912,3045,3044,1913,1092,1,-0.004081335
Cold,478569,2936,2935,1913,1092,1,0.013839144
Cold,696560,4169,4168,1913,1092,1,-0.00016123534
Cold,601685,3658,3657,1913,1092,1,-0.0038529516
Cold,473933,2909,2908,1913,1092,1,0.0006880893
Cold,462681,2854,2853,1913,1092,1,0.00928577
Cold,458136,2820,2819,1913,1092,1,0.008714049
Cold,446944,2753,2752,1913,1092,1,0.011308836
Cold,442099,2719,2718,1913,1092,1,-0.00024738046
Cold,437997,2676,2675,1913,1092,1,0.0017159975
Cold,433728,2643,2642,1913,1092,0,0.012894611
Cold,428844,2609,2608,1913,1092,1,0.004675815
Cold,425394,2581,2580,1913,1092,0,0.0118728895
Cold,414246,2493,2492,1913,1092,0,0.008357051
Cold,405254,2426,2425,1913,1092,1,-0.0007540977
Cold,412150,2478,2477,1913,1092,0,0.0054214667
Cold,389055,2279,2278,1913,1092,0,0.010698255
Cold,386408,2259,2258,1913,1092,1,0.0019239574
Cold,385368,2251,2250,1913,1092,0,0.0061175544
Cold,372107,2173,2172,1913,1092,1,0.0022244593
Cold,374290,2181,2180,1913,1092,0,0.009190751
Cold,359501,2102,2101,1913,1092,0,0.0047389953
Cold,349164,2049,2048,1913,1092,1,0.012939736
Cold,339703,2002,2001,1913,1092,1,-0.001532502
Cold,317214,1885,1884,1913,1092,1,0.00051822513
Cold,320239,1899,1898,1913,1092,1,0.019857273
Cold,304507,1810,1809,1913,1092,1,0.0031123594
Cold,316952,1884,1883,1913,1092,1,0.00902827
Cold,301547,1791,1790,1913,1092,1,0.0060020243
Cold,290734,1734,1733,1913,1092,0,0.00054903224
Cold,292462,1741,1740,1913,1092,1,0.010064667
Cold,264213,1607,1606,1913,1092,0,0.010033205
Cold,252615,1530,1529,1913,1092,0,0.0010795738
Cold,242240,1461,1460,1913,1092,1,0.004890329
Cold,631725,3821,3820,1913,1092,0,0.007806694
Cold,230974,1398,1397,1913,1092,1,0.0023247185
Cold,325523,1926,1925,1913,1092,0,0.0033921946
Cold,309956,1843,1842,1913,1092,1,1.6257167e-05
Cold,276368,1671,1670,1913,1092,0,0.0065007578
Cold,212126,1291,1290,1913,1092,1,0.009488914
Cold,208891,1274,1273,1913,1092,1,0.007083265
Cold,220438,1335,1334,1913,1092,0,0.0077167368
Cold,189071,1172,1171,1913,1092,1,0.013165048
Cold,183805,1145,1144,1913,1092,1,-0.002682123
Cold,173214,1098,1097,1913,1092,1,0.0061329734
Cold,328476,1941,1940,1913,1092,0,0.0004965408
Cold,191253,1181,1180,1913,1092,0,0.020769076
Cold,158476,1015,1014,1913,1092,0,-0.0002901766
Cold,143927,928,927,1913,1092,1,-0.002916232
Cold,185574,1150,1149,1913,1092,1,0.0016538794
Cold,138615,889,888,1913,1092,1,0.007441304
Cold,127791,824,823,1913,1092,1,0.006756595
Cold,315452,1880,1879,1913,1092,1,0.010187626
Cold,125887,810,809,1913,1092,0,-8.8704284e-05
Cold,115488,749,748,1913,1092,1,0.009506749
Cold,198237,1218,1217,1913,1092,0,0.009633713
Cold,100946,673,672,1913,1092,1,0.0122307595
Cold,98172,656,655,1913,1092,0,0.0009962134
Cold,92397,617,616,1913,1092,0,0.00054504
Cold,169630,1077,1076,1913,1092,1,0.011432947
Cold,319488,1897,1896,1913,1092,1,0.012477182
Cold,77734,524,523,1913,1092,1,0.013679849
Cold,75730,515,514,1913,1092,1,0.012649046
Cold,66384,444,443,1913,1092,1,0.01246689
Cold,58053,392,391,1913,1092,1,0.0044065206
Cold,145445,935,934,1913,1092,1,0.001659005
Cold,34124,230,229,1913,1092,1,0.0018145794
Cold,22001,161,160,1913,1092,1,-0.0007815319
Cold,440181,2691,2690,1913,1092,1,0.014887711
Cold,7724,53,52,1913,1092,1,0.0072230897
Cold,357612,2092,2091,1913,1092,0,0.0067196214
Cold,408344,2453,2452,1913,1092,0,0.006024444
Cold,24363,173,172,1913,1092,1,0.007833528
Cold,207030,1266,1265,1913,1092,1,0.004468076
Cold,263542,1605,1604,1913,1092,1,0.004923068
Cold,524449,3233,3232,1913,1092,0,0.0012083685
Cold,254897,1551,1550,1913,1092,1,0.007430267
Cold,421139,2544,2543,1913,1092,1,0.005626802
Cold,336181,1980,1979,1913,1092,1,0.008795887
Cold,183297,1141,1140,1913,1092,1,0.0043295193
Cold,841208,5054,5053,1913,1092,0,0.008417101
Cold,322573,1912,1911,1913,1092,0,0.00802596
Cold,993897,6002,6001,1913,1092,1,0.016960124
Cold,923968,5580,5579,1913,1092,1,0.008411195
Cold,290414,1733,1732,1913,1092,1,0.002764506
Cold,831953,5001,5000,1913,1092,1,0.0067148907
Cold,63202,424,423,1913,1092,1,0.01010418
Cold,768792,4579,4578,1913,1092,1,0.0152675975
Cold,444995,2744,2743,1919,1097,0,0.0014015103
Cold,441077,2700,2699,1919,1097,1,-0.0042409105
Cold,431906,2631,2630,1919,1097,1,-0.003590582
Cold,423507,2566,2565,1919,1097,0,0.00066373637
Cold,422992,2564,2563,1919,1097,0,0.002060492
Cold,420535,2541,2540,1919,1097,0,-0.004406783
Cold,410722,2464,2463,1919,1097,0,0.001262214
Cold,412411,2481,2480,1919,1097,0,-0.0058599943
Cold,400089,2381,2380,1919,1097,0,-0.0015503556
Cold,395216,2334,2333,1919,1097,1,0.008300251
Cold,424139,2571,2570,1919,1097,1,0.0033671986
Cold,385746,2255,2254,1919,1097,0,0.005746882
Cold,384214,2244,2243,1919,1097,0,-0.0029560025
Cold,375677,2188,2187,1919,1097,0,0.0020821106
Cold,362566,2115,2114,1919,1097,1,-0.006801336
Cold,364904,2124,2123,1919,1097,1,0.0051111844
Cold,315798,1881,1880,1919,1097,1,0.0041897623
Cold,325528,1926,1925,1919,1097,1,0.0062212013
Cold,288141,1721,1720,1919,1097,0,0.0027067035
Cold,268594,1631,1630,1919,1097,0,0.001164689
Cold,307057,1834,1833,1919,1097,0,-0.00024127727
Cold,284390,1698,1697,1919,1097,0,-0.0024563759
Cold,218082,1322,1321,1919,1097,1,0.00028083427
Cold,208377,1273,1272,1919,1097,0,-0.0020197043
Cold,236465,1434,1433,1919,1097,1,0.004751595
Cold,194158,1196,1195,1919,1097,1,0.0023209357
Cold,183303,1141,1140,1919,1097,0,0.003567863
Cold,167993,1068,1067,1919,1097,0,-0.009283476
Cold,334726,1974,1973,1919,1097,1,0.0046078106
Cold,162344,1034,1033,1919,1097,0,0.0006863207
Cold,157110,1010,1009,1919,1097,0,0.011477958
Cold,380415,2223,2222,1919,1097,1,0.00573471
Cold,263550,1605,1604,1919,1097,0,0.006780715
Cold,94480,634,633,1919,1097,0,-0.0053239246
Cold,83387,549,548,1919,1097,1,-0.0056561055
Cold,73160,494,493,1919,1097,1,0.0026997835
Cold,69787,470,469,1919,1097,0,-0.006836002
Cold,69729,469,468,1919,1097,1,0.0009995445
Cold,61304,412,411,1919,1097,1,0.0033113293
Cold,258542,1584,1583,1919,1097,0,-0.004169941
Cold,32083,216,215,1919,1097,0,-0.0016327502
Cold,15036,119,118,1919,1097,0,0.0006744461
Cold,10515,75,74,1919,1097,1,0.0015643529
Cold,49437,329,328,1919,1097,0,-0.003528212
Cold,9768,66,65,1919,1097,0,-0.0047881873
Cold,234275,1422,1421,1919,1097,0,-0.0049743555
Cold,207040,1266,1265,1919,1097,1,-0.0029513952
Cold,158490,1015,1014,1919,1097,1,0.00044990797
Cold,823344,4950,4949,1919,1097,0,0.0022438795
Cold,386145,2258,2257,1919,1097,0,0.00078372494
Cold,317859,1889,1888,1919,1097,0,-0.0023756186
Cold,410506,2462,2461,1919,1097,0,0.0025217147
Cold,772726,4607,4606,1919,1097,0,0.0014448958
Cold,136802,881,880,1919,1097,0,0.0006990798
Cold,403152,2407,2406,1919,1097,1,-0.00069426757
Cold,25994,184,183,1919,1097,0,0.0028683962
Cold,322604,1912,1911,1929,1103,0,0.003674209
Cold,316973,1884,1883,1929,1103,1,0.00073730666
Cold,169130,1073,1072,1929,1103,1,-0.0074075987
Cold,84846,551,550,1929,1103,0,0.002149727
Cold,48842,327,326,1929,1103,1,-0.0068690795
Cold,37231,253,252,1929,1103,1,0.0016928525
Cold,43452,299,298,1929,1103,1,0.00028961245
Cold,34738,235,234,1929,1103,1,0.0012137288
Cold,148823,957,956,1929,1103,1,-0.0016000281
Cold,23709,169,168,1929,1103,0,0.008425092
Cold,13548,107,106,1929,1103,1,-0.0017211442
Cold,12720,97,96,1929,1103,1,-0.0029675881
Cold,123527,796,795,1929,1103,0,-0.0017105774
Cold,592125,3610,3609,1929,1103,0,-0.0066588623
Cold,384760,2247,2246,1929,1103,1,-0.004329821
Cold,249930,1505,1504,1929,1103,1,-0.0036111274
Cold,106252,699,698,1929,1103,0,0.005850626
Cold,421158,2544,2543,1929,1103,1,0.0013851775
Cold,171942,1088,1087,1929,1103,1,-0.009978563
Cold,285444,1701,1700,1929,1103,1,0.0025310917
Cold,992447,5996,5995,1929,1103,1,0.0018902179
Cold,63239,424,423,1929,1103,1,0.0049420074
Cold,839406,5046,5045,1929,1103,1,0.0018533692
Cold,825607,4958,4957,1929,1103,1,0.0029565706
Cold,130002,840,839,1934,1105,1,0.0033465936
Cold,70895,476,475,1934,1105,1,0.0047407765
Cold,75990,516,515,1934,1105,1,0.009445612
Cold,58540,396,395,1934,1105,1,-0.007845734
Cold,228466,1383,1382,1934,1105,1,-0.0046378914
Cold,33151,224,223,1934,1105,1,-0.0030128222
Cold,23724,169,168,1934,1105,1,0.0024454994
Cold,12723,97,96,1934,1105,1,0.0009950716
Cold,592137,3610,3609,1934,1105,0,0.007823344
Cold,9316,62,61,1934,1105,1,0.006425669
Cold,357642,2092,2091,1934,1105,0,0.002988887
Cold,15640,123,122,1934,1105,0,-0.0043884553
Cold,388206,2271,2270,1934,1105,1,0.0073682754
Cold,322617,1912,1911,1934,1105,0,0.00022881432
Cold,821600,4940,4939,1934,1105,1,-0.0070385667
Cold,171961,1088,1087,1934,1105,1,-0.00012454647
Cold,403153,2407,2406,1934,1105,0,0.0006574006
Cold,414726,2496,2495,1935,1106,1,0.0075708902
Cold,390879,2294,2293,1935,1106,1,0.013672499
Cold,364179,2121,2120,1935,1106,1,-0.0067058336
Cold,364922,2124,2123,1935,1106,1,0.0053929538
Cold,352994,2067,2066,1935,1106,0,0.010555351
Cold,354260,2073,2072,1935,1106,1,0.0053883223
Cold,343733,2018,2017,1935,1106,1,0.004616676
Cold,269200,1632,1631,1935,1106,0,0.011342007
Cold,361849,2109,2108,1935,1106,1,0.0056666695
Cold,346334,2030,2029,1935,1106,1,0.008104366
Cold,242957,1465,1464,1935,1106,1,0.004329088
Cold,228467,1383,1382,1935,1106,0,0.0128564015
Cold,249579,1503,1502,1935,1106,1,0.009851636
Cold,325547,1926,1925,1935,1106,1,-0.0033310687
Cold,208385,1273,1272,1935,1106,1,0.0072768875
Cold,182872,1140,1139,1935,1106,1,0.004706586
Cold,162356,1034,1033,1935,1106,1,0.0024019906
Cold,191315,1181,1180,1935,1106,1,0.008687059
Cold,246443,1489,1488,1935,1106,0,0.00842856
Cold,138684,889,888,1935,1106,1,0.013324704
Cold,84430,550,549,1935,1106,1,0.0066711884
Cold,72269,482,481,1935,1106,1,0.006833417
Cold,35303,238,237,1935,1106,1,0.011513069
Cold,23725,169,168,1935,1106,1,0.01074529
Cold,148830,957,956,1935,1106,1,0.0039762817
Cold,12725,97,96,1935,1106,1,0.0054455767
Cold,123529,796,795,1935,1106,0,0.0045527136
Cold,357643,2092,2091,1935,1106,1,0.0028055015
Cold,421166,2544,2543,1935,1106,1,0.0069241007
Cold,322618,1912,1911,1935,1106,0,0.0056652054
Cold,48555,326,325,1935,1106,0,0.006739022
Cold,158536,1015,1014,1935,1106,1,0.00692032
Cold,348176,2041,2040,1935,1106,1,0.008484012
Cold,256122,1561,1560,1935,1106,1,-0.0006491393
Cold,208918,1274,1273,1935,1106,1,0.00039456715
Cold,50641,333,332,1935,1106,0,0.0038007887
Cold,328543,1941,1940,1935,1106,1,0.011688955
Cold,171962,1088,1087,1935,1106,0,0.0063915094
Cold,285452,1701,1700,1935,1106,1,0.006380154
Cold,831960,5001,5000,1935,1106,1,0.0035399464
Cold,657630,3963,3962,1935,1106,1,0.0035853193
Cold,801481,4802,4801,1935,1106,0,0.002777332
Cold,160322,1019,1018,1935,1106,0,0.0015822147
Cold,820909,4934,4933,1935,1106,1,0.010098051
Cold,8819,59,58,1935,1106,1,-0.004463749
Cold,503457,3093,3092,1935,1106,1,0.0008927186
Cold,63251,424,423,1935,1106,1,0.008341085
Cold,244154,1470,1469,1936,1107,0,-0.001254783
Cold,328546,1941,1940,1936,1107,1,0.003253773
Cold,138686,889,888,1936,1107,1,-0.00025438052
Cold,459214,2826,2825,1936,1107,1,0.0041561658
Cold,103719,689,688,1936,1107,1,0.0037787517
Cold,191317,1181,1180,1936,1107,0,-0.00610897
Cold,69992,473,472,1936,1107,1,0.007461302
Cold,42536,291,290,1936,1107,1,-0.0005914236
Cold,35306,238,237,1936,1107,1,0.0055497102
Cold,23726,169,168,1936,1107,0,0.0053003076
Cold,12726,97,96,1936,1107,1,0.0010452212
Cold,348177,2041,2040,1936,1107,0,0.0017853735
Cold,639280,3842,3841,1936,1107,1,0.0023957726
Cold,322619,1912,1911,1936,1107,0,0.0036438396
Cold,554140,3410,3409,1936,1107,1,0.0037843748
Cold,171963,1088,1087,1936,1107,1,0.0093784705
Cold,931445,5626,5625,1936,1107,1,-0.0010280012
Cold,285453,1701,1700,1936,1107,1,0.010449924
Cold,795516,4765,4764,1936,1107,1,-0.0029354573
Cold,95762,641,640,1936,1107,1,0.004827908
Cold,336243,1980,1979,1936,1107,1,0.008901793
Cold,748261,4467,4466,1936,1107,1,0.011103795
Cold,22782,164,163,1937,1108,1,0.011381777
Cold,336246,1980,1979,1937,1108,1,0.0014400774
Cold,171964,1088,1087,1937,1108,0,0.0029221517
Cold,494994,3036,3035,1938,1109,1,-0.0034430963
Cold,463523,2857,2856,1938,1109,0,0.013099963
Cold,458188,2820,2819,1938,1109,1,-0.003957308
Cold,440495,2693,2692,1938,1109,0,0.00026489026
Cold,437502,2670,2669,1938,1109,1,-0.0018500681
Cold,421514,2546,2545,1938,1109,1,0.0023911488
Cold,418170,2526,2525,1938,1109,1,0.0050644716
Cold,394901,2332,2331,1938,1109,1,0.0070094764
Cold,394671,2329,2328,1938,1109,0,0.0026024384
Cold,381387,2230,2229,1938,1109,1,-0.004814124
Cold,385384,2251,2250,1938,1109,1,-0.0062708054
Cold,377947,2205,2204,1938,1109,0,0.005611847
Cold,381748,2231,2230,1938,1109,1,-0.002465142
Cold,364181,2121,2120,1938,1109,1,0.0021621767
Cold,364924,2124,2123,1938,1109,1,0.007274449
Cold,347479,2038,2037,1938,1109,1,-0.005030874
Cold,319518,1897,1896,1938,1109,0,-0.0017658924
Cold,329826,1945,1944,1938,1109,0,0.0020636357
Cold,323252,1916,1915,1938,1109,1,0.0011397223
Cold,305308,1814,1813,1938,1109,1,0.0065270606
Cold,236747,1437,1436,1938,1109,1,0.0013371361
Cold,228474,1383,1382,1938,1109,1,-0.0028853375
Cold,180420,1128,1127,1938,1109,1,-0.0010598149
Cold,338289,1988,1987,1938,1109,1,5.5930577e-06
Cold,143935,928,927,1938,1109,1,0.0015156049
Cold,185649,1150,1149,1938,1109,0,0.0022097793
Cold,138690,889,888,1938,1109,1,0.006544343
Cold,318985,1896,1895,1938,1109,1,0.007941509
Cold,127917,825,824,1938,1109,0,-0.00026225764
Cold,106884,702,701,1938,1109,1,0.009446734
Cold,240412,1449,1448,1938,1109,1,0.0030252829
Cold,72273,482,481,1938,1109,0,0.0010357611
Cold,45584,307,306,1938,1109,1,-0.0016532751
Cold,36537,245,244,1938,1109,1,0.0009920967
Cold,35309,238,237,1938,1109,1,-0.0016987502
Cold,32134,216,215,1938,1109,1,0.0039063008
Cold,133670,864,863,1938,1109,1,0.005384111
Cold,148831,957,956,1938,1109,1,-0.0050495183
Cold,23730,169,168,1938,1109,0,0.0030534766
Cold,17534,136,135,1938,1109,0,0.00035421364
Cold,12728,97,96,1938,1109,1,0.0021106163
Cold,123531,796,795,1938,1109,1,0.009471183
Cold,9320,62,61,1938,1109,1,-0.0062737213
Cold,357646,2092,2091,1938,1109,1,-0.0018143102
Cold,421169,2544,2543,1938,1109,0,0.00015741936
Cold,459653,2832,2831,1938,1109,1,0.005350837
Cold,63257,424,423,1938,1109,1,0.0029985036
Cold,115505,749,748,1938,1109,1,0.0034907178
Cold,284916,1699,1698,1938,1109,1,0.007346675
Cold,253220,1539,1538,1938,1109,1,3.6519952e-05
Cold,158541,1015,1014,1938,1109,1,0.004575279
Cold,217259,1317,1316,1938,1109,1,-0.00034840952
Cold,316980,1884,1883,1938,1109,1,-0.0031892727
Cold,412161,2478,2477,1938,1109,1,0.0052040564
Cold,24401,173,172,1938,1109,1,0.0024514683
Cold,50643,333,332,1938,1109,1,0.0039036681
Cold,171965,1088,1087,1938,1109,1,0.005135121
Cold,322623,1912,1911,1938,1109,0,0.0044786218
Cold,46860,314,313,1938,1109,1,-1.0679942e-05
Cold,343738,2018,2017,1938,1109,1,0.0036521233
Cold,336248,1980,1979,1938,1109,1,0.005744211
Cold,984079,5948,5947,1938,1109,1,0.00040628563
Cold,208389,1273,1272,1940,1111,1,-0.0029614442
Cold,213634,1298,1297,1940,1111,1,0.0022668778
Cold,180422,1128,1127,1940,1111,1,0.0015883325
Cold,219534,1331,1330,1940,1111,1,0.005298023
Cold,162358,1034,1033,1940,1111,1,-0.0028655562
Cold,185667,1150,1149,1940,1111,0,0.003375046
Cold,138700,889,888,1940,1111,0,-0.0009486228
Cold,318988,1896,1895,1940,1111,0,0.005810283
Cold,135061,873,872,1940,1111,1,0.013800116
Cold,94624,635,634,1940,1111,1,0.0034732455
Cold,191332,1181,1180,1940,1111,0,-0.00010408461
Cold,67076,451,450,1940,1111,1,-0.0010166548
Cold,45979,308,307,1940,1111,1,0.005227019
Cold,481982,2962,2961,1940,1111,1,-0.009179495
Cold,23740,169,168,1940,1111,1,0.006874153
Cold,12731,97,96,1940,1111,1,-0.011517532
Cold,357650,2092,2091,1940,1111,1,-0.005134528
Cold,76422,518,517,1940,1111,1,0.0012707058
Cold,384763,2247,2246,1940,1111,1,-0.003540507
Cold,316985,1884,1883,1940,1111,1,0.002574908
Cold,192764,1186,1185,1940,1111,1,-0.0046766205
Cold,160333,1019,1018,1940,1111,0,0.0120454
Cold,293911,1748,1747,1940,1111,1,0.008213401
Cold,804079,4815,4814,1940,1111,1,0.005284562
Cold,171979,1088,1087,1940,1111,1,-0.007409007
Cold,111731,727,726,1940,1111,1,-0.0047872816
Cold,322631,1912,1911,1940,1111,0,0.0010476569
Cold,285462,1701,1700,1940,1111,1,0.0074177613
Cold,607774,3688,3687,1940,1111,1,-0.0019779317
Cold,821603,4940,4939,1940,1111,1,0.014086917
Cold,141647,911,910,1940,1111,1,-0.0017937054
Cold,451540,2779,2778,1941,1112,1,0.006400869
Cold,438405,2679,2678,1941,1112,1,0.0062232357
Cold,419437,2535,2534,1941,1112,1,-0.008379532
Cold,417262,2512,2511,1941,1112,1,0.007581582
Cold,414730,2496,2495,1941,1112,1,0.0043934444
Cold,401414,2393,2392,1941,1112,1,-0.010645043
Cold,396205,2342,2341,1941,1112,0,0.0064251553
Cold,394673,2329,2328,1941,1112,1,-0.0053680507
Cold,381752,2231,2230,1941,1112,1,0.0024498866
Cold,352999,2067,2066,1941,1112,1,0.0060760444
Cold,317414,1888,1887,1941,1112,0,0.0033209864
Cold,292499,1741,1740,1941,1112,1,-0.0032402177
Cold,269209,1632,1631,1941,1112,1,0.0023308345
Cold,346346,2030,2029,1941,1112,1,-0.0023030466
Cold,255756,1557,1556,1941,1112,1,0.005372008
Cold,294448,1749,1748,1941,1112,0,0.017614014
Cold,194164,1196,1195,1941,1112,0,-0.0021574819
Cold,182874,1140,1139,1941,1112,1,0.0160283
Cold,178732,1121,1120,1941,1112,1,-0.00019695214
Cold,244165,1470,1469,1941,1112,0,0.00011573918
Cold,148567,956,955,1941,1112,1,0.006154365
Cold,147077,948,947,1941,1112,1,0.0008485275
Cold,185670,1150,1149,1941,1112,0,-0.0018988359
Cold,138702,889,888,1941,1112,1,-0.0011185892
Cold,235663,1426,1425,1941,1112,0,0.014785456
Cold,121286,780,779,1941,1112,0,-0.0022565732
Cold,191334,1181,1180,1941,1112,0,0.0045930045
Cold,84437,550,549,1941,1112,0,-0.0023131669
Cold,72539,484,483,1941,1112,0,-0.0013319671
Cold,48860,327,326,1941,1112,1,0.0004101809
Cold,45588,307,306,1941,1112,0,-0.007215446
Cold,42537,291,290,1941,1112,1,0.00014094217
Cold,35312,238,237,1941,1112,1,0.0002843747
Cold,26807,190,189,1941,1112,0,-0.000762342
Cold,23741,169,168,1941,1112,0,0.0028427122
Cold,592145,3610,3609,1941,1112,0,0.009470131
Cold,66161,442,441,1941,1112,1,-0.016456552
Cold,421174,2544,2543,1941,1112,1,0.0021432044
Cold,238182,1447,1446,1941,1112,0,-0.0024973904
Cold,158553,1015,1014,1941,1112,1,-0.0059698313
Cold,316987,1884,1883,1941,1112,1,0.0034882613
Cold,835115,5019,5018,1941,1112,1,-0.0070219818
Cold,18245,140,139,1941,1112,0,0.006980716
Cold,338296,1988,1987,1941,1112,1,0.00761857
Cold,170969,1087,1086,1941,1112,1,-0.0008060463
Cold,322633,1912,1911,1941,1112,0,0.002162626
Cold,895331,5411,5410,1941,1112,1,0.003362935
Cold,768821,4579,4578,1941,1112,1,-0.0057686158
Cold,285463,1701,1700,1941,1112,0,-0.0003019825
Cold,657638,3963,3962,1941,1112,1,0.011545789
Cold,305095,1812,1811,1941,1112,0,0.0017849456
Cold,295733,1755,1754,1941,1112,0,-0.0072556618
Cold,208921,1274,1273,1941,1112,1,0.00483186
Cold,438013,2676,2675,1942,1113,1,0.0025790078
Cold,425416,2581,2580,1942,1113,1,-0.00034605525
Cold,421516,2546,2545,1942,1113,1,0.0006177607
Cold,421176,2544,2543,1942,1113,1,-0.0065965615
Cold,419912,2537,2536,1942,1113,1,-0.0058288155
Cold,414942,2497,2496,1942,1113,1,-0.002552703
Cold,403489,2410,2409,1942,1113,0,0.0005517099
Cold,399219,2376,2375,1942,1113,1,0.005190268
Cold,393744,2318,2317,1942,1113,1,0.001516487
Cold,390149,2288,2287,1942,1113,1,-0.009539077
Cold,383504,2241,2240,1942,1113,1,0.0069997767
Cold,381753,2231,2230,1942,1113,0,-0.00069014705
Cold,364930,2124,2123,1942,1113,1,0.00034271833
Cold,353000,2067,2066,1942,1113,0,0.00024471828
Cold,346701,2031,2030,1942,1113,1,0.009784411
Cold,357652,2092,2091,1942,1113,1,-0.00907306
Cold,343206,2016,2015,1942,1113,1,-0.0054293806
Cold,323256,1916,1915,1942,1113,1,0.00030040182
Cold,282072,1692,1691,1942,1113,1,-0.0045445976
Cold,270160,1635,1634,1942,1113,1,-0.010695478
Cold,269212,1632,1631,1942,1113,0,0.00037170295
Cold,256561,1567,1566,1942,1113,0,0.0023524957
Cold,346347,2030,2029,1942,1113,1,0.0053696986
Cold,232354,1410,1409,1942,1113,1,0.0060480745
Cold,218098,1322,1321,1942,1113,1,0.0003631406
Cold,213635,1298,1297,1942,1113,1,0.005217693
Cold,206009,1264,1263,1942,1113,1,-0.000909287
Cold,199593,1224,1223,1942,1113,1,0.0071814186
Cold,294450,1749,1748,1942,1113,0,0.001788706
Cold,182875,1140,1139,1942,1113,0,0.007702774
Cold,175203,1111,1110,1942,1113,1,0.0037050825
Cold,219536,1331,1330,1942,1113,1,-0.0056997687
Cold,191337,1181,1180,1942,1113,1,0.0041299877
Cold,185673,1150,1149,1942,1113,1,0.006252563
Cold,318989,1896,1895,1942,1113,0,0.0044252104
Cold,106888,702,701,1942,1113,1,0.008591056
Cold,153247,984,983,1942,1113,1,-0.0057514366
Cold,67078,451,450,1942,1113,1,0.002180681
Cold,45589,307,306,1942,1113,1,-0.0049652415
Cold,713297,4277,4276,1942,1113,1,0.004669354
Cold,31378,212,211,1942,1113,1,0.0009752107
Cold,148835,957,956,1942,1113,1,-0.003746848
Cold,23742,169,168,1942,1113,1,0.012375082
Cold,13556,107,106,1942,1113,1,0.0055971844
Cold,592146,3610,3609,1942,1113,0,-0.0048144916
Cold,460828,2841,2840,1942,1113,1,0.004497497
Cold,316988,1884,1883,1942,1113,1,0.00882985
Cold,18246,140,139,1942,1113,0,0.001271052
Cold,993910,6002,6001,1942,1113,1,0.007942606
Cold,232845,1415,1414,1942,1113,1,-0.0026235594
Cold,894929,5405,5404,1942,1113,1,0.0017653859
Cold,50651,333,332,1942,1113,1,0.0049852803
Cold,20056,149,148,1942,1113,1,0.0017728847
Cold,841225,5054,5053,1942,1113,1,0.0016726619
Cold,285464,1701,1700,1942,1113,1,0.010004257
Cold,254908,1551,1550,1942,1113,0,-0.0045968923
Cold,293915,1748,1747,1942,1113,0,0.005333217
Cold,322634,1912,1911,1942,1113,0,0.0025902349
Cold,171981,1088,1087,1942,1113,1,-0.0054434515
Cold,171984,1088,1087,1943,1114,0,0.0011054415
Cold,655555,3948,3947,1948,1119,0,0.0008903432
Cold,646406,3891,3890,1948,1119,1,0.005345102
Cold,644831,3884,3883,1948,1119,0,0.007027484
Cold,642396,3864,3863,1948,1119,1,0.008923901
Cold,630871,3816,3815,1948,1119,1,0.006068979
Cold,629800,3808,3807,1948,1119,0,-0.0016100409
Cold,626099,3789,3788,1948,1119,1,-0.0001276515
Cold,625061,3778,3777,1948,1119,0,0.008789254
Cold,620757,3760,3759,1948,1119,1,0.00020842603
Cold,670416,4028,4027,1948,1119,0,0.013509942
Cold,613978,3718,3717,1948,1119,1,0.0022135547
Cold,611323,3705,3704,1948,1119,1,0.0031215835
Cold,609307,3693,3692,1948,1119,0,-0.0033848006
Cold,726532,4345,4344,1948,1119,0,-0.0019915765
Cold,608704,3691,3690,1948,1119,1,0.010423033
Cold,662700,3994,3993,1948,1119,1,0.0069055
Cold,568409,3487,3486,1948,1119,0,-0.00270074
Cold,548062,3380,3379,1948,1119,1,0.0006742303
Cold,545812,3365,3364,1948,1119,1,0.00095478515
Cold,533574,3292,3291,1948,1119,1,0.0048895543
Cold,521201,3216,3215,1948,1119,0,0.0015371162
Cold,520939,3215,3214,1948,1119,1,-0.005707131
Cold,513077,3163,3162,1948,1119,0,0.00096972426
Cold,527612,3261,3260,1948,1119,0,-0.006591436
Cold,505284,3108,3107,1948,1119,1,0.004447762
Cold,713306,4277,4276,1948,1119,0,0.0060559814
Cold,546188,3367,3366,1948,1119,1,-0.0015640757
Cold,489740,3013,3012,1948,1119,1,0.011537524
Cold,768827,4579,4578,1948,1119,1,-0.006536805
Cold,600245,3650,3649,1948,1119,0,0.0015437377
Cold,482856,2967,2966,1948,1119,0,0.00047865906
Cold,476885,2928,2927,1948,1119,1,0.0015703274
Cold,696648,4169,4168,1948,1119,1,0.007391556
Cold,738232,4411,4410,1948,1119,1,-0.0054012006
Cold,471694,2901,2900,1948,1119,1,-0.0011660573
Cold,494998,3036,3035,1948,1119,1,0.005590564
Cold,467018,2878,2877,1948,1119,1,-0.0005844685
Cold,466203,2874,2873,1948,1119,1,0.007744296
Cold,462062,2849,2848,1948,1119,1,0.007062726
Cold,460006,2837,2836,1948,1119,1,0.0019288803
Cold,455926,2807,2806,1948,1119,1,0.006603578
Cold,452880,2788,2787,1948,1119,1,-0.005771218
Cold,448096,2761,2760,1948,1119,0,-0.0044632726
Cold,446977,2753,2752,1948,1119,1,0.0013016702
Cold,440756,2698,2697,1948,1119,0,0.00015479827
Cold,427057,2592,2591,1948,1119,0,0.004972125
Cold,422999,2564,2563,1948,1119,1,-0.009720746
Cold,451400,2778,2777,1948,1119,1,-0.0025192925
Cold,419916,2537,2536,1948,1119,1,0.0023085196
Cold,410901,2465,2464,1948,1119,1,-0.0009516401
Cold,398660,2373,2372,1948,1119,1,-0.0069462657
Cold,392464,2304,2303,1948,1119,0,-0.0040063
Cold,389078,2279,2278,1948,1119,1,0.00017111935
Cold,382414,2234,2233,1948,1119,1,-7.310137e-05
Cold,381759,2231,2230,1948,1119,0,0.0022155035
Cold,378804,2211,2210,1948,1119,1,0.009928003
Cold,377410,2203,2202,1948,1119,1,0.0017111136
Cold,356523,2088,2087,1948,1119,0,0.0030925784
Cold,345530,2026,2025,1948,1119,1,-0.009683579
Cold,357658,2092,2091,1948,1119,1,0.010434273
Cold,344251,2020,2019,1948,1119,0,-0.0007637169
Cold,335101,1977,1976,1948,1119,1,-0.0046549393
Cold,320275,1899,1898,1948,1119,1,-0.0014676211
Cold,302537,1796,1795,1948,1119,1,0.0002270327
Cold,301557,1791,1790,1948,1119,0,0.009994764
Cold,282989,1695,1694,1948,1119,1,0.009741313
Cold,269221,1632,1631,1948,1119,0,0.0057842303
Cold,268606,1631,1630,1948,1119,1,0.003973862
Cold,259097,1586,1585,1948,1119,1,0.0029211708
Cold,346356,2030,2029,1948,1119,1,0.0022134678
Cold,294454,1749,1748,1948,1119,0,-0.0005378057
Cold,218104,1322,1321,1948,1119,1,0.0033748045
Cold,276411,1671,1670,1948,1119,1,0.0010859834
Cold,208395,1273,1272,1948,1119,1,-5.0532864e-05
Cold,208086,1272,1271,1948,1119,1,0.001332192
Cold,213641,1298,1297,1948,1119,0,-0.0004961386
Cold,188668,1170,1169,1948,1119,1,0.002888062
Cold,190074,1179,1178,1948,1119,1,0.0029152925
Cold,212538,1294,1293,1948,1119,1,0.0034948164
Cold,316368,1883,1882,1948,1119,0,-0.00959531
Cold,182879,1140,1139,1948,1119,1,0.0049295407
Cold,180428,1128,1127,1948,1119,1,0.0062877554
Cold,163117,1041,1040,1948,1119,1,-0.0059882244
Cold,167010,1062,1061,1948,1119,1,-0.0012875847
Cold,153258,984,983,1948,1119,1,0.0053986222
Cold,147086,948,947,1948,1119,1,-0.009330217
Cold,260889,1594,1593,1948,1119,1,-0.0011697697
Cold,138713,889,888,1948,1119,1,5.2053714e-05
Cold,160345,1019,1018,1948,1119,0,0.012095408
Cold,131317,850,849,1948,1119,0,0.0043818676
Cold,374885,2185,2184,1948,1119,1,0.005022612
Cold,315503,1880,1879,1948,1119,1,0.0076070535
Cold,112667,731,730,1948,1119,1,0.009092893
Cold,178331,1120,1119,1948,1119,1,-0.0033343062
Cold,284446,1698,1697,1948,1119,1,0.010671005
Cold,97167,651,650,1948,1119,1,0.0045459527
Cold,339268,1998,1997,1948,1119,1,-0.0047551827
Cold,84442,550,549,1948,1119,0,0.004820672
Cold,198255,1218,1217,1948,1119,0,0.0011617133
Cold,77019,523,522,1948,1119,1,0.0027577917
Cold,72579,485,484,1948,1119,1,-0.004707284
Cold,66390,444,443,1948,1119,1,0.0020501232
Cold,64745,434,433,1948,1119,1,-0.0040424587
Cold,63747,425,424,1948,1119,1,0.0025897822
Cold,62212,420,419,1948,1119,1,0.0010554085
Cold,59640,405,404,1948,1119,1,0.006681985
Cold,48572,326,325,1948,1119,1,-0.009292919
Cold,45596,307,306,1948,1119,1,0.0064542852
Cold,32158,216,215,1948,1119,0,-0.00021225342
Cold,23754,169,168,1948,1119,0,0.0036474154
Cold,8088,54,53,1948,1119,0,0.0015175049
Cold,6262,45,44,1948,1119,0,-0.0009597039
Cold,48084,322,321,1948,1119,1,0.0010135714
Cold,943,10,9,1948,1119,1,0.002189369
Cold,858138,5157,5156,1948,1119,1,0.0019463403
Cold,60788,411,410,1948,1119,0,-0.0041363616
Cold,421183,2544,2543,1948,1119,1,0.0024161297
Cold,801494,4802,4801,1948,1119,1,0.008525778
Cold,94628,635,634,1948,1119,1,0.009151936
Cold,238193,1447,1446,1948,1119,0,0.0050637806
Cold,158566,1015,1014,1948,1119,1,0.009937156
Cold,47552,319,318,1948,1119,1,0.010330068
Cold,170971,1087,1086,1948,1119,0,0.0062692054
Cold,312457,1861,1860,1948,1119,1,0.000607525
Cold,757292,4508,4507,1948,1119,0,0.0032021157
Cold,293921,1748,1747,1948,1119,0,0.014904205
Cold,949218,5734,5733,1948,1119,1,0.0014556372
Cold,447700,2760,2759,1948,1119,1,-0.00039023883
Cold,254663,1547,1546,1948,1119,1,-0.00022023497
Cold,322642,1912,1911,1948,1119,0,0.011116099
Cold,24415,173,172,1948,1119,0,0.0051388675
Cold,657646,3963,3962,1948,1119,1,-0.0016974595
Cold,371803,2172,2171,1948,1119,0,0.009406764
Cold,319533,1897,1896,1948,1119,1,-0.0035508056
Cold,34761,235,234,1948,1119,1,-0.005345834
Cold,63283,424,423,1948,1119,1,0.002596261
Cold,923981,5580,5579,1948,1119,1,0.003921697
Cold,171991,1088,1087,1948,1119,1,-0.002554201
Cold,766228,4562,4561,1966,1137,1,0.0050382987
Cold,751014,4480,4479,1966,1137,0,0.0024879188
Cold,746711,4456,4455,1966,1137,1,-0.0017269552
Cold,689166,4122,4121,1966,1137,1,0.0001057114
Cold,686352,4106,4105,1966,1137,0,0.006087494
Cold,660676,3983,3982,1966,1137,0,-0.00010364968
Cold,661042,3985,3984,1966,1137,0,0.012028402
Cold,645928,3887,3886,1966,1137,1,-0.005042322
Cold,635206,3829,3828,1966,1137,0,0.0007632822
Cold,945530,5707,5706,1966,1137,1,-0.00088424573
Cold,623123,3770,3769,1966,1137,1,-0.0011360548
Cold,622823,3769,3768,1966,1137,1,-1.4673453e-05
Cold,769258,4580,4579,1966,1137,1,0.011607289
Cold,614388,3721,3720,1966,1137,1,0.0036398773
Cold,612660,3713,3712,1966,1137,0,0.011327125
Cold,611362,3705,3704,1966,1137,1,0.007951335
Cold,725537,4344,4343,1966,1137,0,0.0064810063
Cold,703769,4220,4219,1966,1137,0,-0.002411308
Cold,581024,3547,3546,1966,1137,0,0.0010957605
Cold,617168,3735,3734,1966,1137,1,0.008541434
Cold,579715,3539,3538,1966,1137,0,0.010501243
Cold,556116,3417,3416,1966,1137,1,0.006153689
Cold,571503,3504,3503,1966,1137,1,0.0009751334
Cold,546975,3371,3370,1966,1137,1,0.0035986428
Cold,542997,3341,3340,1966,1137,1,0.008993804
Cold,904262,5468,5467,1966,1137,1,-0.010732984
Cold,531782,3283,3282,1966,1137,1,-0.0073011443
Cold,916766,5539,5538,1966,1137,0,0.0017876043
Cold,883124,5333,5332,1966,1137,1,0.011498536
Cold,523249,3226,3225,1966,1137,1,0.006379788
Cold,522930,3224,3223,1966,1137,1,0.0060551804
Cold,510125,3142,3141,1966,1137,1,0.0042990786
Cold,501468,3080,3079,1966,1137,1,0.011369277
Cold,500318,3072,3071,1966,1137,0,0.008780889
Cold,490405,3017,3016,1966,1137,0,-0.0024501444
Cold,530605,3278,3277,1966,1137,0,0.0011671304
Cold,462387,2853,2852,1966,1137,1,0.004993057
Cold,459664,2832,2831,1966,1137,1,0.00081715523
Cold,459233,2826,2825,1966,1137,1,0.0044853054
Cold,455943,2807,2806,1966,1137,1,0.0112964315
Cold,796149,4771,4770,1966,1137,0,0.0005549381
Cold,464347,2860,2859,1966,1137,0,0.00876773
Cold,451547,2779,2778,1966,1137,0,-0.00011856016
Cold,449998,2774,2773,1966,1137,1,0.0080061965
Cold,443967,2737,2736,1966,1137,1,-0.0040330235
Cold,446538,2752,2751,1966,1137,1,0.013710305
Cold,564711,3471,3470,1966,1137,0,-0.01051375
Cold,696710,4169,4168,1966,1137,1,0.009891784
Cold,432227,2634,2633,1966,1137,1,0.0074163824
Cold,421219,2544,2543,1966,1137,1,0.008200906
Cold,416901,2507,2506,1966,1137,0,0.008859668
Cold,394293,2323,2322,1966,1137,0,-0.0061598057
Cold,413305,2485,2484,1966,1137,0,0.005520423
Cold,385409,2251,2250,1966,1137,1,-0.008017119
Cold,377985,2205,2204,1966,1137,0,0.006371381
Cold,372134,2173,2172,1966,1137,1,0.003901265
Cold,358126,2096,2095,1966,1137,1,0.0059308507
Cold,360250,2105,2104,1966,1137,1,0.0036230967
Cold,347130,2036,2035,1966,1137,1,0.008093722
Cold,346714,2031,2030,1966,1137,1,0.010598553
Cold,319571,1897,1896,1966,1137,0,0.0013239151
Cold,302548,1796,1795,1966,1137,1,-0.0010149344
Cold,298206,1767,1766,1966,1137,1,0.009365289
Cold,310191,1845,1844,1966,1137,1,-0.0007882324
Cold,274530,1658,1657,1966,1137,1,0.006337984
Cold,269269,1632,1631,1966,1137,1,0.013820013
Cold,256455,1565,1564,1966,1137,1,-0.0012921933
Cold,289498,1727,1726,1966,1137,1,-0.0044333865
Cold,211327,1285,1284,1966,1137,0,-0.00710849
Cold,294490,1749,1748,1966,1137,1,0.006286097
Cold,209582,1279,1278,1966,1137,0,0.0011323374
Cold,185744,1150,1149,1966,1137,1,0.002519101
Cold,307683,1835,1834,1966,1137,1,0.004795341
Cold,176570,1116,1115,1966,1137,1,-0.006322856
Cold,173838,1100,1099,1966,1137,1,-0.0015391093
Cold,188324,1168,1167,1966,1137,1,0.0051593133
Cold,166626,1059,1058,1966,1137,0,-0.0004161223
Cold,160396,1019,1018,1966,1137,0,0.003668753
Cold,158630,1015,1014,1966,1137,1,0.0068529937
Cold,147808,952,951,1966,1137,0,0.006386994
Cold,260896,1594,1593,1966,1137,0,0.0022203703
Cold,713362,4277,4276,1966,1137,0,0.0049393163
Cold,201778,1242,1241,1966,1137,1,0.0017152415
Cold,132094,854,853,1966,1137,0,0.003794555
Cold,125070,802,801,1966,1137,0,-0.0042078514
Cold,124598,801,800,1966,1137,0,-0.009465676
Cold,332292,1960,1959,1966,1137,0,0.011545332
Cold,113459,735,734,1966,1137,0,0.0012843218
Cold,112692,731,730,1966,1137,1,0.003743757
Cold,89647,590,589,1966,1137,1,0.0029604866
Cold,89396,588,587,1966,1137,1,0.0064025205
Cold,191422,1181,1180,1966,1137,0,-0.012778298
Cold,82327,546,545,1966,1137,1,0.009461623
Cold,84495,550,549,1966,1137,1,0.008760801
Cold,75074,509,508,1966,1137,1,0.000271369
Cold,239289,1448,1447,1966,1137,0,0.0039201574
Cold,72992,493,492,1966,1137,1,-4.240923e-05
Cold,57224,386,385,1966,1137,1,-0.0037135952
Cold,132673,855,854,1966,1137,1,0.0017189044
Cold,313018,1865,1864,1966,1137,0,-0.0046718568
Cold,37910,259,258,1966,1137,0,-0.0012862235
Cold,258595,1584,1583,1966,1137,0,0.010195342
Cold,34389,232,231,1966,1137,1,-0.0004301268
Cold,33587,225,224,1966,1137,1,0.0016453427
Cold,228536,1383,1382,1966,1137,0,0.002568678
Cold,17575,136,135,1966,1137,1,0.002301317
Cold,6307,45,44,1966,1137,0,0.0029353173
Cold,3550,26,25,1966,1137,1,0.004122898
Cold,439,5,4,1966,1137,0,0.0059023323
Cold,458261,2820,2819,1966,1137,0,0.0055900253
Cold,66181,442,441,1966,1137,1,0.0027070749
Cold,772083,4602,4601,1966,1137,1,-0.0032236066
Cold,862733,5193,5192,1966,1137,1,0.0058945864
Cold,450086,2775,2774,1966,1137,1,0.00017207279
Cold,193056,1192,1191,1966,1137,1,-0.0039917943
Cold,762225,4528,4527,1966,1137,1,-0.008130587
Cold,284945,1699,1698,1966,1137,1,-0.0013183951
Cold,408409,2453,2452,1966,1137,0,0.008817125
Cold,531262,3280,3279,1966,1137,1,0.0015699212
Cold,475647,2918,2917,1966,1137,0,0.000234521
Cold,290514,1733,1732,1966,1137,1,0.0003148471
Cold,9898,68,67,1966,1137,1,0.011836337
Cold,633592,3824,3823,1966,1137,0,0.0048427703
Cold,860176,5172,5171,1966,1137,1,-0.0047705937
Cold,499705,3067,3066,1966,1137,1,0.006938751
Cold,772755,4607,4606,1966,1137,1,0.008662867
Cold,336330,1980,1979,1966,1137,1,0.008599589
Cold,983063,5938,5937,1966,1137,0,0.003389822
Cold,497396,3054,3053,1966,1137,0,0.00089491846
Cold,104002,691,690,1966,1137,1,-0.006585943
Cold,246960,1491,1490,1966,1137,0,-0.004446021
Cold,902879,5458,5457,1966,1137,1,0.0020716921
Cold,465807,2872,2871,1966,1137,1,0.0049026357
Cold,565775,3475,3474,1966,1137,0,0.010530365
Cold,34786,235,234,1966,1137,1,0.0032739774
Cold,95766,641,640,1966,1137,1,0.005776924
Cold,790529,4728,4727,1966,1137,1,0.01067156
Cold,480492,2947,2946,1966,1137,0,-0.0012432066
Cold,682768,4085,4084,1975,1145,0,0.0013782758
Cold,666395,4009,4008,1975,1145,0,0.004998784
Cold,664836,4001,4000,1975,1145,1,0.0030110325
Cold,663593,3998,3997,1975,1145,0,0.0026010168
Cold,654361,3942,3941,1975,1145,0,0.0051991246
Cold,664267,3999,3998,1975,1145,0,-0.0013715938
Cold,628419,3806,3805,1975,1145,0,0.0048548756
Cold,628844,3807,3806,1975,1145,0,-0.006611054
Cold,627985,3801,3800,1975,1145,1,0.00081160426
Cold,638581,3841,3840,1975,1145,0,0.0019669156
Cold,623555,3771,3770,1975,1145,0,-0.00036949746
Cold,625146,3778,3777,1975,1145,0,-0.0016232941
Cold,611977,3709,3708,1975,1145,0,-0.0024744205
Cold,621360,3762,3761,1975,1145,0,0.008134903
Cold,725560,4344,4343,1975,1145,0,-0.0026099263
Cold,606730,3683,3682,1975,1145,0,0.004709253
Cold,633625,3824,3823,1975,1145,0,0.0029013874
Cold,596895,3626,3625,1975,1145,0,-0.0007686843
Cold,589956,3599,3598,1975,1145,0,0.0044078357
Cold,572658,3508,3507,1975,1145,0,-0.0015016869
Cold,569490,3491,3490,1975,1145,1,0.0023956837
Cold,558993,3433,3432,1975,1145,0,0.004985252
Cold,552646,3401,3400,1975,1145,0,0.0060650446
Cold,554215,3410,3409,1975,1145,0,-0.0013070703
Cold,554619,3411,3410,1975,1145,0,0.0019093944
Cold,537489,3311,3310,1975,1145,0,-0.00019721407
Cold,528360,3265,3264,1975,1145,0,0.004480322
Cold,518913,3201,3200,1975,1145,0,0.0011557365
Cold,515719,3182,3181,1975,1145,0,0.0011486262
Cold,606047,3681,3680,1975,1145,0,0.0032264588
Cold,513149,3163,3162,1975,1145,0,-0.007585897
Cold,508811,3129,3128,1975,1145,0,0.001679267
Cold,718690,4305,4304,1975,1145,0,0.0028577
Cold,494511,3032,3031,1975,1145,1,-0.0037008803
Cold,540097,3320,3319,1975,1145,0,-0.0018445053
Cold,469064,2888,2887,1975,1145,0,-0.0021292074
Cold,754775,4497,4496,1975,1145,0,-0.0034769229
Cold,463603,2857,2856,1975,1145,0,-0.00033187406
Cold,462291,2852,2851,1975,1145,1,0.0018011748
Cold,439678,2685,2684,1975,1145,0,0.004755593
Cold,426621,2590,2589,1975,1145,0,-0.0032327645
Cold,411789,2474,2473,1975,1145,0,-0.0038183457
Cold,409808,2457,2456,1975,1145,1,0.0011637949
Cold,397236,2352,2351,1975,1145,0,0.0017362193
Cold,370095,2164,2163,1975,1145,0,0.0038670779
Cold,367788,2147,2146,1975,1145,0,0.0033151903
Cold,367359,2144,2143,1975,1145,0,0.005145601
Cold,297734,1764,1763,1975,1145,1,-0.0033305935
Cold,288341,1722,1721,1975,1145,1,-0.0065677008
Cold,291700,1737,1736,1975,1145,0,-0.0016831029
Cold,279928,1680,1679,1975,1145,0,0.0021971548
Cold,280536,1683,1682,1975,1145,0,-0.0008842
Cold,358299,2097,2096,1975,1145,0,-0.0008699654
Cold,247911,1496,1495,1975,1145,0,-0.0026186614
Cold,243021,1465,1464,1975,1145,0,-0.0017333048
Cold,224553,1357,1356,1975,1145,0,0.0049176738
Cold,336359,1980,1979,1975,1145,0,0.0028648588
Cold,278007,1676,1675,1975,1145,1,0.002966299
Cold,273275,1647,1646,1975,1145,0,-0.007458572
Cold,350390,2056,2055,1975,1145,0,0.0035868294
Cold,206075,1264,1263,1975,1145,0,-0.005456917
Cold,322701,1912,1911,1975,1145,0,-0.0045413356
Cold,271122,1639,1638,1975,1145,0,0.006753726
Cold,328714,1941,1940,1975,1145,0,-0.0004664585
Cold,189130,1172,1171,1975,1145,0,0.0018084846
Cold,299232,1776,1775,1975,1145,0,0.01141955
Cold,307711,1835,1834,1975,1145,0,0.0064899013
Cold,180469,1128,1127,1975,1145,0,0.008115836
Cold,196752,1207,1206,1975,1145,0,0.0018373686
Cold,175098,1109,1108,1975,1145,0,-0.0032802562
Cold,165667,1056,1055,1975,1145,1,-0.0018581953
Cold,159436,1017,1016,1975,1145,0,0.0032251896
Cold,135856,877,876,1975,1145,0,0.00858341
Cold,134598,869,868,1975,1145,0,-0.0009409536
Cold,130333,844,843,1975,1145,0,0.001292095
Cold,125644,808,807,1975,1145,0,-0.002713413
Cold,124005,798,797,1975,1145,0,-0.0028362223
Cold,211358,1285,1284,1975,1145,0,-0.0022784267
Cold,114117,741,740,1975,1145,1,0.0010239754
Cold,107219,705,704,1975,1145,0,-0.004607658
Cold,99486,663,662,1975,1145,0,0.0070848
Cold,352343,2063,2062,1975,1145,0,-0.0045676883
Cold,94753,636,635,1975,1145,1,0.0025127693
Cold,92846,621,620,1975,1145,0,0.0021085525
Cold,265289,1611,1610,1975,1145,1,-0.00061533833
Cold,140778,904,903,1975,1145,0,0.0021945208
Cold,115549,749,748,1975,1145,1,-0.0024354192
Cold,87543,572,571,1975,1145,0,-0.007853944
Cold,77883,524,523,1975,1145,0,0.00507551
Cold,81919,543,542,1975,1145,0,-0.0010474792
Cold,57644,390,389,1975,1145,0,0.007195483
Cold,45232,305,304,1975,1145,0,0.0031833933
Cold,41238,278,277,1975,1145,0,0.0030174747
Cold,30010,202,201,1975,1145,0,0.0024827267
Cold,99906,667,666,1975,1145,0,-0.0066654123
Cold,270223,1635,1634,1975,1145,0,-0.0014537331
Cold,15728,123,122,1975,1145,0,0.0053058593
Cold,6468,46,45,1975,1145,1,0.007324896
Cold,482035,2962,2961,1975,1145,0,-0.0023097727
Cold,355181,2077,2076,1975,1145,0,0.002984669
Cold,432878,2638,2637,1975,1145,0,0.0005775825
Cold,238273,1447,1446,1975,1145,0,-0.00077161845
Cold,290537,1733,1732,1975,1145,0,0.00675823
Cold,102642,678,677,1975,1145,0,-0.0039759246
Cold,964228,5812,5811,1975,1145,0,-0.0023609602
Cold,720221,4312,4311,1975,1145,0,0.00971204
Cold,331935,1958,1957,1975,1145,0,0.010889454
Cold,474098,2909,2908,1975,1145,1,0.0029930652
Cold,63377,424,423,1975,1145,0,0.0054413704
Cold,474409,2910,2909,1975,1145,0,0.0038863139
Cold,34287,231,230,1975,1145,0,0.0042982474
Cold,558994,3433,3432,1976,1146,0,-0.012701332
Cold,552647,3401,3400,1976,1146,0,-0.022896282
Cold,554216,3410,3409,1976,1146,0,-0.004410538
Cold,554620,3411,3410,1976,1146,0,-0.0073412065
Cold,537491,3311,3310,1976,1146,0,-0.0012690056
Cold,528361,3265,3264,1976,1146,0,-0.003280763
Cold,654362,3942,3941,1976,1146,0,-0.005779252
Cold,518914,3201,3200,1976,1146,0,0.0072053024
Cold,515720,3182,3181,1976,1146,0,-0.007342675
Cold,566487,3476,3475,1976,1146,0,-0.01158747
Cold,606048,3681,3680,1976,1146,0,-0.010862185
Cold,508812,3129,3128,1976,1146,0,-0.0015907317
Cold,494512,3032,3031,1976,1146,1,-0.008250131
Cold,540099,3320,3319,1976,1146,0,-0.018117886
Cold,472888,2907,2906,1976,1146,0,-0.0070767854
Cold,462292,2852,2851,1976,1146,0,-0.0077645527
Cold,450397,2776,2775,1976,1146,0,-0.0033198162
Cold,453335,2792,2791,1976,1146,0,-0.00825854
Cold,432331,2635,2634,1976,1146,1,-0.0015260117
Cold,431213,2627,2626,1976,1146,0,-0.016013626
Cold,429312,2611,2610,1976,1146,0,-0.00526138
Cold,426622,2590,2589,1976,1146,0,-0.006488624
Cold,414082,2491,2490,1976,1146,0,0.0040697963
Cold,411137,2466,2465,1976,1146,0,-0.008711916
Cold,410041,2458,2457,1976,1146,0,-0.004397574
Cold,409809,2457,2456,1976,1146,0,0.008919969
Cold,406624,2439,2438,1976,1146,0,0.001823243
Cold,398797,2374,2373,1976,1146,0,-0.009742243
Cold,760237,4517,4516,1976,1146,0,-0.015005812
Cold,385419,2251,2250,1976,1146,0,-0.008687241
Cold,379378,2217,2216,1976,1146,0,-0.0040588025
Cold,370096,2164,2163,1976,1146,0,-0.008469263
Cold,368096,2149,2148,1976,1146,0,-0.009619008
Cold,367360,2144,2143,1976,1146,0,-0.010252156
Cold,366009,2130,2129,1976,1146,1,-0.0024879738
Cold,364985,2124,2123,1976,1146,0,-0.0058390643
Cold,364193,2121,2120,1976,1146,0,-0.0006338803
Cold,356181,2087,2086,1976,1146,0,0.005254726
Cold,352345,2063,2062,1976,1146,0,-0.0064501576
Cold,350391,2056,2055,1976,1146,1,-0.008367355
Cold,348796,2046,2045,1976,1146,0,-0.0041308994
Cold,348233,2041,2040,1976,1146,0,-0.001876345
Cold,342813,2015,2014,1976,1146,0,-0.011001991
Cold,333546,1968,1967,1976,1146,0,-0.009120135
Cold,324698,1923,1922,1976,1146,0,-0.0026382923
Cold,310869,1851,1850,1976,1146,0,-0.0028849402
Cold,303641,1803,1802,1976,1146,0,0.0038958297
Cold,297735,1764,1763,1976,1146,0,-0.002819486
Cold,290538,1733,1732,1976,1146,0,-0.0054230643
Cold,286905,1712,1711,1976,1146,0,-0.011200578
Cold,285525,1701,1700,1976,1146,0,-0.0067445408
Cold,291701,1737,1736,1976,1146,0,-0.0051904465
Cold,281422,1687,1686,1976,1146,0,-0.0013385578
Cold,279930,1680,1679,1976,1146,1,-0.025185294
Cold,260744,1593,1592,1976,1146,0,-0.004742722
Cold,358300,2097,2096,1976,1146,0,0.004825429
Cold,254759,1549,1548,1976,1146,0,-0.0034546405
Cold,303352,1802,1801,1976,1146,0,-0.0011448675
Cold,250591,1510,1509,1976,1146,0,0.0005026831
Cold,247222,1494,1493,1976,1146,0,-0.009920044
Cold,247913,1496,1495,1976,1146,0,-0.010813249
Cold,631826,3821,3820,1976,1146,0,-0.0095313415
Cold,244208,1470,1469,1976,1146,0,-0.019115321
Cold,242249,1461,1460,1976,1146,0,-0.0031974479
Cold,237093,1441,1440,1976,1146,0,-0.011382047
Cold,233279,1419,1418,1976,1146,0,0.0033264947
Cold,224345,1356,1355,1976,1146,0,-0.0195563
Cold,224554,1357,1356,1976,1146,0,-0.0059042135
Cold,220048,1333,1332,1976,1146,0,-0.008176531
Cold,336360,1980,1979,1976,1146,0,-0.021639336
Cold,278009,1676,1675,1976,1146,1,-0.011525622
Cold,273276,1647,1646,1976,1146,0,-0.010262853
Cold,209098,1275,1274,1976,1146,0,-0.001324351
Cold,322702,1912,1911,1976,1146,0,-0.0070707574
Cold,271123,1639,1638,1976,1146,1,0.0031491143
Cold,196753,1207,1206,1976,1146,0,-0.0064909155
Cold,210337,1284,1283,1976,1146,0,-0.0037362226
Cold,328716,1941,1940,1976,1146,0,-0.015373337
Cold,187183,1161,1160,1976,1146,0,-0.0069346647
Cold,189131,1172,1171,1976,1146,0,-0.003867661
Cold,299233,1776,1775,1976,1146,0,-0.01657752
Cold,184139,1146,1145,1976,1146,0,-0.0067708194
Cold,183817,1145,1144,1976,1146,0,-0.007845819
Cold,307712,1835,1834,1976,1146,0,-0.015604549
Cold,182397,1138,1137,1976,1146,0,-0.003366182
Cold,170036,1080,1079,1976,1146,0,-0.0059145773
Cold,162060,1033,1032,1976,1146,0,-0.0061972756
Cold,159437,1017,1016,1976,1146,0,-0.013090866
Cold,145918,937,936,1976,1146,0,-0.0067143333
Cold,261268,1597,1596,1976,1146,0,-0.0112424055
Cold,157247,1010,1009,1976,1146,0,-0.0050150673
Cold,138817,889,888,1976,1146,0,-0.003418771
Cold,134599,869,868,1976,1146,0,-0.0064380327
Cold,133242,859,858,1976,1146,1,-0.0030071875
Cold,131356,850,849,1976,1146,1,-0.008692831
Cold,332866,1962,1961,1976,1146,0,-0.007944236
Cold,125645,808,807,1976,1146,0,-0.009179201
Cold,211359,1285,1284,1976,1146,0,-0.00493211
Cold,114118,741,740,1976,1146,0,-0.008847419
Cold,107220,705,704,1976,1146,0,0.0011979498
Cold,99907,667,666,1976,1146,0,0.0006197144
Cold,99363,662,661,1976,1146,0,-0.0021612789
Cold,92847,621,620,1976,1146,0,-0.012586122
Cold,92438,618,617,1976,1146,0,0.0008240023
Cold,265290,1611,1610,1976,1146,1,-0.008438336
Cold,115550,749,748,1976,1146,1,-0.0016544522
Cold,82340,546,545,1976,1146,0,-0.004632745
Cold,82552,548,547,1976,1146,0,-0.005216104
Cold,73925,501,500,1976,1146,0,-0.011452685
Cold,74082,504,503,1976,1146,0,-0.004813537
Cold,57645,390,389,1976,1146,0,-0.01043337
Cold,46062,308,307,1976,1146,0,-0.01716269
Cold,41903,284,283,1976,1146,0,-0.013603813
Cold,41239,278,277,1976,1146,0,-0.015893936
Cold,37058,250,249,1976,1146,0,0.0011032983
Cold,31291,211,210,1976,1146,0,-0.0003774464
Cold,26826,190,189,1976,1146,0,-0.006618303
Cold,595919,3624,3623,1976,1146,0,-0.01219281
Cold,14141,115,114,1976,1146,0,0.0055585704
Cold,14612,117,116,1976,1146,0,-0.019246344
Cold,14006,113,112,1976,1146,0,-0.0046687564
Cold,13623,108,107,1976,1146,0,0.0056051183
Cold,15729,123,122,1976,1146,0,-0.015488445
Cold,8233,57,56,1976,1146,0,-0.0004944219
Cold,6469,46,45,1976,1146,1,-0.006118916
Cold,5393,37,36,1976,1146,0,-0.01097367
Cold,4160,31,30,1976,1146,0,-0.006655097
Cold,102643,678,677,1976,1146,0,-0.019142833
Cold,482036,2962,2961,1976,1146,0,-0.009299263
Cold,207142,1266,1265,1976,1146,0,-0.014044981
Cold,743123,4445,4444,1976,1146,0,0.0071854955
Cold,355183,2077,2076,1976,1146,0,-0.014957599
Cold,238275,1447,1446,1976,1146,0,-0.008151701
Cold,964229,5812,5811,1976,1146,0,-0.009977716
Cold,331936,1958,1957,1976,1146,0,-0.013207143
Cold,474100,2909,2908,1976,1146,0,-0.00030205445
Cold,63378,424,423,1976,1146,0,-0.0045357607
Cold,474410,2910,2909,1976,1146,0,-0.008176681
Cold,34288,231,230,1976,1146,0,-0.0035415376
Cold,566488,3476,3475,1977,1147,0,0.00035017153
Cold,718691,4305,4304,1977,1147,0,0.007696529
Cold,494514,3032,3031,1977,1147,1,0.0030210265
Cold,540100,3320,3319,1977,1147,0,0.008952932
Cold,462293,2852,2851,1977,1147,1,0.00087103946
Cold,444851,2743,2742,1977,1147,0,0.0011140006
Cold,453336,2792,2791,1977,1147,0,0.00589617
Cold,432332,2635,2634,1977,1147,1,0.008275725
Cold,429313,2611,2610,1977,1147,1,-0.0035018045
Cold,426623,2590,2589,1977,1147,0,-0.00048477983
Cold,414083,2491,2490,1977,1147,0,-0.0034637144
Cold,411138,2466,2465,1977,1147,0,0.0053441664
Cold,409811,2457,2456,1977,1147,0,0.0027862736
Cold,397237,2352,2351,1977,1147,0,-0.004199259
Cold,379379,2217,2216,1977,1147,0,-0.00095653546
Cold,367361,2144,2143,1977,1147,0,-0.00021874264
Cold,366010,2130,2129,1977,1147,1,-0.0020037019
Cold,366288,2131,2130,1977,1147,0,0.004247739
Cold,364986,2124,2123,1977,1147,0,0.00723075
Cold,364194,2121,2120,1977,1147,0,-0.00086961436
Cold,355184,2077,2076,1977,1147,0,0.012114352
Cold,352347,2063,2062,1977,1147,0,0.004232124
Cold,349404,2050,2049,1977,1147,0,-0.0018177088
Cold,348797,2046,2045,1977,1147,0,0.0028394863
Cold,348234,2041,2040,1977,1147,0,-7.272954e-05
Cold,342814,2015,2014,1977,1147,0,0.008040268
Cold,333548,1968,1967,1977,1147,0,0.011184822
Cold,324699,1923,1922,1977,1147,0,0.0006472955
Cold,310870,1851,1850,1977,1147,0,0.0052534505
Cold,303642,1803,1802,1977,1147,1,-0.0017020218
Cold,298730,1774,1773,1977,1147,0,0.0071744067
Cold,322704,1912,1911,1977,1147,0,-0.0029482099
Cold,285526,1701,1700,1977,1147,0,0.00017876987
Cold,281424,1687,1686,1977,1147,0,-0.00668204
Cold,291702,1737,1736,1977,1147,0,-5.102856e-05
Cold,279934,1680,1679,1977,1147,0,0.0016231852
Cold,280537,1683,1682,1977,1147,0,0.003202797
Cold,266732,1617,1616,1977,1147,0,0.004903863
Cold,261462,1598,1597,1977,1147,0,-0.014516191
Cold,260745,1593,1592,1977,1147,0,-0.00028467656
Cold,303353,1802,1801,1977,1147,0,0.0049342103
Cold,247914,1496,1495,1977,1147,0,0.011278565
Cold,245901,1484,1483,1977,1147,0,0.0041354625
Cold,240530,1449,1448,1977,1147,0,-0.0014445707
Cold,237094,1441,1440,1977,1147,0,-0.0016581162
Cold,233280,1419,1418,1977,1147,0,0.006227775
Cold,224555,1357,1356,1977,1147,0,-0.0016722749
Cold,220050,1333,1332,1977,1147,0,-0.0011494913
Cold,214165,1300,1299,1977,1147,1,-0.0035312334
Cold,278010,1676,1675,1977,1147,1,2.7829548e-05
Cold,196755,1207,1206,1977,1147,0,0.00018887408
Cold,210338,1284,1283,1977,1147,0,0.0019100824
Cold,328720,1941,1940,1977,1147,0,0.0039255014
Cold,187184,1161,1160,1977,1147,0,-0.00060589996
Cold,189132,1172,1171,1977,1147,0,0.0021379476
Cold,299234,1776,1775,1977,1147,0,0.0039346325
Cold,184140,1146,1145,1977,1147,0,0.0064047403
Cold,307713,1835,1834,1977,1147,0,-2.3425906e-05
Cold,182398,1138,1137,1977,1147,0,-1.455273e-05
Cold,181336,1133,1132,1977,1147,0,0.0021934868
Cold,180470,1128,1127,1977,1147,0,-0.0006972831
Cold,165668,1056,1055,1977,1147,1,0.0014377355
Cold,159438,1017,1016,1977,1147,1,-0.00073915115
Cold,149051,958,957,1977,1147,0,0.0059146266
Cold,145919,937,936,1977,1147,0,-0.0011997991
Cold,142012,915,914,1977,1147,0,-0.0023895816
Cold,140779,904,903,1977,1147,0,-0.00497423
Cold,138820,889,888,1977,1147,0,0.0024734735
Cold,133243,859,858,1977,1147,1,0.004847391
Cold,332868,1962,1961,1977,1147,0,0.0014832453
Cold,125646,808,807,1977,1147,1,-0.0030536614
Cold,124006,798,797,1977,1147,1,0.010736896
Cold,114119,741,740,1977,1147,1,-0.006019988
Cold,107538,709,708,1977,1147,0,0.0062762112
Cold,107221,705,704,1977,1147,1,-0.0073545137
Cold,99908,667,666,1977,1147,0,0.00760605
Cold,92848,621,620,1977,1147,0,-0.00038373255
Cold,92439,618,617,1977,1147,0,-0.0005237544
Cold,265291,1611,1610,1977,1147,1,-0.0036622947
Cold,115551,749,748,1977,1147,0,0.003103428
Cold,82341,546,545,1977,1147,0,0.004111823
Cold,73926,501,500,1977,1147,0,0.0025786303
Cold,68888,461,460,1977,1147,0,0.002211787
Cold,57646,390,389,1977,1147,0,-0.0051612873
Cold,50299,331,330,1977,1147,0,0.00013299339
Cold,46063,308,307,1977,1147,0,0.005203553
Cold,639351,3842,3841,1977,1147,0,0.0014518442
Cold,41240,278,277,1977,1147,0,-0.006100109
Cold,39013,264,263,1977,1147,0,0.0032429125
Cold,221632,1340,1339,1977,1147,0,0.0024591973
Cold,31292,211,210,1977,1147,0,0.003242156
Cold,26827,190,189,1977,1147,0,-0.004159211
Cold,14142,115,114,1977,1147,0,0.002661449
Cold,14007,113,112,1977,1147,0,-0.0006898255
Cold,13624,108,107,1977,1147,0,0.0033200656
Cold,8234,57,56,1977,1147,0,0.0068714237
Cold,6470,46,45,1977,1147,1,-0.0015040946
Cold,5394,37,36,1977,1147,0,0.0061365655
Cold,47651,319,318,1977,1147,0,0.0026615446
Cold,102645,678,677,1977,1147,0,0.0022003946
Cold,482037,2962,2961,1977,1147,0,0.00891234
Cold,207143,1266,1265,1977,1147,0,0.0026038708
Cold,743124,4445,4444,1977,1147,0,-0.00076560496
Cold,273278,1647,1646,1977,1147,0,-0.0026164507
Cold,238277,1447,1446,1977,1147,0,0.0047134436
Cold,474411,2910,2909,1977,1147,0,0.0029933073
Cold,63380,424,423,1977,1147,0,-0.00010007806
Cold,290539,1733,1732,1977,1147,0,0.0019759443
Cold,34289,231,230,1977,1147,0,-0.0029479123
Cold,297737,1764,1763,1978,1148,1,0.003139758
Cold,322706,1912,1911,1978,1148,0,0.01568909
Cold,291705,1737,1736,1978,1148,0,0.0030464442
Cold,279937,1680,1679,1978,1148,1,0.004624805
Cold,358301,2097,2096,1978,1148,0,0.0013449132
Cold,247915,1496,1495,1978,1148,0,0.0060362937
Cold,224556,1357,1356,1978,1148,0,0.014700377
Cold,214166,1300,1299,1978,1148,0,-0.00026688213
Cold,278011,1676,1675,1978,1148,1,0.00724429
Cold,273279,1647,1646,1978,1148,0,0.0070545105
Cold,206077,1264,1263,1978,1148,0,0.012695447
Cold,271126,1639,1638,1978,1148,0,0.0031711361
Cold,328723,1941,1940,1978,1148,0,0.0110670775
Cold,189134,1172,1171,1978,1148,0,0.002958571
Cold,299237,1776,1775,1978,1148,0,0.0003276236
Cold,307715,1835,1834,1978,1148,0,0.0032365024
Cold,196756,1207,1206,1978,1148,0,0.0053157452
Cold,165669,1056,1055,1978,1148,1,-0.0003771989
Cold,159439,1017,1016,1978,1148,0,0.0067030517
Cold,134603,869,868,1978,1148,0,0.011959713
Cold,125647,808,807,1978,1148,0,0.0035819584
Cold,124007,798,797,1978,1148,0,0.0028256464
Cold,107539,709,708,1978,1148,0,-0.0031088246
Cold,107222,705,704,1978,1148,0,-0.0006491805
Cold,95233,638,637,1978,1148,0,0.0029383795
Cold,92849,621,620,1978,1148,0,0.0056598345
Cold,265293,1611,1610,1978,1148,0,0.0061314786
Cold,115552,749,748,1978,1148,0,0.0036230243
Cold,81921,543,542,1978,1148,1,-0.00076341396
Cold,57647,390,389,1978,1148,0,0.00927843
Cold,45233,305,304,1978,1148,0,-0.007198183
Cold,41905,284,283,1978,1148,0,-0.00038665533
Cold,41242,278,277,1978,1148,0,0.007079888
Cold,39700,269,268,1978,1148,0,-0.00084500224
Cold,99909,667,666,1978,1148,0,0.00046523614
Cold,14614,117,116,1978,1148,0,0.008122148
Cold,6471,46,45,1978,1148,1,0.0026479657
Cold,482038,2962,2961,1978,1148,0,0.0053464584
Cold,352350,2063,2062,1978,1148,0,0.009119617
Cold,310871,1851,1850,1978,1148,0,0.0020762626
Cold,145921,937,936,1978,1148,0,0.0026270186
Cold,130611,846,845,1978,1148,0,0.0020586695
Cold,599482,3648,3647,1978,1148,0,0.0048176683
Cold,400006,2380,2379,1978,1148,0,0.0103614135
Cold,331939,1958,1957,1978,1148,0,0.010039817
Cold,229756,1390,1389,1978,1148,0,0.0057598203
Cold,348235,2041,2040,1978,1148,0,0.0005926157
Cold,207145,1266,1265,1978,1148,0,0.012207063
Cold,519275,3203,3202,1978,1148,0,0.004386453
Cold,285527,1701,1700,1978,1148,0,0.014992766
Cold,474412,2910,2909,1978,1148,0,0.0038397973
Cold,63382,424,423,1978,1148,0,0.014115205
Cold,290540,1733,1732,1978,1148,0,0.012305757
Cold,34290,231,230,1978,1148,0,0.004135007
Cold,409812,2457,2456,1979,1149,0,0.003294154
Cold,367363,2144,2143,1979,1149,0,-0.001858002
Cold,297738,1764,1763,1979,1149,1,0.010774673
Cold,291707,1737,1736,1979,1149,0,0.0029514597
Cold,279940,1680,1679,1979,1149,0,0.002059545
Cold,280538,1683,1682,1979,1149,0,0.00078199967
Cold,358303,2097,2096,1979,1149,0,-0.0059831305
Cold,247916,1496,1495,1979,1149,0,-0.00015536742
Cold,214167,1300,1299,1979,1149,0,0.0067923944
Cold,328726,1941,1940,1979,1149,0,-0.00029674987
Cold,189135,1172,1171,1979,1149,0,0.0018812914
Cold,299238,1776,1775,1979,1149,0,-0.0032489444
Cold,307717,1835,1834,1979,1149,1,-0.0011322787
Cold,244210,1470,1469,1979,1149,0,0.0003672496
Cold,196758,1207,1206,1979,1149,0,-0.00561311
Cold,184141,1146,1145,1979,1149,0,0.004751514
Cold,165670,1056,1055,1979,1149,1,-0.0011965587
Cold,159440,1017,1016,1979,1149,0,-0.0011613499
Cold,125648,808,807,1979,1149,1,-0.003372171
Cold,124008,798,797,1979,1149,0,-0.00809104
Cold,114120,741,740,1979,1149,1,0.00094277645
Cold,107540,709,708,1979,1149,1,0.004474055
Cold,107223,705,704,1979,1149,1,0.00038896664
Cold,92850,621,620,1979,1149,0,-0.0003453833
Cold,265294,1611,1610,1979,1149,1,0.0058056233
Cold,115553,749,748,1979,1149,0,0.0026025064
Cold,74335,507,506,1979,1149,0,-0.0055006165
Cold,68890,461,460,1979,1149,0,-0.0025477386
Cold,57648,390,389,1979,1149,0,0.014554406
Cold,45234,305,304,1979,1149,0,-0.004175083
Cold,41908,284,283,1979,1149,0,0.0022234758
Cold,883143,5333,5332,1979,1149,0,0.0062900865
Cold,99910,667,666,1979,1149,0,0.001411414
Cold,14615,117,116,1979,1149,0,-0.0007935974
Cold,6472,46,45,1979,1149,1,0.005172062
Cold,482039,2962,2961,1979,1149,0,0.0033811422
Cold,290541,1733,1732,1979,1149,0,0.0104611665
Cold,273281,1647,1646,1979,1149,0,0.0065078707
Cold,102647,678,677,1979,1149,0,-0.0015239909
Cold,352352,2063,2062,1979,1149,0,0.00028400635
Cold,238279,1447,1446,1979,1149,0,-0.00076233223
Cold,310872,1851,1850,1979,1149,0,0.003008
Cold,145922,937,936,1979,1149,0,-0.0051542073
Cold,599484,3648,3647,1979,1149,0,0.0003318815
Cold,400008,2380,2379,1979,1149,0,-0.0008771289
Cold,331941,1958,1957,1979,1149,0,-0.0041675544
Cold,348237,2041,2040,1979,1149,0,-0.008021798
Cold,322708,1912,1911,1979,1149,0,0.0023169485
Cold,207147,1266,1265,1979,1149,0,0.005917141
Cold,285528,1701,1700,1979,1149,0,-0.00042799907
Cold,474413,2910,2909,1979,1149,0,-0.0066585243
Cold,34291,231,230,1979,1149,0,0.004175909
Cold,358309,2097,2096,1980,1150,0,0.016017085
Cold,247921,1496,1495,1980,1150,0,0.00095216034
Cold,214169,1300,1299,1980,1150,0,0.0037873648
Cold,278021,1676,1675,1980,1150,1,-0.0048499755
Cold,328748,1941,1940,1980,1150,0,0.0067831296
Cold,189144,1172,1171,1980,1150,0,-0.0013938884
Cold,299241,1776,1775,1980,1150,0,-0.003725043
Cold,196766,1207,1206,1980,1150,0,-0.00014781952
Cold,184146,1146,1145,1980,1150,0,0.007100419
Cold,159446,1017,1016,1980,1150,0,0.0019609574
Cold,125651,808,807,1980,1150,1,-0.005305521
Cold,124012,798,797,1980,1150,0,-0.008400482
Cold,107542,709,708,1980,1150,0,0.00021275488
Cold,107227,705,704,1980,1150,0,-0.007361737
Cold,92853,621,620,1980,1150,0,-0.003495182
Cold,265303,1611,1610,1980,1150,0,-1.628464e-05
Cold,115558,749,748,1980,1150,0,0.000638284
Cold,57653,390,389,1980,1150,0,-0.0032014302
Cold,45238,305,304,1980,1150,0,-0.0015523657
Cold,41915,284,283,1980,1150,0,-0.0016654255
Cold,42861,293,292,1980,1150,0,0.007465941
Cold,36922,248,247,1980,1150,1,0.0023299828
Cold,99911,667,666,1980,1150,0,-0.007294936
Cold,6474,46,45,1980,1150,1,-0.00287472
Cold,482044,2962,2961,1980,1150,0,-0.0062132943
Cold,290553,1733,1732,1980,1150,0,-0.0062894747
Cold,273291,1647,1646,1980,1150,0,0.0017532888
Cold,102658,678,677,1980,1150,0,0.004787661
Cold,352366,2063,2062,1980,1150,0,-0.008519818
Cold,331952,1958,1957,1980,1150,0,0.0039662886
Cold,34293,231,230,1980,1150,0,0.0070604817
Cold,358310,2097,2096,1981,1151,0,0.007840488
Cold,247922,1496,1495,1981,1151,0,0.0058610374
Cold,329590,1943,1942,1981,1151,0,0.0034947111
Cold,214170,1300,1299,1981,1151,0,-0.006664259
Cold,278022,1676,1675,1981,1151,1,0.004357968
Cold,273293,1647,1646,1981,1151,0,-0.0010289068
Cold,322722,1912,1911,1981,1151,0,-0.0048190244
Cold,271136,1639,1638,1981,1151,0,-0.0020573314
Cold,328750,1941,1940,1981,1151,0,0.01322425
Cold,299242,1776,1775,1981,1151,0,0.0015176932
Cold,196767,1207,1206,1981,1151,0,0.008844865
Cold,184147,1146,1145,1981,1151,0,-0.00036278856
Cold,170037,1080,1079,1981,1151,0,0.0035580336
Cold,165671,1056,1055,1981,1151,1,-0.0025816103
Cold,159448,1017,1016,1981,1151,0,0.009632321
Cold,134614,869,868,1981,1151,0,0.0045664287
Cold,125652,808,807,1981,1151,0,-0.0006113702
Cold,124013,798,797,1981,1151,0,0.0012081882
Cold,114123,741,740,1981,1151,0,0.003955345
Cold,107543,709,708,1981,1151,0,0.009351092
Cold,107228,705,704,1981,1151,0,-0.003267446
Cold,94754,636,635,1981,1151,1,0.010504195
Cold,92854,621,620,1981,1151,0,-0.0002990195
Cold,265304,1611,1610,1981,1151,0,0.0028492946
Cold,115559,749,748,1981,1151,0,-0.0012610746
Cold,57654,390,389,1981,1151,0,-0.0051525217
Cold,45239,305,304,1981,1151,0,0.0014502471
Cold,221651,1340,1339,1981,1151,0,-0.0027914534
Cold,99912,667,666,1981,1151,0,0.00042374537
Cold,482045,2962,2961,1981,1151,0,0.0109825395
Cold,306276,1824,1823,1981,1151,0,-0.0023285479
Cold,6475,46,45,1981,1151,1,0.000120174605
Cold,238294,1447,1446,1981,1151,0,0.000121844
Cold,352369,2063,2062,1981,1151,0,-0.0050022444
Cold,331954,1958,1957,1981,1151,0,-0.0042638415
Cold,893103,5394,5393,1981,1151,0,0.0008877086
Cold,290554,1733,1732,1981,1151,0,0.0055572875
Cold,145929,937,936,1981,1151,0,0.00078609
Cold,34294,231,230,1981,1151,0,-0.002137824
Cold,666995,4014,4013,1983,1153,1,-0.004272379
Cold,666527,4011,4010,1983,1153,0,0.010507687
Cold,663611,3998,3997,1983,1153,1,0.002801334
Cold,680391,4078,4077,1983,1153,0,0.005896426
Cold,662517,3993,3992,1983,1153,0,0.0011292152
Cold,651648,3929,3928,1983,1153,0,0.008445087
Cold,648305,3903,3902,1983,1153,0,0.0013020916
Cold,639638,3844,3843,1983,1153,1,0.0019188963
Cold,635246,3829,3828,1983,1153,0,-0.000126231
Cold,666406,4009,4008,1983,1153,1,0.00013937999
Cold,759898,4514,4513,1983,1153,0,0.0055539496
Cold,664285,3999,3998,1983,1153,0,0.0021285843
Cold,628859,3807,3806,1983,1153,0,0.0018384513
Cold,628225,3804,3803,1983,1153,0,0.0022206325
Cold,627996,3801,3800,1983,1153,1,0.00047670642
Cold,638615,3841,3840,1983,1153,0,0.009523052
Cold,764183,4543,4542,1983,1153,0,0.021009931
Cold,623570,3771,3770,1983,1153,0,0.0009855987
Cold,625168,3778,3777,1983,1153,0,0.0017226473
Cold,611982,3709,3708,1983,1153,0,0.014018697
Cold,604904,3677,3676,1983,1153,0,0.0013982223
Cold,621374,3762,3761,1983,1153,0,0.0097592315
Cold,606747,3683,3682,1983,1153,0,0.014551277
Cold,633647,3824,3823,1983,1153,0,0.0071883737
Cold,596915,3626,3625,1983,1153,0,0.0012470479
Cold,731252,4375,4374,1983,1153,1,0.0011926154
Cold,718700,4305,4304,1983,1153,1,0.0065450845
Cold,580660,3546,3545,1983,1153,0,0.0031476454
Cold,569506,3491,3490,1983,1153,1,0.0064267796
Cold,657209,3961,3960,1983,1153,0,0.0030147275
Cold,560246,3442,3441,1983,1153,0,-0.0059178993
Cold,554229,3410,3409,1983,1153,0,0.006653194
Cold,551347,3394,3393,1983,1153,0,0.005810128
Cold,554632,3411,3410,1983,1153,0,0.0020614718
Cold,544463,3356,3355,1983,1153,0,0.0019009525
Cold,537508,3311,3310,1983,1153,0,0.0017118901
Cold,528375,3265,3264,1983,1153,0,0.0031653186
Cold,654377,3942,3941,1983,1153,0,0.0080744475
Cold,515729,3182,3181,1983,1153,0,0.0031704365
Cold,508821,3129,3128,1983,1153,1,0.003406168
Cold,494539,3032,3031,1983,1153,1,0.014630483
Cold,484004,2976,2975,1983,1153,0,-0.004628579
Cold,477303,2929,2928,1983,1153,0,0.013888821
Cold,472902,2907,2906,1983,1153,0,0.003784133
Cold,474123,2909,2908,1983,1153,1,0.006748885
Cold,754780,4497,4496,1983,1153,0,0.00637756
Cold,462298,2852,2851,1983,1153,0,0.009513207
Cold,433801,2643,2642,1983,1153,0,0.0076893503
Cold,430780,2625,2624,1983,1153,0,-0.006197395
Cold,426632,2590,2589,1983,1153,0,-5.1313313e-05
Cold,419005,2529,2528,1983,1153,0,0.0028657725
Cold,425819,2583,2582,1983,1153,1,-0.0011468651
Cold,414777,2496,2495,1983,1153,0,-0.0058280844
Cold,409824,2457,2456,1983,1153,1,0.009552583
Cold,397241,2352,2351,1983,1153,0,-0.007837629
Cold,383041,2237,2236,1983,1153,0,0.012647627
Cold,374435,2181,2180,1983,1153,0,0.013650883
Cold,370102,2164,2163,1983,1153,1,0.008261586
Cold,367369,2144,2143,1983,1153,1,-0.00013390044
Cold,350165,2055,2054,1983,1153,1,0.0077448143
Cold,324600,1922,1921,1983,1153,0,0.007842381
Cold,305963,1820,1819,1983,1153,1,0.002136222
Cold,297748,1764,1763,1983,1153,1,0.003084823
Cold,288348,1722,1721,1983,1153,1,0.0015209056
Cold,291717,1737,1736,1983,1153,0,-0.0017295415
Cold,279976,1680,1679,1983,1153,1,0.005360405
Cold,271138,1639,1638,1983,1153,0,0.0011553713
Cold,247926,1496,1495,1983,1153,0,-0.0016598359
Cold,243031,1465,1464,1983,1153,0,0.00042524096
Cold,224563,1357,1356,1983,1153,0,0.0031819544
Cold,225641,1366,1365,1983,1153,1,0.0049087564
Cold,262379,1600,1599,1983,1153,0,0.006138119
Cold,226441,1370,1369,1983,1153,0,0.0032025082
Cold,278024,1676,1675,1983,1153,0,-0.0030817227
Cold,322724,1912,1911,1983,1153,0,0.0052841464
Cold,197076,1209,1208,1983,1153,0,-0.009513968
Cold,328754,1941,1940,1983,1153,0,0.015019544
Cold,194074,1195,1194,1983,1153,1,0.008733407
Cold,305157,1812,1811,1983,1153,0,0.012378525
Cold,307737,1835,1834,1983,1153,0,0.0030299015
Cold,180476,1128,1127,1983,1153,0,0.003892485
Cold,176428,1115,1114,1983,1153,0,0.009454237
Cold,175102,1109,1108,1983,1153,0,0.0071201357
Cold,184149,1146,1145,1983,1153,1,0.00092149246
Cold,175797,1112,1111,1983,1153,1,0.0032047578
Cold,165673,1056,1055,1983,1153,1,-0.0021668887
Cold,159454,1017,1016,1983,1153,0,0.0020827805
Cold,134618,869,868,1983,1153,0,0.004036498
Cold,125653,808,807,1983,1153,0,0.011862647
Cold,124014,798,797,1983,1153,1,0.0068572443
Cold,211383,1285,1284,1983,1153,0,0.007804925
Cold,114125,741,740,1983,1153,1,0.00196197
Cold,107230,705,704,1983,1153,0,-0.010185735
Cold,97217,651,650,1983,1153,0,0.004629668
Cold,140787,904,903,1983,1153,1,0.0034672297
Cold,115563,749,748,1983,1153,0,0.0091873035
Cold,234380,1422,1421,1983,1153,0,-0.00055522495
Cold,68897,461,460,1983,1153,0,0.007549144
Cold,57657,390,389,1983,1153,0,0.006199901
Cold,45242,305,304,1983,1153,0,-0.0018869679
Cold,639363,3842,3841,1983,1153,0,0.005923267
Cold,41919,284,283,1983,1153,0,0.009660705
Cold,41249,278,277,1983,1153,0,-0.0063653872
Cold,96761,649,648,1983,1153,0,-0.007546949
Cold,99914,667,666,1983,1153,0,0.0023832652
Cold,239353,1448,1447,1983,1153,0,0.0059230635
Cold,15746,123,122,1983,1153,0,-0.0015056706
Cold,6477,46,45,1983,1153,1,-0.0010285771
Cold,6068,44,43,1983,1153,0,0.0066509843
Cold,116929,753,752,1983,1153,1,0.0045982813
Cold,432888,2638,2637,1983,1153,0,0.003703961
Cold,238296,1447,1446,1983,1153,0,0.012176469
Cold,967018,5831,5830,1983,1153,0,0.0056108325
Cold,365909,2129,2128,1983,1153,0,-0.00016538007
Cold,265306,1611,1610,1983,1153,0,0.0062034875
Cold,299244,1776,1775,1983,1153,1,0.00061038975
Cold,622401,3768,3767,1983,1153,0,0.0023199471
Cold,760712,4520,4519,1983,1153,0,-0.0053705764
Cold,964240,5812,5811,1983,1153,0,0.018239485
Cold,366296,2131,2130,1983,1153,0,0.00032798853
Cold,689995,4126,4125,1983,1153,0,0.002896702
Cold,336385,1980,1979,1983,1153,0,0.010043489
Cold,310877,1851,1850,1983,1153,0,0.0069224853
Cold,145931,937,936,1983,1153,0,-0.0021421874
Cold,713403,4277,4276,1983,1153,0,0.0044230656
Cold,130618,846,845,1983,1153,0,0.0075425636
Cold,348247,2041,2040,1983,1153,0,0.008843959
Cold,352372,2063,2062,1983,1153,0,0.009614089
Cold,207162,1266,1265,1983,1153,0,0.005276454
Cold,474416,2910,2909,1983,1153,0,0.0072865104
Cold,63405,424,423,1983,1153,0,0.009018583
Cold,290557,1733,1732,1983,1153,0,0.0054606944
Cold,936606,5650,5649,1983,1153,0,-0.00060055265
Cold,311388,1854,1853,1983,1153,0,-0.009743644
Cold,235279,1425,1424,1983,1153,0,0.013668874
Cold,297749,1764,1763,1984,1154,0,0.0081732515
Cold,322725,1912,1911,1984,1154,0,0.01002952
Cold,291718,1737,1736,1984,1154,0,0.015275005
Cold,279980,1680,1679,1984,1154,1,0.0054046186
Cold,277184,1675,1674,1984,1154,0,0.005248014
Cold,247928,1496,1495,1984,1154,1,0.015706243
Cold,225642,1366,1365,1984,1154,0,0.001772111
Cold,214172,1300,1299,1984,1154,0,0.007089548
Cold,226442,1370,1369,1984,1154,0,-0.0037913008
Cold,273295,1647,1646,1984,1154,0,0.0118754795
Cold,271139,1639,1638,1984,1154,0,0.009658608
Cold,194075,1195,1194,1984,1154,0,0.01358145
Cold,328758,1941,1940,1984,1154,0,0.01777307
Cold,307740,1835,1834,1984,1154,0,0.008269716
Cold,184150,1146,1145,1984,1154,0,0.0002647685
Cold,159455,1017,1016,1984,1154,1,0.0072270073
Cold,150236,967,966,1984,1154,0,0.009369995
Cold,134620,869,868,1984,1154,0,0.0018558605
Cold,125654,808,807,1984,1154,0,0.007908056
Cold,211385,1285,1284,1984,1154,0,0.0006106108
Cold,107231,705,704,1984,1154,0,0.005197815
Cold,352374,2063,2062,1984,1154,0,0.012809364
Cold,115565,749,748,1984,1154,0,0.006651053
Cold,82346,546,545,1984,1154,0,0.002101994
Cold,234382,1422,1421,1984,1154,0,0.0075947517
Cold,68898,461,460,1984,1154,0,0.017025197
Cold,57352,387,386,1984,1154,0,-0.0010591868
Cold,57658,390,389,1984,1154,1,0.00055538304
Cold,45243,305,304,1984,1154,0,-0.0009410018
Cold,41250,278,277,1984,1154,1,0.009549738
Cold,96762,649,648,1984,1154,0,-0.000507794
Cold,99915,667,666,1984,1154,0,0.0038076965
Cold,15748,123,122,1984,1154,0,0.010912081
Cold,6478,46,45,1984,1154,1,0.0046648756
Cold,6069,44,43,1984,1154,0,0.0001089517
Cold,265307,1611,1610,1984,1154,0,0.0012768866
Cold,299246,1776,1775,1984,1154,1,0.00882818
Cold,102661,678,677,1984,1154,1,-0.004016549
Cold,290558,1733,1732,1984,1154,0,0.0045263637
Cold,879159,5312,5311,1984,1154,0,0.015152944
Cold,689996,4126,4125,1984,1154,0,0.006987866
Cold,891708,5387,5386,1984,1154,0,0.0076440787
Cold,474417,2910,2909,1984,1154,0,0.0030549318
Cold,63407,424,423,1984,1154,0,0.01729018
Cold,235280,1425,1424,1984,1154,0,0.010440931
Cold,606063,3681,3680,1985,1155,0,-0.0088511985
Cold,508822,3129,3128,1985,1155,0,0.0012515301
Cold,494543,3032,3031,1985,1155,1,-0.0034745494
Cold,478679,2937,2936,1985,1155,1,0.0006371252
Cold,754781,4497,4496,1985,1155,0,0.002934858
Cold,462300,2852,2851,1985,1155,0,0.0031385403
Cold,426635,2590,2589,1985,1155,0,0.0027173543
Cold,409826,2457,2456,1985,1155,0,-0.0041870335
Cold,406518,2438,2437,1985,1155,0,0.0096107265
Cold,397244,2352,2351,1985,1155,0,0.006817973
Cold,374439,2181,2180,1985,1155,0,-0.0016207687
Cold,370104,2164,2163,1985,1155,1,0.00040707912
Cold,367371,2144,2143,1985,1155,1,-0.0012298753
Cold,297752,1764,1763,1985,1155,1,0.0023330327
Cold,322727,1912,1911,1985,1155,0,-0.0015421873
Cold,291719,1737,1736,1985,1155,0,0.0012572057
Cold,279984,1680,1679,1985,1155,1,0.00014683371
Cold,269306,1632,1631,1985,1155,0,-0.0019019085
Cold,247932,1496,1495,1985,1155,0,-0.0076915734
Cold,224564,1357,1356,1985,1155,0,0.0042242487
Cold,225643,1366,1365,1985,1155,0,0.005449854
Cold,214173,1300,1299,1985,1155,1,0.005044359
Cold,244216,1470,1469,1985,1155,0,0.0016597786
Cold,328760,1941,1940,1985,1155,0,0.0017008872
Cold,194076,1195,1194,1985,1155,1,-0.0025610803
Cold,299248,1776,1775,1985,1155,1,0.0022928428
Cold,307743,1835,1834,1985,1155,0,0.0019927481
Cold,180478,1128,1127,1985,1155,0,-0.011921933
Cold,196770,1207,1206,1985,1155,0,0.0021634474
Cold,175103,1109,1108,1985,1155,0,0.00078140514
Cold,184153,1146,1145,1985,1155,0,0.0035890301
Cold,175799,1112,1111,1985,1155,0,-0.006301273
Cold,236506,1434,1433,1985,1155,1,0.0027871188
Cold,159457,1017,1016,1985,1155,0,0.0031009326
Cold,133889,868,867,1985,1155,1,-0.0032719506
Cold,134622,869,868,1985,1155,0,0.006728336
Cold,125656,808,807,1985,1155,0,0.0013555863
Cold,125205,803,802,1985,1155,0,-0.008696672
Cold,124015,798,797,1985,1155,0,0.0045932513
Cold,114126,741,740,1985,1155,1,0.002646165
Cold,107544,709,708,1985,1155,0,0.0015317537
Cold,107232,705,704,1985,1155,1,-0.0022577029
Cold,90808,601,600,1985,1155,0,-0.009469646
Cold,67884,454,453,1985,1155,0,0.0057882
Cold,57660,390,389,1985,1155,0,-8.757989e-05
Cold,639365,3842,3841,1985,1155,0,0.0011579578
Cold,41920,284,283,1985,1155,0,0.006413537
Cold,41251,278,277,1985,1155,0,0.00446246
Cold,363429,2116,2115,1985,1155,1,-0.003348405
Cold,99916,667,666,1985,1155,0,-0.0015629978
Cold,14010,113,112,1985,1155,0,0.00043169118
Cold,6479,46,45,1985,1155,1,-0.004209473
Cold,6070,44,43,1985,1155,0,-0.0010610258
Cold,552663,3401,3400,1985,1155,0,0.000973511
Cold,265308,1611,1610,1985,1155,0,-0.003077464
Cold,352378,2063,2062,1985,1155,0,-4.7310372e-05
Cold,689998,4126,4125,1985,1155,0,-0.0056526447
Cold,115567,749,748,1985,1155,0,-0.0052485187
Cold,474127,2909,2908,1985,1155,0,0.0023290492
Cold,259686,1587,1586,1985,1155,0,-0.0027401664
Cold,44725,302,301,1985,1155,0,0.0008702923
Cold,226250,1369,1368,1985,1155,1,-0.005662511
Cold,474418,2910,2909,1985,1155,1,0.005757193
Cold,527136,3260,3259,1985,1155,0,-0.00041428208
Cold,290560,1733,1732,1985,1155,1,-0.00043212785
Cold,936607,5650,5649,1985,1155,0,-0.0052338433
Cold,63408,424,423,1985,1155,0,-0.0018046654
Cold,559484,3436,3435,1985,1155,0,-0.00664824
Cold,796167,4771,4770,1985,1155,0,-0.0024388023
Cold,409827,2457,2456,1986,1156,0,-0.00044012535
Cold,401249,2391,2390,1986,1156,0,-0.0026973586
Cold,397245,2352,2351,1986,1156,0,-0.010497302
Cold,394632,2328,2327,1986,1156,1,-0.0122158965
Cold,379381,2217,2216,1986,1156,0,0.002258932
Cold,374441,2181,2180,1986,1156,0,-0.005370791
Cold,368660,2155,2154,1986,1156,1,-0.010327885
Cold,367372,2144,2143,1986,1156,1,0.00040759915
Cold,366012,2130,2129,1986,1156,1,-0.011844771
Cold,366297,2131,2130,1986,1156,0,-0.0026262302
Cold,364997,2124,2123,1986,1156,0,0.0059360377
Cold,364196,2121,2120,1986,1156,0,0.0024670502
Cold,352379,2063,2062,1986,1156,0,0.0004931956
Cold,337793,1986,1985,1986,1156,0,0.0022041406
Cold,324701,1923,1922,1986,1156,1,-0.0011829501
Cold,310879,1851,1850,1986,1156,0,0.0012402945
Cold,298731,1774,1773,1986,1156,0,0.0108302655
Cold,297753,1764,1763,1986,1156,1,0.002454394
Cold,290561,1733,1732,1986,1156,0,0.0026352636
Cold,286916,1712,1711,1986,1156,0,0.008178702
Cold,285537,1701,1700,1986,1156,0,-0.008200842
Cold,279986,1680,1679,1986,1156,1,0.010990289
Cold,280539,1683,1682,1986,1156,0,0.008560234
Cold,260750,1593,1592,1986,1156,0,0.0015162996
Cold,244217,1470,1469,1986,1156,0,0.008840142
Cold,237097,1441,1440,1986,1156,0,0.0009017887
Cold,231867,1405,1404,1986,1156,0,0.003670583
Cold,220063,1333,1332,1986,1156,0,0.0032576525
Cold,225644,1366,1365,1986,1156,0,0.0011989223
Cold,214174,1300,1299,1986,1156,0,0.011533489
Cold,226443,1370,1369,1986,1156,0,0.00824499
Cold,204327,1259,1258,1986,1156,0,-0.0021570772
Cold,322729,1912,1911,1986,1156,0,0.004084371
Cold,196771,1207,1206,1986,1156,0,-0.0014512339
Cold,210343,1284,1283,1986,1156,0,-0.0013951708
Cold,194077,1195,1194,1986,1156,1,0.004780669
Cold,328762,1941,1940,1986,1156,0,-0.00011463999
Cold,189146,1172,1171,1986,1156,0,0.010357262
Cold,184154,1146,1145,1986,1156,1,0.0047128825
Cold,307744,1835,1834,1986,1156,0,0.0058236485
Cold,181340,1133,1132,1986,1156,0,-0.0067578005
Cold,180480,1128,1127,1986,1156,0,0.006354172
Cold,175801,1112,1111,1986,1156,0,-0.007469586
Cold,159458,1017,1016,1986,1156,0,0.002097737
Cold,145932,937,936,1986,1156,0,0.003463156
Cold,142015,915,914,1986,1156,0,0.00036012544
Cold,138857,889,888,1986,1156,0,0.009994929
Cold,133246,859,858,1986,1156,1,-0.0023172586
Cold,332883,1962,1961,1986,1156,0,0.0019051133
Cold,125657,808,807,1986,1156,0,-0.0038177373
Cold,124016,798,797,1986,1156,0,-0.0004250151
Cold,107233,705,704,1986,1156,0,0.010459585
Cold,99917,667,666,1986,1156,0,0.0015494537
Cold,92440,618,617,1986,1156,0,-0.008388876
Cold,82347,546,545,1986,1156,0,-0.004891122
Cold,73928,501,500,1986,1156,0,-0.002859986
Cold,68900,461,460,1986,1156,0,0.0034097673
Cold,57661,390,389,1986,1156,0,-0.00468571
Cold,639368,3842,3841,1986,1156,0,0.0012276777
Cold,6480,46,45,1986,1156,1,0.0013025415
Cold,6071,44,43,1986,1156,0,-0.004827286
Cold,265309,1611,1610,1986,1156,0,-0.0059294216
Cold,299249,1776,1775,1986,1156,1,-0.001425247
Cold,964241,5812,5811,1986,1156,0,0.017057888
Cold,689999,4126,4125,1986,1156,0,0.0057595544
Cold,474420,2910,2909,1986,1156,0,0.00038726628
Cold,63411,424,423,1986,1156,0,0.010430734
Cold,280540,1683,1682,1987,1157,0,0.011945024
Cold,224565,1357,1356,1987,1157,0,-0.0105093615
Cold,214175,1300,1299,1987,1157,1,0.0022022228
Cold,226445,1370,1369,1987,1157,0,-0.013627404
Cold,328766,1941,1940,1987,1157,0,-0.00666362
Cold,175105,1109,1108,1987,1157,1,-0.0022985884
Cold,184156,1146,1145,1987,1157,0,0.0065853526
Cold,159460,1017,1016,1987,1157,0,-0.001954007
Cold,134625,869,868,1987,1157,0,-0.0003981829
Cold,133247,859,858,1987,1157,1,-0.0076023797
Cold,115570,749,748,1987,1157,0,-0.011058572
Cold,99488,663,662,1987,1157,0,0.003246474
Cold,80413,533,532,1987,1157,0,-0.0033481652
Cold,57663,390,389,1987,1157,0,-0.008193429
Cold,45245,305,304,1987,1157,0,-0.002940982
Cold,41253,278,277,1987,1157,0,-0.0010983888
Cold,42867,293,292,1987,1157,0,0.0037327334
Cold,30275,203,202,1987,1157,0,-0.0016506831
Cold,14625,117,116,1987,1157,0,-0.008178705
Cold,290564,1733,1732,1987,1157,0,-0.009239226
Cold,15752,123,122,1987,1157,0,0.0049478738
Cold,238304,1447,1446,1987,1157,0,-0.0011940149
Cold,757374,4508,4507,1987,1157,0,-0.0087996535
Cold,720236,4312,4311,1987,1157,0,-0.011344158
Cold,164881,1051,1050,1987,1157,0,-0.0076977806
Cold,331959,1958,1957,1987,1157,0,-0.005315792
Cold,474131,2909,2908,1987,1157,0,-0.006748526
Cold,44731,302,301,1987,1157,0,-0.0084684435
Cold,474422,2910,2909,1987,1157,0,-0.0032758191
Cold,63414,424,423,1987,1157,0,-0.0148352
Cold,497756,3055,3054,1987,1157,0,-0.0019459984
Cold,477311,2929,2928,1992,1159,0,-0.003770838
Cold,485346,2986,2985,1992,1159,0,-0.0033800239
Cold,474152,2909,2908,1992,1159,1,-0.010903574
Cold,469074,2888,2887,1992,1159,0,-0.008157765
Cold,463640,2857,2856,1992,1159,0,-0.00958394
Cold,458315,2820,2819,1992,1159,0,-0.0047495225
Cold,426645,2590,2589,1992,1159,0,-0.0005896494
Cold,409837,2457,2456,1992,1159,0,-0.008956711
Cold,397253,2352,2351,1992,1159,0,0.003124319
Cold,406833,2444,2443,1992,1159,0,-0.00659276
Cold,371230,2169,2168,1992,1159,1,0.0004899803
Cold,374458,2181,2180,1992,1159,0,-0.0138687175
Cold,368661,2155,2154,1992,1159,1,-0.003466229
Cold,366306,2131,2130,1992,1159,0,-0.0066558593
Cold,361945,2109,2108,1992,1159,0,-0.003647886
Cold,323535,1919,1918,1992,1159,1,0.00075505837
Cold,297769,1764,1763,1992,1159,1,-0.007500585
Cold,288354,1722,1721,1992,1159,1,-0.004095479
Cold,277200,1675,1674,1992,1159,0,0.000722182
Cold,278042,1676,1675,1992,1159,0,-0.0064005144
Cold,271575,1641,1640,1992,1159,0,-0.0044263103
Cold,267684,1626,1625,1992,1159,0,-0.0033963807
Cold,332893,1962,1961,1992,1159,0,-0.0035168743
Cold,236513,1434,1433,1992,1159,1,-0.0051724645
Cold,221938,1342,1341,1992,1159,0,0.004238964
Cold,214178,1300,1299,1992,1159,1,-0.0021822941
Cold,213714,1298,1297,1992,1159,0,-0.0038637053
Cold,209214,1277,1276,1992,1159,0,-0.006391189
Cold,273308,1647,1646,1992,1159,0,-0.004007362
Cold,244229,1470,1469,1992,1159,0,-0.004472333
Cold,194080,1195,1194,1992,1159,0,-0.001785038
Cold,328788,1941,1940,1992,1159,0,0.0023511336
Cold,189152,1172,1171,1992,1159,0,-0.002963221
Cold,183374,1141,1140,1992,1159,0,-0.005698083
Cold,172994,1096,1095,1992,1159,0,-0.0067125736
Cold,175809,1112,1111,1992,1159,0,-0.0062994086
Cold,165675,1056,1055,1992,1159,0,-0.0016340418
Cold,164088,1050,1049,1992,1159,0,0.0020729466
Cold,159471,1017,1016,1992,1159,0,-0.0071917665
Cold,150239,967,966,1992,1159,0,-0.007541728
Cold,157288,1010,1009,1992,1159,0,-0.00553975
Cold,135885,877,876,1992,1159,0,0.0010247345
Cold,133892,868,867,1992,1159,1,-0.0010155106
Cold,134639,869,868,1992,1159,0,-0.009328057
Cold,133251,859,858,1992,1159,0,-0.006911861
Cold,138885,889,888,1992,1159,0,-0.008600529
Cold,126760,817,816,1992,1159,0,-0.00511613
Cold,125664,808,807,1992,1159,0,0.0006357542
Cold,114169,742,741,1992,1159,0,-0.0126300845
Cold,107547,709,708,1992,1159,0,-0.0036021078
Cold,179863,1125,1124,1992,1159,0,-0.007240604
Cold,92862,621,620,1992,1159,0,-0.00021960447
Cold,86386,565,564,1992,1159,0,0.0035839602
Cold,385781,2255,2254,1992,1159,0,-0.00557837
Cold,240578,1449,1448,1992,1159,0,-0.011253171
Cold,239377,1448,1447,1992,1159,0,-0.008522559
Cold,41529,282,281,1992,1159,0,0.0026772956
Cold,41262,278,277,1992,1159,0,-0.0041612433
Cold,99923,667,666,1992,1159,0,-0.0049854005
Cold,22691,163,162,1992,1159,0,-0.0025796639
Cold,14638,117,116,1992,1159,0,-0.00819171
Cold,238322,1447,1446,1992,1159,0,-0.012853074
Cold,365917,2129,2128,1992,1159,0,-0.0104190195
Cold,680808,4079,4078,1992,1159,0,-0.0078105754
Cold,46100,308,307,1992,1159,0,-0.011369526
Cold,907730,5492,5491,1992,1159,0,0.0013388683
Cold,137273,884,883,1992,1159,0,-0.0073578754
Cold,352401,2063,2062,1992,1159,0,-0.00660975
Cold,290579,1733,1732,1992,1159,0,-0.006800834
Cold,63436,424,423,1992,1159,0,-0.0021319657
Cold,329611,1943,1942,1992,1159,1,-0.0024425583
Cold,474424,2910,2909,1992,1159,0,0.00528415
Cold,295787,1755,1754,1992,1159,0,-0.005225043
Cold,221851,1341,1340,1993,1160,0,-0.00087912683
Cold,221939,1342,1341,1993,1160,0,0.003905525
Cold,214179,1300,1299,1993,1160,0,-0.002172874
Cold,213716,1298,1297,1993,1160,0,-0.009080432
Cold,273309,1647,1646,1993,1160,0,-0.01259685
Cold,244231,1470,1469,1993,1160,0,-0.007564632
Cold,194081,1195,1194,1993,1160,0,-0.0055953516
Cold,328790,1941,1940,1993,1160,0,-0.0048186416
Cold,189153,1172,1171,1993,1160,0,-0.008026285
Cold,183375,1141,1140,1993,1160,0,-0.0059257606
Cold,256205,1562,1561,1993,1160,0,-0.0053697145
Cold,175812,1112,1111,1993,1160,0,-0.009022456
Cold,165676,1056,1055,1993,1160,0,-0.00041142234
Cold,159472,1017,1016,1993,1160,0,-0.0041622613
Cold,150240,967,966,1993,1160,0,-0.004981825
Cold,134640,869,868,1993,1160,0,-0.0070934286
Cold,138887,889,888,1993,1160,0,-0.0046178587
Cold,263731,1605,1604,1993,1160,0,0.0010531568
Cold,126761,817,816,1993,1160,0,-0.004456323
Cold,125665,808,807,1993,1160,0,-0.013426281
Cold,107548,709,708,1993,1160,0,0.0022448266
Cold,179864,1125,1124,1993,1160,0,0.0039212275
Cold,92863,621,620,1993,1160,0,-0.0036520616
Cold,240581,1449,1448,1993,1160,0,-0.010643443
Cold,51220,337,336,1993,1160,0,-0.013140307
Cold,45253,305,304,1993,1160,0,0.002059513
Cold,41264,278,277,1993,1160,0,0.005001509
Cold,291735,1737,1736,1993,1160,0,-0.0067372797
Cold,99924,667,666,1993,1160,0,-0.0032897126
Cold,22692,163,162,1993,1160,0,-0.010146825
Cold,14640,117,116,1993,1160,0,-0.013264701
Cold,238324,1447,1446,1993,1160,0,-0.015754635
Cold,907731,5492,5491,1993,1160,0,-0.0059022293
Cold,137274,884,883,1993,1160,0,-0.012300237
Cold,290581,1733,1732,1993,1160,0,-0.0014888116
Cold,172126,1088,1087,1993,1160,0,-0.0058256937
Cold,474425,2910,2909,1993,1160,0,-0.009559284
Cold,651668,3929,3928,1995,1162,0,-0.002082012
Cold,649409,3913,3912,1995,1162,0,-0.00628623
Cold,644907,3884,3883,1995,1162,0,-0.008073844
Cold,640176,3847,3846,1995,1162,0,-0.0061955275
Cold,639644,3844,3843,1995,1162,1,-0.0059210924
Cold,639380,3842,3841,1995,1162,0,-0.003382042
Cold,759901,4514,4513,1995,1162,1,-0.008834833
Cold,664309,3999,3998,1995,1162,0,-0.017040405
Cold,628441,3806,3805,1995,1162,1,-0.002283588
Cold,628878,3807,3806,1995,1162,0,-0.009712701
Cold,629958,3808,3807,1995,1162,0,-0.0161051
Cold,628006,3801,3800,1995,1162,1,0.0020790773
Cold,638653,3841,3840,1995,1162,0,-0.008142398
Cold,623591,3771,3770,1995,1162,0,-0.017569458
Cold,625192,3778,3777,1995,1162,0,-0.011512329
Cold,613737,3717,3716,1995,1162,0,-0.0014853306
Cold,612166,3711,3710,1995,1162,0,-0.004461961
Cold,612002,3709,3708,1995,1162,0,-0.0037509971
Cold,621390,3762,3761,1995,1162,0,-0.00044271105
Cold,725602,4344,4343,1995,1162,0,-0.012845475
Cold,731261,4375,4374,1995,1162,1,-0.0025096983
Cold,584883,3569,3568,1995,1162,0,-0.009138949
Cold,583716,3562,3561,1995,1162,1,-0.010522014
Cold,577815,3528,3527,1995,1162,0,0.004466454
Cold,569534,3491,3490,1995,1162,0,-0.0143988775
Cold,547457,3377,3376,1995,1162,0,-0.011600861
Cold,577576,3526,3525,1995,1162,0,-0.0014410372
Cold,550644,3391,3390,1995,1162,0,-0.009628309
Cold,537540,3311,3310,1995,1162,0,-0.013798682
Cold,520189,3208,3207,1995,1162,0,-0.0079338625
Cold,517137,3191,3190,1995,1162,0,-0.001323401
Cold,515748,3182,3181,1995,1162,0,-0.002885201
Cold,566523,3476,3475,1995,1162,0,-0.012746625
Cold,507595,3124,3123,1995,1162,0,-0.0064316792
Cold,516681,3189,3188,1995,1162,1,-0.0010152101
Cold,718715,4305,4304,1995,1162,0,-0.0057276236
Cold,494568,3032,3031,1995,1162,1,-0.000925091
Cold,540127,3320,3319,1995,1162,0,-0.009897228
Cold,484009,2976,2975,1995,1162,0,0.0019159564
Cold,480324,2946,2945,1995,1162,0,-0.0125087015
Cold,478864,2938,2937,1995,1162,1,-0.0021994715
Cold,696793,4169,4168,1995,1162,0,-0.018209234
Cold,474159,2909,2908,1995,1162,1,-0.008432896
Cold,879993,5317,5316,1995,1162,0,-0.009603769
Cold,754786,4497,4496,1995,1162,0,-0.00927092
Cold,462752,2854,2853,1995,1162,0,-0.0025227643
Cold,437158,2668,2667,1995,1162,0,-0.017655687
Cold,426648,2590,2589,1995,1162,0,-0.00041659875
Cold,415114,2498,2497,1995,1162,0,-0.0071467916
Cold,409841,2457,2456,1995,1162,0,-0.01541196
Cold,397255,2352,2351,1995,1162,0,0.00088345725
Cold,406836,2444,2443,1995,1162,0,0.0040064924
Cold,374464,2181,2180,1995,1162,0,0.0014186502
Cold,361268,2107,2106,1995,1162,0,-0.010276605
Cold,436738,2665,2664,1995,1162,0,-0.0024772785
Cold,291006,1736,1735,1995,1162,0,-0.0005925169
Cold,291740,1737,1736,1995,1162,0,-0.0088629415
Cold,280034,1680,1679,1995,1162,0,-0.010525909
Cold,277203,1675,1674,1995,1162,0,-0.008364979
Cold,280545,1683,1682,1995,1162,0,-0.009519838
Cold,281014,1685,1684,1995,1162,0,0.008910093
Cold,267687,1626,1625,1995,1162,0,-0.0012575783
Cold,247949,1496,1495,1995,1162,0,-0.010393078
Cold,321436,1904,1903,1995,1162,0,-0.0034719424
Cold,243042,1465,1464,1995,1162,0,-0.010052571
Cold,224569,1357,1356,1995,1162,0,-0.00620851
Cold,278049,1676,1675,1995,1162,0,-0.01462637
Cold,209216,1277,1276,1995,1162,0,-0.005673693
Cold,368137,2150,2149,1995,1162,1,-0.0069838557
Cold,215126,1303,1302,1995,1162,0,-0.010891632
Cold,210358,1284,1283,1995,1162,0,-0.00600739
Cold,328796,1941,1940,1995,1162,0,0.0030849823
Cold,307764,1835,1834,1995,1162,0,-0.0042262985
Cold,180489,1128,1127,1995,1162,0,-0.008488343
Cold,196786,1207,1206,1995,1162,0,-0.006385468
Cold,184166,1146,1145,1995,1162,0,-0.003272958
Cold,175815,1112,1111,1995,1162,0,-0.005470654
Cold,221674,1340,1339,1995,1162,0,-0.016821198
Cold,162073,1033,1032,1995,1162,0,-0.0035805432
Cold,159475,1017,1016,1995,1162,0,-0.005754718
Cold,270256,1635,1634,1995,1162,0,-0.007418032
Cold,217375,1317,1316,1995,1162,0,-0.014120798
Cold,135890,877,876,1995,1162,0,-0.015746482
Cold,134646,869,868,1995,1162,1,-0.014987813
Cold,263736,1605,1604,1995,1162,0,-0.017522633
Cold,125667,808,807,1995,1162,0,-0.0017016908
Cold,211423,1285,1284,1995,1162,0,-0.008592615
Cold,113486,735,734,1995,1162,0,-0.009541094
Cold,93687,628,627,1995,1162,0,-0.003020483
Cold,90819,601,600,1995,1162,0,-0.0039595724
Cold,83583,549,548,1995,1162,0,-0.0045912564
Cold,234396,1422,1421,1995,1162,0,-0.0019289097
Cold,81957,543,542,1995,1162,1,-0.0021252325
Cold,68912,461,460,1995,1162,0,0.003945512
Cold,72384,482,481,1995,1162,0,-0.0054441215
Cold,57677,390,389,1995,1162,0,-0.0013236466
Cold,111085,721,720,1995,1162,0,-0.0015113573
Cold,49646,329,328,1995,1162,0,-0.009079682
Cold,41939,284,283,1995,1162,0,-0.009535002
Cold,41265,278,277,1995,1162,0,-0.009188938
Cold,538217,3312,3311,1995,1162,1,-0.015078251
Cold,240586,1449,1448,1995,1162,0,-0.012561613
Cold,239383,1448,1447,1995,1162,0,-0.0036154613
Cold,14224,116,115,1995,1162,1,-0.0034092811
Cold,14644,117,116,1995,1162,0,-0.012372727
Cold,482063,2962,2961,1995,1162,0,-0.010423504
Cold,523010,3224,3223,1995,1162,0,-0.011009544
Cold,627125,3792,3791,1995,1162,0,-0.0127939135
Cold,238329,1447,1446,1995,1162,0,-0.0026991908
Cold,365919,2129,2128,1995,1162,0,0.0023275819
Cold,334078,1969,1968,1995,1162,0,-0.015187277
Cold,299264,1776,1775,1995,1162,0,-0.0014268782
Cold,164906,1051,1050,1995,1162,0,-0.011751378
Cold,265323,1611,1610,1995,1162,0,-0.003799865
Cold,102686,678,677,1995,1162,0,-0.017425496
Cold,760252,4517,4516,1995,1162,0,-0.016974483
Cold,158725,1015,1014,1995,1162,0,-0.0059828567
Cold,137276,884,883,1995,1162,0,-0.0011646613
Cold,331976,1958,1957,1995,1162,0,-0.008770224
Cold,760717,4520,4519,1995,1162,0,-0.008867381
Cold,63442,424,423,1995,1162,0,-0.015048891
Cold,235300,1425,1424,1995,1162,0,-0.014732597
Cold,462753,2854,2853,1996,1163,0,-0.007956643
Cold,426649,2590,2589,1996,1163,0,-0.0045331307
Cold,397256,2352,2351,1996,1163,0,-0.0036542704
Cold,406837,2444,2443,1996,1163,1,-0.010741684
Cold,374465,2181,2180,1996,1163,0,0.000576135
Cold,297774,1764,1763,1996,1163,1,-0.0018867366
Cold,291007,1736,1735,1996,1163,0,-0.010409597
Cold,291742,1737,1736,1996,1163,0,0.0025150687
Cold,280036,1680,1679,1996,1163,0,-0.0074392324
Cold,277204,1675,1674,1996,1163,0,-0.012006756
Cold,267688,1626,1625,1996,1163,0,-0.008900785
Cold,257047,1574,1573,1996,1163,1,-0.003931284
Cold,333574,1968,1967,1996,1163,0,0.0023228684
Cold,247950,1496,1495,1996,1163,0,-0.002888197
Cold,321437,1904,1903,1996,1163,0,-0.009602077
Cold,224570,1357,1356,1996,1163,0,-0.010070974
Cold,278051,1676,1675,1996,1163,0,-0.008517229
Cold,210359,1284,1283,1996,1163,0,-0.009063918
Cold,195989,1204,1203,1996,1163,0,-0.005676293
Cold,196788,1207,1206,1996,1163,0,-0.011912965
Cold,328798,1941,1940,1996,1163,0,-0.0138495825
Cold,307765,1835,1834,1996,1163,0,-0.008847863
Cold,184167,1146,1145,1996,1163,0,-0.0014872707
Cold,175817,1112,1111,1996,1163,0,-0.0014731608
Cold,221675,1340,1339,1996,1163,0,-0.0042287544
Cold,217377,1317,1316,1996,1163,0,-0.016025819
Cold,135891,877,876,1996,1163,0,-0.0040892856
Cold,134647,869,868,1996,1163,0,-0.018700577
Cold,263737,1605,1604,1996,1163,0,-0.009656057
Cold,125668,808,807,1996,1163,0,-0.013713422
Cold,90820,601,600,1996,1163,0,-0.008872556
Cold,81959,543,542,1996,1163,1,-0.00276007
Cold,57678,390,389,1996,1163,0,-0.0058149756
Cold,111086,721,720,1996,1163,0,-0.0065811025
Cold,49648,329,328,1996,1163,0,-0.0006356054
Cold,45255,305,304,1996,1163,0,0.00078129815
Cold,538218,3312,3311,1996,1163,1,-0.009704307
Cold,239385,1448,1447,1996,1163,0,-0.015103084
Cold,14645,117,116,1996,1163,0,-0.011456353
Cold,207189,1266,1265,1996,1163,0,-0.011973576
Cold,482064,2962,2961,1996,1163,0,-0.01645314
Cold,627126,3792,3791,1996,1163,0,-0.007412811
Cold,238330,1447,1446,1996,1163,0,-0.010479883
Cold,365920,2129,2128,1996,1163,0,-0.0034803872
Cold,334079,1969,1968,1996,1163,0,-0.005351197
Cold,164908,1051,1050,1996,1163,0,-0.0024598367
Cold,265324,1611,1610,1996,1163,0,-0.007530863
Cold,102687,678,677,1996,1163,0,-0.018526142
Cold,137277,884,883,1996,1163,0,-0.011081945
Cold,211424,1285,1284,1996,1163,0,-0.012450781
Cold,474161,2909,2908,1996,1163,0,-0.013490824
Cold,550646,3391,3390,1996,1163,0,-0.009863373
Cold,458322,2820,2819,1998,1165,0,0.0075449664
Cold,790554,4728,4727,1998,1165,0,0.002014049
Cold,426651,2590,2589,1998,1165,0,0.0014649183
Cold,422203,2555,2554,1998,1165,0,-0.0044587613
Cold,414789,2496,2495,1998,1165,0,0.0013106542
Cold,397257,2352,2351,1998,1165,0,0.0006573624
Cold,370120,2164,2163,1998,1165,0,0.0032242604
Cold,436743,2665,2664,1998,1165,1,0.0024367599
Cold,365019,2124,2123,1998,1165,0,0.012294675
Cold,361954,2109,2108,1998,1165,0,-0.0020735664
Cold,280043,1680,1679,1998,1165,1,-0.0021296127
Cold,277207,1675,1674,1998,1165,0,0.004986402
Cold,251967,1524,1523,1998,1165,1,0.0007061064
Cold,243047,1465,1464,1998,1165,0,-0.0021766203
Cold,224572,1357,1356,1998,1165,0,-0.004566034
Cold,226450,1370,1369,1998,1165,0,-0.0016533068
Cold,220486,1335,1334,1998,1165,0,-0.0021597957
Cold,244235,1470,1469,1998,1165,0,0.011091488
Cold,294529,1749,1748,1998,1165,0,0.007197986
Cold,328802,1941,1940,1998,1165,0,0.004117882
Cold,215130,1303,1302,1998,1165,0,0.0058119153
Cold,177717,1119,1118,1998,1165,0,0.004467724
Cold,308960,1837,1836,1998,1165,0,-0.006551877
Cold,159478,1017,1016,1998,1165,0,0.0035605347
Cold,158730,1015,1014,1998,1165,0,0.0037654028
Cold,221680,1340,1339,1998,1165,0,-0.007753326
Cold,366312,2131,2130,1998,1165,0,0.009301927
Cold,131376,850,849,1998,1165,0,0.006179395
Cold,107236,705,704,1998,1165,0,0.0001307113
Cold,140800,904,903,1998,1165,0,-0.0034296769
Cold,394330,2323,2322,1998,1165,0,-0.0112155555
Cold,191525,1181,1180,1998,1165,0,0.007298799
Cold,211428,1285,1284,1998,1165,0,-0.0033459766
Cold,48029,321,320,1998,1165,0,0.0012118989
Cold,43262,296,295,1998,1165,0,0.0053288396
Cold,41267,278,277,1998,1165,0,-0.0048014047
Cold,240592,1449,1448,1998,1165,0,0.009823363
Cold,99927,667,666,1998,1165,0,0.0034920995
Cold,21786,158,157,1998,1165,0,0.0027115308
Cold,947639,5722,5721,1998,1165,0,0.0020543472
Cold,239391,1448,1447,1998,1165,0,0.0068590725
Cold,174369,1101,1100,1998,1165,0,0.0026246028
Cold,365923,2129,2128,1998,1165,0,0.015298963
Cold,300602,1780,1779,1998,1165,0,0.0038221194
Cold,28405,195,194,1998,1165,0,0.0036548092
Cold,745104,4448,4447,1998,1165,0,0.0020738356
Cold,273318,1647,1646,1998,1165,0,0.004986708
Cold,265328,1611,1610,1998,1165,0,-0.0008299103
Cold,257979,1579,1578,1998,1165,0,0.002145694
Cold,891720,5387,5386,1998,1165,0,-0.005860037
Cold,63449,424,423,1998,1165,0,0.009999048
Cold,145947,937,936,1998,1165,0,-0.0060603484
Cold,718718,4305,4304,1998,1165,0,0.0052866763
Cold,537550,3311,3310,1999,1166,0,-0.0038007274
Cold,518934,3201,3200,1999,1166,0,0.0025904549
Cold,566527,3476,3475,1999,1166,0,-0.003067377
Cold,509957,3140,3139,1999,1166,0,-0.0004878873
Cold,507366,3121,3120,1999,1166,0,0.0038634257
Cold,516686,3189,3188,1999,1166,0,-0.001258126
Cold,494578,3032,3031,1999,1166,0,-0.0012372625
Cold,477316,2929,2928,1999,1166,0,-0.012700388
Cold,472936,2907,2906,1999,1166,0,-0.00090174435
Cold,485358,2986,2985,1999,1166,0,-0.008325701
Cold,458323,2820,2819,1999,1166,0,-0.0041034156
Cold,790555,4728,4727,1999,1166,0,0.0025071912
Cold,441307,2702,2701,1999,1166,0,-0.0059220754
Cold,437161,2668,2667,1999,1166,0,-0.0008898841
Cold,426653,2590,2589,1999,1166,0,-0.0055924
Cold,414790,2496,2495,1999,1166,0,-0.0020196908
Cold,397259,2352,2351,1999,1166,0,-0.0019746134
Cold,368665,2155,2154,1999,1166,1,0.0064881863
Cold,367683,2146,2145,1999,1166,0,-0.004433724
Cold,366314,2131,2130,1999,1166,1,0.0037168297
Cold,436745,2665,2664,1999,1166,1,-0.0016630944
Cold,358662,2098,2097,1999,1166,1,0.0026037032
Cold,365021,2124,2123,1999,1166,1,0.0005459791
Cold,361956,2109,2108,1999,1166,0,0.0010835017
Cold,326351,1931,1930,1999,1166,0,-0.0048764767
Cold,303659,1803,1802,1999,1166,0,0.0010563692
Cold,288358,1722,1721,1999,1166,0,-0.0009584032
Cold,302328,1794,1793,1999,1166,0,-0.0064145974
Cold,280046,1680,1679,1999,1166,0,0.0015855855
Cold,277210,1675,1674,1999,1166,1,-0.017687995
Cold,271153,1639,1638,1999,1166,0,-0.006973764
Cold,251968,1524,1523,1999,1166,0,-0.00089789205
Cold,247953,1496,1495,1999,1166,1,0.0115143
Cold,242286,1462,1461,1999,1166,0,-0.0047977883
Cold,332904,1962,1961,1999,1166,0,-0.0006694279
Cold,224574,1357,1356,1999,1166,0,-0.0004159552
Cold,221942,1342,1341,1999,1166,0,-0.0015354953
Cold,273319,1647,1646,1999,1166,0,-0.0038029198
Cold,308961,1837,1836,1999,1166,1,0.005652343
Cold,194538,1200,1199,1999,1166,0,-0.003580396
Cold,328805,1941,1940,1999,1166,0,-0.0065862397
Cold,215131,1303,1302,1999,1166,1,-0.0031574566
Cold,176435,1115,1114,1999,1166,0,-0.008853482
Cold,256206,1562,1561,1999,1166,1,0.001944344
Cold,159481,1017,1016,1999,1166,1,-0.012896128
Cold,221682,1340,1339,1999,1166,0,0.0063574957
Cold,133254,859,858,1999,1166,0,0.0031071259
Cold,131377,850,849,1999,1166,0,0.0014691609
Cold,138898,889,888,1999,1166,0,0.0038466044
Cold,125671,808,807,1999,1166,0,-0.007670059
Cold,68915,461,460,1999,1166,0,0.008096847
Cold,70297,474,473,1999,1166,0,-0.0055755414
Cold,57680,390,389,1999,1166,1,-0.0048969714
Cold,48031,321,320,1999,1166,0,-0.00382564
Cold,43263,296,295,1999,1166,0,-0.003996331
Cold,291746,1737,1736,1999,1166,0,-0.0012150591
Cold,99928,667,666,1999,1166,0,-0.0053270273
Cold,14647,117,116,1999,1166,1,0.00072040316
Cold,696799,4169,4168,1999,1166,0,0.0006690122
Cold,290588,1733,1732,1999,1166,0,0.0033989567
Cold,265329,1611,1610,1999,1166,0,-0.005287217
Cold,102692,678,677,1999,1166,0,-0.005802007
Cold,891722,5387,5386,1999,1166,0,-0.0025708461
Cold,474167,2909,2908,1999,1166,0,-0.008355258
Cold,28408,195,194,1999,1166,0,-0.00464778
Cold,63450,424,423,1999,1166,1,-0.00018158229
Cold,241513,1451,1450,1999,1166,0,-0.0031244387
Cold,202199,1243,1242,2007,1174,0,-0.0069420706
Cold,499781,3067,3066,2007,1174,0,0.0059378576
Cold,697855,4169,4168,2007,1174,0,-0.0040984503
Cold,116658,752,751,2007,1174,0,-0.0019497881
Cold,860403,5172,5171,2007,1174,0,-0.0021507
Cold,660227,3979,3978,2014,1180,1,-0.005297203
Cold,655575,3948,3947,2014,1180,1,-0.0018232518
Cold,652880,3934,3933,2014,1180,0,-0.0024746587
Cold,630011,3808,3807,2014,1180,0,-0.00843725
Cold,625237,3778,3777,2014,1180,0,0.0156188365
Cold,670505,4028,4027,2014,1180,0,0.016689686
Cold,615022,3724,3723,2014,1180,1,0.014210233
Cold,992768,5996,5995,2014,1180,1,-0.0043675355
Cold,604606,3675,3674,2014,1180,0,0.0115210265
Cold,726842,4345,4344,2014,1180,0,0.004506368
Cold,576329,3521,3520,2014,1180,1,0.0073694326
Cold,562835,3462,3461,2014,1180,0,0.008613839
Cold,559009,3433,3432,2014,1180,0,-0.0037078634
Cold,554278,3410,3409,2014,1180,1,0.007254383
Cold,545865,3365,3364,2014,1180,0,0.008251764
Cold,550697,3391,3390,2014,1180,0,-0.002844553
Cold,539083,3314,3313,2014,1180,1,0.004526235
Cold,536620,3309,3308,2014,1180,0,0.006314542
Cold,536331,3308,3307,2014,1180,0,0.0074163927
Cold,710030,4258,4257,2014,1180,0,0.011759626
Cold,523055,3224,3223,2014,1180,1,0.00019667367
Cold,517730,3195,3194,2014,1180,0,-0.0015368194
Cold,513232,3163,3162,2014,1180,0,0.017129045
Cold,540157,3320,3319,2014,1180,0,0.011393731
Cold,506085,3112,3111,2014,1180,0,0.005220246
Cold,575641,3519,3518,2014,1180,0,0.017910475
Cold,495781,3044,3043,2014,1180,0,0.00472563
Cold,659319,3971,3970,2014,1180,0,0.013306606
Cold,738575,4411,4410,2014,1180,1,0.007068639
Cold,489814,3013,3012,2014,1180,0,0.0024757185
Cold,487635,2999,2998,2014,1180,0,0.0017171968
Cold,600371,3650,3649,2014,1180,0,0.013930257
Cold,482941,2967,2966,2014,1180,0,0.004750383
Cold,697881,4169,4168,2014,1180,0,0.012527762
Cold,472969,2907,2906,2014,1180,1,0.016808549
Cold,468051,2885,2884,2014,1180,1,0.0070924545
Cold,419064,2529,2528,2014,1180,1,0.0001114239
Cold,464403,2860,2859,2014,1180,1,0.009334966
Cold,400730,2386,2385,2014,1180,0,0.0001289174
Cold,400584,2383,2382,2014,1180,1,0.01266109
Cold,374502,2181,2180,2014,1180,0,0.013085155
Cold,361989,2109,2108,2014,1180,0,0.0061316835
Cold,334107,1969,1968,2014,1180,0,-0.006423317
Cold,271666,1642,1641,2014,1180,0,0.0017112892
Cold,255836,1559,1558,2014,1180,0,-0.003964522
Cold,346445,2030,2029,2014,1180,1,0.006180315
Cold,250594,1510,1509,2014,1180,0,-0.0014993595
Cold,361188,2106,2105,2014,1180,0,0.0007041893
Cold,266154,1613,1612,2014,1180,0,0.013030512
Cold,338421,1988,1987,2014,1180,0,0.00084800145
Cold,222994,1351,1350,2014,1180,1,0.0075817658
Cold,212195,1291,1290,2014,1180,1,0.01091638
Cold,278087,1676,1675,2014,1180,1,0.008625036
Cold,205033,1261,1260,2014,1180,0,0.0192273
Cold,280103,1680,1679,2014,1180,1,0.0063891504
Cold,198930,1221,1220,2014,1180,1,0.0004941174
Cold,305199,1812,1811,2014,1180,1,0.01014558
Cold,328850,1941,1940,2014,1180,0,0.0067717666
Cold,188467,1169,1168,2014,1180,0,0.002423875
Cold,185888,1150,1149,2014,1180,0,0.012426859
Cold,183391,1141,1140,2014,1180,1,-0.0029110513
Cold,168127,1068,1067,2014,1180,0,0.0019910443
Cold,166687,1059,1058,2014,1180,0,0.020594042
Cold,337281,1983,1982,2014,1180,1,0.00391169
Cold,324625,1922,1921,2014,1180,0,0.006430974
Cold,249072,1501,1500,2014,1180,0,0.0042525763
Cold,127434,822,821,2014,1180,1,0.011554062
Cold,263769,1605,1604,2014,1180,1,-0.0018786414
Cold,124354,800,799,2014,1180,1,0.003426373
Cold,118158,764,763,2014,1180,1,0.008611308
Cold,178453,1120,1119,2014,1180,0,0.010406895
Cold,101042,673,672,2014,1180,0,-0.0018661537
Cold,98014,655,654,2014,1180,0,-0.008406996
Cold,93897,629,628,2014,1180,0,-0.0015935173
Cold,91523,606,605,2014,1180,1,-0.0023650557
Cold,86888,566,565,2014,1180,0,-0.0007453556
Cold,85366,556,555,2014,1180,1,0.0017966952
Cold,234430,1422,1421,2014,1180,0,0.0066693
Cold,83621,549,548,2014,1180,0,0.0022257587
Cold,119602,770,769,2014,1180,0,0.0043586893
Cold,76819,520,519,2014,1180,1,0.004741239
Cold,73859,500,499,2014,1180,0,0.0045271395
Cold,60387,410,409,2014,1180,0,0.0094244415
Cold,228624,1383,1382,2014,1180,0,0.0117063895
Cold,52649,346,345,2014,1180,1,0.0075075584
Cold,48917,327,326,2014,1180,0,-0.0003094268
Cold,132757,855,854,2014,1180,0,-0.0026438744
Cold,43713,300,299,2014,1180,1,0.0030147808
Cold,44812,302,301,2014,1180,0,0.007560037
Cold,39074,264,263,2014,1180,0,0.011791468
Cold,32341,216,215,2014,1180,0,0.012352851
Cold,240633,1449,1448,2014,1180,0,0.006135676
Cold,270295,1635,1634,2014,1180,0,0.010296878
Cold,947811,5722,5721,2014,1180,1,0.0003916776
Cold,23265,166,165,2014,1180,1,0.005214585
Cold,239428,1448,1447,2014,1180,1,-0.0025121204
Cold,2181,18,17,2014,1180,0,0.001470794
Cold,3681,26,25,2014,1180,0,0.0041322983
Cold,686679,4107,4106,2014,1180,0,0.010079665
Cold,482090,2962,2961,2014,1180,0,-0.006133804
Cold,65630,438,437,2014,1180,1,-0.0022876193
Cold,273357,1647,1646,2014,1180,0,0.010140689
Cold,130056,840,839,2014,1180,1,0.0036872989
Cold,241546,1451,1450,2014,1180,1,0.0048453384
Cold,164942,1051,1050,2014,1180,0,0.00941205
Cold,102719,678,677,2014,1180,0,-5.4757344e-05
Cold,171047,1087,1086,2014,1180,1,0.008001744
Cold,760455,4517,4516,2014,1180,0,-0.007793803
Cold,633715,3824,3823,2014,1180,0,-0.009618724
Cold,905580,5475,5474,2014,1180,1,0.006778341
Cold,769173,4579,4578,2014,1180,0,0.0047625294
Cold,134682,869,868,2014,1180,1,0.0004302261
Cold,501540,3080,3079,2014,1180,1,0.00803302
Cold,700104,4186,4185,2014,1180,0,0.0068176207
Cold,217416,1317,1316,2014,1180,0,-0.0048480094
Cold,936766,5650,5649,2014,1180,0,0.0001306748
Cold,222807,1348,1347,2014,1180,0,0.008362869
Cold,748360,4467,4466,2014,1180,1,0.0042968746
Cold,825855,4958,4957,2014,1180,0,0.004281841
Cold,616741,3732,3731,2014,1180,0,0.012205543
Cold,396436,2344,2343,2016,1182,1,-0.0044179345
Cold,393619,2316,2315,2016,1182,0,-0.011156587
Cold,374507,2181,2180,2016,1182,0,-0.008842114
Cold,361995,2109,2108,2016,1182,0,-0.016587302
Cold,293455,1747,1746,2016,1182,0,-0.009831813
Cold,324098,1920,1919,2016,1182,0,-0.005941984
Cold,259727,1587,1586,2016,1182,0,-0.007151246
Cold,436779,2665,2664,2016,1182,0,0.0004999761
Cold,247231,1494,1493,2016,1182,1,0.0004686372
Cold,229463,1389,1388,2016,1182,0,-0.0036715276
Cold,280110,1680,1679,2016,1182,0,-0.010760696
Cold,197688,1214,1213,2016,1182,0,-0.0042591197
Cold,328856,1941,1940,2016,1182,0,-0.015788477
Cold,173892,1100,1099,2016,1182,0,-0.0013731072
Cold,198713,1220,1219,2016,1182,0,-0.003877066
Cold,255680,1556,1555,2016,1182,0,-0.0054030255
Cold,275784,1667,1666,2016,1182,0,-0.014853161
Cold,217419,1317,1316,2016,1182,0,-0.017885286
Cold,249075,1501,1500,2016,1182,1,0.004528252
Cold,119606,770,769,2016,1182,0,-0.012858903
Cold,345563,2026,2025,2016,1182,0,-0.015324293
Cold,714255,4277,4276,2016,1182,0,-0.007449205
Cold,109503,714,713,2016,1182,1,-0.002426139
Cold,95626,639,638,2016,1182,1,-0.010303419
Cold,191593,1181,1180,2016,1182,0,-0.023529295
Cold,82113,544,543,2016,1182,0,-0.01013715
Cold,234434,1422,1421,2016,1182,0,-0.015520119
Cold,73204,494,493,2016,1182,1,-0.0040049613
Cold,72420,482,481,2016,1182,0,-0.014827254
Cold,52651,346,345,2016,1182,1,-0.011437722
Cold,32345,216,215,2016,1182,0,-0.011547601
Cold,239431,1448,1447,2016,1182,0,-0.0076691173
Cold,7061,48,47,2016,1182,0,-0.009143808
Cold,380981,2225,2224,2016,1182,0,-0.012822105
Cold,326243,1930,1929,2016,1182,0,-0.019430168
Cold,30685,204,203,2016,1182,0,-0.0111138895
Cold,334111,1969,1968,2016,1182,0,-0.019337066
Cold,273359,1647,1646,2016,1182,0,-0.008236669
Cold,102724,678,677,2016,1182,0,-0.013968249
Cold,454773,2796,2795,2016,1182,0,-0.019605719
Cold,134685,869,868,2016,1182,1,-0.008485886
Cold,419068,2529,2528,2016,1182,0,-0.008661245
Cold,719067,4305,4304,2016,1182,0,-0.01635097
Cold,137020,881,880,2016,1182,0,-0.011429234
Cold,63506,424,423,2016,1182,1,-0.01698364
Cold,336473,1980,1979,2016,1182,0,-0.004808012
Cold,559504,3436,3435,2016,1182,0,-0.0059302747
Cold,145970,937,936,2016,1182,1,-0.014479808
Cold,62165,419,418,2016,1182,0,0.0031548417
Cold,503913,3096,3095,2017,1183,1,-0.0044433223
Cold,797878,4784,4783,2017,1183,1,-0.00037372112
Cold,493072,3029,3028,2017,1183,1,-0.0026933923
Cold,491861,3025,3024,2017,1183,0,-0.0007459051
Cold,487639,2999,2998,2017,1183,0,0.0036740396
Cold,769175,4579,4578,2017,1183,0,0.009576382
Cold,530100,3272,3271,2017,1183,1,-0.004985394
Cold,478356,2934,2933,2017,1183,0,0.00053213444
Cold,697886,4169,4168,2017,1183,0,-0.003298331
Cold,467149,2878,2877,2017,1183,0,-0.010272557
Cold,442506,2724,2723,2017,1183,0,0.0059208805
Cold,440853,2699,2698,2017,1183,1,0.0105038835
Cold,430626,2624,2623,2017,1183,1,-0.0037216358
Cold,427899,2599,2598,2017,1183,0,-0.0059962347
Cold,422395,2558,2557,2017,1183,1,-0.00013858592
Cold,421920,2551,2550,2017,1183,0,0.005821158
Cold,419070,2529,2528,2017,1183,0,-0.01086758
Cold,427140,2592,2591,2017,1183,0,0.0037553601
Cold,414175,2492,2491,2017,1183,0,-0.0018237417
Cold,421430,2545,2544,2017,1183,0,-0.009029241
Cold,407907,2452,2451,2017,1183,0,-0.00054556294
Cold,408822,2454,2453,2017,1183,0,0.0024707615
Cold,396538,2346,2345,2017,1183,0,0.0059186863
Cold,394679,2329,2328,2017,1183,0,-0.0052141333
Cold,655975,3952,3951,2017,1183,1,0.0052300678
Cold,383523,2241,2240,2017,1183,0,-0.012665549
Cold,383842,2242,2241,2017,1183,1,-0.00068853574
Cold,373636,2180,2179,2017,1183,0,-0.0012924413
Cold,357095,2091,2090,2017,1183,0,-0.012641706
Cold,356596,2088,2087,2017,1183,0,0.002686328
Cold,343266,2016,2015,2017,1183,0,0.0042745555
Cold,339810,2003,2002,2017,1183,1,-0.0020390982
Cold,336475,1980,1979,2017,1183,1,-0.010818376
Cold,300776,1781,1780,2017,1183,0,0.0033990494
Cold,293457,1747,1746,2017,1183,0,-0.006842008
Cold,289074,1726,1725,2017,1183,0,-0.0037270305
Cold,281731,1689,1688,2017,1183,0,-0.008584816
Cold,259173,1586,1585,2017,1183,0,-0.00476066
Cold,227381,1377,1376,2017,1183,0,-0.0007776364
Cold,320414,1899,1898,2017,1183,0,0.009751304
Cold,218172,1322,1321,2017,1183,0,7.869396e-05
Cold,318222,1890,1889,2017,1183,0,-0.015031187
Cold,217421,1317,1316,2017,1183,1,-0.009010806
Cold,405169,2424,2423,2017,1183,1,0.011996586
Cold,278092,1676,1675,2017,1183,1,-0.0015786849
Cold,592259,3610,3609,2017,1183,0,-0.0032478767
Cold,328858,1941,1940,2017,1183,1,0.0019099324
Cold,185895,1150,1149,2017,1183,1,-0.0025936398
Cold,177735,1119,1118,2017,1183,0,0.0048627686
Cold,174799,1106,1105,2017,1183,1,0.006417974
Cold,346450,2030,2029,2017,1183,0,0.0025210558
Cold,191595,1181,1180,2017,1183,0,-0.0022664273
Cold,168129,1068,1067,2017,1183,0,-0.0036382044
Cold,158780,1015,1014,2017,1183,0,-0.0026932943
Cold,337284,1983,1982,2017,1183,1,-0.0037567206
Cold,347564,2038,2037,2017,1183,0,-0.00028508168
Cold,128804,836,835,2017,1183,1,0.0014491102
Cold,127437,822,821,2017,1183,0,-0.001749849
Cold,124040,798,797,2017,1183,0,0.0061812047
Cold,118779,767,766,2017,1183,0,0.0078256
Cold,126389,816,815,2017,1183,1,0.0011647472
Cold,112759,731,730,2017,1183,0,-0.0069734887
Cold,178457,1120,1119,2017,1183,0,-0.0022825915
Cold,99376,662,661,2017,1183,0,0.00254587
Cold,425847,2583,2582,2017,1183,0,-0.0027052795
Cold,211475,1285,1284,2017,1183,0,0.0008904913
Cold,86285,563,562,2017,1183,0,-0.015159536
Cold,85882,560,559,2017,1183,1,-0.0021591736
Cold,396998,2350,2349,2017,1183,0,-0.0035851607
Cold,84612,550,549,2017,1183,0,-0.010878979
Cold,76220,517,516,2017,1183,0,0.0016375552
Cold,65010,436,435,2017,1183,1,-0.003487748
Cold,63508,424,423,2017,1183,1,-0.0028878232
Cold,41974,284,283,2017,1183,0,0.0012894049
Cold,73861,500,499,2017,1183,0,0.002088877
Cold,99138,660,659,2017,1183,0,-0.003427651
Cold,249076,1501,1500,2017,1183,0,-0.00047598197
Cold,86890,566,565,2017,1183,0,0.0033812067
Cold,10836,78,77,2017,1183,1,0.003560678
Cold,7985,53,52,2017,1183,0,-0.009188907
Cold,492,6,5,2017,1183,0,-0.004288383
Cold,223854,1354,1353,2017,1183,0,0.0056836116
Cold,60960,411,410,2017,1183,0,-0.002841672
Cold,95628,639,638,2017,1183,0,-0.011911571
Cold,552726,3401,3400,2017,1183,0,-0.005250995
Cold,141251,910,909,2017,1183,0,-0.0031443741
Cold,12164,92,91,2017,1183,1,-0.003037936
Cold,164947,1051,1050,2017,1183,1,-0.006237241
Cold,928067,5605,5604,2017,1183,0,-0.009003788
Cold,830032,4983,4982,2017,1183,1,-0.0053558536
Cold,50701,333,332,2017,1183,0,-0.0068688737
Cold,454775,2796,2795,2017,1183,0,-0.0045365538
Cold,6101,44,43,2017,1183,0,0.0047859726
Cold,235342,1425,1424,2017,1183,0,0.004642331
Cold,893538,5394,5393,2017,1183,0,0.0032756638
Cold,657728,3963,3962,2017,1183,0,0.0065261126
Cold,832068,5001,5000,2017,1183,1,-0.0016598064
Cold,183393,1141,1140,2017,1183,0,-0.00042292196
Cold,714256,4277,4276,2017,1183,1,-0.012581531
Cold,753593,4489,4488,2017,1183,0,0.0022179522
Cold,174397,1101,1100,2017,1183,1,-0.012470065
Cold,489818,3013,3012,2017,1183,0,-0.012070123
Cold,519851,3207,3206,2024,1190,1,-0.0017850887
Cold,511727,3157,3156,2024,1190,0,0.0048004123
Cold,506964,3118,3117,2024,1190,1,0.0070253527
Cold,501957,3081,3080,2024,1190,0,-0.0030743144
Cold,903082,5458,5457,2024,1190,1,-0.0023122376
Cold,491720,3024,3023,2024,1190,0,-0.00042141217
Cold,485399,2986,2985,2024,1190,0,-0.0028433062
Cold,546251,3367,3366,2024,1190,1,-0.000119492994
Cold,482958,2967,2966,2024,1190,0,-0.009196088
Cold,478364,2934,2933,2024,1190,0,-0.000986896
Cold,796420,4771,4770,2024,1190,0,0.0035825
Cold,459015,2825,2824,2024,1190,1,-0.0021135635
Cold,458370,2820,2819,2024,1190,1,0.0014731316
Cold,441844,2715,2714,2024,1190,0,0.002966844
Cold,697907,4169,4168,2024,1190,1,-0.006005174
Cold,438057,2676,2675,2024,1190,1,-0.0016996637
Cold,433846,2643,2642,2024,1190,0,-0.007253564
Cold,424082,2570,2569,2024,1190,1,0.0039879056
Cold,399316,2376,2375,2024,1190,1,-0.011859946
Cold,400594,2383,2382,2024,1190,0,-0.0021234108
Cold,390484,2290,2289,2024,1190,0,-0.0026844644
Cold,385469,2251,2250,2024,1190,0,0.0010941322
Cold,379287,2215,2214,2024,1190,0,-0.006158812
Cold,379813,2221,2220,2024,1190,1,0.0021051147
Cold,379616,2219,2218,2024,1190,0,0.0021092342
Cold,373099,2178,2177,2024,1190,1,-0.00015023095
Cold,714276,4277,4276,2024,1190,0,-0.008391473
Cold,343837,2018,2017,2024,1190,0,-0.0031477832
Cold,351105,2060,2059,2024,1190,0,-0.007565354
Cold,336498,1980,1979,2024,1190,1,-0.0059586237
Cold,304515,1810,1809,2024,1190,1,-0.001163827
Cold,298248,1767,1766,2024,1190,0,-0.00016121939
Cold,302365,1794,1793,2024,1190,0,-0.0007334545
Cold,282834,1694,1693,2024,1190,0,-0.00055430544
Cold,273557,1648,1647,2024,1190,1,-0.0053130947
Cold,255839,1559,1558,2024,1190,1,0.0004984976
Cold,317136,1884,1883,2024,1190,0,-0.0037135938
Cold,232065,1407,1406,2024,1190,1,0.0018315164
Cold,325655,1926,1925,2024,1190,1,-0.0022849508
Cold,320431,1899,1898,2024,1190,0,-0.0017972665
Cold,296664,1758,1757,2024,1190,1,-0.0010617027
Cold,209826,1281,1280,2024,1190,0,-0.0053437017
Cold,206157,1264,1263,2024,1190,0,0.0010892091
Cold,202764,1244,1243,2024,1190,1,-0.0014202786
Cold,280147,1680,1679,2024,1190,1,-0.006208389
Cold,338437,1988,1987,2024,1190,0,-0.0032071858
Cold,185918,1150,1149,2024,1190,0,-0.0027650008
Cold,180530,1128,1127,2024,1190,0,-0.00024941412
Cold,177745,1119,1118,2024,1190,1,-0.007772265
Cold,169340,1074,1073,2024,1190,0,-0.0024949876
Cold,168751,1069,1068,2024,1190,1,-0.0088598775
Cold,165389,1053,1052,2024,1190,0,-0.0015244328
Cold,195832,1203,1202,2024,1190,0,-0.000715588
Cold,158803,1015,1014,2024,1190,1,-0.005536931
Cold,150148,966,965,2024,1190,1,-0.0015947495
Cold,142557,919,918,2024,1190,0,0.0019103596
Cold,138983,889,888,2024,1190,0,-0.00558172
Cold,141755,911,910,2024,1190,1,-0.007440227
Cold,380550,2223,2222,2024,1190,0,-0.008514412
Cold,130343,844,843,2024,1190,1,-0.004069848
Cold,116704,752,751,2024,1190,0,-0.000556867
Cold,132772,855,854,2024,1190,1,-0.0032963026
Cold,111947,728,727,2024,1190,0,-0.0032635313
Cold,108406,710,709,2024,1190,0,0.0024131828
Cold,107398,706,705,2024,1190,0,0.00078033074
Cold,105332,696,695,2024,1190,0,-0.010442872
Cold,284626,1698,1697,2024,1190,1,-0.008694921
Cold,83654,549,548,2024,1190,1,-0.007321209
Cold,250546,1509,1508,2024,1190,1,0.0053698374
Cold,204823,1260,1259,2024,1190,0,-0.004166575
Cold,63527,424,423,2024,1190,1,0.002780938
Cold,201849,1242,1241,2024,1190,0,-0.004599839
Cold,288680,1724,1723,2024,1190,0,-0.002070742
Cold,33699,225,224,2024,1190,1,-0.0006118971
Cold,291777,1737,1736,2024,1190,1,-0.0012093744
Cold,26592,187,186,2024,1190,1,-0.005409782
Cold,10880,79,78,2024,1190,1,3.8849656e-05
Cold,50392,331,330,2024,1190,1,-0.000841321
Cold,432952,2638,2637,2024,1190,0,-0.0027454952
Cold,688667,4118,4117,2024,1190,1,0.0020012592
Cold,460913,2841,2840,2024,1190,1,-0.0022654738
Cold,883558,5333,5332,2024,1190,0,0.0060693393
Cold,102747,678,677,2024,1190,1,0.0078205345
Cold,145155,934,933,2024,1190,0,-0.0002668288
Cold,322815,1912,1911,2024,1190,0,-0.003665122
Cold,287917,1717,1716,2024,1190,1,-0.0022380247
Cold,841635,5054,5053,2024,1190,0,-0.0066198846
Cold,937786,5657,5656,2024,1190,1,-0.0038224468
Cold,517172,3191,3190,2026,1192,0,-0.0016362742
Cold,507381,3121,3120,2026,1192,0,0.0035779497
Cold,654438,3942,3941,2026,1192,0,0.0051806457
Cold,496034,3046,3045,2026,1192,0,0.005456807
Cold,488047,3001,3000,2026,1192,0,-0.003344474
Cold,518038,3196,3195,2026,1192,1,0.0014804397
Cold,493638,3031,3030,2026,1192,0,-0.00021387613
Cold,530120,3272,3271,2026,1192,0,-0.0033416552
Cold,463703,2857,2856,2026,1192,0,0.001358482
Cold,460478,2840,2839,2026,1192,0,-0.003749049
Cold,461705,2847,2846,2026,1192,0,-0.001594452
Cold,540879,3327,3326,2026,1192,0,-0.003699358
Cold,451287,2777,2776,2026,1192,0,0.0074685114
Cold,564834,3471,3470,2026,1192,0,-0.003603548
Cold,426669,2590,2589,2026,1192,0,-0.009115968
Cold,405595,2429,2428,2026,1192,0,-0.0020846964
Cold,378071,2205,2204,2026,1192,0,0.0021741732
Cold,371888,2172,2171,2026,1192,0,-0.001974132
Cold,374527,2181,2180,2026,1192,0,-0.015314208
Cold,368672,2155,2154,2026,1192,1,-0.0021837456
Cold,363518,2116,2115,2026,1192,0,0.010234758
Cold,358688,2098,2097,2026,1192,0,0.002680772
Cold,375776,2188,2187,2026,1192,0,0.0042724595
Cold,344504,2021,2020,2026,1192,1,-0.0035972144
Cold,341034,2010,2009,2026,1192,0,0.0033159242
Cold,323540,1919,1918,2026,1192,0,-0.0050559794
Cold,306005,1820,1819,2026,1192,0,0.0023197408
Cold,297811,1764,1763,2026,1192,1,-0.0016123534
Cold,280151,1680,1679,2026,1192,0,-0.0041407878
Cold,277254,1675,1674,2026,1192,0,0.005847794
Cold,278111,1676,1675,2026,1192,1,0.0038384881
Cold,271588,1641,1640,2026,1192,0,0.004475585
Cold,267706,1626,1625,2026,1192,0,0.0075713005
Cold,361208,2106,2105,2026,1192,0,0.004496677
Cold,231260,1399,1398,2026,1192,0,0.010851655
Cold,224584,1357,1356,2026,1192,0,7.4012205e-05
Cold,221948,1342,1341,2026,1192,0,0.0068309754
Cold,221856,1341,1340,2026,1192,0,0.0033058901
Cold,214190,1300,1299,2026,1192,0,-0.0053883186
Cold,214016,1299,1298,2026,1192,0,-0.0081511615
Cold,250548,1509,1508,2026,1192,0,0.008694451
Cold,196825,1207,1206,2026,1192,0,-0.0058258246
Cold,342920,2015,2014,2026,1192,0,-0.0017427965
Cold,328889,1941,1940,2026,1192,0,0.0044105314
Cold,307813,1835,1834,2026,1192,0,0.007566916
Cold,175123,1109,1108,2026,1192,0,0.0022729433
Cold,184190,1146,1145,2026,1192,0,0.0050628865
Cold,168142,1068,1067,2026,1192,0,0.001071074
Cold,159513,1017,1016,2026,1192,0,0.0023673489
Cold,158805,1015,1014,2026,1192,0,0.003347875
Cold,145645,936,935,2026,1192,0,-0.012077928
Cold,134706,869,868,2026,1192,1,0.0061826073
Cold,133265,859,858,2026,1192,0,0.003940726
Cold,352492,2063,2062,2026,1192,0,-0.008757353
Cold,138987,889,888,2026,1192,0,0.003677955
Cold,126794,817,816,2026,1192,0,-0.0042427666
Cold,125694,808,807,2026,1192,0,0.0071480265
Cold,115054,746,745,2026,1192,1,-0.0025586267
Cold,119628,770,769,2026,1192,0,-0.007715047
Cold,117736,757,756,2026,1192,0,-0.004831725
Cold,108407,710,709,2026,1192,0,0.002538685
Cold,106404,699,698,2026,1192,0,0.00045388239
Cold,116707,752,751,2026,1192,0,0.0018189542
Cold,100387,669,668,2026,1192,1,0.0022958936
Cold,113513,735,734,2026,1192,0,0.0011047306
Cold,97424,652,651,2026,1192,0,0.0017135962
Cold,631910,3821,3820,2026,1192,0,0.0039232518
Cold,91714,608,607,2026,1192,1,0.0062535647
Cold,82012,543,542,2026,1192,1,0.006253022
Cold,82564,548,547,2026,1192,0,-0.0087338565
Cold,75181,509,508,2026,1192,0,0.015985675
Cold,51239,337,336,2026,1192,0,-0.0041962727
Cold,48051,321,320,2026,1192,0,-0.00874808
Cold,132775,855,854,2026,1192,0,-0.0046574743
Cold,111133,721,720,2026,1192,0,0.01044265
Cold,30130,202,201,2026,1192,1,0.0050254134
Cold,23284,166,165,2026,1192,0,0.0004222492
Cold,22736,163,162,2026,1192,0,0.010857822
Cold,14696,117,116,2026,1192,0,-0.006121614
Cold,290639,1733,1732,2026,1192,0,-0.00077158294
Cold,627178,3792,3791,2026,1192,0,-0.0065724165
Cold,56142,372,371,2026,1192,1,-0.0019839292
Cold,682859,4085,4084,2026,1192,0,0.0021431972
Cold,265362,1611,1610,2026,1192,0,0.0030197003
Cold,102749,678,677,2026,1192,0,0.0019961493
Cold,164964,1051,1050,2026,1192,0,0.0038385368
Cold,760876,4520,4519,2026,1192,0,-0.003285198
Cold,263785,1605,1604,2026,1192,0,-0.008277091
Cold,599562,3648,3647,2026,1192,0,0.006149008
Cold,499819,3067,3066,2026,1192,0,0.0075708227
Cold,907904,5492,5491,2026,1192,0,0.01294951
Cold,454785,2796,2795,2026,1192,0,-0.006225039
Cold,28485,195,194,2026,1192,0,-0.010177325
Cold,497785,3055,3054,2026,1192,0,-0.006263377
Cold,137288,884,883,2026,1192,1,-0.008544708
Cold,785874,4697,4696,2026,1192,1,0.008725393
Cold,44838,302,301,2026,1192,0,-0.0010965229
Cold,172209,1088,1087,2026,1192,0,-0.010205713
Cold,941862,5682,5681,2026,1192,0,0.0052561685
Cold,179896,1125,1124,2026,1192,0,0.001496735
Cold,550732,3391,3390,2026,1192,0,0.008635785
Cold,400595,2383,2382,2027,1193,0,0.012447152
Cold,399634,2378,2377,2027,1193,0,0.0029430543
Cold,392626,2304,2303,2027,1193,1,0.0033716948
Cold,370605,2166,2165,2027,1193,0,0.008958195
Cold,352493,2063,2062,2027,1193,0,0.019153897
Cold,341035,2010,2009,2027,1193,0,0.009456464
Cold,297813,1764,1763,2027,1193,0,0.005880693
Cold,281463,1687,1686,2027,1193,0,0.0020972977
Cold,259736,1587,1586,2027,1193,0,0.005691088
Cold,309405,1841,1840,2027,1193,0,0.012108446
Cold,247997,1496,1495,2027,1193,0,0.01088903
Cold,342921,2015,2014,2027,1193,0,0.0047159865
Cold,236532,1434,1433,2027,1193,0,0.00075108465
Cold,215767,1306,1305,2027,1193,0,0.0068419673
Cold,280152,1680,1679,2027,1193,0,0.0055785663
Cold,213768,1298,1297,2027,1193,0,0.007288319
Cold,183403,1141,1140,2027,1193,0,0.017677363
Cold,170336,1084,1083,2027,1193,0,0.008698017
Cold,173017,1096,1095,2027,1193,0,0.0058413884
Cold,168143,1068,1067,2027,1193,0,0.0048969598
Cold,328890,1941,1940,2027,1193,0,0.008851755
Cold,164120,1050,1049,2027,1193,0,0.0044108503
Cold,272449,1645,1644,2027,1193,0,0.01038529
Cold,249386,1502,1501,2027,1193,0,0.0046487236
Cold,157354,1010,1009,2027,1193,0,0.013756065
Cold,137038,881,880,2027,1193,0,0.0017229717
Cold,117737,757,756,2027,1193,0,0.0025493358
Cold,112965,732,731,2027,1193,0,0.008704494
Cold,120671,777,776,2027,1193,0,0.008627235
Cold,112771,731,730,2027,1193,1,0.00966559
Cold,108408,710,709,2027,1193,0,0.009840598
Cold,106405,699,698,2027,1193,0,0.004827192
Cold,109515,714,713,2027,1193,0,0.004921912
Cold,480365,2946,2945,2027,1193,0,0.010223719
Cold,244273,1470,1469,2027,1193,0,0.0064805914
Cold,83660,549,548,2027,1193,0,0.016336478
Cold,239452,1448,1447,2027,1193,0,0.0122017525
Cold,119629,770,769,2027,1193,1,0.0052005704
Cold,87142,569,568,2027,1193,1,0.000104549574
Cold,64431,429,428,2027,1193,0,0.010378603
Cold,57279,386,385,2027,1193,0,0.005671814
Cold,59549,403,402,2027,1193,1,0.013247455
Cold,40591,272,271,2027,1193,0,0.016985599
Cold,35948,242,241,2027,1193,0,0.008729178
Cold,31593,214,213,2027,1193,0,0.0053425003
Cold,240670,1449,1448,2027,1193,0,0.011614161
Cold,30132,202,201,2027,1193,0,0.009219025
Cold,219365,1329,1328,2027,1193,0,0.012152705
Cold,49721,329,328,2027,1193,0,0.005271285
Cold,28487,195,194,2027,1193,0,0.01293739
Cold,5577,39,38,2027,1193,0,0.005734825
Cold,104634,692,691,2027,1193,0,0.004209166
Cold,697912,4169,4168,2027,1193,0,0.008194879
Cold,50394,331,330,2027,1193,0,0.004866914
Cold,238407,1447,1446,2027,1193,0,0.010494448
Cold,371178,2168,2167,2027,1193,1,0.010304617
Cold,58244,392,391,2027,1193,0,0.008715682
Cold,363519,2116,2115,2027,1193,0,0.0058845594
Cold,102750,678,677,2027,1193,0,0.006547927
Cold,11712,90,89,2027,1193,0,-0.0021624546
Cold,79827,531,530,2027,1193,0,0.004619021
Cold,183687,1142,1141,2027,1193,1,0.010589751
Cold,72440,482,481,2027,1193,0,0.009210853
Cold,458797,2824,2823,2027,1193,0,0.0057661403
Cold,700115,4186,4185,2027,1193,0,0.009436976
Cold,860416,5172,5171,2027,1193,0,0.010356089
Cold,193967,1194,1193,2027,1193,0,0.01007621
Cold,719076,4305,4304,2027,1193,0,0.0017525537
Cold,427398,2594,2593,2027,1193,0,0.0003741472
Cold,102753,678,677,2029,1195,1,-0.002511152
Cold,363522,2116,2115,2029,1195,1,-0.0065117395
Cold,235361,1425,1424,2029,1195,1,-0.005189969
Cold,697916,4169,4168,2029,1195,1,0.0051880274
Cold,90846,601,600,2029,1195,1,0.0039661755
Cold,75188,509,508,2029,1195,1,-0.0041777603
Cold,155541,1001,1000,2029,1195,0,0.008248249
Cold,60983,411,410,2029,1195,0,0.0046261186
Cold,49725,329,328,2029,1195,0,0.0022529003
Cold,389,5,4,2029,1195,1,0.0012355996
Cold,508372,3128,3127,2029,1195,0,0.0063977893
Cold,116712,752,751,2029,1195,1,0.0030930557
Cold,893551,5394,5393,2029,1195,1,-0.0040910584
Cold,276537,1671,1670,2029,1195,1,0.0012835362
Cold,841639,5054,5053,2029,1195,0,0.013389529
Cold,263790,1605,1604,2029,1195,1,0.0003414969
Cold,164133,1050,1049,2036,1197,0,0.0015539422
Cold,227753,1380,1379,2036,1197,0,0.006018025
Cold,342941,2015,2014,2036,1197,0,-0.008578817
Cold,137057,881,880,2036,1197,0,0.001285268
Cold,134825,871,870,2036,1197,0,-0.0006245901
Cold,127448,822,821,2036,1197,1,0.0009911989
Cold,263805,1605,1604,2036,1197,0,0.004133043
Cold,125255,804,803,2036,1197,0,0.00970566
Cold,118787,767,766,2036,1197,0,0.0060214335
Cold,216545,1314,1313,2036,1197,0,-0.0028322374
Cold,106417,699,698,2036,1197,0,-0.0044685276
Cold,179903,1125,1124,2036,1197,1,0.00056603434
Cold,109520,714,713,2036,1197,1,-0.002760145
Cold,361220,2106,2105,2036,1197,0,0.0029034214
Cold,299902,1778,1777,2036,1197,0,0.0019060941
Cold,119646,770,769,2036,1197,0,0.00780021
Cold,87144,569,568,2036,1197,0,-0.013169866
Cold,61661,414,413,2036,1197,0,0.0013082123
Cold,46553,310,309,2036,1197,0,0.0032944737
Cold,44866,302,301,2036,1197,0,0.0050793765
Cold,38443,261,260,2036,1197,0,-0.0001765549
Cold,240701,1449,1448,2036,1197,0,0.0048999786
Cold,300062,1779,1778,2036,1197,0,-0.0016120384
Cold,79842,531,530,2036,1197,0,0.00021458638
Cold,10579,75,74,2036,1197,1,0.010100063
Cold,355277,2077,2076,2036,1197,0,0.0026558093
Cold,65662,438,437,2036,1197,0,-0.0025090137
Cold,238430,1447,1446,2036,1197,0,0.004152474
Cold,363534,2116,2115,2036,1197,0,-0.00019593607
Cold,272457,1645,1644,2036,1197,0,-0.0055861976
Cold,172234,1088,1087,2036,1197,0,-0.0038506761
Cold,717137,4294,4293,2036,1197,0,-0.0036891352
Cold,235372,1425,1424,2036,1197,0,0.0007955772
Cold,352521,2063,2062,2036,1197,0,-0.0028508552
Cold,877575,5302,5301,2036,1197,0,0.0034041933
Cold,461717,2847,2846,2036,1197,0,0.0021423926
Cold,703550,4218,4217,2038,1198,0,-0.0020448512
Cold,700129,4186,4185,2038,1198,0,-0.0035548043
Cold,690508,4131,4130,2038,1198,1,-0.0017701918
Cold,707624,4238,4237,2038,1198,0,0.008704917
Cold,677306,4058,4057,2038,1198,0,0.00944659
Cold,674536,4048,4047,2038,1198,0,-0.00034546398
Cold,676330,4054,4053,2038,1198,0,0.007692476
Cold,673492,4042,4041,2038,1198,0,0.003797309
Cold,668854,4021,4020,2038,1198,0,-0.0051457863
Cold,663655,3998,3997,2038,1198,0,0.0031408612
Cold,650693,3923,3922,2038,1198,0,0.00485907
Cold,645551,3885,3884,2038,1198,0,0.00075984397
Cold,761688,4523,4522,2038,1198,0,0.0054398207
Cold,647918,3900,3899,2038,1198,1,-0.00093929796
Cold,640308,3848,3847,2038,1198,0,0.005322738
Cold,627802,3799,3798,2038,1198,1,0.0040212916
Cold,625806,3783,3782,2038,1198,0,-0.006139716
Cold,622484,3768,3767,2038,1198,0,0.0028237747
Cold,618137,3745,3744,2038,1198,0,-0.0068811653
Cold,615059,3724,3723,2038,1198,0,0.00020852336
Cold,613079,3715,3714,2038,1198,1,-0.0024922886
Cold,726858,4345,4344,2038,1198,0,0.0016940505
Cold,637188,3836,3835,2038,1198,1,0.0022485163
Cold,726261,4344,4343,2038,1198,0,0.00491993
Cold,601348,3654,3653,2038,1198,0,-0.012879288
Cold,595972,3624,3623,2038,1198,1,-0.0044658957
Cold,592501,3611,3610,2038,1198,0,-0.0020798324
Cold,595431,3621,3620,2038,1198,0,0.00090777315
Cold,759480,4510,4509,2038,1198,1,0.0053710127
Cold,574389,3516,3515,2038,1198,1,0.0025685816
Cold,579878,3539,3538,2038,1198,0,-0.003968903
Cold,551466,3395,3394,2038,1198,1,-0.0012278426
Cold,550758,3391,3390,2038,1198,0,0.003736639
Cold,554684,3411,3410,2038,1198,0,0.0011869019
Cold,547692,3378,3377,2038,1198,0,0.006522556
Cold,541568,3332,3331,2038,1198,0,0.0018452693
Cold,897069,5424,5423,2038,1198,0,-0.00034132507
Cold,512257,3159,3158,2038,1198,0,-0.0011591003
Cold,513284,3163,3162,2038,1198,1,0.00089911965
Cold,509610,3138,3137,2038,1198,0,0.0011291564
Cold,523114,3224,3223,2038,1198,0,-0.0035108796
Cold,633768,3824,3823,2038,1198,0,-0.0003846113
Cold,489843,3013,3012,2038,1198,0,0.005537617
Cold,487646,2999,2998,2038,1198,0,-0.0031558964
Cold,479420,2941,2940,2038,1198,0,0.013235612
Cold,476015,2921,2920,2038,1198,0,0.004373698
Cold,461940,2848,2847,2038,1198,1,0.004308581
Cold,459322,2827,2826,2038,1198,0,0.0066090915
Cold,421926,2551,2550,2038,1198,0,-0.006057506
Cold,419113,2529,2528,2038,1198,1,-0.0039721825
Cold,415182,2499,2498,2038,1198,0,0.00976337
Cold,410233,2460,2459,2038,1198,0,0.003796146
Cold,396446,2344,2343,2038,1198,0,-0.006577662
Cold,403836,2411,2410,2038,1198,0,-0.008091778
Cold,370824,2167,2166,2038,1198,0,-0.0045822556
Cold,368982,2156,2155,2038,1198,0,0.004683844
Cold,367598,2145,2144,2038,1198,1,-0.0033379844
Cold,366748,2137,2136,2038,1198,1,0.0029216264
Cold,362033,2109,2108,2038,1198,0,-0.0050179632
Cold,354428,2073,2072,2038,1198,0,-0.00052656746
Cold,325676,1926,1925,2038,1198,0,0.0036660132
Cold,292658,1741,1740,2038,1198,0,0.004517587
Cold,274921,1665,1664,2038,1198,0,0.009448074
Cold,361221,2106,2105,2038,1198,0,0.003181759
Cold,277269,1675,1674,2038,1198,0,0.001016322
Cold,286372,1709,1708,2038,1198,1,0.0031478023
Cold,261488,1598,1597,2038,1198,0,-0.0035856913
Cold,259755,1587,1586,2038,1198,0,0.0019499143
Cold,346501,2030,2029,2038,1198,1,0.0073528523
Cold,250859,1513,1512,2038,1198,0,0.0030483515
Cold,236838,1438,1437,2038,1198,0,-0.0038219506
Cold,363535,2116,2115,2038,1198,0,-0.00018641638
Cold,236536,1434,1433,2038,1198,0,-0.00017272728
Cold,224817,1358,1357,2038,1198,0,0.01347019
Cold,216286,1312,1311,2038,1198,0,-0.010589949
Cold,405177,2424,2423,2038,1198,0,0.0040327893
Cold,216133,1311,1310,2038,1198,0,-0.0002610362
Cold,273404,1647,1646,2038,1198,0,0.003429185
Cold,280200,1680,1679,2038,1198,1,0.0043317806
Cold,198939,1221,1220,2038,1198,1,0.0004781105
Cold,196001,1204,1203,2038,1198,1,-0.003954918
Cold,328933,1941,1940,2038,1198,0,0.0026647095
Cold,183421,1141,1140,2038,1198,1,0.0005632802
Cold,176342,1114,1113,2038,1198,0,0.005722602
Cold,173911,1100,1099,2038,1198,0,0.0023785213
Cold,249102,1501,1500,2038,1198,0,0.0029167957
Cold,165397,1053,1052,2038,1198,0,0.0044098753
Cold,161476,1029,1028,2038,1198,1,0.005182472
Cold,213165,1297,1296,2038,1198,0,0.00037755165
Cold,436827,2665,2664,2038,1198,0,-0.00042985613
Cold,839960,5046,5045,2038,1198,1,0.0044501163
Cold,217461,1317,1316,2038,1198,0,0.013218777
Cold,134727,869,868,2038,1198,0,-0.004388458
Cold,130891,849,848,2038,1198,0,-0.0011125059
Cold,305232,1812,1811,2038,1198,0,-0.0016010446
Cold,124367,800,799,2038,1198,1,0.0024710693
Cold,122413,789,788,2038,1198,0,-0.0023679337
Cold,122293,788,787,2038,1198,1,0.003192457
Cold,120899,779,778,2038,1198,0,0.00022015884
Cold,118168,764,763,2038,1198,1,0.0044991863
Cold,119647,770,769,2038,1198,0,-0.006618778
Cold,240703,1449,1448,2038,1198,0,0.004327695
Cold,178489,1120,1119,2038,1198,1,-0.00011561299
Cold,95644,639,638,2038,1198,0,-0.0031841255
Cold,109521,714,713,2038,1198,1,-0.0014048885
Cold,93919,629,628,2038,1198,0,-0.007043841
Cold,352523,2063,2062,2038,1198,0,-0.0016843844
Cold,90407,597,596,2038,1198,0,0.015259951
Cold,86304,563,562,2038,1198,0,0.0017588215
Cold,239474,1448,1447,2038,1198,0,-0.008976987
Cold,66699,445,444,2038,1198,0,0.0032544201
Cold,65015,436,435,2038,1198,0,0.0010472364
Cold,51044,336,335,2038,1198,1,0.0066199005
Cold,44868,302,301,2038,1198,0,-0.00046728388
Cold,332038,1958,1957,2038,1198,0,0.0048076482
Cold,26199,186,185,2038,1198,0,0.0015138282
Cold,27417,192,191,2038,1198,0,0.009003434
Cold,270338,1635,1634,2038,1198,0,0.01086014
Cold,18470,145,144,2038,1198,0,0.009946297
Cold,17683,136,135,2038,1198,1,0.0028554369
Cold,8678,58,57,2038,1198,0,-5.839672e-05
Cold,8032,53,52,2038,1198,1,-0.002867347
Cold,24616,173,172,2038,1198,0,-0.003413507
Cold,661758,3991,3990,2038,1198,1,-0.004161092
Cold,130650,846,845,2038,1198,0,0.00790092
Cold,829331,4979,4978,2038,1198,0,0.003126749
Cold,12185,92,91,2038,1198,1,-0.008099074
Cold,272459,1645,1644,2038,1198,1,0.00291616
Cold,52271,343,342,2038,1198,0,0.01236286
Cold,102772,678,677,2038,1198,0,0.0029847985
Cold,415406,2501,2500,2038,1198,1,0.004968292
Cold,489382,3012,3011,2038,1198,0,0.0036433495
Cold,116961,753,752,2038,1198,1,0.013815295
Cold,137061,881,880,2038,1198,0,0.005938548
Cold,13372,104,103,2038,1198,0,0.009773864
Cold,63566,424,423,2038,1198,0,-0.002573816
Cold,230699,1395,1394,2038,1198,0,0.0057597477
Cold,341908,2012,2011,2038,1198,0,0.0049534207
Cold,590594,3602,3601,2040,1199,1,-0.001802952
Cold,479423,2941,2940,2040,1199,1,-0.009104517
Cold,471221,2899,2898,2040,1199,1,-0.008419832
Cold,474284,2909,2908,2040,1199,0,-0.004461042
Cold,466229,2874,2873,2040,1199,0,0.0018431817
Cold,454152,2793,2792,2040,1199,1,-0.009657072
Cold,442015,2718,2717,2040,1199,1,-0.005929489
Cold,442131,2719,2718,2040,1199,0,-0.0085647125
Cold,420054,2537,2536,2040,1199,0,-0.00728383
Cold,368985,2156,2155,2040,1199,0,-0.0022356166
Cold,345244,2024,2023,2040,1199,1,-0.0029914111
Cold,343283,2016,2015,2040,1199,1,-0.011471487
Cold,289608,1727,1726,2040,1199,1,-0.0067733736
Cold,268658,1631,1630,2040,1199,0,-0.0060385326
Cold,324134,1920,1919,2040,1199,0,-0.008532005
Cold,257050,1574,1573,2040,1199,1,0.0013738223
Cold,255843,1559,1558,2040,1199,0,0.0018454023
Cold,247420,1495,1494,2040,1199,0,0.0004558055
Cold,336547,1980,1979,2040,1199,0,-0.006609569
Cold,220158,1333,1332,2040,1199,0,-0.0027559306
Cold,280224,1680,1679,2040,1199,0,-0.007432904
Cold,197114,1209,1208,2040,1199,1,-0.014546068
Cold,328946,1941,1940,2040,1199,1,-0.0071611134
Cold,177765,1119,1118,2040,1199,0,-0.0026027467
Cold,173916,1100,1099,2040,1199,0,0.0015527504
Cold,249111,1501,1500,2040,1199,1,-0.0061036274
Cold,166728,1059,1058,2040,1199,0,-0.00873076
Cold,272467,1645,1644,2040,1199,1,0.00088907767
Cold,255702,1556,1555,2040,1199,0,-0.006853576
Cold,162432,1034,1033,2040,1199,0,-0.0009102955
Cold,337321,1983,1982,2040,1199,1,-0.0064028027
Cold,147224,948,947,2040,1199,1,-0.005829743
Cold,185974,1150,1149,2040,1199,0,-0.0020906632
Cold,217470,1317,1316,2040,1199,0,-0.0025920891
Cold,315746,1880,1879,2040,1199,0,-0.010048002
Cold,160577,1019,1018,2040,1199,0,-0.0023531425
Cold,93924,629,628,2040,1199,0,-0.004039159
Cold,191676,1181,1180,2040,1199,0,-0.0034518656
Cold,234475,1422,1421,2040,1199,0,0.00011563499
Cold,83705,549,548,2040,1199,1,-0.0104753375
Cold,119655,770,769,2040,1199,0,0.0014594125
Cold,76234,517,516,2040,1199,0,-0.009810388
Cold,73211,494,493,2040,1199,1,-0.0035453602
Cold,70997,476,475,2040,1199,1,0.00044016622
Cold,69276,463,462,2040,1199,0,-0.003433722
Cold,211546,1285,1284,2040,1199,0,-0.005179235
Cold,36830,245,244,2040,1199,0,-0.0050597154
Cold,32418,216,215,2040,1199,0,-0.0055763265
Cold,360338,2105,2104,2040,1199,0,-0.00036848104
Cold,1188,10,9,2040,1199,1,-0.012124508
Cold,482138,2962,2961,2040,1199,0,-0.008143066
Cold,39128,264,263,2040,1199,0,-0.0054607857
Cold,552772,3401,3400,2040,1199,0,-0.008428836
Cold,334141,1969,1968,2040,1199,1,-0.0015897611
Cold,240720,1449,1448,2040,1199,0,-0.008570595
Cold,273411,1647,1646,2040,1199,0,-0.011093105
Cold,106426,699,698,2040,1199,0,-0.0063244915
Cold,633778,3824,3823,2040,1199,0,-0.0011035631
Cold,879537,5312,5311,2040,1199,1,-0.00019241276
Cold,130075,840,839,2040,1199,1,-0.0024664504
Cold,134737,869,868,2040,1199,0,-0.008722641
Cold,599580,3648,3647,2040,1199,0,-0.00895351
Cold,178495,1120,1119,2040,1199,1,-0.0057939673
Cold,376511,2195,2194,2040,1199,0,-0.0038324841
Cold,700135,4186,4185,2040,1199,1,-0.0077996687
Cold,936775,5650,5649,2040,1199,0,-0.008619263
Cold,410586,2462,2461,2040,1199,0,0.0016850454
Cold,13211,102,101,2040,1199,1,-0.002156497
Cold,586576,3579,3578,2041,1200,0,-0.005350556
Cold,577663,3526,3525,2041,1200,0,-0.0035592814
Cold,570538,3499,3498,2041,1200,0,-0.008170016
Cold,549363,3389,3388,2041,1200,0,-0.0004737851
Cold,645564,3885,3884,2041,1200,0,0.002926725
Cold,550774,3391,3390,2041,1200,0,-0.000401692
Cold,537626,3311,3310,2041,1200,0,-0.006753201
Cold,531559,3281,3280,2041,1200,1,0.0009763492
Cold,584926,3569,3568,2041,1200,0,-0.0022885608
Cold,513292,3163,3162,2041,1200,1,-0.008827119
Cold,606157,3681,3680,2041,1200,0,-0.0068301028
Cold,785520,4691,4690,2041,1200,1,0.0003797228
Cold,506106,3112,3111,2041,1200,1,-0.00639366
Cold,597104,3628,3627,2041,1200,0,8.417526e-06
Cold,493656,3031,3030,2041,1200,1,-0.00078122306
Cold,480623,2949,2948,2041,1200,0,-0.005910944
Cold,467580,2881,2880,2041,1200,0,0.0005895919
Cold,445039,2744,2743,2041,1200,0,0.0022212334
Cold,441559,2708,2707,2041,1200,1,0.0011060047
Cold,433036,2640,2639,2041,1200,1,0.0033770811
Cold,423963,2568,2567,2041,1200,0,-0.0033744425
Cold,417759,2522,2521,2041,1200,0,-0.0011061735
Cold,411374,2469,2468,2041,1200,1,0.0020486969
Cold,407092,2445,2444,2041,1200,0,-0.0013259512
Cold,396448,2344,2343,2041,1200,0,-0.0024741793
Cold,388494,2273,2272,2041,1200,1,-0.00766541
Cold,310957,1851,1850,2041,1200,0,-0.0052632666
Cold,311419,1854,1853,2041,1200,1,-0.0025255377
Cold,291805,1737,1736,2041,1200,0,0.0009818906
Cold,289097,1726,1725,2041,1200,0,0.0009732691
Cold,273564,1648,1647,2041,1200,0,-0.006019376
Cold,270347,1635,1634,2041,1200,0,0.00016685785
Cold,252307,1528,1527,2041,1200,1,-0.0044988873
Cold,346510,2030,2029,2041,1200,0,-0.0021796227
Cold,227409,1377,1376,2041,1200,0,-0.0041421605
Cold,280225,1680,1679,2041,1200,1,0.00018317206
Cold,309041,1837,1836,2041,1200,0,0.0039539095
Cold,196003,1204,1203,2041,1200,0,0.004512752
Cold,298635,1772,1771,2041,1200,0,0.0028470613
Cold,183425,1141,1140,2041,1200,0,0.0040081716
Cold,203394,1246,1245,2041,1200,1,-0.007869754
Cold,180557,1128,1127,2041,1200,0,-0.00849164
Cold,176344,1114,1113,2041,1200,0,0.002958451
Cold,173917,1100,1099,2041,1200,0,-0.0013610469
Cold,165401,1053,1052,2041,1200,0,-0.0033192104
Cold,166218,1058,1057,2041,1200,0,-0.007563402
Cold,156125,1004,1003,2041,1200,0,0.009260078
Cold,151101,971,970,2041,1200,1,-0.00024736917
Cold,185975,1150,1149,2041,1200,0,-0.0056092422
Cold,245387,1482,1481,2041,1200,0,-0.00058569293
Cold,277272,1675,1674,2041,1200,0,-0.0042021754
Cold,134738,869,868,2041,1200,0,0.0055394275
Cold,147600,949,948,2041,1200,0,-0.0042685578
Cold,475866,2919,2918,2041,1200,0,0.0029684328
Cold,108862,712,711,2041,1200,0,-0.005102219
Cold,267398,1624,1623,2041,1200,0,-0.005387046
Cold,95651,639,638,2041,1200,0,-0.0045148777
Cold,85382,556,555,2041,1200,1,0.003689683
Cold,74491,508,507,2041,1200,0,-0.005501698
Cold,80490,533,532,2041,1200,0,0.0018881811
Cold,44879,302,301,2041,1200,0,0.00077040377
Cold,313069,1865,1864,2041,1200,0,-0.0040652696
Cold,178496,1120,1119,2041,1200,0,0.007162942
Cold,32419,216,215,2041,1200,0,-0.007989672
Cold,29414,200,199,2041,1200,1,-0.01038015
Cold,25291,178,177,2041,1200,0,-0.0009886227
Cold,482140,2962,2961,2041,1200,0,0.0009507694
Cold,20995,151,150,2041,1200,1,-0.0020927037
Cold,8048,53,52,2041,1200,0,-0.003991641
Cold,63579,424,423,2041,1200,1,-0.003491396
Cold,1189,10,9,2041,1200,0,-0.007097398
Cold,19698,148,147,2041,1200,1,-0.0022247075
Cold,530369,3274,3273,2041,1200,0,0.0025161142
Cold,432977,2638,2637,2041,1200,0,-0.008938172
Cold,240721,1449,1448,2041,1200,0,-0.009570511
Cold,893570,5394,5393,2041,1200,0,-0.00953673
Cold,54679,355,354,2041,1200,0,-0.0015383991
Cold,483337,2969,2968,2041,1200,0,0.0005342997
Cold,273412,1647,1646,2041,1200,0,-0.0042042197
Cold,305236,1812,1811,2041,1200,0,-0.0015279236
Cold,419123,2529,2528,2041,1200,0,-0.00020161289
Cold,256006,1560,1559,2041,1200,0,-0.004575909
Cold,137068,881,880,2041,1200,0,-0.0017954637
Cold,934093,5636,5635,2041,1200,0,-0.0010738322
Cold,484708,2985,2984,2041,1200,1,-0.0018465912
Cold,992792,5996,5995,2042,1201,1,0.0023954771
Cold,608486,3690,3689,2042,1201,0,0.0015963959
Cold,603143,3669,3668,2042,1201,0,0.005575164
Cold,592296,3610,3609,2042,1201,0,0.010549253
Cold,590346,3600,3599,2042,1201,0,0.00385386
Cold,568177,3486,3485,2042,1201,1,0.003585449
Cold,573748,3512,3511,2042,1201,1,0.0089683635
Cold,573067,3509,3508,2042,1201,0,0.0008051256
Cold,658618,3967,3966,2042,1201,0,-0.0066355113
Cold,550775,3391,3390,2042,1201,0,0.00852168
Cold,553109,3402,3401,2042,1201,1,-0.0018765386
Cold,547695,3378,3377,2042,1201,1,0.0078871325
Cold,541166,3328,3327,2042,1201,0,0.008444509
Cold,537627,3311,3310,2042,1201,0,0.0023663803
Cold,536373,3308,3307,2042,1201,0,0.0066710906
Cold,530146,3272,3271,2042,1201,0,0.0017787844
Cold,540185,3320,3319,2042,1201,0,-0.0018807834
Cold,515817,3182,3181,2042,1201,0,-0.0033801273
Cold,509614,3138,3137,2042,1201,0,0.0023940098
Cold,505896,3111,3110,2042,1201,0,-0.0023495448
Cold,575684,3519,3518,2042,1201,0,0.0025761966
Cold,494667,3032,3031,2042,1201,1,0.012809623
Cold,493123,3029,3028,2042,1201,0,0.007306466
Cold,492235,3026,3025,2042,1201,0,0.015248957
Cold,488810,3007,3006,2042,1201,0,0.007551835
Cold,518048,3196,3195,2042,1201,1,0.00390743
Cold,470571,2896,2895,2042,1201,0,0.0042911223
Cold,460492,2840,2839,2042,1201,0,-0.0011785288
Cold,461720,2847,2846,2042,1201,0,0.01345141
Cold,487287,2996,2995,2042,1201,0,0.0036597576
Cold,455046,2800,2799,2042,1201,1,0.002173176
Cold,451314,2777,2776,2042,1201,0,-0.0033154876
Cold,430258,2621,2620,2042,1201,0,0.0010445039
Cold,427556,2595,2594,2042,1201,0,0.0023938352
Cold,420606,2541,2540,2042,1201,1,-0.0033799773
Cold,414853,2496,2495,2042,1201,0,0.00022023637
Cold,390282,2288,2287,2042,1201,0,-0.0019342927
Cold,387427,2264,2263,2042,1201,0,0.004212915
Cold,379659,2220,2219,2042,1201,0,0.008761229
Cold,370609,2166,2165,2042,1201,0,0.0022019441
Cold,375793,2188,2187,2042,1201,0,0.00942594
Cold,382561,2235,2234,2042,1201,1,0.0039118174
Cold,356108,2085,2084,2042,1201,1,0.0053940117
Cold,362039,2109,2108,2042,1201,0,0.0018556458
Cold,348679,2043,2042,2042,1201,0,0.007268792
Cold,339817,2003,2002,2042,1201,1,0.009080558
Cold,341058,2010,2009,2042,1201,0,0.0050365813
Cold,312573,1861,1860,2042,1201,0,-0.0046822727
Cold,297829,1764,1763,2042,1201,1,-8.458947e-05
Cold,324136,1920,1919,2042,1201,1,0.00044931704
Cold,264805,1609,1608,2042,1201,0,0.016297946
Cold,309410,1841,1840,2042,1201,0,0.00034855818
Cold,236539,1434,1433,2042,1201,0,0.0024886425
Cold,224409,1356,1355,2042,1201,0,0.0013301754
Cold,227410,1377,1376,2042,1201,0,0.0005316376
Cold,213174,1297,1296,2042,1201,0,0.00086052134
Cold,278134,1676,1675,2042,1201,0,0.0021167723
Cold,280227,1680,1679,2042,1201,0,-0.0044726
Cold,192517,1184,1183,2042,1201,0,0.0003331853
Cold,332047,1958,1957,2042,1201,0,0.015225118
Cold,244305,1470,1469,2042,1201,0,0.0036295657
Cold,198723,1220,1219,2042,1201,0,0.0033188374
Cold,328949,1941,1940,2042,1201,0,0.0013343698
Cold,272468,1645,1644,2042,1201,1,0.007003612
Cold,255704,1556,1555,2042,1201,0,0.0063650063
Cold,342948,2015,2014,2042,1201,0,0.0018551871
Cold,165532,1054,1053,2042,1201,1,-0.0030390348
Cold,153414,984,983,2042,1201,0,0.0087153865
Cold,246574,1489,1488,2042,1201,0,-0.00048369006
Cold,145650,936,935,2042,1201,1,-0.00057338784
Cold,143477,925,924,2042,1201,0,0.0022643819
Cold,157394,1010,1009,2042,1201,0,0.004331828
Cold,137070,881,880,2042,1201,0,0.008118707
Cold,249114,1501,1500,2042,1201,1,0.011089135
Cold,332948,1962,1961,2042,1201,0,0.0059461407
Cold,263815,1605,1604,2042,1201,0,-0.002247592
Cold,126803,817,816,2042,1201,1,0.007980171
Cold,361233,2106,2105,2042,1201,0,0.011837985
Cold,240723,1449,1448,2042,1201,0,0.0011108508
Cold,178497,1120,1119,2042,1201,0,-0.002963183
Cold,139301,890,889,2042,1201,0,-0.0006715914
Cold,119656,770,769,2042,1201,0,0.00092226407
Cold,216547,1314,1313,2042,1201,0,-0.0052571343
Cold,106427,699,698,2042,1201,0,0.011428876
Cold,179908,1125,1124,2042,1201,0,0.0006797132
Cold,101588,676,675,2042,1201,0,-0.002856472
Cold,99181,660,659,2042,1201,0,-0.007487111
Cold,299908,1778,1777,2042,1201,0,0.0062933424
Cold,109524,714,713,2042,1201,0,-0.0023866442
Cold,93925,629,628,2042,1201,0,0.0008131298
Cold,76235,517,516,2042,1201,0,-0.00529832
Cold,82035,543,542,2042,1201,0,0.001981829
Cold,69277,463,462,2042,1201,0,-0.005487391
Cold,87145,569,568,2042,1201,0,0.0021889412
Cold,65667,438,437,2042,1201,0,0.0016413073
Cold,63582,424,423,2042,1201,0,0.012921788
Cold,75210,509,508,2042,1201,0,0.0047453325
Cold,56177,373,372,2042,1201,0,0.0013023163
Cold,44881,302,301,2042,1201,0,0.0028374023
Cold,58279,392,391,2042,1201,0,0.00713621
Cold,363547,2116,2115,2042,1201,1,0.0033089374
Cold,40811,273,272,2042,1201,0,0.0038278806
Cold,32422,216,215,2042,1201,1,-0.009484424
Cold,273413,1647,1646,2042,1201,0,0.0048404173
Cold,54680,355,354,2042,1201,0,0.001960071
Cold,235380,1425,1424,2042,1201,0,0.008096989
Cold,7103,48,47,2042,1201,0,0.0031368844
Cold,3764,26,25,2042,1201,0,-0.0042538517
Cold,2240,18,17,2042,1201,0,-0.003192578
Cold,79854,531,530,2042,1201,0,0.0033425717
Cold,19700,148,147,2042,1201,0,-0.001196634
Cold,78763,528,527,2042,1201,0,0.0077801356
Cold,355286,2077,2076,2042,1201,0,0.004230894
Cold,552774,3401,3400,2042,1201,0,0.0049602557
Cold,238441,1447,1446,2042,1201,0,0.007175966
Cold,326269,1930,1929,2042,1201,0,0.0049449266
Cold,334142,1969,1968,2042,1201,0,0.004581608
Cold,682884,4085,4084,2042,1201,0,0.00460451
Cold,883570,5333,5332,2042,1201,0,0.00019486947
Cold,376512,2195,2194,2042,1201,0,0.0013933093
Cold,172246,1088,1087,2042,1201,0,0.009814391
Cold,102785,678,677,2042,1201,0,-0.0032170159
Cold,329692,1943,1942,2042,1201,0,0.0007211822
Cold,335265,1978,1977,2042,1201,0,0.001370186
Cold,489853,3013,3012,2042,1201,0,-0.011810855
Cold,352537,2063,2062,2042,1201,0,0.006142025
Cold,134740,869,868,2042,1201,0,0.0005454314
Cold,116964,753,752,2042,1201,1,-0.0027893502
Cold,258065,1579,1578,2042,1201,1,0.004289527
Cold,941870,5682,5681,2042,1201,0,0.0011912086
Cold,295823,1755,1754,2042,1201,0,0.0036968505
Cold,714314,4277,4276,2042,1201,0,-0.0064698304
Cold,467188,2878,2877,2042,1201,0,-0.0030720243
Cold,628928,3807,3806,2043,1202,1,-0.0021711956
Cold,638780,3841,3840,2043,1202,1,0.0044535045
Cold,617511,3737,3736,2043,1202,1,0.0038828782
Cold,615895,3727,3726,2043,1202,0,0.003019443
Cold,726867,4345,4344,2043,1202,0,0.0037710727
Cold,590507,3601,3600,2043,1202,1,0.013578979
Cold,585957,3576,3575,2043,1202,0,0.003323744
Cold,556462,3419,3418,2043,1202,1,0.0005399035
Cold,556343,3418,3417,2043,1202,0,0.0039461153
Cold,533777,3292,3291,2043,1202,0,0.0040482795
Cold,526948,3259,3258,2043,1202,1,0.0038427678
Cold,518993,3201,3200,2043,1202,0,0.0021312954
Cold,769195,4579,4578,2043,1202,1,-0.0042655095
Cold,571321,3503,3502,2043,1202,0,0.0009080281
Cold,797897,4784,4783,2043,1202,1,0.005561619
Cold,479426,2941,2940,2043,1202,0,0.004565867
Cold,697948,4169,4168,2043,1202,1,-0.0039029075
Cold,472172,2906,2905,2043,1202,0,0.00024285889
Cold,714316,4277,4276,2043,1202,1,0.007724912
Cold,474289,2909,2908,2043,1202,0,0.004922295
Cold,469605,2892,2891,2043,1202,1,0.0057519116
Cold,455508,2804,2803,2043,1202,1,-0.007336638
Cold,449194,2769,2768,2043,1202,0,0.001469864
Cold,448200,2761,2760,2043,1202,1,0.0075626904
Cold,427918,2599,2598,2043,1202,0,-0.0010267212
Cold,419126,2529,2528,2043,1202,1,0.0006420063
Cold,427167,2592,2591,2043,1202,0,-0.008389277
Cold,414185,2492,2491,2043,1202,0,0.0014448962
Cold,408835,2454,2453,2043,1202,0,-0.0014236534
Cold,393024,2308,2307,2043,1202,1,-0.006166751
Cold,383861,2242,2241,2043,1202,1,0.007383139
Cold,377549,2203,2202,2043,1202,1,0.003778982
Cold,376121,2192,2191,2043,1202,0,-2.1359883e-05
Cold,362260,2110,2109,2043,1202,0,0.0045217746
Cold,353053,2067,2066,2043,1202,0,0.0043912535
Cold,357824,2092,2091,2043,1202,0,0.0005695496
Cold,336550,1980,1979,2043,1202,1,0.010660414
Cold,318523,1891,1890,2043,1202,0,0.0033878975
Cold,297120,1761,1760,2043,1202,0,-0.0054489365
Cold,296255,1757,1756,2043,1202,1,0.0014074934
Cold,289099,1726,1725,2043,1202,0,-0.003610092
Cold,270350,1635,1634,2043,1202,1,0.012109874
Cold,345580,2026,2025,2043,1202,0,0.0004365167
Cold,259210,1586,1585,2043,1202,1,0.0050063767
Cold,361234,2106,2105,2043,1202,0,-0.0067686467
Cold,230253,1392,1391,2043,1202,0,0.005639991
Cold,324138,1920,1919,2043,1202,1,0.01046267
Cold,216138,1311,1310,2043,1202,0,0.011441484
Cold,217475,1317,1316,2043,1202,1,0.002665813
Cold,278137,1676,1675,2043,1202,0,-0.008201699
Cold,213788,1298,1297,2043,1202,0,0.0030436432
Cold,280230,1680,1679,2043,1202,1,0.0044320533
Cold,293351,1746,1745,2043,1202,1,-0.0029592244
Cold,220161,1333,1332,2043,1202,0,-0.0032949455
Cold,192519,1184,1183,2043,1202,0,-0.00073263934
Cold,328952,1941,1940,2043,1202,0,0.009344818
Cold,181524,1134,1133,2043,1202,0,-0.0033631881
Cold,249116,1501,1500,2043,1202,1,-0.0021508671
Cold,168163,1068,1067,2043,1202,1,-0.007923334
Cold,168939,1071,1070,2043,1202,1,0.0017742924
Cold,162433,1034,1033,2043,1202,1,0.0052753743
Cold,199732,1224,1223,2043,1202,1,0.0061443783
Cold,141258,910,909,2043,1202,0,-0.00072944793
Cold,277275,1675,1674,2043,1202,1,0.0057271817
Cold,141779,911,910,2043,1202,0,0.009572829
Cold,176454,1115,1114,2043,1202,0,0.00787327
Cold,123649,796,795,2043,1202,1,0.009831886
Cold,475868,2919,2918,2043,1202,1,-0.0016857884
Cold,118170,764,763,2043,1202,1,0.0024323314
Cold,112797,731,730,2043,1202,0,-0.0028503845
Cold,178499,1120,1119,2043,1202,1,-0.00014203694
Cold,94501,634,633,2043,1202,0,-0.0029885848
Cold,85894,560,559,2043,1202,0,-8.690101e-05
Cold,85384,556,555,2043,1202,0,0.0032424843
Cold,65020,436,435,2043,1202,0,-0.0047793267
Cold,57504,389,388,2043,1202,0,0.00017124257
Cold,39132,264,263,2043,1202,0,0.0007476285
Cold,36837,245,244,2043,1202,0,0.004565357
Cold,14740,117,116,2043,1202,1,0.0017116466
Cold,12771,97,96,2043,1202,1,0.010285495
Cold,592299,3610,3609,2043,1202,0,-0.003302546
Cold,8052,53,52,2043,1202,0,-0.01059643
Cold,1193,10,9,2043,1202,1,0.01037905
Cold,234480,1422,1421,2043,1202,0,0.002133789
Cold,95654,639,638,2043,1202,1,0.0016616592
Cold,40142,271,270,2043,1202,1,-0.0055826437
Cold,386260,2258,2257,2043,1202,1,0.0008108709
Cold,235381,1425,1424,2043,1202,0,0.0007273564
Cold,12194,92,91,2043,1202,1,0.0034168763
Cold,830038,4983,4982,2043,1202,0,0.005553856
Cold,6148,44,43,2043,1202,0,-0.0027331663
Cold,588257,3589,3588,2043,1202,0,0.006251981
Cold,700136,4186,4185,2043,1202,0,0.0076383236
Cold,821780,4940,4939,2043,1202,1,0.0058036065
Cold,410588,2462,2461,2043,1202,0,0.0022468502
Cold,710044,4258,4257,2043,1202,0,0.004329781
Cold,272470,1645,1644,2043,1202,1,-0.004426905
Cold,825877,4958,4957,2043,1202,0,0.010508904
Cold,450065,2774,2773,2048,1204,0,0.0031916096
Cold,422008,2552,2551,2048,1204,0,-0.0025966382
Cold,410592,2462,2461,2048,1204,0,0.002053348
Cold,419131,2529,2528,2048,1204,1,-0.0051925406
Cold,385804,2255,2254,2048,1204,1,-0.0021049904
Cold,380567,2223,2222,2048,1204,0,0.0025061406
Cold,383865,2242,2241,2048,1204,1,-0.008773761
Cold,374579,2181,2180,2048,1204,1,9.8147895e-05
Cold,359048,2100,2099,2048,1204,0,-0.000986841
Cold,341919,2012,2011,2048,1204,0,-0.0039909873
Cold,339818,2003,2002,2048,1204,1,-0.0013856372
Cold,334148,1969,1968,2048,1204,0,0.00467989
Cold,327084,1938,1937,2048,1204,1,-0.0069297096
Cold,313643,1871,1870,2048,1204,0,0.0015750951
Cold,291032,1736,1735,2048,1204,0,-0.00017426559
Cold,278144,1676,1675,2048,1204,1,-0.00079637836
Cold,266208,1613,1612,2048,1204,1,-0.004133893
Cold,346520,2030,2029,2048,1204,1,-0.010336916
Cold,247421,1495,1494,2048,1204,0,0.001171265
Cold,218740,1325,1324,2048,1204,0,-0.0082466975
Cold,216293,1312,1311,2048,1204,0,0.00586098
Cold,214027,1299,1298,2048,1204,1,-0.01145121
Cold,280239,1680,1679,2048,1204,1,-0.0015469075
Cold,293356,1746,1745,2048,1204,1,0.00016782293
Cold,328960,1941,1940,2048,1204,0,-0.004765344
Cold,178507,1120,1119,2048,1204,1,0.0020669978
Cold,173920,1100,1099,2048,1204,0,0.00055540865
Cold,175890,1112,1111,2048,1204,1,0.0012946205
Cold,168165,1068,1067,2048,1204,0,0.0034468507
Cold,165865,1057,1056,2048,1204,0,-0.0016720635
Cold,156128,1004,1003,2048,1204,0,-0.000989109
Cold,147233,948,947,2048,1204,1,-0.0031515383
Cold,277280,1675,1674,2048,1204,0,-0.00034754118
Cold,134745,869,868,2048,1204,1,-0.0018293976
Cold,263821,1605,1604,2048,1204,0,-0.003562486
Cold,124371,800,799,2048,1204,1,0.000960595
Cold,121410,780,779,2048,1204,1,-0.0074271853
Cold,216550,1314,1313,2048,1204,0,-0.00016025151
Cold,272473,1645,1644,2048,1204,1,0.001567013
Cold,99386,662,661,2048,1204,1,0.009895809
Cold,329699,1943,1942,2048,1204,1,0.011968093
Cold,109529,714,713,2048,1204,1,0.0018766331
Cold,235388,1425,1424,2048,1204,0,0.003008427
Cold,162435,1034,1033,2048,1204,1,-0.00759747
Cold,177347,1117,1116,2048,1204,1,-0.004358217
Cold,120687,777,776,2048,1204,0,0.000411083
Cold,86313,563,562,2048,1204,0,-0.0024476976
Cold,85387,556,555,2048,1204,0,-0.00014935748
Cold,191688,1181,1180,2048,1204,0,-0.0077190823
Cold,83716,549,548,2048,1204,0,-0.010330379
Cold,80829,536,535,2048,1204,1,0.0075769015
Cold,42028,284,283,2048,1204,1,0.00079765497
Cold,86922,566,565,2048,1204,0,-0.002377975
Cold,15077,119,118,2048,1204,0,-0.0027730004
Cold,207262,1266,1265,2048,1204,1,-0.0041750553
Cold,79859,531,530,2048,1204,1,-0.010619176
Cold,19705,148,147,2048,1204,1,-0.010121867
Cold,65674,438,437,2048,1204,0,0.0024097674
Cold,222819,1348,1347,2048,1204,1,0.0044841045
Cold,12197,92,91,2048,1204,0,-0.00061889086
Cold,102793,678,677,2048,1204,1,-0.0006390724
Cold,376514,2195,2194,2048,1204,0,0.007955344
Cold,172255,1088,1087,2048,1204,1,0.008191245
Cold,344989,2023,2022,2048,1204,0,0.0037834523
Cold,734836,4387,4386,2048,1204,0,-0.009295865
Cold,609811,3695,3694,2048,1204,1,-0.003933831
Cold,371908,2172,2171,2048,1204,1,-0.001504329
Cold,63593,424,423,2048,1204,1,-0.006580254
Cold,849508,5100,5099,2048,1204,1,-0.0021738114
Cold,753609,4489,4488,2048,1204,0,0.0008958038
Cold,825880,4958,4957,2048,1204,0,0.0017157602
Cold,372388,2175,2174,2050,1205,0,-0.0020010774
Cold,436025,2665,2664,2050,1205,0,-0.015986836
Cold,345946,2030,2029,2050,1205,0,-0.014277261
Cold,231503,1404,1403,2050,1205,0,-0.013123224
Cold,220756,1339,1338,2050,1205,0,-0.012198191
Cold,223956,1356,1355,2050,1205,0,-0.0065150224
Cold,278406,1680,1679,2050,1205,1,-0.01247609
Cold,269573,1635,1634,2050,1205,0,-0.013644105
Cold,327377,1941,1940,2050,1205,0,-0.012051437
Cold,248581,1501,1500,2050,1205,1,-0.0032496685
Cold,271955,1645,1644,2050,1205,1,-0.0063112807
Cold,331204,1958,1957,2050,1205,0,-0.0103666615
Cold,152649,983,982,2050,1205,1,-0.00402907
Cold,184693,1150,1149,2050,1205,0,-0.015533755
Cold,156402,1010,1009,2050,1205,0,-0.015047644
Cold,131559,853,852,2050,1205,1,-0.008146571
Cold,127168,822,821,2050,1205,0,-0.005518905
Cold,126411,817,816,2050,1205,1,-0.014441913
Cold,123742,798,797,2050,1205,1,-0.0022411803
Cold,120905,780,779,2050,1205,0,-0.0076333876
Cold,177779,1120,1119,2050,1205,0,-0.00010693318
Cold,351231,2063,2062,2050,1205,0,-0.020520825
Cold,120190,777,776,2050,1205,0,-0.007815845
Cold,88176,582,581,2050,1205,0,-0.009405917
Cold,85157,556,555,2050,1205,0,-0.0031067217
Cold,82573,549,548,2050,1205,0,-0.005678124
Cold,73022,494,493,2050,1205,1,-0.00021669455
Cold,70326,475,474,2050,1205,0,-0.0041970983
Cold,71661,482,481,2050,1205,0,-0.005312804
Cold,25179,178,177,2050,1205,0,-0.003828381
Cold,6518,48,47,2050,1205,0,-0.012990266
Cold,233765,1422,1421,2050,1205,0,-0.00829405
Cold,530175,3274,3273,2050,1205,0,-0.014888972
Cold,354612,2077,2076,2050,1205,0,-0.009831286
Cold,325954,1930,1929,2050,1205,0,-0.012010722
Cold,695647,4169,4168,2050,1205,0,-0.015866194
Cold,828460,4979,4978,2050,1205,0,-0.011673845
Cold,101799,678,677,2050,1205,0,-0.006862074
Cold,632778,3824,3823,2050,1205,0,-0.018321604
Cold,133908,869,868,2050,1205,0,-0.013526554
Cold,699500,4186,4185,2050,1205,0,-0.013585698
Cold,587576,3589,3588,2050,1205,0,-0.0102128135
Cold,193342,1194,1193,2050,1205,0,-0.017340034
Cold,515201,3182,3181,2050,1205,1,-0.01135418
Cold,301122,1790,1789,2051,1206,0,0.0037421864
Cold,273421,1648,1647,2051,1206,0,0.0029014675
Cold,286167,1709,1708,2051,1206,1,-0.0015307781
Cold,259215,1587,1586,2051,1206,0,0.009066584
Cold,345947,2030,2029,2051,1206,0,-0.0005325433
Cold,229090,1389,1388,2051,1206,0,0.005614926
Cold,269575,1635,1634,2051,1206,0,0.0017304341
Cold,219617,1333,1332,2051,1206,0,0.009355079
Cold,278408,1680,1679,2051,1206,1,0.0013637149
Cold,327379,1941,1940,2051,1206,0,0.011322615
Cold,173417,1100,1099,2051,1206,0,-0.002515744
Cold,248582,1501,1500,2051,1206,0,0.0067519406
Cold,167573,1068,1067,2051,1206,0,0.009646804
Cold,271956,1645,1644,2051,1206,1,-0.0013463693
Cold,162104,1034,1033,2051,1206,0,0.0060436507
Cold,270659,1639,1638,2051,1206,0,0.007949994
Cold,216685,1317,1316,2051,1206,0,0.0059314594
Cold,131560,853,852,2051,1206,1,0.0038771348
Cold,120906,780,779,2051,1206,0,0.0085985605
Cold,177780,1120,1119,2051,1206,0,-0.0028801071
Cold,96822,651,650,2051,1206,1,0.006878388
Cold,351232,2063,2062,2051,1206,0,0.007652171
Cold,304552,1812,1811,2051,1206,0,0.012310337
Cold,233766,1422,1421,2051,1206,0,-0.0007915739
Cold,129830,840,839,2051,1206,1,0.008602412
Cold,73023,494,493,2051,1206,1,0.0024407771
Cold,71662,482,481,2051,1206,0,0.008725142
Cold,41566,284,283,2051,1206,0,0.009217346
Cold,31644,216,215,2051,1206,0,0.0007158952
Cold,331205,1958,1957,2051,1206,0,0.009054133
Cold,238460,1448,1447,2051,1206,0,0.002310241
Cold,95258,639,638,2051,1206,0,0.011997513
Cold,354613,2077,2076,2051,1206,0,0.002788233
Cold,892726,5394,5393,2051,1206,0,-9.201933e-05
Cold,828461,4979,4978,2051,1206,0,0.009041898
Cold,272540,1647,1646,2051,1206,0,0.010350318
Cold,101800,678,677,2051,1206,0,0.010173168
Cold,632779,3824,3823,2051,1206,0,0.005717837
Cold,958711,5787,5786,2051,1206,0,-0.002657768
Cold,311178,1854,1853,2051,1206,0,-0.0009659359
Cold,193343,1194,1193,2051,1206,0,0.009202434
Cold,562001,3458,3457,2052,1207,1,0.0046856194
Cold,573348,3512,3511,2052,1207,0,0.011098649
Cold,550789,3392,3391,2052,1207,0,0.0031631177
Cold,549581,3391,3390,2052,1207,0,0.0025719213
Cold,547468,3378,3377,2052,1207,0,0.008750319
Cold,540895,3328,3327,2052,1207,0,0.0027195474
Cold,535674,3308,3307,2052,1207,1,0.013758731
Cold,532857,3292,3291,2052,1207,1,0.008707961
Cold,529322,3272,3271,2052,1207,1,0.013340384
Cold,561402,3454,3453,2052,1207,0,0.005933243
Cold,505774,3111,3110,2052,1207,0,0.0039722254
Cold,500561,3075,3074,2052,1207,0,0.006378929
Cold,497511,3055,3054,2052,1207,1,0.006646004
Cold,493669,3032,3031,2052,1207,1,0.010114711
Cold,658982,3971,3970,2052,1207,0,0.009872323
Cold,491881,3026,3025,2052,1207,0,-0.000814351
Cold,489071,3012,3011,2052,1207,0,0.01734587
Cold,487517,2999,2998,2052,1207,0,0.0022634468
Cold,517750,3196,3195,2052,1207,0,0.0030969451
Cold,477767,2934,2933,2052,1207,1,0.0061385683
Cold,472178,2907,2906,2052,1207,1,0.008543857
Cold,869889,5256,5255,2052,1207,0,0.012065013
Cold,467875,2885,2884,2052,1207,0,0.007086864
Cold,466506,2878,2877,2052,1207,1,0.010439534
Cold,492377,3029,3028,2052,1207,0,0.0067089647
Cold,447724,2761,2760,2052,1207,0,0.008727889
Cold,420353,2541,2540,2052,1207,1,0.0015718781
Cold,419513,2537,2536,2052,1207,0,0.0090249665
Cold,419217,2533,2532,2052,1207,1,0.0020849328
Cold,418327,2529,2528,2052,1207,1,0.009999529
Cold,385631,2255,2254,2052,1207,0,0.005027763
Cold,382193,2233,2232,2052,1207,0,0.0062862225
Cold,375396,2188,2187,2052,1207,0,0.0046591302
Cold,377017,2203,2202,2052,1207,1,0.0052090865
Cold,373677,2181,2180,2052,1207,0,0.010790401
Cold,366522,2136,2135,2052,1207,1,0.0040340284
Cold,362593,2116,2115,2052,1207,1,0.0059878123
Cold,355842,2085,2084,2052,1207,0,0.013302889
Cold,361302,2109,2108,2052,1207,1,0.010879605
Cold,347166,2038,2037,2052,1207,0,-0.0026239245
Cold,341316,2012,2011,2052,1207,0,0.0046739136
Cold,339758,2003,2002,2052,1207,0,0.0027887651
Cold,340334,2010,2009,2052,1207,0,0.0038225208
Cold,333634,1969,1968,2052,1207,1,0.0072366097
Cold,294621,1750,1749,2052,1207,0,0.003170547
Cold,299371,1778,1777,2052,1207,0,0.010832152
Cold,287337,1716,1715,2052,1207,0,0.0036318619
Cold,280633,1685,1684,2052,1207,0,0.005423078
Cold,360349,2106,2105,2052,1207,0,-0.0013951571
Cold,247242,1495,1494,2052,1207,0,0.0036521158
Cold,335308,1980,1979,2052,1207,0,0.017560847
Cold,277286,1676,1675,2052,1207,0,0.0053271605
Cold,213183,1298,1297,2052,1207,1,0.012846988
Cold,278411,1680,1679,2052,1207,1,0.012759268
Cold,236265,1434,1433,2052,1207,1,-0.0002906269
Cold,209289,1279,1278,2052,1207,0,0.0035440843
Cold,327382,1941,1940,2052,1207,1,0.00876903
Cold,177781,1120,1119,2052,1207,1,0.015671436
Cold,173418,1100,1099,2052,1207,0,-0.0012300801
Cold,172758,1096,1095,2052,1207,0,0.0029247776
Cold,163579,1050,1049,2052,1207,0,0.017814236
Cold,271958,1645,1644,2052,1207,1,0.0065813875
Cold,189203,1173,1172,2052,1207,0,0.008411961
Cold,227507,1380,1379,2052,1207,0,0.012121918
Cold,167575,1068,1067,2052,1207,0,0.008833773
Cold,149311,961,960,2052,1207,0,0.007999216
Cold,146727,948,947,2052,1207,1,0.009090783
Cold,137573,889,888,2052,1207,0,0.017206758
Cold,127169,822,821,2052,1207,1,0.011738479
Cold,126412,817,816,2052,1207,0,-0.00022968289
Cold,124108,800,799,2052,1207,1,0.009267396
Cold,116751,753,752,2052,1207,1,0.0041115303
Cold,120192,777,776,2052,1207,0,0.0085743815
Cold,112166,731,730,2052,1207,1,0.014293645
Cold,105761,699,698,2052,1207,0,-6.573973e-06
Cold,109111,714,713,2052,1207,1,0.008152381
Cold,96302,647,646,2052,1207,0,0.0013441108
Cold,94436,634,633,2052,1207,0,-0.0025738727
Cold,93694,629,628,2052,1207,0,0.0038644425
Cold,234618,1425,1424,2052,1207,1,0.0142646525
Cold,85158,556,555,2052,1207,0,0.0073443204
Cold,83726,550,549,2052,1207,0,0.015643127
Cold,118910,770,769,2052,1207,0,0.006681838
Cold,73024,494,493,2052,1207,1,0.0030923737
Cold,79913,533,532,2052,1207,0,0.016860107
Cold,87022,569,568,2052,1207,0,0.010285823
Cold,59292,403,402,2052,1207,0,0.0068988856
Cold,227869,1383,1382,2052,1207,0,0.010783059
Cold,53321,352,351,2052,1207,0,0.009730998
Cold,132178,855,854,2052,1207,0,0.011438508
Cold,110489,721,720,2052,1207,0,0.012197988
Cold,46342,310,309,2052,1207,1,0.010288785
Cold,44112,302,301,2052,1207,0,0.002288668
Cold,36095,245,244,2052,1207,0,0.00965873
Cold,31645,216,215,2052,1207,0,0.0043324083
Cold,336790,1983,1982,2052,1207,1,0.017334277
Cold,32790,223,222,2052,1207,0,0.011902234
Cold,14974,119,118,2052,1207,0,0.005142921
Cold,10414,75,74,2052,1207,1,0.0033785023
Cold,49026,329,328,2052,1207,0,0.009530902
Cold,6164,45,44,2052,1207,0,0.011846667
Cold,1949,18,17,2052,1207,0,0.008293828
Cold,142116,918,917,2052,1207,1,0.012100225
Cold,233767,1422,1421,2052,1207,0,0.007264647
Cold,73770,500,499,2052,1207,1,-0.004767787
Cold,157590,1015,1014,2052,1207,0,0.022621797
Cold,39839,271,270,2052,1207,1,0.009793921
Cold,385909,2258,2257,2052,1207,1,0.006564335
Cold,859971,5172,5171,2052,1207,1,0.008204066
Cold,101803,678,677,2052,1207,1,0.0072470284
Cold,312121,1861,1860,2052,1207,0,0.011908224
Cold,78999,531,530,2052,1207,0,0.009573153
Cold,598961,3648,3647,2052,1207,0,0.012559785
Cold,907530,5492,5491,2052,1207,0,0.0075034
Cold,562318,3462,3461,2052,1207,0,0.0049091936
Cold,62385,424,423,2052,1207,0,0.012525768
Cold,171091,1088,1087,2052,1207,0,0.016637802
Cold,354615,2077,2076,2052,1207,0,0.0020257721
Cold,966438,5831,5830,2052,1207,0,0.020729642
Cold,661763,3992,3991,2052,1207,0,0.0031510056
Cold,785730,4697,4696,2052,1207,1,0.008426113
Cold,682066,4085,4084,2052,1207,1,0.008191817
Cold,974166,5878,5877,2052,1207,0,0.01038195
Cold,215956,1311,1310,2057,1210,0,0.0055142157
Cold,277291,1676,1675,2057,1210,1,0.0063169063
Cold,304562,1812,1811,2057,1210,0,0.006709898
Cold,327396,1941,1940,2057,1210,1,0.0062437076
Cold,248587,1501,1500,2057,1210,1,0.007379751
Cold,190197,1181,1180,2057,1210,0,0.010796353
Cold,162111,1034,1033,2057,1210,1,0.007201766
Cold,342068,2015,2014,2057,1210,0,0.0014930144
Cold,150885,971,970,2057,1210,1,0.0023505152
Cold,324233,1922,1921,2057,1210,1,-0.0026268135
Cold,712590,4277,4276,2057,1210,1,0.0010207922
Cold,262868,1605,1604,2057,1210,0,-0.0052725524
Cold,130411,846,845,2057,1210,1,-0.0049095703
Cold,177791,1120,1119,2057,1210,0,0.009636309
Cold,94774,637,636,2057,1210,1,0.0024876415
Cold,93697,629,628,2057,1210,1,-0.009566182
Cold,85160,556,555,2057,1210,0,-0.0048035043
Cold,73214,495,494,2057,1210,0,-0.004632528
Cold,54888,360,359,2057,1210,1,-0.002661768
Cold,39717,270,269,2057,1210,1,-0.0025773551
Cold,10417,75,74,2057,1210,1,0.013103225
Cold,8274,58,57,2057,1210,1,0.002095331
Cold,233778,1422,1421,2057,1210,0,0.0075728167
Cold,95267,639,638,2057,1210,0,0.0014423213
Cold,385913,2258,2257,2057,1210,0,0.002321104
Cold,141101,910,909,2057,1210,0,-0.00016635633
Cold,632795,3824,3823,2057,1210,1,-0.0009806256
Cold,829900,4983,4982,2057,1210,1,-0.00013993343
Cold,892731,5394,5393,2057,1210,0,0.0065430757
Cold,546612,3371,3370,2057,1210,0,-0.0014213372
Cold,658985,3971,3970,2057,1210,1,0.00558959
Cold,568886,3491,3490,2060,1213,0,0.0059444974
Cold,562924,3464,3463,2060,1213,0,0.0012559169
Cold,555586,3416,3415,2060,1213,0,0.0067429906
Cold,536737,3311,3310,2060,1213,1,-0.0014218222
Cold,530746,3280,3279,2060,1213,0,0.0049814414
Cold,524772,3240,3239,2060,1213,0,-0.0031934176
Cold,514700,3180,3179,2060,1213,0,-0.014231607
Cold,512481,3163,3162,2060,1213,1,-0.0018965227
Cold,505780,3111,3110,2060,1213,1,0.0031566673
Cold,493176,3031,3030,2060,1213,1,-0.0030424255
Cold,496329,3051,3050,2060,1213,0,-0.0035351845
Cold,489863,3014,3013,2060,1213,0,0.0011200353
Cold,517761,3196,3195,2060,1213,1,0.0033929711
Cold,470817,2899,2898,2060,1213,0,-0.0020409243
Cold,564077,3471,3470,2060,1213,0,0.006093126
Cold,486839,2996,2995,2060,1213,0,-0.0049279565
Cold,450473,2777,2776,2060,1213,0,0.002215029
Cold,429957,2621,2620,2060,1213,1,-0.008126175
Cold,404323,2419,2418,2060,1213,0,-0.0060208123
Cold,436051,2665,2664,2060,1213,0,-0.00295946
Cold,393929,2321,2320,2060,1213,1,-0.006629082
Cold,370405,2166,2165,2060,1213,1,0.008205533
Cold,382425,2235,2234,2060,1213,1,0.0015606163
Cold,367812,2148,2147,2060,1213,1,-0.014446963
Cold,367176,2143,2142,2060,1213,0,0.0014033297
Cold,355855,2085,2084,2060,1213,1,0.0067409393
Cold,351261,2063,2062,2060,1213,0,-0.0021931492
Cold,348827,2047,2046,2060,1213,0,-0.0062838797
Cold,340355,2010,2009,2060,1213,0,0.005647772
Cold,290845,1736,1735,2060,1213,0,-0.0044736275
Cold,301134,1790,1789,2060,1213,1,-0.0018474502
Cold,285729,1704,1703,2060,1213,1,0.001226496
Cold,297242,1764,1763,2060,1213,1,-0.0024249442
Cold,281099,1687,1686,2060,1213,0,0.005741057
Cold,282478,1694,1693,2060,1213,0,-0.004680099
Cold,265439,1613,1612,2060,1213,0,-0.0006183577
Cold,309200,1841,1840,2060,1213,0,-0.0011516369
Cold,247445,1496,1495,2060,1213,0,-0.0017916799
Cold,223975,1356,1355,2060,1213,0,-0.0033944726
Cold,226909,1377,1376,2060,1213,0,0.0058424836
Cold,262059,1600,1599,2060,1213,0,-0.0053247605
Cold,296703,1759,1758,2060,1213,1,0.017314486
Cold,214034,1300,1299,2060,1213,1,0.0008052862
Cold,209702,1281,1280,2060,1213,0,0.004035613
Cold,277315,1676,1675,2060,1213,0,-0.0048754234
Cold,204860,1261,1260,2060,1213,1,0.0037653826
Cold,261516,1599,1598,2060,1213,0,-0.0015626943
Cold,278454,1680,1679,2060,1213,1,0.0058201654
Cold,182985,1141,1140,2060,1213,0,-0.0046700267
Cold,178960,1124,1123,2060,1213,0,0.004334242
Cold,243627,1470,1469,2060,1213,0,0.0070724073
Cold,173431,1100,1099,2060,1213,0,-0.004309604
Cold,163598,1050,1049,2060,1213,0,-0.0022626647
Cold,271968,1645,1644,2060,1213,1,-0.0027949787
Cold,155668,1004,1003,2060,1213,1,0.0003764145
Cold,146203,940,939,2060,1213,1,-0.0060962765
Cold,135350,877,876,2060,1213,0,0.00029550306
Cold,127989,828,827,2060,1213,0,0.0033752879
Cold,118935,770,769,2060,1213,1,-0.012727125
Cold,117304,757,756,2060,1213,0,-0.0023135561
Cold,113903,739,738,2060,1213,0,0.008630753
Cold,110231,719,718,2060,1213,0,0.00020536012
Cold,107588,710,709,2060,1213,0,0.00042908802
Cold,470268,2896,2895,2060,1213,0,-0.003903736
Cold,101219,676,675,2060,1213,0,-0.004937838
Cold,176625,1117,1116,2060,1213,0,0.002226314
Cold,329052,1943,1942,2060,1213,0,0.012388675
Cold,92483,620,619,2060,1213,0,-0.0057051787
Cold,264859,1611,1610,2060,1213,0,-0.00060872314
Cold,91557,608,607,2060,1213,0,0.0027857567
Cold,283753,1698,1697,2060,1213,0,-0.0018663516
Cold,291059,1737,1736,2060,1213,1,0.0054094633
Cold,82608,549,548,2060,1213,1,-0.0038088667
Cold,75224,510,509,2060,1213,1,0.0035799048
Cold,74522,509,508,2060,1213,1,-0.004579488
Cold,81387,543,542,2060,1213,1,-0.0051242798
Cold,67284,453,452,2060,1213,0,-0.0004406299
Cold,65098,438,437,2060,1213,1,0.0032935354
Cold,59019,402,401,2060,1213,0,0.009790769
Cold,53355,352,351,2060,1213,0,0.0028313866
Cold,45295,306,305,2060,1213,1,-0.0016098645
Cold,44138,302,301,2060,1213,1,-0.0013831556
Cold,41583,284,283,2060,1213,1,0.003950781
Cold,43769,301,300,2060,1213,0,-0.0006918558
Cold,695676,4169,4168,2060,1213,0,-0.0037971018
Cold,36126,245,244,2060,1213,0,0.001241501
Cold,31674,216,215,2060,1213,0,-0.0044842786
Cold,31446,214,213,2060,1213,1,-0.00011900952
Cold,26929,192,191,2060,1213,0,0.003504
Cold,26877,191,190,2060,1213,0,0.010189699
Cold,54291,355,354,2060,1213,1,0.0042482223
Cold,269603,1635,1634,2060,1213,1,0.0015716895
Cold,457554,2820,2819,2060,1213,0,0.0021420198
Cold,65862,442,441,2060,1213,0,-0.0014180974
Cold,157620,1015,1014,2060,1213,1,0.0022284056
Cold,584960,3571,3570,2060,1213,1,0.004441929
Cold,237501,1447,1446,2060,1213,0,0.003739442
Cold,342091,2015,2014,2060,1213,0,-0.008286362
Cold,362623,2116,2115,2060,1213,0,-0.0019782167
Cold,682091,4085,4084,2060,1213,1,0.0049914867
Cold,73264,496,495,2060,1213,0,0.0027912625
Cold,317442,1889,1888,2060,1213,0,0.00084279454
Cold,537659,3312,3311,2060,1213,0,0.0033956566
Cold,11510,90,89,2060,1213,0,-0.00973965
Cold,159693,1019,1018,2060,1213,0,0.0049079256
Cold,712608,4277,4276,2060,1213,1,0.0068476927
Cold,907542,5492,5491,2060,1213,0,-0.00032894476
Cold,562338,3462,3461,2060,1213,0,-0.0071335314
Cold,133935,869,868,2060,1213,1,0.0024937072
Cold,810955,4867,4866,2060,1213,1,-0.0033384012
Cold,71686,482,481,2060,1213,1,0.0010052942
Cold,982986,5938,5937,2060,1213,0,-0.005224348
Cold,23428,169,168,2060,1213,0,0.0053576496
Cold,206211,1265,1264,2060,1213,0,-0.0057584206
Cold,581172,3550,3549,2060,1213,0,0.0021996268
Cold,371474,2172,2171,2060,1213,0,-0.00555452
Cold,375411,2188,2187,2060,1213,0,-0.0025785202
Cold,233574,1421,1420,2060,1213,1,-0.008001784
Cold,790253,4728,4727,2060,1213,0,0.004812466
Cold,461345,2847,2846,2060,1213,0,0.0007596293
Cold,214574,1303,1302,2060,1213,0,0.00629359
Cold,549615,3391,3390,2060,1213,1,0.00055899285
Cold,52892,349,348,2060,1213,0,-0.008038377
Cold,335341,1980,1979,2062,1214,0,0.007880977
Cold,882751,5333,5332,2062,1214,0,-0.008111688
Cold,917192,5543,5542,2062,1214,1,-0.0017773722
Cold,995897,6016,6015,2062,1214,0,-0.004614963
Cold,499046,3067,3066,2062,1214,1,0.00020363263
Cold,187441,1164,1163,2062,1214,0,0.0024423888
Cold,831855,5001,5000,2062,1214,0,0.0030031549
Cold,178521,1121,1120,2062,1214,1,0.0057570096
Cold,171131,1088,1087,2062,1214,0,0.0031005358
Cold,33843,229,228,2062,1214,0,-0.004499885
Cold,364054,2121,2120,2066,1217,1,-0.0026568845
Cold,347184,2038,2037,2066,1217,1,0.0021533894
Cold,345973,2030,2029,2066,1217,1,-0.0050774273
Cold,342008,2014,2013,2066,1217,1,-0.002999496
Cold,339602,2002,2001,2066,1217,1,0.0052171983
Cold,325131,1926,1925,2066,1217,1,0.00020946586
Cold,302603,1797,1796,2066,1217,1,-0.005658513
Cold,285859,1706,1705,2066,1217,1,0.0067615453
Cold,256497,1567,1566,2066,1217,1,0.009621011
Cold,303203,1802,1801,2066,1217,0,-0.00079940027
Cold,227418,1378,1377,2066,1217,1,-0.005918135
Cold,253235,1540,1539,2066,1217,0,0.0042841537
Cold,212609,1295,1294,2066,1217,0,0.005303053
Cold,208165,1273,1272,2066,1217,1,-0.0006145148
Cold,206578,1266,1265,2066,1217,1,0.006011444
Cold,204247,1258,1257,2066,1217,1,0.0010657269
Cold,192939,1191,1190,2066,1217,1,0.001031663
Cold,180082,1128,1127,2066,1217,1,-0.0043186806
Cold,190240,1181,1180,2066,1217,1,0.00070199126
Cold,165087,1053,1052,2066,1217,1,-0.005283734
Cold,162123,1034,1033,2066,1217,1,-6.803067e-05
Cold,161074,1026,1025,2066,1217,1,-0.0015668524
Cold,159703,1019,1018,2066,1217,0,-0.0020486186
Cold,157632,1015,1014,2066,1217,1,0.002068152
Cold,153841,989,988,2066,1217,1,-0.004117747
Cold,144449,931,930,2066,1217,0,-0.0028270492
Cold,137625,889,888,2066,1217,1,-0.00728786
Cold,128111,829,828,2066,1217,1,-0.008944275
Cold,235407,1426,1425,2066,1217,0,-0.0022092343
Cold,113659,737,736,2066,1217,1,-0.0018926831
Cold,775923,4634,4633,2066,1217,1,-0.007210669
Cold,70595,476,475,2066,1217,1,-0.00088585354
Cold,74001,504,503,2066,1217,1,-0.003926697
Cold,45104,304,303,2066,1217,1,-0.012333327
Cold,430857,2627,2626,2066,1217,1,0.0038468456
Cold,481551,2962,2961,2066,1217,0,-0.007950725
Cold,13906,112,111,2066,1217,1,-0.002254333
Cold,591642,3610,3609,2066,1217,0,-0.0014450774
Cold,24131,173,172,2066,1217,0,-0.0066963416
Cold,3781,27,26,2066,1217,1,-0.011441639
Cold,192625,1186,1185,2066,1217,1,0.0014668365
Cold,888452,5367,5366,2066,1217,1,-0.011807421
Cold,821498,4940,4939,2066,1217,0,0.0003403963
Cold,293498,1748,1747,2066,1217,1,-0.014499572
Cold,225939,1369,1368,2066,1217,1,0.002625316
Cold,18500,146,145,2066,1217,0,-1.5660422e-05
Cold,442559,2726,2725,2068,1219,0,0.0097222505
Cold,437860,2676,2675,2068,1219,1,0.009642437
Cold,437694,2674,2673,2068,1219,1,0.0019532386
Cold,393206,2310,2309,2068,1219,1,0.016597386
Cold,389793,2288,2287,2068,1219,1,0.0032512192
Cold,382678,2237,2236,2068,1219,0,0.012243215
Cold,381456,2231,2230,2068,1219,1,0.013319861
Cold,377602,2205,2204,2068,1219,1,0.010950348
Cold,371929,2173,2172,2068,1219,0,0.010736644
Cold,371241,2170,2169,2068,1219,0,0.007287019
Cold,359170,2102,2101,2068,1219,0,0.011845668
Cold,343436,2018,2017,2068,1219,1,0.008640101
Cold,318585,1894,1893,2068,1219,1,-0.001147492
Cold,312724,1864,1863,2068,1219,1,0.0012669419
Cold,323002,1916,1915,2068,1219,1,0.012896067
Cold,298277,1768,1767,2068,1219,1,0.010992769
Cold,280648,1685,1684,2068,1219,1,0.0070757493
Cold,268693,1632,1631,2068,1219,0,0.02466309
Cold,235981,1429,1428,2068,1219,0,0.0023977684
Cold,631268,3821,3820,2068,1219,1,0.008080991
Cold,325135,1926,1925,2068,1219,1,0.013959456
Cold,275963,1671,1670,2068,1219,1,0.021852188
Cold,211957,1291,1290,2068,1219,0,0.014602978
Cold,207269,1267,1266,2068,1219,0,-0.0017500524
Cold,199793,1227,1226,2068,1219,1,0.012355177
Cold,294087,1749,1748,2068,1219,0,0.012424612
Cold,278468,1680,1679,2068,1219,0,0.018065106
Cold,210466,1285,1284,2068,1219,1,0.018771634
Cold,180083,1128,1127,2068,1219,1,0.010926827
Cold,345977,2030,2029,2068,1219,1,0.011761078
Cold,163059,1041,1040,2068,1219,1,0.006584135
Cold,246117,1489,1488,2068,1219,1,0.009173276
Cold,384594,2247,2246,2068,1219,1,0.0052668513
Cold,184741,1150,1149,2068,1219,0,0.017890235
Cold,137630,889,888,2068,1219,1,0.0203066
Cold,130921,850,849,2068,1219,1,0.012256776
Cold,252140,1527,1526,2068,1219,0,0.008838222
Cold,239548,1449,1448,2068,1219,1,0.01868556
Cold,94514,635,634,2068,1219,1,0.012816039
Cold,151148,973,972,2068,1219,0,0.019488623
Cold,283764,1698,1697,2068,1219,1,0.018442146
Cold,85460,558,557,2068,1219,0,0.0039343503
Cold,190245,1181,1180,2068,1219,0,0.023514166
Cold,84698,551,550,2068,1219,1,0.01160026
Cold,83765,550,549,2068,1219,1,0.011990832
Cold,66760,447,446,2068,1219,1,0.007876525
Cold,67669,454,453,2068,1219,1,0.019699669
Cold,66939,451,450,2068,1219,1,0.0075912606
Cold,712615,4277,4276,2068,1219,1,0.02283924
Cold,34058,230,229,2068,1219,1,0.0070580486
Cold,34529,235,234,2068,1219,1,0.018103065
Cold,21877,161,160,2068,1219,1,0.00893249
Cold,60434,411,410,2068,1219,0,0.01582499
Cold,76251,518,517,2068,1219,1,0.00763271
Cold,534911,3301,3300,2068,1219,1,0.005754252
Cold,284694,1699,1698,2068,1219,1,0.02245139
Cold,249720,1505,1504,2068,1219,1,0.016019361
Cold,999871,6040,6039,2068,1219,1,0.0066213785
Cold,916541,5539,5538,2068,1219,1,0.021628369
Cold,460514,2841,2840,2068,1219,0,0.011621619
Cold,840953,5054,5053,2068,1219,0,0.0077030505
Cold,208515,1274,1273,2068,1219,1,0.0054459004
Cold,319069,1897,1896,2068,1219,1,0.01782597
Cold,546629,3371,3370,2068,1219,1,0.019974988
Cold,420693,2544,2543,2068,1219,0,0.010219265
Cold,62431,424,423,2068,1219,1,0.022040203
Cold,321975,1912,1911,2068,1219,0,0.014396263
Cold,983900,5948,5947,2068,1219,1,0.015681775
Cold,614094,3720,3719,2069,1220,1,0.0015719696
Cold,610776,3705,3704,2069,1220,0,0.009979533
Cold,602236,3664,3663,2069,1220,1,-0.00056821003
Cold,632827,3824,3823,2069,1220,0,-0.0012640439
Cold,587154,3586,3585,2069,1220,0,3.590365e-06
Cold,586890,3585,3584,2069,1220,1,0.0033030394
Cold,580754,3547,3546,2069,1220,1,-0.00017719995
Cold,578072,3531,3530,2069,1220,1,0.0010072454
Cold,583137,3562,3561,2069,1220,0,-0.009511612
Cold,593245,3618,3617,2069,1220,0,0.0008032182
Cold,565927,3476,3475,2069,1220,1,-0.0021463574
Cold,560423,3445,3444,2069,1220,0,0.0010170231
Cold,549383,3390,3389,2069,1220,1,-0.0014794408
Cold,712616,4277,4276,2069,1220,1,0.0020061368
Cold,539517,3319,3318,2069,1220,0,0.00607811
Cold,541920,3336,3335,2069,1220,0,-0.004280387
Cold,532888,3292,3291,2069,1220,0,-0.0032788175
Cold,526584,3259,3258,2069,1220,0,0.0047480813
Cold,516196,3188,3187,2069,1220,1,-0.0012369899
Cold,509684,3140,3139,2069,1220,0,-0.005383513
Cold,695686,4169,4168,2069,1220,1,5.5581797e-05
Cold,474561,2913,2912,2069,1220,1,0.004261351
Cold,455692,2807,2806,2069,1220,1,-0.012237394
Cold,437862,2676,2675,2069,1220,1,-0.0006619813
Cold,437324,2670,2669,2069,1220,1,0.0014020647
Cold,423042,2565,2564,2069,1220,1,-0.0012117254
Cold,419186,2532,2531,2069,1220,1,0.0035021391
Cold,416251,2507,2506,2069,1220,1,0.011681186
Cold,463962,2860,2859,2069,1220,1,-0.00012035342
Cold,398161,2368,2367,2069,1220,1,0.00066896854
Cold,371242,2170,2169,2069,1220,1,-0.00029647263
Cold,366875,2140,2139,2069,1220,0,0.0067308415
Cold,339604,2002,2001,2069,1220,1,-0.0025746909
Cold,342978,2016,2015,2069,1220,1,-0.009283228
Cold,335351,1980,1979,2069,1220,1,-0.009680334
Cold,320482,1900,1899,2069,1220,1,-0.0019953724
Cold,318586,1894,1893,2069,1220,1,-0.0066566635
Cold,323004,1916,1915,2069,1220,0,-0.003670618
Cold,298278,1768,1767,2069,1220,0,-0.0075843595
Cold,280397,1683,1682,2069,1220,0,0.0021093993
Cold,280650,1685,1684,2069,1220,1,0.0022064326
Cold,292049,1741,1740,2069,1220,0,-0.0030610226
Cold,268695,1632,1631,2069,1220,0,0.0034033323
Cold,259963,1591,1590,2069,1220,1,0.0063555646
Cold,250032,1506,1505,2069,1220,0,-0.000246675
Cold,306307,1825,1824,2069,1220,1,-0.0002481306
Cold,278471,1680,1679,2069,1220,0,-0.0028005687
Cold,326627,1937,1936,2069,1220,0,0.008325417
Cold,373713,2181,2180,2069,1220,1,0.0013988151
Cold,254972,1552,1551,2069,1220,1,-0.005930539
Cold,337869,1988,1987,2069,1220,0,3.177172e-05
Cold,144699,934,933,2069,1220,1,0.0059208316
Cold,142276,919,918,2069,1220,1,-0.00035153714
Cold,130923,850,849,2069,1220,1,-0.00503425
Cold,210468,1285,1284,2069,1220,1,0.0015118509
Cold,115766,752,751,2069,1220,0,-0.0008717556
Cold,100417,670,669,2069,1220,0,0.0015437806
Cold,179364,1125,1124,2069,1220,0,0.010597954
Cold,94786,637,636,2069,1220,1,0.006218372
Cold,190248,1181,1180,2069,1220,0,-0.0062317946
Cold,537667,3312,3311,2069,1220,1,-0.0010254926
Cold,34939,236,235,2069,1220,0,-0.0034917395
Cold,269614,1635,1634,2069,1220,0,0.01066013
Cold,238493,1448,1447,2069,1220,1,0.00072454615
Cold,9050,62,61,2069,1220,1,-0.0008825939
Cold,357149,2092,2091,2069,1220,1,-0.005644859
Cold,60437,411,410,2069,1220,0,-0.0075759185
Cold,55176,366,365,2069,1220,0,-0.01030893
Cold,157637,1015,1014,2069,1220,1,-0.00648008
Cold,484273,2980,2979,2069,1220,1,-0.0046298443
Cold,101838,678,677,2069,1220,0,-0.0044510225
Cold,859983,5172,5171,2069,1220,1,0.0031011957
Cold,50523,333,332,2069,1220,1,0.008731689
Cold,319070,1897,1896,2069,1220,1,0.002076717
Cold,275964,1671,1670,2069,1220,1,-0.0015948714
Cold,821500,4940,4939,2069,1220,0,-0.003729402
Cold,479696,2944,2943,2069,1220,1,-0.0009994509
Cold,304583,1812,1811,2069,1220,0,-0.00032590376
Cold,554987,3413,3412,2069,1220,1,-0.0058551827
Cold,240878,1451,1450,2069,1220,1,0.0042813704
Cold,593261,3618,3617,2071,1222,1,-0.013236704
Cold,562011,3458,3457,2071,1222,1,-0.0064078076
Cold,563538,3469,3468,2071,1222,1,-0.0036411672
Cold,557507,3425,3424,2071,1222,1,0.0019069419
Cold,551741,3400,3399,2071,1222,1,-0.0029454327
Cold,541772,3334,3333,2071,1222,1,-0.012691602
Cold,540910,3328,3327,2071,1222,1,0.0019709535
Cold,535494,3305,3304,2071,1222,1,-0.0069232583
Cold,525529,3246,3245,2071,1222,1,-0.0021383986
Cold,530760,3280,3279,2071,1222,1,-0.004308123
Cold,512506,3163,3162,2071,1222,1,-0.0059418534
Cold,558376,3430,3429,2071,1222,1,-0.0040220036
Cold,738002,4411,4410,2071,1222,1,-0.004777281
Cold,502659,3086,3085,2071,1222,1,0.0036039492
Cold,502353,3083,3082,2071,1222,1,-0.003548572
Cold,499072,3067,3066,2071,1222,1,-0.0034080637
Cold,487775,3001,3000,2071,1222,1,-0.002172315
Cold,484754,2986,2985,2071,1222,0,-0.006802907
Cold,467714,2883,2882,2071,1222,0,0.000621147
Cold,462983,2857,2856,2071,1222,1,-0.016231403
Cold,462431,2854,2853,2071,1222,1,-0.0014749242
Cold,465914,2873,2872,2071,1222,0,-0.0034272096
Cold,492424,3029,3028,2071,1222,1,-0.013990816
Cold,440270,2692,2691,2071,1222,1,-0.0066085574
Cold,433069,2641,2640,2071,1222,1,-0.0073715867
Cold,428989,2611,2610,2071,1222,1,-0.007834863
Cold,463971,2860,2859,2071,1222,1,-0.006045014
Cold,403407,2410,2409,2071,1222,0,-0.0025769544
Cold,401853,2398,2397,2071,1222,1,-0.004044626
Cold,393696,2318,2317,2071,1222,1,-0.006713362
Cold,387448,2265,2264,2071,1222,1,-0.0050072344
Cold,655925,3952,3951,2071,1222,1,0.0036045774
Cold,381215,2230,2229,2071,1222,1,-0.0025841708
Cold,382683,2237,2236,2071,1222,1,-0.013140115
Cold,379432,2219,2218,2071,1222,0,-0.0025079648
Cold,375269,2187,2186,2071,1222,1,-0.0059853634
Cold,372952,2178,2177,2071,1222,1,-0.0068546403
Cold,382427,2235,2234,2071,1222,0,0.0020476559
Cold,369146,2158,2157,2071,1222,1,-0.0012204524
Cold,364245,2122,2121,2071,1222,0,-0.009537335
Cold,398576,2372,2371,2071,1222,1,-0.009365508
Cold,335369,1980,1979,2071,1222,1,-0.007927262
Cold,306871,1832,1831,2071,1222,1,-0.0034858687
Cold,293365,1747,1746,2071,1222,1,-0.0027548494
Cold,304206,1807,1806,2071,1222,1,-0.009615077
Cold,332446,1962,1961,2071,1222,1,-0.012215927
Cold,249414,1503,1502,2071,1222,0,-0.011021844
Cold,325148,1926,1925,2071,1222,1,-0.0059375204
Cold,222822,1349,1348,2071,1222,0,0.0053191762
Cold,212725,1297,1296,2071,1222,0,0.0023562058
Cold,296281,1758,1757,2071,1222,1,-0.008943096
Cold,203941,1255,1254,2071,1222,0,-0.0036696305
Cold,205537,1264,1263,2071,1222,0,-0.0042983806
Cold,200963,1239,1238,2071,1222,1,-0.0025303706
Cold,278493,1680,1679,2071,1222,0,-0.011702741
Cold,226806,1376,1375,2071,1222,1,-0.0021967958
Cold,262914,1605,1604,2071,1222,1,-0.011554961
Cold,327467,1941,1940,2071,1222,0,0.00021122396
Cold,163612,1050,1049,2071,1222,0,-0.00861556
Cold,148177,955,954,2071,1222,1,-0.0025703027
Cold,154557,998,997,2071,1222,1,-0.008028484
Cold,142676,921,920,2071,1222,1,0.0082889125
Cold,156456,1010,1009,2071,1222,1,-0.005083813
Cold,416262,2507,2506,2071,1222,1,-0.016674109
Cold,306313,1825,1824,2071,1222,0,-0.003474395
Cold,115779,752,751,2071,1222,1,-0.0051999143
Cold,107254,706,705,2071,1222,1,-9.925407e-05
Cold,329071,1943,1942,2071,1222,1,-0.010160673
Cold,695707,4169,4168,2071,1222,1,-0.022341667
Cold,90217,595,594,2071,1222,1,-0.00081597734
Cold,360397,2106,2105,2071,1222,1,-0.010129809
Cold,82642,549,548,2071,1222,1,-0.008246535
Cold,238509,1448,1447,2071,1222,1,-0.0100157615
Cold,77106,524,523,2071,1222,1,-0.008613513
Cold,72874,493,492,2071,1222,1,-0.004518501
Cold,73588,499,498,2071,1222,1,-0.0058931736
Cold,71705,482,481,2071,1222,1,-0.015188146
Cold,78220,528,527,2071,1222,1,-0.010436076
Cold,239565,1449,1448,2071,1222,0,-0.012084527
Cold,68128,457,456,2071,1222,1,0.0013310153
Cold,47169,319,318,2071,1222,1,-0.008096562
Cold,35183,238,237,2071,1222,0,-0.0040776804
Cold,31713,216,215,2071,1222,0,0.0020082635
Cold,199795,1227,1226,2071,1222,1,0.0009267153
Cold,269632,1635,1634,2071,1222,1,-0.0125887785
Cold,26235,187,186,2071,1222,1,-0.0026626787
Cold,21886,161,160,2071,1222,1,-0.0024860515
Cold,4341,33,32,2071,1222,1,-0.0021873305
Cold,578153,3532,3531,2071,1222,1,-0.0124166105
Cold,351292,2063,2062,2071,1222,0,-0.010558121
Cold,257361,1579,1578,2071,1222,1,-0.0068007912
Cold,157659,1015,1014,2071,1222,1,-0.0043197125
Cold,362644,2116,2115,2071,1222,0,-0.013019808
Cold,316530,1884,1883,2071,1222,1,-0.00042915717
Cold,164190,1051,1050,2071,1222,1,-0.008306314
Cold,549642,3391,3390,2071,1222,1,-0.0023747445
Cold,101853,678,677,2071,1222,1,-0.0056119678
Cold,420709,2544,2543,2071,1222,0,-0.004801101
Cold,712632,4277,4276,2071,1222,1,-0.013866629
Cold,772578,4607,4606,2071,1222,0,-0.010279097
Cold,960229,5792,5791,2071,1222,1,-0.0023210172
Cold,992853,5998,5997,2071,1222,0,-0.0002900688
Cold,111560,727,726,2071,1222,1,-0.0024105161
Cold,285095,1701,1700,2071,1222,1,-0.012350871
Cold,136208,881,880,2071,1222,1,-0.0056884647
Cold,275973,1671,1670,2071,1222,1,-0.008359385
Cold,331252,1958,1957,2071,1222,1,-0.007702752
Cold,840963,5054,5053,2071,1222,0,-0.005941349
Cold,193374,1194,1193,2071,1222,1,-0.0006528194
Cold,229119,1389,1388,2071,1222,1,-0.008448
Cold,60452,411,410,2071,1222,1,-0.000808244
Cold,501082,3080,3079,2073,1224,0,0.0031675214
Cold,565324,3475,3474,2073,1224,0,-0.0012058509
Cold,933275,5636,5635,2073,1224,1,0.00049532874
Cold,902716,5458,5457,2073,1224,1,0.005975149
Cold,546643,3371,3370,2073,1224,0,0.004314176
Cold,893789,5397,5396,2073,1224,1,0.003753407
Cold,294104,1749,1748,2075,1225,0,0.0046464326
Cold,207277,1267,1266,2075,1225,0,-0.00020734337
Cold,189923,1179,1178,2075,1225,1,-1.22170895e-05
Cold,177406,1119,1118,2075,1225,1,-0.0056376774
Cold,190275,1181,1180,2075,1225,0,0.005112057
Cold,157664,1015,1014,2075,1225,0,-0.0071493946
Cold,148942,958,957,2075,1225,1,-0.0057260683
Cold,146761,948,947,2075,1225,0,-0.0031353678
Cold,106576,702,701,2075,1225,1,-0.005612773
Cold,100418,670,669,2075,1225,0,-0.002348602
Cold,88082,580,579,2075,1225,1,0.0013786606
Cold,34064,230,229,2075,1225,0,-0.0050383154
Cold,123234,796,795,2075,1225,0,0.0047426587
Cold,287559,1717,1716,2075,1225,1,-4.8181973e-05
Cold,284703,1699,1698,2075,1225,1,-0.00955306
Cold,934544,5643,5642,2075,1225,0,-0.0022111097
Cold,511754,3158,3157,2075,1225,1,0.0013396603
Cold,430870,2627,2626,2075,1225,0,-0.01598339
Cold,310498,1851,1850,2075,1225,0,0.0025495207
Cold,810972,4867,4866,2075,1225,1,-0.004857964
Cold,473114,2909,2908,2075,1225,0,-0.011987625
Cold,532904,3292,3291,2077,1227,1,0.004133118
Cold,505914,3112,3111,2077,1227,1,0.003332341
Cold,493196,3031,3030,2077,1227,1,0.0040414375
Cold,768539,4579,4578,2077,1227,0,-0.002178677
Cold,486502,2995,2994,2077,1227,1,0.0017518816
Cold,488219,3003,3002,2077,1227,1,-0.010181412
Cold,485555,2989,2988,2077,1227,1,0.007019952
Cold,529370,3272,3271,2077,1227,0,0.005066405
Cold,477808,2934,2933,2077,1227,1,0.0030282796
Cold,695714,4169,4168,2077,1227,1,0.0004539683
Cold,474569,2913,2912,2077,1227,1,0.0045551537
Cold,473115,2909,2908,2077,1227,1,0.005949921
Cold,462108,2850,2849,2077,1227,0,0.0035487213
Cold,486855,2996,2995,2077,1227,1,-0.0017848627
Cold,465916,2873,2872,2077,1227,0,-0.008306256
Cold,458455,2822,2821,2077,1227,1,-0.0028409068
Cold,446261,2752,2751,2077,1227,0,0.0049778987
Cold,444915,2744,2743,2077,1227,0,0.0013073822
Cold,456286,2810,2809,2077,1227,1,0.00371797
Cold,446646,2753,2752,2077,1227,0,0.000117153395
Cold,418375,2529,2528,2077,1227,1,0.005786256
Cold,415981,2506,2505,2077,1227,0,0.009363128
Cold,609531,3695,3694,2077,1227,1,0.012406526
Cold,408559,2454,2453,2077,1227,0,0.00635638
Cold,390581,2293,2292,2077,1227,1,-0.0053262487
Cold,385646,2255,2254,2077,1227,1,0.00097211066
Cold,384846,2248,2247,2077,1227,0,0.0017019876
Cold,372757,2177,2176,2077,1227,0,0.0043194974
Cold,375426,2188,2187,2077,1227,1,0.010402212
Cold,366884,2140,2139,2077,1227,1,0.0031443113
Cold,387449,2265,2264,2077,1227,0,0.014914168
Cold,353850,2073,2072,2077,1227,1,0.008973478
Cold,333670,1969,1968,2077,1227,1,0.0070159
Cold,327473,1941,1940,2077,1227,1,0.0057612173
Cold,290851,1736,1735,2077,1227,0,0.0029447526
Cold,278505,1680,1679,2077,1227,1,-0.0013447339
Cold,268715,1632,1631,2077,1227,0,-0.0017103618
Cold,255293,1555,1554,2077,1227,0,0.0029276814
Cold,235423,1426,1425,2077,1227,0,0.0141476635
Cold,240896,1451,1450,2077,1227,1,0.0068757976
Cold,223257,1354,1353,2077,1227,1,0.010496704
Cold,323586,1920,1919,2077,1227,0,0.007182231
Cold,277339,1676,1675,2077,1227,0,0.0058541405
Cold,261537,1599,1598,2077,1227,0,0.009286344
Cold,193380,1194,1193,2077,1227,1,0.002261402
Cold,192259,1184,1183,2077,1227,1,-0.0010208944
Cold,183003,1141,1140,2077,1227,0,0.008189507
Cold,177830,1120,1119,2077,1227,0,0.012240995
Cold,248611,1501,1500,2077,1227,1,0.0040560216
Cold,172571,1094,1093,2077,1227,1,0.0040829163
Cold,159064,1017,1016,2077,1227,1,0.0039488757
Cold,167614,1068,1067,2077,1227,0,-0.0005724514
Cold,164195,1051,1050,2077,1227,1,0.0006311181
Cold,262920,1605,1604,2077,1227,1,0.0017906573
Cold,110274,720,719,2077,1227,0,0.0046282206
Cold,105375,697,696,2077,1227,0,0.0002447532
Cold,100419,670,669,2077,1227,0,-0.00021114154
Cold,94797,637,636,2077,1227,1,0.0016957417
Cold,123235,796,795,2077,1227,0,0.0020249083
Cold,93714,629,628,2077,1227,0,0.0029302319
Cold,151156,973,972,2077,1227,0,0.0027112241
Cold,283788,1698,1697,2077,1227,1,0.00320168
Cold,775928,4634,4633,2077,1227,1,0.001526956
Cold,362649,2116,2115,2077,1227,0,0.00966188
Cold,886781,5359,5358,2077,1227,1,-0.0054936903
Cold,190280,1181,1180,2077,1227,0,-0.0059252963
Cold,83785,550,549,2077,1227,0,0.0024146836
Cold,68502,461,460,2077,1227,1,0.0010483891
Cold,57851,392,391,2077,1227,0,0.009602656
Cold,47080,318,317,2077,1227,1,0.0071746437
Cold,46699,314,313,2077,1227,1,0.0024098037
Cold,368229,2153,2152,2077,1227,0,-0.00035981578
Cold,31720,216,215,2077,1227,1,0.0029706233
Cold,14037,114,113,2077,1227,1,0.0005788108
Cold,6002,44,43,2077,1227,1,0.0005739443
Cold,30345,204,203,2077,1227,1,0.013569472
Cold,233821,1422,1421,2077,1227,0,0.006342358
Cold,877,10,9,2077,1227,0,0.008618641
Cold,347808,2041,2040,2077,1227,1,0.0014943024
Cold,958724,5787,5786,2077,1227,1,-0.0016598003
Cold,95287,639,638,2077,1227,1,0.008593459
Cold,773415,4610,4609,2077,1227,0,0.004548811
Cold,11821,92,91,2077,1227,0,0.0009420798
Cold,272585,1647,1646,2077,1227,1,0.0040012794
Cold,304597,1812,1811,2077,1227,0,0.0072766347
Cold,618168,3746,3745,2077,1227,1,0.0064688176
Cold,257367,1579,1578,2077,1227,0,0.007100499
Cold,833257,5011,5010,2077,1227,1,0.00044491328
Cold,371492,2172,2171,2077,1227,0,0.006174569
Cold,420715,2544,2543,2077,1227,0,0.0068021584
Cold,275979,1671,1670,2077,1227,1,0.012557049
Cold,216735,1317,1316,2077,1227,1,-0.004306456
Cold,479699,2944,2943,2077,1227,1,-0.0015048827
Cold,974185,5878,5877,2077,1227,1,0.010384309
Cold,137674,889,888,2084,1233,0,-0.014821593
Cold,127192,822,821,2084,1233,1,-0.013376281
Cold,262929,1605,1604,2084,1233,1,-0.005105335
Cold,126444,817,816,2084,1233,0,-0.008155495
Cold,239586,1449,1448,2084,1233,0,-0.0058759814
Cold,223268,1354,1353,2084,1233,0,-0.0032745171
Cold,159737,1019,1018,2084,1233,0,-0.018064998
Cold,110278,720,719,2084,1233,0,-0.010537217
Cold,216346,1314,1313,2084,1233,1,-0.009558144
Cold,105821,699,698,2084,1233,0,-0.013223343
Cold,94448,634,633,2084,1233,1,0.014298113
Cold,396903,2350,2349,2084,1233,1,-0.0021150801
Cold,67682,454,453,2084,1233,0,-0.0100605395
Cold,74545,509,508,2084,1233,0,0.00580049
Cold,53413,352,351,2084,1233,0,-0.0070404895
Cold,132222,855,854,2084,1233,0,-0.015728455
Cold,44187,302,301,2084,1233,0,-0.004321363
Cold,73783,500,499,2084,1233,0,-0.01016439
Cold,57858,392,391,2084,1233,0,-0.012548967
Cold,365128,2125,2124,2084,1233,1,0.0009082132
Cold,695723,4169,4168,2084,1233,0,-0.024081174
Cold,123241,796,795,2084,1233,0,-0.0047588022
Cold,78229,528,527,2084,1233,1,-0.014131946
Cold,552011,3401,3400,2084,1233,0,-0.009792465
Cold,65128,438,437,2084,1233,0,-0.009131461
Cold,251778,1524,1523,2084,1233,1,-0.005405823
Cold,11829,92,91,2084,1233,1,-0.0018189056
Cold,101870,678,677,2084,1233,1,-0.0029208763
Cold,183009,1141,1140,2084,1233,0,-0.010208527
Cold,171177,1088,1087,2084,1233,0,-0.01980812
Cold,626451,3792,3791,2084,1233,0,-0.006366076
Cold,206604,1266,1265,2084,1233,0,-0.011366453
Cold,768545,4579,4578,2084,1233,1,-0.015604002
Cold,700437,4193,4192,2091,1239,1,0.008085992
Cold,690060,4127,4126,2091,1239,0,0.0014104049
Cold,673900,4048,4047,2091,1239,0,-0.013233988
Cold,668186,4021,4020,2091,1239,0,0.007033701
Cold,665391,4006,4005,2091,1239,0,0.0035339114
Cold,663354,3998,3997,2091,1239,0,-0.0018095158
Cold,661812,3992,3991,2091,1239,1,0.0074344766
Cold,655389,3947,3946,2091,1239,1,0.0013751076
Cold,650602,3923,3922,2091,1239,0,0.0029197189
Cold,761324,4523,4522,2091,1239,0,0.004024728
Cold,625810,3784,3783,2091,1239,0,0.010917921
Cold,616444,3731,3730,2091,1239,0,0.018634515
Cold,612808,3715,3714,2091,1239,0,0.0031812033
Cold,595659,3624,3623,2091,1239,1,0.0012676253
Cold,595116,3621,3620,2091,1239,0,-0.0018020058
Cold,587637,3589,3588,2091,1239,0,0.0076796766
Cold,585489,3576,3575,2091,1239,0,-0.0012643107
Cold,583162,3562,3561,2091,1239,0,-0.0056451303
Cold,758310,4510,4509,2091,1239,1,0.0011398825
Cold,573166,3511,3510,2091,1239,0,0.0015626483
Cold,604924,3678,3677,2091,1239,1,0.007658765
Cold,568921,3491,3490,2091,1239,1,-0.003218804
Cold,657031,3961,3960,2091,1239,0,0.0075642406
Cold,558942,3433,3432,2091,1239,0,-0.005296774
Cold,553677,3410,3409,2091,1239,1,0.004621089
Cold,550849,3393,3392,2091,1239,0,-0.0076775523
Cold,549676,3391,3390,2091,1239,0,0.0012126127
Cold,538810,3314,3313,2091,1239,1,0.0009331518
Cold,531610,3283,3282,2091,1239,0,0.0035293973
Cold,529394,3272,3271,2091,1239,1,0.0107664345
Cold,530778,3280,3279,2091,1239,0,-0.0014774576
Cold,517575,3195,3194,2091,1239,0,0.006091563
Cold,511008,3151,3150,2091,1239,1,0.0031899468
Cold,509707,3140,3139,2091,1239,1,0.0008628408
Cold,539699,3320,3319,2091,1239,0,0.008133549
Cold,507429,3123,3122,2091,1239,0,-0.0024250336
Cold,493734,3032,3031,2091,1239,1,-0.0027274387
Cold,738015,4411,4410,2091,1239,1,0.006259489
Cold,492455,3029,3028,2091,1239,0,0.013867675
Cold,487541,2999,2998,2091,1239,0,-0.0045516547
Cold,517786,3196,3195,2091,1239,1,0.0019963207
Cold,478598,2937,2936,2091,1239,0,0.00060485105
Cold,472257,2907,2906,2091,1239,1,-0.0042994176
Cold,470839,2899,2898,2091,1239,1,-0.0042789513
Cold,468794,2888,2887,2091,1239,1,0.006316083
Cold,461752,2848,2847,2091,1239,1,0.01128059
Cold,445060,2745,2744,2091,1239,0,0.0024154624
Cold,445484,2748,2747,2091,1239,0,0.0052522365
Cold,423057,2565,2564,2091,1239,0,0.0041263374
Cold,418400,2529,2528,2091,1239,0,-0.0002484941
Cold,408856,2455,2454,2091,1239,0,-0.00055175484
Cold,409460,2457,2456,2091,1239,0,-0.0031138384
Cold,400204,2383,2382,2091,1239,1,0.0019023058
Cold,376953,2202,2201,2091,1239,0,0.00063137943
Cold,373304,2180,2179,2091,1239,0,-0.0015625241
Cold,370628,2167,2166,2091,1239,0,-0.0016797218
Cold,361369,2109,2108,2091,1239,0,0.010253555
Cold,373762,2181,2180,2091,1239,0,-0.001059487
Cold,339827,2004,2003,2091,1239,0,-0.00023109093
Cold,325171,1926,1925,2091,1239,0,-0.0018103048
Cold,303173,1801,1800,2091,1239,1,0.0063389447
Cold,301156,1790,1789,2091,1239,1,-0.0015152199
Cold,295917,1757,1756,2091,1239,0,-0.0009533587
Cold,293074,1746,1745,2091,1239,1,0.0025270178
Cold,297273,1764,1763,2091,1239,0,0.0050182273
Cold,292080,1741,1740,2091,1239,1,0.0047370284
Cold,360423,2106,2105,2091,1239,0,0.00012629875
Cold,276763,1675,1674,2091,1239,0,0.0067006745
Cold,272611,1647,1646,2091,1239,0,0.0076434803
Cold,346016,2030,2029,2091,1239,0,0.008396685
Cold,350622,2059,2058,2091,1239,0,0.0094232485
Cold,224610,1358,1357,2091,1239,0,0.008814403
Cold,323609,1920,1919,2091,1239,0,0.0041686897
Cold,216163,1312,1311,2091,1239,0,0.005294835
Cold,215975,1311,1310,2091,1239,0,0.0055116937
Cold,278546,1680,1679,2091,1239,1,0.0024140198
Cold,198745,1221,1220,2091,1239,1,-0.0013995252
Cold,213233,1298,1297,2091,1239,1,0.0009375802
Cold,327516,1941,1940,2091,1239,0,0.0074163214
Cold,186894,1159,1158,2091,1239,0,0.002917186
Cold,181541,1135,1134,2091,1239,1,0.008768318
Cold,177422,1119,1118,2091,1239,0,0.0071687805
Cold,173468,1100,1099,2091,1239,0,-8.072751e-05
Cold,170349,1085,1084,2091,1239,0,0.006568722
Cold,212739,1297,1296,2091,1239,0,-0.0013078353
Cold,127199,822,821,2091,1239,1,0.009507528
Cold,122123,788,787,2091,1239,1,0.006069602
Cold,103623,689,688,2091,1239,1,-0.00017887075
Cold,100424,670,669,2091,1239,0,0.004246994
Cold,239606,1449,1448,2091,1239,0,-0.006538367
Cold,712666,4277,4276,2091,1239,1,-0.0061717406
Cold,109149,714,713,2091,1239,1,0.009281516
Cold,93727,629,628,2091,1239,1,0.0015824637
Cold,94454,634,633,2091,1239,0,-0.0065549393
Cold,90883,602,601,2091,1239,1,-0.0010807198
Cold,86008,563,562,2091,1239,0,0.0020066062
Cold,70617,476,475,2091,1239,0,0.004973579
Cold,66456,445,444,2091,1239,0,0.005166823
Cold,71727,482,481,2091,1239,0,0.0043035164
Cold,75805,516,515,2091,1239,0,-0.00032132398
Cold,62495,424,423,2091,1239,0,0.0016067494
Cold,50955,336,335,2091,1239,1,-0.0013307603
Cold,45752,308,307,2091,1239,0,-0.0006220583
Cold,38476,262,261,2091,1239,0,-0.0008462622
Cold,31764,216,215,2091,1239,0,0.0053320085
Cold,34574,235,234,2091,1239,1,0.000693168
Cold,238528,1448,1447,2091,1239,0,0.004465481
Cold,7476,53,52,2091,1239,1,-0.0014989628
Cold,927,10,9,2091,1239,0,-0.0014889865
Cold,2932,23,22,2091,1239,0,0.0027772025
Cold,233846,1422,1421,2091,1239,0,-0.00043867133
Cold,104091,692,691,2091,1239,0,-0.00080929603
Cold,695739,4169,4168,2091,1239,0,-0.004362345
Cold,530196,3274,3273,2091,1239,0,0.006761854
Cold,385948,2258,2257,2091,1239,1,0.005899076
Cold,365639,2129,2128,2091,1239,1,-0.0032315124
Cold,325993,1930,1929,2091,1239,0,-0.0040145526
Cold,333690,1969,1968,2091,1239,0,0.008926967
Cold,101887,678,677,2091,1239,0,0.0021536192
Cold,632881,3824,3823,2091,1239,0,0.00072142715
Cold,20609,151,150,2091,1239,0,0.0042225095
Cold,454454,2796,2795,2091,1239,0,-0.00017075404
Cold,216756,1317,1316,2091,1239,1,-0.0035629687
Cold,177860,1120,1119,2091,1239,0,0.009448884
Cold,136233,881,880,2091,1239,0,0.0011392906
Cold,489101,3012,3011,2091,1239,0,-0.0016664655
Cold,585491,3576,3575,2092,1240,0,-0.0019790186
Cold,758312,4510,4509,2092,1240,1,0.004031907
Cold,568100,3486,3485,2092,1240,0,-0.005268064
Cold,573390,3512,3511,2092,1240,0,0.0065877736
Cold,562014,3458,3457,2092,1240,0,-0.0022164853
Cold,558388,3430,3429,2092,1240,0,0.0011082969
Cold,551591,3399,3398,2092,1240,0,0.0023116362
Cold,547497,3378,3377,2092,1240,0,-0.0035972293
Cold,512541,3163,3162,2092,1240,0,-0.006725884
Cold,509709,3140,3139,2092,1240,0,0.002052003
Cold,766000,4561,4560,2092,1240,1,-0.0036836413
Cold,493735,3032,3031,2092,1240,1,0.00022647134
Cold,489444,3013,3012,2092,1240,0,0.0041235257
Cold,456304,2810,2809,2092,1240,0,5.2111456e-05
Cold,445485,2748,2747,2092,1240,0,-0.00069943396
Cold,442209,2722,2721,2092,1240,0,0.003251967
Cold,429977,2621,2620,2092,1240,0,-0.006207238
Cold,418402,2529,2528,2092,1240,0,-0.0042501907
Cold,409461,2457,2456,2092,1240,0,0.004374353
Cold,373305,2180,2179,2092,1240,0,-0.0034700446
Cold,345393,2026,2025,2092,1240,0,-0.00239024
Cold,345749,2029,2028,2092,1240,0,0.00036167982
Cold,346937,2035,2034,2092,1240,0,0.0053210296
Cold,341376,2012,2011,2092,1240,0,-0.00077927555
Cold,340392,2010,2009,2092,1240,0,-0.0026231427
Cold,362666,2116,2115,2092,1240,0,0.013158891
Cold,321789,1909,1908,2092,1240,0,0.00034421193
Cold,321553,1907,1906,2092,1240,0,0.005547499
Cold,314894,1880,1879,2092,1240,0,-0.001810326
Cold,274845,1664,1663,2092,1240,0,-0.0090901535
Cold,277364,1676,1675,2092,1240,0,-0.004518602
Cold,247274,1495,1494,2092,1240,0,0.0018910461
Cold,218506,1325,1324,2092,1240,0,-0.0032808958
Cold,216164,1312,1311,2092,1240,0,-0.004359546
Cold,215976,1311,1310,2092,1240,0,0.0011341192
Cold,278547,1680,1679,2092,1240,0,-0.0032420778
Cold,272612,1647,1646,2092,1240,0,0.0008259185
Cold,591686,3610,3609,2092,1240,0,-0.014108194
Cold,235798,1427,1426,2092,1240,0,-0.0069992277
Cold,293075,1746,1745,2092,1240,1,0.0023441063
Cold,327518,1941,1940,2092,1240,0,-0.0030955467
Cold,183464,1142,1141,2092,1240,0,-0.0033552465
Cold,177862,1120,1119,2092,1240,0,-0.00027009187
Cold,248629,1501,1500,2092,1240,0,0.0017617401
Cold,175284,1112,1111,2092,1240,0,-0.006950018
Cold,167630,1068,1067,2092,1240,0,-0.0029669737
Cold,227529,1380,1379,2092,1240,0,0.0053571565
Cold,342146,2015,2014,2092,1240,0,0.0010494355
Cold,249140,1502,1501,2092,1240,1,0.0029915497
Cold,137694,889,888,2092,1240,0,0.0031674253
Cold,133754,866,865,2092,1240,0,0.0024477185
Cold,133980,869,868,2092,1240,0,-0.0073129227
Cold,128754,836,835,2092,1240,1,-0.0059496844
Cold,351331,2063,2062,2092,1240,0,-0.0016863882
Cold,127200,822,821,2092,1240,0,-0.0033922533
Cold,262945,1605,1604,2092,1240,0,-0.001471481
Cold,126449,817,816,2092,1240,1,-0.008197206
Cold,125404,807,806,2092,1240,1,-0.0037207408
Cold,124141,800,799,2092,1240,0,-0.0061424356
Cold,360425,2106,2105,2092,1240,0,-0.0046977606
Cold,234688,1425,1424,2092,1240,0,-0.0007878947
Cold,116772,753,752,2092,1240,1,-0.0031334532
Cold,114684,746,745,2092,1240,0,-0.001643863
Cold,216356,1314,1313,2092,1240,0,-2.8652837e-05
Cold,107136,705,704,2092,1240,0,-0.0050866064
Cold,105828,699,698,2092,1240,0,-0.0013780063
Cold,99283,662,661,2092,1240,0,-0.008387672
Cold,109150,714,713,2092,1240,0,0.0031768389
Cold,87170,570,569,2092,1240,0,0.0056229113
Cold,81176,541,540,2092,1240,0,-0.0013052754
Cold,83820,550,549,2092,1240,0,0.000139663
Cold,86439,566,565,2092,1240,0,9.50502e-05
Cold,72742,490,489,2092,1240,0,0.0020111455
Cold,69751,470,469,2092,1240,0,-0.0020626404
Cold,81434,543,542,2092,1240,0,0.0012131582
Cold,43797,301,300,2092,1240,0,-0.009112934
Cold,54335,355,354,2092,1240,0,0.0017309346
Cold,29591,202,201,2092,1240,0,-0.0008418041
Cold,365136,2125,2124,2092,1240,0,0.0012226105
Cold,14343,117,116,2092,1240,0,-0.004534296
Cold,10452,75,74,2092,1240,0,-0.010018005
Cold,172444,1092,1091,2092,1240,1,0.002565891
Cold,79071,531,530,2092,1240,0,-0.0010799329
Cold,794311,4750,4749,2092,1240,1,-0.0026242686
Cold,530197,3274,3273,2092,1240,0,0.011559233
Cold,552031,3401,3400,2092,1240,0,0.0027275926
Cold,139108,890,889,2092,1240,1,0.005049324
Cold,65138,438,437,2092,1240,0,-0.0014661457
Cold,358180,2097,2096,2092,1240,0,0.0013069448
Cold,95301,639,638,2092,1240,0,-0.0062415753
Cold,385949,2258,2257,2092,1240,0,-0.0025486855
Cold,286385,1710,1709,2092,1240,0,-0.00179051
Cold,11847,92,91,2092,1240,0,-0.008156275
Cold,376296,2195,2194,2092,1240,0,-0.010362706
Cold,101888,678,677,2092,1240,0,-0.0042695985
Cold,171198,1088,1087,2092,1240,0,-0.0011831541
Cold,27869,195,194,2092,1240,0,0.0027337826
Cold,222704,1348,1347,2092,1240,0,-0.00015983422
Cold,264896,1611,1610,2092,1240,0,-0.0027095363
Cold,768555,4579,4578,2092,1240,0,0.0025775079
Cold,259259,1587,1586,2092,1240,0,0.0026795508
Cold,255412,1556,1555,2092,1240,0,-0.003201843
Cold,656019,3953,3952,2092,1240,0,-0.0068864096
Cold,469790,2895,2894,2095,1243,1,-0.007898803
Cold,453444,2793,2792,2095,1243,1,-0.0075231073
Cold,435683,2664,2663,2095,1243,0,-0.0024875612
Cold,416306,2507,2506,2095,1243,0,-0.0035820391
Cold,418407,2529,2528,2095,1243,0,-0.008033045
Cold,373769,2181,2180,2095,1243,0,-0.013238381
Cold,361375,2109,2108,2095,1243,0,-0.0056106662
Cold,333692,1969,1968,2095,1243,1,-0.0043549347
Cold,297278,1764,1763,2095,1243,0,-0.015077384
Cold,298932,1776,1775,2095,1243,0,0.004332707
Cold,273441,1648,1647,2095,1243,0,0.005993748
Cold,286191,1709,1708,2095,1243,1,-0.0048591965
Cold,261558,1599,1598,2095,1243,1,-0.0046984376
Cold,436113,2665,2664,2095,1243,0,-0.018223528
Cold,346023,2030,2029,2095,1243,0,-0.008629696
Cold,360430,2106,2105,2095,1243,0,-0.015226932
Cold,265488,1613,1612,2095,1243,0,-0.004066379
Cold,231543,1404,1403,2095,1243,0,-0.004295689
Cold,219676,1333,1332,2095,1243,0,-0.0030119503
Cold,278556,1680,1679,2095,1243,1,-0.006603398
Cold,198747,1221,1220,2095,1243,0,0.006048236
Cold,327527,1941,1940,2095,1243,1,-0.016283814
Cold,188375,1169,1168,2095,1243,0,-0.013182092
Cold,184803,1150,1149,2095,1243,0,-0.009219414
Cold,173470,1100,1099,2095,1243,0,-0.01353648
Cold,162148,1034,1033,2095,1243,0,-0.008886291
Cold,336841,1983,1982,2095,1243,1,-0.009816593
Cold,216762,1317,1316,2095,1243,0,-0.0045043738
Cold,127202,822,821,2095,1243,1,0.0017731383
Cold,314898,1880,1879,2095,1243,0,-0.0064092595
Cold,124144,800,799,2095,1243,1,-0.006868559
Cold,262950,1605,1604,2095,1243,0,-0.007093532
Cold,93729,629,628,2095,1243,0,0.000108179345
Cold,351336,2063,2062,2095,1243,0,-0.018987337
Cold,85194,556,555,2095,1243,0,0.0016525823
Cold,233852,1422,1421,2095,1243,0,0.0014418548
Cold,83826,550,549,2095,1243,0,-0.007270308
Cold,43537,300,299,2095,1243,1,0.0029154955
Cold,41303,279,278,2095,1243,0,-0.003248915
Cold,192645,1186,1185,2095,1243,1,-0.01033997
Cold,552036,3401,3400,2095,1243,0,0.0025385986
Cold,65142,438,437,2095,1243,0,8.189457e-05
Cold,954176,5761,5760,2095,1243,0,-0.0040274365
Cold,325995,1930,1929,2095,1243,0,-0.014103732
Cold,347832,2041,2040,2095,1243,0,-0.0033468145
Cold,130437,846,845,2095,1243,1,-0.0010100099
Cold,164224,1051,1050,2095,1243,0,-0.015119694
Cold,95304,639,638,2095,1243,1,-0.009364141
Cold,257388,1579,1578,2095,1243,1,-0.009877195
Cold,101895,678,677,2095,1243,0,-0.0069785854
Cold,632886,3824,3823,2095,1243,0,-0.019376762
Cold,133984,869,868,2095,1243,0,-0.008470261
Cold,335413,1980,1979,2095,1243,0,-0.01111628
Cold,93732,629,628,2098,1246,1,-0.008153769
Cold,425587,2583,2582,2098,1246,1,-4.5120134e-05
Cold,95307,639,638,2098,1246,1,0.00653746
Cold,233856,1422,1421,2098,1246,0,-0.005573484
Cold,83834,550,549,2098,1246,0,0.0007298379
Cold,73048,494,493,2098,1246,1,-0.0046246476
Cold,70620,476,475,2098,1246,0,0.0025007478
Cold,64723,434,433,2098,1246,0,-0.004364704
Cold,177870,1120,1119,2098,1246,0,0.013431657
Cold,31775,216,215,2098,1246,0,0.009973686
Cold,13663,109,108,2098,1246,1,0.0018088608
Cold,60503,411,410,2098,1246,0,0.0075003905
Cold,216768,1317,1316,2098,1246,0,-0.007841175
Cold,993791,6002,6001,2098,1246,1,0.0035864422
Cold,699546,4186,4185,2098,1246,0,0.0039880835
Cold,346556,2031,2030,2098,1246,1,-0.0004926282
Cold,629419,3808,3807,2102,1249,0,0.0028065187
Cold,638116,3841,3840,2102,1249,0,-0.0026890654
Cold,627506,3796,3795,2102,1249,0,-0.0006030584
Cold,670235,4028,4027,2102,1249,0,0.02014595
Cold,612900,3715,3714,2102,1249,1,0.0036149323
Cold,992361,5996,5995,2102,1249,1,0.0109875165
Cold,604196,3675,3674,2102,1249,0,0.002092583
Cold,595225,3621,3620,2102,1249,1,0.009788872
Cold,593033,3615,3614,2102,1249,1,0.000578566
Cold,587889,3589,3588,2102,1249,0,0.004821757
Cold,728129,4354,4353,2102,1249,1,-0.0052376734
Cold,696251,4169,4168,2102,1249,1,-0.0027605481
Cold,566219,3476,3475,2102,1249,0,-0.011070639
Cold,832960,5008,5007,2102,1249,0,0.0006800911
Cold,550099,3391,3390,2102,1249,0,-0.0037766667
Cold,577147,3526,3525,2102,1249,0,0.007243594
Cold,552941,3402,3401,2102,1249,1,0.007186087
Cold,556230,3418,3417,2102,1249,0,-0.007173284
Cold,533289,3292,3291,2102,1249,1,0.006753211
Cold,529678,3272,3271,2102,1249,1,0.016356904
Cold,519481,3205,3204,2102,1249,0,-0.0023566824
Cold,512814,3163,3162,2102,1249,1,0.001449726
Cold,503817,3096,3095,2102,1249,0,0.001500634
Cold,500879,3077,3076,2102,1249,0,-0.0021997737
Cold,713021,4277,4276,2102,1249,1,0.0041957614
Cold,633212,3824,3823,2102,1249,1,0.0027687242
Cold,491797,3025,3024,2102,1249,0,0.0026407805
Cold,487567,2999,2998,2102,1249,1,0.0013881733
Cold,517861,3196,3195,2102,1249,0,0.00501658
Cold,479246,2941,2940,2102,1249,1,-0.0022377647
Cold,475881,2920,2919,2102,1249,1,-0.0058735213
Cold,473586,2909,2908,2102,1249,0,0.006426357
Cold,738142,4411,4410,2102,1249,0,-0.0014063409
Cold,445352,2747,2746,2102,1249,1,0.004056508
Cold,440638,2695,2694,2102,1249,0,0.006830304
Cold,437419,2670,2669,2102,1249,0,-0.0057678837
Cold,427786,2599,2598,2102,1249,0,-0.0014851836
Cold,429133,2611,2610,2102,1249,0,-0.0031779394
Cold,424117,2571,2570,2102,1249,1,-0.0013639962
Cold,419758,2537,2536,2102,1249,0,0.002468025
Cold,418654,2529,2528,2102,1249,1,0.008026851
Cold,416574,2507,2506,2102,1249,1,0.00017524906
Cold,394665,2329,2328,2102,1249,0,0.00472078
Cold,385698,2255,2254,2102,1249,1,0.00047576055
Cold,381638,2231,2230,2102,1249,1,0.0072917435
Cold,372827,2177,2176,2102,1249,1,0.011194588
Cold,373426,2180,2179,2102,1249,0,0.00070594624
Cold,374051,2181,2180,2102,1249,0,0.0073049474
Cold,369502,2162,2161,2102,1249,1,0.0063511254
Cold,367743,2147,2146,2102,1249,1,-0.0071796067
Cold,364734,2124,2123,2102,1249,1,0.003482466
Cold,354082,2073,2072,2102,1249,0,-0.0012463983
Cold,345798,2029,2028,2102,1249,0,0.0040592295
Cold,345096,2024,2023,2102,1249,0,0.00069630996
Cold,341573,2012,2011,2102,1249,1,-0.0021744124
Cold,333822,1969,1968,2102,1249,0,-1.3976824e-06
Cold,326985,1938,1937,2102,1249,0,-0.0018371625
Cold,317202,1885,1884,2102,1249,0,-0.0052656983
Cold,323161,1916,1915,2102,1249,0,0.001396148
Cold,310417,1850,1849,2102,1249,0,-0.0022753105
Cold,289640,1728,1727,2102,1249,1,-0.004301201
Cold,285937,1706,1705,2102,1249,0,0.0023088777
Cold,277663,1676,1675,2102,1249,1,0.011595774
Cold,268513,1631,1630,2102,1249,1,-0.002806962
Cold,346179,2030,2029,2102,1249,1,0.0077126524
Cold,258997,1586,1585,2102,1249,0,0.0071027502
Cold,436392,2665,2664,2102,1249,0,-0.0052807955
Cold,235568,1426,1425,2102,1249,1,0.0037189464
Cold,258413,1584,1583,2102,1249,0,0.0048865755
Cold,228928,1387,1386,2102,1249,0,0.0013744552
Cold,242782,1465,1464,2102,1249,1,0.008577125
Cold,284137,1698,1697,2102,1249,1,0.0072886394
Cold,253275,1540,1539,2102,1249,0,-0.0027313323
Cold,218579,1325,1324,2102,1249,1,-0.007713192
Cold,218001,1322,1321,2102,1249,1,-0.006155692
Cold,318132,1890,1889,2102,1249,0,0.0023906536
Cold,213893,1299,1298,2102,1249,1,0.010018794
Cold,591950,3610,3609,2102,1249,0,0.004623091
Cold,199774,1226,1225,2102,1249,1,-0.0016943733
Cold,235838,1427,1426,2102,1249,0,0.01020577
Cold,293169,1746,1745,2102,1249,1,-0.0036736615
Cold,328071,1941,1940,2102,1249,1,0.00036442303
Cold,182775,1140,1139,2102,1249,0,0.008449025
Cold,173644,1100,1099,2102,1249,0,-0.0052309805
Cold,248808,1501,1500,2102,1249,1,-0.0028768494
Cold,167836,1068,1067,2102,1249,0,0.0049283206
Cold,155861,1004,1003,2102,1249,1,-0.0041220114
Cold,269920,1635,1634,2102,1249,1,0.0045458423
Cold,185242,1150,1149,2102,1249,0,0.0054024123
Cold,276938,1675,1674,2102,1249,1,0.008481912
Cold,347364,2038,2037,2102,1249,0,0.010868892
Cold,138238,889,888,2102,1249,0,0.0010780198
Cold,121123,780,779,2102,1249,0,0.0050390065
Cold,240036,1449,1448,2102,1249,0,-0.0023926236
Cold,178098,1120,1119,2102,1249,1,0.0012792279
Cold,126295,816,815,2102,1249,1,0.014151721
Cold,112448,731,730,2102,1249,1,0.0006187917
Cold,108501,711,710,2102,1249,1,-0.00927029
Cold,108703,712,711,2102,1249,0,0.0076103653
Cold,98134,656,655,2102,1249,1,0.014550133
Cold,123398,796,795,2102,1249,1,0.0070219366
Cold,93779,629,628,2102,1249,0,0.0033265594
Cold,222071,1343,1342,2102,1249,1,-0.006715459
Cold,339165,1998,1997,2102,1249,1,0.010867892
Cold,85252,556,555,2102,1249,1,-0.0068356264
Cold,84135,550,549,2102,1249,1,0.0042552305
Cold,83087,549,548,2102,1249,0,-0.0038080188
Cold,396943,2350,2349,2102,1249,1,-0.011175345
Cold,119229,770,769,2102,1249,0,0.0059505934
Cold,73472,498,497,2102,1249,1,0.00052103365
Cold,72760,490,489,2102,1249,0,0.008897392
Cold,274195,1657,1656,2102,1249,0,-0.0002479446
Cold,69770,470,469,2102,1249,1,0.0032815575
Cold,66772,447,446,2102,1249,1,0.00397495
Cold,48938,327,326,2102,1249,0,-0.012140963
Cold,338113,1988,1987,2102,1249,1,0.0040307743
Cold,44087,301,300,2102,1249,1,0.0018947383
Cold,65336,438,437,2102,1249,0,0.015138445
Cold,32395,216,215,2102,1249,0,0.009857974
Cold,26198,186,185,2102,1249,1,0.019394372
Cold,25283,178,177,2102,1249,0,-0.00013700651
Cold,148736,957,956,2102,1249,1,0.002035835
Cold,18192,139,138,2102,1249,0,-0.0022142408
Cold,13953,112,111,2102,1249,0,0.0024066418
Cold,351799,2063,2062,2102,1249,0,0.009235852
Cold,892944,5394,5393,2102,1249,0,-0.0015400583
Cold,954214,5761,5760,2102,1249,0,0.006082858
Cold,241862,1457,1456,2102,1249,0,-0.0057764836
Cold,12181,92,91,2102,1249,0,0.005580811
Cold,927545,5605,5604,2102,1249,0,0.00577675
Cold,102217,678,677,2102,1249,1,0.01069375
Cold,161328,1029,1028,2102,1249,0,-0.0016383901
Cold,46188,308,307,2102,1249,1,0.008978954
Cold,50717,333,332,2102,1249,1,0.0075337538
Cold,639079,3842,3841,2102,1249,1,-0.009694053
Cold,878999,5312,5311,2102,1249,1,0.010842778
Cold,489594,3013,3012,2102,1249,0,0.009262298
Cold,758573,4510,4509,2106,1251,0,0.007142026
Cold,578502,3536,3535,2106,1251,1,0.007069936
Cold,579308,3539,3538,2106,1251,1,0.0063788574
Cold,713024,4277,4276,2106,1251,1,0.010404873
Cold,593807,3618,3617,2106,1251,1,0.013999645
Cold,577149,3526,3525,2106,1251,0,-0.00054675573
Cold,550103,3391,3390,2106,1251,1,0.011160156
Cold,546796,3371,3370,2106,1251,0,0.004332061
Cold,544683,3358,3357,2106,1251,1,0.0054996274
Cold,535984,3308,3307,2106,1251,1,0.0042456137
Cold,608258,3690,3689,2106,1251,0,0.010934172
Cold,527858,3263,3262,2106,1251,1,0.008670708
Cold,526747,3259,3258,2106,1251,1,0.0067961034
Cold,519482,3205,3204,2106,1251,1,0.0068624504
Cold,521432,3217,3216,2106,1251,1,0.003013825
Cold,658366,3967,3966,2106,1251,0,-0.006899785
Cold,526224,3253,3252,2106,1251,1,-0.0027452873
Cold,548547,3386,3385,2106,1251,0,0.0087054465
Cold,571048,3503,3502,2106,1251,1,0.0066298787
Cold,738145,4411,4410,2106,1251,0,0.008968208
Cold,499400,3067,3066,2106,1251,1,0.007861255
Cold,499955,3069,3068,2106,1251,0,-0.0032049867
Cold,493370,3031,3030,2106,1251,1,0.017148681
Cold,488341,3004,3003,2106,1251,1,0.0047989744
Cold,497209,3054,3053,2106,1251,0,0.0022156995
Cold,487890,3001,3000,2106,1251,0,0.008834228
Cold,483072,2968,2967,2106,1251,1,0.011651831
Cold,468411,2887,2886,2106,1251,1,0.011794803
Cold,459927,2837,2836,2106,1251,0,0.0051492974
Cold,465987,2873,2872,2106,1251,0,0.006420164
Cold,492708,3029,3028,2106,1251,1,0.0077796103
Cold,450842,2777,2776,2106,1251,0,0.0057199453
Cold,449352,2771,2770,2106,1251,0,0.0092502
Cold,443811,2737,2736,2106,1251,1,0.0060104784
Cold,439929,2689,2688,2106,1251,0,0.0017795677
Cold,430488,2624,2623,2106,1251,1,-0.00015859678
Cold,430072,2621,2620,2106,1251,0,0.011718171
Cold,412812,2484,2483,2106,1251,0,0.010917423
Cold,408672,2454,2453,2106,1251,0,0.006461211
Cold,404005,2414,2413,2106,1251,1,0.01236677
Cold,395870,2340,2339,2106,1251,1,0.011138317
Cold,386058,2258,2257,2106,1251,1,0.0074248104
Cold,384106,2244,2243,2106,1251,0,0.010705749
Cold,375573,2188,2187,2106,1251,0,0.0031573367
Cold,351171,2062,2061,2106,1251,0,0.0066297613
Cold,351803,2063,2062,2106,1251,0,0.023823809
Cold,335865,1980,1979,2106,1251,0,0.00990052
Cold,330284,1949,1948,2106,1251,1,0.01223338
Cold,330525,1951,1950,2106,1251,0,-0.004540012
Cold,296044,1757,1756,2106,1251,1,0.00642999
Cold,275097,1666,1665,2106,1251,0,-0.0057112714
Cold,272176,1645,1644,2106,1251,1,0.005863862
Cold,265751,1613,1612,2106,1251,0,0.019041903
Cold,218810,1327,1326,2106,1251,1,0.0035548196
Cold,252836,1532,1531,2106,1251,0,0.012569925
Cold,279183,1680,1679,2106,1251,0,0.0054036966
Cold,196496,1207,1206,2106,1251,0,0.014000511
Cold,342447,2015,2014,2106,1251,0,-0.0008667626
Cold,188959,1172,1171,2106,1251,1,0.007188118
Cold,263293,1605,1604,2106,1251,1,0.007911021
Cold,165997,1058,1057,2106,1251,1,0.011435085
Cold,190881,1181,1180,2106,1251,0,0.010979751
Cold,158154,1015,1014,2106,1251,0,0.012075165
Cold,146939,948,947,2106,1251,0,0.002740331
Cold,144640,933,932,2106,1251,1,0.011115195
Cold,138244,889,888,2106,1251,0,0.0073594586
Cold,141507,911,910,2106,1251,1,0.010983943
Cold,136560,881,880,2106,1251,0,0.010443756
Cold,131897,854,853,2106,1251,0,0.003861971
Cold,178101,1120,1119,2106,1251,1,0.0014895201
Cold,116171,752,751,2106,1251,0,0.0031907219
Cold,115377,749,748,2106,1251,0,-0.001450236
Cold,100832,673,672,2106,1251,0,0.007353427
Cold,109282,714,713,2106,1251,1,0.010415257
Cold,98418,659,658,2106,1251,1,0.0053480426
Cold,90642,601,600,2106,1251,0,-0.00094485935
Cold,69678,468,467,2106,1251,0,0.006336064
Cold,70157,474,473,2106,1251,0,0.012797249
Cold,60287,409,408,2106,1251,1,0.010574147
Cold,61481,412,411,2106,1251,1,0.009789223
Cold,52770,347,346,2106,1251,0,0.00711039
Cold,54139,352,351,2106,1251,0,0.0012854117
Cold,52668,346,345,2106,1251,1,0.004308021
Cold,78447,528,527,2106,1251,1,0.006277336
Cold,132448,855,854,2106,1251,0,0.011400491
Cold,47779,319,318,2106,1251,0,0.014698798
Cold,360752,2106,2105,2106,1251,0,0.0023781518
Cold,58263,392,391,2106,1251,0,0.0056145475
Cold,89999,593,592,2106,1251,1,0.0033258859
Cold,696255,4169,4168,2106,1251,0,0.007696166
Cold,33724,225,224,2106,1251,0,0.017270945
Cold,26719,189,188,2106,1251,1,-0.0010618928
Cold,537116,3311,3310,2106,1251,0,-0.0011070839
Cold,248813,1501,1500,2106,1251,1,0.0067840023
Cold,8028,53,52,2106,1251,1,0.0048624817
Cold,3743,26,25,2106,1251,0,0.01084047
Cold,223522,1354,1353,2106,1251,1,0.0029986305
Cold,1329,11,10,2106,1251,0,0.006678967
Cold,55748,368,367,2106,1251,0,0.0033792781
Cold,237882,1447,1446,2106,1251,0,0.01630959
Cold,181986,1137,1136,2106,1251,0,0.0113201
Cold,23924,169,168,2106,1251,0,0.001750678
Cold,365744,2129,2128,2106,1251,0,0.010405433
Cold,447331,2756,2755,2106,1251,1,0.006291151
Cold,164520,1051,1050,2106,1251,0,0.01583424
Cold,512819,3163,3162,2106,1251,1,0.011549613
Cold,927547,5605,5604,2106,1251,1,0.0127242105
Cold,102221,678,677,2106,1251,1,0.02082605
Cold,33229,224,223,2106,1251,0,0.0018499293
Cold,11719,90,89,2106,1251,0,0.0067787757
Cold,599233,3648,3647,2106,1251,0,0.012675287
Cold,46193,308,307,2106,1251,1,0.0038795467
Cold,547571,3378,3377,2106,1251,1,-0.0030162258
Cold,562563,3462,3461,2106,1251,1,0.010815769
Cold,348008,2041,2040,2106,1251,0,0.00393929
Cold,507749,3125,3124,2106,1251,1,0.008223316
Cold,41338,279,278,2106,1251,0,0.008683221
Cold,977868,5892,5891,2106,1251,0,0.009887891
Cold,561573,3454,3453,2106,1251,0,0.01037938
Cold,657516,3963,3962,2106,1251,1,0.013724195
Cold,537900,3312,3311,2106,1251,0,0.0020843456
Cold,293737,1748,1747,2106,1251,0,0.0015898307
Cold,183189,1141,1140,2106,1251,0,0.007250706
Cold,683968,4089,4088,2106,1251,1,0.012408676
Cold,26028,184,183,2106,1251,0,0.012797756
Cold,636903,3836,3835,2107,1252,0,-0.00024331373
Cold,629425,3808,3807,2107,1252,1,-0.014085303
Cold,627925,3801,3800,2107,1252,1,-0.0030736227
Cold,623359,3771,3770,2107,1252,1,0.0049171196
Cold,617288,3736,3735,2107,1252,1,-0.0063568
Cold,747099,4458,4457,2107,1252,0,-0.005470913
Cold,604837,3677,3676,2107,1252,1,-0.0034252503
Cold,621199,3762,3761,2107,1252,0,-0.0037569907
Cold,600011,3650,3649,2107,1252,0,0.007484854
Cold,606492,3683,3682,2107,1252,0,0.0029198928
Cold,593809,3618,3617,2107,1252,0,0.0045643076
Cold,596553,3626,3625,2107,1252,1,-0.00090650097
Cold,939902,5675,5674,2107,1252,0,0.005033516
Cold,758574,4510,4509,2107,1252,0,-0.0023899097
Cold,569199,3491,3490,2107,1252,1,0.004512385
Cold,555777,3416,3415,2107,1252,0,-0.004012871
Cold,554480,3411,3410,2107,1252,0,0.0077835782
Cold,547377,3377,3376,2107,1252,0,0.0058135637
Cold,577152,3526,3525,2107,1252,0,-0.010749247
Cold,541509,3332,3331,2107,1252,0,0.00091630034
Cold,535985,3308,3307,2107,1252,0,0.0049060723
Cold,532127,3285,3284,2107,1252,0,-0.0026804595
Cold,528167,3265,3264,2107,1252,0,-0.0015566843
Cold,520008,3208,3207,2107,1252,0,-0.004925862
Cold,516950,3191,3190,2107,1252,0,-0.0065087266
Cold,566225,3476,3475,2107,1252,0,0.0034147203
Cold,509807,3140,3139,2107,1252,0,-0.0030211585
Cold,507225,3121,3120,2107,1252,1,0.0044639725
Cold,516448,3189,3188,2107,1252,0,-0.009153281
Cold,495996,3046,3045,2107,1252,0,-0.0046098754
Cold,494111,3032,3031,2107,1252,0,0.003750613
Cold,487891,3001,3000,2107,1252,0,-0.001212901
Cold,483494,2972,2971,2107,1252,0,-0.005383173
Cold,473591,2909,2908,2107,1252,1,0.0019843476
Cold,710146,4260,4259,2107,1252,0,0.0063481303
Cold,463283,2857,2856,2107,1252,0,-0.0028718496
Cold,457900,2820,2819,2107,1252,0,0.0027594687
Cold,790409,4728,4727,2107,1252,1,0.0010971734
Cold,426467,2590,2589,2107,1252,1,0.0008924396
Cold,415753,2504,2503,2107,1252,0,0.0021858653
Cold,409606,2457,2456,2107,1252,0,-0.010446538
Cold,397189,2352,2351,2107,1252,0,-0.00021313247
Cold,406784,2444,2443,2107,1252,0,0.00477234
Cold,371215,2169,2168,2107,1252,1,0.0028663569
Cold,374056,2181,2180,2107,1252,1,0.0019924007
Cold,369910,2164,2163,2107,1252,1,-0.007518055
Cold,367326,2144,2143,2107,1252,1,-0.0010872455
Cold,366161,2131,2130,2107,1252,1,-0.003971834
Cold,363009,2116,2115,2107,1252,1,0.006972394
Cold,358490,2098,2097,2107,1252,1,0.0058546644
Cold,361616,2109,2108,2107,1252,0,-0.0077535547
Cold,344417,2021,2020,2107,1252,0,0.0011789233
Cold,323507,1919,1918,2107,1252,1,0.0019337903
Cold,297479,1764,1763,2107,1252,1,-0.010577431
Cold,322339,1912,1911,2107,1252,0,0.00053142663
Cold,303526,1803,1802,2107,1252,0,-0.0005560438
Cold,302125,1794,1793,2107,1252,0,0.0045010005
Cold,279185,1680,1679,2107,1252,1,0.00031096023
Cold,277666,1676,1675,2107,1252,0,-0.0020706148
Cold,276941,1675,1674,2107,1252,0,-0.005609926
Cold,271458,1641,1640,2107,1252,0,-0.004510407
Cold,275099,1666,1665,2107,1252,0,-0.0005341108
Cold,273710,1650,1649,2107,1252,0,0.0007275485
Cold,267558,1626,1625,2107,1252,0,0.0033311604
Cold,392169,2304,2303,2107,1252,0,0.0009249258
Cold,360753,2106,2105,2107,1252,0,0.0040635765
Cold,236374,1434,1433,2107,1252,0,-0.0015156354
Cold,221807,1341,1340,2107,1252,1,-0.0029967567
Cold,221894,1342,1341,2107,1252,0,0.012703514
Cold,225574,1366,1365,2107,1252,1,0.00022115605
Cold,214083,1300,1299,2107,1252,1,0.006569276
Cold,226381,1370,1369,2107,1252,0,0.0031728055
Cold,209195,1277,1276,2107,1252,1,-0.0018855699
Cold,213439,1298,1297,2107,1252,1,-0.00048762478
Cold,210134,1284,1283,2107,1252,0,0.0006849156
Cold,196497,1207,1206,2107,1252,0,-0.0036663942
Cold,194024,1195,1194,2107,1252,1,0.0002547102
Cold,328078,1941,1940,2107,1252,0,0.0034536854
Cold,183543,1142,1141,2107,1252,0,0.0019881898
Cold,210914,1285,1284,2107,1252,0,-0.0025571687
Cold,307413,1835,1834,2107,1252,0,-0.0006766664
Cold,175002,1109,1108,2107,1252,0,-0.0038484433
Cold,256185,1562,1561,2107,1252,0,0.003747576
Cold,183987,1146,1145,2107,1252,0,-0.0076914914
Cold,175503,1112,1111,2107,1252,0,0.0049020145
Cold,166832,1061,1060,2107,1252,0,0.0015971232
Cold,221317,1340,1339,2107,1252,0,-0.00038725417
Cold,159243,1017,1016,2107,1252,0,-0.0039455863
Cold,217026,1317,1316,2107,1252,0,-0.0032561044
Cold,156840,1010,1009,2107,1252,0,0.0015075398
Cold,134246,869,868,2107,1252,1,0.006846687
Cold,131898,854,853,2107,1252,0,0.0012952464
Cold,351804,2063,2062,2107,1252,0,0.0068996083
Cold,138246,889,888,2107,1252,0,0.0018744054
Cold,263294,1605,1604,2107,1252,0,0.002585542
Cold,126573,817,816,2107,1252,0,-0.0033230288
Cold,125541,808,807,2107,1252,1,0.0075316727
Cold,114836,746,745,2107,1252,0,0.0071247676
Cold,114084,741,740,2107,1252,1,-0.0030944098
Cold,117487,757,756,2107,1252,0,-0.001598621
Cold,107175,705,704,2107,1252,0,-0.003898718
Cold,107927,710,709,2107,1252,0,-0.005335858
Cold,176922,1117,1116,2107,1252,0,-0.0058624265
Cold,82499,548,547,2107,1252,0,0.0018923242
Cold,108705,712,711,2107,1252,0,-0.0038973999
Cold,57710,390,389,2107,1252,0,0.0051710038
Cold,68204,457,456,2107,1252,0,-0.006241829
Cold,46550,310,309,2107,1252,1,0.0035033603
Cold,45277,305,304,2107,1252,0,0.00029474264
Cold,44861,302,301,2107,1252,0,0.0018552495
Cold,42013,284,283,2107,1252,0,0.00030639023
Cold,31125,208,207,2107,1252,0,0.0054495363
Cold,291382,1737,1736,2107,1252,0,-0.007661707
Cold,54675,355,354,2107,1252,0,-0.012977791
Cold,234953,1425,1424,2107,1252,1,-0.00031887274
Cold,99839,667,666,2107,1252,0,0.0011107828
Cold,22749,163,162,2107,1252,0,0.00061016344
Cold,15850,123,122,2107,1252,0,-0.0046456973
Cold,6487,46,45,2107,1252,1,0.0051739058
Cold,6131,44,43,2107,1252,0,0.0015792185
Cold,116831,753,752,2107,1252,1,-2.6135007e-05
Cold,696257,4169,4168,2107,1252,0,0.0027865255
Cold,237884,1447,1446,2107,1252,0,0.00034195138
Cold,251864,1524,1523,2107,1252,0,-0.00014659914
Cold,365745,2129,2128,2107,1252,1,0.008579774
Cold,290182,1733,1732,2107,1252,0,-0.0033527066
Cold,265072,1611,1610,2107,1252,0,-0.0065766294
Cold,682420,4085,4084,2107,1252,1,0.00028123753
Cold,760656,4520,4519,2107,1252,1,-0.00017115753
Cold,79376,531,530,2107,1252,0,-0.0036123795
Cold,907637,5492,5491,2107,1252,0,0.0025037338
Cold,137226,884,883,2107,1252,0,0.007886453
Cold,562564,3462,3461,2107,1252,0,0.010494733
Cold,689844,4126,4125,2107,1252,0,-0.0025587585
Cold,474359,2910,2909,2107,1252,0,0.007963372
Cold,62906,424,423,2107,1252,1,-0.0049413927
Cold,936534,5650,5649,2107,1252,0,0.0023650024
Cold,171601,1088,1087,2107,1252,0,-0.003732218
Cold,937209,5654,5653,2107,1252,0,-0.0065001966
Cold,133287,860,859,2113,1258,1,0.005252607
Cold,133170,859,858,2113,1258,0,-0.011882413
Cold,125543,808,807,2113,1258,0,0.0029122063
Cold,574300,3516,3515,2113,1258,0,-0.00053584366
Cold,92746,621,620,2113,1258,0,0.0024141609
Cold,115381,749,748,2113,1258,0,0.0062740627
Cold,81658,543,542,2113,1258,0,9.406614e-05
Cold,45279,305,304,2113,1258,0,0.002744644
Cold,44878,302,301,2113,1258,0,-0.00397671
Cold,238913,1448,1447,2113,1258,0,0.0058761355
Cold,41291,278,277,2113,1258,0,0.0019819983
Cold,22760,163,162,2113,1258,0,0.007035888
Cold,14734,117,116,2113,1258,0,0.01675143
Cold,365748,2129,2128,2113,1258,0,0.00024250196
Cold,265076,1611,1610,2113,1258,0,0.008620697
Cold,237892,1447,1446,2113,1258,0,0.004564998
Cold,62914,424,423,2113,1258,0,0.008176602
Cold,328090,1941,1940,2113,1258,0,0.013891697
Cold,28542,195,194,2113,1258,0,0.021541733
Cold,596561,3626,3625,2119,1264,0,0.0021670049
Cold,577745,3528,3527,2119,1264,0,0.00028154784
Cold,569210,3491,3490,2119,1264,0,-0.00022175012
Cold,581324,3550,3549,2119,1264,0,0.0036084407
Cold,771741,4600,4599,2119,1264,0,0.0030175978
Cold,573532,3512,3511,2119,1264,0,0.004888092
Cold,645270,3885,3884,2119,1264,0,-0.0035540853
Cold,550126,3391,3390,2119,1264,0,0.0028507109
Cold,537127,3311,3310,2119,1264,0,0.0014543622
Cold,532137,3285,3284,2119,1264,0,0.010640229
Cold,520014,3208,3207,2119,1264,0,0.00017161318
Cold,517636,3195,3194,2119,1264,1,0.0077038594
Cold,566238,3476,3475,2119,1264,0,0.004840412
Cold,605782,3681,3680,2119,1264,0,0.010165233
Cold,494123,3032,3031,2119,1264,1,-0.0014804783
Cold,738147,4411,4410,2119,1264,0,-0.0037086653
Cold,486630,2995,2994,2119,1264,0,-0.0023014755
Cold,539890,3320,3319,2119,1264,0,0.0077308114
Cold,479255,2941,2940,2119,1264,0,-0.0047184965
Cold,473604,2909,2908,2119,1264,1,0.0020807763
Cold,426473,2590,2589,2119,1264,0,-0.0007096778
Cold,424714,2576,2575,2119,1264,0,0.002562325
Cold,409615,2457,2456,2119,1264,0,-0.00016064849
Cold,409192,2456,2455,2119,1264,0,0.0036913403
Cold,412387,2481,2480,2119,1264,0,-0.00716403
Cold,406586,2439,2438,2119,1264,0,0.0015715181
Cold,402003,2400,2399,2119,1264,0,-0.0022001886
Cold,385270,2251,2250,2119,1264,0,-0.008433171
Cold,367327,2144,2143,2119,1264,0,-6.5201893e-06
Cold,375577,2188,2187,2119,1264,0,0.01363383
Cold,348437,2042,2041,2119,1264,0,0.0070747384
Cold,305631,1819,1818,2119,1264,0,-0.004741315
Cold,322344,1912,1911,2119,1264,0,-0.0007257564
Cold,290919,1736,1735,2119,1264,0,-0.0009928287
Cold,291388,1737,1736,2119,1264,1,0.008007247
Cold,279213,1680,1679,2119,1264,1,-0.0012483809
Cold,276948,1675,1674,2119,1264,0,-0.0016496601
Cold,247672,1496,1495,2119,1264,0,0.016228627
Cold,226085,1369,1368,2119,1264,0,-0.00450733
Cold,277675,1676,1675,2119,1264,1,0.00085090427
Cold,205797,1264,1263,2119,1264,0,0.008723173
Cold,243930,1470,1469,2119,1264,0,0.0033269187
Cold,328094,1941,1940,2119,1264,0,-0.005913613
Cold,307422,1835,1834,2119,1264,0,0.005213237
Cold,183992,1146,1145,2119,1264,0,0.0028774012
Cold,160622,1020,1019,2119,1264,0,0.0038586934
Cold,159249,1017,1016,2119,1264,0,0.0040753223
Cold,221328,1340,1339,2119,1264,0,-0.0016070358
Cold,134255,869,868,2119,1264,0,0.008611852
Cold,124874,802,801,2119,1264,0,0.0015721454
Cold,105602,698,697,2119,1264,0,0.0026452763
Cold,351819,2063,2062,2119,1264,0,-0.0018671572
Cold,92748,621,620,2119,1264,0,-0.0091550555
Cold,140688,904,903,2119,1264,0,0.0019850992
Cold,86954,567,566,2119,1264,1,0.0028956197
Cold,81662,543,542,2119,1264,1,-0.0022454
Cold,82502,548,547,2119,1264,0,0.0066895327
Cold,57717,390,389,2119,1264,1,0.0027861432
Cold,240057,1449,1448,2119,1264,0,-0.0037756832
Cold,45282,305,304,2119,1264,0,0.0026413042
Cold,42024,284,283,2119,1264,1,0.0058326265
Cold,41295,278,277,2119,1264,1,0.0011616121
Cold,269935,1635,1634,2119,1264,0,-0.006684394
Cold,639093,3842,3841,2119,1264,0,-0.00035209116
Cold,238918,1448,1447,2119,1264,0,-0.0025702096
Cold,14744,117,116,2119,1264,0,-0.00062158704
Cold,299060,1776,1775,2119,1264,0,-0.008217046
Cold,237897,1447,1446,2119,1264,0,-0.0031943803
Cold,622104,3768,3767,2119,1264,0,-0.004743508
Cold,164535,1051,1050,2119,1264,0,0.0007819452
Cold,206850,1266,1265,2119,1264,0,-0.00015916396
Cold,562570,3462,3461,2119,1264,0,0.00075600774
Cold,261183,1597,1596,2119,1264,0,0.0056928713
Cold,286708,1712,1711,2119,1264,0,0.0022765584
Cold,760657,4520,4519,2119,1264,0,0.0009243421
Cold,310669,1851,1850,2119,1264,0,-0.0031099692
Cold,290194,1733,1732,2119,1264,0,-0.0008525937
Cold,88331,583,582,2119,1264,0,-0.0011854281
Cold,3143,23,22,2119,1264,0,0.003923439
Cold,366164,2131,2130,2119,1264,0,-0.0030295076
Cold,348018,2041,2040,2119,1264,0,-0.004895291
Cold,454588,2796,2795,2119,1264,0,-0.01500693
Cold,892951,5394,5393,2119,1264,0,-0.00032247952
Cold,44885,302,301,2119,1264,0,0.005238504
Cold,62921,424,423,2119,1264,0,-0.00010807603
Cold,331593,1958,1957,2119,1264,0,0.0031648
Cold,933450,5636,5635,2119,1264,0,0.004588963
Cold,628368,3806,3805,2148,1289,0,0.003692905
Cold,628693,3807,3806,2148,1289,0,-0.007399888
Cold,628166,3804,3803,2148,1289,0,-0.003300603
Cold,627940,3801,3800,2148,1289,1,-0.002244817
Cold,638186,3841,3840,2148,1289,0,-0.0008461112
Cold,625501,3780,3779,2148,1289,1,-0.0010453704
Cold,624825,3778,3777,2148,1289,0,-0.004047358
Cold,623391,3771,3770,2148,1289,0,0.003766837
Cold,615662,3727,3726,2148,1289,0,-0.004145032
Cold,607986,3689,3688,2148,1289,0,-0.0064879935
Cold,744905,4448,4447,2148,1289,1,-0.002313814
Cold,606530,3683,3682,2148,1289,0,-0.008773716
Cold,633286,3824,3823,2148,1289,0,-0.00026245718
Cold,596597,3626,3625,2148,1289,1,-0.010721587
Cold,731193,4375,4374,2148,1289,1,-0.002376265
Cold,583457,3562,3561,2148,1289,0,-0.01654279
Cold,577764,3528,3527,2148,1289,0,-0.007288052
Cold,569246,3491,3490,2148,1289,1,-0.012198729
Cold,584715,3569,3568,2148,1289,1,-0.008422849
Cold,543920,3352,3351,2148,1289,1,-0.0036829745
Cold,571079,3503,3502,2148,1289,1,-0.0058553186
Cold,537169,3311,3310,2148,1289,0,-0.0030883048
Cold,539915,3320,3319,2148,1289,0,-0.0015922417
Cold,528195,3265,3264,2148,1289,0,-0.0073742857
Cold,512872,3163,3162,2148,1289,0,-0.005743928
Cold,566279,3476,3475,2148,1289,0,-0.009348316
Cold,605807,3681,3680,2148,1289,0,-0.0037713377
Cold,516471,3189,3188,2148,1289,1,-0.0068341955
Cold,501787,3081,3080,2148,1289,0,0.00043548178
Cold,718576,4305,4304,2148,1289,0,0.0021424966
Cold,641060,3853,3852,2148,1289,1,0.0026611132
Cold,483948,2976,2975,2148,1289,0,-0.0014045676
Cold,529729,3272,3271,2148,1289,0,-0.004379444
Cold,479272,2941,2940,2148,1289,0,0.007638416
Cold,696342,4169,4168,2148,1289,0,0.0012291342
Cold,517890,3196,3195,2148,1289,0,-0.013786388
Cold,469985,2895,2894,2148,1289,1,-0.016869811
Cold,710157,4260,4259,2148,1289,1,-0.0014220877
Cold,754687,4497,4496,2148,1289,1,-0.0063749114
Cold,463329,2857,2856,2148,1289,1,0.0038491238
Cold,462242,2852,2851,2148,1289,1,0.0023911563
Cold,446418,2752,2751,2148,1289,0,-0.002552597
Cold,426496,2590,2589,2148,1289,0,-0.0030852668
Cold,419784,2537,2536,2148,1289,1,-0.0016688373
Cold,415369,2501,2500,2148,1289,0,-0.0033557676
Cold,409643,2457,2456,2148,1289,1,-0.0077288295
Cold,397201,2352,2351,2148,1289,0,0.007736312
Cold,368631,2155,2154,2148,1289,1,-0.008619323
Cold,368382,2153,2152,2148,1289,0,-0.0062557836
Cold,342492,2015,2014,2148,1289,0,0.0005490994
Cold,310992,1852,1851,2148,1289,0,-0.0056572435
Cold,298538,1770,1769,2148,1289,0,0.007950015
Cold,288278,1722,1721,2148,1289,0,-0.0028390219
Cold,285746,1704,1703,2148,1289,0,-0.0061354856
Cold,279296,1680,1679,2148,1289,1,-0.012023224
Cold,277713,1676,1675,2148,1289,0,-0.0056336094
Cold,280479,1683,1682,2148,1289,0,-0.006401561
Cold,299084,1776,1775,2148,1289,1,0.0014295077
Cold,267571,1626,1625,2148,1289,0,-0.008949137
Cold,247706,1496,1495,2148,1289,0,-0.004668186
Cold,227155,1377,1376,2148,1289,0,0.008106915
Cold,224498,1357,1356,2148,1289,0,0.007656933
Cold,335934,1980,1979,2148,1289,1,0.0015364238
Cold,328159,1941,1940,2148,1289,0,0.0027411976
Cold,214877,1303,1302,2148,1289,0,-0.007227338
Cold,307459,1835,1834,2148,1289,0,-0.009156682
Cold,180315,1128,1127,2148,1289,0,-0.0095404135
Cold,196520,1207,1206,2148,1289,0,-0.008054608
Cold,173674,1100,1099,2148,1289,0,0.00012498372
Cold,184010,1146,1145,2148,1289,1,-0.0025524208
Cold,165638,1056,1055,2148,1289,0,-0.0031651852
Cold,331627,1958,1957,2148,1289,0,-0.00502648
Cold,158237,1015,1014,2148,1289,0,-0.0045515024
Cold,221364,1340,1339,2148,1289,0,-0.011909731
Cold,134301,869,868,2148,1289,1,-0.004979755
Cold,263353,1605,1604,2148,1289,0,-0.011038177
Cold,125557,808,807,2148,1289,0,-0.009184154
Cold,351877,2063,2062,2148,1289,0,-0.010230328
Cold,140700,904,903,2148,1289,0,-0.014613006
Cold,86650,566,565,2148,1289,0,0.0017488394
Cold,81694,543,542,2148,1289,1,0.0011893711
Cold,82509,548,547,2148,1289,0,0.0040149526
Cold,77549,524,523,2148,1289,0,-0.016752567
Cold,80211,533,532,2148,1289,1,-0.016413756
Cold,67455,453,452,2148,1289,0,-0.009150695
Cold,57544,390,389,2148,1289,1,0.0051610563
Cold,53399,352,351,2148,1289,0,-0.0043877037
Cold,41618,284,283,2148,1289,0,-0.01449766
Cold,41126,278,277,2148,1289,1,0.0012135911
Cold,36162,245,244,2148,1289,0,-0.0049929256
Cold,17996,139,138,2148,1289,0,-0.0028843428
Cold,290235,1733,1732,2148,1289,0,-0.0035425518
Cold,7444,53,52,2148,1289,1,-0.012294846
Cold,206885,1266,1265,2148,1289,0,-0.015029156
Cold,552367,3401,3400,2148,1289,0,-0.003531213
Cold,954227,5761,5760,2148,1289,0,-0.010866797
Cold,365771,2129,2128,2148,1289,0,0.0035474137
Cold,106076,699,698,2148,1289,0,-0.0020028346
Cold,102280,678,677,2148,1289,0,-0.00025012996
Cold,164576,1051,1050,2148,1289,0,-0.0020626644
Cold,2901,23,22,2148,1289,1,0.0016716251
Cold,599275,3648,3647,2148,1289,0,-0.008555003
Cold,473660,2909,2908,2148,1289,0,0.007963314
Cold,474367,2910,2909,2148,1289,0,-0.0039230837
Cold,62978,424,423,2148,1289,0,-0.009107405
Cold,550175,3391,3390,2148,1289,0,0.0021954966
Cold,424726,2576,2575,2149,1290,0,-0.002951038
Cold,409644,2457,2456,2149,1290,0,0.006199669
Cold,397203,2352,2351,2149,1290,0,-0.0057711415
Cold,369935,2164,2163,2149,1290,0,0.0014606277
Cold,340044,2006,2005,2149,1290,1,-0.004871632
Cold,297511,1764,1763,2149,1290,1,0.0013923962
Cold,298539,1770,1769,2149,1290,0,-0.0076306993
Cold,290933,1736,1735,2149,1290,0,0.00015618675
Cold,288280,1722,1721,2149,1290,0,0.00254305
Cold,291419,1737,1736,2149,1290,0,-0.0059252176
Cold,279297,1680,1679,2149,1290,0,-0.00954684
Cold,276984,1675,1674,2149,1290,0,-0.0054224725
Cold,267572,1626,1625,2149,1290,0,-0.0029899082
Cold,247707,1496,1495,2149,1290,0,-0.0038533288
Cold,227156,1377,1376,2149,1290,0,-0.01611119
Cold,224499,1357,1356,2149,1290,0,0.0021526588
Cold,221902,1342,1341,2149,1290,0,-0.0015453096
Cold,277715,1676,1675,2149,1290,0,-0.0045852656
Cold,307461,1835,1834,2149,1290,0,-0.0060967673
Cold,180316,1128,1127,2149,1290,0,0.0009106138
Cold,173676,1100,1099,2149,1290,0,-0.0018465468
Cold,184011,1146,1145,2149,1290,0,-0.007944287
Cold,328161,1941,1940,2149,1290,0,0.00067351665
Cold,159283,1017,1016,2149,1290,1,-0.0118495375
Cold,155887,1004,1003,2149,1290,0,-0.0024894117
Cold,125559,808,807,2149,1290,0,-0.004825356
Cold,351878,2063,2062,2149,1290,0,-0.0019985798
Cold,81696,543,542,2149,1290,1,-0.012712661
Cold,41128,278,277,2149,1290,0,-0.0015006537
Cold,36164,245,244,2149,1290,0,0.0035133315
Cold,14311,117,116,2149,1290,1,-0.0003501044
Cold,206886,1266,1265,2149,1290,0,-0.008139799
Cold,299085,1776,1775,2149,1290,0,-0.006422627
Cold,102282,678,677,2149,1290,0,-0.005619228
Cold,2902,23,22,2149,1290,0,-0.0014172983
Cold,879033,5312,5311,2149,1290,0,-0.0059868265
Cold,62980,424,423,2149,1290,0,0.004282226
Cold,310697,1851,1850,2149,1290,0,-0.00076304306
Cold,267216,1624,1623,2149,1290,0,-4.4018496e-05
Cold,335935,1980,1979,2149,1290,0,-0.00042533735
Cold,290237,1733,1732,2149,1290,0,0.004596423
Cold,156893,1010,1009,2149,1290,0,-4.424341e-05
Cold,136604,881,880,2149,1290,1,-0.0011409181
Cold,538528,3313,3312,2151,1292,0,0.0042197695
Cold,539920,3320,3319,2151,1292,1,-0.0048714336
Cold,515496,3182,3181,2151,1292,0,-0.0013510063
Cold,514410,3177,3176,2151,1292,1,0.0028491328
Cold,512878,3163,3162,2151,1292,0,-0.0076141
Cold,500262,3072,3071,2151,1292,0,-0.008474355
Cold,492757,3029,3028,2151,1292,0,0.005191817
Cold,493399,3031,3030,2151,1292,1,-0.0012179222
Cold,483087,2968,2967,2151,1292,1,-0.005091209
Cold,529733,3272,3271,2151,1292,0,0.0049534473
Cold,485068,2986,2985,2151,1292,0,-0.001411497
Cold,468446,2887,2886,2151,1292,0,-0.006953447
Cold,472597,2907,2906,2151,1292,0,-0.0047655636
Cold,466845,2878,2877,2151,1292,1,-0.004367608
Cold,450883,2777,2776,2151,1292,1,-0.0009884605
Cold,438841,2681,2680,2151,1292,1,-0.0008632464
Cold,425075,2580,2579,2151,1292,1,3.3713877e-07
Cold,423177,2565,2564,2151,1292,0,0.002176104
Cold,407544,2447,2446,2151,1292,1,-0.010040337
Cold,392214,2304,2303,2151,1292,1,-0.007435836
Cold,375597,2188,2187,2151,1292,0,-0.00223887
Cold,368808,2156,2155,2151,1292,0,-0.0014738889
Cold,364779,2124,2123,2151,1292,1,0.0041322964
Cold,346993,2035,2034,2151,1292,1,-0.002708002
Cold,298541,1770,1769,2151,1292,0,-0.001349196
Cold,290935,1736,1735,2151,1292,0,-0.00087363995
Cold,280482,1683,1682,2151,1292,0,0.009000778
Cold,287145,1714,1713,2151,1292,0,-0.0045927344
Cold,272960,1647,1646,2151,1292,0,-0.002485035
Cold,273493,1648,1647,2151,1292,1,-0.005135081
Cold,286266,1709,1708,2151,1292,1,-0.0022800146
Cold,268532,1631,1630,2151,1292,1,0.010809848
Cold,350727,2059,2058,2151,1292,1,-0.00011643779
Cold,247712,1496,1495,2151,1292,0,-0.017284937
Cold,279309,1680,1679,2151,1292,0,-0.011065671
Cold,188087,1167,1166,2151,1292,0,-0.0054851654
Cold,328169,1941,1940,2151,1292,0,-0.0039281184
Cold,272214,1645,1644,2151,1292,0,-0.004071401
Cold,159288,1017,1016,2151,1292,0,-0.0034917847
Cold,157564,1014,1013,2151,1292,1,-0.00027927465
Cold,149945,965,964,2151,1292,1,-0.0055935215
Cold,221366,1340,1339,2151,1292,0,-0.006480921
Cold,185325,1150,1149,2151,1292,0,3.212248e-05
Cold,217076,1317,1316,2151,1292,1,0.0009496049
Cold,126597,817,816,2151,1292,1,-0.012503881
Cold,118100,764,763,2151,1292,0,-0.0062558576
Cold,210982,1285,1284,2151,1292,0,-0.00860608
Cold,240115,1449,1448,2151,1292,0,-0.015154378
Cold,105429,697,696,2151,1292,0,0.0055822763
Cold,179599,1125,1124,2151,1292,1,0.003819338
Cold,94952,637,636,2151,1292,1,0.002280871
Cold,351884,2063,2062,2151,1292,0,0.0023128306
Cold,228285,1383,1382,2151,1292,1,-0.002332414
Cold,190974,1181,1180,2151,1292,0,-0.007920491
Cold,84203,550,549,2151,1292,0,0.0005919072
Cold,70446,475,474,2151,1292,0,-0.0034495313
Cold,41626,284,283,2151,1292,1,0.000512165
Cold,35717,242,241,2151,1292,0,-0.0069304286
Cold,626799,3792,3791,2151,1292,1,-0.005862223
Cold,31729,216,215,2151,1292,1,-0.010567566
Cold,66061,442,441,2151,1292,1,-0.006250984
Cold,552373,3401,3400,2151,1292,0,-0.0018372163
Cold,892979,5394,5393,2151,1292,1,-0.0117791
Cold,257687,1579,1578,2151,1292,0,-0.0011336661
Cold,326109,1930,1929,2151,1292,0,-0.011560746
Cold,470737,2898,2897,2151,1292,0,0.001671344
Cold,484612,2985,2984,2151,1292,0,-0.009007802
Cold,718579,4305,4304,2151,1292,0,-0.0017751427
Cold,234123,1422,1421,2152,1293,0,-0.003647952
Cold,10438,75,74,2152,1293,1,0.002608494
Cold,285330,1701,1700,2152,1293,0,0.0008802507
Cold,19152,148,147,2152,1293,1,-0.0005314816
Cold,49107,329,328,2152,1293,0,0.00013163546
Cold,335177,1978,1977,2152,1293,0,0.002730235
Cold,489628,3013,3012,2152,1293,0,-0.0036578057
Cold,907647,5492,5491,2152,1293,0,-0.0037788753
Cold,116842,753,752,2152,1293,1,-0.0030073128
Cold,658394,3967,3966,2154,1295,0,-0.0035585207
Cold,575360,3519,3518,2154,1295,0,0.006297921
Cold,577211,3526,3525,2154,1295,0,-0.001730022
Cold,579990,3540,3539,2154,1295,0,0.0055934177
Cold,536028,3308,3307,2154,1295,0,0.008397239
Cold,533358,3292,3291,2154,1295,0,0.011021087
Cold,524730,3239,3238,2154,1295,1,0.002108806
Cold,503637,3095,3094,2154,1295,1,0.0065617515
Cold,500836,3076,3075,2154,1295,0,0.006719312
Cold,498509,3062,3061,2154,1295,0,0.0055486728
Cold,574775,3518,3517,2154,1295,1,0.0036826741
Cold,494176,3032,3031,2154,1295,1,0.009175689
Cold,478087,2934,2933,2154,1295,0,0.0032348328
Cold,466003,2873,2872,2154,1295,0,0.0055325236
Cold,456471,2810,2809,2154,1295,0,0.005030387
Cold,450885,2777,2776,2154,1295,0,0.0019950345
Cold,445145,2745,2744,2154,1295,1,-0.0004917092
Cold,444667,2743,2742,2154,1295,0,-0.0002050791
Cold,438842,2681,2680,2154,1295,0,0.00565019
Cold,424041,2570,2569,2154,1295,0,0.0017336444
Cold,420478,2541,2540,2154,1295,0,0.004754583
Cold,416101,2506,2505,2154,1295,1,0.00412234
Cold,463770,2858,2857,2154,1295,1,-0.0052431934
Cold,408228,2453,2452,2154,1295,0,0.0067784823
Cold,464177,2860,2859,2154,1295,0,0.0032949243
Cold,404555,2419,2418,2154,1295,0,0.0031723264
Cold,395152,2334,2333,2154,1295,0,0.0055389674
Cold,393115,2309,2308,2154,1295,0,0.0018592227
Cold,387293,2264,2263,2154,1295,0,-0.0049173534
Cold,381325,2230,2229,2154,1295,0,-0.00088290777
Cold,364452,2123,2122,2154,1295,1,0.0029115062
Cold,283551,1697,1696,2154,1295,0,0.00991288
Cold,259487,1587,1586,2154,1295,0,0.0021535002
Cold,272963,1647,1646,2154,1295,0,0.012215927
Cold,203544,1249,1248,2154,1295,0,-0.005926247
Cold,279314,1680,1679,2154,1295,1,0.0062347474
Cold,192374,1184,1183,2154,1295,0,-0.0015012119
Cold,188986,1172,1171,2154,1295,0,0.0024523023
Cold,263358,1605,1604,2154,1295,1,0.0055807764
Cold,169816,1078,1077,2154,1295,1,0.009226305
Cold,175542,1112,1111,2154,1295,0,0.016815796
Cold,166478,1059,1058,2154,1295,0,0.0043370356
Cold,328173,1941,1940,2154,1295,0,0.005337544
Cold,324432,1922,1921,2154,1295,0,0.008928214
Cold,138337,889,888,2154,1295,0,-0.001733257
Cold,124901,802,801,2154,1295,0,0.0077701015
Cold,123901,798,797,2154,1295,0,0.0031783867
Cold,123707,797,796,2154,1295,1,-0.000739011
Cold,223559,1354,1353,2154,1295,0,0.0045791855
Cold,111873,728,727,2154,1295,0,-0.0015708315
Cold,100861,673,672,2154,1295,0,0.014832854
Cold,332668,1962,1961,2154,1295,0,0.0030079146
Cold,228286,1383,1382,2154,1295,0,0.002256672
Cold,238974,1448,1447,2154,1295,0,-0.003918016
Cold,73675,499,498,2154,1295,1,0.0017820011
Cold,59321,403,402,2154,1295,0,0.005939523
Cold,74859,509,508,2154,1295,0,0.0006655557
Cold,78477,528,527,2154,1295,1,0.0060006697
Cold,363054,2116,2115,2154,1295,0,0.005091695
Cold,31139,209,208,2154,1295,0,0.0032059348
Cold,311732,1858,1857,2154,1295,1,0.0079813525
Cold,29023,199,198,2154,1295,0,0.0080771465
Cold,26240,187,186,2154,1295,0,0.0027370546
Cold,22301,163,162,2154,1295,0,0.006512978
Cold,9081,62,61,2154,1295,0,0.008770869
Cold,7456,53,52,2154,1295,1,0.0004454282
Cold,3457,26,25,2154,1295,0,0.004548733
Cold,696350,4169,4168,2154,1295,0,0.010448515
Cold,20589,151,150,2154,1295,0,0.0066015534
Cold,964070,5812,5811,2154,1295,0,0.002273345
Cold,104342,692,691,2154,1295,0,-0.0009966344
Cold,531042,3280,3279,2154,1295,0,0.011629764
Cold,330970,1954,1953,2154,1295,1,0.010634394
Cold,51293,338,337,2154,1295,1,-0.00017200527
Cold,79425,531,530,2154,1295,0,0.005935384
Cold,242348,1463,1462,2154,1295,0,0.011498461
Cold,565597,3475,3474,2154,1295,0,-0.0005991693
Cold,793423,4744,4743,2154,1295,0,0.00541115
Cold,33852,229,228,2154,1295,1,0.0069208853
Cold,974340,5878,5877,2154,1295,0,0.008468956
Cold,568124,3486,3485,2162,1300,0,0.0016326718
Cold,567503,3483,3482,2162,1300,1,0.010900916
Cold,584731,3569,3568,2162,1300,0,-0.0020102984
Cold,562075,3458,3457,2162,1300,0,0.0020864387
Cold,559102,3434,3433,2162,1300,0,0.005653606
Cold,558964,3433,3432,2162,1300,0,0.0010932095
Cold,555256,3414,3413,2162,1300,1,0.0011209635
Cold,550205,3391,3390,2162,1300,0,0.01177401
Cold,543722,3349,3348,2162,1300,1,-0.0017087923
Cold,541651,3333,3332,2162,1300,0,0.014162052
Cold,537193,3311,3310,2162,1300,0,-0.0014496502
Cold,536038,3308,3307,2162,1300,0,0.001704873
Cold,527453,3261,3260,2162,1300,0,0.006080877
Cold,738175,4411,4410,2162,1300,0,0.008052658
Cold,501800,3081,3080,2162,1300,0,0.006130033
Cold,489637,3013,3012,2162,1300,0,-0.0066760923
Cold,487580,2999,2998,2162,1300,0,0.0003462287
Cold,472614,2907,2906,2162,1300,0,0.012736139
Cold,468933,2888,2887,2162,1300,1,0.010282924
Cold,466857,2878,2877,2162,1300,1,-0.005869775
Cold,436469,2665,2664,2162,1300,1,0.016557459
Cold,574317,3516,3515,2162,1300,0,0.006904362
Cold,424124,2571,2570,2162,1300,1,0.014069592
Cold,421893,2551,2550,2162,1300,0,0.004605894
Cold,408700,2454,2453,2162,1300,0,0.00093010394
Cold,388517,2274,2273,2162,1300,1,-0.0037603034
Cold,384886,2248,2247,2162,1300,1,0.0051742666
Cold,383703,2242,2241,2162,1300,0,0.0070815654
Cold,373457,2180,2179,2162,1300,0,0.006532996
Cold,371697,2172,2171,2162,1300,0,0.0021544155
Cold,369067,2157,2156,2162,1300,0,-0.003293725
Cold,367925,2148,2147,2162,1300,0,0.0145763075
Cold,354134,2073,2072,2162,1300,0,0.0031759432
Cold,361674,2109,2108,2162,1300,0,0.015167765
Cold,341620,2012,2011,2162,1300,0,0.015993124
Cold,333879,1969,1968,2162,1300,0,0.0066570523
Cold,315294,1880,1879,2162,1300,0,0.008635462
Cold,300833,1783,1782,2162,1300,0,0.003381034
Cold,292705,1742,1741,2162,1300,0,0.012447149
Cold,288899,1726,1725,2162,1300,0,0.0059714587
Cold,297523,1764,1763,2162,1300,1,0.008348124
Cold,338873,1996,1995,2162,1300,0,0.014604003
Cold,360820,2106,2105,2162,1300,0,0.0083916485
Cold,342517,2015,2014,2162,1300,0,0.012267385
Cold,231464,1403,1402,2162,1300,0,0.012307244
Cold,277733,1676,1675,2162,1300,0,0.013928719
Cold,272977,1647,1646,2162,1300,0,0.0009132917
Cold,303882,1805,1804,2162,1300,1,0.014649767
Cold,279341,1680,1679,2162,1300,0,0.0046768733
Cold,213487,1298,1297,2162,1300,0,-0.003020199
Cold,328192,1941,1940,2162,1300,0,-0.0007635539
Cold,186368,1152,1151,2162,1300,0,0.0101868445
Cold,181605,1135,1134,2162,1300,1,-0.00083695026
Cold,203117,1246,1245,2162,1300,0,0.009350067
Cold,177580,1119,1118,2162,1300,0,0.005291881
Cold,346227,2030,2029,2162,1300,0,0.0033732262
Cold,263374,1605,1604,2162,1300,0,0.0071368758
Cold,248849,1501,1500,2162,1300,0,0.008028772
Cold,175554,1112,1111,2162,1300,0,0.009625908
Cold,163163,1042,1041,2162,1300,0,0.00369323
Cold,363951,2120,2119,2162,1300,0,0.002088961
Cold,155895,1004,1003,2162,1300,0,0.010983315
Cold,156913,1010,1009,2162,1300,0,0.015564651
Cold,276995,1675,1674,2162,1300,0,0.0064939475
Cold,134319,869,868,2162,1300,0,0.0056908187
Cold,127300,822,821,2162,1300,1,0.004213612
Cold,126605,817,816,2162,1300,0,0.00233259
Cold,124259,800,799,2162,1300,1,0.0039167195
Cold,124076,799,798,2162,1300,0,0.003529394
Cold,123904,798,797,2162,1300,1,0.008462308
Cold,178161,1120,1119,2162,1300,0,0.007357274
Cold,121163,780,779,2162,1300,0,0.009240828
Cold,120433,777,776,2162,1300,0,0.010852406
Cold,117520,757,756,2162,1300,0,0.00054867216
Cold,175020,1109,1108,2162,1300,0,0.0063528903
Cold,114465,744,743,2162,1300,0,-0.0013448352
Cold,110370,720,719,2162,1300,0,0.008590618
Cold,112504,731,730,2162,1300,0,-0.00024527428
Cold,216431,1314,1313,2162,1300,0,-0.000102195656
Cold,100565,671,670,2162,1300,0,0.011369535
Cold,108726,712,711,2162,1300,0,0.006643672
Cold,87455,571,570,2162,1300,0,0.010484678
Cold,86139,563,562,2162,1300,0,0.0039020404
Cold,85912,561,560,2162,1300,0,0.002161731
Cold,81708,543,542,2162,1300,0,0.009025075
Cold,84221,550,549,2162,1300,0,-0.007487089
Cold,64958,436,435,2162,1300,1,0.0002145716
Cold,65382,438,437,2162,1300,0,0.0057707303
Cold,54718,357,356,2162,1300,0,0.003720954
Cold,53436,352,351,2162,1300,0,0.010288583
Cold,14340,117,116,2162,1300,0,0.014354727
Cold,12234,93,92,2162,1300,0,0.009675756
Cold,11148,83,82,2162,1300,0,0.0070963283
Cold,10450,75,74,2162,1300,1,0.0023155734
Cold,7474,53,52,2162,1300,0,0.006950248
Cold,79436,531,530,2162,1300,0,0.0030776253
Cold,73820,500,499,2162,1300,0,0.011105761
Cold,19173,148,147,2162,1300,0,-0.0020998
Cold,530278,3274,3273,2162,1300,0,0.0010829596
Cold,39894,271,270,2162,1300,0,-0.0020247782
Cold,49138,329,328,2162,1300,0,0.0076411623
Cold,386095,2258,2257,2162,1300,0,-0.005340324
Cold,11843,92,91,2162,1300,1,0.008197542
Cold,102304,678,677,2162,1300,0,0.0064749047
Cold,139190,890,889,2162,1300,0,-0.0037087621
Cold,310709,1851,1850,2162,1300,0,0.006923558
Cold,499464,3067,3066,2162,1300,0,0.008030469
Cold,183236,1141,1140,2162,1300,0,0.006929731
Cold,351909,2063,2062,2162,1300,0,0.00699402
Cold,473690,2909,2908,2162,1300,0,0.0016524598
Cold,456477,2810,2809,2162,1300,1,0.0017904455
Cold,206362,1265,1264,2162,1300,0,0.019054025
Cold,689872,4126,4125,2162,1300,0,0.007664564
Cold,235001,1425,1424,2162,1300,0,-0.004371081
Cold,461524,2847,2846,2162,1300,0,0.0069081075
Cold,484615,2985,2984,2162,1300,1,0.0023086811
Cold,272222,1645,1644,2162,1300,1,0.005829461
Cold,211004,1285,1284,2165,1302,1,-0.0030531615
Cold,329357,1943,1942,2165,1302,1,0.0019457373
Cold,185349,1150,1149,2165,1302,1,-0.0060976073
Cold,307478,1835,1834,2165,1302,1,-0.0022756667
Cold,168470,1069,1068,2165,1302,0,-0.0112618
Cold,166488,1059,1058,2165,1302,0,-0.0063324906
Cold,214893,1303,1302,2165,1302,0,0.0012060485
Cold,267997,1628,1627,2165,1302,1,0.00396919
Cold,131183,850,849,2165,1302,1,0.0011081373
Cold,154876,999,998,2165,1302,0,0.00077715307
Cold,176049,1113,1112,2165,1302,0,0.0008679484
Cold,179613,1125,1124,2165,1302,1,-0.0009447031
Cold,631609,3821,3820,2165,1302,0,-0.0018236549
Cold,696376,4169,4168,2165,1302,0,-0.0032225281
Cold,303743,1804,1803,2165,1302,0,-0.0055065504
Cold,77576,524,523,2165,1302,1,-0.00022891583
Cold,74867,509,508,2165,1302,0,0.004321432
Cold,197352,1211,1210,2165,1302,1,-0.00028362917
Cold,70183,474,473,2165,1302,1,0.005700516
Cold,59884,408,407,2165,1302,1,-0.0022200658
Cold,60050,409,408,2165,1302,1,-0.0034661798
Cold,155352,1001,1000,2165,1302,1,-0.0008247983
Cold,52375,345,344,2165,1302,1,-0.010525175
Cold,132502,855,854,2165,1302,0,-0.0036484855
Cold,61113,412,411,2165,1302,1,0.0032501114
Cold,29590,202,201,2165,1302,0,-0.00889513
Cold,235003,1425,1424,2165,1302,1,0.0011514656
Cold,88847,587,586,2165,1302,0,-0.00544917
Cold,22970,166,165,2165,1302,1,-0.0004211422
Cold,290259,1733,1732,2165,1302,1,-0.0071812356
Cold,7478,53,52,2165,1302,1,-0.008288861
Cold,79437,531,530,2165,1302,0,0.00076545705
Cold,892989,5394,5393,2165,1302,0,-0.0036241706
Cold,49925,331,330,2165,1302,1,-0.0024708891
Cold,777822,4647,4646,2165,1302,0,0.0022760944
Cold,240141,1449,1448,2165,1302,1,-0.001029615
Cold,497247,3054,3053,2165,1302,1,-0.0049272235
Cold,164600,1051,1050,2165,1302,0,-0.00087768584
Cold,360104,2105,2104,2165,1302,0,0.008982236
Cold,102305,678,677,2165,1302,1,-0.0018248244
Cold,160139,1019,1018,2165,1302,0,0.0027071629
Cold,176982,1117,1116,2165,1302,1,-0.0009925913
Cold,992894,5998,5997,2165,1302,0,0.001015274
Cold,847040,5090,5089,2165,1302,0,0.0021948111
Cold,322407,1912,1911,2165,1302,0,-0.007461495
Cold,257704,1579,1578,2165,1302,0,0.0070770094
Cold,372644,2176,2175,2165,1302,1,0.0017700114
Cold,504828,3106,3105,2165,1302,1,-0.0009611503
Cold,550209,3391,3390,2165,1302,1,-0.004932881
Cold,510952,3150,3149,2166,1303,1,0.0043005426
Cold,472618,2907,2906,2166,1303,0,0.006720217
Cold,471639,2901,2900,2166,1303,1,0.006346627
Cold,470411,2896,2895,2166,1303,1,0.008070768
Cold,450900,2777,2776,2166,1303,1,0.0016964197
Cold,450293,2776,2775,2166,1303,1,-0.00344123
Cold,564449,3471,3470,2166,1303,0,-0.0010381215
Cold,443595,2736,2735,2166,1303,1,-0.002559456
Cold,425334,2581,2580,2166,1303,0,0.011679807
Cold,416104,2506,2505,2166,1303,1,0.004677429
Cold,408245,2453,2452,2166,1303,1,0.0045415815
Cold,768106,4578,4577,2166,1303,0,0.0008066484
Cold,393120,2309,2308,2166,1303,1,0.00081513554
Cold,359411,2102,2101,2166,1303,0,0.006190292
Cold,332999,1963,1962,2166,1303,1,0.006071655
Cold,330538,1951,1950,2166,1303,1,0.0073374454
Cold,302154,1794,1793,2166,1303,0,0.0054833274
Cold,360823,2106,2105,2166,1303,0,0.003519094
Cold,275125,1666,1665,2166,1303,0,-0.0020186056
Cold,282656,1694,1693,2166,1303,0,0.007212461
Cold,268343,1630,1629,2166,1303,0,0.0069154548
Cold,267583,1626,1625,2166,1303,1,-0.00014275033
Cold,332682,1962,1961,2166,1303,0,0.004734317
Cold,283200,1696,1695,2166,1303,0,0.0013608416
Cold,201158,1241,1240,2166,1303,1,-0.0016579434
Cold,279347,1680,1679,2166,1303,1,0.0030942843
Cold,196543,1207,1206,2166,1303,0,0.004572481
Cold,338164,1988,1987,2166,1303,0,0.0038902934
Cold,363072,2116,2115,2166,1303,1,0.010512049
Cold,182502,1139,1138,2166,1303,1,0.0022778902
Cold,307479,1835,1834,2166,1303,1,0.0062441593
Cold,331646,1958,1957,2166,1303,0,0.0010602965
Cold,168471,1069,1068,2166,1303,0,0.0065188427
Cold,163455,1047,1046,2166,1303,1,-0.0005475031
Cold,163860,1050,1049,2166,1303,0,0.006840363
Cold,160877,1022,1021,2166,1303,1,0.005075019
Cold,167887,1068,1067,2166,1303,1,0.0066844057
Cold,150611,970,969,2166,1303,1,0.012276604
Cold,148764,957,956,2166,1303,1,-0.001933712
Cold,270930,1639,1638,2166,1303,1,0.0011458842
Cold,154612,998,997,2166,1303,1,0.00667885
Cold,156914,1010,1009,2166,1303,0,0.0021593603
Cold,138367,889,888,2166,1303,0,0.0055037364
Cold,134322,869,868,2166,1303,0,0.0023415
Cold,131938,854,853,2166,1303,1,-0.001508377
Cold,778888,4653,4652,2166,1303,0,-0.00173149
Cold,108007,710,709,2166,1303,1,-0.0075476384
Cold,98852,660,659,2166,1303,0,0.007015262
Cold,81709,543,542,2166,1303,1,0.0038915859
Cold,64635,432,431,2166,1303,0,-0.0005739799
Cold,63702,425,424,2166,1303,0,0.0041961754
Cold,60051,409,408,2166,1303,1,-0.0033061
Cold,155353,1001,1000,2166,1303,1,0.002204033
Cold,68222,457,456,2166,1303,0,0.0031797255
Cold,47211,319,318,2166,1303,0,0.0055205864
Cold,57882,392,391,2166,1303,1,0.0027357955
Cold,42453,290,289,2166,1303,0,-0.000120364595
Cold,41409,281,280,2166,1303,0,-0.0010113427
Cold,38172,261,260,2166,1303,1,0.0050575174
Cold,36955,249,248,2166,1303,0,0.014277646
Cold,29592,202,201,2166,1303,0,0.0038561095
Cold,29035,199,198,2166,1303,0,-0.0018520425
Cold,22311,163,162,2166,1303,0,0.008433274
Cold,762,9,8,2166,1303,1,-2.5268062e-05
Cold,104354,692,691,2166,1303,1,0.0009695282
Cold,206908,1266,1265,2166,1303,1,0.0038744705
Cold,79439,531,530,2166,1303,0,0.0025877496
Cold,286742,1712,1711,2166,1303,0,0.0017981601
Cold,182036,1137,1136,2166,1303,1,-0.0026186635
Cold,110849,721,720,2166,1303,0,0.0020106444
Cold,696377,4169,4168,2166,1303,1,0.008989864
Cold,567505,3483,3482,2166,1303,1,0.004756533
Cold,497248,3054,3053,2166,1303,0,-0.0037503229
Cold,882998,5333,5332,2166,1303,0,-0.00018715486
Cold,317742,1889,1888,2166,1303,1,-0.0011109933
Cold,599286,3648,3647,2166,1303,0,-0.0017513621
Cold,222594,1347,1346,2166,1303,1,0.0015967687
Cold,123121,795,794,2166,1303,1,-0.006003813
Cold,164602,1051,1050,2166,1303,1,0.011318896
Cold,583478,3562,3561,2166,1303,1,-0.0019167671
Cold,322408,1912,1911,2166,1303,0,0.0026069642
Cold,324970,1925,1924,2166,1303,1,0.001999708
Cold,941423,5682,5681,2166,1303,1,-0.0051944987
Cold,96620,648,647,2166,1303,1,-0.0028010062
Cold,156917,1010,1009,2168,1305,0,0.007536958
Cold,138369,889,888,2168,1305,0,0.005097214
Cold,223570,1354,1353,2168,1305,0,0.0016601777
Cold,432154,2634,2633,2168,1305,1,0.0015308262
Cold,228305,1383,1382,2168,1305,0,0.006856898
Cold,155354,1001,1000,2168,1305,0,0.00983898
Cold,53445,352,351,2168,1305,0,0.006004139
Cold,487071,2996,2995,2168,1305,0,0.010396213
Cold,55110,365,364,2168,1305,0,-0.0018173748
Cold,78489,528,527,2168,1305,0,0.015018394
Cold,696378,4169,4168,2168,1305,1,0.0036250462
Cold,39459,268,267,2168,1305,0,-0.0010245355
Cold,30188,203,202,2168,1305,0,0.0036723774
Cold,26259,187,186,2168,1305,1,0.009850246
Cold,6251,45,44,2168,1305,0,-0.012834456
Cold,102311,678,677,2168,1305,0,0.005414692
Cold,599288,3648,3647,2168,1305,0,-0.0007471723
Cold,893890,5397,5396,2168,1305,0,0.006997702
Cold,160752,1021,1020,2168,1305,1,0.0058737923
Cold,281293,1687,1686,2169,1306,0,-0.007509997
Cold,314490,1878,1877,2169,1306,1,-0.0014321875
Cold,247728,1496,1495,2169,1306,0,-0.0012139215
Cold,236394,1434,1433,2169,1306,0,-0.00037097197
Cold,222398,1345,1344,2169,1306,1,-0.00030156027
Cold,223572,1354,1353,2169,1306,0,0.00035560926
Cold,296819,1759,1758,2169,1306,1,0.0013497605
Cold,277738,1676,1675,2169,1306,1,-0.0013299127
Cold,205332,1263,1262,2169,1306,0,-0.003982157
Cold,197353,1211,1210,2169,1306,0,0.0054905117
Cold,196546,1207,1206,2169,1306,0,-0.0030701575
Cold,191865,1182,1181,2169,1306,0,-0.00304244
Cold,185354,1150,1149,2169,1306,0,-0.0026672145
Cold,326761,1937,1936,2169,1306,0,-0.00080574653
Cold,176051,1113,1112,2169,1306,0,-0.0018970161
Cold,653553,3940,3939,2169,1306,0,0.005612193
Cold,328199,1941,1940,2169,1306,0,0.0033127763
Cold,272225,1645,1644,2169,1306,1,0.0041251983
Cold,160141,1019,1018,2169,1306,0,-0.0067744106
Cold,167888,1068,1067,2169,1306,0,-0.005297293
Cold,156241,1006,1005,2169,1306,0,0.00030731806
Cold,149336,961,960,2169,1306,0,-0.0034913234
Cold,156919,1010,1009,2169,1306,0,0.004003293
Cold,136626,881,880,2169,1306,0,0.0040021217
Cold,128556,832,831,2169,1306,0,0.00067982706
Cold,263378,1605,1604,2169,1306,0,0.010678355
Cold,298112,1767,1766,2169,1306,0,0.005801701
Cold,360828,2106,2105,2169,1306,0,-0.0011737812
Cold,475792,2919,2918,2169,1306,0,-0.0038775573
Cold,116849,753,752,2169,1306,1,-0.00062376517
Cold,120438,777,776,2169,1306,0,0.00013421476
Cold,108011,710,709,2169,1306,0,-0.002355881
Cold,109316,714,713,2169,1306,1,-0.0039931503
Cold,329361,1943,1942,2169,1306,0,-0.0065556783
Cold,291439,1737,1736,2169,1306,0,0.01178221
Cold,81713,543,542,2169,1306,1,-0.0007097763
Cold,70185,474,473,2169,1306,0,-0.006119329
Cold,65385,438,437,2169,1306,0,-0.0033202413
Cold,59334,403,402,2169,1306,0,-0.0035797213
Cold,57080,386,385,2169,1306,0,-0.0012311506
Cold,155355,1001,1000,2169,1306,0,-0.0038778728
Cold,53447,352,351,2169,1306,0,-0.00067338545
Cold,44218,302,301,2169,1306,0,0.007937074
Cold,40215,272,271,2169,1306,0,0.0031605186
Cold,219185,1329,1328,2169,1306,0,-0.0019139978
Cold,29596,202,201,2169,1306,0,-0.0032958267
Cold,467641,2882,2881,2169,1306,0,-0.0022668936
Cold,26996,192,191,2169,1306,0,-0.0039035992
Cold,54342,355,354,2169,1306,1,-0.0023983954
Cold,481853,2962,2961,2169,1306,0,0.0010412058
Cold,11851,92,91,2169,1306,0,0.0020272965
Cold,235007,1425,1424,2169,1306,0,-0.0026730257
Cold,79443,531,530,2169,1306,1,0.0014134524
Cold,88207,582,581,2169,1306,1,-0.0072127986
Cold,363075,2116,2115,2169,1306,1,-0.0007365397
Cold,265124,1611,1610,2169,1306,0,-0.003735458
Cold,331648,1958,1957,2169,1306,0,-0.0093408795
Cold,682496,4085,4084,2169,1306,0,0.007565642
Cold,317743,1889,1888,2169,1306,0,0.0037336855
Cold,45761,308,307,2169,1306,0,-0.0009163639
Cold,562617,3462,3461,2169,1306,0,0.007272682
Cold,134324,869,868,2169,1306,1,0.006253121
Cold,921042,5565,5564,2169,1306,0,0.0060819364
Cold,351917,2063,2062,2169,1306,0,-0.0091663385
Cold,717025,4294,4293,2169,1306,0,-0.00043674582
Cold,290262,1733,1732,2169,1306,0,-0.009650921
Cold,699703,4186,4185,2169,1306,0,-0.009835227
Cold,892991,5394,5393,2169,1306,0,0.0014638649
Cold,272982,1647,1646,2169,1306,0,0.001628679
Cold,171696,1088,1087,2169,1306,0,-0.008910001
Cold,368817,2156,2155,2170,1307,0,0.008653645
Cold,366466,2134,2133,2170,1307,0,0.00408261
Cold,363085,2116,2115,2170,1307,0,-0.0052086404
Cold,355981,2085,2084,2170,1307,1,-0.00076022453
Cold,355604,2082,2081,2170,1307,1,0.0069361604
Cold,356418,2088,2087,2170,1307,1,0.005437278
Cold,349898,2054,2053,2170,1307,0,0.0034403563
Cold,361683,2109,2108,2170,1307,0,0.0059828567
Cold,351933,2063,2062,2170,1307,0,0.006041046
Cold,345124,2024,2023,2170,1307,0,-0.0009486284
Cold,344850,2023,2022,2170,1307,1,0.0017878269
Cold,341628,2012,2011,2170,1307,0,0.0026516244
Cold,340686,2010,2009,2170,1307,0,-0.0034861462
Cold,325812,1928,1927,2170,1307,0,0.0020787632
Cold,299096,1776,1775,2170,1307,0,0.0008273965
Cold,303545,1803,1802,2170,1307,0,-0.0073366403
Cold,247735,1496,1495,2170,1307,0,-0.0041040923
Cold,243513,1468,1467,2170,1307,0,-0.0025136233
Cold,248401,1499,1498,2170,1307,1,0.00053872727
Cold,231673,1404,1403,2170,1307,0,0.0072738165
Cold,376396,2195,2194,2170,1307,1,-0.0007588365
Cold,337473,1984,1983,2170,1307,1,-0.00037810206
Cold,233081,1418,1417,2170,1307,0,0.0039515346
Cold,216308,1313,1312,2170,1307,1,-0.007796576
Cold,277745,1676,1675,2170,1307,0,0.0001814207
Cold,207764,1271,1270,2170,1307,1,0.0106956875
Cold,279367,1680,1679,2170,1307,0,0.009723002
Cold,198827,1221,1220,2170,1307,1,-0.0051552495
Cold,198631,1220,1219,2170,1307,0,0.007905444
Cold,191017,1181,1180,2170,1307,0,-0.0025872728
Cold,183561,1142,1141,2170,1307,0,0.0003837411
Cold,172895,1096,1095,2170,1307,0,0.004436349
Cold,171714,1088,1087,2170,1307,0,0.004288021
Cold,249258,1502,1501,2170,1307,0,0.0045147417
Cold,136634,881,880,2170,1307,0,-0.00049341633
Cold,108018,710,709,2170,1307,1,-0.00012705661
Cold,106099,699,698,2170,1307,0,0.0023792577
Cold,371022,2168,2167,2170,1307,1,0.003163212
Cold,90684,601,600,2170,1307,0,0.0036701947
Cold,86669,566,565,2170,1307,0,-0.0012958214
Cold,81719,543,542,2170,1307,1,-0.004523215
Cold,240152,1449,1448,2170,1307,0,-0.00055699167
Cold,83194,549,548,2170,1307,0,0.00019454723
Cold,44231,302,301,2170,1307,0,-0.0037407642
Cold,37983,260,259,2170,1307,0,-0.0019229903
Cold,35735,242,241,2170,1307,0,0.0035074272
Cold,291447,1737,1736,2170,1307,0,0.0041370727
Cold,255539,1556,1555,2170,1307,0,-0.0032290362
Cold,22326,163,162,2170,1307,0,-0.0018354151
Cold,27003,192,191,2170,1307,0,0.003795845
Cold,235013,1425,1424,2170,1307,0,0.0042936867
Cold,10162,73,72,2170,1307,1,0.000120593235
Cold,152199,979,978,2170,1307,1,0.0034507136
Cold,19199,148,147,2170,1307,1,0.0062720696
Cold,49941,331,330,2170,1307,0,0.0023150954
Cold,35029,237,236,2170,1307,0,0.0035200003
Cold,11532,90,89,2170,1307,0,-0.0024844622
Cold,343657,2018,2017,2170,1307,0,0.0023871395
Cold,473709,2909,2908,2170,1307,0,0.0056650355
Cold,768739,4579,4578,2170,1307,0,0.014548806
Cold,63021,424,423,2170,1307,0,0.008691292
Cold,331660,1958,1957,2170,1307,0,-0.0019568354
Cold,718588,4305,4304,2170,1307,0,0.008666884
Cold,841156,5054,5053,2171,1308,0,0.0040241517
Cold,730563,4371,4370,2171,1308,1,0.007045467
Cold,722390,4326,4325,2171,1308,1,0.0092655355
Cold,704655,4225,4224,2171,1308,1,0.0017065047
Cold,694597,4161,4160,2171,1308,0,0.004009636
Cold,683463,4088,4087,2171,1308,0,0.0031896012
Cold,661519,3989,3988,2171,1308,1,-0.0003799589
Cold,660943,3985,3984,2171,1308,1,0.0015810514
Cold,659827,3976,3975,2171,1308,1,0.00830501
Cold,652612,3934,3933,2171,1308,0,0.009500419
Cold,641585,3858,3857,2171,1308,1,0.00034194777
Cold,640567,3850,3849,2171,1308,1,-0.0015074128
Cold,648714,3908,3907,2171,1308,1,-0.005534365
Cold,634968,3829,3828,2171,1308,1,0.007001159
Cold,618973,3751,3750,2171,1308,0,0.001360154
Cold,609180,3693,3692,2171,1308,1,0.0011277993
Cold,602306,3664,3663,2171,1308,1,-0.00040974107
Cold,636323,3834,3833,2171,1308,0,-0.0031240878
Cold,591537,3609,3608,2171,1308,0,-0.006363605
Cold,589776,3598,3597,2171,1308,0,0.0067384923
Cold,589617,3596,3595,2171,1308,1,0.005049304
Cold,588501,3590,3589,2171,1308,1,-0.0043543912
Cold,585123,3572,3571,2171,1308,1,-0.0002760046
Cold,582671,3559,3558,2171,1308,1,0.0005896174
Cold,579407,3539,3538,2171,1308,1,-0.0007072226
Cold,565006,3473,3472,2171,1308,1,0.0015523114
Cold,573907,3513,3512,2171,1308,0,0.0042767576
Cold,549487,3390,3389,2171,1308,1,0.017350134
Cold,748845,4471,4470,2171,1308,1,0.004245754
Cold,796083,4771,4770,2171,1308,0,0.004011522
Cold,534381,3299,3298,2171,1308,1,0.0023419948
Cold,916696,5539,5538,2171,1308,1,0.00051721
Cold,527460,3261,3260,2171,1308,0,0.004403087
Cold,523469,3227,3226,2171,1308,0,0.0012461098
Cold,774463,4619,4618,2171,1308,1,0.0028935065
Cold,521113,3216,3215,2171,1308,1,0.0077683264
Cold,522626,3224,3223,2171,1308,1,0.007805143
Cold,510265,3143,3142,2171,1308,0,-0.0037639434
Cold,499483,3067,3066,2171,1308,1,-0.0007969511
Cold,490306,3017,3016,2171,1308,1,-0.009188062
Cold,485094,2986,2985,2171,1308,1,0.0016164023
Cold,479279,2941,2940,2171,1308,1,0.0016059193
Cold,471018,2899,2898,2171,1308,1,0.010608451
Cold,464642,2863,2862,2171,1308,1,0.0060612005
Cold,460320,2840,2839,2171,1308,1,0.0042492803
Cold,458935,2825,2824,2171,1308,1,0.0043682056
Cold,442420,2724,2723,2171,1308,1,-0.006009484
Cold,430331,2623,2622,2171,1308,1,0.0009686296
Cold,422667,2561,2560,2171,1308,0,-0.001576365
Cold,425337,2581,2580,2171,1308,1,0.0053247535
Cold,416108,2506,2505,2171,1308,1,0.0056121475
Cold,400973,2389,2388,2171,1308,1,0.0060060965
Cold,392708,2305,2304,2171,1308,1,-0.0007652913
Cold,383144,2238,2237,2171,1308,1,0.0013247399
Cold,348068,2041,2040,2171,1308,1,0.0027267756
Cold,339680,2002,2001,2171,1308,1,0.0026112506
Cold,335984,1980,1979,2171,1308,1,0.012868162
Cold,330542,1951,1950,2171,1308,0,0.0008174828
Cold,324450,1922,1921,2171,1308,1,0.0010631201
Cold,323192,1916,1915,2171,1308,1,-0.0031788843
Cold,324758,1924,1923,2171,1308,0,-0.00090314785
Cold,316285,1883,1882,2171,1308,1,0.003008904
Cold,315304,1880,1879,2171,1308,1,0.0051734177
Cold,304932,1812,1811,2171,1308,1,0.0027501276
Cold,316850,1884,1883,2171,1308,1,-0.0026347023
Cold,274406,1658,1657,2171,1308,1,-0.00036132452
Cold,270936,1639,1638,2171,1308,0,0.0050625326
Cold,252121,1526,1525,2171,1308,1,0.004169111
Cold,258130,1581,1580,2171,1308,1,0.0062241144
Cold,246886,1491,1490,2171,1308,1,-0.0036996754
Cold,248276,1498,1497,2171,1308,1,0.0051722815
Cold,244977,1475,1474,2171,1308,0,0.0044923304
Cold,225386,1363,1362,2171,1308,1,-0.0038362383
Cold,229913,1391,1390,2171,1308,0,0.0025725886
Cold,309938,1843,1842,2171,1308,1,0.0025486264
Cold,319379,1897,1896,2171,1308,0,0.007834142
Cold,222405,1345,1344,2171,1308,1,-0.0029164336
Cold,216607,1315,1314,2171,1308,1,0.0011639332
Cold,208320,1273,1272,2171,1308,0,0.0033414704
Cold,308068,1836,1835,2171,1308,1,0.007002103
Cold,308674,1837,1836,2171,1308,1,-0.0026440732
Cold,244014,1470,1469,2171,1308,0,0.0016913898
Cold,294339,1749,1748,2171,1308,0,0.0102755595
Cold,188244,1168,1167,2171,1308,1,0.004610694
Cold,185367,1150,1149,2171,1308,0,-0.004115793
Cold,212485,1294,1293,2171,1308,1,0.0037758604
Cold,199479,1224,1223,2171,1308,1,-0.0009142858
Cold,173697,1100,1099,2171,1308,0,-0.0031354974
Cold,168486,1069,1068,2171,1308,1,0.009680696
Cold,191018,1181,1180,2171,1308,1,0.0061988356
Cold,167311,1065,1064,2171,1308,1,0.000104915816
Cold,219496,1331,1330,2171,1308,1,-0.0015634429
Cold,166493,1059,1058,2171,1308,0,-0.0024542597
Cold,158944,1016,1015,2171,1308,1,0.01179594
Cold,158284,1015,1014,2171,1308,1,-0.0018188593
Cold,311094,1853,1852,2171,1308,1,0.0032947469
Cold,143681,927,926,2171,1308,0,-0.00046252366
Cold,138382,889,888,2171,1308,0,0.0036506674
Cold,137441,887,886,2171,1308,0,-0.0028247554
Cold,223582,1354,1353,2171,1308,0,0.0076553524
Cold,111672,727,726,2171,1308,1,0.0036202136
Cold,111503,726,725,2171,1308,1,-0.0023456356
Cold,112509,731,730,2171,1308,1,0.0029455645
Cold,778889,4653,4652,2171,1308,1,0.0031137494
Cold,111436,725,724,2171,1308,0,0.006068087
Cold,106100,699,698,2171,1308,0,0.010301688
Cold,284231,1698,1697,2171,1308,1,-0.002013145
Cold,90138,594,593,2171,1308,1,-0.0046385257
Cold,80550,534,533,2171,1308,0,0.0008934089
Cold,84236,550,549,2171,1308,0,0.004994423
Cold,64638,432,431,2171,1308,0,0.0026995847
Cold,64483,430,429,2171,1308,0,-0.00070798583
Cold,155362,1001,1000,2171,1308,1,-0.0010057525
Cold,201594,1242,1241,2171,1308,1,0.0016772179
Cold,132509,855,854,2171,1308,1,-0.0026642664
Cold,44917,303,302,2171,1308,1,0.003175791
Cold,42688,293,292,2171,1308,1,-0.00022129784
Cold,32599,220,219,2171,1308,1,-0.0072607696
Cold,33326,225,224,2171,1308,1,0.0018158045
Cold,24808,175,174,2171,1308,0,0.0024224615
Cold,16581,131,130,2171,1308,1,0.008471192
Cold,5458,38,37,2171,1308,1,0.0005903926
Cold,4890,35,34,2171,1308,1,6.5598404e-05
Cold,545315,3363,3362,2171,1308,0,-0.0039595664
Cold,10737,78,77,2171,1308,1,0.0009527202
Cold,206918,1266,1265,2171,1308,0,0.0018041695
Cold,983034,5938,5937,2171,1308,0,-0.006552504
Cold,360841,2106,2105,2171,1308,0,0.002823196
Cold,750442,4478,4477,2171,1308,1,0.0049053207
Cold,290268,1733,1732,2171,1308,1,0.0035385808
Cold,194878,1202,1201,2171,1308,0,0.009197245
Cold,206368,1265,1264,2171,1308,1,0.004355033
Cold,739415,4418,4417,2171,1308,1,-0.00853478
Cold,59890,408,407,2171,1308,1,0.0033144054
Cold,178658,1121,1120,2171,1308,1,0.01119966
Cold,497252,3054,3053,2171,1308,0,-0.0025676456
Cold,474719,2913,2912,2173,1309,1,0.005724744
Cold,484239,2979,2978,2173,1309,1,-0.0026966482
Cold,754696,4497,4496,2173,1309,1,-0.0029989963
Cold,475529,2918,2917,2173,1309,1,0.003128025
Cold,602473,3665,3664,2173,1309,1,-0.003259255
Cold,418740,2529,2528,2173,1309,1,0.008911097
Cold,417556,2519,2518,2173,1309,1,0.0029228418
Cold,408937,2455,2454,2173,1309,1,-0.003324413
Cold,409223,2456,2455,2173,1309,1,-0.0007776418
Cold,392991,2308,2307,2173,1309,1,0.0060333717
Cold,392242,2304,2303,2173,1309,0,0.008371617
Cold,387551,2265,2264,2173,1309,0,-0.00063177175
Cold,370730,2167,2166,2173,1309,0,0.010869704
Cold,345480,2026,2025,2173,1309,0,0.00019298017
Cold,341958,2013,2012,2173,1309,1,-0.003399551
Cold,333885,1969,1968,2173,1309,0,-0.0050469637
Cold,316852,1884,1883,2173,1309,0,0.0040067355
Cold,324453,1922,1921,2173,1309,0,-0.005468333
Cold,327203,1939,1938,2173,1309,1,-0.0016983578
Cold,305638,1819,1818,2173,1309,0,-0.0037880952
Cold,297069,1761,1760,2173,1309,0,-0.00047996477
Cold,293197,1746,1745,2173,1309,1,0.00685095
Cold,292352,1741,1740,2173,1309,1,0.004913009
Cold,277004,1675,1674,2173,1309,1,-0.00563676
Cold,257065,1575,1574,2173,1309,1,-0.0025642305
Cold,251610,1522,1521,2173,1309,1,0.0123262955
Cold,253288,1540,1539,2173,1309,1,0.0028599664
Cold,226118,1369,1368,2173,1309,1,-0.0028063757
Cold,221391,1340,1339,2173,1309,0,-0.000663648
Cold,244017,1470,1469,2173,1309,0,-0.00044732122
Cold,308676,1837,1836,2173,1309,0,-0.0009598974
Cold,174184,1101,1100,2173,1309,1,0.0074711116
Cold,167894,1068,1067,2173,1309,0,0.008635378
Cold,191022,1181,1180,2173,1309,0,0.0031834324
Cold,158287,1015,1014,2173,1309,1,0.0041797613
Cold,225258,1362,1361,2173,1309,0,0.012389012
Cold,233429,1420,1419,2173,1309,0,0.00043618702
Cold,769442,4582,4581,2173,1309,1,0.0070300773
Cold,112511,731,730,2173,1309,1,-0.0057484964
Cold,99325,662,661,2173,1309,0,-0.001594298
Cold,93623,627,626,2173,1309,1,-0.003520798
Cold,87456,571,570,2173,1309,1,0.004787481
Cold,85817,560,559,2173,1309,0,0.0015157261
Cold,84238,550,549,2173,1309,0,0.002510638
Cold,3317,25,24,2173,1309,0,-0.0035691499
Cold,1799,17,16,2173,1309,1,0.0011164264
Cold,451782,2781,2780,2173,1309,1,0.003263053
Cold,208818,1274,1273,2173,1309,1,0.006073271
Cold,103982,691,690,2173,1309,1,-0.005573421
Cold,886518,5355,5354,2173,1309,1,0.0047345394
Cold,758638,4510,4509,2176,1311,0,0.00539058
Cold,576546,3524,3523,2176,1311,1,-0.007457492
Cold,744932,4448,4447,2176,1311,1,0.006337939
Cold,764023,4543,4542,2176,1311,1,0.0014941397
Cold,576198,3521,3520,2176,1311,1,0.0068563875
Cold,634971,3829,3828,2176,1311,1,0.004783065
Cold,572196,3507,3506,2176,1311,1,-0.0032483703
Cold,904221,5468,5467,2176,1311,1,-0.011261431
Cold,696397,4169,4168,2176,1311,1,-0.0033153025
Cold,553989,3410,3409,2176,1311,1,-0.0011140606
Cold,558224,3428,3427,2176,1311,0,-0.0037803133
Cold,526786,3259,3258,2176,1311,1,-0.0018089989
Cold,522634,3224,3223,2176,1311,1,0.00010361569
Cold,506740,3118,3117,2176,1311,0,-0.005980634
Cold,768742,4579,4578,2176,1311,0,0.0017113972
Cold,495253,3039,3038,2176,1311,1,-0.0049640653
Cold,492085,3026,3025,2176,1311,1,0.0010909932
Cold,484140,2978,2977,2176,1311,1,0.0041519506
Cold,473718,2909,2908,2176,1311,0,0.0072177798
Cold,601643,3658,3657,2176,1311,1,-0.0014771905
Cold,459168,2826,2825,2176,1311,0,3.4074765e-05
Cold,458002,2820,2819,2176,1311,0,-0.007549779
Cold,453802,2793,2792,2176,1311,0,0.005830688
Cold,452510,2786,2785,2176,1311,1,0.005113484
Cold,448463,2764,2763,2176,1311,1,-0.00901363
Cold,564466,3471,3470,2176,1311,0,0.0023705862
Cold,446155,2751,2750,2176,1311,0,-0.003598481
Cold,511335,3154,3153,2176,1311,1,0.00053603854
Cold,438341,2679,2678,2176,1311,1,-0.0031904823
Cold,435479,2662,2661,2176,1311,1,0.000105860876
Cold,437451,2670,2669,2176,1311,1,-0.006826657
Cold,425338,2581,2580,2176,1311,1,-0.0014669579
Cold,419806,2537,2536,2176,1311,1,-0.0005856359
Cold,417612,2520,2519,2176,1311,1,0.0035228378
Cold,416665,2507,2506,2176,1311,1,0.00073967734
Cold,415072,2498,2497,2176,1311,1,0.001144192
Cold,414622,2496,2495,2176,1311,0,0.0042500175
Cold,394417,2324,2323,2176,1311,1,-0.0050722295
Cold,383488,2241,2240,2176,1311,0,-0.002624959
Cold,385307,2251,2250,2176,1311,0,0.0010942606
Cold,380318,2223,2222,2176,1311,1,0.006986992
Cold,369183,2158,2157,2176,1311,1,0.004893567
Cold,364153,2121,2120,2176,1311,1,-0.005704984
Cold,361689,2109,2108,2176,1311,1,0.0019866768
Cold,352970,2067,2066,2176,1311,1,-0.0057087755
Cold,353720,2072,2071,2176,1311,0,-0.005775488
Cold,343659,2018,2017,2176,1311,1,0.003243201
Cold,321543,1906,1905,2176,1311,1,-0.0011253082
Cold,306535,1827,1826,2176,1311,1,-0.0046996176
Cold,279379,1680,1679,2176,1311,1,0.0026202835
Cold,273728,1650,1649,2176,1311,0,0.0024274494
Cold,221398,1340,1339,2176,1311,1,-0.0015496772
Cold,308073,1836,1835,2176,1311,1,0.0049145008
Cold,322421,1912,1911,2176,1311,1,0.0005583407
Cold,210177,1284,1283,2176,1311,0,-0.0017585576
Cold,328224,1941,1940,2176,1311,1,-0.00012614997
Cold,185371,1150,1149,2176,1311,0,0.0110459905
Cold,180333,1128,1127,2176,1311,1,0.0011701172
Cold,265820,1613,1612,2176,1311,1,0.0076244855
Cold,179145,1124,1123,2176,1311,1,-0.0025757428
Cold,293792,1748,1747,2176,1311,0,0.0016963091
Cold,191030,1181,1180,2176,1311,0,0.0046070027
Cold,169591,1077,1076,2176,1311,1,0.0051528993
Cold,160150,1019,1018,2176,1311,0,-0.0059035346
Cold,162288,1034,1033,2176,1311,0,-8.8572095e-05
Cold,149013,958,957,2176,1311,1,0.007740031
Cold,199481,1224,1223,2176,1311,1,-0.004556193
Cold,131191,850,849,2176,1311,0,-0.0031114884
Cold,122611,791,790,2176,1311,1,0.004474978
Cold,235020,1425,1424,2176,1311,1,0.007489372
Cold,108523,711,710,2176,1311,1,-0.0017024835
Cold,108028,710,709,2176,1311,1,0.00371026
Cold,240159,1449,1448,2176,1311,1,0.003072079
Cold,329371,1943,1942,2176,1311,1,-0.0038728598
Cold,316856,1884,1883,2176,1311,0,0.0013310408
Cold,94220,631,630,2176,1311,1,-0.004833273
Cold,284239,1698,1697,2176,1311,1,0.002368846
Cold,115421,749,748,2176,1311,0,0.001708796
Cold,89287,588,587,2176,1311,1,-0.011820562
Cold,83202,549,548,2176,1311,1,-0.001536144
Cold,228318,1383,1382,2176,1311,1,0.0056269728
Cold,338175,1988,1987,2176,1311,0,-0.0010459346
Cold,43556,300,299,2176,1311,1,0.0027288897
Cold,176992,1117,1116,2176,1311,1,-0.0021098168
Cold,46740,314,313,2176,1311,1,-0.0067435815
Cold,269995,1635,1634,2176,1311,1,0.0065051676
Cold,27492,193,192,2176,1311,1,0.007144426
Cold,23965,170,169,2176,1311,1,-0.0025560276
Cold,21916,161,160,2176,1311,1,-0.0021382063
Cold,22992,166,165,2176,1311,1,0.0033555017
Cold,464193,2860,2859,2176,1311,1,-0.005439788
Cold,17412,136,135,2176,1311,1,0.0058354265
Cold,16586,131,130,2176,1311,1,0.00041691388
Cold,61730,415,414,2176,1311,1,-0.0034269223
Cold,276272,1671,1670,2176,1311,1,-0.0124567915
Cold,592003,3610,3609,2176,1311,0,0.008381244
Cold,8357,58,57,2176,1311,1,-0.0018097927
Cold,4423,33,32,2176,1311,0,0.00083740323
Cold,2954,23,22,2176,1311,0,0.0019046857
Cold,206925,1266,1265,2176,1311,1,0.00557553
Cold,481863,2962,2961,2176,1311,1,0.0020362432
Cold,15392,123,122,2176,1311,0,0.007605441
Cold,512905,3163,3162,2176,1311,1,-0.0008882119
Cold,158290,1015,1014,2176,1311,1,-0.005265644
Cold,182049,1137,1136,2176,1311,1,0.0015142262
Cold,348073,2041,2040,2176,1311,0,0.00013754866
Cold,192729,1186,1185,2176,1311,1,0.0066024186
Cold,882161,5329,5328,2176,1311,1,-0.0076464843
Cold,234153,1422,1421,2176,1311,1,0.0032302667
Cold,51319,338,337,2176,1311,1,0.001777217
Cold,631616,3821,3820,2176,1311,0,0.0035983955
Cold,47239,319,318,2176,1311,0,-0.0033652915
Cold,24217,173,172,2176,1311,1,0.0022526844
Cold,618978,3751,3750,2176,1311,1,-0.0010213109
Cold,286749,1712,1711,2176,1311,0,0.012275314
Cold,353486,2071,2070,2176,1311,0,0.0059132036
Cold,455189,2802,2801,2176,1311,1,0.0011183235
Cold,633331,3824,3823,2176,1311,0,-0.0004817485
Cold,309639,1842,1841,2176,1311,1,0.0052933227
Cold,63029,424,423,2176,1311,1,-0.0026297658
Cold,565615,3475,3474,2176,1311,0,-0.005292155
Cold,231126,1399,1398,2176,1311,1,-0.0057723
Cold,892999,5394,5393,2176,1311,1,0.0028732868
Cold,113754,737,736,2176,1311,0,-0.0055737076
Cold,271795,1643,1642,2176,1311,1,-0.0036489316
Cold,254871,1551,1550,2176,1311,1,0.0054919887
Cold,34600,235,234,2176,1311,0,0.0010968118
Cold,118715,767,766,2176,1311,1,-0.006761955
Cold,807164,4831,4830,2176,1311,1,0.0048553236
Cold,433650,2643,2642,2176,1311,1,-0.0012565753
Cold,171720,1088,1087,2176,1311,0,-0.005524192
Cold,315314,1880,1879,2177,1312,0,0.00699887
Cold,112515,731,730,2177,1312,0,0.0032022204
Cold,153093,984,983,2177,1312,0,0.01005908
Cold,97071,651,650,2177,1312,0,0.007174579
Cold,83204,549,548,2177,1312,1,0.00610805
Cold,211023,1285,1284,2177,1312,0,0.009287508
Cold,44251,302,301,2177,1312,0,0.005408218
Cold,947575,5722,5721,2177,1312,0,-0.0034843767
Cold,18573,146,145,2177,1312,0,-0.0023887164
Cold,9130,62,61,2177,1312,0,0.0032521302
Cold,481865,2962,2961,2177,1312,0,0.00020408374
Cold,552402,3401,3400,2177,1312,0,0.002975546
Cold,235021,1425,1424,2177,1312,1,0.0040545193
Cold,348075,2041,2040,2177,1312,0,-0.000102725346
Cold,927592,5605,5604,2177,1312,0,-0.0011122213
Cold,618979,3751,3750,2177,1312,0,0.007193569
Cold,286751,1712,1711,2177,1312,0,-0.008822075
Cold,11535,90,89,2177,1312,0,0.00250324
Cold,633333,3824,3823,2177,1312,0,0.003787083
Cold,171721,1088,1087,2177,1312,1,-0.0022383379
Cold,322423,1912,1911,2177,1312,0,0.0039551947
Cold,739416,4418,4417,2177,1312,1,-0.0006575235
Cold,324973,1925,1924,2177,1312,1,0.004246234
Cold,226838,1376,1375,2178,1313,1,0.008654761
Cold,220390,1335,1334,2178,1313,1,0.012855486
Cold,207537,1268,1267,2178,1313,1,-0.006970531
Cold,196556,1207,1206,2178,1313,0,-0.00261177
Cold,279385,1680,1679,2178,1313,0,-0.0023823732
Cold,328230,1941,1940,2178,1313,0,0.0025614141
Cold,326560,1935,1934,2178,1313,1,-0.0033160385
Cold,185372,1150,1149,2178,1313,1,0.0003407218
Cold,182051,1137,1136,2178,1313,1,0.00709603
Cold,180337,1128,1127,2178,1313,0,-0.002680465
Cold,159305,1017,1016,2178,1313,1,-0.0010450527
Cold,191033,1181,1180,2178,1313,0,0.0049439045
Cold,221401,1340,1339,2178,1313,0,0.0055888086
Cold,131193,850,849,2178,1313,0,-0.0051185978
Cold,329372,1943,1942,2178,1313,1,0.008378012
Cold,83206,549,548,2178,1313,1,-0.007038477
Cold,80881,537,536,2178,1313,0,0.0060069677
Cold,77591,524,523,2178,1313,1,-0.0026265052
Cold,17413,136,135,2178,1313,1,0.0058067027
Cold,7513,53,52,2178,1313,1,0.0013306555
Cold,357510,2092,2091,2178,1313,1,-0.0008892205
Cold,4426,33,32,2178,1313,1,-0.008363618
Cold,481867,2962,2961,2178,1313,0,-0.0030137235
Cold,30996,208,207,2178,1313,0,-0.0029943641
Cold,18576,146,145,2178,1313,0,0.0032424936
Cold,24220,173,172,2178,1313,1,0.0026082732
Cold,633335,3824,3823,2178,1313,0,0.01233027
Cold,744933,4448,4447,2178,1313,1,0.0032477155
Cold,473722,2909,2908,2178,1313,1,-0.00036856113
Cold,113757,737,736,2178,1313,0,0.010450123
Cold,271796,1643,1642,2178,1313,1,0.0029616868
Cold,319383,1897,1896,2178,1313,0,0.00082470453
Cold,63033,424,423,2178,1313,1,0.0056967577
Cold,322425,1912,1911,2178,1313,1,-0.0031717126
Cold,118716,767,766,2178,1313,1,0.013753174
Cold,566306,3476,3475,2181,1314,1,0.008043919
Cold,506747,3118,3117,2181,1314,0,0.002917578
Cold,800136,4795,4794,2181,1314,1,0.007878929
Cold,492092,3026,3025,2181,1314,1,0.008592652
Cold,479287,2941,2940,2181,1314,1,0.004929992
Cold,472642,2907,2906,2181,1314,1,0.013442695
Cold,601647,3658,3657,2181,1314,0,0.010311784
Cold,473736,2909,2908,2181,1314,1,0.0031278965
Cold,466881,2878,2877,2181,1314,1,0.009479496
Cold,462623,2854,2853,2181,1314,1,0.005815414
Cold,428818,2609,2608,2181,1314,1,0.012255296
Cold,426237,2589,2588,2181,1314,1,0.0104640685
Cold,419810,2537,2536,2181,1314,0,0.009785835
Cold,425342,2581,2580,2181,1314,0,0.007646315
Cold,415077,2498,2497,2181,1314,0,0.0018712747
Cold,400979,2389,2388,2181,1314,0,0.013912253
Cold,384889,2248,2247,2181,1314,1,0.00797389
Cold,381678,2231,2230,2181,1314,0,0.010567337
Cold,377862,2205,2204,2181,1314,0,0.012206847
Cold,378746,2211,2210,2181,1314,0,0.009940748
Cold,366974,2140,2139,2181,1314,1,0.0074494826
Cold,361697,2109,2108,2181,1314,1,0.0068050018
Cold,353723,2072,2071,2181,1314,1,0.007123492
Cold,356430,2088,2087,2181,1314,1,0.013137392
Cold,352689,2064,2063,2181,1314,1,0.0105725825
Cold,279399,1680,1679,2181,1314,0,0.008250025
Cold,250811,1513,1512,2181,1314,0,0.006661202
Cold,322436,1912,1911,2181,1314,0,0.008976668
Cold,207539,1268,1267,2181,1314,1,-0.00093308324
Cold,210182,1284,1283,2181,1314,1,0.002466085
Cold,328244,1941,1940,2181,1314,1,0.0014537642
Cold,188607,1170,1169,2181,1314,0,0.005514794
Cold,185386,1150,1149,2181,1314,0,0.00890946
Cold,184393,1147,1146,2181,1314,1,0.0016658248
Cold,131196,850,849,2181,1314,0,0.0122608645
Cold,113760,737,736,2181,1314,0,0.012907399
Cold,89809,591,590,2181,1314,1,0.005145062
Cold,191047,1181,1180,2181,1314,0,0.0060870647
Cold,83214,549,548,2181,1314,1,0.0025744103
Cold,228324,1383,1382,2181,1314,0,-0.0009838371
Cold,22999,166,165,2181,1314,0,0.00918075
Cold,17419,136,135,2181,1314,1,0.013002502
Cold,13511,107,106,2181,1314,0,0.001963011
Cold,276278,1671,1670,2181,1314,1,0.010757678
Cold,481873,2962,2961,2181,1314,0,-0.0015153522
Cold,18582,146,145,2181,1314,1,0.008994846
Cold,447543,2757,2756,2181,1314,0,0.0030533285
Cold,76379,518,517,2181,1314,1,0.013296425
Cold,158299,1015,1014,2181,1314,1,0.0043072407
Cold,182057,1137,1136,2181,1314,1,0.0013802578
Cold,348080,2041,2040,2181,1314,1,-0.0043708133
Cold,272238,1645,1644,2181,1314,1,0.0060968027
Cold,171733,1088,1087,2181,1314,1,-0.0044716895
Cold,768747,4579,4578,2181,1314,0,0.0027884715
Cold,31000,208,207,2181,1314,0,0.0030068704
Cold,63040,424,423,2181,1314,1,0.008936945
Cold,293801,1748,1747,2181,1314,0,0.013600146
Cold,825579,4958,4957,2181,1314,0,0.006218642
Cold,339682,2002,2001,2182,1315,1,0.0078709535
Cold,337787,1986,1985,2182,1315,1,0.011145864
Cold,316863,1884,1883,2182,1315,1,0.01220848
Cold,316287,1883,1882,2182,1315,0,0.0035368372
Cold,324977,1925,1924,2182,1315,1,0.0019754583
Cold,285962,1706,1705,2182,1315,1,0.004638921
Cold,284869,1699,1698,2182,1315,1,-0.00071586063
Cold,256746,1570,1569,2182,1315,0,-0.0063679945
Cold,276279,1671,1670,2182,1315,1,0.009321678
Cold,212625,1295,1294,2182,1315,0,-0.0008685173
Cold,192997,1191,1190,2182,1315,1,0.011442388
Cold,184394,1147,1146,2182,1315,1,0.0038435417
Cold,307500,1835,1834,2182,1315,1,0.010569077
Cold,191048,1181,1180,2182,1315,0,0.020303058
Cold,165243,1053,1052,2182,1315,0,0.010180541
Cold,293802,1748,1747,2182,1315,1,-0.0015621425
Cold,160157,1019,1018,2182,1315,0,0.0076261833
Cold,158301,1015,1014,2182,1315,0,0.009291201
Cold,138406,889,888,2182,1315,1,0.0040894207
Cold,197362,1211,1210,2182,1315,1,0.007812733
Cold,123446,796,795,2182,1315,1,0.009313082
Cold,118718,767,766,2182,1315,1,-0.0044036307
Cold,97871,655,654,2182,1315,0,0.0011763935
Cold,94593,635,634,2182,1315,1,-0.0019768185
Cold,83215,549,548,2182,1315,1,0.0074412115
Cold,57737,391,390,2182,1315,1,0.005695752
Cold,481874,2962,2961,2182,1315,0,0.0024679792
Cold,13925,112,111,2182,1315,0,0.008011727
Cold,592014,3610,3609,2182,1315,0,0.015973972
Cold,237985,1447,1446,2182,1315,1,0.015696388
Cold,744935,4448,4447,2182,1315,1,0.0123045035
Cold,271797,1643,1642,2182,1315,1,0.004178851
Cold,322437,1912,1911,2182,1315,0,0.005275813
Cold,473738,2909,2908,2182,1315,1,0.002293773
Cold,841163,5054,5053,2182,1315,0,0.004808127
Cold,46748,314,313,2182,1315,1,0.0019852114
Cold,254873,1551,1550,2182,1315,0,0.0071418886
Cold,24227,173,172,2182,1315,0,0.005756826
Cold,904222,5468,5467,2183,1316,1,0.005155717
Cold,566308,3476,3475,2183,1316,1,-0.00012371689
Cold,558043,3426,3425,2183,1316,1,-0.0095632
Cold,549489,3390,3389,2183,1316,1,0.00083350437
Cold,546857,3371,3370,2183,1316,1,0.017174339
Cold,533396,3292,3291,2183,1316,0,0.0091807395
Cold,511091,3151,3150,2183,1316,1,0.0020930842
Cold,513931,3171,3170,2183,1316,1,0.007125127
Cold,522645,3224,3223,2183,1316,1,0.009791321
Cold,768748,4579,4578,2183,1316,0,0.017240942
Cold,492095,3026,3025,2183,1316,1,0.0023488407
Cold,488353,3004,3003,2183,1316,1,0.00041567092
Cold,823758,4951,4950,2183,1316,1,0.001988999
Cold,696413,4169,4168,2183,1316,0,0.013079472
Cold,473741,2909,2908,2183,1316,1,0.006275015
Cold,471647,2901,2900,2183,1316,1,-0.0017590963
Cold,478972,2939,2938,2183,1316,1,0.00547276
Cold,518788,3201,3200,2183,1316,1,0.0040731644
Cold,455868,2807,2806,2183,1316,0,0.0019395715
Cold,452516,2786,2785,2183,1316,1,0.0003693537
Cold,448465,2764,2763,2183,1316,1,0.0050416635
Cold,511343,3154,3153,2183,1316,1,0.007963712
Cold,438344,2679,2678,2183,1316,1,0.0035442244
Cold,425344,2581,2580,2183,1316,1,0.008265706
Cold,418125,2526,2525,2183,1316,1,0.011078438
Cold,412535,2483,2482,2183,1316,1,0.002504464
Cold,464199,2860,2859,2183,1316,1,0.0042745317
Cold,414628,2496,2495,2183,1316,0,0.0058812494
Cold,400430,2383,2382,2183,1316,1,-0.003301034
Cold,390037,2288,2287,2183,1316,0,-0.0016740941
Cold,384891,2248,2247,2183,1316,1,0.004005975
Cold,377863,2205,2204,2183,1316,0,0.0036008167
Cold,361699,2109,2108,2183,1316,1,0.010061571
Cold,353725,2072,2071,2183,1316,1,-0.0054694796
Cold,334638,1974,1973,2183,1316,0,0.009749342
Cold,321046,1903,1902,2183,1316,1,0.007949008
Cold,280876,1685,1684,2183,1316,1,7.612724e-05
Cold,282305,1693,1692,2183,1316,0,0.011600075
Cold,293803,1748,1747,2183,1316,1,0.0054545384
Cold,346243,2030,2029,2183,1316,0,0.010055784
Cold,250812,1513,1512,2183,1316,0,-0.000607254
Cold,265835,1613,1612,2183,1316,1,0.0014133155
Cold,242848,1465,1464,2183,1316,1,0.010333591
Cold,221414,1340,1339,2183,1316,0,0.0076095695
Cold,210184,1284,1283,2183,1316,0,-0.0031862454
Cold,328248,1941,1940,2183,1316,1,0.009631084
Cold,198633,1220,1219,2183,1316,1,0.008550579
Cold,338181,1988,1987,2183,1316,1,0.006766162
Cold,188609,1170,1169,2183,1316,1,0.005422621
Cold,185389,1150,1149,2183,1316,0,0.006440024
Cold,184396,1147,1146,2183,1316,0,-0.00451417
Cold,180343,1128,1127,2183,1316,1,0.0005322415
Cold,191051,1181,1180,2183,1316,0,0.0143676745
Cold,160160,1019,1018,2183,1316,1,0.012850236
Cold,162295,1034,1033,2183,1316,1,0.006866318
Cold,153099,984,983,2183,1316,1,0.012183787
Cold,270006,1635,1634,2183,1316,1,0.0033413114
Cold,199487,1224,1223,2183,1316,1,-0.0013319163
Cold,201604,1242,1241,2183,1316,1,0.010435246
Cold,127745,824,823,2183,1316,0,0.013227604
Cold,135040,873,872,2183,1316,1,0.0027955049
Cold,412114,2478,2477,2183,1316,1,0.017513718
Cold,118719,767,766,2183,1316,1,-0.0008332555
Cold,235029,1425,1424,2183,1316,1,0.011262211
Cold,223590,1354,1353,2183,1316,0,0.011356365
Cold,240169,1449,1448,2183,1316,0,-0.00051363953
Cold,108526,711,710,2183,1316,1,0.007664926
Cold,95471,639,638,2183,1316,1,0.007502179
Cold,303752,1804,1803,2183,1316,0,-0.006200544
Cold,211036,1285,1284,2183,1316,1,0.0035565135
Cold,89290,588,587,2183,1316,1,3.8400758e-05
Cold,83218,549,548,2183,1316,1,0.005705715
Cold,67479,453,452,2183,1316,1,0.0111839725
Cold,61146,412,411,2183,1316,1,0.0029371507
Cold,55221,366,365,2183,1316,1,0.009176396
Cold,44269,302,301,2183,1316,1,-0.00016136095
Cold,177002,1117,1116,2183,1316,1,-0.006373524
Cold,38190,261,260,2183,1316,1,0.006235238
Cold,28564,196,195,2183,1316,0,0.0023924927
Cold,481875,2962,2961,2183,1316,0,0.0070873946
Cold,22815,165,164,2183,1316,1,0.0043371874
Cold,18585,146,145,2183,1316,1,0.0034215942
Cold,61739,415,414,2183,1316,1,0.00923454
Cold,784124,4682,4681,2183,1316,1,0.0013707508
Cold,276281,1671,1670,2183,1316,1,0.0044626025
Cold,592016,3610,3609,2183,1316,0,0.012143507
Cold,9140,62,61,2183,1316,1,0.0026621139
Cold,7527,53,52,2183,1316,1,-0.00085752923
Cold,357516,2092,2091,2183,1316,1,0.012766261
Cold,408266,2453,2452,2183,1316,1,0.011044652
Cold,4444,33,32,2183,1316,1,0.010455949
Cold,384723,2247,2246,2183,1316,1,0.006386243
Cold,15406,123,122,2183,1316,0,0.0035545141
Cold,512920,3163,3162,2183,1316,1,0.01139852
Cold,237988,1447,1446,2183,1316,0,0.009825439
Cold,228326,1383,1382,2183,1316,1,0.0069594826
Cold,158304,1015,1014,2183,1316,1,0.0064156963
Cold,348083,2041,2040,2183,1316,0,-0.0051462594
Cold,631624,3821,3820,2183,1316,0,6.0097547e-05
Cold,713146,4277,4276,2183,1316,1,0.007585931
Cold,622189,3768,3767,2183,1316,1,-1.7956598e-05
Cold,618986,3751,3750,2183,1316,1,0.010004541
Cold,453812,2793,2792,2183,1316,1,0.015726266
Cold,171736,1088,1087,2183,1316,1,0.0021345657
Cold,484327,2980,2979,2183,1316,1,0.006793358
Cold,558227,3428,3427,2183,1316,1,0.0030662098
Cold,145828,937,936,2183,1316,1,0.01539673
Cold,322440,1912,1911,2183,1316,0,0.010035328
Cold,115425,749,748,2183,1316,1,0.0042981217
Cold,233665,1421,1420,2183,1316,0,0.00039205467
Cold,454631,2796,2795,2183,1316,0,0.009753568
Cold,565622,3475,3474,2183,1316,0,0.0034938068
Cold,251887,1524,1523,2183,1316,1,-0.0024183798
Cold,255544,1556,1555,2183,1316,1,0.003963392
Cold,841164,5054,5053,2183,1316,1,0.0026267609
Cold,254875,1551,1550,2183,1316,1,0.0049860813
Cold,63045,424,423,2183,1316,1,0.0043436075
Cold,709784,4258,4257,2183,1316,1,0.008983465
Cold,718590,4305,4304,2183,1316,1,0.014648718
Cold,506749,3118,3117,2184,1317,1,-0.0052225357
Cold,768749,4579,4578,2184,1317,1,-0.0035046495
Cold,492097,3026,3025,2184,1317,1,-0.009385439
Cold,533398,3292,3291,2184,1317,1,-0.010366147
Cold,479291,2941,2940,2184,1317,1,-0.014997335
Cold,696415,4169,4168,2184,1317,1,-0.014206634
Cold,472646,2907,2906,2184,1317,1,-0.013579598
Cold,471648,2901,2900,2184,1317,1,-0.011601885
Cold,511344,3154,3153,2184,1317,1,-0.013577338
Cold,438346,2679,2678,2184,1317,0,-0.004923042
Cold,428819,2609,2608,2184,1317,1,0.0007269724
Cold,425345,2581,2580,2184,1317,1,-0.0109047
Cold,446884,2753,2752,2184,1317,0,-0.016058598
Cold,419813,2537,2536,2184,1317,0,-0.0072483467
Cold,414237,2493,2492,2184,1317,1,-0.0053177862
Cold,412536,2483,2482,2184,1317,1,0.00374264
Cold,395591,2338,2337,2184,1317,1,-0.0010243412
Cold,390719,2293,2292,2184,1317,1,-0.00060362695
Cold,385314,2251,2250,2184,1317,0,-0.009756312
Cold,377865,2205,2204,2184,1317,0,-0.01135841
Cold,374140,2181,2180,2184,1317,1,-0.014383919
Cold,364155,2121,2120,2184,1317,0,0.00020025508
Cold,357924,2094,2093,2184,1317,1,-0.00096921826
Cold,353726,2072,2071,2184,1317,1,0.0013310532
Cold,352690,2064,2063,2184,1317,1,-0.00610283
Cold,343667,2018,2017,2184,1317,1,0.003169938
Cold,324979,1925,1924,2184,1317,0,-0.009876189
Cold,345487,2026,2025,2184,1317,1,-0.008726421
Cold,293805,1748,1747,2184,1317,0,-0.00302209
Cold,256747,1570,1569,2184,1317,0,0.00010612619
Cold,346244,2030,2029,2184,1317,1,-0.011271271
Cold,250651,1511,1510,2184,1317,0,-0.0069720712
Cold,316866,1884,1883,2184,1317,0,-0.0073735514
Cold,228951,1387,1386,2184,1317,1,0.0014425687
Cold,276283,1671,1670,2184,1317,0,-0.0129481135
Cold,320149,1899,1898,2184,1317,1,-0.012368993
Cold,308078,1836,1835,2184,1317,1,-0.011629592
Cold,279405,1680,1679,2184,1317,1,-0.007369395
Cold,219906,1333,1332,2184,1317,0,-0.01104489
Cold,328251,1941,1940,2184,1317,1,-0.018592235
Cold,188610,1170,1169,2184,1317,1,-0.011449685
Cold,185391,1150,1149,2184,1317,0,-0.015600694
Cold,184397,1147,1146,2184,1317,1,0.0017328393
Cold,182819,1140,1139,2184,1317,1,0.0035179323
Cold,167422,1066,1065,2184,1317,0,-0.0075095333
Cold,165245,1053,1052,2184,1317,0,-0.002786953
Cold,199489,1224,1223,2184,1317,1,-0.013328342
Cold,138411,889,888,2184,1317,0,-0.0045967433
Cold,124274,800,799,2184,1317,1,-0.02135944
Cold,122618,791,790,2184,1317,0,-0.015013783
Cold,235031,1425,1424,2184,1317,1,-0.011283465
Cold,324464,1922,1921,2184,1317,0,-0.010508075
Cold,240172,1449,1448,2184,1317,0,-0.009778509
Cold,105175,696,695,2184,1317,0,-0.0049598236
Cold,203487,1248,1247,2184,1317,1,-0.002978907
Cold,94225,631,630,2184,1317,1,-0.009239786
Cold,211037,1285,1284,2184,1317,1,-0.014831081
Cold,339200,1998,1997,2184,1317,1,-0.012989209
Cold,83221,549,548,2184,1317,1,-0.018537678
Cold,319390,1897,1896,2184,1317,0,-0.017925799
Cold,75364,512,511,2184,1317,1,-0.007430157
Cold,61147,412,411,2184,1317,1,-0.009781798
Cold,49193,329,328,2184,1317,0,-0.006969541
Cold,44272,302,301,2184,1317,0,-0.009055741
Cold,177004,1117,1116,2184,1317,1,-0.011893699
Cold,108527,711,710,2184,1317,1,-0.0012436723
Cold,133647,864,863,2184,1317,0,-0.0038885586
Cold,22816,165,164,2184,1317,0,-0.0076567875
Cold,290280,1733,1732,2184,1317,0,-0.01421003
Cold,11313,86,85,2184,1317,1,-0.005302763
Cold,8371,58,57,2184,1317,1,-0.010525492
Cold,481877,2962,2961,2184,1317,0,-0.012842562
Cold,69076,462,461,2184,1317,1,0.0018000954
Cold,882163,5329,5328,2184,1317,1,-0.019772852
Cold,357517,2092,2091,2184,1317,0,-0.009756604
Cold,24230,173,172,2184,1317,0,-0.007367405
Cold,618989,3751,3750,2184,1317,0,-0.011158567
Cold,633343,3824,3823,2184,1317,0,-0.014834349
Cold,322442,1912,1911,2184,1317,0,-0.009413642
Cold,841166,5054,5053,2184,1317,1,-0.010061114
Cold,631625,3821,3820,2184,1317,1,-0.008975968
Cold,271798,1643,1642,2184,1317,1,0.0012088032
Cold,63048,424,423,2184,1317,1,-0.012245426
Cold,699708,4186,4185,2184,1317,0,-0.010499548
Cold,460727,2841,2840,2184,1317,1,-0.021091862
Cold,984046,5948,5947,2184,1317,1,-0.01068297
Cold,171739,1088,1087,2184,1317,1,-0.004893557
Cold,404586,2419,2418,2195,1322,0,0.004502505
Cold,399530,2378,2377,2195,1322,0,0.0032764794
Cold,397875,2361,2360,2195,1322,1,0.016302308
Cold,392274,2304,2303,2195,1322,1,0.01140301
Cold,375627,2188,2187,2195,1322,0,-0.002239271
Cold,372469,2175,2174,2195,1322,1,0.0012348581
Cold,370513,2166,2165,2195,1322,1,0.011295509
Cold,378400,2208,2207,2195,1322,0,0.0005724232
Cold,382498,2235,2234,2195,1322,0,0.009977185
Cold,368834,2156,2155,2195,1322,0,-0.005323359
Cold,351976,2063,2062,2195,1322,0,-0.0060865628
Cold,348970,2047,2046,2195,1322,1,-0.004598404
Cold,341655,2012,2011,2195,1322,0,0.0055247787
Cold,340719,2010,2009,2195,1322,0,0.005698907
Cold,297567,1764,1763,2195,1322,1,0.0024145925
Cold,287168,1714,1713,2195,1322,0,0.005849139
Cold,282676,1694,1693,2195,1322,0,-0.003527447
Cold,259521,1587,1586,2195,1322,0,-0.0016245127
Cold,296830,1759,1758,2195,1322,0,-0.00017560588
Cold,208028,1272,1271,2195,1322,0,0.007989416
Cold,205347,1263,1262,2195,1322,1,0.006651233
Cold,279430,1680,1679,2195,1322,0,-0.0016320832
Cold,331693,1958,1957,2195,1322,1,0.005121029
Cold,185406,1150,1149,2195,1322,0,0.0027564992
Cold,176065,1113,1112,2195,1322,1,-0.005682066
Cold,173714,1100,1099,2195,1322,0,-0.008998006
Cold,203144,1246,1245,2195,1322,1,0.013147848
Cold,354563,2076,2075,2195,1322,0,-0.004145285
Cold,146263,940,939,2195,1322,0,-0.0031668637
Cold,143692,927,926,2195,1322,0,-0.0084330365
Cold,156969,1010,1009,2195,1322,1,0.0016318214
Cold,136666,881,880,2195,1322,0,-0.001963662
Cold,160173,1019,1018,2195,1322,0,-0.0065080705
Cold,121547,781,780,2195,1322,1,-0.0022445538
Cold,119321,770,769,2195,1322,1,0.008918259
Cold,117543,757,756,2195,1322,0,-0.0018910884
Cold,112534,731,730,2195,1322,1,0.0002000723
Cold,108060,710,709,2195,1322,0,-0.0074043428
Cold,106120,699,698,2195,1322,1,-0.006617849
Cold,329393,1943,1942,2195,1322,0,-0.0011152304
Cold,92563,620,619,2195,1322,0,-0.007489869
Cold,299680,1778,1777,2195,1322,0,-0.0033754888
Cold,81747,543,542,2195,1322,0,-0.0035942562
Cold,67486,453,452,2195,1322,1,0.004781304
Cold,53516,352,351,2195,1322,0,0.008838782
Cold,233670,1421,1420,2195,1322,0,-0.009666391
Cold,44297,302,301,2195,1322,0,0.001261116
Cold,43830,301,300,2195,1322,0,0.0034954078
Cold,537994,3312,3311,2195,1322,0,-0.0012821238
Cold,40259,272,271,2195,1322,0,0.0015155906
Cold,41686,284,283,2195,1322,1,-0.0018501864
Cold,219208,1329,1328,2195,1322,0,-0.0068949168
Cold,31480,214,213,2195,1322,1,0.0026498428
Cold,26767,190,189,2195,1322,0,0.0072241263
Cold,25779,182,181,2195,1322,0,0.01014745
Cold,35767,242,241,2195,1322,1,0.004083529
Cold,2398,19,18,2195,1322,0,-0.00043044065
Cold,439835,2688,2687,2195,1322,0,0.005242613
Cold,354989,2077,2076,2195,1322,0,0.010427883
Cold,2704,22,21,2195,1322,1,-0.0027486507
Cold,238003,1447,1446,2195,1322,1,-0.0013235379
Cold,371028,2168,2167,2195,1322,1,0.0036311639
Cold,342562,2015,2014,2195,1322,1,0.00874479
Cold,363122,2116,2115,2195,1322,0,0.0022969898
Cold,134362,869,868,2195,1322,1,-0.0043576118
Cold,571108,3503,3502,2195,1322,0,-0.003226677
Cold,164643,1051,1050,2195,1322,0,-0.0009138137
Cold,717028,4294,4293,2195,1322,0,-0.00651737
Cold,52939,349,348,2195,1322,0,0.0020500962
Cold,581356,3550,3549,2195,1322,0,0.003476229
Cold,171755,1088,1087,2195,1322,0,0.003583352
Cold,371726,2172,2171,2195,1322,1,-0.00023482041
Cold,600830,3652,3651,2195,1322,0,-0.00017319527
Cold,461547,2847,2846,2195,1322,0,0.00578965
Cold,550266,3391,3390,2195,1322,1,-0.0041467813
Cold,162119,1034,1033,2204,1325,1,-0.0018549319
Cold,269601,1635,1634,2204,1325,1,0.0034709005
Cold,199181,1224,1223,2204,1325,1,-0.0012287319
Cold,184726,1150,1149,2204,1325,0,0.0033709733
Cold,964302,5812,5811,2204,1325,0,-0.002038417
Cold,130910,850,849,2204,1325,1,-0.0015625264
Cold,197172,1211,1210,2204,1325,1,-0.0014571752
Cold,139085,890,889,2204,1325,0,0.00090224994
Cold,115204,749,748,2204,1325,1,-0.0031206897
Cold,316501,1884,1883,2204,1325,1,-0.0062552644
Cold,631256,3821,3820,2204,1325,1,-0.005335699
Cold,89687,591,590,2204,1325,1,0.0034537178
Cold,82605,549,548,2204,1325,1,0.011039821
Cold,27450,193,192,2204,1325,0,-0.008892591
Cold,12628,97,96,2204,1325,1,-0.003227704
Cold,481544,2962,2961,2204,1325,0,0.0059100166
Cold,89049,588,587,2204,1325,1,-0.0142551605
Cold,24116,173,172,2204,1325,1,0.0012482253
Cold,181776,1137,1136,2204,1325,1,0.0027357838
Cold,745188,4448,4447,2204,1325,1,-0.0008291658
Cold,18212,140,139,2204,1325,0,-0.0030331213
Cold,286504,1712,1711,2204,1325,1,0.0024450878
Cold,420682,2544,2543,2204,1325,0,0.0009400392
Cold,107586,710,709,2204,1325,1,-0.00017542916
Cold,632810,3824,3823,2204,1325,0,0.0004617488
Cold,473077,2909,2908,2204,1325,1,0.0034715687
Cold,308291,1837,1836,2204,1325,1,-0.0029344135
Cold,546621,3371,3370,2204,1325,0,-0.005368377
Cold,321960,1912,1911,2204,1325,0,0.000973233
Cold,703968,4221,4220,2206,1326,1,-0.0005338761
Cold,687411,4115,4114,2206,1326,1,0.006368263
Cold,681150,4083,4082,2206,1326,1,0.01710114
Cold,784304,4682,4681,2206,1326,1,0.011258835
Cold,667157,4016,4015,2206,1326,0,-0.0059971856
Cold,652253,3934,3933,2206,1326,0,0.0008576948
Cold,725697,4344,4343,2206,1326,1,0.0041946904
Cold,637606,3841,3840,2206,1326,0,0.005679042
Cold,606272,3683,3682,2206,1326,1,0.0059196563
Cold,621029,3762,3761,2206,1326,1,0.002367504
Cold,593230,3618,3617,2206,1326,0,0.003750461
Cold,589544,3596,3595,2206,1326,1,0.006284263
Cold,570620,3501,3500,2206,1326,1,0.004821381
Cold,571740,3507,3506,2206,1326,1,0.0140677765
Cold,696951,4169,4168,2206,1326,1,0.01573043
Cold,553630,3410,3409,2206,1326,1,0.0050067753
Cold,556140,3418,3417,2206,1326,1,0.0012241936
Cold,552803,3402,3401,2206,1326,1,0.0072909407
Cold,632811,3824,3823,2206,1326,0,0.0029897382
Cold,516136,3186,3185,2206,1326,1,-0.007949509
Cold,510994,3151,3150,2206,1326,1,-0.002995811
Cold,506444,3118,3117,2206,1326,0,0.0041805212
Cold,495224,3039,3038,2206,1326,1,-0.003605452
Cold,491897,3026,3025,2206,1326,1,0.0007809785
Cold,532879,3292,3291,2206,1326,1,0.011680324
Cold,472206,2907,2906,2206,1326,0,0.0006486563
Cold,645012,3885,3884,2206,1326,1,-0.008306006
Cold,459042,2826,2825,2206,1326,1,0.009029303
Cold,448289,2764,2763,2206,1326,1,0.0056721773
Cold,446626,2753,2752,2206,1326,1,0.0050038677
Cold,444147,2739,2738,2206,1326,1,0.0073089846
Cold,440608,2695,2694,2206,1326,1,-0.0070469044
Cold,438939,2682,2681,2206,1326,1,0.017829055
Cold,438173,2679,2678,2206,1326,1,0.010400178
Cold,511245,3154,3153,2206,1326,1,0.009908404
Cold,425129,2581,2580,2206,1326,1,-0.0013490241
Cold,417343,2514,2513,2206,1326,1,0.009284448
Cold,414991,2498,2497,2206,1326,1,0.0037045206
Cold,403057,2407,2406,2206,1326,0,-0.0026115675
Cold,397537,2355,2354,2206,1326,1,0.008840019
Cold,395322,2335,2334,2206,1326,1,0.0062860018
Cold,390565,2293,2292,2206,1326,1,0.010458347
Cold,384839,2248,2247,2206,1326,1,-0.0011114734
Cold,373703,2181,2180,2206,1326,0,0.0047448813
Cold,364051,2121,2120,2206,1326,0,0.007525934
Cold,361325,2109,2108,2206,1326,1,0.006184268
Cold,353608,2072,2071,2206,1326,1,0.0057668444
Cold,343428,2018,2017,2206,1326,1,0.0057617845
Cold,318843,1896,1895,2206,1326,1,0.0034574722
Cold,312136,1861,1860,2206,1326,1,-0.0008132523
Cold,304480,1810,1809,2206,1326,0,-0.0034012008
Cold,293488,1748,1747,2206,1326,1,0.007513196
Cold,282162,1693,1692,2206,1326,1,0.0030854824
Cold,345374,2026,2025,2206,1326,0,0.011846006
Cold,256711,1570,1569,2206,1326,0,-0.0010111928
Cold,345966,2030,2029,2206,1326,1,0.0004925132
Cold,250735,1513,1512,2206,1326,1,-0.0028587831
Cold,246112,1489,1488,2206,1326,0,0.0077331318
Cold,316502,1884,1883,2206,1326,1,-0.00011132751
Cold,228820,1387,1386,2206,1326,1,0.005714242
Cold,275956,1671,1670,2206,1326,1,0.0034332317
Cold,319752,1899,1898,2206,1326,1,0.013707526
Cold,446059,2751,2750,2206,1326,0,0.0036508464
Cold,199023,1223,1222,2206,1326,1,0.0042155613
Cold,192936,1191,1190,2206,1326,1,0.0047977013
Cold,219638,1333,1332,2206,1326,1,-0.0045504216
Cold,327426,1941,1940,2206,1326,1,-0.0012750879
Cold,184728,1150,1149,2206,1326,0,0.007618228
Cold,180077,1128,1127,2206,1326,1,0.011397626
Cold,165083,1053,1052,2206,1326,1,0.00191371
Cold,190223,1181,1180,2206,1326,1,0.022297993
Cold,159692,1019,1018,2206,1326,0,0.0074509126
Cold,220995,1340,1339,2206,1326,0,0.006206525
Cold,199183,1224,1223,2206,1326,1,0.0055645625
Cold,144446,931,930,2206,1326,1,-0.004330357
Cold,142836,922,921,2206,1326,0,0.0062523363
Cold,140511,903,902,2206,1326,1,-0.0042542825
Cold,137609,889,888,2206,1326,1,0.009320342
Cold,321962,1912,1911,2206,1326,0,0.0073847584
Cold,122453,791,790,2206,1326,1,0.0010809719
Cold,120093,776,775,2206,1326,1,-0.009071736
Cold,115205,749,748,2206,1326,1,0.011823595
Cold,89688,591,590,2206,1326,1,0.012985621
Cold,89050,588,587,2206,1326,1,0.005480186
Cold,82607,549,548,2206,1326,1,0.007878699
Cold,227893,1383,1382,2206,1326,1,0.00039177382
Cold,46677,314,313,2206,1326,1,0.013331134
Cold,36125,245,244,2206,1326,1,0.007743164
Cold,234644,1425,1424,2206,1326,1,-0.0008476237
Cold,133573,864,863,2206,1326,0,0.024212735
Cold,18496,146,145,2206,1326,0,0.009445675
Cold,9037,62,61,2206,1326,1,-0.0014802882
Cold,4307,33,32,2206,1326,1,-0.00071824563
Cold,481545,2962,2961,2206,1326,0,-0.0032947091
Cold,380620,2225,2224,2206,1326,0,0.00039855286
Cold,457553,2820,2819,2206,1326,1,0.013267734
Cold,24121,173,172,2206,1326,1,0.003398501
Cold,916834,5539,5538,2206,1326,1,0.011640834
Cold,171128,1088,1087,2206,1326,1,0.00083641126
Cold,107587,710,709,2206,1326,1,0.008969551
Cold,62418,424,423,2206,1326,0,-0.0010225901
Cold,232474,1413,1412,2206,1326,1,0.0006739849
Cold,497009,3054,3053,2206,1326,1,0.009289625
Cold,473079,2909,2908,2206,1326,1,0.0033240188
Cold,565299,3475,3474,2206,1326,0,0.0049812957
Cold,22768,164,163,2206,1326,1,-0.0004994946
Cold,13093,102,101,2206,1326,1,0.0073846886
Cold,762337,4530,4529,2208,1327,1,-0.00193417
Cold,754231,4493,4492,2208,1327,1,-0.0059196046
Cold,744159,4447,4446,2208,1327,1,-0.0009786102
Cold,711267,4268,4267,2208,1327,1,0.00029770518
Cold,701835,4207,4206,2208,1327,1,-0.0053457143
Cold,690770,4134,4133,2208,1327,0,-0.006117575
Cold,667158,4016,4015,2208,1327,0,-0.0011138201
Cold,758943,4510,4509,2208,1327,0,-0.0044735307
Cold,638816,3842,3841,2208,1327,1,-0.00018479675
Cold,637607,3841,3840,2208,1327,1,-0.00010140799
Cold,621030,3762,3761,2208,1327,0,0.0058038617
Cold,645986,3888,3887,2208,1327,1,0.0024961915
Cold,670025,4028,4027,2208,1327,0,0.002447661
Cold,613793,3718,3717,2208,1327,0,0.008484058
Cold,940089,5675,5674,2208,1327,1,-0.0029182453
Cold,696956,4169,4168,2208,1327,1,0.002099277
Cold,728319,4354,4353,2208,1327,1,0.006818168
Cold,580341,3546,3545,2208,1327,0,-0.00737879
Cold,571743,3507,3506,2208,1327,1,0.0017180509
Cold,568191,3487,3486,2208,1327,1,0.0061018327
Cold,557979,3426,3425,2208,1327,1,-0.0028355555
Cold,549375,3390,3389,2208,1327,1,-0.0018168013
Cold,576740,3526,3525,2208,1327,1,-0.0028030765
Cold,552804,3402,3401,2208,1327,1,-0.0012849848
Cold,513860,3171,3170,2208,1327,1,0.0026967858
Cold,506445,3118,3117,2208,1327,0,-0.006655629
Cold,768935,4579,4578,2208,1327,1,0.0058850213
Cold,496177,3049,3048,2208,1327,1,-0.0068181446
Cold,491898,3026,3025,2208,1327,1,-0.0007300663
Cold,488298,3004,3003,2208,1327,0,-0.0046149166
Cold,487298,2997,2996,2208,1327,0,-0.0062793316
Cold,483788,2975,2974,2208,1327,1,0.0010236396
Cold,479086,2941,2940,2208,1327,1,0.004687436
Cold,472209,2907,2906,2208,1327,0,0.001133326
Cold,469519,2892,2891,2208,1327,1,-0.0035890467
Cold,466131,2874,2873,2208,1327,1,0.00017872907
Cold,754829,4497,4496,2208,1327,1,-0.005730613
Cold,461952,2849,2848,2208,1327,1,-0.011759659
Cold,457556,2820,2819,2208,1327,0,0.0027470929
Cold,448290,2764,2763,2208,1327,1,0.005352413
Cold,447117,2754,2753,2208,1327,1,0.007472921
Cold,446627,2753,2752,2208,1327,1,-0.0028200485
Cold,446061,2751,2750,2208,1327,1,0.0018430301
Cold,438940,2682,2681,2208,1327,1,-0.0016013375
Cold,438515,2680,2679,2208,1327,1,-0.004376568
Cold,431839,2631,2630,2208,1327,1,-0.003085706
Cold,430848,2627,2626,2208,1327,1,0.00449754
Cold,428716,2609,2608,2208,1327,1,-0.0018012469
Cold,414992,2498,2497,2208,1327,1,-0.0066762553
Cold,403058,2407,2406,2208,1327,1,0.0037754374
Cold,400831,2389,2388,2208,1327,1,-0.0076314146
Cold,411973,2478,2477,2208,1327,0,-0.0019685216
Cold,397538,2355,2354,2208,1327,1,6.4507825e-05
Cold,395323,2335,2334,2208,1327,1,0.0028503886
Cold,390566,2293,2292,2208,1327,1,-0.00220339
Cold,389783,2288,2287,2208,1327,0,-0.0002981904
Cold,381448,2231,2230,2208,1327,0,0.007475694
Cold,373704,2181,2180,2208,1327,1,0.0012637395
Cold,361327,2109,2108,2208,1327,1,-0.0030673197
Cold,356642,2089,2088,2208,1327,1,0.0013988065
Cold,353609,2072,2071,2208,1327,1,0.004502182
Cold,347178,2038,2037,2208,1327,0,-0.0014317103
Cold,343430,2018,2017,2208,1327,1,0.0041344645
Cold,339598,2002,2001,2208,1327,1,0.0023828056
Cold,335340,1980,1979,2208,1327,1,0.0026986238
Cold,318844,1896,1895,2208,1327,1,-0.0011389276
Cold,306020,1821,1820,2208,1327,0,-0.0047512436
Cold,316503,1884,1883,2208,1327,0,0.0045579607
Cold,286176,1709,1708,2208,1327,1,0.00019336329
Cold,293491,1748,1747,2208,1327,1,8.943025e-05
Cold,275957,1671,1670,2208,1327,0,0.00016333326
Cold,268683,1632,1631,2208,1327,0,0.0047412626
Cold,345376,2026,2025,2208,1327,1,-0.0026600105
Cold,260788,1594,1593,2208,1327,1,-0.001350267
Cold,250605,1511,1510,2208,1327,1,0.0024596103
Cold,231514,1404,1403,2208,1327,1,0.0005402159
Cold,227416,1378,1377,2208,1327,1,-0.0041858233
Cold,228821,1387,1386,2208,1327,1,-0.0018591431
Cold,425130,2581,2580,2208,1327,1,0.004219449
Cold,207443,1268,1267,2208,1327,1,0.002417057
Cold,199024,1223,1222,2208,1327,1,-0.00042455154
Cold,199185,1224,1223,2208,1327,1,-0.0022700764
Cold,192937,1191,1190,2208,1327,1,-0.0007982814
Cold,327429,1941,1940,2208,1327,1,1.8348685e-05
Cold,189866,1178,1177,2208,1327,0,-0.0037235843
Cold,206570,1266,1265,2208,1327,1,0.0006584837
Cold,212352,1294,1293,2208,1327,1,-0.0023217364
Cold,182611,1140,1139,2208,1327,1,-0.002871551
Cold,165695,1057,1056,2208,1327,1,-0.006152417
Cold,165084,1053,1052,2208,1327,1,-0.0075108246
Cold,190229,1181,1180,2208,1327,0,-0.0046502682
Cold,161229,1029,1028,2208,1327,1,-0.00039368263
Cold,157621,1015,1014,2208,1327,1,-0.00018139323
Cold,319753,1899,1898,2208,1327,1,-0.003755995
Cold,144447,931,930,2208,1327,1,0.00944063
Cold,137612,889,888,2208,1327,1,-0.000160672
Cold,374685,2185,2184,2208,1327,1,-0.002996384
Cold,124119,800,799,2208,1327,1,-0.0054675
Cold,120094,776,775,2208,1327,1,-0.002750032
Cold,112184,731,730,2208,1327,1,0.004199998
Cold,94057,631,630,2208,1327,1,0.0065728943
Cold,153591,987,986,2208,1327,1,-0.0041763885
Cold,89051,588,587,2208,1327,1,-0.0030764537
Cold,82612,549,548,2208,1327,1,-0.0033726306
Cold,69405,466,465,2208,1327,1,-0.005373532
Cold,123214,796,795,2208,1327,1,0.008127473
Cold,220996,1340,1339,2208,1327,0,-0.0023693126
Cold,41345,280,279,2208,1327,0,-0.005526099
Cold,46679,314,313,2208,1327,0,0.002905755
Cold,34519,235,234,2208,1327,1,0.0010701208
Cold,481546,2962,2961,2208,1327,0,-0.0025051082
Cold,511246,3154,3153,2208,1327,0,-0.0056885583
Cold,136011,879,878,2208,1327,1,0.0047413185
Cold,12630,97,96,2208,1327,1,-0.010157017
Cold,591637,3610,3609,2208,1327,0,0.0068772645
Cold,4102,31,30,2208,1327,1,-0.0021399483
Cold,24122,173,172,2208,1327,1,0.0035750926
Cold,94512,635,634,2208,1327,1,-0.00049070455
Cold,192620,1186,1185,2208,1327,1,0.00022706424
Cold,284686,1699,1698,2208,1327,1,-0.0025045993
Cold,181779,1137,1136,2208,1327,1,-0.005163966
Cold,30962,208,207,2208,1327,0,-0.0038502077
Cold,369252,2159,2158,2208,1327,1,0.002847521
Cold,420683,2544,2543,2208,1327,0,0.0072540846
Cold,588283,3590,3589,2208,1327,1,0.00024366588
Cold,309429,1842,1841,2208,1327,1,-0.0023775604
Cold,991811,5991,5990,2208,1327,1,0.00024832552
Cold,321965,1912,1911,2208,1327,0,-0.009025207
Cold,115207,749,748,2208,1327,0,0.0010294255
Cold,135106,874,873,2208,1327,1,0.0009352041
Cold,347787,2041,2040,2208,1327,1,-0.0003601571
Cold,204163,1256,1255,2208,1327,1,0.0015703862
Cold,821656,4940,4939,2208,1327,1,0.0006282767
Cold,118628,767,766,2208,1327,1,0.005038991
Cold,823427,4950,4949,2208,1327,1,0.0025612488
Cold,841359,5054,5053,2208,1327,1,0.0052341977
Cold,27453,193,192,2208,1327,1,0.006943536
Cold,254801,1551,1550,2208,1327,1,-0.0071522025
Cold,73265,496,495,2208,1327,1,0.0025511961
Cold,506462,3118,3117,2212,1328,0,0.010475594
Cold,628472,3807,3806,2212,1328,0,0.007443104
Cold,491906,3026,3025,2212,1328,1,0.003218514
Cold,479100,2941,2940,2212,1328,1,0.0062816674
Cold,472227,2907,2906,2212,1328,0,0.014706567
Cold,473107,2909,2908,2212,1328,1,0.006577489
Cold,518575,3201,3200,2212,1328,1,0.0053282967
Cold,511254,3154,3153,2212,1328,0,0.0072892583
Cold,437328,2670,2669,2212,1328,0,0.0055327187
Cold,428722,2609,2608,2212,1328,1,0.0026662855
Cold,419546,2537,2536,2212,1328,1,0.009166018
Cold,425141,2581,2580,2212,1328,1,0.016691836
Cold,414999,2498,2497,2212,1328,0,0.003034833
Cold,396897,2350,2349,2212,1328,1,-0.005166761
Cold,400189,2383,2382,2212,1328,1,0.009488704
Cold,391297,2302,2301,2212,1328,0,0.014865618
Cold,384845,2248,2247,2212,1328,1,-0.00016345442
Cold,381468,2231,2230,2212,1328,0,0.0018540832
Cold,366880,2140,2139,2212,1328,1,0.0045163203
Cold,361347,2109,2108,2212,1328,1,0.013506731
Cold,343447,2018,2017,2212,1328,1,-0.0010160366
Cold,306024,1821,1820,2212,1328,0,0.0092407875
Cold,345988,2030,2029,2212,1328,1,0.003139414
Cold,246125,1489,1488,2212,1328,0,-0.0021971883
Cold,316528,1884,1883,2212,1328,1,0.0056858547
Cold,321894,1911,1910,2212,1328,0,0.010310145
Cold,243643,1470,1469,2212,1328,0,-0.0038984017
Cold,327458,1941,1940,2212,1328,1,0.014290331
Cold,184756,1150,1149,2212,1328,1,0.00431392
Cold,180688,1130,1129,2212,1328,1,0.004035975
Cold,169999,1080,1079,2212,1328,1,0.0050425828
Cold,190262,1181,1180,2212,1328,0,0.0074691903
Cold,199203,1224,1223,2212,1328,1,0.012105817
Cold,130726,848,847,2212,1328,0,0.006701852
Cold,197188,1211,1210,2212,1328,1,0.0053989366
Cold,779009,4653,4652,2212,1328,1,0.015616441
Cold,108451,711,710,2212,1328,1,-0.0055610044
Cold,239560,1449,1448,2212,1328,0,0.01132391
Cold,82636,549,548,2212,1328,1,0.009242339
Cold,61078,412,411,2212,1328,1,0.012517919
Cold,337879,1988,1987,2212,1328,1,0.010071235
Cold,43788,301,300,2212,1328,1,0.0030199303
Cold,31706,216,215,2212,1328,1,0.016167827
Cold,481560,2962,2961,2212,1328,0,0.0038889975
Cold,17365,136,135,2212,1328,0,-0.002607557
Cold,13495,107,106,2212,1328,1,0.0022196672
Cold,591655,3610,3609,2212,1328,0,-0.003471911
Cold,9064,62,61,2212,1328,1,0.010777757
Cold,89066,588,587,2212,1328,1,0.012623411
Cold,380637,2225,2224,2212,1328,1,0.006643668
Cold,24156,173,172,2212,1328,1,0.0052037174
Cold,512502,3163,3162,2212,1328,1,0.006200568
Cold,157650,1015,1014,2212,1328,1,0.013066769
Cold,181798,1137,1136,2212,1328,1,0.009223934
Cold,241769,1457,1456,2212,1328,1,0.008112202
Cold,750560,4478,4477,2212,1328,1,0.010476394
Cold,745204,4448,4447,2212,1328,1,0.010259634
Cold,835164,5019,5018,2212,1328,1,0.005814408
Cold,556475,3420,3419,2212,1328,1,0.004172889
Cold,454436,2796,2795,2212,1328,0,0.0040230765
Cold,62446,424,423,2212,1328,1,0.00923097
Cold,18514,146,145,2212,1328,1,-0.002098866
Cold,565319,3475,3474,2212,1328,0,0.00862251
Cold,638827,3842,3841,2212,1328,1,0.0028097467
Cold,93152,624,623,2212,1328,0,0.013803799
Cold,339027,1998,1997,2212,1328,0,0.0046775974
Cold,13098,102,101,2212,1328,1,0.0002611213
Cold,73269,496,495,2212,1328,0,0.005372688
Cold,201316,1242,1241,2238,1332,0,-0.010273483
Cold,130953,850,849,2238,1332,1,-0.00030966103
Cold,374712,2185,2184,2238,1332,1,-0.0073666256
Cold,101611,677,676,2238,1332,1,0.00039304374
Cold,207460,1268,1267,2238,1332,1,-0.000689744
Cold,61112,412,411,2238,1332,0,-0.0012734593
Cold,210517,1285,1284,2238,1332,1,0.0036279946
Cold,51634,339,338,2238,1332,1,-0.010569047
Cold,42055,285,284,2238,1332,1,-0.01691456
Cold,4874,35,34,2238,1332,1,-0.009334089
Cold,293534,1748,1747,2238,1332,1,-0.017045183
Cold,451449,2779,2778,2238,1332,1,-0.001466339
Cold,860247,5172,5171,2238,1332,1,-0.00603677
Cold,208559,1274,1273,2238,1332,0,0.0003570686
Cold,739509,4418,4417,2238,1332,0,-0.010598753
Cold,24192,173,172,2238,1332,1,-0.006121683
Cold,497042,3054,3053,2238,1332,1,0.0040464876
Cold,286459,1711,1710,2239,1333,0,0.0063197943
Cold,271604,1642,1641,2239,1333,0,0.0020600092
Cold,214619,1303,1302,2239,1333,0,-0.0017463944
Cold,208190,1273,1272,2239,1333,1,-0.005916116
Cold,220261,1335,1334,2239,1333,1,0.008414911
Cold,243666,1470,1469,2239,1333,0,0.00053965696
Cold,316080,1883,1882,2239,1333,0,-8.809028e-05
Cold,142294,919,918,2239,1333,1,0.004095258
Cold,260802,1594,1593,2239,1333,1,0.0059222397
Cold,137697,889,888,2239,1333,0,0.0071989396
Cold,130955,850,849,2239,1333,1,0.0038789362
Cold,130083,841,840,2239,1333,0,0.004975139
Cold,159756,1019,1018,2239,1333,1,-0.006228824
Cold,207461,1268,1267,2239,1333,1,0.006142957
Cold,221986,1343,1342,2239,1333,1,-0.005208036
Cold,190323,1181,1180,2239,1333,0,-0.0057112193
Cold,77132,524,523,2239,1333,1,0.008382553
Cold,83821,550,549,2239,1333,0,0.0048214085
Cold,210520,1285,1284,2239,1333,1,8.824706e-05
Cold,51635,339,338,2239,1333,1,0.009494791
Cold,88687,587,586,2239,1333,0,0.0013372905
Cold,208561,1274,1273,2239,1333,1,-0.004262636
Cold,35197,238,237,2239,1333,0,0.00650312
Cold,4875,35,34,2239,1333,1,0.0026947684
Cold,524364,3233,3232,2239,1333,0,-0.00728066
Cold,234690,1425,1424,2239,1333,1,-0.0033087349
Cold,157697,1015,1014,2239,1333,1,-0.002257267
Cold,293536,1748,1747,2239,1333,1,0.009013638
Cold,713610,4277,4276,2239,1333,1,0.006924397
Cold,39313,267,266,2239,1333,1,-0.005594098
Cold,860248,5172,5171,2239,1333,1,0.004887574
Cold,907757,5492,5491,2239,1333,0,0.0014541603
Cold,103937,691,690,2239,1333,1,0.0052886805
Cold,319102,1897,1896,2239,1333,1,0.00042292383
Cold,993989,6002,6001,2239,1333,0,0.0017696775
Cold,739510,4418,4417,2239,1333,0,-0.002789682
Cold,223017,1352,1351,2239,1333,1,0.00043556886
Cold,457617,2820,2819,2241,1335,0,-0.006856929
Cold,453452,2793,2792,2241,1335,1,-0.008902848
Cold,450125,2776,2775,2241,1335,1,-0.0068560345
Cold,446274,2752,2751,2241,1335,0,-0.008654377
Cold,435688,2664,2663,2241,1335,0,0.002259008
Cold,432517,2638,2637,2241,1335,0,0.00045488728
Cold,400217,2383,2382,2241,1335,0,-0.0010657376
Cold,425591,2583,2582,2241,1335,1,-0.010791784
Cold,298499,1770,1769,2241,1335,0,-0.007976249
Cold,291103,1737,1736,2241,1335,0,-0.0033128406
Cold,280410,1683,1682,2241,1335,1,-0.00871967
Cold,281127,1687,1686,2241,1335,1,-0.0045856265
Cold,280690,1685,1684,2241,1335,0,-0.00041752204
Cold,360437,2106,2105,2241,1335,0,-0.007387446
Cold,231548,1404,1403,2241,1335,0,-0.0014769795
Cold,335428,1980,1979,2241,1335,0,-0.0075110355
Cold,213245,1298,1297,2241,1335,0,-0.0073763784
Cold,278574,1680,1679,2241,1335,0,-0.016283361
Cold,184815,1150,1149,2241,1335,0,-0.00433138
Cold,307152,1835,1834,2241,1335,1,-0.003883452
Cold,173478,1100,1099,2241,1335,0,0.0029591145
Cold,327544,1941,1940,2241,1335,0,-0.005877746
Cold,162833,1040,1039,2241,1335,1,0.003336364
Cold,347840,2041,2040,2241,1335,0,-0.002469335
Cold,225180,1362,1361,2241,1335,0,-0.012098878
Cold,140604,904,903,2241,1335,1,0.00514879
Cold,137715,889,888,2241,1335,0,-0.009788701
Cold,202289,1244,1243,2241,1335,0,-0.011518974
Cold,159771,1019,1018,2241,1335,0,0.0002643217
Cold,124402,801,800,2241,1335,0,0.0018882146
Cold,124153,800,799,2241,1335,1,-0.010950843
Cold,124717,802,801,2241,1335,1,0.00077807554
Cold,199043,1223,1222,2241,1335,0,0.00048148178
Cold,112821,732,731,2241,1335,1,-0.004408866
Cold,99394,663,662,2241,1335,0,-0.006241394
Cold,210537,1285,1284,2241,1335,0,-0.012007304
Cold,88277,583,582,2241,1335,0,-0.00765815
Cold,96875,651,650,2241,1335,0,-0.018578965
Cold,85483,558,557,2241,1335,0,-0.0046669366
Cold,82697,549,548,2241,1335,1,-0.0055825613
Cold,68389,459,458,2241,1335,0,-0.0016374784
Cold,59053,402,401,2241,1335,1,0.008324309
Cold,57893,392,391,2241,1335,0,-0.006967861
Cold,31789,216,215,2241,1335,1,-0.0072543165
Cold,88694,587,586,2241,1335,0,-0.011807884
Cold,34594,235,234,2241,1335,0,-0.010539155
Cold,947697,5722,5721,2241,1335,0,-0.010793852
Cold,238544,1448,1447,2241,1335,1,-0.00533221
Cold,12777,98,97,2241,1335,0,0.010447083
Cold,7227,50,49,2241,1335,0,-0.0011298794
Cold,6268,45,44,2241,1335,0,0.0034751906
Cold,2946,23,22,2241,1335,0,-0.010059934
Cold,233864,1422,1421,2241,1335,0,-0.0098261535
Cold,101903,678,677,2241,1335,0,-0.0107642915
Cold,964325,5812,5811,2241,1335,1,-0.012291589
Cold,743140,4445,4444,2241,1335,0,-0.0014693246
Cold,575723,3520,3519,2241,1335,0,-0.0034097428
Cold,209948,1284,1283,2241,1335,1,-0.0024994977
Cold,967154,5831,5830,2241,1335,0,-0.012749092
Cold,49161,329,328,2241,1335,0,-0.011300243
Cold,181829,1137,1136,2241,1335,0,-0.0025517372
Cold,310514,1851,1850,2241,1335,0,-0.0058182897
Cold,975264,5880,5879,2241,1335,0,-0.009120764
Cold,317475,1889,1888,2241,1335,0,-0.016622648
Cold,632901,3824,3823,2241,1335,0,-0.005465929
Cold,206234,1265,1264,2241,1335,0,0.0043993304
Cold,62519,424,423,2241,1335,0,-0.009335799
Cold,240935,1451,1450,2241,1335,0,-0.0028899694
Cold,193402,1194,1193,2241,1335,0,-0.00408307
Cold,335447,1980,1979,2250,1341,1,0.0072385827
Cold,924060,5580,5579,2250,1341,0,0.0056443596
Cold,675803,4054,4053,2252,1342,0,-0.0014505936
Cold,671009,4033,4032,2252,1342,0,0.004059082
Cold,667230,4016,4015,2252,1342,0,0.0066328296
Cold,663734,3999,3998,2252,1342,0,-0.0020542778
Cold,664518,4001,4000,2252,1342,0,-0.0022779608
Cold,634616,3829,3828,2252,1342,0,0.010988908
Cold,633861,3825,3824,2252,1342,0,-0.0028318143
Cold,637706,3841,3840,2252,1342,0,0.004345722
Cold,617963,3745,3744,2252,1342,0,0.0011113065
Cold,794115,4748,4747,2252,1342,1,0.008387972
Cold,614576,3724,3723,2252,1342,0,-0.0027539073
Cold,612374,3713,3712,2252,1342,0,-2.8882641e-05
Cold,726651,4345,4344,2252,1342,0,-0.00038789737
Cold,608944,3693,3692,2252,1342,0,0.0024161898
Cold,603946,3675,3674,2252,1342,0,0.008058337
Cold,725746,4344,4343,2252,1342,0,-0.0022993097
Cold,576823,3526,3525,2252,1342,0,-0.0014444613
Cold,616982,3735,3734,2252,1342,0,-0.0021695236
Cold,568934,3491,3490,2252,1342,0,-0.0010665895
Cold,593333,3618,3617,2252,1342,0,0.007085352
Cold,562388,3462,3461,2252,1342,0,0.0073708063
Cold,557530,3425,3424,2252,1342,0,0.00716116
Cold,549710,3391,3390,2252,1342,0,0.005084594
Cold,545584,3365,3364,2252,1342,1,0.0066170366
Cold,547504,3378,3377,2252,1342,0,-0.0050280527
Cold,904341,5468,5467,2252,1342,1,-0.004602215
Cold,540920,3328,3327,2252,1342,1,0.002637328
Cold,522168,3224,3223,2252,1342,1,0.00044590604
Cold,516272,3189,3188,2252,1342,0,-0.006691991
Cold,499108,3067,3066,2252,1342,0,0.0040305383
Cold,493756,3032,3031,2252,1342,1,-0.004556516
Cold,493220,3031,3030,2252,1342,0,-0.003019291
Cold,478915,2939,2938,2252,1342,0,0.0034315325
Cold,484785,2986,2985,2252,1342,1,-0.0009974085
Cold,470851,2899,2898,2252,1342,1,0.006781657
Cold,852802,5113,5112,2252,1342,0,0.0042499076
Cold,468225,2887,2886,2252,1342,1,-0.0031446922
Cold,465520,2872,2871,2252,1342,1,-0.0015899264
Cold,463015,2857,2856,2252,1342,0,0.00042509276
Cold,458836,2825,2824,2252,1342,0,0.0048289266
Cold,486878,2996,2995,2252,1342,1,0.00079805177
Cold,492479,3029,3028,2252,1342,0,-0.0017027268
Cold,450130,2776,2775,2252,1342,1,-0.0022738478
Cold,450526,2777,2776,2252,1342,0,0.004850497
Cold,443688,2737,2736,2252,1342,0,-0.0046395045
Cold,564135,3471,3470,2252,1342,0,-0.00065685576
Cold,427730,2599,2598,2252,1342,1,-0.001966103
Cold,422886,2563,2562,2252,1342,0,0.00042127084
Cold,422104,2555,2554,2252,1342,0,0.00017476548
Cold,419601,2537,2536,2252,1342,0,-0.0014476053
Cold,419232,2533,2532,2252,1342,0,0.0010054552
Cold,412637,2484,2483,2252,1342,0,0.004379157
Cold,395754,2340,2339,2252,1342,1,-0.0027620606
Cold,378293,2208,2207,2252,1342,0,-0.000960608
Cold,368714,2156,2155,2252,1342,0,0.003582504
Cold,369750,2164,2163,2252,1342,0,-0.0035913733
Cold,362682,2116,2115,2252,1342,1,0.002486131
Cold,359204,2102,2101,2252,1342,0,0.005931759
Cold,436130,2665,2664,2252,1342,0,0.0002443674
Cold,348360,2042,2041,2252,1342,0,0.008216766
Cold,341390,2012,2011,2252,1342,0,-0.00031434651
Cold,313390,1870,1869,2252,1342,0,-0.0027768412
Cold,299420,1778,1777,2252,1342,1,-0.0006229186
Cold,297284,1764,1763,2252,1342,1,0.0038100774
Cold,265503,1613,1612,2252,1342,0,-0.00025728066
Cold,259287,1587,1586,2252,1342,0,0.007656514
Cold,243153,1466,1465,2252,1342,0,0.008298099
Cold,231555,1404,1403,2252,1342,0,0.0046051415
Cold,357225,2092,2091,2252,1342,1,0.0020935663
Cold,225688,1367,1366,2252,1342,1,-0.0019039762
Cold,222544,1347,1346,2252,1342,1,0.01177532
Cold,335448,1980,1979,2252,1342,0,0.0009902907
Cold,296726,1759,1758,2252,1342,1,0.0018200739
Cold,261565,1599,1598,2252,1342,0,-0.005542133
Cold,199773,1226,1225,2252,1342,0,0.003292491
Cold,278594,1680,1679,2252,1342,0,-0.006410599
Cold,209330,1279,1278,2252,1342,0,-0.0020912495
Cold,304644,1812,1811,2252,1342,1,0.0021223393
Cold,194672,1202,1201,2252,1342,0,0.0016362505
Cold,184838,1150,1149,2252,1342,0,0.002756036
Cold,182426,1139,1138,2252,1342,1,0.0002854701
Cold,199247,1224,1223,2252,1342,1,-0.0034227415
Cold,177881,1120,1119,2252,1342,1,7.033156e-05
Cold,168213,1069,1068,2252,1342,0,0.0020660062
Cold,221064,1340,1339,2252,1342,0,-0.009393356
Cold,136253,881,880,2252,1342,1,0.00029771402
Cold,248641,1501,1500,2252,1342,0,0.0058464427
Cold,124727,802,801,2252,1342,1,0.00059034233
Cold,360452,2106,2105,2252,1342,0,0.0038905689
Cold,111809,728,727,2252,1342,0,-0.0035458144
Cold,112247,731,730,2252,1342,1,-0.0010582401
Cold,109157,714,713,2252,1342,0,0.00036070496
Cold,105840,699,698,2252,1342,0,0.00072176754
Cold,176691,1117,1116,2252,1342,0,0.0016711473
Cold,697038,4169,4168,2252,1342,0,0.0026191548
Cold,87176,570,569,2252,1342,0,-0.003676069
Cold,86453,566,565,2252,1342,1,-0.0011101157
Cold,190363,1181,1180,2252,1342,0,-0.0008808365
Cold,405932,2436,2435,2252,1342,0,0.0049299626
Cold,83856,550,549,2252,1342,0,-0.00013012276
Cold,77167,524,523,2252,1342,0,0.006668693
Cold,58471,396,395,2252,1342,0,-0.0024243721
Cold,57907,392,391,2252,1342,0,0.0058265966
Cold,44265,302,301,2252,1342,0,0.0015789843
Cold,238561,1448,1447,2252,1342,0,0.0011052822
Cold,36250,245,244,2252,1342,0,0.002593025
Cold,336851,1983,1982,2252,1342,0,0.005238859
Cold,32841,223,222,2252,1342,1,-0.0019866652
Cold,26274,187,186,2252,1342,1,0.004249006
Cold,21118,155,154,2252,1342,1,0.005356545
Cold,15403,123,122,2252,1342,0,-0.002068479
Cold,9136,62,61,2252,1342,1,0.0024912485
Cold,7522,53,52,2252,1342,1,-0.0040900167
Cold,6298,45,44,2252,1342,0,-0.0011799203
Cold,107660,710,709,2252,1342,0,-0.0053977547
Cold,79095,531,530,2252,1342,0,-0.00066023564
Cold,354677,2077,2076,2252,1342,0,0.0069095716
Cold,983,10,9,2252,1342,1,0.0004945053
Cold,65157,438,437,2252,1342,0,0.002490028
Cold,975269,5880,5879,2252,1342,0,-0.0013160445
Cold,237592,1447,1446,2252,1342,0,2.071308e-05
Cold,240945,1451,1450,2252,1342,0,0.002740594
Cold,750586,4478,4477,2252,1342,0,-0.0018825817
Cold,133998,869,868,2252,1342,0,0.0013940939
Cold,62536,424,423,2252,1342,0,-0.0027147762
Cold,841391,5054,5053,2252,1342,0,-0.005234039
Cold,184839,1150,1149,2255,1344,0,0.0062781516
Cold,130162,843,842,2255,1344,1,0.0038701044
Cold,210554,1285,1284,2255,1344,0,-0.001041201
Cold,239648,1449,1448,2255,1344,0,-0.008290009
Cold,112249,731,730,2255,1344,0,-0.012020636
Cold,98559,660,659,2255,1344,0,-0.0026417891
Cold,313988,1875,1874,2255,1344,0,-0.011353319
Cold,96882,651,650,2255,1344,1,-0.0066973846
Cold,86455,566,565,2255,1344,0,-0.012506701
Cold,190365,1181,1180,2255,1344,0,-0.0039487295
Cold,38780,264,263,2255,1344,0,-0.0010088339
Cold,713624,4277,4276,2255,1344,0,-0.0015588105
Cold,31817,216,215,2255,1344,1,-0.00066255825
Cold,21442,157,156,2255,1344,0,-0.0005153073
Cold,238563,1448,1447,2255,1344,0,-0.012352508
Cold,49186,329,328,2255,1344,0,-0.010924943
Cold,101919,678,677,2255,1344,1,0.0011370197
Cold,967160,5831,5830,2255,1344,0,-0.011049018
Cold,958993,5787,5786,2255,1344,0,-0.009418566
Cold,583194,3562,3561,2261,1346,1,0.0074397475
Cold,576851,3526,3525,2261,1346,0,-0.004373781
Cold,568538,3489,3488,2261,1346,0,-0.005135008
Cold,556772,3422,3421,2261,1346,1,0.009722042
Cold,658248,3967,3966,2261,1346,0,-0.0002157779
Cold,645082,3885,3884,2261,1346,1,0.0036026896
Cold,549738,3391,3390,2261,1346,1,0.009685958
Cold,538831,3314,3313,2261,1346,1,0.00037075253
Cold,536816,3311,3310,2261,1346,1,0.0025155833
Cold,536423,3309,3308,2261,1346,1,0.0035663913
Cold,531397,3281,3280,2261,1346,1,-4.2426516e-05
Cold,522191,3224,3223,2261,1346,0,0.0029622854
Cold,512581,3163,3162,2261,1346,0,0.009548501
Cold,508456,3129,3128,2261,1346,0,0.003850779
Cold,816167,4899,4898,2261,1346,0,0.005827733
Cold,506173,3114,3113,2261,1346,1,-0.0038496235
Cold,490564,3018,3017,2261,1346,1,0.0069347695
Cold,710254,4260,4259,2261,1346,0,0.0015462209
Cold,880065,5317,5316,2261,1346,1,0.010780573
Cold,462470,2854,2853,2261,1346,0,-0.0008072655
Cold,450547,2777,2776,2261,1346,0,0.012901492
Cold,450141,2776,2775,2261,1346,1,0.0072246566
Cold,445886,2750,2749,2261,1346,0,-0.00214076
Cold,443018,2731,2730,2261,1346,1,-0.00032864092
Cold,438754,2681,2680,2261,1346,1,0.004295279
Cold,412657,2484,2483,2261,1346,0,0.011090718
Cold,409478,2457,2456,2261,1346,1,0.012327161
Cold,407527,2447,2446,2261,1346,1,-0.0017254879
Cold,404369,2419,2418,2261,1346,0,0.0048364527
Cold,397862,2361,2360,2261,1346,0,-0.0023994916
Cold,377655,2205,2204,2261,1346,0,0.005868359
Cold,364559,2124,2123,2261,1346,1,0.009774626
Cold,373808,2181,2180,2261,1346,1,0.011340501
Cold,348369,2042,2041,2261,1346,0,0.011147412
Cold,341404,2012,2011,2261,1346,0,0.0015972445
Cold,331304,1958,1957,2261,1346,1,0.012628732
Cold,333244,1968,1967,2261,1346,0,0.007631313
Cold,298508,1770,1769,2261,1346,0,0.00083367166
Cold,290867,1736,1735,2261,1346,1,0.0099572
Cold,281150,1687,1686,2261,1346,0,0.0035930173
Cold,259301,1587,1586,2261,1346,0,0.00067306164
Cold,274004,1655,1654,2261,1346,1,0.009865789
Cold,247505,1496,1495,2261,1346,0,0.001953384
Cold,283425,1697,1696,2261,1346,1,0.0048333574
Cold,446092,2751,2750,2261,1346,1,0.0028021592
Cold,205062,1262,1261,2261,1346,1,0.008388409
Cold,278629,1680,1679,2261,1346,1,0.0015507177
Cold,308365,1837,1836,2261,1346,0,-0.0005236658
Cold,188828,1172,1171,2261,1346,0,0.012495425
Cold,307183,1835,1834,2261,1346,1,-0.00540688
Cold,179004,1124,1123,2261,1346,1,0.005587664
Cold,173503,1100,1099,2261,1346,0,-0.00043645548
Cold,164258,1051,1050,2261,1346,0,0.0069197696
Cold,155727,1004,1003,2261,1346,1,-0.0023339426
Cold,184867,1150,1149,2261,1346,0,0.013519329
Cold,156529,1010,1009,2261,1346,0,0.013496262
Cold,135414,877,876,2261,1346,1,0.0103558935
Cold,133330,861,860,2261,1346,1,0.005035294
Cold,126465,817,816,2261,1346,0,0.0008134779
Cold,124741,802,801,2261,1346,0,0.006200542
Cold,118242,765,764,2261,1346,0,0.0008783259
Cold,115704,751,750,2261,1346,1,0.00527278
Cold,113191,735,734,2261,1346,0,-0.008848847
Cold,177894,1120,1119,2261,1346,1,0.00038082432
Cold,272017,1645,1644,2261,1346,1,0.0076156454
Cold,107482,709,708,2261,1346,1,0.0013249591
Cold,103778,690,689,2261,1346,1,0.0031494512
Cold,262991,1605,1604,2261,1346,0,0.012967488
Cold,95159,638,637,2261,1346,1,0.0032112948
Cold,88710,587,586,2261,1346,0,0.0043656775
Cold,86467,566,565,2261,1346,0,0.0060281693
Cold,360467,2106,2105,2261,1346,0,0.010240816
Cold,70362,475,474,2261,1346,1,0.00057263987
Cold,57922,392,391,2261,1346,0,-0.004161666
Cold,44288,302,301,2261,1346,0,-0.0028085168
Cold,38202,261,260,2261,1346,0,0.0024667098
Cold,29639,202,201,2261,1346,0,0.012666732
Cold,25535,181,180,2261,1346,1,0.010238657
Cold,269707,1635,1634,2261,1346,0,0.004327044
Cold,144042,929,928,2261,1346,1,-0.00014153984
Cold,4736,34,33,2261,1346,1,0.008877845
Cold,3563,26,25,2261,1346,0,0.0053680325
Cold,65924,442,441,2261,1346,0,-0.0024360544
Cold,347863,2041,2040,2261,1346,0,0.00087036705
Cold,79112,531,530,2261,1346,0,0.0032211314
Cold,237612,1447,1446,2261,1346,0,0.007605118
Cold,605111,3679,3678,2261,1346,1,0.00944992
Cold,954293,5761,5760,2261,1346,0,0.0045805965
Cold,258295,1584,1583,2261,1346,1,0.010968663
Cold,317503,1889,1888,2261,1346,0,0.0077105444
Cold,101942,678,677,2261,1346,1,0.006890473
Cold,206646,1266,1265,2261,1346,1,-0.00020274147
Cold,134012,869,868,2261,1346,0,0.010630788
Cold,893206,5394,5393,2261,1346,0,-0.0034402316
Cold,206248,1265,1264,2261,1346,0,0.0016188598
Cold,62566,424,423,2261,1346,1,0.0023718155
Cold,311210,1854,1853,2261,1346,0,0.008453794
Cold,468238,2887,2886,2261,1346,1,0.0038213078
Cold,144352,930,929,2261,1346,1,-0.00013998232
Cold,193427,1194,1193,2261,1346,0,0.0001442919
Cold,709894,4258,4257,2261,1346,0,0.0042613074
Cold,629070,3808,3807,2263,1348,0,-0.0039030984
Cold,637732,3841,3840,2263,1348,0,0.0075913295
Cold,764328,4543,4542,2263,1348,1,0.0071129175
Cold,625409,3780,3779,2263,1348,1,0.006065742
Cold,624480,3778,3777,2263,1348,0,0.0014154348
Cold,603974,3675,3674,2263,1348,0,-0.0019744253
Cold,725763,4344,4343,2263,1348,0,0.0054612528
Cold,632943,3824,3823,2263,1348,1,0.004390812
Cold,590634,3603,3602,2263,1348,0,0.0062251333
Cold,583197,3562,3561,2263,1348,1,0.0017012546
Cold,580794,3547,3546,2263,1348,0,-0.0015896831
Cold,745236,4448,4447,2263,1348,1,0.0072346935
Cold,568953,3491,3490,2263,1348,0,0.0006888738
Cold,563588,3469,3468,2263,1348,1,0.00047813402
Cold,555628,3416,3415,2263,1348,1,-0.0054392945
Cold,549744,3391,3390,2263,1348,1,0.01063587
Cold,528016,3265,3264,2263,1348,0,-0.0035930185
Cold,526642,3259,3258,2263,1348,1,0.00543584
Cold,515289,3182,3181,2263,1348,0,0.008868236
Cold,511445,3155,3154,2263,1348,1,-0.00041703857
Cold,605580,3681,3680,2263,1348,1,0.012345576
Cold,522193,3224,3223,2263,1348,0,0.0019928867
Cold,503233,3091,3090,2263,1348,1,0.008208598
Cold,575109,3519,3518,2263,1348,0,0.0034695175
Cold,499131,3067,3066,2263,1348,0,0.004009001
Cold,495550,3044,3043,2263,1348,1,-0.003033822
Cold,493790,3032,3031,2263,1348,1,-0.00082290545
Cold,628502,3807,3806,2263,1348,0,0.007501949
Cold,659036,3971,3970,2263,1348,0,0.004713439
Cold,491538,3024,3023,2263,1348,0,-0.0010483143
Cold,561443,3454,3453,2263,1348,0,0.0072266194
Cold,487794,3001,3000,2263,1348,0,-0.00024891796
Cold,529435,3272,3271,2263,1348,1,0.006699359
Cold,479983,2946,2945,2263,1348,0,-0.0016389539
Cold,484801,2986,2985,2263,1348,0,0.008231919
Cold,553720,3410,3409,2263,1348,0,0.0014417057
Cold,463038,2857,2856,2263,1348,0,0.00011632615
Cold,457648,2820,2819,2263,1348,1,0.009973982
Cold,446293,2752,2751,2263,1348,0,-0.0031001251
Cold,564152,3471,3470,2263,1348,0,-0.0062101823
Cold,433943,2645,2644,2263,1348,1,0.012625763
Cold,432541,2638,2637,2263,1348,0,-0.0027615053
Cold,395043,2334,2333,2263,1348,1,0.0054043755
Cold,391002,2298,2297,2263,1348,0,0.0052006873
Cold,436150,2665,2664,2263,1348,1,0.0014985166
Cold,352600,2064,2063,2263,1348,0,0.005509494
Cold,371535,2172,2171,2263,1348,0,-0.005225417
Cold,359893,2105,2104,2263,1348,0,0.017160974
Cold,306058,1822,1821,2263,1348,0,0.00045274803
Cold,306516,1827,1826,2263,1348,0,-0.0008175592
Cold,301175,1790,1789,2263,1348,1,0.0065634786
Cold,291130,1737,1736,2263,1348,1,0.008703103
Cold,306320,1825,1824,2263,1348,1,-0.0043164496
Cold,260595,1593,1592,2263,1348,0,0.009527316
Cold,251675,1523,1522,2263,1348,0,0.0031222464
Cold,391914,2304,2303,2263,1348,0,-0.007767449
Cold,296310,1758,1757,2263,1348,0,0.009045659
Cold,277412,1676,1675,2263,1348,0,0.008107321
Cold,205597,1264,1263,2263,1348,0,0.0034037554
Cold,209963,1284,1283,2263,1348,0,0.0035737748
Cold,278637,1680,1679,2263,1348,1,0.007850564
Cold,327606,1941,1940,2263,1348,0,0.0092058005
Cold,182331,1138,1137,2263,1348,1,0.007970567
Cold,180147,1128,1127,2263,1348,0,0.010290873
Cold,179006,1124,1123,2263,1348,1,0.0062618703
Cold,248655,1501,1500,2263,1348,1,-0.005972582
Cold,212759,1297,1296,2263,1348,0,0.0073081567
Cold,156533,1010,1009,2263,1348,0,0.008358563
Cold,131724,854,853,2263,1348,1,-0.0063943285
Cold,126092,813,812,2263,1348,0,-0.002071632
Cold,324290,1922,1921,2263,1348,1,0.009010944
Cold,272019,1645,1644,2263,1348,1,0.0033070303
Cold,104793,695,694,2263,1348,1,0.0050503304
Cold,115851,752,751,2263,1348,0,0.0018603046
Cold,331308,1958,1957,2263,1348,1,0.0004946096
Cold,210581,1285,1284,2263,1348,0,0.005555979
Cold,103295,687,686,2263,1348,0,0.00605022
Cold,113193,735,734,2263,1348,1,0.012847744
Cold,239676,1449,1448,2263,1348,0,-0.0056552086
Cold,351396,2063,2062,2263,1348,1,0.008693218
Cold,92681,621,620,2263,1348,0,-0.0034583667
Cold,283870,1698,1697,2263,1348,0,-0.0003286181
Cold,82745,549,548,2263,1348,1,-0.00052449247
Cold,75821,516,515,2263,1348,0,0.004578744
Cold,86469,566,565,2263,1348,0,-0.0013127081
Cold,70639,476,475,2263,1348,0,0.0034728674
Cold,64783,435,434,2263,1348,0,-0.007847594
Cold,51094,337,336,2263,1348,1,-0.004858995
Cold,132261,855,854,2263,1348,0,-0.004828115
Cold,110573,721,720,2263,1348,1,0.01030026
Cold,638888,3842,3841,2263,1348,0,0.011251914
Cold,238587,1448,1447,2263,1348,1,-0.0031252177
Cold,38801,264,263,2263,1348,1,-0.0047672205
Cold,23016,166,165,2263,1348,0,-0.0019888438
Cold,15431,123,122,2263,1348,0,0.007525752
Cold,2697,22,21,2263,1348,0,0.0029236646
Cold,104123,692,691,2263,1348,0,-0.0021267014
Cold,481608,2962,2961,2263,1348,0,0.0035241265
Cold,89118,588,587,2263,1348,0,-0.0014859939
Cold,27944,195,194,2263,1348,1,0.012141456
Cold,140612,904,903,2263,1348,0,-0.0050217723
Cold,181852,1137,1136,2263,1348,1,0.0032636155
Cold,366061,2131,2130,2263,1348,0,-0.009047126
Cold,298949,1776,1775,2263,1348,1,0.0018119384
Cold,164260,1051,1050,2263,1348,0,0.0024672067
Cold,101946,678,677,2263,1348,1,0.006793963
Cold,262995,1605,1604,2263,1348,1,0.009689616
Cold,79114,531,530,2263,1348,1,0.005964109
Cold,230436,1395,1394,2263,1348,1,-0.0002245605
Cold,570918,3503,3502,2263,1348,0,-0.004740868
Cold,322076,1912,1911,2263,1348,0,0.00756383
Cold,240965,1451,1450,2263,1348,0,0.00037914235
Cold,473206,2909,2908,2263,1348,0,0.007336442
Cold,565383,3475,3474,2263,1348,0,0.0021789598
Cold,62568,424,423,2263,1348,0,0.0072676726
Cold,327609,1941,1940,2264,1349,0,-0.011379598
Cold,335273,1979,1978,2264,1349,0,-0.002070636
Cold,156534,1010,1009,2264,1349,0,-0.0045254463
Cold,154723,999,998,2264,1349,0,0.0012612108
Cold,239678,1449,1448,2264,1349,0,0.0038880394
Cold,190403,1181,1180,2264,1349,0,-0.019625567
Cold,71772,482,481,2264,1349,0,-0.011835413
Cold,68544,461,460,2264,1349,0,-0.011522487
Cold,59707,406,405,2264,1349,0,-0.003199329
Cold,132262,855,854,2264,1349,0,-0.007805772
Cold,638889,3842,3841,2264,1349,1,0.0012006725
Cold,238588,1448,1447,2264,1349,0,-0.0037040254
Cold,219032,1329,1328,2264,1349,0,-0.0063289995
Cold,7544,53,52,2264,1349,0,-0.0073476904
Cold,27945,195,194,2264,1349,1,-0.008693005
Cold,354698,2077,2076,2264,1349,1,-0.01029836
Cold,893207,5394,5393,2264,1349,0,-0.01531277
Cold,720349,4312,4311,2264,1349,0,-0.006312384
Cold,609554,3695,3694,2264,1349,0,-0.007128846
Cold,933764,5636,5635,2264,1349,0,-0.004479485
Cold,699882,4186,4185,2264,1349,0,-0.0148866195
Cold,62570,424,423,2264,1349,0,-0.0052046394
Cold,656030,3953,3952,2264,1349,0,-0.00092311366
Cold,329127,1943,1942,2265,1350,0,0.008624742
Cold,83879,550,549,2265,1350,1,0.005943473
Cold,119010,770,769,2265,1350,0,0.0077354214
Cold,251055,1516,1515,2265,1350,0,0.003919891
Cold,57926,392,391,2265,1350,0,0.008292768
Cold,51095,337,336,2265,1350,0,0.0066199014
Cold,132264,855,854,2265,1350,0,0.0121521335
Cold,44293,302,301,2265,1350,0,0.0005629081
Cold,40254,272,271,2265,1350,1,0.0048906407
Cold,219034,1329,1328,2265,1350,0,0.0022543545
Cold,29646,202,201,2265,1350,0,0.012354521
Cold,2701,22,21,2265,1350,1,0.0047852257
Cold,65926,442,441,2265,1350,0,0.010162493
Cold,78263,528,527,2265,1350,0,0.012481157
Cold,237617,1447,1446,2265,1350,0,0.012050542
Cold,54379,355,354,2265,1350,0,-0.001659774
Cold,362704,2116,2115,2265,1350,0,0.004693608
Cold,342193,2015,2014,2265,1350,1,0.0016724401
Cold,159816,1019,1018,2265,1350,0,0.004276037
Cold,699883,4186,4185,2265,1350,0,0.0019536484
Cold,171257,1088,1087,2265,1350,0,0.0034205308
Cold,893209,5394,5393,2265,1350,0,0.007591136
Cold,549748,3391,3390,2265,1350,0,-0.0010855203
Cold,721384,4318,4317,2266,1351,0,-0.00014942302
Cold,686272,4105,4104,2266,1351,0,-0.0008790437
Cold,679985,4077,4076,2266,1351,0,0.009772234
Cold,678186,4064,4063,2266,1351,0,0.0010916349
Cold,677397,4060,4059,2266,1351,1,0.002999769
Cold,673948,4048,4047,2266,1351,1,-0.0054016993
Cold,663753,3999,3998,2266,1351,0,-0.0016112397
Cold,660334,3981,3980,2266,1351,0,-0.005062826
Cold,656816,3958,3957,2266,1351,0,0.009217093
Cold,652332,3934,3933,2266,1351,0,0.0059237373
Cold,686416,4107,4106,2266,1351,0,0.0016865165
Cold,629077,3808,3807,2266,1351,0,0.006182749
Cold,624484,3778,3777,2266,1351,0,0.0051599187
Cold,618824,3751,3750,2266,1351,0,0.009145614
Cold,612385,3713,3712,2266,1351,1,0.002008287
Cold,726658,4345,4344,2266,1351,0,-0.010767387
Cold,610865,3705,3704,2266,1351,0,0.0017367494
Cold,591479,3609,3608,2266,1351,0,6.409641e-05
Cold,589376,3594,3593,2266,1351,0,0.0025010002
Cold,588979,3592,3591,2266,1351,1,-0.006768523
Cold,580795,3547,3546,2266,1351,1,0.0047581266
Cold,567255,3483,3482,2266,1351,0,0.0024339762
Cold,568956,3491,3490,2266,1351,1,0.00088565354
Cold,562023,3458,3457,2266,1351,0,-0.0036607378
Cold,559804,3441,3440,2266,1351,0,0.0013156917
Cold,573414,3512,3511,2266,1351,0,0.0068363175
Cold,658250,3967,3966,2266,1351,0,0.00023976015
Cold,541990,3336,3335,2266,1351,0,0.00049022294
Cold,540926,3328,3327,2266,1351,1,-0.011058154
Cold,535769,3308,3307,2266,1351,1,0.0059047784
Cold,522197,3224,3223,2266,1351,0,-0.0054695886
Cold,520258,3209,3208,2266,1351,0,-0.0038102278
Cold,519902,3208,3207,2266,1351,0,0.009785355
Cold,518071,3197,3196,2266,1351,0,-0.0018987397
Cold,516814,3191,3190,2266,1351,0,-0.0014201449
Cold,521335,3217,3216,2266,1351,1,0.001331253
Cold,512589,3163,3162,2266,1351,1,0.009389663
Cold,542773,3340,3339,2266,1351,0,0.0018978359
Cold,502804,3087,3086,2266,1351,0,0.0073104673
Cold,516287,3189,3188,2266,1351,0,0.008050729
Cold,549749,3391,3390,2266,1351,1,-0.003337563
Cold,492493,3029,3028,2266,1351,1,0.0026197634
Cold,489880,3014,3013,2266,1351,1,0.0032193135
Cold,484805,2986,2985,2266,1351,0,0.0077755414
Cold,477855,2934,2933,2266,1351,0,0.0006867326
Cold,472316,2907,2906,2266,1351,0,-0.004848284
Cold,594685,3620,3619,2266,1351,0,-0.0004339458
Cold,453489,2793,2792,2266,1351,1,-0.0030249818
Cold,452218,2785,2784,2266,1351,0,0.006586901
Cold,450556,2777,2776,2266,1351,0,0.0014380298
Cold,445081,2745,2744,2266,1351,0,-0.0037163575
Cold,442733,2728,2727,2266,1351,0,0.0031336292
Cold,438755,2681,2680,2266,1351,0,-0.0022701328
Cold,420390,2541,2540,2266,1351,0,0.006912996
Cold,419235,2533,2532,2266,1351,1,-0.0018855473
Cold,416010,2506,2505,2266,1351,0,0.0018261885
Cold,400244,2383,2382,2266,1351,0,-0.007851673
Cold,399410,2378,2377,2266,1351,0,0.0038138009
Cold,393836,2320,2319,2266,1351,0,0.0032982768
Cold,418447,2529,2528,2266,1351,0,-0.0043001506
Cold,383327,2240,2239,2266,1351,1,-0.0018132073
Cold,377092,2203,2202,2266,1351,0,0.0028915722
Cold,353646,2072,2071,2266,1351,1,0.0021917736
Cold,345026,2024,2023,2266,1351,0,0.011252201
Cold,343028,2016,2015,2266,1351,1,-0.004657746
Cold,343506,2018,2017,2266,1351,0,-0.0028227903
Cold,350882,2060,2059,2266,1351,0,-0.0012794461
Cold,312203,1861,1860,2266,1351,1,0.005286151
Cold,295938,1757,1756,2266,1351,0,0.0020919014
Cold,298951,1776,1775,2266,1351,0,0.0045255693
Cold,286209,1709,1708,2266,1351,0,0.0058540106
Cold,251795,1524,1523,2266,1351,0,0.0017819507
Cold,242607,1465,1464,2266,1351,0,0.0074811
Cold,335482,1980,1979,2266,1351,0,-0.0043809637
Cold,272650,1647,1646,2266,1351,0,0.004980793
Cold,205598,1264,1263,2266,1351,0,0.0031245514
Cold,203833,1254,1253,2266,1351,0,0.007755032
Cold,202309,1244,1243,2266,1351,0,0.0003152555
Cold,278644,1680,1679,2266,1351,1,0.008249344
Cold,337942,1988,1987,2266,1351,0,0.008014808
Cold,186735,1156,1155,2266,1351,0,-0.0012890018
Cold,175317,1112,1111,2266,1351,0,0.0054276534
Cold,167378,1066,1065,2266,1351,0,-0.0051378068
Cold,272021,1645,1644,2266,1351,1,0.003408336
Cold,158884,1016,1015,2266,1351,0,0.0011902475
Cold,154561,998,997,2266,1351,0,-0.015340341
Cold,152836,984,983,2266,1351,1,-0.0023346301
Cold,324291,1922,1921,2266,1351,0,0.0033680983
Cold,143606,927,926,2266,1351,0,0.002066996
Cold,142311,919,918,2266,1351,0,-0.00024135946
Cold,141130,910,909,2266,1351,1,0.0041740686
Cold,137784,889,888,2266,1351,0,-0.010728102
Cold,380120,2223,2222,2266,1351,0,0.012142057
Cold,134962,873,872,2266,1351,1,-0.00016757642
Cold,134018,869,868,2266,1351,0,-0.0018206523
Cold,131727,854,853,2266,1351,0,0.007676624
Cold,332473,1962,1961,2266,1351,0,-0.0012195914
Cold,123066,795,794,2266,1351,0,-0.0066292766
Cold,177897,1120,1119,2266,1351,1,-0.0053623696
Cold,360472,2106,2105,2266,1351,0,-0.002526155
Cold,112269,731,730,2266,1351,1,-0.002943687
Cold,103631,689,688,2266,1351,1,-0.00971631
Cold,179413,1125,1124,2266,1351,0,-0.0019090283
Cold,176710,1117,1116,2266,1351,0,-0.0012343659
Cold,98581,660,659,2266,1351,0,0.0068748426
Cold,104127,692,691,2266,1351,0,0.0005660495
Cold,82750,549,548,2266,1351,1,3.161328e-05
Cold,101254,676,675,2266,1351,0,0.0030616708
Cold,76594,520,519,2266,1351,0,0.0032158983
Cold,87040,569,568,2266,1351,1,-0.005239547
Cold,78264,528,527,2266,1351,0,-0.0015508025
Cold,132265,855,854,2266,1351,0,0.006933212
Cold,697062,4169,4168,2266,1351,1,0.00030037668
Cold,38804,264,263,2266,1351,0,0.00066168094
Cold,21231,156,155,2266,1351,0,0.006698387
Cold,6325,45,44,2266,1351,1,0.011468018
Cold,3573,26,25,2266,1351,0,0.00037134578
Cold,20651,151,150,2266,1351,0,0.006646316
Cold,439778,2688,2687,2266,1351,0,-0.003220861
Cold,354700,2077,2076,2266,1351,0,0.003146823
Cold,889111,5367,5366,2266,1351,0,-0.007433222
Cold,975276,5880,5879,2266,1351,0,0.0076834476
Cold,860259,5172,5171,2266,1351,0,-0.0038919738
Cold,682170,4085,4084,2266,1351,1,-0.0011379458
Cold,680513,4079,4078,2266,1351,0,-0.002338382
Cold,883266,5333,5332,2266,1351,0,-0.008866588
Cold,144751,934,933,2266,1351,0,-0.00593927
Cold,195220,1203,1202,2266,1351,0,-0.0052508144
Cold,986749,5956,5955,2266,1351,0,0.005286908
Cold,52066,343,342,2266,1351,1,-5.2993186e-05
Cold,587678,3589,3588,2266,1351,1,0.009076861
Cold,95698,641,640,2266,1351,1,0.002850834
Cold,413616,2489,2488,2266,1351,0,0.008380912
Cold,324855,1925,1924,2266,1351,0,0.008320855
Cold,295529,1755,1754,2266,1351,0,0.001483833
Cold,82752,549,548,2267,1352,0,-0.003681631
Cold,697063,4169,4168,2267,1352,1,-0.0071710516
Cold,32682,221,220,2267,1352,0,0.00045204023
Cold,638893,3842,3841,2267,1352,0,-0.0052880263
Cold,15433,123,122,2267,1352,0,0.0097527215
Cold,206647,1266,1265,2267,1352,0,-0.0021703274
Cold,481614,2962,2961,2267,1352,0,0.00016373699
Cold,157771,1015,1014,2267,1352,0,-0.0127963945
Cold,76595,520,519,2267,1352,1,-0.0058927108
Cold,150403,970,969,2267,1352,0,0.0014490272
Cold,689743,4126,4125,2267,1352,0,0.0013121394
Cold,232496,1413,1412,2267,1352,1,-0.004997736
Cold,49977,331,330,2267,1352,1,-0.0038109836
Cold,324856,1925,1924,2267,1352,1,-0.006686811
Cold,844228,5074,5073,2271,1355,1,0.0038278094
Cold,571868,3507,3506,2271,1355,0,0.0030627365
Cold,778120,4647,4646,2271,1355,1,0.004328077
Cold,497081,3054,3053,2271,1355,0,0.004881857
Cold,631348,3821,3820,2271,1355,0,-0.00048039248
Cold,301991,1794,1793,2271,1355,0,0.0012250305
Cold,335502,1980,1979,2271,1355,1,0.0147761805
Cold,960376,5792,5791,2271,1355,1,0.0006461013
Cold,322096,1912,1911,2271,1355,0,-0.00016758684
Cold,581220,3550,3549,2271,1355,0,0.011461519
Cold,388322,2272,2271,2271,1355,1,0.0022986236
Cold,289965,1733,1732,2271,1355,0,-0.0002839333
Cold,115867,752,751,2271,1355,1,0.003287649
Cold,941619,5682,5681,2271,1355,1,0.0050787334
Cold,764339,4543,4542,2271,1355,0,-0.0036596474
Cold,974542,5878,5877,2271,1355,0,-0.0024065997
Cold,334941,1976,1975,2272,1356,0,-0.0063968953
Cold,328976,1942,1941,2272,1356,1,0.0025085048
Cold,292124,1741,1740,2272,1356,1,0.008089393
Cold,274982,1666,1665,2272,1356,0,-0.003307277
Cold,278676,1680,1679,2272,1356,1,0.0026921867
Cold,267476,1626,1625,2272,1356,1,0.0015611519
Cold,189244,1173,1172,2272,1356,0,-0.0022599646
Cold,186806,1157,1156,2272,1356,0,0.00084195484
Cold,263009,1605,1604,2272,1356,1,-0.0014548196
Cold,168228,1069,1068,2272,1356,1,-0.0008353489
Cold,167176,1064,1063,2272,1356,0,0.00071011274
Cold,148656,957,956,2272,1356,1,-0.007816512
Cold,270733,1639,1638,2272,1356,1,-0.009115504
Cold,143245,924,923,2272,1356,1,-0.0004301616
Cold,131734,854,853,2272,1356,0,0.011261858
Cold,117155,755,754,2272,1356,1,0.004249908
Cold,115868,752,751,2272,1356,1,0.0016705324
Cold,114702,746,745,2272,1356,1,-0.005166257
Cold,779022,4653,4652,2272,1356,0,-0.008273876
Cold,105868,699,698,2272,1356,0,-0.0026115677
Cold,332481,1962,1961,2272,1356,0,-0.0032341979
Cold,697083,4169,4168,2272,1356,1,-0.0051056943
Cold,360483,2106,2105,2272,1356,1,0.0058411965
Cold,432052,2634,2633,2272,1356,1,-0.0010788372
Cold,85504,558,557,2272,1356,1,0.0019263506
Cold,82772,549,548,2272,1356,0,-0.0064724544
Cold,198114,1218,1217,2272,1356,1,-0.004499184
Cold,238608,1448,1447,2272,1356,1,-0.00059005385
Cold,228017,1383,1382,2272,1356,0,-0.0019879423
Cold,76599,520,519,2272,1356,0,-0.0062967422
Cold,70068,474,473,2272,1356,0,0.0025188103
Cold,155216,1001,1000,2272,1356,1,-0.00020776503
Cold,61183,412,411,2272,1356,1,-0.0040473584
Cold,31879,216,215,2272,1356,0,0.009024058
Cold,28595,197,196,2272,1356,1,0.0017483009
Cold,13821,111,110,2272,1356,0,-0.0009759448
Cold,9180,62,61,2272,1356,1,0.0062990664
Cold,1612,15,14,2272,1356,0,-0.0028644982
Cold,578163,3532,3531,2272,1356,0,0.0043735327
Cold,223312,1354,1353,2272,1356,0,-0.0053636543
Cold,49997,331,330,2272,1356,1,-0.007198209
Cold,79130,531,530,2272,1356,0,0.00050602946
Cold,4502,33,32,2272,1356,0,-0.0048942682
Cold,89127,588,587,2272,1356,0,0.006751618
Cold,157791,1015,1014,2272,1356,1,0.0020826245
Cold,394926,2333,2332,2272,1356,1,0.00016362133
Cold,416374,2507,2506,2272,1356,0,-0.004275114
Cold,18614,146,145,2272,1356,1,-0.0010234475
Cold,713650,4277,4276,2272,1356,1,-0.013196602
Cold,992937,5998,5997,2272,1356,1,-0.004048038
Cold,285150,1701,1700,2272,1356,0,-0.005251054
Cold,193443,1194,1193,2272,1356,1,-0.002133065
Cold,74598,509,508,2275,1358,1,-0.0007549756
Cold,65183,438,437,2275,1358,1,-0.004034226
Cold,289970,1733,1732,2275,1358,1,0.0004927642
Cold,561146,3453,3452,2275,1358,0,-0.0029831505
Cold,895517,5412,5411,2275,1358,1,0.0041184463
Cold,927806,5605,5604,2275,1358,0,0.0048482358
Cold,467268,2880,2879,2275,1358,1,0.005934523
Cold,947955,5723,5722,2275,1358,0,0.004992928
Cold,770092,4589,4588,2275,1358,0,0.005393086
Cold,632966,3824,3823,2275,1358,0,0.0015862086
Cold,230440,1395,1394,2275,1358,1,-0.009891171
Cold,26304,187,186,2276,1359,0,-0.0001830206
Cold,133410,862,861,2276,1359,0,-0.0023484016
Cold,223317,1354,1353,2276,1359,0,-0.0026366888
Cold,484830,2986,2985,2276,1359,0,-0.002775134
Cold,713655,4277,4276,2276,1359,0,0.0010261098
Cold,204436,1260,1259,2276,1359,0,0.0016647181
Cold,908258,5493,5492,2276,1359,0,-0.0012304
Cold,147887,953,952,2276,1359,1,0.007634109
Cold,27514,193,192,2276,1359,1,0.00087170966
Cold,171282,1088,1087,2276,1359,1,-0.0069685923
Cold,364581,2124,2123,2280,1362,1,-0.00051098666
Cold,351151,2062,2061,2280,1362,1,-0.010076093
Cold,349458,2051,2050,2280,1362,0,-0.007770067
Cold,340440,2010,2009,2280,1362,0,-0.0023461564
Cold,289979,1733,1732,2280,1362,0,-0.0017387923
Cold,281507,1688,1687,2280,1362,0,-0.000109333545
Cold,274991,1666,1665,2280,1362,1,-0.013960643
Cold,304222,1807,1806,2280,1362,0,0.0051523475
Cold,259319,1587,1586,2280,1362,0,0.0054589463
Cold,337962,1988,1987,2280,1362,0,-0.0065252995
Cold,213843,1299,1298,2280,1362,0,-0.004225373
Cold,214673,1303,1302,2280,1362,0,-0.016995572
Cold,294169,1749,1748,2280,1362,0,-0.0035929
Cold,327665,1941,1940,2280,1362,0,-0.0068550445
Cold,330647,1952,1951,2280,1362,0,-0.0020916425
Cold,163660,1050,1049,2280,1362,0,0.00065112946
Cold,181237,1133,1132,2280,1362,0,0.0034702027
Cold,212773,1297,1296,2280,1362,1,-0.0057022492
Cold,195237,1203,1202,2280,1362,1,-0.0022376748
Cold,184923,1150,1149,2280,1362,0,-0.016915813
Cold,139684,894,893,2280,1362,1,-0.0072686663
Cold,139576,893,892,2280,1362,0,-0.01267266
Cold,335520,1980,1979,2280,1362,1,-0.016495109
Cold,298020,1767,1766,2280,1362,0,-0.0023023714
Cold,124758,802,801,2280,1362,1,-0.0023122681
Cold,175948,1113,1112,2280,1362,1,0.0005078546
Cold,117368,757,756,2280,1362,0,-0.0010261484
Cold,114711,746,745,2280,1362,0,-0.0013133017
Cold,107709,710,709,2280,1362,0,0.0018314472
Cold,203461,1248,1247,2280,1362,0,-0.0077490928
Cold,176733,1117,1116,2280,1362,0,-0.0031596734
Cold,110597,721,720,2280,1362,1,-0.010287989
Cold,87556,573,572,2280,1362,1,-0.0032672067
Cold,308393,1837,1836,2280,1362,0,-0.010949226
Cold,77219,524,523,2280,1362,0,-0.0053947656
Cold,80023,533,532,2280,1362,1,-0.0061340565
Cold,197233,1211,1210,2280,1362,1,0.0006015727
Cold,115890,752,751,2280,1362,1,-0.007934786
Cold,71797,482,481,2280,1362,1,-0.0027038984
Cold,427205,2593,2592,2280,1362,1,-0.0011662827
Cold,805882,4823,4822,2280,1362,0,-0.0057342546
Cold,40285,272,271,2280,1362,1,-0.013236148
Cold,36973,249,248,2280,1362,0,0.0062042307
Cold,33378,225,224,2280,1362,0,-0.007893164
Cold,22391,163,162,2280,1362,0,-0.005275058
Cold,238622,1448,1447,2280,1362,0,-0.0047768746
Cold,13743,110,109,2280,1362,1,-0.0115928445
Cold,104148,692,691,2280,1362,1,-0.011660276
Cold,19874,149,148,2280,1362,1,-0.007732723
Cold,209981,1284,1283,2280,1362,1,-0.009280577
Cold,360499,2106,2105,2280,1362,0,0.003171153
Cold,109706,716,715,2280,1362,1,-0.009301288
Cold,713663,4277,4276,2280,1362,0,-0.006578762
Cold,697096,4169,4168,2280,1362,0,-0.007868392
Cold,784356,4682,4681,2280,1362,0,-0.002355947
Cold,772863,4607,4606,2280,1362,1,-0.007183439
Cold,50012,331,330,2280,1362,1,0.002791844
Cold,868261,5242,5241,2280,1362,0,-0.0012051606
Cold,499159,3067,3066,2280,1362,1,-0.008632075
Cold,893219,5394,5393,2280,1362,0,-0.008266715
Cold,67700,454,453,2280,1362,0,-0.0029257922
Cold,304682,1812,1811,2280,1362,0,-0.0054816
Cold,96555,648,647,2280,1362,1,0.00022595326
Cold,193454,1194,1193,2280,1362,1,-0.009551359
Cold,129193,839,838,2280,1362,1,0.0008567504
Cold,123071,795,794,2283,1364,0,0.00093216705
Cold,584934,3570,3569,2290,1368,0,-0.00053170766
Cold,580273,3544,3543,2290,1368,1,0.00062256213
Cold,576899,3526,3525,2290,1368,0,0.0025994957
Cold,576086,3521,3520,2290,1368,0,-0.0017081605
Cold,580428,3546,3545,2290,1368,0,-0.0031283638
Cold,593444,3618,3617,2290,1368,0,-0.0019718916
Cold,562881,3463,3462,2290,1368,0,-0.0035591945
Cold,560324,3444,3443,2290,1368,0,-0.002799807
Cold,552883,3402,3401,2290,1368,0,0.007960595
Cold,532678,3290,3289,2290,1368,0,0.006558037
Cold,533059,3292,3291,2290,1368,0,0.004066108
Cold,524934,3241,3240,2290,1368,0,-0.0038139492
Cold,522261,3224,3223,2290,1368,1,-0.0025751102
Cold,697111,4169,4168,2290,1368,0,-0.00259506
Cold,503378,3093,3092,2290,1368,0,-0.0015539466
Cold,924074,5580,5579,2290,1368,0,-0.00066736387
Cold,499170,3067,3066,2290,1368,1,-0.00040854095
Cold,485720,2990,2989,2290,1368,0,0.002982784
Cold,484849,2986,2985,2290,1368,1,0.00386116
Cold,482588,2967,2966,2290,1368,0,-0.0018370026
Cold,409111,2456,2455,2290,1368,0,0.008939551
Cold,402182,2402,2401,2290,1368,0,0.004795677
Cold,378310,2208,2207,2290,1368,1,-0.0010325566
Cold,325234,1926,1925,2290,1368,1,0.0101257255
Cold,323081,1916,1915,2290,1368,1,-0.004105134
Cold,280732,1685,1684,2290,1368,0,0.00011246465
Cold,268841,1632,1631,2290,1368,0,0.0046966774
Cold,260013,1591,1590,2290,1368,1,-0.007880194
Cold,242637,1465,1464,2290,1368,0,-0.0040690834
Cold,217921,1322,1321,2290,1368,0,-0.008271407
Cold,220282,1335,1334,2290,1368,0,-0.0077131195
Cold,278725,1680,1679,2290,1368,1,0.0019703936
Cold,294176,1749,1748,2290,1368,0,0.00028338004
Cold,212401,1294,1293,2290,1368,1,-0.01633142
Cold,176495,1116,1115,2290,1368,0,-0.0025878197
Cold,319915,1899,1898,2290,1368,0,-0.004504145
Cold,184951,1150,1149,2290,1368,0,-0.0037325034
Cold,199299,1224,1223,2290,1368,1,0.0014495053
Cold,131012,850,849,2290,1368,0,0.0037976955
Cold,159863,1019,1018,2290,1368,1,-0.007025661
Cold,130172,843,842,2290,1368,1,-0.00092356524
Cold,210637,1285,1284,2290,1368,1,-0.0010237526
Cold,126262,816,815,2290,1368,0,0.005373223
Cold,887084,5359,5358,2290,1368,0,-0.0031386474
Cold,88723,587,586,2290,1368,0,0.008542705
Cold,82808,549,548,2290,1368,0,-0.0053715715
Cold,190498,1181,1180,2290,1368,0,-0.0032865661
Cold,83919,550,549,2290,1368,0,0.004718053
Cold,53579,352,351,2290,1368,0,0.0043014055
Cold,47337,319,318,2290,1368,0,-0.0019360215
Cold,9203,62,61,2290,1368,0,-0.000371553
Cold,357279,2092,2091,2290,1368,0,-0.003523515
Cold,105047,696,695,2290,1368,1,-0.002893325
Cold,18637,146,145,2290,1368,0,-0.0010553291
Cold,370899,2168,2167,2290,1368,0,6.505009e-05
Cold,249774,1505,1504,2290,1368,1,-0.004646817
Cold,289993,1733,1732,2290,1368,0,0.0045069708
Cold,276074,1671,1670,2290,1368,1,-0.009211712
Cold,546697,3371,3370,2290,1368,1,0.00028705038
Cold,335543,1980,1979,2290,1368,1,0.0025210963
Cold,322127,1912,1911,2290,1368,0,-0.0033945073
Cold,697118,4169,4168,2295,1371,1,0.0002359373
Cold,82196,546,545,2295,1371,1,0.0036190297
Cold,190506,1181,1180,2295,1371,1,-0.0031384586
Cold,45856,308,307,2295,1371,1,0.0015981169
Cold,54410,355,354,2295,1371,0,-0.0022505964
Cold,31493,214,213,2295,1371,0,0.009616568
Cold,21497,157,156,2295,1371,1,0.0021974354
Cold,357282,2092,2091,2295,1371,1,0.00038823183
Cold,206687,1266,1265,2295,1371,1,-0.00011060038
Cold,893227,5394,5393,2295,1371,1,-0.00018973183
Cold,317532,1889,1888,2295,1371,1,-0.00646504
Cold,171329,1088,1087,2295,1371,0,-0.003667962
Cold,187509,1164,1163,2295,1371,1,-0.0065811784
Cold,549812,3391,3390,2295,1371,1,-0.0017917464
Cold,450172,2776,2775,2296,1372,1,-0.007557693
Cold,450607,2777,2776,2296,1372,1,-0.015361711
Cold,399423,2378,2377,2296,1372,0,-0.0040718694
Cold,436188,2665,2664,2296,1372,1,0.0023803534
Cold,391966,2304,2303,2296,1372,0,-0.0054292753
Cold,389879,2288,2287,2296,1372,0,-0.0007119975
Cold,378117,2206,2205,2296,1372,0,-0.005521303
Cold,375480,2188,2187,2296,1372,0,-0.0014998582
Cold,370439,2166,2165,2296,1372,1,-0.0021799055
Cold,358399,2098,2097,2296,1372,0,-0.0044162218
Cold,355882,2085,2084,2296,1372,0,0.0061514834
Cold,351455,2063,2062,2296,1372,0,-0.004725692
Cold,345045,2024,2023,2296,1372,1,0.010612998
Cold,341430,2012,2011,2296,1372,0,-0.0008465508
Cold,297331,1764,1763,2296,1372,1,-0.00461948
Cold,281169,1687,1686,2296,1372,0,-0.0036920626
Cold,271396,1641,1640,2296,1372,0,-0.004903806
Cold,275000,1666,1665,2296,1372,0,-0.0115935365
Cold,304227,1807,1806,2296,1372,0,-0.0013022164
Cold,309229,1841,1840,2296,1372,0,6.718782e-05
Cold,247531,1496,1495,2296,1372,0,-0.012668153
Cold,223339,1354,1353,2296,1372,0,0.0015977276
Cold,220285,1335,1334,2296,1372,0,-0.002186854
Cold,296741,1759,1758,2296,1372,0,0.0010193513
Cold,277449,1676,1675,2296,1372,1,-0.0126664275
Cold,196337,1207,1206,2296,1372,0,-0.006266731
Cold,192291,1184,1183,2296,1372,0,-0.0076193707
Cold,210645,1285,1284,2296,1372,0,-0.0047851214
Cold,173529,1100,1099,2296,1372,0,-0.0039626043
Cold,172804,1096,1095,2296,1372,0,-0.014520049
Cold,167700,1068,1067,2296,1372,0,-0.0073526707
Cold,166329,1059,1058,2296,1372,0,-0.003282826
Cold,163676,1050,1049,2296,1372,0,-0.0063211033
Cold,272048,1645,1644,2296,1372,0,-0.011491717
Cold,189258,1173,1172,2296,1372,0,-0.005490938
Cold,136312,881,880,2296,1372,0,-0.0011289888
Cold,131753,854,853,2296,1372,0,-0.0038907847
Cold,126096,813,812,2296,1372,0,-0.00089253153
Cold,124182,800,799,2296,1372,1,0.0005059354
Cold,117379,757,756,2296,1372,0,-0.0074348366
Cold,112307,731,730,2296,1372,0,0.0019259773
Cold,101275,676,675,2296,1372,0,-0.0050737867
Cold,109187,714,713,2296,1372,1,-0.0010765803
Cold,370901,2168,2167,2296,1372,1,-0.0014197179
Cold,96339,647,646,2296,1372,0,0.003255311
Cold,405964,2436,2435,2296,1372,1,0.0048278887
Cold,119041,770,769,2296,1372,1,-0.011839388
Cold,88725,587,586,2296,1372,0,-0.002715281
Cold,71813,482,481,2296,1372,1,-0.0054831877
Cold,115917,752,751,2296,1372,0,-0.006380783
Cold,70666,476,475,2296,1372,0,-0.002266483
Cold,68574,461,460,2296,1372,0,-0.0054408945
Cold,251069,1516,1515,2296,1372,0,-0.005011364
Cold,57121,386,385,2296,1372,0,-0.005327259
Cold,59382,403,402,2296,1372,0,-0.005390559
Cold,53588,352,351,2296,1372,0,0.00487703
Cold,52496,346,345,2296,1372,1,-0.0074225925
Cold,132293,855,854,2296,1372,0,-0.0050919726
Cold,44359,302,301,2296,1372,0,-0.0041809124
Cold,41720,284,283,2296,1372,0,-0.0016583907
Cold,55540,368,367,2296,1372,0,-0.000943413
Cold,31940,216,215,2296,1372,0,-0.0010098093
Cold,32882,223,222,2296,1372,0,-0.0044102753
Cold,291171,1737,1736,2296,1372,0,7.639453e-05
Cold,49287,329,328,2296,1372,0,-0.004704308
Cold,202938,1246,1245,2296,1372,1,0.0013506669
Cold,2437,19,18,2296,1372,0,0.0005788759
Cold,79162,531,530,2296,1372,0,-0.0050407294
Cold,78296,528,527,2296,1372,0,-0.001028321
Cold,954297,5761,5760,2296,1372,0,0.0016965221
Cold,362756,2116,2115,2296,1372,0,-0.0057988376
Cold,572741,3509,3508,2296,1372,0,-0.0019651535
Cold,105889,699,698,2296,1372,0,-0.0087991785
Cold,511786,3158,3157,2296,1372,0,-0.0137203075
Cold,331354,1958,1957,2296,1372,0,-0.0008392973
Cold,924075,5580,5579,2296,1372,0,-0.0015565619
Cold,195253,1203,1202,2296,1372,0,-0.017708916
Cold,52968,349,348,2296,1372,0,-0.0024091927
Cold,183482,1142,1141,2296,1372,0,-0.0030371733
Cold,342235,2015,2014,2296,1372,0,-0.0054602847
Cold,699896,4186,4185,2296,1372,0,-0.00078040035
Cold,941634,5682,5681,2296,1372,0,0.005041847
Cold,272687,1647,1646,2296,1372,0,-0.0029240297
Cold,28022,195,194,2296,1372,0,-0.007561813
Cold,341618,2012,2011,2306,1378,0,0.0074113444
Cold,340675,2010,2009,2306,1378,0,0.0003719572
Cold,299653,1778,1777,2306,1378,0,0.005460307
Cold,277731,1676,1675,2306,1378,0,0.0015946529
Cold,208005,1272,1271,2306,1378,0,0.00016576773
Cold,173692,1100,1099,2306,1378,0,0.003868116
Cold,172892,1096,1095,2306,1378,1,-0.001026589
Cold,328188,1941,1940,2306,1378,0,0.0022719472
Cold,276653,1673,1672,2306,1378,1,0.0009840913
Cold,227622,1380,1379,2306,1378,1,-0.0015902692
Cold,143677,927,926,2306,1378,0,-0.0008394555
Cold,120431,777,776,2306,1378,0,0.010190354
Cold,112501,731,730,2306,1378,0,-0.0005275721
Cold,77572,524,523,2306,1378,0,0.001585349
Cold,70803,476,475,2306,1378,1,0.0045919237
Cold,47203,319,318,2306,1378,0,0.00386345
Cold,697407,4169,4168,2306,1378,0,0.0031691734
Cold,31758,216,215,2306,1378,0,-0.001935883
Cold,31465,214,213,2306,1378,0,-0.0035616804
Cold,481848,2962,2961,2306,1378,0,0.0033973688
Cold,1243,11,10,2306,1378,0,0.004781429
Cold,371016,2168,2167,2306,1378,0,-0.0009896762
Cold,363067,2116,2115,2306,1378,0,-9.245239e-05
Cold,860319,5172,5171,2306,1378,1,4.4596847e-05
Cold,335180,1978,1977,2306,1378,0,0.0039399723
Cold,907817,5492,5491,2306,1378,0,0.0023483122
Cold,54332,355,354,2306,1378,0,0.008579685
Cold,475520,2918,2917,2306,1378,1,-0.0039404286
Cold,587942,3589,3588,2306,1378,0,0.0011198835
Cold,193683,1194,1193,2306,1378,0,-0.00065816566
Cold,438612,2680,2679,2310,1379,0,0.0036184858
Cold,421038,2544,2543,2310,1379,1,-0.007456323
Cold,413214,2485,2484,2310,1379,1,-0.009199886
Cold,412851,2484,2483,2310,1379,1,0.0009427875
Cold,381338,2230,2229,2310,1379,1,-0.0068089757
Cold,375892,2190,2189,2310,1379,1,-0.006703639
Cold,376732,2199,2198,2310,1379,1,0.0064865146
Cold,374121,2181,2180,2310,1379,1,-0.0073950444
Cold,372294,2174,2173,2310,1379,0,0.0023550973
Cold,354137,2073,2072,2310,1379,1,-0.0062108873
Cold,361679,2109,2108,2310,1379,0,-0.0024072584
Cold,352815,2065,2064,2310,1379,1,-0.00047713425
Cold,350555,2058,2057,2310,1379,1,0.0056441016
Cold,332690,1962,1961,2310,1379,1,0.0010104857
Cold,335975,1980,1979,2310,1379,0,-0.016510954
Cold,316283,1883,1882,2310,1379,0,-0.014609156
Cold,291836,1738,1737,2310,1379,1,-0.014519363
Cold,281816,1690,1689,2310,1379,0,0.0023610909
Cold,267585,1626,1625,2310,1379,1,-0.0010129741
Cold,264366,1608,1607,2310,1379,1,-0.001353813
Cold,256094,1561,1560,2310,1379,0,-0.0075261896
Cold,253895,1544,1543,2310,1379,1,0.0019147604
Cold,233079,1418,1417,2310,1379,1,-0.0022546325
Cold,227629,1380,1379,2310,1379,0,-0.00039167667
Cold,208814,1274,1273,2310,1379,1,0.002368332
Cold,199475,1224,1223,2310,1379,1,-0.016700074
Cold,200346,1230,1229,2310,1379,1,-0.012931155
Cold,189384,1173,1172,2310,1379,1,-0.0041244393
Cold,185360,1150,1149,2310,1379,0,-0.0036776196
Cold,182503,1139,1138,2310,1379,1,0.002655826
Cold,179923,1126,1125,2310,1379,1,-0.0018361136
Cold,205334,1263,1262,2310,1379,1,0.0011219083
Cold,168480,1069,1068,2310,1379,0,-0.0067459974
Cold,167890,1068,1067,2310,1379,1,-0.004422785
Cold,163863,1050,1049,2310,1379,0,0.0014632571
Cold,203594,1251,1250,2310,1379,0,-0.011240517
Cold,160878,1022,1021,2310,1379,1,0.006255173
Cold,148766,957,956,2310,1379,0,-0.0015077717
Cold,182039,1137,1136,2310,1379,1,0.0036025597
Cold,122347,789,788,2310,1379,0,-0.0046871626
Cold,122035,787,786,2310,1379,0,-0.00021840772
Cold,349304,2050,2049,2310,1379,0,-0.005142398
Cold,98248,657,656,2310,1379,1,-0.0017385844
Cold,99222,661,660,2310,1379,1,0.005106162
Cold,83188,549,548,2310,1379,0,-0.012586478
Cold,53453,352,351,2310,1379,1,-0.0057252627
Cold,155357,1001,1000,2310,1379,1,0.009799748
Cold,51642,339,338,2310,1379,0,-0.00074237655
Cold,35203,238,237,2310,1379,1,-0.0017617613
Cold,31781,216,215,2310,1379,1,-0.00663752
Cold,27883,195,194,2310,1379,1,0.0014756711
Cold,500479,3074,3073,2310,1379,1,-0.008725712
Cold,243417,1467,1466,2310,1379,0,0.011770498
Cold,15377,123,122,2310,1379,1,0.006336538
Cold,238999,1448,1447,2310,1379,1,-0.0061086104
Cold,9524,63,62,2310,1379,1,0.0052527008
Cold,8212,57,56,2310,1379,0,-0.003900491
Cold,66071,442,441,2310,1379,1,-0.0028401143
Cold,49936,331,330,2310,1379,0,-0.003937372
Cold,348066,2041,2040,2310,1379,1,-0.0034433743
Cold,117048,754,753,2310,1379,0,-0.00051259925
Cold,713908,4277,4276,2310,1379,1,-0.006021824
Cold,537967,3312,3311,2310,1379,1,-0.01455318
Cold,365780,2129,2128,2310,1379,0,0.0063049984
Cold,285343,1701,1700,2310,1379,1,-0.0070223645
Cold,164612,1051,1050,2310,1379,1,-0.009964747
Cold,171701,1088,1087,2310,1379,1,0.0016138
Cold,144945,934,933,2310,1379,0,-0.004671082
Cold,772942,4607,4606,2310,1379,1,-0.0037871476
Cold,24205,173,172,2310,1379,1,0.0012887282
Cold,187665,1164,1163,2310,1379,0,-0.008849079
Cold,143526,926,925,2310,1379,1,-0.0010364798
Cold,589116,3592,3591,2310,1379,1,-0.005301152
Cold,974631,5878,5877,2310,1379,1,-0.002611977
Cold,655947,3952,3951,2314,1383,1,0.0054950397
Cold,381339,2230,2229,2314,1383,0,0.0043139993
Cold,364800,2124,2123,2314,1383,1,0.012103861
Cold,343134,2016,2015,2314,1383,1,-0.0060291006
Cold,299658,1778,1777,2314,1383,0,-0.008515183
Cold,265814,1613,1612,2314,1383,0,0.0040859208
Cold,245168,1479,1478,2314,1383,0,0.008241507
Cold,236723,1437,1436,2314,1383,1,0.011082049
Cold,241251,1451,1450,2314,1383,1,-0.0024655662
Cold,244012,1470,1469,2314,1383,1,-0.00010488881
Cold,261789,1599,1598,2314,1383,1,-0.0050237384
Cold,211014,1285,1284,2314,1383,0,-0.0038674632
Cold,404022,2414,2413,2314,1383,1,0.009752086
Cold,200528,1231,1230,2314,1383,1,0.0008561596
Cold,175564,1112,1111,2314,1383,1,0.0023240512
Cold,148768,957,956,2314,1383,0,-0.0073942984
Cold,139198,890,889,2314,1383,0,0.0022212188
Cold,120441,777,776,2314,1383,0,-0.0050535067
Cold,116267,752,751,2314,1383,1,-0.0032038451
Cold,284230,1698,1697,2314,1383,0,-0.0007030559
Cold,87571,573,572,2314,1383,1,0.0010055173
Cold,84969,552,551,2314,1383,1,-0.0038936175
Cold,239003,1448,1447,2314,1383,0,0.0011160767
Cold,155360,1001,1000,2314,1383,1,-0.0021176133
Cold,47223,319,318,2314,1383,1,0.0036134305
Cold,697422,4169,4168,2314,1383,1,0.002141692
Cold,60511,411,410,2314,1383,0,0.0032156361
Cold,235011,1425,1424,2314,1383,0,-0.007942077
Cold,24806,175,174,2314,1383,0,0.008470881
Cold,15983,126,125,2314,1383,0,-0.0070110336
Cold,12653,97,96,2314,1383,1,-0.00024959678
Cold,9117,62,61,2314,1383,0,-0.00273741
Cold,658,8,7,2314,1383,0,0.009846959
Cold,27889,195,194,2314,1383,1,-0.0015821063
Cold,967358,5831,5830,2314,1383,0,-0.0024515986
Cold,182044,1137,1136,2314,1383,1,0.0040446445
Cold,49160,329,328,2314,1383,0,5.9321057e-05
Cold,257708,1579,1578,2314,1383,0,-0.00039373653
Cold,144948,934,933,2314,1383,1,-0.0017593883
Cold,964494,5812,5811,2314,1383,0,0.000423425
Cold,160634,1020,1019,2314,1383,1,0.010711651
Cold,375607,2188,2187,2314,1383,1,0.0001592855
Cold,76376,518,517,2314,1383,1,-0.0043620598
Cold,171708,1088,1087,2314,1383,1,0.007549729
Cold,621239,3762,3761,2315,1384,0,0.0063171308
Cold,596625,3626,3625,2315,1384,0,0.013346707
Cold,587231,3586,3585,2315,1384,0,0.000987317
Cold,532176,3285,3284,2315,1384,0,-0.0018064964
Cold,566298,3476,3475,2315,1384,0,0.008380245
Cold,507247,3121,3120,2315,1384,0,-0.006287921
Cold,499481,3067,3066,2315,1384,0,-0.0036071052
Cold,494207,3032,3031,2315,1384,1,-0.0048428043
Cold,718932,4305,4304,2315,1384,1,-0.008969371
Cold,483512,2972,2971,2315,1384,0,0.0018795924
Cold,457995,2820,2819,2315,1384,0,0.0049546007
Cold,466866,2878,2877,2315,1384,0,0.0023459073
Cold,441290,2702,2701,2315,1384,0,0.004135654
Cold,426510,2590,2589,2315,1384,1,0.0026251995
Cold,409657,2457,2456,2315,1384,0,0.005274822
Cold,406793,2444,2443,2315,1384,0,0.0015844016
Cold,387303,2264,2263,2315,1384,0,-0.004419506
Cold,371219,2169,2168,2315,1384,1,0.0035495649
Cold,368633,2155,2154,2315,1384,1,0.011677442
Cold,368816,2156,2155,2315,1384,0,0.0029182076
Cold,366182,2131,2130,2315,1384,0,0.005018425
Cold,358527,2098,2097,2315,1384,1,0.001193793
Cold,361682,2109,2108,2315,1384,0,0.0008404881
Cold,351930,2063,2062,2315,1384,0,-0.0013696018
Cold,323511,1919,1918,2315,1384,1,0.0022051316
Cold,297532,1764,1763,2315,1384,1,-0.0008730546
Cold,279364,1680,1679,2315,1384,1,0.00715584
Cold,285805,1705,1704,2315,1384,0,0.0014055558
Cold,277743,1676,1675,2315,1384,1,0.0075919027
Cold,278251,1678,1677,2315,1384,0,0.003296444
Cold,271477,1641,1640,2315,1384,0,0.0017953059
Cold,231121,1399,1398,2315,1384,1,-0.0037471931
Cold,221819,1341,1340,2315,1384,0,0.0021038791
Cold,213493,1298,1297,2315,1384,1,0.0053333123
Cold,240150,1449,1448,2315,1384,0,0.0074571706
Cold,250406,1509,1508,2315,1384,0,3.5582343e-05
Cold,210175,1284,1283,2315,1384,0,0.00076440326
Cold,196549,1207,1206,2315,1384,0,0.005555585
Cold,342531,2015,2014,2315,1384,0,0.008890048
Cold,194038,1195,1194,2315,1384,0,-0.005475434
Cold,188997,1172,1171,2315,1384,0,-0.0076013496
Cold,165642,1056,1055,2315,1384,0,0.0022047774
Cold,159300,1017,1016,2315,1384,0,-0.0042772917
Cold,156931,1010,1009,2315,1384,0,0.007136272
Cold,134329,869,868,2315,1384,1,-0.00551848
Cold,125568,808,807,2315,1384,0,-0.0051113004
Cold,223579,1354,1353,2315,1384,0,0.0011871862
Cold,114874,746,745,2315,1384,0,0.00060392416
Cold,114093,741,740,2315,1384,1,-0.008339102
Cold,117524,757,756,2315,1384,0,-0.0023976748
Cold,107519,709,708,2315,1384,0,-0.0012300045
Cold,101695,677,676,2315,1384,0,0.0034324264
Cold,92766,621,620,2315,1384,0,0.0068388316
Cold,91635,608,607,2315,1384,1,0.00027407473
Cold,320801,1902,1901,2315,1384,1,-0.00012365985
Cold,291445,1737,1736,2315,1384,0,0.007735621
Cold,83192,549,548,2315,1384,0,-0.003004849
Cold,191014,1181,1180,2315,1384,1,0.013380004
Cold,406094,2436,2435,2315,1384,0,0.0013671503
Cold,53456,352,351,2315,1384,0,0.012499819
Cold,290265,1733,1732,2315,1384,0,0.0031408083
Cold,22324,163,162,2315,1384,0,0.0005028331
Cold,14356,117,116,2315,1384,0,0.00540122
Cold,8348,58,57,2315,1384,0,0.0014939895
Cold,7501,53,52,2315,1384,0,-0.0016484031
Cold,697423,4169,4168,2315,1384,0,0.0071668094
Cold,123437,796,795,2315,1384,0,0.0014718478
Cold,354960,2077,2076,2315,1384,0,-0.0016931007
Cold,552393,3401,3400,2315,1384,0,-0.004474501
Cold,139199,890,889,2315,1384,1,0.00014188711
Cold,363082,2116,2115,2315,1384,0,0.00010062277
Cold,682502,4085,4084,2315,1384,0,0.0017105559
Cold,317747,1889,1888,2315,1384,0,-0.0032603575
Cold,328212,1941,1940,2315,1384,0,-0.0025726447
Cold,760814,4520,4519,2315,1384,0,0.0074580396
Cold,907821,5492,5491,2315,1384,0,-0.003136894
Cold,335980,1980,1979,2315,1384,0,0.0071482747
Cold,960421,5792,5791,2315,1384,0,0.0066181934
Cold,362451,2114,2113,2315,1384,0,-0.0064356998
Cold,947973,5723,5722,2315,1384,0,0.0008202782
Cold,52041,343,342,2315,1384,1,0.001266362
Cold,135122,874,873,2315,1384,0,0.0016704564
Cold,217097,1317,1316,2315,1384,0,0.009221758
Cold,63020,424,423,2315,1384,0,0.0060324
Cold,171710,1088,1087,2315,1384,0,0.006843748
Cold,179623,1125,1124,2315,1384,0,-0.0005382183
Cold,894068,5397,5396,2315,1384,0,0.0077555263
Cold,745392,4448,4447,2320,1387,1,-0.0033147342
Cold,571437,3504,3503,2320,1387,1,0.0033130562
Cold,572206,3507,3506,2320,1387,0,-0.0024461842
Cold,563094,3464,3463,2320,1387,0,0.0010084381
Cold,557740,3425,3424,2320,1387,0,0.00012577779
Cold,553590,3409,3408,2320,1387,1,-0.0038003402
Cold,547395,3377,3376,2320,1387,1,0.0025331196
Cold,644686,3884,3883,2320,1387,0,-0.0012956762
Cold,536062,3308,3307,2320,1387,1,-0.004644411
Cold,532184,3285,3284,2320,1387,0,0.0019978937
Cold,531069,3280,3279,2320,1387,0,-0.0052945055
Cold,528225,3265,3264,2320,1387,0,-0.006450157
Cold,537222,3311,3310,2320,1387,0,0.0052009523
Cold,515525,3182,3181,2320,1387,1,-0.0082759755
Cold,509842,3140,3139,2320,1387,1,0.008379769
Cold,508670,3129,3128,2320,1387,0,-0.008987017
Cold,584739,3569,3568,2320,1387,0,-0.0021870048
Cold,502176,3082,3081,2320,1387,0,-0.0033469808
Cold,499489,3067,3066,2320,1387,0,-0.005108189
Cold,472638,2907,2906,2320,1387,0,0.0013602625
Cold,564473,3471,3470,2320,1387,0,0.004223683
Cold,467775,2883,2882,2320,1387,0,0.0050558066
Cold,444687,2743,2742,2320,1387,1,-0.0059881723
Cold,511339,3154,3153,2320,1387,1,-0.0035537232
Cold,438094,2677,2676,2320,1387,0,-0.002268067
Cold,429172,2611,2610,2320,1387,1,0.002320718
Cold,553994,3410,3409,2320,1387,0,-0.00030144642
Cold,425339,2581,2580,2320,1387,0,-0.0035879912
Cold,408260,2453,2452,2320,1387,1,-0.009089512
Cold,464196,2860,2859,2320,1387,1,-0.00097037735
Cold,392256,2304,2303,2320,1387,0,0.0028732857
Cold,390032,2288,2287,2320,1387,0,-0.009489044
Cold,381342,2230,2229,2320,1387,1,-0.004897919
Cold,372296,2174,2173,2320,1387,0,-0.0016688195
Cold,367333,2144,2143,2320,1387,0,-0.00095035415
Cold,364808,2124,2123,2320,1387,1,-0.004923666
Cold,359798,2104,2103,2320,1387,1,-0.0091633545
Cold,358533,2098,2097,2320,1387,1,0.0075978423
Cold,352686,2064,2063,2320,1387,1,-0.0045196926
Cold,360114,2105,2104,2320,1387,0,0.003053761
Cold,340702,2010,2009,2320,1387,0,0.0007700382
Cold,324460,1922,1921,2320,1387,0,-0.008895392
Cold,290277,1733,1732,2320,1387,1,-0.014922236
Cold,296095,1757,1756,2320,1387,0,0.003746196
Cold,282666,1694,1693,2320,1387,0,-0.008644601
Cold,275134,1666,1665,2320,1387,0,-0.0039098435
Cold,279392,1680,1679,2320,1387,0,-0.0033738655
Cold,265830,1613,1612,2320,1387,0,-0.008015998
Cold,333425,1968,1967,2320,1387,0,0.00012659444
Cold,354146,2073,2072,2320,1387,1,0.0020753648
Cold,231128,1399,1398,2320,1387,1,-0.0022978734
Cold,213513,1298,1297,2320,1387,1,0.0024538971
Cold,212947,1297,1296,2320,1387,1,0.0048725703
Cold,277757,1676,1675,2320,1387,0,-0.002378645
Cold,273007,1647,1646,2320,1387,0,-0.000273488
Cold,204949,1261,1260,2320,1387,1,0.0044156
Cold,204048,1255,1254,2320,1387,0,-0.0047704936
Cold,201161,1241,1240,2320,1387,1,0.006116884
Cold,210181,1284,1283,2320,1387,1,-0.008170381
Cold,196559,1207,1206,2320,1387,0,-0.007870071
Cold,192569,1185,1184,2320,1387,1,-0.010979984
Cold,328239,1941,1940,2320,1387,0,-0.001259893
Cold,329375,1943,1942,2320,1387,0,-0.0017380388
Cold,185378,1150,1149,2320,1387,0,-0.013066772
Cold,183565,1142,1141,2320,1387,1,-0.010171896
Cold,307495,1835,1834,2320,1387,1,-0.0041707624
Cold,200529,1231,1230,2320,1387,0,0.008878317
Cold,179633,1125,1124,2320,1387,0,-0.006500385
Cold,263395,1605,1604,2320,1387,0,-0.013446258
Cold,184027,1146,1145,2320,1387,0,-0.0074050715
Cold,168492,1069,1068,2320,1387,1,-0.008715121
Cold,163872,1050,1049,2320,1387,0,0.0041874256
Cold,261799,1599,1598,2320,1387,1,-0.013778829
Cold,156244,1006,1005,2320,1387,0,-0.012113342
Cold,152133,978,977,2320,1387,1,-0.009599108
Cold,145370,935,934,2320,1387,0,0.004424245
Cold,135673,877,876,2320,1387,0,-0.0068750163
Cold,131947,854,853,2320,1387,0,0.0056432337
Cold,154897,999,998,2320,1387,0,0.00551802
Cold,304943,1812,1811,2320,1387,1,-0.008904615
Cold,117530,757,756,2320,1387,0,-0.0015733757
Cold,116286,752,751,2320,1387,0,-0.0034426325
Cold,108038,710,709,2320,1387,0,0.00077855843
Cold,98873,660,659,2320,1387,1,-0.00061854697
Cold,113348,735,734,2320,1387,0,0.00052236987
Cold,110865,721,720,2320,1387,0,0.004233073
Cold,92768,621,620,2320,1387,0,0.0012057249
Cold,320808,1902,1901,2320,1387,1,-0.0043921415
Cold,84971,552,551,2320,1387,0,-0.0021909298
Cold,77595,524,523,2320,1387,0,-0.0031690914
Cold,80247,533,532,2320,1387,0,-0.006642952
Cold,72106,482,481,2320,1387,1,-0.0064554187
Cold,47884,321,320,2320,1387,0,-0.0027772791
Cold,47244,319,318,2320,1387,0,-0.0069424175
Cold,239014,1448,1447,2320,1387,0,-0.007888487
Cold,697440,4169,4168,2320,1387,1,-0.012245022
Cold,537978,3312,3311,2320,1387,0,-0.0061083133
Cold,33335,225,224,2320,1387,0,-0.007940382
Cold,27017,192,191,2320,1387,1,-0.006183136
Cold,54357,355,354,2320,1387,1,-0.0057185255
Cold,235024,1425,1424,2320,1387,1,0.007274142
Cold,2674,22,21,2320,1387,0,-0.004130251
Cold,578213,3532,3531,2320,1387,0,-0.012447308
Cold,675,8,7,2320,1387,0,-0.00042745378
Cold,206928,1266,1265,2320,1387,0,-0.006395381
Cold,481871,2962,2961,2320,1387,1,0.007351815
Cold,10174,73,72,2320,1387,0,-0.0024171476
Cold,567524,3483,3482,2320,1387,0,-0.00024939058
Cold,363099,2116,2115,2320,1387,0,-0.0038510924
Cold,257718,1579,1578,2320,1387,0,-0.007880139
Cold,360850,2106,2105,2320,1387,0,-0.008982269
Cold,682515,4085,4084,2320,1387,1,-0.0070312424
Cold,335999,1980,1979,2320,1387,0,-0.006180477
Cold,622183,3768,3767,2320,1387,0,-0.0061355657
Cold,265137,1611,1610,2320,1387,1,-0.0043733013
Cold,300399,1780,1779,2320,1387,0,-0.0077158436
Cold,102333,678,677,2320,1387,1,-0.0025466662
Cold,245811,1484,1483,2320,1387,0,0.0010535212
Cold,713927,4277,4276,2320,1387,1,0.0010936088
Cold,633339,3824,3823,2320,1387,0,-0.006940695
Cold,129456,839,838,2320,1387,1,-0.006706184
Cold,473730,2909,2908,2320,1387,1,0.0030971935
Cold,164626,1051,1050,2320,1387,0,-0.0007477726
Cold,171727,1088,1087,2320,1387,1,-0.0055309925
Cold,805939,4823,4822,2320,1387,1,-0.00827064
Cold,688380,4117,4116,2320,1387,1,0.0022965083
Cold,790777,4728,4727,2320,1387,0,0.010021921
Cold,237982,1447,1446,2325,1391,0,-0.004466271
Cold,236054,1430,1429,2325,1391,1,-7.87992e-06
Cold,224201,1356,1355,2325,1391,1,0.0031869176
Cold,270005,1635,1634,2325,1391,1,0.0048109395
Cold,296824,1759,1758,2325,1391,0,0.0090150405
Cold,212949,1297,1296,2325,1391,1,0.0060005393
Cold,204950,1261,1260,2325,1391,1,0.0030097165
Cold,279396,1680,1679,2325,1391,0,-0.00023593428
Cold,205343,1263,1262,2325,1391,0,-0.004880457
Cold,181458,1134,1133,2325,1391,0,0.009155751
Cold,176057,1113,1112,2325,1391,1,-0.011339107
Cold,173706,1100,1099,2325,1391,0,-0.004645151
Cold,172902,1096,1095,2325,1391,0,-0.008176966
Cold,167899,1068,1067,2325,1391,1,-0.005312661
Cold,163874,1050,1049,2325,1391,0,-0.00097195455
Cold,163383,1045,1044,2325,1391,0,-0.008347322
Cold,230550,1395,1394,2325,1391,1,-0.0060175266
Cold,146342,941,940,2325,1391,0,-0.0028944532
Cold,146261,940,939,2325,1391,0,-0.0025280914
Cold,156950,1010,1009,2325,1391,0,-0.00038156344
Cold,136651,881,880,2325,1391,0,-7.964764e-05
Cold,135676,877,876,2325,1391,0,0.0020832526
Cold,124932,802,801,2325,1391,0,0.0022812267
Cold,117949,761,760,2325,1391,1,-0.0012631372
Cold,96437,647,646,2325,1391,1,-0.0029849084
Cold,90691,601,600,2325,1391,0,-0.0001792874
Cold,72109,482,481,2325,1391,0,-0.0015143235
Cold,65403,438,437,2325,1391,1,0.001277416
Cold,155368,1001,1000,2325,1391,1,-0.007215118
Cold,57093,386,385,2325,1391,1,0.0009774538
Cold,53479,352,351,2325,1391,0,0.005492621
Cold,38187,261,260,2325,1391,1,0.004430795
Cold,537981,3312,3311,2325,1391,1,0.00064042886
Cold,53235,351,350,2325,1391,0,-0.003910647
Cold,291466,1737,1736,2325,1391,1,0.008453295
Cold,235026,1425,1424,2325,1391,0,-0.005346629
Cold,108041,710,709,2325,1391,0,-0.0063352934
Cold,1257,11,10,2325,1391,0,-0.0008709277
Cold,354973,2077,2076,2325,1391,1,-0.00023209848
Cold,552413,3401,3400,2325,1391,0,-0.0021976035
Cold,954324,5761,5760,2325,1391,0,0.0046898103
Cold,682517,4085,4084,2325,1391,1,0.0021456843
Cold,497257,3054,3053,2325,1391,0,0.0028192613
Cold,840889,5053,5052,2325,1391,1,-0.0057291035
Cold,328241,1941,1940,2325,1391,0,-0.0020347135
Cold,618326,3746,3745,2325,1391,0,-0.0008446821
Cold,757759,4508,4507,2325,1391,1,-0.009343731
Cold,351953,2063,2062,2325,1391,0,0.0003377241
Cold,45788,308,307,2325,1391,0,0.0003448543
Cold,907829,5492,5491,2325,1391,0,-0.0023478726
Cold,23522,169,168,2325,1391,0,0.004012925
Cold,811417,4867,4866,2325,1391,1,0.00902858
Cold,458680,2824,2823,2325,1391,1,0.0008851561
Cold,571099,3503,3502,2325,1391,0,-0.0014765705
Cold,257721,1579,1578,2325,1391,0,-0.008134649
Cold,273011,1647,1646,2325,1391,1,0.0038950013
Cold,562632,3462,3461,2325,1391,1,-0.0062897094
Cold,790780,4728,4727,2325,1391,0,-0.0026136185
Cold,974638,5878,5877,2325,1391,0,-0.0024501067
Cold,271481,1641,1640,2327,1392,0,0.0034734579
Cold,247752,1496,1495,2327,1392,0,0.0029643239
Cold,245537,1483,1482,2327,1392,0,-5.156733e-06
Cold,221905,1342,1341,2327,1392,0,-0.0015432567
Cold,221822,1341,1340,2327,1392,0,0.0048517995
Cold,277759,1676,1675,2327,1392,0,-0.0066688703
Cold,256191,1562,1561,2327,1392,0,0.000675158
Cold,184028,1146,1145,2327,1392,0,0.0024156456
Cold,165242,1053,1052,2327,1392,0,-0.003228268
Cold,159307,1017,1016,2327,1392,0,-0.003833875
Cold,139969,897,896,2327,1392,0,0.000213744
Cold,156951,1010,1009,2327,1392,0,-0.0069009927
Cold,134347,869,868,2327,1392,0,-0.009961244
Cold,133190,859,858,2327,1392,0,-0.012094533
Cold,138404,889,888,2327,1392,0,-0.010293327
Cold,125573,808,807,2327,1392,0,-0.004396314
Cold,92769,621,620,2327,1392,0,-0.0006136449
Cold,81733,543,542,2327,1392,0,-0.004231544
Cold,57565,390,389,2327,1392,0,-0.0008590511
Cold,41142,278,277,2327,1392,1,0.0050211055
Cold,22341,163,162,2327,1392,0,-0.0065057827
Cold,15159,121,120,2327,1392,1,-0.0074304934
Cold,14373,117,116,2327,1392,0,0.0059437035
Cold,354975,2077,2076,2327,1392,0,0.002581752
Cold,65404,438,437,2327,1392,0,0.002139644
Cold,174196,1101,1100,2327,1392,0,-0.008955242
Cold,697444,4169,4168,2327,1392,0,-0.0009386793
Cold,622187,3768,3767,2327,1392,0,-0.001917161
Cold,164630,1051,1050,2327,1392,1,-0.0024853346
Cold,328243,1941,1940,2327,1392,0,-0.017964222
Cold,760822,4520,4519,2327,1392,0,-0.0020437553
Cold,366193,2131,2130,2327,1392,0,-0.00039665308
Cold,237983,1447,1446,2327,1392,0,-0.006107029
Cold,145826,937,936,2327,1392,1,-0.0069680647
Cold,331678,1958,1957,2327,1392,0,0.004175483
Cold,351955,2063,2062,2327,1392,0,-0.003094276
Cold,116293,752,751,2327,1392,0,-0.001394379
Cold,136652,881,880,2327,1392,0,-0.0024535856
Cold,311305,1854,1853,2327,1392,0,-0.0025320114
Cold,295669,1755,1754,2327,1392,1,-0.0008666045
Cold,628377,3806,3805,2328,1393,0,0.00047743693
Cold,628721,3807,3806,2328,1393,0,0.0079854345
Cold,628176,3804,3803,2328,1393,1,0.0072039044
Cold,636955,3836,3835,2328,1393,0,0.0035607046
Cold,627948,3801,3800,2328,1393,0,0.0011985265
Cold,638254,3841,3840,2328,1393,0,0.0070342124
Cold,620706,3760,3759,2328,1393,1,-0.0052364175
Cold,623420,3771,3770,2328,1393,0,0.01261771
Cold,607998,3689,3688,2328,1393,0,-0.00037377188
Cold,713933,4277,4276,2328,1393,1,0.004295467
Cold,600825,3652,3651,2328,1393,0,-0.0004217031
Cold,596641,3626,3625,2328,1393,1,0.004381032
Cold,583495,3562,3561,2328,1393,0,0.008621905
Cold,759187,4510,4509,2328,1393,0,0.007302562
Cold,576396,3522,3521,2328,1393,1,0.0031430668
Cold,579425,3539,3538,2328,1393,1,0.003953808
Cold,584740,3569,3568,2328,1393,0,-0.006650725
Cold,572864,3509,3508,2328,1393,0,-0.004807202
Cold,555834,3416,3415,2328,1393,1,-0.0014768988
Cold,536064,3308,3307,2328,1393,1,0.002242525
Cold,542270,3336,3335,2328,1393,0,0.012312578
Cold,561608,3454,3453,2328,1393,0,0.00054621464
Cold,511660,3157,3156,2328,1393,0,-0.0069225244
Cold,566307,3476,3475,2328,1393,0,-0.0016264735
Cold,507253,3121,3120,2328,1393,0,0.00013353117
Cold,495677,3044,3043,2328,1393,1,0.002952028
Cold,495495,3043,3042,2328,1393,0,0.0023109321
Cold,472643,2907,2906,2328,1393,1,0.013452757
Cold,473737,2909,2908,2328,1393,1,0.003431811
Cold,463369,2857,2856,2328,1393,0,-0.0039102933
Cold,540718,3327,3326,2328,1393,0,-0.0015518727
Cold,448953,2767,2766,2328,1393,0,0.005369521
Cold,450935,2777,2776,2328,1393,0,-0.009483114
Cold,564477,3471,3470,2328,1393,0,5.2645802e-05
Cold,430102,2621,2620,2328,1393,0,0.0031200433
Cold,426516,2590,2589,2328,1393,0,-0.0019852421
Cold,418752,2529,2528,2328,1393,1,0.00060120923
Cold,408946,2455,2454,2328,1393,0,0.0013492291
Cold,406452,2438,2437,2328,1393,1,0.010884878
Cold,406794,2444,2443,2328,1393,0,0.0043532555
Cold,374137,2181,2180,2328,1393,0,0.006102763
Cold,368635,2155,2154,2328,1393,1,-0.005097557
Cold,367502,2145,2144,2328,1393,1,0.0031252042
Cold,358535,2098,2097,2328,1393,0,0.0034618587
Cold,351956,2063,2062,2328,1393,0,0.0005832156
Cold,344431,2021,2020,2328,1393,1,0.00043975934
Cold,323513,1919,1918,2328,1393,0,-7.600966e-05
Cold,297551,1764,1763,2328,1393,1,0.0030707764
Cold,305871,1820,1819,2328,1393,1,-0.0028070828
Cold,290278,1733,1732,2328,1393,0,0.008358584
Cold,303555,1803,1802,2328,1393,0,0.006419037
Cold,281546,1688,1687,2328,1393,0,-0.00073829596
Cold,279400,1680,1679,2328,1393,0,-0.002265953
Cold,285808,1705,1704,2328,1393,0,0.0028837572
Cold,277019,1675,1674,2328,1393,0,0.004352449
Cold,275580,1667,1666,2328,1393,0,0.005156684
Cold,282669,1694,1693,2328,1393,0,-0.00021753134
Cold,271482,1641,1640,2328,1393,0,0.0061526326
Cold,267589,1626,1625,2328,1393,0,0.0004409731
Cold,392260,2304,2303,2328,1393,1,-0.002993125
Cold,251885,1524,1523,2328,1393,1,0.0026383135
Cold,247753,1496,1495,2328,1393,0,0.0063690175
Cold,224507,1357,1356,2328,1393,1,-0.002444802
Cold,221823,1341,1340,2328,1393,0,0.011108614
Cold,221906,1342,1341,2328,1393,0,0.00011449028
Cold,214101,1300,1299,2328,1393,1,0.0024885202
Cold,277760,1676,1675,2328,1393,0,0.011626208
Cold,273012,1647,1646,2328,1393,0,0.005051609
Cold,350332,2056,2055,2328,1393,0,-0.0012978902
Cold,304946,1812,1811,2328,1393,1,0.009973891
Cold,328245,1941,1940,2328,1393,0,-0.00080026453
Cold,179150,1124,1123,2328,1393,0,0.0016887323
Cold,175027,1109,1108,2328,1393,0,0.005430558
Cold,184029,1146,1145,2328,1393,0,0.0011252952
Cold,175577,1112,1111,2328,1393,0,0.009813669
Cold,165643,1056,1055,2328,1393,1,0.01665723
Cold,159308,1017,1016,2328,1393,1,-0.011847364
Cold,158300,1015,1014,2328,1393,0,-0.0016124453
Cold,156952,1010,1009,2328,1393,0,0.005995537
Cold,136105,880,879,2328,1393,0,0.007984916
Cold,133873,868,867,2328,1393,1,-0.008349326
Cold,134348,869,868,2328,1393,1,-0.004510873
Cold,133191,859,858,2328,1393,0,0.0027223474
Cold,138405,889,888,2328,1393,0,0.00078672974
Cold,125574,808,807,2328,1393,0,0.0006682931
Cold,124516,801,800,2328,1393,0,-0.004031765
Cold,108042,710,709,2328,1393,0,0.0010598016
Cold,179636,1125,1124,2328,1393,0,-0.00067863544
Cold,92770,621,620,2328,1393,1,0.0103685055
Cold,140718,904,903,2328,1393,0,0.004246788
Cold,203134,1246,1245,2328,1393,0,0.009599092
Cold,291467,1737,1736,2328,1393,1,-0.0021799146
Cold,81734,543,542,2328,1393,1,0.004847522
Cold,82518,548,547,2328,1393,0,-0.0030401284
Cold,108737,712,711,2328,1393,0,0.010394223
Cold,74889,509,508,2328,1393,0,0.004108601
Cold,47886,321,320,2328,1393,0,0.0030008894
Cold,41143,278,277,2328,1393,1,-0.00072233006
Cold,697446,4169,4168,2328,1393,0,0.0021162587
Cold,38188,261,260,2328,1393,1,0.013135273
Cold,36252,245,244,2328,1393,0,0.0033259604
Cold,29617,202,201,2328,1393,0,0.0027318154
Cold,192731,1186,1185,2328,1393,1,0.004947294
Cold,22342,163,162,2328,1393,0,0.0029030228
Cold,14374,117,116,2328,1393,1,-0.003218731
Cold,7524,53,52,2328,1393,0,0.0016385142
Cold,198437,1219,1218,2328,1393,1,0.00075120886
Cold,27917,195,194,2328,1393,1,0.0016808554
Cold,609193,3693,3692,2328,1393,0,0.007181264
Cold,164631,1051,1050,2328,1393,0,0.0011714441
Cold,237984,1447,1446,2328,1393,0,0.007679825
Cold,23523,169,168,2328,1393,0,-0.00011378969
Cold,63042,424,423,2328,1393,0,0.0059419274
Cold,162947,1040,1039,2330,1395,1,-0.008828702
Cold,167907,1068,1067,2330,1395,1,-0.0039334255
Cold,268012,1628,1627,2330,1395,1,-0.0039608516
Cold,185398,1150,1149,2330,1395,1,-0.0076766056
Cold,128329,830,829,2330,1395,1,0.001663601
Cold,252185,1527,1526,2330,1395,1,-0.01741895
Cold,100572,671,670,2330,1395,1,-0.0030195382
Cold,201608,1242,1241,2330,1395,1,-0.009244313
Cold,82087,544,543,2330,1395,1,-0.008973632
Cold,74896,509,508,2330,1395,1,-0.019471785
Cold,59899,408,407,2330,1395,1,-0.001363922
Cold,501344,3080,3079,2330,1395,0,-0.0046075243
Cold,48786,327,326,2330,1395,1,0.005571138
Cold,37844,259,258,2330,1395,0,0.002361378
Cold,34623,235,234,2330,1395,1,-0.0025583894
Cold,21930,161,160,2330,1395,1,-0.005926347
Cold,33350,225,224,2330,1395,1,-0.004395165
Cold,452521,2786,2785,2330,1395,1,0.0033465284
Cold,772117,4602,4601,2330,1395,0,0.0028227577
Cold,539375,3317,3316,2330,1395,1,0.0035082663
Cold,844346,5074,5073,2330,1395,1,-0.0032337878
Cold,943628,5689,5688,2330,1395,0,-0.0077394615
Cold,583504,3562,3561,2330,1395,1,0.0030883048
Cold,45798,308,307,2330,1395,1,0.004523198
Cold,893361,5394,5393,2330,1395,1,-0.0026003711
Cold,93337,624,623,2330,1395,1,-0.0017387131
Cold,778254,4647,4646,2330,1395,0,0.001057425
Cold,489020,3011,3010,2330,1395,1,-0.0036865836
Cold,261807,1599,1598,2330,1395,1,0.0062906044
Cold,825773,4958,4957,2330,1395,1,-0.008959729
Cold,290287,1733,1732,2330,1395,1,-0.0022581131
Cold,974641,5878,5877,2330,1395,0,-0.0046666535
Cold,678590,4064,4063,2331,1396,0,0.011762641
Cold,713943,4277,4276,2331,1396,1,-0.0012058492
Cold,661324,3988,3987,2331,1396,0,0.0094638225
Cold,648611,3907,3906,2331,1396,0,0.004433446
Cold,639163,3842,3841,2331,1396,0,-0.00021046097
Cold,636961,3836,3835,2331,1396,1,-0.0017530632
Cold,625337,3779,3778,2331,1396,0,0.0068106516
Cold,611165,3705,3704,2331,1396,0,0.0073520215
Cold,604299,3675,3674,2331,1396,0,0.010361299
Cold,585126,3572,3571,2331,1396,0,0.009076842
Cold,580941,3547,3546,2331,1396,0,-0.003963727
Cold,579436,3539,3538,2331,1396,1,0.006387476
Cold,573920,3513,3512,2331,1396,1,0.009609496
Cold,569940,3497,3496,2331,1396,1,0.004802442
Cold,575400,3519,3518,2331,1396,1,0.01314771
Cold,527480,3261,3260,2331,1396,1,0.011237066
Cold,525297,3243,3242,2331,1396,0,0.006493529
Cold,522656,3224,3223,2331,1396,1,-0.00032410724
Cold,512927,3163,3162,2331,1396,1,0.021525003
Cold,574802,3518,3517,2331,1396,1,0.0067918086
Cold,503647,3095,3094,2331,1396,0,0.008305043
Cold,499497,3067,3066,2331,1396,0,0.0043913512
Cold,490311,3017,3016,2331,1396,1,0.00034420844
Cold,474727,2913,2912,2331,1396,0,0.013167688
Cold,465386,2870,2869,2331,1396,0,0.006922303
Cold,464644,2863,2862,2331,1396,1,-0.00083984993
Cold,458021,2820,2819,2331,1396,1,0.006725557
Cold,448008,2761,2760,2331,1396,1,0.011112618
Cold,444698,2743,2742,2331,1396,1,-0.005168921
Cold,446444,2752,2751,2331,1396,0,0.0014136164
Cold,564486,3471,3470,2331,1396,0,0.0044173766
Cold,435584,2663,2662,2331,1396,0,-0.0043753767
Cold,408273,2453,2452,2331,1396,1,0.0009337263
Cold,395172,2334,2333,2331,1396,0,-0.0003262289
Cold,393123,2309,2308,2331,1396,0,-0.0015671266
Cold,390042,2288,2287,2331,1396,0,0.0018938144
Cold,382316,2233,2232,2331,1396,0,-0.00058531016
Cold,379528,2219,2218,2331,1396,0,0.011861491
Cold,372300,2174,2173,2331,1396,1,0.0021187463
Cold,358910,2100,2099,2331,1396,0,0.0061763115
Cold,339683,2002,2001,2331,1396,1,0.0049394397
Cold,336016,1980,1979,2331,1396,1,0.0073412717
Cold,315327,1880,1879,2331,1396,0,0.0040961155
Cold,304956,1812,1811,2331,1396,1,0.0006765942
Cold,292370,1741,1740,2331,1396,1,-0.0029457519
Cold,285964,1706,1705,2331,1396,1,0.0063721803
Cold,244980,1475,1474,2331,1396,1,-0.007606909
Cold,231983,1407,1406,2331,1396,0,0.004533755
Cold,357521,2092,2091,2331,1396,0,-0.0004526365
Cold,222411,1345,1344,2331,1396,1,0.005522344
Cold,289375,1727,1726,2331,1396,1,-0.007012519
Cold,296827,1759,1758,2331,1396,0,0.016286978
Cold,208826,1274,1273,2331,1396,1,0.0011681826
Cold,202546,1244,1243,2331,1396,0,0.0053092614
Cold,321908,1911,1910,2331,1396,0,-0.010460482
Cold,188615,1170,1169,2331,1396,0,0.010952352
Cold,185399,1150,1149,2331,1396,0,0.0048725973
Cold,174843,1107,1106,2331,1396,0,0.014220739
Cold,188251,1168,1167,2331,1396,1,0.008873966
Cold,169118,1073,1072,2331,1396,0,0.011988116
Cold,167312,1065,1064,2331,1396,0,0.0060352273
Cold,163880,1050,1049,2331,1396,0,0.0071048723
Cold,167908,1068,1067,2331,1396,0,0.010130318
Cold,153689,987,986,2331,1396,1,0.0022985572
Cold,151632,975,974,2331,1396,0,0.0042852787
Cold,150632,970,969,2331,1396,0,0.0070872647
Cold,147762,952,951,2331,1396,1,0.004161481
Cold,144955,934,933,2331,1396,0,0.0032853903
Cold,143900,928,927,2331,1396,0,0.005564086
Cold,131955,854,853,2331,1396,0,0.001677792
Cold,332703,1962,1961,2331,1396,0,0.0011380562
Cold,111507,726,725,2331,1396,1,0.0035650006
Cold,111320,724,723,2331,1396,0,0.00326834
Cold,112526,731,730,2331,1396,1,0.004883531
Cold,306219,1824,1823,2331,1396,1,0.0036506066
Cold,240180,1449,1448,2331,1396,0,0.009373196
Cold,110878,721,720,2331,1396,0,0.0042561376
Cold,697457,4169,4168,2331,1396,0,5.191716e-05
Cold,85607,558,557,2331,1396,0,0.003099739
Cold,191060,1181,1180,2331,1396,0,0.002292186
Cold,239027,1448,1447,2331,1396,1,0.0002780212
Cold,319397,1897,1896,2331,1396,1,0.0018968417
Cold,84261,550,549,2331,1396,1,0.00887525
Cold,77609,524,523,2331,1396,1,0.014317047
Cold,59070,402,401,2331,1396,0,0.0008480861
Cold,155371,1001,1000,2331,1396,1,0.0022854977
Cold,61159,412,411,2331,1396,1,-0.004426066
Cold,58477,396,395,2331,1396,0,0.01213757
Cold,228331,1383,1382,2331,1396,0,0.0027594946
Cold,49970,331,330,2331,1396,1,0.002587267
Cold,78508,528,527,2331,1396,0,0.0017039557
Cold,132526,855,854,2331,1396,0,0.0020034462
Cold,47270,319,318,2331,1396,0,0.0021493593
Cold,49206,329,328,2331,1396,1,0.01012372
Cold,312914,1865,1864,2331,1396,1,-0.0024348912
Cold,31836,216,215,2331,1396,0,0.0037498465
Cold,60547,411,410,2331,1396,0,0.0068626003
Cold,337074,1983,1982,2331,1396,0,0.0110886255
Cold,21229,156,155,2331,1396,1,0.004460759
Cold,9154,62,61,2331,1396,1,-0.0052254023
Cold,6313,45,44,2331,1396,0,-0.007988866
Cold,4917,35,34,2331,1396,0,0.0027101894
Cold,79469,531,530,2331,1396,0,0.00950086
Cold,330745,1952,1951,2331,1396,0,0.00898738
Cold,20645,151,150,2331,1396,1,-0.004010476
Cold,143688,927,926,2331,1396,0,-0.00032874662
Cold,860330,5172,5171,2331,1396,0,0.004848217
Cold,485108,2986,2985,2331,1396,0,0.0067105144
Cold,964508,5812,5811,2331,1396,0,-0.0033579352
Cold,873864,5276,5275,2331,1396,0,-0.010532159
Cold,309648,1842,1841,2331,1396,1,-0.004014231
Cold,11549,90,89,2331,1396,0,0.0032308677
Cold,609201,3693,3692,2331,1396,0,-0.008731401
Cold,179644,1125,1124,2331,1396,1,0.004934295
Cold,223594,1354,1353,2331,1396,0,0.004067608
Cold,413773,2489,2488,2331,1396,0,0.006292279
Cold,187678,1164,1163,2331,1396,1,0.00019023614
Cold,375898,2190,2189,2331,1396,1,0.0011988343
Cold,235037,1425,1424,2331,1396,1,-0.005081907
Cold,464723,2864,2863,2337,1401,0,0.00024963706
Cold,438621,2680,2679,2337,1401,0,0.00591317
Cold,439424,2684,2683,2337,1401,0,-0.006670906
Cold,426242,2589,2588,2337,1401,0,-0.01158489
Cold,416680,2507,2506,2337,1401,1,0.0022122217
Cold,409234,2456,2455,2337,1401,1,-0.0036960114
Cold,464207,2860,2859,2337,1401,1,0.011796936
Cold,363116,2116,2115,2337,1401,0,0.007480739
Cold,351971,2063,2062,2337,1401,0,0.0034032576
Cold,294660,1750,1749,2337,1401,1,-0.005380678
Cold,294352,1749,1748,2337,1401,1,0.0076729483
Cold,281548,1688,1687,2337,1401,0,0.0014058971
Cold,274422,1658,1657,2337,1401,0,-0.0041558454
Cold,310140,1845,1844,2337,1401,0,-0.0067495685
Cold,279422,1680,1679,2337,1401,1,-0.0029454175
Cold,280883,1685,1684,2337,1401,1,0.0062772483
Cold,264171,1607,1606,2337,1401,0,-0.00036836532
Cold,244883,1474,1473,2337,1401,1,-0.006526241
Cold,242187,1460,1459,2337,1401,1,0.0052662566
Cold,631637,3821,3820,2337,1401,0,-0.004669676
Cold,224207,1356,1355,2337,1401,1,0.0007437081
Cold,211594,1286,1285,2337,1401,1,-0.0062655164
Cold,204053,1255,1254,2337,1401,0,-0.008705039
Cold,185402,1150,1149,2337,1401,0,-0.0053410814
Cold,263410,1605,1604,2337,1401,1,0.0013243605
Cold,168504,1069,1068,2337,1401,1,-0.00831474
Cold,270446,1636,1635,2337,1401,0,0.002384073
Cold,152135,978,977,2337,1401,1,0.0021043157
Cold,146479,944,943,2337,1401,1,0.00086926715
Cold,124522,801,800,2337,1401,1,0.0008519967
Cold,107341,706,705,2337,1401,1,-0.01094345
Cold,100880,673,672,2337,1401,1,-0.008073706
Cold,177012,1117,1116,2337,1401,1,-0.0012883544
Cold,90695,601,600,2337,1401,0,-0.012434135
Cold,239031,1448,1447,2337,1401,0,0.00193456
Cold,360866,2106,2105,2337,1401,0,-0.0023691542
Cold,34627,235,234,2337,1401,0,-0.0012958876
Cold,26285,187,186,2337,1401,1,0.0060289605
Cold,23017,166,165,2337,1401,1,0.008508245
Cold,18439,145,144,2337,1401,0,-0.004223945
Cold,152488,981,980,2337,1401,0,-0.0030823955
Cold,17429,136,135,2337,1401,1,-0.010783513
Cold,9533,63,62,2337,1401,0,0.0019195062
Cold,259,5,4,2337,1401,1,0.0036794804
Cold,223598,1354,1353,2337,1401,0,-0.00036562356
Cold,686561,4107,4106,2337,1401,1,0.0051952368
Cold,158317,1015,1014,2337,1401,0,-0.011954243
Cold,893365,5394,5393,2337,1401,1,-4.558242e-05
Cold,129473,839,838,2337,1401,1,-0.0045152796
Cold,844349,5074,5073,2337,1401,0,-0.0073344028
Cold,460732,2841,2840,2337,1401,0,0.0049706944
Cold,102350,678,677,2337,1401,0,0.0040596654
Cold,772955,4607,4606,2337,1401,0,0.0011517452
Cold,511892,3158,3157,2337,1401,1,-0.0034185227
Cold,187680,1164,1163,2337,1401,0,-0.0029680408
Cold,67483,453,452,2337,1401,1,-0.0015721933
Cold,287755,1717,1716,2337,1401,0,-0.0051775267
Cold,451788,2781,2780,2337,1401,0,-0.0041955886
Cold,479770,2944,2943,2337,1401,0,-0.001476225
Cold,252553,1530,1529,2337,1401,0,0.0038373033
Cold,371723,2172,2171,2337,1401,0,0.0067625227
Cold,235041,1425,1424,2337,1401,1,-0.0037842435
Cold,535043,3301,3300,2337,1401,1,-0.008892982
Cold,208828,1274,1273,2337,1401,0,-0.008929933
Cold,96627,648,647,2337,1401,1,0.0041835
Cold,13116,102,101,2337,1401,0,0.013223635
Cold,279446,1680,1679,2347,1406,1,-0.010578968
Cold,248121,1497,1496,2347,1406,1,0.0030013565
Cold,244704,1473,1472,2347,1406,1,-0.006068493
Cold,283224,1696,1695,2347,1406,0,0.006798744
Cold,241289,1451,1450,2347,1406,1,-0.011956969
Cold,337494,1984,1983,2347,1406,0,-0.006302304
Cold,220686,1338,1337,2347,1406,1,-0.011300776
Cold,713957,4277,4276,2347,1406,1,-0.0037967898
Cold,240200,1449,1448,2347,1406,1,-0.0158375
Cold,97881,655,654,2347,1406,0,-0.013772642
Cold,108069,710,709,2347,1406,1,-0.006859677
Cold,480189,2946,2945,2347,1406,0,-0.018789496
Cold,115441,749,748,2347,1406,1,-0.011943838
Cold,228347,1383,1382,2347,1406,1,0.002768974
Cold,87913,577,576,2347,1406,1,-0.010128541
Cold,394237,2323,2322,2347,1406,0,0.0018295912
Cold,239051,1448,1447,2347,1406,1,-0.0021205281
Cold,234173,1422,1421,2347,1406,0,-0.012748953
Cold,86694,566,565,2347,1406,0,-0.0015021015
Cold,68367,458,457,2347,1406,1,0.0067394236
Cold,61185,412,411,2347,1406,0,-0.012052164
Cold,211061,1285,1284,2347,1406,1,-0.012706281
Cold,53541,352,351,2347,1406,1,0.003378604
Cold,37549,256,255,2347,1406,1,0.0021779863
Cold,15456,123,122,2347,1406,0,-0.011784342
Cold,11368,87,86,2347,1406,0,-0.0041689435
Cold,485121,2986,2985,2347,1406,0,-0.011931825
Cold,229664,1390,1389,2347,1406,1,-0.003213915
Cold,633363,3824,3823,2347,1406,1,-0.008830197
Cold,298128,1767,1766,2347,1406,0,0.00069835805
Cold,156979,1010,1009,2347,1406,0,-0.0059604472
Cold,996603,6016,6015,2347,1406,0,-0.005077683
Cold,565641,3475,3474,2347,1406,1,-0.005305688
Cold,908360,5493,5492,2347,1406,1,0.0017567058
Cold,821723,4940,4939,2347,1406,0,-0.007398487
Cold,769308,4580,4579,2349,1408,1,4.2967964e-05
Cold,593982,3618,3617,2349,1408,0,-0.004745648
Cold,589623,3596,3595,2349,1408,1,0.006377353
Cold,576214,3521,3520,2349,1408,0,0.0009958623
Cold,580559,3546,3545,2349,1408,1,-0.0037422078
Cold,554028,3410,3409,2349,1408,0,-0.00382012
Cold,547991,3380,3379,2349,1408,0,0.0056796316
Cold,534729,3300,3299,2349,1408,0,0.00079136016
Cold,522677,3224,3223,2349,1408,1,0.007940149
Cold,513936,3171,3170,2349,1408,1,-0.008726124
Cold,506760,3118,3117,2349,1408,1,0.006939667
Cold,485122,2986,2985,2349,1408,1,0.005282264
Cold,476817,2928,2927,2349,1408,0,0.009634867
Cold,697484,4169,4168,2349,1408,1,0.0006009964
Cold,474737,2913,2912,2349,1408,1,0.0045787254
Cold,458039,2820,2819,2349,1408,0,-0.00039590523
Cold,455873,2807,2806,2349,1408,0,-0.00036016642
Cold,453832,2793,2792,2349,1408,1,0.0032805062
Cold,446453,2752,2751,2349,1408,1,-0.0043469234
Cold,446896,2753,2752,2349,1408,1,-0.0006140474
Cold,437764,2674,2673,2349,1408,1,-0.0040259464
Cold,428401,2606,2605,2349,1408,1,0.0042100092
Cold,432167,2634,2633,2349,1408,1,0.00043755025
Cold,419826,2537,2536,2349,1408,0,0.0048907064
Cold,403141,2407,2406,2349,1408,1,0.002908648
Cold,402373,2402,2401,2349,1408,1,-0.0031432877
Cold,397877,2361,2360,2349,1408,1,-0.0014900155
Cold,428604,2608,2607,2349,1408,1,-0.0059896773
Cold,394947,2333,2332,2349,1408,1,-0.0053759357
Cold,389010,2279,2278,2349,1408,0,-0.0016806163
Cold,381691,2231,2230,2349,1408,0,0.008524856
Cold,371308,2170,2169,2349,1408,1,0.005858208
Cold,358100,2096,2095,2349,1408,0,-0.0036766962
Cold,346890,2034,2033,2349,1408,1,0.013773593
Cold,325456,1926,1925,2349,1408,1,0.0026725503
Cold,320169,1899,1898,2349,1408,1,-0.0042705163
Cold,323207,1916,1915,2349,1408,0,0.0065251016
Cold,324991,1925,1924,2349,1408,1,-0.007834686
Cold,316884,1884,1883,2349,1408,1,-0.0020941733
Cold,295305,1753,1752,2349,1408,1,-0.007128669
Cold,284275,1698,1697,2349,1408,0,-0.00546104
Cold,285971,1706,1705,2349,1408,0,0.004732671
Cold,280891,1685,1684,2349,1408,1,0.0055617904
Cold,284879,1699,1698,2349,1408,1,0.005294318
Cold,287171,1714,1713,2349,1408,1,0.00016816694
Cold,279449,1680,1679,2349,1408,1,0.00074184465
Cold,260127,1591,1590,2349,1408,1,-0.0050267125
Cold,246361,1489,1488,2349,1408,0,-0.0056937253
Cold,231685,1404,1403,2349,1408,1,-0.012232039
Cold,357538,2092,2091,2349,1408,1,0.008171692
Cold,217751,1321,1320,2349,1408,0,0.0054383837
Cold,208336,1273,1272,2349,1408,1,0.00034577714
Cold,220401,1335,1334,2349,1408,0,-0.0046287403
Cold,294357,1749,1748,2349,1408,0,-5.029887e-05
Cold,338200,1988,1987,2349,1408,0,0.002700542
Cold,190039,1179,1178,2349,1408,0,0.0067510195
Cold,307520,1835,1834,2349,1408,0,-0.0012923409
Cold,199509,1224,1223,2349,1408,1,0.005330917
Cold,293819,1748,1747,2349,1408,1,0.0065688533
Cold,191088,1181,1180,2349,1408,0,2.6728958e-07
Cold,158337,1015,1014,2349,1408,1,-0.0032051378
Cold,185425,1150,1149,2349,1408,0,-0.003917327
Cold,217131,1317,1316,2349,1408,1,0.004212345
Cold,148347,955,954,2349,1408,1,-0.0028085103
Cold,260870,1594,1593,2349,1408,0,-0.00041541154
Cold,138446,889,888,2349,1408,1,-0.0026016252
Cold,131214,850,849,2349,1408,1,-0.011142607
Cold,374848,2185,2184,2349,1408,1,-0.0018891743
Cold,298129,1767,1766,2349,1408,0,-0.004560611
Cold,211063,1285,1284,2349,1408,1,0.008251699
Cold,324478,1922,1921,2349,1408,1,-0.0052228146
Cold,112545,731,730,2349,1408,1,-0.0022456849
Cold,106817,702,701,2349,1408,1,-0.0013609604
Cold,240202,1449,1448,2349,1408,0,-0.009431753
Cold,314138,1875,1874,2349,1408,1,0.009268351
Cold,222112,1343,1342,2349,1408,1,-0.00034302427
Cold,89307,588,587,2349,1408,1,-0.0023562186
Cold,83245,549,548,2349,1408,0,-0.0058127455
Cold,84277,550,549,2349,1408,1,-0.006690874
Cold,77630,524,523,2349,1408,1,-0.012939898
Cold,93997,630,629,2349,1408,1,0.0049406183
Cold,33372,225,224,2349,1408,0,-0.007995513
Cold,30803,205,204,2349,1408,0,0.0074428264
Cold,91977,611,610,2349,1408,1,-0.0077175754
Cold,21943,161,160,2349,1408,1,-0.0020545917
Cold,21480,157,156,2349,1408,1,0.0033268929
Cold,916920,5539,5538,2349,1408,0,0.002522557
Cold,73489,498,497,2349,1408,0,-0.007888864
Cold,7568,53,52,2349,1408,1,0.00011072913
Cold,481895,2962,2961,2349,1408,0,-0.009281278
Cold,105182,696,695,2349,1408,0,0.008205562
Cold,546117,3367,3366,2349,1408,1,-0.0035473316
Cold,490321,3017,3016,2349,1408,0,-0.0024107993
Cold,431093,2627,2626,2349,1408,1,-0.0026494826
Cold,460742,2841,2840,2349,1408,0,-0.0010342663
Cold,24261,173,172,2349,1408,0,-0.0026233667
Cold,290303,1733,1732,2349,1408,1,-0.0043724193
Cold,633364,3824,3823,2349,1408,0,-0.0036730682
Cold,745414,4448,4447,2349,1408,1,-0.005785081
Cold,50003,331,330,2349,1408,1,0.0038591549
Cold,208836,1274,1273,2349,1408,1,0.0018347502
Cold,249884,1505,1504,2349,1408,0,-0.0025288132
Cold,271808,1643,1642,2349,1408,1,0.013905823
Cold,319411,1897,1896,2349,1408,1,0.0017451361
Cold,34644,235,234,2349,1408,1,-0.011575634
Cold,821725,4940,4939,2349,1408,1,0.001580541
Cold,488151,3002,3001,2349,1408,1,-0.0029060552
Cold,546119,3367,3366,2351,1409,1,0.0073100883
Cold,497278,3054,3053,2351,1409,1,0.00089924247
Cold,482761,2967,2966,2351,1409,1,0.0031794985
Cold,601651,3658,3657,2351,1409,1,0.0063626645
Cold,456708,2811,2810,2351,1409,1,4.100462e-05
Cold,455875,2807,2806,2351,1409,1,0.005600857
Cold,432168,2634,2633,2351,1409,1,0.014824948
Cold,428606,2608,2607,2351,1409,1,-0.0035022907
Cold,368841,2156,2155,2351,1409,0,0.0064059356
Cold,364159,2121,2120,2351,1409,1,-0.0036317846
Cold,323209,1916,1915,2351,1409,1,0.003794027
Cold,292389,1741,1740,2351,1409,1,0.017791368
Cold,279456,1680,1679,2351,1409,0,0.010308649
Cold,294360,1749,1748,2351,1409,1,0.005232309
Cold,237431,1446,1445,2351,1409,0,0.016936913
Cold,283225,1696,1695,2351,1409,1,0.012916505
Cold,309941,1843,1842,2351,1409,1,0.0010066202
Cold,211065,1285,1284,2351,1409,1,0.0124361105
Cold,214928,1303,1302,2351,1409,1,0.0014611057
Cold,208338,1273,1272,2351,1409,1,0.004624319
Cold,182826,1140,1139,2351,1409,0,0.0047541955
Cold,169377,1075,1074,2351,1409,1,-0.004422165
Cold,191092,1181,1180,2351,1409,1,0.0135425795
Cold,162696,1038,1037,2351,1409,1,0.0033487007
Cold,160186,1019,1018,2351,1409,1,-0.0019093305
Cold,158341,1015,1014,2351,1409,1,0.010510051
Cold,169604,1077,1076,2351,1409,1,-0.0028109858
Cold,138451,889,888,2351,1409,1,0.01016348
Cold,133451,862,861,2351,1409,1,0.01636008
Cold,201623,1242,1241,2351,1409,1,0.0068133194
Cold,131217,850,849,2351,1409,1,0.0037647868
Cold,284278,1698,1697,2351,1409,1,0.008865505
Cold,67047,451,450,2351,1409,1,0.005665912
Cold,481897,2962,2961,2351,1409,0,0.007354288
Cold,235053,1425,1424,2351,1409,1,0.005558031
Cold,592036,3610,3609,2351,1409,0,0.002638124
Cold,206957,1266,1265,2351,1409,1,0.017141834
Cold,74326,507,506,2351,1409,0,-0.0023529641
Cold,524426,3233,3232,2351,1409,1,0.0020850855
Cold,284880,1699,1698,2351,1409,1,0.0047899424
Cold,739568,4418,4417,2351,1409,0,0.00090725813
Cold,208838,1274,1273,2351,1409,1,0.0076794773
Cold,841520,5054,5053,2351,1409,0,0.0133919995
Cold,24267,173,172,2351,1409,1,0.009158273
Cold,508255,3128,3127,2351,1409,1,0.0037239387
Cold,290307,1733,1732,2351,1409,1,0.012168625
Cold,322469,1912,1911,2351,1409,0,0.007807727
Cold,59905,408,407,2351,1409,1,0.0035909582
Cold,223081,1352,1351,2351,1409,1,0.0074012536
Cold,769063,4579,4578,2351,1409,1,-0.0028149094
Cold,171772,1088,1087,2351,1409,0,0.009742264
Cold,584750,3569,3568,2354,1412,0,0.016582828
Cold,494261,3032,3031,2354,1412,1,0.004649748
Cold,488708,3007,3006,2354,1412,0,0.0007602561
Cold,487585,2999,2998,2354,1412,0,-0.00026463997
Cold,498808,3065,3064,2354,1412,0,0.011746932
Cold,478131,2934,2933,2354,1412,0,0.017765712
Cold,646732,3892,3891,2354,1412,0,0.013895176
Cold,445620,2748,2747,2354,1412,1,0.0072370353
Cold,423476,2566,2565,2354,1412,0,0.008062641
Cold,423196,2565,2564,2354,1412,0,0.009348944
Cold,419295,2533,2532,2354,1412,0,0.005511887
Cold,418773,2529,2528,2354,1412,1,0.0064786547
Cold,409688,2457,2456,2354,1412,1,0.015744234
Cold,400994,2389,2388,2354,1412,1,0.013243867
Cold,399535,2378,2377,2354,1412,0,0.0037445477
Cold,373485,2180,2179,2354,1412,0,0.012456954
Cold,367756,2147,2146,2354,1412,0,0.013248499
Cold,361286,2108,2107,2354,1412,0,0.003822054
Cold,361723,2109,2108,2354,1412,0,0.01299748
Cold,351998,2063,2062,2354,1412,0,0.0161603
Cold,345836,2029,2028,2354,1412,0,0.0018474888
Cold,339790,2003,2002,2354,1412,1,0.0041307034
Cold,333914,1969,1968,2354,1412,1,0.0071842186
Cold,321867,1910,1909,2354,1412,1,0.002341576
Cold,288121,1721,1720,2354,1412,0,0.0056103207
Cold,281314,1687,1686,2354,1412,0,0.011114111
Cold,273043,1647,1646,2354,1412,1,0.019313488
Cold,270026,1635,1634,2354,1412,1,0.018797623
Cold,265860,1613,1612,2354,1412,0,0.017179945
Cold,247343,1495,1494,2354,1412,0,0.0064175
Cold,236415,1434,1433,2354,1412,1,0.011129544
Cold,228955,1387,1386,2354,1412,0,0.012990278
Cold,336049,1980,1979,2354,1412,0,0.015092875
Cold,224216,1356,1355,2354,1412,0,0.0030314527
Cold,320173,1899,1898,2354,1412,0,0.01339953
Cold,216230,1312,1311,2354,1412,0,0.010507373
Cold,216445,1314,1313,2354,1412,0,-0.0035649682
Cold,207772,1271,1270,2354,1412,1,0.01568551
Cold,592039,3610,3609,2354,1412,0,0.0062832753
Cold,201170,1241,1240,2354,1412,1,0.006684444
Cold,261821,1599,1598,2354,1412,0,0.018525634
Cold,193218,1193,1192,2354,1412,0,-0.0013601077
Cold,248884,1501,1500,2354,1412,0,0.009709346
Cold,272255,1645,1644,2354,1412,1,0.01260356
Cold,342574,2015,2014,2354,1412,0,0.014841021
Cold,165483,1054,1053,2354,1412,0,0.007351512
Cold,149250,960,959,2354,1412,0,0.012858001
Cold,139426,891,890,2354,1412,0,0.013047091
Cold,133773,866,865,2354,1412,0,0.0026244414
Cold,134375,869,868,2354,1412,0,0.013729395
Cold,332716,1962,1961,2354,1412,0,0.010416355
Cold,127315,822,821,2354,1412,1,0.010018159
Cold,125762,809,808,2354,1412,0,0.0012922944
Cold,124278,800,799,2354,1412,1,0.022598315
Cold,124952,802,801,2354,1412,1,0.007647208
Cold,120471,777,776,2354,1412,0,0.00797726
Cold,139210,890,889,2354,1412,0,0.0014256793
Cold,163300,1044,1043,2354,1412,1,0.0038386283
Cold,102936,681,680,2354,1412,1,0.009822907
Cold,335192,1978,1977,2354,1412,0,0.014578431
Cold,93826,629,628,2354,1412,0,-0.005105021
Cold,86161,563,562,2354,1412,0,0.013652377
Cold,183261,1141,1140,2354,1412,0,0.014472092
Cold,83251,549,548,2354,1412,1,0.008248062
Cold,73129,494,493,2354,1412,1,0.008860582
Cold,66850,449,448,2354,1412,0,0.0017159351
Cold,46407,310,309,2354,1412,1,0.007933619
Cold,36854,246,245,2354,1412,1,0.011555492
Cold,404033,2414,2413,2354,1412,1,0.008160557
Cold,14058,114,113,2354,1412,0,-0.00045200763
Cold,15006,119,118,2354,1412,1,0.00020386837
Cold,10470,75,74,2354,1412,1,0.0053398586
Cold,79492,531,530,2354,1412,0,0.013765523
Cold,45334,306,305,2354,1412,0,0.021730144
Cold,109850,716,715,2354,1412,0,0.0065820506
Cold,178199,1120,1119,2354,1412,1,0.009874048
Cold,489669,3013,3012,2354,1412,0,0.0056884014
Cold,562654,3462,3461,2354,1412,1,-0.0027862033
Cold,717100,4294,4293,2354,1412,0,-0.0008679135
Cold,171776,1088,1087,2354,1412,0,0.0067476835
Cold,924157,5580,5579,2354,1412,0,0.017076641
Cold,265864,1613,1612,2356,1414,0,0.0122962715
Cold,223623,1354,1353,2356,1414,0,0.00483144
Cold,217494,1318,1317,2356,1414,1,0.0020833744
Cold,212969,1297,1296,2356,1414,0,0.0054521756
Cold,200762,1233,1232,2356,1414,0,0.0060691806
Cold,189021,1172,1171,2356,1414,0,0.0035174945
Cold,211070,1285,1284,2356,1414,1,0.0109802205
Cold,201624,1242,1241,2356,1414,0,0.011174873
Cold,332719,1962,1961,2356,1414,0,0.0040618023
Cold,112551,731,730,2356,1414,1,0.005639641
Cold,97888,655,654,2356,1414,0,0.0034589279
Cold,329406,1943,1942,2356,1414,0,0.014278045
Cold,215588,1306,1305,2356,1414,1,0.005041213
Cold,673311,4042,4041,2356,1414,0,0.008801447
Cold,90701,601,600,2356,1414,1,0.0034024438
Cold,77637,524,523,2356,1414,1,0.016526982
Cold,88865,587,586,2356,1414,0,0.00582357
Cold,116331,752,751,2356,1414,0,0.01519228
Cold,53565,352,351,2356,1414,1,0.012341049
Cold,697492,4169,4168,2356,1414,0,0.010112951
Cold,60593,411,410,2356,1414,0,0.0052230237
Cold,33385,225,224,2356,1414,0,0.0137567725
Cold,17448,136,135,2356,1414,1,0.0055811163
Cold,6358,45,44,2356,1414,0,0.007042832
Cold,748049,4465,4464,2356,1414,0,0.0028527356
Cold,485127,2986,2985,2356,1414,0,0.012442337
Cold,371033,2168,2167,2356,1414,0,0.011630651
Cold,879398,5312,5311,2356,1414,0,0.0102119455
Cold,893377,5394,5393,2356,1414,1,0.0054355063
Cold,257750,1579,1578,2356,1414,0,-0.0014602669
Cold,811427,4867,4866,2356,1414,1,0.0026928715
Cold,413235,2485,2484,2356,1414,0,0.005012245
Cold,461556,2847,2846,2356,1414,1,0.009679258
Cold,810421,4861,4860,2356,1414,1,0.0060743536
Cold,841523,5054,5053,2356,1414,0,0.004683279
Cold,863425,5198,5197,2356,1414,0,0.007821705
Cold,479508,2942,2941,2360,1417,0,0.00693762
Cold,546124,3367,3366,2360,1417,1,0.009539912
Cold,475556,2918,2917,2360,1417,1,0.0063143624
Cold,880160,5317,5316,2360,1417,1,0.0047326526
Cold,465712,2872,2871,2360,1417,1,0.020230686
Cold,458950,2825,2824,2360,1417,1,0.0017624195
Cold,571449,3504,3503,2360,1417,1,0.014633166
Cold,416705,2507,2506,2360,1417,1,0.011958569
Cold,368085,2149,2148,2360,1417,1,0.014269695
Cold,342587,2015,2014,2360,1417,0,-0.00021874893
Cold,321507,1905,1904,2360,1417,1,-0.0037372601
Cold,313343,1869,1868,2360,1417,1,0.006968041
Cold,321054,1903,1902,2360,1417,1,0.003181559
Cold,310323,1847,1846,2360,1417,1,0.0035460005
Cold,290322,1733,1732,2360,1417,1,0.011793952
Cold,269095,1632,1631,2360,1417,1,0.012096195
Cold,262707,1602,1601,2360,1417,1,0.0016551001
Cold,246905,1491,1490,2360,1417,1,0.015255563
Cold,294365,1749,1748,2360,1417,1,-0.000539914
Cold,237197,1442,1441,2360,1417,1,0.009486655
Cold,226691,1374,1373,2360,1417,1,0.006240522
Cold,308099,1836,1835,2360,1417,0,0.014941718
Cold,187695,1164,1163,2360,1417,1,0.008807791
Cold,168536,1069,1068,2360,1417,1,0.010197816
Cold,152494,981,980,2360,1417,1,0.017559573
Cold,150082,966,965,2360,1417,1,0.013301417
Cold,148785,957,956,2360,1417,1,0.0015818168
Cold,147769,952,951,2360,1417,1,0.0029633075
Cold,138469,889,888,2360,1417,1,0.0064069927
Cold,131221,850,849,2360,1417,1,0.0072814235
Cold,107349,706,705,2360,1417,0,0.000412378
Cold,100894,673,672,2360,1417,1,0.0018457759
Cold,97891,655,654,2360,1417,0,0.009250832
Cold,90014,593,592,2360,1417,1,0.00787924
Cold,889334,5367,5366,2360,1417,1,0.0038641877
Cold,45850,308,307,2360,1417,1,0.013581824
Cold,34661,235,234,2360,1417,1,0.007941475
Cold,33392,225,224,2360,1417,1,0.01366079
Cold,21953,161,160,2360,1417,1,0.0029711842
Cold,748051,4465,4464,2360,1417,1,0.00067543145
Cold,17922,138,137,2360,1417,1,0.0058600423
Cold,24279,173,172,2360,1417,1,0.0030074243
Cold,23589,169,168,2360,1417,0,0.014682658
Cold,261213,1597,1596,2360,1417,1,0.012611715
Cold,460751,2841,2840,2360,1417,1,0.0061336095
Cold,713975,4277,4276,2360,1417,1,0.021736367
Cold,28010,195,194,2360,1417,1,0.012613097
Cold,548717,3387,3386,2360,1417,1,0.007153023
Cold,19889,149,148,2360,1417,1,0.008047267
Cold,232567,1413,1412,2360,1417,1,0.005821163
Cold,485135,2986,2985,2360,1417,0,0.022489402
Cold,497288,3054,3053,2360,1417,1,0.010203512
Cold,223083,1352,1351,2360,1417,1,0.0076668323
Cold,27525,193,192,2360,1417,1,0.010666471
Cold,116344,752,751,2360,1417,1,0.01517982
Cold,322481,1912,1911,2360,1417,0,0.006621413
Cold,511908,3158,3157,2360,1417,1,0.006315098
Cold,604334,3675,3674,2361,1418,1,-0.012259092
Cold,726017,4344,4343,2361,1418,0,-0.008377031
Cold,632047,3822,3821,2361,1418,0,-0.010691878
Cold,587990,3589,3588,2361,1418,0,-0.0012932662
Cold,586205,3578,3577,2361,1418,0,-0.008353642
Cold,595276,3621,3620,2361,1418,0,-0.004586582
Cold,580566,3546,3545,2361,1418,0,-0.006156808
Cold,610645,3704,3703,2361,1418,1,-0.001556308
Cold,556103,3417,3416,2361,1418,1,-0.0064720847
Cold,554035,3410,3409,2361,1418,1,-0.015870772
Cold,613656,3717,3716,2361,1418,1,-0.015742362
Cold,547210,3374,3373,2361,1418,0,-0.00047091395
Cold,540395,3323,3322,2361,1418,0,-0.0056188446
Cold,536097,3308,3307,2361,1418,1,-0.012438477
Cold,544118,3353,3352,2361,1418,1,-0.0038996937
Cold,522699,3224,3223,2361,1418,1,-0.0068497555
Cold,518248,3198,3197,2361,1418,1,-0.013118876
Cold,527512,3261,3260,2361,1418,0,-0.01466303
Cold,510470,3145,3144,2361,1418,1,-0.013149643
Cold,508263,3128,3127,2361,1418,1,-0.0029615527
Cold,571121,3503,3502,2361,1418,0,-0.011267759
Cold,500276,3072,3071,2361,1418,0,-0.016749062
Cold,482773,2967,2966,2361,1418,1,-0.0032871224
Cold,476820,2928,2927,2361,1418,0,-0.0070927595
Cold,475155,2916,2915,2361,1418,0,-0.011001389
Cold,601654,3658,3657,2361,1418,1,-0.0059800334
Cold,462641,2854,2853,2361,1418,1,-0.0020553845
Cold,459413,2829,2828,2361,1418,0,0.0049432158
Cold,458052,2820,2819,2361,1418,1,-0.009263427
Cold,439621,2685,2684,2361,1418,0,-0.0062098457
Cold,434457,2649,2648,2361,1418,0,-0.0129659055
Cold,416708,2507,2506,2361,1418,1,-0.017736971
Cold,464222,2860,2859,2361,1418,1,-0.006409363
Cold,381695,2231,2230,2361,1418,1,-0.013342929
Cold,394240,2323,2322,2361,1418,1,-0.0053520026
Cold,342034,2014,2013,2361,1418,1,-0.0013285858
Cold,325465,1926,1925,2361,1418,1,-0.010795547
Cold,298348,1768,1767,2361,1418,0,0.0038709748
Cold,290324,1733,1732,2361,1418,0,0.0025255305
Cold,285976,1706,1705,2361,1418,1,-0.009195532
Cold,279478,1680,1679,2361,1418,1,-0.012785638
Cold,284884,1699,1698,2361,1418,0,-0.006564206
Cold,281319,1687,1686,2361,1418,1,-0.00981226
Cold,274442,1658,1657,2361,1418,1,-0.004601339
Cold,280903,1685,1684,2361,1418,0,-0.009604881
Cold,269096,1632,1631,2361,1418,0,-0.01579155
Cold,264180,1607,1606,2361,1418,0,-0.0130531285
Cold,631660,3821,3820,2361,1418,0,-0.008507622
Cold,336065,1980,1979,2361,1418,1,-0.0177119
Cold,312388,1861,1860,2361,1418,0,-0.011915225
Cold,220407,1335,1334,2361,1418,1,-0.009499322
Cold,308101,1836,1835,2361,1418,0,-0.01840133
Cold,321909,1911,1910,2361,1418,0,0.00083117257
Cold,199111,1223,1222,2361,1418,1,-0.003206591
Cold,188093,1167,1166,2361,1418,0,-0.0022312305
Cold,190041,1179,1178,2361,1418,0,-0.01286507
Cold,182829,1140,1139,2361,1418,0,-0.01203092
Cold,173726,1100,1099,2361,1418,1,-0.0017250944
Cold,157526,1013,1012,2361,1418,0,-0.0034430684
Cold,158359,1015,1014,2361,1418,0,-0.0060991547
Cold,337093,1983,1982,2361,1418,1,-0.014821719
Cold,185447,1150,1149,2361,1418,0,-0.008939219
Cold,142454,919,918,2361,1418,1,-0.006580139
Cold,217148,1317,1316,2361,1418,1,-0.011973515
Cold,260873,1594,1593,2361,1418,0,-0.0051178276
Cold,140298,899,898,2361,1418,0,-0.007445296
Cold,138473,889,888,2361,1418,0,-0.007093229
Cold,131223,850,849,2361,1418,1,-0.00848786
Cold,160197,1019,1018,2361,1418,0,-0.01179439
Cold,112565,731,730,2361,1418,0,-0.011141881
Cold,284294,1698,1697,2361,1418,1,-0.013131439
Cold,90707,601,600,2361,1418,1,-0.0057404023
Cold,99586,664,663,2361,1418,1,-0.0051478674
Cold,75571,514,513,2361,1418,0,-0.010601096
Cold,116346,752,751,2361,1418,0,-0.014801405
Cold,63719,425,424,2361,1418,0,-0.009152868
Cold,57118,386,385,2361,1418,0,0.00055798935
Cold,240224,1449,1448,2361,1418,1,-0.01659077
Cold,211081,1285,1284,2361,1418,0,-0.010241015
Cold,363156,2116,2115,2361,1418,0,-0.0070964703
Cold,31924,216,215,2361,1418,0,-0.005809282
Cold,27527,193,192,2361,1418,0,-0.0059672873
Cold,18058,139,138,2361,1418,1,-0.0014720634
Cold,17453,136,135,2361,1418,1,-0.008836787
Cold,16838,132,131,2361,1418,0,-0.013133444
Cold,24864,175,174,2361,1418,0,-0.002329139
Cold,21495,157,156,2361,1418,0,-0.02159379
Cold,713977,4277,4276,2361,1418,1,-0.009255357
Cold,467372,2880,2879,2361,1418,1,-0.0028954716
Cold,294956,1752,1751,2361,1418,1,-0.008737139
Cold,924161,5580,5579,2361,1418,1,-0.020991778
Cold,50600,333,332,2361,1418,0,0.004905993
Cold,130553,846,845,2361,1418,1,-0.0068968525
Cold,745427,4448,4447,2361,1418,1,-0.006862402
Cold,310746,1851,1850,2361,1418,0,-0.006841795
Cold,821728,4940,4939,2361,1418,1,0.0061694705
Cold,555054,3413,3412,2361,1418,0,-0.0067031714
Cold,748331,4467,4466,2361,1418,1,-0.009541778
Cold,529177,3271,3270,2364,1420,0,-0.002114247
Cold,525102,3242,3241,2364,1420,0,-0.0007525878
Cold,514572,3178,3177,2364,1420,1,-0.004783898
Cold,494274,3032,3031,2364,1420,1,0.0026053535
Cold,463399,2857,2856,2364,1420,0,0.0019382613
Cold,434458,2649,2648,2364,1420,0,0.0055313236
Cold,418135,2526,2525,2364,1420,0,-0.0035790452
Cold,408954,2455,2454,2364,1420,0,-0.0057639247
Cold,406998,2445,2444,2364,1420,0,-0.009744229
Cold,402380,2402,2401,2364,1420,0,-0.005810365
Cold,392304,2304,2303,2364,1420,0,-0.006659222
Cold,370746,2167,2166,2364,1420,0,-0.0072004385
Cold,374186,2181,2180,2364,1420,0,0.00509038
Cold,342592,2015,2014,2364,1420,0,-0.0010217655
Cold,311581,1856,1855,2364,1420,1,-0.002300581
Cold,297080,1761,1760,2364,1420,1,0.0027328008
Cold,300426,1780,1779,2364,1420,0,0.0023258245
Cold,292398,1741,1740,2364,1420,1,-0.006345451
Cold,288941,1726,1725,2364,1420,1,-0.01024034
Cold,277039,1675,1674,2364,1420,0,-0.0065149562
Cold,265164,1611,1610,2364,1420,1,0.00040941546
Cold,261413,1598,1597,2364,1420,0,-0.002422248
Cold,244708,1473,1472,2364,1420,0,0.005486331
Cold,242872,1465,1464,2364,1420,0,0.0034529467
Cold,336067,1980,1979,2364,1420,0,-0.0039463285
Cold,273055,1647,1646,2364,1420,0,0.0007850332
Cold,279482,1680,1679,2364,1420,1,0.006792575
Cold,307534,1835,1834,2364,1420,1,0.007541068
Cold,276665,1673,1672,2364,1420,0,-0.000738607
Cold,170559,1086,1085,2364,1420,1,0.009166742
Cold,275605,1667,1666,2364,1420,0,-0.0033611949
Cold,133034,858,857,2364,1420,1,-0.004858477
Cold,123927,798,797,2364,1420,0,0.0051418026
Cold,107191,705,704,2364,1420,0,0.013714045
Cold,97095,651,650,2364,1420,0,-0.0047025867
Cold,152317,980,979,2364,1420,0,-0.0034009241
Cold,352019,2063,2062,2364,1420,0,-0.00015645439
Cold,713980,4277,4276,2364,1420,0,-0.0005963083
Cold,86169,563,562,2364,1420,0,0.00094657624
Cold,84298,550,549,2364,1420,0,0.0005079713
Cold,70462,475,474,2364,1420,1,-0.0027821357
Cold,70833,476,475,2364,1420,1,-0.008620998
Cold,72147,482,481,2364,1420,0,0.003904631
Cold,440166,2691,2690,2364,1420,0,-0.005098069
Cold,26124,186,185,2364,1420,1,-0.0036584712
Cold,270040,1635,1634,2364,1420,1,0.0026661782
Cold,14415,117,116,2364,1420,0,-0.00030475517
Cold,11911,92,91,2364,1420,0,0.006660066
Cold,8414,58,57,2364,1420,1,-0.00091135944
Cold,530297,3274,3273,2364,1420,0,-0.0072642085
Cold,174220,1101,1100,2364,1420,0,0.0037120862
Cold,626879,3792,3791,2364,1420,0,0.0089862775
Cold,967407,5831,5830,2364,1420,0,0.0108710835
Cold,328313,1941,1940,2364,1420,0,0.0004432873
Cold,596685,3626,3625,2364,1420,0,-0.005828692
Cold,633377,3824,3823,2364,1420,0,0.0014821859
Cold,489678,3013,3012,2364,1420,0,-0.0016256021
Cold,136693,881,880,2364,1420,0,0.0006967718
Cold,63084,424,423,2364,1420,0,0.0035608546
Cold,879403,5312,5311,2364,1420,1,0.0021902919
Cold,718966,4305,4304,2364,1420,0,0.0033796686
Cold,621262,3762,3761,2365,1421,0,0.0019799317
Cold,623442,3771,3770,2365,1421,0,0.0071424968
Cold,602108,3662,3661,2365,1421,0,0.0047301427
Cold,598881,3646,3645,2365,1421,0,0.005579884
Cold,595279,3621,3620,2365,1421,0,0.007474683
Cold,586467,3579,3578,2365,1421,1,0.0066098263
Cold,728482,4354,4353,2365,1421,1,0.008521454
Cold,572647,3508,3507,2365,1421,1,-0.008925893
Cold,657153,3961,3960,2365,1421,0,-0.0038697508
Cold,566331,3476,3475,2365,1421,0,-0.0030652035
Cold,509856,3140,3139,2365,1421,0,-0.004469177
Cold,494277,3032,3031,2365,1421,1,0.0061472785
Cold,697512,4169,4168,2365,1421,0,0.008553339
Cold,475956,2921,2920,2365,1421,0,-0.0041345595
Cold,472687,2907,2906,2365,1421,0,0.00948938
Cold,463401,2857,2856,2365,1421,0,0.005696891
Cold,457122,2816,2815,2365,1421,0,0.013918585
Cold,411079,2466,2465,2365,1421,0,-0.0014348594
Cold,407000,2445,2444,2365,1421,1,-0.006436128
Cold,402382,2402,2401,2365,1421,0,-0.012307266
Cold,389013,2279,2278,2365,1421,0,3.616186e-05
Cold,373491,2180,2179,2365,1421,0,0.008620708
Cold,370747,2167,2166,2365,1421,0,0.0017131843
Cold,366719,2137,2136,2365,1421,0,0.006338448
Cold,361741,2109,2108,2365,1421,0,0.0025377704
Cold,374187,2181,2180,2365,1421,0,-0.001240849
Cold,337095,1983,1982,2365,1421,0,0.0050618746
Cold,334661,1974,1973,2365,1421,1,0.0021937217
Cold,327216,1939,1938,2365,1421,0,0.002421958
Cold,301316,1790,1789,2365,1421,0,0.0012688133
Cold,293223,1746,1745,2365,1421,0,0.001652686
Cold,297584,1764,1763,2365,1421,1,-0.0020086975
Cold,300427,1780,1779,2365,1421,0,0.0064177588
Cold,285379,1701,1700,2365,1421,0,0.005811221
Cold,269100,1632,1631,2365,1421,0,0.004360047
Cold,265166,1611,1610,2365,1421,1,0.007993756
Cold,261414,1598,1597,2365,1421,0,0.008697842
Cold,436523,2665,2664,2365,1421,0,0.008183289
Cold,244709,1473,1472,2365,1421,0,0.0071729906
Cold,224976,1360,1359,2365,1421,1,0.0072682267
Cold,267252,1624,1623,2365,1421,0,0.0063898033
Cold,216233,1312,1311,2365,1421,0,-0.0063786814
Cold,273057,1647,1646,2365,1421,1,0.0012797145
Cold,279485,1680,1679,2365,1421,1,0.0016951873
Cold,189835,1177,1176,2365,1421,0,-0.0003570302
Cold,175616,1112,1111,2365,1421,0,0.008977246
Cold,275607,1667,1666,2365,1421,0,0.0040132683
Cold,155944,1004,1003,2365,1421,0,0.002981805
Cold,123929,798,797,2365,1421,0,-0.0047503924
Cold,114496,744,743,2365,1421,0,0.0032401807
Cold,107192,705,704,2365,1421,0,0.007575239
Cold,95491,639,638,2365,1421,0,0.009441964
Cold,90958,602,601,2365,1421,0,0.0018926812
Cold,86170,563,562,2365,1421,0,0.008880359
Cold,82275,546,545,2365,1421,0,-0.0011321991
Cold,78130,526,525,2365,1421,0,0.016284913
Cold,70835,476,475,2365,1421,1,0.006618959
Cold,70464,475,474,2365,1421,0,-0.0030019132
Cold,72149,482,481,2365,1421,1,0.0069030714
Cold,75944,516,515,2365,1421,0,-0.004113152
Cold,53581,352,351,2365,1421,0,0.0035046295
Cold,28738,198,197,2365,1421,0,0.0013178067
Cold,15165,121,120,2365,1421,1,0.0056243753
Cold,14417,117,116,2365,1421,1,-0.003475557
Cold,8416,58,57,2365,1421,1,0.0002763588
Cold,389465,2282,2281,2365,1421,0,0.010809016
Cold,161372,1029,1028,2365,1421,0,0.006773336
Cold,552452,3401,3400,2365,1421,0,0.004259832
Cold,432770,2638,2637,2365,1421,0,0.009982354
Cold,626881,3792,3791,2365,1421,0,0.0025153216
Cold,879404,5312,5311,2365,1421,0,-0.0016529688
Cold,261214,1597,1596,2365,1421,0,-0.0040038954
Cold,514573,3178,3177,2365,1421,0,-0.0057562552
Cold,287772,1717,1716,2365,1421,1,-0.0019322848
Cold,136695,881,880,2365,1421,1,-0.00049817003
Cold,495167,3038,3037,2365,1421,1,-0.0067317765
Cold,623450,3771,3770,2370,1425,0,0.0049611153
Cold,633389,3824,3823,2370,1425,1,0.009550609
Cold,596698,3626,3625,2370,1425,0,-0.0025291615
Cold,587998,3589,3588,2370,1425,0,-0.0049616173
Cold,581788,3555,3554,2370,1425,1,0.0060512037
Cold,577958,3529,3528,2370,1425,0,-0.010822582
Cold,745436,4448,4447,2370,1425,1,0.0021637434
Cold,572262,3507,3506,2370,1425,0,0.00807018
Cold,569323,3491,3490,2370,1425,1,-0.001928973
Cold,549129,3389,3388,2370,1425,0,0.00025919144
Cold,531487,3281,3280,2370,1425,0,0.007186872
Cold,525106,3242,3241,2370,1425,1,0.0075009447
Cold,522712,3224,3223,2370,1425,1,0.0027734279
Cold,539969,3320,3319,2370,1425,1,0.0011172695
Cold,521492,3217,3216,2370,1425,0,0.0078541385
Cold,490841,3018,3017,2370,1425,1,0.009829985
Cold,529827,3272,3271,2370,1425,1,0.0007306107
Cold,753516,4489,4488,2370,1425,0,0.0019910329
Cold,697529,4169,4168,2370,1425,0,0.01054248
Cold,738476,4411,4410,2370,1425,0,0.002731134
Cold,473812,2909,2908,2370,1425,1,0.014270257
Cold,852913,5113,5112,2370,1425,0,0.0013614949
Cold,754950,4497,4496,2370,1425,1,0.004130208
Cold,446461,2752,2751,2370,1425,0,-0.00063228793
Cold,833074,5008,5007,2370,1425,1,0.004981831
Cold,424524,2575,2574,2370,1425,0,0.005137817
Cold,609693,3695,3694,2370,1425,1,0.009265191
Cold,400125,2382,2381,2370,1425,1,0.0027392623
Cold,398282,2368,2367,2370,1425,0,-0.0022887904
Cold,418791,2529,2528,2370,1425,0,0.0029522548
Cold,387571,2265,2264,2370,1425,1,-0.0050493353
Cold,369977,2164,2163,2370,1425,1,-0.0021569766
Cold,356452,2088,2087,2370,1425,1,0.0027576122
Cold,380854,2225,2224,2370,1425,0,0.0015408834
Cold,298351,1768,1767,2370,1425,0,0.005746654
Cold,290948,1736,1735,2370,1425,1,0.009811532
Cold,292405,1741,1740,2370,1425,1,0.007973784
Cold,289395,1727,1726,2370,1425,1,0.006673509
Cold,269109,1632,1631,2370,1425,0,0.0013554015
Cold,350751,2059,2058,2370,1425,1,-0.015219103
Cold,241308,1451,1450,2370,1425,0,-0.001893905
Cold,336080,1980,1979,2370,1425,0,0.0011690225
Cold,279504,1680,1679,2370,1425,0,0.009453241
Cold,193749,1194,1193,2370,1425,1,-0.003435839
Cold,186657,1155,1154,2370,1425,0,0.0031650541
Cold,180373,1128,1127,2370,1425,0,0.0039513847
Cold,180012,1127,1126,2370,1425,0,-0.0007618731
Cold,328336,1941,1940,2370,1425,0,-0.0018675101
Cold,275613,1667,1666,2370,1425,1,0.007958611
Cold,158376,1015,1014,2370,1425,1,0.001676868
Cold,151014,971,970,2370,1425,0,0.0035073156
Cold,151652,975,974,2370,1425,1,-0.0013112449
Cold,142457,919,918,2370,1425,1,0.0031493683
Cold,204223,1257,1256,2370,1425,0,-0.0009975573
Cold,135709,877,876,2370,1425,0,0.009086385
Cold,331726,1958,1957,2370,1425,0,0.0032810594
Cold,135049,873,872,2370,1425,1,0.0013488736
Cold,315367,1880,1879,2370,1425,1,-0.0038035687
Cold,211093,1285,1284,2370,1425,1,0.010297105
Cold,320188,1899,1898,2370,1425,0,0.007060278
Cold,98440,659,658,2370,1425,0,0.0065854904
Cold,97899,655,654,2370,1425,0,-0.00022273394
Cold,85837,560,559,2370,1425,0,0.003989836
Cold,84309,550,549,2370,1425,0,-0.0053295386
Cold,80273,533,532,2370,1425,0,0.0022035516
Cold,50852,335,334,2370,1425,1,0.0040074578
Cold,42735,293,292,2370,1425,1,0.0028683315
Cold,36357,245,244,2370,1425,0,-0.0013765083
Cold,19305,148,147,2370,1425,1,-0.004874869
Cold,2171,18,17,2370,1425,1,0.0006488536
Cold,49294,329,328,2370,1425,0,0.0013384676
Cold,1441,13,12,2370,1425,1,-0.0009302328
Cold,18653,146,145,2370,1425,1,0.0049942974
Cold,10206,73,72,2370,1425,1,0.0027301698
Cold,249895,1505,1504,2370,1425,0,0.005141777
Cold,102391,678,677,2370,1425,1,-0.00016409135
Cold,28033,195,194,2370,1425,1,0.0053313724
Cold,964531,5812,5811,2370,1425,0,0.0043642726
Cold,903027,5458,5457,2370,1425,1,0.0061672875
Cold,63098,424,423,2370,1425,0,0.002956111
Cold,657588,3963,3962,2370,1425,1,0.0022150679
Cold,858032,5156,5155,2370,1425,1,0.01362884
Cold,665905,4007,4006,2373,1428,1,-0.0008764067
Cold,662034,3992,3991,2373,1428,0,5.6244433e-05
Cold,651505,3929,3928,2373,1428,0,-0.0026749398
Cold,648105,3902,3901,2373,1428,1,-0.0033380454
Cold,643733,3878,3877,2373,1428,0,5.831779e-05
Cold,702635,4213,4212,2373,1428,1,-0.0025632854
Cold,640061,3847,3846,2373,1428,0,-0.0040632077
Cold,637000,3836,3835,2373,1428,0,-0.0010916647
Cold,726034,4344,4343,2373,1428,0,-0.0022090697
Cold,629611,3808,3807,2373,1428,0,0.0057944907
Cold,624927,3778,3777,2373,1428,0,-0.010009578
Cold,620491,3759,3758,2373,1428,1,0.0042170193
Cold,623452,3771,3770,2373,1428,0,-0.0014544153
Cold,608659,3691,3690,2373,1428,0,-0.009387897
Cold,601661,3658,3657,2373,1428,0,-0.0021717139
Cold,598497,3642,3641,2373,1428,0,0.003902115
Cold,633395,3824,3823,2373,1428,0,-0.004994645
Cold,596702,3626,3625,2373,1428,0,0.00339446
Cold,590797,3603,3602,2373,1428,0,0.0014391646
Cold,588000,3589,3588,2373,1428,0,-0.0034609511
Cold,586472,3579,3578,2373,1428,0,-0.0040492574
Cold,579489,3539,3538,2373,1428,0,-0.0063649826
Cold,569331,3491,3490,2373,1428,0,-0.010149775
Cold,563776,3469,3468,2373,1428,0,0.0022379616
Cold,570374,3499,3498,2373,1428,0,5.317328e-06
Cold,555291,3414,3413,2373,1428,0,-0.0015466528
Cold,573595,3512,3511,2373,1428,0,0.00279743
Cold,538985,3314,3313,2373,1428,0,0.0012153181
Cold,537283,3311,3310,2373,1428,0,-0.005093498
Cold,527522,3261,3260,2373,1428,0,-0.013485707
Cold,506780,3118,3117,2373,1428,0,-0.0071978634
Cold,499543,3067,3066,2373,1428,0,-0.0024203064
Cold,497964,3056,3055,2373,1428,0,-0.0005749108
Cold,486681,2995,2994,2373,1428,1,0.0011057806
Cold,486334,2994,2993,2373,1428,0,0.0063569727
Cold,517918,3196,3195,2373,1428,1,-0.00083716214
Cold,753517,4489,4488,2373,1428,0,-0.0014158336
Cold,469692,2894,2893,2373,1428,1,-0.009854012
Cold,468972,2888,2887,2373,1428,1,-0.008706285
Cold,754951,4497,4496,2373,1428,0,0.00066211727
Cold,459975,2837,2836,2373,1428,0,0.0044346037
Cold,455289,2803,2802,2373,1428,0,0.0015379791
Cold,594894,3620,3619,2373,1428,0,-0.0068280315
Cold,448026,2761,2760,2373,1428,0,-0.01134982
Cold,427830,2599,2598,2373,1428,0,-0.005315602
Cold,425013,2579,2578,2373,1428,0,-0.0014681964
Cold,409251,2456,2455,2373,1428,0,-0.008611164
Cold,407002,2445,2444,2373,1428,1,-0.00066459004
Cold,436535,2665,2664,2373,1428,0,-4.3618027e-05
Cold,402390,2402,2401,2373,1428,0,0.0060397102
Cold,398758,2374,2373,2373,1428,1,8.7508466e-05
Cold,390070,2288,2287,2373,1428,0,-0.0034468477
Cold,389022,2279,2278,2373,1428,0,-0.0047487523
Cold,377319,2203,2202,2373,1428,1,-0.008370899
Cold,373495,2180,2179,2373,1428,1,-0.0030668734
Cold,368851,2156,2155,2373,1428,0,-0.004131643
Cold,356454,2088,2087,2373,1428,0,0.0022130269
Cold,337102,1983,1982,2373,1428,0,-0.0033645984
Cold,297595,1764,1763,2373,1428,1,-0.0012416788
Cold,290950,1736,1735,2373,1428,1,0.0031710279
Cold,277049,1675,1674,2373,1428,0,-0.00012955512
Cold,291510,1737,1736,2373,1428,0,-0.0026983574
Cold,282688,1694,1693,2373,1428,0,0.003541912
Cold,288948,1726,1725,2373,1428,0,-0.0025843303
Cold,287182,1714,1713,2373,1428,0,0.0011169475
Cold,265883,1613,1612,2373,1428,0,0.0013394465
Cold,342600,2015,2014,2373,1428,1,0.002110481
Cold,242882,1465,1464,2373,1428,0,-0.0068818307
Cold,227215,1377,1376,2373,1428,0,0.0054780855
Cold,221452,1340,1339,2373,1428,0,-0.019154176
Cold,223637,1354,1353,2373,1428,0,-0.0011229117
Cold,224234,1356,1355,2373,1428,1,-0.007992998
Cold,208041,1272,1271,2373,1428,0,-0.0043655057
Cold,279511,1680,1679,2373,1428,0,-0.0008639782
Cold,270055,1635,1634,2373,1428,0,-0.0067635532
Cold,191129,1181,1180,2373,1428,0,-0.0037316987
Cold,203174,1246,1245,2373,1428,0,-0.018181209
Cold,180376,1128,1127,2373,1428,0,0.00086957845
Cold,180014,1127,1126,2373,1428,0,0.00079048984
Cold,248900,1501,1500,2373,1428,0,0.0044004675
Cold,171806,1088,1087,2373,1428,0,0.003307794
Cold,175630,1112,1111,2373,1428,0,-0.0036767656
Cold,328344,1941,1940,2373,1428,0,-0.0033162301
Cold,168893,1071,1070,2373,1428,0,-0.0037155934
Cold,275614,1667,1666,2373,1428,0,0.0005547815
Cold,155952,1004,1003,2373,1428,0,-0.0015443657
Cold,154929,999,998,2373,1428,0,-0.0051949928
Cold,151016,971,970,2373,1428,0,-0.0036902202
Cold,157016,1010,1009,2373,1428,0,0.0011913524
Cold,135716,877,876,2373,1428,0,-0.00213669
Cold,315374,1880,1879,2373,1428,0,0.0014926661
Cold,263453,1605,1604,2373,1428,0,0.012948688
Cold,122215,788,787,2373,1428,0,0.0019590908
Cold,121208,780,779,2373,1428,0,-0.0037035495
Cold,475804,2919,2918,2373,1428,0,0.006183853
Cold,117562,757,756,2373,1428,0,0.0064166607
Cold,114499,744,743,2373,1428,0,-0.010710567
Cold,96193,646,645,2373,1428,0,-0.0056760735
Cold,480204,2946,2945,2373,1428,0,-0.0027150353
Cold,150661,970,969,2373,1428,0,0.0014116876
Cold,77661,524,523,2373,1428,0,0.0012104553
Cold,119346,770,769,2373,1428,0,-0.0028378803
Cold,86714,566,565,2373,1428,0,-0.004326843
Cold,81768,543,542,2373,1428,1,-0.0036427923
Cold,70842,476,475,2373,1428,1,-0.0059500197
Cold,240245,1449,1448,2373,1428,0,-0.0032608924
Cold,53605,352,351,2373,1428,0,-0.007873767
Cold,40312,272,271,2373,1428,1,0.0021125188
Cold,38845,264,263,2373,1428,0,-0.003728088
Cold,36362,245,244,2373,1428,0,-1.4102901e-05
Cold,626891,3792,3791,2373,1428,0,0.0016652797
Cold,28748,198,197,2373,1428,0,-0.007774546
Cold,21507,157,156,2373,1428,0,-0.0018272293
Cold,12277,93,92,2373,1428,0,0.0002338884
Cold,2175,18,17,2373,1428,0,0.0057983263
Cold,49303,329,328,2373,1428,0,-0.003624864
Cold,234206,1422,1421,2373,1428,0,-0.0014433265
Cold,530302,3274,3273,2373,1428,0,0.00069225044
Cold,829176,4979,4978,2373,1428,0,-0.0074099996
Cold,773531,4610,4609,2373,1428,0,0.006792601
Cold,273069,1647,1646,2373,1428,0,0.0009864473
Cold,622230,3768,3767,2373,1428,0,-0.0065122237
Cold,102395,678,677,2373,1428,0,0.0030704965
Cold,964533,5812,5811,2373,1428,0,-0.0032980558
Cold,418796,2529,2528,2373,1428,0,-0.009167704
Cold,473822,2909,2908,2373,1428,0,0.0011302901
Cold,63103,424,423,2373,1428,0,-0.0022831
Cold,341676,2012,2011,2373,1428,0,-0.007964196
Cold,28040,195,194,2373,1428,0,-0.0071362965
Cold,672736,4041,4040,2377,1432,1,-0.0043780967
Cold,668581,4021,4020,2377,1432,1,-0.0023211248
Cold,669112,4022,4021,2377,1432,1,-0.010261691
Cold,667560,4016,4015,2377,1432,0,-0.007364932
Cold,665911,4007,4006,2377,1432,0,-0.0018302307
Cold,665485,4006,4005,2377,1432,0,-0.009126586
Cold,663538,3998,3997,2377,1432,0,-0.0075566084
Cold,651511,3929,3928,2377,1432,0,-0.010575471
Cold,650650,3923,3922,2377,1432,0,0.0025229892
Cold,649881,3916,3915,2377,1432,1,0.0016299873
Cold,644741,3884,3883,2377,1432,0,-0.010997156
Cold,702637,4213,4212,2377,1432,1,-0.0029043816
Cold,628757,3807,3806,2377,1432,0,-0.0035990165
Cold,629617,3808,3807,2377,1432,1,-0.0067943344
Cold,628186,3804,3803,2377,1432,0,-0.009869785
Cold,638334,3841,3840,2377,1432,1,-0.014687461
Cold,623456,3771,3770,2377,1432,0,-0.00064949784
Cold,616506,3731,3730,2377,1432,0,-0.0046387054
Cold,726042,4344,4343,2377,1432,0,-0.0027870215
Cold,633401,3824,3823,2377,1432,1,-0.0036498234
Cold,745440,4448,4447,2377,1432,1,-0.0054320386
Cold,604992,3678,3677,2377,1432,0,-0.006251329
Cold,567143,3482,3481,2377,1432,1,0.0031462954
Cold,657159,3961,3960,2377,1432,0,-0.0010750114
Cold,563778,3469,3468,2377,1432,1,-0.005828944
Cold,557290,3423,3422,2377,1432,0,0.0018874449
Cold,552473,3401,3400,2377,1432,0,-0.003840888
Cold,645365,3885,3884,2377,1432,0,-0.008826684
Cold,545756,3365,3364,2377,1432,0,0.0015157568
Cold,537290,3311,3310,2377,1432,0,-0.0017779687
Cold,536110,3308,3307,2377,1432,0,-0.0068347566
Cold,538575,3313,3312,2377,1432,0,-0.0009871585
Cold,528259,3265,3264,2377,1432,0,-0.0048469873
Cold,566348,3476,3475,2377,1432,0,-0.00437316
Cold,516545,3189,3188,2377,1432,1,-0.014109754
Cold,501831,3081,3080,2377,1432,0,-0.01329569
Cold,504176,3099,3098,2377,1432,0,-0.0031143003
Cold,490850,3018,3017,2377,1432,1,-0.007853033
Cold,697542,4169,4168,2377,1432,1,-0.003919415
Cold,475957,2921,2920,2377,1432,0,-0.022200748
Cold,591253,3607,3606,2377,1432,0,-0.0014633494
Cold,478474,2935,2934,2377,1432,0,0.0011938899
Cold,465182,2868,2867,2377,1432,0,-0.0015114683
Cold,463416,2857,2856,2377,1432,0,0.0025154045
Cold,449629,2772,2771,2377,1432,1,-0.0065364037
Cold,790813,4728,4727,2377,1432,0,-0.016176488
Cold,430754,2625,2624,2377,1432,0,-0.0037658033
Cold,414242,2493,2492,2377,1432,0,-0.0072567123
Cold,411083,2466,2465,2377,1432,0,-0.011486927
Cold,409703,2457,2456,2377,1432,0,0.00029219524
Cold,393345,2312,2311,2377,1432,1,-0.0014062524
Cold,389024,2279,2278,2377,1432,0,-0.006719875
Cold,376204,2194,2193,2377,1432,1,-0.0040067746
Cold,374210,2181,2180,2377,1432,0,0.0027341251
Cold,356456,2088,2087,2377,1432,0,-0.0040436103
Cold,345496,2026,2025,2377,1432,1,-0.002947392
Cold,333453,1968,1967,2377,1432,0,-0.004489034
Cold,326332,1931,1930,2377,1432,0,0.0025971192
Cold,293229,1746,1745,2377,1432,1,-0.0069934274
Cold,288303,1722,1721,2377,1432,1,-0.0035159707
Cold,288467,1723,1722,2377,1432,0,-0.001078885
Cold,291519,1737,1736,2377,1432,1,-0.010048924
Cold,292409,1741,1740,2377,1432,0,-0.0017443227
Cold,279525,1680,1679,2377,1432,0,-0.0023596846
Cold,277052,1675,1674,2377,1432,0,-0.010161886
Cold,276326,1671,1670,2377,1432,1,-0.00047680456
Cold,265176,1611,1610,2377,1432,0,0.0055776555
Cold,259867,1589,1588,2377,1432,0,6.7605986e-05
Cold,259056,1586,1585,2377,1432,0,-0.00022576447
Cold,247791,1496,1495,2377,1432,0,-0.00283704
Cold,350753,2059,2058,2377,1432,1,-0.0057709757
Cold,227220,1377,1376,2377,1432,0,-0.0015193378
Cold,224722,1358,1357,2377,1432,0,0.0032637343
Cold,224520,1357,1356,2377,1432,0,-0.0072924737
Cold,221456,1340,1339,2377,1432,0,-0.0027607568
Cold,219934,1333,1332,2377,1432,1,-0.004646496
Cold,273078,1647,1646,2377,1432,0,0.00045776856
Cold,260141,1591,1590,2377,1432,0,-0.001308622
Cold,244065,1470,1469,2377,1432,0,-0.002198056
Cold,214957,1303,1302,2377,1432,0,-0.000109656015
Cold,328352,1941,1940,2377,1432,0,-0.0067400313
Cold,307549,1835,1834,2377,1432,0,-0.007360015
Cold,182835,1140,1139,2377,1432,0,-0.006365914
Cold,181623,1135,1134,2377,1432,0,-0.0009632027
Cold,179176,1124,1123,2377,1432,0,-0.005674364
Cold,177613,1119,1118,2377,1432,1,-0.0034918578
Cold,196608,1207,1206,2377,1432,1,-0.0067886207
Cold,184055,1146,1145,2377,1432,0,0.0042523933
Cold,166069,1058,1057,2377,1432,0,-0.007890846
Cold,162029,1033,1032,2377,1432,0,0.004114189
Cold,159338,1017,1016,2377,1432,0,0.0050098826
Cold,151018,971,970,2377,1432,0,0.0033656503
Cold,138508,889,888,2377,1432,0,-0.009606656
Cold,714002,4277,4276,2377,1432,0,-0.0019701659
Cold,133300,860,859,2377,1432,1,-0.008717612
Cold,133040,858,857,2377,1432,1,0.004358137
Cold,315379,1880,1879,2377,1432,0,-0.0041000172
Cold,122217,788,787,2377,1432,0,-0.0010894397
Cold,211109,1285,1284,2377,1432,0,0.0013347089
Cold,316907,1884,1883,2377,1432,0,-0.0034060944
Cold,90961,602,601,2377,1432,0,-0.004035618
Cold,86719,566,565,2377,1432,0,-0.0010235545
Cold,86176,563,562,2377,1432,0,-0.0062237536
Cold,74432,508,507,2377,1432,0,-0.00785528
Cold,66590,445,444,2377,1432,0,-0.000101892976
Cold,241313,1451,1450,2377,1432,0,-0.0015248384
Cold,61227,412,411,2377,1432,1,-0.0017971261
Cold,41161,278,277,2377,1432,1,-0.007211447
Cold,37358,255,254,2377,1432,1,-0.007343017
Cold,36368,245,244,2377,1432,0,-0.012192378
Cold,99871,667,666,2377,1432,0,0.0066521615
Cold,28045,195,194,2377,1432,1,-0.006909154
Cold,12427,94,93,2377,1432,1,-0.006695098
Cold,7626,53,52,2377,1432,1,-0.0053471746
Cold,1885,17,16,2377,1432,1,-0.011553163
Cold,108110,710,709,2377,1432,0,-0.004051313
Cold,129527,839,838,2377,1432,1,-0.007013986
Cold,460763,2841,2840,2377,1432,1,-0.0047833472
Cold,365818,2129,2128,2377,1432,0,-0.00052062795
Cold,102402,678,677,2377,1432,0,-0.007770541
Cold,760836,4520,4519,2377,1432,0,-0.009277503
Cold,63112,424,423,2377,1432,0,-0.004107925
Cold,811721,4868,4867,2377,1432,0,-0.007117119
Cold,662428,3993,3992,2380,1435,0,0.0031662483
Cold,650517,3922,3921,2380,1435,0,0.0011076387
Cold,672741,4041,4040,2380,1435,0,0.0032629552
Cold,644747,3884,3883,2380,1435,0,-0.0053042797
Cold,647762,3900,3899,2380,1435,0,-0.01100504
Cold,634090,3825,3824,2380,1435,0,-0.001742823
Cold,629624,3808,3807,2380,1435,0,0.0076657683
Cold,624939,3778,3777,2380,1435,0,-0.004202591
Cold,622239,3768,3767,2380,1435,0,-0.0056543006
Cold,620020,3756,3755,2380,1435,0,0.0026253986
Cold,614842,3724,3723,2380,1435,0,0.0089518605
Cold,636385,3834,3833,2380,1435,1,-0.006289459
Cold,720551,4312,4311,2380,1435,0,-0.004705843
Cold,633407,3824,3823,2380,1435,0,0.0012722635
Cold,622746,3769,3768,2380,1435,0,-0.0027516233
Cold,583548,3562,3561,2380,1435,0,0.0023303125
Cold,613337,3716,3715,2380,1435,0,0.0006034898
Cold,577320,3526,3525,2380,1435,0,0.008604604
Cold,579506,3539,3538,2380,1435,1,-0.00035138405
Cold,581372,3550,3549,2380,1435,0,-0.00071414094
Cold,570383,3499,3498,2380,1435,0,-0.002044769
Cold,550329,3391,3390,2380,1435,0,-0.00023072166
Cold,571140,3503,3502,2380,1435,0,-0.006651574
Cold,537296,3311,3310,2380,1435,0,-0.011161579
Cold,536114,3308,3307,2380,1435,0,-0.003540631
Cold,539981,3320,3319,2380,1435,0,0.00045668194
Cold,520094,3208,3207,2380,1435,0,0.0009593335
Cold,515581,3182,3181,2380,1435,1,0.0028327794
Cold,514982,3180,3179,2380,1435,0,-0.0016822149
Cold,566354,3476,3475,2380,1435,0,-0.0025971434
Cold,605891,3681,3680,2380,1435,0,-0.0038440991
Cold,502206,3082,3081,2380,1435,0,0.014209303
Cold,494307,3032,3031,2380,1435,0,0.005021489
Cold,492839,3029,3028,2380,1435,0,-0.00019179471
Cold,493467,3031,3030,2380,1435,0,0.010947761
Cold,492118,3026,3025,2380,1435,0,-0.0028430119
Cold,517926,3196,3195,2380,1435,0,-0.0008906451
Cold,483971,2976,2975,2380,1435,0,-0.00033816975
Cold,697550,4169,4168,2380,1435,0,-0.0050695706
Cold,472715,2907,2906,2380,1435,0,0.00022374722
Cold,473842,2909,2908,2380,1435,0,-0.009616743
Cold,454840,2797,2796,2380,1435,0,0.00068833213
Cold,451520,2779,2778,2380,1435,0,0.0014109658
Cold,451006,2777,2776,2380,1435,1,-0.005763941
Cold,438862,2681,2680,2380,1435,0,0.012840329
Cold,435134,2658,2657,2380,1435,0,-0.0034633458
Cold,423213,2565,2564,2380,1435,0,-0.0042502424
Cold,420518,2541,2540,2380,1435,0,0.003117003
Cold,419844,2537,2536,2380,1435,0,-0.008717378
Cold,418805,2529,2528,2380,1435,0,0.0008333033
Cold,404624,2419,2418,2380,1435,0,-0.00095669366
Cold,414661,2496,2495,2380,1435,0,-0.009076346
Cold,402398,2402,2401,2380,1435,0,-0.008920476
Cold,395377,2335,2334,2380,1435,0,0.0061833356
Cold,392328,2304,2303,2380,1435,1,-0.0011325954
Cold,436552,2665,2664,2380,1435,0,-0.0055968035
Cold,355509,2080,2079,2380,1435,0,-0.0012202255
Cold,380867,2225,2224,2380,1435,0,0.0034915213
Cold,341685,2012,2011,2380,1435,0,0.001470643
Cold,340763,2010,2009,2380,1435,0,0.004239354
Cold,315388,1880,1879,2380,1435,0,0.003658968
Cold,288130,1721,1720,2380,1435,0,0.002761183
Cold,290954,1736,1735,2380,1435,0,0.0015466635
Cold,291523,1737,1736,2380,1435,0,-0.002608162
Cold,281335,1687,1686,2380,1435,0,-0.002117533
Cold,299137,1776,1775,2380,1435,0,-0.0014491027
Cold,286291,1709,1708,2380,1435,0,0.010084474
Cold,265900,1613,1612,2380,1435,0,-0.0019597758
Cold,246913,1491,1490,2380,1435,0,0.007530816
Cold,227225,1377,1376,2380,1435,0,0.0012477003
Cold,222423,1345,1344,2380,1435,0,0.0072156675
Cold,336102,1980,1979,2380,1435,0,0.011857013
Cold,277821,1676,1675,2380,1435,0,0.004219841
Cold,279541,1680,1679,2380,1435,0,0.007138081
Cold,308754,1837,1836,2380,1435,0,0.0016023356
Cold,305003,1812,1811,2380,1435,0,0.0010679273
Cold,220881,1339,1338,2380,1435,0,-0.0040115397
Cold,307554,1835,1834,2380,1435,0,0.0045300256
Cold,178228,1120,1119,2380,1435,1,0.0021791458
Cold,328368,1941,1940,2380,1435,0,0.003353912
Cold,272282,1645,1644,2380,1435,0,0.004836942
Cold,331747,1958,1957,2380,1435,0,0.0043096696
Cold,161739,1031,1030,2380,1435,0,-0.0033657108
Cold,342614,2015,2014,2380,1435,1,0.00016961084
Cold,143030,922,921,2380,1435,0,0.0015986679
Cold,141582,911,910,2380,1435,0,0.0046774065
Cold,135725,877,876,2380,1435,0,-0.000609288
Cold,134420,869,868,2380,1435,0,0.003039317
Cold,973927,5874,5873,2380,1435,0,0.0055625243
Cold,127976,827,826,2380,1435,0,0.012872021
Cold,125196,803,802,2380,1435,0,0.0058520213
Cold,123942,798,797,2380,1435,0,-0.0014141934
Cold,111512,726,725,2380,1435,0,-0.003680565
Cold,263467,1605,1604,2380,1435,0,-0.005876693
Cold,104886,695,694,2380,1435,0,-0.0017515
Cold,234217,1422,1421,2380,1435,0,0.0007799994
Cold,352056,2063,2062,2380,1435,0,0.0007093954
Cold,93668,628,627,2380,1435,0,-0.00049269595
Cold,89503,589,588,2380,1435,0,0.007094237
Cold,120493,777,776,2380,1435,0,-0.0077372184
Cold,83296,549,548,2380,1435,0,0.0027866843
Cold,191150,1181,1180,2380,1435,0,0.0004643026
Cold,101439,676,675,2380,1435,0,-0.0059173754
Cold,119359,770,769,2380,1435,0,0.0013308926
Cold,81779,543,542,2380,1435,1,-0.0042161345
Cold,70472,475,474,2380,1435,1,-0.004269139
Cold,72170,482,481,2380,1435,0,-0.0020607794
Cold,68793,461,460,2380,1435,0,-0.00017129089
Cold,67503,453,452,2380,1435,0,0.003833736
Cold,57988,392,391,2380,1435,0,0.00587302
Cold,44397,302,301,2380,1435,0,-0.0033931371
Cold,32892,223,222,2380,1435,1,0.00057907146
Cold,240262,1449,1448,2380,1435,0,-0.0011546272
Cold,25576,181,180,2380,1435,0,-0.008600757
Cold,270065,1635,1634,2380,1435,0,0.00021884032
Cold,306231,1824,1823,2380,1435,0,-0.011090575
Cold,21137,155,154,2380,1435,0,0.0028865922
Cold,239097,1448,1447,2380,1435,0,-0.0026906044
Cold,15517,123,122,2380,1435,0,0.010890379
Cold,4794,34,33,2380,1435,0,0.002156496
Cold,79535,531,530,2380,1435,0,-0.0022611367
Cold,66109,442,441,2380,1435,0,0.006234684
Cold,230573,1395,1394,2380,1435,0,-0.0020357766
Cold,78551,528,527,2380,1435,0,0.00075152144
Cold,238059,1447,1446,2380,1435,0,0.011938447
Cold,954337,5761,5760,2380,1435,0,0.003909921
Cold,326148,1930,1929,2380,1435,0,-0.0035917303
Cold,106173,699,698,2380,1435,0,-0.000533242
Cold,273087,1647,1646,2380,1435,0,0.00014907122
Cold,265180,1611,1610,2380,1435,0,-0.00459167
Cold,770569,4591,4590,2380,1435,0,-0.0022771114
Cold,329437,1943,1942,2380,1435,0,0.0037645942
Cold,893402,5394,5393,2380,1435,0,-0.005782666
Cold,717957,4302,4301,2380,1435,0,-0.00045324955
Cold,700003,4186,4185,2380,1435,0,0.004549662
Cold,235090,1425,1424,2380,1435,0,-0.0034833015
Cold,622241,3768,3767,2381,1436,0,-0.004068719
Cold,611903,3709,3708,2381,1436,0,0.009133833
Cold,720552,4312,4311,2381,1436,0,-0.0010962614
Cold,602976,3669,3668,2381,1436,0,0.0024233584
Cold,598296,3641,3640,2381,1436,0,-0.0032549843
Cold,597406,3632,3631,2381,1436,0,-0.0029318973
Cold,633409,3824,3823,2381,1436,0,0.0048433463
Cold,596714,3626,3625,2381,1436,0,0.0010405796
Cold,622747,3769,3768,2381,1436,0,-0.0013368503
Cold,577322,3526,3525,2381,1436,0,0.0024900115
Cold,579509,3539,3538,2381,1436,1,-0.0054280995
Cold,572285,3507,3506,2381,1436,0,-0.0035129322
Cold,581373,3550,3549,2381,1436,0,0.00083268946
Cold,570384,3499,3498,2381,1436,0,0.007215699
Cold,557291,3423,3422,2381,1436,0,0.0010219659
Cold,556948,3422,3421,2381,1436,0,0.005187471
Cold,550330,3391,3390,2381,1436,0,-0.0013326588
Cold,571142,3503,3502,2381,1436,0,-0.012330506
Cold,537297,3311,3310,2381,1436,0,-0.0031282315
Cold,536115,3308,3307,2381,1436,0,-0.0032008085
Cold,539982,3320,3319,2381,1436,0,0.004982295
Cold,531134,3280,3279,2381,1436,0,0.0040288423
Cold,520095,3208,3207,2381,1436,0,-0.003253382
Cold,514983,3180,3179,2381,1436,0,-0.001998952
Cold,566356,3476,3475,2381,1436,0,0.00269943
Cold,502207,3082,3081,2381,1436,0,0.006530574
Cold,494308,3032,3031,2381,1436,1,-0.008270716
Cold,492840,3029,3028,2381,1436,0,0.0015904342
Cold,738484,4411,4410,2381,1436,0,0.0030315483
Cold,493468,3031,3030,2381,1436,0,-0.0012029173
Cold,492119,3026,3025,2381,1436,0,0.0018570339
Cold,517927,3196,3195,2381,1436,0,-0.004137034
Cold,483972,2976,2975,2381,1436,0,-0.0075500463
Cold,697551,4169,4168,2381,1436,0,0.006726262
Cold,472716,2907,2906,2381,1436,0,0.0015155096
Cold,473844,2909,2908,2381,1436,0,0.0042892876
Cold,451007,2777,2776,2381,1436,1,0.0071379696
Cold,439949,2689,2688,2381,1436,0,-0.0029858397
Cold,438863,2681,2680,2381,1436,0,0.006463274
Cold,423214,2565,2564,2381,1436,0,0.004399932
Cold,420519,2541,2540,2381,1436,0,0.001219396
Cold,419845,2537,2536,2381,1436,0,0.002380086
Cold,418807,2529,2528,2381,1436,0,-0.004615548
Cold,414663,2496,2495,2381,1436,0,-5.669362e-05
Cold,436554,2665,2664,2381,1436,0,-0.00081358897
Cold,392330,2304,2303,2381,1436,1,0.0009903552
Cold,377331,2203,2202,2381,1436,0,-6.628269e-05
Cold,362186,2110,2109,2381,1436,0,-0.004757055
Cold,380868,2225,2224,2381,1436,0,-0.0027725373
Cold,341686,2012,2011,2381,1436,0,0.007393473
Cold,340765,2010,2009,2381,1436,0,-0.0034396045
Cold,326501,1934,1933,2381,1436,0,0.0052460018
Cold,290955,1736,1735,2381,1436,0,0.01443222
Cold,291524,1737,1736,2381,1436,0,0.0016839259
Cold,281336,1687,1686,2381,1436,0,-0.0050221095
Cold,299138,1776,1775,2381,1436,0,0.003075996
Cold,265901,1613,1612,2381,1436,0,-0.0014502504
Cold,227226,1377,1376,2381,1436,0,-0.00019254023
Cold,336104,1980,1979,2381,1436,0,-0.002322379
Cold,220882,1339,1338,2381,1436,0,0.0031854212
Cold,277822,1676,1675,2381,1436,0,0.0014839587
Cold,279544,1680,1679,2381,1436,0,-0.00073444005
Cold,305004,1812,1811,2381,1436,0,0.0011614163
Cold,192177,1183,1182,2381,1436,0,0.0027693084
Cold,188437,1169,1168,2381,1436,0,-0.0006741509
Cold,307555,1835,1834,2381,1436,0,-0.0041404925
Cold,178229,1120,1119,2381,1436,1,0.0010127123
Cold,328370,1941,1940,2381,1436,0,0.0055161403
Cold,331748,1958,1957,2381,1436,0,-0.0020195968
Cold,342615,2015,2014,2381,1436,1,0.0006424342
Cold,152321,980,979,2381,1436,0,0.007610035
Cold,143031,922,921,2381,1436,0,0.0010642232
Cold,141584,911,910,2381,1436,0,0.0010577193
Cold,135727,877,876,2381,1436,0,0.012348227
Cold,134421,869,868,2381,1436,1,-0.0077826586
Cold,973928,5874,5873,2381,1436,0,0.0013316716
Cold,272283,1645,1644,2381,1436,0,0.00818886
Cold,106842,702,701,2381,1436,0,-0.00053698744
Cold,263468,1605,1604,2381,1436,0,0.0036772834
Cold,104887,695,694,2381,1436,0,-0.00758684
Cold,352058,2063,2062,2381,1436,0,-0.0015325643
Cold,120494,777,776,2381,1436,0,-0.00048778183
Cold,83298,549,548,2381,1436,0,0.004339628
Cold,101440,676,675,2381,1436,0,-8.464139e-05
Cold,119360,770,769,2381,1436,0,0.00021472666
Cold,81780,543,542,2381,1436,1,-0.0055530807
Cold,73142,494,493,2381,1436,0,0.0016350161
Cold,70473,475,474,2381,1436,0,0.0033629464
Cold,70849,476,475,2381,1436,0,-0.010715064
Cold,67504,453,452,2381,1436,0,0.0032385057
Cold,57990,392,391,2381,1436,0,0.0033131866
Cold,44399,302,301,2381,1436,0,0.0045665503
Cold,626905,3792,3791,2381,1436,0,0.0039781025
Cold,240264,1449,1448,2381,1436,0,0.0038695894
Cold,25578,181,180,2381,1436,0,0.0026046222
Cold,21138,155,154,2381,1436,0,-0.0036463926
Cold,270066,1635,1634,2381,1436,0,0.0076261824
Cold,15520,123,122,2381,1436,0,-0.009656984
Cold,79536,531,530,2381,1436,1,-0.0065011075
Cold,66110,442,441,2381,1436,0,0.0020838692
Cold,230574,1395,1394,2381,1436,0,0.00053076574
Cold,78552,528,527,2381,1436,0,0.0035721082
Cold,954338,5761,5760,2381,1436,0,0.000629239
Cold,326149,1930,1929,2381,1436,0,0.0124704335
Cold,238060,1447,1446,2381,1436,0,-0.00076069124
Cold,106174,699,698,2381,1436,0,0.0036644181
Cold,273088,1647,1646,2381,1436,0,0.0011476811
Cold,164686,1051,1050,2381,1436,0,4.7713052e-05
Cold,265181,1611,1610,2381,1436,0,-0.0016440498
Cold,750682,4478,4477,2381,1436,0,-0.012222602
Cold,893403,5394,5393,2381,1436,0,0.008932736
Cold,709972,4258,4257,2381,1436,0,0.004010522
Cold,558977,3433,3432,2381,1436,0,0.008630972
Cold,235092,1425,1424,2381,1436,0,0.0016958596
Cold,543122,3343,3342,2382,1437,0,0.00051811733
Cold,605892,3681,3680,2382,1437,0,0.0020809295
Cold,537299,3311,3310,2382,1437,0,-0.007585554
Cold,536117,3308,3307,2382,1437,0,0.00042740768
Cold,539983,3320,3319,2382,1437,0,-0.0061627524
Cold,531136,3280,3279,2382,1437,0,0.00463679
Cold,520096,3208,3207,2382,1437,0,-0.009727389
Cold,515582,3182,3181,2382,1437,0,-0.0013403986
Cold,514984,3180,3179,2382,1437,0,0.0025673672
Cold,566357,3476,3475,2382,1437,0,0.0072385706
Cold,574833,3518,3517,2382,1437,0,0.0008805848
Cold,502944,3087,3086,2382,1437,0,-0.0008784358
Cold,492841,3029,3028,2382,1437,0,0.0005935086
Cold,738485,4411,4410,2382,1437,1,-0.0012514183
Cold,492120,3026,3025,2382,1437,0,-0.00038481387
Cold,473846,2909,2908,2382,1437,0,0.0075515294
Cold,487124,2996,2995,2382,1437,0,-0.00415812
Cold,451008,2777,2776,2382,1437,1,0.00058971165
Cold,450330,2776,2775,2382,1437,0,-0.00029823417
Cold,438864,2681,2680,2382,1437,0,0.008436456
Cold,423215,2565,2564,2382,1437,0,-0.005871096
Cold,420520,2541,2540,2382,1437,0,-0.006038133
Cold,415547,2503,2502,2382,1437,0,0.0073350295
Cold,414665,2496,2495,2382,1437,0,0.0021301175
Cold,390314,2289,2288,2382,1437,0,0.0038148165
Cold,380869,2225,2224,2382,1437,0,0.0040321136
Cold,341688,2012,2011,2382,1437,0,0.00259209
Cold,340767,2010,2009,2382,1437,0,-0.0069602593
Cold,290956,1736,1735,2382,1437,0,0.008247946
Cold,291525,1737,1736,2382,1437,0,-0.009480883
Cold,281337,1687,1686,2382,1437,0,1.8950785e-05
Cold,286292,1709,1708,2382,1437,0,-0.002419394
Cold,436556,2665,2664,2382,1437,0,0.010804608
Cold,265902,1613,1612,2382,1437,0,-0.0053730193
Cold,246915,1491,1490,2382,1437,0,0.012215491
Cold,220883,1339,1338,2382,1437,0,0.0035938483
Cold,215804,1307,1306,2382,1437,1,0.0052808216
Cold,277823,1676,1675,2382,1437,0,0.0010996046
Cold,279546,1680,1679,2382,1437,0,0.003512085
Cold,213558,1298,1297,2382,1437,0,0.0057024336
Cold,308756,1837,1836,2382,1437,0,0.005957889
Cold,305006,1812,1811,2382,1437,0,0.00860001
Cold,307556,1835,1834,2382,1437,0,0.0019523744
Cold,178231,1120,1119,2382,1437,1,-0.0021484795
Cold,328372,1941,1940,2382,1437,0,0.0016668168
Cold,272284,1645,1644,2382,1437,0,-0.0062426776
Cold,342616,2015,2014,2382,1437,1,0.0112315165
Cold,143032,922,921,2382,1437,0,-0.0054951194
Cold,141586,911,910,2382,1437,0,0.009554127
Cold,135729,877,876,2382,1437,0,-0.005851469
Cold,134422,869,868,2382,1437,1,0.0039551267
Cold,973929,5874,5873,2382,1437,0,0.012800101
Cold,122427,790,789,2382,1437,0,-0.0031970348
Cold,263469,1605,1604,2382,1437,0,-0.00082423445
Cold,104888,695,694,2382,1437,0,0.0077792406
Cold,352059,2063,2062,2382,1437,0,-0.002828123
Cold,120495,777,776,2382,1437,0,-0.0012053471
Cold,83300,549,548,2382,1437,0,0.0049469355
Cold,119361,770,769,2382,1437,0,0.002065112
Cold,81781,543,542,2382,1437,0,0.004514508
Cold,70475,475,474,2382,1437,0,0.0016272522
Cold,68796,461,460,2382,1437,0,0.0038612671
Cold,67505,453,452,2382,1437,0,0.0059185596
Cold,44401,302,301,2382,1437,0,-0.0014198506
Cold,363190,2116,2115,2382,1437,0,-0.0007194404
Cold,626906,3792,3791,2382,1437,0,-0.00095787423
Cold,240265,1449,1448,2382,1437,0,0.005831853
Cold,270067,1635,1634,2382,1437,0,-0.0014566686
Cold,15522,123,122,2382,1437,0,-0.0049574887
Cold,4796,34,33,2382,1437,0,0.00033175357
Cold,79537,531,530,2382,1437,1,-0.0011738692
Cold,66111,442,441,2382,1437,0,0.0009569265
Cold,481920,2962,2961,2382,1437,0,0.00075085973
Cold,230576,1395,1394,2382,1437,0,0.008134629
Cold,78553,528,527,2382,1437,0,0.00969138
Cold,552481,3401,3400,2382,1437,0,0.010420669
Cold,238061,1447,1446,2382,1437,0,0.0077893753
Cold,954339,5761,5760,2382,1437,0,0.005444563
Cold,326150,1930,1929,2382,1437,0,0.00024209358
Cold,299140,1776,1775,2382,1437,0,-0.0025619129
Cold,572901,3509,3508,2382,1437,0,-0.0042698523
Cold,106176,699,698,2382,1437,0,0.0043440573
Cold,273089,1647,1646,2382,1437,0,-0.0031815637
Cold,164687,1051,1050,2382,1437,0,-0.0019902983
Cold,265182,1611,1610,2382,1437,0,-0.0010212911
Cold,760387,4517,4516,2382,1437,0,-0.003712603
Cold,329438,1943,1942,2382,1437,0,0.010430436
Cold,893404,5394,5393,2382,1437,0,0.010476311
Cold,331749,1958,1957,2382,1437,0,0.00947477
Cold,193763,1194,1193,2382,1437,0,0.004650235
Cold,571148,3503,3502,2383,1438,0,0.003923009
Cold,537302,3311,3310,2383,1438,0,0.0012060262
Cold,536121,3308,3307,2383,1438,0,0.004267636
Cold,539986,3320,3319,2383,1438,0,-0.0014008963
Cold,531141,3280,3279,2383,1438,0,0.0028098875
Cold,515587,3182,3181,2383,1438,0,-0.0020024655
Cold,514987,3180,3179,2383,1438,0,0.00220952
Cold,566361,3476,3475,2383,1438,0,0.00087681005
Cold,574836,3518,3517,2383,1438,0,0.004674446
Cold,494313,3032,3031,2383,1438,0,-0.0015435393
Cold,492845,3029,3028,2383,1438,0,-0.0035904841
Cold,738487,4411,4410,2383,1438,0,-0.00055968156
Cold,492122,3026,3025,2383,1438,0,0.008662123
Cold,487489,2998,2997,2383,1438,0,0.0046131425
Cold,481033,2954,2953,2383,1438,0,0.005494377
Cold,473851,2909,2908,2383,1438,0,-9.83536e-05
Cold,460349,2840,2839,2383,1438,0,0.003618879
Cold,487127,2996,2995,2383,1438,0,-0.0012367505
Cold,451012,2777,2776,2383,1438,1,0.009064676
Cold,450333,2776,2775,2383,1438,0,0.0051999665
Cold,438866,2681,2680,2383,1438,0,0.0011120106
Cold,420522,2541,2540,2383,1438,0,-0.006777753
Cold,415548,2503,2502,2383,1438,0,0.0005993049
Cold,414669,2496,2495,2383,1438,0,0.010127366
Cold,378426,2208,2207,2383,1438,0,0.007859104
Cold,380872,2225,2224,2383,1438,0,-0.0037563287
Cold,341692,2012,2011,2383,1438,0,0.0023370974
Cold,340772,2010,2009,2383,1438,0,0.013387898
Cold,290957,1736,1735,2383,1438,0,0.0010394633
Cold,291528,1737,1736,2383,1438,0,0.013262612
Cold,281340,1687,1686,2383,1438,0,0.0072892494
Cold,286294,1709,1708,2383,1438,0,-0.00034424453
Cold,436561,2665,2664,2383,1438,0,-0.0015411484
Cold,265905,1613,1612,2383,1438,0,0.005549845
Cold,321350,1904,1903,2383,1438,0,0.0030007218
Cold,227229,1377,1376,2383,1438,0,0.005672133
Cold,212321,1293,1292,2383,1438,0,-0.007783734
Cold,277826,1676,1675,2383,1438,0,0.0018946722
Cold,244078,1470,1469,2383,1438,0,0.012473248
Cold,279552,1680,1679,2383,1438,0,0.0108726155
Cold,308760,1837,1836,2383,1438,0,0.011180624
Cold,305010,1812,1811,2383,1438,0,0.010374871
Cold,186390,1152,1151,2383,1438,0,-0.0045549227
Cold,299143,1776,1775,2383,1438,0,0.0092196725
Cold,220886,1339,1338,2383,1438,0,0.00466037
Cold,307560,1835,1834,2383,1438,0,0.0012903111
Cold,178236,1120,1119,2383,1438,0,0.0019854372
Cold,328376,1941,1940,2383,1438,0,0.00025109993
Cold,342621,2015,2014,2383,1438,0,0.0014731912
Cold,144209,929,928,2383,1438,0,0.014353465
Cold,143035,922,921,2383,1438,0,0.010936753
Cold,141590,911,910,2383,1438,0,0.0025840441
Cold,135732,877,876,2383,1438,0,0.0051469924
Cold,134426,869,868,2383,1438,1,-0.0022959653
Cold,973931,5874,5873,2383,1438,0,0.00991439
Cold,123944,798,797,2383,1438,0,0.015573151
Cold,111897,728,727,2383,1438,0,-0.012400754
Cold,104892,695,694,2383,1438,0,-0.0079462575
Cold,352063,2063,2062,2383,1438,0,0.0044423277
Cold,83305,549,548,2383,1438,0,-0.00017472974
Cold,101443,676,675,2383,1438,0,-0.0054505644
Cold,119365,770,769,2383,1438,0,0.0003373907
Cold,81786,543,542,2383,1438,0,0.0021049676
Cold,70478,475,474,2383,1438,0,-0.0031152123
Cold,68800,461,460,2383,1438,0,0.0038607493
Cold,44407,302,301,2383,1438,0,0.014311647
Cold,42747,293,292,2383,1438,0,-3.636419e-05
Cold,626911,3792,3791,2383,1438,0,0.0013020724
Cold,31986,216,215,2383,1438,0,-0.004651362
Cold,21141,155,154,2383,1438,0,0.012893863
Cold,15527,123,122,2383,1438,0,0.002009465
Cold,4797,34,33,2383,1438,0,0.000515962
Cold,79541,531,530,2383,1438,0,0.0027474205
Cold,66115,442,441,2383,1438,0,0.005840035
Cold,230580,1395,1394,2383,1438,0,0.0022484981
Cold,78556,528,527,2383,1438,0,0.0056054965
Cold,552485,3401,3400,2383,1438,0,0.005188317
Cold,238066,1447,1446,2383,1438,0,0.011201452
Cold,954340,5761,5760,2383,1438,0,0.0073650563
Cold,326152,1930,1929,2383,1438,0,-0.006909099
Cold,240270,1449,1448,2383,1438,0,0.0024673687
Cold,106181,699,698,2383,1438,0,-0.0020550643
Cold,273093,1647,1646,2383,1438,0,0.0032365492
Cold,265187,1611,1610,2383,1438,0,-0.0016668383
Cold,272286,1645,1644,2383,1438,0,0.0024028705
Cold,760389,4517,4516,2383,1438,0,0.013925166
Cold,329441,1943,1942,2383,1438,0,0.0063429545
Cold,893405,5394,5393,2383,1438,0,0.0047856523
Cold,331754,1958,1957,2383,1438,0,-1.1106487e-05
Cold,522735,3224,3223,2385,1440,0,-0.00074028317
Cold,517032,3191,3190,2385,1440,0,-0.009709034
Cold,785508,4691,4690,2385,1440,0,-0.00029247708
Cold,738488,4411,4410,2385,1440,0,-0.0057982933
Cold,523507,3227,3226,2385,1440,0,-0.00091908127
Cold,502948,3087,3086,2385,1440,0,0.0055601797
Cold,499560,3067,3066,2385,1440,0,-0.0025292186
Cold,494318,3032,3031,2385,1440,0,-0.0008041607
Cold,492123,3026,3025,2385,1440,0,-0.00450614
Cold,488725,3007,3006,2385,1440,0,-0.0050345315
Cold,493472,3031,3030,2385,1440,1,-0.0019406131
Cold,483975,2976,2975,2385,1440,0,-0.009285041
Cold,482387,2966,2965,2385,1440,0,-0.0014060521
Cold,478162,2934,2933,2385,1440,0,-0.0027681468
Cold,466938,2878,2877,2385,1440,0,0.0026728993
Cold,456530,2810,2809,2385,1440,0,0.004027609
Cold,564554,3471,3470,2385,1440,0,-0.004236865
Cold,420523,2541,2540,2385,1440,0,-0.007486298
Cold,463786,2858,2857,2385,1440,1,0.011495375
Cold,400463,2383,2382,2385,1440,0,-0.0063288347
Cold,399556,2378,2377,2385,1440,0,0.0025630014
Cold,384383,2245,2244,2385,1440,0,0.000585353
Cold,377336,2203,2202,2385,1440,0,0.0023954583
Cold,364858,2124,2123,2385,1440,1,-0.0022191843
Cold,363198,2116,2115,2385,1440,1,-0.006577455
Cold,352068,2063,2062,2385,1440,0,-0.006098001
Cold,341694,2012,2011,2385,1440,0,-0.0026394185
Cold,340776,2010,2009,2385,1440,0,-0.0044282293
Cold,280500,1683,1682,2385,1440,0,-0.0007148369
Cold,297609,1764,1763,2385,1440,1,0.0014002755
Cold,268572,1631,1630,2385,1440,0,-0.0036255717
Cold,224246,1356,1355,2385,1440,0,-0.0022144301
Cold,336111,1980,1979,2385,1440,0,0.001176208
Cold,223650,1354,1353,2385,1440,0,-0.0040423665
Cold,277828,1676,1675,2385,1440,0,-0.0110390065
Cold,273095,1647,1646,2385,1440,0,-0.0005360232
Cold,205925,1264,1263,2385,1440,0,-0.004346688
Cold,279560,1680,1679,2385,1440,0,0.0007635325
Cold,305012,1812,1811,2385,1440,1,-0.0060599865
Cold,236440,1434,1433,2385,1440,0,0.0010995073
Cold,189044,1172,1171,2385,1440,0,-0.0072957026
Cold,331758,1958,1957,2385,1440,0,0.0007272652
Cold,172660,1094,1093,2385,1440,0,-0.0001163627
Cold,172929,1096,1095,2385,1440,0,-0.009778638
Cold,169832,1078,1077,2385,1440,1,0.0036646244
Cold,167948,1068,1067,2385,1440,0,-0.0050400766
Cold,328380,1941,1940,2385,1440,0,-0.009164017
Cold,189427,1173,1172,2385,1440,0,-0.002182731
Cold,149263,960,959,2385,1440,0,-0.0047582667
Cold,138527,889,888,2385,1440,0,-0.0011504393
Cold,136722,881,880,2385,1440,0,0.0006506305
Cold,134429,869,868,2385,1440,1,-0.006919897
Cold,131248,850,849,2385,1440,1,0.0035513036
Cold,128050,828,827,2385,1440,0,-0.00072815816
Cold,360927,2106,2105,2385,1440,0,0.0029293008
Cold,111514,726,725,2385,1440,0,-0.009275734
Cold,235098,1425,1424,2385,1440,0,-0.0037724595
Cold,191160,1181,1180,2385,1440,0,-0.007377375
Cold,83311,549,548,2385,1440,0,-0.0048612054
Cold,84325,550,549,2385,1440,0,0.002327039
Cold,116387,752,751,2385,1440,0,-0.0098916255
Cold,76742,520,519,2385,1440,0,-0.002736227
Cold,58509,396,395,2385,1440,0,0.0006226753
Cold,155424,1001,1000,2385,1440,0,-0.003930772
Cold,50072,331,330,2385,1440,0,0.0021843459
Cold,47396,319,318,2385,1440,0,-0.0024274348
Cold,49332,329,328,2385,1440,0,0.0035348008
Cold,46429,310,309,2385,1440,1,-0.0046707094
Cold,538038,3312,3311,2385,1440,0,0.00024252501
Cold,37371,255,254,2385,1440,1,-0.00624751
Cold,300005,1779,1778,2385,1440,0,-0.0006194974
Cold,6413,45,44,2385,1440,0,-0.0116122635
Cold,4982,35,34,2385,1440,1,-0.0042594247
Cold,79546,531,530,2385,1440,0,-0.0034993012
Cold,158399,1015,1014,2385,1440,0,-0.004509303
Cold,626914,3792,3791,2385,1440,0,-0.010068585
Cold,750684,4478,4477,2385,1440,0,-0.010743899
Cold,907849,5492,5491,2385,1440,0,-0.0014295762
Cold,195586,1203,1202,2385,1440,0,-0.0017388265
Cold,562685,3462,3461,2385,1440,1,-0.014164124
Cold,507825,3125,3124,2385,1440,0,-0.00048677693
Cold,171831,1088,1087,2385,1440,0,-0.015174045
Cold,832036,5001,5000,2385,1440,1,-0.0023589893
Cold,178698,1121,1120,2385,1440,1,3.7376536e-05
Cold,941759,5682,5681,2385,1440,0,-0.0037523294
Cold,790818,4728,4727,2385,1440,0,-0.0053552417
Cold,314967,1880,1879,2417,1467,0,0.00921164
Cold,112280,731,730,2417,1467,1,0.013791159
Cold,97703,655,654,2417,1467,0,0.01489791
Cold,87851,577,576,2417,1467,0,0.0070831063
Cold,190436,1181,1180,2417,1467,0,0.009624115
Cold,239703,1449,1448,2417,1467,0,0.015347069
Cold,47302,319,318,2417,1467,0,0.0035956865
Cold,638902,3842,3841,2417,1467,0,0.004758317
Cold,42068,285,284,2417,1467,0,0.007969851
Cold,6342,45,44,2417,1467,0,-0.0027917065
Cold,211994,1291,1290,2417,1467,0,0.011581197
Cold,335501,1980,1979,2417,1467,0,0.01823608
Cold,276053,1671,1670,2417,1467,1,0.01171792
Cold,974215,5878,5877,2417,1467,0,0.00862118
Cold,376620,2198,2197,2418,1468,0,-0.0105543975
Cold,358056,2096,2095,2418,1468,0,0.0033109812
Cold,343976,2020,2019,2418,1468,0,0.0034954534
Cold,380709,2225,2224,2418,1468,0,0.0017222541
Cold,298515,1770,1769,2418,1468,0,0.001909452
Cold,280423,1683,1682,2418,1468,0,0.0035165772
Cold,350639,2059,2058,2418,1468,1,0.0012873283
Cold,231573,1404,1403,2418,1468,1,-0.002012845
Cold,335504,1980,1979,2418,1468,0,-0.0050584017
Cold,307918,1836,1835,2418,1468,1,-0.0061550555
Cold,278675,1680,1679,2418,1468,1,-0.0037540959
Cold,220791,1339,1338,2418,1468,0,-0.0003466814
Cold,184902,1150,1149,2418,1468,0,-0.0012907912
Cold,331323,1958,1957,2418,1468,0,0.00018896931
Cold,319887,1899,1898,2418,1468,1,-0.0049163783
Cold,164276,1051,1050,2418,1468,0,-0.008299459
Cold,143608,927,926,2418,1468,1,-0.0029537245
Cold,156554,1010,1009,2418,1468,0,-0.003719639
Cold,137808,889,888,2418,1468,0,-0.0059039723
Cold,159836,1019,1018,2418,1468,0,-0.0052573616
Cold,124751,802,801,2418,1468,1,-0.0018985346
Cold,210607,1285,1284,2418,1468,1,0.011666855
Cold,239705,1449,1448,2418,1468,0,-0.010344671
Cold,112281,731,730,2418,1468,1,0.00014913245
Cold,106644,702,701,2418,1468,1,0.0018995587
Cold,267110,1624,1623,2418,1468,1,0.0022110585
Cold,233905,1422,1421,2418,1468,1,0.0011192849
Cold,304673,1812,1811,2418,1468,0,0.004828188
Cold,228016,1383,1382,2418,1468,0,0.007173165
Cold,190438,1181,1180,2418,1468,0,-0.00015669933
Cold,82771,549,548,2418,1468,1,0.0033149174
Cold,83892,550,549,2418,1468,0,-0.008849135
Cold,36303,245,244,2418,1468,0,-0.00024691166
Cold,21477,157,156,2418,1468,0,-0.0004745177
Cold,238607,1448,1447,2418,1468,0,0.0006668689
Cold,15453,123,122,2418,1468,1,0.001157969
Cold,11741,91,90,2418,1468,1,0.0020860601
Cold,882808,5333,5332,2418,1468,0,-0.009261724
Cold,5224,36,35,2418,1468,1,-0.0033809897
Cold,3600,26,25,2418,1468,0,0.0074579148
Cold,60576,411,410,2418,1468,0,0.0027064467
Cold,892813,5394,5393,2418,1468,0,0.002093964
Cold,27966,195,194,2418,1468,1,0.007782789
Cold,237629,1447,1446,2418,1468,0,0.0002888717
Cold,144763,934,933,2418,1468,0,0.0013032767
Cold,464026,2860,2859,2418,1468,0,-0.008688157
Cold,157790,1015,1014,2418,1468,1,-0.0041675624
Cold,712732,4277,4276,2418,1468,1,-0.0030165357
Cold,561453,3454,3453,2418,1468,0,0.0023541003
Cold,549774,3391,3390,2418,1468,0,-0.014635061
Cold,47304,319,318,2419,1469,0,-0.00040410075
Cold,110586,721,720,2419,1469,0,0.0073897108
Cold,276054,1671,1670,2419,1469,1,-0.005101413
Cold,3021,23,22,2419,1469,0,0.0016068115
Cold,481625,2962,2961,2419,1469,0,0.0037595197
Cold,140616,904,903,2419,1469,1,-0.0017476133
Cold,101967,678,677,2419,1469,1,0.0030222305
Cold,25982,184,183,2419,1469,1,0.0006236568
Cold,413139,2485,2484,2419,1469,1,-0.005356716
Cold,603999,3675,3674,2429,1477,0,0.001554606
Cold,602792,3669,3668,2429,1477,0,0.007251214
Cold,602631,3667,3666,2429,1477,1,0.010488221
Cold,636139,3834,3833,2429,1477,1,-0.0044562276
Cold,712754,4277,4276,2429,1477,1,0.006248581
Cold,596334,3626,3625,2429,1477,1,-0.0043784576
Cold,590047,3600,3599,2429,1477,0,-0.004336126
Cold,585542,3576,3575,2429,1477,0,0.0015973086
Cold,758390,4510,4509,2429,1477,0,0.0019543418
Cold,568987,3491,3490,2429,1477,1,0.0046589486
Cold,555646,3416,3415,2429,1477,1,0.00034262612
Cold,549420,3390,3389,2429,1477,0,-0.0051042764
Cold,548889,3389,3388,2429,1477,0,-0.00031323917
Cold,576889,3526,3525,2429,1477,0,-0.002147663
Cold,542017,3336,3335,2429,1477,0,-0.00095696654
Cold,539752,3320,3319,2429,1477,0,-0.0035967184
Cold,519033,3202,3201,2429,1477,0,0.009534744
Cold,521354,3217,3216,2429,1477,1,-0.006994971
Cold,527256,3261,3260,2429,1477,0,0.005123131
Cold,509359,3137,3136,2429,1477,0,-0.0004951311
Cold,508138,3128,3127,2429,1477,0,-0.004219073
Cold,505028,3108,3107,2429,1477,0,0.0028369918
Cold,502816,3087,3086,2429,1477,0,-0.0019897264
Cold,493827,3032,3031,2429,1477,1,0.0029179314
Cold,489124,3012,3011,2429,1477,0,-0.00044112653
Cold,487549,2999,2998,2429,1477,0,-0.005534785
Cold,477880,2934,2933,2429,1477,1,-0.00022450835
Cold,472350,2907,2906,2429,1477,0,0.0025718168
Cold,468263,2887,2886,2429,1477,0,-0.006039225
Cold,646550,3892,3891,2429,1477,0,-0.005146447
Cold,486904,2996,2995,2429,1477,0,-0.004846454
Cold,456340,2810,2809,2429,1477,0,-0.0018055248
Cold,453518,2793,2792,2429,1477,1,-0.0009961049
Cold,447823,2761,2760,2429,1477,0,-0.0005722451
Cold,444520,2743,2742,2429,1477,0,0.006001071
Cold,564183,3471,3470,2429,1477,0,0.0012378618
Cold,418472,2529,2528,2429,1477,1,0.004926995
Cold,398692,2374,2373,2429,1477,1,-0.0010599555
Cold,391950,2304,2303,2429,1477,0,-0.0022425014
Cold,373840,2181,2180,2429,1477,0,-0.0071438933
Cold,369780,2164,2163,2429,1477,1,0.0014360552
Cold,367425,2145,2144,2429,1477,1,-0.004228263
Cold,356268,2088,2087,2429,1477,1,-0.0039765593
Cold,340445,2010,2009,2429,1477,0,-0.0014537601
Cold,318292,1891,1890,2429,1477,0,0.0006729809
Cold,266224,1614,1613,2429,1477,0,0.005124376
Cold,263862,1606,1605,2429,1477,0,-0.009694722
Cold,258907,1586,1585,2429,1477,0,0.005064251
Cold,247285,1495,1494,2429,1477,0,-0.0045068366
Cold,225700,1367,1366,2429,1477,0,-0.0023049554
Cold,335527,1980,1979,2429,1477,0,0.014381586
Cold,325228,1926,1925,2429,1477,1,0.0013579186
Cold,565411,3475,3474,2429,1477,0,0.0004830521
Cold,278704,1680,1679,2429,1477,0,0.0015768127
Cold,196327,1207,1206,2429,1477,0,-0.0029154238
Cold,293096,1746,1745,2429,1477,1,0.004871207
Cold,327669,1941,1940,2429,1477,1,0.00044055982
Cold,331340,1958,1957,2429,1477,0,-0.0029458161
Cold,186319,1152,1151,2429,1477,0,-0.003991597
Cold,307221,1835,1834,2429,1477,1,-0.005250244
Cold,308397,1837,1836,2429,1477,0,-0.0026304773
Cold,177452,1119,1118,2429,1477,0,-0.0047883545
Cold,179436,1125,1124,2429,1477,1,-0.0008645812
Cold,173520,1100,1099,2429,1477,0,-0.0016732749
Cold,248670,1501,1500,2429,1477,0,-0.004158243
Cold,168242,1069,1068,2429,1477,0,-0.0077392873
Cold,229168,1389,1388,2429,1477,0,-0.0007104401
Cold,162192,1034,1033,2429,1477,0,-0.0022288575
Cold,246188,1489,1488,2429,1477,0,-0.0068872552
Cold,136297,881,880,2429,1477,0,-0.0003013634
Cold,239722,1449,1448,2429,1477,0,0.0069047394
Cold,121001,780,779,2429,1477,1,0.00023626175
Cold,216370,1314,1313,2429,1477,0,0.0026027306
Cold,118259,765,764,2429,1477,1,8.352898e-05
Cold,98600,660,659,2429,1477,0,0.00856968
Cold,97712,655,654,2429,1477,0,-0.0010931969
Cold,332491,1962,1961,2429,1477,0,-0.001438153
Cold,291162,1737,1736,2429,1477,1,0.001229872
Cold,82792,549,548,2429,1477,1,0.005106762
Cold,233916,1422,1421,2429,1477,0,-0.0053005293
Cold,83906,550,549,2429,1477,0,-0.0031187139
Cold,77224,524,523,2429,1477,0,-0.0019493387
Cold,70370,475,474,2429,1477,0,-0.0021486462
Cold,74612,509,508,2429,1477,0,0.004223287
Cold,110604,721,720,2429,1477,1,-0.0034805196
Cold,44338,302,301,2429,1477,0,-0.013273863
Cold,187907,1165,1164,2429,1477,0,-0.003674681
Cold,695861,4169,4168,2429,1477,0,0.0055754897
Cold,39497,268,267,2429,1477,1,-0.000114411116
Cold,36329,245,244,2429,1477,0,0.008171946
Cold,29097,199,198,2429,1477,0,-0.00936069
Cold,299941,1779,1778,2429,1477,0,-0.004319185
Cold,86486,566,565,2429,1477,0,0.005501851
Cold,15009,119,118,2429,1477,0,0.0093688965
Cold,15470,123,122,2429,1477,0,-0.005655681
Cold,10473,75,74,2429,1477,1,-0.0028829006
Cold,27994,195,194,2429,1477,1,0.0009187162
Cold,30423,204,203,2429,1477,0,-0.003005136
Cold,3622,26,25,2429,1477,0,-0.006297527
Cold,49256,329,328,2429,1477,0,0.0014379458
Cold,594,8,7,2429,1477,0,-0.00083190086
Cold,78288,528,527,2429,1477,0,-0.00660769
Cold,385979,2258,2257,2429,1477,0,-0.0022452865
Cold,18626,146,145,2429,1477,0,-0.0074045258
Cold,65195,438,437,2429,1477,0,0.0015677102
Cold,237646,1447,1446,2429,1477,0,-0.0032259845
Cold,164292,1051,1050,2429,1477,0,0.0031884355
Cold,101980,678,677,2429,1477,1,-0.0053483667
Cold,171304,1088,1087,2429,1477,1,0.002683774
Cold,144771,934,933,2429,1477,0,-0.0038204507
Cold,599062,3648,3647,2429,1477,0,0.0022843864
Cold,907568,5492,5491,2429,1477,0,0.0022873576
Cold,139126,890,889,2429,1477,1,0.008190539
Cold,393940,2321,2320,2429,1477,0,0.0033782066
Cold,958768,5787,5786,2429,1477,0,0.008237663
Cold,628514,3807,3806,2429,1477,1,-0.00631418
Cold,216823,1317,1316,2429,1477,0,0.008644924
Cold,300199,1780,1779,2429,1477,0,0.002336973
Cold,484563,2985,2984,2429,1477,0,-0.0068968404
Cold,877375,5302,5301,2429,1477,0,0.007373077
Cold,585549,3576,3575,2430,1478,0,0.010582127
Cold,582391,3558,3557,2430,1478,0,0.0074500577
Cold,744719,4448,4447,2430,1478,1,0.0027747427
Cold,593434,3618,3617,2430,1478,0,-0.0017568036
Cold,695881,4169,4168,2430,1478,1,0.010326682
Cold,548892,3389,3388,2430,1478,0,-2.4891226e-05
Cold,512622,3163,3162,2430,1478,0,-0.0074727554
Cold,566043,3476,3475,2430,1478,0,0.009329115
Cold,508140,3128,3127,2430,1478,0,0.0002274802
Cold,505034,3108,3107,2430,1478,0,0.0068028476
Cold,493833,3032,3031,2430,1478,1,0.001594937
Cold,477885,2934,2933,2430,1478,1,0.0030367186
Cold,712764,4277,4276,2430,1478,1,0.0045601027
Cold,463076,2857,2856,2430,1478,0,0.0075408416
Cold,453527,2793,2792,2430,1478,0,0.002542378
Cold,444934,2744,2743,2430,1478,0,-0.00031706807
Cold,564189,3471,3470,2430,1478,0,0.005598391
Cold,418481,2529,2528,2430,1478,1,-0.0112101855
Cold,414006,2491,2490,2430,1478,0,-0.003958024
Cold,406725,2443,2442,2430,1478,0,0.0074882945
Cold,398186,2368,2367,2430,1478,1,0.008283149
Cold,379393,2218,2217,2430,1478,1,-0.002527912
Cold,380146,2223,2222,2430,1478,0,0.0087178415
Cold,377692,2205,2204,2430,1478,0,-0.0024066323
Cold,381549,2231,2230,2430,1478,1,0.0041350843
Cold,373848,2181,2180,2430,1478,1,-0.003368218
Cold,369784,2164,2163,2430,1478,1,0.011819894
Cold,364097,2121,2120,2430,1478,0,0.0015736322
Cold,364595,2124,2123,2430,1478,1,0.0101364665
Cold,358192,2097,2096,2430,1478,0,0.005809419
Cold,387477,2265,2264,2430,1478,0,0.00039351173
Cold,356271,2088,2087,2430,1478,1,0.0031461706
Cold,352913,2067,2066,2430,1478,0,-0.010128425
Cold,318294,1891,1890,2430,1478,1,0.0037938515
Cold,278722,1680,1679,2430,1478,1,0.0065227356
Cold,258913,1586,1585,2430,1478,0,0.01189872
Cold,350650,2059,2058,2430,1478,0,-0.011634302
Cold,247287,1495,1494,2430,1478,0,-0.002880596
Cold,325233,1926,1925,2430,1478,1,0.0073078405
Cold,220574,1337,1336,2430,1478,0,-0.0060640606
Cold,208628,1274,1273,2430,1478,0,0.0032330602
Cold,203412,1247,1246,2430,1478,0,0.0017452147
Cold,293100,1746,1745,2430,1478,0,0.0058199833
Cold,269748,1635,1634,2430,1478,1,0.0090339845
Cold,327683,1941,1940,2430,1478,1,0.0004341323
Cold,180172,1128,1127,2430,1478,1,0.0061206617
Cold,173524,1100,1099,2430,1478,0,0.003519243
Cold,172596,1094,1093,2430,1478,0,-0.0025010526
Cold,248676,1501,1500,2430,1478,0,-0.0013864776
Cold,159111,1017,1016,2430,1478,1,0.00019247585
Cold,137864,889,888,2430,1478,0,0.0065693134
Cold,131008,850,849,2430,1478,1,0.0050129206
Cold,110297,720,719,2430,1478,0,-0.007333726
Cold,216372,1314,1313,2430,1478,0,0.00015077856
Cold,102816,679,678,2430,1478,1,0.0035606232
Cold,97716,655,654,2430,1478,0,0.009955566
Cold,96915,651,650,2430,1478,1,0.006065222
Cold,316642,1884,1883,2430,1478,1,-0.0008149955
Cold,94457,634,633,2430,1478,1,-0.00075576745
Cold,93740,629,628,2430,1478,1,-0.001824674
Cold,152876,984,983,2430,1478,1,-0.006085987
Cold,82805,549,548,2430,1478,0,0.006628414
Cold,198121,1218,1217,2430,1478,0,0.006082343
Cold,83915,550,549,2430,1478,0,0.0137010645
Cold,70664,476,475,2430,1478,1,-0.00620366
Cold,605130,3679,3678,2430,1478,1,-0.0015677025
Cold,187908,1165,1164,2430,1478,0,-0.003864084
Cold,36341,245,244,2430,1478,0,0.013962152
Cold,31913,216,215,2430,1478,0,-0.0008112807
Cold,29103,199,198,2430,1478,0,0.00040724734
Cold,86496,566,565,2430,1478,0,0.00018937793
Cold,18635,146,145,2430,1478,0,0.005857175
Cold,10478,75,74,2430,1478,1,-0.009129948
Cold,591777,3610,3609,2430,1478,0,-0.0022033718
Cold,5645,40,39,2430,1478,1,-0.0025932672
Cold,958771,5787,5786,2430,1478,0,0.0012409908
Cold,11906,92,91,2430,1478,0,0.0073101893
Cold,171319,1088,1087,2430,1478,1,0.00012895954
Cold,50599,333,332,2430,1478,0,0.0072933184
Cold,335537,1980,1979,2430,1478,0,-0.0023655025
Cold,285164,1701,1700,2430,1478,1,0.004708585
Cold,657419,3963,3962,2430,1478,0,0.007867646
Cold,339103,1998,1997,2430,1478,0,0.0052149505
Cold,857804,5156,5155,2430,1478,1,-0.0054102098
Cold,472361,2907,2906,2432,1480,0,0.003342394
Cold,470316,2896,2895,2432,1480,0,-0.0040437183
Cold,468081,2886,2885,2432,1480,0,-0.003920558
Cold,467599,2882,2881,2432,1480,1,0.0035787472
Cold,456345,2810,2809,2432,1480,0,0.0011287732
Cold,450599,2777,2776,2432,1480,0,-0.0010025831
Cold,444523,2743,2742,2432,1480,1,-0.002160562
Cold,466649,2878,2877,2432,1480,0,0.0036807451
Cold,435528,2663,2662,2432,1480,0,-0.00037545338
Cold,431347,2628,2627,2432,1480,0,0.0021518737
Cold,423086,2565,2564,2432,1480,0,-0.008492914
Cold,419401,2535,2534,2432,1480,0,0.00052577164
Cold,406378,2438,2437,2432,1480,0,-0.008023443
Cold,404399,2419,2418,2432,1480,0,-0.0004755701
Cold,398187,2368,2367,2432,1480,1,0.0034189313
Cold,362747,2116,2115,2432,1480,1,0.0012963815
Cold,356778,2090,2089,2432,1480,0,-0.009200823
Cold,351446,2063,2062,2432,1480,1,0.002053997
Cold,327684,1941,1940,2432,1480,1,0.0020871374
Cold,274624,1659,1658,2432,1480,0,-0.0064826235
Cold,274998,1666,1665,2432,1480,0,-0.0068294625
Cold,256634,1569,1568,2432,1480,0,0.003717639
Cold,231878,1406,1405,2432,1480,1,0.0006334422
Cold,308403,1837,1836,2432,1480,0,-0.0003043525
Cold,321616,1908,1907,2432,1480,1,0.004730667
Cold,263040,1605,1604,2432,1480,1,-0.0021864395
Cold,188166,1168,1167,2432,1480,0,0.0076484797
Cold,170090,1082,1081,2432,1480,1,-0.0019858412
Cold,167692,1068,1067,2432,1480,0,-0.00021125912
Cold,175348,1112,1111,2432,1480,0,-0.0033999837
Cold,162202,1034,1033,2432,1480,1,-0.0044607073
Cold,149204,960,959,2432,1480,0,0.0001854666
Cold,323673,1920,1919,2432,1480,0,-0.0019223881
Cold,146396,943,942,2432,1480,1,0.0032810774
Cold,142899,922,921,2432,1480,1,-0.010391772
Cold,360511,2106,2105,2432,1480,0,0.002066863
Cold,115902,752,751,2432,1480,0,0.0030065195
Cold,120276,777,776,2432,1480,0,-0.0032050577
Cold,121006,780,779,2432,1480,0,-0.0011735838
Cold,107719,710,709,2432,1480,0,0.00039514503
Cold,105883,699,698,2432,1480,0,0.007059109
Cold,101271,676,675,2432,1480,0,0.0021082563
Cold,176742,1117,1116,2432,1480,0,0.012572844
Cold,332495,1962,1961,2432,1480,0,-0.0062430757
Cold,87187,570,569,2432,1480,0,0.011055326
Cold,86329,564,563,2432,1480,0,0.0013991488
Cold,291165,1737,1736,2432,1480,1,0.0008273127
Cold,238633,1448,1447,2432,1480,1,-0.0010334731
Cold,299461,1778,1777,2432,1480,1,-0.0007909215
Cold,605131,3679,3678,2432,1480,1,-0.0029248293
Cold,47331,319,318,2432,1480,0,0.0012498295
Cold,355587,2082,2081,2432,1480,0,0.009285318
Cold,695883,4169,4168,2432,1480,1,-0.0022805342
Cold,39503,268,267,2432,1480,1,-0.002427385
Cold,30206,203,202,2432,1480,0,-0.0042372756
Cold,29439,201,200,2432,1480,1,-0.006346208
Cold,26323,187,186,2432,1480,1,0.006463857
Cold,24862,175,174,2432,1480,1,-0.0054318714
Cold,306163,1824,1823,2432,1480,1,-0.0026281783
Cold,5492,38,37,2432,1480,0,-0.007576454
Cold,4768,34,33,2432,1480,1,-0.004084255
Cold,5257,36,35,2432,1480,1,0.0051031243
Cold,79154,531,530,2432,1480,0,0.012078348
Cold,484847,2986,2985,2432,1480,0,0.0058263247
Cold,157828,1015,1014,2432,1480,0,-0.00058280746
Cold,78292,528,527,2432,1480,1,-0.003285964
Cold,399735,2380,2379,2432,1480,0,0.0028481572
Cold,500430,3074,3073,2432,1480,1,0.00812306
Cold,101988,678,677,2432,1480,1,-0.006391004
Cold,689758,4126,4125,2432,1480,0,-0.0009495835
Cold,331347,1958,1957,2432,1480,1,0.0070156143
Cold,164300,1051,1050,2432,1480,0,0.0009294505
Cold,907571,5492,5491,2432,1480,1,-0.004016138
Cold,719927,4312,4311,2432,1480,0,0.0010490714
Cold,992857,5998,5997,2432,1480,0,-0.0015685876
Cold,476239,2926,2925,2432,1480,1,0.00020444603
Cold,285165,1701,1700,2432,1480,0,0.009517658
Cold,805624,4823,4822,2432,1480,0,0.00474333
Cold,565419,3475,3474,2432,1480,0,-0.0038719047
Cold,179441,1125,1124,2432,1480,1,0.001517949
Cold,141381,911,910,2432,1480,1,0.0012845874
Cold,203643,1252,1251,2432,1480,1,-0.0042678243
Cold,748212,4467,4466,2432,1480,1,0.0031567356
Cold,193464,1194,1193,2432,1480,1,-0.004130917
Cold,177932,1120,1119,2432,1480,0,-0.0018297521
Cold,974226,5878,5877,2432,1480,1,0.0057357415
Cold,277444,1676,1675,2435,1482,0,0.0034637153
Cold,310052,1845,1844,2435,1482,0,0.010727764
Cold,355714,2084,2083,2435,1482,1,0.008741803
Cold,184949,1150,1149,2435,1482,0,0.0015591583
Cold,307230,1835,1834,2435,1482,0,0.0053203194
Cold,168249,1069,1068,2435,1482,0,0.006383678
Cold,175349,1112,1111,2435,1482,0,-0.0016308808
Cold,167694,1068,1067,2435,1482,1,-0.007223527
Cold,163672,1050,1049,2435,1482,0,0.0014943358
Cold,337972,1988,1987,2435,1482,0,0.011606325
Cold,267846,1628,1627,2435,1482,1,0.004066751
Cold,107269,706,705,2435,1482,0,0.004206001
Cold,175955,1113,1112,2435,1482,1,0.006668586
Cold,115905,752,751,2435,1482,0,0.0022591553
Cold,283923,1698,1697,2435,1482,1,0.0027716632
Cold,90560,601,600,2435,1482,1,-0.0030189266
Cold,80031,533,532,2435,1482,0,-0.00033983844
Cold,77235,524,523,2435,1482,0,0.00789864
Cold,74617,509,508,2435,1482,1,-0.0035135236
Cold,197238,1211,1210,2435,1482,0,-0.0053807474
Cold,60103,409,408,2435,1482,0,-0.0013693967
Cold,26329,187,186,2435,1482,0,-0.0043903096
Cold,238636,1448,1447,2435,1482,1,-0.0013281803
Cold,9201,62,61,2435,1482,0,-0.0019916194
Cold,336890,1983,1982,2435,1482,1,0.012973751
Cold,157830,1015,1014,2435,1482,1,0.00084193377
Cold,933338,5636,5635,2435,1482,0,0.005827344
Cold,631376,3821,3820,2435,1482,0,0.006818033
Cold,519166,3203,3202,2435,1482,0,0.008303553
Cold,801314,4802,4801,2435,1482,0,-0.0036708617
Cold,712769,4277,4276,2435,1482,0,0.012148014
Cold,892830,5394,5393,2435,1482,0,0.0040627318
Cold,381934,2232,2231,2435,1482,0,-0.0053693904
Cold,176743,1117,1116,2435,1482,0,-0.007101571
Cold,35444,239,238,2435,1482,1,0.0026385041
Cold,71809,482,481,2435,1482,0,-0.0005496368
Cold,312784,1865,1864,2435,1482,0,0.006308384
Cold,823237,4950,4949,2435,1482,0,0.016993787
Cold,718456,4305,4304,2435,1482,1,0.0052293143
Cold,446746,2753,2752,2436,1483,0,-0.0032273738
Cold,443713,2737,2736,2436,1483,1,-0.0024036532
Cold,442354,2724,2723,2436,1483,1,-0.010666452
Cold,435377,2661,2660,2436,1483,1,0.00053230464
Cold,426084,2588,2587,2436,1483,0,-0.0056131235
Cold,558432,3430,3429,2436,1483,0,-0.0072414135
Cold,419402,2535,2534,2436,1483,1,0.008349054
Cold,416400,2507,2506,2436,1483,1,-0.0038830384
Cold,464036,2860,2859,2436,1483,0,-0.0015395791
Cold,393839,2320,2319,2436,1483,1,-0.0046692113
Cold,388683,2277,2276,2436,1483,0,-0.003473181
Cold,418483,2529,2528,2436,1483,0,-0.005682562
Cold,375477,2188,2187,2436,1483,1,-0.007485053
Cold,362751,2116,2115,2436,1483,1,0.00061509607
Cold,339643,2002,2001,2436,1483,1,0.007760779
Cold,286216,1709,1708,2436,1483,1,-0.008868789
Cold,269479,1634,1633,2436,1483,1,-0.004049005
Cold,268461,1631,1630,2436,1483,1,0.0005363482
Cold,280731,1685,1684,2436,1483,1,0.0046473835
Cold,357278,2092,2091,2436,1483,1,-0.0068248636
Cold,335542,1980,1979,2436,1483,0,-0.0047603627
Cold,223335,1354,1353,2436,1483,1,-0.0002639204
Cold,321619,1908,1907,2436,1483,0,-0.0005303431
Cold,174818,1107,1106,2436,1483,0,-0.0042223716
Cold,143613,927,926,2436,1483,0,-0.008685196
Cold,216830,1317,1316,2436,1483,1,-0.000627324
Cold,131011,850,849,2436,1483,0,0.00024598953
Cold,263043,1605,1604,2436,1483,1,-0.0075257025
Cold,360514,2106,2105,2436,1483,0,-0.0021284663
Cold,235483,1426,1425,2436,1483,1,-0.0029332573
Cold,112299,731,730,2436,1483,1,0.008537544
Cold,110612,721,720,2436,1483,1,-0.011223638
Cold,695889,4169,4168,2436,1483,0,0.0009524503
Cold,283925,1698,1697,2436,1483,1,-0.003389048
Cold,85022,553,552,2436,1483,1,-0.005023149
Cold,74618,509,508,2436,1483,0,-0.0077384403
Cold,59720,406,405,2436,1483,0,-0.00810243
Cold,29442,201,200,2436,1483,0,-0.00030401675
Cold,934636,5643,5642,2436,1483,0,-0.004360547
Cold,500431,3074,3073,2436,1483,1,-0.0055881357
Cold,25784,182,181,2436,1483,1,-0.0029730669
Cold,10758,78,77,2436,1483,0,-0.006594912
Cold,49275,329,328,2436,1483,0,-0.005092772
Cold,9202,62,61,2436,1483,1,0.0027236016
Cold,1072,10,9,2436,1483,1,-0.014068026
Cold,206683,1266,1265,2436,1483,0,0.004272126
Cold,42729,293,292,2436,1483,0,0.00301826
Cold,394931,2333,2332,2436,1483,0,-0.00869593
Cold,327686,1941,1940,2436,1483,1,-0.0020214322
Cold,921012,5565,5564,2436,1483,1,-0.0005178421
Cold,537753,3312,3311,2436,1483,0,-0.006873412
Cold,969015,5841,5840,2436,1483,0,-0.003023204
Cold,206257,1265,1264,2436,1483,0,-0.0010529056
Cold,902739,5458,5457,2436,1483,1,-0.0059082564
Cold,371555,2172,2171,2436,1483,1,0.004912016
Cold,699583,4186,4185,2436,1483,0,-0.010111821
Cold,398950,2376,2375,2436,1483,1,-0.0053448286
Cold,115908,752,751,2436,1483,0,-0.00939746
Cold,748213,4467,4466,2436,1483,0,-0.00080463965
Cold,193465,1194,1193,2436,1483,0,-0.018191295
Cold,638926,3842,3841,2436,1483,1,0.0017895298
Cold,575140,3519,3518,2436,1483,1,-0.004424128
Cold,97718,655,654,2437,1484,1,0.0028736123
Cold,89964,593,592,2437,1484,1,-0.0005564204
Cold,89534,590,589,2437,1484,1,-0.0032232432
Cold,85081,554,553,2437,1484,0,-0.001341418
Cold,84738,551,550,2437,1484,1,-0.008591599
Cold,74619,509,508,2437,1484,1,-0.0046036644
Cold,155235,1001,1000,2437,1484,0,-0.0006713653
Cold,553755,3410,3409,2437,1484,1,0.008930025
Cold,41433,281,280,2437,1484,0,0.0016675154
Cold,26331,187,186,2437,1484,1,0.0030941258
Cold,334,5,4,2437,1484,0,0.0039055035
Cold,223336,1354,1353,2437,1484,0,0.0019208083
Cold,901373,5450,5449,2437,1484,1,0.0047118287
Cold,384650,2247,2246,2437,1484,1,-0.00040718983
Cold,157834,1015,1014,2437,1484,1,0.005641466
Cold,416403,2507,2506,2437,1484,1,0.006432243
Cold,933341,5636,5635,2437,1484,0,-0.0012064185
Cold,101990,678,677,2437,1484,1,-0.0016508596
Cold,927453,5605,5604,2437,1484,1,-0.0047185477
Cold,608989,3693,3692,2437,1484,0,-0.006695386
Cold,821547,4940,4939,2437,1484,1,0.0015292132
Cold,958773,5787,5786,2437,1484,0,-0.00024418766
Cold,511782,3158,3157,2437,1484,1,0.0048709475
Cold,193466,1194,1193,2437,1484,1,0.016675694
Cold,974230,5878,5877,2437,1484,0,-0.0056651914
Cold,608161,3690,3689,2439,1485,0,-0.008265179
Cold,585090,3572,3571,2439,1485,0,-0.0038442952
Cold,578690,3538,3537,2439,1485,1,0.0058874637
Cold,571898,3507,3506,2439,1485,0,-0.0072733127
Cold,644134,3882,3881,2439,1485,1,-0.0013842303
Cold,568997,3491,3490,2439,1485,1,-0.010157617
Cold,593450,3618,3617,2439,1485,0,-0.0020418605
Cold,557570,3425,3424,2439,1485,1,-0.0046532233
Cold,553758,3410,3409,2439,1485,1,0.0020558392
Cold,549810,3391,3390,2439,1485,1,-0.010672796
Cold,541203,3329,3328,2439,1485,0,0.00041623693
Cold,542025,3336,3335,2439,1485,0,-0.009132447
Cold,535506,3305,3304,2439,1485,1,-0.0033878773
Cold,534290,3299,3298,2439,1485,1,0.0059179887
Cold,533064,3292,3291,2439,1485,1,-0.0057226173
Cold,531978,3285,3284,2439,1485,1,-0.0013215635
Cold,529044,3271,3270,2439,1485,1,-0.0026909104
Cold,830897,4995,4994,2439,1485,1,-0.014201984
Cold,520504,3210,3209,2439,1485,1,-0.0053143445
Cold,519168,3203,3202,2439,1485,0,-0.0015823394
Cold,526185,3253,3252,2439,1485,0,0.0036433432
Cold,893588,5395,5394,2439,1485,1,0.012428015
Cold,502366,3083,3082,2439,1485,1,0.011129772
Cold,502034,3082,3081,2439,1485,0,-0.002098325
Cold,498702,3065,3064,2439,1485,1,-0.0060489206
Cold,712772,4277,4276,2439,1485,1,-0.0036953548
Cold,496836,3053,3052,2439,1485,0,-0.0072628665
Cold,493259,3031,3030,2439,1485,1,0.01830324
Cold,738067,4411,4410,2439,1485,0,0.0030926117
Cold,489887,3014,3013,2439,1485,1,-0.008529616
Cold,888558,5367,5366,2439,1485,1,0.0039373557
Cold,482590,2967,2966,2439,1485,0,-0.00912423
Cold,480795,2952,2951,2439,1485,1,0.008241227
Cold,475064,2916,2915,2439,1485,1,0.01284234
Cold,467728,2883,2882,2439,1485,1,-0.0015331968
Cold,466654,2878,2877,2439,1485,1,-0.0023127063
Cold,465554,2872,2871,2439,1485,1,-0.0017069196
Cold,464601,2863,2862,2439,1485,1,0.0032498953
Cold,458855,2825,2824,2439,1485,1,-0.005381327
Cold,443315,2733,2732,2439,1485,1,-0.0026011057
Cold,446315,2752,2751,2439,1485,0,-0.008538483
Cold,564195,3471,3470,2439,1485,0,0.00026557315
Cold,440912,2700,2699,2439,1485,1,0.005276296
Cold,695894,4169,4168,2439,1485,0,-0.0012977486
Cold,438252,2679,2678,2439,1485,0,-0.006754848
Cold,605617,3681,3680,2439,1485,0,-0.0006054486
Cold,424187,2572,2571,2439,1485,1,0.0036310712
Cold,417449,2517,2516,2439,1485,0,-0.008495458
Cold,416407,2507,2506,2439,1485,1,0.01274694
Cold,408022,2453,2452,2439,1485,1,-0.009245569
Cold,398953,2376,2375,2439,1485,1,-0.0015035868
Cold,398192,2368,2367,2439,1485,1,0.0052823806
Cold,391555,2303,2302,2439,1485,1,-0.017219808
Cold,390902,2295,2294,2439,1485,1,-0.0016664371
Cold,389876,2288,2287,2439,1485,1,-0.0040654787
Cold,388589,2276,2275,2439,1485,1,-0.011418734
Cold,384864,2248,2247,2439,1485,1,-0.0050116945
Cold,382741,2237,2236,2439,1485,1,0.0046967715
Cold,368156,2151,2150,2439,1485,0,-0.008551246
Cold,359241,2102,2101,2439,1485,1,-0.0032457057
Cold,348876,2047,2046,2439,1485,1,0.0050672614
Cold,340280,2009,2008,2439,1485,1,0.0034063207
Cold,337397,1984,1983,2439,1485,1,0.0038055708
Cold,335548,1980,1979,2439,1485,1,-0.004969163
Cold,306929,1833,1832,2439,1485,0,-0.006721013
Cold,326376,1932,1931,2439,1485,0,-0.012861811
Cold,292150,1741,1740,2439,1485,0,-0.004933431
Cold,278730,1680,1679,2439,1485,0,0.010066405
Cold,267486,1626,1625,2439,1485,0,-0.0021901964
Cold,246811,1491,1490,2439,1485,1,0.002383891
Cold,260605,1593,1592,2439,1485,0,0.0023885444
Cold,631381,3821,3820,2439,1485,0,-0.0003837468
Cold,226652,1374,1373,2439,1485,0,-0.008379815
Cold,219729,1333,1332,2439,1485,1,-0.0069171353
Cold,207923,1272,1271,2439,1485,1,-0.0068784505
Cold,307928,1836,1835,2439,1485,1,-0.006161757
Cold,210642,1285,1284,2439,1485,0,0.002445025
Cold,200737,1233,1232,2439,1485,1,-0.009161506
Cold,200612,1232,1231,2439,1485,1,0.0036829207
Cold,199304,1224,1223,2439,1485,1,-0.0010882616
Cold,184956,1150,1149,2439,1485,0,-0.0014879908
Cold,307233,1835,1834,2439,1485,1,0.011333387
Cold,168253,1069,1068,2439,1485,1,0.0036834432
Cold,175353,1112,1111,2439,1485,0,-0.008523336
Cold,166325,1059,1058,2439,1485,0,0.014804797
Cold,330652,1952,1951,2439,1485,1,-0.0009347219
Cold,190503,1181,1180,2439,1485,0,-0.0139179565
Cold,154050,992,991,2439,1485,0,0.0022662133
Cold,234770,1425,1424,2439,1485,1,0.007964354
Cold,244837,1474,1473,2439,1485,1,0.0036149176
Cold,169507,1077,1076,2439,1485,1,0.010583556
Cold,148669,957,956,2439,1485,1,-0.00420018
Cold,270751,1639,1638,2439,1485,0,-0.0053134975
Cold,195250,1203,1202,2439,1485,1,-0.015050073
Cold,154569,998,997,2439,1485,1,0.0010614702
Cold,156587,1010,1009,2439,1485,1,-0.0013859961
Cold,137873,889,888,2439,1485,0,-0.0013560792
Cold,199988,1228,1227,2439,1485,1,0.008842009
Cold,230281,1393,1392,2439,1485,1,0.0063936156
Cold,263047,1605,1604,2439,1485,0,-0.009233611
Cold,115913,752,751,2439,1485,0,-0.0054606944
Cold,110615,721,720,2439,1485,0,0.005236741
Cold,89965,593,592,2439,1485,1,-0.011355412
Cold,72891,493,492,2439,1485,1,0.0024317172
Cold,71810,482,481,2439,1485,1,0.0016077715
Cold,60107,409,408,2439,1485,0,0.0024749832
Cold,68154,457,456,2439,1485,1,-0.0064699845
Cold,60610,411,410,2439,1485,0,0.0041577215
Cold,22419,163,162,2439,1485,0,-0.0064214203
Cold,359927,2105,2104,2439,1485,1,-0.0024256418
Cold,9938,69,68,2439,1485,1,-0.008854581
Cold,902741,5458,5457,2439,1485,0,-0.0073730713
Cold,206686,1266,1265,2439,1485,0,-0.0025334042
Cold,772066,4602,4601,2439,1485,1,0.0051039867
Cold,50032,331,330,2439,1485,1,-0.0033186707
Cold,157838,1015,1014,2439,1485,1,-0.00051493663
Cold,354731,2077,2076,2439,1485,1,0.008293295
Cold,239742,1449,1448,2439,1485,0,-0.0062191524
Cold,257461,1579,1578,2439,1485,1,0.002062777
Cold,497103,3054,3053,2439,1485,0,0.0014859848
Cold,413640,2489,2488,2439,1485,0,0.006935603
Cold,992859,5998,5997,2439,1485,0,-0.0032645455
Cold,47341,319,318,2439,1485,1,-0.0038958262
Cold,129215,839,838,2439,1485,1,-0.001181447
Cold,331352,1958,1957,2439,1485,0,-0.016193056
Cold,287611,1717,1716,2439,1485,0,0.007337557
Cold,285169,1701,1700,2439,1485,1,-0.002670627
Cold,171326,1088,1087,2439,1485,1,0.0006085029
Cold,25893,183,182,2439,1485,1,-0.004520568
Cold,526998,3260,3259,2439,1485,0,-0.0043815714
Cold,322132,1912,1911,2439,1485,0,0.0038518952
Cold,846950,5090,5089,2439,1485,1,-0.00085662724
Cold,795978,4771,4770,2439,1485,0,-0.009866143
Cold,193470,1194,1193,2439,1485,1,-0.006002073
Cold,62628,424,423,2439,1485,1,-0.0029088897
Cold,974232,5878,5877,2439,1485,1,0.008797132
Cold,937175,5654,5653,2439,1485,0,-0.0021384386
Cold,984521,5950,5949,2439,1485,1,-0.0030252114
Cold,428528,2608,2607,2442,1486,0,-0.0023176863
Cold,425872,2584,2583,2442,1486,1,-0.009145314
Cold,425218,2581,2580,2442,1486,1,-0.009588216
Cold,408029,2453,2452,2442,1486,1,-0.007849714
Cold,398957,2376,2375,2442,1486,1,-0.00991413
Cold,398193,2368,2367,2442,1486,1,0.0024303747
Cold,369320,2161,2160,2442,1486,1,-0.0060635153
Cold,359930,2105,2104,2442,1486,1,-0.012627799
Cold,353948,2073,2072,2442,1486,1,-0.0069211023
Cold,348880,2047,2046,2442,1486,0,-0.0041599246
Cold,335558,1980,1979,2442,1486,1,-0.0063151643
Cold,332966,1963,1962,2442,1486,1,-0.009600614
Cold,318611,1894,1893,2442,1486,1,-0.00059779536
Cold,323089,1916,1915,2442,1486,1,-0.00303033
Cold,330371,1950,1949,2442,1486,1,-0.0029614212
Cold,301039,1788,1787,2442,1486,1,-0.010268304
Cold,301192,1790,1789,2442,1486,0,-0.016257174
Cold,278744,1680,1679,2442,1486,1,-0.0036249738
Cold,268850,1632,1631,2442,1486,0,4.0873652e-05
Cold,267488,1626,1625,2442,1486,0,-0.0028318046
Cold,264094,1607,1606,2442,1486,0,-0.0072217816
Cold,246814,1491,1490,2442,1486,1,0.0004979623
Cold,332503,1962,1961,2442,1486,1,-0.0017679881
Cold,325244,1926,1925,2442,1486,1,-0.0045412453
Cold,319186,1897,1896,2442,1486,0,-0.013005989
Cold,296326,1758,1757,2442,1486,1,-0.005695953
Cold,209354,1279,1278,2442,1486,1,-0.0021503596
Cold,270757,1639,1638,2442,1486,1,-0.008606512
Cold,195255,1203,1202,2442,1486,0,-0.007452277
Cold,169763,1078,1077,2442,1486,1,0.0013104805
Cold,168259,1069,1068,2442,1486,0,-0.013462044
Cold,334471,1974,1973,2442,1486,0,-0.006671354
Cold,161821,1032,1031,2442,1486,1,-0.00993219
Cold,160825,1022,1021,2442,1486,1,-0.0054752687
Cold,234775,1425,1424,2442,1486,1,-0.008351231
Cold,150008,966,965,2442,1486,1,-0.009302741
Cold,149205,960,959,2442,1486,1,-0.0006702896
Cold,148672,957,956,2442,1486,1,-0.014121935
Cold,148051,954,953,2442,1486,1,-0.008403695
Cold,146397,943,942,2442,1486,0,-0.017896201
Cold,143823,928,927,2442,1486,1,0.0076391594
Cold,184967,1150,1149,2442,1486,0,0.003239054
Cold,137885,889,888,2442,1486,0,-0.011677956
Cold,136318,881,880,2442,1486,0,0.0019229043
Cold,131020,850,849,2442,1486,1,0.0060881884
Cold,199992,1228,1227,2442,1486,1,0.0009095165
Cold,263052,1605,1604,2442,1486,1,-6.295601e-05
Cold,115919,752,751,2442,1486,1,-0.012344582
Cold,107272,706,705,2442,1486,1,0.0040819463
Cold,105053,696,695,2442,1486,1,-0.004176094
Cold,92907,622,621,2442,1486,1,0.007182093
Cold,695913,4169,4168,2442,1486,1,-0.007924732
Cold,89966,593,592,2442,1486,1,-0.0069699762
Cold,432066,2634,2633,2442,1486,1,-0.009196246
Cold,169510,1077,1076,2442,1486,0,-0.0068020606
Cold,84743,551,550,2442,1486,1,-0.0031135557
Cold,74627,509,508,2442,1486,1,-0.0049192286
Cold,155241,1001,1000,2442,1486,1,-0.010443864
Cold,132296,855,854,2442,1486,1,4.9701077e-05
Cold,47357,319,318,2442,1486,1,-0.00039147516
Cold,61218,412,411,2442,1486,1,0.0017981767
Cold,50041,331,330,2442,1486,1,-0.012258516
Cold,153622,987,986,2442,1486,0,0.0029913276
Cold,24873,175,174,2442,1486,0,-0.013363713
Cold,26337,187,186,2442,1486,1,-0.00983922
Cold,33405,225,224,2442,1486,1,-0.0032160012
Cold,5501,38,37,2442,1486,1,0.0056352103
Cold,4086,30,29,2442,1486,0,-0.004286177
Cold,624,8,7,2442,1486,1,0.0012781156
Cold,206691,1266,1265,2442,1486,1,-0.0028534392
Cold,157854,1015,1014,2442,1486,1,0.0037925416
Cold,933346,5636,5635,2442,1486,0,-0.009539823
Cold,573428,3512,3511,2442,1486,1,-0.0008258233
Cold,777651,4647,4646,2442,1486,1,-0.0057878774
Cold,460566,2841,2840,2442,1486,1,-0.01548936
Cold,916618,5539,5538,2442,1486,0,-0.0028590146
Cold,484854,2986,2985,2442,1486,1,0.005497964
Cold,189259,1173,1172,2442,1486,1,0.0035156151
Cold,772605,4607,4606,2442,1486,1,-0.009204538
Cold,960234,5792,5791,2442,1486,1,-0.0027233665
Cold,537760,3312,3311,2442,1486,0,-0.007887445
Cold,992860,5998,5997,2442,1486,0,0.0043551596
Cold,71819,482,481,2442,1486,0,-0.0061788047
Cold,312791,1865,1864,2442,1486,1,-0.006110838
Cold,179450,1125,1124,2442,1486,1,-0.00089131924
Cold,370902,2168,2167,2442,1486,0,-0.0013174908
Cold,464043,2860,2859,2442,1486,1,-0.0044376627
Cold,285174,1701,1700,2442,1486,0,-0.006403299
Cold,797947,4785,4784,2442,1486,1,-0.012400236
Cold,977856,5892,5891,2442,1486,1,-0.0067148763
Cold,171341,1088,1087,2442,1486,1,-0.009269811
Cold,806686,4829,4828,2442,1486,1,0.0028874255
Cold,34669,235,234,2442,1486,1,0.0011694692
Cold,187514,1164,1163,2442,1486,1,-0.0022581173
Cold,846953,5090,5089,2442,1486,1,-0.008593926
Cold,807122,4831,4830,2442,1486,1,0.0013468425
Cold,193474,1194,1193,2442,1486,0,-0.0007337227
Cold,616624,3732,3731,2442,1486,1,-0.005095292
Cold,33902,229,228,2442,1486,1,-0.0021431276
Cold,937614,5657,5656,2442,1486,0,0.0031395303
Cold,385877,2257,2256,2443,1487,1,0.0007146371
Cold,374612,2183,2182,2443,1487,0,0.0036701583
Cold,373137,2179,2178,2443,1487,1,0.0034182265
Cold,373861,2181,2180,2443,1487,1,0.007081921
Cold,358799,2100,2099,2443,1487,0,-0.0013612765
Cold,353949,2073,2072,2443,1487,1,0.002129322
Cold,351465,2063,2062,2443,1487,0,0.007698728
Cold,350530,2058,2057,2443,1487,1,0.0017166942
Cold,347900,2041,2040,2443,1487,0,0.0008880766
Cold,345605,2027,2026,2443,1487,0,0.0043555726
Cold,324730,1924,1923,2443,1487,1,0.007932295
Cold,303710,1804,1803,2443,1487,1,0.0010639112
Cold,277454,1676,1675,2443,1487,0,0.001680875
Cold,282544,1694,1693,2443,1487,1,0.0006611086
Cold,267489,1626,1625,2443,1487,1,0.0052973097
Cold,262667,1602,1601,2443,1487,1,-0.003310394
Cold,236589,1436,1435,2443,1487,1,-0.007265963
Cold,214262,1301,1300,2443,1487,0,0.0051891636
Cold,211747,1288,1287,2443,1487,1,0.003380335
Cold,203843,1254,1253,2443,1487,1,-0.00013848091
Cold,200969,1239,1238,2443,1487,1,-0.0019730076
Cold,202341,1244,1243,2443,1487,1,0.007351463
Cold,193123,1193,1192,2443,1487,1,0.004447081
Cold,189597,1175,1174,2443,1487,1,0.0042293733
Cold,189260,1173,1172,2443,1487,0,0.001194926
Cold,188857,1172,1171,2443,1487,1,0.014762977
Cold,186322,1152,1151,2443,1487,0,0.0012149746
Cold,316156,1883,1882,2443,1487,0,0.011150474
Cold,182335,1138,1137,2443,1487,1,0.0047005014
Cold,166331,1059,1058,2443,1487,1,0.009683816
Cold,219465,1331,1330,2443,1487,1,0.007848402
Cold,150009,966,965,2443,1487,0,0.0057176603
Cold,246204,1489,1488,2443,1487,0,0.0063765245
Cold,137887,889,888,2443,1487,0,0.0044999635
Cold,131755,854,853,2443,1487,1,0.005159108
Cold,128907,838,837,2443,1487,1,0.000859526
Cold,181884,1137,1136,2443,1487,1,0.0048490907
Cold,252154,1527,1526,2443,1487,0,0.0060280506
Cold,223342,1354,1353,2443,1487,0,0.0011404394
Cold,360525,2106,2105,2443,1487,1,0.0036551536
Cold,176751,1117,1116,2443,1487,1,0.0003858849
Cold,97722,655,654,2443,1487,0,0.0039657275
Cold,89967,593,592,2443,1487,1,0.007928324
Cold,74628,509,508,2443,1487,0,0.0015531554
Cold,69368,465,464,2443,1487,0,0.0002484247
Cold,64154,429,428,2443,1487,0,0.010634938
Cold,42458,290,289,2443,1487,0,-0.002320929
Cold,312792,1865,1864,2443,1487,0,-0.0012796707
Cold,61219,412,411,2443,1487,1,-0.00082342443
Cold,33117,224,223,2443,1487,1,0.0044956934
Cold,30208,203,202,2443,1487,1,0.005299679
Cold,26338,187,186,2443,1487,1,0.0021072451
Cold,6390,45,44,2443,1487,1,-3.4521916e-05
Cold,79168,531,530,2443,1487,0,1.956895e-05
Cold,22176,162,161,2443,1487,1,-0.0013244379
Cold,157855,1015,1014,2443,1487,0,0.012577346
Cold,27083,192,191,2443,1487,0,0.0037734313
Cold,76295,518,517,2443,1487,1,0.00043389667
Cold,570944,3503,3502,2443,1487,0,0.0024833996
Cold,484855,2986,2985,2443,1487,0,0.010366979
Cold,263053,1605,1604,2443,1487,1,-0.0017263503
Cold,915712,5536,5535,2443,1487,1,0.009362457
Cold,730531,4371,4370,2443,1487,1,0.0068983766
Cold,171342,1088,1087,2443,1487,0,-0.00078650797
Cold,319187,1897,1896,2443,1487,0,0.005381718
Cold,295556,1755,1754,2443,1487,0,0.0021953653
Cold,536876,3311,3310,2445,1488,0,-0.0026592684
Cold,223345,1354,1353,2445,1488,0,-0.003233622
Cold,79171,531,530,2445,1488,0,-0.008143762
Cold,506121,3113,3112,2445,1488,1,0.004994501
Cold,78301,528,527,2445,1488,0,0.0075056073
Cold,169210,1074,1073,2445,1488,1,-0.01287346
Cold,682219,4085,4084,2445,1488,0,0.00060642045
Cold,413646,2489,2488,2445,1488,0,-0.0015112069
Cold,892833,5394,5393,2445,1488,0,0.0018714471
Cold,902744,5458,5457,2445,1488,0,0.0048086513
Cold,51390,338,337,2445,1488,0,-0.0060704206
Cold,327706,1941,1940,2445,1488,0,-0.0015592794
Cold,171345,1088,1087,2445,1488,0,-0.0019186044
Cold,272694,1647,1646,2445,1488,0,0.0039031827
Cold,933347,5636,5635,2446,1489,0,0.0040102853
Cold,234779,1425,1424,2446,1489,1,0.0069672684
Cold,295557,1755,1754,2446,1489,0,-0.00081354287
Cold,629141,3808,3807,2448,1491,0,0.013362701
Cold,621086,3762,3761,2448,1491,0,0.007894156
Cold,623240,3771,3770,2448,1491,0,7.9200836e-05
Cold,617255,3736,3735,2448,1491,0,0.0030722246
Cold,747047,4458,4457,2448,1491,0,0.0061408835
Cold,616454,3731,3730,2448,1491,0,0.0001730735
Cold,744728,4448,4447,2448,1491,1,0.0028372551
Cold,596356,3626,3625,2448,1491,0,-0.005638876
Cold,587722,3589,3588,2448,1491,0,-0.002635498
Cold,653994,3942,3941,2448,1491,0,0.006990349
Cold,574264,3516,3515,2448,1491,0,0.005225825
Cold,604933,3678,3677,2448,1491,0,-0.0022623774
Cold,657047,3961,3960,2448,1491,0,0.00045564206
Cold,539346,3317,3316,2448,1491,0,0.0019522277
Cold,536882,3311,3310,2448,1491,0,-0.0006492934
Cold,542033,3336,3335,2448,1491,0,0.002525853
Cold,530851,3280,3279,2448,1491,0,-0.00066101365
Cold,524007,3230,3229,2448,1491,1,0.0006274176
Cold,517361,3193,3192,2448,1491,0,-0.006489331
Cold,566058,3476,3475,2448,1491,0,-0.0072997054
Cold,507438,3123,3122,2448,1491,0,0.0068960474
Cold,507161,3121,3120,2448,1491,0,-0.001974468
Cold,516319,3189,3188,2448,1491,0,0.005623136
Cold,640970,3853,3852,2448,1491,0,-0.0044863224
Cold,491551,3024,3023,2448,1491,1,0.0018918144
Cold,472374,2907,2906,2448,1491,0,0.008221883
Cold,473297,2909,2908,2448,1491,1,0.01340451
Cold,463089,2857,2856,2448,1491,0,0.0018093889
Cold,462205,2852,2851,2448,1491,0,0.00047424133
Cold,461769,2848,2847,2448,1491,0,3.0259602e-05
Cold,438959,2682,2681,2448,1491,0,0.012713603
Cold,426384,2590,2589,2448,1491,0,0.006063566
Cold,423095,2565,2564,2448,1491,1,0.0073540714
Cold,398070,2366,2365,2448,1491,0,0.0072551463
Cold,389888,2288,2287,2448,1491,0,-0.0013152136
Cold,406770,2444,2443,2448,1491,0,0.010192152
Cold,386544,2261,2260,2448,1491,0,-0.0014840312
Cold,377117,2203,2202,2448,1491,1,0.0007953683
Cold,376811,2200,2199,2448,1491,0,0.0022299194
Cold,370645,2167,2166,2448,1491,0,-0.0071801553
Cold,367428,2145,2144,2448,1491,0,0.00079574203
Cold,366758,2138,2137,2448,1491,0,0.0035342814
Cold,366079,2131,2130,2448,1491,0,0.013361455
Cold,365341,2126,2125,2448,1491,0,-0.0048192777
Cold,358405,2098,2097,2448,1491,0,0.0077621
Cold,351475,2063,2062,2448,1491,0,-0.004323482
Cold,340464,2010,2009,2448,1491,0,-0.005047056
Cold,339832,2004,2003,2448,1491,0,0.004717192
Cold,323496,1919,1918,2448,1491,0,-0.0066445135
Cold,330374,1950,1949,2448,1491,0,-0.005188929
Cold,324315,1922,1921,2448,1491,0,-0.0014971271
Cold,300855,1784,1783,2448,1491,0,0.00022385106
Cold,305436,1817,1816,2448,1491,0,0.006483542
Cold,297341,1764,1763,2448,1491,0,0.0025760154
Cold,293103,1746,1745,2448,1491,1,-0.005608936
Cold,303462,1803,1802,2448,1491,0,0.0021928702
Cold,278756,1680,1679,2448,1491,0,0.00530606
Cold,277462,1676,1675,2448,1491,0,0.011453407
Cold,276802,1675,1674,2448,1491,0,0.000719876
Cold,275421,1667,1666,2448,1491,0,-0.0014558089
Cold,271399,1641,1640,2448,1491,0,-0.005412845
Cold,267494,1626,1625,2448,1491,0,-0.004141678
Cold,268300,1630,1629,2448,1491,0,-0.0026247161
Cold,266588,1617,1616,2448,1491,0,0.0035501462
Cold,242648,1465,1464,2448,1491,1,-0.00048500625
Cold,226008,1369,1368,2448,1491,1,-0.0006800236
Cold,226983,1377,1376,2448,1491,0,-6.9133006e-05
Cold,224627,1358,1357,2448,1491,0,0.0112507865
Cold,232990,1418,1417,2448,1491,0,0.005807805
Cold,224435,1357,1356,2448,1491,0,0.0035871817
Cold,368284,2153,2152,2448,1491,0,0.0013378961
Cold,221786,1341,1340,2448,1491,0,-0.0018682809
Cold,221150,1340,1339,2448,1491,0,-0.0031627412
Cold,224045,1356,1355,2448,1491,0,-0.0019257459
Cold,214047,1300,1299,2448,1491,0,0.00042818137
Cold,261616,1599,1598,2448,1491,0,-0.005054107
Cold,198764,1221,1220,2448,1491,1,-0.0024011207
Cold,196111,1206,1205,2448,1491,0,-0.002251971
Cold,327713,1941,1940,2448,1491,0,0.0057642036
Cold,321621,1908,1907,2448,1491,0,0.00087815145
Cold,178814,1122,1121,2448,1491,0,9.6915406e-05
Cold,183885,1146,1145,2448,1491,0,-0.0038313884
Cold,150926,971,970,2448,1491,0,0.0046177935
Cold,147617,950,949,2448,1491,0,-0.0046239644
Cold,146842,948,947,2448,1491,0,-0.0038201408
Cold,137892,889,888,2448,1491,0,0.0014306412
Cold,137300,885,884,2448,1491,0,0.001409445
Cold,136073,880,879,2448,1491,0,0.006816369
Cold,114069,741,740,2448,1491,0,-0.0019005744
Cold,113214,735,734,2448,1491,0,0.0022665486
Cold,107736,710,709,2448,1491,0,0.008503683
Cold,99406,663,662,2448,1491,1,-0.0006861583
Cold,87406,571,570,2448,1491,0,-0.00507145
Cold,308419,1837,1836,2448,1491,0,0.0021971094
Cold,86028,563,562,2448,1491,0,0.012152266
Cold,81507,543,542,2448,1491,1,0.006127669
Cold,250319,1509,1508,2448,1491,0,-0.0037808218
Cold,362769,2116,2115,2448,1491,0,-0.0006071051
Cold,83929,550,549,2448,1491,0,-0.0069580283
Cold,115927,752,751,2448,1491,0,0.00079798605
Cold,70374,475,474,2448,1491,1,0.0017193039
Cold,66476,445,444,2448,1491,0,0.0016738079
Cold,53610,352,351,2448,1491,0,0.002194266
Cold,49310,329,328,2448,1491,0,0.001965406
Cold,110625,721,720,2448,1491,0,-0.0065626386
Cold,74015,504,503,2448,1491,0,0.0008870759
Cold,45180,305,304,2448,1491,0,0.007912297
Cold,44383,302,301,2448,1491,0,8.2850456e-05
Cold,695919,4169,4168,2448,1491,0,-1.366483e-06
Cold,291181,1737,1736,2448,1491,1,0.001812834
Cold,99806,667,666,2448,1491,0,0.00023006671
Cold,14429,117,116,2448,1491,0,0.00446931
Cold,439785,2688,2687,2448,1491,0,0.006304046
Cold,10209,73,72,2448,1491,0,0.0011905518
Cold,202944,1246,1245,2448,1491,0,-0.006641618
Cold,432565,2638,2637,2448,1491,0,0.00059786625
Cold,753223,4489,4488,2448,1491,0,-0.002807975
Cold,290004,1733,1732,2448,1491,0,0.0056867064
Cold,174019,1101,1100,2448,1491,0,-0.008604709
Cold,537766,3312,3311,2448,1491,0,0.0063769044
Cold,456040,2808,2807,2448,1491,0,0.00530544
Cold,454508,2796,2795,2448,1491,0,-0.005206817
Cold,195263,1203,1202,2448,1491,0,0.002694835
Cold,310550,1851,1850,2448,1491,0,-0.004519299
Cold,423396,2566,2565,2448,1491,0,-9.9588186e-05
Cold,322148,1912,1911,2448,1491,0,0.002051186
Cold,136322,881,880,2448,1491,0,0.005580277
Cold,237668,1447,1446,2448,1491,0,0.0033839988
Cold,171350,1088,1087,2448,1491,0,-0.0045058783
Cold,431793,2630,2629,2451,1493,0,0.003047233
Cold,430685,2625,2624,2451,1493,0,-0.0030112294
Cold,426385,2590,2589,2451,1493,1,-0.004452707
Cold,418497,2529,2528,2451,1493,1,-0.010324142
Cold,408869,2455,2454,2451,1493,0,-0.006382582
Cold,401993,2400,2399,2451,1493,0,-0.0017870909
Cold,387195,2264,2263,2451,1493,0,-0.00550062
Cold,377711,2205,2204,2451,1493,0,-0.008959243
Cold,369792,2164,2163,2451,1493,1,-0.008421367
Cold,305761,1820,1819,2451,1493,0,-0.0010287445
Cold,291187,1737,1736,2451,1493,1,-0.006872357
Cold,288204,1722,1721,2451,1493,1,-0.004131261
Cold,278766,1680,1679,2451,1493,1,-0.012719556
Cold,276804,1675,1674,2451,1493,0,-0.002728952
Cold,280429,1683,1682,2451,1493,0,0.00053483807
Cold,270544,1637,1636,2451,1493,0,-0.012635029
Cold,267497,1626,1625,2451,1493,0,-0.0047335047
Cold,247539,1496,1495,2451,1493,0,-0.0047022942
Cold,321204,1904,1903,2451,1493,0,-0.0032940605
Cold,242652,1465,1464,2451,1493,0,-0.005965896
Cold,224436,1357,1356,2451,1493,0,-0.0060708146
Cold,214048,1300,1299,2451,1493,1,0.0025094738
Cold,277466,1676,1675,2451,1493,1,-0.009636042
Cold,327719,1941,1940,2451,1493,0,-0.018134762
Cold,307248,1835,1834,2451,1493,1,-0.007369904
Cold,180185,1128,1127,2451,1493,0,-0.011592384
Cold,183887,1146,1145,2451,1493,0,-0.0080872895
Cold,161950,1033,1032,2451,1493,0,-0.010099058
Cold,159122,1017,1016,2451,1493,0,-0.0037834127
Cold,164322,1051,1050,2451,1493,0,-0.00793715
Cold,150928,971,970,2451,1493,0,-0.0038737487
Cold,156602,1010,1009,2451,1493,0,-0.009425444
Cold,133280,860,859,2451,1493,0,-0.006066963
Cold,123814,798,797,2451,1493,0,-0.0031917717
Cold,351483,2063,2062,2451,1493,0,-0.012634427
Cold,94690,636,635,2451,1493,0,-0.00947703
Cold,140630,904,903,2451,1493,0,0.0018818168
Cold,57586,390,389,2451,1493,0,-0.0058876597
Cold,53619,352,351,2451,1493,1,-0.006156312
Cold,132308,855,854,2451,1493,0,-0.0061529363
Cold,37360,255,254,2451,1493,1,-0.005041602
Cold,36376,245,244,2451,1493,0,-0.01665258
Cold,239764,1449,1448,2451,1493,0,-0.021097694
Cold,192662,1186,1185,2451,1493,1,-0.008351002
Cold,14432,117,116,2451,1493,1,-0.014527031
Cold,290007,1733,1732,2451,1493,0,-0.0135401655
Cold,237674,1447,1446,2451,1493,0,-0.013668692
Cold,65213,438,437,2451,1493,0,-0.0065905247
Cold,366081,2131,2130,2451,1493,1,-0.005489546
Cold,331369,1958,1957,2451,1493,0,-0.00032646023
Cold,62644,424,423,2451,1493,0,-0.012347074
Cold,933348,5636,5635,2451,1493,0,0.0023832442
Cold,115934,752,751,2451,1493,0,-0.0045241853
Cold,620600,3760,3759,2453,1494,0,0.001243817
Cold,617402,3737,3736,2453,1494,1,0.0010647179
Cold,612833,3715,3714,2453,1494,1,-0.00053872913
Cold,612408,3713,3712,2453,1494,0,0.0094922595
Cold,653998,3942,3941,2453,1494,0,0.0019275859
Cold,651983,3931,3930,2453,1494,0,0.003484441
Cold,726366,4345,4344,2453,1494,1,0.005231996
Cold,583248,3562,3561,2453,1494,0,0.00087974896
Cold,579071,3539,3538,2453,1494,0,0.002129843
Cold,593476,3618,3617,2453,1494,0,-0.0009672331
Cold,904146,5468,5467,2453,1494,0,0.008767518
Cold,556364,3419,3418,2453,1494,1,0.0002590448
Cold,573436,3512,3511,2453,1494,0,0.0006787423
Cold,548903,3389,3388,2453,1494,0,0.0045689074
Cold,645127,3885,3884,2453,1494,0,0.0012052343
Cold,549836,3391,3390,2453,1494,0,-0.00049566175
Cold,544332,3356,3355,2453,1494,0,0.0035034772
Cold,537771,3312,3311,2453,1494,1,0.0030752644
Cold,536891,3311,3310,2453,1494,0,0.007815635
Cold,533086,3292,3291,2453,1494,0,0.006008705
Cold,512645,3163,3162,2453,1494,1,0.0013453211
Cold,502046,3082,3081,2453,1494,1,0.002963555
Cold,797549,4784,4783,2453,1494,0,-0.002530268
Cold,493270,3031,3030,2453,1494,1,0.00811136
Cold,738073,4411,4410,2453,1494,1,-0.0014059461
Cold,599808,3650,3649,2453,1494,0,0.002418837
Cold,529494,3272,3271,2453,1494,1,-0.008974414
Cold,479184,2941,2940,2453,1494,0,-0.0037240437
Cold,477905,2934,2933,2453,1494,1,-0.0010730154
Cold,462500,2854,2853,2453,1494,0,-0.0030600736
Cold,450625,2777,2776,2453,1494,0,0.008092607
Cold,418499,2529,2528,2453,1494,1,0.0018926235
Cold,408608,2454,2453,2453,1494,0,0.0058243982
Cold,387196,2264,2263,2453,1494,0,0.0024149665
Cold,372977,2178,2177,2453,1494,1,-0.00789634
Cold,366919,2140,2139,2453,1494,0,0.0015155624
Cold,366824,2139,2138,2453,1494,1,0.0020809504
Cold,364608,2124,2123,2453,1494,1,0.006627585
Cold,355307,2078,2077,2453,1494,0,0.003332382
Cold,348379,2042,2041,2453,1494,1,-4.1676685e-05
Cold,343544,2018,2017,2453,1494,0,0.0031837923
Cold,338822,1996,1995,2453,1494,1,0.0013569004
Cold,335572,1980,1979,2453,1494,1,-0.0052439887
Cold,288781,1726,1725,2453,1494,0,0.01110971
Cold,290880,1736,1735,2453,1494,0,0.0067358827
Cold,259338,1587,1586,2453,1494,0,0.0068195127
Cold,360540,2106,2105,2453,1494,0,-0.0006361981
Cold,241017,1451,1450,2453,1494,1,0.000516905
Cold,213315,1298,1297,2453,1494,0,0.0035137269
Cold,272705,1647,1646,2453,1494,0,0.0053284992
Cold,203971,1255,1254,2453,1494,1,0.004142702
Cold,196941,1209,1208,2453,1494,1,0.0038382588
Cold,263069,1605,1604,2453,1494,1,0.0032202774
Cold,163143,1042,1041,2453,1494,0,0.008647992
Cold,161951,1033,1032,2453,1494,0,0.004058033
Cold,157874,1015,1014,2453,1494,0,0.00065278786
Cold,212408,1294,1293,2453,1494,1,0.002441124
Cold,225464,1365,1364,2453,1494,0,-0.00014981581
Cold,145252,935,934,2453,1494,1,-0.00090246205
Cold,135115,874,873,2453,1494,1,0.0017490037
Cold,134068,869,868,2453,1494,0,-0.0055161593
Cold,331372,1958,1957,2453,1494,0,-6.339431e-05
Cold,132967,858,857,2453,1494,1,0.0052606445
Cold,127235,822,821,2453,1494,1,0.0017811746
Cold,123318,796,795,2453,1494,0,0.0048051826
Cold,118666,767,766,2453,1494,1,0.0029613664
Cold,119053,770,769,2453,1494,0,0.0029062212
Cold,272059,1645,1644,2453,1494,1,0.0027233805
Cold,99293,662,661,2453,1494,0,0.0019654194
Cold,98395,659,658,2453,1494,1,0.0060761245
Cold,98301,658,657,2453,1494,0,0.0034063526
Cold,332169,1960,1959,2453,1494,1,-0.0044608545
Cold,93742,629,628,2453,1494,1,0.005162478
Cold,87408,571,570,2453,1494,0,0.0052092467
Cold,84932,552,551,2453,1494,0,0.005314389
Cold,82827,549,548,2453,1494,1,-0.0017791153
Cold,238668,1448,1447,2453,1494,1,-0.0028763562
Cold,83935,550,549,2453,1494,0,-0.0028970577
Cold,76107,517,516,2453,1494,1,-0.00047597208
Cold,73618,499,498,2453,1494,1,0.0032537521
Cold,70675,476,475,2453,1494,0,0.0021220283
Cold,64915,436,435,2453,1494,1,-0.0016558839
Cold,64157,429,428,2453,1494,0,0.008347921
Cold,57401,388,387,2453,1494,0,-0.0002414179
Cold,132310,855,854,2453,1494,0,-0.007330029
Cold,45879,308,307,2453,1494,0,0.004401396
Cold,62647,424,423,2453,1494,0,0.0047914525
Cold,39962,271,270,2453,1494,1,0.0059796707
Cold,29129,199,198,2453,1494,0,0.0016155025
Cold,14435,117,116,2453,1494,0,0.00078109046
Cold,11170,83,82,2453,1494,1,-0.0015925829
Cold,1134,10,9,2453,1494,1,-0.004750236
Cold,14188,116,115,2453,1494,1,-0.0072811972
Cold,79182,531,530,2453,1494,0,-0.0015548002
Cold,19320,148,147,2453,1494,0,0.0018556479
Cold,354745,2077,2076,2453,1494,0,0.006840591
Cold,257479,1579,1578,2453,1494,0,0.0078004003
Cold,255719,1557,1556,2453,1494,1,0.0036619157
Cold,237677,1447,1446,2453,1494,1,-0.003037623
Cold,11931,92,91,2453,1494,0,0.0027585675
Cold,60644,411,410,2453,1494,0,0.00561756
Cold,164325,1051,1050,2453,1494,1,0.0023050373
Cold,95347,639,638,2453,1494,1,0.004888082
Cold,102016,678,677,2453,1494,0,0.00086443557
Cold,28054,195,194,2453,1494,1,0.002956498
Cold,787110,4708,4707,2453,1494,0,0.0014507314
Cold,917228,5543,5542,2453,1494,0,-0.00035811157
Cold,144784,934,933,2453,1494,0,0.007843588
Cold,234790,1425,1424,2453,1494,0,0.009607915
Cold,718461,4305,4304,2453,1494,0,-0.0017167476
Cold,831898,5001,5000,2453,1494,0,-0.00014025054
Cold,699591,4186,4185,2453,1494,0,0.008490283
Cold,295562,1755,1754,2453,1494,0,0.002840077
Cold,341440,2012,2011,2453,1494,0,0.002919071
Cold,193487,1194,1193,2453,1494,0,-0.0039629717
Cold,825497,4958,4957,2453,1494,1,0.0007290172
Cold,539769,3320,3319,2458,1499,0,0.0068030045
Cold,515332,3182,3181,2458,1499,0,0.005341608
Cold,514797,3180,3179,2458,1499,0,0.005474678
Cold,566067,3476,3475,2458,1499,0,0.0021140021
Cold,508503,3129,3128,2458,1499,0,0.009823596
Cold,504871,3107,3106,2458,1499,1,0.0003565345
Cold,493864,3032,3031,2458,1499,0,0.0072270557
Cold,491983,3026,3025,2458,1499,0,0.0065979566
Cold,472384,2907,2906,2458,1499,1,-0.00251221
Cold,469854,2895,2894,2458,1499,0,0.011160692
Cold,564221,3471,3470,2458,1499,0,0.0065927645
Cold,467733,2883,2882,2458,1499,0,0.006833558
Cold,452227,2785,2784,2458,1499,0,0.0034031088
Cold,450188,2776,2775,2458,1499,0,0.002239002
Cold,420407,2541,2540,2458,1499,0,0.008938599
Cold,393512,2316,2315,2458,1499,0,0.0062216953
Cold,388866,2279,2278,2458,1499,0,0.0038831905
Cold,379303,2216,2215,2458,1499,0,0.0010604454
Cold,385187,2251,2250,2458,1499,0,0.006336563
Cold,366445,2134,2133,2458,1499,1,0.003944576
Cold,359780,2104,2103,2458,1499,0,0.009631358
Cold,359256,2102,2101,2458,1499,0,0.0005244082
Cold,380726,2225,2224,2458,1499,0,0.0042698975
Cold,341447,2012,2011,2458,1499,0,0.006804605
Cold,323094,1916,1915,2458,1499,0,-0.0032582232
Cold,293382,1747,1746,2458,1499,0,0.0062054647
Cold,290882,1736,1735,2458,1499,1,0.00409474
Cold,291198,1737,1736,2458,1499,0,0.0018153233
Cold,265589,1613,1612,2458,1499,0,0.010544644
Cold,205074,1262,1261,2458,1499,1,-0.0010474606
Cold,202949,1246,1245,2458,1499,0,0.007822772
Cold,278778,1680,1679,2458,1499,0,0.0055538826
Cold,308428,1837,1836,2458,1499,0,0.0070946002
Cold,307255,1835,1834,2458,1499,1,0.0041745147
Cold,173538,1100,1099,2458,1499,0,0.008498095
Cold,331377,1958,1957,2458,1499,0,0.006750441
Cold,167716,1068,1067,2458,1499,0,0.0072791874
Cold,212796,1297,1296,2458,1499,0,0.0009569125
Cold,156612,1010,1009,2458,1499,0,0.006304711
Cold,159888,1019,1018,2458,1499,0,0.0056856256
Cold,315016,1880,1879,2458,1499,0,-0.0015265984
Cold,605634,3681,3680,2458,1499,0,0.007046832
Cold,239773,1449,1448,2458,1499,0,0.0013373564
Cold,144069,929,928,2458,1499,0,0.009893284
Cold,233943,1422,1421,2458,1499,0,0.0027391505
Cold,351494,2063,2062,2458,1499,0,0.013176004
Cold,84933,552,551,2458,1499,0,0.0041985163
Cold,82835,549,548,2458,1499,0,0.0061146575
Cold,238677,1448,1447,2458,1499,0,0.0007974417
Cold,190545,1181,1180,2458,1499,0,0.011517646
Cold,119060,770,769,2458,1499,0,0.0067226654
Cold,81515,543,542,2458,1499,0,0.0017778594
Cold,70376,475,474,2458,1499,1,0.0052799885
Cold,71836,482,481,2458,1499,0,0.002302593
Cold,69190,463,462,2458,1499,0,-0.0006629799
Cold,57996,392,391,2458,1499,0,0.0014966698
Cold,53636,352,351,2458,1499,0,0.0013374554
Cold,44409,302,301,2458,1499,0,0.010961428
Cold,40329,272,271,2458,1499,1,0.006453931
Cold,16425,130,129,2458,1499,0,0.0017778964
Cold,206703,1266,1265,2458,1499,0,0.0013119117
Cold,552148,3401,3400,2458,1499,0,-0.00143041
Cold,105904,699,698,2458,1499,0,0.011199329
Cold,892838,5394,5393,2458,1499,0,0.003998788
Cold,689767,4126,4125,2458,1499,0,0.0029609965
Cold,62657,424,423,2458,1499,0,0.0072816433
Cold,933350,5636,5635,2458,1499,0,-0.00081267394
Cold,193492,1194,1193,2458,1499,0,-0.0037395617
Cold,62121,419,418,2458,1499,0,-0.001234611
Cold,549842,3391,3390,2458,1499,0,0.0011627714
Cold,515336,3182,3181,2460,1501,0,0.0057350667
Cold,514014,3172,3171,2460,1501,1,-0.00095748436
Cold,516333,3189,3188,2460,1501,0,0.0052328096
Cold,566071,3476,3475,2460,1501,0,0.010358594
Cold,509446,3138,3137,2460,1501,0,-0.00011346117
Cold,508505,3129,3128,2460,1501,0,-0.0077979052
Cold,485442,2987,2986,2460,1501,0,0.0016725606
Cold,476692,2928,2927,2460,1501,0,-0.0029792448
Cold,895379,5412,5411,2460,1501,0,0.0023886035
Cold,754605,4497,4496,2460,1501,0,0.0008270922
Cold,450190,2776,2775,2460,1501,0,0.005184723
Cold,449207,2770,2769,2460,1501,0,-0.0040958663
Cold,453224,2792,2791,2460,1501,0,0.0057732426
Cold,433968,2645,2644,2460,1501,0,0.0033481582
Cold,430689,2625,2624,2460,1501,0,-0.0038048252
Cold,426395,2590,2589,2460,1501,1,-0.0064757317
Cold,409513,2457,2456,2460,1501,0,0.0027954
Cold,385189,2251,2250,2460,1501,0,0.0023178654
Cold,369800,2164,2163,2460,1501,0,-0.0064430768
Cold,305767,1820,1819,2460,1501,0,-0.010361853
Cold,291202,1737,1736,2460,1501,0,0.0071578994
Cold,278790,1680,1679,2460,1501,1,0.007427371
Cold,280430,1683,1682,2460,1501,0,0.00396357
Cold,270778,1639,1638,2460,1501,0,0.0013435726
Cold,267502,1626,1625,2460,1501,0,0.0038720816
Cold,247551,1496,1495,2460,1501,1,-0.0008793832
Cold,350251,2056,2055,2460,1501,1,-0.0059045004
Cold,327742,1941,1940,2460,1501,0,-0.001383346
Cold,180188,1128,1127,2460,1501,0,0.0047065215
Cold,176367,1115,1114,2460,1501,0,0.008627501
Cold,196360,1207,1206,2460,1501,0,0.0032049697
Cold,190553,1181,1180,2460,1501,0,-0.0020589754
Cold,159130,1017,1016,2460,1501,0,0.0018182732
Cold,125487,808,807,2460,1501,0,0.012441093
Cold,123820,798,797,2460,1501,0,-0.0010703851
Cold,210679,1285,1284,2460,1501,0,-0.0017274315
Cold,107148,705,704,2460,1501,0,-0.002469034
Cold,94694,636,635,2460,1501,1,0.006729742
Cold,92698,621,620,2460,1501,0,-0.0060306364
Cold,140638,904,903,2460,1501,0,-0.0007579266
Cold,82844,549,548,2460,1501,0,0.009795461
Cold,233947,1422,1421,2460,1501,0,-0.0032707707
Cold,81518,543,542,2460,1501,0,-0.00040489435
Cold,57592,390,389,2460,1501,1,0.0031538885
Cold,41170,278,277,2460,1501,0,-0.0077733416
Cold,14454,117,116,2460,1501,0,-0.0017042449
Cold,6122,44,43,2460,1501,0,-0.00015925546
Cold,432575,2638,2637,2460,1501,0,-0.008250423
Cold,298980,1776,1775,2460,1501,0,-0.007232541
Cold,237691,1447,1446,2460,1501,0,-0.0005939971
Cold,264967,1611,1610,2460,1501,0,-0.0030923334
Cold,760620,4520,4519,2460,1501,0,-0.0032875368
Cold,290021,1733,1732,2460,1501,0,-0.0006688186
Cold,474327,2910,2909,2460,1501,1,-0.0026612727
Cold,62667,424,423,2460,1501,0,-0.0010889578
Cold,457730,2820,2819,2460,1501,0,0.0041972995
Cold,237693,1447,1446,2461,1502,0,0.004162919
Cold,974239,5878,5877,2461,1502,0,0.008113988
Cold,227012,1377,1376,2472,1509,0,0.00849383
Cold,304733,1812,1811,2472,1509,0,-0.0010665371
Cold,205085,1262,1261,2472,1509,0,0.002623562
Cold,278828,1680,1679,2472,1509,1,0.008277075
Cold,308458,1837,1836,2472,1509,0,0.011523167
Cold,307280,1835,1834,2472,1509,0,0.008066323
Cold,214714,1303,1302,2472,1509,0,0.0103063
Cold,331403,1958,1957,2472,1509,0,0.00671959
Cold,164360,1051,1050,2472,1509,1,0.010765211
Cold,146858,948,947,2472,1509,1,-0.0010194294
Cold,185022,1150,1149,2472,1509,0,0.009112639
Cold,156643,1010,1009,2472,1509,0,0.011763604
Cold,106686,702,701,2472,1509,0,-5.5970857e-05
Cold,239808,1449,1448,2472,1509,0,0.007328391
Cold,283971,1698,1697,2472,1509,0,0.0050660428
Cold,362809,2116,2115,2472,1509,1,0.006797403
Cold,190589,1181,1180,2472,1509,0,-0.0031792186
Cold,71860,482,481,2472,1509,0,0.0002791126
Cold,53684,352,351,2472,1509,0,0.005560788
Cold,45901,308,307,2472,1509,0,0.00417448
Cold,43622,300,299,2472,1509,0,0.00745733
Cold,25233,178,177,2472,1509,0,0.0029453412
Cold,238703,1448,1447,2472,1509,0,0.006564923
Cold,9254,62,61,2472,1509,1,0.0035238178
Cold,892848,5394,5393,2472,1509,0,0.004631459
Cold,744747,4448,4447,2472,1509,0,0.0074187433
Cold,257508,1579,1578,2472,1509,0,0.010717947
Cold,633041,3824,3823,2472,1509,0,0.0023799355
Cold,473351,2909,2908,2472,1509,1,0.0045013395
Cold,136367,881,880,2472,1509,0,0.011902446
Cold,609592,3695,3694,2472,1509,0,0.0016375822
Cold,141409,911,910,2472,1509,0,0.004365023
Cold,549879,3391,3390,2472,1509,0,0.0101149045
Cold,664573,4001,4000,2473,1510,0,-0.0013095661
Cold,663837,3999,3998,2473,1510,0,-0.005524141
Cold,661881,3992,3991,2473,1510,0,0.0056089954
Cold,651278,3929,3928,2473,1510,0,0.002180451
Cold,672410,4041,4040,2473,1510,0,-0.00047575403
Cold,648209,3903,3902,2473,1510,1,-0.007277486
Cold,647627,3900,3899,2473,1510,0,-0.010612616
Cold,629192,3808,3807,2473,1510,0,0.0037539932
Cold,625433,3780,3779,2473,1510,0,0.013983101
Cold,623784,3773,3772,2473,1510,0,-0.00012631342
Cold,621970,3768,3767,2473,1510,0,0.0033084168
Cold,612433,3713,3712,2473,1510,0,0.00640514
Cold,611786,3709,3708,2473,1510,0,0.006286041
Cold,719950,4312,4311,2473,1510,0,0.0016897413
Cold,606395,3683,3682,2473,1510,0,-0.0041331653
Cold,633042,3824,3823,2473,1510,0,0.004489745
Cold,596391,3626,3625,2473,1510,0,0.0067932773
Cold,583283,3562,3561,2473,1510,0,0.0019168812
Cold,576958,3526,3525,2473,1510,0,-0.004558447
Cold,579108,3539,3538,2473,1510,0,-0.006647658
Cold,571952,3507,3506,2473,1510,0,-0.0011833748
Cold,570214,3499,3498,2473,1510,0,0.0028792396
Cold,560720,3449,3448,2473,1510,0,-0.00041040918
Cold,556811,3422,3421,2473,1510,0,-0.002017534
Cold,552165,3401,3400,2473,1510,0,-0.0011176837
Cold,549882,3391,3390,2473,1510,0,-0.0029596298
Cold,536933,3311,3310,2473,1510,0,-0.0029695877
Cold,539783,3320,3319,2473,1510,0,0.0016143542
Cold,575183,3519,3518,2473,1510,0,-0.0012584275
Cold,530874,3280,3279,2473,1510,0,-0.0011559562
Cold,522322,3224,3223,2473,1510,0,0.0066769104
Cold,519178,3203,3202,2473,1510,0,0.0011560655
Cold,514803,3180,3179,2473,1510,0,0.0013960287
Cold,513453,3167,3166,2473,1510,0,-2.0371925e-05
Cold,605652,3681,3680,2473,1510,0,-0.00669605
Cold,508513,3129,3128,2473,1510,0,0.0069758473
Cold,504017,3098,3097,2473,1510,0,-0.00089134567
Cold,502060,3082,3081,2473,1510,0,-0.0008145897
Cold,501694,3081,3080,2473,1510,0,0.0102960495
Cold,501188,3080,3079,2473,1510,0,0.0024985748
Cold,493898,3032,3031,2473,1510,1,0.00056806207
Cold,659079,3971,3970,2473,1510,0,0.0056496495
Cold,493287,3031,3030,2473,1510,0,0.00458016
Cold,477933,2934,2933,2473,1510,0,-0.0062339744
Cold,695971,4169,4168,2473,1510,0,-0.002551003
Cold,472406,2907,2906,2473,1510,0,0.0013672153
Cold,468295,2887,2886,2473,1510,0,0.004104931
Cold,455167,2802,2801,2473,1510,0,0.003407762
Cold,748812,4471,4470,2473,1510,0,0.005785597
Cold,438782,2681,2680,2473,1510,1,0.00605721
Cold,433972,2645,2644,2473,1510,0,-0.0042992025
Cold,432994,2639,2638,2473,1510,0,-0.009183839
Cold,423106,2565,2564,2473,1510,1,-0.0065924427
Cold,420414,2541,2540,2473,1510,1,0.002187529
Cold,419666,2537,2536,2473,1510,0,-0.0042718262
Cold,409125,2456,2455,2473,1510,0,0.0067209336
Cold,402213,2402,2401,2473,1510,0,0.0031652842
Cold,404435,2419,2418,2473,1510,0,0.002147382
Cold,398119,2367,2366,2473,1510,0,-0.0029428657
Cold,399765,2380,2379,2473,1510,0,-0.002140936
Cold,359961,2105,2104,2473,1510,0,-0.0041100876
Cold,380739,2225,2224,2473,1510,0,0.00759174
Cold,331404,1958,1957,2473,1510,0,-0.00024411036
Cold,298651,1773,1772,2473,1510,0,-0.0043444126
Cold,298524,1770,1769,2473,1510,0,0.009278533
Cold,291221,1737,1736,2473,1510,0,-0.00480005
Cold,281189,1687,1686,2473,1510,1,-0.015961476
Cold,323709,1920,1919,2473,1510,0,-0.007021016
Cold,259354,1587,1586,2473,1510,0,0.002790392
Cold,256737,1570,1569,2473,1510,0,-0.006973028
Cold,265611,1613,1612,2473,1510,0,-0.0035557796
Cold,326694,1937,1936,2473,1510,0,-0.0016514945
Cold,356791,2090,2089,2473,1510,1,-0.0053251116
Cold,227013,1377,1376,2473,1510,0,0.007841285
Cold,335620,1980,1979,2473,1510,0,0.004009475
Cold,205086,1262,1261,2473,1510,0,0.004401326
Cold,261639,1599,1598,2473,1510,0,-0.0034205262
Cold,278830,1680,1679,2473,1510,0,0.002465934
Cold,304734,1812,1811,2473,1510,1,-0.004384988
Cold,213333,1298,1297,2473,1510,0,-0.005186942
Cold,307282,1835,1834,2473,1510,0,0.00077423546
Cold,180198,1128,1127,2473,1510,0,-0.0030150965
Cold,173548,1100,1099,2473,1510,0,-0.008787423
Cold,248703,1501,1500,2473,1510,1,-0.006829857
Cold,183107,1141,1140,2473,1510,0,-0.0051769707
Cold,155769,1004,1003,2473,1510,0,0.0043541156
Cold,164362,1051,1050,2473,1510,1,0.0076429285
Cold,185024,1150,1149,2473,1510,0,-0.008542
Cold,106687,702,701,2473,1510,0,-0.004214907
Cold,263101,1605,1604,2473,1510,0,0.0020210356
Cold,233965,1422,1421,2473,1510,0,-0.006978089
Cold,351535,2063,2062,2473,1510,0,0.0036558914
Cold,82872,549,548,2473,1510,0,0.0030425014
Cold,190591,1181,1180,2473,1510,0,0.003501153
Cold,119082,770,769,2473,1510,0,-0.0020937303
Cold,81537,543,542,2473,1510,0,0.00047365838
Cold,70381,475,474,2473,1510,0,-0.003070668
Cold,71861,482,481,2473,1510,0,0.0012449231
Cold,239810,1449,1448,2473,1510,0,-0.007833728
Cold,53685,352,351,2473,1510,0,-0.002217867
Cold,132327,855,854,2473,1510,0,-0.0046260934
Cold,25600,181,180,2473,1510,0,0.0030810847
Cold,481683,2962,2961,2473,1510,0,0.002821487
Cold,21545,157,156,2473,1510,0,-0.0013598967
Cold,238705,1448,1447,2473,1510,0,0.0007574307
Cold,15570,123,122,2473,1510,0,-0.008355172
Cold,6441,45,44,2473,1510,1,0.006569252
Cold,3757,26,25,2473,1510,0,-0.0011312626
Cold,78332,528,527,2473,1510,0,-0.001595733
Cold,432590,2638,2637,2473,1510,0,0.008418552
Cold,892850,5394,5393,2473,1510,0,-0.0078086313
Cold,257509,1579,1578,2473,1510,1,-0.0027588583
Cold,49374,329,328,2473,1510,0,-0.0021051904
Cold,954191,5761,5760,2473,1510,0,0.0017995285
Cold,333757,1969,1968,2473,1510,0,-0.0044389153
Cold,828593,4979,4978,2473,1510,0,0.007401217
Cold,744748,4448,4447,2473,1510,0,0.007814286
Cold,272732,1647,1646,2473,1510,0,0.0046014227
Cold,102054,678,677,2473,1510,0,0.0021230085
Cold,680547,4079,4078,2473,1510,1,0.008302493
Cold,115977,752,751,2473,1510,0,0.005221634
Cold,327772,1941,1940,2473,1510,0,0.0030590042
Cold,581248,3550,3549,2473,1510,0,0.0076441914
Cold,62689,424,423,2473,1510,0,0.0030936762
Cold,342281,2015,2014,2473,1510,0,0.00290569
Cold,34702,235,234,2473,1510,0,-0.0057133557
Cold,609027,3693,3692,2473,1510,0,0.0071467645
Cold,930343,5621,5620,2473,1510,0,0.0035192855
Cold,310570,1851,1850,2473,1510,0,0.0027557171
Cold,145734,937,936,2473,1510,0,-0.0013393781
Cold,174038,1101,1100,2473,1510,0,0.0015227536
Cold,599108,3648,3647,2473,1510,0,0.00021473505
Cold,193515,1194,1193,2473,1510,0,0.010282612
Cold,623655,3772,3771,2475,1512,0,0.009865239
Cold,615538,3727,3726,2475,1512,0,0.0007033767
Cold,633044,3824,3823,2475,1512,0,0.0052546263
Cold,593531,3618,3617,2475,1512,0,0.0043889903
Cold,569044,3491,3490,2475,1512,0,0.013556274
Cold,567323,3483,3482,2475,1512,0,0.0058785286
Cold,552167,3401,3400,2475,1512,0,0.0065272073
Cold,576959,3526,3525,2475,1512,0,0.005999868
Cold,535838,3308,3307,2475,1512,0,0.005063159
Cold,528076,3265,3264,2475,1512,0,0.014684625
Cold,525022,3242,3241,2475,1512,0,0.010709318
Cold,534628,3300,3299,2475,1512,1,0.00238442
Cold,518652,3201,3200,2475,1512,0,-0.0029212264
Cold,522325,3224,3223,2475,1512,1,-0.0006279058
Cold,539784,3320,3319,2475,1512,0,0.0020389182
Cold,930080,5620,5619,2475,1512,0,0.010520611
Cold,816036,4899,4898,2475,1512,0,0.007790999
Cold,502376,3083,3082,2475,1512,0,0.004968309
Cold,493900,3032,3031,2475,1512,0,0.00845156
Cold,490621,3018,3017,2475,1512,1,-0.003979016
Cold,486183,2994,2993,2475,1512,0,0.016011208
Cold,695975,4169,4168,2475,1512,0,0.008999811
Cold,754611,4497,4496,2475,1512,1,-0.0053347163
Cold,463122,2857,2856,2475,1512,0,0.0083986
Cold,457754,2820,2819,2475,1512,0,-0.0007330632
Cold,453571,2793,2792,2475,1512,0,0.009008879
Cold,447850,2761,2760,2475,1512,1,0.0060846917
Cold,446333,2752,2751,2475,1512,1,0.008255605
Cold,428767,2609,2608,2475,1512,1,0.0021654256
Cold,446771,2753,2752,2475,1512,1,0.0034361263
Cold,418526,2529,2528,2475,1512,1,-0.0039378842
Cold,426849,2592,2591,2475,1512,1,0.0051356386
Cold,409126,2456,2455,2475,1512,0,0.0063768383
Cold,404139,2415,2414,2475,1512,0,0.0001567956
Cold,402215,2402,2401,2475,1512,0,0.0047583818
Cold,407744,2451,2450,2475,1512,0,0.011334157
Cold,388877,2279,2278,2475,1512,1,0.0012261441
Cold,425627,2583,2582,2475,1512,1,0.0033800523
Cold,381570,2231,2230,2475,1512,0,0.010959561
Cold,375035,2186,2185,2475,1512,0,0.007126198
Cold,369809,2164,2163,2475,1512,1,0.0017454978
Cold,357315,2092,2091,2475,1512,0,0.0005733154
Cold,339652,2002,2001,2475,1512,0,0.0023674164
Cold,253702,1543,1542,2475,1512,0,0.0053899474
Cold,316675,1884,1883,2475,1512,1,0.0040976945
Cold,232321,1410,1409,2475,1512,1,0.0015636054
Cold,227014,1377,1376,2475,1512,0,0.0004452723
Cold,200739,1233,1232,2475,1512,1,-0.0034150262
Cold,278832,1680,1679,2475,1512,1,0.014242497
Cold,219753,1333,1332,2475,1512,1,0.0036503947
Cold,192541,1185,1184,2475,1512,0,-0.0003790171
Cold,165161,1053,1052,2475,1512,0,0.010332387
Cold,275437,1667,1666,2475,1512,1,-0.0014532404
Cold,154294,996,995,2475,1512,0,0.004101568
Cold,151521,975,974,2475,1512,1,0.010122344
Cold,185027,1150,1149,2475,1512,0,0.018004553
Cold,140528,903,902,2475,1512,1,0.008075838
Cold,137949,889,888,2475,1512,0,0.009382011
Cold,490045,3015,3014,2475,1512,0,-0.0002547549
Cold,210700,1285,1284,2475,1512,0,0.011838773
Cold,198135,1218,1217,2475,1512,1,0.0014205659
Cold,239812,1449,1448,2475,1512,0,0.01194348
Cold,98652,660,659,2475,1512,0,0.00035746163
Cold,270791,1639,1638,2475,1512,1,0.0047159796
Cold,228090,1383,1382,2475,1512,0,0.005812494
Cold,150468,970,969,2475,1512,0,0.008311212
Cold,84937,552,551,2475,1512,1,0.0026914035
Cold,77295,524,523,2475,1512,1,0.009914147
Cold,74020,504,503,2475,1512,0,0.0036224052
Cold,72904,493,492,2475,1512,1,-8.4514264e-05
Cold,53688,352,351,2475,1512,1,0.0039447322
Cold,110659,721,720,2475,1512,1,0.00738047
Cold,36430,245,244,2475,1512,0,0.0045159403
Cold,481684,2962,2961,2475,1512,0,0.0036162133
Cold,380740,2225,2224,2475,1512,0,0.00810512
Cold,432592,2638,2637,2475,1512,0,0.013981133
Cold,293644,1748,1747,2475,1512,0,0.008066873
Cold,602414,3665,3664,2475,1512,1,0.0012357528
Cold,25901,183,182,2475,1512,1,-0.0023309037
Cold,324881,1925,1924,2475,1512,1,-0.004766546
Cold,184307,1147,1146,2488,1516,1,-0.012709595
Cold,182705,1140,1139,2488,1516,1,-0.0020771131
Cold,159144,1017,1016,2488,1516,1,0.007246319
Cold,157946,1015,1014,2488,1516,1,0.0056351847
Cold,151942,977,976,2488,1516,1,0.00035882602
Cold,148970,958,957,2488,1516,1,0.0004389073
Cold,137983,889,888,2488,1516,1,-0.0072960937
Cold,134100,869,868,2488,1516,1,-0.0044464595
Cold,131057,850,849,2488,1516,1,0.0053147916
Cold,128278,830,829,2488,1516,1,0.0052527394
Cold,270798,1639,1638,2488,1516,1,0.004988094
Cold,77312,524,523,2488,1516,1,0.0047152713
Cold,74675,509,508,2488,1516,1,0.0038279244
Cold,69459,466,465,2488,1516,1,-0.008664505
Cold,947511,5722,5721,2488,1516,1,-0.01034788
Cold,459112,2826,2825,2488,1516,1,-0.003817676
Cold,481694,2962,2961,2488,1516,0,0.00537254
Cold,480803,2952,2951,2488,1516,1,0.0038963573
Cold,24337,173,172,2488,1516,1,-0.006743173
Cold,451471,2779,2778,2488,1516,1,0.002274443
Cold,534960,3301,3300,2488,1516,1,-0.0023570568
Cold,631437,3821,3820,2488,1516,0,0.0019709219
Cold,208663,1274,1273,2488,1516,1,-0.008136715
Cold,28128,195,194,2488,1516,1,-0.0068718395
Cold,322193,1912,1911,2488,1516,0,0.0034227055
Cold,277511,1676,1675,2491,1518,0,-0.0014599133
Cold,281779,1690,1689,2491,1518,0,-0.0002841052
Cold,264338,1608,1607,2491,1518,0,0.0011607363
Cold,252923,1533,1532,2491,1518,1,-0.0035266643
Cold,236594,1436,1435,2491,1518,1,-0.0012372578
Cold,236331,1434,1433,2491,1518,0,-0.007776398
Cold,233014,1418,1417,2491,1518,0,0.003777713
Cold,225554,1366,1365,2491,1518,0,-0.00043326803
Cold,299513,1778,1777,2491,1518,0,0.0012732758
Cold,216382,1314,1313,2491,1518,1,0.0002317297
Cold,214060,1300,1299,2491,1518,0,0.0047302963
Cold,278876,1680,1679,2491,1518,0,0.005869091
Cold,216895,1317,1316,2491,1518,1,-0.010460015
Cold,188884,1172,1171,2491,1518,0,-0.0053257854
Cold,186462,1153,1152,2491,1518,1,0.0035001968
Cold,285636,1702,1701,2491,1518,1,-0.0083733145
Cold,180754,1130,1129,2491,1518,0,0.0044882996
Cold,205266,1263,1262,2491,1518,0,0.0077823116
Cold,172829,1096,1095,2491,1518,0,-0.00038867746
Cold,167746,1068,1067,2491,1518,0,0.009705517
Cold,165553,1055,1054,2491,1518,0,0.01042443
Cold,156154,1005,1004,2491,1518,0,0.0050649634
Cold,150485,970,969,2491,1518,0,0.006953378
Cold,139916,897,896,2491,1518,1,-0.0074392343
Cold,137991,889,888,2491,1518,0,0.0032088896
Cold,134108,869,868,2491,1518,1,-0.00015946059
Cold,131806,854,853,2491,1518,0,0.0076543856
Cold,128918,838,837,2491,1518,1,0.008146894
Cold,128008,828,827,2491,1518,0,0.0013820406
Cold,327811,1941,1940,2491,1518,1,0.009325969
Cold,125735,809,808,2491,1518,1,0.0009351034
Cold,360603,2106,2105,2491,1518,0,-0.0093070995
Cold,349238,2050,2049,2491,1518,1,-0.0026102844
Cold,103641,689,688,2491,1518,0,-0.0002774113
Cold,91159,604,603,2491,1518,0,0.0038171692
Cold,190637,1181,1180,2491,1518,0,0.004225672
Cold,56975,385,384,2491,1518,0,-0.0029859566
Cold,78352,528,527,2491,1518,1,-0.00790216
Cold,29829,202,201,2491,1518,0,0.0011658885
Cold,29192,199,198,2491,1518,0,0.009159675
Cold,6178,45,44,2491,1518,0,0.010543462
Cold,79235,531,530,2491,1518,0,0.0034826477
Cold,88188,582,581,2491,1518,1,0.006456275
Cold,460596,2841,2840,2491,1518,0,-0.0012521592
Cold,11983,92,91,2491,1518,0,0.0062136017
Cold,102077,678,677,2491,1518,1,0.0024195192
Cold,923884,5580,5579,2491,1518,0,-0.0034676467
Cold,907590,5492,5491,2491,1518,1,0.00094285
Cold,335654,1980,1979,2491,1518,0,-0.0037417705
Cold,187027,1160,1159,2491,1518,0,0.0057557225
Cold,561507,3454,3453,2491,1518,1,0.0032046866
Cold,831907,5001,5000,2491,1518,1,0.00415661
Cold,855017,5132,5131,2491,1518,0,-0.0032083692
Cold,171418,1088,1087,2491,1518,0,0.020474285
Cold,718487,4305,4304,2491,1518,1,-0.0018930798
Cold,452686,2787,2786,2492,1519,1,0.008805484
Cold,451606,2780,2779,2492,1519,0,0.014601622
Cold,433977,2645,2644,2492,1519,0,0.0044862153
Cold,430315,2623,2622,2492,1519,0,0.005529598
Cold,391019,2298,2297,2492,1519,1,0.003150134
Cold,433122,2641,2640,2492,1519,1,-0.00016824203
Cold,376700,2199,2198,2492,1519,0,-0.00044531317
Cold,346821,2033,2032,2492,1519,0,0.0051154243
Cold,346599,2031,2030,2492,1519,0,-0.0038547514
Cold,339946,2005,2004,2492,1519,0,-0.003955168
Cold,301011,1787,1786,2492,1519,0,-0.007919898
Cold,306785,1831,1830,2492,1519,1,-0.008325041
Cold,298042,1767,1766,2492,1519,0,0.002238819
Cold,281780,1690,1689,2492,1519,0,0.000663894
Cold,264339,1608,1607,2492,1519,0,-0.0058247154
Cold,262674,1602,1601,2492,1519,1,-0.0003071187
Cold,256426,1565,1564,2492,1519,1,-0.0037860358
Cold,255879,1560,1559,2492,1519,1,0.0076567656
Cold,246830,1491,1490,2492,1519,0,-0.002684398
Cold,232388,1411,1410,2492,1519,0,0.0024019722
Cold,229572,1390,1389,2492,1519,1,0.006290811
Cold,231601,1404,1403,2492,1519,0,0.0055216914
Cold,215446,1306,1305,2492,1519,1,0.0011939969
Cold,214061,1300,1299,2492,1519,1,0.0057628565
Cold,296758,1759,1758,2492,1519,0,0.002333969
Cold,210729,1285,1284,2492,1519,1,-0.0024114014
Cold,204896,1261,1260,2492,1519,1,0.0013082814
Cold,200283,1230,1229,2492,1519,1,-0.0100571755
Cold,188886,1172,1171,2492,1519,0,0.0034531732
Cold,333168,1967,1966,2492,1519,1,0.00427857
Cold,270397,1636,1635,2492,1519,0,-0.0049127
Cold,163722,1050,1049,2492,1519,0,0.00031605037
Cold,203586,1251,1250,2492,1519,0,-0.0034367563
Cold,154055,992,991,2492,1519,0,0.004414726
Cold,249194,1502,1501,2492,1519,1,0.0044037946
Cold,146333,941,940,2492,1519,0,0.014324186
Cold,156672,1010,1009,2492,1519,0,0.0014349672
Cold,490047,3015,3014,2492,1519,0,0.0047568833
Cold,131807,854,853,2492,1519,0,0.01188714
Cold,205687,1264,1263,2492,1519,0,-0.0025218069
Cold,88748,587,586,2492,1519,0,0.0034894708
Cold,74024,504,503,2492,1519,1,-0.002416705
Cold,71882,482,481,2492,1519,0,-0.000100475154
Cold,65973,442,441,2492,1519,0,-0.004636341
Cold,63854,426,425,2492,1519,1,-0.0025250937
Cold,62341,423,422,2492,1519,0,0.00149426
Cold,58962,401,400,2492,1519,0,-0.0030731917
Cold,132344,855,854,2492,1519,0,0.004675209
Cold,43086,295,294,2492,1519,0,0.0018389928
Cold,312816,1865,1864,2492,1519,1,-0.004769448
Cold,40398,272,271,2492,1519,0,-0.0010408638
Cold,31038,208,207,2492,1519,0,0.0022549082
Cold,17794,137,136,2492,1519,0,0.0010336863
Cold,6180,45,44,2492,1519,0,-0.0084348405
Cold,153908,990,989,2492,1519,0,0.0026863983
Cold,330669,1952,1951,2492,1519,0,0.0060885036
Cold,889994,5371,5370,2492,1519,0,-0.00078841404
Cold,201973,1243,1242,2492,1519,0,0.0038788768
Cold,874476,5281,5280,2492,1519,1,0.0028392766
Cold,257527,1579,1578,2492,1519,1,0.0068788044
Cold,661723,3991,3990,2492,1519,0,0.0043585417
Cold,607064,3685,3684,2492,1519,0,-0.0057159686
Cold,773429,4610,4609,2492,1519,0,0.0028574185
Cold,507689,3125,3124,2492,1519,1,-0.0040123
Cold,24350,173,172,2492,1519,0,0.0030286887
Cold,360605,2106,2105,2492,1519,0,0.00015740213
Cold,570977,3503,3502,2492,1519,0,0.0037697305
Cold,335149,1978,1977,2492,1519,1,0.0030361316
Cold,356663,2089,2088,2492,1519,1,0.0068288804
Cold,335656,1980,1979,2492,1519,1,0.004471889
Cold,921015,5565,5564,2492,1519,0,0.0017420009
Cold,811037,4867,4866,2492,1519,1,0.0014620137
Cold,462003,2849,2848,2492,1519,0,-0.0020740135
Cold,415706,2504,2503,2492,1519,0,-0.0029339981
Cold,111613,727,726,2492,1519,1,-0.0008864547
Cold,187028,1160,1159,2492,1519,0,0.002693994
Cold,434904,2655,2654,2492,1519,0,-0.0006677662
Cold,508165,3128,3127,2492,1519,0,-0.007770033
Cold,336664,1982,1981,2492,1519,0,0.011872515
Cold,323392,1917,1916,2495,1520,1,-0.0069781225
Cold,316686,1884,1883,2495,1520,0,-0.004134009
Cold,327153,1939,1938,2495,1520,0,0.0019223598
Cold,298303,1768,1767,2495,1520,1,-0.0029775575
Cold,293119,1746,1745,2495,1520,1,-0.0017951803
Cold,288407,1723,1722,2495,1520,1,0.00074752513
Cold,288215,1722,1721,2495,1520,1,0.00021516578
Cold,292199,1741,1740,2495,1520,1,-0.00015844358
Cold,276117,1671,1670,2495,1520,1,0.0030770514
Cold,278882,1680,1679,2495,1520,1,-0.0059464634
Cold,269803,1635,1634,2495,1520,1,-0.0043272893
Cold,268895,1632,1631,2495,1520,1,-0.004618133
Cold,283999,1698,1697,2495,1520,1,0.0043823803
Cold,335659,1980,1979,2495,1520,1,0.004141381
Cold,315881,1882,1881,2495,1520,1,0.0009987673
Cold,591835,3610,3609,2495,1520,0,-0.0021121197
Cold,197713,1215,1214,2495,1520,1,-0.0011069186
Cold,189975,1179,1178,2495,1520,0,0.0066310633
Cold,177484,1119,1118,2495,1520,1,-0.006438528
Cold,165743,1057,1056,2495,1520,0,-0.003429673
Cold,212818,1297,1296,2495,1520,0,-0.0025745565
Cold,157955,1015,1014,2495,1520,1,-0.0005013902
Cold,436260,2665,2664,2495,1520,0,0.0040274863
Cold,147670,951,950,2495,1520,0,0.0004890865
Cold,140849,905,904,2495,1520,1,-0.0002853265
Cold,129280,839,838,2495,1520,1,-0.006226105
Cold,226025,1369,1368,2495,1520,1,-0.0020243991
Cold,152274,980,979,2495,1520,1,-0.0054465677
Cold,90906,602,601,2495,1520,1,0.0031278217
Cold,202990,1246,1245,2495,1520,0,-0.00030337973
Cold,86046,563,562,2495,1520,0,-0.010714424
Cold,190641,1181,1180,2495,1520,0,-0.012482315
Cold,83989,550,549,2495,1520,1,-0.0063135196
Cold,67721,454,453,2495,1520,1,-0.0014729924
Cold,481701,2962,2961,2495,1520,0,-0.0003360426
Cold,18085,139,138,2495,1520,0,-0.0018240265
Cold,159927,1019,1018,2495,1520,0,0.0054951115
Cold,215448,1306,1305,2495,1520,1,-0.0012066178
Cold,631991,3822,3821,2497,1522,0,0.00055359537
Cold,599871,3650,3649,2497,1522,0,-0.009510102
Cold,585986,3577,3576,2497,1522,0,0.0051953397
Cold,562283,3461,3460,2497,1522,0,0.0023684457
Cold,559864,3441,3440,2497,1522,0,0.0079467045
Cold,658309,3967,3966,2497,1522,1,0.0068632863
Cold,544649,3358,3357,2497,1522,1,-0.00036672852
Cold,547542,3378,3377,2497,1522,0,0.003699264
Cold,533146,3292,3291,2497,1522,0,0.015701056
Cold,530897,3280,3279,2497,1522,0,0.005637939
Cold,516870,3191,3190,2497,1522,0,0.01103054
Cold,513678,3169,3168,2497,1522,0,-1.8244435e-05
Cold,514212,3174,3173,2497,1522,0,0.0045820754
Cold,503606,3095,3094,2497,1522,0,0.012533819
Cold,502843,3087,3086,2497,1522,1,0.009100044
Cold,488639,3007,3006,2497,1522,0,-0.0019718127
Cold,477963,2934,2933,2497,1522,0,-0.005492464
Cold,870026,5256,5255,2497,1522,1,0.005325455
Cold,470346,2896,2895,2497,1522,0,-0.0010319373
Cold,468316,2887,2886,2497,1522,0,0.0008317032
Cold,459400,2829,2828,2497,1522,0,0.004919388
Cold,518666,3201,3200,2497,1522,0,0.002625104
Cold,594736,3620,3619,2497,1522,0,0.0027154654
Cold,450696,2777,2776,2497,1522,0,-0.0076599424
Cold,445107,2745,2744,2497,1522,0,0.0048857364
Cold,444580,2743,2742,2497,1522,1,0.0008720984
Cold,442737,2728,2727,2497,1522,1,-0.004681232
Cold,430025,2621,2620,2497,1522,0,0.0018627304
Cold,427571,2596,2595,2497,1522,1,0.0054858215
Cold,426860,2592,2591,2497,1522,0,0.0029327965
Cold,423115,2565,2564,2497,1522,1,0.009786819
Cold,421790,2550,2549,2497,1522,0,0.0016912182
Cold,419254,2533,2532,2497,1522,1,0.0061776526
Cold,463760,2858,2857,2497,1522,1,0.009723445
Cold,404451,2419,2418,2497,1522,0,0.00076442235
Cold,402910,2405,2404,2497,1522,1,-0.002472205
Cold,398515,2371,2370,2497,1522,1,0.013615417
Cold,395093,2334,2333,2497,1522,0,-0.0034363477
Cold,393082,2309,2308,2497,1522,0,0.0056834663
Cold,362848,2116,2115,2497,1522,1,-0.0044012642
Cold,351580,2063,2062,2497,1522,1,0.00829141
Cold,302069,1794,1793,2497,1522,0,-0.003373194
Cold,269492,1634,1633,2497,1522,0,0.00047710782
Cold,266904,1620,1619,2497,1522,0,0.006501103
Cold,254317,1546,1545,2497,1522,0,-0.0030405144
Cold,264548,1609,1608,2497,1522,0,-0.0010076917
Cold,245469,1483,1482,2497,1522,0,0.006670785
Cold,272763,1647,1646,2497,1522,0,0.0028632816
Cold,203854,1254,1253,2497,1522,0,-0.0014150387
Cold,189601,1175,1174,2497,1522,1,-0.0006104151
Cold,186745,1156,1155,2497,1522,1,-0.0014677137
Cold,188891,1172,1171,2497,1522,0,0.007851737
Cold,321640,1908,1907,2497,1522,0,0.0074194
Cold,183125,1141,1140,2497,1522,0,0.009919274
Cold,331447,1958,1957,2497,1522,0,-0.00042851153
Cold,175411,1112,1111,2497,1522,0,-0.0019180124
Cold,334499,1974,1973,2497,1522,0,0.0065034125
Cold,163727,1050,1049,2497,1522,0,-0.0034473909
Cold,229206,1389,1388,2497,1522,0,0.0005638809
Cold,413676,2489,2488,2497,1522,0,0.0059147794
Cold,152929,984,983,2497,1522,0,0.013223408
Cold,190648,1181,1180,2497,1522,0,-0.0020163476
Cold,140197,899,898,2497,1522,0,-0.0038489462
Cold,138002,889,888,2497,1522,0,0.005935707
Cold,131812,854,853,2497,1522,0,-0.0024028
Cold,127251,822,821,2497,1522,0,0.0017022038
Cold,304761,1812,1811,2497,1522,0,0.008240521
Cold,126519,817,816,2497,1522,0,-0.0043525416
Cold,123690,797,796,2497,1522,1,0.0048488923
Cold,778835,4653,4652,2497,1522,0,0.006055612
Cold,299516,1778,1777,2497,1522,0,0.00038705254
Cold,103646,689,688,2497,1522,0,0.0010280893
Cold,99419,663,662,2497,1522,0,-0.010861518
Cold,95922,644,643,2497,1522,0,0.0019534598
Cold,111614,727,726,2497,1522,1,0.010101142
Cold,88138,581,580,2497,1522,0,-0.002565899
Cold,228117,1383,1382,2497,1522,0,0.0030046431
Cold,73635,499,498,2497,1522,1,0.0008155969
Cold,68618,461,460,2497,1522,1,0.008240115
Cold,64616,432,431,2497,1522,0,-0.007959589
Cold,78360,528,527,2497,1522,1,0.008471105
Cold,47479,319,318,2497,1522,0,0.011345253
Cold,110683,721,720,2497,1522,1,-0.004206172
Cold,696019,4169,4168,2497,1522,0,-0.0022562156
Cold,34480,234,233,2497,1522,1,0.0018771992
Cold,308487,1837,1836,2497,1522,0,0.002212657
Cold,32928,223,222,2497,1522,0,0.001769176
Cold,29462,201,200,2497,1522,0,0.0025088436
Cold,21273,156,155,2497,1522,1,0.008224277
Cold,838,10,9,2497,1522,1,0.00046156556
Cold,561509,3454,3453,2497,1522,0,0.003715171
Cold,79246,531,530,2497,1522,0,0.012855032
Cold,19412,148,147,2497,1522,1,0.0027631656
Cold,399780,2380,2379,2497,1522,0,0.016768893
Cold,95372,639,638,2497,1522,1,-0.0025080936
Cold,365459,2127,2126,2497,1522,0,-0.001844799
Cold,149115,959,958,2497,1522,1,0.0034848405
Cold,689791,4126,4125,2497,1522,1,0.0012243539
Cold,327822,1941,1940,2497,1522,0,0.008123575
Cold,335665,1980,1979,2497,1522,0,0.0009985745
Cold,17797,137,136,2497,1522,0,0.0066984408
Cold,300259,1780,1779,2497,1522,0,0.006949039
Cold,71888,482,481,2497,1522,0,7.387542e-05
Cold,187555,1164,1163,2497,1522,0,-0.005534682
Cold,242317,1463,1462,2497,1522,0,-0.0014661658
Cold,241069,1451,1450,2497,1522,0,0.0017817267
Cold,473394,2909,2908,2497,1522,0,0.00017475104
Cold,285214,1701,1700,2497,1522,0,-0.00024584425
Cold,831910,5001,5000,2497,1522,1,0.002117356
Cold,456937,2814,2813,2497,1522,0,-0.0011984282
Cold,473396,2909,2908,2498,1523,1,-0.00038788863
Cold,486951,2996,2995,2498,1523,0,0.007866973
Cold,420421,2541,2540,2498,1523,0,-0.006729911
Cold,418546,2529,2528,2498,1523,0,-0.0012226591
Cold,382585,2236,2235,2498,1523,0,-0.0039055871
Cold,370659,2167,2166,2498,1523,0,-0.0017094661
Cold,370458,2166,2165,2498,1523,0,0.0055061732
Cold,366765,2138,2137,2498,1523,1,-0.002993458
Cold,366567,2136,2135,2498,1523,0,0.0026684876
Cold,358429,2098,2097,2498,1523,0,0.008073598
Cold,356298,2088,2087,2498,1523,0,0.0031634322
Cold,351581,2063,2062,2498,1523,0,-0.0012905835
Cold,373925,2181,2180,2498,1523,0,0.0028871573
Cold,361496,2109,2108,2498,1523,0,0.008240609
Cold,339840,2004,2003,2498,1523,0,1.812866e-05
Cold,324671,1923,1922,2498,1523,0,0.007334987
Cold,305330,1815,1814,2498,1523,0,0.0065913554
Cold,296759,1759,1758,2498,1523,0,-0.0014756953
Cold,288088,1721,1720,2498,1523,0,0.0044516223
Cold,281201,1687,1686,2498,1523,0,0.0038819488
Cold,286231,1709,1708,2498,1523,1,0.0015223552
Cold,269807,1635,1634,2498,1523,0,0.0057753013
Cold,268309,1630,1629,2498,1523,0,0.00284944
Cold,259838,1589,1588,2498,1523,0,0.006011028
Cold,264549,1609,1608,2498,1523,0,0.003019217
Cold,272764,1647,1646,2498,1523,0,0.008383429
Cold,261663,1599,1598,2498,1523,0,0.00713599
Cold,196392,1207,1206,2498,1523,0,0.009843897
Cold,236334,1434,1433,2498,1523,0,0.0019481701
Cold,177999,1120,1119,2498,1523,0,0.007512134
Cold,173565,1100,1099,2498,1523,0,0.0035304916
Cold,248718,1501,1500,2498,1523,0,-0.0029961364
Cold,276634,1673,1672,2498,1523,0,0.0024272504
Cold,327824,1941,1940,2498,1523,0,-0.0016134554
Cold,147624,950,949,2498,1523,0,-0.005679823
Cold,146870,948,947,2498,1523,0,0.0030420758
Cold,138003,889,888,2498,1523,0,0.0044711516
Cold,135245,876,875,2498,1523,0,0.0032436135
Cold,360612,2106,2105,2498,1523,0,0.011315098
Cold,112357,731,730,2498,1523,0,0.0016714281
Cold,216386,1314,1313,2498,1523,0,-0.011833819
Cold,107801,710,709,2498,1523,0,0.0043870853
Cold,166756,1060,1059,2498,1523,0,0.008157307
Cold,109226,714,713,2498,1523,0,0.006641444
Cold,233975,1422,1421,2498,1523,0,0.00088839186
Cold,239850,1449,1448,2498,1523,0,0.0029786977
Cold,86047,563,562,2498,1523,0,0.0008307911
Cold,73080,494,493,2498,1523,1,-0.00074895285
Cold,65251,438,437,2498,1523,0,0.0021133544
Cold,49419,329,328,2498,1523,0,0.0055910256
Cold,187920,1165,1164,2498,1523,0,0.0061470037
Cold,38509,262,261,2498,1523,0,0.008275725
Cold,55610,368,367,2498,1523,0,0.0023972988
Cold,27564,193,192,2498,1523,0,0.002800587
Cold,19413,148,147,2498,1523,0,0.0039167525
Cold,840,10,9,2498,1523,1,-0.00010086177
Cold,167093,1063,1062,2498,1523,0,0.0072680227
Cold,472438,2907,2906,2498,1523,0,-0.0032010144
Cold,134115,869,868,2498,1523,1,0.0029505724
Cold,335666,1980,1979,2498,1523,0,0.000774289
Cold,171428,1088,1087,2498,1523,0,0.004611499
Cold,136398,881,880,2498,1523,0,0.00053961074
Cold,52156,343,342,2498,1523,0,0.0015978983
Cold,462368,2853,2852,2500,1524,0,0.00025905087
Cold,458046,2820,2819,2500,1524,0,-0.0016803988
Cold,450972,2777,2776,2500,1524,0,0.0014360845
Cold,444719,2743,2742,2500,1524,0,0.0011204074
Cold,564513,3471,3470,2500,1524,0,-0.00352587
Cold,377878,2205,2204,2500,1524,0,-0.003311852
Cold,382500,2235,2234,2500,1524,0,0.0039812736
Cold,368844,2156,2155,2500,1524,0,0.003985811
Cold,355996,2085,2084,2500,1524,1,0.0024262532
Cold,352008,2063,2062,2500,1524,1,-0.002397114
Cold,345135,2024,2023,2500,1524,0,-0.0029544325
Cold,297579,1764,1763,2500,1524,0,-3.596174e-05
Cold,281316,1687,1686,2500,1524,0,0.008750677
Cold,259532,1587,1586,2500,1524,0,-0.00027071638
Cold,227792,1381,1380,2500,1524,0,-0.0024141744
Cold,224224,1356,1355,2500,1524,0,0.00019499683
Cold,223629,1354,1353,2500,1524,1,-0.0004049039
Cold,212971,1297,1296,2500,1524,1,0.0024205747
Cold,279469,1680,1679,2500,1524,0,0.0004773218
Cold,185437,1150,1149,2500,1524,0,0.0035620332
Cold,173722,1100,1099,2500,1524,0,-0.006537611
Cold,172919,1096,1095,2500,1524,0,-0.0073680216
Cold,175609,1112,1111,2500,1524,0,-0.0028502778
Cold,272260,1645,1644,2500,1524,1,-0.001283296
Cold,189407,1173,1172,2500,1524,0,-0.0018392657
Cold,227653,1380,1379,2500,1524,0,0.008373321
Cold,167922,1068,1067,2500,1524,0,0.004037784
Cold,140953,906,905,2500,1524,0,-0.004254978
Cold,156990,1010,1009,2500,1524,0,0.0004293057
Cold,136685,881,880,2500,1524,0,0.006672823
Cold,331712,1958,1957,2500,1524,0,0.0025692396
Cold,332724,1962,1961,2500,1524,0,0.00087342237
Cold,122354,789,788,2500,1524,0,0.004603889
Cold,113367,735,734,2500,1524,0,0.0026224284
Cold,360889,2106,2105,2500,1524,0,0.0011501182
Cold,221443,1340,1339,2500,1524,0,-0.0040568737
Cold,939951,5675,5674,2500,1524,0,-0.006433844
Cold,80267,533,532,2500,1524,0,0.001451198
Cold,239061,1448,1447,2500,1524,1,-0.00082777825
Cold,116337,752,751,2500,1524,1,-0.00035472703
Cold,70203,474,473,2500,1524,0,0.0017216583
Cold,251184,1516,1515,2500,1524,0,-0.00628031
Cold,57111,386,385,2500,1524,0,-0.012877716
Cold,538012,3312,3311,2500,1524,0,-0.0007664603
Cold,54403,355,354,2500,1524,0,0.0005797397
Cold,11904,92,91,2500,1524,0,0.00397218
Cold,7273,51,50,2500,1524,0,0.00038492307
Cold,633374,3824,3823,2500,1524,0,-0.0031459734
Cold,79499,531,530,2500,1524,0,0.000852542
Cold,363148,2116,2115,2500,1524,0,0.012133591
Cold,490324,3017,3016,2500,1524,0,0.0052165724
Cold,164662,1051,1050,2500,1524,0,-0.0011084082
Cold,134383,869,868,2500,1524,0,-0.0014854181
Cold,177034,1117,1116,2500,1524,0,0.003977517
Cold,811151,4867,4866,2500,1524,0,-0.008070667
Cold,375635,2188,2187,2500,1524,0,-0.009869795
Cold,290317,1733,1732,2500,1524,0,0.008610309
Cold,336716,1982,1981,2500,1524,0,-9.38545e-05
Cold,171784,1088,1087,2500,1524,0,0.0018953674
Cold,720114,4312,4311,2504,1527,0,-0.0012210822
Cold,608318,3690,3689,2504,1527,0,-0.011574068
Cold,604865,3677,3676,2504,1527,1,0.0007205278
Cold,600573,3651,3650,2504,1527,0,-0.0048824083
Cold,606590,3683,3682,2504,1527,0,-0.0005681413
Cold,583524,3562,3561,2504,1527,0,-0.0056138197
Cold,582170,3557,3556,2504,1527,0,-0.001455943
Cold,580957,3547,3546,2504,1527,0,0.006941933
Cold,579472,3539,3538,2504,1527,1,-0.008393602
Cold,569312,3491,3490,2504,1527,1,-0.00439965
Cold,572251,3507,3506,2504,1527,0,-0.0032587347
Cold,556700,3421,3420,2504,1527,1,-0.001737243
Cold,644720,3884,3883,2504,1527,0,0.0029073306
Cold,740567,4425,4424,2504,1527,0,-0.011895645
Cold,536092,3308,3307,2504,1527,1,-0.008149691
Cold,533426,3292,3291,2504,1527,1,-0.010655314
Cold,531729,3283,3282,2504,1527,0,-0.00798648
Cold,531103,3280,3279,2504,1527,0,-0.0047493717
Cold,522692,3224,3223,2504,1527,1,0.007133724
Cold,562664,3462,3461,2504,1527,0,-0.008156842
Cold,517670,3195,3194,2504,1527,1,-0.005700204
Cold,659190,3971,3970,2504,1527,1,-0.004391062
Cold,508696,3129,3128,2504,1527,0,-0.0044486467
Cold,574820,3518,3517,2504,1527,0,-0.007538232
Cold,523498,3227,3226,2504,1527,1,-0.0006986703
Cold,575426,3519,3518,2504,1527,0,-0.014155649
Cold,499526,3067,3066,2504,1527,0,-0.00997848
Cold,496903,3053,3052,2504,1527,0,0.001178164
Cold,510961,3150,3149,2504,1527,0,0.0002540641
Cold,474529,2912,2911,2504,1527,0,-0.0028804883
Cold,564517,3471,3470,2504,1527,0,-0.005303575
Cold,465711,2872,2871,2504,1527,0,-0.004290189
Cold,450977,2777,2776,2504,1527,0,0.0057288758
Cold,420503,2541,2540,2504,1527,0,0.0009836168
Cold,416701,2507,2506,2504,1527,0,-0.0035127518
Cold,404601,2419,2418,2504,1527,0,-0.005121261
Cold,399542,2378,2377,2504,1527,0,-0.005333631
Cold,375637,2188,2187,2504,1527,0,0.0057087126
Cold,372312,2174,2173,2504,1527,0,-0.00048572198
Cold,363151,2116,2115,2504,1527,0,0.002877479
Cold,359801,2104,2103,2504,1527,1,-0.0009081082
Cold,355998,2085,2084,2504,1527,1,-0.0027007803
Cold,352011,2063,2062,2504,1527,1,-0.002162211
Cold,293420,1747,1746,2504,1527,0,-0.012616243
Cold,268561,1631,1630,2504,1527,0,0.003711564
Cold,259536,1587,1586,2504,1527,0,-0.006075051
Cold,245139,1478,1477,2504,1527,0,0.0019442939
Cold,235062,1425,1424,2504,1527,1,-0.009461822
Cold,301805,1793,1792,2504,1527,0,-0.0019418467
Cold,224225,1356,1355,2504,1527,0,-0.0051477975
Cold,222417,1345,1344,2504,1527,1,-0.0025623492
Cold,214111,1300,1299,2504,1527,0,-0.0061009713
Cold,296835,1759,1758,2504,1527,0,-0.004878098
Cold,212975,1297,1296,2504,1527,0,0.0010014712
Cold,277791,1676,1675,2504,1527,0,0.0048005907
Cold,279473,1680,1679,2504,1527,1,-0.0061595533
Cold,196589,1207,1206,2504,1527,0,-0.0014426485
Cold,193221,1193,1192,2504,1527,0,-0.005890738
Cold,189026,1172,1171,2504,1527,1,-0.0038985293
Cold,185441,1150,1149,2504,1527,0,-0.007867472
Cold,175612,1112,1111,2504,1527,0,-0.004491772
Cold,167924,1068,1067,2504,1527,1,-0.0077154236
Cold,163904,1050,1049,2504,1527,1,-0.0018922442
Cold,189411,1173,1172,2504,1527,0,-0.0056698006
Cold,156369,1009,1008,2504,1527,0,0.0023525625
Cold,155396,1001,1000,2504,1527,0,-0.007588896
Cold,155939,1004,1003,2504,1527,0,-0.0037477836
Cold,149650,963,962,2504,1527,0,-0.0017674363
Cold,134764,870,869,2504,1527,1,0.00074382557
Cold,332728,1962,1961,2504,1527,0,-0.0035514275
Cold,154921,999,998,2504,1527,0,-0.006006466
Cold,128046,828,827,2504,1527,1,0.0019534787
Cold,605867,3681,3680,2504,1527,0,-0.0061883745
Cold,116341,752,751,2504,1527,1,0.0010808597
Cold,112560,731,730,2504,1527,0,-0.008875713
Cold,98333,658,657,2504,1527,0,-0.007542748
Cold,673315,4042,4041,2504,1527,0,-0.0022113156
Cold,90705,601,600,2504,1527,0,0.002684508
Cold,239065,1448,1447,2504,1527,1,-0.0067796214
Cold,77647,524,523,2504,1527,0,-0.0053740265
Cold,74053,504,503,2504,1527,1,-0.009478741
Cold,72141,482,481,2504,1527,0,-0.002296253
Cold,76724,520,519,2504,1527,1,-0.004810112
Cold,57115,386,385,2504,1527,0,0.00015222188
Cold,47330,319,318,2504,1527,0,-0.00018254598
Cold,29105,199,198,2504,1527,0,-0.004408656
Cold,404036,2414,2413,2504,1527,1,-0.0057146326
Cold,26321,187,186,2504,1527,1,0.0027033777
Cold,24861,175,174,2504,1527,1,-0.008199168
Cold,23041,166,165,2504,1527,0,-0.0058203414
Cold,49268,329,328,2504,1527,0,-0.009557599
Cold,166522,1059,1058,2504,1527,0,-0.004707033
Cold,458048,2820,2819,2504,1527,0,0.004263417
Cold,79504,531,530,2504,1527,0,-0.0049115303
Cold,158354,1015,1014,2504,1527,0,-0.01694999
Cold,709788,4258,4257,2504,1527,0,-0.0047219098
Cold,413793,2489,2488,2504,1527,1,-0.011792902
Cold,230563,1395,1394,2504,1527,1,-0.018187102
Cold,249888,1505,1504,2504,1527,0,-0.0015899409
Cold,56316,376,375,2504,1527,0,-0.004325558
Cold,333919,1969,1968,2504,1527,1,-0.005530742
Cold,360894,2106,2105,2504,1527,0,0.0008173067
Cold,682547,4085,4084,2504,1527,0,-0.016807083
Cold,272262,1645,1644,2504,1527,1,-0.009301512
Cold,73325,496,495,2504,1527,0,-0.0019535446
Cold,171788,1088,1087,2504,1527,0,-0.010304783
Cold,102377,678,677,2504,1527,0,-0.0036942149
Cold,45849,308,307,2504,1527,0,-0.0043784752
Cold,263438,1605,1604,2504,1527,0,0.0064620506
Cold,195552,1203,1202,2504,1527,0,-0.0042641535
Cold,134386,869,868,2504,1527,0,0.0008207238
Cold,248528,1500,1499,2504,1527,0,-0.0057191662
Cold,986664,5956,5955,2504,1527,0,0.003589575
Cold,476396,2926,2925,2504,1527,0,-0.0040158033
Cold,287766,1717,1716,2504,1527,1,-0.008896047
Cold,456509,2810,2809,2504,1527,0,-0.00038372353
Cold,907664,5492,5491,2504,1527,0,-0.006490958
Cold,902825,5458,5457,2504,1527,0,-0.00839208
Cold,336060,1980,1979,2504,1527,0,-0.013864797
Cold,992414,5996,5995,2504,1527,1,-0.0008230265
Cold,33893,229,228,2504,1527,0,-0.0070369765
Cold,623073,3770,3769,2506,1529,0,-0.012244507
Cold,845327,5081,5080,2506,1529,1,0.00091866776
Cold,590182,3600,3599,2506,1529,0,0.006432657
Cold,587041,3585,3584,2506,1529,1,0.0014114988
Cold,582171,3557,3556,2506,1529,1,0.0067567537
Cold,590440,3601,3600,2506,1529,1,0.006500259
Cold,576673,3525,3524,2506,1529,1,0.0003841531
Cold,572253,3507,3506,2506,1529,0,0.004191027
Cold,562666,3462,3461,2506,1529,0,-0.009789827
Cold,559955,3441,3440,2506,1529,0,-0.0014389819
Cold,658432,3967,3966,2506,1529,1,0.0023571379
Cold,547606,3378,3377,2506,1529,1,-0.0017794245
Cold,542295,3336,3335,2506,1529,0,0.0005692756
Cold,541056,3328,3327,2506,1529,0,-0.004783366
Cold,536095,3308,3307,2506,1529,1,0.008949865
Cold,526359,3255,3254,2506,1529,0,0.006023843
Cold,520823,3213,3212,2506,1529,1,0.0067224666
Cold,503657,3095,3094,2506,1529,0,-0.005647568
Cold,499529,3067,3066,2506,1529,1,-0.002176148
Cold,659192,3971,3970,2506,1529,1,-0.004489928
Cold,493448,3031,3030,2506,1529,1,0.005147419
Cold,472684,2907,2906,2506,1529,0,0.000108064385
Cold,466031,2873,2872,2506,1529,1,-0.01566676
Cold,456510,2810,2809,2506,1529,1,-0.0003117969
Cold,446161,2751,2750,2506,1529,0,0.0023256794
Cold,444724,2743,2742,2506,1529,1,-0.007109853
Cold,442901,2730,2729,2506,1529,0,-0.000992896
Cold,435592,2663,2662,2506,1529,1,-0.00017567328
Cold,430336,2623,2622,2506,1529,1,0.0009783587
Cold,426097,2588,2587,2506,1529,0,0.0065995827
Cold,416120,2506,2505,2506,1529,0,0.0015023022
Cold,412883,2484,2483,2506,1529,1,0.0030028797
Cold,405446,2428,2427,2506,1529,1,0.0019882494
Cold,404603,2419,2418,2506,1529,0,0.0014200181
Cold,395184,2334,2333,2506,1529,1,0.011543317
Cold,381356,2230,2229,2506,1529,1,-0.0034953626
Cold,369971,2164,2163,2506,1529,0,-0.0012376742
Cold,364457,2123,2122,2506,1529,1,-0.006696602
Cold,352015,2063,2062,2506,1529,0,0.01357254
Cold,324763,1924,1923,2506,1529,1,0.010845314
Cold,296985,1760,1759,2506,1529,1,0.0036495035
Cold,274852,1664,1663,2506,1529,0,0.0045517217
Cold,236423,1434,1433,2506,1529,1,0.0029977742
Cold,209497,1279,1278,2506,1529,0,-0.00025223568
Cold,189628,1175,1174,2506,1529,1,0.004674152
Cold,189027,1172,1171,2506,1529,1,-0.002480635
Cold,321689,1908,1907,2506,1529,1,-0.0040110145
Cold,316305,1883,1882,2506,1529,0,-0.004273435
Cold,176291,1114,1113,2506,1529,1,-0.0008107163
Cold,174499,1103,1102,2506,1529,0,0.0017602646
Cold,331718,1958,1957,2506,1529,1,0.009659118
Cold,263440,1605,1604,2506,1529,0,0.0071408143
Cold,168535,1069,1068,2506,1529,0,-0.0012738924
Cold,328309,1941,1940,2506,1529,1,0.002295971
Cold,189412,1173,1172,2506,1529,1,0.013316362
Cold,152702,983,982,2506,1529,1,-0.0021912567
Cold,150200,967,966,2506,1529,1,-0.00048448145
Cold,323893,1920,1919,2506,1529,0,0.0003271012
Cold,270973,1639,1638,2506,1529,1,0.0021868874
Cold,140296,899,898,2506,1529,1,-0.0056556305
Cold,138468,889,888,2506,1529,0,0.0031669093
Cold,130845,849,848,2506,1529,0,0.0025929487
Cold,128047,828,827,2506,1529,1,-0.0016806383
Cold,117554,757,756,2506,1529,0,0.014261583
Cold,778905,4653,4652,2506,1529,0,-0.0026200286
Cold,98910,660,659,2506,1529,0,0.004673897
Cold,177037,1117,1116,2506,1529,0,-0.0014805908
Cold,151269,973,972,2506,1529,0,0.002184352
Cold,91652,608,607,2506,1529,0,0.0075573763
Cold,228357,1383,1382,2506,1529,0,0.00034059607
Cold,87293,570,569,2506,1529,0,0.004530981
Cold,84820,551,550,2506,1529,0,-0.0041217813
Cold,69637,467,466,2506,1529,1,-0.0043786196
Cold,64692,433,432,2506,1529,0,-0.001174409
Cold,74926,509,508,2506,1529,0,0.001660374
Cold,52709,347,346,2506,1529,1,-0.0078654615
Cold,55122,365,364,2506,1529,1,0.0064667696
Cold,78531,528,527,2506,1529,1,0.0074163536
Cold,49272,329,328,2506,1529,0,0.002835045
Cold,46414,310,309,2506,1529,1,0.0022702087
Cold,312930,1865,1864,2506,1529,1,-0.00026713335
Cold,696463,4169,4168,2506,1529,0,0.0016294825
Cold,31921,216,215,2506,1529,1,-0.0016155937
Cold,337092,1983,1982,2506,1529,1,0.0014942107
Cold,26324,187,186,2506,1529,1,0.0016470263
Cold,16837,132,131,2506,1529,0,-0.0010845303
Cold,5493,38,37,2506,1529,1,0.0050193034
Cold,1638,15,14,2506,1529,0,0.004293924
Cold,477,6,5,2506,1529,0,0.0070800707
Cold,79507,531,530,2506,1529,0,0.0128139015
Cold,215594,1306,1305,2506,1529,0,-0.003947553
Cold,360897,2106,2105,2506,1529,0,0.007218561
Cold,95488,639,638,2506,1529,1,-0.00021519023
Cold,240222,1449,1448,2506,1529,0,0.007805719
Cold,251897,1524,1523,2506,1529,1,0.0028050249
Cold,144976,934,933,2506,1529,1,-0.0015914466
Cold,873824,5276,5275,2506,1529,0,-0.0040881475
Cold,20686,151,150,2506,1529,1,-0.006656233
Cold,171791,1088,1087,2506,1529,1,0.014272135
Cold,699719,4186,4185,2506,1529,0,0.008553286
Cold,116343,752,751,2506,1529,1,0.0024597272
Cold,183266,1141,1140,2506,1529,0,-0.00029752147
Cold,877435,5302,5301,2506,1529,0,0.004540568
Cold,191120,1181,1180,2511,1530,0,0.0008574544
Cold,169607,1077,1076,2511,1530,1,-0.0074775275
Cold,246373,1489,1488,2511,1530,0,-0.0035064803
Cold,185459,1150,1149,2511,1530,0,0.004773656
Cold,374856,2185,2184,2511,1530,1,-0.0050308863
Cold,106827,702,701,2511,1530,1,-0.0072838324
Cold,316899,1884,1883,2511,1530,1,-0.003713767
Cold,160207,1019,1018,2511,1530,0,-0.007882339
Cold,84305,550,549,2511,1530,0,-0.0006178338
Cold,77654,524,523,2511,1530,1,-0.0037877066
Cold,68782,461,460,2511,1530,0,-0.002476672
Cold,3060,23,22,2511,1530,0,-0.0020480128
Cold,902828,5458,5457,2511,1530,0,-0.0046748607
Cold,24293,173,172,2511,1530,0,0.0021533258
Cold,249894,1505,1504,2511,1530,1,-0.008615454
Cold,319428,1897,1896,2511,1530,0,-0.008434536
Cold,739425,4418,4417,2511,1530,1,0.0021448978
Cold,339224,1998,1997,2511,1530,1,-0.0062809056
Cold,293832,1748,1747,2511,1530,1,-1.5035388e-05
Cold,768768,4579,4578,2511,1530,0,-0.004268471
Cold,891595,5387,5386,2511,1530,0,0.0021785535
Cold,290331,1733,1732,2511,1530,1,-0.0009346232
Cold,406800,2444,2443,2514,1532,0,0.0065281494
Cold,368638,2155,2154,2514,1532,1,-0.0022195897
Cold,366215,2131,2130,2514,1532,0,0.008066148
Cold,361748,2109,2108,2514,1532,0,0.013184278
Cold,358555,2098,2097,2514,1532,0,0.006989356
Cold,344442,2021,2020,2514,1532,0,0.004861575
Cold,323517,1919,1918,2514,1532,1,0.006835797
Cold,279500,1680,1679,2514,1532,0,0.0134016685
Cold,277044,1675,1674,2514,1532,0,0.009215911
Cold,277801,1676,1675,2514,1532,0,0.008218925
Cold,271497,1641,1640,2514,1532,0,0.005557905
Cold,267607,1626,1625,2514,1532,0,0.0016709894
Cold,236431,1434,1433,2514,1532,1,0.002211841
Cold,224516,1357,1356,2514,1532,0,0.010745183
Cold,221910,1342,1341,2514,1532,0,0.005261528
Cold,213928,1299,1298,2514,1532,0,0.004419544
Cold,240236,1449,1448,2514,1532,0,0.011120832
Cold,328331,1941,1940,2514,1532,0,0.007367728
Cold,196600,1207,1206,2514,1532,0,-0.006522242
Cold,179680,1125,1124,2514,1532,0,0.00072811707
Cold,256195,1562,1561,2514,1532,0,0.0033893222
Cold,184049,1146,1145,2514,1532,0,0.0013684048
Cold,175624,1112,1111,2514,1532,0,-2.4267938e-05
Cold,165651,1056,1055,2514,1532,0,0.005429653
Cold,159331,1017,1016,2514,1532,0,0.007085573
Cold,150203,967,966,2514,1532,0,3.3928547e-05
Cold,157009,1010,1009,2514,1532,0,0.0058867945
Cold,134398,869,868,2514,1532,0,0.0061831023
Cold,133202,859,858,2514,1532,0,0.0030078052
Cold,138486,889,888,2514,1532,0,0.003181567
Cold,126639,817,816,2514,1532,0,0.005224814
Cold,125587,808,807,2514,1532,0,0.008892763
Cold,91655,608,607,2514,1532,0,0.00073064305
Cold,291503,1737,1736,2514,1532,0,-0.0057102116
Cold,406130,2436,2435,2514,1532,0,0.0017386638
Cold,56049,372,371,2514,1532,0,0.005967864
Cold,54193,353,352,2514,1532,0,0.0044550365
Cold,47915,321,320,2514,1532,0,0.017604906
Cold,45175,305,304,2514,1532,0,0.0014251528
Cold,99868,667,666,2514,1532,0,-0.0049671074
Cold,537276,3311,3310,2514,1532,0,-0.002529153
Cold,639193,3842,3841,2514,1532,0,0.003295885
Cold,22428,163,162,2514,1532,0,0.007851863
Cold,198447,1219,1218,2514,1532,0,-0.0024583526
Cold,65440,438,437,2514,1532,0,0.0019680376
Cold,365810,2129,2128,2514,1532,0,-0.0041017607
Cold,290333,1733,1732,2514,1532,0,0.004555309
Cold,622222,3768,3767,2514,1532,0,-0.004083386
Cold,177044,1117,1116,2514,1532,0,0.0028382759
Cold,310748,1851,1850,2514,1532,0,0.0053951894
Cold,352027,2063,2062,2514,1532,0,0.0018186163
Cold,206974,1266,1265,2514,1532,0,0.0029119775
Cold,473809,2909,2908,2514,1532,0,0.0057197106
Cold,28030,195,194,2514,1532,0,-0.0032350055
Cold,63096,424,423,2514,1532,0,0.016040277
Cold,461563,2847,2846,2514,1532,0,0.0057877814
Cold,352979,2067,2066,2519,1535,1,-0.00010845577
Cold,350139,2055,2054,2519,1535,1,0.011950606
Cold,300739,1781,1780,2519,1535,0,0.00015163748
Cold,288302,1722,1721,2519,1535,1,-0.003779848
Cold,300437,1780,1779,2519,1535,1,-0.0058680177
Cold,281697,1689,1688,2519,1535,0,-0.0022231622
Cold,279510,1680,1679,2519,1535,0,4.7562295e-05
Cold,247785,1496,1495,2519,1535,0,-0.0025837473
Cold,224518,1357,1356,2519,1535,1,0.0014020223
Cold,336087,1980,1979,2519,1535,0,-0.004834555
Cold,328343,1941,1940,2519,1535,0,-0.0077753724
Cold,176412,1115,1114,2519,1535,0,0.008939273
Cold,175629,1112,1111,2519,1535,0,-0.0065923175
Cold,159336,1017,1016,2519,1535,1,-0.004246016
Cold,133879,868,867,2519,1535,0,-0.0021598344
Cold,114100,741,740,2519,1535,0,0.0028620488
Cold,103850,690,689,2519,1535,0,0.002510164
Cold,88107,580,579,2519,1535,0,-0.0016200166
Cold,363171,2116,2115,2519,1535,1,-0.009182945
Cold,43220,296,295,2519,1535,1,-0.002760923
Cold,203173,1246,1245,2519,1535,0,0.00049251015
Cold,31961,216,215,2519,1535,0,-0.012952911
Cold,29722,202,201,2519,1535,1,-0.0013910763
Cold,17463,136,135,2519,1535,1,-0.009327709
Cold,14428,117,116,2519,1535,1,-0.0058876984
Cold,11167,83,82,2519,1535,0,-0.0056346967
Cold,290341,1733,1732,2519,1535,1,-0.0003997921
Cold,592058,3610,3609,2519,1535,0,-0.01230819
Cold,552468,3401,3400,2519,1535,0,-0.009165866
Cold,927612,5605,5604,2519,1535,0,0.008825502
Cold,287775,1717,1716,2519,1535,1,-0.0050945394
Cold,366218,2131,2130,2519,1535,1,-0.003710388
Cold,473821,2909,2908,2519,1535,1,-0.0047553754
Cold,322497,1912,1911,2519,1535,0,-0.0038083075
Cold,187969,1165,1164,2519,1535,0,-0.006591786
Cold,718604,4305,4304,2519,1535,1,-0.006717037
Cold,665912,4007,4006,2520,1536,0,-0.006964935
Cold,656661,3957,3956,2520,1536,0,0.0019477196
Cold,648272,3903,3902,2520,1536,1,-0.008634962
Cold,643737,3878,3877,2520,1536,1,-0.004661854
Cold,643186,3873,3872,2520,1536,1,0.002495603
Cold,640275,3848,3847,2520,1536,0,-0.0015738206
Cold,632517,3823,3822,2520,1536,1,0.008505639
Cold,629620,3808,3807,2520,1536,0,-0.009436107
Cold,638336,3841,3840,2520,1536,0,0.0031838145
Cold,623672,3772,3771,2520,1536,0,0.0013846755
Cold,619570,3754,3753,2520,1536,1,-0.0054287873
Cold,615721,3727,3726,2520,1536,1,0.00017023238
Cold,611220,3705,3704,2520,1536,1,-0.00011132052
Cold,744966,4448,4447,2520,1536,1,0.001114777
Cold,610449,3702,3701,2520,1536,1,-0.00029078778
Cold,594028,3618,3617,2520,1536,0,-0.0071439715
Cold,590192,3600,3599,2520,1536,1,0.0035895552
Cold,585754,3576,3575,2520,1536,1,-0.0050740307
Cold,577960,3529,3528,2520,1536,0,-0.00560488
Cold,580966,3547,3546,2520,1536,1,-0.005791084
Cold,566690,3477,3476,2520,1536,0,-0.0068686446
Cold,554057,3410,3409,2520,1536,1,-0.0027561719
Cold,632054,3822,3821,2520,1536,0,-0.009398041
Cold,548007,3380,3379,2520,1536,0,0.0055352743
Cold,540239,3321,3320,2520,1536,0,-0.0009987245
Cold,639202,3842,3841,2520,1536,0,0.0013038847
Cold,529840,3272,3271,2520,1536,1,-0.0050445693
Cold,518816,3201,3200,2520,1536,0,0.0037979416
Cold,509531,3138,3137,2520,1536,0,0.006048209
Cold,507274,3121,3120,2520,1536,0,0.0023139883
Cold,505212,3108,3107,2520,1536,0,-0.003319032
Cold,494302,3032,3031,2520,1536,1,-0.0065762717
Cold,696487,4169,4168,2520,1536,0,-0.0045884675
Cold,670681,4030,4029,2520,1536,1,-0.005798985
Cold,472710,2907,2906,2520,1536,0,-0.0079799425
Cold,473834,2909,2908,2520,1536,1,0.0031336467
Cold,465284,2869,2868,2520,1536,0,0.0027117934
Cold,463417,2857,2856,2520,1536,0,0.013136759
Cold,458074,2820,2819,2520,1536,0,-0.010642873
Cold,449958,2774,2773,2520,1536,0,0.0005297563
Cold,442093,2719,2718,2520,1536,0,-0.003232698
Cold,439624,2685,2684,2520,1536,0,0.00670632
Cold,433681,2643,2642,2520,1536,1,0.0003560679
Cold,431428,2628,2627,2520,1536,0,-0.00044763833
Cold,417473,2517,2516,2520,1536,0,-0.0050933883
Cold,416736,2507,2506,2520,1536,1,0.0026444923
Cold,403009,2406,2405,2520,1536,1,-0.0006409853
Cold,397970,2363,2362,2520,1536,1,-0.00543245
Cold,397845,2360,2359,2520,1536,0,-0.002470747
Cold,396680,2348,2347,2520,1536,0,-0.0024379834
Cold,393737,2318,2317,2520,1536,0,-0.0055148397
Cold,393464,2315,2314,2520,1536,0,-0.007922716
Cold,392323,2304,2303,2520,1536,1,-0.01068951
Cold,389740,2287,2286,2520,1536,1,0.00016269338
Cold,436544,2665,2664,2520,1536,1,-0.0077276975
Cold,387325,2264,2263,2520,1536,1,-0.0033049337
Cold,655954,3952,3951,2520,1536,0,-0.0020296755
Cold,378765,2211,2210,2520,1536,1,-0.0063876184
Cold,372870,2177,2176,2520,1536,0,-0.006576068
Cold,372077,2173,2172,2520,1536,0,0.00044664217
Cold,352701,2064,2063,2520,1536,0,-0.00045663677
Cold,298352,1768,1767,2520,1536,0,-0.0018669446
Cold,271638,1642,1641,2520,1536,1,-0.0031520256
Cold,269117,1632,1631,2520,1536,0,-0.006833715
Cold,260143,1591,1590,2520,1536,0,-0.0023222766
Cold,232346,1410,1409,2520,1536,0,-0.0029010656
Cold,229941,1391,1390,2520,1536,1,0.004441096
Cold,242889,1465,1464,2520,1536,0,-0.0058541954
Cold,279531,1680,1679,2520,1536,0,-0.0035520487
Cold,197024,1209,1208,2520,1536,1,-0.00790307
Cold,379952,2222,2221,2520,1536,1,-0.001238056
Cold,177614,1119,1118,2520,1536,0,-0.0057111564
Cold,191912,1182,1181,2520,1536,1,-0.008366962
Cold,328356,1941,1940,2520,1536,0,0.0056620333
Cold,162960,1040,1039,2520,1536,1,-0.008453398
Cold,153152,984,983,2520,1536,0,-0.0037051952
Cold,146687,946,945,2520,1536,0,0.0039380565
Cold,199539,1224,1223,2520,1536,0,-0.008343298
Cold,169274,1074,1073,2520,1536,0,0.00093726814
Cold,141580,911,910,2520,1536,1,-0.0034009633
Cold,201651,1242,1241,2520,1536,1,-0.0033971586
Cold,315381,1880,1879,2520,1536,0,0.00012097205
Cold,160220,1019,1018,2520,1536,0,0.0008727638
Cold,106839,702,701,2520,1536,0,-0.0006536273
Cold,100905,673,672,2520,1536,0,-0.004635645
Cold,94987,637,636,2520,1536,0,-0.0009978332
Cold,95500,639,638,2520,1536,0,-0.0014596012
Cold,130557,846,845,2520,1536,0,0.0028327184
Cold,284313,1698,1697,2520,1536,0,-0.0056657805
Cold,322506,1912,1911,2520,1536,0,0.0008898133
Cold,191140,1181,1180,2520,1536,0,-0.010472322
Cold,239092,1448,1447,2520,1536,1,-0.0010847442
Cold,75474,513,512,2520,1536,0,-0.00811309
Cold,56833,382,381,2520,1536,1,0.00077601476
Cold,211112,1285,1284,2520,1536,1,0.0028322516
Cold,241316,1451,1450,2520,1536,1,-0.0019457127
Cold,41734,284,283,2520,1536,0,0.0024085874
Cold,145401,935,934,2520,1536,1,0.00015771296
Cold,98932,660,659,2520,1536,0,0.0024911477
Cold,27538,193,192,2520,1536,1,-0.0017525875
Cold,5888,42,41,2520,1536,1,-0.0127226915
Cold,60634,411,410,2520,1536,0,-0.009246094
Cold,55253,366,365,2520,1536,0,-0.005818763
Cold,552475,3401,3400,2520,1536,1,-0.0025608824
Cold,300441,1780,1779,2520,1536,0,0.0057915635
Cold,680700,4079,4078,2520,1536,1,-0.0014467873
Cold,760193,4517,4516,2520,1536,0,0.003153578
Cold,633404,3824,3823,2520,1536,0,0.0020053247
Cold,964121,5812,5811,2520,1536,1,-0.007652847
Cold,357563,2092,2091,2520,1536,0,-0.004672666
Cold,841187,5054,5053,2520,1536,1,-0.0008470346
Cold,171815,1088,1087,2520,1536,0,-0.0045320364
Cold,993890,6002,6001,2520,1536,1,-0.0073522558
Cold,63116,424,423,2520,1536,0,0.0042014234
Cold,276327,1671,1670,2520,1536,1,-0.0039606476
Cold,25896,183,182,2520,1536,0,-0.000493024
Cold,588005,3589,3588,2520,1536,0,0.0027520717
Cold,52108,343,342,2520,1536,1,-0.00080254674
Cold,187971,1165,1164,2520,1536,0,-0.002739402
Cold,382939,2237,2236,2521,1537,0,0.005489901
Cold,361758,2109,2108,2521,1537,0,-0.0035343575
Cold,285983,1706,1705,2521,1537,0,-0.0036701667
Cold,269118,1632,1631,2521,1537,0,-0.002450725
Cold,260144,1591,1590,2521,1537,0,0.00085070264
Cold,232347,1410,1409,2521,1537,0,-0.00021981611
Cold,220412,1335,1334,2521,1537,0,0.011132628
Cold,279532,1680,1679,2521,1537,1,-0.003907134
Cold,197025,1209,1208,2521,1537,0,0.00016670045
Cold,177615,1119,1118,2521,1537,0,-0.00085685775
Cold,328357,1941,1940,2521,1537,0,-0.004508714
Cold,270993,1639,1638,2521,1537,0,0.0006962586
Cold,133735,865,864,2521,1537,1,0.0013356933
Cold,131237,850,849,2521,1537,1,-0.004978611
Cold,315382,1880,1879,2521,1537,0,-0.006874772
Cold,94988,637,636,2521,1537,0,-0.0067737987
Cold,130558,846,845,2521,1537,0,-0.00811301
Cold,284314,1698,1697,2521,1537,0,-0.0038150742
Cold,153153,984,983,2521,1537,0,0.002951533
Cold,145402,935,934,2521,1537,1,-0.0036476096
Cold,947586,5722,5721,2521,1537,0,-0.0028492925
Cold,60635,411,410,2521,1537,0,0.0029131845
Cold,47380,319,318,2521,1537,0,-0.0023655687
Cold,588006,3589,3588,2521,1537,0,-0.0018831112
Cold,279534,1680,1679,2522,1538,0,0.0036496678
Cold,197026,1209,1208,2522,1538,0,-0.008753311
Cold,168550,1069,1068,2522,1538,1,-0.00080358144
Cold,328359,1941,1940,2522,1538,0,-0.008564702
Cold,153154,984,983,2522,1538,0,0.0077003296
Cold,270994,1639,1638,2522,1538,0,-0.008354314
Cold,142462,919,918,2522,1538,0,0.0032070861
Cold,131238,850,849,2522,1538,0,0.004164802
Cold,106840,702,701,2522,1538,0,-0.0023021707
Cold,94989,637,636,2522,1538,0,0.0038495392
Cold,95501,639,638,2522,1538,0,4.41405e-05
Cold,130559,846,845,2522,1538,0,-0.0019074073
Cold,284315,1698,1697,2522,1538,0,0.004814879
Cold,75475,513,512,2522,1538,0,0.0051529105
Cold,145403,935,934,2522,1538,1,-0.012458881
Cold,947587,5722,5721,2522,1538,0,-0.0054366346
Cold,202086,1243,1242,2522,1538,0,-0.0019588103
Cold,977881,5892,5891,2522,1538,0,-0.00305644
Cold,821594,4940,4939,2522,1538,0,0.000786652
Cold,569345,3491,3490,2525,1540,1,0.0023179948
Cold,583547,3562,3561,2525,1540,0,0.0023801953
Cold,560199,3442,3441,2525,1540,0,0.0047211344
Cold,556947,3422,3421,2525,1540,0,-0.004318488
Cold,549136,3389,3388,2525,1540,0,0.002634216
Cold,546887,3371,3370,2525,1540,0,0.004680516
Cold,525110,3242,3241,2525,1540,0,0.007456015
Cold,566353,3476,3475,2525,1540,0,0.007253449
Cold,506786,3118,3117,2525,1540,0,0.0062575433
Cold,498583,3063,3062,2525,1540,0,-0.010054955
Cold,489949,3014,3013,2525,1540,0,0.00093054725
Cold,600137,3650,3649,2525,1540,0,0.004551783
Cold,559269,3435,3434,2525,1540,0,0.0019560843
Cold,483970,2976,2975,2525,1540,0,-0.00029137149
Cold,696493,4169,4168,2525,1540,1,0.0048353407
Cold,754714,4497,4496,2525,1540,0,0.00022143591
Cold,463424,2857,2856,2525,1540,0,0.004361495
Cold,424767,2576,2575,2525,1540,0,-0.00444262
Cold,422165,2555,2554,2525,1540,0,-0.0060580145
Cold,411085,2466,2465,2525,1540,0,0.0087429285
Cold,409706,2457,2456,2525,1540,0,-0.003390628
Cold,410660,2463,2462,2525,1540,0,-0.0011296454
Cold,402397,2402,2401,2525,1540,0,-0.000119508244
Cold,407808,2451,2450,2525,1540,0,-0.005007394
Cold,384983,2249,2248,2525,1540,0,-0.0032286027
Cold,373500,2180,2179,2525,1540,0,-0.0049696206
Cold,374217,2181,2180,2525,1540,0,0.0016543223
Cold,370753,2167,2166,2525,1540,0,-0.001328287
Cold,369985,2164,2163,2525,1540,1,-0.00022258004
Cold,364852,2124,2123,2525,1540,0,0.0034094753
Cold,355464,2079,2078,2525,1540,1,0.0006479558
Cold,348481,2042,2041,2525,1540,1,0.0052237445
Cold,341966,2013,2012,2525,1540,0,-0.0054996265
Cold,339883,2004,2003,2525,1540,0,0.00019433768
Cold,334174,1970,1969,2525,1540,0,7.0288894e-05
Cold,297607,1764,1763,2525,1540,1,-0.0033596614
Cold,293230,1746,1745,2525,1540,0,0.0074449605
Cold,300444,1780,1779,2525,1540,0,-0.0023645842
Cold,288304,1722,1721,2525,1540,1,-0.0035751665
Cold,292413,1741,1740,2525,1540,0,0.001797603
Cold,289404,1727,1726,2525,1540,1,0.0075801183
Cold,279540,1680,1679,2525,1540,0,0.0016472796
Cold,288953,1726,1725,2525,1540,0,-0.0019440715
Cold,268040,1628,1627,2525,1540,0,0.0063635446
Cold,267616,1626,1625,2525,1540,0,0.007345989
Cold,436550,2665,2664,2525,1540,0,-0.0018213459
Cold,254116,1545,1544,2525,1540,0,0.0029033052
Cold,247794,1496,1495,2525,1540,0,-0.0024790918
Cold,244716,1473,1472,2525,1540,0,-0.006090182
Cold,232349,1410,1409,2525,1540,0,0.008247265
Cold,224521,1357,1356,2525,1540,0,-0.007837258
Cold,214961,1303,1302,2525,1540,1,0.0040317886
Cold,308751,1837,1836,2525,1540,0,0.0038556764
Cold,196174,1206,1205,2525,1540,0,0.005066127
Cold,328366,1941,1940,2525,1540,0,0.00036870223
Cold,277820,1676,1675,2525,1540,0,-0.0066857077
Cold,191147,1181,1180,2525,1540,0,0.00032694032
Cold,307553,1835,1834,2525,1540,1,0.0013009035
Cold,180381,1128,1127,2525,1540,0,0.0003131472
Cold,175640,1112,1111,2525,1540,0,-0.00784539
Cold,194289,1198,1197,2525,1540,0,0.009159374
Cold,166070,1058,1057,2525,1540,0,0.0018684582
Cold,159341,1017,1016,2525,1540,0,0.0012531506
Cold,157025,1010,1009,2525,1540,0,-0.005355061
Cold,138517,889,888,2525,1540,0,0.007235038
Cold,125591,808,807,2525,1540,0,-0.00046513556
Cold,352054,2063,2062,2525,1540,0,0.0031791402
Cold,120492,777,776,2525,1540,0,-0.0032807414
Cold,86723,566,565,2525,1540,0,-0.0027119648
Cold,86179,563,562,2525,1540,0,-0.003291436
Cold,70847,476,475,2525,1540,0,-0.0010701604
Cold,63121,424,423,2525,1540,0,-0.004065672
Cold,41737,284,283,2525,1540,0,0.0026600265
Cold,41163,278,277,2525,1540,0,-0.008541237
Cold,36379,245,244,2525,1540,0,0.00020334404
Cold,29738,202,201,2525,1540,0,0.0007464017
Cold,25328,179,178,2525,1540,0,-0.009103479
Cold,14434,117,116,2525,1540,0,-0.004464738
Cold,119357,770,769,2525,1540,0,0.00062754774
Cold,290351,1733,1732,2525,1540,1,0.002035218
Cold,389472,2282,2281,2525,1540,0,-0.0059776683
Cold,863911,5205,5204,2525,1540,0,-0.0048835916
Cold,552479,3401,3400,2525,1540,0,0.006013001
Cold,238057,1447,1446,2525,1540,0,-0.005691336
Cold,130562,846,845,2525,1540,0,0.001624125
Cold,451801,2781,2780,2525,1540,1,-0.00231473
Cold,760679,4520,4519,2525,1540,0,0.0012594826
Cold,116378,752,751,2525,1540,0,0.0052953186
Cold,310754,1851,1850,2525,1540,0,0.00038069533
Cold,322510,1912,1911,2525,1540,0,0.004883698
Cold,848179,5097,5096,2525,1540,1,0.0048215054
Cold,868221,5242,5241,2525,1540,0,-0.0037234654
Cold,25897,183,182,2525,1540,0,0.002266597
Cold,638342,3841,3840,2526,1541,0,0.006289402
Cold,625341,3779,3778,2526,1541,0,0.0029131537
Cold,621276,3762,3761,2526,1541,0,0.005504807
Cold,618068,3745,3744,2526,1541,0,-0.012324734
Cold,613665,3717,3716,2526,1541,0,-0.004279871
Cold,607737,3688,3687,2526,1541,0,0.00744319
Cold,604995,3678,3677,2526,1541,0,0.0039202846
Cold,657160,3961,3960,2526,1541,0,-0.0033380222
Cold,531735,3283,3282,2526,1541,0,-0.0013721385
Cold,509861,3140,3139,2526,1541,0,0.009991602
Cold,504587,3102,3101,2526,1541,0,-0.0032445989
Cold,738200,4411,4410,2526,1541,1,0.004364037
Cold,488477,3005,3004,2526,1541,0,0.017344575
Cold,475958,2921,2920,2526,1541,0,0.0027390802
Cold,463425,2857,2856,2526,1541,0,0.006665635
Cold,458078,2820,2819,2526,1541,0,-0.00038873812
Cold,455290,2803,2802,2526,1541,0,0.009364426
Cold,457093,2815,2814,2526,1541,0,0.0018328323
Cold,443530,2735,2734,2526,1541,1,0.007234228
Cold,448901,2766,2765,2526,1541,0,-0.0063550146
Cold,415162,2499,2498,2526,1541,0,0.02182146
Cold,401902,2398,2397,2526,1541,1,0.0027743704
Cold,401393,2393,2392,2526,1541,0,-0.0027646082
Cold,390969,2297,2296,2526,1541,1,0.009700237
Cold,386392,2259,2258,2526,1541,0,-0.0006356463
Cold,388746,2278,2277,2526,1541,0,0.012219876
Cold,376748,2199,2198,2526,1541,0,0.0035646635
Cold,373501,2180,2179,2526,1541,0,0.0028936313
Cold,370754,2167,2166,2526,1541,0,-0.011560675
Cold,356124,2086,2085,2526,1541,0,0.003700186
Cold,436551,2665,2664,2526,1541,0,0.003999809
Cold,339884,2004,2003,2526,1541,0,-0.0004936849
Cold,310756,1851,1850,2526,1541,0,0.0010938236
Cold,311584,1856,1855,2526,1541,1,0.0019617751
Cold,288470,1723,1722,2526,1541,1,-0.004116188
Cold,292414,1741,1740,2526,1541,0,0.005071043
Cold,256547,1567,1566,2526,1541,0,0.0034795222
Cold,252951,1533,1532,2526,1541,1,-0.0014094466
Cold,242892,1465,1464,2526,1541,0,-0.0065821
Cold,226851,1376,1375,2526,1541,0,0.011709882
Cold,226161,1369,1368,2526,1541,1,0.00849831
Cold,216661,1316,1315,2526,1541,1,0.0019976138
Cold,216236,1312,1311,2526,1541,0,-0.004308945
Cold,211121,1285,1284,2526,1541,0,0.00092215976
Cold,328367,1941,1940,2526,1541,0,0.00091411325
Cold,178860,1122,1121,2526,1541,0,-0.00070224167
Cold,165268,1053,1052,2526,1541,0,0.00029171817
Cold,140493,902,901,2526,1541,0,0.005870155
Cold,138518,889,888,2526,1541,0,0.007110948
Cold,126038,812,811,2526,1541,0,0.0016406106
Cold,107093,704,703,2526,1541,0,0.007189864
Cold,713190,4277,4276,2526,1541,0,0.016740885
Cold,86180,563,562,2526,1541,0,0.0036555205
Cold,191149,1181,1180,2526,1541,0,0.0029536388
Cold,75951,516,515,2526,1541,0,0.0019573672
Cold,66592,445,444,2526,1541,0,0.0032747854
Cold,63123,424,423,2526,1541,0,0.009036089
Cold,49321,329,328,2526,1541,0,0.0021986444
Cold,363189,2116,2115,2526,1541,0,0.008338955
Cold,5575,39,38,2526,1541,0,0.002757792
Cold,1898,17,16,2526,1541,0,0.010720374
Cold,530304,3274,3273,2526,1541,0,-1.6169157e-05
Cold,235089,1425,1424,2526,1541,0,0.01301099
Cold,801449,4802,4801,2526,1541,0,0.006570707
Cold,718608,4305,4304,2526,1541,1,0.00792141
Cold,26642,188,187,2526,1541,0,-0.0019146856
Cold,136713,881,880,2526,1541,0,0.010039541
Cold,588010,3589,3588,2526,1541,0,0.0085949795
Cold,546889,3371,3370,2526,1541,0,0.013979544
Cold,322511,1912,1911,2526,1541,0,-0.0009942728
Cold,825591,4958,4957,2526,1541,0,-0.0018774625
Cold,432797,2638,2637,2535,1549,0,-0.0014046056
Cold,423492,2566,2565,2535,1549,0,-0.0017680291
Cold,423222,2565,2564,2535,1549,1,-0.00057084084
Cold,422984,2564,2563,2535,1549,0,-0.0012387871
Cold,414681,2496,2495,2535,1549,0,0.0038119308
Cold,436570,2665,2664,2535,1549,1,-0.011233177
Cold,403863,2412,2411,2535,1549,0,-0.0027989692
Cold,449422,2771,2770,2535,1549,0,0.0038614457
Cold,402414,2402,2401,2535,1549,0,-0.007142489
Cold,392352,2304,2303,2535,1549,0,0.001099977
Cold,389040,2279,2278,2535,1549,0,0.0015966443
Cold,370000,2164,2163,2535,1549,0,0.00084302755
Cold,357576,2092,2091,2535,1549,0,-0.0047555165
Cold,337123,1983,1982,2535,1549,0,-0.007299656
Cold,330177,1948,1947,2535,1549,0,0.0051321406
Cold,289417,1727,1726,2535,1549,0,-0.0027534724
Cold,292430,1741,1740,2535,1549,1,-0.0010125533
Cold,350761,2059,2058,2535,1549,0,0.006205899
Cold,244725,1473,1472,2535,1549,0,-0.003958281
Cold,242901,1465,1464,2535,1549,0,-0.009390995
Cold,224736,1358,1357,2535,1549,0,0.0060596
Cold,219953,1333,1332,2535,1549,0,-0.0009569095
Cold,220421,1335,1334,2535,1549,0,-0.00204932
Cold,279581,1680,1679,2535,1549,1,-0.004973635
Cold,244089,1470,1469,2535,1549,0,-0.010345301
Cold,197035,1209,1208,2535,1549,0,-0.001295181
Cold,334689,1974,1973,2535,1549,0,-0.0032368833
Cold,177633,1119,1118,2535,1549,0,0.0013710666
Cold,328396,1941,1940,2535,1549,1,0.0007223175
Cold,163106,1041,1040,2535,1549,1,0.0010417526
Cold,271006,1639,1638,2535,1549,0,-6.2333886e-05
Cold,199551,1224,1223,2535,1549,1,-0.0040626545
Cold,191173,1181,1180,2535,1549,0,-0.00052710704
Cold,131255,850,849,2535,1549,1,-0.016096644
Cold,315406,1880,1879,2535,1549,1,-0.0011302889
Cold,147474,949,948,2535,1549,0,0.0067691733
Cold,713209,4277,4276,2535,1549,0,-0.0018674582
Cold,97118,651,650,2535,1549,0,0.0034291232
Cold,95001,637,636,2535,1549,0,0.0022357684
Cold,480224,2946,2945,2535,1549,0,-0.0031919985
Cold,284337,1698,1697,2535,1549,0,-0.0056280773
Cold,153175,984,983,2535,1549,0,-0.0034233292
Cold,394253,2323,2322,2535,1549,0,0.005624448
Cold,85848,560,559,2535,1549,0,-0.009403894
Cold,83324,549,548,2535,1549,0,0.0006711435
Cold,234234,1422,1421,2535,1549,0,0.0002300751
Cold,211139,1285,1284,2535,1549,0,-0.0007494737
Cold,241333,1451,1450,2535,1549,0,0.0014032503
Cold,61249,412,411,2535,1549,0,0.00013800105
Cold,12936,100,99,2535,1549,0,-0.0011318396
Cold,104436,692,691,2535,1549,0,0.008484172
Cold,202100,1243,1242,2535,1549,0,-0.0036738198
Cold,552493,3401,3400,2535,1549,0,-0.0070680166
Cold,288479,1723,1722,2535,1549,1,0.009058023
Cold,744980,4448,4447,2535,1549,1,-0.005374334
Cold,336122,1980,1979,2535,1549,1,-0.014795488
Cold,841195,5054,5053,2535,1549,0,-0.012422759
Cold,63140,424,423,2535,1549,0,-0.0012073377
Cold,235106,1425,1424,2535,1549,0,-0.0027160272
Cold,594081,3618,3617,2540,1551,0,-0.002690487
Cold,596737,3626,3625,2540,1551,0,0.001326333
Cold,613355,3716,3715,2540,1551,1,-0.012888145
Cold,578059,3530,3529,2540,1551,0,0.00605941
Cold,577347,3526,3525,2540,1551,0,0.0013875212
Cold,584099,3564,3563,2540,1551,0,0.004900383
Cold,558335,3429,3428,2540,1551,0,0.0007104706
Cold,549154,3389,3388,2540,1551,0,0.0038390032
Cold,537324,3311,3310,2540,1551,1,0.008006606
Cold,561649,3454,3453,2540,1551,0,-0.00032337522
Cold,520386,3209,3208,2540,1551,0,0.006919559
Cold,538050,3312,3311,2540,1551,0,0.006228735
Cold,517041,3191,3190,2540,1551,0,0.004724823
Cold,511552,3156,3155,2540,1551,1,0.005543396
Cold,558603,3430,3429,2540,1551,0,-0.0033715856
Cold,508002,3126,3125,2540,1551,0,0.0032913634
Cold,506806,3118,3117,2540,1551,1,0.005491615
Cold,504483,3101,3100,2540,1551,1,0.013546802
Cold,496575,3051,3050,2540,1551,0,-0.0022190574
Cold,799283,4790,4789,2540,1551,0,0.0045879344
Cold,718625,4305,4304,2540,1551,1,-0.000731959
Cold,491396,3022,3021,2540,1551,0,-0.0008053924
Cold,486352,2994,2993,2540,1551,0,-7.334846e-05
Cold,567605,3483,3482,2540,1551,0,-0.0065332577
Cold,477534,2931,2930,2540,1551,0,0.0016013392
Cold,471888,2903,2902,2540,1551,0,0.0018699341
Cold,473887,2909,2908,2540,1551,1,-0.0019287125
Cold,466393,2876,2875,2540,1551,1,0.0027517595
Cold,465745,2872,2871,2540,1551,1,0.004084878
Cold,460999,2842,2841,2540,1551,0,0.0004671549
Cold,458963,2825,2824,2540,1551,1,0.003801343
Cold,564574,3471,3470,2540,1551,1,-0.00023307791
Cold,407020,2445,2444,2540,1551,0,-0.00018996722
Cold,464256,2860,2859,2540,1551,1,-0.0051064775
Cold,351190,2062,2061,2540,1551,1,-0.0074709067
Cold,340798,2010,2009,2540,1551,0,-0.00077351066
Cold,337131,1983,1982,2540,1551,0,-0.00023016636
Cold,297623,1764,1763,2540,1551,1,-0.0020631892
Cold,302214,1794,1793,2540,1551,0,0.0037168376
Cold,288972,1726,1725,2540,1551,0,0.004969742
Cold,270092,1635,1634,2540,1551,1,0.008882599
Cold,266461,1616,1615,2540,1551,0,-0.0016107387
Cold,358266,2097,2096,2540,1551,1,0.005538463
Cold,243530,1468,1467,2540,1551,0,-0.0006277054
Cold,232169,1408,1407,2540,1551,0,0.004822832
Cold,231170,1399,1398,2540,1551,0,0.012481796
Cold,227240,1377,1376,2540,1551,0,-0.0019045568
Cold,220700,1338,1337,2540,1551,1,0.006219419
Cold,277843,1676,1675,2540,1551,1,-0.0023804195
Cold,273113,1647,1646,2540,1551,0,0.012026287
Cold,244096,1470,1469,2540,1551,1,-0.004311246
Cold,191193,1181,1180,2540,1551,1,0.0040039946
Cold,363221,2116,2115,2540,1551,0,0.0022293227
Cold,189433,1173,1172,2540,1551,0,0.009199431
Cold,179194,1124,1123,2540,1551,0,0.0069199903
Cold,328419,1941,1940,2540,1551,0,0.012393579
Cold,227677,1380,1379,2540,1551,0,-0.002979455
Cold,185519,1150,1149,2540,1551,0,0.004262914
Cold,135749,877,876,2540,1551,0,-0.0027367142
Cold,202600,1244,1243,2540,1551,0,-0.0057351743
Cold,154950,999,998,2540,1551,0,0.005860081
Cold,298157,1767,1766,2540,1551,0,-0.00545453
Cold,121891,785,784,2540,1551,1,0.011959601
Cold,121235,780,779,2540,1551,1,0.0025495505
Cold,119992,774,773,2540,1551,0,0.004510413
Cold,117588,757,756,2540,1551,0,0.0081585925
Cold,114931,746,745,2540,1551,0,-0.006721247
Cold,240305,1449,1448,2540,1551,0,0.002062385
Cold,108145,710,709,2540,1551,0,0.0011116806
Cold,116414,752,751,2540,1551,0,0.0033246484
Cold,121743,783,782,2540,1551,1,0.00045055244
Cold,110940,721,720,2540,1551,0,0.007082328
Cold,109371,714,713,2540,1551,1,0.010674872
Cold,204659,1260,1259,2540,1551,0,-0.00227803
Cold,84351,550,549,2540,1551,0,0.002721813
Cold,71146,477,476,2540,1551,0,0.0037524179
Cold,155441,1001,1000,2540,1551,0,-0.006851971
Cold,53676,352,351,2540,1551,0,0.008070761
Cold,51416,338,337,2540,1551,0,-0.004983238
Cold,83335,549,548,2540,1551,0,0.014093302
Cold,40357,272,271,2540,1551,0,0.001883923
Cold,35653,241,240,2540,1551,0,0.009822714
Cold,291551,1737,1736,2540,1551,1,-0.006507555
Cold,31208,210,209,2540,1551,1,0.008853017
Cold,22470,163,162,2540,1551,0,0.0032982707
Cold,14193,116,115,2540,1551,1,-0.016320918
Cold,154408,996,995,2540,1551,1,-0.0015947423
Cold,104445,692,691,2540,1551,1,-0.0046203197
Cold,5352,36,35,2540,1551,1,0.0066791787
Cold,54459,355,354,2540,1551,1,-0.0031958658
Cold,238091,1447,1446,2540,1551,0,0.0065664123
Cold,886945,5359,5358,2540,1551,0,-0.0008165038
Cold,290375,1733,1732,2540,1551,0,0.00031894562
Cold,360947,2106,2105,2540,1551,0,-0.0022846274
Cold,11607,90,89,2540,1551,1,-0.0014271638
Cold,907676,5492,5491,2540,1551,0,0.009294023
Cold,502213,3082,3081,2546,1554,0,-0.005170257
Cold,653630,3940,3939,2546,1554,0,0.0009977533
Cold,499581,3067,3066,2546,1554,0,-0.0025079316
Cold,576562,3524,3523,2546,1554,0,0.002809073
Cold,478178,2934,2933,2546,1554,0,0.0008515648
Cold,467663,2882,2881,2546,1554,1,-0.0012493072
Cold,464732,2864,2863,2546,1554,0,0.007278074
Cold,559979,3441,3440,2546,1554,0,0.0034499872
Cold,451040,2777,2776,2546,1554,0,-0.006416029
Cold,444761,2743,2742,2546,1554,0,-0.0029306074
Cold,438642,2680,2679,2546,1554,0,0.005296706
Cold,437255,2669,2668,2546,1554,0,0.0028371366
Cold,429515,2615,2614,2546,1554,0,-0.0002765298
Cold,428836,2609,2608,2546,1554,1,-0.0013953767
Cold,418830,2529,2528,2546,1554,1,-0.0030144784
Cold,415418,2502,2501,2546,1554,1,0.00034845364
Cold,413264,2485,2484,2546,1554,0,-0.00024085608
Cold,424916,2577,2576,2546,1554,0,-0.0034691943
Cold,404276,2418,2417,2546,1554,0,-0.0068564834
Cold,398551,2371,2370,2546,1554,1,-0.0038189504
Cold,397882,2361,2360,2546,1554,1,-0.008240012
Cold,394079,2322,2321,2546,1554,0,-0.0006001878
Cold,386671,2261,2260,2546,1554,0,-0.0019382765
Cold,381374,2230,2229,2546,1554,0,-6.850273e-05
Cold,379320,2216,2215,2546,1554,0,-0.0010416782
Cold,376752,2199,2198,2546,1554,0,0.00040760078
Cold,372333,2174,2173,2546,1554,0,0.001109218
Cold,368129,2150,2149,2546,1554,0,0.007218309
Cold,358007,2095,2094,2546,1554,0,0.0065799393
Cold,354510,2075,2074,2546,1554,0,-0.0006417922
Cold,354212,2073,2072,2546,1554,0,-0.0009455272
Cold,350568,2058,2057,2546,1554,1,0.010286013
Cold,349679,2052,2051,2546,1554,1,0.0029835785
Cold,348643,2043,2042,2546,1554,0,0.0082558505
Cold,347749,2040,2039,2546,1554,1,-0.0011351847
Cold,339571,2001,2000,2546,1554,1,-0.0011242139
Cold,332766,1962,1961,2546,1554,0,-0.0021296463
Cold,311334,1854,1853,2546,1554,1,0.007283274
Cold,304456,1809,1808,2546,1554,0,0.004868239
Cold,277846,1676,1675,2546,1554,0,0.0009285844
Cold,275185,1666,1665,2546,1554,0,0.0014123833
Cold,264391,1608,1607,2546,1554,0,0.0031158666
Cold,363223,2116,2115,2546,1554,0,0.0023060981
Cold,233133,1418,1417,2546,1554,1,0.0023978567
Cold,228405,1383,1382,2546,1554,0,-0.0013942239
Cold,226855,1376,1375,2546,1554,0,0.009945346
Cold,226774,1375,1374,2546,1554,0,0.00021840935
Cold,225598,1366,1365,2546,1554,0,-0.0042534578
Cold,213580,1298,1297,2546,1554,1,-0.008531595
Cold,200384,1230,1229,2546,1554,0,-0.0020210869
Cold,189436,1173,1172,2546,1554,0,0.004891995
Cold,187315,1162,1161,2546,1554,0,0.0041600964
Cold,176301,1114,1113,2546,1554,0,-0.005156232
Cold,331776,1958,1957,2546,1554,0,0.008657811
Cold,172383,1090,1089,2546,1554,0,-0.00463688
Cold,485524,2988,2987,2546,1554,0,0.013927401
Cold,168572,1069,1068,2546,1554,0,0.004966025
Cold,270464,1636,1635,2546,1554,0,0.00419682
Cold,195604,1203,1202,2546,1554,1,0.0011126057
Cold,198987,1222,1221,2546,1554,0,0.0051223002
Cold,145421,935,934,2546,1554,0,0.0011424981
Cold,157061,1010,1009,2546,1554,0,-0.0013601314
Cold,132008,854,853,2546,1554,0,-0.003947083
Cold,182111,1137,1136,2546,1554,0,-0.0028270383
Cold,128057,828,827,2546,1554,1,-0.0042544417
Cold,263507,1605,1604,2546,1554,0,-0.0054878565
Cold,126041,812,811,2546,1554,1,-0.0036840509
Cold,125312,805,804,2546,1554,1,-0.0016834579
Cold,120882,779,778,2546,1554,0,-0.0070620673
Cold,119815,773,772,2546,1554,0,0.00088911434
Cold,116417,752,751,2546,1554,0,0.0012334376
Cold,127341,822,821,2546,1554,0,-0.0040605715
Cold,349346,2050,2049,2546,1554,1,-0.0060654166
Cold,216474,1314,1313,2546,1554,1,-0.0067581977
Cold,106203,699,698,2546,1554,0,-0.010017755
Cold,109373,714,713,2546,1554,1,-0.0029274325
Cold,360949,2106,2105,2546,1554,0,0.012329677
Cold,239132,1448,1447,2546,1554,0,-0.0006715366
Cold,68809,461,460,2546,1554,0,0.0020398318
Cold,707803,4241,4240,2546,1554,1,-0.0047784597
Cold,47430,319,318,2546,1554,0,-0.0031187695
Cold,43906,301,300,2546,1554,0,0.0037969642
Cold,312954,1865,1864,2546,1554,0,-0.0057836026
Cold,39535,268,267,2546,1554,1,-0.0010876548
Cold,287460,1716,1715,2546,1554,0,0.005200233
Cold,26395,187,186,2546,1554,1,-0.00027772947
Cold,16968,133,132,2546,1554,1,0.00070106325
Cold,15569,123,122,2546,1554,0,-0.0034783883
Cold,11177,83,82,2546,1554,0,0.007295385
Cold,6785,48,47,2546,1554,0,0.0014463288
Cold,5702,41,40,2546,1554,0,-0.002426813
Cold,76406,518,517,2546,1554,0,-0.0038450556
Cold,365833,2129,2128,2546,1554,0,0.007999666
Cold,11959,92,91,2546,1554,0,0.002100675
Cold,883053,5333,5332,2546,1554,0,-0.00868639
Cold,894922,5405,5404,2546,1554,0,0.0027588948
Cold,79566,531,530,2546,1554,0,0.0071486905
Cold,309699,1842,1841,2546,1554,0,-0.0043298574
Cold,265203,1611,1610,2546,1554,0,7.9530175e-05
Cold,187072,1160,1159,2546,1554,0,0.00492011
Cold,768781,4579,4578,2546,1554,0,0.0006463984
Cold,206413,1265,1264,2546,1554,0,-0.004317515
Cold,451812,2781,2780,2546,1554,0,-0.0016988204
Cold,879084,5312,5311,2546,1554,0,0.0005678637
Cold,456541,2810,2809,2546,1554,1,0.0037549357
Cold,286808,1712,1711,2546,1554,0,2.8860755e-05
Cold,328422,1941,1940,2546,1554,0,-0.0027675612
Cold,397400,2353,2352,2546,1554,0,-0.0002188182
Cold,171858,1088,1087,2546,1554,0,0.0012001669
Cold,221832,1341,1340,2548,1555,0,-0.0074635153
Cold,214126,1300,1299,2548,1555,0,-0.0011550372
Cold,273114,1647,1646,2548,1555,0,0.0010251137
Cold,194050,1195,1194,2548,1555,1,-0.0012309391
Cold,328425,1941,1940,2548,1555,0,0.002316352
Cold,189055,1172,1171,2548,1555,0,-0.00778869
Cold,196638,1207,1206,2548,1555,0,0.0040499438
Cold,175059,1109,1108,2548,1555,0,-0.006863566
Cold,184068,1146,1145,2548,1555,0,-0.0069857487
Cold,170025,1080,1079,2548,1555,0,0.00698084
Cold,167967,1068,1067,2548,1555,0,-0.005285517
Cold,159352,1017,1016,2548,1555,0,-0.0052893655
Cold,217200,1317,1316,2548,1555,0,0.007529196
Cold,133880,868,867,2548,1555,1,-0.005567143
Cold,134448,869,868,2548,1555,0,-0.0029262607
Cold,133210,859,858,2548,1555,0,-0.006983039
Cold,131264,850,849,2548,1555,0,-0.0056081223
Cold,138564,889,888,2548,1555,0,0.0024598944
Cold,126667,817,816,2548,1555,0,-0.002276748
Cold,125600,808,807,2548,1555,0,-0.007430383
Cold,114102,741,740,2548,1555,0,-0.007904942
Cold,117591,757,756,2548,1555,0,0.0059221853
Cold,108147,710,709,2548,1555,0,-0.0011234623
Cold,82532,548,547,2548,1555,0,-0.003092262
Cold,57597,390,389,2548,1555,0,-0.011317849
Cold,45189,305,304,2548,1555,0,-0.0033370205
Cold,39537,268,267,2548,1555,0,-0.012211827
Cold,538051,3312,3311,2548,1555,0,-0.0025377842
Cold,291555,1737,1736,2548,1555,0,-0.0051805903
Cold,99875,667,666,2548,1555,0,0.0028861603
Cold,22479,163,162,2548,1555,0,-0.00013732444
Cold,458104,2820,2819,2548,1555,0,-0.003707348
Cold,552506,3401,3400,2548,1555,0,-0.01318766
Cold,56070,372,371,2548,1555,1,-0.009224679
Cold,238093,1447,1446,2548,1555,0,-0.0041250903
Cold,365834,2129,2128,2548,1555,0,-0.00428708
Cold,360950,2106,2105,2548,1555,0,-0.010149551
Cold,164711,1051,1050,2548,1555,0,-0.007905047
Cold,927626,5605,5604,2548,1555,1,0.005544277
Cold,102441,678,677,2548,1555,0,-0.004279078
Cold,907677,5492,5491,2548,1555,0,0.00075506093
Cold,136747,881,880,2548,1555,0,0.007811947
Cold,474386,2910,2909,2548,1555,0,0.00033761468
Cold,179720,1125,1124,2548,1555,0,-0.0009257444
Cold,171859,1088,1087,2548,1555,0,0.012331373
Cold,623476,3771,3770,2549,1556,0,0.0056364886
Cold,616515,3731,3730,2549,1556,0,0.005757699
Cold,744989,4448,4447,2549,1556,0,-0.0063959416
Cold,590813,3603,3602,2549,1556,0,-0.0053172116
Cold,588040,3589,3588,2549,1556,0,-0.0026720087
Cold,577349,3526,3525,2549,1556,0,0.0042513083
Cold,579547,3539,3538,2549,1556,1,-0.008004191
Cold,574343,3516,3515,2549,1556,1,0.0016344446
Cold,605005,3678,3677,2549,1556,0,0.0027365757
Cold,569362,3491,3490,2549,1556,1,-0.0068458007
Cold,555881,3416,3415,2549,1556,0,-0.0045398367
Cold,554556,3411,3410,2549,1556,0,-0.0016909698
Cold,537329,3311,3310,2549,1556,0,-0.00090618676
Cold,532263,3285,3284,2549,1556,0,-0.008675506
Cold,520388,3209,3208,2549,1556,0,-0.015560867
Cold,517042,3191,3190,2549,1556,0,-0.0029562255
Cold,589917,3599,3598,2549,1556,0,-0.0103923725
Cold,514588,3178,3177,2549,1556,0,-0.00088459987
Cold,738207,4411,4410,2549,1556,1,-0.0017041687
Cold,492861,3029,3028,2549,1556,1,0.0021594637
Cold,475971,2921,2920,2549,1556,0,0.0020844126
Cold,591267,3607,3606,2549,1556,0,-0.009491028
Cold,478482,2935,2934,2549,1556,1,-0.0063365735
Cold,462268,2852,2851,2549,1556,0,-0.004227026
Cold,463457,2857,2856,2549,1556,0,0.0009708392
Cold,455448,2804,2803,2549,1556,0,-0.007981266
Cold,444762,2743,2742,2549,1556,0,0.00018048205
Cold,445644,2748,2747,2549,1556,1,-0.00070868636
Cold,439014,2682,2681,2549,1556,0,-0.0017370228
Cold,430144,2621,2620,2549,1556,0,0.0018223805
Cold,602502,3665,3664,2549,1556,0,-0.0065653967
Cold,407021,2445,2444,2549,1556,0,-0.002362153
Cold,396379,2344,2343,2549,1556,0,-0.0066455053
Cold,386672,2261,2260,2549,1556,0,-0.00933068
Cold,376851,2200,2199,2549,1556,0,-0.0013221877
Cold,373523,2180,2179,2549,1556,0,0.010401015
Cold,370765,2167,2166,2549,1556,0,0.0014912244
Cold,370539,2166,2165,2549,1556,0,-0.0040725917
Cold,367529,2145,2144,2549,1556,0,-0.011740995
Cold,358575,2098,2097,2549,1556,0,-0.0013962043
Cold,356480,2088,2087,2549,1556,0,0.0024683229
Cold,352103,2063,2062,2549,1556,0,0.00847196
Cold,340802,2010,2009,2549,1556,0,-0.014111877
Cold,339898,2004,2003,2549,1556,1,-0.0022328948
Cold,337720,1985,1984,2549,1556,0,0.0067254147
Cold,293244,1746,1745,2549,1556,0,-0.011937786
Cold,360951,2106,2105,2549,1556,0,-0.0051468145
Cold,288974,1726,1725,2549,1556,0,-0.001433257
Cold,271514,1641,1640,2549,1556,0,-0.009121488
Cold,268362,1630,1629,2549,1556,0,0.0031933165
Cold,261429,1598,1597,2549,1556,0,-0.0034720001
Cold,303084,1800,1799,2549,1556,0,-0.0036648808
Cold,253551,1542,1541,2549,1556,1,-0.0039708735
Cold,342651,2015,2014,2549,1556,0,-0.012769005
Cold,244729,1473,1472,2549,1556,0,-0.0041091335
Cold,236238,1433,1432,2549,1556,1,0.0004191515
Cold,226181,1369,1368,2549,1556,0,-0.008826506
Cold,227242,1377,1376,2549,1556,0,-0.0077889706
Cold,337519,1984,1983,2549,1556,0,0.0048253257
Cold,233134,1418,1417,2549,1556,0,-0.004834553
Cold,267271,1624,1623,2549,1556,0,-0.0021743714
Cold,216475,1314,1313,2549,1556,0,-0.008565202
Cold,277849,1676,1675,2549,1556,0,-0.0013339176
Cold,273115,1647,1646,2549,1556,0,0.00015707605
Cold,208061,1272,1271,2549,1556,0,0.00022829883
Cold,205944,1264,1263,2549,1556,0,-0.00867761
Cold,186958,1159,1158,2549,1556,0,0.00032061507
Cold,181635,1135,1134,2549,1556,1,-0.006829386
Cold,248925,1501,1500,2549,1556,0,-0.0009801679
Cold,171860,1088,1087,2549,1556,0,-0.009503366
Cold,227678,1380,1379,2549,1556,0,-0.00827995
Cold,147643,950,949,2549,1556,0,0.007828252
Cold,314510,1878,1877,2549,1556,0,0.0036929245
Cold,136748,881,880,2549,1556,0,0.0032192871
Cold,126668,817,816,2549,1556,0,-0.002134508
Cold,123496,796,795,2549,1556,0,0.000535659
Cold,121236,780,779,2549,1556,0,-0.0003757421
Cold,120512,777,776,2549,1556,0,0.0047857985
Cold,108767,712,711,2549,1556,0,-0.006869032
Cold,97380,652,651,2549,1556,0,-0.0028625838
Cold,294988,1752,1751,2549,1556,0,0.0058275526
Cold,86197,563,562,2549,1556,0,-0.0074124774
Cold,363226,2116,2115,2549,1556,0,-0.007445867
Cold,74438,508,507,2549,1556,0,0.002714313
Cold,86741,566,565,2549,1556,0,-0.009360703
Cold,116418,752,751,2549,1556,0,-0.009143568
Cold,70483,475,474,2549,1556,0,-0.003311823
Cold,66606,445,444,2549,1556,0,-0.0024809306
Cold,51139,337,336,2549,1556,0,0.0005355831
Cold,48981,328,327,2549,1556,0,-0.00047177234
Cold,44454,302,301,2549,1556,0,-0.0016163262
Cold,38501,262,261,2549,1556,0,0.00021270243
Cold,38022,260,259,2549,1556,0,0.0044344626
Cold,33926,229,228,2549,1556,0,-0.00062928814
Cold,22481,163,162,2549,1556,0,0.0010827766
Cold,56071,372,371,2549,1556,1,0.00047927455
Cold,19370,148,147,2549,1556,0,-0.0044092117
Cold,14473,117,116,2549,1556,0,0.001786076
Cold,13264,103,102,2549,1556,1,-0.002602892
Cold,12295,93,92,2549,1556,0,-0.0072342623
Cold,1932,17,16,2549,1556,0,-0.0018881937
Cold,312013,1860,1859,2549,1556,0,0.0013212843
Cold,883054,5333,5332,2549,1556,1,-0.0023610762
Cold,975088,5880,5879,2549,1556,0,-0.0032115243
Cold,840782,5053,5052,2549,1556,0,0.0011724564
Cold,328426,1941,1940,2549,1556,0,0.002330993
Cold,497693,3055,3054,2549,1556,0,-0.011020558
Cold,310769,1851,1850,2549,1556,0,-0.0074009206
Cold,475578,2918,2917,2549,1556,0,-0.004188417
Cold,221484,1340,1339,2549,1556,0,-0.006978563
Cold,187073,1160,1159,2549,1556,0,-0.01577651
Cold,194945,1202,1201,2549,1556,0,-0.0038236277
Cold,257805,1579,1578,2549,1556,0,-0.015468545
Cold,376435,2195,2194,2549,1556,1,-0.014078624
Cold,341709,2012,2011,2549,1556,0,-0.010933262
Cold,632547,3823,3822,2550,1557,1,0.0020863414
Cold,666344,4009,4008,2550,1557,0,-0.0013101111
Cold,628391,3806,3805,2550,1557,0,0.0048461035
Cold,628776,3807,3806,2550,1557,1,0.0025776862
Cold,638381,3841,3840,2550,1557,1,0.0018197522
Cold,623478,3771,3770,2550,1557,1,-0.005095766
Cold,620735,3760,3759,2550,1557,0,0.0090272
Cold,618359,3746,3745,2550,1557,1,0.005583993
Cold,747153,4458,4457,2550,1557,1,-0.00457527
Cold,611254,3705,3704,2550,1557,1,0.0008913118
Cold,744990,4448,4447,2550,1557,1,0.0030352962
Cold,606624,3683,3682,2550,1557,0,-0.0030153242
Cold,602113,3662,3661,2550,1557,1,-0.011182284
Cold,621293,3762,3761,2550,1557,1,-0.0038103163
Cold,597635,3636,3635,2550,1557,0,-0.0036835452
Cold,594090,3618,3617,2550,1557,0,0.0010863733
Cold,590816,3603,3602,2550,1557,1,-0.002231796
Cold,585773,3576,3575,2550,1557,0,0.0018469195
Cold,576563,3524,3523,2550,1557,1,0.0015221135
Cold,574205,3515,3514,2550,1557,0,-0.0049966397
Cold,566377,3476,3475,2550,1557,0,-0.0016942705
Cold,562698,3462,3461,2550,1557,1,-0.009237337
Cold,560581,3446,3445,2550,1557,0,0.0052173324
Cold,549515,3390,3389,2550,1557,1,0.0028784666
Cold,544423,3356,3355,2550,1557,1,0.012908351
Cold,543938,3352,3351,2550,1557,1,0.007374726
Cold,547617,3378,3377,2550,1557,1,0.008213522
Cold,539485,3318,3317,2550,1557,0,0.007859467
Cold,525429,3244,3243,2550,1557,1,-0.0076231663
Cold,916723,5539,5538,2550,1557,1,0.0035696845
Cold,654254,3942,3941,2550,1557,0,0.001070627
Cold,571161,3503,3502,2550,1557,0,0.00062719034
Cold,584777,3569,3568,2550,1557,0,-0.0010519153
Cold,502507,3084,3083,2550,1557,0,-0.0014435418
Cold,500732,3075,3074,2550,1557,1,0.002771944
Cold,494345,3032,3031,2550,1557,1,0.00080746855
Cold,626938,3792,3791,2550,1557,1,0.0009898164
Cold,768782,4579,4578,2550,1557,1,-0.013713076
Cold,478181,2934,2933,2550,1557,0,0.012668748
Cold,696533,4169,4168,2550,1557,1,0.007104083
Cold,472748,2907,2906,2550,1557,0,-0.00017638318
Cold,473892,2909,2908,2550,1557,1,0.010595971
Cold,754727,4497,4496,2550,1557,0,-0.0010651312
Cold,459477,2830,2829,2550,1557,1,-0.010473231
Cold,458108,2820,2819,2550,1557,1,0.007499093
Cold,430759,2625,2624,2550,1557,1,0.0042950492
Cold,425381,2581,2580,2550,1557,1,-0.0045698415
Cold,415087,2498,2497,2550,1557,0,-0.0019434404
Cold,411820,2475,2474,2550,1557,0,0.0026173033
Cold,414689,2496,2495,2550,1557,0,-0.0022575008
Cold,390741,2293,2292,2550,1557,1,0.0015620135
Cold,406804,2444,2443,2550,1557,1,0.003349421
Cold,361795,2109,2108,2550,1557,1,0.0038108109
Cold,353744,2072,2071,2550,1557,1,0.0028110433
Cold,356482,2088,2087,2550,1557,1,-0.0043035345
Cold,350144,2055,2054,2550,1557,1,0.00262206
Cold,348491,2042,2041,2550,1557,0,0.006383978
Cold,346296,2030,2029,2550,1557,1,-0.0009335235
Cold,343707,2018,2017,2550,1557,1,0.0011768558
Cold,325702,1927,1926,2550,1557,1,0.0015298282
Cold,326335,1931,1930,2550,1557,0,0.008853767
Cold,305401,1816,1815,2550,1557,1,0.004886499
Cold,299347,1777,1776,2550,1557,1,0.004091141
Cold,297628,1764,1763,2550,1557,0,-0.0007259664
Cold,288310,1722,1721,2550,1557,1,-0.0019625938
Cold,279619,1680,1679,2550,1557,1,-0.0023116504
Cold,277076,1675,1674,2550,1557,0,0.0045944615
Cold,250825,1513,1512,2550,1557,0,-0.0052402364
Cold,247809,1496,1495,2550,1557,1,-0.0070210383
Cold,303309,1802,1801,2550,1557,0,-0.0042148344
Cold,224522,1357,1356,2550,1557,1,0.0055348724
Cold,214127,1300,1299,2550,1557,0,0.0029755477
Cold,213945,1299,1298,2550,1557,0,0.0057290737
Cold,276355,1671,1670,2550,1557,1,0.00062705064
Cold,322542,1912,1911,2550,1557,0,0.0071987533
Cold,244099,1470,1469,2550,1557,0,-0.009573235
Cold,328431,1941,1940,2550,1557,1,-0.0052002287
Cold,184424,1147,1146,2550,1557,0,0.007496481
Cold,182849,1140,1139,2550,1557,1,-0.007253558
Cold,162326,1034,1033,2550,1557,0,0.0005568215
Cold,159354,1017,1016,2550,1557,1,-0.0058654756
Cold,158435,1015,1014,2550,1557,1,0.009184006
Cold,152022,977,976,2550,1557,1,0.00042529288
Cold,246404,1489,1488,2550,1557,0,-0.00329347
Cold,149026,958,957,2550,1557,0,0.001089756
Cold,727152,4350,4349,2550,1557,0,0.0048832446
Cold,133881,868,867,2550,1557,0,0.0030066022
Cold,223670,1354,1353,2550,1557,0,-0.0005824105
Cold,99876,667,666,2550,1557,0,0.0040449295
Cold,83341,549,548,2550,1557,1,0.007307774
Cold,79568,531,530,2550,1557,0,-0.00010477286
Cold,86743,566,565,2550,1557,0,0.0018187112
Cold,72202,482,481,2550,1557,0,0.0073271566
Cold,386135,2258,2257,2550,1557,0,-0.0022070971
Cold,26792,190,189,2550,1557,1,-5.1996903e-05
Cold,28114,195,194,2550,1557,1,0.0029770192
Cold,34710,235,234,2550,1557,1,0.0030098953
Cold,133662,864,863,2550,1557,0,0.014079778
Cold,947596,5722,5721,2550,1557,1,0.0150397
Cold,290379,1733,1732,2550,1557,1,0.017810766
Cold,13540,107,106,2550,1557,0,-0.0017468402
Cold,4266,33,32,2550,1557,1,0.008812821
Cold,3840,28,27,2550,1557,1,0.0115724215
Cold,3946,29,28,2550,1557,0,-0.010103434
Cold,102445,678,677,2550,1557,1,0.0021559428
Cold,481939,2962,2961,2550,1557,1,0.0017024836
Cold,863914,5205,5204,2550,1557,1,-0.002232457
Cold,76407,518,517,2550,1557,1,-0.00037313928
Cold,490872,3018,3017,2550,1557,1,0.013047183
Cold,171864,1088,1087,2550,1557,0,-0.002375675
Cold,383754,2242,2241,2550,1557,0,-0.0067788875
Cold,161388,1029,1028,2550,1557,0,-0.0011486881
Cold,454663,2796,2795,2550,1557,0,-0.008107318
Cold,927627,5605,5604,2550,1557,1,-0.003980283
Cold,5960,44,43,2550,1557,0,0.0043425797
Cold,194948,1202,1201,2550,1557,0,0.004162516
Cold,336144,1980,1979,2550,1557,0,-0.0007734336
Cold,271821,1643,1642,2550,1557,1,-0.0035989827
Cold,993894,6002,6001,2550,1557,1,-0.00056489813
Cold,63160,424,423,2550,1557,1,-0.005173449
Cold,497694,3055,3054,2550,1557,1,0.0040497687
Cold,208875,1274,1273,2550,1557,1,0.0142120905
Cold,238096,1447,1446,2550,1557,0,0.00431536
Cold,733003,4384,4383,2551,1558,1,0.0010968382
Cold,743964,4447,4446,2551,1558,0,-0.0019750632
Cold,733531,4386,4385,2551,1558,0,-0.009889644
Cold,724647,4342,4341,2551,1558,1,-0.0041112923
Cold,725447,4344,4343,2551,1558,1,-0.013969971
Cold,711822,4271,4270,2551,1558,0,-0.0006169311
Cold,701777,4207,4206,2551,1558,1,-0.004098685
Cold,723706,4335,4334,2551,1558,0,-0.0007292275
Cold,707103,4238,4237,2551,1558,0,-0.0034465285
Cold,717385,4298,4297,2551,1558,1,0.0038612208
Cold,713225,4277,4276,2551,1558,1,-0.013067976
Cold,675541,4053,4052,2551,1558,1,-0.00282438
Cold,671964,4038,4037,2551,1558,1,-0.006757282
Cold,720146,4312,4311,2551,1558,0,-0.010706816
Cold,671382,4033,4032,2551,1558,1,0.002385917
Cold,667592,4016,4015,2551,1558,0,-0.005003636
Cold,680336,4078,4077,2551,1558,0,-0.0002509791
Cold,651538,3929,3928,2551,1558,0,-0.00021320349
Cold,672781,4041,4040,2551,1558,1,-0.012687411
Cold,644771,3884,3883,2551,1558,0,-0.0042601745
Cold,635072,3829,3828,2551,1558,1,0.0029625713
Cold,633440,3824,3823,2551,1558,0,-0.0036558863
Cold,629673,3808,3807,2551,1558,1,-0.015819501
Cold,639230,3842,3841,2551,1558,1,-0.004195618
Cold,638382,3841,3840,2551,1558,1,-0.00087117334
Cold,653632,3940,3939,2551,1558,0,-0.013068235
Cold,600589,3651,3650,2551,1558,1,0.0022006822
Cold,590817,3603,3602,2551,1558,0,-0.0030499157
Cold,596739,3626,3625,2551,1558,0,-0.0073770946
Cold,583573,3562,3561,2551,1558,0,-0.015268313
Cold,594091,3618,3617,2551,1558,0,-0.005498249
Cold,563154,3464,3463,2551,1558,1,-0.0063976003
Cold,570402,3499,3498,2551,1558,1,0.0085444525
Cold,558054,3426,3425,2551,1558,1,0.0026785845
Cold,554088,3410,3409,2551,1558,0,-0.0012749052
Cold,528281,3265,3264,2551,1558,0,-0.0033720997
Cold,522760,3224,3223,2551,1558,1,0.0024354209
Cold,688145,4116,4115,2551,1558,1,-0.0050052376
Cold,515606,3182,3181,2551,1558,0,-0.0054074475
Cold,515000,3180,3179,2551,1558,0,0.0006029112
Cold,605916,3681,3680,2551,1558,0,-0.0053728614
Cold,508733,3129,3128,2551,1558,1,-0.0060349694
Cold,506810,3118,3117,2551,1558,0,-0.007138923
Cold,495700,3044,3043,2551,1558,0,-0.004785176
Cold,494346,3032,3031,2551,1558,1,0.0015837459
Cold,490873,3018,3017,2551,1558,0,0.0013459858
Cold,484159,2978,2977,2551,1558,1,3.949902e-05
Cold,482808,2967,2966,2551,1558,1,-0.0034235897
Cold,476839,2928,2927,2551,1558,1,0.0005702884
Cold,696534,4169,4168,2551,1558,1,-0.010241056
Cold,475172,2916,2915,2551,1558,1,-0.008950954
Cold,458109,2820,2819,2551,1558,1,-0.0011007865
Cold,457404,2818,2817,2551,1558,1,-0.0063038953
Cold,453895,2793,2792,2551,1558,1,-0.009587634
Cold,446482,2752,2751,2551,1558,1,0.0029342398
Cold,433706,2643,2642,2551,1558,0,-0.0046650204
Cold,431433,2628,2627,2551,1558,1,-0.0005631815
Cold,418832,2529,2528,2551,1558,1,-0.007957607
Cold,416768,2507,2506,2551,1558,0,-0.0049969545
Cold,464257,2860,2859,2551,1558,0,-0.0050342917
Cold,401827,2397,2396,2551,1558,0,-0.003713699
Cold,393257,2310,2309,2551,1558,0,-0.0031182033
Cold,403148,2407,2406,2551,1558,1,-0.013239594
Cold,390099,2288,2287,2551,1558,1,-0.0030451491
Cold,389045,2279,2278,2551,1558,1,-0.013309195
Cold,385355,2251,2250,2551,1558,1,0.0010529067
Cold,382956,2237,2236,2551,1558,0,-0.0026216337
Cold,370008,2164,2163,2551,1558,1,-0.0020957098
Cold,364880,2124,2123,2551,1558,1,-0.011456288
Cold,359485,2102,2101,2551,1558,0,0.004615578
Cold,352984,2067,2066,2551,1558,0,0.0058279564
Cold,352715,2064,2063,2551,1558,1,-6.787712e-05
Cold,334219,1971,1970,2551,1558,1,-0.002909849
Cold,336145,1980,1979,2551,1558,0,-0.0015354054
Cold,303581,1803,1802,2551,1558,0,-0.0055889883
Cold,298357,1768,1767,2551,1558,1,-0.0016131969
Cold,279620,1680,1679,2551,1558,1,-0.0140752345
Cold,271018,1639,1638,2551,1558,1,-0.008310903
Cold,259574,1587,1586,2551,1558,0,-0.0060776453
Cold,217760,1321,1320,2551,1558,0,-0.0019315816
Cold,220430,1335,1334,2551,1558,0,-0.006767801
Cold,205946,1264,1263,2551,1558,0,-0.00405299
Cold,308120,1836,1835,2551,1558,1,-0.0018439519
Cold,214986,1303,1302,2551,1558,0,-0.011427788
Cold,294399,1749,1748,2551,1558,1,0.0027087848
Cold,210241,1284,1283,2551,1558,0,-0.0009817323
Cold,185529,1150,1149,2551,1558,0,-0.0067393268
Cold,174256,1101,1100,2551,1558,1,-0.009358465
Cold,169621,1077,1076,2551,1558,1,-0.007524755
Cold,159355,1017,1016,2551,1558,0,0.0008116849
Cold,320219,1899,1898,2551,1558,1,-0.008509342
Cold,157065,1010,1009,2551,1558,0,0.002200278
Cold,131267,850,849,2551,1558,1,0.00015351409
Cold,132010,854,853,2551,1558,0,-0.012152176
Cold,315421,1880,1879,2551,1558,0,-0.012107627
Cold,211159,1285,1284,2551,1558,1,-0.00022688741
Cold,201678,1242,1241,2551,1558,0,-0.0023778281
Cold,98444,659,658,2551,1558,0,-0.000995124
Cold,95213,638,637,2551,1558,0,-0.010846525
Cold,352108,2063,2062,2551,1558,0,0.0017449064
Cold,284354,1698,1697,2551,1558,0,-0.0038332397
Cold,228407,1383,1382,2551,1558,0,-0.0032136312
Cold,83342,549,548,2551,1558,1,-0.005819905
Cold,239136,1448,1447,2551,1558,0,-0.006739297
Cold,80302,533,532,2551,1558,0,-0.003840847
Cold,77702,524,523,2551,1558,1,-0.0033150408
Cold,53707,352,351,2551,1558,1,-0.0022488856
Cold,49385,329,328,2551,1558,0,-0.01550428
Cold,338246,1988,1987,2551,1558,0,-0.010904332
Cold,38893,264,263,2551,1558,0,-0.011090579
Cold,221488,1340,1339,2551,1558,0,-0.018476766
Cold,34711,235,234,2551,1558,0,-0.002759695
Cold,23094,166,165,2551,1558,0,0.0037909048
Cold,290380,1733,1732,2551,1558,1,-0.0023857672
Cold,15578,123,122,2551,1558,0,0.0010080994
Cold,481940,2962,2961,2551,1558,0,-0.0070779584
Cold,432801,2638,2637,2551,1558,0,-0.00040029723
Cold,234249,1422,1421,2551,1558,1,-0.0062435786
Cold,129566,839,838,2551,1558,1,-0.0020580203
Cold,158436,1015,1014,2551,1558,1,0.0007005716
Cold,744991,4448,4447,2551,1558,1,-0.007836425
Cold,170944,1087,1086,2551,1558,0,-0.00609844
Cold,79569,531,530,2551,1558,0,-0.0022925725
Cold,115476,749,748,2551,1558,0,0.0028195784
Cold,271822,1643,1642,2551,1558,1,0.0008703214
Cold,63161,424,423,2551,1558,0,-0.0057058437
Cold,805747,4823,4822,2551,1558,1,-0.008840538
Cold,559444,3436,3435,2551,1558,1,-0.0021455167
Cold,176103,1113,1112,2551,1558,1,-0.0073175207
Cold,594094,3618,3617,2554,1560,0,0.0067125615
Cold,585774,3576,3575,2554,1560,1,0.00083433185
Cold,728207,4354,4353,2554,1560,1,-0.0057987534
Cold,566379,3476,3475,2554,1560,0,0.0017256165
Cold,560506,3445,3444,2554,1560,1,-0.0028736084
Cold,558608,3430,3429,2554,1560,0,0.0017283591
Cold,554091,3410,3409,2554,1560,1,-0.0047666333
Cold,543940,3352,3351,2554,1560,0,-0.0046500796
Cold,535424,3304,3303,2554,1560,1,-0.001350891
Cold,518838,3201,3200,2554,1560,1,-0.0015323879
Cold,504748,3105,3104,2554,1560,0,0.00086611847
Cold,496776,3052,3051,2554,1560,1,-0.0011974275
Cold,496288,3050,3049,2554,1560,1,0.0063171806
Cold,495908,3045,3044,2554,1560,1,-0.0017748895
Cold,488936,3010,3009,2554,1560,1,-0.0069731283
Cold,517937,3196,3195,2554,1560,0,-0.004749156
Cold,696536,4169,4168,2554,1560,0,-0.002960749
Cold,475974,2921,2920,2554,1560,0,0.0011330564
Cold,601678,3658,3657,2554,1560,1,-0.0012580972
Cold,465195,2868,2867,2554,1560,1,0.0034872624
Cold,754729,4497,4496,2554,1560,0,0.005815297
Cold,444990,2744,2743,2554,1560,0,-0.0018128144
Cold,415088,2498,2497,2554,1560,0,-0.004585238
Cold,414691,2496,2495,2554,1560,0,-0.0029847804
Cold,397221,2352,2351,2554,1560,0,-0.0041700043
Cold,395381,2335,2334,2554,1560,0,0.001538028
Cold,370769,2167,2166,2554,1560,1,-0.006287633
Cold,366396,2132,2131,2554,1560,0,-0.0017535976
Cold,364882,2124,2123,2554,1560,1,0.001906954
Cold,356701,2089,2088,2554,1560,1,-0.0062168064
Cold,356485,2088,2087,2554,1560,0,0.0021591983
Cold,341973,2013,2012,2554,1560,0,0.0015947844
Cold,334700,1974,1973,2554,1560,1,-0.0050801104
Cold,325505,1926,1925,2554,1560,0,-0.0017011946
Cold,297086,1761,1760,2554,1560,0,0.0022889408
Cold,288312,1722,1721,2554,1560,1,0.005920699
Cold,292448,1741,1740,2554,1560,1,-0.0025934803
Cold,269155,1632,1631,2554,1560,0,-0.004365097
Cold,224524,1357,1356,2554,1560,0,-0.001725654
Cold,221491,1340,1339,2554,1560,0,-0.00540814
Cold,328436,1941,1940,2554,1560,0,-0.0052431775
Cold,190058,1179,1178,2554,1560,1,-0.0042992476
Cold,184427,1147,1146,2554,1560,0,-0.0027927333
Cold,181639,1135,1134,2554,1560,1,-0.0005413452
Cold,159358,1017,1016,2554,1560,0,-0.004932564
Cold,158440,1015,1014,2554,1560,1,0.0017326414
Cold,152141,978,977,2554,1560,0,0.0038987761
Cold,138569,889,888,2554,1560,1,-0.0026292545
Cold,133882,868,867,2554,1560,1,-0.0021055732
Cold,133301,860,859,2554,1560,0,0.0036901347
Cold,133050,858,857,2554,1560,1,-0.001123657
Cold,115478,749,748,2554,1560,0,0.008183506
Cold,925561,5595,5594,2554,1560,0,-0.0022170371
Cold,316934,1884,1883,2554,1560,1,-0.0032768818
Cold,713227,4277,4276,2554,1560,1,0.0025012959
Cold,90975,602,601,2554,1560,0,0.0061398344
Cold,86201,563,562,2554,1560,0,-0.01608426
Cold,82294,546,545,2554,1560,0,-0.0041333092
Cold,83346,549,548,2554,1560,0,0.0054473444
Cold,78945,530,529,2554,1560,0,-0.0046666428
Cold,63165,424,423,2554,1560,0,-0.00269959
Cold,41179,278,277,2554,1560,1,0.0020641065
Cold,481943,2962,2961,2554,1560,0,0.0058105527
Cold,276357,1671,1670,2554,1560,1,-0.00077671604
Cold,270095,1635,1634,2554,1560,0,-0.007158851
Cold,1731,17,16,2554,1560,0,-0.0003051916
Cold,2849,23,22,2554,1560,0,-0.0054819137
Cold,4268,33,32,2554,1560,1,0.004433169
Cold,552509,3401,3400,2554,1560,0,0.003244551
Cold,222771,1348,1347,2554,1560,1,-0.010093018
Cold,24334,173,172,2554,1560,1,-0.0003146024
Cold,161389,1029,1028,2554,1560,0,-0.013800132
Cold,261869,1599,1598,2554,1560,1,0.00029162574
Cold,310774,1851,1850,2554,1560,0,-0.008655478
Cold,62282,422,421,2554,1560,0,-0.0027917079
Cold,699734,4186,4185,2554,1560,1,-0.0029595094
Cold,718632,4305,4304,2555,1561,0,-0.00891969
Cold,549159,3389,3388,2555,1561,0,-0.0023068464
Cold,547619,3378,3377,2555,1561,0,0.0009839197
Cold,539997,3320,3319,2555,1561,0,-0.001825176
Cold,537334,3311,3310,2555,1561,0,0.0017674214
Cold,536144,3308,3307,2555,1561,0,-0.0058620367
Cold,564582,3471,3470,2555,1561,0,-0.0017355792
Cold,520390,3209,3208,2555,1561,0,-0.0032578483
Cold,515999,3184,3183,2555,1561,0,-0.006877876
Cold,515001,3180,3179,2555,1561,0,0.000961788
Cold,509543,3138,3137,2555,1561,0,0.0036489354
Cold,509151,3134,3133,2555,1561,0,0.0018452116
Cold,797639,4784,4783,2555,1561,0,0.0047683753
Cold,496011,3046,3045,2555,1561,0,0.0030683023
Cold,483630,2973,2972,2555,1561,0,-0.005589124
Cold,480607,2949,2948,2555,1561,0,0.003744878
Cold,478182,2934,2933,2555,1561,0,6.264757e-05
Cold,655296,3946,3945,2555,1561,0,-0.003311519
Cold,467793,2883,2882,2555,1561,0,-0.009503609
Cold,431817,2630,2629,2555,1561,0,0.006454878
Cold,420527,2541,2540,2555,1561,1,0.0038534442
Cold,418833,2529,2528,2555,1561,0,-0.00234066
Cold,417101,2508,2507,2555,1561,0,-0.0073677683
Cold,412917,2484,2483,2555,1561,0,-0.0033094306
Cold,385051,2250,2249,2555,1561,0,-0.0016665078
Cold,376754,2199,2198,2555,1561,0,-0.00037086784
Cold,375818,2189,2188,2555,1561,0,0.0012844913
Cold,374259,2181,2180,2555,1561,0,0.00058163423
Cold,357049,2091,2090,2555,1561,0,-0.0028414426
Cold,358008,2095,2094,2555,1561,0,-0.0031949806
Cold,349680,2052,2051,2555,1561,0,-0.0051239813
Cold,348492,2042,2041,2555,1561,0,0.0027616264
Cold,352112,2063,2062,2555,1561,0,-0.0017437313
Cold,341713,2012,2011,2555,1561,0,-0.0041181697
Cold,340808,2010,2009,2555,1561,0,-0.0018080813
Cold,325943,1929,1928,2555,1561,0,0.00056178716
Cold,306828,1831,1830,2555,1561,0,-0.001971092
Cold,291852,1738,1737,2555,1561,0,-0.006149415
Cold,278363,1679,1678,2555,1561,0,-0.008208683
Cold,277855,1676,1675,2555,1561,0,-0.002152713
Cold,281835,1690,1689,2555,1561,0,0.002936508
Cold,286296,1709,1708,2555,1561,1,0.00059842784
Cold,264392,1608,1607,2555,1561,0,0.0059277113
Cold,258166,1582,1581,2555,1561,0,-0.0011130353
Cold,254722,1548,1547,2555,1561,0,-0.007613375
Cold,252958,1533,1532,2555,1561,0,-0.0038840137
Cold,228409,1383,1382,2555,1561,0,-3.0017574e-05
Cold,224265,1356,1355,2555,1561,0,0.00637055
Cold,224879,1359,1358,2555,1561,0,-0.006230082
Cold,214129,1300,1299,2555,1561,0,-0.003970445
Cold,213583,1298,1297,2555,1561,0,0.0015705135
Cold,244101,1470,1469,2555,1561,0,-0.010558523
Cold,279623,1680,1679,2555,1561,0,0.0011639309
Cold,200387,1230,1229,2555,1561,0,0.0023880173
Cold,236452,1434,1433,2555,1561,1,-0.008836987
Cold,193239,1193,1192,2555,1561,0,-0.0010062885
Cold,205378,1263,1262,2555,1561,0,-0.01017293
Cold,167968,1068,1067,2555,1561,0,-0.0029284088
Cold,163946,1050,1049,2555,1561,0,-0.006411906
Cold,150212,967,966,2555,1561,0,-0.011695181
Cold,146346,941,940,2555,1561,0,-0.00030316645
Cold,136757,881,880,2555,1561,0,-0.009926124
Cold,134806,871,870,2555,1561,0,0.005122628
Cold,126201,815,814,2555,1561,0,-0.005125244
Cold,122364,789,788,2555,1561,0,0.004970989
Cold,108155,710,709,2555,1561,0,0.0007061805
Cold,98340,658,657,2555,1561,0,-0.0026572132
Cold,95215,638,637,2555,1561,0,0.0012694083
Cold,92803,621,620,2555,1561,0,0.00037859706
Cold,360958,2106,2105,2555,1561,0,-0.003796582
Cold,116883,753,752,2555,1561,0,0.0017256057
Cold,239137,1448,1447,2555,1561,0,0.0024584136
Cold,73151,494,493,2555,1561,0,-0.008685388
Cold,66610,445,444,2555,1561,0,-0.0012367908
Cold,58868,399,398,2555,1561,0,-0.000564327
Cold,59124,402,401,2555,1561,0,-0.0035883859
Cold,54853,359,358,2555,1561,0,-0.0035414952
Cold,54232,354,353,2555,1561,0,-0.003945018
Cold,31146,209,208,2555,1561,0,-0.010972611
Cold,29398,200,199,2555,1561,0,0.0040163677
Cold,291558,1737,1736,2555,1561,0,0.0010961777
Cold,16973,133,132,2555,1561,1,0.002324297
Cold,9556,63,62,2555,1561,0,-0.0069176843
Cold,6795,48,47,2555,1561,0,-0.0004973174
Cold,1695,16,15,2555,1561,0,-0.00504184
Cold,521772,3219,3218,2555,1561,0,0.010277178
Cold,787208,4708,4707,2555,1561,0,0.000113462156
Cold,10501,75,74,2555,1561,1,-0.0015337323
Cold,355052,2077,2076,2555,1561,0,-0.0007332633
Cold,954241,5761,5760,2555,1561,0,0.0072089853
Cold,828773,4979,4978,2555,1561,0,-0.011369775
Cold,335210,1978,1977,2555,1561,0,0.0013276427
Cold,79571,531,530,2555,1561,0,-0.0017397782
Cold,907678,5492,5491,2555,1561,0,0.0034417927
Cold,328438,1941,1940,2555,1561,0,-0.0018839329
Cold,717037,4294,4293,2555,1561,0,0.0015723744
Cold,143544,926,925,2555,1561,0,-0.0013453388
Cold,187075,1160,1159,2555,1561,0,-0.0023979358
Cold,52147,343,342,2555,1561,0,-0.002661835
Cold,434932,2655,2654,2555,1561,0,-0.0012504552
Cold,255946,1560,1559,2555,1561,0,-0.0016567602
Cold,13346,104,103,2555,1561,0,-0.006424061
Cold,427365,2594,2593,2555,1561,0,0.00046172016
Cold,509879,3140,3139,2555,1561,0,0.006144668
Cold,551450,3395,3394,2560,1563,0,-0.002055493
Cold,577367,3526,3525,2560,1563,0,-0.00086653605
Cold,748014,4465,4464,2560,1563,0,-2.4718349e-05
Cold,536152,3308,3307,2560,1563,0,-0.0023527758
Cold,564597,3471,3470,2560,1563,0,0.001011764
Cold,523729,3228,3227,2560,1563,0,-0.006657634
Cold,522000,3223,3222,2560,1563,1,-0.008319333
Cold,519726,3206,3205,2560,1563,1,-0.007020574
Cold,517461,3193,3192,2560,1563,1,-0.008279406
Cold,566389,3476,3475,2560,1563,0,-0.009814802
Cold,508005,3126,3125,2560,1563,1,-0.0069626635
Cold,507531,3123,3122,2560,1563,0,-0.007904556
Cold,507299,3121,3120,2560,1563,1,-0.0070506358
Cold,481169,2955,2954,2560,1563,0,-0.0047701793
Cold,472757,2907,2906,2560,1563,1,-0.0050783204
Cold,473911,2909,2908,2560,1563,1,-0.0043289145
Cold,467799,2883,2882,2560,1563,0,-0.0014058262
Cold,467392,2880,2879,2560,1563,1,-0.004100901
Cold,463474,2857,2856,2560,1563,1,0.004593839
Cold,441297,2702,2701,2560,1563,1,-0.0048741456
Cold,428840,2609,2608,2560,1563,1,-0.01167567
Cold,409727,2457,2456,2560,1563,0,0.00073770154
Cold,386679,2261,2260,2560,1563,0,-0.0018929468
Cold,374270,2181,2180,2560,1563,0,-0.0033376687
Cold,354222,2073,2072,2560,1563,0,-0.008771095
Cold,352127,2063,2062,2560,1563,0,-0.0121356435
Cold,344455,2021,2020,2560,1563,0,0.005337372
Cold,339983,2005,2004,2560,1563,1,0.00040739088
Cold,340819,2010,2009,2560,1563,1,-0.0065331254
Cold,310779,1851,1850,2560,1563,0,-0.005124864
Cold,288713,1725,1724,2560,1563,0,-0.0022508684
Cold,297899,1765,1764,2560,1563,1,0.005193602
Cold,277863,1676,1675,2560,1563,1,0.0008405432
Cold,278367,1679,1678,2560,1563,1,-0.015647331
Cold,275653,1667,1666,2560,1563,0,-0.015243871
Cold,271522,1641,1640,2560,1563,0,-0.009429697
Cold,275195,1666,1665,2560,1563,1,-0.007881579
Cold,264397,1608,1607,2560,1563,0,-0.005130163
Cold,234597,1424,1423,2560,1563,1,-0.0042373575
Cold,235128,1425,1424,2560,1563,0,-0.004004446
Cold,226406,1370,1369,2560,1563,0,-0.004921674
Cold,224527,1357,1356,2560,1563,0,0.003259243
Cold,249562,1503,1502,2560,1563,0,-0.005943945
Cold,221833,1341,1340,2560,1563,0,-0.0021578027
Cold,279647,1680,1679,2560,1563,1,0.0027096116
Cold,194532,1200,1199,2560,1563,1,0.0048983507
Cold,363246,2116,2115,2560,1563,1,-0.0016426767
Cold,215000,1303,1302,2560,1563,0,-0.006653808
Cold,211175,1285,1284,2560,1563,1,-0.0053142197
Cold,182854,1140,1139,2560,1563,1,-0.00090381317
Cold,175062,1109,1108,2560,1563,0,0.005673707
Cold,168589,1069,1068,2560,1563,1,-0.010679332
Cold,165292,1053,1052,2560,1563,0,-0.0065614637
Cold,270470,1636,1635,2560,1563,1,0.00026002806
Cold,168901,1071,1070,2560,1563,1,-0.0043437798
Cold,159363,1017,1016,2560,1563,0,-0.009050123
Cold,158456,1015,1014,2560,1563,1,-0.0051539484
Cold,221502,1340,1339,2560,1563,0,-0.005690786
Cold,271026,1639,1638,2560,1563,1,-0.0039776983
Cold,245368,1482,1481,2560,1563,0,-0.007091673
Cold,157081,1010,1009,2560,1563,0,-0.009055371
Cold,136773,881,880,2560,1563,1,-0.0038614897
Cold,135765,877,876,2560,1563,0,-0.008486174
Cold,134464,869,868,2560,1563,0,-0.0076263547
Cold,133212,859,858,2560,1563,0,-0.0019171307
Cold,128996,838,837,2560,1563,1,-0.00020984095
Cold,138589,889,888,2560,1563,0,-0.0042502754
Cold,128347,830,829,2560,1563,1,0.0009892755
Cold,125601,808,807,2560,1563,0,-0.008319798
Cold,122369,789,788,2560,1563,0,-0.0069258185
Cold,117601,757,756,2560,1563,0,-0.00041488162
Cold,116434,752,751,2560,1563,0,-0.00905257
Cold,114103,741,740,2560,1563,1,-0.0052136206
Cold,110407,720,719,2560,1563,0,0.0010917387
Cold,109382,714,713,2560,1563,1,0.0015627828
Cold,107099,704,703,2560,1563,1,0.017082196
Cold,92807,621,620,2560,1563,0,-0.0050090477
Cold,886947,5359,5358,2560,1563,0,-0.006055422
Cold,191223,1181,1180,2560,1563,0,-0.0018861975
Cold,239157,1448,1447,2560,1563,1,-0.017291268
Cold,77719,524,523,2560,1563,1,-0.008750144
Cold,74979,509,508,2560,1563,1,-0.013825804
Cold,64317,429,428,2560,1563,0,-0.008577833
Cold,53728,352,351,2560,1563,0,-0.0063479804
Cold,54233,354,353,2560,1563,0,7.12031e-05
Cold,43083,295,294,2560,1563,0,-0.0075580273
Cold,41790,284,283,2560,1563,1,-0.0025738277
Cold,55869,370,369,2560,1563,0,0.002727717
Cold,40393,272,271,2560,1563,1,-0.009033837
Cold,29822,202,201,2560,1563,0,-0.002390021
Cold,29191,199,198,2560,1563,0,-0.0034464141
Cold,411628,2472,2471,2560,1563,0,-0.013194394
Cold,22508,163,162,2560,1563,0,-0.014165321
Cold,16855,132,131,2560,1563,0,-0.0078124483
Cold,290394,1733,1732,2560,1563,1,0.0072964625
Cold,9562,63,62,2560,1563,1,0.00092499563
Cold,291,5,4,2560,1563,1,-0.012154808
Cold,272305,1645,1644,2560,1563,1,-0.0054551885
Cold,238110,1447,1446,2560,1563,1,-0.008977723
Cold,328455,1941,1940,2560,1563,0,-0.015668867
Cold,171882,1088,1087,2560,1563,0,-0.0023685815
Cold,195620,1203,1202,2560,1563,1,0.007477651
Cold,960301,5792,5791,2560,1563,0,-0.0010858658
Cold,571165,3503,3502,2560,1563,0,-0.0051521184
Cold,187079,1160,1159,2560,1563,0,-0.0060706753
Cold,26650,188,187,2560,1563,1,-0.015433438
Cold,286820,1712,1711,2560,1563,0,-0.012186597
Cold,538066,3312,3311,2560,1563,0,0.0012320186
Cold,63183,424,423,2560,1563,1,-0.008363856
Cold,28137,195,194,2560,1563,1,0.0002383294
Cold,319475,1897,1896,2560,1563,0,-0.008646373
Cold,473914,2909,2908,2561,1564,1,0.010736585
Cold,463476,2857,2856,2561,1564,1,0.005389258
Cold,594921,3620,3619,2561,1564,0,0.0034382588
Cold,464978,2866,2865,2561,1564,0,-0.0014560514
Cold,451060,2777,2776,2561,1564,0,0.0066280235
Cold,444774,2743,2742,2561,1564,1,-0.0012328951
Cold,564599,3471,3470,2561,1564,0,0.0022063814
Cold,441066,2700,2699,2561,1564,1,0.005669645
Cold,762745,4533,4532,2561,1564,1,0.00915915
Cold,422827,2562,2561,2561,1564,1,-0.0021909885
Cold,416782,2507,2506,2561,1564,0,-0.0015004012
Cold,425390,2581,2580,2561,1564,0,-0.00092357246
Cold,408337,2453,2452,2561,1564,1,0.007291917
Cold,402430,2402,2401,2561,1564,0,0.014209113
Cold,392391,2304,2303,2561,1564,1,0.014888541
Cold,390108,2288,2287,2561,1564,0,-0.0011068108
Cold,358587,2098,2097,2561,1564,1,0.005975424
Cold,349016,2047,2046,2561,1564,0,0.021421008
Cold,329474,1943,1942,2561,1564,0,0.004400526
Cold,302225,1794,1793,2561,1564,0,0.011576365
Cold,279650,1680,1679,2561,1564,1,0.012317802
Cold,263959,1606,1605,2561,1564,1,0.0044776807
Cold,250466,1509,1508,2561,1564,0,0.0036247424
Cold,198465,1219,1218,2561,1564,1,0.0040493496
Cold,321719,1908,1907,2561,1564,0,0.00096787047
Cold,191227,1181,1180,2561,1564,0,0.0039128354
Cold,163957,1050,1049,2561,1564,0,-0.0036683902
Cold,275654,1667,1666,2561,1564,0,-0.0027385242
Cold,221504,1340,1339,2561,1564,0,0.0034389803
Cold,143049,922,921,2561,1564,0,-0.0018077483
Cold,194956,1202,1201,2561,1564,0,0.0034250566
Cold,117603,757,756,2561,1564,0,0.005782459
Cold,112910,732,731,2561,1564,1,-0.00032161642
Cold,203497,1248,1247,2561,1564,0,0.0019084354
Cold,110950,721,720,2561,1564,0,0.0030360394
Cold,631715,3821,3820,2561,1564,0,0.00913405
Cold,480235,2946,2945,2561,1564,0,0.0041992664
Cold,108171,710,709,2561,1564,0,0.0076061944
Cold,308795,1837,1836,2561,1564,1,0.0067177243
Cold,239160,1448,1447,2561,1564,1,0.0022367525
Cold,81816,543,542,2561,1564,0,-0.002647617
Cold,84372,550,549,2561,1564,0,0.008164724
Cold,64319,429,428,2561,1564,0,0.002213437
Cold,59136,402,401,2561,1564,0,0.007180093
Cold,155457,1001,1000,2561,1564,1,0.011255991
Cold,53731,352,351,2561,1564,0,0.008238802
Cold,47465,319,318,2561,1564,0,0.0056198123
Cold,42094,285,284,2561,1564,0,0.0040367134
Cold,696550,4169,4168,2561,1564,0,0.0091358805
Cold,55604,368,367,2561,1564,1,0.008629562
Cold,38281,261,260,2561,1564,0,-0.0011732196
Cold,418301,2528,2527,2561,1564,0,0.0043774177
Cold,200112,1228,1227,2561,1564,0,0.0070838206
Cold,314402,1877,1876,2561,1564,0,-0.0010820115
Cold,16295,129,128,2561,1564,1,-0.00024645939
Cold,210253,1284,1283,2561,1564,1,0.003690582
Cold,164726,1051,1050,2561,1564,0,0.006357287
Cold,150701,970,969,2561,1564,0,0.006899515
Cold,129578,839,838,2561,1564,0,0.009796678
Cold,363249,2116,2115,2561,1564,0,0.00452761
Cold,567626,3483,3482,2561,1564,0,0.0005286671
Cold,16108,127,126,2561,1564,1,0.006202068
Cold,592763,3613,3612,2561,1564,1,0.0015762807
Cold,195623,1203,1202,2561,1564,0,0.008294795
Cold,50139,331,330,2561,1564,1,0.002283529
Cold,331794,1958,1957,2561,1564,1,-0.0002791076
Cold,902842,5458,5457,2561,1564,0,0.0028399506
Cold,609262,3693,3692,2561,1564,0,-0.0058789155
Cold,257821,1579,1578,2561,1564,0,0.006908863
Cold,322557,1912,1911,2561,1564,0,0.011510726
Cold,937657,5657,5656,2561,1564,1,0.01210854
Cold,330566,1951,1950,2570,1568,1,0.0045587285
Cold,316954,1884,1883,2570,1568,1,0.006183524
Cold,302238,1794,1793,2570,1568,1,-0.0071150227
Cold,252124,1526,1525,2570,1568,1,0.00467706
Cold,241707,1455,1454,2570,1568,0,0.003129222
Cold,308134,1836,1835,2570,1568,0,0.003503442
Cold,191943,1182,1181,2570,1568,0,0.00018338882
Cold,188100,1167,1166,2570,1568,1,0.004800773
Cold,316338,1883,1882,2570,1568,0,0.012041064
Cold,174506,1103,1102,2570,1568,1,0.00048101414
Cold,168598,1069,1068,2570,1568,0,-0.0043447283
Cold,167329,1065,1064,2570,1568,1,0.0053320695
Cold,160908,1022,1021,2570,1568,1,0.00964207
Cold,268074,1628,1627,2570,1568,0,-0.0038632476
Cold,143360,924,923,2570,1568,1,0.0091661895
Cold,138617,889,888,2570,1568,0,0.0046488564
Cold,132031,854,853,2570,1568,0,0.014473085
Cold,117854,759,758,2570,1568,1,-0.012199663
Cold,112619,731,730,2570,1568,0,-0.004993787
Cold,103714,689,688,2570,1568,0,-0.0074283574
Cold,696562,4169,4168,2570,1568,0,0.0070143742
Cold,305056,1812,1811,2570,1568,0,0.0074078315
Cold,80565,534,533,2570,1568,1,0.0041221026
Cold,54196,353,352,2570,1568,1,0.0033757424
Cold,45000,303,302,2570,1568,1,0.0069496483
Cold,61297,412,411,2570,1568,1,0.0032695003
Cold,36039,244,243,2570,1568,1,0.004924661
Cold,308806,1837,1836,2570,1568,0,0.009923739
Cold,27182,192,191,2570,1568,0,-0.005003101
Cold,18714,146,145,2570,1568,1,-0.0017900777
Cold,803763,4813,4812,2570,1568,1,0.0050923964
Cold,207032,1266,1265,2570,1568,1,0.0025280586
Cold,158479,1015,1014,2570,1568,1,0.0014931653
Cold,777891,4647,4646,2570,1568,0,0.0025893159
Cold,263544,1605,1604,2570,1568,0,-0.000467133
Cold,187750,1164,1163,2570,1568,0,0.010164272
Cold,583591,3562,3561,2570,1568,1,0.006500544
Cold,60725,411,410,2570,1568,0,-0.0007435414
Cold,229705,1390,1389,2570,1568,1,0.007228883
Cold,178717,1121,1120,2570,1568,1,-0.0011571483
Cold,102475,678,677,2570,1568,1,-0.002147459
Cold,171907,1088,1087,2570,1568,0,0.0015753477
Cold,569396,3491,3490,2574,1571,1,-0.0025745782
Cold,594150,3618,3617,2574,1571,0,-0.011699442
Cold,572354,3507,3506,2574,1571,0,-0.008369809
Cold,559459,3436,3435,2574,1571,0,-0.0056666667
Cold,548594,3386,3385,2574,1571,0,-0.009573663
Cold,904239,5468,5467,2574,1571,0,-0.014444653
Cold,902848,5458,5457,2574,1571,0,-0.004782631
Cold,541088,3328,3327,2574,1571,0,-0.0029542982
Cold,540009,3320,3319,2574,1571,0,-0.0038157422
Cold,564624,3471,3470,2574,1571,0,0.00256191
Cold,532788,3290,3289,2574,1571,0,0.00043005706
Cold,533514,3292,3291,2574,1571,0,-0.0060868748
Cold,522803,3224,3223,2574,1571,0,0.004348075
Cold,575488,3519,3518,2574,1571,0,-0.011372495
Cold,517950,3196,3195,2574,1571,0,-0.0040294426
Cold,512190,3159,3158,2574,1571,0,0.001018364
Cold,511373,3154,3153,2574,1571,1,0.004471798
Cold,510727,3147,3146,2574,1571,0,-0.0016376213
Cold,785477,4691,4690,2574,1571,0,-0.00787444
Cold,509387,3137,3136,2574,1571,0,-0.0077071204
Cold,574863,3518,3517,2574,1571,0,0.002482803
Cold,506026,3112,3111,2574,1571,1,-6.392674e-05
Cold,498849,3065,3064,2574,1571,1,-0.011975203
Cold,493510,3031,3030,2574,1571,0,-0.010236969
Cold,488742,3007,3006,2574,1571,0,0.010769663
Cold,483642,2973,2972,2574,1571,0,-0.0024415855
Cold,529905,3272,3271,2574,1571,1,-0.006997128
Cold,472779,2907,2906,2574,1571,1,-0.01156248
Cold,471094,2899,2898,2574,1571,0,-0.008501971
Cold,462686,2854,2853,2574,1571,0,-0.010468245
Cold,455206,2802,2801,2574,1571,0,-0.008915847
Cold,451828,2781,2780,2574,1571,0,-0.01699762
Cold,451082,2777,2776,2574,1571,0,0.003189832
Cold,444789,2743,2742,2574,1571,1,0.0045563886
Cold,434585,2650,2649,2574,1571,0,-0.001311437
Cold,424553,2575,2574,2574,1571,1,-0.00902786
Cold,423237,2565,2564,2574,1571,1,-0.0059705107
Cold,422532,2559,2558,2574,1571,0,-0.0069443155
Cold,417109,2508,2507,2574,1571,1,-0.0019591448
Cold,412952,2484,2483,2574,1571,0,-0.009981295
Cold,403744,2411,2410,2574,1571,0,-0.005322971
Cold,401295,2392,2391,2574,1571,1,-0.0008890127
Cold,436612,2665,2664,2574,1571,0,-0.017585987
Cold,393892,2320,2319,2574,1571,0,-0.002650122
Cold,391078,2298,2297,2574,1571,0,-0.0042415215
Cold,387835,2268,2267,2574,1571,1,-0.0013701993
Cold,378960,2212,2211,2574,1571,1,0.0023958145
Cold,380413,2223,2222,2574,1571,0,0.0042481795
Cold,376769,2199,2198,2574,1571,0,-0.0012867851
Cold,370548,2166,2165,2574,1571,0,-0.009984289
Cold,378453,2208,2207,2574,1571,0,-0.010356132
Cold,363277,2116,2115,2574,1571,1,0.00020190096
Cold,356028,2085,2084,2574,1571,0,-0.005023563
Cold,350576,2058,2057,2574,1571,0,0.0058673183
Cold,352156,2063,2062,2574,1571,0,-0.016626319
Cold,345868,2029,2028,2574,1571,0,-0.009869304
Cold,333102,1965,1964,2574,1571,0,0.0035819474
Cold,315797,1881,1880,2574,1571,1,0.007738342
Cold,310795,1851,1850,2574,1571,0,0.0012255849
Cold,278182,1677,1676,2574,1571,1,0.00058004935
Cold,281372,1687,1686,2574,1571,0,-0.0071918075
Cold,268593,1631,1630,2574,1571,0,-0.007167576
Cold,256269,1563,1562,2574,1571,0,0.0041685505
Cold,264701,1609,1608,2574,1571,0,-0.013426878
Cold,252967,1533,1532,2574,1571,1,-0.0009920708
Cold,235152,1425,1424,2574,1571,0,-8.115987e-05
Cold,248947,1501,1500,2574,1571,0,-0.0024648642
Cold,225616,1366,1365,2574,1571,0,-0.003253988
Cold,224887,1359,1358,2574,1571,0,-0.0022955104
Cold,227261,1377,1376,2574,1571,0,0.0045895297
Cold,336190,1980,1979,2574,1571,0,-0.011368161
Cold,296871,1759,1758,2574,1571,1,-0.0046313135
Cold,211815,1288,1287,2574,1571,0,-0.0027227446
Cold,204991,1261,1260,2574,1571,0,-0.0037457244
Cold,279680,1680,1679,2574,1571,1,-0.00025489868
Cold,261885,1599,1598,2574,1571,1,-0.0077741668
Cold,194061,1195,1194,2574,1571,1,-0.010412957
Cold,189463,1173,1172,2574,1571,0,0.00020603789
Cold,321729,1908,1907,2574,1571,0,-0.0035249062
Cold,205398,1263,1262,2574,1571,0,-0.012285287
Cold,179755,1125,1124,2574,1571,0,0.004545459
Cold,328487,1941,1940,2574,1571,0,-0.009378213
Cold,270481,1636,1635,2574,1571,0,-0.002743098
Cold,163976,1050,1049,2574,1571,0,-0.0073816576
Cold,272319,1645,1644,2574,1571,1,-0.0010491139
Cold,162343,1034,1033,2574,1571,0,-0.0069899643
Cold,246430,1489,1488,2574,1571,0,-0.013570886
Cold,145450,935,934,2574,1571,0,-0.004578349
Cold,140471,901,900,2574,1571,0,0.00042602653
Cold,139853,896,895,2574,1571,0,0.0054714214
Cold,134814,871,870,2574,1571,1,-0.0068321615
Cold,134485,869,868,2574,1571,0,-0.0034148328
Cold,182148,1137,1136,2574,1571,0,-0.0120857805
Cold,128068,828,827,2574,1571,0,0.0048472695
Cold,126056,812,811,2574,1571,1,-0.001440125
Cold,121579,781,780,2574,1571,0,-0.0024523763
Cold,112625,731,730,2574,1571,0,-0.013824078
Cold,108194,710,709,2574,1571,0,-0.012912424
Cold,106227,699,698,2574,1571,0,-0.020509973
Cold,177115,1117,1116,2574,1571,0,-0.00042124698
Cold,91295,604,603,2574,1571,0,-0.01669585
Cold,70240,474,473,2574,1571,0,-0.012760968
Cold,64335,429,428,2574,1571,0,-0.005056124
Cold,60171,409,408,2574,1571,0,-0.01116205
Cold,58874,399,398,2574,1571,1,-0.004474143
Cold,53774,352,351,2574,1571,0,0.0086791795
Cold,43101,295,294,2574,1571,0,-0.0037115107
Cold,696570,4169,4168,2574,1571,0,-0.01212861
Cold,61302,412,411,2574,1571,1,-0.0019528808
Cold,178289,1120,1119,2574,1571,0,-0.0067779757
Cold,54508,355,354,2574,1571,0,-0.0019246598
Cold,219274,1329,1328,2574,1571,0,-0.0023313062
Cold,21577,157,156,2574,1571,1,0.0026072098
Cold,21155,155,154,2574,1571,0,-0.010821978
Cold,17807,137,136,2574,1571,0,-0.0032664556
Cold,13355,104,103,2574,1571,0,0.003856369
Cold,3303,25,24,2574,1571,0,0.008469579
Cold,6832,48,47,2574,1571,0,-0.009115907
Cold,521783,3219,3218,2574,1571,1,-0.021544907
Cold,439856,2688,2687,2574,1571,0,-0.009659346
Cold,49436,329,328,2574,1571,0,-0.0058741313
Cold,365526,2127,2126,2574,1571,1,-0.012073459
Cold,552536,3401,3400,2574,1571,0,-0.00403688
Cold,56344,376,375,2574,1571,1,-0.007546492
Cold,238133,1447,1446,2574,1571,0,-0.0067215124
Cold,762218,4528,4527,2574,1571,0,-0.0031115704
Cold,2309,19,18,2574,1571,0,-0.0043934598
Cold,682649,4085,4084,2574,1571,0,-0.009133306
Cold,757263,4508,4507,2574,1571,0,-0.008374193
Cold,160281,1019,1018,2574,1571,0,-0.0055715526
Cold,599396,3648,3647,2574,1571,0,0.00060328306
Cold,309733,1842,1841,2574,1571,0,-0.014445215
Cold,907689,5492,5491,2574,1571,1,-0.007147936
Cold,768796,4579,4578,2574,1571,0,0.0021407767
Cold,60731,411,410,2574,1571,0,-0.015278418
Cold,257837,1579,1578,2574,1571,1,-0.009393337
Cold,331814,1958,1957,2574,1571,0,-0.01009235
Cold,193811,1194,1193,2574,1571,0,-0.0068363342
Cold,307056,1834,1833,2574,1571,1,-0.006430861
Cold,481361,2958,2957,2575,1572,1,0.00026629586
Cold,480986,2953,2952,2575,1572,0,-0.008340618
Cold,480866,2952,2951,2575,1572,1,-0.002927755
Cold,546165,3367,3366,2575,1572,1,0.00627768
Cold,464659,2863,2862,2575,1572,1,0.0048421007
Cold,464489,2861,2860,2575,1572,0,-0.002174844
Cold,456715,2811,2810,2575,1572,1,0.0009869011
Cold,455207,2802,2801,2575,1572,1,0.009510117
Cold,437770,2674,2673,2575,1572,1,0.0071444795
Cold,571178,3503,3502,2575,1572,1,0.0004640147
Cold,431442,2628,2627,2575,1572,1,0.0039436286
Cold,386410,2259,2258,2575,1572,1,-0.004548333
Cold,384519,2246,2245,2575,1572,1,0.0020964441
Cold,379772,2221,2220,2575,1572,1,0.0022899974
Cold,376770,2199,2198,2575,1572,1,-0.0028816669
Cold,365850,2129,2128,2575,1572,0,0.009411402
Cold,340309,2009,2008,2575,1572,1,0.0003610656
Cold,331182,1957,1956,2575,1572,1,-0.0009795402
Cold,318694,1894,1893,2575,1572,1,-0.0007585044
Cold,312977,1865,1864,2575,1572,0,0.0044459268
Cold,302523,1796,1795,2575,1572,1,-0.0068500163
Cold,314186,1875,1874,2575,1572,1,0.008672157
Cold,298468,1769,1768,2575,1572,1,0.0039286306
Cold,281576,1688,1687,2575,1572,1,-0.001349194
Cold,292468,1741,1740,2575,1572,1,-0.002014732
Cold,274718,1660,1659,2575,1572,1,-0.0037455098
Cold,274485,1658,1657,2575,1572,0,0.0041186954
Cold,266835,1618,1617,2575,1572,0,-0.006480218
Cold,264215,1607,1606,2575,1572,0,-0.0040540504
Cold,294421,1749,1748,2575,1572,1,0.0026681446
Cold,244900,1474,1473,2575,1572,1,-0.003477293
Cold,319493,1897,1896,2575,1572,1,0.0018346712
Cold,200940,1238,1237,2575,1572,1,-0.002524896
Cold,199575,1224,1223,2575,1572,1,0.0007616156
Cold,305063,1812,1811,2575,1572,1,0.014440632
Cold,185584,1150,1149,2575,1572,0,0.0023347202
Cold,201706,1242,1241,2575,1572,1,0.007151707
Cold,168606,1069,1068,2575,1572,1,0.007397784
Cold,165814,1057,1056,2575,1572,1,-0.0056430455
Cold,334725,1974,1973,2575,1572,1,0.009213558
Cold,160912,1022,1021,2575,1572,1,0.0004793564
Cold,246431,1489,1488,2575,1572,0,-0.00501353
Cold,138628,889,888,2575,1572,0,0.0030709004
Cold,312028,1860,1859,2575,1572,0,-0.00016643899
Cold,133469,862,861,2575,1572,1,0.0012936632
Cold,200122,1228,1227,2575,1572,1,0.0058508883
Cold,129006,838,837,2575,1572,1,0.0044570616
Cold,107364,706,705,2575,1572,0,0.005945366
Cold,100951,673,672,2575,1572,1,0.008764007
Cold,114283,743,742,2575,1572,0,-0.0024349277
Cold,98266,657,656,2575,1572,1,-0.00017218594
Cold,97934,655,654,2575,1572,1,0.0038867493
Cold,92927,622,621,2575,1572,0,0.0021005878
Cold,89623,590,589,2575,1572,1,-0.002378014
Cold,69328,464,463,2575,1572,0,-0.0053128926
Cold,48836,327,326,2575,1572,1,-0.0035023764
Cold,925422,5594,5593,2575,1572,1,0.00046114996
Cold,37887,259,258,2575,1572,1,0.0002391343
Cold,33503,225,224,2575,1572,1,0.00025860174
Cold,860139,5172,5171,2575,1572,1,0.002183683
Cold,26434,187,186,2575,1572,1,-0.0005183602
Cold,187756,1164,1163,2575,1572,1,0.005548971
Cold,16679,131,130,2575,1572,1,-0.0030217536
Cold,7737,53,52,2575,1572,1,0.0035201441
Cold,4849,35,34,2575,1572,1,0.0055020824
Cold,565029,3473,3472,2575,1572,1,0.008958042
Cold,207039,1266,1265,2575,1572,1,0.008035384
Cold,501005,3079,3078,2575,1572,1,-0.0016855417
Cold,344219,2020,2019,2575,1572,1,0.0033425074
Cold,966916,5831,5830,2575,1572,0,-0.003638079
Cold,631731,3821,3820,2575,1572,0,0.0007426443
Cold,750463,4478,4477,2575,1572,0,1.9593863e-05
Cold,163111,1041,1040,2575,1572,1,-0.0023029568
Cold,548738,3387,3386,2575,1572,1,-0.0011688089
Cold,405361,2427,2426,2575,1572,0,0.010393542
Cold,45938,308,307,2575,1572,1,0.00023955153
Cold,999984,6040,6039,2575,1572,1,-9.791227e-05
Cold,451829,2781,2780,2575,1572,1,0.002392779
Cold,116462,752,751,2575,1572,0,-0.007827291
Cold,13155,102,101,2575,1572,0,0.0073436564
Cold,804346,4816,4815,2575,1572,0,0.00045913644
Cold,28200,195,194,2582,1575,1,0.013682947
Cold,635948,3833,3832,2582,1575,1,0.0058024004
Cold,65508,438,437,2582,1575,1,0.0031131343
Cold,286435,1710,1709,2582,1575,1,0.008900268
Cold,11633,90,89,2582,1575,1,-0.0041726013
Cold,825605,4958,4957,2582,1575,1,0.013718342
Cold,359520,2102,2101,2587,1577,0,0.0005523665
Cold,356038,2085,2084,2587,1577,1,0.0070363455
Cold,361837,2109,2108,2587,1577,0,0.008473156
Cold,352187,2063,2062,2587,1577,0,0.0038436772
Cold,297671,1764,1763,2587,1577,1,-0.001078066
Cold,299759,1778,1777,2587,1577,0,0.014730122
Cold,274498,1658,1657,2587,1577,1,0.011761935
Cold,299174,1776,1775,2587,1577,0,0.012970004
Cold,265983,1613,1612,2587,1577,1,0.013810044
Cold,264708,1609,1608,2587,1577,0,0.007496074
Cold,358282,2097,2096,2587,1577,1,0.0078098546
Cold,222447,1345,1344,2587,1577,1,0.004182358
Cold,289459,1727,1726,2587,1577,1,0.0076888883
Cold,205409,1263,1262,2587,1577,0,0.010768546
Cold,198881,1221,1220,2587,1577,1,0.0071126902
Cold,173792,1100,1099,2587,1577,0,0.0020544576
Cold,255598,1556,1555,2587,1577,0,0.007851161
Cold,189474,1173,1172,2587,1577,0,0.0064029307
Cold,143730,927,926,2587,1577,1,0.01439209
Cold,248963,1501,1500,2587,1577,1,0.015012406
Cold,117639,757,756,2587,1577,0,0.0073511996
Cold,631750,3821,3820,2587,1577,0,0.008472022
Cold,83409,549,548,2587,1577,0,0.00062690384
Cold,72261,482,481,2587,1577,1,0.012445539
Cold,333983,1969,1968,2587,1577,1,-0.00436207
Cold,58533,396,395,2587,1577,1,0.0036895974
Cold,240390,1449,1448,2587,1577,0,0.0052232407
Cold,228457,1383,1382,2587,1577,0,0.012821609
Cold,53809,352,351,2587,1577,0,-0.0016937791
Cold,43954,301,300,2587,1577,0,0.010522391
Cold,55634,368,367,2587,1577,1,0.016456708
Cold,32115,216,215,2587,1577,1,0.005539894
Cold,31536,214,213,2587,1577,0,0.00392527
Cold,49460,329,328,2587,1577,0,0.008347471
Cold,23711,169,168,2587,1577,0,0.013553013
Cold,339522,2000,1999,2587,1577,0,0.007592159
Cold,317872,1889,1888,2587,1577,0,0.0014953441
Cold,907696,5492,5491,2587,1577,0,-0.0051997267
Cold,771777,4600,4599,2587,1577,0,0.003231575
Cold,331834,1958,1957,2587,1577,0,0.0060810437
Cold,295725,1755,1754,2587,1577,0,0.009002352
Cold,28209,195,194,2587,1577,1,0.0018059337
Cold,408364,2453,2452,2589,1578,0,-0.00031632604
Cold,699748,4186,4185,2589,1578,0,0.010381383
Cold,328525,1941,1940,2589,1578,0,-0.0064439243
Cold,235173,1425,1424,2589,1578,0,0.0035925298
Cold,937270,5654,5653,2594,1579,1,-0.0011850684
Cold,263588,1605,1604,2594,1579,0,-0.0010039839
Cold,557331,3423,3422,2596,1580,1,0.009116486
Cold,559635,3438,3437,2596,1580,1,0.004211742
Cold,567669,3483,3482,2596,1580,1,-0.0016007876
Cold,713292,4277,4276,2596,1580,1,-0.00319403
Cold,537406,3311,3310,2596,1580,0,-0.0012627994
Cold,536206,3308,3307,2596,1580,1,0.006472607
Cold,532337,3285,3284,2596,1580,0,0.010200931
Cold,524328,3232,3231,2596,1580,0,0.004813294
Cold,514071,3172,3171,2596,1580,1,-0.003417653
Cold,510857,3148,3147,2596,1580,1,0.0072345296
Cold,510736,3147,3146,2596,1580,1,-0.0038303472
Cold,583623,3562,3561,2596,1580,0,0.0036676077
Cold,571202,3503,3502,2596,1580,1,-0.002456939
Cold,503458,3093,3092,2596,1580,1,-0.0021341806
Cold,499005,3066,3065,2596,1580,1,0.00015055062
Cold,487980,3001,3000,2596,1580,1,0.0003871126
Cold,481976,2962,2961,2596,1580,0,0.0038837392
Cold,465784,2872,2871,2596,1580,0,0.009442981
Cold,462703,2854,2853,2596,1580,1,0.0001190796
Cold,458191,2820,2819,2596,1580,0,-0.006839919
Cold,456723,2811,2810,2596,1580,0,-0.008368866
Cold,468009,2885,2884,2596,1580,0,-0.0032762503
Cold,416837,2507,2506,2596,1580,1,0.0039018975
Cold,413456,2486,2485,2596,1580,1,0.004789318
Cold,394276,2323,2322,2596,1580,1,0.0049691033
Cold,375697,2188,2187,2596,1580,0,0.0016936387
Cold,369209,2158,2157,2596,1580,1,0.0021764329
Cold,356041,2085,2084,2596,1580,1,0.0011420068
Cold,345177,2024,2023,2596,1580,0,-0.0046960376
Cold,340874,2010,2009,2596,1580,0,0.0023643835
Cold,305929,1820,1819,2596,1580,0,0.0010942633
Cold,290818,1735,1734,2596,1580,0,-0.0041954927
Cold,279750,1680,1679,2596,1580,1,-0.0028550006
Cold,270489,1636,1635,2596,1580,0,0.005842796
Cold,266488,1616,1615,2596,1580,1,0.0030151587
Cold,247091,1492,1491,2596,1580,1,-0.0015144767
Cold,308158,1836,1835,2596,1580,0,0.0026112746
Cold,361031,2106,2105,2596,1580,0,0.004759578
Cold,271064,1639,1638,2596,1580,0,-0.0022253832
Cold,157149,1010,1009,2596,1580,0,0.0037578589
Cold,136843,881,880,2596,1580,0,-0.0014824021
Cold,128602,832,831,2596,1580,1,-0.0023478747
Cold,119455,770,769,2596,1580,0,0.0036009576
Cold,132632,855,854,2596,1580,0,0.015031932
Cold,114545,744,743,2596,1580,1,0.006068686
Cold,107371,706,705,2596,1580,1,-0.0008893283
Cold,103871,690,689,2596,1580,1,0.002553568
Cold,116508,752,751,2596,1580,1,0.0045465296
Cold,432217,2634,2633,2596,1580,0,0.002479202
Cold,77791,524,523,2596,1580,1,0.010575864
Cold,71433,480,479,2596,1580,0,0.0066935522
Cold,333994,1969,1968,2596,1580,1,0.0015606978
Cold,40441,272,271,2596,1580,1,0.0040972685
Cold,34378,232,231,2596,1580,0,0.0007911334
Cold,33967,229,228,2596,1580,1,0.0006314055
Cold,300029,1779,1778,2596,1580,1,0.00942063
Cold,22586,163,162,2596,1580,0,-0.0008255006
Cold,939999,5675,5674,2596,1580,0,-0.004027485
Cold,152525,981,980,2596,1580,1,0.01153302
Cold,9578,63,62,2596,1580,1,0.0064928904
Cold,10791,78,77,2596,1580,1,0.008782086
Cold,262591,1601,1600,2596,1580,0,-5.4583885e-05
Cold,477567,2931,2930,2596,1580,1,-0.0062513216
Cold,336251,1980,1979,2596,1580,1,0.001662116
Cold,927657,5605,5604,2596,1580,1,-0.0049375715
Cold,20808,151,150,2596,1580,1,0.009848257
Cold,352214,2063,2062,2596,1580,1,0.0069711013
Cold,134523,869,868,2596,1580,1,0.0074920356
Cold,206453,1265,1264,2596,1580,0,-0.0013731681
Cold,960310,5792,5791,2596,1580,1,-0.0029326687
Cold,879941,5317,5316,2596,1580,1,-0.0061137658
Cold,371796,2172,2171,2596,1580,0,0.002547208
Cold,807642,4834,4833,2596,1580,0,-0.0006648798
Cold,65524,438,437,2596,1580,1,-0.0014036017
Cold,290468,1733,1732,2596,1580,1,0.015606701
Cold,67852,454,453,2596,1580,0,0.0020441096
Cold,480488,2947,2946,2596,1580,1,-0.007934708
Cold,171968,1088,1087,2596,1580,1,0.012425064
Cold,63261,424,423,2596,1580,0,0.002194684
Cold,331858,1958,1957,2597,1581,0,-0.009344068
Cold,907700,5492,5491,2597,1581,0,-0.0005878506
Cold,72276,482,481,2597,1581,0,0.002993064
Cold,375698,2188,2187,2597,1581,0,4.3739798e-05
Cold,360559,2106,2105,2607,1587,1,-0.004135276
Cold,206267,1265,1264,2607,1587,1,-0.004708608
Cold,784379,4682,4681,2607,1587,1,0.0013479572
Cold,28078,195,194,2607,1587,1,-0.005252479
Cold,50082,331,330,2607,1587,0,-0.0012200433
Cold,484878,2986,2985,2607,1587,1,-0.0052548256
Cold,234800,1425,1424,2607,1587,1,-0.0033463985
Cold,327745,1941,1940,2607,1587,1,0.001851205
Cold,155252,1001,1000,2609,1588,1,0.006164848
Cold,28082,195,194,2609,1588,1,0.00024859572
Cold,475413,2918,2917,2609,1588,1,-0.006807969
Cold,986763,5956,5955,2609,1588,1,0.010078156
Cold,804462,4816,4815,2609,1588,1,-0.0007049497
Cold,202956,1246,1245,2609,1588,1,-0.0052006813
Cold,974569,5878,5877,2609,1588,1,9.905617e-05
Cold,411327,2469,2468,2611,1589,0,0.010952612
Cold,408058,2453,2452,2611,1589,1,0.011894714
Cold,383118,2238,2237,2611,1589,1,0.0032464957
Cold,381252,2230,2229,2611,1589,0,0.0031030574
Cold,382767,2237,2236,2611,1589,0,0.009728743
Cold,377721,2205,2204,2611,1589,0,0.007038215
Cold,359955,2105,2104,2611,1589,1,0.0032690726
Cold,335604,1980,1979,2611,1589,1,0.025320671
Cold,318617,1894,1893,2611,1589,1,0.001335721
Cold,280753,1685,1684,2611,1589,1,0.012643937
Cold,267509,1626,1625,2611,1589,1,0.012673396
Cold,266801,1618,1617,2611,1589,1,0.008809863
Cold,242663,1465,1464,2611,1589,1,0.014390944
Cold,296345,1758,1757,2611,1589,1,0.01648333
Cold,212806,1297,1296,2611,1589,0,0.0013683629
Cold,209730,1281,1280,2611,1589,1,-0.0035173232
Cold,360567,2106,2105,2611,1589,1,0.012215424
Cold,210029,1284,1283,2611,1589,1,0.0077296123
Cold,278814,1680,1679,2611,1589,0,0.012289349
Cold,196021,1205,1204,2611,1589,1,0.0045877323
Cold,373892,2181,2180,2611,1589,0,0.010379667
Cold,187528,1164,1163,2611,1589,1,0.014218944
Cold,199322,1224,1223,2611,1589,1,0.009928551
Cold,188180,1168,1167,2611,1589,1,0.0058933464
Cold,169774,1078,1077,2611,1589,1,0.004105269
Cold,168289,1069,1068,2611,1589,0,0.009207656
Cold,166350,1059,1058,2611,1589,0,0.010223253
Cold,162649,1038,1037,2611,1589,1,0.0006514087
Cold,158900,1016,1015,2611,1589,1,0.009693574
Cold,348890,2047,2046,2611,1589,1,0.001728009
Cold,246219,1489,1488,2611,1589,0,0.010409689
Cold,149209,960,959,2611,1589,1,0.009927463
Cold,142343,919,918,2611,1589,1,0.012027401
Cold,200005,1228,1227,2611,1589,0,0.005072934
Cold,349231,2050,2049,2611,1589,1,0.0015923603
Cold,779043,4653,4652,2611,1589,0,-9.2362054e-05
Cold,107281,706,705,2611,1589,1,0.015515471
Cold,294819,1752,1751,2611,1589,1,0.011240519
Cold,631408,3821,3820,2611,1589,0,0.009499689
Cold,94134,631,630,2611,1589,1,0.014871731
Cold,151191,973,972,2611,1589,0,0.017130613
Cold,283963,1698,1697,2611,1589,1,0.010611286
Cold,89746,591,590,2611,1589,1,0.005656287
Cold,432075,2634,2633,2611,1589,1,0.0016619749
Cold,72902,493,492,2611,1589,1,0.0031269032
Cold,155255,1001,1000,2611,1589,1,0.0051276283
Cold,47423,319,318,2611,1589,0,0.013021837
Cold,42258,287,286,2611,1589,0,-0.001579829
Cold,697163,4169,4168,2611,1589,1,0.016360335
Cold,234807,1425,1424,2611,1589,1,0.009606855
Cold,459107,2826,2825,2611,1589,1,0.0014962613
Cold,26388,187,186,2611,1589,1,0.0150715
Cold,201410,1242,1241,2611,1589,0,0.005597485
Cold,215431,1306,1305,2611,1589,1,0.009371914
Cold,967228,5831,5830,2611,1589,1,0.011903259
Cold,5007,35,34,2611,1589,0,0.0105451215
Cold,902975,5458,5457,2611,1589,1,0.0026224235
Cold,206719,1266,1265,2611,1589,1,0.0116942525
Cold,89166,588,587,2611,1589,1,0.024685662
Cold,500971,3079,3078,2611,1589,0,0.0018188292
Cold,347920,2041,2040,2611,1589,0,0.013027044
Cold,157913,1015,1014,2611,1589,0,0.01618605
Cold,932661,5630,5629,2611,1589,1,-0.005136119
Cold,76308,518,517,2611,1589,1,0.007741306
Cold,933803,5636,5635,2611,1589,1,0.008137237
Cold,823479,4950,4949,2611,1589,1,0.018502697
Cold,750612,4478,4477,2611,1589,0,0.0058420654
Cold,638965,3842,3841,2611,1589,1,0.019055482
Cold,105917,699,698,2611,1589,0,0.0139237745
Cold,19946,149,148,2611,1589,1,0.014753729
Cold,803307,4809,4808,2611,1589,1,0.012097004
Cold,156635,1010,1009,2611,1589,1,0.014415093
Cold,195288,1203,1202,2611,1589,1,0.027020795
Cold,183103,1141,1140,2611,1589,1,-0.0033717044
Cold,111604,727,726,2611,1589,1,0.015001889
Cold,60674,411,410,2611,1589,0,0.0055110333
Cold,457744,2820,2819,2611,1589,1,0.009009682
Cold,136357,881,880,2611,1589,0,0.012018917
Cold,420857,2544,2543,2611,1589,1,0.010077114
Cold,821684,4940,4939,2611,1589,1,0.001498654
Cold,840505,5049,5048,2611,1589,1,0.011886992
Cold,463833,2859,2858,2611,1589,1,0.010327907
Cold,304725,1812,1811,2611,1589,0,0.008870483
Cold,255453,1556,1555,2611,1589,1,0.01624223
Cold,464056,2860,2859,2611,1589,1,0.009421136
Cold,937359,5654,5653,2611,1589,1,0.019361647
Cold,601564,3658,3657,2612,1590,1,0.0019972536
Cold,494955,3036,3035,2612,1590,1,0.0060316026
Cold,880091,5317,5316,2612,1590,1,0.00065626693
Cold,459108,2826,2825,2612,1590,1,0.005228358
Cold,457745,2820,2819,2612,1590,0,0.007973441
Cold,455771,2807,2806,2612,1590,0,0.0017813947
Cold,446769,2753,2752,2612,1590,0,0.01178026
Cold,440442,2693,2692,2612,1590,1,-0.003458977
Cold,428048,2602,2601,2612,1590,1,0.0059097526
Cold,425228,2581,2580,2612,1590,1,0.010240585
Cold,420858,2544,2543,2612,1590,1,0.005465801
Cold,416435,2507,2506,2612,1590,1,0.0076629124
Cold,411851,2476,2475,2612,1590,0,-0.0072472403
Cold,393071,2309,2308,2612,1590,1,-0.008700528
Cold,398439,2370,2369,2612,1590,1,-0.003549794
Cold,383458,2241,2240,2612,1590,1,0.0011464693
Cold,383884,2243,2242,2612,1590,1,0.0049692485
Cold,364624,2124,2123,2612,1590,1,-0.0053493083
Cold,364111,2121,2120,2612,1590,1,-0.0017272278
Cold,352917,2067,2066,2612,1590,0,0.007033121
Cold,353973,2073,2072,2612,1590,1,0.0036024922
Cold,346592,2031,2030,2612,1590,0,0.011624231
Cold,335605,1980,1979,2612,1590,1,0.018964928
Cold,278815,1680,1679,2612,1590,1,0.010849384
Cold,256638,1569,1568,2612,1590,1,0.0028266632
Cold,228083,1383,1382,2612,1590,1,-0.0002252839
Cold,208244,1273,1272,2612,1590,1,-0.0009475269
Cold,446114,2751,2750,2612,1590,1,0.008315259
Cold,734571,4387,4386,2612,1590,1,-0.0026774113
Cold,307946,1836,1835,2612,1590,1,0.006680904
Cold,321905,1911,1910,2612,1590,1,0.0060787313
Cold,199066,1223,1222,2612,1590,1,0.0039058565
Cold,199323,1224,1223,2612,1590,1,0.0020863689
Cold,373893,2181,2180,2612,1590,0,0.012146812
Cold,180978,1131,1130,2612,1590,1,-0.002369921
Cold,190577,1181,1180,2612,1590,0,0.0029065916
Cold,327760,1941,1940,2612,1590,1,0.009893507
Cold,157914,1015,1014,2612,1590,1,0.0061045173
Cold,338005,1988,1987,2612,1590,1,0.0057338383
Cold,323700,1920,1919,2612,1590,0,0.0037993358
Cold,185013,1150,1149,2612,1590,0,-0.0016335929
Cold,137938,889,888,2612,1590,1,0.0071630357
Cold,201411,1242,1241,2612,1590,1,0.008169074
Cold,131037,850,849,2612,1590,1,0.0076648206
Cold,198132,1218,1217,2612,1590,1,0.011217423
Cold,316670,1884,1883,2612,1590,1,0.00392917
Cold,98112,656,655,2612,1590,0,-0.0035650705
Cold,115664,750,749,2612,1590,1,-0.0007246104
Cold,283964,1698,1697,2612,1590,1,0.004070549
Cold,74658,509,508,2612,1590,1,0.008299572
Cold,66989,451,450,2612,1590,1,0.0014841707
Cold,27552,193,192,2612,1590,1,0.007349415
Cold,148680,957,956,2612,1590,1,0.0017459396
Cold,796268,4771,4770,2612,1590,1,0.0029303778
Cold,12708,97,96,2612,1590,1,0.0028004143
Cold,739528,4418,4417,2612,1590,1,-0.007824503
Cold,4639,33,32,2612,1590,1,0.003102481
Cold,129251,839,838,2612,1590,1,0.0035759276
Cold,284780,1699,1698,2612,1590,1,0.006363551
Cold,638966,3842,3841,2612,1590,1,0.012108134
Cold,18239,140,139,2612,1590,1,0.0017792305
Cold,801653,4802,4801,2612,1590,1,0.002935754
Cold,102043,678,677,2612,1590,1,0.009841584
Cold,191783,1182,1181,2612,1590,0,-0.0021328237
Cold,171382,1088,1087,2612,1590,1,-0.0057524918
Cold,47424,319,318,2612,1590,0,0.01001943
Cold,52129,343,342,2612,1590,1,-0.00022847392
Cold,464057,2860,2859,2612,1590,1,0.0017653147
Cold,841423,5054,5053,2612,1590,1,0.004137498
Cold,276099,1671,1670,2612,1590,1,0.004051626
Cold,833594,5011,5010,2612,1590,1,0.0139796585
Cold,832003,5001,5000,2612,1590,1,0.0012476301
Cold,322171,1912,1911,2612,1590,0,0.01839844
Cold,839658,5046,5045,2612,1590,1,0.0052919216
Cold,18679,146,145,2612,1590,0,0.0076726796
Cold,96562,648,647,2612,1590,1,0.0021997876
Cold,672403,4041,4040,2615,1592,1,-0.004704371
Cold,668316,4021,4020,2615,1592,0,-0.007752086
Cold,671093,4033,4032,2615,1592,0,0.003614367
Cold,743459,4446,4445,2615,1592,0,0.0038944334
Cold,665702,4007,4006,2615,1592,0,-0.00011784211
Cold,655402,3947,3946,2615,1592,1,-0.004799517
Cold,720394,4312,4311,2615,1592,0,0.00055533904
Cold,651271,3929,3928,2615,1592,0,0.0031224973
Cold,654008,3942,3941,2615,1592,0,0.0015530381
Cold,630735,3816,3815,2615,1592,1,0.0017551963
Cold,627705,3799,3798,2615,1592,0,-0.00049738283
Cold,603368,3672,3671,2615,1592,1,0.009054869
Cold,633035,3824,3823,2615,1592,0,-0.010298066
Cold,596382,3626,3625,2615,1592,1,0.00405444
Cold,585569,3576,3575,2615,1592,0,0.012556816
Cold,582039,3557,3556,2615,1592,0,-0.0027397673
Cold,581736,3555,3554,2615,1592,0,-0.00020662395
Cold,604938,3678,3677,2615,1592,0,0.004805691
Cold,713713,4277,4276,2615,1592,1,-0.00014483987
Cold,560129,3442,3441,2615,1592,0,-0.0008545546
Cold,555681,3416,3415,2615,1592,1,0.004182483
Cold,545622,3365,3364,2615,1592,0,-0.003039826
Cold,536926,3311,3310,2615,1592,0,-0.0067623723
Cold,533113,3292,3291,2615,1592,1,-0.0069351746
Cold,521025,3216,3215,2615,1592,0,0.0027922043
Cold,687987,4116,4115,2615,1592,0,-0.0060758814
Cold,503776,3096,3095,2615,1592,1,0.00065989816
Cold,501689,3081,3080,2615,1592,0,-0.005367939
Cold,504118,3099,3098,2615,1592,0,0.0016998784
Cold,493889,3032,3031,2615,1592,1,0.0049762456
Cold,489141,3012,3011,2615,1592,0,-0.007137954
Cold,486560,2995,2994,2615,1592,0,0.0051995125
Cold,475915,2921,2920,2615,1592,0,0.005582451
Cold,591159,3607,3606,2615,1592,0,-0.010911494
Cold,472400,2907,2906,2615,1592,0,0.005736463
Cold,444388,2742,2741,2615,1592,0,-0.004330905
Cold,444208,2740,2739,2615,1592,1,-0.0024769078
Cold,436229,2665,2664,2615,1592,1,0.00058042817
Cold,418518,2529,2528,2615,1592,1,-0.004922948
Cold,416437,2507,2506,2615,1592,0,-0.00030992273
Cold,409522,2457,2456,2615,1592,0,0.0035502894
Cold,402209,2402,2401,2615,1592,0,0.0011382891
Cold,393330,2312,2311,2615,1592,1,-0.0056102667
Cold,383608,2242,2241,2615,1592,1,0.0039351275
Cold,373354,2180,2179,2615,1592,0,0.005127915
Cold,370655,2167,2166,2615,1592,0,0.00014887704
Cold,356286,2088,2087,2615,1592,0,-0.00024510873
Cold,349794,2054,2053,2615,1592,0,0.006283523
Cold,373895,2181,2180,2615,1592,0,0.0037281248
Cold,348386,2042,2041,2615,1592,0,0.0029506574
Cold,339837,2004,2003,2615,1592,0,0.001733175
Cold,341458,2012,2011,2615,1592,0,0.0036051695
Cold,337645,1985,1984,2615,1592,0,-0.00012194039
Cold,333289,1968,1967,2615,1592,0,-0.0024178594
Cold,323702,1920,1919,2615,1592,0,0.0020020246
Cold,311535,1856,1855,2615,1592,1,0.007915301
Cold,293112,1746,1745,2615,1592,0,-0.0046742284
Cold,290888,1736,1735,2615,1592,0,-0.0031565854
Cold,292177,1741,1740,2615,1592,0,0.004639978
Cold,360571,2106,2105,2615,1592,0,-0.0008571893
Cold,276825,1675,1674,2615,1592,0,-0.0029620654
Cold,245456,1483,1482,2615,1592,1,0.009392387
Cold,247563,1496,1495,2615,1592,0,-0.0038658283
Cold,227006,1377,1376,2615,1592,0,-0.010944017
Cold,226016,1369,1368,2615,1592,1,-0.0004265271
Cold,335609,1980,1979,2615,1592,0,-0.005477898
Cold,267139,1624,1623,2615,1592,0,0.00077057304
Cold,223381,1354,1353,2615,1592,0,-0.003183541
Cold,219749,1333,1332,2615,1592,0,-0.008386602
Cold,224062,1356,1355,2615,1592,1,0.0005024401
Cold,261633,1599,1598,2615,1592,0,0.0013999264
Cold,243758,1470,1469,2615,1592,0,-0.002347917
Cold,327765,1941,1940,2615,1592,0,-0.0022286852
Cold,304728,1812,1811,2615,1592,1,-0.002969829
Cold,307273,1835,1834,2615,1592,0,-0.0050296485
Cold,181557,1135,1134,2615,1592,1,-0.0024032532
Cold,180194,1128,1127,2615,1592,0,0.0018362907
Cold,176368,1115,1114,2615,1592,0,0.00030557028
Cold,248699,1501,1500,2615,1592,1,0.006895028
Cold,155764,1004,1003,2615,1592,0,-0.007857944
Cold,152674,983,982,2615,1592,0,0.0031624932
Cold,164352,1051,1050,2615,1592,0,-0.0051968778
Cold,151516,975,974,2615,1592,0,-0.0061441753
Cold,190582,1181,1180,2615,1592,0,0.011601196
Cold,225204,1362,1361,2615,1592,0,-0.007863752
Cold,141404,911,910,2615,1592,0,-0.0024689601
Cold,135485,877,876,2615,1592,0,0.0010843033
Cold,331396,1958,1957,2615,1592,0,-0.0060045402
Cold,123825,798,797,2615,1592,0,-0.0025170657
Cold,122142,788,787,2615,1592,1,0.0026131049
Cold,118273,765,764,2615,1592,0,-0.01111339
Cold,117397,757,756,2615,1592,0,-0.0040386124
Cold,233959,1422,1421,2615,1592,0,0.014363242
Cold,94695,636,635,2615,1592,1,-0.00088240416
Cold,90901,602,601,2615,1592,1,-0.010165852
Cold,228085,1383,1382,2615,1592,0,0.001726686
Cold,86037,563,562,2615,1592,0,0.0040846756
Cold,82864,549,548,2615,1592,0,-0.0013298267
Cold,70686,476,475,2615,1592,1,-0.0018057134
Cold,66487,445,444,2615,1592,0,0.0055123856
Cold,239800,1449,1448,2615,1592,0,-0.0056680734
Cold,53678,352,351,2615,1592,0,-0.0010973228
Cold,47013,316,315,2615,1592,0,0.014750609
Cold,40359,272,271,2615,1592,0,0.0006122448
Cold,626583,3792,3791,2615,1592,1,-0.007546977
Cold,69019,462,461,2615,1592,1,0.005114831
Cold,25335,179,178,2615,1592,0,-0.0046235514
Cold,25231,178,177,2615,1592,1,-0.0014116669
Cold,14468,117,116,2615,1592,1,-0.0042491443
Cold,119074,770,769,2615,1592,1,0.0035694835
Cold,8462,58,57,2615,1592,0,0.006923994
Cold,49365,329,328,2615,1592,0,-0.0042517553
Cold,481679,2962,2961,2615,1592,0,-0.0005108301
Cold,19363,148,147,2615,1592,0,-0.0003594139
Cold,237707,1447,1446,2615,1592,0,-0.009934986
Cold,298985,1776,1775,2615,1592,0,-0.00070884265
Cold,840852,5053,5052,2615,1592,0,0.0092720175
Cold,102047,678,677,2615,1592,0,0.007416532
Cold,801654,4802,4801,2615,1592,1,-0.001989419
Cold,454521,2796,2795,2615,1592,0,-0.005036375
Cold,28097,195,194,2615,1592,0,-0.006488214
Cold,959004,5787,5786,2615,1592,0,0.0038943132
Cold,322175,1912,1911,2615,1592,0,-0.0041217846
Cold,893250,5394,5393,2615,1592,0,0.00128318
Cold,206270,1265,1264,2615,1592,0,-0.0077077313
Cold,136361,881,880,2615,1592,0,-0.0051735085
Cold,794140,4748,4747,2615,1592,0,-0.0034913118
Cold,351526,2063,2062,2615,1592,0,-0.0051063467
Cold,549871,3391,3390,2615,1592,1,-0.0029767994
Cold,19964,149,148,2621,1595,1,0.0045179166
Cold,386001,2258,2257,2621,1595,1,-0.0008564548
Cold,907786,5492,5491,2621,1595,0,-0.0012028589
Cold,796273,4771,4770,2621,1595,1,-0.007921614
Cold,187537,1164,1163,2621,1595,0,-0.0046108994
Cold,290043,1733,1732,2621,1595,1,0.0056714416
Cold,509765,3140,3139,2621,1595,0,0.0072874967
Cold,215439,1306,1305,2621,1595,1,0.0011975418
Cold,115991,752,751,2621,1595,0,-0.0010369518
Cold,190614,1181,1180,2624,1597,0,0.00220626
Cold,206730,1266,1265,2624,1597,0,0.009277175
Cold,184302,1147,1146,2624,1597,1,-0.008767214
Cold,212422,1294,1293,2624,1597,1,-0.004601583
Cold,199335,1224,1223,2624,1597,0,-0.0023215215
Cold,174539,1104,1103,2624,1597,1,0.0010086163
Cold,168306,1069,1068,2624,1597,1,-2.3583882e-05
Cold,170005,1080,1079,2624,1597,1,0.0070085255
Cold,163078,1041,1040,2624,1597,1,-0.003653116
Cold,153856,989,988,2624,1597,1,-0.0020412933
Cold,631426,3821,3820,2624,1597,1,-0.010255876
Cold,151369,974,973,2624,1597,1,-0.0016169755
Cold,150021,966,965,2624,1597,0,-0.0021755504
Cold,137963,889,888,2624,1597,0,-0.0016301185
Cold,200012,1228,1227,2624,1597,1,0.00024634087
Cold,131794,854,853,2624,1597,1,-0.003544828
Cold,115707,751,750,2624,1597,1,0.00071271183
Cold,112343,731,730,2624,1597,1,-0.004016293
Cold,100441,670,669,2624,1597,1,-0.009115741
Cold,92415,618,617,2624,1597,1,-0.005274379
Cold,286395,1710,1709,2624,1597,1,-0.0053653503
Cold,93559,626,625,2624,1597,1,-0.0050764754
Cold,73893,501,500,2624,1597,0,-0.0048581073
Cold,64170,429,428,2624,1597,1,0.0037960052
Cold,155263,1001,1000,2624,1597,1,0.011272121
Cold,417599,2520,2519,2624,1597,1,0.0047324123
Cold,239828,1449,1448,2624,1597,0,0.0005235912
Cold,314332,1877,1876,2624,1597,1,-0.005681368
Cold,534958,3301,3300,2624,1597,1,0.003856223
Cold,187539,1164,1163,2624,1597,0,-0.00021426642
Cold,300248,1780,1779,2624,1597,1,-0.0046365857
Cold,989267,5972,5971,2624,1597,1,-0.012825403
Cold,157940,1015,1014,2624,1597,1,-0.0015845211
Cold,748039,4465,4464,2624,1597,0,-0.00075042667
Cold,50120,331,330,2624,1597,1,-0.0037518083
Cold,657442,3963,3962,2624,1597,0,0.0028480622
Cold,319216,1897,1896,2624,1597,0,0.0045230603
Cold,290045,1733,1732,2624,1597,1,-0.0027266592
Cold,28115,195,194,2624,1597,1,0.0039948365
Cold,893254,5394,5393,2624,1597,0,0.0035505225
Cold,175973,1113,1112,2624,1597,1,-0.008381637
Cold,849248,5100,5099,2624,1597,1,-0.0025208315
Cold,65236,438,437,2625,1598,1,0.0057330173
Cold,28117,195,194,2625,1598,1,0.0035654714
Cold,302051,1794,1793,2625,1598,0,-0.0020929517
Cold,933812,5636,5635,2625,1598,0,0.0011687754
Cold,272747,1647,1646,2625,1598,0,0.00034787133
Cold,304746,1812,1811,2625,1598,0,-0.004339561
Cold,495979,3046,3045,2629,1600,0,0.0059572775
Cold,491994,3026,3025,2629,1600,0,0.0059916666
Cold,491461,3023,3022,2629,1600,0,0.002728949
Cold,480941,2953,2952,2629,1600,0,-0.0016561911
Cold,477948,2934,2933,2629,1600,0,-0.00020455892
Cold,486942,2996,2995,2629,1600,0,0.0008554831
Cold,465589,2872,2871,2629,1600,1,-0.003492456
Cold,462151,2851,2850,2629,1600,0,-0.0056653777
Cold,444567,2743,2742,2629,1600,0,0.017295413
Cold,438786,2681,2680,2629,1600,0,-0.004986643
Cold,432422,2637,2636,2629,1600,0,0.003151103
Cold,430313,2623,2622,2629,1600,1,-0.0014421152
Cold,380183,2223,2222,2629,1600,0,0.0045147683
Cold,376698,2199,2198,2629,1600,0,0.0114250835
Cold,365685,2129,2128,2629,1600,0,0.0045394953
Cold,350536,2058,2057,2629,1600,0,-0.0040398147
Cold,361482,2109,2108,2629,1600,0,-0.0025773977
Cold,347299,2038,2037,2629,1600,0,-0.0010138636
Cold,313409,1870,1869,2629,1600,0,-0.007284661
Cold,311244,1854,1853,2629,1600,0,0.0024546809
Cold,298427,1769,1768,2629,1600,0,-0.0007502965
Cold,278154,1677,1676,2629,1600,1,-0.0016402594
Cold,281197,1687,1686,2629,1600,0,-0.016203584
Cold,281777,1690,1689,2629,1600,0,-0.0070566414
Cold,269489,1634,1633,2629,1600,0,-0.0016053258
Cold,264335,1608,1607,2629,1600,0,0.0034681642
Cold,245994,1486,1485,2629,1600,0,0.0022158958
Cold,228101,1383,1382,2629,1600,0,-0.0022416639
Cold,223400,1354,1353,2629,1600,0,0.007318805
Cold,222343,1345,1344,2629,1600,0,-2.5554036e-05
Cold,360590,2106,2105,2629,1600,0,0.00030410383
Cold,304749,1812,1811,2629,1600,1,0.00081197196
Cold,192315,1184,1183,2629,1600,0,0.005131072
Cold,189288,1173,1172,2629,1600,0,0.006628327
Cold,174824,1107,1106,2629,1600,0,-0.0052736
Cold,178587,1121,1120,2629,1600,1,0.003305775
Cold,173555,1100,1099,2629,1600,0,0.0051579555
Cold,331422,1958,1957,2629,1600,0,-0.0009268848
Cold,175397,1112,1111,2629,1600,0,0.0048036086
Cold,167739,1068,1067,2629,1600,0,0.0017958855
Cold,270394,1636,1635,2629,1600,0,0.008600207
Cold,146549,945,944,2629,1600,1,-0.0045369985
Cold,144812,934,933,2629,1600,0,-0.0004366124
Cold,139818,896,895,2629,1600,1,0.0024359545
Cold,137972,889,888,2629,1600,0,-0.003854808
Cold,131797,854,853,2629,1600,0,-0.0074382545
Cold,263116,1605,1604,2629,1600,0,-0.0037509098
Cold,123688,797,796,2629,1600,1,-0.00096110906
Cold,120124,776,775,2629,1600,1,-0.00071721594
Cold,117815,759,758,2629,1600,0,0.0058873463
Cold,349235,2050,2049,2629,1600,0,0.00055304245
Cold,779050,4653,4652,2629,1600,0,0.003660946
Cold,179485,1125,1124,2629,1600,0,-0.0076852194
Cold,98237,657,656,2629,1600,0,-0.0037620207
Cold,91154,604,603,2629,1600,0,0.0047262507
Cold,90105,594,593,2629,1600,0,-0.0010665172
Cold,82213,546,545,2629,1600,0,-0.0038278722
Cold,238723,1448,1447,2629,1600,0,0.00049139396
Cold,71875,482,481,2629,1600,0,-0.0022491524
Cold,64173,429,428,2629,1600,0,-0.0010831179
Cold,61274,412,411,2629,1600,1,-0.003680823
Cold,155269,1001,1000,2629,1600,0,0.00811119
Cold,46445,310,309,2629,1600,1,-0.0023427024
Cold,45190,305,304,2629,1600,0,-0.011913822
Cold,29459,201,200,2629,1600,1,0.0053129084
Cold,306182,1824,1823,2629,1600,0,0.0062118517
Cold,23097,166,165,2629,1600,0,-0.004990831
Cold,15579,123,122,2629,1600,0,0.0003407438
Cold,11180,83,82,2629,1600,1,-0.00015633972
Cold,6157,45,44,2629,1600,0,0.004354585
Cold,1696,16,15,2629,1600,0,0.0027568198
Cold,545253,3363,3362,2629,1600,1,0.0028798208
Cold,79221,531,530,2629,1600,0,-0.007424098
Cold,117009,754,753,2629,1600,0,0.0017612018
Cold,56333,376,375,2629,1600,0,0.008244967
Cold,477442,2931,2930,2629,1600,0,-0.0011005432
Cold,181909,1137,1136,2629,1600,0,0.0068631554
Cold,285203,1701,1700,2629,1600,0,0.0039769127
Cold,891843,5387,5386,2629,1600,0,0.004203017
Cold,216886,1317,1316,2629,1600,1,-0.0036094268
Cold,195310,1203,1202,2629,1600,0,-0.0012859618
Cold,434903,2655,2654,2629,1600,0,0.0005804722
Cold,295578,1755,1754,2629,1600,0,0.00023377687
Cold,877505,5302,5301,2629,1600,0,-0.0062952475
Cold,609849,3696,3695,2633,1601,0,0.003024399
Cold,603377,3672,3671,2633,1601,1,-0.0013724859
Cold,621106,3762,3761,2633,1601,1,-0.00027685927
Cold,725824,4344,4343,2633,1601,0,0.0006219201
Cold,592825,3614,3613,2633,1601,1,0.0045591043
Cold,592355,3611,3610,2633,1601,1,0.0017870001
Cold,587198,3586,3585,2633,1601,1,-0.004895658
Cold,697195,4169,4168,2633,1601,0,0.0027371813
Cold,585586,3576,3575,2633,1601,0,-0.0010998892
Cold,718843,4305,4304,2633,1601,0,0.0018709097
Cold,584618,3569,3568,2633,1601,0,-0.0033716343
Cold,569061,3491,3490,2633,1601,0,-0.0025485624
Cold,563649,3469,3468,2633,1601,1,-0.0008184196
Cold,544344,3356,3355,2633,1601,1,-0.0037331858
Cold,533132,3292,3291,2633,1601,1,-0.0040625697
Cold,529539,3272,3271,2633,1601,1,-0.0027860375
Cold,526689,3259,3258,2633,1601,1,-0.0042562145
Cold,566089,3476,3475,2633,1601,0,0.00048720278
Cold,509768,3140,3139,2633,1601,1,-0.0053163404
Cold,503604,3095,3094,2633,1601,1,0.0029580733
Cold,493924,3032,3031,2633,1601,1,0.00025503826
Cold,738394,4411,4410,2633,1601,1,-0.0031610765
Cold,481100,2955,2954,2633,1601,0,0.0012308443
Cold,477952,2934,2933,2633,1601,1,0.0056308364
Cold,472428,2907,2906,2633,1601,0,-0.0013458248
Cold,901554,5450,5449,2633,1601,0,-0.012493384
Cold,754870,4497,4496,2633,1601,1,-0.0012488492
Cold,459444,2830,2829,2633,1601,0,-0.003431547
Cold,553816,3410,3409,2633,1601,0,-0.014648025
Cold,445103,2745,2744,2633,1601,0,-0.0027176784
Cold,430694,2625,2624,2633,1601,1,0.009862691
Cold,408877,2455,2454,2633,1601,0,-0.010025657
Cold,414486,2496,2495,2633,1601,1,-0.0008606259
Cold,397169,2352,2351,2633,1601,0,-8.009374e-06
Cold,393077,2309,2308,2633,1601,0,-0.004588685
Cold,373913,2181,2180,2633,1601,1,-0.003935788
Cold,368617,2155,2154,2633,1601,1,0.007286391
Cold,366419,2133,2132,2633,1601,0,0.0017504198
Cold,361491,2109,2108,2633,1601,1,-0.009947389
Cold,356662,2089,2088,2633,1601,1,-0.00042614143
Cold,353676,2072,2071,2633,1601,1,0.0044700573
Cold,350098,2055,2054,2633,1601,1,0.002709481
Cold,343561,2018,2017,2633,1601,1,-0.00037572277
Cold,296963,1760,1759,2633,1601,1,0.0011670032
Cold,292195,1741,1740,2633,1601,1,0.002737254
Cold,278868,1680,1679,2633,1601,0,-0.0013845828
Cold,251376,1518,1517,2633,1601,1,0.002196948
Cold,227444,1378,1377,2633,1601,1,0.0020355312
Cold,242683,1465,1464,2633,1601,1,0.0005175675
Cold,224444,1357,1356,2633,1601,1,-0.00068940734
Cold,436251,2665,2664,2633,1601,0,0.0065017617
Cold,322195,1912,1911,2633,1601,0,0.0012219322
Cold,327802,1941,1940,2633,1601,1,-0.00791118
Cold,307301,1835,1834,2633,1601,1,0.0014072092
Cold,236327,1434,1433,2633,1601,1,-0.0034956704
Cold,168839,1071,1070,2633,1601,1,-0.0041466933
Cold,159147,1017,1016,2633,1601,1,-0.0063032657
Cold,154525,997,996,2633,1601,0,0.0040076026
Cold,150261,968,967,2633,1601,0,0.001953165
Cold,137988,889,888,2633,1601,0,-0.0018171244
Cold,133853,868,867,2633,1601,0,-0.0004448311
Cold,128679,834,833,2633,1601,0,-0.00036449055
Cold,103793,690,689,2633,1601,1,0.0028302846
Cold,92706,621,620,2633,1601,0,0.0014546786
Cold,207498,1268,1267,2633,1601,1,-0.00036954577
Cold,202984,1246,1245,2633,1601,1,-0.01069298
Cold,82902,549,548,2633,1601,1,0.0042084195
Cold,80080,533,532,2633,1601,1,-0.003780888
Cold,74678,509,508,2633,1601,0,-0.004959791
Cold,66278,443,442,2633,1601,1,0.011396854
Cold,71879,482,481,2633,1601,0,0.009713958
Cold,210724,1285,1284,2633,1601,1,0.011607289
Cold,47949,321,320,2633,1601,0,0.004504856
Cold,48530,326,325,2633,1601,0,0.006086463
Cold,45192,305,304,2633,1601,1,0.006387148
Cold,41181,278,277,2633,1601,1,0.0019595409
Cold,35558,240,239,2633,1601,0,0.0031669145
Cold,36457,245,244,2633,1601,1,-0.0044819387
Cold,32050,216,215,2633,1601,0,-0.011839707
Cold,29821,202,201,2633,1601,0,0.000731505
Cold,29190,199,198,2633,1601,0,-0.0036526816
Cold,14488,117,116,2633,1601,1,-0.007696925
Cold,591828,3610,3609,2633,1601,0,0.0008224502
Cold,4826,35,34,2633,1601,0,0.005791412
Cold,4293,33,32,2633,1601,1,0.0010103553
Cold,2267,19,18,2633,1601,0,-0.00066974317
Cold,237732,1447,1446,2633,1601,1,0.004241812
Cold,174048,1101,1100,2633,1601,1,-0.006974212
Cold,362832,2116,2115,2633,1601,1,0.0033529638
Cold,713736,4277,4276,2633,1601,0,0.00501559
Cold,159923,1019,1018,2633,1601,0,0.001182803
Cold,454529,2796,2795,2633,1601,0,-0.0035067634
Cold,959010,5787,5786,2633,1601,1,0.003691271
Cold,171413,1088,1087,2633,1601,0,0.006341753
Cold,473379,2909,2908,2633,1601,1,0.0029266104
Cold,415703,2504,2503,2633,1601,0,0.0004458471
Cold,136386,881,880,2633,1601,0,-0.0023394448
Cold,62714,424,423,2633,1601,1,-0.005305438
Cold,699914,4186,4185,2633,1601,0,0.0014570188
Cold,821688,4940,4939,2633,1601,0,-0.011310303
Cold,298997,1776,1775,2633,1601,0,0.007615529
Cold,208667,1274,1273,2633,1601,1,-0.0050384738
Cold,364650,2124,2123,2634,1602,0,-0.009883639
Cold,349701,2053,2052,2634,1602,1,0.002851571
Cold,322196,1912,1911,2634,1602,0,-0.0008355223
Cold,288212,1722,1721,2634,1602,1,0.004095198
Cold,278871,1680,1679,2634,1602,0,-0.0039798636
Cold,273688,1650,1649,2634,1602,0,-0.004033035
Cold,436253,2665,2664,2634,1602,0,-0.0063212216
Cold,242684,1465,1464,2634,1602,1,-0.0058424496
Cold,224445,1357,1356,2634,1602,0,0.0005312079
Cold,182706,1140,1139,2634,1602,0,0.0030716788
Cold,236329,1434,1433,2634,1602,1,-0.004267838
Cold,159148,1017,1016,2634,1602,1,-0.007121315
Cold,131060,850,849,2634,1602,1,2.8769835e-05
Cold,315052,1880,1879,2634,1602,1,-0.008976533
Cold,95369,639,638,2634,1602,0,-0.0032055185
Cold,210726,1285,1284,2634,1602,1,-0.0049576927
Cold,130469,846,845,2634,1602,1,-0.00015987549
Cold,43232,296,295,2634,1602,1,0.0036475754
Cold,41792,284,283,2634,1602,1,-0.005389649
Cold,41182,278,277,2634,1602,0,0.0018323883
Cold,36460,245,244,2634,1602,0,-0.007716226
Cold,32052,216,215,2634,1602,0,-0.0002174821
Cold,29824,202,201,2634,1602,0,-0.0030024145
Cold,14490,117,116,2634,1602,1,-0.0077128974
Cold,591829,3610,3609,2634,1602,0,-0.0017272456
Cold,552185,3401,3400,2634,1602,0,-0.011009043
Cold,48532,326,325,2634,1602,1,-0.0018710513
Cold,362834,2116,2115,2634,1602,0,0.0010790904
Cold,327805,1941,1940,2634,1602,0,0.00051009515
Cold,473381,2909,2908,2634,1602,1,-0.012195404
Cold,479728,2944,2943,2634,1602,0,-0.00521165
Cold,489523,3013,3012,2634,1602,0,-0.0069583296
Cold,825731,4958,4957,2634,1602,0,-0.013183141
Cold,610572,3704,3703,2639,1603,1,-0.00015266705
Cold,553819,3410,3409,2639,1603,1,0.0019015372
Cold,645162,3885,3884,2639,1603,1,0.0016904423
Cold,549914,3391,3390,2639,1603,1,-0.0014526017
Cold,542087,3336,3335,2639,1603,0,-0.0062054517
Cold,533137,3292,3291,2639,1603,0,-0.0069260993
Cold,522355,3224,3223,2639,1603,1,0.006919536
Cold,517605,3195,3194,2639,1603,0,-0.0045179296
Cold,514815,3180,3179,2639,1603,0,-0.008704721
Cold,512693,3163,3162,2639,1603,1,-0.008686919
Cold,605669,3681,3680,2639,1603,1,-0.0016243435
Cold,508522,3129,3128,2639,1603,0,-0.0026744064
Cold,584622,3569,3568,2639,1603,0,-0.009688722
Cold,502071,3082,3081,2639,1603,0,0.0039976435
Cold,575203,3519,3518,2639,1603,0,-0.008881601
Cold,499252,3067,3066,2639,1603,0,-0.012901246
Cold,659093,3971,3970,2639,1603,1,-0.015050519
Cold,493936,3032,3031,2639,1603,1,0.0024962071
Cold,477957,2934,2933,2639,1603,0,-0.006134092
Cold,697201,4169,4168,2639,1603,1,-0.008991471
Cold,880100,5317,5316,2639,1603,0,-0.005880598
Cold,457773,2820,2819,2639,1603,0,-0.0018969662
Cold,416463,2507,2506,2639,1603,1,-0.0023091005
Cold,411805,2475,2474,2639,1603,1,-0.00041652052
Cold,464080,2860,2859,2639,1603,1,-0.011986429
Cold,403301,2409,2408,2639,1603,0,0.0014958333
Cold,402973,2406,2405,2639,1603,1,-0.0062468736
Cold,402225,2402,2401,2639,1603,0,-0.0019982718
Cold,382787,2237,2236,2639,1603,0,-0.0056283493
Cold,369825,2164,2163,2639,1603,0,0.006875792
Cold,345773,2029,2028,2639,1603,1,-0.0041812276
Cold,353992,2073,2072,2639,1603,0,0.00057315035
Cold,343563,2018,2017,2639,1603,0,7.426529e-05
Cold,298302,1768,1767,2639,1603,0,-0.0053277533
Cold,280440,1683,1682,2639,1603,1,-0.005576371
Cold,268893,1632,1631,2639,1603,0,-0.01285173
Cold,259368,1587,1586,2639,1603,0,-0.010683065
Cold,325289,1926,1925,2639,1603,1,-0.0043315017
Cold,203987,1255,1254,2639,1603,1,-0.009009202
Cold,213352,1298,1297,2639,1603,1,-0.0066111004
Cold,294212,1749,1748,2639,1603,0,0.0010485838
Cold,278879,1680,1679,2639,1603,1,-0.0077300724
Cold,379879,2222,2221,2639,1603,0,-0.010012042
Cold,327816,1941,1940,2639,1603,0,0.0011975663
Cold,160843,1022,1021,2639,1603,0,0.0006465778
Cold,164386,1051,1050,2639,1603,0,-0.0044096205
Cold,323722,1920,1919,2639,1603,0,0.001305466
Cold,167747,1068,1067,2639,1603,0,-0.0036214814
Cold,142354,919,918,2639,1603,0,-0.006276387
Cold,136080,880,879,2639,1603,1,-0.0014692477
Cold,159926,1019,1018,2639,1603,0,-0.0010973476
Cold,123837,798,797,2639,1603,1,-0.010775628
Cold,120865,779,778,2639,1603,0,-0.0031558156
Cold,210731,1285,1284,2639,1603,0,-0.0031603707
Cold,116015,752,751,2639,1603,0,-0.001265801
Cold,111845,728,727,2639,1603,1,0.0047926083
Cold,239842,1449,1448,2639,1603,0,-0.0038400693
Cold,106699,702,701,2639,1603,0,-0.01261262
Cold,201437,1242,1241,2639,1603,1,-0.0053416328
Cold,98402,659,658,2639,1603,0,-0.008337072
Cold,95810,642,641,2639,1603,0,-0.005080673
Cold,304757,1812,1811,2639,1603,1,-0.011558197
Cold,90593,601,600,2639,1603,1,-0.007286317
Cold,228109,1383,1382,2639,1603,1,-0.002258099
Cold,82910,549,548,2639,1603,0,-0.0038271653
Cold,71885,482,481,2639,1603,0,-0.003393862
Cold,132346,855,854,2639,1603,0,0.0059599546
Cold,42095,285,284,2639,1603,1,-0.0008693844
Cold,25339,179,178,2639,1603,0,-0.0019093861
Cold,238732,1448,1447,2639,1603,1,-0.0032838052
Cold,35831,242,241,2639,1603,0,-0.00510443
Cold,7710,53,52,2639,1603,1,-0.0055401167
Cold,1209,11,10,2639,1603,0,-0.014119197
Cold,18703,146,145,2639,1603,0,-0.0077133654
Cold,432602,2638,2637,2639,1603,0,0.0010290439
Cold,212022,1291,1290,2639,1603,0,-0.010373259
Cold,745288,4448,4447,2639,1603,1,0.0035007494
Cold,24351,173,172,2639,1603,0,-0.0001331442
Cold,556519,3420,3419,2639,1603,1,-0.0045350906
Cold,964410,5812,5811,2639,1603,1,0.00095063273
Cold,47471,319,318,2639,1603,0,-0.005194884
Cold,19981,149,148,2639,1603,1,0.0028065145
Cold,349239,2050,2049,2639,1603,1,-0.007944299
Cold,621982,3768,3767,2639,1603,1,-0.003895137
Cold,206742,1266,1265,2639,1603,0,-0.008415786
Cold,195320,1203,1202,2639,1603,1,-0.0076173055
Cold,261151,1597,1596,2639,1603,0,0.0024907282
Cold,267152,1624,1623,2639,1603,0,-0.0036565005
Cold,132815,856,855,2639,1603,0,-0.012797421
Cold,534962,3301,3300,2639,1603,1,-0.0033718706
Cold,129905,840,839,2639,1603,0,-0.0024854026
Cold,960402,5792,5791,2639,1603,1,-0.0025974917
Cold,145746,937,936,2639,1603,0,-0.0076913647
Cold,713739,4277,4276,2639,1603,1,-0.012664581
Cold,841437,5054,5053,2639,1603,1,-0.0022786446
Cold,628559,3807,3806,2639,1603,0,0.004678632
Cold,916874,5539,5538,2639,1603,1,-0.007808705
Cold,276114,1671,1670,2639,1603,1,-0.0012041188
Cold,821689,4940,4939,2639,1603,0,-0.008899524
Cold,102080,678,677,2639,1603,1,-0.0053719264
Cold,193535,1194,1193,2639,1603,0,-0.016284393
Cold,562476,3462,3461,2639,1603,0,0.0007017262
Cold,974582,5878,5877,2639,1603,0,0.00027566846
Cold,472445,2907,2906,2645,1609,0,-0.0049423766
Cold,430702,2625,2624,2645,1609,0,-0.0010587232
Cold,602421,3665,3664,2645,1609,1,-0.00652684
Cold,418550,2529,2528,2645,1609,1,0.0025017385
Cold,425635,2583,2582,2645,1609,1,0.001356923
Cold,414495,2496,2495,2645,1609,0,0.0014961925
Cold,397173,2352,2351,2645,1609,0,-0.0069511766
Cold,380195,2223,2222,2645,1609,0,-0.010667304
Cold,371599,2172,2171,2645,1609,0,0.006294343
Cold,373931,2181,2180,2645,1609,0,0.003393752
Cold,317297,1887,1886,2645,1609,0,0.005352404
Cold,288218,1722,1721,2645,1609,1,0.00030187296
Cold,278900,1680,1679,2645,1609,0,0.011919101
Cold,276853,1675,1674,2645,1609,1,-0.010246584
Cold,307032,1834,1833,2645,1609,1,-0.0017557815
Cold,250782,1513,1512,2645,1609,1,0.0045977617
Cold,224451,1357,1356,2645,1609,1,0.001772848
Cold,224086,1356,1355,2645,1609,0,0.006948715
Cold,436270,2665,2664,2645,1609,0,-0.003902258
Cold,327833,1941,1940,2645,1609,0,0.00859132
Cold,192972,1191,1190,2645,1609,0,-0.001348591
Cold,159156,1017,1016,2645,1609,1,0.009774562
Cold,146876,948,947,2645,1609,1,0.0026829494
Cold,134120,869,868,2645,1609,0,-0.0014272777
Cold,210749,1285,1284,2645,1609,1,-0.0047554183
Cold,130478,846,845,2645,1609,1,-0.0035580378
Cold,86942,567,566,2645,1609,1,0.009286694
Cold,83994,550,549,2645,1609,0,0.01171203
Cold,57612,390,389,2645,1609,1,-0.0002912155
Cold,43237,296,295,2645,1609,0,0.0033536116
Cold,41192,278,277,2645,1609,1,-0.0034931265
Cold,36484,245,244,2645,1609,0,0.009215622
Cold,29858,202,201,2645,1609,1,-0.0043967566
Cold,17506,136,135,2645,1609,1,-0.0052425233
Cold,18717,146,145,2645,1609,0,0.0011212584
Cold,14514,117,116,2645,1609,1,0.00954567
Cold,591842,3610,3609,2645,1609,0,-0.0028050079
Cold,62737,424,423,2645,1609,1,0.00683349
Cold,549927,3391,3390,2645,1609,0,-0.007701151
Cold,24365,173,172,2645,1609,1,0.004282678
Cold,161294,1029,1028,2645,1609,0,0.0023173406
Cold,891850,5387,5386,2645,1609,1,0.0032622828
Cold,2313,19,18,2649,1611,0,-0.00046550797
Cold,490645,3018,3017,2649,1611,1,-0.011628595
Cold,237752,1447,1446,2649,1611,1,0.0023845036
Cold,713751,4277,4276,2649,1611,1,0.0036362514
Cold,226033,1369,1368,2649,1611,1,0.003191033
Cold,361508,2109,2108,2651,1612,1,0.0004719349
Cold,339387,1999,1998,2651,1612,0,-0.0048632137
Cold,318327,1891,1890,2651,1612,0,-0.0059518307
Cold,288224,1722,1721,2651,1612,1,-0.011956915
Cold,315888,1882,1881,2651,1612,1,0.004805064
Cold,242696,1465,1464,2651,1612,1,-0.006189672
Cold,224456,1357,1356,2651,1612,1,-0.0043114545
Cold,436280,2665,2664,2651,1612,0,-0.007939883
Cold,203415,1247,1246,2651,1612,1,0.007841863
Cold,326538,1935,1934,2651,1612,0,-0.00802917
Cold,170012,1080,1079,2651,1612,1,-0.00056381384
Cold,159164,1017,1016,2651,1612,1,-0.008603772
Cold,130479,846,845,2651,1612,1,0.0018625585
Cold,228129,1383,1382,2651,1612,0,-0.0017925993
Cold,41199,278,277,2651,1612,1,0.0051125665
Cold,36509,245,244,2651,1612,0,0.000940938
Cold,29881,202,201,2651,1612,0,-0.0042721294
Cold,481713,2962,2961,2651,1612,0,-0.003062155
Cold,591849,3610,3609,2651,1612,0,0.0072487337
Cold,490649,3018,3017,2651,1612,1,-0.016734747
Cold,62747,424,423,2651,1612,0,0.00045172125
Cold,327846,1941,1940,2651,1612,0,0.0013370796
Cold,603382,3672,3671,2654,1613,1,-0.002409525
Cold,608810,3692,3691,2654,1613,1,-0.0060787057
Cold,621127,3762,3761,2654,1613,1,0.00097446283
Cold,593005,3615,3614,2654,1613,0,-0.009463515
Cold,585598,3576,3575,2654,1613,0,-0.0038582608
Cold,580206,3543,3542,2654,1613,0,0.00016608567
Cold,577732,3528,3527,2654,1613,0,-0.006769657
Cold,576114,3521,3520,2654,1613,1,-0.0026893648
Cold,566119,3476,3475,2654,1613,0,-0.00087579945
Cold,697220,4169,4168,2654,1613,0,-0.0043607308
Cold,657066,3961,3960,2654,1613,1,-0.012945847
Cold,713754,4277,4276,2654,1613,1,-0.0053206515
Cold,544349,3356,3355,2654,1613,1,0.0035771567
Cold,519785,3207,3206,2654,1613,1,-0.0102029815
Cold,584632,3569,3568,2654,1613,0,0.0020501504
Cold,493961,3032,3031,2654,1613,1,-0.007576852
Cold,710275,4260,4259,2654,1613,0,-0.014011111
Cold,463156,2857,2856,2654,1613,0,-0.011144002
Cold,447876,2761,2760,2654,1613,1,0.002200421
Cold,430708,2625,2624,2654,1613,0,-0.0063227937
Cold,434269,2648,2647,2654,1613,1,-0.0058093336
Cold,427217,2593,2592,2654,1613,0,0.00042473152
Cold,419686,2537,2536,2654,1613,0,-0.002636722
Cold,411808,2475,2474,2654,1613,1,-0.005410207
Cold,400910,2389,2388,2654,1613,1,-0.0040953103
Cold,414502,2496,2495,2654,1613,0,-0.005406145
Cold,373944,2181,2180,2654,1613,1,-0.004488602
Cold,367450,2145,2144,2654,1613,1,-0.0023443345
Cold,364121,2121,2120,2654,1613,1,0.0054612514
Cold,364667,2124,2123,2654,1613,1,-0.0044240155
Cold,361509,2109,2108,2654,1613,1,-0.0073876316
Cold,356668,2089,2088,2654,1613,1,0.0035875337
Cold,350102,2055,2054,2654,1613,1,-0.007674421
Cold,343577,2018,2017,2654,1613,0,-0.01557268
Cold,315889,1882,1881,2654,1613,1,-0.0005496057
Cold,288227,1722,1721,2654,1613,1,0.0022125472
Cold,278916,1680,1679,2654,1613,1,-0.0071896086
Cold,300268,1780,1779,2654,1613,0,-0.0032079532
Cold,242698,1465,1464,2654,1613,1,-0.0009823712
Cold,224458,1357,1356,2654,1613,1,-0.0074240514
Cold,269820,1635,1634,2654,1613,1,-0.00040954025
Cold,327848,1941,1940,2654,1613,1,-0.0039336886
Cold,192975,1191,1190,2654,1613,1,0.007864218
Cold,182717,1140,1139,2654,1613,1,0.0044487156
Cold,159167,1017,1016,2654,1613,1,-0.0072750784
Cold,318907,1896,1895,2654,1613,1,-0.007504045
Cold,130480,846,845,2654,1613,1,-0.008266795
Cold,98117,656,655,2654,1613,1,-0.003562823
Cold,92714,621,620,2654,1613,0,0.0013514184
Cold,115321,749,748,2654,1613,0,-0.0025672626
Cold,436283,2665,2664,2654,1613,0,-0.012711338
Cold,80096,533,532,2654,1613,1,-0.010267705
Cold,74707,509,508,2654,1613,0,-0.0039051413
Cold,57614,390,389,2654,1613,1,-0.007880399
Cold,210758,1285,1284,2654,1613,1,0.00047928002
Cold,228130,1383,1382,2654,1613,0,0.0006382577
Cold,43240,296,295,2654,1613,1,0.0024982064
Cold,41202,278,277,2654,1613,1,0.0025293757
Cold,37268,254,253,2654,1613,1,-0.0051181973
Cold,36512,245,244,2654,1613,1,-0.0026423237
Cold,29884,202,201,2654,1613,1,-0.0024033797
Cold,481714,2962,2961,2654,1613,0,-0.009779348
Cold,16439,130,129,2654,1613,0,0.0040502087
Cold,591851,3610,3609,2654,1613,0,0.00419649
Cold,490651,3018,3017,2654,1613,1,-0.0047208928
Cold,192673,1186,1185,2654,1613,1,-0.003306889
Cold,237757,1447,1446,2654,1613,0,-0.00977904
Cold,28199,195,194,2654,1613,1,-0.0016168235
Cold,959016,5787,5786,2654,1613,1,-0.006508447
Cold,891852,5387,5386,2654,1613,1,0.0036504776
Cold,208677,1274,1273,2654,1613,1,-0.003942117
Cold,62748,424,423,2654,1613,1,-0.008710133
Cold,699922,4186,4185,2654,1613,1,-0.0068201944
Cold,821691,4940,4939,2654,1613,1,0.0018055022
Cold,769001,4579,4578,2656,1614,0,-0.0005630981
Cold,633085,3824,3823,2656,1614,0,0.0014871655
Cold,697229,4169,4168,2660,1616,1,0.0062530925
Cold,463161,2857,2856,2660,1616,0,0.020050146
Cold,418069,2526,2525,2660,1616,1,0.0031509558
Cold,401352,2393,2392,2660,1616,0,0.0010095839
Cold,395348,2335,2334,2660,1616,1,0.0063723214
Cold,414505,2496,2495,2660,1616,1,0.00802626
Cold,392055,2304,2303,2660,1616,1,0.011117194
Cold,403613,2411,2410,2660,1616,0,0.017781543
Cold,383464,2241,2240,2660,1616,1,0.00040473888
Cold,385215,2251,2250,2660,1616,1,0.0046858843
Cold,377563,2204,2203,2660,1616,1,-0.0035886792
Cold,366366,2132,2131,2660,1616,0,-0.005765096
Cold,365348,2126,2125,2660,1616,0,0.007456665
Cold,356311,2088,2087,2660,1616,1,0.0020655748
Cold,352926,2067,2066,2660,1616,1,0.0023756097
Cold,373955,2181,2180,2660,1616,1,0.0045941146
Cold,352634,2064,2063,2660,1616,1,0.002818742
Cold,345444,2026,2025,2660,1616,1,0.0068151257
Cold,341941,2013,2012,2660,1616,0,-0.0015223108
Cold,343579,2018,2017,2660,1616,1,-0.0011966224
Cold,339390,1999,1998,2660,1616,0,0.017647566
Cold,311543,1856,1855,2660,1616,1,0.0060776253
Cold,293128,1746,1745,2660,1616,1,0.015061252
Cold,288412,1723,1722,2660,1616,1,0.016253157
Cold,315892,1882,1881,2660,1616,1,0.009696979
Cold,292215,1741,1740,2660,1616,1,0.011092735
Cold,288229,1722,1721,2660,1616,1,-0.0011597674
Cold,274877,1665,1664,2660,1616,1,-0.00012344273
Cold,276861,1675,1674,2660,1616,1,0.0020968888
Cold,282004,1692,1691,2660,1616,1,0.0058262013
Cold,276139,1671,1670,2660,1616,1,0.007188396
Cold,258948,1586,1585,2660,1616,1,0.012202777
Cold,436291,2665,2664,2660,1616,1,0.0138923945
Cold,203538,1249,1248,2660,1616,1,-0.0005610008
Cold,196125,1206,1205,2660,1616,1,0.012616847
Cold,192679,1186,1185,2660,1616,1,0.0074634748
Cold,182724,1140,1139,2660,1616,1,0.0037946992
Cold,181567,1135,1134,2660,1616,0,0.0020415036
Cold,178819,1122,1121,2660,1616,1,0.0047196406
Cold,177497,1119,1118,2660,1616,0,0.008180024
Cold,172611,1094,1093,2660,1616,1,0.0021558567
Cold,147345,949,948,2660,1616,1,0.01917592
Cold,146884,948,947,2660,1616,1,0.008713845
Cold,128722,835,834,2660,1616,1,0.0054306043
Cold,90910,602,601,2660,1616,1,0.0001171513
Cold,210770,1285,1284,2660,1616,1,0.022577887
Cold,86057,563,562,2660,1616,1,0.0029526094
Cold,82227,546,545,2660,1616,0,0.0048074047
Cold,70715,476,475,2660,1616,1,-0.004946162
Cold,62758,424,423,2660,1616,0,0.0046147304
Cold,56788,381,380,2660,1616,0,0.00233874
Cold,48850,327,326,2660,1616,1,0.008535995
Cold,43243,296,295,2660,1616,1,0.0024175695
Cold,41831,284,283,2660,1616,0,0.004963673
Cold,36529,245,244,2660,1616,0,0.009243553
Cold,269827,1635,1634,2660,1616,1,0.004585526
Cold,22847,165,164,2660,1616,1,-0.00048113777
Cold,481723,2962,2961,2660,1616,0,0.004607039
Cold,591864,3610,3609,2660,1616,0,0.013297401
Cold,3967,29,28,2660,1616,0,-0.00044887676
Cold,1781,17,16,2660,1616,1,0.015396402
Cold,357342,2092,2091,2660,1616,1,-0.008642348
Cold,4372,33,32,2660,1616,0,0.0053655393
Cold,713757,4277,4276,2660,1616,1,0.009118865
Cold,456052,2808,2807,2660,1616,1,0.0062915226
Cold,171459,1088,1087,2660,1616,1,0.014591974
Cold,290080,1733,1732,2660,1616,1,0.010265663
Cold,538436,3313,3312,2660,1616,1,0.0037097225
Cold,906651,5484,5483,2660,1616,1,0.017924678
Cold,473423,2909,2908,2660,1616,0,-0.0022306633
Cold,237766,1447,1446,2660,1616,0,0.00020503183
Cold,293668,1748,1747,2660,1616,1,0.0010134291
Cold,327866,1941,1940,2660,1616,0,-0.0020400737
Cold,433560,2643,2642,2660,1616,1,0.014451645
Cold,8818,59,58,2660,1616,0,0.010635455
Cold,311544,1856,1855,2661,1617,1,0.0019642564
Cold,297036,1761,1760,2661,1617,0,-0.007432358
Cold,293129,1746,1745,2661,1617,1,0.011139621
Cold,287653,1717,1716,2661,1617,0,-0.0027774023
Cold,292216,1741,1740,2661,1617,0,0.006540412
Cold,276863,1675,1674,2661,1617,1,0.008436803
Cold,276140,1671,1670,2661,1617,0,0.010536735
Cold,261361,1598,1597,2661,1617,0,0.0033421384
Cold,197718,1215,1214,2661,1617,0,0.0017208233
Cold,327867,1941,1940,2661,1617,0,0.0035321377
Cold,189983,1179,1178,2661,1617,0,0.005840685
Cold,182725,1140,1139,2661,1617,1,-0.0006103944
Cold,181568,1135,1134,2661,1617,1,0.00039761094
Cold,436293,2665,2664,2661,1617,0,0.005318993
Cold,128723,835,834,2661,1617,0,0.003571961
Cold,316704,1884,1883,2661,1617,1,0.0033391165
Cold,90911,602,601,2661,1617,1,0.0018964699
Cold,86059,563,562,2661,1617,0,0.003228468
Cold,85409,557,556,2661,1617,1,-0.00079462584
Cold,70716,476,475,2661,1617,1,0.009457541
Cold,47021,316,315,2661,1617,0,0.0059343157
Cold,43245,296,295,2661,1617,1,-0.0049812202
Cold,41832,284,283,2661,1617,0,0.00205046
Cold,36531,245,244,2661,1617,0,-0.002129471
Cold,22848,165,164,2661,1617,1,0.006626839
Cold,19464,148,147,2661,1617,0,0.012593172
Cold,591866,3610,3609,2661,1617,0,0.0061984984
Cold,4373,33,32,2661,1617,1,0.0038225008
Cold,3968,29,28,2661,1617,1,-0.0040111085
Cold,1782,17,16,2661,1617,1,0.009954966
Cold,237767,1447,1446,2661,1617,0,0.012564861
Cold,300271,1780,1779,2661,1617,0,0.006566585
Cold,633094,3824,3823,2661,1617,0,0.0004986953
Cold,699925,4186,4185,2661,1617,0,0.010688572
Cold,86065,563,562,2665,1620,0,-0.0009347801
Cold,66502,445,444,2665,1620,0,-0.0043611494
Cold,43249,296,295,2665,1620,0,0.0027335277
Cold,697234,4169,4168,2665,1620,0,0.010287914
Cold,17532,136,135,2665,1620,1,0.005724394
Cold,14544,117,116,2665,1620,1,-0.00612666
Cold,49483,329,328,2665,1620,0,-0.007933063
Cold,19469,148,147,2665,1620,1,0.0077015255
Cold,753465,4489,4488,2665,1620,0,-0.0015667176
Cold,967265,5831,5830,2665,1620,0,-0.0051507535
Cold,276143,1671,1670,2665,1620,1,0.0059262007
Cold,412749,2484,2483,2669,1622,1,-0.004303229
Cold,412520,2483,2482,2669,1622,1,0.0027111247
Cold,402241,2402,2401,2669,1622,0,-0.01115057
Cold,400106,2382,2381,2669,1622,1,0.0010151032
Cold,410804,2465,2464,2669,1622,1,-0.002668993
Cold,412065,2478,2477,2669,1622,1,-0.011846369
Cold,398442,2370,2369,2669,1622,1,-0.0023614846
Cold,388087,2271,2270,2669,1622,0,-0.0054296483
Cold,388726,2278,2277,2669,1622,1,-0.002652226
Cold,377172,2203,2202,2669,1622,1,-0.004784766
Cold,363582,2117,2116,2669,1622,1,0.008935707
Cold,357975,2095,2094,2669,1622,1,0.00022912747
Cold,356118,2086,2085,2669,1622,0,-0.0027028278
Cold,357350,2092,2091,2669,1622,0,-0.0028363976
Cold,352930,2067,2066,2669,1622,1,0.00016245339
Cold,336947,1983,1982,2669,1622,1,-0.008076842
Cold,333070,1965,1964,2669,1622,1,0.002696939
Cold,324901,1925,1924,2669,1622,1,-0.00484737
Cold,310599,1851,1850,2669,1622,0,-0.012542165
Cold,275466,1667,1666,2669,1622,1,-0.006576807
Cold,293674,1748,1747,2669,1622,1,-0.0070231655
Cold,257190,1577,1576,2669,1622,0,-0.010869018
Cold,254068,1545,1544,2669,1622,0,-0.008015822
Cold,252927,1533,1532,2669,1622,1,-0.0040995656
Cold,242709,1465,1464,2669,1622,1,-0.0022111593
Cold,211581,1286,1285,2669,1622,1,-0.0006751898
Cold,204904,1261,1260,2669,1622,1,-0.0051802704
Cold,178824,1122,1121,2669,1622,1,-0.014940662
Cold,146892,948,947,2669,1622,1,0.008604665
Cold,140488,902,901,2669,1622,1,-0.0012868916
Cold,126010,812,811,2669,1622,1,-0.0044354983
Cold,198148,1218,1217,2669,1622,0,-0.008391102
Cold,349244,2050,2049,2669,1622,0,-0.00063585053
Cold,107068,704,703,2669,1622,1,0.0012276765
Cold,75857,516,515,2669,1622,1,0.0018200811
Cold,75323,511,510,2669,1622,0,7.9543795e-05
Cold,68174,457,456,2669,1622,0,-0.0086375605
Cold,68633,461,460,2669,1622,1,-0.010081769
Cold,55298,366,365,2669,1622,1,0.00057890126
Cold,42279,287,286,2669,1622,0,-0.008748026
Cold,591873,3610,3609,2669,1622,0,-0.004112256
Cold,5610,40,39,2669,1622,0,0.0003940732
Cold,19473,148,147,2669,1622,1,-0.004531234
Cold,541489,3332,3331,2669,1622,0,-0.01269958
Cold,136425,881,880,2669,1622,0,-0.009982323
Cold,722857,4328,4327,2669,1622,1,0.006413033
Cold,587802,3589,3588,2669,1622,0,-0.00632637
Cold,697256,4169,4168,2682,1628,1,-0.002616619
Cold,284041,1698,1697,2682,1628,1,-0.0075154235
Cold,89988,593,592,2682,1628,1,-0.0025457942
Cold,89559,590,589,2682,1628,0,0.006703943
Cold,77379,524,523,2682,1628,1,-0.017244637
Cold,69926,472,471,2682,1628,1,-0.009241685
Cold,69298,464,463,2682,1628,1,0.0036672167
Cold,155299,1001,1000,2682,1628,1,-0.009408769
Cold,47579,319,318,2682,1628,1,-0.0071687186
Cold,42828,293,292,2682,1628,1,-0.008607365
Cold,38344,261,260,2682,1628,1,-0.006141263
Cold,33561,225,224,2682,1628,1,-0.009853017
Cold,22035,161,160,2682,1628,0,0.0025803081
Cold,451732,2781,2780,2682,1628,1,-0.005997235
Cold,290103,1733,1732,2682,1628,1,-0.0069240406
Cold,4900,35,34,2682,1628,1,0.0027684802
Cold,206778,1266,1265,2682,1628,1,-0.0070476234
Cold,187579,1164,1163,2682,1628,1,0.0015125104
Cold,58125,392,391,2682,1628,1,-0.0020140829
Cold,181944,1137,1136,2682,1628,1,-5.624001e-05
Cold,249816,1505,1504,2682,1628,1,0.00401128
Cold,204510,1260,1259,2682,1628,1,-0.00295249
Cold,242093,1458,1457,2682,1628,0,0.0014731232
Cold,50231,331,330,2682,1628,1,-0.0034637607
Cold,285244,1701,1700,2682,1628,1,-0.003196134
Cold,293685,1748,1747,2682,1628,1,-0.0034125694
Cold,460625,2841,2840,2682,1628,1,0.00234439
Cold,241107,1451,1450,2682,1628,1,-0.0037616962
Cold,263211,1605,1604,2696,1637,1,-0.011188289
Cold,112408,731,730,2696,1637,0,-0.008499232
Cold,101659,677,676,2696,1637,1,-0.0045829634
Cold,85037,553,552,2696,1637,1,-0.006287474
Cold,61846,415,414,2696,1637,1,-0.0064589996
Cold,626689,3792,3791,2696,1637,0,0.00060565537
Cold,605185,3679,3678,2696,1637,0,0.0034903677
Cold,228180,1383,1382,2696,1637,1,-0.0048651895
Cold,839027,5044,5043,2696,1637,1,-0.010971327
Cold,31557,214,213,2696,1637,1,-0.0053917756
Cold,16726,131,130,2696,1637,1,-0.012882087
Cold,571580,3505,3504,2696,1637,1,-0.005645957
Cold,933839,5636,5635,2696,1637,0,-0.002363868
Cold,902991,5458,5457,2696,1637,1,-0.006267986
Cold,803315,4809,4808,2696,1637,1,-0.0037627975
Cold,475458,2918,2917,2696,1637,1,-0.009286926
Cold,246844,1491,1490,2696,1637,0,-0.003557363
Cold,20115,149,148,2696,1637,1,-0.013296969
Cold,171514,1088,1087,2696,1637,1,-0.0025681905
Cold,986775,5956,5955,2696,1637,1,-0.013021192
Cold,497177,3054,3053,2696,1637,0,-0.003993176
Cold,165300,1053,1052,2714,1648,0,0.0040197633
Cold,714078,4277,4276,2714,1648,1,-0.0034835672
Cold,135190,875,874,2714,1648,1,0.005104251
Cold,182140,1137,1136,2714,1648,0,-0.003958638
Cold,119819,773,772,2714,1648,1,0.003122474
Cold,103085,684,683,2714,1648,1,0.00061961485
Cold,174691,1105,1104,2714,1648,1,0.0059765223
Cold,191251,1181,1180,2714,1648,0,0.0065335734
Cold,119410,770,769,2714,1648,1,0.0056162905
Cold,74277,506,505,2714,1648,0,-0.0018970554
Cold,64328,429,428,2714,1648,0,0.004693839
Cold,53757,352,351,2714,1648,0,0.004932075
Cold,43095,295,294,2714,1648,0,-0.0067896256
Cold,40409,272,271,2714,1648,0,-0.00047926838
Cold,29848,202,201,2714,1648,1,-2.1017971e-05
Cold,78588,528,527,2714,1648,0,-0.0008913643
Cold,286835,1712,1711,2714,1648,0,0.00062960153
Cold,285422,1701,1700,2714,1648,1,0.0023433128
Cold,11998,92,91,2714,1648,0,0.0062263235
Cold,405358,2427,2426,2714,1648,1,-1.1564465e-05
Cold,336178,1980,1979,2714,1648,0,-0.0058640856
Cold,475597,2918,2917,2714,1648,1,0.0051348857
Cold,187086,1160,1159,2714,1648,1,0.0027545416
Cold,473931,2909,2908,2714,1648,0,-0.0055022426
Cold,527091,3260,3259,2714,1648,0,0.0072806654
Cold,178283,1120,1119,2714,1648,1,-7.328141e-05
Cold,13153,102,101,2714,1648,0,-0.0022142106
Cold,138643,889,888,2721,1654,0,-0.0070085945
Cold,133058,858,857,2721,1654,1,0.00013031927
Cold,102488,678,677,2721,1654,1,-0.0049357656
Cold,63967,426,425,2721,1654,0,0.0014933192
Cold,155476,1001,1000,2721,1654,0,0.0073381625
Cold,49446,329,328,2721,1654,0,-0.006039026
Cold,312984,1865,1864,2721,1654,0,-0.0045235343
Cold,33510,225,224,2721,1654,0,-0.00839703
Cold,27571,193,192,2721,1654,1,0.0054917657
Cold,15996,126,125,2721,1654,1,-0.0024691566
Cold,338,5,4,2721,1654,0,0.00089652266
Cold,235158,1425,1424,2721,1654,1,0.008952773
Cold,986825,5956,5955,2721,1654,0,-0.005650538
Cold,365852,2129,2128,2721,1654,0,-0.005393137
Cold,490363,3017,3016,2721,1654,1,-0.004839368
Cold,497350,3054,3053,2721,1654,0,0.0072316197
Cold,20014,149,148,2721,1654,0,-0.00030575506
Cold,454680,2796,2795,2721,1654,1,-0.0007968955
Cold,331005,1954,1953,2721,1654,0,0.0034110323
Cold,538091,3312,3311,2721,1654,0,0.0025315718
Cold,174288,1101,1100,2721,1654,1,-0.00056443876
Cold,384759,2247,2246,2721,1654,0,-0.0036257487
Cold,883475,5333,5332,2721,1654,1,-0.0053570126
Cold,116476,752,751,2721,1654,0,0.0019227432
Cold,841561,5054,5053,2721,1654,0,-0.009933663
Cold,127360,822,821,2725,1658,1,-0.00022602099
Cold,107366,706,705,2725,1658,1,0.009071635
Cold,100957,673,672,2725,1658,1,-0.00021545577
Cold,99757,666,665,2725,1658,1,0.0023772276
Cold,77757,524,523,2725,1658,0,0.013502352
Cold,155479,1001,1000,2725,1658,1,4.7644367e-05
Cold,47516,319,318,2725,1658,1,0.0088064745
Cold,45007,303,302,2725,1658,1,0.0092937555
Cold,41458,281,280,2725,1658,0,0.005669208
Cold,35291,238,237,2725,1658,1,-0.00043830462
Cold,26443,187,186,2725,1658,1,0.0024624649
Cold,9952,69,68,2725,1658,0,0.0036537105
Cold,8501,58,57,2725,1658,1,0.0013043775
Cold,7757,53,52,2725,1658,0,0.0034341046
Cold,341,5,4,2725,1658,0,0.0077246614
Cold,485232,2986,2985,2725,1658,1,0.012011406
Cold,158504,1015,1014,2725,1658,0,-0.00065032183
Cold,24919,175,174,2725,1658,0,0.007270298
Cold,336213,1980,1979,2725,1658,1,0.007349951
Cold,750702,4478,4477,2725,1658,1,0.0065417094
Cold,460809,2841,2840,2725,1658,1,0.0108620515
Cold,483285,2969,2968,2725,1658,1,0.00861015
Cold,102495,678,677,2725,1658,0,0.01630902
Cold,235162,1425,1424,2725,1658,1,0.012667602
Cold,796377,4771,4770,2725,1658,1,0.008010217
Cold,200125,1228,1227,2725,1658,1,-0.0035053594
Cold,24376,173,172,2725,1658,1,-0.0014247952
Cold,290441,1733,1732,2725,1658,1,0.012036948
Cold,1000169,6040,6039,2725,1658,1,-0.0037859664
Cold,771906,4600,4599,2725,1658,1,0.004949647
Cold,187764,1164,1163,2725,1658,1,0.0055659693
Cold,116483,752,751,2725,1658,0,0.006458311
Cold,880692,5319,5318,2725,1658,1,0.014546115
Cold,825811,4958,4957,2725,1658,0,0.011834319
Cold,937424,5654,5653,2725,1658,1,0.0031247153
Cold,852948,5113,5112,2726,1659,0,0.0035904255
Cold,459207,2826,2825,2726,1659,1,-0.00089769263
Cold,458159,2820,2819,2726,1659,1,0.0040909597
Cold,456718,2811,2810,2726,1659,1,0.0045889653
Cold,441379,2703,2702,2726,1659,1,-0.0012478849
Cold,438660,2680,2679,2726,1659,1,0.021459807
Cold,431153,2627,2626,2726,1659,1,0.001864023
Cold,416812,2507,2506,2726,1659,1,0.0069558937
Cold,411111,2466,2465,2726,1659,1,0.0031118868
Cold,398658,2373,2372,2726,1659,1,-0.002998094
Cold,390128,2288,2287,2726,1659,1,0.002176077
Cold,385376,2251,2250,2726,1659,1,0.0035237544
Cold,374311,2181,2180,2726,1659,1,0.004602771
Cold,355510,2080,2079,2726,1659,1,1.5418744e-05
Cold,346318,2030,2029,2726,1659,1,0.0069374354
Cold,329507,1943,1942,2726,1659,1,0.0041416953
Cold,325029,1925,1924,2726,1659,1,0.0045741685
Cold,301550,1791,1790,2726,1659,0,0.00073120743
Cold,286003,1706,1705,2726,1659,1,-0.00127449
Cold,273768,1650,1649,2726,1659,1,0.0005155343
Cold,256555,1567,1566,2726,1659,1,-0.0018304817
Cold,303325,1802,1801,2726,1659,1,-0.0061222236
Cold,294430,1749,1748,2726,1659,0,0.0070786388
Cold,284405,1698,1697,2726,1659,1,-0.00047590397
Cold,208902,1274,1273,2726,1659,1,-0.0014497979
Cold,197953,1216,1215,2726,1659,0,-0.0060078856
Cold,193010,1191,1190,2726,1659,1,-0.0015002098
Cold,207367,1267,1266,2726,1659,1,0.0022450169
Cold,173361,1099,1098,2726,1659,1,0.00903732
Cold,191285,1181,1180,2726,1659,0,0.015100626
Cold,165314,1053,1052,2726,1659,1,0.0036791433
Cold,211212,1285,1284,2726,1659,1,0.010000814
Cold,181314,1133,1132,2726,1659,0,0.0111776525
Cold,169636,1077,1076,2726,1659,1,0.014224675
Cold,160299,1019,1018,2726,1659,1,-0.00062095653
Cold,213038,1297,1296,2726,1659,1,0.0068901186
Cold,147060,948,947,2726,1659,1,0.002520896
Cold,185609,1150,1149,2726,1659,1,0.008197751
Cold,141073,909,908,2726,1659,1,0.0055298014
Cold,143064,922,921,2726,1659,1,0.010216341
Cold,138652,889,888,2726,1659,1,0.00910312
Cold,128856,837,836,2726,1659,0,0.0043468187
Cold,128353,830,829,2726,1659,1,0.00026631635
Cold,298177,1767,1766,2726,1659,1,-0.0003754755
Cold,240377,1449,1448,2726,1659,1,0.0069780895
Cold,316966,1884,1883,2726,1659,1,0.009368826
Cold,77759,524,523,2726,1659,0,0.013947288
Cold,69534,466,465,2726,1659,1,0.0020638988
Cold,501416,3080,3079,2726,1659,1,0.008605135
Cold,74068,504,503,2726,1659,1,-0.0022073952
Cold,45571,307,306,2726,1659,1,-0.0009493157
Cold,45117,304,303,2726,1659,0,-0.008279137
Cold,221540,1340,1339,2726,1659,1,0.016953623
Cold,133664,864,863,2726,1659,1,-0.0037385721
Cold,592120,3610,3609,2726,1659,0,0.0007024356
Cold,2912,23,22,2726,1659,1,0.0012738139
Cold,739591,4418,4417,2726,1659,1,0.010915329
Cold,63233,424,423,2726,1659,1,0.002620048
Cold,24377,173,172,2726,1659,1,-0.0027030145
Cold,238153,1447,1446,2726,1659,1,0.009073788
Cold,284910,1699,1698,2726,1659,1,-0.0019410118
Cold,437496,2670,2669,2726,1659,1,0.00181132
Cold,290443,1733,1732,2726,1659,1,0.0067632403
Cold,883477,5333,5332,2726,1659,0,0.0058135395
Cold,894112,5397,5396,2726,1659,1,0.002546329
Cold,271837,1643,1642,2726,1659,1,0.00046782568
Cold,105687,698,697,2726,1659,1,0.0013036397
Cold,322593,1912,1911,2726,1659,1,0.00062742224
Cold,171933,1088,1087,2726,1659,0,0.008456774
Cold,176124,1113,1112,2726,1659,1,0.007899661
Cold,518865,3201,3200,2730,1662,1,0.0004225088
Cold,516014,3184,3183,2730,1662,0,-0.009572375
Cold,510316,3143,3142,2730,1662,0,0.0011929888
Cold,558638,3430,3429,2730,1662,0,-0.006224232
Cold,505274,3108,3107,2730,1662,0,-0.006985293
Cold,546173,3367,3366,2730,1662,1,0.0017423404
Cold,496932,3053,3052,2730,1662,1,0.0022668603
Cold,482846,2967,2966,2730,1662,1,-0.0034271819
Cold,480566,2948,2947,2730,1662,0,-0.008382398
Cold,476870,2928,2927,2730,1662,1,-0.0055325124
Cold,697684,4169,4168,2730,1662,1,-0.005243026
Cold,852958,5113,5112,2730,1662,1,0.0014756722
Cold,469620,2893,2892,2730,1662,0,-0.0024108635
Cold,462697,2854,2853,2730,1662,1,-0.008575371
Cold,458180,2820,2819,2730,1662,0,0.0072161085
Cold,455568,2805,2804,2730,1662,0,-0.0017951147
Cold,442100,2719,2718,2730,1662,1,-0.0018732718
Cold,564657,3471,3470,2730,1662,0,-0.0044454564
Cold,438008,2676,2675,2730,1662,1,0.00021641998
Cold,433741,2643,2642,2730,1662,1,-0.0030523278
Cold,421162,2544,2543,2730,1662,0,0.009847268
Cold,419206,2532,2531,2730,1662,1,-0.0052290373
Cold,416827,2507,2506,2730,1662,1,-0.00015193131
Cold,414724,2496,2495,2730,1662,0,0.00061094575
Cold,413454,2486,2485,2730,1662,0,-0.008837689
Cold,396696,2348,2347,2730,1662,0,0.008163592
Cold,392447,2304,2303,2730,1662,1,-0.0102812955
Cold,390141,2288,2287,2730,1662,1,0.0029285543
Cold,389069,2279,2278,2730,1662,0,-0.008158606
Cold,381739,2231,2230,2730,1662,1,-0.0007117251
Cold,377943,2205,2204,2730,1662,0,-0.00047382782
Cold,372116,2173,2172,2730,1662,1,0.005053942
Cold,357639,2092,2091,2730,1662,0,0.0027922406
Cold,323249,1916,1915,2730,1662,0,-0.0087773595
Cold,306492,1826,1825,2730,1662,0,0.0042420523
Cold,302700,1797,1796,2730,1662,1,0.0075582215
Cold,293431,1747,1746,2730,1662,0,-0.003380878
Cold,279732,1680,1679,2730,1662,0,-0.008291445
Cold,280950,1685,1684,2730,1662,1,-0.0104132695
Cold,269197,1632,1631,2730,1662,0,-0.0032059317
Cold,346329,2030,2029,2730,1662,1,-0.0005334986
Cold,350783,2059,2058,2730,1662,0,-0.00025015324
Cold,236958,1440,1439,2730,1662,1,-0.0028813584
Cold,312445,1861,1860,2730,1662,0,-0.0049918173
Cold,325543,1926,1925,2730,1662,1,-0.012016877
Cold,262330,1600,1599,2730,1662,1,0.0035128393
Cold,221554,1340,1339,2730,1662,0,-0.00037117512
Cold,218089,1322,1321,2730,1662,0,-0.0061402647
Cold,220443,1335,1334,2730,1662,0,0.001251882
Cold,207370,1267,1266,2730,1662,1,0.0015000114
Cold,188658,1170,1169,2730,1662,1,0.007624073
Cold,186415,1152,1151,2730,1662,1,-0.00018447032
Cold,182870,1140,1139,2730,1662,0,0.00079655834
Cold,180415,1128,1127,2730,1662,1,-0.005700536
Cold,308854,1837,1836,2730,1662,1,-0.0026912747
Cold,191306,1181,1180,2730,1662,0,-0.010623382
Cold,160316,1019,1018,2730,1662,0,-0.0032919995
Cold,320257,1899,1898,2730,1662,1,-0.012704022
Cold,152037,977,976,2730,1662,1,-0.002311559
Cold,149281,960,959,2730,1662,1,0.0027536512
Cold,147066,948,947,2730,1662,1,-0.003441508
Cold,412159,2478,2477,2730,1662,1,-0.0017017635
Cold,185634,1150,1149,2730,1662,0,-0.004006794
Cold,169295,1074,1073,2730,1662,1,-0.006705988
Cold,143073,922,921,2730,1662,1,-0.0053225514
Cold,714106,4277,4276,2730,1662,0,0.0014922242
Cold,138676,889,888,2730,1662,1,-0.007602209
Cold,318983,1896,1895,2730,1662,1,0.006046313
Cold,131301,850,849,2730,1662,1,-0.0036984845
Cold,315484,1880,1879,2730,1662,0,0.0061474536
Cold,240398,1449,1448,2730,1662,0,-0.0043981303
Cold,106880,702,701,2730,1662,1,-0.0060433415
Cold,100964,673,672,2730,1662,1,0.0040765153
Cold,284420,1698,1697,2730,1662,1,-0.0074483803
Cold,153236,984,983,2730,1662,0,0.0029132073
Cold,394273,2323,2322,2730,1662,0,-0.0017286758
Cold,169644,1077,1076,2730,1662,1,0.002865842
Cold,85647,558,557,2730,1662,0,-0.0007478314
Cold,75033,509,508,2730,1662,0,0.002273015
Cold,71595,481,480,2730,1662,0,-0.006316641
Cold,211230,1285,1284,2730,1662,1,-0.007551439
Cold,58090,392,391,2730,1662,0,-0.005687437
Cold,197431,1211,1210,2730,1662,1,0.0012358488
Cold,34135,230,229,2730,1662,1,-0.003864314
Cold,32121,216,215,2730,1662,0,-0.006625142
Cold,133665,864,863,2730,1662,1,-0.00725568
Cold,22016,161,160,2730,1662,0,-0.011865429
Cold,60761,411,410,2730,1662,0,-0.008740641
Cold,355101,2077,2076,2730,1662,0,-0.00575056
Cold,552557,3401,3400,2730,1662,0,0.0025129227
Cold,203700,1252,1251,2730,1662,1,-0.004299135
Cold,158528,1015,1014,2730,1662,0,-0.0067085247
Cold,680747,4079,4078,2730,1662,1,-0.0037057665
Cold,372688,2176,2175,2730,1662,1,0.0025300304
Cold,823588,4950,4949,2730,1662,0,0.00076339016
Cold,20035,149,148,2730,1662,1,0.0031999534
Cold,860376,5172,5171,2730,1662,0,-0.0087795425
Cold,271840,1643,1642,2730,1662,1,-0.0037863415
Cold,563186,3464,3463,2730,1662,1,-0.0018488388
Cold,195675,1203,1202,2730,1662,1,-0.015790919
Cold,267301,1624,1623,2730,1662,0,-0.0023416947
Cold,447698,2760,2759,2730,1662,1,-0.004386025
Cold,841568,5054,5053,2730,1662,1,-0.0071526463
Cold,171951,1088,1087,2730,1662,1,-0.008893561
Cold,322609,1912,1911,2730,1662,0,-0.0039340723
Cold,319510,1897,1896,2730,1662,1,0.00044534006
Cold,739593,4418,4417,2730,1662,1,0.0054685995
Cold,276389,1671,1670,2730,1662,1,-0.009528779
Cold,562730,3462,3461,2730,1662,0,-0.0067394925
Cold,667630,4016,4015,2731,1663,0,0.008482369
Cold,686064,4103,4102,2731,1663,1,0.015726756
Cold,695416,4167,4166,2731,1663,1,0.013745246
Cold,634137,3825,3824,2731,1663,1,-0.001970118
Cold,631755,3821,3820,2731,1663,1,0.007931498
Cold,646082,3888,3887,2731,1663,1,0.009004487
Cold,613969,3718,3717,2731,1663,1,0.010600809
Cold,606672,3683,3682,2731,1663,1,0.008554737
Cold,580617,3546,3545,2731,1663,1,0.011802509
Cold,594191,3618,3617,2731,1663,0,0.0010389537
Cold,565224,3474,3473,2731,1663,1,0.0056930804
Cold,904444,5468,5467,2731,1663,1,-0.0032894036
Cold,551310,3394,3393,2731,1663,1,0.012660783
Cold,546935,3371,3370,2731,1663,1,0.0063256184
Cold,548052,3380,3379,2731,1663,1,0.0027774172
Cold,553010,3402,3401,2731,1663,1,0.007339415
Cold,542987,3341,3340,2731,1663,1,0.0015847033
Cold,535118,3301,3300,2731,1663,1,0.006339672
Cold,533541,3292,3291,2731,1663,1,0.0062225517
Cold,523238,3226,3225,2731,1663,0,-0.006540129
Cold,520904,3214,3213,2731,1663,1,0.0031499933
Cold,522834,3224,3223,2731,1663,1,0.00027229544
Cold,513953,3171,3170,2731,1663,1,0.003974187
Cold,505676,3110,3109,2731,1663,1,0.0035089112
Cold,769110,4579,4578,2731,1663,1,0.00030938862
Cold,500749,3075,3074,2731,1663,1,0.010087989
Cold,546174,3367,3366,2731,1663,1,0.009458144
Cold,497361,3054,3053,2731,1663,1,0.000906141
Cold,485249,2986,2985,2731,1663,1,0.009572418
Cold,483854,2975,2974,2731,1663,1,0.0091906795
Cold,480870,2952,2951,2731,1663,1,0.005432867
Cold,479520,2942,2941,2731,1663,1,0.0025288174
Cold,697685,4169,4168,2731,1663,1,0.01119347
Cold,852959,5113,5112,2731,1663,0,0.018998813
Cold,459768,2834,2833,2731,1663,1,0.0024359084
Cold,458181,2820,2819,2731,1663,1,0.009228151
Cold,456721,2811,2810,2731,1663,1,0.00068328076
Cold,455913,2807,2806,2731,1663,1,0.013778722
Cold,454910,2798,2797,2731,1663,0,0.0028153968
Cold,453166,2791,2790,2731,1663,1,-0.0005641349
Cold,448528,2764,2763,2731,1663,1,0.0060372218
Cold,438009,2676,2675,2731,1663,1,0.009810185
Cold,421163,2544,2543,2731,1663,0,0.005584362
Cold,398313,2368,2367,2731,1663,1,0.008105523
Cold,392797,2306,2305,2731,1663,1,-0.00095197046
Cold,381740,2231,2230,2731,1663,0,0.0010075732
Cold,343730,2018,2017,2731,1663,1,0.005471314
Cold,344237,2020,2019,2731,1663,0,0.0082029905
Cold,323250,1916,1915,2731,1663,1,0.0038630096
Cold,320258,1899,1898,2731,1663,1,0.0016790433
Cold,302701,1797,1796,2731,1663,1,0.0072179055
Cold,302527,1796,1795,2731,1663,1,0.0009388984
Cold,301553,1791,1790,2731,1663,1,0.0034510796
Cold,293432,1747,1746,2731,1663,1,0.0073571824
Cold,326604,1936,1935,2731,1663,1,0.0073575745
Cold,286477,1711,1710,2731,1663,1,-0.0016239439
Cold,287829,1717,1716,2731,1663,1,0.00033359043
Cold,282744,1694,1693,2731,1663,1,0.0100621525
Cold,282354,1693,1692,2731,1663,1,0.0056979116
Cold,292492,1741,1740,2731,1663,1,0.0022430618
Cold,271058,1639,1638,2731,1663,1,-0.0032492355
Cold,264225,1607,1606,2731,1663,0,0.015680972
Cold,256675,1569,1568,2731,1663,1,0.0021135826
Cold,256558,1567,1566,2731,1663,1,0.015495619
Cold,294437,1749,1748,2731,1663,1,0.0062986165
Cold,228974,1387,1386,2731,1663,1,0.009657605
Cold,325544,1926,1925,2731,1663,1,0.017411537
Cold,211819,1288,1287,2731,1663,0,0.013003685
Cold,208383,1273,1272,2731,1663,1,0.0022300598
Cold,207569,1268,1267,2731,1663,1,0.00012124237
Cold,207371,1267,1266,2731,1663,1,0.01013205
Cold,199588,1224,1223,2731,1663,1,0.009361626
Cold,188659,1170,1169,2731,1663,1,0.013985213
Cold,184445,1147,1146,2731,1663,0,-0.0020360718
Cold,181015,1131,1130,2731,1663,1,0.0053782724
Cold,169645,1077,1076,2731,1663,1,-0.00028599612
Cold,160317,1019,1018,2731,1663,1,0.009492468
Cold,191307,1181,1180,2731,1663,0,0.004594862
Cold,158529,1015,1014,2731,1663,1,0.008122118
Cold,149040,958,957,2731,1663,1,0.003550164
Cold,222149,1343,1342,2731,1663,1,0.0047474494
Cold,135058,873,872,2731,1663,1,0.0035185823
Cold,201730,1242,1241,2731,1663,1,0.006104157
Cold,197432,1211,1210,2731,1663,1,0.005377242
Cold,635953,3833,3832,2731,1663,0,0.0046859663
Cold,240399,1449,1448,2731,1663,1,0.0120179895
Cold,108542,711,710,2731,1663,1,0.00041482877
Cold,100474,670,669,2731,1663,1,0.0037598878
Cold,99761,666,665,2731,1663,1,0.019663732
Cold,95965,644,643,2731,1663,1,0.0050238753
Cold,77779,524,523,2731,1663,1,0.016473418
Cold,69537,466,465,2731,1663,1,0.010888826
Cold,501426,3080,3079,2731,1663,1,0.0032844455
Cold,440190,2691,2690,2731,1663,1,0.011114513
Cold,48846,327,326,2731,1663,1,0.0040510464
Cold,67073,451,450,2731,1663,1,0.00095727516
Cold,44568,302,301,2731,1663,1,0.012513932
Cold,177146,1117,1116,2731,1663,0,0.007846375
Cold,39786,270,269,2731,1663,1,0.0020529863
Cold,208915,1274,1273,2731,1663,1,0.013669396
Cold,417618,2520,2519,2731,1663,1,0.0030410101
Cold,748057,4465,4464,2731,1663,1,0.0037375235
Cold,431163,2627,2626,2731,1663,0,0.008608557
Cold,133666,864,863,2731,1663,1,0.0042093215
Cold,23138,166,165,2731,1663,1,0.010849166
Cold,796381,4771,4770,2731,1663,1,0.007338704
Cold,61819,415,414,2731,1663,1,0.005742659
Cold,592132,3610,3609,2731,1663,0,0.012019122
Cold,4866,35,34,2731,1663,1,0.0029555182
Cold,1472,14,13,2731,1663,1,0.0053549786
Cold,76420,518,517,2731,1663,1,0.013568824
Cold,739594,4418,4417,2731,1663,1,0.0077101225
Cold,284913,1699,1698,2731,1663,1,0.007180533
Cold,508307,3128,3127,2731,1663,1,0.009633563
Cold,607770,3688,3687,2731,1663,1,0.0026664203
Cold,24390,173,172,2731,1663,1,0.0049799345
Cold,67540,453,452,2731,1663,1,0.012044354
Cold,916214,5536,5535,2731,1663,0,0.006184129
Cold,372689,2176,2175,2731,1663,1,0.0094328
Cold,841569,5054,5053,2731,1663,0,0.008049825
Cold,257859,1579,1578,2731,1663,1,0.009765416
Cold,308855,1837,1836,2731,1663,1,0.019530093
Cold,233712,1421,1420,2731,1663,1,0.0045920555
Cold,176129,1113,1112,2731,1663,1,0.003489798
Cold,322610,1912,1911,2731,1663,0,0.0071837846
Cold,223105,1352,1351,2731,1663,1,0.00826699
Cold,8817,59,58,2731,1663,0,0.005382605
Cold,646226,3889,3888,2732,1664,1,0.004814311
Cold,631756,3821,3820,2732,1664,1,-0.0031262196
Cold,613970,3718,3717,2732,1664,1,-0.002951847
Cold,589191,3592,3591,2732,1664,1,-0.008953842
Cold,580618,3546,3545,2732,1664,1,0.00060725363
Cold,594193,3618,3617,2732,1664,0,0.0030576861
Cold,553011,3402,3401,2732,1664,1,-0.004717533
Cold,549522,3390,3389,2732,1664,1,0.00075204554
Cold,548053,3380,3379,2732,1664,1,0.00051316834
Cold,550454,3391,3390,2732,1664,1,0.0024800876
Cold,543482,3346,3345,2732,1664,1,-0.0035072123
Cold,541257,3329,3328,2732,1664,1,0.004286444
Cold,533542,3292,3291,2732,1664,1,-0.0029802755
Cold,523239,3226,3225,2732,1664,0,-0.0029350554
Cold,522835,3224,3223,2732,1664,1,-0.007151263
Cold,513954,3171,3170,2732,1664,1,-0.008563032
Cold,506845,3118,3117,2732,1664,0,0.0009921456
Cold,505275,3108,3107,2732,1664,1,0.002887562
Cold,769111,4579,4578,2732,1664,1,-0.0037920233
Cold,546175,3367,3366,2732,1664,1,-0.005827876
Cold,738523,4411,4410,2732,1664,1,0.0030009414
Cold,491221,3020,3019,2732,1664,1,-0.002571932
Cold,479521,2942,2941,2732,1664,1,-0.001210974
Cold,697686,4169,4168,2732,1664,1,0.0012205224
Cold,458182,2820,2819,2732,1664,0,-0.008334593
Cold,456722,2811,2810,2732,1664,1,-0.009858969
Cold,452873,2788,2787,2732,1664,1,-0.0028820287
Cold,453167,2791,2790,2732,1664,1,-0.0003281124
Cold,443367,2733,2732,2732,1664,1,-0.0018652508
Cold,438010,2676,2675,2732,1664,1,0.002249939
Cold,413455,2486,2485,2732,1664,1,-0.0027781753
Cold,411878,2476,2475,2732,1664,1,0.00010426727
Cold,398314,2368,2367,2732,1664,1,0.0005233453
Cold,381742,2231,2230,2732,1664,1,-0.0064218184
Cold,361847,2109,2108,2732,1664,1,0.0027444824
Cold,347476,2038,2037,2732,1664,1,0.003684214
Cold,323251,1916,1915,2732,1664,1,-0.01113057
Cold,320259,1899,1898,2732,1664,1,-0.0020310853
Cold,302702,1797,1796,2732,1664,1,0.0063313446
Cold,292493,1741,1740,2732,1664,1,-0.009115221
Cold,266888,1619,1618,2732,1664,1,0.01005796
Cold,256677,1569,1568,2732,1664,1,0.005341734
Cold,294439,1749,1748,2732,1664,1,-0.009429422
Cold,227854,1382,1381,2732,1664,1,0.006730339
Cold,325545,1926,1925,2732,1664,1,-0.0013116347
Cold,218090,1322,1321,2732,1664,1,-0.0014450434
Cold,212135,1291,1290,2732,1664,1,0.002804088
Cold,208916,1274,1273,2732,1664,0,-0.00061254087
Cold,208384,1273,1272,2732,1664,1,0.0011373216
Cold,271060,1639,1638,2732,1664,1,-0.0020787527
Cold,184446,1147,1146,2732,1664,0,-0.0031904744
Cold,180416,1128,1127,2732,1664,1,-0.0016660854
Cold,163114,1041,1040,2732,1664,1,-0.0074837655
Cold,160318,1019,1018,2732,1664,0,0.0024757963
Cold,191308,1181,1180,2732,1664,0,-0.006069037
Cold,158530,1015,1014,2732,1664,0,0.0017578522
Cold,217253,1317,1316,2732,1664,1,-0.001975588
Cold,140442,900,899,2732,1664,1,-0.007304187
Cold,138678,889,888,2732,1664,0,-0.005788223
Cold,201731,1242,1241,2732,1664,1,0.0035185758
Cold,127916,825,824,2732,1664,0,-0.008790214
Cold,116496,752,751,2732,1664,0,0.004974596
Cold,100966,673,672,2732,1664,1,-0.0047905594
Cold,284421,1698,1697,2732,1664,1,0.0035195309
Cold,89357,588,587,2732,1664,1,0.004601381
Cold,77780,524,523,2732,1664,1,-0.0030347866
Cold,48847,327,326,2732,1664,1,-6.695697e-05
Cold,46650,313,312,2732,1664,1,-0.0022525347
Cold,177147,1117,1116,2732,1664,1,0.004643265
Cold,35300,238,237,2732,1664,0,-0.009854808
Cold,34742,235,234,2732,1664,1,-0.011547764
Cold,133667,864,863,2732,1664,0,0.0043400293
Cold,4868,35,34,2732,1664,1,-0.0027746758
Cold,739595,4418,4417,2732,1664,1,0.00059430266
Cold,421164,2544,2543,2732,1664,1,-0.007596865
Cold,316977,1884,1883,2732,1664,1,-0.0016439408
Cold,106263,699,698,2732,1664,0,-0.002904972
Cold,616699,3732,3731,2732,1664,0,0.006106374
Cold,607771,3688,3687,2732,1664,1,-0.00062191114
Cold,24392,173,172,2732,1664,1,-0.0042719953
Cold,924189,5580,5579,2732,1664,1,0.008133414
Cold,319511,1897,1896,2732,1664,1,-0.0026304661
Cold,322611,1912,1911,2732,1664,0,-0.0012525034
Cold,700039,4186,4185,2732,1664,0,-0.0010755593
Cold,176130,1113,1112,2732,1664,1,0.00060982443
Cold,171953,1088,1087,2732,1664,1,-0.00083404465
Cold,223106,1352,1351,2732,1664,1,-0.0059005627
Cold,860377,5172,5171,2732,1664,1,0.002382719
Cold,167007,1062,1061,2738,1668,1,0.0006870637
Cold,185647,1150,1149,2738,1668,0,0.0016814251
Cold,131305,850,849,2738,1668,0,0.0046391673
Cold,211238,1285,1284,2738,1668,0,5.084998e-05
Cold,284427,1698,1697,2738,1668,1,0.0013470998
Cold,191316,1181,1180,2738,1668,0,0.005451621
Cold,239216,1448,1447,2738,1668,1,0.013188562
Cold,84431,550,549,2738,1668,1,0.008021784
Cold,76189,517,516,2738,1668,1,0.0030275276
Cold,639279,3842,3841,2738,1668,1,-0.00714027
Cold,35305,238,237,2738,1668,0,0.005685688
Cold,9318,62,61,2738,1668,0,-0.00031361403
Cold,6237,45,44,2738,1668,0,0.0010299574
Cold,18734,146,145,2738,1668,0,0.0016482729
Cold,714109,4277,4276,2738,1668,1,0.0015839268
Cold,328545,1941,1940,2738,1668,0,-0.005900992
Cold,757892,4508,4507,2738,1668,1,0.0026991866
Cold,161406,1029,1028,2738,1668,1,0.0011888782
Cold,276392,1671,1670,2738,1668,0,-0.002631302
Cold,588099,3589,3588,2741,1670,0,0.0056071035
Cold,595625,3623,3622,2748,1674,1,0.0018072587
Cold,596824,3626,3625,2748,1674,0,0.0030585406
Cold,586764,3582,3581,2748,1674,0,0.009983598
Cold,586513,3579,3578,2748,1674,0,0.001390853
Cold,583629,3562,3561,2748,1674,0,0.004342626
Cold,594226,3618,3617,2748,1674,0,-0.0096945185
Cold,616295,3729,3728,2748,1674,0,-0.0019919504
Cold,552577,3401,3400,2748,1674,0,0.005232192
Cold,549217,3389,3388,2748,1674,0,-0.0038992108
Cold,537425,3311,3310,2748,1674,0,0.0018522176
Cold,526860,3259,3258,2748,1674,1,-3.5509758e-05
Cold,518877,3201,3200,2748,1674,0,-0.00088844576
Cold,517091,3191,3190,2748,1674,0,-0.009305468
Cold,527610,3261,3260,2748,1674,0,-0.0055659786
Cold,509556,3138,3137,2748,1674,0,0.0005085091
Cold,502421,3083,3082,2748,1674,0,-0.010371363
Cold,486726,2995,2994,2748,1674,0,-0.0074819364
Cold,559284,3435,3434,2748,1674,0,0.0031504068
Cold,697717,4169,4168,2748,1674,0,-0.00382424
Cold,738533,4411,4410,2748,1674,0,-0.0002709676
Cold,474005,2909,2908,2748,1674,1,-0.011787176
Cold,468607,2887,2886,2748,1674,0,-0.0006139949
Cold,467819,2883,2882,2748,1674,0,-0.0034905358
Cold,463534,2857,2856,2748,1674,0,0.0017707571
Cold,467015,2878,2877,2748,1674,0,-0.003518665
Cold,449992,2774,2773,2748,1674,0,-0.000780317
Cold,449655,2772,2771,2748,1674,0,-0.0065492983
Cold,418902,2529,2528,2748,1674,0,-0.01321198
Cold,407038,2445,2444,2748,1674,0,-0.012307512
Cold,402477,2402,2401,2748,1674,0,-0.0016670059
Cold,407822,2451,2450,2748,1674,0,0.0032483563
Cold,393745,2318,2317,2748,1674,0,0.0074688303
Cold,377408,2203,2202,2748,1674,0,-0.010101775
Cold,375194,2186,2185,2748,1674,0,-0.005535205
Cold,373561,2180,2179,2748,1674,0,-0.009025646
Cold,356520,2088,2087,2748,1674,0,-0.0073057273
Cold,341770,2012,2011,2748,1674,1,-0.0036515044
Cold,333509,1968,1967,2748,1674,0,-0.008553726
Cold,293435,1747,1746,2748,1674,0,-0.0030327684
Cold,297687,1764,1763,2748,1674,1,-0.0063922317
Cold,291634,1737,1736,2748,1674,0,-0.00834894
Cold,289010,1726,1725,2748,1674,0,-0.009296423
Cold,232355,1410,1409,2748,1674,0,0.0016937755
Cold,356909,2090,2089,2748,1674,0,-0.0051285033
Cold,227293,1377,1376,2748,1674,0,-0.008289625
Cold,336269,1980,1979,2748,1674,0,-0.021306213
Cold,226424,1370,1369,2748,1674,0,0.00569523
Cold,279783,1680,1679,2748,1674,0,-0.0028083192
Cold,183324,1141,1140,2748,1674,0,-0.00093759433
Cold,308870,1837,1836,2748,1674,0,0.0008983407
Cold,180025,1127,1126,2748,1674,0,0.0031124773
Cold,328573,1941,1940,2748,1674,0,-0.0027642664
Cold,275702,1667,1666,2748,1674,0,-0.003354326
Cold,156018,1004,1003,2748,1674,0,-0.0002322984
Cold,240429,1449,1448,2748,1674,0,-0.011122497
Cold,107111,704,703,2748,1674,0,0.0044229594
Cold,113433,735,734,2748,1674,0,-0.0039711613
Cold,84990,552,551,2748,1674,1,0.0025553326
Cold,80360,533,532,2748,1674,0,-0.0063098837
Cold,68855,461,460,2748,1674,0,-0.00691098
Cold,130011,840,839,2748,1674,0,-0.0073535927
Cold,38328,261,260,2748,1674,0,-0.0013581169
Cold,40451,272,271,2748,1674,0,-0.011058666
Cold,270164,1635,1634,2748,1674,0,-0.004976887
Cold,23348,167,166,2748,1674,0,0.006629515
Cold,592154,3610,3609,2748,1674,0,-0.0060033165
Cold,5620,40,39,2748,1674,0,0.00099171
Cold,19488,148,147,2748,1674,0,-0.0034395535
Cold,530332,3274,3273,2748,1674,0,-0.0101350425
Cold,238190,1447,1446,2748,1674,0,-0.011329193
Cold,829236,4979,4978,2748,1674,0,-0.0072604734
Cold,102540,678,677,2748,1674,0,-0.007498155
Cold,255971,1560,1559,2748,1674,0,-0.0032645199
Cold,893472,5394,5393,2748,1674,0,-0.0012635349
Cold,992715,5996,5995,2748,1674,0,-0.0010373392
Cold,305098,1812,1811,2748,1674,0,-0.009248724
Cold,28255,195,194,2748,1674,0,-0.0061532594
Cold,269219,1632,1631,2749,1675,0,0.009571458
Cold,264718,1609,1608,2749,1675,0,0.0062387055
Cold,325558,1926,1925,2749,1675,1,0.008146741
Cold,296582,1758,1757,2749,1675,0,-0.0035962425
Cold,279786,1680,1679,2749,1675,1,0.017312864
Cold,307648,1835,1834,2749,1675,0,0.012831465
Cold,151711,975,974,2749,1675,0,0.0068884175
Cold,148403,955,954,2749,1675,0,0.008568383
Cold,140563,903,902,2749,1675,1,0.0035848422
Cold,138711,889,888,2749,1675,1,0.01235781
Cold,98455,659,658,2749,1675,0,0.0016771056
Cold,97952,655,654,2749,1675,0,0.010145242
Cold,714128,4277,4276,2749,1675,0,0.010660326
Cold,241407,1451,1450,2749,1675,0,0.012356918
Cold,83441,549,548,2749,1675,1,0.014003886
Cold,239239,1448,1447,2749,1675,0,0.017658599
Cold,319531,1897,1896,2749,1675,0,0.0026400392
Cold,75373,512,511,2749,1675,0,-0.001966091
Cold,33542,225,224,2749,1675,1,0.009977586
Cold,21290,156,155,2749,1675,1,-0.0050543016
Cold,15657,123,122,2749,1675,0,0.010626804
Cold,89367,588,587,2749,1675,1,0.01890815
Cold,19489,148,147,2749,1675,0,-0.0045371726
Cold,627029,3792,3791,2749,1675,0,0.009462184
Cold,102542,678,677,2749,1675,1,0.007770342
Cold,63280,424,423,2749,1675,0,0.010662446
Cold,709995,4258,4257,2749,1675,0,0.021158002
Cold,669866,4026,4025,2752,1677,0,7.0230104e-05
Cold,668695,4021,4020,2752,1677,1,0.0049011735
Cold,667662,4016,4015,2752,1677,0,0.0010423583
Cold,684204,4089,4088,2752,1677,0,0.004499846
Cold,664801,4001,4000,2752,1677,1,-0.004773028
Cold,680363,4078,4077,2752,1677,0,0.008493883
Cold,647833,3900,3899,2752,1677,0,0.0044519734
Cold,635184,3829,3828,2752,1677,0,0.003337474
Cold,638515,3841,3840,2752,1677,1,0.0073466883
Cold,619608,3754,3753,2752,1677,0,-0.0027946823
Cold,614920,3724,3723,2752,1677,1,0.0031650467
Cold,613706,3717,3716,2752,1677,1,0.0055181747
Cold,612647,3713,3712,2752,1677,0,0.0008597127
Cold,611333,3705,3704,2752,1677,0,-0.0024699047
Cold,604888,3677,3676,2752,1677,0,-0.0045507518
Cold,633549,3824,3823,2752,1677,0,0.0077541065
Cold,594245,3618,3617,2752,1677,0,0.011649628
Cold,596833,3626,3625,2752,1677,0,0.006839462
Cold,622806,3769,3768,2752,1677,1,0.014382308
Cold,583638,3562,3561,2752,1677,0,0.00078968704
Cold,577471,3526,3525,2752,1677,0,0.00562117
Cold,581008,3547,3546,2752,1677,0,0.0029693767
Cold,557340,3423,3422,2752,1677,0,0.0075924583
Cold,554162,3410,3409,2752,1677,0,-0.0069103017
Cold,550512,3391,3390,2752,1677,0,0.0019804216
Cold,539034,3314,3313,2752,1677,0,0.007503229
Cold,542411,3336,3335,2752,1677,0,-4.5465073e-05
Cold,533583,3292,3291,2752,1677,1,0.0022301492
Cold,528328,3265,3264,2752,1677,0,0.0025977262
Cold,540054,3320,3319,2752,1677,0,-0.0062266514
Cold,515679,3182,3181,2752,1677,0,0.007036266
Cold,515059,3180,3179,2752,1677,0,-0.0006436383
Cold,506239,3114,3113,2752,1677,1,0.010035253
Cold,529966,3272,3271,2752,1677,1,-0.0044627804
Cold,478845,2938,2937,2752,1677,1,0.0051034265
Cold,697731,4169,4168,2752,1677,1,0.0029721337
Cold,472830,2907,2906,2752,1677,0,-0.0072032134
Cold,738535,4411,4410,2752,1677,0,-0.0034929903
Cold,474022,2909,2908,2752,1677,0,-0.0008768275
Cold,467031,2878,2877,2752,1677,0,0.0064441306
Cold,754987,4497,4496,2752,1677,0,-8.322741e-05
Cold,458228,2820,2819,2752,1677,0,0.0034367326
Cold,452323,2785,2784,2752,1677,0,-8.6835586e-05
Cold,437130,2668,2667,2752,1677,0,0.013910732
Cold,435434,2661,2660,2752,1677,1,-0.002195819
Cold,430570,2624,2623,2752,1677,1,0.0016627484
Cold,446984,2753,2752,2752,1677,0,0.0032305783
Cold,412987,2484,2483,2752,1677,0,0.008909008
Cold,409297,2456,2455,2752,1677,0,0.0043989816
Cold,403361,2409,2408,2752,1677,0,-0.003669163
Cold,395384,2335,2334,2752,1677,1,-0.0029111947
Cold,382999,2237,2236,2752,1677,1,0.007953654
Cold,377421,2203,2202,2752,1677,1,-0.0023450619
Cold,364942,2124,2123,2752,1677,0,-0.009156596
Cold,256881,1571,1570,2752,1677,0,-0.0068590026
Cold,260183,1591,1590,2752,1677,1,0.010661429
Cold,264724,1609,1608,2752,1677,0,0.003815455
Cold,266028,1613,1612,2752,1677,0,0.0029584514
Cold,262346,1600,1599,2752,1677,1,0.0067949407
Cold,242979,1465,1464,2752,1677,0,-0.00075046625
Cold,227303,1377,1376,2752,1677,0,-0.001523355
Cold,357668,2092,2091,2752,1677,1,0.0027824445
Cold,222512,1346,1345,2752,1677,0,0.003102297
Cold,336289,1980,1979,2752,1677,0,0.009317309
Cold,276423,1671,1670,2752,1677,1,0.005525342
Cold,320285,1899,1898,2752,1677,1,-0.00045668683
Cold,289484,1727,1726,2752,1677,0,-0.007945961
Cold,206027,1264,1263,2752,1677,0,-3.2622833e-05
Cold,201024,1239,1238,2752,1677,0,0.010792717
Cold,279814,1680,1679,2752,1677,1,0.006327928
Cold,192199,1183,1182,2752,1677,1,0.0058274344
Cold,307663,1835,1834,2752,1677,1,0.0069653653
Cold,244172,1470,1469,2752,1677,0,0.0006397222
Cold,328600,1941,1940,2752,1677,0,-0.006593468
Cold,165328,1053,1052,2752,1677,0,0.009066721
Cold,166126,1058,1057,2752,1677,1,-0.005630061
Cold,331883,1958,1957,2752,1677,0,0.0024887351
Cold,154440,996,995,2752,1677,0,0.0024579521
Cold,149733,963,962,2752,1677,0,0.016751042
Cold,185701,1150,1149,2752,1677,0,0.006762377
Cold,138735,889,888,2752,1677,0,-0.005344213
Cold,130328,844,843,2752,1677,0,0.009149992
Cold,160362,1019,1018,2752,1677,0,-0.003560465
Cold,117661,757,756,2752,1677,0,0.0025088992
Cold,211277,1285,1284,2752,1677,0,0.003791113
Cold,240449,1449,1448,2752,1677,0,0.0075230957
Cold,714134,4277,4276,2752,1677,0,-0.0015047917
Cold,94290,631,630,2752,1677,0,-0.003742976
Cold,284464,1698,1697,2752,1677,0,0.012861
Cold,228497,1383,1382,2752,1677,0,0.000643597
Cold,97172,651,650,2752,1677,0,-0.003195074
Cold,86809,566,565,2752,1677,0,-0.0016061015
Cold,191367,1181,1180,2752,1677,0,0.0046774345
Cold,84458,550,549,2752,1677,0,0.0033967216
Cold,80368,533,532,2752,1677,0,0.0051039066
Cold,68863,461,460,2752,1677,0,0.0025571664
Cold,61642,414,413,2752,1677,0,0.00385832
Cold,308887,1837,1836,2752,1677,0,0.007722016
Cold,47574,319,318,2752,1677,0,0.008242608
Cold,88936,587,586,2752,1677,0,-0.0049633635
Cold,38960,264,263,2752,1677,0,0.0030973316
Cold,32556,219,218,2752,1677,0,-0.0011217357
Cold,32176,216,215,2752,1677,0,-0.009626883
Cold,25113,176,175,2752,1677,0,0.0035108991
Cold,239254,1448,1447,2752,1677,0,0.012127049
Cold,23167,166,165,2752,1677,0,-0.0019782179
Cold,9347,62,61,2752,1677,0,0.00025734445
Cold,1805,17,16,2752,1677,1,0.006954751
Cold,60805,411,410,2752,1677,0,0.0018148748
Cold,207091,1266,1265,2752,1677,0,0.0059403717
Cold,686624,4107,4106,2752,1677,1,0.0033880016
Cold,19507,148,147,2752,1677,1,-0.0011103587
Cold,49524,329,328,2752,1677,0,0.003968578
Cold,122683,791,790,2752,1677,0,0.0049066823
Cold,954365,5761,5760,2752,1677,1,0.010240888
Cold,572422,3507,3506,2752,1677,0,0.006771074
Cold,79675,531,530,2752,1677,0,0.006067996
Cold,102558,678,677,2752,1677,1,0.002099813
Cold,431179,2627,2626,2752,1677,0,0.008522162
Cold,263622,1605,1604,2752,1677,0,0.018795105
Cold,136875,881,880,2752,1677,0,-0.0066135507
Cold,63299,424,423,2752,1677,0,-0.0031232755
Cold,700046,4186,4185,2752,1677,0,0.00426911
Cold,934015,5636,5635,2752,1677,0,0.00097434793
Cold,794227,4748,4747,2752,1677,0,0.008198336
Cold,532522,3286,3285,2757,1678,0,-0.0017495393
Cold,528571,3266,3265,2757,1678,1,-0.0052904584
Cold,522895,3224,3223,2757,1678,1,0.0031233819
Cold,520590,3210,3209,2757,1678,1,-0.0053011253
Cold,503463,3093,3092,2757,1678,0,-0.008406892
Cold,714140,4277,4276,2757,1678,1,0.0093556475
Cold,852967,5113,5112,2757,1678,0,0.0034123794
Cold,448541,2764,2763,2757,1678,0,0.0030890815
Cold,431455,2628,2627,2757,1678,1,-0.0032197929
Cold,416159,2506,2505,2757,1678,0,-9.9307974e-05
Cold,413291,2485,2484,2757,1678,0,-0.00033136364
Cold,464323,2860,2859,2757,1678,1,0.013240787
Cold,403772,2411,2410,2757,1678,1,-0.011132208
Cold,381769,2231,2230,2757,1678,0,0.0042372616
Cold,383001,2237,2236,2757,1678,1,-0.005802652
Cold,378814,2211,2210,2757,1678,1,0.0016159345
Cold,376781,2199,2198,2757,1678,1,-0.0058374438
Cold,374664,2184,2183,2757,1678,1,-0.0030438325
Cold,373070,2178,2177,2757,1678,1,-0.0021405602
Cold,372126,2173,2172,2757,1678,1,-0.002592308
Cold,371324,2170,2169,2757,1678,1,-0.0069183963
Cold,356133,2086,2085,2757,1678,0,-0.00536629
Cold,354516,2075,2074,2757,1678,1,0.0061445325
Cold,353765,2072,2071,2757,1678,1,0.005591335
Cold,353010,2067,2066,2757,1678,0,0.0027836154
Cold,347493,2038,2037,2757,1678,0,-6.3010026e-05
Cold,343885,2019,2018,2757,1678,1,-0.0047106347
Cold,339582,2001,2000,2757,1678,1,0.00038082083
Cold,280974,1685,1684,2757,1678,0,0.0067590196
Cold,279827,1680,1679,2757,1678,1,0.002315661
Cold,269238,1632,1631,2757,1678,0,0.007677002
Cold,264236,1607,1606,2757,1678,1,-0.0073519126
Cold,261018,1595,1594,2757,1678,0,0.0025672868
Cold,258213,1583,1582,2757,1678,1,0.0006914708
Cold,338322,1988,1987,2757,1678,1,-0.004623945
Cold,259637,1587,1586,2757,1678,0,0.00015113421
Cold,228504,1383,1382,2757,1678,0,0.001519041
Cold,217775,1321,1320,2757,1678,0,-0.0037486404
Cold,211827,1288,1287,2757,1678,1,-0.003533788
Cold,200948,1238,1237,2757,1678,1,-0.0038148724
Cold,298628,1772,1771,2757,1678,1,-0.0037648275
Cold,188675,1170,1169,2757,1678,1,-0.0035677264
Cold,165333,1053,1052,2757,1678,0,0.008348895
Cold,320293,1899,1898,2757,1678,1,-0.0017530469
Cold,140499,902,901,2757,1678,1,0.0021488462
Cold,140018,897,896,2757,1678,0,0.0053543416
Cold,131326,850,849,2757,1678,1,-0.00789904
Cold,124585,801,800,2757,1678,1,-0.0089211725
Cold,111916,728,727,2757,1678,1,-0.007929186
Cold,111738,727,726,2757,1678,0,0.0036404484
Cold,101194,675,674,2757,1678,0,-0.006502068
Cold,94634,635,634,2757,1678,1,0.008878292
Cold,191377,1181,1180,2757,1678,0,0.00072859693
Cold,883505,5333,5332,2757,1678,0,0.013890111
Cold,116539,752,751,2757,1678,1,-0.00016156654
Cold,76784,520,519,2757,1678,1,-0.007856415
Cold,639308,3842,3841,2757,1678,1,0.002726571
Cold,42114,285,284,2757,1678,1,0.00153243
Cold,313006,1865,1864,2757,1678,1,-0.0006676605
Cold,332280,1960,1959,2757,1678,1,-0.0017454496
Cold,32186,216,215,2757,1678,0,0.009712867
Cold,9354,62,61,2757,1678,1,0.008278739
Cold,239259,1448,1447,2757,1678,0,0.014627604
Cold,203709,1252,1251,2757,1678,1,0.0019916021
Cold,158586,1015,1014,2757,1678,0,0.00955303
Cold,365875,2129,2128,2757,1678,1,-0.002254933
Cold,249943,1505,1504,2757,1678,1,-0.009668587
Cold,317012,1884,1883,2757,1678,1,-0.008143589
Cold,3211,24,23,2757,1678,1,0.0026495717
Cold,807782,4834,4833,2757,1678,1,0.005754285
Cold,102568,678,677,2757,1678,1,0.003385644
Cold,232852,1415,1414,2757,1678,0,0.0019926513
Cold,319547,1897,1896,2757,1678,1,-0.0043089907
Cold,25919,183,182,2757,1678,1,-0.0022293571
Cold,397420,2353,2352,2757,1678,1,-0.0047945227
Cold,287323,1715,1714,2769,1684,1,0.00476535
Cold,619084,3751,3750,2769,1684,0,0.0022669397
Cold,460847,2841,2840,2769,1684,0,-0.003471178
Cold,599462,3648,3647,2769,1684,0,-0.005460294
Cold,388227,2271,2270,2769,1684,0,0.0049359803
Cold,908434,5493,5492,2769,1684,0,0.009343692
Cold,451548,2779,2778,2769,1684,1,0.0040726364
Cold,355155,2077,2076,2769,1684,1,-0.00049420516
Cold,176146,1113,1112,2769,1684,0,0.0018975885
Cold,941815,5682,5681,2769,1684,0,-0.015257498
Cold,984460,5949,5948,2769,1684,0,-0.008991017
Cold,807787,4834,4833,2769,1684,0,0.003039795
Cold,172050,1088,1087,2769,1684,0,0.0016560524
Cold,352299,2063,2062,2769,1684,0,0.0010823412
Cold,804556,4816,4815,2769,1684,0,-0.008891883
Cold,235238,1425,1424,2769,1684,1,0.001446316
Cold,346715,2031,2030,2769,1684,0,-0.003559433
Cold,481001,2953,2952,2771,1686,0,-0.008706453
Cold,470528,2896,2895,2771,1686,1,-0.001882656
Cold,665319,4005,4004,2771,1686,0,-0.00584914
Cold,456606,2810,2809,2771,1686,1,0.0059780986
Cold,560039,3441,3440,2771,1686,1,-0.008425108
Cold,455139,2801,2800,2771,1686,0,-0.013416633
Cold,450390,2776,2775,2771,1686,0,-0.0026642885
Cold,444847,2743,2742,2771,1686,1,-0.0032889452
Cold,563229,3464,3463,2771,1686,0,-0.007895198
Cold,429532,2615,2614,2771,1686,0,-0.0019139058
Cold,407429,2446,2445,2771,1686,0,-0.011519136
Cold,394863,2331,2330,2771,1686,1,-0.00312674
Cold,393681,2317,2316,2771,1686,1,-0.0037548994
Cold,433291,2641,2640,2771,1686,0,-0.0046362495
Cold,387950,2270,2269,2771,1686,0,-0.0023119592
Cold,386740,2261,2260,2771,1686,0,0.0023909053
Cold,376791,2199,2198,2771,1686,0,-0.008221826
Cold,370576,2166,2165,2771,1686,1,-0.010821071
Cold,382541,2235,2234,2771,1686,0,-0.00703205
Cold,363402,2116,2115,2771,1686,1,-0.0012244545
Cold,358024,2095,2094,2771,1686,0,-0.0034471534
Cold,354329,2073,2072,2771,1686,0,-0.012241872
Cold,349688,2052,2051,2771,1686,0,-0.0019053491
Cold,348672,2043,2042,2771,1686,0,-0.011567069
Cold,345671,2027,2026,2771,1686,1,-0.0043076538
Cold,340004,2005,2004,2771,1686,0,0.0006972046
Cold,336765,1982,1981,2771,1686,0,-0.0007999055
Cold,332858,1962,1961,2771,1686,0,-0.0038513606
Cold,340929,2010,2009,2771,1686,0,-0.0038165303
Cold,325950,1929,1928,2771,1686,0,-0.0074011767
Cold,311383,1854,1853,2771,1686,0,0.0030027637
Cold,306679,1828,1827,2771,1686,0,-0.008479532
Cold,314218,1875,1874,2771,1686,0,-0.0016900273
Cold,298480,1769,1768,2771,1686,0,0.00031534233
Cold,306859,1831,1830,2771,1686,0,-0.009973464
Cold,278387,1679,1678,2771,1686,0,-0.0052361246
Cold,275260,1666,1665,2771,1686,0,-0.008379445
Cold,264435,1608,1607,2771,1686,0,-0.005722519
Cold,265277,1611,1610,2771,1686,0,-0.011620002
Cold,256965,1572,1571,2771,1686,1,-0.005499716
Cold,250962,1514,1513,2771,1686,0,-0.0014678584
Cold,233197,1418,1417,2771,1686,0,-0.006217926
Cold,237237,1442,1441,2771,1686,0,-0.0065535936
Cold,214161,1300,1299,2771,1686,0,-0.0076393024
Cold,194069,1195,1194,2771,1686,1,-0.004989033
Cold,196739,1207,1206,2771,1686,0,-0.0082021495
Cold,321761,1908,1907,2771,1686,1,-0.009847237
Cold,189515,1173,1172,2771,1686,0,-0.0045226635
Cold,189121,1172,1171,2771,1686,0,-0.0004336813
Cold,186515,1153,1152,2771,1686,0,0.00628246
Cold,205433,1263,1262,2771,1686,0,-0.014771126
Cold,168681,1069,1068,2771,1686,0,-0.007740995
Cold,175775,1112,1111,2771,1686,0,-0.008572703
Cold,270511,1636,1635,2771,1686,0,-0.0060499245
Cold,203616,1251,1250,2771,1686,0,0.0013160855
Cold,151749,975,974,2771,1686,0,-0.008532912
Cold,221623,1340,1339,2771,1686,0,-0.0075253695
Cold,148863,957,956,2771,1686,0,0.00035698537
Cold,150795,970,969,2771,1686,1,-0.011576116
Cold,245379,1482,1481,2771,1686,0,-0.0017454835
Cold,139862,896,895,2771,1686,0,-0.00053705263
Cold,157235,1010,1009,2771,1686,0,-0.006031993
Cold,135199,875,874,2771,1686,1,-0.0052910657
Cold,182230,1137,1136,2771,1686,0,-0.006758388
Cold,128086,828,827,2771,1686,1,-0.0052629192
Cold,263683,1605,1604,2771,1686,0,-0.008975765
Cold,122087,787,786,2771,1686,0,-0.0083821835
Cold,361110,2106,2105,2771,1686,0,0.00071479846
Cold,110448,720,719,2771,1686,1,-0.011125296
Cold,109451,714,713,2771,1686,1,-0.0017174372
Cold,117099,754,753,2771,1686,0,0.00010579749
Cold,101197,675,674,2771,1686,0,-0.0069358274
Cold,87340,570,569,2771,1686,0,-0.0074831615
Cold,239318,1448,1447,2771,1686,0,-0.00636354
Cold,72858,492,491,2771,1686,1,-0.002549383
Cold,197468,1211,1210,2771,1686,1,-0.0005741957
Cold,64374,429,428,2771,1686,0,-0.005271611
Cold,61983,416,415,2771,1686,1,-0.008813078
Cold,155509,1001,1000,2771,1686,0,-0.005416457
Cold,43138,295,294,2771,1686,0,-0.009825109
Cold,57001,385,384,2771,1686,0,-9.0210524e-05
Cold,287500,1716,1715,2771,1686,0,-0.007890349
Cold,40508,272,271,2771,1686,0,-0.007246813
Cold,21088,154,153,2771,1686,0,0.0012460202
Cold,17309,135,134,2771,1686,0,-0.0003040596
Cold,10700,77,76,2771,1686,0,-0.0062844483
Cold,223784,1354,1353,2771,1686,0,-0.010134575
Cold,79722,531,530,2771,1686,0,-0.008378991
Cold,352323,2063,2062,2771,1686,0,-0.009711462
Cold,257934,1579,1578,2771,1686,0,-0.016498264
Cold,483306,2969,2968,2771,1686,1,-0.0012522754
Cold,12104,92,91,2771,1686,0,-0.013387077
Cold,556639,3420,3419,2771,1686,1,-0.003850088
Cold,429301,2611,2610,2771,1686,0,-0.0048003327
Cold,302296,1794,1793,2771,1686,0,0.0008683278
Cold,541724,3333,3332,2771,1686,0,-0.010321821
Cold,331924,1958,1957,2771,1686,0,-0.010004146
Cold,599473,3648,3647,2771,1686,0,-0.008339023
Cold,907883,5492,5491,2771,1686,0,-0.008299494
Cold,195745,1203,1202,2771,1686,0,-0.009814359
Cold,496653,3051,3050,2771,1686,0,0.0036155898
Cold,476481,2926,2925,2771,1686,0,-0.004882675
Cold,235256,1425,1424,2771,1686,1,-0.0078407815
Cold,187100,1160,1159,2771,1686,0,-0.0039899014
Cold,434954,2655,2654,2771,1686,0,-0.005880834
Cold,136927,881,880,2771,1686,0,-0.010098879
Cold,13364,104,103,2771,1686,0,-0.0027550163
Cold,172069,1088,1087,2771,1686,0,-0.013843193
Cold,902264,5453,5452,2771,1686,0,-0.00862833
Cold,193898,1194,1193,2771,1686,0,-0.0111192
Cold,34000,229,228,2771,1686,1,-0.0062526474
Cold,750717,4478,4477,2774,1688,0,0.0021483288
Cold,24473,173,172,2774,1688,0,-0.00446493
Cold,90034,593,592,2774,1688,1,0.00060590554
Cold,880223,5317,5316,2774,1688,1,-0.003231289
Cold,665322,4005,4004,2774,1688,1,-0.0014895706
Cold,5211,36,35,2774,1688,1,-0.006275649
Cold,986834,5956,5955,2774,1688,0,0.0035939817
Cold,682762,4085,4084,2774,1688,0,-0.0068081664
Cold,231773,1404,1403,2780,1690,0,0.0026229357
Cold,224558,1357,1356,2780,1690,0,0.0028295347
Cold,328741,1941,1940,2780,1690,0,-0.0028405613
Cold,182902,1140,1139,2780,1690,1,-0.0036720778
Cold,159443,1017,1016,2780,1690,1,-0.0048604375
Cold,221648,1340,1339,2780,1690,0,-0.0044116653
Cold,118148,764,763,2780,1690,1,-0.0033244572
Cold,160434,1019,1018,2780,1690,0,0.0011366722
Cold,70941,476,475,2780,1690,1,-0.0026902268
Cold,68460,460,459,2780,1690,0,-0.0079446435
Cold,69128,462,461,2780,1690,0,0.0031530734
Cold,57652,390,389,2780,1690,0,0.009167776
Cold,63396,424,423,2780,1690,1,0.0021743858
Cold,41244,278,277,2780,1690,1,0.0012459899
Cold,36664,245,244,2780,1690,0,-0.0059327963
Cold,26831,190,189,2780,1690,0,-0.001013007
Cold,4166,31,30,2780,1690,0,-0.008089442
Cold,161443,1029,1028,2780,1690,0,0.004962364
Cold,808582,4842,4841,2780,1690,0,-0.0019394781
Cold,115556,749,748,2780,1690,0,0.0015027509
Cold,24488,173,172,2780,1690,0,0.001926802
Cold,271864,1643,1642,2780,1690,0,-0.0031012346
Cold,328743,1941,1940,2781,1691,0,0.0009771623
Cold,238292,1447,1446,2781,1691,0,0.009604165
Cold,63399,424,423,2781,1691,1,0.0027288129
Cold,383039,2237,2236,2782,1692,0,0.0019851644
Cold,378015,2205,2204,2782,1692,0,-0.011264773
Cold,374430,2181,2180,2782,1692,1,-0.014635613
Cold,368656,2155,2154,2782,1692,1,-0.0022515042
Cold,369107,2157,2156,2782,1692,1,0.00078062457
Cold,364993,2124,2123,2782,1692,1,-0.0005905614
Cold,436715,2665,2664,2782,1692,1,8.5833366e-05
Cold,361930,2109,2108,2782,1692,1,-0.011049826
Cold,356561,2088,2087,2782,1692,0,-0.0015209857
Cold,344484,2021,2020,2782,1692,0,-0.004861893
Cold,339430,1999,1998,2782,1692,0,-0.011526967
Cold,334351,1973,1972,2782,1692,0,-0.0034449738
Cold,300758,1781,1780,2782,1692,1,-0.010558644
Cold,316001,1882,1881,2782,1692,1,-0.0053708283
Cold,288345,1722,1721,2782,1692,1,0.000953811
Cold,224559,1357,1356,2782,1692,1,0.007915573
Cold,328747,1941,1940,2782,1692,0,0.0011301341
Cold,182905,1140,1139,2782,1692,0,0.006066158
Cold,159445,1017,1016,2782,1692,1,-0.0041364073
Cold,158688,1015,1014,2782,1692,0,-0.01081843
Cold,324049,1920,1919,2782,1692,0,-0.012897463
Cold,199646,1224,1223,2782,1692,1,-0.009995045
Cold,133887,868,867,2782,1692,1,-0.006323886
Cold,131364,850,849,2782,1692,1,-0.004660049
Cold,315604,1880,1879,2782,1692,0,0.0012771678
Cold,124344,800,799,2782,1692,1,-0.0029376186
Cold,118149,764,763,2782,1692,1,0.0008796309
Cold,115557,749,748,2782,1692,0,-0.0070742154
Cold,75108,509,508,2782,1692,1,0.006368242
Cold,45237,305,304,2782,1692,1,0.0067144097
Cold,35589,240,239,2782,1692,0,-0.0018936533
Cold,714189,4277,4276,2782,1692,0,-0.007395034
Cold,32261,216,215,2782,1692,1,-0.008951971
Cold,9404,62,61,2782,1692,1,-0.0039072484
Cold,238293,1447,1446,2782,1692,0,-0.0014238104
Cold,174351,1101,1100,2782,1692,0,-0.010423478
Cold,2413,19,18,2782,1692,0,-0.0016783196
Cold,490983,3018,3017,2782,1692,1,-0.0077706175
Cold,293966,1748,1747,2782,1692,0,-0.000109668355
Cold,349408,2050,2049,2782,1692,1,-0.0035718894
Cold,622399,3768,3767,2782,1692,1,0.00031661242
Cold,892024,5387,5386,2782,1692,0,0.004062284
Cold,474121,2909,2908,2782,1692,1,-0.0022943043
Cold,24491,173,172,2782,1692,0,0.00097528426
Cold,52230,343,342,2782,1692,1,0.00083432236
Cold,63401,424,423,2782,1692,1,-0.005005016
Cold,241490,1451,1450,2782,1692,0,0.004928042
Cold,697804,4169,4168,2784,1693,1,0.007630737
Cold,490984,3018,3017,2784,1693,1,-0.0011416612
Cold,421248,2544,2543,2784,1693,0,-0.010375846
Cold,185800,1150,1149,2786,1694,0,-0.004139725
Cold,122268,788,787,2786,1694,0,-0.0003319753
Cold,352373,2063,2062,2786,1694,0,-0.01337203
Cold,83555,549,548,2786,1694,0,-0.0008334988
Cold,119544,770,769,2786,1694,0,0.004581032
Cold,132710,855,854,2786,1694,0,-0.0053653363
Cold,239354,1448,1447,2786,1694,0,0.003772244
Cold,8181,56,55,2786,1694,0,0.0023393456
Cold,234381,1422,1421,2786,1694,0,-0.0053413836
Cold,299245,1776,1775,2786,1694,0,-0.0033937038
Cold,263712,1605,1604,2786,1694,0,0.0056050248
Cold,295778,1755,1754,2786,1694,1,0.0036398692
Cold,634210,3825,3824,2787,1695,0,0.006136355
Cold,628861,3807,3806,2787,1695,0,0.0041725487
Cold,628226,3804,3803,2787,1695,0,-0.004574389
Cold,627998,3801,3800,2787,1695,1,-0.006614957
Cold,638619,3841,3840,2787,1695,0,-0.0011040744
Cold,623573,3771,3770,2787,1695,0,-0.0054497
Cold,625171,3778,3777,2787,1695,0,-0.008302598
Cold,745547,4448,4447,2787,1695,1,0.0025776357
Cold,633650,3824,3823,2787,1695,0,0.0021363078
Cold,596918,3626,3625,2787,1695,0,0.010327482
Cold,654379,3942,3941,2787,1695,0,0.009319136
Cold,584868,3569,3568,2787,1695,0,0.008543866
Cold,759391,4510,4509,2787,1695,0,0.01358242
Cold,577805,3528,3527,2787,1695,0,0.0036108168
Cold,569508,3491,3490,2787,1695,1,0.0076756272
Cold,560248,3442,3441,2787,1695,0,-0.001502818
Cold,613729,3717,3716,2787,1695,1,0.0025579645
Cold,539061,3314,3313,2787,1695,0,0.00047732535
Cold,537512,3311,3310,2787,1695,0,0.0020605512
Cold,536289,3308,3307,2787,1695,0,-0.0007053012
Cold,528378,3265,3264,2787,1695,0,0.0025750808
Cold,566506,3476,3475,2787,1695,0,-0.0031702595
Cold,606062,3681,3680,2787,1695,1,-0.0007262677
Cold,513167,3163,3162,2787,1695,0,0.0038209432
Cold,499749,3067,3066,2787,1695,0,0.00028175977
Cold,490987,3018,3017,2787,1695,0,-0.00289045
Cold,540109,3320,3319,2787,1695,0,0.0036129046
Cold,476926,2928,2927,2787,1695,0,0.0046302876
Cold,697812,4169,4168,2787,1695,0,0.01232505
Cold,474126,2909,2908,2787,1695,1,0.0012018234
Cold,755007,4497,4496,2787,1695,0,-0.0035512485
Cold,463623,2857,2856,2787,1695,1,0.010200661
Cold,426634,2590,2589,2787,1695,0,-7.040752e-05
Cold,424837,2576,2575,2787,1695,0,-0.0037639122
Cold,397243,2352,2351,2787,1695,0,-0.0007092238
Cold,389123,2279,2278,2787,1695,1,-0.00070820854
Cold,386202,2258,2257,2787,1695,0,-0.0026647192
Cold,381158,2228,2227,2787,1695,0,0.00027943228
Cold,378018,2205,2204,2787,1695,0,0.008813145
Cold,374438,2181,2180,2787,1695,0,0.0066044508
Cold,368938,2156,2155,2787,1695,0,0.001569167
Cold,292716,1742,1741,2787,1695,1,-0.008344073
Cold,290999,1736,1735,2787,1695,0,-0.0017338461
Cold,279983,1680,1679,2787,1695,0,0.0059164725
Cold,277186,1675,1674,2787,1695,0,-0.0036529952
Cold,282787,1694,1693,2787,1695,1,-0.0011048266
Cold,267681,1626,1625,2787,1695,0,0.009305881
Cold,257299,1578,1577,2787,1695,0,0.0032838334
Cold,247931,1496,1495,2787,1695,0,0.013279423
Cold,321429,1904,1903,2787,1695,0,0.0022691186
Cold,213982,1299,1298,2787,1695,0,-0.008899737
Cold,328759,1941,1940,2787,1695,0,0.0043153567
Cold,307742,1835,1834,2787,1695,0,0.005156408
Cold,180477,1128,1127,2787,1695,0,0.011608196
Cold,196769,1207,1206,2787,1695,0,0.007888865
Cold,184152,1146,1145,2787,1695,0,-0.0035138573
Cold,175798,1112,1111,2787,1695,0,0.0006111269
Cold,159456,1017,1016,2787,1695,0,-0.0029971157
Cold,157268,1010,1009,2787,1695,0,0.0026508518
Cold,133888,868,867,2787,1695,1,0.0005798191
Cold,233514,1420,1419,2787,1695,1,0.002416479
Cold,315610,1880,1879,2787,1695,0,-0.0021330481
Cold,240553,1449,1448,2787,1695,0,-0.0024056328
Cold,272398,1645,1644,2787,1695,0,-0.0019256104
Cold,211387,1285,1284,2787,1695,1,-0.003724148
Cold,92857,621,620,2787,1695,0,-0.0019625283
Cold,140789,904,903,2787,1695,1,0.006525702
Cold,81937,543,542,2787,1695,1,0.008746629
Cold,77911,524,523,2787,1695,1,-0.005134021
Cold,80408,533,532,2787,1695,0,0.0033291748
Cold,308939,1837,1836,2787,1695,0,0.0068791546
Cold,57659,390,389,2787,1695,1,0.0011134818
Cold,132712,855,854,2787,1695,0,0.004688269
Cold,45244,305,304,2787,1695,0,-0.0020672767
Cold,177227,1117,1116,2787,1695,0,0.016814552
Cold,270241,1635,1634,2787,1695,1,0.012156333
Cold,239356,1448,1447,2787,1695,1,0.00058807386
Cold,14622,117,116,2787,1695,0,-0.0019347724
Cold,7914,53,52,2787,1695,1,0.0023795378
Cold,207164,1266,1265,2787,1695,0,-0.00689979
Cold,864135,5205,5204,2787,1695,0,0.0012263651
Cold,552662,3401,3400,2787,1695,0,0.00028134603
Cold,365911,2129,2128,2787,1695,0,1.2185192e-05
Cold,299247,1776,1775,2787,1695,0,-0.007361193
Cold,573007,3509,3508,2787,1695,0,0.0021150806
Cold,622402,3768,3767,2787,1695,0,-0.0024732477
Cold,102664,678,677,2787,1695,0,-0.016073376
Cold,317949,1889,1888,2787,1695,1,-0.001664168
Cold,305160,1812,1811,2787,1695,0,0.0063539213
Cold,352377,2063,2062,2787,1695,0,0.008708121
Cold,329593,1943,1942,2787,1695,0,-0.0016201553
Cold,115566,749,748,2787,1695,0,-0.0021461823
Cold,562802,3462,3461,2787,1695,0,-0.007547852
Cold,336389,1980,1979,2787,1695,0,-0.008370101
Cold,322726,1912,1911,2787,1695,0,-0.0041116443
Cold,408444,2453,2452,2787,1695,0,0.005670567
Cold,331956,1958,1957,2787,1695,0,-0.0064418437
Cold,63409,424,423,2787,1695,0,0.0027160838
Cold,116615,752,751,2787,1695,0,-0.002775373
Cold,588648,3590,3589,2787,1695,1,0.0043168627
Cold,710013,4258,4257,2787,1695,0,0.0058184965
Cold,235282,1425,1424,2787,1695,0,0.0021487903
Cold,629927,3808,3807,2789,1697,1,0.0045418944
Cold,628000,3801,3800,2789,1697,0,0.008786349
Cold,638623,3841,3840,2789,1697,1,-0.003613966
Cold,623577,3771,3770,2789,1697,1,0.0067718364
Cold,619635,3754,3753,2789,1697,1,0.005097555
Cold,615830,3727,3726,2789,1697,0,0.007788403
Cold,745550,4448,4447,2789,1697,0,0.00021407171
Cold,603199,3670,3669,2789,1697,0,-0.0043545393
Cold,621378,3762,3761,2789,1697,0,0.006170047
Cold,719048,4305,4304,2789,1697,0,0.0132697625
Cold,577806,3528,3527,2789,1697,0,0.0058919033
Cold,569512,3491,3490,2789,1697,1,0.0105016
Cold,584870,3569,3568,2789,1697,1,0.000658731
Cold,554234,3410,3409,2789,1697,0,0.0032535107
Cold,537518,3311,3310,2789,1697,0,0.0037837054
Cold,524251,3231,3230,2789,1697,1,-0.00015846454
Cold,519841,3207,3206,2789,1697,1,0.0045318673
Cold,518922,3201,3200,2789,1697,0,0.0020640069
Cold,518270,3198,3197,2789,1697,1,0.0042668437
Cold,522983,3224,3223,2789,1697,0,0.002493456
Cold,566508,3476,3475,2789,1697,0,0.007199362
Cold,476929,2928,2927,2789,1697,0,0.0040223934
Cold,697815,4169,4168,2789,1697,0,0.008757385
Cold,485330,2986,2985,2789,1697,0,0.0021574204
Cold,710370,4260,4259,2789,1697,0,0.008846857
Cold,463626,2857,2856,2789,1697,0,0.010631012
Cold,462302,2852,2851,2789,1697,0,0.002308526
Cold,458298,2820,2819,2789,1697,0,0.00058440317
Cold,790881,4728,4727,2789,1697,1,0.010532143
Cold,433803,2643,2642,2789,1697,1,0.00030133966
Cold,430781,2625,2624,2789,1697,0,0.009983202
Cold,414780,2496,2495,2789,1697,0,0.011409075
Cold,409828,2457,2456,2789,1697,0,0.004509151
Cold,397246,2352,2351,2789,1697,0,-0.00075766165
Cold,405578,2429,2428,2789,1697,0,-0.0037480022
Cold,389124,2279,2278,2789,1697,0,0.007837558
Cold,406827,2444,2443,2789,1697,0,0.0031553824
Cold,386204,2258,2257,2789,1697,0,-0.0023961056
Cold,383043,2237,2236,2789,1697,0,0.005812641
Cold,378019,2205,2204,2789,1697,0,0.01063491
Cold,370106,2164,2163,2789,1697,0,0.0071649347
Cold,357949,2094,2093,2789,1697,0,0.0063504833
Cold,359598,2102,2101,2789,1697,0,0.012140531
Cold,364999,2124,2123,2789,1697,1,0.003962672
Cold,361935,2109,2108,2789,1697,0,0.010137409
Cold,305409,1816,1815,2789,1697,1,0.009437549
Cold,305964,1820,1819,2789,1697,0,0.0028702
Cold,288349,1722,1721,2789,1697,0,-0.00084075844
Cold,300589,1780,1779,2789,1697,0,0.0035053776
Cold,279988,1680,1679,2789,1697,0,0.005503481
Cold,277187,1675,1674,2789,1697,0,0.0005446421
Cold,278295,1678,1677,2789,1697,1,0.0045367703
Cold,281001,1685,1684,2789,1697,0,0.0015933746
Cold,247935,1496,1495,2789,1697,0,0.009001802
Cold,350814,2059,2058,2789,1697,1,-0.0013633235
Cold,243033,1465,1464,2789,1697,0,0.0018966247
Cold,226444,1370,1369,2789,1697,0,-0.0032852695
Cold,436718,2665,2664,2789,1697,1,0.006933785
Cold,213701,1298,1297,2789,1697,1,0.005621667
Cold,294519,1749,1748,2789,1697,0,9.0825604e-05
Cold,197077,1209,1208,2789,1697,0,0.009839764
Cold,328765,1941,1940,2789,1697,0,-0.0005416736
Cold,177708,1119,1118,2789,1697,0,0.013329467
Cold,176429,1115,1114,2789,1697,0,-5.7386e-05
Cold,184155,1146,1145,2789,1697,0,-0.0046645114
Cold,159459,1017,1016,2789,1697,0,0.0008325821
Cold,324054,1920,1919,2789,1697,0,0.012970806
Cold,235966,1428,1427,2789,1697,1,-0.0023853683
Cold,133890,868,867,2789,1697,0,-0.0006873427
Cold,233515,1420,1419,2789,1697,1,0.0009678254
Cold,131367,850,849,2789,1697,1,0.0029874528
Cold,115569,749,748,2789,1697,1,0.012415366
Cold,130619,846,845,2789,1697,0,0.0062352335
Cold,97219,651,650,2789,1697,1,0.016855523
Cold,95076,637,636,2789,1697,1,0.008811586
Cold,394319,2323,2322,2789,1697,0,0.0008169573
Cold,191485,1181,1180,2789,1697,0,0.010058399
Cold,239358,1448,1447,2789,1697,0,0.007916633
Cold,83558,549,548,2789,1697,1,0.008352751
Cold,80412,533,532,2789,1697,0,0.007932287
Cold,57662,390,389,2789,1697,1,0.0048543997
Cold,63415,424,423,2789,1697,1,0.0091799665
Cold,211391,1285,1284,2789,1697,0,0.006565337
Cold,48022,321,320,2789,1697,1,0.014351087
Cold,41252,278,277,2789,1697,0,0.0023839534
Cold,41067,276,275,2789,1697,0,0.003817179
Cold,36673,245,244,2789,1697,0,0.005288995
Cold,99918,667,666,2789,1697,1,-0.0010060595
Cold,22869,165,164,2789,1697,1,0.00029291556
Cold,947795,5722,5721,2789,1697,0,0.0035892206
Cold,192779,1186,1185,2789,1697,1,0.0035942825
Cold,15751,123,122,2789,1697,1,0.012739774
Cold,7917,53,52,2789,1697,1,0.0020875537
Cold,2416,19,18,2789,1697,0,0.00062348624
Cold,552665,3401,3400,2789,1697,0,0.0022697344
Cold,238303,1447,1446,2789,1697,0,0.0082801785
Cold,174355,1101,1100,2789,1697,0,0.00027036853
Cold,365912,2129,2128,2789,1697,0,0.004513806
Cold,31087,208,207,2789,1697,0,0.0058004847
Cold,299250,1776,1775,2789,1697,1,0.004549311
Cold,102666,678,677,2789,1697,0,0.004904922
Cold,474421,2910,2909,2789,1697,0,0.0034379747
Cold,178400,1120,1119,2789,1697,1,0.013451186
Cold,241493,1451,1450,2789,1697,0,-0.0031756759
Cold,633655,3824,3823,2789,1697,0,0.0070105363
Cold,241502,1451,1450,2790,1698,0,-0.0015134775
Cold,872726,5269,5268,2798,1706,0,0.0069700303
Cold,572514,3507,3506,2798,1706,1,-0.0062686345
Cold,659301,3971,3970,2798,1706,0,0.004770631
Cold,581457,3550,3549,2798,1706,0,0.0046910346
Cold,555982,3416,3415,2798,1706,0,-0.002145567
Cold,557050,3422,3421,2798,1706,0,0.0017012414
Cold,771919,4600,4599,2798,1706,0,0.0027782726
Cold,573018,3509,3508,2798,1706,0,0.006591384
Cold,575614,3519,3518,2798,1706,0,0.00046395464
Cold,550645,3391,3390,2798,1706,0,0.00014933571
Cold,547670,3378,3377,2798,1706,0,0.0011194586
Cold,537541,3311,3310,2798,1706,0,0.00406103
Cold,536300,3308,3307,2798,1706,0,0.0056714257
Cold,533997,3295,3294,2798,1706,0,0.0019012074
Cold,584884,3569,3568,2798,1706,0,0.0086372215
Cold,519127,3202,3201,2798,1706,0,-0.0016036963
Cold,532417,3285,3284,2798,1706,0,0.0010903812
Cold,515107,3180,3179,2798,1706,0,0.0015323162
Cold,499767,3067,3066,2798,1706,0,0.006407014
Cold,494569,3032,3031,2798,1706,1,0.0036510928
Cold,493603,3031,3030,2798,1706,0,-0.0004318297
Cold,487508,2998,2997,2798,1706,0,0.00559821
Cold,485352,2986,2985,2798,1706,0,0.0074179065
Cold,474160,2909,2908,2798,1706,0,0.0029652037
Cold,487239,2996,2995,2798,1706,0,0.000927893
Cold,450414,2776,2775,2798,1706,0,0.007594417
Cold,451233,2777,2776,2798,1706,0,0.0035407844
Cold,420583,2541,2540,2798,1706,0,0.008001216
Cold,419982,2537,2536,2798,1706,0,-0.0032334304
Cold,399617,2378,2377,2798,1706,0,-0.008547813
Cold,390207,2288,2287,2798,1706,0,-0.00088280626
Cold,356081,2085,2084,2798,1706,0,0.0014901422
Cold,352408,2063,2062,2798,1706,0,0.00872132
Cold,436739,2665,2664,2798,1706,0,0.0030106304
Cold,361948,2109,2108,2798,1706,0,-0.0023646895
Cold,341847,2012,2011,2798,1706,0,0.0006073923
Cold,288164,1721,1720,2798,1706,0,-0.003249987
Cold,281442,1687,1686,2798,1706,1,0.00034479273
Cold,299265,1776,1775,2798,1706,0,0.00060544803
Cold,275283,1666,1665,2798,1706,0,0.010318562
Cold,286352,1709,1708,2798,1706,0,0.008707772
Cold,266112,1613,1612,2798,1706,0,0.007722482
Cold,236098,1430,1429,2798,1706,0,0.0053209546
Cold,224360,1356,1355,2798,1706,0,-0.0013890695
Cold,213112,1297,1296,2798,1706,0,0.002888298
Cold,278050,1676,1675,2798,1706,0,0.0024491125
Cold,261985,1599,1598,2798,1706,0,0.006032089
Cold,280035,1680,1679,2798,1706,0,0.009125831
Cold,213720,1298,1297,2798,1706,0,0.001452208
Cold,196787,1207,1206,2798,1706,0,0.00444048
Cold,236515,1434,1433,2798,1706,0,0.0028639506
Cold,179867,1125,1124,2798,1706,1,0.006865386
Cold,175816,1112,1111,2798,1706,0,0.0005798701
Cold,328797,1941,1940,2798,1706,0,0.0016502272
Cold,164091,1050,1049,2798,1706,0,0.003496265
Cold,272414,1645,1644,2798,1706,0,0.008398356
Cold,164907,1051,1050,2798,1706,0,0.00613238
Cold,136975,881,880,2798,1706,0,0.0012617835
Cold,332897,1962,1961,2798,1706,0,0.0054009976
Cold,121619,781,780,2798,1706,0,-0.0026062604
Cold,178412,1120,1119,2798,1706,0,0.0029211105
Cold,361160,2106,2105,2798,1706,0,-0.000777883
Cold,120635,777,776,2798,1706,0,0.00055191945
Cold,106351,699,698,2798,1706,0,0.0045195995
Cold,101544,676,675,2798,1706,0,-0.0067267185
Cold,109475,714,713,2798,1706,0,0.0038040148
Cold,99103,660,659,2798,1706,0,0.0064481404
Cold,96520,647,646,2798,1706,0,0.0019297185
Cold,77939,524,523,2798,1706,0,0.0071020224
Cold,299847,1778,1777,2798,1706,0,-0.00017237593
Cold,119566,770,769,2798,1706,0,-0.003245431
Cold,81958,543,542,2798,1706,0,0.00024864124
Cold,73194,494,493,2798,1706,0,-0.0066916724
Cold,87132,569,568,2798,1706,0,0.004471368
Cold,67597,453,452,2798,1706,0,0.00546591
Cold,65603,438,437,2798,1706,0,0.004394331
Cold,251276,1516,1515,2798,1706,0,0.008830285
Cold,58204,392,391,2798,1706,0,-0.004112371
Cold,240587,1449,1448,2798,1706,0,-0.003531597
Cold,44758,302,301,2798,1706,0,0.007070478
Cold,39638,268,267,2798,1706,0,0.00929776
Cold,32293,216,215,2798,1706,0,0.008409541
Cold,337252,1983,1982,2798,1706,0,0.0060062874
Cold,96763,649,648,2798,1706,0,0.0041552205
Cold,30058,202,201,2798,1706,0,0.0010960631
Cold,291741,1737,1736,2798,1706,0,0.0039080554
Cold,235301,1425,1424,2798,1706,0,0.0016389573
Cold,49647,329,328,2798,1706,0,0.0055359155
Cold,15772,123,122,2798,1706,0,-0.002367092
Cold,3636,26,25,2798,1706,0,-0.0005202903
Cold,363452,2116,2115,2798,1706,0,0.0050372584
Cold,329615,1943,1942,2798,1706,0,-0.0013695887
Cold,331977,1958,1957,2798,1706,0,0.0025561063
Cold,160471,1019,1018,2798,1706,0,-0.007868043
Cold,907888,5492,5491,2798,1706,0,0.000350954
Cold,893522,5394,5393,2798,1706,0,-0.0029869361
Cold,116936,753,752,2798,1706,1,-0.0033154548
Cold,273313,1647,1646,2798,1706,0,0.006926961
Cold,257973,1579,1578,2798,1706,0,-0.0021036984
Cold,461668,2847,2846,2798,1706,0,-0.0021490226
Cold,288165,1721,1720,2799,1707,0,0.0017788575
Cold,281444,1687,1686,2799,1707,0,0.0012737955
Cold,266115,1613,1612,2799,1707,0,0.004002097
Cold,224362,1356,1355,2799,1707,0,0.005931105
Cold,296916,1759,1758,2799,1707,0,-0.008118935
Cold,213115,1297,1296,2799,1707,0,0.0006335302
Cold,278053,1676,1675,2799,1707,0,-0.00068793725
Cold,280039,1680,1679,2799,1707,0,0.0023781173
Cold,236516,1434,1433,2799,1707,0,0.0072518783
Cold,183667,1142,1141,2799,1707,0,0.0021126557
Cold,177253,1117,1116,2799,1707,0,-0.0057095247
Cold,178415,1120,1119,2799,1707,0,0.007506661
Cold,175820,1112,1111,2799,1707,0,0.0045708525
Cold,136978,881,880,2799,1707,0,-0.0008836644
Cold,332900,1962,1961,2799,1707,0,0.0019890901
Cold,361163,2106,2105,2799,1707,0,-0.003021119
Cold,120637,777,776,2799,1707,0,-0.0033086159
Cold,106353,699,698,2799,1707,0,-0.0013385923
Cold,179870,1125,1124,2799,1707,0,-0.0017366803
Cold,101546,676,675,2799,1707,0,-0.0015261436
Cold,299849,1778,1777,2799,1707,0,-0.0033309152
Cold,119568,770,769,2799,1707,0,-0.0018249331
Cold,73195,494,493,2799,1707,0,0.0016562706
Cold,87134,569,568,2799,1707,1,0.0021865708
Cold,251278,1516,1515,2799,1707,0,0.005481886
Cold,44762,302,301,2799,1707,0,0.005055976
Cold,39641,268,267,2799,1707,0,-0.006670651
Cold,240589,1449,1448,2799,1707,0,-0.0010690214
Cold,96764,649,648,2799,1707,0,-0.00016764831
Cold,49650,329,328,2799,1707,0,-0.0063755084
Cold,363455,2116,2115,2799,1707,1,-0.0040105064
Cold,573020,3509,3508,2799,1707,0,-0.00084540993
Cold,272416,1645,1644,2799,1707,0,0.011768885
Cold,116938,753,752,2799,1707,0,0.006672644
Cold,342856,2015,2014,2799,1707,0,0.0022261196
Cold,273315,1647,1646,2799,1707,0,-0.0023017076
Cold,235303,1425,1424,2799,1707,0,0.008223137
Cold,461671,2847,2846,2799,1707,0,0.0035273528
Cold,257976,1579,1578,2799,1707,0,-0.00057869346
Cold,185087,1150,1149,2801,1708,0,0.0039810296
Cold,201455,1242,1241,2801,1708,1,0.00024980027
Cold,174478,1103,1102,2801,1708,0,0.01068965
Cold,169781,1078,1077,2801,1708,1,0.010471986
Cold,169090,1073,1072,2801,1708,1,0.0032528236
Cold,148251,955,954,2801,1708,0,-0.0067317765
Cold,131822,854,853,2801,1708,0,0.009077267
Cold,131075,850,849,2801,1708,1,0.010074001
Cold,223431,1354,1353,2801,1708,0,-0.0007877033
Cold,778836,4653,4652,2801,1708,0,0.0056816153
Cold,103655,689,688,2801,1708,1,0.004921052
Cold,100782,673,672,2801,1708,1,-0.0032816445
Cold,176821,1117,1116,2801,1708,0,0.0009931515
Cold,234860,1425,1424,2801,1708,1,-0.0016917568
Cold,696052,4169,4168,2801,1708,1,-0.0036675674
Cold,155286,1001,1000,2801,1708,1,-0.00030277902
Cold,35298,238,237,2801,1708,0,0.008458549
Cold,26459,187,186,2801,1708,1,0.0037838968
Cold,545264,3363,3362,2801,1708,1,0.009079475
Cold,79265,531,530,2801,1708,0,0.006670297
Cold,605166,3679,3678,2801,1708,0,0.013280166
Cold,784017,4682,4681,2801,1708,1,-0.0035335158
Cold,797281,4781,4780,2801,1708,1,0.0014972014
Cold,35086,237,236,2801,1708,0,-0.0022995304
Cold,796004,4771,4770,2801,1708,1,-0.007425663
Cold,195335,1203,1202,2801,1708,0,0.003363934
Cold,187566,1164,1163,2801,1708,0,0.00090576056
Cold,263153,1605,1604,2801,1708,1,0.00863515
Cold,904625,5470,5469,2801,1708,0,-0.0035308655
Cold,18728,146,145,2801,1708,0,0.003885897
Cold,171453,1088,1087,2801,1708,0,0.0044362834
Cold,534019,3296,3295,2806,1713,1,0.009137931
Cold,532696,3290,3289,2806,1713,0,0.0028119073
Cold,530913,3280,3279,2806,1713,0,-0.0013005959
Cold,519683,3206,3205,2806,1713,0,0.0031774829
Cold,516884,3191,3190,2806,1713,1,0.0033319176
Cold,507187,3121,3120,2806,1713,0,0.004039637
Cold,784018,4682,4681,2806,1713,0,0.01108166
Cold,523395,3227,3226,2806,1713,0,0.01568732
Cold,628583,3807,3806,2806,1713,1,0.006123577
Cold,533170,3292,3291,2806,1713,1,0.007264523
Cold,473422,2909,2908,2806,1713,1,0.00085477484
Cold,470355,2896,2895,2806,1713,0,0.0011605553
Cold,461455,2847,2846,2806,1713,0,0.004103225
Cold,456399,2810,2809,2806,1713,0,-0.0011357451
Cold,455069,2801,2800,2806,1713,0,-0.00023059291
Cold,540646,3327,3326,2806,1713,0,-0.00072373333
Cold,444591,2743,2742,2806,1713,0,0.0023116467
Cold,433985,2645,2644,2806,1713,0,-0.0023648506
Cold,431975,2633,2632,2806,1713,0,-0.0036464885
Cold,450721,2777,2776,2806,1713,0,0.0069773323
Cold,389544,2283,2282,2806,1713,0,0.0049486607
Cold,386574,2261,2260,2806,1713,0,0.0011652634
Cold,378912,2212,2211,2806,1713,0,0.009457903
Cold,380207,2223,2222,2806,1713,0,0.0016785357
Cold,373954,2181,2180,2806,1713,0,0.0044528353
Cold,354009,2073,2072,2806,1713,0,0.005792705
Cold,361516,2109,2108,2806,1713,0,0.004577529
Cold,348611,2043,2042,2806,1713,0,-0.009157213
Cold,352633,2064,2063,2806,1713,0,0.01081693
Cold,339949,2005,2004,2806,1713,0,0.0016178292
Cold,340537,2010,2009,2806,1713,0,0.0034177443
Cold,350924,2060,2059,2806,1713,0,0.00034231925
Cold,345781,2029,2028,2806,1713,0,0.0006376696
Cold,314048,1875,1874,2806,1713,0,0.00013053452
Cold,306787,1831,1830,2806,1713,0,0.0035710742
Cold,288093,1721,1720,2806,1713,0,0.015165848
Cold,297400,1764,1763,2806,1713,1,0.013054159
Cold,277539,1676,1675,2806,1713,0,0.008212198
Cold,281784,1690,1689,2806,1713,0,-0.00014483475
Cold,282578,1694,1693,2806,1713,0,0.0042778
Cold,275048,1666,1665,2806,1713,0,0.0088613955
Cold,271247,1640,1639,2806,1713,0,-0.00045872433
Cold,236596,1436,1435,2806,1713,1,0.005829327
Cold,236344,1434,1433,2806,1713,1,-0.0023853797
Cold,225559,1366,1365,2806,1713,1,0.014213182
Cold,224091,1356,1355,2806,1713,0,0.004086627
Cold,222352,1345,1344,2806,1713,0,-0.003743309
Cold,216651,1316,1315,2806,1713,0,0.008246983
Cold,215799,1307,1306,2806,1713,1,-0.0021674521
Cold,214064,1300,1299,2806,1713,0,0.005890406
Cold,261676,1599,1598,2806,1713,0,-0.0008998248
Cold,204903,1261,1260,2806,1713,0,-0.0032533119
Cold,278939,1680,1679,2806,1713,0,0.0040898714
Cold,210067,1284,1283,2806,1713,1,-0.0023681247
Cold,196404,1207,1206,2806,1713,0,0.0044267327
Cold,189304,1173,1172,2806,1713,0,-9.443401e-05
Cold,186464,1153,1152,2806,1713,0,-0.00013663131
Cold,183514,1142,1141,2806,1713,0,-0.0009529954
Cold,180762,1130,1129,2806,1713,0,0.007082145
Cold,191806,1182,1181,2806,1713,0,-0.0057934
Cold,205277,1263,1262,2806,1713,0,-0.007994745
Cold,173582,1100,1099,2806,1713,0,0.00023208559
Cold,172835,1096,1095,2806,1713,0,0.010109477
Cold,183930,1146,1145,2806,1713,0,-0.00049402425
Cold,167768,1068,1067,2806,1713,0,0.006324518
Cold,327865,1941,1940,2806,1713,0,0.008053394
Cold,270406,1636,1635,2806,1713,0,0.0001303386
Cold,170469,1086,1085,2806,1713,0,0.008138864
Cold,140531,903,902,2806,1713,0,0.0060579632
Cold,139822,896,895,2806,1713,1,-0.0012601684
Cold,137508,888,887,2806,1713,0,-0.0037703137
Cold,134136,869,868,2806,1713,1,0.0038622515
Cold,145591,936,935,2806,1713,0,0.011314114
Cold,351612,2063,2062,2806,1713,0,0.0048441244
Cold,181926,1137,1136,2806,1713,0,0.013774503
Cold,128013,828,827,2806,1713,0,0.0034744644
Cold,365463,2127,2126,2806,1713,0,-0.0012278536
Cold,126009,812,811,2806,1713,1,-0.0056865863
Cold,360629,2106,2105,2806,1713,0,-0.0072162384
Cold,118073,764,763,2806,1713,1,0.0046083494
Cold,117434,757,756,2806,1713,0,0.000289083
Cold,223433,1354,1353,2806,1713,0,0.004186825
Cold,116051,752,751,2806,1713,1,0.004469526
Cold,114776,746,745,2806,1713,0,-0.0045151045
Cold,216393,1314,1313,2806,1713,1,0.0024121217
Cold,107067,704,703,2806,1713,0,-0.0070572477
Cold,91168,604,603,2806,1713,0,0.004147179
Cold,88759,587,586,2806,1713,0,-0.0009846636
Cold,174623,1105,1104,2806,1713,0,-0.0027954034
Cold,74715,509,508,2806,1713,0,0.002965856
Cold,64187,429,428,2806,1713,0,0.0040782397
Cold,64069,428,427,2806,1713,0,0.002421532
Cold,47978,321,320,2806,1713,0,0.0005362306
Cold,47533,319,318,2806,1713,0,0.004001044
Cold,49473,329,328,2806,1713,0,0.0046084365
Cold,362877,2116,2115,2806,1713,0,0.0017500829
Cold,46472,310,309,2806,1713,0,0.0022002074
Cold,32503,218,217,2806,1713,0,0.00018549268
Cold,29901,202,201,2806,1713,0,-0.0017687012
Cold,291262,1737,1736,2806,1713,0,0.0011910138
Cold,766141,4562,4561,2806,1713,0,0.015081127
Cold,17291,135,134,2806,1713,0,0.008957546
Cold,15043,119,118,2806,1713,1,0.011875397
Cold,9577,63,62,2806,1713,0,0.006474789
Cold,22579,163,162,2806,1713,0,-0.0011587709
Cold,361,5,4,2806,1713,0,0.0009433555
Cold,79270,531,530,2806,1713,0,0.0028558546
Cold,1236,11,10,2806,1713,0,0.013535138
Cold,653451,3940,3939,2806,1713,0,-0.0046015773
Cold,157994,1015,1014,2806,1713,0,0.014906578
Cold,119124,770,769,2806,1713,0,0.0040396447
Cold,88189,582,581,2806,1713,0,0.00018866267
Cold,20038,149,148,2806,1713,0,0.007248421
Cold,370933,2168,2167,2806,1713,0,0.005888682
Cold,110699,721,720,2806,1713,0,0.00930065
Cold,682312,4085,4084,2806,1713,1,-0.0026469564
Cold,272101,1645,1644,2806,1713,0,0.01271347
Cold,170805,1087,1086,2806,1713,0,0.012538947
Cold,407203,2446,2445,2806,1713,0,0.011761425
Cold,405309,2427,2426,2806,1713,1,-0.002107318
Cold,537821,3312,3311,2806,1713,0,0.009747718
Cold,229578,1390,1389,2806,1713,0,-0.00021440885
Cold,923893,5580,5579,2806,1713,0,0.0032837735
Cold,309542,1842,1841,2806,1713,0,0.008680984
Cold,499276,3067,3066,2806,1713,0,-0.0011183408
Cold,907601,5492,5491,2806,1713,0,0.0026502165
Cold,222728,1348,1347,2806,1713,1,0.0011260468
Cold,719979,4312,4311,2806,1713,0,-0.0005856701
Cold,143507,926,925,2806,1713,1,-0.001710427
Cold,696059,4169,4168,2806,1713,0,0.0047362433
Cold,111621,727,726,2806,1713,0,0.004995059
Cold,718497,4305,4304,2806,1713,1,0.001037729
Cold,26662,188,187,2806,1713,0,0.0025814143
Cold,255885,1560,1559,2806,1713,0,0.0028140196
Cold,688329,4117,4116,2806,1713,1,0.004744551
Cold,96575,648,647,2806,1713,0,0.0013671927
Cold,171458,1088,1087,2806,1713,0,0.0010838192
Cold,877394,5302,5301,2806,1713,0,-0.004195761
Cold,263161,1605,1604,2806,1713,0,0.004822909
Cold,267162,1624,1623,2807,1714,0,-0.0007990351
Cold,224092,1356,1355,2807,1714,0,0.0063305055
Cold,277540,1676,1675,2807,1714,0,0.012621409
Cold,190681,1181,1180,2807,1714,0,0.005035511
Cold,179507,1125,1124,2807,1714,0,-0.0009395175
Cold,436292,2665,2664,2807,1714,0,0.0013590567
Cold,216916,1317,1316,2807,1714,0,0.0034354131
Cold,156704,1010,1009,2807,1714,0,0.008461051
Cold,138043,889,888,2807,1714,0,-0.0039116424
Cold,136416,881,880,2807,1714,0,0.010364324
Cold,127062,820,819,2807,1714,0,0.00036354596
Cold,121846,785,784,2807,1714,1,0.0032976517
Cold,114777,746,745,2807,1714,0,1.2096949e-05
Cold,114393,744,743,2807,1714,0,0.0055216746
Cold,119125,770,769,2807,1714,0,0.005623809
Cold,96371,647,646,2807,1714,0,0.003093706
Cold,203002,1246,1245,2807,1714,0,0.0024715064
Cold,86058,563,562,2807,1714,0,0.0062758056
Cold,250345,1509,1508,2807,1714,0,0.0042774444
Cold,74716,509,508,2807,1714,0,0.0077352757
Cold,71063,477,476,2807,1714,0,1.8832274e-05
Cold,537822,3312,3311,2807,1714,0,0.0018747419
Cold,291263,1737,1736,2807,1714,0,0.0014677518
Cold,13991,113,112,2807,1714,0,0.005978917
Cold,12330,93,92,2807,1714,0,-0.0008147181
Cold,10274,73,72,2807,1714,0,0.013107387
Cold,8511,58,57,2807,1714,0,0.005497398
Cold,17176,134,133,2807,1714,0,-0.0017819046
Cold,2026,18,17,2807,1714,0,0.010664389
Cold,389404,2282,2281,2807,1714,0,0.0118807135
Cold,776846,4640,4639,2807,1714,0,0.013274509
Cold,569713,3493,3492,2816,1717,0,-0.0021992791
Cold,570247,3499,3498,2816,1717,0,0.006433878
Cold,556211,3418,3417,2816,1717,0,0.009391008
Cold,555200,3414,3413,2816,1717,0,0.0011905385
Cold,545021,3361,3360,2816,1717,0,-0.0042398386
Cold,544249,3355,3354,2816,1717,0,-0.008038493
Cold,538884,3314,3313,2816,1717,0,0.0035833705
Cold,535899,3308,3307,2816,1717,0,0.0065627755
Cold,544037,3353,3352,2816,1717,0,0.017161684
Cold,516890,3191,3190,2816,1717,0,0.004326257
Cold,515394,3182,3181,2816,1717,0,0.013010213
Cold,605694,3681,3680,2816,1717,0,-0.0013878202
Cold,504129,3099,3098,2816,1717,1,-0.0016386532
Cold,575233,3519,3518,2816,1717,0,0.009982439
Cold,487843,3001,3000,2816,1717,0,0.009650968
Cold,486586,2995,2994,2816,1717,0,0.009843053
Cold,480061,2946,2945,2816,1717,0,0.005399695
Cold,696081,4169,4168,2816,1717,0,0.0126221785
Cold,471319,2900,2899,2816,1717,0,0.007125338
Cold,473443,2909,2908,2816,1717,0,0.0060020387
Cold,463172,2857,2856,2816,1717,0,0.0025076116
Cold,459520,2831,2830,2816,1717,0,0.0033652836
Cold,594756,3620,3619,2816,1717,0,0.0021383853
Cold,449871,2774,2773,2816,1717,0,-0.0008146628
Cold,449322,2771,2770,2816,1717,0,0.0053732786
Cold,434400,2649,2648,2816,1717,0,-0.00017252238
Cold,423692,2567,2566,2816,1717,0,0.008481808
Cold,415225,2500,2499,2816,1717,0,0.0014443719
Cold,412752,2484,2483,2816,1717,0,0.01036755
Cold,388899,2279,2278,2816,1717,0,0.007461746
Cold,375060,2186,2185,2816,1717,0,-0.00040351704
Cold,373383,2180,2179,2816,1717,0,0.0069131013
Cold,357355,2092,2091,2816,1717,0,0.0058436943
Cold,297408,1764,1763,2816,1717,1,0.0040427353
Cold,290901,1736,1735,2816,1717,0,0.0005617115
Cold,275469,1667,1666,2816,1717,0,0.0046143625
Cold,256471,1566,1565,2816,1717,0,0.0022874088
Cold,265661,1613,1612,2816,1717,0,0.009873127
Cold,242435,1464,1463,2816,1717,0,0.0025217163
Cold,283140,1696,1695,2816,1717,0,0.0051935483
Cold,242713,1465,1464,2816,1717,0,0.007501342
Cold,227061,1377,1376,2816,1717,0,0.009829267
Cold,205713,1264,1263,2816,1717,0,-0.0010392712
Cold,197868,1216,1215,2816,1717,0,0.0026373682
Cold,190701,1181,1180,2816,1717,0,0.008938147
Cold,307337,1835,1834,2816,1717,0,0.010345606
Cold,180226,1128,1127,2816,1717,0,0.0021117358
Cold,327887,1941,1940,2816,1717,0,0.01107994
Cold,155804,1004,1003,2816,1717,0,0.0057615233
Cold,154803,999,998,2816,1717,0,0.0077659776
Cold,148057,954,953,2816,1717,0,7.426366e-06
Cold,276877,1675,1674,2816,1717,0,0.014222582
Cold,138067,889,888,2816,1717,0,0.013096966
Cold,202410,1244,1243,2816,1717,0,0.0056866007
Cold,118305,765,764,2816,1717,0,0.0009397848
Cold,114399,744,743,2816,1717,0,0.0083222855
Cold,106715,702,701,2816,1717,0,0.009768946
Cold,96120,646,645,2816,1717,0,0.010501997
Cold,294848,1752,1751,2816,1717,0,0.006978402
Cold,88098,580,579,2816,1717,0,0.000104919076
Cold,150508,970,969,2816,1717,0,0.0043212324
Cold,81579,543,542,2816,1717,1,0.012009483
Cold,71067,477,476,2816,1717,0,-0.0091125155
Cold,70402,475,474,2816,1717,0,0.0026209496
Cold,68635,461,460,2816,1717,0,0.013653645
Cold,52338,344,343,2816,1717,0,0.0039062966
Cold,78379,528,527,2816,1717,0,0.0067243166
Cold,40449,272,271,2816,1717,0,0.013220544
Cold,626653,3792,3791,2816,1717,0,0.0023234258
Cold,19482,148,147,2816,1717,0,0.008034157
Cold,12336,93,92,2816,1717,0,0.010365076
Cold,5618,40,39,2816,1717,0,-0.002003403
Cold,6878,48,47,2816,1717,0,0.007638827
Cold,235535,1426,1425,2816,1717,0,-0.00038013607
Cold,144095,929,928,2816,1717,0,0.0039782766
Cold,552229,3401,3400,2816,1717,0,0.0064043165
Cold,432623,2638,2637,2816,1717,0,-0.001708555
Cold,265001,1611,1610,2816,1717,0,-0.0010931138
Cold,430989,2627,2626,2816,1717,0,0.002926456
Cold,304784,1812,1811,2816,1717,0,0.004695294
Cold,257559,1579,1578,2816,1717,0,0.008149284
Cold,418572,2529,2528,2816,1717,0,0.014302783
Cold,931403,5626,5625,2816,1717,1,0.006572854
Cold,892896,5394,5393,2816,1717,0,0.0025941113
Cold,136431,881,880,2816,1717,0,-0.0077789994
Cold,310605,1851,1850,2816,1717,0,0.002216451
Cold,354799,2077,2076,2816,1717,0,0.010061541
Cold,599160,3648,3647,2816,1717,0,0.0037356974
Cold,544038,3353,3352,2817,1718,0,0.00018181372
Cold,518677,3201,3200,2817,1718,0,0.005414565
Cold,512724,3163,3162,2817,1718,0,-0.0021531903
Cold,504130,3099,3098,2817,1718,0,0.001701005
Cold,575234,3519,3518,2817,1718,0,0.0017536399
Cold,498560,3063,3062,2817,1718,0,0.0040869834
Cold,487844,3001,3000,2817,1718,0,0.009071188
Cold,480063,2946,2945,2817,1718,0,0.009024819
Cold,473445,2909,2908,2817,1718,0,-0.0038124546
Cold,463173,2857,2856,2817,1718,0,-0.006453295
Cold,486970,2996,2995,2817,1718,0,0.0044848053
Cold,458527,2823,2822,2817,1718,0,-0.0027720782
Cold,430715,2625,2624,2817,1718,0,-0.006461583
Cold,429089,2611,2610,2817,1718,0,0.0061075552
Cold,417141,2509,2508,2817,1718,0,-0.0062018763
Cold,415227,2500,2499,2817,1718,1,0.0017108936
Cold,412754,2484,2483,2817,1718,0,-0.0009803968
Cold,407752,2451,2450,2817,1718,0,0.010467818
Cold,393716,2318,2317,2817,1718,0,0.0021861738
Cold,392073,2304,2303,2817,1718,0,0.011003678
Cold,384064,2244,2243,2817,1718,0,0.00075024413
Cold,375061,2186,2185,2817,1718,0,0.00018036528
Cold,373384,2180,2179,2817,1718,0,0.0070290007
Cold,361526,2109,2108,2817,1718,0,0.009880262
Cold,295993,1757,1756,2817,1718,0,0.0026317278
Cold,244645,1473,1472,2817,1718,0,-0.0017852839
Cold,301730,1793,1792,2817,1718,0,-0.0020829667
Cold,232324,1410,1409,2817,1718,1,0.0031451914
Cold,227062,1377,1376,2817,1718,0,0.0017606197
Cold,196410,1207,1206,2817,1718,0,-0.005020085
Cold,197869,1216,1215,2817,1718,0,-0.0017349413
Cold,192546,1185,1184,2817,1718,0,-0.0042212494
Cold,190704,1181,1180,2817,1718,0,0.008552177
Cold,235536,1426,1425,2817,1718,0,-0.004862628
Cold,183140,1141,1140,2817,1718,0,0.0061381455
Cold,308513,1837,1836,2817,1718,0,0.0050533377
Cold,179057,1124,1123,2817,1718,0,-0.0007873508
Cold,327888,1941,1940,2817,1718,0,0.002718543
Cold,275471,1667,1666,2817,1718,0,0.008529748
Cold,156718,1010,1009,2817,1718,0,0.007958308
Cold,276878,1675,1674,2817,1718,0,0.009379966
Cold,138070,889,888,2817,1718,0,0.005788113
Cold,311910,1860,1859,2817,1718,0,-0.004290626
Cold,136432,881,880,2817,1718,0,-0.0011936373
Cold,121481,781,780,2817,1718,0,-0.0067642946
Cold,114400,744,743,2817,1718,0,0.0015277681
Cold,113868,738,737,2817,1718,0,0.010087902
Cold,70403,475,474,2817,1718,0,0.0043476233
Cold,68637,461,460,2817,1718,0,-0.0045539336
Cold,239894,1449,1448,2817,1718,0,0.005091329
Cold,52339,344,343,2817,1718,0,-0.0046280622
Cold,78380,528,527,2817,1718,0,0.00498914
Cold,47023,316,315,2817,1718,1,0.00574051
Cold,291273,1737,1736,2817,1718,0,-0.0017508417
Cold,14555,117,116,2817,1718,0,-0.00165208
Cold,5619,40,39,2817,1718,0,-0.0036102815
Cold,6881,48,47,2817,1718,0,-0.0007077514
Cold,4401,33,32,2817,1718,0,0.003295559
Cold,696082,4169,4168,2817,1718,0,-0.0006210618
Cold,144096,929,928,2817,1718,0,0.0018288377
Cold,432625,2638,2637,2817,1718,0,0.008927407
Cold,265002,1611,1610,2817,1718,0,0.004323798
Cold,45981,308,307,2817,1718,0,-0.00046871533
Cold,931404,5626,5625,2817,1718,1,0.0043406263
Cold,559378,3436,3435,2817,1718,0,-0.0045606405
Cold,412765,2484,2483,2828,1723,0,0.011318796
Cold,400079,2381,2380,2828,1723,0,0.006951236
Cold,396327,2344,2343,2828,1723,0,-0.001089348
Cold,389692,2286,2285,2828,1723,0,0.005501461
Cold,376715,2199,2198,2828,1723,0,-0.0021661518
Cold,375805,2189,2188,2828,1723,0,0.0112626925
Cold,373981,2181,2180,2828,1723,0,0.006394121
Cold,370470,2166,2165,2828,1723,0,0.0055388277
Cold,366575,2136,2135,2828,1723,0,0.0066598034
Cold,357010,2091,2090,2828,1723,0,-0.007803686
Cold,354029,2073,2072,2828,1723,0,-0.0011400434
Cold,351655,2063,2062,2828,1723,0,0.01098855
Cold,295840,1756,1755,2828,1723,0,0.0016390255
Cold,286239,1709,1708,2828,1723,1,0.012601741
Cold,264348,1608,1607,2828,1723,0,0.012911257
Cold,236809,1438,1437,2828,1723,0,0.0037461524
Cold,224948,1360,1359,2828,1723,0,-0.004109284
Cold,224851,1359,1358,2828,1723,0,0.007336487
Cold,335733,1980,1979,2828,1723,0,0.01291698
Cold,223459,1354,1353,2828,1723,0,0.009182217
Cold,195908,1204,1203,2828,1723,0,0.004152459
Cold,194122,1196,1195,2828,1723,0,0.011917327
Cold,327910,1941,1940,2828,1723,0,0.008886391
Cold,186467,1153,1152,2828,1723,0,-0.0004212286
Cold,176257,1114,1113,2828,1723,0,-0.0019233644
Cold,198600,1220,1219,2828,1723,0,0.0016552922
Cold,165185,1053,1052,2828,1723,0,-0.0026017574
Cold,168847,1071,1070,2828,1723,0,0.0032539726
Cold,246260,1489,1488,2828,1723,0,0.011193855
Cold,144850,934,933,2828,1723,0,0.003488733
Cold,134163,869,868,2828,1723,0,-0.0003811093
Cold,248751,1501,1500,2828,1723,0,-0.0024136472
Cold,122333,789,788,2828,1723,0,0.00449606
Cold,112388,731,730,2828,1723,0,0.005883063
Cold,109245,714,713,2828,1723,0,0.0055909255
Cold,82125,545,544,2828,1723,0,0.010905153
Cold,73090,494,493,2828,1723,0,-0.0030686993
Cold,68645,461,460,2828,1723,0,0.0068343426
Cold,187931,1165,1164,2828,1723,0,0.004281643
Cold,36574,245,244,2828,1723,0,0.0057140025
Cold,32179,216,215,2828,1723,0,0.0058886996
Cold,31155,209,208,2828,1723,0,-0.005453001
Cold,29946,202,201,2828,1723,0,0.0022455584
Cold,15670,123,122,2828,1723,0,0.0057635526
Cold,10533,75,74,2828,1723,1,0.007952433
Cold,10023,70,69,2828,1723,0,-0.0012791674
Cold,1716,16,15,2828,1723,0,0.00446408
Cold,22619,163,162,2828,1723,0,0.0051292833
Cold,142167,918,917,2828,1723,1,0.013415931
Cold,19512,148,147,2828,1723,1,0.008729022
Cold,552236,3401,3400,2828,1723,0,-0.0041274084
Cold,680590,4079,4078,2828,1723,0,0.009492108
Cold,717016,4294,4293,2828,1723,0,-0.003119609
Cold,143511,926,925,2828,1723,0,-1.2138626e-05
Cold,187039,1160,1159,2828,1723,0,0.005569582
Cold,479737,2944,2943,2828,1723,0,0.004492968
Cold,255893,1560,1559,2828,1723,0,0.013469455
Cold,427331,2594,2593,2828,1723,0,0.0054502124
Cold,60811,411,410,2828,1723,0,0.00217466
Cold,699628,4186,4185,2828,1723,0,0.0020083524
Cold,171487,1088,1087,2828,1723,0,0.005085079
Cold,492022,3026,3025,2829,1724,0,-0.0076665166
Cold,489551,3013,3012,2829,1724,0,-0.011445375
Cold,488651,3007,3006,2829,1724,0,-0.009940149
Cold,486040,2993,2992,2829,1724,0,-0.00070077344
Cold,529591,3272,3271,2829,1724,0,0.004466377
Cold,470930,2899,2898,2829,1724,1,0.0005637156
Cold,852593,5113,5112,2829,1724,0,0.0012888394
Cold,467618,2882,2881,2829,1724,1,0.0050908336
Cold,518684,3201,3200,2829,1724,0,0.0012055826
Cold,450749,2777,2776,2829,1724,0,0.004489921
Cold,458479,2822,2821,2829,1724,0,0.0048604663
Cold,442383,2724,2723,2829,1724,0,0.009975669
Cold,564316,3471,3470,2829,1724,0,0.0040790746
Cold,438802,2681,2680,2829,1724,0,0.0007106266
Cold,424901,2577,2576,2829,1724,0,0.0026084732
Cold,414897,2497,2496,2829,1724,1,-0.011281713
Cold,408132,2453,2452,2829,1724,0,-0.0009818545
Cold,399466,2378,2377,2829,1724,0,-0.0057684937
Cold,382269,2233,2232,2829,1724,0,-0.004251818
Cold,381284,2230,2229,2829,1724,0,-0.0033591324
Cold,369856,2164,2163,2829,1724,1,-0.00044415286
Cold,325319,1926,1925,2829,1724,0,0.0006324332
Cold,315106,1880,1879,2829,1724,0,0.00070305343
Cold,273909,1653,1652,2829,1724,0,0.012775386
Cold,264567,1609,1608,2829,1724,0,-0.0061174254
Cold,248753,1501,1500,2829,1724,1,-0.007038454
Cold,224112,1356,1355,2829,1724,0,-0.00061310444
Cold,312275,1861,1860,2829,1724,0,-0.0026891388
Cold,335736,1980,1979,2829,1724,0,-0.0021405937
Cold,222361,1345,1344,2829,1724,1,-0.00091307634
Cold,278979,1680,1679,2829,1724,0,0.00089760334
Cold,194775,1202,1201,2829,1724,0,-0.0055928817
Cold,188911,1172,1171,2829,1724,0,0.0049639703
Cold,329241,1943,1942,2829,1724,0,-0.0031801048
Cold,210796,1285,1284,2829,1724,0,-0.0026062122
Cold,199375,1224,1223,2829,1724,0,0.0057157613
Cold,174828,1107,1106,2829,1724,1,-0.0057029882
Cold,173596,1100,1099,2829,1724,0,0.003477488
Cold,169787,1078,1077,2829,1724,1,-0.005694135
Cold,168359,1069,1068,2829,1724,1,0.0034434213
Cold,327913,1941,1940,2829,1724,0,-0.0032084284
Cold,189315,1173,1172,2829,1724,1,-0.0119552445
Cold,158914,1016,1015,2829,1724,1,-0.0094433725
Cold,164438,1051,1050,2829,1724,1,-2.8469018e-05
Cold,152961,984,983,2829,1724,0,-0.0048294216
Cold,131838,854,853,2829,1724,0,-0.0035557267
Cold,159975,1019,1018,2829,1724,0,0.0022091651
Cold,121485,781,780,2829,1724,1,0.004693771
Cold,120356,777,776,2829,1724,0,-0.001766443
Cold,112390,731,730,2829,1724,0,-0.002096029
Cold,105980,699,698,2829,1724,0,0.0056273807
Cold,109247,714,713,2829,1724,1,0.0044423323
Cold,98713,660,659,2829,1724,0,-0.006539
Cold,107840,710,709,2829,1724,1,0.0006421824
Cold,314056,1875,1874,2829,1724,1,0.009021254
Cold,85030,553,552,2829,1724,1,-0.0016499584
Cold,238787,1448,1447,2829,1724,1,0.0040626405
Cold,190726,1181,1180,2829,1724,0,-0.00057634595
Cold,73644,499,498,2829,1724,0,-0.0031533516
Cold,360661,2106,2105,2829,1724,0,-0.0027785855
Cold,228166,1383,1382,2829,1724,0,0.0006226982
Cold,155300,1001,1000,2829,1724,1,-0.0030385908
Cold,53878,352,351,2829,1724,1,0.0015701973
Cold,805657,4823,4822,2829,1724,0,0.0003745589
Cold,784032,4682,4681,2829,1724,0,0.003941515
Cold,47581,319,318,2829,1724,0,0.00017101248
Cold,343595,2018,2017,2829,1724,0,-0.0004525754
Cold,61347,412,411,2829,1724,1,0.0020031924
Cold,696106,4169,4168,2829,1724,1,0.0030408031
Cold,55663,368,367,2829,1724,0,-0.0045389677
Cold,537844,3312,3311,2829,1724,0,0.004054732
Cold,32183,216,215,2829,1724,0,0.0022052159
Cold,336957,1983,1982,2829,1724,1,0.0036203058
Cold,31546,214,213,2829,1724,0,-0.005284443
Cold,29477,201,200,2829,1724,1,0.0012522895
Cold,29262,199,198,2829,1724,0,3.0989526e-05
Cold,27593,193,192,2829,1724,0,0.008336557
Cold,234885,1425,1424,2829,1724,1,0.011853972
Cold,21171,155,154,2829,1724,0,0.0014390189
Cold,6288,45,44,2829,1724,0,0.0063631963
Cold,158028,1015,1014,2829,1724,0,0.0008535774
Cold,354812,2077,2076,2829,1724,1,0.011279057
Cold,237794,1447,1446,2829,1724,1,-0.00068850163
Cold,466742,2878,2877,2829,1724,0,0.0041815764
Cold,954203,5761,5760,2829,1724,0,-0.0051382277
Cold,631488,3821,3820,2829,1724,0,-0.007482705
Cold,484953,2986,2985,2829,1724,0,0.0015958697
Cold,923900,5580,5579,2829,1724,0,6.603007e-05
Cold,565496,3475,3474,2829,1724,0,-8.595479e-05
Cold,496443,3051,3050,2829,1724,0,-0.0021314663
Cold,768673,4579,4578,2829,1724,0,0.011205783
Cold,473466,2909,2908,2829,1724,0,0.0076159756
Cold,848151,5097,5096,2829,1724,1,0.003864604
Cold,878962,5312,5311,2829,1724,1,0.0072168782
Cold,699629,4186,4185,2829,1724,0,0.003262902
Cold,171489,1088,1087,2829,1724,1,-0.008787158
Cold,748228,4467,4466,2829,1724,0,-0.00014184049
Cold,579214,3539,3538,2836,1725,1,-0.0020075901
Cold,744810,4448,4447,2836,1725,0,0.0039437567
Cold,582940,3561,3560,2836,1725,1,0.0015726098
Cold,563035,3464,3463,2836,1725,0,0.0032100535
Cold,571398,3504,3503,2836,1725,0,0.0041562016
Cold,530934,3280,3279,2836,1725,0,0.0032138354
Cold,517391,3193,3192,2836,1725,0,0.004027646
Cold,515409,3182,3181,2836,1725,0,-0.0026758881
Cold,657482,3963,3962,2836,1725,0,-0.003275164
Cold,499318,3067,3066,2836,1725,1,0.0038867155
Cold,549992,3391,3390,2836,1725,1,-0.006208805
Cold,492650,3029,3028,2836,1725,0,0.003328774
Cold,490233,3017,3016,2836,1725,0,-0.0056752306
Cold,498748,3065,3064,2836,1725,1,-0.0033663935
Cold,479884,2945,2944,2836,1725,1,-0.0014182371
Cold,470941,2899,2898,2836,1725,0,0.0033232705
Cold,571009,3503,3502,2836,1725,1,0.0018854208
Cold,467621,2882,2881,2836,1725,0,0.00025738124
Cold,801358,4802,4801,2836,1725,1,0.008843612
Cold,450765,2777,2776,2836,1725,1,0.0019988744
Cold,450227,2776,2775,2836,1725,0,-0.0013694738
Cold,442258,2723,2722,2836,1725,1,-0.0073915143
Cold,564326,3471,3470,2836,1725,0,0.0032151286
Cold,438808,2681,2680,2836,1725,1,0.004084207
Cold,429439,2613,2612,2836,1725,1,0.002020906
Cold,404479,2419,2418,2836,1725,1,0.0035735564
Cold,392698,2305,2304,2836,1725,0,-0.0029245424
Cold,375300,2187,2186,2836,1725,1,0.004246759
Cold,382467,2235,2234,2836,1725,1,-0.0038888005
Cold,367883,2148,2147,2836,1725,0,-0.010761347
Cold,351676,2063,2062,2836,1725,0,-0.009882873
Cold,361549,2109,2108,2836,1725,0,0.0023418157
Cold,373990,2181,2180,2836,1725,0,-0.005355979
Cold,358847,2100,2099,2836,1725,0,9.132433e-06
Cold,342025,2014,2013,2836,1725,0,-0.0013355219
Cold,338588,1992,1991,2836,1725,0,-0.0012886776
Cold,340577,2010,2009,2836,1725,0,0.002562209
Cold,330277,1949,1948,2836,1725,1,0.0019424347
Cold,281219,1687,1686,2836,1725,0,0.0019932059
Cold,275061,1666,1665,2836,1725,0,-0.0027501725
Cold,268493,1631,1630,2836,1725,1,0.0025759418
Cold,309265,1841,1840,2836,1725,0,0.0030559022
Cold,243204,1466,1465,2836,1725,1,-0.0057264287
Cold,236028,1430,1429,2836,1725,0,0.0023916494
Cold,240777,1450,1449,2836,1725,0,-0.00047371234
Cold,224120,1356,1355,2836,1725,1,0.0049983924
Cold,225737,1367,1366,2836,1725,1,-0.0027330248
Cold,222366,1345,1344,2836,1725,1,-0.007304702
Cold,223472,1354,1353,2836,1725,0,-0.006379868
Cold,212851,1297,1296,2836,1725,1,0.00793101
Cold,277580,1676,1675,2836,1725,0,0.0061816666
Cold,205294,1263,1262,2836,1725,0,-9.7680604e-05
Cold,243856,1470,1469,2836,1725,0,0.0030814076
Cold,185140,1150,1149,2836,1725,0,-0.0055954773
Cold,173603,1100,1099,2836,1725,0,-0.008836608
Cold,166404,1059,1058,2836,1725,0,0.0059087444
Cold,311067,1853,1852,2836,1725,1,-0.00030504784
Cold,150186,967,966,2836,1725,0,0.008722672
Cold,146238,940,939,2836,1725,1,-0.0007441449
Cold,712930,4277,4276,2836,1725,1,0.0045483117
Cold,136467,881,880,2836,1725,0,0.008183498
Cold,131538,852,851,2836,1725,1,-0.0012796576
Cold,332598,1962,1961,2836,1725,0,0.0025185044
Cold,126104,813,812,2836,1725,0,0.0004088846
Cold,123015,794,793,2836,1725,1,0.0017430782
Cold,123097,795,794,2836,1725,0,-0.0044111665
Cold,121489,781,780,2836,1725,1,0.0053948164
Cold,119157,770,769,2836,1725,0,-0.00023803348
Cold,117449,757,756,2836,1725,0,-0.007879967
Cold,112403,731,730,2836,1725,0,0.0016792587
Cold,175999,1113,1112,2836,1725,0,0.0073621008
Cold,113272,735,734,2836,1725,0,0.0037350021
Cold,91608,608,607,2836,1725,1,0.0025438236
Cold,353449,2071,2070,2836,1725,1,0.0015240107
Cold,88774,587,586,2836,1725,0,0.0043971473
Cold,190748,1181,1180,2836,1725,0,-0.00090523204
Cold,74750,509,508,2836,1725,0,-0.0015403628
Cold,72919,493,492,2836,1725,0,0.004589746
Cold,57222,386,385,2836,1725,0,0.0002831528
Cold,44659,302,301,2836,1725,0,0.008363939
Cold,31554,214,213,2836,1725,0,0.0018560236
Cold,49559,329,328,2836,1725,0,-0.0024037838
Cold,3218,24,23,2836,1725,1,0.0021107881
Cold,158041,1015,1014,2836,1725,0,0.00011202181
Cold,354822,2077,2076,2836,1725,1,0.003736982
Cold,365472,2127,2126,2836,1725,0,0.00091617275
Cold,2382,19,18,2836,1725,1,-0.0022278822
Cold,362933,2116,2115,2836,1725,1,-0.00077234255
Cold,966699,5831,5830,2836,1725,1,-0.0019620033
Cold,828635,4979,4978,2836,1725,0,0.0049994737
Cold,963981,5812,5811,2836,1725,0,0.0019321278
Cold,342365,2015,2014,2836,1725,1,-0.006734709
Cold,252466,1530,1529,2836,1725,1,0.0018912314
Cold,484961,2986,2985,2836,1725,1,0.0029499847
Cold,331513,1958,1957,2836,1725,1,0.0105682
Cold,344807,2023,2022,2836,1725,0,-0.0033576582
Cold,134176,869,868,2836,1725,0,0.00057559926
Cold,573496,3512,3511,2836,1725,0,0.0035179667
Cold,206309,1265,1264,2836,1725,0,-0.0075158263
Cold,178609,1121,1120,2836,1725,1,9.608036e-05
Cold,116093,752,751,2836,1725,0,0.0016298244
Cold,214772,1303,1302,2836,1725,0,0.004177191
Cold,860064,5172,5171,2836,1725,1,-0.0005540787
Cold,417604,2520,2519,2844,1728,1,0.0033449517
Cold,104256,692,691,2844,1728,1,0.0012403318
Cold,712944,4277,4276,2844,1728,1,0.0009669779
Cold,360695,2106,2105,2844,1728,0,0.00070749223
Cold,459133,2826,2825,2844,1728,0,-0.002095689
Cold,129343,839,838,2844,1728,1,-0.004781461
Cold,548687,3387,3386,2844,1728,0,-0.0039653974
Cold,50291,331,330,2844,1728,1,-0.0053486526
Cold,28343,195,194,2844,1728,1,-0.0009322695
Cold,763903,4543,4542,2844,1728,1,-0.0059411554
Cold,718520,4305,4304,2844,1728,0,-0.0029210781
Cold,234908,1425,1424,2844,1728,1,0.0022772404
Cold,335772,1980,1979,2844,1728,0,-0.0012571143
Cold,324920,1925,1924,2844,1728,0,-0.0018234681
Cold,215488,1306,1305,2844,1728,1,-0.0023671938
Cold,116110,752,751,2844,1728,0,-0.007736179
Cold,263225,1605,1604,2844,1728,0,-0.011614028
Cold,777743,4647,4646,2844,1728,1,-0.006214829
Cold,193586,1194,1193,2844,1728,0,-0.00035916024
Cold,974286,5878,5877,2844,1728,1,-0.0040144566
Cold,58796,398,397,2844,1728,1,-0.0053966446
Cold,825530,4958,4957,2844,1728,0,-0.0025638253
Cold,171531,1088,1087,2844,1728,0,-0.010716647
Cold,712945,4277,4276,2846,1729,1,0.0035884776
Cold,550013,3391,3390,2846,1729,0,0.016768452
Cold,639031,3842,3841,2846,1729,1,0.0060092476
Cold,533224,3292,3291,2846,1729,1,-0.004448404
Cold,574698,3518,3517,2846,1729,1,0.00024933927
Cold,529096,3271,3270,2846,1729,0,0.0016837891
Cold,584658,3569,3568,2846,1729,1,-0.00013219123
Cold,873928,5277,5276,2846,1729,0,-0.0003232347
Cold,530949,3280,3279,2846,1729,0,0.003945606
Cold,522446,3224,3223,2846,1729,1,0.007963112
Cold,515974,3184,3183,2846,1729,1,0.014229158
Cold,515868,3183,3182,2846,1729,0,-0.0018689279
Cold,605726,3681,3680,2846,1729,0,0.0064028543
Cold,771730,4600,4599,2846,1729,1,0.0016708651
Cold,502381,3083,3082,2846,1729,0,0.0007884628
Cold,575270,3519,3518,2846,1729,0,-0.0059417095
Cold,498563,3063,3062,2846,1729,0,0.010287268
Cold,494021,3032,3031,2846,1729,1,-7.302902e-05
Cold,487560,2999,2998,2846,1729,0,-0.0025695888
Cold,559240,3435,3434,2846,1729,1,-0.0024933943
Cold,480817,2952,2951,2846,1729,1,0.0021263533
Cold,480642,2950,2949,2846,1729,0,-0.00235817
Cold,478017,2934,2933,2846,1729,1,-0.00346072
Cold,472512,2907,2906,2846,1729,0,0.0045119617
Cold,467752,2883,2882,2846,1729,0,0.003492808
Cold,465974,2873,2872,2846,1729,1,0.0053615714
Cold,446363,2752,2751,2846,1729,1,0.010748143
Cold,444955,2744,2743,2846,1729,0,0.0053510563
Cold,443063,2731,2730,2846,1729,1,0.00017269072
Cold,441568,2709,2708,2846,1729,1,0.010635246
Cold,440803,2699,2698,2846,1729,1,-0.0016939146
Cold,448881,2766,2765,2846,1729,0,-0.0009764775
Cold,418600,2529,2528,2846,1729,1,0.001940045
Cold,413704,2489,2488,2846,1729,1,-0.0033709803
Cold,403992,2414,2413,2846,1729,1,-0.0056823245
Cold,407764,2451,2450,2846,1729,0,0.001988344
Cold,390906,2295,2294,2846,1729,1,0.009691501
Cold,389948,2288,2287,2846,1729,0,0.0013792742
Cold,406781,2444,2443,2846,1729,1,0.0035464787
Cold,384078,2244,2243,2846,1729,0,0.003664272
Cold,375545,2188,2187,2846,1729,0,0.005565223
Cold,350279,2056,2055,2846,1729,0,0.0036136573
Cold,348710,2045,2044,2846,1729,1,0.0028144214
Cold,330278,1949,1948,2846,1729,1,-0.005299381
Cold,293393,1747,1746,2846,1729,0,0.0043139313
Cold,290909,1736,1735,2846,1729,0,-0.0015770515
Cold,283505,1697,1696,2846,1729,1,-0.007513292
Cold,280275,1681,1680,2846,1729,0,-0.0016685845
Cold,256597,1568,1567,2846,1729,0,0.00033045234
Cold,360696,2106,2105,2846,1729,0,-0.0024909787
Cold,232329,1410,1409,2846,1729,1,-0.007840144
Cold,222734,1348,1347,2846,1729,1,-0.0018515476
Cold,220581,1337,1336,2846,1729,0,0.0011920137
Cold,320006,1899,1898,2846,1729,0,-0.0068192566
Cold,215838,1308,1307,2846,1729,0,0.0045292387
Cold,215801,1307,1306,2846,1729,1,0.0016309583
Cold,277598,1676,1675,2846,1729,0,0.0043911883
Cold,203036,1246,1245,2846,1729,1,0.0034501245
Cold,200747,1233,1232,2846,1729,1,0.010752613
Cold,192553,1185,1184,2846,1729,0,0.0142225735
Cold,175191,1111,1110,2846,1729,1,-0.0016358083
Cold,172860,1096,1095,2846,1729,0,-0.0057324218
Cold,167803,1068,1067,2846,1729,0,0.004960929
Cold,162248,1034,1033,2846,1729,0,-3.9313454e-07
Cold,156361,1009,1008,2846,1729,0,0.012703671
Cold,342377,2015,2014,2846,1729,0,0.0038429361
Cold,263226,1605,1604,2846,1729,1,0.006279014
Cold,124216,800,799,2846,1729,1,0.0041891295
Cold,123858,798,797,2846,1729,1,0.009751808
Cold,119170,770,769,2846,1729,0,-0.00046083238
Cold,216408,1314,1313,2846,1729,0,-0.0076111127
Cold,178059,1120,1119,2846,1729,1,0.0030970012
Cold,299573,1778,1777,2846,1729,0,0.007238286
Cold,104832,695,694,2846,1729,1,0.010677668
Cold,98315,658,657,2846,1729,0,-0.0021454524
Cold,351700,2063,2062,2846,1729,1,0.006650249
Cold,109260,714,713,2846,1729,1,-0.0031217516
Cold,84951,552,551,2846,1729,0,0.005529004
Cold,83012,549,548,2846,1729,1,-0.0032891151
Cold,84064,550,549,2846,1729,0,0.009364619
Cold,80131,533,532,2846,1729,1,0.0033371772
Cold,239952,1449,1448,2846,1729,0,-0.0014930973
Cold,48619,326,325,2846,1729,0,0.0011460226
Cold,132399,855,854,2846,1729,0,-0.00037361262
Cold,58169,392,391,2846,1729,0,0.005506953
Cold,362949,2116,2115,2846,1729,1,0.00944623
Cold,537864,3312,3311,2846,1729,0,0.0080920085
Cold,238820,1448,1447,2846,1729,0,-0.002483108
Cold,23205,166,165,2846,1729,1,0.0069084135
Cold,10551,75,74,2846,1729,1,0.012045429
Cold,8569,58,57,2846,1729,0,0.0029464308
Cold,6065,44,43,2846,1729,1,-0.002012917
Cold,234023,1422,1421,2846,1729,0,-0.0014530534
Cold,78413,528,527,2846,1729,1,0.0045280904
Cold,386037,2258,2257,2846,1729,0,0.0078710485
Cold,257593,1579,1578,2846,1729,0,0.003915986
Cold,171532,1088,1087,2846,1729,1,0.004328694
Cold,680601,4079,4078,2846,1729,1,-0.0090486165
Cold,892917,5394,5393,2846,1729,0,-0.0074878647
Cold,628612,3807,3806,2846,1729,1,0.0009898134
Cold,371626,2172,2171,2846,1729,0,0.002679021
Cold,231079,1399,1398,2846,1729,1,0.00762002
Cold,102155,678,677,2846,1729,1,-0.00010020868
Cold,941377,5682,5681,2846,1729,1,0.001982598
Cold,290123,1733,1732,2846,1729,0,0.0056280093
Cold,877407,5302,5301,2846,1729,0,-0.0008822526
Cold,593719,3618,3617,2851,1730,0,-0.0063385465
Cold,563677,3469,3468,2851,1730,0,0.0020197942
Cold,657087,3961,3960,2851,1730,0,0.0068864226
Cold,557204,3423,3422,2851,1730,0,0.00795203
Cold,555752,3416,3415,2851,1730,1,0.002401617
Cold,577067,3526,3525,2851,1730,0,-0.0039693723
Cold,537056,3311,3310,2851,1730,0,-0.00311118
Cold,513691,3169,3168,2851,1730,0,-0.0035034707
Cold,506645,3118,3117,2851,1730,0,-0.009697979
Cold,503802,3096,3095,2851,1730,1,-0.0068770307
Cold,633144,3824,3823,2851,1730,0,0.0033969004
Cold,599956,3650,3649,2851,1730,0,-0.0031029647
Cold,479231,2941,2940,2851,1730,0,-0.0015971612
Cold,696157,4169,4168,2851,1730,0,-0.0029251007
Cold,475929,2921,2920,2851,1730,0,-0.00396258
Cold,591188,3607,3606,2851,1730,0,-0.002907115
Cold,470949,2899,2898,2851,1730,1,-0.0045025744
Cold,463222,2857,2856,2851,1730,0,0.009278607
Cold,465128,2868,2867,2851,1730,0,-0.003704773
Cold,457841,2820,2819,2851,1730,0,-0.0052879173
Cold,436344,2665,2664,2851,1730,1,-0.0017427118
Cold,423138,2565,2564,2851,1730,1,0.002516368
Cold,401359,2393,2392,2851,1730,0,-0.0037794064
Cold,396631,2348,2347,2851,1730,0,-0.005070831
Cold,392112,2304,2303,2851,1730,0,0.0011787907
Cold,388911,2279,2278,2851,1730,1,-0.0049353493
Cold,385240,2251,2250,2851,1730,0,0.00209598
Cold,370695,2167,2166,2851,1730,0,0.0005046886
Cold,365356,2126,2125,2851,1730,0,0.0030607004
Cold,356347,2088,2087,2851,1730,0,-0.0031225672
Cold,339860,2004,2003,2851,1730,0,-0.01199396
Cold,336977,1983,1982,2851,1730,1,-0.008176596
Cold,324175,1921,1920,2851,1730,0,0.0016527267
Cold,293152,1746,1745,2851,1730,0,-0.0032875093
Cold,292260,1741,1740,2851,1730,0,-0.00046951114
Cold,276905,1675,1674,2851,1730,0,-0.005028471
Cold,312287,1861,1860,2851,1730,0,0.004767971
Cold,350699,2059,2058,2851,1730,0,0.0016073298
Cold,224668,1358,1357,2851,1730,0,0.004132292
Cold,267184,1624,1623,2851,1730,0,-0.00022454286
Cold,279053,1680,1679,2851,1730,1,0.00025492813
Cold,196451,1207,1206,2851,1730,0,-0.0049707396
Cold,194795,1202,1201,2851,1730,0,0.0009014078
Cold,327966,1941,1940,2851,1730,0,-0.009795095
Cold,269873,1635,1634,2851,1730,0,-0.009084102
Cold,181579,1135,1134,2851,1730,0,0.0037647975
Cold,178833,1122,1121,2851,1730,0,0.0069862017
Cold,177521,1119,1118,2851,1730,0,-0.0030395908
Cold,138147,889,888,2851,1730,0,0.0019437955
Cold,135571,877,876,2851,1730,0,-0.009618166
Cold,107871,710,709,2851,1730,0,-4.649395e-06
Cold,152984,984,983,2851,1730,0,-0.0036628174
Cold,86083,563,562,2851,1730,0,-0.00253142
Cold,86584,566,565,2851,1730,0,-0.009411791
Cold,70744,476,475,2851,1730,0,0.0020148358
Cold,66526,445,444,2851,1730,0,0.0015843888
Cold,49615,329,328,2851,1730,0,0.0025353371
Cold,41914,284,283,2851,1730,1,0.0024864506
Cold,36662,245,244,2851,1730,0,0.0006722952
Cold,98750,660,659,2851,1730,0,-0.008026656
Cold,481758,2962,2961,2851,1730,0,-0.0053503956
Cold,21648,157,156,2851,1730,0,-0.0087229
Cold,276168,1671,1670,2851,1730,0,-0.010905342
Cold,7903,53,52,2851,1730,1,-0.0018821983
Cold,201998,1243,1242,2851,1730,0,-0.00503765
Cold,130497,846,845,2851,1730,0,0.0034976774
Cold,102162,678,677,2851,1730,0,0.0031964448
Cold,841086,5054,5053,2851,1730,0,0.008321752
Cold,62830,424,423,2851,1730,0,-0.0007861138
Cold,237834,1447,1446,2851,1730,0,0.0028276315
Cold,234027,1422,1421,2851,1730,0,0.0020641093
Cold,351713,2063,2062,2851,1730,0,-0.0006948747
Cold,489185,3012,3011,2851,1730,0,-0.0047544963
Cold,623822,3773,3772,2852,1731,1,-0.0032978493
Cold,725260,4344,4343,2852,1731,1,0.003289413
Cold,611029,3705,3704,2852,1731,1,0.0012752763
Cold,608594,3691,3690,2852,1731,1,-0.0032262122
Cold,603397,3672,3671,2852,1731,1,-0.004939606
Cold,763908,4543,4542,2852,1731,1,0.00020534592
Cold,575782,3520,3519,2852,1731,1,0.0061981715
Cold,569144,3491,3490,2852,1731,1,0.007989388
Cold,593720,3618,3617,2852,1731,1,0.0044204793
Cold,566166,3476,3475,2852,1731,1,-0.0032052305
Cold,567413,3483,3482,2852,1731,1,0.00064067217
Cold,548994,3389,3388,2852,1731,0,-0.004710408
Cold,547904,3380,3379,2852,1731,0,0.0002354104
Cold,712956,4277,4276,2852,1731,1,0.007271574
Cold,543420,3346,3345,2852,1731,1,-0.0054491097
Cold,534655,3300,3299,2852,1731,1,0.0009720151
Cold,542153,3336,3335,2852,1731,0,-0.004799977
Cold,533234,3292,3291,2852,1731,1,0.0044734944
Cold,529099,3271,3270,2852,1731,1,-0.0047809146
Cold,529624,3272,3271,2852,1731,1,-0.0039784387
Cold,522457,3224,3223,2852,1731,0,-0.0006350301
Cold,509633,3139,3138,2852,1731,1,0.0015722311
Cold,502105,3082,3081,2852,1731,1,0.0038177266
Cold,494033,3032,3031,2852,1731,1,-0.0066474783
Cold,478021,2934,2933,2852,1731,1,-0.0050716572
Cold,696159,4169,4168,2852,1731,1,0.0053844694
Cold,474976,2915,2914,2852,1731,1,-0.0047427807
Cold,463224,2857,2856,2852,1731,1,-0.0055566346
Cold,457842,2820,2819,2852,1731,0,-0.002160741
Cold,455803,2807,2806,2852,1731,1,-0.0070928643
Cold,448409,2764,2763,2852,1731,1,-0.0055100787
Cold,443065,2731,2730,2852,1731,1,-0.0014054263
Cold,439577,2685,2684,2852,1731,1,0.0043744575
Cold,428560,2608,2607,2852,1731,1,-0.0019715824
Cold,429111,2611,2610,2852,1731,1,-0.005615381
Cold,446812,2753,2752,2852,1731,1,0.0053011277
Cold,403448,2410,2409,2852,1731,0,-0.0032277382
Cold,403310,2409,2408,2852,1731,1,0.0017992663
Cold,392114,2304,2303,2852,1731,1,0.0009880349
Cold,388913,2279,2278,2852,1731,1,0.003023317
Cold,388338,2272,2271,2852,1731,0,0.010819909
Cold,387781,2267,2266,2852,1731,0,-0.0038035833
Cold,391594,2303,2302,2852,1731,1,-0.00447974
Cold,381612,2231,2230,2852,1731,1,0.0009035405
Cold,372998,2178,2177,2852,1731,1,0.006983151
Cold,364704,2124,2123,2852,1731,1,-0.00709746
Cold,323135,1916,1915,2852,1731,1,-0.008986969
Cold,268944,1632,1631,2852,1731,0,0.009985106
Cold,260054,1591,1590,2852,1731,1,-0.0031422665
Cold,300302,1780,1779,2852,1731,0,-0.0015034461
Cold,242748,1465,1464,2852,1731,1,0.0017492482
Cold,260970,1595,1594,2852,1731,1,0.011927106
Cold,325339,1926,1925,2852,1731,1,0.0074232514
Cold,217710,1321,1320,2852,1731,0,0.0027360762
Cold,396815,2349,2348,2852,1731,0,0.0011910647
Cold,255052,1552,1551,2852,1731,1,-0.0003172615
Cold,180242,1128,1127,2852,1731,1,0.0020710551
Cold,219480,1331,1330,2852,1731,1,0.0023133792
Cold,327968,1941,1940,2852,1731,1,0.0010568481
Cold,163264,1044,1043,2852,1731,1,0.0012970902
Cold,162666,1038,1037,2852,1731,1,0.0025376552
Cold,190785,1181,1180,2852,1731,0,-0.005761823
Cold,320011,1899,1898,2852,1731,1,-0.0042191017
Cold,199391,1224,1223,2852,1731,1,-0.00087872497
Cold,143854,928,927,2852,1731,1,0.00067726837
Cold,141474,911,910,2852,1731,1,-0.00066615664
Cold,154829,999,998,2852,1731,1,0.0016811276
Cold,160007,1019,1018,2852,1731,0,-0.009858228
Cold,127687,824,823,2852,1731,1,-0.000755138
Cold,210837,1285,1284,2852,1731,1,-0.0054007014
Cold,239966,1449,1448,2852,1731,0,0.0030480064
Cold,106730,702,701,2852,1731,0,-0.010511373
Cold,98407,659,658,2852,1731,1,-0.012567453
Cold,98752,660,659,2852,1731,0,-0.0050418186
Cold,97517,654,653,2852,1731,0,0.013720484
Cold,241140,1451,1450,2852,1731,1,-0.0036712496
Cold,228194,1383,1382,2852,1731,0,-3.816688e-05
Cold,84767,551,550,2852,1731,1,0.004492018
Cold,68669,461,460,2852,1731,1,-0.0030679605
Cold,43682,300,299,2852,1731,1,-0.0057114046
Cold,39025,264,263,2852,1731,0,0.0008937735
Cold,35356,238,237,2852,1731,1,-0.007939383
Cold,32258,216,215,2852,1731,0,0.00063200237
Cold,238831,1448,1447,2852,1731,1,-0.012070938
Cold,13573,107,106,2852,1731,0,0.0011648969
Cold,916651,5539,5538,2852,1731,1,-0.010862115
Cold,15741,123,122,2852,1731,0,-0.0009996691
Cold,4509,33,32,2852,1731,1,-0.0031364297
Cold,101,2,1,2852,1731,0,-0.001286691
Cold,357390,2092,2091,2852,1731,1,0.005546851
Cold,432647,2638,2637,2852,1731,0,0.0027124225
Cold,286664,1712,1711,2852,1731,1,-0.012355855
Cold,234029,1422,1421,2852,1731,1,0.0054315804
Cold,408166,2453,2452,2852,1731,1,-0.007811443
Cold,158071,1015,1014,2852,1731,0,-0.001571442
Cold,360022,2105,2104,2852,1731,0,0.0020124582
Cold,204525,1260,1259,2852,1731,1,-0.001748893
Cold,51527,338,337,2852,1731,1,0.002925837
Cold,431005,2627,2626,2852,1731,0,0.013821088
Cold,208718,1274,1273,2852,1731,1,-0.003336912
Cold,565524,3475,3474,2852,1731,0,0.0026617884
Cold,420932,2544,2543,2852,1731,0,0.0034776945
Cold,322283,1912,1911,2852,1731,0,-0.011201243
Cold,171541,1088,1087,2852,1731,0,-0.010330115
Cold,216967,1317,1316,2856,1732,1,-0.0051533924
Cold,327971,1941,1940,2856,1732,0,-0.0012209526
Cold,194521,1200,1199,2856,1732,0,0.008473948
Cold,184341,1147,1146,2856,1732,1,0.004559053
Cold,165199,1053,1052,2856,1732,0,-0.0001126905
Cold,162776,1039,1038,2856,1732,0,-0.00026220176
Cold,148985,958,957,2856,1732,0,-0.0003493213
Cold,139828,896,895,2856,1732,1,-0.00010078051
Cold,131110,850,849,2856,1732,0,-0.0003033206
Cold,126024,812,811,2856,1732,0,0.0018604496
Cold,101663,677,676,2856,1732,0,-0.0012440057
Cold,75878,516,515,2856,1732,0,-0.0026028445
Cold,74246,506,505,2856,1732,0,-0.004563966
Cold,57011,385,384,2856,1732,0,0.0067205303
Cold,47665,319,318,2856,1732,0,0.003915837
Cold,42129,285,284,2856,1732,1,0.004635661
Cold,696162,4169,4168,2856,1732,0,0.0022517084
Cold,36923,248,247,2856,1732,1,0.006113312
Cold,32523,218,217,2856,1732,0,0.00020448049
Cold,17863,137,136,2856,1732,0,0.0031765467
Cold,14223,116,115,2856,1732,0,0.00093534484
Cold,276170,1671,1670,2856,1732,0,0.006689096
Cold,1721,16,15,2856,1732,0,0.0029681346
Cold,117027,754,753,2856,1732,0,-0.002703241
Cold,977774,5891,5890,2856,1732,1,0.0064218906
Cold,522458,3224,3223,2856,1732,1,-0.0020818452
Cold,20155,149,148,2856,1732,0,0.005437479
Cold,115348,749,748,2856,1732,1,0.0066242297
Cold,96590,648,647,2856,1732,0,0.0059155226
Cold,433586,2643,2642,2856,1732,1,-0.0042729536
Cold,378353,2208,2207,2860,1736,0,-0.003477641
Cold,355946,2085,2084,2860,1736,1,0.0044182735
Cold,341147,2011,2010,2860,1736,1,-0.0030399659
Cold,340598,2010,2009,2860,1736,0,-0.00021391781
Cold,324746,1924,1923,2860,1736,0,0.0003365249
Cold,301236,1790,1789,2860,1736,0,-0.0045413068
Cold,297448,1764,1763,2860,1736,1,0.0022748564
Cold,265716,1613,1612,2860,1736,0,-0.004423053
Cold,266385,1616,1615,2860,1736,0,0.006616169
Cold,228716,1385,1384,2860,1736,0,0.0010766714
Cold,224137,1356,1355,2860,1736,0,-0.00527343
Cold,227095,1377,1376,2860,1736,0,0.00053579465
Cold,222374,1345,1344,2860,1736,1,-0.0007151903
Cold,213410,1298,1297,2860,1736,1,0.003263636
Cold,277617,1676,1675,2860,1736,1,0.0055577243
Cold,279077,1680,1679,2860,1736,1,-0.0048485673
Cold,179555,1125,1124,2860,1736,0,-0.0007413414
Cold,198611,1220,1219,2860,1736,1,-7.323222e-05
Cold,173619,1100,1099,2860,1736,0,0.0022553643
Cold,169408,1076,1075,2860,1736,1,-0.00072722184
Cold,175468,1112,1111,2860,1736,0,-0.0018844185
Cold,167813,1068,1067,2860,1736,0,0.002130362
Cold,163793,1050,1049,2860,1736,0,0.012016071
Cold,255495,1556,1555,2860,1736,1,0.0024599005
Cold,189340,1173,1172,2860,1736,0,0.006673379
Cold,149332,961,960,2860,1736,1,0.0023945742
Cold,712964,4277,4276,2860,1736,1,-0.0067685433
Cold,136507,881,880,2860,1736,0,-0.0033078534
Cold,407233,2446,2445,2860,1736,0,0.004092305
Cold,351724,2063,2062,2860,1736,0,0.0041153636
Cold,106014,699,698,2860,1736,0,0.0010761735
Cold,109268,714,713,2860,1736,0,-0.0009808452
Cold,239972,1449,1448,2860,1736,0,0.0010755907
Cold,107878,710,709,2860,1736,1,0.0068920534
Cold,291329,1737,1736,2860,1736,0,1.2831297e-05
Cold,190797,1181,1180,2860,1736,0,0.0077647176
Cold,83035,549,548,2860,1736,1,0.0025121295
Cold,251131,1516,1515,2860,1736,1,-0.0041401517
Cold,187938,1165,1164,2860,1736,0,-0.00016049389
Cold,39627,268,267,2860,1736,0,-0.0047227275
Cold,219139,1329,1328,2860,1736,0,0.0008486011
Cold,31569,214,213,2860,1736,0,0.0008178445
Cold,437232,2669,2668,2860,1736,1,-0.0069630225
Cold,7003,48,47,2860,1736,0,0.0008523575
Cold,15756,123,122,2860,1736,0,-0.0062433
Cold,2425,19,18,2860,1736,1,0.0018409342
Cold,143656,927,926,2860,1736,1,-0.000859868
Cold,139172,890,889,2860,1736,1,-0.0012566452
Cold,169233,1074,1073,2860,1736,1,0.008129475
Cold,370962,2168,2167,2860,1736,0,0.012169549
Cold,974976,5880,5879,2860,1736,0,-0.0022146883
Cold,362964,2116,2115,2860,1736,0,0.00083450193
Cold,777753,4647,4646,2860,1736,0,0.0035490636
Cold,682372,4085,4084,2860,1736,1,-0.00023198756
Cold,78421,528,527,2860,1736,1,-0.005294471
Cold,376364,2195,2194,2860,1736,1,0.002372592
Cold,164472,1051,1050,2860,1736,0,-0.0012703633
Cold,152189,979,978,2860,1736,1,-0.012029232
Cold,335163,1978,1977,2860,1736,1,-0.006002349
Cold,599201,3648,3647,2860,1736,0,0.00801319
Cold,905278,5475,5474,2860,1736,0,-0.0092242025
Cold,907624,5492,5491,2860,1736,0,-0.0035452996
Cold,134197,869,868,2860,1736,1,-0.005802701
Cold,234920,1425,1424,2860,1736,0,0.0026016303
Cold,941384,5682,5681,2860,1736,1,-0.0015289942
Cold,53082,349,348,2860,1736,0,-0.001451181
Cold,28386,195,194,2860,1736,0,-0.0023981456
Cold,342398,2015,2014,2860,1736,1,-0.0054812073
Cold,382827,2237,2236,2862,1738,0,0.0015580647
Cold,369879,2164,2163,2862,1738,0,0.007249354
Cold,343096,2016,2015,2862,1738,1,-0.005802773
Cold,298315,1768,1767,2862,1738,0,0.004186854
Cold,268951,1632,1631,2862,1738,0,0.002147101
Cold,244864,1474,1473,2862,1738,0,-0.0025203447
Cold,242754,1465,1464,2862,1738,0,0.0066866316
Cold,262193,1600,1599,2862,1738,0,0.005879339
Cold,279081,1680,1679,2862,1738,1,-0.003585794
Cold,156778,1010,1009,2862,1738,0,0.011309335
Cold,315156,1880,1879,2862,1738,0,-0.00021780259
Cold,118079,764,763,2862,1738,1,-0.0015914822
Cold,117469,757,756,2862,1738,0,0.0012700877
Cold,210849,1285,1284,2862,1738,0,0.0012782586
Cold,284086,1698,1697,2862,1738,0,-0.0002735845
Cold,83037,549,548,2862,1738,1,0.0015864514
Cold,190801,1181,1180,2862,1738,0,-0.0017130636
Cold,71975,482,481,2862,1738,0,0.004454105
Cold,68676,461,460,2862,1738,0,-0.0066099623
Cold,61412,412,411,2862,1738,0,-0.00017650006
Cold,696177,4169,4168,2862,1738,0,0.0029623788
Cold,892924,5394,5393,2862,1738,0,0.0031957217
Cold,102169,678,677,2862,1738,0,0.007821283
Cold,720020,4312,4311,2862,1738,1,0.0017307058
Cold,571020,3503,3502,2862,1738,0,-3.9715786e-05
Cold,18811,146,145,2862,1738,0,-0.0032531014
Cold,413185,2485,2484,2862,1738,0,3.6579557e-05
Cold,96592,648,647,2862,1738,1,0.0025621108
Cold,116127,752,751,2862,1738,0,0.00833779
Cold,675961,4054,4053,2866,1740,1,0.003244339
Cold,667078,4015,4014,2866,1740,0,0.015524134
Cold,665778,4007,4006,2866,1740,1,0.003573176
Cold,663951,3999,3998,2866,1740,0,0.0024782666
Cold,659621,3975,3974,2866,1740,0,0.0044226516
Cold,648228,3903,3902,2866,1740,0,0.0045089824
Cold,642329,3864,3863,2866,1740,1,-0.011248662
Cold,629362,3808,3807,2866,1740,0,0.008424101
Cold,638050,3841,3840,2866,1740,0,0.0061824676
Cold,674986,4050,4049,2866,1740,0,-0.00067678024
Cold,619491,3754,3753,2866,1740,1,0.001868747
Cold,617049,3735,3734,2866,1740,0,0.0056297267
Cold,615596,3727,3726,2866,1740,1,0.0034315153
Cold,614338,3721,3720,2866,1740,0,-0.0055318093
Cold,726436,4345,4344,2866,1740,1,0.0032036905
Cold,595207,3621,3620,2866,1740,0,-0.0063722925
Cold,587852,3589,3588,2866,1740,0,0.0070856605
Cold,585645,3576,3575,2866,1740,1,0.004514436
Cold,582102,3557,3556,2866,1740,1,0.002528338
Cold,593735,3618,3617,2866,1740,0,0.009278106
Cold,566179,3476,3475,2866,1740,1,0.0037425375
Cold,549001,3389,3388,2866,1740,0,0.0011622047
Cold,550044,3391,3390,2866,1740,1,0.01227883
Cold,542806,3340,3339,2866,1740,1,0.0007787001
Cold,540221,3321,3320,2866,1740,1,0.005371917
Cold,539551,3319,3318,2866,1740,1,-0.004900933
Cold,539854,3320,3319,2866,1740,0,0.0015155989
Cold,534660,3300,3299,2866,1740,0,0.0043950006
Cold,533248,3292,3291,2866,1740,1,0.008349783
Cold,522471,3224,3223,2866,1740,1,0.00882648
Cold,518708,3201,3200,2866,1740,1,0.0054248637
Cold,514871,3180,3179,2866,1740,0,0.012662599
Cold,512780,3163,3162,2866,1740,1,-0.0005885868
Cold,500660,3075,3074,2866,1740,1,0.0077781295
Cold,712972,4277,4276,2866,1740,1,0.0022476644
Cold,546060,3367,3366,2866,1740,1,0.0023026846
Cold,494050,3032,3031,2866,1740,1,0.007962902
Cold,492676,3029,3028,2866,1740,0,0.011268948
Cold,489914,3014,3013,2866,1740,1,0.002816182
Cold,603598,3673,3672,2866,1740,1,0.0068584336
Cold,529635,3272,3271,2866,1740,0,0.0094629545
Cold,478024,2934,2933,2866,1740,1,-0.00025861396
Cold,696181,4169,4168,2866,1740,1,0.007750312
Cold,472528,2907,2906,2866,1740,0,0.012554171
Cold,459139,2826,2825,2866,1740,0,-0.001757714
Cold,456194,2809,2808,2866,1740,1,0.00023956876
Cold,448416,2764,2763,2866,1740,0,-0.00019059936
Cold,446822,2753,2752,2866,1740,1,-0.0012873809
Cold,443071,2731,2730,2866,1740,1,0.0048994184
Cold,441421,2704,2703,2866,1740,0,-4.3539912e-05
Cold,439579,2685,2684,2866,1740,0,-0.003107759
Cold,438295,2679,2678,2866,1740,0,0.0067278594
Cold,433589,2643,2642,2866,1740,0,0.002282781
Cold,452469,2786,2785,2866,1740,1,0.0037819624
Cold,426908,2592,2591,2866,1740,0,-0.0032108887
Cold,425284,2581,2580,2866,1740,1,0.009363132
Cold,422612,2560,2559,2866,1740,1,0.0029765947
Cold,414902,2497,2496,2866,1740,1,0.0028948958
Cold,413404,2486,2485,2866,1740,0,0.014486007
Cold,403452,2410,2409,2866,1740,0,0.008140355
Cold,382829,2237,2236,2866,1740,1,0.002565119
Cold,382280,2233,2232,2866,1740,1,0.004123823
Cold,381619,2231,2230,2866,1740,0,-0.0007611085
Cold,372011,2173,2172,2866,1740,0,0.006750254
Cold,361586,2109,2108,2866,1740,0,0.0093791755
Cold,335797,1980,1979,2866,1740,1,0.0031280436
Cold,323145,1916,1915,2866,1740,1,0.00090508675
Cold,292873,1744,1743,2866,1740,1,-0.00036938582
Cold,295249,1753,1752,2866,1740,1,-0.0008557178
Cold,274747,1661,1660,2866,1740,1,0.010931582
Cold,282268,1693,1692,2866,1740,0,0.00033425726
Cold,279086,1680,1679,2866,1740,1,0.0019857176
Cold,268954,1632,1631,2866,1740,0,0.004274197
Cold,354057,2073,2072,2866,1740,1,-0.001553908
Cold,249492,1503,1502,2866,1740,1,0.005589582
Cold,242758,1465,1464,2866,1740,0,0.0009399359
Cold,325345,1926,1925,2866,1740,0,0.0080968235
Cold,208726,1274,1273,2866,1740,0,0.012010953
Cold,188576,1170,1169,2866,1740,1,0.0038255113
Cold,210852,1285,1284,2866,1740,1,0.0059072096
Cold,190806,1181,1180,2866,1740,0,0.0041236975
Cold,158087,1015,1014,2866,1740,1,0.0010400066
Cold,320025,1899,1898,2866,1740,1,0.0027258133
Cold,839278,5046,5045,2866,1740,1,0.010403507
Cold,338089,1988,1987,2866,1740,1,0.002669068
Cold,270861,1639,1638,2866,1740,1,0.006372463
Cold,146084,939,938,2866,1740,1,-0.0039343955
Cold,222055,1343,1342,2866,1740,1,0.000888319
Cold,185185,1150,1149,2866,1740,0,0.005491579
Cold,216980,1317,1316,2866,1740,1,0.0041944818
Cold,156782,1010,1009,2866,1740,0,0.011978315
Cold,138170,889,888,2866,1740,0,0.012890258
Cold,141480,911,910,2866,1740,1,0.011462405
Cold,412080,2478,2477,2866,1740,0,0.00019824016
Cold,198165,1218,1217,2866,1740,1,0.0048469747
Cold,178073,1120,1119,2866,1740,1,0.007406229
Cold,105102,696,695,2866,1740,1,0.0029216828
Cold,106737,702,701,2866,1740,0,-0.00012809527
Cold,94899,637,636,2866,1740,1,0.012701074
Cold,115354,749,748,2866,1740,1,-0.0008032145
Cold,66531,445,444,2866,1740,1,0.006074675
Cold,71535,481,480,2866,1740,1,0.0027458835
Cold,239975,1449,1448,2866,1740,0,0.0048084757
Cold,52623,346,345,2866,1740,1,0.0029277396
Cold,132416,855,854,2866,1740,0,0.0041915406
Cold,67016,451,450,2866,1740,1,-0.00016643043
Cold,43692,300,299,2866,1740,1,-0.004055399
Cold,241153,1451,1450,2866,1740,1,0.001139553
Cold,42560,291,290,2866,1740,1,0.0062619373
Cold,176884,1117,1116,2866,1740,1,0.00055240095
Cold,145320,935,934,2866,1740,1,-0.001662463
Cold,37465,255,254,2866,1740,1,0.003728124
Cold,36691,245,244,2866,1740,1,0.0027911349
Cold,35371,238,237,2866,1740,1,0.004168215
Cold,50337,331,330,2866,1740,1,0.011348603
Cold,22076,161,160,2866,1740,1,-0.0073733986
Cold,238844,1448,1447,2866,1740,1,0.0012120884
Cold,152443,981,980,2866,1740,0,0.009106825
Cold,140668,904,903,2866,1740,1,-0.002269775
Cold,15762,123,122,2866,1740,1,0.0041246237
Cold,18816,146,145,2866,1740,1,0.0043914947
Cold,286670,1712,1711,2866,1740,0,0.0042108395
Cold,234037,1422,1421,2866,1740,0,0.0014798263
Cold,129360,839,838,2866,1740,1,-0.0028338337
Cold,249827,1505,1504,2866,1740,1,0.010961199
Cold,744829,4448,4447,2866,1740,0,0.002296078
Cold,927528,5605,5604,2866,1740,0,0.0017144158
Cold,680613,4079,4078,2866,1740,1,0.0028173174
Cold,232792,1415,1414,2866,1740,0,0.004671079
Cold,300310,1780,1779,2866,1740,0,0.00092852744
Cold,860074,5172,5171,2866,1740,1,0.0024116372
Cold,923907,5580,5579,2866,1740,1,-0.002637766
Cold,565532,3475,3474,2866,1740,0,0.011107437
Cold,47684,319,318,2866,1740,1,0.0038567223
Cold,204530,1260,1259,2866,1740,1,0.0040363898
Cold,795475,4765,4764,2866,1740,1,0.0023774824
Cold,319292,1897,1896,2866,1740,0,0.01178654
Cold,993848,6002,6001,2866,1740,1,0.0038927495
Cold,420943,2544,2543,2866,1740,1,-0.0020737918
Cold,62850,424,423,2868,1742,0,0.0021206108
Cold,699648,4186,4185,2868,1742,0,-0.0025568465
Cold,718533,4305,4304,2868,1742,0,0.0005010825
Cold,681458,4083,4082,2870,1743,0,-0.0062673953
Cold,680030,4077,4076,2870,1743,1,-0.0045908424
Cold,674121,4048,4047,2870,1743,1,0.00035166647
Cold,669461,4024,4023,2870,1743,1,-0.0037900503
Cold,668435,4021,4020,2870,1743,1,-0.012588173
Cold,667428,4016,4015,2870,1743,0,-0.0098992
Cold,652517,3934,3933,2870,1743,0,0.002392132
Cold,614717,3724,3723,2870,1743,0,-0.011480529
Cold,744836,4448,4447,2870,1743,1,-0.0076438203
Cold,604161,3675,3674,2870,1743,0,-0.01742609
Cold,726438,4345,4344,2870,1743,0,-0.008349611
Cold,636883,3836,3835,2870,1743,0,-0.010183951
Cold,725282,4344,4343,2870,1743,0,-0.008085782
Cold,597873,3639,3638,2870,1743,0,0.0005892187
Cold,587862,3589,3588,2870,1743,1,-0.01029004
Cold,576530,3524,3523,2870,1743,1,-0.011787919
Cold,567428,3483,3482,2870,1743,1,-0.0055580456
Cold,566784,3478,3477,2870,1743,0,-0.007340451
Cold,556863,3422,3421,2870,1743,0,0.00022107875
Cold,548376,3384,3383,2870,1743,1,-0.002123239
Cold,547917,3380,3379,2870,1743,0,-0.0076122573
Cold,533257,3292,3291,2870,1743,1,-0.0032094046
Cold,882926,5333,5332,2870,1743,0,-0.0006356798
Cold,518718,3201,3200,2870,1743,1,5.906797e-05
Cold,515978,3184,3183,2870,1743,1,-0.008294372
Cold,510231,3143,3142,2870,1743,1,0.003966225
Cold,893600,5395,5394,2870,1743,0,-0.005981542
Cold,546064,3367,3366,2870,1743,1,-0.004073364
Cold,494065,3032,3031,2870,1743,1,-0.002310615
Cold,492298,3028,3027,2870,1743,0,-0.0058557093
Cold,492043,3026,3025,2870,1743,1,-0.012171648
Cold,768688,4579,4578,2870,1743,1,-0.004910877
Cold,489917,3014,3013,2870,1743,0,-0.0037718918
Cold,696195,4169,4168,2870,1743,1,-0.00936752
Cold,467755,2883,2882,2870,1743,1,-0.001608471
Cold,466777,2878,2877,2870,1743,1,0.00015991554
Cold,457866,2820,2819,2870,1743,0,-0.0077124815
Cold,421405,2545,2544,2870,1743,1,-0.0033886193
Cold,419737,2537,2536,2870,1743,0,-0.0030511876
Cold,419415,2535,2534,2870,1743,1,-0.0033788634
Cold,414904,2497,2496,2870,1743,1,-0.0049256296
Cold,398031,2365,2364,2870,1743,1,-0.0053891437
Cold,436366,2665,2664,2870,1743,1,-0.0061002746
Cold,395129,2334,2333,2870,1743,1,-0.01961358
Cold,392134,2304,2303,2870,1743,1,-0.008259257
Cold,388925,2279,2278,2870,1743,0,-0.007626272
Cold,403635,2411,2410,2870,1743,1,-0.0052068266
Cold,655943,3952,3951,2870,1743,0,-0.005930942
Cold,383473,2241,2240,2870,1743,1,0.0016359782
Cold,381625,2231,2230,2870,1743,0,-0.01206858
Cold,378706,2211,2210,2870,1743,1,-0.0079714805
Cold,377220,2203,2202,2870,1743,1,-0.01789127
Cold,419365,2534,2533,2870,1743,0,-0.0032094573
Cold,356361,2088,2087,2870,1743,1,-0.011794996
Cold,354063,2073,2072,2870,1743,1,-0.0012256226
Cold,347349,2038,2037,2870,1743,0,-0.0069954274
Cold,343098,2016,2015,2870,1743,1,-0.012250842
Cold,313901,1874,1873,2870,1743,0,-0.008419938
Cold,293400,1747,1746,2870,1743,0,-0.004339458
Cold,291900,1739,1738,2870,1743,1,-0.0015367849
Cold,299042,1776,1775,2870,1743,1,-0.0056419843
Cold,276188,1671,1670,2870,1743,0,-0.007021733
Cold,279106,1680,1679,2870,1743,1,-0.005076309
Cold,264132,1607,1606,2870,1743,0,-0.014339723
Cold,260387,1592,1591,2870,1743,0,0.005496938
Cold,244668,1473,1472,2870,1743,0,0.0054692626
Cold,242767,1465,1464,2870,1743,1,-0.011477461
Cold,357407,2092,2091,2870,1743,0,-0.001522608
Cold,217989,1322,1321,2870,1743,1,-0.0030821047
Cold,296431,1758,1757,2870,1743,1,-0.009151578
Cold,308008,1836,1835,2870,1743,1,-0.007969509
Cold,188579,1170,1169,2870,1743,0,-0.00282034
Cold,188411,1169,1168,2870,1743,0,-0.01355302
Cold,183175,1141,1140,2870,1743,1,-0.008349007
Cold,185198,1150,1149,2870,1743,0,-0.01514546
Cold,180256,1128,1127,2870,1743,0,-0.004281734
Cold,172625,1094,1093,2870,1743,0,-0.006761089
Cold,346166,2030,2029,2870,1743,1,-0.0045181736
Cold,162254,1034,1033,2870,1743,1,-0.0021586488
Cold,320032,1899,1898,2870,1743,0,-0.014898079
Cold,166958,1062,1061,2870,1743,1,-0.011936211
Cold,146927,948,947,2870,1743,1,-0.011847245
Cold,324394,1922,1921,2870,1743,1,-0.0032118307
Cold,222061,1343,1342,2870,1743,1,-0.003210485
Cold,141170,910,909,2870,1743,0,-0.0042838138
Cold,140457,901,900,2870,1743,1,-0.00072997203
Cold,140231,899,898,2870,1743,0,-0.006129335
Cold,138178,889,888,2870,1743,0,-0.013662762
Cold,248787,1501,1500,2870,1743,0,-0.0058156145
Cold,131123,850,849,2870,1743,0,-0.008658929
Cold,374803,2185,2184,2870,1743,1,0.00011172239
Cold,118691,767,766,2870,1743,0,-0.00425513
Cold,112430,731,730,2870,1743,1,-0.004099265
Cold,95411,639,638,2870,1743,0,-0.0052647814
Cold,284096,1698,1697,2870,1743,0,-0.01853161
Cold,153001,984,983,2870,1743,0,-0.0023965994
Cold,86600,566,565,2870,1743,1,-0.004290635
Cold,83048,549,548,2870,1743,1,-0.0139709115
Cold,76142,517,516,2870,1743,1,-0.0008638869
Cold,70752,476,475,2870,1743,1,-0.006835424
Cold,71538,481,480,2870,1743,1,-0.00254785
Cold,64736,434,433,2870,1743,1,-0.00025156408
Cold,75887,516,515,2870,1743,0,0.0021368552
Cold,123384,796,795,2870,1743,0,-0.002475815
Cold,56753,380,379,2870,1743,1,-0.004536315
Cold,48654,326,325,2870,1743,0,0.0022407146
Cold,46125,308,307,2870,1743,1,-0.0025830958
Cold,44782,302,301,2870,1743,0,-0.0074372357
Cold,32310,216,215,2870,1743,1,-0.014218293
Cold,9435,62,61,2870,1743,1,-0.003843355
Cold,6382,45,44,2870,1743,0,0.0026012082
Cold,48094,322,321,2870,1743,1,-0.0056246356
Cold,4188,31,30,2870,1743,0,-0.01040411
Cold,60922,411,410,2870,1743,0,-0.006876732
Cold,801375,4802,4801,2870,1743,1,-0.011722194
Cold,286676,1712,1711,2870,1743,1,-0.006221245
Cold,843890,5074,5073,2870,1743,0,-0.0005492575
Cold,966733,5831,5830,2870,1743,0,-0.013086471
Cold,158102,1015,1014,2870,1743,1,-0.0055189533
Cold,347989,2041,2040,2870,1743,0,0.0046809963
Cold,828662,4979,4978,2870,1743,0,-0.0135055445
Cold,712981,4277,4276,2870,1743,0,0.002575666
Cold,272149,1645,1644,2870,1743,1,0.0019834484
Cold,328006,1941,1940,2870,1743,0,-0.0154476
Cold,558193,3428,3427,2870,1743,1,-0.008517407
Cold,565536,3475,3474,2870,1743,1,-0.0043100575
Cold,545283,3363,3362,2870,1743,1,-0.0021333615
Cold,797974,4785,4784,2870,1743,1,-0.0073409616
Cold,795478,4765,4764,2870,1743,1,-0.007566227
Cold,319296,1897,1896,2870,1743,1,-0.0046982337
Cold,842489,5063,5062,2870,1743,1,-0.005033134
Cold,171559,1088,1087,2870,1743,0,-0.01000548
Cold,346620,2031,2030,2870,1743,1,-0.009279188
Cold,1099,10,9,2874,1746,1,0.0027423175
Cold,19621,148,147,2874,1746,1,0.004893653
Cold,60936,411,410,2874,1746,0,0.0032829316
Cold,50696,333,332,2874,1746,0,0.008174663
Cold,582759,3560,3559,2874,1746,0,0.002412355
Cold,489577,3013,3012,2874,1746,0,-0.004262817
Cold,821568,4940,4939,2874,1746,1,0.013602013
Cold,520319,3209,3208,2879,1749,1,-0.00012618932
Cold,527385,3261,3260,2879,1749,0,-0.00021726615
Cold,506663,3118,3117,2879,1749,0,0.0030982988
Cold,504414,3101,3100,2879,1749,1,-0.0017808455
Cold,496467,3051,3050,2879,1749,1,0.0041618403
Cold,494074,3032,3031,2879,1749,1,0.0065451115
Cold,486249,2994,2993,2879,1749,0,-0.0021629892
Cold,482683,2967,2966,2879,1749,1,-0.0056378287
Cold,456951,2814,2813,2879,1749,1,0.0040017962
Cold,449892,2774,2773,2879,1749,1,-0.001539706
Cold,424701,2576,2575,2879,1749,1,-0.00696385
Cold,421743,2549,2548,2879,1749,0,-0.00037358177
Cold,418634,2529,2528,2879,1749,1,0.002638448
Cold,409170,2456,2455,2879,1749,1,-0.004071667
Cold,609631,3695,3694,2879,1749,1,-0.0012109079
Cold,449343,2771,2770,2879,1749,0,0.007669417
Cold,392138,2304,2303,2879,1749,1,-0.0020916974
Cold,372440,2175,2174,2879,1749,0,0.0029518981
Cold,370481,2166,2165,2879,1749,1,-0.0013449454
Cold,367216,2143,2142,2879,1749,1,0.007919598
Cold,366458,2134,2133,2879,1749,0,-0.0029527363
Cold,355949,2085,2084,2879,1749,0,-0.002168863
Cold,349851,2054,2053,2879,1749,0,0.0052760383
Cold,345090,2024,2023,2879,1749,0,0.0031171897
Cold,342416,2015,2014,2879,1749,1,7.962942e-05
Cold,341554,2012,2011,2879,1749,0,0.0030676979
Cold,329277,1943,1942,2879,1749,0,0.009013642
Cold,327169,1939,1938,2879,1749,1,-0.00016510743
Cold,320765,1902,1901,2879,1749,1,0.003845247
Cold,329806,1945,1944,2879,1749,0,0.0057012867
Cold,297460,1764,1763,2879,1749,1,-0.003578885
Cold,289311,1727,1726,2879,1749,1,0.0049323966
Cold,282605,1694,1693,2879,1749,1,-0.002468428
Cold,274365,1658,1657,2879,1749,1,-0.004637191
Cold,269897,1635,1634,2879,1749,1,0.0070790406
Cold,265730,1613,1612,2879,1749,0,0.0061775404
Cold,247639,1496,1495,2879,1749,0,0.004040402
Cold,243220,1466,1465,2879,1749,0,0.0022098548
Cold,245496,1483,1482,2879,1749,1,0.0012105209
Cold,232671,1414,1413,2879,1749,1,0.0061312905
Cold,240781,1450,1449,2879,1749,1,0.0014244847
Cold,296790,1759,1758,2879,1749,1,-0.007568448
Cold,213886,1299,1298,2879,1749,1,-0.0008403645
Cold,277635,1676,1675,2879,1749,0,0.0024497241
Cold,267195,1624,1623,2879,1749,0,-0.00679036
Cold,192353,1184,1183,2879,1749,0,-0.005543011
Cold,186349,1152,1151,2879,1749,0,0.0039869156
Cold,198615,1220,1219,2879,1749,0,0.005314609
Cold,172865,1096,1095,2879,1749,0,0.00440365
Cold,175482,1112,1111,2879,1749,0,0.00090714893
Cold,227599,1380,1379,2879,1749,0,-0.007164639
Cold,155846,1004,1003,2879,1749,1,0.005409994
Cold,712992,4277,4276,2879,1749,0,-0.001641788
Cold,136525,881,880,2879,1749,0,0.0010371213
Cold,135589,877,876,2879,1749,0,0.003168154
Cold,128530,832,831,2879,1749,1,-0.0024792333
Cold,121859,785,784,2879,1749,1,0.0047183847
Cold,107895,710,709,2879,1749,1,0.0078061232
Cold,320041,1899,1898,2879,1749,1,0.0065739863
Cold,130505,846,845,2879,1749,1,0.002262858
Cold,100139,669,668,2879,1749,1,0.0053365575
Cold,176895,1117,1116,2879,1749,0,0.01175152
Cold,97810,655,654,2879,1749,0,0.007860314
Cold,96399,647,646,2879,1749,0,0.010670686
Cold,294877,1752,1751,2879,1749,0,0.0013834563
Cold,284111,1698,1697,2879,1749,1,-0.0040427702
Cold,153925,990,989,2879,1749,1,0.0054800007
Cold,238865,1448,1447,2879,1749,0,-0.0050350227
Cold,78122,526,525,2879,1749,0,-0.00429837
Cold,77459,524,523,2879,1749,1,-0.0031084502
Cold,67417,453,452,2879,1749,0,0.0013736268
Cold,87070,569,568,2879,1749,0,-0.0062202807
Cold,317670,1889,1888,2879,1749,1,0.006408913
Cold,35925,242,241,2879,1749,0,-0.0048634894
Cold,626722,3792,3791,2879,1749,1,0.0040168813
Cold,873936,5277,5276,2879,1749,0,0.001971644
Cold,32329,216,215,2879,1749,0,0.00033202814
Cold,239999,1449,1448,2879,1749,0,-0.008678202
Cold,26076,185,184,2879,1749,0,0.0025662086
Cold,363932,2120,2119,2879,1749,0,-0.00078777806
Cold,258397,1584,1583,2879,1749,1,-0.0020440356
Cold,16485,130,129,2879,1749,1,0.002531886
Cold,104276,692,691,2879,1749,1,0.0040284465
Cold,27367,192,191,2879,1749,0,-0.008394102
Cold,10994,81,80,2879,1749,1,-0.0006252711
Cold,290152,1733,1732,2879,1749,0,5.7294033e-05
Cold,10338,73,72,2879,1749,0,0.0024087988
Cold,17228,134,133,2879,1749,1,0.006002886
Cold,633176,3824,3823,2879,1749,0,0.003398363
Cold,54645,355,354,2879,1749,0,0.0063899998
Cold,255500,1556,1555,2879,1749,0,0.004272769
Cold,974989,5880,5879,2879,1749,1,0.0025282246
Cold,362979,2116,2115,2879,1749,1,-0.0024727099
Cold,753262,4489,4488,2879,1749,1,-0.0030419112
Cold,28439,195,194,2879,1749,1,0.0036269575
Cold,490715,3018,3017,2879,1749,1,-0.0065261973
Cold,241164,1451,1450,2879,1749,0,-0.00091809477
Cold,145777,937,936,2879,1749,1,0.0035580045
Cold,11694,90,89,2879,1749,1,0.00089121517
Cold,388113,2271,2270,2879,1749,0,-0.00066075777
Cold,24542,173,172,2879,1749,1,6.4526685e-06
Cold,458652,2824,2823,2879,1749,1,-0.008302648
Cold,62868,424,423,2879,1749,1,0.0051960237
Cold,272866,1647,1646,2879,1749,0,-0.009034969
Cold,104280,692,691,2880,1750,1,0.0073130922
Cold,28456,195,194,2880,1750,0,-0.0063919146
Cold,974992,5880,5879,2880,1750,1,0.007849349
Cold,490721,3018,3017,2880,1750,0,0.00820809
Cold,362989,2116,2115,2880,1750,1,0.0053804824
Cold,633185,3824,3823,2880,1750,0,-0.008353437
Cold,11705,90,89,2880,1750,1,-0.009245701
Cold,290157,1733,1732,2880,1750,0,-0.0021969532
Cold,24557,173,172,2880,1750,1,-0.002804882
Cold,458656,2824,2823,2880,1750,1,0.0016947235
Cold,145782,937,936,2880,1750,1,-0.0067224046
Cold,272875,1647,1646,2880,1750,0,0.008475395
Cold,443525,2735,2734,2882,1752,0,0.00047627883
Cold,432430,2637,2636,2882,1752,0,-0.001505578
Cold,401274,2392,2391,2882,1752,0,0.002346966
Cold,397746,2358,2357,2882,1752,0,0.004736609
Cold,396341,2344,2343,2882,1752,0,-0.0025778133
Cold,386607,2261,2260,2882,1752,0,0.0023571914
Cold,381311,2230,2229,2882,1752,0,0.0035678034
Cold,376727,2199,2198,2882,1752,0,0.0051563517
Cold,369894,2164,2163,2882,1752,0,0.0060785213
Cold,354072,2073,2072,2882,1752,1,-0.0026670299
Cold,348627,2043,2042,2882,1752,0,-0.004126905
Cold,348425,2042,2041,2882,1752,0,-0.0095388405
Cold,318360,1891,1890,2882,1752,0,0.0011760816
Cold,278166,1677,1676,2882,1752,1,-0.0037830593
Cold,275088,1666,1665,2882,1752,0,0.0075327456
Cold,254711,1548,1547,2882,1752,0,-0.0011426935
Cold,252992,1534,1533,2882,1752,0,-0.0017384107
Cold,241631,1453,1452,2882,1752,0,0.008642485
Cold,204930,1261,1260,2882,1752,1,0.002636287
Cold,314485,1878,1877,2882,1752,1,-0.00016171578
Cold,196476,1207,1206,2882,1752,0,0.0012551241
Cold,189352,1173,1172,2882,1752,0,-0.0034405678
Cold,321659,1908,1907,2882,1752,1,-0.00049237144
Cold,333172,1967,1966,2882,1752,0,-0.006070405
Cold,168408,1069,1068,2882,1752,0,0.0006426303
Cold,160865,1022,1021,2882,1752,0,0.00095827854
Cold,313749,1873,1872,2882,1752,0,-0.0035074148
Cold,145329,935,934,2882,1752,0,0.004069091
Cold,134801,871,870,2882,1752,1,0.0035622753
Cold,178086,1120,1119,2882,1752,0,0.0032940835
Cold,110352,720,719,2882,1752,0,0.009415839
Cold,107082,704,703,2882,1752,0,0.0017247342
Cold,106031,699,698,2882,1752,0,-0.0071641183
Cold,100825,673,672,2882,1752,0,-0.002076874
Cold,98780,660,659,2882,1752,0,0.014568659
Cold,90927,602,601,2882,1752,0,0.0032421788
Cold,87255,570,569,2882,1752,0,-0.0010601857
Cold,238873,1448,1447,2882,1752,1,0.003310844
Cold,68691,461,460,2882,1752,1,0.0024240166
Cold,54261,354,353,2882,1752,1,0.0058953627
Cold,54076,352,351,2882,1752,0,0.00812057
Cold,155325,1001,1000,2882,1752,0,0.0007808616
Cold,48209,323,322,2882,1752,1,-0.0015077717
Cold,291350,1737,1736,2882,1752,0,0.0045821657
Cold,17047,133,132,2882,1752,1,0.0057160584
Cold,10709,77,76,2882,1752,0,0.007792023
Cold,1661,15,14,2882,1752,0,-0.0077328575
Cold,117036,754,753,2882,1752,0,-0.00013618823
Cold,56390,376,375,2882,1752,1,0.0020973906
Cold,76352,518,517,2882,1752,0,0.0013776394
Cold,696218,4169,4168,2882,1752,0,-0.0023677477
Cold,170839,1087,1086,2882,1752,0,0.013152152
Cold,558198,3428,3427,2882,1752,1,0.0072167725
Cold,466788,2878,2877,2882,1752,1,0.012909513
Cold,242336,1463,1462,2882,1752,0,-0.0016752669
Cold,136534,881,880,2882,1752,0,0.0022966017
Cold,413189,2485,2484,2882,1752,1,0.004934807
Cold,52258,343,342,2882,1752,0,0.0006267098
Cold,777768,4647,4646,2885,1754,0,-0.0038747704
Cold,306809,1831,1830,2888,1755,1,-0.001819401
Cold,296973,1760,1759,2888,1755,0,0.0012114265
Cold,277648,1676,1675,2888,1755,0,-0.010665861
Cold,281246,1687,1686,2888,1755,1,-0.006955808
Cold,265058,1611,1610,2888,1755,0,-0.003480091
Cold,256240,1563,1562,2888,1755,0,-0.0033281064
Cold,255324,1555,1554,2888,1755,1,0.005634268
Cold,301752,1793,1792,2888,1755,0,-0.00426449
Cold,243224,1466,1465,2888,1755,0,-0.001315607
Cold,225573,1366,1365,2888,1755,0,-0.0028121262
Cold,224146,1356,1355,2888,1755,0,-0.0076333964
Cold,224857,1359,1358,2888,1755,0,0.0017499246
Cold,223508,1354,1353,2888,1755,1,0.0011198712
Cold,214081,1300,1299,2888,1755,0,-0.00265706
Cold,243909,1470,1469,2888,1755,0,-0.006409999
Cold,236369,1434,1433,2888,1755,0,0.00095472485
Cold,186758,1156,1155,2888,1755,1,-0.003911498
Cold,186475,1153,1152,2888,1755,0,-0.0079964725
Cold,285647,1702,1701,2888,1755,1,-0.0094018215
Cold,270430,1636,1635,2888,1755,0,-0.0049414737
Cold,167828,1068,1067,2888,1755,0,-0.013158578
Cold,139834,896,895,2888,1755,0,0.0024417494
Cold,138210,889,888,2888,1755,0,-0.0064481157
Cold,135599,877,876,2888,1755,0,-0.00419575
Cold,263269,1605,1604,2888,1755,0,-0.003257203
Cold,125300,805,804,2888,1755,1,0.0054160077
Cold,121800,784,783,2888,1755,0,0.001296178
Cold,360730,2106,2105,2888,1755,0,-0.0015480493
Cold,95849,643,642,2888,1755,0,-0.00036944193
Cold,79365,531,530,2888,1755,0,-0.0029877597
Cold,87075,569,568,2888,1755,1,-0.006443934
Cold,64223,429,428,2888,1755,0,-0.0029481272
Cold,78433,528,527,2888,1755,0,-0.008686047
Cold,312869,1865,1864,2888,1755,1,-0.0051669804
Cold,219151,1329,1328,2888,1755,0,-0.0036855813
Cold,291357,1737,1736,2888,1755,0,7.535028e-05
Cold,15071,119,118,2888,1755,0,0.0045020427
Cold,4788,34,33,2888,1755,1,-0.0059906757
Cold,1725,16,15,2888,1755,0,-0.00395983
Cold,158128,1015,1014,2888,1755,0,-0.0027786198
Cold,111642,727,726,2888,1755,1,-0.0044050617
Cold,238878,1448,1447,2888,1755,0,0.0030343994
Cold,257624,1579,1578,2888,1755,0,-0.0039344956
Cold,88203,582,581,2888,1755,0,-0.005812809
Cold,2465,19,18,2888,1755,0,-0.0077687367
Cold,682398,4085,4084,2888,1755,1,0.0002420526
Cold,12168,92,91,2888,1755,0,-0.0040520076
Cold,164498,1051,1050,2888,1755,0,-0.010926721
Cold,405325,2427,2426,2888,1755,0,-0.0051471367
Cold,907634,5492,5491,2888,1755,0,0.0016813667
Cold,171580,1088,1087,2888,1755,0,-0.010118761
Cold,134227,869,868,2888,1755,1,0.0003783533
Cold,209668,1280,1279,2888,1755,0,-0.0072480696
Cold,730555,4371,4370,2888,1755,1,-0.00490723
Cold,434918,2655,2654,2888,1755,0,0.000502354
Cold,718543,4305,4304,2888,1755,1,-0.0053063347
Cold,156812,1010,1009,2888,1755,0,-0.0014677898
Cold,331566,1958,1957,2888,1755,0,-0.006274268
Cold,785771,4697,4696,2888,1755,1,0.0057164496
Cold,737123,4407,4406,2891,1758,0,-0.0014809945
Cold,736066,4401,4400,2891,1758,0,-0.013451217
Cold,691274,4139,4138,2891,1758,1,-0.011252671
Cold,689039,4122,4121,2891,1758,0,0.0043922383
Cold,682406,4085,4084,2891,1758,1,-0.011126719
Cold,683958,4089,4088,2891,1758,1,-0.0044293758
Cold,678459,4064,4063,2891,1758,1,-0.020945152
Cold,677795,4062,4061,2891,1758,0,0.004615764
Cold,671223,4033,4032,2891,1758,1,-0.004816695
Cold,761154,4522,4521,2891,1758,1,0.0040820157
Cold,724831,4343,4342,2891,1758,0,0.0007921988
Cold,651387,3929,3928,2891,1758,0,-0.0095505975
Cold,634880,3829,3828,2891,1758,0,0.00092576386
Cold,670229,4028,4027,2891,1758,1,-0.0015169572
Cold,614170,3720,3719,2891,1758,0,-0.010446008
Cold,845313,5081,5080,2891,1758,1,-0.004443813
Cold,610438,3702,3701,2891,1758,1,-0.0037726217
Cold,615626,3727,3726,2891,1758,0,-0.007381161
Cold,604191,3675,3674,2891,1758,0,-0.0071240305
Cold,598592,3643,3642,2891,1758,0,-0.010865333
Cold,593031,3615,3614,2891,1758,1,-0.0035356733
Cold,582660,3559,3558,2891,1758,1,-0.001399661
Cold,902784,5458,5457,2891,1758,1,-0.0035578283
Cold,579296,3539,3538,2891,1758,1,-0.017252134
Cold,563058,3464,3463,2891,1758,0,-0.0011343223
Cold,550084,3391,3390,2891,1758,1,-0.0020186566
Cold,546790,3371,3370,2891,1758,0,-0.009709882
Cold,532118,3285,3284,2891,1758,1,-0.0052232146
Cold,525980,3250,3249,2891,1758,0,0.0024005102
Cold,524828,3240,3239,2891,1758,1,4.1004736e-05
Cold,539874,3320,3319,2891,1758,0,-0.005547026
Cold,516076,3185,3184,2891,1758,1,-0.0031545986
Cold,882118,5329,5328,2891,1758,1,-0.0106356805
Cold,527399,3261,3260,2891,1758,0,-0.008937551
Cold,507403,3122,3121,2891,1758,0,-0.004769482
Cold,485021,2986,2985,2891,1758,1,-0.00923548
Cold,482695,2967,2966,2891,1758,0,-0.008978561
Cold,474677,2913,2912,2891,1758,1,-0.003629326
Cold,472549,2907,2906,2891,1758,0,-0.005368951
Cold,470968,2899,2898,2891,1758,1,-0.0014192439
Cold,461812,2848,2847,2891,1758,1,-0.0058464394
Cold,459611,2832,2831,2891,1758,0,-0.00043542776
Cold,445932,2750,2749,2891,1758,1,-0.010205819
Cold,443807,2737,2736,2891,1758,0,-0.0019886605
Cold,442399,2724,2723,2891,1758,0,0.004342859
Cold,438821,2681,2680,2891,1758,1,-0.0067323768
Cold,432998,2639,2638,2891,1758,0,-0.000117522315
Cold,404520,2419,2418,2891,1758,1,-0.004868141
Cold,400374,2383,2382,2891,1758,0,0.0028959382
Cold,387000,2263,2262,2891,1758,0,-0.000780774
Cold,367895,2148,2147,2891,1758,1,-0.009208642
Cold,355957,2085,2084,2891,1758,0,-0.003216269
Cold,338596,1992,1991,2891,1758,1,-0.013672535
Cold,283525,1697,1696,2891,1758,1,-0.012910578
Cold,274373,1658,1657,2891,1758,0,-0.0052750926
Cold,265740,1613,1612,2891,1758,0,-0.004792949
Cold,264596,1609,1608,2891,1758,1,0.0037649577
Cold,259438,1587,1586,2891,1758,0,-0.010542407
Cold,231961,1407,1406,2891,1758,1,-0.006075852
Cold,309925,1843,1842,2891,1758,0,-0.009171158
Cold,335851,1980,1979,2891,1758,1,-0.007264718
Cold,222381,1345,1344,2891,1758,1,-0.005182351
Cold,223512,1354,1353,2891,1758,1,-0.0051556015
Cold,217013,1317,1316,2891,1758,1,-0.0064661745
Cold,296793,1759,1758,2891,1758,0,-0.008489471
Cold,277654,1676,1675,2891,1758,1,-0.011049317
Cold,360740,2106,2105,2891,1758,0,-0.006328686
Cold,210899,1285,1284,2891,1758,1,-0.009725634
Cold,185234,1150,1149,2891,1758,0,-0.012077976
Cold,183184,1141,1140,2891,1758,1,-0.0050996877
Cold,173642,1100,1099,2891,1758,0,-0.0031280818
Cold,167832,1068,1067,2891,1758,1,-0.01053844
Cold,175495,1112,1111,2891,1758,0,-0.013190007
Cold,166439,1059,1058,2891,1758,0,-0.0074879937
Cold,163377,1045,1044,2891,1758,1,-0.011553103
Cold,214819,1303,1302,2891,1758,1,-0.0069812536
Cold,151966,977,976,2891,1758,1,-0.008824517
Cold,125229,804,803,2891,1758,1,-0.0036272262
Cold,112443,731,730,2891,1758,0,-0.0061297766
Cold,341159,2011,2010,2891,1758,1,-0.012037324
Cold,200053,1228,1227,2891,1758,1,-0.007598392
Cold,190859,1181,1180,2891,1758,1,-0.016034678
Cold,116164,752,751,2891,1758,1,-0.002617295
Cold,65777,440,439,2891,1758,1,-0.008480939
Cold,61900,415,414,2891,1758,0,-0.005627785
Cold,155330,1001,1000,2891,1758,1,-0.0027881209
Cold,56764,380,379,2891,1758,1,0.0010447352
Cold,132438,855,854,2891,1758,0,-0.016766254
Cold,42911,293,292,2891,1758,0,-0.0031955722
Cold,44080,301,300,2891,1758,1,-0.0021222273
Cold,312871,1865,1864,2891,1758,1,-0.0035319962
Cold,60978,411,410,2891,1758,1,-0.0072961194
Cold,31592,214,213,2891,1758,0,-0.013419025
Cold,8659,58,57,2891,1758,1,-0.0065127043
Cold,206836,1266,1265,2891,1758,0,-0.0028315713
Cold,78440,528,527,2891,1758,1,-0.0095104035
Cold,933442,5636,5635,2891,1758,1,-0.01384245
Cold,696237,4169,4168,2891,1758,1,-0.010963391
Cold,49720,329,328,2891,1758,0,-0.01234029
Cold,797286,4781,4780,2891,1758,1,-0.00075730914
Cold,557220,3423,3422,2891,1758,1,-0.0014098128
Cold,607113,3685,3684,2891,1758,1,-0.004192158
Cold,290172,1733,1732,2891,1758,0,-0.012514509
Cold,828678,4979,4978,2891,1758,0,-0.0080137905
Cold,949190,5734,5733,2891,1758,1,-0.014419303
Cold,169915,1079,1078,2891,1758,1,-0.0016901356
Cold,317681,1889,1888,2891,1758,0,-0.002168133
Cold,102207,678,677,2891,1758,0,-0.009567164
Cold,265062,1611,1610,2891,1758,0,-0.011468209
Cold,252491,1530,1529,2891,1758,1,0.0022808139
Cold,488131,3002,3001,2891,1758,1,-0.009331365
Cold,195412,1203,1202,2891,1758,1,-0.010506818
Cold,171589,1088,1087,2891,1758,1,-0.0007859196
Cold,51579,338,337,2891,1758,1,-0.012539305
Cold,571039,3503,3502,2891,1758,1,-0.011907613
Cold,322327,1912,1911,2891,1758,0,-0.002896319
Cold,206329,1265,1264,2891,1758,0,-0.0013297838
Cold,107913,710,709,2891,1758,0,-0.0040153796
Cold,164506,1051,1050,2891,1758,1,-0.0077916635
Cold,699661,4186,4185,2891,1758,0,-0.01135015
Cold,713011,4277,4276,2891,1758,0,-0.008198543
Cold,178627,1121,1120,2891,1758,1,0.001730548
Cold,104291,692,691,2891,1758,0,-0.0035297987
Cold,234947,1425,1424,2891,1758,0,-0.0011869998
Cold,263282,1605,1604,2891,1758,0,0.00021302607
Cold,374046,2181,2180,2898,1759,0,0.00477316
Cold,366157,2131,2130,2898,1759,0,0.0005758272
Cold,358485,2098,2097,2898,1759,0,-0.009315216
Cold,361612,2109,2108,2898,1759,1,0.0018156348
Cold,344415,2021,2020,2898,1759,1,0.010803017
Cold,303523,1803,1802,2898,1759,0,-0.0020064854
Cold,288257,1722,1721,2898,1759,1,0.0056245495
Cold,279165,1680,1679,2898,1759,1,0.007143971
Cold,276932,1675,1674,2898,1759,1,-0.0016476214
Cold,268334,1630,1629,2898,1759,0,0.0034818165
Cold,265743,1613,1612,2898,1759,0,0.0008761184
Cold,253728,1543,1542,2898,1759,0,0.003124226
Cold,234583,1424,1423,2898,1759,0,-0.008080022
Cold,221892,1342,1341,2898,1759,0,0.00097078504
Cold,328059,1941,1940,2898,1759,0,-0.003940067
Cold,256184,1562,1561,2898,1759,0,-0.0039353864
Cold,183981,1146,1145,2898,1759,0,0.014602467
Cold,175497,1112,1111,2898,1759,0,0.005015944
Cold,165215,1053,1052,2898,1759,0,-0.0059955744
Cold,159237,1017,1016,2898,1759,0,-0.0050994707
Cold,158140,1015,1014,2898,1759,0,0.0012639498
Cold,150972,971,970,2898,1759,0,0.006434166
Cold,156827,1010,1009,2898,1759,0,0.00745883
Cold,138234,889,888,2898,1759,0,0.005861102
Cold,133168,859,858,2898,1759,0,0.0041036652
Cold,125536,808,807,2898,1759,0,-0.0021231414
Cold,107917,710,709,2898,1759,0,0.0051530325
Cold,77484,524,523,2898,1759,0,-0.0015630843
Cold,81645,543,542,2898,1759,1,0.001437047
Cold,240026,1449,1448,2898,1759,0,0.006790247
Cold,45275,305,304,2898,1759,0,0.0029977355
Cold,291374,1737,1736,2898,1759,0,-0.0011881208
Cold,22742,163,162,2898,1759,0,-0.0008778471
Cold,290175,1733,1732,2898,1759,0,-0.0036854828
Cold,696244,4169,4168,2898,1759,0,0.0036134697
Cold,265065,1611,1610,2898,1759,1,0.0040726624
Cold,572101,3507,3506,2898,1759,0,0.0039353804
Cold,365742,2129,2128,2898,1759,0,0.003970043
Cold,164509,1051,1050,2898,1759,0,0.0049288524
Cold,102210,678,677,2898,1759,0,0.009331497
Cold,62893,424,423,2898,1759,1,-0.0071376106
Cold,892942,5394,5393,2898,1759,0,0.011438976
Cold,405326,2427,2426,2899,1760,1,0.0019283108
Cold,394738,2330,2329,2899,1760,1,0.0036503347
Cold,385527,2253,2252,2899,1760,1,0.0038948315
Cold,383475,2241,2240,2899,1760,1,0.003433892
Cold,384104,2244,2243,2899,1760,1,0.0037295134
Cold,381636,2231,2230,2899,1760,0,0.0059364154
Cold,364731,2124,2123,2899,1760,1,0.005452673
Cold,362137,2110,2109,2899,1760,0,0.008109035
Cold,348714,2045,2044,2899,1760,0,-0.00036681758
Cold,345797,2029,2028,2899,1760,0,-0.0023578282
Cold,335086,1977,1976,2899,1760,0,0.0004033749
Cold,326983,1938,1937,2899,1760,0,-0.003817858
Cold,313575,1871,1870,2899,1760,0,-0.002102652
Cold,268991,1632,1631,2899,1760,0,0.0051093046
Cold,343105,2016,2015,2899,1760,1,0.0017996356
Cold,312312,1861,1860,2899,1760,0,0.003563486
Cold,258995,1586,1585,2899,1760,0,-0.00054559717
Cold,257027,1574,1573,2899,1760,1,-0.00227531
Cold,311724,1858,1857,2899,1760,1,0.0014691916
Cold,245278,1481,1480,2899,1760,1,0.0023416714
Cold,335854,1980,1979,2899,1760,1,0.006904694
Cold,216206,1312,1311,2899,1760,1,0.00824829
Cold,279167,1680,1679,2899,1760,1,-0.0025638572
Cold,591946,3610,3609,2899,1760,0,-0.0009546244
Cold,243919,1470,1469,2899,1760,0,0.0026769894
Cold,235836,1427,1426,2899,1760,0,0.0005620617
Cold,248805,1501,1500,2899,1760,1,0.0021947315
Cold,166441,1059,1058,2899,1760,1,-0.00601307
Cold,167834,1068,1067,2899,1760,0,0.0054710777
Cold,158142,1015,1014,2899,1760,0,-0.0027123194
Cold,212890,1297,1296,2899,1760,1,-0.0043982607
Cold,147673,951,950,2899,1760,0,0.0037382352
Cold,131139,850,849,2899,1760,0,0.005076414
Cold,147390,949,948,2899,1760,1,0.0029897846
Cold,125371,806,805,2899,1760,0,0.0026443666
Cold,121119,780,779,2899,1760,1,5.3590396e-05
Cold,110356,720,719,2899,1760,0,0.0019498473
Cold,93776,629,628,2899,1760,0,-0.0033843936
Cold,425675,2583,2582,2899,1760,1,-0.0021861421
Cold,92211,614,613,2899,1760,0,0.0026378215
Cold,86106,563,562,2899,1760,0,0.0036060815
Cold,85251,556,555,2899,1760,0,0.0020820764
Cold,83081,549,548,2899,1760,1,0.004196205
Cold,80946,538,537,2899,1760,1,0.003970539
Cold,54946,360,359,2899,1760,1,0.004514462
Cold,48935,327,326,2899,1760,1,0.002008302
Cold,40806,273,272,2899,1760,1,0.0059224796
Cold,32387,216,215,2899,1760,0,0.008614603
Cold,14116,114,113,2899,1760,1,-0.003346039
Cold,13952,112,111,2899,1760,1,-0.0076973843
Cold,12767,97,96,2899,1760,1,0.0064636907
Cold,10576,75,74,2899,1760,0,0.008382952
Cold,958814,5787,5786,2899,1760,1,-0.0016890671
Cold,622084,3768,3767,2899,1760,0,-0.0053467546
Cold,768702,4579,4578,2899,1760,0,-0.007121426
Cold,565556,3475,3474,2899,1760,0,0.008963452
Cold,208754,1274,1273,2899,1760,1,0.006279611
Cold,605027,3678,3677,2900,1761,0,0.00862208
Cold,569450,3491,3490,2900,1761,1,0.010618775
Cold,594274,3618,3617,2900,1761,0,0.006947911
Cold,581430,3550,3549,2900,1761,0,-0.0031620313
Cold,551458,3395,3394,2900,1761,0,0.009927517
Cold,549234,3389,3388,2900,1761,0,0.0058067506
Cold,541714,3333,3332,2900,1761,1,0.011346046
Cold,539041,3314,3313,2900,1761,0,-0.0028554797
Cold,531246,3280,3279,2900,1761,0,0.0012428896
Cold,523742,3228,3227,2900,1761,1,0.008853689
Cold,519741,3206,3205,2900,1761,0,-0.0036618942
Cold,566458,3476,3475,2900,1761,0,0.007917424
Cold,508787,3129,3128,2900,1761,1,-0.0039801216
Cold,501874,3081,3080,2900,1761,1,-0.0018093158
Cold,500039,3069,3068,2900,1761,0,0.0045107845
Cold,498004,3056,3055,2900,1761,0,0.0102489805
Cold,517977,3196,3195,2900,1761,0,-0.0033868258
Cold,474042,2909,2908,2900,1761,1,-0.0011445015
Cold,467827,2883,2882,2900,1761,1,0.0074153296
Cold,754758,4497,4496,2900,1761,0,0.00042530987
Cold,449660,2772,2771,2900,1761,1,0.0075622415
Cold,444438,2742,2741,2900,1761,1,0.0013504104
Cold,441553,2708,2707,2900,1761,0,0.008644896
Cold,434131,2645,2644,2900,1761,0,-0.004028686
Cold,429527,2615,2614,2900,1761,0,0.0091726035
Cold,426601,2590,2589,2900,1761,0,0.0026260961
Cold,423527,2566,2565,2900,1761,0,0.0044344524
Cold,409775,2457,2456,2900,1761,0,0.003392473
Cold,402017,2400,2399,2900,1761,0,-0.008102
Cold,389093,2279,2278,2900,1761,0,0.0024812715
Cold,403776,2411,2410,2900,1761,0,0.002528789
Cold,385403,2251,2250,2900,1761,0,-0.004651322
Cold,376784,2199,2198,2900,1761,0,-0.0032882101
Cold,374379,2181,2180,2900,1761,0,0.0010034372
Cold,370796,2167,2166,2900,1761,1,0.0062451377
Cold,348523,2042,2041,2900,1761,0,-0.013134099
Cold,305940,1820,1819,2900,1761,0,0.0015744326
Cold,288329,1722,1721,2900,1761,0,-0.005437045
Cold,291661,1737,1736,2900,1761,0,-0.0051579312
Cold,292529,1741,1740,2900,1761,0,0.0035209148
Cold,279847,1680,1679,2900,1761,0,0.0027183713
Cold,277140,1675,1674,2900,1761,1,0.0044944417
Cold,280518,1683,1682,2900,1761,0,-0.010516829
Cold,271090,1639,1638,2900,1761,0,0.010724508
Cold,264425,1608,1607,2900,1761,0,-0.0071242484
Cold,257254,1577,1576,2900,1761,1,-0.006119163
Cold,256960,1572,1571,2900,1761,0,-0.004736477
Cold,252293,1528,1527,2900,1761,1,-0.001742977
Cold,247885,1496,1495,2900,1761,0,0.0060765906
Cold,228520,1383,1382,2900,1761,0,-0.004338749
Cold,240477,1449,1448,2900,1761,0,0.016080264
Cold,198892,1221,1220,2900,1761,0,0.0077187736
Cold,196205,1206,1205,2900,1761,1,0.004280837
Cold,328636,1941,1940,2900,1761,0,-0.012925014
Cold,180446,1128,1127,2900,1761,0,2.5474466e-05
Cold,174785,1106,1105,2900,1761,0,-0.003927773
Cold,184115,1146,1145,2900,1761,0,-0.0050781155
Cold,159407,1017,1016,2900,1761,1,0.0047458843
Cold,158608,1015,1014,2900,1761,1,-0.00067315425
Cold,152148,978,977,2900,1761,0,0.0029532039
Cold,149744,963,962,2900,1761,0,0.006342049
Cold,157196,1010,1009,2900,1761,0,-0.004220155
Cold,134555,869,868,2900,1761,0,0.003540225
Cold,125627,808,807,2900,1761,0,-0.008954381
Cold,126065,812,811,2900,1761,1,0.009199841
Cold,211305,1285,1284,2900,1761,0,0.010919359
Cold,349389,2050,2049,2900,1761,0,-0.0021987823
Cold,352271,2063,2062,2900,1761,0,0.0034572952
Cold,713349,4277,4276,2900,1761,1,0.007257824
Cold,92828,621,620,2900,1761,1,0.0062137824
Cold,86236,563,562,2900,1761,0,0.010906758
Cold,81885,543,542,2900,1761,1,0.0036077255
Cold,239274,1448,1447,2900,1761,1,0.0014254376
Cold,82547,548,547,2900,1761,0,0.0053325063
Cold,70917,476,475,2900,1761,0,0.0023055652
Cold,251248,1516,1515,2900,1761,0,0.005729782
Cold,57629,390,389,2900,1761,0,0.0023508323
Cold,132663,855,854,2900,1761,0,0.0031348662
Cold,45215,305,304,2900,1761,0,0.0049722656
Cold,43125,295,294,2900,1761,1,-0.0013063098
Cold,41225,278,277,2900,1761,0,-0.0041468106
Cold,40475,272,271,2900,1761,1,0.003376934
Cold,36598,245,244,2900,1761,0,0.0074859317
Cold,32515,218,217,2900,1761,0,-0.0036796154
Cold,411660,2472,2471,2900,1761,0,-0.006774541
Cold,290501,1733,1732,2900,1761,0,0.005511429
Cold,552604,3401,3400,2900,1761,0,0.0005927938
Cold,432852,2638,2637,2900,1761,0,-0.0005757995
Cold,265260,1611,1610,2900,1761,1,-0.004503467
Cold,354585,2076,2075,2900,1761,0,0.0021508816
Cold,572441,3507,3506,2900,1761,0,0.008219389
Cold,365881,2129,2128,2900,1761,0,0.0026146064
Cold,541551,3332,3331,2900,1761,1,-0.00875918
Cold,102579,678,677,2900,1761,1,0.008314214
Cold,63322,424,423,2900,1761,0,0.006165905
Cold,310838,1851,1850,2900,1761,0,0.003934982
Cold,720196,4312,4311,2900,1761,0,0.005445169
Cold,271852,1643,1642,2900,1761,1,0.0009759958
Cold,136893,881,880,2900,1761,0,0.003333813
Cold,342767,2015,2014,2900,1761,0,0.00873644
Cold,116555,752,751,2900,1761,0,0.015065107
Cold,648293,3903,3902,2902,1763,0,-1.2951088e-05
Cold,649504,3914,3913,2902,1763,0,0.0013052905
Cold,639621,3844,3843,2902,1763,0,0.0058225375
Cold,664229,3999,3998,2902,1763,0,0.007974437
Cold,628408,3806,3805,2902,1763,0,-0.009643929
Cold,628825,3807,3806,2902,1763,0,0.007600354
Cold,629843,3808,3807,2902,1763,0,-0.0013462852
Cold,638539,3841,3840,2902,1763,0,-0.0051562525
Cold,623535,3771,3770,2902,1763,0,-0.002775595
Cold,625103,3778,3777,2902,1763,0,0.005074969
Cold,622354,3768,3767,2902,1763,0,0.0016285167
Cold,611957,3709,3708,2902,1763,0,1.3954763e-05
Cold,604890,3677,3676,2902,1763,0,-0.007850449
Cold,621338,3762,3761,2902,1763,0,-0.002383883
Cold,606702,3683,3682,2902,1763,0,0.0028577354
Cold,633573,3824,3823,2902,1763,0,-0.00019559712
Cold,596850,3626,3625,2902,1763,0,-0.0017434154
Cold,577791,3528,3527,2902,1763,0,-0.0021001818
Cold,688196,4116,4115,2902,1763,0,-0.0045324024
Cold,557011,3422,3421,2902,1763,0,0.0054887845
Cold,547439,3377,3376,2902,1763,0,-0.007625582
Cold,577488,3526,3525,2902,1763,0,0.0071603265
Cold,528337,3265,3264,2902,1763,0,0.0027319384
Cold,522913,3224,3223,2902,1763,0,-0.006290358
Cold,511386,3154,3153,2902,1763,1,0.0073895333
Cold,566461,3476,3475,2902,1763,0,-0.0040738285
Cold,606005,3681,3680,2902,1763,0,-0.0009297321
Cold,494464,3032,3031,2902,1763,1,0.0044019143
Cold,540065,3320,3319,2902,1763,0,-0.0045826263
Cold,483994,2976,2975,2902,1763,0,0.00012937398
Cold,696696,4169,4168,2902,1763,1,-0.008282948
Cold,474045,2909,2908,2902,1763,0,0.00028337236
Cold,754760,4497,4496,2902,1763,0,-0.0009348644
Cold,462719,2854,2853,2902,1763,0,-0.0041426662
Cold,426603,2590,2589,2902,1763,0,0.0032366987
Cold,415577,2503,2502,2902,1763,0,-0.005370919
Cold,409304,2456,2455,2902,1763,0,-0.0019078469
Cold,397227,2352,2351,2902,1763,0,0.001210376
Cold,406816,2444,2443,2902,1763,0,-0.0018022057
Cold,387368,2264,2263,2902,1763,0,-0.0040461356
Cold,375203,2186,2185,2902,1763,0,-0.008260072
Cold,374382,2181,2180,2902,1763,1,0.0063430564
Cold,370072,2164,2163,2902,1763,1,-0.008423986
Cold,359561,2102,2101,2902,1763,0,-0.00080331333
Cold,352748,2064,2063,2902,1763,0,-0.0009450342
Cold,317360,1887,1886,2902,1763,0,-0.00689717
Cold,290989,1736,1735,2902,1763,0,-0.0061114314
Cold,288333,1722,1721,2902,1763,1,0.0027808426
Cold,291664,1737,1736,2902,1763,0,0.0006806536
Cold,279851,1680,1679,2902,1763,1,0.00214948
Cold,277144,1675,1674,2902,1763,0,-0.0051336447
Cold,260721,1593,1592,2902,1763,0,1.1285301e-06
Cold,247888,1496,1495,2902,1763,0,0.0015513308
Cold,224542,1357,1356,2902,1763,0,0.00087471365
Cold,325577,1926,1925,2902,1763,0,-0.008410542
Cold,336312,1980,1979,2902,1763,0,-0.00457807
Cold,270190,1635,1634,2902,1763,0,0.0014731251
Cold,240481,1449,1448,2902,1763,0,0.0018707803
Cold,210307,1284,1283,2902,1763,0,-0.014242143
Cold,261930,1599,1598,2902,1763,0,-0.008234263
Cold,328640,1941,1940,2902,1763,0,-0.00090439734
Cold,307677,1835,1834,2902,1763,0,-0.0013983109
Cold,196711,1207,1206,2902,1763,0,-0.0039476166
Cold,184116,1146,1145,2902,1763,0,-0.01362628
Cold,175743,1112,1111,2902,1763,0,0.002183727
Cold,159411,1017,1016,2902,1763,0,0.011097696
Cold,158612,1015,1014,2902,1763,0,0.0004364231
Cold,213075,1297,1296,2902,1763,0,-0.001819186
Cold,150226,967,966,2902,1763,0,0.0005062148
Cold,134556,869,868,2902,1763,0,0.0056252507
Cold,188000,1165,1164,2902,1763,0,-0.003333985
Cold,125629,808,807,2902,1763,0,0.009004343
Cold,123982,798,797,2902,1763,0,0.0017444738
Cold,211309,1285,1284,2902,1763,0,0.0068322755
Cold,115525,749,748,2902,1763,0,0.00071580836
Cold,112930,732,731,2902,1763,0,-0.0006358485
Cold,107209,705,704,2902,1763,0,0.006546039
Cold,99893,667,666,2902,1763,1,0.008616556
Cold,99478,663,662,2902,1763,0,-0.0022108413
Cold,103516,687,686,2902,1763,0,1.9575236e-06
Cold,95049,637,636,2902,1763,0,-0.0014362743
Cold,90779,601,600,2902,1763,0,0.0028784063
Cold,83487,549,548,2902,1763,0,-0.0055460143
Cold,234331,1422,1421,2902,1763,0,0.009610554
Cold,191403,1181,1180,2902,1763,0,0.004550579
Cold,72317,482,481,2902,1763,0,-0.007706948
Cold,57631,390,389,2902,1763,0,-0.0013491588
Cold,338336,1988,1987,2902,1763,0,-0.0017435718
Cold,41868,284,283,2902,1763,0,0.0031474284
Cold,41226,278,277,2902,1763,0,-0.0005825399
Cold,36602,245,244,2902,1763,0,-0.0074507287
Cold,482010,2962,2961,2902,1763,0,0.007922075
Cold,238231,1447,1446,2902,1763,0,-0.0012519401
Cold,365884,2129,2128,2902,1763,0,-0.00564036
Cold,102582,678,677,2902,1763,0,0.0014075644
Cold,760702,4520,4519,2902,1763,0,0.0050059007
Cold,964202,5812,5811,2902,1763,0,0.0034955847
Cold,221600,1340,1339,2902,1763,0,-0.0028082258
Cold,136897,881,880,2902,1763,0,0.0049833083
Cold,44652,302,301,2902,1763,0,0.009556953
Cold,474396,2910,2909,2902,1763,1,-0.009537365
Cold,63326,424,423,2902,1763,0,-0.005451764
Cold,699766,4186,4185,2902,1763,0,0.00959206
Cold,718672,4305,4304,2902,1763,0,-0.007982445
Cold,370073,2164,2163,2903,1764,0,0.009646698
Cold,291666,1737,1736,2903,1764,0,0.014379298
Cold,279853,1680,1679,2903,1764,0,0.0041278284
Cold,247889,1496,1495,2903,1764,0,0.0015031733
Cold,224543,1357,1356,2903,1764,0,-0.00036714762
Cold,210309,1284,1283,2903,1764,0,0.00029712263
Cold,261932,1599,1598,2903,1764,0,0.007643067
Cold,328642,1941,1940,2903,1764,0,0.011683242
Cold,196712,1207,1206,2903,1764,0,0.008298852
Cold,184118,1146,1145,2903,1764,0,0.006860893
Cold,175744,1112,1111,2903,1764,0,-0.0009480403
Cold,162506,1035,1034,2903,1764,0,0.008606954
Cold,159412,1017,1016,2903,1764,0,0.000950543
Cold,213076,1297,1296,2903,1764,0,0.00580161
Cold,188001,1165,1164,2903,1764,0,0.0038234603
Cold,125630,808,807,2903,1764,0,0.00054705737
Cold,123983,798,797,2903,1764,0,-0.0028479001
Cold,112931,732,731,2903,1764,0,0.0030756176
Cold,107210,705,704,2903,1764,0,0.002039284
Cold,108275,710,709,2903,1764,0,-0.0016859295
Cold,104918,695,694,2903,1764,0,0.0031132195
Cold,99479,663,662,2903,1764,0,0.0055103274
Cold,90780,601,600,2903,1764,0,0.0011992501
Cold,83489,549,548,2903,1764,0,-0.0007717868
Cold,234332,1422,1421,2903,1764,0,0.009242744
Cold,68872,461,460,2903,1764,0,0.0068852105
Cold,45217,305,304,2903,1764,0,0.00015060138
Cold,41227,278,277,2903,1764,0,-0.0038902485
Cold,240483,1449,1448,2903,1764,0,-0.0027072395
Cold,482012,2962,2961,2903,1764,0,0.007567726
Cold,347032,2035,2034,2903,1764,0,0.0010356784
Cold,69117,462,461,2903,1764,0,0.0054176324
Cold,102584,678,677,2903,1764,0,0.00029761123
Cold,336314,1980,1979,2903,1764,0,0.0059704324
Cold,115526,749,748,2903,1764,0,0.0153058525
Cold,474047,2909,2908,2903,1764,0,0.0047063334
Cold,474397,2910,2909,2903,1764,0,-0.0016485367
Cold,63327,424,423,2903,1764,0,0.0053916406
Cold,24445,173,172,2905,1765,1,0.00569285
Cold,93589,626,625,2905,1765,1,-0.0035842173
Cold,770059,4589,4588,2905,1765,1,0.00090450887
Cold,223112,1352,1351,2905,1765,1,-0.004646482
Cold,231211,1399,1398,2905,1765,1,-0.0016363453
Cold,28309,195,194,2905,1765,1,0.005188958
Cold,290504,1733,1732,2905,1765,1,0.0012208117
Cold,215075,1303,1302,2905,1765,1,0.005983235
Cold,208953,1274,1273,2905,1765,1,0.0005812596
Cold,273963,1654,1653,2920,1775,1,-0.0022726408
Cold,266847,1618,1617,2920,1775,1,0.0032437497
Cold,256689,1569,1568,2920,1775,1,0.00037099072
Cold,256571,1567,1566,2920,1775,0,-0.0045893444
Cold,250841,1513,1512,2920,1775,1,0.0022532772
Cold,294511,1749,1748,2920,1775,1,0.002418437
Cold,184467,1147,1146,2920,1775,0,0.0045798095
Cold,182899,1140,1139,2920,1775,1,0.007008697
Cold,191463,1181,1180,2920,1775,0,0.00046900287
Cold,161206,1028,1027,2920,1775,1,0.0012238272
Cold,160427,1019,1018,2920,1775,1,0.0059801387
Cold,158677,1015,1014,2920,1775,0,0.0010716612
Cold,149053,958,957,2920,1775,1,0.002248375
Cold,138835,889,888,2920,1775,1,-0.0037326827
Cold,131360,850,849,2920,1775,1,-0.005218382
Cold,64749,434,433,2920,1775,1,-0.0028910227
Cold,46617,312,311,2920,1775,1,0.0009768356
Cold,27612,193,192,2920,1775,0,-0.004351687
Cold,148868,957,956,2920,1775,1,-0.0030539813
Cold,592204,3610,3609,2920,1775,0,-0.0028787595
Cold,1484,14,13,2920,1775,1,-0.009939941
Cold,739460,4418,4417,2920,1775,1,-0.0023785175
Cold,320346,1899,1898,2920,1775,1,0.007514793
Cold,284957,1699,1698,2920,1775,1,0.0026472239
Cold,876380,5291,5290,2920,1775,1,-0.0026486348
Cold,916777,5539,5538,2920,1775,0,0.0067701954
Cold,34803,235,234,2920,1775,1,-0.0009957616
Cold,571242,3503,3502,2920,1775,1,0.0072690095
Cold,369275,2159,2158,2920,1775,1,0.0059215436
Cold,24483,173,172,2920,1775,1,0.0008670632
Cold,89414,588,587,2920,1775,1,0.0027298569
Cold,208972,1274,1273,2920,1775,1,-0.007647261
Cold,421239,2544,2543,2920,1775,1,-0.006996282
Cold,104010,691,690,2920,1775,0,-0.0038230168
Cold,223117,1352,1351,2920,1775,1,0.0055378336
Cold,497417,3054,3053,2920,1775,1,-0.0024252802
Cold,607798,3688,3687,2920,1775,1,-0.005062398
Cold,322713,1912,1911,2920,1775,0,0.004074511
Cold,18803,146,145,2920,1775,1,0.0020102991
Cold,933625,5636,5635,2920,1775,1,0.0029864674
Cold,349997,2054,2053,2924,1778,1,0.006719061
Cold,374426,2181,2180,2924,1778,1,0.00622889
Cold,320350,1899,1898,2924,1778,1,0.0045536472
Cold,288050,1720,1719,2924,1778,1,0.0038822666
Cold,286026,1706,1705,2924,1778,1,0.004994536
Cold,280332,1681,1680,2924,1778,0,-0.007173829
Cold,274545,1658,1657,2924,1778,0,0.004116924
Cold,270237,1635,1634,2924,1778,1,-0.0012980299
Cold,273795,1650,1649,2924,1778,1,0.0047394936
Cold,282785,1694,1693,2924,1778,1,0.006412765
Cold,266512,1616,1615,2924,1778,1,-0.0040779845
Cold,259810,1588,1587,2924,1778,1,0.010263747
Cold,257298,1578,1577,2924,1778,1,0.0075940615
Cold,252674,1530,1529,2924,1778,1,-0.00353645
Cold,245313,1481,1480,2924,1778,1,0.0059528323
Cold,244774,1473,1472,2924,1778,0,7.966289e-05
Cold,237300,1443,1442,2924,1778,0,-0.0040388824
Cold,631834,3821,3820,2924,1778,0,0.0011584298
Cold,236769,1437,1436,2924,1778,1,-0.0002708044
Cold,244522,1472,1471,2924,1778,1,-0.000694762
Cold,221646,1340,1339,2924,1778,0,5.8603473e-05
Cold,208975,1274,1273,2924,1778,1,0.008841255
Cold,206086,1264,1263,2924,1778,1,0.006351606
Cold,199134,1223,1222,2924,1778,1,-0.007314472
Cold,244214,1470,1469,2924,1778,1,-0.0031691229
Cold,294514,1749,1748,2924,1778,0,-0.008045822
Cold,186424,1152,1151,2924,1778,1,0.007879161
Cold,185790,1150,1149,2924,1778,0,0.00023453857
Cold,177705,1119,1118,2924,1778,1,0.012458187
Cold,173861,1100,1099,2924,1778,1,0.008107499
Cold,191467,1181,1180,2924,1778,1,0.006076916
Cold,203315,1246,1245,2924,1778,1,-0.0014775994
Cold,153544,985,984,2924,1778,1,0.00036279112
Cold,147138,948,947,2924,1778,1,-0.0059474884
Cold,260906,1594,1593,2924,1778,1,-0.003006584
Cold,217348,1317,1316,2924,1778,1,-0.0014033678
Cold,157261,1010,1009,2924,1778,1,0.0030882114
Cold,138839,889,888,2924,1778,1,-0.001453314
Cold,937027,5653,5652,2924,1778,0,0.0040830057
Cold,284532,1698,1697,2924,1778,1,0.0016528321
Cold,733608,4386,4385,2924,1778,0,-0.00048617716
Cold,84534,550,549,2924,1778,0,0.0014891663
Cold,70940,476,475,2924,1778,1,-0.005327079
Cold,66198,442,441,2924,1778,1,0.0011426592
Cold,64997,436,435,2924,1778,1,-0.0020559109
Cold,605378,3679,3678,2924,1778,0,-0.008856615
Cold,62218,420,419,2924,1778,1,0.0063258293
Cold,57009,385,384,2924,1778,1,-0.009012256
Cold,58182,392,391,2924,1778,1,-0.00309332
Cold,53285,351,350,2924,1778,1,0.0027154698
Cold,713396,4277,4276,2924,1778,0,-0.011508688
Cold,34292,231,230,2924,1778,1,0.0014689527
Cold,30854,205,204,2924,1778,1,0.0008348527
Cold,34805,235,234,2924,1778,1,-0.0008839475
Cold,12371,93,92,2924,1778,0,0.00091816654
Cold,10985,81,80,2924,1778,1,0.0055196234
Cold,23829,169,168,2924,1778,0,0.0017969795
Cold,421244,2544,2543,2924,1778,0,0.001214491
Cold,230653,1395,1394,2924,1778,1,0.0021886807
Cold,152541,981,980,2924,1778,1,-0.0064652115
Cold,480890,2952,2951,2924,1778,1,0.011057775
Cold,371140,2168,2167,2924,1778,1,0.0030409037
Cold,467438,2880,2879,2924,1778,1,-0.0008389513
Cold,145926,937,936,2924,1778,1,-0.0019762171
Cold,232864,1415,1414,2924,1778,0,0.00545655
Cold,907726,5492,5491,2924,1778,1,0.0026954152
Cold,805805,4823,4822,2924,1778,1,0.005121051
Cold,418998,2529,2528,2924,1778,1,0.0078035183
Cold,804382,4816,4815,2924,1778,0,0.0027775117
Cold,825638,4958,4957,2924,1778,1,0.0015825068
Cold,881116,5322,5321,2924,1778,1,-1.8230407e-05
Cold,300585,1780,1779,2924,1778,0,0.0035371967
Cold,141698,911,910,2924,1778,0,0.0038772472
Cold,394675,2329,2328,2927,1780,0,0.0012094406
Cold,364195,2121,2120,2927,1780,1,-0.0042276233
Cold,346725,2031,2030,2927,1780,0,-0.0016586103
Cold,313356,1869,1868,2927,1780,1,-0.0070598293
Cold,305673,1819,1818,2927,1780,0,-0.0018031304
Cold,302719,1797,1796,2927,1780,1,0.0026387856
Cold,292569,1741,1740,2927,1780,1,-0.0023095272
Cold,346407,2030,2029,2927,1780,1,0.003755483
Cold,253319,1540,1539,2927,1780,1,-0.0035606357
Cold,227463,1378,1377,2927,1780,1,-0.01146975
Cold,228564,1383,1382,2927,1780,1,0.0025503538
Cold,229001,1387,1386,2927,1780,1,0.004598617
Cold,218327,1323,1322,2927,1780,1,-0.0029715681
Cold,184471,1147,1146,2927,1780,1,-0.000973003
Cold,316409,1883,1882,2927,1780,0,0.0028430142
Cold,182903,1140,1139,2927,1780,1,-0.012740282
Cold,219554,1331,1330,2927,1780,1,0.0038910965
Cold,191472,1181,1180,2927,1780,0,0.0027451543
Cold,144568,931,930,2927,1780,1,-0.0008166807
Cold,138845,889,888,2927,1780,1,-0.013599269
Cold,112715,731,730,2927,1780,1,0.0009629431
Cold,95980,644,643,2927,1780,1,-0.0024912644
Cold,86263,563,562,2927,1780,1,-0.004654729
Cold,48892,327,326,2927,1780,0,-0.00039292546
Cold,11454,88,87,2927,1780,1,0.0017097257
Cold,592206,3610,3609,2927,1780,0,-0.0022252975
Cold,24490,173,172,2927,1780,1,-0.001522687
Cold,158685,1015,1014,2927,1780,1,-0.00010111183
Cold,739463,4418,4417,2927,1780,1,-0.009175975
Cold,317061,1884,1883,2927,1780,1,-0.0019477063
Cold,768865,4579,4578,2927,1780,1,0.0043562655
Cold,208976,1274,1273,2927,1780,1,-0.0029471694
Cold,421247,2544,2543,2927,1780,0,0.012318227
Cold,823380,4950,4949,2927,1780,0,0.0013465828
Cold,276479,1671,1670,2927,1780,1,-0.009076669
Cold,176157,1113,1112,2927,1780,1,-0.0015085437
Cold,497423,3054,3053,2927,1780,1,0.0023900736
Cold,290552,1733,1732,2927,1780,1,-0.0014101691
Cold,839470,5046,5045,2927,1780,0,-0.0031190773
Cold,240547,1449,1448,2928,1781,1,0.007954946
Cold,84876,551,550,2928,1781,1,0.008466003
Cold,308937,1837,1836,2928,1781,1,0.0075103594
Cold,32653,220,219,2928,1781,0,-0.0012085411
Cold,34809,235,234,2928,1781,0,0.003339753
Cold,15743,123,122,2928,1781,1,-0.005467386
Cold,229760,1390,1389,2928,1781,1,0.0036926318
Cold,408440,2453,2452,2928,1781,1,0.003955653
Cold,129705,839,838,2928,1781,1,0.008021541
Cold,204764,1260,1259,2928,1781,1,0.006322607
Cold,51528,338,337,2928,1781,0,0.005324724
Cold,328746,1941,1940,2928,1781,0,0.010143521
Cold,211380,1285,1284,2928,1781,0,-0.0014365102
Cold,157263,1010,1009,2928,1781,0,0.0005517417
Cold,174350,1101,1100,2928,1781,1,0.02022991
Cold,713400,4277,4276,2928,1781,1,0.0011382246
Cold,575923,3520,3519,2928,1781,0,0.008512993
Cold,428885,2609,2608,2932,1783,1,0.005791101
Cold,323299,1916,1915,2932,1783,0,-0.0050350204
Cold,302723,1797,1796,2932,1783,1,0.007266829
Cold,298388,1768,1767,2932,1783,1,-0.0014186787
Cold,281007,1685,1684,2932,1783,0,-0.0035171576
Cold,282100,1692,1691,2932,1783,1,0.0041685426
Cold,273608,1649,1648,2932,1783,1,0.0050103692
Cold,346413,2030,2029,2932,1783,1,0.005585314
Cold,294524,1749,1748,2932,1783,1,-0.004208643
Cold,631843,3821,3820,2932,1783,1,-0.00037504663
Cold,325618,1926,1925,2932,1783,1,0.0032418827
Cold,320366,1899,1898,2932,1783,0,0.0036415884
Cold,208430,1273,1272,2932,1783,1,0.0066524977
Cold,220479,1335,1334,2932,1783,1,0.0021850418
Cold,207597,1268,1267,2932,1783,1,-0.00094432617
Cold,308946,1837,1836,2932,1783,1,0.0057162405
Cold,186255,1151,1150,2932,1783,1,0.00729307
Cold,180483,1128,1127,2932,1783,1,0.004949533
Cold,192005,1182,1181,2932,1783,1,-8.723809e-05
Cold,191500,1181,1180,2932,1783,0,0.0048529026
Cold,222181,1343,1342,2932,1783,0,0.0035090435
Cold,713412,4277,4276,2932,1783,1,0.002671056
Cold,138867,889,888,2932,1783,0,0.0035628388
Cold,135078,873,872,2932,1783,1,-0.003672286
Cold,374910,2185,2184,2932,1783,1,-0.0003644621
Cold,329602,1943,1942,2932,1783,1,0.0013217903
Cold,211405,1285,1284,2932,1783,1,0.004795611
Cold,46089,308,307,2932,1783,0,0.0011061272
Cold,35366,238,237,2932,1783,0,0.002709195
Cold,12749,97,96,2932,1783,1,0.0005252138
Cold,4951,35,34,2932,1783,1,-0.0016389401
Cold,357730,2092,2091,2932,1783,1,0.009760049
Cold,421258,2544,2543,2932,1783,0,0.0060285125
Cold,4524,33,32,2932,1783,0,0.0016902774
Cold,284966,1699,1698,2932,1783,1,0.0021409485
Cold,607802,3688,3687,2932,1783,1,0.001265062
Cold,158707,1015,1014,2932,1783,1,0.004027105
Cold,522999,3224,3223,2932,1783,1,-0.002120252
Cold,20480,150,149,2932,1783,1,0.0006184713
Cold,249968,1505,1504,2932,1783,0,0.0025860085
Cold,317071,1884,1883,2932,1783,1,0.0021536695
Cold,451558,2779,2778,2932,1783,1,-0.0047133793
Cold,416961,2507,2506,2932,1783,1,0.00660128
Cold,369276,2159,2158,2932,1783,1,0.0053179744
Cold,208983,1274,1273,2932,1783,1,0.0065299906
Cold,680803,4079,4078,2932,1783,1,0.0046163565
Cold,24501,173,172,2932,1783,1,0.0021653892
Cold,255649,1556,1555,2932,1783,1,0.00956949
Cold,564761,3471,3470,2932,1783,0,0.008159032
Cold,452160,2784,2783,2932,1783,1,0.00068764965
Cold,319615,1897,1896,2932,1783,1,0.0018198853
Cold,993933,6002,6001,2932,1783,0,0.0045192214
Cold,343791,2018,2017,2932,1783,1,0.002817924
Cold,197484,1211,1210,2932,1783,1,-0.002282951
Cold,739467,4418,4417,2932,1783,1,0.0015106415
Cold,160455,1019,1018,2932,1783,1,0.005391607
Cold,657693,3963,3962,2932,1783,0,0.00067070173
Cold,839482,5046,5045,2932,1783,0,0.0022580044
Cold,553056,3402,3401,2935,1784,1,-0.0034798938
Cold,551354,3394,3393,2935,1784,1,0.005871901
Cold,533673,3292,3291,2935,1784,1,-0.004624595
Cold,523593,3227,3226,2935,1784,1,0.0011272798
Cold,495266,3039,3038,2935,1784,1,0.0026765128
Cold,492203,3026,3025,2935,1784,1,0.0001986699
Cold,497432,3054,3053,2935,1784,1,0.00864416
Cold,482910,2967,2966,2935,1784,1,0.012014084
Cold,530607,3278,3277,2935,1784,1,0.012749555
Cold,462080,2849,2848,2935,1784,1,0.009284523
Cold,459246,2826,2825,2935,1784,1,0.0010956489
Cold,435287,2659,2658,2935,1784,1,-0.0029662477
Cold,421261,2544,2543,2935,1784,1,-0.0018597147
Cold,419181,2531,2530,2935,1784,0,0.004541779
Cold,425462,2581,2580,2935,1784,1,0.005572047
Cold,416964,2507,2506,2935,1784,1,0.009092919
Cold,405464,2428,2427,2935,1784,1,-0.00096473075
Cold,403171,2407,2406,2935,1784,1,0.0024284082
Cold,400556,2383,2382,2935,1784,1,-0.0008431659
Cold,394676,2329,2328,2935,1784,1,0.011511956
Cold,381809,2231,2230,2935,1784,1,0.0029865862
Cold,364198,2121,2120,2935,1784,0,-0.003302508
Cold,354355,2073,2072,2935,1784,1,0.007221134
Cold,374449,2181,2180,2935,1784,0,0.006342822
Cold,347533,2038,2037,2935,1784,1,0.00078036333
Cold,346414,2030,2029,2935,1784,1,0.010859677
Cold,334803,1974,1973,2935,1784,1,0.0043289363
Cold,321092,1903,1902,2935,1784,1,0.004061538
Cold,327268,1939,1938,2935,1784,0,0.008136461
Cold,320368,1899,1898,2935,1784,1,0.0035936735
Cold,302724,1797,1796,2935,1784,1,-0.004766483
Cold,301571,1791,1790,2935,1784,0,0.009517991
Cold,314227,1875,1874,2935,1784,1,0.013776318
Cold,286029,1706,1705,2935,1784,1,0.00083139364
Cold,282403,1693,1692,2935,1784,1,0.0011339961
Cold,293978,1748,1747,2935,1784,0,0.0031675484
Cold,276488,1671,1670,2935,1784,0,0.013332546
Cold,292580,1741,1740,2935,1784,1,0.0067891623
Cold,289533,1727,1726,2935,1784,1,-0.00503409
Cold,273798,1650,1649,2935,1784,1,-0.0021585575
Cold,229004,1387,1386,2935,1784,1,0.0032799449
Cold,208985,1274,1273,2935,1784,0,0.0041058743
Cold,208432,1273,1272,2935,1784,0,0.0075938413
Cold,199655,1224,1223,2935,1784,1,0.0017580576
Cold,193020,1191,1190,2935,1784,1,0.0029788106
Cold,184475,1147,1146,2935,1784,1,0.007882477
Cold,316414,1883,1882,2935,1784,1,-0.00085129007
Cold,183369,1141,1140,2935,1784,1,-0.005463875
Cold,169148,1073,1072,2935,1784,1,-0.0032096524
Cold,165061,1052,1051,2935,1784,1,0.005166274
Cold,158708,1015,1014,2935,1784,1,0.0054524797
Cold,246499,1489,1488,2935,1784,0,0.010383284
Cold,144570,931,930,2935,1784,1,0.00983342
Cold,162395,1034,1033,2935,1784,1,-0.003370685
Cold,138871,889,888,2935,1784,1,0.0048789624
Cold,132910,857,856,2935,1784,1,0.007691011
Cold,128865,837,836,2935,1784,0,0.0065718577
Cold,374912,2185,2184,2935,1784,1,0.0054730573
Cold,125386,806,805,2935,1784,1,0.009576298
Cold,112727,731,730,2935,1784,1,0.0036246448
Cold,106340,699,698,2935,1784,1,0.0047305515
Cold,98200,656,655,2935,1784,1,0.010143178
Cold,317074,1884,1883,2935,1784,1,0.0028818767
Cold,424433,2574,2573,2935,1784,1,0.0050493567
Cold,59960,408,407,2935,1784,1,0.0112322215
Cold,211410,1285,1284,2935,1784,1,0.002528089
Cold,34816,235,234,2935,1784,1,0.0058553657
Cold,482055,2962,2961,2935,1784,0,0.005620284
Cold,18810,146,145,2935,1784,0,-0.0055034207
Cold,235290,1425,1424,2935,1784,1,0.0039254352
Cold,592218,3610,3609,2935,1784,0,-0.007738773
Cold,4176,31,30,2935,1784,1,0.003910637
Cold,739468,4418,4417,2935,1784,1,-0.009978448
Cold,384799,2247,2246,2935,1784,1,0.0074087298
Cold,217362,1317,1316,2935,1784,1,0.010719743
Cold,18253,140,139,2935,1784,0,-0.015430054
Cold,922867,5573,5572,2935,1784,1,0.00021456787
Cold,24504,173,172,2935,1784,1,0.009319786
Cold,635701,3832,3831,2935,1784,1,0.0070519545
Cold,991801,5991,5990,2935,1784,1,0.0049537406
Cold,322738,1912,1911,2935,1784,0,-0.0008913912
Cold,172119,1088,1087,2935,1784,1,0.0094009675
Cold,491254,3020,3019,2935,1784,1,-0.0022167787
Cold,295783,1755,1754,2935,1784,1,0.0083994
Cold,13189,102,101,2935,1784,1,0.0036937222
Cold,916784,5539,5538,2936,1785,1,0.005447475
Cold,526292,3253,3252,2936,1785,1,0.0012439648
Cold,495267,3039,3038,2936,1785,1,-0.006325353
Cold,491853,3025,3024,2936,1785,1,0.013665656
Cold,488186,3002,3001,2936,1785,1,-0.0061504254
Cold,497433,3054,3053,2936,1785,1,0.010709255
Cold,768870,4579,4578,2936,1785,1,0.012296925
Cold,484193,2978,2977,2936,1785,1,-0.0028968467
Cold,476931,2928,2927,2936,1785,1,0.00719319
Cold,530608,3278,3277,2936,1785,1,-0.0013153229
Cold,472918,2907,2906,2936,1785,0,0.0030457908
Cold,466215,2874,2873,2936,1785,0,-0.00618793
Cold,459247,2826,2825,2936,1785,1,0.007146573
Cold,455960,2807,2806,2936,1785,1,0.007350292
Cold,451560,2779,2778,2936,1785,1,0.000118810916
Cold,447040,2753,2752,2936,1785,1,0.005300666
Cold,432245,2634,2633,2936,1785,1,0.006770427
Cold,416965,2507,2506,2936,1785,1,0.010940103
Cold,405465,2428,2427,2936,1785,1,-0.003293904
Cold,403172,2407,2406,2936,1785,1,0.0024849228
Cold,385435,2251,2250,2936,1785,1,0.00424161
Cold,381810,2231,2230,2936,1785,1,0.0060983845
Cold,419380,2534,2533,2936,1785,1,0.0037726182
Cold,364199,2121,2120,2936,1785,0,0.0022367556
Cold,362283,2111,2110,2936,1785,1,0.016676972
Cold,374451,2181,2180,2936,1785,1,0.0067170057
Cold,347534,2038,2037,2936,1785,0,-0.0068705203
Cold,346728,2031,2030,2936,1785,1,0.0035168824
Cold,357735,2092,2091,2936,1785,0,-0.0005499349
Cold,345217,2024,2023,2936,1785,0,-0.0018873354
Cold,343796,2018,2017,2936,1785,1,0.0077089746
Cold,339732,2002,2001,2936,1785,1,0.005570638
Cold,333566,1968,1967,2936,1785,0,0.007240644
Cold,321093,1903,1902,2936,1785,1,0.00499281
Cold,329832,1945,1944,2936,1785,0,6.344053e-05
Cold,313674,1872,1871,2936,1785,1,0.005479983
Cold,302725,1797,1796,2936,1785,1,0.0017196925
Cold,299354,1777,1776,2936,1785,1,0.0077670026
Cold,286030,1706,1705,2936,1785,1,0.006603878
Cold,289534,1727,1726,2936,1785,1,0.006255954
Cold,266848,1618,1617,2936,1785,0,-0.0037932806
Cold,259141,1586,1585,2936,1785,1,0.0037610787
Cold,252085,1525,1524,2936,1785,0,0.0064122956
Cold,346415,2030,2029,2936,1785,1,0.000593038
Cold,225906,1368,1367,2936,1785,1,0.0016945889
Cold,222802,1348,1347,2936,1785,1,0.010684967
Cold,218149,1322,1321,2936,1785,0,0.002696986
Cold,209268,1278,1277,2936,1785,1,0.0048507582
Cold,208986,1274,1273,2936,1785,1,0.0075413045
Cold,208433,1273,1272,2936,1785,1,0.0039538317
Cold,199656,1224,1223,2936,1785,1,0.006646517
Cold,213711,1298,1297,2936,1785,1,0.00058187544
Cold,184476,1147,1146,2936,1785,1,0.0053622257
Cold,212572,1294,1293,2936,1785,1,0.0010290095
Cold,316416,1883,1882,2936,1785,1,0.008133341
Cold,182912,1140,1139,2936,1785,1,0.0117659895
Cold,191506,1181,1180,2936,1785,1,0.01214825
Cold,160459,1019,1018,2936,1785,0,0.00063916715
Cold,158711,1015,1014,2936,1785,1,0.007738935
Cold,320370,1899,1898,2936,1785,1,0.008265161
Cold,246500,1489,1488,2936,1785,0,0.008022269
Cold,260910,1594,1593,2936,1785,0,0.0011905548
Cold,138874,889,888,2936,1785,1,0.008471954
Cold,462081,2849,2848,2936,1785,1,0.0047911303
Cold,374913,2185,2184,2936,1785,1,0.0016253865
Cold,263724,1605,1604,2936,1785,0,0.0013407879
Cold,125387,806,805,2936,1785,1,-0.0005442223
Cold,101768,677,676,2936,1785,1,0.011465887
Cold,240569,1449,1448,2936,1785,1,0.0067638797
Cold,317075,1884,1883,2936,1785,1,0.008057263
Cold,92936,622,621,2936,1785,1,-0.0012178514
Cold,284553,1698,1697,2936,1785,1,0.0060622105
Cold,228578,1383,1382,2936,1785,1,0.0076384405
Cold,77027,523,522,2936,1785,1,0.0073534558
Cold,69890,471,470,2936,1785,1,0.0042363885
Cold,69560,466,465,2936,1785,1,0.0045111952
Cold,34818,235,234,2936,1785,1,0.0031909551
Cold,30857,205,204,2936,1785,1,0.0052504605
Cold,27622,193,192,2936,1785,0,0.0069443802
Cold,412192,2478,2477,2936,1785,0,0.009645933
Cold,13575,107,106,2936,1785,0,0.0018085958
Cold,12752,97,96,2936,1785,1,0.0021448564
Cold,592220,3610,3609,2936,1785,0,0.010489481
Cold,4177,31,30,2936,1785,0,-0.0035183146
Cold,421262,2544,2543,2936,1785,1,0.005802031
Cold,450088,2775,2774,2936,1785,1,0.0035918853
Cold,67590,453,452,2936,1785,1,0.002195789
Cold,18254,140,139,2936,1785,1,0.0056375656
Cold,24506,173,172,2936,1785,1,0.010002991
Cold,174361,1101,1100,2936,1785,0,0.004840577
Cold,195782,1203,1202,2936,1785,0,0.0126061905
Cold,293979,1748,1747,2936,1785,1,0.008354723
Cold,127980,827,826,2936,1785,1,-0.0004251761
Cold,448585,2764,2763,2936,1785,1,0.008724468
Cold,371149,2168,2167,2936,1785,1,-0.00076222024
Cold,18812,146,145,2936,1785,1,-0.00034434535
Cold,172121,1088,1087,2936,1785,1,0.010644369
Cold,322739,1912,1911,2936,1785,0,-0.0050231055
Cold,63429,424,423,2936,1785,1,0.007870974
Cold,958913,5787,5786,2936,1785,1,0.005530296
Cold,877058,5300,5299,2936,1785,1,0.0035466596
Cold,381811,2231,2230,2937,1786,1,0.010237522
Cold,419381,2534,2533,2937,1786,1,-0.0024859682
Cold,347535,2038,2037,2937,1786,0,0.004831579
Cold,345551,2026,2025,2937,1786,1,0.0061767474
Cold,346416,2030,2029,2937,1786,1,0.0076112323
Cold,327269,1939,1938,2937,1786,1,-0.0015737364
Cold,321094,1903,1902,2937,1786,1,-6.600749e-07
Cold,301572,1791,1790,2937,1786,1,0.0022420804
Cold,229006,1387,1386,2937,1786,0,0.0044301758
Cold,320373,1899,1898,2937,1786,1,0.0056956816
Cold,208988,1274,1273,2937,1786,1,0.010520682
Cold,199657,1224,1223,2937,1786,1,0.004520462
Cold,184477,1147,1146,2937,1786,1,0.0066236877
Cold,212573,1294,1293,2937,1786,1,0.000528723
Cold,316417,1883,1882,2937,1786,1,0.007918519
Cold,405466,2428,2427,2937,1786,1,0.001795528
Cold,165062,1052,1051,2937,1786,1,-0.0010713167
Cold,272404,1645,1644,2937,1786,1,0.0013936327
Cold,162396,1034,1033,2937,1786,1,0.0034129438
Cold,158713,1015,1014,2937,1786,1,0.009516636
Cold,246502,1489,1488,2937,1786,0,0.00464276
Cold,144572,931,930,2937,1786,1,0.008069072
Cold,138878,889,888,2937,1786,1,0.008408517
Cold,132911,857,856,2937,1786,1,-0.0015546794
Cold,374914,2185,2184,2937,1786,1,0.0068741324
Cold,125388,806,805,2937,1786,1,-0.00072590215
Cold,112729,731,730,2937,1786,1,0.01616073
Cold,120173,776,775,2937,1786,0,-0.0016937361
Cold,96034,645,644,2937,1786,1,0.006266902
Cold,69561,466,465,2937,1786,1,0.00040364498
Cold,50684,333,332,2937,1786,1,0.0038596527
Cold,34819,235,234,2937,1786,1,0.009238688
Cold,412193,2478,2477,2937,1786,0,0.007577002
Cold,12753,97,96,2937,1786,1,-0.00014036475
Cold,739469,4418,4417,2937,1786,1,0.0045245048
Cold,482057,2962,2961,2937,1786,0,0.006015772
Cold,460878,2841,2840,2937,1786,0,0.0060902745
Cold,18255,140,139,2937,1786,1,0.0015819172
Cold,24508,173,172,2937,1786,1,-0.0014813701
Cold,232615,1413,1412,2937,1786,1,0.002069146
Cold,322741,1912,1911,2937,1786,0,0.004134951
Cold,969118,5841,5840,2937,1786,1,0.005523078
Cold,27623,193,192,2937,1786,0,0.0097100865
Cold,23842,169,168,2937,1786,1,0.0039066323
Cold,416980,2507,2506,2940,1787,1,0.0070188385
Cold,364203,2121,2120,2940,1787,0,-0.00015789643
Cold,347545,2038,2037,2940,1787,1,0.0050367666
Cold,346425,2030,2029,2940,1787,1,-0.0066920766
Cold,339734,2002,2001,2940,1787,1,-0.009427423
Cold,335106,1977,1976,2940,1787,0,0.005665006
Cold,325630,1926,1925,2940,1787,1,0.0013438396
Cold,316426,1883,1882,2940,1787,1,-0.0014677934
Cold,284974,1699,1698,2940,1787,1,-0.0029203244
Cold,252086,1525,1524,2940,1787,0,-0.0057353866
Cold,245081,1476,1475,2940,1787,1,-0.0020452468
Cold,237450,1446,1445,2940,1787,1,-0.0036350475
Cold,229008,1387,1386,2940,1787,1,-0.0037541972
Cold,204272,1258,1257,2940,1787,1,0.00496684
Cold,165364,1053,1052,2940,1787,1,-0.012348226
Cold,161107,1026,1025,2940,1787,0,-0.004733889
Cold,153872,989,988,2940,1787,1,-0.0117222555
Cold,235969,1428,1427,2940,1787,1,-0.002502538
Cold,144573,931,930,2940,1787,1,-0.0027997205
Cold,138910,889,888,2940,1787,0,-0.0070439745
Cold,201821,1242,1241,2940,1787,1,0.00959439
Cold,131380,850,849,2940,1787,1,0.0030288806
Cold,128381,830,829,2940,1787,1,0.0032425453
Cold,125389,806,805,2940,1787,0,0.00049725967
Cold,379019,2213,2212,2940,1787,1,-0.0013030514
Cold,374475,2181,2180,2940,1787,1,-0.0010104113
Cold,163212,1043,1042,2940,1787,1,-0.0022282046
Cold,314240,1875,1874,2940,1787,1,-0.012519869
Cold,319631,1897,1896,2940,1787,1,-0.008128556
Cold,61426,412,411,2940,1787,1,-0.008332361
Cold,228600,1383,1382,2940,1787,0,0.0024811272
Cold,45120,304,303,2940,1787,1,0.0014795286
Cold,482072,2962,2961,2940,1787,1,-0.00309469
Cold,13946,112,111,2940,1787,1,-0.0055748234
Cold,592236,3610,3609,2940,1787,0,-0.009825518
Cold,9431,62,61,2940,1787,1,-0.010711723
Cold,739472,4418,4417,2940,1787,1,0.0046011545
Cold,384804,2247,2246,2940,1787,0,-0.0103895245
Cold,18824,146,145,2940,1787,1,-0.009116404
Cold,821630,4940,4939,2940,1787,0,0.002164442
Cold,18257,140,139,2940,1787,0,-0.0042725415
Cold,421670,2547,2546,2940,1787,1,-0.0076887384
Cold,421281,2544,2543,2940,1787,0,-0.0054155467
Cold,191540,1181,1180,2940,1787,0,-0.010576129
Cold,841303,5054,5053,2940,1787,1,-0.0013277554
Cold,172142,1088,1087,2940,1787,0,0.0006332196
Cold,882254,5329,5328,2940,1787,1,-0.012510998
Cold,661607,3989,3988,2943,1790,1,0.00085252686
Cold,653758,3940,3939,2943,1790,1,-0.00014289492
Cold,635286,3829,3828,2943,1790,0,-0.0039121495
Cold,632701,3823,3822,2943,1790,1,-5.9172977e-05
Cold,638678,3841,3840,2943,1790,1,-0.0096306065
Cold,619112,3751,3750,2943,1790,1,0.0047605303
Cold,614271,3720,3719,2943,1790,0,0.00046269502
Cold,611440,3705,3704,2943,1790,1,-0.0038438893
Cold,597606,3635,3634,2943,1790,0,-0.0031577593
Cold,594415,3618,3617,2943,1790,0,-0.0097409785
Cold,581058,3547,3546,2943,1790,1,-0.0021640635
Cold,644287,3882,3881,2943,1790,0,-0.0003497647
Cold,713434,4277,4276,2943,1790,1,-0.0014918887
Cold,554261,3410,3409,2943,1790,0,-0.0006236499
Cold,549546,3390,3389,2943,1790,1,-0.006866993
Cold,544891,3359,3358,2943,1790,0,0.0047012167
Cold,748023,4465,4464,2943,1790,0,0.0022097547
Cold,524257,3231,3230,2943,1790,1,-0.0033710722
Cold,523030,3224,3223,2943,1790,0,-0.010013419
Cold,523952,3229,3228,2943,1790,1,-0.006709878
Cold,521594,3217,3216,2943,1790,1,-0.0022972883
Cold,509960,3140,3139,2943,1790,1,-0.00457291
Cold,509288,3135,3134,2943,1790,1,-0.0097295195
Cold,505353,3108,3107,2943,1790,1,-0.0064277984
Cold,496238,3049,3048,2943,1790,1,-0.004105156
Cold,485368,2986,2985,2943,1790,0,-0.002587194
Cold,852744,5113,5112,2943,1790,0,-0.008729841
Cold,447053,2753,2752,2943,1790,0,-0.014318977
Cold,444009,2737,2736,2943,1790,0,-0.0043742666
Cold,444138,2738,2737,2943,1790,1,-0.00222849
Cold,438045,2676,2675,2943,1790,1,-0.0005259631
Cold,424078,2570,2569,2943,1790,1,0.0058145365
Cold,422275,2556,2555,2943,1790,1,-0.0031433087
Cold,425470,2581,2580,2943,1790,1,-0.0077685835
Cold,416186,2506,2505,2943,1790,1,-0.003484433
Cold,416988,2507,2506,2943,1790,1,-0.010344464
Cold,406630,2439,2438,2943,1790,0,-0.0072960285
Cold,398367,2368,2367,2943,1790,1,-0.0040669786
Cold,397129,2351,2350,2943,1790,1,-0.010226347
Cold,396040,2340,2339,2943,1790,1,0.00015663682
Cold,392811,2306,2305,2943,1790,1,-0.0013496277
Cold,323311,1916,1915,2943,1790,1,-0.009453205
Cold,318730,1894,1893,2943,1790,1,-0.0039394964
Cold,317097,1884,1883,2943,1790,1,-0.005623495
Cold,286481,1711,1710,2943,1790,1,-0.00057226
Cold,310216,1845,1844,2943,1790,0,-0.0046769455
Cold,292595,1741,1740,2943,1790,1,-0.002053515
Cold,276501,1671,1670,2943,1790,1,-0.010773404
Cold,258791,1585,1584,2943,1790,1,-0.000378254
Cold,264777,1609,1608,2943,1790,0,-0.009623497
Cold,245082,1476,1475,2943,1790,0,-0.0026526079
Cold,241721,1455,1454,2943,1790,1,-0.0069545154
Cold,241526,1451,1450,2943,1790,0,-0.003183987
Cold,319633,1897,1896,2943,1790,1,-0.007813832
Cold,446212,2751,2750,2943,1790,1,-0.0049292585
Cold,203915,1254,1253,2943,1790,1,-0.007996684
Cold,316430,1883,1882,2943,1790,0,0.00036830036
Cold,151774,975,974,2943,1790,1,0.0012130735
Cold,148887,957,956,2943,1790,1,0.0013334616
Cold,195802,1203,1202,2943,1790,0,0.00010568416
Cold,138918,889,888,2943,1790,0,-0.008017493
Cold,253190,1538,1537,2943,1790,1,-0.004442548
Cold,263749,1605,1604,2943,1790,0,-0.0062502525
Cold,111381,724,723,2943,1790,0,-0.006470736
Cold,104018,691,690,2943,1790,1,-0.009009246
Cold,101028,673,672,2943,1790,1,-0.00011223188
Cold,98003,655,654,2943,1790,1,-0.006105194
Cold,94033,630,629,2943,1790,1,0.0007475972
Cold,169150,1073,1072,2943,1790,1,-0.001804085
Cold,284576,1698,1697,2943,1790,1,-0.004842777
Cold,432254,2634,2633,2943,1790,1,0.0007907972
Cold,228605,1383,1382,2943,1790,1,-0.00072309934
Cold,84580,550,549,2943,1790,0,-0.0047232145
Cold,68926,461,460,2943,1790,0,-0.0011626529
Cold,61430,412,411,2943,1790,1,-0.008330835
Cold,56858,382,381,2943,1790,0,0.0024984735
Cold,55430,367,366,2943,1790,1,-0.003459808
Cold,54822,358,357,2943,1790,0,0.0009240429
Cold,132740,855,854,2943,1790,1,-0.0022695053
Cold,51715,339,338,2943,1790,1,0.0024220713
Cold,48907,327,326,2943,1790,1,-0.0077526537
Cold,696813,4169,4168,2943,1790,0,-0.010305934
Cold,39401,267,266,2943,1790,0,2.5425106e-07
Cold,152549,981,980,2943,1790,0,-0.0071777757
Cold,16010,126,125,2943,1790,1,-0.0054220036
Cold,9975,69,68,2943,1790,1,0.002125755
Cold,7958,53,52,2943,1790,1,-0.001937857
Cold,170,2,1,2943,1790,1,-0.0011000906
Cold,76464,518,517,2943,1790,1,-0.0057424568
Cold,158743,1015,1014,2943,1790,1,-0.009729647
Cold,167144,1063,1062,2943,1790,1,0.0021547882
Cold,336437,1980,1979,2943,1790,1,-0.0159593
Cold,680822,4079,4078,2943,1790,1,-0.0005912655
Cold,803264,4809,4808,2943,1790,1,-0.004579848
Cold,558707,3430,3429,2943,1790,1,-0.0044759447
Cold,187842,1164,1163,2943,1790,1,0.0074418937
Cold,447708,2760,2759,2943,1790,0,0.0039294437
Cold,801541,4802,4801,2943,1790,1,-0.0042718067
Cold,172150,1088,1087,2943,1790,1,-0.0077731367
Cold,8862,59,58,2943,1790,1,-0.011631735
Cold,465854,2872,2871,2952,1798,1,-0.0061705904
Cold,461168,2844,2843,2952,1798,0,0.006158411
Cold,459378,2828,2827,2952,1798,1,-0.0036644149
Cold,458349,2820,2819,2952,1798,0,-0.006735702
Cold,595025,3620,3619,2952,1798,1,-0.0027191723
Cold,796184,4771,4770,2952,1798,1,7.102324e-05
Cold,452625,2786,2785,2952,1798,1,-0.0013370463
Cold,441398,2703,2702,2952,1798,1,0.005797878
Cold,696834,4169,4168,2952,1798,1,-0.0076954262
Cold,439758,2687,2686,2952,1798,1,-0.00020595873
Cold,431260,2627,2626,2952,1798,1,-0.014080916
Cold,408496,2453,2452,2952,1798,1,-0.010181801
Cold,401094,2389,2388,2952,1798,0,0.00026793103
Cold,367168,2142,2141,2952,1798,1,0.008702663
Cold,351217,2062,2061,2952,1798,1,-0.0030705582
Cold,349649,2051,2050,2952,1798,1,-0.00079058623
Cold,344324,2020,2019,2952,1798,1,0.0024377604
Cold,334108,1969,1968,2952,1798,0,-0.00027296552
Cold,329648,1943,1942,2952,1798,1,-0.00095787854
Cold,325082,1925,1924,2952,1798,1,-0.008266466
Cold,327280,1939,1938,2952,1798,1,-0.0054542385
Cold,298867,1775,1774,2952,1798,0,-0.007646943
Cold,266929,1620,1619,2952,1798,1,2.2394233e-05
Cold,256908,1571,1570,2952,1798,1,-0.0037991924
Cold,333594,1968,1967,2952,1798,0,-0.0031575803
Cold,631883,3821,3820,2952,1798,1,-0.005994007
Cold,317121,1884,1883,2952,1798,1,-0.0018719594
Cold,220110,1333,1332,2952,1798,1,-0.0071102222
Cold,296657,1758,1757,2952,1798,1,-0.0040682442
Cold,289568,1727,1726,2952,1798,1,-0.007936185
Cold,206136,1264,1263,2952,1798,1,-0.0028262886
Cold,308231,1836,1835,2952,1798,1,0.0018775461
Cold,211470,1285,1284,2952,1798,1,-0.007885654
Cold,280105,1680,1679,2952,1798,0,-0.009686241
Cold,192023,1182,1181,2952,1798,1,0.003067784
Cold,186712,1155,1154,2952,1798,0,-0.015577726
Cold,185890,1150,1149,2952,1798,0,-0.008748574
Cold,178785,1121,1120,2952,1798,1,-0.0074456735
Cold,184179,1146,1145,2952,1798,0,-0.0040889364
Cold,191589,1181,1180,2952,1798,0,-0.011211117
Cold,158776,1015,1014,2952,1798,1,-0.009455434
Cold,149298,960,959,2952,1798,1,-0.012419226
Cold,221716,1340,1339,2952,1798,0,0.001949402
Cold,271172,1639,1638,2952,1798,0,0.008901991
Cold,143966,928,927,2952,1798,1,-0.011165683
Cold,143397,924,923,2952,1798,1,0.0027090488
Cold,157332,1010,1009,2952,1798,0,-0.001174266
Cold,233538,1420,1419,2952,1798,0,-0.00076012686
Cold,132152,854,853,2952,1798,0,-0.001962275
Cold,128463,831,830,2952,1798,1,-0.0025968757
Cold,298240,1767,1766,2952,1798,1,-0.0063589606
Cold,125121,802,801,2952,1798,1,0.0043718014
Cold,223128,1352,1351,2952,1798,0,-0.00646295
Cold,108377,710,709,2952,1798,1,-0.00795828
Cold,105318,696,695,2952,1798,1,-0.010382598
Cold,392946,2307,2306,2952,1798,1,-0.003438389
Cold,240635,1449,1448,2952,1798,0,-0.0039632497
Cold,103558,687,686,2952,1798,0,0.0010473421
Cold,99136,660,659,2952,1798,1,-0.0019615954
Cold,92872,621,620,2952,1798,1,-0.0031612823
Cold,92641,620,619,2952,1798,0,-0.007001674
Cold,89665,590,589,2952,1798,1,-0.005102448
Cold,236782,1437,1436,2952,1798,1,0.004877222
Cold,308989,1837,1836,2952,1798,0,-0.010430429
Cold,261294,1597,1596,2952,1798,0,-0.0010036535
Cold,464405,2860,2859,2952,1798,1,0.0061231954
Cold,83624,549,548,2952,1798,1,-0.010345949
Cold,73014,493,492,2952,1798,1,-0.005981667
Cold,378515,2208,2207,2952,1798,1,-0.0094443
Cold,317999,1889,1888,2952,1798,0,-0.01003167
Cold,258018,1579,1578,2952,1798,1,0.0017031666
Cold,38418,261,260,2952,1798,1,-0.0058898996
Cold,37935,259,258,2952,1798,0,3.9599836e-06
Cold,33679,225,224,2952,1798,1,-0.006662467
Cold,30874,205,204,2952,1798,0,-0.0063323393
Cold,28580,196,195,2952,1798,1,0.0043498715
Cold,16351,129,128,2952,1798,1,0.007836632
Cold,13793,110,109,2952,1798,1,0.0020691059
Cold,7981,53,52,2952,1798,1,-0.0099547915
Cold,25018,175,174,2952,1798,1,-0.0028719627
Cold,367,5,4,2952,1798,0,-0.00784452
Cold,805822,4823,4822,2952,1798,0,-0.004196432
Cold,104613,692,691,2952,1798,1,0.0018114832
Cold,3070,23,22,2952,1798,0,-0.0007945935
Cold,207215,1266,1265,2952,1798,1,0.0085808225
Cold,20215,149,148,2952,1798,1,-0.0077116047
Cold,50374,331,330,2952,1798,1,-0.005617944
Cold,470209,2895,2894,2952,1798,1,-0.00030148076
Cold,286949,1712,1711,2952,1798,0,0.005247615
Cold,129766,839,838,2952,1798,1,-0.0044210465
Cold,113833,737,736,2952,1798,1,-0.0009946423
Cold,572556,3507,3506,2952,1798,1,-0.005079103
Cold,242028,1457,1456,2952,1798,0,-0.0036900577
Cold,204807,1260,1259,2952,1798,1,0.0020692693
Cold,16176,127,126,2952,1798,0,0.006192854
Cold,246997,1491,1490,2952,1798,0,-0.010645338
Cold,203727,1252,1251,2952,1798,1,-0.007965938
Cold,355248,2077,2076,2952,1798,1,0.0011784281
Cold,905395,5475,5474,2952,1798,1,-0.0010485309
Cold,245928,1484,1483,2952,1798,1,-0.00417328
Cold,232628,1413,1412,2952,1798,1,0.00023943768
Cold,565847,3475,3474,2952,1798,0,0.0040651355
Cold,206513,1265,1264,2952,1798,1,0.0030644182
Cold,361190,2106,2105,2952,1798,1,-0.008261807
Cold,343826,2018,2017,2952,1798,1,0.010072774
Cold,348284,2041,2040,2952,1798,1,-0.014874598
Cold,893122,5394,5393,2952,1798,1,-0.0066435193
Cold,451890,2781,2780,2952,1798,1,-0.0025251429
Cold,271882,1643,1642,2952,1798,1,0.00020388409
Cold,933665,5636,5635,2952,1798,0,0.0027999533
Cold,609411,3693,3692,2952,1798,1,0.0012623174
Cold,23886,169,168,2952,1798,0,0.004920729
Cold,144429,930,929,2952,1798,0,-0.0063809706
Cold,290621,1733,1732,2952,1798,1,-0.011165172
Cold,688463,4117,4116,2952,1798,1,0.0012930587
Cold,63503,424,423,2952,1798,1,-0.0023648685
Cold,238372,1447,1446,2952,1798,1,-0.0012975546
Cold,160510,1019,1018,2952,1798,0,0.006107663
Cold,233741,1421,1420,2952,1798,1,-0.0030525178
Cold,116680,752,751,2952,1798,0,0.0068273307
Cold,322791,1912,1911,2952,1798,0,-0.004420609
Cold,532453,3285,3284,2952,1798,1,-0.013983568
Cold,372713,2176,2175,2952,1798,1,0.0023173767
Cold,564813,3471,3470,2952,1798,1,-0.0019128004
Cold,215161,1303,1302,2952,1798,0,-0.0035981461
Cold,215753,1306,1305,2952,1798,1,-0.0050835507
Cold,637171,3836,3835,2956,1800,1,0.0062626265
Cold,635306,3829,3828,2956,1800,0,0.0018174225
Cold,630020,3808,3807,2956,1800,0,0.011522403
Cold,638715,3841,3840,2956,1800,1,0.0023394078
Cold,623152,3770,3769,2956,1800,0,0.013848504
Cold,619655,3754,3753,2956,1800,1,0.0033388473
Cold,617858,3742,3741,2956,1800,0,0.015302403
Cold,611470,3705,3704,2956,1800,0,0.0075587854
Cold,604612,3675,3674,2956,1800,0,-0.0031704572
Cold,594457,3618,3617,2956,1800,0,-0.002900454
Cold,596987,3626,3625,2956,1800,0,-0.0052802633
Cold,588215,3589,3588,2956,1800,0,-0.0014444925
Cold,581594,3551,3550,2956,1800,1,0.00089583953
Cold,745131,4448,4447,2956,1800,1,0.0014054542
Cold,579838,3539,3538,2956,1800,1,-0.0071703903
Cold,580699,3546,3545,2956,1800,0,0.0014152403
Cold,561984,3457,3456,2956,1800,0,-0.008095438
Cold,550708,3391,3390,2956,1800,0,0.0046223146
Cold,541565,3332,3331,2956,1800,0,0.001942366
Cold,542514,3336,3335,2956,1800,0,-0.0034801434
Cold,523064,3224,3223,2956,1800,1,-0.0010693395
Cold,930161,5620,5619,2956,1800,1,-0.0013544499
Cold,494617,3032,3031,2956,1800,1,0.0016615797
Cold,491035,3018,3017,2956,1800,0,0.0044464706
Cold,491712,3024,3023,2956,1800,0,0.006039404
Cold,696839,4169,4168,2956,1800,1,0.003131202
Cold,471201,2899,2898,2956,1800,1,0.003297796
Cold,463685,2857,2856,2956,1800,0,0.0013062323
Cold,458355,2820,2819,2956,1800,0,0.000127838
Cold,454105,2793,2792,2956,1800,1,0.0065686963
Cold,443221,2731,2730,2956,1800,0,-0.0077419598
Cold,431266,2627,2626,2956,1800,0,0.005421351
Cold,464408,2860,2859,2956,1800,0,-0.0056399335
Cold,397902,2361,2360,2956,1800,0,0.002437752
Cold,396871,2349,2348,2956,1800,0,0.005391663
Cold,387644,2265,2264,2956,1800,1,0.0029910528
Cold,359646,2102,2101,2956,1800,0,-0.005090817
Cold,405170,2424,2423,2956,1800,0,0.006357155
Cold,302351,1794,1793,2956,1800,1,0.010163656
Cold,292622,1741,1740,2956,1800,1,-0.0030249797
Cold,280116,1680,1679,2956,1800,1,0.0015889712
Cold,210383,1284,1283,2956,1800,1,0.0016132265
Cold,196814,1207,1206,2956,1800,0,0.005097273
Cold,328861,1941,1940,2956,1800,0,0.013029091
Cold,185899,1150,1149,2956,1800,0,0.000920678
Cold,180052,1127,1126,2956,1800,0,-0.0020129755
Cold,184182,1146,1145,2956,1800,0,-0.0039509526
Cold,218962,1328,1327,2956,1800,0,0.00015203818
Cold,275786,1667,1666,2956,1800,0,0.007403136
Cold,154495,996,995,2956,1800,1,0.0059217056
Cold,130636,846,845,2956,1800,0,-0.0035030793
Cold,132155,854,853,2956,1800,0,0.012914534
Cold,315678,1880,1879,2956,1800,0,0.0052841147
Cold,124042,798,797,2956,1800,0,0.004228175
Cold,118546,765,764,2956,1800,0,-0.005396314
Cold,211478,1285,1284,2956,1800,0,-0.0063205576
Cold,240643,1449,1448,2956,1800,0,-0.0021955054
Cold,95111,637,636,2956,1800,0,-0.00509234
Cold,352465,2063,2062,2956,1800,0,-0.005537617
Cold,305201,1812,1811,2956,1800,0,-0.0032416675
Cold,150843,970,969,2956,1800,1,-0.0051439665
Cold,191597,1181,1180,2956,1800,0,0.0014523847
Cold,83631,549,548,2956,1800,1,0.008039732
Cold,198293,1218,1217,2956,1800,1,0.0011306638
Cold,239435,1448,1447,2956,1800,1,-2.29422e-05
Cold,84615,550,549,2956,1800,0,0.0037537613
Cold,77992,524,523,2956,1800,0,0.009182857
Cold,68940,461,460,2956,1800,0,-0.0056952266
Cold,72422,482,481,2956,1800,0,0.0033203047
Cold,201837,1242,1241,2956,1800,0,-0.0056998366
Cold,47743,319,318,2956,1800,0,0.00065026456
Cold,111117,721,720,2956,1800,0,-0.0013510026
Cold,15813,123,122,2956,1800,0,-0.0015779453
Cold,7989,53,52,2956,1800,1,-0.0061332006
Cold,482097,2962,2961,2956,1800,0,0.006065837
Cold,102729,678,677,2956,1800,0,0.0027644318
Cold,633721,3824,3823,2956,1800,0,0.0012242757
Cold,145149,934,933,2956,1800,0,0.0016440586
Cold,801554,4802,4801,2956,1800,0,-8.305779e-05
Cold,63512,424,423,2956,1800,0,0.00080249296
Cold,421314,2544,2543,2956,1800,0,0.00047457078
Cold,7079,48,47,2965,1803,0,0.0014407523
Cold,56143,372,371,2965,1803,1,-0.012451548
Cold,255689,1556,1555,2965,1803,0,-0.0024558022
Cold,169341,1074,1073,2965,1803,0,0.0026217597
Cold,122754,791,790,2965,1803,0,-0.012950158
Cold,69147,462,461,2965,1803,0,0.002936725
Cold,719600,4310,4309,2965,1803,0,-0.011408291
Cold,154127,993,992,2965,1803,0,-0.0017540902
Cold,245939,1484,1483,2965,1803,0,-0.0019712055
Cold,474245,2909,2908,2965,1803,1,-0.001927474
Cold,63536,424,423,2965,1803,0,-0.007723388
Cold,562851,3462,3461,2965,1803,0,-0.0056233094
Cold,496974,3053,3052,2967,1805,0,-0.005040353
Cold,495798,3044,3043,2967,1805,1,0.0012294012
Cold,783555,4680,4679,2967,1805,1,-0.003933917
Cold,484206,2978,2977,2967,1805,1,-0.005054417
Cold,482965,2967,2966,2967,1805,1,-0.00358524
Cold,696859,4169,4168,2967,1805,1,0.0030218004
Cold,471757,2901,2900,2967,1805,1,-0.007214401
Cold,601755,3658,3657,2967,1805,0,0.004909687
Cold,467162,2878,2877,2967,1805,1,-0.003954529
Cold,462795,2854,2853,2967,1805,0,-0.0038975626
Cold,459279,2826,2825,2967,1805,0,-0.0061249053
Cold,428899,2609,2608,2967,1805,0,0.0014872527
Cold,415126,2498,2497,2967,1805,1,-0.006329816
Cold,412557,2483,2482,2967,1805,0,0.0009779115
Cold,412489,2482,2481,2967,1805,1,-0.006719633
Cold,400663,2385,2384,2967,1805,0,-0.008393222
Cold,398643,2372,2371,2967,1805,1,0.0141217895
Cold,395301,2334,2333,2967,1805,0,0.0029929802
Cold,383526,2241,2240,2967,1805,1,0.0036740366
Cold,381849,2231,2230,2967,1805,0,0.00017994049
Cold,378076,2205,2204,2967,1805,0,-0.0043513486
Cold,378869,2211,2210,2967,1805,1,-0.003083261
Cold,367051,2140,2139,2967,1805,1,0.0048978855
Cold,353044,2067,2066,2967,1805,0,0.004180548
Cold,350428,2056,2055,2967,1805,0,-0.0074201096
Cold,353795,2072,2071,2967,1805,1,-0.003934381
Cold,343270,2016,2015,2967,1805,1,0.01192922
Cold,293461,1747,1746,2967,1805,0,0.0040772115
Cold,259741,1587,1586,2967,1805,0,-0.0023804533
Cold,346474,2030,2029,2967,1805,0,-0.0048819077
Cold,325664,1926,1925,2967,1805,1,-0.0044744574
Cold,280160,1680,1679,2967,1805,0,-0.0057994192
Cold,328899,1941,1940,2967,1805,0,0.004974627
Cold,185930,1150,1149,2967,1805,0,0.001081282
Cold,184506,1147,1146,2967,1805,0,-0.0025998296
Cold,183407,1141,1140,2967,1805,1,0.0008876998
Cold,320438,1899,1898,2967,1805,1,0.005142164
Cold,135092,873,872,2967,1805,1,-0.0047397264
Cold,201854,1242,1241,2967,1805,1,0.0004029743
Cold,131419,850,849,2967,1805,1,0.00036867068
Cold,118784,767,766,2967,1805,1,0.0023688772
Cold,107000,702,701,2967,1805,0,-0.004111528
Cold,101786,677,676,2967,1805,1,-0.005742357
Cold,95125,637,636,2967,1805,1,-0.00880421
Cold,90847,601,600,2967,1805,0,0.0057256846
Cold,85007,552,551,2967,1805,1,0.0063424045
Cold,228648,1383,1382,2967,1805,0,-0.005394927
Cold,35398,238,237,2967,1805,1,-0.0079032965
Cold,32376,216,215,2967,1805,0,-0.015024515
Cold,592278,3610,3609,2967,1805,0,-0.0023435368
Cold,5322,36,35,2967,1805,1,-0.003953507
Cold,1152,10,9,2967,1805,1,0.0018522344
Cold,482117,2962,2961,2967,1805,1,0.0010486982
Cold,19666,148,147,2967,1805,1,-0.01076904
Cold,458375,2820,2819,2967,1805,1,0.0059784204
Cold,48687,326,325,2967,1805,0,0.0027155299
Cold,158813,1015,1014,2967,1805,1,0.0003081155
Cold,421340,2544,2543,2967,1805,1,-0.0029086652
Cold,581080,3547,3546,2967,1805,1,-0.0035594492
Cold,294029,1748,1747,2967,1805,0,-0.0070523354
Cold,927746,5605,5604,2967,1805,1,-0.0026334901
Cold,977907,5892,5891,2967,1805,1,-0.0010285105
Cold,276539,1671,1670,2967,1805,1,0.010158921
Cold,588238,3589,3588,2967,1805,0,-0.0029659346
Cold,831989,5001,5000,2967,1805,1,0.0029118296
Cold,821637,4940,4939,2967,1805,1,0.0057262895
Cold,76481,518,517,2967,1805,1,-0.0040345043
Cold,244279,1470,1469,2969,1807,0,0.0019520591
Cold,188718,1170,1169,2969,1807,0,0.0048868395
Cold,147207,948,947,2969,1807,0,-0.0009376365
Cold,139003,889,888,2969,1807,0,0.0040333373
Cold,347579,2038,2037,2969,1807,1,0.004524122
Cold,319028,1896,1895,2969,1807,0,-0.00042275735
Cold,132779,855,854,2969,1807,1,0.0024254078
Cold,112777,731,730,2969,1807,1,0.0031153318
Cold,66412,444,443,2969,1807,1,0.0033881217
Cold,52765,347,346,2969,1807,1,0.011182311
Cold,51727,339,338,2969,1807,1,0.0012808125
Cold,48933,327,326,2969,1807,1,-0.0015470553
Cold,48690,326,325,2969,1807,0,0.008076322
Cold,35400,238,237,2969,1807,1,0.0042923586
Cold,32381,216,215,2969,1807,1,0.006831674
Cold,947656,5722,5721,2969,1807,0,0.008262843
Cold,9982,69,68,2969,1807,1,0.001956427
Cold,4991,35,34,2969,1807,1,-0.006115242
Cold,55391,366,365,2969,1807,1,-0.0030877907
Cold,76482,518,517,2969,1807,1,0.00016462337
Cold,558733,3430,3429,2969,1807,1,-0.0010778534
Cold,284998,1699,1698,2969,1807,0,0.011067961
Cold,876386,5291,5290,2969,1807,1,0.004982778
Cold,339341,1998,1997,2969,1807,0,-0.0050373194
Cold,20966,151,150,2969,1807,1,0.008544437
Cold,900812,5447,5446,2969,1807,1,0.002396933
Cold,801565,4802,4801,2969,1807,1,-0.003975683
Cold,357799,2092,2091,2969,1807,0,0.0048966603
Cold,394914,2332,2331,2969,1807,1,0.0033721416
Cold,319667,1897,1896,2969,1807,1,0.0042659095
Cold,657747,3963,3962,2969,1807,0,-0.00056089135
Cold,302751,1797,1796,2970,1808,1,0.008051334
Cold,298409,1768,1767,2970,1808,1,-0.0067551346
Cold,316030,1882,1881,2970,1808,1,-0.009216866
Cold,292653,1741,1740,2970,1808,1,-0.008683175
Cold,229027,1387,1386,2970,1808,0,0.0044643683
Cold,350435,2056,2055,2970,1808,0,0.0029891282
Cold,207426,1267,1266,2970,1808,0,-0.0032170466
Cold,294589,1749,1748,2970,1808,1,-0.010659788
Cold,309026,1837,1836,2970,1808,1,-0.0019162083
Cold,191650,1181,1180,2970,1808,0,0.002987491
Cold,158828,1015,1014,2970,1808,0,-0.006270904
Cold,258673,1584,1583,2970,1808,1,-0.0032487153
Cold,139024,889,888,2970,1808,0,-0.010562548
Cold,131426,850,849,2970,1808,0,-0.008489437
Cold,315728,1880,1879,2970,1808,1,-0.0064132055
Cold,298258,1767,1766,2970,1808,0,-0.015801435
Cold,147595,949,948,2970,1808,1,-0.0062519554
Cold,135095,873,872,2970,1808,1,-0.013190421
Cold,125395,806,805,2970,1808,1,0.0073853433
Cold,211525,1285,1284,2970,1808,1,-0.0056587677
Cold,284647,1698,1697,2970,1808,1,-0.015521472
Cold,84904,551,550,2970,1808,1,-6.3464977e-06
Cold,84656,550,549,2970,1808,0,-0.005306664
Cold,259948,1590,1589,2970,1808,0,-0.0064473664
Cold,245945,1484,1483,2970,1808,1,0.0013730449
Cold,30887,205,204,2970,1808,1,-0.005475079
Cold,25459,180,179,2970,1808,1,0.0010894977
Cold,290657,1733,1732,2970,1808,1,-0.011535019
Cold,657752,3963,3962,2970,1808,0,-0.006283559
Cold,320452,1899,1898,2970,1808,1,-0.0052051526
Cold,524496,3233,3232,2970,1808,0,-0.009393646
Cold,285007,1699,1698,2970,1808,1,-0.013741555
Cold,713497,4277,4276,2970,1808,1,-0.008828483
Cold,250008,1505,1504,2970,1808,1,0.0023268359
Cold,24607,173,172,2970,1808,1,-0.008905829
Cold,157372,1010,1009,2970,1808,0,-0.012983248
Cold,276548,1671,1670,2970,1808,1,-0.011184493
Cold,547060,3371,3370,2970,1808,0,-0.006632258
Cold,5342,36,35,2972,1810,1,-0.0076165255
Cold,312109,1860,1859,2972,1810,0,-0.002911924
Cold,76485,518,517,2972,1810,1,-0.0058165826
Cold,484386,2980,2979,2972,1810,1,0.0041704597
Cold,20270,149,148,2972,1810,1,-0.0030690804
Cold,265382,1611,1610,2974,1812,0,-0.008205979
Cold,907742,5492,5491,2974,1812,0,0.0039062225
Cold,523971,3229,3228,2974,1812,0,-0.002116465
Cold,172236,1088,1087,2974,1812,0,-0.00159298
Cold,28526,195,194,2974,1812,0,-0.0053599756
Cold,967078,5831,5830,2974,1812,0,-0.008399457
Cold,718748,4305,4304,2974,1812,0,-0.0083043985
Cold,304476,1809,1808,2975,1813,0,-0.009050396
Cold,278392,1679,1678,2975,1813,0,0.004594066
Cold,264446,1608,1607,2975,1813,0,0.00010153535
Cold,260562,1592,1591,2975,1813,0,-0.0012693894
Cold,298632,1772,1771,2975,1813,1,0.00062278274
Cold,189193,1172,1171,2975,1813,0,0.0022866272
Cold,226891,1376,1375,2975,1813,1,-0.0016164815
Cold,183420,1141,1140,2975,1813,0,0.005000569
Cold,263807,1605,1604,2975,1813,1,-0.007397661
Cold,485546,2988,2987,2975,1813,0,-0.01490131
Cold,175877,1112,1111,2975,1813,0,-0.0020518056
Cold,165396,1053,1052,2975,1813,0,-0.004356753
Cold,191658,1181,1180,2975,1813,0,-0.012130949
Cold,151876,976,975,2975,1813,0,-0.006891803
Cold,145558,935,934,2975,1813,0,-0.0026061304
Cold,182306,1137,1136,2975,1813,1,0.006368382
Cold,155084,999,998,2975,1813,1,0.009920801
Cold,126081,812,811,2975,1813,0,-0.007999101
Cold,125330,805,804,2975,1813,0,0.00029249233
Cold,119837,773,772,2975,1813,1,-0.0030257243
Cold,101069,673,672,2975,1813,0,0.0005136754
Cold,114324,743,742,2975,1813,0,-0.0061094454
Cold,98280,657,656,2975,1813,1,0.0008566355
Cold,291795,1737,1736,2975,1813,0,-0.007105586
Cold,83689,549,548,2975,1813,0,0.0045244033
Cold,76058,516,515,2975,1813,0,0.0029005697
Cold,74301,506,505,2975,1813,1,0.00028297957
Cold,73764,499,498,2975,1813,0,-0.0011833063
Cold,70317,474,473,2975,1813,0,-0.0014660209
Cold,64440,429,428,2975,1813,0,0.0022748336
Cold,155547,1001,1000,2975,1813,0,-0.00042868638
Cold,56571,378,377,2975,1813,0,0.0012867466
Cold,30295,203,202,2975,1813,0,-0.001431613
Cold,26608,187,186,2975,1813,1,-0.00067395566
Cold,11231,83,82,2975,1813,1,0.007958328
Cold,1728,16,15,2975,1813,1,-0.00077641255
Cold,22752,163,162,2975,1813,0,-0.005291461
Cold,521826,3219,3218,2975,1813,1,-0.0072056414
Cold,79843,531,530,2975,1813,0,-0.0028043645
Cold,314797,1879,1878,2975,1813,1,0.0026873222
Cold,778043,4647,4646,2975,1813,1,-0.0006869957
Cold,823410,4950,4949,2975,1813,0,-0.0039138915
Cold,285603,1701,1700,2975,1813,1,-0.0062890984
Cold,328932,1941,1940,2975,1813,0,-0.0096507445
Cold,405394,2427,2426,2975,1813,0,-0.0019632655
Cold,92029,611,610,2975,1813,1,-0.004219488
Cold,771817,4600,4599,2975,1813,1,-0.0033704035
Cold,187110,1160,1159,2975,1813,0,-0.0021473123
Cold,172237,1088,1087,2975,1813,0,-0.0045420267
Cold,561755,3454,3453,2975,1813,1,-0.0022093612
Cold,13208,102,101,2975,1813,0,0.0042454014
Cold,140968,906,905,2978,1815,0,0.0068845213
Cold,157382,1010,1009,2978,1815,0,0.009697145
Cold,139041,889,888,2978,1815,0,0.01390721
Cold,380563,2223,2222,2978,1815,0,-0.0019143427
Cold,134731,869,868,2978,1815,1,-0.0014212113
Cold,125331,805,804,2978,1815,0,-0.0004665188
Cold,223887,1354,1353,2978,1815,0,0.007162591
Cold,103231,685,684,2978,1815,0,0.0033935073
Cold,177334,1117,1116,2978,1815,0,0.011080834
Cold,111148,721,720,2978,1815,1,0.008095716
Cold,329685,1943,1942,2978,1815,0,0.008503574
Cold,314270,1875,1874,2978,1815,0,0.0024467509
Cold,940076,5675,5674,2978,1815,0,0.008888746
Cold,291801,1737,1736,2978,1815,1,-0.001722103
Cold,84908,551,550,2978,1815,0,0.0010411604
Cold,75203,509,508,2978,1815,0,0.003096102
Cold,627199,3792,3791,2978,1815,0,0.009896421
Cold,605431,3679,3678,2978,1815,1,0.0033096613
Cold,228666,1383,1382,2978,1815,0,0.003338455
Cold,78760,528,527,2978,1815,1,0.009005871
Cold,22755,163,162,2978,1815,0,0.013950616
Cold,14963,118,117,2978,1815,0,0.01924871
Cold,15859,123,122,2978,1815,0,0.009718996
Cold,12186,92,91,2978,1815,0,-0.0018146497
Cold,79846,531,530,2978,1815,1,0.0095553305
Cold,215784,1306,1305,2978,1815,0,0.0050011678
Cold,158840,1015,1014,2978,1815,0,0.011945402
Cold,361225,2106,2105,2978,1815,0,0.002007029
Cold,496714,3051,3050,2978,1815,1,0.0077547133
Cold,363539,2116,2115,2978,1815,1,0.009159157
Cold,773487,4610,4609,2978,1815,0,0.008851745
Cold,497498,3054,3053,2978,1815,0,0.00558945
Cold,883201,5333,5332,2978,1815,0,0.012270575
Cold,102776,678,677,2978,1815,0,0.010053236
Cold,599576,3648,3647,2978,1815,0,0.014450377
Cold,907744,5492,5491,2978,1815,1,0.0117151
Cold,222678,1347,1346,2978,1815,1,0.0032622966
Cold,46556,310,309,2978,1815,1,0.008576066
Cold,474440,2910,2909,2978,1815,1,0.012019749
Cold,733072,4384,4383,2978,1815,1,0.0028435846
Cold,941569,5682,5681,2978,1815,0,0.010749707
Cold,299303,1776,1775,2978,1815,0,0.0036537498
Cold,295822,1755,1754,2978,1815,0,0.005055853
Cold,184534,1147,1146,2983,1816,0,0.0010906223
Cold,183745,1143,1142,2983,1816,1,-0.0029829133
Cold,181046,1131,1130,2983,1816,1,0.00036086864
Cold,191683,1181,1180,2983,1816,0,-0.0065421755
Cold,153416,984,983,2983,1816,1,-0.003004307
Cold,147231,948,947,2983,1816,1,-0.005393847
Cold,317174,1884,1883,2983,1816,1,-0.0026456697
Cold,169739,1077,1076,2983,1816,1,-0.00688304
Cold,83712,549,548,2983,1816,1,-0.009136037
Cold,67130,451,450,2983,1816,1,0.006010114
Cold,48712,326,325,2983,1816,0,-0.00363018
Cold,696905,4169,4168,2983,1816,1,0.0026676909
Cold,482146,2962,2961,2983,1816,0,-0.004058766
Cold,4650,33,32,2983,1816,1,0.008468535
Cold,34926,235,234,2983,1816,1,-0.0020295
Cold,24634,173,172,2983,1816,1,0.0016372418
Cold,804117,4815,4814,2983,1816,1,0.0058284453
Cold,357828,2092,2091,2983,1816,1,0.0037178502
Cold,933697,5636,5635,2983,1816,1,-0.0075931004
Cold,902919,5458,5457,2983,1816,1,3.460748e-05
Cold,223150,1352,1351,2983,1816,1,-0.0035049184
Cold,381442,2231,2230,2988,1820,0,0.004181683
Cold,371914,2173,2172,2988,1820,1,0.006858954
Cold,371236,2170,2169,2988,1820,1,6.0994178e-05
Cold,369702,2164,2163,2988,1820,0,0.0012041188
Cold,364469,2124,2123,2988,1820,1,0.012301855
Cold,343412,2018,2017,2988,1820,1,0.0027151797
Cold,319727,1899,1898,2988,1820,1,0.005711027
Cold,322978,1916,1915,2988,1820,1,0.0082609635
Cold,312119,1861,1860,2988,1820,0,0.0093153175
Cold,278396,1680,1679,2988,1820,1,0.0037921416
Cold,226741,1375,1374,2988,1820,1,0.0020655366
Cold,262048,1600,1599,2988,1820,0,0.0042362236
Cold,217649,1321,1320,2988,1820,0,0.011496197
Cold,215928,1310,1309,2988,1820,0,0.00063873467
Cold,215312,1305,1304,2988,1820,1,0.0026789894
Cold,243601,1470,1469,2988,1820,0,0.009423759
Cold,182592,1140,1139,2988,1820,0,0.00027586217
Cold,178944,1124,1123,2988,1820,1,0.007996146
Cold,345945,2030,2029,2988,1820,1,-0.004900397
Cold,190175,1181,1180,2988,1820,1,0.0051301233
Cold,166869,1062,1061,2988,1820,1,0.003453262
Cold,337843,1988,1987,2988,1820,1,0.007212159
Cold,184688,1150,1149,2988,1820,0,0.010196658
Cold,137563,889,888,2988,1820,0,0.013205215
Cold,130894,850,849,2988,1820,1,0.0067915097
Cold,210417,1285,1284,2988,1820,1,0.017170712
Cold,105364,697,696,2988,1820,0,0.002901634
Cold,332116,1960,1959,2988,1820,1,9.538117e-05
Cold,94505,635,634,2988,1820,1,0.0052215555
Cold,152727,984,983,2988,1820,1,0.010158745
Cold,85448,558,557,2988,1820,0,0.00032729097
Cold,83723,550,549,2988,1820,0,0.004989321
Cold,77050,524,523,2988,1820,1,0.010931308
Cold,638792,3842,3841,2988,1820,0,0.0006368861
Cold,42031,285,284,2988,1820,0,0.009627459
Cold,36082,245,244,2988,1820,0,0.0016316054
Cold,21847,161,160,2988,1820,1,0.010070203
Cold,123197,796,795,2988,1820,0,0.01220925
Cold,357109,2092,2091,2988,1820,1,-0.003619921
Cold,524344,3233,3232,2988,1820,1,-0.0034562626
Cold,157583,1015,1014,2988,1820,1,-0.00011466816
Cold,316476,1884,1883,2988,1820,1,0.0127746
Cold,159663,1019,1018,2988,1820,1,-0.0021478673
Cold,335304,1980,1979,2988,1820,0,0.0054543773
Cold,841346,5054,5053,2988,1820,0,0.0032689408
Cold,319044,1897,1896,2988,1820,0,0.0014547049
Cold,321927,1912,1911,2988,1820,0,0.005987689
Cold,401525,2395,2394,2988,1820,1,0.0012695494
Cold,522040,3224,3223,2996,1826,1,0.003350167
Cold,444469,2743,2742,2996,1826,1,-0.005466881
Cold,441900,2718,2717,2996,1826,0,0.0036750564
Cold,696937,4169,4168,2996,1826,1,-0.00884402
Cold,437853,2676,2675,2996,1826,1,-0.0020768465
Cold,417373,2515,2514,2996,1826,1,-0.00031499763
Cold,410063,2459,2458,2996,1826,0,0.005518242
Cold,407915,2453,2452,2996,1826,1,0.00042472966
Cold,707826,4241,4240,2996,1826,1,0.0055787517
Cold,398157,2368,2367,2996,1826,1,-0.0066444036
Cold,397532,2355,2354,2996,1826,0,-0.00538633
Cold,807227,4831,4830,2996,1826,0,-0.0019718423
Cold,391807,2304,2303,2996,1826,0,-0.0044940664
Cold,387664,2266,2265,2996,1826,1,-0.0014867331
Cold,381207,2230,2229,2996,1826,0,-0.0038015023
Cold,383537,2242,2241,2996,1826,0,-0.000929225
Cold,373113,2179,2178,2996,1826,0,-0.004303073
Cold,362601,2116,2115,2996,1826,1,-0.0118281
Cold,351241,2063,2062,2996,1826,0,-0.015225927
Cold,342070,2015,2014,2996,1826,0,-0.0007504602
Cold,328966,1942,1941,2996,1826,1,-0.0028949422
Cold,305422,1817,1816,2996,1826,0,-0.0014278479
Cold,283368,1697,1696,2996,1826,1,0.003447311
Cold,281743,1690,1689,2996,1826,0,-0.0031809132
Cold,306300,1825,1824,2996,1826,0,0.0077233994
Cold,188765,1172,1171,2996,1826,1,-0.0057685776
Cold,321577,1908,1907,2996,1826,1,-0.00087033864
Cold,182974,1141,1140,2996,1826,0,0.0026495357
Cold,175226,1112,1111,2996,1826,0,-0.0051680543
Cold,327401,1941,1940,2996,1826,1,-0.0018620685
Cold,148607,957,956,2996,1826,0,-0.008986477
Cold,184707,1150,1149,2996,1826,0,-0.007250321
Cold,192817,1187,1186,2996,1826,0,0.0043981755
Cold,199170,1224,1223,2996,1826,1,-0.0022059046
Cold,380050,2223,2222,2996,1826,0,0.009332121
Cold,266551,1617,1616,2996,1826,0,-0.0069770208
Cold,116972,754,753,2996,1826,1,0.0022362364
Cold,105769,699,698,2996,1826,0,-0.0022949083
Cold,176609,1117,1116,2996,1826,0,-0.0034289241
Cold,169047,1073,1072,2996,1826,1,-0.001650468
Cold,86316,564,563,2996,1826,1,0.0012672208
Cold,85450,558,557,2996,1826,1,0.00685717
Cold,57434,389,388,2996,1826,0,0.010728221
Cold,155185,1001,1000,2996,1826,0,-0.0054132314
Cold,59619,405,404,2996,1826,0,-0.001452846
Cold,46669,314,313,2996,1826,0,0.0076890346
Cold,61045,412,411,2996,1826,0,-0.00033888267
Cold,33836,229,228,2996,1826,0,-0.002503256
Cold,71216,478,477,2996,1826,0,-0.012472617
Cold,29415,201,200,2996,1826,0,-0.0063375104
Cold,26212,187,186,2996,1826,1,-0.011561086
Cold,206547,1266,1265,2996,1826,1,8.838065e-05
Cold,558352,3430,3429,2996,1826,0,0.0038342434
Cold,111547,727,726,2996,1826,1,-0.0065016546
Cold,804125,4815,4814,2996,1826,1,-0.0012492271
Cold,927760,5605,5604,2996,1826,0,0.0015488099
Cold,360359,2106,2105,2996,1826,0,0.0034535946
Cold,499032,3067,3066,2996,1826,1,-0.0062581124
Cold,879221,5312,5311,2996,1826,0,0.008403577
Cold,384411,2246,2245,2996,1826,1,-0.0010724652
Cold,335317,1980,1979,2996,1826,0,-0.00024564378
Cold,564057,3471,3470,2996,1826,0,-0.0038308613
Cold,164151,1051,1050,2996,1826,1,-0.002302235
Cold,734504,4387,4386,2996,1826,0,0.0018007002
Cold,171103,1088,1087,2996,1826,1,-0.005024774
Cold,22767,164,163,2996,1826,1,0.0057694763
Cold,95679,641,640,2996,1826,1,0.0024905053
Cold,397272,2353,2352,2996,1826,1,-0.004276119
Cold,187431,1164,1163,2996,1826,0,0.0011610499
Cold,179341,1125,1124,2996,1826,1,0.00040205522
Cold,842519,5063,5062,2996,1826,1,0.0055191824
Cold,877484,5302,5301,2996,1826,0,0.0063758325
Cold,804419,4816,4815,2996,1826,1,0.009034576
Cold,558136,3428,3427,3011,1833,1,-0.0057132132
Cold,532896,3292,3291,3011,1833,1,0.0036433905
Cold,520963,3216,3215,3011,1833,1,-0.0019975086
Cold,508966,3131,3130,3011,1833,1,-0.004658636
Cold,580757,3547,3546,3011,1833,0,0.004705594
Cold,489420,3013,3012,3011,1833,0,-0.0015792213
Cold,485674,2990,2989,3011,1833,0,0.003855056
Cold,695695,4169,4168,3011,1833,1,0.003899213
Cold,474563,2913,2912,3011,1833,1,0.003964872
Cold,473105,2909,2908,3011,1833,1,-0.0037297904
Cold,457577,2820,2819,3011,1833,1,-0.0029904689
Cold,453414,2793,2792,3011,1833,1,0.0045754546
Cold,452808,2788,2787,3011,1833,1,-0.0023373258
Cold,446639,2753,2752,3011,1833,1,0.0013161716
Cold,421563,2547,2546,3011,1833,1,-0.0033448483
Cold,420704,2544,2543,3011,1833,0,-0.0027502384
Cold,418370,2529,2528,3011,1833,0,0.0015015643
Cold,417997,2526,2525,3011,1833,1,-0.005105281
Cold,417426,2516,2515,3011,1833,1,0.004271511
Cold,411840,2476,2475,3011,1833,1,0.0066850367
Cold,410754,2465,2464,3011,1833,1,0.0016445024
Cold,398162,2368,2367,3011,1833,1,-0.0013254525
Cold,397674,2356,2355,3011,1833,1,-0.0015942119
Cold,414387,2496,2495,3011,1833,0,-0.0038291428
Cold,386279,2259,2258,3011,1833,1,0.0016487845
Cold,381466,2231,2230,3011,1833,1,0.0022071605
Cold,411982,2478,2477,3011,1833,1,-0.0011586113
Cold,356222,2088,2087,3011,1833,1,0.0005967729
Cold,353843,2073,2072,3011,1833,1,0.0048534884
Cold,347194,2038,2037,3011,1833,1,0.010968324
Cold,319775,1899,1898,3011,1833,1,0.013269547
Cold,290695,1734,1733,3011,1833,1,-0.0015026322
Cold,268704,1632,1631,3011,1833,0,-0.0010883968
Cold,345987,2030,2029,3011,1833,1,0.0037004645
Cold,294096,1749,1748,3011,1833,0,-0.012174922
Cold,244583,1473,1472,3011,1833,0,0.0048403987
Cold,242544,1465,1464,3011,1833,1,-0.002148905
Cold,312152,1861,1860,3011,1833,0,0.0031586308
Cold,227914,1383,1382,3011,1833,0,-0.0051326654
Cold,325146,1926,1925,3011,1833,1,-0.005357525
Cold,217840,1322,1321,3011,1833,1,-0.00063248444
Cold,211730,1288,1287,3011,1833,1,-0.00038515928
Cold,208526,1274,1273,3011,1833,0,0.003022082
Cold,208170,1273,1272,3011,1833,1,0.00415916
Cold,204167,1256,1255,3011,1833,1,0.0013500322
Cold,188491,1170,1169,3011,1833,1,0.0034654036
Cold,169461,1077,1076,3011,1833,1,0.012067703
Cold,166889,1062,1061,3011,1833,1,0.0023230156
Cold,152770,984,983,3011,1833,0,0.0028595813
Cold,323581,1920,1919,3011,1833,0,-0.0040913317
Cold,146757,948,947,3011,1833,0,0.0068360465
Cold,184754,1150,1149,3011,1833,0,-0.0009578294
Cold,156449,1010,1009,3011,1833,0,-0.005451384
Cold,137642,889,888,3011,1833,1,0.0030814027
Cold,318852,1896,1895,3011,1833,1,0.0010093295
Cold,130929,850,849,3011,1833,1,0.0014194804
Cold,321987,1912,1911,3011,1833,1,0.00043867447
Cold,106573,702,701,3011,1833,0,-0.0022327823
Cold,99198,661,660,3011,1833,1,0.0004992774
Cold,98063,656,655,3011,1833,0,-0.00021549035
Cold,92252,615,614,3011,1833,1,-0.0023497292
Cold,339026,1998,1997,3011,1833,0,0.0060225804
Cold,83776,550,549,3011,1833,1,-0.0013908288
Cold,52686,347,346,3011,1833,1,-0.0036227666
Cold,51620,339,338,3011,1833,1,-0.002072599
Cold,46587,312,311,3011,1833,0,-0.009578396
Cold,35179,238,237,3011,1833,1,-0.0009026469
Cold,31704,216,215,3011,1833,0,-0.0027406644
Cold,22770,164,163,3011,1833,0,-0.0015378622
Cold,78778,529,528,3011,1833,0,0.0048513254
Cold,123228,796,795,3011,1833,0,0.005449939
Cold,9063,62,61,3011,1833,1,-0.007549422
Cold,5996,44,43,3011,1833,0,-0.0033588358
Cold,357160,2092,2091,3011,1833,0,-0.0014588207
Cold,60448,411,410,3011,1833,0,0.009246394
Cold,801247,4802,4801,3011,1833,1,-0.0073102997
Cold,384599,2247,2246,3011,1833,1,0.009036319
Cold,407944,2453,2452,3011,1833,1,-0.002469696
Cold,48374,326,325,3011,1833,0,0.008190795
Cold,157648,1015,1014,3011,1833,1,0.0021656575
Cold,347802,2041,2040,3011,1833,1,-0.003336105
Cold,316527,1884,1883,3011,1833,0,-0.0011468509
Cold,50532,333,332,3011,1833,0,0.0016004588
Cold,327455,1941,1940,3011,1833,0,-0.0016714467
Cold,47161,319,318,3011,1833,1,-0.006271406
Cold,46694,314,313,3011,1833,0,-0.0046424465
Cold,993785,6002,6001,3011,1833,1,-0.003804
Cold,407711,2451,2450,3011,1833,1,0.0048226053
Cold,319075,1897,1896,3011,1833,1,0.004038582
Cold,41118,278,277,3013,1834,1,0.004122716
Cold,14300,117,116,3013,1834,0,0.011771668
Cold,211635,1287,1286,3013,1834,0,0.00033159973
Cold,289895,1733,1732,3013,1834,0,0.0028199535
Cold,632838,3824,3823,3013,1834,0,-1.2092991e-05
Cold,744628,4448,4447,3015,1835,1,0.0019626888
Cold,600444,3651,3650,3015,1835,1,0.0061417376
Cold,593256,3618,3617,3015,1835,0,0.011284599
Cold,581521,3551,3550,3015,1835,1,0.0024400977
Cold,568899,3491,3490,3015,1835,1,0.0013445364
Cold,551991,3401,3400,3015,1835,0,0.008472242
Cold,576759,3526,3525,3015,1835,0,0.0043885713
Cold,534555,3300,3299,3015,1835,1,0.001406725
Cold,518576,3201,3200,3015,1835,1,-0.0066631716
Cold,511000,3151,3150,3015,1835,1,-0.00092830486
Cold,509417,3138,3137,3015,1835,0,-0.00013145618
Cold,522083,3224,3223,3015,1835,1,0.0035246434
Cold,509039,3132,3131,3015,1835,1,-0.005378948
Cold,508100,3128,3127,3015,1835,1,0.0062873126
Cold,506463,3118,3117,3015,1835,0,0.011980254
Cold,628473,3807,3806,3015,1835,0,0.00092156604
Cold,695697,4169,4168,3015,1835,0,0.011193712
Cold,472228,2907,2906,3015,1835,0,0.009773203
Cold,484752,2986,2985,3015,1835,0,0.0047380123
Cold,473109,2909,2908,3015,1835,1,0.01302168
Cold,754553,4497,4496,3015,1835,0,0.008167533
Cold,462977,2857,2856,3015,1835,0,0.0063130874
Cold,457578,2820,2819,3015,1835,0,0.008157939
Cold,795939,4771,4770,3015,1835,0,0.010825078
Cold,451600,2780,2779,3015,1835,0,-0.0012447163
Cold,446066,2751,2750,3015,1835,0,0.0073816096
Cold,442025,2719,2718,3015,1835,1,0.0060985824
Cold,439531,2685,2684,3015,1835,0,0.015302086
Cold,436072,2665,2664,3015,1835,0,0.0034161166
Cold,433455,2643,2642,3015,1835,1,0.0019445657
Cold,423966,2569,2568,3015,1835,0,0.008302576
Cold,426759,2592,2591,3015,1835,1,0.012002091
Cold,417344,2514,2513,3015,1835,1,-0.0013830945
Cold,425564,2583,2582,3015,1835,1,0.01094427
Cold,414866,2497,2496,3015,1835,0,0.006522593
Cold,414388,2496,2495,3015,1835,0,0.0065773483
Cold,397154,2352,2351,3015,1835,0,0.006305584
Cold,388797,2279,2278,3015,1835,1,0.009071767
Cold,387150,2264,2263,3015,1835,1,0.0047874725
Cold,382682,2237,2236,3015,1835,1,-0.00071132975
Cold,385103,2251,2250,3015,1835,1,0.00052375253
Cold,378605,2211,2210,3015,1835,1,-0.003407225
Cold,352570,2064,2063,3015,1835,1,-0.00026828382
Cold,329777,1945,1944,3015,1835,0,-0.00010219589
Cold,334388,1974,1973,3015,1835,0,0.008366241
Cold,271602,1642,1641,3015,1835,0,0.0016009244
Cold,280653,1685,1684,3015,1835,0,-0.00013428065
Cold,230030,1392,1391,3015,1835,0,0.004753554
Cold,213215,1298,1297,3015,1835,1,0.008055358
Cold,220247,1335,1334,3015,1835,0,-0.0041617258
Cold,200194,1229,1228,3015,1835,1,0.003585927
Cold,209940,1284,1283,3015,1835,0,-0.0007638305
Cold,278485,1680,1679,3015,1835,1,0.0026110166
Cold,327461,1941,1940,3015,1835,1,0.010847015
Cold,188492,1170,1169,3015,1835,1,0.0027190489
Cold,177400,1119,1118,3015,1835,1,0.0063260803
Cold,159057,1017,1016,3015,1835,0,0.0079232445
Cold,270686,1639,1638,3015,1835,0,0.012350175
Cold,199204,1224,1223,3015,1835,1,0.010976371
Cold,314852,1880,1879,3015,1835,0,0.009749535
Cold,262910,1605,1604,3015,1835,1,-0.0067667216
Cold,283777,1698,1697,3015,1835,0,0.002240384
Cold,82638,549,548,3015,1835,1,0.017891489
Cold,190264,1181,1180,3015,1835,0,0.0040528947
Cold,75344,512,511,3015,1835,1,-0.0058144545
Cold,210479,1285,1284,3015,1835,1,0.0026758404
Cold,47165,319,318,3015,1835,0,0.0044196337
Cold,947468,5722,5721,3015,1835,1,0.0025130275
Cold,22944,166,165,3015,1835,0,0.0026162225
Cold,61689,415,414,3015,1835,1,0.009488101
Cold,9065,62,61,3015,1835,1,0.0061020255
Cold,104072,692,691,3015,1835,0,-0.00088967104
Cold,481561,2962,2961,3015,1835,0,0.008194296
Cold,843765,5074,5073,3015,1835,0,-0.0011955991
Cold,157652,1015,1014,3015,1835,1,0.007739422
Cold,233815,1422,1421,3015,1835,0,0.007173156
Cold,948931,5733,5732,3015,1835,0,0.0028604204
Cold,204376,1260,1259,3015,1835,1,0.0039511737
Cold,632839,3824,3823,3015,1835,0,0.011289509
Cold,562356,3462,3461,3015,1835,1,0.005319822
Cold,335365,1980,1979,3015,1835,1,0.006215908
Cold,795407,4765,4764,3015,1835,0,0.012823446
Cold,62447,424,423,3015,1835,1,0.008347381
Cold,76255,518,517,3015,1835,1,0.008868087
Cold,754555,4497,4496,3017,1837,0,0.010814704
Cold,462980,2857,2856,3017,1837,0,0.0058567543
Cold,426352,2590,2589,3017,1837,0,0.002823731
Cold,409437,2457,2456,3017,1837,0,0.00857042
Cold,373727,2181,2180,3017,1837,0,0.0048660375
Cold,367290,2144,2143,3017,1837,0,-0.0002724653
Cold,337618,1985,1984,3017,1837,0,0.008317367
Cold,305722,1820,1819,3017,1837,0,0.0035990365
Cold,288188,1722,1721,3017,1837,0,0.0028098256
Cold,291077,1737,1736,3017,1837,0,0.003482021
Cold,276743,1675,1674,3017,1837,0,0.008664268
Cold,280400,1683,1682,3017,1837,0,0.0029627578
Cold,247458,1496,1495,3017,1837,0,0.0068178093
Cold,327464,1941,1940,3017,1837,0,-0.0017059405
Cold,307119,1835,1834,3017,1837,0,0.005565423
Cold,173950,1101,1100,3017,1837,0,0.013110889
Cold,159059,1017,1016,3017,1837,0,0.005988628
Cold,150898,971,970,3017,1837,0,0.0053922464
Cold,133837,868,867,3017,1837,0,0.005198378
Cold,133953,869,868,3017,1837,0,0.013523378
Cold,130934,850,849,3017,1837,0,0.004192385
Cold,125456,808,807,3017,1837,0,0.009560409
Cold,123767,798,797,3017,1837,0,0.005907012
Cold,210481,1285,1284,3017,1837,0,0.007653848
Cold,351288,2063,2062,3017,1837,0,0.013473698
Cold,92672,621,620,3017,1837,0,-0.005588289
Cold,75390,513,512,3017,1837,0,0.010420075
Cold,57540,390,389,3017,1837,0,0.011238705
Cold,53385,352,351,3017,1837,0,0.0060711405
Cold,41611,284,283,3017,1837,0,0.007942434
Cold,41120,278,277,3017,1837,1,0.006217664
Cold,238506,1448,1447,3017,1837,0,0.012569267
Cold,14304,117,116,3017,1837,0,0.014896074
Cold,2600,22,21,3017,1837,0,0.012747195
Cold,206593,1266,1265,3017,1837,0,0.014068865
Cold,551993,3401,3400,3017,1837,0,-0.002260156
Cold,365628,2129,2128,3017,1837,0,0.0079352725
Cold,298920,1776,1775,3017,1837,0,0.005347681
Cold,101851,678,677,3017,1837,0,0.011245328
Cold,632841,3824,3823,3017,1837,0,0.010648652
Cold,335367,1980,1979,3017,1837,0,0.013123825
Cold,289899,1733,1732,3017,1837,0,0.017804975
Cold,62449,424,423,3017,1837,0,0.0146672595
Cold,331251,1958,1957,3017,1837,0,0.009303171
Cold,628079,3804,3803,3024,1842,0,-0.011796126
Cold,637652,3841,3840,3024,1842,0,0.00049438374
Cold,623204,3771,3770,3024,1842,0,0.00077686994
Cold,620561,3760,3759,3024,1842,1,-0.0040099276
Cold,619405,3754,3753,3024,1842,0,-0.010964483
Cold,621042,3762,3761,3024,1842,0,-0.0070406497
Cold,725047,4344,4343,3024,1842,0,-0.010180537
Cold,595104,3621,3620,3024,1842,0,-0.0024724277
Cold,585467,3576,3575,3024,1842,0,-0.015596332
Cold,577719,3528,3527,3024,1842,0,-0.0054036607
Cold,574252,3516,3515,3024,1842,1,-0.019342767
Cold,568909,3491,3490,3024,1842,1,-0.011871252
Cold,657026,3961,3960,3024,1842,0,-0.0070209852
Cold,542895,3341,3340,3024,1842,0,-0.008821157
Cold,520970,3216,3215,3024,1842,0,-0.005060784
Cold,517572,3195,3194,3024,1842,1,-0.009392904
Cold,565953,3476,3475,3024,1842,0,-0.012402926
Cold,505507,3110,3109,3024,1842,0,-0.009576461
Cold,575063,3519,3518,3024,1842,0,-0.0024493013
Cold,695718,4169,4168,3024,1842,1,-0.01705847
Cold,601523,3658,3657,3024,1842,0,0.00015970692
Cold,473125,2909,2908,3024,1842,1,0.0043092677
Cold,462993,2857,2856,3024,1842,0,-0.0029079947
Cold,462194,2852,2851,3024,1842,1,-0.0034540526
Cold,457593,2820,2819,3024,1842,0,-0.009557945
Cold,426359,2590,2589,3024,1842,0,-0.007562089
Cold,425570,2583,2582,3024,1842,0,-0.00982925
Cold,409445,2457,2456,3024,1842,0,-0.012332081
Cold,388805,2279,2278,3024,1842,0,-0.011497654
Cold,381112,2228,2227,3024,1842,0,-0.0005070574
Cold,370624,2167,2166,3024,1842,0,-0.006188457
Cold,366352,2132,2131,3024,1842,0,-0.006919016
Cold,361355,2109,2108,3024,1842,0,-0.003907699
Cold,324257,1922,1921,3024,1842,0,-0.0075031645
Cold,325980,1930,1929,3024,1842,0,0.0038944841
Cold,310970,1852,1851,3024,1842,0,-0.013225753
Cold,297260,1764,1763,3024,1842,0,-0.007347576
Cold,295906,1757,1756,3024,1842,0,-0.0053060697
Cold,293062,1746,1745,3024,1842,1,-0.0065307124
Cold,300112,1780,1779,3024,1842,0,-0.005830575
Cold,288192,1722,1721,3024,1842,1,-0.0008852513
Cold,292068,1741,1740,3024,1842,0,-0.013361985
Cold,278515,1680,1679,3024,1842,1,-0.008069267
Cold,261328,1598,1597,3024,1842,0,-0.008321326
Cold,247471,1496,1495,3024,1842,0,0.0012187045
Cold,236880,1440,1439,3024,1842,0,-0.0049409065
Cold,245413,1483,1482,3024,1842,0,-0.009072228
Cold,224424,1357,1356,3024,1842,0,-0.0021136764
Cold,221027,1340,1339,3024,1842,0,-0.005480757
Cold,216154,1312,1311,3024,1842,0,-0.007530793
Cold,272591,1647,1646,3024,1842,0,-0.010932909
Cold,538340,3313,3312,3024,1842,0,-0.014056557
Cold,294113,1749,1748,3024,1842,0,-0.0063055065
Cold,196097,1206,1205,3024,1842,1,-0.009810824
Cold,327480,1941,1940,3024,1842,0,-0.0049909526
Cold,175268,1112,1111,3024,1842,0,-0.01563679
Cold,355400,2079,2078,3024,1842,1,-0.0049607493
Cold,159067,1017,1016,3024,1842,0,0.0001055781
Cold,156466,1010,1009,3024,1842,0,-0.0075745117
Cold,436089,2665,2664,3024,1842,0,-0.014535779
Cold,270694,1639,1638,3024,1842,0,-0.020799372
Cold,142592,920,919,3024,1842,0,-0.003015929
Cold,133961,869,868,3024,1842,0,-0.009229656
Cold,133128,859,858,3024,1842,1,-0.0037558319
Cold,132943,858,857,3024,1842,0,0.00059260544
Cold,176359,1115,1114,3024,1842,0,-0.009767683
Cold,314868,1880,1879,3024,1842,0,-0.011605324
Cold,113171,735,734,3024,1842,0,-0.011236295
Cold,130427,846,845,3024,1842,0,-6.377441e-05
Cold,99200,661,660,3024,1842,0,-0.0059572835
Cold,351307,2063,2062,3024,1842,0,-0.014310233
Cold,85995,563,562,3024,1842,0,-0.011423121
Cold,190291,1181,1180,3024,1842,0,-0.01924748
Cold,75541,514,513,3024,1842,0,-0.0067976266
Cold,66448,445,444,3024,1842,0,-0.00916375
Cold,45148,305,304,3024,1842,0,0.0014646503
Cold,41134,278,277,3024,1842,0,-0.0067204963
Cold,98531,660,659,3024,1842,0,-0.0055415942
Cold,29567,202,201,3024,1842,0,-0.011807345
Cold,192634,1186,1185,3024,1842,1,0.004087752
Cold,14321,117,116,3024,1842,1,-0.01152455
Cold,8317,58,57,3024,1842,0,-0.019752264
Cold,552004,3401,3400,3024,1842,0,-0.003255303
Cold,432502,2638,2637,3024,1842,0,-0.004434593
Cold,234667,1425,1424,3024,1842,0,-0.003959283
Cold,289917,1733,1732,3024,1842,0,-0.0072837947
Cold,27842,195,194,3024,1842,0,-0.0048180902
Cold,763736,4543,4542,3024,1842,0,-0.0125280935
Cold,744639,4448,4447,3024,1842,0,-0.01139811
Cold,115788,752,751,3024,1842,0,-0.01814075
Cold,553662,3410,3409,3024,1842,0,-0.008360125
Cold,801253,4802,4801,3024,1842,1,-0.0067545166
Cold,879743,5317,5316,3024,1842,0,-0.010602424
Cold,310503,1851,1850,3024,1842,0,-0.0066552684
Cold,621848,3768,3767,3024,1842,0,-0.006642335
Cold,362394,2114,2113,3024,1842,0,0.004643543
Cold,136219,881,880,3024,1842,0,-0.010946743
Cold,62466,424,423,3024,1842,1,-0.009477948
Cold,322004,1912,1911,3024,1842,0,-0.013574176
Cold,632858,3824,3823,3024,1842,0,-0.009614848
Cold,489097,3012,3011,3024,1842,0,-0.006857871
Cold,695719,4169,4168,3028,1843,1,-0.004663218
Cold,474574,2913,2912,3028,1843,0,0.002507422
Cold,466556,2878,2877,3028,1843,1,-0.0066507235
Cold,462438,2854,2853,3028,1843,1,-0.0014261443
Cold,455705,2807,2806,3028,1843,0,0.0036807677
Cold,447760,2761,2760,3028,1843,0,7.983763e-07
Cold,469783,2895,2894,3028,1843,1,-0.011374768
Cold,446655,2753,2752,3028,1843,0,-0.0046439203
Cold,445868,2750,2749,3028,1843,1,8.568214e-05
Cold,426765,2592,2591,3028,1843,0,-0.0031385398
Cold,425899,2585,2584,3028,1843,0,0.0009052111
Cold,421447,2546,2545,3028,1843,0,0.009987861
Cold,419557,2537,2536,3028,1843,1,0.0035188126
Cold,418381,2529,2528,3028,1843,1,-0.007907105
Cold,463976,2860,2859,3028,1843,1,-0.003018031
Cold,395725,2340,2339,3028,1843,1,-0.0101113785
Cold,386917,2263,2262,3028,1843,0,-0.0032673427
Cold,382691,2237,2236,3028,1843,1,-0.0029551985
Cold,381476,2231,2230,3028,1843,0,-0.0033606752
Cold,377049,2203,2202,3028,1843,1,-0.001192953
Cold,356227,2088,2087,3028,1843,1,-0.003495439
Cold,353855,2073,2072,3028,1843,0,-0.008286262
Cold,342123,2015,2014,3028,1843,1,-0.004842476
Cold,278516,1680,1679,3028,1843,1,-0.004799041
Cold,258852,1586,1585,3028,1843,1,-0.002285756
Cold,436090,2665,2664,3028,1843,0,-0.011619892
Cold,230722,1396,1395,3028,1843,1,-2.9500108e-05
Cold,231530,1404,1403,3028,1843,0,-0.011196636
Cold,357174,2092,2091,3028,1843,0,-0.0017919461
Cold,208175,1273,1272,3028,1843,1,-0.002934455
Cold,199217,1224,1223,3028,1843,1,-0.0066887205
Cold,316067,1883,1882,3028,1843,0,0.0034270477
Cold,212360,1294,1293,3028,1843,1,0.0016304647
Cold,182630,1140,1139,3028,1843,1,-0.012028296
Cold,345998,2030,2029,3028,1843,1,-0.0068805614
Cold,168808,1071,1070,3028,1843,1,-0.014407339
Cold,167618,1068,1067,3028,1843,0,-0.010082368
Cold,271979,1645,1644,3028,1843,1,-0.010678178
Cold,190293,1181,1180,3028,1843,0,-0.0054745097
Cold,157672,1015,1014,3028,1843,1,-0.0089035025
Cold,146770,948,947,3028,1843,1,-0.0017748182
Cold,140119,899,898,3028,1843,1,-0.013637109
Cold,712643,4277,4276,3028,1843,0,-0.009333139
Cold,137666,889,888,3028,1843,0,-0.004284755
Cold,135140,875,874,3028,1843,0,-0.006168482
Cold,314869,1880,1879,3028,1843,0,-0.012038637
Cold,112203,731,730,3028,1843,1,-0.0052938415
Cold,106580,702,701,3028,1843,1,-0.000996187
Cold,97659,655,654,3028,1843,1,-0.013033716
Cold,339035,1998,1997,3028,1843,1,-0.0027298876
Cold,159734,1019,1018,3028,1843,0,-0.0042101205
Cold,83795,550,549,3028,1843,1,-0.0039096544
Cold,81416,543,542,3028,1843,1,-0.007088985
Cold,64902,436,435,3028,1843,1,0.0035776335
Cold,64719,434,433,3028,1843,1,0.00042166753
Cold,51751,340,339,3028,1843,0,-0.011047262
Cold,25195,178,177,3028,1843,1,5.312072e-05
Cold,19153,148,147,3028,1843,1,0.0019378657
Cold,18005,139,138,3028,1843,0,-0.0020491267
Cold,17377,136,135,3028,1843,0,0.0007304
Cold,13654,109,108,3028,1843,1,0.004520658
Cold,657349,3963,3962,3028,1843,1,-0.012900919
Cold,6011,44,43,3028,1843,1,-0.009724643
Cold,4125,31,30,3028,1843,1,-0.0020263817
Cold,60468,411,410,3028,1843,1,-0.008045625
Cold,512521,3163,3162,3028,1843,1,-0.004333377
Cold,237543,1447,1446,3028,1843,0,-0.00958585
Cold,347811,2041,2040,3028,1843,0,0.0026908042
Cold,828495,4979,4978,3028,1843,1,-0.011806368
Cold,256025,1561,1560,3028,1843,0,-0.00986228
Cold,582723,3560,3559,3028,1843,1,-0.008932559
Cold,599000,3648,3647,3028,1843,0,-0.018364538
Cold,141306,911,910,3028,1843,1,-0.008545112
Cold,820846,4934,4933,3028,1843,1,-0.012153706
Cold,319089,1897,1896,3028,1843,1,0.007594989
Cold,821506,4940,4939,3028,1843,1,0.001987591
Cold,966481,5831,5830,3028,1843,1,-0.011877446
Cold,958726,5787,5786,3028,1843,0,-0.0075665456
Cold,933278,5636,5635,3028,1843,0,-0.0051268614
Cold,663708,3999,3998,3029,1844,1,0.005513556
Cold,680187,4078,4077,3029,1844,0,0.0016456976
Cold,651164,3929,3928,3029,1844,0,0.003027506
Cold,648008,3902,3901,3029,1844,1,0.008849113
Cold,648174,3903,3902,3029,1844,0,0.0051420084
Cold,636727,3836,3835,3029,1844,1,-0.003267156
Cold,632859,3824,3823,3029,1844,0,0.011438839
Cold,632187,3823,3822,3029,1844,1,0.0012964546
Cold,630535,3815,3814,3029,1844,0,-0.00622271
Cold,628998,3808,3807,3029,1844,0,0.018687602
Cold,637656,3841,3840,3029,1844,0,0.0040323287
Cold,623205,3771,3770,3029,1844,0,0.005260881
Cold,725050,4344,4343,3029,1844,0,0.006651449
Cold,596248,3626,3625,3029,1844,0,0.0053482945
Cold,587624,3589,3588,3029,1844,1,0.011611646
Cold,585470,3576,3575,3029,1844,1,0.004949772
Cold,593278,3618,3617,3029,1844,0,0.0052603213
Cold,548837,3389,3388,3029,1844,0,0.0040837135
Cold,645046,3885,3884,3029,1844,1,0.0040938123
Cold,567215,3483,3482,3029,1844,1,0.006230388
Cold,539521,3319,3318,3029,1844,0,0.0027658646
Cold,538800,3314,3313,3029,1844,1,0.0013690188
Cold,536760,3311,3310,3029,1844,0,0.0016974534
Cold,534562,3300,3299,3029,1844,0,0.007134519
Cold,530627,3279,3278,3029,1844,0,0.0008908119
Cold,527993,3265,3264,3029,1844,0,0.002563444
Cold,522104,3224,3223,3029,1844,1,0.0064690793
Cold,508422,3129,3128,3029,1844,1,0.007924572
Cold,501634,3081,3080,3029,1844,1,0.006306067
Cold,493718,3032,3031,3029,1844,0,0.0022008552
Cold,491528,3024,3023,3029,1844,0,0.005256923
Cold,490524,3018,3017,3029,1844,1,0.0133159915
Cold,486118,2994,2993,3029,1844,0,-0.0019630813
Cold,599690,3650,3649,3029,1844,1,0.012062532
Cold,695721,4169,4168,3029,1844,1,0.0024280082
Cold,473128,2909,2908,3029,1844,0,0.004455148
Cold,462995,2857,2856,3029,1844,0,0.0008380106
Cold,453427,2793,2792,3029,1844,1,0.0063760583
Cold,452384,2786,2785,3029,1844,0,0.0029906952
Cold,446264,2752,2751,3029,1844,0,0.013949578
Cold,442995,2731,2730,3029,1844,0,0.005241923
Cold,436092,2665,2664,3029,1844,0,0.0055520562
Cold,431323,2628,2627,3029,1844,1,0.0076354574
Cold,431533,2629,2628,3029,1844,1,0.0014643203
Cold,426360,2590,2589,3029,1844,0,0.007775085
Cold,425572,2583,2582,3029,1844,0,-0.002801663
Cold,415190,2500,2499,3029,1844,1,-0.0033449586
Cold,410605,2463,2462,3029,1844,0,0.0010590395
Cold,449256,2771,2770,3029,1844,0,0.0042988276
Cold,402113,2402,2401,3029,1844,1,0.00627183
Cold,388807,2279,2278,3029,1844,0,0.0030427468
Cold,387453,2265,2264,3029,1844,1,0.011597686
Cold,382692,2237,2236,3029,1844,1,0.002513718
Cold,377050,2203,2202,3029,1844,1,0.0008024147
Cold,369734,2164,2163,3029,1844,1,0.0059901234
Cold,394121,2323,2322,3029,1844,0,0.0043634446
Cold,356970,2091,2090,3029,1844,1,-0.0007600798
Cold,355401,2079,2078,3029,1844,0,0.0052603316
Cold,337622,1985,1984,3029,1844,0,-0.004749659
Cold,336828,1983,1982,3029,1844,0,0.00711054
Cold,329936,1947,1946,3029,1844,0,0.015575593
Cold,313694,1873,1872,3029,1844,0,0.0038246242
Cold,313383,1870,1869,3029,1844,0,0.0075460463
Cold,298282,1768,1767,3029,1844,0,0.00056423317
Cold,297262,1764,1763,3029,1844,1,0.0146177
Cold,289137,1727,1726,3029,1844,1,0.0081001995
Cold,291085,1737,1736,3029,1844,0,0.0066535114
Cold,293523,1748,1747,3029,1844,1,0.0010915485
Cold,292070,1741,1740,3029,1844,0,0.0066503775
Cold,288738,1726,1725,3029,1844,0,0.01734098
Cold,278518,1680,1679,3029,1844,1,-0.0014438992
Cold,268726,1632,1631,3029,1844,0,0.010900337
Cold,332337,1961,1960,3029,1844,0,-0.004817476
Cold,259972,1591,1590,3029,1844,1,-0.002189454
Cold,248036,1497,1496,3029,1844,0,0.010819819
Cold,350619,2059,2058,3029,1844,0,0.012397674
Cold,283071,1696,1695,3029,1844,0,0.009594582
Cold,356745,2090,2089,3029,1844,1,0.010699458
Cold,226924,1377,1376,3029,1844,0,0.013209261
Cold,230034,1392,1391,3029,1844,0,0.0059826514
Cold,270695,1639,1638,3029,1844,1,0.0065521086
Cold,323592,1920,1919,3029,1844,0,0.0064879823
Cold,219662,1333,1332,3029,1844,1,0.0016214335
Cold,220637,1338,1337,3029,1844,1,0.0025561296
Cold,214224,1301,1300,3029,1844,1,0.0019760765
Cold,267083,1624,1623,3029,1844,0,0.0007836373
Cold,190294,1181,1180,3029,1844,0,0.0065833186
Cold,307132,1835,1834,3029,1844,1,0.0049013505
Cold,179946,1127,1126,3029,1844,0,0.0044103772
Cold,204384,1260,1259,3029,1844,1,0.006149376
Cold,165098,1053,1052,3029,1844,1,-0.002854636
Cold,163232,1044,1043,3029,1844,0,0.005999531
Cold,162442,1035,1034,3029,1844,0,0.0015767547
Cold,159070,1017,1016,3029,1844,0,0.007744063
Cold,275354,1667,1666,3029,1844,1,0.007169602
Cold,151364,974,973,3029,1844,0,0.0018559216
Cold,146772,948,947,3029,1844,1,-0.0030622757
Cold,144019,929,928,3029,1844,0,0.00883978
Cold,156468,1010,1009,3029,1844,0,0.012651515
Cold,712645,4277,4276,3029,1844,0,0.007508682
Cold,137668,889,888,3029,1844,0,0.0071098492
Cold,133513,863,862,3029,1844,0,0.0018287968
Cold,154700,999,998,3029,1844,0,0.015499806
Cold,314871,1880,1879,3029,1844,0,0.009761327
Cold,126440,817,816,3029,1844,0,0.012023533
Cold,147270,949,948,3029,1844,1,0.0072716777
Cold,124693,802,801,3029,1844,1,0.0079120295
Cold,124390,801,800,3029,1844,1,0.0019681044
Cold,210498,1285,1284,3029,1844,1,0.0044560432
Cold,112812,732,731,3029,1844,1,0.0076109543
Cold,239582,1449,1448,3029,1844,0,0.003910768
Cold,106581,702,701,3029,1844,1,0.0018149593
Cold,479952,2946,2945,3029,1844,0,-0.011199396
Cold,150362,970,969,3029,1844,0,0.0063820146
Cold,82655,549,548,3029,1844,0,0.0009271195
Cold,80646,536,535,3029,1844,0,0.0071872664
Cold,81418,543,542,3029,1844,1,0.010748118
Cold,71018,477,476,3029,1844,0,0.0048167515
Cold,40975,275,274,3029,1844,0,0.004977001
Cold,36180,245,244,3029,1844,0,-0.0014456598
Cold,31731,216,215,3029,1844,0,0.010056601
Cold,19156,148,147,3029,1844,1,0.013115279
Cold,14325,117,116,3029,1844,0,0.002902886
Cold,15342,123,122,3029,1844,0,0.0056710616
Cold,13383,105,104,3029,1844,1,-0.0007084063
Cold,552007,3401,3400,3029,1844,0,0.00685954
Cold,687943,4116,4115,3029,1844,1,0.0035223502
Cold,62469,424,423,3029,1844,1,0.0022898582
Cold,327483,1941,1940,3029,1844,0,0.0045971954
Cold,531918,3285,3284,3029,1844,1,0.0027104802
Cold,643483,3878,3877,3036,1850,1,-0.0033673367
Cold,632877,3824,3823,3036,1850,1,-0.010904703
Cold,629013,3808,3807,3036,1850,0,0.0049673207
Cold,637672,3841,3840,3036,1850,1,-0.0006554455
Cold,625391,3780,3779,3036,1850,1,0.0041096406
Cold,612203,3712,3711,3036,1850,0,0.011358763
Cold,610807,3705,3704,3036,1850,1,0.008589564
Cold,598036,3641,3640,3036,1850,1,0.003383962
Cold,596258,3626,3625,3036,1850,0,-0.0026527804
Cold,583159,3562,3561,3036,1850,0,0.00026827934
Cold,580769,3547,3546,3036,1850,0,-0.0032006241
Cold,744653,4448,4447,3036,1850,1,0.003931687
Cold,568917,3491,3490,3036,1850,0,0.016812315
Cold,563557,3469,3468,3036,1850,0,0.00013780035
Cold,549672,3391,3390,3036,1850,0,-4.8901886e-05
Cold,547788,3380,3379,3036,1850,0,0.0044558337
Cold,542897,3341,3340,3036,1850,1,0.011325513
Cold,536771,3311,3310,3036,1850,0,0.005403551
Cold,638853,3842,3841,3036,1850,0,-0.0043847617
Cold,535734,3308,3307,3036,1850,0,0.0080622975
Cold,530775,3280,3279,3036,1850,0,0.0066827447
Cold,565970,3476,3475,3036,1850,1,-0.00057640567
Cold,513423,3167,3166,3036,1850,1,0.0007611192
Cold,816015,4899,4898,3036,1850,0,0.008078344
Cold,505514,3110,3109,3036,1850,0,0.0016473877
Cold,504976,3108,3107,3036,1850,1,-0.0023984022
Cold,483899,2976,2975,3036,1850,1,0.0046248417
Cold,695733,4169,4168,3036,1850,0,-0.002556778
Cold,469529,2892,2891,3036,1850,0,-0.010665647
Cold,469150,2889,2888,3036,1850,1,-0.0070237797
Cold,468213,2887,2886,3036,1850,0,-0.0021794033
Cold,453435,2793,2792,3036,1850,0,0.003745128
Cold,447770,2761,2760,3036,1850,1,0.000314272
Cold,564115,3471,3470,3036,1850,0,0.0056631193
Cold,433468,2643,2642,3036,1850,1,0.006004848
Cold,433072,2641,2640,3036,1850,1,0.004152761
Cold,430393,2624,2623,3036,1850,0,0.008389374
Cold,415443,2503,2502,3036,1850,1,0.0035732777
Cold,409068,2456,2455,3036,1850,1,0.0011367265
Cold,402122,2402,2401,3036,1850,1,0.007620344
Cold,397822,2360,2359,3036,1850,1,-0.0032973213
Cold,388814,2279,2278,3036,1850,0,-0.00053404964
Cold,377058,2203,2202,3036,1850,1,0.0106796045
Cold,356235,2088,2087,3036,1850,1,-0.003588908
Cold,327106,1939,1938,3036,1850,0,-0.014291781
Cold,318273,1891,1890,3036,1850,1,-0.0002234783
Cold,316556,1884,1883,3036,1850,1,0.007624068
Cold,290854,1736,1735,3036,1850,0,-0.0063907336
Cold,274739,1661,1660,3036,1850,1,-0.007618036
Cold,289148,1727,1726,3036,1850,1,-0.0019934373
Cold,275997,1671,1670,3036,1850,1,0.0010325451
Cold,278541,1680,1679,3036,1850,1,0.013559629
Cold,268742,1632,1631,3036,1850,0,0.0066215093
Cold,242564,1465,1464,3036,1850,0,0.0037729153
Cold,224609,1358,1357,3036,1850,0,-0.0022211275
Cold,221038,1340,1339,3036,1850,0,0.005859002
Cold,218504,1325,1324,3036,1850,1,0.008845878
Cold,262078,1600,1599,3036,1850,0,-0.010029732
Cold,217662,1321,1320,3036,1850,0,0.0069496483
Cold,214615,1303,1302,3036,1850,1,-0.0032097595
Cold,236662,1437,1436,3036,1850,1,0.0008647172
Cold,189670,1176,1175,3036,1850,1,0.013321234
Cold,194657,1202,1201,3036,1850,0,-0.0006214576
Cold,168811,1071,1070,3036,1850,1,0.014192566
Cold,157690,1015,1014,3036,1850,0,0.0018298526
Cold,152659,983,982,3036,1850,1,-0.012314314
Cold,839139,5046,5045,3036,1850,1,0.0069934297
Cold,151452,975,974,3036,1850,0,0.0102173025
Cold,143792,928,927,3036,1850,0,0.0055490565
Cold,156482,1010,1009,3036,1850,0,-0.004040477
Cold,199228,1224,1223,3036,1850,1,0.014628251
Cold,130950,850,849,3036,1850,0,-0.0047612777
Cold,127615,824,823,3036,1850,0,0.0029083034
Cold,115243,749,748,3036,1850,0,-0.008632104
Cold,118213,765,764,3036,1850,0,0.005179722
Cold,98541,660,659,3036,1850,0,-0.005182542
Cold,96863,651,650,3036,1850,1,0.006600216
Cold,94807,637,636,3036,1850,0,0.0017628236
Cold,94081,631,630,3036,1850,1,0.003375423
Cold,92101,613,612,3036,1850,0,-0.0009250855
Cold,240915,1451,1450,3036,1850,1,0.0005234962
Cold,151158,973,972,3036,1850,0,0.0072482675
Cold,283816,1698,1697,3036,1850,0,-0.0003849467
Cold,190315,1181,1180,3036,1850,0,-0.002652713
Cold,170733,1087,1086,3036,1850,0,-0.004319275
Cold,76960,523,522,3036,1850,0,0.0053197085
Cold,73593,499,498,3036,1850,0,0.0015566405
Cold,259916,1590,1589,3036,1850,0,0.00460245
Cold,71724,482,481,3036,1850,1,0.0030747699
Cold,53433,352,351,3036,1850,1,0.0021167216
Cold,51077,337,336,3036,1850,1,0.0064900885
Cold,50823,335,334,3036,1850,0,-0.004020187
Cold,49136,329,328,3036,1850,0,0.001958332
Cold,34571,235,234,3036,1850,0,0.0068399175
Cold,36205,245,244,3036,1850,0,0.009972658
Cold,25143,177,176,3036,1850,1,0.0042935936
Cold,21413,157,156,3036,1850,1,0.011409984
Cold,14338,117,116,3036,1850,0,0.005114114
Cold,1389,13,12,3036,1850,0,0.00034802372
Cold,233842,1422,1421,3036,1850,0,0.014283831
Cold,686397,4107,4106,3036,1850,1,-0.00090106204
Cold,432510,2638,2637,3036,1850,0,0.0011941465
Cold,385945,2258,2257,3036,1850,0,0.004102264
Cold,288391,1723,1722,3036,1850,0,0.0004746099
Cold,621862,3768,3767,3036,1850,0,0.014144376
Cold,327509,1941,1940,3036,1850,0,0.008661924
Cold,958735,5787,5786,3036,1850,1,0.0001443848
Cold,229525,1390,1389,3036,1850,0,0.0063021155
Cold,24188,173,172,3036,1850,0,-0.0032777875
Cold,657361,3963,3962,3036,1850,1,0.0002422987
Cold,587634,3589,3588,3036,1850,0,0.009055581
Cold,62489,424,423,3036,1850,1,0.011623351
Cold,216753,1317,1316,3036,1850,1,0.001761239
Cold,763742,4543,4542,3036,1850,1,0.0063688722
Cold,184793,1150,1149,3038,1852,0,0.00087487476
Cold,318862,1896,1895,3038,1852,1,-0.008755319
Cold,134951,873,872,3038,1852,1,-0.008569774
Cold,267088,1624,1623,3038,1852,1,-0.0017210783
Cold,48761,327,326,3038,1852,1,-0.0037028189
Cold,66948,451,450,3038,1852,1,-0.007797391
Cold,46718,314,313,3038,1852,1,0.00019334466
Cold,316559,1884,1883,3038,1852,1,0.00041956943
Cold,192640,1186,1185,3038,1852,1,-0.005004121
Cold,523800,3229,3228,3038,1852,0,-0.0002020374
Cold,357193,2092,2091,3038,1852,1,0.0017050732
Cold,322022,1912,1911,3038,1852,0,-0.0022716718
Cold,293533,1748,1747,3038,1852,1,-0.00811769
Cold,24189,173,172,3038,1852,1,0.00045231497
Cold,351348,2063,2062,3041,1855,0,0.0036465977
Cold,82695,549,548,3041,1855,0,-0.0035148645
Cold,77149,524,523,3041,1855,0,-0.0036459195
Cold,70350,475,474,3041,1855,0,-0.005621588
Cold,31784,216,215,3041,1855,0,0.0043978025
Cold,239629,1449,1448,3041,1855,0,-0.0005475264
Cold,25072,176,175,3041,1855,0,-2.3087487e-05
Cold,238542,1448,1447,3041,1855,0,-0.0026772881
Cold,269677,1635,1634,3041,1855,0,-0.0070308778
Cold,432515,2638,2637,3041,1855,0,-0.0099443905
Cold,828521,4979,4978,3041,1855,0,-0.0016891554
Cold,495116,3038,3037,3041,1855,0,0.0051494306
Cold,699550,4186,4185,3041,1855,0,-0.011558233
Cold,954178,5761,5760,3042,1856,0,-0.003516587
Cold,828522,4979,4978,3042,1856,0,0.009504821
Cold,719879,4312,4311,3042,1856,0,-0.0009282655
Cold,549694,3391,3390,3042,1856,0,0.0100213755
Cold,327542,1941,1940,3042,1856,0,0.014394813
Cold,446685,2753,2752,3045,1858,0,-0.0017652848
Cold,443678,2737,2736,3045,1858,1,0.0065040626
Cold,416320,2507,2506,3045,1858,0,0.0043540923
Cold,409080,2456,2455,3045,1858,0,0.0017247517
Cold,400220,2383,2382,3045,1858,0,0.005033168
Cold,395746,2340,2339,3045,1858,1,-0.0054487353
Cold,393831,2320,2319,3045,1858,0,-0.002366116
Cold,392675,2305,2304,3045,1858,0,-0.00046513276
Cold,382702,2237,2236,3045,1858,0,0.0011558316
Cold,364543,2124,2123,3045,1858,0,0.009788983
Cold,318597,1894,1893,3045,1858,0,0.0042665917
Cold,287050,1714,1713,3045,1858,0,0.0034931833
Cold,262090,1600,1599,3045,1858,0,-0.0012125643
Cold,259271,1587,1586,3045,1858,0,-0.0017520715
Cold,253848,1544,1543,3045,1858,0,0.0059954445
Cold,357212,2092,2091,3045,1858,0,0.01253465
Cold,335430,1980,1979,3045,1858,0,0.01108201
Cold,276017,1671,1670,3045,1858,0,0.004966908
Cold,278576,1680,1679,3045,1858,1,0.005585665
Cold,184817,1150,1149,3045,1858,0,0.006428811
Cold,201329,1242,1241,3045,1858,0,-0.0009800778
Cold,173479,1100,1099,3045,1858,0,0.0069278013
Cold,262961,1605,1604,3045,1858,1,0.004321857
Cold,168208,1069,1068,3045,1858,0,0.006440268
Cold,327545,1941,1940,3045,1858,1,0.0052063335
Cold,334417,1974,1973,3045,1858,0,0.0043637543
Cold,272002,1645,1644,3045,1858,1,-0.0030523054
Cold,324278,1922,1921,3045,1858,1,0.0059103165
Cold,130964,850,849,3045,1858,0,-0.0032617284
Cold,159772,1019,1018,3045,1858,0,0.012699146
Cold,115814,752,751,3045,1858,1,0.007984862
Cold,100721,673,672,3045,1858,1,0.0009537183
Cold,97674,655,654,3045,1858,1,0.00968733
Cold,86446,566,565,3045,1858,0,0.0045169657
Cold,82699,549,548,3045,1858,0,-0.006152215
Cold,83840,550,549,3045,1858,0,0.0030453885
Cold,53457,352,351,3045,1858,0,0.008665378
Cold,132237,855,854,3045,1858,0,-0.004089675
Cold,45159,305,304,3045,1858,1,0.0024159574
Cold,238546,1448,1447,3045,1858,1,0.0008828689
Cold,695756,4169,4168,3045,1858,1,0.015453178
Cold,26265,187,186,3045,1858,1,0.004150727
Cold,10599,76,75,3045,1858,1,0.003380829
Cold,49163,329,328,3045,1858,0,0.0020367
Cold,7503,53,52,3045,1858,1,-0.0061958963
Cold,6271,45,44,3045,1858,0,-0.0041169804
Cold,347842,2041,2040,3045,1858,0,0.006251401
Cold,157720,1015,1014,3045,1858,0,-0.0040506762
Cold,892782,5394,5393,3045,1858,0,0.0016980486
Cold,828524,4979,4978,3045,1858,0,-0.0026073745
Cold,101905,678,677,3045,1858,1,0.010360837
Cold,201923,1243,1242,3045,1858,0,0.012072078
Cold,195195,1203,1202,3045,1858,0,0.004724498
Cold,878866,5312,5311,3045,1858,1,0.009290779
Cold,992854,5998,5997,3045,1858,0,0.005622441
Cold,388017,2271,2270,3045,1858,0,0.0089137545
Cold,285120,1701,1700,3045,1858,1,0.004850022
Cold,857789,5156,5155,3045,1858,1,0.00036703038
Cold,202291,1244,1243,3046,1859,0,0.002942942
Cold,225972,1369,1368,3046,1859,1,-0.0050743734
Cold,161259,1029,1028,3046,1859,1,-0.004481657
Cold,151461,975,974,3046,1859,1,-0.0006188983
Cold,184820,1150,1149,3046,1859,0,-0.0065262616
Cold,137719,889,888,3046,1859,0,-0.0070116436
Cold,407131,2446,2445,3046,1859,1,0.0009805846
Cold,124404,801,800,3046,1859,1,0.0038744877
Cold,123666,797,796,3046,1859,1,0.00318394
Cold,111480,726,725,3046,1859,1,-0.0052560046
Cold,112234,731,730,3046,1859,1,-0.0004563874
Cold,228746,1386,1385,3046,1859,1,-0.004467694
Cold,87173,570,569,3046,1859,0,-0.010984036
Cold,319118,1897,1896,3046,1859,0,0.0038633116
Cold,74562,509,508,3046,1859,0,0.009362517
Cold,41411,281,280,3046,1859,0,0.0047101523
Cold,31469,214,213,3046,1859,1,0.010490404
Cold,17406,136,135,3046,1859,0,0.003217047
Cold,393,5,4,3046,1859,0,-0.0066119614
Cold,49166,329,328,3046,1859,0,0.005922022
Cold,753206,4489,4488,3046,1859,1,-0.0005980189
Cold,859995,5172,5171,3046,1859,1,-0.006124742
Cold,497053,3054,3053,3046,1859,0,-0.00091568957
Cold,329105,1943,1942,3046,1859,0,0.0021578104
Cold,195197,1203,1202,3046,1859,1,-0.009611658
Cold,272004,1645,1644,3048,1860,1,0.0022192602
Cold,233868,1422,1421,3048,1860,0,-0.0012060995
Cold,79973,533,532,3048,1860,0,-0.0067374944
Cold,62523,424,423,3048,1860,0,0.0030422728
Cold,36233,245,244,3048,1860,0,-0.011386499
Cold,31795,216,215,3048,1860,0,-0.00073444983
Cold,269679,1635,1634,3048,1860,0,4.7314912e-05
Cold,65905,442,441,3048,1860,1,-0.012638088
Cold,101909,678,677,3048,1860,0,-0.010659768
Cold,335435,1980,1979,3048,1860,0,-0.0024107767
Cold,699552,4186,4185,3048,1860,0,0.0009858033
Cold,639847,3847,3846,3051,1861,0,0.0046734065
Cold,634613,3829,3828,3051,1861,0,0.0026737526
Cold,597846,3639,3638,3051,1861,0,0.0060311863
Cold,593330,3618,3617,3051,1861,0,0.0028996388
Cold,592803,3614,3613,3051,1861,0,0.007964873
Cold,575094,3519,3518,3051,1861,0,0.010475072
Cold,541191,3329,3328,3051,1861,0,0.0028996167
Cold,522166,3224,3223,3051,1861,1,0.005015031
Cold,574589,3518,3517,3051,1861,1,0.007407479
Cold,462463,2854,2853,3051,1861,0,0.0014365163
Cold,456313,2810,2809,3051,1861,0,0.005645221
Cold,455052,2801,2800,3051,1861,0,9.611435e-05
Cold,432416,2637,2636,3051,1861,1,0.0026641523
Cold,431789,2630,2629,3051,1861,1,0.009096691
Cold,413130,2485,2484,3051,1861,0,0.0032793267
Cold,466600,2878,2877,3051,1861,1,0.009144563
Cold,404358,2419,2418,3051,1861,0,0.009642991
Cold,380107,2223,2222,3051,1861,0,0.0056453217
Cold,376681,2199,2198,3051,1861,0,0.0038918182
Cold,365645,2129,2128,3051,1861,0,0.004815666
Cold,349199,2050,2049,3051,1861,0,0.0033172923
Cold,345594,2027,2026,3051,1861,1,-0.0008112237
Cold,332461,1962,1961,3051,1861,0,0.0021197482
Cold,332958,1963,1962,3051,1861,1,0.0012973829
Cold,299418,1778,1777,3051,1861,0,0.0042610737
Cold,298504,1770,1769,3051,1861,0,0.015659977
Cold,278591,1680,1679,3051,1861,0,0.014818713
Cold,278322,1679,1678,3051,1861,0,0.00868468
Cold,277385,1676,1675,3051,1861,0,0.0064570876
Cold,267409,1625,1624,3051,1861,0,0.0042989897
Cold,264316,1608,1607,3051,1861,0,0.0032234658
Cold,256224,1563,1562,3051,1861,0,0.008439676
Cold,631319,3821,3820,3051,1861,0,0.008554652
Cold,236584,1436,1435,3051,1861,1,0.0008813308
Cold,240943,1451,1450,3051,1861,1,0.009560072
Cold,225529,1366,1365,3051,1861,0,0.0040282253
Cold,224838,1359,1358,3051,1861,1,0.006404509
Cold,209329,1279,1278,3051,1861,0,-0.0017776212
Cold,189230,1173,1172,3051,1861,0,0.0024746854
Cold,186452,1153,1152,3051,1861,1,-0.005513913
Cold,183046,1141,1140,3051,1861,0,0.0056777988
Cold,191749,1182,1181,3051,1861,0,0.00034678087
Cold,175136,1110,1109,3051,1861,1,-0.009408615
Cold,169068,1073,1072,3051,1861,0,0.0030418318
Cold,485492,2988,2987,3051,1861,0,0.007770448
Cold,175300,1112,1111,3051,1861,0,0.011044805
Cold,270374,1636,1635,3051,1861,0,0.0049611297
Cold,160814,1022,1021,3051,1861,0,0.00064477464
Cold,155207,1001,1000,3051,1861,0,0.0155448085
Cold,246162,1489,1488,3051,1861,0,0.0079493
Cold,151469,975,974,3051,1861,0,0.006961506
Cold,150381,970,969,3051,1861,0,0.007072045
Cold,146329,941,940,3051,1861,0,0.0030487296
Cold,128896,838,837,3051,1861,1,0.0076687722
Cold,181839,1137,1136,3051,1861,0,0.0036041206
Cold,127994,828,827,3051,1861,0,0.0019035628
Cold,115824,752,751,3051,1861,0,0.0073866425
Cold,216362,1314,1313,3051,1861,0,0.0014073544
Cold,105839,699,698,3051,1861,0,0.009923022
Cold,114200,743,742,3051,1861,0,0.0067384783
Cold,98228,657,656,3051,1861,0,0.0023999438
Cold,64136,429,428,3051,1861,0,0.004816558
Cold,44261,302,301,3051,1861,0,0.016553843
Cold,659031,3971,3970,3051,1861,1,0.013660677
Cold,113680,737,736,3051,1861,0,0.009298263
Cold,30189,203,202,3051,1861,0,0.0068580247
Cold,29392,200,199,3051,1861,1,0.0097396625
Cold,291110,1737,1736,3051,1861,0,0.013938133
Cold,16922,133,132,3051,1861,0,-0.003601895
Cold,422,5,4,3051,1861,0,0.008771207
Cold,223290,1354,1353,3051,1861,1,0.008270498
Cold,6649,48,47,3051,1861,0,0.0066629425
Cold,238557,1448,1447,3051,1861,0,0.0002957862
Cold,79093,531,530,3051,1861,0,-0.00075848866
Cold,15400,123,122,3051,1861,1,0.0061850417
Cold,888509,5367,5366,3051,1861,0,-0.00063148024
Cold,331286,1958,1957,3051,1861,0,0.005907565
Cold,537714,3312,3311,3051,1861,1,-0.0014151009
Cold,365434,2127,2126,3051,1861,0,-0.0011491508
Cold,797278,4781,4780,3051,1861,0,0.0049228594
Cold,88283,583,582,3051,1861,1,0.007436901
Cold,695775,4169,4168,3051,1861,0,0.010043218
Cold,360449,2106,2105,3051,1861,0,0.00095666177
Cold,99796,667,666,3051,1861,1,0.00051655446
Cold,882792,5333,5332,3051,1861,0,0.011509818
Cold,561437,3454,3453,3051,1861,1,0.0006365291
Cold,599016,3648,3647,3051,1861,0,0.007276074
Cold,187480,1164,1163,3051,1861,0,0.0002316141
Cold,461978,2849,2848,3051,1861,0,0.0017336083
Cold,484783,2986,2985,3051,1861,0,0.011420827
Cold,476221,2926,2925,3051,1861,0,-0.00610136
Cold,322053,1912,1911,3051,1861,0,0.0026475496
Cold,768576,4579,4578,3051,1861,0,0.0103932535
Cold,434892,2655,2654,3051,1861,0,0.00050448114
Cold,206240,1265,1264,3051,1861,0,-0.0010978864
Cold,171234,1088,1087,3051,1861,1,0.004896411
Cold,534931,3301,3300,3051,1861,0,-0.0007824012
Cold,234711,1425,1424,3051,1861,1,0.009246025
Cold,262976,1605,1604,3051,1861,0,0.0014682123
Cold,877370,5302,5301,3051,1861,0,-0.00022200658
Cold,974200,5878,5877,3051,1861,1,0.00013038842
Cold,588325,3590,3589,3054,1864,0,-0.008190843
Cold,585510,3576,3575,3054,1864,0,-0.006058464
Cold,758335,4510,4509,3054,1864,1,-0.006951536
Cold,573404,3512,3511,3054,1864,0,-0.012092281
Cold,552054,3401,3400,3054,1864,0,-0.0011936557
Cold,551592,3399,3398,3054,1864,0,0.002636978
Cold,487546,2999,2998,3054,1864,0,-0.01119947
Cold,469162,2889,2888,3054,1864,0,-0.0019554135
Cold,486877,2996,2995,3054,1864,0,-0.0062580705
Cold,445496,2748,2747,3054,1864,0,-0.006440479
Cold,429985,2621,2620,3054,1864,0,0.0048190267
Cold,409471,2457,2456,3054,1864,0,-0.002649644
Cold,418430,2529,2528,3054,1864,0,-0.0059861415
Cold,383576,2242,2241,3054,1864,1,-0.0045919907
Cold,373314,2180,2179,3054,1864,0,-0.0063669835
Cold,353900,2073,2072,3054,1864,0,0.0041390457
Cold,345755,2029,2028,3054,1864,0,-0.0040473947
Cold,341389,2012,2011,3054,1864,1,-0.0068753134
Cold,310405,1850,1849,3054,1864,0,-0.0077169742
Cold,281505,1688,1687,3054,1864,0,-0.002310683
Cold,276623,1673,1672,3054,1864,1,-0.008788483
Cold,277388,1676,1675,3054,1864,0,0.0015634293
Cold,269686,1635,1634,3054,1864,0,-0.007076257
Cold,247278,1495,1494,3054,1864,0,-0.008881873
Cold,216167,1312,1311,3054,1864,1,-0.007370706
Cold,591710,3610,3609,3054,1864,0,0.0048149195
Cold,250294,1509,1508,3054,1864,0,0.0002870235
Cold,293084,1746,1745,3054,1864,0,-0.0058341804
Cold,327564,1941,1940,3054,1864,0,0.002271818
Cold,331288,1958,1957,3054,1864,0,0.0078082643
Cold,177880,1120,1119,3054,1864,0,-0.004962622
Cold,225978,1369,1368,3054,1864,0,-0.008521756
Cold,221997,1343,1342,3054,1864,0,-0.010623853
Cold,380108,2223,2222,3054,1864,0,-0.0049413284
Cold,133755,866,865,3054,1864,0,-0.0066634854
Cold,133997,869,868,3054,1864,0,-0.008011573
Cold,125405,807,806,3054,1864,0,-0.0069052214
Cold,124159,800,799,3054,1864,1,-0.015496795
Cold,120967,780,779,3054,1864,0,-0.00076424703
Cold,139110,890,889,3054,1864,1,-0.0031625214
Cold,126250,816,815,3054,1864,0,0.005945793
Cold,107137,705,704,3054,1864,0,-0.0031426372
Cold,102922,681,680,3054,1864,0,-0.00059073383
Cold,100031,669,668,3054,1864,1,-0.005740124
Cold,94824,637,636,3054,1864,0,-2.278667e-05
Cold,87175,570,569,3054,1864,0,-0.0013258085
Cold,86012,563,562,3054,1864,0,-0.0033582824
Cold,75234,510,509,3054,1864,1,0.0040508695
Cold,86452,566,565,3054,1864,0,-0.005763323
Cold,72746,490,489,3054,1864,0,-0.0027387135
Cold,73220,495,494,3054,1864,0,0.006716254
Cold,64522,431,430,3054,1864,0,-0.0073645404
Cold,46389,310,309,3054,1864,0,-0.0025739803
Cold,41673,284,283,3054,1864,0,-0.0051816776
Cold,55494,368,367,3054,1864,0,-0.0034988266
Cold,291112,1737,1736,3054,1864,0,-0.004354352
Cold,26115,186,185,3054,1864,0,0.011332784
Cold,14372,117,116,3054,1864,0,-0.007239423
Cold,12246,93,92,3054,1864,0,-0.0018635094
Cold,10460,75,74,3054,1864,0,-0.0028000278
Cold,233872,1422,1421,3054,1864,0,-0.0012290301
Cold,354676,2077,2076,3054,1864,0,-0.009984806
Cold,18581,146,145,3054,1864,0,-0.0058635967
Cold,56022,372,371,3054,1864,1,-0.013088002
Cold,358183,2097,2096,3054,1864,0,0.0012728432
Cold,286387,1710,1709,3054,1864,0,-0.003928772
Cold,934582,5643,5642,3054,1864,0,-0.0014686096
Cold,264912,1611,1610,3054,1864,0,-0.0038247472
Cold,101918,678,677,3054,1864,1,0.001293222
Cold,351365,2063,2062,3054,1864,0,-0.018894466
Cold,335130,1978,1977,3054,1864,0,0.0033511159
Cold,907557,5492,5491,3054,1864,0,-0.00520963
Cold,27915,195,194,3054,1864,1,-0.009849159
Cold,795434,4765,4764,3054,1864,0,-0.00071867136
Cold,136252,881,880,3054,1864,0,-0.005088901
Cold,342168,2015,2014,3054,1864,0,-0.008213993
Cold,631321,3821,3820,3055,1865,0,-0.0027439818
Cold,115827,752,751,3055,1865,1,-0.0048830723
Cold,712692,4277,4276,3055,1865,1,-0.0008418454
Cold,155209,1001,1000,3055,1865,1,-0.003222642
Cold,39747,270,269,3055,1865,1,-0.0029147961
Cold,33338,225,224,3055,1865,0,0.006172045
Cold,19824,149,148,3055,1865,1,-0.00024652644
Cold,289943,1733,1732,3055,1865,0,0.0067334045
Cold,206634,1266,1265,3055,1865,0,0.0038588578
Cold,157741,1015,1014,3055,1865,1,0.009649048
Cold,181842,1137,1136,3055,1865,1,0.0047886716
Cold,249752,1505,1504,3055,1865,1,-0.0030512433
Cold,522169,3224,3223,3055,1865,1,-0.0023087081
Cold,384431,2246,2245,3055,1865,0,0.004206613
Cold,254823,1551,1550,3055,1865,1,0.002241042
Cold,595664,3624,3623,3055,1865,1,0.0047936672
Cold,49957,331,330,3055,1865,1,0.0011713014
Cold,240946,1451,1450,3055,1865,1,-0.0027639729
Cold,234713,1425,1424,3055,1865,1,0.00081453694
Cold,187481,1164,1163,3055,1865,0,0.008991223
Cold,324843,1925,1924,3055,1865,1,-0.006134326
Cold,549711,3391,3390,3055,1865,1,0.00035892916
Cold,536814,3311,3310,3063,1869,0,-0.00575468
Cold,506533,3118,3117,3063,1869,0,0.0033949066
Cold,549736,3391,3390,3063,1869,0,-0.0006372154
Cold,493781,3032,3031,3063,1869,0,0.0046229064
Cold,628500,3807,3806,3063,1869,0,0.0006642727
Cold,490562,3018,3017,3063,1869,0,0.009461695
Cold,487792,3001,3000,3063,1869,1,0.0022628787
Cold,480700,2951,2950,3063,1869,1,0.003940724
Cold,479981,2946,2945,3063,1869,0,0.009261462
Cold,470296,2896,2895,3063,1869,0,0.0053153317
Cold,879774,5317,5316,3063,1869,1,0.009057822
Cold,463034,2857,2856,3063,1869,0,0.003710817
Cold,457646,2820,2819,3063,1869,0,0.0026751594
Cold,450545,2777,2776,3063,1869,0,-0.00018097332
Cold,443696,2737,2736,3063,1869,0,0.009819795
Cold,564149,3471,3470,3063,1869,0,-0.002411198
Cold,429992,2621,2620,3063,1869,0,-0.0023689985
Cold,420152,2540,2539,3063,1869,0,-0.00011846516
Cold,398922,2376,2375,3063,1869,0,0.00021996372
Cold,386934,2263,2262,3063,1869,1,0.0035455315
Cold,373127,2179,2178,3063,1869,0,0.0008470344
Cold,368259,2153,2152,3063,1869,0,-0.0044254065
Cold,360465,2106,2105,3063,1869,0,-0.0024844897
Cold,362698,2116,2115,3063,1869,0,0.008511033
Cold,364558,2124,2123,3063,1869,1,0.0058453027
Cold,351389,2063,2062,3063,1869,0,-0.0009338309
Cold,371532,2172,2171,3063,1869,0,0.0055977204
Cold,339374,1999,1998,3063,1869,0,0.004030805
Cold,359890,2105,2104,3063,1869,0,-0.001148635
Cold,301173,1790,1789,3063,1869,1,0.0061306385
Cold,295936,1757,1756,3063,1869,0,0.002768585
Cold,274284,1658,1657,3063,1869,1,-0.0010461288
Cold,332470,1962,1961,3063,1869,1,0.010324633
Cold,231566,1404,1403,3063,1869,0,0.006444644
Cold,210576,1285,1284,3063,1869,0,-0.0018071206
Cold,277407,1676,1675,3063,1869,0,-0.007077011
Cold,209962,1284,1283,3063,1869,0,0.011838983
Cold,278627,1680,1679,3063,1869,1,0.00062848255
Cold,184865,1150,1149,3063,1869,0,0.0045740623
Cold,174442,1102,1101,3063,1869,1,0.00018229568
Cold,179409,1125,1124,3063,1869,1,0.0073739956
Cold,183861,1146,1145,3063,1869,0,0.0051274635
Cold,270716,1639,1638,3063,1869,1,0.00055975246
Cold,156527,1010,1009,3063,1869,0,0.0121864155
Cold,114697,746,745,3063,1869,0,0.002529065
Cold,111250,724,723,3063,1869,0,-0.0004888673
Cold,176706,1117,1116,3063,1869,0,0.0012467448
Cold,110571,721,720,3063,1869,1,0.0031558732
Cold,304655,1812,1811,3063,1869,1,0.0072528343
Cold,90540,601,600,3063,1869,0,0.004526605
Cold,82740,549,548,3063,1869,0,0.002501621
Cold,115848,752,751,3063,1869,0,0.012390602
Cold,70062,474,473,3063,1869,0,0.001987282
Cold,64782,435,434,3063,1869,0,-0.005602268
Cold,132258,855,854,3063,1869,0,-0.0037903143
Cold,337940,1988,1987,3063,1869,0,-0.0043738782
Cold,238582,1448,1447,3063,1869,0,-0.0007713004
Cold,12254,93,92,3063,1869,0,0.0015835064
Cold,276038,1671,1670,3063,1869,1,0.007589043
Cold,7541,53,52,3063,1869,1,-0.0027532016
Cold,3561,26,25,3063,1869,0,0.0059261406
Cold,107677,710,709,3063,1869,0,0.0056970594
Cold,686413,4107,4106,3063,1869,0,0.0024051731
Cold,626497,3792,3791,3063,1869,0,0.0011326149
Cold,140611,904,903,3063,1869,0,0.0071454644
Cold,150397,970,969,3063,1869,0,0.0053762407
Cold,777622,4647,4646,3063,1869,0,0.01500555
Cold,264923,1611,1610,3063,1869,0,0.0028172098
Cold,963853,5812,5811,3063,1869,0,0.008185593
Cold,79110,531,530,3063,1869,0,-0.0032894532
Cold,45802,308,307,3063,1869,0,0.007897528
Cold,923848,5580,5579,3063,1869,0,0.0015223436
Cold,907559,5492,5491,3063,1869,0,0.0013978074
Cold,454480,2796,2795,3063,1869,0,-0.009724629
Cold,195216,1203,1202,3063,1869,0,0.0031256068
Cold,331302,1958,1957,3063,1869,0,0.012463021
Cold,892800,5394,5393,3063,1869,0,0.015405517
Cold,750174,4477,4476,3063,1869,0,0.0060623772
Cold,860011,5172,5171,3063,1869,0,0.0029767146
Cold,667255,4016,4015,3066,1870,0,-0.007628651
Cold,665644,4007,4006,3066,1870,0,0.0030978853
Cold,657869,3965,3964,3066,1870,1,-0.0061918003
Cold,655599,3949,3948,3066,1870,1,-0.005315926
Cold,651794,3930,3929,3066,1870,1,0.0043618125
Cold,648924,3910,3909,3066,1870,1,-0.0008049947
Cold,648525,3906,3905,3066,1870,1,-0.009851884
Cold,646533,3892,3891,3066,1870,1,-0.0078315195
Cold,643525,3878,3877,3066,1870,1,-0.004085664
Cold,641999,3860,3859,3066,1870,1,-0.0152264
Cold,633876,3825,3824,3066,1870,0,-0.0007839105
Cold,637733,3841,3840,3066,1870,1,-0.0039711758
Cold,618821,3751,3750,3066,1870,0,-0.008182952
Cold,603975,3675,3674,3066,1870,1,-0.0007020104
Cold,744688,4448,4447,3066,1870,1,-0.0042786035
Cold,693790,4156,4155,3066,1870,1,-0.0045133145
Cold,596300,3626,3625,3066,1870,1,-0.008037411
Cold,587676,3589,3588,3066,1870,0,-0.010834489
Cold,585528,3576,3575,3066,1870,1,-0.010435171
Cold,569693,3493,3492,3066,1870,1,-0.00032400695
Cold,712714,4277,4276,3066,1870,0,0.005936098
Cold,563589,3469,3468,3066,1870,1,-0.003948528
Cold,561141,3453,3452,3066,1870,0,-0.013847912
Cold,553721,3410,3409,3066,1870,0,-0.0021959965
Cold,548284,3383,3382,3066,1870,1,0.0056940652
Cold,527829,3263,3262,3066,1870,1,0.007342738
Cold,524157,3231,3230,3066,1870,1,-0.00415116
Cold,566015,3476,3475,3066,1870,1,-0.0034709245
Cold,505533,3110,3109,3066,1870,1,-0.009947674
Cold,738046,4411,4410,3066,1870,1,-0.0033760765
Cold,529437,3272,3271,3066,1870,1,-0.011923156
Cold,479984,2946,2945,3066,1870,1,-0.0072841514
Cold,479156,2941,2940,3066,1870,1,-0.0060649645
Cold,477853,2934,2933,3066,1870,0,-0.00062196434
Cold,695805,4169,4168,3066,1870,0,-0.005187073
Cold,473207,2909,2908,3066,1870,1,0.0041957167
Cold,463039,2857,2856,3066,1870,0,-0.0009954874
Cold,439550,2685,2684,3066,1870,1,-4.337402e-05
Cold,436151,2665,2664,3066,1870,1,0.0024359287
Cold,437362,2670,2669,3066,1870,1,-0.002145023
Cold,430678,2625,2624,3066,1870,1,-0.004328207
Cold,645083,3885,3884,3066,1870,0,-0.008062469
Cold,428219,2605,2604,3066,1870,0,-0.0037346496
Cold,427200,2593,2592,3066,1870,1,-0.003754159
Cold,423650,2567,2566,3066,1870,1,-0.0032135986
Cold,426800,2592,2591,3066,1870,1,-0.0026450227
Cold,425601,2583,2582,3066,1870,0,-0.009772809
Cold,415204,2500,2499,3066,1870,1,-0.0073442375
Cold,412658,2484,2483,3066,1870,0,-0.0016768959
Cold,402162,2402,2401,3066,1870,0,-0.00838269
Cold,404373,2419,2418,3066,1870,0,-0.0045400094
Cold,412025,2478,2477,3066,1870,1,-0.0068533025
Cold,395766,2340,2339,3066,1870,1,0.0016402494
Cold,414431,2496,2495,3066,1870,1,-0.011926835
Cold,391915,2304,2303,3066,1870,0,-0.014355218
Cold,389735,2287,2286,3066,1870,1,-0.0061125215
Cold,393503,2316,2315,3066,1870,1,-0.009884963
Cold,388028,2271,2270,3066,1870,1,-0.003541941
Cold,378642,2211,2210,3066,1870,1,0.0034425522
Cold,376893,2201,2200,3066,1870,1,0.0014483097
Cold,377091,2203,2202,3066,1870,1,-0.0074120397
Cold,368154,2151,2150,3066,1870,0,0.0029089404
Cold,350082,2055,2054,3066,1870,1,-0.003691071
Cold,357241,2092,2091,3066,1870,1,-0.0067925584
Cold,343502,2018,2017,3066,1870,1,-0.00887797
Cold,380698,2225,2224,3066,1870,0,-0.009727025
Cold,312200,1861,1860,3066,1870,0,-0.0075977333
Cold,280704,1685,1684,3066,1870,1,-0.00088082114
Cold,275383,1667,1666,3066,1870,1,-0.004339435
Cold,293574,1748,1747,3066,1870,1,-0.0057389312
Cold,363715,2119,2118,3066,1870,0,-0.0061756037
Cold,300165,1780,1779,3066,1870,0,-0.0063468264
Cold,242423,1464,1463,3066,1870,1,-0.005343753
Cold,231568,1404,1403,3066,1870,1,-0.005649564
Cold,242606,1465,1464,3066,1870,1,-0.0039548445
Cold,230052,1392,1391,3066,1870,1,-0.009654206
Cold,209337,1279,1278,3066,1870,0,-0.0052718613
Cold,198565,1220,1219,3066,1870,0,-0.001632008
Cold,334437,1974,1973,3066,1870,0,-0.00920208
Cold,177444,1119,1118,3066,1870,1,-0.011031218
Cold,229155,1389,1388,3066,1870,1,-0.005559673
Cold,255429,1556,1555,3066,1870,0,-0.0052127903
Cold,270720,1639,1638,3066,1870,1,-0.0045824386
Cold,146818,948,947,3066,1870,1,0.0018954123
Cold,137779,889,888,3066,1870,0,-0.0025740433
Cold,314949,1880,1879,3066,1870,0,-0.005925616
Cold,327608,1941,1940,3066,1870,0,-0.00268968
Cold,113922,739,738,3066,1870,1,-0.00643409
Cold,239677,1449,1448,3066,1870,0,-0.009677037
Cold,177895,1120,1119,3066,1870,1,-0.005126454
Cold,106631,702,701,3066,1870,0,-0.007328459
Cold,96897,651,650,3066,1870,0,-0.006023119
Cold,96089,646,645,3066,1870,1,0.0018618733
Cold,316605,1884,1883,3066,1870,0,-0.006097653
Cold,94833,637,636,3066,1870,1,-0.0070919157
Cold,283871,1698,1697,3066,1870,0,-0.0075689466
Cold,152833,984,983,3066,1870,1,-0.01118496
Cold,190402,1181,1180,3066,1870,0,-0.01290517
Cold,71499,481,480,3066,1870,1,0.0019237779
Cold,66332,444,443,3066,1870,0,-0.010710853
Cold,59706,406,405,3066,1870,1,-0.00077346805
Cold,55229,366,365,3066,1870,1,-0.0033494616
Cold,210582,1285,1284,3066,1870,1,-0.003911986
Cold,52307,344,343,3066,1870,1,-0.00261338
Cold,45806,308,307,3066,1870,1,-0.00826538
Cold,38802,264,263,3066,1870,0,-4.6824833e-05
Cold,98578,660,659,3066,1870,0,-0.006360984
Cold,34083,230,229,3066,1870,0,0.0031739608
Cold,36286,245,244,3066,1870,1,-0.011031298
Cold,8925,60,59,3066,1870,1,0.0070904363
Cold,5635,40,39,3066,1870,0,0.0013023457
Cold,5196,36,35,3066,1870,1,-0.004465107
Cold,1015,10,9,3066,1870,0,-0.0006539731
Cold,626503,3792,3791,3066,1870,1,-0.007604638
Cold,552083,3401,3400,3066,1870,0,0.007738903
Cold,169198,1074,1073,3066,1870,1,-0.0028753583
Cold,571848,3507,3506,3066,1870,1,-0.004186162
Cold,240966,1451,1450,3066,1870,1,-0.0026188325
Cold,204421,1260,1259,3066,1870,1,-0.007454352
Cold,343967,2020,2019,3066,1870,1,-0.0077029066
Cold,152172,979,978,3066,1870,1,-0.0034922445
Cold,632944,3824,3823,3066,1870,1,-0.0085298605
Cold,237615,1447,1446,3066,1870,0,-0.004126873
Cold,117150,755,754,3066,1870,0,-0.0006481458
Cold,806678,4829,4828,3066,1870,1,-0.0069176196
Cold,931388,5626,5625,3066,1870,1,0.0021277103
Cold,51346,338,337,3066,1870,1,-0.00829602
Cold,892805,5394,5393,3066,1870,1,-0.008485218
Cold,9674,65,64,3066,1870,1,-0.011455522
Cold,47277,319,318,3066,1870,0,-0.0029429477
Cold,62569,424,423,3066,1870,1,-0.0017870537
Cold,324854,1925,1924,3066,1870,0,-0.005646052
Cold,141351,911,910,3066,1870,1,-0.0044588195
Cold,825476,4958,4957,3066,1870,1,0.00020458666
Cold,133603,864,863,3075,1877,1,0.001979136
Cold,237630,1447,1446,3075,1877,1,0.012845117
Cold,157792,1015,1014,3075,1877,1,0.010903538
Cold,430919,2627,2626,3075,1877,0,0.003164135
Cold,24257,173,172,3075,1877,1,0.009445681
Cold,289967,1733,1732,3075,1877,1,0.0128309345
Cold,62594,424,423,3075,1877,1,0.0019276468
Cold,319154,1897,1896,3075,1877,0,0.007950068
Cold,322097,1912,1911,3075,1877,0,0.011360518
Cold,217906,1322,1321,3076,1878,1,-0.00609188
Cold,221109,1340,1339,3076,1878,0,-0.010710567
Cold,188527,1170,1169,3076,1878,1,-0.0015011388
Cold,166922,1062,1061,3076,1878,1,-0.0026737088
Cold,146823,948,947,3076,1878,1,-0.0058012716
Cold,143814,928,927,3076,1878,1,-0.0028424324
Cold,137811,889,888,3076,1878,1,-0.0038995212
Cold,134849,872,871,3076,1878,1,0.004107172
Cold,374749,2185,2184,3076,1878,1,-0.0024148538
Cold,314970,1880,1879,3076,1878,1,-0.0024210233
Cold,134966,873,872,3076,1878,0,0.002248068
Cold,112282,731,730,3076,1878,1,-0.01343883
Cold,239709,1449,1448,3076,1878,0,-0.0034821336
Cold,210612,1285,1284,3076,1878,0,-0.0051406394
Cold,152850,984,983,3076,1878,0,-0.0048735254
Cold,83896,550,549,3076,1878,0,0.00012513367
Cold,64729,434,433,3076,1878,0,-0.010243192
Cold,123291,796,795,3076,1878,0,-0.0006807188
Cold,59625,405,404,3076,1878,1,-0.0014819887
Cold,55235,366,365,3076,1878,1,-0.0015144536
Cold,31881,216,215,3076,1878,1,-0.0017921642
Cold,25226,178,177,3076,1878,1,-0.002104164
Cold,6344,45,44,3076,1878,0,-0.00073602004
Cold,60580,411,410,3076,1878,0,-0.0026410343
Cold,76284,518,517,3076,1878,1,-0.0035575791
Cold,48459,326,325,3076,1878,1,-0.0120374225
Cold,141134,910,909,3076,1878,0,-0.00016956485
Cold,841003,5054,5053,3076,1878,1,-0.0063556894
Cold,114202,743,742,3076,1878,0,0.004035378
Cold,208607,1274,1273,3076,1878,1,0.002146008
Cold,319156,1897,1896,3076,1878,1,-0.0041239774
Cold,194696,1202,1201,3076,1878,1,-0.0054432126
Cold,300184,1780,1779,3076,1878,0,-0.0040298738
Cold,384641,2247,2246,3077,1879,1,0.0007901015
Cold,143247,924,923,3077,1879,1,-0.0018264409
Cold,130998,850,849,3077,1879,1,-0.0065611787
Cold,127935,826,825,3077,1879,1,0.0064113624
Cold,96017,645,644,3077,1879,1,-0.0030681363
Cold,82193,546,545,3077,1879,1,0.0003914768
Cold,47308,319,318,3077,1879,1,-0.0024216636
Cold,21942,161,160,3077,1879,1,0.010684022
Cold,26302,187,186,3077,1879,1,-0.0023296138
Cold,123292,796,795,3077,1879,1,0.0053473394
Cold,211995,1291,1290,3077,1879,1,-0.0084580695
Cold,712735,4277,4276,3077,1879,1,-0.0021537086
Cold,783949,4682,4681,3077,1879,1,0.0021399986
Cold,201944,1243,1242,3077,1879,1,0.0010827123
Cold,147886,953,952,3077,1879,1,-0.011099109
Cold,991773,5991,5990,3077,1879,1,-0.0014423251
Cold,310537,1851,1850,3077,1879,0,0.007836449
Cold,208608,1274,1273,3077,1879,1,-0.00672196
Cold,19865,149,148,3077,1879,1,-0.00028354954
Cold,916595,5539,5538,3077,1879,1,-0.00564638
Cold,319157,1897,1896,3077,1879,1,-0.0043215
Cold,457671,2820,2819,3077,1879,1,-0.0069611315
Cold,865872,5222,5221,3077,1879,0,0.006800279
Cold,464028,2860,2859,3077,1879,1,-0.0011683067
Cold,574602,3518,3517,3077,1879,1,0.006457436
Cold,841004,5054,5053,3077,1879,1,-0.0032684668
Cold,839182,5046,5045,3077,1879,1,-0.00094798626
Cold,575126,3519,3518,3077,1879,1,-0.0032267566
Cold,558424,3430,3429,3078,1880,1,-0.0008429055
Cold,550794,3392,3391,3078,1880,0,0.005431979
Cold,683792,4089,4088,3078,1880,0,-0.00047029683
Cold,545449,3364,3363,3078,1880,1,0.01007099
Cold,543805,3350,3349,3078,1880,1,0.004856383
Cold,682190,4085,4084,3078,1880,0,-0.0048214933
Cold,605596,3681,3680,3078,1880,1,-0.008255133
Cold,542691,3339,3338,3078,1880,0,-0.0010464783
Cold,535216,3302,3301,3078,1880,0,0.00019289157
Cold,660805,3985,3984,3078,1880,1,0.0006463295
Cold,549417,3390,3389,3078,1880,1,-0.008044113
Cold,533024,3292,3291,3078,1880,0,-0.0022384445
Cold,527928,3264,3263,3078,1880,0,0.00026637164
Cold,527246,3261,3260,3078,1880,0,0.0013986914
Cold,525544,3246,3245,3078,1880,1,-0.0018762191
Cold,571356,3504,3503,3078,1880,1,0.00094762654
Cold,523810,3229,3228,3078,1880,1,-0.0050146873
Cold,523998,3230,3229,3078,1880,1,-0.000597266
Cold,503371,3093,3092,3078,1880,1,2.9177754e-05
Cold,502664,3086,3085,3078,1880,1,-0.0034756057
Cold,582012,3557,3556,3078,1880,1,-0.006360193
Cold,502450,3084,3083,3078,1880,1,-0.0016977905
Cold,500621,3075,3074,3078,1880,1,-0.0025648437
Cold,712737,4277,4276,3078,1880,1,-0.0055201193
Cold,477662,2933,2932,3078,1880,1,7.511955e-05
Cold,467269,2880,2879,3078,1880,1,0.0019910806
Cold,450578,2777,2776,3078,1880,0,0.006147933
Cold,434798,2654,2653,3078,1880,1,0.0027597176
Cold,426162,2589,2588,3078,1880,1,-0.0015799932
Cold,416376,2507,2506,3078,1880,1,-0.0013644076
Cold,407999,2453,2452,3078,1880,1,-0.0028515656
Cold,316132,1883,1882,3078,1880,1,0.005944482
Cold,306874,1832,1831,3078,1880,1,-0.004001439
Cold,283893,1698,1697,3078,1880,1,-0.00206212
Cold,360486,2106,2105,3078,1880,1,-0.0047668642
Cold,264081,1607,1606,3078,1880,0,0.0061378023
Cold,249444,1503,1502,3078,1880,0,-0.004113541
Cold,210614,1285,1284,3078,1880,0,-0.00704017
Cold,198116,1218,1217,3078,1880,1,0.004470459
Cold,199282,1224,1223,3078,1880,0,0.0048667355
Cold,189246,1173,1172,3078,1880,1,-0.0018767883
Cold,373825,2181,2180,3078,1880,0,-0.0062037734
Cold,184908,1150,1149,3078,1880,0,0.0028783847
Cold,174951,1109,1108,3078,1880,1,-0.012772454
Cold,169758,1078,1077,3078,1880,0,-0.002433395
Cold,168231,1069,1068,3078,1880,0,-0.0012902957
Cold,175328,1112,1111,3078,1880,1,0.000110228546
Cold,219460,1331,1330,3078,1880,0,-0.0031525583
Cold,246181,1489,1488,3078,1880,0,-0.0075519225
Cold,154563,998,997,3078,1880,1,0.00046139816
Cold,139894,897,896,3078,1880,1,-0.012625437
Cold,137813,889,888,3078,1880,0,0.00090685335
Cold,209976,1284,1283,3078,1880,1,-0.00043812627
Cold,125471,808,807,3078,1880,0,0.0018705318
Cold,115873,752,751,3078,1880,0,0.0011489317
Cold,349209,2050,2049,3078,1880,1,0.0030376795
Cold,362724,2116,2115,3078,1880,1,-0.0011886407
Cold,631351,3821,3820,3078,1880,0,0.003567623
Cold,93497,625,624,3078,1880,1,0.0012747459
Cold,801301,4802,4801,3078,1880,1,-0.0018410678
Cold,89530,590,589,3078,1880,1,-0.0007030759
Cold,432054,2634,2633,3078,1880,1,0.000577593
Cold,89130,588,587,3078,1880,1,0.0031913915
Cold,238612,1448,1447,3078,1880,1,0.0035885465
Cold,72883,493,492,3078,1880,1,-0.0015050527
Cold,155220,1001,1000,3078,1880,0,0.0029820532
Cold,53544,352,351,3078,1880,1,0.0019512025
Cold,42712,293,292,3078,1880,1,-0.009683114
Cold,61186,412,411,3078,1880,1,0.0049187667
Cold,37053,250,249,3078,1880,0,-0.009854937
Cold,29434,201,200,3078,1880,1,4.7542853e-06
Cold,33371,225,224,3078,1880,0,-0.003180658
Cold,17441,136,135,3078,1880,0,-0.004652327
Cold,11886,92,91,3078,1880,0,-0.0005746529
Cold,401554,2395,2394,3078,1880,1,-0.0012844184
Cold,7567,53,52,3078,1880,1,0.0021824404
Cold,88715,587,586,3078,1880,0,-0.0054196334
Cold,626526,3792,3791,3078,1880,1,0.0026404161
Cold,111583,727,726,3078,1880,1,-0.0046865502
Cold,797279,4781,4780,3078,1880,1,-0.009175407
Cold,15888,124,123,3078,1880,1,-0.00087741297
Cold,289971,1733,1732,3078,1880,1,-0.0054045785
Cold,567267,3483,3482,3078,1880,0,-0.0054504536
Cold,223316,1354,1353,3078,1880,1,-0.005494848
Cold,820559,4933,4932,3078,1880,0,-0.0001192661
Cold,234745,1425,1424,3078,1880,1,0.005527569
Cold,794604,4753,4752,3078,1880,1,-0.00862485
Cold,206254,1265,1264,3078,1880,1,0.0002886753
Cold,319158,1897,1896,3078,1880,0,-0.0019560275
Cold,215404,1306,1305,3078,1880,1,-0.0061763823
Cold,607623,3688,3687,3078,1880,1,-0.0003926917
Cold,699573,4186,4185,3078,1880,0,0.0012092402
Cold,193446,1194,1193,3078,1880,0,-0.001359392
Cold,171281,1088,1087,3078,1880,1,-0.005179407
Cold,719909,4312,4311,3078,1880,1,0.0027839886
Cold,527247,3261,3260,3079,1881,0,-0.0075269225
Cold,966567,5831,5830,3079,1881,1,0.0019991067
Cold,524930,3241,3240,3079,1881,1,-3.2517477e-05
Cold,524596,3237,3236,3079,1881,1,-9.926269e-05
Cold,521005,3216,3215,3079,1881,0,0.007841336
Cold,712739,4277,4276,3079,1881,0,-0.00701267
Cold,896946,5424,5423,3079,1881,0,-0.0034874491
Cold,516299,3189,3188,3079,1881,0,-0.012292247
Cold,507394,3122,3121,3079,1881,0,0.004916328
Cold,503947,3097,3096,3079,1881,1,0.00028227095
Cold,502451,3084,3083,3079,1881,0,-0.0035186764
Cold,496256,3050,3049,3079,1881,1,-0.003593361
Cold,492508,3029,3028,3079,1881,1,-0.0042036716
Cold,626527,3792,3791,3079,1881,1,0.0021080384
Cold,481628,2962,2961,3079,1881,0,0.0018268351
Cold,871846,5267,5266,3079,1881,1,-0.00084917387
Cold,477872,2934,2933,3079,1881,1,-0.0032623098
Cold,770913,4593,4592,3079,1881,1,-0.0019379153
Cold,983948,5948,5947,3079,1881,1,-0.00603168
Cold,465096,2868,2867,3079,1881,1,-0.003490613
Cold,446304,2752,2751,3079,1881,0,-0.0075857793
Cold,442347,2724,2723,3079,1881,0,0.00044883613
Cold,400256,2383,2382,3079,1881,1,-0.009769724
Cold,377674,2205,2204,3079,1881,0,-0.015776174
Cold,373134,2179,2178,3079,1881,0,-0.004087528
Cold,371964,2173,2172,3079,1881,1,-0.0063648736
Cold,335509,1980,1979,3079,1881,0,-0.015336528
Cold,318603,1894,1893,3079,1881,1,0.005580056
Cold,353926,2073,2072,3079,1881,1,0.00011666445
Cold,325216,1926,1925,3079,1881,1,-0.00911646
Cold,319160,1897,1896,3079,1881,1,-0.000534937
Cold,210615,1285,1284,3079,1881,1,0.006131784
Cold,276056,1671,1670,3079,1881,1,-0.009198914
Cold,209344,1279,1278,3079,1881,1,-0.011240921
Cold,188842,1172,1171,3079,1881,1,-0.013133591
Cold,182669,1140,1139,3079,1881,1,-0.0055042803
Cold,200493,1231,1230,3079,1881,1,0.0061163977
Cold,169759,1078,1077,3079,1881,1,0.0027794375
Cold,168232,1069,1068,3079,1881,1,-0.0033192523
Cold,190445,1181,1180,3079,1881,0,-0.00020431774
Cold,334449,1974,1973,3079,1881,1,-0.010496805
Cold,169498,1077,1076,3079,1881,0,0.0036985723
Cold,146394,943,942,3079,1881,1,-0.008028391
Cold,490040,3015,3014,3079,1881,0,0.0023501376
Cold,137814,889,888,3079,1881,1,-0.0040592193
Cold,107265,706,705,3079,1881,1,-0.010035761
Cold,283894,1698,1697,3079,1881,1,-0.007937307
Cold,89726,591,590,3079,1881,1,-0.008347075
Cold,432055,2634,2633,3079,1881,1,0.007922075
Cold,332065,1959,1958,3079,1881,1,-0.0076942826
Cold,61187,412,411,3079,1881,1,-0.006955846
Cold,155221,1001,1000,3079,1881,1,0.0041394928
Cold,41425,281,280,3079,1881,1,-0.0039822767
Cold,203642,1252,1251,3079,1881,1,-0.015143037
Cold,39762,270,269,3079,1881,1,-0.014208654
Cold,29435,201,200,3079,1881,1,-0.0053613083
Cold,734181,4387,4386,3079,1881,1,0.003953218
Cold,13823,111,110,3079,1881,0,-0.008421481
Cold,263014,1605,1604,3079,1881,0,-0.014901038
Cold,4244,32,31,3079,1881,1,0.0013106847
Cold,290,5,4,3079,1881,0,-0.0010132728
Cold,223318,1354,1353,3079,1881,1,-0.0033006382
Cold,171283,1088,1087,3079,1881,1,0.0032491437
Cold,101971,678,677,3079,1881,1,-0.005723476
Cold,79133,531,530,3079,1881,1,-0.005132651
Cold,337955,1988,1987,3079,1881,0,0.0021845293
Cold,360488,2106,2105,3079,1881,1,0.003814211
Cold,78281,528,527,3079,1881,1,0.0055375304
Cold,27972,195,194,3079,1881,1,-0.001569476
Cold,460553,2841,2840,3079,1881,1,-0.007976949
Cold,949162,5734,5733,3079,1881,1,0.013393993
Cold,682192,4085,4084,3079,1881,1,0.005118412
Cold,240985,1451,1450,3079,1881,1,-0.0041125156
Cold,33102,224,223,3079,1881,1,0.0059549846
Cold,232755,1415,1414,3079,1881,0,-0.010283038
Cold,476232,2926,2925,3079,1881,0,-0.0009846753
Cold,768603,4579,4578,3079,1881,1,-0.0032939576
Cold,60581,411,410,3079,1881,1,0.007118709
Cold,739342,4418,4417,3079,1881,1,-0.00308454
Cold,187495,1164,1163,3079,1881,1,-0.0047141053
Cold,877373,5302,5301,3079,1881,1,0.0024578362
Cold,93199,624,623,3079,1881,1,-0.0061659543
Cold,115874,752,751,3079,1881,0,-0.010887008
Cold,748208,4467,4466,3079,1881,1,0.0054819314
Cold,860020,5172,5171,3079,1881,1,-0.009703197
Cold,327670,1941,1940,3086,1885,1,-0.0018172569
Cold,166315,1059,1058,3086,1885,0,-0.014380274
Cold,162193,1034,1033,3086,1885,0,-0.0076917363
Cold,137839,889,888,3086,1885,0,-0.00945795
Cold,248671,1501,1500,3086,1885,1,-0.005409525
Cold,131006,850,849,3086,1885,0,-0.002523038
Cold,88719,587,586,3086,1885,0,-0.0018882276
Cold,86487,566,565,3086,1885,0,0.0040689115
Cold,80027,533,532,3086,1885,1,-0.008570662
Cold,31899,216,215,3086,1885,1,0.0018700007
Cold,32871,223,222,3086,1885,0,-0.008706086
Cold,234758,1425,1424,3086,1885,1,-0.0055903443
Cold,591760,3610,3609,3086,1885,0,-0.0011995081
Cold,1047,10,9,3086,1885,1,-0.006729677
Cold,129199,839,838,3086,1885,1,-0.0031536594
Cold,901371,5450,5449,3086,1885,1,-0.009679654
Cold,427314,2594,2593,3086,1885,1,-0.0023585842
Cold,489482,3013,3012,3086,1885,0,0.007730051
Cold,992283,5996,5995,3086,1885,1,0.0022176867
Cold,833298,5011,5010,3086,1885,0,-0.011617202
Cold,821541,4940,4939,3086,1885,1,0.0012741382
Cold,656525,3957,3956,3090,1889,1,-0.008465378
Cold,709120,4253,4252,3090,1889,0,-0.008458383
Cold,695885,4169,4168,3090,1889,1,-0.0028546513
Cold,651977,3931,3930,3090,1889,1,0.0007396629
Cold,637793,3841,3840,3090,1889,1,-0.00058220275
Cold,653400,3940,3939,3090,1889,1,-0.007580962
Cold,726358,4345,4344,3090,1889,1,-0.011691256
Cold,725143,4344,4343,3090,1889,1,-0.0062842118
Cold,632990,3824,3823,3090,1889,0,-0.0012534143
Cold,593439,3618,3617,3090,1889,0,-0.009402053
Cold,589582,3596,3595,3090,1889,1,0.0012166817
Cold,939830,5675,5674,3090,1889,1,0.0062223445
Cold,570656,3501,3500,3090,1889,1,-0.001432006
Cold,712766,4277,4276,3090,1889,1,-0.008818483
Cold,566044,3476,3475,3090,1889,1,-0.0010577308
Cold,565131,3474,3473,3090,1889,1,-0.002083167
Cold,610553,3704,3703,3090,1889,1,0.006199142
Cold,560447,3445,3444,3090,1889,1,-0.0004795019
Cold,616049,3729,3728,3090,1889,0,-0.0012045535
Cold,551160,3394,3393,3090,1889,0,0.0029250435
Cold,840395,5049,5048,3090,1889,1,0.007088562
Cold,534613,3300,3299,3090,1889,1,0.00052294566
Cold,503375,3093,3092,3090,1889,1,-0.0017356093
Cold,490595,3018,3017,3090,1889,1,-0.0045638317
Cold,485718,2990,2989,3090,1889,1,-0.0063906494
Cold,482586,2967,2966,3090,1889,1,-0.0031592753
Cold,480794,2952,2951,3090,1889,1,0.0029602896
Cold,879793,5317,5316,3090,1889,1,0.00059330056
Cold,460947,2842,2841,3090,1889,1,0.0031532228
Cold,460560,2841,2840,3090,1889,1,-0.0055868765
Cold,457698,2820,2819,3090,1889,1,-0.0003730954
Cold,455758,2807,2806,3090,1889,1,0.006359104
Cold,448359,2764,2763,3090,1889,1,-0.0063102227
Cold,446311,2752,2751,3090,1889,0,-0.0055234632
Cold,646024,3888,3887,3090,1889,1,-0.0008432297
Cold,437714,2674,2673,3090,1889,1,-0.014276378
Cold,433516,2643,2642,3090,1889,0,-0.006470033
Cold,421468,2546,2545,3090,1889,1,-0.00068563805
Cold,420829,2544,2543,3090,1889,1,-0.003092065
Cold,413382,2486,2485,3090,1889,1,-0.0005435152
Cold,401339,2393,2392,3090,1889,0,0.000119498465
Cold,407160,2446,2445,3090,1889,1,-0.014286098
Cold,393223,2310,2309,3090,1889,1,-0.0050586145
Cold,383883,2243,2242,3090,1889,1,-0.006659719
Cold,381550,2231,2230,3090,1889,0,-0.009679198
Cold,364596,2124,2123,3090,1889,1,-0.0019647775
Cold,358397,2098,2097,3090,1889,0,0.004889937
Cold,299331,1777,1776,3090,1889,1,-0.006594317
Cold,290707,1734,1733,3090,1889,1,0.0024446133
Cold,281990,1692,1691,3090,1889,1,-0.013661051
Cold,292144,1741,1740,3090,1889,1,-0.003606934
Cold,268840,1632,1631,3090,1889,0,-0.006902101
Cold,256635,1569,1568,3090,1889,1,-0.0024739918
Cold,260012,1591,1590,3090,1889,1,-0.0018254983
Cold,631374,3821,3820,3090,1889,1,-0.00093569676
Cold,236018,1430,1429,3090,1889,1,0.0031564704
Cold,232230,1409,1408,3090,1889,1,-0.0080242995
Cold,225056,1361,1360,3090,1889,1,-0.005227446
Cold,335540,1980,1979,3090,1889,1,-0.0056830635
Cold,219726,1333,1332,3090,1889,0,-0.005569605
Cold,208629,1274,1273,3090,1889,1,0.0020322965
Cold,436183,2665,2664,3090,1889,1,-0.011311175
Cold,243722,1470,1469,3090,1889,0,-0.013046739
Cold,189960,1179,1178,3090,1889,1,-0.0040153903
Cold,180173,1128,1127,3090,1889,1,-0.00398836
Cold,346091,2030,2029,3090,1889,1,0.0032963718
Cold,190495,1181,1180,3090,1889,1,-0.0018117311
Cold,163252,1044,1043,3090,1889,1,-0.004022945
Cold,152878,984,983,3090,1889,1,-0.003549519
Cold,227842,1382,1381,3090,1889,1,0.008720305
Cold,146056,939,938,3090,1889,1,0.0023068613
Cold,131009,850,849,3090,1889,1,-0.0069380566
Cold,127647,824,823,3090,1889,1,-0.002178579
Cold,134970,873,872,3090,1889,1,-0.0009161236
Cold,118858,769,768,3090,1889,0,-0.007562178
Cold,210634,1285,1284,3090,1889,1,-0.009386884
Cold,111591,727,726,3090,1889,1,-0.0005318702
Cold,239738,1449,1448,3090,1889,1,-0.008622443
Cold,97493,654,653,3090,1889,0,-0.0027176023
Cold,96917,651,650,3090,1889,1,-0.0033003604
Cold,283921,1698,1697,3090,1889,1,-0.004363262
Cold,169503,1077,1076,3090,1889,1,0.00026734406
Cold,339104,1998,1997,3090,1889,1,-0.0038819863
Cold,84737,551,550,3090,1889,1,-0.011208819
Cold,82807,549,548,3090,1889,1,0.0009488213
Cold,175953,1113,1112,3090,1889,1,-0.00751233
Cold,54793,358,357,3090,1889,1,-0.004762672
Cold,51659,339,338,3090,1889,1,-0.0025357076
Cold,48801,327,326,3090,1889,1,-0.0013755568
Cold,45550,307,306,3090,1889,1,-0.0008993809
Cold,42727,293,292,3090,1889,1,-0.007443276
Cold,35236,238,237,3090,1889,1,-0.0054548774
Cold,33394,225,224,3090,1889,1,-0.0031274532
Cold,245699,1484,1483,3090,1889,1,-0.0041277916
Cold,451698,2781,2780,3090,1889,1,-0.00080006314
Cold,916614,5539,5538,3090,1889,1,-0.0017395933
Cold,289992,1733,1732,3090,1889,1,0.000769865
Cold,101989,678,677,3090,1889,1,0.0056488547
Cold,384649,2247,2246,3090,1889,1,-0.0025477165
Cold,225194,1362,1361,3090,1889,1,-0.001803143
Cold,149494,963,962,3090,1889,1,-0.0077434825
Cold,212002,1291,1290,3090,1889,1,-0.010488851
Cold,286582,1712,1711,3090,1889,0,-0.011551182
Cold,157829,1015,1014,3090,1889,1,7.822167e-05
Cold,943291,5689,5688,3090,1889,1,-0.0061115324
Cold,430933,2627,2626,3090,1889,1,0.0016280892
Cold,416397,2507,2506,3090,1889,1,-0.008752484
Cold,860029,5172,5171,3090,1889,1,-0.004182351
Cold,475398,2918,2917,3090,1889,1,0.0064382567
Cold,902738,5458,5457,3090,1889,1,-0.00047842693
Cold,933337,5636,5635,3090,1889,1,-0.013027677
Cold,319172,1897,1896,3090,1889,1,-0.0077904756
Cold,512624,3163,3162,3090,1889,1,0.00086448016
Cold,24281,173,172,3090,1889,1,0.0013843253
Cold,293613,1748,1747,3090,1889,1,-4.0765153e-05
Cold,241001,1451,1450,3090,1889,1,-0.013369083
Cold,28012,195,194,3090,1889,1,-0.0007560537
Cold,600485,3651,3650,3091,1890,1,0.0020415136
Cold,869765,5255,5254,3091,1890,1,0.006492246
Cold,589583,3596,3595,3091,1890,1,0.00483798
Cold,580427,3546,3545,3091,1890,0,0.008596573
Cold,580196,3543,3542,3091,1890,1,0.0074365484
Cold,571895,3507,3506,3091,1890,1,0.010450911
Cold,570657,3501,3500,3091,1890,1,0.009365619
Cold,712768,4277,4276,3091,1890,1,0.008464748
Cold,565132,3474,3473,3091,1890,1,0.014541123
Cold,561155,3453,3452,3091,1890,1,0.00688966
Cold,560715,3449,3448,3091,1890,1,0.0048030056
Cold,550877,3393,3392,3091,1890,1,0.0028280097
Cold,544247,3355,3354,3091,1890,1,0.0064247847
Cold,543397,3346,3345,3091,1890,0,0.0014307078
Cold,521012,3216,3215,3091,1890,1,0.0078420155
Cold,653983,3942,3941,3091,1890,0,0.008825779
Cold,876949,5300,5299,3091,1890,1,0.011124597
Cold,505544,3110,3109,3091,1890,1,0.010815397
Cold,545997,3367,3366,3091,1890,1,0.008727711
Cold,492532,3029,3028,3091,1890,1,0.004404134
Cold,485574,2989,2988,3091,1890,1,-0.003967929
Cold,485719,2990,2989,3091,1890,0,0.010091413
Cold,479591,2943,2942,3091,1890,1,0.0037618512
Cold,479470,2942,2941,3091,1890,1,0.0018374036
Cold,479176,2941,2940,3091,1890,1,0.0041518915
Cold,473276,2909,2908,3091,1890,1,0.0013107392
Cold,459396,2829,2828,3091,1890,0,0.0026253038
Cold,453144,2791,2790,3091,1890,1,0.00071899546
Cold,446745,2753,2752,3091,1890,1,0.0022561154
Cold,433517,2643,2642,3091,1890,0,0.0019095319
Cold,423662,2567,2566,3091,1890,1,0.008307149
Cold,395531,2338,2337,3091,1890,1,0.012506466
Cold,394392,2324,2323,3091,1890,1,0.0033682762
Cold,391245,2301,2300,3091,1890,1,0.0012257753
Cold,389872,2288,2287,3091,1890,1,0.005867715
Cold,371396,2171,2170,3091,1890,1,0.003607584
Cold,369786,2164,2163,3091,1890,1,0.0071375906
Cold,368726,2156,2155,3091,1890,0,0.003988995
Cold,334884,1975,1974,3091,1890,1,0.010683244
Cold,319914,1899,1898,3091,1890,1,0.009059523
Cold,292145,1741,1740,3091,1890,1,0.01116848
Cold,272489,1646,1645,3091,1890,1,-0.00017711194
Cold,282539,1694,1693,3091,1890,1,0.0018528092
Cold,258914,1586,1585,3091,1890,1,0.008684451
Cold,256517,1567,1566,3091,1890,1,0.010174273
Cold,346092,2030,2029,3091,1890,1,0.004821337
Cold,248050,1497,1496,3091,1890,1,0.0079654595
Cold,218245,1323,1322,3091,1890,1,0.0035280234
Cold,209349,1279,1278,3091,1890,0,0.004973027
Cold,207484,1268,1267,3091,1890,1,0.002109871
Cold,243723,1470,1469,3091,1890,1,0.010700541
Cold,197653,1214,1213,3091,1890,1,0.00445691
Cold,184281,1147,1146,3091,1890,1,0.0010359293
Cold,182682,1140,1139,3091,1890,1,0.00934357
Cold,177458,1119,1118,3091,1890,1,0.006757354
Cold,190496,1181,1180,3091,1890,0,0.007865949
Cold,210635,1285,1284,3091,1890,1,0.011648053
Cold,146836,948,947,3091,1890,1,0.011601457
Cold,199298,1224,1223,3091,1890,1,0.014172159
Cold,137866,889,888,3091,1890,1,0.008604892
Cold,131010,850,849,3091,1890,1,0.0062016645
Cold,314985,1880,1879,3091,1890,1,0.006966699
Cold,134971,873,872,3091,1890,1,0.005223754
Cold,101639,677,676,3091,1890,1,0.0085439775
Cold,115661,750,749,3091,1890,1,0.0043958994
Cold,88092,580,579,3091,1890,0,0.003938486
Cold,147892,953,952,3091,1890,0,0.0019535702
Cold,83918,550,549,3091,1890,1,0.0070649236
Cold,48802,327,326,3091,1890,1,0.005447204
Cold,9200,62,61,3091,1890,0,0.0024212599
Cold,8777,59,58,3091,1890,0,0.0034667123
Cold,4955,35,34,3091,1890,1,0.0061514173
Cold,481649,2962,2961,3091,1890,1,0.00584553
Cold,300208,1780,1779,3091,1890,0,0.011564882
Cold,129210,839,838,3091,1890,1,0.0128502585
Cold,24282,173,172,3091,1890,1,0.007972016
Cold,175954,1113,1112,3091,1890,1,0.0062059327
Cold,308406,1837,1836,3091,1890,1,0.0023236517
Cold,95703,641,640,3091,1890,1,0.004638844
Cold,322125,1912,1911,3091,1890,0,0.008746234
Cold,753221,4489,4488,3091,1890,1,0.0077894004
Cold,417793,2523,2522,3094,1892,1,-0.0039862627
Cold,416406,2507,2506,3094,1892,1,0.0069072573
Cold,464039,2860,2859,3094,1892,1,-0.0024461378
Cold,403427,2410,2409,3094,1892,0,0.00527523
Cold,382740,2237,2236,3094,1892,1,0.0150015615
Cold,335547,1980,1979,3094,1892,1,0.007624125
Cold,292148,1741,1740,3094,1892,1,0.005061102
Cold,276077,1671,1670,3094,1892,1,0.006135898
Cold,260015,1591,1590,3094,1892,1,0.008420076
Cold,228887,1387,1386,3094,1892,1,0.008044891
Cold,217692,1321,1320,3094,1892,1,-0.003937481
Cold,296324,1758,1757,3094,1892,1,0.01222044
Cold,220284,1335,1334,3094,1892,0,-0.0023607432
Cold,207303,1267,1266,3094,1892,0,-0.0020162435
Cold,203967,1255,1254,3094,1892,1,0.0029237482
Cold,294179,1749,1748,3094,1892,0,-0.006189258
Cold,278729,1680,1679,3094,1892,0,0.0034604687
Cold,337976,1988,1987,3094,1892,0,0.013912252
Cold,160823,1022,1021,3094,1892,1,0.0012874653
Cold,154003,991,990,3094,1892,1,0.0055476627
Cold,246199,1489,1488,3094,1892,0,0.008382626
Cold,146709,947,946,3094,1892,0,0.009243063
Cold,137871,889,888,3094,1892,1,0.004442731
Cold,123679,797,796,3094,1892,0,-0.0013785702
Cold,123075,795,794,3094,1892,0,0.0028776252
Cold,117889,760,759,3094,1892,1,0.0076677576
Cold,118659,767,766,3094,1892,0,-0.0021006672
Cold,85517,558,557,3094,1892,1,0.0033554062
Cold,238640,1448,1447,3094,1892,0,0.012287134
Cold,153619,987,986,3094,1892,1,0.00253826
Cold,17455,136,135,3094,1892,1,0.003041891
Cold,60608,411,410,3094,1892,0,0.006243134
Cold,50031,331,330,3094,1892,1,-0.0049343426
Cold,101993,678,677,3094,1892,1,0.005112688
Cold,900771,5447,5446,3094,1892,1,0.0025858704
Cold,454498,2796,2795,3094,1892,0,-0.0061778813
Cold,977853,5892,5891,3094,1892,1,-0.001057782
Cold,795455,4765,4764,3094,1892,0,0.0057251914
Cold,319178,1897,1896,3094,1892,1,0.0075433506
Cold,420832,2544,2543,3094,1892,1,0.004059015
Cold,831896,5001,5000,3094,1892,1,0.004203535
Cold,243728,1470,1469,3096,1894,0,0.005026042
Cold,188535,1170,1169,3096,1894,1,0.0069301
Cold,182685,1140,1139,3096,1894,0,0.007156759
Cold,327691,1941,1940,3096,1894,1,0.014070684
Cold,157839,1015,1014,3096,1894,1,0.0066228136
Cold,152883,984,983,3096,1894,1,0.004413383
Cold,246200,1489,1488,3096,1894,0,0.01024541
Cold,184957,1150,1149,3096,1894,0,0.010506234
Cold,137874,889,888,3096,1894,1,0.010935916
Cold,631382,3821,3820,3096,1894,0,0.0044406145
Cold,131015,850,849,3096,1894,1,0.00571964
Cold,374763,2185,2184,3096,1894,1,-0.000416168
Cold,118660,767,766,3096,1894,1,0.0024318933
Cold,112302,731,730,3096,1894,1,0.010273905
Cold,108476,711,710,3096,1894,1,0.00089922326
Cold,106663,702,701,3096,1894,1,0.01420195
Cold,90093,594,593,3096,1894,1,0.0054503
Cold,57752,391,390,3096,1894,1,0.009859649
Cold,52493,346,345,3096,1894,1,-0.00027813378
Cold,39949,271,270,3096,1894,1,0.009434808
Cold,31936,216,215,3096,1894,0,0.00436565
Cold,481653,2962,2961,3096,1894,0,0.0025791705
Cold,4182,31,30,3096,1894,1,0.0035818173
Cold,801316,4802,4801,3096,1894,1,0.005553658
Cold,420834,2544,2543,3096,1894,1,0.0042032623
Cold,114207,743,742,3096,1894,0,0.010830881
Cold,284771,1699,1698,3096,1894,1,0.008844793
Cold,50602,333,332,3096,1894,1,0.00015334389
Cold,657423,3963,3962,3096,1894,1,0.004950636
Cold,208633,1274,1273,3096,1894,0,0.008160239
Cold,821548,4940,4939,3096,1894,1,0.00845019
Cold,958774,5787,5786,3096,1894,1,-0.0006890297
Cold,27530,193,192,3096,1894,0,0.005202373
Cold,240129,1449,1448,3103,1901,0,0.0008892715
Cold,164591,1051,1050,3103,1901,0,0.0061831893
Cold,335954,1980,1979,3103,1901,0,0.0032070982
Cold,136615,881,880,3103,1901,0,-0.004335042
Cold,60483,411,410,3103,1901,0,0.0003137458
Cold,187657,1164,1163,3103,1901,1,0.003476665
Cold,178652,1121,1120,3103,1901,1,0.012144344
Cold,384715,2247,2246,3103,1901,1,0.0026259492
Cold,397361,2353,2352,3109,1906,0,-0.0028039212
Cold,842494,5063,5062,3109,1906,1,-0.0027265523
Cold,974349,5878,5877,3109,1906,0,-0.008389116
Cold,63008,424,423,3109,1906,0,-0.011961879
Cold,238998,1448,1447,3112,1908,1,0.009357698
Cold,42059,285,284,3112,1908,0,0.009776633
Cold,9863,68,67,3112,1908,1,-0.0041765296
Cold,481856,2962,2961,3112,1908,0,0.0130415205
Cold,49156,329,328,3112,1908,0,0.0069177784
Cold,158277,1015,1014,3112,1908,0,0.013050659
Cold,102314,678,677,3112,1908,0,0.011793669
Cold,160143,1019,1018,3112,1908,0,0.0020410204
Cold,319373,1897,1896,3112,1908,0,0.005260643
Cold,974356,5878,5877,3112,1908,0,0.00037831278
Cold,175562,1112,1111,3115,1911,0,-0.002306365
Cold,165236,1053,1052,3115,1911,0,-0.005053999
Cold,270440,1636,1635,3115,1911,1,-0.0075152097
Cold,246341,1489,1488,3115,1911,0,0.005027444
Cold,128965,838,837,3115,1911,1,-0.007399169
Cold,116266,752,751,3115,1911,1,-0.0052991714
Cold,102318,678,677,3115,1911,1,-0.0120054
Cold,98858,660,659,3115,1911,0,-0.005022792
Cold,90004,593,592,3115,1911,0,-0.002418506
Cold,76703,520,519,3115,1911,0,-0.002506272
Cold,53454,352,351,3115,1911,1,-0.0009276513
Cold,155359,1001,1000,3115,1911,1,-0.0069683604
Cold,312903,1865,1864,3115,1911,0,0.0008554816
Cold,199858,1227,1226,3115,1911,0,0.0016149348
Cold,26263,187,186,3115,1911,1,0.0022733985
Cold,27887,195,194,3115,1911,1,-0.003324512
Cold,9526,63,62,3115,1911,0,-0.0062146923
Cold,223578,1354,1353,3115,1911,1,-0.00031715957
Cold,330740,1952,1951,3115,1911,0,-0.0038509031
Cold,239001,1448,1447,3115,1911,1,0.0047472194
Cold,966830,5831,5830,3115,1911,1,-0.00188966
Cold,56303,376,375,3115,1911,1,0.0014605029
Cold,360838,2106,2105,3115,1911,1,0.00027821958
Cold,696386,4169,4168,3115,1911,0,-0.0034011076
Cold,49937,331,330,3115,1911,0,0.006595772
Cold,285345,1701,1700,3115,1911,1,-0.0023889989
Cold,497250,3054,3053,3115,1911,0,-0.0086310655
Cold,171705,1088,1087,3115,1911,1,-0.0057809474
Cold,317746,1889,1888,3115,1911,0,-0.0049165683
Cold,537969,3312,3311,3115,1911,1,-0.0070307665
Cold,964087,5812,5811,3115,1911,1,-0.009389266
Cold,485090,2986,2985,3115,1911,1,-0.0037615262
Cold,104360,692,691,3115,1911,1,-0.005802721
Cold,499479,3067,3066,3115,1911,1,0.0030335374
Cold,713131,4277,4276,3115,1911,1,-0.0013737176
Cold,203679,1252,1251,3115,1911,0,-0.008627235
Cold,335978,1980,1979,3115,1911,0,-0.009099889
Cold,960286,5792,5791,3115,1911,0,0.0020194193
Cold,235010,1425,1424,3115,1911,1,0.00088857254
Cold,473706,2909,2908,3115,1911,0,0.0020995797
Cold,105624,698,697,3115,1911,0,-0.004823343
Cold,328211,1941,1940,3115,1911,0,-0.0058933357
Cold,532175,3285,3284,3115,1911,0,-0.0045177415
Cold,657555,3963,3962,3115,1911,1,-0.0052348673
Cold,413217,2485,2484,3115,1911,1,-0.00440085
Cold,311300,1854,1853,3115,1911,0,0.006022145
Cold,96622,648,647,3115,1911,1,-0.0027046846
Cold,33868,229,228,3115,1911,0,-0.0015259101
Cold,58665,398,397,3115,1911,0,0.00035675406
Cold,882158,5329,5328,3115,1911,1,0.006179591
Cold,432733,2638,2637,3117,1912,0,0.00043640798
Cold,153085,984,983,3117,1912,1,-0.0072154277
Cold,285346,1701,1700,3117,1912,0,-0.009087
Cold,784121,4682,4681,3117,1912,1,-0.0044470634
Cold,631613,3821,3820,3117,1912,0,-0.0021927534
Cold,564457,3471,3470,3117,1912,1,-0.008464266
Cold,19807,149,148,3117,1912,1,-0.0069310605
Cold,204605,1260,1259,3117,1912,1,0.0021899217
Cold,456482,2810,2809,3117,1912,0,-0.0067227297
Cold,263384,1605,1604,3117,1912,0,-0.0107698245
Cold,241252,1451,1450,3117,1912,0,-0.0036888325
Cold,171709,1088,1087,3117,1912,0,0.0032420345
Cold,696388,4169,4168,3117,1912,1,-0.0058646966
Cold,322416,1912,1911,3118,1913,0,0.0010743424
Cold,285348,1701,1700,3118,1913,1,0.0037192325
Cold,739414,4418,4417,3118,1913,1,0.0071233995
Cold,187667,1164,1163,3118,1913,0,0.003259649
Cold,171712,1088,1087,3118,1913,1,0.008708181
Cold,974358,5878,5877,3118,1913,0,0.006059144
Cold,536524,3309,3308,3120,1914,0,-0.0028071343
Cold,508669,3129,3128,3120,1914,1,0.008586278
Cold,816072,4899,4898,3120,1914,0,-6.622239e-05
Cold,516502,3189,3188,3120,1914,1,0.0021110699
Cold,550238,3391,3390,3120,1914,0,-0.0042850384
Cold,494225,3032,3031,3120,1914,1,0.002206116
Cold,492791,3029,3028,3120,1914,0,0.0013916455
Cold,492090,3026,3025,3120,1914,0,0.010587343
Cold,529776,3272,3271,3120,1914,1,0.007279136
Cold,455007,2800,2799,3120,1914,0,0.0020342
Cold,450931,2777,2776,3120,1914,1,0.0018588095
Cold,445965,2750,2749,3120,1914,0,-0.00087118894
Cold,444686,2743,2742,3120,1914,1,-0.0034291092
Cold,564472,3471,3470,3120,1914,0,0.008533241
Cold,420254,2540,2539,3120,1914,1,0.0033875743
Cold,419478,2536,2535,3120,1914,0,0.007560773
Cold,399523,2378,2377,3120,1914,1,0.009001402
Cold,362170,2110,2109,3120,1914,0,-0.008109383
Cold,361694,2109,2108,3120,1914,0,-0.002012895
Cold,351949,2063,2062,3120,1914,1,-0.0029106466
Cold,341641,2012,2011,3120,1914,0,-0.0005811481
Cold,299666,1778,1777,3120,1914,1,0.0064107524
Cold,297548,1764,1763,3120,1914,1,-0.004392677
Cold,265829,1613,1612,3120,1914,1,0.007867631
Cold,258131,1581,1580,3120,1914,0,0.004289025
Cold,248862,1501,1500,3120,1914,0,0.0028384621
Cold,221821,1341,1340,3120,1914,0,-0.0024867565
Cold,304942,1812,1811,3120,1914,0,-0.0044728247
Cold,277756,1676,1675,3120,1914,0,0.0035278131
Cold,193210,1193,1192,3120,1914,0,0.0014695799
Cold,183564,1142,1141,3120,1914,0,0.0021705795
Cold,173704,1100,1099,3120,1914,0,-0.0030663812
Cold,328238,1941,1940,3120,1914,0,-0.0014926959
Cold,163871,1050,1049,3120,1914,0,-0.0055617085
Cold,155916,1004,1003,3120,1914,0,-0.0012437147
Cold,143683,927,926,3120,1914,0,0.0066616293
Cold,156948,1010,1009,3120,1914,0,0.001874028
Cold,125760,809,808,3120,1914,1,0.006845041
Cold,124929,802,801,3120,1914,1,0.003949853
Cold,121541,781,780,3120,1914,0,0.0070214393
Cold,178178,1120,1119,3120,1914,1,-0.00730902
Cold,119307,770,769,3120,1914,0,0.005686652
Cold,112519,731,730,3120,1914,0,-0.007584407
Cold,100200,669,668,3120,1914,1,-0.0045449734
Cold,176997,1117,1116,3120,1914,0,0.0019547953
Cold,98872,660,659,3120,1914,0,0.0040064612
Cold,88853,587,586,3120,1914,0,-0.008165713
Cold,70817,476,475,3120,1914,1,0.002989769
Cold,65401,438,437,3120,1914,1,0.0027601856
Cold,37693,258,257,3120,1914,1,0.0069126636
Cold,31813,216,215,3120,1914,1,0.0025217663
Cold,337065,1983,1982,3120,1914,1,-0.0036313485
Cold,240164,1449,1448,3120,1914,0,-0.002967319
Cold,2672,22,21,3120,1914,0,2.5801128e-05
Cold,108037,710,709,3120,1914,0,0.00035274634
Cold,78501,528,527,3120,1914,0,0.004974216
Cold,893000,5394,5393,3120,1914,0,0.0001520561
Cold,531068,3280,3279,3120,1914,0,-0.002960637
Cold,57904,392,391,3120,1914,0,-0.0026940582
Cold,102332,678,677,3120,1914,0,0.006322158
Cold,537977,3312,3311,3120,1914,0,0.010600361
Cold,331674,1958,1957,3120,1914,1,0.0061351014
Cold,599305,3648,3647,3120,1914,1,-0.0047006244
Cold,923946,5580,5579,3120,1914,1,-0.0015473415
Cold,245810,1484,1483,3120,1914,1,0.008997649
Cold,293798,1748,1747,3120,1914,0,0.003869377
Cold,618325,3746,3745,3120,1914,0,0.00085479766
Cold,561605,3454,3453,3120,1914,0,0.004586485
Cold,342545,2015,2014,3120,1914,1,-0.00044568442
Cold,193699,1194,1193,3120,1914,0,0.006056189
Cold,552421,3401,3400,3130,1916,0,0.00030521955
Cold,571440,3504,3503,3130,1916,0,0.0074360194
Cold,548393,3384,3383,3130,1916,0,0.0005806312
Cold,541045,3328,3327,3130,1916,0,-0.01146327
Cold,575399,3519,3518,3130,1916,0,-0.0058961026
Cold,518792,3201,3200,3130,1916,0,-0.005632924
Cold,505189,3108,3107,3130,1916,0,0.0050633936
Cold,797624,4784,4783,3130,1916,0,0.00090324297
Cold,489657,3013,3012,3130,1916,0,0.013694602
Cold,475144,2916,2915,3130,1916,0,-0.00736011
Cold,458020,2820,2819,3130,1916,0,0.011660721
Cold,452280,2785,2784,3130,1916,0,-0.0041977568
Cold,444697,2743,2742,3130,1916,0,-0.0028850148
Cold,421712,2548,2547,3130,1916,0,-0.0045537455
Cold,419818,2537,2536,3130,1916,0,0.0051001078
Cold,409233,2456,2455,3130,1916,0,-0.0148009565
Cold,405722,2433,2432,3130,1916,0,0.0034796703
Cold,404582,2419,2418,3130,1916,0,0.0020253728
Cold,387311,2264,2263,3130,1916,0,0.002391525
Cold,377295,2203,2202,3130,1916,0,0.0023990972
Cold,350484,2057,2056,3130,1916,0,0.002941313
Cold,341650,2012,2011,3130,1916,0,-0.0016272995
Cold,275145,1666,1665,3130,1916,1,-0.0068798917
Cold,259516,1587,1586,3130,1916,0,0.0045746895
Cold,242165,1459,1458,3130,1916,0,0.0029207086
Cold,212958,1297,1296,3130,1916,0,0.0024086235
Cold,279416,1680,1679,3130,1916,1,0.0066305413
Cold,196567,1207,1206,3130,1916,0,-0.003188971
Cold,211045,1285,1284,3130,1916,0,0.0044074375
Cold,173711,1100,1099,3130,1916,0,-0.0033793738
Cold,328262,1941,1940,3130,1916,0,0.0003889664
Cold,143687,927,926,3130,1916,0,0.010767775
Cold,156961,1010,1009,3130,1916,0,0.010550123
Cold,136658,881,880,3130,1916,0,0.0043311086
Cold,131954,854,853,3130,1916,0,0.0062525426
Cold,351969,2063,2062,3130,1916,0,0.0065559354
Cold,98884,660,659,3130,1916,0,0.009309728
Cold,631629,3821,3820,3130,1916,0,0.0030916769
Cold,81742,543,542,3130,1916,0,-0.0012689035
Cold,75469,513,512,3130,1916,0,0.00452975
Cold,70194,474,473,3130,1916,0,-0.00075213704
Cold,53493,352,351,3130,1916,0,0.0030965402
Cold,47268,319,318,3130,1916,0,0.0052846223
Cold,38791,264,263,3130,1916,0,0.0005254877
Cold,49204,329,328,3130,1916,0,0.0044179857
Cold,3554,26,25,3130,1916,0,0.0063711517
Cold,696420,4169,4168,3130,1916,0,0.0029480425
Cold,249873,1505,1504,3130,1916,0,0.0014309022
Cold,828738,4979,4978,3130,1916,0,-0.008972328
Cold,171745,1088,1087,3130,1916,0,0.004398209
Cold,195521,1203,1202,3130,1916,0,-0.0014319781
Cold,134355,869,868,3130,1916,0,0.003900217
Cold,160166,1019,1018,3130,1916,0,0.005809084
Cold,223593,1354,1353,3130,1916,1,0.0056843804
Cold,795501,4765,4764,3130,1916,0,6.257952e-05
Cold,992405,5996,5995,3130,1916,0,0.005518506
Cold,941433,5682,5681,3130,1916,0,-0.0007227154
Cold,304955,1812,1811,3130,1916,0,0.0015237518
Cold,574111,3514,3513,3134,1917,1,0.005445658
Cold,567028,3481,3480,3134,1917,1,-0.0048657297
Cold,565187,3474,3473,3134,1917,1,-0.002651411
Cold,556096,3417,3416,3134,1917,1,0.0015886876
Cold,552974,3402,3401,3134,1917,1,0.002759374
Cold,550258,3391,3390,3134,1917,1,0.0035101874
Cold,546862,3371,3370,3134,1917,1,-0.0031375326
Cold,533404,3292,3291,3134,1917,1,-0.00019754266
Cold,524516,3234,3233,3134,1917,1,-0.0068834033
Cold,523223,3226,3225,3134,1917,1,0.0016780058
Cold,513934,3171,3170,3134,1917,1,-0.0051114797
Cold,616675,3732,3731,3134,1917,0,0.0017689248
Cold,508248,3128,3127,3134,1917,1,0.0009607574
Cold,713150,4277,4276,3134,1917,1,-0.0051503126
Cold,738182,4411,4410,3134,1917,1,0.0059132744
Cold,484141,2978,2977,3134,1917,1,-0.0044759046
Cold,482749,2967,2966,3134,1917,1,-0.0023469483
Cold,479505,2942,2941,3134,1917,1,0.0021932991
Cold,852650,5113,5112,3134,1917,1,-0.0053203744
Cold,466190,2874,2873,3134,1917,0,-0.0053157136
Cold,461542,2847,2846,3134,1917,1,-0.0069853724
Cold,459411,2829,2828,3134,1917,1,0.010429571
Cold,458022,2820,2819,3134,1917,1,-0.004677143
Cold,455870,2807,2806,3134,1917,1,0.008880728
Cold,448469,2764,2763,3134,1917,1,0.0066644493
Cold,446889,2753,2752,3134,1917,1,-0.005702834
Cold,413427,2486,2485,3134,1917,1,0.0023102178
Cold,403139,2407,2406,3134,1917,1,-0.0019472638
Cold,401824,2397,2396,3134,1917,1,0.0013452398
Cold,385317,2251,2250,3134,1917,1,0.003806213
Cold,381682,2231,2230,3134,1917,1,-0.0029313306
Cold,364816,2124,2123,3134,1917,1,-0.00041299872
Cold,361705,2109,2108,3134,1917,1,0.0018807778
Cold,357522,2092,2091,3134,1917,0,0.006063791
Cold,347416,2038,2037,3134,1917,1,0.003335001
Cold,342557,2015,2014,3134,1917,0,-0.00047111727
Cold,321505,1905,1904,3134,1917,1,0.0049641193
Cold,318953,1896,1895,3134,1917,1,-0.010133391
Cold,323198,1916,1915,3134,1917,0,0.00046948402
Cold,315947,1882,1881,3134,1917,1,-0.0005999026
Cold,312673,1863,1862,3134,1917,1,-0.003235962
Cold,306037,1821,1820,3134,1917,1,-0.0022736168
Cold,302681,1797,1796,3134,1917,1,0.0026740518
Cold,282309,1693,1692,3134,1917,1,-0.003240052
Cold,292371,1741,1740,3134,1917,1,-0.004505503
Cold,293811,1748,1747,3134,1917,1,-0.0070924116
Cold,269075,1632,1631,3134,1917,1,-0.006825151
Cold,346248,2030,2029,3134,1917,1,0.0037762506
Cold,256662,1569,1568,3134,1917,1,0.004190148
Cold,256544,1567,1566,3134,1917,1,-0.0030854298
Cold,303294,1802,1801,3134,1917,1,-0.0061140233
Cold,325446,1926,1925,3134,1917,1,-0.003734129
Cold,284254,1698,1697,3134,1917,1,-0.00032253377
Cold,320156,1899,1898,3134,1917,1,0.0012558678
Cold,218301,1323,1322,3134,1917,1,0.0076569514
Cold,199495,1224,1223,3134,1917,1,0.004958351
Cold,374149,2181,2180,3134,1917,1,0.000584009
Cold,334643,1974,1973,3134,1917,1,-0.003336227
Cold,184403,1147,1146,3134,1917,1,-0.001257217
Cold,180349,1128,1127,3134,1917,1,-0.011069903
Cold,191061,1181,1180,3134,1917,1,0.00050980994
Cold,160168,1019,1018,3134,1917,1,-0.0030207417
Cold,158313,1015,1014,3134,1917,1,-0.004675753
Cold,152000,977,976,3134,1917,1,-0.008859972
Cold,149017,958,957,3134,1917,1,-0.0038335933
Cold,227851,1382,1381,3134,1917,1,0.013995443
Cold,222106,1343,1342,3134,1917,1,-0.00013115909
Cold,143000,922,921,3134,1917,0,-0.0065976344
Cold,138419,889,888,3134,1917,1,-0.0025124515
Cold,201609,1242,1241,3134,1917,1,0.0006077137
Cold,131203,850,849,3134,1917,1,-0.0002177204
Cold,694982,4164,4163,3134,1917,1,0.0007748791
Cold,374845,2185,2184,3134,1917,1,0.005044163
Cold,106806,702,701,3134,1917,0,0.004577214
Cold,103593,688,687,3134,1917,1,0.004835609
Cold,329387,1943,1942,3134,1917,0,0.005266859
Cold,115679,750,749,3134,1917,1,0.0027749543
Cold,85608,558,557,3134,1917,1,0.0052641714
Cold,69507,466,465,3134,1917,1,-0.0024738712
Cold,605261,3679,3678,3134,1917,0,-0.005494134
Cold,626848,3792,3791,3134,1917,0,0.0003415569
Cold,48787,327,326,3134,1917,1,0.00035862916
Cold,133649,864,863,3134,1917,0,0.005096781
Cold,947577,5722,5721,3134,1917,1,-0.0024139222
Cold,592025,3610,3609,3134,1917,0,-0.0050882623
Cold,8756,59,58,3134,1917,1,-0.0023670353
Cold,607722,3688,3687,3134,1917,1,-0.0030614443
Cold,739419,4418,4417,3134,1917,1,-0.008915986
Cold,74323,507,506,3134,1917,1,0.0038371733
Cold,24243,173,172,3134,1917,1,0.0032520588
Cold,284874,1699,1698,3134,1917,1,-0.00011537416
Cold,249874,1505,1504,3134,1917,1,0.0038714416
Cold,744937,4448,4447,3134,1917,1,-0.0033805952
Cold,369269,2159,2158,3134,1917,1,-0.0004401796
Cold,287751,1717,1716,3134,1917,1,-0.0048732855
Cold,208827,1274,1273,3134,1917,1,0.001259411
Cold,841169,5054,5053,3134,1917,0,0.001237629
Cold,497265,3054,3053,3134,1917,1,0.001876588
Cold,322451,1912,1911,3134,1917,0,-0.0024897582
Cold,421052,2544,2543,3134,1917,1,-0.014419265
Cold,171746,1088,1087,3134,1917,1,-0.003766299
Cold,324983,1925,1924,3134,1917,0,-0.0018458604
Cold,916702,5539,5538,3134,1917,1,0.0028416188
Cold,27934,195,194,3134,1917,1,-0.00142314
Cold,176061,1113,1112,3134,1917,1,-0.00014616642
Cold,691909,4140,4139,3135,1918,1,-0.0022170832
Cold,743925,4447,4446,3135,1918,0,-0.009585012
Cold,685560,4098,4097,3135,1918,0,0.000982892
Cold,678591,4064,4063,3135,1918,1,-0.010927914
Cold,678007,4063,4062,3135,1918,1,0.00792966
Cold,675502,4053,4052,3135,1918,1,-0.005325445
Cold,667095,4015,4014,3135,1918,0,-0.0054785497
Cold,665878,4007,4006,3135,1918,1,-0.004510846
Cold,664064,3999,3998,3135,1918,1,-0.0063918037
Cold,660406,3981,3980,3135,1918,0,-0.0018216956
Cold,648259,3903,3902,3135,1918,1,-0.0011182525
Cold,639164,3842,3841,3135,1918,0,-0.009481789
Cold,632481,3823,3822,3135,1918,1,0.0026537012
Cold,638270,3841,3840,3135,1918,1,-0.006080033
Cold,653574,3940,3939,3135,1918,1,-0.0023051759
Cold,619554,3754,3753,3135,1918,1,-0.007967748
Cold,744938,4448,4447,3135,1918,0,-0.016751008
Cold,611166,3705,3704,3135,1918,1,-0.013383081
Cold,726492,4345,4344,3135,1918,1,-0.012053888
Cold,595268,3621,3620,3135,1918,1,-0.008724116
Cold,590167,3600,3599,3135,1918,1,-0.00066638924
Cold,587034,3585,3584,3135,1918,1,-0.002307654
Cold,576208,3521,3520,3135,1918,1,-0.00670889
Cold,569285,3491,3490,3135,1918,1,-0.0068257274
Cold,593956,3618,3617,3135,1918,0,-0.0013263047
Cold,566315,3476,3475,3135,1918,1,-0.014986167
Cold,549101,3389,3388,3135,1918,0,0.0026189866
Cold,541243,3329,3328,3135,1918,1,-0.00037632918
Cold,533405,3292,3291,3135,1918,1,-0.00089055207
Cold,522657,3224,3223,3135,1918,1,-0.0037940112
Cold,520064,3208,3207,3135,1918,0,0.0050235074
Cold,510533,3146,3145,3135,1918,1,-0.002129281
Cold,509002,3131,3130,3135,1918,0,0.0022789268
Cold,505190,3108,3107,3135,1918,0,-0.004841707
Cold,485797,2990,2989,3135,1918,1,-0.02442204
Cold,482750,2967,2966,3135,1918,1,-0.0015031006
Cold,696423,4169,4168,3135,1918,1,-0.009426001
Cold,471652,2901,2900,3135,1918,1,0.002362737
Cold,567529,3483,3482,3135,1918,1,-0.010208445
Cold,466887,2878,2877,3135,1918,0,0.00542479
Cold,462629,2854,2853,3135,1918,0,-0.0029986459
Cold,459173,2826,2825,3135,1918,0,-0.011443185
Cold,464204,2860,2859,3135,1918,1,-0.007017841
Cold,897611,5428,5427,3135,1918,1,-0.011621849
Cold,564487,3471,3470,3135,1918,0,0.006694476
Cold,470010,2895,2894,3135,1918,1,-0.0065094223
Cold,446890,2753,2752,3135,1918,1,-0.004336563
Cold,443350,2733,2732,3135,1918,1,-0.002704245
Cold,442594,2726,2725,3135,1918,1,-0.004383748
Cold,437972,2676,2675,3135,1918,1,-0.0066336966
Cold,433659,2643,2642,3135,1918,0,0.006637507
Cold,428054,2602,2601,3135,1918,0,-0.0042863907
Cold,426974,2592,2591,3135,1918,0,-0.0073833987
Cold,419819,2537,2536,3135,1918,0,0.0014484716
Cold,418127,2526,2525,3135,1918,1,-0.0032185963
Cold,411871,2476,2475,3135,1918,1,0.009893529
Cold,414635,2496,2495,3135,1918,0,-0.0012366454
Cold,411593,2472,2471,3135,1918,1,-0.01032093
Cold,398270,2368,2367,3135,1918,1,-0.0037660953
Cold,436496,2665,2664,3135,1918,1,-0.008573284
Cold,389003,2279,2278,3135,1918,0,0.0003288053
Cold,372301,2174,2173,3135,1918,1,-0.009622028
Cold,372060,2173,2172,3135,1918,0,-0.008540204
Cold,369958,2164,2163,3135,1918,1,-0.010948874
Cold,366978,2140,2139,3135,1918,1,-0.0035203495
Cold,364817,2124,2123,3135,1918,1,-0.01033328
Cold,347664,2039,2038,3135,1918,1,-0.0016040218
Cold,343672,2018,2017,3135,1918,1,-0.020423662
Cold,340187,2008,2007,3135,1918,1,0.00094126584
Cold,344140,2020,2019,3135,1918,0,-0.0021119358
Cold,332240,1960,1959,3135,1918,1,-0.0051134564
Cold,282041,1692,1691,3135,1918,1,-0.00042103406
Cold,279417,1680,1679,3135,1918,1,-0.006559976
Cold,269076,1632,1631,3135,1918,0,-0.0075460915
Cold,260121,1591,1590,3135,1918,1,0.0043104235
Cold,350741,2059,2058,3135,1918,1,-0.0025857883
Cold,283216,1696,1695,3135,1918,1,0.00027852948
Cold,312366,1861,1860,3135,1918,1,-0.002893859
Cold,205874,1264,1263,3135,1918,0,-0.014208933
Cold,213524,1298,1297,3135,1918,1,0.0038861874
Cold,207541,1268,1267,3135,1918,1,-0.0042282287
Cold,199496,1224,1223,3135,1918,1,-0.0025866437
Cold,197009,1209,1208,3135,1918,0,-0.00680697
Cold,188616,1170,1169,3135,1918,1,-0.0057068886
Cold,177598,1119,1118,3135,1918,1,0.0014074105
Cold,167909,1068,1067,3135,1918,1,4.686578e-05
Cold,162948,1040,1039,3135,1918,1,-0.0019698155
Cold,320157,1899,1898,3135,1918,1,-0.009334196
Cold,153105,984,983,3135,1918,1,0.0031111466
Cold,338187,1988,1987,3135,1918,1,0.0003397155
Cold,222107,1343,1342,3135,1918,1,-0.008914719
Cold,713151,4277,4276,3135,1918,1,-0.007153426
Cold,315328,1880,1879,3135,1918,0,-0.003853668
Cold,124520,801,800,3135,1918,1,-0.0017279496
Cold,135042,873,872,3135,1918,1,0.0008507201
Cold,106807,702,701,3135,1918,0,-0.0062418925
Cold,631633,3821,3820,3135,1918,0,-0.006372646
Cold,284255,1698,1697,3135,1918,1,-0.0084929485
Cold,89814,591,590,3135,1918,1,0.00064114574
Cold,191062,1181,1180,3135,1918,0,-0.006953077
Cold,83228,549,548,3135,1918,1,-0.0051914956
Cold,228332,1383,1382,3135,1918,1,-0.008765088
Cold,66577,445,444,3135,1918,1,-0.0061106095
Cold,71565,481,480,3135,1918,1,-0.0024624455
Cold,63712,425,424,3135,1918,1,-0.006130415
Cold,211046,1285,1284,3135,1918,1,0.0038080825
Cold,53499,352,351,3135,1918,1,-0.006777179
Cold,241276,1451,1450,3135,1918,1,-0.001380485
Cold,42064,285,284,3135,1918,1,-0.005637537
Cold,145375,935,934,3135,1918,1,-0.0066434443
Cold,537989,3312,3311,3135,1918,1,-0.007155067
Cold,35214,238,237,3135,1918,1,-0.00211279
Cold,27505,193,192,3135,1918,1,-0.013690427
Cold,21931,161,160,3135,1918,1,-0.012303765
Cold,19838,149,148,3135,1918,1,-0.006800392
Cold,123451,796,795,3135,1918,0,-0.0016978229
Cold,20359,150,149,3135,1918,1,-0.009965142
Cold,357523,2092,2091,3135,1918,1,-0.013626954
Cold,421053,2544,2543,3135,1918,1,-0.0053661573
Cold,18597,146,145,3135,1918,1,-0.0024708752
Cold,552422,3401,3400,3135,1918,0,0.00034775364
Cold,524423,3233,3232,3135,1918,1,-0.004692153
Cold,158314,1015,1014,3135,1918,1,-0.006316198
Cold,249875,1505,1504,3135,1918,1,0.00016475376
Cold,339204,1998,1997,3135,1918,0,0.007851113
Cold,383252,2239,2238,3135,1918,0,-0.00502378
Cold,204613,1260,1259,3135,1918,1,-0.010557868
Cold,680684,4079,4078,3135,1918,1,-0.005913547
Cold,633351,3824,3823,3135,1918,0,0.0026230505
Cold,47271,319,318,3135,1918,1,-0.0017938304
Cold,841170,5054,5053,3135,1918,0,0.0017793365
Cold,384493,2246,2245,3135,1918,1,-0.007675613
Cold,319398,1897,1896,3135,1918,1,-0.0014073374
Cold,739420,4418,4417,3135,1918,0,-0.0012336919
Cold,555048,3413,3412,3135,1918,1,-0.006895458
Cold,102348,678,677,3138,1919,0,0.011023952
Cold,204615,1260,1259,3138,1919,0,0.012957948
Cold,397927,2362,2361,3138,1919,1,0.002309841
Cold,764029,4543,4542,3138,1919,0,-0.0017543263
Cold,111678,727,726,3138,1919,0,0.010222781
Cold,974368,5878,5877,3138,1919,0,0.0076342206
Cold,160180,1019,1018,3141,1920,0,-0.0004992224
Cold,141557,911,910,3141,1920,1,0.0018027925
Cold,539953,3320,3319,3142,1921,1,0.015525088
Cold,514568,3178,3177,3142,1921,0,0.005668504
Cold,605852,3681,3680,3142,1921,1,0.0077917753
Cold,508687,3129,3128,3142,1921,1,0.010278718
Cold,504829,3106,3105,3142,1921,0,0.003941187
Cold,480969,2953,2952,3142,1921,0,0.01004118
Cold,474918,2914,2913,3142,1921,1,0.00039061834
Cold,515542,3182,3181,3142,1921,0,0.009038124
Cold,462633,2854,2853,3142,1921,0,0.0065177144
Cold,457381,2818,2817,3142,1921,0,0.0057831877
Cold,451792,2781,2780,3142,1921,1,0.0018310765
Cold,459176,2826,2825,3142,1921,0,0.0019992567
Cold,429509,2615,2614,3142,1921,1,-0.00085052836
Cold,415947,2505,2504,3142,1921,1,0.006114667
Cold,416688,2507,2506,3142,1921,0,0.0054067234
Cold,404590,2419,2418,3142,1921,0,0.0119235255
Cold,399132,2376,2375,3142,1921,0,0.024168467
Cold,387036,2263,2262,3142,1921,0,0.007584515
Cold,377874,2205,2204,3142,1921,0,0.0063672694
Cold,369190,2158,2157,3142,1921,1,-0.0033541946
Cold,364823,2124,2123,3142,1921,1,0.005402039
Cold,358915,2100,2099,3142,1921,1,0.011997231
Cold,295303,1753,1752,3142,1921,1,0.009223282
Cold,274755,1661,1660,3142,1921,1,0.006567776
Cold,284877,1699,1698,3142,1921,0,0.014432244
Cold,269085,1632,1631,3142,1921,0,0.01209954
Cold,252059,1525,1524,3142,1921,0,-0.0022150395
Cold,247198,1494,1493,3142,1921,0,0.0128250085
Cold,284267,1698,1697,3142,1921,1,0.012146664
Cold,215323,1305,1304,3142,1921,1,0.005695073
Cold,289383,1727,1726,3142,1921,1,0.0067745377
Cold,296514,1758,1757,3142,1921,1,0.018885829
Cold,592031,3610,3609,3142,1921,0,0.0009932289
Cold,197012,1209,1208,3142,1921,1,0.0059570163
Cold,214924,1303,1302,3142,1921,0,0.009034747
Cold,307516,1835,1834,3142,1921,1,0.0022734762
Cold,226143,1369,1368,3142,1921,0,0.0018693339
Cold,212966,1297,1296,3142,1921,0,0.0021648903
Cold,221431,1340,1339,3142,1921,0,0.00795302
Cold,133541,863,862,3142,1921,1,0.005169154
Cold,180355,1128,1127,3142,1921,0,0.0036539582
Cold,127950,826,825,3142,1921,1,0.002371835
Cold,211056,1285,1284,3142,1921,1,0.012966834
Cold,116316,752,751,3142,1921,0,-0.00084557803
Cold,112890,732,731,3142,1921,1,0.0061514797
Cold,160181,1019,1018,3142,1921,0,-0.0039886422
Cold,108066,710,709,3142,1921,0,-0.0019671437
Cold,239047,1448,1447,3142,1921,1,0.010116577
Cold,83239,549,548,3142,1921,1,0.01735627
Cold,74426,508,507,3142,1921,1,0.003766826
Cold,201619,1242,1241,3142,1921,1,0.0070052776
Cold,45168,305,304,3142,1921,0,0.0012865395
Cold,38210,261,260,3142,1921,1,0.0005393191
Cold,947579,5722,5721,3142,1921,0,0.0022190968
Cold,18051,139,138,3142,1921,0,0.012262614
Cold,9171,62,61,3142,1921,1,-0.00494978
Cold,6691,48,47,3142,1921,1,-0.004395454
Cold,24255,173,172,3142,1921,1,0.0058681965
Cold,19254,148,147,3142,1921,1,0.008867638
Cold,167118,1063,1062,3142,1921,1,0.008243262
Cold,873963,5277,5276,3142,1921,0,0.009099554
Cold,265151,1611,1610,3142,1921,1,0.0064001707
Cold,241287,1451,1450,3142,1921,1,0.0010799395
Cold,161369,1029,1028,3142,1921,0,0.011428013
Cold,958851,5787,5786,3142,1921,1,0.0065071424
Cold,229662,1390,1389,3142,1921,1,0.009362676
Cold,473765,2909,2908,3142,1921,0,0.004604512
Cold,5218,36,35,3142,1921,1,0.013280326
Cold,639172,3842,3841,3142,1921,0,0.0051743304
Cold,63064,424,423,3142,1921,1,0.0034353172
Cold,333921,1969,1968,3165,1934,0,-0.0010864013
Cold,634074,3825,3824,3167,1935,0,-0.0059107174
Cold,632505,3823,3822,3167,1935,1,-0.0028467574
Cold,629593,3808,3807,3167,1935,0,-0.0027117403
Cold,638307,3841,3840,3167,1935,0,-0.00032302085
Cold,622735,3769,3768,3167,1935,0,-0.009982166
Cold,616218,3729,3728,3167,1935,1,-0.011076323
Cold,613944,3718,3717,3167,1935,1,-0.0028511737
Cold,611201,3705,3704,3167,1935,1,-0.0039716745
Cold,587042,3585,3584,3167,1935,0,-0.011572821
Cold,577956,3529,3528,3167,1935,0,-0.0018326316
Cold,594007,3618,3617,3167,1935,0,0.0014257422
Cold,563771,3469,3468,3167,1935,0,-0.00729617
Cold,549502,3390,3389,3167,1935,1,0.014409067
Cold,632048,3822,3821,3167,1935,1,-0.00038765953
Cold,547999,3380,3379,3167,1935,0,-0.0027599358
Cold,539589,3319,3318,3167,1935,0,0.00027821423
Cold,558238,3428,3427,3167,1935,1,0.0040005413
Cold,533433,3292,3291,3167,1935,0,0.00033866055
Cold,522702,3224,3223,3167,1935,1,0.0013590246
Cold,519813,3207,3206,3167,1935,0,-0.0012615828
Cold,518802,3201,3200,3167,1935,1,0.0017117201
Cold,509527,3138,3137,3167,1935,0,-0.0026063232
Cold,505204,3108,3107,3167,1935,0,0.00070377253
Cold,797633,4784,4783,3167,1935,1,-0.0047525843
Cold,546125,3367,3366,3167,1935,1,0.0032624765
Cold,494276,3032,3031,3167,1935,1,-0.010538269
Cold,696467,4169,4168,3167,1935,1,-0.006005356
Cold,794622,4753,4752,3167,1935,0,-0.00978372
Cold,601656,3658,3657,3167,1935,0,-0.0075548254
Cold,459183,2826,2825,3167,1935,1,-0.0024858557
Cold,446906,2753,2752,3167,1935,1,-0.0071733687
Cold,439622,2685,2684,3167,1935,0,0.0011987537
Cold,414924,2497,2496,3167,1935,1,-0.00047148112
Cold,406463,2438,2437,3167,1935,1,-0.0022089046
Cold,464224,2860,2859,3167,1935,1,0.0021097278
Cold,396678,2348,2347,3167,1935,1,0.0010225866
Cold,389012,2279,2278,3167,1935,1,-0.004697181
Cold,381696,2231,2230,3167,1935,0,-0.0053511704
Cold,378759,2211,2210,3167,1935,1,-0.0038623293
Cold,372071,2173,2172,3167,1935,1,0.00011884852
Cold,366987,2140,2139,3167,1935,0,-0.0040141908
Cold,364834,2124,2123,3167,1935,1,-0.0030281865
Cold,359452,2102,2101,3167,1935,0,-0.00039463665
Cold,361740,2109,2108,3167,1935,0,0.0012451594
Cold,347423,2038,2037,3167,1935,1,0.0060273716
Cold,340193,2008,2007,3167,1935,1,-0.0013669226
Cold,325466,1926,1925,3167,1935,1,-0.0032958859
Cold,323215,1916,1915,3167,1935,1,-0.0039466093
Cold,318409,1891,1890,3167,1935,0,0.0035158196
Cold,298349,1768,1767,3167,1935,0,-0.0013373925
Cold,291996,1740,1739,3167,1935,1,-0.00793833
Cold,279484,1680,1679,3167,1935,1,0.000108923065
Cold,271636,1642,1641,3167,1935,1,-0.0033058084
Cold,269099,1632,1631,3167,1935,0,-0.0117719015
Cold,259539,1587,1586,3167,1935,0,-0.0069396095
Cold,631661,3821,3820,3167,1935,1,-0.0018624454
Cold,226770,1375,1374,3167,1935,0,0.0026028657
Cold,225104,1361,1360,3167,1935,1,-0.0056934063
Cold,320179,1899,1898,3167,1935,1,-0.0036571068
Cold,218046,1322,1321,3167,1935,0,0.0014824995
Cold,244050,1470,1469,3167,1935,0,-0.0094619
Cold,188627,1170,1169,3167,1935,1,0.0009807483
Cold,153132,984,983,3167,1935,0,-0.007964857
Cold,338212,1988,1987,3167,1935,1,-0.0036710363
Cold,185448,1150,1149,3167,1935,1,-0.011477024
Cold,138474,889,888,3167,1935,0,-0.005676728
Cold,135046,873,872,3167,1935,0,0.0017427038
Cold,201634,1242,1241,3167,1935,1,-0.0062907343
Cold,315359,1880,1879,3167,1935,1,-0.003491248
Cold,160199,1019,1018,3167,1935,1,-0.003520785
Cold,106822,702,701,3167,1935,0,0.007357224
Cold,83264,549,548,3167,1935,1,-0.001534984
Cold,77650,524,523,3167,1935,1,-0.0042043775
Cold,211082,1285,1284,3167,1935,1,-0.013793228
Cold,61206,412,411,3167,1935,0,0.0043346053
Cold,145392,935,934,3167,1935,1,-0.007546692
Cold,46791,314,313,3167,1935,1,-0.0026346468
Cold,31930,216,215,3167,1935,1,0.00764353
Cold,88872,587,586,3167,1935,1,0.002974281
Cold,947582,5722,5721,3167,1935,1,-0.0032403204
Cold,9805,67,66,3167,1935,1,-0.0028709907
Cold,15488,123,122,3167,1935,0,0.002133103
Cold,4540,33,32,3167,1935,0,-0.0043779244
Cold,357548,2092,2091,3167,1935,1,0.0030520316
Cold,60607,411,410,3167,1935,0,-0.0053752637
Cold,55243,366,365,3167,1935,1,0.0008537108
Cold,56247,375,374,3167,1935,0,-0.004003769
Cold,458054,2820,2819,3167,1935,1,0.0002396272
Cold,552451,3401,3400,3167,1935,0,-0.0035988423
Cold,234189,1422,1421,3167,1935,0,-0.008672776
Cold,843977,5074,5073,3167,1935,1,0.00051201484
Cold,158361,1015,1014,3167,1935,1,-0.003399585
Cold,249890,1505,1504,3167,1935,1,-0.0066805757
Cold,713175,4277,4276,3167,1935,0,-0.002321327
Cold,287771,1717,1716,3167,1935,1,0.0010564687
Cold,841182,5054,5053,3167,1935,1,0.006608196
Cold,319422,1897,1896,3167,1935,1,-0.008602165
Cold,993886,6002,6001,3167,1935,0,0.005186137
Cold,739424,4418,4417,3167,1935,0,-0.002176865
Cold,276313,1671,1670,3167,1935,1,-0.002209934
Cold,290325,1733,1732,3167,1935,1,0.0011180867
Cold,821592,4940,4939,3167,1935,1,0.00903164
Cold,916712,5539,5538,3167,1935,1,-0.00017162552
Cold,63085,424,423,3167,1935,1,-0.0027880138
Cold,747945,4463,4462,3167,1935,1,0.001602987
Cold,793428,4744,4743,3167,1935,0,0.0021211717
Cold,580022,3540,3539,3177,1942,0,0.0020920406
Cold,579492,3539,3538,3177,1942,0,0.00737573
Cold,578530,3536,3535,3177,1942,0,-0.0065680407
Cold,569334,3491,3490,3177,1942,0,-0.0007002767
Cold,581366,3550,3549,3177,1942,1,0.0063693607
Cold,562099,3458,3457,3177,1942,0,0.007681287
Cold,547268,3375,3374,3177,1942,1,-0.0050674365
Cold,541524,3332,3331,3177,1942,1,0.0071958774
Cold,537286,3311,3310,3177,1942,0,0.0031239106
Cold,532760,3290,3289,3177,1942,0,-0.0021114724
Cold,527525,3261,3260,3177,1942,0,-0.0033278477
Cold,525487,3245,3244,3177,1942,0,-0.0010658213
Cold,521766,3219,3218,3177,1942,0,0.0005368764
Cold,518352,3199,3198,3177,1942,0,0.0027209972
Cold,517437,3193,3192,3177,1942,1,-0.0009826939
Cold,516094,3185,3184,3177,1942,0,0.00019113882
Cold,515572,3182,3181,3177,1942,0,0.0017187431
Cold,510901,3149,3148,3177,1942,1,0.0017953615
Cold,510385,3144,3143,3177,1942,1,0.0024613
Cold,509080,3133,3132,3177,1942,1,-0.007830124
Cold,498983,3066,3065,3177,1942,0,0.006817025
Cold,753316,4489,4488,3177,1942,0,-0.002653469
Cold,487942,3001,3000,3177,1942,0,0.0040362114
Cold,455014,2800,2799,3177,1942,0,-0.004751104
Cold,412895,2484,2483,3177,1942,0,0.0073964754
Cold,387043,2263,2262,3177,1942,0,-0.0011114585
Cold,384380,2245,2244,3177,1942,0,-0.0066172616
Cold,382618,2236,2235,3177,1942,0,0.0033879054
Cold,378941,2212,2211,3177,1942,0,0.0037272726
Cold,370528,2166,2165,3177,1942,0,0.002452289
Cold,367956,2148,2147,3177,1942,1,-0.00059212605
Cold,355552,2081,2080,3177,1942,0,0.00088328286
Cold,361754,2109,2108,3177,1942,0,-0.008068351
Cold,358931,2100,2099,3177,1942,0,0.00474994
Cold,340750,2010,2009,3177,1942,0,0.0020640653
Cold,334172,1970,1969,3177,1942,0,-0.0032977862
Cold,363175,2116,2115,3177,1942,0,0.005760542
Cold,321868,1910,1909,3177,1942,1,0.0072680023
Cold,306229,1824,1823,3177,1942,0,0.001447939
Cold,304309,1807,1806,3177,1942,1,-0.005306435
Cold,330555,1951,1950,3177,1942,0,0.0090688
Cold,300930,1785,1784,3177,1942,0,0.0025084529
Cold,285049,1700,1699,3177,1942,1,0.0060140854
Cold,297598,1764,1763,3177,1942,1,0.0019508095
Cold,277811,1676,1675,3177,1942,0,-0.001786792
Cold,285981,1706,1705,3177,1942,0,0.00085817743
Cold,250932,1514,1513,3177,1942,0,0.003984683
Cold,281915,1691,1690,3177,1942,0,-0.0015742211
Cold,296839,1759,1758,3177,1942,0,0.006051101
Cold,204967,1261,1260,3177,1942,1,-0.0067196833
Cold,201182,1241,1240,3177,1942,1,-0.007916523
Cold,173130,1097,1096,3177,1942,0,-0.0022399006
Cold,163468,1047,1046,3177,1942,0,0.0021090512
Cold,230568,1395,1394,3177,1942,1,0.0005408531
Cold,146272,940,939,3177,1942,0,-0.002375456
Cold,185470,1150,1149,3177,1942,0,0.0075216675
Cold,138501,889,888,3177,1942,0,0.0030838058
Cold,135176,875,874,3177,1942,1,-0.0062938286
Cold,133358,861,860,3177,1942,0,0.0042732293
Cold,128574,832,831,3177,1942,0,-0.004387889
Cold,114916,746,745,3177,1942,0,0.0031050246
Cold,166787,1060,1059,3177,1942,1,0.0020470337
Cold,103455,687,686,3177,1942,0,-0.005724985
Cold,100902,673,672,3177,1942,0,0.00020586583
Cold,91658,608,607,3177,1942,0,0.0033114813
Cold,176082,1113,1112,3177,1942,0,0.003551113
Cold,87541,572,571,3177,1942,0,0.00094351335
Cold,119347,770,769,3177,1942,0,-0.002324008
Cold,81770,543,542,3177,1942,1,-0.002786083
Cold,64290,429,428,3177,1942,0,-0.0072162515
Cold,251194,1516,1515,3177,1942,0,0.006407407
Cold,317799,1889,1888,3177,1942,0,0.011422786
Cold,88876,587,586,3177,1942,0,0.00076659315
Cold,139225,890,889,3177,1942,1,-0.0015363606
Cold,41728,284,283,3177,1942,0,-0.00048589963
Cold,39514,268,267,3177,1942,0,-0.002379151
Cold,40697,273,272,3177,1942,0,0.0026435552
Cold,888821,5367,5366,3177,1942,0,-0.0012548558
Cold,88217,582,581,3177,1942,1,0.005862096
Cold,433224,2641,2640,3177,1942,0,-0.0050192033
Cold,22436,163,162,3177,1942,1,-0.0008211108
Cold,210213,1284,1283,3177,1942,0,0.0039689466
Cold,352040,2063,2062,3177,1942,0,0.0069080023
Cold,287314,1715,1714,3177,1942,0,-0.00089828885
Cold,355021,2077,2076,3177,1942,0,2.4317764e-05
Cold,548573,3386,3385,3177,1942,0,-0.0053430125
Cold,45346,306,305,3177,1942,0,-0.0051329727
Cold,55554,368,367,3177,1942,0,0.00043938006
Cold,371050,2168,2167,3177,1942,0,-0.0031477404
Cold,622233,3768,3767,3177,1942,0,0.0016518373
Cold,290345,1733,1732,3177,1942,0,0.008004529
Cold,273073,1647,1646,3177,1942,0,0.00029613776
Cold,272275,1645,1644,3177,1942,0,0.0066442527
Cold,78541,528,527,3177,1942,0,0.005839786
Cold,310752,1851,1850,3177,1942,0,0.000995554
Cold,863909,5205,5204,3177,1942,0,-0.00017262332
Cold,13134,102,101,3177,1942,0,0.003321797
Cold,933523,5636,5635,3177,1942,0,0.002091895
Cold,476407,2926,2925,3177,1942,0,0.0016570874
Cold,136705,881,880,3177,1942,0,0.0093745105
Cold,532231,3285,3284,3177,1942,0,-0.00350644
Cold,511180,3152,3151,3177,1942,0,0.00041444646
Cold,785788,4697,4696,3177,1942,1,0.002859443
Cold,941451,5682,5681,3177,1942,1,-0.0058770003
Cold,461569,2847,2846,3177,1942,0,-0.0037487713
Cold,83282,549,548,3177,1942,0,0.0017666176
Cold,33907,229,228,3177,1942,0,-0.0010253029
Cold,382063,2232,2231,3177,1942,0,0.0038571544
Cold,116376,752,751,3180,1945,0,-0.004418972
Cold,32475,218,217,3180,1945,0,-0.008394798
Cold,31504,214,213,3180,1945,0,0.006651384
Cold,29736,202,201,3180,1945,0,-0.0058822073
Cold,764053,4543,4542,3180,1945,0,-0.00429276
Cold,119355,770,769,3180,1945,0,-0.0014002132
Cold,363187,2116,2115,3180,1945,0,-0.013508982
Cold,499554,3067,3066,3180,1945,0,-0.0052371025
Cold,52980,349,348,3180,1945,0,0.0011639812
Cold,179695,1125,1124,3180,1945,0,-0.0046834135
Cold,448760,2765,2764,3181,1946,1,0.00041956827
Cold,444104,2738,2737,3181,1946,1,-0.00068287575
Cold,580029,3540,3539,3181,1946,1,-0.009732382
Cold,574332,3516,3515,3181,1946,1,-0.00045271986
Cold,427253,2593,2592,3181,1946,1,-0.0001861509
Cold,426252,2589,2588,3181,1946,1,-0.0007687111
Cold,428614,2608,2607,3181,1946,0,0.009222116
Cold,421416,2545,2544,3181,1946,0,0.007874042
Cold,415803,2504,2503,3181,1946,0,-0.0013647319
Cold,411084,2466,2465,3181,1946,0,0.0025251885
Cold,399157,2376,2375,3181,1946,1,-0.00059912447
Cold,428155,2604,2603,3181,1946,1,-0.0076997303
Cold,391667,2303,2302,3181,1946,1,-0.0047705946
Cold,386656,2261,2260,3181,1946,1,0.0013859186
Cold,382941,2237,2236,3181,1946,1,-0.0030901828
Cold,372079,2173,2172,3181,1946,0,0.0041839266
Cold,340761,2010,2009,3181,1946,0,0.0026814658
Cold,337508,1984,1983,3181,1946,0,0.0011166018
Cold,360918,2106,2105,3181,1946,1,-0.0068059647
Cold,274451,1658,1657,3181,1946,1,-0.00023635372
Cold,269123,1632,1631,3181,1946,0,-0.003979481
Cold,246381,1489,1488,3181,1946,0,0.0005013244
Cold,325481,1926,1925,3181,1946,1,-0.004070677
Cold,244072,1470,1469,3181,1946,1,-0.005491122
Cold,294380,1749,1748,3181,1946,0,-0.0038643894
Cold,196612,1207,1206,3181,1946,1,0.0013551367
Cold,181467,1134,1133,3181,1946,1,-0.007532127
Cold,175046,1109,1108,3181,1946,1,-0.0035484033
Cold,263466,1605,1604,3181,1946,1,-0.00896083
Cold,168551,1069,1068,3181,1946,0,0.0067918254
Cold,153158,984,983,3181,1946,0,0.0036095069
Cold,150089,966,965,3181,1946,0,0.0017302665
Cold,217170,1317,1316,3181,1946,1,0.00023291877
Cold,138516,889,888,3181,1946,0,-0.0016750713
Cold,178227,1120,1119,3181,1946,1,0.0016733275
Cold,248418,1499,1498,3181,1946,0,0.0030642294
Cold,115145,748,747,3181,1946,1,0.00018152606
Cold,114920,746,745,3181,1946,0,0.003583732
Cold,223090,1352,1351,3181,1946,1,-0.006639554
Cold,100911,673,672,3181,1946,1,-0.010516886
Cold,109356,714,713,3181,1946,1,0.001203194
Cold,177054,1117,1116,3181,1946,1,-0.0020410353
Cold,77674,524,523,3181,1946,1,-0.0035189127
Cold,113876,738,737,3181,1946,0,-0.004058083
Cold,65449,438,437,3181,1946,1,-0.0008964455
Cold,155416,1001,1000,3181,1946,1,0.007697989
Cold,784148,4682,4681,3181,1946,1,0.0001284699
Cold,67053,451,450,3181,1946,1,-0.006833729
Cold,317807,1889,1888,3181,1946,0,0.0019683633
Cold,41440,281,280,3181,1946,0,-0.0025833636
Cold,864248,5208,5207,3181,1946,1,0.0023340152
Cold,34102,230,229,3181,1946,1,0.002910874
Cold,235088,1425,1424,3181,1946,1,-0.0015182537
Cold,720129,4312,4311,3181,1946,1,-0.0061662123
Cold,153803,988,987,3181,1946,0,-0.0044282284
Cold,133457,862,861,3181,1946,0,-0.0006359122
Cold,223643,1354,1353,3181,1946,1,-0.0069748433
Cold,55257,366,365,3181,1946,1,-0.0012214838
Cold,206985,1266,1265,3181,1946,0,-0.008562408
Cold,93046,623,622,3181,1946,1,0.0026052904
Cold,450077,2775,2774,3181,1946,1,0.0039248974
Cold,158391,1015,1014,3181,1946,1,-0.0018486055
Cold,808550,4842,4841,3181,1946,1,0.0019060703
Cold,93350,624,623,3181,1946,0,-0.011308353
Cold,28051,195,194,3181,1946,1,0.005024521
Cold,149663,963,962,3181,1946,1,-0.00566894
Cold,34681,235,234,3181,1946,1,-0.0055541396
Cold,129529,839,838,3181,1946,1,-0.0035897067
Cold,238056,1447,1446,3181,1946,1,0.0074935043
Cold,713188,4277,4276,3181,1946,0,0.010264533
Cold,392901,2307,2306,3181,1946,1,0.013392936
Cold,182096,1137,1136,3181,1946,1,0.009289477
Cold,895699,5413,5412,3181,1946,0,0.00019625574
Cold,750454,4478,4477,3181,1946,1,-0.00031095138
Cold,384504,2246,2245,3181,1946,1,-0.0023264014
Cold,567579,3483,3482,3181,1946,0,0.0042762156
Cold,804329,4816,4815,3181,1946,1,-8.151797e-05
Cold,564543,3471,3470,3181,1946,0,0.009904258
Cold,801448,4802,4801,3181,1946,1,0.00710701
Cold,484335,2980,2979,3181,1946,1,-0.005363115
Cold,744968,4448,4447,3181,1946,1,0.002210522
Cold,329434,1943,1942,3181,1946,1,0.012651495
Cold,352053,2063,2062,3181,1946,0,-0.008412464
Cold,229340,1389,1388,3181,1946,1,0.0009399848
Cold,160222,1019,1018,3181,1946,1,0.0024609654
Cold,309680,1842,1841,3181,1946,1,-0.00057341624
Cold,117197,755,754,3181,1946,0,-0.0044713793
Cold,195576,1203,1202,3181,1946,1,-0.0040579345
Cold,772711,4607,4606,3181,1946,1,0.007709357
Cold,206398,1265,1264,3181,1946,1,0.004824352
Cold,211118,1285,1284,3181,1946,0,0.00286874
Cold,841189,5054,5053,3181,1946,0,-0.009842165
Cold,285392,1701,1700,3181,1946,1,-0.0044225967
Cold,986669,5956,5955,3181,1946,0,0.0047112033
Cold,699723,4186,4185,3181,1946,0,0.010566385
Cold,144393,930,929,3181,1946,0,0.012286651
Cold,290350,1733,1732,3181,1946,1,0.007660596
Cold,966875,5831,5830,3181,1946,1,0.0031649545
Cold,886934,5359,5358,3181,1946,0,0.0026802323
Cold,171820,1088,1087,3181,1946,1,0.010305274
Cold,187713,1164,1163,3181,1946,1,-0.0063570198
Cold,193761,1194,1193,3181,1946,0,-0.003571142
Cold,372662,2176,2175,3181,1946,1,0.0027286015
Cold,284320,1698,1697,3182,1947,1,-0.00402595
Cold,215324,1305,1304,3182,1947,1,0.0008310566
Cold,211120,1285,1284,3182,1947,1,0.009897664
Cold,208855,1274,1273,3182,1947,1,0.0038369172
Cold,201653,1242,1241,3182,1947,1,0.0025928777
Cold,294382,1749,1748,3182,1947,1,-0.00019638147
Cold,293231,1746,1745,3182,1947,1,-0.004216606
Cold,214962,1303,1302,3182,1947,1,0.0018690662
Cold,184415,1147,1146,3182,1947,1,-0.010476353
Cold,180382,1128,1127,3182,1947,0,-0.00619982
Cold,308753,1837,1836,3182,1947,1,0.011089306
Cold,301091,1789,1788,3182,1947,1,0.008708901
Cold,246912,1491,1490,3182,1947,1,-0.00012296683
Cold,155418,1001,1000,3182,1947,1,0.013096215
Cold,733512,4386,4385,3182,1947,0,0.002790207
Cold,212988,1297,1296,3182,1947,1,-0.0054546045
Cold,149022,958,957,3182,1947,1,-0.00200931
Cold,185483,1150,1149,3182,1947,1,0.0030776234
Cold,137373,886,885,3182,1947,0,-0.0064470093
Cold,131243,850,849,3182,1947,1,0.002801122
Cold,200092,1228,1227,3182,1947,0,-0.004452125
Cold,129531,839,838,3182,1947,0,-0.0018926602
Cold,132559,855,854,3182,1947,1,-0.004578048
Cold,292790,1743,1742,3182,1947,1,0.00034819706
Cold,101710,677,676,3182,1947,1,-0.0016732762
Cold,89601,590,589,3182,1947,1,0.002494732
Cold,53624,352,351,3182,1947,0,-0.010560579
Cold,325482,1926,1925,3182,1947,1,-0.004641322
Cold,88880,587,586,3182,1947,1,0.0020410975
Cold,33420,225,224,3182,1947,0,-0.008194166
Cold,290353,1733,1732,3182,1947,0,-0.0028621391
Cold,314393,1877,1876,3182,1947,1,0.0018556938
Cold,127534,823,822,3182,1947,1,-0.0014261347
Cold,268041,1628,1627,3182,1947,1,-0.0027499534
Cold,1314,11,10,3182,1947,0,0.008431815
Cold,239096,1448,1447,3182,1947,1,-0.00034920452
Cold,344174,2020,2019,3182,1947,1,-0.00010010868
Cold,764055,4543,4542,3182,1947,1,-0.009024557
Cold,713189,4277,4276,3182,1947,1,-0.0022872163
Cold,877019,5300,5299,3182,1947,1,-0.0037608095
Cold,999975,6040,6039,3182,1947,1,-0.0037530689
Cold,176085,1113,1112,3182,1947,1,0.001199363
Cold,18237,140,139,3182,1947,0,-0.0047407523
Cold,19915,149,148,3182,1947,1,0.003964115
Cold,258507,1584,1583,3182,1947,0,-0.0016352063
Cold,24304,173,172,3182,1947,1,-0.00022643816
Cold,47385,319,318,3182,1947,1,-0.003653578
Cold,557778,3425,3424,3182,1947,1,-0.011393482
Cold,309682,1842,1841,3182,1947,1,0.00051442813
Cold,329436,1943,1942,3182,1947,1,0.0021666265
Cold,635672,3832,3831,3182,1947,0,-0.0008411235
Cold,893021,5394,5393,3182,1947,1,0.0014409749
Cold,960297,5792,5791,3182,1947,1,0.0008639433
Cold,261221,1597,1596,3182,1947,1,-0.012235409
Cold,157026,1010,1009,3182,1947,0,-0.002274091
Cold,795508,4765,4764,3182,1947,1,0.00080048386
Cold,16637,131,130,3182,1947,1,-0.013157862
Cold,105656,698,697,3182,1947,1,0.0047890265
Cold,433684,2643,2642,3182,1947,0,-0.0063599753
Cold,63124,424,423,3182,1947,1,0.0006204825
Cold,193762,1194,1193,3182,1947,1,0.00717533
Cold,826098,4960,4959,3182,1947,1,-0.0036557221
Cold,346662,2031,2030,3182,1947,0,-0.0047783973
Cold,550328,3391,3390,3182,1947,1,-0.0019549415
Cold,375162,2186,2185,3190,1951,0,-0.0028394542
Cold,370760,2167,2166,3190,1951,0,0.0032186823
Cold,365996,2130,2129,3190,1951,1,-0.0030634888
Cold,363207,2116,2115,3190,1951,0,0.010874936
Cold,355558,2081,2080,3190,1951,0,-0.0043038293
Cold,356472,2088,2087,3190,1951,0,0.0034099407
Cold,352080,2063,2062,3190,1951,0,0.0037172372
Cold,349126,2048,2047,3190,1951,1,-0.00061443145
Cold,340783,2010,2009,3190,1951,0,0.00082965137
Cold,339894,2004,2003,3190,1951,0,0.005026574
Cold,336610,1981,1980,3190,1951,0,-0.0021892502
Cold,324689,1923,1922,3190,1951,0,-0.0032856183
Cold,330175,1948,1947,3190,1951,0,0.0006664039
Cold,324503,1922,1921,3190,1951,0,-0.0010772957
Cold,309062,1838,1837,3190,1951,0,0.00091887324
Cold,305492,1817,1816,3190,1951,0,0.006595316
Cold,300933,1785,1784,3190,1951,0,0.0010163195
Cold,298721,1774,1773,3190,1951,0,-0.0019974124
Cold,296848,1759,1758,3190,1951,0,0.002359992
Cold,289737,1730,1729,3190,1951,0,-0.0008556538
Cold,289831,1732,1731,3190,1951,0,-0.0060055996
Cold,297613,1764,1763,3190,1951,1,-0.0030618543
Cold,290364,1733,1732,3190,1951,0,0.0046893125
Cold,275635,1667,1666,3190,1951,0,0.0001118597
Cold,277066,1675,1674,3190,1951,0,0.008291927
Cold,271507,1641,1640,3190,1951,0,-0.0026834325
Cold,266679,1617,1616,3190,1951,0,-0.00013555074
Cold,261425,1598,1597,3190,1951,0,-0.0035430733
Cold,256261,1563,1562,3190,1951,0,-0.0003148415
Cold,253929,1544,1543,3190,1951,0,-0.00039925426
Cold,267623,1626,1625,3190,1951,0,-0.0027225146
Cold,246055,1487,1486,3190,1951,0,0.00011667749
Cold,321355,1904,1903,3190,1951,0,0.0028114794
Cold,226173,1369,1368,3190,1951,0,0.009798396
Cold,224735,1358,1357,3190,1951,0,0.000525475
Cold,224250,1356,1355,3190,1951,0,-0.003549637
Cold,223657,1354,1353,3190,1951,0,-0.0020566015
Cold,221472,1340,1339,3190,1951,0,0.0038524987
Cold,214121,1300,1299,3190,1951,0,0.0029451638
Cold,277831,1676,1675,3190,1951,0,0.008705278
Cold,207684,1270,1269,3190,1951,0,-0.005416885
Cold,204969,1261,1260,3190,1951,0,-0.0032302523
Cold,203427,1247,1246,3190,1951,0,-0.0043378747
Cold,279578,1680,1679,3190,1951,0,-0.0017481402
Cold,235869,1427,1426,3190,1951,0,0.0011727189
Cold,196180,1206,1205,3190,1951,0,-0.0022122134
Cold,328394,1941,1940,3190,1951,0,-0.008957624
Cold,326566,1935,1934,3190,1951,0,-0.0048991656
Cold,171839,1088,1087,3190,1951,0,-0.0027611386
Cold,194292,1198,1197,3190,1951,0,-0.0028492585
Cold,276671,1673,1672,3190,1951,0,-0.005153221
Cold,162036,1033,1032,3190,1951,0,-0.001436224
Cold,156248,1006,1005,3190,1951,0,0.006558789
Cold,150090,966,965,3190,1951,0,0.008935398
Cold,149342,961,960,3190,1951,0,-0.007759788
Cold,139629,893,892,3190,1951,0,0.0069692763
Cold,138538,889,888,3190,1951,0,0.0017724345
Cold,134435,869,868,3190,1951,0,-0.00054718624
Cold,182102,1137,1136,3190,1951,0,0.002696006
Cold,127100,820,819,3190,1951,0,0.008679018
Cold,124083,799,798,3190,1951,0,0.0020385676
Cold,122428,790,789,3190,1951,0,0.0049394183
Cold,120504,777,776,3190,1951,0,-0.0007039292
Cold,292793,1743,1742,3190,1951,0,0.0031916935
Cold,106192,699,698,3190,1951,0,0.0037021406
Cold,864251,5208,5207,3190,1951,0,0.005264493
Cold,250444,1509,1508,3190,1951,0,-0.005017046
Cold,85918,561,560,3190,1951,0,0.005973486
Cold,86190,563,562,3190,1951,0,0.0031975354
Cold,84336,550,549,3190,1951,0,0.009597702
Cold,77684,524,523,3190,1951,0,0.0007822104
Cold,66600,445,444,3190,1951,0,-0.002425911
Cold,62279,422,421,3190,1951,0,-0.003343181
Cold,50859,335,334,3190,1951,0,0.0016948503
Cold,49342,329,328,3190,1951,0,0.0026160078
Cold,14133,115,114,3190,1951,0,-0.0036000975
Cold,13976,113,112,3190,1951,0,0.00024776207
Cold,14455,117,116,3190,1951,0,-0.007268481
Cold,8992,61,60,3190,1951,0,0.0013568298
Cold,203192,1246,1245,3190,1951,0,-0.0054858224
Cold,713208,4277,4276,3190,1951,1,0.0037860768
Cold,481929,2962,2961,3190,1951,0,-0.015185643
Cold,773466,4610,4609,3190,1951,0,0.0074119596
Cold,147015,948,947,3190,1951,0,-0.0041203112
Cold,503857,3096,3095,3190,1951,0,0.0038618173
Cold,456096,2808,2807,3190,1951,1,0.0024727562
Cold,287790,1717,1716,3190,1951,0,-0.00064465636
Cold,554074,3410,3409,3190,1951,0,-0.001728971
Cold,331763,1958,1957,3190,1951,0,0.0059877075
Cold,238078,1447,1446,3190,1951,0,-0.0030251914
Cold,559438,3436,3435,3190,1951,1,0.0031378213
Cold,464243,2860,2859,3190,1951,0,0.008581087
Cold,44421,302,301,3190,1951,0,0.00012286636
Cold,673334,4042,4041,3190,1951,0,0.0027547162
Cold,231164,1399,1398,3190,1951,0,-0.003567961
Cold,299149,1776,1775,3190,1951,0,0.004723299
Cold,235105,1425,1424,3190,1951,0,-0.0052661053
Cold,325007,1925,1924,3190,1951,1,-0.0065017845
Cold,720137,4312,4311,3190,1951,0,0.005114549
Cold,341699,2012,2011,3190,1951,0,-0.002087677
Cold,83322,549,548,3190,1951,0,-0.005641888
Cold,144545,931,930,3199,1956,1,-0.0025963145
Cold,347451,2038,2037,3199,1956,0,-0.0049129054
Cold,131260,850,849,3199,1956,0,0.007808947
Cold,90155,594,593,3199,1956,0,-0.0034348823
Cold,339236,1998,1997,3199,1956,0,0.00021700305
Cold,84346,550,549,3199,1956,0,-0.0012991147
Cold,21537,157,156,3199,1956,1,-0.004661659
Cold,357583,2092,2091,3199,1956,0,-0.0037774264
Cold,94611,635,634,3199,1956,1,-0.0030478279
Cold,923960,5580,5579,3199,1956,1,-0.0014875866
Cold,958868,5787,5786,3199,1956,0,-0.0036951527
Cold,841198,5054,5053,3199,1956,0,-0.004917498
Cold,637718,3841,3840,3200,1957,1,-0.004087892
Cold,613837,3718,3717,3200,1957,1,-0.0002798998
Cold,610852,3705,3704,3200,1957,1,-0.0051298533
Cold,615486,3727,3726,3200,1957,0,0.0006585171
Cold,603347,3672,3671,3200,1957,1,-0.0054843137
Cold,587663,3589,3588,3200,1957,0,-0.008335767
Cold,585515,3576,3575,3200,1957,0,-0.0017892962
Cold,582881,3561,3560,3200,1957,0,-0.0005879251
Cold,580400,3546,3545,3200,1957,0,-0.0015964911
Cold,567245,3483,3482,3200,1957,1,-0.013897518
Cold,713630,4277,4276,3200,1957,1,0.00047624228
Cold,566007,3476,3475,3200,1957,1,-0.003314717
Cold,547821,3380,3379,3200,1957,1,0.005616444
Cold,541198,3329,3328,3200,1957,1,0.006047107
Cold,540206,3321,3320,3200,1957,1,-0.0025499328
Cold,539534,3319,3318,3200,1957,0,-0.005938856
Cold,540342,3323,3322,3200,1957,1,-0.0058185617
Cold,534586,3300,3299,3200,1957,1,-0.0021934025
Cold,532985,3292,3291,3200,1957,0,0.0010973569
Cold,529420,3272,3271,3200,1957,0,0.007970817
Cold,501131,3080,3079,3200,1957,1,-0.002415954
Cold,545976,3367,3366,3200,1957,1,-0.0051877075
Cold,482555,2967,2966,3200,1957,1,-0.008514574
Cold,697047,4169,4168,3200,1957,1,-0.008153807
Cold,795581,4765,4764,3200,1957,1,-0.002350974
Cold,591140,3607,3606,3200,1957,1,-0.0072304513
Cold,461981,2849,2848,3200,1957,1,0.0012164596
Cold,457638,2820,2819,3200,1957,1,-0.006499522
Cold,447794,2761,2760,3200,1957,1,-0.006120809
Cold,440429,2693,2692,3200,1957,1,-0.0014356589
Cold,431853,2631,2630,3200,1957,1,-0.0008615444
Cold,428739,2609,2608,3200,1957,1,-0.008086323
Cold,426794,2592,2591,3200,1957,0,-0.00774871
Cold,416345,2507,2506,3200,1957,1,0.00083713187
Cold,412647,2484,2483,3200,1957,0,-0.00014403788
Cold,381518,2231,2230,3200,1957,0,0.0007879683
Cold,371952,2173,2172,3200,1957,1,-0.009055887
Cold,366907,2140,2139,3200,1957,0,-0.0043175966
Cold,359208,2102,2101,3200,1957,0,0.00043506594
Cold,352596,2064,2063,3200,1957,1,0.00058456603
Cold,347247,2038,2037,3200,1957,1,-0.004355754
Cold,340125,2008,2007,3200,1957,1,-0.005941462
Cold,319860,1899,1898,3200,1957,1,0.0026723405
Cold,323054,1916,1915,3200,1957,1,-0.0015423803
Cold,312194,1861,1860,3200,1957,0,0.002163804
Cold,285882,1706,1705,3200,1957,0,-0.0047256364
Cold,281145,1687,1686,3200,1957,1,-0.0118108485
Cold,271607,1642,1641,3200,1957,0,0.001608317
Cold,280700,1685,1684,3200,1957,1,0.0006202278
Cold,253007,1535,1534,3200,1957,1,-0.0030949074
Cold,262102,1600,1599,3200,1957,0,-0.0029814006
Cold,240954,1451,1450,3200,1957,0,-0.0021544104
Cold,219699,1333,1332,3200,1957,1,-0.004857392
Cold,289172,1727,1726,3200,1957,1,-0.008621938
Cold,209123,1276,1275,3200,1957,1,-0.0051438655
Cold,208211,1273,1272,3200,1957,1,-0.0090936525
Cold,307906,1836,1835,3200,1957,1,0.0030846354
Cold,278615,1680,1679,3200,1957,1,-0.002993172
Cold,197845,1216,1215,3200,1957,1,-0.0025611268
Cold,188517,1170,1169,3200,1957,1,-0.00369807
Cold,187240,1162,1161,3200,1957,1,0.00069027604
Cold,189944,1179,1178,3200,1957,1,0.0011082104
Cold,212387,1294,1293,3200,1957,1,0.0076946844
Cold,184854,1150,1149,3200,1957,0,0.0013442996
Cold,180969,1131,1130,3200,1957,1,0.0009928772
Cold,180136,1128,1127,3200,1957,1,-0.005040598
Cold,177438,1119,1118,3200,1957,1,-0.0031044092
Cold,159806,1019,1018,3200,1957,1,-0.007816977
Cold,157758,1015,1014,3200,1957,1,0.0028393073
Cold,337937,1988,1987,3200,1957,0,-0.0059434115
Cold,199256,1224,1223,3200,1957,1,-0.0019392064
Cold,260815,1594,1593,3200,1957,1,-0.0030317823
Cold,137761,889,888,3200,1957,0,0.0009865453
Cold,459083,2826,2825,3200,1957,1,-0.0006595077
Cold,298015,1767,1766,3200,1957,0,-0.003120318
Cold,115261,749,748,3200,1957,1,-0.0023595265
Cold,239660,1449,1448,3200,1957,1,0.0017539317
Cold,112257,731,730,3200,1957,0,-0.0040273303
Cold,106623,702,701,3200,1957,0,0.0050719525
Cold,94540,635,634,3200,1957,1,0.0075259674
Cold,152825,984,983,3200,1957,1,-0.0012193695
Cold,88705,587,586,3200,1957,1,-0.008039163
Cold,394135,2323,2322,3200,1957,0,-0.003769455
Cold,83866,550,549,3200,1957,0,-0.014711659
Cold,77180,524,523,3200,1957,1,-0.002005036
Cold,74119,505,504,3200,1957,1,0.0031255824
Cold,71496,481,480,3200,1957,1,-0.0017550073
Cold,55775,369,368,3200,1957,0,-0.00060940394
Cold,210564,1285,1284,3200,1957,1,-0.00016724621
Cold,53492,352,351,3200,1957,1,-0.00052970403
Cold,145218,935,934,3200,1957,1,-0.0030037747
Cold,35212,238,237,3200,1957,1,-0.0047266553
Cold,31832,216,215,3200,1957,1,0.005445306
Cold,21927,161,160,3200,1957,1,-0.001485152
Cold,21451,157,156,3200,1957,1,-0.011907994
Cold,9152,62,61,3200,1957,1,-0.006324853
Cold,4150,31,30,3200,1957,0,-0.0067053996
Cold,801631,4802,4801,3200,1957,1,-0.010028186
Cold,15416,123,122,3200,1957,0,-0.0036328358
Cold,524373,3233,3232,3200,1957,0,0.005379549
Cold,893203,5394,5393,3200,1957,0,-0.009233803
Cold,24241,173,172,3200,1957,1,0.0063090143
Cold,289952,1733,1732,3200,1957,1,-0.011534059
Cold,47265,319,318,3200,1957,1,6.670598e-05
Cold,421588,2547,2546,3200,1957,1,-0.0036653923
Cold,632927,3824,3823,3200,1957,0,-0.011328153
Cold,804136,4815,4814,3200,1957,1,-0.0030656813
Cold,473188,2909,2908,3200,1957,1,-0.004157993
Cold,322070,1912,1911,3200,1957,0,-0.0020811416
Cold,319136,1897,1896,3200,1957,0,-0.0041609816
Cold,657395,3963,3962,3200,1957,1,-0.0043126894
Cold,343496,2018,2017,3200,1957,1,-0.008206293
Cold,725759,4344,4343,3206,1961,0,0.0006587454
Cold,599599,3649,3648,3206,1961,0,0.0051251985
Cold,632932,3824,3823,3206,1961,0,0.0013456659
Cold,940118,5675,5674,3206,1961,1,0.010537499
Cold,578973,3539,3538,3206,1961,0,0.00510483
Cold,568944,3491,3490,3206,1961,1,0.005314245
Cold,567250,3483,3482,3206,1961,1,0.0036140312
Cold,553349,3405,3404,3206,1961,1,0.0006659196
Cold,548344,3384,3383,3206,1961,0,0.0020718095
Cold,532988,3292,3291,3206,1961,1,-0.0011960045
Cold,541981,3336,3335,3206,1961,0,0.0059909895
Cold,515945,3184,3183,3206,1961,0,0.0145409405
Cold,509725,3140,3139,3206,1961,1,0.0021979825
Cold,509431,3138,3137,3206,1961,0,0.008862611
Cold,508450,3129,3128,3206,1961,0,0.0030014352
Cold,502363,3083,3082,3206,1961,1,0.0071637677
Cold,499124,3067,3066,3206,1961,1,0.0045606326
Cold,493773,3032,3031,3206,1961,1,0.0021393823
Cold,490558,3018,3017,3206,1961,0,0.004649191
Cold,510925,3150,3149,3206,1961,1,-0.0024043606
Cold,529424,3272,3271,3206,1961,0,0.0020194405
Cold,697053,4169,4168,3206,1961,0,0.007557047
Cold,472300,2907,2906,3206,1961,1,0.008486696
Cold,446091,2751,2750,3206,1961,0,0.0057859747
Cold,445077,2745,2744,3206,1961,0,0.0074727857
Cold,790649,4728,4727,3206,1961,0,0.007886297
Cold,438081,2677,2676,3206,1961,1,-0.0019974401
Cold,429017,2611,2610,3206,1961,0,0.0059230644
Cold,414879,2497,2496,3206,1961,1,0.0037949143
Cold,412457,2482,2481,3206,1961,0,0.007563204
Cold,555000,3413,3412,3206,1961,0,0.0058299783
Cold,402154,2402,2401,3206,1961,0,0.010154935
Cold,399351,2377,2376,3206,1961,1,-0.0032994936
Cold,393702,2318,2317,3206,1961,0,0.008713767
Cold,393440,2315,2314,3206,1961,0,0.003741949
Cold,388841,2279,2278,3206,1961,1,0.0037730008
Cold,384858,2248,2247,3206,1961,0,0.011210991
Cold,353641,2072,2071,3206,1961,0,-0.0011132555
Cold,306705,1829,1828,3206,1961,0,0.0038135226
Cold,293374,1747,1746,3206,1961,0,0.0022382992
Cold,287059,1714,1713,3206,1961,1,-0.0032868313
Cold,232310,1410,1409,3206,1961,1,-0.0010145237
Cold,192532,1185,1184,3206,1961,1,0.014928778
Cold,187241,1162,1161,3206,1961,1,0.013520055
Cold,316111,1883,1882,3206,1961,0,0.002079927
Cold,180140,1128,1127,3206,1961,1,0.0088293385
Cold,327591,1941,1940,3206,1961,0,0.020463077
Cold,137767,889,888,3206,1961,0,0.0036557014
Cold,490034,3015,3014,3206,1961,1,6.1846804e-06
Cold,131719,854,853,3206,1961,0,0.011795294
Cold,314936,1880,1879,3206,1961,0,-0.0026537403
Cold,125273,805,804,3206,1961,1,-0.0011278493
Cold,124737,802,801,3206,1961,1,-0.0017421856
Cold,210571,1285,1284,3206,1961,0,0.008930769
Cold,112826,732,731,3206,1961,1,0.0033099921
Cold,103290,687,686,3206,1961,0,0.008202172
Cold,351383,2063,2062,3206,1961,0,0.0008919188
Cold,313993,1875,1874,3206,1961,1,-0.003056419
Cold,227989,1383,1382,3206,1961,0,0.005065708
Cold,56825,382,381,3206,1961,0,0.0019842528
Cold,110567,721,720,3206,1961,0,0.0018212376
Cold,238577,1448,1447,3206,1961,0,-0.000787786
Cold,3558,26,25,3206,1961,1,0.0008899071
Cold,552071,3401,3400,3206,1961,0,0.009637885
Cold,432533,2638,2637,3206,1961,1,-0.0068528913
Cold,264921,1611,1610,3206,1961,0,0.0011309852
Cold,239664,1449,1448,3206,1961,0,0.0022973965
Cold,187486,1164,1163,3206,1961,1,-0.0017148983
Cold,229536,1390,1389,3206,1961,1,0.00012331596
Cold,240959,1451,1450,3206,1961,1,-0.008571622
Cold,473194,2909,2908,3206,1961,1,-0.006158315
Cold,324849,1925,1924,3206,1961,0,0.0003731693
Cold,193421,1194,1193,3206,1961,0,0.0033925455
Cold,16613,131,130,3211,1964,1,-0.0038995948
Cold,15442,123,122,3211,1964,0,-0.0068671983
Cold,157781,1015,1014,3211,1964,0,-0.003100941
Cold,181860,1137,1136,3211,1964,1,-0.008618565
Cold,319148,1897,1896,3211,1964,1,-0.008717718
Cold,974540,5878,5877,3211,1964,0,-0.0060472884
Cold,393705,2318,2317,3214,1966,1,-0.0024110232
Cold,318287,1891,1890,3214,1966,0,-0.003496367
Cold,298295,1768,1767,3214,1966,0,0.007665937
Cold,290871,1736,1735,3214,1966,0,-0.0037652284
Cold,283434,1697,1696,3214,1966,1,0.0026405149
Cold,268811,1632,1631,3214,1966,0,-0.0007515816
Cold,252113,1526,1525,3214,1966,0,0.006482555
Cold,325208,1926,1925,3214,1966,1,0.0050844885
Cold,213276,1298,1297,3214,1966,1,0.010127077
Cold,396798,2349,2348,3214,1966,0,-0.006652877
Cold,196930,1209,1208,3214,1966,1,0.00425869
Cold,192535,1185,1184,3214,1966,1,0.0057770642
Cold,327625,1941,1940,3214,1966,1,0.01575753
Cold,190423,1181,1180,3214,1966,0,0.0075185825
Cold,150408,970,969,3214,1966,0,0.0017440615
Cold,318887,1896,1895,3214,1966,1,0.01681339
Cold,154730,999,998,3214,1966,1,0.009338836
Cold,314959,1880,1879,3214,1966,0,0.0075760325
Cold,124416,801,800,3214,1966,0,0.0025055679
Cold,177904,1120,1119,3214,1966,1,-0.0013389715
Cold,272027,1645,1644,3214,1966,1,0.01296476
Cold,96093,646,645,3214,1966,1,0.008630087
Cold,115272,749,748,3214,1966,0,0.0025031352
Cold,85500,558,557,3214,1966,0,0.0021858145
Cold,238599,1448,1447,3214,1966,1,-0.0018898468
Cold,75405,513,512,3214,1966,1,0.01464493
Cold,69709,469,468,3214,1966,1,0.0017648381
Cold,239692,1449,1448,3214,1966,0,0.012806334
Cold,42395,289,288,3214,1966,0,0.0013224502
Cold,267833,1628,1627,3214,1966,0,0.007574707
Cold,19252,148,147,3214,1966,0,0.0024987166
Cold,204428,1260,1259,3214,1966,0,0.016252318
Cold,144757,934,933,3214,1966,0,-0.0017033966
Cold,676889,4058,4057,3214,1966,1,0.0015678962
Cold,240975,1451,1450,3214,1966,0,-0.0019234717
Cold,101955,678,677,3214,1966,1,0.009986763
Cold,673134,4042,4041,3214,1966,0,0.013460617
Cold,294163,1749,1748,3217,1967,0,0.011519586
Cold,256629,1569,1568,3217,1967,1,-0.000759637
Cold,325210,1926,1925,3217,1967,1,0.0015811058
Cold,199278,1224,1223,3217,1967,1,0.011688466
Cold,165727,1057,1056,3217,1967,1,0.0064400285
Cold,159099,1017,1016,3217,1967,0,0.008276511
Cold,162175,1034,1033,3217,1967,1,0.010513915
Cold,190430,1181,1180,3217,1967,0,0.009342233
Cold,143811,928,927,3217,1967,1,0.0120799625
Cold,184892,1150,1149,3217,1967,0,0.011027217
Cold,130993,850,849,3217,1967,1,0.0071492367
Cold,322092,1912,1911,3217,1967,1,0.014281569
Cold,122883,793,792,3217,1967,0,0.0072499965
Cold,107264,706,705,3217,1967,1,0.00046813
Cold,152843,984,983,3217,1967,0,0.0073971353
Cold,86328,564,563,3217,1967,1,0.0060668997
Cold,64728,434,433,3217,1967,1,0.0061482647
Cold,35220,238,237,3217,1967,0,0.010314438
Cold,31867,216,215,3217,1967,0,0.003954218
Cold,34638,235,234,3217,1967,1,0.00949281
Cold,15989,126,125,3217,1967,0,0.010180604
Cold,591741,3610,3609,3217,1967,0,0.0065998808
Cold,8076,54,53,3217,1967,0,0.003012892
Cold,206655,1266,1265,3217,1967,1,0.003366105
Cold,739515,4418,4417,3217,1967,0,0.0053009437
Cold,420800,2544,2543,3217,1967,0,0.010167832
Cold,56243,375,374,3217,1967,0,0.0072459048
Cold,157786,1015,1014,3217,1967,1,0.012560771
Cold,680518,4079,4078,3217,1967,1,0.008610258
Cold,821677,4940,4939,3217,1967,1,0.003983002
Cold,171272,1088,1087,3217,1967,0,0.007905265
Cold,208618,1274,1273,3224,1969,1,-0.0054479726
Cold,184273,1147,1146,3224,1969,1,-0.00504121
Cold,190460,1181,1180,3224,1969,0,0.0026500537
Cold,161173,1028,1027,3224,1969,0,-0.007178032
Cold,157806,1015,1014,3224,1969,0,-0.0119310655
Cold,246184,1489,1488,3224,1969,0,0.0026762444
Cold,137828,889,888,3224,1969,0,-0.0066883117
Cold,97709,655,654,3224,1969,1,-0.0055297823
Cold,245438,1483,1482,3224,1969,0,-0.01732603
Cold,45543,307,306,3224,1969,0,-0.006607353
Cold,57947,392,391,3224,1969,1,-0.004236667
Cold,522236,3224,3223,3224,1969,1,-0.004847566
Cold,257445,1579,1578,3224,1969,1,-0.009965837
Cold,24266,173,172,3224,1969,1,-0.007814834
Cold,283903,1698,1697,3224,1969,1,-0.009613636
Cold,555010,3413,3412,3224,1969,1,-0.0029556418
Cold,8767,59,58,3224,1969,1,-0.015410043
Cold,351428,2063,2062,3225,1970,1,-0.0028477549
Cold,361424,2109,2108,3225,1970,0,0.009581697
Cold,335516,1980,1979,3225,1970,0,0.005454042
Cold,329712,1944,1943,3225,1970,0,0.005165735
Cold,294633,1750,1749,3225,1970,1,0.007987656
Cold,299452,1778,1777,3225,1970,0,0.0052726055
Cold,271391,1641,1640,3225,1970,0,0.005569464
Cold,436170,2665,2664,3225,1970,0,0.0008096723
Cold,332487,1962,1961,3225,1970,0,-0.0040984154
Cold,223325,1354,1353,3225,1970,0,0.015370201
Cold,201047,1240,1239,3225,1970,0,0.0026818109
Cold,200263,1230,1229,3225,1970,1,-0.0020507388
Cold,192288,1184,1183,3225,1970,0,0.0020825341
Cold,187373,1163,1162,3225,1970,0,0.004942261
Cold,163366,1045,1044,3225,1970,1,-0.0067160293
Cold,154178,995,994,3225,1970,1,-0.0026234966
Cold,152607,982,981,3225,1970,1,-0.0010718247
Cold,246186,1489,1488,3225,1970,0,0.008649208
Cold,139812,896,895,3225,1970,0,-0.004689705
Cold,137829,889,888,3225,1970,0,-0.001032467
Cold,125276,805,804,3225,1970,1,0.0026742714
Cold,124423,801,800,3225,1970,0,0.00447271
Cold,87531,572,571,3225,1970,1,0.0048697693
Cold,64146,429,428,3225,1970,0,-0.0008936478
Cold,78284,528,527,3225,1970,0,0.008161927
Cold,132277,855,854,3225,1970,0,-0.0037440842
Cold,312776,1865,1864,3225,1970,0,0.0039570536
Cold,314326,1877,1876,3225,1970,0,-5.846517e-05
Cold,263024,1605,1604,3225,1970,0,0.00841802
Cold,270740,1639,1638,3225,1970,0,0.003965258
Cold,360494,2106,2105,3225,1970,0,0.0059968256
Cold,150422,970,969,3225,1970,1,0.0016522086
Cold,557145,3423,3422,3225,1970,1,0.006196051
Cold,60585,411,410,3225,1970,0,0.005710875
Cold,365441,2127,2126,3225,1970,1,-0.0029319334
Cold,79140,531,530,3225,1970,0,0.0029762196
Cold,331330,1958,1957,3225,1970,0,0.013106505
Cold,222715,1348,1347,3225,1970,0,-0.0022743219
Cold,11890,92,91,3225,1970,0,1.7908402e-05
Cold,405297,2427,2426,3225,1970,0,0.008157741
Cold,20671,151,150,3225,1970,0,0.0037760492
Cold,82784,549,548,3225,1970,0,-0.003831881
Cold,110593,721,720,3225,1970,0,0.0015996606
Cold,517803,3196,3195,3225,1970,1,0.0057498356
Cold,599055,3648,3647,3225,1970,1,0.0019196235
Cold,713661,4277,4276,3225,1970,1,0.004127386
Cold,255437,1556,1555,3225,1970,0,0.0111638885
Cold,499155,3067,3066,3225,1970,0,0.0049961344
Cold,134037,869,868,3225,1970,0,0.0063401135
Cold,768972,4579,4578,3225,1970,0,0.008017896
Cold,764342,4543,4542,3225,1970,0,0.0060087396
Cold,476233,2926,2925,3225,1970,0,0.0015962529
Cold,111584,727,726,3225,1970,0,0.008297912
Cold,46403,310,309,3225,1970,1,0.0052593085
Cold,864018,5205,5204,3225,1970,0,0.012056206
Cold,164284,1051,1050,3225,1970,0,-0.0012200635
Cold,171295,1088,1087,3225,1970,0,-0.0018210225
Cold,354720,2077,2076,3225,1970,0,0.004434892
Cold,785823,4697,4696,3225,1970,1,0.0064838175
Cold,575739,3520,3519,3225,1970,0,-0.0027660285
Cold,295543,1755,1754,3225,1970,0,0.0016185783
Cold,877497,5302,5301,3225,1970,0,-0.0016159173
Cold,152875,984,983,3230,1971,1,0.0060250666
Cold,146055,939,938,3230,1971,0,0.003344878
Cold,169205,1074,1073,3230,1971,1,-0.0044343076
Cold,101638,677,676,3230,1971,1,0.0060721897
Cold,95340,639,638,3230,1971,1,0.011610934
Cold,190491,1181,1180,3230,1971,0,0.013497608
Cold,80857,537,536,3230,1971,1,0.0073752673
Cold,34093,230,229,3230,1971,1,0.0031840121
Cold,30810,205,204,3230,1971,1,-0.006452284
Cold,13526,107,106,3230,1971,0,-0.007560692
Cold,4534,33,32,3230,1971,1,-0.0029479994
Cold,481648,2962,2961,3230,1971,0,-0.00049848855
Cold,453526,2793,2792,3230,1971,1,0.0034871837
Cold,353420,2071,2070,3230,1971,0,0.0026857904
Cold,293610,1748,1747,3230,1971,1,0.0020110672
Cold,357277,2092,2091,3230,1971,1,0.00329191
Cold,255444,1556,1555,3230,1971,0,-0.0025567757
Cold,464035,2860,2859,3230,1971,1,0.0019834803
Cold,144061,929,928,3235,1972,0,-0.004303721
Cold,635799,3833,3832,3235,1972,0,0.010550241
Cold,829001,4979,4978,3235,1972,1,0.0030736988
Cold,105884,699,698,3235,1972,0,0.0063589634
Cold,483192,2969,2968,3235,1972,1,-0.005089266
Cold,24277,173,172,3235,1972,0,-0.004422008
Cold,371553,2172,2171,3235,1972,0,-0.004371448
Cold,501154,3080,3079,3235,1972,0,0.0041329092
Cold,821680,4940,4939,3235,1972,1,-0.00022161892
Cold,941631,5682,5681,3235,1972,0,0.0049521327
Cold,745253,4448,4447,3235,1972,1,0.01134363
Cold,592543,3612,3611,3262,1992,1,-0.0028220718
Cold,579085,3539,3538,3262,1992,0,-0.00070972857
Cold,593494,3618,3617,3262,1992,0,-0.0031128176
Cold,570200,3499,3498,3262,1992,0,-0.00053110777
Cold,576930,3526,3525,3262,1992,0,0.0017636456
Cold,549849,3391,3390,3262,1992,1,-0.006968071
Cold,904365,5468,5467,3262,1992,1,0.005059688
Cold,534298,3299,3298,3262,1992,0,-9.1137365e-05
Cold,532683,3290,3289,3262,1992,1,-0.005474182
Cold,536906,3311,3310,3262,1992,1,-0.0044562304
Cold,512658,3163,3162,3262,1992,1,-0.0034134905
Cold,574627,3518,3517,3262,1992,1,-0.007561454
Cold,800167,4795,4794,3262,1992,0,-0.0044606104
Cold,799404,4790,4789,3262,1992,0,-0.0049914494
Cold,492555,3029,3028,3262,1992,1,0.0038703457
Cold,488320,3004,3003,3262,1992,1,-0.0046565915
Cold,491556,3024,3023,3262,1992,0,-7.5051794e-06
Cold,487336,2997,2996,3262,1992,0,-0.011194795
Cold,553782,3410,3409,3262,1992,0,-0.004177054
Cold,451706,2781,2780,3262,1992,0,-0.0006646649
Cold,440923,2700,2699,3262,1992,0,0.004041343
Cold,420177,2540,2539,3262,1992,0,0.004988459
Cold,415030,2498,2497,3262,1992,0,0.0032764168
Cold,400293,2383,2382,3262,1992,0,0.0022850812
Cold,414467,2496,2495,3262,1992,0,-0.005886427
Cold,379149,2215,2214,3262,1992,1,0.0002608816
Cold,373882,2181,2180,3262,1992,0,-0.003938272
Cold,369799,2164,2163,3262,1992,1,-0.0040062056
Cold,357908,2094,2093,3262,1992,1,0.0016497459
Cold,359258,2102,2101,3262,1992,0,-0.0021599296
Cold,339648,2002,2001,3262,1992,1,0.002262872
Cold,301040,1788,1787,3262,1992,1,-0.0004993832
Cold,278329,1679,1678,3262,1992,0,-0.008311821
Cold,310063,1845,1844,3262,1992,0,-0.0036242465
Cold,273463,1648,1647,3262,1992,1,0.0056935996
Cold,278788,1680,1679,3262,1992,1,-0.0012386661
Cold,268303,1630,1629,3262,1992,0,0.0022593595
Cold,267727,1627,1626,3262,1992,1,-0.0046725105
Cold,260344,1592,1591,3262,1992,0,0.0038668122
Cold,256735,1570,1569,3262,1992,0,0.009980549
Cold,269771,1635,1634,3262,1992,1,-0.010395382
Cold,246821,1491,1490,3262,1992,0,0.005699282
Cold,276096,1671,1670,3262,1992,0,-0.0029557324
Cold,224054,1356,1355,3262,1992,1,0.003255682
Cold,212799,1297,1296,3262,1992,0,0.0024944786
Cold,205650,1264,1263,3262,1992,1,0.0022815552
Cold,203977,1255,1254,3262,1992,0,0.0074181464
Cold,308436,1837,1836,3262,1992,1,0.009448781
Cold,214703,1303,1302,3262,1992,0,-0.0027017684
Cold,210678,1285,1284,3262,1992,0,-0.0045178994
Cold,307260,1835,1834,3262,1992,1,-0.01110984
Cold,168277,1069,1068,3262,1992,1,-0.008618861
Cold,167385,1066,1065,3262,1992,0,-0.0018638966
Cold,166345,1059,1058,3262,1992,0,0.0019227505
Cold,165152,1053,1052,3262,1992,0,0.001537024
Cold,327741,1941,1940,3262,1992,0,-0.006229762
Cold,157894,1015,1014,3262,1992,0,0.0012486461
Cold,149509,963,962,3262,1992,0,-0.004152783
Cold,246215,1489,1488,3262,1992,0,0.0038106563
Cold,184995,1150,1149,3262,1992,0,0.0036526169
Cold,139356,891,890,3262,1992,1,0.002414697
Cold,137919,889,888,3262,1992,0,0.0046931207
Cold,136343,881,880,3262,1992,0,-0.0023358953
Cold,135473,877,876,3262,1992,0,0.002228918
Cold,126840,818,817,3262,1992,1,-0.004060051
Cold,111830,728,727,3262,1992,0,-0.004954814
Cold,159891,1019,1018,3262,1992,0,-0.0057780184
Cold,779039,4653,4652,3262,1992,0,0.0095794555
Cold,100753,673,672,3262,1992,0,0.0012798586
Cold,316663,1884,1883,3262,1992,0,0.007677434
Cold,107752,710,709,3262,1992,0,-0.005407406
Cold,283948,1698,1697,3262,1992,0,0.0043278714
Cold,90574,601,600,3262,1992,0,0.0039247456
Cold,84935,552,551,3262,1992,1,0.00047233328
Cold,82843,549,548,3262,1992,1,-0.0019388711
Cold,190552,1181,1180,3262,1992,0,0.0095680645
Cold,80674,536,535,3262,1992,0,0.004351966
Cold,80050,533,532,3262,1992,1,-0.0005813502
Cold,74650,509,508,3262,1992,1,0.0033931127
Cold,53177,350,349,3262,1992,0,-0.0070697726
Cold,30228,203,202,3262,1992,0,0.003067844
Cold,26372,187,186,3262,1992,1,0.0030990369
Cold,23076,166,165,3262,1992,1,-0.0001119799
Cold,104174,692,691,3262,1992,0,-0.0014605786
Cold,380728,2225,2224,3262,1992,0,-0.0038992064
Cold,129242,839,838,3262,1992,0,-0.0128784
Cold,844257,5074,5073,3262,1992,0,-0.00092441007
Cold,467281,2880,2879,3262,1992,0,-0.008473206
Cold,199998,1228,1227,3262,1992,0,-0.010794696
Cold,45886,308,307,3262,1992,0,0.0024773623
Cold,195278,1203,1202,3262,1992,0,0.0026201485
Cold,841421,5054,5053,3262,1992,0,-0.003372076
Cold,290019,1733,1732,3262,1992,1,-0.0057477057
Cold,167497,1067,1066,3262,1992,1,0.0005855395
Cold,174028,1101,1100,3262,1992,0,-0.0019954282
Cold,959003,5787,5786,3262,1992,0,-0.003425254
Cold,62666,424,423,3262,1992,1,-0.00230818
Cold,415696,2504,2503,3262,1992,0,-0.0018101265
Cold,115948,752,751,3262,1992,0,-0.0017499505
Cold,237689,1447,1446,3262,1992,0,-0.0062841754
Cold,713702,4277,4276,3262,1992,1,-0.011356687
Cold,893244,5394,5393,3262,1992,0,0.007809906
Cold,58716,398,397,3262,1992,1,-0.0044977954
Cold,551174,3394,3393,3266,1996,0,-0.009211048
Cold,546713,3371,3370,3266,1996,1,-0.009817954
Cold,645139,3885,3884,3266,1996,1,-0.0033974764
Cold,549855,3391,3390,3266,1996,1,-0.0065318746
Cold,528062,3265,3264,3266,1996,0,-0.004306004
Cold,524795,3240,3239,3266,1996,1,-0.0011309525
Cold,518083,3197,3196,3266,1996,1,-0.0016288972
Cold,513449,3167,3166,3266,1996,1,-0.0010710275
Cold,512660,3163,3162,3266,1996,1,-0.009504121
Cold,610564,3704,3703,3266,1996,1,0.004050617
Cold,512311,3161,3160,3266,1996,1,-0.001051169
Cold,508978,3131,3130,3266,1996,0,-0.002180485
Cold,513901,3171,3170,3266,1996,1,-0.00042615365
Cold,495849,3045,3044,3266,1996,1,-0.0011626089
Cold,633027,3824,3823,3266,1996,0,-0.0118345935
Cold,493277,3031,3030,3266,1996,1,0.005366347
Cold,482602,2967,2966,3266,1996,0,-0.011432489
Cold,479595,2943,2942,3266,1996,1,-0.003987585
Cold,475071,2916,2915,3266,1996,1,-0.005065865
Cold,852829,5113,5112,3266,1996,0,-0.0037632484
Cold,462336,2853,2852,3266,1996,1,-0.00079068844
Cold,461089,2844,2843,3266,1996,0,-0.006191089
Cold,458867,2825,2824,3266,1996,1,0.004176543
Cold,457285,2818,2817,3266,1996,1,-0.00675375
Cold,457735,2820,2819,3266,1996,0,0.005516371
Cold,441340,2703,2702,3266,1996,1,-0.0061967405
Cold,430948,2627,2626,3266,1996,0,-0.0077161547
Cold,389894,2288,2287,3266,1996,0,0.002131504
Cold,349479,2051,2050,3266,1996,0,-0.0034497587
Cold,342267,2015,2014,3266,1996,0,0.0030820314
Cold,310064,1845,1844,3266,1996,1,-0.0063687013
Cold,292169,1741,1740,3266,1996,0,-8.181669e-07
Cold,288791,1726,1725,3266,1996,1,-0.0043416936
Cold,278799,1680,1679,3266,1996,0,-0.0021953098
Cold,269774,1635,1634,3266,1996,1,0.003740523
Cold,254057,1545,1544,3266,1996,1,0.0023773331
Cold,247555,1496,1495,3266,1996,1,-0.0031598692
Cold,230748,1396,1395,3266,1996,1,0.0063481247
Cold,225201,1362,1361,3266,1996,0,0.0026590787
Cold,224058,1356,1355,3266,1996,1,-0.0043825107
Cold,214707,1303,1302,3266,1996,0,-0.003721695
Cold,350252,2056,2055,3266,1996,0,0.00085600244
Cold,294193,1749,1748,3266,1996,1,-0.006848491
Cold,185001,1150,1149,3266,1996,0,0.00075261766
Cold,207307,1267,1266,3266,1996,1,0.008338955
Cold,176498,1116,1115,3266,1996,0,-0.0011052912
Cold,173542,1100,1099,3266,1996,1,0.0021454669
Cold,168280,1069,1068,3266,1996,1,0.003139439
Cold,159135,1017,1016,3266,1996,1,-0.005043171
Cold,148968,958,957,3266,1996,1,-0.004417228
Cold,133521,863,862,3266,1996,1,-0.0016409156
Cold,125492,808,807,3266,1996,0,-0.011291578
Cold,239783,1449,1448,3266,1996,0,-0.008836701
Cold,105060,696,695,3266,1996,1,-0.006138567
Cold,121695,783,782,3266,1996,0,-0.0064352946
Cold,92988,623,622,3266,1996,0,-0.00014157628
Cold,283953,1698,1697,3266,1996,1,-0.0015298503
Cold,169516,1077,1076,3266,1996,1,0.0036588674
Cold,308440,1837,1836,3266,1996,1,-0.006508523
Cold,626573,3792,3791,3266,1996,0,-0.014752209
Cold,658790,3970,3969,3266,1996,0,0.0019225364
Cold,77272,524,523,3266,1996,0,0.00044969562
Cold,75664,515,514,3266,1996,1,-0.0036523927
Cold,197256,1211,1210,3266,1996,0,-0.0054483106
Cold,69454,466,465,3266,1996,1,-0.0006181686
Cold,70093,474,473,3266,1996,1,0.0043847817
Cold,200001,1228,1227,3266,1996,0,-0.0031163234
Cold,33444,225,224,3266,1996,1,-0.009132778
Cold,336910,1983,1982,3266,1996,1,-0.004842105
Cold,734569,4387,4386,3266,1996,0,0.0036995704
Cold,25589,181,180,3266,1996,1,-0.016557787
Cold,12488,95,94,3266,1996,1,-0.0021341098
Cold,7656,53,52,3266,1996,1,-0.008433603
Cold,408,5,4,3266,1996,0,-0.00712494
Cold,3115,23,22,3266,1996,0,-0.0071275076
Cold,24321,173,172,3266,1996,0,-0.0024937675
Cold,538402,3313,3312,3266,1996,1,-0.0020526557
Cold,290029,1733,1732,3266,1996,1,-0.0003017094
Cold,467283,2880,2879,3266,1996,1,-0.009686388
Cold,107759,710,709,3266,1996,0,-0.0031251463
Cold,104178,692,691,3266,1996,0,-0.011753235
Cold,553785,3410,3409,3266,1996,1,-0.008672454
Cold,45889,308,307,3266,1996,1,0.00587549
Cold,28084,195,194,3266,1996,1,-0.00015824358
Cold,960394,5792,5791,3266,1996,1,0.002669847
Cold,933799,5636,5635,3266,1996,0,-0.0033567334
Cold,511790,3158,3157,3266,1996,1,0.0022971437
Cold,475414,2918,2917,3266,1996,0,-0.008980602
Cold,561486,3454,3453,3266,1996,0,-0.0076652314
Cold,937358,5654,5653,3266,1996,0,-0.0022863112
Cold,223027,1352,1351,3266,1996,1,0.0026546954
Cold,847190,5090,5089,3266,1996,1,-0.00080280146
Cold,310563,1851,1850,3266,1996,0,0.0059420876
Cold,480421,2947,2946,3266,1996,0,0.0013660905
Cold,582403,3558,3557,3268,1998,0,0.011660306
Cold,593500,3618,3617,3268,1998,0,0.0042342152
Cold,573828,3513,3512,3268,1998,0,-0.0019469513
Cold,571935,3507,3506,3268,1998,0,-0.006101677
Cold,549858,3391,3390,3268,1998,0,-0.0013946482
Cold,536917,3311,3310,3268,1998,0,0.0021857184
Cold,575173,3519,3518,3268,1998,0,0.0062774704
Cold,516846,3191,3190,3268,1998,0,-0.0028230473
Cold,515342,3182,3181,3268,1998,0,0.0003184008
Cold,512662,3163,3162,3268,1998,0,-0.010896081
Cold,502055,3082,3081,3268,1998,0,-0.0040653385
Cold,493878,3032,3031,3268,1998,0,0.0045017395
Cold,492561,3029,3028,3268,1998,0,-0.0058263475
Cold,493278,3031,3030,3268,1998,0,-0.007893453
Cold,491987,3026,3025,3268,1998,0,-0.00036010146
Cold,488624,3007,3006,3268,1998,0,0.0020034947
Cold,599829,3650,3649,3268,1998,0,-0.010675279
Cold,470898,2899,2898,3268,1998,0,0.012618999
Cold,473329,2909,2908,3268,1998,0,-6.2535226e-05
Cold,472393,2907,2906,3268,1998,1,-0.0010205365
Cold,463106,2857,2856,3268,1998,0,0.0021385865
Cold,486927,2996,2995,3268,1998,0,0.0039576706
Cold,477433,2931,2930,3268,1998,0,-0.0013354893
Cold,450642,2777,2776,3268,1998,0,-0.015566587
Cold,420411,2541,2540,3268,1998,0,0.00055267056
Cold,419660,2537,2536,3268,1998,0,-0.0038511478
Cold,418512,2529,2528,3268,1998,0,-0.0016141725
Cold,403878,2413,2412,3268,1998,0,0.011442667
Cold,399436,2378,2377,3268,1998,0,0.0020868974
Cold,395794,2340,2339,3268,1998,0,0.0072478224
Cold,389896,2288,2287,3268,1998,0,-0.001224651
Cold,375498,2188,2187,3268,1998,0,-0.002149969
Cold,373351,2180,2179,3268,1998,0,0.010985023
Cold,370219,2165,2164,3268,1998,0,-0.0033382005
Cold,367853,2148,2147,3268,1998,0,0.0017235072
Cold,367192,2143,2142,3268,1998,0,-0.0007448273
Cold,355897,2085,2084,3268,1998,0,0.009761993
Cold,436222,2665,2664,3268,1998,0,0.010903066
Cold,361463,2109,2108,3268,1998,0,-0.0012055067
Cold,351513,2063,2062,3268,1998,0,-0.004877828
Cold,340489,2010,2009,3268,1998,0,-0.00616856
Cold,341453,2012,2011,3268,1998,0,-0.0033822493
Cold,350909,2060,2059,3268,1998,0,0.0028884467
Cold,306588,1828,1827,3268,1998,0,-0.0018046165
Cold,297352,1764,1763,3268,1998,1,-0.0034764733
Cold,303471,1803,1802,3268,1998,0,-0.0019005791
Cold,298983,1776,1775,3268,1998,0,-0.006342818
Cold,286223,1709,1708,3268,1998,0,-0.0012767282
Cold,256316,1564,1563,3268,1998,0,-0.005954994
Cold,253122,1538,1537,3268,1998,0,-0.0024682055
Cold,360562,2106,2105,3268,1998,0,0.0045480994
Cold,262136,1600,1599,3268,1998,0,-0.009341294
Cold,236193,1433,1432,3268,1998,0,-0.005670892
Cold,232319,1410,1409,3268,1998,0,0.001566994
Cold,335596,1980,1979,3268,1998,0,-0.0018638002
Cold,227001,1377,1376,3268,1998,0,-0.013156824
Cold,212803,1297,1296,3268,1998,0,-0.002195015
Cold,278803,1680,1679,3268,1998,0,-0.0034839534
Cold,174822,1107,1106,3268,1998,0,-0.003342313
Cold,198582,1220,1219,3268,1998,1,0.0008675996
Cold,169518,1077,1076,3268,1998,0,-0.002943281
Cold,327754,1941,1940,3268,1998,1,-0.003383775
Cold,161508,1030,1029,3268,1998,0,-0.002295103
Cold,189274,1173,1172,3268,1998,0,-0.0014893077
Cold,275431,1667,1666,3268,1998,0,0.0043456824
Cold,342269,2015,2014,3268,1998,0,-0.0029493268
Cold,155763,1004,1003,3268,1998,0,0.0030218372
Cold,144794,934,933,3268,1998,0,-0.006212704
Cold,276821,1675,1674,3268,1998,0,-0.0029902926
Cold,136350,881,880,3268,1998,0,-0.00012841751
Cold,202359,1244,1243,3268,1998,0,-0.010428251
Cold,332530,1962,1961,3268,1998,0,0.008203739
Cold,120122,776,775,3268,1998,0,-0.00949382
Cold,120301,777,776,3268,1998,0,-4.5184745e-05
Cold,114741,746,745,3268,1998,0,-0.005247448
Cold,110646,721,720,3268,1998,0,-0.003728484
Cold,101295,676,675,3268,1998,0,-0.0016587614
Cold,299490,1778,1777,3268,1998,0,0.0076890113
Cold,98639,660,659,3268,1998,0,-0.0005245049
Cold,96347,647,646,3268,1998,0,-0.0032982964
Cold,95354,639,638,3268,1998,1,0.008985481
Cold,441934,2718,2717,3268,1998,1,0.0033694513
Cold,90577,601,600,3268,1998,0,0.01040868
Cold,238689,1448,1447,3268,1998,0,-0.0048864223
Cold,119068,770,769,3268,1998,0,-0.0010724261
Cold,81523,543,542,3268,1998,0,0.012526757
Cold,65223,438,437,3268,1998,0,-0.010844197
Cold,239786,1449,1448,3268,1998,0,-0.0066569
Cold,82852,549,548,3268,1998,0,-0.00034385873
Cold,44428,302,301,3268,1998,0,-0.003390987
Cold,63842,426,425,3268,1998,1,-0.0020958013
Cold,39527,268,267,3268,1998,0,0.0069616493
Cold,38019,260,259,3268,1998,0,-0.0055764364
Cold,255450,1556,1555,3268,1998,1,0.0014606763
Cold,32007,216,215,3268,1998,0,-0.0010881003
Cold,336911,1983,1982,3268,1998,0,-0.009327067
Cold,28772,198,197,3268,1998,0,-0.0014507863
Cold,29150,199,198,3268,1998,0,-0.007387165
Cold,766307,4562,4561,3268,1998,0,-0.00862012
Cold,291209,1737,1736,3268,1998,0,-0.0123195555
Cold,22460,163,162,3268,1998,0,0.0048235524
Cold,13022,101,100,3268,1998,1,0.0011808842
Cold,2543,21,20,3268,1998,0,0.005538003
Cold,3732,26,25,3268,1998,0,0.0038655247
Cold,697157,4169,4168,3268,1998,0,-0.005582891
Cold,686441,4107,4106,3268,1998,0,-0.0008661398
Cold,19347,148,147,3268,1998,0,0.0033652885
Cold,78323,528,527,3268,1998,0,-0.0022494341
Cold,237699,1447,1446,3268,1998,0,-0.000112562906
Cold,362795,2116,2115,3268,1998,0,-0.0012004648
Cold,152178,979,978,3268,1998,1,-0.0033588037
Cold,383604,2242,2241,3268,1998,0,0.00014054391
Cold,964393,5812,5811,3268,1998,0,0.006707898
Cold,183498,1142,1141,3268,1998,0,-0.003359524
Cold,257495,1579,1578,3268,1998,0,-0.00048831245
Cold,62674,424,423,3268,1998,0,0.0071462346
Cold,329177,1943,1942,3268,1998,0,-0.0065401224
Cold,234804,1425,1424,3268,1998,0,0.003387287
Cold,52123,343,342,3268,1998,1,-0.0115897255
Cold,609590,3695,3694,3272,2001,0,0.0041916417
Cold,605646,3681,3680,3272,2001,1,0.00075182226
Cold,600497,3651,3650,3272,2001,1,0.00645642
Cold,598108,3641,3640,3272,2001,1,0.009533117
Cold,606391,3683,3682,3272,2001,1,0.009360932
Cold,596384,3626,3625,3272,2001,0,0.005810729
Cold,587403,3588,3587,3272,2001,1,0.006698712
Cold,759042,4510,4509,3272,2001,0,0.0072948
Cold,593520,3618,3617,3272,2001,0,0.0164929
Cold,579102,3539,3538,3272,2001,1,0.00089769764
Cold,570208,3499,3498,3272,2001,1,0.0045946687
Cold,571945,3507,3506,3272,2001,0,-0.0022804958
Cold,576950,3526,3525,3272,2001,1,-0.0021165856
Cold,542060,3336,3335,3272,2001,0,-0.004524638
Cold,580447,3546,3545,3272,2001,0,0.0102973655
Cold,528070,3265,3264,3272,2001,0,0.0064298054
Cold,522317,3224,3223,3272,2001,1,0.0027195131
Cold,519680,3206,3205,3272,2001,0,0.0070622577
Cold,517369,3193,3192,3272,2001,0,-9.688223e-05
Cold,515960,3184,3183,3272,2001,0,0.0038280198
Cold,515347,3182,3181,3272,2001,1,0.003942397
Cold,509218,3135,3134,3272,2001,1,-0.0029196828
Cold,496843,3053,3052,3272,2001,0,0.009669189
Cold,484890,2986,2985,3272,2001,0,0.014988106
Cold,852831,5113,5112,3272,2001,0,0.005044847
Cold,473344,2909,2908,3272,2001,1,-0.0017141362
Cold,646575,3892,3891,3272,2001,0,0.006967374
Cold,467736,2883,2882,3272,2001,0,0.0066822204
Cold,457749,2820,2819,3272,2001,1,0.008085317
Cold,453565,2793,2792,3272,2001,1,0.0072036167
Cold,441341,2703,2702,3272,2001,0,0.0024792124
Cold,431358,2628,2627,3272,2001,0,-0.0011712054
Cold,430954,2627,2626,3272,2001,0,0.007490864
Cold,429064,2611,2610,3272,2001,1,0.005271677
Cold,833055,5008,5007,3272,2001,0,-0.0031893733
Cold,409122,2456,2455,3272,2001,0,0.007644913
Cold,408062,2453,2452,3272,2001,1,5.76523e-05
Cold,407184,2446,2445,3272,2001,1,0.0052600605
Cold,402211,2402,2401,3272,2001,1,0.01665506
Cold,392005,2304,2303,3272,2001,0,0.0039697145
Cold,369326,2161,2160,3272,2001,0,0.005993641
Cold,364629,2124,2123,3272,2001,1,9.7538345e-05
Cold,359272,2102,2101,3272,2001,0,0.0020987247
Cold,349483,2051,2050,3272,2001,0,0.0027513418
Cold,310068,1845,1844,3272,2001,1,0.0024818934
Cold,274312,1658,1657,3272,2001,1,0.009849691
Cold,301497,1791,1790,3272,2001,1,0.005243682
Cold,216870,1317,1316,3272,2001,1,0.0055797845
Cold,289226,1727,1726,3272,2001,1,-0.0072055752
Cold,204473,1260,1259,3272,2001,0,-0.0035818706
Cold,214712,1303,1302,3272,2001,1,0.010247943
Cold,199067,1223,1222,3272,2001,1,0.0063436185
Cold,357910,2094,2093,3272,2001,1,0.0012145302
Cold,278821,1680,1679,3272,2001,1,0.0043236036
Cold,197575,1212,1211,3272,2001,0,0.0057825325
Cold,235501,1426,1425,3272,2001,0,0.0049879723
Cold,185018,1150,1149,3272,2001,0,0.010814251
Cold,210693,1285,1284,3272,2001,1,0.005253132
Cold,307275,1835,1834,3272,2001,1,0.006709523
Cold,168293,1069,1068,3272,2001,1,0.0031685797
Cold,165159,1053,1052,3272,2001,0,0.009461868
Cold,181249,1133,1132,3272,2001,0,0.004712741
Cold,212807,1297,1296,3272,2001,1,0.006990136
Cold,157919,1015,1014,3272,2001,0,-0.0015332977
Cold,221180,1340,1339,3272,2001,0,0.0037569788
Cold,139583,893,892,3272,2001,0,0.0017264937
Cold,131040,850,849,3272,2001,1,0.014150363
Cold,129255,839,838,3272,2001,1,0.0076910947
Cold,298036,1767,1766,3272,2001,0,-0.0013770908
Cold,115968,752,751,3272,2001,0,-0.0022647362
Cold,105919,699,698,3272,2001,0,0.00011758506
Cold,100080,669,668,3272,2001,0,0.013552362
Cold,98649,660,659,3272,2001,1,0.0022750627
Cold,97740,655,654,3272,2001,0,-0.0043384265
Cold,316673,1884,1883,3272,2001,0,0.0016406472
Cold,480023,2946,2945,3272,2001,0,0.0025047776
Cold,283969,1698,1697,3272,2001,1,0.008116037
Cold,308453,1837,1836,3272,2001,0,0.005752059
Cold,159905,1019,1018,3272,2001,1,-0.0012450285
Cold,82866,549,548,3272,2001,1,0.012737609
Cold,238698,1448,1447,3272,2001,0,-4.8745424e-06
Cold,190583,1181,1180,3272,2001,0,0.0005190538
Cold,83961,550,549,3272,2001,1,0.010021387
Cold,77285,524,523,3272,2001,1,0.012034106
Cold,80060,533,532,3272,2001,1,0.005720592
Cold,71854,482,481,3272,2001,0,0.0013391925
Cold,70097,474,473,3272,2001,1,0.00581449
Cold,239802,1449,1448,3272,2001,0,0.00054051494
Cold,53679,352,351,3272,2001,0,-0.007409042
Cold,697167,4169,4168,3272,2001,0,0.005292884
Cold,55584,368,367,3272,2001,1,0.0037323101
Cold,40361,272,271,3272,2001,0,0.01697999
Cold,33462,225,224,3272,2001,1,0.0032890872
Cold,19951,149,148,3272,2001,0,0.0036505111
Cold,902976,5458,5457,3272,2001,0,0.0013937822
Cold,210031,1284,1283,3272,2001,1,0.009156256
Cold,772104,4602,4601,3272,2001,1,-0.006448808
Cold,257502,1579,1578,3272,2001,1,0.0050511253
Cold,317563,1889,1888,3272,2001,0,0.005740581
Cold,631413,3821,3820,3272,2001,0,0.010295111
Cold,592732,3613,3612,3272,2001,0,0.007757765
Cold,565445,3475,3474,3272,2001,0,0.0019359346
Cold,335611,1980,1979,3272,2001,1,0.0065080584
Cold,47426,319,318,3272,2001,1,0.00513535
Cold,290036,1733,1732,3272,2001,1,0.008072272
Cold,322177,1912,1911,3272,2001,0,0.005429985
Cold,62683,424,423,3272,2001,1,0.002107531
Cold,941650,5682,5681,3272,2001,0,0.011794948
Cold,790687,4728,4727,3272,2001,1,0.016069232
Cold,860281,5172,5171,3272,2001,0,-0.006168214
Cold,549873,3391,3390,3272,2001,0,0.0074163415
Cold,599107,3648,3647,3275,2004,1,-0.0031490629
Cold,22477,163,162,3275,2004,0,0.0077238176
Cold,805898,4823,4822,3275,2004,0,0.001706877
Cold,202967,1246,1245,3275,2004,1,0.0052246153
Cold,170451,1086,1085,3275,2004,1,0.0053215763
Cold,119081,770,769,3275,2004,1,0.007990612
Cold,286605,1712,1711,3275,2004,1,0.0070843277
Cold,28104,195,194,3275,2004,1,-0.0051223603
Cold,47939,321,320,3275,2004,1,-0.002236003
Cold,460585,2841,2840,3275,2004,0,0.016890714
Cold,144080,929,928,3275,2004,0,0.0020989534
Cold,154085,993,992,3275,2004,1,-0.002785665
Cold,567321,3483,3482,3275,2004,1,-0.0067847706
Cold,35815,242,241,3275,2004,1,-0.0058973376
Cold,500438,3074,3073,3275,2004,1,0.0047647282
Cold,20738,151,150,3275,2004,1,-0.0006684103
Cold,344785,2023,2022,3275,2004,1,-0.002442074
Cold,19955,149,148,3275,2004,1,-0.001586424
Cold,562462,3462,3461,3275,2004,0,-0.0022669577
Cold,310569,1851,1850,3275,2004,0,0.003834236
Cold,943569,5689,5688,3275,2004,0,0.0012820067
Cold,44450,302,301,3275,2004,0,0.0027846147
Cold,231048,1399,1398,3275,2004,0,-0.004663763
Cold,941653,5682,5681,3275,2004,1,0.014076122
Cold,753452,4489,4488,3275,2004,1,0.004268342
Cold,887101,5359,5358,3275,2004,0,-0.0011529913
Cold,171388,1088,1087,3275,2004,1,-0.0042793592
Cold,342280,2015,2014,3275,2004,1,0.0030332666
Cold,894037,5397,5396,3275,2004,1,-0.0024567205
Cold,713719,4277,4276,3275,2004,1,-0.0025146757
Cold,62688,424,423,3275,2004,1,0.0072697764
Cold,564246,3471,3470,3275,2004,1,-0.0011067749
Cold,363905,2120,2119,3286,2006,0,0.0038730917
Cold,150022,966,965,3286,2006,0,0.0053000255
Cold,194246,1198,1197,3286,2006,1,0.005905082
Cold,137976,889,888,3286,2006,0,0.00041184877
Cold,133759,866,865,3286,2006,0,0.0013513747
Cold,384044,2244,2243,3286,2006,0,0.0027157145
Cold,266597,1617,1616,3286,2006,0,0.0116293635
Cold,130182,843,842,3286,2006,0,0.0009762994
Cold,110312,720,719,3286,2006,0,0.013304985
Cold,100768,673,672,3286,2006,0,0.010336907
Cold,252158,1527,1526,3286,2006,0,0.0035411092
Cold,96568,648,647,3286,2006,0,0.00949712
Cold,91596,608,607,3286,2006,0,-0.001306694
Cold,82214,546,545,3286,2006,0,0.005716903
Cold,76501,519,518,3286,2006,0,0.0083083175
Cold,56699,380,379,3286,2006,0,0.0023911302
Cold,56608,379,378,3286,2006,1,0.0010031399
Cold,65702,439,438,3286,2006,0,0.011248669
Cold,55597,368,367,3286,2006,0,0.0016801332
Cold,153780,988,987,3286,2006,0,0.009712967
Cold,445526,2748,2747,3286,2006,0,0.008125972
Cold,44474,302,301,3286,2006,0,0.010041928
Cold,43910,301,300,3286,2006,0,0.008878361
Cold,43228,296,295,3286,2006,1,-0.0065321038
Cold,41784,284,283,3286,2006,0,-0.006991553
Cold,37054,250,249,3286,2006,0,0.0029323432
Cold,32035,216,215,3286,2006,0,0.0043078545
Cold,183115,1141,1140,3286,2006,0,0.010594998
Cold,25611,181,180,3286,2006,0,0.0047101965
Cold,133618,864,863,3286,2006,0,0.008616598
Cold,22496,163,162,3286,2006,0,0.004666291
Cold,26407,187,186,3286,2006,0,0.006359865
Cold,947710,5722,5721,3286,2006,1,0.0016122605
Cold,17151,134,133,3286,2006,0,0.0035648358
Cold,439792,2688,2687,3286,2006,1,0.00794866
Cold,8222,57,56,3286,2006,0,0.006836942
Cold,7280,51,50,3286,2006,0,-0.0028489549
Cold,503387,3093,3092,3286,2006,0,0.008974002
Cold,5368,37,36,3286,2006,0,0.009894986
Cold,4217,32,31,3286,2006,0,-0.00071968837
Cold,116800,753,752,3286,2006,1,0.007987579
Cold,540508,3326,3325,3286,2006,0,0.0020139073
Cold,211645,1287,1286,3286,2006,0,0.004343061
Cold,307030,1834,1833,3286,2006,0,0.0025132399
Cold,399773,2380,2379,3286,2006,0,0.011721408
Cold,408622,2454,2453,3286,2006,0,0.003940368
Cold,448875,2766,2765,3286,2006,0,-0.0024990053
Cold,981741,5923,5922,3286,2006,0,0.0094786035
Cold,860519,5173,5172,3286,2006,0,0.0009321429
Cold,222724,1348,1347,3286,2006,0,0.006756656
Cold,682272,4085,4084,3286,2006,0,0.0028337776
Cold,401139,2390,2389,3286,2006,1,0.00754984
Cold,472418,2907,2906,3286,2006,0,0.0032727963
Cold,331424,1958,1957,3286,2006,0,0.010078492
Cold,907787,5492,5491,3286,2006,0,-0.0031839036
Cold,562469,3462,3461,3286,2006,0,0.005413549
Cold,413672,2489,2488,3286,2006,0,0.005447495
Cold,310576,1851,1850,3286,2006,0,0.00787927
Cold,351560,2063,2062,3286,2006,0,0.01176133
Cold,62706,424,423,3286,2006,0,0.003085955
Cold,496417,3051,3050,3286,2006,0,-0.0030394313
Cold,272081,1645,1644,3286,2006,1,-0.0011420292
Cold,373364,2180,2179,3287,2007,0,0.0073548537
Cold,365166,2125,2124,3287,2007,1,0.0026886794
Cold,361486,2109,2108,3287,2007,1,-0.005958966
Cold,353431,2071,2070,3287,2007,0,0.0051360764
Cold,337810,1987,1986,3287,2007,0,0.0062984275
Cold,311897,1860,1859,3287,2007,0,0.009993537
Cold,305443,1817,1816,3287,2007,0,0.0075092316
Cold,330509,1951,1950,3287,2007,0,0.0050403588
Cold,288810,1726,1725,3287,2007,0,-0.0005049757
Cold,286613,1712,1711,3287,2007,1,-0.008731049
Cold,286998,1713,1712,3287,2007,1,0.0018925366
Cold,285205,1701,1700,3287,2007,1,-0.00082038855
Cold,280439,1683,1682,3287,2007,0,0.011421232
Cold,272083,1645,1644,3287,2007,0,-0.0044240984
Cold,266598,1617,1616,3287,2007,0,0.0030535376
Cold,252814,1532,1531,3287,2007,1,0.0066975732
Cold,294206,1749,1748,3287,2007,0,-0.0029475663
Cold,242180,1460,1459,3287,2007,0,-0.0016271516
Cold,239832,1449,1448,3287,2007,0,0.012333348
Cold,235811,1427,1426,3287,2007,0,-0.00047823694
Cold,225209,1362,1361,3287,2007,0,-0.00041258475
Cold,224074,1356,1355,3287,2007,0,-0.0023093345
Cold,222557,1347,1346,3287,2007,1,0.008075428
Cold,222252,1344,1343,3287,2007,0,0.0021247752
Cold,591822,3610,3609,3287,2007,0,0.001887237
Cold,195896,1204,1203,3287,2007,0,-0.002037962
Cold,229860,1391,1390,3287,2007,0,0.003707405
Cold,294641,1750,1749,3287,2007,0,-0.0042890646
Cold,326536,1935,1934,3287,2007,0,0.0006983193
Cold,346114,2030,2029,3287,2007,0,0.0031348187
Cold,194247,1198,1197,3287,2007,0,-0.0022330277
Cold,162223,1034,1033,3287,2007,0,-0.003199202
Cold,151370,974,973,3287,2007,0,-0.0012098284
Cold,137978,889,888,3287,2007,0,0.0076847835
Cold,181910,1137,1136,3287,2007,1,0.009305321
Cold,790228,4727,4726,3287,2007,0,0.008860613
Cold,124067,799,798,3287,2007,0,0.018140089
Cold,111172,722,721,3287,2007,0,0.0051878793
Cold,292750,1743,1742,3287,2007,0,-0.004359414
Cold,94872,637,636,3287,2007,1,-0.0017554467
Cold,93749,629,628,3287,2007,1,-0.010135325
Cold,262488,1601,1600,3287,2007,0,0.00639963
Cold,89548,590,589,3287,2007,0,-0.0060952078
Cold,82215,546,545,3287,2007,1,0.0048283027
Cold,79871,532,531,3287,2007,0,-0.0089313295
Cold,86530,566,565,3287,2007,0,-0.005983928
Cold,69764,470,469,3287,2007,0,-0.0035468705
Cold,61277,412,411,3287,2007,0,-0.004758763
Cold,38898,264,263,3287,2007,0,0.0068135317
Cold,314334,1877,1876,3287,2007,1,-0.0048981598
Cold,14482,117,116,3287,2007,0,-0.004385563
Cold,14071,114,113,3287,2007,0,0.0006333124
Cold,3378,26,25,3287,2007,0,0.0054648644
Cold,810395,4861,4860,3287,2007,0,0.0034626285
Cold,15580,123,122,3287,2007,0,0.0030802763
Cold,139145,890,889,3287,2007,1,-0.0070071532
Cold,393231,2310,2309,3287,2007,0,0.0046335356
Cold,545254,3363,3362,3287,2007,0,0.0012094914
Cold,840622,5050,5049,3287,2007,0,0.0021273717
Cold,241055,1451,1450,3287,2007,0,-0.003571832
Cold,79223,531,530,3287,2007,1,0.012769279
Cold,689785,4126,4125,3287,2007,0,0.00682842
Cold,144814,934,933,3287,2007,0,-0.003590531
Cold,879297,5312,5311,3287,2007,0,-0.0002176119
Cold,523828,3229,3228,3287,2007,0,0.0043477714
Cold,877649,5304,5303,3287,2007,0,0.011462281
Cold,399775,2380,2379,3287,2007,1,-0.002466816
Cold,484575,2985,2984,3287,2007,0,0.0043045003
Cold,177988,1120,1119,3287,2007,1,-0.0030833045
Cold,916875,5539,5538,3299,2010,0,-0.0051137027
Cold,543573,3347,3346,3299,2010,0,-0.0029412191
Cold,542697,3339,3338,3299,2010,0,-0.0068534734
Cold,533145,3292,3291,3299,2010,1,-0.006049097
Cold,532690,3290,3289,3299,2010,0,-0.0055030454
Cold,527315,3261,3260,3299,2010,0,0.008455954
Cold,575208,3519,3518,3299,2010,0,0.007854832
Cold,516869,3191,3190,3299,2010,0,-0.002560076
Cold,514368,3176,3175,3299,2010,0,0.010262228
Cold,816642,4903,4902,3299,2010,0,-0.0025466057
Cold,665192,4005,4004,3299,2010,0,0.009218359
Cold,504817,3106,3105,3299,2010,0,0.009989366
Cold,503389,3093,3092,3299,2010,0,-0.0011086386
Cold,502462,3084,3083,3299,2010,0,-0.004394818
Cold,500644,3075,3074,3299,2010,0,0.0042725056
Cold,495484,3043,3042,3299,2010,0,0.0019173874
Cold,935243,5643,5642,3299,2010,0,-0.0042040506
Cold,492595,3029,3028,3299,2010,0,0.007174168
Cold,489526,3013,3012,3299,2010,0,0.0023581064
Cold,495327,3041,3040,3299,2010,0,-0.0032647573
Cold,529548,3272,3271,3299,2010,0,0.0034416595
Cold,472437,2907,2906,3299,2010,0,0.0021255356
Cold,484915,2986,2985,3299,2010,0,-0.00037724292
Cold,467611,2882,2881,3299,2010,0,0.0044632033
Cold,466703,2878,2877,3299,2010,0,0.0018329262
Cold,458625,2824,2823,3299,2010,0,-0.0012769536
Cold,456389,2810,2809,3299,2010,0,0.004748281
Cold,444579,2743,2742,3299,2010,0,0.007431702
Cold,703518,4218,4217,3299,2010,1,0.004504551
Cold,403302,2409,2408,3299,2010,0,0.004412121
Cold,393848,2320,2319,3299,2010,0,0.005858981
Cold,385880,2257,2256,3299,2010,0,-0.0016446438
Cold,398587,2372,2371,3299,2010,0,0.0020729662
Cold,382584,2236,2235,3299,2010,0,0.0077583194
Cold,376964,2202,2201,3299,2010,0,0.0002247116
Cold,373924,2181,2180,3299,2010,0,-0.00631387
Cold,358822,2100,2099,3299,2010,1,0.0010647387
Cold,334207,1971,1970,3299,2010,0,0.00024008192
Cold,330512,1951,1950,3299,2010,0,-0.004183308
Cold,294643,1750,1749,3299,2010,0,0.0052798307
Cold,315059,1880,1879,3299,2010,0,-0.0034539457
Cold,285787,1705,1704,3299,2010,0,-0.007902132
Cold,285032,1700,1699,3299,2010,0,-0.004291612
Cold,278219,1678,1677,3299,2010,0,0.0028398202
Cold,263135,1605,1604,3299,2010,0,-0.012681605
Cold,257185,1577,1576,3299,2010,1,0.005185383
Cold,253708,1543,1542,3299,2010,0,-0.0018121465
Cold,253863,1544,1543,3299,2010,0,0.007351501
Cold,332561,1962,1961,3299,2010,0,0.004462573
Cold,321639,1908,1907,3299,2010,0,-0.0036389213
Cold,281896,1691,1690,3299,2010,0,0.0016398733
Cold,216385,1314,1313,3299,2010,0,-0.0046314388
Cold,243790,1470,1469,3299,2010,0,-0.004116889
Cold,189296,1173,1172,3299,2010,0,8.8095665e-05
Cold,187381,1163,1162,3299,2010,0,-0.006798009
Cold,186744,1156,1155,3299,2010,0,0.004480087
Cold,183124,1141,1140,3299,2010,0,-0.0033745072
Cold,179500,1125,1124,3299,2010,0,0.0037755421
Cold,194250,1198,1197,3299,2010,0,0.0054373574
Cold,175410,1112,1111,3299,2010,0,0.0028228941
Cold,167753,1068,1067,3299,2010,1,0.0064858175
Cold,155279,1001,1000,3299,2010,0,0.009687737
Cold,362847,2116,2115,3299,2010,0,0.0029526167
Cold,139820,896,895,3299,2010,0,0.0020730281
Cold,138001,889,888,3299,2010,0,-0.002798574
Cold,131811,854,853,3299,2010,0,0.0045237225
Cold,248717,1501,1500,3299,2010,0,0.0053012567
Cold,128763,836,835,3299,2010,0,0.0015960388
Cold,145588,936,935,3299,2010,0,-0.0012949372
Cold,112356,731,730,3299,2010,1,-0.0015075197
Cold,239848,1449,1448,3299,2010,0,-0.007311494
Cold,228116,1383,1382,3299,2010,0,0.0029662019
Cold,85901,561,560,3299,2010,0,0.00047467346
Cold,73634,499,498,3299,2010,0,0.00027629355
Cold,64180,429,428,3299,2010,0,-0.005692306
Cold,61293,412,411,3299,2010,1,-0.0036252309
Cold,39557,268,267,3299,2010,0,0.0073383665
Cold,647638,3900,3899,3299,2010,0,-0.003109336
Cold,32064,216,215,3299,2010,0,-0.007390813
Cold,29461,201,200,3299,2010,0,-0.0054396703
Cold,23338,167,166,3299,2010,0,0.0025721411
Cold,26420,187,186,3299,2010,0,0.0063408166
Cold,210055,1284,1283,3299,2010,0,0.0031611775
Cold,314338,1877,1876,3299,2010,0,-0.0014547948
Cold,11281,85,84,3299,2010,0,0.0026956042
Cold,79245,531,530,3299,2010,0,0.0009931802
Cold,150489,970,969,3299,2010,0,0.0021387262
Cold,258353,1584,1583,3299,2010,0,0.004435272
Cold,689790,4126,4125,3299,2010,0,0.0016413191
Cold,360611,2106,2105,3299,2010,0,0.011641862
Cold,365692,2129,2128,3299,2010,0,0.0021717763
Cold,840624,5050,5049,3299,2010,0,0.012535857
Cold,231939,1407,1406,3299,2010,0,0.00873751
Cold,222726,1348,1347,3299,2010,0,0.0019702048
Cold,105949,699,698,3299,2010,0,-0.002189078
Cold,157961,1015,1014,3299,2010,0,-0.0043208697
Cold,503783,3096,3095,3299,2010,1,-0.006867341
Cold,556521,3420,3419,3299,2010,1,0.0021589263
Cold,557173,3423,3422,3299,2010,0,-0.0062308116
Cold,20766,151,150,3299,2010,0,-0.0040465714
Cold,537806,3312,3311,3299,2010,0,0.007689321
Cold,697205,4169,4168,3299,2010,0,-0.0019640855
Cold,398999,2376,2375,3299,2010,0,0.0062622037
Cold,110682,721,720,3299,2010,0,0.002373619
Cold,351579,2063,2062,3299,2010,0,-0.009019998
Cold,907790,5492,5491,3299,2010,0,0.004531376
Cold,331446,1958,1957,3299,2010,0,0.015933285
Cold,476287,2926,2925,3299,2010,0,0.010337582
Cold,285213,1701,1700,3299,2010,0,0.0014975085
Cold,599130,3648,3647,3299,2010,0,-0.010117393
Cold,206278,1265,1264,3299,2010,0,-0.0029585822
Cold,46455,310,309,3299,2010,1,-0.0012721249
Cold,312820,1865,1864,3299,2010,0,0.001427154
Cold,984192,5948,5947,3299,2010,0,-0.01643772
Cold,941663,5682,5681,3299,2010,0,0.009413952
Cold,974584,5878,5877,3299,2010,0,-0.0049276985
Cold,105652,698,697,3310,2015,1,-0.004305066
Cold,840536,5049,5048,3310,2015,1,-0.004746046
Cold,547269,3375,3374,3324,2018,0,-0.004500675
Cold,592431,3611,3610,3324,2018,1,-0.002278063
Cold,545160,3362,3361,3324,2018,0,-0.001572422
Cold,544557,3357,3356,3324,2018,1,0.005456791
Cold,538029,3312,3311,3324,2018,1,0.00037496176
Cold,537293,3311,3310,3324,2018,0,-0.004192888
Cold,564539,3471,3470,3324,2018,1,-0.0026504176
Cold,533452,3292,3291,3324,2018,1,0.0050196643
Cold,532235,3285,3284,3324,2018,0,-0.0005683731
Cold,525489,3245,3244,3324,2018,0,0.0021376843
Cold,524070,3230,3229,3324,2018,0,0.00027805287
Cold,517676,3195,3194,3324,2018,1,0.00017644826
Cold,745442,4448,4447,3324,2018,1,-0.0016510135
Cold,514672,3179,3178,3324,2018,0,0.0063287155
Cold,506348,3116,3115,3324,2018,1,0.0014394848
Cold,504049,3098,3097,3324,2018,1,0.0034470973
Cold,503441,3093,3092,3324,2018,0,-0.0020879623
Cold,502497,3084,3083,3324,2018,1,0.0008233122
Cold,502941,3087,3086,3324,2018,0,-0.0054008435
Cold,516546,3189,3188,3324,2018,0,0.0036069355
Cold,659198,3971,3970,3324,2018,1,-0.0042289095
Cold,488720,3007,3006,3324,2018,1,-0.008712332
Cold,484415,2981,2980,3324,2018,0,-0.00095466524
Cold,476061,2922,2921,3324,2018,1,0.0016759131
Cold,473836,2909,2908,3324,2018,0,-0.0038382905
Cold,472711,2907,2906,3324,2018,0,0.00031419424
Cold,467985,2885,2884,3324,2018,0,0.0010696732
Cold,811722,4868,4867,3324,2018,1,0.006236001
Cold,459978,2837,2836,3324,2018,1,0.0036670882
Cold,457516,2819,2818,3324,2018,0,0.008447035
Cold,451002,2777,2776,3324,2018,1,-0.0065863943
Cold,448262,2763,2762,3324,2018,0,0.010422898
Cold,444735,2743,2742,3324,2018,0,-0.008985333
Cold,443889,2737,2736,3324,2018,0,-0.0055671893
Cold,670682,4030,4029,3324,2018,1,0.004857951
Cold,417155,2509,2508,3324,2018,0,0.0008940287
Cold,407887,2452,2451,3324,2018,0,0.0076107257
Cold,408728,2454,2453,3324,2018,0,0.0057519153
Cold,387045,2263,2262,3324,2018,1,-0.0018092913
Cold,398617,2372,2371,3324,2018,0,-0.008456269
Cold,384381,2245,2244,3324,2018,0,0.0011639269
Cold,380364,2223,2222,3324,2018,0,-0.0032512352
Cold,374212,2181,2180,3324,2018,0,-0.0028790263
Cold,357999,2095,2094,3324,2018,0,0.008293143
Cold,355553,2081,2080,3324,2018,0,-0.001623508
Cold,352047,2063,2062,3324,2018,0,0.0069078896
Cold,361759,2109,2108,3324,2018,0,-0.0039124116
Cold,348993,2047,2046,3324,2018,0,-0.010343755
Cold,340757,2010,2009,3324,2018,0,-0.0031741844
Cold,338612,1992,1991,3324,2018,0,-0.0099596195
Cold,639203,3842,3841,3324,2018,1,-0.010193982
Cold,291918,1739,1738,3324,2018,0,-0.0043373983
Cold,285050,1700,1699,3324,2018,0,-0.006415254
Cold,297604,1764,1763,3324,2018,1,0.0014707214
Cold,285811,1705,1704,3324,2018,0,-0.0074959253
Cold,256984,1573,1572,3324,2018,0,0.0123080425
Cold,234536,1423,1422,3324,2018,0,-0.0052899336
Cold,223640,1354,1353,3324,2018,0,0.0003908698
Cold,217515,1319,1318,3324,2018,0,0.0060649924
Cold,281916,1691,1690,3324,2018,0,-0.006846903
Cold,208046,1272,1271,3324,2018,1,0.0054256935
Cold,279533,1680,1679,3324,2018,0,-0.006869895
Cold,198850,1221,1220,3324,2018,0,0.0007019751
Cold,195574,1203,1202,3324,2018,0,0.008669388
Cold,201185,1241,1240,3324,2018,1,-0.0016415399
Cold,187405,1163,1162,3324,2018,1,-0.0038969656
Cold,186774,1156,1155,3324,2018,0,-0.0016930511
Cold,183589,1142,1141,3324,2018,0,-0.0010071822
Cold,173740,1100,1099,3324,2018,0,0.008194586
Cold,162600,1037,1036,3324,2018,0,0.0035843628
Cold,162488,1035,1034,3324,2018,0,-0.009663974
Cold,150669,970,969,3324,2018,0,-0.0038101007
Cold,144203,929,928,3324,2018,1,-0.007044697
Cold,143536,926,925,3324,2018,1,-0.0008363689
Cold,143706,927,926,3324,2018,0,-0.0052598016
Cold,134416,869,868,3324,2018,0,-0.0017829187
Cold,210217,1284,1283,3324,2018,1,-0.003354399
Cold,128777,836,835,3324,2018,0,0.00043366267
Cold,363183,2116,2115,3324,2018,0,-0.0018887555
Cold,199114,1223,1222,3324,2018,0,-0.00246758
Cold,117570,757,756,3324,2018,0,0.0074258917
Cold,112581,731,730,3324,2018,1,-0.0028052027
Cold,108111,710,709,3324,2018,0,-0.00051073683
Cold,103461,687,686,3324,2018,0,0.00040712208
Cold,116373,752,751,3324,2018,0,-0.0033079311
Cold,100906,673,672,3324,2018,0,0.0019223865
Cold,510964,3150,3149,3324,2018,0,0.0025720675
Cold,99670,665,664,3324,2018,0,0.0002523401
Cold,262554,1601,1600,3324,2018,1,-0.0070100473
Cold,89599,590,589,3324,2018,0,0.0024941105
Cold,99590,664,663,3324,2018,1,0.0009190872
Cold,76177,517,516,3324,2018,0,0.009359118
Cold,64292,429,428,3324,2018,0,0.0057535134
Cold,65447,438,437,3324,2018,0,0.010776764
Cold,317803,1889,1888,3324,2018,0,-0.0034600592
Cold,44392,302,301,3324,2018,0,0.0062589194
Cold,61230,412,411,3324,2018,1,-0.0036507533
Cold,296842,1759,1758,3324,2018,1,-0.0015609056
Cold,219229,1329,1328,3324,2018,1,-0.006389071
Cold,22439,163,162,3324,2018,0,-0.0061167497
Cold,33416,225,224,3324,2018,0,-0.0012730012
Cold,314390,1877,1876,3324,2018,0,0.00036179402
Cold,11274,85,84,3324,2018,1,-0.0013845027
Cold,328358,1941,1940,3324,2018,0,-0.009190849
Cold,389471,2282,2281,3324,2018,1,0.0013882886
Cold,481913,2962,2961,3324,2018,0,-0.0025040738
Cold,330762,1952,1951,3324,2018,0,0.0019826908
Cold,174230,1101,1100,3324,2018,1,-0.005600393
Cold,287315,1715,1714,3324,2018,1,0.0058300747
Cold,78547,528,527,3324,2018,0,0.0015437372
Cold,548575,3386,3385,3324,2018,0,0.0032455209
Cold,360915,2106,2105,3324,2018,0,0.012351496
Cold,60636,411,410,3324,2018,0,0.003755513
Cold,110912,721,720,3324,2018,0,-0.004591932
Cold,577315,3526,3525,3324,2018,0,0.006221303
Cold,685076,4094,4093,3324,2018,0,5.586422e-06
Cold,144993,934,933,3324,2018,0,-0.0011707912
Cold,326147,1930,1929,3324,2018,1,-0.0010200813
Cold,20706,151,150,3324,2018,1,0.0076605272
Cold,697546,4169,4168,3324,2018,0,-0.002020595
Cold,499550,3067,3066,3324,2018,1,0.0049152467
Cold,807294,4831,4830,3324,2018,1,-0.00017385185
Cold,139984,897,896,3324,2018,0,-0.00337975
Cold,83291,549,548,3324,2018,1,-0.0045685284
Cold,52978,349,348,3324,2018,0,-0.00093003997
Cold,496550,3051,3050,3324,2018,0,-0.0060957316
Cold,171816,1088,1087,3324,2018,0,0.0025580642
Cold,272280,1645,1644,3324,2018,1,0.00013559929
Cold,492835,3029,3028,3324,2018,0,-0.007988289
Cold,480470,2947,2946,3324,2018,0,0.00090218894
Cold,309120,1839,1838,3325,2019,0,-0.0047640926
Cold,304453,1809,1808,3325,2019,0,-0.0065408363
Cold,321699,1908,1907,3325,2019,0,0.0009092476
Cold,298718,1774,1773,3325,2019,1,-0.006935953
Cold,360916,2106,2105,3325,2019,0,0.0030859169
Cold,294665,1750,1749,3325,2019,0,-0.0033676757
Cold,285390,1701,1700,3325,2019,0,-0.00431502
Cold,280499,1683,1682,3325,2019,1,0.0019525425
Cold,278263,1678,1677,3325,2019,0,0.0040005175
Cold,273082,1647,1646,3325,2019,0,-0.015506528
Cold,262805,1603,1602,3325,2019,1,-0.005023064
Cold,256985,1573,1572,3325,2019,0,0.015139485
Cold,256197,1562,1561,3325,2019,0,-0.0044579385
Cold,256258,1563,1562,3325,2019,0,-0.0028052302
Cold,260686,1593,1592,3325,2019,0,-0.0057945703
Cold,233263,1419,1418,3325,2019,0,-0.0015735314
Cold,235623,1426,1425,3325,2019,0,-0.0021665504
Cold,225594,1366,1365,3325,2019,0,1.0738615e-05
Cold,224238,1356,1355,3325,2019,0,-0.012206109
Cold,224873,1359,1358,3325,2019,0,0.005341755
Cold,222422,1345,1344,3325,2019,0,-0.009800762
Cold,242188,1460,1459,3325,2019,0,-0.0034117994
Cold,281917,1691,1690,3325,2019,0,-0.0059660943
Cold,214119,1300,1299,3325,2019,0,0.008062071
Cold,285812,1705,1704,3325,2019,0,-0.003186067
Cold,207682,1270,1269,3325,2019,0,0.002178568
Cold,279535,1680,1679,3325,2019,1,-0.0046097133
Cold,195939,1204,1203,3325,2019,0,-0.00071452744
Cold,189422,1173,1172,3325,2019,0,-0.009082871
Cold,186775,1156,1155,3325,2019,1,-0.008684135
Cold,186488,1153,1152,3325,2019,0,-0.0045815515
Cold,185477,1150,1149,3325,2019,0,-0.010191074
Cold,184056,1146,1145,3325,2019,0,-0.009853087
Cold,182373,1138,1137,3325,2019,1,-0.0058501847
Cold,179692,1125,1124,3325,2019,0,0.00462438
Cold,175155,1110,1109,3325,2019,1,0.00020338851
Cold,191141,1181,1180,3325,2019,0,-0.006134595
Cold,175636,1112,1111,3325,2019,0,-0.003218853
Cold,181733,1136,1135,3325,2019,0,0.006485863
Cold,270458,1636,1635,3325,2019,0,0.005374777
Cold,348994,2047,2046,3325,2019,0,-0.0077986345
Cold,155413,1001,1000,3325,2019,0,-0.004934672
Cold,154062,992,991,3325,2019,0,-0.005743481
Cold,150087,966,965,3325,2019,0,-0.0014119378
Cold,246379,1489,1488,3325,2019,0,-0.014913002
Cold,146015,938,937,3325,2019,0,-0.012455143
Cold,139843,896,895,3325,2019,0,-0.0021673092
Cold,139438,891,890,3325,2019,0,0.0073141227
Cold,273743,1650,1649,3325,2019,0,-0.0074733472
Cold,128778,836,835,3325,2019,0,-0.0005668318
Cold,182094,1137,1136,3325,2019,0,-0.011122773
Cold,128336,830,829,3325,2019,0,0.0008657947
Cold,305000,1812,1811,3325,2019,1,-0.0023579537
Cold,124082,799,798,3325,2019,0,-0.006703754
Cold,100907,673,672,3325,2019,0,-0.00061257416
Cold,99338,662,661,3325,2019,1,-0.0107709505
Cold,137181,883,882,3325,2019,1,-0.009353564
Cold,222612,1347,1346,3325,2019,0,-0.004830885
Cold,96644,648,647,3325,2019,0,-0.00413082
Cold,384180,2244,2243,3325,2019,0,0.00023876596
Cold,90330,596,595,3325,2019,0,-0.00097337295
Cold,85140,555,554,3325,2019,0,-0.0038318487
Cold,74261,506,505,3325,2019,0,-0.013901862
Cold,69318,464,463,3325,2019,0,-0.010392962
Cold,481914,2962,2961,3325,2019,0,0.002207028
Cold,22440,163,162,3325,2019,0,-0.005658823
Cold,20386,150,149,3325,2019,0,-0.0038471648
Cold,314391,1877,1876,3325,2019,0,-0.0016823934
Cold,11275,85,84,3325,2019,0,-0.009485709
Cold,22180,162,161,3325,2019,0,-0.0013947475
Cold,485152,2986,2985,3325,2019,0,0.0005160505
Cold,140304,899,898,3325,2019,0,-0.009782294
Cold,2466,19,18,3325,2019,0,0.0009921234
Cold,685077,4094,4093,3325,2019,1,-0.0020307163
Cold,56320,376,375,3325,2019,0,0.0041487077
Cold,289701,1729,1728,3325,2019,0,-0.0002796054
Cold,784518,4682,4681,3325,2019,1,0.0008672024
Cold,12824,99,98,3325,2019,0,0.0016443278
Cold,79531,531,530,3325,2019,0,-0.0065397415
Cold,682574,4085,4084,3325,2019,0,-0.007598471
Cold,11925,92,91,3325,2019,0,-0.004209654
Cold,102405,678,677,3325,2019,0,-0.0021960775
Cold,500496,3074,3073,3325,2019,0,0.0010468194
Cold,20707,151,150,3325,2019,0,0.0005195001
Cold,375645,2188,2187,3325,2019,0,0.0030372783
Cold,309677,1842,1841,3325,2019,0,0.00015531853
Cold,110913,721,720,3325,2019,0,-0.010441724
Cold,517925,3196,3195,3325,2019,1,-0.004195036
Cold,554058,3410,3409,3325,2019,0,-0.0041005784
Cold,599350,3648,3647,3325,2019,0,-0.009050099
Cold,331743,1958,1957,3325,2019,0,-0.006225572
Cold,419429,2535,2534,3325,2019,1,-0.0021316814
Cold,499551,3067,3066,3325,2019,0,0.0010263871
Cold,336099,1980,1979,3325,2019,0,-0.011842113
Cold,479781,2944,2943,3325,2019,0,0.0036282176
Cold,206397,1265,1264,3325,2019,0,0.000105013605
Cold,538030,3312,3311,3325,2019,0,-0.008195026
Cold,328361,1941,1940,3325,2019,0,-0.0024439394
Cold,58706,398,397,3325,2019,0,0.0052798083
Cold,785847,4697,4696,3325,2019,1,-0.0067731114
Cold,580026,3540,3539,3326,2020,1,0.000103642
Cold,504050,3098,3097,3326,2020,1,-0.00038861507
Cold,503443,3093,3092,3326,2020,0,-0.0053739278
Cold,502499,3084,3083,3326,2020,1,0.0035454375
Cold,502410,3083,3082,3326,2020,0,-0.0015612396
Cold,502943,3087,3086,3326,2020,0,-0.001708762
Cold,498986,3066,3065,3326,2020,0,-0.004163946
Cold,641482,3857,3856,3326,2020,0,-0.00017120712
Cold,494890,3035,3034,3326,2020,0,0.0053209476
Cold,485996,2992,2991,3326,2020,0,0.004271063
Cold,480558,2948,2947,3326,2020,1,0.002932103
Cold,631125,3819,3818,3326,2020,1,-0.005213471
Cold,868172,5241,5240,3326,2020,0,0.001191238
Cold,471055,2899,2898,3326,2020,1,0.00097543374
Cold,973594,5872,5871,3326,2020,1,-0.0074587483
Cold,461136,2844,2843,3326,2020,0,0.0027098898
Cold,458707,2824,2823,3326,2020,1,0.0072041266
Cold,457517,2819,2818,3326,2020,1,-0.0019354627
Cold,382620,2236,2235,3326,2020,0,-0.0043827053
Cold,380365,2223,2222,3326,2020,0,0.0026952778
Cold,378942,2212,2211,3326,2020,0,-0.0024972335
Cold,374214,2181,2180,3326,2020,0,0.005360076
Cold,370752,2167,2166,3326,2020,0,-7.309811e-05
Cold,365820,2129,2128,3326,2020,0,0.0022650314
Cold,358001,2095,2094,3326,2020,1,0.0015037406
Cold,358561,2098,2097,3326,2020,0,-0.008542922
Cold,361762,2109,2108,3326,2020,0,0.0010318486
Cold,346841,2033,2032,3326,2020,1,0.00044239708
Cold,343164,2016,2015,3326,2020,0,-0.0074255513
Cold,340759,2010,2009,3326,2020,0,-0.002136851
Cold,338614,1992,1991,3326,2020,0,0.0007046608
Cold,334173,1970,1969,3326,2020,0,-0.00038249046
Cold,330878,1953,1952,3326,2020,1,-0.0010291045
Cold,321870,1910,1909,3326,2020,1,0.0015582191
Cold,305487,1817,1816,3326,2020,0,0.0039524846
Cold,296843,1759,1758,3326,2020,0,0.007029702
Cold,289786,1731,1730,3326,2020,0,0.006055217
Cold,292411,1741,1740,3326,2020,0,0.00311308
Cold,273083,1647,1646,3326,2020,1,-0.010541467
Cold,271502,1641,1640,3326,2020,0,-0.0034953197
Cold,262806,1603,1602,3326,2020,0,0.004135147
Cold,256986,1573,1572,3326,2020,0,0.0058973595
Cold,253925,1544,1543,3326,2020,0,0.011654772
Cold,234537,1423,1422,3326,2020,0,-0.0033459743
Cold,281918,1691,1690,3326,2020,0,0.0051300465
Cold,215867,1308,1307,3326,2020,1,-0.0016037723
Cold,211115,1285,1284,3326,2020,0,-0.0057997177
Cold,201060,1240,1239,3326,2020,0,-0.0033653888
Cold,201187,1241,1240,3326,2020,0,0.0004081978
Cold,186387,1152,1151,3326,2020,0,-0.007315168
Cold,189423,1173,1172,3326,2020,1,-0.001184799
Cold,179694,1125,1124,3326,2020,0,0.008652532
Cold,191143,1181,1180,3326,2020,0,0.0034024632
Cold,167223,1064,1063,3326,2020,1,0.0038033738
Cold,147460,949,948,3326,2020,0,0.001667662
Cold,146126,939,938,3326,2020,0,0.0031280702
Cold,135178,875,874,3326,2020,1,0.0015989754
Cold,134418,869,868,3326,2020,1,-0.00066429283
Cold,130849,849,848,3326,2020,0,-0.005553043
Cold,202580,1244,1243,3326,2020,0,-0.0018388886
Cold,240258,1449,1448,3326,2020,0,0.0048581525
Cold,113379,735,734,3326,2020,0,0.0012077678
Cold,292789,1743,1742,3326,2020,1,0.00079763297
Cold,108113,710,709,3326,2020,0,0.0043927627
Cold,116375,752,751,3326,2020,0,0.00742676
Cold,100909,673,672,3326,2020,0,-0.00081524556
Cold,97370,652,651,3326,2020,0,0.0051484876
Cold,162314,1034,1033,3326,2020,0,-2.0958483e-05
Cold,89600,590,589,3326,2020,1,0.00022913516
Cold,86178,563,562,3326,2020,0,0.0067097116
Cold,250437,1509,1508,3326,2020,0,-0.004162898
Cold,77672,524,523,3326,2020,0,0.009642787
Cold,68452,460,459,3326,2020,1,0.0011610796
Cold,64293,429,428,3326,2020,0,-0.0012185487
Cold,67820,454,453,3326,2020,0,-0.0031879758
Cold,317805,1889,1888,3326,2020,0,-0.0030391708
Cold,46260,309,308,3326,2020,1,-0.006920282
Cold,29125,199,198,3326,2020,0,-0.0021847333
Cold,210219,1284,1283,3326,2020,0,0.005551642
Cold,162030,1033,1032,3326,2020,1,0.0048618377
Cold,314392,1877,1876,3326,2020,0,0.0058364016
Cold,561928,3457,3456,3326,2020,0,0.0010838681
Cold,7631,53,52,3326,2020,1,0.00565423
Cold,330763,1952,1951,3326,2020,0,-0.0076038064
Cold,49317,329,328,3326,2020,0,-0.0004984478
Cold,287316,1715,1714,3326,2020,0,-0.0055825706
Cold,355027,2077,2076,3326,2020,1,-0.0056317393
Cold,363186,2116,2115,3326,2020,0,0.0051184734
Cold,893663,5395,5394,3326,2020,0,0.0054940237
Cold,531132,3280,3279,3326,2020,0,5.2961754e-05
Cold,371053,2168,2167,3326,2020,0,-0.0024551924
Cold,55560,368,367,3326,2020,1,0.0017119034
Cold,975422,5880,5879,3326,2020,0,-0.00660944
Cold,653609,3940,3939,3326,2020,0,0.0025976447
Cold,174673,1105,1104,3326,2020,0,0.0042883176
Cold,840640,5050,5049,3326,2020,0,-0.0102022365
Cold,79533,531,530,3326,2020,0,0.0012564785
Cold,319440,1897,1896,3326,2020,0,-0.0012266862
Cold,47382,319,318,3326,2020,0,0.01277954
Cold,388372,2272,2271,3326,2020,1,-0.001789806
Cold,577317,3526,3525,3326,2020,0,0.004706016
Cold,242121,1458,1457,3326,2020,0,0.008668332
Cold,964539,5812,5811,3326,2020,0,0.0025713583
Cold,35056,237,236,3326,2020,0,0.0046503367
Cold,309679,1842,1841,3326,2020,0,0.0019348764
Cold,697549,4169,4168,3326,2020,0,-0.00035878643
Cold,631680,3821,3820,3326,2020,0,0.005841629
Cold,811438,4867,4866,3326,2020,0,-0.0013084582
Cold,571137,3503,3502,3326,2020,0,0.0038068392
Cold,72167,482,481,3326,2020,0,-0.0008281681
Cold,13135,102,101,3326,2020,1,0.0023755126
Cold,158388,1015,1014,3326,2020,0,0.0009649142
Cold,492837,3029,3028,3326,2020,0,-0.010648178
Cold,136711,881,880,3326,2020,0,0.007954571
Cold,847260,5090,5089,3326,2020,0,-0.0010799512
Cold,575860,3520,3519,3326,2020,0,0.005670034
Cold,801765,4802,4801,3326,2020,1,-0.0060035326
Cold,33910,229,228,3326,2020,0,0.0026086867
Cold,60640,411,410,3326,2020,0,0.0014451086
Cold,771889,4600,4599,3326,2020,0,-0.002298912
Cold,252859,1532,1531,3327,2021,0,-0.0025978785
Cold,244071,1470,1469,3327,2021,1,0.0006798294
Cold,236561,1435,1434,3327,2021,0,-0.00695152
Cold,231155,1399,1398,3327,2021,1,-0.005858346
Cold,227794,1381,1380,3327,2021,0,-0.0020885966
Cold,224240,1356,1355,3327,2021,0,-0.007622241
Cold,215918,1309,1308,3327,2021,1,-0.008547564
Cold,211117,1285,1284,3327,2021,1,-0.0054134764
Cold,195940,1204,1203,3327,2021,0,0.0001662604
Cold,326564,1935,1934,3327,2021,1,-0.010032702
Cold,185482,1150,1149,3327,2021,1,-0.0058387257
Cold,340302,2009,2008,3327,2021,0,-0.00071164954
Cold,308750,1837,1836,3327,2021,0,-0.009229654
Cold,226160,1369,1368,3327,2021,0,-0.0017895035
Cold,159340,1017,1016,3327,2021,1,-0.0013910308
Cold,158390,1015,1014,3327,2021,0,-0.0061411792
Cold,150088,966,965,3327,2021,0,-0.0057986896
Cold,147951,953,952,3327,2021,1,-0.013232941
Cold,268039,1628,1627,3327,2021,0,-0.0041577895
Cold,140733,904,903,3327,2021,1,0.00023998297
Cold,138515,889,888,3327,2021,0,-0.008987519
Cold,258506,1584,1583,3327,2021,1,0.00011651893
Cold,130850,849,848,3327,2021,1,-0.0054603945
Cold,130561,846,845,3327,2021,1,-0.0036364635
Cold,128980,838,837,3327,2021,1,-0.0033930228
Cold,182095,1137,1136,3327,2021,1,-0.010281039
Cold,131241,850,849,3327,2021,1,0.0024424414
Cold,306638,1828,1827,3327,2021,0,-0.0019623141
Cold,118025,763,762,3327,2021,1,-0.0018032559
Cold,115091,747,746,3327,2021,1,0.0030121189
Cold,110395,720,719,3327,2021,0,-0.0075597526
Cold,108756,712,711,3327,2021,1,-0.008278692
Cold,107196,705,704,3327,2021,0,-0.0033624428
Cold,120491,777,776,3327,2021,0,0.0026876326
Cold,574331,3516,3515,3327,2021,0,0.0066259373
Cold,96461,647,646,3327,2021,1,0.0016191937
Cold,332744,1962,1961,3327,2021,0,-0.0018066373
Cold,91660,608,607,3327,2021,0,4.492019e-05
Cold,90717,601,600,3327,2021,1,-0.011134243
Cold,205915,1264,1263,3327,2021,0,0.0003762038
Cold,384182,2244,2243,3327,2021,0,-0.008150952
Cold,320821,1902,1901,3327,2021,1,0.0016919908
Cold,82529,548,547,3327,2021,0,-0.0014061832
Cold,69319,464,463,3327,2021,0,0.005613069
Cold,57136,386,385,3327,2021,1,-0.0033170227
Cold,53621,352,351,3327,2021,1,-0.0019487683
Cold,312940,1865,1864,3327,2021,1,-0.003368405
Cold,30816,205,204,3327,2021,1,-0.003105145
Cold,23617,169,168,3327,2021,1,-0.004085156
Cold,947760,5722,5721,3327,2021,0,0.0017873627
Cold,13970,113,112,3327,2021,0,-0.0034273546
Cold,421089,2544,2543,3327,2021,1,-0.004119166
Cold,823908,4951,4950,3327,2021,1,-0.01101209
Cold,432784,2638,2637,3327,2021,1,-0.011633742
Cold,355029,2077,2076,3327,2021,0,0.003192435
Cold,653610,3940,3939,3327,2021,0,-0.004548299
Cold,635918,3833,3832,3327,2021,1,-0.0044071954
Cold,252579,1530,1529,3327,2021,1,-0.0069474727
Cold,554060,3410,3409,3327,2021,0,0.008443469
Cold,366222,2131,2130,3327,2021,1,-0.0014624575
Cold,24302,173,172,3327,2021,0,-0.0057732286
Cold,581371,3550,3549,3327,2021,1,-0.0014320812
Cold,273085,1647,1646,3327,2021,1,-0.0070208693
Cold,983135,5938,5937,3327,2021,1,-0.0023255001
Cold,778294,4647,4646,3327,2021,1,-0.001342261
Cold,329433,1943,1942,3327,2021,1,-0.009635094
Cold,145855,937,936,3327,2021,1,-0.012297142
Cold,191146,1181,1180,3327,2021,1,-0.010183433
Cold,714005,4277,4276,3327,2021,1,-0.010596087
Cold,941754,5682,5681,3327,2021,1,-0.00132911
Cold,63120,424,423,3327,2021,1,-0.002017519
Cold,28049,195,194,3327,2021,1,-0.008211012
Cold,251908,1524,1523,3327,2021,1,-0.002219589
Cold,764555,4543,4542,3327,2021,1,0.00040792534
Cold,408315,2453,2452,3330,2023,1,0.0007164674
Cold,398290,2368,2367,3330,2023,1,-0.0027125042
Cold,414675,2496,2495,3330,2023,0,0.0103123
Cold,396686,2348,2347,3330,2023,0,-0.0041009802
Cold,394897,2332,2331,3330,2023,1,-0.0048977467
Cold,378771,2211,2210,3330,2023,1,0.0033673868
Cold,356466,2088,2087,3330,2023,0,-0.0036961543
Cold,269137,1632,1631,3330,2023,0,0.004558238
Cold,259562,1587,1586,3330,2023,1,0.0055818493
Cold,346280,2030,2029,3330,2023,1,0.0009695363
Cold,294390,1749,1748,3330,2023,0,-0.0026115654
Cold,242899,1465,1464,3330,2023,1,-0.001863907
Cold,325492,1926,1925,3330,2023,1,0.0027634639
Cold,213569,1298,1297,3330,2023,1,0.0033678953
Cold,188639,1170,1169,3330,2023,1,-0.0034026373
Cold,167953,1068,1067,3330,2023,1,0.0028043413
Cold,323919,1920,1919,3330,2023,0,0.00088326866
Cold,714016,4277,4276,3330,2023,1,0.000721192
Cold,318965,1896,1895,3330,2023,1,0.00829276
Cold,131251,850,849,3330,2023,0,0.0005082984
Cold,124543,801,800,3330,2023,1,-0.0024851945
Cold,70854,476,475,3330,2023,1,0.00042957359
Cold,72186,482,481,3330,2023,1,0.0013514902
Cold,46810,314,313,3330,2023,1,0.0038546573
Cold,42080,285,284,3330,2023,1,-0.0011035406
Cold,697563,4169,4168,3330,2023,1,0.00024096202
Cold,35254,238,237,3330,2023,0,-0.0025333005
Cold,21970,161,160,3330,2023,0,-0.0025407833
Cold,187719,1164,1163,3330,2023,1,0.008614669
Cold,15538,123,122,3330,2023,0,-0.0018076374
Cold,9236,62,61,3330,2023,1,-0.0006466429
Cold,60656,411,410,3330,2023,1,0.0028222187
Cold,312946,1865,1864,3330,2023,1,0.0021980037
Cold,24315,173,172,3330,2023,1,0.00080426876
Cold,170936,1087,1086,3330,2023,1,0.004955537
Cold,116397,752,751,3330,2023,1,0.0105873225
Cold,565678,3475,3474,3330,2023,0,0.0063693486
Cold,639217,3842,3841,3330,2023,1,0.008852332
Cold,22778,164,163,3330,2023,1,-0.005674665
Cold,421100,2544,2543,3330,2023,0,-0.0029776113
Cold,319448,1897,1896,3330,2023,1,-0.0030820621
Cold,397393,2353,2352,3330,2023,1,-0.00074247376
Cold,257789,1579,1578,3330,2023,1,0.0035124621
Cold,821733,4940,4939,3330,2023,1,0.0029402436
Cold,384743,2247,2246,3330,2023,0,-9.218929e-05
Cold,748334,4467,4466,3330,2023,0,0.0042005195
Cold,839806,5046,5045,3330,2023,1,0.0129986
Cold,263483,1605,1604,3330,2023,1,0.007181051
Cold,41173,278,277,3340,2025,0,-4.375493e-05
Cold,36423,245,244,3340,2025,0,-0.007987086
Cold,13538,107,106,3340,2025,0,-0.0003606605
Cold,592079,3610,3609,3340,2025,0,0.0010797228
Cold,4637,33,32,3340,2025,1,0.008353654
Cold,552505,3401,3400,3340,2025,0,-0.0023466886
Cold,238090,1447,1446,3340,2025,0,0.0058889464
Cold,901619,5450,5449,3340,2025,1,0.0018021832
Cold,161386,1029,1028,3340,2025,0,-0.0030973246
Cold,546902,3371,3370,3340,2025,0,0.0019705654
Cold,63155,424,423,3340,2025,0,-0.001027521
Cold,681634,4083,4082,3341,2026,1,-0.0021188264
Cold,678692,4064,4063,3341,2026,1,0.002061757
Cold,676120,4054,4053,3341,2026,1,-0.004245594
Cold,668607,4021,4020,3341,2026,1,-0.0073759696
Cold,653040,3935,3934,3341,2026,0,0.009505491
Cold,639225,3842,3841,3341,2026,1,0.0050475607
Cold,646074,3888,3887,3341,2026,1,0.006824696
Cold,576238,3521,3520,3341,2026,1,-0.006128446
Cold,580592,3546,3545,3341,2026,1,0.00411377
Cold,566798,3478,3477,3341,2026,0,0.005910845
Cold,594079,3618,3617,3341,2026,0,-0.0002940232
Cold,560505,3445,3444,3341,2026,1,0.0005404928
Cold,548404,3384,3383,3341,2026,0,0.0016552657
Cold,533478,3292,3291,3341,2026,1,-0.0072892243
Cold,531746,3283,3282,3341,2026,1,0.0011929874
Cold,916941,5539,5538,3341,2026,1,-0.0015164915
Cold,526252,3253,3252,3341,2026,1,0.012680459
Cold,512996,3163,3162,3341,2026,1,0.0037265234
Cold,500392,3073,3072,3341,2026,0,0.012051681
Cold,491825,3025,3024,3341,2026,1,3.6884783e-05
Cold,769086,4579,4578,3341,2026,0,-0.0068855486
Cold,479515,2942,2941,3341,2026,1,-0.0024008178
Cold,478177,2934,2933,3341,2026,1,0.004388198
Cold,697583,4169,4168,3341,2026,1,0.0012149743
Cold,530602,3278,3277,3341,2026,1,0.0047568795
Cold,601675,3658,3657,3341,2026,1,0.010277854
Cold,462047,2849,2848,3341,2026,1,0.002196124
Cold,455894,2807,2806,3341,2026,1,0.008005079
Cold,455562,2805,2804,3341,2026,1,0.00077191426
Cold,448499,2764,2763,3341,2026,1,-0.0050900485
Cold,446927,2753,2752,3341,2026,1,-0.005079109
Cold,440480,2693,2692,3341,2026,0,-0.006372076
Cold,435261,2659,2658,3341,2026,1,-0.001439077
Cold,431900,2631,2630,3341,2026,1,0.01345248
Cold,417616,2520,2519,3341,2026,1,-0.003628831
Cold,425379,2581,2580,3341,2026,1,5.28121e-05
Cold,405451,2428,2427,3341,2026,1,0.0036410694
Cold,395202,2334,2333,3341,2026,0,-0.00389634
Cold,393886,2320,2319,3341,2026,1,-1.8293737e-05
Cold,390740,2293,2292,3341,2026,1,0.00047877408
Cold,403724,2411,2410,3341,2026,1,-0.0015327847
Cold,380882,2225,2224,3341,2026,0,8.858647e-05
Cold,381713,2231,2230,3341,2026,1,-0.012906507
Cold,377350,2203,2202,3341,2026,1,4.05428e-06
Cold,363596,2117,2116,3341,2026,1,0.00145886
Cold,364172,2121,2120,3341,2026,1,-0.0027216447
Cold,352983,2067,2066,3341,2026,0,0.0005833999
Cold,374250,2181,2180,3341,2026,1,-0.0010258872
Cold,347452,2038,2037,3341,2026,1,-0.0043229703
Cold,357586,2092,2091,3341,2026,1,-0.004981691
Cold,343180,2016,2015,3341,2026,1,0.0019599518
Cold,335099,1977,1976,3341,2026,0,0.00020800298
Cold,318972,1896,1895,3341,2026,0,0.009125525
Cold,325501,1926,1925,3341,2026,1,0.006950262
Cold,302802,1798,1797,3341,2026,1,-0.0006541214
Cold,302692,1797,1796,3341,2026,1,-0.0054620914
Cold,279606,1680,1679,3341,2026,1,0.0034569264
Cold,276350,1671,1670,3341,2026,1,0.0035464868
Cold,264197,1607,1606,3341,2026,0,-0.004918484
Cold,346291,2030,2029,3341,2026,1,-0.004184552
Cold,250211,1507,1506,3341,2026,1,-0.0011378475
Cold,354210,2073,2072,3341,2026,1,0.0039434964
Cold,459194,2826,2825,3341,2026,1,0.0013919887
Cold,228402,1383,1382,3341,2026,0,-0.0047261454
Cold,209156,1276,1275,3341,2026,1,0.0023614226
Cold,205373,1263,1262,3341,2026,0,0.00010058563
Cold,190157,1180,1179,3341,2026,1,0.0025316766
Cold,218309,1323,1322,3341,2026,1,-0.0023192917
Cold,316324,1883,1882,3341,2026,0,-0.0053195823
Cold,182846,1140,1139,3341,2026,0,-0.0021081427
Cold,181010,1131,1130,3341,2026,1,-0.0006099667
Cold,178707,1121,1120,3341,2026,1,0.0051415167
Cold,320215,1899,1898,3341,2026,1,-0.0025664773
Cold,153864,989,988,3341,2026,1,0.0027073314
Cold,147024,948,947,3341,2026,0,-0.0056315036
Cold,185517,1150,1149,3341,2026,1,0.0065348153
Cold,141212,910,909,3341,2026,1,0.0013186065
Cold,138559,889,888,3341,2026,0,0.0014739144
Cold,135052,873,872,3341,2026,1,0.003557787
Cold,201674,1242,1241,3341,2026,1,0.0010489989
Cold,131261,850,849,3341,2026,1,0.0018592479
Cold,128850,837,836,3341,2026,0,0.0033416117
Cold,374865,2185,2184,3341,2026,1,0.0054314514
Cold,322539,1912,1911,3341,2026,0,0.0021266663
Cold,124293,800,799,3341,2026,1,-0.0013102103
Cold,118734,767,766,3341,2026,1,-0.008501861
Cold,524442,3233,3232,3341,2026,1,0.0018904814
Cold,89337,588,587,3341,2026,1,-0.012693951
Cold,339237,1998,1997,3341,2026,1,-0.0052593816
Cold,77697,524,523,3341,2026,0,-0.0016115408
Cold,75964,516,515,3341,2026,1,-0.0007573622
Cold,69989,473,472,3341,2026,1,0.009040683
Cold,76748,520,519,3341,2026,1,0.007641562
Cold,123495,796,795,3341,2026,1,0.0032424468
Cold,57768,391,390,3341,2026,1,-0.004546847
Cold,41365,280,279,3341,2026,1,0.0029096145
Cold,34700,235,234,3341,2026,1,0.007396565
Cold,171855,1088,1087,3341,2026,1,0.0052871993
Cold,12707,97,96,3341,2026,1,-0.00097618543
Cold,10865,79,78,3341,2026,1,0.0031537698
Cold,6437,45,44,3341,2026,1,-0.005848361
Cold,4212,31,30,3341,2026,1,0.0032666144
Cold,481936,2962,2961,3341,2026,0,-0.00020112214
Cold,15558,123,122,3341,2026,0,-0.0025295787
Cold,316929,1884,1883,3341,2026,1,-0.0023557527
Cold,248924,1501,1500,3341,2026,0,-0.00044699316
Cold,369272,2159,2158,3341,2026,1,0.0032351073
Cold,421642,2547,2546,3341,2026,1,-0.0033717663
Cold,421117,2544,2543,3341,2026,1,-0.00436063
Cold,804178,4815,4814,3341,2026,1,0.0011115861
Cold,841548,5054,5053,3341,2026,1,-0.0018855666
Cold,110939,721,720,3341,2026,1,-0.005351267
Cold,860356,5172,5171,3341,2026,1,-0.0015497813
Cold,513946,3171,3170,3341,2026,1,-0.0018494783
Cold,820977,4934,4933,3341,2026,0,-0.0033356245
Cold,141602,911,910,3341,2026,1,-0.006748276
Cold,93360,624,623,3341,2026,1,0.0023671514
Cold,611253,3705,3704,3350,2029,1,-0.0017206697
Cold,598808,3645,3644,3350,2029,0,0.0033576135
Cold,587055,3585,3584,3350,2029,1,0.0010322263
Cold,585772,3576,3575,3350,2029,0,0.0032982053
Cold,572315,3507,3506,3350,2029,1,-0.0050178757
Cold,568781,3490,3489,3350,2029,1,0.0032243724
Cold,553257,3403,3402,3350,2029,1,-0.009310925
Cold,549514,3390,3389,3350,2029,1,-0.00054422626
Cold,714037,4277,4276,3350,2029,1,0.0042867064
Cold,542342,3336,3335,3350,2029,1,0.014168855
Cold,535422,3304,3303,3350,2029,1,-0.0005442377
Cold,533481,3292,3291,3350,2029,1,0.013189882
Cold,531163,3280,3279,3350,2029,1,0.0057137483
Cold,514999,3180,3179,3350,2029,0,0.004318185
Cold,566376,3476,3475,3350,2029,1,0.0014374258
Cold,509010,3131,3130,3350,2029,1,-0.0040859217
Cold,505236,3108,3107,3350,2029,0,-0.0033143219
Cold,487953,3001,3000,3350,2029,1,0.0017902919
Cold,483115,2968,2967,3350,2029,0,0.016749447
Cold,479516,2942,2941,3350,2029,1,0.0050339336
Cold,478180,2934,2933,3350,2029,1,0.009480205
Cold,462665,2854,2853,3350,2029,1,-0.00032316195
Cold,453075,2790,2789,3350,2029,1,-0.009221686
Cold,443606,2736,2735,3350,2029,1,-0.008043675
Cold,421505,2546,2545,3350,2029,0,-0.00033799
Cold,419431,2535,2534,3350,2029,1,0.0018821359
Cold,403478,2410,2409,3350,2029,1,-0.00056965183
Cold,408328,2453,2452,3350,2029,1,0.0040123975
Cold,398296,2368,2367,3350,2029,1,0.0036781074
Cold,395205,2334,2333,3350,2029,1,-0.00465654
Cold,381716,2231,2230,3350,2029,0,0.0020950832
Cold,378777,2211,2210,3350,2029,0,0.008534534
Cold,364879,2124,2123,3350,2029,1,0.00034730555
Cold,356481,2088,2087,3350,2029,0,0.005042035
Cold,354213,2073,2072,3350,2029,1,-0.008345064
Cold,336143,1980,1979,3350,2029,1,-0.0004261192
Cold,318973,1896,1895,3350,2029,0,-0.0063140327
Cold,280926,1685,1684,3350,2029,1,0.010556944
Cold,256670,1569,1568,3350,2029,1,0.00024038553
Cold,346295,2030,2029,3350,2029,1,0.0044365684
Cold,233696,1421,1420,3350,2029,0,0.0048939884
Cold,342655,2015,2014,3350,2029,0,0.0012961891
Cold,374255,2181,2180,3350,2029,1,0.003956464
Cold,244098,1470,1469,3350,2029,0,0.011051203
Cold,328430,1941,1940,3350,2029,0,0.00018665614
Cold,162709,1038,1037,3350,2029,1,0.0030056033
Cold,149958,965,964,3350,2029,1,0.0033104366
Cold,143919,928,927,3350,2029,1,0.00550499
Cold,185528,1150,1149,3350,2029,0,0.004203845
Cold,263510,1605,1604,3350,2029,1,0.00013413932
Cold,240309,1449,1448,3350,2029,1,0.0093017155
Cold,101723,677,676,3350,2029,1,-0.01017135
Cold,85631,558,557,3350,2029,1,0.00023790565
Cold,191201,1181,1180,3350,2029,0,0.0031005256
Cold,239135,1448,1447,3350,2029,1,0.0021928418
Cold,67060,451,450,3350,2029,1,-0.0036332782
Cold,46822,314,313,3350,2029,1,-0.00220271
Cold,42527,291,290,3350,2029,1,-0.002861861
Cold,42342,288,287,3350,2029,1,0.011127245
Cold,697594,4169,4168,3350,2029,1,0.008951028
Cold,35269,238,237,3350,2029,1,0.00035023713
Cold,30824,205,204,3350,2029,0,-0.0035795986
Cold,123498,796,795,3350,2029,0,0.0049491026
Cold,8801,59,58,3350,2029,0,0.012792595
Cold,9265,62,61,3350,2029,1,0.008985313
Cold,60689,411,410,3350,2029,1,0.006671189
Cold,421123,2544,2543,3350,2029,0,-0.0009197076
Cold,431127,2627,2626,3350,2029,1,-0.0031921188
Cold,804180,4815,4814,3350,2029,1,-0.0020239768
Cold,24331,173,172,3350,2029,1,0.0048546707
Cold,415377,2501,2500,3350,2029,1,0.0033622042
Cold,50618,333,332,3350,2029,1,0.005653668
Cold,807302,4831,4830,3350,2029,1,-0.00033506798
Cold,394899,2332,2331,3350,2029,1,0.0022755007
Cold,52141,343,342,3350,2029,1,0.0050519817
Cold,801779,4802,4801,3350,2029,0,-0.0020990123
Cold,319462,1897,1896,3350,2029,1,-0.003027121
Cold,821736,4940,4939,3350,2029,1,0.0037664692
Cold,555065,3413,3412,3350,2029,1,0.006579883
Cold,208874,1274,1273,3350,2029,1,0.007756935
Cold,193788,1194,1193,3350,2029,1,-3.977632e-05
Cold,171863,1088,1087,3350,2029,1,0.0143187065
Cold,300472,1780,1779,3350,2029,1,-0.0025175316
Cold,138570,889,888,3357,2032,0,-0.000213549
Cold,490066,3015,3014,3357,2032,1,0.0036532325
Cold,132838,856,855,3357,2032,1,0.0032205235
Cold,187729,1164,1163,3357,2032,1,-0.008733023
Cold,112599,731,730,3357,2032,1,0.0027253851
Cold,100933,673,672,3357,2032,1,-0.0016556483
Cold,660985,3985,3984,3357,2032,0,0.003840895
Cold,256114,1561,1560,3357,2032,1,0.009794636
Cold,207010,1266,1265,3357,2032,0,-0.0034561993
Cold,90271,595,594,3357,2032,1,0.0006008212
Cold,89615,590,589,3357,2032,1,0.0051065655
Cold,72965,493,492,3357,2032,1,0.003420822
Cold,605302,3679,3678,3357,2032,0,0.0023150807
Cold,57601,390,389,3357,2032,0,0.009531794
Cold,48825,327,326,3357,2032,0,-0.00016850373
Cold,44988,303,302,3357,2032,1,-0.0061570876
Cold,969231,5841,5840,3357,2032,1,-0.0068141487
Cold,61799,415,414,3357,2032,1,0.002158563
Cold,332769,1962,1961,3357,2032,0,-0.00026466837
Cold,182114,1137,1136,3357,2032,0,0.010480892
Cold,71243,478,477,3357,2032,1,0.004667844
Cold,821254,4937,4936,3357,2032,1,0.007672536
Cold,21988,161,160,3357,2032,1,-0.009625224
Cold,801781,4802,4801,3357,2032,1,-0.0070131635
Cold,314400,1877,1876,3357,2032,0,-0.0047226506
Cold,471975,2904,2903,3357,2032,1,-0.0022174232
Cold,16106,127,126,3357,2032,0,0.007597571
Cold,535088,3301,3300,3357,2032,1,-0.00031688064
Cold,569634,3492,3491,3357,2032,1,0.0012913652
Cold,39355,267,266,3357,2032,1,0.00046652742
Cold,967461,5831,5830,3357,2032,1,0.0046207937
Cold,60692,411,410,3357,2032,0,0.0052709323
Cold,365836,2129,2128,3357,2032,0,-0.0044982354
Cold,228408,1383,1382,3357,2032,0,-0.0012628045
Cold,198231,1218,1217,3357,2032,1,0.0021020982
Cold,771141,4593,4592,3357,2032,1,0.0014487973
Cold,964561,5812,5811,3357,2032,1,0.00034737773
Cold,298161,1767,1766,3357,2032,0,0.0037573064
Cold,796368,4771,4770,3357,2032,0,-0.0023056495
Cold,13146,102,101,3357,2032,0,0.008806496
Cold,199876,1227,1226,3357,2032,1,0.0005027633
Cold,571473,3504,3503,3357,2032,1,-0.012148539
Cold,456992,2814,2813,3357,2032,1,-0.002868226
Cold,638407,3841,3840,3364,2039,0,0.0010025278
Cold,617132,3735,3734,3364,2039,1,-0.0063314196
Cold,611268,3705,3704,3364,2039,1,-9.084679e-05
Cold,604404,3675,3674,3364,2039,1,-0.009666966
Cold,621298,3762,3761,3364,2039,0,-0.012055129
Cold,597574,3635,3634,3364,2039,1,-0.0027722074
Cold,587487,3588,3587,3364,2039,1,0.0017208946
Cold,580602,3546,3545,3364,2039,1,0.0037990524
Cold,572335,3507,3506,3364,2039,1,-0.009295883
Cold,556108,3417,3416,3364,2039,1,-0.0040223105
Cold,551293,3394,3393,3364,2039,1,-0.010728329
Cold,548408,3384,3383,3364,2039,1,-0.0037978273
Cold,714059,4277,4276,3364,2039,1,-0.011256315
Cold,533498,3292,3291,3364,2039,1,-0.007338073
Cold,513014,3163,3162,3364,2039,1,-0.006814611
Cold,482818,2967,2966,3364,2039,1,-0.0043107127
Cold,697619,4169,4168,3364,2039,1,-0.0072761676
Cold,880187,5317,5316,3364,2039,1,-0.0061980966
Cold,466961,2878,2877,3364,2039,1,-0.01067532
Cold,441376,2703,2702,3364,2039,1,-0.004281327
Cold,438651,2680,2679,3364,2039,0,0.0029907874
Cold,433718,2643,2642,3364,2039,0,-0.0051276586
Cold,833086,5008,5007,3364,2039,1,-0.0027709072
Cold,427256,2593,2592,3364,2039,1,-0.0020484908
Cold,421510,2546,2545,3364,2039,1,-0.0085629495
Cold,411102,2466,2465,3364,2039,1,0.0043579866
Cold,655960,3952,3951,3364,2039,1,0.0019470175
Cold,374273,2181,2180,3364,2039,1,-0.008003437
Cold,364175,2121,2120,3364,2039,1,-0.008038766
Cold,352985,2067,2066,3364,2039,1,0.010100417
Cold,346305,2030,2029,3364,2039,1,-0.014393963
Cold,357601,2092,2091,3364,2039,1,-0.0026027763
Cold,343186,2016,2015,3364,2039,0,0.0017715273
Cold,339702,2002,2001,3364,2039,1,-0.0056799627
Cold,337791,1986,1985,3364,2039,1,-0.006925597
Cold,323237,1916,1915,3364,2039,1,-0.008655431
Cold,293426,1747,1746,3364,2039,0,-0.0050881845
Cold,285997,1706,1705,3364,2039,1,-0.014323245
Cold,345511,2026,2025,3364,2039,1,0.0016381086
Cold,237440,1446,1445,3364,2039,1,-0.0062539373
Cold,242921,1465,1464,3364,2039,1,0.0019599756
Cold,219972,1333,1332,3364,2039,0,-0.012538312
Cold,425391,2581,2580,3364,2039,1,-0.0063816593
Cold,212628,1295,1294,3364,2039,0,-5.7759695e-05
Cold,207019,1266,1265,3364,2039,0,-0.008769805
Cold,193007,1191,1190,3364,2039,1,-0.0010985844
Cold,207364,1267,1266,3364,2039,1,-0.006060118
Cold,165293,1053,1052,3364,2039,0,-0.0028310702
Cold,275655,1667,1666,3364,2039,1,-0.0030853613
Cold,144547,931,930,3364,2039,0,-0.006985956
Cold,185556,1150,1149,3364,2039,0,-0.0056099715
Cold,138592,889,888,3364,2039,1,-0.0026246149
Cold,334709,1974,1973,3364,2039,1,-0.005716112
Cold,318976,1896,1895,3364,2039,1,-0.005963413
Cold,128195,829,828,3364,2039,1,-1.6089878e-05
Cold,240331,1449,1448,3364,2039,1,-0.0026458413
Cold,106454,700,699,3364,2039,1,0.0074138446
Cold,106864,702,701,3364,2039,1,-0.0065966025
Cold,316943,1884,1883,3364,2039,1,-0.006427924
Cold,153198,984,983,3364,2039,1,-0.0016946392
Cold,169626,1077,1076,3364,2039,1,-0.0007874577
Cold,84373,550,549,3364,2039,0,-0.008225649
Cold,70869,476,475,3364,2039,1,-0.001303439
Cold,68818,461,460,3364,2039,1,-0.015111977
Cold,57773,391,390,3364,2039,0,-0.0042795003
Cold,501392,3080,3079,3364,2039,1,0.005181309
Cold,45566,307,306,3364,2039,1,0.0020860166
Cold,45114,304,303,3364,2039,0,-0.0038939794
Cold,37569,256,255,3364,2039,1,-0.009609174
Cold,32053,216,215,3364,2039,1,-0.008866117
Cold,481948,2962,2961,3364,2039,1,0.0067001246
Cold,18699,146,145,3364,2039,1,-0.011710823
Cold,17929,138,137,3364,2039,1,0.0016676607
Cold,592091,3610,3609,3364,2039,0,-0.005883032
Cold,24346,173,172,3364,2039,1,0.0017953182
Cold,3777,27,26,3364,2039,1,0.004756638
Cold,123509,796,795,3364,2039,1,-0.0048891813
Cold,4296,33,32,3364,2039,1,0.00197872
Cold,94614,635,634,3364,2039,1,-0.0023886317
Cold,208884,1274,1273,3364,2039,1,-0.00023520482
Cold,453164,2791,2790,3364,2039,1,0.000118280994
Cold,801790,4802,4801,3364,2039,1,-0.0032869745
Cold,571167,3503,3502,3364,2039,1,-0.0035059508
Cold,554562,3411,3410,3364,2039,0,0.00193243
Cold,769093,4579,4578,3364,2039,0,-0.0030095472
Cold,473915,2909,2908,3364,2039,0,-0.00509436
Cold,421131,2544,2543,3364,2039,1,-0.0026811417
Cold,113784,737,736,3364,2039,1,-0.0070318193
Cold,322558,1912,1911,3364,2039,0,-0.004182713
Cold,491215,3020,3019,3364,2039,0,0.002068717
Cold,176110,1113,1112,3364,2039,1,-0.000816497
Cold,388192,2271,2270,3368,2042,0,0.00015947153
Cold,473921,2909,2908,3368,2042,1,0.0026938245
Cold,136781,881,880,3368,2042,0,4.136772e-05
Cold,384905,2248,2247,3370,2043,0,0.005451031
Cold,381729,2231,2230,3370,2043,1,0.0034653305
Cold,373058,2178,2177,3370,2043,1,0.0049507464
Cold,372106,2173,2172,3370,2043,1,-0.008979682
Cold,364901,2124,2123,3370,2043,0,0.0017314148
Cold,345328,2025,2024,3370,2043,1,0.0022756471
Cold,334718,1974,1973,3370,2043,1,-0.0014858521
Cold,283608,1697,1696,3370,2043,0,0.0017672998
Cold,282064,1692,1691,3370,2043,0,0.0012912136
Cold,293884,1748,1747,3370,2043,0,0.0018647225
Cold,228437,1383,1382,3370,2043,0,-0.002457855
Cold,197048,1209,1208,3370,2043,0,-0.004337446
Cold,185572,1150,1149,3370,2043,0,-0.0045828987
Cold,161200,1028,1027,3370,2043,0,-0.0018838553
Cold,191250,1181,1180,3370,2043,0,-0.009892949
Cold,89836,591,590,3370,2043,1,0.0011573634
Cold,85752,559,558,3370,2043,1,-0.0022719512
Cold,239169,1448,1447,3370,2043,1,0.0019309975
Cold,406170,2436,2435,3370,2043,0,0.011744539
Cold,57405,388,387,3370,2043,0,-0.0014969676
Cold,35285,238,237,3370,2043,1,0.007669096
Cold,13545,107,106,3370,2043,1,-0.0037635034
Cold,3959,29,28,3370,2043,0,-0.0020090546
Cold,169292,1074,1073,3370,2043,0,0.000737192
Cold,102471,678,677,3370,2043,1,-0.005200159
Cold,905539,5475,5474,3370,2043,0,-0.0075541968
Cold,1756,17,16,3375,2044,1,-0.00045995315
Cold,357618,2092,2091,3375,2044,1,-0.0012524441
Cold,328484,1941,1940,3375,2044,0,0.0069779083
Cold,62288,422,421,3375,2044,1,0.0059415423
Cold,241368,1451,1450,3375,2044,1,0.003923811
Cold,414709,2496,2495,3379,2045,0,0.003295939
Cold,383500,2241,2240,3379,2045,1,-0.005867119
Cold,378789,2211,2210,3379,2045,1,0.0023760844
Cold,352990,2067,2066,3379,2045,1,0.0017117145
Cold,274903,1665,1664,3379,2045,1,0.009736483
Cold,252996,1534,1533,3379,2045,1,0.0012329367
Cold,346311,2030,2029,3379,2045,0,0.008120656
Cold,234600,1424,1423,3379,2045,1,-0.000869861
Cold,242937,1465,1464,3379,2045,1,0.0033202544
Cold,325529,1926,1925,3379,2045,1,0.00036495156
Cold,276375,1671,1670,3379,2045,1,0.0031703045
Cold,374299,2181,2180,3379,2045,0,0.004583096
Cold,188654,1170,1169,3379,2045,1,0.003166113
Cold,169008,1072,1071,3379,2045,1,-0.0042133117
Cold,191264,1181,1180,3379,2045,0,0.008220974
Cold,141072,909,908,3379,2045,1,0.010050278
Cold,138630,889,888,3379,2045,0,0.011549901
Cold,412153,2478,2477,3379,2045,1,0.0028532445
Cold,198243,1218,1217,3379,2045,1,0.006562755
Cold,211197,1285,1284,3379,2045,1,0.001383704
Cold,83389,549,548,3379,2045,1,0.010405435
Cold,46846,314,313,3379,2045,1,0.0008035536
Cold,35288,238,237,3379,2045,1,-0.004329241
Cold,592109,3610,3609,3379,2045,0,0.0034279162
Cold,357621,2092,2091,3379,2045,1,0.0016875116
Cold,481954,2962,2961,3379,2045,1,0.0064559095
Cold,316960,1884,1883,3379,2045,1,0.009644571
Cold,24366,173,172,3379,2045,1,0.0040510553
Cold,47498,319,318,3379,2045,1,0.005693053
Cold,254657,1547,1546,3379,2045,1,0.003305226
Cold,473946,2909,2908,3379,2045,1,0.008883717
Cold,841560,5054,5053,3379,2045,0,0.0008295842
Cold,105682,698,697,3379,2045,1,0.003560993
Cold,821741,4940,4939,3379,2045,1,-0.0065912968
Cold,208895,1274,1273,3379,2045,1,0.0098081445
Cold,522826,3224,3223,3385,2047,0,0.0087721795
Cold,515027,3180,3179,3385,2047,0,0.005119454
Cold,490906,3018,3017,3385,2047,0,0.003678936
Cold,529925,3272,3271,3385,2047,0,0.0039060265
Cold,697668,4169,4168,3385,2047,0,0.019023705
Cold,472797,2907,2906,3385,2047,0,0.0067445915
Cold,471108,2899,2898,3385,2047,1,0.0051122336
Cold,470103,2895,2894,3385,2047,0,0.0069274716
Cold,458163,2820,2819,3385,2047,0,-0.0014234455
Cold,450364,2776,2775,3385,2047,0,0.008870917
Cold,449649,2772,2771,3385,2047,0,0.004124538
Cold,564645,3471,3470,3385,2047,0,-0.0018295227
Cold,429251,2611,2610,3385,2047,0,0.010732816
Cold,420543,2541,2540,3385,2047,0,-0.0018554237
Cold,419891,2537,2536,3385,2047,0,0.003536713
Cold,402458,2402,2401,3385,2047,0,0.0025541955
Cold,404681,2419,2418,3385,2047,0,0.005342868
Cold,400490,2383,2382,3385,2047,0,0.006807157
Cold,389064,2279,2278,3385,2047,0,0.004654235
Cold,382978,2237,2236,3385,2047,0,0.0013134939
Cold,377384,2203,2202,3385,2047,0,0.004506041
Cold,364178,2121,2120,3385,2047,0,-0.003896794
Cold,362570,2115,2114,3385,2047,0,0.0003016619
Cold,436626,2665,2664,3385,2047,0,0.0030599525
Cold,360207,2105,2104,3385,2047,0,0.004867593
Cold,345170,2024,2023,3385,2047,0,-0.0048901914
Cold,380904,2225,2224,3385,2047,1,0.010807905
Cold,331829,1958,1957,3385,2047,0,0.009947432
Cold,290966,1736,1735,3385,2047,0,0.0024267402
Cold,281380,1687,1686,3385,2047,0,-0.0019684716
Cold,265977,1613,1612,3385,2047,0,0.0064510466
Cold,254785,1550,1549,3385,2047,0,0.0022339867
Cold,260170,1591,1590,3385,2047,0,0.005357255
Cold,350780,2059,2058,3385,2047,0,0.00831512
Cold,227277,1377,1376,3385,2047,0,0.0031345473
Cold,284410,1698,1697,3385,2047,0,0.008724829
Cold,209548,1279,1278,3385,2047,1,0.0046127355
Cold,205158,1262,1261,3385,2047,0,0.0045776945
Cold,192191,1183,1182,3385,2047,0,-0.0032659753
Cold,307625,1835,1834,3385,2047,1,0.006620334
Cold,180410,1128,1127,3385,2047,0,0.009950884
Cold,173787,1100,1099,3385,2047,0,0.000883827
Cold,248960,1501,1500,3385,2047,0,-0.0020953808
Cold,328514,1941,1940,3385,2047,0,0.019047994
Cold,272332,1645,1644,3385,2047,1,0.0023208973
Cold,185615,1150,1149,3385,2047,0,0.015447889
Cold,135800,877,876,3385,2047,0,0.005785477
Cold,133368,861,860,3385,2047,0,0.0022417083
Cold,160303,1019,1018,3385,2047,0,0.0134620005
Cold,211218,1285,1284,3385,2047,0,0.0005839851
Cold,119435,770,769,3385,2047,0,0.0061495076
Cold,240384,1449,1448,3385,2047,0,0.0063018305
Cold,352181,2063,2062,3385,2047,0,0.004970525
Cold,94277,631,630,3385,2047,0,0.006104092
Cold,228453,1383,1382,3385,2047,0,0.012916022
Cold,83404,549,548,3385,2047,1,-0.0031970253
Cold,191290,1181,1180,3385,2047,0,-0.0031383187
Cold,80339,533,532,3385,2047,0,0.009211468
Cold,70504,475,474,3385,2047,1,0.009798259
Cold,72256,482,481,3385,2047,0,0.004172388
Cold,70886,476,475,3385,2047,0,-0.004019427
Cold,68837,461,460,3385,2047,0,0.007571266
Cold,48546,326,325,3385,2047,0,0.00551713
Cold,44547,302,301,3385,2047,0,-0.0017671151
Cold,41825,284,283,3385,2047,0,-0.0069671767
Cold,36516,245,244,3385,2047,0,0.017880954
Cold,32106,216,215,3385,2047,1,0.008432997
Cold,88913,587,586,3385,2047,0,-0.0019421941
Cold,25104,176,175,3385,2047,0,0.00068682106
Cold,239195,1448,1447,3385,2047,1,-0.0071928883
Cold,60749,411,410,3385,2047,0,-0.0004666627
Cold,19451,148,147,3385,2047,1,0.0046377797
Cold,432827,2638,2637,3385,2047,0,0.0019073668
Cold,238156,1447,1446,3385,2047,0,0.004952632
Cold,954356,5761,5760,3385,2047,0,0.0034100001
Cold,572372,3507,3506,3385,2047,0,0.009818853
Cold,829220,4979,4978,3385,2047,0,0.005412312
Cold,106251,699,698,3385,2047,0,0.004989524
Cold,342703,2015,2014,3385,2047,0,0.0105617205
Cold,136824,881,880,3385,2047,0,0.0011909849
Cold,933990,5636,5635,3385,2047,0,0.008519951
Cold,648283,3903,3902,3387,2049,0,-0.0014255983
Cold,640117,3847,3846,3387,2049,0,0.0034344194
Cold,634131,3825,3824,3387,2049,0,0.008814224
Cold,630602,3815,3814,3387,2049,0,0.0015994229
Cold,625030,3778,3777,3387,2049,0,0.011351863
Cold,622308,3768,3767,3387,2049,0,0.002940141
Cold,621708,3766,3765,3387,2049,0,-0.0019080751
Cold,611933,3709,3708,3387,2049,0,0.0005258987
Cold,611683,3708,3707,3387,2049,0,-0.002192312
Cold,611295,3705,3704,3387,2049,1,-0.0051509817
Cold,726791,4345,4344,3387,2049,0,0.0025194078
Cold,720600,4312,4311,3387,2049,0,0.0058950568
Cold,603024,3669,3668,3387,2049,0,0.008989028
Cold,633498,3824,3823,3387,2049,0,-0.0009675274
Cold,616280,3729,3728,3387,2049,0,0.004993493
Cold,596792,3626,3625,3387,2049,0,0.0026205098
Cold,577414,3526,3525,3387,2049,0,-0.0030643358
Cold,576256,3521,3520,3387,2049,0,0.0016853524
Cold,574485,3517,3516,3387,2049,0,-0.0008565157
Cold,572374,3507,3506,3387,2049,0,-0.00037025101
Cold,552550,3401,3400,3387,2049,0,-0.0014898966
Cold,545802,3365,3364,3387,2049,0,0.004438488
Cold,571189,3503,3502,3387,2049,1,0.0030680543
Cold,537388,3311,3310,3387,2049,0,0.0025209673
Cold,517694,3195,3194,3387,2049,0,0.0032987534
Cold,515642,3182,3181,3387,2049,0,0.0028330393
Cold,515029,3180,3179,3387,2049,0,-0.0066271396
Cold,501857,3081,3080,3387,2049,1,-0.0027471469
Cold,494391,3032,3031,3387,2049,1,-0.0033050107
Cold,493522,3031,3030,3387,2049,1,-0.0076647135
Cold,529929,3272,3271,3387,2049,1,0.0011759726
Cold,472798,2907,2906,3387,2049,1,0.0025268402
Cold,470105,2895,2894,3387,2049,1,-0.0023475247
Cold,470491,2896,2895,3387,2049,1,-0.0029671842
Cold,453942,2793,2792,3387,2049,0,0.0027634497
Cold,451105,2777,2776,3387,2049,0,-2.7962029e-05
Cold,438879,2681,2680,3387,2049,0,0.0010078128
Cold,435924,2664,2663,3387,2049,0,0.006867962
Cold,429253,2611,2610,3387,2049,0,-0.004450462
Cold,420544,2541,2540,3387,2049,1,0.003560225
Cold,415562,2503,2502,3387,2049,0,0.0010775885
Cold,407384,2446,2445,3387,2049,1,0.0054247575
Cold,402460,2402,2401,3387,2049,0,-0.0040602675
Cold,404683,2419,2418,3387,2049,0,-0.00060217245
Cold,397885,2361,2360,3387,2049,1,0.004541836
Cold,436627,2665,2664,3387,2049,0,0.001534897
Cold,389066,2279,2278,3387,2049,0,0.002593828
Cold,377386,2203,2202,3387,2049,0,-0.008510313
Cold,360210,2105,2104,3387,2049,0,-0.0016143372
Cold,380906,2225,2224,3387,2049,0,0.0050018104
Cold,341745,2012,2011,3387,2049,0,0.0006341159
Cold,297668,1764,1763,3387,2049,1,-0.0034132812
Cold,286310,1709,1708,3387,2049,0,0.0064903703
Cold,299172,1776,1775,3387,2049,0,0.0034006059
Cold,281382,1687,1686,3387,2049,0,0.0034930361
Cold,265980,1613,1612,3387,2049,0,0.005303322
Cold,277908,1676,1675,3387,2049,0,0.0006530486
Cold,279714,1680,1679,3387,2049,1,0.007350546
Cold,308841,1837,1836,3387,2049,0,0.0045156493
Cold,261896,1599,1598,3387,2049,0,-0.00203452
Cold,213620,1298,1297,3387,2049,1,0.006317701
Cold,180413,1128,1127,3387,2049,0,0.0053375564
Cold,178306,1120,1119,3387,2049,1,-0.0008321884
Cold,174783,1106,1105,3387,2049,0,-0.0029496544
Cold,173789,1100,1099,3387,2049,0,0.00466024
Cold,248961,1501,1500,3387,2049,0,0.01826441
Cold,328518,1941,1940,3387,2049,0,-0.0003716268
Cold,185618,1150,1149,3387,2049,0,0.004974615
Cold,217244,1317,1316,3387,2049,0,0.003979788
Cold,157130,1010,1009,3387,2049,0,-0.0042310534
Cold,160308,1019,1018,3387,2049,0,0.003336016
Cold,126694,817,816,3387,2049,0,0.0035283468
Cold,117637,757,756,3387,2049,0,0.0050653876
Cold,119437,770,769,3387,2049,0,0.002370766
Cold,112918,732,731,3387,2049,1,-0.0033080827
Cold,272333,1645,1644,3387,2049,1,0.0121194385
Cold,365530,2127,2126,3387,2049,0,-0.0027447573
Cold,352183,2063,2062,3387,2049,0,0.0058106845
Cold,228454,1383,1382,3387,2049,0,0.00082736294
Cold,86777,566,565,3387,2049,0,0.006422946
Cold,191295,1181,1180,3387,2049,1,0.006068658
Cold,406187,2436,2435,3387,2049,0,0.0076282206
Cold,101483,676,675,3387,2049,0,0.0047736433
Cold,77765,524,523,3387,2049,0,0.008717999
Cold,81840,543,542,3387,2049,0,-0.0009895271
Cold,80341,533,532,3387,2049,0,-0.0021977047
Cold,70505,475,474,3387,2049,1,0.002140949
Cold,68839,461,460,3387,2049,0,0.005266709
Cold,67536,453,452,3387,2049,0,0.001701571
Cold,58083,392,391,3387,2049,0,0.0022930226
Cold,53804,352,351,3387,2049,0,-0.010528399
Cold,295017,1752,1751,3387,2049,0,0.0007947435
Cold,639269,3842,3841,3387,2049,0,-0.001977608
Cold,177140,1117,1116,3387,2049,0,0.007101577
Cold,32110,216,215,3387,2049,1,-0.0019866533
Cold,240386,1449,1448,3387,2049,0,0.0025694882
Cold,29890,202,201,3387,2049,0,-0.005158718
Cold,25637,181,180,3387,2049,0,-0.0028389823
Cold,25105,176,175,3387,2049,0,0.005985702
Cold,4693,34,33,3387,2049,0,0.00040802744
Cold,15628,123,122,3387,2049,0,-0.0036701201
Cold,60752,411,410,3387,2049,0,0.0009289225
Cold,79628,531,530,3387,2049,0,0.0016658519
Cold,355094,2077,2076,3387,2049,0,-0.0040208963
Cold,627001,3792,3791,3387,2049,0,0.0019266554
Cold,750703,4478,4477,3387,2049,0,-0.001687737
Cold,893453,5394,5393,3387,2049,0,-0.0059710764
Cold,418873,2529,2528,3387,2049,0,0.0036458718
Cold,473968,2909,2908,3387,2049,0,0.003571937
Cold,848247,5097,5096,3387,2049,0,-0.00801912
Cold,496618,3051,3050,3387,2049,1,0.00082366786
Cold,235169,1425,1424,3387,2049,0,0.003403686
Cold,550438,3391,3390,3387,2049,0,-0.0010119192
Cold,377395,2203,2202,3391,2051,0,0.006894429
Cold,363664,2118,2117,3391,2051,0,0.006787354
Cold,343731,2018,2017,3391,2051,0,0.0047906623
Cold,341754,2012,2011,3391,2051,0,0.009031747
Cold,290970,1736,1735,3391,2051,0,0.005138737
Cold,212137,1291,1290,3391,2051,0,0.011079358
Cold,446179,2751,2750,3391,2051,0,0.0072331256
Cold,279737,1680,1679,3391,2051,1,0.003045686
Cold,168009,1068,1067,3391,2051,0,0.005302447
Cold,166585,1059,1058,3391,2051,0,0.009913672
Cold,164765,1051,1050,3391,2051,0,0.008754408
Cold,185640,1150,1149,3391,2051,0,0.007080188
Cold,142491,919,918,3391,2051,0,0.0058192257
Cold,331845,1958,1957,3391,2051,0,0.0031637494
Cold,160320,1019,1018,3391,2051,0,0.013488421
Cold,112921,732,731,3391,2051,1,0.0061705015
Cold,272340,1645,1644,3391,2051,1,0.00094900816
Cold,201734,1242,1241,3391,2051,0,0.0042965338
Cold,352206,2063,2062,3391,2051,1,0.0076813335
Cold,83419,549,548,3391,2051,0,0.008473422
Cold,116500,752,751,3391,2051,0,0.0074553406
Cold,228463,1383,1382,3391,2051,0,0.00469936
Cold,52559,346,345,3391,2051,1,0.009477657
Cold,538114,3312,3311,3391,2051,0,0.011977893
Cold,240403,1449,1448,3391,2051,0,0.0020586057
Cold,25108,176,175,3391,2051,1,0.0034675614
Cold,306252,1824,1823,3391,2051,0,0.00892357
Cold,239212,1448,1447,3391,2051,0,0.009502081
Cold,79641,531,530,3391,2051,0,0.008452551
Cold,432831,2638,2637,3391,2051,0,0.0075036725
Cold,333990,1969,1968,3391,2051,0,0.006300278
Cold,102514,678,677,3391,2051,0,0.010836933
Cold,328538,1941,1940,3391,2051,0,0.008401791
Cold,378582,2210,2209,3391,2051,0,-0.0029208648
Cold,967503,5831,5830,3391,2051,0,0.011481879
Cold,825813,4958,4957,3391,2051,0,0.0059595658
Cold,572390,3507,3506,3392,2052,0,0.007547359
Cold,557329,3423,3422,3392,2052,0,0.003281599
Cold,554137,3410,3409,3392,2052,0,0.008113224
Cold,550460,3391,3390,3392,2052,0,-0.009026869
Cold,537400,3311,3310,3392,2052,0,-0.003422049
Cold,536202,3308,3307,3392,2052,0,-0.0015520377
Cold,529936,3272,3271,3392,2052,1,0.0067938417
Cold,529223,3271,3270,3392,2052,0,0.00312587
Cold,540029,3320,3319,3392,2052,0,-0.00042551616
Cold,531214,3280,3279,3392,2052,0,0.0019391621
Cold,532333,3285,3284,3392,2052,0,-0.0020342334
Cold,521535,3217,3216,3392,2052,0,0.008125236
Cold,508764,3129,3128,3392,2052,0,0.003390069
Cold,506233,3114,3113,3392,2052,0,-0.0016312259
Cold,494406,3032,3031,3392,2052,0,0.0046240743
Cold,738524,4411,4410,3392,2052,1,-0.0014625702
Cold,485253,2986,2985,3392,2052,0,0.012412179
Cold,517963,3196,3195,3392,2052,0,-0.00046610925
Cold,697689,4169,4168,3392,2052,0,0.007475071
Cold,472808,2907,2906,3392,2052,0,0.00028706877
Cold,473984,2909,2908,3392,2052,0,0.0074454253
Cold,458184,2820,2819,3392,2052,0,-0.006359634
Cold,451119,2777,2776,3392,2052,0,-0.0042711413
Cold,449983,2774,2773,3392,2052,0,-0.012062957
Cold,437117,2668,2667,3392,2052,0,-0.0068648704
Cold,435427,2661,2660,3392,2052,0,0.01145825
Cold,434487,2649,2648,3392,2052,0,-5.7952595e-05
Cold,423248,2565,2564,3392,2052,1,0.0018208139
Cold,400496,2383,2382,3392,2052,1,0.00844047
Cold,436637,2665,2664,3392,2052,0,0.009475293
Cold,389071,2279,2278,3392,2052,0,0.009431506
Cold,382984,2237,2236,3392,2052,0,0.0021424224
Cold,341756,2012,2011,3392,2052,0,0.001346672
Cold,340872,2010,2009,3392,2052,0,-0.008673096
Cold,298559,1770,1769,3392,2052,0,-0.0031130407
Cold,290972,1736,1735,3392,2052,0,0.009739628
Cold,291621,1737,1736,3392,2052,0,-0.00055153575
Cold,301364,1790,1789,3392,2052,0,-0.0039329007
Cold,277920,1676,1675,3392,2052,0,0.0032595564
Cold,280508,1683,1682,3392,2052,0,0.013894365
Cold,281387,1687,1686,3392,2052,0,0.00373914
Cold,265411,1612,1611,3392,2052,0,0.0057681464
Cold,259607,1587,1586,3392,2052,0,-0.0076265596
Cold,256989,1573,1572,3392,2052,0,0.0036608651
Cold,251941,1524,1523,3392,2052,0,-0.012916364
Cold,336240,1980,1979,3392,2052,0,0.0034414507
Cold,361025,2106,2105,3392,2052,0,0.007196044
Cold,205160,1262,1261,3392,2052,0,-0.0031759362
Cold,279739,1680,1679,3392,2052,1,0.0023197487
Cold,244150,1470,1469,3392,2052,1,0.0073087066
Cold,308860,1837,1836,3392,2052,0,0.005805068
Cold,316358,1883,1882,3392,2052,0,0.0048925895
Cold,164766,1051,1050,3392,2052,1,-0.0021719318
Cold,185642,1150,1149,3392,2052,0,0.009714143
Cold,142494,919,918,3392,2052,0,0.007893353
Cold,331847,1958,1957,3392,2052,0,0.002314157
Cold,126701,817,816,3392,2052,0,-0.004264393
Cold,141643,911,910,3392,2052,0,0.010482558
Cold,263582,1605,1604,3392,2052,0,-0.0075856745
Cold,201736,1242,1241,3392,2052,0,0.001581068
Cold,352208,2063,2062,3392,2052,0,0.009541518
Cold,97157,651,650,3392,2052,0,0.0052416967
Cold,101488,676,675,3392,2052,0,0.0047284435
Cold,228464,1383,1382,3392,2052,0,0.005551136
Cold,132626,855,854,3392,2052,0,0.017600536
Cold,47534,319,318,3392,2052,0,0.0027677936
Cold,44572,302,301,3392,2052,0,0.00090725836
Cold,219292,1329,1328,3392,2052,0,0.004842896
Cold,29904,202,201,3392,2052,0,0.0025290356
Cold,25109,176,175,3392,2052,0,-0.00073464954
Cold,239214,1448,1447,3392,2052,0,0.0034607816
Cold,23141,166,165,3392,2052,0,-0.00016085524
Cold,17531,136,135,3392,2052,0,0.0012768029
Cold,60772,411,410,3392,2052,0,0.016806906
Cold,108231,710,709,3392,2052,0,0.005227055
Cold,79642,531,530,3392,2052,1,0.0062965946
Cold,355105,2077,2076,3392,2052,0,0.0032181323
Cold,552560,3401,3400,3392,2052,0,0.0006101872
Cold,49479,329,328,3392,2052,0,-0.0058332346
Cold,58095,392,391,3392,2052,0,0.008033224
Cold,328540,1941,1940,3392,2052,0,0.010190801
Cold,116502,752,751,3392,2052,0,-0.0064052963
Cold,145052,934,933,3392,2052,0,0.0054950635
Cold,924190,5580,5579,3392,2052,0,0.0044859415
Cold,562733,3462,3461,3392,2052,0,0.004453104
Cold,348175,2041,2040,3392,2052,0,0.0045283195
Cold,599419,3648,3647,3392,2052,0,-0.009689759
Cold,499647,3067,3066,3392,2052,1,-0.005781492
Cold,302806,1798,1797,3392,2052,0,0.00059536635
Cold,34746,235,234,3392,2052,0,0.0061262427
Cold,310812,1851,1850,3392,2052,0,-0.0036141088
Cold,207067,1266,1265,3392,2052,0,0.0014449754
Cold,206451,1265,1264,3392,2052,0,-0.002172922
Cold,285451,1701,1700,3392,2052,0,0.0033226353
Cold,28229,195,194,3392,2052,0,0.015485084
Cold,300508,1780,1779,3392,2052,0,0.005889292
Cold,719024,4305,4304,3392,2052,0,0.014889982
Cold,168014,1068,1067,3399,2057,0,0.0055589946
Cold,342722,2015,2014,3399,2057,1,0.007705829
Cold,164774,1051,1050,3399,2057,1,0.004874548
Cold,128603,832,831,3399,2057,1,-0.0013455634
Cold,127369,822,821,3399,2057,1,0.0050768815
Cold,263591,1605,1604,3399,2057,0,0.00861517
Cold,124312,800,799,3399,2057,1,0.013331701
Cold,118127,764,763,3399,2057,1,0.0052071325
Cold,216498,1314,1313,3399,2057,1,-0.0005780228
Cold,120560,777,776,3399,2057,0,0.008069521
Cold,83427,549,548,3399,2057,0,0.0019218479
Cold,119456,770,769,3399,2057,0,0.002408285
Cold,53189,350,349,3399,2057,0,-0.0023078131
Cold,52565,346,345,3399,2057,1,-0.00075854314
Cold,132633,855,854,3399,2057,0,0.007367737
Cold,306253,1824,1823,3399,2057,0,0.00032299082
Cold,23144,166,165,3399,2057,1,-0.003089261
Cold,5377,37,36,3399,2057,1,0.0012303607
Cold,2032,18,17,3399,2057,1,-0.0013872324
Cold,79648,531,530,3399,2057,0,0.007719894
Cold,355114,2077,2076,3399,2057,0,0.014393222
Cold,552567,3401,3400,3399,2057,0,-0.0004592375
Cold,893463,5394,5393,3399,2057,0,0.0008337451
Cold,102524,678,677,3399,2057,0,0.0039909934
Cold,161410,1029,1028,3399,2057,0,0.0041371076
Cold,344912,2023,2022,3399,2057,1,0.009623782
Cold,328555,1941,1940,3399,2057,0,0.01212738
Cold,486555,2995,2994,3401,2058,0,0.005619722
Cold,466671,2878,2877,3401,2058,0,-0.0022527897
Cold,444385,2742,2741,3401,2058,0,-0.007894847
Cold,422363,2558,2557,3401,2058,1,0.0024105078
Cold,415469,2503,2502,3401,2058,0,-0.0013020186
Cold,402197,2402,2401,3401,2058,0,0.0010064539
Cold,388867,2279,2278,3401,2058,0,0.006031147
Cold,375021,2186,2185,3401,2058,0,0.0020776358
Cold,371570,2172,2171,3401,2058,0,0.015558484
Cold,356279,2088,2087,3401,2058,0,0.005667822
Cold,373875,2181,2180,3401,2058,0,0.01377918
Cold,348383,2042,2041,3401,2058,0,0.0053766808
Cold,339835,2004,2003,3401,2058,0,0.0027097347
Cold,341448,2012,2011,3401,2058,0,-0.00287335
Cold,333280,1968,1967,3401,2058,0,0.005867793
Cold,293383,1747,1746,3401,2058,0,0.0018209466
Cold,290883,1736,1735,3401,2058,0,0.00030438212
Cold,276813,1675,1674,3401,2058,0,-0.004123275
Cold,247548,1496,1495,3401,2058,0,-0.00061770924
Cold,221165,1340,1339,3401,2058,0,0.007046863
Cold,277474,1676,1675,3401,2058,0,-0.000654893
Cold,198769,1221,1220,3401,2058,1,-0.0030777343
Cold,308430,1837,1836,3401,2058,0,-0.009134084
Cold,327733,1941,1940,3401,2058,0,0.009726227
Cold,192302,1184,1183,3401,2058,0,0.0011003348
Cold,346104,2030,2029,3401,2058,0,0.0040461277
Cold,164334,1051,1050,3401,2058,0,0.003766817
Cold,141145,910,909,3401,2058,0,-0.0087503055
Cold,137913,889,888,3401,2058,0,0.0043678195
Cold,263075,1605,1604,3401,2058,0,0.0068362034
Cold,118859,769,768,3401,2058,0,0.0033164332
Cold,351498,2063,2062,3401,2058,0,0.011152199
Cold,86034,563,562,3401,2058,0,0.0012169917
Cold,84934,552,551,3401,2058,1,-0.0009104712
Cold,83943,550,549,3401,2058,0,0.0020176482
Cold,77262,524,523,3401,2058,0,0.000306895
Cold,76109,517,516,3401,2058,0,0.00022181682
Cold,80046,533,532,3401,2058,0,-0.003410999
Cold,36401,245,244,3401,2058,0,-0.0064608124
Cold,25334,179,178,3401,2058,0,-0.002818995
Cold,269768,1635,1634,3401,2058,0,0.00079085806
Cold,23072,166,165,3401,2058,0,-0.0005103641
Cold,119061,770,769,3401,2058,0,-0.0023010457
Cold,223365,1354,1353,3401,2058,0,-0.00025763153
Cold,432573,2638,2637,3401,2058,0,-0.004361503
Cold,129235,839,838,3401,2058,0,0.0036786862
Cold,549845,3391,3390,3401,2058,0,-0.0042734286
Cold,102026,678,677,3401,2058,0,-0.0018004789
Cold,206706,1266,1265,3401,2058,0,-0.0017052931
Cold,331378,1958,1957,3401,2058,0,0.00089959777
Cold,322159,1912,1911,3401,2058,0,0.0015380201
Cold,62660,424,423,3401,2058,0,0.0026297234
Cold,234795,1425,1424,3401,2058,0,0.0021970167
Cold,527835,3263,3262,3405,2060,1,0.0019192772
Cold,526189,3253,3252,3405,2060,0,0.0038330993
Cold,522294,3224,3223,3405,2060,1,-0.005554957
Cold,513674,3169,3168,3405,2060,0,-0.0007358608
Cold,768632,4579,4578,3405,2060,0,0.005956229
Cold,500934,3078,3077,3405,2060,0,-0.002574548
Cold,546005,3367,3366,3405,2060,1,-2.766028e-05
Cold,485727,2990,2989,3405,2060,1,-0.0015873864
Cold,533095,3292,3291,3405,2060,0,-0.0021276001
Cold,479594,2943,2942,3405,2060,1,0.0019008638
Cold,477914,2934,2933,3405,2060,1,0.0040054144
Cold,695941,4169,4168,3405,2060,1,0.0009939547
Cold,466672,2878,2877,3405,2060,1,0.008859759
Cold,459760,2834,2833,3405,2060,1,-0.0017684223
Cold,447837,2761,2760,3405,2060,1,-0.00017626444
Cold,433536,2643,2642,3405,2060,1,-0.0045323246
Cold,426838,2592,2591,3405,2060,1,0.003415565
Cold,418054,2526,2525,3405,2060,1,0.014674046
Cold,417252,2512,2511,3405,2060,0,0.00068253797
Cold,412517,2483,2482,3405,2060,1,-0.0035589363
Cold,388064,2271,2270,3405,2060,1,0.0076849544
Cold,378664,2211,2210,3405,2060,1,0.0023682346
Cold,364110,2121,2120,3405,2060,1,0.00747958
Cold,357299,2092,2091,3405,2060,1,-0.002806563
Cold,356999,2091,2090,3405,2060,1,0.006366717
Cold,356281,2088,2087,3405,2060,1,0.008099692
Cold,353095,2068,2067,3405,2060,1,-0.0010432287
Cold,343548,2018,2017,3405,2060,1,0.0064946986
Cold,324732,1924,1923,3405,2060,1,-0.0055826036
Cold,305610,1819,1818,3405,2060,0,-0.0014392869
Cold,289215,1727,1726,3405,2060,1,0.007117416
Cold,280584,1684,1683,3405,2060,1,0.0060920594
Cold,292166,1741,1740,3405,2060,1,-0.0019930555
Cold,262668,1602,1601,3405,2060,1,0.003638703
Cold,343051,2016,2015,3405,2060,1,-0.0015504356
Cold,346105,2030,2029,3405,2060,1,0.0032007622
Cold,350663,2059,2058,3405,2060,1,0.0031677922
Cold,353963,2073,2072,3405,2060,1,-0.00055208127
Cold,228069,1383,1382,3405,2060,1,0.0011330541
Cold,232996,1418,1417,3405,2060,1,9.4870105e-05
Cold,436214,2665,2664,3405,2060,1,0.010012517
Cold,213321,1298,1297,3405,2060,1,0.011671135
Cold,373877,2181,2180,3405,2060,1,0.014563213
Cold,182696,1140,1139,3405,2060,0,-0.0035507157
Cold,327736,1941,1940,3405,2060,0,0.004986047
Cold,321623,1908,1907,3405,2060,0,-0.0017689364
Cold,159128,1017,1016,3405,2060,1,0.009375675
Cold,275426,1667,1666,3405,2060,1,-0.00045043323
Cold,155116,1000,999,3405,2060,1,-0.0020837157
Cold,146849,948,947,3405,2060,1,-0.00082286017
Cold,347288,2038,2037,3405,2060,0,-0.011035051
Cold,137915,889,888,3405,2060,0,0.005040383
Cold,341119,2011,2010,3405,2060,1,0.0016587519
Cold,130291,844,843,3405,2060,1,0.0060562785
Cold,125485,808,807,3405,2060,0,0.006383201
Cold,332172,1960,1959,3405,2060,1,-0.0039923065
Cold,778822,4653,4652,3405,2060,0,0.0057810973
Cold,96104,646,645,3405,2060,0,0.012458576
Cold,316661,1884,1883,3405,2060,1,0.003979927
Cold,94862,637,636,3405,2060,1,-0.0060473797
Cold,94557,635,634,3405,2060,1,-0.0042168293
Cold,210674,1285,1284,3405,2060,1,0.00883021
Cold,339116,1998,1997,3405,2060,1,0.0038637412
Cold,85937,562,561,3405,2060,1,0.0032350032
Cold,85525,558,557,3405,2060,1,-0.0016745268
Cold,198127,1218,1217,3405,2060,1,-0.0067466544
Cold,37558,256,255,3405,2060,1,-0.0027146977
Cold,36403,245,244,3405,2060,1,-0.0036434205
Cold,46811,314,313,3405,2060,1,-0.0036228732
Cold,35255,238,237,3405,2060,0,0.0038412267
Cold,18665,146,145,3405,2060,1,0.005828851
Cold,15540,123,122,3405,2060,1,-0.0021967366
Cold,269769,1635,1634,3405,2060,1,0.0002598029
Cold,591804,3610,3609,3405,2060,0,0.0030159836
Cold,4043,29,28,3405,2060,1,0.004194286
Cold,19336,148,147,3405,2060,0,0.0107533345
Cold,362785,2116,2115,3405,2060,1,-0.0022374997
Cold,181891,1137,1136,3405,2060,0,-0.0009372446
Cold,60657,411,410,3405,2060,0,0.009723901
Cold,208646,1274,1273,3405,2060,1,0.0026889183
Cold,841030,5054,5053,3405,2060,1,0.0029953597
Cold,657430,3963,3962,3405,2060,1,0.0070530185
Cold,831900,5001,5000,3405,2060,1,0.0050994004
Cold,293631,1748,1747,3405,2060,1,0.0069205733
Cold,343052,2016,2015,3406,2061,1,-0.005239718
Cold,319933,1899,1898,3406,2061,1,-0.008724567
Cold,318308,1891,1890,3406,2061,1,0.015879458
Cold,289216,1727,1726,3406,2061,1,0.0031050341
Cold,292167,1741,1740,3406,2061,1,0.009014618
Cold,275428,1667,1666,3406,2061,1,0.005953086
Cold,293632,1748,1747,3406,2061,1,0.0048772073
Cold,254056,1545,1544,3406,2061,0,-0.0037635555
Cold,248056,1497,1496,3406,2061,1,0.0043125646
Cold,350664,2059,2058,3406,2061,1,0.007429105
Cold,241024,1451,1450,3406,2061,1,0.0024606902
Cold,189965,1179,1178,3406,2061,1,0.010597369
Cold,182697,1140,1139,3406,2061,1,0.0014944389
Cold,165150,1053,1052,3406,2061,0,0.00078994175
Cold,161680,1031,1030,3406,2061,1,-0.014929553
Cold,168832,1071,1070,3406,2061,1,-0.010144787
Cold,147897,953,952,3406,2061,1,0.0028970246
Cold,146850,948,947,3406,2061,1,0.011751603
Cold,134978,873,872,3406,2061,1,-0.0061654914
Cold,147317,949,948,3406,2061,1,-0.004095738
Cold,123322,796,795,3406,2061,0,0.009646621
Cold,105057,696,695,3406,2061,0,0.009149295
Cold,106675,702,701,3406,2061,1,-0.003503605
Cold,152904,984,983,3406,2061,1,0.010796879
Cold,78114,526,525,3406,2061,0,0.0047635017
Cold,61635,414,413,3406,2061,1,0.00010222127
Cold,57763,391,390,3406,2061,1,0.005421186
Cold,55263,366,365,3406,2061,1,0.009608009
Cold,54798,358,357,3406,2061,1,-0.0012990283
Cold,52814,348,347,3406,2061,1,0.0020377445
Cold,52316,344,343,3406,2061,1,0.003762633
Cold,45560,307,306,3406,2061,0,0.012147168
Cold,16426,130,129,3406,2061,1,0.006197188
Cold,14838,118,117,3406,2061,1,0.009688585
Cold,5666,40,39,3406,2061,1,0.010667564
Cold,357300,2092,2091,3406,2061,1,-0.006608919
Cold,388065,2271,2270,3406,2061,0,0.0018966864
Cold,931394,5626,5625,3406,2061,1,-0.0010538779
Cold,254598,1547,1546,3406,2061,0,0.0103399
Cold,795459,4765,4764,3406,2061,0,-0.006334271
Cold,587738,3589,3588,3406,2061,0,-0.008889706
Cold,833308,5011,5010,3406,2061,0,-0.006509407
Cold,420848,2544,2543,3406,2061,1,0.006202122
Cold,295566,1755,1754,3406,2061,0,-0.0013268862
Cold,27540,193,192,3406,2061,0,0.0052102716
Cold,675877,4054,4053,3412,2064,0,0.0031174822
Cold,668313,4021,4020,3412,2064,1,0.0065534636
Cold,783983,4682,4681,3412,2064,1,0.00012665801
Cold,667329,4016,4015,3412,2064,0,-0.0052324845
Cold,654722,3945,3944,3412,2064,0,-0.00850652
Cold,654007,3942,3941,3412,2064,0,-0.0039737113
Cold,630227,3811,3810,3412,2064,1,-0.0031375918
Cold,637856,3841,3840,3412,2064,0,-0.0024527311
Cold,627632,3797,3796,3412,2064,1,-0.00087583123
Cold,620608,3760,3759,3412,2064,0,-0.007393423
Cold,614646,3724,3723,3412,2064,0,-0.0069945334
Cold,612222,3712,3711,3412,2064,0,-0.00093785604
Cold,587748,3589,3588,3412,2064,0,-0.011483238
Cold,583274,3562,3561,3412,2064,0,0.0014461323
Cold,593514,3618,3617,3412,2064,0,0.00055072294
Cold,574426,3517,3516,3412,2064,1,-0.0060752374
Cold,744743,4448,4447,3412,2064,1,0.00013346737
Cold,574638,3518,3517,3412,2064,0,-0.011356738
Cold,548918,3389,3388,3412,2064,0,-0.009395022
Cold,548357,3384,3383,3412,2064,0,-0.00035221782
Cold,549865,3391,3390,3412,2064,0,-0.0048822463
Cold,570960,3503,3502,3412,2064,0,0.002217476
Cold,533106,3292,3291,3412,2064,1,-0.0068086595
Cold,584605,3569,3568,3412,2064,0,-0.008219183
Cold,526681,3259,3258,3412,2064,1,-0.0018616151
Cold,528067,3265,3264,3412,2064,0,-0.011920239
Cold,539779,3320,3319,3412,2064,1,0.0015292267
Cold,512666,3163,3162,3412,2064,1,0.00049038813
Cold,527288,3261,3260,3412,2064,1,-0.0012740768
Cold,505053,3108,3107,3412,2064,1,-0.0019408022
Cold,575177,3519,3518,3412,2064,0,0.0027674595
Cold,497579,3055,3054,3412,2064,1,-0.0047199414
Cold,599833,3650,3649,3412,2064,0,-0.008766828
Cold,559230,3435,3434,3412,2064,1,-0.0052161105
Cold,529514,3272,3271,3412,2064,1,0.00056220056
Cold,753230,4489,4488,3412,2064,0,-0.0037009716
Cold,695957,4169,4168,3412,2064,0,-0.008686827
Cold,472398,2907,2906,3412,2064,0,-0.0063130343
Cold,467735,2883,2882,3412,2064,0,0.004235017
Cold,457743,2820,2819,3412,2064,0,0.0014293358
Cold,486930,2996,2995,3412,2064,1,0.00091288285
Cold,465944,2873,2872,3412,2064,0,-0.004938476
Cold,450647,2777,2776,3412,2064,0,-0.00054425956
Cold,448373,2764,2763,3412,2064,1,-0.0017665792
Cold,447845,2761,2760,3412,2064,0,-0.009158314
Cold,442573,2726,2725,3412,2064,1,-0.0043440238
Cold,564238,3471,3470,3412,2064,0,-0.008597529
Cold,433540,2643,2642,3412,2064,1,-0.0014942277
Cold,422243,2556,2555,3412,2064,1,-0.004269898
Cold,413663,2489,2488,3412,2064,1,-0.0007810446
Cold,375027,2186,2185,3412,2064,0,-0.0038037286
Cold,394157,2323,2322,3412,2064,1,-0.0010656475
Cold,353972,2073,2072,3412,2064,0,-0.0029147952
Cold,332349,1961,1960,3412,2064,1,-0.0047645206
Cold,333287,1968,1967,3412,2064,0,0.0014051424
Cold,316669,1884,1883,3412,2064,0,-0.0017462526
Cold,290887,1736,1735,3412,2064,1,-0.010108242
Cold,280752,1685,1684,3412,2064,1,-0.012073523
Cold,278813,1680,1679,3412,2064,1,-0.01026055
Cold,258929,1586,1585,3412,2064,1,-0.008700268
Cold,265602,1613,1612,3412,2064,0,-0.00548638
Cold,261632,1599,1598,3412,2064,0,-0.0024698025
Cold,222024,1343,1342,3412,2064,0,-0.010144186
Cold,217699,1321,1320,3412,2064,0,0.0014671814
Cold,224061,1356,1355,3412,2064,0,0.0011903092
Cold,213330,1298,1297,3412,2064,1,-0.0042545055
Cold,209367,1279,1278,3412,2064,1,-0.002256536
Cold,208651,1274,1273,3412,2064,0,-0.0071983924
Cold,220293,1335,1334,3412,2064,0,0.00082955114
Cold,258719,1585,1584,3412,2064,0,-0.0036346118
Cold,456368,2810,2809,3412,2064,0,-0.007832761
Cold,277486,1676,1675,3412,2064,0,0.0046237614
Cold,308449,1837,1836,3412,2064,1,-0.0073659346
Cold,177968,1120,1119,3412,2064,0,-4.321849e-05
Cold,243754,1470,1469,3412,2064,0,-0.0035200422
Cold,248698,1501,1500,3412,2064,0,-0.010230359
Cold,164349,1051,1050,3412,2064,1,-0.010393553
Cold,149511,963,962,3412,2064,0,-0.008077212
Cold,185012,1150,1149,3412,2064,0,-0.00602965
Cold,141148,910,909,3412,2064,1,-0.0012819432
Cold,258332,1584,1583,3412,2064,1,0.0003362638
Cold,141403,911,910,3412,2064,1,-0.014135354
Cold,134981,873,872,3412,2064,1,0.0016417982
Cold,127658,824,823,3412,2064,0,-6.222166e-06
Cold,263089,1605,1604,3412,2064,1,-0.00553789
Cold,110305,720,719,3412,2064,0,-0.010601907
Cold,299493,1778,1777,3412,2064,1,-0.005430054
Cold,94865,637,636,3412,2064,1,-0.0017795102
Cold,190576,1181,1180,3412,2064,0,-0.007466067
Cold,80677,536,535,3412,2064,1,-0.0015719468
Cold,68591,461,460,3412,2064,1,-0.007836005
Cold,333754,1969,1968,3412,2064,0,0.001718496
Cold,47422,319,318,3412,2064,1,-0.0040713116
Cold,38262,261,260,3412,2064,1,-0.0025115658
Cold,21539,157,156,3412,2064,1,-0.015036078
Cold,23084,166,165,3412,2064,0,-0.0028284437
Cold,17485,136,135,3412,2064,1,-0.0011599832
Cold,5671,40,39,3412,2064,0,-0.010287438
Cold,19359,148,147,3412,2064,0,-0.0032477363
Cold,385994,2258,2257,3412,2064,0,0.00742899
Cold,237704,1447,1446,3412,2064,1,-0.0038386537
Cold,257499,1579,1578,3412,2064,0,-0.004788316
Cold,65227,438,437,3412,2064,1,-0.006457879
Cold,750358,4478,4477,3412,2064,0,-0.006982375
Cold,621963,3768,3767,3412,2064,1,-0.0021621305
Cold,901381,5450,5449,3412,2064,0,-0.0027804538
Cold,760102,4517,4516,3412,2064,0,-0.007781836
Cold,865887,5222,5221,3412,2064,0,-4.1514286e-05
Cold,6135,44,43,3412,2064,0,-0.0022875224
Cold,111603,727,726,3412,2064,1,-0.006654488
Cold,407741,2451,2450,3412,2064,0,-0.0011018766
Cold,657433,3963,3962,3412,2064,1,-0.008965647
Cold,941323,5682,5681,3412,2064,1,0.003079912
Cold,311235,1854,1853,3412,2064,0,0.0058752806
Cold,351522,2063,2062,3412,2064,0,-0.005388529
Cold,128913,838,837,3417,2065,1,0.0021195568
Cold,128831,837,836,3417,2065,1,-0.005767869
Cold,128719,835,834,3417,2065,0,0.0075777173
Cold,147322,949,948,3417,2065,1,-0.0022245804
Cold,106682,702,701,3417,2065,1,0.0044129244
Cold,68592,461,460,3417,2065,0,-0.0065563815
Cold,27553,193,192,3417,2065,0,-0.00559641
Cold,481678,2962,2961,3417,2065,0,-0.0012340379
Cold,14467,117,116,3417,2065,0,-0.007393827
Cold,5672,40,39,3417,2065,1,-0.005008081
Cold,1928,17,16,3417,2065,1,0.0011638924
Cold,1461,13,12,3417,2065,0,-0.0032037664
Cold,293641,1748,1747,3417,2065,0,-0.008800582
Cold,681934,4084,4083,3420,2067,1,-0.0032784336
Cold,681342,4083,4082,3420,2067,0,0.0044402424
Cold,712817,4277,4276,3420,2067,1,0.00617773
Cold,675350,4053,4052,3420,2067,1,0.00334686
Cold,668964,4022,4021,3420,2067,0,-0.0005608406
Cold,667345,4016,4015,3420,2067,0,0.008250701
Cold,660042,3978,3977,3420,2067,1,-0.0052794935
Cold,659490,3974,3973,3420,2067,1,0.0059473384
Cold,783992,4682,4681,3420,2067,1,0.0005673608
Cold,656294,3955,3954,3420,2067,1,-0.0047723646
Cold,650719,3924,3923,3420,2067,1,0.002672493
Cold,641409,3856,3855,3420,2067,0,-0.0028615703
Cold,640247,3848,3847,3420,2067,1,0.0006872169
Cold,632306,3823,3822,3420,2067,1,0.0036457917
Cold,637876,3841,3840,3420,2067,1,-0.0005733792
Cold,653433,3940,3939,3420,2067,1,-0.00010031322
Cold,624597,3778,3777,3420,2067,0,0.007310802
Cold,623656,3772,3771,3420,2067,1,-0.0062339325
Cold,618505,3747,3746,3420,2067,1,-0.00015778778
Cold,616082,3729,3728,3420,2067,0,0.0040646065
Cold,615541,3727,3726,3420,2067,1,0.004552222
Cold,614656,3724,3723,3420,2067,0,-0.0020340513
Cold,610955,3705,3704,3420,2067,0,0.006252408
Cold,613556,3717,3716,3420,2067,1,-0.004239057
Cold,725181,4344,4343,3420,2067,0,0.0016608702
Cold,631986,3822,3821,3420,2067,1,-0.0023630084
Cold,593543,3618,3617,3420,2067,0,-0.0012631826
Cold,590076,3600,3599,3420,2067,1,-0.00081282714
Cold,581542,3551,3550,3420,2067,0,-0.012678306
Cold,567328,3483,3482,3420,2067,1,0.0070087244
Cold,569053,3491,3490,3420,2067,1,0.009236651
Cold,566645,3477,3476,3420,2067,1,-0.010035434
Cold,576967,3526,3525,3420,2067,0,-0.0030341556
Cold,532602,3289,3288,3420,2067,1,-0.002485476
Cold,531646,3283,3282,3420,2067,1,0.0057434
Cold,529068,3271,3270,3420,2067,1,-0.003741529
Cold,534631,3300,3299,3420,2067,1,-0.007569043
Cold,524937,3241,3240,3420,2067,1,0.0010709492
Cold,518654,3201,3200,3420,2067,1,0.0030914976
Cold,516201,3188,3187,3420,2067,1,-0.0055118906
Cold,509452,3138,3137,3420,2067,0,0.0062255296
Cold,816037,4899,4898,3420,2067,0,0.0039726654
Cold,508516,3129,3128,3420,2067,1,-0.0014468455
Cold,930082,5620,5619,3420,2067,1,0.0049507907
Cold,489894,3014,3013,3420,2067,1,-0.0034656965
Cold,484898,2986,2985,3420,2067,1,0.0011215138
Cold,481390,2959,2958,3420,2067,1,0.0070393845
Cold,480031,2946,2945,3420,2067,0,0.0033741351
Cold,477942,2934,2933,3420,2067,1,0.0096642235
Cold,695984,4169,4168,3420,2067,0,0.0030891723
Cold,473365,2909,2908,3420,2067,1,-0.0014469586
Cold,467737,2883,2882,3420,2067,0,-0.0051463996
Cold,879810,5317,5316,3420,2067,1,-0.0031263307
Cold,463128,2857,2856,3420,2067,0,0.005280002
Cold,455255,2803,2802,3420,2067,0,0.0017280453
Cold,469872,2895,2894,3420,2067,1,-0.006424692
Cold,435756,2664,2663,3420,2067,1,-0.0034978339
Cold,419194,2532,2531,3420,2067,1,-0.002359067
Cold,426855,2592,2591,3420,2067,0,0.00094672013
Cold,425235,2581,2580,3420,2067,1,0.0049194945
Cold,404140,2415,2414,3420,2067,1,-0.0038956802
Cold,400078,2381,2380,3420,2067,0,-0.0044575008
Cold,396609,2348,2347,3420,2067,0,-0.0059024123
Cold,393712,2318,2317,3420,2067,1,0.0048068827
Cold,393449,2315,2314,3420,2067,1,-0.006721705
Cold,389904,2288,2287,3420,2067,0,-0.006851273
Cold,388880,2279,2278,3420,2067,1,0.0067761997
Cold,385200,2251,2250,3420,2067,0,-0.009198803
Cold,381573,2231,2230,3420,2067,0,0.0062301396
Cold,369816,2164,2163,3420,2067,0,0.0068253074
Cold,394160,2323,2322,3420,2067,1,-0.0019542184
Cold,364637,2124,2123,3420,2067,1,-0.00070525054
Cold,358419,2098,2097,3420,2067,1,-0.004456979
Cold,359280,2102,2101,3420,2067,1,-0.010710403
Cold,352624,2064,2063,3420,2067,0,0.004153264
Cold,320994,1903,1902,3420,2067,0,0.0018970654
Cold,297950,1766,1765,3420,2067,0,-0.0063259397
Cold,301499,1791,1790,3420,2067,0,0.0055009425
Cold,292977,1745,1744,3420,2067,1,0.0037952806
Cold,271611,1642,1641,3420,2067,0,0.004659078
Cold,270793,1639,1638,3420,2067,1,-0.0007517091
Cold,268877,1632,1631,3420,2067,0,0.0055850567
Cold,232322,1410,1409,3420,2067,1,-0.0069388677
Cold,296356,1758,1757,3420,2067,1,-0.0106371865
Cold,221192,1340,1339,3420,2067,0,0.006750197
Cold,226355,1370,1369,3420,2067,0,0.0061967364
Cold,200740,1233,1232,3420,2067,1,0.0020382786
Cold,199818,1227,1226,3420,2067,0,0.0029053101
Cold,210041,1284,1283,3420,2067,1,0.0029436767
Cold,278844,1680,1679,3420,2067,1,0.008504614
Cold,196948,1209,1208,3420,2067,1,0.004481271
Cold,192542,1185,1184,3420,2067,0,0.0040691844
Cold,177472,1119,1118,3420,2067,1,-0.00087615685
Cold,190606,1181,1180,3420,2067,0,0.0027741506
Cold,141414,911,910,3420,2067,1,0.005648951
Cold,148232,955,954,3420,2067,0,-0.0034442
Cold,131050,850,849,3420,2067,0,0.0029961409
Cold,154777,999,998,3420,2067,0,-0.0011592621
Cold,115311,749,748,3420,2067,0,0.005756772
Cold,239821,1449,1448,3420,2067,0,0.005047843
Cold,283980,1698,1697,3420,2067,0,0.0011393041
Cold,90452,599,598,3420,2067,1,-0.0062430655
Cold,350463,2057,2056,3420,2067,1,0.0039828643
Cold,84938,552,551,3420,2067,1,0.0004532605
Cold,82882,549,548,3420,2067,1,0.0020836454
Cold,77304,524,523,3420,2067,1,-0.0021721933
Cold,74022,504,503,3420,2067,1,-0.0017202091
Cold,71870,482,481,3420,2067,0,0.003660575
Cold,65700,439,438,3420,2067,1,0.0047882297
Cold,210709,1285,1284,3420,2067,1,-0.0034850517
Cold,47439,319,318,3420,2067,1,0.00252606
Cold,338013,1988,1987,3420,2067,0,0.007303264
Cold,61269,412,411,3420,2067,1,0.010077196
Cold,238717,1448,1447,3420,2067,1,8.9422334e-05
Cold,145271,935,934,3420,2067,1,0.011289942
Cold,36885,247,246,3420,2067,1,0.008112242
Cold,46821,314,313,3420,2067,1,-0.0014310991
Cold,35268,238,237,3420,2067,1,0.0017917957
Cold,36439,245,244,3420,2067,0,0.0057986793
Cold,9261,62,61,3420,2067,0,-0.00032880064
Cold,437216,2669,2668,3420,2067,1,-0.004299145
Cold,104196,692,691,3420,2067,1,4.1152816e-06
Cold,2845,23,22,3420,2067,0,-0.0037242332
Cold,481687,2962,2961,3420,2067,0,0.011434529
Cold,43437,299,298,3420,2067,1,0.0050886967
Cold,18686,146,145,3420,2067,1,-0.0078091677
Cold,552176,3401,3400,3420,2067,1,-0.0054103862
Cold,150473,970,969,3420,2067,1,-0.009329831
Cold,157933,1015,1014,3420,2067,0,-0.0019528407
Cold,181905,1137,1136,3420,2067,0,-0.0009293512
Cold,873907,5277,5276,3420,2067,0,0.0027846945
Cold,56330,376,375,3420,2067,1,0.0030573155
Cold,519180,3203,3202,3420,2067,1,0.0016792906
Cold,24330,173,172,3420,2067,0,-0.007077153
Cold,633052,3824,3823,3420,2067,0,0.0029333462
Cold,309522,1842,1841,3420,2067,1,0.0036716033
Cold,25903,183,182,3420,2067,1,-0.0030676015
Cold,324883,1925,1924,3420,2067,0,-0.0028811789
Cold,857809,5156,5155,3420,2067,1,0.002954538
Cold,80074,533,532,3423,2070,0,0.0037860153
Cold,53704,352,351,3423,2070,1,-0.0028103632
Cold,41780,284,283,3423,2070,0,-0.003238481
Cold,25607,181,180,3423,2070,0,0.0011028503
Cold,293652,1748,1747,3423,2070,0,0.0028888364
Cold,16657,131,130,3423,2070,1,-0.000955604
Cold,9264,62,61,3423,2070,0,0.0037172474
Cold,3371,26,25,3423,2070,0,0.0028114622
Cold,129266,839,838,3423,2070,0,0.00011161901
Cold,261147,1597,1596,3423,2070,0,-0.005560919
Cold,357321,2092,2091,3423,2070,0,-0.004343541
Cold,215438,1306,1305,3423,2070,1,-0.000488254
Cold,311241,1854,1853,3423,2070,0,0.004567872
Cold,62701,424,423,3423,2070,1,-0.0033079037
Cold,239827,1449,1448,3425,2072,0,0.0047462992
Cold,53705,352,351,3425,2072,0,0.0070954664
Cold,39354,267,266,3425,2072,0,0.0030078243
Cold,26403,187,186,3425,2072,1,-0.00033292407
Cold,24899,175,174,3425,2072,1,0.0028472268
Cold,557,8,7,3425,2072,0,0.00046933955
Cold,89178,588,587,3425,2072,1,0.001481314
Cold,157938,1015,1014,3425,2072,0,0.007759091
Cold,42769,293,292,3425,2072,0,-0.0027130563
Cold,933372,5636,5635,3425,2072,0,0.0021742973
Cold,892855,5394,5393,3425,2072,0,-0.0037819326
Cold,216883,1317,1316,3425,2072,1,0.010407231
Cold,712821,4277,4276,3425,2072,0,0.0056085642
Cold,241050,1451,1450,3425,2072,1,0.0046227775
Cold,195305,1203,1202,3425,2072,1,-0.009879312
Cold,475426,2918,2917,3425,2072,0,-0.0044266502
Cold,115994,752,751,3425,2072,0,-0.0005960737
Cold,33930,229,228,3425,2072,1,-0.0025784543
Cold,300247,1780,1779,3425,2072,0,0.011158519
Cold,212812,1297,1296,3427,2074,1,0.0054167956
Cold,146864,948,947,3427,2074,1,0.0029896214
Cold,185041,1150,1149,3427,2074,0,0.003612423
Cold,239829,1449,1448,3427,2074,0,0.013365777
Cold,144085,929,928,3427,2074,0,0.0060533886
Cold,210714,1285,1284,3427,2074,1,0.0075035198
Cold,48522,326,325,3427,2074,0,-0.0020900164
Cold,32031,216,215,3427,2074,0,0.006422336
Cold,123331,796,795,3427,2074,0,0.005708902
Cold,129269,839,838,3427,2074,1,-0.004566663
Cold,638977,3842,3841,3427,2074,0,0.0041644815
Cold,567332,3483,3482,3427,2074,0,0.00064680725
Cold,204479,1260,1259,3427,2074,0,0.007846387
Cold,420868,2544,2543,3427,2074,0,0.000189838
Cold,262152,1600,1599,3431,2077,0,-0.011624057
Cold,242682,1465,1464,3431,2077,0,0.002167853
Cold,227027,1377,1376,3431,2077,0,-0.0039286637
Cold,278866,1680,1679,3431,2077,0,-0.003099504
Cold,261654,1599,1598,3431,2077,0,0.00021010719
Cold,190630,1181,1180,3431,2077,0,0.0054146727
Cold,186594,1155,1154,3431,2077,0,0.0009815395
Cold,307298,1835,1834,3431,2077,0,-0.005973914
Cold,275449,1667,1666,3431,2077,0,0.0033882337
Cold,123831,798,797,3431,2077,0,0.00605307
Cold,112851,732,731,3431,2077,1,0.0024115236
Cold,106695,702,701,3431,2077,0,-0.0027058995
Cold,93751,629,628,3431,2077,0,-0.0034230298
Cold,480037,2946,2945,3431,2077,0,-0.00058685057
Cold,75423,513,512,3431,2077,0,-0.004714148
Cold,64797,435,434,3431,2077,0,0.0008307346
Cold,239837,1449,1448,3431,2077,0,-0.009355518
Cold,40385,272,271,3431,2077,0,-0.010156671
Cold,32694,221,220,3431,2077,0,-0.0016946257
Cold,19391,148,147,3431,2077,0,0.004474434
Cold,269797,1635,1634,3431,2077,0,-0.0011315995
Cold,237729,1447,1446,3431,2077,0,-0.0017925492
Cold,680557,4079,4078,3431,2077,1,0.0041111587
Cold,633062,3824,3823,3431,2077,0,-0.0021864958
Cold,62711,424,423,3431,2077,0,0.0052473214
Cold,75424,513,512,3432,2078,0,0.0054253973
Cold,68611,461,460,3432,2078,0,0.005995428
Cold,239838,1449,1448,3432,2078,0,0.009582515
Cold,40387,272,271,3432,2078,0,0.0003315024
Cold,33758,226,225,3432,2078,0,-0.003867633
Cold,19392,148,147,3432,2078,0,0.005404169
Cold,237730,1447,1446,3432,2078,0,0.008005494
Cold,828605,4979,4978,3432,2078,0,0.0062261885
Cold,342302,2015,2014,3432,2078,0,0.00804371
Cold,680558,4079,4078,3432,2078,1,0.0057416083
Cold,599124,3648,3647,3432,2078,0,-0.010589243
Cold,62712,424,423,3432,2078,0,0.005636691
Cold,533134,3292,3291,3436,2080,0,0.0051238462
Cold,524714,3239,3238,3436,2080,1,0.011259975
Cold,514210,3174,3173,3436,2080,1,-0.005187719
Cold,493926,3032,3031,3436,2080,0,-0.0031885754
Cold,477953,2934,2933,3436,2080,0,0.00063679216
Cold,418540,2529,2528,3436,2080,0,-0.0046590464
Cold,393078,2309,2308,3436,2080,1,-0.0042102914
Cold,385879,2257,2256,3436,2080,1,-0.00038859894
Cold,382784,2237,2236,3436,2080,0,0.00066584384
Cold,377149,2203,2202,3436,2080,1,0.0012038164
Cold,364441,2123,2122,3436,2080,1,-0.0028347282
Cold,351570,2063,2062,3436,2080,0,-0.003234513
Cold,343562,2018,2017,3436,2080,0,-0.00043406128
Cold,301010,1787,1786,3436,2080,0,-0.0052896542
Cold,290894,1736,1735,3436,2080,0,-0.005616972
Cold,264544,1609,1608,3436,2080,0,0.00872628
Cold,227031,1377,1376,3436,2080,0,0.00726817
Cold,203853,1254,1253,3436,2080,1,-0.0047978405
Cold,278870,1680,1679,3436,2080,0,0.0035512198
Cold,316184,1883,1882,3436,2080,0,-0.0042101284
Cold,179494,1125,1124,3436,2080,0,-0.0007851231
Cold,331434,1958,1957,3436,2080,0,0.009505429
Cold,168320,1069,1068,3436,2080,0,0.0036730515
Cold,156357,1009,1008,3436,2080,0,0.00053051626
Cold,150482,970,969,3436,2080,0,-0.0048680035
Cold,137989,889,888,3436,2080,0,-0.005552467
Cold,380188,2223,2222,3436,2080,0,-0.0010659765
Cold,141419,911,910,3436,2080,1,-0.002645691
Cold,131803,854,853,3436,2080,0,-0.0029979062
Cold,327804,1941,1940,3436,2080,1,-0.008268416
Cold,111842,728,727,3436,2080,0,-0.0014328259
Cold,103343,687,686,3436,2080,0,0.0054364856
Cold,332554,1962,1961,3436,2080,0,0.00077886705
Cold,228106,1383,1382,3436,2080,0,-0.0024300034
Cold,87212,570,569,3436,2080,0,0.006838497
Cold,238728,1448,1447,3436,2080,1,0.006611688
Cold,76121,517,516,3436,2080,0,0.0067613563
Cold,64465,430,429,3436,2080,0,0.0067272517
Cold,74680,509,508,3436,2080,0,-0.004037993
Cold,132342,855,854,3436,2080,0,0.0020844543
Cold,47462,319,318,3436,2080,0,0.0033319816
Cold,696010,4169,4168,3436,2080,0,-0.0032659925
Cold,39551,268,267,3436,2080,1,-0.0044553187
Cold,537800,3312,3311,3436,2080,0,-0.00049925223
Cold,38904,264,263,3436,2080,0,0.004239386
Cold,32921,223,222,3436,2080,0,0.002598871
Cold,29823,202,201,3436,2080,1,-0.0016312385
Cold,16977,133,132,3436,2080,1,0.0073758205
Cold,6174,45,44,3436,2080,0,0.0011774199
Cold,30501,204,203,3436,2080,0,-0.0021179467
Cold,223406,1354,1353,3436,2080,0,0.0013401009
Cold,20758,151,150,3436,2080,0,0.00111356
Cold,79231,531,530,3436,2080,0,-0.0017337389
Cold,143628,927,926,3436,2080,0,0.007612439
Cold,19398,148,147,3436,2080,0,-0.0014872763
Cold,50137,331,330,3436,2080,0,-0.004404841
Cold,682281,4085,4084,3436,2080,0,-0.0005851623
Cold,164380,1051,1050,3436,2080,0,0.0003132819
Cold,304754,1812,1811,3436,2080,0,-0.0054922383
Cold,102073,678,677,3436,2080,1,0.008767598
Cold,144818,934,933,3436,2080,0,-0.006677312
Cold,454531,2796,2795,3436,2080,0,0.0015688938
Cold,335650,1980,1979,3436,2080,0,-0.0027728332
Cold,408084,2453,2452,3436,2080,1,0.0049203415
Cold,545255,3363,3362,3436,2080,1,0.0027953254
Cold,699606,4186,4185,3436,2080,0,-0.0052055074
Cold,760111,4517,4516,3436,2080,0,-0.0018791129
Cold,193532,1194,1193,3436,2080,0,0.0016716126
Cold,645750,3887,3886,3440,2083,0,-0.0003072384
Cold,628560,3807,3806,3440,2083,0,-0.008328713
Cold,624277,3777,3776,3440,2083,0,-0.013592779
Cold,612851,3715,3714,3440,2083,0,-0.005132067
Cold,654036,3942,3941,3440,2083,0,-0.005998236
Cold,636198,3834,3833,3440,2083,1,-0.0066242223
Cold,712848,4277,4276,3440,2083,0,-0.0043455996
Cold,600741,3652,3651,3440,2083,0,-0.0071808025
Cold,586378,3579,3578,3440,2083,0,-0.0067744288
Cold,576985,3526,3525,3440,2083,0,-0.0043468974
Cold,573846,3513,3512,3440,2083,0,-0.0022073186
Cold,570234,3499,3498,3440,2083,0,-0.0031839008
Cold,591839,3610,3609,3440,2083,0,-0.007874925
Cold,584624,3569,3568,3440,2083,0,-0.007548849
Cold,572773,3509,3508,3440,2083,0,-0.015874295
Cold,555190,3414,3413,3440,2083,0,-0.0056941104
Cold,550900,3393,3392,3440,2083,0,-0.0042166035
Cold,548941,3389,3388,3440,2083,0,-0.0012421154
Cold,546459,3370,3369,3440,2083,0,-0.002192351
Cold,536967,3311,3310,3440,2083,0,-0.005553626
Cold,535871,3308,3307,3440,2083,0,-0.0012947966
Cold,544030,3353,3352,3440,2083,0,0.002322293
Cold,530898,3280,3279,3440,2083,0,0.00044546532
Cold,520298,3209,3208,3440,2083,0,0.00049614906
Cold,496057,3047,3046,3440,2083,0,-0.0009965481
Cold,493941,3032,3031,3440,2083,1,-0.0019755329
Cold,492597,3029,3028,3440,2083,0,-0.006020941
Cold,517829,3196,3195,3440,2083,0,-0.005740107
Cold,469655,2894,2893,3440,2083,1,-0.0023270207
Cold,470347,2896,2895,3440,2083,0,-0.008145434
Cold,486953,2996,2995,3440,2083,0,0.0012650479
Cold,477448,2931,2930,3440,2083,0,0.00036057737
Cold,430026,2621,2620,3440,2083,0,-0.0015212724
Cold,408629,2454,2453,3440,2083,0,-0.010526538
Cold,375048,2186,2185,3440,2083,0,-0.012728484
Cold,373371,2180,2179,3440,2083,0,0.0011906638
Cold,371594,2172,2171,3440,2083,0,-0.013309923
Cold,369828,2164,2163,3440,2083,0,-0.00921448
Cold,367314,2144,2143,3440,2083,0,0.00077581906
Cold,368750,2156,2155,3440,2083,0,0.004512679
Cold,349809,2054,2053,3440,2083,0,-0.012760494
Cold,361497,2109,2108,3440,2083,0,-0.01626336
Cold,340524,2010,2009,3440,2083,0,-0.0015239251
Cold,341477,2012,2011,3440,2083,0,-0.004053491
Cold,330113,1948,1947,3440,2083,0,-0.0021310225
Cold,300703,1781,1780,3440,2083,0,-0.008023918
Cold,297386,1764,1763,3440,2083,1,-0.0053058164
Cold,288821,1726,1725,3440,2083,0,-0.007695864
Cold,269808,1635,1634,3440,2083,0,-0.0008438382
Cold,299518,1778,1777,3440,2083,0,-0.008286282
Cold,358208,2097,2096,3440,2083,0,-0.005475589
Cold,256326,1564,1563,3440,2083,0,0.001424616
Cold,302984,1800,1799,3440,2083,0,-0.014010999
Cold,309250,1841,1840,3440,2083,0,0.004125418
Cold,338838,1996,1995,3440,2083,0,-0.0062841126
Cold,360613,2106,2105,3440,2083,0,-0.0036654677
Cold,321229,1904,1903,3440,2083,0,-0.004935872
Cold,236202,1433,1432,3440,2083,0,-0.000680567
Cold,233017,1418,1417,3440,2083,0,-0.0030086571
Cold,216001,1311,1310,3440,2083,0,9.907677e-05
Cold,224082,1356,1355,3440,2083,0,-0.0038649882
Cold,277515,1676,1675,3440,2083,0,-0.011606663
Cold,272765,1647,1646,3440,2083,0,-0.012204003
Cold,278891,1680,1679,3440,2083,0,-0.002393985
Cold,342311,2015,2014,3440,2083,0,-0.01040394
Cold,327825,1941,1940,3440,2083,0,-0.0024968674
Cold,178001,1120,1119,3440,2083,0,-0.0096128555
Cold,173567,1100,1099,3440,2083,0,-0.003765874
Cold,171430,1088,1087,3440,2083,0,-0.013149062
Cold,166757,1060,1059,3440,2083,0,-0.0051480634
Cold,163147,1042,1041,3440,2083,0,-0.0020689336
Cold,363911,2120,2119,3440,2083,0,-0.0010561309
Cold,150944,971,970,3440,2083,0,-0.0029105223
Cold,249197,1502,1501,3440,2083,0,0.010590595
Cold,216902,1317,1316,3440,2083,0,-0.00037275907
Cold,156681,1010,1009,3440,2083,0,-0.007764464
Cold,276845,1675,1674,3440,2083,0,-0.00091364025
Cold,134116,869,868,3440,2083,0,-0.012176277
Cold,145589,936,935,3440,2083,0,-0.00078929774
Cold,263136,1605,1604,3440,2083,0,-0.012179285
Cold,126520,817,816,3440,2083,0,-0.0033126022
Cold,124196,800,799,3440,2083,0,-0.008404185
Cold,121475,781,780,3440,2083,0,0.0026537701
Cold,121047,780,779,3440,2083,0,-0.007086751
Cold,120326,777,776,3440,2083,0,-0.005973338
Cold,116806,753,752,3440,2083,1,0.0021862937
Cold,119109,770,769,3440,2083,0,-0.011609802
Cold,105950,699,698,3440,2083,0,-0.005977598
Cold,99301,662,661,3440,2083,0,-0.009701696
Cold,176811,1117,1116,3440,2083,0,-0.0152575625
Cold,362850,2116,2115,3440,2083,1,-0.0057646665
Cold,109227,714,713,3440,2083,0,-0.011876359
Cold,93754,629,628,3440,2083,0,-3.6474317e-05
Cold,108664,712,711,3440,2083,0,-0.0038987899
Cold,86048,563,562,3440,2083,0,-0.012627986
Cold,81202,541,540,3440,2083,0,0.00018585328
Cold,70703,476,475,3440,2083,1,-0.0013500396
Cold,64924,436,435,3440,2083,0,-0.006834223
Cold,65252,438,437,3440,2083,0,-0.005756742
Cold,41804,284,283,3440,2083,0,-0.007994769
Cold,38510,262,261,3440,2083,0,-0.0032375604
Cold,202992,1246,1245,3440,2083,0,-0.015475383
Cold,40733,273,272,3440,2083,1,-0.013392909
Cold,626612,3792,3791,3440,2083,0,-0.006564675
Cold,33946,229,228,3440,2083,0,0.0029843831
Cold,54498,355,354,3440,2083,0,-0.0042808624
Cold,22531,163,162,3440,2083,0,-0.0063032317
Cold,19418,148,147,3440,2083,1,-0.0065645664
Cold,14504,117,116,3440,2083,0,-0.0070909285
Cold,13032,101,100,3440,2083,1,-0.007179867
Cold,12312,93,92,3440,2083,0,-0.0008176821
Cold,27175,192,191,3440,2083,0,-0.00012897514
Cold,10250,73,72,3440,2083,0,-0.0076468606
Cold,1978,18,17,3440,2083,0,0.00078915816
Cold,79248,531,530,3440,2083,0,-0.011458302
Cold,530226,3274,3273,3440,2083,1,-0.006753801
Cold,69027,462,461,3440,2083,0,-0.00057576643
Cold,42785,293,292,3440,2083,0,-0.004732297
Cold,255470,1556,1555,3440,2083,0,0.0026617995
Cold,237744,1447,1446,3440,2083,0,-0.0037095088
Cold,251834,1524,1523,3440,2083,0,-0.011371903
Cold,290064,1733,1732,3440,2083,0,-0.012374382
Cold,264988,1611,1610,3440,2083,0,0.0011658564
Cold,599133,3648,3647,3440,2083,0,0.004477058
Cold,689792,4126,4125,3440,2083,0,-0.0017803397
Cold,234842,1425,1424,3440,2083,0,-0.008688318
Cold,468318,2887,2886,3440,2083,0,-0.013325086
Cold,383623,2242,2241,3440,2083,0,-0.0049023232
Cold,629244,3808,3807,3445,2086,0,0.0030250123
Cold,637910,3841,3840,3445,2086,1,0.0082246885
Cold,619464,3754,3753,3445,2086,0,0.008283809
Cold,611666,3708,3707,3445,2086,0,0.009472919
Cold,604078,3675,3674,3445,2086,0,0.008307308
Cold,601879,3660,3659,3445,2086,0,0.008156897
Cold,601400,3656,3655,3445,2086,1,0.0041255597
Cold,597050,3627,3626,3445,2086,0,0.003887418
Cold,869770,5255,5254,3445,2086,1,0.0021638903
Cold,594554,3619,3618,3445,2086,1,0.0027835052
Cold,593595,3618,3617,3445,2086,0,0.020100633
Cold,590687,3603,3602,3445,2086,1,0.00923104
Cold,576109,3521,3520,3445,2086,0,0.0033772294
Cold,634780,3829,3828,3445,2086,0,0.009782992
Cold,696025,4169,4168,3445,2086,0,0.011478797
Cold,562050,3458,3457,3445,2086,0,0.004130017
Cold,552197,3401,3400,3445,2086,0,0.011153564
Cold,576987,3526,3525,3445,2086,0,0.009049029
Cold,645168,3885,3884,3445,2086,1,0.009946636
Cold,543407,3346,3345,3445,2086,0,0.0039011838
Cold,540964,3328,3327,3445,2086,1,0.0045505688
Cold,532691,3290,3289,3445,2086,0,0.008551403
Cold,530644,3279,3278,3445,2086,0,-0.0028401874
Cold,522367,3224,3223,3445,2086,1,0.0028712566
Cold,518667,3201,3200,3445,2086,0,0.0014883522
Cold,628564,3807,3806,3445,2086,0,0.0036432643
Cold,718490,4305,4304,3445,2086,1,0.0054983087
Cold,529554,3272,3271,3445,2086,0,0.013646251
Cold,463152,2857,2856,3445,2086,0,0.009660245
Cold,453598,2793,2792,3445,2086,1,0.00744578
Cold,436267,2665,2664,3445,2086,0,0.015625782
Cold,430272,2622,2621,3445,2086,1,-0.0024764389
Cold,428771,2609,2608,3445,2086,1,0.002930407
Cold,425634,2583,2582,3445,2086,1,0.002553152
Cold,414493,2496,2495,3445,2086,0,0.0042424183
Cold,464084,2860,2859,3445,2086,1,0.011534918
Cold,388890,2279,2278,3445,2086,1,0.0019497393
Cold,385563,2254,2253,3445,2086,0,0.0036914817
Cold,381581,2231,2230,3445,2086,0,0.0039477227
Cold,353678,2072,2071,3445,2086,1,0.009394472
Cold,352627,2064,2063,3445,2086,0,0.0076234275
Cold,335672,1980,1979,3445,2086,0,0.012193475
Cold,317296,1887,1886,3445,2086,0,0.0020947673
Cold,304499,1810,1809,3445,2086,1,0.0025326419
Cold,260355,1592,1591,3445,2086,0,0.0048691956
Cold,250781,1513,1512,3445,2086,1,0.0060013346
Cold,246239,1489,1488,3445,2086,0,0.008326549
Cold,242691,1465,1464,3445,2086,1,0.0130979065
Cold,218258,1323,1322,3445,2086,0,0.0049867723
Cold,220305,1335,1334,3445,2086,0,0.013201482
Cold,270805,1639,1638,3445,2086,0,0.009084795
Cold,278896,1680,1679,3445,2086,0,0.0103243
Cold,327830,1941,1940,3445,2086,1,0.011588477
Cold,177488,1119,1118,3445,2086,1,0.008756306
Cold,165171,1053,1052,3445,2086,0,0.006542036
Cold,334503,1974,1973,3445,2086,0,0.011666511
Cold,190657,1181,1180,3445,2086,0,0.011639914
Cold,157966,1015,1014,3445,2086,0,0.011774378
Cold,151533,975,974,3445,2086,0,0.0024988833
Cold,138010,889,888,3445,2086,0,0.0064958893
Cold,131067,850,849,3445,2086,0,0.0036566793
Cold,315067,1880,1879,3445,2086,0,0.011060387
Cold,115316,749,748,3445,2086,0,0.005167244
Cold,324355,1922,1921,3445,2086,0,0.016573988
Cold,425245,2581,2580,3445,2086,0,0.002195479
Cold,203468,1248,1247,3445,2086,0,0.0048861136
Cold,316690,1884,1883,3445,2086,1,0.0046623843
Cold,222031,1343,1342,3445,2086,1,0.007281831
Cold,77334,524,523,3445,2086,0,0.020662313
Cold,86543,566,565,3445,2086,0,0.009301807
Cold,76628,520,519,3445,2086,1,0.018486915
Cold,210746,1285,1284,3445,2086,1,0.01608143
Cold,47488,319,318,3445,2086,0,0.01461041
Cold,61808,415,414,3445,2086,0,0.0075781895
Cold,481707,2962,2961,3445,2086,0,0.0067235143
Cold,457780,2820,2819,3445,2086,1,0.013962072
Cold,744771,4448,4447,3445,2086,0,0.021780167
Cold,993827,6002,6001,3445,2086,0,0.011072147
Cold,62733,424,423,3445,2086,0,0.006905472
Cold,46842,314,313,3447,2087,1,0.0024060705
Cold,32075,216,215,3447,2087,1,0.007926052
Cold,141901,914,913,3447,2087,1,2.8306618e-05
Cold,591841,3610,3609,3447,2087,0,0.0003172534
Cold,293662,1748,1747,3447,2087,0,0.004598646
Cold,868,10,9,3447,2087,1,0.0034113945
Cold,191799,1182,1181,3447,2087,0,0.0010432485
Cold,846968,5090,5089,3447,2087,1,0.00045409286
Cold,370928,2168,2167,3447,2087,0,0.012550934
Cold,322208,1912,1911,3447,2087,0,0.010778523
Cold,841051,5054,5053,3447,2087,0,0.004941607
Cold,171435,1088,1087,3447,2087,0,-5.425769e-06
Cold,40904,274,273,3453,2092,0,-0.010687284
Cold,27704,194,193,3453,2092,1,-0.0044775
Cold,23343,167,166,3453,2092,0,-0.0062341522
Cold,314340,1877,1876,3453,2092,0,-0.0027407664
Cold,79260,531,530,3453,2092,0,0.0066724187
Cold,684982,4094,4093,3453,2092,1,-0.0036659879
Cold,12840,99,98,3453,2092,0,0.005570217
Cold,399785,2380,2379,3453,2092,0,-0.0010742682
Cold,365462,2127,2126,3453,2092,0,-0.0011678662
Cold,12019,92,91,3453,2092,0,0.0017259523
Cold,882875,5333,5332,3453,2092,0,0.0075654993
Cold,405306,2427,2426,3453,2092,0,0.0020723266
Cold,110690,721,720,3453,2092,1,-0.0106126685
Cold,599143,3648,3647,3453,2092,0,-0.01661161
Cold,456396,2810,2809,3453,2092,0,0.012627993
Cold,335686,1980,1979,3453,2092,0,0.0060429154
Cold,351595,2063,2062,3453,2092,1,-0.00013467175
Cold,719973,4312,4311,3453,2092,0,-0.0008196207
Cold,474457,2911,2910,3453,2092,0,0.0036896993
Cold,434907,2655,2654,3453,2092,0,0.0029164944
Cold,171449,1088,1087,3453,2092,0,-0.008080472
Cold,312824,1865,1864,3453,2092,0,0.0035989103
Cold,699614,4186,4185,3453,2092,0,-0.0066304384
Cold,336667,1982,1981,3453,2092,0,0.005393406
Cold,583319,3562,3561,3453,2092,0,-0.007457331
Cold,941345,5682,5681,3453,2092,0,0.0021100992
Cold,82934,549,548,3453,2092,0,-0.00045007793
Cold,877393,5302,5301,3453,2092,0,0.003954453
Cold,33958,229,228,3453,2092,1,-0.0008532443
Cold,322218,1912,1911,3456,2093,1,-0.0014669908
Cold,378571,2210,2209,3456,2093,1,0.0030561516
Cold,208676,1274,1273,3456,2093,1,-0.0012084069
Cold,28198,195,194,3456,2093,1,0.0044489466
Cold,795998,4771,4770,3456,2093,0,0.0015114278
Cold,252758,1531,1530,3457,2094,0,-0.0063803024
Cold,250179,1507,1506,3457,2094,1,0.00018154999
Cold,631458,3821,3820,3457,2094,0,-0.00043194485
Cold,245191,1480,1479,3457,2094,0,-0.012535112
Cold,227485,1379,1378,3457,2094,0,0.0016259399
Cold,337421,1984,1983,3457,2094,0,-0.002643731
Cold,225214,1362,1361,3457,2094,1,-0.0038987498
Cold,222350,1345,1344,3457,2094,0,-0.0009245076
Cold,212829,1297,1296,3457,2094,1,-0.0101028085
Cold,212241,1292,1291,3457,2094,0,-0.0029656866
Cold,220307,1335,1334,3457,2094,0,0.0007072801
Cold,203416,1247,1246,3457,2094,0,0.0001830798
Cold,250342,1509,1508,3457,2094,0,-0.0077295164
Cold,200199,1229,1228,3457,2094,0,-0.003118841
Cold,216911,1317,1316,3457,2094,0,-0.007367653
Cold,278917,1680,1679,3457,2094,1,-0.008481197
Cold,189806,1177,1176,3457,2094,0,-0.004257542
Cold,189301,1173,1172,3457,2094,0,0.0037185366
Cold,166383,1059,1058,3457,2094,0,-0.0042570783
Cold,190674,1181,1180,3457,2094,0,-0.018478053
Cold,362865,2116,2115,3457,2094,0,-0.0019736136
Cold,157979,1015,1014,3457,2094,0,-0.004868302
Cold,150501,970,969,3457,2094,0,-0.0031813749
Cold,150032,966,965,3457,2094,0,-0.004974941
Cold,246243,1489,1488,3457,2094,0,0.00122242
Cold,148695,957,956,3457,2094,1,-0.0010318938
Cold,194554,1201,1200,3457,2094,1,-0.0020732577
Cold,812279,4875,4874,3457,2094,0,-0.0015994991
Cold,138028,889,888,3457,2094,0,-0.0033666133
Cold,315072,1880,1879,3457,2094,0,-0.004508144
Cold,128925,838,837,3457,2094,1,-0.010856497
Cold,128280,830,829,3457,2094,1,0.0009648446
Cold,126008,812,811,3457,2094,0,-0.0005687832
Cold,125738,809,808,3457,2094,0,-0.0044938093
Cold,132355,855,854,3457,2094,0,-0.012928131
Cold,187563,1164,1163,3457,2094,1,-0.0051172017
Cold,113554,736,735,3457,2094,0,-0.00938483
Cold,104818,695,694,3457,2094,0,-0.0024433597
Cold,270808,1639,1638,3457,2094,1,-0.0039177844
Cold,805646,4823,4822,3457,2094,0,-0.0045087216
Cold,228131,1383,1382,3457,2094,0,-0.010060575
Cold,86053,563,562,3457,2094,1,-0.0044009117
Cold,681939,4084,4083,3457,2094,1,0.0055758283
Cold,181919,1137,1136,3457,2094,1,-0.0070318813
Cold,49817,330,329,3457,2094,1,-0.0021411146
Cold,43379,298,297,3457,2094,0,-0.0043165623
Cold,43950,301,300,3457,2094,1,-0.0011413659
Cold,332572,1962,1961,3457,2094,0,-0.0007847623
Cold,33517,225,224,3457,2094,1,-0.0052380995
Cold,32633,220,219,3457,2094,0,-0.0020960174
Cold,29886,202,201,3457,2094,0,-0.008276564
Cold,365176,2125,2124,3457,2094,1,-0.00028241618
Cold,270627,1638,1637,3457,2094,1,0.0013737236
Cold,314343,1877,1876,3457,2094,0,0.0010599226
Cold,554758,3412,3411,3457,2094,0,-0.003953617
Cold,1770,17,16,3457,2094,0,-0.0015563541
Cold,203649,1252,1251,3457,2094,1,0.0032043247
Cold,882876,5333,5332,3457,2094,1,-0.006547648
Cold,637531,3840,3839,3457,2094,0,-0.00127765
Cold,44546,302,301,3457,2094,0,-0.0080361115
Cold,712868,4277,4276,3457,2094,1,-0.007545473
Cold,873917,5277,5276,3457,2094,0,-0.0019357136
Cold,733358,4386,4385,3457,2094,1,-0.006085295
Cold,750374,4478,4477,3457,2094,0,-0.004198555
Cold,777703,4647,4646,3457,2094,0,-0.011714151
Cold,204490,1260,1259,3457,2094,0,-0.009387888
Cold,164406,1051,1050,3457,2094,0,-0.0076005063
Cold,500445,3074,3073,3457,2094,1,-0.0061573614
Cold,405308,2427,2426,3457,2094,1,-0.001795622
Cold,760120,4517,4516,3457,2094,1,-0.0041942177
Cold,27206,192,191,3457,2094,1,-0.0010414252
Cold,116039,752,751,3457,2094,1,-0.0044937194
Cold,50188,331,330,3457,2094,0,-0.002761477
Cold,960249,5792,5791,3457,2094,0,-0.0033531499
Cold,475439,2918,2917,3457,2094,1,-0.0033515166
Cold,171451,1088,1087,3457,2094,1,-0.0008702226
Cold,312825,1865,1864,3457,2094,1,0.0005243935
Cold,79261,531,530,3457,2094,0,-0.011248324
Cold,699615,4186,4185,3457,2094,0,0.0016106205
Cold,202998,1246,1245,3457,2094,0,-0.013218658
Cold,62749,424,423,3457,2094,1,-0.009213109
Cold,102099,678,677,3459,2095,1,0.0078020203
Cold,241079,1451,1450,3459,2095,0,0.0020157336
Cold,184325,1147,1146,3470,2102,1,0.00017216685
Cold,308510,1837,1836,3470,2102,0,0.013235883
Cold,173199,1098,1097,3470,2102,1,0.0044194935
Cold,151540,975,974,3470,2102,1,0.0063915094
Cold,199364,1224,1223,3470,2102,1,-0.00054029754
Cold,140426,900,899,3470,2102,1,0.00089013856
Cold,436304,2665,2664,3470,2102,0,0.006875799
Cold,138064,889,888,3470,2102,1,0.0018054184
Cold,318913,1896,1895,3470,2102,0,0.007141433
Cold,134861,872,871,3470,2102,1,0.0061858865
Cold,130485,846,845,3470,2102,1,-5.2237418e-05
Cold,105082,696,695,3470,2102,1,-0.0023202258
Cold,233363,1420,1419,3470,2102,1,0.01080717
Cold,84023,550,549,3470,2102,1,0.007035953
Cold,75324,511,510,3470,2102,1,0.008518688
Cold,66348,444,443,3470,2102,1,0.0045306804
Cold,67731,454,453,3470,2102,1,-0.004746393
Cold,54811,358,357,3470,2102,1,9.036611e-05
Cold,48857,327,326,3470,2102,1,0.0020402037
Cold,30840,205,204,3470,2102,1,-0.0019831783
Cold,21164,155,154,3470,2102,1,-0.005632056
Cold,573474,3512,3511,3470,2102,1,0.007735911
Cold,460611,2841,2840,3470,2102,1,0.003734993
Cold,100538,671,670,3470,2102,1,0.0040461197
Cold,24406,173,172,3470,2102,1,-0.0016832077
Cold,522395,3224,3223,3470,2102,1,-0.0013003175
Cold,923895,5580,5579,3470,2102,1,-0.0016367474
Cold,319246,1897,1896,3470,2102,0,0.007909186
Cold,197282,1211,1210,3470,2102,1,0.0065427152
Cold,175988,1113,1112,3470,2102,1,0.00059668976
Cold,895389,5412,5411,3470,2102,1,-0.00021825847
Cold,223036,1352,1351,3470,2102,1,0.0031374516
Cold,696084,4169,4168,3475,2104,1,0.0023240116
Cold,462531,2854,2853,3475,2104,1,-6.188871e-05
Cold,457800,2820,2819,3475,2104,1,0.0017959601
Cold,454887,2798,2797,3475,2104,1,0.011327496
Cold,420904,2544,2543,3475,2104,1,0.0058091367
Cold,419168,2531,2530,3475,2104,1,-0.0004634112
Cold,417255,2512,2511,3475,2104,1,0.008760341
Cold,416054,2506,2505,3475,2104,1,-0.005849693
Cold,416491,2507,2506,3475,2104,0,-0.0036342307
Cold,464095,2860,2859,3475,2104,1,0.00092876423
Cold,389931,2288,2287,3475,2104,0,0.0027844557
Cold,384065,2244,2243,3475,2104,1,0.0012469322
Cold,364680,2124,2123,3475,2104,1,0.0052507124
Cold,364126,2121,2120,3475,2104,0,0.0014387353
Cold,354017,2073,2072,3475,2104,1,0.007920289
Cold,347321,2038,2037,3475,2104,1,0.0011446417
Cold,335715,1980,1979,3475,2104,1,0.0074454937
Cold,323118,1916,1915,3475,2104,1,-0.0020122644
Cold,316713,1884,1883,3475,2104,1,-0.005995692
Cold,286465,1711,1710,3475,2104,0,-0.0013294935
Cold,292231,1741,1740,3475,2104,1,0.0038759627
Cold,268916,1632,1631,3475,2104,0,-0.00262366
Cold,346138,2030,2029,3475,2104,1,-0.00015900575
Cold,242715,1465,1464,3475,2104,1,0.003812642
Cold,217965,1322,1321,3475,2104,1,0.0049141506
Cold,211763,1288,1287,3475,2104,0,-0.0025795598
Cold,192978,1191,1190,3475,2104,1,-0.00045234372
Cold,338052,1988,1987,3475,2104,1,0.0039238166
Cold,189882,1178,1177,3475,2104,1,-0.002392692
Cold,218260,1323,1322,3475,2104,0,0.0056153527
Cold,188558,1170,1169,3475,2104,1,0.0029488972
Cold,184326,1147,1146,3475,2104,1,-0.0015373575
Cold,316205,1883,1882,3475,2104,0,-0.0010822244
Cold,182735,1140,1139,3475,2104,0,0.0057294355
Cold,180982,1131,1130,3475,2104,1,-0.010001522
Cold,169092,1073,1072,3475,2104,1,-0.0030665859
Cold,327892,1941,1940,3475,2104,1,0.0039200783
Cold,159967,1019,1018,3475,2104,0,0.00269788
Cold,158005,1015,1014,3475,2104,1,-0.0015495098
Cold,146896,948,947,3475,2104,0,-0.0044048573
Cold,185111,1150,1149,3475,2104,0,0.005819982
Cold,142933,922,921,3475,2104,1,-0.0014960899
Cold,140210,899,898,3475,2104,1,0.00014369702
Cold,138074,889,888,3475,2104,1,-0.001186977
Cold,318914,1896,1895,3475,2104,1,0.006943531
Cold,131083,850,849,3475,2104,1,0.0058971513
Cold,322235,1912,1911,3475,2104,1,0.0024644632
Cold,118679,767,766,3475,2104,1,-0.009747483
Cold,117822,759,758,3475,2104,0,0.005940638
Cold,187574,1164,1163,3475,2104,1,-0.004493764
Cold,239895,1449,1448,3475,2104,1,0.001050621
Cold,115667,750,749,3475,2104,1,-0.0058766566
Cold,69466,466,465,3475,2104,1,0.0025960812
Cold,71919,482,481,3475,2104,0,0.0111205485
Cold,58543,396,395,3475,2104,0,0.005458742
Cold,48863,327,326,3475,2104,1,0.0005064593
Cold,67003,451,450,3475,2104,1,0.0016172968
Cold,46866,314,313,3475,2104,0,-0.0032512376
Cold,42539,291,290,3475,2104,0,0.006303095
Cold,23745,169,168,3475,2104,1,0.0018336771
Cold,462008,2849,2848,3475,2104,1,0.008992547
Cold,89204,588,587,3475,2104,0,0.0044419356
Cold,408122,2453,2452,3475,2104,1,-0.0047231107
Cold,192685,1186,1185,3475,2104,1,0.00037892582
Cold,284801,1699,1698,3475,2104,1,0.0066215107
Cold,128153,829,828,3475,2104,1,0.0018234809
Cold,922813,5573,5572,3475,2104,0,0.006996138
Cold,607663,3688,3687,3475,2104,1,0.0010455538
Cold,171473,1088,1087,3475,2104,1,-0.012363438
Cold,24409,173,172,3475,2104,1,0.0013170936
Cold,339138,1998,1997,3475,2104,1,0.006049622
Cold,208689,1274,1273,3475,2104,1,-0.0025699935
Cold,491173,3020,3019,3475,2104,1,-0.0013762191
Cold,62772,424,423,3475,2104,1,0.004325506
Cold,569110,3491,3490,3480,2109,1,-0.0110144075
Cold,593651,3618,3617,3480,2109,0,-0.016963419
Cold,573485,3512,3511,3480,2109,0,-0.0130226165
Cold,549973,3391,3390,3480,2109,1,-0.015333155
Cold,645198,3885,3884,3480,2109,0,-0.007077799
Cold,544659,3358,3357,3480,2109,1,-0.010233516
Cold,539827,3320,3319,3480,2109,0,-0.0064378567
Cold,526712,3259,3258,3480,2109,1,-0.0066184155
Cold,575247,3519,3518,3480,2109,0,-0.0056646746
Cold,522410,3224,3223,3480,2109,1,-0.0070688287
Cold,816047,4899,4898,3480,2109,1,-0.0036666542
Cold,528902,3270,3269,3480,2109,0,0.0009830405
Cold,493991,3032,3031,3480,2109,1,-0.0077597555
Cold,493325,3031,3030,3480,2109,1,-0.0034238636
Cold,738111,4411,4410,3480,2109,1,-0.010443587
Cold,490670,3018,3017,3480,2109,0,-0.008047417
Cold,457310,2818,2817,3480,2109,1,-0.002728514
Cold,450746,2777,2776,3480,2109,1,-0.0045482647
Cold,564310,3471,3470,3480,2109,0,-0.017908847
Cold,436314,2665,2664,3480,2109,1,-0.014629742
Cold,433137,2641,2640,3480,2109,1,-0.010194335
Cold,403983,2414,2413,3480,2109,1,-0.007079622
Cold,400340,2383,2382,3480,2109,1,-0.002356687
Cold,382268,2233,2232,3480,2109,0,-0.0031401578
Cold,369854,2164,2163,3480,2109,1,-0.008850815
Cold,364684,2124,2123,3480,2109,1,-0.0090801325
Cold,360001,2105,2104,3480,2109,0,-0.005925744
Cold,330275,1949,1948,3480,2109,0,-0.008284854
Cold,307983,1836,1835,3480,2109,1,-0.011237452
Cold,290905,1736,1735,3480,2109,1,-0.006399968
Cold,292867,1744,1743,3480,2109,0,-0.0034386877
Cold,280451,1683,1682,3480,2109,1,0.000768202
Cold,278972,1680,1679,3480,2109,1,-0.0076046484
Cold,268923,1632,1631,3480,2109,0,-0.005537292
Cold,259399,1587,1586,3480,2109,0,-0.0076991958
Cold,251849,1524,1523,3480,2109,1,-0.002658925
Cold,244410,1472,1471,3480,2109,0,-0.005289281
Cold,251422,1519,1518,3480,2109,1,-0.0008887856
Cold,296402,1758,1757,3480,2109,1,-0.0190036
Cold,205721,1264,1263,3480,2109,0,-0.008030075
Cold,213382,1298,1297,3480,2109,1,-0.007961993
Cold,196961,1209,1208,3480,2109,1,-0.01653408
Cold,179060,1124,1123,3480,2109,1,-0.006873235
Cold,167782,1068,1067,3480,2109,0,-0.011405781
Cold,214758,1303,1302,3480,2109,0,-0.009220504
Cold,164433,1051,1050,3480,2109,1,-0.011014316
Cold,142708,921,920,3480,2109,0,-0.008420786
Cold,331493,1958,1957,3480,2109,1,-0.0052984743
Cold,126192,815,814,3480,2109,0,-0.0039780885
Cold,124462,801,800,3480,2109,0,-0.01716511
Cold,116075,752,751,3480,2109,0,-0.0078028394
Cold,111848,728,727,3480,2109,1,-0.0019919965
Cold,272114,1645,1644,3480,2109,1,-0.0048501887
Cold,263184,1605,1604,3480,2109,1,-0.014986118
Cold,101331,676,675,3480,2109,1,0.0038751208
Cold,98406,659,658,3480,2109,1,-0.005623162
Cold,94157,631,630,3480,2109,1,-0.0024779397
Cold,360656,2106,2105,3480,2109,0,-0.010657188
Cold,238782,1448,1447,3480,2109,0,-0.0147845745
Cold,77374,524,523,3480,2109,1,-0.017399088
Cold,308526,1837,1836,3480,2109,1,-0.0032637732
Cold,239909,1449,1448,3480,2109,0,-0.027535532
Cold,53874,352,351,3480,2109,1,-0.011249865
Cold,49825,330,329,3480,2109,1,0.0012918678
Cold,132377,855,854,3480,2109,1,-0.012499197
Cold,317627,1889,1888,3480,2109,1,-0.0040326198
Cold,41015,275,274,3480,2109,1,-0.007627934
Cold,537838,3312,3311,3480,2109,0,-0.00939787
Cold,54556,355,354,3480,2109,1,-0.0087143425
Cold,33555,225,224,3480,2109,1,-0.0025753481
Cold,26156,186,185,3480,2109,0,0.0019717664
Cold,25358,179,178,3480,2109,0,-0.006260356
Cold,23766,169,168,3480,2109,1,-0.014889038
Cold,23166,166,165,3480,2109,0,-0.012835886
Cold,14570,117,116,3480,2109,0,-0.011528777
Cold,65993,442,441,3480,2109,1,-0.005511659
Cold,18758,146,145,3480,2109,1,-0.007575079
Cold,432631,2638,2637,3480,2109,1,-0.0060755676
Cold,60801,411,410,3480,2109,0,-0.0047208234
Cold,327904,1941,1940,3480,2109,0,-0.0061510736
Cold,963971,5812,5811,3480,2109,0,-0.011541319
Cold,5155,36,35,3480,2109,1,-0.013149762
Cold,79288,531,530,3480,2109,0,-0.011249268
Cold,335730,1980,1979,3480,2109,1,-0.016729474
Cold,343593,2018,2017,3480,2109,1,-0.0050641894
Cold,204508,1260,1259,3480,2109,1,-0.0111793205
Cold,111625,727,726,3480,2109,0,-0.00081488036
Cold,322245,1912,1911,3480,2109,0,-0.007151934
Cold,62785,424,423,3480,2109,1,-0.012265064
Cold,241104,1451,1450,3480,2109,1,-0.009481244
Cold,193566,1194,1193,3480,2109,0,-0.004717033
Cold,709725,4258,4257,3480,2109,1,-0.0024728081
Cold,562505,3462,3461,3480,2109,0,0.004947438
Cold,974270,5878,5877,3480,2109,1,-0.007363837
Cold,234882,1425,1424,3480,2109,1,-0.0076186107
Cold,529088,3271,3270,3483,2111,1,-0.0060523637
Cold,525461,3245,3244,3483,2111,0,0.00030174735
Cold,519449,3205,3204,3483,2111,0,0.004907857
Cold,511302,3154,3153,3483,2111,1,0.0010376354
Cold,506630,3118,3117,3483,2111,0,0.0042348355
Cold,504395,3101,3100,3483,2111,0,0.0048127417
Cold,502858,3087,3086,3483,2111,1,0.010223305
Cold,478758,2938,2937,3483,2111,0,-0.0024305105
Cold,457160,2817,2816,3483,2111,1,0.004611624
Cold,444953,2744,2743,3483,2111,0,0.0029907543
Cold,444599,2743,2742,3483,2111,0,-0.00816045
Cold,372807,2177,2176,3483,2111,0,0.008440539
Cold,365185,2125,2124,3483,2111,1,0.009320187
Cold,345785,2029,2028,3483,2111,0,0.0007721062
Cold,331109,1956,1955,3483,2111,0,0.0018409158
Cold,237155,1442,1441,3483,2111,0,-0.0027215322
Cold,224850,1359,1358,3483,2111,0,0.0010998797
Cold,284040,1698,1697,3483,2111,1,-0.00073770457
Cold,222732,1348,1347,3483,2111,1,-0.0049110516
Cold,188740,1171,1170,3483,2111,1,-0.006217772
Cold,201122,1241,1240,3483,2111,1,0.0054990267
Cold,326543,1935,1934,3483,2111,0,-0.0032684826
Cold,175437,1112,1111,3483,2111,0,-0.0009527558
Cold,165756,1057,1056,3483,2111,0,0.005721585
Cold,162241,1034,1033,3483,2111,1,0.0005152337
Cold,150516,970,969,3483,2111,1,0.0031409808
Cold,148706,957,956,3483,2111,0,0.0007680203
Cold,146081,939,938,3483,2111,0,-0.0047368947
Cold,143510,926,925,3483,2111,1,-0.0020099175
Cold,379895,2222,2221,3483,2111,0,0.0015011812
Cold,973748,5874,5873,3483,2111,0,0.0013996605
Cold,134161,869,868,3483,2111,1,-0.0021170229
Cold,228761,1386,1385,3483,2111,0,-0.0011240435
Cold,121072,780,779,3483,2111,0,0.0049704416
Cold,179521,1125,1124,3483,2111,0,-0.00039888197
Cold,93764,629,628,3483,2111,1,-0.0019360228
Cold,85134,555,554,3483,2111,0,-0.0018623553
Cold,84037,550,549,3483,2111,1,0.005275746
Cold,72755,490,489,3483,2111,0,-0.0049769934
Cold,102126,678,677,3483,2111,0,0.006192742
Cold,23771,169,168,3483,2111,1,-0.0063242577
Cold,362910,2116,2115,3483,2111,0,-0.0008676725
Cold,314351,1877,1876,3483,2111,0,-0.004054881
Cold,15050,119,118,3483,2111,0,-0.0014400217
Cold,10872,79,78,3483,2111,0,0.005222734
Cold,10531,75,74,3483,2111,1,0.00054375594
Cold,7242,50,49,3483,2111,0,-0.00013709208
Cold,6912,48,47,3483,2111,0,-0.0004611013
Cold,540511,3326,3325,3483,2111,1,0.0004991139
Cold,142166,918,917,3483,2111,0,-0.0012074276
Cold,353446,2071,2070,3483,2111,0,-0.0094608255
Cold,171485,1088,1087,3483,2111,0,-0.013162557
Cold,285243,1701,1700,3483,2111,0,0.0014374114
Cold,239913,1449,1448,3483,2111,0,0.0017148796
Cold,194011,1195,1194,3483,2111,0,0.0015318114
Cold,143644,927,926,3483,2111,0,0.005590062
Cold,584981,3571,3570,3483,2111,1,-0.008284588
Cold,18760,146,145,3483,2111,1,-0.0020724228
Cold,176843,1117,1116,3483,2111,1,0.0033985248
Cold,341138,2011,2010,3483,2111,1,0.0006575454
Cold,119141,770,769,3483,2111,0,-0.0042552575
Cold,846597,5087,5086,3483,2111,0,-0.001281092
Cold,512096,3159,3158,3483,2111,0,0.0056551145
Cold,223458,1354,1353,3483,2111,1,0.0009529609
Cold,339142,1998,1997,3483,2111,1,-0.0017906569
Cold,183520,1142,1141,3483,2111,0,-1.11847185e-05
Cold,386031,2258,2257,3483,2111,0,0.0018595309
Cold,934721,5643,5642,3483,2111,1,0.0005143728
Cold,109758,716,715,3483,2111,1,0.0022339986
Cold,521728,3219,3218,3483,2111,0,-0.00020287739
Cold,365708,2129,2128,3483,2111,0,-0.007067417
Cold,707781,4241,4240,3483,2111,1,0.0035022744
Cold,882084,5329,5328,3483,2111,1,0.0014916706
Cold,30570,204,203,3483,2111,1,-0.00029943464
Cold,744805,4448,4447,3483,2111,1,0.0061499076
Cold,234005,1422,1421,3483,2111,0,0.0018445188
Cold,12066,92,91,3483,2111,1,-0.00452405
Cold,567381,3483,3482,3483,2111,1,0.01016888
Cold,712914,4277,4276,3483,2111,0,0.0038069636
Cold,195353,1203,1202,3483,2111,0,-0.006164385
Cold,28860,198,197,3483,2111,0,0.003633064
Cold,917246,5543,5542,3483,2111,1,-0.00032583484
Cold,360658,2106,2105,3483,2111,0,0.00096542295
Cold,465122,2868,2867,3483,2111,0,-0.0036365343
Cold,429096,2611,2610,3483,2111,1,0.0013423604
Cold,511818,3158,3157,3483,2111,0,0.0025823985
Cold,79291,531,530,3483,2111,0,-0.001362212
Cold,110723,721,720,3483,2111,0,-0.0021383802
Cold,829938,4983,4982,3483,2111,1,0.008386568
Cold,768672,4579,4578,3483,2111,0,-0.0059791165
Cold,484300,2980,2979,3483,2111,0,0.0032214886
Cold,351652,2063,2062,3483,2111,0,-0.00084250653
Cold,730546,4371,4370,3483,2111,0,0.0029360875
Cold,418581,2529,2528,3483,2111,0,0.0020363913
Cold,187038,1160,1159,3483,2111,0,-0.0036809156
Cold,682336,4085,4084,3483,2111,1,-0.00294723
Cold,206300,1265,1264,3483,2111,0,-0.0076078214
Cold,136445,881,880,3483,2111,0,0.00502686
Cold,427330,2594,2593,3483,2111,1,5.793036e-05
Cold,561536,3454,3453,3483,2111,0,-0.00688918
Cold,376350,2195,2194,3483,2111,0,-0.003982207
Cold,926124,5598,5597,3483,2111,0,-0.0006063543
Cold,327907,1941,1940,3483,2111,0,0.007837584
Cold,537841,3312,3311,3483,2111,0,-0.0014535193
Cold,295603,1755,1754,3483,2111,0,-0.00438268
Cold,895392,5412,5411,3483,2111,1,-0.009460661
Cold,381972,2232,2231,3483,2111,1,-0.0014174634
Cold,434274,2648,2647,3483,2111,0,-0.0041400674
Cold,113107,734,733,3487,2113,1,0.003721475
Cold,95389,639,638,3487,2113,1,0.00828379
Cold,68646,461,460,3487,2113,0,0.0070539955
Cold,56900,384,383,3487,2113,0,-0.0014088533
Cold,696107,4169,4168,3487,2113,0,0.013782075
Cold,36583,245,244,3487,2113,1,0.007328796
Cold,552238,3401,3400,3487,2113,1,0.0025467193
Cold,141454,911,910,3487,2113,1,0.012655942
Cold,82992,549,548,3491,2115,1,0.009051814
Cold,36609,245,244,3491,2115,0,0.0007638461
Cold,238795,1448,1447,3491,2115,1,0.0006103113
Cold,14587,117,116,3491,2115,1,0.0065706284
Cold,102139,678,677,3491,2115,1,0.004341887
Cold,933411,5636,5635,3491,2115,0,-0.0035119806
Cold,231624,1404,1403,3497,2117,0,0.0023742612
Cold,269860,1635,1634,3497,2117,0,0.0048386687
Cold,335756,1980,1979,3497,2117,0,0.0061392486
Cold,217975,1322,1321,3497,2117,0,0.0027175606
Cold,220826,1339,1338,3497,2117,0,0.005877278
Cold,360685,2106,2105,3497,2117,0,-0.00037862675
Cold,205098,1262,1261,3497,2117,0,3.7564198e-05
Cold,307988,1836,1835,3497,2117,1,0.002869986
Cold,243861,1470,1469,3497,2117,0,0.006801978
Cold,279018,1680,1679,3497,2117,1,-0.00027890695
Cold,308539,1837,1836,3497,2117,1,0.004131144
Cold,327940,1941,1940,3497,2117,0,0.003941359
Cold,185144,1150,1149,3497,2117,0,0.012272746
Cold,141164,910,909,3497,2117,1,0.006199979
Cold,124832,802,801,3497,2117,1,0.011235477
Cold,141459,911,910,3497,2117,1,0.013827048
Cold,190757,1181,1180,3497,2117,0,-0.0017654784
Cold,82997,549,548,3497,2117,1,0.013219422
Cold,68654,461,460,3497,2117,0,0.005476658
Cold,239935,1449,1448,3497,2117,0,0.011421703
Cold,43670,300,299,3497,2117,1,0.0109394295
Cold,626688,3792,3791,3497,2117,0,0.00295188
Cold,23797,169,168,3497,2117,1,0.00860275
Cold,21631,157,156,3497,2117,0,0.009953884
Cold,238800,1448,1447,3497,2117,0,0.010118709
Cold,144107,929,928,3497,2117,0,0.006656069
Cold,15703,123,122,3497,2117,1,0.008809265
Cold,102143,678,677,3497,2117,0,0.0044261506
Cold,680598,4079,4078,3497,2117,0,0.0030839252
Cold,963983,5812,5811,3497,2117,0,0.00047813612
Cold,144860,934,933,3497,2117,0,0.0070351
Cold,206312,1265,1264,3497,2117,0,0.004351536
Cold,293695,1748,1747,3497,2117,0,-0.005963719
Cold,699634,4186,4185,3497,2117,0,0.0025914053
Cold,300292,1780,1779,3497,2117,0,0.0012664746
Cold,857817,5156,5155,3497,2117,1,0.003612778
Cold,620498,3759,3758,3500,2120,0,-0.0012138071
Cold,670372,4028,4027,3500,2120,0,-0.007963847
Cold,614865,3724,3723,3500,2120,0,-0.0061877063
Cold,611260,3705,3704,3500,2120,0,0.002429286
Cold,604390,3675,3674,3500,2120,0,0.002949612
Cold,637037,3836,3835,3500,2120,0,-0.0015523711
Cold,725450,4344,4343,3500,2120,0,-0.005731088
Cold,596744,3626,3625,3500,2120,1,0.0034905106
Cold,588561,3590,3589,3500,2120,1,0.0042822
Cold,580596,3546,3545,3500,2120,0,-0.0030628338
Cold,644239,3882,3881,3500,2120,1,-0.006637149
Cold,594101,3618,3617,3500,2120,0,0.008275666
Cold,560379,3444,3443,3500,2120,0,-0.0047272504
Cold,557804,3425,3424,3500,2120,0,0.0019094163
Cold,556964,3422,3421,3500,2120,0,0.0011159624
Cold,577361,3526,3525,3500,2120,0,-0.009830395
Cold,545778,3365,3364,3500,2120,0,0.008100682
Cold,536149,3308,3307,3500,2120,0,0.0009482248
Cold,533485,3292,3291,3500,2120,0,-0.0053091994
Cold,531171,3280,3279,3500,2120,0,-0.010100376
Cold,525674,3246,3245,3500,2120,0,-0.008189096
Cold,539998,3320,3319,3500,2120,0,0.007412481
Cold,502218,3082,3081,3500,2120,0,0.0022707738
Cold,550377,3391,3390,3500,2120,1,0.0025564227
Cold,493495,3031,3030,3500,2120,0,-0.0021026956
Cold,600179,3650,3649,3500,2120,0,0.002676889
Cold,485190,2986,2985,3500,2120,0,-0.008836686
Cold,870182,5256,5255,3500,2120,0,-0.009304461
Cold,455898,2807,2806,3500,2120,0,0.0018818317
Cold,451623,2780,2779,3500,2120,0,-0.0018767721
Cold,451053,2777,2776,3500,2120,0,0.0046297996
Cold,446933,2753,2752,3500,2120,0,-0.0025563438
Cold,443907,2737,2736,3500,2120,0,0.0055653695
Cold,442454,2724,2723,3500,2120,0,0.0063317046
Cold,406739,2443,2442,3500,2120,0,-0.0033605215
Cold,464260,2860,2859,3500,2120,0,0.0022422653
Cold,404646,2419,2418,3500,2120,0,0.005990413
Cold,399181,2376,2375,3500,2120,0,-0.0013989648
Cold,398299,2368,2367,3500,2120,0,0.0008568488
Cold,395942,2340,2339,3500,2120,0,-0.0076219104
Cold,392381,2304,2303,3500,2120,1,-0.0006311985
Cold,436589,2665,2664,3500,2120,0,-0.0030474283
Cold,370011,2164,2163,3500,2120,0,0.006318448
Cold,349941,2054,2053,3500,2120,0,0.0029365746
Cold,345646,2027,2026,3500,2120,1,0.003554271
Cold,345158,2024,2023,3500,2120,0,-0.0028525454
Cold,343710,2018,2017,3500,2120,0,0.0057581994
Cold,345860,2029,2028,3500,2120,0,-0.0008689752
Cold,275192,1666,1665,3500,2120,0,0.0006584269
Cold,282713,1694,1693,3500,2120,0,0.0015434693
Cold,265931,1613,1612,3500,2120,0,-0.0062907054
Cold,336153,1980,1979,3500,2120,0,0.008612548
Cold,213011,1297,1296,3500,2120,0,-0.0029265345
Cold,279632,1680,1679,3500,2120,0,0.0016361144
Cold,213589,1298,1297,3500,2120,0,-0.010036774
Cold,192424,1184,1183,3500,2120,0,-0.001795193
Cold,199564,1224,1223,3500,2120,1,-0.006490996
Cold,178265,1120,1119,3500,2120,1,0.008899229
Cold,168582,1069,1068,3500,2120,0,-0.009316841
Cold,163951,1050,1049,3500,2120,0,0.004006264
Cold,366237,2131,2130,3500,2120,0,0.0029145763
Cold,157072,1010,1009,3500,2120,0,0.0058680633
Cold,136765,881,880,3500,2120,0,0.002028555
Cold,132018,854,853,3500,2120,0,0.006824172
Cold,248931,1501,1500,3500,2120,0,0.0037000785
Cold,352119,2063,2062,3500,2120,0,-0.011314764
Cold,160252,1019,1018,3500,2120,0,-0.0009212578
Cold,121571,781,780,3500,2120,0,0.0068907333
Cold,111903,728,727,3500,2120,1,-0.012164779
Cold,112603,731,730,3500,2120,1,-0.0083196405
Cold,106212,699,698,3500,2120,0,-0.017800765
Cold,100249,669,668,3500,2120,0,-0.008815774
Cold,127343,822,821,3500,2120,0,0.0056989146
Cold,88890,587,586,3500,2120,0,-0.0051195147
Cold,86749,566,565,3500,2120,1,-0.0028306632
Cold,191211,1181,1180,3500,2120,0,-0.010352556
Cold,83353,549,548,3500,2120,0,0.0034687899
Cold,234254,1422,1421,3500,2120,0,-0.008131433
Cold,239147,1448,1447,3500,2120,0,6.0013495e-05
Cold,406161,2436,2435,3500,2120,1,-0.0020381468
Cold,84364,550,549,3500,2120,0,0.00095868437
Cold,72209,482,481,3500,2120,0,-0.0034801136
Cold,71581,481,480,3500,2120,0,-0.00763698
Cold,626944,3792,3791,3500,2120,0,0.0026105717
Cold,54995,362,361,3500,2120,1,0.010510694
Cold,228416,1383,1382,3500,2120,0,0.0010544274
Cold,53721,352,351,3500,2120,1,0.00044727954
Cold,288636,1724,1723,3500,2120,1,0.00027488428
Cold,46969,315,314,3500,2120,0,0.005471304
Cold,44991,303,302,3500,2120,0,0.0021142429
Cold,61279,412,411,3500,2120,1,-0.0009017994
Cold,696538,4169,4168,3500,2120,0,-0.0012515069
Cold,31364,212,211,3500,2120,1,-0.0031765115
Cold,29814,202,201,3500,2120,0,-0.0062098037
Cold,29185,199,198,3500,2120,1,-0.0040941844
Cold,26411,187,186,3500,2120,1,-0.004178586
Cold,537340,3311,3310,3500,2120,0,-0.0018382774
Cold,21152,155,154,3500,2120,1,-0.0029721688
Cold,133663,864,863,3500,2120,0,-0.006944184
Cold,7698,53,52,3500,2120,0,-0.008542793
Cold,30494,204,203,3500,2120,0,-0.011451099
Cold,3385,26,25,3500,2120,0,-0.0037493203
Cold,818,10,9,3500,2120,1,-0.0038376919
Cold,568,8,7,3500,2120,0,0.0010155002
Cold,223677,1354,1353,3500,2120,0,-0.0062416606
Cold,207015,1266,1265,3500,2120,0,-0.00022947509
Cold,158446,1015,1014,3500,2120,0,0.0055935867
Cold,285670,1702,1701,3500,2120,1,-0.004993518
Cold,879085,5312,5311,3500,2120,1,0.0029347646
Cold,476428,2926,2925,3500,2120,0,0.0036369613
Cold,215629,1306,1305,3500,2120,1,0.0039971424
Cold,63171,424,423,3500,2120,1,0.0013354935
Cold,355055,2077,2076,3500,2120,0,-0.011463089
Cold,713228,4277,4276,3500,2120,0,0.006469581
Cold,519247,3203,3202,3500,2120,1,0.0012857809
Cold,141606,911,910,3500,2120,0,-0.0037333248
Cold,860132,5172,5171,3500,2120,0,-0.0009550173
Cold,132582,855,854,3502,2122,0,-0.0029852064
Cold,47453,319,318,3502,2122,1,-0.00075264054
Cold,360967,2106,2105,3502,2122,0,0.008892704
Cold,39359,267,266,3502,2122,1,0.0041238675
Cold,39546,268,267,3502,2122,1,-0.0004384329
Cold,55602,368,367,3502,2122,1,0.0017056766
Cold,30244,203,202,3502,2122,0,-0.00048422662
Cold,19387,148,147,3502,2122,0,-0.0036520879
Cold,30495,204,203,3502,2122,1,-0.0018461093
Cold,3389,26,25,3502,2122,1,8.9330366e-05
Cold,696540,4169,4168,3502,2122,1,0.0032666044
Cold,207016,1266,1265,3502,2122,1,0.0065309526
Cold,355056,2077,2076,3502,2122,1,0.0013482133
Cold,893030,5394,5393,3502,2122,1,-0.002725243
Cold,182116,1137,1136,3502,2122,0,0.0030174516
Cold,187733,1164,1163,3502,2122,0,0.0024072744
Cold,489710,3013,3012,3502,2122,0,-0.0036937487
Cold,145018,934,933,3502,2122,0,-0.0024462664
Cold,79579,531,530,3502,2122,0,0.0059774835
Cold,599377,3648,3647,3502,2122,1,-0.004778339
Cold,907680,5492,5491,3502,2122,1,5.049794e-05
Cold,28130,195,194,3502,2122,1,0.00026076555
Cold,229697,1390,1389,3502,2122,1,-0.0006247936
Cold,231175,1399,1398,3502,2122,0,-0.0025807181
Cold,699736,4186,4185,3502,2122,0,0.00498596
Cold,941465,5682,5681,3502,2122,1,-0.0025458154
Cold,193792,1194,1193,3502,2122,0,-0.00028825342
Cold,550379,3391,3390,3502,2122,1,0.0030654962
Cold,535426,3304,3303,3503,2123,0,0.0028869528
Cold,534754,3300,3299,3503,2123,0,-0.004525161
Cold,534431,3299,3298,3503,2123,0,-0.0057444368
Cold,533487,3292,3291,3503,2123,0,-0.004445878
Cold,567039,3481,3480,3503,2123,1,0.0006331331
Cold,513731,3169,3168,3503,2123,0,-0.002419912
Cold,877027,5300,5299,3503,2123,0,0.0022332997
Cold,509264,3135,3134,3503,2123,1,-0.005455877
Cold,505657,3110,3109,3503,2123,0,-0.00984106
Cold,582209,3557,3556,3503,2123,1,-0.013479259
Cold,495910,3045,3044,3503,2123,1,-0.0016897478
Cold,626946,3792,3791,3503,2123,0,-0.0028330004
Cold,479318,2941,2940,3503,2123,0,-0.005796629
Cold,476843,2928,2927,3503,2123,1,-0.0058815256
Cold,696541,4169,4168,3503,2123,1,-0.012738263
Cold,475975,2921,2920,3503,2123,0,-0.004008798
Cold,460789,2841,2840,3503,2123,0,-0.0038195583
Cold,459415,2829,2828,3503,2123,1,-0.003067953
Cold,458119,2820,2819,3503,2123,0,-0.0030300273
Cold,456101,2808,2807,3503,2123,1,0.0030819015
Cold,449967,2774,2773,3503,2123,0,-0.013368381
Cold,571163,3503,3502,3503,2123,1,-0.013181616
Cold,411101,2466,2465,3503,2123,0,-0.0076121897
Cold,390101,2288,2287,3503,2123,1,-0.0051786844
Cold,366397,2132,2131,3503,2123,0,-0.0030349102
Cold,365384,2126,2125,3503,2123,0,-0.006828001
Cold,346299,2030,2029,3503,2123,1,-0.0022736997
Cold,305654,1819,1818,3503,2123,1,-0.0037346522
Cold,297087,1761,1760,3503,2123,1,-0.0054266034
Cold,299348,1777,1776,3503,2123,1,0.0021253703
Cold,293249,1746,1745,3503,2123,1,0.001961038
Cold,292451,1741,1740,3503,2123,1,-0.00529287
Cold,279635,1680,1679,3503,2123,0,-0.007924004
Cold,274469,1658,1657,3503,2123,0,-0.009466954
Cold,269161,1632,1631,3503,2123,0,-0.01289163
Cold,253939,1544,1543,3503,2123,0,-0.007954188
Cold,294405,1749,1748,3503,2123,1,-0.0009096069
Cold,233461,1420,1419,3503,2123,0,-0.00085094175
Cold,226190,1369,1368,3503,2123,0,-0.0075575123
Cold,219964,1333,1332,3503,2123,1,-0.0042812126
Cold,207362,1267,1266,3503,2123,0,-0.0088590635
Cold,190059,1179,1178,3503,2123,0,-0.009120752
Cold,184430,1147,1146,3503,2123,1,-0.012991494
Cold,181640,1135,1134,3503,2123,0,0.0015044817
Cold,178870,1122,1121,3503,2123,0,-0.004887793
Cold,244107,1470,1469,3503,2123,0,-0.011372377
Cold,308790,1837,1836,3503,2123,0,-0.008826951
Cold,167535,1067,1066,3503,2123,1,-0.0015085512
Cold,152025,977,976,3503,2123,1,-0.007688709
Cold,246409,1489,1488,3503,2123,0,-0.0005870388
Cold,221496,1340,1339,3503,2123,0,-0.01215194
Cold,147959,953,952,3503,2123,1,-0.010046728
Cold,197397,1211,1210,3503,2123,1,0.00080006337
Cold,128346,830,829,3503,2123,1,-0.0069881435
Cold,315430,1880,1879,3503,2123,1,-0.0045594606
Cold,240320,1449,1448,3503,2123,1,-0.016589798
Cold,316938,1884,1883,3503,2123,0,-0.008750447
Cold,90976,602,601,3503,2123,0,-0.0041609462
Cold,86203,563,562,3503,2123,0,-0.0057266993
Cold,34120,230,229,3503,2123,1,-0.0057332786
Cold,30827,205,204,3503,2123,1,0.0041806176
Cold,1739,17,16,3503,2123,1,-0.004718887
Cold,2859,23,22,3503,2123,0,-0.007884711
Cold,862712,5193,5192,3503,2123,1,-0.0050829835
Cold,174262,1101,1100,3503,2123,0,-0.0081215985
Cold,129571,839,838,3503,2123,0,-0.004045843
Cold,203212,1246,1245,3503,2123,0,-0.013870452
Cold,28131,195,194,3503,2123,1,-0.009782391
Cold,991791,5991,5990,3503,2123,0,0.0059358133
Cold,166089,1058,1057,3503,2123,0,-0.009981365
Cold,223098,1352,1351,3503,2123,1,-0.008968467
Cold,322547,1912,1911,3503,2123,0,-0.0063385945
Cold,810333,4861,4860,3503,2123,0,-0.009220992
Cold,375922,2190,2189,3503,2123,1,-0.0073566223
Cold,290389,1733,1732,3503,2123,1,-0.0072704228
Cold,195616,1203,1202,3503,2123,1,-0.0074514495
Cold,141609,911,910,3503,2123,1,-0.005744395
Cold,769446,4582,4581,3503,2123,1,-0.0027125264
Cold,254893,1551,1550,3503,2123,1,-0.0017597873
Cold,63173,424,423,3503,2123,1,-0.008067519
Cold,208877,1274,1273,3503,2123,1,-0.011343931
Cold,770351,4591,4590,3503,2123,1,-0.009770062
Cold,158448,1015,1014,3503,2123,0,-0.008716852
Cold,630592,3815,3814,3506,2126,1,0.0029100624
Cold,629691,3808,3807,3506,2126,0,-0.0064951056
Cold,638396,3841,3840,3506,2126,1,-0.0032847468
Cold,624982,3778,3777,3506,2126,0,0.0028471358
Cold,619589,3754,3753,3506,2126,1,0.0020909007
Cold,611262,3705,3704,3506,2126,1,-0.004439161
Cold,608019,3689,3688,3506,2126,1,0.0008943902
Cold,604395,3675,3674,3506,2126,1,-0.010043618
Cold,632066,3822,3821,3506,2126,0,-0.0035474985
Cold,598325,3641,3640,3506,2126,1,-0.0051524458
Cold,590211,3600,3599,3506,2126,0,0.007945936
Cold,607182,3685,3684,3506,2126,0,-0.015673373
Cold,594109,3618,3617,3506,2126,0,-0.010772966
Cold,556965,3422,3421,3506,2126,0,0.00022392848
Cold,540244,3321,3320,3506,2126,1,-0.0070568323
Cold,539595,3319,3318,3506,2126,0,0.0014379965
Cold,540404,3323,3322,3506,2126,0,-0.010365145
Cold,533490,3292,3291,3506,2126,0,-0.0076347804
Cold,521172,3216,3215,3506,2126,0,-0.0027970886
Cold,558615,3430,3429,3506,2126,1,0.0018038985
Cold,508738,3129,3128,3506,2126,0,0.0017171479
Cold,534756,3300,3299,3506,2126,1,-0.008074678
Cold,930125,5620,5619,3506,2126,1,0.0013864911
Cold,494355,3032,3031,3506,2126,1,-0.004496235
Cold,489713,3013,3012,3506,2126,0,-0.0031009167
Cold,486360,2994,2993,3506,2126,0,-0.0014237512
Cold,600184,3650,3649,3506,2126,1,-0.016756663
Cold,529880,3272,3271,3506,2126,0,0.0020320597
Cold,696545,4169,4168,3506,2126,1,-0.005338045
Cold,474769,2913,2912,3506,2126,0,-0.005964297
Cold,463470,2857,2856,3506,2126,0,0.00934153
Cold,464974,2866,2865,3506,2126,1,-0.010845599
Cold,452304,2785,2784,3506,2126,0,-0.001998494
Cold,439643,2685,2684,3506,2126,0,-0.0077030463
Cold,436593,2665,2664,3506,2126,1,-0.014210403
Cold,435906,2664,2663,3506,2126,1,0.005280875
Cold,416776,2507,2506,3506,2126,1,0.0007698005
Cold,412925,2484,2483,3506,2126,0,0.001934686
Cold,404652,2419,2418,3506,2126,0,-0.011077281
Cold,395943,2340,2339,3506,2126,1,-0.00052228244
Cold,389050,2279,2278,3506,2126,1,-0.0080489805
Cold,403730,2411,2410,3506,2126,1,-0.017694928
Cold,381719,2231,2230,3506,2126,1,-0.0042604837
Cold,377354,2203,2202,3506,2126,1,0.0014851724
Cold,372099,2173,2172,3506,2126,0,-0.0096358005
Cold,370014,2164,2163,3506,2126,1,-0.0004907637
Cold,362192,2110,2109,3506,2126,0,-0.0061477576
Cold,364888,2124,2123,3506,2126,1,0.00133335
Cold,359491,2102,2101,3506,2126,1,-0.0069330405
Cold,352719,2064,2063,3506,2126,0,-0.01053948
Cold,336159,1980,1979,3506,2126,0,-0.006337433
Cold,312416,1861,1860,3506,2126,1,-0.0043479744
Cold,298359,1768,1767,3506,2126,0,-0.00984171
Cold,281357,1687,1686,3506,2126,1,-0.010790066
Cold,271645,1642,1641,3506,2126,1,0.0053104777
Cold,269163,1632,1631,3506,2126,0,0.0013572646
Cold,323939,1920,1919,3506,2126,0,-0.01580047
Cold,260159,1591,1590,3506,2126,0,0.00048497575
Cold,231718,1404,1403,3506,2126,0,0.00050181244
Cold,242915,1465,1464,3506,2126,0,-0.003534787
Cold,283262,1696,1695,3506,2126,1,-0.009989605
Cold,357596,2092,2091,3506,2126,0,0.004710888
Cold,218069,1322,1321,3506,2126,1,0.0013792064
Cold,219967,1333,1332,3506,2126,1,-0.00797442
Cold,208366,1273,1272,3506,2126,0,0.002714958
Cold,279640,1680,1679,3506,2126,1,0.001350526
Cold,197041,1209,1208,3506,2126,0,-0.0027353945
Cold,188646,1170,1169,3506,2126,1,-0.0031659734
Cold,328450,1941,1940,3506,2126,0,0.0036110757
Cold,162330,1034,1033,3506,2126,1,-0.008018318
Cold,337139,1983,1982,3506,2126,1,-0.0021489197
Cold,153192,984,983,3506,2126,1,-0.0053273095
Cold,138582,889,888,3506,2126,0,-0.012980988
Cold,127783,824,823,3506,2126,0,-0.0063814376
Cold,315433,1880,1879,3506,2126,0,-0.00817322
Cold,115481,749,748,3506,2126,0,0.008420672
Cold,240324,1449,1448,3506,2126,0,0.00079645566
Cold,106858,702,701,3506,2126,0,0.003841013
Cold,140744,904,903,3506,2126,0,0.0031068805
Cold,97125,651,650,3506,2126,1,-0.015173862
Cold,234255,1422,1421,3506,2126,0,0.0051861005
Cold,72215,482,481,3506,2126,0,0.0056140837
Cold,211169,1285,1284,3506,2126,1,-0.0024084474
Cold,63177,424,423,3506,2126,1,-7.4056443e-06
Cold,58039,392,391,3506,2126,1,-0.0069987057
Cold,61284,412,411,3506,2126,1,0.0036874055
Cold,145428,935,934,3506,2126,1,-0.008024547
Cold,38901,264,263,3506,2126,0,-0.011217489
Cold,36452,245,244,3506,2126,0,-0.0051331595
Cold,98977,660,659,3506,2126,0,0.0031992693
Cold,32044,216,215,3506,2126,1,0.0015719254
Cold,29189,199,198,3506,2126,0,-0.0073090824
Cold,25614,181,180,3506,2126,1,0.004851151
Cold,947598,5722,5721,3506,2126,1,-0.0014700457
Cold,239153,1448,1447,3506,2126,1,-0.0065846164
Cold,3394,26,25,3506,2126,1,-0.0047414983
Cold,60701,411,410,3506,2126,0,-0.0043565636
Cold,202113,1243,1242,3506,2126,0,0.01092349
Cold,31036,208,207,3506,2126,1,-0.004657884
Cold,828777,4979,4978,3506,2126,1,-0.013315548
Cold,964143,5812,5811,3506,2126,0,-0.0012159753
Cold,261234,1597,1596,3506,2126,0,0.008358492
Cold,111712,727,726,3506,2126,1,-0.011916887
Cold,102454,678,677,3506,2126,0,-0.004204369
Cold,319471,1897,1896,3506,2126,1,-0.006348162
Cold,993896,6002,6001,3506,2126,1,-0.00413005
Cold,722749,4328,4327,3506,2126,1,0.0020261114
Cold,124085,799,798,3509,2129,1,-0.00200362
Cold,330776,1952,1951,3509,2129,1,-0.0006980656
Cold,89617,590,589,3509,2129,0,-2.6241178e-05
Cold,939979,5675,5674,3509,2129,0,0.00046908786
Cold,682014,4084,4083,3509,2129,1,-0.0050316197
Cold,77720,524,523,3509,2129,0,-0.0042081815
Cold,64318,429,428,3509,2129,1,0.00067804195
Cold,48832,327,326,3509,2129,0,-0.0050330306
Cold,33485,225,224,3509,2129,0,0.0006783537
Cold,31521,214,213,3509,2129,0,0.00032879855
Cold,23335,167,166,3509,2129,0,-0.0040911017
Cold,947599,5722,5721,3509,2129,0,0.0057549123
Cold,16976,133,132,3509,2129,1,0.0023261984
Cold,561939,3457,3456,3509,2129,0,-0.00528381
Cold,7235,50,49,3509,2129,0,0.000333354
Cold,7702,53,52,3509,2129,1,0.003974793
Cold,713239,4277,4276,3509,2129,1,-0.0010645583
Cold,210251,1284,1283,3509,2129,0,-0.0010890042
Cold,24345,173,172,3509,2129,0,0.00044639688
Cold,15592,123,122,3509,2129,0,-0.0010379716
Cold,174268,1101,1100,3509,2129,1,-0.007944593
Cold,271027,1639,1638,3509,2129,1,-0.0028703045
Cold,289704,1729,1728,3509,2129,0,0.0037871369
Cold,360973,2106,2105,3509,2129,1,0.0032181367
Cold,176109,1113,1112,3509,2129,0,-0.0027662322
Cold,195621,1203,1202,3509,2129,1,0.0049735717
Cold,984063,5948,5947,3509,2129,1,-0.00080036384
Cold,287803,1717,1716,3509,2129,0,0.0023793126
Cold,206423,1265,1264,3509,2129,1,0.0007329602
Cold,764074,4543,4542,3509,2129,0,0.005156601
Cold,235129,1425,1424,3509,2129,0,-0.006721987
Cold,777883,4647,4646,3509,2129,0,0.0030188793
Cold,907683,5492,5491,3511,2131,0,0.004958792
Cold,626962,3792,3791,3511,2131,0,-0.009414145
Cold,941469,5682,5681,3511,2131,0,-0.006847391
Cold,83372,549,548,3511,2131,0,0.0010245254
Cold,342678,2015,2014,3511,2131,0,0.012069322
Cold,235138,1425,1424,3511,2131,0,-0.0020457543
Cold,713245,4277,4276,3514,2134,1,-0.0018445794
Cold,770356,4591,4590,3514,2134,0,0.009872453
Cold,376582,2197,2196,3515,2135,0,-0.0007739137
Cold,713247,4277,4276,3515,2135,1,0.00633128
Cold,366429,2133,2132,3515,2135,0,-0.0020355536
Cold,366000,2130,2129,3515,2135,1,0.0066104643
Cold,346847,2033,2032,3515,2135,1,-0.0013821763
Cold,334716,1974,1973,3515,2135,1,0.0041033146
Cold,334178,1970,1969,3515,2135,0,-0.00081613753
Cold,335015,1976,1975,3515,2135,1,-0.0019906317
Cold,329003,1942,1941,3515,2135,0,0.002239463
Cold,324692,1923,1922,3515,2135,0,0.004068345
Cold,326457,1933,1932,3515,2135,1,0.010392891
Cold,300982,1786,1785,3515,2135,1,0.007262548
Cold,329748,1944,1943,3515,2135,1,0.00831747
Cold,281076,1686,1685,3515,2135,0,-0.0006867129
Cold,281366,1687,1686,3515,2135,1,0.0012694902
Cold,274654,1659,1658,3515,2135,0,-0.001057457
Cold,268589,1631,1630,3515,2135,1,0.00094814063
Cold,267758,1627,1626,3515,2135,0,0.0027202177
Cold,261434,1598,1597,3515,2135,0,0.0010019918
Cold,252766,1531,1530,3515,2135,0,-7.946044e-06
Cold,242280,1462,1461,3515,2135,1,-0.005380643
Cold,240818,1450,1449,3515,2135,1,-0.0055258544
Cold,236459,1434,1433,3515,2135,0,0.011677809
Cold,236565,1435,1434,3515,2135,0,0.008160958
Cold,234550,1423,1422,3515,2135,0,0.0025449656
Cold,225293,1362,1361,3515,2135,1,0.006765379
Cold,217519,1319,1318,3515,2135,1,0.0046336176
Cold,212260,1292,1291,3515,2135,1,0.0016033709
Cold,244121,1470,1469,3515,2135,0,0.013630874
Cold,205392,1263,1262,3515,2135,1,0.011088725
Cold,294414,1749,1748,3515,2135,0,0.002796995
Cold,207028,1266,1265,3515,2135,1,0.00059304736
Cold,326568,1935,1934,3515,2135,1,0.00860683
Cold,188296,1168,1167,3515,2135,1,-0.004831355
Cold,167536,1067,1066,3515,2135,1,0.007926809
Cold,164734,1051,1050,3515,2135,1,0.015572192
Cold,162337,1034,1033,3515,2135,0,-0.0073209433
Cold,161137,1027,1026,3515,2135,0,0.003721437
Cold,159371,1017,1016,3515,2135,0,0.0021540734
Cold,155468,1001,1000,3515,2135,1,0.00088387006
Cold,154065,992,991,3515,2135,1,0.0071965978
Cold,150103,966,965,3515,2135,0,0.004150059
Cold,146369,942,941,3515,2135,0,0.00012261048
Cold,146017,938,937,3515,2135,0,-0.0045248005
Cold,145872,937,936,3515,2135,0,-0.008083997
Cold,812306,4875,4874,3515,2135,0,0.0029762061
Cold,139850,896,895,3515,2135,1,0.00114155
Cold,138610,889,888,3515,2135,0,-0.0028486708
Cold,137131,882,881,3515,2135,1,-0.0029546767
Cold,135991,878,877,3515,2135,1,-0.0010666586
Cold,130096,841,840,3515,2135,0,0.0066793663
Cold,252199,1527,1526,3515,2135,0,-0.0007872577
Cold,124088,799,798,3515,2135,0,0.0026100937
Cold,114050,740,739,3515,2135,0,0.009429092
Cold,113606,736,735,3515,2135,1,0.010813829
Cold,778921,4653,4652,3515,2135,1,-0.0038862946
Cold,105229,696,695,3515,2135,1,0.009712214
Cold,110172,718,717,3515,2135,0,0.014302593
Cold,103480,687,686,3515,2135,0,0.00018730387
Cold,100945,673,672,3515,2135,0,0.0027761487
Cold,316951,1884,1883,3515,2135,1,-0.0015515166
Cold,222628,1347,1346,3515,2135,1,0.0052100085
Cold,89620,590,589,3515,2135,1,-0.000759969
Cold,232586,1413,1412,3515,2135,0,0.0022540488
Cold,69877,471,470,3515,2135,0,-0.003186009
Cold,69326,464,463,3515,2135,1,0.0018128613
Cold,66621,445,444,3515,2135,0,0.0068101436
Cold,57608,390,389,3515,2135,0,0.0030640776
Cold,55058,363,362,3515,2135,1,0.0048794597
Cold,503981,3097,3096,3515,2135,1,-0.0065327846
Cold,583037,3561,3560,3515,2135,1,0.010540431
Cold,43378,298,297,3515,2135,0,0.007120773
Cold,43235,296,295,3515,2135,0,-0.00037720706
Cold,182138,1137,1136,3515,2135,1,-0.0033542232
Cold,30512,204,203,3515,2135,0,0.006354889
Cold,29846,202,201,3515,2135,1,0.007844648
Cold,28569,196,195,3515,2135,1,-0.0007788711
Cold,365254,2125,2124,3515,2135,1,0.0045832437
Cold,23339,167,166,3515,2135,1,-0.005576575
Cold,599390,3648,3647,3515,2135,0,0.0043703755
Cold,22533,163,162,3515,2135,0,0.005797156
Cold,304127,1806,1805,3515,2135,0,-0.0016946599
Cold,17283,135,134,3515,2135,0,0.00062960666
Cold,314407,1877,1876,3515,2135,1,-0.0072258934
Cold,16115,127,126,3515,2135,1,0.00848869
Cold,104701,693,692,3515,2135,1,-0.0010764181
Cold,133467,862,861,3515,2135,1,0.009004231
Cold,631723,3821,3820,3515,2135,0,-0.0035879398
Cold,623941,3773,3772,3515,2135,0,0.0056148777
Cold,28157,195,194,3515,2135,1,0.010175701
Cold,860476,5173,5172,3515,2135,0,-0.0016118656
Cold,685102,4094,4093,3515,2135,1,-0.0033168131
Cold,12838,99,98,3515,2135,0,0.005135443
Cold,548590,3386,3385,3515,2135,0,0.0015666101
Cold,150711,970,969,3515,2135,0,-0.000887137
Cold,761183,4522,4521,3515,2135,0,0.001376664
Cold,204677,1260,1259,3515,2135,0,-1.4665537e-05
Cold,522787,3224,3223,3515,2135,1,0.004576291
Cold,531183,3280,3279,3515,2135,0,0.0026132218
Cold,344211,2020,2019,3515,2135,1,0.010573956
Cold,989142,5972,5971,3515,2135,0,0.0011736332
Cold,635682,3832,3831,3515,2135,0,-0.0012710877
Cold,232015,1407,1406,3515,2135,1,0.005446623
Cold,877638,5304,5303,3515,2135,0,0.0070007914
Cold,11995,92,91,3515,2135,0,0.010383133
Cold,567633,3483,3482,3515,2135,0,0.0023672252
Cold,927637,5605,5604,3515,2135,0,0.002675853
Cold,104467,692,691,3515,2135,1,0.004043328
Cold,317853,1889,1888,3515,2135,0,0.007964778
Cold,47484,319,318,3515,2135,0,0.0041650673
Cold,20771,151,150,3515,2135,1,0.0042366977
Cold,964149,5812,5811,3515,2135,0,-0.0039289
Cold,263540,1605,1604,3515,2135,1,0.0032086242
Cold,299159,1776,1775,3515,2135,0,0.002329978
Cold,517943,3196,3195,3515,2135,1,-0.0067468276
Cold,499608,3067,3066,3515,2135,1,0.0077296994
Cold,784169,4682,4681,3515,2135,1,0.010821849
Cold,116449,752,751,3515,2135,0,0.0027746246
Cold,310788,1851,1850,3515,2135,0,0.0058916043
Cold,187749,1164,1163,3515,2135,0,0.006029619
Cold,312969,1865,1864,3515,2135,1,0.0035622907
Cold,485209,2986,2985,3515,2135,0,0.017601628
Cold,319484,1897,1896,3515,2135,0,-0.0011054869
Cold,840785,5053,5052,3515,2135,1,0.0055277525
Cold,696556,4169,4168,3515,2135,1,0.007107221
Cold,132840,856,855,3515,2135,0,-0.0026420099
Cold,67839,454,453,3515,2135,1,0.0101069845
Cold,364363,2122,2121,3515,2135,1,0.0038029521
Cold,339246,1998,1997,3515,2135,0,0.009355392
Cold,401676,2395,2394,3515,2135,0,0.0027793532
Cold,480478,2947,2946,3515,2135,1,-0.00042159366
Cold,241360,1451,1450,3515,2135,1,0.007914254
Cold,680732,4079,4078,3519,2137,1,-0.0027565963
Cold,681664,4083,4082,3519,2137,0,-0.008627893
Cold,675554,4053,4052,3519,2137,1,-0.0012525851
Cold,674814,4049,4048,3519,2137,0,-0.004944711
Cold,676145,4054,4053,3519,2137,0,-0.0039513176
Cold,668637,4021,4020,3519,2137,0,-0.008545883
Cold,667951,4018,4017,3519,2137,1,0.0035179472
Cold,664158,3999,3998,3519,2137,1,-0.0031356488
Cold,663245,3997,3996,3519,2137,1,-0.0039735953
Cold,655633,3949,3948,3519,2137,1,0.006258432
Cold,761447,4523,4522,3519,2137,1,0.0017395953
Cold,642089,3860,3859,3519,2137,0,0.004454496
Cold,629717,3808,3807,3519,2137,0,-0.002266299
Cold,638430,3841,3840,3519,2137,0,0.0030546524
Cold,623098,3770,3769,3519,2137,0,-0.0039619454
Cold,619596,3754,3753,3519,2137,1,0.008051404
Cold,619046,3751,3750,3519,2137,0,0.0004611297
Cold,623491,3771,3770,3519,2137,0,-0.008838271
Cold,745006,4448,4447,3519,2137,1,0.0013778075
Cold,601268,3654,3653,3519,2137,0,-0.0004945814
Cold,595317,3621,3620,3519,2137,0,0.0005661766
Cold,585791,3576,3575,3519,2137,0,-0.0013910842
Cold,569770,3493,3492,3519,2137,0,0.0041337726
Cold,569388,3491,3490,3519,2137,1,0.0001874743
Cold,713253,4277,4276,3519,2137,0,-0.0047260458
Cold,561305,3453,3452,3519,2137,0,0.0041510966
Cold,577385,3526,3525,3519,2137,1,0.002030829
Cold,527884,3263,3262,3519,2137,1,-0.0034900722
Cold,525127,3242,3241,3519,2137,1,0.0013199043
Cold,521956,3222,3221,3519,2137,1,0.0038376227
Cold,518852,3201,3200,3519,2137,0,0.00026894826
Cold,491654,3024,3023,3519,2137,0,5.658361e-05
Cold,486702,2995,2994,3519,2137,1,-0.002192588
Cold,486371,2994,2993,3519,2137,1,-0.0011404136
Cold,600199,3650,3649,3519,2137,0,-0.0035542333
Cold,480242,2946,2945,3519,2137,0,0.009846081
Cold,479322,2941,2940,3519,2137,0,-0.0040076505
Cold,696564,4169,4168,3519,2137,0,-0.0043849535
Cold,473936,2909,2908,3519,2137,1,-0.0007254677
Cold,601686,3658,3657,3519,2137,0,-0.007696699
Cold,463488,2857,2856,3519,2137,1,-0.0146995615
Cold,453921,2793,2792,3519,2137,1,0.0033287695
Cold,448068,2761,2760,3519,2137,0,-0.004858611
Cold,439652,2685,2684,3519,2137,0,0.0019068578
Cold,434674,2651,2650,3519,2137,0,0.0075684087
Cold,452557,2786,2785,3519,2137,1,-0.002017761
Cold,433730,2643,2642,3519,2137,0,-0.0051923348
Cold,430765,2625,2624,3519,2137,1,-0.005169033
Cold,430559,2624,2623,3519,2137,1,-0.0028032577
Cold,645404,3885,3884,3519,2137,1,-0.004937666
Cold,423823,2567,2566,3519,2137,1,-0.0036473465
Cold,427029,2592,2591,3519,2137,0,0.004824128
Cold,425757,2583,2582,3519,2137,1,-0.010730395
Cold,412948,2484,2483,3519,2137,0,0.0011543832
Cold,407026,2445,2444,3519,2137,1,0.006395001
Cold,405255,2426,2425,3519,2137,0,-0.005293443
Cold,403864,2412,2411,3519,2137,0,-0.0012423657
Cold,401828,2397,2396,3519,2137,0,0.009397225
Cold,395953,2340,2339,3519,2137,1,-0.0035416281
Cold,392409,2304,2303,3519,2137,1,0.0025427518
Cold,389057,2279,2278,3519,2137,0,-0.0030590824
Cold,388194,2271,2270,3519,2137,0,-0.0014291988
Cold,387595,2265,2264,3519,2137,0,-0.0029313085
Cold,378788,2211,2210,3519,2137,0,0.004333199
Cold,376923,2201,2200,3519,2137,1,-0.0002098449
Cold,363270,2116,2115,3519,2137,0,-0.00025688764
Cold,350150,2055,2054,3519,2137,0,0.005284273
Cold,436609,2665,2664,3519,2137,1,-0.00083096046
Cold,357615,2092,2091,3519,2137,0,-0.0030642813
Cold,305058,1812,1811,3519,2137,1,0.0004147163
Cold,289440,1727,1726,3519,2137,0,0.0060145194
Cold,292463,1741,1740,3519,2137,0,-0.008649003
Cold,288985,1726,1725,3519,2137,0,0.0010001729
Cold,275667,1667,1666,3519,2137,0,-0.0018452238
Cold,273861,1651,1650,3519,2137,1,-0.000741577
Cold,293888,1748,1747,3519,2137,0,0.0038088085
Cold,271649,1642,1641,3519,2137,1,0.0020345626
Cold,269177,1632,1631,3519,2137,0,-0.0043354775
Cold,345515,2026,2025,3519,2137,0,0.011792212
Cold,242480,1464,1463,3519,2137,0,-0.005462191
Cold,244737,1473,1472,3519,2137,0,0.008123672
Cold,283268,1696,1695,3519,2137,1,-0.0030423105
Cold,235643,1426,1425,3519,2137,0,0.008990165
Cold,242933,1465,1464,3519,2137,1,-0.0010324729
Cold,224748,1358,1357,3519,2137,1,-0.0076371715
Cold,219979,1333,1332,3519,2137,0,0.0042192545
Cold,216078,1311,1310,3519,2137,1,0.00013413047
Cold,197948,1216,1215,3519,2137,1,0.0023016147
Cold,267285,1624,1623,3519,2137,0,-0.009546934
Cold,307605,1835,1834,3519,2137,0,-0.0052477475
Cold,179214,1124,1123,3519,2137,1,-0.0005980105
Cold,177651,1119,1118,3519,2137,0,-0.0064500477
Cold,328479,1941,1940,3519,2137,0,-0.0052285637
Cold,165302,1053,1052,3519,2137,0,-0.00030610175
Cold,163308,1044,1043,3519,2137,1,0.0028580022
Cold,161754,1031,1030,3519,2137,1,-0.002298229
Cold,160277,1019,1018,3519,2137,0,-0.0017910106
Cold,147052,948,947,3519,2137,1,0.0013956603
Cold,138618,889,888,3519,2137,0,0.002450598
Cold,315454,1880,1879,3519,2137,0,-0.0011828772
Cold,147494,949,948,3519,2137,1,-0.0005688197
Cold,125014,802,801,3519,2137,1,-0.0032213614
Cold,123514,796,795,3519,2137,0,-0.005966519
Cold,109028,713,712,3519,2137,1,-0.008542713
Cold,106871,702,701,3519,2137,0,-0.0120192785
Cold,95018,637,636,3519,2137,1,-0.004641492
Cold,316955,1884,1883,3519,2137,1,0.008496564
Cold,96217,646,645,3519,2137,0,-0.0028335354
Cold,81066,539,538,3519,2137,1,-0.0032339552
Cold,234271,1422,1421,3519,2137,0,-0.0017238327
Cold,78135,526,525,3519,2137,1,0.005689786
Cold,71152,477,476,3519,2137,1,0.0012208088
Cold,68824,461,460,3519,2137,0,-0.008156165
Cold,64853,435,434,3519,2137,1,-0.0049537625
Cold,52824,348,347,3519,2137,0,0.0030856717
Cold,52329,344,343,3519,2137,0,-0.0074602533
Cold,93370,624,623,3519,2137,1,-0.006947721
Cold,41322,279,278,3519,2137,0,-0.0064063375
Cold,38295,261,260,3519,2137,0,-0.006005312
Cold,98993,660,659,3519,2137,0,0.0032252797
Cold,34126,230,229,3519,2137,1,0.0019905411
Cold,19428,148,147,3519,2137,0,-0.004929644
Cold,162045,1033,1032,3519,2137,0,-0.0074214875
Cold,16435,130,129,3519,2137,1,0.0029397581
Cold,5738,42,41,3519,2137,1,0.006684036
Cold,5597,40,39,3519,2137,0,-0.006839196
Cold,380895,2225,2224,3519,2137,0,-0.0023771606
Cold,626969,3792,3791,3519,2137,1,0.007424729
Cold,552532,3401,3400,3519,2137,0,-0.003946527
Cold,989143,5972,5971,3519,2137,1,0.0023511993
Cold,95532,639,638,3519,2137,1,0.004849745
Cold,241364,1451,1450,3519,2137,1,0.0015152404
Cold,633472,3824,3823,3519,2137,0,-0.0029780776
Cold,760685,4520,4519,3519,2137,1,-0.00058958074
Cold,255955,1560,1559,3519,2137,1,-0.0016602385
Cold,571174,3503,3502,3519,2137,0,-0.0003789838
Cold,588063,3589,3588,3519,2137,0,-0.008468621
Cold,421142,2544,2543,3519,2137,0,0.00089367875
Cold,21573,157,156,3519,2137,1,0.007782786
Cold,775800,4632,4631,3521,2138,0,0.0026799133
Cold,781601,4666,4665,3521,2138,1,0.0045367223
Cold,756275,4506,4505,3521,2138,1,0.00046835002
Cold,757266,4508,4507,3521,2138,1,0.012140676
Cold,745980,4451,4450,3521,2138,1,-0.0020808242
Cold,747160,4458,4457,3521,2138,1,-0.008846992
Cold,741222,4426,4425,3521,2138,0,0.0053551807
Cold,743977,4447,4446,3521,2138,1,-0.0043159146
Cold,717391,4298,4297,3521,2138,1,0.0008946452
Cold,709424,4254,4253,3521,2138,0,-0.004343873
Cold,691045,4137,4136,3521,2138,1,-4.022848e-06
Cold,678741,4064,4063,3521,2138,0,-0.008474436
Cold,644801,3884,3883,3521,2138,0,-0.00042163813
Cold,639258,3842,3841,3521,2138,1,0.0012749289
Cold,633484,3824,3823,3521,2138,1,0.00011622114
Cold,626092,3789,3788,3521,2138,1,0.0038575178
Cold,613963,3718,3717,3521,2138,1,0.008174796
Cold,725463,4344,4343,3521,2138,1,-0.0016818438
Cold,603665,3673,3672,3521,2138,0,-0.0019859162
Cold,595561,3622,3621,3521,2138,1,-0.0015944471
Cold,575880,3520,3519,3521,2138,1,0.0026115174
Cold,579604,3539,3538,3521,2138,1,-0.0019053547
Cold,580609,3546,3545,3521,2138,0,-0.0025790278
Cold,713265,4277,4276,3521,2138,1,-0.0032158722
Cold,570424,3499,3498,3521,2138,1,-0.0030094655
Cold,554120,3410,3409,3521,2138,1,0.002910601
Cold,645416,3885,3884,3521,2138,1,0.0045066965
Cold,534767,3300,3299,3521,2138,0,0.0016136863
Cold,916729,5539,5538,3521,2138,1,0.0022051446
Cold,513950,3171,3170,3521,2138,1,-5.9281476e-05
Cold,501411,3080,3079,3521,2138,1,-0.001295527
Cold,496929,3053,3052,3521,2138,1,-0.0018582242
Cold,484166,2978,2977,3521,2138,1,-0.003059314
Cold,482829,2967,2966,3521,2138,0,0.0067820037
Cold,480868,2952,2951,3521,2138,1,-0.01086493
Cold,475188,2916,2915,3521,2138,1,-0.0030654587
Cold,474784,2913,2912,3521,2138,1,0.0023309316
Cold,475609,2918,2917,3521,2138,1,-0.00793998
Cold,458151,2820,2819,3521,2138,0,-0.0026383558
Cold,456876,2813,2812,3521,2138,1,0.0038718614
Cold,451535,2779,2778,3521,2138,1,-0.00019560102
Cold,458500,2822,2821,3521,2138,1,0.0003718352
Cold,446496,2752,2751,3521,2138,1,0.0022366787
Cold,437772,2674,2673,3521,2138,1,0.01140248
Cold,439458,2684,2683,3521,2138,1,0.0044587096
Cold,431447,2628,2627,3521,2138,0,7.252395e-05
Cold,431148,2627,2626,3521,2138,1,-0.0016383063
Cold,832985,5008,5007,3521,2138,1,0.0023676949
Cold,409278,2456,2455,3521,2138,1,-0.0074868775
Cold,393260,2310,2309,3521,2138,1,-0.019209163
Cold,391273,2301,2300,3521,2138,1,0.0027733685
Cold,419375,2534,2533,3521,2138,0,0.0076092957
Cold,364908,2124,2123,3521,2138,1,0.011400166
Cold,357627,2092,2091,3521,2138,1,-0.0025873445
Cold,340212,2008,2007,3521,2138,1,0.007999858
Cold,329502,1943,1942,3521,2138,1,-0.009428914
Cold,286002,1706,1705,3521,2138,1,0.008305018
Cold,274492,1658,1657,3521,2138,1,-0.0048400257
Cold,280939,1685,1684,3521,2138,1,-0.0011629972
Cold,292477,1741,1740,3521,2138,1,0.0061757327
Cold,284906,1699,1698,3521,2138,1,0.013398975
Cold,276377,1671,1670,3521,2138,1,-0.008901778
Cold,279695,1680,1679,3521,2138,1,-0.004073958
Cold,246432,1489,1488,3521,2138,0,-0.015521909
Cold,338275,1988,1987,3521,2138,1,0.003148103
Cold,237442,1446,1445,3521,2138,1,0.0090962965
Cold,230838,1396,1395,3521,2138,1,0.0035822135
Cold,208378,1273,1272,3521,2138,1,0.009104086
Cold,308142,1836,1835,3521,2138,1,-0.0029141032
Cold,294426,1749,1748,3521,2138,0,-0.00010470784
Cold,308827,1837,1836,3521,2138,0,-0.0011264673
Cold,197419,1211,1210,3521,2138,1,0.0027242838
Cold,296558,1758,1757,3521,2138,1,-0.010464233
Cold,209541,1279,1278,3521,2138,1,0.0058362694
Cold,185600,1150,1149,3521,2138,1,-0.00057483185
Cold,307618,1835,1834,3521,2138,1,-0.002055237
Cold,207366,1267,1266,3521,2138,1,0.0065013263
Cold,160291,1019,1018,3521,2138,1,0.0013039368
Cold,158499,1015,1014,3521,2138,1,-0.0012989026
Cold,154428,996,995,3521,2138,1,0.0044060973
Cold,213032,1297,1296,3521,2138,1,-0.0078146625
Cold,149035,958,957,3521,2138,1,-0.0035719424
Cold,260885,1594,1593,3521,2138,0,0.00919717
Cold,138642,889,888,3521,2138,0,0.007698869
Cold,131288,850,849,3521,2138,1,0.000723606
Cold,374872,2185,2184,3521,2138,1,0.017730279
Cold,252203,1527,1526,3521,2138,0,-0.0038752407
Cold,123034,794,793,3521,2138,0,-0.0015044543
Cold,211205,1285,1284,3521,2138,1,-0.010668908
Cold,524453,3233,3232,3521,2138,1,-0.000667708
Cold,130582,846,845,3521,2138,1,0.006286091
Cold,240367,1449,1448,3521,2138,1,-0.0016103811
Cold,105450,697,696,3521,2138,0,-0.009325324
Cold,200123,1228,1227,3521,2138,1,0.0026818349
Cold,100277,669,668,3521,2138,1,-0.00021416554
Cold,201715,1242,1241,3521,2138,1,0.0039757206
Cold,295009,1752,1751,3521,2138,1,-0.0022534067
Cold,284397,1698,1697,3521,2138,1,0.0052207103
Cold,69531,466,465,3521,2138,1,0.0019077389
Cold,67846,454,453,3521,2138,1,-0.0035643405
Cold,61811,415,414,3521,2138,1,-0.00826711
Cold,57188,386,385,3521,2138,0,-0.0067547644
Cold,132604,855,854,3521,2138,1,0.011906811
Cold,34733,235,234,3521,2138,1,0.010044062
Cold,33509,225,224,3521,2138,1,-0.0009354041
Cold,24915,175,174,3521,2138,1,0.0065259207
Cold,22009,161,160,3521,2138,1,0.004891252
Cold,13617,108,107,3521,2138,1,-0.0037001136
Cold,73511,498,497,3521,2138,0,-0.0031567058
Cold,2905,23,22,3521,2138,0,0.0016242829
Cold,76416,518,517,3521,2138,1,0.0006039096
Cold,421150,2544,2543,3521,2138,0,0.007127609
Cold,114284,743,742,3521,2138,1,-0.00628906
Cold,245571,1483,1482,3521,2138,1,0.007917449
Cold,287823,1717,1716,3521,2138,1,-0.003534086
Cold,466986,2878,2877,3521,2138,0,-0.0070094187
Cold,954244,5761,5760,3521,2138,0,-0.009363062
Cold,467402,2880,2879,3521,2138,0,0.0066124275
Cold,868228,5242,5241,3521,2138,1,-0.0039907517
Cold,249925,1505,1504,3521,2138,1,-0.008170142
Cold,375683,2188,2187,3521,2138,1,0.0010287913
Cold,93374,624,623,3521,2138,1,0.0060446933
Cold,290435,1733,1732,3521,2138,1,-0.0021404913
Cold,772727,4607,4606,3521,2138,0,-0.001656638
Cold,328497,1941,1940,3521,2138,0,-1.3929559e-05
Cold,902850,5458,5457,3521,2138,1,-0.001822338
Cold,958876,5787,5786,3521,2138,1,0.00013654027
Cold,63222,424,423,3521,2138,1,-0.00021147635
Cold,724654,4342,4341,3529,2144,1,-0.006791725
Cold,725470,4344,4343,3529,2144,0,0.0001672724
Cold,722755,4328,4327,3529,2144,1,-0.0027781834
Cold,719114,4306,4305,3529,2144,0,0.0007072019
Cold,705277,4227,4226,3529,2144,1,0.00015828502
Cold,700539,4193,4192,3529,2144,0,-0.00046881614
Cold,695409,4167,4166,3529,2144,0,-0.0020799995
Cold,694017,4156,4155,3529,2144,0,0.0067367353
Cold,681683,4083,4082,3529,2144,1,0.00439255
Cold,713275,4277,4276,3529,2144,1,-0.004124985
Cold,678750,4064,4063,3529,2144,0,-0.002949092
Cold,669161,4022,4021,3529,2144,0,0.0057772677
Cold,667622,4016,4015,3529,2144,0,-7.656647e-05
Cold,660096,3978,3977,3529,2144,1,0.00091991713
Cold,654964,3945,3944,3529,2144,0,-1.5994534e-05
Cold,651574,3929,3928,3529,2144,0,0.002539347
Cold,649498,3914,3913,3529,2144,0,-0.002959779
Cold,643775,3878,3877,3529,2144,1,0.0030458637
Cold,702459,4213,4212,3529,2144,1,0.0011856793
Cold,632585,3823,3822,3529,2144,0,0.004184976
Cold,629748,3808,3807,3529,2144,0,-0.008089848
Cold,638455,3841,3840,3529,2144,0,0.004856288
Cold,619598,3754,3753,3529,2144,1,-0.003944913
Cold,840079,5047,5046,3529,2144,0,-0.002161891
Cold,611293,3705,3704,3529,2144,1,0.00520124
Cold,598348,3641,3640,3529,2144,1,0.0036354735
Cold,594174,3618,3617,3529,2144,0,-0.0035051552
Cold,596788,3626,3625,3529,2144,1,0.004842579
Cold,758741,4510,4509,3529,2144,0,0.010688108
Cold,580994,3547,3546,3529,2144,0,0.0031278771
Cold,557838,3425,3424,3529,2144,1,0.0031403922
Cold,546930,3371,3370,3529,2144,0,0.00096136285
Cold,542380,3336,3335,3529,2144,0,-0.004429143
Cold,533527,3292,3291,3529,2144,1,0.00076537544
Cold,522824,3224,3223,3529,2144,1,-0.0054679485
Cold,688170,4116,4115,3529,2144,1,0.00833473
Cold,566414,3476,3475,3529,2144,1,-0.0010722987
Cold,509893,3140,3139,3529,2144,0,-0.010134878
Cold,508759,3129,3128,3529,2144,1,-0.00029052678
Cold,505265,3108,3107,3529,2144,1,-0.005248913
Cold,494389,3032,3031,3529,2144,1,0.0038943312
Cold,482833,2967,2966,3529,2144,0,0.0061400887
Cold,480257,2946,2945,3529,2144,0,0.0077064717
Cold,696592,4169,4168,3529,2144,0,-0.0049466216
Cold,852682,5113,5112,3529,2144,0,-0.003367322
Cold,473963,2909,2908,3529,2144,1,-0.0019134115
Cold,453937,2793,2792,3529,2144,1,0.006043715
Cold,446505,2752,2751,3529,2144,1,-0.0045312485
Cold,440485,2693,2692,3529,2144,1,0.0033502283
Cold,428846,2609,2608,3529,2144,1,0.0006306224
Cold,420283,2540,2539,3529,2144,1,-0.0074508144
Cold,427044,2592,2591,3529,2144,0,0.0036466205
Cold,425402,2581,2580,3529,2144,1,0.0020490205
Cold,415094,2498,2497,3529,2144,0,0.003450464
Cold,414718,2496,2495,3529,2144,0,-0.0013542651
Cold,402457,2402,2401,3529,2144,1,0.005454542
Cold,395964,2340,2339,3529,2144,1,-0.001858971
Cold,381733,2231,2230,3529,2144,0,-0.00334496
Cold,364914,2124,2123,3529,2144,0,-0.0041384706
Cold,352729,2064,2063,3529,2144,0,-0.008166312
Cold,219990,1333,1332,3529,2144,1,0.0051546753
Cold,211215,1285,1284,3529,2144,1,0.010605008
Cold,220441,1335,1334,3529,2144,0,0.006102299
Cold,210277,1284,1283,3529,2144,1,0.004576857
Cold,279710,1680,1679,3529,2144,1,-0.00070419395
Cold,185611,1150,1149,3529,2144,0,0.007894195
Cold,180409,1128,1127,3529,2144,0,-0.0009601142
Cold,191287,1181,1180,3529,2144,0,0.0031800563
Cold,275681,1667,1666,3529,2144,0,-0.0078560645
Cold,158509,1015,1014,3529,2144,0,0.0085261855
Cold,151698,975,974,3529,2144,1,0.0035083275
Cold,132049,854,853,3529,2144,0,-0.0030656154
Cold,131294,850,849,3529,2144,1,0.002352355
Cold,315473,1880,1879,3529,2144,1,-0.0040172534
Cold,97147,651,650,3529,2144,1,-0.005065553
Cold,316968,1884,1883,3529,2144,1,0.0031794559
Cold,425762,2583,2582,3529,2144,1,0.0057729026
Cold,89354,588,587,3529,2144,0,0.0071481857
Cold,85952,562,561,3529,2144,0,-0.0018814451
Cold,83401,549,548,3529,2144,0,0.0032071604
Cold,84416,550,549,3529,2144,0,0.0038171648
Cold,71592,481,480,3529,2144,0,0.0004635509
Cold,76768,520,519,3529,2144,1,-0.0029714622
Cold,240380,1449,1448,3529,2144,0,-0.0027214703
Cold,639266,3842,3841,3529,2144,1,-0.006891028
Cold,39782,270,269,3529,2144,1,-0.0061062393
Cold,99005,660,659,3529,2144,0,0.0062274784
Cold,481962,2962,2961,3529,2144,1,-0.0017119378
Cold,239193,1448,1447,3529,2144,0,-0.0010205908
Cold,15625,123,122,3529,2144,1,-0.0029237964
Cold,123525,796,795,3529,2144,0,0.0022098368
Cold,9303,62,61,3529,2144,0,0.003410602
Cold,801475,4802,4801,3529,2144,1,-0.004865915
Cold,908126,5493,5492,3529,2144,0,0.0021564534
Cold,217242,1317,1316,3529,2144,1,-0.00015143701
Cold,760211,4517,4516,3538,2148,0,0.00783412
Cold,660548,3982,3981,3538,2148,0,-0.0015516307
Cold,390756,2293,2292,3538,2148,1,-0.0012831034
Cold,389323,2281,2280,3538,2148,1,0.0044094417
Cold,389249,2280,2279,3538,2148,1,-0.003399922
Cold,460821,2841,2840,3538,2148,0,0.012428109
Cold,368091,2149,2148,3538,2148,0,0.014590003
Cold,364919,2124,2123,3538,2148,1,0.0058850124
Cold,357879,2093,2092,3538,2148,1,0.0048580393
Cold,329006,1942,1941,3538,2148,1,0.0029958258
Cold,326461,1933,1932,3538,2148,1,-0.006395486
Cold,319513,1897,1896,3538,2148,1,0.011686255
Cold,313253,1867,1866,3538,2148,0,0.0008820529
Cold,309958,1843,1842,3538,2148,0,0.008728954
Cold,302805,1798,1797,3538,2148,1,0.0036832457
Cold,276390,1671,1670,3538,2148,1,-0.00046588806
Cold,280952,1685,1684,3538,2148,1,0.00075221993
Cold,268602,1631,1630,3538,2148,1,0.0015207794
Cold,266837,1618,1617,3538,2148,1,0.0036876474
Cold,256678,1569,1568,3538,2148,1,-0.0021840287
Cold,313185,1866,1865,3538,2148,1,-3.4278957e-05
Cold,253097,1537,1536,3538,2148,0,0.012953578
Cold,246947,1491,1490,3538,2148,0,0.0037346182
Cold,294442,1749,1748,3538,2148,0,0.004193016
Cold,236864,1439,1438,3538,2148,0,-0.006902066
Cold,234554,1423,1422,3538,2148,1,-0.0042530834
Cold,232595,1413,1412,3538,2148,0,0.0012183705
Cold,225304,1362,1361,3538,2148,1,0.0037641427
Cold,224308,1356,1355,3538,2148,0,0.0109277945
Cold,222449,1345,1344,3538,2148,1,0.014083373
Cold,216620,1315,1314,3538,2148,1,-0.0050349124
Cold,296572,1758,1757,3538,2148,1,0.0074340273
Cold,211234,1285,1284,3538,2148,0,0.008014811
Cold,202142,1243,1242,3538,2148,1,0.0076109925
Cold,201735,1242,1241,3538,2148,0,-0.005421233
Cold,195679,1203,1202,3538,2148,1,0.0067673638
Cold,229970,1391,1390,3538,2148,1,0.009988228
Cold,189584,1174,1173,3538,2148,1,0.00968693
Cold,189478,1173,1172,3538,2148,0,0.0026580745
Cold,188310,1168,1167,3538,2148,0,-0.00094227865
Cold,207066,1266,1265,3538,2148,1,0.003841339
Cold,212531,1294,1293,3538,2148,1,0.010883557
Cold,183762,1144,1143,3538,2148,1,0.0009419315
Cold,174913,1108,1107,3538,2148,1,0.0051117097
Cold,166587,1059,1058,3538,2148,0,-0.0035891652
Cold,161882,1032,1031,3538,2148,0,0.007748557
Cold,155488,1001,1000,3538,2148,1,0.016866192
Cold,153717,987,986,3538,2148,1,0.0063439216
Cold,150111,966,965,3538,2148,1,0.011859832
Cold,147796,952,951,3538,2148,0,0.0056341463
Cold,146138,939,938,3538,2148,1,0.0021281282
Cold,142493,919,918,3538,2148,1,-0.0017828858
Cold,964171,5812,5811,3538,2148,0,0.009933485
Cold,138682,889,888,3538,2148,0,0.007425596
Cold,312041,1860,1859,3538,2148,0,0.0006116256
Cold,916737,5539,5538,3538,2148,1,0.001741253
Cold,133473,862,861,3538,2148,1,-0.00082310115
Cold,132842,856,855,3538,2148,0,0.0062153284
Cold,200132,1228,1227,3538,2148,0,0.0020910362
Cold,631759,3821,3820,3538,2148,0,0.0031383894
Cold,112648,731,730,3538,2148,1,0.0074430844
Cold,100968,673,672,3538,2148,1,0.0023991126
Cold,661013,3985,3984,3538,2148,0,-0.0021740252
Cold,93072,623,622,3538,2148,1,0.0013572329
Cold,574881,3518,3517,3538,2148,1,0.008138046
Cold,465213,2868,2867,3538,2148,1,0.0006193238
Cold,89633,590,589,3538,2148,1,-0.00091284
Cold,78182,527,526,3538,2148,1,-0.0074125463
Cold,75738,515,514,3538,2148,1,0.0023950816
Cold,69331,464,463,3538,2148,1,-0.00990711
Cold,949497,5737,5736,3538,2148,1,0.0035414915
Cold,61324,412,411,3538,2148,1,-0.006116513
Cold,60771,411,410,3538,2148,0,0.0046514045
Cold,58094,392,391,3538,2148,0,0.0048424276
Cold,503984,3097,3096,3538,2148,1,0.00015529897
Cold,198056,1217,1216,3538,2148,1,0.0063206996
Cold,45965,308,307,3538,2148,0,0.006052642
Cold,43380,298,297,3538,2148,1,7.189356e-05
Cold,61821,415,414,3538,2148,1,0.0029588714
Cold,332813,1962,1961,3538,2148,0,0.0063434253
Cold,182172,1137,1136,3538,2148,1,0.011912055
Cold,88920,587,586,3538,2148,0,-0.0020154403
Cold,30938,207,206,3538,2148,1,0.012236666
Cold,28598,197,196,3538,2148,1,0.0012426157
Cold,883090,5333,5332,3538,2148,0,0.010841887
Cold,45012,303,302,3538,2148,1,-0.0030694967
Cold,133669,864,863,3538,2148,1,-0.0076851295
Cold,397942,2362,2361,3538,2148,0,0.006981466
Cold,152523,981,980,3538,2148,1,0.019757379
Cold,314410,1877,1876,3538,2148,1,-0.0024065208
Cold,16122,127,126,3538,2148,0,-0.0018404219
Cold,15044,119,118,3538,2148,0,0.00045159063
Cold,17530,136,135,3538,2148,1,-0.0022645148
Cold,784185,4682,4681,3538,2148,1,0.002947557
Cold,657629,3963,3962,3538,2148,0,-4.059705e-05
Cold,28228,195,194,3538,2148,1,0.0017523656
Cold,75589,514,513,3538,2148,1,0.008737968
Cold,399214,2376,2375,3538,2148,1,0.00737295
Cold,353527,2071,2070,3538,2148,0,0.0052940464
Cold,846673,5087,5086,3538,2148,0,0.0017915212
Cold,722541,4327,4326,3538,2148,0,0.0005917802
Cold,447565,2757,2756,3538,2148,1,-0.00036827265
Cold,548603,3386,3385,3538,2148,1,-0.0010033086
Cold,258563,1584,1583,3538,2148,0,-0.00034839154
Cold,365865,2129,2128,3538,2148,0,-0.0010015662
Cold,475624,2918,2917,3538,2148,1,-0.0025196793
Cold,882201,5329,5328,3538,2148,1,0.0043396796
Cold,405368,2427,2426,3538,2148,1,-0.0015963089
Cold,29471,201,200,3538,2148,0,0.0047037136
Cold,495385,3041,3040,3538,2148,1,-0.0055314573
Cold,254903,1551,1550,3538,2148,0,0.007020454
Cold,965883,5825,5824,3538,2148,1,0.0014161678
Cold,739435,4418,4417,3538,2148,1,0.0033347993
Cold,912836,5520,5519,3538,2148,1,0.0030058594
Cold,179779,1125,1124,3538,2148,0,0.0055097938
Cold,223107,1352,1351,3538,2148,1,0.0035475248
Cold,392456,2304,2303,3544,2150,0,-0.0051057534
Cold,385387,2251,2250,3544,2150,1,0.01025258
Cold,356048,2085,2084,3544,2150,0,-0.008442331
Cold,361856,2109,2108,3544,2150,0,0.0008027116
Cold,341768,2012,2011,3544,2150,0,-0.00065982435
Cold,340884,2010,2009,3544,2150,0,-0.0017692494
Cold,281396,1687,1686,3544,2150,0,-0.00041474355
Cold,282750,1694,1693,3544,2150,0,0.0027908287
Cold,268102,1628,1627,3544,2150,1,0.0002414072
Cold,247869,1496,1495,3544,2150,0,0.0027260622
Cold,289470,1727,1726,3544,2150,1,-0.0023003155
Cold,308162,1836,1835,3544,2150,0,-0.0059778355
Cold,279771,1680,1679,3544,2150,0,0.0015086192
Cold,179228,1124,1123,3544,2150,0,-0.0011965055
Cold,173809,1100,1099,3544,2150,0,0.009386254
Cold,158551,1015,1014,3544,2150,0,-0.0009162179
Cold,135812,877,876,3544,2150,1,0.0019482165
Cold,352227,2063,2062,3544,2150,0,0.008046553
Cold,160332,1019,1018,3544,2150,0,-0.003987178
Cold,112659,731,730,3544,2150,1,-0.00013462338
Cold,108243,710,709,3544,2150,0,0.0009081806
Cold,96491,647,646,3544,2150,1,0.002216638
Cold,88927,587,586,3544,2150,1,0.002499512
Cold,406198,2436,2435,3544,2150,1,0.0051512076
Cold,80358,533,532,3544,2150,1,-0.0056694746
Cold,116517,752,751,3544,2150,1,-0.006740285
Cold,70260,474,473,3544,2150,0,0.00169753
Cold,41839,284,283,3544,2150,1,-0.0032299184
Cold,34381,232,231,3544,2150,0,-3.1006115e-05
Cold,337182,1983,1982,3544,2150,1,0.0035301037
Cold,633524,3824,3823,3544,2150,0,0.009598581
Cold,860155,5172,5171,3544,2150,0,-0.0014888898
Cold,828799,4979,4978,3544,2150,0,0.009290929
Cold,252636,1530,1529,3544,2150,0,0.003811019
Cold,45977,308,307,3544,2150,0,-0.007210819
Cold,67855,454,453,3544,2150,1,0.0018877161
Cold,310821,1851,1850,3544,2150,0,-0.007088729
Cold,80899,537,536,3547,2153,1,-0.005132538
Cold,63271,424,423,3547,2153,0,-0.018098548
Cold,33539,225,224,3547,2153,0,-0.010521263
Cold,796123,4771,4770,3547,2153,1,-0.008006465
Cold,421177,2544,2543,3547,2153,1,-0.014781495
Cold,284923,1699,1698,3547,2153,1,-0.015365069
Cold,158555,1015,1014,3547,2153,0,-0.016626641
Cold,526547,3258,3257,3547,2153,0,0.0037961844
Cold,901464,5450,5449,3547,2153,0,-0.015275409
Cold,309756,1842,1841,3547,2153,1,-0.017453035
Cold,50211,331,330,3547,2153,1,-0.011388478
Cold,841226,5054,5053,3547,2153,1,-0.009912554
Cold,103997,691,690,3547,2153,1,-0.012822076
Cold,319525,1897,1896,3547,2153,1,-0.014606947
Cold,241404,1451,1450,3547,2153,1,-0.0065763323
Cold,933568,5636,5635,3547,2153,0,-0.013764543
Cold,24408,173,172,3547,2153,1,-0.006498066
Cold,675583,4053,4052,3550,2156,1,-0.0010572479
Cold,672168,4040,4039,3550,2156,1,0.0015251413
Cold,676177,4054,4053,3550,2156,1,-0.0006073285
Cold,664799,4001,4000,3550,2156,0,0.0012253787
Cold,680361,4078,4077,3550,2156,1,0.00033037178
Cold,652784,3934,3933,3550,2156,0,-0.0031401198
Cold,647084,3894,3893,3550,2156,0,-0.0053399857
Cold,639300,3842,3841,3550,2156,1,-0.0051824218
Cold,635182,3829,3828,3550,2156,0,-0.00035542948
Cold,633542,3824,3823,3550,2156,0,-0.0059389668
Cold,628212,3804,3803,3550,2156,1,0.003813011
Cold,629811,3808,3807,3550,2156,1,-0.0031209793
Cold,627974,3801,3800,3550,2156,0,-0.005214301
Cold,638512,3841,3840,3550,2156,0,0.000453969
Cold,623523,3771,3770,3550,2156,0,-0.0006598653
Cold,615787,3727,3726,3550,2156,0,-0.006103705
Cold,606688,3683,3682,3550,2156,0,0.011079136
Cold,577789,3528,3527,3550,2156,0,-0.0060332026
Cold,581006,3547,3546,3550,2156,1,-0.010067325
Cold,576273,3521,3520,3550,2156,1,0.00055532483
Cold,574901,3518,3517,3550,2156,0,-0.012219919
Cold,579677,3539,3538,3550,2156,0,-0.0017716251
Cold,569436,3491,3490,3550,2156,0,0.0029025674
Cold,657193,3961,3960,3550,2156,1,-0.002526598
Cold,560231,3442,3441,3550,2156,0,0.003104416
Cold,645443,3885,3884,3550,2156,0,-0.010211311
Cold,544442,3356,3355,3550,2156,1,0.00074919476
Cold,543949,3352,3351,3550,2156,1,0.0035358933
Cold,543489,3346,3345,3550,2156,1,3.523566e-05
Cold,670779,4031,4030,3550,2156,0,0.0032796364
Cold,519833,3207,3206,3550,2156,0,-0.0023880946
Cold,518263,3198,3197,3550,2156,1,-0.004847175
Cold,522882,3224,3223,3550,2156,1,-0.0062928814
Cold,566443,3476,3475,3550,2156,0,0.0014359918
Cold,506863,3118,3117,3550,2156,1,0.00025681313
Cold,654318,3942,3941,3550,2156,1,-0.007435227
Cold,501865,3081,3080,3550,2156,1,-0.008063546
Cold,490925,3018,3017,3550,2156,0,0.002645276
Cold,696663,4169,4168,3550,2156,0,-0.0034289947
Cold,477267,2929,2928,3550,2156,0,-0.00817346
Cold,474801,2913,2912,3550,2156,0,0.0010797605
Cold,754748,4497,4496,3550,2156,1,0.012194294
Cold,463549,2857,2856,3550,2156,0,0.00014974922
Cold,458225,2820,2819,3550,2156,0,0.0021280604
Cold,453970,2793,2792,3550,2156,1,-0.011573851
Cold,790512,4728,4727,3550,2156,1,0.0011360594
Cold,437129,2668,2667,3550,2156,1,0.0027887775
Cold,415567,2503,2502,3550,2156,1,-0.00070184766
Cold,409764,2457,2456,3550,2156,0,0.00891172
Cold,409295,2456,2455,3550,2156,1,-0.0013908248
Cold,464315,2860,2859,3550,2156,0,-0.0034416858
Cold,402485,2402,2401,3550,2156,0,-0.0018604547
Cold,389080,2279,2278,3550,2156,0,-0.00046737026
Cold,377966,2205,2204,3550,2156,0,0.00010794168
Cold,370054,2164,2163,3550,2156,0,-0.0044548465
Cold,394281,2323,2322,3550,2156,0,-0.002786463
Cold,364940,2124,2123,3550,2156,0,-0.013200518
Cold,326341,1931,1930,3550,2156,1,-0.006729273
Cold,334006,1969,1968,3550,2156,1,-0.000879033
Cold,288325,1722,1721,3550,2156,1,-0.010299817
Cold,270493,1636,1635,3550,2156,1,-0.0056336657
Cold,280966,1685,1684,3550,2156,1,-0.00038783043
Cold,264232,1607,1606,3550,2156,1,-0.0032082377
Cold,225436,1364,1363,3550,2156,0,-0.0034676853
Cold,224540,1357,1356,3550,2156,0,-0.0021268856
Cold,325562,1926,1925,3550,2156,1,0.0018384387
Cold,240443,1449,1448,3550,2156,0,0.005244266
Cold,207576,1268,1267,3550,2156,1,-0.0027030916
Cold,294460,1749,1748,3550,2156,1,-0.008181978
Cold,215053,1303,1302,3550,2156,0,-0.0018990608
Cold,307659,1835,1834,3550,2156,1,-0.010406757
Cold,182883,1140,1139,3550,2156,0,-0.009591248
Cold,211824,1288,1287,3550,2156,1,-0.006857994
Cold,169383,1075,1074,3550,2156,0,0.0002459099
Cold,163315,1044,1043,3550,2156,0,-0.0066526523
Cold,159398,1017,1016,3550,2156,0,-0.00013960432
Cold,158579,1015,1014,3550,2156,1,0.0013454119
Cold,131321,850,849,3550,2156,1,0.00011984212
Cold,315514,1880,1879,3550,2156,0,-0.006996751
Cold,124579,801,800,3550,2156,1,-0.0036164988
Cold,105251,696,695,3550,2156,0,-0.0020717501
Cold,201757,1242,1241,3550,2156,1,-0.0028050924
Cold,211271,1285,1284,3550,2156,1,0.002694197
Cold,191363,1181,1180,3550,2156,0,0.006954278
Cold,81875,543,542,3550,2156,1,-0.005885373
Cold,83457,549,548,3550,2156,0,-0.002332706
Cold,63293,424,423,3550,2156,0,-0.00014007697
Cold,41219,278,277,3550,2156,0,-0.00032289
Cold,36567,245,244,3550,2156,0,-0.00047999388
Cold,7819,53,52,3550,2156,1,0.00021393725
Cold,18755,146,145,3550,2156,0,-0.0011133007
Cold,28274,195,194,3550,2156,1,0.00034172926
Cold,365873,2129,2128,3550,2156,0,-0.0083439825
Cold,713319,4277,4276,3550,2156,0,-0.0020237053
Cold,328593,1941,1940,3550,2156,0,0.004973038
Cold,290492,1733,1732,3550,2156,0,0.0057405066
Cold,229727,1390,1389,3550,2156,0,-0.005646144
Cold,271846,1643,1642,3550,2156,1,-0.0050230175
Cold,241417,1451,1450,3550,2156,1,-0.0049940967
Cold,821614,4940,4939,3550,2156,0,-0.0015063314
Cold,844037,5074,5073,3553,2159,0,-0.00086406444
Cold,33166,224,223,3553,2159,0,0.0011211759
Cold,12852,99,98,3553,2159,0,-0.0038342713
Cold,895717,5413,5412,3553,2159,0,-0.0040052608
Cold,431178,2627,2626,3553,2159,0,-0.0071618184
Cold,263619,1605,1604,3553,2159,0,-0.0024922623
Cold,682706,4085,4084,3553,2159,1,-0.006383336
Cold,564684,3471,3470,3553,2159,0,0.011454654
Cold,401178,2390,2389,3553,2159,0,0.00095146196
Cold,684202,4089,4088,3553,2159,0,0.0006531109
Cold,309763,1842,1841,3553,2159,0,-0.0014729253
Cold,907707,5492,5491,3553,2159,0,-0.00024018099
Cold,336288,1980,1979,3553,2159,0,-0.0062209833
Cold,164801,1051,1050,3553,2159,0,0.0036775218
Cold,883103,5333,5332,3553,2159,0,0.0018322852
Cold,158581,1015,1014,3553,2159,0,0.00025729556
Cold,206462,1265,1264,3553,2159,0,0.0008655756
Cold,313004,1865,1864,3553,2159,0,-0.0009913312
Cold,718664,4305,4304,3553,2159,1,0.0046489816
Cold,713322,4277,4276,3553,2159,1,-0.0043004584
Cold,413866,2489,2488,3553,2159,0,-0.0099717695
Cold,877459,5302,5301,3553,2159,0,-0.0029168092
Cold,120160,776,775,3554,2160,1,0.003102476
Cold,119826,773,772,3554,2160,1,-0.0021532048
Cold,116533,752,751,3554,2160,0,0.010326779
Cold,111360,724,723,3554,2160,1,0.00083457865
Cold,100983,673,672,3554,2160,0,-0.00046423543
Cold,129022,838,837,3554,2160,1,0.0031676309
Cold,335228,1978,1977,3554,2160,0,0.0064095277
Cold,583637,3562,3561,3554,2160,1,0.0013284739
Cold,89638,590,589,3554,2160,1,0.00854584
Cold,66777,447,446,3554,2160,1,-0.010161598
Cold,64356,429,428,3554,2160,1,0.009141321
Cold,51488,338,337,3554,2160,1,-0.006088778
Cold,48875,327,326,3554,2160,1,0.008597624
Cold,317900,1889,1888,3554,2160,0,0.0044435253
Cold,145480,935,934,3554,2160,0,-0.0042164074
Cold,117089,754,753,3554,2160,1,0.00795625
Cold,713323,4277,4276,3554,2160,1,0.004598029
Cold,500517,3074,3073,3554,2160,1,0.006923339
Cold,23351,167,166,3554,2160,1,0.007519769
Cold,12061,92,91,3554,2160,0,0.012908051
Cold,7289,51,50,3554,2160,0,0.0056466833
Cold,437271,2669,2668,3554,2160,1,0.011006791
Cold,4071,30,29,3554,2160,1,-0.006117969
Cold,172006,1088,1087,3554,2160,1,0.013560002
Cold,804361,4816,4815,3554,2160,1,0.0021787344
Cold,255612,1556,1555,3554,2160,0,-0.0019081701
Cold,24425,173,172,3554,2160,0,0.00042091962
Cold,883104,5333,5332,3554,2160,1,-0.0070185517
Cold,733568,4386,4385,3554,2160,1,0.0062322924
Cold,548607,3386,3385,3554,2160,1,-0.0025557885
Cold,228496,1383,1382,3554,2160,1,-0.00010891701
Cold,575538,3519,3518,3554,2160,1,0.008370393
Cold,574904,3518,3517,3554,2160,0,-0.0019833695
Cold,71435,480,479,3554,2160,0,0.0037268237
Cold,801500,4802,4801,3554,2160,0,0.0046006143
Cold,20073,149,148,3554,2160,1,-0.0028899377
Cold,127380,822,821,3554,2160,1,0.0007431486
Cold,405373,2427,2426,3554,2160,1,0.008319569
Cold,195704,1203,1202,3554,2160,1,-0.0007737777
Cold,59465,403,402,3554,2160,0,-0.0042435722
Cold,83463,549,548,3554,2160,0,0.0053075803
Cold,561685,3454,3453,3554,2160,0,0.0033266898
Cold,879953,5317,5316,3554,2160,1,-0.0035684025
Cold,13168,102,101,3554,2160,1,0.002438475
Cold,241420,1451,1450,3554,2160,1,0.0021206578
Cold,352252,2063,2062,3554,2160,1,0.0074681365
Cold,111737,727,726,3554,2160,1,0.010870152
Cold,203704,1252,1251,3554,2160,0,-0.00838704
Cold,474021,2909,2908,3554,2160,0,0.0030128013
Cold,965885,5825,5824,3554,2160,1,0.00053320173
Cold,60803,411,410,3554,2160,0,0.002455474
Cold,421191,2544,2543,3554,2160,0,-0.0027359603
Cold,926159,5598,5597,3554,2160,1,0.0039990665
Cold,527107,3260,3259,3554,2160,0,0.0060815504
Cold,215683,1306,1305,3554,2160,1,0.0046561006
Cold,178736,1121,1120,3554,2160,1,0.009561007
Cold,491235,3020,3019,3554,2160,1,-0.003321581
Cold,33980,229,228,3554,2160,1,-0.003672741
Cold,739442,4418,4417,3554,2160,1,-0.00055082724
Cold,517100,3191,3190,3557,2163,0,0.008227342
Cold,521547,3217,3216,3557,2163,0,0.011842625
Cold,498441,3060,3059,3557,2163,1,-0.0042836545
Cold,489315,3012,3011,3557,2163,0,0.004271769
Cold,480276,2946,2945,3557,2163,0,0.0010000607
Cold,879956,5317,5316,3557,2163,0,0.01504
Cold,463553,2857,2856,3557,2163,0,0.008808591
Cold,458230,2820,2819,3557,2163,0,0.0062810243
Cold,444827,2743,2742,3557,2163,0,0.0005093883
Cold,467038,2878,2877,3557,2163,0,-0.00056933705
Cold,431718,2629,2628,3557,2163,0,0.0027154658
Cold,416873,2507,2506,3557,2163,0,0.007495266
Cold,408389,2453,2452,3557,2163,0,0.00015123002
Cold,373228,2179,2178,3557,2163,0,0.0005835758
Cold,358629,2098,2097,3557,2163,0,0.00446667
Cold,352255,2063,2062,3557,2163,0,0.0039577875
Cold,371813,2172,2171,3557,2163,0,0.0052850256
Cold,296176,1757,1756,3557,2163,0,0.009070774
Cold,565752,3475,3474,3557,2163,1,0.008537006
Cold,279821,1680,1679,3557,2163,1,0.002472762
Cold,328608,1941,1940,3557,2163,0,0.0018239655
Cold,185708,1150,1149,3557,2163,0,0.0025830464
Cold,184112,1146,1145,3557,2163,0,-0.0036024037
Cold,221583,1340,1339,3557,2163,0,-0.0013292553
Cold,145483,935,934,3557,2163,0,0.0018801237
Cold,361064,2106,2105,3557,2163,0,0.00073406275
Cold,223745,1354,1353,3557,2163,0,0.014736256
Cold,111361,724,723,3557,2163,0,0.008516108
Cold,103507,687,686,3557,2163,1,0.004082943
Cold,99044,660,659,3557,2163,0,0.005064314
Cold,240456,1449,1448,3557,2163,0,-0.0018014868
Cold,111020,721,720,3557,2163,0,0.00947924
Cold,631785,3821,3820,3557,2163,0,0.0056976196
Cold,696671,4169,4168,3557,2163,1,0.007399114
Cold,83469,549,548,3557,2163,1,0.007065531
Cold,191372,1181,1180,3557,2163,0,0.0049348418
Cold,77823,524,523,3557,2163,0,0.014785362
Cold,239256,1448,1447,3557,2163,1,-0.0014546894
Cold,15669,123,122,3557,2163,0,0.007138792
Cold,276428,1671,1670,3557,2163,0,0.009161537
Cold,9351,62,61,3557,2163,0,0.0051539456
Cold,7824,53,52,3557,2163,1,0.0054062093
Cold,108259,710,709,3557,2163,1,0.010187934
Cold,104520,692,691,3557,2163,0,0.0077214832
Cold,50230,331,330,3557,2163,0,0.0012167648
Cold,355135,2077,2076,3557,2163,0,0.001715461
Cold,150762,970,969,3557,2163,0,0.0043537105
Cold,79679,531,530,3557,2163,0,0.0071148556
Cold,476462,2926,2925,3557,2163,0,0.0066758334
Cold,178739,1121,1120,3557,2163,1,-0.009151157
Cold,475635,2918,2917,3557,2163,0,-0.00018122979
Cold,532359,3285,3284,3557,2163,0,0.00713553
Cold,608709,3691,3690,3557,2163,1,0.0028234315
Cold,179801,1125,1124,3557,2163,0,0.004057049
Cold,325041,1925,1924,3557,2163,1,0.014108283
Cold,941505,5682,5681,3557,2163,0,0.010318762
Cold,298476,1769,1768,3564,2164,0,-0.0045367954
Cold,286015,1706,1705,3564,2164,0,0.0019199275
Cold,278284,1678,1677,3564,2164,0,0.000310994
Cold,271559,1641,1640,3564,2164,0,-0.020217335
Cold,264429,1608,1607,3564,2164,0,-0.0066268276
Cold,256990,1573,1572,3564,2164,0,-0.005593827
Cold,251947,1524,1523,3564,2164,0,-0.006519986
Cold,236491,1434,1433,3564,2164,0,-0.0052900105
Cold,225630,1366,1365,3564,2164,0,-0.007891552
Cold,224897,1359,1358,3564,2164,0,0.002049604
Cold,220216,1334,1333,3564,2164,0,0.0024953429
Cold,200687,1232,1231,3564,2164,0,0.0053149355
Cold,279863,1680,1679,3564,2164,0,-0.012867055
Cold,186509,1153,1152,3564,2164,0,-0.003310259
Cold,326573,1935,1934,3564,2164,0,-0.006347794
Cold,180030,1127,1126,3564,2164,0,0.00026209163
Cold,179812,1125,1124,3564,2164,0,-0.007180625
Cold,167451,1066,1065,3564,2164,0,0.0010885829
Cold,270501,1636,1635,3564,2164,0,-0.0031838808
Cold,162606,1037,1036,3564,2164,0,-0.00045310613
Cold,246464,1489,1488,3564,2164,0,-0.011084769
Cold,151735,975,974,3564,2164,0,-0.0052653127
Cold,148853,957,956,3564,2164,0,-0.004465801
Cold,146492,944,943,3564,2164,0,-0.0022545618
Cold,134561,869,868,3564,2164,0,-0.009046378
Cold,128792,836,835,3564,2164,0,-0.003188483
Cold,182204,1137,1136,3564,2164,0,-0.007969537
Cold,126068,812,811,3564,2164,0,-0.0022588698
Cold,114561,744,743,3564,2164,0,-0.0003762059
Cold,100992,673,672,3564,2164,0,-0.006771674
Cold,95053,637,636,3564,2164,0,-0.01627986
Cold,93869,629,628,3564,2164,0,-0.0025743004
Cold,116916,753,752,3564,2164,0,-0.012743611
Cold,88167,581,580,3564,2164,0,-0.0024428116
Cold,73177,494,493,3564,2164,0,-0.003882769
Cold,58878,399,398,3564,2164,0,-6.1259605e-05
Cold,55671,368,367,3564,2164,0,-0.0019270917
Cold,49832,330,329,3564,2164,0,-0.0026663584
Cold,41871,284,283,3564,2164,0,-0.003780632
Cold,647848,3900,3899,3564,2164,0,-0.012178153
Cold,32204,216,215,3564,2164,0,-0.0057561323
Cold,30592,204,203,3564,2164,0,-0.004609559
Cold,25659,181,180,3564,2164,0,-0.005360516
Cold,9002,61,60,3564,2164,0,0.00071576156
Cold,142235,918,917,3564,2164,0,0.0010284481
Cold,483299,2969,2968,3564,2164,0,-0.0074989065
Cold,249000,1501,1500,3564,2164,0,-0.0061982498
Cold,102592,678,677,3564,2164,0,-0.010701986
Cold,577493,3526,3525,3564,2164,0,-0.0139996065
Cold,83496,549,548,3564,2164,0,-0.005516983
Cold,35105,237,236,3564,2164,0,-0.014818734
Cold,111035,721,720,3564,2164,1,-0.007264264
Cold,352285,2063,2062,3564,2164,0,-0.009266764
Cold,907714,5492,5491,3564,2164,1,-0.0037628678
Cold,415860,2504,2503,3564,2164,0,-0.013524861
Cold,255979,1560,1559,3564,2164,0,-0.0056090513
Cold,427378,2594,2593,3564,2164,0,0.0009649731
Cold,164822,1051,1050,3564,2164,0,-0.011251165
Cold,60840,411,410,3564,2164,0,-0.0066026
Cold,699767,4186,4185,3564,2164,0,-0.005234292
Cold,328650,1941,1940,3564,2164,0,-0.004659559
Cold,992466,5996,5995,3564,2164,0,-0.0038656895
Cold,488178,3002,3001,3564,2164,0,-0.0051477375
Cold,865960,5222,5221,3564,2164,0,-0.006499438
Cold,460841,2841,2840,3564,2164,0,-0.004737946
Cold,718673,4305,4304,3564,2164,0,-0.013257964
Cold,470775,2898,2897,3564,2164,0,-0.0033919201
Cold,550543,3391,3390,3564,2164,0,-0.011644781
Cold,289801,1731,1730,3571,2167,1,-0.004014627
Cold,278291,1678,1677,3571,2167,0,-0.0013066567
Cold,267674,1626,1625,3571,2167,0,0.005483807
Cold,325599,1926,1925,3571,2167,1,0.016167056
Cold,284506,1698,1697,3571,2167,0,-0.00059605006
Cold,212637,1295,1294,3571,2167,0,0.006551337
Cold,294499,1749,1748,3571,2167,0,-0.0011564397
Cold,195743,1203,1202,3571,2167,0,0.011808243
Cold,201236,1241,1240,3571,2167,1,-0.0038781636
Cold,308916,1837,1836,3571,2167,1,0.004617336
Cold,204748,1260,1259,3571,2167,0,-0.0045941244
Cold,188330,1168,1167,3571,2167,0,0.015830163
Cold,155507,1001,1000,3571,2167,1,-0.002698238
Cold,139651,893,892,3571,2167,1,0.005398916
Cold,127397,822,821,3571,2167,0,0.0035788524
Cold,105273,696,695,3571,2167,0,0.0011477671
Cold,101001,673,672,3571,2167,1,-0.0083922995
Cold,305136,1812,1811,3571,2167,1,0.007366462
Cold,232607,1413,1412,3571,2167,1,0.005200239
Cold,241464,1451,1450,3571,2167,0,-0.001778638
Cold,132685,855,854,3571,2167,1,-0.0030209157
Cold,51017,336,335,3571,2167,0,0.004067285
Cold,100597,671,670,3571,2167,1,0.0013393266
Cold,33602,225,224,3571,2167,1,0.0006031885
Cold,314426,1877,1876,3571,2167,1,-0.007706604
Cold,133482,862,861,3571,2167,1,-0.0013759984
Cold,9900,68,67,3571,2167,1,0.0019551704
Cold,61377,412,411,3571,2167,1,0.0065071257
Cold,7874,53,52,3571,2167,1,0.015482868
Cold,290523,1733,1732,3571,2167,1,0.0029707537
Cold,24464,173,172,3571,2167,0,0.0011182784
Cold,764159,4543,4542,3571,2167,1,0.0048647625
Cold,48011,321,320,3571,2167,0,-0.0016545452
Cold,447580,2757,2756,3571,2167,1,0.0042182156
Cold,212165,1291,1290,3571,2167,0,-0.0023781457
Cold,893093,5394,5393,3571,2167,1,0.0073255273
Cold,753365,4489,4488,3571,2167,1,0.0071593146
Cold,844064,5074,5073,3571,2167,1,0.0075132586
Cold,289708,1729,1728,3571,2167,0,0.009336443
Cold,460852,2841,2840,3571,2167,1,-0.003593224
Cold,823373,4950,4949,3571,2167,0,0.013572304
Cold,966996,5831,5830,3571,2167,1,0.0027427687
Cold,567716,3483,3482,3571,2167,0,0.0060609197
Cold,571233,3503,3502,3571,2167,1,0.00053894566
Cold,251956,1524,1523,3571,2167,1,-0.004451819
Cold,550572,3391,3390,3571,2167,0,0.000465104
Cold,684250,4089,4088,3571,2167,1,0.011080427
Cold,964219,5812,5811,3571,2167,0,0.0018625138
Cold,636509,3834,3833,3571,2167,1,0.0052627046
Cold,207129,1266,1265,3571,2167,0,0.00020309468
Cold,768855,4579,4578,3571,2167,0,0.008909029
Cold,25441,180,179,3571,2167,0,-0.0064465487
Cold,384542,2246,2245,3571,2167,0,0.007213447
Cold,164841,1051,1050,3571,2167,0,0.008224406
Cold,960338,5792,5791,3571,2167,0,-0.003158941
Cold,160406,1019,1018,3571,2167,0,0.0050822645
Cold,211341,1285,1284,3571,2167,0,0.0039904006
Cold,187811,1164,1163,3571,2167,0,-0.009737462
Cold,497407,3054,3053,3571,2167,1,0.00078269234
Cold,371132,2168,2167,3571,2167,0,0.006829382
Cold,108299,710,709,3571,2167,0,0.0029359553
Cold,313025,1865,1864,3571,2167,0,0.006412453
Cold,633608,3824,3823,3571,2167,0,0.004641043
Cold,235250,1425,1424,3571,2167,1,0.0023638294
Cold,575911,3520,3519,3571,2167,0,0.00078435405
Cold,375729,2188,2187,3571,2167,0,0.0046387897
Cold,825633,4958,4957,3571,2167,1,-0.005911299
Cold,196736,1207,1206,3572,2168,0,-0.010224102
Cold,328689,1941,1940,3572,2168,0,0.0023165892
Cold,168679,1069,1068,3572,2168,0,-0.0002885767
Cold,159425,1017,1016,3572,2168,0,-0.008445649
Cold,126737,817,816,3572,2168,1,-0.0020843605
Cold,125634,808,807,3572,2168,0,-0.00051740836
Cold,114113,741,740,3572,2168,0,-0.0067457138
Cold,107533,709,708,3572,2168,0,0.009777349
Cold,234357,1422,1421,3572,2168,0,-0.0016539457
Cold,86252,563,562,3572,2168,0,0.0023459415
Cold,84510,550,549,3572,2168,0,0.003565351
Cold,41232,278,277,3572,2168,1,-0.0034109023
Cold,38533,262,261,3572,2168,0,-0.0014906224
Cold,696732,4169,4168,3572,2168,0,-0.0025823277
Cold,312060,1860,1859,3572,2168,0,-0.0029165032
Cold,365896,2129,2128,3572,2168,0,-0.0028426046
Cold,290525,1733,1732,3572,2168,0,-0.00038908818
Cold,195750,1203,1202,3579,2171,0,-0.005029916
Cold,388397,2272,2271,3579,2171,1,-0.001739981
Cold,111062,721,720,3579,2171,1,-0.0051086713
Cold,352342,2063,2062,3579,2171,0,0.00013662223
Cold,291941,1739,1738,3579,2171,0,-0.008256556
Cold,313031,1865,1864,3579,2171,0,-0.006554882
Cold,583687,3562,3561,3579,2171,0,-0.0006883178
Cold,413316,2485,2484,3579,2171,0,0.004413223
Cold,635244,3829,3828,3584,2172,0,-0.00082953996
Cold,629911,3808,3807,3584,2172,0,0.009217238
Cold,638602,3841,3840,3584,2172,0,0.004197044
Cold,611402,3705,3704,3584,2172,0,0.0046542017
Cold,725578,4344,4343,3584,2172,0,0.0073741637
Cold,598406,3641,3640,3584,2172,1,-0.0009054248
Cold,633641,3824,3823,3584,2172,0,-0.0022609348
Cold,594351,3618,3617,3584,2172,0,0.001949823
Cold,592924,3614,3613,3584,2172,0,-0.0036254053
Cold,567734,3483,3482,3584,2172,1,0.01966831
Cold,547454,3377,3376,3584,2172,1,-0.0030357852
Cold,542465,3336,3335,3584,2172,0,0.0008108807
Cold,533658,3292,3291,3584,2172,0,-0.0035908706
Cold,531288,3280,3279,3584,2172,0,-0.008475071
Cold,525157,3242,3241,3584,2172,0,0.00050010625
Cold,522978,3224,3223,3584,2172,0,0.0017954935
Cold,494531,3032,3031,3584,2172,1,0.00025370414
Cold,489997,3014,3013,3584,2172,0,-0.0006255405
Cold,480311,2946,2945,3584,2172,0,0.0062508043
Cold,458293,2820,2819,3584,2172,0,0.004227232
Cold,438110,2677,2676,3584,2172,0,-0.0012932207
Cold,431476,2628,2627,3584,2172,1,0.006381258
Cold,431746,2629,2628,3584,2172,0,-0.0042465646
Cold,419000,2529,2528,3584,2172,0,0.012592811
Cold,414959,2497,2496,3584,2172,0,0.013201665
Cold,464372,2860,2859,3584,2172,0,-0.008523779
Cold,403036,2406,2405,3584,2172,1,-0.005305461
Cold,402524,2402,2401,3584,2172,0,0.009323723
Cold,381802,2231,2230,3584,2172,0,0.013905408
Cold,350594,2058,2057,3584,2172,0,0.00828933
Cold,269303,1632,1631,3584,2172,0,0.0063434993
Cold,262378,1600,1599,3584,2172,0,0.0038887954
Cold,244776,1473,1472,3584,2172,0,0.0036507691
Cold,227340,1377,1376,3584,2172,0,-0.00026536977
Cold,336382,1980,1979,3584,2172,0,0.009102438
Cold,211619,1286,1285,3584,2172,0,0.0031443532
Cold,213699,1298,1297,3584,2172,1,-0.0061768717
Cold,279967,1680,1679,3584,2172,1,0.0013450969
Cold,328745,1941,1940,3584,2172,0,0.006238819
Cold,191475,1181,1180,3584,2172,0,0.006195455
Cold,185795,1150,1149,3584,2172,0,0.0058460934
Cold,316410,1883,1882,3584,2172,0,0.0060896436
Cold,307735,1835,1834,3584,2172,0,0.0033729272
Cold,180039,1127,1126,3584,2172,0,0.0059763454
Cold,169859,1078,1077,3584,2172,1,-0.00437114
Cold,138847,889,888,3584,2172,0,0.0100962045
Cold,211379,1285,1284,3584,2172,0,0.001143428
Cold,114000,739,738,3584,2172,1,-0.0017623925
Cold,112945,732,731,3584,2172,1,0.0037440103
Cold,106936,702,701,3584,2172,0,0.0054527232
Cold,201806,1242,1241,3584,2172,0,0.0050298437
Cold,97215,651,650,3584,2172,1,0.008125529
Cold,150806,970,969,3584,2172,0,-0.004498628
Cold,83553,549,548,3584,2172,1,0.012028994
Cold,239347,1448,1447,3584,2172,1,0.0010492913
Cold,77904,524,523,3584,2172,0,0.013816029
Cold,76804,520,519,3584,2172,0,-0.0014388219
Cold,74084,504,503,3584,2172,0,0.0002968728
Cold,20887,151,150,3584,2172,0,0.0070504793
Cold,19569,148,147,3584,2172,0,0.013903615
Cold,4940,35,34,3584,2172,1,0.0024342625
Cold,3602,26,25,3584,2172,1,-0.0009020725
Cold,482043,2962,2961,3584,2172,0,0.0016203843
Cold,450087,2775,2774,3584,2172,1,0.0118612405
Cold,102657,678,677,3584,2172,0,0.011035016
Cold,408439,2453,2452,3584,2172,0,-0.002919784
Cold,136948,881,880,3584,2172,0,0.008813124
Cold,63400,424,423,3584,2172,0,0.001780487
Cold,874012,5277,5276,3584,2172,0,0.0039726864
Cold,377473,2203,2202,3590,2173,1,-0.007508481
Cold,281432,1687,1686,3590,2173,0,-0.00819879
Cold,300593,1780,1779,3590,2173,0,-0.0042470526
Cold,220073,1333,1332,3590,2173,0,0.004217106
Cold,289531,1727,1726,3590,2173,1,-0.004053343
Cold,280013,1680,1679,3590,2173,1,-0.009935754
Cold,213709,1298,1297,3590,2173,0,-0.005718571
Cold,197079,1209,1208,3590,2173,0,-0.005260921
Cold,179270,1124,1123,3590,2173,0,0.000741865
Cold,217360,1317,1316,3590,2173,0,-0.0046243463
Cold,115576,749,748,3590,2173,0,0.0053296317
Cold,240567,1449,1448,3590,2173,0,-0.018036133
Cold,97222,651,650,3590,2173,1,-0.0071166316
Cold,394324,2323,2322,3590,2173,0,-0.009267801
Cold,72372,482,481,3590,2173,0,-0.006791276
Cold,211407,1285,1284,3590,2173,0,-0.0074516204
Cold,36684,245,244,3590,2173,0,-0.016152145
Cold,32281,216,215,3590,2173,0,0.007075718
Cold,239371,1448,1447,3590,2173,1,-0.0061564394
Cold,3626,26,25,3590,2173,0,-0.0013048379
Cold,828860,4979,4978,3590,2173,0,-0.0010479679
Cold,111080,721,720,3590,2173,0,-0.007800759
Cold,328777,1941,1940,3590,2173,0,-0.0052294615
Cold,474142,2909,2908,3590,2173,0,0.0013090137
Cold,924012,5580,5579,3590,2173,0,-0.0027260988
Cold,353559,2071,2070,3594,2176,0,-0.009679427
Cold,349636,2051,2050,3594,2176,0,-0.004824979
Cold,348801,2046,2045,3594,2176,0,-0.006001674
Cold,340322,2009,2008,3594,2176,1,-0.0019034571
Cold,324703,1923,1922,3594,2176,0,0.00195357
Cold,329016,1942,1941,3594,2176,0,-0.00891714
Cold,324790,1924,1923,3594,2176,1,0.0056520337
Cold,318567,1893,1892,3594,2176,0,0.0067586815
Cold,330889,1953,1952,3594,2176,0,-0.00972425
Cold,306281,1824,1823,3594,2176,1,-0.0070911935
Cold,304420,1808,1807,3594,2176,1,0.00049135915
Cold,330593,1951,1950,3594,2176,1,-0.007235499
Cold,300990,1786,1785,3594,2176,0,0.0073273377
Cold,329762,1944,1943,3594,2176,1,0.0076819956
Cold,297927,1765,1764,3594,2176,1,-0.006203941
Cold,281080,1686,1685,3594,2176,1,-0.0029357714
Cold,281435,1687,1686,3594,2176,1,-0.01332567
Cold,280543,1683,1682,3594,2176,1,0.0013298204
Cold,302317,1794,1793,3594,2176,0,-0.01170119
Cold,267438,1625,1624,3594,2176,0,-0.0029802772
Cold,263726,1605,1604,3594,2176,1,-0.0061621917
Cold,262832,1603,1602,3594,2176,1,-0.004797573
Cold,256691,1569,1568,3594,2176,1,0.003448458
Cold,255651,1556,1555,3594,2176,0,-0.00711021
Cold,251505,1520,1519,3594,2176,1,-0.004938381
Cold,237333,1444,1443,3594,2176,1,0.0025620246
Cold,236510,1434,1433,3594,2176,0,0.004046475
Cold,224356,1356,1355,3594,2176,0,-0.011119852
Cold,222661,1347,1346,3594,2176,0,0.00032422738
Cold,200442,1230,1229,3594,2176,0,-0.016391098
Cold,217366,1317,1316,3594,2176,0,-0.0027946257
Cold,201068,1240,1239,3594,2176,1,-0.009748096
Cold,195785,1203,1202,3594,2176,1,-0.016047738
Cold,456621,2810,2809,3594,2176,0,-0.0011915509
Cold,189150,1172,1171,3594,2176,0,-0.013683896
Cold,189529,1173,1172,3594,2176,0,-0.0049116495
Cold,207176,1266,1265,3594,2176,1,-0.0077792695
Cold,326575,1935,1934,3594,2176,0,-0.008257829
Cold,183372,1141,1140,3594,2176,0,-0.0032758962
Cold,182403,1138,1137,3594,2176,1,-0.0004793522
Cold,244226,1470,1469,3594,2176,0,-0.0057709888
Cold,156386,1009,1008,3594,2176,1,-0.003999355
Cold,155519,1001,1000,3594,2176,1,-0.00925326
Cold,145524,935,934,3594,2176,1,-0.011821258
Cold,143571,926,925,3594,2176,1,-0.00015752553
Cold,225329,1362,1361,3594,2176,1,-0.007397799
Cold,149779,963,962,3594,2176,0,-0.01185593
Cold,140475,901,900,3594,2176,0,-0.002653296
Cold,139658,893,892,3594,2176,0,0.00073606847
Cold,192846,1187,1186,3594,2176,0,-0.0041236514
Cold,138880,889,888,3594,2176,0,-0.012514749
Cold,137380,886,885,3594,2176,1,-0.009184775
Cold,132848,856,855,3594,2176,0,-0.0021486026
Cold,129039,838,837,3594,2176,1,-0.0020782927
Cold,332891,1962,1961,3594,2176,0,-0.0064263144
Cold,182246,1137,1136,3594,2176,0,-0.006991924
Cold,128375,830,829,3594,2176,0,0.003753298
Cold,125426,807,806,3594,2176,1,-0.0008036601
Cold,240572,1449,1448,3594,2176,0,-0.008597866
Cold,115022,746,745,3594,2176,1,-0.00034912582
Cold,102677,678,677,3594,2176,1,-0.013904738
Cold,134915,872,871,3594,2176,0,-0.0024914532
Cold,111081,721,720,3594,2176,0,-0.00972865
Cold,92074,612,611,3594,2176,0,-0.004593633
Cold,384280,2244,2243,3594,2176,0,-0.005979107
Cold,90344,596,595,3594,2176,0,-0.0054966444
Cold,89657,590,589,3594,2176,1,-0.010117486
Cold,87544,572,571,3594,2176,0,-0.004605013
Cold,87350,570,569,3594,2176,1,-0.011496498
Cold,85696,558,557,3594,2176,0,-0.008270718
Cold,76529,519,518,3594,2176,1,0.0058334665
Cold,76210,517,516,3594,2176,1,-0.0037621579
Cold,73930,501,500,3594,2176,1,-0.0052587697
Cold,69999,473,472,3594,2176,1,-0.005854096
Cold,64388,429,428,3594,2176,1,-0.003561383
Cold,503989,3097,3096,3594,2176,0,-0.005215638
Cold,313040,1865,1864,3594,2176,1,-0.0022221766
Cold,39630,268,267,3594,2176,1,-0.010993436
Cold,27725,194,193,3594,2176,1,-0.003264871
Cold,365298,2125,2124,3594,2176,0,-0.009395667
Cold,500535,3074,3073,3594,2176,1,-0.0079112
Cold,314433,1877,1876,3594,2176,0,-0.0018760769
Cold,12127,92,91,3594,2176,0,-0.017640352
Cold,7297,51,50,3594,2176,0,-0.0022920044
Cold,7250,50,49,3594,2176,0,-0.0016329368
Cold,4757,34,33,3594,2176,1,-0.005715129
Cold,1862,17,16,3594,2176,0,-0.014738824
Cold,877473,5302,5301,3594,2176,1,-0.016503477
Cold,883159,5333,5332,3594,2176,1,-0.012767727
Cold,59512,403,402,3594,2176,0,-0.008390848
Cold,79764,531,530,3594,2176,0,-0.015606689
Cold,635263,3829,3828,3594,2176,0,-0.009316916
Cold,78708,528,527,3594,2176,0,-0.0010867836
Cold,403373,2409,2408,3594,2176,1,-0.0042784093
Cold,768872,4579,4578,3594,2176,1,-0.003865263
Cold,140384,899,898,3594,2176,0,-0.010810654
Cold,585048,3571,3570,3594,2176,1,-0.0044849156
Cold,223812,1354,1353,3594,2176,0,-0.0006637976
Cold,823802,4951,4950,3594,2176,0,-0.0005215157
Cold,33191,224,223,3594,2176,0,-0.00814607
Cold,287510,1716,1715,3594,2176,0,-0.0032750645
Cold,755121,4498,4497,3594,2176,1,-0.0021881105
Cold,12872,99,98,3594,2176,0,-0.006683293
Cold,804387,4816,4815,3594,2176,1,-0.013287892
Cold,984118,5948,5947,3594,2176,1,0.002513804
Cold,665332,4005,4004,3594,2176,0,-0.004671325
Cold,682796,4085,4084,3594,2176,0,-0.008704391
Cold,574965,3518,3517,3594,2176,0,-0.01483199
Cold,319620,1897,1896,3594,2176,0,-0.000278542
Cold,405385,2427,2426,3594,2176,0,-0.0016314271
Cold,538211,3312,3311,3594,2176,0,-0.017536763
Cold,145124,934,933,3594,2176,0,0.0010737097
Cold,309817,1842,1841,3594,2176,1,-0.008021691
Cold,308949,1837,1836,3594,2176,0,-0.0031445217
Cold,833500,5011,5010,3594,2176,1,-0.006681269
Cold,562810,3462,3461,3594,2176,1,-0.011591605
Cold,583708,3562,3561,3594,2176,1,-0.012316955
Cold,992925,5998,5997,3594,2176,0,-0.0021465437
Cold,599507,3648,3647,3594,2176,0,0.0030330266
Cold,924014,5580,5579,3594,2176,1,-0.0070824437
Cold,172122,1088,1087,3594,2176,0,-0.01632015
Cold,34007,229,228,3594,2176,0,0.0012277118
Cold,704683,4225,4224,3598,2177,1,0.0033858404
Cold,699427,4184,4183,3598,2177,1,0.008336585
Cold,694747,4161,4160,3598,2177,0,-0.0026512276
Cold,717418,4298,4297,3598,2177,0,0.0074387416
Cold,678915,4064,4063,3598,2177,1,0.005954466
Cold,668090,4020,4019,3598,2177,1,-0.0008001801
Cold,664941,4002,4001,3598,2177,1,-0.0023039621
Cold,741376,4429,4428,3598,2177,0,0.0052391514
Cold,660225,3979,3978,3598,2177,0,-0.0019756015
Cold,657294,3962,3961,3598,2177,0,-0.0048439843
Cold,646948,3893,3892,3598,2177,0,0.00228747
Cold,646327,3890,3889,3598,2177,0,-0.0010954823
Cold,646418,3891,3890,3598,2177,1,-0.0035664137
Cold,807929,4836,4835,3598,2177,1,0.0061804904
Cold,646102,3888,3887,3598,2177,1,-0.0020156293
Cold,617194,3735,3734,3598,2177,1,0.0025474895
Cold,614003,3718,3717,3598,2177,1,0.0012429331
Cold,726579,4345,4344,3598,2177,1,0.004563746
Cold,611997,3709,3708,3598,2177,1,0.0001753848
Cold,636672,3835,3834,3598,2177,1,-7.9310616e-05
Cold,603697,3673,3672,3598,2177,0,0.0037399216
Cold,725600,4344,4343,3598,2177,0,0.006371352
Cold,588177,3589,3588,3598,2177,0,0.0058626323
Cold,585346,3574,3573,3598,2177,1,0.004323904
Cold,581116,3548,3547,3598,2177,0,-0.0034338576
Cold,578642,3537,3536,3598,2177,0,0.007523453
Cold,577571,3526,3525,3598,2177,0,0.0008321252
Cold,576697,3525,3524,3598,2177,0,-0.0019427121
Cold,553060,3402,3401,3598,2177,1,0.0078119454
Cold,727895,4353,4352,3598,2177,0,-0.0015696777
Cold,508067,3127,3126,3598,2177,1,0.0014685947
Cold,464386,2860,2859,3598,2177,1,-0.00075368024
Cold,447043,2753,2752,3598,2177,1,0.0024853605
Cold,443996,2737,2736,3598,2177,0,0.007224379
Cold,413478,2486,2485,3598,2177,1,0.0049404316
Cold,406524,2438,2437,3598,2177,0,0.00079451443
Cold,388526,2274,2273,3598,2177,1,-0.003638406
Cold,340972,2010,2009,3598,2177,0,0.004130543
Cold,331195,1957,1956,3598,2177,0,0.00022896705
Cold,329763,1944,1943,3598,2177,0,0.0023073459
Cold,294678,1750,1749,3598,2177,1,0.004018998
Cold,267685,1626,1625,3598,2177,1,0.003098504
Cold,266740,1617,1616,3598,2177,0,0.0039640535
Cold,325620,1926,1925,3598,2177,0,-0.00036704075
Cold,284559,1698,1697,3598,2177,1,0.0012802095
Cold,296640,1758,1757,3598,2177,1,0.0073636035
Cold,207692,1270,1269,3598,2177,1,0.00396714
Cold,220483,1335,1334,3598,2177,0,0.0022660163
Cold,189531,1173,1172,3598,2177,0,0.0042280667
Cold,207183,1266,1265,3598,2177,0,0.0048400927
Cold,160781,1021,1020,3598,2177,1,0.001629462
Cold,156387,1009,1008,3598,2177,0,0.0013561042
Cold,155520,1001,1000,3598,2177,1,0.002276197
Cold,246504,1489,1488,3598,2177,0,-0.003750346
Cold,148878,957,956,3598,2177,1,0.0053603062
Cold,217370,1317,1316,3598,2177,1,0.0023946706
Cold,137381,886,885,3598,2177,1,0.0061441334
Cold,138889,889,888,3598,2177,0,0.0086560175
Cold,200166,1228,1227,3598,2177,0,-0.0020732377
Cold,129040,838,837,3598,2177,1,0.0009281144
Cold,161106,1026,1025,3598,2177,1,-0.002366739
Cold,212183,1291,1290,3598,2177,1,0.0063519273
Cold,101023,673,672,3598,2177,0,0.0020514256
Cold,97997,655,654,3598,2177,0,-0.0021396612
Cold,158721,1015,1014,3598,2177,1,0.013047121
Cold,82349,546,545,3598,2177,1,0.0018143882
Cold,75124,509,508,3598,2177,1,0.0047712834
Cold,48901,327,326,3598,2177,1,0.0067071854
Cold,34170,230,229,3598,2177,1,0.0027060634
Cold,26842,190,189,3598,2177,0,0.002697962
Cold,314434,1877,1876,3598,2177,0,-5.641242e-05
Cold,79769,531,530,3598,2177,1,0.0049512605
Cold,330829,1952,1951,3598,2177,0,0.006433483
Cold,24512,173,172,3598,2177,1,0.0001328832
Cold,201818,1242,1241,3598,2177,1,0.005966505
Cold,289712,1729,1728,3598,2177,0,-0.00652764
Cold,508338,3128,3127,3598,2177,0,0.0058592344
Cold,242011,1457,1456,3598,2177,1,0.008780134
Cold,228584,1383,1382,3598,2177,0,0.002432805
Cold,232053,1407,1406,3598,2177,0,0.0071932394
Cold,696790,4169,4168,3598,2177,0,0.0035801209
Cold,361156,2106,2105,3598,2177,0,0.008973405
Cold,375744,2188,2187,3598,2177,0,-0.0015199683
Cold,513184,3163,3162,3598,2177,0,0.013750172
Cold,467445,2880,2879,3598,2177,1,-5.118479e-05
Cold,431233,2627,2626,3598,2177,0,0.0018752648
Cold,232616,1413,1412,3598,2177,0,-0.004347629
Cold,28396,195,194,3598,2177,1,-0.0062563648
Cold,839486,5046,5045,3598,2177,0,0.0075186742
Cold,223817,1354,1353,3598,2177,0,0.0074534738
Cold,129721,839,838,3598,2177,1,0.008178123
Cold,195789,1203,1202,3598,2177,1,0.0043729898
Cold,684286,4089,4088,3598,2177,0,-0.0009326255
Cold,682803,4085,4084,3598,2177,0,0.0035521677
Cold,773736,4611,4610,3598,2177,0,-0.0055123894
Cold,631847,3821,3820,3598,2177,0,0.0010791979
Cold,161447,1029,1028,3598,2177,1,0.0014130638
Cold,141710,911,910,3598,2177,1,0.005005335
Cold,805809,4823,4822,3598,2177,1,0.00194664
Cold,636539,3834,3833,3598,2177,1,0.012103891
Cold,371153,2168,2167,3598,2177,0,0.0035460265
Cold,545409,3363,3362,3598,2177,0,0.0059149154
Cold,20904,151,150,3598,2177,0,-0.0027339854
Cold,164900,1051,1050,3598,2177,0,0.0029325725
Cold,115583,749,748,3598,2177,0,0.007100116
Cold,564769,3471,3470,3598,2177,0,0.00449632
Cold,474155,2909,2908,3598,2177,1,-0.0011922335
Cold,136972,881,880,3598,2177,0,-0.0013315363
Cold,371852,2172,2171,3598,2177,0,0.0061068656
Cold,21842,160,159,3598,2177,1,-0.00094241905
Cold,229436,1389,1388,3598,2177,0,0.004051934
Cold,451563,2779,2778,3598,2177,1,-0.0019004919
Cold,699798,4186,4185,3598,2177,1,0.006410935
Cold,739470,4418,4417,3598,2177,1,0.004932951
Cold,172127,1088,1087,3598,2177,1,0.006166628
Cold,526901,3259,3258,3598,2177,0,-0.0051380955
Cold,34008,229,228,3598,2177,1,-0.0018040997
Cold,346731,2031,2030,3598,2177,0,0.00049901486
Cold,322748,1912,1911,3598,2177,0,0.005626307
Cold,390789,2293,2292,3599,2178,0,0.0061084703
Cold,655972,3952,3951,3599,2178,1,-0.00017996039
Cold,376668,2198,2197,3599,2178,0,0.002216895
Cold,364201,2121,2120,3599,2178,1,-0.0032003168
Cold,365013,2124,2123,3599,2178,1,-0.0057394113
Cold,357086,2091,2090,3599,2178,1,-0.0041967263
Cold,343243,2016,2015,3599,2178,1,0.010350679
Cold,316419,1883,1882,3599,2178,0,0.003731029
Cold,284968,1699,1698,3599,2178,1,-0.0043346426
Cold,258631,1584,1583,3599,2178,0,0.0026144371
Cold,218151,1322,1321,3599,2178,1,-0.0008741617
Cold,289539,1727,1726,3599,2178,1,0.003354184
Cold,592225,3610,3609,3599,2178,0,-0.00067456404
Cold,328794,1941,1940,3599,2178,1,0.011401593
Cold,185830,1150,1149,3599,2178,0,0.0043692337
Cold,183377,1141,1140,3599,2178,1,-0.0013402472
Cold,180487,1128,1127,3599,2178,0,0.0030305653
Cold,207394,1267,1266,3599,2178,0,0.0015723817
Cold,169684,1077,1076,3599,2178,0,0.009014053
Cold,157537,1013,1012,3599,2178,0,0.006840159
Cold,154071,992,991,3599,2178,1,-0.0007775505
Cold,347538,2038,2037,3599,2178,0,0.007875586
Cold,138892,889,888,3599,2178,0,0.00724308
Cold,314232,1875,1874,3599,2178,0,-0.0028575
Cold,228587,1383,1382,3599,2178,0,0.006037647
Cold,52626,346,345,3599,2178,1,0.012894505
Cold,39209,265,264,3599,2178,1,0.00096207287
Cold,36699,245,244,3599,2178,1,0.007294665
Cold,10832,78,77,3599,2178,0,0.0024328285
Cold,223820,1354,1353,3599,2178,1,-0.0019973477
Cold,916786,5539,5538,3599,2178,0,-0.0038184733
Cold,4532,33,32,3599,2178,0,0.0008607302
Cold,739471,4418,4417,3599,2178,0,0.016943634
Cold,421266,2544,2543,3599,2178,1,0.006004428
Cold,94650,635,634,3599,2178,1,0.002143884
Cold,320377,1899,1898,3599,2178,1,0.007501077
Cold,18818,146,145,3599,2178,0,-0.0056782532
Cold,60908,411,410,3599,2178,0,0.0012412088
Cold,172130,1088,1087,3599,2178,1,0.0036367546
Cold,474157,2909,2908,3599,2178,1,-0.0033636698
Cold,322750,1912,1911,3599,2178,0,-0.0019114977
Cold,255656,1556,1555,3599,2178,1,-0.0013552741
Cold,300597,1780,1779,3599,2178,0,0.0013154829
Cold,593611,3618,3617,3600,2179,0,-0.0005102248
Cold,577001,3526,3525,3600,2179,0,-0.0021326249
Cold,545642,3365,3364,3600,2179,1,-0.002126306
Cold,533161,3292,3291,3600,2179,1,0.00068900385
Cold,515383,3182,3181,3600,2179,0,0.0008808048
Cold,616631,3732,3731,3600,2179,0,4.2319298e-05
Cold,503789,3096,3095,3600,2179,1,0.0027314941
Cold,797772,4784,4783,3600,2179,0,-0.0028456436
Cold,491779,3025,3024,3600,2179,0,0.0013101599
Cold,697224,4169,4168,3600,2179,0,-0.0022034338
Cold,472458,2907,2906,3600,2179,0,0.0020573824
Cold,414894,2497,2496,3600,2179,1,0.0011293215
Cold,406704,2442,2441,3600,2179,1,-0.0028624246
Cold,395101,2334,2333,3600,2179,0,0.001359224
Cold,390654,2293,2292,3600,2179,0,-0.009942879
Cold,403609,2411,2410,3600,2179,0,-0.0042010313
Cold,381585,2231,2230,3600,2179,0,-0.0015084827
Cold,373380,2180,2179,3600,2179,0,0.0005199488
Cold,356307,2088,2087,3600,2179,0,0.0016097105
Cold,345442,2026,2025,3600,2179,0,-0.0069743698
Cold,380754,2225,2224,3600,2179,1,-0.0025415304
Cold,325302,1926,1925,3600,2179,0,-0.0018504504
Cold,295588,1755,1754,3600,2179,0,0.0080263
Cold,268485,1631,1630,3600,2179,0,0.005289462
Cold,250181,1507,1506,3600,2179,0,-0.008348683
Cold,258360,1584,1583,3600,2179,0,-0.0041733226
Cold,242701,1465,1464,3600,2179,0,-0.008381674
Cold,243810,1470,1469,3600,2179,1,0.00026199548
Cold,327858,1941,1940,3600,2179,0,-2.844201e-05
Cold,185085,1150,1149,3600,2179,1,-0.00042634504
Cold,167762,1068,1067,3600,2179,0,0.0029601771
Cold,319976,1899,1898,3600,2179,0,-0.0052921297
Cold,323730,1920,1919,3600,2179,0,0.0034402648
Cold,347306,2038,2037,3600,2179,0,-0.0006255449
Cold,141432,911,910,3600,2179,1,0.005518347
Cold,412058,2478,2477,3600,2179,0,-0.0020047275
Cold,316698,1884,1883,3600,2179,0,-0.005612963
Cold,95380,639,638,3600,2179,1,8.462777e-05
Cold,96954,651,650,3600,2179,0,-3.1149597e-05
Cold,626634,3792,3791,3600,2179,0,-0.0024306243
Cold,82225,546,545,3600,2179,0,-0.00042039074
Cold,82939,549,548,3600,2179,0,0.00738238
Cold,84011,550,549,3600,2179,0,0.0026363023
Cold,64926,436,435,3600,2179,1,-0.001531939
Cold,228137,1383,1382,3600,2179,0,-0.0029304712
Cold,43242,296,295,3600,2179,1,-0.010248518
Cold,32120,216,215,3600,2179,0,-0.0025128508
Cold,10789,78,77,3600,2179,0,0.0010948493
Cold,9312,62,61,3600,2179,0,0.0014524311
Cold,7774,53,52,3600,2179,1,0.0044189817
Cold,484,6,5,3600,2179,0,-0.0022658617
Cold,223430,1354,1353,3600,2179,0,0.003680589
Cold,60759,411,410,3600,2179,0,-0.001785855
Cold,94564,635,634,3600,2179,0,0.0005943219
Cold,192676,1186,1185,3600,2179,1,-0.010935906
Cold,794459,4750,4749,3600,2179,0,8.461671e-05
Cold,88319,583,582,3600,2179,1,-0.003709211
Cold,769002,4579,4578,3600,2179,0,-0.012269251
Cold,893270,5394,5393,3600,2179,0,-0.004702959
Cold,832013,5001,5000,3600,2179,0,-0.0020062006
Cold,489539,3013,3012,3600,2179,0,-0.0011963383
Cold,593613,3618,3617,3604,2180,0,-0.008857096
Cold,589043,3592,3591,3604,2180,1,0.004830339
Cold,577879,3529,3528,3604,2180,1,0.009365382
Cold,576118,3521,3520,3604,2180,1,0.0006039471
Cold,579171,3539,3538,3604,2180,1,0.005468996
Cold,566650,3477,3476,3604,2180,1,0.0015653898
Cold,577003,3526,3525,3604,2180,0,0.0055325385
Cold,535376,3304,3303,3604,2180,0,0.0051722834
Cold,522384,3224,3223,3604,2180,1,-0.002787151
Cold,503791,3096,3095,3604,2180,1,-0.0037238314
Cold,546030,3367,3366,3604,2180,1,-0.010249786
Cold,491781,3025,3024,3604,2180,1,0.012122307
Cold,769003,4579,4578,3604,2180,0,-0.009625512
Cold,697226,4169,4168,3604,2180,0,0.006196865
Cold,466724,2878,2877,3604,2180,1,-0.0028559696
Cold,457788,2820,2819,3604,2180,0,-0.0009995701
Cold,440798,2699,2698,3604,2180,1,0.0004564207
Cold,534323,3299,3298,3604,2180,1,-0.0066818306
Cold,396499,2346,2345,3604,2180,1,0.005952728
Cold,396240,2343,2342,3604,2180,1,-0.005486423
Cold,395102,2334,2333,3604,2180,1,-0.0035570082
Cold,390655,2293,2292,3604,2180,0,0.0015282473
Cold,383463,2241,2240,3604,2180,1,0.0018802704
Cold,369264,2159,2158,3604,2180,1,-0.00024216087
Cold,356309,2088,2087,3604,2180,0,-0.006515987
Cold,338044,1988,1987,3604,2180,1,-0.0019713317
Cold,295589,1755,1754,3604,2180,0,-0.002143952
Cold,276134,1671,1670,3604,2180,1,-0.0036906167
Cold,319977,1899,1898,3604,2180,0,0.0036241012
Cold,217956,1322,1321,3604,2180,1,-0.007066448
Cold,591858,3610,3609,3604,2180,0,0.001614016
Cold,278932,1680,1679,3604,2180,1,-0.0020232555
Cold,185088,1150,1149,3604,2180,0,0.005112035
Cold,167763,1068,1067,3604,2180,1,0.0032641613
Cold,157988,1015,1014,3604,2180,1,0.010408625
Cold,323732,1920,1919,3604,2180,0,0.007212755
Cold,148056,954,953,3604,2180,0,0.006487943
Cold,347308,2038,2037,3604,2180,0,0.0028049783
Cold,131076,850,849,3604,2180,0,0.0048158667
Cold,263154,1605,1604,3604,2180,1,-0.0023658052
Cold,178018,1120,1119,3604,2180,1,0.0006885021
Cold,316699,1884,1883,3604,2180,0,0.00090347975
Cold,85236,556,555,3604,2180,1,-0.0030368087
Cold,82226,546,545,3604,2180,1,0.0023438595
Cold,228138,1383,1382,3604,2180,1,0.004209727
Cold,52827,348,347,3604,2180,1,0.0024905063
Cold,485,6,5,3604,2180,1,0.005617354
Cold,60760,411,410,3604,2180,0,-0.0020229202
Cold,94565,635,634,3604,2180,1,0.0020932718
Cold,552213,3401,3400,3604,2180,0,0.0063771084
Cold,12030,92,91,3604,2180,1,0.0013974546
Cold,900835,5447,5446,3604,2180,1,0.009653661
Cold,677989,4063,4062,3604,2180,1,0.00586935
Cold,50637,333,332,3604,2180,1,0.004475322
Cold,52173,343,342,3604,2180,1,0.008617011
Cold,959018,5787,5786,3604,2180,0,-0.0021341434
Cold,357338,2092,2091,3604,2180,0,0.0047901543
Cold,554436,3411,3410,3604,2180,0,-0.0031998744
Cold,171454,1088,1087,3604,2180,0,0.0028317294
Cold,821693,4940,4939,3604,2180,1,0.010334892
Cold,748303,4467,4466,3604,2180,1,0.0025639168
Cold,18729,146,145,3604,2180,0,0.0040307054
Cold,717214,4296,4295,3606,2181,1,0.011721417
Cold,711060,4267,4266,3606,2181,0,0.0031517984
Cold,708088,4243,4242,3606,2181,1,0.0038311584
Cold,694469,4161,4160,3606,2181,0,0.010081468
Cold,681380,4083,4082,3606,2181,1,0.0061070225
Cold,679177,4067,4066,3606,2181,1,0.0028372633
Cold,670564,4029,4028,3606,2181,1,0.0071022403
Cold,697228,4169,4168,3606,2181,1,0.0037604477
Cold,646366,3891,3890,3606,2181,1,0.01052363
Cold,618883,3751,3750,3606,2181,0,0.0023269665
Cold,617411,3737,3736,3606,2181,1,0.004750638
Cold,610992,3705,3704,3606,2181,0,0.0029373378
Cold,604706,3676,3675,3606,2181,1,0.003959753
Cold,725849,4344,4343,3606,2181,0,0.0065366104
Cold,598490,3642,3641,3606,2181,0,0.0009113138
Cold,566652,3477,3476,3606,2181,1,0.0045193927
Cold,565147,3474,3473,3606,2181,1,-0.0005364651
Cold,560459,3445,3444,3606,2181,1,0.0017053862
Cold,577006,3526,3525,3606,2181,1,0.002675216
Cold,552901,3402,3401,3606,2181,1,0.0103877345
Cold,533165,3292,3291,3606,2181,1,0.015319111
Cold,521637,3218,3217,3606,2181,0,0.011640178
Cold,491783,3025,3024,3606,2181,1,0.0003747578
Cold,479211,2941,2940,3606,2181,1,0.0058364635
Cold,476128,2924,2923,3606,2181,1,0.0032750266
Cold,440799,2699,2698,3606,2181,1,0.008391449
Cold,438272,2679,2678,3606,2181,0,0.0019499146
Cold,431973,2633,2632,3606,2181,1,0.0053582313
Cold,431872,2631,2630,3606,2181,1,0.0060681785
Cold,423975,2569,2568,3606,2181,1,0.0012605599
Cold,420892,2544,2543,3606,2181,1,0.0044382573
Cold,419690,2537,2536,3606,2181,0,0.0016857677
Cold,416479,2507,2506,3606,2181,1,0.0036670463
Cold,394662,2329,2328,3606,2181,1,-0.0022657588
Cold,390656,2293,2292,3606,2181,1,0.0073111164
Cold,388724,2278,2277,3606,2181,0,-0.0044092312
Cold,403610,2411,2410,3606,2181,1,0.009320893
Cold,376705,2199,2198,3606,2181,1,0.0020799087
Cold,374615,2183,2182,3606,2181,1,0.025375757
Cold,373949,2181,2180,3606,2181,1,0.00035724393
Cold,364123,2121,2120,3606,2181,0,-0.0028394286
Cold,357007,2091,2090,3606,2181,1,-5.302229e-05
Cold,412059,2478,2477,3606,2181,0,0.011511265
Cold,352923,2067,2066,3606,2181,0,0.011435314
Cold,350538,2058,2057,3606,2181,1,0.0024046944
Cold,346604,2031,2030,3606,2181,1,0.012932876
Cold,340041,2006,2005,3606,2181,1,-0.0001187264
Cold,320488,1900,1899,3606,2181,1,0.0029735425
Cold,323113,1916,1915,3606,2181,0,0.007189567
Cold,289259,1727,1726,3606,2181,1,-0.00041491445
Cold,284796,1699,1698,3606,2181,1,0.0013295594
Cold,276135,1671,1670,3606,2181,0,0.001313389
Cold,262676,1602,1601,3606,2181,1,-0.0015871255
Cold,283487,1697,1696,3606,2181,1,0.012403034
Cold,258185,1583,1582,3606,2181,1,0.00035375613
Cold,255883,1560,1559,3606,2181,1,0.006023851
Cold,246043,1487,1486,3606,2181,1,-0.0011677463
Cold,232390,1411,1410,3606,2181,0,0.0016312437
Cold,228140,1383,1382,3606,2181,1,0.0050325897
Cold,228900,1387,1386,3606,2181,1,0.006595879
Cold,284019,1698,1697,3606,2181,1,0.007886177
Cold,319978,1899,1898,3606,2181,1,0.003705013
Cold,217957,1322,1321,3606,2181,1,-0.00486741
Cold,591859,3610,3609,3606,2181,0,0.01194563
Cold,327861,1941,1940,3606,2181,1,0.006828856
Cold,190147,1180,1179,3606,2181,1,0.0013172772
Cold,262166,1600,1599,3606,2181,1,0.013440184
Cold,185091,1150,1149,3606,2181,1,0.0021456005
Cold,184320,1147,1146,3606,2181,1,0.00013756985
Cold,182721,1140,1139,3606,2181,1,0.005544725
Cold,191804,1182,1181,3606,2181,0,-0.0041634887
Cold,165172,1053,1052,3606,2181,0,-0.0033995886
Cold,161302,1029,1028,3606,2181,1,0.009394826
Cold,157990,1015,1014,3606,2181,1,0.011960909
Cold,143840,928,927,3606,2181,1,-0.0021315136
Cold,140487,902,901,3606,2181,1,0.006970493
Cold,347311,2038,2037,3606,2181,0,0.0023255553
Cold,131077,850,849,3606,2181,0,0.004453831
Cold,159950,1019,1018,3606,2181,0,0.0048905797
Cold,98118,656,655,3606,2181,0,0.006479202
Cold,316700,1884,1883,3606,2181,1,0.0051944205
Cold,169529,1077,1076,3606,2181,0,0.0013984554
Cold,210764,1285,1284,3606,2181,1,0.0061956663
Cold,52556,346,345,3606,2181,1,0.0041346503
Cold,48844,327,326,3606,2181,0,0.0031228033
Cold,87649,575,574,3606,2181,1,0.0057580345
Cold,312826,1865,1864,3606,2181,1,0.003896401
Cold,39193,265,264,3606,2181,1,-0.002456965
Cold,32500,218,217,3606,2181,1,0.0013431228
Cold,27578,193,192,3606,2181,1,0.0029342556
Cold,34740,235,234,3606,2181,0,-0.007619448
Cold,18730,146,145,3606,2181,1,0.0058786743
Cold,10790,78,77,3606,2181,1,0.005093502
Cold,223432,1354,1353,3606,2181,1,0.005367197
Cold,60762,411,410,3606,2181,1,-0.00082146574
Cold,916877,5539,5538,3606,2181,0,-0.004434839
Cold,707831,4241,4240,3606,2181,1,-0.0053071664
Cold,89198,588,587,3606,2181,0,-0.0013212905
Cold,129913,840,839,3606,2181,0,-0.0043518557
Cold,18242,140,139,3606,2181,0,0.0049116006
Cold,272098,1645,1644,3606,2181,1,0.010605827
Cold,860286,5172,5171,3606,2181,1,0.0042987936
Cold,183135,1141,1140,3606,2181,1,0.012789099
Cold,821694,4940,4939,3606,2181,1,0.004479824
Cold,384665,2247,2246,3606,2181,0,-0.0031667612
Cold,491169,3020,3019,3606,2181,0,-0.0054230774
Cold,319241,1897,1896,3606,2181,0,-0.0007054806
Cold,866043,5222,5221,3606,2181,0,0.009302998
Cold,826122,4960,4959,3606,2181,1,0.005140051
Cold,258952,1586,1585,3613,2183,1,-0.0021632677
Cold,244851,1474,1473,3613,2183,1,0.004401527
Cold,234510,1423,1422,3613,2183,1,-0.0053855344
Cold,231611,1404,1403,3613,2183,1,0.005265487
Cold,228151,1383,1382,3613,2183,1,-0.00013382663
Cold,289264,1727,1726,3613,2183,1,0.0067269495
Cold,209133,1276,1275,3613,2183,1,-0.0071392204
Cold,220312,1335,1334,3613,2183,0,0.0016927023
Cold,212432,1294,1293,3613,2183,1,0.0047934186
Cold,185106,1150,1149,3613,2183,0,0.009707232
Cold,173587,1100,1099,3613,2183,1,-0.0021552092
Cold,319985,1899,1898,3613,2183,1,-0.0036043057
Cold,156157,1005,1004,3613,2183,1,0.008323489
Cold,199363,1224,1223,3613,2183,0,-0.0018563685
Cold,128517,832,831,3613,2183,0,-0.0036391914
Cold,159962,1019,1018,3613,2183,1,0.0020040432
Cold,210777,1285,1284,3613,2183,1,-0.0032407553
Cold,107496,709,708,3613,2183,1,-0.0067706327
Cold,82955,549,548,3613,2183,1,0.006885168
Cold,77358,524,523,3613,2183,1,0.010294421
Cold,259924,1590,1589,3613,2183,1,-0.00674936
Cold,32141,216,215,3613,2183,0,0.0032397537
Cold,916878,5539,5538,3613,2183,0,-0.006645696
Cold,9325,62,61,3613,2183,1,-0.0071802856
Cold,481729,2962,2961,3613,2183,0,-0.005801881
Cold,420902,2544,2543,3613,2183,1,0.010021463
Cold,94566,635,634,3613,2183,1,0.0026404145
Cold,954306,5761,5760,3613,2183,1,-0.011075202
Cold,256066,1561,1560,3613,2183,1,0.0057166847
Cold,104227,692,691,3613,2183,1,0.0063878857
Cold,860287,5172,5171,3613,2183,1,-0.002646534
Cold,204496,1260,1259,3613,2183,1,0.009120312
Cold,821696,4940,4939,3613,2183,0,0.0008800505
Cold,823490,4950,4949,3613,2183,0,-0.002956002
Cold,223439,1354,1353,3616,2186,0,0.000611122
Cold,210779,1285,1284,3616,2186,0,-0.0026640429
Cold,204905,1261,1260,3616,2186,0,-0.009490307
Cold,255479,1556,1555,3616,2186,0,-0.004303037
Cold,189306,1173,1172,3616,2186,0,0.0011820374
Cold,326539,1935,1934,3616,2186,1,0.005529669
Cold,173076,1097,1096,3616,2186,0,-0.0036068547
Cold,163745,1050,1049,3616,2186,0,-0.0074640797
Cold,155289,1001,1000,3616,2186,0,-0.0040427125
Cold,139588,893,892,3616,2186,0,0.0050842506
Cold,138063,889,888,3616,2186,0,-0.005891816
Cold,135150,875,874,3616,2186,1,0.0007151505
Cold,134147,869,868,3616,2186,0,-0.0049408255
Cold,128015,828,827,3616,2186,0,4.0059676e-05
Cold,166760,1060,1059,3616,2186,0,0.00043658557
Cold,103242,686,685,3616,2186,0,0.0024121366
Cold,87535,572,571,3616,2186,0,-0.009853154
Cold,85902,561,560,3616,2186,0,-0.0069742915
Cold,64190,429,428,3616,2186,0,0.0039995606
Cold,362426,2114,2113,3616,2186,0,0.002011901
Cold,314345,1877,1876,3616,2186,0,0.006673944
Cold,12047,92,91,3616,2186,0,-0.0043532113
Cold,88762,587,586,3616,2186,0,-0.007211881
Cold,219109,1329,1328,3616,2186,0,0.00092567457
Cold,7239,50,49,3616,2186,0,0.0026750546
Cold,503392,3093,3092,3616,2186,0,-0.0005719168
Cold,175987,1113,1112,3616,2186,0,0.0010792294
Cold,312830,1865,1864,3616,2186,1,-0.0059760045
Cold,109234,714,713,3616,2186,1,0.00050135027
Cold,570992,3503,3502,3616,2186,0,-0.0031951852
Cold,54540,355,354,3616,2186,1,-0.0036683038
Cold,883342,5333,5332,3616,2186,0,-0.01052627
Cold,403306,2409,2408,3616,2186,0,-0.001397321
Cold,469892,2895,2894,3616,2186,0,0.000710199
Cold,181929,1137,1136,3616,2186,0,-0.0067977747
Cold,743154,4445,4444,3616,2186,0,-0.003546602
Cold,575766,3520,3519,3616,2186,0,0.007166298
Cold,388330,2272,2271,3616,2186,0,0.0019019992
Cold,335709,1980,1979,3616,2186,0,-0.0051240004
Cold,237779,1447,1446,3616,2186,0,0.0041921833
Cold,557184,3423,3422,3616,2186,0,0.003961358
Cold,12847,99,98,3616,2186,0,0.0034313845
Cold,222564,1347,1346,3616,2186,0,0.0010856884
Cold,537829,3312,3311,3616,2186,1,0.004109899
Cold,472471,2907,2906,3616,2186,0,-0.0042462097
Cold,384059,2244,2243,3616,2186,0,0.0040021054
Cold,59167,402,401,3616,2186,0,-0.0029971886
Cold,659107,3971,3970,3616,2186,1,0.0039543184
Cold,713769,4277,4276,3616,2186,0,-0.0067265946
Cold,682317,4085,4084,3616,2186,0,-0.012604194
Cold,105972,699,698,3616,2186,0,0.004959251
Cold,206768,1266,1265,3616,2186,0,-0.0017093914
Cold,286634,1712,1711,3616,2186,0,-0.0026940827
Cold,146893,948,947,3616,2186,1,-0.00044227956
Cold,272105,1645,1644,3616,2186,1,-0.0029521661
Cold,684987,4094,4093,3616,2186,0,0.00112561
Cold,20816,151,150,3616,2186,0,-0.0037761687
Cold,599157,3648,3647,3616,2186,0,-0.0020391215
Cold,116054,752,751,3616,2186,0,-0.004736262
Cold,840866,5053,5052,3616,2186,1,-0.00052763475
Cold,631474,3821,3820,3616,2186,0,-0.0070103193
Cold,79275,531,530,3616,2186,0,0.005855394
Cold,310602,1851,1850,3616,2186,0,0.008143383
Cold,720415,4312,4311,3616,2186,0,-0.0036292495
Cold,476300,2926,2925,3616,2186,1,0.001095138
Cold,541490,3332,3331,3616,2186,0,-0.0019824235
Cold,116808,753,752,3616,2186,1,-0.0033427365
Cold,171468,1088,1087,3616,2186,0,-0.0019343696
Cold,490218,3017,3016,3616,2186,0,0.0017550786
Cold,924106,5580,5579,3616,2186,0,-0.00051594526
Cold,811360,4867,4866,3616,2186,1,-0.009719586
Cold,941664,5682,5681,3616,2186,0,-0.008609591
Cold,860288,5172,5171,3616,2186,1,0.0038570033
Cold,82958,549,548,3616,2186,0,-0.0044433186
Cold,295598,1755,1754,3616,2186,0,-0.0013554143
Cold,351631,2063,2062,3616,2186,0,0.009565033
Cold,863393,5198,5197,3616,2186,0,-0.0006520343
Cold,62768,424,423,3616,2186,0,0.0002998067
Cold,435776,2664,2663,3619,2189,1,0.00018515717
Cold,432624,2638,2637,3619,2189,1,-0.012271677
Cold,420430,2541,2540,3619,2189,0,-0.0040291455
Cold,419700,2537,2536,3619,2189,0,-0.0072373888
Cold,402245,2402,2401,3619,2189,0,-0.0010961702
Cold,388900,2279,2278,3619,2189,1,-0.004702606
Cold,377175,2203,2202,3619,2189,0,0.000882823
Cold,369847,2164,2163,3619,2189,1,-0.005612447
Cold,340144,2008,2007,3619,2189,1,-0.0027020732
Cold,281209,1687,1686,3619,2189,1,-0.013235993
Cold,278956,1680,1679,3619,2189,0,0.00020326546
Cold,350688,2059,2058,3619,2189,1,-0.0029041362
Cold,218384,1324,1323,3619,2189,1,-0.0074246894
Cold,289266,1727,1726,3619,2189,1,-0.004703393
Cold,205095,1262,1261,3619,2189,1,-0.0058293175
Cold,243827,1470,1469,3619,2189,0,-0.0151529135
Cold,196957,1209,1208,3619,2189,1,-0.0022564763
Cold,179056,1124,1123,3619,2189,1,-0.010973692
Cold,148978,958,957,3619,2189,0,-0.0053658863
Cold,159965,1019,1018,3619,2189,0,-0.010768966
Cold,115329,749,748,3619,2189,0,-0.015413703
Cold,110322,720,719,3619,2189,0,-0.015649758
Cold,94154,631,630,3619,2189,0,-0.0033583746
Cold,88030,579,578,3619,2189,0,-0.0073994463
Cold,96961,651,650,3619,2189,0,-0.004593118
Cold,190703,1181,1180,3619,2189,0,-0.015730105
Cold,32958,223,222,3619,2189,0,-0.009065704
Cold,238769,1448,1447,3619,2189,0,-0.0054440754
Cold,15652,123,122,3619,2189,0,-0.0023518344
Cold,200,3,2,3619,2189,0,-0.010063229
Cold,107830,710,709,3619,2189,0,-0.008225795
Cold,697244,4169,4168,3619,2189,0,-0.0060105203
Cold,219789,1333,1332,3622,2190,0,-0.0044872444
Cold,289271,1727,1726,3622,2190,1,0.00046260003
Cold,307982,1836,1835,3622,2190,1,-0.007522448
Cold,316209,1883,1882,3622,2190,1,-0.00662959
Cold,182738,1140,1139,3622,2190,1,-0.0022717153
Cold,199370,1224,1223,3622,2190,1,0.00087081874
Cold,177513,1119,1118,3622,2190,1,-0.009655414
Cold,190718,1181,1180,3622,2190,0,9.916257e-07
Cold,158020,1015,1014,3622,2190,0,-0.007093939
Cold,319991,1899,1898,3622,2190,1,0.0044770273
Cold,138088,889,888,3622,2190,0,0.007090033
Cold,134155,869,868,3622,2190,0,-0.0013318909
Cold,159971,1019,1018,3622,2190,0,-0.0036489707
Cold,112384,731,730,3622,2190,1,-0.000457027
Cold,86563,566,565,3622,2190,0,-0.0061923424
Cold,330681,1952,1951,3622,2190,0,-0.0003842772
Cold,32170,216,215,3622,2190,1,-5.9641432e-05
Cold,947716,5722,5721,3622,2190,1,-0.0066746036
Cold,712305,4273,4272,3622,2190,1,-0.0005468639
Cold,208694,1274,1273,3622,2190,1,0.005830723
Cold,50658,333,332,3622,2190,0,-0.010622622
Cold,699934,4186,4185,3622,2190,1,-0.000672203
Cold,821699,4940,4939,3622,2190,1,-0.0015858882
Cold,657474,3963,3962,3622,2190,1,-0.00036296202
Cold,287668,1717,1716,3627,2193,0,0.0055554565
Cold,278973,1680,1679,3627,2193,1,-0.0046235253
Cold,239910,1449,1448,3627,2193,0,-0.0045051444
Cold,224108,1356,1355,3627,2193,1,0.0015330967
Cold,224465,1357,1356,3627,2193,1,0.010901195
Cold,208697,1274,1273,3627,2193,1,5.0726347e-05
Cold,199080,1223,1222,3627,2193,1,-0.0034987913
Cold,308527,1837,1836,3627,2193,0,0.0024372144
Cold,196870,1208,1207,3627,2193,1,-0.0031491609
Cold,184330,1147,1146,3627,2193,1,0.011125205
Cold,182740,1140,1139,3627,2193,1,-0.005726978
Cold,176379,1115,1114,3627,2193,0,-0.0019447713
Cold,159972,1019,1018,3627,2193,0,-0.00068779336
Cold,159186,1017,1016,3627,2193,1,-0.0075940927
Cold,158023,1015,1014,3627,2193,1,0.0046392404
Cold,148980,958,957,3627,2193,1,-0.0010221973
Cold,235948,1428,1427,3627,2193,1,-0.0032854658
Cold,146079,939,938,3627,2193,0,-0.0045629796
Cold,138092,889,888,3627,2193,0,-0.0047917943
Cold,374789,2185,2184,3627,2193,1,0.00032184902
Cold,132378,855,854,3627,2193,1,0.008554083
Cold,99212,661,660,3627,2193,1,-0.011044074
Cold,284037,1698,1697,3627,2193,1,-0.0022828802
Cold,82974,549,548,3627,2193,1,-0.0016199505
Cold,77375,524,523,3627,2193,1,-0.0074021425
Cold,70126,474,473,3627,2193,1,-0.0034245187
Cold,62786,424,423,3627,2193,1,-0.0039253025
Cold,41220,278,277,3627,2193,1,-0.0028568036
Cold,42825,293,292,3627,2193,0,-0.001137409
Cold,31287,211,210,3627,2193,1,-0.012212577
Cold,99826,667,666,3627,2193,0,-0.003325432
Cold,947718,5722,5721,3627,2193,1,0.007140319
Cold,18112,139,138,3627,2193,0,-0.0095529035
Cold,481742,2962,2961,3627,2193,0,-8.970732e-05
Cold,631482,3821,3820,3627,2193,0,0.0052001504
Cold,451728,2781,2780,3627,2193,1,-0.0028250287
Cold,161308,1029,1028,3627,2193,0,-0.0013493476
Cold,415355,2501,2500,3627,2193,0,0.005425157
Cold,24424,173,172,3627,2193,0,0.0011701271
Cold,534979,3301,3300,3627,2193,1,0.0062134406
Cold,129320,839,838,3627,2193,0,0.012328421
Cold,252462,1530,1529,3627,2193,1,0.0037182611
Cold,322246,1912,1911,3627,2193,0,0.0066214465
Cold,327905,1941,1940,3627,2193,0,0.0029716445
Cold,497168,3054,3053,3627,2193,1,-0.0064937426
Cold,769010,4579,4578,3627,2193,1,0.004008294
Cold,214759,1303,1302,3627,2193,0,0.009744312
Cold,529588,3272,3271,3628,2194,0,-0.004317615
Cold,480072,2946,2945,3628,2194,0,-0.006060113
Cold,473462,2909,2908,3628,2194,1,0.0016654432
Cold,645199,3885,3884,3628,2194,1,-0.0033738415
Cold,456058,2808,2807,3628,2194,1,0.0042966744
Cold,447892,2761,2760,3628,2194,0,0.005184589
Cold,434641,2651,2650,3628,2194,0,0.00373265
Cold,430717,2625,2624,3628,2194,0,0.0032037424
Cold,412763,2484,2483,3628,2194,0,0.011542574
Cold,388093,2271,2270,3628,2194,1,0.005662465
Cold,387508,2265,2264,3628,2194,1,0.006001156
Cold,376171,2194,2193,3628,2194,0,0.004500853
Cold,364127,2121,2120,3628,2194,0,0.004296854
Cold,357364,2092,2091,3628,2194,1,0.011287031
Cold,345449,2026,2025,3628,2194,0,0.0051557412
Cold,275479,1667,1666,3628,2194,1,-0.00037798146
Cold,273853,1651,1650,3628,2194,0,-0.0052964906
Cold,293682,1748,1747,3628,2194,0,0.0082895905
Cold,350691,2059,2058,3628,2194,1,0.011053702
Cold,242721,1465,1464,3628,2194,1,0.009826891
Cold,246641,1490,1489,3628,2194,1,0.009638285
Cold,219792,1333,1332,3628,2194,0,-0.002246324
Cold,203419,1247,1246,3628,2194,1,0.0028348577
Cold,182741,1140,1139,3628,2194,0,0.0023190877
Cold,165182,1053,1052,3628,2194,0,-0.003463697
Cold,152958,984,983,3628,2194,1,-0.0008810237
Cold,323745,1920,1919,3628,2194,1,0.0024095024
Cold,146903,948,947,3628,2194,1,-0.000543769
Cold,144100,929,928,3628,2194,0,0.005257993
Cold,134999,873,872,3628,2194,1,-0.0059938384
Cold,130489,846,845,3628,2194,1,0.0046698838
Cold,71070,477,476,3628,2194,0,0.004534513
Cold,68644,461,460,3628,2194,0,-0.003416988
Cold,57783,391,390,3628,2194,1,0.0085810805
Cold,38962,264,263,3628,2194,0,0.011052921
Cold,36571,245,244,3628,2194,1,0.0054962244
Cold,29260,199,198,3628,2194,1,0.004173884
Cold,591886,3610,3609,3628,2194,0,0.0039494843
Cold,5626,40,39,3628,2194,1,0.007924067
Cold,300285,1780,1779,3628,2194,0,0.0008554999
Cold,821700,4940,4939,3628,2194,1,0.0033004724
Cold,667397,4016,4015,3634,2197,1,-0.0028371061
Cold,660375,3981,3980,3634,2197,1,-0.0019015465
Cold,660049,3978,3977,3634,2197,1,0.008113342
Cold,659503,3974,3973,3634,2197,1,0.005954545
Cold,651826,3930,3929,3634,2197,1,0.0042825243
Cold,642322,3864,3863,3634,2197,1,0.0066280784
Cold,636624,3835,3834,3634,2197,1,0.0051771295
Cold,637995,3841,3840,3634,2197,1,-0.0022438157
Cold,621156,3762,3761,3634,2197,0,0.0008390037
Cold,620645,3760,3759,3634,2197,0,-0.0049856124
Cold,611667,3708,3707,3634,2197,1,-0.009736232
Cold,606448,3683,3682,3634,2197,1,0.0075956136
Cold,869847,5255,5254,3634,2197,1,0.0028273582
Cold,594566,3619,3618,3634,2197,0,-0.0022465189
Cold,585247,3574,3573,3634,2197,0,0.011211427
Cold,728412,4354,4353,3634,2197,1,-0.000152061
Cold,764418,4543,4542,3634,2197,1,0.017105563
Cold,567118,3482,3481,3634,2197,1,-0.00439679
Cold,563669,3469,3468,3634,2197,1,0.0022391658
Cold,558020,3426,3425,3634,2197,1,0.00057377014
Cold,547894,3380,3379,3634,2197,1,-0.006998767
Cold,506634,3118,3117,3634,2197,1,-0.0009346241
Cold,505094,3108,3107,3634,2197,1,-7.264316e-08
Cold,546045,3367,3366,3634,2197,1,-0.0021830623
Cold,697267,4169,4168,3634,2197,1,0.0032486967
Cold,471601,2901,2900,3634,2197,1,-0.008059464
Cold,494961,3036,3035,3634,2197,1,0.0012823443
Cold,460630,2841,2840,3634,2197,1,0.011028871
Cold,455538,2805,2804,3634,2197,1,0.001930475
Cold,442577,2726,2725,3634,2197,1,-0.004082026
Cold,433574,2643,2642,3634,2197,0,-0.003224012
Cold,645203,3885,3884,3634,2197,1,-0.0039694896
Cold,428245,2605,2604,3634,2197,1,0.0070309285
Cold,423703,2567,2566,3634,2197,1,0.00225297
Cold,422129,2555,2554,3634,2197,1,0.000520851
Cold,421610,2547,2546,3634,2197,1,0.0010034345
Cold,421483,2546,2545,3634,2197,1,0.0057656644
Cold,426887,2592,2591,3634,2197,1,0.009035277
Cold,418080,2526,2525,3634,2197,1,0.00072736107
Cold,415045,2498,2497,3634,2197,1,-0.0022322084
Cold,410816,2465,2464,3634,2197,1,-0.0014063566
Cold,412070,2478,2477,3634,2197,1,0.0047756517
Cold,390961,2297,2296,3634,2197,1,0.0074176653
Cold,390865,2294,2293,3634,2197,1,0.0012517041
Cold,388906,2279,2278,3634,2197,1,0.0009423541
Cold,385229,2251,2250,3634,2197,1,0.0026469375
Cold,381601,2231,2230,3634,2197,1,0.010400405
Cold,378688,2211,2210,3634,2197,1,0.003965389
Cold,353686,2072,2071,3634,2197,1,1.9125408e-05
Cold,356338,2088,2087,3634,2197,1,0.004277722
Cold,347645,2039,2038,3634,2197,1,-0.0055397716
Cold,357371,2092,2091,3634,2197,0,0.0018920754
Cold,343596,2018,2017,3634,2197,1,0.0008886205
Cold,334536,1974,1973,3634,2197,1,-0.0023424113
Cold,323126,1916,1915,3634,2197,1,-0.0023295293
Cold,313331,1869,1868,3634,2197,1,-0.0037683882
Cold,311555,1856,1855,3634,2197,1,0.0065253326
Cold,293689,1748,1747,3634,2197,1,0.004546142
Cold,250792,1513,1512,3634,2197,1,0.0006281941
Cold,392093,2304,2303,3634,2197,1,0.0053313076
Cold,236691,1437,1436,3634,2197,1,0.006816277
Cold,316728,1884,1883,3634,2197,1,0.004920002
Cold,242727,1465,1464,3634,2197,1,5.366467e-05
Cold,318121,1890,1889,3634,2197,1,-0.005734423
Cold,214770,1303,1302,3634,2197,1,0.011947118
Cold,210089,1284,1283,3634,2197,1,-0.0020632623
Cold,188563,1170,1169,3634,2197,1,0.0033803135
Cold,184334,1147,1146,3634,2197,1,0.0065986114
Cold,180984,1131,1130,3634,2197,1,0.010545962
Cold,190745,1181,1180,3634,2197,1,0.008998547
Cold,163087,1041,1040,3634,2197,1,-0.004704389
Cold,152968,984,983,3634,2197,1,0.00042662048
Cold,146908,948,947,3634,2197,1,0.0031465928
Cold,253354,1541,1540,3634,2197,0,0.0017066556
Cold,379896,2222,2221,3634,2197,0,0.0023777431
Cold,118864,769,768,3634,2197,0,-0.006706538
Cold,139163,890,889,3634,2197,0,0.0035862261
Cold,98125,656,655,3634,2197,1,-5.4751057e-05
Cold,96125,646,645,3634,2197,1,-0.0013947447
Cold,76868,521,520,3634,2197,1,-0.0052960995
Cold,55321,366,365,3634,2197,1,0.003218837
Cold,49831,330,329,3634,2197,1,-0.0017259857
Cold,67007,451,450,3634,2197,1,0.0033782022
Cold,48600,326,325,3634,2197,0,-0.0078061908
Cold,47606,319,318,3634,2197,1,0.0070458483
Cold,98721,660,659,3634,2197,1,0.0065211896
Cold,27600,193,192,3634,2197,1,0.0017968677
Cold,25164,177,176,3634,2197,0,0.0040800767
Cold,9371,62,61,3634,2197,1,0.014133705
Cold,657480,3963,3962,3634,2197,0,0.002638708
Cold,2982,23,22,3634,2197,0,0.010932984
Cold,62801,424,423,3634,2197,1,0.0056513147
Cold,24444,173,172,3634,2197,1,0.002295256
Cold,141162,910,909,3634,2197,1,-4.6605943e-05
Cold,835187,5019,5018,3634,2197,1,0.007108754
Cold,420918,2544,2543,3634,2197,1,0.0075054793
Cold,804152,4815,4814,3634,2197,1,0.0023716656
Cold,843630,5071,5070,3634,2197,1,-2.222578e-05
Cold,485938,2991,2990,3634,2197,1,0.0059924177
Cold,254613,1547,1546,3634,2197,1,-0.0032633604
Cold,795596,4765,4764,3634,2197,1,-0.004729764
Cold,933832,5636,5635,3634,2197,1,0.0004455237
Cold,994017,6002,6001,3634,2197,1,-0.00057389634
Cold,322257,1912,1911,3634,2197,0,0.002122764
Cold,93246,624,623,3634,2197,1,0.00018206844
Cold,518697,3201,3200,3643,2201,0,-0.0021692885
Cold,566160,3476,3475,3643,2201,0,-0.016694382
Cold,646635,3892,3891,3643,2201,1,-2.1479442e-05
Cold,495251,3039,3038,3643,2201,0,-0.008012135
Cold,486235,2994,2993,3643,2201,1,-0.0044574477
Cold,529614,3272,3271,3643,2201,1,0.0026223455
Cold,480085,2946,2945,3643,2201,0,-0.002985098
Cold,473500,2909,2908,3643,2201,1,0.0036091614
Cold,645212,3885,3884,3643,2201,1,-0.009086115
Cold,434647,2651,2650,3643,2201,0,-0.0022951267
Cold,430721,2625,2624,3643,2201,0,-0.00662418
Cold,426898,2592,2591,3643,2201,1,-0.00063911907
Cold,394664,2329,2328,3643,2201,0,-0.006221587
Cold,388099,2271,2270,3643,2201,1,-0.002239963
Cold,377200,2203,2202,3643,2201,1,0.0033891262
Cold,364130,2121,2120,3643,2201,0,-0.0051604733
Cold,345454,2026,2025,3643,2201,0,-0.0033485552
Cold,293698,1748,1747,3643,2201,0,0.0038816992
Cold,292249,1741,1740,3643,2201,1,-0.006835793
Cold,275497,1667,1666,3643,2201,0,-0.00147138
Cold,350695,2059,2058,3643,2201,1,-0.004720055
Cold,244656,1473,1472,3643,2201,0,-0.00074222067
Cold,242738,1465,1464,3643,2201,1,-0.0025479677
Cold,246649,1490,1489,3643,2201,1,0.0011595367
Cold,220580,1337,1336,3643,2201,1,0.001171405
Cold,152977,984,983,3643,2201,0,-0.0047060023
Cold,323762,1920,1919,3643,2201,0,0.0021874998
Cold,146912,948,947,3643,2201,0,-0.006476281
Cold,131101,850,849,3643,2201,1,-0.006360445
Cold,123369,796,795,3643,2201,0,-0.009154309
Cold,118323,765,764,3643,2201,1,-0.0012060176
Cold,106723,702,701,3643,2201,1,0.004596832
Cold,104254,692,691,3643,2201,0,-0.005955251
Cold,71079,477,476,3643,2201,0,-0.007818823
Cold,68660,461,460,3643,2201,0,-0.009338486
Cold,68008,456,455,3643,2201,0,-0.014102452
Cold,52843,348,347,3643,2201,0,-0.0010199742
Cold,36632,245,244,3643,2201,0,-0.0044566477
Cold,591909,3610,3609,3643,2201,0,-0.011397691
Cold,5637,40,39,3643,2201,1,-0.0097225765
Cold,445792,2749,2748,3643,2201,1,-0.01625872
Cold,334970,1976,1975,3646,2202,0,-0.013561798
Cold,315133,1880,1879,3646,2202,0,-0.013587568
Cold,330519,1951,1950,3646,2202,0,-0.016251475
Cold,295619,1755,1754,3646,2202,0,-0.0003459244
Cold,277597,1676,1675,3646,2202,1,-0.005540879
Cold,299027,1776,1775,3646,2202,0,-0.0074441507
Cold,271445,1641,1640,3646,2202,0,-0.002724057
Cold,256975,1573,1572,3646,2202,1,4.8896763e-05
Cold,246048,1487,1486,3646,2202,0,-0.0065553244
Cold,253135,1538,1537,3646,2202,0,0.00041655847
Cold,204926,1261,1260,3646,2202,0,0.00026898703
Cold,189336,1173,1172,3646,2202,0,-0.000348654
Cold,201128,1241,1240,3646,2202,0,-0.006964981
Cold,326546,1935,1934,3646,2202,1,0.0051694056
Cold,185158,1150,1149,3646,2202,0,-0.010601254
Cold,182353,1138,1137,3646,2202,0,-0.0030354992
Cold,179546,1125,1124,3646,2202,1,-0.0120821595
Cold,175460,1112,1111,3646,2202,0,-8.241495e-05
Cold,163779,1050,1049,3646,2202,0,-0.011478942
Cold,162588,1037,1036,3646,2202,0,-0.0044192066
Cold,255492,1556,1555,3646,2202,1,-0.010924275
Cold,149330,961,960,3646,2202,1,-0.005148203
Cold,380236,2223,2222,3646,2202,0,-0.013318909
Cold,135157,875,874,3646,2202,1,-0.00058177114
Cold,122021,787,786,3646,2202,0,-0.010577597
Cold,120066,775,774,3646,2202,0,-0.0036914335
Cold,119169,770,769,3646,2202,0,-0.0011266307
Cold,110111,718,717,3646,2202,1,-0.0052226186
Cold,100801,673,672,3646,2202,0,-0.0073018624
Cold,95928,644,643,3646,2202,0,-0.0068449397
Cold,174633,1105,1104,3646,2202,0,-0.0042746253
Cold,406025,2436,2435,3646,2202,0,-0.0044331327
Cold,120369,777,776,3646,2202,0,-0.0076757963
Cold,70741,476,475,3646,2202,1,-0.0039242827
Cold,67402,453,452,3646,2202,0,-0.00020908902
Cold,64209,429,428,3646,2202,0,0.00041126332
Cold,251124,1516,1515,3646,2202,0,-0.013565462
Cold,57000,385,384,3646,2202,1,-0.012771096
Cold,407226,2446,2445,3646,2202,0,-0.0091797365
Cold,44693,302,301,3646,2202,0,-0.001106807
Cold,355595,2082,2081,3646,2202,1,-0.011675071
Cold,39614,268,267,3646,2202,1,-0.011921437
Cold,88777,587,586,3646,2202,0,-0.00612365
Cold,481753,2962,2961,3646,2202,1,-0.013201676
Cold,22655,163,162,3646,2202,0,-0.0053393734
Cold,26522,187,186,3646,2202,0,-0.008780398
Cold,210099,1284,1283,3646,2202,0,0.0017058866
Cold,45430,306,305,3646,2202,1,-0.009928909
Cold,433149,2641,2640,3646,2202,0,-0.010403439
Cold,14002,113,112,3646,2202,0,-0.010015092
Cold,272841,1647,1646,3646,2202,0,-0.017454252
Cold,9003,61,60,3646,2202,1,0.009145512
Cold,8231,57,56,3646,2202,0,0.003682846
Cold,7356,52,51,3646,2202,0,-0.0155454185
Cold,7246,50,49,3646,2202,0,-0.0017851925
Cold,90480,600,599,3646,2202,0,-0.012495961
Cold,399808,2380,2379,3646,2202,1,-0.014496915
Cold,116818,753,752,3646,2202,1,-0.0049739745
Cold,1599,15,14,3646,2202,0,0.0038093869
Cold,211659,1287,1286,3646,2202,0,0.00581804
Cold,238818,1448,1447,3646,2202,0,-0.010069052
Cold,21046,153,152,3646,2202,1,-0.009914176
Cold,179979,1127,1126,3646,2202,0,-0.0054723285
Cold,171530,1088,1087,3646,2202,0,-0.0016384427
Cold,239950,1449,1448,3646,2202,0,-0.01626262
Cold,299572,1778,1777,3646,2202,0,-0.00414473
Cold,181957,1137,1136,3646,2202,0,-0.008839935
Cold,250369,1509,1508,3646,2202,0,0.0012093615
Cold,743159,4445,4444,3646,2202,0,-0.003671532
Cold,598162,3641,3640,3646,2202,0,-0.003141045
Cold,287300,1715,1714,3646,2202,1,-0.0043192725
Cold,354838,2077,2076,3646,2202,0,0.0007427272
Cold,19550,148,147,3646,2202,0,-0.018582435
Cold,512763,3163,3162,3646,2202,0,-0.009155224
Cold,575778,3520,3519,3646,2202,0,-0.0011887457
Cold,388336,2272,2271,3646,2202,1,0.0027477383
Cold,150537,970,969,3646,2202,0,-0.0013175348
Cold,930599,5621,5620,3646,2202,0,-0.009735566
Cold,605725,3681,3680,3646,2202,0,-0.009580105
Cold,42850,293,292,3646,2202,0,-0.002591081
Cold,949284,5734,5733,3646,2202,0,-0.0011075749
Cold,530948,3280,3279,3646,2202,0,-0.0012468244
Cold,14218,116,115,3646,2202,0,-0.0061039785
Cold,12864,99,98,3646,2202,0,-0.0060443967
Cold,521735,3219,3218,3646,2202,0,-0.0003121493
Cold,12103,92,91,3646,2202,0,-0.009811413
Cold,437228,2669,2668,3646,2202,0,-0.007402612
Cold,567404,3483,3482,3646,2202,0,-0.006381371
Cold,272134,1645,1644,3646,2202,1,-0.0045728735
Cold,317651,1889,1888,3646,2202,0,-0.015080493
Cold,503800,3096,3095,3646,2202,1,-0.0091575915
Cold,242094,1458,1457,3646,2202,0,0.0018820916
Cold,110749,721,720,3646,2202,0,-0.011576095
Cold,335162,1978,1977,3646,2202,0,-0.0075336555
Cold,309573,1842,1841,3646,2202,0,-0.007182539
Cold,287682,1717,1716,3646,2202,0,-0.008170791
Cold,351699,2063,2062,3646,2202,0,-0.009876668
Cold,636240,3834,3833,3646,2202,0,-0.0037709314
Cold,973568,5872,5871,3646,2202,0,-0.006465218
Cold,631509,3821,3820,3646,2202,0,-0.0026976252
Cold,907802,5492,5491,3646,2202,0,-0.011516994
Cold,255899,1560,1559,3646,2202,1,-0.0071053375
Cold,134186,869,868,3646,2202,0,-0.009918986
Cold,864047,5205,5204,3646,2202,0,-0.016218731
Cold,47643,319,318,3646,2202,0,-0.0069162827
Cold,977930,5892,5891,3646,2202,0,-0.0066155884
Cold,883357,5333,5332,3646,2202,0,-0.0068560434
Cold,926207,5598,5597,3646,2202,0,0.0033712913
Cold,327954,1941,1940,3646,2202,0,-0.012013828
Cold,164462,1051,1050,3646,2202,0,-0.013651211
Cold,363750,2119,2118,3646,2202,0,-0.005425941
Cold,564343,3471,3470,3646,2202,0,-0.009644454
Cold,941683,5682,5681,3646,2202,0,-0.006550368
Cold,53068,349,348,3646,2202,0,-0.0076437285
Cold,310634,1851,1850,3646,2202,0,0.0009609084
Cold,847209,5090,5089,3646,2202,0,-0.0045354185
Cold,857994,5156,5155,3646,2202,0,0.0032004826
Cold,550012,3391,3390,3646,2202,0,-0.010007331
Cold,466761,2878,2877,3646,2202,0,-0.0012295635
Cold,83011,549,548,3646,2202,0,-0.011754311
Cold,619211,3752,3751,3653,2204,1,-0.0069962256
Cold,614336,3721,3720,3653,2204,0,0.00026423275
Cold,611668,3708,3707,3653,2204,1,0.0017678263
Cold,612739,3714,3713,3653,2204,1,-0.0121619
Cold,604140,3675,3674,3653,2204,1,-0.0077688363
Cold,601409,3656,3655,3653,2204,0,-0.0013908918
Cold,598168,3641,3640,3653,2204,1,0.00084736245
Cold,597133,3629,3628,3653,2204,0,0.00340884
Cold,869852,5255,5254,3653,2204,1,0.007640693
Cold,594574,3619,3618,3653,2204,1,0.004746292
Cold,585640,3576,3575,3653,2204,1,-0.006174964
Cold,585256,3574,3573,3653,2204,0,-0.005291146
Cold,874309,5278,5277,3653,2204,1,0.001832386
Cold,567896,3484,3483,3653,2204,1,-0.004410399
Cold,561045,3452,3451,3653,2204,1,-0.0016738663
Cold,590986,3605,3604,3653,2204,1,0.0053543095
Cold,551809,3400,3399,3653,2204,1,0.0028933026
Cold,547902,3380,3379,3653,2204,1,0.005006643
Cold,538465,3313,3312,3653,2204,0,0.004755132
Cold,533232,3292,3291,3653,2204,1,-0.0022948654
Cold,529622,3272,3271,3653,2204,0,0.00790882
Cold,527850,3263,3262,3653,2204,1,-0.0030223748
Cold,575279,3519,3518,3653,2204,0,-0.005607509
Cold,522456,3224,3223,3653,2204,1,-0.002411302
Cold,518702,3201,3200,3653,2204,1,0.0033472148
Cold,514863,3180,3179,3653,2204,1,-0.00465771
Cold,492662,3029,3028,3653,2204,1,0.0031705168
Cold,599955,3650,3649,3653,2204,0,-0.0023820782
Cold,471610,2901,2900,3653,2204,1,0.0017200329
Cold,471331,2900,2899,3653,2204,1,0.007773716
Cold,466764,2878,2877,3653,2204,1,0.0013790698
Cold,462554,2854,2853,3653,2204,0,-0.0027604715
Cold,449738,2773,2772,3653,2204,1,-0.002612169
Cold,451365,2778,2777,3653,2204,1,0.009337455
Cold,410820,2465,2464,3653,2204,1,0.00510766
Cold,396630,2348,2347,3653,2204,0,-0.0016546353
Cold,400356,2383,2382,3653,2204,0,0.0013232832
Cold,381610,2231,2230,3653,2204,0,0.0010372857
Cold,357388,2092,2091,3653,2204,1,0.0012000324
Cold,349841,2054,2053,3653,2204,1,0.0047547086
Cold,323134,1916,1915,3653,2204,0,0.013069149
Cold,302470,1796,1795,3653,2204,1,-0.005809362
Cold,295243,1753,1752,3653,2204,1,-0.0086742425
Cold,298790,1775,1774,3653,2204,0,-0.0013850427
Cold,293703,1748,1747,3653,2204,0,-0.010714947
Cold,345456,2026,2025,3653,2204,0,-0.0030425207
Cold,260378,1592,1591,3653,2204,0,0.0012066131
Cold,243875,1470,1469,3653,2204,0,-0.004099033
Cold,244660,1473,1472,3653,2204,1,-0.009857852
Cold,242746,1465,1464,3653,2204,1,-0.004135607
Cold,325338,1926,1925,3653,2204,1,-0.006156366
Cold,289291,1727,1726,3653,2204,1,-0.0061439574
Cold,293151,1746,1745,3653,2204,1,0.0072302558
Cold,197882,1216,1215,3653,2204,1,-0.0026952045
Cold,183712,1143,1142,3653,2204,1,0.0036340402
Cold,182754,1140,1139,3653,2204,0,-0.0063775266
Cold,210835,1285,1284,3653,2204,1,-0.00052159023
Cold,212864,1297,1296,3653,2204,1,-0.0004292631
Cold,222051,1343,1342,3653,2204,1,0.0022087032
Cold,148271,955,954,3653,2204,0,0.008617071
Cold,713810,4277,4276,3653,2204,1,-0.0031912804
Cold,147915,953,952,3653,2204,1,-0.0032291235
Cold,128941,838,837,3653,2204,1,-0.0038247006
Cold,315142,1880,1879,3653,2204,1,-0.00044730527
Cold,125367,806,805,3653,2204,1,0.00405959
Cold,124842,802,801,3653,2204,1,0.007539443
Cold,132406,855,854,3653,2204,1,0.009063948
Cold,103957,691,690,3653,2204,1,0.0056719747
Cold,92276,615,614,3653,2204,1,-0.0034963838
Cold,152983,984,983,3653,2204,1,0.0036131705
Cold,83023,549,548,3653,2204,1,0.0052017556
Cold,57008,385,384,3653,2204,1,0.0036468436
Cold,130496,846,845,3653,2204,0,0.000938726
Cold,317657,1889,1888,3653,2204,0,-0.005437623
Cold,48625,326,325,3653,2204,0,-0.0055118455
Cold,34804,235,234,3653,2204,0,0.0014993467
Cold,32256,216,215,3653,2204,0,-0.008691877
Cold,481757,2962,2961,3653,2204,0,0.0038077193
Cold,210107,1284,1283,3653,2204,0,5.365594e-05
Cold,30635,204,203,3653,2204,0,0.002578176
Cold,459595,2832,2831,3653,2204,1,0.006243985
Cold,249821,1505,1504,3653,2204,1,-0.0020929477
Cold,265035,1611,1610,3653,2204,1,0.0042856084
Cold,420930,2544,2543,3653,2204,0,0.008340155
Cold,821705,4940,4939,3653,2204,1,-0.003983549
Cold,657490,3963,3962,3653,2204,0,0.006446668
Cold,322281,1912,1911,3653,2204,1,0.00025867508
Cold,96589,648,647,3653,2204,1,0.004557143
Cold,748307,4467,4466,3653,2204,1,0.0099546565
Cold,14620,117,116,3658,2206,1,-0.0021286067
Cold,1850,17,16,3658,2206,1,-0.0021317368
Cold,1349,12,11,3658,2206,1,-0.006078129
Cold,873857,5276,5275,3658,2206,0,-0.0036361087
Cold,293705,1748,1747,3658,2206,1,-0.0039818035
Cold,927872,5605,5604,3658,2206,1,-0.002709049
Cold,473514,2909,2908,3658,2206,0,-0.011744028
Cold,327970,1941,1940,3658,2206,0,-0.011651335
Cold,28367,195,194,3658,2206,1,-0.016356934
Cold,584665,3569,3568,3660,2207,0,-0.0021552243
Cold,577737,3528,3527,3660,2207,0,-0.0069403774
Cold,569153,3491,3490,3660,2207,1,-0.0045688637
Cold,559390,3436,3435,3660,2207,1,-0.0010976561
Cold,547360,3377,3376,3660,2207,1,-0.0010806359
Cold,577077,3526,3525,3660,2207,0,-0.0001819816
Cold,538902,3314,3313,3660,2207,1,-0.0031297603
Cold,537064,3311,3310,3660,2207,0,0.0030715668
Cold,505582,3110,3109,3660,2207,0,0.0027304576
Cold,501733,3081,3080,3660,2207,1,-0.0066685034
Cold,494039,3032,3031,3660,2207,1,0.002402436
Cold,483926,2976,2975,3660,2207,0,-0.004921592
Cold,487865,3001,3000,3660,2207,1,-0.0038394283
Cold,697305,4169,4168,3660,2207,0,-0.004459475
Cold,591192,3607,3606,3660,2207,0,0.0022722105
Cold,472522,2907,2906,3660,2207,1,-0.004986585
Cold,463228,2857,2856,3660,2207,1,-0.007199235
Cold,457850,2820,2819,3660,2207,0,0.0061567184
Cold,444402,2742,2741,3660,2207,0,0.0021699541
Cold,441633,2711,2710,3660,2207,0,-0.0045207283
Cold,437047,2668,2667,3660,2207,0,0.01041079
Cold,430723,2625,2624,3660,2207,0,0.00061310444
Cold,426441,2590,2589,3660,2207,0,-0.006209784
Cold,409574,2457,2456,3660,2207,0,0.0018599485
Cold,386986,2263,2262,3660,2207,1,-0.0017117218
Cold,386043,2258,2257,3660,2207,0,0.0060694627
Cold,374017,2181,2180,3660,2207,0,-0.015624077
Cold,370700,2167,2166,3660,2207,1,0.00062388415
Cold,369876,2164,2163,3660,2207,0,-0.005709769
Cold,368621,2155,2154,3660,2207,1,0.0028075413
Cold,368777,2156,2155,3660,2207,0,-0.0039025855
Cold,367321,2144,2143,3660,2207,0,0.009330383
Cold,356353,2088,2087,3660,2207,1,0.008776241
Cold,297447,1764,1763,3660,2207,0,-0.0015356541
Cold,299032,1776,1775,3660,2207,0,0.005928252
Cold,288243,1722,1721,3660,2207,1,-0.0010278586
Cold,288428,1723,1722,3660,2207,0,0.010066212
Cold,279072,1680,1679,3660,2207,0,0.006528395
Cold,276911,1675,1674,3660,2207,0,0.0026148662
Cold,247623,1496,1495,3660,2207,0,0.007910953
Cold,342393,2015,2014,3660,2207,1,0.0011976002
Cold,226373,1370,1369,3660,2207,0,-0.0026190612
Cold,277614,1676,1675,3660,2207,1,0.0131460605
Cold,327978,1941,1940,3660,2207,0,0.002931862
Cold,187049,1160,1159,3660,2207,0,0.00013172801
Cold,186529,1154,1153,3660,2207,0,0.0010336465
Cold,307376,1835,1834,3660,2207,0,0.007862912
Cold,181580,1135,1134,3660,2207,0,0.0063542803
Cold,177525,1119,1118,3660,2207,0,0.006169132
Cold,176385,1115,1114,3660,2207,0,0.00025150832
Cold,196457,1207,1206,3660,2207,0,0.004495275
Cold,165980,1058,1057,3660,2207,1,0.0066005234
Cold,159205,1017,1016,3660,2207,1,0.0019463261
Cold,138158,889,888,3660,2207,0,-0.0017869747
Cold,134194,869,868,3660,2207,1,0.0010412103
Cold,131472,851,850,3660,2207,1,0.0036323909
Cold,315152,1880,1879,3660,2207,0,0.002934332
Cold,125512,808,807,3660,2207,0,0.0031339708
Cold,107499,709,708,3660,2207,0,0.011618001
Cold,104836,695,694,3660,2207,0,-0.0026424371
Cold,331543,1958,1957,3660,2207,0,-0.0014872104
Cold,99663,665,664,3660,2207,0,-8.068455e-05
Cold,351721,2063,2062,3660,2207,0,-0.003978042
Cold,90923,602,601,3660,2207,0,-0.0014098564
Cold,86086,563,562,3660,2207,0,0.0035969939
Cold,81219,541,540,3660,2207,0,-0.003981751
Cold,70413,475,474,3660,2207,0,0.0044446317
Cold,66529,445,444,3660,2207,0,0.006255867
Cold,62840,424,423,3660,2207,0,-0.004503947
Cold,57667,390,389,3660,2207,0,-0.0021415576
Cold,54003,352,351,3660,2207,0,0.0022961253
Cold,51023,336,335,3660,2207,1,-0.0009067452
Cold,132412,855,854,3660,2207,0,0.0013994885
Cold,45247,305,304,3660,2207,0,-0.002375697
Cold,639041,3842,3841,3660,2207,0,-0.002125802
Cold,41255,278,277,3660,2207,1,0.008257336
Cold,481761,2962,2961,3660,2207,0,0.010706973
Cold,21048,153,152,3660,2207,0,0.0060061193
Cold,23224,166,165,3660,2207,0,-0.004517667
Cold,119184,770,769,3660,2207,0,-0.00526715
Cold,290139,1733,1732,3660,2207,0,-0.00096995966
Cold,8590,58,57,3660,2207,0,-0.0040960065
Cold,7926,53,52,3660,2207,0,-0.0006394889
Cold,2739,22,21,3660,2207,1,0.0007347353
Cold,19585,148,147,3660,2207,1,-0.0043196287
Cold,552272,3401,3400,3660,2207,0,0.0014677965
Cold,164470,1051,1050,3660,2207,0,-0.00481001
Cold,310643,1851,1850,3660,2207,0,-0.0049942657
Cold,158080,1015,1014,3660,2207,0,0.0014306353
Cold,366133,2131,2130,3660,2207,1,-0.006888409
Cold,622055,3768,3767,3660,2207,0,0.003394857
Cold,720438,4312,4311,3660,2207,0,0.001873014
Cold,760795,4520,4519,3660,2207,1,0.0019462155
Cold,105581,698,697,3660,2207,0,0.007359096
Cold,474346,2910,2909,3660,2207,1,-0.0040048673
Cold,497615,3055,3054,3660,2207,0,0.003040857
Cold,489566,3013,3012,3660,2207,0,0.0008266084
Cold,277615,1676,1675,3661,2208,0,0.007305598
Cold,327980,1941,1940,3661,2208,0,-0.0022215643
Cold,176386,1115,1114,3661,2208,0,-0.00017862418
Cold,159206,1017,1016,3661,2208,0,0.0037309988
Cold,134195,869,868,3661,2208,1,-0.0019687016
Cold,138159,889,888,3661,2208,0,0.009583674
Cold,351722,2063,2062,3661,2208,0,0.0054014307
Cold,125513,808,807,3661,2208,0,-0.009354352
Cold,107500,709,708,3661,2208,0,0.017096577
Cold,99664,665,664,3661,2208,0,0.0053946045
Cold,91615,608,607,3661,2208,0,0.00966082
Cold,308561,1837,1836,3661,2208,0,-0.00018827338
Cold,86087,563,562,3661,2208,0,-0.00157986
Cold,75881,516,515,3661,2208,0,0.004121322
Cold,57668,390,389,3661,2208,0,0.0027773455
Cold,51216,337,336,3661,2208,0,0.00488291
Cold,41256,278,277,3661,2208,0,0.008679905
Cold,291327,1737,1736,3661,2208,0,0.007920402
Cold,639042,3842,3841,3661,2208,0,-0.0021865678
Cold,2740,22,21,3661,2208,1,-0.0028771705
Cold,829078,4979,4978,3661,2208,0,0.01346466
Cold,310644,1851,1850,3661,2208,0,0.00681472
Cold,221802,1341,1340,3662,2209,0,-0.010926713
Cold,196139,1206,1205,3662,2209,1,0.0038177408
Cold,196459,1207,1206,3662,2209,0,-0.0006335346
Cold,327983,1941,1940,3662,2209,0,-0.0057336665
Cold,159207,1017,1016,3662,2209,0,-0.0034147545
Cold,342397,2015,2014,3662,2209,0,-0.007086248
Cold,156775,1010,1009,3662,2209,0,0.002124743
Cold,138160,889,888,3662,2209,0,-0.0043452485
Cold,133859,868,867,3662,2209,1,-0.0023683363
Cold,134196,869,868,3662,2209,0,-0.002521956
Cold,351723,2063,2062,3662,2209,0,-0.011940054
Cold,127075,820,819,3662,2209,0,0.0033866987
Cold,125514,808,807,3662,2209,0,-0.0029141768
Cold,107501,709,708,3662,2209,1,-2.0235078e-05
Cold,250375,1509,1508,3662,2209,0,-0.0063163172
Cold,91616,608,607,3662,2209,0,-0.010173218
Cold,308562,1837,1836,3662,2209,0,-0.00507642
Cold,86088,563,562,3662,2209,0,-0.003445205
Cold,75882,516,515,3662,2209,0,-0.0011907171
Cold,57669,390,389,3662,2209,1,-0.0013197209
Cold,51024,336,335,3662,2209,1,-0.0056181615
Cold,41927,284,283,3662,2209,0,-0.0006635251
Cold,41257,278,277,3662,2209,0,-0.003345744
Cold,291328,1737,1736,3662,2209,0,-0.006470867
Cold,33640,225,224,3662,2209,0,-0.008370193
Cold,22687,163,162,3662,2209,0,0.00020103739
Cold,14630,117,116,3662,2209,0,0.00010091835
Cold,1861,17,16,3662,2209,0,-0.016684366
Cold,11117,82,81,3662,2209,0,0.001565774
Cold,552274,3401,3400,3662,2209,0,-0.0082838815
Cold,310645,1851,1850,3662,2209,0,0.0016614964
Cold,366135,2131,2130,3662,2209,0,-0.0036092144
Cold,237842,1447,1446,3669,2211,0,-0.006672849
Cold,342405,2015,2014,3669,2211,0,-0.0033661681
Cold,272145,1645,1644,3669,2211,0,0.00063869497
Cold,102173,678,677,3669,2211,0,0.0026458714
Cold,497618,3055,3054,3669,2211,0,0.008469269
Cold,134207,869,868,3669,2211,1,0.0014469626
Cold,418619,2529,2528,3669,2211,0,-0.009681651
Cold,537876,3312,3311,3669,2211,0,-0.006205295
Cold,967295,5831,5830,3669,2211,0,0.0010212897
Cold,234925,1425,1424,3669,2211,0,-0.010393491
Cold,550046,3391,3390,3669,2211,0,-0.015031969
Cold,533256,3292,3291,3672,2213,1,0.002721655
Cold,530970,3280,3279,3672,2213,0,0.01039828
Cold,522483,3224,3223,3672,2213,0,0.0031847255
Cold,518717,3201,3200,3672,2213,1,-0.005371333
Cold,517625,3195,3194,3672,2213,0,0.001427266
Cold,515435,3182,3181,3672,2213,1,0.00021192874
Cold,527382,3261,3260,3672,2213,0,0.006988954
Cold,510230,3143,3142,3672,2213,1,-0.0072517158
Cold,539860,3320,3319,3672,2213,0,0.015044544
Cold,502116,3082,3081,3672,2213,1,0.001543409
Cold,494064,3032,3031,3672,2213,1,0.0101101585
Cold,487562,2999,2998,3672,2213,0,0.00604855
Cold,769027,4579,4578,3672,2213,1,0.009132097
Cold,599976,3650,3649,3672,2213,0,0.0043066517
Cold,479238,2941,2940,3672,2213,0,0.0031599097
Cold,697315,4169,4168,3672,2213,0,0.005965414
Cold,468386,2887,2886,3672,2213,0,-0.00063155685
Cold,880116,5317,5316,3672,2213,1,0.0029159575
Cold,463245,2857,2856,3672,2213,0,0.008211089
Cold,462565,2854,2853,3672,2213,0,-0.0026415621
Cold,487012,2996,2995,3672,2213,1,-0.00047118193
Cold,466776,2878,2877,3672,2213,1,0.006277563
Cold,447323,2756,2755,3672,2213,0,-0.006114924
Cold,445559,2748,2747,3672,2213,0,0.0008763323
Cold,437933,2676,2675,3672,2213,0,-0.006208019
Cold,456433,2810,2809,3672,2213,1,0.0018494404
Cold,418627,2529,2528,3672,2213,0,-0.0063056145
Cold,417516,2518,2517,3672,2213,1,0.011429654
Cold,425665,2583,2582,3672,2213,0,-0.0027316562
Cold,405515,2429,2428,3672,2213,1,0.0059632044
Cold,385691,2255,2254,3672,2213,1,0.0012681009
Cold,655942,3952,3951,3672,2213,1,0.005388379
Cold,377782,2205,2204,3672,2213,0,0.0103159435
Cold,361591,2109,2108,3672,2213,0,0.005667602
Cold,341550,2012,2011,3672,2213,0,-0.0020266396
Cold,336991,1983,1982,3672,2213,1,0.0017929997
Cold,305384,1816,1815,3672,2213,1,0.0074693123
Cold,271623,1642,1641,3672,2213,0,0.0016065565
Cold,261726,1599,1598,3672,2213,1,0.0044139577
Cold,247317,1495,1494,3672,2213,0,-0.0046683094
Cold,335808,1980,1979,3672,2213,0,0.0048549986
Cold,224855,1359,1358,3672,2213,0,-0.0019230541
Cold,222260,1344,1343,3672,2213,0,0.004789047
Cold,323783,1920,1919,3672,2213,0,-0.0054119853
Cold,277631,1676,1675,3672,2213,0,-0.0045847036
Cold,279105,1680,1679,3672,2213,1,0.00074709137
Cold,197663,1214,1213,3672,2213,0,0.010805357
Cold,328005,1941,1940,3672,2213,1,0.014367105
Cold,173626,1100,1099,3672,2213,0,-0.00075870147
Cold,248786,1501,1500,3672,2213,1,0.010249149
Cold,342412,2015,2014,3672,2213,0,0.005906254
Cold,324393,1922,1921,3672,2213,0,-0.0006999483
Cold,204212,1257,1256,3672,2213,0,-0.0040745153
Cold,141487,911,910,3672,2213,1,0.0041985884
Cold,131598,853,852,3672,2213,0,0.0044185575
Cold,315172,1880,1879,3672,2213,0,0.012130982
Cold,263250,1605,1604,3672,2213,0,0.002800896
Cold,124223,800,799,3672,2213,1,0.0028066176
Cold,121102,780,779,3672,2213,1,0.004863359
Cold,216413,1314,1313,3672,2213,0,0.001080283
Cold,96995,651,650,3672,2213,0,-0.0024274574
Cold,94908,637,636,3672,2213,0,-0.00729515
Cold,93769,629,628,3672,2213,1,-0.0009206543
Cold,351744,2063,2062,3672,2213,0,0.0041541876
Cold,394187,2323,2322,3672,2213,0,0.00042098772
Cold,76141,517,516,3672,2213,0,0.0042264294
Cold,73658,499,498,3672,2213,1,0.006395936
Cold,71296,479,478,3672,2213,0,0.0024326707
Cold,274194,1657,1656,3672,2213,0,0.0018073632
Cold,71987,482,481,3672,2213,0,0.0017169238
Cold,56565,378,377,3672,2213,1,0.011125404
Cold,46124,308,307,3672,2213,0,-0.0010859338
Cold,21679,157,156,3672,2213,0,0.0075769555
Cold,23248,166,165,3672,2213,0,0.0017767921
Cold,238858,1448,1447,3672,2213,0,0.00088917476
Cold,11399,87,86,3672,2213,0,0.0012605209
Cold,8126,55,54,3672,2213,1,6.4140186e-06
Cold,107889,710,709,3672,2213,0,0.0009701201
Cold,234046,1422,1421,3672,2213,0,0.003581144
Cold,95410,639,638,3672,2213,0,-0.010507889
Cold,354864,2077,2076,3672,2213,0,0.011422519
Cold,49666,329,328,3672,2213,0,0.007901839
Cold,333810,1969,1968,3672,2213,1,7.157854e-05
Cold,272860,1647,1646,3672,2213,1,0.008954892
Cold,241160,1451,1450,3672,2213,1,0.0074665174
Cold,102184,678,677,3672,2213,1,0.008669723
Cold,829995,4983,4982,3672,2213,0,-0.0062337434
Cold,959029,5787,5786,3672,2213,0,0.015812155
Cold,720443,4312,4311,3672,2213,0,0.0019301907
Cold,344816,2023,2022,3672,2213,0,0.011714205
Cold,473540,2909,2908,3672,2213,1,0.0044664405
Cold,823513,4950,4949,3672,2213,0,-0.0024473222
Cold,407768,2451,2450,3672,2213,0,0.0035996567
Cold,105584,698,697,3672,2213,0,0.0031501371
Cold,992618,5996,5995,3672,2213,0,0.0036694265
Cold,216989,1317,1316,3672,2213,0,-0.005512818
Cold,678435,4064,4063,3676,2215,0,0.0016667964
Cold,670760,4031,4030,3676,2215,1,0.0015274929
Cold,666503,4011,4010,3676,2215,0,0.0041082622
Cold,664427,4000,3999,3676,2215,0,-0.0035986586
Cold,784434,4682,4681,3676,2215,1,0.0060627414
Cold,654106,3942,3941,3676,2215,1,-0.002893604
Cold,647250,3896,3895,3676,2215,0,-0.0054260064
Cold,639058,3842,3841,3676,2215,1,0.008613741
Cold,653496,3940,3939,3676,2215,1,0.008992039
Cold,633982,3825,3824,3676,2215,0,0.0042967014
Cold,630239,3811,3810,3676,2215,1,0.011901047
Cold,628144,3804,3803,3676,2215,1,0.0024593472
Cold,629377,3808,3807,3676,2215,0,-0.0049886974
Cold,638072,3841,3840,3676,2215,1,-0.005621898
Cold,754485,4496,4495,3676,2215,1,-0.0010660338
Cold,959729,5788,5787,3676,2215,1,-0.0017981706
Cold,615611,3727,3726,3676,2215,0,0.004857423
Cold,614438,3722,3721,3676,2215,0,-0.0022762194
Cold,621183,3762,3761,3676,2215,0,0.0035661568
Cold,589605,3596,3595,3676,2215,0,0.010408313
Cold,581689,3554,3553,3676,2215,1,0.0036387986
Cold,576149,3521,3520,3676,2215,0,-0.00012459233
Cold,568302,3487,3486,3676,2215,0,0.011258084
Cold,610597,3704,3703,3676,2215,1,0.004098448
Cold,713830,4277,4276,3676,2215,1,0.004122656
Cold,593757,3618,3617,3676,2215,1,0.0019003022
Cold,566785,3478,3477,3676,2215,0,0.007820671
Cold,657099,3961,3960,3676,2215,0,-0.0009521141
Cold,560622,3447,3446,3676,2215,0,-0.0046634004
Cold,556864,3422,3421,3676,2215,0,0.006300609
Cold,552931,3402,3401,3676,2215,0,0.0136646405
Cold,543425,3346,3345,3676,2215,1,0.0134030515
Cold,534994,3301,3300,3676,2215,0,-0.002154343
Cold,521948,3222,3221,3676,2215,0,0.0044445405
Cold,521858,3220,3219,3676,2215,1,0.0032749772
Cold,522486,3224,3223,3676,2215,1,0.0046664383
Cold,519794,3207,3206,3676,2215,0,-0.0007434062
Cold,518227,3198,3197,3676,2215,1,0.010030203
Cold,514124,3173,3172,3676,2215,0,0.008124745
Cold,513912,3171,3170,3676,2215,0,0.002937541
Cold,509234,3135,3134,3676,2215,1,0.0019563981
Cold,508986,3131,3130,3676,2215,0,0.007525488
Cold,501743,3081,3080,3676,2215,0,0.0070886957
Cold,482678,2967,2966,3676,2215,1,0.0056187073
Cold,476744,2928,2927,3676,2215,0,0.008210903
Cold,697317,4169,4168,3676,2215,0,0.014517515
Cold,477147,2929,2928,3676,2215,1,-0.0019814821
Cold,473543,2909,2908,3676,2215,0,0.00037714944
Cold,511834,3158,3157,3676,2215,1,0.0043970253
Cold,462567,2854,2853,3676,2215,1,0.004629689
Cold,457871,2820,2819,3676,2215,1,0.0013516028
Cold,454831,2797,2796,3676,2215,0,0.011850793
Cold,790728,4728,4727,3676,2215,0,0.0034486975
Cold,424496,2575,2574,3676,2215,1,0.0026301888
Cold,413406,2486,2485,3676,2215,0,0.0021403204
Cold,408912,2455,2454,3676,2215,0,0.0037027723
Cold,464125,2860,2859,3676,2215,1,0.0066818404
Cold,436369,2665,2664,3676,2215,0,0.002560148
Cold,385251,2251,2250,3676,2215,1,-0.0003623115
Cold,369888,2164,2163,3676,2215,1,0.0035469667
Cold,394190,2323,2322,3676,2215,1,0.0030444516
Cold,364718,2124,2123,3676,2215,1,0.016897213
Cold,359360,2102,2101,3676,2215,0,0.0012397903
Cold,350285,2056,2055,3676,2215,1,0.004928938
Cold,352654,2064,2063,3676,2215,0,0.0071692574
Cold,348421,2042,2041,3676,2215,1,0.0028448503
Cold,346169,2030,2029,3676,2215,1,0.0021473118
Cold,344817,2023,2022,3676,2215,0,0.0035437346
Cold,326303,1931,1930,3676,2215,1,-0.0019022179
Cold,323150,1916,1915,3676,2215,0,-0.0044086473
Cold,298322,1768,1767,3676,2215,1,-0.001674483
Cold,288249,1722,1721,3676,2215,1,-0.0014415134
Cold,279111,1680,1679,3676,2215,1,-0.0013656965
Cold,274363,1658,1657,3676,2215,0,0.0047189114
Cold,268967,1632,1631,3676,2215,1,0.01240094
Cold,247636,1496,1495,3676,2215,0,0.0021199784
Cold,294265,1749,1748,3676,2215,0,0.0121738855
Cold,236915,1440,1439,3676,2215,1,0.005984978
Cold,224473,1357,1356,3676,2215,1,0.0044305692
Cold,309923,1843,1842,3676,2215,0,-0.003731268
Cold,269894,1635,1634,3676,2215,1,0.0035342572
Cold,220335,1335,1334,3676,2215,1,0.015513383
Cold,239995,1449,1448,3676,2215,1,0.0070613846
Cold,308574,1837,1836,3676,2215,1,-0.00056739873
Cold,214805,1303,1302,3676,2215,1,0.006476358
Cold,236701,1437,1436,3676,2215,1,0.00336149
Cold,181101,1132,1131,3676,2215,0,0.010685139
Cold,166428,1059,1058,3676,2215,0,0.0041542305
Cold,159220,1017,1016,3676,2215,0,-0.0015662687
Cold,158108,1015,1014,3676,2215,1,0.006683996
Cold,320037,1899,1898,3676,2215,1,-0.0069897827
Cold,153574,986,985,3676,2215,1,0.0059319707
Cold,151960,977,976,3676,2215,0,0.0011412853
Cold,459144,2826,2825,3676,2215,0,0.0052818097
Cold,201506,1242,1241,3676,2215,1,0.006038354
Cold,131126,850,849,3676,2215,1,0.015286339
Cold,128298,830,829,3676,2215,1,-0.0009947417
Cold,315176,1880,1879,3676,2215,1,0.0017870669
Cold,124852,802,801,3676,2215,0,-0.001728016
Cold,116135,752,751,3676,2215,0,0.00048462022
Cold,105585,698,697,3676,2215,1,0.0047113057
Cold,96998,651,650,3676,2215,0,-0.0017222601
Cold,284104,1698,1697,3676,2215,1,0.009050308
Cold,90629,601,600,3676,2215,0,-0.0031371738
Cold,234049,1422,1421,3676,2215,0,0.00075781066
Cold,82495,548,547,3676,2215,0,0.0034046595
Cold,190825,1181,1180,3676,2215,0,-0.0014966098
Cold,84101,550,549,3676,2215,0,0.008384924
Cold,77455,524,523,3676,2215,1,0.0052295346
Cold,75687,515,514,3676,2215,0,-0.0028936705
Cold,76657,520,519,3676,2215,1,0.012264864
Cold,57684,390,389,3676,2215,1,-0.001169427
Cold,210871,1285,1284,3676,2215,1,-0.0017131567
Cold,132425,855,854,3676,2215,0,0.011231405
Cold,42140,285,284,3676,2215,1,0.002112948
Cold,176893,1117,1116,3676,2215,1,0.00023735967
Cold,197308,1211,1210,3676,2215,1,-0.0010714007
Cold,35379,238,237,3676,2215,0,-0.0044075763
Cold,34841,235,234,3676,2215,1,0.0075096563
Cold,23253,166,165,3676,2215,1,-0.0024203816
Cold,947727,5722,5721,3676,2215,1,0.007645036
Cold,290150,1733,1732,3676,2215,0,0.0067451485
Cold,7966,53,52,3676,2215,1,0.0027159667
Cold,3349,25,24,3676,2215,0,0.005304857
Cold,4560,33,32,3676,2215,0,0.0015631414
Cold,890203,5371,5370,3676,2215,0,0.0013608369
Cold,289685,1729,1728,3676,2215,1,0.00442512
Cold,284827,1699,1698,3676,2215,0,0.0032206401
Cold,933855,5636,5635,3676,2215,0,0.0124516385
Cold,467314,2880,2879,3676,2215,1,0.0061946805
Cold,894052,5397,5396,3676,2215,1,-0.008143763
Cold,226062,1369,1368,3676,2215,1,3.505498e-05
Cold,335814,1980,1979,3676,2215,1,-0.0032133786
Cold,841469,5054,5053,3676,2215,0,-0.0010475637
Cold,372624,2176,2175,3676,2215,1,0.011870075
Cold,501258,3080,3079,3676,2215,1,0.012946386
Cold,271764,1643,1642,3676,2215,1,0.009183703
Cold,62862,424,423,3676,2215,0,0.0009559337
Cold,420954,2544,2543,3676,2215,0,0.00078391656
Cold,179086,1124,1123,3678,2216,0,0.0014127919
Cold,170016,1080,1079,3678,2216,1,-0.008875608
Cold,338096,1988,1987,3678,2216,1,0.0013241709
Cold,323790,1920,1919,3678,2216,1,0.0037742236
Cold,143865,928,927,3678,2216,1,-0.0009940917
Cold,141171,910,909,3678,2216,1,-0.001060232
Cold,138187,889,888,3678,2216,0,0.0032099728
Cold,141490,911,910,3678,2216,1,0.0057186494
Cold,459146,2826,2825,3678,2216,0,0.0040456364
Cold,123017,794,793,3678,2216,1,-0.00048606773
Cold,122917,793,792,3678,2216,1,0.002296677
Cold,115360,749,748,3678,2216,1,-0.004938401
Cold,101669,677,676,3678,2216,1,-0.0019424227
Cold,96142,646,645,3678,2216,1,-0.009595235
Cold,94577,635,634,3678,2216,1,0.0015403826
Cold,84104,550,549,3678,2216,1,-0.0046618236
Cold,74785,509,508,3678,2216,1,-0.0057054656
Cold,35381,238,237,3678,2216,0,-0.0013443214
Cold,32326,216,215,3678,2216,0,0.004527271
Cold,481774,2962,2961,3678,2216,0,-1.6523409e-05
Cold,19625,148,147,3678,2216,1,-0.0071593616
Cold,591935,3610,3609,3678,2216,0,0.0048278705
Cold,175,2,1,3678,2216,0,-0.009103026
Cold,129370,839,838,3678,2216,1,0.00495226
Cold,369265,2159,2158,3678,2216,1,0.001862524
Cold,24540,173,172,3678,2216,0,0.00087360246
Cold,50698,333,332,3678,2216,1,0.0050416877
Cold,322307,1912,1911,3678,2216,0,0.0081162155
Cold,473546,2909,2908,3678,2216,0,-0.0009678813
Cold,821708,4940,4939,3678,2216,1,0.008661605
Cold,372626,2176,2175,3679,2217,1,0.0027302732
Cold,974602,5878,5877,3679,2217,1,-0.0032282579
Cold,513694,3169,3168,3689,2225,0,-0.009837523
Cold,566202,3476,3475,3689,2225,0,-0.008448915
Cold,508592,3129,3128,3689,2225,0,-0.008954009
Cold,784440,4682,4681,3689,2225,0,0.0035518631
Cold,502123,3082,3081,3689,2225,0,0.005058551
Cold,494084,3032,3031,3689,2225,1,0.00034318073
Cold,488129,3002,3001,3689,2225,0,0.0066444324
Cold,487565,2999,2998,3689,2225,0,-0.002507593
Cold,487476,2998,2997,3689,2225,0,-0.0072074276
Cold,483936,2976,2975,3689,2225,0,-0.002407664
Cold,473561,2909,2908,3689,2225,0,0.003242308
Cold,450823,2777,2776,3689,2225,1,-0.0016327342
Cold,450251,2776,2775,3689,2225,0,0.0013284399
Cold,449589,2772,2771,3689,2225,0,-0.0041508977
Cold,420456,2541,2540,3689,2225,0,0.00900444
Cold,419746,2537,2536,3689,2225,0,-0.011238194
Cold,415495,2503,2502,3689,2225,1,-0.009157088
Cold,404515,2419,2418,3689,2225,0,-0.0048228414
Cold,402284,2402,2401,3689,2225,0,-0.0095208865
Cold,388938,2279,2278,3689,2225,0,0.008124765
Cold,382845,2237,2236,3689,2225,0,-0.0077786697
Cold,378361,2208,2207,3689,2225,0,0.0056842687
Cold,380788,2225,2224,3689,2225,0,-0.0018862975
Cold,338658,1993,1992,3689,2225,0,-0.008365715
Cold,291356,1737,1736,3689,2225,0,-0.014754356
Cold,281245,1687,1686,3689,2225,1,0.00857609
Cold,356820,2090,2089,3689,2225,0,0.0033350931
Cold,227111,1377,1376,3689,2225,0,-0.0002701208
Cold,220669,1338,1337,3689,2225,0,-0.0061965296
Cold,220841,1339,1338,3689,2225,0,-0.0057511535
Cold,262211,1600,1599,3689,2225,0,-0.0138816275
Cold,446127,2751,2750,3689,2225,0,-0.008731161
Cold,279138,1680,1679,3689,2225,0,-0.004654926
Cold,308584,1837,1836,3689,2225,0,-0.007803005
Cold,307397,1835,1834,3689,2225,1,-0.01144846
Cold,180267,1128,1127,3689,2225,0,-0.008025458
Cold,173636,1100,1099,3689,2225,0,0.009376396
Cold,328037,1941,1940,3689,2225,0,-0.007394121
Cold,272161,1645,1644,3689,2225,1,-0.0022463005
Cold,144639,933,932,3689,2225,0,-0.0057688225
Cold,123875,798,797,3689,2225,0,0.0076276623
Cold,210891,1285,1284,3689,2225,0,0.0087614
Cold,112439,731,730,3689,2225,0,-0.0020591614
Cold,98413,659,658,3689,2225,0,0.0011089547
Cold,234057,1422,1421,3689,2225,0,-0.0022953432
Cold,351766,2063,2062,3689,2225,0,-0.00021143677
Cold,97006,651,650,3689,2225,0,-0.009546198
Cold,83070,549,548,3689,2225,1,-0.0047404524
Cold,406047,2436,2435,3689,2225,0,8.307444e-05
Cold,77472,524,523,3689,2225,0,-0.008971684
Cold,119208,770,769,3689,2225,0,0.001290706
Cold,81635,543,542,3689,2225,1,-0.013144173
Cold,70422,475,474,3689,2225,0,-0.006635732
Cold,71999,482,481,3689,2225,0,-0.0012739925
Cold,70756,476,475,3689,2225,0,-9.746011e-05
Cold,68695,461,460,3689,2225,0,-0.007198791
Cold,44821,302,301,3689,2225,0,-0.0047705355
Cold,32354,216,215,3689,2225,0,-0.0013855571
Cold,238877,1448,1447,3689,2225,0,0.0044762557
Cold,15817,123,122,3689,2225,0,-0.002071253
Cold,3690,26,25,3689,2225,0,0.0022344766
Cold,326075,1930,1929,3689,2225,0,0.0010563274
Cold,829096,4979,4978,3689,2225,0,-0.0020901337
Cold,967310,5831,5830,3689,2225,0,-0.0087208375
Cold,206831,1266,1265,3689,2225,0,0.00070317136
Cold,622077,3768,3767,3689,2225,0,-0.009661123
Cold,265057,1611,1610,3689,2225,0,-0.0031965096
Cold,342427,2015,2014,3689,2225,1,-0.008647477
Cold,347998,2041,2040,3689,2225,0,-0.019164566
Cold,102199,678,677,3689,2225,0,0.0032762778
Cold,618933,3751,3750,3689,2225,0,-0.008811912
Cold,286688,1712,1711,3689,2225,0,-0.0043176915
Cold,964454,5812,5811,3689,2225,0,-0.006855036
Cold,497628,3055,3054,3689,2225,0,0.0032122738
Cold,335838,1980,1979,3689,2225,0,-0.010749322
Cold,322320,1912,1911,3689,2225,0,-0.0041309404
Cold,495150,3038,3037,3689,2225,0,-0.0004823738
Cold,62879,424,423,3689,2225,0,-0.00836388
Cold,53117,349,348,3689,2225,0,-0.0060753077
Cold,794165,4748,4747,3689,2225,0,-0.0065760845
Cold,559400,3436,3435,3689,2225,0,-0.00022254139
Cold,508596,3129,3128,3690,2226,0,-0.005115024
Cold,784443,4682,4681,3690,2226,0,0.007825309
Cold,501269,3080,3079,3690,2226,0,-0.0049079703
Cold,487477,2998,2997,3690,2226,0,0.0016499618
Cold,483938,2976,2975,3690,2226,0,-0.0062004086
Cold,473568,2909,2908,3690,2226,0,-0.014737877
Cold,450832,2777,2776,3690,2226,1,0.012352713
Cold,450252,2776,2775,3690,2226,0,0.0025361602
Cold,446128,2751,2750,3690,2226,0,0.00078291073
Cold,420459,2541,2540,3690,2226,0,-0.00040587015
Cold,419750,2537,2536,3690,2226,0,-0.008520177
Cold,415496,2503,2502,3690,2226,0,-0.0025689986
Cold,404518,2419,2418,3690,2226,0,0.0011776478
Cold,402986,2406,2405,3690,2226,0,0.00025861128
Cold,402288,2402,2401,3690,2226,0,-0.007909091
Cold,378363,2208,2207,3690,2226,0,-0.0050580464
Cold,353116,2068,2067,3690,2226,0,-0.005312209
Cold,380792,2225,2224,3690,2226,0,-0.004044544
Cold,285934,1706,1705,3690,2226,0,0.0046238718
Cold,291363,1737,1736,3690,2226,0,0.0069645466
Cold,281250,1687,1686,3690,2226,1,0.0070764506
Cold,299049,1776,1775,3690,2226,0,0.004938628
Cold,262213,1600,1599,3690,2226,0,-0.00058701856
Cold,356823,2090,2089,3690,2226,0,-0.0063327677
Cold,227117,1377,1376,3690,2226,0,-0.014116049
Cold,335849,1980,1979,3690,2226,0,0.000244556
Cold,220671,1338,1337,3690,2226,0,-0.008006132
Cold,220843,1339,1338,3690,2226,0,0.004254694
Cold,279149,1680,1679,3690,2226,0,-0.0050053596
Cold,255065,1552,1551,3690,2226,0,0.0018037045
Cold,307401,1835,1834,3690,2226,0,0.003608656
Cold,173640,1100,1099,3690,2226,0,-0.005261554
Cold,328047,1941,1940,3690,2226,0,-0.002390542
Cold,272164,1645,1644,3690,2226,1,0.001325367
Cold,185231,1150,1149,3690,2226,0,-0.0033488995
Cold,133286,860,859,3690,2226,0,0.011172915
Cold,126566,817,816,3690,2226,0,-0.002788755
Cold,234062,1422,1421,3690,2226,0,-0.0008454283
Cold,351779,2063,2062,3690,2226,0,-0.006906349
Cold,97009,651,650,3690,2226,0,-0.013134664
Cold,83074,549,548,3690,2226,0,-0.0075625265
Cold,119217,770,769,3690,2226,1,-0.0074107638
Cold,81640,543,542,3690,2226,1,-0.012823667
Cold,70424,475,474,3690,2226,0,-0.00856762
Cold,70760,476,475,3690,2226,0,-0.010000676
Cold,36776,245,244,3690,2226,0,-0.0017752973
Cold,32367,216,215,3690,2226,0,-0.00212814
Cold,25386,179,178,3690,2226,0,-0.010218833
Cold,238885,1448,1447,3690,2226,0,-0.0032174382
Cold,4204,31,30,3690,2226,1,-0.0010241066
Cold,3713,26,25,3690,2226,0,-0.0121171605
Cold,432668,2638,2637,3690,2226,0,-0.00865482
Cold,552308,3401,3400,3690,2226,0,0.0019867218
Cold,326077,1930,1929,3690,2226,0,-0.010337991
Cold,265060,1611,1610,3690,2226,0,-0.0033717349
Cold,102206,678,677,3690,2226,0,-0.011868456
Cold,964459,5812,5811,3690,2226,0,0.005160244
Cold,709937,4258,4257,3690,2226,0,-0.003948857
Cold,495151,3038,3037,3690,2226,0,-0.0072148335
Cold,226070,1369,1368,3690,2226,0,0.0058555426
Cold,587879,3589,3588,3690,2226,0,-0.0059441132
Cold,967314,5831,5830,3690,2226,0,0.0032690358
Cold,666261,4009,4008,3693,2227,0,-0.0018814085
Cold,663976,3999,3998,3693,2227,0,-0.0028764298
Cold,663459,3998,3997,3693,2227,0,-0.0015905923
Cold,662360,3993,3992,3693,2227,0,-0.013036977
Cold,652538,3934,3933,3693,2227,0,-0.0028042598
Cold,644605,3884,3883,3693,2227,0,-0.007951198
Cold,639072,3842,3841,3693,2227,1,-0.0040930295
Cold,759934,4514,4513,3693,2227,0,-0.0032833326
Cold,628345,3806,3805,3693,2227,0,-0.0047711534
Cold,628649,3807,3806,3693,2227,0,-0.009454511
Cold,629404,3808,3807,3693,2227,0,-0.010354042
Cold,627921,3801,3800,3693,2227,0,-0.008824939
Cold,638099,3841,3840,3693,2227,1,-0.009132344
Cold,623349,3771,3770,3693,2227,0,-0.0003709616
Cold,619927,3756,3755,3693,2227,0,-0.005001849
Cold,612508,3713,3712,3693,2227,0,-0.0023755403
Cold,604190,3675,3674,3693,2227,0,-0.0036731136
Cold,608824,3692,3691,3693,2227,0,-0.005775787
Cold,601977,3661,3660,3693,2227,1,-0.0015862518
Cold,621190,3762,3761,3693,2227,0,0.0020852473
Cold,633201,3824,3823,3693,2227,0,-0.010959857
Cold,596537,3626,3625,3693,2227,0,-0.0024741276
Cold,582659,3559,3558,3693,2227,1,-0.00050456345
Cold,577135,3526,3525,3693,2227,0,-0.0037619811
Cold,617061,3735,3734,3693,2227,1,-0.00211407
Cold,876200,5289,5288,3693,2227,0,-0.00561532
Cold,543908,3352,3351,3693,2227,1,-0.007304474
Cold,538922,3314,3313,3693,2227,1,-0.009204302
Cold,535974,3308,3307,3693,2227,0,-0.0012902382
Cold,647029,3894,3893,3693,2227,0,-0.00786128
Cold,512803,3163,3162,3693,2227,1,-0.01108862
Cold,508598,3129,3128,3693,2227,1,-0.008219078
Cold,499388,3067,3066,3693,2227,0,-0.0038134572
Cold,494096,3032,3031,3693,2227,0,-0.0054380475
Cold,476752,2928,2927,3693,2227,0,-0.005163937
Cold,477153,2929,2928,3693,2227,1,-0.011651911
Cold,471344,2900,2899,3693,2227,0,-0.0073503214
Cold,710299,4260,4259,3693,2227,0,0.0061354963
Cold,754903,4497,4496,3693,2227,0,-0.001070956
Cold,463268,2857,2856,3693,2227,0,-0.00073020067
Cold,457890,2820,2819,3693,2227,0,-0.0036615839
Cold,449591,2772,2771,3693,2227,0,0.0047015413
Cold,430727,2625,2624,3693,2227,0,-0.0066209314
Cold,426455,2590,2589,3693,2227,0,-0.0038771632
Cold,424707,2576,2575,3693,2227,0,-0.007328393
Cold,410439,2462,2461,3693,2227,0,-0.009081104
Cold,407250,2446,2445,3693,2227,1,-0.003371502
Cold,414558,2496,2495,3693,2227,0,-0.0065124473
Cold,436384,2665,2664,3693,2227,0,-0.005707809
Cold,388943,2279,2278,3693,2227,0,-0.003325308
Cold,385260,2251,2250,3693,2227,1,-0.014755608
Cold,376181,2194,2193,3693,2227,0,0.0044971826
Cold,374043,2181,2180,3693,2227,0,0.002784399
Cold,369901,2164,2163,3693,2227,1,-0.0022894298
Cold,367469,2145,2144,3693,2227,0,-0.009566421
Cold,345095,2024,2023,3693,2227,0,0.0060850484
Cold,320772,1902,1901,3693,2227,0,-0.005330365
Cold,305823,1820,1819,3693,2227,1,0.002805333
Cold,288253,1722,1721,3693,2227,0,-0.00507308
Cold,279157,1680,1679,3693,2227,1,0.008551349
Cold,299051,1776,1775,3693,2227,0,-0.006913068
Cold,281252,1687,1686,3693,2227,0,-0.0062479363
Cold,282616,1694,1693,3693,2227,1,-0.0042971005
Cold,267556,1626,1625,3693,2227,0,-0.001704718
Cold,265061,1611,1610,3693,2227,1,-0.0032469197
Cold,252267,1528,1527,3693,2227,1,-0.0037918552
Cold,247653,1496,1495,3693,2227,0,-0.005421162
Cold,245500,1483,1482,3693,2227,0,-0.008580497
Cold,329290,1943,1942,3693,2227,0,-0.0077055693
Cold,224480,1357,1356,3693,2227,0,-0.0047769593
Cold,289319,1727,1726,3693,2227,0,0.0037221531
Cold,214082,1300,1299,3693,2227,1,-0.0001788945
Cold,272889,1647,1646,3693,2227,0,-0.0029149782
Cold,240020,1449,1448,3693,2227,0,-0.0077774096
Cold,243914,1470,1469,3693,2227,0,-0.007501839
Cold,198800,1221,1220,3693,2227,1,-0.010538897
Cold,180271,1128,1127,3693,2227,0,0.001062654
Cold,196484,1207,1206,3693,2227,0,0.0018719587
Cold,161993,1033,1032,3693,2227,0,0.0031587956
Cold,159232,1017,1016,3693,2227,0,-0.0038416213
Cold,155853,1004,1003,3693,2227,0,0.0005168001
Cold,164505,1051,1050,3693,2227,0,-0.002924228
Cold,217012,1317,1316,3693,2227,0,-0.0058031203
Cold,156822,1010,1009,3693,2227,0,-0.010481085
Cold,138224,889,888,3693,2227,0,-0.00020556431
Cold,125532,808,807,3693,2227,0,-0.0037282642
Cold,114430,744,743,3693,2227,1,0.0010229894
Cold,112442,731,730,3693,2227,0,-0.00542601
Cold,107508,709,708,3693,2227,0,-0.012220519
Cold,105591,698,697,3693,2227,0,-0.002357188
Cold,351783,2063,2062,3693,2227,0,-0.005827595
Cold,94707,636,635,3693,2227,0,0.0009900375
Cold,92742,621,620,3693,2227,0,-0.0013083993
Cold,97010,651,650,3693,2227,1,0.0074544945
Cold,86614,566,565,3693,2227,0,-0.00028609042
Cold,238887,1448,1447,3693,2227,0,-0.0031787427
Cold,82497,548,547,3693,2227,0,-0.0058504017
Cold,77481,524,523,3693,2227,0,-0.0037818518
Cold,70426,475,474,3693,2227,0,-0.0043109353
Cold,80162,533,532,3693,2227,0,-0.0099008735
Cold,57698,390,389,3693,2227,1,0.0029855624
Cold,45272,305,304,3693,2227,0,0.0031773215
Cold,44839,302,301,3693,2227,1,-0.0035282136
Cold,36781,245,244,3693,2227,0,-0.009230936
Cold,30131,202,201,3693,2227,0,-0.008656062
Cold,25732,181,180,3693,2227,1,-0.008764934
Cold,18184,139,138,3693,2227,0,-0.007487039
Cold,14698,117,116,3693,2227,0,-0.0016111592
Cold,290171,1733,1732,3693,2227,0,-0.0060345354
Cold,8009,53,52,3693,2227,1,-0.0042577246
Cold,4602,33,32,3693,2227,0,-0.0069820876
Cold,257629,1579,1578,3693,2227,0,-0.002944626
Cold,431021,2627,2626,3693,2227,1,-0.004055692
Cold,258409,1584,1583,3693,2227,0,-0.00492228
Cold,328053,1941,1940,3693,2227,0,-0.0077445153
Cold,454577,2796,2795,3693,2227,0,-0.0002654579
Cold,234946,1425,1424,3693,2227,0,0.0033768483
Cold,501270,3080,3079,3693,2227,1,-0.006426596
Cold,565553,3475,3474,3693,2227,0,-0.0050102714
Cold,261736,1599,1598,3693,2227,0,-0.0008411048
Cold,656083,3953,3952,3693,2227,0,-0.0038398246
Cold,53128,349,348,3693,2227,0,-0.0072535737
Cold,552309,3401,3400,3694,2228,0,0.0006043649
Cold,193615,1194,1193,3694,2228,0,-0.0031404183
Cold,1912,17,16,3696,2229,0,0.0027714216
Cold,270879,1639,1638,3696,2229,1,-0.002594717
Cold,757691,4508,4507,3696,2229,1,-0.007930465
Cold,290173,1733,1732,3696,2229,0,0.010532
Cold,473571,2909,2908,3696,2229,1,0.002375474
Cold,288335,1722,1721,3709,2242,0,-0.0048216246
Cold,285830,1705,1704,3709,2242,0,-0.0012154423
Cold,279859,1680,1679,3709,2242,1,0.0047177956
Cold,277147,1675,1674,3709,2242,0,0.0029819943
Cold,271558,1641,1640,3709,2242,0,-0.0075167473
Cold,267669,1626,1625,3709,2242,0,0.005897909
Cold,256202,1562,1561,3709,2242,0,0.0018960399
Cold,247890,1496,1495,3709,2242,0,-0.0038943954
Cold,332839,1962,1961,3709,2242,0,-0.0035771457
Cold,224545,1357,1356,3709,2242,0,-0.0025801568
Cold,221844,1341,1340,3709,2242,0,0.009541091
Cold,221927,1342,1341,3709,2242,0,0.0059401365
Cold,277960,1676,1675,3709,2242,0,0.0011722972
Cold,273237,1647,1646,3709,2242,0,-0.00534855
Cold,186232,1151,1150,3709,2242,0,-0.01335623
Cold,196713,1207,1206,3709,2242,0,-0.006100661
Cold,331899,1958,1957,3709,2242,0,-0.00321236
Cold,184121,1146,1145,3709,2242,0,0.0064507807
Cold,159415,1017,1016,3709,2242,0,-0.005063768
Cold,158616,1015,1014,3709,2242,0,-0.003439668
Cold,151064,971,970,3709,2242,0,-0.008230706
Cold,150228,967,966,3709,2242,1,0.0056424434
Cold,157206,1010,1009,3709,2242,0,0.0034538866
Cold,133233,859,858,3709,2242,0,-0.016217597
Cold,255757,1557,1556,3709,2242,0,0.00052918005
Cold,92832,621,620,3709,2242,0,-0.0006786289
Cold,91687,608,607,3709,2242,0,-0.0032520206
Cold,81891,543,542,3709,2242,1,-0.009578655
Cold,239281,1448,1447,3709,2242,1,-0.006798391
Cold,54700,356,355,3709,2242,1,-0.008003162
Cold,132664,855,854,3709,2242,0,-0.0004728475
Cold,45219,305,304,3709,2242,0,0.00019379886
Cold,41229,278,277,3709,2242,0,-0.003334681
Cold,291669,1737,1736,3709,2242,0,-0.0022224968
Cold,22632,163,162,3709,2242,0,-0.0063040005
Cold,743182,4445,4444,3709,2242,1,-0.0092195645
Cold,598379,3641,3640,3709,2242,0,-0.0031051533
Cold,355146,2077,2076,3709,2242,0,-0.0032758568
Cold,182202,1137,1136,3709,2242,0,-0.004015781
Cold,882468,5329,5328,3709,2242,0,-0.0028854588
Cold,310843,1851,1850,3709,2242,0,-0.0055880775
Cold,365886,2129,2128,3709,2242,0,-0.0028928104
Cold,290505,1733,1732,3709,2242,0,0.0039748377
Cold,964605,5812,5811,3709,2242,0,-0.0012094288
Cold,207101,1266,1265,3709,2242,0,0.0028761162
Cold,164819,1051,1050,3709,2242,0,-0.0039365366
Cold,102589,678,677,3709,2242,0,-0.0029107481
Cold,328648,1941,1940,3709,2242,0,-0.011530133
Cold,177182,1117,1116,3709,2242,0,-0.0041525927
Cold,136902,881,880,3709,2242,0,-0.011025091
Cold,63331,424,423,3709,2242,0,-0.0074976184
Cold,700054,4186,4185,3709,2242,0,-0.0059132352
Cold,497733,3055,3054,3709,2242,0,0.006689882
Cold,651626,3929,3928,3710,2243,0,0.0037122671
Cold,648138,3902,3901,3710,2243,1,0.0069707995
Cold,648298,3903,3902,3710,2243,0,-0.003783416
Cold,643826,3878,3877,3710,2243,0,0.0026236316
Cold,641148,3853,3852,3710,2243,0,0.007526647
Cold,990286,5978,5977,3710,2243,0,-0.0020553954
Cold,625131,3778,3777,3710,2243,0,0.0009945545
Cold,623682,3772,3771,3710,2243,0,0.0017096512
Cold,622375,3768,3767,3710,2243,0,0.008274494
Cold,623543,3771,3770,3710,2243,0,0.011979887
Cold,617482,3737,3736,3710,2243,1,0.005088766
Cold,615810,3727,3726,3710,2243,0,0.00769923
Cold,611968,3709,3708,3710,2243,0,0.00038175704
Cold,603487,3672,3671,3710,2243,0,0.0104797995
Cold,633603,3824,3823,3710,2243,0,0.007814981
Cold,596874,3626,3625,3710,2243,1,0.004718979
Cold,588146,3589,3588,3710,2243,0,0.004374338
Cold,586528,3579,3578,3710,2243,0,0.0021696864
Cold,759370,4510,4509,3710,2243,0,0.009417731
Cold,583674,3562,3561,3710,2243,0,0.010864502
Cold,572465,3507,3506,3710,2243,0,0.007909177
Cold,616323,3729,3728,3710,2243,0,0.007991876
Cold,557021,3422,3421,3710,2243,0,0.009602016
Cold,554200,3410,3409,3710,2243,0,0.013991021
Cold,539049,3314,3313,3710,2243,1,0.00844345
Cold,537468,3311,3310,3710,2243,0,0.008969764
Cold,639336,3842,3841,3710,2243,0,0.013847036
Cold,542443,3336,3335,3710,2243,0,0.013168389
Cold,525150,3242,3241,3710,2243,0,-0.0004513422
Cold,517709,3195,3194,3710,2243,0,0.0031514138
Cold,517119,3191,3190,3710,2243,0,0.0044371756
Cold,515084,3180,3179,3710,2243,0,0.011150036
Cold,513131,3163,3162,3710,2243,0,0.0032973576
Cold,606028,3681,3680,3710,2243,0,0.0069415206
Cold,504915,3107,3106,3710,2243,0,0.0027105843
Cold,498013,3056,3055,3710,2243,0,0.0059467186
Cold,550567,3391,3390,3710,2243,0,0.011308024
Cold,494494,3032,3031,3710,2243,0,0.004599764
Cold,486410,2994,2993,3710,2243,1,-0.0014355334
Cold,600292,3650,3649,3710,2243,0,0.0061802617
Cold,483997,2976,2975,3710,2243,0,0.011692264
Cold,480885,2952,2951,3710,2243,0,0.0051326267
Cold,697762,4169,4168,3710,2243,0,0.016039534
Cold,474077,2909,2908,3710,2243,0,0.005553768
Cold,468649,2887,2886,3710,2243,0,0.007507342
Cold,467831,2883,2882,3710,2243,0,0.0076047364
Cold,463588,2857,2856,3710,2243,0,0.0138790365
Cold,434505,2649,2648,3710,2243,0,0.009496574
Cold,429298,2611,2610,3710,2243,0,0.015221973
Cold,419948,2537,2536,3710,2243,0,0.010277042
Cold,418251,2527,2526,3710,2243,0,-0.00045882538
Cold,407046,2445,2444,3710,2243,0,0.005192362
Cold,449474,2771,2770,3710,2243,0,0.019738913
Cold,400535,2383,2382,3710,2243,0,0.0033145784
Cold,405573,2429,2428,3710,2243,0,0.0024147637
Cold,407829,2451,2450,3710,2243,0,0.0072889095
Cold,389105,2279,2278,3710,2243,0,-0.00364856
Cold,384995,2249,2248,3710,2243,0,-0.004749503
Cold,370084,2164,2163,3710,2243,0,0.014539694
Cold,359577,2102,2101,3710,2243,0,0.002225996
Cold,341809,2012,2011,3710,2243,0,0.000326209
Cold,338667,1993,1992,3710,2243,0,0.008506972
Cold,340924,2010,2009,3710,2243,0,0.0006535919
Cold,337220,1983,1982,3710,2243,0,0.003177044
Cold,293444,1747,1746,3710,2243,0,0.0048974985
Cold,298563,1770,1769,3710,2243,0,0.012890389
Cold,291683,1737,1736,3710,2243,0,-0.0042005857
Cold,289031,1726,1725,3710,2243,0,0.009423531
Cold,271107,1639,1638,3710,2243,0,0.010114302
Cold,286335,1709,1708,3710,2243,0,-0.00039094966
Cold,267329,1624,1623,3710,2243,0,0.007102395
Cold,266065,1613,1612,3710,2243,0,0.0071119703
Cold,232360,1410,1409,3710,2243,0,0.005020177
Cold,356920,2090,2089,3710,2243,0,0.010319257
Cold,227325,1377,1376,3710,2243,0,0.013340723
Cold,224779,1358,1357,3710,2243,0,0.0026037518
Cold,308913,1837,1836,3710,2243,0,0.006301079
Cold,192594,1185,1184,3710,2243,0,-0.006783327
Cold,191431,1181,1180,3710,2243,0,0.0028376959
Cold,186694,1155,1154,3710,2243,0,0.0062360074
Cold,180460,1128,1127,3710,2243,0,0.0019678455
Cold,180032,1127,1126,3710,2243,0,0.0094543975
Cold,328680,1941,1940,3710,2243,0,0.007346278
Cold,275722,1667,1666,3710,2243,0,0.0062127374
Cold,186242,1151,1150,3710,2243,0,0.010138197
Cold,155016,999,998,3710,2243,0,0.003402329
Cold,185759,1150,1149,3710,2243,0,0.005534677
Cold,157225,1010,1009,3710,2243,0,0.010100415
Cold,202682,1244,1243,3710,2243,0,0.014058533
Cold,315566,1880,1879,3710,2243,0,0.011539288
Cold,118761,767,766,3710,2243,1,0.003748601
Cold,112937,732,731,3710,2243,1,0.016611822
Cold,714163,4277,4276,3710,2243,0,0.00584354
Cold,352313,2063,2062,3710,2243,0,0.018613972
Cold,480297,2946,2945,3710,2243,0,-0.0009473467
Cold,150790,970,969,3710,2243,0,0.011086045
Cold,84996,552,551,3710,2243,0,-0.003450585
Cold,83518,549,548,3710,2243,0,0.013808054
Cold,239305,1448,1447,3710,2243,0,0.013732469
Cold,119520,770,769,3710,2243,0,0.0007052362
Cold,75510,513,512,3710,2243,0,0.004812565
Cold,81909,543,542,3710,2243,1,0.012062709
Cold,70522,475,474,3710,2243,0,0.010447783
Cold,70929,476,475,3710,2243,1,0.007905731
Cold,240510,1449,1448,3710,2243,0,0.0083112335
Cold,53940,352,351,3710,2243,0,0.011602656
Cold,40500,272,271,3710,2243,0,0.006316843
Cold,38999,264,263,3710,2243,0,0.0093727745
Cold,221618,1340,1339,3710,2243,0,0.0081882095
Cold,627079,3792,3791,3710,2243,0,0.0078086727
Cold,32230,216,215,3710,2243,0,0.008308215
Cold,29997,202,201,3710,2243,0,0.0064448332
Cold,25671,181,180,3710,2243,0,0.013949376
Cold,15713,123,122,3710,2243,0,0.01075349
Cold,10640,76,75,3710,2243,0,0.0025049641
Cold,787439,4708,4707,3710,2243,0,0.0023679277
Cold,145906,937,936,3710,2243,0,0.006095231
Cold,599469,3648,3647,3710,2243,0,0.0056152665
Cold,564724,3471,3470,3710,2243,0,0.008870907
Cold,299217,1776,1775,3710,2243,0,0.004905871
Cold,967550,5831,5830,3710,2243,0,0.008327358
Cold,193891,1194,1193,3710,2243,0,0.009943805
Cold,63355,424,423,3710,2243,0,0.014275931
Cold,273256,1647,1646,3710,2243,0,0.005939522
Cold,860385,5172,5171,3710,2243,0,0.0038756067
Cold,349399,2050,2049,3713,2245,1,0.015675692
Cold,107382,706,705,3713,2245,1,0.006086258
Cold,100477,670,669,3713,2245,0,0.0133975195
Cold,432233,2634,2633,3713,2245,0,0.011619784
Cold,239307,1448,1447,3713,2245,1,0.020737402
Cold,47636,319,318,3713,2245,1,0.0060212365
Cold,35344,238,237,3713,2245,0,0.0021526744
Cold,21784,158,157,3713,2245,1,0.003656962
Cold,1832,17,16,3713,2245,1,0.0020027477
Cold,207126,1266,1265,3713,2245,1,0.004367198
Cold,102617,678,677,3713,2245,1,0.0052192886
Cold,336343,1980,1979,3713,2245,1,0.01522268
Cold,992991,5998,5997,3713,2245,1,0.008537871
Cold,554613,3411,3410,3713,2245,0,0.0030505736
Cold,474078,2909,2908,3713,2245,1,0.009450957
Cold,285516,1701,1700,3713,2245,1,0.004275574
Cold,739604,4418,4417,3713,2245,1,-0.003263191
Cold,554921,3412,3411,3713,2245,1,0.005694364
Cold,178752,1121,1120,3713,2245,1,0.009544101
Cold,261954,1599,1598,3713,2245,1,0.0065791253
Cold,13181,102,101,3713,2245,1,0.004557899
Cold,384789,2247,2246,3713,2245,1,0.016388446
Cold,616720,3732,3731,3713,2245,0,0.011316971
Cold,293955,1748,1747,3713,2245,1,0.012954975
Cold,974722,5878,5877,3713,2245,1,-0.0022890787
Cold,102618,678,677,3714,2246,1,-0.010522505
Cold,145100,934,933,3714,2246,0,-0.0017827558
Cold,115536,749,748,3714,2246,0,-0.008371518
Cold,609750,3695,3694,3714,2246,0,-0.010928106
Cold,748350,4467,4466,3714,2246,0,-0.0006159039
Cold,860387,5172,5171,3714,2246,0,-0.007840581
Cold,217783,1321,1320,3715,2247,0,0.0017126809
Cold,215705,1306,1305,3715,2247,0,-0.0042232256
Cold,279898,1680,1679,3715,2247,1,-0.002281059
Cold,261955,1599,1598,3715,2247,0,-0.010446035
Cold,307696,1835,1834,3715,2247,0,-7.2942814e-05
Cold,328684,1941,1940,3715,2247,0,0.009986915
Cold,185763,1150,1149,3715,2247,0,-0.010196649
Cold,142524,919,918,3715,2247,0,0.004192304
Cold,315568,1880,1879,3715,2247,0,-0.002553505
Cold,117996,762,761,3715,2247,1,-0.0029998312
Cold,240512,1449,1448,3715,2247,0,-0.0030222887
Cold,352315,2063,2062,3715,2247,0,0.0011117964
Cold,140768,904,903,3715,2247,0,0.007254934
Cold,228546,1383,1382,3715,2247,0,-0.001593498
Cold,86837,566,565,3715,2247,0,-0.0034743964
Cold,53943,352,351,3715,2247,0,-0.007937485
Cold,25116,176,175,3715,2247,1,0.004193164
Cold,239310,1448,1447,3715,2247,0,-0.008127136
Cold,49587,329,328,3715,2247,0,-0.0024410156
Cold,331918,1958,1957,3715,2247,0,-0.014383161
Cold,474079,2909,2908,3715,2247,1,-0.007582626
Cold,63357,424,423,3715,2247,0,-0.0024032416
Cold,588147,3589,3588,3715,2247,0,-0.0052099694
Cold,992737,5996,5995,3715,2247,0,0.0017538164
Cold,893495,5394,5393,3715,2247,0,-0.011503487
Cold,934026,5636,5635,3715,2247,0,-0.0018313217
Cold,193893,1194,1193,3715,2247,0,-0.005390078
Cold,550571,3391,3390,3715,2247,0,-0.007472507
Cold,207128,1266,1265,3716,2248,0,0.0013269817
Cold,102620,678,677,3716,2248,1,0.00500232
Cold,352316,2063,2062,3716,2248,0,-0.001502831
Cold,418972,2529,2528,3716,2248,1,-0.0014673732
Cold,331919,1958,1957,3716,2248,0,0.004382349
Cold,157229,1010,1009,3716,2248,0,-0.0020635035
Cold,992738,5996,5995,3716,2248,0,-0.0018987525
Cold,129687,839,838,3718,2250,0,-0.010042459
Cold,195765,1203,1202,3720,2251,1,-0.010927033
Cold,521808,3219,3218,3720,2251,0,-0.00935545
Cold,500532,3074,3073,3720,2251,0,0.0016574352
Cold,28365,195,194,3720,2251,1,-0.003348229
Cold,748059,4465,4464,3720,2251,0,-0.004334404
Cold,665327,4005,4004,3720,2251,0,-0.0030481536
Cold,17031,133,132,3720,2251,0,-0.0039950837
Cold,16152,127,126,3720,2251,0,-0.0033429319
Cold,503481,3093,3092,3720,2251,1,-0.0024843044
Cold,204761,1260,1259,3720,2251,0,-0.0031459185
Cold,564744,3471,3470,3720,2251,1,-0.007469474
Cold,61393,412,411,3720,2251,1,-0.0026417538
Cold,29489,201,200,3720,2251,0,-0.009362632
Cold,803345,4809,4808,3720,2251,0,0.007839198
Cold,146446,943,942,3720,2251,1,0.010907732
Cold,261971,1599,1598,3720,2251,1,-0.004776489
Cold,90036,593,592,3720,2251,1,-0.0012985353
Cold,714180,4277,4276,3720,2251,1,0.003889092
Cold,476492,2926,2925,3720,2251,1,-0.004974991
Cold,285534,1701,1700,3720,2251,0,-0.005926603
Cold,241487,1451,1450,3720,2251,1,-0.004089019
Cold,565797,3475,3474,3720,2251,0,0.0025643276
Cold,336376,1980,1979,3720,2251,1,-0.01059565
Cold,102654,678,677,3720,2251,1,-0.005057596
Cold,235274,1425,1424,3720,2251,1,0.003294649
Cold,172095,1088,1087,3720,2251,1,-0.0053579956
Cold,346723,2031,2030,3720,2251,1,0.0013883887
Cold,778386,4647,4646,3724,2253,1,-0.0029729991
Cold,929295,5614,5613,3724,2253,1,-0.013995318
Cold,769324,4580,4579,3724,2253,1,-0.009756496
Cold,781801,4666,4665,3724,2253,1,-0.0073619024
Cold,756553,4506,4505,3724,2253,1,-0.011721507
Cold,749417,4472,4471,3724,2253,1,-0.0048749913
Cold,752067,4482,4481,3724,2253,1,-0.0061739394
Cold,742823,4440,4439,3724,2253,1,-0.004040737
Cold,737807,4408,4407,3724,2253,1,-0.0031939442
Cold,728550,4354,4353,3724,2253,0,0.0002883654
Cold,718340,4303,4302,3724,2253,1,-0.009155858
Cold,714801,4279,4278,3724,2253,1,-0.0016291761
Cold,704107,4222,4221,3724,2253,0,-0.008162028
Cold,701917,4207,4206,3724,2253,1,-0.013652995
Cold,692601,4144,4143,3724,2253,0,-0.00504941
Cold,744517,4447,4446,3724,2253,0,0.00084357336
Cold,679746,4072,4071,3724,2253,1,-0.015183283
Cold,678881,4064,4063,3724,2253,0,-0.0087002255
Cold,674445,4048,4047,3724,2253,1,0.0013191378
Cold,667711,4016,4015,3724,2253,1,0.0034339018
Cold,660465,3981,3980,3724,2253,0,-0.0026191338
Cold,660108,3978,3977,3724,2253,1,-0.0048823263
Cold,653733,3940,3939,3724,2253,1,-0.0038043726
Cold,647448,3898,3897,3724,2253,0,-0.00784419
Cold,643841,3878,3877,3724,2253,1,-0.0072094593
Cold,642114,3860,3859,3724,2253,1,-0.0055542
Cold,632671,3823,3822,3724,2253,0,-0.008810879
Cold,638593,3841,3840,3724,2253,1,-0.0064709373
Cold,611395,3705,3704,3724,2253,1,-0.010903131
Cold,726825,4345,4344,3724,2253,0,-0.002533513
Cold,604539,3675,3674,3724,2253,0,-0.009384923
Cold,590293,3600,3599,3724,2253,1,-0.0052311295
Cold,759385,4510,4509,3724,2253,0,-0.01087344
Cold,714181,4277,4276,3724,2253,1,-0.0070861313
Cold,594344,3618,3617,3724,2253,0,-0.00572225
Cold,566495,3476,3475,3724,2253,0,-0.0072482377
Cold,549542,3390,3389,3724,2253,1,-0.0022760327
Cold,548112,3380,3379,3724,2253,1,0.0027784412
Cold,543514,3346,3345,3724,2253,1,-0.014662741
Cold,539615,3319,3318,3724,2253,1,0.0027652304
Cold,533656,3292,3291,3724,2253,0,-0.005112188
Cold,523940,3229,3228,3724,2253,0,-0.0112265125
Cold,518919,3201,3200,3724,2253,1,-0.0014557876
Cold,994091,6002,6001,3724,2253,1,-0.0056572305
Cold,505331,3108,3107,3724,2253,1,-0.0045510773
Cold,546220,3367,3366,3724,2253,1,-0.015607896
Cold,480309,2946,2945,3724,2253,0,-0.010198651
Cold,697790,4169,4168,3724,2253,1,-0.012079556
Cold,458288,2820,2819,3724,2253,0,-0.011599757
Cold,447026,2753,2752,3724,2253,1,-0.003413622
Cold,439680,2685,2684,3724,2253,0,-0.017515115
Cold,436711,2665,2664,3724,2253,0,-0.012040831
Cold,433796,2643,2642,3724,2253,0,-0.001981529
Cold,430603,2624,2623,3724,2253,1,-0.00997518
Cold,428879,2609,2608,3724,2253,1,-0.0032940079
Cold,424380,2573,2572,3724,2253,0,0.00052709004
Cold,427099,2592,2591,3724,2253,1,-0.008983849
Cold,425816,2583,2582,3724,2253,0,-0.010975093
Cold,414958,2497,2496,3724,2253,1,-0.012701584
Cold,414772,2496,2495,3724,2253,0,-0.009520709
Cold,402520,2402,2401,3724,2253,0,0.003414115
Cold,410925,2465,2464,3724,2253,1,-0.0067513157
Cold,398350,2368,2367,3724,2253,1,0.0024484948
Cold,396725,2348,2347,3724,2253,0,-0.0004121852
Cold,390784,2293,2292,3724,2253,1,-0.0046593724
Cold,389747,2287,2286,3724,2253,1,0.0057614334
Cold,383037,2237,2236,3724,2253,1,-0.008689686
Cold,385423,2251,2250,3724,2253,1,-0.0054579074
Cold,377461,2203,2202,3724,2253,1,-0.025724309
Cold,372152,2173,2172,3724,2253,0,-0.004925293
Cold,372913,2177,2176,3724,2253,1,-0.009398339
Cold,359591,2102,2101,3724,2253,0,0.00044757
Cold,357716,2092,2091,3724,2253,0,-0.0036900872
Cold,354344,2073,2072,3724,2253,1,-0.015103507
Cold,352755,2064,2063,3724,2253,1,-0.014067475
Cold,343240,2016,2015,3724,2253,1,-0.007627817
Cold,323290,1916,1915,3724,2253,1,-0.0037192823
Cold,312497,1861,1860,3724,2253,0,0.0082816575
Cold,298385,1768,1767,3724,2253,1,-0.005539817
Cold,275737,1667,1666,3724,2253,0,-0.018210247
Cold,271658,1642,1641,3724,2253,0,-0.0053808615
Cold,279959,1680,1679,3724,2253,1,-0.0058299406
Cold,259679,1587,1586,3724,2253,0,-0.009543467
Cold,346403,2030,2029,3724,2253,1,-0.005117627
Cold,260211,1591,1590,3724,2253,1,-0.009750657
Cold,231772,1404,1403,3724,2253,0,-0.0076537994
Cold,243027,1465,1464,3724,2253,1,-0.0007812979
Cold,296630,1758,1757,3724,2253,1,-0.006269579
Cold,211935,1290,1289,3724,2253,1,-0.0008838747
Cold,199643,1224,1223,3724,2253,1,-0.011912022
Cold,320348,1899,1898,3724,2253,1,-0.021043895
Cold,158679,1015,1014,3724,2253,0,-0.01174251
Cold,153318,984,983,3724,2253,1,-0.00835025
Cold,324047,1920,1919,3724,2253,0,-0.007883215
Cold,138837,889,888,3724,2253,0,-0.018592237
Cold,315599,1880,1879,3724,2253,0,-0.008582347
Cold,349406,2050,2049,3724,2253,1,-0.006047629
Cold,106934,702,701,3724,2253,0,-0.017235935
Cold,103602,688,687,3724,2253,1,-0.0075280014
Cold,317057,1884,1883,3724,2253,1,-0.0050171195
Cold,94645,635,634,3724,2253,1,0.0020263516
Cold,96259,646,645,3724,2253,1,-0.0015238995
Cold,284531,1698,1697,3724,2253,1,-0.01088264
Cold,394312,2323,2322,3724,2253,0,-0.005486222
Cold,85688,558,557,3724,2253,1,-0.0014592474
Cold,68894,461,460,3724,2253,0,0.006261593
Cold,211369,1285,1284,3724,2253,1,-0.00010572863
Cold,132705,855,854,3724,2253,0,-0.007138921
Cold,61395,412,411,3724,2253,1,-0.013531052
Cold,145512,935,934,3724,2253,1,-0.0008593225
Cold,35354,238,237,3724,2253,1,-0.0052789105
Cold,148870,957,956,3724,2253,1,-0.008857401
Cold,22065,161,160,3724,2253,1,-0.004561622
Cold,947792,5722,5721,3724,2253,1,-0.0099184485
Cold,12744,97,96,3724,2253,1,0.0030684941
Cold,9402,62,61,3724,2253,0,-0.001820019
Cold,967565,5831,5830,3724,2253,1,-0.015771385
Cold,60887,411,410,3724,2253,1,-0.007455629
Cold,15738,123,122,3724,2253,0,-0.012994316
Cold,182238,1137,1136,3724,2253,0,-0.011158892
Cold,328736,1941,1940,3724,2253,0,-0.0019166656
Cold,172098,1088,1087,3724,2253,1,-0.01136253
Cold,322715,1912,1911,3724,2253,0,-0.003776167
Cold,841596,5054,5053,3724,2253,1,-0.002570613
Cold,795642,4765,4764,3724,2253,0,0.0024647936
Cold,319597,1897,1896,3724,2253,1,-0.012307394
Cold,739609,4418,4417,3724,2253,0,-0.008385963
Cold,276476,1671,1670,3724,2253,1,-0.0035249298
Cold,160429,1019,1018,3724,2253,0,-0.019158628
Cold,25928,183,182,3724,2253,1,-0.014664829
Cold,776826,4639,4638,3724,2253,0,-0.007271693
Cold,290547,1733,1732,3724,2253,1,-0.023680046
Cold,325057,1925,1924,3724,2253,0,-0.00022602244
Cold,748353,4467,4466,3724,2253,0,-0.0033331441
Cold,860391,5172,5171,3724,2253,1,-0.0021125162
Cold,461321,2846,2845,3725,2254,0,0.008205066
Cold,467093,2878,2877,3725,2254,1,-0.0011021867
Cold,409818,2457,2456,3725,2254,0,0.0008409745
Cold,402521,2402,2401,3725,2254,0,-0.0032109316
Cold,390194,2288,2287,3725,2254,0,0.0084050745
Cold,384997,2249,2248,3725,2254,1,0.0061271377
Cold,378011,2205,2204,3725,2254,0,-0.002584312
Cold,371339,2170,2169,3725,2254,0,-0.0036717206
Cold,714182,4277,4276,3725,2254,1,-0.0023246724
Cold,359011,2100,2099,3725,2254,1,-0.0029179873
Cold,338377,1988,1987,3725,2254,0,-0.0076229544
Cold,335105,1977,1976,3725,2254,1,0.010814126
Cold,293447,1747,1746,3725,2254,1,-0.0020470317
Cold,292010,1740,1739,3725,2254,1,-0.0056756046
Cold,331028,1954,1953,3725,2254,0,0.0015680154
Cold,282096,1692,1691,3725,2254,1,-0.007432979
Cold,270236,1635,1634,3725,2254,0,-0.0077862386
Cold,269300,1632,1631,3725,2254,0,-0.006285586
Cold,260520,1592,1591,3725,2254,1,-0.008825593
Cold,252083,1525,1524,3725,2254,0,-0.0021336763
Cold,237241,1442,1441,3725,2254,1,0.0031205611
Cold,247400,1495,1494,3725,2254,0,-0.0070561776
Cold,226795,1375,1374,3725,2254,0,0.0017637534
Cold,279960,1680,1679,3725,2254,1,-0.006109557
Cold,180473,1128,1127,3725,2254,0,0.0067430725
Cold,173860,1100,1099,3725,2254,0,0.005760246
Cold,346405,2030,2029,3725,2254,0,-0.0048159845
Cold,165834,1057,1056,3725,2254,0,-0.0042701024
Cold,169673,1077,1076,3725,2254,0,-0.0035693091
Cold,147679,951,950,3725,2254,0,-0.009275343
Cold,324597,1922,1921,3725,2254,0,0.0018874028
Cold,135201,875,874,3725,2254,1,-0.00022890803
Cold,315600,1880,1879,3725,2254,0,-0.006500724
Cold,86262,563,562,3725,2254,0,-0.00045636017
Cold,83550,549,548,3725,2254,1,-0.00218772
Cold,84533,550,549,3725,2254,0,-0.0073870257
Cold,86849,566,565,3725,2254,0,-0.0009537507
Cold,51210,337,336,3725,2254,1,0.00061928015
Cold,323445,1917,1916,3725,2254,0,-0.0033257823
Cold,32255,216,215,3725,2254,0,0.006952383
Cold,967566,5831,5830,3725,2254,0,-0.011786454
Cold,4937,35,34,3725,2254,0,-0.0021057883
Cold,382142,2232,2231,3725,2254,1,0.008938267
Cold,207155,1266,1265,3725,2254,1,0.007334555
Cold,421242,2544,2543,3725,2254,1,-0.005166917
Cold,317058,1884,1883,3725,2254,1,-0.0006778594
Cold,572490,3507,3506,3725,2254,0,0.005258219
Cold,160430,1019,1018,3725,2254,0,0.0054161893
Cold,639356,3842,3841,3725,2254,0,-0.0078277625
Cold,874160,5277,5276,3725,2254,0,-0.006983891
Cold,261271,1597,1596,3725,2254,0,-0.0019082564
Cold,959113,5787,5786,3725,2254,0,0.0021367916
Cold,271133,1639,1638,3726,2255,1,0.003599451
Cold,312498,1861,1860,3726,2255,0,0.0019307993
Cold,259133,1586,1585,3726,2255,1,-0.0074944105
Cold,222848,1349,1348,3726,2255,1,0.0037451629
Cold,210341,1284,1283,3726,2255,0,-0.0040724124
Cold,328738,1941,1940,3726,2255,1,0.009314725
Cold,267341,1624,1623,3726,2255,1,-0.00868415
Cold,165356,1053,1052,3726,2255,0,0.0002800076
Cold,163335,1044,1043,3726,2255,1,0.0010673547
Cold,213098,1297,1296,3726,2255,0,0.0022207745
Cold,152062,977,976,3726,2255,0,0.00352963
Cold,151402,974,973,3726,2255,0,-0.001749251
Cold,129703,839,838,3726,2255,1,0.0075497315
Cold,147545,949,948,3726,2255,1,0.0034635346
Cold,114575,744,743,3726,2255,1,0.003763212
Cold,130614,846,845,3726,2255,1,-0.00096641365
Cold,97212,651,650,3726,2255,0,-0.00215314
Cold,295068,1752,1751,3726,2255,1,0.0028402316
Cold,394313,2323,2322,3726,2255,0,-0.009013305
Cold,80793,536,535,3726,2255,1,-0.005839248
Cold,77900,524,523,3726,2255,1,0.00334247
Cold,63394,424,423,3726,2255,1,0.0059645437
Cold,42422,289,288,3726,2255,1,0.0030019355
Cold,451868,2781,2780,3726,2255,1,0.00790461
Cold,15942,125,124,3726,2255,1,-0.0015909469
Cold,13572,107,106,3726,2255,1,-0.010284094
Cold,4002,29,28,3726,2255,1,0.0016949156
Cold,482041,2962,2961,3726,2255,0,0.0034563756
Cold,119541,770,769,3726,2255,0,-0.0022723905
Cold,24484,173,172,3726,2255,0,-0.004738245
Cold,293964,1748,1747,3726,2255,0,-0.002355369
Cold,388240,2271,2270,3726,2255,1,-0.004861593
Cold,322717,1912,1911,3726,2255,0,-0.008021817
Cold,631833,3821,3820,3726,2255,1,-0.0029921716
Cold,238291,1447,1446,3726,2255,0,0.0036157197
Cold,415875,2504,2503,3726,2255,0,0.002809965
Cold,290548,1733,1732,3726,2255,1,-0.004949202
Cold,195044,1202,1201,3726,2255,0,0.000834994
Cold,560584,3446,3445,3727,2256,1,0.0081192665
Cold,549278,3389,3388,3727,2256,0,0.010448465
Cold,714184,4277,4276,3727,2256,1,0.01977051
Cold,645474,3885,3884,3727,2256,1,-0.0009119087
Cold,544460,3356,3355,3727,2256,1,0.0056682257
Cold,719434,4309,4308,3727,2256,1,0.013621818
Cold,547666,3378,3377,3727,2256,1,-0.0028277587
Cold,539060,3314,3313,3727,2256,1,0.009948682
Cold,670782,4031,4030,3727,2256,0,-0.0031317957
Cold,816225,4899,4898,3727,2256,0,0.017474405
Cold,490978,3018,3017,3727,2256,1,0.013405302
Cold,485862,2990,2989,3727,2256,1,0.008112152
Cold,476923,2928,2927,3727,2256,0,0.0051306663
Cold,473038,2908,2907,3727,2256,0,-0.00350867
Cold,755001,4497,4496,3727,2256,1,0.005090324
Cold,451553,2779,2778,3727,2256,1,0.000565741
Cold,431216,2627,2626,3727,2256,0,-0.0028449628
Cold,428327,2605,2604,3727,2256,1,0.009749167
Cold,426627,2590,2589,3727,2256,1,0.010100104
Cold,602538,3665,3664,3727,2256,0,0.011931246
Cold,421525,2546,2545,3727,2256,0,0.0029512616
Cold,421245,2544,2543,3727,2256,1,0.0050035496
Cold,418999,2529,2528,3727,2256,0,0.01439124
Cold,416940,2507,2506,3727,2256,1,0.014500314
Cold,411824,2475,2474,3727,2256,0,-0.006059458
Cold,409819,2457,2456,3727,2256,1,0.010789267
Cold,409334,2456,2455,3727,2256,1,0.00032618502
Cold,393276,2310,2309,3727,2256,1,0.010481823
Cold,385425,2251,2250,3727,2256,1,0.012855591
Cold,370098,2164,2163,3727,2256,1,0.013117643
Cold,394314,2323,2322,3727,2256,1,0.013367563
Cold,350394,2056,2055,3727,2256,1,-0.0024483711
Cold,350163,2055,2054,3727,2256,1,0.004947923
Cold,340950,2010,2009,3727,2256,0,0.012410525
Cold,333555,1968,1967,3727,2256,0,0.015195388
Cold,317059,1884,1883,3727,2256,1,0.01651167
Cold,306105,1822,1821,3727,2256,1,-0.0023199427
Cold,288342,1722,1721,3727,2256,1,0.00031104498
Cold,277178,1675,1674,3727,2256,1,0.012513283
Cold,286341,1709,1708,3727,2256,1,0.0024037235
Cold,264259,1607,1606,3727,2256,0,0.005098912
Cold,247920,1496,1495,3727,2256,1,-0.00070259674
Cold,284533,1698,1697,3727,2256,1,0.006446429
Cold,217786,1321,1320,3727,2256,0,0.0060755345
Cold,209171,1276,1275,3727,2256,1,0.004374992
Cold,279961,1680,1679,3727,2256,1,0.0002533025
Cold,328739,1941,1940,3727,2256,0,0.0049239183
Cold,187186,1161,1160,3727,2256,0,0.0028733432
Cold,307730,1835,1834,3727,2256,1,0.0001492612
Cold,176426,1115,1114,3727,2256,1,0.004225156
Cold,173862,1100,1099,3727,2256,1,0.0009024206
Cold,172317,1089,1088,3727,2256,1,0.0044761496
Cold,184144,1146,1145,3727,2256,1,0.011952842
Cold,163336,1044,1043,3727,2256,1,0.00091541663
Cold,162065,1033,1032,3727,2256,1,0.018325593
Cold,159442,1017,1016,3727,2256,0,0.0028940886
Cold,154467,996,995,3727,2256,1,0.004312716
Cold,149774,963,962,3727,2256,0,0.006724153
Cold,185791,1150,1149,3727,2256,0,0.011251638
Cold,138840,889,888,3727,2256,0,0.014180427
Cold,135865,877,876,3727,2256,1,0.009445093
Cold,133305,860,859,3727,2256,1,0.006325563
Cold,128373,830,829,3727,2256,1,0.0036449349
Cold,125650,808,807,3727,2256,1,-0.0018955264
Cold,125091,802,801,3727,2256,1,0.0044007376
Cold,211372,1285,1284,3727,2256,1,0.010795646
Cold,292804,1743,1742,3727,2256,1,0.0039556553
Cold,97213,651,650,3727,2256,1,0.0060660862
Cold,352364,2063,2062,3727,2256,0,0.0124529265
Cold,140784,904,903,3727,2256,0,0.0038917183
Cold,80794,536,535,3727,2256,0,0.010308844
Cold,82553,548,547,3727,2256,1,-0.0069762515
Cold,77901,524,523,3727,2256,1,0.011845292
Cold,66858,449,448,3727,2256,1,0.0026755785
Cold,57650,390,389,3727,2256,1,-0.0034915535
Cold,63395,424,423,3727,2256,1,0.00839896
Cold,53980,352,351,3727,2256,1,0.0036596386
Cold,41243,278,277,3727,2256,1,-0.0031012374
Cold,15740,123,122,3727,2256,1,-0.0009708917
Cold,290549,1733,1732,3727,2256,0,0.002509657
Cold,4508,33,32,3727,2256,0,0.0018667467
Cold,5231,36,35,3727,2256,1,0.0063599814
Cold,432885,2638,2637,3727,2256,0,0.00745388
Cold,773552,4610,4609,3727,2256,1,0.009613769
Cold,102655,678,677,3727,2256,1,0.014831704
Cold,28366,195,194,3727,2256,0,7.916428e-05
Cold,366293,2131,2130,3727,2256,1,0.006346087
Cold,959114,5787,5786,3727,2256,1,0.007951038
Cold,527649,3261,3260,3728,2257,1,0.00102868
Cold,528371,3265,3264,3728,2257,0,-0.005614616
Cold,916972,5539,5538,3728,2257,1,-0.004884263
Cold,522974,3224,3223,3728,2257,1,-0.0020830357
Cold,490979,3018,3017,3728,2257,1,-0.00028353836
Cold,482899,2967,2966,3728,2257,1,-0.012299741
Cold,481206,2955,2954,3728,2257,0,-0.0005444695
Cold,466212,2874,2873,3728,2257,0,-0.0046194703
Cold,458290,2820,2819,3728,2257,1,0.0025415781
Cold,454278,2794,2793,3728,2257,1,0.0050489865
Cold,448575,2764,2763,3728,2257,1,0.0011410811
Cold,441119,2700,2699,3728,2257,1,-0.0039011938
Cold,697793,4169,4168,3728,2257,1,-0.00062829955
Cold,431218,2627,2626,3728,2257,1,0.007835936
Cold,421246,2544,2543,3728,2257,1,-0.005712522
Cold,415876,2504,2503,3728,2257,1,-0.0037073623
Cold,413029,2484,2483,3728,2257,0,-0.008537499
Cold,365293,2125,2124,3728,2257,1,-0.0019012871
Cold,343780,2018,2017,3728,2257,1,-0.0031607952
Cold,334794,1974,1973,3728,2257,0,-0.00307625
Cold,326427,1932,1931,3728,2257,1,0.0052725533
Cold,323291,1916,1915,3728,2257,1,-0.0054910835
Cold,325059,1925,1924,3728,2257,1,0.00425481
Cold,310330,1847,1846,3728,2257,1,-0.004506368
Cold,310284,1846,1845,3728,2257,1,0.0030382306
Cold,305961,1820,1819,3728,2257,1,-0.0007471335
Cold,282097,1692,1691,3728,2257,1,-0.0007411572
Cold,274765,1661,1660,3728,2257,1,-0.000651506
Cold,279962,1680,1679,3728,2257,1,0.007462186
Cold,271134,1639,1638,3728,2257,1,-0.0009999862
Cold,333556,1968,1967,3728,2257,1,0.005232058
Cold,315601,1880,1879,3728,2257,1,0.0021836967
Cold,227462,1378,1377,3728,2257,1,-0.0034496784
Cold,220474,1335,1334,3728,2257,1,0.00230564
Cold,336378,1980,1979,3728,2257,1,0.00014246884
Cold,296631,1758,1757,3728,2257,1,0.001810218
Cold,211374,1285,1284,3728,2257,0,-0.0032040824
Cold,308935,1837,1836,3728,2257,1,0.004717738
Cold,322718,1912,1911,3728,2257,0,-0.0054927673
Cold,185792,1150,1149,3728,2257,1,0.0037361428
Cold,307731,1835,1834,3728,2257,1,-0.002911713
Cold,172318,1089,1088,3728,2257,1,-0.002902092
Cold,184145,1146,1145,3728,2257,0,-0.00020386104
Cold,164069,1050,1049,3728,2257,0,-0.011012148
Cold,169674,1077,1076,3728,2257,0,0.009973737
Cold,160432,1019,1018,3728,2257,1,-0.0022421104
Cold,153870,989,988,3728,2257,0,0.0053715403
Cold,149054,958,957,3728,2257,1,-0.0018072454
Cold,191469,1181,1180,3728,2257,0,-0.017462663
Cold,133485,862,861,3728,2257,0,-0.004150576
Cold,111374,724,723,3728,2257,0,-0.0049364083
Cold,392933,2307,2306,3728,2257,1,-0.003987835
Cold,295069,1752,1751,3728,2257,1,-0.0029707784
Cold,329587,1943,1942,3728,2257,1,-0.0027832447
Cold,284535,1698,1697,3728,2257,1,-7.5510005e-05
Cold,320895,1902,1901,3728,2257,1,0.0029718722
Cold,83551,549,548,3728,2257,1,-0.003138105
Cold,77902,524,523,3728,2257,1,-0.009410713
Cold,47660,319,318,3728,2257,0,-0.009565527
Cold,408438,2453,2452,3728,2257,1,-0.008723649
Cold,33625,225,224,3728,2257,1,-0.011108521
Cold,27613,193,192,3728,2257,1,-0.008806941
Cold,15742,123,122,3728,2257,1,-0.005982905
Cold,340237,2008,2007,3728,2257,1,-0.0011195379
Cold,8178,56,55,3728,2257,1,-0.0055005793
Cold,295,5,4,3728,2257,0,0.0050623496
Cold,357717,2092,2091,3728,2257,0,-0.0018555683
Cold,66199,442,441,3728,2257,0,-7.054722e-05
Cold,207157,1266,1265,3728,2257,0,-0.007121218
Cold,482042,2962,2961,3728,2257,1,0.0005495262
Cold,908441,5493,5492,3728,2257,1,-0.0049962765
Cold,158682,1015,1014,3728,2257,1,-0.011191634
Cold,140785,904,903,3728,2257,0,0.0030414646
Cold,24486,173,172,3728,2257,1,-0.0021898123
Cold,257950,1579,1578,3728,2257,1,0.0024906083
Cold,290551,1733,1732,3728,2257,0,-0.007750474
Cold,31084,208,207,3728,2257,1,-0.011174073
Cold,460865,2841,2840,3728,2257,1,-0.009438468
Cold,532398,3285,3284,3728,2257,1,-0.0050892597
Cold,16153,127,126,3728,2257,1,-0.00072518736
Cold,50315,331,330,3728,2257,1,-0.004384264
Cold,940316,5675,5674,3728,2257,1,-0.0072343666
Cold,20153,149,148,3728,2257,1,0.0012114965
Cold,860392,5172,5171,3728,2257,1,-0.005325866
Cold,380948,2225,2224,3728,2257,1,-0.00047092396
Cold,739610,4418,4417,3728,2257,1,1.2724195e-05
Cold,204187,1256,1255,3728,2257,1,0.0058968514
Cold,550603,3391,3390,3728,2257,1,0.001979244
Cold,211402,1285,1284,3732,2260,1,-0.0040721535
Cold,41254,278,277,3732,2260,1,-0.0059574903
Cold,36679,245,244,3732,2260,0,-0.0058691925
Cold,639372,3842,3841,3732,2260,0,-0.009406685
Cold,458306,2820,2819,3732,2260,0,-0.010515286
Cold,490992,3018,3017,3732,2260,1,-0.0016027908
Cold,102673,678,677,3732,2260,0,-0.009146338
Cold,714205,4277,4276,3732,2260,0,-0.0022516379
Cold,967576,5831,5830,3732,2260,0,-0.0127115045
Cold,63424,424,423,3732,2260,1,-0.0064767567
Cold,241500,1451,1450,3732,2260,0,-0.0033833506
Cold,252220,1527,1526,3738,2263,0,-0.011278106
Cold,160458,1019,1018,3738,2263,0,0.0077183796
Cold,631844,3821,3820,3738,2263,0,-0.006667748
Cold,50903,335,334,3738,2263,0,0.005397737
Cold,43689,300,299,3738,2263,1,-0.0042768186
Cold,38385,261,260,3738,2263,0,-0.0023620739
Cold,947800,5722,5721,3738,2263,1,7.8353565e-05
Cold,9413,62,61,3738,2263,0,0.005956633
Cold,357734,2092,2091,3738,2263,1,-0.0004463005
Cold,238316,1447,1446,3738,2263,1,0.0053884075
Cold,158710,1015,1014,3738,2263,1,-0.002236101
Cold,962012,5795,5794,3738,2263,1,-0.0093847215
Cold,841608,5054,5053,3738,2263,0,-0.009928859
Cold,319618,1897,1896,3738,2263,1,0.00020079967
Cold,63427,424,423,3738,2263,1,0.0015298591
Cold,397442,2353,2352,3738,2263,1,-0.010515659
Cold,821763,4940,4939,3738,2263,0,0.00194478
Cold,263745,1605,1604,3743,2267,0,0.0037148688
Cold,111094,721,720,3743,2267,0,0.008253943
Cold,907895,5492,5491,3743,2267,0,0.0075571286
Cold,476503,2926,2925,3743,2267,0,0.0006307161
Cold,682826,4085,4084,3743,2267,0,0.004044868
Cold,46527,310,309,3743,2267,1,-0.0037006466
Cold,313045,1865,1864,3743,2267,0,-0.0002298383
Cold,924214,5580,5579,3743,2267,1,-0.000657341
Cold,497448,3054,3053,3743,2267,0,0.0010432736
Cold,811521,4867,4866,3743,2267,1,0.006756613
Cold,776970,4640,4639,3743,2267,0,-0.0015778361
Cold,521812,3219,3218,3743,2267,0,-0.00024036405
Cold,967597,5831,5830,3743,2267,1,-0.0016139939
Cold,272426,1645,1644,3743,2267,1,2.5704503e-07
Cold,311398,1854,1853,3743,2267,0,-0.0009627931
Cold,295795,1755,1754,3743,2267,0,0.0048726564
Cold,172144,1088,1087,3743,2267,0,-0.0052351635
Cold,996746,6016,6015,3746,2270,0,0.0015830498
Cold,209005,1274,1273,3746,2270,1,0.009634411
Cold,801840,4802,4801,3746,2270,1,-0.002044714
Cold,93436,624,623,3746,2270,0,0.000997168
Cold,523955,3229,3228,3746,2270,1,0.014024237
Cold,796403,4771,4770,3746,2270,1,-0.003283232
Cold,807798,4834,4833,3746,2270,1,0.0019845243
Cold,223125,1352,1351,3746,2270,1,0.011764448
Cold,28429,195,194,3746,2270,1,-0.0035362397
Cold,301577,1791,1790,3747,2271,1,0.0012829371
Cold,224371,1356,1355,3747,2271,0,-0.0061525037
Cold,309976,1843,1842,3747,2271,1,-0.003928804
Cold,213123,1297,1296,3747,2271,1,-0.0037300487
Cold,212190,1291,1290,3747,2271,1,-0.001460548
Cold,211446,1285,1284,3747,2271,1,-0.00046230992
Cold,207694,1270,1269,3747,2271,0,0.005435588
Cold,220488,1335,1334,3747,2271,1,-0.00017250166
Cold,196889,1208,1207,3747,2271,1,-0.002136893
Cold,232621,1413,1412,3747,2271,0,-0.004576383
Cold,201253,1241,1240,3747,2271,1,-0.000964428
Cold,349077,2047,2046,3747,2271,1,0.002598165
Cold,156389,1009,1008,3747,2271,1,0.0038574324
Cold,158744,1015,1014,3747,2271,1,0.0026086105
Cold,150135,966,965,3747,2271,1,-0.0035415748
Cold,225336,1362,1361,3747,2271,0,-0.006040317
Cold,812361,4875,4874,3747,2271,0,0.0006431944
Cold,132849,856,855,3747,2271,1,0.0018863673
Cold,197498,1211,1210,3747,2271,1,-0.002268558
Cold,182261,1137,1136,3747,2271,0,-0.003988862
Cold,199675,1224,1223,3747,2271,1,0.0022148602
Cold,128383,830,829,3747,2271,1,-0.0008818181
Cold,407840,2451,2450,3747,2271,0,-0.0132927485
Cold,132742,855,854,3747,2271,1,-0.003319732
Cold,187843,1164,1163,3747,2271,1,-0.00050837104
Cold,292810,1743,1742,3747,2271,0,-0.0031810997
Cold,103551,687,686,3747,2271,1,-0.0007041078
Cold,101775,677,676,3747,2271,0,0.0042417683
Cold,129043,838,837,3747,2271,1,-0.0065232604
Cold,714237,4277,4276,3747,2271,1,-0.0006405079
Cold,89661,590,589,3747,2271,1,-0.003990814
Cold,148001,953,952,3747,2271,1,-0.0109946355
Cold,330834,1952,1951,3747,2271,1,-0.009539539
Cold,682034,4084,4083,3747,2271,1,0.0011041879
Cold,77967,524,523,3747,2271,1,-0.0014425758
Cold,64404,429,428,3747,2271,0,-0.0060292245
Cold,57683,390,389,3747,2271,1,-0.013462832
Cold,57256,386,385,3747,2271,0,0.0032643476
Cold,46128,308,307,3747,2271,1,-0.0044817333
Cold,43474,299,298,3747,2271,1,-0.0068490617
Cold,806019,4823,4822,3747,2271,1,-0.0070218877
Cold,33662,225,224,3747,2271,1,0.005219296
Cold,31577,214,213,3747,2271,1,0.0011757367
Cold,452167,2784,2783,3747,2271,1,-0.0011974401
Cold,965938,5825,5824,3747,2271,1,-0.006032651
Cold,947806,5722,5721,3747,2271,1,-0.012729846
Cold,192790,1186,1185,3747,2271,1,-0.0058017094
Cold,314436,1877,1876,3747,2271,1,-0.00066609425
Cold,16166,127,126,3747,2271,0,-0.0073290663
Cold,201825,1242,1241,3747,2271,1,-2.169283e-06
Cold,7960,53,52,3747,2271,1,-0.005083982
Cold,217394,1317,1316,3747,2271,1,0.0001105328
Cold,24530,173,172,3747,2271,1,-0.0028900085
Cold,432257,2634,2633,3747,2271,0,-0.00015838258
Cold,56381,376,375,3747,2271,0,0.0016902719
Cold,653759,3940,3939,3747,2271,1,-0.010047279
Cold,761289,4522,4521,3747,2271,0,-0.00062890584
Cold,204794,1260,1259,3747,2271,0,-0.0055018
Cold,289715,1729,1728,3747,2271,0,-0.007728414
Cold,844464,5074,5073,3747,2271,1,-0.006700291
Cold,400039,2380,2379,3747,2271,0,-0.0049942657
Cold,635706,3832,3831,3747,2271,0,-0.00017343683
Cold,877187,5300,5299,3747,2271,1,-0.0069799013
Cold,232055,1407,1406,3747,2271,1,-0.010048318
Cold,203722,1252,1251,3747,2271,0,0.00037818984
Cold,319635,1897,1896,3747,2271,1,0.0015794241
Cold,258639,1584,1583,3747,2271,0,-0.0035993457
Cold,556658,3420,3419,3747,2271,1,-0.007354736
Cold,261284,1597,1596,3747,2271,1,-0.004700181
Cold,500542,3074,3073,3747,2271,1,-0.012030326
Cold,799521,4790,4789,3747,2271,0,0.005490071
Cold,431245,2627,2626,3747,2271,0,-0.0005183334
Cold,336440,1980,1979,3747,2271,1,-0.013837654
Cold,50356,331,330,3747,2271,1,-0.0059013674
Cold,116659,752,751,3747,2271,0,0.0050484743
Cold,93091,623,622,3747,2271,1,-0.0012196031
Cold,908456,5493,5492,3747,2271,1,-0.0005795909
Cold,47711,319,318,3747,2271,0,0.00035987096
Cold,313046,1865,1864,3747,2271,0,-0.00522508
Cold,284579,1698,1697,3747,2271,1,0.0001798661
Cold,235320,1425,1424,3747,2271,1,-0.0009826308
Cold,67898,454,453,3747,2271,1,-0.009402508
Cold,847306,5090,5089,3747,2271,1,-0.0068916352
Cold,764690,4543,4542,3747,2271,0,-0.008464895
Cold,808586,4842,4841,3747,2271,1,-0.0040682764
Cold,346732,2031,2030,3747,2271,1,-0.014311824
Cold,550672,3391,3390,3747,2271,1,-0.004626278
Cold,565061,3473,3472,3747,2271,0,-0.0029106876
Cold,967617,5831,5830,3758,2277,0,-0.009790704
Cold,496303,3050,3049,3758,2277,0,-0.0046341075
Cold,480352,2946,2945,3758,2277,0,-0.007951133
Cold,755027,4497,4496,3758,2277,0,-0.007690626
Cold,463684,2857,2856,3758,2277,0,-0.0013966176
Cold,465250,2868,2867,3758,2277,0,-0.00041108695
Cold,458354,2820,2819,3758,2277,0,0.001321448
Cold,454393,2795,2794,3758,2277,0,0.0038756924
Cold,445734,2748,2747,3758,2277,0,-0.010728542
Cold,400586,2383,2382,3758,2277,0,-0.0028008032
Cold,393353,2312,2311,3758,2277,0,0.003076165
Cold,389161,2279,2278,3758,2277,1,-0.0044079483
Cold,378058,2205,2204,3758,2277,0,-0.0007751335
Cold,376246,2194,2193,3758,2277,0,-0.008796411
Cold,371875,2172,2171,3758,2277,0,-0.008546615
Cold,370818,2167,2166,3758,2277,0,0.00054534525
Cold,356598,2088,2087,3758,2277,0,0.00278092
Cold,341013,2010,2009,3758,2277,0,-0.003941954
Cold,324629,1922,1921,3758,2277,0,-0.0036389008
Cold,299288,1776,1775,3758,2277,1,-4.8513757e-06
Cold,293333,1746,1745,3758,2277,1,-0.0004527017
Cold,291017,1736,1735,3758,2277,0,0.003406116
Cold,292621,1741,1740,3758,2277,0,-0.0054389397
Cold,269357,1632,1631,3758,2277,0,-0.0074751223
Cold,258109,1580,1579,3758,2277,0,-0.0050263307
Cold,333597,1968,1967,3758,2277,0,-0.0016038476
Cold,227383,1377,1376,3758,2277,0,0.004082896
Cold,325643,1926,1925,3758,2277,1,-0.005254446
Cold,220116,1333,1332,3758,2277,0,-0.000935848
Cold,278095,1676,1675,3758,2277,0,-0.0087930085
Cold,273363,1647,1646,3758,2277,1,-0.011592789
Cold,206142,1264,1263,3758,2277,0,0.005690785
Cold,215167,1303,1302,3758,2277,0,-0.007282461
Cold,244255,1470,1469,3758,2277,0,0.0022444334
Cold,280115,1680,1679,3758,2277,1,-0.0025603562
Cold,185898,1150,1149,3758,2277,0,-0.00874836
Cold,181683,1135,1134,3758,2277,0,0.0059665013
Cold,177737,1119,1118,3758,2277,0,-0.004725797
Cold,337286,1983,1982,3758,2277,0,-0.00546598
Cold,138961,889,888,3758,2277,0,0.002633107
Cold,315677,1880,1879,3758,2277,0,0.002125096
Cold,141745,911,910,3758,2277,0,0.0022850852
Cold,113506,735,734,3758,2277,0,-0.0017737295
Cold,240642,1449,1448,3758,2277,0,-0.011894188
Cold,91010,602,601,3758,2277,0,0.003324506
Cold,86288,563,562,3758,2277,0,-0.008460712
Cold,239434,1448,1447,3758,2277,0,0.0046940697
Cold,84614,550,549,3758,2277,0,-0.011498172
Cold,54078,352,351,3758,2277,0,-0.006542735
Cold,132761,855,854,3758,2277,0,-0.00019631488
Cold,338425,1988,1987,3758,2277,0,-0.01131928
Cold,23271,166,165,3758,2277,0,-0.0059709707
Cold,17652,136,135,3758,2277,1,-0.00087028346
Cold,5884,42,41,3758,2277,1,-0.004127919
Cold,482096,2962,2961,3758,2277,0,-0.0029196101
Cold,238379,1447,1446,3758,2277,0,-0.0021915957
Cold,102728,678,677,3758,2277,1,-0.0063885236
Cold,964650,5812,5811,3758,2277,0,-0.0038014993
Cold,310923,1851,1850,3758,2277,0,0.003166374
Cold,63510,424,423,3758,2277,0,-0.006654798
Cold,721562,4318,4317,3766,2281,1,0.0034329745
Cold,694110,4156,4155,3766,2281,1,0.00235862
Cold,691471,4139,4138,3766,2281,0,0.0017952935
Cold,690941,4135,4134,3766,2281,1,0.00789604
Cold,692193,4140,4139,3766,2281,0,-0.0027650734
Cold,685615,4098,4097,3766,2281,0,0.0064051147
Cold,681859,4083,4082,3766,2281,0,-0.0029319637
Cold,677648,4061,4060,3766,2281,1,0.00093832565
Cold,677294,4058,4057,3766,2281,0,-0.0047475584
Cold,674912,4049,4048,3766,2281,0,-0.0012782491
Cold,673733,4045,4044,3766,2281,0,-0.005623518
Cold,720700,4312,4311,3766,2281,0,-0.0013297054
Cold,669932,4026,4025,3766,2281,0,0.003918366
Cold,668833,4021,4020,3766,2281,1,-0.00097258296
Cold,666107,4007,4006,3766,2281,0,-0.0054517398
Cold,738894,4414,4413,3766,2281,0,0.0008567604
Cold,665358,4005,4004,3766,2281,0,0.00546604
Cold,663326,3997,3996,3766,2281,1,-0.0009770276
Cold,660128,3978,3977,3766,2281,1,-0.001964175
Cold,658110,3965,3964,3766,2281,1,-0.008431589
Cold,657307,3962,3961,3766,2281,1,0.0031108935
Cold,651711,3929,3928,3766,2281,0,0.0059123775
Cold,642132,3860,3859,3766,2281,1,0.00011578086
Cold,630046,3808,3807,3766,2281,0,-0.009281755
Cold,638738,3841,3840,3766,2281,1,-0.0027760302
Cold,625261,3778,3777,3766,2281,0,-0.0052009057
Cold,622465,3768,3767,3766,2281,0,-0.00045066676
Cold,959965,5788,5787,3766,2281,0,-0.0019318052
Cold,611490,3705,3704,3766,2281,1,0.00577964
Cold,606813,3683,3682,3766,2281,0,0.0070278435
Cold,633740,3824,3823,3766,2281,0,0.007142322
Cold,595421,3621,3620,3766,2281,0,0.004964478
Cold,597007,3626,3625,3766,2281,1,-0.0067771
Cold,588231,3589,3588,3766,2281,0,-0.0023775455
Cold,586564,3579,3578,3766,2281,0,-0.0007831119
Cold,585927,3576,3575,3766,2281,0,0.0038141801
Cold,585368,3574,3573,3766,2281,1,-0.00039933715
Cold,594482,3618,3617,3766,2281,0,0.001224048
Cold,569809,3493,3492,3766,2281,0,0.0012726281
Cold,569574,3491,3490,3766,2281,0,0.0009774505
Cold,714280,4277,4276,3766,2281,0,0.003737442
Cold,563939,3469,3468,3766,2281,0,0.0071437918
Cold,570520,3499,3498,3766,2281,0,-0.0038859772
Cold,559735,3439,3438,3766,2281,0,0.0009631802
Cold,572587,3507,3506,3766,2281,1,0.0049944418
Cold,552744,3401,3400,3766,2281,0,0.007130186
Cold,551517,3397,3396,3766,2281,0,0.01110172
Cold,577637,3526,3525,3766,2281,0,0.003361484
Cold,645533,3885,3884,3766,2281,0,0.0027804375
Cold,542529,3336,3335,3766,2281,0,0.0011059227
Cold,532823,3290,3289,3766,2281,0,-0.0004632193
Cold,544192,3353,3352,3766,2281,0,0.0019596554
Cold,524270,3231,3230,3766,2281,1,-0.0108264405
Cold,515150,3180,3179,3766,2281,0,-0.0027728332
Cold,697911,4169,4168,3766,2281,0,0.0049228426
Cold,513262,3163,3162,3766,2281,0,0.0052571152
Cold,606131,3681,3680,3766,2281,0,0.0025396994
Cold,494632,3032,3031,3766,2281,1,0.0061864024
Cold,488048,3001,3000,3766,2281,1,0.0054771295
Cold,486464,2994,2993,3766,2281,0,0.0027945815
Cold,600391,3650,3649,3766,2281,0,-0.00039087282
Cold,480364,2946,2945,3766,2281,0,0.0024352786
Cold,474242,2909,2908,3766,2281,1,0.00640948
Cold,470228,2895,2894,3766,2281,0,0.0014610223
Cold,463704,2857,2856,3766,2281,0,0.0114195235
Cold,518972,3201,3200,3766,2281,0,-0.0022113589
Cold,449516,2771,2770,3766,2281,0,0.0036163686
Cold,449697,2772,2771,3766,2281,1,0.0029139307
Cold,415317,2500,2499,3766,2281,0,0.0038600313
Cold,413084,2484,2483,3766,2281,1,0.0052229133
Cold,407086,2445,2444,3766,2281,0,0.012213787
Cold,410690,2463,2462,3766,2281,0,-0.0020136703
Cold,387417,2264,2263,3766,2281,0,-0.0029221484
Cold,368972,2156,2155,3766,2281,0,0.0014265394
Cold,357788,2092,2091,3766,2281,0,-0.0056177317
Cold,337302,1983,1982,3766,2281,0,-0.00471148
Cold,297812,1764,1763,3766,2281,1,0.005881598
Cold,291022,1736,1735,3766,2281,0,0.0032627976
Cold,291778,1737,1736,3766,2281,0,-0.0068847844
Cold,275796,1667,1666,3766,2281,0,0.0011912301
Cold,289088,1726,1725,3766,2281,0,0.00028599752
Cold,283350,1696,1695,3766,2281,0,-0.0009171625
Cold,227394,1377,1376,3766,2281,0,-0.012495185
Cold,273380,1647,1646,3766,2281,0,0.0017687764
Cold,198934,1221,1220,3766,2281,0,-0.0012591234
Cold,191624,1181,1180,3766,2281,0,-0.00012409699
Cold,186718,1155,1154,3766,2281,0,0.0028821542
Cold,307815,1835,1834,3766,2281,0,0.0018529935
Cold,180533,1128,1127,3766,2281,0,-0.0038026187
Cold,180056,1127,1126,3766,2281,0,0.002230061
Cold,155074,999,998,3766,2281,0,-0.003838534
Cold,152722,983,982,3766,2281,0,0.0013526826
Cold,277255,1675,1674,3766,2281,0,-0.008197697
Cold,138989,889,888,3766,2281,0,0.0095667215
Cold,315706,1880,1879,3766,2281,0,-0.0038091538
Cold,124048,798,797,3766,2281,0,-0.0024759201
Cold,121918,785,784,3766,2281,0,-0.004179136
Cold,475856,2919,2918,3766,2281,0,0.0006264963
Cold,114611,744,743,3766,2281,0,0.0026210817
Cold,97625,654,653,3766,2281,0,-0.008749728
Cold,96288,646,645,3766,2281,0,0.009368354
Cold,88122,580,579,3766,2281,0,0.00045406603
Cold,83659,549,548,3766,2281,0,0.014586246
Cold,71204,477,476,3766,2281,0,0.001846824
Cold,70556,475,474,3766,2281,1,0.0015027336
Cold,68951,461,460,3766,2281,0,0.0011959383
Cold,64886,435,434,3766,2281,1,-0.0008930894
Cold,75182,509,508,3766,2281,0,0.0052253213
Cold,240668,1449,1448,3766,2281,0,0.0062466776
Cold,52364,344,343,3766,2281,0,0.0014607126
Cold,40590,272,271,3766,2281,1,-0.0015571589
Cold,36780,245,244,3766,2281,0,-0.0059970473
Cold,22737,163,162,3766,2281,0,0.0032272497
Cold,239451,1448,1447,3766,2281,0,0.0028683078
Cold,19659,148,147,3766,2281,0,-0.0021224346
Cold,18183,139,138,3766,2281,1,-0.0009421264
Cold,15829,123,122,3766,2281,0,0.00069170026
Cold,144323,929,928,3766,2281,0,0.0005706686
Cold,432954,2638,2637,3766,2281,0,-0.007293898
Cold,265363,1611,1610,3766,2281,0,0.0037429547
Cold,129787,839,838,3766,2281,0,0.0020812147
Cold,238406,1447,1446,3766,2281,0,0.006663607
Cold,110006,716,715,3766,2281,1,-0.005933722
Cold,234449,1422,1421,3766,2281,0,0.005869773
Cold,431280,2627,2626,3766,2281,0,-0.0020105215
Cold,116708,752,751,3766,2281,0,0.0002600057
Cold,773050,4607,4606,3766,2281,0,0.0035063075
Cold,322818,1912,1911,3766,2281,0,0.0046930597
Cold,174412,1101,1100,3766,2281,0,0.016198322
Cold,63530,424,423,3766,2281,0,-0.0032318756
Cold,241567,1451,1450,3766,2281,0,0.005538237
Cold,431772,2629,2628,3767,2282,0,0.0029750788
Cold,430797,2625,2624,3767,2282,0,0.0034118604
Cold,415318,2500,2499,3767,2282,0,0.0009529735
Cold,413085,2484,2483,3767,2282,0,0.009904665
Cold,407087,2445,2444,3767,2282,0,0.005701611
Cold,337303,1983,1982,3767,2282,0,0.009129553
Cold,357790,2092,2091,3767,2282,0,0.002797137
Cold,291024,1736,1735,3767,2282,0,-0.0027306266
Cold,291779,1737,1736,3767,2282,0,0.0067099696
Cold,275797,1667,1666,3767,2282,0,-0.0045093126
Cold,289089,1726,1725,3767,2282,0,5.299598e-05
Cold,266177,1613,1612,3767,2282,0,0.0031633596
Cold,283351,1696,1695,3767,2282,0,0.0070962664
Cold,227395,1377,1376,3767,2282,0,-0.008642765
Cold,273382,1647,1646,3767,2282,0,0.0019715908
Cold,198935,1221,1220,3767,2282,0,0.005158292
Cold,198007,1216,1215,3767,2282,0,0.01591544
Cold,191626,1181,1180,3767,2282,0,0.0036058922
Cold,307816,1835,1834,3767,2282,0,0.009799507
Cold,155076,999,998,3767,2282,0,0.0064037447
Cold,270321,1635,1634,3767,2282,0,0.011572791
Cold,277256,1675,1674,3767,2282,0,0.0021553948
Cold,138991,889,888,3767,2282,0,-0.0028636185
Cold,315708,1880,1879,3767,2282,0,0.0014818618
Cold,124050,798,797,3767,2282,0,0.013596563
Cold,121919,785,784,3767,2282,0,0.00088204246
Cold,475857,2919,2918,3767,2282,0,0.002204286
Cold,114612,744,743,3767,2282,0,0.00832171
Cold,83662,549,548,3767,2282,0,-0.0038372455
Cold,234451,1422,1421,3767,2282,0,0.0077996533
Cold,68953,461,460,3767,2282,0,-0.004365919
Cold,240672,1449,1448,3767,2282,0,0.010756213
Cold,52365,344,343,3767,2282,0,-0.0043047294
Cold,41995,284,283,3767,2282,0,0.0006378435
Cold,363520,2116,2115,3767,2282,0,0.007435026
Cold,40593,272,271,3767,2282,0,0.00049264496
Cold,24729,174,173,3767,2282,0,0.009112111
Cold,19661,148,147,3767,2282,0,-0.009692863
Cold,432956,2638,2637,3767,2282,0,0.002980968
Cold,238409,1447,1446,3767,2282,0,0.005356005
Cold,10352,73,72,3767,2282,0,0.0130600175
Cold,931534,5626,5625,3767,2282,1,-0.0035976474
Cold,322820,1912,1911,3767,2282,0,0.0023747054
Cold,63532,424,423,3767,2282,0,-0.0016042656
Cold,114614,744,743,3768,2283,0,0.0074140015
Cold,97276,651,650,3768,2283,0,-0.008278361
Cold,88123,580,579,3768,2283,0,0.0072158133
Cold,70559,475,474,3768,2283,0,-0.004734914
Cold,68955,461,460,3768,2283,0,-0.00015000434
Cold,75186,509,508,3768,2283,0,0.008352428
Cold,240675,1449,1448,3768,2283,0,0.0036031618
Cold,52367,344,343,3768,2283,0,-0.0012449994
Cold,40596,272,271,3768,2283,0,-0.0058073187
Cold,26688,188,187,3768,2283,0,-0.004550888
Cold,24730,174,173,3768,2283,0,0.0028827214
Cold,19664,148,147,3768,2283,1,0.004536731
Cold,432958,2638,2637,3768,2283,0,-0.0022515454
Cold,265367,1611,1610,3768,2283,0,0.005421743
Cold,238412,1447,1446,3768,2283,0,-0.0025419574
Cold,10354,73,72,3768,2283,0,0.009419272
Cold,273384,1647,1646,3768,2283,0,0.0049631847
Cold,329668,1943,1942,3768,2283,0,-0.0009700814
Cold,599565,3648,3647,3768,2283,0,0.008024793
Cold,931536,5626,5625,3768,2283,1,-0.0050761504
Cold,714284,4277,4276,3768,2283,0,-0.00268267
Cold,679894,4075,4074,3769,2284,1,0.005760441
Cold,677651,4061,4060,3769,2284,0,0.00684153
Cold,674916,4049,4048,3769,2284,1,0.003562639
Cold,673734,4045,4044,3769,2284,0,-0.00040769717
Cold,668838,4021,4020,3769,2284,1,-0.005500985
Cold,664378,3999,3998,3769,2284,0,-0.0040240446
Cold,663331,3997,3996,3769,2284,1,0.0050984775
Cold,659581,3974,3973,3769,2284,1,-0.006489695
Cold,657830,3964,3963,3769,2284,1,-0.007332209
Cold,656953,3958,3957,3769,2284,1,0.010242537
Cold,656408,3955,3954,3769,2284,1,-0.003842494
Cold,653291,3938,3937,3769,2284,1,0.007984891
Cold,652158,3931,3930,3769,2284,1,0.0050836583
Cold,649119,3910,3909,3769,2284,1,0.005291719
Cold,648579,3906,3905,3769,2284,0,-0.005055048
Cold,646898,3892,3891,3769,2284,1,0.0069047166
Cold,643902,3878,3877,3769,2284,1,-0.0006029657
Cold,658112,3965,3964,3769,2284,0,0.003844509
Cold,634258,3825,3824,3769,2284,0,0.014649909
Cold,632745,3823,3822,3769,2284,1,0.005733587
Cold,630199,3810,3809,3769,2284,1,0.0007687974
Cold,630053,3808,3807,3769,2284,1,-0.0039660856
Cold,638747,3841,3840,3769,2284,1,0.019165488
Cold,625268,3778,3777,3769,2284,1,0.009732866
Cold,624037,3773,3772,3769,2284,1,0.0027365312
Cold,623628,3771,3770,3769,2284,0,-0.000989289
Cold,619667,3754,3753,3769,2284,0,0.0042134654
Cold,603211,3670,3669,3769,2284,1,-0.00089417445
Cold,601458,3656,3655,3769,2284,1,-0.013517602
Cold,598464,3641,3640,3769,2284,1,0.00040310645
Cold,597072,3627,3626,3769,2284,1,0.0009253975
Cold,869885,5255,5254,3769,2284,0,0.005871852
Cold,592785,3613,3612,3769,2284,0,-0.00091492885
Cold,592944,3614,3613,3769,2284,0,6.109581e-05
Cold,588237,3589,3588,3769,2284,0,0.0028603207
Cold,586299,3578,3577,3769,2284,0,9.836536e-05
Cold,585934,3576,3575,3769,2284,1,0.0018049051
Cold,585369,3574,3573,3769,2284,1,-0.00063384254
Cold,576614,3524,3523,3769,2284,1,0.006023148
Cold,745601,4448,4447,3769,2284,1,0.005454211
Cold,561388,3453,3452,3769,2284,0,-0.0048740283
Cold,750813,4479,4478,3769,2284,1,-0.003016627
Cold,931537,5626,5625,3769,2284,0,0.00513153
Cold,551395,3394,3393,3769,2284,1,-0.00035244203
Cold,548326,3383,3382,3769,2284,0,0.0043329895
Cold,632125,3822,3821,3769,2284,0,0.00019406661
Cold,545879,3365,3364,3769,2284,1,0.0051534725
Cold,533832,3293,3292,3769,2284,0,0.0039786357
Cold,530124,3272,3271,3769,2284,0,0.0034043589
Cold,525181,3242,3241,3769,2284,1,0.0008551044
Cold,506970,3118,3117,3769,2284,0,0.004124958
Cold,494636,3032,3031,3769,2284,1,0.009154339
Cold,491055,3018,3017,3769,2284,1,0.006779465
Cold,481445,2959,2958,3769,2284,1,-0.0008598735
Cold,479677,2943,2942,3769,2284,1,0.0004643011
Cold,474250,2909,2908,3769,2284,1,0.0031602005
Cold,463708,2857,2856,3769,2284,0,0.009282113
Cold,448187,2761,2760,3769,2284,0,0.0047135325
Cold,445293,2746,2745,3769,2284,1,-0.0009019794
Cold,434709,2651,2650,3769,2284,0,0.0038743997
Cold,432960,2638,2637,3769,2284,0,0.009056086
Cold,420599,2541,2540,3769,2284,0,0.002319912
Cold,425855,2583,2582,3769,2284,1,-0.0042474465
Cold,436804,2665,2664,3769,2284,1,0.02306608
Cold,403872,2412,2411,3769,2284,0,-0.0007652302
Cold,414829,2496,2495,3769,2284,0,-0.0014349506
Cold,392630,2304,2303,3769,2284,1,0.0022855732
Cold,387652,2265,2264,3769,2284,1,0.0025824117
Cold,377530,2203,2202,3769,2284,0,0.010821486
Cold,370156,2164,2163,3769,2284,0,0.008433109
Cold,365066,2124,2123,3769,2284,1,0.005135051
Cold,343841,2018,2017,3769,2284,1,-0.0049020764
Cold,380993,2225,2224,3769,2284,0,0.006822744
Cold,337306,1983,1982,3769,2284,1,0.002756499
Cold,294028,1748,1747,3769,2284,0,0.006581391
Cold,292642,1741,1740,3769,2284,0,0.0030973665
Cold,332412,1961,1960,3769,2284,0,-0.008702188
Cold,312555,1861,1860,3769,2284,0,0.0022684592
Cold,248198,1497,1496,3769,2284,0,-0.0012756989
Cold,244934,1474,1473,3769,2284,1,0.0036539645
Cold,244803,1473,1472,3769,2284,0,0.008839715
Cold,283353,1696,1695,3769,2284,1,0.0039030851
Cold,243093,1465,1464,3769,2284,0,0.0062375898
Cold,324113,1920,1919,3769,2284,0,0.0028110996
Cold,229480,1389,1388,3769,2284,1,0.0069321296
Cold,209047,1274,1273,3769,2284,0,0.014603703
Cold,220515,1335,1334,3769,2284,0,-0.0055526737
Cold,199155,1223,1222,3769,2284,0,0.004028575
Cold,280159,1680,1679,3769,2284,0,0.003669128
Cold,198010,1216,1215,3769,2284,1,-0.00077801687
Cold,197102,1209,1208,3769,2284,0,0.005608673
Cold,174417,1101,1100,3769,2284,1,0.0136477295
Cold,328898,1941,1940,3769,2284,0,0.0058158836
Cold,215190,1303,1302,3769,2284,0,0.008061029
Cold,275801,1667,1666,3769,2284,0,0.012361616
Cold,347575,2038,2037,3769,2284,1,-0.0030946962
Cold,714286,4277,4276,3769,2284,1,0.0035305962
Cold,315712,1880,1879,3769,2284,1,-0.00095426734
Cold,147590,949,948,3769,2284,0,-0.000610217
Cold,240677,1449,1448,3769,2284,0,0.0113241
Cold,97277,651,650,3769,2284,0,0.0016657338
Cold,95124,637,636,3769,2284,1,0.0019800847
Cold,480369,2946,2945,3769,2284,0,-0.0012567968
Cold,82016,543,542,3769,2284,1,0.006483542
Cold,81102,539,538,3769,2284,1,0.0017560797
Cold,234455,1422,1421,3769,2284,0,-0.008434977
Cold,204828,1260,1259,3769,2284,1,0.008212273
Cold,71647,481,480,3769,2284,1,0.0061031496
Cold,57799,391,390,3769,2284,1,0.0019572433
Cold,211508,1285,1284,3769,2284,1,0.0073989723
Cold,50927,335,334,3769,2284,1,0.0025121588
Cold,198300,1218,1217,3769,2284,0,-0.000555872
Cold,37606,256,255,3769,2284,0,-0.002931519
Cold,36785,245,244,3769,2284,0,0.0042995964
Cold,99157,660,659,3769,2284,1,-0.00061227754
Cold,30883,205,204,3769,2284,0,0.005777699
Cold,947821,5722,5721,3769,2284,1,0.0068850787
Cold,19665,148,147,3769,2284,0,-0.0010156684
Cold,5904,42,41,3769,2284,0,-0.0050500715
Cold,4040,29,28,3769,2284,0,0.003302305
Cold,357796,2092,2091,3769,2284,0,0.009535163
Cold,482116,2962,2961,3769,2284,0,-0.003104217
Cold,202226,1243,1242,3769,2284,0,-0.0026701463
Cold,903084,5458,5457,3769,2284,1,0.01857197
Cold,287924,1717,1716,3769,2284,0,0.01016071
Cold,996777,6016,6015,3769,2284,0,0.005595613
Cold,934080,5636,5635,3769,2284,0,-0.004585457
Cold,137041,881,880,3769,2284,0,0.004125856
Cold,63540,424,423,3769,2284,1,-0.0006909771
Cold,421339,2544,2543,3769,2284,1,0.0015404515
Cold,649252,3912,3911,3771,2286,1,0.0061258897
Cold,648161,3902,3901,3771,2286,1,0.0037631383
Cold,630950,3816,3815,3771,2286,1,0.018571055
Cold,623633,3771,3770,3771,2286,0,0.0030008522
Cold,619670,3754,3753,3771,2286,0,0.008285926
Cold,616434,3730,3729,3771,2286,0,0.0017054798
Cold,604648,3675,3674,3771,2286,0,0.00808323
Cold,603212,3670,3669,3771,2286,0,-0.0057112146
Cold,595970,3624,3623,3771,2286,1,0.0023789261
Cold,594632,3619,3618,3771,2286,1,-0.002158057
Cold,588243,3589,3588,3771,2286,0,0.01024345
Cold,585942,3576,3575,3771,2286,0,0.001050449
Cold,585372,3574,3573,3771,2286,0,-0.0017647451
Cold,581830,3555,3554,3771,2286,0,0.005999344
Cold,562311,3461,3460,3771,2286,1,0.0015803277
Cold,553558,3408,3407,3771,2286,1,0.0016905053
Cold,967643,5831,5830,3771,2286,0,0.0036693974
Cold,548490,3385,3384,3771,2286,0,0.004438568
Cold,541161,3328,3327,3771,2286,1,-0.0031635147
Cold,538755,3313,3312,3771,2286,1,0.0062823948
Cold,532824,3290,3289,3771,2286,0,-0.00046592718
Cold,518981,3201,3200,3771,2286,1,0.003552185
Cold,514188,3173,3172,3771,2286,1,-0.0034190917
Cold,501969,3081,3080,3771,2286,0,0.0045207567
Cold,494649,3032,3031,3771,2286,1,0.0046952385
Cold,491065,3018,3017,3771,2286,1,0.0042856755
Cold,530135,3272,3271,3771,2286,1,0.0041232957
Cold,479679,2943,2942,3771,2286,0,0.0007220125
Cold,469453,2890,2889,3771,2286,0,0.010826366
Cold,463716,2857,2856,3771,2286,0,0.010046769
Cold,442125,2719,2718,3771,2286,1,-0.0020768968
Cold,432969,2638,2637,3771,2286,0,-0.004857039
Cold,833118,5008,5007,3771,2286,1,0.0023203872
Cold,602571,3665,3664,3771,2286,1,0.0072001694
Cold,424604,2575,2574,3771,2286,1,0.0010182542
Cold,418230,2526,2525,3771,2286,0,0.005516737
Cold,407091,2445,2444,3771,2286,0,0.007837472
Cold,419105,2529,2528,3771,2286,0,0.005727827
Cold,377538,2203,2202,3771,2286,1,0.0020493283
Cold,367702,2146,2145,3771,2286,0,0.0077896453
Cold,368980,2156,2155,3771,2286,0,0.0045013325
Cold,356616,2088,2087,3771,2286,1,9.0384856e-07
Cold,341905,2012,2011,3771,2286,0,-0.003580513
Cold,327294,1939,1938,3771,2286,0,0.008325871
Cold,289597,1727,1726,3771,2286,1,0.006755644
Cold,283043,1695,1694,3771,2286,0,0.010567674
Cold,292651,1741,1740,3771,2286,1,0.00076438126
Cold,280184,1680,1679,3771,2286,1,-0.002922167
Cold,345571,2026,2025,3771,2286,0,0.0024953072
Cold,343274,2016,2015,3771,2286,0,-0.0015378124
Cold,254208,1545,1544,3771,2286,0,0.009162667
Cold,244807,1473,1472,3771,2286,0,5.0151953e-05
Cold,243103,1465,1464,3771,2286,0,-0.0009690486
Cold,224915,1359,1358,3771,2286,0,-0.0023627297
Cold,318235,1890,1889,3771,2286,0,0.0071262894
Cold,198014,1216,1215,3771,2286,1,0.0067817746
Cold,197692,1214,1213,3771,2286,0,0.00041262154
Cold,177753,1119,1118,3771,2286,1,0.0011926622
Cold,249096,1501,1500,3771,2286,0,0.0048077516
Cold,328917,1941,1940,3771,2286,0,0.005010776
Cold,165394,1053,1052,3771,2286,0,0.007823666
Cold,168936,1071,1070,3771,2286,1,0.0089488635
Cold,159520,1017,1016,3771,2286,1,0.002185479
Cold,342935,2015,2014,3771,2286,1,-0.0034405945
Cold,156121,1004,1003,3771,2286,1,-0.0031915484
Cold,271193,1639,1638,3771,2286,0,-0.0054905005
Cold,436816,2665,2664,3771,2286,0,0.009084525
Cold,134720,869,868,3771,2286,1,0.00039888965
Cold,315726,1880,1879,3771,2286,1,0.0075474633
Cold,112102,729,728,3771,2286,0,0.00316092
Cold,191648,1181,1180,3771,2286,0,0.0013718508
Cold,234463,1422,1421,3771,2286,0,0.005152453
Cold,84654,550,549,3771,2286,0,0.0015681514
Cold,71209,477,476,3771,2286,0,0.0050036665
Cold,70989,476,475,3771,2286,1,0.0031064423
Cold,51839,340,339,3771,2286,0,0.0054372465
Cold,241578,1451,1450,3771,2286,1,-0.0049366583
Cold,36806,245,244,3771,2286,0,0.013932934
Cold,627191,3792,3791,3771,2286,0,0.005290659
Cold,61912,415,414,3771,2286,1,-0.004362924
Cold,61000,411,410,3771,2286,0,-0.00075216487
Cold,273398,1647,1646,3771,2286,0,0.0021206387
Cold,102766,678,677,3771,2286,1,0.0035154885
Cold,171072,1087,1086,3771,2286,0,-0.004515319
Cold,633760,3824,3823,3771,2286,1,0.000625147
Cold,905593,5475,5474,3771,2286,1,0.0055445316
Cold,6128,44,43,3771,2286,0,-0.00035454566
Cold,137051,881,880,3771,2286,0,0.0019852333
Cold,959145,5787,5786,3771,2286,0,0.010934695
Cold,421353,2544,2543,3771,2286,1,0.014071332
Cold,719080,4305,4304,3771,2286,1,0.0035198366
Cold,673041,4041,4040,3773,2287,0,-0.0019810528
Cold,671590,4033,4032,3773,2287,0,-0.0007157
Cold,668849,4021,4020,3773,2287,1,0.0028473227
Cold,667024,4014,4013,3773,2287,1,0.003099579
Cold,738896,4414,4413,3773,2287,1,0.0074824286
Cold,664893,4001,4000,3773,2287,0,-0.0028749309
Cold,661093,3985,3984,3773,2287,0,0.0037273825
Cold,688472,4117,4116,3773,2287,0,-0.006021635
Cold,658973,3970,3969,3773,2287,1,-0.0020847376
Cold,658116,3965,3964,3773,2287,1,-0.002172906
Cold,652162,3931,3930,3773,2287,0,-0.0002324041
Cold,649124,3910,3909,3773,2287,0,-0.0050440696
Cold,646904,3892,3891,3773,2287,0,-0.004430311
Cold,643969,3879,3878,3773,2287,1,-0.0037463682
Cold,643911,3878,3877,3773,2287,0,-0.005886348
Cold,639656,3844,3843,3773,2287,1,-0.002696516
Cold,989418,5972,5971,3773,2287,1,0.0017912851
Cold,630522,3814,3813,3773,2287,1,-0.004477174
Cold,627674,3798,3797,3773,2287,0,0.0015388732
Cold,625278,3778,3777,3773,2287,0,-0.0045047184
Cold,617867,3742,3741,3773,2287,0,-0.005390795
Cold,640752,3850,3849,3773,2287,0,-0.006388128
Cold,612024,3709,3708,3773,2287,0,-0.004721927
Cold,609441,3693,3692,3773,2287,0,-0.0065502618
Cold,636585,3834,3833,3773,2287,1,0.0077098324
Cold,601462,3656,3655,3773,2287,0,0.0020699173
Cold,606823,3683,3682,3773,2287,0,-0.0041040867
Cold,594633,3619,3618,3773,2287,0,-0.0022164416
Cold,597024,3626,3625,3773,2287,0,0.0006508742
Cold,585374,3574,3573,3773,2287,1,-0.0008324068
Cold,584289,3565,3564,3773,2287,1,0.007949676
Cold,583775,3562,3561,3773,2287,1,-0.0009413485
Cold,582327,3557,3556,3773,2287,0,-0.0056806337
Cold,617223,3735,3734,3773,2287,1,0.001860566
Cold,579876,3539,3538,3773,2287,1,-0.0037790495
Cold,573744,3512,3511,3773,2287,0,-0.005218897
Cold,569852,3494,3493,3773,2287,0,0.0013691721
Cold,572608,3507,3506,3773,2287,0,0.0042156386
Cold,560271,3442,3441,3773,2287,0,0.00524913
Cold,559736,3439,3438,3773,2287,0,-0.003018612
Cold,575671,3519,3518,3773,2287,0,-0.0022462609
Cold,550753,3391,3390,3773,2287,0,0.0010303089
Cold,537613,3311,3310,3773,2287,0,-0.0019271774
Cold,534073,3296,3295,3773,2287,0,-0.0011203168
Cold,530566,3277,3276,3773,2287,0,-0.004180899
Cold,584921,3569,3568,3773,2287,0,0.0020172794
Cold,516726,3189,3188,3773,2287,0,-0.0010756486
Cold,515808,3182,3181,3773,2287,0,-0.0013930683
Cold,505894,3111,3110,3773,2287,0,-0.0028188713
Cold,501575,3080,3079,3773,2287,0,-0.0054079485
Cold,494652,3032,3031,3773,2287,1,-0.0046978807
Cold,451300,2777,2776,3773,2287,0,-0.0016964581
Cold,404814,2419,2418,3773,2287,0,-0.0034414483
Cold,399638,2378,2377,3773,2287,1,0.0069036754
Cold,395307,2334,2333,3773,2287,0,-0.0020462933
Cold,394031,2321,2320,3773,2287,0,0.005256613
Cold,356105,2085,2084,3773,2287,0,0.00818995
Cold,352518,2063,2062,3773,2287,0,0.0041373256
Cold,345238,2024,2023,3773,2287,0,-0.0059035127
Cold,341906,2012,2011,3773,2287,0,-0.006163295
Cold,315731,1880,1879,3773,2287,0,-0.0054119546
Cold,297821,1764,1763,3773,2287,1,-0.00608972
Cold,274599,1658,1657,3773,2287,0,-0.005204137
Cold,436821,2665,2664,3773,2287,1,-0.007990376
Cold,240845,1450,1449,3773,2287,0,-0.004309224
Cold,224401,1356,1355,3773,2287,0,-0.0038310532
Cold,289600,1727,1726,3773,2287,1,-0.0026373595
Cold,296939,1759,1758,3773,2287,1,0.00378541
Cold,207628,1268,1267,3773,2287,0,0.0033794388
Cold,280190,1680,1679,3773,2287,0,-0.0012464022
Cold,183689,1142,1141,3773,2287,0,-0.0028595203
Cold,185952,1150,1149,3773,2287,0,0.00088245486
Cold,182586,1139,1138,3773,2287,0,0.00035584066
Cold,173909,1100,1099,3773,2287,0,0.009027557
Cold,168151,1068,1067,3773,2287,0,-0.007427794
Cold,272455,1645,1644,3773,2287,0,-0.0021808392
Cold,143770,927,926,3773,2287,0,-0.00079211325
Cold,143210,923,922,3773,2287,1,-0.009947283
Cold,157375,1010,1009,3773,2287,0,-0.00023357896
Cold,137053,881,880,3773,2287,0,-0.011492318
Cold,201865,1242,1241,3773,2287,0,0.009200053
Cold,332937,1962,1961,3773,2287,0,-0.0028134661
Cold,121641,781,780,3773,2287,0,-0.0016695852
Cold,299900,1778,1777,3773,2287,0,-0.009592524
Cold,107006,702,701,3773,2287,1,0.00083369855
Cold,631929,3821,3820,3773,2287,0,-0.0035644844
Cold,191652,1181,1180,3773,2287,1,-0.0074949753
Cold,119642,770,769,3773,2287,0,0.00038010417
Cold,70990,476,475,3773,2287,1,-0.003063432
Cold,69587,466,465,3773,2287,1,0.002433294
Cold,56526,377,376,3773,2287,1,0.0027140402
Cold,54143,352,351,3773,2287,0,5.5469573e-05
Cold,132788,855,854,3773,2287,0,-0.005912674
Cold,221754,1340,1339,3773,2287,1,-0.006783829
Cold,54674,355,354,3773,2287,0,-0.005614807
Cold,1686,15,14,3773,2287,0,0.0007717342
Cold,78756,528,527,3773,2287,0,-0.00039034674
Cold,355276,2077,2076,3773,2287,0,-0.0013781881
Cold,710040,4258,4257,3773,2287,1,-0.0012276574
Cold,954387,5761,5760,3773,2287,1,0.0030253818
Cold,318032,1889,1888,3773,2287,1,-0.0043393206
Cold,750750,4478,4477,3773,2287,0,-0.008051342
Cold,263801,1605,1604,3773,2287,1,0.0029368524
Cold,475699,2918,2917,3773,2287,1,0.0036755316
Cold,476523,2926,2925,3773,2287,1,-0.0001853602
Cold,63559,424,423,3773,2287,0,-0.0018690669
Cold,273401,1647,1646,3773,2287,1,-0.0052798204
Cold,342939,2015,2014,3773,2287,0,0.0010221268
Cold,193975,1194,1193,3773,2287,0,0.008308064
Cold,564849,3471,3470,3773,2287,0,-0.009926448
Cold,934086,5636,5635,3773,2287,0,-0.005246624
Cold,710041,4258,4257,3774,2288,0,-0.0007013064
Cold,352520,2063,2062,3774,2288,0,-0.0041613
Cold,342940,2015,2014,3774,2288,0,-0.0013223547
Cold,273403,1647,1646,3774,2288,0,-0.0038984162
Cold,344358,2020,2019,3784,2290,0,0.0061251908
Cold,336553,1980,1979,3784,2290,0,-0.0019683973
Cold,330609,1951,1950,3784,2290,0,0.0022489051
Cold,256997,1573,1572,3784,2290,1,0.0053839353
Cold,253835,1543,1542,3784,2290,1,-0.0014535589
Cold,264807,1609,1608,3784,2290,0,0.0013922806
Cold,222521,1346,1345,3784,2290,1,-0.0019823269
Cold,296942,1759,1758,3784,2290,0,-0.004299193
Cold,249117,1501,1500,3784,2290,1,0.0061567076
Cold,326585,1935,1934,3784,2290,0,-0.004627384
Cold,227756,1380,1379,3784,2290,0,-0.002194283
Cold,164997,1051,1050,3784,2290,1,0.0048965476
Cold,148924,957,956,3784,2290,1,-0.007140404
Cold,141781,911,910,3784,2290,1,0.010145761
Cold,141259,910,909,3784,2290,1,0.0013801503
Cold,137558,888,887,3784,2290,1,-6.3643325e-05
Cold,128099,828,827,3784,2290,1,-0.004055716
Cold,110226,718,717,3784,2290,1,0.007307324
Cold,101075,673,672,3784,2290,0,-0.0068203257
Cold,179910,1125,1124,3784,2290,1,-0.0019328331
Cold,89677,590,589,3784,2290,1,-0.00034590298
Cold,228680,1383,1382,3784,2290,0,-0.007868917
Cold,39677,268,267,3784,2290,1,0.0061055524
Cold,255706,1556,1555,3784,2290,1,0.0031878545
Cold,30739,204,203,3784,2290,0,0.0021466136
Cold,45474,306,305,3784,2290,1,0.0069509316
Cold,314454,1877,1876,3784,2290,0,-0.011602031
Cold,866134,5222,5221,3784,2290,0,-0.000850393
Cold,9013,61,60,3784,2290,0,0.0021530725
Cold,408837,2454,2453,3784,2290,1,-0.0017945927
Cold,877577,5302,5301,3784,2290,1,-0.003946419
Cold,217477,1317,1316,3784,2290,0,0.00048343185
Cold,158857,1015,1014,3784,2290,0,0.013757715
Cold,49772,329,328,3784,2290,1,-0.005384693
Cold,40143,271,270,3784,2290,1,-0.0024456736
Cold,469606,2892,2891,3784,2290,1,0.001709879
Cold,150877,970,969,3784,2290,0,0.011317054
Cold,846845,5087,5086,3784,2290,0,-0.008105001
Cold,761298,4522,4521,3784,2290,0,0.002925186
Cold,271203,1639,1638,3784,2290,0,-0.0032716047
Cold,154131,993,992,3784,2290,1,-0.0053963177
Cold,881162,5322,5321,3784,2290,1,-0.006532716
Cold,371192,2168,2167,3784,2290,0,0.0052974112
Cold,12897,99,98,3784,2290,0,-0.012873095
Cold,363551,2116,2115,3784,2290,1,0.009900648
Cold,47811,319,318,3784,2290,0,-0.004370417
Cold,365957,2129,2128,3784,2290,0,0.006262201
Cold,79856,531,530,3784,2290,0,-0.00034810416
Cold,338782,1995,1994,3784,2290,1,0.005099375
Cold,111153,721,720,3784,2290,0,-0.0024541263
Cold,232077,1407,1406,3784,2290,0,-0.009277196
Cold,167160,1063,1062,3784,2290,1,-0.010933461
Cold,285614,1701,1700,3784,2290,1,0.0012357649
Cold,59283,402,401,3784,2290,0,-0.00082928885
Cold,214487,1301,1300,3784,2290,0,-0.002447524
Cold,183428,1141,1140,3784,2290,0,-0.006155097
Cold,804584,4816,4815,3784,2290,1,0.003962014
Cold,274146,1655,1654,3784,2290,0,-0.0010514474
Cold,842574,5063,5062,3784,2290,1,-0.004775375
Cold,567819,3483,3482,3784,2290,1,0.005383158
Cold,106429,699,698,3784,2290,0,0.0009199425
Cold,207256,1266,1265,3784,2290,0,-0.0024199027
Cold,241593,1451,1450,3784,2290,0,-0.0073953858
Cold,883571,5333,5332,3784,2290,1,0.0040983935
Cold,265389,1611,1610,3784,2290,1,0.0076363524
Cold,198528,1219,1218,3784,2290,0,0.0040771896
Cold,16196,127,126,3784,2290,1,-0.0017645552
Cold,928087,5605,5604,3784,2290,0,-0.00043339352
Cold,427400,2594,2593,3784,2290,0,0.0017554946
Cold,690046,4126,4125,3784,2290,0,-0.0009499127
Cold,145172,934,933,3784,2290,1,-1.3352837e-05
Cold,20998,151,150,3784,2290,0,-0.0026139838
Cold,361235,2106,2105,3784,2290,0,0.0015923437
Cold,491078,3018,3017,3784,2290,1,0.0075002825
Cold,309872,1842,1841,3784,2290,1,-0.0008307843
Cold,355289,2077,2076,3784,2290,1,-0.0068766614
Cold,547697,3378,3377,3784,2290,0,-0.0024936954
Cold,51606,338,337,3784,2290,0,-0.001366166
Cold,306298,1824,1823,3784,2290,1,-0.0059277937
Cold,234482,1422,1421,3784,2290,0,0.005027271
Cold,352541,2063,2062,3784,2290,1,0.00413354
Cold,258068,1579,1578,3784,2290,1,0.005158534
Cold,102788,678,677,3784,2290,1,-0.010489743
Cold,300676,1780,1779,3784,2290,0,0.005751494
Cold,991841,5991,5990,3784,2290,1,0.005371672
Cold,541570,3332,3331,3784,2290,1,-0.0006379821
Cold,495406,3041,3040,3784,2290,0,0.0038599172
Cold,599582,3648,3647,3784,2290,0,0.006220597
Cold,557406,3423,3422,3784,2290,1,0.0021677637
Cold,206532,1265,1264,3784,2290,0,-0.0039950702
Cold,407856,2451,2450,3784,2290,0,0.0037519042
Cold,313071,1865,1864,3784,2290,0,0.005000165
Cold,332050,1958,1957,3784,2290,0,0.00863399
Cold,61026,411,410,3784,2290,0,-0.0014310873
Cold,714318,4277,4276,3784,2290,1,0.00618627
Cold,118790,767,766,3784,2290,1,-0.00012661889
Cold,172249,1088,1087,3784,2290,1,-0.003147259
Cold,188026,1165,1164,3784,2290,0,0.0053377086
Cold,936776,5650,5649,3784,2290,1,0.0017010705
Cold,794268,4748,4747,3784,2290,0,-0.0008156098
Cold,493126,3029,3028,3784,2290,0,0.014564598
Cold,941871,5682,5681,3784,2290,0,-0.002649914
Cold,803826,4813,4812,3784,2290,1,-0.0013278448
Cold,331045,1954,1953,3784,2290,1,-0.00068897614
Cold,937449,5654,5653,3784,2290,0,-0.0027217525
Cold,264449,1608,1607,3786,2292,0,0.0024880958
Cold,258225,1583,1582,3786,2292,1,-0.001983128
Cold,254742,1548,1547,3786,2292,1,-0.0047241645
Cold,242291,1462,1461,3786,2292,1,0.0025994917
Cold,240731,1449,1448,3786,2292,0,0.0010786837
Cold,232436,1411,1410,3786,2292,0,0.006231135
Cold,232078,1407,1406,3786,2292,1,0.005909683
Cold,231831,1404,1403,3786,2292,0,0.005106763
Cold,583786,3562,3561,3786,2292,1,0.0065846583
Cold,227504,1379,1378,3786,2292,0,0.0010166267
Cold,223897,1354,1353,3786,2292,0,-0.0028955238
Cold,242203,1460,1459,3786,2292,0,0.0036596586
Cold,305243,1812,1811,3786,2292,1,0.0039597983
Cold,214193,1300,1299,3786,2292,1,-0.00057599926
Cold,204158,1255,1254,3786,2292,0,-0.0056383777
Cold,244309,1470,1469,3786,2292,1,0.0069106068
Cold,359772,2103,2102,3786,2292,1,0.006334203
Cold,189563,1173,1172,3786,2292,0,-0.006333857
Cold,251016,1515,1514,3786,2292,1,0.0011646297
Cold,184536,1147,1146,3786,2292,0,0.019127937
Cold,184204,1146,1145,3786,2292,0,-0.0006175316
Cold,177344,1117,1116,3786,2292,1,0.0047046915
Cold,172254,1088,1087,3786,2292,1,-0.0069177756
Cold,188355,1168,1167,3786,2292,0,0.005587184
Cold,155552,1001,1000,3786,2292,1,-0.008413032
Cold,148927,957,956,3786,2292,0,0.0008179152
Cold,146195,939,938,3786,2292,0,0.003101104
Cold,225370,1362,1361,3786,2292,0,-0.0035251512
Cold,363555,2116,2115,3786,2292,1,-0.0023084232
Cold,139068,889,888,3786,2292,0,0.0114409495
Cold,135216,875,874,3786,2292,1,-0.0021953708
Cold,407857,2451,2450,3786,2292,0,0.0020279302
Cold,129055,838,837,3786,2292,1,-0.003838405
Cold,131443,850,849,3786,2292,1,0.0064140763
Cold,182318,1137,1136,3786,2292,1,0.002623863
Cold,124105,799,798,3786,2292,0,-0.0017733721
Cold,122853,792,791,3786,2292,1,-0.007772268
Cold,114326,743,742,3786,2292,1,-0.004328505
Cold,112800,731,730,3786,2292,1,0.0046306876
Cold,779166,4653,4652,3786,2292,0,-0.0041604377
Cold,101078,673,672,3786,2292,0,-0.006562314
Cold,96708,648,647,3786,2292,0,0.0057475343
Cold,452191,2784,2783,3786,2292,0,0.0034794884
Cold,90865,601,600,3786,2292,1,0.009609112
Cold,89678,590,589,3786,2292,0,0.0030435142
Cold,88610,585,584,3786,2292,1,-0.005919916
Cold,74097,504,503,3786,2292,1,-0.0025987409
Cold,57719,390,389,3786,2292,1,0.0029897678
Cold,55075,363,362,3786,2292,0,-0.0114535
Cold,784659,4682,4681,3786,2292,1,0.009768322
Cold,46663,313,312,3786,2292,1,-0.0031572413
Cold,37200,252,251,3786,2292,1,0.0024994167
Cold,34222,230,229,3786,2292,1,-0.003972197
Cold,33747,225,224,3786,2292,0,0.0012089703
Cold,31602,214,213,3786,2292,1,-0.0030274368
Cold,766405,4562,4561,3786,2292,0,0.0029695905
Cold,27731,194,193,3786,2292,0,0.004531569
Cold,947828,5722,5721,3786,2292,0,0.01429917
Cold,397953,2362,2361,3786,2292,0,-0.0006676633
Cold,314455,1877,1876,3786,2292,0,0.00804523
Cold,8258,57,56,3786,2292,1,-0.007263258
Cold,7259,50,49,3786,2292,0,-0.0016434905
Cold,4261,32,31,3786,2292,1,0.0023620725
Cold,211721,1287,1286,3786,2292,1,-0.0008998192
Cold,446,5,4,3786,2292,0,-0.0056227786
Cold,230703,1395,1394,3786,2292,1,0.01034938
Cold,3145,23,22,3786,2292,1,0.008038174
Cold,141783,911,910,3786,2292,1,0.008195162
Cold,271204,1639,1638,3786,2292,0,-0.0018837124
Cold,54684,355,354,3786,2292,0,0.0006003529
Cold,575686,3519,3518,3786,2292,0,0.0057338485
Cold,575019,3518,3517,3786,2292,0,0.0071783154
Cold,202247,1243,1242,3786,2292,0,-0.004096915
Cold,635354,3829,3828,3786,2292,0,-0.004795694
Cold,161477,1029,1028,3786,2292,0,-0.0060205637
Cold,501040,3079,3078,3786,2292,1,0.004458677
Cold,761299,4522,4521,3786,2292,0,-0.004411173
Cold,65672,438,437,3786,2292,1,-0.006095075
Cold,238450,1447,1446,3786,2292,0,0.0006355776
Cold,289722,1729,1728,3786,2292,0,0.004071135
Cold,635722,3832,3831,3786,2292,1,-0.002527363
Cold,750754,4478,4477,3786,2292,1,-0.001576303
Cold,734835,4387,4386,3786,2292,1,0.00414508
Cold,252001,1524,1523,3786,2292,0,0.0024539756
Cold,986853,5956,5955,3786,2292,0,0.007430853
Cold,538296,3312,3311,3786,2292,1,0.0061457152
Cold,361240,2106,2105,3786,2292,0,0.013016126
Cold,631949,3821,3820,3786,2292,0,-0.005999782
Cold,907909,5492,5491,3786,2292,0,0.0060328906
Cold,454805,2796,2795,3786,2292,0,-0.00072787097
Cold,336557,1980,1979,3786,2292,1,-0.006823752
Cold,352545,2063,2062,3786,2292,1,0.0024591624
Cold,921174,5565,5564,3786,2292,0,0.0007953143
Cold,72477,482,481,3786,2292,0,0.004725016
Cold,983168,5938,5937,3786,2292,1,-0.0043224087
Cold,165000,1051,1050,3786,2292,0,0.00449654
Cold,215792,1306,1305,3786,2292,1,0.0021920537
Cold,490471,3017,3016,3786,2292,0,-0.00414033
Cold,764744,4543,4542,3786,2292,0,-0.0016838182
Cold,719742,4310,4309,3786,2292,1,-4.75861e-05
Cold,187112,1160,1159,3786,2292,0,-0.0009575044
Cold,512266,3159,3158,3786,2292,0,-0.012538417
Cold,501590,3080,3079,3786,2292,1,0.0059888884
Cold,199940,1227,1226,3786,2292,0,0.0047211456
Cold,145997,937,936,3786,2292,1,-0.013509016
Cold,206535,1265,1264,3786,2292,0,0.0063407533
Cold,157398,1010,1009,3786,2292,0,-0.004390792
Cold,618487,3746,3745,3786,2292,0,0.006035601
Cold,13374,104,103,3786,2292,0,-0.00028412766
Cold,231270,1399,1398,3786,2292,1,-0.006489856
Cold,682887,4085,4084,3786,2292,0,-0.006776396
Cold,523132,3224,3223,3786,2292,0,-0.0019694609
Cold,554332,3410,3409,3786,2292,0,0.0077691856
Cold,235386,1425,1424,3786,2292,0,0.0012869756
Cold,535206,3301,3300,3786,2292,0,0.0022099232
Cold,575975,3520,3519,3786,2292,0,-0.001109242
Cold,116746,752,751,3786,2292,0,0.0028229898
Cold,877578,5302,5301,3786,2292,0,-0.0022185962
Cold,193987,1194,1193,3786,2292,0,-0.0022932468
Cold,13213,102,101,3786,2292,0,0.002226879
Cold,34042,229,228,3786,2292,1,-0.00446489
Cold,5364,36,35,3786,2292,1,-0.0051751756
Cold,382192,2232,2231,3786,2292,0,-0.0021287017
Cold,825879,4958,4957,3786,2292,1,0.004272851
Cold,934094,5636,5635,3787,2293,0,0.012588812
Cold,256169,1561,1560,3787,2293,1,-0.0016495555
Cold,847329,5090,5089,3787,2293,1,0.001521227
Cold,610740,3705,3704,3789,2295,1,-0.0016872471
Cold,607366,3687,3686,3789,2295,1,0.0015089202
Cold,602675,3668,3667,3789,2295,1,0.0057073478
Cold,597106,3629,3628,3789,2295,1,0.007739326
Cold,869739,5255,5254,3789,2295,1,0.009231435
Cold,595068,3621,3620,3789,2295,1,-0.00939009
Cold,588926,3592,3591,3789,2295,1,0.00293368
Cold,586881,3585,3584,3789,2295,1,-0.0039076535
Cold,585058,3572,3571,3789,2295,1,0.0005120535
Cold,580325,3546,3545,3789,2295,1,5.2111573e-06
Cold,580164,3543,3542,3789,2295,1,0.0064057773
Cold,577822,3529,3528,3789,2295,1,-0.0014832702
Cold,593192,3618,3617,3789,2295,0,-0.0014036298
Cold,558348,3430,3429,3789,2295,1,0.003946438
Cold,552784,3402,3401,3789,2295,1,-0.0018998933
Cold,938992,5667,5666,3789,2295,1,0.00732984
Cold,551086,3394,3393,3789,2295,1,-0.0057326118
Cold,712579,4277,4276,3789,2295,1,0.008531966
Cold,545920,3367,3366,3789,2295,1,-0.00035626203
Cold,547741,3380,3379,3789,2295,1,-0.004004368
Cold,541167,3329,3328,3789,2295,1,0.0035368195
Cold,539511,3319,3318,3789,2295,0,-0.0060864114
Cold,532578,3289,3288,3789,2295,1,0.002007835
Cold,532849,3292,3291,3789,2295,1,0.010086255
Cold,534536,3300,3299,3789,2295,1,0.0026915604
Cold,526145,3253,3252,3789,2295,1,0.0015354827
Cold,521625,3218,3217,3789,2295,1,-0.0024013263
Cold,516130,3186,3185,3789,2295,0,-0.0026585625
Cold,520470,3210,3209,3789,2295,1,-0.006429307
Cold,504932,3108,3107,3789,2295,1,-0.0006723739
Cold,479431,2942,2941,3789,2295,1,6.185903e-05
Cold,466502,2878,2877,3789,2295,1,0.0032142561
Cold,455510,2805,2804,3789,2295,1,0.0057267994
Cold,599637,3650,3649,3789,2295,1,-0.00043311808
Cold,446608,2753,2752,3789,2295,1,0.006757474
Cold,441405,2704,2703,3789,2295,1,-0.0017644067
Cold,440396,2693,2692,3789,2295,1,-0.0029650484
Cold,437848,2676,2675,3789,2295,1,0.0038759564
Cold,433426,2643,2642,3789,2295,0,0.0054904977
Cold,432006,2634,2633,3789,2295,1,-0.009972522
Cold,428420,2607,2606,3789,2295,0,-0.001295978
Cold,425113,2581,2580,3789,2295,1,-0.0015684683
Cold,420656,2544,2543,3789,2295,1,-0.0010411862
Cold,417976,2526,2525,3789,2295,0,0.0058889175
Cold,401309,2393,2392,3789,2295,1,-0.006166027
Cold,398155,2368,2367,3789,2295,1,0.0037871487
Cold,396568,2348,2347,3789,2295,0,-0.00021799747
Cold,388775,2279,2278,3789,2295,1,0.009937057
Cold,386266,2259,2258,3789,2295,1,-0.0046510417
Cold,381439,2231,2230,3789,2295,0,0.008041935
Cold,378590,2211,2210,3789,2295,0,-0.0006929403
Cold,364034,2121,2120,3789,2295,1,0.0066498425
Cold,357106,2092,2091,3789,2295,0,0.008222878
Cold,356194,2088,2087,3789,2295,1,-0.0042515537
Cold,353181,2069,2068,3789,2295,0,0.006286255
Cold,343410,2018,2017,3789,2295,1,-0.008646591
Cold,318835,1896,1895,3789,2295,1,-0.0009981932
Cold,322976,1916,1915,3789,2295,1,0.008911215
Cold,302410,1796,1795,3789,2295,1,0.005245995
Cold,290688,1734,1733,3789,2295,1,0.0036808872
Cold,281939,1692,1691,3789,2295,1,0.009386985
Cold,266866,1619,1618,3789,2295,1,-0.0018216091
Cold,237370,1446,1445,3789,2295,1,-0.00046053552
Cold,236643,1437,1436,3789,2295,1,0.007107068
Cold,631225,3821,3820,3789,2295,0,0.010833167
Cold,242516,1465,1464,3789,2295,1,0.011240426
Cold,211722,1288,1287,3789,2295,0,0.007928606
Cold,307850,1836,1835,3789,2295,1,-0.000986278
Cold,199161,1224,1223,3789,2295,1,0.010688601
Cold,184205,1147,1146,3789,2295,0,-0.014019618
Cold,180945,1131,1130,3789,2295,1,-0.0011634569
Cold,169161,1074,1073,3789,2295,0,0.00013094582
Cold,146721,948,947,3789,2295,1,0.005759244
Cold,184686,1150,1149,3789,2295,1,-0.0030268123
Cold,137357,886,885,3789,2295,0,0.0026708671
Cold,137560,889,888,3789,2295,0,-0.002294607
Cold,127887,825,824,3789,2295,0,-7.1926042e-06
Cold,94503,635,634,3789,2295,1,0.006613374
Cold,152726,984,983,3789,2295,1,0.0051376293
Cold,339001,1998,1997,3789,2295,0,-0.0017682927
Cold,48718,327,326,3789,2295,1,0.007563192
Cold,66924,451,450,3789,2295,1,-0.005113368
Cold,48339,326,325,3789,2295,0,0.00507873
Cold,45476,307,306,3789,2295,1,0.005956442
Cold,35160,238,237,3789,2295,1,0.0016265613
Cold,269568,1635,1634,3789,2295,1,-0.0021791793
Cold,947462,5722,5721,3789,2295,1,-0.0069166236
Cold,9015,62,61,3789,2295,1,-0.0009620234
Cold,316473,1884,1883,3789,2295,1,0.0015313249
Cold,24081,173,172,3789,2295,0,-0.0014997458
Cold,47098,319,318,3789,2295,1,-0.0012102835
Cold,485915,2991,2990,3789,2295,0,-0.0010121868
Cold,254561,1547,1546,3789,2295,1,-0.0010086538
Cold,657312,3963,3962,3789,2295,1,0.0072560986
Cold,993776,6002,6001,3789,2295,1,0.0035515712
Cold,321924,1912,1911,3789,2295,0,0.0039197686
Cold,217821,1322,1321,3792,2297,1,0.0050504673
Cold,197647,1214,1213,3792,2297,1,-0.003895587
Cold,159671,1019,1018,3792,2297,0,0.00666431
Cold,162105,1034,1033,3792,2297,1,-0.0021822662
Cold,134936,873,872,3792,2297,1,-0.002820258
Cold,190186,1181,1180,3792,2297,0,-0.0013954495
Cold,68471,461,460,3792,2297,0,0.0045951763
Cold,15281,123,122,3792,2297,0,0.0072649126
Cold,591614,3610,3609,3792,2297,0,-0.00070346636
Cold,101804,678,677,3792,2297,0,0.0025988384
Cold,499027,3067,3066,3792,2297,1,-0.0041463394
Cold,840938,5054,5053,3792,2297,0,-0.0036219372
Cold,805576,4823,4822,3794,2299,1,0.0064398516
Cold,648636,3908,3907,3794,2299,0,0.0018962724
Cold,634539,3829,3828,3794,2299,1,0.012433698
Cold,531879,3285,3284,3794,2299,0,0.0007889131
Cold,181760,1137,1136,3794,2299,0,0.00063831266
Cold,743077,4445,4444,3794,2299,0,0.0024029287
Cold,343897,2020,2019,3794,2299,0,0.0045139315
Cold,129065,839,838,3794,2299,0,0.005065709
Cold,631233,3821,3820,3794,2299,0,0.006397238
Cold,761112,4522,4521,3794,2299,1,0.010021829
Cold,843741,5074,5073,3794,2299,1,-0.0059192423
Cold,258233,1584,1583,3794,2299,0,-0.0059076184
Cold,203624,1252,1251,3794,2299,1,0.011861669
Cold,289667,1729,1728,3794,2299,0,-0.0013189394
Cold,127172,822,821,3794,2299,1,-0.0014664046
Cold,19723,149,148,3794,2299,0,0.003929213
Cold,867206,5233,5232,3794,2299,0,-0.0041663507
Cold,370836,2168,2167,3794,2299,1,0.0021248201
Cold,898424,5433,5432,3794,2299,1,0.0044177365
Cold,261088,1597,1596,3794,2299,1,-0.0012133515
Cold,895623,5413,5412,3794,2299,1,0.0027478118
Cold,143991,929,928,3794,2299,0,-0.004810179
Cold,132805,856,855,3794,2299,1,-0.0027428237
Cold,383934,2244,2243,3794,2299,0,0.0029565522
Cold,360354,2106,2105,3794,2299,0,0.0038382756
Cold,795925,4771,4770,3794,2299,0,-0.00074410695
Cold,807539,4834,4833,3794,2299,0,0.0076230695
Cold,712587,4277,4276,3794,2299,1,0.007873359
Cold,10587,76,75,3794,2299,0,-0.0051016165
Cold,574526,3518,3517,3794,2299,0,0.0061805095
Cold,575028,3519,3518,3794,2299,0,0.0035527456
Cold,799165,4790,4789,3794,2299,0,0.008052595
Cold,756836,4508,4507,3794,2299,1,0.0002892157
Cold,553612,3410,3409,3794,2299,1,0.0006149579
Cold,335313,1980,1979,3794,2299,1,0.0034318375
Cold,881976,5329,5328,3794,2299,1,0.007863875
Cold,60403,411,410,3794,2299,1,0.0026430862
Cold,289858,1733,1732,3794,2299,0,0.008228794
Cold,330897,1954,1953,3794,2299,1,0.003085396
Cold,512032,3159,3158,3794,2299,0,0.008743737
Cold,891345,5387,5386,3794,2299,1,-0.005242776
Cold,892729,5394,5393,3794,2299,0,0.0028894185
Cold,206200,1265,1264,3794,2299,1,-0.00048329507
Cold,475330,2918,2917,3794,2299,1,-0.0038800207
Cold,965829,5825,5824,3794,2299,0,0.0025857966
Cold,763700,4543,4542,3794,2299,1,-0.0032060351
Cold,215340,1306,1305,3794,2299,1,0.0052742325
Cold,312743,1865,1864,3794,2299,0,0.010215426
Cold,777566,4647,4646,3794,2299,1,0.001678478
Cold,159674,1019,1018,3794,2299,0,0.0076979827
Cold,234622,1425,1424,3794,2299,1,0.0006912168
Cold,101809,678,677,3794,2299,0,0.0066130958
Cold,846912,5090,5089,3794,2299,0,-0.0023733391
Cold,259217,1587,1586,3794,2299,0,0.0013563735
Cold,534901,3301,3300,3794,2299,1,-0.0025977595
Cold,480387,2947,2946,3794,2299,0,0.004606202
Cold,346528,2031,2030,3794,2299,1,0.000607837
Cold,348817,2047,2046,3794,2299,0,-4.7420617e-06
Cold,549588,3391,3390,3794,2299,0,0.0017758223
Cold,321938,1912,1911,3794,2299,0,-0.001524379
Cold,58635,398,397,3794,2299,1,0.011049665
Cold,907913,5493,5492,3795,2300,0,0.0060285344
Cold,262867,1605,1604,3795,2300,0,0.004661534
Cold,93128,624,623,3795,2300,0,0.0058504436
Cold,283735,1698,1697,3795,2300,1,-0.0019161876
Cold,892730,5394,5393,3795,2300,1,-0.0034325134
Cold,115734,752,751,3795,2300,1,0.0012052748
Cold,128742,836,835,3799,2302,0,-0.0037299746
Cold,125709,809,808,3799,2302,0,0.0011540614
Cold,124112,800,799,3799,2302,1,0.01567462
Cold,115110,748,747,3799,2302,0,-4.9622264e-05
Cold,102914,681,680,3799,2302,1,-0.003872401
Cold,383538,2242,2241,3799,2302,0,0.0072531495
Cold,99262,662,661,3799,2302,0,0.0066094063
Cold,332424,1962,1961,3799,2302,0,0.0038163913
Cold,87148,570,569,3799,2302,0,-0.0017156763
Cold,85976,563,562,3799,2302,0,0.009549909
Cold,82161,546,545,3799,2302,0,0.0002813054
Cold,76491,519,518,3799,2302,0,-0.0052789613
Cold,86400,566,565,3799,2302,0,0.0034186735
Cold,66820,449,448,3799,2302,0,-0.00038208094
Cold,87024,569,568,3799,2302,0,0.0043207332
Cold,55448,368,367,3799,2302,0,9.280979e-05
Cold,50946,336,335,3799,2302,0,0.0058631822
Cold,35999,244,243,3799,2302,0,0.0036169675
Cold,30308,204,203,3799,2302,0,0.01117836
Cold,24646,174,173,3799,2302,0,0.0023755813
Cold,13956,113,112,3799,2302,0,0.006200611
Cold,8202,57,56,3799,2302,0,0.001547385
Cold,281,5,4,3799,2302,0,0.0049579083
Cold,357124,2092,2091,3799,2302,0,-0.0041806577
Cold,47119,319,318,3799,2302,0,0.0033340773
Cold,101814,678,677,3799,2302,0,0.003319608
Cold,206550,1266,1265,3799,2302,0,0.0045633465
Cold,250275,1509,1508,3799,2302,1,-0.0028463835
Cold,551961,3401,3400,3799,2302,0,0.006132571
Cold,95269,639,638,3799,2302,0,0.009985411
Cold,341068,2011,2010,3799,2302,0,0.0069003543
Cold,122444,791,790,3799,2302,0,0.004316829
Cold,393200,2310,2309,3799,2302,0,0.011189759
Cold,484264,2980,2979,3799,2302,0,-0.002062094
Cold,907533,5492,5491,3799,2302,0,0.006110033
Cold,264847,1611,1610,3799,2302,0,0.00036387978
Cold,418338,2529,2528,3799,2302,0,0.008540598
Cold,716984,4294,4293,3799,2302,0,0.011445178
Cold,342073,2015,2014,3799,2302,0,0.008977288
Cold,96536,648,647,3799,2302,0,0.0022141547
Cold,638036,3841,3840,3801,2303,0,0.003785967
Cold,619485,3754,3753,3801,2303,1,0.0051665707
Cold,770956,4593,4592,3801,2303,1,0.0055954293
Cold,613898,3718,3717,3801,2303,1,0.00017932343
Cold,606471,3683,3682,3801,2303,1,-0.008064799
Cold,659408,3973,3972,3801,2303,1,0.0016970827
Cold,601594,3658,3657,3801,2303,1,0.0053627808
Cold,595204,3621,3620,3801,2303,1,0.0038876992
Cold,585643,3576,3575,3801,2303,0,0.008106732
Cold,585259,3574,3573,3801,2303,1,-0.0052061416
Cold,569151,3491,3490,3801,2303,1,-0.0039326707
Cold,712960,4277,4276,3801,2303,1,0.002032074
Cold,566169,3476,3475,3801,2303,1,-0.0023371703
Cold,565157,3474,3473,3801,2303,1,-0.0070454525
Cold,931412,5626,5625,3801,2303,1,0.0018343856
Cold,559241,3435,3434,3801,2303,1,-0.0013439942
Cold,681950,4084,4083,3801,2303,1,0.0019226734
Cold,548373,3384,3383,3801,2303,1,-0.0004946776
Cold,548290,3383,3382,3801,2303,1,0.006285768
Cold,547099,3372,3371,3801,2303,1,-0.0017084049
Cold,546770,3371,3370,3801,2303,0,0.0028715245
Cold,546057,3367,3366,3801,2303,1,-0.0009651026
Cold,916655,5539,5538,3801,2303,1,0.005247602
Cold,539548,3319,3318,3801,2303,1,0.0046663135
Cold,534657,3300,3299,3801,2303,1,0.011622967
Cold,533241,3292,3291,3801,2303,1,0.007550539
Cold,532607,3289,3288,3801,2303,1,-0.005690432
Cold,524940,3241,3240,3801,2303,1,-0.0024770591
Cold,523850,3229,3228,3801,2303,0,-0.0024158093
Cold,521643,3218,3217,3801,2303,1,0.0043006316
Cold,521062,3216,3215,3801,2303,1,0.0053950753
Cold,520925,3215,3214,3801,2303,1,-0.010237858
Cold,561207,3453,3452,3801,2303,0,0.0015301774
Cold,520890,3214,3213,3801,2303,1,0.0020115415
Cold,518705,3201,3200,3801,2303,1,0.0002987648
Cold,785452,4691,4690,3801,2303,1,-0.0037399167
Cold,509475,3138,3137,3801,2303,0,-0.0034763261
Cold,504614,3103,3102,3801,2303,1,0.00031173206
Cold,893599,5395,5394,3801,2303,1,0.00037859828
Cold,504030,3098,3097,3801,2303,1,0.003963046
Cold,768685,4579,4578,3801,2303,1,-0.007412112
Cold,502384,3083,3082,3801,2303,1,0.0020841307
Cold,797580,4784,4783,3801,2303,1,0.011707209
Cold,487687,3000,2999,3801,2303,0,0.0068598203
Cold,484515,2984,2983,3801,2303,1,0.0001758833
Cold,481493,2961,2960,3801,2303,1,-0.0058939504
Cold,473519,2909,2908,3801,2303,1,0.006973991
Cold,466768,2878,2877,3801,2303,1,-0.0035276208
Cold,459762,2834,2833,3801,2303,1,-0.0075079533
Cold,457848,2820,2819,3801,2303,1,0.0044393716
Cold,452467,2786,2785,3801,2303,1,0.0017492484
Cold,448414,2764,2763,3801,2303,1,0.0063611064
Cold,446816,2753,2752,3801,2303,1,-0.002726216
Cold,438981,2682,2681,3801,2303,1,0.00854555
Cold,438293,2679,2678,3801,2303,1,-0.007926508
Cold,431009,2627,2626,3801,2303,0,0.006953539
Cold,427228,2593,2592,3801,2303,1,0.011386366
Cold,426906,2592,2591,3801,2303,1,-0.0063709174
Cold,425282,2581,2580,3801,2303,1,-0.0077036703
Cold,424951,2578,2577,3801,2303,0,-0.0028437788
Cold,422133,2555,2554,3801,2303,1,0.008330282
Cold,417359,2514,2513,3801,2303,1,0.004985907
Cold,415049,2498,2497,3801,2303,1,0.00045774505
Cold,412526,2483,2482,3801,2303,1,2.6482274e-05
Cold,412787,2484,2483,3801,2303,0,0.0053329826
Cold,411861,2476,2475,3801,2303,1,0.008785997
Cold,403450,2410,2409,3801,2303,1,0.0019236102
Cold,707782,4241,4240,3801,2303,1,0.010401074
Cold,397781,2359,2358,3801,2303,1,0.0061865374
Cold,393724,2318,2317,3801,2303,1,-0.0051817987
Cold,390678,2293,2292,3801,2303,1,0.007690325
Cold,381616,2231,2230,3801,2303,0,0.005968425
Cold,374015,2181,2180,3801,2303,1,0.010148572
Cold,364135,2121,2120,3801,2303,1,0.004308039
Cold,352937,2067,2066,3801,2303,1,0.004153049
Cold,347342,2038,2037,3801,2303,1,0.007182521
Cold,343606,2018,2017,3801,2303,1,0.0073591396
Cold,339665,2002,2001,3801,2303,1,0.007335169
Cold,323140,1916,1915,3801,2303,1,0.0054453034
Cold,293396,1747,1746,3801,2303,0,0.0030512428
Cold,293709,1748,1747,3801,2303,1,-0.0031386716
Cold,282265,1693,1692,3801,2303,1,0.0071533853
Cold,282016,1692,1691,3801,2303,1,-0.0022521894
Cold,292267,1741,1740,3801,2303,1,-0.0006998932
Cold,268949,1632,1631,3801,2303,0,0.007504412
Cold,345458,2026,2025,3801,2303,1,0.0005586068
Cold,256742,1570,1569,3801,2303,0,-0.00071251485
Cold,346159,2030,2029,3801,2303,1,0.0034399056
Cold,316753,1884,1883,3801,2303,1,0.0084978
Cold,242751,1465,1464,3801,2303,1,0.007584818
Cold,228912,1387,1386,3801,2303,1,0.002880616
Cold,227446,1378,1377,3801,2303,1,0.011076236
Cold,276178,1671,1670,3801,2303,1,0.0026247469
Cold,216591,1315,1314,3801,2303,1,0.0031579824
Cold,217982,1322,1321,3801,2303,0,-0.0027453927
Cold,208274,1273,1272,3801,2303,1,0.006178354
Cold,219814,1333,1332,3801,2303,1,0.001931683
Cold,189885,1178,1177,3801,2303,1,0.00889812
Cold,338085,1988,1987,3801,2303,1,-0.0026042887
Cold,188574,1170,1169,3801,2303,1,0.0033983309
Cold,180244,1128,1127,3801,2303,1,-0.005003902
Cold,165200,1053,1052,3801,2303,1,-0.0018113307
Cold,219482,1331,1330,3801,2303,1,0.004195909
Cold,190794,1181,1180,3801,2303,0,0.0110185845
Cold,160971,1023,1022,3801,2303,1,0.0036911538
Cold,146920,948,947,3801,2303,1,0.0034593367
Cold,144515,931,930,3801,2303,1,0.0027218848
Cold,143856,928,927,3801,2303,1,0.009911837
Cold,185177,1150,1149,3801,2303,0,-0.0051256786
Cold,141475,911,910,3801,2303,1,0.010376797
Cold,138157,889,888,3801,2303,1,0.008901211
Cold,128159,829,828,3801,2303,1,0.0031683329
Cold,350474,2057,2056,3801,2303,1,0.005686455
Cold,89225,588,587,3801,2303,1,0.0072826273
Cold,83031,549,548,3801,2303,1,0.006431861
Cold,113730,737,736,3801,2303,1,0.0063755536
Cold,319287,1897,1896,3801,2303,1,0.003484263
Cold,67013,451,450,3801,2303,1,-0.0012674514
Cold,46907,314,313,3801,2303,1,-0.007783766
Cold,45613,307,306,3801,2303,1,0.014133308
Cold,35362,238,237,3801,2303,1,0.005476668
Cold,40778,273,272,3801,2303,1,0.00024438498
Cold,48199,323,322,3801,2303,1,-0.002656416
Cold,27621,193,192,3801,2303,1,-0.003517583
Cold,18279,141,140,3801,2303,1,0.004314756
Cold,966720,5831,5830,3801,2303,1,0.009079661
Cold,357394,2092,2091,3801,2303,1,0.007890519
Cold,24498,173,172,3801,2303,1,0.0068238336
Cold,420938,2544,2543,3801,2303,0,0.0010249193
Cold,384685,2247,2246,3801,2303,1,0.0033066552
Cold,892921,5394,5393,3801,2303,1,-0.0008686576
Cold,347983,2041,2040,3801,2303,0,-0.0012359852
Cold,50681,333,332,3801,2303,0,0.008035077
Cold,171547,1088,1087,3801,2303,1,0.01112469
Cold,322287,1912,1911,3801,2303,0,0.0015707415
Cold,805668,4823,4822,3801,2303,1,0.008268193
Cold,25931,183,182,3801,2303,1,-0.002668221
Cold,295625,1755,1754,3801,2303,1,0.007903259
Cold,748234,4467,4466,3801,2303,1,0.0010998237
Cold,432648,2638,2637,3807,2305,0,0.002306101
Cold,423716,2567,2566,3807,2305,0,0.0043406202
Cold,406938,2445,2444,3807,2305,0,0.00351005
Cold,377209,2203,2202,3807,2305,1,0.00521115
Cold,369877,2164,2163,3807,2305,0,0.00047022058
Cold,356354,2088,2087,3807,2305,1,-0.0016693865
Cold,341541,2012,2011,3807,2305,0,0.00052013807
Cold,327165,1939,1938,3807,2305,0,-0.0019561278
Cold,326973,1938,1937,3807,2305,0,-0.0014497002
Cold,292269,1741,1740,3807,2305,1,-0.0021559866
Cold,279073,1680,1679,3807,2305,1,0.0008925905
Cold,250188,1507,1506,3807,2305,0,-0.004729586
Cold,244664,1473,1472,3807,2305,0,-0.0007298938
Cold,241147,1451,1450,3807,2305,1,0.0019739093
Cold,244419,1472,1471,3807,2305,1,-0.0036559128
Cold,214793,1303,1302,3807,2305,1,-0.00058882404
Cold,197661,1214,1213,3807,2305,0,0.004305767
Cold,177526,1119,1118,3807,2305,1,0.0026244982
Cold,196458,1207,1206,3807,2305,1,0.003709007
Cold,248780,1501,1500,3807,2305,0,-0.0006504818
Cold,168858,1071,1070,3807,2305,1,0.00719286
Cold,162252,1034,1033,3807,2305,0,0.00792535
Cold,342394,2015,2014,3807,2305,0,0.0066283885
Cold,155833,1004,1003,3807,2305,1,0.0053096665
Cold,131115,850,849,3807,2305,0,0.00026328152
Cold,315153,1880,1879,3807,2305,0,-0.000877155
Cold,122914,793,792,3807,2305,0,-0.000534181
Cold,86946,567,566,3807,2305,1,-0.0028965315
Cold,85800,560,559,3807,2305,1,0.0012949139
Cold,84083,550,549,3807,2305,0,0.0013724461
Cold,71082,477,476,3807,2305,0,-0.0006266739
Cold,56795,381,380,3807,2305,0,0.0033115689
Cold,43687,300,299,3807,2305,1,-0.0026540249
Cold,36681,245,244,3807,2305,0,0.00016962527
Cold,626707,3792,3791,3807,2305,0,-0.00034114695
Cold,61865,415,414,3807,2305,1,0.0008655302
Cold,5851,42,41,3807,2305,1,0.009640157
Cold,60897,411,410,3807,2305,0,0.007882996
Cold,102167,678,677,3807,2305,1,-0.0018963041
Cold,327979,1941,1940,3807,2305,0,0.001914563
Cold,633152,3824,3823,3807,2305,1,0.0055499007
Cold,768686,4579,4578,3807,2305,0,-0.005764932
Cold,958802,5787,5786,3807,2305,1,-0.005093316
Cold,62841,424,423,3807,2305,0,0.006308745
Cold,300306,1780,1779,3807,2305,0,-2.4259556e-05
Cold,718526,4305,4304,3807,2305,1,0.0007880456
Cold,243894,1470,1469,3810,2307,0,-0.0017332644
Cold,279098,1680,1679,3810,2307,1,-0.0071600387
Cold,196468,1207,1206,3810,2307,0,-0.006530611
Cold,185193,1150,1149,3810,2307,0,-0.002691023
Cold,307383,1835,1834,3810,2307,1,-0.0043245824
Cold,168400,1069,1068,3810,2307,0,0.0011459801
Cold,162467,1035,1034,3810,2307,1,-0.0027879565
Cold,136520,881,880,3810,2307,0,-0.002851949
Cold,135585,877,876,3810,2307,0,0.0052816607
Cold,98767,660,659,3810,2307,0,-0.0010649004
Cold,97342,652,651,3810,2307,0,0.0051844525
Cold,83045,549,548,3810,2307,0,-0.008048143
Cold,68681,461,460,3810,2307,0,-0.010802714
Cold,74783,509,508,3810,2307,0,-0.0009590539
Cold,239985,1449,1448,3810,2307,0,-0.0052626557
Cold,47700,319,318,3810,2307,0,-0.002730769
Cold,27349,192,191,3810,2307,0,-0.0037418422
Cold,481766,2962,2961,3810,2307,0,-0.003028378
Cold,354861,2077,2076,3810,2307,1,-0.001224685
Cold,150553,970,969,3810,2307,0,0.0022190087
Cold,178620,1121,1120,3810,2307,1,-0.0059086382
Cold,271760,1643,1642,3810,2307,0,-0.0026435503
Cold,193598,1194,1193,3810,2307,0,-0.013947918
Cold,260060,1591,1590,3813,2310,1,0.016298478
Cold,220331,1335,1334,3813,2310,0,-0.003637229
Cold,180252,1128,1127,3813,2310,0,0.0045644892
Cold,177532,1119,1118,3813,2310,1,-0.0015629921
Cold,149229,960,959,3813,2310,0,0.0110664815
Cold,199399,1224,1223,3813,2310,1,0.009615728
Cold,131120,850,849,3813,2310,1,0.003138433
Cold,160024,1019,1018,3813,2310,0,0.0076607196
Cold,239988,1449,1448,3813,2310,0,0.0048815114
Cold,190816,1181,1180,3813,2310,0,-0.002677456
Cold,84094,550,549,3813,2310,0,0.006340239
Cold,34175,230,229,3813,2310,1,0.0031909444
Cold,17630,136,135,3813,2310,1,-0.0016746414
Cold,202006,1243,1242,3813,2310,0,-7.86311e-05
Cold,158098,1015,1014,3813,2310,0,0.004551789
Cold,89230,588,587,3813,2310,0,0.008970262
Cold,860075,5172,5171,3813,2310,0,-0.00035442458
Cold,50688,333,332,3813,2310,0,0.0034537385
Cold,47703,319,318,3813,2310,0,-0.0005291903
Cold,639053,3842,3841,3813,2310,0,0.0029400424
Cold,420947,2544,2543,3813,2310,0,0.005032272
Cold,739386,4418,4417,3813,2310,0,0.0049621454
Cold,322300,1912,1911,3813,2310,0,0.0018795915
Cold,810302,4861,4860,3822,2314,1,-0.0003077446
Cold,520528,3210,3209,3822,2314,1,0.00067427824
Cold,146416,943,942,3822,2314,0,-0.00020166836
Cold,93271,624,623,3822,2314,0,6.1246334e-05
Cold,892931,5394,5393,3822,2314,1,0.0115636075
Cold,187612,1164,1163,3822,2314,1,0.008027271
Cold,232535,1413,1412,3822,2314,1,0.0061465465
Cold,28445,195,194,3822,2314,1,0.007673502
Cold,882933,5333,5332,3822,2314,1,0.0055541247
Cold,114232,743,742,3822,2314,0,-0.0014049901
Cold,212053,1291,1290,3823,2315,1,0.004978366
Cold,501262,3080,3079,3823,2315,0,0.011702461
Cold,223047,1352,1351,3823,2315,1,0.0017796559
Cold,116144,752,751,3823,2315,0,0.0032031827
Cold,237859,1447,1446,3823,2315,1,0.0074731493
Cold,319306,1897,1896,3823,2315,0,0.0066018566
Cold,91199,604,603,3824,2316,0,-0.008573199
Cold,99555,664,663,3824,2316,0,-0.00035874988
Cold,317672,1889,1888,3824,2316,0,-0.0018719307
Cold,47733,319,318,3824,2316,0,-0.013559399
Cold,32763,222,221,3824,2316,0,0.0062348368
Cold,17044,133,132,3824,2316,1,-0.005755258
Cold,314356,1877,1876,3824,2316,0,-0.012594283
Cold,877410,5302,5301,3824,2316,0,-0.0014184668
Cold,594799,3620,3619,3824,2316,0,0.009254428
Cold,388343,2272,2271,3824,2316,0,-0.00071925507
Cold,59532,403,402,3824,2316,0,-0.00048940885
Cold,155323,1001,1000,3824,2316,0,0.0014462528
Cold,181973,1137,1136,3824,2316,0,-0.0064416435
Cold,190836,1181,1180,3824,2316,0,-0.01319742
Cold,399829,2380,2379,3824,2316,0,-0.004258288
Cold,150561,970,969,3824,2316,0,-0.002186059
Cold,930380,5621,5620,3824,2316,0,-0.001931536
Cold,76350,518,517,3824,2316,0,0.0031684493
Cold,626728,3792,3791,3824,2316,0,-0.0047756084
Cold,559899,3441,3440,3824,2316,0,-0.003798406
Cold,238870,1448,1447,3824,2316,0,0.0021733006
Cold,408185,2453,2452,3824,2316,0,0.00036750408
Cold,530977,3280,3279,3824,2316,0,-0.0034562554
Cold,407243,2446,2445,3824,2316,0,-0.010150177
Cold,222580,1347,1346,3824,2316,0,-0.00013868092
Cold,285282,1701,1700,3824,2316,0,-0.003286869
Cold,351755,2063,2062,3824,2316,1,-6.888306e-05
Cold,79356,531,530,3824,2316,0,0.002763724
Cold,110779,721,720,3824,2316,0,-0.0017769611
Cold,384093,2244,2243,3824,2316,0,-0.006157582
Cold,59247,402,401,3824,2316,0,0.0034047856
Cold,502881,3087,3086,3824,2316,0,0.002892939
Cold,503403,3093,3092,3824,2316,0,-0.0041989456
Cold,682390,4085,4084,3824,2316,0,-0.005683953
Cold,12153,92,91,3824,2316,0,-0.003224729
Cold,794981,4757,4756,3824,2316,0,-0.004239076
Cold,206822,1266,1265,3824,2316,0,-0.0050655333
Cold,631533,3821,3820,3824,2316,0,-0.0018912405
Cold,930096,5620,5619,3824,2316,0,-0.002345673
Cold,503811,3096,3095,3824,2316,1,0.002569878
Cold,405323,2427,2426,3824,2316,0,-0.0034902
Cold,144887,934,933,3824,2316,0,-0.009489443
Cold,894910,5405,5404,3824,2316,0,-0.00858556
Cold,476338,2926,2925,3824,2316,0,0.0019577444
Cold,474469,2911,2910,3824,2316,1,-0.0006724056
Cold,286681,1712,1711,3824,2316,0,-0.005524744
Cold,129933,840,839,3824,2316,0,0.002961977
Cold,459604,2832,2831,3824,2316,0,-0.003405531
Cold,255902,1560,1559,3824,2316,0,-0.006650252
Cold,312864,1865,1864,3824,2316,0,-0.0016269381
Cold,699653,4186,4185,3824,2316,0,-0.0029436792
Cold,522499,3224,3223,3824,2316,0,-0.0035279177
Cold,461493,2847,2846,3824,2316,0,0.0012809888
Cold,96599,648,647,3824,2316,0,-0.007578995
Cold,807595,4834,4833,3824,2316,0,-0.005377665
Cold,302114,1794,1793,3824,2316,0,0.0011921782
Cold,83060,549,548,3824,2316,0,-0.0057600513
Cold,253885,1544,1543,3831,2320,0,0.006700473
Cold,231639,1404,1403,3831,2320,1,0.0066173184
Cold,296443,1758,1757,3831,2320,1,0.008817516
Cold,212305,1293,1292,3831,2320,1,0.0025263163
Cold,195409,1203,1202,3831,2320,1,0.003170269
Cold,202016,1243,1242,3831,2320,0,0.013346402
Cold,201139,1241,1240,3831,2320,1,0.009184141
Cold,206835,1266,1265,3831,2320,0,0.011561665
Cold,186760,1156,1155,3831,2320,1,-0.0015150218
Cold,185229,1150,1149,3831,2320,0,0.001806187
Cold,162590,1037,1036,3831,2320,1,-0.0033294256
Cold,158927,1016,1015,3831,2320,1,0.015533764
Cold,156363,1009,1008,3831,2320,1,-0.00039142463
Cold,155328,1001,1000,3831,2320,1,0.0075373324
Cold,148733,957,956,3831,2320,0,0.006072034
Cold,154599,998,997,3831,2320,1,-0.0045549255
Cold,142956,922,921,3831,2320,0,0.008582037
Cold,139600,893,892,3831,2320,0,0.0049954457
Cold,138217,889,888,3831,2320,0,0.0015733982
Cold,128534,832,831,3831,2320,0,0.003972084
Cold,248383,1499,1498,3831,2320,1,0.0021413923
Cold,108964,713,712,3831,2320,0,0.0013564047
Cold,100828,673,672,3831,2320,1,0.0034037293
Cold,123106,795,794,3831,2320,1,0.007965122
Cold,69484,466,465,3831,2320,0,0.00491177
Cold,55970,371,370,3831,2320,0,0.00018322328
Cold,49847,330,329,3831,2320,1,0.0023749182
Cold,37494,255,254,3831,2320,1,0.009338106
Cold,481790,2962,2961,3831,2320,1,0.010101348
Cold,32663,220,219,3831,2320,0,0.0021986424
Cold,25027,175,174,3831,2320,0,0.009998605
Cold,314359,1877,1876,3831,2320,0,-0.010565532
Cold,290164,1733,1732,3831,2320,0,0.013170408
Cold,783458,4680,4679,3831,2320,0,0.011140622
Cold,399837,2380,2379,3831,2320,1,0.0041814344
Cold,4984,35,34,3831,2320,0,0.002266793
Cold,338107,1988,1987,3831,2320,1,0.0019799971
Cold,797977,4785,4784,3831,2320,1,0.005888295
Cold,211666,1287,1286,3831,2320,1,0.00941186
Cold,119928,774,773,3831,2320,0,0.005565343
Cold,936972,5653,5652,3831,2320,1,0.0056581995
Cold,874378,5279,5278,3831,2320,0,0.0047020945
Cold,881090,5322,5321,3831,2320,1,0.000567466
Cold,50389,331,330,3831,2320,0,0.008301047
Cold,807600,4834,4833,3831,2320,0,0.0070855105
Cold,156817,1010,1009,3831,2320,0,0.007191495
Cold,285289,1701,1700,3831,2320,1,0.014542731
Cold,140243,899,898,3831,2320,1,0.00326202
Cold,114235,743,742,3831,2320,0,0.007260127
Cold,471959,2904,2903,3831,2320,1,0.0032668181
Cold,39412,267,266,3831,2320,1,0.0022173002
Cold,286690,1712,1711,3831,2320,0,0.003278921
Cold,571582,3505,3504,3831,2320,1,0.00054306514
Cold,804291,4816,4815,3831,2320,1,0.0050171874
Cold,330710,1952,1951,3831,2320,1,-0.004393492
Cold,56392,376,375,3831,2320,0,0.0045733005
Cold,181981,1137,1136,3831,2320,0,0.009159312
Cold,902782,5458,5457,3831,2320,1,-0.0014787065
Cold,784068,4682,4681,3831,2320,1,0.0040334454
Cold,258407,1584,1583,3831,2320,0,0.005927127
Cold,777770,4647,4646,3831,2320,1,0.0019996911
Cold,964021,5812,5811,3831,2320,1,0.0020924315
Cold,165991,1058,1057,3831,2320,1,0.010925047
Cold,407249,2446,2445,3831,2320,0,0.004293213
Cold,483228,2969,2968,3831,2320,1,0.010183418
Cold,222583,1347,1346,3831,2320,1,0.005079792
Cold,966749,5831,5830,3831,2320,1,0.009470532
Cold,90249,595,594,3831,2320,1,0.012219105
Cold,47756,319,318,3831,2320,0,0.005290943
Cold,397342,2353,2352,3831,2320,1,0.0060428027
Cold,555034,3413,3412,3831,2320,1,0.00870202
Cold,607111,3685,3684,3831,2320,1,0.005785655
Cold,871588,5265,5264,3831,2320,1,0.0068294043
Cold,770287,4591,4590,3831,2320,1,0.0068625263
Cold,154094,993,992,3831,2320,0,0.0020643095
Cold,503406,3093,3092,3831,2320,1,0.0005316903
Cold,696228,4169,4168,3831,2320,0,0.0135707315
Cold,357429,2092,2091,3831,2320,0,0.01258322
Cold,559545,3437,3436,3831,2320,1,0.005946382
Cold,567444,3483,3482,3831,2320,1,0.0017575822
Cold,933438,5636,5635,3831,2320,1,0.0077322107
Cold,330957,1954,1953,3831,2320,0,-0.00040397
Cold,319317,1897,1896,3831,2320,0,0.009638593
Cold,751550,4482,4481,3831,2320,1,0.005450491
Cold,24574,173,172,3831,2320,0,0.0032299021
Cold,230504,1395,1394,3831,2320,1,0.0038659545
Cold,500466,3074,3073,3831,2320,1,-0.004445626
Cold,403317,2409,2408,3831,2320,1,0.010298483
Cold,20954,151,150,3831,2320,1,0.008223758
Cold,465135,2868,2867,3831,2320,1,0.006296645
Cold,254354,1546,1545,3831,2320,1,4.70269e-05
Cold,116160,752,751,3831,2320,1,0.007018838
Cold,161325,1029,1028,3831,2320,0,0.008009825
Cold,309598,1842,1841,3831,2320,1,0.013422249
Cold,60972,411,410,3831,2320,0,0.0060527786
Cold,110790,721,720,3831,2320,1,-0.0012867847
Cold,354884,2077,2076,3831,2320,1,0.00942936
Cold,545294,3363,3362,3831,2320,1,-0.00018566241
Cold,423152,2565,2564,3831,2320,1,0.008343901
Cold,499386,3067,3066,3831,2320,1,-0.00020334998
Cold,892937,5394,5393,3831,2320,0,0.008451257
Cold,25455,180,179,3831,2320,1,0.0050183395
Cold,520532,3210,3209,3831,2320,1,-0.0040160427
Cold,335848,1980,1979,3831,2320,1,0.022048838
Cold,129935,840,839,3831,2320,1,0.007890789
Cold,720035,4312,4311,3831,2320,1,0.008089689
Cold,571036,3503,3502,3831,2320,1,0.008112818
Cold,89998,593,592,3831,2320,0,0.0037960992
Cold,492700,3029,3028,3831,2320,1,0.007467384
Cold,174835,1107,1106,3831,2320,1,-0.002440216
Cold,846620,5087,5086,3831,2320,0,-0.0025175773
Cold,891520,5387,5386,3831,2320,0,0.0129426345
Cold,460659,2841,2840,3831,2320,1,0.0047928607
Cold,254854,1551,1550,3831,2320,0,0.004314365
Cold,699658,4186,4185,3831,2320,1,0.012579725
Cold,178626,1121,1120,3831,2320,1,0.008128856
Cold,401608,2395,2394,3831,2320,0,0.0046491744
Cold,801385,4802,4801,3831,2320,0,0.011126078
Cold,808539,4842,4841,3831,2320,1,-0.0028245468
Cold,193613,1194,1193,3831,2320,1,0.0027639375
Cold,178091,1120,1119,3831,2320,1,0.010775683
Cold,234943,1425,1424,3831,2320,1,0.0126499925
Cold,34026,229,228,3831,2320,1,-0.0013325345
Cold,346626,2031,2030,3831,2320,0,0.0035816738
Cold,860080,5172,5171,3831,2320,0,0.002210441
Cold,794000,4748,4747,3831,2320,1,-0.0037448518
Cold,638092,3841,3840,3834,2321,1,0.001573517
Cold,619504,3754,3753,3834,2321,0,0.012064288
Cold,618027,3745,3744,3834,2321,0,-0.005097063
Cold,615623,3727,3726,3834,2321,0,0.00086615863
Cold,615233,3726,3725,3834,2321,0,0.0048253066
Cold,609872,3696,3695,3834,2321,0,0.0007756837
Cold,613256,3716,3715,3834,2321,0,0.00040517107
Cold,603171,3670,3669,3834,2321,0,-0.0029174048
Cold,725297,4344,4343,3834,2321,0,0.007217846
Cold,601415,3656,3655,3834,2321,0,0.0044406187
Cold,597424,3633,3632,3834,2321,1,0.0030746923
Cold,633195,3824,3823,3834,2321,1,0.004349105
Cold,869780,5255,5254,3834,2321,1,-0.0045720297
Cold,596530,3626,3625,3834,2321,0,0.0020581272
Cold,587877,3589,3588,3834,2321,0,0.004952364
Cold,587323,3587,3586,3834,2321,1,0.00017296989
Cold,585664,3576,3575,3834,2321,0,-0.0038686078
Cold,577907,3529,3528,3834,2321,0,-0.00060167
Cold,573221,3511,3510,3834,2321,0,0.0052915737
Cold,593781,3618,3617,3834,2321,0,0.0076749516
Cold,563405,3467,3466,3834,2321,1,0.0042839395
Cold,931417,5626,5625,3834,2321,0,-0.0023319272
Cold,556875,3422,3421,3834,2321,0,0.008371628
Cold,681961,4084,4083,3834,2321,1,-0.0062042787
Cold,552306,3401,3400,3834,2321,0,0.00603294
Cold,966750,5831,5830,3834,2321,1,0.007847838
Cold,548296,3383,3382,3834,2321,0,0.0018293688
Cold,547370,3377,3376,3834,2321,0,0.0017613275
Cold,577126,3526,3525,3834,2321,0,0.0028825444
Cold,598195,3641,3640,3834,2321,0,-0.0026924396
Cold,533279,3292,3291,3834,2321,1,0.004649894
Cold,544066,3353,3352,3834,2321,0,0.0016939022
Cold,533803,3293,3292,3834,2321,0,0.004049229
Cold,530481,3277,3276,3834,2321,0,0.0025605245
Cold,527938,3264,3263,3834,2321,0,0.004759718
Cold,524945,3241,3240,3834,2321,1,-0.003941101
Cold,521651,3218,3217,3834,2321,0,-0.0013600651
Cold,520001,3208,3207,3834,2321,0,7.959083e-05
Cold,964022,5812,5811,3834,2321,1,0.0009962264
Cold,518728,3201,3200,3834,2321,0,0.0063016927
Cold,874497,5281,5280,3834,2321,0,0.005016735
Cold,509484,3138,3137,3834,2321,0,-0.0015416807
Cold,502884,3087,3086,3834,2321,1,-0.0022163282
Cold,501748,3081,3080,3834,2321,0,0.0017810448
Cold,494090,3032,3031,3834,2321,1,-0.0029192332
Cold,738136,4411,4410,3834,2321,0,0.0049649905
Cold,485772,2990,2989,3834,2321,0,0.005643186
Cold,481498,2961,2960,3834,2321,0,0.00090177846
Cold,473565,2909,2908,3834,2321,0,0.0048263622
Cold,459791,2835,2834,3834,2321,0,0.0061200066
Cold,451495,2779,2778,3834,2321,1,0.00076231174
Cold,448720,2765,2764,3834,2321,0,0.0013705306
Cold,447937,2761,2760,3834,2321,0,0.00050664344
Cold,446386,2752,2751,3834,2321,0,-0.00027432805
Cold,443805,2737,2736,3834,2321,0,0.00620572
Cold,442745,2728,2727,3834,2321,0,-0.0080732
Cold,452479,2786,2785,3834,2321,0,0.007825777
Cold,433607,2643,2642,3834,2321,0,0.0024396656
Cold,431630,2629,2628,3834,2321,0,0.0012952602
Cold,426927,2592,2591,3834,2321,0,0.011720386
Cold,418644,2529,2528,3834,2321,0,0.0096368
Cold,414557,2496,2495,3834,2321,0,0.0047913445
Cold,402286,2402,2401,3834,2321,0,0.0023316431
Cold,388940,2279,2278,3834,2321,0,0.0030328673
Cold,382847,2237,2236,3834,2321,0,0.0046234657
Cold,377231,2203,2202,3834,2321,0,-0.0034768267
Cold,369898,2164,2163,3834,2321,1,0.0029165698
Cold,387528,2265,2264,3834,2321,0,0.0023328997
Cold,357430,2092,2091,3834,2321,0,0.0076082987
Cold,327174,1939,1938,3834,2321,0,0.0024968027
Cold,324180,1921,1920,3834,2321,1,-0.002662337
Cold,318363,1891,1890,3834,2321,0,-0.0010258132
Cold,312308,1861,1860,3834,2321,0,-0.00014902838
Cold,268985,1632,1631,3834,2321,0,0.0061019436
Cold,436383,2665,2664,3834,2321,0,-0.003260767
Cold,283172,1696,1695,3834,2321,0,0.0004344026
Cold,227116,1377,1376,3834,2321,0,0.0027676628
Cold,323798,1920,1919,3834,2321,0,-0.00028528785
Cold,218000,1322,1321,3834,2321,1,0.0028029175
Cold,208749,1274,1273,3834,2321,0,-0.010697852
Cold,279147,1680,1679,3834,2321,0,0.0010060552
Cold,196973,1209,1208,3834,2321,0,0.007147805
Cold,194821,1202,1201,3834,2321,1,0.003711443
Cold,180269,1128,1127,3834,2321,0,-0.0006750447
Cold,179094,1124,1123,3834,2321,0,0.008061651
Cold,196482,1207,1206,3834,2321,0,0.00068797637
Cold,166438,1059,1058,3834,2321,0,0.010469935
Cold,190857,1181,1180,3834,2321,0,0.0004229677
Cold,151582,975,974,3834,2321,0,0.004606513
Cold,199417,1224,1223,3834,2321,1,0.0074409856
Cold,217010,1317,1316,3834,2321,0,-0.007369226
Cold,139544,892,891,3834,2321,0,-0.0006062968
Cold,138219,889,888,3834,2321,0,0.0006072789
Cold,315201,1880,1879,3834,2321,0,0.004831869
Cold,118343,765,764,3834,2321,0,0.0034522647
Cold,98788,660,659,3834,2321,0,0.0048305085
Cold,94917,637,636,3834,2321,0,-0.0060999943
Cold,351777,2063,2062,3834,2321,0,-0.0015181404
Cold,94182,631,630,3834,2321,0,-0.0030400096
Cold,72004,482,481,3834,2321,0,0.003680095
Cold,48682,326,325,3834,2321,0,-0.007835959
Cold,639070,3842,3841,3834,2321,0,0.0067661693
Cold,42572,291,290,3834,2321,1,-0.0018623522
Cold,39089,264,263,3834,2321,0,0.0011861213
Cold,36770,245,244,3834,2321,0,0.0031967796
Cold,25727,181,180,3834,2321,0,0.008451764
Cold,21721,157,156,3834,2321,0,-0.005684766
Cold,30693,204,203,3834,2321,0,0.009343815
Cold,18861,146,145,3834,2321,1,0.013504534
Cold,129379,839,838,3834,2321,0,0.011202652
Cold,828676,4979,4978,3834,2321,0,-0.0012285588
Cold,241174,1451,1450,3834,2321,0,0.0061952453
Cold,102204,678,677,3834,2321,1,0.0049813045
Cold,996113,6016,6015,3834,2321,1,0.00048930035
Cold,958813,5787,5786,3834,2321,0,0.0074269604
Cold,339162,1998,1997,3834,2321,0,-0.0045464328
Cold,593782,3618,3617,3835,2322,0,0.0014982566
Cold,592849,3614,3613,3835,2322,0,-0.00045723433
Cold,586607,3580,3579,3835,2322,1,0.0065083522
Cold,585403,3575,3574,3835,2322,0,0.0017234902
Cold,585275,3574,3573,3835,2322,0,-0.0011982333
Cold,584203,3565,3564,3835,2322,1,-0.0019717948
Cold,583402,3562,3561,3835,2322,0,0.0067395843
Cold,577687,3527,3526,3835,2322,1,-0.009034887
Cold,576533,3524,3523,3835,2322,1,0.005095192
Cold,576655,3525,3524,3835,2322,0,-0.0024332441
Cold,574096,3514,3513,3835,2322,0,-0.004075941
Cold,563406,3467,3466,3835,2322,1,0.011953817
Cold,563307,3465,3464,3835,2322,0,-0.0015523899
Cold,563056,3464,3463,3835,2322,1,0.0050128903
Cold,718546,4305,4304,3835,2322,1,0.0076365294
Cold,555769,3416,3415,3835,2322,0,0.006617454
Cold,547371,3377,3376,3835,2322,0,0.0027256499
Cold,577127,3526,3525,3835,2322,0,0.00424273
Cold,544919,3360,3359,3835,2322,1,0.0037027046
Cold,537101,3311,3310,3835,2322,0,-0.0022680156
Cold,535972,3308,3307,3835,2322,0,-0.00024502492
Cold,564380,3471,3470,3835,2322,0,0.0013290991
Cold,534033,3296,3295,3835,2322,1,0.005713856
Cold,527939,3264,3263,3835,2322,0,0.001069102
Cold,523686,3228,3227,3835,2322,0,0.006901172
Cold,959348,5788,5787,3835,2322,0,0.00085324515
Cold,519063,3202,3201,3835,2322,0,0.002455441
Cold,519198,3203,3202,3835,2322,0,0.0020825071
Cold,517858,3196,3195,3835,2322,0,0.005423652
Cold,516943,3191,3190,3835,2322,0,-0.0004085116
Cold,540377,3323,3322,3835,2322,1,0.004417053
Cold,797594,4784,4783,3835,2322,0,0.00042022066
Cold,550082,3391,3390,3835,2322,0,0.004765909
Cold,659136,3971,3970,3835,2322,1,-0.003018563
Cold,494091,3032,3031,3835,2322,1,-0.00080363
Cold,628644,3807,3806,3835,2322,0,0.0039724135
Cold,487883,3001,3000,3835,2322,0,0.0047932873
Cold,473566,2909,2908,3835,2322,1,-4.301034e-05
Cold,467942,2885,2884,3835,2322,0,0.0050946483
Cold,879859,5317,5316,3835,2322,1,-0.0017421286
Cold,462231,2852,2851,3835,2322,0,0.0045567444
Cold,463263,2857,2856,3835,2322,0,0.0011918348
Cold,462573,2854,2853,3835,2322,0,0.0031254208
Cold,460964,2842,2841,3835,2322,0,0.0014267629
Cold,460282,2840,2839,3835,2322,0,0.0035647587
Cold,457886,2820,2819,3835,2322,0,0.00080969697
Cold,453697,2793,2792,3835,2322,0,0.00089141796
Cold,450831,2777,2776,3835,2322,0,0.0014272067
Cold,449117,2769,2768,3835,2322,0,0.0012358588
Cold,444337,2741,2740,3835,2322,0,0.0029523976
Cold,443806,2737,2736,3835,2322,0,-0.0032520224
Cold,442871,2730,2729,3835,2322,1,0.005835246
Cold,406418,2438,2437,3835,2322,0,0.010736065
Cold,383664,2242,2241,3835,2322,1,0.0023950245
Cold,378542,2209,2208,3835,2322,0,0.002545155
Cold,373177,2179,2178,3835,2322,0,-0.0002700867
Cold,361606,2109,2108,3835,2322,0,0.009210827
Cold,351778,2063,2062,3835,2322,0,0.00066207605
Cold,375569,2188,2187,3835,2322,0,0.0065797307
Cold,360044,2105,2104,3835,2322,0,0.0052373908
Cold,350961,2060,2059,3835,2322,0,-0.0056130798
Cold,265739,1613,1612,3835,2322,0,-0.0025516637
Cold,250702,1512,1511,3835,2322,0,0.0025160457
Cold,321274,1904,1903,3835,2322,0,0.001517034
Cold,279148,1680,1679,3835,2322,0,0.00095740263
Cold,304852,1812,1811,3835,2322,1,-0.00028567982
Cold,185230,1150,1149,3835,2322,0,-0.0013180722
Cold,183978,1146,1145,3835,2322,0,0.008790422
Cold,167831,1068,1067,3835,2322,0,0.0010498224
Cold,163812,1050,1049,3835,2322,0,0.0013598561
Cold,164503,1051,1050,3835,2322,0,0.0015582489
Cold,145332,935,934,3835,2322,0,0.003101483
Cold,156818,1010,1009,3835,2322,0,0.008170577
Cold,233389,1420,1419,3835,2322,0,0.00086454186
Cold,263279,1605,1604,3835,2322,0,0.004172294
Cold,360738,2106,2105,3835,2322,0,0.009261901
Cold,223511,1354,1353,3835,2322,0,0.0052687125
Cold,114831,746,745,3835,2322,0,-0.0040560383
Cold,119215,770,769,3835,2322,0,0.004328028
Cold,179571,1125,1124,3835,2322,0,0.004288286
Cold,113292,735,734,3835,2322,0,0.000986489
Cold,299609,1778,1777,3835,2322,0,0.004755369
Cold,110791,721,720,3835,2322,1,0.00070940575
Cold,77479,524,523,3835,2322,0,0.002637774
Cold,75445,513,512,3835,2322,0,-0.0030973803
Cold,70153,474,473,3835,2322,0,-0.000739136
Cold,72005,482,481,3835,2322,0,0.0075222007
Cold,74801,509,508,3835,2322,0,0.0007364931
Cold,132436,855,854,3835,2322,0,-0.0022627546
Cold,238884,1448,1447,3835,2322,0,0.005695195
Cold,291362,1737,1736,3835,2322,1,-0.002935935
Cold,22891,165,164,3835,2322,0,0.0031288054
Cold,8653,58,57,3835,2322,0,0.0062367413
Cold,8003,53,52,3835,2322,0,0.0052811247
Cold,2805,22,21,3835,2322,0,-0.0015627788
Cold,3712,26,25,3835,2322,0,-0.0056326305
Cold,107911,710,709,3835,2322,0,0.0058647324
Cold,408192,2453,2452,3835,2322,1,0.0056867106
Cold,354885,2077,2076,3835,2322,0,0.0025294092
Cold,140681,904,903,3835,2322,0,-0.008239997
Cold,150568,970,969,3835,2322,0,0.0014814155
Cold,530986,3280,3279,3835,2322,0,-0.0006336768
Cold,682404,4085,4084,3835,2322,0,0.0049386956
Cold,102205,678,677,3835,2322,0,0.008614955
Cold,626740,3792,3791,3835,2322,0,-0.00090572255
Cold,79369,531,530,3835,2322,0,0.000524214
Cold,46165,308,307,3835,2322,0,0.0066718264
Cold,907635,5492,5491,3835,2322,0,0.0066258125
Cold,456444,2810,2809,3835,2322,0,0.010253213
Cold,195410,1203,1202,3835,2322,0,0.004638622
Cold,50391,331,330,3835,2322,0,-0.00427912
Cold,28478,195,194,3835,2322,0,0.0071051978
Cold,892939,5394,5393,3835,2322,0,-0.0004210997
Cold,234944,1425,1424,3835,2322,0,7.12676e-05
Cold,699659,4186,4185,3835,2322,0,0.00096747256
Cold,992358,5996,5995,3835,2322,0,0.002542225
Cold,272885,1647,1646,3835,2322,0,-0.006699399
Cold,328045,1941,1940,3835,2322,0,0.0027824333
Cold,224478,1357,1356,3837,2324,0,-0.0010382978
Cold,272886,1647,1646,3837,2324,0,-0.0142456405
Cold,328048,1941,1940,3837,2324,0,0.0018879566
Cold,307402,1835,1834,3837,2324,0,-0.0055823727
Cold,161991,1033,1032,3837,2324,0,-0.014974956
Cold,159231,1017,1016,3837,2324,1,0.0032745274
Cold,132995,858,857,3837,2324,1,0.0019038765
Cold,125529,808,807,3837,2324,0,-0.008670693
Cold,92741,621,620,3837,2324,0,-0.007052864
Cold,140682,904,903,3837,2324,0,-0.0029122196
Cold,80705,536,535,3837,2324,1,-0.004343775
Cold,81641,543,542,3837,2324,1,-0.010377544
Cold,57696,390,389,3837,2324,0,0.0019100099
Cold,54108,352,351,3837,2324,1,-0.0006880376
Cold,45269,305,304,3837,2324,1,-0.0030348673
Cold,41992,284,283,3837,2324,0,0.0016354688
Cold,41281,278,277,3837,2324,1,0.00026086322
Cold,192702,1186,1185,3837,2324,1,-0.008360619
Cold,12435,94,93,3837,2324,0,0.0004917566
Cold,290165,1733,1732,3837,2324,0,-0.011934098
Cold,299050,1776,1775,3837,2324,0,-0.0011128122
Cold,760653,4520,4519,3837,2324,0,0.0016830189
Cold,366153,2131,2130,3837,2324,1,-0.0056699384
Cold,115371,749,748,3837,2324,0,-0.006160336
Cold,24579,173,172,3837,2324,0,-0.0055205254
Cold,136544,881,880,3837,2324,0,-0.006105338
Cold,474355,2910,2909,3837,2324,1,-0.00731173
Cold,62885,424,423,3837,2324,0,-0.005713026
Cold,311282,1854,1853,3837,2324,0,-0.009714227
Cold,566218,3476,3475,3840,2325,0,-0.00076986244
Cold,494107,3032,3031,3840,2325,0,-0.00014662894
Cold,488670,3007,3006,3840,2325,0,0.008105291
Cold,471350,2900,2899,3840,2325,0,-0.0013023133
Cold,790408,4728,4727,3840,2325,0,0.0010937641
Cold,437053,2668,2667,3840,2325,0,0.0054998104
Cold,430729,2625,2624,3840,2325,0,0.000999637
Cold,426465,2590,2589,3840,2325,0,-0.0012386641
Cold,409603,2457,2456,3840,2325,0,0.0042744298
Cold,408918,2455,2454,3840,2325,0,-0.0005562843
Cold,397188,2352,2351,3840,2325,0,0.00493549
Cold,369907,2164,2163,3840,2325,0,0.003829597
Cold,288259,1722,1721,3840,2325,0,-0.0027908012
Cold,279175,1680,1679,3840,2325,1,-0.0039446377
Cold,276936,1675,1674,3840,2325,1,0.0016195877
Cold,280462,1683,1682,3840,2325,0,0.0007946219
Cold,247662,1496,1495,3840,2325,1,-0.012563221
Cold,224483,1357,1356,3840,2325,0,-0.0027617738
Cold,217489,1318,1317,3840,2325,0,-0.0005155199
Cold,226380,1370,1369,3840,2325,0,-0.0052604983
Cold,243922,1470,1469,3840,2325,0,-0.0048996676
Cold,192705,1186,1185,3840,2325,1,-0.008683593
Cold,328068,1941,1940,3840,2325,0,-0.0035047675
Cold,194023,1195,1194,3840,2325,0,-0.0008573141
Cold,307410,1835,1834,3840,2325,0,0.0008441238
Cold,180277,1128,1127,3840,2325,0,-0.008863155
Cold,196494,1207,1206,3840,2325,1,-0.00015893276
Cold,183986,1146,1145,3840,2325,0,-0.008768223
Cold,159240,1017,1016,3840,2325,0,0.00072019675
Cold,150975,971,970,3840,2325,0,-0.0060504274
Cold,135610,877,876,3840,2325,0,-0.010601401
Cold,134242,869,868,3840,2325,0,-0.0074594775
Cold,125538,808,807,3840,2325,0,-9.285752e-06
Cold,107511,709,708,3840,2325,0,0.0002840818
Cold,105594,698,697,3840,2325,1,0.0037774623
Cold,351797,2063,2062,3840,2325,0,-0.010269632
Cold,81650,543,542,3840,2325,0,-0.002363055
Cold,57704,390,389,3840,2325,0,-0.0014019078
Cold,41285,278,277,3840,2325,1,0.006759784
Cold,176917,1117,1116,3840,2325,0,-0.0006226464
Cold,36801,245,244,3840,2325,0,-0.008264212
Cold,14712,117,116,3840,2325,0,-0.0050467467
Cold,290179,1733,1732,3840,2325,0,0.0026187934
Cold,107923,710,709,3840,2325,0,0.001002854
Cold,432674,2638,2637,3840,2325,0,-0.002089024
Cold,265069,1611,1610,3840,2325,0,-0.006316563
Cold,366160,2131,2130,3840,2325,1,0.00074953376
Cold,891526,5387,5386,3840,2325,0,-0.0028906995
Cold,322335,1912,1911,3840,2325,0,-0.004457578
Cold,473584,2909,2908,3840,2325,0,-0.0043320013
Cold,474358,2910,2909,3840,2325,0,-0.0010615804
Cold,62900,424,423,3840,2325,0,0.00044030836
Cold,596552,3626,3625,3846,2328,1,0.0024949727
Cold,587894,3589,3588,3846,2328,0,0.0017152971
Cold,585282,3574,3573,3846,2328,0,0.0003900159
Cold,577151,3526,3525,3846,2328,0,0.00620721
Cold,576538,3524,3523,3846,2328,1,-0.0019957176
Cold,617065,3735,3734,3846,2328,1,-0.012657121
Cold,572112,3507,3506,3846,2328,1,0.0012963787
Cold,563994,3470,3469,3846,2328,0,-0.0059861285
Cold,563410,3467,3466,3846,2328,1,0.010029251
Cold,552324,3401,3400,3846,2328,0,0.0032589182
Cold,547376,3377,3376,3846,2328,1,0.0018456704
Cold,550105,3391,3390,3846,2328,1,-0.00086782174
Cold,544925,3360,3359,3846,2328,0,0.0025179535
Cold,532628,3289,3288,3846,2328,0,-0.005833967
Cold,542199,3336,3335,3846,2328,0,-0.0051210052
Cold,575318,3519,3518,3846,2328,0,0.0057355296
Cold,518732,3201,3200,3846,2328,0,0.0021877931
Cold,515462,3182,3181,3846,2328,1,0.004035412
Cold,514902,3180,3179,3846,2328,1,0.0043541333
Cold,605775,3681,3680,3846,2328,0,-0.00168704
Cold,540380,3323,3322,3846,2328,1,-0.0029263976
Cold,508609,3129,3128,3846,2328,1,-0.00018197251
Cold,503821,3096,3095,3846,2328,0,-0.0077140816
Cold,923918,5580,5579,3846,2328,1,0.005338949
Cold,491801,3025,3024,3846,2328,0,0.0032184115
Cold,485029,2986,2985,3846,2328,0,-0.0016226887
Cold,480121,2946,2945,3846,2328,1,0.0015666443
Cold,470978,2899,2898,3846,2328,0,0.00576801
Cold,469953,2895,2894,3846,2328,0,-0.002228643
Cold,461043,2843,2842,3846,2328,1,0.010354387
Cold,460969,2842,2841,3846,2328,0,0.010322098
Cold,453713,2793,2792,3846,2328,1,0.0053443685
Cold,452268,2785,2784,3846,2328,0,0.006420141
Cold,450262,2776,2775,3846,2328,1,-0.0028234508
Cold,435823,2664,2663,3846,2328,1,-0.006746586
Cold,420465,2541,2540,3846,2328,0,-0.0058311536
Cold,407538,2447,2446,3846,2328,1,-0.0025029308
Cold,404529,2419,2418,3846,2328,1,-0.0010841355
Cold,388956,2279,2278,3846,2328,0,-0.0072474685
Cold,378154,2206,2205,3846,2328,0,-0.00026135822
Cold,436398,2665,2664,3846,2328,0,0.0021780762
Cold,380800,2225,2224,3846,2328,0,0.0066084554
Cold,291381,1737,1736,3846,2328,1,0.001866084
Cold,280832,1685,1684,3846,2328,1,-0.0029271643
Cold,264363,1608,1607,3846,2328,0,-0.0026169545
Cold,260076,1591,1590,3846,2328,1,-0.004688249
Cold,335867,1980,1979,3846,2328,0,0.0076308073
Cold,289327,1727,1726,3846,2328,0,-0.0035545384
Cold,213438,1298,1297,3846,2328,0,-0.0059599495
Cold,308596,1837,1836,3846,2328,1,-0.00092609995
Cold,198807,1221,1220,3846,2328,1,0.0025796648
Cold,192144,1183,1182,3846,2328,0,0.0011354063
Cold,185248,1150,1149,3846,2328,0,0.0024454338
Cold,156839,1010,1009,3846,2328,0,-1.08155655e-05
Cold,160064,1019,1018,3846,2328,1,-0.0022738636
Cold,315217,1880,1879,3846,2328,0,0.001995456
Cold,210913,1285,1284,3846,2328,0,0.0077212974
Cold,112868,732,731,3846,2328,1,-0.002969146
Cold,240042,1449,1448,3846,2328,0,0.0026282524
Cold,112451,731,730,3846,2328,1,-0.005800075
Cold,234071,1422,1421,3846,2328,0,0.0040623946
Cold,228244,1383,1382,3846,2328,0,0.0068370854
Cold,83091,549,548,3846,2328,1,-0.00046248373
Cold,75899,516,515,3846,2328,0,-0.012068486
Cold,54142,352,351,3846,2328,0,-0.003161552
Cold,88802,587,586,3846,2328,1,0.0059168665
Cold,36812,245,244,3846,2328,0,-0.0013916863
Cold,23927,169,168,3846,2328,1,0.008156323
Cold,238902,1448,1447,3846,2328,0,-0.0069503877
Cold,3744,26,25,3846,2328,0,-0.011484035
Cold,15849,123,122,3846,2328,0,0.0070957765
Cold,19685,148,147,3846,2328,1,0.0077274228
Cold,432678,2638,2637,3846,2328,0,0.007469305
Cold,102222,678,677,3846,2328,0,0.006753912
Cold,431033,2627,2626,3846,2328,0,0.0038871004
Cold,709745,4258,4257,3846,2328,1,-0.00065571687
Cold,62905,424,423,3846,2328,0,0.00070888415
Cold,241186,1451,1450,3846,2328,1,0.0012425305
Cold,475494,2918,2917,3858,2330,1,-0.0027612727
Cold,312876,1865,1864,3858,2330,1,0.0028876108
Cold,105601,698,697,3858,2330,0,-0.0014140366
Cold,537908,3312,3311,3858,2330,0,-0.00018134806
Cold,984325,5949,5948,3858,2330,1,0.0012319629
Cold,744869,4448,4447,3858,2330,0,0.006172041
Cold,460673,2841,2840,3858,2330,0,-0.0043380116
Cold,863266,5198,5197,3858,2330,0,0.0004407321
Cold,489209,3012,3011,3858,2330,0,-0.004470187
Cold,796046,4771,4770,3859,2331,1,0.0008149216
Cold,871594,5265,5264,3859,2331,1,-0.0037557431
Cold,682437,4085,4084,3859,2331,0,-0.004170126
Cold,201540,1242,1241,3859,2331,0,-0.0033685686
Cold,904634,5470,5469,3859,2331,1,-0.0023243194
Cold,20296,149,148,3859,2331,1,0.0036086042
Cold,251868,1524,1523,3859,2331,1,0.006908198
Cold,683978,4089,4088,3859,2331,1,-0.0042742025
Cold,535007,3301,3300,3859,2331,1,0.004733992
Cold,469960,2895,2894,3859,2331,1,0.003941544
Cold,161334,1029,1028,3859,2331,1,0.00536156
Cold,217034,1317,1316,3859,2331,1,0.0010883879
Cold,635651,3832,3831,3859,2331,1,-0.0010985862
Cold,622105,3768,3767,3859,2331,1,0.0041480544
Cold,983022,5938,5937,3859,2331,1,-0.00042259297
Cold,501286,3080,3079,3859,2331,1,-0.00029178616
Cold,460675,2841,2840,3859,2331,1,0.0033328817
Cold,384700,2247,2246,3859,2331,1,-0.0012971715
Cold,346632,2031,2030,3859,2331,1,0.0021984251
Cold,475496,2918,2917,3859,2331,0,0.0048697116
Cold,891531,5387,5386,3859,2331,1,-0.0037093572
Cold,937210,5654,5653,3859,2331,1,-0.0034680692
Cold,354095,2073,2072,3864,2334,0,-0.00031692622
Cold,247684,1496,1495,3864,2334,0,-0.0042916634
Cold,225420,1364,1363,3864,2334,0,-0.0015918807
Cold,226089,1369,1368,3864,2334,1,-0.005163613
Cold,215525,1306,1305,3864,2334,1,0.0031770715
Cold,243938,1470,1469,3864,2334,1,0.00027942797
Cold,359723,2103,2102,3864,2334,0,0.0016832579
Cold,236378,1434,1433,3864,2334,1,-0.00013959833
Cold,277683,1676,1675,3864,2334,0,0.002770363
Cold,294655,1750,1749,3864,2334,0,0.0031248534
Cold,326554,1935,1934,3864,2334,1,0.004157967
Cold,172630,1094,1093,3864,2334,0,0.0004901113
Cold,164545,1051,1050,3864,2334,1,-0.004060806
Cold,162593,1037,1036,3864,2334,0,-0.001250153
Cold,159258,1017,1016,3864,2334,1,0.0013757172
Cold,170513,1086,1085,3864,2334,0,0.00090321293
Cold,246311,1489,1488,3864,2334,0,0.007356107
Cold,147931,953,952,3864,2334,1,-0.002248649
Cold,142967,922,921,3864,2334,0,-0.0072987336
Cold,138286,889,888,3864,2334,0,-0.00512271
Cold,436420,2665,2664,3864,2334,0,-0.00075245183
Cold,350717,2059,2058,3864,2334,1,-0.0038964818
Cold,384113,2244,2243,3864,2334,0,-0.0031708383
Cold,130521,846,845,3864,2334,1,-0.0036764864
Cold,107177,705,704,3864,2334,1,0.003019525
Cold,166776,1060,1059,3864,2334,0,0.0036759197
Cold,100843,673,672,3864,2334,0,-0.0005851602
Cold,103409,687,686,3864,2334,0,-0.0055148187
Cold,109293,714,713,3864,2334,0,-0.0006474926
Cold,92548,620,619,3864,2334,1,-0.002274432
Cold,90325,596,595,3864,2334,0,-0.0022732292
Cold,88524,585,584,3864,2334,1,0.0025882921
Cold,86117,563,562,3864,2334,0,-0.0029709255
Cold,72714,489,488,3864,2334,0,-0.0035639475
Cold,70435,475,474,3864,2334,0,-0.0005455946
Cold,70164,474,473,3864,2334,0,0.0035388484
Cold,72034,482,481,3864,2334,0,-0.0011798749
Cold,67445,453,452,3864,2334,0,0.006603541
Cold,75908,516,515,3864,2334,0,0.001967215
Cold,44111,302,301,3864,2334,0,-0.0011066501
Cold,35690,242,241,3864,2334,1,-0.0016142065
Cold,96741,649,648,3864,2334,1,0.003146783
Cold,219163,1329,1328,3864,2334,0,0.0018733814
Cold,29512,202,201,3864,2334,0,0.0006624167
Cold,28613,198,197,3864,2334,0,-0.004229823
Cold,135977,878,877,3864,2334,0,0.0040261415
Cold,11773,92,91,3864,2334,0,-0.0032912404
Cold,10116,73,72,3864,2334,1,0.003218711
Cold,8980,61,60,3864,2334,0,-0.001794806
Cold,8198,57,56,3864,2334,0,0.0083294315
Cold,8266,58,57,3864,2334,0,0.0009911859
Cold,5369,37,36,3864,2334,0,0.0024504093
Cold,47107,319,318,3864,2334,0,-0.0032736002
Cold,351830,2063,2062,3864,2334,0,0.00034888787
Cold,227608,1380,1379,3864,2334,0,0.0032810916
Cold,152195,979,978,3864,2334,0,-0.0022256437
Cold,743104,4445,4444,3864,2334,1,-0.0028556176
Cold,174145,1101,1100,3864,2334,0,-0.00785904
Cold,42625,293,292,3864,2334,0,0.0017541143
Cold,370992,2168,2167,3864,2334,1,-0.0016006683
Cold,484314,2980,2979,3864,2334,0,0.0022587432
Cold,285308,1701,1700,3864,2334,0,0.0044134865
Cold,206860,1266,1265,3864,2334,0,0.0025369355
Cold,622111,3768,3767,3864,2334,0,-0.0006253973
Cold,677999,4063,4062,3864,2334,0,-0.0037713205
Cold,73301,496,495,3864,2334,1,-0.0011975358
Cold,907640,5492,5491,3864,2334,0,-0.0035815923
Cold,489214,3012,3011,3864,2334,0,-0.0028137632
Cold,171621,1088,1087,3864,2334,0,-0.0032925175
Cold,908051,5493,5492,3864,2334,0,-0.0015223979
Cold,559405,3436,3435,3864,2334,1,-0.0009933726
Cold,951072,5747,5746,3864,2334,0,-0.0032624048
Cold,512842,3163,3162,3864,2334,0,-0.0020390204
Cold,217042,1317,1316,3864,2334,0,-0.002127122
Cold,136584,881,880,3864,2334,0,-0.0038748612
Cold,537918,3312,3311,3864,2334,0,-0.0062752757
Cold,105606,698,697,3864,2334,0,-4.5238994e-05
Cold,600794,3652,3651,3864,2334,0,-0.0007568853
Cold,811106,4867,4866,3864,2334,1,-0.0018063597
Cold,526758,3259,3258,3864,2334,0,0.0058455104
Cold,396184,2342,2341,3864,2334,1,-0.005855105
Cold,718561,4305,4304,3864,2334,0,-0.0028876779
Cold,456961,2814,2813,3864,2334,1,-0.005145437
Cold,200797,1234,1233,3865,2335,1,0.006863161
Cold,359724,2103,2102,3865,2335,0,0.0003703325
Cold,226483,1371,1370,3865,2335,0,0.0016361098
Cold,416599,2507,2506,3865,2335,1,0.014337968
Cold,326555,1935,1934,3865,2335,1,0.009067073
Cold,185285,1150,1149,3865,2335,1,-0.0015298645
Cold,181592,1135,1134,3865,2335,1,0.0023124567
Cold,168436,1069,1068,3865,2335,0,0.005905932
Cold,363762,2119,2118,3865,2335,0,-0.0010624361
Cold,203084,1246,1245,3865,2335,1,-0.0069520976
Cold,149237,960,959,3865,2335,0,-0.007034383
Cold,246312,1489,1488,3865,2335,0,0.008400609
Cold,139704,894,893,3865,2335,1,-0.003322711
Cold,139608,893,892,3865,2335,0,0.0020192177
Cold,139180,890,889,3865,2335,1,0.006398007
Cold,138287,889,888,3865,2335,0,-0.004131149
Cold,137366,886,885,3865,2335,0,-0.0019407899
Cold,135164,875,874,3865,2335,0,-0.0025188576
Cold,384114,2244,2243,3865,2335,0,0.0015296112
Cold,133290,860,859,3865,2335,0,0.0029326759
Cold,128954,838,837,3865,2335,1,0.008486834
Cold,127151,821,820,3865,2335,0,-0.0073164646
Cold,125754,809,808,3865,2335,0,0.011914764
Cold,117042,754,753,3865,2335,0,0.004393989
Cold,115083,747,746,3865,2335,1,0.008221233
Cold,110127,718,717,3865,2335,0,-0.008566688
Cold,108711,712,711,3865,2335,1,0.0016893316
Cold,107323,706,705,3865,2335,0,-0.0012312895
Cold,100844,673,672,3865,2335,0,0.0057995864
Cold,100165,669,668,3865,2335,0,-0.00067067146
Cold,93786,629,628,3865,2335,0,9.1927126e-05
Cold,284167,1698,1697,3865,2335,1,0.0033013271
Cold,119248,770,769,3865,2335,1,0.006641156
Cold,64238,429,428,3865,2335,1,-0.0036395686
Cold,59849,408,407,3865,2335,1,-0.006818571
Cold,626774,3792,3791,3865,2335,0,0.005036043
Cold,48722,327,326,3865,2335,0,-0.0039297994
Cold,44892,303,302,3865,2335,1,0.0038870857
Cold,96742,649,648,3865,2335,1,0.005880836
Cold,433176,2641,2640,3865,2335,1,0.00016866997
Cold,947554,5722,5721,3865,2335,1,-0.0017819444
Cold,314368,1877,1876,3865,2335,0,0.008277229
Cold,591966,3610,3609,3865,2335,0,0.0016221309
Cold,66038,442,441,3865,2335,0,-0.0095559
Cold,464154,2860,2859,3865,2335,1,0.0044520753
Cold,287304,1715,1714,3865,2335,1,0.0042551993
Cold,761157,4522,4521,3865,2335,1,0.007814992
Cold,358241,2097,2096,3865,2335,0,0.0030246787
Cold,333837,1969,1968,3865,2335,1,0.0063781356
Cold,804301,4816,4815,3865,2335,0,0.004704434
Cold,214324,1301,1300,3865,2335,1,0.007361198
Cold,274043,1655,1654,3865,2335,1,0.0061858604
Cold,206862,1266,1265,3865,2335,0,0.005587008
Cold,119935,774,773,3865,2335,0,-0.0012017966
Cold,16026,127,126,3865,2335,0,0.0065041264
Cold,164547,1051,1050,3865,2335,1,0.004939953
Cold,681967,4084,4083,3865,2335,0,0.009967394
Cold,777791,4647,4646,3865,2335,1,0.0073730983
Cold,24092,173,172,3865,2335,0,0.0030138695
Cold,783467,4680,4679,3865,2335,0,-0.0027347528
Cold,388352,2272,2271,3865,2335,0,-0.0011551293
Cold,583430,3562,3561,3865,2335,0,0.007616194
Cold,154351,996,995,3865,2335,0,0.012059605
Cold,719517,4310,4309,3865,2335,1,-0.00092225615
Cold,317705,1889,1888,3865,2335,0,0.012298704
Cold,839320,5046,5045,3865,2335,1,0.0065332577
Cold,96612,648,647,3865,2335,0,8.5907755e-05
Cold,330721,1952,1951,3865,2335,0,-0.00079937605
Cold,93291,624,623,3865,2335,0,0.006591041
Cold,116201,752,751,3865,2335,1,0.006422949
Cold,19717,149,148,3865,2335,0,0.0043118396
Cold,469968,2895,2894,3865,2335,0,0.0036755698
Cold,272923,1647,1646,3865,2335,1,0.0030117244
Cold,263317,1605,1604,3865,2335,0,0.010066251
Cold,784090,4682,4681,3865,2335,1,-0.00026199175
Cold,330963,1954,1953,3865,2335,0,0.00029825093
Cold,475502,2918,2917,3865,2335,0,-0.00013787718
Cold,659143,3971,3970,3865,2335,1,-0.0011506404
Cold,178636,1121,1120,3865,2335,0,0.010648642
Cold,413735,2489,2488,3865,2335,1,0.0020110728
Cold,575809,3520,3519,3865,2335,0,0.0017371901
Cold,941403,5682,5681,3865,2335,1,0.015727995
Cold,848892,5100,5099,3865,2335,0,0.010175545
Cold,234970,1425,1424,3865,2335,0,0.0076131425
Cold,826091,4960,4959,3865,2335,1,-0.0024430389
Cold,863269,5198,5197,3865,2335,0,0.004365727
Cold,351832,2063,2062,3865,2335,0,0.0032607652
Cold,323172,1916,1915,3872,2339,1,0.00457315
Cold,330965,1954,1953,3872,2339,1,-0.0082454495
Cold,318942,1896,1895,3872,2339,1,-0.0051603653
Cold,269024,1632,1631,3872,2339,0,-0.0024171053
Cold,252942,1533,1532,3872,2339,1,0.008772993
Cold,236859,1439,1438,3872,2339,1,0.006494619
Cold,631572,3821,3820,3872,2339,0,0.012719996
Cold,325393,1926,1925,3872,2339,0,-0.002012524
Cold,218017,1322,1321,3872,2339,1,0.002625047
Cold,208777,1274,1273,3872,2339,0,-0.002962423
Cold,198181,1218,1217,3872,2339,1,0.0031890266
Cold,218286,1323,1322,3872,2339,1,0.0080472035
Cold,182786,1140,1139,3872,2339,0,0.0009891186
Cold,177560,1119,1118,3872,2339,1,-0.0010183817
Cold,161190,1028,1027,3872,2339,1,0.00060845027
Cold,338139,1988,1987,3872,2339,1,-0.006137497
Cold,227849,1382,1381,3872,2339,1,-0.006356571
Cold,185298,1150,1149,3872,2339,1,-0.004406729
Cold,964052,5812,5811,3872,2339,1,0.0029253676
Cold,138303,889,888,3872,2339,0,-0.0064199795
Cold,98140,656,655,3872,2339,1,-0.0009437059
Cold,316813,1884,1883,3872,2339,1,-0.00017428957
Cold,84175,550,549,3872,2339,1,0.008016031
Cold,67031,451,450,3872,2339,1,0.0032492937
Cold,46583,312,311,3872,2339,1,-0.006684407
Cold,45488,307,306,3872,2339,1,-0.0014102482
Cold,481828,2962,2961,3872,2339,1,0.0025587194
Cold,13092,102,101,3872,2339,0,0.0031211018
Cold,591969,3610,3609,3872,2339,0,0.012483827
Cold,357469,2092,2091,3872,2339,0,0.006677253
Cold,89265,588,587,3872,2339,1,0.0079008
Cold,225245,1362,1361,3872,2339,1,0.0063163023
Cold,34518,235,234,3872,2339,1,-0.00373078
Cold,289693,1729,1728,3872,2339,1,-0.0018113713
Cold,158205,1015,1014,3872,2339,1,0.0067638373
Cold,24120,173,172,3872,2339,1,0.009867709
Cold,329323,1943,1942,3872,2339,0,0.008445712
Cold,841131,5054,5053,3872,2339,1,-0.0056205466
Cold,276233,1671,1670,3872,2339,0,-0.000862435
Cold,657531,3963,3962,3872,2339,1,0.0010005252
Cold,27452,193,192,3872,2339,0,0.006544175
Cold,171634,1088,1087,3872,2339,0,0.008656653
Cold,478074,2934,2933,3877,2341,0,0.0052086236
Cold,870120,5256,5255,3877,2341,0,-0.00013619591
Cold,473642,2909,2908,3877,2341,0,0.0075407424
Cold,992381,5996,5995,3877,2341,0,-0.0027180752
Cold,463310,2857,2856,3877,2341,0,-0.0011754462
Cold,461827,2848,2847,3877,2341,0,-0.0005177539
Cold,450867,2777,2776,3877,2341,0,-0.0051846146
Cold,449909,2774,2773,3877,2341,0,-3.219396e-05
Cold,447343,2756,2755,3877,2341,0,0.0015661599
Cold,444415,2742,2741,3877,2341,0,0.0061897174
Cold,442881,2730,2729,3877,2341,0,-0.00017501251
Cold,432307,2635,2634,3877,2341,1,0.0017802466
Cold,430505,2624,2623,3877,2341,1,0.0101791145
Cold,429149,2611,2610,3877,2341,0,0.00070638175
Cold,427800,2599,2598,3877,2341,0,0.0027736234
Cold,424222,2572,2571,3877,2341,0,-0.00466681
Cold,426487,2590,2589,3877,2341,0,0.0057409084
Cold,421886,2551,2550,3877,2341,0,8.080236e-05
Cold,415510,2503,2502,3877,2341,0,0.00083589833
Cold,411252,2468,2467,3877,2341,1,0.00021434273
Cold,406960,2445,2444,3877,2341,0,-0.0038573002
Cold,436431,2665,2664,3877,2341,0,-0.001955138
Cold,402319,2402,2401,3877,2341,0,-0.002484773
Cold,385288,2251,2250,3877,2341,0,0.0046848124
Cold,377258,2203,2202,3877,2341,1,0.0076827463
Cold,373436,2180,2179,3877,2341,0,0.00058639585
Cold,371670,2172,2171,3877,2341,0,-0.0027486687
Cold,369058,2157,2156,3877,2341,0,-0.0012180198
Cold,356393,2088,2087,3877,2341,0,0.003991695
Cold,341593,2012,2011,3877,2341,0,0.0013043073
Cold,333391,1968,1967,3877,2341,0,-0.0044718147
Cold,325398,1926,1925,3877,2341,0,0.0015339681
Cold,326993,1938,1937,3877,2341,0,0.0005911484
Cold,300724,1781,1780,3877,2341,0,-6.607035e-05
Cold,296058,1757,1756,3877,2341,0,0.0058692787
Cold,297497,1764,1763,3877,2341,0,0.00085579697
Cold,288890,1726,1725,3877,2341,0,-0.008227009
Cold,290924,1736,1735,3877,2341,0,0.010862263
Cold,299074,1776,1775,3877,2341,1,0.003179768
Cold,291406,1737,1736,3877,2341,0,-0.007084082
Cold,299633,1778,1777,3877,2341,0,0.0017542186
Cold,265779,1613,1612,3877,2341,0,0.004828174
Cold,346209,2030,2029,3877,2341,0,0.003441399
Cold,338864,1996,1995,3877,2341,0,-0.006973464
Cold,356837,2090,2089,3877,2341,1,-0.0040078564
Cold,227146,1377,1376,3877,2341,0,0.0024810343
Cold,335917,1980,1979,3877,2341,0,0.0014219568
Cold,233066,1418,1417,3877,2341,0,0.0056216912
Cold,221350,1340,1339,3877,2341,0,-0.0022725142
Cold,216037,1311,1310,3877,2341,0,0.0033428057
Cold,224164,1356,1355,3877,2341,1,-0.008328512
Cold,279263,1680,1679,3877,2341,0,0.0022136145
Cold,304892,1812,1811,3877,2341,1,-0.0003278053
Cold,277696,1676,1675,3877,2341,0,-0.008521626
Cold,269954,1635,1634,3877,2341,0,0.0029504453
Cold,190938,1181,1180,3877,2341,0,0.0021820874
Cold,180303,1128,1127,3877,2341,0,0.00010615308
Cold,179993,1127,1126,3877,2341,0,-1.09495595e-05
Cold,328134,1941,1940,3877,2341,0,0.014359925
Cold,276647,1673,1672,3877,2341,0,0.0011770299
Cold,227611,1380,1379,3877,2341,0,-0.0057369117
Cold,275549,1667,1666,3877,2341,0,0.00042661256
Cold,154864,999,998,3877,2341,0,-0.00070693507
Cold,217055,1317,1316,3877,2341,0,0.0041107815
Cold,276966,1675,1674,3877,2341,0,-0.0010438687
Cold,134279,869,868,3877,2341,0,-0.011638678
Cold,202496,1244,1243,3877,2341,0,0.00052978937
Cold,315256,1880,1879,3877,2341,0,0.008912559
Cold,263333,1605,1604,3877,2341,0,-0.0029376526
Cold,121948,786,785,3877,2341,1,0.0028325715
Cold,122184,788,787,3877,2341,0,0.0005159434
Cold,475782,2919,2918,3877,2341,0,0.008989863
Cold,114446,744,743,3877,2341,0,0.0017666157
Cold,112477,731,730,3877,2341,1,0.0023864282
Cold,178126,1120,1119,3877,2341,0,-0.0072728773
Cold,116213,752,751,3877,2341,0,0.0086655505
Cold,113319,735,734,3877,2341,0,0.0036504648
Cold,93616,627,626,3877,2341,0,-8.9539215e-05
Cold,150595,970,969,3877,2341,0,-0.0058105504
Cold,86121,563,562,3877,2341,0,0.0036427025
Cold,85262,556,555,3877,2341,0,-0.0015068264
Cold,68723,461,460,3877,2341,0,-0.0005486228
Cold,65357,438,437,3877,2341,0,-0.0013829297
Cold,53365,352,351,3877,2341,0,0.0044923928
Cold,63895,426,425,3877,2341,0,0.0062906155
Cold,38466,262,261,3877,2341,0,-0.0059843874
Cold,40176,272,271,3877,2341,0,0.0014299359
Cold,98826,660,659,3877,2341,0,-5.9598126e-05
Cold,408684,2454,2453,3877,2341,0,-0.0008784062
Cold,27680,194,193,3877,2341,1,0.0062194015
Cold,28638,198,197,3877,2341,0,0.0019720686
Cold,14281,117,116,3877,2341,0,0.010412021
Cold,12213,93,92,3877,2341,0,0.008848371
Cold,11140,83,82,3877,2341,0,0.00042223092
Cold,7416,53,52,3877,2341,0,-0.0044746143
Cold,6558,48,47,3877,2341,0,0.007012176
Cold,1973,18,17,3877,2341,0,-0.0006300935
Cold,2876,23,22,3877,2341,0,0.0041857297
Cold,79400,531,530,3877,2341,0,-0.0072764135
Cold,19123,148,147,3877,2341,0,0.0015705246
Cold,530266,3274,3273,3877,2341,0,-0.0033762027
Cold,27794,195,194,3877,2341,0,-0.0017375944
Cold,432702,2638,2637,3877,2341,0,0.008476132
Cold,237920,1447,1446,3877,2341,0,-0.00022652512
Cold,572836,3509,3508,3877,2341,0,0.002086396
Cold,102261,678,677,3877,2341,1,0.0011313823
Cold,917279,5543,5542,3877,2341,0,-0.002025765
Cold,964056,5812,5811,3877,2341,0,-0.0019992627
Cold,599259,3648,3647,3877,2341,0,-0.003275005
Cold,52004,343,342,3877,2341,0,0.007491445
Cold,241213,1451,1450,3877,2341,0,0.00803031
Cold,892969,5394,5393,3877,2341,0,0.003923024
Cold,699684,4186,4185,3877,2341,0,0.0046447106
Cold,831932,5001,5000,3877,2341,0,0.0065158065
Cold,661979,3992,3991,3877,2341,0,0.0024147797
Cold,214330,1301,1300,3877,2341,1,-0.0005695247
Cold,575341,3519,3518,3877,2341,0,0.00080766017
Cold,713075,4277,4276,3877,2341,0,0.0054648556
Cold,272934,1647,1646,3877,2341,0,-0.0024669953
Cold,311288,1854,1853,3877,2341,0,-0.0036648074
Cold,193655,1194,1193,3877,2341,0,-0.0033894614
Cold,272197,1645,1644,3877,2341,0,0.005161116
Cold,216305,1313,1312,3879,2342,0,-0.003674326
Cold,296805,1759,1758,3879,2342,1,0.0014372967
Cold,190944,1181,1180,3879,2342,0,-0.0062713944
Cold,172636,1094,1093,3879,2342,0,-0.009767386
Cold,168443,1069,1068,3879,2342,1,-0.010582551
Cold,165776,1057,1056,3879,2342,0,-0.008602923
Cold,301087,1789,1788,3879,2342,0,-0.0040435465
Cold,157416,1011,1010,3879,2342,0,0.0010997994
Cold,149598,963,962,3879,2342,0,0.0021864804
Cold,246316,1489,1488,3879,2342,0,-0.0058442736
Cold,144920,934,933,3879,2342,0,-0.0101676695
Cold,141189,910,909,3879,2342,1,-0.0068979682
Cold,138314,889,888,3879,2342,0,-0.005172491
Cold,134281,869,868,3879,2342,0,-0.008619325
Cold,384122,2244,2243,3879,2342,0,-0.0053513516
Cold,125861,810,809,3879,2342,0,-0.007847049
Cold,107327,706,705,3879,2342,0,-0.0031457925
Cold,107084,704,703,3879,2342,0,0.0051682354
Cold,166777,1060,1059,3879,2342,1,-2.6271679e-05
Cold,93793,629,628,3879,2342,0,0.009113794
Cold,87673,575,574,3879,2342,1,-0.0016387713
Cold,81355,542,541,3879,2342,1,-0.00015097787
Cold,66548,445,444,3879,2342,0,-0.00946819
Cold,39434,268,267,3879,2342,0,4.116498e-05
Cold,33280,225,224,3879,2342,0,-0.014255056
Cold,23318,167,166,3879,2342,0,-0.0010960806
Cold,591975,3610,3609,3879,2342,0,-0.01197384
Cold,688068,4116,4115,3879,2342,0,-0.011472947
Cold,1745,17,16,3879,2342,1,-0.006471095
Cold,223544,1354,1353,3879,2342,0,-0.0038507008
Cold,713079,4277,4276,3879,2342,1,-0.00892447
Cold,171645,1088,1087,3879,2342,0,-0.012560051
Cold,554488,3411,3410,3879,2342,0,-0.0001467641
Cold,481831,2962,2961,3879,2342,0,-0.007121972
Cold,351854,2063,2062,3879,2342,0,-0.005260138
Cold,17079,134,133,3879,2342,0,-0.0026707673
Cold,45298,306,305,3879,2342,1,-0.0056784656
Cold,584997,3571,3570,3879,2342,1,0.0021224562
Cold,363036,2116,2115,3879,2342,0,-0.0036678235
Cold,154353,996,995,3879,2342,0,-0.013939952
Cold,469977,2895,2894,3879,2342,0,-0.0047741546
Cold,150596,970,969,3879,2342,0,0.0008022206
Cold,753284,4489,4488,3879,2342,1,0.0017167705
Cold,42646,293,292,3879,2342,0,-0.004490096
Cold,182009,1137,1136,3879,2342,0,-0.0027383429
Cold,784098,4682,4681,3879,2342,0,-0.005524014
Cold,608627,3691,3690,3879,2342,0,0.0009757639
Cold,806734,4829,4828,3879,2342,0,-0.013267578
Cold,310684,1851,1850,3879,2342,0,-0.0034878857
Cold,54296,355,354,3879,2342,1,0.004493908
Cold,897599,5428,5427,3879,2342,1,-0.003992838
Cold,607128,3685,3684,3879,2342,0,-0.00023578946
Cold,622126,3768,3767,3879,2342,0,-0.01338519
Cold,350973,2060,2059,3879,2342,0,0.009677599
Cold,567476,3483,3482,3879,2342,0,-0.0031381454
Cold,30325,204,203,3879,2342,0,-0.001507579
Cold,744891,4448,4447,3879,2342,1,0.0017598169
Cold,572837,3509,3508,3879,2342,0,-0.0039123003
Cold,682455,4085,4084,3879,2342,0,0.00018688478
Cold,437239,2669,2668,3879,2342,0,-0.0030285711
Cold,564422,3471,3470,3879,2342,0,-0.0021998181
Cold,317717,1889,1888,3879,2342,0,-0.012804288
Cold,302138,1794,1793,3879,2342,0,-0.008551212
Cold,685033,4094,4093,3879,2342,1,-0.004505396
Cold,33803,228,227,3879,2342,0,0.0024596765
Cold,116216,752,751,3879,2342,0,0.0041563255
Cold,99847,667,666,3879,2342,0,-0.006444183
Cold,11513,90,89,3879,2342,0,-0.009302964
Cold,230522,1395,1394,3879,2342,0,0.007251319
Cold,502583,3085,3084,3879,2342,0,-0.0011057664
Cold,863890,5205,5204,3879,2342,0,-0.0058873557
Cold,947879,5723,5722,3879,2342,0,-0.0033540516
Cold,673261,4042,4041,3879,2342,0,0.0041789017
Cold,719518,4310,4309,3879,2342,1,0.0046951426
Cold,473645,2909,2908,3879,2342,1,-0.0003156131
Cold,503130,3089,3088,3879,2342,1,-0.008438029
Cold,26626,188,187,3879,2342,0,0.00534322
Cold,496486,3051,3050,3879,2342,0,0.0015998704
Cold,215534,1306,1305,3879,2342,0,-0.0036732373
Cold,312886,1865,1864,3879,2342,1,-0.00084864534
Cold,537931,3312,3311,3879,2342,0,-0.0076216348
Cold,174155,1101,1100,3879,2342,0,0.0035121907
Cold,941409,5682,5681,3879,2342,0,0.0013742428
Cold,561584,3454,3453,3879,2342,0,-0.0100358
Cold,195464,1203,1202,3889,2344,0,0.011568824
Cold,190967,1181,1180,3889,2344,0,0.0060517406
Cold,304906,1812,1811,3889,2344,1,0.0068670386
Cold,181598,1135,1134,3889,2344,1,-0.0018685783
Cold,308643,1837,1836,3889,2344,0,0.008759426
Cold,174165,1101,1100,3889,2344,0,0.006266765
Cold,328163,1941,1940,3889,2344,0,-0.00079656893
Cold,165228,1053,1052,3889,2344,0,0.003962809
Cold,162010,1033,1032,3889,2344,0,0.009703996
Cold,275554,1667,1666,3889,2344,0,0.010196018
Cold,246328,1489,1488,3889,2344,0,0.0036660691
Cold,146962,948,947,3889,2344,0,-0.00034763152
Cold,138332,889,888,3889,2344,0,0.005719105
Cold,134303,869,868,3889,2344,0,0.004553586
Cold,384130,2244,2243,3889,2344,0,0.008856987
Cold,176400,1115,1114,3889,2344,0,0.004777006
Cold,745666,4449,4448,3889,2344,0,-0.008724991
Cold,126027,812,811,3889,2344,0,-0.0017426293
Cold,123427,796,795,3889,2344,0,0.008750377
Cold,121153,780,779,3889,2344,1,0.0033886712
Cold,115085,747,746,3889,2344,1,0.0012085869
Cold,114458,744,743,3889,2344,0,0.008760522
Cold,166779,1060,1059,3889,2344,1,-0.0033380063
Cold,102284,678,677,3889,2344,0,-0.0009710174
Cold,93804,629,628,3889,2344,0,0.01238118
Cold,92552,620,619,3889,2344,0,0.0029475046
Cold,87081,569,568,3889,2344,0,0.0028263647
Cold,87271,570,569,3889,2344,1,0.003382307
Cold,85909,561,560,3889,2344,1,-0.0055173403
Cold,86132,563,562,3889,2344,0,0.0123780705
Cold,75362,512,511,3889,2344,0,-0.0031716265
Cold,74853,509,508,3889,2344,0,0.009989448
Cold,74410,508,507,3889,2344,0,-0.00081947446
Cold,72720,489,488,3889,2344,0,-0.003872957
Cold,67786,454,453,3889,2344,0,0.0006282517
Cold,113872,738,737,3889,2344,0,0.0024857924
Cold,66554,445,444,3889,2344,0,-0.00024687115
Cold,64954,436,435,3889,2344,0,-0.0028913687
Cold,59031,402,401,3889,2344,0,0.00952516
Cold,50815,335,334,3889,2344,0,0.0021471565
Cold,891211,5386,5385,3889,2344,0,-0.0039620306
Cold,41620,284,283,3889,2344,0,0.0055769254
Cold,38469,262,261,3889,2344,0,0.002704144
Cold,537947,3312,3311,3889,2344,0,0.001569872
Cold,36166,245,244,3889,2344,0,-0.0014480925
Cold,537172,3311,3310,3889,2344,0,6.726547e-05
Cold,22294,163,162,3889,2344,0,0.009042093
Cold,19145,148,147,3889,2344,0,0.00012685172
Cold,12226,93,92,3889,2344,0,-0.0037671444
Cold,10078,72,71,3889,2344,0,0.0039785844
Cold,8984,61,60,3889,2344,0,0.008217212
Cold,2006,18,17,3889,2344,0,-0.005474655
Cold,530274,3274,3273,3889,2344,0,0.007920854
Cold,2319,19,18,3889,2344,0,0.002047356
Cold,288446,1723,1722,3889,2344,1,-0.00063567725
Cold,407784,2451,2450,3889,2344,0,0.000738231
Cold,10142,73,72,3889,2344,1,0.0069391886
Cold,572846,3509,3508,3889,2344,1,0.0017789523
Cold,206887,1266,1265,3889,2344,0,0.0087378435
Cold,895420,5412,5411,3889,2344,0,0.009452594
Cold,467344,2880,2879,3889,2344,0,0.005577562
Cold,618960,3751,3750,3889,2344,0,0.005311361
Cold,32455,218,217,3889,2344,0,0.013885992
Cold,233649,1421,1420,3889,2344,0,0.010421292
Cold,27830,195,194,3889,2344,0,0.003539043
Cold,255912,1560,1559,3889,2344,1,-0.0032712067
Cold,947886,5723,5722,3889,2344,0,-0.0039123595
Cold,833395,5011,5010,3889,2344,1,-0.0015295484
Cold,310698,1851,1850,3889,2344,0,-0.00539307
Cold,230529,1395,1394,3889,2344,1,-7.435493e-05
Cold,383241,2239,2238,3889,2344,0,0.0005332113
Cold,351880,2063,2062,3889,2344,0,0.011378481
Cold,484611,2985,2984,3889,2344,1,0.0025634198
Cold,656097,3953,3952,3889,2344,0,0.007644256
Cold,933480,5636,5635,3889,2344,0,0.009272436
Cold,744911,4448,4447,3895,2346,0,-0.006139302
Cold,299088,1776,1775,3895,2346,1,0.0006699979
Cold,265111,1611,1610,3895,2346,0,0.003408037
Cold,179603,1125,1124,3895,2346,0,-0.006139899
Cold,682480,4085,4084,3895,2346,0,-0.0070360806
Cold,11827,92,91,3895,2346,0,-0.004070989
Cold,476169,2925,2924,3895,2346,0,0.007167789
Cold,206895,1266,1265,3895,2346,0,-0.0075474996
Cold,182025,1137,1136,3895,2346,0,-0.0021206955
Cold,519220,3203,3202,3895,2346,0,-0.012276578
Cold,16049,127,126,3895,2346,0,-0.003928785
Cold,164585,1051,1050,3895,2346,0,-0.008739645
Cold,437242,2669,2668,3895,2346,0,-0.0023516978
Cold,564438,3471,3470,3895,2346,0,-0.004529805
Cold,272216,1645,1644,3895,2346,1,-0.0012901153
Cold,19778,149,148,3895,2346,0,-0.0013544855
Cold,258447,1584,1583,3895,2346,0,-0.0034601474
Cold,599281,3648,3647,3895,2346,0,-6.985548e-05
Cold,532163,3285,3284,3895,2346,0,-0.008725615
Cold,287422,1716,1715,3895,2346,0,-0.00014673057
Cold,407786,2451,2450,3895,2346,1,-0.00080109725
Cold,302149,1794,1793,3895,2346,0,-0.010448628
Cold,309621,1842,1841,3895,2346,0,0.0017042195
Cold,713104,4277,4276,3895,2346,0,-0.0069920495
Cold,79426,531,530,3895,2346,0,0.0030333258
Cold,499451,3067,3066,3895,2346,0,-0.003266994
Cold,349298,2050,2049,3895,2346,0,0.0009296477
Cold,696352,4169,4168,3895,2346,1,-0.0042300206
Cold,473670,2909,2908,3895,2346,1,-0.010786603
Cold,495345,3041,3040,3895,2346,0,-0.0019371847
Cold,312891,1865,1864,3895,2346,0,-0.0014194096
Cold,62989,424,423,3895,2346,0,-0.005074474
Cold,171671,1088,1087,3895,2346,0,-0.0031375657
Cold,906610,5484,5483,3895,2346,1,0.003605307
Cold,296487,1758,1757,3896,2347,1,0.007853395
Cold,213906,1299,1298,3896,2347,0,-0.010471518
Cold,201154,1241,1240,3896,2347,0,-0.0028442885
Cold,243986,1470,1469,3896,2347,0,0.004419399
Cold,200524,1231,1230,3896,2347,1,-0.011576519
Cold,199779,1226,1225,3896,2347,1,-0.0018180914
Cold,197746,1215,1214,3896,2347,1,0.00097168516
Cold,197001,1209,1208,3896,2347,1,-0.0005256678
Cold,195474,1203,1202,3896,2347,0,-0.0027230536
Cold,186535,1154,1153,3896,2347,1,-0.0026610352
Cold,326558,1935,1934,3896,2347,0,-0.0015466551
Cold,185329,1150,1149,3896,2347,1,0.004385155
Cold,181602,1135,1134,3896,2347,0,0.0049827965
Cold,181116,1132,1131,3896,2347,1,-0.0028873621
Cold,176040,1113,1112,3896,2347,1,-0.0025544937
Cold,174171,1101,1100,3896,2347,1,-0.001534607
Cold,168455,1069,1068,3896,2347,0,-0.0096443165
Cold,246332,1489,1488,3896,2347,0,-0.0018547565
Cold,147940,953,952,3896,2347,1,-0.0016566116
Cold,146111,939,938,3896,2347,1,0.00807539
Cold,138340,889,888,3896,2347,0,-0.010949038
Cold,134309,869,868,3896,2347,1,0.0015235863
Cold,330733,1952,1951,3896,2347,0,-0.0065905773
Cold,127155,821,820,3896,2347,0,-0.00056580035
Cold,122032,787,786,3896,2347,1,0.002160362
Cold,202510,1244,1243,3896,2347,1,-0.0010110224
Cold,118810,768,767,3896,2347,1,-0.005662961
Cold,223560,1354,1353,3896,2347,0,-0.004091042
Cold,116242,752,751,3896,2347,1,-0.0031308085
Cold,114637,745,744,3896,2347,0,0.00218498
Cold,778883,4653,4652,3896,2347,0,-0.0015026246
Cold,107088,704,703,3896,2347,0,0.0036436068
Cold,100178,669,668,3896,2347,0,-0.0014268393
Cold,100562,671,670,3896,2347,1,0.003853857
Cold,93811,629,628,3896,2347,0,0.00010861317
Cold,91632,608,607,3896,2347,1,-0.002554682
Cold,77559,524,523,3896,2347,0,-0.004754291
Cold,72070,482,481,3896,2347,1,-0.0008239951
Cold,66558,445,444,3896,2347,1,-0.012455713
Cold,64250,429,428,3896,2347,0,-0.0007558819
Cold,371009,2168,2167,3896,2347,1,-0.0029060033
Cold,57071,386,385,3896,2347,0,0.0070978985
Cold,55472,368,367,3896,2347,1,0.0017579217
Cold,40660,273,272,3896,2347,1,0.00034890964
Cold,481841,2962,2961,3896,2347,1,-0.008039523
Cold,33308,225,224,3896,2347,0,0.0021106233
Cold,32722,222,221,3896,2347,0,0.005745028
Cold,31460,214,213,3896,2347,0,0.0035195737
Cold,175015,1109,1108,3896,2347,1,-0.0065010125
Cold,13732,110,109,3896,2347,0,-0.01106798
Cold,469989,2895,2894,3896,2347,0,-0.005508444
Cold,171673,1088,1087,3896,2347,1,-0.008171714
Cold,351890,2063,2062,3896,2347,1,-3.6301557e-05
Cold,149383,962,961,3896,2347,0,-0.0015516416
Cold,255532,1556,1555,3896,2347,0,-0.004647225
Cold,182027,1137,1136,3896,2347,0,-0.016293142
Cold,713105,4277,4276,3896,2347,1,-0.0033004906
Cold,287306,1715,1714,3896,2347,0,0.0019334182
Cold,49792,330,329,3896,2347,0,5.6330464e-05
Cold,407283,2446,2445,3896,2347,1,0.00019568158
Cold,19779,149,148,3896,2347,1,-0.000788165
Cold,286732,1712,1711,3896,2347,0,0.003530472
Cold,696353,4169,4168,3896,2347,0,-0.0010399886
Cold,119279,770,769,3896,2347,0,0.00016301859
Cold,631595,3821,3820,3896,2347,0,0.00091060926
Cold,753296,4489,4488,3896,2347,1,0.0022939204
Cold,843946,5074,5073,3896,2347,0,-0.0034464125
Cold,204591,1260,1259,3896,2347,0,-0.0016671577
Cold,289695,1729,1728,3896,2347,0,-0.0048888754
Cold,733470,4386,4385,3896,2347,1,-0.0046833744
Cold,354938,2077,2076,3896,2347,1,-0.0018238092
Cold,498785,3065,3064,3896,2347,1,-0.008550143
Cold,531044,3280,3279,3896,2347,0,-0.002963164
Cold,12810,99,98,3896,2347,1,0.00034159646
Cold,607137,3685,3684,3896,2347,1,-0.011915338
Cold,635660,3832,3831,3896,2347,0,-0.007173779
Cold,895680,5413,5412,3896,2347,1,-0.007488486
Cold,265112,1611,1610,3896,2347,1,0.002246599
Cold,876998,5300,5299,3896,2347,0,-0.011254344
Cold,750433,4478,4477,3896,2347,0,-0.0014863596
Cold,828723,4979,4978,3896,2347,1,-0.0011361917
Cold,254381,1546,1545,3896,2347,1,0.0061379084
Cold,240120,1449,1448,3896,2347,0,0.00033622526
Cold,682481,4085,4084,3896,2347,1,-0.00039679278
Cold,567489,3483,3482,3896,2347,1,-0.009363905
Cold,622148,3768,3767,3896,2347,0,0.0017747192
Cold,882989,5333,5332,3896,2347,0,-0.0066813184
Cold,649814,3916,3915,3896,2347,0,-0.0020831453
Cold,20591,151,150,3896,2347,1,0.00025248993
Cold,107992,710,709,3896,2347,1,-0.0056896163
Cold,104343,692,691,3896,2347,1,-0.009203742
Cold,535024,3301,3300,3896,2347,0,0.003530208
Cold,2623,22,21,3896,2347,0,-0.00074053137
Cold,230533,1395,1394,3896,2347,0,-0.0012065091
Cold,223066,1352,1351,3896,2347,0,0.004198722
Cold,920105,5557,5556,3896,2347,1,-0.008299125
Cold,308650,1837,1836,3896,2347,0,-0.004200031
Cold,11520,90,89,3896,2347,1,-0.007206914
Cold,893886,5397,5396,3896,2347,0,-0.0035757446
Cold,784114,4682,4681,3896,2347,0,-0.0070906403
Cold,947887,5723,5722,3896,2347,1,-0.00088864577
Cold,344843,2023,2022,3896,2347,1,-0.0077084284
Cold,176970,1117,1116,3896,2347,0,-0.0067713927
Cold,720086,4312,4311,3896,2347,1,-0.0030651297
Cold,768734,4579,4578,3896,2347,0,-0.001470108
Cold,550188,3391,3390,3896,2347,1,-0.0048179366
Cold,156900,1010,1009,3896,2347,0,-0.0048569515
Cold,473671,2909,2908,3896,2347,1,-0.0067392588
Cold,333867,1969,1968,3896,2347,1,-0.0063745715
Cold,251876,1524,1523,3896,2347,0,-0.005471427
Cold,688371,4117,4116,3896,2347,1,-0.004726245
Cold,886905,5359,5358,3896,2347,1,0.0025814055
Cold,324967,1925,1924,3896,2347,1,0.0009072798
Cold,941416,5682,5681,3896,2347,1,-0.009658212
Cold,93310,624,623,3896,2347,0,-6.4163236e-05
Cold,346637,2031,2030,3896,2347,0,-0.0010512703
Cold,382019,2232,2231,3896,2347,1,0.00089127896
Cold,974341,5878,5877,3896,2347,0,0.0028313578
Cold,984598,5950,5949,3896,2347,0,-0.0005427955
Cold,32532,218,217,3901,2349,0,-0.000114238355
Cold,171059,1087,1086,3901,2349,0,-0.003104724
Cold,254545,1546,1545,3901,2349,0,0.0056404104
Cold,532469,3285,3284,3901,2349,0,0.0036416666
Cold,364412,2122,2121,3901,2349,0,-0.004597061
Cold,217431,1317,1316,3901,2349,1,-2.4846755e-05
Cold,78744,528,527,3901,2349,0,0.005869111
Cold,301116,1789,1788,3901,2349,0,0.002627492
Cold,116693,752,751,3901,2349,1,-0.00012329826
Cold,588698,3590,3589,3901,2349,0,0.0067647863
Cold,286960,1712,1711,3901,2349,0,0.010422552
Cold,595037,3620,3619,3901,2349,0,0.013709865
Cold,309846,1842,1841,3901,2349,0,-0.008721521
Cold,79823,531,530,3901,2349,0,0.001533546
Cold,366330,2131,2130,3901,2349,1,-0.0037418478
Cold,975201,5880,5879,3901,2349,0,-0.0021742946
Cold,232886,1415,1414,3901,2349,1,0.0030262866
Cold,472985,2907,2906,3901,2349,1,0.0006121923
Cold,353576,2071,2070,3901,2349,0,0.0066119065
Cold,145976,937,936,3901,2349,0,0.004625984
Cold,400053,2380,2379,3901,2349,1,0.011579387
Cold,322808,1912,1911,3901,2349,0,0.0003099239
Cold,583757,3562,3561,3901,2349,0,-0.0073581766
Cold,684339,4089,4088,3901,2349,0,0.008925015
Cold,560073,3441,3440,3901,2349,1,0.0047807796
Cold,306293,1824,1823,3901,2349,1,-0.0031358702
Cold,20953,151,150,3901,2349,0,-0.0031878985
Cold,328879,1941,1940,3901,2349,0,0.0070404094
Cold,262018,1599,1598,3901,2349,1,-0.007645251
Cold,463936,2859,2858,3901,2349,1,0.00781236
Cold,61458,412,411,3901,2349,1,-0.0068709822
Cold,627173,3792,3791,3901,2349,0,-0.00017849635
Cold,94433,633,632,3901,2349,0,-0.001540733
Cold,258032,1579,1578,3901,2349,0,-0.00022955798
Cold,285576,1701,1700,3901,2349,1,0.00019250647
Cold,29498,201,200,3901,2349,1,-0.0020173877
Cold,562848,3462,3461,3901,2349,0,0.004709674
Cold,313055,1865,1864,3901,2349,0,-0.003217755
Cold,964275,5812,5811,3901,2349,0,0.0043507814
Cold,557393,3423,3422,3901,2349,1,-0.00037416583
Cold,699818,4186,4185,3901,2349,0,0.006422146
Cold,571530,3504,3503,3901,2349,0,0.006848296
Cold,352480,2063,2062,3901,2349,0,0.004612577
Cold,172199,1088,1087,3901,2349,0,-0.0012754191
Cold,273374,1647,1646,3901,2349,1,0.014639489
Cold,83646,549,548,3901,2349,0,0.0050782887
Cold,48048,321,320,3908,2350,0,-0.0061677108
Cold,111128,721,720,3908,2350,0,0.01727986
Cold,41987,284,283,3908,2350,0,0.004287023
Cold,947651,5722,5721,3908,2350,0,0.01027064
Cold,21051,153,152,3908,2350,1,0.0019560633
Cold,14153,115,114,3908,2350,0,0.0056276545
Cold,9012,61,60,3908,2350,0,-0.0015934096
Cold,238398,1447,1446,3908,2350,0,0.013988929
Cold,352485,2063,2062,3908,2350,0,0.013453372
Cold,207225,1266,1265,3908,2350,0,0.010992851
Cold,182288,1137,1136,3908,2350,0,0.0051625646
Cold,108402,710,709,3908,2350,0,0.012201936
Cold,164960,1051,1050,3908,2350,0,0.0084688105
Cold,437295,2669,2668,3908,2350,0,-0.0021939313
Cold,927743,5605,5604,3908,2350,0,-0.001865301
Cold,309849,1842,1841,3908,2350,0,0.011725939
Cold,328884,1941,1940,3908,2350,0,0.015628919
Cold,177309,1117,1116,3908,2350,0,0.0022836665
Cold,730597,4371,4370,3908,2350,0,0.0055253617
Cold,115613,749,748,3908,2350,0,0.0057682893
Cold,474235,2909,2908,3908,2350,1,0.00022609183
Cold,718737,4305,4304,3908,2350,1,0.0092015825
Cold,116956,753,752,3908,2350,1,-0.0016473301
Cold,290637,1733,1732,3908,2350,0,0.006254455
Cold,628911,3807,3806,3908,2350,0,0.017189328
Cold,474434,2910,2909,3908,2350,1,0.0028891265
Cold,538264,3312,3311,3908,2350,0,0.009174108
Cold,235356,1425,1424,3908,2350,0,0.0069732056
Cold,336779,1982,1981,3908,2350,0,-0.0072643757
Cold,322811,1912,1911,3908,2350,0,0.012246525
Cold,575957,3520,3519,3908,2350,0,0.006045412
Cold,172202,1088,1087,3908,2350,0,0.0084514
Cold,456647,2810,2809,3909,2351,0,3.2869866e-06
Cold,627177,3792,3791,3909,2351,0,0.00027066586
Cold,313058,1865,1864,3909,2351,0,-0.003013625
Cold,561745,3454,3453,3909,2351,0,0.0028663082
Cold,490453,3017,3016,3909,2351,0,-0.0007638822
Cold,235357,1425,1424,3909,2351,1,0.0011989037
Cold,583761,3562,3561,3909,2351,1,-0.0014855978
Cold,116702,752,751,3909,2351,0,0.0011548018
Cold,215764,1306,1305,3909,2351,0,0.005301526
Cold,319671,1897,1896,3914,2353,0,0.0018720985
Cold,841328,5054,5053,3914,2353,1,-0.0036667574
Cold,116959,753,752,3914,2353,1,0.009044574
Cold,863984,5205,5204,3914,2353,1,0.0091611855
Cold,538280,3312,3311,3914,2353,0,-0.00032113446
Cold,907011,5488,5487,3914,2353,1,-0.0012478638
Cold,235370,1425,1424,3914,2353,0,0.0018695012
Cold,571540,3504,3503,3914,2353,1,-0.006454072
Cold,27657,193,192,3914,2353,1,0.00445736
Cold,328912,1941,1940,3914,2353,1,-0.0031561651
Cold,130142,842,841,3915,2354,1,-0.0003696161
Cold,127961,826,825,3915,2354,0,-0.004920043
Cold,610730,3704,3703,3915,2354,1,0.0041744113
Cold,127164,821,820,3915,2354,0,0.0039961333
Cold,153583,986,985,3915,2354,1,0.003306552
Cold,810144,4858,4857,3915,2354,1,-0.0021931946
Cold,114647,745,744,3915,2354,0,0.0030704674
Cold,778980,4653,4652,3915,2354,0,0.006687201
Cold,104723,693,692,3915,2354,1,0.004600833
Cold,101064,673,672,3915,2354,0,0.0036710582
Cold,100493,670,669,3915,2354,0,0.008578896
Cold,89674,590,589,3915,2354,1,0.0075909407
Cold,76484,518,517,3915,2354,0,0.0043369182
Cold,57705,390,389,3915,2354,0,0.007262718
Cold,57038,385,384,3915,2354,0,-0.004933022
Cold,50935,335,334,3915,2354,0,-0.009595901
Cold,313063,1865,1864,3915,2354,1,0.0065819835
Cold,33720,225,224,3915,2354,0,0.0029198788
Cold,314451,1877,1876,3915,2354,0,0.013515504
Cold,565074,3473,3472,3915,2354,1,0.00870608
Cold,447598,2757,2756,3915,2354,0,0.0042145858
Cold,129802,839,838,3915,2354,1,0.008352375
Cold,485413,2986,2985,3915,2354,0,0.00798299
Cold,42917,293,292,3915,2354,0,0.0034808978
Cold,508377,3128,3127,3915,2354,1,-0.0007311903
Cold,883196,5333,5332,3915,2354,1,-0.0021731332
Cold,567804,3483,3482,3915,2354,1,0.02077754
Cold,241575,1451,1450,3915,2354,1,0.0047219237
Cold,290653,1733,1732,3915,2354,0,0.005988327
Cold,713492,4277,4276,3915,2354,1,0.011531644
Cold,361217,2106,2105,3915,2354,0,0.0031132302
Cold,500555,3074,3073,3915,2354,1,0.011728018
Cold,583772,3562,3561,3915,2354,1,0.004344553
Cold,28511,195,194,3915,2354,1,0.007963462
Cold,685173,4094,4093,3915,2354,0,0.0103648715
Cold,195849,1203,1202,3915,2354,1,0.001504595
Cold,684357,4089,4088,3915,2354,0,0.0040579955
Cold,665360,4005,4004,3915,2354,1,0.0041383007
Cold,405392,2427,2426,3915,2354,1,-0.0021747574
Cold,575006,3518,3517,3915,2354,1,0.009726787
Cold,575669,3519,3518,3915,2354,1,0.011554664
Cold,172229,1088,1087,3915,2354,1,0.0023247297
Cold,523105,3224,3223,3915,2354,1,0.00336377
Cold,358325,2097,2096,3915,2354,1,0.0010364985
Cold,930513,5621,5620,3915,2354,1,0.009323935
Cold,520610,3210,3209,3915,2354,1,-0.0024772473
Cold,322836,1912,1911,3915,2354,0,0.015037594
Cold,206526,1265,1264,3915,2354,1,-0.0021925205
Cold,13207,102,101,3915,2354,0,-0.00094757776
Cold,47776,319,318,3915,2354,0,0.004126813
Cold,768901,4579,4578,3915,2354,0,-0.0025703413
Cold,908203,5493,5492,3915,2354,1,0.004261274
Cold,319672,1897,1896,3915,2354,0,0.008243516
Cold,682872,4085,4084,3915,2354,1,0.00915488
Cold,223883,1354,1353,3915,2354,1,0.0031048877
Cold,24602,173,172,3915,2354,0,-0.0012824028
Cold,215775,1306,1305,3915,2354,1,0.0051455884
Cold,363862,2119,2118,3915,2354,1,0.0005377653
Cold,887027,5359,5358,3915,2354,1,0.00983386
Cold,501572,3080,3079,3915,2354,1,0.015125502
Cold,235371,1425,1424,3915,2354,1,0.0045356173
Cold,460922,2841,2840,3915,2354,0,0.005582569
Cold,608779,3691,3690,3915,2354,0,0.014038971
Cold,804407,4816,4815,3915,2354,1,0.0043572932
Cold,352511,2063,2062,3915,2354,0,0.009442786
Cold,34034,229,228,3915,2354,1,0.0020240233
Cold,302375,1794,1793,3915,2354,0,-0.00055379886
Cold,362028,2109,2108,3918,2357,0,-0.0011705877
Cold,352514,2063,2062,3918,2357,1,0.0032259366
Cold,349708,2053,2052,3918,2357,0,0.0018091913
Cold,342937,2015,2014,3918,2357,0,-0.011586752
Cold,334191,1970,1969,3918,2357,0,-0.0014451906
Cold,328920,1941,1940,3918,2357,0,-0.0007006333
Cold,326359,1931,1930,3918,2357,1,0.00035371532
Cold,324710,1923,1922,3918,2357,1,0.0026985675
Cold,317232,1885,1884,3918,2357,0,0.0024513472
Cold,330605,1951,1950,3918,2357,0,-0.006696007
Cold,305696,1819,1818,3918,2357,0,0.0043660784
Cold,305419,1816,1815,3918,2357,1,0.005186025
Cold,303394,1802,1801,3918,2357,0,-0.0045062234
Cold,303681,1803,1802,3918,2357,0,0.0027760128
Cold,300782,1781,1780,3918,2357,1,-0.0030385926
Cold,288373,1722,1721,3918,2357,1,0.0055870577
Cold,290656,1733,1732,3918,2357,0,0.006851658
Cold,291790,1737,1736,3918,2357,0,0.00670991
Cold,297939,1765,1764,3918,2357,1,0.005465501
Cold,285599,1701,1700,3918,2357,0,0.0044014147
Cold,281473,1687,1686,3918,2357,0,0.009238277
Cold,280186,1680,1679,3918,2357,0,-0.0006151367
Cold,277265,1675,1674,3918,2357,0,-0.0025247606
Cold,280359,1681,1680,3918,2357,1,-0.004771267
Cold,273399,1647,1646,3918,2357,0,-0.0009990553
Cold,270610,1637,1636,3918,2357,0,-0.0020530745
Cold,266766,1617,1616,3918,2357,0,-0.0012334532
Cold,265377,1611,1610,3918,2357,1,0.006957374
Cold,261485,1598,1597,3918,2357,1,0.0045239264
Cold,260775,1593,1592,3918,2357,0,0.00016823562
Cold,259910,1589,1588,3918,2357,0,0.005131065
Cold,252778,1531,1530,3918,2357,0,-0.0005117558
Cold,248203,1497,1496,3918,2357,0,0.005708225
Cold,247236,1494,1493,3918,2357,1,-0.0024445935
Cold,248006,1496,1495,3918,2357,1,0.0040726084
Cold,232369,1410,1409,3918,2357,1,-0.00019441266
Cold,226462,1370,1369,3918,2357,0,-6.708683e-05
Cold,224400,1356,1355,3918,2357,0,-0.0015348112
Cold,224586,1357,1356,3918,2357,0,-0.002497637
Cold,220146,1333,1332,3918,2357,0,0.006366385
Cold,212274,1292,1291,3918,2357,0,0.0041484833
Cold,204338,1259,1258,3918,2357,0,0.0009365855
Cold,196837,1207,1206,3918,2357,0,-0.0031077531
Cold,210401,1284,1283,3918,2357,0,-0.0025668573
Cold,195999,1204,1203,3918,2357,0,0.005780624
Cold,184513,1147,1146,3918,2357,0,0.0020184459
Cold,184197,1146,1145,3918,2357,0,0.005565225
Cold,307829,1835,1834,3918,2357,1,0.006471351
Cold,181372,1133,1132,3918,2357,1,0.003403048
Cold,180059,1127,1126,3918,2357,0,0.0014517277
Cold,180544,1128,1127,3918,2357,0,-0.0022149626
Cold,176451,1115,1114,3918,2357,1,-0.0018196951
Cold,169729,1077,1076,3918,2357,0,-0.0013529978
Cold,159521,1017,1016,3918,2357,1,0.0019171226
Cold,152104,977,976,3918,2357,0,0.006945789
Cold,145989,937,936,3918,2357,0,0.00045873818
Cold,142029,915,914,3918,2357,0,-0.00023220666
Cold,157371,1010,1009,3918,2357,0,0.00049476326
Cold,139023,889,888,3918,2357,0,-0.0030228754
Cold,135944,877,876,3918,2357,1,-0.00060536945
Cold,124055,798,797,3918,2357,0,-4.8900605e-05
Cold,122850,792,791,3918,2357,0,-0.0006433417
Cold,115180,748,747,3918,2357,0,-0.002089626
Cold,99945,667,666,3918,2357,0,0.00016353189
Cold,234464,1422,1421,3918,2357,0,-0.0008082221
Cold,92884,621,620,3918,2357,0,0.0054098037
Cold,92448,618,617,3918,2357,0,0.0070175277
Cold,86388,565,564,3918,2357,0,-0.001448798
Cold,83681,549,548,3918,2357,0,6.094121e-05
Cold,82363,546,545,3918,2357,0,5.90235e-05
Cold,239469,1448,1447,3918,2357,0,0.0024281489
Cold,73937,501,500,3918,2357,0,0.0013257379
Cold,82026,543,542,3918,2357,1,-0.0034534642
Cold,72460,482,481,3918,2357,0,0.005578999
Cold,68967,461,460,3918,2357,0,-0.005669892
Cold,63556,424,423,3918,2357,0,-0.005641652
Cold,57708,390,389,3918,2357,1,0.0033842984
Cold,54138,352,351,3918,2357,1,-0.0016745748
Cold,41287,278,277,3918,2357,1,0.0074636796
Cold,36809,245,244,3918,2357,0,0.0018327951
Cold,31302,211,210,3918,2357,1,-0.001345425
Cold,330340,1949,1948,3918,2357,0,-0.00023294066
Cold,26868,190,189,3918,2357,0,0.0031545353
Cold,595971,3624,3623,3918,2357,0,-0.0014996877
Cold,75613,514,513,3918,2357,0,-0.0009258664
Cold,310947,1851,1850,3918,2357,0,-0.010648072
Cold,18196,139,138,3918,2357,0,0.008140812
Cold,14157,115,114,3918,2357,0,0.0026033274
Cold,14722,117,116,3918,2357,1,-0.0017915475
Cold,13799,110,109,3918,2357,0,0.0070039853
Cold,28517,195,194,3918,2357,1,0.0073648747
Cold,8027,53,52,3918,2357,1,0.0037664976
Cold,299301,1776,1775,3918,2357,1,-0.001129807
Cold,102767,678,677,3918,2357,1,0.0037009125
Cold,760739,4520,4519,3918,2357,1,0.0031539951
Cold,597021,3626,3625,3918,2357,0,-0.0014066622
Cold,158827,1015,1014,3918,2357,0,0.00019830698
Cold,622480,3768,3767,3918,2357,0,0.0008939507
Cold,14240,116,115,3918,2357,1,0.005998533
Cold,267393,1624,1623,3918,2357,0,-0.000117568066
Cold,720284,4312,4311,3918,2357,1,-0.00010161137
Cold,713496,4277,4276,3918,2357,0,0.003490916
Cold,130649,846,845,3918,2357,0,0.0013125618
Cold,115629,749,748,3918,2357,0,-0.006577243
Cold,628921,3807,3806,3918,2357,0,0.00079519255
Cold,474438,2910,2909,3918,2357,0,-0.003855382
Cold,238428,1447,1446,3918,2357,1,-0.0039322423
Cold,107554,709,708,3919,2358,0,0.008005496
Cold,92885,621,620,3919,2358,0,-0.00423038
Cold,91718,608,607,3919,2358,0,-0.0069150194
Cold,82027,543,542,3919,2358,1,0.0030836584
Cold,72462,482,481,3919,2358,0,0.0032542297
Cold,57709,390,389,3919,2358,0,0.0011990527
Cold,54141,352,351,3919,2358,0,-0.00040725153
Cold,42012,284,283,3919,2358,0,0.002024494
Cold,41288,278,277,3919,2358,0,-0.00033204723
Cold,291792,1737,1736,3919,2358,0,-0.013513589
Cold,99946,667,666,3919,2358,0,-0.0063286684
Cold,537612,3311,3310,3919,2358,0,-0.010039093
Cold,75614,514,513,3919,2358,0,-0.0024223067
Cold,18198,139,138,3919,2358,0,0.00010094512
Cold,15208,121,120,3919,2358,1,0.007571086
Cold,14725,117,116,3919,2358,0,0.0007742527
Cold,8029,53,52,3919,2358,0,0.005731282
Cold,696876,4169,4168,3919,2358,0,7.539289e-05
Cold,552760,3401,3400,3919,2358,0,-0.0017555854
Cold,760740,4520,4519,3919,2358,0,-0.010477433
Cold,597023,3626,3625,3919,2358,0,-0.008191284
Cold,46196,308,307,3919,2358,0,-0.005045132
Cold,720286,4312,4311,3919,2358,0,-0.0036120727
Cold,628922,3807,3806,3919,2358,0,-0.0065897508
Cold,474439,2910,2909,3919,2358,1,0.0032920926
Cold,63558,424,423,3919,2358,0,-0.003174753
Cold,893143,5394,5393,3919,2358,0,-0.004331412
Cold,844149,5074,5073,3920,2359,0,-0.0061322763
Cold,451917,2781,2780,3920,2359,1,0.0072047706
Cold,750542,4478,4477,3920,2359,1,0.0093639195
Cold,772815,4607,4606,3920,2359,1,0.00020837446
Cold,958947,5787,5786,3920,2359,1,-0.0048053116
Cold,203393,1246,1245,3920,2359,0,0.012197464
Cold,220157,1333,1332,3923,2360,1,0.00061433343
Cold,204339,1259,1258,3923,2360,1,0.0008384371
Cold,204277,1258,1257,3923,2360,0,0.005511693
Cold,196227,1206,1205,3923,2360,0,0.0062514404
Cold,194221,1197,1196,3923,2360,0,0.0031726044
Cold,190130,1179,1178,3923,2360,0,-0.0045367237
Cold,184526,1147,1146,3923,2360,0,-0.0031689564
Cold,182960,1140,1139,3923,2360,0,-0.004718394
Cold,159530,1017,1016,3923,2360,0,0.0011256905
Cold,147222,948,947,3923,2360,0,-0.0016007833
Cold,235975,1428,1427,3923,2360,0,0.004298459
Cold,142030,915,914,3923,2360,0,0.0066528497
Cold,205044,1261,1260,3923,2360,1,0.00061693205
Cold,140418,899,898,3923,2360,0,-0.0005511013
Cold,139053,889,888,3923,2360,0,0.0018100229
Cold,133901,868,867,3923,2360,0,0.00053135585
Cold,131436,850,849,3923,2360,0,0.0032272728
Cold,128738,835,834,3923,2360,0,0.0009577554
Cold,127963,826,825,3923,2360,0,0.00069460965
Cold,153586,986,985,3923,2360,1,-0.0034397566
Cold,124061,798,797,3923,2360,0,0.01344281
Cold,105485,697,696,3923,2360,0,0.008654946
Cold,99256,661,660,3923,2360,0,-0.00037694722
Cold,713515,4277,4276,3923,2360,0,-0.0011166162
Cold,91017,602,601,3923,2360,0,0.006666971
Cold,330858,1952,1951,3923,2360,0,-0.0054240483
Cold,244304,1470,1469,3923,2360,0,0.0038670958
Cold,82368,546,545,3923,2360,0,0.004124886
Cold,76063,516,515,3923,2360,0,0.0030866582
Cold,67260,452,451,3923,2360,1,0.0068054525
Cold,66701,445,444,3923,2360,0,0.008648967
Cold,47052,316,315,3923,2360,0,0.009677846
Cold,55030,362,361,3923,2360,0,-0.0004199599
Cold,42018,284,283,3923,2360,0,-0.0025545012
Cold,191674,1181,1180,3923,2360,0,-0.004719138
Cold,41290,278,277,3923,2360,1,0.0012672687
Cold,36828,245,244,3923,2360,0,0.0065361536
Cold,418321,2528,2527,3923,2360,0,0.0005040093
Cold,592295,3610,3609,3923,2360,0,0.0038939908
Cold,8683,58,57,3923,2360,0,-0.002766828
Cold,552771,3401,3400,3923,2360,0,0.0006583312
Cold,753398,4489,4488,3923,2360,0,-0.004547646
Cold,801576,4802,4801,3923,2360,0,-0.0017282129
Cold,699828,4186,4185,3923,2360,0,0.003036095
Cold,245118,1477,1476,3925,2361,1,-0.0027006892
Cold,242290,1462,1461,3925,2361,0,0.00026620226
Cold,241617,1452,1451,3925,2361,1,-0.007965032
Cold,237466,1446,1445,3925,2361,1,-0.008703487
Cold,240719,1449,1448,3925,2361,0,0.010720758
Cold,631945,3821,3820,3925,2361,1,-0.00043746876
Cold,208481,1273,1272,3925,2361,1,-0.005553198
Cold,204279,1258,1257,3925,2361,1,-0.0004916927
Cold,203527,1248,1247,3925,2361,1,0.002874258
Cold,207430,1267,1266,3925,2361,0,-0.0012352851
Cold,320471,1899,1898,3925,2361,1,0.0067576165
Cold,294605,1749,1748,3925,2361,0,-0.0027687368
Cold,191675,1181,1180,3925,2361,0,-0.0026150064
Cold,184527,1147,1146,3925,2361,1,-0.0023320797
Cold,212600,1294,1293,3925,2361,1,0.0039122184
Cold,185973,1150,1149,3925,2361,1,-0.0004992173
Cold,176595,1116,1115,3925,2361,1,-0.0062705697
Cold,250019,1505,1504,3925,2361,1,0.002470212
Cold,158851,1015,1014,3925,2361,1,-0.00419303
Cold,152111,977,976,3925,2361,0,0.0013421581
Cold,246573,1489,1488,3925,2361,0,-0.0038718225
Cold,371190,2168,2167,3925,2361,1,-0.0059934407
Cold,147837,952,951,3925,2361,1,0.00106687
Cold,139055,889,888,3925,2361,0,0.0022637607
Cold,160576,1019,1018,3925,2361,1,-0.0048283953
Cold,130654,846,845,3925,2361,1,0.00043254672
Cold,128408,830,829,3925,2361,1,-0.0027123883
Cold,301000,1786,1785,3925,2361,1,0.0031128624
Cold,141096,909,908,3925,2361,0,0.0039160745
Cold,524502,3233,3232,3925,2361,1,-0.0059273615
Cold,349428,2050,2049,3925,2361,0,0.0028005624
Cold,108581,711,710,3925,2361,1,0.0017917083
Cold,105355,696,695,3925,2361,0,-0.0011415584
Cold,260925,1594,1593,3925,2361,0,0.0061616665
Cold,211545,1285,1284,3925,2361,0,0.005370303
Cold,222224,1343,1342,3925,2361,1,0.005810409
Cold,92187,613,612,3925,2361,1,-0.0006776382
Cold,250685,1511,1510,3925,2361,0,0.0038571863
Cold,79902,532,531,3925,2361,1,0.0039007277
Cold,78053,524,523,3925,2361,1,-0.0028794468
Cold,70568,475,474,3925,2361,1,-0.0055647455
Cold,74094,504,503,3925,2361,0,0.0070790453
Cold,69592,466,465,3925,2361,1,-0.006437101
Cold,69396,465,464,3925,2361,1,0.0060444213
Cold,68384,458,457,3925,2361,0,-0.0042338
Cold,57713,390,389,3925,2361,0,-0.0021556916
Cold,589661,3596,3595,3925,2361,1,0.0041516926
Cold,239486,1448,1447,3925,2361,0,0.00012923568
Cold,61497,412,411,3925,2361,1,-0.0018686147
Cold,778048,4647,4646,3925,2361,1,-0.004928218
Cold,22140,161,160,3925,2361,1,0.009958329
Cold,13638,108,107,3925,2361,0,0.0026155892
Cold,916820,5539,5538,3925,2361,1,-0.002712019
Cold,482137,2962,2961,3925,2361,0,-0.011476306
Cold,203736,1252,1251,3925,2361,1,0.0028559696
Cold,546271,3367,3366,3925,2361,1,0.0012182714
Cold,823413,4950,4949,3925,2361,0,-0.0001387815
Cold,639450,3842,3841,3925,2361,1,-0.0025894176
Cold,24626,173,172,3925,2361,1,0.0044248574
Cold,933694,5636,5635,3925,2361,0,-0.0030178237
Cold,550772,3391,3390,3925,2361,1,-0.0076397713
Cold,958948,5787,5786,3925,2361,1,-0.007279971
Cold,63578,424,423,3925,2361,1,-0.009913757
Cold,877082,5300,5299,3925,2361,1,-0.004266394
Cold,381868,2231,2230,3926,2362,0,0.00049197464
Cold,377545,2203,2202,3926,2362,1,-0.0049883747
Cold,372202,2173,2172,3926,2362,0,-0.008823307
Cold,374566,2181,2180,3926,2362,0,-0.0062900633
Cold,370827,2167,2166,3926,2362,0,-0.0067181187
Cold,368178,2151,2150,3926,2362,0,-0.0017644038
Cold,366861,2139,2138,3926,2362,0,-0.0075115357
Cold,366025,2130,2129,3926,2362,1,-0.004975625
Cold,364221,2121,2120,3926,2362,0,-0.011506012
Cold,362257,2110,2109,3926,2362,1,-0.012098084
Cold,356624,2088,2087,3926,2362,1,-0.007829743
Cold,353254,2069,2068,3926,2362,0,-0.0064152684
Cold,349713,2053,2052,3926,2362,0,-0.0037606372
Cold,346811,2032,2031,3926,2362,0,-0.003979475
Cold,343284,2016,2015,3926,2362,0,-0.02218445
Cold,339925,2004,2003,3926,2362,1,-0.0072336104
Cold,334867,1974,1973,3926,2362,0,-0.015409623
Cold,334198,1970,1969,3926,2362,0,-0.0035812897
Cold,328947,1941,1940,3926,2362,0,-0.002286244
Cold,324225,1921,1920,3926,2362,0,-0.001743082
Cold,320667,1901,1900,3926,2362,0,0.0054731895
Cold,317420,1888,1887,3926,2362,1,-0.00069917354
Cold,316034,1882,1881,3926,2362,1,-0.014506819
Cold,317384,1887,1886,3926,2362,0,-0.00892939
Cold,315747,1880,1879,3926,2362,0,-0.012127145
Cold,327299,1939,1938,3926,2362,0,-0.0033250912
Cold,303685,1803,1802,3926,2362,0,-0.008814737
Cold,287946,1717,1716,3926,2362,0,-0.0137329735
Cold,286988,1712,1711,3926,2362,0,-0.008657061
Cold,292668,1741,1740,3926,2362,1,-0.011287928
Cold,276566,1671,1670,3926,2362,0,-0.012300428
Cold,275935,1670,1669,3926,2362,0,-0.010934176
Cold,275814,1667,1666,3926,2362,0,-0.0144173335
Cold,289609,1727,1726,3926,2362,1,-0.017519703
Cold,270611,1637,1636,3926,2362,1,-0.01111351
Cold,266269,1614,1613,3926,2362,1,-0.002882225
Cold,261491,1598,1597,3926,2362,1,-0.001298845
Cold,260567,1592,1591,3926,2362,1,-0.0023274473
Cold,252780,1531,1530,3926,2362,1,-0.0038641896
Cold,250236,1507,1506,3926,2362,0,-0.006601545
Cold,248211,1497,1496,3926,2362,0,-0.013634313
Cold,253341,1540,1539,3926,2362,1,-0.015196327
Cold,245119,1477,1476,3926,2362,0,-0.0031701506
Cold,244566,1472,1471,3926,2362,0,-0.008754065
Cold,242253,1461,1460,3926,2362,1,-0.0052362485
Cold,237109,1441,1440,3926,2362,0,-0.00805938
Cold,231829,1404,1403,3926,2362,0,-0.008589226
Cold,230982,1398,1397,3926,2362,0,-0.0011239264
Cold,232373,1410,1409,3926,2362,1,-0.0016012925
Cold,312571,1861,1860,3926,2362,0,-0.0016713896
Cold,224408,1356,1355,3926,2362,1,-0.010117328
Cold,267397,1624,1623,3926,2362,1,-0.0012211697
Cold,220620,1337,1336,3926,2362,1,-0.014374109
Cold,215218,1303,1302,3926,2362,1,-0.0036932635
Cold,213172,1297,1296,3926,2362,1,-0.0050280676
Cold,204340,1259,1258,3926,2362,1,-0.00426759
Cold,204280,1258,1257,3926,2362,1,0.015064005
Cold,262039,1599,1598,3926,2362,1,-0.011410086
Cold,196089,1205,1204,3926,2362,0,-0.006746728
Cold,210408,1284,1283,3926,2362,0,0.0019039884
Cold,188728,1170,1169,3926,2362,0,-0.0009804622
Cold,184528,1147,1146,3926,2362,0,-0.00735481
Cold,183825,1145,1144,3926,2362,0,-0.009087337
Cold,181694,1135,1134,3926,2362,0,-0.017548028
Cold,180663,1129,1128,3926,2362,1,-0.006435397
Cold,178910,1122,1121,3926,2362,0,-0.0124887135
Cold,177766,1119,1118,3926,2362,0,-0.004420889
Cold,346509,2030,2029,3926,2362,0,-0.0044494323
Cold,249112,1501,1500,3926,2362,1,-0.009890443
Cold,166864,1061,1060,3926,2362,0,-0.013704444
Cold,167568,1067,1066,3926,2362,0,-0.010364528
Cold,159531,1017,1016,3926,2362,0,-0.0064728805
Cold,153412,984,983,3926,2362,0,-0.016302515
Cold,147599,949,948,3926,2362,1,-0.015513644
Cold,147225,948,947,3926,2362,1,-0.001743726
Cold,235976,1428,1427,3926,2362,1,0.0024528182
Cold,199730,1224,1223,3926,2362,1,-0.020817518
Cold,145563,935,934,3926,2362,1,-0.0047288914
Cold,143406,924,923,3926,2362,1,-0.0016780165
Cold,142579,919,918,3926,2362,1,-0.007020456
Cold,225366,1362,1361,3926,2362,0,-0.018960338
Cold,141777,911,910,3926,2362,1,-0.012384746
Cold,140821,904,903,3926,2362,0,-0.00632424
Cold,140479,901,900,3926,2362,1,-0.009213523
Cold,139056,889,888,3926,2362,0,-0.022593804
Cold,347596,2038,2037,3926,2362,1,-0.006637433
Cold,133902,868,867,3926,2362,0,-0.00765159
Cold,374958,2185,2184,3926,2362,0,-0.0055349777
Cold,103743,689,688,3926,2362,0,0.0027185122
Cold,234476,1422,1421,3926,2362,0,-0.017533535
Cold,95650,639,638,3926,2362,1,-0.010304838
Cold,91018,602,601,3926,2362,1,-0.002052286
Cold,86308,563,562,3926,2362,0,-0.0068299947
Cold,83706,549,548,3926,2362,1,-0.015481383
Cold,84676,550,549,3926,2362,0,-0.008267318
Cold,76890,521,520,3926,2362,0,-0.007839757
Cold,76065,516,515,3926,2362,0,-0.005465424
Cold,70998,476,475,3926,2362,1,-0.010439843
Cold,67261,452,451,3926,2362,1,-0.007491927
Cold,66702,445,444,3926,2362,0,-0.013920246
Cold,67651,453,452,3926,2362,1,-0.019300794
Cold,52275,343,342,3926,2362,1,-0.0106401965
Cold,36831,245,244,3926,2362,0,-0.009720522
Cold,482139,2962,2961,3926,2362,0,-0.013572924
Cold,17895,137,136,3926,2362,0,-0.0055755693
Cold,16505,130,129,3926,2362,1,-0.003727647
Cold,14735,117,116,3926,2362,1,-0.009139672
Cold,8046,53,52,3926,2362,1,-0.0071802544
Cold,7101,48,47,3926,2362,0,-0.0052837348
Cold,389532,2282,2281,3926,2362,1,-0.002791651
Cold,300670,1780,1779,3926,2362,0,-0.01542254
Cold,801577,4802,4801,3926,2362,1,-0.017160792
Cold,310956,1851,1850,3926,2362,0,-0.006431953
Cold,538765,3313,3312,3926,2362,0,-0.0061742077
Cold,622491,3768,3767,3926,2362,0,-0.010978194
Cold,441849,2715,2714,3926,2362,1,-0.00053602865
Cold,217471,1317,1316,3926,2362,1,-0.011486293
Cold,657762,3963,3962,3926,2362,0,-0.015758988
Cold,699829,4186,4185,3926,2362,0,-0.013710206
Cold,821646,4940,4939,3926,2362,1,-0.008305981
Cold,293465,1747,1746,3929,2365,0,0.0032567496
Cold,287949,1717,1716,3929,2365,1,0.006745377
Cold,286053,1706,1705,3929,2365,1,-0.010443203
Cold,294047,1748,1747,3929,2365,1,-0.00034241984
Cold,276569,1671,1670,3929,2365,1,-5.075708e-05
Cold,289612,1727,1726,3929,2365,1,-0.0057077454
Cold,266864,1618,1617,3929,2365,1,0.0015868391
Cold,337324,1983,1982,3929,2365,1,0.0013544764
Cold,252781,1531,1530,3929,2365,1,0.00020425953
Cold,250238,1507,1506,3929,2365,1,0.0002241768
Cold,248215,1497,1496,3929,2365,0,-0.010477168
Cold,245122,1477,1476,3929,2365,1,-0.004094215
Cold,302826,1798,1797,3929,2365,1,0.00028206466
Cold,240726,1449,1448,3929,2365,1,-0.0038640206
Cold,236871,1439,1438,3929,2365,1,0.00047792948
Cold,231385,1401,1400,3929,2365,1,-0.004817579
Cold,231830,1404,1403,3929,2365,1,-0.0048767086
Cold,232376,1410,1409,3929,2365,0,0.0014220274
Cold,229031,1387,1386,3929,2365,0,0.002659454
Cold,228678,1383,1382,3929,2365,0,0.00055309106
Cold,243600,1469,1468,3929,2365,1,-0.0063975537
Cold,222225,1343,1342,3929,2365,1,0.0016052441
Cold,218199,1322,1321,3929,2365,1,0.004347366
Cold,218736,1325,1324,3929,2365,1,0.0015555432
Cold,216681,1316,1315,3929,2365,1,0.0012486057
Cold,204282,1258,1257,3929,2365,1,0.004368352
Cold,199938,1227,1226,3929,2365,1,-0.0036960784
Cold,199733,1224,1223,3929,2365,1,0.0016090701
Cold,192240,1183,1182,3929,2365,1,0.0043756403
Cold,190133,1179,1178,3929,2365,0,-0.010864163
Cold,184530,1147,1146,3929,2365,1,0.0019499918
Cold,174926,1108,1107,3929,2365,1,0.00061001466
Cold,219577,1331,1330,3929,2365,1,-0.0001870729
Cold,161905,1032,1031,3929,2365,1,0.009162888
Cold,160994,1023,1022,3929,2365,1,-0.0021171542
Cold,160579,1019,1018,3929,2365,0,-0.012847567
Cold,158855,1015,1014,3929,2365,1,0.0069321627
Cold,153880,989,988,3929,2365,1,-0.0014938526
Cold,246576,1489,1488,3929,2365,0,-0.0011570705
Cold,144592,931,930,3929,2365,0,0.0021583727
Cold,139061,889,888,3929,2365,0,0.005541213
Cold,436840,2665,2664,3929,2365,0,-0.0012003183
Cold,384350,2244,2243,3929,2365,1,0.00058558956
Cold,132924,857,856,3929,2365,1,-0.0028247435
Cold,374961,2185,2184,3929,2365,0,-0.0014089642
Cold,128411,830,829,3929,2365,0,-0.004130128
Cold,301002,1786,1785,3929,2365,1,0.009504478
Cold,125396,806,805,3929,2365,1,0.0006709101
Cold,141098,909,908,3929,2365,1,-0.0033878665
Cold,114058,740,739,3929,2365,1,0.003146328
Cold,112798,731,730,3929,2365,1,-0.006727503
Cold,101794,677,676,3929,2365,1,-0.0039386563
Cold,96047,645,644,3929,2365,1,0.00073752156
Cold,98221,656,655,3929,2365,0,-0.0042820033
Cold,437684,2673,2672,3929,2365,0,-0.00020966283
Cold,424437,2574,2573,3929,2365,1,-0.009026013
Cold,99652,664,663,3929,2365,1,-0.00412489
Cold,86918,566,565,3929,2365,0,0.0030583497
Cold,80925,537,536,3929,2365,1,-0.010066572
Cold,73569,498,497,3929,2365,1,-0.005054807
Cold,67263,452,451,3929,2365,1,0.0038311733
Cold,123650,796,795,3929,2365,0,-0.001270595
Cold,47076,317,316,3929,2365,1,-0.003691774
Cold,45655,307,306,3929,2365,1,0.00020057801
Cold,41392,280,279,3929,2365,1,0.0020444875
Cold,32425,216,215,3929,2365,1,-0.00068258774
Cold,27671,193,192,3929,2365,0,-0.0030044746
Cold,13600,107,106,3929,2365,1,0.0074902233
Cold,136048,879,878,3929,2365,1,0.00013774354
Cold,592300,3610,3609,3929,2365,0,-0.0032426035
Cold,9503,62,61,3929,2365,1,0.001960828
Cold,739490,4418,4417,3929,2365,1,0.007674692
Cold,901518,5450,5449,3929,2365,0,0.0030481499
Cold,15869,123,122,3929,2365,0,0.0031832987
Cold,844151,5074,5073,3929,2365,1,-0.00025404058
Cold,34919,235,234,3929,2365,1,-0.0024668928
Cold,250020,1505,1504,3929,2365,1,-0.003084104
Cold,616765,3732,3731,3929,2365,0,0.0042950483
Cold,24631,173,172,3929,2365,1,0.0030816123
Cold,635721,3832,3831,3929,2365,1,-0.003073691
Cold,474290,2909,2908,3929,2365,1,-0.0048353937
Cold,93483,624,623,3929,2365,0,0.0074630934
Cold,639453,3842,3841,3929,2365,1,-0.0071248347
Cold,322860,1912,1911,3929,2365,0,-0.0026314706
Cold,176208,1113,1112,3929,2365,1,-0.003476216
Cold,877084,5300,5299,3929,2365,1,0.006419697
Cold,839542,5046,5045,3929,2365,1,0.001682424
Cold,264840,1611,1610,3936,2368,1,-0.0039021443
Cold,261316,1598,1597,3936,2368,1,0.00575052
Cold,260929,1595,1594,3936,2368,0,0.0019207352
Cold,250133,1507,1506,3936,2368,1,0.0009593135
Cold,248023,1497,1496,3936,2368,0,0.0068750377
Cold,250724,1513,1512,3936,2368,1,0.00012471364
Cold,253228,1540,1539,3936,2368,1,-0.0014722848
Cold,245092,1477,1476,3936,2368,1,0.008221605
Cold,243605,1470,1469,3936,2368,1,-0.0042355354
Cold,242204,1461,1460,3936,2368,1,-0.0047155404
Cold,356733,2090,2089,3936,2368,0,-0.004795988
Cold,232301,1410,1409,3936,2368,1,0.00027817086
Cold,223957,1356,1355,3936,2368,1,0.0033835769
Cold,218206,1323,1322,3936,2368,1,0.0013469416
Cold,208488,1274,1273,3936,2368,0,-0.0005410138
Cold,269574,1635,1634,3936,2368,1,0.0051203137
Cold,212344,1294,1293,3936,2368,1,-0.0052962666
Cold,174928,1109,1108,3936,2368,1,-3.3408054e-05
Cold,190182,1181,1180,3936,2368,0,-0.003367577
Cold,160954,1023,1022,3936,2368,0,0.00078670564
Cold,159025,1017,1016,3936,2368,0,-0.0030684974
Cold,159669,1019,1018,3936,2368,0,0.007181927
Cold,360347,2106,2105,3936,2368,1,-0.004328407
Cold,235930,1428,1427,3936,2368,1,0.0030649703
Cold,145653,937,936,3936,2368,1,0.0020594434
Cold,184694,1150,1149,3936,2368,0,0.004156255
Cold,137570,889,888,3936,2368,0,0.0016393006
Cold,134934,873,872,3936,2368,1,0.0063439095
Cold,374674,2185,2184,3936,2368,1,0.0016067934
Cold,153568,986,985,3936,2368,1,-0.008740136
Cold,123743,798,797,3936,2368,1,-0.0003069759
Cold,125335,806,805,3936,2368,0,0.011642849
Cold,118034,764,763,3936,2368,1,0.00201884
Cold,114025,740,739,3936,2368,1,-0.003053091
Cold,112165,731,730,3936,2368,0,0.0040012044
Cold,94506,635,634,3936,2368,1,0.008557115
Cold,339002,1998,1997,3936,2368,0,0.0060645044
Cold,100680,673,672,3936,2368,0,0.0023021072
Cold,250599,1511,1510,3936,2368,1,-0.00019549765
Cold,75781,516,515,3936,2368,1,0.0036857054
Cold,79911,533,532,3936,2368,1,0.0035331715
Cold,68979,462,461,3936,2368,0,-0.0021783537
Cold,67134,452,451,3936,2368,1,-0.010593557
Cold,50734,334,333,3936,2368,1,0.0027992977
Cold,37070,251,250,3936,2368,0,-0.0014617888
Cold,713541,4277,4276,3936,2368,0,0.0046409694
Cold,12978,101,100,3936,2368,1,-0.0031767674
Cold,591612,3610,3609,3936,2368,0,0.011505976
Cold,481528,2962,2961,3936,2368,0,0.0012172866
Cold,927757,5605,5604,3936,2368,1,0.008864399
Cold,433429,2643,2642,3936,2368,1,0.0030028578
Cold,825678,4958,4957,3936,2368,0,0.0002351657
Cold,259815,1589,1588,3937,2369,0,-0.0032568062
Cold,336789,1983,1982,3937,2369,1,0.004511565
Cold,253229,1540,1539,3937,2369,1,-0.0008148728
Cold,247425,1496,1495,3937,2369,0,0.008921971
Cold,237009,1441,1440,3937,2369,0,-0.013458259
Cold,232302,1410,1409,3937,2369,1,0.0058522765
Cold,226320,1370,1369,3937,2369,0,-0.0018980596
Cold,226896,1377,1376,3937,2369,0,-0.01194888
Cold,267055,1624,1623,3937,2369,0,-0.010618659
Cold,219618,1333,1332,3937,2369,0,-0.0012129764
Cold,214555,1303,1302,3937,2369,0,-0.003040052
Cold,277285,1676,1675,3937,2369,0,0.006447005
Cold,210424,1285,1284,3937,2369,0,-0.0046565356
Cold,204285,1259,1258,3937,2369,1,0.0077113225
Cold,205487,1264,1263,3937,2369,0,-0.009617998
Cold,308270,1837,1836,3937,2369,0,-0.0024328842
Cold,200224,1230,1229,3937,2369,0,-0.0013535349
Cold,278409,1680,1679,3937,2369,0,0.00033251347
Cold,195870,1204,1203,3937,2369,0,0.004747849
Cold,260575,1593,1592,3937,2369,0,0.0049530054
Cold,184212,1147,1146,3937,2369,0,0.009496352
Cold,183828,1146,1145,3937,2369,0,-0.011789653
Cold,180564,1129,1128,3937,2369,0,-0.002336042
Cold,165688,1057,1056,3937,2369,0,0.0006973052
Cold,212697,1297,1296,3937,2369,0,0.0039211093
Cold,150883,971,970,3937,2369,0,-0.0072527607
Cold,149413,963,962,3937,2369,0,0.00017900625
Cold,147244,949,948,3937,2369,1,0.004253326
Cold,267768,1628,1627,3937,2369,0,-0.015721004
Cold,150336,970,969,3937,2369,0,-0.0022901278
Cold,137572,889,888,3937,2369,0,-0.00314927
Cold,135331,877,876,3937,2369,0,-0.0077731097
Cold,133909,869,868,3937,2369,0,0.0011748555
Cold,202253,1244,1243,3937,2369,0,-0.010378148
Cold,252136,1527,1526,3937,2369,0,0.003708399
Cold,314807,1880,1879,3937,2369,0,-0.0040725097
Cold,124659,802,801,3937,2369,0,-0.017298456
Cold,118174,765,764,3937,2369,0,-0.0065033515
Cold,378989,2213,2212,3937,2369,0,0.0010169703
Cold,98489,660,659,3937,2369,0,-0.0032035352
Cold,107559,710,709,3937,2369,0,-0.008294292
Cold,713542,4277,4276,3937,2369,1,-0.0074549625
Cold,90871,602,601,3937,2369,0,-0.0048507247
Cold,88652,587,586,3937,2369,0,-0.0016813806
Cold,88013,579,578,3937,2369,0,0.0031310352
Cold,85970,563,562,3937,2369,0,-0.004811565
Cold,82574,549,548,3937,2369,0,-0.0051094256
Cold,190183,1181,1180,3937,2369,0,0.005958737
Cold,74346,508,507,3937,2369,1,-0.0026846558
Cold,73874,501,500,3937,2369,1,-0.0025555394
Cold,66426,445,444,3937,2369,0,7.2469236e-05
Cold,304553,1812,1811,3937,2369,1,-0.007717625
Cold,239500,1449,1448,3937,2369,0,-0.012312572
Cold,745173,4448,4447,3937,2369,0,-0.0012490675
Cold,38665,264,263,3937,2369,0,0.0015457937
Cold,38112,261,260,3937,2369,0,0.005084625
Cold,37278,255,254,3937,2369,1,0.00020442391
Cold,37071,251,250,3937,2369,0,-0.0109610045
Cold,36093,245,244,3937,2369,0,-0.0065603005
Cold,418261,2528,2527,3937,2369,0,-0.002738385
Cold,613481,3717,3716,3937,2369,1,-8.470751e-05
Cold,16382,130,129,3937,2369,1,0.0037864817
Cold,8265,58,57,3937,2369,0,-0.0047147926
Cold,5710,42,41,3937,2369,0,-0.007197536
Cold,15278,123,122,3937,2369,0,0.004821531
Cold,481529,2962,2961,3937,2369,0,0.004501609
Cold,551950,3401,3400,3937,2369,1,-0.009335302
Cold,129060,839,838,3937,2369,0,-0.0056955144
Cold,879213,5312,5311,3937,2369,1,-0.008222877
Cold,840832,5053,5052,3937,2369,1,0.006741631
Cold,101801,678,677,3937,2369,0,0.006664674
Cold,310465,1851,1850,3937,2369,0,-0.013496274
Cold,136167,881,880,3937,2369,1,-0.012664379
Cold,699841,4186,4185,3937,2369,0,-0.009340371
Cold,62383,424,423,3937,2369,0,-0.0072258925
Cold,242063,1458,1457,3943,2370,0,-0.004194123
Cold,175905,1113,1112,3943,2370,1,-0.0035602427
Cold,223233,1354,1353,3943,2370,1,0.0040377425
Cold,190218,1181,1180,3943,2370,1,0.0039711013
Cold,521692,3219,3218,3943,2370,0,0.004146889
Cold,496328,3051,3050,3943,2370,1,-0.014291884
Cold,372563,2176,2175,3943,2370,0,0.0032097779
Cold,197170,1211,1210,3943,2370,1,-0.0005364375
Cold,254799,1551,1550,3943,2370,1,-0.0025836243
Cold,206566,1266,1265,3943,2370,0,-0.006042487
Cold,757486,4508,4507,3943,2370,1,0.010387439
Cold,541577,3333,3332,3943,2370,1,-0.003195608
Cold,27779,195,194,3943,2370,1,-0.007654706
Cold,370845,2168,2167,3943,2370,1,-0.0028208029
Cold,567185,3483,3482,3943,2370,0,-5.1092473e-05
Cold,635621,3832,3831,3943,2370,1,0.0006022805
Cold,241758,1457,1456,3943,2370,0,0.0034164425
Cold,921096,5565,5564,3943,2370,1,-0.0033090091
Cold,272564,1647,1646,3943,2370,1,-0.00724217
Cold,470696,2898,2897,3943,2370,0,-0.0011997691
Cold,764265,4543,4542,3943,2370,0,-0.0034900352
Cold,206208,1265,1264,3943,2370,1,-0.0072834827
Cold,319057,1897,1896,3943,2370,1,-0.0011134045
Cold,257338,1579,1578,3943,2370,0,-0.0036793654
Cold,360376,2106,2105,3943,2370,1,-0.0058273147
Cold,916833,5539,5538,3943,2370,0,-0.0023291074
Cold,285079,1701,1700,3943,2370,0,-0.0008257502
Cold,312750,1865,1864,3943,2370,1,-0.008970823
Cold,283750,1698,1697,3943,2370,0,-0.0050883554
Cold,801596,4802,4801,3943,2370,1,-0.0050179297
Cold,145666,937,936,3943,2370,0,0.0031326767
Cold,256015,1561,1560,3943,2370,1,-0.0021372375
Cold,820933,4934,4933,3943,2370,0,0.0074046906
Cold,193358,1194,1193,3943,2370,0,0.0010372435
Cold,33841,229,228,3943,2370,1,0.0046184957
Cold,863355,5198,5197,3943,2370,0,-0.0041985638
Cold,33274,225,224,3946,2371,0,0.0039453134
Cold,31447,214,213,3946,2371,0,-0.0039149546
Cold,947677,5722,5721,3946,2371,0,-0.012041438
Cold,314316,1877,1876,3946,2371,0,0.0027732116
Cold,13379,105,104,3946,2371,0,-0.011264769
Cold,12982,101,100,3946,2371,1,-0.013360418
Cold,211632,1287,1286,3946,2371,0,-0.013972407
Cold,389355,2282,2281,3946,2371,0,-0.0016195811
Cold,123213,796,795,3946,2371,0,-0.005315965
Cold,863993,5205,5204,3946,2371,0,-0.0111966785
Cold,530747,3280,3279,3946,2371,0,-0.0062474664
Cold,399684,2380,2379,3946,2371,0,-0.0009486214
Cold,388303,2272,2271,3946,2371,0,-0.0016178675
Cold,472208,2907,2906,3946,2371,0,-0.008714848
Cold,65099,438,437,3946,2371,0,-0.009039473
Cold,287292,1715,1714,3946,2371,0,-0.0041427948
Cold,567188,3483,3482,3946,2371,0,-0.02268919
Cold,206569,1266,1265,3946,2371,0,-0.007472738
Cold,107589,710,709,3946,2371,0,-0.00836342
Cold,469764,2895,2894,3946,2371,0,-0.015283808
Cold,437197,2669,2668,3946,2371,0,-0.0031801783
Cold,564078,3471,3470,3946,2371,0,-0.008713722
Cold,992530,5996,5995,3946,2371,0,-0.009764185
Cold,19746,149,148,3946,2371,0,9.75891e-05
Cold,10590,76,75,3946,2371,0,-0.006793548
Cold,181778,1137,1136,3946,2371,0,-0.005201297
Cold,27784,195,194,3946,2371,0,-0.007644064
Cold,49881,331,330,3946,2371,0,-0.005695954
Cold,720308,4312,4311,3946,2371,0,-0.003946661
Cold,537660,3312,3311,3946,2371,0,-0.0094547095
Cold,17076,134,133,3946,2371,0,-0.011543926
Cold,415639,2504,2503,3946,2371,0,-0.0066082575
Cold,26625,188,187,3946,2371,0,-0.0039731693
Cold,561417,3454,3453,3946,2371,0,-0.009975454
Cold,696952,4169,4168,3946,2371,0,-0.008649675
Cold,688280,4117,4116,3946,2371,1,9.694183e-05
Cold,336633,1982,1981,3946,2371,0,0.00070210174
Cold,941583,5682,5681,3946,2371,0,-0.009351507
Cold,496330,3051,3050,3946,2371,0,-0.016782172
Cold,427310,2594,2593,3946,2371,0,-0.004512148
Warm A,678060,4064,4063,4,3,0,0.01208032
Warm A,673848,4048,4047,4,3,0,-0.0023056548
Warm A,661206,3988,3987,4,3,1,0.0031702332
Warm A,642638,3868,3867,4,3,0,0.0131640555
Warm A,634552,3829,3828,4,3,0,0.01064959
Warm A,628954,3808,3807,4,3,0,0.009695598
Warm A,618592,3749,3748,4,3,0,0.005460556
Warm A,617875,3743,3742,4,3,0,0.009272318
Warm A,793914,4748,4747,4,3,1,0.009936647
Warm A,670020,4028,4027,4,3,0,0.013665336
Warm A,612335,3713,3712,4,3,1,0.011556324
Warm A,611704,3709,3708,4,3,0,-0.003150248
Warm A,583126,3562,3561,4,3,0,0.0123824645
Warm A,580745,3547,3546,4,3,0,0.013188047
Warm A,578846,3539,3538,4,3,1,0.012776937
Warm A,571336,3504,3503,4,3,1,0.014725514
Warm A,593222,3618,3617,4,3,0,0.00686994
Warm A,557491,3425,3424,4,3,0,0.0144121945
Warm A,766107,4562,4561,4,3,0,0.014238873
Warm A,575040,3519,3518,4,3,0,0.014196508
Warm A,576734,3526,3525,4,3,0,0.012003252
Warm A,549608,3391,3390,4,3,0,0.020334397
Warm A,525522,3246,3245,4,3,0,-0.00023286277
Warm A,515218,3182,3181,4,3,0,0.010367469
Warm A,521281,3217,3216,4,3,1,0.006039039
Warm A,505778,3111,3110,4,3,0,0.0012966457
Warm A,502768,3087,3086,4,3,0,0.0066090897
Warm A,516230,3189,3188,4,3,1,0.01877971
Warm A,500156,3072,3071,4,3,1,0.003298582
Warm A,493688,3032,3031,4,3,1,0.0123633
Warm A,492398,3029,3028,4,3,0,0.020003637
Warm A,477784,2934,2933,4,3,0,0.008618924
Warm A,472201,2907,2906,4,3,0,0.023455476
Warm A,852488,5113,5112,4,3,0,0.0073519177
Warm A,469460,2891,2890,4,3,1,0.017986612
Warm A,879728,5317,5316,4,3,0,0.014399275
Warm A,443398,2734,2733,4,3,0,0.0072299913
Warm A,431312,2628,2627,4,3,0,0.006872381
Warm A,450466,2777,2776,4,3,0,0.00058254856
Warm A,420132,2540,2539,4,3,1,0.0028011373
Warm A,416235,2507,2506,4,3,0,0.009507903
Warm A,404315,2419,2418,4,3,0,0.0054889116
Warm A,399391,2378,2377,4,3,0,0.011763807
Warm A,379826,2222,2221,4,3,0,0.009563335
Warm A,366037,2131,2130,4,3,0,0.014629955
Warm A,362265,2111,2110,4,3,0,0.0017829319
Warm A,355852,2085,2084,4,3,0,0.0060026366
Warm A,342972,2016,2015,4,3,1,0.014258499
Warm A,314830,1880,1879,4,3,0,0.011363273
Warm A,274938,1666,1665,4,3,0,0.004136555
Warm A,268408,1631,1630,4,3,0,0.0014152974
Warm A,358170,2097,2096,4,3,0,0.0022699968
Warm A,259230,1587,1586,4,3,0,0.0138144065
Warm A,255259,1554,1553,4,3,0,-0.0022629304
Warm A,223972,1356,1355,4,3,0,0.0058676014
Warm A,335333,1980,1979,4,3,0,0.016100561
Warm A,223232,1354,1353,4,3,0,0.008867318
Warm A,203932,1255,1254,4,3,1,0.0094739925
Warm A,192250,1184,1183,4,3,0,0.011307262
Warm A,184721,1150,1149,4,3,0,0.009875324
Warm A,177805,1120,1119,4,3,0,0.008546278
Warm A,174808,1107,1106,4,3,0,0.0067759193
Warm A,173428,1100,1099,4,3,0,0.002316366
Warm A,262887,1605,1604,4,3,0,0.017230215
Warm A,188133,1168,1167,4,3,0,0.016337771
Warm A,167588,1068,1067,4,3,1,0.022139682
Warm A,166239,1059,1058,4,3,0,0.004874344
Warm A,189213,1173,1172,4,3,0,0.0035083552
Warm A,153590,987,986,4,3,1,-0.006400366
Warm A,220990,1340,1339,4,3,0,0.0088884095
Warm A,136187,881,880,4,3,0,0.015915891
Warm A,332432,1962,1961,4,3,0,0.0030685638
Warm A,100688,673,672,4,3,0,0.008309084
Warm A,179351,1125,1124,4,3,0,0.020084977
Warm A,93644,628,627,4,3,0,-0.0061057094
Warm A,90505,601,600,4,3,1,0.0062872088
Warm A,238479,1448,1447,4,3,1,0.0076528247
Warm A,81385,543,542,4,3,0,0.009987059
Warm A,70590,476,475,4,3,1,0.0012889022
Warm A,70020,474,473,4,3,0,0.018268146
Warm A,251028,1516,1515,4,3,0,0.006559043
Warm A,52405,346,345,4,3,0,0.014380146
Warm A,48112,323,322,4,3,0,0.008762395
Warm A,132192,855,854,4,3,0,0.009346775
Warm A,695668,4169,4168,4,3,0,0.013489183
Warm A,537655,3312,3311,4,3,0,0.023926884
Warm A,31668,216,215,4,3,0,0.010088144
Warm A,33269,225,224,4,3,0,0.010188073
Warm A,30174,203,202,4,3,0,0.009821409
Warm A,28999,199,198,4,3,0,0.002493212
Warm A,26218,187,186,4,3,1,0.0042416076
Warm A,21103,155,154,4,3,0,0.012141973
Warm A,49051,329,328,4,3,0,0.0059000123
Warm A,3407,26,25,4,3,0,0.016365776
Warm A,583,8,7,4,3,0,0.0094248485
Warm A,79020,531,530,4,3,0,0.013125591
Warm A,78202,528,527,4,3,1,0.00820402
Warm A,333651,1969,1968,4,3,1,0.010570066
Warm A,682087,4085,4084,4,3,0,0.009990134
Warm A,51267,338,337,4,3,0,0.008066828
Warm A,101827,678,677,4,3,0,0.0143226795
Warm A,195150,1203,1202,4,3,0,0.00831303
Warm A,673073,4042,4041,4,3,0,0.017540447
Warm A,257333,1579,1578,4,3,0,0.01985975
Warm A,916533,5539,5538,4,3,0,0.013104449
Warm A,331227,1958,1957,4,3,0,0.00974453
Warm A,115752,752,751,4,3,0,0.015705423
Warm A,777570,4647,4646,4,3,0,0.01675022
Warm A,342085,2015,2014,4,3,0,0.011204897
Warm A,193355,1194,1193,4,3,0,0.0019811296
Warm A,10127,73,72,8,7,0,0.008785307
Warm A,27782,195,194,8,7,1,0.0043592737
Warm A,354634,2077,2076,8,7,0,0.00011091144
Warm A,11790,92,91,8,7,0,0.005730688
Warm A,342089,2015,2014,8,7,0,0.007933279
Warm A,376274,2195,2194,8,7,0,0.006438367
Warm A,807544,4834,4833,8,7,1,0.008086265
Warm A,171127,1088,1087,8,7,0,0.004855219
Warm A,269604,1635,1634,9,8,0,0.017035568
Warm A,252138,1527,1526,9,8,0,0.013977506
Warm A,309201,1841,1840,9,8,0,0.010969011
Warm A,232647,1414,1413,9,8,1,0.002051849
Warm A,232082,1408,1407,9,8,0,0.008389094
Warm A,226910,1377,1376,9,8,0,0.021189535
Warm A,200237,1230,1229,9,8,0,0.016777918
Warm A,267070,1624,1623,9,8,0,0.013052424
Warm A,190225,1181,1180,9,8,1,0.016841482
Warm A,171129,1088,1087,9,8,0,0.020827344
Warm A,342092,2015,2014,9,8,0,0.011385887
Warm A,154691,999,998,9,8,1,0.0051753093
Warm A,157442,1012,1011,9,8,0,0.0020999035
Warm A,270673,1639,1638,9,8,0,0.012196101
Warm A,156431,1010,1009,9,8,0,0.01050658
Warm A,136191,881,880,9,8,0,0.0068628746
Warm A,202266,1244,1243,9,8,0,0.008394174
Warm A,147256,949,948,9,8,0,-0.0011290335
Warm A,121822,785,784,9,8,1,0.01025735
Warm A,105788,699,698,9,8,0,0.0049770554
Warm A,150347,970,969,9,8,0,0.006890522
Warm A,238485,1448,1447,9,8,0,0.0016161292
Warm A,83754,550,549,9,8,0,-0.0011664005
Warm A,77075,524,523,9,8,0,0.007882025
Warm A,118936,770,769,9,8,0,0.0072975997
Warm A,82610,549,548,9,8,0,0.0031308914
Warm A,44139,302,301,9,8,0,0.012627704
Warm A,626421,3792,3791,9,8,0,0.009377931
Warm A,29000,199,198,9,8,0,0.010713155
Warm A,26034,185,184,9,8,0,0.008306785
Warm A,19745,149,148,9,8,0,0.0008269906
Warm A,13218,103,102,9,8,1,0.0020738957
Warm A,26930,192,191,9,8,0,0.010722957
Warm A,10128,73,72,9,8,0,0.01002731
Warm A,30320,204,203,9,8,0,0.0071625914
Warm A,354635,2077,2076,9,8,0,0.0068017794
Warm A,571741,3507,3506,9,8,0,0.008468
Warm A,237502,1447,1446,9,8,0,0.0179343
Warm A,9649,65,64,9,8,1,0.0046967445
Warm A,145667,937,936,9,8,1,0.0069647143
Warm A,621817,3768,3767,9,8,0,0.0039764014
Warm A,331233,1958,1957,9,8,0,0.012900975
Warm A,518880,3201,3200,12,11,0,-0.0017492189
Warm A,566441,3476,3475,12,11,0,-0.0020861179
Warm A,507330,3121,3120,12,11,0,-0.0005848233
Warm A,494433,3032,3031,12,11,1,-9.755255e-05
Warm A,472823,2907,2906,12,11,1,0.00791575
Warm A,463541,2857,2856,12,11,0,0.0059031225
Warm A,430185,2621,2620,12,11,1,-0.0025961848
Warm A,426593,2590,2589,12,11,0,0.0026633411
Warm A,419918,2537,2536,12,11,0,-0.0006302942
Warm A,418907,2529,2528,12,11,0,0.0104009425
Warm A,414740,2496,2495,12,11,0,0.0028401408
Warm A,400509,2383,2382,12,11,1,-0.0038311328
Warm A,399590,2378,2377,12,11,0,0.0037153428
Warm A,397225,2352,2351,12,11,0,-0.0010712321
Warm A,406811,2444,2443,12,11,1,-0.003992481
Warm A,374353,2181,2180,12,11,0,0.0021985942
Warm A,370564,2166,2165,12,11,0,-0.0051767966
Warm A,382533,2235,2234,12,11,1,0.0063773366
Warm A,370052,2164,2163,12,11,0,-0.0025898777
Warm A,368651,2155,2154,12,11,1,0.00603617
Warm A,367554,2145,2144,12,11,1,-0.004931651
Warm A,356051,2085,2084,12,11,0,0.0012765392
Warm A,352237,2063,2062,12,11,0,0.0025447896
Warm A,361866,2109,2108,12,11,0,0.004777116
Warm A,347028,2035,2034,12,11,0,0.00046289852
Warm A,341775,2012,2011,12,11,0,-0.0052547287
Warm A,343743,2018,2017,12,11,0,0.0065506874
Warm A,323527,1919,1918,12,11,1,0.0008633198
Warm A,288718,1725,1724,12,11,0,-0.005128743
Warm A,279792,1680,1679,12,11,0,-0.008932069
Warm A,277937,1676,1675,12,11,0,-0.008910943
Warm A,271552,1641,1640,12,11,0,-0.0039571095
Warm A,267660,1626,1625,12,11,0,-0.0019887504
Warm A,262341,1600,1599,12,11,0,0.005577402
Warm A,227297,1377,1376,12,11,0,-0.0041337325
Warm A,221842,1341,1340,12,11,1,-0.0020966216
Warm A,223733,1354,1353,12,11,0,0.007002212
Warm A,213056,1297,1296,12,11,0,-0.0019314182
Warm A,273200,1647,1646,12,11,1,-0.0021219703
Warm A,350371,2056,2055,12,11,0,-0.0021536807
Warm A,196692,1207,1206,12,11,0,0.0052473163
Warm A,328581,1941,1940,12,11,1,-0.001814032
Warm A,178335,1120,1119,12,11,0,0.00071732164
Warm A,175083,1109,1108,12,11,0,0.00050749816
Warm A,173816,1100,1099,12,11,0,-0.0037937183
Warm A,184107,1146,1145,12,11,0,-0.0084944535
Warm A,172969,1096,1095,12,11,0,-0.005349977
Warm A,175728,1112,1111,12,11,0,0.0008797543
Warm A,272354,1645,1644,12,11,0,0.005228457
Warm A,158984,1016,1015,12,11,0,0.0024812706
Warm A,159396,1017,1016,12,11,1,-0.0030198707
Warm A,342738,2015,2014,12,11,1,-0.0012578391
Warm A,150224,967,966,12,11,0,-0.0020397294
Warm A,221571,1340,1339,12,11,0,-0.0003670901
Warm A,157168,1010,1009,12,11,0,0.005088652
Warm A,136863,881,880,12,11,0,-0.007411952
Warm A,134539,869,868,12,11,0,-0.0048171673
Warm A,138717,889,888,12,11,0,-0.0018429249
Warm A,125621,808,807,12,11,0,0.006659462
Warm A,124319,800,799,12,11,1,-0.006602361
Warm A,299780,1778,1777,12,11,0,-0.0036003962
Warm A,106279,699,698,12,11,0,0.00030942948
Warm A,109417,714,713,12,11,0,-0.0025970433
Warm A,99032,660,659,12,11,0,0.00297032
Warm A,83447,549,548,12,11,0,-0.005686494
Warm A,81869,543,542,12,11,1,0.0009560543
Warm A,87116,569,568,12,11,0,-0.00044644997
Warm A,65535,438,437,12,11,0,-0.008106268
Warm A,47988,321,320,12,11,0,-0.0019891285
Warm A,44608,302,301,12,11,0,-0.0043783193
Warm A,36561,245,244,12,11,0,0.0012015663
Warm A,337189,1983,1982,12,11,0,-0.002124006
Warm A,30939,207,206,12,11,0,0.001696582
Warm A,235202,1425,1424,12,11,0,0.0012840712
Warm A,29930,202,201,12,11,0,0.0006033862
Warm A,99891,667,666,12,11,0,0.0032226937
Warm A,219298,1329,1328,12,11,0,0.0015969023
Warm A,192765,1186,1185,12,11,1,0.0041026813
Warm A,14568,117,116,12,11,0,-0.004484648
Warm A,801496,4802,4801,12,11,1,0.0064977286
Warm A,120569,777,776,12,11,1,0.0015236246
Warm A,234302,1422,1421,12,11,0,0.0031954024
Warm A,696653,4169,4168,12,11,0,-0.0025436315
Warm A,585038,3571,3570,12,11,0,-0.00569205
Warm A,119472,770,769,12,11,0,0.007980752
Warm A,238198,1447,1446,12,11,0,0.0013040993
Warm A,371109,2168,2167,12,11,1,0.008062841
Warm A,249939,1505,1504,12,11,0,0.0005498314
Warm A,28264,195,194,12,11,0,0.0006046868
Warm A,102545,678,677,12,11,0,0.00040136743
Warm A,35095,237,236,12,11,0,-0.0027623358
Warm A,11645,90,89,12,11,0,0.004714447
Warm A,79664,531,530,12,11,0,0.0056591975
Warm A,456575,2810,2809,12,11,0,-0.006883271
Warm A,891648,5387,5386,12,11,0,-0.0011044301
Warm A,474010,2909,2908,12,11,0,0.0018507375
Warm A,718660,4305,4304,12,11,1,-0.008800894
Warm A,63286,424,423,12,11,0,0.0025631483
Warm A,821610,4940,4939,12,11,1,0.00978198
Warm A,160350,1019,1018,12,11,0,0.009103955
Warm A,363336,2116,2115,13,12,0,-0.0052126115
Warm A,335019,1976,1975,13,12,1,0.0013039613
Warm A,277938,1676,1675,13,12,0,0.0023942455
Warm A,255243,1553,1552,13,12,0,-0.0068369443
Warm A,247382,1495,1494,13,12,0,0.0015299567
Warm A,223199,1353,1352,13,12,0,-0.0014216248
Warm A,279794,1680,1679,13,12,1,0.0015564682
Warm A,328582,1941,1940,13,12,1,0.0020176268
Warm A,165821,1057,1056,13,12,0,0.0032610379
Warm A,276415,1671,1670,13,12,1,-0.005017209
Warm A,157169,1010,1009,13,12,0,-0.002950661
Warm A,277128,1675,1674,13,12,1,-0.0027483716
Warm A,127809,824,823,13,12,0,-0.010159306
Warm A,126713,817,816,13,12,0,0.001166292
Warm A,125423,807,806,13,12,1,0.008396633
Warm A,102940,681,680,13,12,1,0.004301206
Warm A,109418,714,713,13,12,1,-0.0016344166
Warm A,86226,563,562,13,12,0,0.012549197
Warm A,81288,541,540,13,12,0,0.0092227515
Warm A,80777,536,535,13,12,1,-0.002432275
Warm A,14084,114,113,13,12,1,-0.0013943533
Warm A,10528,75,74,13,12,1,-0.003540598
Warm A,7167,49,48,13,12,1,-0.0067540496
Warm A,5452,38,37,13,12,0,0.016219173
Warm A,633538,3824,3823,13,12,0,-0.0063839685
Warm A,234303,1422,1421,13,12,0,0.011535236
Warm A,552581,3401,3400,13,12,0,-0.00053273747
Warm A,139262,890,889,13,12,1,-0.00039579184
Warm A,334002,1969,1968,13,12,1,0.00692372
Warm A,240436,1449,1448,13,12,0,-0.0025154096
Warm A,376455,2195,2194,13,12,0,0.0014763002
Warm A,263610,1605,1604,13,12,0,0.00410567
Warm A,829961,4983,4982,13,12,1,0.005295558
Warm A,195695,1203,1202,13,12,0,0.0026549576
Warm A,171996,1088,1087,13,12,0,0.0010128787
Warm A,352238,2063,2062,13,12,0,0.005499965
Warm A,207085,1266,1265,13,12,0,0.0077011595
Warm A,821611,4940,4939,13,12,1,-0.0009374388
Warm A,489310,3012,3011,13,12,0,-0.0047740815
Warm A,738235,4411,4410,14,13,0,0.008972896
Warm A,489311,3012,3011,14,13,0,0.0049786186
Warm A,478236,2934,2933,14,13,0,0.00949384
Warm A,474011,2909,2908,14,13,1,0.0055747684
Warm A,852693,5113,5112,14,13,0,0.0013557026
Warm A,455928,2807,2806,14,13,1,-0.0053636446
Warm A,451137,2777,2776,14,13,1,-0.0017919615
Warm A,696655,4169,4168,14,13,0,0.0025699337
Warm A,433756,2643,2642,14,13,0,-0.0019594703
Warm A,425421,2581,2580,14,13,0,0.0039538625
Warm A,464311,2860,2859,14,13,1,0.004280717
Warm A,411647,2472,2471,14,13,0,0.0074009583
Warm A,399223,2376,2375,14,13,1,0.0073567163
Warm A,399973,2380,2379,14,13,1,0.0034385223
Warm A,392468,2304,2303,14,13,0,0.0035252469
Warm A,390157,2288,2287,14,13,1,0.0011849673
Warm A,377962,2205,2204,14,13,0,0.008268848
Warm A,375366,2187,2186,14,13,0,-0.00047184736
Warm A,368486,2153,2152,14,13,1,-0.0016135913
Warm A,359542,2102,2101,14,13,0,0.0076185428
Warm A,351049,2060,2059,14,13,0,0.004168715
Warm A,343744,2018,2017,14,13,1,0.005652425
Warm A,302894,1799,1798,14,13,1,-0.0033111782
Warm A,310181,1845,1844,14,13,0,0.0022203124
Warm A,275234,1666,1665,14,13,0,0.0018935343
Warm A,280962,1685,1684,14,13,1,0.0035786387
Warm A,266923,1620,1619,14,13,1,0.0068967594
Warm A,266019,1613,1612,14,13,0,-0.0067458465
Warm A,245144,1478,1477,14,13,1,-0.002324883
Warm A,242973,1465,1464,14,13,1,0.000215001
Warm A,325560,1926,1925,14,13,1,-0.010246292
Warm A,216622,1315,1314,14,13,0,-9.3018636e-05
Warm A,273201,1647,1646,14,13,0,0.0037700064
Warm A,204103,1255,1254,14,13,1,0.009552077
Warm A,213644,1298,1297,14,13,1,0.0091298325
Warm A,211262,1285,1284,14,13,1,0.0062010353
Warm A,307652,1835,1834,14,13,1,0.00037329504
Warm A,180430,1128,1127,14,13,1,-0.00020061387
Warm A,334744,1974,1973,14,13,1,0.010338347
Warm A,320278,1899,1898,14,13,1,0.0020228992
Warm A,323989,1920,1919,14,13,0,0.00672303
Warm A,221572,1340,1339,14,13,0,0.0023745557
Warm A,157170,1010,1009,14,13,0,-0.0016906396
Warm A,136864,881,880,14,13,0,-0.0080490485
Warm A,154984,999,998,14,13,0,0.0018879373
Warm A,127810,824,823,14,13,0,0.00018724333
Warm A,235666,1426,1425,14,13,0,0.004803803
Warm A,100979,673,672,14,13,0,-0.00045044674
Warm A,200136,1228,1227,14,13,0,-0.0008307304
Warm A,284453,1698,1697,14,13,1,0.0017014211
Warm A,77808,524,523,14,13,1,0.011909459
Warm A,239241,1448,1447,14,13,1,0.011894915
Warm A,53862,352,351,14,13,1,0.0033370047
Warm A,68277,457,456,14,13,1,0.0062716673
Warm A,47558,319,318,14,13,1,0.0016279038
Warm A,45021,303,302,14,13,1,-0.0038860086
Warm A,44609,302,301,14,13,1,-0.0028945138
Warm A,243450,1467,1466,14,13,1,-0.0020448097
Warm A,43459,299,298,14,13,1,-0.004163854
Warm A,38332,261,260,14,13,1,0.00347263
Warm A,26477,187,186,14,13,1,0.0049013034
Warm A,17555,136,135,14,13,1,-0.004628944
Warm A,314414,1877,1876,14,13,1,-0.0014876334
Warm A,9956,69,68,14,13,1,0.0023844861
Warm A,651,8,7,14,13,1,-0.00284475
Warm A,276416,1671,1670,14,13,1,0.0011791324
Warm A,15661,123,122,14,13,1,0.004620135
Warm A,412170,2478,2477,14,13,1,-0.0011241884
Warm A,363337,2116,2115,14,13,1,0.0046084467
Warm A,355127,2077,2076,14,13,0,0.0057511707
Warm A,129635,839,838,14,13,0,0.005351602
Warm A,762221,4528,4527,14,13,1,-0.0055398243
Warm A,300523,1780,1779,14,13,1,0.0020112381
Warm A,777928,4647,4646,14,13,1,0.0057672653
Warm A,257880,1579,1578,14,13,0,0.011138124
Warm A,713314,4277,4276,14,13,1,0.004514265
Warm A,567676,3483,3482,14,13,1,-0.0011880859
Warm A,558269,3428,3427,14,13,1,-3.7070364e-05
Warm A,160351,1019,1018,14,13,1,0.0036708827
Warm A,204707,1260,1259,14,13,0,0.0018138173
Warm A,329532,1943,1942,14,13,0,0.005875453
Warm A,532349,3285,3284,14,13,1,-0.0064984784
Warm A,195696,1203,1202,14,13,1,-0.007888256
Warm A,992910,5998,5997,14,13,1,0.0005468022
Warm A,476456,2926,2925,14,13,1,0.0033354396
Warm A,287840,1717,1716,14,13,1,0.0006218824
Warm A,285472,1701,1700,14,13,0,0.007961966
Warm A,217274,1317,1316,14,13,1,0.0035668751
Warm A,371806,2172,2171,14,13,1,-0.000662477
Warm A,226218,1369,1368,14,13,0,0.0028075138
Warm A,215676,1306,1305,14,13,1,0.003966411
Warm A,322647,1912,1911,14,13,0,0.007226064
Warm A,841236,5054,5053,14,13,1,0.0067591993
Warm A,486728,2995,2994,15,14,0,0.0007044169
Warm A,485477,2987,2986,15,14,0,-0.0053964932
Warm A,483380,2970,2969,15,14,0,0.0027755918
Warm A,852695,5113,5112,15,14,0,0.009321794
Warm A,474012,2909,2908,15,14,1,0.0024904541
Warm A,461892,2848,2847,15,14,0,0.009115957
Warm A,460412,2840,2839,15,14,0,0.007401935
Warm A,455464,2804,2803,15,14,1,0.011723934
Warm A,448099,2761,2760,15,14,0,0.0024771674
Warm A,392469,2304,2303,15,14,0,0.008205526
Warm A,377414,2203,2202,15,14,1,0.0070299665
Warm A,356527,2088,2087,15,14,0,-0.0069435565
Warm A,349976,2054,2053,15,14,0,0.009371014
Warm A,340890,2010,2009,15,14,0,0.010780238
Warm A,341776,2012,2011,15,14,0,0.008757858
Warm A,343211,2016,2015,15,14,1,0.0077311564
Warm A,337190,1983,1982,15,14,1,0.008954167
Warm A,330199,1948,1947,15,14,0,-0.0028425173
Warm A,315507,1880,1879,15,14,0,-0.00055756664
Warm A,289477,1727,1726,15,14,0,0.0038972918
Warm A,289013,1726,1725,15,14,0,0.00855038
Warm A,256386,1564,1563,15,14,0,0.0060949516
Warm A,259628,1587,1586,15,14,0,-0.0022486672
Warm A,241664,1454,1453,15,14,0,0.0107433265
Warm A,337547,1984,1983,15,14,0,0.0028533349
Warm A,221574,1340,1339,15,14,0,0.006882173
Warm A,244168,1470,1469,15,14,0,-0.00039037527
Warm A,279796,1680,1679,15,14,0,0.005357443
Warm A,193282,1193,1192,15,14,0,0.0005134549
Warm A,183327,1141,1140,15,14,0,0.000604603
Warm A,196694,1207,1206,15,14,0,0.009760562
Warm A,328584,1941,1940,15,14,0,0.0037726285
Warm A,161612,1030,1029,15,14,0,0.018922346
Warm A,227704,1380,1379,15,14,0,-0.0019671074
Warm A,275704,1667,1666,15,14,0,0.0042087813
Warm A,342741,2015,2014,15,14,0,2.7825241e-05
Warm A,154985,999,998,15,14,0,0.007997426
Warm A,153263,984,983,15,14,0,0.016140139
Warm A,249345,1502,1501,15,14,0,0.0011497869
Warm A,140959,906,905,15,14,0,-0.0055759894
Warm A,217276,1317,1316,15,14,0,0.009033957
Warm A,277130,1675,1674,15,14,0,0.0014459419
Warm A,138721,889,888,15,14,0,0.0021793537
Warm A,134540,869,868,15,14,0,0.014327232
Warm A,122250,788,787,15,14,0,0.0047552125
Warm A,223735,1354,1353,15,14,1,0.008273604
Warm A,119473,770,769,15,14,0,0.005796842
Warm A,112669,731,730,15,14,1,-0.006080238
Warm A,111009,721,720,15,14,1,0.007891143
Warm A,106280,699,698,15,14,0,0.009874333
Warm A,118481,765,764,15,14,1,0.00610193
Warm A,96494,647,646,15,14,0,0.008789259
Warm A,235204,1425,1424,15,14,0,0.0064701135
Warm A,90171,594,593,15,14,0,0.0011649684
Warm A,228489,1383,1382,15,14,0,0.006968443
Warm A,291641,1737,1736,15,14,1,0.0062824003
Warm A,77810,524,523,15,14,0,0.014368141
Warm A,80365,533,532,15,14,0,0.00763628
Warm A,58970,401,400,15,14,0,-0.0041918764
Warm A,53865,352,351,15,14,0,0.0044667353
Warm A,50890,335,334,15,14,0,0.009720581
Warm A,83449,549,548,15,14,0,0.00047777809
Warm A,44610,302,301,15,14,0,0.012399983
Warm A,63975,426,425,15,14,0,0.0064514102
Warm A,38053,260,259,15,14,1,0.0048255622
Warm A,38333,261,260,15,14,0,0.0087844115
Warm A,32961,223,222,15,14,0,-0.0066481307
Warm A,19501,148,147,15,14,1,0.008842171
Warm A,13285,103,102,15,14,1,0.003716876
Warm A,12951,100,99,15,14,0,0.0005241183
Warm A,17186,134,133,15,14,0,0.0005786384
Warm A,6896,48,47,15,14,0,0.0057841577
Warm A,696657,4169,4168,15,14,0,-0.003312062
Warm A,238200,1447,1446,15,14,0,0.008762945
Warm A,49513,329,328,15,14,0,0.005037996
Warm A,109919,716,715,15,14,1,0.01689603
Warm A,828805,4979,4978,15,14,0,0.012956912
Warm A,241410,1451,1450,15,14,0,0.00481102
Warm A,102546,678,677,15,14,0,0.012644215
Warm A,633539,3824,3823,15,14,0,-0.0004296319
Warm A,599434,3648,3647,15,14,0,0.0025250963
Warm A,609734,3695,3694,15,14,1,0.0060319332
Warm A,941498,5682,5681,15,14,0,0.015742287
Warm A,311361,1854,1853,15,14,0,0.0043228813
Warm A,656152,3953,3952,15,14,0,0.0031533823
Warm A,193851,1194,1193,15,14,0,0.004584259
Warm A,713318,4277,4276,18,17,0,0.0055194045
Warm A,545075,3361,3360,18,17,1,0.013061257
Warm A,542407,3336,3335,18,17,0,0.012804317
Warm A,532352,3285,3284,18,17,1,-0.00053587375
Warm A,561684,3454,3453,18,17,1,0.006787232
Warm A,531231,3280,3279,18,17,1,0.0054155895
Warm A,515672,3182,3181,18,17,0,0.006755252
Warm A,509655,3139,3138,18,17,0,0.013512723
Warm A,522877,3224,3223,18,17,0,0.007957067
Warm A,492943,3029,3028,18,17,0,-0.0011970741
Warm A,487986,3001,3000,18,17,1,0.0060875523
Warm A,689961,4126,4125,18,17,1,0.0071785767
Warm A,474800,2913,2912,18,17,0,0.008794522
Warm A,879952,5317,5316,18,17,0,0.006984304
Warm A,463546,2857,2856,18,17,0,0.00071307307
Warm A,540811,3327,3326,18,17,0,0.0037183617
Warm A,564679,3471,3470,18,17,1,0.0072540175
Warm A,438411,2679,2678,18,17,0,0.008287396
Warm A,429526,2615,2614,18,17,0,-0.001846581
Warm A,390159,2288,2287,18,17,0,0.0064209932
Warm A,361871,2109,2108,18,17,1,0.0067608966
Warm A,371807,2172,2171,18,17,0,0.0035479607
Warm A,340892,2010,2009,18,17,0,0.009151464
Warm A,281713,1689,1688,18,17,1,-0.0004392399
Warm A,296173,1757,1756,18,17,0,0.0058409553
Warm A,279803,1680,1679,18,17,0,0.014450123
Warm A,266023,1613,1612,18,17,1,0.011145281
Warm A,333514,1968,1967,18,17,0,0.011381291
Warm A,231205,1399,1398,18,17,1,0.014854814
Warm A,277942,1676,1675,18,17,1,0.010950667
Warm A,215051,1303,1302,18,17,0,0.011207936
Warm A,185694,1150,1149,18,17,0,0.0045344895
Warm A,307656,1835,1834,18,17,0,0.0044440003
Warm A,184110,1146,1145,18,17,0,0.011880758
Warm A,164015,1050,1049,18,17,0,0.0005731925
Warm A,230631,1395,1394,18,17,1,0.0033910489
Warm A,213061,1297,1296,18,17,1,0.009467579
Warm A,270171,1635,1634,18,17,0,0.016176917
Warm A,221578,1340,1339,18,17,0,0.007863676
Warm A,168031,1068,1067,18,17,0,0.0052838875
Warm A,157176,1010,1009,18,17,0,0.008329788
Warm A,135820,877,876,18,17,0,0.0117405625
Warm A,233481,1420,1419,18,17,0,0.005601515
Warm A,132074,854,853,18,17,0,0.004944869
Warm A,352244,2063,2062,18,17,1,0.0039635343
Warm A,125050,802,801,18,17,1,0.0043698577
Warm A,178337,1120,1119,18,17,1,0.0042110034
Warm A,223739,1354,1353,18,17,0,0.003798745
Warm A,103504,687,686,18,17,1,-0.0045078676
Warm A,177170,1117,1116,18,17,1,-0.002876141
Warm A,240441,1449,1448,18,17,0,0.019371998
Warm A,108254,710,709,18,17,1,0.0073305233
Warm A,631778,3821,3820,18,17,0,0.003858331
Warm A,284458,1698,1697,18,17,0,0.0052696033
Warm A,90771,601,600,18,17,0,0.006812636
Warm A,320871,1902,1901,18,17,1,0.011389404
Warm A,77815,524,523,18,17,0,0.011272567
Warm A,251245,1516,1515,18,17,0,0.013462363
Warm A,75048,509,508,18,17,1,0.0027719203
Warm A,54743,357,356,18,17,1,0.003333351
Warm A,68280,457,456,18,17,0,0.007852588
Warm A,47565,319,318,18,17,0,0.005936725
Warm A,44613,302,301,18,17,0,0.008391529
Warm A,43250,296,295,18,17,0,-0.0012744123
Warm A,58120,392,391,18,17,0,0.007612465
Warm A,239248,1448,1447,18,17,0,0.001631196
Warm A,696662,4169,4168,18,17,0,0.011121423
Warm A,38337,261,260,18,17,1,0.00055810297
Warm A,37236,253,252,18,17,0,0.01313165
Warm A,43460,299,298,18,17,0,1.8561026e-05
Warm A,404062,2414,2413,18,17,1,0.004832221
Warm A,23162,166,165,18,17,0,0.0002295773
Warm A,290489,1733,1732,18,17,0,0.0052404935
Warm A,7812,53,52,18,17,1,0.0021107676
Warm A,104515,692,691,18,17,1,0.005763955
Warm A,686622,4107,4106,18,17,1,0.005540042
Warm A,158576,1015,1014,18,17,0,0.003504681
Warm A,245581,1483,1482,18,17,1,-0.011295155
Warm A,355131,2077,2076,18,17,1,0.008296352
Warm A,78640,528,527,18,17,0,0.010227679
Warm A,150757,970,969,18,17,0,0.004669111
Warm A,363340,2116,2115,18,17,0,0.0011041001
Warm A,709812,4258,4257,18,17,0,0.012283009
Warm A,257883,1579,1578,18,17,0,0.007952612
Warm A,317897,1889,1888,18,17,1,0.0070270165
Warm A,28270,195,194,18,17,1,0.016308356
Warm A,556618,3420,3419,18,17,1,-0.003574664
Warm A,599437,3648,3647,18,17,0,0.006386436
Warm A,907705,5492,5491,18,17,0,0.0032912
Warm A,609736,3695,3694,18,17,0,8.6691e-06
Warm A,893065,5394,5393,18,17,0,0.017593594
Warm A,565747,3475,3474,18,17,0,0.009718664
Warm A,53039,349,348,18,17,0,7.629907e-05
Warm A,583635,3562,3561,18,17,0,0.012195071
Warm A,235206,1425,1424,18,17,0,0.0073281927
Warm A,116530,752,751,18,17,1,0.0022906954
Warm A,160356,1019,1018,18,17,0,0.007989796
Warm A,558906,3432,3431,20,19,0,0.002757917
Warm A,557006,3422,3421,20,19,0,0.0047828793
Warm A,550524,3391,3390,20,19,0,0.0077298894
Warm A,542415,3336,3335,20,19,0,0.007290709
Warm A,537439,3311,3310,20,19,0,0.0049979854
Warm A,520422,3209,3208,20,19,0,-0.011349555
Warm A,517102,3191,3190,20,19,0,-0.0016882963
Warm A,516635,3189,3188,20,19,0,0.0019517657
Warm A,575544,3519,3518,20,19,1,0.011309735
Warm A,494456,3032,3031,20,19,1,-0.0020327598
Warm A,486397,2994,2993,20,19,0,0.0004322935
Warm A,472841,2907,2906,20,19,0,-1.8446008e-05
Warm A,474033,2909,2908,20,19,1,0.013209207
Warm A,468137,2886,2885,20,19,1,-0.0009515678
Warm A,463556,2857,2856,20,19,0,0.010125417
Warm A,460418,2840,2839,20,19,0,0.0076663597
Warm A,487188,2996,2995,20,19,0,0.012462479
Warm A,477577,2931,2930,20,19,0,0.00058364397
Warm A,594962,3620,3619,20,19,0,0.0053019417
Warm A,399593,2378,2377,20,19,0,0.00031703594
Warm A,392482,2304,2303,20,19,0,0.0075956774
Warm A,377431,2203,2202,20,19,1,0.0034413661
Warm A,375197,2186,2185,20,19,0,0.0014283003
Warm A,368005,2148,2147,20,19,0,0.006025302
Warm A,368913,2156,2155,20,19,0,0.0084279785
Warm A,361885,2109,2108,20,19,0,-0.0015619468
Warm A,352259,2063,2062,20,19,0,0.012236279
Warm A,340901,2010,2009,20,19,0,0.0015505236
Warm A,297700,1764,1763,20,19,1,0.0028233067
Warm A,303621,1803,1802,20,19,1,0.0070274463
Warm A,289019,1726,1725,20,19,0,0.0021303336
Warm A,275243,1666,1665,20,19,0,-0.002990881
Warm A,271336,1640,1639,20,19,0,-0.0032178746
Warm A,257896,1579,1578,20,19,0,0.005173871
Warm A,256388,1564,1563,20,19,0,-0.0024492869
Warm A,303120,1800,1799,20,19,0,0.010844744
Warm A,244334,1471,1470,20,19,0,0.00067714014
Warm A,301862,1793,1792,20,19,0,0.006151929
Warm A,224771,1358,1357,20,19,0,0.007814597
Warm A,233187,1418,1417,20,19,0,0.016719118
Warm A,227305,1377,1376,20,19,0,0.0014047106
Warm A,244178,1470,1469,20,19,0,0.008281861
Warm A,320876,1902,1901,20,19,0,-0.0015639164
Warm A,191387,1181,1180,20,19,0,0.0007587004
Warm A,186687,1155,1154,20,19,0,-0.000999039
Warm A,328623,1941,1940,20,19,0,0.0073750517
Warm A,164022,1050,1049,20,19,0,0.014516506
Warm A,161615,1030,1029,20,19,0,0.011057174
Warm A,275710,1667,1666,20,19,0,0.0027713021
Warm A,342758,2015,2014,20,19,0,0.005240333
Warm A,154995,999,998,20,19,0,0.009004684
Warm A,136879,881,880,20,19,0,0.006124907
Warm A,135825,877,876,20,19,0,0.010404669
Warm A,202664,1244,1243,20,19,0,0.009754733
Warm A,263635,1605,1604,20,19,0,0.00016746903
Warm A,120807,778,777,20,19,0,-0.0010643816
Warm A,116911,753,752,20,19,0,0.00088531245
Warm A,113617,736,735,20,19,0,0.0068378784
Warm A,240466,1449,1448,20,19,0,0.010441248
Warm A,299788,1778,1777,20,19,1,0.009126209
Warm A,106288,699,698,20,19,0,0.002594079
Warm A,108263,710,709,20,19,0,0.004852101
Warm A,110190,718,717,20,19,0,0.0032454648
Warm A,96240,646,645,20,19,0,0.013830213
Warm A,886973,5359,5358,20,19,0,-0.0012812673
Warm A,150766,970,969,20,19,0,0.00896133
Warm A,291652,1737,1736,20,19,1,0.0016310867
Warm A,239264,1448,1447,20,19,1,0.0025361897
Warm A,77827,524,523,20,19,0,0.0071721366
Warm A,119488,770,769,20,19,0,0.0032539528
Warm A,59762,406,405,20,19,0,0.0035773069
Warm A,54745,357,356,20,19,0,-0.00027557067
Warm A,53890,352,351,20,19,0,0.009640056
Warm A,334019,1969,1968,20,19,0,0.0028107716
Warm A,68282,457,456,20,19,0,0.000338695
Warm A,44638,302,301,20,19,0,0.01195759
Warm A,696681,4169,4168,20,19,0,0.009753587
Warm A,145487,935,934,20,19,0,0.0035642085
Warm A,55665,368,367,20,19,0,0.008020133
Warm A,627051,3792,3791,20,19,0,-0.0014926733
Warm A,219306,1329,1328,20,19,0,0.009401573
Warm A,29957,202,201,20,19,0,-0.004102245
Warm A,29266,199,198,20,19,0,0.001507726
Warm A,23353,167,166,20,19,0,0.0118368305
Warm A,22626,163,162,20,19,0,0.011016395
Warm A,28293,195,194,20,19,1,0.013209635
Warm A,27258,192,191,20,19,0,-0.0023526303
Warm A,17193,134,133,20,19,0,0.005422784
Warm A,15680,123,122,20,19,0,0.0011866138
Warm A,30580,204,203,20,19,0,0.010426664
Warm A,198486,1219,1218,20,19,0,0.0063992953
Warm A,355140,2077,2076,20,19,0,0.0013245766
Warm A,552599,3401,3400,20,19,0,-0.0020957561
Warm A,50240,331,330,20,19,0,0.002779649
Warm A,777943,4647,4646,20,19,0,0.006888655
Warm A,538148,3312,3311,20,19,0,-0.00016805076
Warm A,599442,3648,3647,20,19,0,0.01381955
Warm A,720189,4312,4311,20,19,0,0.015543328
Warm A,215688,1306,1305,20,19,1,0.005132826
Warm A,273223,1647,1646,20,19,0,0.004249754
Warm A,688190,4116,4115,23,22,1,0.008552237
Warm A,567692,3483,3482,23,22,0,0.026684552
Warm A,487991,3001,3000,23,22,1,0.005685786
Warm A,483133,2968,2967,23,22,0,0.00269166
Warm A,477271,2929,2928,23,22,0,-0.0015580403
Warm A,472844,2907,2906,23,22,1,0.0038886052
Warm A,474038,2909,2908,23,22,0,0.0066290214
Warm A,564693,3471,3470,23,22,0,0.018195458
Warm A,463559,2857,2856,23,22,0,0.0051138373
Warm A,460422,2840,2839,23,22,0,0.004423405
Warm A,492962,3029,3028,23,22,0,0.016936691
Warm A,453992,2793,2792,23,22,1,0.016394146
Warm A,451153,2777,2776,23,22,0,0.007346973
Warm A,429277,2611,2610,23,22,0,0.010445049
Warm A,410029,2458,2457,23,22,0,0.014932321
Warm A,363364,2116,2115,23,22,0,-4.5157503e-05
Warm A,359814,2104,2103,23,22,1,-0.0025922852
Warm A,358631,2098,2097,23,22,0,0.013957992
Warm A,352263,2063,2062,23,22,0,0.0105408225
Warm A,358980,2100,2099,23,22,0,0.021264613
Warm A,300936,1785,1784,23,22,0,0.009518579
Warm A,296179,1757,1756,23,22,0,0.0047894055
Warm A,275245,1666,1665,23,22,1,0.0037177773
Warm A,299791,1778,1777,23,22,0,0.009074783
Warm A,266039,1613,1612,23,22,0,0.01804177
Warm A,333520,1968,1967,23,22,0,0.020351334
Warm A,252767,1531,1530,23,22,0,0.00040285045
Warm A,392487,2304,2303,23,22,1,0.013137784
Warm A,218770,1326,1325,23,22,0,-0.00032197463
Warm A,216089,1311,1310,23,22,0,0.003071169
Warm A,277955,1676,1675,23,22,0,-0.0019392523
Warm A,205006,1261,1260,23,22,1,0.010803356
Warm A,192590,1185,1184,23,22,0,0.01492657
Warm A,328630,1941,1940,23,22,0,0.020023143
Warm A,163485,1047,1046,23,22,0,0.012586715
Warm A,164026,1050,1049,23,22,0,0.0023538568
Warm A,191393,1181,1180,23,22,0,0.01267558
Warm A,157189,1010,1009,23,22,0,0.018313365
Warm A,118752,767,766,23,22,1,0.0026815005
Warm A,121300,780,779,23,22,0,0.012806912
Warm A,106292,699,698,23,22,0,0.001965917
Warm A,116549,752,751,23,22,0,0.013114141
Warm A,179806,1125,1124,23,22,1,0.017349577
Warm A,100312,669,668,23,22,1,0.009379657
Warm A,111027,721,720,23,22,1,0.013730208
Warm A,108267,710,709,23,22,0,0.016906923
Warm A,77831,524,523,23,22,0,0.011361497
Warm A,55062,363,362,23,22,0,0.005381841
Warm A,44641,302,301,23,22,0,0.017723504
Warm A,221592,1340,1339,23,22,0,0.008791895
Warm A,7243,50,49,23,22,0,0.0040826937
Warm A,104525,692,691,23,22,0,0.012304536
Warm A,109926,716,715,23,22,1,0.013576417
Warm A,696687,4169,4168,23,22,0,0.007149264
Warm A,19522,148,147,23,22,0,0.007431677
Warm A,78654,528,527,23,22,0,0.0137850875
Warm A,355142,2077,2076,23,22,0,0.013023512
Warm A,399982,2380,2379,23,22,0,0.01481961
Warm A,150769,970,969,23,22,0,0.0069050994
Warm A,550528,3391,3390,23,22,0,0.0054738466
Warm A,317908,1889,1888,23,22,1,0.019197367
Warm A,599446,3648,3647,23,22,0,0.009162435
Warm A,238221,1447,1446,23,22,0,0.019710466
Warm A,609738,3695,3694,23,22,1,0.010352925
Warm A,662103,3992,3991,23,22,1,0.010990733
Warm A,468627,2887,2886,23,22,0,0.0108235255
Warm A,266043,1613,1612,26,25,1,0.010101103
Warm A,252209,1527,1526,26,25,0,-3.9636157e-05
Warm A,354304,2073,2072,26,25,1,0.0056730965
Warm A,232602,1413,1412,26,25,0,0.0007618866
Warm A,224322,1356,1355,26,25,0,0.01330818
Warm A,209570,1279,1278,26,25,0,0.005088141
Warm A,191976,1182,1181,26,25,0,0.0073843
Warm A,185723,1150,1149,26,25,0,0.01195636
Warm A,263641,1605,1604,26,25,0,0.016248476
Warm A,168661,1069,1068,26,25,0,0.003394987
Warm A,195719,1203,1202,26,25,1,0.0078076255
Warm A,178356,1120,1119,26,25,0,0.0108147785
Warm A,115152,748,747,26,25,1,0.005664602
Warm A,216505,1314,1313,26,25,0,0.0072976733
Warm A,299793,1778,1777,26,25,1,0.015756473
Warm A,97966,655,654,26,25,0,0.0012261327
Warm A,151304,973,972,26,25,1,0.0019534344
Warm A,77834,524,523,26,25,0,0.016491944
Warm A,51947,342,341,26,25,1,0.00195899
Warm A,139265,890,889,26,25,0,0.002752333
Warm A,696691,4169,4168,26,25,0,0.014755415
Warm A,270183,1635,1634,26,25,1,0.0076903845
Warm A,599447,3648,3647,26,25,0,0.008555168
Warm A,9962,69,68,26,25,1,0.0066064126
Warm A,2073,18,17,26,25,1,0.006956729
Warm A,142231,918,917,26,25,1,0.010949439
Warm A,223754,1354,1353,26,25,0,0.0030292175
Warm A,158604,1015,1014,26,25,0,0.012641862
Warm A,149739,963,962,26,25,1,0.017843874
Warm A,932591,5630,5629,26,25,1,0.004603225
Warm A,238225,1447,1446,26,25,1,0.002692833
Warm A,285491,1701,1700,26,25,1,0.014893113
Warm A,136888,881,880,26,25,0,0.014834866
Warm A,699765,4186,4185,26,25,0,0.021508537
Warm A,717052,4294,4293,26,25,0,0.005649028
Warm A,375944,2190,2189,26,25,1,0.002089864
Warm A,295752,1755,1754,26,25,1,0.0074896696
Warm A,33990,229,228,26,25,1,0.005000958
Warm A,241438,1451,1450,26,25,1,0.004569109
Warm A,550532,3391,3390,26,25,1,0.00040957535
Warm A,295753,1755,1754,27,26,0,0.0006563214
Warm A,713347,4277,4276,28,27,1,0.0060014417
Warm A,653695,3940,3939,28,27,1,0.003969509
Warm A,647179,3895,3894,28,27,0,0.0036320237
Warm A,637416,3838,3837,28,27,0,-0.0053450353
Warm A,635467,3830,3829,28,27,0,0.0009815479
Warm A,625346,3779,3778,28,27,1,0.0023463103
Warm A,623120,3770,3769,28,27,1,0.006706943
Warm A,606236,3682,3681,28,27,1,0.008995453
Warm A,597585,3635,3634,28,27,1,-0.0013162973
Warm A,595568,3622,3621,28,27,1,0.0045083044
Warm A,586808,3583,3582,28,27,1,-0.00331329
Warm A,579697,3539,3538,28,27,1,0.0059286063
Warm A,570756,3501,3500,28,27,1,0.0011583228
Warm A,568808,3490,3489,28,27,0,0.00072723185
Warm A,565236,3474,3473,28,27,1,0.0017837787
Warm A,560519,3445,3444,28,27,1,-0.0011671558
Warm A,553030,3402,3401,28,27,0,0.0065949513
Warm A,543644,3348,3347,28,27,1,0.004857553
Warm A,522910,3224,3223,28,27,0,0.0014149637
Warm A,518525,3200,3199,28,27,1,0.0022183387
Warm A,518158,3197,3196,28,27,0,0.01247385
Warm A,513100,3163,3162,28,27,1,0.001845362
Warm A,526279,3253,3252,28,27,1,-0.0032370975
Warm A,510327,3143,3142,28,27,1,-0.0066424375
Warm A,768841,4579,4578,28,27,0,-0.000103179365
Warm A,500759,3075,3074,28,27,0,0.003271605
Warm A,496234,3049,3048,28,27,1,0.0014998754
Warm A,490399,3017,3016,28,27,1,-0.001368202
Warm A,480669,2950,2949,28,27,1,0.005642175
Warm A,478261,2934,2933,28,27,1,0.006035666
Warm A,466206,2874,2873,28,27,0,-0.00601618
Warm A,447003,2753,2752,28,27,1,-0.0051601287
Warm A,441583,2709,2708,28,27,1,-0.004257721
Warm A,696693,4169,4168,28,27,0,0.012243535
Warm A,427654,2597,2596,28,27,1,0.009745764
Warm A,425019,2579,2578,28,27,1,-0.00022798148
Warm A,416888,2507,2506,28,27,1,0.0027025845
Warm A,401779,2396,2395,28,27,1,0.0025931112
Warm A,401831,2397,2396,28,27,1,0.0057175593
Warm A,400521,2383,2382,28,27,1,0.0023239087
Warm A,386429,2259,2258,28,27,1,-0.0055671902
Warm A,383011,2237,2236,28,27,1,0.0028100428
Warm A,348208,2041,2040,28,27,1,-0.00096540933
Warm A,330580,1951,1950,28,27,0,-0.0036210078
Warm A,324780,1924,1923,28,27,0,0.0048188968
Warm A,321754,1908,1907,28,27,0,0.007651865
Warm A,317020,1884,1883,28,27,1,0.0061989487
Warm A,302710,1797,1796,28,27,1,0.0051703863
Warm A,282377,1693,1692,28,27,1,0.0042540664
Warm A,292524,1741,1740,28,27,1,0.006917843
Warm A,269549,1634,1633,28,27,1,0.00745775
Warm A,257142,1576,1575,28,27,1,0.009029815
Warm A,241713,1455,1454,28,27,1,0.002414904
Warm A,228987,1387,1386,28,27,0,0.0054361364
Warm A,225904,1368,1367,28,27,1,0.0063435584
Warm A,276442,1671,1670,28,27,1,-0.002758472
Warm A,218321,1323,1322,28,27,1,0.012685016
Warm A,216623,1315,1314,28,27,1,0.008926782
Warm A,199617,1224,1223,28,27,1,0.012331693
Warm A,338334,1988,1987,28,27,1,-0.00062072184
Warm A,189106,1172,1171,28,27,1,-0.0051541366
Warm A,184455,1147,1146,28,27,1,0.011689767
Warm A,316383,1883,1882,28,27,0,0.013561501
Warm A,201772,1242,1241,28,27,0,0.0028077932
Warm A,174516,1103,1102,28,27,1,-0.005142883
Warm A,169140,1073,1072,28,27,1,0.0028202683
Warm A,167544,1067,1066,28,27,1,0.00029859273
Warm A,158992,1016,1015,28,27,1,0.0050092125
Warm A,320303,1899,1898,28,27,1,0.008804752
Warm A,158605,1015,1014,28,27,1,-0.0060191033
Warm A,185726,1150,1149,28,27,0,0.012132605
Warm A,140351,899,898,28,27,0,0.0075183674
Warm A,138756,889,888,28,27,1,0.0031321973
Warm A,123723,797,796,28,27,1,-0.0050690644
Warm A,132662,855,854,28,27,1,0.008382119
Warm A,187792,1164,1163,28,27,1,0.009669809
Warm A,305267,1813,1812,28,27,1,-0.0005527106
Warm A,341261,2011,2010,28,27,1,0.005808397
Warm A,631796,3821,3820,28,27,0,-0.0004213343
Warm A,98188,656,655,28,27,1,0.015597761
Warm A,85330,556,555,28,27,1,-0.004788231
Warm A,191397,1181,1180,28,27,0,0.019675836
Warm A,69334,464,463,28,27,1,0.002844063
Warm A,820915,4934,4933,28,27,1,-0.0061569754
Warm A,949223,5734,5733,28,27,1,0.006653658
Warm A,51496,338,337,28,27,1,0.0024835886
Warm A,50252,331,330,28,27,1,0.0043493723
Warm A,34777,235,234,28,27,1,0.0024926672
Warm A,796141,4771,4770,28,27,0,0.0050552706
Warm A,462066,2849,2848,28,27,1,-0.0029588973
Warm A,17936,138,137,28,27,1,-0.004815004
Warm A,13467,106,105,28,27,1,-0.001702186
Warm A,211697,1287,1286,28,27,1,-0.0025297464
Warm A,8838,59,58,28,27,0,0.0070663663
Warm A,4903,35,34,28,27,1,0.008733888
Warm A,4235,32,31,28,27,0,0.008850133
Warm A,20846,151,150,28,27,1,0.012776209
Warm A,739450,4418,4417,28,27,1,-0.0011961991
Warm A,127387,822,821,28,27,0,0.008187592
Warm A,263643,1605,1604,28,27,0,0.0121297985
Warm A,89387,588,587,28,27,1,0.012394315
Warm A,835120,5019,5018,28,27,0,0.003403088
Warm A,9893,68,67,28,27,0,0.0011133276
Warm A,996283,6016,6015,28,27,0,0.0020727403
Warm A,195720,1203,1202,28,27,1,0.0070034983
Warm A,313011,1865,1864,28,27,0,0.0017334047
Warm A,319559,1897,1896,28,27,1,0.0027108642
Warm A,476468,2926,2925,28,27,0,0.006573681
Warm A,206470,1265,1264,28,27,1,0.0040251967
Warm A,361076,2106,2105,28,27,1,0.0052210237
Warm A,60835,411,410,28,27,1,0.0022310677
Warm A,514075,3172,3171,28,27,0,-0.0051522143
Warm A,479815,2944,2943,28,27,1,0.0049942886
Warm A,795524,4765,4764,28,27,1,0.006136192
Warm A,172030,1088,1087,28,27,1,0.00045165804
Warm A,27598,193,192,28,27,1,0.00039736996
Warm A,748268,4467,4466,28,27,1,-0.0043889405
Warm A,295754,1755,1754,28,27,1,0.008352461
Warm A,974430,5878,5877,28,27,1,0.012591792
Warm A,20117,149,148,30,29,1,0.003755306
Warm A,152533,981,980,30,29,0,0.011964827
Warm A,5186,36,35,30,29,1,0.007944806
Warm A,1823,17,16,30,29,1,0.011220812
Warm A,902881,5458,5457,30,29,0,-0.007459998
Warm A,76441,518,517,30,29,0,0.0020536887
Warm A,207117,1266,1265,30,29,0,0.0036473176
Warm A,844057,5074,5073,30,29,0,0.0015989845
Warm A,511393,3154,3153,30,29,1,0.012653047
Warm A,284946,1699,1698,30,29,0,0.0103103295
Warm A,605360,3679,3678,30,29,0,-0.0039850143
Warm A,874002,5277,5276,30,29,0,0.0028162235
Warm A,249953,1505,1504,30,29,0,0.009856328
Warm A,421222,2544,2543,30,29,0,0.0034501883
Warm A,575568,3519,3518,31,30,1,0.008059773
Warm A,577503,3526,3525,31,30,0,0.0024769236
Warm A,550557,3391,3390,31,30,0,-0.0070514446
Warm A,542438,3336,3335,31,30,0,-0.002352633
Warm A,536259,3308,3307,31,30,0,-0.00010851922
Warm A,525711,3246,3245,31,30,1,-0.006233789
Warm A,658529,3967,3966,31,30,0,-0.0069305003
Warm A,508795,3129,3128,31,30,1,0.0019658005
Warm A,530007,3272,3271,31,30,0,-0.0076408377
Warm A,478275,2934,2933,31,30,0,0.0007228999
Warm A,472862,2907,2906,31,30,1,-0.00013260567
Warm A,474069,2909,2908,31,30,1,-0.0007923816
Warm A,467071,2878,2877,31,30,0,-0.0010887659
Warm A,463583,2857,2856,31,30,0,0.0013919887
Warm A,451169,2777,2776,31,30,1,-0.0017876762
Warm A,444839,2743,2742,31,30,1,-0.003716082
Warm A,443969,2737,2736,31,30,0,0.003370268
Warm A,564716,3471,3470,31,30,0,-0.007615473
Warm A,580068,3540,3539,31,30,0,-0.0016492647
Warm A,420304,2540,2539,31,30,0,0.0037495631
Warm A,399253,2376,2375,31,30,0,0.0027294564
Warm A,405570,2429,2428,31,30,1,-0.002794507
Warm A,392506,2304,2303,31,30,0,-0.0034768106
Warm A,383799,2242,2241,31,30,1,-0.004581578
Warm A,366274,2131,2130,31,30,0,0.0006094314
Warm A,363388,2116,2115,31,30,1,-0.00935908
Warm A,361903,2109,2108,31,30,0,-0.00049659575
Warm A,352304,2063,2062,31,30,0,0.00010175945
Warm A,196728,1207,1206,31,30,0,0.0070295576
Warm A,321758,1908,1907,31,30,0,0.0049301847
Warm A,189116,1172,1171,31,30,1,0.0021588616
Warm A,185751,1150,1149,31,30,0,-0.0057132454
Warm A,211333,1285,1284,31,30,0,0.0047023287
Warm A,307687,1835,1834,31,30,0,0.007032252
Warm A,263669,1605,1604,31,30,0,0.0023101903
Warm A,172978,1096,1095,31,30,0,-0.004505873
Warm A,168061,1068,1067,31,30,0,-0.0016519725
Warm A,328672,1941,1940,31,30,1,-0.00076294853
Warm A,155012,999,998,31,30,0,-0.0051198155
Warm A,116574,752,751,31,30,0,0.0054810247
Warm A,120597,777,776,31,30,0,-0.0027559334
Warm A,299804,1778,1777,31,30,1,0.0031920746
Warm A,106304,699,698,31,30,0,0.0013674437
Warm A,101511,676,675,31,30,1,0.0012063894
Warm A,332849,1962,1961,31,30,1,7.99548e-05
Warm A,92367,616,615,31,30,0,-0.0040220087
Warm A,239295,1448,1447,31,30,1,-0.0027626315
Warm A,80784,536,535,31,30,0,-0.0030643782
Warm A,81903,543,542,31,30,1,-0.0009992279
Warm A,77854,524,523,31,30,0,0.0053911917
Warm A,76205,517,516,31,30,1,-0.0007181426
Warm A,132676,855,854,31,30,0,-0.0029202541
Warm A,696718,4169,4168,31,30,0,-0.003693541
Warm A,39608,268,267,31,30,1,0.0051097586
Warm A,55677,368,367,31,30,0,-0.0037068888
Warm A,32983,223,222,31,30,0,0.009425062
Warm A,30268,203,202,31,30,0,-0.009343468
Warm A,25666,181,180,31,30,1,-0.0016137918
Warm A,104547,692,691,31,30,0,0.0014348881
Warm A,108291,710,709,31,30,0,0.005809876
Warm A,79708,531,530,31,30,0,0.0012069782
Warm A,78670,528,527,31,30,1,0.001896302
Warm A,399992,2380,2379,31,30,0,0.003964301
Warm A,893085,5394,5393,31,30,0,0.0058592395
Warm A,241456,1451,1450,31,30,1,-0.0049042813
Warm A,164831,1051,1050,31,30,0,-0.0059960326
Warm A,102609,678,677,31,30,1,-0.0017589843
Warm A,28329,195,194,31,30,0,0.0020637698
Warm A,964214,5812,5811,31,30,0,-0.0021033196
Warm A,907717,5492,5491,31,30,0,-0.0006657115
Warm A,139272,890,889,31,30,1,-0.0045805606
Warm A,195732,1203,1202,31,30,1,-0.0026469235
Warm A,475648,2918,2917,31,30,1,-0.00041540945
Warm A,960329,5792,5791,31,30,0,0.0015853406
Warm A,179821,1125,1124,31,30,0,0.003631382
Warm A,172054,1088,1087,31,30,0,-0.0010199576
Warm A,992473,5996,5995,31,30,1,-0.0025605923
Warm A,235241,1425,1424,31,30,0,-0.0017865832
Warm A,215702,1306,1305,31,30,0,0.0020543057
Warm A,801513,4802,4801,31,30,0,-0.003319621
Warm A,937677,5657,5656,31,30,1,-0.0010636295
Warm A,187807,1164,1163,35,33,1,0.007870066
Warm A,160402,1019,1018,35,33,0,0.0114550125
Warm A,841261,5054,5053,35,33,0,0.016971197
Warm A,24462,173,172,35,33,0,-0.0033035907
Warm A,285511,1701,1700,35,33,0,0.013926043
Warm A,545392,3363,3362,35,33,0,0.008057437
Warm A,310853,1851,1850,35,33,0,-0.004733663
Warm A,883132,5333,5332,35,33,0,0.010525677
Warm A,974446,5878,5877,35,33,0,0.0074518453
Warm A,550563,3391,3390,35,33,0,0.004838016
Warm A,541849,3334,3333,43,38,0,0.00933761
Warm A,521684,3218,3217,43,38,1,0.008466325
Warm A,526288,3253,3252,43,38,1,-0.0044961865
Warm A,738259,4411,4410,43,38,0,0.0063398057
Warm A,500146,3071,3070,43,38,1,0.0026900058
Warm A,492192,3026,3025,43,38,0,-0.0011610705
Warm A,485319,2986,2985,43,38,1,0.0046044243
Warm A,576601,3524,3523,43,38,0,-0.001364412
Warm A,481003,2953,2952,43,38,0,0.00048913504
Warm A,474832,2913,2912,43,38,1,0.0016672068
Warm A,870260,5256,5255,43,38,1,0.005153373
Warm A,879983,5317,5316,43,38,1,-0.0021720561
Warm A,754776,4497,4496,43,38,1,0.0048653674
Warm A,464749,2864,2863,43,38,1,-0.0042987377
Warm A,454277,2794,2793,43,38,1,-0.0013478029
Warm A,453102,2790,2789,43,38,0,-0.0023831478
Warm A,442495,2724,2723,43,38,1,-0.0010490248
Warm A,438682,2680,2679,43,38,0,0.0073077884
Warm A,439485,2684,2683,43,38,0,-0.0027436502
Warm A,422907,2563,2562,43,38,0,-0.001346353
Warm A,420310,2540,2539,43,38,1,0.002288881
Warm A,415591,2503,2502,43,38,0,-0.0039707506
Warm A,415177,2499,2498,43,38,1,-0.005701461
Warm A,464365,2860,2859,43,38,0,-0.0009886008
Warm A,402517,2402,2401,43,38,0,0.006457016
Warm A,388568,2275,2274,43,38,1,0.00751171
Warm A,386747,2261,2260,43,38,0,0.0011231351
Warm A,382138,2232,2231,43,38,1,0.003535977
Warm A,383034,2237,2236,43,38,1,0.0013998493
Warm A,365905,2129,2128,43,38,0,0.0014866024
Warm A,357083,2091,2090,43,38,1,-0.0008452706
Warm A,350593,2058,2057,43,38,0,0.007101025
Warm A,337237,1983,1982,43,38,0,0.00035904045
Warm A,316403,1883,1882,43,38,1,0.011196453
Warm A,318721,1894,1893,43,38,1,0.007311953
Warm A,310873,1851,1850,43,38,0,0.0019638713
Warm A,274542,1658,1657,43,38,1,0.0038809413
Warm A,279947,1680,1679,43,38,1,0.0032040682
Warm A,264437,1608,1607,43,38,0,0.005473582
Warm A,264257,1607,1606,43,38,0,0.0032494941
Warm A,262745,1602,1601,43,38,1,-0.0033832926
Warm A,256283,1563,1562,43,38,1,-0.002926349
Warm A,236636,1436,1435,43,38,1,-0.0005697636
Warm A,296628,1758,1757,43,38,1,-0.00077772513
Warm A,211934,1290,1289,43,38,1,-0.0070461407
Warm A,211363,1285,1284,43,38,1,0.005578422
Warm A,194474,1199,1198,43,38,0,0.009369329
Warm A,185785,1150,1149,43,38,0,0.008784512
Warm A,307721,1835,1834,43,38,1,0.0043739374
Warm A,176331,1114,1113,43,38,0,0.0060991687
Warm A,174916,1108,1107,43,38,1,-0.00061281107
Warm A,175175,1110,1109,43,38,1,-0.0026864782
Warm A,169855,1078,1077,43,38,1,-0.0063885925
Warm A,168691,1069,1068,43,38,0,0.0106020495
Warm A,219553,1331,1330,43,38,1,0.0007029497
Warm A,215105,1303,1302,43,38,1,0.0019448346
Warm A,146496,944,943,43,38,0,-0.0032841286
Warm A,139801,895,894,43,38,1,0.0062128515
Warm A,138827,889,888,43,38,0,0.012866555
Warm A,132845,856,855,43,38,0,0.0008703037
Warm A,263698,1605,1604,43,38,1,-0.0037212025
Warm A,349405,2050,2049,43,38,1,0.006259991
Warm A,98279,657,656,43,38,1,0.0019918745
Warm A,84873,551,550,43,38,0,0.0017163064
Warm A,83544,549,548,43,38,1,0.005861904
Warm A,234372,1422,1421,43,38,0,0.0045519155
Warm A,75342,511,510,43,38,1,-0.0018535983
Warm A,66748,446,445,43,38,1,0.006395854
Warm A,60881,411,410,43,38,1,0.01089412
Warm A,55101,364,363,43,38,1,0.0006534753
Warm A,47656,319,318,43,38,1,0.007849092
Warm A,241483,1451,1450,43,38,1,0.00640736
Warm A,313032,1865,1864,43,38,1,-0.0062892176
Warm A,32522,218,217,43,38,0,-0.0063218083
Warm A,48191,323,322,43,38,1,0.003722521
Warm A,28357,195,194,43,38,1,-0.00448702
Warm A,26533,187,186,43,38,1,0.008830201
Warm A,10030,70,69,43,38,1,0.0018362992
Warm A,202181,1243,1242,43,38,1,0.0024452384
Warm A,932600,5630,5629,43,38,1,0.008309621
Warm A,76451,518,517,43,38,1,0.0061984835
Warm A,238283,1447,1446,43,38,1,0.010470466
Warm A,522969,3224,3223,43,38,0,-0.0010425609
Warm A,158671,1015,1014,43,38,0,0.009982414
Warm A,460863,2841,2840,43,38,1,0.0053738696
Warm A,171012,1087,1086,43,38,1,0.008153302
Warm A,160422,1019,1018,43,38,1,0.0012823282
Warm A,772771,4607,4606,43,38,1,0.0025529193
Warm A,465234,2868,2867,43,38,1,0.008932692
Warm A,309802,1842,1841,43,38,1,0.0039966977
Warm A,195758,1203,1202,43,38,0,0.011033543
Warm A,730591,4371,4370,43,38,0,0.0029653
Warm A,550597,3391,3390,43,38,0,-0.004205436
Warm A,287872,1717,1716,43,38,1,0.005378703
Warm A,479825,2944,2943,43,38,0,-0.0011297415
Warm A,286908,1712,1711,43,38,0,0.0028614984
Warm A,348241,2041,2040,43,38,0,0.0100559965
Warm A,328728,1941,1940,43,38,0,0.0076572862
Warm A,384795,2247,2246,43,38,0,-0.0012915505
Warm A,172087,1088,1087,43,38,0,0.0065577263
Warm A,116601,752,751,43,38,0,0.00081501016
Warm A,554928,3412,3411,43,38,1,0.004114436
Warm A,841276,5054,5053,43,38,0,0.0059277387
Warm A,319593,1897,1896,43,38,0,-0.0009182915
Warm A,609353,3693,3692,43,38,0,-0.00019031449
Warm A,974454,5878,5877,43,38,0,0.0004358284
Warm A,566725,3477,3476,46,41,1,-0.0005401592
Warm A,549541,3390,3389,46,41,0,0.00558991
Warm A,658552,3967,3966,46,41,0,-0.0083542345
Warm A,575591,3519,3518,46,41,0,-0.0039644535
Warm A,544781,3358,3357,46,41,1,-0.0002735086
Warm A,533652,3292,3291,46,41,0,-0.0004961862
Warm A,526891,3259,3258,46,41,1,0.0069252974
Warm A,774488,4619,4618,46,41,0,-0.002730589
Warm A,509944,3140,3139,46,41,1,-0.0007920632
Warm A,503710,3095,3094,46,41,1,-0.00023155077
Warm A,503016,3087,3086,46,41,0,-0.0054092933
Warm A,516665,3189,3188,46,41,0,0.0014316647
Warm A,499739,3067,3066,46,41,0,-0.002091386
Warm A,574949,3518,3517,46,41,1,-0.002304615
Warm A,659290,3971,3970,46,41,1,-0.003062623
Warm A,493581,3031,3030,46,41,1,0.006849728
Warm A,490423,3017,3016,46,41,0,-0.013096845
Warm A,478302,2934,2933,46,41,0,-0.0016030594
Warm A,467089,2878,2877,46,41,1,0.0038652555
Warm A,457203,2817,2816,46,41,1,0.0011539531
Warm A,451201,2777,2776,46,41,0,-0.003668726
Warm A,443986,2737,2736,46,41,0,0.001892278
Warm A,564741,3471,3470,46,41,0,0.0041364734
Warm A,430296,2622,2621,46,41,0,-0.00011893688
Warm A,430601,2624,2623,46,41,1,0.0048729475
Warm A,423283,2565,2564,46,41,0,-0.0044236095
Warm A,419330,2533,2532,46,41,1,0.0056936485
Warm A,416935,2507,2506,46,41,0,0.012380285
Warm A,413903,2489,2488,46,41,0,0.0009149399
Warm A,408434,2453,2452,46,41,0,0.0013429187
Warm A,398348,2368,2367,46,41,1,-0.0026351796
Warm A,393173,2309,2308,46,41,0,0.0069155963
Warm A,377460,2203,2202,46,41,1,0.0036830704
Warm A,352359,2063,2062,46,41,0,-0.0018055395
Warm A,259676,1587,1586,46,41,0,-0.0028166212
Warm A,243025,1465,1464,46,41,0,0.00953728
Warm A,207841,1271,1270,46,41,1,0.012220511
Warm A,279952,1680,1679,46,41,1,0.0032804734
Warm A,338374,1988,1987,46,41,0,-0.003487345
Warm A,189650,1175,1174,46,41,1,-0.0034789506
Warm A,186878,1158,1157,46,41,1,0.0065983427
Warm A,189138,1172,1171,46,41,0,0.0017823055
Warm A,183362,1141,1140,46,41,0,-0.0039157746
Warm A,316405,1883,1882,46,41,0,0.007496103
Warm A,176332,1114,1113,46,41,0,-0.00489094
Warm A,177704,1119,1118,46,41,1,0.007995895
Warm A,263701,1605,1604,46,41,0,-0.0016224179
Warm A,168693,1069,1068,46,41,0,0.0042010983
Warm A,167341,1065,1064,46,41,0,-0.0031058309
Warm A,328731,1941,1940,46,41,0,0.009308728
Warm A,226245,1369,1368,46,41,0,0.0017436808
Warm A,151757,975,974,46,41,0,0.0009125129
Warm A,140378,899,898,46,41,0,-0.0031720155
Warm A,140037,897,896,46,41,1,0.0015403875
Warm A,138831,889,888,46,41,0,-0.0017954769
Warm A,132115,854,853,46,41,0,0.001603177
Warm A,127411,822,821,46,41,1,-0.0031395475
Warm A,125324,805,804,46,41,0,-0.001454369
Warm A,123727,797,796,46,41,0,0.0069595836
Warm A,122266,788,787,46,41,0,0.011031703
Warm A,223799,1354,1353,46,41,0,0.0033839988
Warm A,116605,752,751,46,41,1,-0.0036507247
Warm A,778959,4653,4652,46,41,0,-0.00031229842
Warm A,103730,689,688,46,41,1,0.0046452275
Warm A,179844,1125,1124,46,41,0,-0.00049883313
Warm A,99770,666,665,46,41,0,0.0024583377
Warm A,103532,687,686,46,41,0,0.0017451716
Warm A,295065,1752,1751,46,41,0,0.0003814809
Warm A,332877,1962,1961,46,41,0,-0.008248504
Warm A,83547,549,548,46,41,0,-0.0002906695
Warm A,191458,1181,1180,46,41,0,0.0025345618
Warm A,239341,1448,1447,46,41,1,-0.0069492087
Warm A,64661,432,431,46,41,0,0.00062346086
Warm A,201802,1242,1241,46,41,0,0.00091681024
Warm A,240541,1449,1448,46,41,0,0.0043253135
Warm A,52607,346,345,46,41,0,0.005611312
Warm A,60883,411,410,46,41,0,-0.012563704
Warm A,78693,528,527,46,41,0,0.00012153853
Warm A,132701,855,854,46,41,0,0.0028007654
Warm A,49612,329,328,46,41,0,-0.0038758162
Warm A,696751,4169,4168,46,41,0,0.004043935
Warm A,39619,268,267,46,41,1,0.0055155572
Warm A,308933,1837,1836,46,41,0,-0.004376464
Warm A,29305,199,198,46,41,1,-0.0070532756
Warm A,26536,187,186,46,41,0,-2.942374e-05
Warm A,21310,156,155,46,41,1,0.0015273539
Warm A,6339,45,44,46,41,1,0.0021955501
Warm A,5478,38,37,46,41,0,-0.0025672242
Warm A,545400,3363,3362,46,41,0,-0.0050291154
Warm A,506155,3113,3112,46,41,0,0.0015697111
Warm A,50310,331,330,46,41,0,0.0023914136
Warm A,79743,531,530,46,41,0,-0.002250865
Warm A,158673,1015,1014,46,41,0,0.009612728
Warm A,42858,293,292,46,41,0,0.001518397
Warm A,76452,518,517,46,41,1,-0.00086808775
Warm A,386199,2258,2257,46,41,0,-0.0014742155
Warm A,172091,1088,1087,46,41,0,0.0019137799
Warm A,538197,3312,3311,46,41,1,-0.002629002
Warm A,361127,2106,2105,46,41,0,-0.0016189511
Warm A,996312,6016,6015,46,41,0,0.0040998096
Warm A,562796,3462,3461,46,41,0,-0.00074033247
Warm A,187822,1164,1163,46,41,0,-0.001867824
Warm A,476489,2926,2925,46,41,1,-0.00072697166
Warm A,206490,1265,1264,46,41,1,0.002591385
Warm A,877470,5302,5301,46,41,1,0.0030557003
Warm A,974456,5878,5877,46,41,0,0.0021723772
Warm A,209173,1276,1275,57,46,0,0.0072930213
Warm A,243459,1467,1466,57,46,1,-0.005921985
Warm A,280006,1680,1679,57,46,1,0.002748508
Warm A,305165,1812,1811,57,46,1,-0.005922192
Warm A,185810,1150,1149,57,46,0,-0.006825304
Warm A,183367,1141,1140,57,46,0,-0.0072334115
Warm A,307750,1835,1834,57,46,1,0.0017081469
Warm A,180481,1128,1127,57,46,0,-0.0102858655
Warm A,263722,1605,1604,57,46,0,0.0041718236
Warm A,168705,1069,1068,57,46,0,-0.0003857594
Warm A,168095,1068,1067,57,46,1,-0.0056790495
Warm A,164085,1050,1049,57,46,0,0.0077427374
Warm A,320360,1899,1898,57,46,0,-0.0068318015
Warm A,157275,1010,1009,57,46,0,-0.007969925
Warm A,361147,2106,2105,57,46,0,-0.0013542853
Warm A,101019,673,672,57,46,1,-0.0091097625
Warm A,177238,1117,1116,57,46,1,-0.009019488
Warm A,332889,1962,1961,57,46,0,0.00010716752
Warm A,696778,4169,4168,57,46,0,0.00084920414
Warm A,239367,1448,1447,57,46,1,0.0031962125
Warm A,77920,524,523,57,46,0,-0.0006457963
Warm A,73004,493,492,57,46,0,0.00081995176
Warm A,132719,855,854,57,46,1,-0.0046572853
Warm A,47676,319,318,57,46,0,0.0009776136
Warm A,26552,187,186,57,46,1,0.0043820487
Warm A,235288,1425,1424,57,46,1,-0.0009868613
Warm A,254516,1546,1545,57,46,1,-0.004777523
Warm A,79761,531,530,57,46,0,-0.004715722
Warm A,355205,2077,2076,57,46,1,-0.002161474
Warm A,709842,4258,4257,57,46,0,-0.00071150274
Warm A,363441,2116,2115,57,46,0,0.003345766
Warm A,164888,1051,1050,57,46,1,0.0040773647
Warm A,102671,678,677,57,46,0,0.001986835
Warm A,556647,3420,3419,57,46,1,0.006440266
Warm A,245914,1484,1483,57,46,0,-0.004292393
Warm A,134914,872,871,57,46,0,0.00023915176
Warm A,50492,332,331,57,46,0,-0.008779287
Warm A,311391,1854,1853,57,46,0,0.0021788543
Warm A,974464,5878,5877,57,46,1,-0.009175375
Warm A,572520,3507,3506,61,49,0,-0.0015616617
Warm A,363461,2116,2115,61,49,0,0.009958839
Warm A,331984,1958,1957,61,49,0,0.0063134413
Warm A,499773,3067,3066,61,49,1,-0.005662284
Warm A,164914,1051,1050,61,49,0,0.0018028447
Warm A,684298,4089,4088,61,49,0,-0.0057409517
Warm A,456628,2810,2809,61,49,1,0.0009945068
Warm A,390213,2288,2287,63,51,0,0.0016773081
Warm A,387101,2263,2262,63,51,0,-0.002896334
Warm A,368032,2148,2147,63,51,1,0.007669525
Warm A,356083,2085,2084,63,51,1,0.0013955273
Warm A,352416,2063,2062,63,51,1,0.00070163864
Warm A,361960,2109,2108,63,51,0,0.0053483774
Warm A,344952,2023,2022,63,51,1,-0.0049203793
Warm A,340981,2010,2009,63,51,0,0.008782847
Warm A,314767,1879,1878,63,51,0,0.008521645
Warm A,297778,1764,1763,63,51,0,0.007976892
Warm A,259703,1587,1586,63,51,0,-0.00093797455
Warm A,247954,1496,1495,63,51,0,0.0055467123
Warm A,236099,1430,1429,63,51,0,0.0048678117
Warm A,224365,1356,1355,63,51,0,0.009862333
Warm A,278057,1676,1675,63,51,0,0.0061615272
Warm A,202725,1244,1243,63,51,0,0.00545712
Warm A,274127,1655,1654,63,51,1,-0.0020257975
Warm A,244237,1470,1469,63,51,0,0.013788072
Warm A,193320,1193,1192,63,51,0,0.011508619
Warm A,176164,1113,1112,63,51,0,0.010569646
Warm A,165678,1056,1055,63,51,1,-0.0061853314
Warm A,272417,1645,1644,63,51,1,-0.0048958375
Warm A,150243,967,966,63,51,0,0.008018874
Warm A,268160,1628,1627,63,51,0,-0.0002967713
Warm A,157301,1010,1009,63,51,0,-0.0044227215
Warm A,136983,881,880,63,51,0,0.014407243
Warm A,121621,781,780,63,51,1,0.007436511
Warm A,299854,1778,1777,63,51,0,0.0046513425
Warm A,329620,1943,1942,63,51,1,-0.0017649746
Warm A,284566,1698,1697,63,51,0,0.008284276
Warm A,90822,601,600,63,51,0,0.0078085093
Warm A,77949,524,523,63,51,0,0.009823615
Warm A,88989,587,586,63,51,1,0.0070900805
Warm A,81966,543,542,63,51,1,0.010488607
Warm A,70953,476,475,63,51,0,0.0074870917
Warm A,59520,403,402,63,51,1,0.007484388
Warm A,599514,3648,3647,63,51,0,0.008471556
Warm A,592228,3610,3609,63,51,0,0.009263949
Warm A,954269,5761,5760,63,51,0,0.0046204315
Warm A,334084,1969,1968,63,51,0,0.008360774
Warm A,106358,699,698,63,51,0,-0.0032807228
Warm A,750517,4478,4477,63,51,0,0.022005215
Warm A,290589,1733,1732,63,51,0,0.0074255383
Warm A,11691,90,89,63,51,1,0.0028900153
Warm A,134653,869,868,63,51,0,0.009979859
Warm A,371157,2168,2167,63,51,1,0.0021005913
Warm A,273322,1647,1646,63,51,0,0.008441846
Warm A,461675,2847,2846,63,51,1,0.007418652
Warm A,342863,2015,2014,63,51,0,0.0021761488
Warm A,893113,5394,5393,63,51,0,0.015818182
Warm A,215735,1306,1305,63,51,0,0.0009877952
Warm A,132138,854,853,64,52,0,-0.003193438
Warm A,112737,731,730,64,52,0,-0.004616607
Warm A,106359,699,698,64,52,0,-0.00057104265
Warm A,332907,1962,1961,64,52,0,0.0010446862
Warm A,235308,1425,1424,64,52,1,0.0050724316
Warm A,361168,2106,2105,64,52,0,-0.0037415535
Warm A,77950,524,523,64,52,0,0.0011732597
Warm A,239397,1448,1447,64,52,0,-0.005488828
Warm A,52631,346,345,64,52,0,0.0014735635
Warm A,55146,365,364,64,52,0,0.0005507502
Warm A,132734,855,854,64,52,0,-0.007951153
Warm A,30065,202,201,64,52,0,0.002307232
Warm A,22699,163,162,64,52,0,-0.0016402598
Warm A,5495,38,37,64,52,0,-0.0033983085
Warm A,3647,26,25,64,52,0,-0.0007992992
Warm A,79784,531,530,64,52,0,-0.0017797896
Warm A,682819,4085,4084,64,52,0,-0.0078036166
Warm A,964255,5812,5811,64,52,0,0.0032055262
Warm A,479835,2944,2943,64,52,1,-0.010739069
Warm A,497444,3054,3053,65,53,0,0.0027583207
Warm A,472939,2907,2906,65,53,0,0.015263579
Warm A,466103,2873,2872,65,53,0,-0.00036837324
Warm A,461676,2847,2846,65,53,0,0.007982923
Warm A,487243,2996,2995,65,53,0,0.0058692056
Warm A,435983,2664,2663,65,53,0,0.007946698
Warm A,430220,2621,2620,65,53,0,0.011000215
Warm A,420588,2541,2540,65,53,0,0.0013026642
Warm A,417123,2508,2507,65,53,0,0.010291725
Warm A,404771,2419,2418,65,53,0,0.0051281583
Warm A,399620,2378,2377,65,53,0,-0.0012501066
Warm A,375750,2188,2187,65,53,0,0.010296481
Warm A,356085,2085,2084,65,53,1,0.010836421
Warm A,361961,2109,2108,65,53,0,0.0037734583
Warm A,341851,2012,2011,65,53,0,0.010764552
Warm A,340982,2010,2009,65,53,0,0.020731045
Warm A,351085,2060,2059,65,53,0,0.0063588107
Warm A,330594,1951,1950,65,53,0,0.006823535
Warm A,315634,1880,1879,65,53,0,0.012618817
Warm A,259705,1587,1586,65,53,0,0.014430668
Warm A,309392,1841,1840,65,53,0,0.01233097
Warm A,224366,1356,1355,65,53,0,0.010822306
Warm A,213117,1297,1296,65,53,0,0.004337962
Warm A,278058,1676,1675,65,53,0,0.011815423
Warm A,261990,1599,1598,65,53,1,0.008542338
Warm A,244238,1470,1469,65,53,0,0.020063542
Warm A,178418,1120,1119,65,53,1,0.014626043
Warm A,198705,1220,1219,65,53,0,0.0036287764
Warm A,168106,1068,1067,65,53,0,0.017965887
Warm A,328807,1941,1940,65,53,0,0.010818323
Warm A,164096,1050,1049,65,53,0,0.019243103
Warm A,272418,1645,1644,65,53,1,0.0102431495
Warm A,249375,1502,1501,65,53,0,0.0061026365
Warm A,157302,1010,1009,65,53,0,0.007636889
Warm A,136984,881,880,65,53,0,0.009401903
Warm A,124348,800,799,65,53,1,0.010420345
Warm A,361169,2106,2105,65,53,0,0.010019293
Warm A,108348,710,709,65,53,0,0.0057967193
Warm A,106360,699,698,65,53,0,0.001486398
Warm A,101550,676,675,65,53,0,0.005703909
Warm A,85000,552,551,65,53,0,0.00888516
Warm A,77951,524,523,65,53,0,0.010989863
Warm A,299855,1778,1777,65,53,0,0.0024859614
Warm A,119570,770,769,65,53,0,0.0048566293
Warm A,81967,543,542,65,53,0,0.004864562
Warm A,72388,482,481,65,53,0,0.010349873
Warm A,65610,438,437,65,53,1,0.014614071
Warm A,251280,1516,1515,65,53,0,0.0072647315
Warm A,57251,386,385,65,53,0,-0.00014312554
Warm A,240595,1449,1448,65,53,0,0.013697023
Warm A,44771,302,301,65,53,0,0.011362007
Warm A,538223,3312,3311,65,53,0,0.0069205957
Warm A,37474,255,254,65,53,0,-0.0034643786
Warm A,368519,2153,2152,65,53,0,0.0053341016
Warm A,30066,202,201,65,53,0,0.011569284
Warm A,54632,355,354,65,53,0,0.0128670335
Warm A,26904,191,190,65,53,0,0.001973689
Warm A,270261,1635,1634,65,53,0,0.01905936
Warm A,235309,1425,1424,65,53,0,0.0074699763
Warm A,592229,3610,3609,65,53,1,0.014911362
Warm A,7026,48,47,65,53,0,0.0044311974
Warm A,78716,528,527,65,53,0,0.0062096296
Warm A,2756,22,21,65,53,0,0.0075503234
Warm A,371158,2168,2167,65,53,0,0.0087017175
Warm A,342864,2015,2014,65,53,1,0.012005296
Warm A,363465,2116,2115,65,53,0,0.0039014337
Warm A,846035,5084,5083,65,53,0,0.005002524
Warm A,102693,678,677,65,53,0,0.007265277
Warm A,35129,237,236,65,53,0,0.010697953
Warm A,352417,2063,2062,65,53,0,0.014001505
Warm A,335244,1978,1977,65,53,1,0.0024795614
Warm A,160477,1019,1018,65,53,0,0.009790542
Warm A,924019,5580,5579,65,53,0,0.0039378493
Warm A,336427,1980,1979,65,53,0,0.014265002
Warm A,164916,1051,1050,65,53,0,0.016248219
Warm A,628885,3807,3806,65,53,0,0.004134044
Warm A,310897,1851,1850,65,53,0,0.011425926
Warm A,564780,3471,3470,65,53,0,0.010890897
Warm A,933646,5636,5635,65,53,0,0.007604927
Warm A,290590,1733,1732,65,53,0,0.00864001
Warm A,599515,3648,3647,65,53,0,0.005869854
Warm A,575621,3519,3518,65,53,0,0.010462036
Warm A,53090,349,348,65,53,0,0.0079428395
Warm A,231235,1399,1398,66,54,0,-0.00054095895
Warm A,227362,1377,1376,66,54,0,0.00907306
Warm A,233210,1418,1417,66,54,0,0.009784488
Warm A,224367,1356,1355,66,54,0,0.0074881027
Warm A,214182,1300,1299,66,54,0,0.013857995
Warm A,278059,1676,1675,66,54,0,0.00926962
Warm A,200445,1230,1229,66,54,0,0.008259153
Warm A,196794,1207,1206,66,54,0,0.012501622
Warm A,280052,1680,1679,66,54,0,0.014224712
Warm A,342866,2015,2014,66,54,0,0.0044243014
Warm A,173001,1096,1095,66,54,0,0.00029845815
Warm A,157432,1011,1010,66,54,0,0.007838416
Warm A,217383,1317,1316,66,54,0,-0.0007806262
Warm A,138902,889,888,66,54,0,0.007858835
Warm A,136985,881,880,66,54,0,-0.0007962319
Warm A,127127,820,819,66,54,0,0.0044550844
Warm A,126768,817,816,66,54,0,0.018027404
Warm A,122276,788,787,66,54,0,0.0025418084
Warm A,119571,770,769,66,54,0,0.01170435
Warm A,113488,735,734,66,54,0,0.020559855
Warm A,121358,780,779,66,54,0,0.0060465606
Warm A,86865,566,565,66,54,0,0.007425567
Warm A,86269,563,562,66,54,0,-0.0016501842
Warm A,81969,543,542,66,54,1,0.005717326
Warm A,51026,336,335,66,54,0,-0.00010734564
Warm A,291748,1737,1736,66,54,0,0.008657503
Warm A,482066,2962,2961,66,54,0,0.009754329
Warm A,14649,117,116,66,54,0,0.0025213212
Warm A,10331,73,72,66,54,0,0.00426991
Warm A,8606,58,57,66,54,0,0.0035706037
Warm A,7027,48,47,66,54,0,0.011081912
Warm A,5858,42,41,66,54,0,0.014961854
Warm A,805811,4823,4822,66,54,0,0.005668688
Warm A,552691,3401,3400,66,54,0,0.0076692123
Warm A,718722,4305,4304,66,54,0,0.008189909
Warm A,23856,169,168,66,54,0,0.013122207
Warm A,328808,1941,1940,66,54,0,0.0038896126
Warm A,155059,999,998,71,57,0,0.0089782
Warm A,135910,877,876,71,57,0,0.0034021512
Warm A,111105,721,720,71,57,1,0.0006469905
Warm A,108369,710,709,71,57,0,0.016353952
Warm A,106376,699,698,71,57,0,0.009815639
Warm A,713449,4277,4276,71,57,0,0.005087346
Warm A,150836,970,969,71,57,0,0.010298794
Warm A,81990,543,542,71,57,0,0.007693395
Warm A,77977,524,523,71,57,0,0.0017261936
Warm A,119595,770,769,71,57,0,0.014444689
Warm A,71195,477,476,71,57,0,0.007089529
Warm A,501533,3080,3079,71,57,0,0.002002132
Warm A,44802,302,301,71,57,0,0.012731344
Warm A,30092,202,201,71,57,0,-0.00082339626
Warm A,29341,199,198,71,57,1,0.005782053
Warm A,22712,163,162,71,57,0,0.0023383708
Warm A,13069,101,100,71,57,1,0.0040548844
Warm A,27371,192,191,71,57,0,0.0006330317
Warm A,290612,1733,1732,71,57,0,0.006962575
Warm A,15799,123,122,71,57,0,0.015434341
Warm A,690019,4126,4125,71,57,0,0.006220637
Warm A,250534,1509,1508,71,57,0,-0.004339438
Warm A,598435,3641,3640,71,57,0,0.010605058
Warm A,182267,1137,1136,71,57,0,0.011040833
Warm A,882261,5329,5328,71,57,0,0.008633157
Warm A,564804,3471,3470,71,57,0,0.015502642
Warm A,310909,1851,1850,71,57,0,0.006260776
Warm A,294002,1748,1747,71,57,0,0.011062823
Warm A,363486,2116,2115,71,57,0,0.011113158
Warm A,384298,2244,2243,71,57,0,0.00510421
Warm A,145139,934,933,71,57,0,-0.0025849473
Warm A,160501,1019,1018,71,57,0,0.008302119
Warm A,72408,482,481,71,57,0,0.0098764
Warm A,599539,3648,3647,71,57,0,0.013880924
Warm A,63486,424,423,71,57,0,0.006093826
Warm A,550686,3391,3390,71,57,0,0.010875603
Warm A,185878,1150,1149,72,58,0,0.0060170162
Warm A,212582,1294,1293,72,58,1,0.005499486
Warm A,211458,1285,1284,72,58,1,0.004100021
Warm A,307792,1835,1834,72,58,1,0.006779903
Warm A,201831,1242,1241,72,58,1,0.006133563
Warm A,168731,1069,1068,72,58,1,0.0014755554
Warm A,140930,905,904,72,58,0,-0.008057273
Warm A,132751,855,854,72,58,1,0.013151294
Warm A,100375,669,668,72,58,1,0.009365922
Warm A,92639,620,619,72,58,0,0.003699921
Warm A,84598,550,549,72,58,0,0.018170591
Warm A,69568,466,465,72,58,1,0.00036403234
Warm A,57263,386,385,72,58,1,0.012738686
Warm A,883170,5333,5332,72,58,0,-0.0077298004
Warm A,313050,1865,1864,72,58,1,-0.0010126289
Warm A,29343,199,198,72,58,1,0.003109669
Warm A,482084,2962,2961,72,58,0,0.012517111
Warm A,26575,187,186,72,58,1,0.011769082
Warm A,310910,1851,1850,72,58,0,0.0009421465
Warm A,66232,442,441,72,58,1,-0.0018447363
Warm A,10835,78,77,72,58,0,-0.0008839151
Warm A,450089,2775,2774,72,58,1,0.008153209
Warm A,217407,1317,1316,72,58,1,0.0037302182
Warm A,20926,151,150,72,58,0,0.012726416
Warm A,35472,239,238,72,58,1,0.004488783
Warm A,116670,752,751,72,58,1,0.005523266
Warm A,232623,1413,1412,72,58,1,-0.0037278049
Warm A,336458,1980,1979,72,58,1,0.00644922
Warm A,499793,3067,3066,72,58,1,0.014861066
Warm A,479838,2944,2943,72,58,1,0.0026278193
Warm A,290613,1733,1732,72,58,1,0.007202517
Warm A,753383,4489,4488,72,58,1,0.011652
Warm A,63488,424,423,72,58,1,0.005001889
Warm A,435646,2663,2662,74,60,1,0.007596379
Warm A,420594,2541,2540,74,60,1,0.008746441
Warm A,419339,2533,2532,74,60,1,0.013071915
Warm A,417970,2525,2524,74,60,1,0.0028002716
Warm A,408488,2453,2452,74,60,1,0.010001523
Warm A,398570,2371,2370,74,60,1,0.004540773
Warm A,400043,2380,2379,74,60,0,0.0062575284
Warm A,393185,2309,2308,74,60,0,-0.0047399364
Warm A,377505,2203,2202,74,60,1,0.0076529086
Warm A,359030,2100,2099,74,60,1,0.010083029
Warm A,348280,2041,2040,74,60,0,0.009205037
Warm A,334231,1971,1970,74,60,1,0.0072222278
Warm A,314776,1879,1878,74,60,1,-0.0021437055
Warm A,302345,1794,1793,74,60,0,0.0037702634
Warm A,259722,1587,1586,74,60,0,0.018297633
Warm A,225908,1368,1367,74,60,0,0.0064140544
Warm A,306441,1825,1824,74,60,1,0.014968604
Warm A,281599,1688,1687,74,60,1,0.015102051
Warm A,244249,1470,1469,74,60,0,0.018235698
Warm A,280092,1680,1679,74,60,0,0.0048919227
Warm A,192502,1184,1183,74,60,0,-0.002207821
Warm A,338415,1988,1987,74,60,0,0.0031782803
Warm A,189657,1175,1174,74,60,1,0.0057474305
Warm A,263762,1605,1604,74,60,0,0.009861265
Warm A,168732,1069,1068,74,60,0,-0.003624728
Warm A,167252,1064,1063,74,60,0,0.011927163
Warm A,154216,995,994,74,60,1,0.0046373457
Warm A,140397,899,898,74,60,1,0.012678189
Warm A,138943,889,888,74,60,0,0.013049333
Warm A,132147,854,853,74,60,0,0.012044015
Warm A,122282,788,787,74,60,1,0.0063495995
Warm A,118771,767,766,74,60,1,0.0056697065
Warm A,223845,1354,1353,74,60,0,0.0052469997
Warm A,101038,673,672,74,60,0,0.0102825165
Warm A,101561,676,675,74,60,0,-0.0045912424
Warm A,103555,687,686,74,60,0,0.0010114845
Warm A,98365,658,657,74,60,0,-0.0032891517
Warm A,87364,570,569,74,60,0,0.009533666
Warm A,76215,517,516,74,60,1,-0.006345994
Warm A,132752,855,854,74,60,0,0.0015785657
Warm A,239421,1448,1447,74,60,1,0.0026228626
Warm A,39650,268,267,74,60,1,0.00923736
Warm A,40792,273,272,74,60,1,0.0137750935
Warm A,30285,203,202,74,60,0,0.009001482
Warm A,6393,45,44,74,60,0,0.008907154
Warm A,5502,38,37,74,60,0,0.00168518
Warm A,3668,26,25,74,60,1,0.012077898
Warm A,20928,151,150,74,60,0,0.000312489
Warm A,79802,531,530,74,60,0,0.01209723
Warm A,844110,5074,5073,74,60,0,0.004925485
Warm A,95616,639,638,74,60,1,-0.00040699216
Warm A,361183,2106,2105,74,60,0,0.005053424
Warm A,182268,1137,1136,74,60,0,0.01616057
Warm A,145141,934,933,74,60,0,0.00971785
Warm A,907733,5492,5491,74,60,0,0.0030523378
Warm A,336460,1980,1979,74,60,0,0.011607281
Warm A,575636,3519,3518,74,60,0,0.012566803
Warm A,187850,1164,1163,74,60,0,0.0039931196
Warm A,111774,727,726,74,60,1,0.014322675
Warm A,47730,319,318,74,60,0,0.009261552
Warm A,625229,3778,3777,76,61,0,-0.011369025
Warm A,621404,3762,3761,76,61,0,-0.0076657627
Warm A,840124,5047,5046,76,61,0,0.0047008665
Warm A,604597,3675,3674,76,61,0,-0.001344988
Warm A,601743,3658,3657,76,61,1,0.0018854713
Warm A,725626,4344,4343,76,61,0,0.0034269693
Warm A,594440,3618,3617,76,61,0,0.00020555535
Warm A,590897,3603,3602,76,61,0,-0.0031534426
Warm A,598707,3643,3642,76,61,0,-0.00043715455
Warm A,588203,3589,3588,76,61,0,-0.00808339
Warm A,584278,3565,3564,76,61,0,0.0073433183
Warm A,758875,4510,4509,76,61,0,-0.009889143
Warm A,579829,3539,3538,76,61,0,0.0003706871
Warm A,556005,3416,3415,76,61,0,0.0016340138
Warm A,537573,3311,3310,76,61,0,-0.0005836795
Warm A,589972,3599,3598,76,61,0,-0.0007898505
Warm A,524118,3230,3229,76,61,0,-0.00210644
Warm A,517507,3193,3192,76,61,1,-0.006029479
Warm A,566550,3476,3475,76,61,0,0.0041286335
Warm A,513764,3169,3168,76,61,0,-0.0025590314
Warm A,507372,3121,3120,76,61,0,-0.0011356946
Warm A,504227,3099,3098,76,61,0,-0.004195734
Warm A,516703,3189,3188,76,61,0,-0.004343197
Warm A,633706,3824,3823,76,61,0,0.0008125508
Warm A,494604,3032,3031,76,61,0,-0.0023586026
Warm A,488959,3010,3009,76,61,1,0.00232066
Warm A,518024,3196,3195,76,61,1,-0.007204732
Warm A,474199,2909,2908,76,61,1,-0.0024667124
Warm A,462306,2852,2851,76,61,1,0.008355416
Warm A,463672,2857,2856,76,61,0,-0.0028202934
Warm A,454388,2795,2794,76,61,0,0.0018209675
Warm A,564806,3471,3470,76,61,0,-0.005891339
Warm A,427892,2599,2598,76,61,0,-0.0015482605
Warm A,426659,2590,2589,76,61,0,4.480651e-05
Warm A,392591,2304,2303,76,61,1,-0.0021516923
Warm A,384299,2244,2243,76,61,0,0.003966884
Warm A,422577,2559,2558,76,61,0,0.002406742
Warm A,377506,2203,2202,76,61,0,0.0074360133
Warm A,376872,2200,2199,76,61,0,0.009177827
Warm A,370815,2167,2166,76,61,0,0.008482454
Warm A,367796,2147,2146,76,61,0,0.0027339843
Warm A,365404,2126,2125,76,61,0,0.0027174838
Warm A,359143,2101,2100,76,61,0,-0.00035367155
Warm A,358669,2098,2097,76,61,0,-0.005900199
Warm A,356585,2088,2087,76,61,0,-0.002803908
Warm A,352450,2063,2062,76,61,0,0.0044707353
Warm A,349646,2051,2050,76,61,0,-0.009494122
Warm A,341989,2013,2012,76,61,0,-0.005469433
Warm A,341003,2010,2009,76,61,1,-0.0019071132
Warm A,311621,1856,1855,76,61,1,-0.00096820097
Warm A,305314,1814,1813,76,61,0,-0.0008648033
Warm A,305986,1820,1819,76,61,0,0.0009222126
Warm A,299279,1776,1775,76,61,0,-0.00406057
Warm A,293325,1746,1745,76,61,0,-0.00060655485
Warm A,296228,1757,1756,76,61,0,-0.0048418003
Warm A,287899,1717,1716,76,61,0,0.0019024134
Warm A,292610,1741,1740,76,61,0,-0.00080813887
Warm A,282816,1694,1693,76,61,0,-0.0043389346
Warm A,277230,1675,1674,76,61,0,-0.0029579229
Warm A,271581,1641,1640,76,61,0,-0.00411112
Warm A,280093,1680,1679,76,61,1,-0.0009627731
Warm A,270288,1635,1634,76,61,0,0.002915551
Warm A,299869,1778,1777,76,61,0,0.0043041343
Warm A,268395,1630,1629,76,61,0,-0.0026680178
Warm A,253639,1542,1541,76,61,0,0.00075677875
Warm A,250536,1509,1508,76,61,1,-0.010697237
Warm A,200453,1230,1229,76,61,0,-0.0012436969
Warm A,210374,1284,1283,76,61,0,-0.008317085
Warm A,195081,1202,1201,76,61,0,-0.0012822933
Warm A,328841,1941,1940,76,61,0,0.00392488
Warm A,178898,1122,1121,76,61,0,0.0070839473
Warm A,196806,1207,1206,76,61,0,0.003440436
Warm A,184176,1146,1145,76,61,0,-0.0023992052
Warm A,168733,1069,1068,76,61,1,0.011911996
Warm A,166181,1058,1057,76,61,0,-0.0011984282
Warm A,154488,996,995,76,61,1,-0.0023690702
Warm A,149792,963,962,76,61,0,0.000709726
Warm A,138945,889,888,76,61,0,-0.000654356
Warm A,137010,881,880,76,61,1,-0.00625535
Warm A,134675,869,868,76,61,0,0.0014679523
Warm A,131516,851,850,76,61,1,-0.0017058922
Warm A,127133,820,819,76,61,0,-0.002965093
Warm A,119784,772,771,76,61,0,-0.0039949426
Warm A,105734,698,697,76,61,1,-0.0048834174
Warm A,106379,699,698,76,61,1,0.011637608
Warm A,100376,669,668,76,61,0,-0.0041063926
Warm A,203355,1246,1245,76,61,0,-0.003748627
Warm A,108371,710,709,76,61,0,-0.0011847619
Warm A,713453,4277,4276,76,61,0,-0.012319789
Warm A,91005,602,601,76,61,0,2.293801e-05
Warm A,87516,571,570,76,61,0,-0.003116978
Warm A,86276,563,562,76,61,0,0.0029283725
Warm A,291759,1737,1736,76,61,1,0.010704016
Warm A,191576,1181,1180,76,61,0,-0.004979804
Warm A,84599,550,549,76,61,0,-0.0087406915
Warm A,74476,508,507,76,61,0,0.0016567853
Warm A,70542,475,474,76,61,0,0.0055259294
Warm A,66674,445,444,76,61,0,0.0014722237
Warm A,76044,516,515,76,61,0,0.0023277206
Warm A,605404,3679,3678,76,61,1,-0.002826898
Warm A,54061,352,351,76,61,0,0.002715537
Warm A,51233,337,336,76,61,1,0.004001178
Warm A,440226,2691,2690,76,61,1,0.002162838
Warm A,49682,329,328,76,61,0,-0.0026166267
Warm A,36741,245,244,76,61,0,0.001624511
Warm A,34187,230,229,76,61,0,-0.0062710578
Warm A,290614,1733,1732,76,61,0,0.002580735
Warm A,28444,195,194,76,61,1,0.014040578
Warm A,12150,92,91,76,61,0,0.0042640627
Warm A,7973,53,52,76,61,1,-0.0034596347
Warm A,1882,17,16,76,61,1,-0.0061982516
Warm A,2449,19,18,76,61,0,-0.0013505782
Warm A,3062,23,22,76,61,0,-0.00033842865
Warm A,482085,2962,2961,76,61,0,-0.011434386
Warm A,214549,1302,1301,76,61,1,-0.010896231
Warm A,172172,1088,1087,76,61,1,0.0024861004
Warm A,238363,1447,1446,76,61,0,-0.0051285676
Warm A,609403,3693,3692,76,61,0,-0.0022921718
Warm A,454096,2793,2792,79,62,1,0.011653846
Warm A,451267,2777,2776,79,62,0,0.0032699849
Warm A,444886,2743,2742,79,62,0,0.011826686
Warm A,444018,2737,2736,79,62,1,0.011409618
Warm A,431762,2629,2628,79,62,0,0.005972749
Warm A,399300,2376,2375,79,62,0,0.008848684
Warm A,398372,2368,2367,79,62,1,0.009148799
Warm A,385454,2251,2250,79,62,0,0.011969751
Warm A,368141,2150,2149,79,62,0,0.0068207267
Warm A,358670,2098,2097,79,62,0,0.008751258
Warm A,360299,2105,2104,79,62,0,0.014113966
Warm A,243065,1465,1464,79,62,1,0.0077847084
Warm A,321776,1908,1907,79,62,0,0.014691719
Warm A,210376,1284,1283,79,62,0,0.010478597
Warm A,185881,1150,1149,79,62,0,0.010706037
Warm A,211459,1285,1284,79,62,1,0.0054531577
Warm A,331999,1958,1957,79,62,0,0.0135187125
Warm A,184177,1146,1145,79,62,0,0.009252201
Warm A,168734,1069,1068,79,62,0,0.005985001
Warm A,175842,1112,1111,79,62,0,0.0066430774
Warm A,249379,1502,1501,79,62,0,0.011460705
Warm A,145536,935,934,79,62,1,0.0070972657
Warm A,140398,899,898,79,62,0,0.0062190057
Warm A,155060,999,998,79,62,0,0.010134457
Warm A,352451,2063,2062,79,62,0,0.008441022
Warm A,361184,2106,2105,79,62,0,0.005670846
Warm A,117723,757,756,79,62,0,0.0074786292
Warm A,120655,777,776,79,62,0,0.005907374
Warm A,106380,699,698,79,62,0,0.0033265045
Warm A,116672,752,751,79,62,0,0.014197975
Warm A,101562,676,675,79,62,0,0.010170386
Warm A,99132,660,659,79,62,0,0.009863038
Warm A,240626,1449,1448,79,62,0,0.01103961
Warm A,299870,1778,1777,79,62,0,0.008183435
Warm A,87365,570,569,79,62,0,0.009843465
Warm A,77979,524,523,79,62,0,0.017958915
Warm A,70302,474,473,79,62,0,0.0009267614
Warm A,408817,2454,2453,79,62,1,0.008570449
Warm A,47731,319,318,79,62,0,0.004848943
Warm A,239423,1448,1447,79,62,0,0.012935448
Warm A,39651,268,267,79,62,0,0.004470721
Warm A,30096,202,201,79,62,0,0.0063293576
Warm A,16761,131,130,79,62,0,0.0013333606
Warm A,9444,62,61,79,62,0,0.012803287
Warm A,104607,692,691,79,62,0,0.011326656
Warm A,801549,4802,4801,79,62,0,0.012578225
Warm A,696828,4169,4168,79,62,0,0.016922148
Warm A,79803,531,530,79,62,0,0.010336115
Warm A,254535,1546,1545,79,62,0,0.01242465
Warm A,150837,970,969,79,62,0,0.010717547
Warm A,50368,331,330,79,62,0,0.010610412
Warm A,271878,1643,1642,79,62,1,0.008051213
Warm A,790566,4728,4727,79,62,0,0.0069662407
Warm A,941556,5682,5681,79,62,0,0.012262292
Warm A,579846,3539,3538,81,63,1,-0.00096075505
Warm A,572575,3507,3506,81,63,1,-0.0023998977
Warm A,768221,4578,4577,81,63,1,-5.0729606e-05
Warm A,565067,3473,3472,81,63,0,0.0067931833
Warm A,557946,3425,3424,81,63,1,-0.005216164
Warm A,550720,3391,3390,81,63,1,-0.00030291034
Warm A,542523,3336,3335,81,63,1,-0.006250895
Warm A,536344,3308,3307,81,63,1,-0.0023458768
Warm A,541155,3328,3327,81,63,0,0.00596448
Warm A,533916,3294,3293,81,63,1,-0.0053504994
Warm A,609422,3693,3692,81,63,0,-0.009921341
Warm A,528429,3265,3264,81,63,0,0.00681637
Warm A,774497,4619,4618,81,63,0,0.0034856012
Warm A,523076,3224,3223,81,63,0,0.00018487801
Warm A,519135,3202,3201,81,63,0,0.00226529
Warm A,517513,3193,3192,81,63,0,-0.004801352
Warm A,505376,3108,3107,81,63,0,0.001436701
Warm A,503723,3095,3094,81,63,1,0.0044768616
Warm A,499811,3067,3066,81,63,0,0.010444494
Warm A,494627,3032,3031,81,63,0,-0.0034986124
Warm A,493632,3031,3030,81,63,1,0.0066090804
Warm A,498922,3065,3064,81,63,1,0.0040826285
Warm A,471750,2901,2900,81,63,1,-0.0029089039
Warm A,852757,5113,5112,81,63,0,-0.0017394528
Warm A,474226,2909,2908,81,63,1,0.002847962
Warm A,463695,2857,2856,81,63,0,0.00258713
Warm A,461017,2842,2841,81,63,1,-0.0020586196
Warm A,460055,2837,2836,81,63,0,0.0015936568
Warm A,595036,3620,3619,81,63,0,-0.0034487923
Warm A,453357,2792,2791,81,63,0,-0.009515916
Warm A,454114,2793,2792,81,63,1,0.0018020298
Warm A,441145,2700,2699,81,63,0,0.0063507133
Warm A,833012,5008,5007,81,63,0,-0.0018907927
Warm A,427144,2592,2591,81,63,0,0.003117703
Warm A,423906,2567,2566,81,63,1,0.0034068068
Warm A,416193,2506,2505,81,63,0,-0.0042057666
Warm A,399308,2376,2375,81,63,1,0.0006243293
Warm A,392618,2304,2303,81,63,1,-0.009659804
Warm A,390250,2288,2287,81,63,0,0.002330517
Warm A,359654,2102,2101,81,63,0,0.004073534
Warm A,349652,2051,2050,81,63,1,0.005813848
Warm A,375768,2188,2187,81,63,1,-0.00076389546
Warm A,371882,2172,2171,81,63,1,-0.0034890464
Warm A,345359,2025,2024,81,63,0,-0.006865467
Warm A,341022,2010,2009,81,63,0,-0.004262394
Warm A,296237,1757,1756,81,63,1,0.0043546474
Warm A,274583,1658,1657,81,63,0,0.0007187092
Warm A,280132,1680,1679,81,63,0,-0.00056109903
Warm A,266169,1613,1612,81,63,0,0.00039064023
Warm A,283343,1696,1695,81,63,1,-0.0004349612
Warm A,296661,1758,1757,81,63,1,0.007820832
Warm A,213145,1297,1296,81,63,1,0.0042710565
Warm A,208135,1272,1271,81,63,0,0.010940674
Warm A,206150,1264,1263,81,63,0,-0.0046854345
Warm A,196819,1207,1206,81,63,0,4.656776e-05
Warm A,185910,1150,1149,81,63,0,-0.0006614192
Warm A,307805,1835,1834,81,63,1,0.0069394237
Warm A,179308,1124,1123,81,63,1,-0.0004595837
Warm A,195097,1202,1201,81,63,0,0.0003722338
Warm A,168740,1069,1068,81,63,0,-0.0016599861
Warm A,181361,1133,1132,81,63,0,-0.012505876
Warm A,162521,1035,1034,81,63,0,-0.003914784
Warm A,151790,975,974,81,63,0,-0.0075563504
Warm A,144316,929,928,81,63,1,-0.0003029944
Warm A,139737,894,893,81,63,1,0.008780681
Warm A,138972,889,888,81,63,0,-0.00391286
Warm A,134695,869,868,81,63,0,-0.0030427007
Warm A,352476,2063,2062,81,63,0,0.0048714275
Warm A,115610,749,748,81,63,1,0.0044735027
Warm A,778974,4653,4652,81,63,0,0.0011570898
Warm A,108395,710,709,81,63,1,0.0012316718
Warm A,103740,689,688,81,63,0,-0.002168994
Warm A,267382,1624,1623,81,63,1,0.011879288
Warm A,99146,660,659,81,63,0,0.0085101705
Warm A,295120,1752,1751,81,63,0,-0.0046485877
Warm A,104626,692,691,81,63,1,-0.0006710759
Warm A,111124,721,720,81,63,0,0.005778162
Warm A,480357,2946,2945,81,63,0,-0.0005993302
Warm A,309003,1837,1836,81,63,1,0.006216608
Warm A,78008,524,523,81,63,1,0.0048599765
Warm A,59260,402,401,81,63,0,-0.0036933213
Warm A,54098,352,351,81,63,1,-6.422377e-05
Warm A,696844,4169,4168,81,63,1,-0.007091351
Warm A,38426,261,260,81,63,0,0.0017049909
Warm A,40581,272,271,81,63,0,0.0062565054
Warm A,30123,202,201,81,63,0,0.0028516273
Warm A,22729,163,162,81,63,0,0.00036783994
Warm A,16360,129,128,81,63,1,-0.007181744
Warm A,20235,149,148,81,63,1,0.010470837
Warm A,15821,123,122,81,63,1,0.0090307705
Warm A,16773,131,130,81,63,0,0.0019634196
Warm A,8001,53,52,81,63,1,-0.0019845206
Warm A,633730,3824,3823,81,63,1,0.0027567346
Warm A,2793,22,21,81,63,1,0.0070064445
Warm A,20951,151,150,81,63,1,-0.0062866416
Warm A,513250,3163,3162,81,63,0,0.0066736704
Warm A,318009,1889,1888,81,63,0,-0.004231911
Warm A,592782,3613,3612,81,63,0,-0.0033456315
Warm A,195827,1203,1202,81,63,0,-0.0018061625
Warm A,322806,1912,1911,81,63,0,0.0057881665
Warm A,408502,2453,2452,81,63,0,-0.00036861817
Warm A,59989,408,407,81,63,0,-0.00011473673
Warm A,325088,1925,1924,81,63,0,0.0049183657
Warm A,860209,5172,5171,81,63,1,0.0038271686
Warm A,941563,5682,5681,81,63,1,-0.0018546847
Warm A,215762,1306,1305,81,63,1,0.0043411166
Warm A,162758,1038,1037,82,64,1,-0.005129356
Warm A,160989,1023,1022,82,64,1,0.0021930248
Warm A,135089,873,872,82,64,1,0.0016038754
Warm A,124633,801,800,82,64,1,-0.0059577683
Warm A,107395,706,705,82,64,0,-0.0067556053
Warm A,101048,673,672,82,64,1,0.00033281138
Warm A,98022,655,654,82,64,0,0.0011469279
Warm A,696845,4169,4168,82,64,1,-0.001585361
Warm A,284617,1698,1697,82,64,1,-0.008608035
Warm A,78009,524,523,82,64,0,0.0007461676
Warm A,67912,454,453,82,64,1,-0.0041332277
Warm A,51721,339,338,82,64,0,0.0013690289
Warm A,883180,5333,5332,82,64,0,0.0059871217
Warm A,27644,193,192,82,64,1,-0.0016777809
Warm A,10109,72,71,82,64,1,-0.0012021678
Warm A,9461,62,61,82,64,1,-0.0061028353
Warm A,207222,1266,1265,82,64,1,-0.005100188
Warm A,42907,293,292,82,64,0,-0.012933424
Warm A,249996,1505,1504,82,64,1,0.00026941532
Warm A,556666,3420,3419,82,64,1,-0.002258732
Warm A,116689,752,751,82,64,1,-0.0041325525
Warm A,59661,405,404,82,64,1,-8.954783e-05
Warm A,893129,5394,5393,82,64,1,-0.0027619624
Warm A,93457,624,623,82,64,0,0.007842941
Warm A,575649,3519,3518,82,64,0,0.0051244395
Warm A,287914,1717,1716,82,64,1,-0.0024107874
Warm A,187857,1164,1163,82,64,1,5.242764e-05
Warm A,460907,2841,2840,82,64,1,0.0004924376
Warm A,860210,5172,5171,82,64,1,-0.0052720755
Warm A,626383,3791,3790,85,65,0,0.00405428
Warm A,625351,3779,3778,85,65,1,-0.0018219943
Warm A,622882,3769,3768,85,65,1,0.013756668
Warm A,620827,3760,3759,85,65,0,0.0034718742
Warm A,614025,3718,3717,85,65,1,0.00035878003
Warm A,609789,3695,3694,85,65,1,0.006605344
Warm A,602357,3664,3663,85,65,0,0.0028120354
Warm A,589657,3596,3595,85,65,1,0.003113993
Warm A,587129,3585,3584,85,65,0,0.0075744307
Warm A,579847,3539,3538,85,65,1,0.008726466
Warm A,568473,3487,3486,85,65,0,0.0011700755
Warm A,554290,3410,3409,85,65,0,0.010878818
Warm A,899553,5437,5436,85,65,1,0.0072643473
Warm A,545541,3364,3363,85,65,1,0.01039302
Warm A,904302,5468,5467,85,65,0,0.0053797117
Warm A,534860,3300,3299,85,65,1,0.0010747663
Warm A,831041,4995,4994,85,65,1,-0.0025109367
Warm A,520910,3214,3213,85,65,1,-0.0022072566
Warm A,523078,3224,3223,85,65,0,0.009020321
Warm A,523965,3229,3228,85,65,0,0.0022099456
Warm A,518545,3200,3199,85,65,1,-0.0010136943
Warm A,516033,3184,3183,85,65,0,0.0006834422
Warm A,513251,3163,3162,85,65,1,0.0060027437
Warm A,506957,3118,3117,85,65,0,0.003353215
Warm A,554964,3412,3411,85,65,0,0.0026617157
Warm A,501552,3080,3079,85,65,0,0.0035023962
Warm A,500346,3072,3071,85,65,0,0.006583236
Warm A,499812,3067,3066,85,65,1,0.0003289983
Warm A,496966,3053,3052,85,65,1,1.53156e-06
Warm A,496241,3049,3048,85,65,1,0.002869743
Warm A,574993,3518,3517,85,65,1,0.0077464203
Warm A,799348,4790,4789,85,65,0,0.0039861873
Warm A,490451,3017,3016,85,65,0,0.01074757
Warm A,488399,3004,3003,85,65,1,0.0015326408
Warm A,497480,3054,3053,85,65,0,-0.0007759442
Warm A,482954,2967,2966,85,65,1,0.011042874
Warm A,475237,2916,2915,85,65,0,0.0074606934
Warm A,474855,2913,2912,85,65,0,0.001874292
Warm A,457491,2818,2817,85,65,1,0.004601222
Warm A,447077,2753,2752,85,65,0,0.0071636396
Warm A,444142,2738,2737,85,65,1,0.0046320036
Warm A,696847,4169,4168,85,65,0,0.010413477
Warm A,416194,2506,2505,85,65,0,0.00072436605
Warm A,402575,2402,2401,85,65,1,0.00078994466
Warm A,399309,2376,2375,85,65,1,0.01204651
Warm A,395296,2334,2333,85,65,1,0.009362814
Warm A,392619,2304,2303,85,65,1,0.008968856
Warm A,655977,3952,3951,85,65,0,-0.011119816
Warm A,381433,2230,2229,85,65,1,0.0013031543
Warm A,383848,2242,2241,85,65,1,0.008045012
Warm A,379811,2221,2220,85,65,1,0.011507203
Warm A,377520,2203,2202,85,65,0,0.011691201
Warm A,353790,2072,2071,85,65,0,-0.0006175644
Warm A,336487,1980,1979,85,65,0,-0.0019999314
Warm A,316447,1883,1882,85,65,0,0.0027652313
Warm A,318737,1894,1893,85,65,1,0.0023539984
Warm A,327287,1939,1938,85,65,1,0.00081679784
Warm A,297966,1766,1765,85,65,0,0.00371932
Warm A,310226,1845,1844,85,65,0,0.006093166
Warm A,269368,1632,1631,85,65,0,0.00978488
Warm A,264284,1607,1606,85,65,1,0.0068585714
Warm A,230876,1396,1395,85,65,0,-0.0071375463
Warm A,228637,1383,1382,85,65,0,0.010433507
Warm A,276528,1671,1670,85,65,1,0.0043005086
Warm A,218337,1323,1322,85,65,0,0.0023481995
Warm A,215176,1303,1302,85,65,1,0.008363899
Warm A,280133,1680,1679,85,65,1,0.005126635
Warm A,230011,1391,1390,85,65,1,0.009900887
Warm A,185913,1150,1149,85,65,0,0.0085244
Warm A,211489,1285,1284,85,65,1,0.005483891
Warm A,180523,1128,1127,85,65,1,0.0030911188
Warm A,201845,1242,1241,85,65,1,0.008018879
Warm A,195828,1203,1202,85,65,0,0.011640357
Warm A,169867,1078,1077,85,65,1,0.002649893
Warm A,168743,1069,1068,85,65,1,-0.0046286695
Warm A,167346,1065,1064,85,65,0,0.0058483793
Warm A,334843,1974,1973,85,65,0,0.0003874863
Warm A,160990,1023,1022,85,65,1,-0.00070910633
Warm A,324635,1922,1921,85,65,1,0.0061378293
Warm A,148591,956,955,85,65,0,0.0034604843
Warm A,148902,957,956,85,65,0,0.014402132
Warm A,146453,943,942,85,65,0,0.010976631
Warm A,217428,1317,1316,85,65,1,0.0010274365
Warm A,138973,889,888,85,65,0,0.009352991
Warm A,135090,873,872,85,65,1,0.008674996
Warm A,116690,752,751,85,65,1,0.019370323
Warm A,187858,1164,1163,85,65,1,0.009023137
Warm A,111385,724,723,85,65,0,0.0019701524
Warm A,112766,731,730,85,65,1,0.0026514512
Warm A,107396,706,705,85,65,1,-0.00046588038
Warm A,98023,655,654,85,65,0,-0.0028845589
Warm A,235353,1425,1424,85,65,1,0.010729866
Warm A,284618,1698,1697,85,65,1,0.009949774
Warm A,432268,2634,2633,85,65,1,0.012004713
Warm A,191611,1181,1180,85,65,0,0.0067341775
Warm A,84892,551,550,85,65,1,0.0016229579
Warm A,80591,534,533,85,65,0,0.0062962174
Warm A,76221,517,516,85,65,1,0.0007238714
Warm A,197524,1211,1210,85,65,1,0.00847904
Warm A,76828,520,519,85,65,1,0.0034498135
Warm A,52761,347,346,85,65,0,0.0036086184
Warm A,784261,4682,4681,85,65,1,0.008197784
Warm A,318010,1889,1888,85,65,0,0.007880678
Warm A,41498,281,280,85,65,1,0.016576193
Warm A,35388,238,237,85,65,1,0.0025094033
Warm A,309004,1837,1836,85,65,0,0.0072711157
Warm A,26590,187,186,85,65,1,0.006303053
Warm A,22110,161,160,85,65,1,-0.0028127292
Warm A,9979,69,68,85,65,0,0.008016267
Warm A,9462,62,61,85,65,0,0.007971909
Warm A,803778,4813,4812,85,65,1,0.009248717
Warm A,357781,2092,2091,85,65,1,-0.0034144889
Warm A,20952,151,150,85,65,0,0.0025068673
Warm A,1315,11,10,85,65,0,0.0018686698
Warm A,158795,1015,1014,85,65,1,0.0007102585
Warm A,203729,1252,1251,85,65,1,0.00216173
Warm A,893130,5394,5393,85,65,1,0.010453936
Warm A,263779,1605,1604,85,65,0,0.0047927755
Warm A,249997,1505,1504,85,65,0,0.0069896723
Warm A,460908,2841,2840,85,65,0,0.005980975
Warm A,796189,4771,4770,85,65,0,0.0026769913
Warm A,245934,1484,1483,85,65,1,0.0051020137
Warm A,565861,3475,3474,85,65,1,-0.008190879
Warm A,28474,195,194,85,65,1,0.009209268
Warm A,167563,1067,1066,85,65,1,-0.007985264
Warm A,421326,2544,2543,85,65,1,-0.00021979585
Warm A,739481,4418,4417,85,65,1,0.0044724178
Warm A,174405,1101,1100,85,65,0,0.0068008564
Warm A,18858,146,145,85,65,0,0.0023689193
Warm A,287915,1717,1716,85,65,0,-0.0036469123
Warm A,790577,4728,4727,85,65,1,-0.0055338386
Warm A,841319,5054,5053,85,65,0,0.006221896
Warm A,172196,1088,1087,85,65,0,0.008007374
Warm A,974479,5878,5877,85,65,0,0.009048116
Warm A,152570,981,980,87,67,0,0.0008043386
Warm A,263781,1605,1604,87,67,0,-0.012301657
Warm A,83644,549,548,87,67,0,0.009704161
Warm A,84630,550,549,87,67,0,-0.011795308
Warm A,73206,494,493,87,67,0,0.005771606
Warm A,32361,216,215,87,67,0,-0.0154895885
Warm A,10572,75,74,87,67,1,-0.004537411
Warm A,235354,1425,1424,87,67,0,-0.008747686
Warm A,954271,5761,5760,87,67,0,-0.0014175841
Warm A,365575,2127,2126,87,67,0,-0.00030022347
Warm A,294016,1748,1747,87,67,1,-0.010735261
Warm A,79821,531,530,87,67,0,0.0021038277
Warm A,907737,5492,5491,87,67,0,0.0027772393
Warm A,717065,4294,4293,87,67,0,-0.0012466973
Warm A,575650,3519,3518,87,67,0,-0.006344634
Warm A,310929,1851,1850,87,67,0,0.0014388394
Warm A,606123,3681,3680,88,68,1,0.021660298
Warm A,600383,3650,3649,88,68,0,0.0135701625
Warm A,597335,3630,3629,88,68,0,0.008813832
Warm A,597000,3626,3625,88,68,1,0.01506583
Warm A,592269,3610,3609,88,68,1,0.0073726987
Warm A,588697,3590,3589,88,68,1,0.010024299
Warm A,582315,3557,3556,88,68,1,0.009573487
Warm A,572577,3507,3506,88,68,0,0.011453025
Warm A,659327,3971,3970,88,68,1,0.022292359
Warm A,658604,3967,3966,88,68,0,0.00697615
Warm A,550721,3391,3390,88,68,1,0.0069659655
Warm A,537593,3311,3310,88,68,1,0.013578664
Warm A,536346,3308,3307,88,68,0,0.011302131
Warm A,531340,3280,3279,88,68,0,0.01396393
Warm A,520220,3208,3207,88,68,0,0.017865086
Warm A,532467,3285,3284,88,68,0,0.015223053
Warm A,515143,3180,3179,88,68,0,0.014110435
Warm A,505889,3111,3110,88,68,1,-0.0018411642
Warm A,502323,3082,3081,88,68,0,-0.0040145162
Warm A,516715,3189,3188,88,68,0,0.010708651
Warm A,498354,3058,3057,88,68,0,0.007745863
Warm A,496967,3053,3052,88,68,0,0.008790708
Warm A,496698,3051,3050,88,68,1,0.00010153558
Warm A,493633,3031,3030,88,68,1,0.01865378
Warm A,492226,3026,3025,88,68,0,0.007550029
Warm A,480685,2950,2949,88,68,0,-0.002182133
Warm A,476087,2922,2921,88,68,1,0.012713717
Warm A,470565,2896,2895,88,68,1,0.010268678
Warm A,457492,2818,2817,88,68,0,0.0071075223
Warm A,487275,2996,2995,88,68,0,0.00061283493
Warm A,493086,3029,3028,88,68,0,0.010885627
Warm A,451978,2782,2781,88,68,0,7.7122124e-05
Warm A,451282,2777,2776,88,68,1,0.0010719991
Warm A,450435,2776,2775,88,68,0,0.0006161011
Warm A,430241,2621,2620,88,68,0,0.00750909
Warm A,404800,2419,2418,88,68,0,0.00035489927
Warm A,405592,2429,2428,88,68,0,0.0074970447
Warm A,396057,2340,2339,88,68,0,0.014749935
Warm A,385465,2251,2250,88,68,0,0.0134079885
Warm A,375769,2188,2187,88,68,0,0.0030350513
Warm A,378521,2208,2207,88,68,0,0.007239955
Warm A,382557,2235,2234,88,68,1,0.002789909
Warm A,368541,2153,2152,88,68,0,0.0046449723
Warm A,364030,2120,2119,88,68,1,0.015057647
Warm A,359655,2102,2101,88,68,0,0.017880984
Warm A,356101,2085,2084,88,68,1,0.008238241
Warm A,362009,2109,2108,88,68,0,0.011797562
Warm A,352478,2063,2062,88,68,0,0.024896737
Warm A,341025,2010,2009,88,68,0,0.010306014
Warm A,326249,1930,1929,88,68,1,0.01447597
Warm A,315694,1880,1879,88,68,0,0.0249536
Warm A,297810,1764,1763,88,68,1,0.00900796
Warm A,281460,1687,1686,88,68,1,0.006263815
Warm A,299293,1776,1775,88,68,1,0.011954578
Warm A,275307,1666,1665,88,68,0,0.0014382817
Warm A,266171,1613,1612,88,68,0,0.012656265
Warm A,436789,2665,2664,88,68,1,0.01504343
Warm A,309404,1841,1840,88,68,0,0.0069382875
Warm A,247992,1496,1495,88,68,0,0.017984007
Warm A,237107,1441,1440,88,68,1,0.006782138
Warm A,224390,1356,1355,88,68,0,0.010685892
Warm A,223861,1354,1353,88,68,0,0.019525416
Warm A,213146,1297,1296,88,68,0,0.010362286
Warm A,278106,1676,1675,88,68,0,0.015315284
Warm A,280136,1680,1679,88,68,0,0.013672406
Warm A,193331,1193,1192,88,68,0,0.012112573
Warm A,189182,1172,1171,88,68,0,0.010439808
Warm A,332019,1958,1957,88,68,0,0.01661011
Warm A,173016,1096,1095,88,68,0,0.008535348
Warm A,272446,1645,1644,88,68,1,0.013155652
Warm A,143768,927,926,88,68,0,0.009870063
Warm A,137032,881,880,88,68,0,0.007430754
Warm A,249084,1501,1500,88,68,0,0.014713854
Warm A,365576,2127,2126,88,68,0,0.002438419
Warm A,332926,1962,1961,88,68,0,0.0055619674
Warm A,160529,1019,1018,88,68,0,0.013845315
Warm A,121634,781,780,88,68,1,0.006944993
Warm A,178468,1120,1119,88,68,1,0.000718537
Warm A,119620,770,769,88,68,1,0.0058337804
Warm A,106400,699,698,88,68,0,0.01049985
Warm A,106985,702,701,88,68,0,0.0122264
Warm A,103052,683,682,88,68,0,0.0022815366
Warm A,101576,676,675,88,68,0,0.009591267
Warm A,109509,714,713,88,68,1,0.0121277645
Warm A,96530,647,646,88,68,1,0.009006014
Warm A,329660,1943,1942,88,68,0,0.00750381
Warm A,78011,524,523,88,68,0,0.009159397
Warm A,299887,1778,1777,88,68,0,0.01667388
Warm A,72430,482,481,88,68,0,0.004194782
Warm A,65644,438,437,88,68,0,0.016028479
Warm A,251292,1516,1515,88,68,0,0.00972031
Warm A,58998,401,400,88,68,0,0.013858644
Warm A,58240,392,391,88,68,0,0.009306705
Warm A,59546,403,402,88,68,1,0.012477017
Warm A,240659,1449,1448,88,68,0,0.012099663
Warm A,291771,1737,1736,88,68,0,0.00839804
Warm A,54663,355,354,88,68,0,0.012618781
Warm A,300059,1779,1778,88,68,0,0.010614628
Warm A,23279,166,165,88,68,1,0.006947201
Warm A,15822,123,122,88,68,0,0.005372841
Warm A,49711,329,328,88,68,0,0.010393066
Warm A,79822,531,530,88,68,1,0.0024685757
Warm A,66240,442,441,88,68,1,0.010569099
Warm A,1317,11,10,88,68,1,0.0040282593
Warm A,78743,528,527,88,68,0,0.01485024
Warm A,355259,2077,2076,88,68,0,0.004065269
Warm A,238394,1447,1446,88,68,0,0.01180602
Warm A,954272,5761,5760,88,68,0,0.0070396643
Warm A,88412,583,582,88,68,0,0.0026463177
Warm A,363511,2116,2115,88,68,0,0.015128093
Warm A,828887,4979,4978,88,68,0,0.013149876
Warm A,497481,3054,3053,88,68,0,0.000806084
Warm A,342914,2015,2014,88,68,1,0.010948185
Warm A,618465,3746,3745,88,68,0,0.008668723
Warm A,116692,752,751,88,68,0,0.013544053
Warm A,35147,237,236,88,68,0,0.009097695
Warm A,907738,5492,5491,88,68,0,0.008030802
Warm A,134696,869,868,88,68,1,-0.0019120844
Warm A,475687,2918,2917,88,68,0,0.009451031
Warm A,476518,2926,2925,88,68,0,0.005328758
Warm A,893131,5394,5393,88,68,0,0.01736235
Warm A,53121,349,348,88,68,0,0.010497108
Warm A,273373,1647,1646,88,68,0,0.015684202
Warm A,599558,3648,3647,88,68,1,0.010334404
Warm A,433335,2641,2640,88,68,0,0.015151813
Warm A,311407,1854,1853,88,68,0,0.0082909735
Warm A,461700,2847,2846,88,68,0,0.005656154
Warm A,941564,5682,5681,88,68,0,0.013537012
Warm A,310930,1851,1850,88,68,0,0.0042293975
Warm A,713474,4277,4276,88,68,0,0.015882209
Warm A,116955,753,752,88,68,1,0.0076493733
Warm A,515791,3182,3181,88,68,1,0.015182842
Warm A,196833,1207,1206,92,70,0,-0.004709928
Warm A,322833,1912,1911,92,70,0,-5.5291923e-05
Warm A,332031,1958,1957,92,70,0,-0.0017312628
Warm A,184193,1146,1145,92,70,0,0.00036357553
Warm A,168755,1069,1068,92,70,0,0.0026280293
Warm A,133310,860,859,92,70,0,-4.799594e-05
Warm A,132164,854,853,92,70,0,-0.0034607982
Warm A,116721,752,751,92,70,0,0.0004361677
Warm A,115059,746,745,92,70,0,-0.0012994264
Warm A,240687,1449,1448,92,70,0,-0.0035505593
Warm A,111139,721,720,92,70,0,0.0047823247
Warm A,78034,524,523,92,70,1,-0.008379584
Warm A,72452,482,481,92,70,0,0.0021352456
Warm A,75196,509,508,92,70,0,-0.0032217684
Warm A,696863,4169,4168,92,70,0,0.0007194227
Warm A,5510,38,37,92,70,0,0.00056902913
Warm A,79836,531,530,92,70,0,-0.0028086547
Warm A,50407,331,330,92,70,0,0.00251765
Warm A,627186,3792,3791,92,70,0,-0.0077563575
Warm A,150864,970,969,92,70,0,0.0025663103
Warm A,28505,195,194,92,70,1,-0.002090332
Warm A,238423,1447,1446,92,70,0,0.0067701517
Warm A,102761,678,677,92,70,0,-0.00041218358
Warm A,902914,5458,5457,92,70,0,-0.007054791
Warm A,217449,1317,1316,92,70,0,-0.004684667
Warm A,179901,1125,1124,92,70,0,0.00014435616
Warm A,325098,1925,1924,92,70,0,0.007884262
Warm A,974485,5878,5877,92,70,0,0.0011152995
Warm A,137047,881,880,93,71,0,0.0045475382
Warm A,134715,869,868,93,71,0,0.0050750943
Warm A,328909,1941,1940,93,71,0,0.0014233029
Warm A,107249,705,704,93,71,0,0.0031136072
Warm A,108418,710,709,93,71,0,0.008207314
Warm A,99165,660,659,93,71,0,0.002568014
Warm A,92882,621,620,93,71,0,0.005807377
Warm A,119639,770,769,93,71,0,-0.0011034161
Warm A,74208,505,504,93,71,0,0.003025374
Warm A,82022,543,542,93,71,1,0.0032966225
Warm A,70987,476,475,93,71,1,0.0052569574
Warm A,65656,438,437,93,71,0,0.0101623405
Warm A,240688,1449,1448,93,71,0,-0.002568895
Warm A,51242,337,336,93,71,0,0.008471783
Warm A,42005,284,283,93,71,0,0.004445
Warm A,36798,245,244,93,71,0,0.011402111
Warm A,337310,1983,1982,93,71,0,0.00067568896
Warm A,30144,202,201,93,71,0,-0.0023857728
Warm A,28506,195,194,93,71,1,0.010248091
Warm A,7374,52,51,93,71,0,-0.002578231
Warm A,696864,4169,4168,93,71,0,0.004989493
Warm A,828896,4979,4978,93,71,0,0.007823721
Warm A,750538,4478,4477,93,71,0,0.008998125
Warm A,332032,1958,1957,93,71,0,0.010860074
Warm A,230695,1395,1394,93,71,0,0.010836164
Warm A,713487,4277,4276,93,71,0,0.011458371
Warm A,310941,1851,1850,93,71,0,-0.0016088431
Warm A,564843,3471,3470,93,71,0,0.0016499762
Warm A,718742,4305,4304,93,71,0,0.0014984444
Warm A,563270,3464,3463,94,72,1,0.004412056
Warm A,557081,3422,3421,94,72,0,0.0059829047
Warm A,557958,3425,3424,94,72,1,0.004121172
Warm A,556028,3416,3415,94,72,0,0.007809096
Warm A,574057,3513,3512,94,72,1,0.012754962
Warm A,575665,3519,3518,94,72,1,0.003939998
Warm A,550747,3391,3390,94,72,1,-0.0029742848
Warm A,531358,3280,3279,94,72,1,0.007230576
Warm A,519649,3205,3204,94,72,0,-0.00014051795
Warm A,504082,3098,3097,94,72,0,0.0016036206
Warm A,575004,3518,3517,94,72,0,-0.006352567
Warm A,797698,4784,4783,94,72,1,-0.005879616
Warm A,498541,3062,3061,94,72,0,-0.0017791399
Warm A,496976,3053,3052,94,72,0,0.010360291
Warm A,659334,3971,3970,94,72,1,0.005585538
Warm A,493645,3031,3030,94,72,1,0.008781037
Warm A,485409,2986,2985,94,72,1,-0.00045900512
Warm A,498929,3065,3064,94,72,1,0.0053370493
Warm A,468060,2885,2884,94,72,1,-0.0024977173
Warm A,867272,5233,5232,94,72,1,-0.0077928198
Warm A,431500,2628,2627,94,72,1,0.0034945947
Warm A,425501,2581,2580,94,72,1,-0.00047457963
Warm A,404810,2419,2418,94,72,1,0.003950846
Warm A,399327,2376,2375,94,72,0,0.0049701147
Warm A,413345,2485,2484,94,72,1,0.010563548
Warm A,381437,2230,2229,94,72,0,0.011754483
Warm A,383089,2237,2236,94,72,1,0.007505177
Warm A,372549,2175,2174,94,72,1,0.00074182055
Warm A,363527,2116,2115,94,72,0,0.001586475
Warm A,352508,2063,2062,94,72,1,0.006525711
Warm A,301450,1790,1789,94,72,0,0.00492015
Warm A,275315,1666,1665,94,72,1,0.0011347635
Warm A,268199,1628,1627,94,72,1,0.014261574
Warm A,259749,1587,1586,94,72,1,0.001608549
Warm A,253654,1542,1541,94,72,0,0.00417534
Warm A,246029,1486,1485,94,72,1,0.001016337
Warm A,247007,1491,1490,94,72,0,-0.00091355667
Warm A,354421,2073,2072,94,72,1,-0.0026101314
Warm A,241573,1451,1450,94,72,1,-0.0035054847
Warm A,296675,1758,1757,94,72,0,0.0042702025
Warm A,209632,1279,1278,94,72,1,0.009610208
Warm A,211518,1285,1284,94,72,1,-0.006700068
Warm A,280178,1680,1679,94,72,1,0.0025922586
Warm A,185944,1150,1149,94,72,0,0.0021435022
Warm A,307826,1835,1834,94,72,1,0.010470573
Warm A,201860,1242,1241,94,72,0,-0.012606766
Warm A,170680,1086,1085,94,72,1,-0.004458122
Warm A,168756,1069,1068,94,72,0,0.0024981909
Warm A,164128,1050,1049,94,72,0,0.0030949581
Warm A,139014,889,888,94,72,0,-0.0075044497
Warm A,380558,2223,2222,94,72,0,0.0021276013
Warm A,134779,870,869,94,72,1,-0.0004131198
Warm A,263795,1605,1604,94,72,1,0.0051293364
Warm A,134716,869,868,94,72,1,0.0014788124
Warm A,116722,752,751,94,72,1,0.006194274
Warm A,101058,673,672,94,72,0,0.0016767249
Warm A,101582,676,675,94,72,1,0.007438852
Warm A,98372,658,657,94,72,0,-9.986141e-05
Warm A,177326,1117,1116,94,72,1,0.0027071731
Warm A,98034,655,654,94,72,0,0.0002640246
Warm A,295133,1752,1751,94,72,0,0.0040053558
Warm A,332935,1962,1961,94,72,0,0.012528822
Warm A,631922,3821,3820,94,72,0,0.013383576
Warm A,696865,4169,4168,94,72,1,0.012077369
Warm A,87377,570,569,94,72,1,-0.0021238024
Warm A,361213,2106,2105,94,72,1,0.0098420335
Warm A,191644,1181,1180,94,72,0,0.0074614296
Warm A,83676,549,548,94,72,1,0.001518494
Warm A,82023,543,542,94,72,1,0.00048786425
Warm A,84650,550,549,94,72,1,0.011463673
Warm A,76228,517,516,94,72,1,0.00036638696
Warm A,72453,482,481,94,72,1,0.00031850743
Warm A,70314,474,473,94,72,1,0.005629722
Warm A,78752,528,527,94,72,0,0.007406669
Warm A,60284,409,408,94,72,1,-0.0007554558
Warm A,59000,401,400,94,72,0,0.016664345
Warm A,54126,352,351,94,72,1,0.010714968
Warm A,52393,345,344,94,72,0,-0.0055900645
Warm A,132783,855,854,94,72,1,0.005454567
Warm A,47773,319,318,94,72,1,0.00072629564
Warm A,45080,303,302,94,72,1,0.0042025596
Warm A,239465,1448,1447,94,72,0,0.0019740765
Warm A,61473,412,411,94,72,0,0.00049085077
Warm A,99166,660,659,94,72,1,-0.0071101957
Warm A,417629,2520,2519,94,72,1,0.0041204365
Warm A,29371,199,198,94,72,1,0.004680274
Warm A,306295,1824,1823,94,72,0,0.004610814
Warm A,17960,138,137,94,72,1,-0.008839897
Warm A,15844,123,122,94,72,1,0.008904607
Warm A,8020,53,52,94,72,1,-0.0003666468
Warm A,633756,3824,3823,94,72,1,0.015175384
Warm A,3727,26,25,94,72,0,0.004739285
Warm A,50408,331,330,94,72,1,-0.004413845
Warm A,79837,531,530,94,72,0,0.0044203075
Warm A,158822,1015,1014,94,72,1,-0.0004183459
Warm A,129798,839,838,94,72,1,-0.0034861974
Warm A,238424,1447,1446,94,72,1,-0.0019707722
Warm A,974056,5875,5874,94,72,1,0.0024142328
Warm A,572603,3507,3506,94,72,0,0.008804934
Warm A,242044,1457,1456,94,72,1,0.009511774
Warm A,943492,5689,5688,94,72,0,0.002484037
Warm A,223879,1354,1353,94,72,0,0.001901384
Warm A,249093,1501,1500,94,72,0,-0.003161009
Warm A,164976,1051,1050,94,72,1,0.0010490913
Warm A,556675,3420,3419,94,72,1,0.0065323045
Warm A,145158,934,933,94,72,0,0.0035882592
Warm A,309862,1842,1841,94,72,1,-0.004617517
Warm A,206522,1265,1264,94,72,1,-0.004246597
Warm A,805833,4823,4822,94,72,0,9.344611e-05
Warm A,893138,5394,5393,94,72,1,0.00593196
Warm A,172225,1088,1087,94,72,0,-0.0026312247
Warm A,285594,1701,1700,94,72,1,0.006400395
Warm A,286978,1712,1711,94,72,0,-0.0037329257
Warm A,187869,1164,1163,94,72,1,-0.0060043684
Warm A,790585,4728,4727,94,72,0,0.0020899237
Warm A,748282,4467,4466,94,72,0,-0.00080650765
Warm A,229792,1390,1389,94,72,1,-0.0035872748
Warm A,881119,5322,5321,94,72,1,-0.0032081567
Warm A,480516,2947,2946,94,72,1,-0.0019666245
Warm A,295818,1755,1754,94,72,1,0.0052702553
Warm A,63550,424,423,94,72,1,0.0010494699
Warm A,564844,3471,3470,94,72,0,-0.0032927287
Warm A,688117,4116,4115,100,74,1,0.001087394
Warm A,512966,3163,3162,100,74,1,0.011811095
Warm A,508708,3129,3128,100,74,0,-0.0025049008
Warm A,499541,3067,3066,100,74,0,-0.0015441031
Warm A,494293,3032,3031,100,74,1,0.0047476776
Warm A,590557,3602,3601,100,74,0,0.007542882
Warm A,485142,2986,2985,100,74,0,0.0120641645
Warm A,477218,2929,2928,100,74,0,0.017093085
Warm A,465721,2872,2871,100,74,0,0.017501177
Warm A,463411,2857,2856,100,74,0,0.016784694
Warm A,458954,2825,2824,100,74,0,0.0048312885
Warm A,453856,2793,2792,100,74,1,0.009885296
Warm A,431678,2629,2628,100,74,1,0.008747488
Warm A,431425,2628,2627,100,74,1,0.0021696892
Warm A,416723,2507,2506,100,74,1,0.012498988
Warm A,414051,2491,2490,100,74,1,0.0030401535
Warm A,408298,2453,2452,100,74,0,0.014050515
Warm A,399150,2376,2375,100,74,0,0.009855928
Warm A,373202,2179,2178,100,74,0,0.0057177413
Warm A,358556,2098,2097,100,74,1,0.017906472
Warm A,359460,2102,2101,100,74,0,0.0019991759
Warm A,275838,1668,1667,100,74,0,-0.0017672885
Warm A,296126,1757,1756,100,74,0,0.014085748
Warm A,265881,1613,1612,100,74,0,0.0059638415
Warm A,283236,1696,1695,100,74,0,0.0051267045
Warm A,205906,1264,1263,100,74,0,0.0012259418
Warm A,210209,1284,1283,100,74,0,0.007930694
Warm A,321694,1908,1907,100,74,1,0.0055467887
Warm A,172374,1090,1089,100,74,0,0.00036013266
Warm A,168544,1069,1068,100,74,1,0.004918449
Warm A,167933,1068,1067,100,74,0,0.015328519
Warm A,163914,1050,1049,100,74,0,0.01325087
Warm A,145397,935,934,100,74,0,0.00061278185
Warm A,157014,1010,1009,100,74,0,0.0084446585
Warm A,136702,881,880,100,74,0,0.015465143
Warm A,131983,854,853,100,74,0,0.016901832
Warm A,779107,4653,4652,100,74,0,0.010832297
Warm A,116359,752,751,100,74,0,0.015764974
Warm A,98921,660,659,100,74,0,0.0010307608
Warm A,108101,710,709,100,74,1,0.010720866
Warm A,113593,736,735,100,74,0,0.010539896
Warm A,207550,1268,1267,100,74,1,0.0009207766
Warm A,83280,549,548,100,74,1,0.007449746
Warm A,47365,319,318,100,74,0,0.017747004
Warm A,239083,1448,1447,100,74,0,0.007446104
Warm A,697532,4169,4168,100,74,0,0.016277028
Warm A,55550,368,367,100,74,1,0.0122923255
Warm A,27088,192,191,100,74,0,7.9630874e-05
Warm A,19308,148,147,100,74,0,-0.0027771834
Warm A,16628,131,130,100,74,0,0.0126905795
Warm A,9220,62,61,100,74,0,0.006923768
Warm A,7619,53,52,100,74,1,0.0067903046
Warm A,104413,692,691,100,74,1,0.012208743
Warm A,79520,531,530,100,74,0,0.0060817935
Warm A,481910,2962,2961,100,74,0,0.0006284965
Warm A,254427,1546,1545,100,74,1,0.0017549112
Warm A,158378,1015,1014,100,74,0,0.010155844
Warm A,50046,331,330,100,74,0,0.004051671
Warm A,150659,970,969,100,74,0,0.009398674
Warm A,240244,1449,1448,100,74,0,0.010080381
Warm A,874129,5277,5276,100,74,0,0.004047505
Warm A,317795,1889,1888,100,74,0,0.00094705215
Warm A,19902,149,148,100,74,1,0.005107128
Warm A,309671,1842,1841,100,74,0,0.0001054263
Warm A,894088,5397,5396,100,74,0,0.010191717
Warm A,473819,2909,2908,100,74,1,0.016090404
Warm A,941748,5682,5681,100,74,0,0.0038638804
Warm A,790808,4728,4727,100,74,0,0.017729614
Warm A,34689,235,234,117,82,1,-0.0025567373
Warm A,33431,225,224,117,82,0,0.0050856476
Warm A,19930,149,148,117,82,1,-0.00976898
Warm A,16641,131,130,117,82,1,0.0011037742
Warm A,206994,1266,1265,117,82,0,-0.0048577976
Warm A,239113,1448,1447,117,82,1,-0.0051842215
Warm A,901614,5450,5449,117,82,0,0.0014775035
Warm A,458088,2820,2819,117,82,0,-0.00442762
Warm A,416750,2507,2506,117,82,1,-0.002055009
Warm A,226168,1369,1368,117,82,1,-0.0014970154
Warm A,309688,1842,1841,117,82,1,-0.011398768
Warm A,245838,1484,1483,117,82,1,-0.003323231
Warm A,290362,1733,1732,117,82,0,0.004427624
Warm A,512985,3163,3162,117,82,1,0.0030168102
Warm A,371748,2172,2171,117,82,1,0.00026500307
Warm A,233691,1421,1420,117,82,1,-0.014727026
Warm A,893409,5394,5393,117,82,0,-0.0019412644
Warm A,778301,4647,4646,117,82,0,-0.00024396088
Warm A,193774,1194,1193,117,82,0,-0.0023739643
Warm A,386128,2258,2257,118,83,1,-0.003382815
Warm A,967441,5831,5830,118,83,1,0.006725369
Warm A,682589,4085,4084,118,83,1,0.016130574
Warm A,352078,2063,2062,118,83,1,0.01807873
Warm A,259561,1587,1586,118,83,0,0.016052537
Warm A,116395,752,751,118,83,0,0.013366463
Warm A,331762,1958,1957,118,83,0,0.016276581
Warm A,178242,1120,1119,118,83,0,0.0120002385
Warm A,635056,3829,3828,122,84,1,-0.0018444061
Warm A,726065,4344,4343,122,84,1,0.010314367
Warm A,624959,3778,3777,122,84,0,0.008202643
Warm A,720566,4312,4311,122,84,0,0.008578744
Warm A,618074,3745,3744,122,84,0,0.0013562306
Warm A,614857,3724,3723,122,84,0,-0.00570844
Warm A,611911,3709,3708,122,84,0,0.004463868
Warm A,608347,3690,3689,122,84,0,0.008086653
Warm A,605910,3681,3680,122,84,1,0.01252425
Warm A,609704,3695,3694,122,84,0,0.011928094
Warm A,636402,3834,3833,122,84,1,0.002743752
Warm A,596732,3626,3625,122,84,0,0.00824169
Warm A,592074,3610,3609,122,84,0,0.009023371
Warm A,591558,3609,3608,122,84,0,-0.0001553623
Warm A,588853,3591,3590,122,84,0,0.016290186
Warm A,583563,3562,3561,122,84,1,0.012106782
Warm A,582200,3557,3556,122,84,0,0.003956206
Warm A,580234,3543,3542,122,84,0,-0.0051805424
Warm A,617123,3735,3734,122,84,0,0.0012262168
Warm A,579533,3539,3538,122,84,0,0.015095973
Warm A,572304,3507,3506,122,84,0,0.021280326
Warm A,659209,3971,3970,122,84,0,0.007111068
Warm A,562693,3462,3461,122,84,0,0.01344932
Warm A,559974,3441,3440,122,84,0,0.009983565
Warm A,556960,3422,3421,122,84,0,0.009630369
Warm A,571467,3504,3503,122,84,0,0.0076456806
Warm A,658454,3967,3966,122,84,0,0.002135735
Warm A,548403,3384,3383,122,84,1,0.0029276174
Warm A,542976,3341,3340,122,84,0,0.0021652398
Warm A,547615,3378,3377,122,84,0,0.0026560933
Warm A,541425,3331,3330,122,84,0,0.00494939
Warm A,542333,3336,3335,122,84,0,0.010037934
Warm A,537318,3311,3310,122,84,0,0.0069253314
Warm A,536134,3308,3307,122,84,0,0.010376707
Warm A,531156,3280,3279,122,84,0,-0.0056068804
Warm A,522749,3224,3223,122,84,0,0.010235423
Warm A,517036,3191,3190,122,84,0,0.010472869
Warm A,508729,3129,3128,122,84,0,0.013232633
Warm A,516561,3189,3188,122,84,1,0.011802269
Warm A,499574,3067,3066,122,84,0,0.0016295258
Warm A,494335,3032,3031,122,84,1,0.011858849
Warm A,493480,3031,3030,122,84,0,0.013726447
Warm A,492127,3026,3025,122,84,0,0.00077197497
Warm A,489705,3013,3012,122,84,1,0.005890399
Warm A,488364,3004,3003,122,84,1,-0.0073346365
Warm A,870564,5256,5255,122,84,0,0.006568228
Warm A,473879,2909,2908,122,84,0,0.005738682
Warm A,470463,2896,2895,122,84,1,0.01657904
Warm A,468989,2888,2887,122,84,0,0.014077753
Warm A,460357,2840,2839,122,84,0,-8.61882e-05
Warm A,594913,3620,3619,122,84,0,0.016765077
Warm A,444757,2743,2742,122,84,1,0.011469688
Warm A,443898,2737,2736,122,84,0,0.008787025
Warm A,564567,3471,3470,122,84,0,0.008238282
Warm A,419856,2537,2536,122,84,0,0.015183295
Warm A,412911,2484,2483,122,84,0,0.015441905
Warm A,404634,2419,2418,122,84,0,0.0121866055
Warm A,394521,2326,2325,122,84,1,-0.0052124164
Warm A,393135,2309,2308,122,84,1,5.1216688e-05
Warm A,393989,2321,2320,122,84,1,0.0067595565
Warm A,390091,2288,2287,122,84,0,-0.0023849092
Warm A,377905,2205,2204,122,84,0,0.006725536
Warm A,361783,2109,2108,122,84,0,0.012549268
Warm A,352090,2063,2062,122,84,0,0.0062405244
Warm A,371750,2172,2171,122,84,0,0.010739153
Warm A,348129,2041,2040,122,84,0,0.019217521
Warm A,344190,2020,2019,122,84,0,0.01970152
Warm A,330561,1951,1950,122,84,0,0.008677772
Warm A,315412,1880,1879,122,84,0,0.002353474
Warm A,299713,1778,1777,122,84,1,0.005426395
Warm A,265919,1613,1612,122,84,0,0.008218607
Warm A,259567,1587,1586,122,84,0,0.008369211
Warm A,224257,1356,1355,122,84,0,0.014890427
Warm A,277837,1676,1675,122,84,0,0.0056909462
Warm A,273107,1647,1646,122,84,0,0.009407442
Warm A,205935,1264,1263,122,84,0,0.007839291
Warm A,279594,1680,1679,122,84,1,0.0066129826
Warm A,244093,1470,1469,122,84,1,0.023135694
Warm A,214978,1303,1302,122,84,0,0.004511404
Warm A,198861,1221,1220,122,84,0,0.009573583
Warm A,196633,1207,1206,122,84,0,0.008458653
Warm A,193235,1193,1192,122,84,0,0.0023794952
Warm A,192420,1184,1183,122,84,0,-0.0003444188
Warm A,307575,1835,1834,122,84,1,0.011468958
Warm A,173749,1100,1099,122,84,0,0.0023419547
Warm A,176095,1113,1112,122,84,0,0.013299372
Warm A,189430,1173,1172,122,84,0,0.012718499
Warm A,167958,1068,1067,122,84,0,0.013314456
Warm A,153804,988,987,122,84,0,-0.00078079826
Warm A,221480,1340,1339,122,84,0,0.016375046
Warm A,157048,1010,1009,122,84,0,0.01180716
Warm A,138548,889,888,122,84,0,0.015316931
Warm A,263496,1605,1604,122,84,0,0.013161715
Warm A,328409,1941,1940,122,84,0,0.007158767
Warm A,117850,759,758,122,84,0,-0.0052998364
Warm A,112589,731,730,122,84,1,0.0138156
Warm A,216469,1314,1313,122,84,0,-0.0019818905
Warm A,106196,699,698,122,84,0,0.0011161687
Warm A,106850,702,701,122,84,0,-0.0014873937
Warm A,98339,658,657,122,84,0,-0.00085645914
Warm A,87303,570,569,122,84,0,0.0054871324
Warm A,291543,1737,1736,122,84,0,0.0022863857
Warm A,82285,546,545,122,84,0,0.019263182
Warm A,81795,543,542,122,84,1,0.009575147
Warm A,70862,476,475,122,84,1,0.0045734523
Warm A,58953,401,400,122,84,0,0.0026556489
Warm A,53662,352,351,122,84,0,0.009918019
Warm A,132567,855,854,122,84,0,0.0026656298
Warm A,288630,1724,1723,122,84,0,0.012777549
Warm A,110933,721,720,122,84,0,0.00036633888
Warm A,179713,1125,1124,122,84,0,0.0066948207
Warm A,44977,303,302,122,84,1,0.007509565
Warm A,43899,301,300,122,84,0,0.01588086
Warm A,538048,3312,3311,122,84,0,0.005979066
Warm A,36420,245,244,122,84,0,0.012073616
Warm A,35449,239,238,122,84,0,-0.0018557016
Warm A,22463,163,162,122,84,0,0.008516608
Warm A,9246,62,61,122,84,0,0.008762931
Warm A,3735,26,25,122,84,0,0.009697119
Warm A,78563,528,527,122,84,0,0.013174289
Warm A,893415,5394,5393,122,84,0,0.013086273
Warm A,874136,5277,5276,122,84,1,0.0058925464
Warm A,860352,5172,5171,122,84,0,5.799299e-05
Warm A,829188,4979,4978,122,84,0,0.006803654
Warm A,240294,1449,1448,122,84,0,0.003284728
Warm A,682596,4085,4084,122,84,1,0.016115498
Warm A,317822,1889,1888,122,84,0,0.008974612
Warm A,924172,5580,5579,122,84,1,0.0009774414
Warm A,134440,869,868,122,84,0,0.007736993
Warm A,476420,2926,2925,122,84,0,0.01932979
Warm A,257797,1579,1578,122,84,0,0.01711877
Warm A,748335,4467,4466,122,84,1,0.009907929
Warm A,193781,1194,1193,122,84,0,0.0011030274
Warm A,550352,3391,3390,122,84,0,0.013617359
Warm A,482805,2967,2966,123,85,1,0.0038162116
Warm A,480859,2952,2951,123,85,1,0.0020894692
Warm A,458960,2825,2824,123,85,1,0.0065241135
Warm A,571158,3503,3502,123,85,1,-0.000567534
Warm A,448496,2764,2763,123,85,1,0.007042111
Warm A,425377,2581,2580,123,85,1,0.008759427
Warm A,422319,2557,2556,123,85,0,0.007855149
Warm A,357932,2094,2093,123,85,1,0.0007821608
Warm A,329818,1945,1944,123,85,1,0.010178568
Warm A,292438,1741,1740,123,85,1,0.010450136
Warm A,267626,1626,1625,123,85,0,0.008888953
Warm A,264193,1607,1606,123,85,0,0.013661778
Warm A,231419,1402,1401,123,85,0,0.011188533
Warm A,214980,1303,1302,123,85,0,0.009194208
Warm A,209518,1279,1278,123,85,1,0.013420669
Warm A,203891,1254,1253,123,85,1,0.009189992
Warm A,308777,1837,1836,123,85,1,0.0074228668
Warm A,173751,1100,1099,123,85,1,0.0036869557
Warm A,320210,1899,1898,123,85,1,0.015239587
Warm A,186174,1151,1150,123,85,1,-0.00043628528
Warm A,147777,952,951,123,85,1,0.0047241114
Warm A,138549,889,888,123,85,0,0.014449256
Warm A,200100,1228,1227,123,85,0,0.0018960333
Warm A,328413,1941,1940,123,85,0,0.0049185725
Warm A,240297,1449,1448,123,85,1,0.010252282
Warm A,107359,706,705,123,85,1,0.004819041
Warm A,284344,1698,1697,123,85,1,0.009998001
Warm A,198226,1218,1217,123,85,1,-0.0020877956
Warm A,80562,534,533,123,85,0,0.004420116
Warm A,70220,474,473,123,85,1,0.0077867676
Warm A,56969,385,384,123,85,1,0.0037681004
Warm A,201668,1242,1241,123,85,1,0.010231567
Warm A,53664,352,351,123,85,1,0.0022390133
Warm A,132569,855,854,123,85,1,0.014400606
Warm A,33449,225,224,123,85,1,0.008350338
Warm A,133660,864,863,123,85,0,0.0087357
Warm A,7667,53,52,123,85,1,0.011050726
Warm A,4996,35,34,123,85,1,0.0079230135
Warm A,421113,2544,2543,123,85,0,0.005084832
Warm A,74330,507,506,123,85,1,-0.0028879407
Warm A,176097,1113,1112,123,85,1,0.017783493
Warm A,805967,4823,4822,123,85,1,0.001503373
Warm A,290370,1733,1732,123,85,1,0.005787785
Warm A,967450,5831,5830,123,85,1,0.018180594
Warm A,19941,149,148,123,85,1,0.017475927
Warm A,964554,5812,5811,123,85,1,0.00877008
Warm A,10385,74,73,123,85,0,0.00866575
Warm A,893417,5394,5393,123,85,1,0.011959832
Warm A,160240,1019,1018,123,85,0,0.012538505
Warm A,609705,3695,3694,123,85,1,0.0008985875
Warm A,179716,1125,1124,123,85,0,-0.0030562412
Warm A,933961,5636,5635,123,85,0,0.008887911
Warm A,959081,5787,5786,123,85,1,0.005373497
Warm A,116408,752,751,123,85,0,0.0067954827
Warm A,322534,1912,1911,123,85,0,0.014360389
Warm A,273110,1647,1646,126,87,0,0.021124385
Warm A,279603,1680,1679,126,87,0,0.010361118
Warm A,186398,1152,1151,126,87,0,0.01251893
Warm A,182377,1138,1137,126,87,0,0.007922566
Warm A,248921,1501,1500,126,87,0,0.013228318
Warm A,328416,1941,1940,126,87,0,0.015296454
Warm A,163167,1042,1041,126,87,0,-0.00048344326
Warm A,363978,2120,2119,126,87,0,0.0074082343
Warm A,342646,2015,2014,126,87,0,0.014149536
Warm A,155971,1004,1003,126,87,0,0.011596704
Warm A,157053,1010,1009,126,87,0,0.016405666
Warm A,277072,1675,1674,126,87,0,0.020344542
Warm A,134445,869,868,126,87,0,0.017678365
Warm A,121232,780,779,126,87,0,0.019381419
Warm A,175056,1109,1108,126,87,0,0.005677223
Warm A,114517,744,743,126,87,0,0.01684135
Warm A,110402,720,719,126,87,0,0.017153233
Warm A,112593,731,730,126,87,0,0.018266017
Warm A,216471,1314,1313,126,87,0,0.0035170899
Warm A,108766,712,711,126,87,0,0.013728315
Warm A,86195,563,562,126,87,0,0.015465774
Warm A,85919,561,560,126,87,0,0.012881423
Warm A,64977,436,435,126,87,0,0.013100883
Warm A,54731,357,356,126,87,0,0.013176046
Warm A,46436,310,309,126,87,1,0.013765359
Warm A,41764,284,283,126,87,0,0.008298218
Warm A,40709,273,272,126,87,1,0.011706886
Warm A,7670,53,52,126,87,0,0.013879821
Warm A,73828,500,499,126,87,0,0.014822256
Warm A,49361,329,328,126,87,0,0.013416875
Warm A,386132,2258,2257,126,87,0,0.009960817
Warm A,333947,1969,1968,126,87,0,0.011616586
Warm A,11951,92,91,126,87,0,0.01904891
Warm A,139236,890,889,126,87,0,0.012094123
Warm A,352094,2063,2062,126,87,0,0.025090534
Warm A,206411,1265,1264,126,87,0,0.010780299
Warm A,63151,424,423,126,87,0,0.015806329
Warm A,28095,195,194,126,87,0,0.012365352
Warm A,484648,2985,2984,126,87,0,0.008471906
Warm A,275647,1667,1666,132,88,0,0.0068319933
Warm A,226404,1370,1369,132,88,0,0.01130502
Warm A,196640,1207,1206,132,88,0,0.0182609
Warm A,279616,1680,1679,132,88,1,0.010118774
Warm A,185525,1150,1149,132,88,0,0.007901435
Warm A,184070,1146,1145,132,88,0,0.01090184
Warm A,157064,1010,1009,132,88,0,0.015357469
Warm A,114932,746,745,132,88,0,0.014931144
Warm A,179723,1125,1124,132,88,0,0.012649706
Warm A,83340,549,548,132,88,1,0.008714487
Warm A,72201,482,481,132,88,0,0.0063853543
Warm A,74971,509,508,132,88,0,0.016998727
Warm A,254443,1546,1545,132,88,0,0.012662968
Warm A,98969,660,659,132,88,0,0.0065497104
Warm A,27142,192,191,132,88,0,0.0069036973
Warm A,19959,149,148,132,88,0,0.011974126
Warm A,9258,62,61,132,88,0,0.0057258853
Warm A,108151,710,709,132,88,0,0.010132914
Warm A,697588,4169,4168,132,88,0,0.02342208
Warm A,626937,3792,3791,132,88,0,0.01780757
Warm A,355048,2077,2076,132,88,0,0.010964291
Warm A,150688,970,969,132,88,0,0.008351769
Warm A,363229,2116,2115,132,88,0,0.017874433
Warm A,778314,4647,4646,132,88,0,0.019093618
Warm A,265205,1611,1610,132,88,0,0.016009491
Warm A,66126,442,441,132,88,0,0.012112731
Warm A,993738,6001,6000,132,88,0,0.0053753867
Warm A,63158,424,423,132,88,1,0.013252301
Warm A,328428,1941,1940,132,88,0,0.010586624
Warm A,790828,4728,4727,132,88,0,0.010952886
Warm A,550366,3391,3390,132,88,0,0.014206269
Warm A,392371,2304,2303,135,89,0,0.00809389
Warm A,377351,2203,2202,135,89,0,0.0128330365
Warm A,382515,2235,2234,135,89,0,0.00034613768
Warm A,370314,2165,2164,135,89,1,0.002996062
Warm A,368448,2153,2152,135,89,1,-0.0007445606
Warm A,366626,2136,2135,135,89,0,-0.0021846143
Warm A,356015,2085,2084,135,89,1,0.010533262
Warm A,341710,2012,2011,135,89,0,0.00047316158
Warm A,340805,2010,2009,135,89,0,0.006956584
Warm A,297627,1764,1763,135,89,1,-0.0019696725
Warm A,281352,1687,1686,135,89,0,0.00039092544
Warm A,268581,1631,1630,135,89,0,0.0072382865
Warm A,323933,1920,1919,135,89,1,0.0014144806
Warm A,252194,1527,1526,135,89,0,0.0030654306
Warm A,262306,1600,1599,135,89,0,1.7387792e-05
Warm A,296857,1759,1758,135,89,1,0.0026421407
Warm A,277852,1676,1675,135,89,0,-0.00054028817
Warm A,198863,1221,1220,135,89,1,0.000608559
Warm A,178260,1120,1119,135,89,1,0.0015794006
Warm A,172942,1096,1095,135,89,0,0.011091946
Warm A,175663,1112,1111,135,89,0,0.013406656
Warm A,328429,1941,1940,135,89,0,0.0112442635
Warm A,272294,1645,1644,135,89,1,0.0024900758
Warm A,155975,1004,1003,135,89,0,0.0038765813
Warm A,153184,984,983,135,89,1,-0.0018315506
Warm A,221487,1340,1339,135,89,0,0.001003277
Warm A,249304,1502,1501,135,89,1,-0.0023109424
Warm A,136751,881,880,135,89,0,0.0038890787
Warm A,248927,1501,1500,135,89,0,0.0003296174
Warm A,101454,676,675,135,89,0,0.0056690853
Warm A,764575,4543,4542,135,89,0,0.0056543713
Warm A,109375,714,713,135,89,1,0.008971319
Warm A,98970,660,659,135,89,0,0.0019317715
Warm A,191200,1181,1180,135,89,0,-0.0041549103
Warm A,77701,524,523,135,89,0,0.0046095187
Warm A,299722,1778,1777,135,89,0,0.0009602157
Warm A,81800,543,542,135,89,1,0.00085827627
Warm A,68810,461,460,135,89,0,0.003073689
Warm A,87102,569,568,135,89,1,-0.004913275
Warm A,58028,392,391,135,89,0,0.0032445667
Warm A,44461,302,301,135,89,0,0.010763621
Warm A,41778,284,283,135,89,1,0.002407285
Warm A,697591,4169,4168,135,89,0,0.0018278649
Warm A,538054,3312,3311,135,89,1,-0.0072118286
Warm A,219250,1329,1328,135,89,0,0.004132471
Warm A,32914,223,222,135,89,1,0.0055706464
Warm A,291557,1737,1736,135,89,0,-0.002782522
Warm A,235119,1425,1424,135,89,0,0.005790756
Warm A,3762,26,25,135,89,0,0.002613611
Warm A,35821,242,241,135,89,0,0.011025937
Warm A,78569,528,527,135,89,0,0.017739002
Warm A,355049,2077,2076,135,89,0,0.007611432
Warm A,552508,3401,3400,135,89,0,-0.00016242499
Warm A,255578,1556,1555,135,89,0,0.0073817098
Warm A,893425,5394,5393,135,89,0,0.007899879
Warm A,954345,5761,5760,135,89,0,0.009137935
Warm A,531162,3280,3279,135,89,0,0.007712173
Warm A,371066,2168,2167,135,89,0,0.0015462933
Warm A,342654,2015,2014,135,89,1,-0.0020808126
Warm A,363230,2116,2115,135,89,0,0.0043855505
Warm A,567609,3483,3482,135,89,0,-6.5441476e-05
Warm A,106206,699,698,135,89,0,0.0024604273
Warm A,145010,934,933,135,89,0,0.0009098896
Warm A,35068,237,236,135,89,0,-0.0012061635
Warm A,352107,2063,2062,135,89,0,-0.0018159959
Warm A,134451,869,868,135,89,0,0.0019631728
Warm A,305035,1812,1811,135,89,0,-0.0024950476
Warm A,700018,4186,4185,135,89,0,-0.00041014142
Warm A,588042,3589,3588,135,89,1,0.0035201437
Warm A,273117,1647,1646,135,89,1,-0.0020321282
Warm A,246928,1491,1490,135,89,0,0.006654253
Warm A,52996,349,348,135,89,0,0.00010114582
Warm A,820979,4934,4933,135,89,0,0.003542398
Warm A,774544,4619,4618,140,90,0,0.004597022
Warm A,658459,3967,3966,140,90,0,0.012769741
Warm A,513003,3163,3162,140,90,0,-0.0014952999
Warm A,503672,3095,3094,140,90,0,-0.0015461394
Warm A,499588,3067,3066,140,90,0,-9.451364e-05
Warm A,550372,3391,3390,140,90,0,0.0058186683
Warm A,494351,3032,3031,140,90,1,0.008850816
Warm A,493493,3031,3030,140,90,1,0.004915871
Warm A,490346,3017,3016,140,90,0,0.0022107526
Warm A,478184,2934,2933,140,90,0,0.009395871
Warm A,852935,5113,5112,140,90,0,0.0012731678
Warm A,467666,2882,2881,140,90,1,0.0036997562
Warm A,463464,2857,2856,140,90,1,-0.0009816403
Warm A,492865,3029,3028,140,90,1,0.0048479233
Warm A,451048,2777,2776,140,90,0,0.004626801
Warm A,445180,2745,2744,140,90,1,0.0019894848
Warm A,431435,2628,2627,140,90,1,0.008370256
Warm A,427587,2596,2595,140,90,1,-0.004562258
Warm A,423226,2565,2564,140,90,1,0.00016398123
Warm A,419307,2533,2532,140,90,1,0.0047867144
Warm A,404643,2419,2418,140,90,0,0.0010726943
Warm A,399179,2376,2375,140,90,0,0.010518761
Warm A,398552,2371,2370,140,90,1,-2.6719063e-05
Warm A,398297,2368,2367,140,90,1,0.0034367512
Warm A,393141,2309,2308,140,90,1,-0.006412222
Warm A,363237,2116,2115,140,90,1,0.0034877798
Warm A,302219,1794,1793,140,90,0,0.0056393705
Warm A,257137,1576,1575,140,90,0,0.0019824281
Warm A,301829,1793,1792,140,90,0,-0.0010294986
Warm A,305039,1812,1811,140,90,1,-0.0044439756
Warm A,321717,1908,1907,140,90,0,-0.00041071442
Warm A,192423,1184,1183,140,90,1,0.007731636
Warm A,189634,1175,1174,140,90,1,0.0056917807
Warm A,189058,1172,1171,140,90,1,0.0073577934
Warm A,316326,1883,1882,140,90,0,0.003303595
Warm A,176303,1114,1113,140,90,0,0.009620294
Warm A,153704,987,986,140,90,1,0.0065534944
Warm A,140316,899,898,140,90,1,0.0069874655
Warm A,138576,889,888,140,90,0,0.0070150965
Warm A,380388,2223,2222,140,90,0,0.002990597
Warm A,132015,854,853,140,90,0,0.0055821994
Warm A,352116,2063,2062,140,90,0,-0.004734532
Warm A,125313,805,804,140,90,1,0.0013985968
Warm A,360962,2106,2105,140,90,0,0.0010138121
Warm A,117852,759,758,140,90,1,0.0069937324
Warm A,109021,713,712,140,90,0,0.005759688
Warm A,121240,780,779,140,90,0,0.005057341
Warm A,106209,699,698,140,90,0,-0.004107193
Warm A,103711,689,688,140,90,0,0.0058403327
Warm A,100934,673,672,140,90,0,-0.0004735689
Warm A,332771,1962,1961,140,90,0,0.0022822113
Warm A,228413,1383,1382,140,90,0,0.005578205
Warm A,239142,1448,1447,140,90,1,0.010307519
Warm A,81805,543,542,140,90,1,0.006690631
Warm A,77708,524,523,140,90,0,0.010125972
Warm A,78572,528,527,140,90,1,0.0010170997
Warm A,155451,1001,1000,140,90,0,-0.0010289793
Warm A,697602,4169,4168,140,90,1,0.00034595304
Warm A,39543,268,267,140,90,1,0.0047607487
Warm A,98973,660,659,140,90,0,0.004129975
Warm A,33473,225,224,140,90,0,0.00034625805
Warm A,30241,203,202,140,90,0,0.0075899307
Warm A,29181,199,198,140,90,0,0.0006826357
Warm A,21267,156,155,140,90,1,0.013234809
Warm A,22499,163,162,140,90,0,0.003938975
Warm A,6159,45,44,140,90,1,0.0048082056
Warm A,20750,151,150,140,90,0,0.010552179
Warm A,79574,531,530,140,90,1,0.003099419
Warm A,240315,1449,1448,140,90,0,0.0024211828
Warm A,164719,1051,1050,140,90,0,0.00032122596
Warm A,145015,934,933,140,90,0,0.0070042126
Warm A,456217,2809,2808,140,90,0,0.002739326
Warm A,401666,2395,2394,140,90,1,0.004779423
Warm A,328441,1941,1940,140,90,1,0.009760229
Warm A,195612,1203,1202,140,90,0,0.0017825388
Warm A,336150,1980,1979,140,90,0,0.008946041
Warm A,473899,2909,2908,140,90,1,0.011046696
Warm A,259576,1587,1586,140,90,0,-0.0029617827
Warm A,916944,5539,5538,140,90,0,0.01025583
Warm A,638389,3841,3840,147,94,0,0.020414993
Warm A,624978,3778,3777,147,94,1,0.011590916
Warm A,616254,3729,3728,147,94,1,0.011694923
Warm A,610318,3700,3699,147,94,1,0.016170695
Warm A,600178,3650,3649,147,94,0,0.008348261
Warm A,598320,3641,3640,147,94,1,0.015745673
Warm A,606626,3683,3682,147,94,0,0.0021078875
Warm A,597374,3631,3630,147,94,1,0.009357245
Warm A,654258,3942,3941,147,94,1,0.004319828
Warm A,589784,3598,3597,147,94,0,0.009320029
Warm A,582791,3560,3559,147,94,1,0.0049480004
Warm A,582207,3557,3556,147,94,1,0.0038294045
Warm A,578764,3538,3537,147,94,1,0.016690657
Warm A,570824,3502,3501,147,94,1,0.010033048
Warm A,572322,3507,3506,147,94,1,0.01926072
Warm A,590564,3602,3601,147,94,1,0.01160159
Warm A,594100,3618,3617,147,94,0,0.015666127
Warm A,563157,3464,3463,147,94,1,0.0074801417
Warm A,573613,3512,3511,147,94,1,0.018562736
Warm A,536148,3308,3307,147,94,1,0.013012083
Warm A,535089,3301,3300,147,94,0,0.0070213564
Warm A,531170,3280,3279,147,94,1,0.013616788
Warm A,515005,3180,3179,147,94,0,0.008038884
Warm A,658461,3967,3966,147,94,0,0.014866379
Warm A,513005,3163,3162,147,94,1,0.012525829
Warm A,508735,3129,3128,147,94,0,0.018686434
Warm A,504900,3107,3106,147,94,1,0.009393206
Warm A,893666,5395,5394,147,94,1,0.013987625
Warm A,584782,3569,3568,147,94,1,0.012342675
Warm A,502217,3082,3081,147,94,0,0.009767836
Warm A,574847,3518,3517,147,94,1,0.004707843
Warm A,485189,2986,2985,147,94,1,0.009094131
Warm A,517939,3196,3195,147,94,1,0.010973814
Warm A,498834,3065,3064,147,94,1,0.012330662
Warm A,478658,2937,2936,147,94,1,0.008201159
Warm A,467795,2883,2882,147,94,1,0.005694358
Warm A,466953,2878,2877,147,94,1,0.0038413068
Warm A,465753,2872,2871,147,94,0,0.0072374265
Warm A,460366,2840,2839,147,94,1,0.0050195376
Warm A,458967,2825,2824,147,94,1,0.0017537414
Warm A,492867,3029,3028,147,94,1,0.006353638
Warm A,451052,2777,2776,147,94,0,0.005653875
Warm A,443906,2737,2736,147,94,1,0.0051290113
Warm A,446484,2752,2751,147,94,0,0.021416154
Warm A,431436,2628,2627,147,94,1,0.009114798
Warm A,429222,2611,2610,147,94,0,0.016018411
Warm A,416772,2507,2506,147,94,0,0.017176203
Warm A,408331,2453,2452,147,94,1,0.0159911
Warm A,398298,2368,2367,147,94,1,0.005817017
Warm A,372336,2174,2173,147,94,0,-0.003271356
Warm A,372097,2173,2172,147,94,0,0.012516706
Warm A,368869,2156,2155,147,94,1,0.010557184
Warm A,364886,2124,2123,147,94,0,0.017333895
Warm A,349940,2054,2053,147,94,0,0.013228338
Warm A,340814,2010,2009,147,94,0,0.0155883385
Warm A,275191,1666,1665,147,94,1,0.006068458
Warm A,280928,1685,1684,147,94,1,0.009744834
Warm A,267631,1626,1625,147,94,1,0.013334267
Warm A,259579,1587,1586,147,94,0,0.0061760303
Warm A,294403,1749,1748,147,94,0,0.0032428363
Warm A,631706,3821,3820,147,94,0,0.015667321
Warm A,220702,1338,1337,147,94,1,7.8867655e-05
Warm A,213588,1298,1297,147,94,1,0.0076385005
Warm A,213010,1297,1296,147,94,1,0.0066764047
Warm A,207361,1267,1266,147,94,0,0.002946863
Warm A,244105,1470,1469,147,94,0,0.016774654
Warm A,308788,1837,1836,147,94,1,0.008571979
Warm A,279630,1680,1679,147,94,0,0.012637279
Warm A,189060,1172,1171,147,94,1,0.0050276425
Warm A,185539,1150,1149,147,94,0,0.005276824
Warm A,179728,1125,1124,147,94,0,0.007266038
Warm A,263519,1605,1604,147,94,0,0.015234458
Warm A,168579,1069,1068,147,94,0,0.010011656
Warm A,167972,1068,1067,147,94,1,0.0015758458
Warm A,271022,1639,1638,147,94,0,0.008794151
Warm A,222135,1343,1342,147,94,0,0.01237377
Warm A,217204,1317,1316,147,94,1,0.014642875
Warm A,157071,1010,1009,147,94,1,0.017187212
Warm A,352118,2063,2062,147,94,0,0.02136508
Warm A,101725,677,676,147,94,1,0.008218834
Warm A,100936,673,672,147,94,0,0.01047474
Warm A,294991,1752,1751,147,94,0,0.020949002
Warm A,697607,4169,4168,147,94,0,0.012628101
Warm A,92144,613,612,147,94,0,0.0119612515
Warm A,265210,1611,1610,147,94,1,0.006542232
Warm A,90729,601,600,147,94,0,0.0096782865
Warm A,239146,1448,1447,147,94,1,0.017756741
Warm A,76183,517,516,147,94,0,0.0010002406
Warm A,197396,1211,1210,147,94,0,0.00024927314
Warm A,70225,474,473,147,94,1,0.008916382
Warm A,68256,457,456,147,94,0,-0.000298528
Warm A,363240,2116,2115,147,94,1,0.004607204
Warm A,30243,203,202,147,94,0,0.012023203
Warm A,16667,131,130,147,94,0,-0.00037157023
Warm A,512176,3159,3158,147,94,1,-0.00029694824
Warm A,276358,1671,1670,147,94,1,0.014041615
Warm A,207014,1266,1265,147,94,0,0.013252747
Warm A,55601,368,367,147,94,1,0.010406513
Warm A,158445,1015,1014,147,94,0,0.010358491
Warm A,286813,1712,1711,147,94,0,0.007726279
Warm A,65476,438,437,147,94,0,0.007222702
Warm A,365517,2127,2126,147,94,1,0.008006965
Warm A,360966,2106,2105,147,94,0,0.0027492323
Warm A,254446,1546,1545,147,94,0,0.016112518
Warm A,556596,3420,3419,147,94,1,0.0023666676
Warm A,801784,4802,4801,147,94,0,0.01773142
Warm A,115479,749,748,147,94,1,0.004857677
Warm A,677146,4058,4057,147,94,1,0.015520895
Warm A,189440,1173,1172,147,94,1,0.012690029
Warm A,475585,2918,2917,147,94,1,0.013972178
Warm A,960442,5792,5791,147,94,1,0.0028164876
Warm A,72207,482,481,147,94,0,0.015045996
Warm A,171872,1088,1087,147,94,0,0.022293486
Warm A,371763,2172,2171,147,94,1,0.006397764
Warm A,565697,3475,3474,147,94,1,0.008377131
Warm A,941774,5682,5681,147,94,1,0.011952151
Warm A,555066,3413,3412,147,94,1,0.004712103
Warm A,194950,1202,1201,147,94,1,0.00883078
Warm A,550376,3391,3390,147,94,1,0.014291311
Warm A,974681,5878,5877,147,94,1,0.015010744
Warm A,714049,4277,4276,147,94,1,0.0071638604
Warm A,34721,235,234,152,97,0,0.0029180995
Warm A,22524,163,162,152,97,0,0.009575051
Warm A,933978,5636,5635,152,97,0,0.010231016
Warm A,161395,1029,1028,152,97,0,-0.0054423534
Warm A,464270,2860,2859,152,97,1,0.0040406142
Warm A,63193,424,423,152,97,1,0.005125404
Warm A,290403,1733,1732,152,97,1,0.0023654355
Warm A,821740,4940,4939,152,97,0,-0.0035601258
Warm A,974687,5878,5877,152,97,1,0.0025142888
Warm A,548032,3380,3379,154,99,0,-0.0010390384
Warm A,546911,3371,3370,154,99,1,0.008025957
Warm A,533505,3292,3291,154,99,1,0.0063189445
Warm A,525837,3248,3247,154,99,0,0.014262459
Warm A,524519,3234,3233,154,99,1,0.0024153441
Warm A,522778,3224,3223,154,99,1,0.005258771
Warm A,518847,3201,3200,154,99,1,0.003304699
Warm A,513020,3163,3162,154,99,1,0.012972108
Warm A,658470,3967,3966,154,99,0,-0.00076327566
Warm A,513948,3171,3170,154,99,1,-0.00022280286
Warm A,509265,3135,3134,154,99,1,0.012687311
Warm A,505249,3108,3107,154,99,1,0.012770985
Warm A,500288,3072,3071,154,99,0,0.010972865
Warm A,546160,3367,3366,154,99,1,0.0019372127
Warm A,496923,3053,3052,154,99,1,0.0021496615
Warm A,491216,3020,3019,154,99,1,0.00794863
Warm A,466971,2878,2877,154,99,1,-0.0066614463
Warm A,460375,2840,2839,154,99,0,0.007305045
Warm A,460795,2841,2840,154,99,1,0.002242364
Warm A,458130,2820,2819,154,99,0,0.0054107965
Warm A,456714,2811,2810,154,99,0,0.0040862504
Warm A,458499,2822,2821,154,99,0,0.0031999834
Warm A,485203,2986,2985,154,99,1,0.006805323
Warm A,426266,2589,2588,154,99,1,0.00977676
Warm A,381727,2231,2230,154,99,0,0.0031636755
Warm A,377922,2205,2204,154,99,0,-0.0010668188
Warm A,371431,2171,2170,154,99,1,0.009204253
Warm A,364899,2124,2123,154,99,1,0.008706087
Warm A,412149,2478,2477,154,99,0,0.009989329
Warm A,356491,2088,2087,154,99,1,0.01222847
Warm A,360189,2105,2104,154,99,0,0.0074094255
Warm A,332265,1960,1959,154,99,1,0.0063600866
Warm A,320238,1899,1898,154,99,1,0.012141898
Warm A,323238,1916,1915,154,99,1,0.0069710137
Warm A,306040,1821,1820,154,99,1,0.005813607
Warm A,302696,1797,1796,154,99,1,0.004022252
Warm A,274717,1660,1659,154,99,1,-0.0021395606
Warm A,269172,1632,1631,154,99,0,0.018007739
Warm A,245303,1481,1480,154,99,0,-0.0003354028
Warm A,294412,1749,1748,154,99,1,0.011790421
Warm A,244735,1473,1472,154,99,0,-0.0017942879
Warm A,237441,1446,1445,154,99,1,0.017787132
Warm A,303316,1802,1801,154,99,1,0.0009144754
Warm A,231865,1405,1404,154,99,1,-0.00042481057
Warm A,325516,1926,1925,154,99,1,0.0075457273
Warm A,213597,1298,1297,154,99,1,0.00085106073
Warm A,211813,1288,1287,154,99,1,0.0024077431
Warm A,207561,1268,1267,154,99,1,0.007993868
Warm A,204268,1258,1257,154,99,1,-0.00028611463
Warm A,184433,1147,1146,154,99,1,0.010227079
Warm A,191240,1181,1180,154,99,0,0.018778153
Warm A,163963,1050,1049,154,99,0,0.003595373
Warm A,160268,1019,1018,154,99,0,0.00024370325
Warm A,338261,1988,1987,154,99,1,-0.00082955894
Warm A,147045,948,947,154,99,0,0.0014264977
Warm A,185565,1150,1149,154,99,1,0.017720493
Warm A,714069,4277,4276,154,99,0,0.0019155475
Warm A,133465,862,861,154,99,1,0.006959518
Warm A,201695,1242,1241,154,99,1,0.013535094
Warm A,131279,850,849,154,99,0,0.0016938042
Warm A,263534,1605,1604,154,99,0,0.015587172
Warm A,119404,770,769,154,99,0,0.01258426
Warm A,631719,3821,3820,154,99,1,0.011530253
Warm A,100942,673,672,154,99,1,0.0075373393
Warm A,211186,1285,1284,154,99,1,0.007846836
Warm A,284373,1698,1697,154,99,1,0.013288403
Warm A,80893,537,536,154,99,1,0.0070295567
Warm A,84381,550,549,154,99,1,0.0074275592
Warm A,74990,509,508,154,99,1,0.009685529
Warm A,69876,471,470,154,99,1,-0.0007337241
Warm A,69524,466,465,154,99,1,0.016083892
Warm A,42097,285,284,154,99,0,0.0016278331
Warm A,41063,276,275,154,99,0,0.008507494
Warm A,43444,299,298,154,99,1,0.0010991539
Warm A,34723,235,234,154,99,1,0.005261557
Warm A,32066,216,215,154,99,1,0.0056150835
Warm A,21998,161,160,154,99,1,-0.0027600627
Warm A,17798,137,136,154,99,1,0.005867225
Warm A,4831,35,34,154,99,1,0.0037220614
Warm A,4304,33,32,154,99,0,0.011692833
Warm A,607757,3688,3687,154,99,1,0.015741736
Warm A,76409,518,517,154,99,1,0.006908656
Warm A,558620,3430,3429,154,99,1,0.008142975
Warm A,245565,1483,1482,154,99,0,0.012867675
Warm A,149696,963,962,154,99,0,0.0033985162
Warm A,893440,5394,5393,154,99,0,0.013686317
Warm A,158467,1015,1014,154,99,1,0.0115257995
Warm A,316949,1884,1883,154,99,1,0.0020829393
Warm A,734724,4387,4386,154,99,1,-0.0008731573
Warm A,416787,2507,2506,154,99,1,0.005329082
Warm A,571170,3503,3502,154,99,1,0.01132081
Warm A,290406,1733,1732,154,99,1,0.010000674
Warm A,59637,405,404,154,99,1,-0.0049999664
Warm A,384517,2246,2245,154,99,0,0.010740398
Warm A,489721,3013,3012,154,99,0,-0.00114333
Warm A,117203,755,754,154,99,1,0.006036789
Warm A,665281,4005,4004,154,99,0,0.007487677
Warm A,287807,1717,1716,154,99,1,0.003603892
Warm A,24355,173,172,154,99,1,0.012279317
Warm A,501395,3080,3079,154,99,1,0.01770565
Warm A,207023,1266,1265,154,99,1,0.0061666835
Warm A,322567,1912,1911,154,99,0,0.0044452487
Warm A,362280,2111,2110,154,99,1,0.010473242
Warm A,310782,1851,1850,154,99,0,-0.0015918985
Warm A,319480,1897,1896,154,99,1,0.0069095073
Warm A,739589,4418,4417,154,99,0,-0.0038731853
Warm A,657618,3963,3962,154,99,0,0.0020643594
Warm A,171894,1088,1087,154,99,1,0.009811342
Warm A,279658,1680,1679,155,100,0,0.011324056
Warm A,168594,1069,1068,155,100,0,0.002504081
Warm A,158468,1015,1014,155,100,0,0.00938209
Warm A,151681,975,974,155,100,1,0.01011347
Warm A,154634,998,997,155,100,1,0.012751
Warm A,185566,1150,1149,155,100,0,0.014644025
Warm A,140000,897,896,155,100,0,0.011753749
Warm A,138604,889,888,155,100,0,0.017575761
Warm A,125008,802,801,155,100,1,0.009977102
Warm A,432195,2634,2633,155,100,1,0.016419172
Warm A,84982,552,551,155,100,1,0.0014309171
Warm A,228430,1383,1382,155,100,0,0.010813082
Warm A,197405,1211,1210,155,100,0,0.0201133
Warm A,162041,1033,1032,155,100,0,0.008623209
Warm A,4832,35,34,155,100,0,0.0046060206
Warm A,908406,5493,5492,155,100,0,0.0049062273
Warm A,187744,1164,1163,155,100,0,0.009629677
Warm A,249916,1505,1504,155,100,0,-0.0015770686
Warm A,309721,1842,1841,155,100,1,0.0043844194
Warm A,41320,279,278,155,100,0,-0.0021712796
Warm A,287808,1717,1716,155,100,1,0.0069758445
Warm A,628786,3807,3806,155,100,1,0.006117234
Warm A,284374,1698,1697,155,100,1,0.010317736
Warm A,790840,4728,4727,155,100,0,-0.0019353312
Warm A,555069,3413,3412,155,100,0,0.009876476
Warm A,193802,1194,1193,155,100,1,0.010230507
Warm A,974689,5878,5877,155,100,1,0.015949596
Warm A,309722,1842,1841,156,101,0,0.005707415
Warm A,160269,1019,1018,156,101,0,0.010490265
Warm A,45925,308,307,156,101,0,0.009513962
Warm A,893441,5394,5393,156,101,0,0.004761599
Warm A,177101,1117,1116,156,101,0,0.011392088
Warm A,284375,1698,1697,156,101,0,0.006816483
Warm A,577379,3526,3525,157,102,0,0.005989565
Warm A,541086,3328,3327,157,102,1,-0.0010771317
Warm A,537354,3311,3310,157,102,0,0.0062450035
Warm A,536562,3309,3308,157,102,0,0.010003193
Warm A,530385,3275,3274,157,102,0,0.0013140237
Warm A,525330,3243,3242,157,102,1,0.002549698
Warm A,522780,3224,3223,157,102,0,0.0063394643
Warm A,515014,3180,3179,157,102,0,0.0038709103
Warm A,513551,3167,3166,157,102,0,0.011279803
Warm A,510717,3147,3146,157,102,0,0.012540156
Warm A,795349,4763,4762,157,102,1,0.0033472225
Warm A,571171,3503,3502,157,102,1,0.0113794375
Warm A,504188,3099,3098,157,102,1,0.008143352
Warm A,523523,3227,3226,157,102,0,0.012053218
Warm A,492878,3029,3028,157,102,1,0.007638553
Warm A,487960,3001,3000,157,102,1,0.013174672
Warm A,471086,2899,2898,157,102,1,0.0025346288
Warm A,463483,2857,2856,157,102,0,0.002759691
Warm A,458131,2820,2819,157,102,0,0.0036672396
Warm A,452308,2785,2784,157,102,0,0.0014313371
Warm A,435913,2664,2663,157,102,0,0.005378765
Warm A,430153,2621,2620,157,102,1,0.004706776
Warm A,645401,3885,3884,157,102,1,0.007896235
Warm A,420530,2541,2540,157,102,0,0.0065673706
Warm A,419875,2537,2536,157,102,0,0.0075845164
Warm A,418848,2529,2528,157,102,1,0.015810555
Warm A,412939,2484,2483,157,102,0,0.0041277353
Warm A,409269,2456,2455,157,102,0,0.0068931794
Warm A,400476,2383,2382,157,102,0,0.008681709
Warm A,392402,2304,2303,157,102,0,0.012794439
Warm A,384209,2244,2243,157,102,0,0.006805796
Warm A,385366,2251,2250,157,102,0,0.00290294
Warm A,377363,2203,2202,157,102,0,0.0071311463
Warm A,351193,2062,2061,157,102,1,0.0045874915
Warm A,363259,2116,2115,157,102,0,0.008015471
Warm A,352138,2063,2062,157,102,0,0.0073493887
Warm A,345327,2025,2024,157,102,0,-0.00077731686
Warm A,340825,2010,2009,157,102,0,0.0069565186
Warm A,343190,2016,2015,157,102,0,0.0075001214
Warm A,341722,2012,2011,157,102,0,0.007732304
Warm A,296148,1757,1756,157,102,0,0.0103162555
Warm A,275664,1667,1666,157,102,0,0.006629833
Warm A,281364,1687,1686,157,102,0,0.0028621773
Warm A,272519,1646,1645,157,102,0,0.0036751279
Warm A,269537,1634,1633,157,102,1,0.0013448477
Warm A,269173,1632,1631,157,102,0,0.0074792462
Warm A,266974,1622,1621,157,102,0,0.0055586062
Warm A,247823,1496,1495,157,102,0,0.0044037146
Warm A,218827,1327,1326,157,102,1,-0.003633838
Warm A,216075,1311,1310,157,102,0,-0.0002815188
Warm A,209530,1279,1278,157,102,1,0.007959057
Warm A,277873,1676,1675,157,102,0,0.008327147
Warm A,350354,2056,2055,157,102,1,0.005194559
Warm A,279660,1680,1679,157,102,0,0.0069423798
Warm A,198659,1220,1219,157,102,1,0.0024887226
Warm A,219976,1333,1332,157,102,0,0.008500313
Warm A,191242,1181,1180,157,102,1,0.0077472553
Warm A,188441,1169,1168,157,102,0,0.0060687345
Warm A,178279,1120,1119,157,102,1,0.011586386
Warm A,188295,1168,1167,157,102,0,0.0034922038
Warm A,328468,1941,1940,157,102,0,0.010450473
Warm A,255582,1556,1555,157,102,0,0.0053831544
Warm A,153709,987,986,157,102,1,0.008985801
Warm A,152211,979,978,157,102,1,-0.0043594064
Warm A,138605,889,888,157,102,0,0.008309908
Warm A,136785,881,880,157,102,1,0.0035237658
Warm A,131280,850,849,157,102,1,0.0042865956
Warm A,126048,812,811,157,102,0,0.005260651
Warm A,160270,1019,1018,157,102,0,0.006743866
Warm A,120525,777,776,157,102,0,0.011772258
Warm A,106221,699,698,157,102,0,0.0041143494
Warm A,108179,710,709,157,102,0,0.008539528
Warm A,97136,651,650,157,102,1,0.008244221
Warm A,96470,647,646,157,102,1,0.0063340496
Warm A,284376,1698,1697,157,102,0,0.0054651406
Warm A,83369,549,548,157,102,0,0.007571166
Warm A,77727,524,523,157,102,0,0.011320717
Warm A,119405,770,769,157,102,0,0.0066925865
Warm A,70490,475,474,157,102,0,0.004436862
Warm A,72225,482,481,157,102,0,0.011982225
Warm A,67526,453,452,157,102,1,0.009465966
Warm A,65484,438,437,157,102,1,0.0050862883
Warm A,53751,352,351,157,102,0,0.0027155052
Warm A,52539,346,345,157,102,1,0.0070242304
Warm A,197406,1211,1210,157,102,0,0.008959268
Warm A,32067,216,215,157,102,1,0.010868052
Warm A,29841,202,201,157,102,0,0.010239276
Warm A,23677,169,168,157,102,0,0.0072766016
Warm A,3295,25,24,157,102,0,0.0060694953
Warm A,439854,2688,2687,157,102,0,0.0052181706
Warm A,144229,929,928,157,102,0,0.006321598
Warm A,355070,2077,2076,157,102,0,0.0026218137
Warm A,238118,1447,1446,157,102,1,0.00646019
Warm A,762242,4528,4527,157,102,0,0.0050736745
Warm A,169290,1074,1073,157,102,0,0.0020247563
Warm A,371078,2168,2167,157,102,0,0.008248053
Warm A,572342,3507,3506,157,102,0,0.0078002894
Warm A,386140,2258,2257,157,102,0,0.0061166007
Warm A,342676,2015,2014,157,102,1,1.9226223e-05
Warm A,109892,716,715,157,102,0,0.014160776
Warm A,249917,1505,1504,157,102,1,0.007654156
Warm A,829208,4979,4978,157,102,0,0.015866276
Warm A,28153,195,194,157,102,0,-8.066365e-05
Warm A,804187,4815,4814,157,102,0,0.012038179
Warm A,310783,1851,1850,157,102,0,0.005055891
Warm A,20768,151,150,157,102,0,0.0060212044
Warm A,290407,1733,1732,157,102,0,0.012804024
Warm A,515622,3182,3181,157,102,1,0.00602704
Warm A,286829,1712,1711,157,102,0,0.007067061
Warm A,309723,1842,1841,157,102,1,0.0075679384
Warm A,673353,4042,4041,157,102,0,0.0025322097
Warm A,293880,1748,1747,157,102,0,0.007936195
Warm A,273136,1647,1646,157,102,0,0.002829616
Warm A,989354,5972,5971,157,102,0,0.009838473
Warm A,19986,149,148,157,102,1,0.009153944
Warm A,14197,116,115,157,102,1,0.0023200763
Warm A,207024,1266,1265,157,102,0,0.012863907
Warm A,245858,1484,1483,157,102,0,0.0023829557
Warm A,34724,235,234,157,102,1,0.010389772
Warm A,475595,2918,2917,157,102,0,0.00537545
Warm A,251215,1516,1515,157,102,0,0.008602531
Warm A,501396,3080,3079,157,102,0,0.0023338133
Warm A,53011,349,348,157,102,0,0.0061774417
Warm A,217222,1317,1316,157,102,0,0.008058639
Warm A,575481,3519,3518,157,102,0,0.0067498274
Warm A,825805,4958,4957,157,102,0,0.0009915202
Warm A,550393,3391,3390,157,102,0,0.011269785
Warm A,460376,2840,2839,159,104,0,0.0021130554
Warm A,458972,2825,2824,159,104,1,-0.0005988062
Warm A,453916,2793,2792,159,104,1,0.0045924736
Warm A,443913,2737,2736,159,104,1,-0.0067030173
Warm A,433723,2643,2642,159,104,0,0.0008453515
Warm A,431137,2627,2626,159,104,1,0.013636774
Warm A,402435,2402,2401,159,104,0,-0.0011299038
Warm A,389707,2286,2285,159,104,0,0.0013359055
Warm A,385367,2251,2250,159,104,1,0.009010126
Warm A,359498,2102,2101,159,104,0,-0.00040598307
Warm A,340827,2010,2009,159,104,0,0.0010060098
Warm A,315447,1880,1879,159,104,0,0.004580181
Warm A,310161,1845,1844,159,104,0,-0.0019586943
Warm A,267635,1626,1625,159,104,1,0.0011888142
Warm A,296548,1758,1757,159,104,1,-0.0017822903
Warm A,213019,1297,1296,159,104,0,0.0077483673
Warm A,211187,1285,1284,159,104,0,0.00844823
Warm A,374279,2181,2180,159,104,0,0.0044143684
Warm A,329484,1943,1942,159,104,1,0.0054893866
Warm A,185567,1150,1149,159,104,0,0.0059878416
Warm A,179210,1124,1123,159,104,0,0.005563385
Warm A,168595,1069,1068,159,104,1,0.011051666
Warm A,166560,1059,1058,159,104,1,-1.3658311e-05
Warm A,215008,1303,1302,159,104,0,0.004670094
Warm A,161876,1032,1031,159,104,0,0.005127826
Warm A,221514,1340,1339,159,104,0,-0.003758607
Warm A,148809,957,956,159,104,1,0.0017047812
Warm A,157090,1010,1009,159,104,0,0.0013621154
Warm A,714072,4277,4276,159,104,0,-0.0015013209
Warm A,136786,881,880,159,104,0,-0.0014421672
Warm A,100258,669,668,159,104,1,0.0029634677
Warm A,101463,676,675,159,104,0,-0.00012030208
Warm A,177102,1117,1116,159,104,0,0.0092909895
Warm A,697634,4169,4168,159,104,0,0.007621523
Warm A,284378,1698,1697,159,104,0,-0.0015974758
Warm A,83370,549,548,159,104,0,0.00015173294
Warm A,77729,524,523,159,104,1,0.008223059
Warm A,75486,513,512,159,104,1,0.0056334483
Warm A,59740,406,405,159,104,0,-0.0035826256
Warm A,240340,1449,1448,159,104,0,0.004697481
Warm A,53752,352,351,159,104,1,-0.0008938359
Warm A,38291,261,260,159,104,0,-0.0006172932
Warm A,55613,368,367,159,104,1,-0.006721085
Warm A,152510,981,980,159,104,0,0.0072063636
Warm A,16673,131,130,159,104,1,0.0035423194
Warm A,7161,49,48,159,104,1,0.0016577421
Warm A,639248,3842,3841,159,104,1,0.0088833785
Warm A,113787,737,736,159,104,1,-0.0023286806
Warm A,129584,839,838,159,104,1,-5.6154095e-06
Warm A,257826,1579,1578,159,104,0,0.0010374156
Warm A,317848,1889,1888,159,104,0,-0.000555777
Warm A,116442,752,751,159,104,0,0.002772728
Warm A,382083,2232,2231,159,104,1,0.0013613473
Warm A,191243,1181,1180,159,104,1,-0.0076635866
Warm A,63195,424,423,159,104,0,0.0043531028
Warm A,290408,1733,1732,159,104,1,0.010474117
Warm A,550423,3391,3390,166,111,0,0.0047432743
Warm A,435614,2663,2662,169,113,0,0.0035732754
Warm A,456560,2810,2809,169,113,0,0.009077923
Warm A,418860,2529,2528,169,113,0,0.01498095
Warm A,414713,2496,2495,169,113,0,0.0066881855
Warm A,390525,2291,2290,169,113,0,0.006074977
Warm A,373539,2180,2179,169,113,0,0.0061703892
Warm A,366430,2133,2132,169,113,0,0.0061262716
Warm A,354246,2073,2072,169,113,0,0.0038004147
Warm A,361825,2109,2108,169,113,0,0.0033784723
Warm A,334910,1975,1974,169,113,0,0.0063530114
Warm A,320613,1901,1900,169,113,0,0.0077862586
Warm A,323962,1920,1919,169,113,0,0.0069782366
Warm A,297661,1764,1763,169,113,1,0.0042204065
Warm A,263974,1606,1605,169,113,0,0.016266145
Warm A,361003,2106,2105,169,113,0,0.004740504
Warm A,301846,1793,1792,169,113,0,0.0022615036
Warm A,219985,1333,1332,169,113,0,0.0044965106
Warm A,277897,1676,1675,169,113,0,0.014276919
Warm A,213614,1298,1297,169,113,0,0.003831822
Warm A,279694,1680,1679,169,113,0,0.011814408
Warm A,186409,1152,1151,169,113,0,0.0024894096
Warm A,183305,1141,1140,169,113,0,0.020224333
Warm A,342696,2015,2014,169,113,0,0.009726568
Warm A,249328,1502,1501,169,113,0,0.014092894
Warm A,136813,881,880,169,113,0,0.010712683
Warm A,134492,869,868,169,113,0,0.008620403
Warm A,175071,1109,1108,169,113,0,-0.00035021454
Warm A,216490,1314,1313,169,113,0,0.004887207
Warm A,299750,1778,1777,169,113,0,0.0160697
Warm A,106241,699,698,169,113,0,0.00483421
Warm A,100956,673,672,169,113,0,0.0045706546
Warm A,95020,637,636,169,113,0,0.009096219
Warm A,84405,550,549,169,113,0,0.009782298
Warm A,70880,476,475,169,113,0,0.005379163
Warm A,72247,482,481,169,113,0,0.014092167
Warm A,67225,452,451,169,113,0,0.0014090997
Warm A,75011,509,508,169,113,0,0.0033917166
Warm A,51164,337,336,169,113,0,-1.8717605e-05
Warm A,46463,310,309,169,113,0,0.000544101
Warm A,291598,1737,1736,169,113,0,0.01374531
Warm A,54514,355,354,169,113,0,0.0030732634
Warm A,26441,187,186,169,113,0,0.0077153025
Warm A,235157,1425,1424,169,113,0,-0.003986126
Warm A,592113,3610,3609,169,113,0,-0.004855825
Warm A,10519,75,74,169,113,0,-0.0048576626
Warm A,30527,204,203,169,113,0,0.019427538
Warm A,79619,531,530,169,113,0,0.005289099
Warm A,19442,148,147,169,113,0,0.002680271
Warm A,78604,528,527,169,113,0,0.008684838
Warm A,65502,438,437,169,113,0,0.0070794495
Warm A,12013,92,91,169,113,0,0.01236283
Warm A,328496,1941,1940,169,113,0,0.008744317
Warm A,907870,5492,5491,169,113,0,0.0032585894
Warm A,230613,1395,1394,171,115,1,0.0052229585
Warm A,185626,1150,1149,171,115,0,0.025731377
Warm A,306408,1825,1824,171,115,1,0.008442158
Warm A,125033,802,801,171,115,1,0.009982599
Warm A,123718,797,796,171,115,1,0.0022614768
Warm A,177143,1117,1116,171,115,1,0.010098001
Warm A,104493,692,691,171,115,1,0.012728112
Warm A,697676,4169,4168,171,115,1,0.018468246
Warm A,90752,601,600,171,115,1,0.0081876125
Warm A,86783,566,565,171,115,0,0.013963642
Warm A,82310,546,545,171,115,1,0.004392269
Warm A,58534,396,395,171,115,0,0.019981718
Warm A,132616,855,854,171,115,0,0.019005194
Warm A,312991,1865,1864,171,115,1,0.014990944
Warm A,258554,1584,1583,171,115,1,0.014949206
Warm A,199889,1227,1226,171,115,1,0.00665498
Warm A,368472,2153,2152,171,115,0,0.01602761
Warm A,26453,187,186,171,115,1,0.006955354
Warm A,20426,150,149,171,115,1,0.020268826
Warm A,15997,126,125,171,115,0,0.012368348
Warm A,17524,136,135,171,115,0,0.0153106805
Warm A,49464,329,328,171,115,0,0.017477687
Warm A,158520,1015,1014,171,115,0,0.013155485
Warm A,513052,3163,3162,171,115,1,0.020765517
Warm A,975465,5880,5879,171,115,0,0.019439226
Warm A,102505,678,677,171,115,1,0.024090879
Warm A,901626,5450,5449,171,115,0,0.021125004
Warm A,964584,5812,5811,171,115,0,0.014117047
Warm A,538106,3312,3311,171,115,0,0.018160067
Warm A,464289,2860,2859,171,115,1,-0.0019764977
Warm A,790855,4728,4727,171,115,0,0.031126443
Warm A,841566,5054,5053,171,115,1,0.018166846
Warm A,235175,1425,1424,171,115,0,0.010779076
Warm A,119448,770,769,174,118,0,0.01016547
Warm A,81848,543,542,174,118,0,0.007084069
Warm A,70892,476,475,174,118,0,0.011372836
Warm A,65517,438,437,174,118,1,0.008412926
Warm A,251234,1516,1515,174,118,0,0.0141433645
Warm A,132618,855,854,174,118,0,0.010005666
Warm A,44561,302,301,174,118,0,0.00628919
Warm A,37644,257,256,174,118,0,0.009062154
Warm A,32950,223,222,174,118,0,0.016677745
Warm A,29897,202,201,174,118,0,0.0027226065
Warm A,235177,1425,1424,174,118,0,0.010249289
Warm A,78617,528,527,174,118,0,0.012660997
Warm A,238168,1447,1446,174,118,0,0.0071946387
Warm A,342713,2015,2014,174,118,1,0.011480034
Warm A,363310,2116,2115,174,118,0,0.004807464
Warm A,760416,4517,4516,174,118,0,0.0056925896
Warm A,538110,3312,3311,174,118,0,0.0032727746
Warm A,79635,531,530,174,118,0,0.003267665
Warm A,331839,1958,1957,174,118,0,0.011179855
Warm A,924188,5580,5579,174,118,0,0.0031738658
Warm A,171950,1088,1087,174,118,0,0.010424672
Warm A,561947,3457,3456,177,121,0,0.007880561
Warm A,560225,3442,3441,177,121,0,0.0017811009
Warm A,555926,3416,3415,177,121,1,-0.0077898176
Warm A,550452,3391,3390,177,121,0,0.009739456
Warm A,536197,3308,3307,177,121,0,0.010030487
Warm A,528313,3265,3264,177,121,0,0.0014905925
Warm A,608699,3691,3690,177,121,0,0.0068982355
Warm A,566418,3476,3475,177,121,0,-0.003669235
Warm A,513058,3163,3162,177,121,1,0.00338137
Warm A,507321,3121,3120,177,121,1,-0.0022011194
Warm A,516608,3189,3188,177,121,0,0.009010455
Warm A,501859,3081,3080,177,121,0,0.0057655894
Warm A,484444,2982,2981,177,121,0,0.0017700616
Warm A,483558,2972,2971,177,121,1,0.008624664
Warm A,476869,2928,2927,177,121,0,0.014382481
Warm A,710357,4260,4259,177,121,0,0.0040893825
Warm A,487176,2996,2995,177,121,0,0.006334671
Warm A,463521,2857,2856,177,121,0,0.004418005
Warm A,458179,2820,2819,177,121,0,0.005775676
Warm A,540799,3327,3326,177,121,1,0.010675234
Warm A,444808,2743,2742,177,121,1,0.0062559107
Warm A,564656,3471,3470,177,121,0,-0.00063855224
Warm A,440577,2694,2693,177,121,1,0.0006545811
Warm A,430768,2625,2624,177,121,1,0.005876939
Warm A,426581,2590,2589,177,121,1,0.01096594
Warm A,408978,2455,2454,177,121,0,0.004869742
Warm A,374326,2181,2180,177,121,0,0.016683146
Warm A,370044,2164,2163,177,121,1,0.010050653
Warm A,352199,2063,2062,177,121,0,0.0034093107
Warm A,361845,2109,2108,177,121,0,0.0074692145
Warm A,344467,2021,2020,177,121,1,0.0073598567
Warm A,340869,2010,2009,177,121,0,0.0016479748
Warm A,297676,1764,1763,177,121,0,0.0057294853
Warm A,303613,1803,1802,177,121,0,0.0027790514
Warm A,279731,1680,1679,177,121,0,0.014297212
Warm A,277114,1675,1674,177,121,0,0.0049271244
Warm A,271542,1641,1640,177,121,0,0.00038758293
Warm A,267653,1626,1625,177,121,0,-0.0007100422
Warm A,247853,1496,1495,177,121,0,0.013354761
Warm A,221837,1341,1340,177,121,0,0.0045417445
Warm A,277917,1676,1675,177,121,1,0.008552237
Warm A,328532,1941,1940,177,121,0,0.010806948
Warm A,215033,1303,1302,177,121,0,0.0046277004
Warm A,184098,1146,1145,177,121,0,-0.0064808303
Warm A,159384,1017,1016,177,121,1,0.0046596304
Warm A,158526,1015,1014,177,121,0,0.0107498
Warm A,221553,1340,1339,177,121,0,0.010358522
Warm A,157141,1010,1009,177,121,0,-0.0012373663
Warm A,135804,877,876,177,121,0,0.004784292
Warm A,134512,869,868,177,121,1,-0.0025160229
Warm A,126700,817,816,177,121,1,0.007798503
Warm A,125615,808,807,177,121,1,0.005911221
Warm A,114108,741,740,177,121,0,-0.009049729
Warm A,108227,710,709,177,121,0,-0.005308076
Warm A,100289,669,668,177,121,0,0.0043166014
Warm A,92817,621,620,177,121,0,0.0045356695
Warm A,203252,1246,1245,177,121,0,5.27245e-06
Warm A,81849,543,542,177,121,1,0.007168063
Warm A,77778,524,523,177,121,1,0.012399986
Warm A,53820,352,351,177,121,0,0.004799308
Warm A,47977,321,320,177,121,0,0.014940697
Warm A,132621,855,854,177,121,0,0.0051810686
Warm A,45204,305,304,177,121,0,0.0012743827
Warm A,44564,302,301,177,121,0,-0.001972123
Warm A,41206,278,277,177,121,1,0.012891433
Warm A,697681,4169,4168,177,121,1,0.019419303
Warm A,36525,245,244,177,121,0,0.012418845
Warm A,29898,202,201,177,121,0,-0.0008717838
Warm A,291618,1737,1736,177,121,0,0.0035636674
Warm A,192761,1186,1185,177,121,1,0.0108791515
Warm A,14536,117,116,177,121,0,0.004717863
Warm A,290461,1733,1732,177,121,0,0.015107511
Warm A,7773,53,52,177,121,1,0.004506908
Warm A,28218,195,194,177,121,1,0.010683047
Warm A,56102,372,371,177,121,1,0.004945253
Warm A,102508,678,677,177,121,1,0.0089788865
Warm A,179777,1125,1124,177,121,0,0.0015262784
Warm A,230617,1395,1394,177,121,0,0.0013557845
Warm A,63248,424,423,177,121,0,0.0131137585
Warm A,178321,1120,1119,181,123,0,0.0041894205
Warm A,179783,1125,1124,181,123,0,0.0019775208
Warm A,172965,1096,1095,181,123,0,-0.00019151205
Warm A,171973,1088,1087,181,123,0,0.004510367
Warm A,342726,2015,2014,181,123,0,-0.0014284432
Warm A,165509,1054,1053,181,123,0,0.0069517503
Warm A,246447,1489,1488,181,123,0,-0.0010535547
Warm A,277119,1675,1674,181,123,0,0.0045435536
Warm A,136849,881,880,181,123,0,0.006973234
Warm A,263596,1605,1604,181,123,0,0.007195376
Warm A,126705,817,816,181,123,0,0.014169527
Warm A,93630,627,626,181,123,0,0.005342883
Warm A,325881,1928,1927,181,123,0,0.005216614
Warm A,44586,302,301,181,123,0,0.00081252167
Warm A,38048,260,259,181,123,0,0.0032982754
Warm A,627022,3792,3791,181,123,0,0.00033748732
Warm A,291629,1737,1736,181,123,0,0.009373073
Warm A,31236,210,209,181,123,0,0.0033491233
Warm A,19476,148,147,181,123,0,0.0027000555
Warm A,27228,192,191,181,123,0,-0.0043337382
Warm A,10525,75,74,181,123,1,0.0029398967
Warm A,198482,1219,1218,181,123,0,0.00016351277
Warm A,552569,3401,3400,181,123,0,0.017856091
Warm A,829230,4979,4978,181,123,0,0.0069783954
Warm A,207076,1266,1265,181,123,0,-0.0017095143
Warm A,273186,1647,1646,181,123,0,0.0013252059
Warm A,102528,678,677,181,123,1,0.009375353
Warm A,418892,2529,2528,181,123,0,0.005683488
Warm A,717123,4294,4293,181,123,0,0.01196222
Warm A,795628,4765,4764,181,123,0,-0.0050825486
Warm A,116905,753,752,181,123,0,0.0042386735
Warm A,235190,1425,1424,181,123,0,0.0021976214
Warm A,941804,5682,5681,181,123,0,0.005089122
Warm A,259616,1587,1586,187,126,0,0.0051110387
Warm A,260713,1593,1592,187,126,0,-9.785022e-05
Warm A,231747,1404,1403,187,126,1,0.0018674606
Warm A,212138,1291,1290,187,126,0,0.0004963152
Warm A,276400,1671,1670,187,126,1,0.005471676
Warm A,252880,1532,1531,187,126,1,0.0008604422
Warm A,202652,1244,1243,187,126,1,0.0024970956
Warm A,294445,1749,1748,187,126,0,0.0030963903
Warm A,185664,1150,1149,187,126,0,0.008548068
Warm A,166597,1059,1058,187,126,0,0.005996894
Warm A,149724,963,962,187,126,0,0.0058962493
Warm A,201744,1242,1241,187,126,1,0.009966835
Warm A,332818,1962,1961,187,126,0,0.009970289
Warm A,694988,4164,4163,187,126,0,0.00043903838
Warm A,112658,731,730,187,126,1,0.0124854855
Warm A,100299,669,668,187,126,0,0.010826939
Warm A,88925,587,586,187,126,0,0.0051691225
Warm A,82312,546,545,187,126,1,-0.0010793793
Warm A,83431,549,548,187,126,1,0.010225191
Warm A,81862,543,542,187,126,1,0.011407398
Warm A,116516,752,751,187,126,0,0.007064066
Warm A,64497,430,429,187,126,0,0.004847289
Warm A,75996,516,515,187,126,0,0.0077678
Warm A,132641,855,854,187,126,0,0.007900544
Warm A,33535,225,224,187,126,1,-0.0016926783
Warm A,337179,1983,1982,187,126,0,0.015669925
Warm A,26468,187,186,187,126,1,0.007302942
Warm A,2931,23,22,187,126,0,0.003333875
Warm A,114293,743,742,187,126,0,0.009449889
Warm A,506153,3113,3112,187,126,0,0.0020715017
Warm A,42812,293,292,187,126,0,0.0035277246
Warm A,522857,3224,3223,187,126,0,0.00015595369
Warm A,361042,2106,2105,187,126,0,0.009220513
Warm A,431169,2627,2626,187,126,0,0.010273701
Warm A,102532,678,677,187,126,0,0.016244968
Warm A,290477,1733,1732,187,126,1,0.0044461284
Warm A,263602,1605,1604,187,126,1,0.013455823
Warm A,921155,5565,5564,187,126,0,0.012126038
Warm A,983154,5938,5937,187,126,1,0.006175814
Warm A,476453,2926,2925,187,126,1,0.0038090765
Warm A,464299,2860,2859,187,126,1,0.0053688455
Warm A,206457,1265,1264,187,126,0,-0.004050456
Warm A,739597,4418,4417,187,126,1,0.00103607
Warm A,575893,3520,3519,187,126,0,0.00036894286
Warm A,882459,5329,5328,187,126,1,0.01518161
Warm A,677549,4060,4059,188,127,1,0.007087157
Warm A,663565,3998,3997,188,127,1,0.0054175556
Warm A,661695,3990,3989,188,127,1,0.009817744
Warm A,660267,3980,3979,188,127,0,0.008364118
Warm A,719430,4309,4308,188,127,1,0.0075666
Warm A,665995,4007,4006,188,127,1,0.014144462
Warm A,640672,3850,3849,188,127,0,-0.005181994
Warm A,640130,3847,3846,188,127,0,0.0020896276
Warm A,639617,3844,3843,188,127,1,0.0043325
Warm A,639286,3842,3841,188,127,1,0.008140141
Warm A,632601,3823,3822,188,127,1,0.009553261
Warm A,628400,3806,3805,188,127,1,0.00572627
Warm A,628808,3807,3806,188,127,0,0.0037722704
Warm A,628208,3804,3803,188,127,1,0.011242004
Warm A,627969,3801,3800,188,127,0,-8.14395e-06
Warm A,638481,3841,3840,188,127,0,0.0056745526
Warm A,623513,3771,3770,188,127,1,0.011660555
Warm A,619283,3752,3751,188,127,0,0.0070802495
Warm A,714117,4277,4276,188,127,1,0.014194311
Warm A,621320,3762,3761,188,127,1,0.010292482
Warm A,745511,4448,4447,188,127,1,0.009638637
Warm A,605978,3681,3680,188,127,1,0.01841142
Warm A,588599,3590,3589,188,127,1,0.006431984
Warm A,579656,3539,3538,188,127,1,0.011746177
Warm A,572404,3507,3506,188,127,1,0.020198423
Warm A,584123,3564,3563,188,127,1,0.0041673332
Warm A,566426,3476,3475,188,127,0,-0.0018935837
Warm A,584818,3569,3568,188,127,0,0.002769725
Warm A,560227,3442,3441,188,127,0,0.009030685
Warm A,555936,3416,3415,188,127,1,0.0095072035
Warm A,965934,5825,5824,188,127,0,-0.0012630248
Warm A,543945,3352,3351,188,127,1,0.0027700905
Warm A,547642,3378,3377,188,127,1,0.0011435379
Warm A,540807,3327,3326,188,127,0,0.016026145
Warm A,536213,3308,3307,188,127,1,0.0034279395
Warm A,532343,3285,3284,188,127,0,-0.0033261555
Warm A,519830,3207,3206,188,127,1,0.0076981504
Warm A,554902,3412,3411,188,127,1,0.0016165308
Warm A,514072,3172,3171,188,127,0,0.009167487
Warm A,508941,3130,3129,188,127,0,0.008649388
Warm A,507327,3121,3120,188,127,0,0.002633111
Warm A,516619,3189,3188,188,127,0,0.022175578
Warm A,495722,3044,3043,188,127,1,0.0020014206
Warm A,550483,3391,3390,188,127,1,0.0075780586
Warm A,517966,3196,3195,188,127,0,-0.006096565
Warm A,473035,2908,2907,188,127,0,0.004258734
Warm A,471445,2900,2899,188,127,1,0.013856202
Warm A,469026,2888,2887,188,127,1,0.006737577
Warm A,463530,2857,2856,188,127,0,0.009216858
Warm A,458198,2820,2819,188,127,0,0.0054469956
Warm A,457428,2818,2817,188,127,0,0.0053445124
Warm A,433748,2643,2642,188,127,0,0.006250618
Warm A,430769,2625,2624,188,127,0,0.009495082
Warm A,426588,2590,2589,188,127,1,0.012650672
Warm A,418896,2529,2528,188,127,1,0.016331535
Warm A,412266,2479,2478,188,127,1,0.009706954
Warm A,402014,2400,2399,188,127,0,0.0026708187
Warm A,406809,2444,2443,188,127,0,0.0025874618
Warm A,371801,2172,2171,188,127,1,0.0118125845
Warm A,374340,2181,2180,188,127,0,0.019491842
Warm A,368195,2152,2151,188,127,0,-0.001945857
Warm A,358616,2098,2097,188,127,1,0.0062454143
Warm A,352226,2063,2062,188,127,0,0.006058738
Warm A,345339,2025,2024,188,127,1,0.0076921307
Warm A,344471,2021,2020,188,127,0,0.0012708793
Warm A,340883,2010,2009,188,127,0,0.004339127
Warm A,303617,1803,1802,188,127,0,0.0045518344
Warm A,279767,1680,1679,188,127,1,0.0045831176
Warm A,277123,1675,1674,188,127,1,0.005698821
Warm A,275229,1666,1665,188,127,0,0.0034419883
Warm A,271550,1641,1640,188,127,0,0.005923433
Warm A,267658,1626,1625,188,127,1,0.006686253
Warm A,392455,2304,2303,188,127,1,0.008937977
Warm A,247867,1496,1495,188,127,0,0.0109928185
Warm A,245578,1483,1482,188,127,1,-0.0008422518
Warm A,332819,1962,1961,188,127,0,0.0016472421
Warm A,234601,1424,1423,188,127,0,0.004740148
Warm A,303334,1802,1801,188,127,0,-0.00050769234
Warm A,225435,1364,1363,188,127,1,0.01280813
Warm A,224535,1357,1356,188,127,0,0.00074148277
Warm A,221924,1342,1341,188,127,0,0.0041669174
Warm A,221839,1341,1340,188,127,0,0.011913436
Warm A,226422,1370,1369,188,127,0,0.0073672957
Warm A,206007,1264,1263,188,127,0,0.0056871544
Warm A,211246,1285,1284,188,127,0,0.008423854
Warm A,314524,1878,1877,188,127,1,-0.003586915
Warm A,328563,1941,1940,188,127,1,0.011870213
Warm A,178324,1120,1119,188,127,1,0.0033032703
Warm A,176421,1115,1114,188,127,1,-0.0006863582
Warm A,179787,1125,1124,188,127,0,0.015406406
Warm A,256200,1562,1561,188,127,0,0.0037908084
Warm A,165661,1056,1055,188,127,1,0.01253081
Warm A,230626,1395,1394,188,127,1,0.005320586
Warm A,159390,1017,1016,188,127,0,0.007500761
Warm A,157158,1010,1009,188,127,0,0.005531937
Warm A,131308,850,849,188,127,0,-0.0039296905
Warm A,125618,808,807,188,127,1,0.0024611438
Warm A,475827,2919,2918,188,127,1,0.0056588887
Warm A,100300,669,668,188,127,1,0.0075233253
Warm A,99672,665,664,188,127,0,0.005374571
Warm A,177161,1117,1116,188,127,0,-3.9017585e-05
Warm A,97161,651,650,188,127,0,0.009065643
Warm A,92820,621,620,188,127,0,0.006547384
Warm A,90765,601,600,188,127,0,0.01201467
Warm A,83432,549,548,188,127,1,0.003910728
Warm A,81863,543,542,188,127,1,0.010002433
Warm A,239228,1448,1447,188,127,0,0.0015281164
Warm A,77798,524,523,188,127,1,0.014168542
Warm A,63268,424,423,188,127,0,0.003149075
Warm A,51177,337,336,188,127,0,0.009770958
Warm A,47982,321,320,188,127,1,0.0038714523
Warm A,111000,721,720,188,127,0,0.0049133142
Warm A,32956,223,222,188,127,1,0.0018241832
Warm A,291633,1737,1736,188,127,1,-0.0034101084
Warm A,270158,1635,1634,188,127,1,0.017064096
Warm A,22596,163,162,188,127,0,0.0111910235
Warm A,290478,1733,1732,188,127,0,0.0066404366
Warm A,7792,53,52,188,127,1,0.0068330076
Warm A,633520,3824,3823,188,127,0,0.013907189
Warm A,697707,4169,4168,188,127,0,0.01780866
Warm A,28245,195,194,188,127,0,0.012515876
Warm A,365869,2129,2128,188,127,0,0.009923687
Warm A,360220,2105,2104,188,127,0,0.009812877
Warm A,317888,1889,1888,188,127,1,0.0002000262
Warm A,102533,678,677,188,127,0,0.0069157127
Warm A,238181,1447,1446,188,127,0,0.012540597
Warm A,497721,3055,3054,188,127,0,0.003664925
Warm A,164780,1051,1050,188,127,0,0.007745839
Warm A,760857,4520,4519,188,127,0,0.0156652
Warm A,764623,4543,4542,188,127,0,-0.0067586284
Warm A,131318,850,849,190,128,1,0.0037470956
Warm A,128358,830,829,190,128,1,0.006322193
Warm A,96671,648,647,190,128,0,0.0071405973
Warm A,295029,1752,1751,190,128,1,0.006639567
Warm A,284452,1698,1697,190,128,1,0.0068444028
Warm A,89635,590,589,190,128,1,0.0026733486
Warm A,87580,573,572,190,128,1,-0.0017318926
Warm A,87497,571,570,190,128,1,0.0035696833
Warm A,77807,524,523,190,128,0,0.008659088
Warm A,70263,474,473,190,128,0,0.013743866
Warm A,501440,3080,3079,190,128,1,0.0022769782
Warm A,48871,327,326,190,128,0,0.009198371
Warm A,308875,1837,1836,190,128,1,0.0034917556
Warm A,33547,225,224,190,128,1,0.0021112864
Warm A,212143,1291,1290,190,128,1,0.0013268357
Warm A,481990,2962,2961,190,128,1,-0.0035080588
Warm A,23158,166,165,190,128,1,0.004131953
Warm A,16707,131,130,190,128,0,0.00804416
Warm A,340221,2008,2007,190,128,0,0.0043470324
Warm A,133475,862,861,190,128,1,0.009265933
Warm A,7806,53,52,190,128,1,0.008212892
Warm A,207086,1266,1265,190,128,0,0.009576254
Warm A,20826,151,150,190,128,0,0.0042883055
Warm A,158570,1015,1014,190,128,1,0.0047041075
Warm A,191353,1181,1180,190,128,1,0.004757991
Warm A,287839,1717,1716,190,128,1,0.006506211
Warm A,232599,1413,1412,190,128,0,-0.0007563189
Warm A,261252,1597,1596,190,128,1,0.004678293
Warm A,310822,1851,1850,190,128,0,0.014646839
Warm A,772997,4607,4606,190,128,1,0.012666891
Warm A,535125,3301,3300,190,128,1,0.0063619534
Warm A,882461,5329,5328,190,128,1,-0.0012345193
Warm A,223109,1352,1351,190,128,0,0.0017136765
Warm A,263611,1605,1604,190,128,1,0.011206968
Warm A,271844,1643,1642,190,128,1,0.0027294517
Warm A,336275,1980,1979,190,128,1,0.019385405
Warm A,34763,235,234,190,128,1,0.0030041402
Warm A,144411,930,929,190,128,1,-0.006495646
Warm A,290488,1733,1732,190,128,1,-0.001542272
Warm A,171997,1088,1087,190,128,0,0.004453358
Warm A,68859,461,460,191,129,0,0.008843449
Warm A,240437,1449,1448,191,129,0,0.008306835
Warm A,53864,352,351,191,129,1,0.001468175
Warm A,239243,1448,1447,191,129,1,0.0015489499
Warm A,29932,202,201,191,129,0,0.010323543
Warm A,291640,1737,1736,191,129,0,0.010954875
Warm A,104510,692,691,191,129,0,0.0125826
Warm A,79665,531,530,191,129,0,0.005670375
Warm A,302266,1794,1793,191,129,0,0.009423701
Warm A,893473,5394,5393,191,129,0,0.02235674
Warm A,458218,2820,2819,191,129,0,0.0014304111
Warm A,145892,937,936,191,129,0,0.010818789
Warm A,310824,1851,1850,191,129,0,0.012668926
Warm A,78636,528,527,191,129,0,0.011894149
Warm A,790863,4728,4727,191,129,0,0.016502833
Warm A,577465,3526,3525,195,132,0,0.014034485
Warm A,579673,3539,3538,195,132,0,0.008511952
Warm A,566709,3477,3476,195,132,0,0.012491397
Warm A,557002,3422,3421,195,132,0,0.0030363877
Warm A,658502,3967,3966,195,132,0,0.013508073
Warm A,550503,3391,3390,195,132,0,0.01197505
Warm A,541105,3328,3327,195,132,1,0.0013035885
Warm A,575533,3519,3518,195,132,0,0.005307403
Warm A,774551,4619,4618,195,132,0,0.0043761074
Warm A,522878,3224,3223,195,132,0,0.0059058387
Warm A,514255,3174,3173,195,132,0,0.008127072
Warm A,503693,3095,3094,195,132,0,0.003064658
Warm A,502990,3087,3086,195,132,1,0.0075775017
Warm A,516627,3189,3188,195,132,0,0.0078032855
Warm A,494438,3032,3031,195,132,1,0.008835055
Warm A,490389,3017,3016,195,132,0,0.009895642
Warm A,562745,3462,3461,195,132,0,-0.0029400156
Warm A,529961,3272,3271,195,132,1,0.014435494
Warm A,478241,2934,2933,195,132,0,0.003678244
Warm A,468613,2887,2886,195,132,0,0.0144200865
Warm A,452321,2785,2784,195,132,0,0.0055715786
Warm A,451143,2777,2776,195,132,0,0.0056074252
Warm A,437127,2668,2667,195,132,0,4.7195004e-05
Warm A,431453,2628,2627,195,132,0,0.008106047
Warm A,420555,2541,2540,195,132,1,0.0038432921
Warm A,419315,2533,2532,195,132,0,0.0012964271
Warm A,419496,2536,2535,195,132,0,-0.0073070065
Warm A,416157,2506,2505,195,132,0,-0.0026722592
Warm A,411284,2468,2467,195,132,1,0.010485131
Warm A,406495,2438,2437,195,132,0,0.00783398
Warm A,404286,2418,2417,195,132,1,0.0027740716
Warm A,398325,2368,2367,195,132,1,0.002381707
Warm A,399977,2380,2379,195,132,0,0.009337078
Warm A,368002,2148,2147,195,132,0,0.008431396
Warm A,363341,2116,2115,195,132,0,0.0086322
Warm A,356052,2085,2084,195,132,0,0.0010973676
Warm A,361872,2109,2108,195,132,0,0.011936875
Warm A,358975,2100,2099,195,132,1,0.0045103547
Warm A,324778,1924,1923,195,132,0,0.00885717
Warm A,268610,1631,1630,195,132,1,0.00040572532
Warm A,256879,1571,1570,195,132,1,0.0075509534
Warm A,321749,1908,1907,195,132,0,-0.00018194062
Warm A,264722,1609,1608,195,132,0,0.0033760553
Warm A,222457,1345,1344,195,132,1,0.0067809587
Warm A,212540,1294,1293,195,132,0,0.004163628
Warm A,203504,1248,1247,195,132,0,0.0010442282
Warm A,192456,1184,1183,195,132,1,0.0085556535
Warm A,338314,1988,1987,195,132,0,0.0062161423
Warm A,189487,1173,1172,195,132,0,0.004801204
Warm A,189099,1172,1171,195,132,0,0.014311643
Warm A,307657,1835,1834,195,132,1,0.010299276
Warm A,331878,1958,1957,195,132,0,0.005454978
Warm A,263616,1605,1604,195,132,0,0.0076014563
Warm A,168032,1068,1067,195,132,0,0.012294824
Warm A,328589,1941,1940,195,132,0,0.009978384
Warm A,164797,1051,1050,195,132,1,0.011129452
Warm A,164016,1050,1049,195,132,0,0.003942655
Warm A,150758,970,969,195,132,0,0.008868162
Warm A,145068,934,933,195,132,0,0.010039882
Warm A,140346,899,898,195,132,0,0.014947487
Warm A,157177,1010,1009,195,132,0,0.012907328
Warm A,138726,889,888,195,132,0,0.0069612972
Warm A,380447,2223,2222,195,132,0,0.016227975
Warm A,132075,854,853,195,132,0,-0.002706559
Warm A,332825,1962,1961,195,132,0,-0.001510057
Warm A,123167,795,794,195,132,0,0.0017221803
Warm A,121596,781,780,195,132,0,0.005842596
Warm A,361055,2106,2105,195,132,0,0.002011671
Warm A,117859,759,758,195,132,0,0.0069774124
Warm A,112672,731,730,195,132,0,0.0024029058
Warm A,121294,780,779,195,132,0,0.0141241895
Warm A,299783,1778,1777,195,132,0,0.007937574
Warm A,113440,735,734,195,132,0,0.0027330483
Warm A,103505,687,686,195,132,0,0.0052807317
Warm A,99037,660,659,195,132,0,0.010240839
Warm A,314203,1875,1874,195,132,1,0.0045773094
Warm A,697721,4169,4168,195,132,0,0.0054115877
Warm A,239249,1448,1447,195,132,0,0.0013621151
Warm A,191360,1181,1180,195,132,0,0.0036994554
Warm A,77816,524,523,195,132,0,0.0024614646
Warm A,76779,520,519,195,132,0,0.0057492172
Warm A,69648,467,466,195,132,0,-0.0019444798
Warm A,60197,409,408,195,132,0,0.0060497453
Warm A,201755,1242,1241,195,132,0,0.014065422
Warm A,228493,1383,1382,195,132,0,0.008096257
Warm A,78641,528,527,195,132,1,0.009319386
Warm A,47566,319,318,195,132,1,0.0030593914
Warm A,39592,268,267,195,132,1,-0.0028432873
Warm A,22609,163,162,195,132,0,0.009458452
Warm A,6270,45,44,195,132,0,0.016375206
Warm A,3498,26,25,195,132,0,0.0046452405
Warm A,79670,531,530,195,132,0,0.0067170975
Warm A,659256,3971,3970,195,132,1,0.01231094
Warm A,893475,5394,5393,195,132,0,0.0036331713
Warm A,122681,791,790,195,132,0,0.0023704004
Warm A,682703,4085,4084,195,132,1,0.003973729
Warm A,102551,678,677,195,132,0,0.006662286
Warm A,883497,5333,5332,195,132,0,-0.0075289574
Warm A,336281,1980,1979,195,132,0,0.006825198
Warm A,187785,1164,1163,195,132,1,0.013363035
Warm A,116531,752,751,195,132,1,0.0071321377
Warm A,295744,1755,1754,195,132,0,-0.0010051399
Warm A,193856,1194,1193,195,132,1,0.00035725266
Warm A,974713,5878,5877,195,132,1,0.008014792
Warm A,354284,2073,2072,199,135,1,-9.475555e-05
Warm A,258581,1584,1583,199,135,0,0.0054563107
Warm A,225119,1361,1360,199,135,1,-0.0028761579
Warm A,325561,1926,1925,199,135,1,0.0075520617
Warm A,218108,1322,1321,199,135,1,0.0009916169
Warm A,207089,1266,1265,199,135,1,-0.00045181252
Warm A,592161,3610,3609,199,135,0,0.009899044
Warm A,308171,1836,1835,199,135,1,0.00014859601
Warm A,308884,1837,1836,199,135,1,0.0015036864
Warm A,185696,1150,1149,199,135,1,0.005651794
Warm A,182882,1140,1139,199,135,0,-0.0023949328
Warm A,168651,1069,1068,199,135,1,0.007817611
Warm A,270492,1636,1635,199,135,0,-0.0037294137
Warm A,158578,1015,1014,199,135,1,0.0036721767
Warm A,153578,986,985,199,135,1,-0.0013775472
Warm A,144556,931,930,199,135,0,-0.0013185865
Warm A,138729,889,888,199,135,0,0.0031318548
Warm A,318995,1896,1895,199,135,0,-0.005090885
Warm A,131320,850,849,199,135,1,0.007041244
Warm A,240442,1449,1448,199,135,1,0.016412884
Warm A,779135,4653,4652,199,135,0,0.0054862015
Warm A,107376,706,705,199,135,1,0.0033464613
Warm A,100982,673,672,199,135,0,-0.005910178
Warm A,317003,1884,1883,199,135,1,0.0076452084
Warm A,432221,2634,2633,199,135,1,0.0018068941
Warm A,59942,408,407,199,135,1,-0.004255236
Warm A,41469,281,280,199,135,0,0.0047298884
Warm A,35323,238,237,199,135,0,0.007219798
Warm A,199894,1227,1226,199,135,0,0.0013939431
Warm A,365268,2125,2124,199,135,1,0.004264416
Warm A,26486,187,186,199,135,1,0.008605954
Warm A,34764,235,234,199,135,1,0.0096300775
Warm A,21168,155,154,199,135,1,-0.006322639
Warm A,133673,864,863,199,135,1,0.00401905
Warm A,10802,78,77,199,135,1,0.0065978286
Warm A,7817,53,52,199,135,1,0.005546792
Warm A,506,6,5,199,135,1,0.004819561
Warm A,76427,518,517,199,135,1,0.006290523
Warm A,276420,1671,1670,199,135,1,0.011027789
Warm A,94630,635,634,199,135,1,-0.00016939128
Warm A,605340,3679,3678,199,135,0,-0.0032641478
Warm A,284929,1699,1698,199,135,1,-0.0055391304
Warm A,484352,2980,2979,199,135,1,-0.00015357317
Warm A,631779,3821,3820,199,135,0,0.009237029
Warm A,421189,2544,2543,199,135,0,0.0043901457
Warm A,161417,1029,1028,199,135,1,-0.0010187653
Warm A,801809,4802,4801,199,135,1,0.0049167667
Warm A,535128,3301,3300,199,135,1,-0.0017681916
Warm A,978821,5902,5901,199,135,1,-0.0016321485
Warm A,287843,1717,1716,199,135,1,0.008267753
Warm A,322651,1912,1911,199,135,0,0.0100433575
Warm A,208933,1274,1273,199,135,1,0.008606911
Warm A,916961,5539,5538,199,135,1,0.006825997
Warm A,384770,2247,2246,199,135,1,0.008072624
Warm A,841577,5054,5053,199,135,0,0.009542953
Warm A,769118,4579,4578,199,135,1,0.0032668882
Warm A,8830,59,58,199,135,0,0.004857462
Warm A,348892,2047,2046,205,138,1,0.009219
Warm A,144804,934,933,205,138,1,0.01826489
Warm A,199330,1224,1223,205,138,0,0.011335455
Warm A,360581,2106,2105,205,138,1,0.01071011
Warm A,127243,822,821,205,138,1,0.003123527
Warm A,329186,1943,1942,205,138,1,-0.0018578866
Warm A,695979,4169,4168,205,138,0,0.016818423
Warm A,183111,1141,1140,205,138,0,0.008096604
Warm A,233968,1422,1421,205,138,0,0.007953583
Warm A,238710,1448,1447,205,138,1,0.0061277915
Warm A,44984,303,302,205,138,1,0.008152404
Warm A,50114,331,330,205,138,1,0.0015334561
Warm A,26398,187,186,205,138,1,-0.003415314
Warm A,795984,4771,4770,205,138,0,0.008610085
Warm A,274687,1660,1659,205,138,1,-0.0036843666
Warm A,49378,329,328,205,138,0,0.011744279
Warm A,6442,45,44,205,138,0,0.007930768
Warm A,10774,78,77,205,138,0,0.002151098
Warm A,89174,588,587,205,138,1,-0.0019357917
Warm A,157927,1015,1014,205,138,0,0.003955911
Warm A,901384,5450,5449,205,138,0,0.0067250794
Warm A,878930,5312,5311,205,138,1,0.008726666
Warm A,206272,1265,1264,205,138,0,0.00955914
Warm A,739362,4418,4417,205,138,1,0.009677837
Warm A,804252,4816,4815,205,138,1,0.0116762025
Warm A,157929,1015,1014,206,139,1,0.009018047
Warm A,185032,1150,1149,206,139,1,0.015204628
Warm A,139360,891,890,206,139,0,0.005484691
Warm A,127939,826,825,206,139,0,0.006165948
Warm A,119088,770,769,206,139,0,0.016157228
Warm A,82208,546,545,206,139,1,-0.000141787
Warm A,238711,1448,1447,206,139,1,0.0118810255
Warm A,589591,3596,3595,206,139,1,0.009537147
Warm A,132331,855,854,206,139,0,0.012284071
Warm A,42087,285,284,206,139,0,0.00715199
Warm A,34705,235,234,206,139,0,-1.0541873e-05
Warm A,33465,225,224,206,139,0,0.017149134
Warm A,24040,171,170,206,139,1,0.0010974235
Warm A,133616,864,863,206,139,1,0.005238298
Warm A,210038,1284,1283,206,139,0,0.003244767
Warm A,18082,139,138,206,139,1,0.007994093
Warm A,317571,1889,1888,206,139,1,0.008030736
Warm A,115986,752,751,206,139,1,0.011965592
Warm A,287633,1717,1716,206,139,1,-0.0016209508
Warm A,329189,1943,1942,206,139,1,0.010522274
Warm A,234820,1425,1424,206,139,1,0.012910778
Warm A,891457,5387,5386,206,139,0,0.006176549
Warm A,437910,2676,2675,213,142,1,-5.439017e-05
Warm A,432087,2634,2633,213,142,1,0.012090834
Warm A,428538,2608,2607,213,142,0,0.002838503
Warm A,422245,2556,2555,213,142,1,0.0063423836
Warm A,420870,2544,2543,213,142,1,0.008040719
Warm A,411852,2476,2475,213,142,1,0.00541909
Warm A,422298,2557,2556,213,142,1,-4.0812418e-05
Warm A,413159,2485,2484,213,142,0,0.004474353
Warm A,390649,2293,2292,213,142,1,0.01694919
Warm A,386320,2259,2258,213,142,1,0.0069565307
Warm A,383122,2238,2237,213,142,0,0.0026066143
Warm A,371398,2171,2170,213,142,1,0.004620611
Warm A,347092,2036,2035,213,142,1,-0.005270143
Warm A,342297,2015,2014,213,142,0,0.019978747
Warm A,325281,1926,1925,213,142,1,0.011127351
Warm A,318626,1894,1893,213,142,1,-0.0002265987
Warm A,316179,1883,1882,213,142,1,0.0048265
Warm A,283991,1698,1697,213,142,1,0.011890777
Warm A,262673,1602,1601,213,142,1,0.0009769609
Warm A,256810,1571,1570,213,142,0,0.00011974631
Warm A,256521,1567,1566,213,142,0,0.008313052
Warm A,565459,3475,3474,213,142,1,0.012652557
Warm A,222889,1350,1349,213,142,0,0.0053938646
Warm A,218257,1323,1322,213,142,1,0.010342298
Warm A,209736,1281,1280,213,142,0,-0.00085395435
Warm A,200196,1229,1228,213,142,1,0.0041042524
Warm A,243782,1470,1469,213,142,0,0.008382818
Warm A,294207,1749,1748,213,142,0,0.010156402
Warm A,195313,1203,1202,213,142,1,0.012378826
Warm A,307295,1835,1834,213,142,1,0.014690993
Warm A,180207,1128,1127,213,142,1,0.007479224
Warm A,199340,1224,1223,213,142,1,0.011695495
Warm A,201427,1242,1241,213,142,1,0.004264663
Warm A,168313,1069,1068,213,142,0,0.010380742
Warm A,163551,1049,1048,213,142,1,-0.003706282
Warm A,163715,1050,1049,213,142,0,0.008219408
Warm A,163079,1041,1040,213,142,1,-0.0021981304
Warm A,227845,1382,1381,213,142,1,0.0042320024
Warm A,147717,952,951,213,142,1,0.0064815413
Warm A,154576,998,997,213,142,1,0.008752903
Warm A,140847,905,904,213,142,1,0.010154554
Warm A,100770,673,672,213,142,1,0.0035799001
Warm A,176796,1117,1116,213,142,1,0.008710776
Warm A,97752,655,654,213,142,0,0.015143596
Warm A,75669,515,514,213,142,1,0.0058145407
Warm A,72907,493,492,213,142,1,0.0029739114
Warm A,66720,446,445,213,142,1,0.011936473
Warm A,111410,725,724,213,142,1,0.005336597
Warm A,39357,267,266,213,142,0,0.014522508
Warm A,37877,259,258,213,142,1,0.010757414
Warm A,33472,225,224,213,142,1,0.0034383768
Warm A,17927,138,137,213,142,1,-0.00024291559
Warm A,810292,4861,4860,213,142,1,0.014903659
Warm A,167091,1063,1062,213,142,1,-0.010418268
Warm A,605155,3679,3678,213,142,0,0.0031560962
Warm A,249797,1505,1504,213,142,0,0.0036592293
Warm A,835082,5019,5018,213,142,1,0.0074379714
Warm A,312813,1865,1864,213,142,1,0.016173838
Warm A,319225,1897,1896,213,142,1,0.004896741
Warm A,287639,1717,1716,213,142,0,0.013101841
Warm A,256062,1561,1560,213,142,1,0.006631666
Warm A,241057,1451,1450,213,142,1,0.003191439
Warm A,790330,4728,4727,213,142,1,0.012069132
Warm A,574652,3518,3517,215,143,1,0.0019314424
Warm A,659088,3971,3970,215,143,1,0.009170689
Warm A,493298,3031,3030,215,143,1,0.010395527
Warm A,490203,3017,3016,215,143,0,0.007589413
Warm A,484905,2986,2985,215,143,0,-0.0027480815
Warm A,475077,2916,2915,215,143,1,0.005567465
Warm A,474642,2913,2912,215,143,1,0.0025157896
Warm A,852566,5113,5112,215,143,1,0.003346283
Warm A,465594,2872,2871,215,143,0,-0.004294835
Warm A,462515,2854,2853,215,143,0,0.0026845434
Warm A,458881,2825,2824,215,143,1,0.0019900904
Warm A,559854,3441,3440,215,143,0,0.0045303614
Warm A,450681,2777,2776,215,143,1,0.011439816
Warm A,449857,2774,2773,215,143,0,0.002359742
Warm A,458474,2822,2821,215,143,1,0.00051585375
Warm A,444066,2738,2737,215,143,1,0.009251483
Warm A,439368,2684,2683,215,143,0,0.001268656
Warm A,433121,2641,2640,215,143,1,-0.006303206
Warm A,416457,2507,2506,215,143,1,0.014797306
Warm A,408081,2453,2452,215,143,1,0.0030174735
Warm A,392772,2306,2305,215,143,1,0.0076934933
Warm A,330510,1951,1950,215,143,0,0.00722896
Warm A,332977,1963,1962,215,143,1,0.003258356
Warm A,286464,1711,1710,215,143,1,-0.0050990353
Warm A,326700,1937,1936,215,143,1,-0.0062061143
Warm A,285785,1705,1704,215,143,1,0.0041797725
Warm A,310072,1845,1844,215,143,0,0.008013497
Warm A,267516,1626,1625,215,143,1,0.007558061
Warm A,235516,1426,1425,215,143,1,0.0049388474
Warm A,214728,1303,1302,215,143,1,-0.0020595626
Warm A,210722,1285,1284,215,143,1,0.0038430719
Warm A,200815,1235,1234,215,143,1,0.0034925537
Warm A,202383,1244,1243,215,143,1,0.005910568
Warm A,308475,1837,1836,215,143,1,0.010304218
Warm A,194115,1196,1195,215,143,1,0.0021728608
Warm A,338018,1988,1987,215,143,1,-0.0069412114
Warm A,373908,2181,2180,215,143,0,0.0074278763
Warm A,185048,1150,1149,215,143,0,0.0065985043
Warm A,316181,1883,1882,215,143,0,-0.006785845
Warm A,307296,1835,1834,215,143,1,0.0071425512
Warm A,179965,1127,1126,215,143,1,-0.0009704749
Warm A,201431,1242,1241,215,143,0,-0.00017553335
Warm A,174476,1103,1102,215,143,1,0.010300141
Warm A,263121,1605,1604,215,143,0,0.0062665846
Warm A,168316,1069,1068,215,143,1,0.0062040812
Warm A,334494,1974,1973,215,143,1,0.007192918
Warm A,190625,1181,1180,215,143,1,0.009503983
Warm A,186055,1151,1150,215,143,1,0.012443522
Warm A,154183,995,994,215,143,1,-0.00034655025
Warm A,143273,924,923,215,143,1,0.011920184
Warm A,140848,905,904,215,143,1,0.00927162
Warm A,139364,891,890,215,143,1,-0.0024678851
Warm A,137982,889,888,215,143,0,0.007184816
Warm A,131800,854,853,215,143,1,-0.0041336524
Warm A,351564,2063,2062,215,143,0,0.012879727
Warm A,187546,1164,1163,215,143,1,0.008483734
Warm A,283992,1698,1697,215,143,1,0.0002796019
Warm A,432088,2634,2633,215,143,1,0.010495763
Warm A,85232,556,555,215,143,1,0.006502405
Warm A,77311,524,523,215,143,1,0.010490751
Warm A,83981,550,549,215,143,1,0.0031041193
Warm A,299506,1778,1777,215,143,1,0.008537424
Warm A,72908,493,492,215,143,1,0.0032429213
Warm A,132338,855,854,215,143,1,0.0028223973
Warm A,50128,331,330,215,143,1,0.0034105442
Warm A,88746,587,586,215,143,0,-0.002162003
Warm A,33474,225,224,215,143,0,0.0055888765
Warm A,228103,1383,1382,215,143,0,0.011076539
Warm A,22501,163,162,215,143,0,0.0048368494
Warm A,111611,727,726,215,143,1,0.0030049318
Warm A,6160,45,44,215,143,0,-0.00398655
Warm A,5423,38,37,215,143,0,0.009436292
Warm A,270,5,4,215,143,0,0.0013854417
Warm A,79226,531,530,215,143,0,0.0027398206
Warm A,157945,1015,1014,215,143,1,0.0054782685
Warm A,286614,1712,1711,215,143,0,0.010057013
Warm A,129272,839,838,215,143,1,0.002980475
Warm A,203648,1252,1251,215,143,1,0.0058350605
Warm A,892859,5394,5393,215,143,1,0.007160329
Warm A,241058,1451,1450,215,143,1,0.014174093
Warm A,20752,151,150,215,143,1,0.0002406009
Warm A,129903,840,839,215,143,1,0.0012986581
Warm A,45911,308,307,215,143,0,0.0040152045
Warm A,795990,4771,4770,215,143,0,0.009481868
Warm A,154086,993,992,215,143,0,0.015277623
Warm A,222558,1347,1346,215,143,1,0.008995527
Warm A,561879,3457,3456,215,143,0,0.0023731445
Warm A,312814,1865,1864,215,143,0,0.0089907795
Warm A,290052,1733,1732,215,143,1,0.010258321
Warm A,475431,2918,2917,215,143,1,0.008520474
Warm A,344791,2023,2022,215,143,1,0.0072395513
Warm A,561501,3454,3453,215,143,1,0.012466478
Warm A,335644,1980,1979,215,143,1,0.00962776
Warm A,178588,1121,1120,215,143,1,0.0013168436
Warm A,256063,1561,1560,215,143,1,-0.001630911
Warm A,27558,193,192,215,143,1,0.0045838924
Warm A,261652,1599,1598,215,143,0,-0.0019294182
Warm A,114215,743,742,215,143,1,0.0050787646
Warm A,777680,4647,4646,215,143,0,0.005221524
Warm A,491165,3020,3019,215,143,0,3.1048374e-05
Warm A,948956,5733,5732,217,145,0,0.008047475
Warm A,331430,1958,1957,217,145,0,-0.0001791392
Warm A,129904,840,839,217,145,0,-0.0016209981
Warm A,295580,1755,1754,217,145,0,0.007184628
Warm A,677735,4062,4061,218,146,0,-0.0076322136
Warm A,664582,4001,4000,218,146,1,0.002240785
Warm A,660358,3981,3980,218,146,0,0.0045129387
Warm A,660842,3985,3984,218,146,0,0.009696355
Warm A,656547,3957,3956,218,146,0,0.006924805
Warm A,661255,3988,3987,218,146,1,-0.0069637625
Warm A,642706,3868,3867,218,146,0,0.0046534208
Warm A,647635,3900,3899,218,146,0,0.0004916912
Warm A,634761,3829,3828,218,146,0,0.0014566403
Warm A,633927,3825,3824,218,146,0,0.0077526444
Warm A,629217,3808,3807,218,146,0,0.0013654316
Warm A,637884,3841,3840,218,146,0,-0.0060314387
Warm A,621469,3763,3762,218,146,0,0.0027100148
Warm A,734897,4388,4387,218,146,1,0.0044006524
Warm A,612445,3713,3712,218,146,1,0.008738812
Warm A,726384,4345,4344,218,146,0,0.008366027
Warm A,725191,4344,4343,218,146,0,0.005609812
Warm A,589029,3592,3591,218,146,1,-0.005156732
Warm A,579137,3539,3538,218,146,1,0.002417427
Warm A,575200,3519,3518,218,146,1,-0.0013305112
Warm A,562473,3462,3461,218,146,0,-0.0030725668
Warm A,542081,3336,3335,218,146,0,-0.0014391298
Warm A,535854,3308,3307,218,146,0,-0.0014023425
Warm A,533129,3292,3291,218,146,0,0.010542322
Warm A,522348,3224,3223,218,146,1,-0.003851301
Warm A,574653,3518,3517,218,146,1,0.008648073
Warm A,502839,3087,3086,218,146,1,0.007620398
Warm A,499246,3067,3066,218,146,1,0.0076017766
Warm A,797555,4784,4783,218,146,0,-0.0022125859
Warm A,496849,3053,3052,218,146,0,0.015221225
Warm A,659090,3971,3970,218,146,1,-0.0025926244
Warm A,489522,3013,3012,218,146,1,0.008208099
Warm A,488634,3007,3006,218,146,1,0.0032914178
Warm A,484907,2986,2985,218,146,0,0.009028185
Warm A,529537,3272,3271,218,146,0,-0.0058187153
Warm A,475078,2916,2915,218,146,0,-0.0039848927
Warm A,879813,5317,5316,218,146,0,0.0021277433
Warm A,456386,2810,2809,218,146,0,0.014067208
Warm A,450684,2777,2776,218,146,0,0.00021759642
Warm A,446115,2751,2750,218,146,0,-0.0069011534
Warm A,444571,2743,2742,218,146,0,0.00023180945
Warm A,443744,2737,2736,218,146,0,-0.0007936434
Warm A,438787,2681,2680,218,146,0,0.013426126
Warm A,437025,2668,2667,218,146,1,-0.00090069603
Warm A,418538,2529,2528,218,146,0,0.0024294134
Warm A,404447,2419,2418,218,146,0,0.0061210217
Warm A,398993,2376,2375,218,146,0,0.004825609
Warm A,398209,2368,2367,218,146,1,0.0017132075
Warm A,395089,2334,2333,218,146,0,0.007284532
Warm A,393847,2320,2319,218,146,0,-0.0014060914
Warm A,389911,2288,2287,218,146,0,0.0013682147
Warm A,385204,2251,2250,218,146,0,0.0011644615
Warm A,372249,2174,2173,218,146,1,-0.0060745487
Warm A,362831,2116,2115,218,146,1,0.008149396
Warm A,355902,2085,2084,218,146,1,0.0012298926
Warm A,355314,2078,2077,218,146,0,0.0003104068
Warm A,358818,2100,2099,218,146,1,0.003912964
Warm A,285786,1705,1704,218,146,1,-0.0031426316
Warm A,286228,1709,1708,218,146,0,0.014209201
Warm A,259366,1587,1586,218,146,0,0.0053936685
Warm A,264543,1609,1608,218,146,0,-0.0009883184
Warm A,237037,1441,1440,218,146,1,0.00026106252
Warm A,231599,1404,1403,218,146,0,-0.0037323495
Warm A,335647,1980,1979,218,146,0,-0.006027767
Warm A,289240,1727,1726,218,146,1,-0.00032956246
Warm A,360597,2106,2105,218,146,0,0.0003836411
Warm A,278863,1680,1679,218,146,0,-0.0030328457
Warm A,304753,1812,1811,218,146,1,-0.0040385197
Warm A,192316,1184,1183,218,146,0,0.0043553747
Warm A,188881,1172,1171,218,146,0,-0.004075349
Warm A,185050,1150,1149,218,146,0,-0.0039936625
Warm A,201432,1242,1241,218,146,0,0.011312288
Warm A,179491,1125,1124,218,146,1,-0.00033689407
Warm A,331432,1958,1957,218,146,0,0.008259766
Warm A,263124,1605,1604,218,146,1,0.00630211
Warm A,168317,1069,1068,218,146,0,-0.005662784
Warm A,167744,1068,1067,218,146,0,0.009630555
Warm A,327798,1941,1940,218,146,1,-0.0032534623
Warm A,163717,1050,1049,218,146,0,0.0005304725
Warm A,272085,1645,1644,218,146,1,0.008267093
Warm A,189291,1173,1172,218,146,0,0.00064480724
Warm A,160840,1022,1021,218,146,1,-0.0131675005
Warm A,153635,987,986,218,146,1,0.001675619
Warm A,270800,1639,1638,218,146,1,0.0072490117
Warm A,137985,889,888,218,146,0,-0.011411323
Warm A,351567,2063,2062,218,146,1,0.00667461
Warm A,124448,801,800,218,146,0,-0.0040677534
Warm A,112349,731,730,218,146,0,0.0042245155
Warm A,103031,683,682,218,146,0,0.00324177
Warm A,116008,752,751,218,146,0,0.005744154
Warm A,97753,655,654,218,146,0,0.00032738643
Warm A,332552,1962,1961,218,146,0,-0.0027757569
Warm A,90233,595,594,218,146,1,-0.00063129107
Warm A,85536,558,557,218,146,0,-0.00033747824
Warm A,291238,1737,1736,218,146,0,-0.009494
Warm A,82216,546,545,218,146,1,0.0030120264
Warm A,228104,1383,1382,218,146,1,-0.004456065
Warm A,77315,524,523,218,146,1,0.0023651007
Warm A,76120,517,516,218,146,1,0.004570122
Warm A,238726,1448,1447,218,146,1,0.0066175126
Warm A,70108,474,473,218,146,0,-0.0011009914
Warm A,60341,410,409,218,146,0,0.0116134025
Warm A,251094,1516,1515,218,146,0,-0.006521969
Warm A,59130,402,401,218,146,0,-0.005137791
Warm A,56251,375,374,218,146,0,0.0050318195
Warm A,333765,1969,1968,218,146,1,0.0068679433
Warm A,132340,855,854,218,146,0,0.004798493
Warm A,696003,4169,4168,218,146,0,0.0015196984
Warm A,39544,268,267,218,146,1,0.009172071
Warm A,29183,199,198,218,146,0,0.0026214677
Warm A,26410,187,186,218,146,1,-0.00037806202
Warm A,234832,1425,1424,218,146,1,-0.003217414
Warm A,500441,3074,3073,218,146,1,-0.0027748048
Warm A,16975,133,132,218,146,1,0.0029225633
Warm A,49395,329,328,218,146,1,0.0036564192
Warm A,6162,45,44,218,146,0,0.004496709
Warm A,79229,531,530,218,146,0,-0.005532544
Warm A,276111,1671,1670,218,146,0,-0.0010926992
Warm A,157947,1015,1014,218,146,0,-0.00023542868
Warm A,78347,528,527,218,146,0,-0.0014940171
Warm A,892861,5394,5393,218,146,0,0.0002647643
Warm A,241061,1451,1450,218,146,0,0.008085819
Warm A,416458,2507,2506,218,146,0,-0.0024495013
Warm A,102071,678,677,218,146,1,0.004185004
Warm A,88309,583,582,218,146,0,-0.0014306003
Warm A,134103,869,868,218,146,1,-0.0044512316
Warm A,476278,2926,2925,218,146,0,0.0036426848
Warm A,216891,1317,1316,218,146,1,0.0012785913
Warm A,916628,5539,5538,218,146,0,-0.003177476
Warm A,657445,3963,3962,218,146,1,0.0023968401
Warm A,193531,1194,1193,218,146,0,0.0021077404
Warm A,171411,1088,1087,218,146,0,-0.00995365
Warm A,769431,4582,4581,218,146,1,0.008951133
Warm A,974251,5878,5877,218,146,0,0.0022837166
Warm A,860046,5172,5171,218,146,0,0.001971499
Warm A,497877,3056,3055,227,151,0,0.0012415918
Warm A,493940,3032,3031,227,151,1,-0.0010224225
Warm A,472439,2907,2906,227,151,0,-0.0027859416
Warm A,473397,2909,2908,227,151,1,-0.0028469488
Warm A,486952,2996,2995,227,151,0,0.008700697
Warm A,463146,2857,2856,227,151,0,0.0019556433
Warm A,453593,2793,2792,227,151,0,-0.0055512935
Warm A,450698,2777,2776,227,151,0,0.0005852466
Warm A,447865,2761,2760,227,151,0,0.0038814042
Warm A,441680,2712,2711,227,151,1,-0.0052330717
Warm A,429833,2620,2619,227,151,0,5.5288197e-05
Warm A,427446,2595,2594,227,151,1,0.006958083
Warm A,423411,2566,2565,227,151,0,0.002906993
Warm A,408096,2453,2452,227,151,0,-0.0025216881
Warm A,394494,2326,2325,227,151,0,0.004479408
Warm A,392039,2304,2303,227,151,1,0.0030863187
Warm A,375047,2186,2185,227,151,1,0.006136732
Warm A,349490,2051,2050,227,151,0,0.0039628204
Warm A,340522,2010,2009,227,151,0,0.00041759998
Warm A,321796,1909,1908,227,151,0,0.000122015364
Warm A,315060,1880,1879,227,151,0,0.0011181994
Warm A,297385,1764,1763,227,151,1,-0.0023478365
Warm A,288820,1726,1725,227,151,0,0.003224569
Warm A,265636,1613,1612,227,151,0,0.0018019704
Warm A,244635,1473,1472,227,151,0,-0.0016398244
Warm A,235814,1427,1426,227,151,0,-0.0019551713
Warm A,244398,1472,1471,227,151,0,-0.00049388263
Warm A,227038,1377,1376,227,151,0,0.0078589795
Warm A,220651,1338,1337,227,151,0,-0.00017039257
Warm A,217558,1320,1319,227,151,0,0.0059522283
Warm A,221209,1340,1339,227,151,0,-0.00051182625
Warm A,243792,1470,1469,227,151,0,0.013874151
Warm A,193150,1193,1192,227,151,0,-0.00054783747
Warm A,192322,1184,1183,227,151,0,0.0055932086
Warm A,190650,1181,1180,227,151,0,0.0003211578
Warm A,173073,1097,1096,227,151,0,0.00291486
Warm A,171429,1088,1087,227,151,0,-0.0061333016
Warm A,154788,999,998,227,151,0,0.0064984886
Warm A,157458,1012,1011,227,151,0,0.003073824
Warm A,276844,1675,1674,227,151,0,0.009024945
Warm A,136399,881,880,227,151,0,0.0070453538
Warm A,135511,877,876,227,151,0,0.0014335255
Warm A,202390,1244,1243,227,151,0,-0.002145971
Warm A,121840,785,784,227,151,0,0.005234978
Warm A,120325,777,776,227,151,0,0.0019579101
Warm A,114772,746,745,227,151,0,-0.0018069283
Warm A,96365,647,646,227,151,0,0.0050566634
Warm A,712846,4277,4276,227,151,0,-0.006323493
Warm A,480046,2946,2945,227,151,0,-0.003084881
Warm A,91161,604,603,227,151,0,-0.0012807981
Warm A,150491,970,969,227,151,0,-0.0030801103
Warm A,291248,1737,1736,227,151,1,-0.005940021
Warm A,77329,524,523,227,151,0,0.008278551
Warm A,80086,533,532,227,151,0,0.00015019625
Warm A,68619,461,460,227,151,0,-0.0025892868
Warm A,70115,474,473,227,151,1,-7.141172e-05
Warm A,239851,1449,1448,227,151,0,0.0018936219
Warm A,51448,338,337,227,151,0,0.00051651814
Warm A,55612,368,367,227,151,0,-0.0017856318
Warm A,38031,260,259,227,151,0,0.0039057278
Warm A,29199,199,198,227,151,1,-0.0014139181
Warm A,19415,148,147,227,151,1,0.0006123972
Warm A,27174,192,191,227,151,0,0.00069814036
Warm A,30509,204,203,227,151,0,-0.0014801647
Warm A,78361,528,527,227,151,0,0.008118889
Warm A,599132,3648,3647,227,151,1,-0.004506088
Warm A,62725,424,423,227,151,0,0.005025938
Warm A,587782,3589,3588,227,151,1,0.0053908415
Warm A,941340,5682,5681,227,151,0,0.0020888366
Warm A,359294,2102,2101,229,152,0,0.0020518536
Warm A,359977,2105,2104,229,152,1,0.010907268
Warm A,335668,1980,1979,229,152,0,0.006695611
Warm A,282569,1694,1693,229,152,1,-0.00021319231
Warm A,282240,1693,1692,229,152,0,-0.0029430198
Warm A,278890,1680,1679,229,152,1,0.0074818963
Warm A,333310,1968,1967,229,152,0,0.0024171215
Warm A,296373,1758,1757,229,152,1,-0.0037430825
Warm A,211758,1288,1287,229,152,0,0.008716292
Warm A,203994,1255,1254,229,152,1,0.0068490533
Warm A,210741,1285,1284,229,152,1,-0.00189975
Warm A,210056,1284,1283,229,152,0,-0.0043110624
Warm A,185063,1150,1149,229,152,1,-0.00071499497
Warm A,307307,1835,1834,229,152,1,0.0033626284
Warm A,183918,1146,1145,229,152,1,0.0018010826
Warm A,163729,1050,1049,229,152,0,0.0053835
Warm A,159930,1019,1018,229,152,0,0.003272607
Warm A,131814,854,853,229,152,0,0.0096522225
Warm A,223418,1354,1353,229,152,0,-0.0036000442
Warm A,107296,706,705,229,152,0,0.0055505107
Warm A,696022,4169,4168,229,152,0,0.0025649425
Warm A,284003,1698,1697,229,152,1,0.0006000872
Warm A,89185,588,587,229,152,1,0.008379274
Warm A,77331,524,523,229,152,1,0.011902632
Warm A,72910,493,492,229,152,1,0.0053313384
Warm A,71890,482,481,229,152,0,0.0013885535
Warm A,98679,660,659,229,152,0,0.004055309
Warm A,221210,1340,1339,229,152,0,-0.0046204207
Warm A,28152,195,194,229,152,1,0.0034892727
Warm A,5051,36,35,229,152,1,-0.0064522033
Warm A,296,5,4,229,152,0,0.0044254996
Warm A,164393,1051,1050,229,152,1,0.0026343632
Warm A,863851,5205,5204,229,152,0,0.00071812933
Warm A,140655,904,903,229,152,0,-0.0028760405
Warm A,892871,5394,5393,229,152,0,0.0059113614
Warm A,110685,721,720,229,152,0,0.007179761
Warm A,828614,4979,4978,229,152,0,0.0009150868
Warm A,256064,1561,1560,229,152,1,0.009109583
Warm A,241071,1451,1450,229,152,1,-0.0030592093
Warm A,169899,1079,1078,229,152,0,-0.0016102536
Warm A,484918,2986,2985,229,152,0,-0.008568234
Warm A,245731,1484,1483,229,152,1,-0.0047477786
Warm A,156680,1010,1009,229,152,0,0.002685009
Warm A,285215,1701,1700,229,152,1,-0.001746946
Warm A,62726,424,423,229,152,1,-0.0023245765
Warm A,895651,5413,5412,229,152,1,0.005063827
Warm A,790341,4728,4727,229,152,1,-0.00044584926
Warm A,841050,5054,5053,229,152,0,-9.873463e-05
Warm A,550798,3392,3391,234,157,1,-0.0022114145
Warm A,575217,3519,3518,234,157,0,0.0076832995
Warm A,549933,3391,3390,234,157,0,0.009392211
Warm A,542100,3336,3335,234,157,0,0.008543567
Warm A,536978,3311,3310,234,157,0,-0.006802229
Warm A,535879,3308,3307,234,157,1,0.0020697322
Warm A,514823,3180,3179,234,157,0,0.003743958
Warm A,508533,3129,3128,234,157,0,0.0035340288
Warm A,574663,3518,3517,234,157,0,7.446529e-05
Warm A,502077,3082,3081,234,157,0,0.0047598323
Warm A,467922,2885,2884,234,157,0,0.007839233
Warm A,459401,2829,2828,234,157,0,0.0016356339
Warm A,450708,2777,2776,234,157,1,-0.0012984008
Warm A,450210,2776,2775,234,157,0,0.0079718735
Warm A,444585,2743,2742,234,157,0,0.0072786906
Warm A,435770,2664,2663,234,157,0,0.015440924
Warm A,420424,2541,2540,234,157,1,0.015316114
Warm A,419255,2533,2532,234,157,1,0.0051230406
Warm A,399452,2378,2377,234,157,1,0.0044513326
Warm A,392045,2304,2303,234,157,1,0.0012630763
Warm A,385212,2251,2250,234,157,0,0.010857994
Warm A,377159,2203,2202,234,157,0,0.0054951473
Warm A,368308,2153,2152,234,157,0,0.0041266624
Warm A,362858,2116,2115,234,157,0,0.009467101
Warm A,359307,2102,2101,234,157,0,0.006008063
Warm A,355908,2085,2084,234,157,0,0.001978741
Warm A,361505,2109,2108,234,157,0,0.001824997
Warm A,340531,2010,2009,234,157,0,-0.0012939491
Warm A,350923,2060,2059,234,157,1,-0.0024525481
Warm A,287091,1714,1713,234,157,1,0.0038929433
Warm A,297393,1764,1763,234,157,0,-0.00017438992
Warm A,262162,1600,1599,234,157,0,-0.0076789493
Warm A,230074,1392,1391,234,157,0,0.009237548
Warm A,223422,1354,1353,234,157,0,-0.0009397715
Warm A,289252,1727,1726,234,157,0,0.004059427
Warm A,212827,1297,1296,234,157,0,0.007994596
Warm A,277524,1676,1675,234,157,0,0.0068139103
Warm A,205271,1263,1262,234,157,0,0.0044291927
Warm A,278910,1680,1679,234,157,1,0.003202201
Warm A,243801,1470,1469,234,157,1,-0.0029715607
Warm A,193152,1193,1192,234,157,0,0.012680892
Warm A,188893,1172,1171,234,157,0,0.0035888955
Warm A,327842,1941,1940,234,157,0,0.01271491
Warm A,161968,1033,1032,234,157,0,0.0008753997
Warm A,189298,1173,1172,234,157,0,0.0022989418
Warm A,156692,1010,1009,234,157,0,0.0026781259
Warm A,136408,881,880,234,157,0,0.0030210041
Warm A,135517,877,876,234,157,0,0.0074093184
Warm A,332567,1962,1961,234,157,0,0.012091993
Warm A,124198,800,799,234,157,0,0.0031957924
Warm A,360620,2106,2105,234,157,0,0.004573993
Warm A,112362,731,730,234,157,0,0.014894903
Warm A,107810,710,709,234,157,0,0.0011551599
Warm A,98685,660,659,234,157,0,0.006779869
Warm A,96367,647,646,234,157,0,-0.00034362904
Warm A,314045,1875,1874,234,157,0,0.005574104
Warm A,631455,3821,3820,234,157,0,0.0042394428
Warm A,82931,549,548,234,157,1,0.015399685
Warm A,190669,1181,1180,234,157,0,0.009894901
Warm A,77339,524,523,234,157,0,0.011811135
Warm A,119116,770,769,234,157,0,-0.00086959405
Warm A,81564,543,542,234,157,1,0.009541359
Warm A,68625,461,460,234,157,0,0.00903235
Warm A,65260,438,437,234,157,1,0.003141007
Warm A,251100,1516,1515,234,157,0,0.011397237
Warm A,57185,386,385,234,157,0,-0.0022743202
Warm A,132352,855,854,234,157,0,0.009358726
Warm A,696038,4169,4168,234,157,0,0.011485826
Warm A,32087,216,215,234,157,0,0.005310779
Warm A,299956,1779,1778,234,157,0,0.0025661746
Warm A,3431,26,25,234,157,0,0.008893266
Warm A,6837,48,47,234,157,0,0.010651076
Warm A,354786,2077,2076,234,157,0,0.00039639277
Warm A,966657,5831,5830,234,157,0,0.013162692
Warm A,326047,1930,1929,234,157,0,0.0038667421
Warm A,974941,5880,5879,234,157,0,0.007490885
Warm A,264992,1611,1610,234,157,0,0.011733992
Warm A,102094,678,677,234,157,0,0.005981444
Warm A,537813,3312,3311,234,157,0,-0.0007387223
Warm A,79256,531,530,234,157,0,0.012907108
Warm A,159942,1019,1018,234,157,0,0.0044459505
Warm A,71898,482,481,234,157,0,0.015230836
Warm A,331457,1958,1957,234,157,0,0.0011657386
Warm A,930357,5621,5620,234,157,1,0.005973978
Warm A,310586,1851,1850,234,157,0,0.0035207672
Warm A,923887,5580,5579,234,157,0,0.004787432
Warm A,234849,1425,1424,234,157,0,-0.0033074142
Warm A,758479,4510,4509,239,161,1,0.0044352533
Warm A,579164,3539,3538,239,161,1,0.016939087
Warm A,744777,4448,4447,239,161,0,0.008879909
Warm A,570241,3499,3498,239,161,1,0.014461397
Warm A,562482,3462,3461,239,161,0,0.0066078855
Warm A,557177,3423,3422,239,161,0,0.0061555365
Warm A,553181,3403,3402,239,161,0,0.0034568748
Warm A,554432,3411,3410,239,161,0,0.005336771
Warm A,689793,4126,4125,239,161,1,-0.0028512543
Warm A,543227,3345,3344,239,161,0,0.009433281
Warm A,532693,3290,3289,239,161,0,0.0071907826
Warm A,530645,3279,3278,239,161,0,0.0053166226
Warm A,509458,3138,3137,239,161,0,0.00463173
Warm A,493956,3032,3031,239,161,1,0.010305094
Warm A,492005,3026,3025,239,161,0,0.0034396595
Warm A,487555,2999,2998,239,161,0,0.0015004594
Warm A,477969,2934,2933,239,161,1,0.004708862
Warm A,477449,2931,2930,239,161,0,0.005404093
Warm A,473414,2909,2908,239,161,0,0.014082266
Warm A,423118,2565,2564,239,161,0,0.007190728
Warm A,420615,2542,2541,239,161,1,0.007721929
Warm A,419683,2537,2536,239,161,0,0.008497195
Warm A,414318,2495,2494,239,161,0,0.004081301
Warm A,399453,2378,2377,239,161,0,0.008592206
Warm A,389920,2288,2287,239,161,0,0.0033225217
Warm A,418558,2529,2528,239,161,1,0.013295602
Warm A,379883,2222,2221,239,161,1,-0.0022279345
Warm A,373377,2180,2179,239,161,0,0.0060446607
Warm A,358827,2100,2099,239,161,0,0.0063837357
Warm A,345777,2029,2028,239,161,0,1.0999851e-05
Warm A,341485,2012,2011,239,161,0,0.008032176
Warm A,339469,2000,1999,239,161,1,0.013569593
Warm A,362862,2116,2115,239,161,1,0.0064345086
Warm A,326963,1938,1937,239,161,1,0.011003685
Warm A,288090,1721,1720,239,161,0,-0.0073832935
Warm A,277529,1676,1675,239,161,1,0.0032092244
Warm A,272778,1647,1646,239,161,1,0.01041456
Warm A,257023,1574,1573,239,161,0,-0.005468342
Warm A,256596,1568,1567,239,161,1,0.007680708
Warm A,309251,1841,1840,239,161,0,0.0042972746
Warm A,360622,2106,2105,239,161,0,0.006091696
Warm A,321235,1904,1903,239,161,0,0.005295225
Warm A,247305,1495,1494,239,161,0,0.003071223
Warm A,216187,1312,1311,239,161,0,0.010229943
Warm A,216390,1314,1313,239,161,0,0.0025653308
Warm A,278914,1680,1679,239,161,1,0.013411793
Warm A,207736,1271,1270,239,161,0,0.0099372985
Warm A,213367,1298,1297,239,161,0,0.0066598207
Warm A,235815,1427,1426,239,161,0,0.012107119
Warm A,236341,1434,1433,239,161,0,0.0058574732
Warm A,327844,1941,1940,239,161,0,0.0042710584
Warm A,183132,1141,1140,239,161,0,-0.0003260465
Warm A,178011,1120,1119,239,161,1,0.0031006683
Warm A,172833,1096,1095,239,161,0,0.0039433166
Warm A,272093,1645,1644,239,161,0,0.008836677
Warm A,155790,1004,1003,239,161,0,0.0068927025
Warm A,165443,1054,1053,239,161,1,0.011034816
Warm A,146226,940,939,239,161,0,-0.0006903317
Warm A,144832,934,933,239,161,0,0.010402264
Warm A,164403,1051,1050,239,161,1,0.020639777
Warm A,156694,1010,1009,239,161,0,0.010683014
Warm A,276855,1675,1674,239,161,0,0.0029209524
Warm A,138022,889,888,239,161,0,0.0062406566
Warm A,137304,885,884,239,161,1,0.004208793
Warm A,136411,881,880,239,161,0,0.004464043
Warm A,133760,866,865,239,161,0,0.0007361099
Warm A,134126,869,868,239,161,1,-0.0021599517
Warm A,263144,1605,1604,239,161,0,0.0059462124
Warm A,126524,817,816,239,161,1,0.010041738
Warm A,124200,800,799,239,161,1,0.010333987
Warm A,121052,780,779,239,161,0,0.0034697326
Warm A,234852,1425,1424,239,161,0,0.006078399
Warm A,107158,705,704,239,161,0,0.007337588
Warm A,109229,714,713,239,161,1,0.007213726
Warm A,94461,634,633,239,161,0,0.002577126
Warm A,92209,614,613,239,161,1,0.008075762
Warm A,91501,606,605,239,161,0,0.004242665
Warm A,87221,570,569,239,161,0,0.011358988
Warm A,81204,541,540,239,161,0,0.0052876943
Warm A,84004,550,549,239,161,0,0.0028063124
Warm A,75248,510,509,239,161,1,0.012047339
Warm A,73084,494,493,239,161,0,0.0013212275
Warm A,69613,467,466,239,161,0,-0.0004112015
Warm A,87054,569,568,239,161,0,0.0064952336
Warm A,65262,438,437,239,161,0,0.007997385
Warm A,64467,430,429,239,161,1,0.011120496
Warm A,41818,284,283,239,161,0,0.0026810912
Warm A,38304,261,260,239,161,0,0.009537535
Warm A,365175,2125,2124,239,161,0,0.008434403
Warm A,21783,158,157,239,161,1,0.007920651
Warm A,22553,163,162,239,161,0,0.013387375
Warm A,269819,1635,1634,239,161,0,0.011364654
Warm A,10518,75,74,239,161,1,-0.00095123146
Warm A,6842,48,47,239,161,0,0.013113925
Warm A,233985,1422,1421,239,161,0,0.011182883
Warm A,439797,2688,2687,239,161,0,0.009995995
Warm A,19440,148,147,239,161,1,-0.000845504
Warm A,552205,3401,3400,239,161,1,0.013015409
Warm A,139150,890,889,239,161,1,-3.811717e-05
Warm A,28186,195,194,239,161,1,0.012294857
Warm A,12011,92,91,239,161,1,0.0076272553
Warm A,376339,2195,2194,239,161,0,0.011629531
Warm A,40011,271,270,239,161,0,0.0039094933
Warm A,344799,2023,2022,239,161,1,0.0110413665
Warm A,54513,355,354,239,161,0,0.001493142
Warm A,456395,2810,2809,239,161,0,0.0017917871
Warm A,171445,1088,1087,239,161,0,0.012235343
Warm A,865892,5222,5221,239,161,0,0.0081977565
Warm A,117893,760,759,242,162,1,0.01768452
Warm A,116043,752,751,242,162,0,0.015952487
Warm A,91941,611,610,242,162,0,0.006203482
Warm A,288571,1724,1723,242,162,1,0.0052050157
Warm A,74709,509,508,242,162,0,0.0056478
Warm A,132357,855,854,242,162,0,0.005253312
Warm A,696049,4169,4168,242,162,1,0.008791803
Warm A,34134,230,229,242,162,1,0.00950409
Warm A,199826,1227,1226,242,162,1,-0.0018855305
Warm A,734231,4387,4386,242,162,0,0.0021094652
Warm A,26452,187,186,242,162,1,0.0038296436
Warm A,17522,136,135,242,162,1,0.009417724
Warm A,7763,53,52,242,162,0,0.015275403
Warm A,94563,635,634,242,162,1,0.0007985163
Warm A,932510,5630,5629,242,162,1,0.0068810107
Warm A,20025,149,148,242,162,1,0.011299308
Warm A,607654,3688,3687,242,162,1,-0.0025454115
Warm A,17821,137,136,242,162,1,0.011355351
Warm A,287650,1717,1716,242,162,1,0.002413776
Warm A,52171,343,342,242,162,1,0.004415659
Warm A,467924,2885,2884,248,165,0,-0.00017303089
Warm A,465347,2870,2869,248,165,0,0.0053880997
Warm A,492611,3029,3028,248,165,0,0.005313378
Warm A,450717,2777,2776,248,165,1,-0.0048918966
Warm A,444589,2743,2742,248,165,1,-0.010668835
Warm A,466722,2878,2877,248,165,0,-0.0016196957
Warm A,564283,3471,3470,248,165,0,-0.0068255747
Warm A,420426,2541,2540,248,165,1,-0.00091549684
Warm A,420193,2540,2539,248,165,1,-0.004387705
Warm A,419689,2537,2536,248,165,0,0.00073993905
Warm A,419258,2533,2532,248,165,0,-0.0067944806
Warm A,417933,2525,2524,248,165,0,0.00049428083
Warm A,416477,2507,2506,248,165,1,-0.010602213
Warm A,384963,2249,2248,248,165,0,-0.0045779096
Warm A,379886,2222,2221,248,165,0,-0.0017003038
Warm A,377745,2205,2204,248,165,0,-0.009931946
Warm A,375518,2188,2187,248,165,0,-0.00036323024
Warm A,370461,2166,2165,248,165,0,-0.003788003
Warm A,366570,2136,2135,248,165,0,-0.002467454
Warm A,355916,2085,2084,248,165,0,-0.0032349636
Warm A,361512,2109,2108,248,165,0,0.00018048799
Warm A,358829,2100,2099,248,165,0,0.0016606543
Warm A,345067,2024,2023,248,165,1,0.0070211864
Warm A,297396,1764,1763,248,165,0,0.002268965
Warm A,281205,1687,1686,248,165,1,0.0046995217
Warm A,278929,1680,1679,248,165,1,-0.008908853
Warm A,264555,1609,1608,248,165,1,-0.007285444
Warm A,309252,1841,1840,248,165,0,0.005776709
Warm A,237042,1441,1440,248,165,0,-0.005128173
Warm A,217955,1322,1321,248,165,1,0.0028369052
Warm A,210063,1284,1283,248,165,0,-0.0022510781
Warm A,198784,1221,1220,248,165,0,-0.0002422221
Warm A,185083,1150,1149,248,165,0,-0.0005508922
Warm A,173578,1100,1099,248,165,0,-0.0039389282
Warm A,163739,1050,1049,248,165,0,-0.0044399668
Warm A,189302,1173,1172,248,165,0,-0.011277702
Warm A,165445,1054,1053,248,165,0,0.00019045826
Warm A,164412,1051,1050,248,165,0,-0.002519215
Warm A,136415,881,880,248,165,0,0.002835006
Warm A,351606,2063,2062,248,165,0,-0.0067313123
Warm A,124811,802,801,248,165,0,8.4341504e-05
Warm A,360626,2106,2105,248,165,0,0.0061985124
Warm A,112371,731,730,248,165,1,0.003516559
Warm A,105961,699,698,248,165,0,-0.009537168
Warm A,299530,1778,1777,248,165,0,-0.004091939
Warm A,239872,1449,1448,248,165,0,0.0017921028
Warm A,86550,566,565,248,165,0,0.00013066456
Warm A,119120,770,769,248,165,0,-0.0020661782
Warm A,70713,476,475,248,165,1,-0.0012773233
Warm A,65269,438,437,248,165,0,-0.00012008194
Warm A,626633,3792,3791,248,165,0,-0.0033934813
Warm A,228136,1383,1382,248,165,0,0.0006609794
Warm A,52555,346,345,248,165,1,-0.0005204908
Warm A,51811,340,339,248,165,1,-0.00014788145
Warm A,132359,855,854,248,165,0,-0.0022698243
Warm A,44562,302,301,248,165,0,0.005197942
Warm A,39575,268,267,248,165,0,0.00079828454
Warm A,38318,261,260,248,165,1,0.0007275664
Warm A,32118,216,215,248,165,0,0.00024581468
Warm A,27708,194,193,248,165,1,0.0033497717
Warm A,3455,26,25,248,165,0,0.006662217
Warm A,2619,22,21,248,165,0,0.006664766
Warm A,545263,3363,3362,248,165,1,-0.0036794236
Warm A,896,10,9,248,165,1,-0.0041426565
Warm A,107814,710,709,248,165,0,0.000717293
Warm A,237761,1447,1446,248,165,0,-0.0010291182
Warm A,362871,2116,2115,248,165,0,-0.001276091
Warm A,567359,3483,3482,248,165,0,0.0020917733
Warm A,144835,934,933,248,165,0,-0.002200554
Warm A,331463,1958,1957,248,165,0,0.009242753
Warm A,599147,3648,3647,248,165,0,-0.008715986
Warm A,327857,1941,1940,248,165,0,0.0034828288
Warm A,251104,1516,1515,248,165,0,0.006716513
Warm A,28217,195,194,248,165,1,-0.003529088
Warm A,354788,2077,2076,248,165,1,-0.011275828
Warm A,272784,1647,1646,248,165,0,-0.003513521
Warm A,295587,1755,1754,248,165,0,-0.0007301379
Warm A,272097,1645,1644,248,165,1,-0.005865968
Warm A,354792,2077,2076,255,169,0,0.014379142
Warm A,709722,4258,4257,255,169,0,0.008186627
Warm A,326052,1930,1929,255,169,0,0.011123443
Warm A,342333,2015,2014,255,169,1,0.0043192385
Warm A,28240,195,194,255,169,0,0.012017786
Warm A,351626,2063,2062,255,169,0,0.0049172966
Warm A,358440,2098,2097,257,171,0,0.0071851015
Warm A,349822,2054,2053,257,171,0,0.006627454
Warm A,351628,2063,2062,257,171,0,0.00677746
Warm A,298653,1773,1772,257,171,1,0.0027230587
Warm A,295594,1755,1754,257,171,1,0.0073800543
Warm A,265655,1613,1612,257,171,0,0.008455322
Warm A,315086,1880,1879,257,171,0,0.013191018
Warm A,264558,1609,1608,257,171,0,0.004953325
Warm A,277549,1676,1675,257,171,0,0.009227691
Warm A,254325,1546,1545,257,171,1,0.005635157
Warm A,278953,1680,1679,257,171,0,0.006336336
Warm A,193553,1194,1193,257,171,1,0.0019217175
Warm A,219783,1333,1332,257,171,0,0.0050296364
Warm A,331478,1958,1957,257,171,1,0.0016477082
Warm A,183933,1146,1145,257,171,0,0.005166402
Warm A,165175,1053,1052,257,171,0,0.003783576
Warm A,170216,1084,1083,257,171,0,0.006027258
Warm A,185103,1150,1149,257,171,0,0.0010379155
Warm A,216919,1317,1316,257,171,0,0.008930525
Warm A,138058,889,888,257,171,0,0.0072593074
Warm A,174989,1109,1108,257,171,0,0.0011364196
Warm A,105971,699,698,257,171,1,0.005677021
Warm A,107824,710,709,257,171,0,0.0131833125
Warm A,100108,669,668,257,171,0,0.007523826
Warm A,176828,1117,1116,257,171,0,0.007429066
Warm A,239886,1449,1448,257,171,0,0.0036612232
Warm A,110708,721,720,257,171,1,0.005994293
Warm A,299539,1778,1777,257,171,1,0.0036385558
Warm A,291270,1737,1736,257,171,1,0.008227238
Warm A,190695,1181,1180,257,171,0,0.007504096
Warm A,77356,524,523,257,171,0,0.011756828
Warm A,75358,512,511,257,171,1,-0.00313972
Warm A,44589,302,301,257,171,0,0.008391012
Warm A,56987,385,384,257,171,0,0.006014456
Warm A,27230,192,191,257,171,0,-0.00068323314
Warm A,2636,22,21,257,171,0,0.0031711026
Warm A,1553,15,14,257,171,0,0.00016926782
Warm A,578191,3532,3531,257,171,1,-0.0003509191
Warm A,104225,692,691,257,171,0,0.0049379906
Warm A,696073,4169,4168,257,171,0,0.003792487
Warm A,481728,2962,2961,257,171,0,0.0039503463
Warm A,19478,148,147,257,171,1,-0.0001387205
Warm A,50207,331,330,257,171,0,0.0023452821
Warm A,167095,1063,1062,257,171,0,0.0028178622
Warm A,439117,2683,2682,257,171,1,0.011806076
Warm A,150505,970,969,257,171,0,0.01016197
Warm A,567366,3483,3482,257,171,1,0.007458062
Warm A,413687,2489,2488,257,171,0,0.01055202
Warm A,11642,90,89,257,171,1,0.0027392055
Warm A,476299,2926,2925,257,171,0,0.0067540994
Warm A,473439,2909,2908,257,171,1,0.008291825
Warm A,561524,3454,3453,257,171,0,0.009461034
Warm A,941356,5682,5681,257,171,1,0.015223989
Warm A,468340,2887,2886,257,171,0,0.011024874
Warm A,581747,3555,3554,258,172,0,0.0023030513
Warm A,573198,3511,3510,258,172,1,0.0059613013
Warm A,573472,3512,3511,258,172,0,0.0033326382
Warm A,559061,3434,3433,258,172,0,0.0068964236
Warm A,553326,3404,3403,258,172,1,0.0016007621
Warm A,548959,3389,3388,258,172,0,0.00834804
Warm A,589849,3599,3598,258,172,0,-0.004899994
Warm A,504126,3099,3098,258,172,0,0.0058264933
Warm A,492016,3026,3025,258,172,0,0.0032357385
Warm A,489542,3013,3012,258,172,0,0.012061799
Warm A,517836,3196,3195,258,172,1,0.014836315
Warm A,471317,2900,2899,258,172,0,0.003339299
Warm A,466734,2878,2877,258,172,0,0.0056961
Warm A,492622,3029,3028,258,172,0,0.005355034
Warm A,474972,2915,2914,258,172,0,-0.00065022835
Warm A,438973,2682,2681,258,172,0,0.0028610278
Warm A,450731,2777,2776,258,172,0,0.0067424085
Warm A,423418,2566,2565,258,172,0,0.0033455961
Warm A,463762,2858,2857,258,172,1,0.0031184852
Warm A,396317,2344,2343,258,172,0,-0.0020281961
Warm A,391129,2299,2298,258,172,0,0.0011743696
Warm A,389928,2288,2287,258,172,0,0.0077926028
Warm A,389588,2284,2283,258,172,0,0.0026250975
Warm A,384058,2244,2243,258,172,0,0.0018516344
Warm A,376967,2202,2201,258,172,0,0.0045813546
Warm A,370680,2167,2166,258,172,0,0.0021176792
Warm A,370463,2166,2165,258,172,0,0.0045453077
Warm A,348403,2042,2041,258,172,0,0.0045765247
Warm A,339778,2003,2002,258,172,0,0.0013310156
Warm A,300708,1781,1780,258,172,0,0.0046838373
Warm A,268313,1630,1629,258,172,0,0.0028685909
Warm A,260364,1592,1591,258,172,1,0.0018837149
Warm A,247307,1495,1494,258,172,0,0.0013132661
Warm A,227059,1377,1376,258,172,0,0.0147193875
Warm A,224097,1356,1355,258,172,0,0.0015205413
Warm A,212835,1297,1296,258,172,0,0.0029323273
Warm A,272796,1647,1646,258,172,0,0.0067675556
Warm A,243822,1470,1469,258,172,0,0.012162338
Warm A,236347,1434,1433,258,172,0,-0.0023646397
Warm A,198598,1220,1219,258,172,0,0.0016082488
Warm A,327882,1941,1940,258,172,0,-0.00239171
Warm A,248738,1501,1500,258,172,1,0.0046811737
Warm A,168340,1069,1068,258,172,0,0.003509794
Warm A,276638,1673,1672,258,172,0,0.0038194372
Warm A,227578,1380,1379,258,172,0,0.009194701
Warm A,165448,1054,1053,258,172,0,0.009530274
Warm A,146227,940,939,258,172,0,0.011473736
Warm A,138059,889,888,258,172,0,0.0023994856
Warm A,134144,869,868,258,172,0,0.0071881325
Warm A,123849,798,797,258,172,1,0.0015081232
Warm A,123352,796,795,258,172,0,0.0021640272
Warm A,120344,777,776,258,172,0,0.008927467
Warm A,360637,2106,2105,258,172,0,0.003318197
Warm A,216395,1314,1313,258,172,0,0.0050844783
Warm A,299540,1778,1777,258,172,0,0.010444596
Warm A,362886,2116,2115,258,172,0,0.008361051
Warm A,96116,646,645,258,172,1,0.00234426
Warm A,93758,629,628,258,172,1,6.4894324e-05
Warm A,85789,560,559,258,172,1,0.0020836815
Warm A,85237,556,555,258,172,0,-0.0036266919
Warm A,70725,476,475,258,172,0,-0.0021434969
Warm A,69766,470,469,258,172,1,-0.0028541302
Warm A,65276,438,437,258,172,0,0.00421796
Warm A,75858,516,515,258,172,0,-0.0018173817
Warm A,56106,372,371,258,172,1,0.006724488
Warm A,58105,392,391,258,172,0,-0.0014716552
Warm A,29240,199,198,258,172,1,-0.00038213655
Warm A,19479,148,147,258,172,0,0.0071525546
Warm A,15045,119,118,258,172,0,0.0069309804
Warm A,10526,75,74,258,172,1,0.008851779
Warm A,5612,40,39,258,172,0,-0.0026011157
Warm A,237776,1447,1446,258,172,0,0.000594968
Warm A,954201,5761,5760,258,172,0,0.0019509108
Warm A,12045,92,91,258,172,0,0.009117183
Warm A,241089,1451,1450,258,172,0,0.009711878
Warm A,376343,2195,2194,258,172,0,0.003669658
Warm A,454552,2796,2795,258,172,0,0.0052592093
Warm A,310601,1851,1850,258,172,0,-0.0006144517
Warm A,40031,271,270,258,172,0,-0.00867096
Warm A,255478,1556,1555,258,172,0,0.0090810945
Warm A,456401,2810,2809,258,172,0,0.009839473
Warm A,206288,1265,1264,258,172,0,-0.0009398265
Warm A,52182,343,342,258,172,1,0.0022362364
Warm A,171467,1088,1087,258,172,0,0.0026320321
Warm A,324903,1925,1924,259,173,1,-0.0042855535
Warm A,295991,1757,1756,259,173,0,-0.00022174884
Warm A,265656,1613,1612,259,173,0,0.0003871331
Warm A,185104,1150,1149,259,173,0,-0.0045452844
Warm A,307333,1835,1834,259,173,0,-0.011655964
Warm A,210776,1285,1284,259,173,1,0.0013551833
Warm A,183934,1146,1145,259,173,0,-0.004702001
Warm A,168341,1069,1068,259,173,0,0.0002838603
Warm A,275468,1667,1666,259,173,0,0.003665684
Warm A,221231,1340,1339,259,173,0,-0.0053434586
Warm A,270817,1639,1638,259,173,0,0.00182288
Warm A,156715,1010,1009,259,173,1,0.0025539398
Warm A,335706,1980,1979,259,173,0,-0.0015452309
Warm A,126533,817,816,259,173,0,0.0064346986
Warm A,360638,2106,2105,259,173,0,-0.0041021598
Warm A,100109,669,668,259,173,0,0.0062671113
Warm A,239887,1449,1448,259,173,0,-0.00035871426
Warm A,631471,3821,3820,259,173,0,-0.0021290402
Warm A,696074,4169,4168,259,173,0,-0.008802849
Warm A,104226,692,691,259,173,0,-0.0020519085
Warm A,308508,1837,1836,259,173,1,-0.011800192
Warm A,82954,549,548,259,173,1,-0.008667317
Warm A,77357,524,523,259,173,1,-0.004671179
Warm A,197280,1211,1210,259,173,1,-0.004254007
Warm A,66279,443,442,259,173,0,-0.0026120704
Warm A,64188,429,428,259,173,0,-0.008433266
Warm A,44592,302,301,259,173,0,0.0015759692
Warm A,29919,202,201,259,173,0,0.0025716468
Warm A,291271,1737,1736,259,173,0,0.00014763325
Warm A,27232,192,191,259,173,0,-0.0011344398
Warm A,7791,53,52,259,173,1,0.008137595
Warm A,15646,123,122,259,173,0,-0.01018519
Warm A,354794,2077,2076,259,173,0,-0.0046802955
Warm A,150506,970,969,259,173,0,-0.00359646
Warm A,892893,5394,5393,259,173,0,-0.006884159
Warm A,966677,5831,5830,259,173,0,-0.005697076
Warm A,264998,1611,1610,259,173,0,-0.0076241307
Warm A,413688,2489,2488,259,173,0,-0.0022817652
Warm A,245737,1484,1483,259,173,1,0.0017235372
Warm A,50208,331,330,259,173,0,0.00013322663
Warm A,322231,1912,1911,259,173,0,-0.0020105606
Warm A,549955,3391,3390,259,173,0,0.009803985
Warm A,651331,3929,3928,262,176,0,0.006134145
Warm A,641554,3858,3857,262,176,1,0.0029576686
Warm A,630752,3816,3815,262,176,1,0.0067661637
Warm A,726409,4345,4344,262,176,1,0.00032891298
Warm A,602637,3667,3666,262,176,1,0.0013628394
Warm A,591074,3606,3605,262,176,1,-0.00050100277
Warm A,582752,3560,3559,262,176,1,0.0037246034
Warm A,579190,3539,3538,262,176,0,-0.00056041544
Warm A,563666,3469,3468,262,176,1,0.001241949
Warm A,535909,3308,3307,262,176,0,0.0036153959
Warm A,533190,3292,3291,262,176,1,0.0060781334
Warm A,825524,4958,4957,262,176,0,0.0029853904
Warm A,830916,4995,4994,262,176,1,0.004054893
Warm A,524514,3234,3233,262,176,1,0.0038014064
Warm A,522405,3224,3223,262,176,1,0.0022259546
Warm A,512730,3163,3162,262,176,1,0.0063733733
Warm A,506629,3118,3117,262,176,1,-0.0030491594
Warm A,502853,3087,3086,262,176,1,-6.8080844e-05
Warm A,712906,4277,4276,262,176,1,0.0005741357
Warm A,766012,4561,4560,262,176,1,-0.00020132482
Warm A,633110,3824,3823,262,176,1,0.0013417946
Warm A,485744,2990,2989,262,176,1,-0.0041025374
Warm A,477989,2934,2933,262,176,1,0.0033314954
Warm A,478756,2938,2937,262,176,1,0.0012386225
Warm A,465967,2873,2872,262,176,0,-0.0007050317
Warm A,455794,2807,2806,262,176,1,0.0044035055
Warm A,466740,2878,2877,262,176,1,0.014343422
Warm A,450741,2777,2776,262,176,0,-0.001995179
Warm A,444949,2744,2743,262,176,0,0.0046283705
Warm A,478554,2936,2935,262,176,1,0.008608967
Warm A,696095,4169,4168,262,176,0,-0.0016135708
Warm A,437920,2676,2675,262,176,1,-0.0016175287
Warm A,410423,2462,2461,262,176,1,0.004168072
Warm A,401763,2396,2395,262,176,0,0.0037921988
Warm A,400919,2389,2388,262,176,1,0.007009125
Warm A,400339,2383,2382,262,176,1,0.00390834
Warm A,406779,2444,2443,262,176,1,0.0009773734
Warm A,381280,2230,2229,262,176,0,-0.006067004
Warm A,377756,2205,2204,262,176,0,0.0030733852
Warm A,354024,2073,2072,262,176,1,-0.001402781
Warm A,339781,2003,2002,262,176,1,0.0003257289
Warm A,315101,1880,1879,262,176,1,0.0066937003
Warm A,292866,1744,1743,262,176,1,0.0072043175
Warm A,282251,1693,1692,262,176,0,0.0027985
Warm A,236856,1439,1438,262,176,1,-0.00058787316
Warm A,348918,2047,2046,262,176,1,0.008703878
Warm A,231881,1406,1405,262,176,1,-0.0077342144
Warm A,225734,1367,1366,262,176,1,0.0046824464
Warm A,228161,1383,1382,262,176,0,0.0036315932
Warm A,222730,1348,1347,262,176,1,0.010166413
Warm A,319256,1897,1896,262,176,1,0.010184551
Warm A,283496,1697,1696,262,176,1,0.0019935842
Warm A,213381,1298,1297,262,176,1,0.0063342853
Warm A,194120,1196,1195,262,176,1,0.0102515025
Warm A,185121,1150,1149,262,176,0,-0.0028001438
Warm A,183787,1145,1144,262,176,1,-6.202969e-05
Warm A,177511,1119,1118,262,176,1,0.013643357
Warm A,263179,1605,1604,262,176,1,0.0015513673
Warm A,169786,1078,1077,262,176,0,-0.0015104252
Warm A,168350,1069,1068,262,176,1,-0.0019685826
Warm A,334525,1974,1973,262,176,1,0.0026809766
Warm A,159185,1017,1016,262,176,0,0.0048863026
Warm A,319989,1899,1898,262,176,1,0.0025077239
Warm A,166947,1062,1061,262,176,1,-0.005728909
Warm A,360652,2106,2105,262,176,0,-0.001485466
Warm A,384673,2247,2246,262,176,0,-0.0054153074
Warm A,129314,839,838,262,176,1,-0.00018130126
Warm A,124208,800,799,262,176,0,0.0027931707
Warm A,349251,2050,2049,262,176,1,0.0028029466
Warm A,112383,731,730,262,176,1,0.0046067256
Warm A,292755,1743,1742,262,176,1,0.008453404
Warm A,93762,629,628,262,176,1,0.00399654
Warm A,169093,1073,1072,262,176,1,0.0028664018
Warm A,85903,561,560,262,176,1,-0.009050459
Warm A,85240,556,555,262,176,0,-0.0043475237
Warm A,84761,551,550,262,176,0,0.0025270465
Warm A,84029,550,549,262,176,0,-0.0094382465
Warm A,274191,1657,1656,262,176,1,0.0030122353
Warm A,76638,520,519,262,176,1,0.0028113339
Warm A,70123,474,473,262,176,1,0.0048712017
Warm A,64931,436,435,262,176,1,0.0066147577
Warm A,62781,424,423,262,176,1,0.00840611
Warm A,823723,4951,4950,262,176,1,0.0013118414
Warm A,19500,148,147,262,176,1,-0.00024294038
Warm A,10527,75,74,262,176,1,0.012605978
Warm A,2055,18,17,262,176,1,0.011499191
Warm A,104233,692,691,262,176,0,-0.00091680035
Warm A,206776,1266,1265,262,176,1,0.01140474
Warm A,28265,195,194,262,176,1,0.00035320304
Warm A,347965,2041,2040,262,176,1,-0.0047522793
Warm A,73804,500,499,262,176,1,0.0065060016
Warm A,158015,1015,1014,262,176,0,0.0035335275
Warm A,932513,5630,5629,262,176,1,-0.007352678
Warm A,181937,1137,1136,262,176,1,0.004095501
Warm A,30561,204,203,262,176,1,0.0008594997
Warm A,333785,1969,1968,262,176,1,-0.0014058766
Warm A,734247,4387,4386,262,176,0,0.003445012
Warm A,829937,4983,4982,262,176,1,-0.001279451
Warm A,272810,1647,1646,262,176,1,0.010738704
Warm A,309553,1842,1841,262,176,1,0.0010464537
Warm A,907609,5492,5491,262,176,1,0.0083429
Warm A,312836,1865,1864,262,176,1,-0.0035238976
Warm A,183148,1141,1140,262,176,0,0.006287584
Warm A,456409,2810,2809,262,176,0,0.002416839
Warm A,322240,1912,1911,262,176,0,0.0017169726
Warm A,795469,4765,4764,262,176,1,-0.0018194393
Warm A,206297,1265,1264,262,176,1,0.0030662543
Warm A,739376,4418,4417,262,176,1,0.0062513887
Warm A,768669,4579,4578,262,176,0,0.010756105
Warm A,472034,2905,2904,262,176,1,0.0054933447
Warm A,882895,5333,5332,262,176,0,0.009693424
Warm A,26000,184,183,262,176,1,-0.0010561361
Warm A,613213,3716,3715,267,179,1,0.012082588
Warm A,605702,3681,3680,267,179,0,0.019199098
Warm A,616110,3729,3728,267,179,0,0.003653111
Warm A,596455,3626,3625,267,179,1,0.005713888
Warm A,591506,3609,3608,267,179,0,0.0024370751
Warm A,731161,4375,4374,267,179,1,0.009947757
Warm A,578613,3537,3536,267,179,1,0.0053988104
Warm A,579192,3539,3538,267,179,1,0.00888651
Warm A,567377,3483,3482,267,179,0,0.0012974003
Warm A,528635,3267,3266,267,179,0,0.005788081
Warm A,532061,3285,3284,267,179,0,0.00949971
Warm A,537010,3311,3310,267,179,0,0.006579167
Warm A,515401,3182,3181,267,179,0,0.003759364
Warm A,514846,3180,3179,267,179,0,-0.0076687643
Warm A,502085,3082,3081,267,179,0,-0.00088271336
Warm A,516399,3189,3188,267,179,0,0.008614225
Warm A,493990,3032,3031,267,179,1,0.004435853
Warm A,492020,3026,3025,267,179,0,0.0006005895
Warm A,472479,2907,2906,267,179,0,-0.0005330569
Warm A,496440,3051,3050,267,179,0,-0.003712356
Warm A,518681,3201,3200,267,179,0,0.0026940196
Warm A,456410,2810,2809,267,179,1,0.0068895463
Warm A,465969,2873,2872,267,179,0,0.011176985
Warm A,434402,2649,2648,267,179,0,0.0043169134
Warm A,450744,2777,2776,267,179,0,0.012331282
Warm A,420432,2541,2540,267,179,1,0.004893359
Warm A,409555,2457,2456,267,179,0,0.00020970358
Warm A,399463,2378,2377,267,179,0,0.0040047634
Warm A,355924,2085,2084,267,179,0,0.014982192
Warm A,351645,2063,2062,267,179,0,0.020881325
Warm A,341507,2012,2011,267,179,0,-0.00267493
Warm A,340558,2010,2009,267,179,0,0.009286439
Warm A,323744,1920,1919,267,179,1,0.0046140775
Warm A,358219,2097,2096,267,179,0,-0.0026577641
Warm A,227068,1377,1376,267,179,0,0.0057716556
Warm A,213875,1299,1298,267,179,0,-0.003841571
Warm A,289270,1727,1726,267,179,0,0.0042914846
Warm A,277564,1676,1675,267,179,0,0.0060667978
Warm A,205285,1263,1262,267,179,1,0.010509177
Warm A,261687,1599,1598,267,179,0,0.009707456
Warm A,278970,1680,1679,267,179,0,0.012417074
Warm A,243838,1470,1469,267,179,0,0.006389994
Warm A,236351,1434,1433,267,179,1,0.00116222
Warm A,173593,1100,1099,267,179,0,0.01134244
Warm A,167780,1068,1067,267,179,1,0.013077532
Warm A,255483,1556,1555,267,179,0,0.010422535
Warm A,155807,1004,1003,267,179,0,-0.0045579774
Warm A,121484,781,780,267,179,0,0.00851237
Warm A,105977,699,698,267,179,0,0.016199606
Warm A,109240,714,713,267,179,1,-0.0027716975
Warm A,98708,660,659,267,179,0,0.009832796
Warm A,360653,2106,2105,267,179,0,-0.0016532881
Warm A,93763,629,628,267,179,0,0.012194179
Warm A,190717,1181,1180,267,179,1,0.009802078
Warm A,81586,543,542,267,179,0,-0.009602182
Warm A,73089,494,493,267,179,1,0.0014449374
Warm A,87060,569,568,267,179,1,0.00052218186
Warm A,63663,425,424,267,179,0,0.015642133
Warm A,57208,386,385,267,179,0,0.010138735
Warm A,239905,1449,1448,267,179,0,0.0043830182
Warm A,36563,245,244,267,179,0,0.016478239
Warm A,336953,1983,1982,267,179,0,0.006996996
Warm A,54553,355,354,267,179,1,0.006387218
Warm A,234879,1425,1424,267,179,0,0.012830153
Warm A,3497,26,25,267,179,0,-1.3236888e-05
Warm A,6900,48,47,267,179,0,0.00022324256
Warm A,389410,2282,2281,267,179,0,0.004433335
Warm A,78388,528,527,267,179,0,4.7801062e-05
Warm A,354805,2077,2076,267,179,0,0.015336034
Warm A,152428,981,980,267,179,0,0.0015698066
Warm A,139157,890,889,267,179,1,0.002937632
Warm A,28269,195,194,267,179,1,0.01618164
Warm A,342344,2015,2014,267,179,0,0.008383337
Warm A,362904,2116,2115,267,179,0,0.0015275447
Warm A,376348,2195,2194,267,179,1,0.023874717
Warm A,680589,4079,4078,267,179,0,0.0021122517
Warm A,134154,869,868,267,179,1,0.0069444017
Warm A,717014,4294,4293,267,179,0,0.0093101
Warm A,892901,5394,5393,267,179,0,0.018454965
Warm A,272812,1647,1646,267,179,0,0.0009019277
Warm A,152612,982,981,270,180,1,0.00073499786
Warm A,150521,970,969,270,180,0,0.015515164
Warm A,146005,938,937,270,180,0,0.008869925
Warm A,195363,1203,1202,270,180,0,0.003827347
Warm A,138104,889,888,270,180,0,0.01842067
Warm A,131846,854,853,270,180,0,0.0028476662
Warm A,123693,797,796,270,180,1,-0.003112149
Warm A,778842,4653,4652,270,180,0,0.007223862
Warm A,100120,669,668,270,180,0,0.007930961
Warm A,696113,4169,4168,270,180,0,0.012838728
Warm A,153652,987,986,270,180,1,0.0040613636
Warm A,304803,1812,1811,270,180,1,0.013020034
Warm A,82986,549,548,270,180,0,0.016130583
Warm A,228170,1383,1382,270,180,0,0.0133065935
Warm A,239924,1449,1448,270,180,0,0.019409698
Warm A,261696,1599,1598,270,180,0,0.0069653755
Warm A,79301,531,530,270,180,0,0.011488434
Warm A,354818,2077,2076,270,180,0,0.01695957
Warm A,144853,934,933,270,180,0,0.010001501
Warm A,499313,3067,3066,271,181,1,-0.0077856383
Warm A,565501,3475,3474,271,181,0,-0.0011725222
Warm A,790374,4728,4727,271,181,0,-0.0026958124
Warm A,696119,4169,4168,275,184,0,0.009388399
Warm A,29965,202,201,275,184,0,0.0122615
Warm A,79304,531,530,275,184,0,0.0035314308
Warm A,981,10,9,275,184,1,0.009817672
Warm A,354821,2077,2076,275,184,0,0.010262419
Warm A,370955,2168,2167,275,184,1,0.0031856103
Warm A,234895,1425,1424,275,184,0,0.0051118108
Warm A,102137,678,677,275,184,0,0.010847333
Warm A,134173,869,868,275,184,0,0.0061128326
Warm A,206308,1265,1264,275,184,0,0.017454457
Warm A,183161,1141,1140,275,184,0,0.009354512
Warm A,571008,3503,3502,275,184,0,0.0026543871
Warm A,599175,3648,3647,275,184,0,0.0018134906
Warm A,286650,1712,1711,275,184,0,0.0031957296
Warm A,136464,881,880,275,184,0,-0.0008829804
Warm A,232526,1413,1412,275,184,0,0.0064215027
Warm A,310626,1851,1850,275,184,0,0.010821345
Warm A,178047,1120,1119,275,184,0,0.005107302
Warm A,214769,1303,1302,275,184,0,0.010220687
Warm A,549989,3391,3390,275,184,0,0.00021514669
Warm A,870059,5256,5255,277,186,0,-0.002348382
Warm A,468356,2887,2886,277,186,0,0.0054301578
Warm A,456420,2810,2809,277,186,0,-8.739089e-05
Warm A,443436,2734,2733,277,186,1,-0.0033659772
Warm A,466749,2878,2877,277,186,0,0.002918776
Warm A,441484,2706,2705,277,186,1,-0.0017484669
Warm A,423131,2565,2564,277,186,0,-0.0070570614
Warm A,421958,2552,2551,277,186,1,-0.0050268453
Warm A,418591,2529,2528,277,186,1,-0.0007715449
Warm A,414519,2496,2495,277,186,0,-0.0029789682
Warm A,436324,2665,2664,277,186,1,-0.0017226001
Warm A,387242,2264,2263,277,186,0,-0.0035106519
Warm A,382813,2237,2236,277,186,1,0.0059692874
Warm A,361546,2109,2108,277,186,0,-0.0051579615
Warm A,321860,1910,1909,277,186,0,0.0033681185
Warm A,257026,1574,1573,277,186,1,-0.0032473784
Warm A,255224,1553,1552,277,186,0,-0.0036398482
Warm A,306356,1825,1824,277,186,0,0.0036357404
Warm A,261701,1599,1598,277,186,1,0.0009792666
Warm A,203539,1249,1248,277,186,0,-0.0017269005
Warm A,278998,1680,1679,277,186,0,0.005399181
Warm A,342361,2015,2014,277,186,0,-0.00518487
Warm A,198605,1220,1219,277,186,0,-0.00023893802
Warm A,210806,1285,1284,277,186,0,-0.010850402
Warm A,179064,1124,1123,277,186,0,0.0036770096
Warm A,243854,1470,1469,277,186,1,0.0016397405
Warm A,172855,1096,1095,277,186,0,0.0069751455
Warm A,167793,1068,1067,277,186,0,0.0028246315
Warm A,159190,1017,1016,277,186,0,0.0034050113
Warm A,149123,959,958,277,186,1,-0.0022349993
Warm A,561197,3453,3452,277,186,0,-0.006846075
Warm A,347970,2041,2040,277,186,0,-0.0047244113
Warm A,145305,935,934,277,186,0,-0.005336574
Warm A,144635,933,932,277,186,1,-0.003959353
Warm A,142942,922,921,277,186,0,0.0035477874
Warm A,204920,1261,1260,277,186,0,-0.012053462
Warm A,225227,1362,1361,277,186,0,-0.009652316
Warm A,138109,889,888,277,186,0,-0.0039170734
Warm A,380225,2223,2222,277,186,1,-0.0043743593
Warm A,135155,875,874,277,186,0,-0.0009851862
Warm A,202429,1244,1243,277,186,0,-0.00037563173
Warm A,179977,1127,1126,277,186,0,-0.0057659913
Warm A,131848,854,853,277,186,0,-0.0061156647
Warm A,332597,1962,1961,277,186,1,-0.0018029795
Warm A,178048,1120,1119,277,186,0,0.0010875381
Warm A,199083,1223,1222,277,186,0,-0.006438437
Warm A,121081,780,779,277,186,1,-0.0047065066
Warm A,120131,776,775,277,186,0,0.00049839576
Warm A,113936,739,738,277,186,1,-0.00089321914
Warm A,107459,708,707,277,186,1,-0.0011338731
Warm A,107308,706,705,277,186,1,-0.014177669
Warm A,107035,703,702,277,186,0,0.00080940267
Warm A,379002,2213,2212,277,186,1,-0.005822409
Warm A,106721,702,701,277,186,0,-0.0067837527
Warm A,103243,686,685,277,186,0,0.0057210885
Warm A,99307,662,661,277,186,0,-0.0047300607
Warm A,360677,2106,2105,277,186,0,-0.0009069624
Warm A,314063,1875,1874,277,186,0,-7.121079e-05
Warm A,222570,1347,1346,277,186,0,-0.00392396
Warm A,88322,583,582,277,186,1,0.0011827075
Warm A,626674,3792,3791,277,186,1,-0.0053088036
Warm A,291296,1737,1736,277,186,0,0.0023205495
Warm A,82990,549,548,277,186,1,-0.0029973977
Warm A,190743,1181,1180,277,186,0,-0.000714301
Warm A,73898,501,500,277,186,1,-0.0038107326
Warm A,71941,482,481,277,186,1,-0.0010026784
Warm A,69043,462,461,277,186,0,0.005545931
Warm A,67174,452,451,277,186,1,-0.009275606
Warm A,78402,528,527,277,186,1,-0.008241791
Warm A,64933,436,435,277,186,0,-0.00032954267
Warm A,56617,379,378,277,186,1,0.0044970773
Warm A,48595,326,325,277,186,0,-0.012137186
Warm A,46971,315,314,277,186,1,-0.009253662
Warm A,46017,308,307,277,186,0,-0.0024192252
Warm A,43997,301,300,277,186,0,-0.0037074974
Warm A,39200,265,264,277,186,1,-0.0018853394
Warm A,39598,268,267,277,186,1,-0.006053382
Warm A,181949,1137,1136,277,186,1,-0.0044396706
Warm A,30263,203,202,277,186,1,0.0030700695
Warm A,28869,198,197,277,186,1,-0.0036861547
Warm A,24048,171,170,277,186,0,-0.0068875756
Warm A,24000,170,169,277,186,1,0.002533474
Warm A,23354,167,166,277,186,1,0.0016354116
Warm A,595732,3624,3623,277,186,0,-0.0037033611
Warm A,947528,5722,5721,277,186,0,-0.002916299
Warm A,19525,148,147,277,186,1,-0.006493277
Warm A,263204,1605,1604,277,186,1,0.0018189
Warm A,9833,67,66,277,186,1,0.004547823
Warm A,6934,48,47,277,186,0,-0.00082787604
Warm A,540512,3326,3325,277,186,1,0.0035931864
Warm A,984,10,9,277,186,0,-0.0059704594
Warm A,142169,918,917,277,186,0,0.005694416
Warm A,492647,3029,3028,277,186,1,-0.00016403664
Warm A,102138,678,677,277,186,0,-0.0033017911
Warm A,79305,531,530,277,186,0,-0.0040338077
Warm A,11286,85,84,277,186,0,0.0015849404
Warm A,170480,1086,1085,277,186,0,0.001665869
Warm A,250364,1509,1508,277,186,0,-0.005902051
Warm A,18767,146,145,277,186,1,0.0033660177
Warm A,552244,3401,3400,277,186,0,-0.0012151573
Warm A,210088,1284,1283,277,186,1,-0.0014293017
Warm A,237806,1447,1446,277,186,0,0.002066161
Warm A,122552,791,790,277,186,0,-0.007463445
Warm A,171508,1088,1087,277,186,0,-0.010254091
Warm A,599176,3648,3647,277,186,0,0.0027956415
Warm A,565502,3475,3474,277,186,1,-0.0055818334
Warm A,375538,2188,2187,277,186,0,-0.001187511
Warm A,327926,1941,1940,277,186,1,0.00029955176
Warm A,272827,1647,1646,277,186,0,-0.0049129156
Warm A,193576,1194,1193,277,186,1,-0.011283048
Warm A,840582,5050,5049,289,191,1,0.0035615133
Warm A,529094,3271,3270,289,191,0,0.0010080948
Warm A,522442,3224,3223,289,191,0,-0.001077293
Warm A,963990,5812,5811,289,191,0,0.0032639443
Warm A,516916,3191,3190,289,191,0,0.0040997583
Warm A,512758,3163,3162,289,191,1,0.007624823
Warm A,519188,3203,3202,289,191,1,-0.001034975
Warm A,505966,3112,3111,289,191,1,-9.8560005e-05
Warm A,503619,3095,3094,289,191,1,0.0030858761
Warm A,523414,3227,3226,289,191,0,-0.0058973087
Warm A,516416,3189,3188,289,191,1,0.0039578862
Warm A,499330,3067,3066,289,191,0,-0.0023285158
Warm A,494016,3032,3031,289,191,1,0.010633141
Warm A,492033,3026,3025,289,191,1,-0.00110841
Warm A,489558,3013,3012,289,191,0,5.2829273e-05
Warm A,490236,3017,3016,289,191,0,0.009595209
Warm A,510943,3150,3149,289,191,1,0.0013969976
Warm A,480640,2950,2949,289,191,0,-0.0033064233
Warm A,472508,2907,2906,289,191,1,0.00026194542
Warm A,484974,2986,2985,289,191,0,0.0056632487
Warm A,486997,2996,2995,289,191,0,0.0025111805
Warm A,450781,2777,2776,289,191,0,0.005610591
Warm A,444619,2743,2742,289,191,1,0.004905329
Warm A,430466,2624,2623,289,191,0,-0.003727133
Warm A,425066,2580,2579,289,191,1,0.0049619125
Warm A,420443,2541,2540,289,191,1,0.007880011
Warm A,419265,2533,2532,289,191,1,-0.0053430405
Warm A,416065,2506,2505,289,191,1,0.0043770205
Warm A,416521,2507,2506,289,191,0,-0.0025108317
Warm A,410107,2459,2458,289,191,0,-0.0008761957
Warm A,404992,2423,2422,289,191,0,0.0021411586
Warm A,401147,2390,2389,289,191,1,0.0029356133
Warm A,395120,2334,2333,289,191,1,-0.0042103827
Warm A,393097,2309,2308,289,191,0,-0.007447158
Warm A,374591,2182,2181,289,191,0,0.0023138914
Warm A,362944,2116,2115,289,191,0,-0.0010565345
Warm A,347334,2038,2037,289,191,1,0.0049297744
Warm A,358852,2100,2099,289,191,0,0.0050015543
Warm A,334209,1971,1970,289,191,1,0.006631159
Warm A,324742,1924,1923,289,191,1,-0.0022213948
Warm A,315129,1880,1879,289,191,0,-0.00031236187
Warm A,289683,1729,1728,289,191,0,0.003103802
Warm A,326714,1937,1936,289,191,1,0.0021898537
Warm A,269505,1634,1633,289,191,1,0.0023940993
Warm A,265703,1613,1612,289,191,0,0.0074332994
Warm A,321653,1908,1907,289,191,0,0.003966623
Warm A,248769,1501,1500,289,191,1,-0.0014062291
Warm A,335767,1980,1979,289,191,0,0.008285765
Warm A,222370,1345,1344,289,191,1,0.004884918
Warm A,289285,1727,1726,289,191,1,0.0054799807
Warm A,360690,2106,2105,289,191,0,0.005479686
Warm A,203862,1254,1253,289,191,1,-0.0028568204
Warm A,192343,1184,1183,289,191,0,0.0042978646
Warm A,188928,1172,1171,289,191,1,0.005892717
Warm A,186842,1158,1157,289,191,0,0.00048688205
Warm A,164458,1051,1050,289,191,0,0.0031294283
Warm A,144868,934,933,289,191,0,0.003288539
Warm A,138131,889,888,289,191,0,-0.00058784836
Warm A,136482,881,880,289,191,1,0.0010517712
Warm A,134183,869,868,289,191,1,0.008335857
Warm A,131862,854,853,289,191,1,0.005676929
Warm A,332608,1962,1961,289,191,0,0.0060328473
Warm A,351692,2063,2062,289,191,0,0.005819523
Warm A,304820,1812,1811,289,191,1,0.006660382
Warm A,117827,759,758,289,191,0,0.007142061
Warm A,223482,1354,1353,289,191,1,-0.005412298
Warm A,103377,687,686,289,191,0,0.011197995
Warm A,176866,1117,1116,289,191,0,0.0034831336
Warm A,190766,1181,1180,289,191,0,-0.004096945
Warm A,81024,539,538,289,191,0,0.008976934
Warm A,84059,550,549,289,191,0,-0.0027620536
Warm A,299568,1778,1777,289,191,1,0.0016816077
Warm A,73650,499,498,289,191,1,-0.00031742128
Warm A,238812,1448,1447,289,191,1,0.014182855
Warm A,64623,432,431,289,191,0,-0.0066592405
Warm A,228186,1383,1382,289,191,0,0.009539476
Warm A,696140,4169,4168,289,191,1,0.0010342873
Warm A,61374,412,411,289,191,1,0.0020324853
Warm A,32229,216,215,289,191,0,-0.0027529239
Warm A,29996,202,201,289,191,1,0.0030820607
Warm A,6322,45,44,289,191,1,0.00460628
Warm A,330689,1952,1951,289,191,0,0.0044373074
Warm A,20870,151,150,289,191,0,0.011357171
Warm A,79320,531,530,289,191,1,0.004154642
Warm A,439124,2683,2682,289,191,1,0.005634795
Warm A,76337,518,517,289,191,1,0.008171501
Warm A,106001,699,698,289,191,0,0.0020090446
Warm A,882914,5333,5332,289,191,0,0.008678374
Warm A,263219,1605,1604,289,191,0,-0.0014133928
Warm A,908023,5493,5492,289,191,1,-0.0037793168
Warm A,331526,1958,1957,289,191,0,0.0003511518
Warm A,327949,1941,1940,289,191,0,0.0010689902
Warm A,187589,1164,1163,289,191,0,-0.007307732
Warm A,476320,2926,2925,289,191,0,0.0043198317
Warm A,768678,4579,4578,289,191,0,0.008807157
Warm A,179542,1125,1124,289,191,0,0.002483971
Warm A,52217,343,342,289,191,1,-0.0011739447
Warm A,295617,1755,1754,289,191,1,0.0031674905
Warm A,580209,3543,3542,290,192,0,-0.0081712175
Warm A,764983,4551,4550,290,192,0,-0.0007885776
Warm A,578094,3531,3530,290,192,1,0.0057228757
Warm A,644175,3882,3881,290,192,1,0.0039862795
Warm A,593712,3618,3617,290,192,0,0.0017194476
Warm A,547287,3376,3375,290,192,1,0.009482312
Warm A,542938,3341,3340,290,192,0,-0.0015503872
Warm A,539470,3318,3317,290,192,1,0.00038135564
Warm A,538896,3314,3313,290,192,0,0.006143626
Warm A,916649,5539,5538,290,192,1,0.00054459553
Warm A,519792,3207,3206,290,192,0,-0.0030912934
Warm A,781834,4667,4666,290,192,1,0.0034912233
Warm A,510224,3143,3142,290,192,1,0.004676031
Warm A,520522,3210,3209,290,192,0,0.0005459761
Warm A,800123,4795,4794,290,192,1,0.0057016634
Warm A,810098,4858,4857,290,192,0,-0.006017887
Warm A,503071,3088,3087,290,192,1,-0.0033691027
Warm A,499336,3067,3066,290,192,1,0.003684837
Warm A,567408,3483,3482,290,192,1,0.0028101217
Warm A,477372,2930,2929,290,192,1,0.004133804
Warm A,457839,2820,2819,290,192,0,0.0011363013
Warm A,594783,3620,3619,290,192,1,0.0030860608
Warm A,455540,2805,2804,290,192,1,0.0035239034
Warm A,796023,4771,4770,290,192,0,0.001633051
Warm A,453657,2793,2792,290,192,1,0.0034293493
Warm A,452079,2784,2783,290,192,1,8.142888e-05
Warm A,448950,2767,2766,290,192,1,-0.0012456609
Warm A,937198,5654,5653,290,192,0,0.005812927
Warm A,441347,2703,2702,290,192,1,0.005325443
Warm A,440740,2698,2697,290,192,1,0.009323085
Warm A,696150,4169,4168,290,192,1,0.00618679
Warm A,433151,2641,2640,290,192,1,-0.0004214074
Warm A,390673,2293,2292,290,192,1,0.00029277382
Warm A,386336,2259,2258,290,192,1,-0.0027070798
Warm A,383891,2243,2242,290,192,1,0.008241957
Warm A,361567,2109,2108,290,192,0,0.014023332
Warm A,340290,2009,2008,290,192,1,-0.0049740262
Warm A,340075,2007,2006,290,192,1,0.004255443
Warm A,332358,1961,1960,290,192,1,0.007234618
Warm A,327162,1939,1938,290,192,0,-0.0034040557
Warm A,312654,1863,1862,290,192,1,-0.0020367326
Warm A,306884,1832,1831,290,192,1,-0.0011829506
Warm A,295240,1753,1752,290,192,1,-0.0008191925
Warm A,284072,1698,1697,290,192,1,0.0018612433
Warm A,274696,1660,1659,290,192,1,-0.0005996302
Warm A,292255,1741,1740,290,192,1,0.0030541648
Warm A,268941,1632,1631,290,192,0,-0.0034139978
Warm A,241135,1451,1450,290,192,1,0.006931256
Warm A,237342,1445,1444,290,192,1,0.009040296
Warm A,231349,1401,1400,290,192,1,-0.004191763
Warm A,296420,1758,1757,290,192,1,0.008585007
Warm A,209749,1281,1280,290,192,1,0.0010090803
Warm A,208271,1273,1272,290,192,1,0.0037479107
Warm A,204255,1258,1257,290,192,1,0.0009823065
Warm A,243872,1470,1469,290,192,0,0.001407584
Warm A,538462,3313,3312,290,192,0,0.003767564
Warm A,308551,1837,1836,290,192,0,0.0053133476
Warm A,194793,1202,1201,290,192,1,0.0074125254
Warm A,186612,1155,1154,290,192,1,0.009897249
Warm A,185163,1150,1149,290,192,1,-0.0013277056
Warm A,286086,1707,1706,290,192,1,0.003280345
Warm A,263229,1605,1604,290,192,1,0.00038734823
Warm A,168383,1069,1068,290,192,0,0.011079673
Warm A,190778,1181,1180,290,192,0,0.0020129643
Warm A,158066,1015,1014,290,192,0,0.0039537326
Warm A,150047,966,965,290,192,1,0.0020002946
Warm A,154592,998,997,290,192,1,-0.0025063707
Warm A,138142,889,888,290,192,0,0.003100373
Warm A,133429,862,861,290,192,0,0.0051632286
Warm A,117899,760,759,290,192,1,0.010755238
Warm A,117256,756,755,290,192,1,-0.007041298
Warm A,124471,801,800,290,192,1,-0.00934156
Warm A,107310,706,705,290,192,0,0.007403143
Warm A,239958,1449,1448,290,192,1,0.00897211
Warm A,100802,673,672,290,192,0,-0.0054473486
Warm A,100451,670,669,290,192,1,-0.009761792
Warm A,92120,613,612,290,192,1,0.0038067517
Warm A,84068,550,549,290,192,0,0.0015900484
Warm A,75681,515,514,290,192,0,0.009878071
Warm A,59954,408,407,290,192,1,0.003678958
Warm A,33618,225,224,290,192,1,0.014303114
Warm A,26530,187,186,290,192,1,0.0076138824
Warm A,22665,163,162,290,192,0,0.009122915
Warm A,20143,149,148,290,192,1,0.0022786981
Warm A,17940,138,137,290,192,1,-0.01128513
Warm A,211660,1287,1286,290,192,0,0.0011294656
Warm A,73463,498,497,290,192,1,-0.0062417937
Warm A,24478,173,172,290,192,0,0.004757591
Warm A,7894,53,52,290,192,1,0.013167309
Warm A,20881,151,150,290,192,1,0.0018691947
Warm A,93006,623,622,290,192,1,0.0054319147
Warm A,420927,2544,2543,290,192,0,0.0032116065
Warm A,43468,299,298,290,192,1,0.0075285006
Warm A,532562,3288,3287,290,192,1,-0.0007149698
Warm A,733392,4386,4385,290,192,1,0.004239778
Warm A,451484,2779,2778,290,192,1,8.1903185e-05
Warm A,484982,2986,2985,290,192,1,0.0019757643
Warm A,16148,127,126,290,192,1,0.0056362837
Warm A,129344,839,838,290,192,0,0.0053832037
Warm A,50304,331,330,290,192,1,0.0011793558
Warm A,319279,1897,1896,290,192,1,0.004526461
Warm A,285265,1701,1700,290,192,0,0.0038700069
Warm A,799581,4791,4790,290,192,0,0.0052985493
Warm A,501241,3080,3079,290,192,1,-7.014256e-05
Warm A,18798,146,145,290,192,1,0.0036621233
Warm A,790385,4728,4727,290,192,0,0.0011328895
Warm A,176005,1113,1112,290,192,1,0.0014604329
Warm A,804276,4816,4815,290,192,0,0.0026226537
Warm A,453661,2793,2792,299,196,0,0.0038526214
Warm A,451743,2781,2780,299,196,1,0.0086266445
Warm A,443788,2737,2736,299,196,1,0.0014234926
Warm A,443333,2733,2732,299,196,1,-0.0036901436
Warm A,439384,2684,2683,299,196,0,0.003800296
Warm A,432428,2637,2636,299,196,1,-0.004165991
Warm A,428559,2608,2607,299,196,1,-0.0039300607
Warm A,416529,2507,2506,299,196,1,6.608572e-05
Warm A,401885,2398,2397,299,196,1,-0.006263012
Warm A,401598,2395,2394,299,196,1,0.00620866
Warm A,399043,2376,2375,299,196,1,0.012083283
Warm A,397742,2358,2357,299,196,1,0.0072595654
Warm A,365723,2129,2128,299,196,1,0.009304928
Warm A,335783,1980,1979,299,196,1,0.0057429695
Warm A,320497,1900,1899,299,196,1,0.015151206
Warm A,310638,1851,1850,299,196,0,-0.007400271
Warm A,292989,1745,1744,299,196,1,0.0044803405
Warm A,291833,1738,1737,299,196,1,0.008111203
Warm A,267541,1626,1625,299,196,1,-0.008990331
Warm A,264357,1608,1607,299,196,0,-0.006128753
Warm A,264129,1607,1606,299,196,1,0.006127959
Warm A,262685,1602,1601,299,196,1,-0.0011211345
Warm A,258193,1583,1582,299,196,1,0.0066146688
Warm A,321655,1908,1907,299,196,0,0.003225062
Warm A,256182,1562,1561,299,196,0,0.0058616805
Warm A,254709,1548,1547,299,196,1,0.0017342819
Warm A,244862,1474,1473,299,196,1,0.004660681
Warm A,237160,1442,1441,299,196,1,0.009401618
Warm A,319281,1897,1896,299,196,0,0.014767315
Warm A,284076,1698,1697,299,196,1,0.007183373
Warm A,306357,1825,1824,299,196,1,0.0076595927
Warm A,211586,1286,1285,299,196,1,-0.0019641218
Warm A,211775,1288,1287,299,196,0,0.0047209808
Warm A,204011,1255,1254,299,196,1,0.0033769486
Warm A,279050,1680,1679,299,196,1,-0.0023981016
Warm A,294251,1749,1748,299,196,0,0.0055278186
Warm A,210833,1285,1284,299,196,1,-0.0029659336
Warm A,307370,1835,1834,299,196,1,-0.00062746136
Warm A,168387,1069,1068,299,196,0,0.00522536
Warm A,334547,1974,1973,299,196,1,0.0063757976
Warm A,161316,1029,1028,299,196,1,0.009712173
Warm A,230492,1395,1394,299,196,1,0.0069605256
Warm A,160861,1022,1021,299,196,0,0.008951808
Warm A,198974,1222,1221,299,196,1,-0.00031656655
Warm A,267928,1628,1627,299,196,0,0.0016243905
Warm A,154594,998,997,299,196,1,0.003038107
Warm A,139381,891,890,299,196,1,0.015143138
Warm A,130737,848,847,299,196,1,-0.0042757057
Warm A,200039,1228,1227,299,196,1,0.018563233
Warm A,181960,1137,1136,299,196,0,-0.0036309012
Warm A,117900,760,759,299,196,1,-0.0012869127
Warm A,107312,706,705,299,196,1,-0.00029225927
Warm A,100805,673,672,299,196,1,0.0045050667
Warm A,95931,644,643,299,196,0,0.0008885085
Warm A,94409,633,632,299,196,1,0.0060931277
Warm A,90240,595,594,299,196,1,-0.002426806
Warm A,85561,558,557,299,196,1,0.01016566
Warm A,238830,1448,1447,299,196,1,-0.00026910554
Warm A,190783,1181,1180,299,196,0,0.0039726375
Warm A,70141,474,473,299,196,0,0.007938073
Warm A,155313,1001,1000,299,196,1,0.0072886017
Warm A,312856,1865,1864,299,196,1,-0.004265644
Warm A,199836,1227,1226,299,196,1,0.0030593919
Warm A,23216,166,165,299,196,1,0.0041462323
Warm A,20474,150,149,299,196,1,-0.00019896356
Warm A,289,5,4,299,196,0,-0.0019940736
Warm A,276167,1671,1670,299,196,1,0.0072612157
Warm A,158070,1015,1014,299,196,0,0.0036827317
Warm A,50314,331,330,299,196,0,0.003944689
Warm A,239964,1449,1448,299,196,0,0.010400731
Warm A,290130,1733,1732,299,196,0,0.003915383
Warm A,102161,678,677,299,196,1,-0.0008902524
Warm A,772641,4607,4606,299,196,0,0.0036798385
Warm A,744821,4448,4447,299,196,1,-0.0016989233
Warm A,302104,1794,1793,299,196,0,0.00022586854
Warm A,245755,1484,1483,299,196,0,0.002306813
Warm A,992877,5998,5997,299,196,0,-0.009740846
Warm A,384683,2247,2246,299,196,0,0.004222352
Warm A,234915,1425,1424,299,196,1,0.0013338095
Warm A,546764,3371,3370,299,196,0,0.0045022247
Warm A,187596,1164,1163,299,196,1,0.0012757801
Warm A,263234,1605,1604,299,196,0,0.003042604
Warm A,434277,2648,2647,299,196,1,0.0024710116
Warm A,279683,1680,1679,302,198,1,0.004928396
Warm A,294419,1749,1748,302,198,0,0.0011123349
Warm A,316342,1883,1882,302,198,1,-0.007275855
Warm A,286119,1707,1706,302,198,1,0.002264265
Warm A,174508,1103,1102,302,198,1,0.0021201388
Warm A,168605,1069,1068,302,198,0,0.0034620916
Warm A,160911,1022,1021,302,198,1,0.01076273
Warm A,167992,1068,1067,302,198,1,0.0007348247
Warm A,138627,889,888,302,198,0,-0.0037538416
Warm A,107363,706,705,302,198,1,-0.0041639274
Warm A,129995,840,839,302,198,1,0.0026854854
Warm A,949213,5734,5733,302,198,0,0.0013713678
Warm A,32081,216,215,302,198,0,-0.0031452924
Warm A,23116,166,165,302,198,0,-0.00128324
Warm A,7736,53,52,302,198,1,-0.0031389087
Warm A,1991,18,17,302,198,1,0.009734367
Warm A,158489,1015,1014,302,198,1,-0.007045285
Warm A,76413,518,517,302,198,1,0.00113196
Warm A,222632,1347,1346,302,198,1,0.004448356
Warm A,382090,2232,2231,302,198,1,0.0021150187
Warm A,312976,1865,1864,302,198,1,-0.0048849867
Warm A,831956,5001,5000,302,198,1,-0.002340147
Warm A,273151,1647,1646,302,198,1,0.0099176
Warm A,96661,648,647,302,198,1,-0.0031160787
Warm A,52166,343,342,302,198,1,-0.0016415943
Warm A,8812,59,58,302,198,0,0.00019430788
Warm A,560382,3444,3443,305,200,1,-0.0026771424
Warm A,555904,3416,3415,305,200,0,0.014063076
Warm A,531192,3280,3279,305,200,0,0.0076166056
Warm A,515633,3182,3181,305,200,0,-0.0050094444
Warm A,738216,4411,4410,305,200,0,0.0046092793
Warm A,575490,3519,3518,305,200,0,0.010398516
Warm A,550413,3391,3390,305,200,0,0.007136505
Warm A,485219,2986,2985,305,200,1,0.003000241
Warm A,484418,2981,2980,305,200,1,0.011755369
Warm A,475185,2916,2915,305,200,1,0.006724026
Warm A,646789,3892,3891,305,200,0,0.0053622755
Warm A,796109,4771,4770,305,200,1,0.0008820088
Warm A,446950,2753,2752,305,200,0,0.0004666862
Warm A,420279,2540,2539,305,200,0,0.007038347
Warm A,416796,2507,2506,305,200,1,0.00940431
Warm A,409275,2456,2455,305,200,0,0.004281977
Warm A,464274,2860,2859,305,200,0,0.000566734
Warm A,382970,2237,2236,305,200,1,0.0020864145
Warm A,377372,2203,2202,305,200,0,0.004632435
Warm A,341731,2012,2011,305,200,0,0.010219716
Warm A,351036,2060,2059,305,200,0,0.0027615328
Warm A,310166,1845,1844,305,200,0,0.017955516
Warm A,274486,1658,1657,305,200,0,0.0021495703
Warm A,265962,1613,1612,305,200,0,0.00260156
Warm A,223697,1354,1353,305,200,0,0.00042274705
Warm A,218083,1322,1321,305,200,1,-0.0005681942
Warm A,321731,1908,1907,305,200,0,0.0011469703
Warm A,174857,1107,1106,305,200,0,0.008971851
Warm A,167994,1068,1067,305,200,1,0.00923447
Warm A,189464,1173,1172,305,200,0,-0.0006317495
Warm A,135784,877,876,305,200,0,0.0017724368
Warm A,201707,1242,1241,305,200,0,-0.004688942
Warm A,332796,1962,1961,305,200,0,0.0025212285
Warm A,352160,2063,2062,305,200,0,-0.0018335907
Warm A,263553,1605,1604,305,200,0,-0.010236794
Warm A,112629,731,730,305,200,0,0.004033773
Warm A,106231,699,698,305,200,0,0.011400914
Warm A,108196,710,709,305,200,0,0.009562055
Warm A,97936,655,654,305,200,0,-0.0027389158
Warm A,329496,1943,1942,305,200,1,0.005351384
Warm A,82303,546,545,305,200,0,0.008623863
Warm A,191265,1181,1180,305,200,0,0.007444709
Warm A,84393,550,549,305,200,0,-0.0019276033
Warm A,77743,524,523,305,200,0,-0.0013309978
Warm A,75003,509,508,305,200,1,-0.0015687661
Warm A,88903,587,586,305,200,0,0.007061471
Warm A,57183,386,385,305,200,0,0.0129858935
Warm A,47499,319,318,305,200,0,0.0031332732
Warm A,696577,4169,4168,305,200,0,0.013846077
Warm A,39563,268,267,305,200,0,-0.00047994324
Warm A,96752,649,648,305,200,0,0.0041367025
Warm A,23689,169,168,305,200,0,-0.0032416116
Warm A,6204,45,44,305,200,0,-0.005611516
Warm A,79613,531,530,305,200,0,0.0007172753
Warm A,158492,1015,1014,305,200,0,0.0032441858
Warm A,78598,528,527,305,200,0,0.0068045105
Warm A,238137,1447,1446,305,200,0,0.007512087
Warm A,975102,5880,5879,305,200,0,-0.0014895303
Warm A,508297,3128,3127,305,200,0,0.004685464
Warm A,828785,4979,4978,305,200,0,0.00327944
Warm A,272321,1645,1644,305,200,0,-0.00089403265
Warm A,665288,4005,4004,305,200,0,0.010175465
Warm A,195645,1203,1202,305,200,0,0.0021062763
Warm A,287816,1717,1716,305,200,1,0.004532017
Warm A,501404,3080,3079,305,200,0,0.0131514575
Warm A,63215,424,423,305,200,0,0.005151363
Warm A,860140,5172,5171,305,200,0,-0.0019459743
Warm A,178305,1120,1119,312,204,1,0.01389514
Warm A,244141,1470,1469,312,204,0,0.0020091177
Warm A,173788,1100,1099,312,204,0,0.0074441927
Warm A,328517,1941,1940,312,204,0,0.011643438
Warm A,161880,1032,1031,312,204,0,0.008458624
Warm A,141219,910,909,312,204,1,0.007850988
Warm A,380429,2223,2222,312,204,0,0.005711961
Warm A,136826,881,880,312,204,0,0.003815058
Warm A,375690,2188,2187,312,204,1,0.0024838035
Warm A,371790,2172,2171,312,204,0,0.0026245895
Warm A,132052,854,853,312,204,0,0.0026274119
Warm A,124304,800,799,312,204,0,0.008485975
Warm A,160307,1019,1018,312,204,0,0.0032687997
Warm A,108215,710,709,312,204,0,0.000975417
Warm A,100473,670,669,312,204,0,-0.00037107244
Warm A,101482,676,675,312,204,0,0.004902727
Warm A,764092,4543,4542,312,204,0,0.012608044
Warm A,371098,2168,2167,312,204,1,-0.0024559614
Warm A,314190,1875,1874,312,204,0,0.004619587
Warm A,104490,692,691,312,204,0,0.012815272
Warm A,86776,566,565,312,204,0,0.016174383
Warm A,77764,524,523,312,204,0,0.00020586001
Warm A,72258,482,481,312,204,0,0.0042704633
Warm A,65510,438,437,312,204,0,0.0067561483
Warm A,53803,352,351,312,204,0,0.0100748
Warm A,47522,319,318,312,204,0,0.001558844
Warm A,44551,302,301,312,204,0,0.0059238197
Warm A,43952,301,300,312,204,1,0.012665505
Warm A,363300,2116,2115,312,204,0,0.0064383084
Warm A,219285,1329,1328,312,204,1,0.0006088393
Warm A,337170,1983,1982,312,204,0,0.012052871
Warm A,29889,202,201,312,204,0,0.0022686187
Warm A,88914,587,586,312,204,0,0.004425194
Warm A,25807,182,181,312,204,0,-0.00049311854
Warm A,16861,132,131,312,204,1,0.010588577
Warm A,2613,22,21,312,204,0,0.0057204682
Warm A,954248,5761,5760,312,204,0,0.004290324
Warm A,342704,2015,2014,312,204,0,0.01047033
Warm A,828793,4979,4978,312,204,0,0.011701566
Warm A,164755,1051,1050,312,204,0,0.003539952
Warm A,207055,1266,1265,312,204,0,0.003346932
Warm A,618381,3746,3745,312,204,0,0.008702388
Warm A,290450,1733,1732,312,204,0,0.007440873
Warm A,88370,583,582,312,204,0,0.008003997
Warm A,309746,1842,1841,312,204,1,-0.0015059882
Warm A,331831,1958,1957,312,204,0,0.0010490526
Warm A,145882,937,936,312,204,0,-0.0023459683
Warm A,66148,442,441,312,204,0,0.006887825
Warm A,245871,1484,1483,312,204,1,0.0019231667
Warm A,235168,1425,1424,312,204,0,0.012908533
Warm A,916733,5539,5538,312,204,1,-0.0036097365
Warm A,295722,1755,1754,312,204,0,0.0054597827
Warm A,603028,3669,3668,315,206,0,0.008318457
Warm A,636458,3834,3833,315,206,1,0.0039194115
Warm A,713281,4277,4276,315,206,0,0.0014468082
Warm A,600220,3650,3649,315,206,1,0.010713027
Warm A,588089,3589,3588,315,206,0,0.0076824035
Warm A,758745,4510,4509,315,206,0,-0.00071235606
Warm A,583612,3562,3561,315,206,0,0.0100974105
Warm A,582551,3558,3557,315,206,1,0.0046852515
Warm A,745023,4448,4447,315,206,1,0.008767274
Warm A,592127,3610,3609,315,206,1,0.0038325796
Warm A,549199,3389,3388,315,206,0,-0.0015828735
Warm A,544750,3358,3357,315,206,0,-0.0023211509
Warm A,542385,3336,3335,315,206,0,0.007856793
Warm A,536189,3308,3307,315,206,0,0.015221967
Warm A,531207,3280,3279,315,206,0,0.0019642161
Warm A,520412,3209,3208,315,206,0,0.0016775356
Warm A,520136,3208,3207,315,206,0,0.006110371
Warm A,517079,3191,3190,315,206,0,0.0024108072
Warm A,515645,3182,3181,315,206,0,0.014278641
Warm A,516603,3189,3188,315,206,0,0.004059181
Warm A,499002,3066,3065,315,206,1,0.0045939563
Warm A,494398,3032,3031,315,206,1,-0.0015310968
Warm A,486383,2994,2993,315,206,0,0.0027935153
Warm A,529931,3272,3271,315,206,1,0.006631164
Warm A,473973,2909,2908,315,206,1,0.00054180354
Warm A,463512,2857,2856,315,206,0,-0.00016217446
Warm A,487173,2996,2995,315,206,0,0.013813746
Warm A,455455,2804,2803,315,206,1,0.003262146
Warm A,423244,2565,2564,315,206,1,0.0021497088
Warm A,408362,2453,2452,315,206,1,0.016258799
Warm A,407031,2445,2444,315,206,0,-0.0046608904
Warm A,399964,2380,2379,315,206,0,0.0011518374
Warm A,392441,2304,2303,315,206,1,0.001729869
Warm A,377389,2203,2202,315,206,1,0.0056068106
Warm A,340861,2010,2009,315,206,0,0.0045301532
Warm A,295345,1753,1752,315,206,1,0.00427861
Warm A,297672,1764,1763,315,206,1,-0.00635329
Warm A,303610,1803,1802,315,206,0,0.00080082915
Warm A,302256,1794,1793,315,206,0,0.004399287
Warm A,289000,1726,1725,315,206,0,-0.0012211289
Warm A,265984,1613,1612,315,206,0,0.008728042
Warm A,244750,1473,1472,315,206,0,-0.005841245
Warm A,283278,1696,1695,315,206,0,1.7836224e-05
Warm A,227279,1377,1376,315,206,0,-0.0025023455
Warm A,299760,1778,1777,315,206,0,0.004218772
Warm A,279721,1680,1679,315,206,0,0.00975793
Warm A,320858,1902,1901,315,206,0,0.006293253
Warm A,191300,1181,1180,315,206,0,0.0028442168
Warm A,186679,1155,1154,315,206,0,-0.0017126264
Warm A,173363,1099,1098,315,206,0,-0.004633335
Warm A,328522,1941,1940,315,206,0,0.008707255
Warm A,275686,1667,1666,315,206,0,-0.0023082013
Warm A,154972,999,998,315,206,0,-0.0022948734
Warm A,140754,904,903,315,206,0,0.0017688944
Warm A,157134,1010,1009,315,206,0,0.010475667
Warm A,277108,1675,1674,315,206,0,0.01050065
Warm A,136829,881,880,315,206,0,0.00079908967
Warm A,202639,1244,1243,315,206,0,9.709387e-05
Warm A,96483,647,646,315,206,0,-0.0003370872
Warm A,480259,2946,2945,315,206,0,-0.0027695515
Warm A,150736,970,969,315,206,0,0.016314767
Warm A,291612,1737,1736,315,206,1,0.0075818338
Warm A,84421,550,549,315,206,0,0.0146597335
Warm A,77771,524,523,315,206,0,0.012385274
Warm A,119441,770,769,315,206,0,0.004304734
Warm A,70249,474,473,315,206,0,0.00430747
Warm A,240392,1449,1448,315,206,0,0.008701921
Warm A,53811,352,351,315,206,0,0.0032823887
Warm A,44553,302,301,315,206,0,0.0064170426
Warm A,145462,935,934,315,206,1,0.0032276795
Warm A,55636,368,367,315,206,0,0.0025644854
Warm A,38315,261,260,315,206,0,-0.0018380892
Warm A,221546,1340,1339,315,206,0,0.0028643617
Warm A,29891,202,201,315,206,0,0.006944444
Warm A,29223,199,198,315,206,0,0.0045696404
Warm A,28825,198,197,315,206,1,0.004246595
Warm A,22569,163,162,315,206,0,0.001725601
Warm A,30537,204,203,315,206,1,0.009492086
Warm A,3452,26,25,315,206,0,0.0048415996
Warm A,696602,4169,4168,315,206,0,0.013943477
Warm A,439222,2683,2682,315,206,1,0.00256408
Warm A,238161,1447,1446,315,206,0,0.006808952
Warm A,777909,4647,4646,315,206,0,0.00022791966
Warm A,106254,699,698,315,206,0,-0.004334396
Warm A,352188,2063,2062,315,206,0,0.00496293
Warm A,72262,482,481,315,206,0,0.0032231337
Warm A,599410,3648,3647,315,206,0,0.0065281605
Warm A,930454,5621,5620,315,206,0,0.0053364225
Warm A,986680,5956,5955,315,206,0,0.0031191134
Warm A,941484,5682,5681,315,206,0,0.0033083514
Warm A,193828,1194,1193,315,206,0,0.0069919927
Warm A,804352,4816,4815,315,206,1,0.0024576918
Warm A,550443,3391,3390,315,206,0,0.007901579
Warm A,461617,2847,2846,321,211,1,0.0045082727
Warm A,796120,4771,4770,326,213,1,0.021313956
Warm A,608703,3691,3690,328,215,0,0.013855795
Warm A,507326,3121,3120,328,215,0,0.015055873
Warm A,550477,3391,3390,328,215,0,0.01174962
Warm A,494416,3032,3031,328,215,1,0.008772544
Warm A,517965,3196,3195,328,215,0,0.01473203
Warm A,483561,2972,2971,328,215,1,0.0037833364
Warm A,496627,3051,3050,328,215,0,0.01364103
Warm A,710180,4260,4259,328,215,1,0.00044667954
Warm A,463526,2857,2856,328,215,1,0.014818642
Warm A,462280,2852,2851,328,215,1,0.010139661
Warm A,444815,2743,2742,328,215,0,0.0056018527
Warm A,426585,2590,2589,328,215,1,0.0066347807
Warm A,424805,2576,2575,328,215,1,0.008712368
Warm A,414728,2496,2495,328,215,0,0.005497476
Warm A,409757,2457,2456,328,215,0,0.009751733
Warm A,408980,2455,2454,328,215,0,0.010382845
Warm A,397224,2352,2351,328,215,0,0.0058458517
Warm A,374338,2181,2180,328,215,1,0.013359928
Warm A,368648,2155,2154,328,215,1,0.008387592
Warm A,363325,2116,2115,328,215,1,0.003908958
Warm A,358613,2098,2097,328,215,1,0.0027254443
Warm A,352221,2063,2062,328,215,1,0.005295852
Warm A,361854,2109,2108,328,215,0,0.016442787
Warm A,344469,2021,2020,328,215,1,0.0137861045
Warm A,351047,2060,2059,328,215,1,0.006917865
Warm A,326340,1931,1930,328,215,0,0.009275531
Warm A,323525,1919,1918,328,215,0,-0.0031953836
Warm A,333506,1968,1967,328,215,0,0.0031541712
Warm A,330443,1950,1949,328,215,0,0.0139312325
Warm A,297683,1764,1763,328,215,1,0.0071221283
Warm A,279761,1680,1679,328,215,1,0.016654434
Warm A,277120,1675,1674,328,215,0,0.009462532
Warm A,285827,1705,1704,328,215,0,0.0021265247
Warm A,277926,1676,1675,328,215,0,0.016393248
Warm A,271547,1641,1640,328,215,0,0.012973858
Warm A,267657,1626,1625,328,215,0,0.0045924084
Warm A,247863,1496,1495,328,215,1,0.01242152
Warm A,303333,1802,1801,328,215,0,0.004833822
Warm A,358289,2097,2096,328,215,0,0.002424741
Warm A,231201,1399,1398,328,215,0,-0.0013797733
Warm A,224534,1357,1356,328,215,0,0.007943984
Warm A,221838,1341,1340,328,215,1,0.0025039949
Warm A,221923,1342,1341,328,215,0,0.005475564
Warm A,273187,1647,1646,328,215,0,0.012279213
Warm A,350368,2056,2055,328,215,1,0.019868352
Warm A,192763,1186,1185,328,215,1,0.004605836
Warm A,328560,1941,1940,328,215,0,0.0077692447
Warm A,189091,1172,1171,328,215,0,0.011979539
Warm A,186214,1151,1150,328,215,1,0.007318543
Warm A,184101,1146,1145,328,215,1,0.011171164
Warm A,175721,1112,1111,328,215,0,0.009309243
Warm A,159389,1017,1016,328,215,0,0.006174408
Warm A,151052,971,970,328,215,0,0.010218376
Warm A,271069,1639,1638,328,215,0,0.0071248347
Warm A,133302,860,859,328,215,1,0.0016619407
Warm A,138696,889,888,328,215,0,0.013955278
Warm A,263597,1605,1604,328,215,0,0.013269013
Warm A,126706,817,816,328,215,1,0.013070026
Warm A,125617,808,807,328,215,1,0.003734112
Warm A,123967,798,797,328,215,0,0.0062506464
Warm A,113882,738,737,328,215,0,-0.001495189
Warm A,117652,757,756,328,215,0,0.011303453
Warm A,97399,652,651,328,215,0,0.009636426
Warm A,92819,621,620,328,215,0,0.0083149485
Warm A,203259,1246,1245,328,215,0,0.012485389
Warm A,108796,712,711,328,215,1,0.011936117
Warm A,81858,543,542,328,215,1,0.0037880214
Warm A,77795,524,523,328,215,1,0.02334045
Warm A,51174,337,336,328,215,1,0.013246927
Warm A,41211,278,277,328,215,1,0.003849193
Warm A,42810,293,292,328,215,0,0.010700864
Warm A,291630,1737,1736,328,215,0,0.014829921
Warm A,22594,163,162,328,215,0,0.003085923
Warm A,14550,117,116,328,215,0,0.012735084
Warm A,290473,1733,1732,328,215,0,0.018814683
Warm A,238178,1447,1446,328,215,0,0.009838287
Warm A,28239,195,194,328,215,1,0.02187288
Warm A,164777,1051,1050,328,215,0,0.016176712
Warm A,251943,1524,1523,328,215,1,0.003952278
Warm A,195687,1203,1202,328,215,0,0.022541318
Warm A,134527,869,868,328,215,0,0.020015568
Warm A,136850,881,880,328,215,1,0.005940958
Warm A,474393,2910,2909,328,215,1,0.004984827
Warm A,63264,424,423,328,215,0,0.016419267
Warm A,532347,3285,3284,330,217,0,-0.004874131
Warm A,515664,3182,3181,330,217,0,0.0024271887
Warm A,566437,3476,3475,330,217,0,0.006677366
Warm A,507328,3121,3120,330,217,0,0.0025855321
Warm A,506855,3118,3117,330,217,0,0.005052831
Warm A,784191,4682,4681,330,217,0,0.0036909848
Warm A,494428,3032,3031,330,217,1,0.009531395
Warm A,477261,2929,2928,330,217,0,0.0071540778
Warm A,463536,2857,2856,330,217,0,0.0015074278
Warm A,446010,2750,2749,330,217,1,0.008250415
Warm A,444819,2743,2742,330,217,0,-0.00096021313
Warm A,790506,4728,4727,330,217,0,0.009917349
Warm A,426591,2590,2589,330,217,0,-0.0004992032
Warm A,419915,2537,2536,330,217,0,0.0035190692
Warm A,409761,2457,2456,330,217,1,0.006926829
Warm A,392462,2304,2303,330,217,0,0.005340153
Warm A,377959,2205,2204,330,217,0,0.0071838163
Warm A,368650,2155,2154,330,217,1,0.002021088
Warm A,364936,2124,2123,330,217,0,0.0007575557
Warm A,361862,2109,2108,330,217,0,0.0061328495
Warm A,352232,2063,2062,330,217,0,0.0058540404
Warm A,348517,2042,2041,330,217,0,0.005912851
Warm A,344473,2021,2020,330,217,0,0.013346908
Warm A,345185,2024,2023,330,217,0,0.0051793857
Warm A,340886,2010,2009,330,217,0,-0.0017260984
Warm A,323526,1919,1918,330,217,1,0.0044787824
Warm A,288323,1722,1721,330,217,0,0.00019202306
Warm A,279785,1680,1679,330,217,1,0.0010331315
Warm A,285828,1705,1704,330,217,0,-0.0044484646
Warm A,247872,1496,1495,330,217,0,-0.001145463
Warm A,358290,2097,2096,330,217,1,-0.00074954727
Warm A,224538,1357,1356,330,217,0,-0.0022376976
Warm A,224314,1356,1355,330,217,0,-0.0013228455
Warm A,221840,1341,1340,330,217,1,0.0079846885
Warm A,221925,1342,1341,330,217,1,-0.001216853
Warm A,277932,1676,1675,330,217,0,0.0054727606
Warm A,209211,1277,1276,330,217,0,-0.0027341573
Warm A,273196,1647,1646,330,217,0,0.009115074
Warm A,211255,1285,1284,330,217,0,-0.0006241021
Warm A,196689,1207,1206,330,217,0,0.002679203
Warm A,173813,1100,1099,330,217,0,-0.007704408
Warm A,272350,1645,1644,330,217,1,0.00038807746
Warm A,159393,1017,1016,330,217,0,0.0016637433
Warm A,342734,2015,2014,330,217,1,0.008774083
Warm A,271070,1639,1638,330,217,0,0.0053907745
Warm A,136858,881,880,330,217,0,-0.010000382
Warm A,134534,869,868,330,217,0,0.0024956022
Warm A,133226,859,858,330,217,0,0.0043475344
Warm A,126711,817,816,330,217,1,-0.0056980057
Warm A,125619,808,807,330,217,1,0.012715687
Warm A,122823,792,791,330,217,0,0.0020807704
Warm A,115151,748,747,330,217,0,0.0059039816
Warm A,108246,710,709,330,217,0,0.003157524
Warm A,177164,1117,1116,330,217,0,-0.0025519186
Warm A,441983,2718,2717,330,217,0,-0.0013073159
Warm A,92823,621,620,330,217,1,0.0061655594
Warm A,91681,608,607,330,217,0,-0.0033106587
Warm A,86801,566,565,330,217,0,-0.0034133221
Warm A,291635,1737,1736,330,217,0,0.0033730506
Warm A,81866,543,542,330,217,0,0.012077714
Warm A,80776,536,535,330,217,0,0.0054869987
Warm A,108798,712,711,330,217,0,-0.0050731488
Warm A,78951,530,529,330,217,1,-0.0002068677
Warm A,77804,524,523,330,217,1,0.0033493938
Warm A,75999,516,515,330,217,0,0.0007575047
Warm A,80361,533,532,330,217,0,0.008343248
Warm A,123540,796,795,330,217,0,0.00784227
Warm A,53852,352,351,330,217,0,0.0011800146
Warm A,51181,337,336,330,217,0,0.004490358
Warm A,132646,855,854,330,217,0,0.0055869604
Warm A,41216,278,277,330,217,1,0.0063386653
Warm A,257875,1579,1578,330,217,0,0.0034985757
Warm A,40452,272,271,330,217,0,0.0021920688
Warm A,36552,245,244,330,217,0,-0.0008384581
Warm A,337186,1983,1982,330,217,1,0.015040903
Warm A,99890,667,666,330,217,0,0.0032585338
Warm A,22599,163,162,330,217,0,0.015761623
Warm A,10979,81,80,330,217,0,0.0018777857
Warm A,7801,53,52,330,217,0,0.008626476
Warm A,2649,22,21,330,217,0,0.0036329506
Warm A,2348,19,18,330,217,1,0.00084260455
Warm A,238192,1447,1446,330,217,0,-0.0025756177
Warm A,174304,1101,1100,330,217,0,0.0020339603
Warm A,954252,5761,5760,330,217,0,0.0038675566
Warm A,328576,1941,1940,330,217,0,0.006299558
Warm A,164790,1051,1050,330,217,0,0.0074512744
Warm A,941494,5682,5681,330,217,0,-0.0014789314
Warm A,28257,195,194,330,217,1,-0.002959215
Warm A,489306,3012,3011,330,217,0,-0.00034463033
Warm A,637084,3836,3835,332,218,0,0.01100424
Warm A,638504,3841,3840,332,218,0,0.0019732672
Warm A,617338,3736,3735,332,218,0,0.0036317348
Warm A,596825,3626,3625,332,218,0,0.002455603
Warm A,590849,3603,3602,332,218,0,0.009174605
Warm A,576686,3525,3524,332,218,0,-4.0291925e-05
Warm A,569426,3491,3490,332,218,1,0.0019668601
Warm A,566438,3476,3475,332,218,0,0.0039930036
Warm A,507546,3123,3122,332,218,0,0.0022122916
Warm A,902866,5458,5457,332,218,0,0.0067685717
Warm A,547646,3378,3377,332,218,0,0.0049947146
Warm A,496630,3051,3050,332,218,0,0.0050050914
Warm A,641127,3853,3852,332,218,0,0.00077069737
Warm A,495725,3044,3043,332,218,1,0.0019255818
Warm A,494431,3032,3031,332,218,0,0.011479188
Warm A,488941,3010,3009,332,218,0,0.0057084104
Warm A,517971,3196,3195,332,218,0,-0.003256207
Warm A,463538,2857,2856,332,218,1,0.0023595104
Warm A,444820,2743,2742,332,218,0,0.008594705
Warm A,430183,2621,2620,332,218,0,0.006497851
Warm A,426592,2590,2589,332,218,0,0.0050063822
Warm A,415848,2504,2503,332,218,1,0.0065321582
Warm A,392465,2304,2303,332,218,0,0.0046547176
Warm A,391167,2299,2298,332,218,0,0.0020388826
Warm A,377411,2203,2202,332,218,0,0.008989677
Warm A,374351,2181,2180,332,218,0,0.0018364683
Warm A,370788,2167,2166,332,218,0,0.00559356
Warm A,367779,2147,2146,332,218,0,-0.0018636785
Warm A,366400,2132,2131,332,218,0,0.007222752
Warm A,359130,2101,2100,332,218,0,0.012779579
Warm A,358620,2098,2097,332,218,0,-0.0059693614
Warm A,356524,2088,2087,332,218,0,0.010578045
Warm A,361864,2109,2108,332,218,0,0.0054683993
Warm A,375704,2188,2187,332,218,0,0.011189457
Warm A,344474,2021,2020,332,218,1,0.0023829313
Warm A,325559,1926,1925,332,218,0,-0.0026965754
Warm A,311604,1856,1855,332,218,1,-0.0006995525
Warm A,305309,1814,1813,332,218,0,0.00043414463
Warm A,300749,1781,1780,332,218,1,0.0066081956
Warm A,330446,1950,1949,332,218,0,0.010021703
Warm A,292506,1741,1740,332,218,0,0.003943566
Warm A,279788,1680,1679,332,218,1,0.0061086034
Warm A,277127,1675,1674,332,218,0,0.013925477
Warm A,277933,1676,1675,332,218,0,0.015208644
Warm A,361048,2106,2105,332,218,0,0.008465898
Warm A,271551,1641,1640,332,218,0,0.01107857
Warm A,268381,1630,1629,332,218,0,0.0024793358
Warm A,234602,1424,1423,332,218,0,-0.004884565
Warm A,230927,1397,1396,332,218,0,0.0019036691
Warm A,233181,1418,1417,332,218,0,-0.00375672
Warm A,221926,1342,1341,332,218,0,0.0042119822
Warm A,221841,1341,1340,332,218,0,-0.0011521564
Warm A,267311,1624,1623,332,218,0,0.00064073945
Warm A,270167,1635,1634,332,218,0,0.010005891
Warm A,261912,1599,1598,332,218,1,-0.0017236399
Warm A,196198,1206,1205,332,218,0,0.005051067
Warm A,328578,1941,1940,332,218,0,0.01499492
Warm A,181654,1135,1134,332,218,0,0.008097456
Warm A,191967,1182,1181,332,218,0,0.0014010035
Warm A,331871,1958,1957,332,218,0,0.015822925
Warm A,184105,1146,1145,332,218,0,0.0060232445
Warm A,175725,1112,1111,332,218,0,0.0071382653
Warm A,166122,1058,1057,332,218,0,0.0013051243
Warm A,159394,1017,1016,332,218,0,0.010432016
Warm A,150222,967,966,332,218,0,0.00054255244
Warm A,153259,984,983,332,218,0,0.0060681994
Warm A,147087,948,947,332,218,0,0.004435822
Warm A,133227,859,858,332,218,0,0.004075614
Warm A,133068,858,857,332,218,0,0.002509222
Warm A,352233,2063,2062,332,218,0,0.0064037526
Warm A,125620,808,807,332,218,0,0.0017514813
Warm A,114111,741,740,332,218,0,-0.008378118
Warm A,103721,689,688,332,218,1,0.005097865
Warm A,108799,712,711,332,218,0,-0.0034427578
Warm A,179789,1125,1124,332,218,0,0.017227776
Warm A,316998,1884,1883,332,218,1,-8.832337e-05
Warm A,94745,636,635,332,218,0,0.0009220601
Warm A,235199,1425,1424,332,218,0,-0.0008298714
Warm A,90987,602,601,332,218,0,0.009393221
Warm A,308871,1837,1836,332,218,0,0.0067687444
Warm A,86225,563,562,332,218,0,0.00020650623
Warm A,250497,1509,1508,332,218,0,0.005203671
Warm A,84443,550,549,332,218,0,-0.0028487893
Warm A,66644,445,444,332,218,0,0.0057021165
Warm A,51182,337,336,332,218,0,0.00050140545
Warm A,45212,305,304,332,218,0,0.0044360384
Warm A,41217,278,277,332,218,0,0.0013373666
Warm A,22602,163,162,332,218,0,0.0057911146
Warm A,14563,117,116,332,218,0,0.01663239
Warm A,290485,1733,1732,332,218,0,0.0036263985
Warm A,458213,2820,2819,332,218,0,0.0011481624
Warm A,19493,148,147,332,218,0,0.0049316776
Warm A,355125,2077,2076,332,218,0,0.0061795097
Warm A,552578,3401,3400,332,218,0,0.007898681
Warm A,238194,1447,1446,332,218,0,0.014589614
Warm A,52188,343,342,332,218,1,0.008510141
Warm A,474007,2909,2908,332,218,1,0.00798819
Warm A,171992,1088,1087,332,218,0,0.008230125
Warm A,136859,881,880,332,218,0,0.0058972393
Warm A,63282,424,423,332,218,0,0.013624056
Warm A,489307,3012,3011,332,218,0,0.005308816
Warm A,442472,2724,2723,334,220,1,0.0049485844
Warm A,696652,4169,4168,334,220,1,-0.013854522
Warm A,421185,2544,2543,334,220,1,0.001564532
Warm A,416856,2507,2506,334,220,1,0.006679228
Warm A,381391,2230,2229,334,220,0,0.00143127
Warm A,310180,1845,1844,334,220,1,0.0035862315
Warm A,292509,1741,1740,334,220,1,0.00047356624
Warm A,276414,1671,1670,334,220,1,0.008154851
Warm A,284450,1698,1697,334,220,1,0.007520158
Warm A,319536,1897,1896,334,220,1,-0.0076881563
Warm A,209798,1281,1280,334,220,1,-0.0030059046
Warm A,206019,1264,1263,334,220,1,0.0023390711
Warm A,201022,1239,1238,334,220,0,0.010843212
Warm A,211259,1285,1284,334,220,0,0.0111526055
Warm A,244167,1470,1469,334,220,0,-0.0048775678
Warm A,308874,1837,1836,334,220,0,-0.0013377517
Warm A,296585,1758,1757,334,220,1,0.004158388
Warm A,329531,1943,1942,334,220,1,0.0072700074
Warm A,185686,1150,1149,334,220,1,-0.0024096468
Warm A,307650,1835,1834,334,220,0,0.0061593875
Warm A,201751,1242,1241,334,220,1,0.0064448933
Warm A,168641,1069,1068,334,220,1,0.0046652667
Warm A,191352,1181,1180,334,220,1,0.0015311353
Warm A,320277,1899,1898,334,220,1,0.0014842004
Warm A,153868,989,988,334,220,1,-0.0023066003
Warm A,147799,952,951,334,220,1,-0.0009984237
Warm A,142501,919,918,334,220,1,0.0011271497
Warm A,199600,1224,1223,334,220,1,0.0035249554
Warm A,138716,889,888,334,220,1,-0.002493016
Warm A,374886,2185,2184,334,220,1,-0.0036351397
Warm A,97953,655,654,334,220,1,-0.0028123492
Warm A,84446,550,549,334,220,1,0.00017381087
Warm A,72984,493,492,334,220,0,0.0007132874
Warm A,45020,303,302,334,220,1,0.0028788522
Warm A,860158,5172,5171,334,220,1,0.0077783563
Warm A,431171,2627,2626,334,220,0,-0.0021697602
Warm A,22028,161,160,334,220,1,-0.002439476
Warm A,20063,149,148,334,220,0,0.007262594
Warm A,3878,28,27,334,220,1,-0.006783031
Warm A,357661,2092,2091,334,220,0,-0.006211744
Warm A,89371,588,587,334,220,1,0.006713066
Warm A,158568,1015,1014,334,220,1,0.00040983246
Warm A,42818,293,292,334,220,0,0.0039183456
Warm A,484350,2980,2979,334,220,1,-0.0019163315
Warm A,467416,2880,2879,334,220,1,-0.0027438137
Warm A,772740,4607,4606,334,220,0,-0.003939492
Warm A,475631,2918,2917,334,220,1,0.006871624
Warm A,847952,5096,5095,334,220,1,0.0007442038
Warm A,447701,2760,2759,334,220,0,0.0022858228
Warm A,287838,1717,1716,334,220,0,-0.0027113028
Warm A,739440,4418,4417,334,220,1,-0.005863423
Warm A,27590,193,192,334,220,0,0.0029035122
Warm A,208931,1274,1273,334,220,1,0.0037519885
Warm A,160349,1019,1018,334,220,1,-0.0015784482
Warm A,696677,4169,4168,340,224,0,-0.0056206565
Warm A,87328,570,569,340,224,1,-0.011705402
Warm A,361067,2106,2105,340,224,0,0.0031329724
Warm A,191382,1181,1180,340,224,0,6.519025e-06
Warm A,240463,1449,1448,340,224,1,-0.006009956
Warm A,53885,352,351,340,224,1,-0.008706041
Warm A,239262,1448,1447,340,224,1,-0.007107838
Warm A,40047,271,270,340,224,1,-0.0059520975
Warm A,19028,147,146,340,224,1,0.008046622
Warm A,6921,48,47,340,224,0,-0.012111395
Warm A,1808,17,16,340,224,0,0.0016425527
Warm A,104522,692,691,340,224,1,-0.0044297995
Warm A,268110,1628,1627,340,224,0,-0.0031015987
Warm A,349048,2047,2046,340,224,0,-0.009626094
Warm A,355138,2077,2076,340,224,1,-0.0024851272
Warm A,386171,2258,2257,340,224,0,0.0032437085
Warm A,286871,1712,1711,340,224,1,-0.012204997
Warm A,28288,195,194,340,224,1,-0.0011959593
Warm A,169962,1079,1078,340,224,0,-0.004451235
Warm A,145074,934,933,340,224,0,-0.0041889576
Warm A,893071,5394,5393,340,224,0,-6.3666375e-05
Warm A,527112,3260,3259,340,224,1,0.0043933997
Warm A,116542,752,751,340,224,0,-0.008065894
Warm A,974423,5878,5877,340,224,1,0.0020459082
Warm A,458241,2820,2819,346,228,0,-0.006421783
Warm A,443959,2737,2736,346,228,0,0.0072235847
Warm A,442300,2723,2722,346,228,1,-0.010053776
Warm A,429278,2611,2610,346,228,1,0.005256705
Warm A,416885,2507,2506,346,228,1,-0.00019793725
Warm A,410317,2461,2460,346,228,1,-0.00035052327
Warm A,404713,2419,2418,346,228,1,0.003742881
Warm A,402496,2402,2401,346,228,1,-0.0050231516
Warm A,401053,2389,2388,346,228,0,-0.0021157998
Warm A,376586,2197,2196,346,228,1,-0.014040234
Warm A,375716,2188,2187,346,228,0,0.0053004175
Warm A,364948,2124,2123,346,228,1,-0.004102568
Warm A,338331,1988,1987,346,228,1,0.00693196
Warm A,315531,1880,1879,346,228,0,0.00249132
Warm A,276439,1671,1670,346,228,1,4.6521658e-05
Warm A,266040,1613,1612,346,228,1,-0.0040724734
Warm A,259107,1586,1585,346,228,1,0.008377753
Warm A,247213,1494,1493,346,228,1,-0.0018958615
Warm A,631793,3821,3820,346,228,0,-0.000966053
Warm A,228514,1383,1382,346,228,0,-0.0056056855
Warm A,296601,1758,1757,346,228,1,0.002140845
Warm A,213660,1298,1297,346,228,1,0.013186911
Warm A,211296,1285,1284,346,228,0,-0.008166098
Warm A,592172,3610,3609,346,228,0,-0.007871087
Warm A,185719,1150,1149,346,228,0,-0.006531359
Warm A,307668,1835,1834,346,228,1,0.0038278536
Warm A,263640,1605,1604,346,228,0,-0.0013913761
Warm A,168657,1069,1068,346,228,0,0.009697078
Warm A,164027,1050,1049,346,228,0,0.0071871686
Warm A,158599,1015,1014,346,228,1,-0.0023486777
Warm A,217300,1317,1316,346,228,1,0.0017358698
Warm A,139475,891,890,346,228,1,0.0010149705
Warm A,138753,889,888,346,228,0,0.00072568166
Warm A,136884,881,880,346,228,0,-0.0091927815
Warm A,134770,870,869,346,228,1,0.0019339629
Warm A,132083,854,853,346,228,0,0.006337479
Warm A,160377,1019,1018,346,228,0,0.0051631657
Warm A,452145,2784,2783,346,228,1,-0.0019506088
Warm A,696688,4169,4168,346,228,1,0.0022967588
Warm A,239268,1448,1447,346,228,1,0.010375972
Warm A,132660,855,854,346,228,0,0.010370328
Warm A,45214,305,304,346,228,0,-0.0074378354
Warm A,300539,1780,1779,346,228,0,-0.015637368
Warm A,23174,166,165,346,228,0,0.010302736
Warm A,6930,48,47,346,228,0,0.0017601703
Warm A,108268,710,709,346,228,1,-0.0031424193
Warm A,95566,639,638,346,228,1,-0.004734948
Warm A,286875,1712,1711,346,228,1,-0.0042488417
Warm A,257899,1579,1578,346,228,0,0.0062711257
Warm A,844047,5074,5073,346,228,1,0.0058837594
Warm A,460838,2841,2840,346,228,1,0.0038396188
Warm A,750487,4478,4477,346,228,0,0.006530478
Warm A,265256,1611,1610,346,228,1,0.0013983883
Warm A,20092,149,148,346,228,1,-0.009636109
Warm A,50664,333,332,346,228,0,5.906704e-05
Warm A,958891,5787,5786,346,228,1,0.012706844
Warm A,554602,3411,3410,346,228,0,-0.0015339202
Warm A,371816,2172,2171,346,228,0,-0.0041157017
Warm A,739448,4418,4417,346,228,1,0.005893438
Warm A,923994,5580,5579,346,228,1,-0.008009344
Warm A,474819,2913,2912,352,233,1,0.0015192014
Warm A,460433,2840,2839,352,233,0,0.0033843827
Warm A,696714,4169,4168,352,233,0,0.0076987026
Warm A,433781,2643,2642,352,233,0,0.013973991
Warm A,397116,2351,2350,352,233,0,0.018173456
Warm A,382537,2235,2234,352,233,1,0.010185888
Warm A,369217,2158,2157,352,233,1,-0.005536612
Warm A,368010,2148,2147,352,233,0,0.000884193
Warm A,366481,2134,2133,352,233,1,0.008566875
Warm A,356059,2085,2084,352,233,0,0.00782664
Warm A,355377,2078,2077,352,233,0,0.0067093587
Warm A,338352,1988,1987,352,233,0,0.0045518526
Warm A,259656,1587,1586,352,233,1,0.0075533767
Warm A,303125,1800,1799,352,233,0,-0.001202086
Warm A,241455,1451,1450,352,233,1,0.010186028
Warm A,231762,1404,1403,352,233,0,0.009322348
Warm A,233498,1420,1419,352,233,0,0.0024700952
Warm A,220926,1339,1338,352,233,0,0.00067421235
Warm A,308186,1836,1835,352,233,0,0.0010770763
Warm A,211331,1285,1284,352,233,1,0.0057403417
Warm A,279882,1680,1679,352,233,0,0.0064115203
Warm A,188454,1169,1168,352,233,0,0.007207846
Warm A,212555,1294,1293,352,233,1,-0.0065209577
Warm A,185750,1150,1149,352,233,0,-0.0029093358
Warm A,166629,1059,1058,352,233,0,0.0039765784
Warm A,364011,2120,2119,352,233,1,0.0059484267
Warm A,152051,977,976,352,233,0,0.010060025
Warm A,221609,1340,1339,352,233,0,0.012203629
Warm A,149753,963,962,352,233,0,0.0070655933
Warm A,138783,889,888,352,233,0,-0.0021648987
Warm A,713366,4277,4276,352,233,0,-0.0014346996
Warm A,130715,847,846,352,233,0,0.0066333273
Warm A,129677,839,838,352,233,1,0.014027868
Warm A,298207,1767,1766,352,233,1,0.0004016473
Warm A,117274,756,755,352,233,0,0.003954457
Warm A,96679,648,647,352,233,0,0.0033444564
Warm A,89507,589,588,352,233,0,0.0061422545
Warm A,88952,587,586,352,233,0,0.0035559884
Warm A,197458,1211,1210,352,233,1,0.008988916
Warm A,70923,476,475,352,233,1,0.0010299222
Warm A,116572,752,751,352,233,1,0.012133451
Warm A,70276,474,473,352,233,0,0.00512477
Warm A,59194,402,401,352,233,1,-0.00042085676
Warm A,53928,352,351,352,233,0,0.009694971
Warm A,317922,1889,1888,352,233,0,0.0049819015
Warm A,40494,272,271,352,233,0,0.004339907
Warm A,26820,190,189,352,233,0,-0.00063536037
Warm A,24965,175,174,352,233,1,0.0043634204
Warm A,21632,157,156,352,233,1,5.5200886e-05
Warm A,49575,329,328,352,233,0,0.008798726
Warm A,257918,1579,1578,352,233,0,0.014911031
Warm A,575566,3519,3518,352,233,0,0.010913961
Warm A,485295,2986,2985,352,233,0,0.0050782426
Warm A,499709,3067,3066,352,233,1,0.0005020716
Warm A,195730,1203,1202,352,233,0,0.0037526563
Warm A,882228,5329,5328,352,233,1,0.0068710884
Warm A,565778,3475,3474,352,233,1,0.00860478
Warm A,893083,5394,5393,352,233,1,0.009577759
Warm A,974441,5878,5877,352,233,1,0.010575643
Warm A,933604,5636,5635,354,235,0,0.015696058
Warm A,249954,1505,1504,354,235,0,0.006155409
Warm A,777961,4647,4646,354,235,0,0.0074609336
Warm A,309784,1842,1841,354,235,1,0.021151714
Warm A,255628,1556,1555,354,235,0,0.009317598
Warm A,105713,698,697,354,235,1,0.004063674
Warm A,941517,5682,5681,354,235,1,0.0033484758
Warm A,600290,3650,3649,358,239,0,0.011766923
Warm A,594983,3620,3619,358,239,0,0.008972974
Warm A,583957,3563,3562,358,239,0,0.0009074183
Warm A,872560,5269,5268,358,239,0,0.0028265137
Warm A,579726,3539,3538,358,239,1,0.007034415
Warm A,572463,3507,3506,358,239,1,0.002785447
Warm A,563224,3464,3463,358,239,1,0.0016682046
Warm A,557880,3425,3424,358,239,0,0.014019277
Warm A,542743,3339,3338,358,239,0,0.00924968
Warm A,536265,3308,3307,358,239,0,0.007959543
Warm A,561697,3454,3453,358,239,1,-0.006504349
Warm A,527639,3261,3260,358,239,1,0.010167094
Warm A,522012,3223,3222,358,239,0,0.0035198824
Warm A,537466,3311,3310,358,239,0,0.008789169
Warm A,635972,3833,3832,358,239,1,0.008645391
Warm A,515082,3180,3179,358,239,0,0.007041638
Warm A,502272,3082,3081,358,239,1,0.011623481
Warm A,550565,3391,3390,358,239,1,0.0015160623
Warm A,492988,3029,3028,358,239,0,0.008346102
Warm A,485300,2986,2985,358,239,1,-0.0052764914
Warm A,483996,2976,2975,358,239,0,0.0054179304
Warm A,471712,2901,2900,358,239,1,0.008643432
Warm A,455030,2800,2799,358,239,0,0.011277485
Warm A,451176,2777,2776,358,239,1,-0.0013916162
Warm A,448560,2764,2763,358,239,0,0.006323211
Warm A,564722,3471,3470,358,239,0,0.012028641
Warm A,440378,2692,2691,358,239,1,0.013347999
Warm A,404732,2419,2418,358,239,0,0.0014093146
Warm A,393317,2311,2310,358,239,0,0.003457148
Warm A,390185,2288,2287,358,239,0,0.0023844936
Warm A,359575,2102,2101,358,239,0,0.00838616
Warm A,340921,2010,2009,358,239,0,0.010899263
Warm A,288047,1720,1719,358,239,0,0.0066730427
Warm A,259661,1587,1586,358,239,0,0.008495008
Warm A,299809,1778,1777,358,239,1,0.0051132543
Warm A,296613,1758,1757,358,239,0,-0.0017049061
Warm A,308911,1837,1836,358,239,0,0.010412225
Warm A,263676,1605,1604,358,239,0,-0.004845717
Warm A,168676,1069,1068,358,239,0,0.005660169
Warm A,164046,1050,1049,358,239,0,0.009736551
Warm A,162510,1035,1034,358,239,1,0.011249986
Warm A,136921,881,880,358,239,0,0.011496754
Warm A,155015,999,998,358,239,1,0.008786327
Warm A,352310,2063,2062,358,239,0,0.0061047194
Warm A,126953,818,817,358,239,0,-0.0034760663
Warm A,110445,720,719,358,239,0,0.011508349
Warm A,329562,1943,1942,358,239,0,0.007968722
Warm A,92837,621,620,358,239,0,0.013063263
Warm A,91692,608,607,358,239,1,-0.0015399838
Warm A,90033,593,592,358,239,1,0.0012707436
Warm A,239302,1448,1447,358,239,1,0.0124751665
Warm A,77863,524,523,358,239,0,0.020124082
Warm A,197464,1211,1210,358,239,0,0.0019770532
Warm A,68292,457,456,358,239,0,0.013273193
Warm A,67573,453,452,358,239,0,0.0032393048
Warm A,60214,409,408,358,239,0,-0.0013763139
Warm A,784227,4682,4681,358,239,1,-0.0060604746
Warm A,27290,192,191,358,239,0,0.0039571035
Warm A,7871,53,52,358,239,1,0.0033121002
Warm A,262602,1601,1600,358,239,1,0.0040772045
Warm A,45425,306,305,358,239,1,0.008601885
Warm A,893089,5394,5393,358,239,0,0.009760381
Warm A,257926,1579,1578,358,239,0,0.005517562
Warm A,241461,1451,1450,358,239,0,0.009305073
Warm A,317928,1889,1888,358,239,0,0.01588144
Warm A,88957,587,586,358,239,0,0.00014230376
Warm A,433286,2641,2640,358,239,1,0.0021889806
Warm A,145905,937,936,358,239,1,0.012757236
Warm A,973498,5872,5871,358,239,0,0.0117013445
Warm A,907720,5492,5491,358,239,0,0.0048414003
Warm A,20124,149,148,358,239,0,0.0070850677
Warm A,207124,1266,1265,358,239,0,0.0039124275
Warm A,575909,3520,3519,358,239,0,0.0058168164
Warm A,134577,869,868,358,239,1,0.00580279
Warm A,757337,4508,4507,358,239,0,0.004190182
Warm A,960335,5792,5791,358,239,0,0.008827209
Warm A,322685,1912,1911,358,239,0,0.0025540292
Warm A,941521,5682,5681,358,239,1,0.0092116855
Warm A,273253,1647,1646,358,239,0,0.0196569
Warm A,554920,3412,3411,358,239,1,0.0058821393
Warm A,974448,5878,5877,358,239,0,-0.003714642
Warm A,377455,2203,2202,360,240,1,0.0072385054
Warm A,369685,2163,2162,360,240,1,-0.0023224868
Warm A,352346,2063,2062,360,240,0,0.009182061
Warm A,361920,2109,2108,360,240,0,0.014462575
Warm A,340939,2010,2009,360,240,0,0.013284224
Warm A,289039,1726,1725,360,240,0,0.0014278942
Warm A,299821,1778,1777,360,240,0,0.00916482
Warm A,266080,1613,1612,360,240,0,0.0047624162
Warm A,264751,1609,1608,360,240,0,0.0068524973
Warm A,361119,2106,2105,360,240,0,0.005130789
Warm A,245074,1476,1475,360,240,0,0.000102860795
Warm A,356925,2090,2089,360,240,0,0.0043151164
Warm A,336362,1980,1979,360,240,0,0.016796127
Warm A,233201,1418,1417,360,240,0,0.00852044
Warm A,223792,1354,1353,360,240,0,-0.0010239268
Warm A,279932,1680,1679,360,240,0,0.013563618
Warm A,320889,1902,1901,360,240,1,0.010232196
Warm A,196754,1207,1206,360,240,0,0.0034780214
Warm A,192481,1184,1183,360,240,0,0.007782542
Warm A,186873,1158,1157,360,240,1,0.014248953
Warm A,328718,1941,1940,360,240,0,0.0067230156
Warm A,164057,1050,1049,360,240,0,0.009148778
Warm A,275731,1667,1666,360,240,0,0.010142608
Warm A,155022,999,998,360,240,0,0.00852012
Warm A,152718,983,982,360,240,1,0.0069192527
Warm A,325895,1928,1927,360,240,1,0.0071735755
Warm A,157248,1010,1009,360,240,0,0.0071207373
Warm A,202695,1244,1243,360,240,0,0.009812316
Warm A,131511,851,850,360,240,1,0.0020823502
Warm A,249025,1501,1500,360,240,0,0.017572487
Warm A,332867,1962,1961,360,240,0,0.005150551
Warm A,125084,802,801,360,240,1,0.0014187165
Warm A,123181,795,794,360,240,0,0.002028856
Warm A,240529,1449,1448,360,240,0,0.015311943
Warm A,111064,721,720,360,240,0,0.00843508
Warm A,106320,699,698,360,240,0,0.0034957188
Warm A,179836,1125,1124,360,240,0,0.0020302443
Warm A,99074,660,659,360,240,0,0.011663997
Warm A,314223,1875,1874,360,240,0,0.009491885
Warm A,84521,550,549,360,240,1,0.01354488
Warm A,77887,524,523,360,240,0,0.02339727
Warm A,73735,499,498,360,240,1,0.00539485
Warm A,71180,477,476,360,240,0,0.011620942
Warm A,334060,1969,1968,360,240,0,0.009846121
Warm A,47649,319,318,360,240,0,0.011294519
Warm A,145508,935,934,360,240,0,0.0032028276
Warm A,627092,3792,3791,360,240,0,0.0139313275
Warm A,32244,216,215,360,240,0,0.01917813
Warm A,30013,202,201,360,240,0,0.008839572
Warm A,29294,199,198,360,240,0,0.011926562
Warm A,22662,163,162,360,240,0,0.014232049
Warm A,13054,101,100,360,240,1,0.013645608
Warm A,9393,62,61,360,240,0,0.008198725
Warm A,6972,48,47,360,240,0,0.00956048
Warm A,108308,710,709,360,240,0,0.008043826
Warm A,696744,4169,4168,360,240,0,0.0122034205
Warm A,78688,528,527,360,240,0,-0.006168019
Warm A,238276,1447,1446,360,240,0,0.0061172745
Warm A,363412,2116,2115,360,240,0,0.0025729486
Warm A,12110,92,91,360,240,0,0.0043491656
Warm A,272393,1645,1644,360,240,1,0.006173939
Warm A,35115,237,236,360,240,0,0.013550691
Warm A,79735,531,530,360,240,0,0.0206197
Warm A,907722,5492,5491,360,240,0,0.009882706
Warm A,134600,869,868,360,240,0,0.0031178799
Warm A,599481,3648,3647,360,240,0,0.0086311735
Warm A,699788,4186,4185,360,240,0,0.008880351
Warm A,535151,3301,3300,363,243,1,0.0030754548
Warm A,805799,4823,4822,363,243,1,0.017037207
Warm A,29300,199,198,365,245,1,-0.0021268236
Warm A,26532,187,186,365,245,1,0.0055423863
Warm A,19562,148,147,365,245,0,0.006107958
Warm A,7896,53,52,365,245,0,-0.0020819297
Warm A,96759,649,648,365,245,0,0.0009770384
Warm A,241482,1451,1450,365,245,1,-0.0021123188
Warm A,265296,1611,1610,365,245,1,0.0072007948
Warm A,329581,1943,1942,365,245,0,-0.008144384
Warm A,195757,1203,1202,365,245,1,0.008650682
Warm A,287871,1717,1716,365,245,1,-0.017291939
Warm A,967008,5831,5830,365,245,1,-0.010028633
Warm A,636534,3834,3833,374,253,1,0.0048856153
Warm A,600326,3650,3649,374,253,0,0.004801699
Warm A,590295,3600,3599,374,253,0,0.006141288
Warm A,731253,4375,4374,374,253,0,0.001403285
Warm A,582281,3557,3556,374,253,1,0.0056517543
Warm A,758841,4510,4509,374,253,1,0.011143651
Warm A,573011,3509,3508,374,253,0,0.017180331
Warm A,557039,3422,3421,374,253,0,-0.00014297315
Warm A,550622,3391,3390,374,253,0,0.0074345013
Warm A,547668,3378,3377,374,253,0,-0.0063839452
Warm A,541136,3328,3327,374,253,0,0.00064784056
Warm A,537525,3311,3310,374,253,0,0.0069561875
Warm A,536293,3308,3307,374,253,0,0.0114514865
Warm A,531292,3280,3279,374,253,0,-0.0083475895
Warm A,522989,3224,3223,374,253,0,0.002357223
Warm A,540113,3320,3319,374,253,0,0.009800155
Warm A,515098,3180,3179,374,253,0,0.010426163
Warm A,508827,3129,3128,374,253,0,-0.005140723
Warm A,502291,3082,3081,374,253,0,0.0034354334
Warm A,516671,3189,3188,374,253,0,0.0029333443
Warm A,499756,3067,3066,374,253,0,0.001352177
Warm A,494552,3032,3031,374,253,1,-0.0010990092
Warm A,492200,3026,3025,374,253,0,-0.0067194453
Warm A,489781,3013,3012,374,253,0,0.00046392326
Warm A,487631,2999,2998,374,253,0,0.006362111
Warm A,478314,2934,2933,374,253,1,-0.0039087464
Warm A,472912,2907,2906,374,253,0,0.010071878
Warm A,470539,2896,2895,374,253,0,0.0037097153
Warm A,456619,2810,2809,374,253,0,0.0025061453
Warm A,450405,2776,2775,374,253,0,0.003989199
Warm A,451218,2777,2776,374,253,0,-0.0055949558
Warm A,444867,2743,2742,374,253,0,-0.0064380784
Warm A,427537,2595,2594,374,253,0,-0.0010434685
Warm A,420573,2541,2540,374,253,1,0.003087755
Warm A,419974,2537,2536,374,253,0,-0.002312808
Warm A,399613,2378,2377,374,253,0,0.0051222453
Warm A,397654,2355,2354,374,253,0,-0.0036925126
Warm A,383819,2242,2241,374,253,0,0.0008078299
Warm A,380011,2222,2221,374,253,0,-0.0095401555
Warm A,379598,2219,2218,374,253,0,0.0039391834
Warm A,382546,2235,2234,374,253,1,0.007804088
Warm A,356075,2085,2084,374,253,0,-0.0059229173
Warm A,361938,2109,2108,374,253,0,0.010457898
Warm A,352386,2063,2062,374,253,0,0.006119802
Warm A,436721,2665,2664,374,253,0,0.0106896935
Warm A,341837,2012,2011,374,253,0,0.011820008
Warm A,297760,1764,1763,374,253,1,0.008053804
Warm A,288162,1721,1720,374,253,0,0.0059242574
Warm A,271349,1640,1639,374,253,0,-0.0024386249
Warm A,361141,2106,2105,374,253,0,0.0044005667
Warm A,236507,1434,1433,374,253,0,-0.0016240305
Warm A,278033,1676,1675,374,253,0,0.0076913713
Warm A,226446,1370,1369,374,253,0,-0.0077938843
Warm A,261975,1599,1598,374,253,0,0.012515378
Warm A,279999,1680,1679,374,253,0,0.011381637
Warm A,213703,1298,1297,374,253,1,0.006128993
Warm A,328772,1941,1940,374,253,0,-0.008958445
Warm A,331962,1958,1957,374,253,0,-0.00029754092
Warm A,178403,1120,1119,374,253,1,0.017127747
Warm A,173867,1100,1099,374,253,0,-0.0019610988
Warm A,172991,1096,1095,374,253,0,0.00016346131
Warm A,168092,1068,1067,374,253,0,0.00149009
Warm A,162791,1039,1038,374,253,0,0.0031736756
Warm A,255647,1556,1555,374,253,0,-0.0027409797
Warm A,189525,1173,1172,374,253,0,8.435035e-05
Warm A,342835,2015,2014,374,253,0,0.0051844306
Warm A,165517,1054,1053,374,253,1,0.012750588
Warm A,153325,984,983,374,253,0,0.0058597415
Warm A,249369,1502,1501,374,253,0,-0.0008425368
Warm A,145118,934,933,374,253,0,0.0064197034
Warm A,164885,1051,1050,374,253,0,0.010248175
Warm A,136961,881,880,374,253,0,0.0021579806
Warm A,249036,1501,1500,374,253,0,-0.0011711989
Warm A,126753,817,816,374,253,0,0.0032418729
Warm A,124346,800,799,374,253,0,0.0017354491
Warm A,117693,757,756,374,253,0,-0.0046623703
Warm A,216524,1314,1313,374,253,0,-0.0017544348
Warm A,106334,699,698,374,253,0,-0.0032209172
Warm A,108328,710,709,374,253,0,0.00980778
Warm A,179854,1125,1124,374,253,0,0.0011618803
Warm A,109468,714,713,374,253,0,-0.0004718362
Warm A,99091,660,659,374,253,0,0.008947974
Warm A,177235,1117,1116,374,253,0,-0.0018047581
Warm A,96516,647,646,374,253,0,0.0051245405
Warm A,93889,629,628,374,253,1,0.008315861
Warm A,425820,2583,2582,374,253,0,0.008546734
Warm A,191492,1181,1180,374,253,0,0.0073759817
Warm A,406245,2436,2435,374,253,1,0.008378258
Warm A,84550,550,549,374,253,0,-0.0057523446
Warm A,299838,1778,1777,374,253,0,0.006579365
Warm A,119553,770,769,374,253,0,0.016696978
Warm A,73187,494,493,374,253,0,0.0038327575
Warm A,116621,752,751,374,253,0,0.010864882
Warm A,68906,461,460,374,253,0,0.004234795
Warm A,87127,569,568,374,253,0,-0.008024688
Warm A,75116,509,508,374,253,0,0.0033391858
Warm A,55144,365,364,374,253,0,0.0076525263
Warm A,240560,1449,1448,374,253,0,0.006354569
Warm A,44734,302,301,374,253,0,0.007327143
Warm A,32272,216,215,374,253,0,0.012767692
Warm A,291725,1737,1736,374,253,0,0.0025988831
Warm A,235286,1425,1424,374,253,0,0.011883487
Warm A,49628,329,328,374,253,0,0.0006113574
Warm A,6998,48,47,374,253,0,-0.0010635629
Warm A,142245,918,917,374,253,0,-0.00040977704
Warm A,19580,148,147,374,253,0,-0.00076620013
Warm A,585047,3571,3570,374,253,0,-0.011647255
Warm A,552667,3401,3400,374,253,0,0.0109427925
Warm A,65590,438,437,374,253,0,-0.00016415643
Warm A,238309,1447,1446,374,253,0,0.009797616
Warm A,954267,5761,5760,374,253,0,0.001794497
Warm A,326221,1930,1929,374,253,0,0.008364461
Warm A,386205,2258,2257,374,253,0,0.007931505
Warm A,363436,2116,2115,374,253,1,-0.00031886587
Warm A,334071,1969,1968,374,253,0,0.009602538
Warm A,272402,1645,1644,374,253,1,0.008283908
Warm A,376481,2195,2194,374,253,0,0.0051229317
Warm A,28379,195,194,374,253,0,0.013665136
Warm A,79758,531,530,374,253,0,0.010382843
Warm A,172112,1088,1087,374,253,0,-0.0022756713
Warm A,795535,4765,4764,374,253,0,0.0063371155
Warm A,484684,2985,2984,374,253,0,0.011970039
Warm A,699795,4186,4185,374,253,0,0.009407175
Warm A,577561,3526,3525,378,256,0,-0.000608223
Warm A,541139,3328,3327,378,256,1,0.006741112
Warm A,537527,3311,3310,378,256,0,0.0029635355
Warm A,529271,3271,3270,378,256,0,0.010163369
Warm A,522993,3224,3223,378,256,1,0.013728079
Warm A,519625,3205,3204,378,256,0,0.010794396
Warm A,540116,3320,3319,378,256,0,0.016032059
Warm A,503714,3095,3094,378,256,1,0.002069891
Warm A,503025,3087,3086,378,256,0,0.010839876
Warm A,495763,3044,3043,378,256,1,0.008376993
Warm A,489782,3013,3012,378,256,1,0.011341305
Warm A,480676,2950,2949,378,256,0,0.008442405
Warm A,530049,3272,3271,378,256,0,0.0011838407
Warm A,968849,5840,5839,378,256,0,0.013326151
Warm A,472915,2907,2906,378,256,0,0.017776914
Warm A,451222,2777,2776,378,256,0,0.00716525
Warm A,437151,2668,2667,378,256,0,0.010125476
Warm A,434517,2649,2648,378,256,1,0.0067010205
Warm A,419336,2533,2532,378,256,0,-0.007031049
Warm A,419504,2536,2535,378,256,0,-0.0033529177
Warm A,404297,2418,2417,378,256,0,5.3136144e-05
Warm A,401185,2390,2389,378,256,1,0.008550564
Warm A,393175,2309,2308,378,256,1,0.0018330193
Warm A,380012,2222,2221,378,256,0,0.0064067044
Warm A,369578,2162,2161,378,256,1,0.016274907
Warm A,324789,1924,1923,378,256,0,0.00012075459
Warm A,299840,1778,1777,378,256,0,0.0016406213
Warm A,302312,1794,1793,378,256,0,0.007934455
Warm A,286346,1709,1708,378,256,0,0.0045945933
Warm A,266103,1613,1612,378,256,0,0.01305815
Warm A,246975,1491,1490,378,256,0,0.004848437
Warm A,227348,1377,1376,378,256,0,0.007074406
Warm A,336400,1980,1979,378,256,0,0.00956307
Warm A,222479,1345,1344,378,256,0,0.0002529542
Warm A,361146,2106,2105,378,256,0,-0.003462214
Warm A,203912,1254,1253,378,256,1,0.0070032077
Warm A,280005,1680,1679,378,256,0,0.015664276
Warm A,192487,1184,1183,378,256,0,0.0055585913
Warm A,189653,1175,1174,378,256,0,0.011438653
Warm A,189148,1172,1171,378,256,0,0.014495732
Warm A,174878,1107,1106,378,256,0,0.0044015376
Warm A,188336,1168,1167,378,256,0,0.009985177
Warm A,175805,1112,1111,378,256,0,0.00029324577
Warm A,164084,1050,1049,378,256,0,0.0046716705
Warm A,140382,899,898,378,256,0,0.011342976
Warm A,138862,889,888,378,256,0,0.010821685
Warm A,380499,2223,2222,378,256,0,0.011082601
Warm A,134631,869,868,378,256,0,0.0070577003
Warm A,132128,854,853,378,256,0,0.0072563393
Warm A,249039,1501,1500,378,256,1,-0.005714638
Warm A,263721,1605,1604,378,256,0,0.016453065
Warm A,119555,770,769,378,256,0,0.000572433
Warm A,117866,759,758,378,256,0,0.00422627
Warm A,112725,731,730,378,256,1,0.009740363
Warm A,103732,689,688,378,256,0,0.012781973
Warm A,90299,595,594,378,256,0,0.008377889
Warm A,77919,524,523,378,256,0,0.016728844
Warm A,239366,1448,1447,378,256,0,0.009912596
Warm A,70943,476,475,378,256,0,0.009226706
Warm A,72369,482,481,378,256,0,0.013846584
Warm A,64663,432,431,378,256,0,0.013798445
Warm A,627109,3792,3791,378,256,0,0.018267076
Warm A,53999,352,351,378,256,0,0.0045004096
Warm A,59652,405,404,378,256,1,0.007944894
Warm A,78705,528,527,378,256,1,0.0025283494
Warm A,61406,412,411,378,256,1,0.009823352
Warm A,30043,202,201,378,256,0,0.008094132
Warm A,27334,192,191,378,256,0,0.008117353
Warm A,21316,156,155,378,256,1,0.008362422
Warm A,22685,163,162,378,256,0,0.004231049
Warm A,6356,45,44,378,256,0,0.015605447
Warm A,3618,26,25,378,256,1,0.011297115
Warm A,545407,3363,3362,378,256,1,0.0069101043
Warm A,108331,710,709,378,256,0,0.004996658
Warm A,374444,2181,2180,378,256,1,0.010782698
Warm A,143755,927,926,378,256,0,0.0078090345
Warm A,400020,2380,2379,378,256,0,0.010679896
Warm A,317958,1889,1888,378,256,1,0.014895749
Warm A,136965,881,880,378,256,0,0.002994799
Warm A,206499,1265,1264,378,256,0,0.0061810957
Warm A,297779,1764,1763,387,262,1,0.0016681307
Warm A,290832,1735,1734,387,262,0,0.0032798718
Warm A,301416,1790,1789,387,262,1,-0.0031845737
Warm A,289542,1727,1726,387,262,0,0.0069990037
Warm A,286033,1706,1705,387,262,0,0.005804698
Warm A,280051,1680,1679,387,262,1,0.01342505
Warm A,271353,1640,1639,387,262,0,0.002603183
Warm A,266122,1613,1612,387,262,0,0.007996585
Warm A,236255,1433,1432,387,262,0,0.0046270434
Warm A,233209,1418,1417,387,262,1,0.0050550303
Warm A,227361,1377,1376,387,262,0,-0.0037311087
Warm A,220081,1333,1332,387,262,0,-0.007137604
Warm A,320905,1902,1901,387,262,0,0.010987704
Warm A,267355,1624,1623,387,262,0,-0.0006946316
Warm A,185845,1150,1149,387,262,0,0.00042024022
Warm A,176165,1113,1112,387,262,0,-0.0038752593
Warm A,173879,1100,1099,387,262,0,0.0032775756
Warm A,275755,1667,1666,387,262,0,-0.0008766032
Warm A,155044,999,998,387,262,0,0.0004709824
Warm A,221685,1340,1339,387,262,0,0.005199357
Warm A,157303,1010,1009,387,262,0,-0.006476119
Warm A,134654,869,868,387,262,0,0.00075894385
Warm A,202726,1244,1243,387,262,0,-2.0256732e-05
Warm A,407455,2446,2445,387,262,1,0.0008774032
Warm A,128625,832,831,387,262,0,0.0014939692
Warm A,120826,778,777,387,262,0,0.0074936775
Warm A,106361,699,698,387,262,0,0.018102244
Warm A,96522,647,646,387,262,0,0.006716848
Warm A,150827,970,969,387,262,0,0.007618568
Warm A,81968,543,542,387,262,1,-0.0018925498
Warm A,239398,1448,1447,387,262,0,0.0009883614
Warm A,77952,524,523,387,262,0,0.0086510535
Warm A,299856,1778,1777,387,262,1,0.010257496
Warm A,70954,476,475,387,262,1,0.0015201196
Warm A,240596,1449,1448,387,262,0,0.0050949557
Warm A,713425,4277,4276,387,262,0,-0.00016767113
Warm A,24710,174,173,387,262,0,-0.001923579
Warm A,389517,2282,2281,387,262,0,0.0023163008
Warm A,15781,123,122,387,262,0,0.006783349
Warm A,408471,2453,2452,387,262,0,0.0016073467
Warm A,599516,3648,3647,387,262,0,-0.005002227
Warm A,718721,4305,4304,387,262,0,0.0058364333
Warm A,287328,1715,1714,388,263,0,-0.0041903956
Warm A,280053,1680,1679,388,263,1,0.011895864
Warm A,319626,1897,1896,388,263,1,0.007892521
Warm A,296645,1758,1757,388,263,1,0.00047894195
Warm A,213728,1298,1297,388,263,1,0.009291939
Warm A,212188,1291,1290,388,263,0,-0.0015678849
Warm A,204137,1255,1254,388,263,1,-0.0056111393
Warm A,199667,1224,1223,388,263,1,-0.0012032615
Warm A,196795,1207,1206,388,263,0,0.007487618
Warm A,185846,1150,1149,388,263,0,0.010570655
Warm A,268161,1628,1627,388,263,1,-0.006304099
Warm A,143392,924,923,388,263,1,0.0044816723
Warm A,124619,801,800,388,263,1,0.0024732389
Warm A,107391,706,705,388,263,0,0.005051715
Warm A,295089,1752,1751,388,263,1,0.0048121354
Warm A,89660,590,589,388,263,1,-0.0015252543
Warm A,155523,1001,1000,388,263,1,0.0050355997
Warm A,54033,352,351,388,263,1,0.002897624
Warm A,49655,329,328,388,263,1,0.0054925866
Warm A,47699,319,318,388,263,1,0.00043577992
Warm A,198278,1218,1217,388,263,1,0.0041429396
Warm A,199915,1227,1226,388,263,1,0.004905099
Warm A,26566,187,186,388,263,1,0.00040006725
Warm A,30663,204,203,388,263,0,0.010250385
Warm A,207196,1266,1265,388,263,1,0.00084775477
Warm A,158736,1015,1014,388,263,0,0.0053772195
Warm A,572524,3507,3506,388,263,1,0.0042581623
Warm A,317085,1884,1883,388,263,1,0.010451038
Warm A,50349,331,330,388,263,1,0.0057839286
Warm A,102694,678,677,388,263,1,-0.0009778282
Warm A,160478,1019,1018,388,263,0,0.0026559506
Warm A,309822,1842,1841,388,263,1,0.0004470785
Warm A,499775,3067,3066,388,263,1,0.0069482843
Warm A,260757,1593,1592,388,263,0,0.0025950854
Warm A,187839,1164,1163,388,263,0,-0.0029687865
Warm A,116644,752,751,388,263,0,0.0016641933
Warm A,300605,1780,1779,388,263,0,0.012813048
Warm A,337583,1984,1983,393,264,0,0.0055985916
Warm A,233217,1418,1417,393,264,0,0.0024339599
Warm A,227374,1377,1376,393,264,0,0.009555552
Warm A,216277,1312,1311,393,264,0,0.0080365185
Warm A,221708,1340,1339,393,264,0,0.0066544735
Warm A,299866,1778,1777,393,264,0,0.0010259373
Warm A,224378,1356,1355,393,264,0,0.000510002
Warm A,244248,1470,1469,393,264,0,0.00018507324
Warm A,191573,1181,1180,393,264,0,0.012483401
Warm A,179295,1124,1123,393,264,0,0.007593137
Warm A,249063,1501,1500,393,264,1,-0.0039665983
Warm A,172170,1088,1087,393,264,0,0.0013059161
Warm A,175840,1112,1111,393,264,0,0.009786882
Warm A,342892,2015,2014,393,264,0,0.0003567061
Warm A,155058,999,998,393,264,0,0.0033850623
Warm A,277228,1675,1674,393,264,0,0.0078370515
Warm A,137007,881,880,393,264,0,0.0011599706
Warm A,178445,1120,1119,393,264,0,0.00849077
Warm A,120653,777,776,393,264,0,-0.0002900064
Warm A,106375,699,698,393,264,0,-0.0050736577
Warm A,177282,1117,1116,393,264,0,0.0042609
Warm A,96525,647,646,393,264,0,-0.0050579356
Warm A,203354,1246,1245,393,264,0,0.01170746
Warm A,85962,562,561,393,264,0,0.0012095966
Warm A,119594,770,769,393,264,0,0.013012404
Warm A,81989,543,542,393,264,0,0.0068623563
Warm A,501532,3080,3079,393,264,0,0.005687625
Warm A,44801,302,301,393,264,0,0.0065615084
Warm A,41963,284,283,393,264,0,-0.002691471
Warm A,31262,210,209,393,264,0,0.00218612
Warm A,14667,117,116,393,264,0,0.003655612
Warm A,13313,103,102,393,264,1,0.009289119
Warm A,49679,329,328,393,264,0,0.0030493736
Warm A,20208,149,148,393,264,0,0.006769105
Warm A,623,8,7,393,264,0,0.017379273
Warm A,40105,271,270,393,264,0,0.0011667893
Warm A,238361,1447,1446,393,264,0,0.015815353
Warm A,546363,3368,3367,393,264,0,0.002835548
Warm A,286451,1710,1709,393,264,0,0.011125671
Warm A,376497,2195,2194,393,264,0,-0.002730617
Warm A,596973,3626,3625,393,264,0,0.0070176404
Warm A,581477,3550,3549,393,264,0,0.0044520395
Warm A,599538,3648,3647,393,264,0,0.0072539677
Warm A,63487,424,423,393,264,0,0.008938915
Warm A,235328,1425,1424,393,264,0,0.0013483784
Warm A,666235,4009,4008,407,266,0,0.007139539
Warm A,697248,4169,4168,407,266,1,0.010008274
Warm A,654067,3942,3941,407,266,0,0.0011258095
Warm A,652462,3934,3933,407,266,0,-0.0010622949
Warm A,650804,3925,3924,407,266,0,0.010693871
Warm A,651330,3929,3928,407,266,0,0.0066860477
Warm A,645767,3887,3886,407,266,0,0.0007146627
Warm A,640786,3851,3850,407,266,0,-0.0013108479
Warm A,639560,3844,3843,407,266,1,0.0046919947
Warm A,634801,3829,3828,407,266,0,0.002476803
Warm A,628327,3806,3805,407,266,1,0.008433775
Warm A,628133,3804,3803,407,266,0,0.0036342267
Warm A,629288,3808,3807,407,266,0,-0.006635338
Warm A,627906,3801,3800,407,266,1,0.0007729081
Warm A,623310,3771,3770,407,266,0,-0.0005044903
Warm A,617999,3745,3744,407,266,0,0.010319583
Warm A,606433,3683,3682,407,266,0,-0.0003231389
Warm A,725859,4344,4343,407,266,0,0.0050265114
Warm A,597750,3638,3637,407,266,0,0.0074181617
Warm A,593646,3618,3617,407,266,0,-0.00049884757
Warm A,590979,3605,3604,407,266,1,0.0036314803
Warm A,584978,3571,3570,407,266,1,-0.0016288487
Warm A,579188,3539,3538,407,266,0,0.003159075
Warm A,569102,3491,3490,407,266,0,0.010218578
Warm A,581284,3550,3549,407,266,0,0.0009484836
Warm A,558019,3426,3425,407,266,0,-0.0029836614
Warm A,555726,3416,3415,407,266,1,0.0065454044
Warm A,573482,3512,3511,407,266,1,0.0148407165
Warm A,551427,3395,3394,407,266,1,0.00089333835
Warm A,645196,3885,3884,407,266,1,0.011219209
Warm A,554767,3412,3411,407,266,1,-0.004761665
Warm A,541624,3333,3332,407,266,1,0.011678539
Warm A,540654,3327,3326,407,266,0,0.004755827
Warm A,535908,3308,3307,407,266,0,0.0059127943
Warm A,528113,3265,3264,407,266,0,0.0039567742
Warm A,526708,3259,3258,407,266,0,0.005757123
Warm A,519685,3206,3205,407,266,1,0.003260896
Warm A,516898,3191,3190,407,266,0,0.0100696
Warm A,566139,3476,3475,407,266,0,0.005923967
Warm A,506628,3118,3117,407,266,0,0.008317282
Warm A,516397,3189,3188,407,266,0,0.0045367684
Warm A,501718,3081,3080,407,266,1,-0.0031052781
Warm A,499926,3069,3068,407,266,1,0.009213587
Warm A,486590,2995,2994,407,266,1,-0.004243202
Warm A,576509,3524,3523,407,266,1,-0.0016734856
Warm A,477118,2929,2928,407,266,0,0.004315548
Warm A,754884,4497,4496,407,266,0,-0.0016757138
Warm A,462534,2854,2853,407,266,0,0.002054315
Warm A,438577,2680,2679,407,266,0,0.005161392
Warm A,428244,2605,2604,407,266,0,0.007883825
Warm A,426425,2590,2589,407,266,1,0.009698001
Warm A,424683,2576,2575,407,266,1,-0.008025842
Warm A,386028,2258,2257,407,266,0,0.0058040293
Warm A,379165,2215,2214,407,266,0,0.008095929
Warm A,376711,2199,2198,407,266,0,0.0029871846
Warm A,373974,2181,2180,407,266,0,0.0048014787
Warm A,358446,2098,2097,407,266,0,0.007651581
Warm A,354021,2073,2072,407,266,0,0.011444386
Warm A,351642,2063,2062,407,266,1,0.011948139
Warm A,344402,2021,2020,407,266,1,-0.0035636039
Warm A,339951,2005,2004,407,266,1,0.0035098358
Warm A,324909,1925,1924,407,266,1,0.008598156
Warm A,333328,1968,1967,407,266,0,0.00035314215
Warm A,310611,1851,1850,407,266,0,0.002521842
Warm A,305795,1820,1819,407,266,1,0.0034717259
Warm A,306791,1831,1830,407,266,0,0.0034159834
Warm A,303494,1803,1802,407,266,0,0.014493123
Warm A,278966,1680,1679,407,266,1,0.004471981
Warm A,277563,1676,1675,407,266,1,0.0069604013
Warm A,276885,1675,1674,407,266,1,-0.0033581248
Warm A,271434,1641,1640,407,266,0,0.010228281
Warm A,262678,1602,1601,407,266,0,0.005167358
Warm A,247598,1496,1495,407,266,1,0.0061114775
Warm A,329235,1943,1942,407,266,0,0.014589955
Warm A,231067,1399,1398,407,266,0,0.0015521096
Warm A,226363,1370,1369,407,266,0,-0.0008748155
Warm A,221883,1342,1341,407,266,0,0.0074848933
Warm A,221796,1341,1340,407,266,0,0.0029740955
Warm A,272809,1647,1646,407,266,0,0.009255965
Warm A,350271,2056,2055,407,266,1,0.0005767783
Warm A,250354,1509,1508,407,266,0,-0.0037289478
Warm A,195904,1204,1203,407,266,0,-0.0026773466
Warm A,186078,1151,1150,407,266,0,-0.0024376716
Warm A,176378,1115,1114,407,266,0,-0.0012745303
Warm A,183940,1146,1145,407,266,0,-0.011641186
Warm A,165179,1053,1052,407,266,0,-0.0025263268
Warm A,159184,1017,1016,407,266,0,0.0019710297
Warm A,158013,1015,1014,407,266,0,0.0041503664
Warm A,267908,1628,1627,407,266,0,0.0007822539
Warm A,146470,944,943,407,266,0,-0.0063773664
Warm A,156726,1010,1009,407,266,0,0.0021938002
Warm A,136087,880,879,407,266,0,0.0033601932
Warm A,135536,877,876,407,266,0,0.0040244134
Warm A,134153,869,868,407,266,0,0.00856737
Warm A,133155,859,858,407,266,0,0.006908199
Warm A,126537,817,816,407,266,1,0.0073048095
Warm A,125506,808,807,407,266,0,-0.0004426774
Warm A,119724,772,771,407,266,1,0.0034834277
Warm A,114078,741,740,407,266,0,0.00030375703
Warm A,349249,2050,2049,407,266,1,-0.0030035474
Warm A,107071,704,703,407,266,0,-0.0022789738
Warm A,100113,669,668,407,266,1,-0.0011079591
Warm A,176836,1117,1116,407,266,0,0.007939918
Warm A,97331,652,651,407,266,1,-0.0025076233
Warm A,82970,549,548,407,266,1,-0.0069932854
Warm A,81584,543,542,407,266,1,-0.007964367
Warm A,190714,1181,1180,407,266,0,-0.0039859717
Warm A,77367,524,523,407,266,0,-0.0023995524
Warm A,74731,509,508,407,266,1,-0.0003173151
Warm A,62780,424,423,407,266,1,0.012724731
Warm A,74027,504,503,407,266,1,0.008217281
Warm A,53858,352,351,407,266,0,0.0021951492
Warm A,132371,855,854,407,266,0,-0.000620713
Warm A,36560,245,244,407,266,0,0.0034926943
Warm A,32698,221,220,407,266,0,0.0036920568
Warm A,22606,163,162,407,266,0,0.0029016095
Warm A,290097,1733,1732,407,266,0,0.00717418
Warm A,14567,117,116,407,266,0,-0.004023757
Warm A,354803,2077,2076,407,266,0,-0.00011421554
Warm A,689804,4126,4125,407,266,1,0.0022340259
Warm A,596452,3626,3625,407,266,0,0.00084974326
Warm A,429092,2611,2610,407,266,0,0.0027575046
Warm A,599164,3648,3647,407,266,1,0.011449267
Warm A,356673,2089,2088,407,266,0,0.0022519138
Warm A,309552,1842,1841,407,266,1,0.0063139135
Warm A,959022,5787,5786,407,266,0,9.7933866e-05
Warm A,415724,2504,2503,407,266,0,0.004276473
Warm A,187035,1160,1159,407,266,0,0.0056958897
Warm A,136441,881,880,407,266,1,-0.00024275389
Warm A,105572,698,697,407,266,1,0.003272424
Warm A,28263,195,194,407,266,0,0.011359454
Warm A,941667,5682,5681,407,266,0,-0.0045942715
Warm A,633109,3824,3823,407,266,0,0.010478051
Warm A,697249,4169,4168,408,267,0,0.0059579117
Warm A,29931,202,201,408,267,0,0.0012545916
Warm A,19499,148,147,408,267,1,-0.0016992649
Warm A,223450,1354,1353,408,267,0,-0.00850193
Warm A,102122,678,677,408,267,1,0.008108287
Warm A,116067,752,751,408,267,0,0.012586622
Warm A,144846,934,933,408,267,0,0.00042130356
Warm A,263178,1605,1604,408,267,0,0.019357795
Warm A,562501,3462,3461,408,267,1,0.0018447405
Warm A,71922,482,481,408,267,0,0.013044966
Warm A,136443,881,880,408,267,0,-0.002456096
Warm A,193563,1194,1193,408,267,0,0.005885518
Warm A,136455,881,880,414,271,0,-0.0029606705
Warm A,248757,1501,1500,414,271,1,-0.002543434
Warm A,121488,781,780,414,271,0,-0.0027019386
Warm A,360667,2106,2105,414,271,0,0.00029328
Warm A,86571,566,565,414,271,0,-0.0095006805
Warm A,406016,2436,2435,414,271,0,0.009357762
Warm A,87063,569,568,414,271,1,-0.0045326743
Warm A,67391,453,452,414,271,0,-0.0063251713
Warm A,64470,430,429,414,271,0,0.0029346033
Warm A,239920,1449,1448,414,271,0,0.0020337345
Warm A,440107,2691,2690,414,271,0,-0.0026068774
Warm A,44634,302,301,414,271,0,-0.008308795
Warm A,32968,223,222,414,271,1,0.0017377641
Warm A,29955,202,201,414,271,0,-0.006967713
Warm A,49536,329,328,414,271,0,-0.008015957
Warm A,30578,204,203,414,271,1,0.0009571854
Warm A,399800,2380,2379,414,271,0,0.002024766
Warm A,860294,5172,5171,414,271,1,-0.005070016
Warm A,237801,1447,1446,414,271,0,-0.0025244323
Warm A,304800,1812,1811,414,271,1,0.0019757138
Warm A,376354,2195,2194,414,271,1,0.002111265
Warm A,331502,1958,1957,414,271,0,0.012836919
Warm A,599171,3648,3647,414,271,0,0.0014803028
Warm A,335742,1980,1979,414,271,0,-0.002565758
Warm A,176848,1117,1116,414,271,0,-0.0076508396
Warm A,370952,2168,2167,414,271,0,-0.0041263374
Warm A,342353,2015,2014,414,271,0,-0.0042407364
Warm A,699936,4186,4185,414,271,0,0.006303328
Warm A,171496,1088,1087,414,271,0,-0.012886679
Warm A,272821,1647,1646,414,271,1,0.0003095779
Warm A,596465,3626,3625,415,272,1,0.003564513
Warm A,591512,3609,3608,415,272,0,0.010703281
Warm A,759083,4510,4509,415,272,0,0.005881959
Warm A,572795,3509,3508,415,272,0,0.0010648204
Warm A,572032,3507,3506,415,272,0,0.0101919845
Warm A,556839,3422,3421,415,272,0,0.0028535738
Warm A,547348,3377,3376,415,272,0,-0.001698368
Warm A,577039,3526,3525,415,272,0,0.0036708475
Warm A,549984,3391,3390,415,272,0,0.0068040434
Warm A,545658,3365,3364,415,272,0,0.0047410633
Warm A,537023,3311,3310,415,272,0,0.008369031
Warm A,533204,3292,3291,415,272,1,-0.0007155485
Warm A,525250,3243,3242,415,272,0,0.00030504912
Warm A,539832,3320,3319,415,272,0,0.012166469
Warm A,516906,3191,3190,415,272,0,0.0018156215
Warm A,512741,3163,3162,415,272,0,0.011732047
Warm A,508552,3129,3128,415,272,0,0.010341692
Warm A,502087,3082,3081,415,272,0,0.009471731
Warm A,516409,3189,3188,415,272,0,0.005921805
Warm A,493998,3032,3031,415,272,0,0.006496789
Warm A,492643,3029,3028,415,272,1,0.006447999
Warm A,718877,4305,4304,415,272,1,0.0058840187
Warm A,487850,3001,3000,415,272,0,0.0045496356
Warm A,487471,2998,2997,415,272,0,0.007333405
Warm A,529597,3272,3271,415,272,1,0.006877578
Warm A,480073,2946,2945,415,272,0,0.016448053
Warm A,472490,2907,2906,415,272,0,0.011029329
Warm A,470937,2899,2898,415,272,1,0.0028606607
Warm A,473473,2909,2908,415,272,1,-0.0009061792
Warm A,467749,2883,2882,415,272,0,0.005273468
Warm A,880107,5317,5316,415,272,0,0.0028442694
Warm A,469905,2895,2894,415,272,0,0.015641885
Warm A,452248,2785,2784,415,272,0,-0.0023727831
Warm A,450756,2777,2776,415,272,0,0.0027182738
Warm A,444607,2743,2742,415,272,1,0.007694698
Warm A,442257,2723,2722,415,272,0,0.0010675848
Warm A,438806,2681,2680,415,272,0,-0.0018193368
Warm A,429100,2611,2610,415,272,0,0.0049473187
Warm A,420434,2541,2540,415,272,0,0.0043737143
Warm A,419709,2537,2536,415,272,0,0.011881867
Warm A,409559,2457,2456,415,272,0,0.008977924
Warm A,399470,2378,2377,415,272,0,0.00154673
Warm A,393854,2320,2319,415,272,0,0.008103648
Warm A,392089,2304,2303,415,272,0,0.0111466525
Warm A,362923,2116,2115,415,272,1,0.005107251
Warm A,358452,2098,2097,415,272,0,0.005640471
Warm A,355930,2085,2084,415,272,0,0.013769951
Warm A,343084,2016,2015,415,272,0,0.0018957211
Warm A,341516,2012,2011,415,272,0,0.0010218453
Warm A,340572,2010,2009,415,272,0,0.012816489
Warm A,350933,2060,2059,415,272,0,0.0038280576
Warm A,315113,1880,1879,415,272,0,0.010707879
Warm A,290907,1736,1735,415,272,0,0.005691309
Warm A,297427,1764,1763,415,272,1,0.0059897755
Warm A,281215,1687,1686,415,272,0,0.009344017
Warm A,265682,1613,1612,415,272,0,0.014439183
Warm A,248760,1501,1500,415,272,0,0.0035981347
Warm A,236356,1434,1433,415,272,1,0.001041078
Warm A,229589,1390,1389,415,272,0,0.007484953
Warm A,227074,1377,1376,415,272,0,0.004607905
Warm A,335746,1980,1979,415,272,0,0.014851494
Warm A,217511,1319,1318,415,272,1,0.00439619
Warm A,591895,3610,3609,415,272,0,0.009618787
Warm A,278989,1680,1679,415,272,0,0.003278769
Warm A,210083,1284,1283,415,272,0,0.009270029
Warm A,196428,1207,1206,415,272,0,-0.0020177509
Warm A,342355,2015,2014,415,272,1,0.007936628
Warm A,327920,1941,1940,415,272,0,0.011377426
Warm A,307350,1835,1834,415,272,0,0.009928932
Warm A,172415,1091,1090,415,272,0,0.001854108
Warm A,172850,1096,1095,415,272,0,0.005760178
Warm A,183946,1146,1145,415,272,0,0.001700496
Warm A,163765,1050,1049,415,272,0,0.010620524
Warm A,189321,1173,1172,415,272,0,0.010168755
Warm A,164445,1051,1050,415,272,1,0.009844597
Warm A,145303,935,934,415,272,0,0.0022334792
Warm A,156739,1010,1009,415,272,0,0.006645329
Warm A,136456,881,880,415,272,0,-0.0017132657
Warm A,351666,2063,2062,415,272,0,0.011339013
Warm A,453634,2793,2792,415,272,0,0.0053124004
Warm A,119150,770,769,415,272,0,0.0031064143
Warm A,112396,731,730,415,272,0,0.009199046
Warm A,105986,699,698,415,272,1,0.004053686
Warm A,106720,702,701,415,272,0,0.0056042317
Warm A,103366,687,686,415,272,0,0.0022438874
Warm A,98715,660,659,415,272,0,0.0018736981
Warm A,176851,1117,1116,415,272,0,0.009260468
Warm A,86572,566,565,415,272,0,0.012412151
Warm A,190735,1181,1180,415,272,0,0.00662804
Warm A,406017,2436,2435,415,272,0,0.008899017
Warm A,84045,550,549,415,272,0,0.010407973
Warm A,77387,524,523,415,272,0,0.011225989
Warm A,70734,476,475,415,272,0,0.002581251
Warm A,71934,482,481,415,272,0,0.008531824
Warm A,64804,435,434,415,272,0,0.005903083
Warm A,74744,509,508,415,272,0,0.004326611
Warm A,49541,329,328,415,272,0,0.014870663
Warm A,338064,1988,1987,415,272,0,0.003477436
Warm A,44637,302,301,415,272,0,0.0037478753
Warm A,697260,4169,4168,415,272,0,0.010694243
Warm A,239923,1449,1448,415,272,0,0.015273644
Warm A,219123,1329,1328,415,272,0,0.011620363
Warm A,7833,53,52,415,272,0,0.009271877
Warm A,15679,123,122,415,272,0,0.006010283
Warm A,104240,692,691,415,272,0,0.011501339
Warm A,354817,2077,2076,415,272,0,0.009867867
Warm A,552241,3401,3400,415,272,0,-0.004680284
Warm A,150519,970,969,415,272,0,0.012850395
Warm A,237803,1447,1446,415,272,0,0.006041383
Warm A,360670,2106,2105,415,272,0,0.008477112
Warm A,102135,678,677,415,272,0,0.007092936
Warm A,171500,1088,1087,415,272,0,0.019886782
Warm A,206307,1265,1264,415,272,0,0.002684001
Warm A,924111,5580,5579,415,272,0,0.011399273
Warm A,941672,5682,5681,415,272,0,0.0054906
Warm A,310623,1851,1850,415,272,0,0.009326475
Warm A,973563,5872,5871,415,272,0,0.0044402517
Warm A,116088,752,751,415,272,0,0.009085384
Warm A,682345,4085,4084,415,272,1,0.004469118
Warm A,591896,3610,3609,416,273,0,0.010089781
Warm A,210085,1284,1283,416,273,0,0.006813019
Warm A,278990,1680,1679,416,273,1,0.0097950455
Warm A,197876,1216,1215,416,273,0,0.016150594
Warm A,307351,1835,1834,416,273,0,0.013712026
Warm A,178922,1123,1122,416,273,0,-0.0039465316
Warm A,275482,1667,1666,416,273,0,0.0062289685
Warm A,351669,2063,2062,416,273,0,0.011710547
Warm A,263195,1605,1604,416,273,0,-0.00016910769
Warm A,105988,699,698,416,273,0,0.006710897
Warm A,107849,710,709,416,273,0,0.0019538994
Warm A,713786,4277,4276,416,273,0,0.001956219
Warm A,308533,1837,1836,416,273,0,0.010811401
Warm A,81592,543,542,416,273,1,0.0080595445
Warm A,77389,524,523,416,273,0,0.008150343
Warm A,68649,461,460,416,273,0,0.007016333
Warm A,51492,338,337,416,273,0,0.010000881
Warm A,132386,855,854,416,273,0,0.018701263
Warm A,697261,4169,4168,416,273,0,0.008416781
Warm A,537024,3311,3310,416,273,0,0.007870882
Warm A,15683,123,122,416,273,0,0.012769768
Warm A,3524,26,25,416,273,0,0.0059736054
Warm A,241113,1451,1450,416,273,0,0.011009462
Warm A,907800,5492,5491,416,273,0,0.0022078326
Warm A,959024,5787,5786,416,273,0,0.0058947266
Warm A,71936,482,481,416,273,0,0.01256601
Warm A,136457,881,880,416,273,0,0.0075161257
Warm A,231073,1399,1398,416,273,0,0.0060578347
Warm A,527012,3260,3259,416,273,0,-0.004241307
Warm A,540983,3328,3327,419,275,0,-0.0032093269
Warm A,537026,3311,3310,419,275,0,0.0046348437
Warm A,518688,3201,3200,419,275,0,-0.0028750745
Warm A,509466,3138,3137,419,275,0,-0.003084549
Warm A,505817,3111,3110,419,275,1,-0.009189448
Warm A,554777,3412,3411,419,275,0,0.0057232915
Warm A,502089,3082,3081,419,275,0,-0.004699601
Warm A,500375,3073,3072,419,275,0,0.0041124932
Warm A,495988,3046,3045,419,275,0,-0.0052568503
Warm A,492645,3029,3028,419,275,0,-0.008644009
Warm A,493330,3031,3030,419,275,0,-0.0004951314
Warm A,472493,2907,2906,419,275,0,0.004179249
Warm A,456418,2810,2809,419,275,0,0.007532101
Warm A,458480,2822,2821,419,275,0,0.004719085
Warm A,435783,2664,2663,419,275,0,-0.010466082
Warm A,450761,2777,2776,419,275,0,0.00064715603
Warm A,420436,2541,2540,419,275,1,-0.005266294
Warm A,419711,2537,2536,419,275,0,-0.0009203886
Warm A,399471,2378,2377,419,275,0,-0.0006529491
Warm A,385228,2251,2250,419,275,0,-0.0012036185
Warm A,370474,2166,2165,419,275,0,-0.0023142374
Warm A,355932,2085,2084,419,275,0,0.0011563203
Warm A,351672,2063,2062,419,275,0,0.0016899747
Warm A,361543,2109,2108,419,275,0,0.0007387756
Warm A,341517,2012,2011,419,275,0,0.009273094
Warm A,340574,2010,2009,419,275,0,0.0054874383
Warm A,310312,1847,1846,419,275,0,0.01275184
Warm A,288095,1721,1720,419,275,0,0.0016640138
Warm A,281217,1687,1686,419,275,0,0.0034875674
Warm A,269500,1634,1633,419,275,0,-0.0043729846
Warm A,265683,1613,1612,419,275,0,0.0086796805
Warm A,309263,1841,1840,419,275,0,0.00026010978
Warm A,262180,1600,1599,419,275,0,0.0054738866
Warm A,224118,1356,1355,419,275,0,0.0018664172
Warm A,227078,1377,1376,419,275,0,-0.0005823616
Warm A,335750,1980,1979,419,275,0,0.0014057672
Warm A,219795,1333,1332,419,275,0,-0.0018490338
Warm A,213388,1298,1297,419,275,0,0.0055956943
Warm A,277577,1676,1675,419,275,0,0.0012858125
Warm A,261700,1599,1598,419,275,0,0.013435714
Warm A,278996,1680,1679,419,275,0,0.0052227285
Warm A,178046,1120,1119,419,275,1,0.0069566723
Warm A,179531,1125,1124,419,275,0,0.0019813315
Warm A,173602,1100,1099,419,275,0,-0.0038506528
Warm A,172852,1096,1095,419,275,0,0.00048061216
Warm A,163768,1050,1049,419,275,0,0.005447691
Warm A,272124,1645,1644,419,275,0,-0.0029803198
Warm A,164448,1051,1050,419,275,0,0.0029233822
Warm A,136462,881,880,419,275,0,-0.004268754
Warm A,131091,850,849,419,275,0,-0.004334911
Warm A,126020,812,811,419,275,0,0.00027732656
Warm A,360673,2106,2105,419,275,0,0.0076337587
Warm A,111418,725,724,419,275,0,-0.0051595187
Warm A,120361,777,776,419,275,0,0.0042892997
Warm A,105992,699,698,419,275,0,-0.0011613807
Warm A,109251,714,713,419,275,1,0.0014397975
Warm A,96382,647,646,419,275,0,0.0031841123
Warm A,299554,1778,1777,419,275,0,0.0069078486
Warm A,284053,1698,1697,419,275,0,0.0021481933
Warm A,82989,549,548,419,275,0,-0.001245393
Warm A,190740,1181,1180,419,275,0,0.008158251
Warm A,77392,524,523,419,275,0,0.0045479713
Warm A,119153,770,769,419,275,0,0.0034746043
Warm A,71938,482,481,419,275,0,0.0006748256
Warm A,68650,461,460,419,275,0,0.011174291
Warm A,87064,569,568,419,275,0,0.00072101876
Warm A,64471,430,429,419,275,0,0.0100212
Warm A,65292,438,437,419,275,0,-0.005180918
Warm A,48326,325,324,419,275,0,-0.006962063
Warm A,44642,302,301,419,275,0,0.008097971
Warm A,41863,284,283,419,275,0,9.012222e-05
Warm A,36593,245,244,419,275,0,0.0013617219
Warm A,32972,223,222,419,275,0,0.0060328236
Warm A,239926,1449,1448,419,275,0,-0.0008897305
Warm A,291293,1737,1736,419,275,0,0.007439318
Warm A,234893,1425,1424,419,275,0,0.008386185
Warm A,49547,329,328,419,275,0,0.00084498664
Warm A,6931,48,47,419,275,0,-0.0018321244
Warm A,19523,148,147,419,275,0,0.003930847
Warm A,78401,528,527,419,275,0,-0.0038207336
Warm A,141849,913,912,419,275,0,-0.00817603
Warm A,342359,2015,2014,419,275,1,0.007425824
Warm A,362927,2116,2115,419,275,1,0.001675146
Warm A,263200,1605,1604,419,275,0,0.011712702
Warm A,489555,3013,3012,419,275,0,0.008249906
Warm A,46013,308,307,419,275,0,0.0030133168
Warm A,924113,5580,5579,419,275,0,0.0056825625
Warm A,473475,2909,2908,419,275,0,-0.010867452
Warm A,259405,1587,1586,419,275,0,-0.0051524667
Warm A,52203,343,342,419,275,1,0.0016391068
Warm A,407761,2451,2450,419,275,0,-0.00063177524
Warm A,171504,1088,1087,419,275,0,0.002044081
Warm A,272825,1647,1646,419,275,0,0.005469475
Warm A,295609,1755,1754,419,275,0,0.0012942853
Warm A,794152,4748,4747,419,275,0,-0.00408886
Warm A,623814,3773,3772,419,275,0,0.009087656
Warm A,400350,2383,2382,421,277,1,0.020779926
Warm A,395118,2334,2333,421,277,1,0.006858248
Warm A,346967,2035,2034,421,277,0,0.006935126
Warm A,343088,2016,2015,421,277,0,0.002689003
Warm A,326062,1930,1929,421,277,0,0.016162673
Warm A,315120,1880,1879,421,277,1,0.017167326
Warm A,276159,1671,1670,421,277,1,0.014749254
Warm A,229237,1389,1388,421,277,0,0.01931232
Warm A,225077,1361,1360,421,277,1,0.008743286
Warm A,221251,1340,1339,421,277,0,0.0072270497
Warm A,320000,1899,1898,421,277,1,0.007335032
Warm A,279013,1680,1679,421,277,1,0.009035365
Warm A,324380,1922,1921,421,277,0,0.012583241
Warm A,216954,1317,1316,421,277,1,0.0072548324
Warm A,131095,850,849,421,277,1,0.0077371527
Warm A,127684,824,823,421,277,0,0.009375319
Warm A,110334,720,719,421,277,0,0.013096129
Warm A,93767,629,628,421,277,0,0.000954397
Warm A,190754,1181,1180,421,277,0,0.008185077
Warm A,70738,476,475,421,277,0,0.0044102934
Warm A,46500,310,309,421,277,0,0.014157159
Warm A,44664,302,301,421,277,0,0.015444286
Warm A,26816,190,189,421,277,1,0.011312901
Warm A,591901,3610,3609,421,277,0,0.011399574
Warm A,5630,40,39,421,277,0,0.0087276725
Warm A,30600,204,203,421,277,1,0.03379567
Warm A,2094,18,17,421,277,1,0.0023063433
Warm A,1412,13,12,421,277,1,0.0076232115
Warm A,49564,329,328,421,277,0,0.015104698
Warm A,622037,3768,3767,421,277,0,0.012069289
Warm A,829992,4983,4982,421,277,1,0.0043881703
Warm A,769020,4579,4578,421,277,1,0.003796603
Warm A,136472,881,880,421,277,1,0.004664585
Warm A,311261,1854,1853,421,277,0,0.013126127
Warm A,29280,199,198,424,279,0,-9.440293e-05
Warm A,26901,191,190,424,279,0,0.008656442
Warm A,3552,26,25,424,279,0,0.012165038
Warm A,354830,2077,2076,424,279,0,0.0017163982
Warm A,78407,528,527,424,279,0,-0.0046419874
Warm A,893289,5394,5393,424,279,0,0.008956222
Warm A,50268,331,330,424,279,1,-0.00027410162
Warm A,778188,4647,4646,424,279,0,-0.005631334
Warm A,801692,4802,4801,424,279,0,0.0034579895
Warm A,599180,3648,3647,424,279,0,-0.006747701
Warm A,476318,2926,2925,424,279,0,-0.0053570303
Warm A,257583,1579,1578,424,279,0,0.010562067
Warm A,272833,1647,1646,424,279,0,-0.008111904
Warm A,468365,2887,2886,424,279,0,0.008398924
Warm A,193581,1194,1193,424,279,0,-0.0099144215
Warm A,264124,1607,1606,425,280,0,0.018674433
Warm A,258086,1580,1579,425,280,1,0.00024726556
Warm A,325327,1926,1925,425,280,1,0.009633265
Warm A,243865,1470,1469,425,280,0,-0.0013044581
Warm A,279025,1680,1679,425,280,1,0.0017518795
Warm A,192981,1191,1190,425,280,0,0.003303154
Warm A,189332,1173,1172,425,280,1,0.004817343
Warm A,188565,1170,1169,425,280,1,0.013410463
Warm A,185149,1150,1149,425,280,0,0.012588166
Warm A,180235,1128,1127,425,280,0,0.0041550016
Warm A,169096,1073,1072,425,280,1,0.0005146117
Warm A,168371,1069,1068,425,280,1,-0.009881072
Warm A,151557,975,974,425,280,0,0.009874529
Warm A,150045,966,965,425,280,1,0.007289893
Warm A,246267,1489,1488,425,280,0,0.016879393
Warm A,148712,957,956,425,280,0,0.0013596434
Warm A,144862,934,933,425,280,0,0.004846051
Warm A,143289,924,923,425,280,1,-0.00036846916
Warm A,138123,889,888,425,280,0,0.003497625
Warm A,252170,1527,1526,425,280,0,0.011323309
Warm A,111850,728,727,425,280,0,-0.00094894273
Warm A,103667,689,688,425,280,1,0.002166476
Warm A,163192,1043,1042,425,280,1,0.010260871
Warm A,103371,687,686,425,280,1,0.0010613576
Warm A,697278,4169,4168,425,280,1,0.0009909341
Warm A,284066,1698,1697,425,280,1,0.010706688
Warm A,80534,534,533,425,280,0,0.0029975674
Warm A,77403,524,523,425,280,0,0.0051753097
Warm A,76132,517,516,425,280,1,0.0070299106
Warm A,72922,493,492,425,280,0,-0.004048064
Warm A,61848,415,414,425,280,1,0.0027605211
Warm A,317645,1889,1888,425,280,0,-0.0029419726
Warm A,22050,161,160,425,280,1,0.003808659
Warm A,20859,151,150,425,280,1,-0.003323684
Warm A,89217,588,587,425,280,1,0.0018737747
Warm A,181951,1137,1136,425,280,0,-0.0037770646
Warm A,778189,4647,4646,425,280,1,0.012004983
Warm A,293696,1748,1747,425,280,0,0.0012564501
Warm A,439380,2684,2683,425,280,1,-0.004992728
Warm A,3223,24,23,425,280,1,0.008801911
Warm A,523845,3229,3228,425,280,1,0.0047292197
Warm A,992956,5998,5997,425,280,0,-0.0026014484
Warm A,507719,3125,3124,425,280,0,0.0017404766
Warm A,285258,1701,1700,425,280,1,0.0034066434
Warm A,322266,1912,1911,425,280,0,0.001166366
Warm A,693880,4156,4155,427,282,1,0.020341508
Warm A,599943,3650,3649,427,282,1,0.0129714785
Warm A,606455,3683,3682,427,282,0,0.010184753
Warm A,593694,3618,3617,427,282,0,0.019859118
Warm A,588418,3590,3589,427,282,1,0.011152189
Warm A,581687,3554,3553,427,282,0,-0.001048066
Warm A,745321,4448,4447,427,282,1,0.02235884
Warm A,579223,3539,3538,427,282,0,0.015314871
Warm A,563039,3464,3463,427,282,0,0.01443168
Warm A,570256,3499,3498,427,282,0,0.020634856
Warm A,718884,4305,4304,427,282,0,0.015657611
Warm A,548370,3384,3383,427,282,0,0.0047754813
Warm A,550005,3391,3390,427,282,0,0.021259332
Warm A,904389,5468,5467,427,282,0,-0.0025429926
Warm A,537856,3312,3311,427,282,1,0.016239041
Warm A,542139,3336,3335,427,282,0,0.013229504
Warm A,525606,3246,3245,427,282,0,0.011700073
Warm A,575266,3519,3518,427,282,0,0.010235118
Warm A,539842,3320,3319,427,282,0,0.013226303
Warm A,738417,4411,4410,427,282,0,0.0062403576
Warm A,796293,4771,4770,427,282,0,0.008277037
Warm A,499327,3067,3066,427,282,0,0.012022059
Warm A,496863,3053,3052,427,282,0,0.010933785
Warm A,488659,3007,3006,427,282,1,0.005694416
Warm A,491579,3024,3023,427,282,0,0.0056165615
Warm A,478012,2934,2933,427,282,0,0.021446727
Warm A,852854,5113,5112,427,282,0,0.014610069
Warm A,473494,2909,2908,427,282,1,0.016737567
Warm A,823507,4950,4949,427,282,0,0.013916433
Warm A,445121,2745,2744,427,282,1,0.009489035
Warm A,440957,2700,2699,427,282,0,0.010707004
Warm A,790717,4728,4727,427,282,0,0.016040727
Warm A,434276,2648,2647,427,282,0,0.01298454
Warm A,431942,2632,2631,427,282,0,-0.0056669684
Warm A,426894,2592,2591,427,282,0,0.013632831
Warm A,418596,2529,2528,427,282,1,0.019525606
Warm A,425272,2581,2580,427,282,0,0.02088368
Warm A,416064,2506,2505,427,282,0,0.0031639994
Warm A,415730,2504,2503,427,282,0,0.01743598
Warm A,408148,2453,2452,427,282,0,0.016242083
Warm A,379173,2215,2214,427,282,0,0.0070612226
Warm A,377197,2203,2202,427,282,1,0.021408778
Warm A,358461,2098,2097,427,282,0,0.009798451
Warm A,360014,2105,2104,427,282,0,0.011159262
Warm A,335764,1980,1979,427,282,0,0.016251445
Warm A,350937,2060,2059,427,282,0,0.005180991
Warm A,275067,1666,1665,427,282,0,0.008949655
Warm A,268322,1630,1629,427,282,0,0.016057633
Warm A,242734,1465,1464,427,282,0,0.014282871
Warm A,228184,1383,1382,427,282,0,0.007660605
Warm A,262186,1600,1599,427,282,0,0.008718865
Warm A,270846,1639,1638,427,282,0,0.008705422
Warm A,210096,1284,1283,427,282,0,0.012638085
Warm A,279029,1680,1679,427,282,0,0.012483469
Warm A,196438,1207,1206,427,282,0,0.015708718
Warm A,185152,1150,1149,427,282,0,0.016453205
Warm A,183954,1146,1145,427,282,0,0.011810899
Warm A,165195,1053,1052,427,282,0,0.012653951
Warm A,158050,1015,1014,427,282,0,0.005474643
Warm A,221258,1340,1339,427,282,0,0.017842237
Warm A,142378,919,918,427,282,0,0.011050953
Warm A,138128,889,888,427,282,0,0.016455496
Warm A,135558,877,876,427,282,0,0.01680213
Warm A,131858,854,853,427,282,0,-0.0018966079
Warm A,351689,2063,2062,427,282,1,0.018506104
Warm A,124215,800,799,427,282,0,0.022418829
Warm A,103669,689,688,427,282,0,0.007785667
Warm A,179540,1125,1124,427,282,0,0.014353636
Warm A,103374,687,686,427,282,0,0.011038385
Warm A,98314,658,657,427,282,0,0.0073772734
Warm A,98733,660,659,427,282,0,0.012882867
Warm A,107422,707,706,427,282,0,0.009286718
Warm A,332606,1962,1961,427,282,0,0.0044581573
Warm A,90617,601,600,427,282,1,0.007277753
Warm A,90113,594,593,427,282,0,0.0075570745
Warm A,89219,588,587,427,282,1,0.008575952
Warm A,83002,549,548,427,282,1,0.014959777
Warm A,74759,509,508,427,282,1,0.016879821
Warm A,53932,352,351,427,282,0,0.011661476
Warm A,344049,2020,2019,427,282,0,0.0035720256
Warm A,47627,319,318,427,282,0,0.013448694
Warm A,110745,721,720,427,282,0,0.016258454
Warm A,42125,285,284,427,282,1,0.012521634
Warm A,56997,385,384,427,282,0,0.01659329
Warm A,29987,202,201,427,282,0,0.021748237
Warm A,291308,1737,1736,427,282,0,0.009411702
Warm A,23192,166,165,427,282,0,0.012628398
Warm A,7864,53,52,427,282,0,0.01598115
Warm A,633134,3824,3823,427,282,0,0.010380744
Warm A,79316,531,530,427,282,0,0.018461421
Warm A,198157,1218,1217,427,282,0,0.013234341
Warm A,150533,970,969,427,282,0,0.016689349
Warm A,682358,4085,4084,427,282,0,0.015101547
Warm A,102148,678,677,427,282,0,0.01675751
Warm A,206797,1266,1265,427,282,0,0.02054815
Warm A,241127,1451,1450,427,282,0,0.014156263
Warm A,145766,937,936,427,282,1,0.014634967
Warm A,20862,151,150,427,282,0,0.008833972
Warm A,562517,3462,3461,427,282,0,-0.0014421965
Warm A,893292,5394,5393,427,282,0,0.018544983
Warm A,322268,1912,1911,427,282,0,0.016032552
Warm A,271752,1643,1642,427,282,0,0.014768594
Warm A,116103,752,751,427,282,0,0.017377218
Warm A,237820,1447,1446,427,282,0,0.021226227
Warm A,554782,3412,3411,427,282,1,0.009780971
Warm A,559388,3436,3435,427,282,1,0.004908606
Warm A,731323,4375,4374,429,284,0,-0.0002955268
Warm A,583357,3562,3561,429,284,0,0.003824865
Warm A,582087,3557,3556,429,284,1,0.0117180785
Warm A,617038,3735,3734,429,284,0,-0.0054368367
Warm A,590537,3602,3601,429,284,1,0.0015921941
Warm A,572048,3507,3506,429,284,0,0.0035780862
Warm A,569133,3491,3490,429,284,0,-0.011434078
Warm A,559596,3438,3437,429,284,0,-0.00067682634
Warm A,556847,3422,3421,429,284,0,-0.0039308984
Warm A,771861,4600,4599,429,284,0,-0.00471556
Warm A,550007,3391,3390,429,284,1,0.0036789104
Warm A,537040,3311,3310,429,284,0,0.008435401
Warm A,530942,3280,3279,429,284,0,0.0003237347
Warm A,539843,3320,3319,429,284,0,-0.006050028
Warm A,518694,3201,3200,429,284,0,0.00072141015
Warm A,532076,3285,3284,429,284,0,-0.00024298072
Warm A,515414,3182,3181,429,284,0,0.0049924674
Warm A,512756,3163,3162,429,284,0,-0.008159997
Warm A,510220,3143,3142,429,284,0,0.0036359516
Warm A,508562,3129,3128,429,284,1,0.003934127
Warm A,505822,3111,3110,429,284,0,-0.011323448
Warm A,502097,3082,3081,429,284,0,-0.0010971292
Warm A,501236,3080,3079,429,284,1,0.0016212222
Warm A,498504,3062,3061,429,284,0,-0.0041754134
Warm A,493336,3031,3030,429,284,1,0.00011651986
Warm A,472507,2907,2906,429,284,1,0.007560291
Warm A,470945,2899,2898,429,284,0,0.003568245
Warm A,469915,2895,2894,429,284,0,-0.003497531
Warm A,457829,2820,2819,429,284,0,-0.0055303103
Warm A,450779,2777,2776,429,284,0,-0.011453056
Warm A,420208,2540,2539,429,284,0,-0.009913936
Warm A,420442,2541,2540,429,284,0,-0.0006071044
Warm A,419718,2537,2536,429,284,0,0.005338763
Warm A,397056,2351,2350,429,284,0,-0.0047513545
Warm A,436335,2665,2664,429,284,0,0.0077610076
Warm A,375543,2188,2187,429,284,0,-0.0031887193
Warm A,378348,2208,2207,429,284,1,-0.010961427
Warm A,368326,2153,2152,429,284,1,0.0009478475
Warm A,367886,2148,2147,429,284,0,-0.00086720753
Warm A,361557,2109,2108,429,284,0,-0.0067037093
Warm A,341527,2012,2011,429,284,0,-0.0015505762
Warm A,350938,2060,2059,429,284,0,-0.0012831087
Warm A,325330,1926,1925,429,284,0,0.0030203175
Warm A,288097,1721,1720,429,284,0,-0.0025861354
Warm A,282593,1694,1693,429,284,0,-0.0068405983
Warm A,297436,1764,1763,429,284,0,-0.0042915163
Warm A,281224,1687,1686,429,284,0,-0.008132288
Warm A,299026,1776,1775,429,284,0,-0.0060012136
Warm A,269504,1634,1633,429,284,0,-0.015917055
Warm A,259414,1587,1586,429,284,1,-0.0038702604
Warm A,243208,1466,1465,429,284,0,-0.0052186297
Warm A,247613,1496,1495,429,284,0,-0.0026301206
Warm A,237413,1446,1445,429,284,1,0.000117330346
Warm A,229239,1389,1388,429,284,0,0.0023785182
Warm A,223480,1354,1353,429,284,0,0.007203595
Warm A,289282,1727,1726,429,284,0,0.0022093356
Warm A,296413,1758,1757,429,284,0,-0.0072485213
Warm A,212858,1297,1296,429,284,0,-0.0068483306
Warm A,277593,1676,1675,429,284,0,0.00096029975
Warm A,261708,1599,1598,429,284,1,-0.005669522
Warm A,279031,1680,1679,429,284,0,-0.0012213138
Warm A,196440,1207,1206,429,284,1,0.0048956294
Warm A,209416,1279,1278,429,284,0,0.007765728
Warm A,194788,1202,1201,429,284,0,0.0021355643
Warm A,183528,1142,1141,429,284,0,-0.0011823282
Warm A,185155,1150,1149,429,284,0,-0.011159653
Warm A,179069,1124,1123,429,284,0,-0.008338181
Warm A,178055,1120,1119,429,284,0,0.005141642
Warm A,174096,1101,1100,429,284,0,0.0013102336
Warm A,173608,1100,1099,429,284,0,-0.0028642404
Warm A,172859,1096,1095,429,284,0,-0.0014801638
Warm A,188211,1168,1167,429,284,1,-0.005540449
Warm A,163776,1050,1049,429,284,0,0.002071558
Warm A,214779,1303,1302,429,284,1,-0.005821167
Warm A,272130,1645,1644,429,284,1,-0.0012054418
Warm A,216959,1317,1316,429,284,0,-0.0076366863
Warm A,136480,881,880,429,284,1,-0.0077200695
Warm A,135559,877,876,429,284,0,-0.010361243
Warm A,407223,2446,2445,429,284,0,0.0030997647
Warm A,131098,850,849,429,284,1,0.004152987
Warm A,351690,2063,2062,429,284,0,-0.0006230208
Warm A,263218,1605,1604,429,284,0,0.0005117869
Warm A,159993,1019,1018,429,284,1,-0.0010674482
Warm A,121495,781,780,429,284,0,-0.009955816
Warm A,299567,1778,1777,429,284,0,0.004276192
Warm A,106000,699,698,429,284,0,-0.0030881308
Warm A,107861,710,709,429,284,0,0.007237676
Warm A,98737,660,659,429,284,0,-0.008722088
Warm A,92537,620,619,429,284,0,0.0014507573
Warm A,284069,1698,1697,429,284,0,-0.0024200322
Warm A,83005,549,548,429,284,0,-0.008483162
Warm A,119166,770,769,429,284,0,-0.00078624603
Warm A,87068,569,568,429,284,0,-0.012255821
Warm A,67400,453,452,429,284,1,0.00509856
Warm A,251122,1516,1515,429,284,0,0.0014656088
Warm A,58156,392,391,429,284,0,-0.0019736523
Warm A,47629,319,318,429,284,0,-0.0006215763
Warm A,44679,302,301,429,284,0,0.0037067505
Warm A,44014,301,300,429,284,0,-0.003308697
Warm A,29993,202,201,429,284,0,-0.0134585
Warm A,54589,355,354,429,284,0,-0.0011173002
Warm A,234904,1425,1424,429,284,0,-5.012704e-05
Warm A,49581,329,328,429,284,0,-0.001093714
Warm A,3556,26,25,429,284,0,-0.0020432186
Warm A,6959,48,47,429,284,0,-0.0056433356
Warm A,354835,2077,2076,429,284,0,-0.01706307
Warm A,2692,22,21,429,284,1,0.0054400833
Warm A,552257,3401,3400,429,284,0,0.006778637
Warm A,237821,1447,1446,429,284,1,-0.009044293
Warm A,35890,242,241,429,284,0,-0.009446193
Warm A,370959,2168,2167,429,284,1,0.006274784
Warm A,342373,2015,2014,429,284,0,0.007604249
Warm A,829068,4979,4978,429,284,0,0.00035653566
Warm A,750631,4478,4477,429,284,1,0.0077117477
Warm A,144867,934,933,429,284,0,-0.0035124342
Warm A,329257,1943,1942,429,284,0,0.0026401386
Warm A,331524,1958,1957,429,284,0,-0.007210751
Warm A,599184,3648,3647,429,284,0,-0.0044312775
Warm A,46045,308,307,429,284,0,0.002411593
Warm A,335765,1980,1979,429,284,0,-0.006677706
Warm A,475463,2918,2917,429,284,1,-0.0032760813
Warm A,456425,2810,2809,429,284,0,-0.01019458
Warm A,62816,424,423,429,284,0,0.0030807524
Warm A,699945,4186,4185,429,284,0,-0.0058014174
Warm A,327948,1941,1940,429,284,0,-0.0055592665
Warm A,713804,4277,4276,429,284,0,0.003781565
Warm A,894047,5397,5396,429,284,0,-0.0031562138
Warm A,555747,3416,3415,436,289,1,0.013084537
Warm A,547355,3377,3376,436,289,1,-0.0014491631
Warm A,577061,3526,3525,436,289,1,0.00024985708
Warm A,550020,3391,3390,436,289,0,0.010077591
Warm A,542148,3336,3335,436,289,0,0.0091668675
Warm A,533229,3292,3291,436,289,0,0.009102479
Warm A,532084,3285,3284,436,289,0,0.0063186674
Warm A,523675,3228,3227,436,289,0,0.00371402
Warm A,522449,3224,3223,436,289,1,0.0015662756
Warm A,496457,3051,3050,436,289,0,0.0043328465
Warm A,494027,3032,3031,436,289,1,0.0100676725
Warm A,490686,3018,3017,436,289,1,-0.0018239301
Warm A,487861,3001,3000,436,289,1,0.020417761
Warm A,484981,2986,2985,436,289,0,0.013846844
Warm A,480088,2946,2945,436,289,0,-0.00083822454
Warm A,463216,2857,2856,436,289,1,-0.0018220644
Warm A,453656,2793,2792,436,289,0,0.01508313
Warm A,444622,2743,2742,436,289,0,0.0047524176
Warm A,420212,2540,2539,436,289,1,-0.001212453
Warm A,426901,2592,2591,436,289,1,-0.0011862442
Warm A,399040,2376,2375,436,289,0,0.0046363217
Warm A,381298,2230,2229,436,289,0,0.003576677
Warm A,385237,2251,2250,436,289,0,-0.0011088888
Warm A,310636,1851,1850,436,289,0,0.0015759445
Warm A,265709,1613,1612,436,289,0,0.011131464
Warm A,262191,1600,1599,436,289,0,0.001739867
Warm A,259419,1587,1586,436,289,0,0.008516418
Warm A,315137,1880,1879,436,289,0,0.0050097685
Warm A,218890,1328,1327,436,289,1,0.007571324
Warm A,296419,1758,1757,436,289,0,0.008187358
Warm A,279044,1680,1679,436,289,0,-0.0010388945
Warm A,210103,1284,1283,436,289,0,0.007950878
Warm A,327961,1941,1940,436,289,1,0.0021821146
Warm A,185162,1150,1149,436,289,0,0.004297902
Warm A,307366,1835,1834,436,289,0,0.010409409
Warm A,183957,1146,1145,436,289,0,0.0026227802
Warm A,175462,1112,1111,436,289,0,0.004547459
Warm A,168382,1069,1068,436,289,0,0.00660132
Warm A,160003,1019,1018,436,289,0,-0.0002377578
Warm A,269869,1635,1634,436,289,0,0.00058085006
Warm A,146243,940,939,436,289,0,0.0054894784
Warm A,156764,1010,1009,436,289,0,-0.007081931
Warm A,135567,877,876,436,289,0,0.0049286936
Warm A,117461,757,756,436,289,0,0.010516958
Warm A,114807,746,745,436,289,0,0.007885149
Warm A,111852,728,727,436,289,0,0.0011643044
Warm A,107867,710,709,436,289,0,0.0038709473
Warm A,299578,1778,1777,436,289,0,0.0014799507
Warm A,103382,687,686,436,289,0,0.0050957184
Warm A,110752,721,720,436,289,0,0.011127466
Warm A,332616,1962,1961,436,289,0,-0.0016583356
Warm A,83019,549,548,436,289,1,0.008756823
Warm A,190777,1181,1180,436,289,0,0.006405661
Warm A,303728,1804,1803,436,289,0,0.005315753
Warm A,77422,524,523,436,289,0,0.012105219
Warm A,68664,461,460,436,289,0,0.011602985
Warm A,71963,482,481,436,289,0,0.0060499837
Warm A,59772,406,405,436,289,0,0.016219553
Warm A,74767,509,508,436,289,1,-0.0014899494
Warm A,132401,855,854,436,289,0,0.008903166
Warm A,288584,1724,1723,436,289,1,0.010666767
Warm A,697292,4169,4168,436,289,0,0.004181535
Warm A,30017,202,201,436,289,0,0.011421718
Warm A,27308,192,191,436,289,0,-0.0050068614
Warm A,537051,3311,3310,436,289,0,0.00041716336
Warm A,7893,53,52,436,289,0,0.023087613
Warm A,15731,123,122,436,289,0,-0.0030430413
Warm A,104258,692,691,436,289,0,0.008587251
Warm A,471954,2904,2903,436,289,0,0.0032090559
Warm A,158065,1015,1014,436,289,0,0.008861838
Warm A,50303,331,330,436,289,0,0.0079834685
Warm A,150539,970,969,436,289,0,0.019780647
Warm A,237831,1447,1446,436,289,0,0.002246282
Warm A,265031,1611,1610,436,289,0,0.0058521554
Warm A,102159,678,677,436,289,0,0.009433833
Warm A,234912,1425,1424,436,289,0,0.009581315
Warm A,331534,1958,1957,436,289,0,0.008393407
Warm A,907803,5492,5491,436,289,0,0.01123365
Warm A,805913,4823,4822,436,289,0,0.004354549
Warm A,322277,1912,1911,436,289,0,0.0061528366
Warm A,351706,2063,2062,436,289,1,0.011846897
Warm A,134189,869,868,437,290,0,0.010578986
Warm A,342382,2015,2014,437,290,0,0.015240138
Warm A,821704,4940,4939,437,290,0,0.0053516785
Warm A,550021,3391,3390,437,290,0,0.011905537
Warm A,550023,3391,3390,438,291,0,0.0064297263
Warm A,542149,3336,3335,438,291,0,0.0140118785
Warm A,540992,3328,3327,438,291,0,0.0105749015
Warm A,544048,3353,3352,438,291,0,0.011930563
Warm A,522450,3224,3223,438,291,0,0.018057939
Warm A,539849,3320,3319,438,291,0,0.017485637
Warm A,520314,3209,3208,438,291,0,0.0022923136
Warm A,523846,3229,3228,438,291,0,0.00091889466
Warm A,575275,3519,3518,438,291,0,0.009417743
Warm A,532085,3285,3284,438,291,0,0.011647573
Warm A,516920,3191,3190,438,291,0,0.005557678
Warm A,562524,3462,3461,438,291,0,0.01572306
Warm A,508569,3129,3128,438,291,0,0.018950617
Warm A,505824,3111,3110,438,291,0,-0.0040887827
Warm A,738420,4411,4410,438,291,0,0.009934861
Warm A,484983,2986,2985,438,291,0,0.015935969
Warm A,484468,2983,2982,438,291,1,0.001386072
Warm A,473507,2909,2908,438,291,0,0.02314372
Warm A,461802,2848,2847,438,291,0,0.008167292
Warm A,594784,3620,3619,438,291,0,0.009871444
Warm A,450788,2777,2776,438,291,1,0.013919037
Warm A,441194,2701,2700,438,291,0,0.0010985909
Warm A,438810,2681,2680,438,291,0,0.0060029924
Warm A,435795,2664,2663,438,291,0,0.0038456935
Warm A,420447,2541,2540,438,291,0,0.009827599
Warm A,408161,2453,2452,438,291,1,0.024067797
Warm A,399480,2378,2377,438,291,0,0.006434356
Warm A,375548,2188,2187,438,291,0,0.014799319
Warm A,351709,2063,2062,438,291,0,0.018740207
Warm A,361569,2109,2108,438,291,0,0.009002741
Warm A,358853,2100,2099,438,291,1,0.0073818797
Warm A,340588,2010,2009,438,291,0,0.00725873
Warm A,341535,2012,2011,438,291,0,0.0012605423
Warm A,350944,2060,2059,438,291,0,0.009479034
Warm A,318347,1891,1890,438,291,0,0.017347857
Warm A,297440,1764,1763,438,291,1,0.0026322717
Warm A,303510,1803,1802,438,291,0,0.010342499
Warm A,281655,1689,1688,438,291,1,0.014519608
Warm A,281227,1687,1686,438,291,1,0.005174686
Warm A,288857,1726,1725,438,291,0,0.0069433255
Warm A,303004,1800,1799,438,291,0,0.020204246
Warm A,236207,1433,1432,438,291,0,0.0029627846
Warm A,242743,1465,1464,438,291,0,0.01674738
Warm A,335779,1980,1979,438,291,0,0.016113862
Warm A,224666,1358,1357,438,291,1,0.0080308
Warm A,227089,1377,1376,438,291,0,0.0148215825
Warm A,277604,1676,1675,438,291,0,0.015101586
Warm A,243873,1470,1469,438,291,0,0.0019277732
Warm A,196448,1207,1206,438,291,0,0.013439301
Warm A,173612,1100,1099,438,291,0,0.0049735312
Warm A,173085,1097,1096,438,291,0,0.0276401
Warm A,327962,1941,1940,438,291,0,0.016103705
Warm A,163785,1050,1049,438,291,0,0.0149329025
Warm A,272137,1645,1644,438,291,1,0.0054990454
Warm A,275502,1667,1666,438,291,1,0.01707972
Warm A,154825,999,998,438,291,0,0.006065924
Warm A,156765,1010,1009,438,291,0,0.01113732
Warm A,276903,1675,1674,438,291,0,0.013307766
Warm A,141470,911,910,438,291,1,0.012989538
Warm A,136493,881,880,438,291,0,0.017041663
Warm A,263230,1605,1604,438,291,0,0.009897061
Warm A,239960,1449,1448,438,291,0,0.015749807
Warm A,107079,704,703,438,291,1,0.007232624
Warm A,110112,718,717,438,291,0,0.010764487
Warm A,98746,660,659,438,291,0,0.021681944
Warm A,96389,647,646,438,291,0,0.006525632
Warm A,207510,1268,1267,438,291,0,0.0112635065
Warm A,480089,2946,2945,438,291,0,0.017391074
Warm A,91190,604,603,438,291,0,0.011354303
Warm A,77423,524,523,438,291,0,0.021029172
Warm A,119175,770,769,438,291,0,0.012995329
Warm A,80134,533,532,438,291,0,0.020778107
Warm A,53972,352,351,438,291,0,0.0126738185
Warm A,52606,346,345,438,291,1,0.026328005
Warm A,41910,284,283,438,291,0,0.012378781
Warm A,145314,935,934,438,291,0,0.008021644
Warm A,38070,260,259,438,291,0,0.008503491
Warm A,37458,255,254,438,291,1,0.012529477
Warm A,32994,223,222,438,291,0,0.009640088
Warm A,306195,1824,1823,438,291,0,0.019586794
Warm A,22667,163,162,438,291,0,0.016832542
Warm A,11393,87,86,438,291,0,0.005504897
Warm A,78416,528,527,438,291,1,0.015470863
Warm A,552265,3401,3400,438,291,0,0.01706642
Warm A,790721,4728,4727,438,291,0,0.020888038
Warm A,362955,2116,2115,438,291,0,0.017672386
Warm A,682364,4085,4084,438,291,1,0.006523093
Warm A,342383,2015,2014,438,291,0,0.007729703
Warm A,116113,752,751,438,291,0,0.025688084
Warm A,79328,531,530,438,291,0,0.015738871
Warm A,160004,1019,1018,438,291,0,0.005475838
Warm A,599192,3648,3647,438,291,0,0.015032269
Warm A,112418,731,730,444,295,0,8.193054e-05
Warm A,779068,4653,4652,444,295,0,0.00092813466
Warm A,103675,689,688,444,295,0,0.009521857
Warm A,97800,655,654,444,295,0,-0.0047984323
Warm A,314074,1875,1874,444,295,0,0.00097171566
Warm A,90624,601,600,444,295,0,-0.008790391
Warm A,90115,594,593,444,295,0,-0.0053954273
Warm A,228198,1383,1382,444,295,0,-0.0020588317
Warm A,83030,549,548,444,295,0,-0.0039848094
Warm A,84079,550,549,444,295,0,-0.012977907
Warm A,66834,449,448,444,295,0,-0.0073176613
Warm A,74774,509,508,444,295,1,0.0029957732
Warm A,308558,1837,1836,444,295,0,-0.015769083
Warm A,32270,216,215,444,295,0,-0.0015821585
Warm A,697301,4169,4168,444,295,0,-0.014747508
Warm A,167099,1063,1062,444,295,0,-0.0042760475
Warm A,631520,3821,3820,444,295,0,-0.0055844425
Warm A,680609,4079,4078,444,295,1,-0.006596678
Warm A,326067,1930,1929,444,295,0,-0.004403741
Warm A,195382,1203,1202,444,295,0,-0.004196748
Warm A,720437,4312,4311,444,295,0,-0.0004766083
Warm A,399483,2378,2377,445,296,1,0.00060672546
Warm A,364709,2124,2123,445,296,0,0.005646481
Warm A,351718,2063,2062,445,296,0,0.0180409
Warm A,281231,1687,1686,445,296,0,0.0110518085
Warm A,279065,1680,1679,445,296,0,0.008701334
Warm A,236696,1437,1436,445,296,1,0.011330328
Warm A,230090,1392,1391,445,296,0,0.008679566
Warm A,227093,1377,1376,445,296,0,0.012707511
Warm A,277613,1676,1675,445,296,0,0.0061575286
Warm A,202450,1244,1243,445,296,0,0.01036129
Warm A,197582,1212,1211,445,296,1,-0.001663613
Warm A,261718,1599,1598,445,296,0,0.0032652684
Warm A,196456,1207,1206,445,296,0,0.0031009333
Warm A,193175,1193,1192,445,296,1,0.008044814
Warm A,173617,1100,1099,445,296,0,0.007365216
Warm A,164468,1051,1050,445,296,0,0.018410688
Warm A,136502,881,880,445,296,0,0.010300079
Warm A,135575,877,876,445,296,0,0.009153312
Warm A,112419,731,730,445,296,0,0.00776736
Warm A,299587,1778,1777,445,296,0,0.011739062
Warm A,101353,676,675,445,296,0,0.017412983
Warm A,96394,647,646,445,296,0,0.0027259297
Warm A,314075,1875,1874,445,296,1,0.0063508563
Warm A,90625,601,600,445,296,0,0.0024111695
Warm A,86590,566,565,445,296,0,0.0067611663
Warm A,190793,1181,1180,445,296,0,0.019333128
Warm A,77435,524,523,445,296,0,0.007907851
Warm A,119183,770,769,445,296,0,0.0162111
Warm A,88782,587,586,445,296,0,0.013752392
Warm A,81614,543,542,445,296,0,0.013185546
Warm A,70747,476,475,445,296,0,0.002282322
Warm A,65312,438,437,445,296,0,0.01247897
Warm A,35907,242,241,445,296,0,0.009220801
Warm A,368336,2153,2152,445,296,1,0.010769327
Warm A,9408,62,61,445,296,0,0.010463225
Warm A,3610,26,25,445,296,0,0.01053537
Warm A,829076,4979,4978,445,296,1,0.01367614
Warm A,331542,1958,1957,445,296,0,0.012916554
Warm A,160013,1019,1018,445,296,0,0.012945576
Warm A,46082,308,307,445,296,0,0.004747503
Warm A,354848,2077,2076,449,299,1,-0.009172194
Warm A,588428,3590,3589,449,299,1,-0.00654658
Warm A,129357,839,838,449,299,0,-0.00028207485
Warm A,109771,716,715,449,299,1,0.0020276692
Warm A,58190,392,391,449,299,0,-0.0030744933
Warm A,829077,4979,4978,449,299,1,-0.0031812114
Warm A,257604,1579,1578,449,299,0,-0.0058034016
Warm A,46086,308,307,449,299,0,0.0007652305
Warm A,933850,5636,5635,449,299,0,-0.0016334879
Warm A,476328,2926,2925,449,299,1,0.006020496
Warm A,286409,1710,1709,449,299,1,-0.0035835507
Warm A,416542,2507,2506,451,301,1,0.0009572143
Warm A,414217,2493,2492,451,301,1,-0.0015387736
Warm A,375307,2187,2186,451,301,0,-0.00072002807
Warm A,335800,1980,1979,451,301,0,0.0047040936
Warm A,304501,1810,1809,451,301,1,-0.0043320935
Warm A,316758,1884,1883,451,301,0,0.002640165
Warm A,279093,1680,1679,451,301,1,0.0050637396
Warm A,268331,1630,1629,451,301,0,-0.0049108635
Warm A,246853,1491,1490,451,301,0,-0.00013578631
Warm A,237320,1444,1443,451,301,0,0.0009777963
Warm A,212045,1291,1290,451,301,0,-0.00034592627
Warm A,210114,1284,1283,451,301,1,0.0039729495
Warm A,194806,1202,1201,451,301,1,0.009538523
Warm A,189886,1178,1177,451,301,1,-0.009488039
Warm A,226833,1376,1375,451,301,0,0.008240602
Warm A,185188,1150,1149,451,301,0,0.011994148
Warm A,316232,1883,1882,451,301,0,0.0045563485
Warm A,243891,1470,1469,451,301,0,-0.008364341
Warm A,174900,1108,1107,451,301,0,0.0023237292
Warm A,165204,1053,1052,451,301,0,0.0077492204
Warm A,158092,1015,1014,451,301,1,0.005647616
Warm A,138174,889,888,451,301,0,0.008064352
Warm A,135581,877,876,451,301,0,0.0056427456
Warm A,124475,801,800,451,301,0,0.00069611415
Warm A,103389,687,686,451,301,0,-0.0013517789
Warm A,98763,660,659,451,301,0,0.003689624
Warm A,107424,707,706,451,301,0,-0.0056645055
Warm A,713823,4277,4276,451,301,1,0.014766814
Warm A,697307,4169,4168,451,301,1,0.0065711513
Warm A,228208,1383,1382,451,301,0,0.0056961076
Warm A,87250,570,569,451,301,0,-9.278068e-06
Warm A,86093,563,562,451,301,1,0.007345266
Warm A,80696,536,535,451,301,0,-0.005905567
Warm A,77445,524,523,451,301,1,0.007299857
Warm A,71981,482,481,451,301,0,0.0039211083
Warm A,54020,352,351,451,301,0,-0.006098587
Warm A,110766,721,720,451,301,0,0.0001805016
Warm A,238849,1448,1447,451,301,1,0.0007790637
Warm A,308568,1837,1836,451,301,0,-0.003286573
Warm A,32700,221,220,451,301,1,-0.0015779207
Warm A,30922,206,205,451,301,0,-0.0029852556
Warm A,15770,123,122,451,301,0,-0.005098584
Warm A,11119,82,81,451,301,0,-0.0020041687
Warm A,9419,62,61,451,301,0,0.0010847652
Warm A,524400,3233,3232,451,301,0,0.0016307819
Warm A,187606,1164,1163,451,301,0,0.0011507048
Warm A,354856,2077,2076,453,302,0,-0.0014504951
Warm A,78423,528,527,453,302,0,0.014053825
Warm A,362972,2116,2115,453,302,0,0.009081545
Warm A,237846,1447,1446,453,302,0,0.00812027
Warm A,272146,1645,1644,453,302,1,0.007261967
Warm A,134210,869,868,453,302,0,0.006289942
Warm A,550050,3391,3390,453,302,0,0.005900237
Warm A,245762,1484,1483,456,305,1,0.014918111
Warm A,241157,1451,1450,456,305,1,0.016181817
Warm A,631526,3821,3820,456,305,0,0.012234922
Warm A,210858,1285,1284,456,305,0,0.021794353
Warm A,202455,1244,1243,456,305,1,0.011861063
Warm A,374025,2181,2180,456,305,1,0.025353853
Warm A,170015,1080,1079,456,305,1,0.00761591
Warm A,168399,1069,1068,456,305,1,0.010821422
Warm A,216984,1317,1316,456,305,1,0.022184674
Warm A,156789,1010,1009,456,305,0,0.016864106
Warm A,154838,999,998,456,305,1,0.016060868
Warm A,124478,801,800,456,305,1,0.0057403543
Warm A,135005,873,872,456,305,1,0.0089391405
Warm A,89566,590,589,456,305,1,0.008307182
Warm A,77448,524,523,456,305,1,0.0261987
Warm A,238853,1448,1447,456,305,1,0.018996727
Warm A,70149,474,473,456,305,1,0.0272909
Warm A,54026,352,351,456,305,1,0.006488114
Warm A,33652,225,224,456,305,1,0.021102145
Warm A,599206,3648,3647,456,305,0,0.015348159
Warm A,20182,149,148,456,305,1,0.02889106
Warm A,7945,53,52,456,305,1,0.018918686
Warm A,357399,2092,2091,456,305,1,0.018897407
Warm A,262513,1601,1600,456,305,1,0.0133306235
Warm A,908309,5493,5492,456,305,1,0.020290188
Warm A,286672,1712,1711,456,305,0,0.024565645
Warm A,181965,1137,1136,456,305,0,0.017042525
Warm A,319293,1897,1896,456,305,1,0.024258818
Warm A,24514,173,172,456,305,0,0.012218146
Warm A,335802,1980,1979,456,305,1,0.02881324
Warm A,203046,1246,1245,456,305,1,0.02870449
Warm A,839701,5046,5045,456,305,1,0.02919721
Warm A,804485,4816,4815,456,305,1,0.01650623
Warm A,147920,953,952,458,307,0,0.008348836
Warm A,136518,881,880,458,307,0,-0.002621749
Warm A,328002,1941,1940,458,307,0,-0.003757576
Warm A,110347,720,719,458,307,0,0.010242676
Warm A,98766,660,659,458,307,0,0.004389461
Warm A,94904,637,636,458,307,0,0.004363517
Warm A,713827,4277,4276,458,307,1,0.0062147677
Warm A,697311,4169,4168,458,307,0,0.0040853536
Warm A,87252,570,569,458,307,0,-0.0015563846
Warm A,308571,1837,1836,458,307,0,-0.003427408
Warm A,84092,550,549,458,307,0,-0.0035953894
Warm A,71985,482,481,458,307,0,0.0043044724
Warm A,68679,461,460,458,307,1,0.0072067976
Warm A,67181,452,451,458,307,1,-0.00022668863
Warm A,54031,352,351,458,307,0,0.007843932
Warm A,15780,123,122,458,307,0,0.003415051
Warm A,28410,195,194,458,307,1,0.0051204013
Warm A,380780,2225,2224,458,307,0,-0.007231038
Warm A,572079,3507,3506,458,307,1,0.007638677
Warm A,239984,1449,1448,458,307,1,0.0033871275
Warm A,451750,2781,2780,458,307,1,-0.0031223372
Warm A,507732,3125,3124,458,307,1,0.000859794
Warm A,195391,1203,1202,458,307,0,-0.0030491948
Warm A,959027,5787,5786,458,307,0,0.004313317
Warm A,476333,2926,2925,458,307,0,0.0064169113
Warm A,473535,2909,2908,458,307,1,0.00327183
Warm A,468384,2887,2886,458,307,0,0.007895055
Warm A,535530,3305,3304,459,308,1,0.00089961087
Warm A,544057,3353,3352,459,308,1,0.0021444098
Warm A,561561,3454,3453,459,308,0,0.0018186311
Warm A,532099,3285,3284,459,308,0,0.0054090577
Warm A,525763,3247,3246,459,308,0,0.0007816889
Warm A,525057,3242,3241,459,308,0,-0.004509747
Warm A,520318,3209,3208,459,308,0,-0.0008560661
Warm A,519992,3208,3207,459,308,0,-0.0005106239
Warm A,518714,3201,3200,459,308,1,-0.0013013415
Warm A,512786,3163,3162,459,308,1,0.006390988
Warm A,805918,4823,4822,459,308,0,0.0003668907
Warm A,507213,3121,3120,459,308,0,0.0026402632
Warm A,494061,3032,3031,459,308,1,0.0020366746
Warm A,490706,3018,3017,459,308,0,-0.0033035732
Warm A,486246,2994,2993,459,308,0,0.0030789117
Warm A,471618,2901,2900,459,308,0,0.00076496083
Warm A,473536,2909,2908,459,308,1,-0.002149785
Warm A,435807,2664,2663,459,308,1,0.0056323363
Warm A,433595,2643,2642,459,308,1,-0.00020965119
Warm A,426912,2592,2591,459,308,0,-0.0010306486
Warm A,415240,2500,2499,459,308,0,-0.0042529944
Warm A,405800,2435,2434,459,308,0,-0.0018419118
Warm A,387523,2265,2264,459,308,0,0.0048067216
Warm A,377216,2203,2202,459,308,1,0.0048340634
Warm A,362975,2116,2115,459,308,0,0.0020145876
Warm A,343609,2018,2017,459,308,0,0.0045610084
Warm A,314637,1879,1878,459,308,1,0.0005217721
Warm A,312297,1861,1860,459,308,0,0.009620358
Warm A,297457,1764,1763,459,308,1,0.008849431
Warm A,292278,1741,1740,459,308,0,0.009867687
Warm A,288864,1726,1725,459,308,0,0.0014514993
Warm A,262199,1600,1599,459,308,0,-0.003999413
Warm A,358232,2097,2096,459,308,0,-0.0038594105
Warm A,303012,1800,1799,459,308,0,0.0035872883
Warm A,299595,1778,1777,459,308,1,0.0043799942
Warm A,232132,1408,1407,459,308,0,0.0008853695
Warm A,227102,1377,1376,459,308,0,0.0039058907
Warm A,221288,1340,1339,459,308,0,0.0051338673
Warm A,243893,1470,1469,459,308,0,0.0210498
Warm A,220834,1339,1338,459,308,1,0.010265224
Warm A,196467,1207,1206,459,308,0,-0.00025262684
Warm A,176012,1113,1112,459,308,0,-0.002309362
Warm A,179561,1125,1124,459,308,0,0.0019642413
Warm A,275512,1667,1666,459,308,1,0.0026180842
Warm A,342410,2015,2014,459,308,0,0.0034798821
Warm A,155841,1004,1003,459,308,0,0.00096018193
Warm A,152997,984,983,459,308,0,-0.0019374562
Warm A,158095,1015,1014,459,308,0,-0.0021963846
Warm A,140672,904,903,459,308,1,0.0019811518
Warm A,136519,881,880,459,308,0,0.009718485
Warm A,135584,877,876,459,308,0,0.0019984771
Warm A,202457,1244,1243,459,308,0,0.006620048
Warm A,114817,746,745,459,308,0,-0.0031795527
Warm A,631527,3821,3820,459,308,0,-0.0014637723
Warm A,480100,2946,2945,459,308,0,-0.003504793
Warm A,91198,604,603,459,308,0,0.0017195586
Warm A,150552,970,969,459,308,0,0.0022939309
Warm A,81624,543,542,459,308,1,0.0006307778
Warm A,77450,524,523,459,308,0,0.0024029068
Warm A,119192,770,769,459,308,0,0.008219651
Warm A,68680,461,460,459,308,0,-0.0029351255
Warm A,54032,352,351,459,308,0,0.0024886301
Warm A,697312,4169,4168,459,308,0,0.008723326
Warm A,55714,368,367,459,308,1,0.0026218276
Warm A,22700,163,162,459,308,0,0.0016788086
Warm A,23242,166,165,459,308,0,-0.0026885862
Warm A,19606,148,147,459,308,0,0.0021243887
Warm A,19060,147,146,459,308,0,0.009349735
Warm A,1434,13,12,459,308,0,-0.005815939
Warm A,158,2,1,459,308,0,0.0038720486
Warm A,354860,2077,2076,459,308,1,0.0022436534
Warm A,109778,716,715,459,308,1,-0.0041203666
Warm A,237849,1447,1446,459,308,0,0.0066561066
Warm A,567426,3483,3482,459,308,1,-0.0035934653
Warm A,317667,1889,1888,459,308,1,0.0037547448
Warm A,453675,2793,2792,459,308,0,0.0010087189
Warm A,145775,937,936,459,308,0,-0.002410206
Warm A,331552,1958,1957,459,308,0,0.0063450173
Warm A,351742,2063,2062,459,308,0,0.007555754
Warm A,335804,1980,1979,459,308,0,0.004019476
Warm A,599208,3648,3647,459,308,0,0.0059723076
Warm A,587857,3589,3588,459,308,0,-0.0019937553
Warm A,550054,3391,3390,459,308,0,0.0038803066
Warm A,279121,1680,1679,461,309,1,0.01703529
Warm A,316241,1883,1882,461,309,0,0.005799582
Warm A,201509,1242,1241,461,309,1,0.01798131
Warm A,174114,1101,1100,461,309,1,0.009543364
Warm A,195396,1203,1202,461,309,1,0.0045992425
Warm A,168403,1069,1068,461,309,1,-0.0021646554
Warm A,161186,1028,1027,461,309,0,0.0013591549
Warm A,139385,891,890,461,309,0,0.0003492469
Warm A,138190,889,888,461,309,0,0.006047276
Warm A,123698,797,796,461,309,0,0.00080377795
Warm A,90630,601,600,461,309,0,0.003615695
Warm A,238866,1448,1447,461,309,1,0.007622197
Warm A,49676,329,328,461,309,0,0.012489525
Warm A,33669,225,224,461,309,0,0.0072070584
Warm A,26571,187,186,461,309,1,0.004769502
Warm A,23256,166,165,461,309,0,0.010713627
Warm A,16013,126,125,461,309,0,-0.0026843515
Warm A,352,5,4,461,309,0,0.004585924
Warm A,245765,1484,1483,461,309,0,0.01899803
Warm A,132823,856,855,461,309,0,0.0059492434
Warm A,523858,3229,3228,461,309,0,-0.0015331956
Warm A,991825,5991,5990,461,309,0,-0.0024245805
Warm A,310650,1851,1850,461,309,0,0.00056553027
Warm A,287697,1717,1716,461,309,1,-0.0049546887
Warm A,276195,1671,1670,461,309,0,0.011965831
Warm A,18839,146,145,461,309,0,0.0021719877
Warm A,411037,2466,2465,465,311,0,0.008035718
Warm A,404186,2416,2415,465,311,0,0.00973914
Warm A,393533,2316,2315,465,311,1,0.0077695274
Warm A,381310,2230,2229,465,311,0,0.012095762
Warm A,335822,1980,1979,465,311,0,0.016450522
Warm A,322955,1915,1914,465,311,1,-0.007586335
Warm A,275516,1667,1666,465,311,0,0.00284457
Warm A,272497,1646,1645,465,311,0,0.011266356
Warm A,270428,1636,1635,465,311,1,0.0048777596
Warm A,332635,1962,1961,465,311,0,0.012048973
Warm A,230098,1392,1391,465,311,0,0.009085486
Warm A,241166,1451,1450,465,311,1,0.003419622
Warm A,337441,1984,1983,465,311,0,-0.0028914637
Warm A,272870,1647,1646,465,311,0,0.017517041
Warm A,279123,1680,1679,465,311,0,0.011896451
Warm A,220838,1339,1338,465,311,1,0.017898053
Warm A,185210,1150,1149,465,311,0,0.014238525
Warm A,331558,1958,1957,465,311,1,0.02260624
Warm A,168406,1069,1068,465,311,0,0.008019932
Warm A,167197,1064,1063,465,311,0,0.011760903
Warm A,141172,910,909,465,311,1,0.0068469252
Warm A,138192,889,888,465,311,0,0.014888858
Warm A,121715,783,782,465,311,1,0.010279332
Warm A,97811,655,654,465,311,0,0.011911999
Warm A,697322,4169,4168,465,311,0,0.016379135
Warm A,284114,1698,1697,465,311,0,0.011661498
Warm A,83055,549,548,465,311,1,0.010863003
Warm A,238868,1448,1447,465,311,1,0.015658116
Warm A,80538,534,533,465,311,0,0.0033592763
Warm A,190833,1181,1180,465,311,0,0.018114347
Warm A,84108,550,549,465,311,1,0.011399329
Warm A,77463,524,523,465,311,0,0.023313828
Warm A,55720,368,367,465,311,1,0.0016329859
Warm A,54056,352,351,465,311,1,0.012750028
Warm A,38410,261,260,465,311,0,0.017478293
Warm A,35927,242,241,465,311,0,0.011548428
Warm A,31261,210,209,465,311,0,-0.000546664
Warm A,22710,163,162,465,311,0,0.009202393
Warm A,9442,62,61,465,311,1,0.009377314
Warm A,620,8,7,465,311,1,0.015640106
Warm A,12147,92,91,465,311,0,0.004734971
Warm A,266391,1616,1615,465,311,0,0.006408348
Warm A,195398,1203,1202,465,311,1,0.01879024
Warm A,179564,1125,1124,465,311,1,0.012972172
Warm A,902997,5458,5457,465,311,0,0.0072222482
Warm A,89238,588,587,469,314,1,0.029076716
Warm A,499367,3067,3066,469,314,1,0.013951872
Warm A,195400,1203,1202,469,314,0,0.010178447
Warm A,187611,1164,1163,469,314,0,0.017673083
Warm A,179567,1125,1124,469,314,1,0.011940803
Warm A,832022,5001,5000,469,314,0,-0.0032879086
Warm A,171571,1088,1087,469,314,0,0.008960841
Warm A,986778,5956,5955,469,314,0,0.0075520365
Warm A,295632,1755,1754,469,314,0,0.015360346
Warm A,529667,3272,3271,473,316,0,-0.008915549
Warm A,512800,3163,3162,473,316,0,-0.00028554
Warm A,499950,3069,3068,473,316,0,0.0028354684
Warm A,487881,3001,3000,473,316,0,-0.004735016
Warm A,860529,5173,5172,473,316,0,0.0009709359
Warm A,476343,2926,2925,473,316,0,-0.007446603
Warm A,472547,2907,2906,473,316,0,0.0020816904
Warm A,463260,2857,2856,473,316,0,0.00281128
Warm A,462572,2854,2853,473,316,0,-0.0034715286
Warm A,487021,2996,2995,473,316,0,-0.002276547
Warm A,450829,2777,2776,473,316,0,-0.00093491003
Warm A,430067,2621,2620,473,316,0,0.00387891
Warm A,423151,2565,2564,473,316,0,-0.007791372
Warm A,420458,2541,2540,473,316,1,-0.010423492
Warm A,412805,2484,2483,473,316,0,0.002361145
Warm A,408663,2454,2453,473,316,0,-0.005244948
Warm A,384098,2244,2243,473,316,0,0.010263022
Warm A,375568,2188,2187,473,316,0,-0.0011039285
Warm A,382477,2235,2234,473,316,0,0.0011341595
Warm A,359369,2102,2101,473,316,0,0.0064085443
Warm A,355955,2085,2084,473,316,0,-0.0018632481
Warm A,351167,2062,2061,473,316,0,0.0035217926
Warm A,362993,2116,2115,473,316,0,-0.0003254891
Warm A,436382,2665,2664,473,316,0,0.0034734802
Warm A,351771,2063,2062,473,316,0,-0.009984932
Warm A,340615,2010,2009,473,316,0,0.0059068454
Warm A,330283,1949,1948,473,316,0,0.0068109315
Warm A,330522,1951,1950,473,316,0,-0.004612356
Warm A,281247,1687,1686,473,316,1,0.0015373633
Warm A,282614,1694,1693,473,316,0,0.002369073
Warm A,265737,1613,1612,473,316,0,-0.0073854644
Warm A,261068,1596,1595,473,316,0,-0.0029365688
Warm A,309281,1841,1840,473,316,0,0.007918059
Warm A,315196,1880,1879,473,316,0,0.00087806326
Warm A,227114,1377,1376,473,316,0,-0.0069725057
Warm A,218807,1327,1326,473,316,0,-0.0051160306
Warm A,296441,1758,1757,473,316,0,-0.0081947185
Warm A,277651,1676,1675,473,316,0,0.0014798092
Warm A,272881,1647,1646,473,316,0,-0.0004884722
Warm A,213427,1298,1297,473,316,0,-0.0087480005
Warm A,279142,1680,1679,473,316,0,-0.0028459607
Warm A,193185,1193,1192,473,316,0,-0.0030926503
Warm A,219833,1333,1332,473,316,0,-0.0023438258
Warm A,198616,1220,1219,473,316,0,0.004361501
Warm A,308585,1837,1836,473,316,0,-0.006534154
Warm A,179570,1125,1124,473,316,0,-0.0008497203
Warm A,163808,1050,1049,473,316,0,0.0015355302
Warm A,164499,1051,1050,473,316,0,-0.00088378834
Warm A,249232,1502,1501,473,316,0,-0.007855057
Warm A,138213,889,888,473,316,0,0.0034505397
Warm A,136540,881,880,473,316,0,-0.009006752
Warm A,248800,1501,1500,473,316,0,0.0015244305
Warm A,263274,1605,1604,473,316,0,0.0022536227
Warm A,120390,777,776,473,316,0,0.0017079634
Warm A,160049,1019,1018,473,316,0,0.0014196418
Warm A,299606,1778,1777,473,316,0,-0.00047639606
Warm A,106035,699,698,473,316,0,-0.00699276
Warm A,100460,670,669,473,316,0,0.008286152
Warm A,91621,608,607,473,316,0,-0.00043065334
Warm A,360735,2106,2105,473,316,0,0.0051815305
Warm A,77474,524,523,473,316,0,-0.0049726292
Warm A,119212,770,769,473,316,0,0.007966119
Warm A,70758,476,475,473,316,0,0.0033152115
Warm A,87076,569,568,473,316,1,-0.009117475
Warm A,72002,482,481,473,316,0,0.006508255
Warm A,67423,453,452,473,316,0,-0.0047205705
Warm A,65329,438,437,473,316,1,-0.016986158
Warm A,251137,1516,1515,473,316,0,0.008840915
Warm A,78437,528,527,473,316,0,-0.0018447614
Warm A,58239,392,391,473,316,0,-0.007191593
Warm A,36766,245,244,473,316,0,0.0026354333
Warm A,30120,202,201,473,316,0,-0.003911161
Warm A,29359,199,198,473,316,1,-0.004356118
Warm A,291360,1737,1736,473,316,0,-0.008985929
Warm A,23277,166,165,473,316,0,0.0039041974
Warm A,3359,25,24,473,316,0,0.003992943
Warm A,2790,22,21,473,316,0,0.0059105936
Warm A,49709,329,328,473,316,0,0.00020139781
Warm A,255505,1556,1555,473,316,0,-0.005919429
Warm A,237866,1447,1446,473,316,0,0.005157358
Warm A,386053,2258,2257,473,316,0,-0.0029441193
Warm A,342432,2015,2014,473,316,1,0.0074456427
Warm A,171585,1088,1087,473,316,0,-0.001811781
Warm A,750643,4478,4477,473,316,0,0.0015098214
Warm A,331567,1958,1957,473,316,0,0.0053642206
Warm A,924126,5580,5579,473,316,0,0.00668629
Warm A,907808,5492,5491,473,316,0,0.008943748
Warm A,893308,5394,5393,473,316,0,-0.006780056
Warm A,473563,2909,2908,473,316,0,-0.0054085446
Warm A,328040,1941,1940,473,316,0,0.0022776762
Warm A,234940,1425,1424,473,316,0,-0.0013445399
Warm A,589081,3592,3591,477,319,1,0.016780829
Warm A,583401,3562,3561,477,319,1,-0.0072445422
Warm A,580886,3547,3546,477,319,0,0.0041070636
Warm A,579292,3539,3538,477,319,1,0.004243089
Warm A,558510,3430,3429,477,319,1,0.000426064
Warm A,577124,3526,3525,477,319,0,-0.0025624693
Warm A,547932,3380,3379,477,319,0,-0.006256333
Warm A,535971,3308,3307,477,319,0,0.008904563
Warm A,535532,3305,3304,477,319,1,-0.005752172
Warm A,525628,3246,3245,477,319,1,0.00018469419
Warm A,518461,3200,3199,477,319,0,-0.0020407499
Warm A,514890,3180,3179,477,319,0,0.010127063
Warm A,658362,3967,3966,477,319,0,-0.007722358
Warm A,508595,3129,3128,477,319,0,0.0052972184
Warm A,500241,3072,3071,477,319,0,0.00261408
Warm A,499385,3067,3066,477,319,1,2.3554545e-05
Warm A,498767,3065,3064,477,319,1,-0.002727832
Warm A,799440,4790,4789,477,319,1,0.009618584
Warm A,494089,3032,3031,477,319,1,0.004435704
Warm A,478047,2934,2933,477,319,0,0.0035689152
Warm A,477477,2931,2930,477,319,0,-0.0028348658
Warm A,457884,2820,2819,477,319,0,0.00126892
Warm A,492699,3029,3028,477,319,0,-0.0010493663
Warm A,446840,2753,2752,477,319,1,0.0036586178
Warm A,444082,2738,2737,477,319,1,-0.0020459476
Warm A,443803,2737,2736,477,319,0,0.00052477897
Warm A,446385,2752,2751,477,319,0,0.0017131618
Warm A,442216,2722,2721,477,319,0,0.0019640392
Warm A,697335,4169,4168,477,319,1,0.004222698
Warm A,429629,2617,2616,477,319,1,-0.008711079
Warm A,429127,2611,2610,477,319,1,-0.0005401401
Warm A,422613,2560,2559,477,319,1,-0.0069913324
Warm A,420222,2540,2539,477,319,1,0.009331999
Warm A,408191,2453,2452,477,319,1,-0.0001669908
Warm A,464136,2860,2859,477,319,1,-0.00023224996
Warm A,402285,2402,2401,477,319,0,0.0027998446
Warm A,398244,2368,2367,477,319,1,0.0069982186
Warm A,413191,2485,2484,477,319,1,0.0021962558
Warm A,388607,2276,2275,477,319,0,-0.005835104
Warm A,387704,2266,2265,477,319,1,0.011199029
Warm A,383663,2242,2241,477,319,1,-0.00080107054
Warm A,366152,2131,2130,477,319,0,-0.010123468
Warm A,362299,2112,2111,477,319,0,-0.00618411
Warm A,361605,2109,2108,477,319,0,0.007147255
Warm A,354075,2073,2072,477,319,1,-0.0017137588
Warm A,345698,2028,2027,477,319,1,0.00084404275
Warm A,346978,2035,2034,477,319,0,-0.0015060148
Warm A,398595,2372,2371,477,319,1,0.0014092061
Warm A,343103,2016,2015,477,319,1,-0.010747586
Warm A,333361,1968,1967,477,319,0,0.0021453192
Warm A,315198,1880,1879,477,319,1,-0.007874752
Warm A,310106,1845,1844,477,319,0,-0.001067346
Warm A,279144,1680,1679,477,319,1,0.0019937376
Warm A,268507,1631,1630,477,319,1,-0.0031637847
Warm A,264137,1607,1606,477,319,0,-0.0024221397
Warm A,260645,1593,1592,477,319,0,0.0052889297
Warm A,242780,1465,1464,477,319,1,-0.002416465
Warm A,332641,1962,1961,477,319,0,0.0026579876
Warm A,236919,1440,1439,477,319,0,0.008220091
Warm A,231959,1407,1406,477,319,0,-0.0024697902
Warm A,231292,1400,1399,477,319,1,-0.0064847167
Warm A,224150,1356,1355,477,319,0,0.005505897
Warm A,217999,1322,1321,477,319,0,-0.006352875
Warm A,214311,1301,1300,477,319,1,0.009292071
Warm A,212055,1291,1290,477,319,0,0.0020261845
Warm A,209754,1281,1280,477,319,1,-0.007796917
Warm A,272883,1647,1646,477,319,1,0.002189016
Warm A,204022,1255,1254,477,319,1,-0.003731592
Warm A,252834,1532,1531,477,319,0,-0.0027302783
Warm A,308020,1836,1835,477,319,1,-0.0023150975
Warm A,200989,1239,1238,477,319,0,0.0065159174
Warm A,196481,1207,1206,477,319,0,-0.0011856484
Warm A,213429,1298,1297,477,319,1,-0.0034294059
Warm A,342434,2015,2014,477,319,0,-0.0023000021
Warm A,188083,1167,1166,477,319,1,-0.004653151
Warm A,185228,1150,1149,477,319,0,0.0038062283
Warm A,331569,1958,1957,477,319,1,0.008767724
Warm A,263277,1605,1604,477,319,1,0.0024401066
Warm A,328042,1941,1940,477,319,1,0.0028994745
Warm A,330709,1952,1951,477,319,0,-0.00010575424
Warm A,163811,1050,1049,477,319,0,-0.0053406246
Warm A,160866,1022,1021,477,319,1,0.0075265896
Warm A,162263,1034,1033,477,319,0,0.0076397317
Warm A,320053,1899,1898,477,319,1,-0.0035483353
Warm A,338106,1988,1987,477,319,0,0.006689531
Warm A,148732,957,956,477,319,1,-0.00571996
Warm A,324402,1922,1921,477,319,1,0.002815211
Warm A,199416,1224,1223,477,319,1,-0.0031002355
Warm A,138216,889,888,477,319,0,-0.0014763786
Warm A,131891,854,853,477,319,0,-0.0028092808
Warm A,124487,801,800,477,319,1,-0.0068825223
Warm A,123876,798,797,477,319,1,-0.002321844
Warm A,114830,746,745,477,319,1,-0.0005704218
Warm A,107320,706,705,477,319,0,-0.00024612225
Warm A,101672,677,676,477,319,0,-0.0051249666
Warm A,452085,2784,2783,477,319,0,-0.00803483
Warm A,90634,601,600,477,319,1,0.0071629183
Warm A,80539,534,533,477,319,0,-0.003904829
Warm A,238883,1448,1447,477,319,1,-0.0006266885
Warm A,77477,524,523,477,319,1,0.0020206515
Warm A,52654,346,345,477,319,1,0.0033823885
Warm A,47753,319,318,477,319,0,-0.0032517975
Warm A,39411,267,266,477,319,0,-0.0033852726
Warm A,35991,243,242,477,319,0,-0.013019799
Warm A,33695,225,224,477,319,1,0.0052504353
Warm A,30288,203,202,477,319,0,0.0041446555
Warm A,26587,187,186,477,319,0,-0.00373422
Warm A,91956,611,610,477,319,1,-0.0090480745
Warm A,13888,111,110,477,319,1,-0.0049272855
Warm A,223510,1354,1353,477,319,1,-0.004852539
Warm A,104288,692,691,477,319,1,-0.0024837523
Warm A,206834,1266,1265,477,319,1,-0.0085347025
Warm A,102202,678,677,477,319,1,-0.007552731
Warm A,79368,531,530,477,319,0,0.005318466
Warm A,348002,2041,2040,477,319,1,0.00818003
Warm A,158133,1015,1014,477,319,1,0.00045638543
Warm A,354882,2077,2076,477,319,1,0.0017091443
Warm A,257627,1579,1578,477,319,1,0.0038501085
Warm A,164501,1051,1050,477,319,1,5.4006523e-05
Warm A,553904,3410,3409,477,319,0,0.0043173768
Warm A,558200,3428,3427,477,319,1,0.0035077515
Warm A,11711,90,89,477,319,0,0.0023644606
Warm A,860308,5172,5171,477,319,1,-0.0014249552
Warm A,582763,3560,3559,477,319,1,0.0015193396
Warm A,335846,1980,1979,477,319,1,-0.0011233934
Warm A,992959,5998,5997,477,319,0,0.004706606
Warm A,537891,3312,3311,477,319,0,-0.011730054
Warm A,285288,1701,1700,477,319,1,0.0015021926
Warm A,847216,5090,5089,477,319,0,-0.0035191993
Warm A,217009,1317,1316,477,319,1,0.0070146373
Warm A,739548,4418,4417,477,319,0,0.00046472938
Warm A,807269,4831,4830,477,319,0,0.009104653
Warm A,796300,4771,4770,477,319,1,0.0012414481
Warm A,193612,1194,1193,477,319,0,0.003222351
Warm A,974607,5878,5877,477,319,0,-0.00022949069
Warm A,579293,3539,3538,479,320,1,-0.0011366383
Warm A,570281,3499,3498,479,320,0,-0.0012426609
Warm A,584055,3564,3563,479,320,0,-0.0052693533
Warm A,768344,4578,4577,479,320,1,-0.0040759807
Warm A,569184,3491,3490,479,320,0,-0.008042798
Warm A,581315,3550,3549,479,320,0,0.0037960284
Warm A,559082,3434,3433,479,320,0,0.003871807
Warm A,556874,3422,3421,479,320,0,-0.0019256208
Warm A,549016,3389,3388,479,320,0,-0.007887691
Warm A,550081,3391,3390,479,320,0,-0.0027678697
Warm A,537100,3311,3310,479,320,0,-0.012130278
Warm A,532115,3285,3284,479,320,1,0.005097218
Warm A,528154,3265,3264,479,320,0,-0.0026755133
Warm A,589873,3599,3598,479,320,0,0.0033013234
Warm A,520329,3209,3208,479,320,0,-0.0035178545
Warm A,486258,2994,2993,479,320,0,0.0028466284
Warm A,468400,2887,2886,479,320,1,-0.0047681574
Warm A,487023,2996,2995,479,320,1,-0.005859982
Warm A,463262,2857,2856,479,320,0,0.0011715363
Warm A,477478,2931,2930,479,320,0,-0.003926736
Warm A,594806,3620,3619,479,320,0,-0.0044811764
Warm A,444642,2743,2742,479,320,1,0.0073896344
Warm A,375089,2186,2185,479,320,1,-0.00022050529
Warm A,369897,2164,2163,479,320,1,0.007534701
Warm A,349859,2054,2053,479,320,0,0.0050766054
Warm A,351775,2063,2062,479,320,0,-0.0012812825
Warm A,340617,2010,2009,479,320,0,-0.005370714
Warm A,315199,1880,1879,479,320,0,0.0052134376
Warm A,297468,1764,1763,479,320,1,-0.0047134208
Warm A,303520,1803,1802,479,320,1,-0.0040531033
Warm A,292294,1741,1740,479,320,0,0.0037673274
Warm A,288872,1726,1725,479,320,0,-0.0015361966
Warm A,267946,1628,1627,479,320,0,-0.0004889332
Warm A,360737,2106,2105,479,320,0,-0.004907928
Warm A,247649,1496,1495,479,320,0,-0.0022044869
Warm A,243226,1466,1465,479,320,0,-0.0043209614
Warm A,321273,1904,1903,479,320,0,0.0035454903
Warm A,356822,2090,2089,479,320,0,0.00034997286
Warm A,233053,1418,1417,479,320,1,-0.0048434203
Warm A,320771,1902,1901,479,320,1,0.004834311
Warm A,154848,999,998,479,320,0,0.0049560023
Warm A,140680,904,903,479,320,0,-0.002614369
Warm A,156816,1010,1009,479,320,0,0.0075434884
Warm A,276925,1675,1674,479,320,0,0.002302391
Warm A,136543,881,880,479,320,1,-0.0020064
Warm A,202469,1244,1243,479,320,0,0.0024257805
Warm A,121511,781,780,479,320,0,-0.0003334377
Warm A,120747,778,777,479,320,0,-0.003201033
Warm A,107909,710,709,479,320,0,-0.006124912
Warm A,90928,602,601,479,320,0,-0.0036598602
Warm A,270877,1639,1638,479,320,1,-0.0026614123
Warm A,81638,543,542,479,320,0,0.0024843856
Warm A,77478,524,523,479,320,0,0.0010703551
Warm A,86612,566,565,479,320,0,-0.008436304
Warm A,240016,1449,1448,479,320,0,-0.0073988056
Warm A,132435,855,854,479,320,0,0.01191574
Warm A,37602,256,255,479,320,0,-0.0037678692
Warm A,26024,184,183,479,320,0,-0.00312985
Warm A,234941,1425,1424,479,320,1,-0.0073312866
Warm A,25726,181,180,479,320,1,0.0006445027
Warm A,22730,163,162,479,320,0,0.0022742725
Warm A,697337,4169,4168,479,320,0,-0.0036133109
Warm A,198401,1219,1218,479,320,0,-0.0013309037
Warm A,354883,2077,2076,479,320,0,-0.0029091937
Warm A,237869,1447,1446,479,320,1,-0.008300378
Warm A,572096,3507,3506,479,320,0,0.0011227485
Warm A,328043,1941,1940,479,320,1,-0.00652562
Warm A,266394,1616,1615,479,320,0,0.0052841282
Warm A,145787,937,936,479,320,1,-0.0031074297
Warm A,599224,3648,3647,479,320,0,0.00010919059
Warm A,460281,2840,2839,479,320,0,-0.009294173
Warm A,933864,5636,5635,479,320,0,0.005209809
Warm A,62882,424,423,479,320,0,-0.0034174412
Warm A,593794,3618,3617,482,323,0,-0.0019501394
Warm A,592591,3612,3611,482,323,0,-0.006194855
Warm A,589766,3598,3597,482,323,0,-0.003977245
Warm A,598596,3643,3642,482,323,1,-0.003052638
Warm A,588811,3591,3590,482,323,1,0.0058551505
Warm A,585278,3574,3573,482,323,1,0.0098392805
Warm A,584684,3569,3568,482,323,1,0.0025702426
Warm A,576535,3524,3523,482,323,1,-0.0059741037
Warm A,872660,5269,5268,482,323,0,0.0030674704
Warm A,588447,3590,3589,482,323,1,-0.012017207
Warm A,579301,3539,3538,482,323,1,-0.009077749
Warm A,607116,3685,3684,482,323,1,-0.0065276986
Warm A,574097,3514,3513,482,323,1,-0.005740209
Warm A,572105,3507,3506,482,323,1,-0.0038333095
Warm A,568315,3487,3486,482,323,1,-0.0043855608
Warm A,553585,3409,3408,482,323,1,-0.0051203915
Warm A,547374,3377,3376,482,323,0,0.0011527087
Warm A,645255,3885,3884,482,323,1,-0.0015198942
Warm A,552939,3402,3401,482,323,0,0.0012179764
Warm A,530482,3277,3276,482,323,1,-0.0007803411
Warm A,525895,3249,3248,482,323,1,-0.002795016
Warm A,528163,3265,3264,482,323,0,-0.005963988
Warm A,514897,3180,3179,482,323,0,-0.0046364227
Warm A,515456,3182,3181,482,323,1,-0.005230543
Warm A,514034,3172,3171,482,323,0,-0.00820224
Warm A,513495,3167,3166,482,323,1,-0.000109824876
Warm A,805925,4823,4822,482,323,0,-0.0017569581
Warm A,507982,3126,3125,482,323,1,0.0021223482
Warm A,507222,3121,3120,482,323,1,0.005637205
Warm A,501755,3081,3080,482,323,1,-0.005567006
Warm A,575801,3520,3519,482,323,0,-3.383076e-05
Warm A,482697,2967,2966,482,323,0,0.0020501507
Warm A,480115,2946,2945,482,323,1,-0.0062709106
Warm A,471628,2901,2900,482,323,1,-0.00028547784
Warm A,478443,2935,2934,482,323,0,0.0029025574
Warm A,467527,2881,2880,482,323,1,0.0043237126
Warm A,463276,2857,2856,482,323,0,-0.008968826
Warm A,457336,2818,2817,482,323,1,-0.010874633
Warm A,443809,2737,2736,482,323,1,-0.0013003608
Warm A,446389,2752,2751,482,323,1,0.0029449328
Warm A,438597,2680,2679,482,323,0,0.0019438298
Warm A,434769,2653,2652,482,323,0,-0.009658754
Warm A,431026,2627,2626,482,323,0,-0.0071994094
Warm A,428262,2605,2604,482,323,1,-0.006203139
Warm A,426462,2590,2589,482,323,0,-0.00068807416
Warm A,423731,2567,2566,482,323,0,0.005408952
Warm A,420974,2544,2543,482,323,0,-0.004324786
Warm A,417809,2523,2522,482,323,1,-0.0018988769
Warm A,413974,2490,2489,482,323,1,0.0014904882
Warm A,413724,2489,2488,482,323,0,-0.0072451923
Warm A,411741,2473,2472,482,323,0,0.0007924335
Warm A,411047,2466,2465,482,323,1,-0.005105562
Warm A,409602,2457,2456,482,323,0,-0.0032465924
Warm A,407256,2446,2445,482,323,1,-0.008237603
Warm A,388949,2279,2278,482,323,1,0.0058410396
Warm A,392872,2307,2306,482,323,1,-0.00096721423
Warm A,379190,2215,2214,482,323,1,-0.0004781424
Warm A,378365,2208,2207,482,323,0,0.0014778883
Warm A,358488,2098,2097,482,323,0,0.004858938
Warm A,351792,2063,2062,482,323,0,-0.001452178
Warm A,298082,1767,1766,482,323,0,0.003054921
Warm A,296041,1757,1756,482,323,1,-0.0025403122
Warm A,282620,1694,1693,482,323,0,-0.0043911766
Warm A,274376,1658,1657,482,323,0,-0.007652929
Warm A,265745,1613,1612,482,323,0,0.0008290496
Warm A,264138,1607,1606,482,323,0,0.0018442883
Warm A,333366,1968,1967,482,323,0,-0.0032671588
Warm A,251333,1517,1516,482,323,0,-0.003816023
Warm A,231097,1399,1398,482,323,1,0.0016723116
Warm A,296447,1758,1757,482,323,1,-0.004539285
Warm A,210905,1285,1284,482,323,0,-1.1913013e-05
Warm A,205780,1264,1263,482,323,0,-0.003074649
Warm A,210131,1284,1283,482,323,0,-0.0029401581
Warm A,185238,1150,1149,482,323,1,-0.010119384
Warm A,307407,1835,1834,482,323,1,-0.006029698
Warm A,204554,1260,1259,482,323,0,-0.0012945161
Warm A,411776,2474,2473,482,323,0,-0.0023686788
Warm A,183984,1146,1145,482,323,0,-0.0027206973
Warm A,160057,1019,1018,482,323,0,-0.009108227
Warm A,159239,1017,1016,482,323,1,-0.0008449416
Warm A,156830,1010,1009,482,323,0,-0.0028358914
Warm A,233394,1420,1419,482,323,1,-0.0040472774
Warm A,116167,752,751,482,323,1,-0.004332671
Warm A,100152,669,668,482,323,0,-0.0015123999
Warm A,240029,1449,1448,482,323,0,-0.006398232
Warm A,107920,710,709,482,323,1,0.00078156905
Warm A,110795,721,720,482,323,0,-0.00027323235
Warm A,91625,608,607,482,323,0,-0.0048200004
Warm A,77486,524,523,482,323,0,-0.0033008386
Warm A,70155,474,473,482,323,1,-0.010962876
Warm A,72010,482,481,482,323,0,-0.003882228
Warm A,74808,509,508,482,323,0,-0.0022602319
Warm A,501272,3080,3079,482,323,0,-0.0053523453
Warm A,55742,368,367,482,323,1,-0.0045005847
Warm A,32389,216,215,482,323,0,0.0047796676
Warm A,20260,149,148,482,323,1,0.00057998346
Warm A,290178,1733,1732,482,323,0,-0.010711199
Warm A,11007,81,80,482,323,0,-0.0040218476
Warm A,8018,53,52,482,323,1,-0.0017754883
Warm A,104296,692,691,482,323,1,-0.0072326185
Warm A,109790,716,715,482,323,1,0.0017574957
Warm A,267949,1628,1627,482,323,0,-0.0030684015
Warm A,481799,2962,2961,482,323,0,-0.0013487625
Warm A,158144,1015,1014,482,323,0,-0.0034083775
Warm A,154340,996,995,482,323,0,-0.0039599384
Warm A,140685,904,903,482,323,1,-0.0006504194
Warm A,129383,839,838,482,323,1,-0.0044201636
Warm A,265067,1611,1610,482,323,1,0.0011817226
Warm A,317686,1889,1888,482,323,1,4.5329798e-05
Warm A,195416,1203,1202,482,323,0,-0.0016417815
Warm A,470731,2898,2897,482,323,1,-0.0075350874
Warm A,983123,5938,5937,482,323,1,-0.013649385
Warm A,893313,5394,5393,482,323,1,-0.006362208
Warm A,718907,4305,4304,482,323,1,0.005105028
Warm A,62896,424,423,482,323,0,-0.00037204882
Warm A,550092,3391,3390,482,323,0,-0.0037520328
Warm A,211668,1287,1286,483,324,1,-0.007393565
Warm A,223517,1354,1353,483,324,1,0.0079076905
Warm A,158146,1015,1014,483,324,1,-0.00470741
Warm A,241860,1457,1456,483,324,1,-0.00074595655
Warm A,160059,1019,1018,483,324,0,0.0083120065
Warm A,42916,293,292,483,324,1,-0.0017753143
Warm A,360746,2106,2105,483,324,1,0.0014029287
Warm A,50406,331,330,483,324,1,-0.0036004456
Warm A,319322,1897,1896,483,324,0,-0.0040279245
Warm A,476346,2926,2925,483,324,0,-0.0068965154
Warm A,322334,1912,1911,483,324,0,-0.00079596613
Warm A,194828,1202,1201,483,324,1,-0.0014701139
Warm A,59994,408,407,483,324,1,-0.0127517
Warm A,550094,3391,3390,483,324,1,-0.0022522772
Warm A,699961,4186,4185,486,326,0,0.004309289
Warm A,52265,343,342,486,326,1,0.009941275
Warm A,171595,1088,1087,486,326,0,0.010228154
Warm A,877517,5302,5301,486,326,0,9.5891766e-05
Warm A,473582,2909,2908,487,327,0,0.0061467728
Warm A,136556,881,880,487,327,0,-0.0014210227
Warm A,189358,1173,1172,489,328,0,0.016980544
Warm A,156833,1010,1009,489,328,0,0.009216953
Warm A,125415,807,806,489,328,0,0.0025941634
Warm A,121516,781,780,489,328,0,0.0067072045
Warm A,111180,722,721,489,328,0,0.012922032
Warm A,441947,2718,2717,489,328,0,-0.0016270754
Warm A,697346,4169,4168,489,328,0,0.012044821
Warm A,360749,2106,2105,489,328,0,0.0075134374
Warm A,291377,1737,1736,489,328,0,0.007809818
Warm A,190872,1181,1180,489,328,0,0.018945867
Warm A,84133,550,549,489,328,0,0.0065785344
Warm A,238895,1448,1447,489,328,1,0.011495029
Warm A,67431,453,452,489,328,0,-0.002365347
Warm A,132444,855,854,489,328,0,0.012160752
Warm A,784449,4682,4681,489,328,1,0.00816394
Warm A,32392,216,215,489,328,0,-0.0026253955
Warm A,31597,214,213,489,328,0,0.006438946
Warm A,240033,1449,1448,489,328,0,0.01456364
Warm A,368353,2153,2152,489,328,0,0.0011279597
Warm A,6421,45,44,489,328,0,0.001783777
Warm A,78443,528,527,489,328,0,0.0046779504
Warm A,354892,2077,2076,489,328,1,0.011127092
Warm A,333821,1969,1968,489,328,0,0.001852578
Warm A,272172,1645,1644,489,328,1,0.0059503587
Warm A,102215,678,677,489,328,0,0.009247214
Warm A,964463,5812,5811,489,328,0,0.008499227
Warm A,331577,1958,1957,489,328,0,-5.2287243e-05
Warm A,689840,4126,4125,489,328,0,0.010456588
Warm A,889251,5367,5366,489,328,0,0.013767838
Warm A,562558,3462,3461,489,328,0,0.0057349196
Warm A,335859,1980,1979,489,328,0,0.011149705
Warm A,328066,1941,1940,489,328,0,0.014048606
Warm A,272898,1647,1646,489,328,0,0.008737672
Warm A,178096,1120,1119,489,328,0,0.0052944254
Warm A,771869,4600,4599,489,328,0,-0.00027211988
Warm A,550097,3391,3390,489,328,0,0.0078051807
Warm A,62172,419,418,489,328,0,0.0015975083
Warm A,550110,3391,3390,490,329,1,0.0006801218
Warm A,539187,3315,3314,490,329,1,0.0039890204
Warm A,535988,3308,3307,490,329,0,0.0062183235
Warm A,542203,3336,3335,490,329,0,0.0030005665
Warm A,532129,3285,3284,490,329,1,-0.00094034337
Warm A,526749,3259,3258,490,329,0,-0.00022573909
Warm A,883380,5333,5332,490,329,1,-0.0005516787
Warm A,688055,4116,4115,490,329,1,-0.00083850976
Warm A,521434,3217,3216,490,329,0,0.0064806603
Warm A,522532,3224,3223,490,329,0,0.006286827
Warm A,507752,3125,3124,490,329,1,0.00030355027
Warm A,503251,3091,3090,490,329,1,0.0080763325
Warm A,499404,3067,3066,490,329,1,0.001186957
Warm A,494116,3032,3031,490,329,1,0.0011315614
Warm A,718910,4305,4304,490,329,1,-0.00057139224
Warm A,487892,3001,3000,490,329,0,0.0035475933
Warm A,485032,2986,2985,490,329,0,0.006963971
Warm A,880126,5317,5316,490,329,1,0.0014074598
Warm A,457908,2820,2819,490,329,0,0.0011707405
Warm A,453044,2790,2789,490,329,1,0.0059944065
Warm A,450846,2777,2776,490,329,1,0.0022121896
Warm A,431635,2629,2628,490,329,1,0.0049118428
Warm A,420225,2540,2539,490,329,1,-0.0068527726
Warm A,402990,2406,2405,490,329,1,7.486623e-05
Warm A,400760,2387,2386,490,329,0,-0.009516876
Warm A,382858,2237,2236,490,329,1,-0.0030715035
Warm A,379191,2215,2214,490,329,0,-0.00080825214
Warm A,377804,2205,2204,490,329,0,0.0077416417
Warm A,373181,2179,2178,490,329,0,-0.0005395841
Warm A,363013,2116,2115,490,329,0,0.0049166605
Warm A,358493,2098,2097,490,329,0,0.0012756034
Warm A,351808,2063,2062,490,329,0,0.0011119279
Warm A,343633,2018,2017,490,329,1,-0.0003517483
Warm A,344603,2022,2021,490,329,1,-0.0015142425
Warm A,360057,2105,2104,490,329,0,0.008811566
Warm A,565566,3475,3474,490,329,1,0.0030458807
Warm A,210921,1285,1284,490,329,0,0.003819223
Warm A,279194,1680,1679,490,329,0,0.0026446374
Warm A,185257,1150,1149,490,329,0,-0.0033833901
Warm A,183989,1146,1145,490,329,0,-0.0033489703
Warm A,163821,1050,1049,490,329,0,-0.00017346186
Warm A,320072,1899,1898,490,329,1,0.0042056944
Warm A,221321,1340,1339,490,329,0,0.00091349776
Warm A,267956,1628,1627,490,329,1,-0.003217044
Warm A,348012,2041,2040,490,329,0,0.012657652
Warm A,146097,939,938,490,329,0,-0.0024209837
Warm A,145340,935,934,490,329,1,0.0038827814
Warm A,225238,1362,1361,490,329,1,0.006011118
Warm A,138257,889,888,490,329,0,0.0025240146
Warm A,266634,1617,1616,490,329,1,0.0004278738
Warm A,202482,1244,1243,490,329,0,-0.0036805933
Warm A,132825,856,855,490,329,0,-0.0035159974
Warm A,233400,1420,1419,490,329,0,0.0014084489
Warm A,131901,854,853,490,329,1,0.003494661
Warm A,374817,2185,2184,490,329,0,0.004319247
Warm A,332645,1962,1961,490,329,0,-0.0042405725
Warm A,128167,829,828,490,329,1,0.0020536114
Warm A,349281,2050,2049,490,329,1,-0.0017500898
Warm A,153030,984,983,490,329,0,-0.0012826703
Warm A,109283,714,713,490,329,1,0.0015394095
Warm A,379005,2213,2212,490,329,1,0.0039860336
Warm A,117489,757,756,490,329,1,0.000708553
Warm A,107932,710,709,490,329,0,0.00440316
Warm A,100159,669,668,490,329,0,0.0017104144
Warm A,99725,666,665,490,329,0,0.005854954
Warm A,98806,660,659,490,329,0,-0.0010831344
Warm A,97533,654,653,490,329,0,0.0013992025
Warm A,110803,721,720,490,329,1,0.011640643
Warm A,92421,618,617,490,329,0,-0.0042650746
Warm A,697355,4169,4168,490,329,1,0.0033059213
Warm A,480122,2946,2945,490,329,0,-0.011097879
Warm A,92052,612,611,490,329,0,-0.004213165
Warm A,320779,1902,1901,490,329,0,0.0017178757
Warm A,83099,549,548,490,329,1,-0.007440892
Warm A,190888,1181,1180,490,329,0,-0.0052833497
Warm A,77498,524,523,490,329,1,0.0022962084
Warm A,238907,1448,1447,490,329,1,-0.0071394565
Warm A,68712,461,460,490,329,1,0.009773105
Warm A,74815,509,508,490,329,1,-0.004309574
Warm A,404150,2415,2414,490,329,0,-0.0014294481
Warm A,47799,319,318,490,329,0,0.004478199
Warm A,582968,3561,3560,490,329,1,0.0009828941
Warm A,338120,1988,1987,490,329,1,-0.00083119783
Warm A,254364,1546,1545,490,329,1,-0.0019300132
Warm A,55757,368,367,490,329,1,-0.00236545
Warm A,36822,245,244,490,329,1,-0.0015838661
Warm A,181988,1137,1136,490,329,1,0.0046505346
Warm A,31303,211,210,490,329,1,0.003948071
Warm A,23367,167,166,490,329,0,-0.003911508
Warm A,947732,5722,5721,490,329,0,0.009797037
Warm A,21339,156,155,490,329,1,0.0041095484
Warm A,18284,141,140,490,329,1,-0.00012846
Warm A,15969,125,124,490,329,1,0.0053851027
Warm A,290185,1733,1732,490,329,0,-0.0010751588
Warm A,5516,38,37,490,329,0,0.008462716
Warm A,382002,2232,2231,490,329,0,0.0005404118
Warm A,206844,1266,1265,490,329,1,0.00091760186
Warm A,481808,2962,2961,490,329,0,-0.0045224875
Warm A,158162,1015,1014,490,329,0,0.0066967485
Warm A,250392,1509,1508,490,329,0,0.002141702
Warm A,50427,331,330,490,329,0,0.002276656
Warm A,743167,4445,4444,490,329,0,0.0077926693
Warm A,354899,2077,2076,490,329,0,-0.008999303
Warm A,453718,2793,2792,490,329,1,-0.0015239976
Warm A,575803,3520,3519,490,329,0,0.01043564
Warm A,150578,970,969,490,329,0,-0.00437034
Warm A,76358,518,517,490,329,1,0.0064692767
Warm A,844317,5074,5073,490,329,0,-0.0017750415
Warm A,310666,1851,1850,490,329,0,0.0014617713
Warm A,293744,1748,1747,490,329,1,0.00692326
Warm A,365746,2129,2128,490,329,0,0.0009218609
Warm A,460668,2841,2840,490,329,1,0.004879292
Warm A,169917,1079,1078,490,329,0,0.0010767762
Warm A,164526,1051,1050,490,329,0,0.008670257
Warm A,265074,1611,1610,490,329,0,0.006439823
Warm A,51599,338,337,490,329,1,-0.0015152632
Warm A,317695,1889,1888,490,329,0,-0.005794964
Warm A,79379,531,530,490,329,0,0.0065403283
Warm A,328082,1941,1940,490,329,0,0.004985907
Warm A,609643,3695,3694,490,329,0,-0.0004151357
Warm A,331585,1958,1957,490,329,0,0.0030674655
Warm A,473594,2909,2908,490,329,1,0.008247694
Warm A,322340,1912,1911,490,329,0,0.005295601
Warm A,116177,752,751,490,329,0,-0.0005705238
Warm A,790743,4728,4727,490,329,0,0.0018595385
Warm A,206069,1264,1263,501,336,1,0.0018457535
Warm A,308197,1836,1835,501,336,1,0.0074316356
Warm A,185773,1150,1149,501,336,1,0.0038177632
Warm A,307705,1835,1834,501,336,1,-0.0032561496
Warm A,201793,1242,1241,501,336,1,-0.006500695
Warm A,169665,1077,1076,501,336,0,-0.0097734
Warm A,168682,1069,1068,501,336,1,0.00066584675
Warm A,330821,1952,1951,501,336,1,0.0059014945
Warm A,138807,889,888,501,336,0,0.0022280426
Warm A,133484,862,861,501,336,0,-0.005815645
Warm A,200155,1228,1227,501,336,0,0.0002800126
Warm A,111929,728,727,501,336,0,-0.004594224
Warm A,107385,706,705,501,336,0,-0.0035702868
Warm A,101003,673,672,501,336,1,-0.0030312124
Warm A,528579,3266,3265,501,336,1,4.3437292e-05
Warm A,89653,590,589,501,336,1,0.0018118173
Warm A,33609,225,224,501,336,0,0.00083579076
Warm A,199903,1227,1226,501,336,1,0.0011372056
Warm A,431209,2627,2626,501,336,0,0.005101174
Warm A,152539,981,980,501,336,0,0.0006556546
Warm A,274728,1660,1659,501,336,1,0.0006952882
Warm A,7882,53,52,501,336,1,-0.008120516
Warm A,272,5,4,501,336,0,-0.006055439
Warm A,421232,2544,2543,501,336,0,-0.0048462786
Warm A,158655,1015,1014,501,336,0,-0.007107254
Warm A,129691,839,838,501,336,0,-0.00045553874
Warm A,23814,169,168,501,336,0,0.0057775183
Warm A,322694,1912,1911,501,336,0,0.006474005
Warm A,561964,3457,3456,501,336,0,-0.0019083889
Warm A,497411,3054,3053,501,336,1,-0.0028135031
Warm A,290532,1733,1732,501,336,1,-0.000259751
Warm A,187815,1164,1163,501,336,0,-0.0043458138
Warm A,821759,4940,4939,501,336,0,0.001546862
Warm A,790875,4728,4727,501,336,1,-0.0069717225
Warm A,536276,3308,3307,502,337,0,0.013992353
Warm A,544164,3353,3352,502,337,0,0.013289031
Warm A,531278,3280,3279,502,337,0,0.008427221
Warm A,520430,3209,3208,502,337,0,0.011782236
Warm A,517123,3191,3190,502,337,0,0.0085124895
Warm A,502283,3082,3081,502,337,0,0.012419306
Warm A,575581,3519,3518,502,337,0,0.024099633
Warm A,494506,3032,3031,502,337,0,0.008462862
Warm A,486416,2994,2993,502,337,0,0.0050420635
Warm A,478290,2934,2933,502,337,0,0.009028438
Warm A,472880,2907,2906,502,337,0,0.019995492
Warm A,474093,2909,2908,502,337,0,0.0024058968
Warm A,487214,2996,2995,502,337,0,0.004056445
Warm A,456610,2810,2809,502,337,0,0.010392639
Warm A,560042,3441,3440,502,337,0,0.014035685
Warm A,430202,2621,2620,502,337,0,0.015704578
Warm A,373595,2180,2179,502,337,0,0.0053725615
Warm A,370089,2164,2163,502,337,0,0.014858823
Warm A,367356,2144,2143,502,337,1,0.006414292
Warm A,366283,2131,2130,502,337,0,0.012175202
Warm A,361917,2109,2108,502,337,0,0.021124527
Warm A,340934,2010,2009,502,337,0,0.015081297
Warm A,341819,2012,2011,502,337,0,0.012244548
Warm A,337229,1983,1982,502,337,0,0.014359407
Warm A,297728,1764,1763,502,337,1,0.012503279
Warm A,303637,1803,1802,502,337,0,0.015020755
Warm A,289035,1726,1725,502,337,0,0.013926825
Warm A,274538,1658,1657,502,337,1,0.023155712
Warm A,262371,1600,1599,502,337,0,0.009562305
Warm A,309379,1841,1840,502,337,0,0.0059850086
Warm A,361116,2106,2105,502,337,0,0.006783447
Warm A,236252,1433,1432,502,337,0,-0.0009207367
Warm A,301876,1793,1792,502,337,0,0.008591326
Warm A,356923,2090,2089,502,337,1,0.011361667
Warm A,376476,2195,2194,502,337,1,0.009535293
Warm A,233198,1418,1417,502,337,0,0.002202151
Warm A,224343,1356,1355,502,337,0,0.0072413743
Warm A,278000,1676,1675,502,337,0,0.013551751
Warm A,279922,1680,1679,502,337,0,0.014132712
Warm A,213688,1298,1297,502,337,0,0.010564299
Warm A,328707,1941,1940,502,337,0,0.017217927
Warm A,191442,1181,1180,502,337,0,0.016163655
Warm A,235704,1426,1425,502,337,0,0.006906434
Warm A,173382,1099,1098,502,337,0,0.009047158
Warm A,170159,1083,1082,502,337,1,0.0017527309
Warm A,172982,1096,1095,502,337,0,0.010750279
Warm A,227718,1380,1379,502,337,0,0.006818399
Warm A,342806,2015,2014,502,337,0,0.01078784
Warm A,156056,1004,1003,502,337,0,0.0072433148
Warm A,164855,1051,1050,502,337,0,0.014095493
Warm A,157241,1010,1009,502,337,0,0.010052004
Warm A,277168,1675,1674,502,337,0,0.012185934
Warm A,145634,936,935,502,337,0,0.012891396
Warm A,263690,1605,1604,502,337,0,0.009239697
Warm A,126740,817,816,502,337,0,0.0063038687
Warm A,121609,781,780,502,337,0,0.0052125305
Warm A,115004,746,745,502,337,0,0.009553838
Warm A,114570,744,743,502,337,0,0.0113338595
Warm A,104766,694,693,502,337,0,0.0032796522
Warm A,480301,2946,2945,502,337,0,0.019706808
Warm A,299815,1778,1777,502,337,0,0.01783888
Warm A,239325,1448,1447,502,337,0,0.006479877
Warm A,119530,770,769,502,337,0,0.007294872
Warm A,68884,461,460,502,337,0,0.0171256
Warm A,75092,509,508,502,337,0,0.00415993
Warm A,408792,2454,2453,502,337,0,0.009628403
Warm A,53957,352,351,502,337,0,0.010011268
Warm A,334057,1969,1968,502,337,0,0.011997905
Warm A,46303,309,308,502,337,0,0.012104278
Warm A,46511,310,309,502,337,0,0.0030443869
Warm A,38068,260,259,502,337,0,-0.007168171
Warm A,538188,3312,3311,502,337,0,0.009263633
Warm A,627088,3792,3791,502,337,0,0.014970528
Warm A,29292,199,198,502,337,0,0.01612872
Warm A,291696,1737,1736,502,337,0,0.014361087
Warm A,31247,210,209,502,337,1,0.0036972058
Warm A,22657,163,162,502,337,0,0.011531945
Warm A,19553,148,147,502,337,0,0.0055145975
Warm A,12362,93,92,502,337,0,0.011801438
Warm A,27299,192,191,502,337,0,0.007899417
Warm A,10552,75,74,502,337,0,0.007803172
Warm A,389508,2282,2281,502,337,0,0.00802783
Warm A,198497,1219,1218,502,337,0,0.010879986
Warm A,40075,271,270,502,337,0,0.0102342535
Warm A,78685,528,527,502,337,0,0.017498642
Warm A,829263,4979,4978,502,337,0,0.023322063
Warm A,682764,4085,4084,502,337,0,0.0113671785
Warm A,102637,678,677,502,337,0,0.0034912215
Warm A,331931,1958,1957,502,337,0,0.0135779865
Warm A,599476,3648,3647,502,337,0,0.009276233
Warm A,581441,3550,3549,502,337,0,0.012988964
Warm A,700069,4186,4185,502,337,0,0.01991795
Warm A,877563,5302,5301,502,337,0,0.0076873307
Warm A,193903,1194,1193,502,337,0,0.02215882
Warm A,273270,1647,1646,502,337,0,0.017230228
Warm A,669213,4022,4021,504,338,0,0.008716285
Warm A,667704,4016,4015,504,338,1,0.004033654
Warm A,714175,4277,4276,504,338,1,0.0027302331
Warm A,651641,3929,3928,504,338,0,0.0055627
Warm A,666042,4007,4006,504,338,0,0.010187592
Warm A,702672,4213,4212,504,338,1,0.0074574095
Warm A,641155,3853,3852,504,338,1,-0.0017912285
Warm A,641927,3859,3858,504,338,1,0.009330569
Warm A,664266,3999,3998,504,338,0,-0.0005250131
Warm A,638580,3841,3840,504,338,1,-0.0070984936
Warm A,618415,3746,3745,504,338,1,0.011328297
Warm A,623554,3771,3770,504,338,0,0.0061917054
Warm A,615390,3726,3725,504,338,0,0.01626303
Warm A,613037,3715,3714,504,338,1,0.0036061462
Warm A,654360,3942,3941,504,338,0,0.0059337183
Warm A,598694,3643,3642,504,338,1,0.017467074
Warm A,605035,3678,3677,504,338,0,0.007434014
Warm A,555965,3416,3415,504,338,0,0.0007697642
Warm A,549268,3389,3388,504,338,0,0.0022231177
Warm A,904457,5468,5467,504,338,0,-0.0035871868
Warm A,537488,3311,3310,504,338,0,0.0100238025
Warm A,531791,3283,3282,504,338,1,0.009002745
Warm A,517127,3191,3190,504,338,0,0.01032887
Warm A,589955,3599,3598,504,338,1,0.0078960415
Warm A,500909,3077,3076,504,338,1,0.008213228
Warm A,498020,3056,3055,504,338,0,0.006121967
Warm A,633624,3824,3823,504,338,0,0.013068907
Warm A,486419,2994,2993,504,338,0,0.0025082943
Warm A,484494,2983,2982,504,338,1,0.011630343
Warm A,472885,2907,2906,504,338,1,0.018872045
Warm A,591314,3607,3606,504,338,0,0.009670701
Warm A,487217,2996,2995,504,338,0,0.00733975
Warm A,451191,2777,2776,504,338,0,-0.009629857
Warm A,445016,2744,2743,504,338,1,-0.0026002112
Warm A,564737,3471,3470,504,338,0,0.00879035
Warm A,424830,2576,2575,504,338,0,-0.0001022378
Warm A,426620,2590,2589,504,338,0,0.0017286001
Warm A,422855,2562,2561,504,338,1,0.010118188
Warm A,408428,2453,2452,504,338,0,0.0038696718
Warm A,392523,2304,2303,504,338,1,0.0015535476
Warm A,386744,2261,2260,504,338,0,0.0022870374
Warm A,376869,2200,2199,504,338,0,0.012781719
Warm A,370805,2167,2166,504,338,0,0.0030576563
Warm A,358648,2098,2097,504,338,0,0.00086459646
Warm A,356557,2088,2087,504,338,0,0.0028889207
Warm A,340937,2010,2009,504,338,0,0.005164938
Warm A,333545,1968,1967,504,338,0,0.009273262
Warm A,305955,1820,1819,504,338,0,0.0037667826
Warm A,305527,1817,1816,504,338,0,0.005112507
Warm A,297733,1764,1763,504,338,1,0.014113335
Warm A,296206,1757,1756,504,338,0,0.009286171
Warm A,303640,1803,1802,504,338,0,0.002507641
Warm A,292557,1741,1740,504,338,0,0.01492185
Warm A,289038,1726,1725,504,338,0,-0.00018089171
Warm A,268389,1630,1629,504,338,0,0.0047343383
Warm A,266731,1617,1616,504,338,0,0.01129711
Warm A,266079,1613,1612,504,338,0,0.001955127
Warm A,303132,1800,1799,504,338,0,0.004424445
Warm A,253610,1542,1541,504,338,0,-0.001694757
Warm A,244771,1473,1472,504,338,0,0.012840709
Warm A,283305,1696,1695,504,338,1,0.0054924376
Warm A,232189,1408,1407,504,338,0,0.0060868957
Warm A,227333,1377,1376,504,338,0,0.005240427
Warm A,221932,1342,1341,504,338,1,0.0066709174
Warm A,267337,1624,1623,504,338,0,0.011031517
Warm A,220047,1333,1332,504,338,0,-0.0013716172
Warm A,278006,1676,1675,504,338,0,0.0028965014
Warm A,206074,1264,1263,504,338,0,0.013383053
Warm A,303941,1805,1804,504,338,1,0.0025057406
Warm A,320888,1902,1901,504,338,0,0.0010053134
Warm A,186989,1159,1158,504,338,0,-0.003897299
Warm A,177700,1119,1118,504,338,0,0.015449048
Warm A,191992,1182,1181,504,338,0,0.010876311
Warm A,164056,1050,1049,504,338,0,0.00465392
Warm A,275730,1667,1666,504,338,0,0.0066212146
Warm A,155021,999,998,504,338,0,0.017159374
Warm A,225325,1362,1361,504,338,0,0.0031876776
Warm A,157246,1010,1009,504,338,0,0.0014235501
Warm A,138815,889,888,504,338,0,-0.006643708
Warm A,136934,881,880,504,338,0,0.005030341
Warm A,135855,877,876,504,338,0,0.0089003425
Warm A,202694,1244,1243,504,338,0,0.007894347
Warm A,131510,851,850,504,338,1,0.0059511466
Warm A,352341,2063,2062,504,338,0,0.011155337
Warm A,126742,817,816,504,338,0,0.01129723
Warm A,120817,778,777,504,338,0,0.0067324825
Warm A,106316,699,698,504,338,0,0.0067637474
Warm A,97410,652,651,504,338,0,-0.0014686305
Warm A,90999,602,601,504,338,0,0.0035367862
Warm A,308924,1837,1836,504,338,1,0.0076816683
Warm A,86258,563,562,504,338,0,0.0029646752
Warm A,81918,543,542,504,338,1,0.008795979
Warm A,77882,524,523,504,338,1,0.0011638794
Warm A,68887,461,460,504,338,1,0.0037282878
Warm A,66663,445,444,504,338,0,0.003930428
Warm A,76028,516,515,504,338,0,0.009918777
Warm A,53962,352,351,504,338,0,0.018529793
Warm A,44702,302,301,504,338,0,0.00015971437
Warm A,697779,4169,4168,504,338,0,0.00138538
Warm A,36646,245,244,504,338,0,0.0042380984
Warm A,31249,210,209,504,338,0,0.0018785074
Warm A,27303,192,191,504,338,0,0.006472523
Warm A,364391,2122,2121,504,338,0,-0.00025619846
Warm A,552645,3401,3400,504,338,1,0.002526189
Warm A,432877,2638,2637,504,338,1,0.0054825014
Warm A,238272,1447,1446,504,338,1,0.012752725
Warm A,572480,3507,3506,504,338,0,0.0011147549
Warm A,109952,716,715,504,338,1,0.010505002
Warm A,51521,338,337,504,338,1,0.0030806558
Warm A,342811,2015,2014,504,338,0,0.003236668
Warm A,689987,4126,4125,504,338,1,0.006495443
Warm A,328713,1941,1940,504,338,0,0.0062648347
Warm A,454032,2793,2792,504,338,1,0.0025639005
Warm A,145917,937,936,504,338,1,0.0027485595
Warm A,599480,3648,3647,504,338,0,0.014933962
Warm A,497747,3055,3054,504,338,0,0.0041757375
Warm A,893505,5394,5393,504,338,0,0.016442832
Warm A,195038,1202,1201,504,338,0,0.01412432
Warm A,79734,531,530,505,339,1,0.0097479895
Warm A,697780,4169,4168,505,339,0,0.011242068
Warm A,49602,329,328,505,339,0,0.007877895
Warm A,238274,1447,1446,505,339,1,0.014814287
Warm A,352344,2063,2062,505,339,0,0.017678272
Warm A,700071,4186,4185,505,339,0,0.009400932
Warm A,413317,2485,2484,505,339,0,0.004995693
Warm A,172081,1088,1087,505,339,0,0.010262126
Warm A,342812,2015,2014,505,339,0,0.007410549
Warm A,369400,2161,2160,506,340,1,0.012613112
Warm A,336361,1980,1979,506,340,0,0.008500908
Warm A,326216,1930,1929,506,340,1,0.0071102106
Warm A,318539,1892,1891,506,340,0,-0.0070708115
Warm A,310197,1845,1844,506,340,1,-0.0017566821
Warm A,325604,1926,1925,506,340,1,-0.008067742
Warm A,296623,1758,1757,506,340,1,0.006909853
Warm A,212170,1291,1290,506,340,1,0.0019951444
Warm A,279931,1680,1679,506,340,0,0.0014257897
Warm A,209591,1279,1278,506,340,0,-0.0014095537
Warm A,185779,1150,1149,506,340,0,0.0037818893
Warm A,263692,1605,1604,506,340,0,0.006492531
Warm A,169853,1078,1077,506,340,1,0.0031847504
Warm A,167552,1067,1066,506,340,1,0.007942825
Warm A,168684,1069,1068,506,340,1,0.011929201
Warm A,328717,1941,1940,506,340,0,0.019641226
Warm A,195751,1203,1202,506,340,1,0.0055020866
Warm A,221631,1340,1339,506,340,0,0.010411894
Warm A,199638,1224,1223,506,340,1,-0.004824073
Warm A,138818,889,888,506,340,0,0.010339135
Warm A,116595,752,751,506,340,1,0.00837327
Warm A,101007,673,672,506,340,0,0.0055902675
Warm A,97984,655,654,506,340,1,-0.0031011724
Warm A,631827,3821,3820,506,340,0,0.0066148834
Warm A,697782,4169,4168,506,340,0,0.008528298
Warm A,241478,1451,1450,506,340,1,0.0053759958
Warm A,284517,1698,1697,506,340,1,-0.0038632331
Warm A,89411,588,587,506,340,1,-0.0028522308
Warm A,239331,1448,1447,506,340,1,-0.0012387466
Warm A,77886,524,523,506,340,0,0.01658436
Warm A,80397,533,532,506,340,1,0.016612852
Warm A,197473,1211,1210,506,340,0,-0.0018316978
Warm A,201798,1242,1241,506,340,0,-0.008317212
Warm A,23820,169,168,506,340,0,0.00882359
Warm A,17595,136,135,506,340,1,0.003458361
Warm A,16734,131,130,506,340,1,0.008209656
Warm A,14101,114,113,506,340,1,0.0032307592
Warm A,7890,53,52,506,340,1,0.0044505065
Warm A,324593,1922,1921,506,340,1,0.009194568
Warm A,563,8,7,506,340,0,0.009623572
Warm A,274,5,4,506,340,1,0.0011595828
Warm A,158663,1015,1014,506,340,1,0.015322691
Warm A,416927,2507,2506,506,340,1,0.0061215158
Warm A,934032,5636,5635,506,340,1,0.0065491465
Warm A,485312,2986,2985,506,340,1,0.008401326
Warm A,160417,1019,1018,506,340,0,0.0042745173
Warm A,251263,1516,1515,506,340,1,-0.0005008443
Warm A,415873,2504,2503,506,340,0,0.0071512405
Warm A,287868,1717,1716,506,340,1,0.013096655
Warm A,60878,411,410,506,340,1,0.009802332
Warm A,276469,1671,1670,506,340,0,0.005646418
Warm A,509940,3140,3139,506,340,0,0.018520067
Warm A,700072,4186,4185,506,340,1,0.010420371
Warm A,841592,5054,5053,506,340,0,0.0011626957
Warm A,539267,3315,3314,511,344,1,0.0049971854
Warm A,537505,3311,3310,511,344,0,0.0035181523
Warm A,554932,3412,3411,511,344,1,0.0069563724
Warm A,515728,3182,3181,511,344,0,0.001105556
Warm A,508819,3129,3128,511,344,0,0.0067314003
Warm A,589959,3599,3598,511,344,0,0.0011747341
Warm A,502288,3082,3081,511,344,0,0.002318711
Warm A,550607,3391,3390,511,344,1,0.0003555664
Warm A,494535,3032,3031,511,344,1,0.015760021
Warm A,486425,2994,2993,511,344,0,0.0010152091
Warm A,463619,2857,2856,511,344,0,0.0056321598
Warm A,487227,2996,2995,511,344,1,0.0064144954
Warm A,452599,2786,2785,511,344,0,9.638548e-05
Warm A,451207,2777,2776,511,344,1,0.006939792
Warm A,448580,2764,2763,511,344,0,-0.00011910964
Warm A,564747,3471,3470,511,344,0,0.008016031
Warm A,437284,2669,2668,511,344,0,0.009078244
Warm A,435968,2664,2663,511,344,0,0.0035068982
Warm A,417747,2522,2521,511,344,0,0.004671207
Warm A,406341,2437,2436,511,344,1,0.010587307
Warm A,404747,2419,2418,511,344,0,0.012276284
Warm A,402527,2402,2401,511,344,0,-0.0020182591
Warm A,400013,2380,2379,511,344,0,-0.00031306501
Warm A,390196,2288,2287,511,344,0,0.0043150713
Warm A,377464,2203,2202,511,344,0,0.003994979
Warm A,375216,2186,2185,511,344,1,0.012259986
Warm A,370099,2164,2163,511,344,0,-0.00060483906
Warm A,349631,2051,2050,511,344,0,0.0058249645
Warm A,342823,2015,2014,511,344,0,0.004388321
Warm A,340952,2010,2009,511,344,0,0.008088928
Warm A,314755,1879,1878,511,344,1,0.006008828
Warm A,315606,1880,1879,511,344,0,-0.0036298586
Warm A,297184,1762,1761,511,344,0,-0.00022867939
Warm A,295379,1753,1752,511,344,0,-0.003193209
Warm A,297747,1764,1763,511,344,1,-0.0038256135
Warm A,285758,1704,1703,511,344,1,0.010514736
Warm A,303946,1805,1804,511,344,0,0.007117661
Warm A,304360,1807,1806,511,344,0,0.002011961
Warm A,256398,1564,1563,511,344,0,0.0010102007
Warm A,303139,1800,1799,511,344,0,0.005283204
Warm A,253099,1537,1536,511,344,1,0.008011952
Warm A,244777,1473,1472,511,344,0,0.0035113809
Warm A,356928,2090,2089,511,344,0,0.0008247176
Warm A,221652,1340,1339,511,344,0,0.017803086
Warm A,202703,1244,1243,511,344,0,0.012324005
Warm A,182570,1139,1138,511,344,0,0.01447715
Warm A,249032,1501,1500,511,344,1,-0.005849278
Warm A,155029,999,998,511,344,1,0.008936063
Warm A,148872,957,956,511,344,0,0.0049034683
Warm A,136950,881,880,511,344,0,0.0006187088
Warm A,134615,869,868,511,344,1,-0.001246986
Warm A,110455,720,719,511,344,1,0.00993534
Warm A,240549,1449,1448,511,344,0,0.001378458
Warm A,109958,716,715,511,344,0,0.007485169
Warm A,101533,676,675,511,344,0,0.008010065
Warm A,299830,1778,1777,511,344,1,0.006327558
Warm A,150807,970,969,511,344,1,0.0008431508
Warm A,81933,543,542,511,344,1,-0.0019940888
Warm A,239350,1448,1447,511,344,1,-6.935297e-05
Warm A,191477,1181,1180,511,344,0,0.017008
Warm A,77906,524,523,511,344,0,0.001202114
Warm A,119543,770,769,511,344,0,0.018342739
Warm A,72356,482,481,511,344,0,0.0027146337
Warm A,67883,454,453,511,344,0,0.0034627465
Warm A,75109,509,508,511,344,0,0.0017143411
Warm A,58184,392,391,511,344,0,0.009625235
Warm A,44717,302,301,511,344,0,0.0065294914
Warm A,145514,935,934,511,344,1,-0.0047717323
Warm A,35902,242,241,511,344,0,0.0057639414
Warm A,33628,225,224,511,344,0,0.0150205055
Warm A,29309,199,198,511,344,0,0.015731946
Warm A,27320,192,191,511,344,0,0.0076444773
Warm A,54614,355,354,511,344,1,-0.0021339194
Warm A,25826,182,181,511,344,1,0.0051210755
Warm A,25684,181,180,511,344,0,0.0013892313
Warm A,270238,1635,1634,511,344,0,0.012568831
Warm A,22676,163,162,511,344,0,0.008098081
Warm A,16331,129,128,511,344,1,0.0036609382
Warm A,10314,73,72,511,344,0,0.0030378026
Warm A,7359,52,51,511,344,1,0.0034446318
Warm A,17215,134,133,511,344,0,0.00032679667
Warm A,30637,204,203,511,344,0,0.009444442
Warm A,3603,26,25,511,344,1,0.012059594
Warm A,106534,701,700,511,344,1,0.0068115685
Warm A,50318,331,330,511,344,0,0.009479284
Warm A,682780,4085,4084,511,344,1,0.007551884
Warm A,157264,1010,1009,511,344,0,0.005482996
Warm A,599494,3648,3647,511,344,0,0.004098146
Warm A,893509,5394,5393,511,344,0,0.018566402
Warm A,63402,424,423,511,344,0,0.0068767923
Warm A,941824,5682,5681,511,344,1,0.0045777992
Warm A,193914,1194,1193,511,344,1,-0.0005443045
Warm A,637133,3836,3835,512,345,0,0.0029101316
Warm A,627994,3801,3800,512,345,1,0.011903018
Warm A,638613,3841,3840,512,345,0,0.017791666
Warm A,623569,3771,3770,512,345,0,0.0072154673
Warm A,652138,3931,3930,512,345,0,0.009313602
Warm A,621373,3762,3761,512,345,0,0.0045879427
Warm A,726181,4344,4343,512,345,0,0.014285209
Warm A,590878,3603,3602,512,345,0,0.0042516366
Warm A,584476,3568,3567,512,345,0,0.011687949
Warm A,555973,3416,3415,512,345,0,-0.0015570238
Warm A,537507,3311,3310,512,345,0,0.011046674
Warm A,530038,3272,3271,512,345,0,0.0030492458
Warm A,523942,3229,3228,512,345,0,0.0040097185
Warm A,517502,3193,3192,512,345,0,0.008592226
Warm A,514165,3173,3172,512,345,0,-0.0025655818
Warm A,506903,3118,3117,512,345,0,0.00586939
Warm A,505709,3110,3109,512,345,0,0.011293803
Warm A,501904,3081,3080,512,345,0,0.01136549
Warm A,589960,3599,3598,512,345,1,-0.0050185258
Warm A,497754,3055,3054,512,345,0,0.014570888
Warm A,641160,3853,3852,512,345,0,-0.0051325536
Warm A,494537,3032,3031,512,345,1,0.0099651385
Warm A,500052,3069,3068,512,345,0,-0.0009682141
Warm A,489338,3012,3011,512,345,0,0.009595591
Warm A,486758,2995,2994,512,345,1,0.0044829696
Warm A,489777,3013,3012,512,345,1,0.008127174
Warm A,479373,2941,2940,512,345,0,0.004473069
Warm A,591315,3607,3606,512,345,0,0.006158829
Warm A,710367,4260,4259,512,345,0,0.009119824
Warm A,467100,2878,2877,512,345,1,0.00510308
Warm A,465295,2869,2868,512,345,1,0.0013599382
Warm A,463621,2857,2856,512,345,1,0.0038889223
Warm A,464374,2860,2859,512,345,1,0.00027327705
Warm A,458296,2820,2819,512,345,0,0.007744449
Warm A,440591,2694,2693,512,345,1,0.0023337973
Warm A,427875,2599,2598,512,345,1,0.0094493255
Warm A,426631,2590,2589,512,345,0,-0.0058474937
Warm A,419004,2529,2528,512,345,0,0.0049482463
Warm A,411140,2466,2465,512,345,0,0.009829466
Warm A,395388,2335,2334,512,345,0,0.00795046
Warm A,384274,2244,2243,512,345,0,0.008737573
Warm A,385429,2251,2250,512,345,0,0.0020894685
Warm A,374433,2181,2180,512,345,0,0.0030557937
Warm A,370806,2167,2166,512,345,1,-0.0011511929
Warm A,368658,2155,2154,512,345,1,0.0094930865
Warm A,366804,2138,2137,512,345,1,-0.002163147
Warm A,358651,2098,2097,512,345,0,-0.002521235
Warm A,356562,2088,2087,512,345,1,0.0069047115
Warm A,361932,2109,2108,512,345,0,0.0012000311
Warm A,346726,2031,2030,512,345,0,0.008075945
Warm A,344485,2021,2020,512,345,1,0.010128794
Warm A,340953,2010,2009,512,345,0,0.003133102
Warm A,342825,2015,2014,512,345,1,0.007945206
Warm A,333558,1968,1967,512,345,0,0.0023516174
Warm A,330457,1950,1949,512,345,0,0.011116721
Warm A,323533,1919,1918,512,345,0,0.0021005683
Warm A,317063,1884,1883,512,345,0,-0.004092109
Warm A,300761,1781,1780,512,345,1,0.0028323526
Warm A,305530,1817,1816,512,345,0,0.0028592055
Warm A,293312,1746,1745,512,345,0,0.004321539
Warm A,292570,1741,1740,512,345,0,0.00932253
Warm A,279974,1680,1679,512,345,0,0.0017382193
Warm A,277182,1675,1674,512,345,0,0.0051179877
Warm A,278023,1676,1675,512,345,1,0.007334538
Warm A,272525,1646,1645,512,345,0,0.015732545
Warm A,271570,1641,1640,512,345,0,-2.116547e-06
Warm A,268390,1630,1629,512,345,0,0.009226866
Warm A,315609,1880,1879,512,345,0,-0.0057600667
Warm A,247924,1496,1495,512,345,0,0.008898639
Warm A,234604,1424,1423,512,345,0,0.0040636384
Warm A,224562,1357,1356,512,345,0,0.0036424478
Warm A,221934,1342,1341,512,345,0,-0.004673881
Warm A,220060,1333,1332,512,345,0,0.015226656
Warm A,200437,1230,1229,512,345,0,0.008825894
Warm A,196213,1206,1205,512,345,0,0.0023590082
Warm A,195047,1202,1201,512,345,0,0.0065234452
Warm A,328752,1941,1940,512,345,0,0.002493564
Warm A,177707,1119,1118,512,345,0,0.011791606
Warm A,166153,1058,1057,512,345,0,0.014765874
Warm A,165836,1057,1056,512,345,0,0.0027228387
Warm A,159451,1017,1016,512,345,1,-0.0023314138
Warm A,147141,948,947,512,345,1,0.0033417498
Warm A,141021,908,907,512,345,0,0.001431326
Warm A,157265,1010,1009,512,345,0,0.016438859
Warm A,136152,880,879,512,345,1,0.0022201224
Warm A,134617,869,868,512,345,1,0.012693344
Warm A,131512,851,850,512,345,0,0.011114508
Warm A,138849,889,888,512,345,0,0.0041413344
Warm A,352371,2063,2062,512,345,0,0.008966078
Warm A,114124,741,740,512,345,1,0.0017316053
Warm A,117690,757,756,512,345,0,0.007825797
Warm A,250523,1509,1508,512,345,1,0.00073381094
Warm A,91000,602,601,512,345,0,0.0032127635
Warm A,86264,563,562,512,345,0,0.007590254
Warm A,291716,1737,1736,512,345,1,0.002556144
Warm A,81313,541,540,512,345,0,0.0059682513
Warm A,84538,550,549,512,345,0,0.009019105
Warm A,66665,445,444,512,345,0,0.004625762
Warm A,76033,516,515,512,345,0,0.01417524
Warm A,53982,352,351,512,345,0,0.011948507
Warm A,51211,337,336,512,345,0,0.01160823
Warm A,49618,329,328,512,345,0,0.008464787
Warm A,45241,305,304,512,345,0,-0.0004421973
Warm A,41248,278,277,512,345,1,-0.0036506797
Warm A,697803,4169,4168,512,345,1,0.0052200397
Warm A,36667,245,244,512,345,0,0.005426836
Warm A,19572,148,147,512,345,1,0.006912685
Warm A,18139,139,138,512,345,0,0.004449226
Warm A,290556,1733,1732,512,345,0,0.0024940898
Warm A,17216,134,133,512,345,0,-0.0024339324
Warm A,552660,3401,3400,512,345,0,0.00403045
Warm A,366295,2131,2130,512,345,0,0.007875743
Warm A,329591,1943,1942,512,345,0,0.0009076521
Warm A,310876,1851,1850,512,345,0,0.008027484
Warm A,158693,1015,1014,512,345,0,0.0067417435
Warm A,271865,1643,1642,512,345,1,0.0049150037
Warm A,215721,1306,1305,512,345,0,0.007297351
Warm A,460868,2841,2840,512,345,1,0.0013211871
Warm A,195769,1203,1202,512,345,0,0.0053374246
Warm A,7912,53,52,513,346,1,0.00092130946
Warm A,6987,48,47,513,346,0,0.0062675006
Warm A,238297,1447,1446,513,346,0,0.009311295
Warm A,129706,839,838,513,346,0,0.007556487
Warm A,328756,1941,1940,513,346,1,0.008486809
Warm A,136951,881,880,513,346,1,0.0115483105
Warm A,719047,4305,4304,513,346,0,0.010879155
Warm A,574956,3518,3517,518,351,1,0.009824686
Warm A,784611,4682,4681,518,351,0,0.0035016753
Warm A,501500,3080,3079,518,351,0,0.0040595895
Warm A,499752,3067,3066,518,351,1,0.0036434126
Warm A,493021,3029,3028,518,351,0,0.005516254
Warm A,492197,3026,3025,518,351,0,0.0038671377
Warm A,518007,3196,3195,518,351,1,0.016524337
Warm A,530045,3272,3271,518,351,0,0.0054958113
Warm A,475216,2916,2915,518,351,0,0.003879987
Warm A,646844,3892,3891,518,351,0,0.0037250193
Warm A,448963,2767,2766,518,351,0,-0.0026693563
Warm A,451215,2777,2776,518,351,1,0.014882757
Warm A,438915,2681,2680,518,351,0,-0.0005958644
Warm A,423288,2565,2564,518,351,1,-0.0045994846
Warm A,419335,2533,2532,518,351,0,-0.0033648282
Warm A,464377,2860,2859,518,351,0,0.0018535086
Warm A,409338,2456,2455,518,351,1,-0.0019738437
Warm A,404750,2419,2418,518,351,0,0.0052053095
Warm A,400553,2383,2382,518,351,0,0.009701391
Warm A,392547,2304,2303,518,351,1,0.0050466405
Warm A,389570,2283,2282,518,351,0,0.008104052
Warm A,379596,2219,2218,518,351,0,0.0133324405
Warm A,363433,2116,2115,518,351,0,0.010292037
Warm A,356073,2085,2084,518,351,1,-0.0017611386
Warm A,361936,2109,2108,518,351,0,0.010175532
Warm A,352383,2063,2062,518,351,0,-0.0024491148
Warm A,341835,2012,2011,518,351,0,0.014741104
Warm A,340960,2010,2009,518,351,0,0.01117648
Warm A,287253,1714,1713,518,351,0,0.0034237572
Warm A,276607,1672,1671,518,351,0,0.0041466225
Warm A,336394,1980,1979,518,351,0,0.006285934
Warm A,213101,1297,1296,518,351,0,0.004049791
Warm A,278030,1676,1675,518,351,0,0.012718419
Warm A,279993,1680,1679,518,351,0,0.011496093
Warm A,244220,1470,1469,518,351,0,0.013256539
Warm A,196776,1207,1206,518,351,0,0.006013886
Warm A,188460,1169,1168,518,351,0,0.0077688964
Warm A,178401,1120,1119,518,351,0,0.0070006577
Warm A,179268,1124,1123,518,351,1,0.0033727007
Warm A,173866,1100,1099,518,351,0,0.006304285
Warm A,168089,1068,1067,518,351,1,0.007615297
Warm A,156072,1004,1003,518,351,0,0.009087583
Warm A,164882,1051,1050,518,351,1,0.0075026895
Warm A,145116,934,933,518,351,0,0.0025168709
Warm A,136959,881,880,518,351,0,0.017992401
Warm A,135874,877,876,518,351,0,0.013851719
Warm A,132123,854,853,518,351,0,0.0092874225
Warm A,120622,777,776,518,351,0,0.0045813657
Warm A,112722,731,730,518,351,0,0.0014250837
Warm A,108323,710,709,518,351,0,0.012088799
Warm A,86852,566,565,518,351,0,0.0046718004
Warm A,406242,2436,2435,518,351,1,0.01182394
Warm A,84546,550,549,518,351,0,0.002865205
Warm A,119550,770,769,518,351,0,0.003968979
Warm A,81941,543,542,518,351,0,0.0077381097
Warm A,72361,482,481,518,351,0,0.007864246
Warm A,251270,1516,1515,518,351,0,0.006058113
Warm A,44036,301,300,518,351,0,0.0063010356
Warm A,697816,4169,4168,518,351,0,0.009337323
Warm A,404090,2414,2413,518,351,0,0.005652273
Warm A,219331,1329,1328,518,351,0,0.0095362365
Warm A,337245,1983,1982,518,351,1,0.0006747702
Warm A,31568,214,213,518,351,0,0.0051000817
Warm A,300043,1779,1778,518,351,1,0.011601476
Warm A,3609,26,25,518,351,0,-0.0008756949
Warm A,6997,48,47,518,351,0,0.008984075
Warm A,28375,195,194,518,351,1,0.011463067
Warm A,79755,531,530,518,351,0,0.0046178075
Warm A,158698,1015,1014,518,351,0,0.00426651
Warm A,78702,528,527,518,351,0,0.0046702046
Warm A,238306,1447,1446,518,351,0,0.00024093792
Warm A,531289,3280,3279,518,351,0,0.011278461
Warm A,371145,2168,2167,518,351,1,0.012531461
Warm A,572499,3507,3506,518,351,0,0.005609386
Warm A,567740,3483,3482,518,351,0,0.008762008
Warm A,342832,2015,2014,518,351,0,-0.003243404
Warm A,317953,1889,1888,518,351,0,0.013399065
Warm A,160447,1019,1018,518,351,0,-0.0054770065
Warm A,599501,3648,3647,518,351,0,0.00587402
Warm A,134626,869,868,518,351,0,0.0007136556
Warm A,63418,424,423,518,351,0,0.008569809
Warm A,509948,3140,3139,518,351,0,0.009488705
Warm A,295779,1755,1754,518,351,0,0.004531135
Warm A,714201,4277,4276,518,351,0,0.012599434
Warm A,748355,4467,4466,518,351,0,-0.0031609596
Warm A,193918,1194,1193,518,351,0,0.0019880868
Warm A,357722,2092,2091,518,351,0,0.008928709
Warm A,633658,3824,3823,518,351,0,-6.72671e-05
Warm A,562804,3462,3461,518,351,0,0.028250616
Warm A,441124,2700,2699,521,354,1,0.0034255653
Warm A,431231,2627,2626,521,354,1,-0.000111632515
Warm A,427277,2593,2592,521,354,1,0.001659463
Warm A,609768,3695,3694,521,354,0,-7.7718636e-05
Warm A,408458,2453,2452,521,354,0,0.008449787
Warm A,379273,2215,2214,521,354,1,0.0019512253
Warm A,349637,2051,2050,521,354,0,-0.00425556
Warm A,325065,1925,1924,521,354,1,-0.0009895654
Warm A,302319,1794,1793,521,354,0,-0.008353202
Warm A,338393,1988,1987,521,354,0,-0.0015473613
Warm A,206102,1264,1263,521,354,0,-0.0028252904
Warm A,280024,1680,1679,521,354,1,-0.013439016
Warm A,185822,1150,1149,521,354,1,0.0060816314
Warm A,211416,1285,1284,521,354,1,0.0044336766
Warm A,184164,1146,1145,521,354,0,0.0018314337
Warm A,160464,1019,1018,521,354,0,0.0030317036
Warm A,158718,1015,1014,521,354,0,0.005194977
Warm A,144278,929,928,521,354,1,0.0022932235
Warm A,144421,930,929,521,354,0,-0.003298892
Warm A,157286,1010,1009,521,354,1,0.001983554
Warm A,135883,877,876,521,354,0,0.006592272
Warm A,352398,2063,2062,521,354,0,-0.007076502
Warm A,124099,799,798,521,354,0,-0.008000246
Warm A,115580,749,748,521,354,1,0.0051244525
Warm A,240576,1449,1448,521,354,1,-0.0028800038
Warm A,100355,669,668,521,354,1,-0.0033731076
Warm A,99102,660,659,521,354,0,0.001741105
Warm A,320903,1902,1901,521,354,1,0.008719701
Warm A,88172,581,580,521,354,0,-0.005961483
Warm A,308951,1837,1836,521,354,0,-0.006629039
Warm A,191513,1181,1180,521,354,0,0.00512744
Warm A,83574,549,548,521,354,1,0.0014389679
Warm A,77933,524,523,521,354,1,0.0025562327
Warm A,70294,474,473,521,354,1,0.000250394
Warm A,72379,482,481,521,354,1,0.0032323494
Warm A,76808,520,519,521,354,1,-0.0028841933
Warm A,49640,329,328,521,354,0,-0.002730389
Warm A,697832,4169,4168,521,354,0,-0.0028282013
Warm A,38391,261,260,521,354,0,-0.0006116193
Warm A,290577,1733,1732,521,354,0,0.008731265
Warm A,154472,996,995,521,354,1,-0.0025498855
Warm A,20174,149,148,521,354,1,0.006986405
Warm A,9416,62,61,521,354,1,-0.0047026253
Warm A,7934,53,52,521,354,1,0.0048138695
Warm A,104580,692,691,521,354,1,0.007197473
Warm A,3037,23,22,521,354,0,0.009101126
Warm A,210355,1284,1283,521,354,1,0.00026115146
Warm A,482059,2962,2961,521,354,0,0.0007005274
Warm A,355211,2077,2076,521,354,0,-0.003715432
Warm A,150818,970,969,521,354,0,0.003442496
Warm A,109966,716,715,521,354,1,0.002630154
Warm A,567752,3483,3482,521,354,1,0.00041584112
Warm A,195788,1203,1202,521,354,0,-0.0011732966
Warm A,50338,331,330,521,354,0,-0.000608935
Warm A,310887,1851,1850,521,354,0,-0.00438975
Warm A,174364,1101,1100,521,354,0,0.00019942783
Warm A,959117,5787,5786,521,354,1,-0.0082343295
Warm A,310889,1851,1850,522,355,0,0.013569386
Warm A,13628,108,107,522,355,0,0.013247689
Warm A,8239,57,56,522,355,1,0.0043065813
Warm A,7936,53,52,522,355,1,0.0084294425
Warm A,20176,149,148,522,355,1,0.019520141
Warm A,743188,4445,4444,522,355,0,-0.0020104316
Warm A,416967,2507,2506,522,355,1,0.020759676
Warm A,265318,1611,1610,522,355,1,0.015319995
Warm A,790885,4728,4727,522,355,1,0.021060094
Warm A,166162,1058,1057,522,355,1,0.018763404
Warm A,937141,5653,5652,522,355,0,0.009760228
Warm A,467444,2880,2879,522,355,1,0.0020474878
Warm A,526900,3259,3258,522,355,1,0.0150028635
Warm A,673441,4042,4041,522,355,0,0.009621952
Warm A,960467,5792,5791,522,355,1,0.008342174
Warm A,571254,3503,3502,522,355,1,0.011551749
Warm A,136971,881,880,522,355,0,0.010471291
Warm A,223122,1352,1351,522,355,0,0.005832908
Warm A,144422,930,929,522,355,0,0.0018837871
Warm A,59964,408,407,522,355,1,0.009241566
Warm A,290580,1733,1732,522,355,1,0.016406931
Warm A,191516,1181,1180,522,355,0,0.020937197
Warm A,116632,752,751,522,355,0,0.02232725
Warm A,408459,2453,2452,523,356,0,0.004272847
Warm A,393280,2310,2309,523,356,1,0.0037213794
Warm A,383176,2238,2237,523,356,1,-0.0040596193
Warm A,381420,2230,2229,523,356,0,0.00014410133
Warm A,373249,2179,2178,523,356,0,0.00016509683
Warm A,336413,1980,1979,523,356,1,0.012815582
Warm A,324606,1922,1921,523,356,1,0.004106213
Warm A,333029,1963,1962,523,356,1,0.004364323
Warm A,306726,1829,1828,523,356,0,0.0033588586
Warm A,316004,1882,1881,523,356,1,0.009059541
Warm A,302907,1799,1798,523,356,1,0.010074487
Warm A,302321,1794,1793,523,356,0,0.0022314903
Warm A,274767,1661,1660,523,356,1,0.012779806
Warm A,280029,1680,1679,523,356,1,0.0070276097
Warm A,264266,1607,1606,523,356,0,-0.00038880552
Warm A,226723,1374,1373,523,356,1,-0.0015942635
Warm A,296639,1758,1757,523,356,1,-0.008201225
Warm A,209818,1281,1280,523,356,1,-0.010890589
Warm A,201034,1239,1238,523,356,0,0.008410864
Warm A,209607,1279,1278,523,356,1,0.0047827894
Warm A,199659,1224,1223,523,356,0,0.006083208
Warm A,286137,1707,1706,523,356,1,0.009104589
Warm A,168714,1069,1068,523,356,1,-0.0025075588
Warm A,151403,974,973,523,356,0,-0.001621129
Warm A,151765,975,974,523,356,1,-0.0042044413
Warm A,144423,930,929,523,356,0,-0.0037242996
Warm A,154666,998,997,523,356,1,-0.010027855
Warm A,384801,2247,2246,523,356,1,0.0074871234
Warm A,128377,830,829,523,356,0,0.004881273
Warm A,322747,1912,1911,523,356,1,0.0012225648
Warm A,258629,1584,1583,523,356,0,0.009727137
Warm A,124615,801,800,523,356,1,-0.0016346173
Warm A,123185,795,794,523,356,0,0.013869469
Warm A,111764,727,726,523,356,0,-0.0070910417
Warm A,295082,1752,1751,523,356,1,0.00197466
Warm A,241506,1451,1450,523,356,1,0.007670667
Warm A,432247,2634,2633,523,356,1,0.0065655885
Warm A,197487,1211,1210,523,356,0,-0.00080674305
Warm A,61417,412,411,523,356,1,0.012391074
Warm A,92018,611,610,523,356,0,-0.00042216573
Warm A,22077,161,160,523,356,1,0.0059134886
Warm A,26557,187,186,523,356,1,0.015123893
Warm A,33647,225,224,523,356,1,0.00017837947
Warm A,158720,1015,1014,523,356,1,0.0069241906
Warm A,574966,3518,3517,523,356,0,0.0073926644
Warm A,575612,3519,3518,523,356,0,0.0021839007
Warm A,680810,4079,4078,523,356,1,-0.005848824
Warm A,160467,1019,1018,523,356,0,0.010920318
Warm A,246978,1491,1490,523,356,1,0.0048643937
Warm A,565813,3475,3474,523,356,0,-0.00446703
Warm A,535162,3301,3300,523,356,1,0.007279084
Warm A,313041,1865,1864,523,356,1,0.005360623
Warm A,259696,1587,1586,523,356,1,0.0028014872
Warm A,460880,2841,2840,523,356,1,-0.00799354
Warm A,187832,1164,1163,523,356,1,0.007976669
Warm A,290582,1733,1732,523,356,1,0.01397029
Warm A,193932,1194,1193,523,356,1,0.0058662742
Warm A,310896,1851,1850,528,359,0,0.008759238
Warm A,951441,5747,5746,528,359,0,-0.005117367
Warm A,160474,1019,1018,528,359,0,-0.004066603
Warm A,215734,1306,1305,528,359,1,0.005073454
Warm A,206506,1265,1264,528,359,0,0.009237332
Warm A,217381,1317,1316,528,359,0,0.009516917
Warm A,700087,4186,4185,528,359,0,0.004431635
Warm A,550653,3391,3390,528,359,0,-0.0034798656
Warm A,611473,3705,3704,540,369,0,0.0009405033
Warm A,606116,3681,3680,540,369,0,0.0072828867
Warm A,604915,3677,3676,540,369,0,0.0029075663
Warm A,637173,3836,3835,540,369,0,0.006238359
Warm A,600377,3650,3649,540,369,0,-0.004313344
Warm A,594459,3618,3617,540,369,0,0.00447758
Warm A,590903,3603,3602,540,369,0,0.005916694
Warm A,731420,4375,4374,540,369,1,0.0042377394
Warm A,583752,3562,3561,540,369,0,0.008323332
Warm A,759441,4510,4509,540,369,0,0.004742932
Warm A,940340,5675,5674,540,369,0,0.00070568174
Warm A,579842,3539,3538,540,369,0,0.0041350494
Warm A,572568,3507,3506,540,369,0,0.0048544365
Warm A,557941,3425,3424,540,369,0,0.012279165
Warm A,556013,3416,3415,540,369,0,0.0075259944
Warm A,771925,4600,4599,540,369,0,0.0052743293
Warm A,550712,3391,3390,540,369,0,0.0005181988
Warm A,904478,5468,5467,540,369,0,0.0080468785
Warm A,536338,3308,3307,540,369,0,-0.0014226788
Warm A,542517,3336,3335,540,369,0,0.009491863
Warm A,528852,3269,3268,540,369,0,0.003482116
Warm A,532461,3285,3284,540,369,0,0.00832544
Warm A,688248,4116,4115,540,369,0,0.0028834452
Warm A,537585,3311,3310,540,369,0,0.009132701
Warm A,517166,3191,3190,540,369,0,0.0017545489
Warm A,521600,3217,3216,540,369,0,0.008952223
Warm A,523069,3224,3223,540,369,0,0.006492118
Warm A,659322,3971,3970,540,369,0,0.0062955897
Warm A,494621,3032,3031,540,369,1,-1.7029233e-06
Warm A,628907,3807,3806,540,369,0,0.0069674454
Warm A,492222,3026,3025,540,369,0,0.005501684
Warm A,496692,3051,3050,540,369,0,0.00094340974
Warm A,530104,3272,3271,540,369,0,0.0065242667
Warm A,480354,2946,2945,540,369,0,-0.0011770815
Warm A,463689,2857,2856,540,369,0,0.0020640055
Warm A,458357,2820,2819,540,369,0,0.005489271
Warm A,493079,3029,3028,540,369,0,0.0034284424
Warm A,415122,2498,2497,540,369,0,0.0040820055
Warm A,399306,2376,2375,540,369,0,0.0065181227
Warm A,391232,2300,2299,540,369,1,0.0032904658
Warm A,379283,2215,2214,540,369,0,0.0022682669
Warm A,385461,2251,2250,540,369,0,0.0056693936
Warm A,358679,2098,2097,540,369,0,-0.00498563
Warm A,352468,2063,2062,540,369,0,0.00780862
Warm A,362000,2109,2108,540,369,0,0.008212768
Warm A,345229,2024,2023,540,369,0,-0.0036308807
Warm A,360307,2105,2104,540,369,0,0.0017851389
Warm A,335299,1979,1978,540,369,0,0.006121418
Warm A,304546,1811,1810,540,369,0,0.0017262722
Warm A,295401,1753,1752,540,369,0,0.0013688395
Warm A,275305,1666,1665,540,369,0,0.009570407
Warm A,333601,1968,1967,540,369,0,0.007300348
Warm A,253193,1538,1537,540,369,0,0.0029585147
Warm A,315683,1880,1879,540,369,0,0.0038301903
Warm A,237363,1445,1444,540,369,0,0.007067961
Warm A,321462,1904,1903,540,369,0,0.0016746651
Warm A,262412,1600,1599,540,369,0,0.009980933
Warm A,299881,1778,1777,540,369,0,0.011536318
Warm A,278100,1676,1675,540,369,0,0.010605663
Warm A,210385,1284,1283,540,369,1,0.005565552
Warm A,280121,1680,1679,540,369,1,-0.0027564077
Warm A,328865,1941,1940,540,369,0,0.0005397713
Warm A,185902,1150,1149,540,369,0,0.0025573042
Warm A,211483,1285,1284,540,369,0,-0.0040400196
Warm A,181194,1132,1131,540,369,1,0.0030646906
Warm A,174460,1102,1101,540,369,1,0.0035273586
Warm A,179889,1125,1124,540,369,0,0.0023497925
Warm A,184184,1146,1145,540,369,0,0.0011383622
Warm A,175858,1112,1111,540,369,0,0.011927765
Warm A,164115,1050,1049,540,369,0,0.0014981229
Warm A,164952,1051,1050,540,369,0,0.00503416
Warm A,168133,1068,1067,540,369,0,0.0074623427
Warm A,145540,935,934,540,369,0,-0.004417041
Warm A,223858,1354,1353,540,369,0,0.008557103
Warm A,115045,746,745,540,369,0,0.001319989
Warm A,114133,741,740,540,369,0,-0.0015337962
Warm A,106392,699,698,540,369,0,0.011771336
Warm A,108387,710,709,540,369,0,0.00840447
Warm A,103561,687,686,540,369,0,-0.0026189652
Warm A,177300,1117,1116,540,369,0,-0.0037692126
Warm A,97619,654,653,540,369,0,0.0056271506
Warm A,240649,1449,1448,540,369,0,-0.00031264382
Warm A,111119,721,720,540,369,0,0.002567281
Warm A,83635,549,548,540,369,0,0.0013581407
Warm A,191602,1181,1180,540,369,0,0.013292239
Warm A,77998,524,523,540,369,0,0.01125611
Warm A,68941,461,460,540,369,0,-0.0015690352
Warm A,72425,482,481,540,369,0,0.0042331438
Warm A,64882,435,434,540,369,0,0.0023104062
Warm A,75170,509,508,540,369,0,0.0042756796
Warm A,132764,855,854,540,369,0,0.0006547434
Warm A,47745,319,318,540,369,0,0.003771495
Warm A,239439,1448,1447,540,369,0,0.0013695941
Warm A,697892,4169,4168,540,369,0,0.006036217
Warm A,3688,26,25,540,369,0,0.0069387835
Warm A,471985,2904,2903,540,369,0,0.002139424
Warm A,50383,331,330,540,369,0,0.004169801
Warm A,355253,2077,2076,540,369,0,0.0043050554
Warm A,150844,970,969,540,369,0,0.008172203
Warm A,363503,2116,2115,540,369,0,0.003386483
Warm A,51568,338,337,540,369,0,0.0025988473
Warm A,102733,678,677,540,369,0,0.008456964
Warm A,79816,531,530,540,369,0,0.0034952941
Warm A,565856,3475,3474,540,369,1,0.004564768
Warm A,474218,2909,2908,540,369,0,-0.0045082318
Warm A,271887,1643,1642,540,369,0,0.003395149
Warm A,235346,1425,1424,540,369,1,-0.0004753333
Warm A,903077,5458,5457,540,369,0,0.0027476042
Warm A,893541,5394,5393,540,369,0,0.0046605803
Warm A,528427,3265,3264,544,373,0,-0.0076812925
Warm A,589974,3599,3598,544,373,1,0.0010806462
Warm A,525174,3242,3241,544,373,0,0.0032323273
Warm A,520454,3209,3208,544,373,0,-0.0062949075
Warm A,521602,3217,3216,544,373,0,0.004082353
Warm A,491041,3018,3017,544,373,1,0.0004908863
Warm A,496696,3051,3050,544,373,0,0.0009312979
Warm A,474222,2909,2908,544,373,1,0.0076010437
Warm A,487272,2996,2995,544,373,0,-0.001929136
Warm A,477610,2931,2930,544,373,0,-0.008090809
Warm A,451278,2777,2776,544,373,1,-0.0025983504
Warm A,407078,2445,2444,544,373,0,-0.0100342585
Warm A,392613,2304,2303,544,373,1,0.0023710565
Warm A,367277,2143,2142,544,373,0,0.0005613114
Warm A,363507,2116,2115,544,373,0,0.0018518767
Warm A,350033,2054,2053,544,373,0,-0.0024893675
Warm A,346810,2032,2031,544,373,1,-0.0012741492
Warm A,343403,2017,2016,544,373,0,0.0090284385
Warm A,315688,1880,1879,544,373,0,-0.004926404
Warm A,297805,1764,1763,544,373,1,-0.006505548
Warm A,289578,1727,1726,544,373,0,-0.0017593068
Warm A,303159,1800,1799,544,373,0,0.0018528061
Warm A,253826,1543,1542,544,373,0,-0.0022955532
Warm A,224808,1358,1357,544,373,0,-0.0034025805
Warm A,227385,1377,1376,544,373,0,0.0068708365
Warm A,221728,1340,1339,544,373,0,-0.0028011976
Warm A,244258,1470,1469,544,373,0,0.00072103227
Warm A,280127,1680,1679,544,373,0,-0.0025518376
Warm A,191606,1181,1180,544,373,0,0.00027369405
Warm A,172430,1091,1090,544,373,0,2.587121e-05
Warm A,328871,1941,1940,544,373,0,-0.0031434626
Warm A,161796,1031,1030,544,373,1,0.0009961538
Warm A,155068,999,998,544,373,1,0.00012353016
Warm A,141088,909,908,544,373,0,-0.0005868729
Warm A,140809,904,903,544,373,0,0.0035831744
Warm A,157341,1010,1009,544,373,0,-0.0015657868
Warm A,380541,2223,2222,544,373,0,0.0033255718
Warm A,137028,881,880,544,373,0,0.010081336
Warm A,973972,5874,5873,544,373,0,0.007886046
Warm A,202754,1244,1243,544,373,0,0.0022066603
Warm A,240653,1449,1448,544,373,0,-0.0019724173
Warm A,106395,699,698,544,373,0,-0.0002755155
Warm A,179891,1125,1124,544,373,0,-0.00034173904
Warm A,96529,647,646,544,373,1,-0.002026666
Warm A,96777,649,648,544,373,0,-0.0031591556
Warm A,480355,2946,2945,544,373,0,-0.010793655
Warm A,91357,604,603,544,373,0,0.0020418735
Warm A,83640,549,548,544,373,0,-0.00315864
Warm A,82006,543,542,544,373,0,0.0055959355
Warm A,239442,1448,1447,544,373,1,0.006512561
Warm A,78004,524,523,544,373,0,0.003141495
Warm A,119617,770,769,544,373,0,0.0068934187
Warm A,68943,461,460,544,373,0,0.0024163108
Warm A,111121,721,720,544,373,0,0.0041568717
Warm A,145542,935,934,544,373,0,0.00022192765
Warm A,37600,256,255,544,373,0,0.007201667
Warm A,22726,163,162,544,373,0,-0.0011581492
Warm A,270308,1635,1634,544,373,0,0.0036854967
Warm A,262635,1601,1600,544,373,1,0.0036869645
Warm A,15818,123,122,544,373,0,0.009372006
Warm A,355257,2077,2076,544,373,0,-0.00821072
Warm A,104623,692,691,544,373,0,-0.0009329794
Warm A,238388,1447,1446,544,373,0,-0.0010006026
Warm A,773562,4610,4609,544,373,0,0.0015342231
Warm A,102737,678,677,544,373,0,-0.008258147
Warm A,680843,4079,4078,544,373,1,-0.0025870327
Warm A,145974,937,936,544,373,0,-0.000543909
Warm A,599554,3648,3647,544,373,0,0.0045334324
Warm A,332014,1958,1957,544,373,0,-0.0128016705
Warm A,498353,3058,3057,547,375,1,0.01199699
Warm A,471749,2901,2900,547,375,0,0.008610537
Warm A,469104,2888,2887,547,375,0,0.013365643
Warm A,472982,2907,2906,547,375,1,0.021508742
Warm A,463693,2857,2856,547,375,0,0.018657517
Warm A,487273,2996,2995,547,375,0,0.016691435
Warm A,455497,2804,2803,547,375,0,0.019548625
Warm A,444894,2743,2742,547,375,0,0.02141348
Warm A,564824,3471,3470,547,375,0,0.015952853
Warm A,429935,2620,2619,547,375,0,0.0020286303
Warm A,415313,2500,2499,547,375,0,-0.0039516194
Warm A,407080,2445,2444,547,375,0,0.0058104154
Warm A,392616,2304,2303,547,375,1,0.015937112
Warm A,377519,2203,2202,547,375,1,0.017867606
Warm A,375241,2186,2185,547,375,0,0.014478552
Warm A,370382,2165,2164,547,375,1,0.014423244
Warm A,368044,2148,2147,547,375,1,0.011368406
Warm A,359653,2102,2101,547,375,0,0.007979788
Warm A,352475,2063,2062,547,375,0,0.010433688
Warm A,362007,2109,2108,547,375,0,0.021818843
Warm A,343405,2017,2016,547,375,0,0.013950257
Warm A,341020,2010,2009,547,375,0,0.016346667
Warm A,314787,1879,1878,547,375,0,0.008011622
Warm A,297808,1764,1763,547,375,1,0.0035856427
Warm A,296236,1757,1756,547,375,0,0.010596111
Warm A,247991,1496,1495,547,375,0,0.016288288
Warm A,240657,1449,1448,547,375,1,0.008538052
Warm A,243364,1466,1465,547,375,0,0.008221908
Warm A,283341,1696,1695,547,375,0,0.013692645
Warm A,227387,1377,1376,547,375,0,0.02457644
Warm A,250545,1509,1508,547,375,1,0.00597239
Warm A,280130,1680,1679,547,375,0,0.015651999
Warm A,202756,1244,1243,547,375,0,0.016099183
Warm A,270311,1635,1634,547,375,0,0.026613856
Warm A,185909,1150,1149,547,375,0,0.012468638
Warm A,184186,1146,1145,547,375,0,0.017877052
Warm A,344501,2021,2020,547,375,1,0.010118781
Warm A,160671,1020,1019,547,375,1,0.01177191
Warm A,157344,1010,1009,547,375,0,0.018384365
Warm A,263778,1605,1604,547,375,1,0.0007085856
Warm A,121633,781,780,547,375,0,0.006412858
Warm A,116954,753,752,547,375,0,0.016380668
Warm A,119619,770,769,547,375,0,0.011156116
Warm A,106398,699,698,547,375,0,0.003975249
Warm A,99144,660,659,547,375,1,0.012806943
Warm A,92880,621,620,547,375,0,0.017792279
Warm A,109999,716,715,547,375,1,0.013382889
Warm A,83643,549,548,547,375,0,0.018230574
Warm A,82009,543,542,547,375,0,0.01691275
Warm A,70554,475,474,547,375,0,0.015317179
Warm A,70979,476,475,547,375,1,0.0062470376
Warm A,54096,352,351,547,375,0,0.015801972
Warm A,50921,335,334,547,375,0,0.01706497
Warm A,334118,1969,1968,547,375,1,0.021519534
Warm A,697900,4169,4168,547,375,0,0.028152902
Warm A,627169,3792,3791,547,375,0,0.0129425805
Warm A,27390,192,191,547,375,0,0.01248441
Warm A,290634,1733,1732,547,375,0,0.017347483
Warm A,45463,306,305,547,375,1,0.016100045
Warm A,238392,1447,1446,547,375,0,0.023856249
Warm A,408501,2453,2452,547,375,1,0.026574146
Warm A,599556,3648,3647,547,375,0,0.018927086
Warm A,507934,3125,3124,547,375,0,0.02287482
Warm A,559507,3436,3435,547,375,0,0.0073341117
Warm A,595035,3620,3619,548,376,0,0.003751764
Warm A,451280,2777,2776,548,376,0,0.006022166
Warm A,564825,3471,3470,548,376,0,0.0076237647
Warm A,415314,2500,2499,548,376,1,0.006757124
Warm A,392617,2304,2303,548,376,1,0.002881007
Warm A,363509,2116,2115,548,376,0,0.0012499443
Warm A,342913,2015,2014,548,376,0,0.005850463
Warm A,341021,2010,2009,548,376,0,0.0038875504
Warm A,337293,1983,1982,548,376,0,0.0034689552
Warm A,330334,1949,1948,548,376,0,0.002193808
Warm A,315692,1880,1879,548,376,0,0.0067114527
Warm A,330231,1948,1947,548,376,0,-0.00024051801
Warm A,297809,1764,1763,548,376,0,0.008544574
Warm A,302357,1794,1793,548,376,0,-0.0009930886
Warm A,289079,1726,1725,548,376,0,0.009390124
Warm A,271360,1640,1639,548,376,0,0.007214045
Warm A,262418,1600,1599,548,376,0,0.0012607404
Warm A,266168,1613,1612,548,376,0,0.008341262
Warm A,248191,1497,1496,548,376,0,0.0037462488
Warm A,236257,1433,1432,548,376,0,0.0058570327
Warm A,283342,1696,1695,548,376,0,-0.00034971465
Warm A,244548,1472,1471,548,376,0,-0.008704374
Warm A,233223,1418,1417,548,376,0,0.011685904
Warm A,227388,1377,1376,548,376,0,0.009775694
Warm A,221731,1340,1339,548,376,0,0.0060527795
Warm A,299886,1778,1777,548,376,1,0.006414069
Warm A,200463,1230,1229,548,376,1,-0.0014196673
Warm A,280131,1680,1679,548,376,0,0.005546784
Warm A,191609,1181,1180,548,376,0,0.0023652911
Warm A,173403,1099,1098,548,376,0,0.0077904677
Warm A,328875,1941,1940,548,376,0,0.014320707
Warm A,218964,1328,1327,548,376,0,0.007912955
Warm A,148473,955,954,548,376,0,0.002095662
Warm A,137031,881,880,548,376,0,0.007195792
Warm A,135927,877,876,548,376,0,0.015199468
Warm A,202757,1244,1243,548,376,0,0.008218258
Warm A,714268,4277,4276,548,376,0,0.005276692
Warm A,254543,1546,1545,548,376,0,0.002281058
Warm A,240658,1449,1448,548,376,0,0.0024143243
Warm A,134926,872,871,548,376,0,-0.00060145627
Warm A,99145,660,659,548,376,0,0.0042447224
Warm A,295119,1752,1751,548,376,0,0.0056178905
Warm A,480356,2946,2945,548,376,0,0.0012701983
Warm A,104625,692,691,548,376,0,-0.0051628486
Warm A,150848,970,969,548,376,0,0.0023164982
Warm A,291770,1737,1736,548,376,1,0.017840847
Warm A,82010,543,542,548,376,1,0.0009502112
Warm A,84627,550,549,548,376,0,0.0018802074
Warm A,78007,524,523,548,376,0,0.01563986
Warm A,111123,721,720,548,376,1,0.0070039714
Warm A,44831,302,301,548,376,0,0.011920711
Warm A,42905,293,292,548,376,0,-0.0023710476
Warm A,40799,273,272,548,376,0,0.010166225
Warm A,627170,3792,3791,548,376,0,0.0035793455
Warm A,30122,202,201,548,376,0,0.004489215
Warm A,29361,199,198,548,376,0,0.0071218843
Warm A,22728,163,162,548,376,0,0.008222628
Warm A,19648,148,147,548,376,1,0.006051673
Warm A,27391,192,191,548,376,0,0.0008272077
Warm A,17238,134,133,548,376,0,0.007163951
Warm A,30692,204,203,548,376,0,0.017550386
Warm A,108394,710,709,548,376,0,0.014623933
Warm A,176193,1113,1112,548,376,0,0.002201952
Warm A,238393,1447,1446,548,376,0,0.009341279
Warm A,778430,4647,4646,548,376,0,-0.0005877963
Warm A,51574,338,337,548,376,0,0.0013186245
Warm A,599557,3648,3647,548,376,0,0.0022768264
Warm A,322805,1912,1911,548,376,0,0.008474186
Warm A,164957,1051,1050,548,376,0,-5.8200676e-05
Warm A,145975,937,936,548,376,0,0.0059928535
Warm A,496697,3051,3050,548,376,0,0.00016816473
Warm A,332017,1958,1957,548,376,0,-0.0010550618
Warm A,311406,1854,1853,548,376,0,0.002950927
Warm A,941858,5682,5681,548,376,1,0.005534879
Warm A,294015,1748,1747,548,376,0,0.0044986955
Warm A,673476,4042,4041,548,376,0,-0.0023482153
Warm A,53120,349,348,548,376,0,0.007004191
Warm A,607832,3688,3687,549,377,1,0.005540545
Warm A,595413,3621,3620,549,377,1,0.0029413658
Warm A,569987,3497,3496,549,377,1,0.0061247936
Warm A,566564,3476,3475,549,377,0,0.012580345
Warm A,553089,3402,3401,549,377,1,0.005121064
Warm A,548160,3380,3379,549,377,0,0.0002278767
Warm A,904481,5468,5467,549,377,1,-0.0049459995
Warm A,536707,3310,3309,549,377,0,0.00047053886
Warm A,535638,3306,3305,549,377,0,-0.0061369394
Warm A,535182,3301,3300,549,377,0,0.0078097302
Warm A,527693,3261,3260,549,377,0,0.003818644
Warm A,523155,3225,3224,549,377,1,-0.0011708582
Warm A,523077,3224,3223,549,377,1,0.0037037472
Warm A,513603,3167,3166,549,377,1,0.008454986
Warm A,546250,3367,3366,549,377,1,0.007831262
Warm A,482953,2967,2966,549,377,0,0.00078506884
Warm A,479406,2941,2940,549,377,1,0.0047089476
Warm A,474854,2913,2912,549,377,1,0.0074611483
Warm A,475686,2918,2917,549,377,1,0.0057078353
Warm A,464694,2863,2862,549,377,1,0.0038978308
Warm A,460906,2841,2840,549,377,1,0.0076332605
Warm A,493085,3029,3028,549,377,1,0.0074551227
Warm A,452908,2788,2787,549,377,1,0.008628572
Warm A,444023,2737,2736,549,377,0,0.0036940416
Warm A,437561,2670,2669,549,377,0,0.0071834335
Warm A,421325,2544,2543,549,377,0,0.010513615
Warm A,417017,2507,2506,549,377,1,0.006480195
Warm A,401841,2397,2396,549,377,1,0.00016643619
Warm A,394868,2331,2330,549,377,1,0.0011598617
Warm A,390813,2293,2292,549,377,1,0.009348432
Warm A,379810,2221,2220,549,377,1,0.001666459
Warm A,378065,2205,2204,549,377,0,0.004574178
Warm A,369416,2161,2160,549,377,1,0.0047098263
Warm A,340095,2007,2006,549,377,1,4.1568273e-05
Warm A,323334,1916,1915,549,377,1,-0.0011582477
Warm A,302568,1796,1795,549,377,1,0.0023343775
Warm A,258031,1579,1578,549,377,1,0.008550048
Warm A,252093,1525,1524,549,377,0,0.00823796
Warm A,246537,1489,1488,549,377,1,0.0144081
Warm A,225445,1364,1363,549,377,1,-0.00039497158
Warm A,225393,1363,1362,549,377,1,0.0026613818
Warm A,284616,1698,1697,549,377,1,-0.0014799093
Warm A,220506,1335,1334,549,377,1,0.007792508
Warm A,215331,1305,1304,549,377,1,0.0031225511
Warm A,211488,1285,1284,549,377,1,0.00232372
Warm A,208456,1273,1272,549,377,1,-0.00025229994
Warm A,308242,1836,1835,549,377,1,0.0034211967
Warm A,201843,1242,1241,549,377,0,-0.007168975
Warm A,199700,1224,1223,549,377,1,0.0011654651
Warm A,197523,1211,1210,549,377,1,-0.0053116716
Warm A,189180,1172,1171,549,377,1,-0.0031306727
Warm A,184499,1147,1146,549,377,1,0.005619136
Warm A,316446,1883,1882,549,377,0,0.008131143
Warm A,191610,1181,1180,549,377,0,0.0053186608
Warm A,161900,1032,1031,549,377,1,0.0022512597
Warm A,320424,1899,1898,549,377,1,0.005870289
Warm A,158794,1015,1014,549,377,1,0.0012114123
Warm A,149303,960,959,549,377,1,-0.00080285996
Warm A,185911,1150,1149,549,377,1,0.008959875
Warm A,812364,4875,4874,549,377,1,0.005717801
Warm A,139515,891,890,549,377,1,0.011295304
Warm A,131407,850,849,549,377,1,-0.0002703194
Warm A,127956,826,825,549,377,1,0.002321233
Warm A,127864,824,823,549,377,0,0.00025129475
Warm A,125391,806,805,549,377,1,-0.0029073167
Warm A,254199,1545,1544,549,377,1,0.0029339427
Warm A,98021,655,654,549,377,0,0.0013129318
Warm A,82359,546,545,549,377,0,0.0032055923
Warm A,84628,550,549,549,377,1,0.008263165
Warm A,75767,515,514,549,377,0,0.002475683
Warm A,54828,358,357,549,377,1,0.0056097945
Warm A,506091,3112,3111,549,377,0,0.010107481
Warm A,45637,307,306,549,377,0,-0.008153576
Warm A,34869,235,234,549,377,1,0.009500767
Warm A,33694,225,224,549,377,0,0.006317352
Warm A,199921,1227,1226,549,377,1,0.010130054
Warm A,133696,864,863,549,377,1,0.0051933047
Warm A,22108,161,160,549,377,1,-0.0008580957
Warm A,947817,5722,5721,549,377,1,0.0036596966
Warm A,20236,149,148,549,377,1,0.0039915815
Warm A,17660,136,135,549,377,1,0.003636399
Warm A,890274,5371,5370,549,377,1,0.0013008693
Warm A,984283,5948,5947,549,377,1,0.0046556536
Warm A,986846,5956,5955,549,377,1,0.008423151
Warm A,284993,1699,1698,549,377,1,0.0014985669
Warm A,455224,2802,2801,549,377,1,0.0035537442
Warm A,892057,5387,5386,549,377,0,0.005961764
Warm A,89456,588,587,549,377,0,-0.000631918
Warm A,24572,173,172,549,377,0,-0.0007574968
Warm A,160528,1019,1018,549,377,0,0.0078070536
Warm A,295121,1752,1751,549,377,0,0.0015022666
Warm A,631897,3821,3820,549,377,0,0.0010414121
Warm A,46162,308,307,549,377,1,0.0026804807
Warm A,287913,1717,1716,549,377,1,0.0069439355
Warm A,821772,4940,4939,549,377,1,-0.0035199237
Warm A,770638,4591,4590,549,377,0,0.011504051
Warm A,937443,5654,5653,549,377,1,0.001687235
Warm A,659330,3971,3970,550,378,1,-0.0044437847
Warm A,563268,3464,3463,550,378,0,0.011809429
Warm A,573735,3512,3511,550,378,0,-5.2781776e-05
Warm A,544804,3358,3357,550,378,1,0.0063767144
Warm A,904485,5468,5467,550,378,0,-0.0029712755
Warm A,542532,3336,3335,550,378,0,-0.005978031
Warm A,536356,3308,3307,550,378,1,0.0069045643
Warm A,529305,3271,3270,550,378,0,-0.005569242
Warm A,526378,3255,3254,550,378,0,-0.0014936791
Warm A,524765,3239,3238,550,378,1,0.0009972784
Warm A,518179,3197,3196,550,378,1,-0.0006785497
Warm A,513268,3163,3162,550,378,0,0.002082366
Warm A,511234,3153,3152,550,378,1,-0.0016445683
Warm A,509982,3140,3139,550,378,1,0.003797051
Warm A,505892,3111,3110,550,378,0,0.0016767211
Warm A,503727,3095,3094,550,378,0,-0.0019297455
Warm A,502331,3082,3081,550,378,1,-0.011238458
Warm A,499824,3067,3066,550,378,1,0.003815002
Warm A,493100,3029,3028,550,378,0,0.002023754
Warm A,492228,3026,3025,550,378,0,0.0040969593
Warm A,488808,3007,3006,550,378,1,0.00073475356
Warm A,490458,3017,3016,550,378,0,-0.0083658155
Warm A,497490,3054,3053,550,378,0,-0.006828918
Warm A,485405,2986,2985,550,378,1,0.011347573
Warm A,469108,2888,2887,550,378,1,-0.004493366
Warm A,468057,2885,2884,550,378,1,0.012135297
Warm A,880250,5317,5316,550,378,1,-0.0063581616
Warm A,461022,2842,2841,550,378,0,0.00080313534
Warm A,453360,2792,2791,550,378,0,0.009258107
Warm A,451290,2777,2776,550,378,1,-0.0010180186
Warm A,428900,2609,2608,550,378,1,0.002264319
Warm A,417033,2507,2506,550,378,0,-0.0015079997
Warm A,408513,2453,2452,550,378,1,0.0026001814
Warm A,401193,2390,2389,550,378,0,-0.0071783764
Warm A,404807,2419,2418,550,378,1,-0.007141209
Warm A,375779,2188,2187,550,378,0,0.01167271
Warm A,358740,2099,2098,550,378,0,-0.002875184
Warm A,352500,2063,2062,550,378,1,0.0020511127
Warm A,362018,2109,2108,550,378,0,8.950755e-05
Warm A,359035,2100,2099,550,378,1,-0.006550134
Warm A,360322,2105,2104,550,378,0,0.0041028243
Warm A,323344,1916,1915,550,378,1,0.008109135
Warm A,299895,1778,1777,550,378,0,-0.0032011406
Warm A,302369,1794,1793,550,378,0,0.0011748926
Warm A,296242,1757,1756,550,378,1,0.013173475
Warm A,287280,1714,1713,550,378,1,0.0046833856
Warm A,281467,1687,1686,550,378,1,-0.00011677295
Warm A,306445,1825,1824,550,378,1,-0.0015169327
Warm A,266541,1616,1615,550,378,0,0.007452088
Warm A,259742,1587,1586,550,378,0,-0.0008550198
Warm A,243369,1466,1465,550,378,0,-0.00033952808
Warm A,262426,1600,1599,550,378,0,0.0077129565
Warm A,253195,1538,1537,550,378,1,0.0024680658
Warm A,231811,1404,1403,550,378,0,-0.00031315838
Warm A,336509,1980,1979,550,378,0,-0.0003538956
Warm A,276541,1671,1670,550,378,0,-0.0002806401
Warm A,289591,1727,1726,550,378,1,-0.0093517825
Warm A,296670,1758,1757,550,378,0,0.0003044596
Warm A,326892,1937,1936,550,378,0,0.0040898584
Warm A,206166,1264,1263,550,378,1,-0.006951239
Warm A,203920,1254,1253,550,378,0,-0.011399658
Warm A,280164,1680,1679,550,378,1,-0.005255794
Warm A,215193,1303,1302,550,378,0,-0.004779953
Warm A,305221,1812,1811,550,378,1,-0.003881103
Warm A,189187,1172,1171,550,378,0,0.0030280468
Warm A,328902,1941,1940,550,378,0,0.0067398064
Warm A,164122,1050,1049,550,378,1,0.0080881305
Warm A,189552,1173,1172,550,378,0,0.008053146
Warm A,164970,1051,1050,550,378,1,-0.0011061444
Warm A,150860,970,969,550,378,0,-0.0048185587
Warm A,142565,919,918,550,378,1,-0.0046197977
Warm A,140409,899,898,550,378,0,0.0012378786
Warm A,139002,889,888,550,378,0,-0.006695073
Warm A,135936,877,876,550,378,0,0.008540604
Warm A,332931,1962,1961,550,378,1,0.0032318057
Warm A,125329,805,804,550,378,0,0.0029292135
Warm A,361210,2106,2105,550,378,0,0.00791838
Warm A,108413,710,709,550,378,0,0.004256862
Warm A,101200,675,674,550,378,0,0.0036982195
Warm A,235362,1425,1424,550,378,1,0.0039599524
Warm A,90849,601,600,550,378,0,0.0039319526
Warm A,90306,595,594,550,378,1,0.0048759216
Warm A,87374,570,569,550,378,0,0.004134978
Warm A,86905,566,565,550,378,0,-0.0024985059
Warm A,78026,524,523,550,378,0,0.005225893
Warm A,82017,543,542,550,378,0,0.0005709843
Warm A,72446,482,481,550,378,0,0.0071817823
Warm A,69273,463,462,550,378,0,0.0070661777
Warm A,65651,438,437,550,378,1,0.002188461
Warm A,75190,509,508,550,378,0,0.0034004392
Warm A,50399,331,330,550,378,0,-0.0058546523
Warm A,78749,528,527,550,378,0,0.0044093207
Warm A,132778,855,854,550,378,0,-0.0011921837
Warm A,89015,587,586,550,378,0,0.0032587606
Warm A,288682,1724,1723,550,378,0,0.00038084527
Warm A,49730,329,328,550,378,0,0.0022029886
Warm A,4799,34,33,550,378,1,-0.0023961412
Warm A,3715,26,25,550,378,0,-0.0045102546
Warm A,207232,1266,1265,550,378,0,-0.0024262974
Warm A,79829,531,530,550,378,1,0.003924053
Warm A,893552,5394,5393,550,378,0,-0.003165995
Warm A,572594,3507,3506,550,378,0,0.0018911464
Warm A,750747,4478,4477,550,378,1,-0.0024802068
Warm A,318023,1889,1888,550,378,0,0.0043490957
Warm A,102756,678,677,550,378,1,0.0067218365
Warm A,383852,2242,2241,550,378,0,0.0072434335
Warm A,20964,151,150,550,378,0,0.001345247
Warm A,290645,1733,1732,550,378,0,-0.0035570147
Warm A,195840,1203,1202,550,378,0,0.0020566485
Warm A,286972,1712,1711,550,378,0,0.0042977454
Warm A,841642,5054,5053,550,378,0,0.0019709943
Warm A,964660,5812,5811,550,378,0,-0.006432846
Warm A,454790,2796,2795,550,378,0,0.0043697096
Warm A,497787,3055,3054,550,378,0,-7.439009e-05
Warm A,501564,3080,3079,550,378,0,-0.0029113537
Warm A,295813,1755,1754,550,378,0,0.006391525
Warm A,193970,1194,1193,550,378,0,0.0035303878
Warm A,550739,3391,3390,550,378,0,0.0024740815
Warm A,470235,2895,2894,556,383,1,0.007578152
Warm A,464697,2863,2862,556,383,1,0.0074650114
Warm A,462940,2856,2855,556,383,0,-0.00035070197
Warm A,461172,2844,2843,556,383,1,-0.006641384
Warm A,460484,2840,2839,556,383,1,0.0065969042
Warm A,459688,2832,2831,556,383,1,-0.015846517
Warm A,454135,2793,2792,556,383,1,0.004994286
Warm A,444029,2737,2736,556,383,1,0.0074849916
Warm A,443389,2733,2732,556,383,1,0.016326495
Warm A,437797,2674,2673,556,383,1,-0.004544988
Warm A,428357,2605,2604,556,383,1,0.010656353
Warm A,417041,2507,2506,556,383,1,0.011696454
Warm A,406294,2436,2435,556,383,1,0.011704003
Warm A,397141,2351,2350,556,383,1,-0.0032033846
Warm A,463939,2859,2858,556,383,1,0.003769542
Warm A,369419,2161,2160,556,383,1,0.009201306
Warm A,334354,1973,1972,556,383,1,-0.0017779861
Warm A,323348,1916,1915,556,383,1,0.0060020145
Warm A,302572,1796,1795,556,383,1,0.011421774
Warm A,298255,1767,1766,556,383,1,0.013799495
Warm A,295411,1753,1752,556,383,1,0.0017815318
Warm A,294033,1748,1747,556,383,0,-0.0038142258
Warm A,280174,1680,1679,556,383,1,0.0073635164
Warm A,254792,1550,1549,556,383,1,-0.005798444
Warm A,303165,1800,1799,556,383,1,6.336556e-05
Warm A,232211,1408,1407,556,383,1,0.00992939
Warm A,329675,1943,1942,556,383,1,0.005881167
Warm A,225447,1364,1363,556,383,1,0.009971923
Warm A,336519,1980,1979,556,383,1,0.006285607
Warm A,284643,1698,1697,556,383,1,0.008224257
Warm A,215332,1305,1304,556,383,1,0.0006750566
Warm A,211517,1285,1284,556,383,1,0.009830001
Warm A,207857,1271,1270,556,383,1,-0.0016056281
Warm A,201859,1242,1241,556,383,1,0.0068204957
Warm A,293343,1746,1745,556,383,1,0.01156926
Warm A,316458,1883,1882,556,383,1,0.013979074
Warm A,164127,1050,1049,556,383,1,0.0039607626
Warm A,226302,1369,1368,556,383,1,0.0046172263
Warm A,149077,958,957,556,383,0,0.0088346265
Warm A,148596,956,955,556,383,1,0.002221078
Warm A,154674,998,997,556,383,1,0.0023586338
Warm A,185943,1150,1149,556,383,0,0.008896748
Warm A,130348,844,843,556,383,0,0.00281279
Warm A,129797,839,838,556,383,1,0.0064347247
Warm A,125393,806,805,556,383,1,0.0061682696
Warm A,82565,548,547,556,383,1,0.0046531036
Warm A,78033,524,523,556,383,1,0.004584198
Warm A,116720,752,751,556,383,1,0.01237041
Warm A,58257,392,391,556,383,1,0.016136575
Warm A,47771,319,318,556,383,1,-0.0038348227
Warm A,45079,303,302,556,383,1,0.0034534163
Warm A,33715,225,224,556,383,1,0.005225158
Warm A,32390,216,215,556,383,0,0.00511308
Warm A,31411,212,211,556,383,1,0.0043575214
Warm A,199928,1227,1226,556,383,1,-0.0014210602
Warm A,22123,161,160,556,383,1,0.0049346425
Warm A,26604,187,186,556,383,1,0.00273847
Warm A,43488,299,298,556,383,1,-0.008686094
Warm A,16785,131,130,556,383,1,0.009477295
Warm A,7210,49,48,556,383,1,0.0014710254
Warm A,3109,23,22,556,383,0,-0.0018702823
Warm A,160551,1019,1018,556,383,0,0.009519311
Warm A,932740,5630,5629,556,383,1,0.0060402006
Warm A,65655,438,437,556,383,1,1.3825949e-05
Warm A,285003,1699,1698,556,383,1,0.010144141
Warm A,460919,2841,2840,556,383,1,0.0109557025
Warm A,182298,1137,1136,556,383,1,0.008846337
Warm A,250005,1505,1504,556,383,1,0.014252483
Warm A,111784,727,726,556,383,1,0.0048965598
Warm A,287930,1717,1716,556,383,0,0.010978868
Warm A,5328,36,35,556,383,1,0.0066817193
Warm A,34887,235,234,556,383,1,0.0015368224
Warm A,445751,2748,2747,558,384,0,0.008768546
Warm A,444460,2742,2741,558,384,0,0.004321558
Warm A,437846,2675,2674,558,384,0,0.00784668
Warm A,424155,2571,2570,558,384,0,0.011651213
Warm A,419100,2529,2528,558,384,1,0.0051591303
Warm A,409879,2457,2456,558,384,0,0.014606174
Warm A,403831,2411,2410,558,384,0,0.0067107254
Warm A,373656,2180,2179,558,384,0,0.015512283
Warm A,370607,2166,2165,558,384,0,0.008928692
Warm A,363526,2116,2115,558,384,0,0.013704382
Warm A,354420,2073,2072,558,384,0,0.002374642
Warm A,362023,2109,2108,558,384,0,0.0053590224
Warm A,327075,1938,1937,558,384,0,0.017307285
Warm A,331148,1956,1955,558,384,0,0.004044796
Warm A,311679,1857,1856,558,384,1,0.0011535492
Warm A,300781,1781,1780,558,384,0,0.015318358
Warm A,278117,1676,1675,558,384,0,0.007285062
Warm A,253653,1542,1541,558,384,0,0.006764046
Warm A,236259,1433,1432,558,384,0,0.004308004
Warm A,247414,1495,1494,558,384,0,0.006405401
Warm A,376506,2195,2194,558,384,0,0.010213392
Warm A,216543,1314,1313,558,384,0,-0.007084938
Warm A,280175,1680,1679,558,384,1,0.013281504
Warm A,273392,1647,1646,558,384,0,0.01100791
Warm A,207858,1271,1270,558,384,1,0.011644388
Warm A,250552,1509,1508,558,384,0,0.010651749
Warm A,213772,1298,1297,558,384,0,0.009233451
Warm A,235923,1427,1426,558,384,0,0.0017909328
Warm A,177750,1119,1118,558,384,0,0.006359162
Warm A,249092,1501,1500,558,384,1,0.009157293
Warm A,227749,1380,1379,558,384,0,0.0073637143
Warm A,364032,2120,2119,558,384,0,0.0002284206
Warm A,342930,2015,2014,558,384,0,-0.002602667
Warm A,165531,1054,1053,558,384,0,0.0044111745
Warm A,314538,1878,1877,558,384,0,0.009242556
Warm A,143152,922,921,558,384,0,0.014643368
Warm A,157366,1010,1009,558,384,0,0.011537815
Warm A,277261,1675,1674,558,384,0,0.01276673
Warm A,134824,871,870,558,384,0,0.003249628
Warm A,134714,869,868,558,384,1,0.007472419
Warm A,127446,822,821,558,384,0,-0.0070995027
Warm A,126799,817,816,558,384,0,0.014328082
Warm A,124053,798,797,558,384,0,0.01663475
Warm A,235367,1425,1424,558,384,0,0.013179144
Warm A,166812,1060,1059,558,384,0,0.010211848
Warm A,99383,662,661,558,384,0,0.008475773
Warm A,152366,980,979,558,384,0,0.009144816
Warm A,93911,629,628,558,384,1,0.0007021654
Warm A,92241,614,613,558,384,1,0.006582003
Warm A,87524,571,570,558,384,0,0.004505595
Warm A,87376,570,569,558,384,0,0.00960606
Warm A,86297,563,562,558,384,0,0.011957768
Warm A,80820,536,535,558,384,0,0.0074225506
Warm A,84649,550,549,558,384,0,0.008208959
Warm A,71207,477,476,558,384,0,0.00011660205
Warm A,62259,421,420,558,384,1,0.0051900633
Warm A,49736,329,328,558,384,0,0.0006379616
Warm A,40128,271,270,558,384,1,0.017748866
Warm A,31268,210,209,558,384,1,-0.0017001936
Warm A,56147,372,371,558,384,0,0.007377256
Warm A,19673,148,147,558,384,0,0.0035162682
Warm A,11228,83,82,558,384,0,0.0055268044
Warm A,10577,75,74,558,384,1,0.0012183865
Warm A,30712,204,203,558,384,0,0.01181551
Warm A,28504,195,194,558,384,1,0.013238141
Warm A,79835,531,530,558,384,0,0.014590941
Warm A,552755,3401,3400,558,384,0,0.0050327806
Warm A,139297,890,889,558,384,1,0.0050847153
Warm A,386252,2258,2257,558,384,0,0.005174806
Warm A,222812,1348,1347,558,384,0,0.0026445556
Warm A,12178,92,91,558,384,0,0.011301481
Warm A,959143,5787,5786,558,384,0,0.0076401886
Warm A,344979,2023,2022,558,384,0,0.014265344
Warm A,178483,1120,1119,558,384,0,-0.0063632717
Warm A,690041,4126,4125,558,384,1,0.0098047275
Warm A,948029,5723,5722,565,386,0,0.013531772
Warm A,255701,1556,1555,569,387,1,0.0061807847
Warm A,324133,1920,1919,569,387,1,0.018836807
Warm A,361232,2106,2105,569,387,0,-0.0029258397
Warm A,145169,934,933,569,387,1,0.009662428
Warm A,157392,1010,1009,569,387,0,0.008682968
Warm A,141776,911,910,569,387,1,0.011143828
Warm A,263814,1605,1604,569,387,0,0.009583188
Warm A,126802,817,816,569,387,0,0.004746839
Warm A,240717,1449,1448,569,387,0,0.0022525745
Warm A,106425,699,698,569,387,0,-0.014212798
Warm A,99179,660,659,569,387,0,0.008299153
Warm A,93922,629,628,569,387,0,0.0047529307
Warm A,78052,524,523,569,387,1,0.0072906534
Warm A,70996,476,475,569,387,1,0.0036648705
Warm A,65666,438,437,569,387,0,0.0044993954
Warm A,75209,509,508,569,387,0,-0.0006322459
Warm A,59563,403,402,569,387,0,-0.0031577647
Warm A,325923,1928,1927,569,387,0,-0.0026078224
Warm A,58276,392,391,569,387,0,0.006191604
Warm A,38457,261,260,569,387,1,3.566267e-05
Warm A,145649,936,935,569,387,1,0.0163614
Warm A,30161,202,201,569,387,0,0.005709538
Warm A,27425,192,191,569,387,0,0.004658756
Warm A,12190,92,91,569,387,0,0.0035351238
Warm A,7098,48,47,569,387,0,0.006190557
Warm A,518,6,5,569,387,1,0.005263541
Warm A,21052,153,152,569,387,0,0.009021021
Warm A,348319,2041,2040,569,387,0,0.008354568
Warm A,4643,33,32,569,387,0,0.0008202238
Warm A,355285,2077,2076,569,387,0,0.004550851
Warm A,78762,528,527,569,387,0,-0.0046755364
Warm A,363546,2116,2115,569,387,0,0.007510601
Warm A,238440,1447,1446,569,387,0,0.0010755248
Warm A,879536,5312,5311,569,387,0,0.0047971946
Warm A,134736,869,868,569,387,0,-0.0018974004
Warm A,344986,2023,2022,569,387,1,0.0033977986
Warm A,215788,1306,1305,569,387,1,0.00015740271
Warm A,341911,2012,2011,569,387,0,0.004332386
Warm A,174433,1101,1100,569,387,0,0.009549841
Warm A,116963,753,752,569,387,1,0.004886634
Warm A,702750,4215,4214,574,388,0,0.0076617897
Warm A,695002,4165,4164,574,388,1,-0.006043692
Warm A,692891,4150,4149,574,388,0,0.004462048
Warm A,688915,4122,4121,574,388,1,0.001121061
Warm A,732904,4384,4383,574,388,1,0.0014207868
Warm A,683268,4088,4087,574,388,0,-0.0024023743
Warm A,681131,4083,4082,574,388,0,-0.0009959419
Warm A,683672,4089,4088,574,388,0,0.004459886
Warm A,676346,4055,4054,574,388,0,0.0103918025
Warm A,675732,4054,4053,574,388,1,0.00154012
Warm A,747417,4459,4458,574,388,1,0.0058344025
Warm A,685965,4103,4102,574,388,1,0.0063134413
Warm A,661199,3988,3987,574,388,0,-0.0045115887
Warm A,670006,4028,4027,574,388,1,0.0015663008
Warm A,643441,3878,3877,574,388,0,0.002008431
Warm A,617943,3745,3744,574,388,1,0.00047266635
Warm A,614291,3721,3720,574,388,0,-0.0007040561
Warm A,610744,3705,3704,574,388,1,0.006049647
Warm A,603829,3675,3674,574,388,0,0.00667897
Warm A,590597,3603,3602,574,388,0,-0.0027992746
Warm A,583790,3563,3562,574,388,1,0.00080855633
Warm A,581946,3557,3556,574,388,0,0.0010348348
Warm A,578826,3539,3538,574,388,1,0.010655662
Warm A,575691,3520,3519,574,388,1,0.0048679663
Warm A,568622,3490,3489,574,388,0,-0.0014431663
Warm A,593199,3618,3617,574,388,0,0.00028298295
Warm A,560955,3451,3450,574,388,1,-0.007512289
Warm A,556134,3418,3417,574,388,1,0.001223838
Warm A,549577,3391,3390,574,388,1,0.00075492077
Warm A,546605,3371,3370,574,388,1,0.0025019979
Warm A,542880,3341,3340,574,388,0,0.0011647772
Warm A,522028,3224,3223,574,388,1,-0.0001337917
Warm A,515200,3182,3181,574,388,0,-2.3128465e-05
Warm A,514684,3180,3179,574,388,0,-0.0037487568
Warm A,501979,3082,3081,574,388,0,0.0030602706
Warm A,501045,3080,3079,574,388,1,0.007332534
Warm A,499026,3067,3066,574,388,1,0.007836091
Warm A,486100,2994,2993,574,388,0,0.0018463242
Warm A,484714,2986,2985,574,388,1,0.007789753
Warm A,482473,2967,2966,574,388,0,0.0053893556
Warm A,465474,2872,2871,574,388,1,-0.0016765764
Warm A,464583,2863,2862,574,388,1,0.0033964347
Warm A,458810,2825,2824,574,388,1,-0.0054604597
Warm A,457531,2820,2819,574,388,1,0.0036376072
Warm A,795923,4771,4770,574,388,1,-0.005888749
Warm A,443643,2737,2736,574,388,1,0.003994575
Warm A,440865,2700,2699,574,388,1,0.0024040109
Warm A,433902,2645,2644,574,388,0,0.00024690456
Warm A,407911,2453,2452,574,388,1,-0.0062632095
Warm A,372210,2174,2173,574,388,1,0.0025620563
Warm A,358742,2100,2099,574,388,1,0.010415357
Warm A,320672,1902,1901,574,388,1,0.004032159
Warm A,310018,1845,1844,574,388,1,0.0037573623
Warm A,287020,1714,1713,574,388,1,-0.001907727
Warm A,281088,1687,1686,574,388,1,0.0017352859
Warm A,278401,1680,1679,574,388,0,0.012250272
Warm A,268401,1631,1630,574,388,1,-0.0069360947
Warm A,267448,1626,1625,574,388,1,0.0023224084
Warm A,258229,1584,1583,574,388,0,0.005893437
Warm A,259214,1587,1586,574,388,0,-0.00053265237
Warm A,304191,1807,1806,574,388,0,-0.0029561995
Warm A,246762,1491,1490,574,388,0,0.005099133
Warm A,301646,1793,1792,574,388,0,-0.007433472
Warm A,296262,1758,1757,574,388,1,0.00398003
Warm A,212695,1297,1296,574,388,1,0.0001133068
Warm A,205486,1264,1263,574,388,1,0.0020126905
Warm A,307852,1836,1835,574,388,1,-0.0061071506
Warm A,210421,1285,1284,574,388,1,0.010030691
Warm A,294058,1749,1748,574,388,0,-0.0011149094
Warm A,185989,1151,1150,574,388,1,0.0035743373
Warm A,184691,1150,1149,574,388,1,0.008703272
Warm A,201268,1242,1241,574,388,1,0.0018685809
Warm A,176455,1116,1115,574,388,1,-0.0116723925
Warm A,163578,1050,1049,574,388,0,0.0012241063
Warm A,225916,1369,1368,574,388,1,0.003368118
Warm A,230396,1395,1394,574,388,0,-2.6799738e-05
Warm A,157586,1015,1014,574,388,1,0.005334407
Warm A,142261,919,918,574,388,1,0.0027617346
Warm A,712581,4277,4276,574,388,0,0.0024611228
Warm A,311827,1860,1859,574,388,1,0.013042326
Warm A,199942,1228,1227,574,388,1,0.010841126
Warm A,159666,1019,1018,574,388,0,0.010777295
Warm A,97637,655,654,574,388,0,-0.004321924
Warm A,294713,1752,1751,574,388,1,0.00373878
Warm A,631228,3821,3820,574,388,0,0.004396703
Warm A,695644,4169,4168,574,388,0,0.0049037742
Warm A,283722,1698,1697,574,388,1,0.00050865184
Warm A,88650,587,586,574,388,0,0.0006644598
Warm A,291037,1737,1736,574,388,0,0.0075002927
Warm A,238459,1448,1447,574,388,1,-0.0020430824
Warm A,77054,524,523,574,388,0,0.007076646
Warm A,79908,533,532,574,388,1,0.005514552
Warm A,69398,466,465,574,388,1,0.0048885914
Warm A,67133,452,451,574,388,1,0.008391749
Warm A,132176,855,854,574,388,0,0.0061499528
Warm A,31639,216,215,574,388,0,-0.0056848517
Warm A,33249,225,224,574,388,1,0.0043813596
Warm A,22905,166,165,574,388,0,0.0064064865
Warm A,16517,131,130,574,388,1,0.008149687
Warm A,65846,442,441,574,388,0,-0.0021208175
Warm A,92948,623,622,574,388,1,0.003023425
Warm A,892725,5394,5393,574,388,0,0.008535286
Warm A,289852,1733,1732,574,388,1,0.0010192608
Warm A,828459,4979,4978,574,388,0,-0.0008453374
Warm A,20535,151,150,574,388,0,0.0017613503
Warm A,195130,1203,1202,574,388,1,0.005582482
Warm A,960218,5792,5791,574,388,0,-0.0031496128
Warm A,321929,1912,1911,574,388,0,0.0033912729
Warm A,509675,3140,3139,574,388,0,-0.0027991766
Warm A,115728,752,751,574,388,0,0.0020917212
Warm A,62377,424,423,574,388,1,-0.0019643188
Warm A,857775,5156,5155,574,388,1,0.0040476145
Warm A,214554,1303,1302,574,388,0,0.011150901
Warm A,974165,5878,5877,574,388,0,0.008154755
Warm A,489070,3012,3011,574,388,0,0.011020388
Warm A,322980,1916,1915,575,389,0,0.004592818
Warm A,288060,1721,1720,575,389,0,-0.004613292
Warm A,360345,2106,2105,575,389,0,-0.00030922843
Warm A,247241,1495,1494,575,389,0,0.006473225
Warm A,223955,1356,1355,575,389,0,-0.0021183698
Warm A,277284,1676,1675,575,389,0,-0.0023368523
Warm A,205207,1263,1262,575,389,0,-0.0013251592
Warm A,261498,1599,1598,575,389,1,-0.0015500342
Warm A,213181,1298,1297,575,389,1,0.005919751
Warm A,278402,1680,1679,575,389,0,-0.004356917
Warm A,236264,1434,1433,575,389,0,0.0042837923
Warm A,188356,1169,1168,575,389,0,-0.0076921564
Warm A,177778,1120,1119,575,389,0,-0.005919395
Warm A,173416,1100,1099,575,389,0,0.006209793
Warm A,198532,1220,1219,575,389,1,0.0036129728
Warm A,255369,1556,1555,575,389,0,0.0012123422
Warm A,165406,1054,1053,575,389,1,-0.0012899144
Warm A,380043,2223,2222,575,389,0,-0.0058191083
Warm A,248580,1501,1500,575,389,1,0.009951415
Warm A,262861,1605,1604,575,389,0,-0.001386927
Warm A,239499,1449,1448,575,389,0,-0.005958117
Warm A,105759,699,698,575,389,0,0.003133853
Warm A,179335,1125,1124,575,389,0,-0.000957693
Warm A,109110,714,713,575,389,0,-0.00065187295
Warm A,73021,494,493,575,389,1,-0.0009112038
Warm A,70575,476,475,575,389,1,-0.0026760614
Warm A,87021,569,568,575,389,0,-0.0012281648
Warm A,74498,509,508,575,389,0,0.0023877982
Warm A,46339,310,309,575,389,1,0.0006978592
Warm A,41561,284,283,575,389,0,0.0012960061
Warm A,695645,4169,4168,575,389,0,0.0030337512
Warm A,336786,1983,1982,575,389,0,-0.0029399479
Warm A,32786,223,222,575,389,0,-0.0037777573
Warm A,234615,1425,1424,575,389,0,-0.0015484524
Warm A,10410,75,74,575,389,1,-0.00022113312
Warm A,27741,195,194,575,389,1,-0.006136019
Warm A,6516,48,47,575,389,0,0.010344016
Warm A,233763,1422,1421,575,389,0,0.00020997622
Warm A,78997,531,530,575,389,0,0.005662464
Warm A,19089,148,147,575,389,1,-0.0015844038
Warm A,362590,2116,2115,575,389,1,-0.00248304
Warm A,171087,1088,1087,575,389,0,0.0013235235
Warm A,335306,1980,1979,575,389,1,-0.0024354337
Warm A,716982,4294,4293,575,389,0,0.010797212
Warm A,342058,2015,2014,575,389,0,-0.00044114934
Warm A,257311,1579,1578,575,389,0,-0.004341163
Warm A,877341,5302,5301,575,389,0,0.006693156
Warm A,699505,4186,4185,580,390,0,0.013492314
Warm A,748190,4467,4466,580,390,0,0.0070478073
Warm A,503161,3090,3089,581,391,0,-0.0029400191
Warm A,545927,3367,3366,581,391,1,-0.0025150608
Warm A,454414,2796,2795,581,391,0,-0.0014754627
Warm A,443650,2737,2736,581,391,1,-0.003628926
Warm A,695660,4169,4168,581,391,1,0.0051638572
Warm A,790243,4728,4727,581,391,0,0.0021257172
Warm A,437691,2674,2673,581,391,1,0.003946385
Warm A,428190,2605,2604,581,391,1,0.005227127
Warm A,420673,2544,2543,581,391,1,0.0020397617
Warm A,416226,2507,2506,581,391,1,0.0064323037
Warm A,390563,2293,2292,581,391,1,0.009054731
Warm A,368995,2157,2156,581,391,0,-0.000121789635
Warm A,351122,2061,2060,581,391,1,0.003916884
Warm A,337851,1988,1987,581,391,1,-0.0009913491
Warm A,330900,1954,1953,581,391,1,0.0049579004
Warm A,297978,1767,1766,581,391,1,0.0079321675
Warm A,278435,1680,1679,581,391,1,-0.0014453665
Warm A,280641,1685,1684,581,391,1,0.0064103687
Warm A,275950,1671,1670,581,391,1,0.008822463
Warm A,273633,1650,1649,581,391,1,0.011641497
Warm A,268675,1632,1631,581,391,0,0.009001184
Warm A,228816,1387,1386,581,391,1,0.002925992
Warm A,220232,1335,1334,581,391,1,0.012234408
Warm A,289111,1727,1726,581,391,1,-0.0007980226
Warm A,210441,1285,1284,581,391,1,0.0033004554
Warm A,316042,1883,1882,581,391,1,-0.002770453
Warm A,327406,1941,1940,581,391,0,0.0005991481
Warm A,165005,1052,1051,581,391,0,-0.0012949205
Warm A,166232,1059,1058,581,391,1,4.5311637e-05
Warm A,225928,1369,1368,581,391,0,0.008006403
Warm A,319745,1899,1898,581,391,1,0.00057099503
Warm A,212703,1297,1296,581,391,1,0.0011672745
Warm A,148932,958,957,581,391,1,0.002573505
Warm A,154547,998,997,581,391,1,-0.008117145
Warm A,184713,1150,1149,581,391,0,0.008179535
Warm A,141102,910,909,581,391,1,-0.0015839837
Warm A,139310,891,890,581,391,1,-0.0009300185
Warm A,130906,850,849,581,391,1,-0.00020166149
Warm A,127930,826,825,581,391,1,0.004271053
Warm A,115744,752,751,581,391,1,0.0013879989
Warm A,132185,855,854,581,391,1,0.007150165
Warm A,329040,1943,1942,581,391,1,0.0012102628
Warm A,631241,3821,3820,581,391,0,-0.0023091706
Warm A,89515,590,589,581,391,1,-0.0044654077
Warm A,238472,1448,1447,581,391,1,0.0019132458
Warm A,69361,465,464,581,391,1,-0.006059801
Warm A,59854,408,407,581,391,1,0.006201906
Warm A,201276,1242,1241,581,391,0,-0.0006362961
Warm A,47125,319,318,581,391,1,-0.0018721342
Warm A,42940,294,293,581,391,1,-0.0055350726
Warm A,42036,285,284,581,391,1,0.005022444
Warm A,33264,225,224,581,391,1,0.0015623344
Warm A,27442,193,192,581,391,1,0.0025586898
Warm A,133572,864,863,581,391,1,0.0005935151
Warm A,795927,4771,4770,581,391,1,0.001010234
Warm A,17971,139,138,581,391,1,0.0021209866
Warm A,17335,136,135,581,391,0,0.0058186175
Warm A,7405,53,52,581,391,1,0.0010042731
Warm A,286,5,4,581,391,0,-0.003965748
Warm A,101818,678,677,581,391,1,0.012029317
Warm A,206555,1266,1265,581,391,1,0.0038123897
Warm A,4286,33,32,581,391,1,-0.0019607716
Warm A,384587,2247,2246,581,391,1,-0.0027338888
Warm A,49040,329,328,581,391,0,-0.0026591942
Warm A,310479,1851,1850,581,391,0,0.0013462589
Warm A,514453,3178,3177,581,391,1,0.0019756283
Warm A,262876,1605,1604,581,391,0,-0.002738982
Warm A,580743,3547,3546,581,391,1,-0.000636889
Warm A,635619,3832,3831,581,391,1,0.006198667
Warm A,208500,1274,1273,581,391,1,0.00080962863
Warm A,34510,235,234,581,391,1,-0.003858876
Warm A,763701,4543,4542,581,391,1,0.0076667294
Warm A,840940,5054,5053,581,391,1,0.008221816
Warm A,335323,1980,1979,581,391,1,0.0036807223
Warm A,5034,36,35,581,391,1,0.0030162986
Warm A,549598,3391,3390,581,391,1,0.0040561645
Warm A,233568,1421,1420,581,391,1,-0.0025634947
Warm A,497000,3054,3053,581,391,0,-0.0021089276
Warm A,974168,5878,5877,581,391,0,0.0049514426
Warm A,891346,5387,5386,581,391,1,0.0024091331
Warm A,825431,4958,4957,581,391,1,0.008167073
Warm A,250380,1509,1508,606,406,0,0.012678204
Warm A,194021,1195,1194,606,406,0,0.013013444
Warm A,328019,1941,1940,606,406,0,0.010875318
Warm A,188946,1172,1171,606,406,0,0.010880014
Warm A,256183,1562,1561,606,406,0,0.008480438
Warm A,183971,1146,1145,606,406,0,0.0067757578
Warm A,165634,1056,1055,606,406,0,0.0017823582
Warm A,159223,1017,1016,606,406,0,0.011490071
Warm A,133861,868,867,606,406,1,0.007839357
Warm A,138189,889,888,606,406,0,0.014197852
Warm A,263259,1605,1604,606,406,0,0.004791923
Warm A,126560,817,816,606,406,0,0.004468413
Warm A,125526,808,807,606,406,0,0.0126704695
Warm A,299598,1778,1777,606,406,0,0.01717095
Warm A,92737,621,620,606,406,0,0.007360596
Warm A,115361,749,748,606,406,0,0.0052384054
Warm A,81629,543,542,606,406,0,0.012304103
Warm A,51231,337,336,606,406,0,0.012812415
Warm A,48038,321,320,606,406,1,0.0021505929
Warm A,45264,305,304,606,406,0,0.010408093
Warm A,291344,1737,1736,606,406,0,0.0032775388
Warm A,99835,667,666,606,406,0,-0.0028803363
Warm A,481776,2962,2961,606,406,0,0.017370127
Warm A,14665,117,116,606,406,0,0.013463881
Warm A,696210,4169,4168,606,406,0,0.013786268
Warm A,164487,1051,1050,606,406,0,0.012118096
Warm A,964012,5812,5811,606,406,0,0.0191428
Warm A,171565,1088,1087,606,406,0,0.012512383
Warm A,366146,2131,2130,606,406,0,0.019143978
Warm A,79350,531,530,606,406,0,0.003539724
Warm A,136524,881,880,606,406,0,0.0149001265
Warm A,474353,2910,2909,606,406,0,0.0061852844
Warm A,311279,1854,1853,606,406,0,0.009102563
Warm A,3660,26,25,609,408,0,0.0202961
Warm A,206819,1266,1265,609,408,0,0.018945996
Warm A,552296,3401,3400,609,408,0,0.01708566
Warm A,768696,4579,4578,609,408,0,0.010482922
Warm A,599214,3648,3647,609,408,0,0.014151486
Warm A,272868,1647,1646,609,408,0,0.025375685
Warm A,171568,1088,1087,609,408,0,0.00713183
Warm A,360729,2106,2105,612,411,0,0.004944363
Warm A,80703,536,535,612,411,0,-0.0021321257
Warm A,101362,676,675,612,411,0,0.0070720175
Warm A,119206,770,769,612,411,0,0.0017524068
Warm A,626734,3792,3791,612,411,0,0.003835654
Warm A,58578,396,395,612,411,0,0.011748845
Warm A,54085,352,351,612,411,0,0.012340775
Warm A,330706,1952,1951,612,411,1,0.0044355737
Warm A,234936,1425,1424,612,411,0,0.0013186887
Warm A,49699,329,328,612,411,0,0.0044524465
Warm A,3686,26,25,612,411,0,0.0001670015
Warm A,153665,987,986,612,411,1,0.00047785783
Warm A,506134,3113,3112,612,411,0,0.0023609444
Warm A,158126,1015,1014,612,411,0,0.010132188
Warm A,892934,5394,5393,612,411,0,0.0054185614
Warm A,106033,699,698,612,411,0,0.00440906
Warm A,317675,1889,1888,612,411,0,0.0018331888
Warm A,476339,2926,2925,612,411,0,0.0016393354
Warm A,468397,2887,2886,612,411,0,0.0057319007
Warm A,151580,975,974,613,412,0,0.004268414
Warm A,138208,889,888,613,412,0,-0.005548026
Warm A,223506,1354,1353,613,412,0,-0.0012027579
Warm A,103678,689,688,613,412,1,0.004172126
Warm A,100826,673,672,613,412,0,-0.004661738
Warm A,696223,4169,4168,613,412,1,-0.004138983
Warm A,228228,1383,1382,613,412,0,0.0021763968
Warm A,71997,482,481,613,412,1,0.0032705155
Warm A,74796,509,508,613,412,0,-0.012345434
Warm A,51567,338,337,613,412,1,-0.0031153848
Warm A,50789,334,333,613,412,1,0.00437223
Warm A,60965,411,410,613,412,1,-0.0007576586
Warm A,26581,187,186,613,412,1,0.005416843
Warm A,149128,959,958,613,412,1,-0.003006929
Warm A,891518,5387,5386,613,412,0,-0.004175282
Warm A,144891,934,933,613,412,0,0.0022871888
Warm A,796036,4771,4770,613,412,1,0.0014717269
Warm A,499380,3067,3066,613,412,1,0.007984093
Warm A,187617,1164,1163,613,412,0,-0.003080411
Warm A,79363,531,530,613,412,0,0.004165165
Warm A,739394,4418,4417,613,412,1,0.009936801
Warm A,974302,5878,5877,613,412,1,-0.001996943
Warm A,605203,3679,3678,615,413,0,0.009817389
Warm A,42901,293,292,615,413,1,0.0026449075
Warm A,249841,1505,1504,615,413,1,0.020614525
Warm A,160046,1019,1018,615,413,1,0.0062735877
Warm A,10408,74,73,615,413,1,2.023473e-05
Warm A,319314,1897,1896,615,413,0,0.0071744886
Warm A,739395,4418,4417,615,413,0,0.0035582418
Warm A,431024,2627,2626,627,415,0,0.0048605944
Warm A,426460,2590,2589,627,415,0,-0.0013869116
Warm A,399065,2376,2375,627,415,0,0.0069546867
Warm A,379188,2215,2214,627,415,1,-0.0071428036
Warm A,368352,2153,2152,627,415,1,0.0028092829
Warm A,349862,2054,2053,627,415,0,0.0028007436
Warm A,285292,1701,1700,627,415,1,0.0041040434
Warm A,285744,1704,1703,627,415,1,0.0053831013
Warm A,279168,1680,1679,627,415,1,0.0024120049
Warm A,205110,1262,1261,627,415,0,-0.0044588596
Warm A,214823,1303,1302,627,415,0,0.0031354052
Warm A,374048,2181,2180,627,415,0,-0.0066522444
Warm A,329293,1943,1942,627,415,0,0.0059208525
Warm A,185236,1150,1149,627,415,1,-0.002689371
Warm A,176021,1113,1112,627,415,0,0.0013917529
Warm A,183982,1146,1145,627,415,0,-0.0012866736
Warm A,168419,1069,1068,627,415,0,0.0035164324
Warm A,167201,1064,1063,627,415,0,-0.0005599352
Warm A,163815,1050,1049,627,415,1,-0.009050332
Warm A,230512,1395,1394,627,415,1,-0.0032276604
Warm A,148997,958,957,627,415,0,-0.0021805142
Warm A,136551,881,880,627,415,0,0.002047012
Warm A,233392,1420,1419,627,415,1,0.0025303233
Warm A,124863,802,801,627,415,1,0.011679379
Warm A,360743,2106,2105,627,415,0,0.0058714384
Warm A,116166,752,751,627,415,1,0.0063846433
Warm A,100151,669,668,627,415,1,0.0035809614
Warm A,176913,1117,1116,627,415,1,0.0006245107
Warm A,107919,710,709,627,415,0,-0.0013476573
Warm A,696247,4169,4168,627,415,1,-0.001031807
Warm A,320775,1902,1901,627,415,1,0.008599293
Warm A,60282,409,408,627,415,1,-0.0050405595
Warm A,238891,1448,1447,627,415,1,-0.007360611
Warm A,98795,660,659,627,415,0,0.00253272
Warm A,32388,216,215,627,415,0,-0.0005492007
Warm A,88799,587,586,627,415,1,-0.006731451
Warm A,290177,1733,1732,627,415,0,0.0033188923
Warm A,28501,195,194,627,415,1,0.0044531655
Warm A,16782,131,130,627,415,0,0.007928341
Warm A,104295,692,691,627,415,1,0.009350586
Warm A,354889,2077,2076,627,415,1,0.0042927666
Warm A,286692,1712,1711,627,415,1,0.0006104647
Warm A,65334,438,437,627,415,1,-0.00030601677
Warm A,326080,1930,1929,627,415,0,0.0044630715
Warm A,682410,4085,4084,627,415,1,0.0024153367
Warm A,497206,3054,3053,627,415,0,-0.002905779
Warm A,46182,308,307,627,415,1,0.00068824156
Warm A,309601,1842,1841,627,415,1,-0.004668765
Warm A,454581,2796,2795,627,415,0,-0.006449407
Warm A,245775,1484,1483,627,415,1,0.0063028997
Warm A,50401,331,330,627,415,1,-0.000540399
Warm A,992882,5998,5997,627,415,0,-0.008084627
Warm A,763940,4543,4542,627,415,0,0.009671456
Warm A,187621,1164,1163,627,415,1,-0.0016419597
Warm A,328061,1941,1940,627,415,1,0.007750856
Warm A,193619,1194,1193,627,415,1,0.007906809
Warm A,234949,1425,1424,627,415,1,0.0071487487
Warm A,335855,1980,1979,627,415,0,0.004608009
Warm A,346628,2031,2030,627,415,0,0.0031538487
Warm A,575800,3520,3519,627,415,0,0.0028838143
Warm A,261180,1597,1596,627,415,0,-0.0012325675
Warm A,80604,535,534,631,417,0,-0.009722008
Warm A,84147,550,549,631,417,0,-0.0014041325
Warm A,76507,519,518,631,417,1,-0.008876411
Warm A,46555,310,309,631,417,1,-0.0033599553
Warm A,17685,136,135,631,417,0,0.0024945806
Warm A,10580,75,74,631,417,1,-0.0053278822
Warm A,79378,531,530,631,417,0,-0.0006729532
Warm A,552328,3401,3400,631,417,0,0.0073069353
Warm A,183191,1141,1140,631,417,0,0.005704229
Warm A,265073,1611,1610,631,417,0,0.0022561424
Warm A,206843,1266,1265,631,417,0,-0.003194801
Warm A,376373,2195,2194,631,417,0,-0.0055844267
Warm A,171604,1088,1087,631,417,0,0.0035226066
Warm A,285299,1701,1700,631,417,0,0.00012549805
Warm A,456449,2810,2809,631,417,0,-0.01006367
Warm A,696267,4169,4168,635,418,1,0.0070737936
Warm A,151226,973,972,635,418,0,0.002603401
Warm A,238906,1448,1447,635,418,1,0.0013687734
Warm A,68436,460,459,635,418,0,-0.0018260984
Warm A,47795,319,318,635,418,0,0.008863362
Warm A,363012,2116,2115,635,418,0,0.015118883
Warm A,69058,462,461,635,418,0,0.0064270366
Warm A,626759,3792,3791,635,418,0,-0.0020169506
Warm A,843911,5074,5073,635,418,1,0.008983174
Warm A,370983,2168,2167,635,418,1,0.0057875398
Warm A,342453,2015,2014,635,418,1,0.00873231
Warm A,50426,331,330,635,418,1,0.002746835
Warm A,713029,4277,4276,635,418,0,0.001898488
Warm A,28533,195,194,635,418,1,0.0051427903
Warm A,286701,1712,1711,635,418,1,0.010710271
Warm A,293742,1748,1747,635,418,0,0.0012990129
Warm A,245779,1484,1483,635,418,0,-0.0016142586
Warm A,537120,3311,3310,637,419,0,0.0015878677
Warm A,515465,3182,3181,637,419,0,-0.006506987
Warm A,516451,3189,3188,637,419,0,-0.003338141
Warm A,488674,3007,3006,637,419,0,-0.0037835347
Warm A,529684,3272,3271,637,419,0,-0.0017092922
Warm A,472561,2907,2906,637,419,1,0.011650793
Warm A,870099,5256,5255,637,419,0,0.006539395
Warm A,487033,2996,2995,637,419,0,0.0011847715
Warm A,452486,2786,2785,637,419,0,0.005857973
Warm A,450848,2777,2776,637,419,1,-0.001306586
Warm A,448437,2764,2763,637,419,0,-0.00011862302
Warm A,430074,2621,2620,637,419,0,-0.0016254401
Warm A,420467,2541,2540,637,419,1,-0.0017456883
Warm A,416582,2507,2506,637,419,0,0.0021173789
Warm A,382480,2235,2234,637,419,1,0.0017508148
Warm A,363015,2116,2115,637,419,1,-0.00031327573
Warm A,355963,2085,2084,637,419,0,0.002295421
Warm A,351810,2063,2062,637,419,0,0.005436778
Warm A,341578,2012,2011,637,419,0,0.0009484368
Warm A,340626,2010,2009,637,419,0,-0.0019250745
Warm A,281258,1687,1686,637,419,0,0.004172674
Warm A,282628,1694,1693,637,419,0,-0.0042993063
Warm A,268516,1631,1630,637,419,0,-0.00082346797
Warm A,265755,1613,1612,637,419,0,-0.00029204972
Warm A,309287,1841,1840,637,419,0,0.0027770065
Warm A,247668,1496,1495,637,419,0,0.00322956
Warm A,231646,1404,1403,637,419,0,0.008279461
Warm A,269927,1635,1634,637,419,0,-0.0010722852
Warm A,296796,1759,1758,637,419,1,-0.0048913853
Warm A,261749,1599,1598,637,419,0,0.001954508
Warm A,279196,1680,1679,637,419,0,-0.0030428874
Warm A,192359,1184,1183,637,419,0,0.006161266
Warm A,198619,1220,1219,637,419,1,0.007311735
Warm A,172872,1096,1095,637,419,1,-0.00042466167
Warm A,328084,1941,1940,637,419,0,-0.0023440477
Warm A,272179,1645,1644,637,419,1,0.0012466428
Warm A,255510,1556,1555,637,419,0,-0.0032766988
Warm A,167840,1068,1067,637,419,0,-6.992929e-05
Warm A,136567,881,880,637,419,0,6.1464496e-05
Warm A,135615,877,876,637,419,0,-0.007101327
Warm A,248818,1501,1500,637,419,1,0.0007927604
Warm A,128539,832,831,637,419,1,0.0033988322
Warm A,125854,810,809,637,419,0,0.0028808555
Warm A,121519,781,780,637,419,0,-0.0068820706
Warm A,112129,730,729,637,419,0,-0.0010838283
Warm A,112455,731,730,637,419,0,0.009798206
Warm A,107933,710,709,637,419,0,0.010830179
Warm A,101372,676,675,637,419,0,-0.0013190694
Warm A,109285,714,713,637,419,1,-0.0029947304
Warm A,97830,655,654,637,419,0,0.0027832976
Warm A,96409,647,646,637,419,1,0.0012230889
Warm A,329300,1943,1942,637,419,0,0.00892286
Warm A,92545,620,619,637,419,0,0.0016647868
Warm A,190890,1181,1180,637,419,0,-0.009295385
Warm A,84148,550,549,637,419,0,0.012433681
Warm A,77499,524,523,637,419,0,0.0035207602
Warm A,72021,482,481,637,419,0,-0.0018125959
Warm A,87078,569,568,637,419,1,0.0022950447
Warm A,65340,438,437,637,419,1,-0.0048352964
Warm A,52675,346,345,637,419,1,0.0024460508
Warm A,696268,4169,4168,637,419,0,0.006133445
Warm A,39124,264,263,637,419,0,0.0032017021
Warm A,98807,660,659,637,419,0,-0.005231967
Warm A,32413,216,215,637,419,0,0.0038783546
Warm A,30159,202,201,637,419,0,0.0036507663
Warm A,54678,355,354,637,419,0,-0.0034065552
Warm A,300341,1780,1779,637,419,0,0.0029558458
Warm A,21192,155,154,637,419,0,-0.0025758324
Warm A,304065,1806,1805,637,419,0,0.0031916369
Warm A,9784,66,65,637,419,0,-0.006008391
Warm A,78449,528,527,637,419,0,-7.381383e-05
Warm A,119235,770,769,637,419,0,-0.0007404061
Warm A,370984,2168,2167,637,419,1,0.0024617175
Warm A,572115,3507,3506,637,419,0,0.0043480545
Warm A,106050,699,698,637,419,0,0.012594553
Warm A,383236,2239,2238,637,419,0,-0.00013659615
Warm A,342454,2015,2014,637,419,0,-9.836187e-05
Warm A,160070,1019,1018,637,419,1,0.008072409
Warm A,717021,4294,4293,637,419,1,-0.0076478003
Warm A,912805,5520,5519,637,419,0,0.0026933388
Warm A,109580,715,714,639,420,0,0.005941705
Warm A,90644,601,600,639,420,1,0.0018293619
Warm A,88807,587,586,639,420,0,0.0036967364
Warm A,101373,676,675,639,420,0,0.009307886
Warm A,57300,386,385,639,420,0,0.004875024
Warm A,32415,216,215,639,420,0,0.008679325
Warm A,21759,157,156,639,420,1,0.008361517
Warm A,34911,235,234,639,420,0,0.0017015752
Warm A,552329,3401,3400,639,420,0,0.0046421294
Warm A,241869,1457,1456,639,420,1,0.014463999
Warm A,860086,5172,5171,639,420,0,0.0024797986
Warm A,777779,4647,4646,639,420,0,0.010967316
Warm A,229622,1390,1389,639,420,0,0.0052085705
Warm A,257643,1579,1578,639,420,0,0.008658118
Warm A,331587,1958,1957,639,420,1,-0.00070161547
Warm A,902787,5458,5457,639,420,0,0.009346003
Warm A,609129,3693,3692,639,420,0,0.0052824765
Warm A,550113,3391,3390,639,420,0,-0.00077523536
Warm A,54181,352,351,640,421,0,-0.011701721
Warm A,288602,1724,1723,640,421,0,-0.0067617167
Warm A,696285,4169,4168,640,421,0,-0.0063208034
Warm A,537911,3312,3311,640,421,0,0.008088204
Warm A,9511,62,61,640,421,0,0.0037699544
Warm A,104309,692,691,640,421,0,-0.0042926515
Warm A,150583,970,969,640,421,0,-0.005126996
Warm A,363018,2116,2115,640,421,0,-0.0075454116
Warm A,777786,4647,4646,640,421,0,-0.00027645286
Warm A,511851,3158,3157,640,421,0,-0.00033877767
Warm A,195432,1203,1202,640,421,0,0.000522287
Warm A,263321,1605,1604,650,424,0,0.012107315
Warm A,169809,1078,1077,650,424,1,0.0075429394
Warm A,168438,1069,1068,650,424,0,0.012452596
Warm A,195443,1203,1202,650,424,0,0.013314487
Warm A,138294,889,888,650,424,0,0.0065609207
Warm A,124500,801,800,650,424,0,0.0039177956
Warm A,111864,728,727,650,424,0,0.0110449875
Warm A,778872,4653,4652,650,424,0,0.007988716
Warm A,100846,673,672,650,424,0,-0.0040890104
Warm A,97839,655,654,650,424,0,0.011047436
Warm A,84168,550,549,650,424,0,0.010977199
Warm A,53332,352,351,650,424,0,0.0034855842
Warm A,35165,238,237,650,424,0,0.007625837
Warm A,24743,175,174,650,424,1,0.010346919
Warm A,8703,59,58,650,424,0,0.008654682
Warm A,3844,28,27,650,424,0,-0.00054007326
Warm A,567,8,7,650,424,1,0.012498462
Warm A,276226,1671,1670,650,424,1,0.012871889
Warm A,76362,518,517,650,424,1,0.012986932
Warm A,567470,3483,3482,650,424,1,0.0075006206
Warm A,499425,3067,3066,650,424,1,0.006851697
Warm A,72040,482,481,650,424,1,0.0155848
Warm A,564414,3471,3470,650,424,0,0.008431481
Warm A,302793,1798,1797,650,424,0,0.002806172
Warm A,202032,1243,1242,650,424,1,0.011439983
Warm A,310680,1851,1850,650,424,0,-0.0016290508
Warm A,223534,1354,1353,650,424,1,0.0067209676
Warm A,171625,1088,1087,650,424,1,0.005001951
Warm A,974320,5878,5877,650,424,1,0.0029052554
Warm A,567480,3483,3482,662,427,1,0.0023723769
Warm A,879882,5317,5316,662,427,0,0.00887426
Warm A,464168,2860,2859,662,427,0,0.004132269
Warm A,404849,2420,2419,662,427,1,0.0013670721
Warm A,411567,2472,2471,662,427,0,-0.0022956606
Warm A,364768,2124,2123,662,427,1,0.0044720615
Warm A,349530,2051,2050,662,427,0,-0.0013588811
Warm A,361644,2109,2108,662,427,0,0.00044382457
Warm A,360078,2105,2104,662,427,0,-2.1949061e-05
Warm A,350974,2060,2059,662,427,1,-0.0056693247
Warm A,340649,2010,2009,662,427,0,-0.0012377214
Warm A,281271,1687,1686,662,427,1,-0.0025769528
Warm A,263914,1606,1605,662,427,1,0.011289257
Warm A,253736,1543,1542,662,427,0,0.0026565823
Warm A,277701,1676,1675,662,427,1,0.0048957383
Warm A,214866,1303,1302,662,427,0,0.004543864
Warm A,279277,1680,1679,662,427,0,0.007447632
Warm A,328140,1941,1940,662,427,1,-0.0033079463
Warm A,185312,1150,1149,662,427,0,0.006342983
Warm A,307448,1835,1834,662,427,0,0.0046863533
Warm A,170055,1081,1080,662,427,0,0.006205952
Warm A,184006,1146,1145,662,427,0,0.00016584969
Warm A,167864,1068,1067,662,427,0,0.008281888
Warm A,156238,1006,1005,662,427,0,0.0049301637
Warm A,156876,1010,1009,662,427,0,-0.0032577943
Warm A,233410,1420,1419,662,427,0,0.001239466
Warm A,351860,2063,2062,662,427,0,0.0052098236
Warm A,263338,1605,1604,662,427,0,0.008939981
Warm A,114852,746,745,662,427,0,-0.0010801805
Warm A,107970,710,709,662,427,0,0.005056917
Warm A,116221,752,751,662,427,0,-0.0037608626
Warm A,100171,669,668,662,427,0,-0.00045031903
Warm A,104327,692,691,662,427,0,0.0016959751
Warm A,110825,721,720,662,427,1,0.010047908
Warm A,631579,3821,3820,662,427,0,0.0024871374
Warm A,320786,1902,1901,662,427,0,0.006117251
Warm A,299636,1778,1777,662,427,0,0.0051157046
Warm A,360786,2106,2105,662,427,0,0.0041959626
Warm A,291410,1737,1736,662,427,1,-0.004795154
Warm A,81682,543,542,662,427,1,0.0009834386
Warm A,238953,1448,1447,662,427,1,-0.0016647995
Warm A,72053,482,481,662,427,1,-0.0012820972
Warm A,74842,509,508,662,427,0,0.005842979
Warm A,240095,1449,1448,662,427,0,0.0026396846
Warm A,132478,855,854,662,427,0,-0.006495582
Warm A,33286,225,224,662,427,1,-0.006102658
Warm A,54301,355,354,662,427,0,0.007289131
Warm A,115401,749,748,662,427,0,0.0061697527
Warm A,270909,1639,1638,662,427,0,0.002898484
Warm A,481832,2962,2961,662,427,0,0.00624769
Warm A,354922,2077,2076,662,427,1,-0.008698792
Warm A,140697,904,903,662,427,0,-0.0013423897
Warm A,688566,4118,4117,662,427,1,0.0015140288
Warm A,363040,2116,2115,662,427,0,0.003974337
Warm A,265095,1611,1610,662,427,0,0.009191928
Warm A,164562,1051,1050,662,427,0,0.01095082
Warm A,171649,1088,1087,662,427,0,-0.005757595
Warm A,556556,3420,3419,662,427,1,-0.0028318786
Warm A,79407,531,530,662,427,1,-0.0035964905
Warm A,599263,3648,3647,662,427,1,-0.0046843174
Warm A,309613,1842,1841,662,427,0,0.006561637
Warm A,907642,5492,5491,662,427,0,-0.0018336294
Warm A,331615,1958,1957,662,427,0,0.004737744
Warm A,473648,2909,2908,662,427,0,0.0011540467
Warm A,882976,5333,5332,662,427,0,-0.0041279336
Warm A,290225,1733,1732,662,427,0,-0.0008264124
Warm A,62961,424,423,662,427,1,0.0016910855
Warm A,468437,2887,2886,662,427,0,0.00965273
Warm A,421027,2544,2543,680,433,0,0.013649266
Warm A,208804,1274,1273,680,433,0,0.0074533736
Warm A,322397,1912,1911,680,433,0,0.0119397715
Warm A,372641,2176,2175,680,433,1,0.006664568
Warm A,420486,2541,2540,691,435,1,-0.004679499
Warm A,463771,2858,2857,691,435,1,0.0014653562
Warm A,395161,2334,2333,691,435,1,-0.003630858
Warm A,393868,2320,2319,691,435,0,-0.00420536
Warm A,364455,2123,2122,691,435,1,-0.003470354
Warm A,363079,2116,2115,691,435,0,0.0008428695
Warm A,283561,1697,1696,691,435,1,0.012101528
Warm A,268544,1631,1630,691,435,0,0.010372017
Warm A,255274,1554,1553,691,435,0,0.0049162353
Warm A,259501,1587,1586,691,435,0,0.009355426
Warm A,222401,1345,1344,691,435,1,0.0021194173
Warm A,277740,1676,1675,691,435,0,0.011713236
Warm A,279355,1680,1679,691,435,1,-0.0063352725
Warm A,236397,1434,1433,691,435,1,0.0013513416
Warm A,189620,1175,1174,691,435,1,-0.0054866592
Warm A,186768,1156,1155,691,435,1,0.008806696
Warm A,188994,1172,1171,691,435,1,0.008686474
Warm A,316281,1883,1882,691,435,0,0.0055921986
Warm A,201590,1242,1241,691,435,0,0.0054964623
Warm A,174839,1107,1106,691,435,0,0.008970748
Warm A,188242,1168,1167,691,435,0,0.006006874
Warm A,169818,1078,1077,691,435,0,0.008698885
Warm A,328203,1941,1940,691,435,1,-0.0023851548
Warm A,164607,1051,1050,691,435,0,0.009203771
Warm A,189381,1173,1172,691,435,0,0.008403041
Warm A,324446,1922,1921,691,435,0,0.0038008692
Warm A,144942,934,933,691,435,0,0.013229475
Warm A,140277,899,898,691,435,0,0.013926171
Warm A,156922,1010,1009,691,435,0,0.0034995903
Warm A,134325,869,868,691,435,0,0.0061784307
Warm A,360832,2106,2105,691,435,0,0.0017087946
Warm A,117840,759,758,691,435,0,0.0034435047
Warm A,120143,776,775,691,435,1,0.008116107
Warm A,92553,620,619,691,435,0,0.0006922983
Warm A,244009,1470,1469,691,435,0,0.011928534
Warm A,291441,1737,1736,691,435,1,-0.0027998853
Warm A,198193,1218,1217,691,435,0,0.0014532662
Warm A,76699,520,519,691,435,1,0.00067881495
Warm A,68743,461,460,691,435,0,0.0089065945
Warm A,64636,432,431,691,435,1,0.0012245039
Warm A,626817,3792,3791,691,435,0,-0.00011372287
Warm A,78490,528,527,691,435,0,0.0060957256
Warm A,47219,319,318,691,435,0,0.0018275487
Warm A,110852,721,720,691,435,0,-0.00094606495
Warm A,49153,329,328,691,435,0,0.0108032655
Warm A,6257,45,44,691,435,1,-0.006807409
Warm A,5448,38,37,691,435,0,-0.0070279255
Warm A,79446,531,530,691,435,0,0.009419162
Warm A,20613,151,150,691,435,0,0.011618839
Warm A,335972,1980,1979,691,435,0,0.021879707
Warm A,682497,4085,4084,691,435,1,0.005354638
Warm A,882999,5333,5332,691,435,0,-0.0046200957
Warm A,489640,3013,3012,691,435,0,0.0032048244
Warm A,45766,308,307,691,435,0,0.010421805
Warm A,331651,1958,1957,691,435,0,0.01289843
Warm A,52038,343,342,691,435,1,0.0012828029
Warm A,476370,2926,2925,691,435,0,0.0035742768
Warm A,206364,1265,1264,691,435,0,0.0013088711
Warm A,507782,3125,3124,691,435,1,0.001492574
Warm A,831939,5001,5000,691,435,1,0.0047880337
Warm A,310710,1851,1850,691,435,0,0.0068093976
Warm A,376837,2200,2199,692,436,0,-0.006813608
Warm A,370728,2167,2166,692,436,0,-0.0026362583
Warm A,366180,2131,2130,692,436,0,0.00086400984
Warm A,340681,2010,2009,692,436,0,-0.0008951691
Warm A,341625,2012,2011,692,436,0,-0.003305857
Warm A,297528,1764,1763,692,436,1,0.0045469264
Warm A,292348,1741,1740,692,436,0,-0.006664898
Warm A,276998,1675,1674,692,436,0,-0.0023021584
Warm A,271475,1641,1640,692,436,0,-0.003565142
Warm A,268344,1630,1629,692,436,0,-0.0011949777
Warm A,247731,1496,1495,692,436,0,-0.001272487
Warm A,376393,2195,2194,692,436,1,-0.00095860416
Warm A,227169,1377,1376,692,436,0,-0.007680348
Warm A,233076,1418,1417,692,436,0,-0.0008987144
Warm A,267223,1624,1623,692,436,0,-0.009765282
Warm A,200345,1230,1229,692,436,0,-0.0024748724
Warm A,328204,1941,1940,692,436,0,-0.0006019161
Warm A,191005,1181,1180,692,436,0,-0.008559417
Warm A,227627,1380,1379,692,436,0,0.007695622
Warm A,314491,1878,1877,692,436,0,-0.011807222
Warm A,156923,1010,1009,692,436,0,0.0013783649
Warm A,138372,889,888,692,436,0,-0.008450409
Warm A,136628,881,880,692,436,0,-0.0005389191
Warm A,121871,785,784,692,436,1,0.006952828
Warm A,120440,777,776,692,436,0,-0.009608418
Warm A,108728,712,711,692,436,0,0.0007462362
Warm A,99322,662,661,692,436,0,-0.007215401
Warm A,713125,4277,4276,692,436,0,-0.007078093
Warm A,86140,563,562,692,436,0,0.004420073
Warm A,74415,508,507,692,436,0,-0.007281541
Warm A,70807,476,475,692,436,1,-0.0015058236
Warm A,51081,337,336,692,436,0,-0.0015009036
Warm A,44224,302,301,692,436,0,0.007129369
Warm A,36225,245,244,692,436,0,-0.00046478724
Warm A,35730,242,241,692,436,0,0.006454439
Warm A,291442,1737,1736,692,436,0,-0.0055875573
Warm A,25311,179,178,692,436,0,-0.0016216503
Warm A,22317,163,162,692,436,0,-0.005107019
Warm A,27880,195,194,692,436,1,0.007221402
Warm A,27000,192,191,692,436,0,-0.005097272
Warm A,10160,73,72,692,436,1,-0.0034618534
Warm A,311966,1860,1859,692,436,0,0.008758977
Warm A,56018,372,371,692,436,1,0.00022761943
Warm A,237968,1447,1446,692,436,0,-0.0011432124
Warm A,109821,716,715,692,436,0,-0.0015309816
Warm A,272985,1647,1646,692,436,0,-0.003714608
Warm A,515513,3182,3181,694,437,0,0.0032131546
Warm A,502169,3082,3081,694,437,0,0.013008329
Warm A,497931,3056,3055,694,437,0,0.006635231
Warm A,494204,3032,3031,694,437,1,-0.0074696527
Warm A,486295,2994,2993,694,437,0,0.0025107986
Warm A,473700,2909,2908,694,437,1,0.008324381
Warm A,469681,2894,2893,694,437,0,-0.007434602
Warm A,463348,2857,2856,694,437,0,0.005815298
Warm A,460317,2840,2839,694,437,0,0.0029312833
Warm A,415258,2500,2499,694,437,1,0.008727111
Warm A,436472,2665,2664,694,437,1,0.008170573
Warm A,387549,2265,2264,694,437,0,-0.0054932004
Warm A,377276,2203,2202,694,437,1,0.013533216
Warm A,375118,2186,2185,694,437,0,0.0039466405
Warm A,370277,2165,2164,694,437,1,0.009664297
Warm A,367225,2143,2142,694,437,0,0.00029188255
Warm A,351923,2063,2062,694,437,0,0.010200584
Warm A,337046,1983,1982,694,437,1,0.0083689615
Warm A,297529,1764,1763,694,437,0,0.0068433904
Warm A,288903,1726,1725,694,437,0,0.0050992835
Warm A,312350,1861,1860,694,437,0,0.0025558202
Warm A,303033,1800,1799,694,437,0,0.005854003
Warm A,360834,2106,2105,694,437,0,0.0055341474
Warm A,242834,1465,1464,694,437,0,0.00698776
Warm A,232678,1414,1413,694,437,0,0.0030913728
Warm A,283203,1696,1695,694,437,0,0.009651078
Warm A,356849,2090,2089,694,437,1,0.008129377
Warm A,244447,1472,1471,694,437,0,0.010953849
Warm A,337471,1984,1983,694,437,0,0.010151102
Warm A,233078,1418,1417,694,437,0,0.0049240366
Warm A,227170,1377,1376,694,437,0,0.0071304687
Warm A,267225,1624,1623,694,437,0,0.0012646578
Warm A,179138,1124,1123,694,437,0,0.0039278655
Warm A,173113,1097,1096,694,437,0,0.012945475
Warm A,248854,1501,1500,694,437,1,0.004483482
Warm A,328205,1941,1940,694,437,0,-0.0010328325
Warm A,167889,1068,1067,694,437,0,-0.00024291803
Warm A,170251,1084,1083,694,437,0,0.012519332
Warm A,189382,1173,1172,694,437,0,0.008995285
Warm A,227628,1380,1379,694,437,0,0.009493945
Warm A,155901,1004,1003,694,437,0,0.0110637415
Warm A,154881,999,998,694,437,0,0.009225472
Warm A,153082,984,983,694,437,0,0.012765073
Warm A,191006,1181,1180,694,437,0,0.009614054
Warm A,156925,1010,1009,694,437,0,0.009578809
Warm A,277000,1675,1674,694,437,0,0.008290112
Warm A,136630,881,880,694,437,0,0.0068276026
Warm A,107465,708,707,694,437,0,-0.0020902157
Warm A,104865,695,694,694,437,0,-0.004500021
Warm A,99323,662,661,694,437,1,0.009936988
Warm A,98855,660,659,694,437,0,0.0014989509
Warm A,713126,4277,4276,694,437,0,0.003682304
Warm A,886914,5359,5358,694,437,0,0.005498803
Warm A,238996,1448,1447,694,437,0,0.007892961
Warm A,77581,524,523,694,437,1,0.020697726
Warm A,119290,770,769,694,437,0,-0.0010925839
Warm A,68744,461,460,694,437,0,0.0065377643
Warm A,240145,1449,1448,694,437,0,0.01646071
Warm A,132505,855,854,694,437,0,0.012900833
Warm A,37981,260,259,694,437,1,0.008764051
Warm A,35731,242,241,694,437,0,0.003094485
Warm A,29041,199,198,694,437,0,0.00837609
Warm A,31175,210,209,694,437,1,-0.00023674592
Warm A,22319,163,162,694,437,0,0.001586287
Warm A,14167,116,115,694,437,1,0.001583372
Warm A,14352,117,116,694,437,1,0.003538401
Warm A,27001,192,191,694,437,0,0.005135997
Warm A,7495,53,52,694,437,0,0.011475572
Warm A,3482,26,25,694,437,0,0.0026142043
Warm A,389447,2282,2281,694,437,1,0.008243522
Warm A,696379,4169,4168,694,437,0,0.012364454
Warm A,790449,4728,4727,694,437,0,0.0005817581
Warm A,342528,2015,2014,694,437,0,0.006613695
Warm A,682498,4085,4084,694,437,0,0.01330882
Warm A,106096,699,698,694,437,1,0.008159625
Warm A,599291,3648,3647,694,437,0,0.0038652762
Warm A,293781,1748,1747,694,437,0,0.0071827415
Warm A,195494,1203,1202,694,437,0,0.01913603
Warm A,509830,3140,3139,694,437,0,0.006738073
Warm A,966826,5831,5830,694,437,0,0.0073622223
Warm A,272986,1647,1646,694,437,0,0.0107570095
Warm A,560867,3450,3449,695,438,0,0.0024341932
Warm A,555814,3416,3415,695,438,0,0.008050896
Warm A,577236,3526,3525,695,438,0,-0.0017402007
Warm A,502170,3082,3081,695,438,0,0.012816787
Warm A,498433,3060,3059,695,438,0,0.0021565345
Warm A,495888,3045,3044,695,438,0,0.008293165
Warm A,473701,2909,2908,695,438,1,0.001379805
Warm A,463349,2857,2856,695,438,1,0.013374632
Warm A,490800,3018,3017,695,438,0,-0.003160539
Warm A,450295,2776,2775,695,438,0,0.012017592
Warm A,449000,2768,2767,695,438,1,0.0055865156
Warm A,450910,2777,2776,695,438,1,0.013082581
Warm A,444676,2743,2742,695,438,1,0.0008737858
Warm A,441010,2700,2699,695,438,1,-0.0055828346
Warm A,438993,2682,2681,695,438,0,0.010166701
Warm A,431949,2632,2631,695,438,1,-0.004245196
Warm A,428595,2608,2607,695,438,0,0.004192494
Warm A,425336,2581,2580,695,438,1,0.010496078
Warm A,416105,2506,2505,695,438,1,-0.002258208
Warm A,416653,2507,2506,695,438,0,0.0040971823
Warm A,408251,2453,2452,695,438,1,0.014247556
Warm A,406680,2441,2440,695,438,1,-0.00087265717
Warm A,411582,2472,2471,695,438,0,0.0022081998
Warm A,401227,2391,2390,695,438,1,0.0034156116
Warm A,399106,2376,2375,695,438,0,-0.0009286356
Warm A,422496,2559,2558,695,438,0,0.003417124
Warm A,378383,2208,2207,695,438,0,0.0012640161
Warm A,369520,2162,2161,695,438,1,0.007579294
Warm A,367132,2142,2141,695,438,0,0.0060368874
Warm A,351924,2063,2062,695,438,0,0.004468885
Warm A,329363,1943,1942,695,438,0,0.0061777877
Warm A,281815,1690,1689,695,438,1,0.011445556
Warm A,263921,1606,1605,695,438,1,1.565332e-05
Warm A,251545,1521,1520,695,438,0,-0.0012007675
Warm A,279357,1680,1679,695,438,1,0.007900836
Warm A,210172,1284,1283,695,438,0,0.0049248133
Warm A,196547,1207,1206,695,438,0,0.007933999
Warm A,219889,1333,1332,695,438,0,0.0010395194
Warm A,185355,1150,1149,695,438,0,0.007767155
Warm A,178656,1121,1120,695,438,1,0.009396642
Warm A,331652,1958,1957,695,438,1,0.005207125
Warm A,184022,1146,1145,695,438,0,0.016443623
Warm A,165234,1053,1052,695,438,1,0.0085678585
Warm A,186134,1151,1150,695,438,0,0.0035295503
Warm A,337047,1983,1982,695,438,1,0.011656875
Warm A,149619,963,962,695,438,0,0.0019332853
Warm A,221384,1340,1339,695,438,0,0.012247741
Warm A,147943,953,952,695,438,1,0.00021089253
Warm A,195495,1203,1202,695,438,0,0.008669263
Warm A,145362,935,934,695,438,0,-0.0023689999
Warm A,140541,903,902,695,438,0,0.0023391526
Warm A,138373,889,888,695,438,0,0.00750403
Warm A,126883,818,817,695,438,0,0.00469434
Warm A,175022,1109,1108,695,438,0,0.0091286125
Warm A,110132,718,717,695,438,0,-0.0062550735
Warm A,203486,1248,1247,695,438,0,0.00082983926
Warm A,113336,735,734,695,438,0,0.0096672475
Warm A,250404,1509,1508,695,438,0,0.009079537
Warm A,81715,543,542,695,438,1,-0.0029237792
Warm A,115416,749,748,695,438,0,0.005864594
Warm A,53451,352,351,695,438,0,0.011856452
Warm A,110854,721,720,695,438,0,-0.0017870676
Warm A,46236,309,308,695,438,0,0.011629269
Warm A,32679,221,220,695,438,0,0.004069125
Warm A,22320,163,162,695,438,0,0.011594059
Warm A,8344,58,57,695,438,1,0.010936423
Warm A,481854,2962,2961,695,438,0,0.006410891
Warm A,76700,520,519,695,438,0,0.0004989831
Warm A,453793,2793,2792,695,438,0,0.010102716
Warm A,150615,970,969,695,438,0,0.0030690713
Warm A,164610,1051,1050,695,438,0,0.0104417065
Warm A,548707,3387,3386,695,438,0,0.0043186126
Warm A,807616,4834,4833,695,438,1,0.0009131227
Warm A,156926,1010,1009,695,438,0,0.005099754
Warm A,193688,1194,1193,695,438,1,0.007997233
Warm A,331653,1958,1957,697,439,0,0.011989797
Warm A,116262,752,751,697,439,0,0.0056535504
Warm A,332689,1962,1961,697,439,0,0.003894345
Warm A,228307,1383,1382,697,439,0,0.010600125
Warm A,87279,570,569,697,439,0,-0.0012853914
Warm A,72090,482,481,697,439,1,0.0012573348
Warm A,76701,520,519,697,439,0,0.012120262
Warm A,74870,509,508,697,439,1,-0.004528817
Warm A,53452,352,351,697,439,0,0.005610748
Warm A,52449,346,345,697,439,0,0.003578912
Warm A,78492,528,527,697,439,0,0.012786861
Warm A,696380,4169,4168,697,439,0,0.012719264
Warm A,98856,660,659,697,439,0,0.0004922501
Warm A,308670,1837,1836,697,439,0,0.008848471
Warm A,26262,187,186,697,439,1,8.057291e-05
Warm A,22321,163,162,697,439,0,0.0051227557
Warm A,7496,53,52,697,439,1,0.008254508
Warm A,6261,45,44,697,439,0,0.0002512955
Warm A,360835,2106,2105,697,439,0,0.0026816041
Warm A,506141,3113,3112,697,439,0,-7.1094604e-05
Warm A,892992,5394,5393,697,439,0,0.008011393
Warm A,66070,442,441,697,439,0,0.01695068
Warm A,195496,1203,1202,697,439,0,0.008882102
Warm A,720098,4312,4311,697,439,0,0.0075648725
Warm A,324971,1925,1924,697,439,0,0.0121575855
Warm A,537616,3311,3310,700,440,1,0.008553359
Warm A,536363,3308,3307,700,440,1,0.015994685
Warm A,520232,3208,3207,700,440,1,0.014415309
Warm A,493647,3031,3030,700,440,1,0.017653994
Warm A,471513,2900,2899,700,440,0,0.010555495
Warm A,469309,2889,2888,700,440,1,0.008972655
Warm A,458557,2823,2822,700,440,0,0.004948592
Warm A,455675,2806,2805,700,440,0,0.008204035
Warm A,451302,2777,2776,700,440,1,0.0059123426
Warm A,447233,2755,2754,700,440,1,0.0075711557
Warm A,445430,2747,2746,700,440,1,0.007046849
Warm A,446594,2752,2751,700,440,0,0.006864221
Warm A,440394,2692,2691,700,440,0,0.0145938285
Warm A,419110,2529,2528,700,440,0,0.002240681
Warm A,417494,2517,2516,700,440,0,0.007874174
Warm A,405599,2429,2428,700,440,0,0.003764389
Warm A,390270,2288,2287,700,440,0,0.0049451077
Warm A,385011,2249,2248,700,440,1,0.01058107
Warm A,369598,2162,2161,700,440,1,0.011367024
Warm A,345239,2024,2023,700,440,0,0.0029142234
Warm A,344981,2023,2022,700,440,1,0.010379506
Warm A,341048,2010,2009,700,440,0,0.0035695015
Warm A,338647,1992,1991,700,440,0,0.0026896903
Warm A,325921,1928,1927,700,440,0,0.008855581
Warm A,290838,1735,1734,700,440,0,0.0029467759
Warm A,283703,1697,1696,700,440,0,0.009552467
Warm A,297822,1764,1763,700,440,1,0.011927197
Warm A,259753,1587,1586,700,440,0,0.005407246
Warm A,260776,1593,1592,700,440,1,0.005649157
Warm A,231816,1404,1403,700,440,0,0.0053676106
Warm A,213776,1298,1297,700,440,0,0.007875062
Warm A,213163,1297,1296,700,440,0,0.011362762
Warm A,278121,1676,1675,700,440,1,0.01788083
Warm A,205476,1263,1262,700,440,0,0.011434386
Warm A,309029,1837,1836,700,440,0,0.013206362
Warm A,184518,1147,1146,700,440,0,0.0017000122
Warm A,173021,1096,1095,700,440,0,0.007046204
Warm A,164981,1051,1050,700,440,1,0.018003881
Warm A,185955,1150,1149,700,440,0,0.010300254
Warm A,137056,881,880,700,440,0,0.019395292
Warm A,332939,1962,1961,700,440,0,0.008729524
Warm A,263803,1605,1604,700,440,0,0.0052830493
Warm A,119645,770,769,700,440,0,0.011309452
Warm A,111543,726,725,700,440,1,0.0029273594
Warm A,106416,699,698,700,440,1,0.011687766
Warm A,100396,669,668,700,440,1,0.007886721
Warm A,101583,676,675,700,440,0,0.0019757655
Warm A,764237,4543,4542,700,440,0,0.019116927
Warm A,631930,3821,3820,700,440,0,0.0055231033
Warm A,83685,549,548,700,440,1,0.016100185
Warm A,84661,550,549,700,440,0,0.0055724755
Warm A,78039,524,523,700,440,1,0.008270149
Warm A,72509,483,482,700,440,1,0.00940781
Warm A,116728,752,751,700,440,1,0.0043890397
Warm A,67645,453,452,700,440,0,0.0064806114
Warm A,64438,429,428,700,440,1,0.0049067
Warm A,57293,386,385,700,440,1,0.0096959965
Warm A,51981,342,341,700,440,0,0.004722099
Warm A,132789,855,854,700,440,0,0.008644462
Warm A,46552,310,309,700,440,1,0.006391784
Warm A,44865,302,301,700,440,0,0.015414881
Warm A,40132,271,270,700,440,1,0.011794516
Warm A,33728,225,224,700,440,1,-0.0021248264
Warm A,337315,1983,1982,700,440,1,0.013008353
Warm A,240699,1449,1448,700,440,0,0.0148880575
Warm A,180935,1130,1129,700,440,1,0.007869346
Warm A,54676,355,354,700,440,1,0.0067736325
Warm A,239470,1448,1447,700,440,1,0.007835483
Warm A,10578,75,74,700,440,1,0.011258792
Warm A,421360,2544,2543,700,440,1,0.0009358864
Warm A,179324,1124,1123,700,440,1,0.0066755726
Warm A,65661,438,437,700,440,0,0.010341408
Warm A,363533,2116,2115,700,440,0,0.012742955
Warm A,58267,392,391,700,440,1,0.016312573
Warm A,680858,4079,4078,700,440,1,0.0064040935
Warm A,964290,5812,5811,700,440,1,0.015610062
Warm A,332037,1958,1957,700,440,0,0.018284615
Warm A,599573,3648,3647,700,440,0,0.015629236
Warm A,134722,869,868,700,440,1,0.01691533
Warm A,251302,1516,1515,700,440,0,0.012636043
Warm A,61007,411,410,700,440,0,0.013911442
Warm A,479850,2944,2943,700,440,1,0.00262153
Warm A,461716,2847,2846,700,440,0,0.009555364
Warm A,550755,3391,3390,700,440,1,0.009909145
Warm A,974489,5878,5877,700,440,0,0.014570201
Warm A,451311,2777,2776,709,443,0,0.007984582
Warm A,448625,2764,2763,709,443,0,-0.0006366146
Warm A,445758,2748,2747,709,443,0,-0.0031508303
Warm A,422882,2562,2561,709,443,1,0.0053057484
Warm A,415623,2503,2502,709,443,0,0.005491852
Warm A,409890,2457,2456,709,443,0,-0.00036644377
Warm A,396543,2346,2345,709,443,0,0.004654782
Warm A,419121,2529,2528,709,443,1,0.002208794
Warm A,385803,2255,2254,709,443,0,0.0026287218
Warm A,374561,2181,2180,709,443,0,0.010178879
Warm A,369135,2157,2156,709,443,0,-7.76113e-05
Warm A,367800,2147,2146,709,443,0,-0.0016860408
Warm A,345940,2029,2028,709,443,0,0.00078999286
Warm A,359044,2100,2099,709,443,0,0.009673713
Warm A,354435,2073,2072,709,443,1,0.006028872
Warm A,347073,2035,2034,709,443,0,0.003115432
Warm A,339815,2003,2002,709,443,0,-0.0047083255
Warm A,327080,1938,1937,709,443,0,0.005953735
Warm A,321122,1903,1902,709,443,0,0.003626665
Warm A,313641,1871,1870,709,443,0,-0.0061647072
Warm A,310460,1850,1849,709,443,1,-0.001165367
Warm A,289664,1728,1727,709,443,1,0.0023525148
Warm A,283711,1697,1696,709,443,1,0.0013816048
Warm A,278132,1676,1675,709,443,1,0.0024781155
Warm A,280217,1680,1679,709,443,0,0.0096759945
Warm A,270346,1635,1634,709,443,0,0.0050555086
Warm A,269412,1632,1631,709,443,0,-0.0011010794
Warm A,266203,1613,1612,709,443,0,0.00271251
Warm A,346508,2030,2029,709,443,0,0.005662444
Warm A,300668,1780,1779,709,443,0,0.0027058967
Warm A,361230,2106,2105,709,443,0,0.0018491072
Warm A,247419,1495,1494,709,443,0,-0.0035144964
Warm A,237265,1442,1441,709,443,0,0.0032363757
Warm A,224917,1359,1358,709,443,0,0.004727901
Warm A,222816,1348,1347,709,443,1,-0.0038200114
Warm A,218734,1325,1324,709,443,0,0.010004931
Warm A,216288,1312,1311,709,443,0,0.0044738767
Warm A,299906,1778,1777,709,443,1,-0.0016910303
Warm A,328942,1941,1940,709,443,0,0.006028527
Warm A,249108,1501,1500,709,443,1,-0.0048726527
Warm A,168160,1068,1067,709,443,0,0.004154976
Warm A,353591,2071,2070,709,443,0,0.0065282816
Warm A,175884,1112,1111,709,443,1,0.00534532
Warm A,165861,1057,1056,709,443,0,0.0050752945
Warm A,134735,869,868,709,443,0,0.009835437
Warm A,128810,836,835,709,443,0,0.0042326413
Warm A,124370,800,799,709,443,1,0.002007778
Warm A,123002,793,792,709,443,1,0.004333686
Warm A,115068,746,745,709,443,0,-0.003782221
Warm A,272463,1645,1644,709,443,1,-0.0054930346
Warm A,102950,681,680,709,443,0,0.006955482
Warm A,352534,2063,2062,709,443,0,0.0027873009
Warm A,109523,714,713,709,443,1,0.004030438
Warm A,93921,629,628,709,443,0,-5.7983212e-05
Warm A,425864,2583,2582,709,443,0,0.0036210183
Warm A,363545,2116,2115,709,443,1,0.002539244
Warm A,86307,563,562,709,443,0,0.005792144
Warm A,80825,536,535,709,443,1,0.009354029
Warm A,84674,550,549,709,443,1,0.009196581
Warm A,75315,510,509,709,443,1,-0.0013482417
Warm A,65665,438,437,709,443,1,-0.0017544504
Warm A,51841,340,339,709,443,0,-0.00461433
Warm A,15074,119,118,709,443,0,0.008653397
Warm A,10583,75,74,709,443,1,-0.0053936704
Warm A,207251,1266,1265,709,443,0,0.0023543998
Warm A,79852,531,530,709,443,1,0.0040298332
Warm A,139300,890,889,709,443,1,0.0018907804
Warm A,605434,3679,3678,709,443,1,0.0026927358
Warm A,386259,2258,2257,709,443,0,0.008097779
Warm A,110014,716,715,709,443,1,-0.005721671
Warm A,688684,4118,4117,709,443,1,0.0023777124
Warm A,334140,1969,1968,709,443,1,-0.0060912734
Warm A,240716,1449,1448,709,443,0,0.0070136213
Warm A,12188,92,91,709,443,0,0.010456884
Warm A,164993,1051,1050,709,443,1,0.0033869778
Warm A,102782,678,677,709,443,1,0.0058339033
Warm A,12896,99,98,709,443,0,0.0049268873
Warm A,344985,2023,2022,709,443,1,0.0054490506
Warm A,28537,195,194,709,443,0,0.0038139657
Warm A,795556,4765,4764,709,443,0,0.0032499707
Warm A,178494,1120,1119,709,443,0,0.0014181479
Warm A,893146,5394,5393,709,443,0,0.0076284898
Warm A,26030,184,183,709,443,0,-0.0051725516
Warm A,887031,5359,5358,709,443,0,0.0012726682
Warm A,40145,271,270,711,444,0,0.006670624
Warm A,222818,1348,1347,711,444,0,0.0027053277
Warm A,535207,3301,3300,714,445,1,0.008976081
Warm A,527720,3261,3260,714,445,0,0.00868595
Warm A,584931,3569,3568,714,445,1,0.018452065
Warm A,514094,3172,3171,714,445,1,0.010801349
Warm A,816138,4899,4898,714,445,1,0.008164269
Warm A,506992,3118,3117,714,445,1,0.0044289995
Warm A,505772,3110,3109,714,445,1,0.007243161
Warm A,501593,3080,3079,714,445,0,0.005596415
Warm A,513622,3167,3166,714,445,1,0.0076034386
Warm A,497797,3055,3054,714,445,1,-0.0052496297
Warm A,497510,3054,3053,714,445,0,0.0014236697
Warm A,696913,4169,4168,714,445,0,0.013755466
Warm A,474880,2913,2912,714,445,1,0.0054270895
Warm A,889037,5367,5366,714,445,1,0.024434686
Warm A,460939,2841,2840,714,445,1,0.021000188
Warm A,458560,2823,2822,714,445,0,0.007824939
Warm A,445042,2744,2743,714,445,0,-0.00013142847
Warm A,417071,2507,2506,714,445,1,0.012921279
Warm A,371912,2172,2171,714,445,0,0.013835788
Warm A,375798,2188,2187,714,445,0,0.010961182
Warm A,369423,2161,2160,714,445,0,0.006964012
Warm A,369249,2158,2157,714,445,1,-0.0066746157
Warm A,366495,2134,2133,714,445,1,0.0013966104
Warm A,325105,1925,1924,714,445,1,0.0011177328
Warm A,305247,1812,1811,714,445,1,0.010689159
Warm A,289103,1726,1725,714,445,1,0.0057241074
Warm A,284674,1698,1697,714,445,1,0.007341953
Warm A,274615,1658,1657,714,445,0,0.007809188
Warm A,270360,1635,1634,714,445,0,0.021928955
Warm A,251372,1517,1516,714,445,1,0.008572732
Warm A,233565,1420,1419,714,445,1,0.0002428838
Warm A,206194,1264,1263,714,445,1,0.009429257
Warm A,308265,1836,1835,714,445,1,0.0014084366
Warm A,213793,1298,1297,714,445,1,0.011583857
Warm A,321923,1911,1910,714,445,0,0.008814213
Warm A,294616,1749,1748,714,445,0,0.00613539
Warm A,309047,1837,1836,714,445,0,-0.00046444405
Warm A,197553,1211,1210,714,445,0,0.011959823
Warm A,184537,1147,1146,714,445,1,0.008565087
Warm A,181528,1134,1133,714,445,1,0.013430709
Warm A,204851,1260,1259,714,445,1,0.004415487
Warm A,162100,1033,1032,714,445,1,0.0060056904
Warm A,169743,1077,1076,714,445,1,0.018816158
Warm A,230706,1395,1394,714,445,1,0.00706526
Warm A,160588,1019,1018,714,445,1,0.015752004
Warm A,157403,1010,1009,714,445,1,0.0093756905
Warm A,158866,1015,1014,714,445,1,0.009110911
Warm A,152116,977,976,714,445,0,0.011902852
Warm A,185987,1150,1149,714,445,0,0.017454382
Warm A,139077,889,888,714,445,1,0.01676945
Warm A,352549,2063,2062,714,445,1,0.017820857
Warm A,240737,1449,1448,714,445,0,0.014477345
Warm A,117940,760,759,714,445,1,0.0066869976
Warm A,223899,1354,1353,714,445,0,0.013304593
Warm A,93118,623,622,714,445,0,0.0073138764
Warm A,79904,532,531,714,445,1,0.0031677675
Warm A,239494,1448,1447,714,445,0,0.022049462
Warm A,67924,454,453,714,445,1,0.018180808
Warm A,70324,474,473,714,445,1,0.0043843836
Warm A,60002,408,407,714,445,1,0.008027216
Warm A,57305,386,385,714,445,1,0.021609653
Warm A,54183,352,351,714,445,0,0.01334078
Warm A,108440,710,709,714,445,1,0.012752837
Warm A,440261,2691,2690,714,445,1,0.010209167
Warm A,42938,293,292,714,445,1,0.000525232
Warm A,33751,225,224,714,445,0,0.021888684
Warm A,32783,222,221,714,445,1,0.009553776
Warm A,16806,131,130,714,445,0,0.014940085
Warm A,562000,3457,3456,714,445,0,0.011333088
Warm A,290687,1733,1732,714,445,1,0.014189528
Warm A,451,5,4,714,445,1,0.011951106
Warm A,104660,692,691,714,445,1,0.014120892
Warm A,458421,2820,2819,714,445,1,-0.0022293048
Warm A,890144,5371,5370,714,445,1,0.00074862083
Warm A,743133,4445,4444,714,445,0,0.004134584
Warm A,285022,1699,1698,714,445,1,0.009997957
Warm A,286995,1712,1711,714,445,0,0.0117979525
Warm A,330861,1952,1951,714,445,0,0.005861088
Warm A,238456,1447,1446,714,445,1,0.016179752
Warm A,564869,3471,3470,714,445,1,0.021010885
Warm A,285619,1701,1700,714,445,0,0.010316052
Warm A,250025,1505,1504,714,445,0,0.014255179
Warm A,130658,846,845,714,445,1,0.008920769
Warm A,439521,2684,2683,714,445,1,0.0041634897
Warm A,567826,3483,3482,714,445,1,0.0027232475
Warm A,451921,2781,2780,714,445,1,-0.005774398
Warm A,745167,4448,4447,714,445,1,0.009969375
Warm A,287955,1717,1716,714,445,1,0.011627495
Warm A,475714,2918,2917,714,445,1,0.008324606
Warm A,958954,5787,5786,714,445,1,0.016616985
Warm A,371197,2168,2167,714,445,1,0.020910166
Warm A,137078,881,880,714,445,0,0.0073837014
Warm A,421384,2544,2543,714,445,1,0.01964853
Warm A,163586,1050,1049,725,449,0,0.011313558
Warm A,227512,1380,1379,725,449,0,0.008375647
Warm A,136178,881,880,725,449,0,0.011734184
Warm A,351247,2063,2062,725,449,0,0.021076519
Warm A,126083,813,812,725,449,0,0.007675042
Warm A,120196,777,776,725,449,0,0.019058386
Warm A,105773,699,698,725,449,0,0.015697505
Warm A,98500,660,659,725,449,0,0.0057787243
Warm A,329038,1943,1942,725,449,0,0.014075078
Warm A,82589,549,548,725,449,1,0.013893329
Warm A,81377,543,542,725,449,1,0.008445488
Warm A,77062,524,523,725,449,0,0.011814273
Warm A,70582,476,475,725,449,1,0.006379173
Warm A,67274,453,452,725,449,0,0.017304145
Warm A,53336,352,351,725,449,0,0.0043783863
Warm A,43755,301,300,725,449,0,0.0016188934
Warm A,696938,4169,4168,725,449,0,0.010909053
Warm A,54279,355,354,725,449,1,0.010648008
Warm A,336800,1983,1982,725,449,1,0.011385081
Warm A,626408,3792,3791,725,449,0,0.011103354
Warm A,27769,195,194,725,449,0,0.014778728
Warm A,384412,2246,2245,725,449,1,0.00972561
Warm A,342076,2015,2014,725,449,0,0.010892511
Warm A,784302,4682,4681,725,449,1,0.017625779
Warm A,115742,752,751,725,449,0,0.012629842
Warm A,598969,3648,3647,725,449,0,0.00093133724
Warm A,62404,424,423,725,449,0,0.010253405
Warm A,682079,4085,4084,725,449,1,0.017700361
Warm A,370838,2168,2167,725,449,0,0.013066778
Warm A,941581,5682,5681,725,449,0,0.016201606
Warm A,272553,1647,1646,725,449,0,0.009577457
Warm A,282487,1694,1693,735,452,1,0.0009439388
Warm A,267459,1626,1625,735,452,1,0.0056616827
Warm A,247451,1496,1495,735,452,1,-0.0025365255
Warm A,234493,1423,1422,735,452,0,-0.0025538225
Warm A,221777,1341,1340,735,452,0,0.0128174415
Warm A,199029,1223,1222,735,452,0,-0.0019682376
Warm A,294089,1749,1748,735,452,0,0.004323345
Warm A,196256,1207,1206,735,452,0,0.0036531296
Warm A,327444,1941,1940,735,452,1,0.0035916625
Warm A,293049,1746,1745,735,452,1,-0.006283541
Warm A,186006,1151,1150,735,452,0,0.0049580596
Warm A,211728,1288,1287,735,452,1,0.004720859
Warm A,184745,1150,1149,735,452,0,0.0036482327
Warm A,176467,1116,1115,735,452,0,0.006386852
Warm A,176351,1115,1114,735,452,1,-0.0041667884
Warm A,174528,1104,1103,735,452,0,-0.0021000437
Warm A,173438,1100,1099,735,452,1,0.0064964583
Warm A,169458,1077,1076,735,452,0,0.005856387
Warm A,157497,1013,1012,735,452,1,-0.004411122
Warm A,146750,948,947,735,452,0,-0.0012895295
Warm A,128253,830,829,735,452,1,-0.0055943727
Warm A,125451,808,807,735,452,0,-0.0023170577
Warm A,92668,621,620,735,452,1,-0.002982513
Warm A,140594,904,903,735,452,0,0.011720786
Warm A,283768,1698,1697,735,452,1,0.00054042274
Warm A,178969,1124,1123,735,452,1,0.0015792632
Warm A,81395,543,542,735,452,1,0.0067964084
Warm A,77091,524,523,735,452,1,0.0066980394
Warm A,238495,1448,1447,735,452,0,-0.011196105
Warm A,67140,452,451,735,452,1,0.0038924243
Warm A,57536,390,389,735,452,1,0.004054758
Warm A,51064,337,336,735,452,1,0.0007088878
Warm A,41117,278,277,735,452,1,-0.0036941099
Warm A,299927,1779,1778,735,452,1,0.0031280487
Warm A,34534,235,234,735,452,0,0.0072846413
Warm A,17985,139,138,735,452,1,0.00026232656
Warm A,7424,53,52,735,452,1,-0.011030875
Warm A,365622,2129,2128,735,452,0,0.0048008235
Warm A,757497,4508,4507,735,452,1,-0.0028285617
Warm A,289891,1733,1732,735,452,1,-0.0065416056
Warm A,497519,3055,3054,735,452,0,0.0037458001
Warm A,628289,3806,3805,742,456,0,-0.002593011
Warm A,628478,3807,3806,742,456,0,0.0047104126
Warm A,627883,3801,3800,742,456,1,0.006126825
Warm A,623201,3771,3770,742,456,0,0.0011002854
Warm A,627814,3800,3799,742,456,1,0.0063797375
Warm A,840146,5047,5046,742,456,0,0.004624562
Warm A,617243,3736,3735,742,456,1,0.0076504378
Warm A,608111,3690,3689,742,456,0,0.004000123
Warm A,607876,3689,3688,742,456,0,0.0041408534
Warm A,636074,3834,3833,742,456,1,0.010842965
Warm A,621039,3762,3761,742,456,0,0.003881441
Warm A,593269,3618,3617,742,456,0,0.0049903514
Warm A,596242,3626,3625,742,456,0,0.0012109072
Warm A,590613,3603,3602,742,456,0,0.0039786594
Warm A,584531,3569,3568,742,456,0,0.002911081
Warm A,758957,4510,4509,742,456,0,0.0063374615
Warm A,578889,3539,3538,742,456,1,0.016771423
Warm A,584011,3564,3563,742,456,0,0.002992297
Warm A,613498,3717,3716,742,456,1,0.009184762
Warm A,547308,3377,3376,742,456,1,0.009363553
Warm A,576766,3526,3525,742,456,0,0.0020274036
Warm A,544977,3361,3360,742,456,0,-0.008987552
Warm A,543884,3352,3351,742,456,1,-0.0036110831
Warm A,535712,3308,3307,742,456,0,-0.004671254
Warm A,515244,3182,3181,742,456,0,0.0038302268
Warm A,565950,3476,3475,742,456,0,0.010981858
Warm A,507136,3121,3120,742,456,0,0.008758837
Warm A,517774,3196,3195,742,456,0,-0.0045097847
Warm A,710244,4260,4259,742,456,0,0.0050011585
Warm A,464704,2864,2863,742,456,0,-0.0038382588
Warm A,462989,2857,2856,742,456,1,0.014870603
Warm A,440046,2691,2690,742,456,0,0.00307388
Warm A,790620,4728,4727,742,456,0,0.009091955
Warm A,426356,2590,2589,742,456,0,0.0085104965
Warm A,398887,2376,2375,742,456,0,0.015561843
Warm A,397156,2352,2351,742,456,0,-0.0023638958
Warm A,385110,2251,2250,742,456,0,-0.010714039
Warm A,368607,2155,2154,742,456,1,0.017033802
Warm A,368230,2153,2152,742,456,0,0.008920429
Warm A,358361,2098,2097,742,456,0,0.004775635
Warm A,361352,2109,2108,742,456,0,0.0047390684
Warm A,351300,2063,2062,742,456,0,0.0075710444
Warm A,344371,2021,2020,742,456,1,0.008814059
Warm A,323491,1919,1918,742,456,0,0.004098495
Warm A,297256,1764,1763,742,456,1,0.0037353858
Warm A,276747,1675,1674,742,456,0,-0.0057486896
Warm A,277340,1676,1675,742,456,0,0.0005794014
Warm A,271381,1641,1640,742,456,0,0.0024663915
Warm A,267466,1626,1625,742,456,0,0.0035694754
Warm A,265459,1613,1612,742,456,0,0.0008517769
Warm A,247465,1496,1495,742,456,0,0.0052087232
Warm A,321153,1904,1903,742,456,0,0.005927019
Warm A,242552,1465,1464,742,456,0,-0.0041350154
Warm A,232224,1409,1408,742,456,0,0.009079488
Warm A,224422,1357,1356,742,456,0,-0.0058005177
Warm A,221866,1342,1341,742,456,0,-0.0024351012
Warm A,221778,1341,1340,742,456,0,0.007382404
Warm A,214495,1302,1301,742,456,1,0.010213283
Warm A,214038,1300,1299,742,456,0,-0.0036104657
Warm A,269639,1635,1634,742,456,0,0.010973826
Warm A,272587,1647,1646,742,456,0,0.012041517
Warm A,250288,1509,1508,742,456,1,0.010495175
Warm A,209942,1284,1283,742,456,1,0.004214206
Warm A,327475,1941,1940,742,456,0,0.008803306
Warm A,183458,1142,1141,742,456,0,0.0054310034
Warm A,176356,1115,1114,742,456,0,-0.004614965
Warm A,256173,1562,1561,742,456,0,1.1339202e-05
Warm A,331255,1958,1957,742,456,0,0.0033772225
Warm A,183846,1146,1145,742,456,0,-3.5611447e-05
Warm A,165618,1056,1055,742,456,0,0.0066591464
Warm A,164196,1051,1050,742,456,0,0.0006635897
Warm A,150165,967,966,742,456,1,0.0031140726
Warm A,135371,877,876,742,456,0,0.0033489626
Warm A,133838,868,867,742,456,1,0.008404552
Warm A,133956,869,868,742,456,0,0.0054258695
Warm A,133127,859,858,742,456,0,0.0024502773
Warm A,131697,854,853,742,456,0,0.004702785
Warm A,137656,889,888,742,456,0,0.012210125
Warm A,125459,808,807,742,456,0,0.0068056104
Warm A,115227,749,748,742,456,0,0.0009214855
Warm A,114675,746,745,742,456,0,0.006610762
Warm A,114062,741,740,742,456,0,0.0073009375
Warm A,117316,757,756,742,456,0,0.007900002
Warm A,107615,710,709,742,456,0,0.0018174722
Warm A,113169,735,734,742,456,0,0.0006386407
Warm A,110525,721,720,742,456,1,0.004180234
Warm A,108615,712,711,742,456,0,0.015383903
Warm A,77112,524,523,742,456,0,0.00734671
Warm A,238515,1448,1447,742,456,0,0.002900735
Warm A,71712,482,481,742,456,0,0.0098195365
Warm A,51071,337,336,742,456,1,0.008835327
Warm A,47867,321,320,742,456,0,-0.000360367
Warm A,49099,329,328,742,456,0,0.012625668
Warm A,45146,305,304,742,456,0,0.0025393497
Warm A,41131,278,277,742,456,1,0.0040102885
Warm A,55469,368,367,742,456,0,-0.0011730384
Warm A,22296,163,162,742,456,0,0.0071926587
Warm A,15150,121,120,742,456,0,0.0027138274
Warm A,289911,1733,1732,742,456,0,-0.00050136284
Warm A,552000,3401,3400,742,456,0,0.0115989605
Warm A,56010,372,371,742,456,1,0.011767974
Warm A,264876,1611,1610,742,456,1,0.005879688
Warm A,251774,1524,1523,742,456,0,0.0058702515
Warm A,571776,3507,3506,742,456,0,0.01320177
Warm A,365633,2129,2128,742,456,0,0.0067572515
Warm A,101861,678,677,742,456,1,0.009451909
Warm A,366050,2131,2130,742,456,0,0.0107065085
Warm A,79048,531,530,742,456,0,0.011448589
Warm A,565326,3475,3474,742,456,0,0.0037987558
Warm A,473117,2909,2908,742,456,1,0.0036947937
Warm A,699858,4186,4185,742,456,1,0.0028850478
Warm A,171165,1088,1087,742,456,0,0.009205639
Warm A,324826,1925,1924,742,456,0,0.0032372235
Warm A,771825,4600,4599,742,456,0,-0.0033929315
Warm A,309209,1841,1840,743,457,0,0.009671472
Warm A,247466,1496,1495,743,457,0,0.009421707
Warm A,296715,1759,1758,743,457,1,-0.0069473274
Warm A,278508,1680,1679,743,457,0,0.0006360845
Warm A,177832,1120,1119,743,457,0,0.0011086008
Warm A,176472,1116,1115,743,457,0,-0.006827974
Warm A,172775,1096,1095,743,457,1,0.0013494578
Warm A,175264,1112,1111,743,457,0,0.0026037213
Warm A,271977,1645,1644,743,457,0,-0.005659958
Warm A,155684,1004,1003,743,457,0,0.010901319
Warm A,156464,1010,1009,743,457,0,0.0046224375
Warm A,136214,881,880,743,457,0,0.006228313
Warm A,115230,749,748,743,457,1,0.001239757
Warm A,105810,699,698,743,457,0,-0.0072127893
Warm A,107618,710,709,743,457,0,0.0077370536
Warm A,176653,1117,1116,743,457,0,0.0072174915
Warm A,98527,660,659,743,457,0,-0.0097715845
Warm A,370861,2168,2167,743,457,1,0.0016378313
Warm A,96317,647,646,743,457,0,0.0042313077
Warm A,329077,1943,1942,743,457,0,-0.001839012
Warm A,92489,620,619,743,457,0,0.0044883844
Warm A,190284,1181,1180,743,457,0,0.0036819475
Warm A,83788,550,549,743,457,0,0.010147026
Warm A,73038,494,493,743,457,1,0.0030923549
Warm A,71479,481,480,743,457,1,0.0072437553
Warm A,65122,438,437,743,457,1,-0.012273065
Warm A,110527,721,720,743,457,1,0.00037586153
Warm A,44171,302,301,743,457,0,0.0005904641
Warm A,696985,4169,4168,743,457,0,0.012572227
Warm A,291080,1737,1736,743,457,0,-0.009522453
Warm A,234663,1425,1424,743,457,0,0.0022267515
Warm A,6584,48,47,743,457,0,0.0045803897
Warm A,880,10,9,743,457,0,0.001990214
Warm A,354652,2077,2076,743,457,0,-0.0041012177
Warm A,626446,3792,3791,743,457,0,0.0056833234
Warm A,237537,1447,1446,743,457,0,-0.007548832
Warm A,49101,329,328,743,457,0,-0.0004255448
Warm A,362650,2116,2115,743,457,0,0.005295011
Warm A,828959,4979,4978,743,457,0,-0.005755544
Warm A,27833,195,194,743,457,0,-0.004025335
Warm A,680473,4079,4078,743,457,0,-0.0017700911
Warm A,750566,4478,4477,743,457,0,-0.0043696365
Warm A,35018,237,236,743,457,0,-0.005684061
Warm A,11519,90,89,743,457,0,0.0016748096
Warm A,598997,3648,3647,743,457,0,-0.005971455
Warm A,62461,424,423,743,457,0,0.00022828102
Warm A,171168,1088,1087,743,457,0,0.0036221177
Warm A,473156,2909,2908,761,461,0,0.001912513
Warm A,463007,2857,2856,761,461,0,-0.007844056
Warm A,447778,2761,2760,761,461,0,-0.005031533
Warm A,429981,2621,2620,761,461,0,-0.005008443
Warm A,409075,2456,2455,761,461,0,-0.0085820295
Warm A,393768,2319,2318,761,461,0,-0.0028906038
Warm A,391874,2304,2303,761,461,0,0.0007225941
Warm A,383573,2242,2241,761,461,1,-0.005547435
Warm A,362075,2110,2109,761,461,1,0.00809198
Warm A,355407,2079,2078,761,461,0,-0.011453085
Warm A,356240,2088,2087,761,461,0,0.0012076278
Warm A,351340,2063,2062,761,461,0,0.002005943
Warm A,312632,1863,1862,761,461,0,0.00045834458
Warm A,314902,1880,1879,761,461,0,-0.0029569124
Warm A,263844,1606,1605,761,461,0,-0.0052956133
Warm A,299412,1778,1777,761,461,0,-0.0054434976
Warm A,247486,1496,1495,761,461,0,-0.0003824085
Warm A,342152,2015,2014,761,461,1,-0.0005635014
Warm A,335417,1980,1979,761,461,0,-0.0026769796
Warm A,221050,1340,1339,761,461,0,-0.0037372194
Warm A,314571,1879,1878,761,461,0,-0.0042630313
Warm A,277371,1676,1675,761,461,0,0.002763731
Warm A,269673,1635,1634,761,461,0,-0.006648544
Warm A,186311,1152,1151,761,461,0,-0.006900072
Warm A,308334,1837,1836,761,461,0,-0.0011051792
Warm A,190334,1181,1180,761,461,0,0.011485731
Warm A,168814,1071,1070,761,461,1,-0.009207108
Warm A,162150,1034,1033,761,461,1,0.0031772414
Warm A,131574,853,852,761,461,1,0.0023382157
Warm A,120963,780,779,761,461,0,-0.0026270268
Warm A,118222,765,764,761,461,0,-0.0026066082
Warm A,100025,669,668,761,461,1,-0.003117485
Warm A,349755,2054,2053,761,461,0,-0.0065006698
Warm A,283827,1698,1697,761,461,1,-0.004223507
Warm A,82686,549,548,761,461,1,-0.0034366385
Warm A,83830,550,549,761,461,1,-0.0071757575
Warm A,77141,524,523,761,461,0,-0.0017696252
Warm A,74116,505,504,761,461,0,-0.008509722
Warm A,71271,479,478,761,461,0,-0.0046331678
Warm A,70348,475,474,761,461,0,0.0002045678
Warm A,62507,424,423,761,461,0,-0.00022372033
Warm A,50826,335,334,761,461,0,-0.0044549494
Warm A,43803,301,300,761,461,0,-0.008370871
Warm A,44219,302,301,761,461,0,-0.0050873123
Warm A,34585,235,234,761,461,1,4.803692e-05
Warm A,36219,245,244,761,461,0,-0.00426425
Warm A,32833,223,222,761,461,0,-0.002342667
Warm A,26997,192,191,761,461,0,0.00035046833
Warm A,234697,1425,1424,761,461,1,-0.0055861194
Warm A,30374,204,203,761,461,0,-0.005850817
Warm A,49149,329,328,761,461,0,-0.008738626
Warm A,219015,1329,1328,761,461,0,0.0025373166
Warm A,354668,2077,2076,761,461,1,0.0012126853
Warm A,552040,3401,3400,761,461,0,-0.00930722
Warm A,27874,195,194,761,461,0,-0.001183464
Warm A,632889,3824,3823,761,461,0,0.002647346
Warm A,958986,5787,5786,761,461,0,0.0004215837
Warm A,73275,496,495,761,461,1,0.0015465538
Warm A,171210,1088,1087,761,461,0,0.0052325455
Warm A,52917,349,348,761,461,0,0.0033180967
Warm A,293546,1748,1747,761,461,0,-0.0013166601
Warm A,179387,1125,1124,761,461,0,-0.007585893
Warm A,295508,1755,1754,761,461,0,0.0018665201
Warm A,22982,166,165,764,463,0,0.0024602984
Warm A,16577,131,130,764,463,1,0.006313961
Warm A,7491,53,52,764,463,1,0.006816764
Warm A,1244,11,10,764,463,1,-0.0008990404
Warm A,22316,163,162,764,463,0,0.007647091
Warm A,206620,1266,1265,764,463,0,0.004472978
Warm A,883249,5333,5332,764,463,0,0.0006348657
Warm A,157714,1015,1014,764,463,1,0.00959276
Warm A,778094,4647,4646,764,463,1,-0.005386849
Warm A,796238,4771,4770,764,463,1,0.001252199
Warm A,245676,1484,1483,764,463,0,-0.0056767296
Warm A,893196,5394,5393,764,463,0,0.0044343024
Warm A,285116,1701,1700,764,463,1,0.0039109206
Warm A,193399,1194,1193,764,463,0,0.0029480113
Warm A,636107,3834,3833,765,464,1,-0.0028743022
Warm A,599712,3650,3649,765,464,0,0.0033592114
Warm A,596272,3626,3625,765,464,0,0.005612465
Warm A,591475,3609,3608,765,464,0,0.0018048156
Warm A,590022,3600,3599,765,464,0,0.001915242
Warm A,568534,3489,3488,765,464,0,0.008630786
Warm A,593314,3618,3617,765,464,0,-0.002598105
Warm A,562015,3458,3457,765,464,1,0.0034448237
Warm A,575080,3519,3518,765,464,0,-0.00015260559
Warm A,541957,3336,3335,765,464,0,0.004684068
Warm A,535746,3308,3307,765,464,1,-0.008455149
Warm A,532954,3292,3291,765,464,0,-0.0016163879
Warm A,536781,3311,3310,765,464,0,0.008233155
Warm A,514735,3180,3179,765,464,0,0.0035956693
Warm A,505786,3111,3110,765,464,0,0.00037819264
Warm A,502004,3082,3081,765,464,0,-0.008623444
Warm A,516264,3189,3188,765,464,0,0.00024345989
Warm A,493746,3032,3031,765,464,1,-0.013631675
Warm A,491926,3026,3025,765,464,0,0.0076531502
Warm A,489450,3013,3012,765,464,0,-0.0067093032
Warm A,529406,3272,3271,765,464,1,0.01028871
Warm A,456309,2810,2809,765,464,1,0.0036501617
Warm A,434360,2649,2648,765,464,0,-0.005278049
Warm A,430302,2623,2622,765,464,0,0.0054693343
Warm A,450513,2777,2776,765,464,1,0.00048994133
Warm A,423062,2565,2564,765,464,1,0.009453171
Warm A,419581,2537,2536,765,464,0,0.0028305794
Warm A,402133,2402,2401,765,464,0,0.0029913075
Warm A,382218,2233,2232,765,464,1,-0.0037595679
Warm A,375439,2188,2187,765,464,0,0.002594033
Warm A,370423,2166,2165,765,464,0,0.0013379278
Warm A,382433,2235,2234,765,464,1,0.0060438258
Warm A,351345,2063,2062,765,464,0,0.002528775
Warm A,350877,2060,2059,765,464,0,0.0004088974
Warm A,305323,1815,1814,765,464,0,0.00029260572
Warm A,314911,1880,1879,765,464,0,0.0021449775
Warm A,274622,1659,1658,765,464,1,0.0042647254
Warm A,281122,1687,1686,765,464,0,-0.003601849
Warm A,265492,1613,1612,765,464,0,0.0022198271
Warm A,309215,1841,1840,765,464,0,-0.0018681866
Warm A,299415,1778,1777,765,464,0,0.00281518
Warm A,236290,1434,1433,765,464,1,-0.0043339124
Warm A,335424,1980,1979,765,464,0,-0.0038029072
Warm A,277376,1676,1675,765,464,0,0.005679828
Warm A,213243,1298,1297,765,464,0,0.013379328
Warm A,278568,1680,1679,765,464,0,0.0024010797
Warm A,196289,1207,1206,765,464,0,0.0047869748
Warm A,193091,1193,1192,765,464,0,0.0024663121
Warm A,192270,1184,1183,765,464,0,0.005154311
Warm A,188151,1168,1167,765,464,0,0.0042466335
Warm A,188804,1172,1171,765,464,0,0.0064803287
Warm A,183031,1141,1140,765,464,0,0.005778779
Warm A,179390,1125,1124,765,464,0,-0.0026139708
Warm A,172783,1096,1095,765,464,0,0.000661506
Warm A,168206,1069,1068,765,464,0,-0.001247272
Warm A,175292,1112,1111,765,464,0,-0.00013070076
Warm A,167638,1068,1067,765,464,0,0.0018645495
Warm A,163430,1047,1046,765,464,1,0.0013152119
Warm A,155712,1004,1003,765,464,0,0.0017501807
Warm A,156494,1010,1009,765,464,0,-0.0033797347
Warm A,380101,2223,2222,765,464,0,0.0042502163
Warm A,248634,1501,1500,765,464,0,0.010859221
Warm A,332453,1962,1961,765,464,0,0.0071129873
Warm A,154706,999,998,765,464,0,-0.0016607495
Warm A,159768,1019,1018,765,464,0,3.0142022e-05
Warm A,177872,1120,1119,765,464,0,0.0016301065
Warm A,115811,752,751,765,464,0,-0.0065307803
Warm A,105833,699,698,765,464,0,0.003917059
Warm A,100719,673,672,765,464,0,0.004218497
Warm A,101243,676,675,765,464,0,0.0004086938
Warm A,109153,714,713,765,464,1,0.0061335415
Warm A,360435,2106,2105,765,464,0,-0.0016620143
Warm A,83839,550,549,765,464,0,0.010925781
Warm A,81441,543,542,765,464,1,0.0006114803
Warm A,73049,494,493,765,464,1,0.0018217242
Warm A,65149,438,437,765,464,1,0.0010303445
Warm A,59335,403,402,765,464,0,-0.0011010378
Warm A,405925,2436,2435,765,464,0,0.008167705
Warm A,57890,392,391,765,464,0,0.00247267
Warm A,239627,1449,1448,765,464,0,-0.0043715383
Warm A,227961,1383,1382,765,464,0,-0.00045948825
Warm A,697023,4169,4168,765,464,0,0.0033137244
Warm A,38177,261,260,765,464,0,0.0033572281
Warm A,31780,216,215,765,464,1,-0.0009144237
Warm A,31467,214,213,765,464,0,-0.0016301835
Warm A,54346,355,354,765,464,0,0.00091255957
Warm A,234699,1425,1424,765,464,0,0.0018731933
Warm A,49155,329,328,765,464,0,0.009982561
Warm A,3479,26,25,765,464,0,0.0017283633
Warm A,6624,48,47,765,464,0,-0.004740072
Warm A,938,10,9,765,464,1,0.011939495
Warm A,883250,5333,5332,765,464,0,-0.006019642
Warm A,439777,2688,2687,765,464,0,-0.0050512264
Warm A,335129,1978,1977,765,464,0,0.0033764166
Warm A,27879,195,194,765,464,0,0.009647428
Warm A,354670,2077,2076,765,464,0,-0.005991443
Warm A,233862,1422,1421,765,464,0,0.010202568
Warm A,237576,1447,1446,765,464,0,0.0045587383
Warm A,342157,2015,2014,765,464,0,0.0049235476
Warm A,362674,2116,2115,765,464,0,0.002564831
Warm A,333697,1969,1968,765,464,1,0.0050767236
Warm A,682134,4085,4084,765,464,1,0.003174982
Warm A,272000,1645,1644,765,464,0,0.003055741
Warm A,11530,90,89,765,464,0,-0.0022589383
Warm A,717069,4294,4293,765,464,0,0.00841231
Warm A,331277,1958,1957,765,464,0,-0.008599805
Warm A,521701,3219,3218,765,464,1,0.0019999251
Warm A,171217,1088,1087,765,464,0,0.0046016164
Warm A,699871,4186,4185,765,464,0,-0.00041655416
Warm A,272621,1647,1646,765,464,0,0.005860339
Warm A,468220,2887,2886,765,464,0,0.0072591375
Warm A,337913,1988,1987,766,465,0,0.008425814
Warm A,267813,1628,1627,766,465,0,0.011544249
Warm A,351346,2063,2062,766,465,0,0.016067866
Warm A,262957,1605,1604,766,465,0,0.018057793
Warm A,107259,706,705,766,465,0,-0.010212439
Warm A,97673,655,654,766,465,0,0.00033088773
Warm A,332454,1962,1961,766,465,0,0.012775483
Warm A,283834,1698,1697,766,465,1,0.011929126
Warm A,90533,601,600,766,465,0,0.008738408
Warm A,432036,2634,2633,766,465,0,0.009422615
Warm A,238539,1448,1447,766,465,1,0.0068037384
Warm A,77147,524,523,766,465,1,0.017188638
Warm A,74559,509,508,766,465,1,0.0024412964
Warm A,197209,1211,1210,766,465,1,0.011318514
Warm A,69285,464,463,766,465,0,0.0019686401
Warm A,234700,1425,1424,766,465,1,0.011915697
Warm A,24804,175,174,766,465,1,-0.003431614
Warm A,21910,161,160,766,465,1,0.0013465737
Warm A,26261,187,186,766,465,1,0.0010966901
Warm A,22983,166,165,766,465,1,0.010973794
Warm A,16578,131,130,766,465,1,0.0058061467
Warm A,7494,53,52,766,465,1,0.009797874
Warm A,206621,1266,1265,766,465,1,0.004354846
Warm A,276015,1671,1670,766,465,1,0.0025779586
Warm A,157716,1015,1014,766,465,1,0.016145796
Warm A,129136,839,838,766,465,1,0.008429708
Warm A,252384,1530,1529,766,465,0,0.007306615
Warm A,261115,1597,1596,766,465,1,0.0033962936
Warm A,713618,4277,4276,766,465,1,0.006404074
Warm A,439328,2684,2683,766,465,0,0.009374708
Warm A,796240,4771,4770,766,465,1,0.012396546
Warm A,245678,1484,1483,766,465,1,0.0051870653
Warm A,562379,3462,3461,766,465,1,0.012591235
Warm A,475364,2918,2917,766,465,1,0.0064135855
Warm A,960371,5792,5791,766,465,0,0.0036784431
Warm A,287577,1717,1716,766,465,0,0.010475834
Warm A,371510,2172,2171,766,465,1,0.009314577
Warm A,193400,1194,1193,766,465,1,0.014443232
Warm A,480403,2947,2946,766,465,0,0.0035701816
Warm A,33867,229,228,766,465,1,0.015445921
Warm A,267472,1626,1625,781,468,0,0.0021512222
Warm A,259293,1587,1586,781,468,0,0.00036957208
Warm A,209333,1279,1278,781,468,0,-0.0021624917
Warm A,188822,1172,1171,781,468,1,-0.0009953184
Warm A,184849,1150,1149,781,468,0,-0.00017910684
Warm A,180133,1128,1127,781,468,1,-0.005058773
Warm A,270712,1639,1638,781,468,1,-0.0011846977
Warm A,114693,746,745,781,468,0,-0.0019208093
Warm A,100728,673,672,781,468,1,0.0050426507
Warm A,179400,1125,1124,781,468,0,-0.007103518
Warm A,100035,669,668,781,468,1,0.002174315
Warm A,176698,1117,1116,781,468,1,-0.0025966167
Warm A,97689,655,654,781,468,0,-0.0066488306
Warm A,332465,1962,1961,781,468,0,0.003579779
Warm A,631329,3821,3820,781,468,0,-0.0016946717
Warm A,151165,973,972,781,468,1,-0.0014289005
Warm A,87178,570,569,781,468,1,0.0012243388
Warm A,190377,1181,1180,781,468,0,0.004781618
Warm A,81451,543,542,781,468,1,0.010620253
Warm A,201350,1242,1241,781,468,1,-0.00649361
Warm A,784343,4682,4681,781,468,1,-0.0014338205
Warm A,47261,319,318,781,468,0,-0.003110154
Warm A,697041,4169,4168,781,468,1,-0.0033012521
Warm A,33346,225,224,781,468,1,-0.015871476
Warm A,26280,187,186,781,468,1,-0.0020397517
Warm A,16602,131,130,781,468,0,0.004073125
Warm A,632922,3824,3823,781,468,0,-0.0053907093
Warm A,79101,531,530,781,468,0,-0.005258547
Warm A,506117,3113,3112,781,468,0,-0.00056753925
Warm A,935161,5643,5642,781,468,0,0.0014273236
Warm A,262984,1605,1604,781,468,1,0.002470166
Warm A,804438,4816,4815,781,468,1,0.005758289
Warm A,317493,1889,1888,781,468,1,0.004562384
Warm A,159801,1019,1018,781,468,0,0.002302661
Warm A,713626,4277,4276,781,468,0,0.004802955
Warm A,195208,1203,1202,781,468,0,-0.0006479381
Warm A,967164,5831,5830,781,468,0,-0.0013341034
Warm A,739513,4418,4417,781,468,0,-0.008305211
Warm A,992553,5996,5995,781,468,1,0.0054053124
Warm A,115834,752,751,781,468,1,-0.0013129762
Warm A,295525,1755,1754,781,468,1,0.00035069708
Warm A,748293,4467,4466,781,468,0,-0.0007217877
Warm A,860257,5172,5171,781,468,1,-0.005227655
Warm A,562946,3464,3463,782,469,0,0.0025211088
Warm A,557534,3425,3424,782,469,0,0.008508587
Warm A,771832,4600,4599,782,469,0,0.0035995867
Warm A,547311,3377,3376,782,469,1,0.0034332708
Warm A,576834,3526,3525,782,469,0,0.0016742288
Warm A,535758,3308,3307,782,469,0,0.0054729814
Warm A,531940,3285,3284,782,469,0,0.008677797
Warm A,518606,3201,3200,782,469,0,0.004409626
Warm A,536800,3311,3310,782,469,0,0.0071765985
Warm A,521329,3217,3216,782,469,0,0.008067274
Warm A,515277,3182,3181,782,469,1,0.0031694192
Warm A,659033,3971,3970,782,469,1,0.009614507
Warm A,493764,3032,3031,782,469,1,0.0008264361
Warm A,628492,3807,3806,782,469,0,0.008649886
Warm A,479970,2946,2945,782,469,0,0.008094862
Warm A,472293,2907,2906,782,469,0,-0.0016446795
Warm A,473182,2909,2908,782,469,1,0.0024409737
Warm A,463021,2857,2856,782,469,0,0.009446982
Warm A,460177,2840,2839,782,469,0,0.012088485
Warm A,457634,2820,2819,782,469,0,-0.0011987909
Warm A,453472,2793,2792,782,469,1,0.015528657
Warm A,450533,2777,2776,782,469,0,0.0062998403
Warm A,564140,3471,3470,782,469,0,0.008211212
Warm A,439547,2685,2684,782,469,0,0.007142053
Warm A,420149,2540,2539,782,469,1,0.0063068857
Warm A,404363,2419,2418,782,469,0,0.0070386
Warm A,398918,2376,2375,782,469,0,0.0074541867
Warm A,386929,2263,2262,782,469,1,0.004139336
Warm A,385025,2250,2249,782,469,0,-0.0031423445
Warm A,362689,2116,2115,782,469,0,5.3216238e-05
Warm A,350079,2055,2054,782,469,0,0.002586077
Warm A,361395,2109,2108,782,469,0,0.003992998
Warm A,330920,1954,1953,782,469,0,0.0034757918
Warm A,300901,1785,1784,782,469,0,0.0023076616
Warm A,378295,2208,2207,782,469,0,0.014898564
Warm A,295929,1757,1756,782,469,1,0.0004832698
Warm A,274969,1666,1665,782,469,0,0.0071937605
Warm A,260594,1593,1592,782,469,0,0.00455249
Warm A,261571,1599,1598,782,469,1,0.005968606
Warm A,242593,1465,1464,782,469,1,0.0025581731
Warm A,277395,1676,1675,782,469,0,-0.0050768107
Warm A,591719,3610,3609,782,469,0,0.0050912336
Warm A,250296,1509,1508,782,469,0,0.0037241695
Warm A,209956,1284,1283,782,469,0,0.0072997245
Warm A,278609,1680,1679,782,469,1,0.007777789
Warm A,342173,2015,2014,782,469,0,0.007713162
Warm A,327579,1941,1940,782,469,0,0.008887886
Warm A,183857,1146,1145,782,469,0,0.0038418428
Warm A,175307,1112,1111,782,469,0,0.0071676592
Warm A,170189,1084,1083,782,469,0,-0.00063809357
Warm A,145217,935,934,782,469,0,0.008084351
Warm A,131715,854,853,782,469,0,0.0026083747
Warm A,351373,2063,2062,782,469,0,0.012823636
Warm A,114694,746,745,782,469,0,0.0065395785
Warm A,120237,777,776,782,469,0,0.00782761
Warm A,105847,699,698,782,469,0,0.018425237
Warm A,115835,752,751,782,469,0,0.0043757847
Warm A,103287,687,686,782,469,0,-0.0068608946
Warm A,299424,1778,1777,782,469,0,-0.0004007588
Warm A,110563,721,720,782,469,0,0.010566354
Warm A,631331,3821,3820,782,469,0,0.004086298
Warm A,190379,1181,1180,782,469,0,0.004684751
Warm A,77175,524,523,782,469,0,0.0048154993
Warm A,79985,533,532,782,469,0,0.008364773
Warm A,68533,461,460,782,469,0,0.004213524
Warm A,70056,474,473,782,469,0,0.00060659717
Warm A,71758,482,481,782,469,0,0.0072887843
Warm A,238569,1448,1447,782,469,1,0.0057805823
Warm A,221073,1340,1339,782,469,0,0.0078391535
Warm A,219025,1329,1328,782,469,0,0.0016003824
Warm A,9149,62,61,782,469,0,-0.00096283
Warm A,626485,3792,3791,782,469,1,0.0041522942
Warm A,552063,3401,3400,782,469,0,0.0049795937
Warm A,150385,970,969,782,469,0,0.0068097813
Warm A,237599,1447,1446,782,469,0,0.017395366
Warm A,697042,4169,4168,782,469,0,0.018743481
Warm A,682150,4085,4084,782,469,1,-0.003920642
Warm A,264915,1611,1610,782,469,0,0.012025328
Warm A,599023,3648,3647,782,469,0,-0.0022833515
Warm A,215395,1306,1305,782,469,0,0.006918189
Warm A,136258,881,880,782,469,0,0.0052955165
Warm A,324847,1925,1924,782,469,0,0.0053575765
Warm A,272632,1647,1646,782,469,0,0.009001528
Warm A,331293,1958,1957,782,469,0,0.016087014
Warm A,974530,5878,5877,782,469,0,0.0029491973
Warm A,374079,2181,2180,801,478,0,0.017865203
Warm A,355967,2085,2084,801,478,1,0.0061011035
Warm A,361636,2109,2108,801,478,0,0.023219291
Warm A,345106,2024,2023,801,478,0,0.004099632
Warm A,398602,2372,2371,801,478,1,0.012356894
Warm A,340644,2010,2009,801,478,0,0.013953211
Warm A,333842,1969,1968,801,478,0,0.0045294147
Warm A,286261,1709,1708,801,478,1,0.0066320393
Warm A,268526,1631,1630,801,478,0,0.0030254424
Warm A,360779,2106,2105,801,478,0,0.008959214
Warm A,236380,1434,1433,801,478,1,-0.0013242227
Warm A,247327,1495,1494,801,478,0,0.0049717203
Warm A,222745,1348,1347,801,478,1,0.010840341
Warm A,320098,1899,1898,801,478,0,0.004783431
Warm A,220849,1339,1338,801,478,0,0.008743188
Warm A,283537,1697,1696,801,478,1,0.0061496785
Warm A,205319,1263,1262,801,478,0,0.018943008
Warm A,213461,1298,1297,801,478,0,0.0077666696
Warm A,279259,1680,1679,801,478,1,0.010012966
Warm A,198812,1221,1220,801,478,1,0.009814331
Warm A,212475,1294,1293,801,478,1,6.965676e-05
Warm A,183210,1141,1140,801,478,1,0.012174687
Warm A,178123,1120,1119,801,478,1,0.0013838971
Warm A,172634,1094,1093,801,478,0,0.003540882
Warm A,172877,1096,1095,801,478,0,0.0012404774
Warm A,272195,1645,1644,801,478,1,0.010397028
Warm A,153673,987,986,801,478,1,-0.00028202328
Warm A,165462,1054,1053,801,478,0,0.011016051
Warm A,249245,1502,1501,801,478,0,-0.004590398
Warm A,149596,963,962,801,478,0,0.008659987
Warm A,136592,881,880,801,478,0,0.010527765
Warm A,263330,1605,1604,801,478,1,0.009175454
Warm A,116837,753,752,801,478,0,0.0051590707
Warm A,112475,731,730,801,478,1,0.016891994
Warm A,94933,637,636,801,478,0,0.015597668
Warm A,234978,1425,1424,801,478,0,0.005356078
Warm A,93789,629,628,801,478,1,-0.0025999667
Warm A,92212,614,613,801,478,1,-0.0034782393
Warm A,86638,566,565,801,478,0,0.00797992
Warm A,84181,550,549,801,478,0,0.018650647
Warm A,73110,494,493,801,478,1,0.0015759538
Warm A,46355,310,309,801,478,1,0.0046277004
Warm A,10425,75,74,801,478,1,0.004308157
Warm A,79397,531,530,801,478,0,0.006846188
Warm A,206870,1266,1265,801,478,0,0.009557171
Warm A,19121,148,147,801,478,1,-0.0021387485
Warm A,922677,5571,5570,801,478,0,0.0024313168
Warm A,552353,3401,3400,801,478,0,0.01742765
Warm A,386072,2258,2257,801,478,0,0.0011443489
Warm A,363033,2116,2115,801,478,0,0.01152789
Warm A,328130,1941,1940,801,478,0,0.010882818
Warm A,413739,2489,2488,801,478,1,0.012312825
Warm A,144918,934,933,801,478,0,0.0129198115
Warm A,489616,3013,3012,801,478,1,0.0022683726
Warm A,134276,869,868,801,478,0,0.00032059383
Warm A,717091,4294,4293,801,478,0,0.0041956985
Warm A,370997,2168,2167,801,478,0,0.008870901
Warm A,206343,1265,1264,801,478,1,-0.0007896046
Warm A,171640,1088,1087,801,478,0,0.010936063
Warm A,468433,2887,2886,801,478,0,0.0012244363
Warm A,351848,2063,2062,801,478,0,0.012646615
Warm A,340653,2010,2009,809,482,0,-0.00036326307
Warm A,337028,1983,1982,809,482,0,0.004229005
Warm A,297502,1764,1763,809,482,0,-0.001917361
Warm A,292328,1741,1740,809,482,0,0.004997329
Warm A,358243,2097,2096,809,482,0,-0.0048154024
Warm A,253085,1537,1536,809,482,0,-0.0023186032
Warm A,299638,1778,1777,809,482,0,0.0036803628
Warm A,248099,1497,1496,809,482,0,0.0027579174
Warm A,360789,2106,2105,809,482,0,6.445497e-05
Warm A,356840,2090,2089,809,482,0,-0.0051877443
Warm A,233069,1418,1417,809,482,0,0.00023180351
Warm A,262236,1600,1599,809,482,0,0.01415375
Warm A,243963,1470,1469,809,482,0,-0.0018411194
Warm A,320787,1902,1901,809,482,0,-0.015198418
Warm A,202503,1244,1243,809,482,0,0.0033104972
Warm A,277705,1676,1675,809,482,0,0.002269876
Warm A,186359,1152,1151,809,482,0,0.0042478377
Warm A,186123,1151,1150,809,482,0,-0.008387481
Warm A,203097,1246,1245,809,482,0,0.0047563105
Warm A,160626,1020,1019,809,482,0,-0.008624259
Warm A,167867,1068,1067,809,482,0,0.0005175008
Warm A,154868,999,998,809,482,0,0.0005851344
Warm A,134288,869,868,809,482,0,0.00082546845
Warm A,114855,746,745,809,482,0,-0.0061331764
Warm A,240098,1449,1448,809,482,0,-0.00040782895
Warm A,106074,699,698,809,482,0,0.0007666858
Warm A,480146,2946,2945,809,482,0,-0.0007102692
Warm A,150600,970,969,809,482,0,0.002282051
Warm A,81685,543,542,809,482,1,-0.007929689
Warm A,77540,524,523,809,482,0,0.0034355132
Warm A,86645,566,565,809,482,0,0.007620532
Warm A,70787,476,475,809,482,1,-0.0041541774
Warm A,58366,394,393,809,482,0,-0.006147766
Warm A,50809,335,334,809,482,0,-0.0021837219
Warm A,145350,935,934,809,482,0,-0.0003325832
Warm A,40185,272,271,809,482,0,0.0010331068
Warm A,29009,199,198,809,482,0,0.0048627653
Warm A,26947,192,191,809,482,0,-0.010069618
Warm A,31168,210,209,809,482,0,0.011227464
Warm A,22281,163,162,809,482,0,0.0021399246
Warm A,567482,3483,3482,809,482,0,-0.0040657073
Warm A,342483,2015,2014,809,482,0,-0.0003337321
Warm A,266406,1616,1615,809,482,0,0.006705084
Warm A,599266,3648,3647,809,482,1,0.008056771
Warm A,941709,5682,5681,809,482,0,0.007978149
Warm A,378375,2208,2207,810,483,0,0.0065603745
Warm A,436447,2665,2664,810,483,0,0.007852384
Warm A,351875,2063,2062,810,483,0,0.0054303193
Warm A,361654,2109,2108,810,483,0,0.017190851
Warm A,341603,2012,2011,810,483,0,0.012955446
Warm A,340659,2010,2009,810,483,0,0.0045476444
Warm A,314489,1878,1877,810,483,0,0.008468325
Warm A,300727,1781,1780,810,483,0,0.0054771802
Warm A,296072,1757,1756,810,483,0,0.0026628443
Warm A,297510,1764,1763,810,483,0,0.0098424535
Warm A,288107,1721,1720,810,483,0,0.013611801
Warm A,264620,1609,1608,810,483,0,0.0149841625
Warm A,309290,1841,1840,810,483,0,-0.00084908423
Warm A,248395,1499,1498,810,483,0,-0.0022659441
Warm A,338869,1996,1995,810,483,0,0.015473079
Warm A,360797,2106,2105,810,483,0,0.008368462
Warm A,236385,1434,1433,810,483,0,0.008529595
Warm A,224171,1356,1355,810,483,0,0.0042912597
Warm A,269968,1635,1634,810,483,0,0.009013691
Warm A,216043,1311,1310,810,483,0,0.0074148565
Warm A,272950,1647,1646,810,483,0,0.0070009856
Warm A,261769,1599,1598,810,483,0,0.006779595
Warm A,303875,1805,1804,810,483,0,0.0063686953
Warm A,279293,1680,1679,810,483,0,0.012514713
Warm A,243973,1470,1469,810,483,0,0.021878103
Warm A,219873,1333,1332,810,483,0,-0.0007851841
Warm A,342490,2015,2014,810,483,0,0.012838578
Warm A,188427,1169,1168,810,483,0,0.019339893
Warm A,186361,1152,1151,810,483,0,0.013747912
Warm A,172880,1096,1095,810,483,0,0.007999036
Warm A,272207,1645,1644,810,483,0,0.008798849
Warm A,363945,2120,2119,810,483,0,0.009484132
Warm A,337032,1983,1982,810,483,0,0.0093207145
Warm A,165465,1054,1053,810,483,0,0.008807675
Warm A,323414,1917,1916,810,483,0,0.0042764638
Warm A,156889,1010,1009,810,483,0,0.01297161
Warm A,134299,869,868,810,483,0,0.012192486
Warm A,126593,817,816,810,483,0,0.011836537
Warm A,116840,753,752,810,483,0,-0.0016150036
Warm A,110366,720,719,810,483,0,0.0046615433
Warm A,107981,710,709,810,483,0,0.013642502
Warm A,118378,765,764,810,483,0,0.0021301513
Warm A,110833,721,720,810,483,0,0.010751337
Warm A,87539,572,571,810,483,0,-0.002237297
Warm A,86131,563,562,810,483,0,0.008091401
Warm A,81692,543,542,810,483,0,0.0048894193
Warm A,299644,1778,1777,810,483,0,0.0061080926
Warm A,70795,476,475,810,483,1,0.008606605
Warm A,64953,436,435,810,483,0,0.00547188
Warm A,67454,453,452,810,483,0,0.010865556
Warm A,65368,438,437,810,483,0,0.008973578
Warm A,291418,1737,1736,810,483,0,0.0003777116
Warm A,255528,1556,1555,810,483,0,0.01717757
Warm A,954318,5761,5760,810,483,0,0.008525455
Warm A,11819,92,91,810,483,0,0.012452447
Warm A,27821,195,194,810,483,0,0.013627354
Warm A,717092,4294,4293,810,483,0,0.009909624
Warm A,171662,1088,1087,810,483,0,0.015547403
Warm A,206352,1265,1264,810,483,0,0.0002431639
Warm A,310695,1851,1850,810,483,0,0.0029219592
Warm A,617084,3735,3734,818,484,0,0.0065429313
Warm A,537174,3311,3310,818,484,0,0.004728538
Warm A,536026,3308,3307,818,484,1,0.0034757017
Warm A,561594,3454,3453,818,484,0,-0.0019911872
Warm A,525641,3246,3245,818,484,0,-0.00017335592
Warm A,562599,3462,3461,818,484,0,0.016043155
Warm A,508642,3129,3128,818,484,0,0.003177958
Warm A,574772,3518,3517,818,484,0,0.0065958523
Warm A,502154,3082,3081,818,484,0,0.0009310567
Warm A,738442,4411,4410,818,484,0,0.01383552
Warm A,493397,3031,3030,818,484,1,0.002701622
Warm A,870491,5256,5255,818,484,0,0.011189769
Warm A,467635,2882,2881,818,484,0,0.002093412
Warm A,469986,2895,2894,818,484,0,0.005288135
Warm A,456469,2810,2809,818,484,0,0.004725282
Warm A,450284,2776,2775,818,484,0,-0.001110995
Warm A,438839,2681,2680,818,484,0,0.0038786512
Warm A,434741,2652,2651,818,484,0,0.004684332
Warm A,450881,2777,2776,818,484,0,0.0008694681
Warm A,425529,2582,2581,818,484,0,0.00549939
Warm A,420477,2541,2540,818,484,0,0.011749135
Warm A,419279,2533,2532,818,484,0,-0.0041659055
Warm A,411337,2469,2468,818,484,0,-0.0056907265
Warm A,404553,2419,2418,818,484,0,-0.0014566991
Warm A,399505,2378,2377,818,484,0,-0.00041084783
Warm A,398835,2375,2374,818,484,0,0.0008075237
Warm A,390010,2288,2287,818,484,0,0.0028949913
Warm A,385296,2251,2250,818,484,0,0.004918887
Warm A,382484,2235,2234,818,484,0,-0.00015217625
Warm A,368383,2153,2152,818,484,0,-0.0016277509
Warm A,355971,2085,2084,818,484,1,-0.001692413
Warm A,436451,2665,2664,818,484,0,-0.003110215
Warm A,340660,2010,2009,818,484,0,0.004079384
Warm A,350977,2060,2059,818,484,1,-0.0025530953
Warm A,290791,1735,1734,818,484,0,0.0011492097
Warm A,299646,1778,1777,818,484,0,0.00499973
Warm A,310123,1845,1844,818,484,0,-0.002266209
Warm A,297514,1764,1763,818,484,0,-0.0005849928
Warm A,323849,1920,1919,818,484,0,0.0035662774
Warm A,259483,1587,1586,818,484,0,-1.4970428e-05
Warm A,284203,1698,1697,818,484,0,0.00761333
Warm A,276249,1671,1670,818,484,0,0.0024985932
Warm A,212914,1297,1296,818,484,0,-0.0002956951
Warm A,277718,1676,1675,818,484,0,0.0027760656
Warm A,261772,1599,1598,818,484,0,0.009608456
Warm A,279304,1680,1679,818,484,1,0.008498632
Warm A,198817,1221,1220,818,484,0,0.0018276594
Warm A,213475,1298,1297,818,484,1,0.007268373
Warm A,193199,1193,1192,818,484,0,0.007206551
Warm A,188429,1169,1168,818,484,1,0.0022295928
Warm A,210979,1285,1284,818,484,0,0.0028417376
Warm A,181724,1136,1135,818,484,0,0.007004498
Warm A,173678,1100,1099,818,484,0,0.0018190853
Warm A,172882,1096,1095,818,484,0,-0.0026686382
Warm A,328166,1941,1940,818,484,1,0.0038647484
Warm A,163843,1050,1049,818,484,0,0.00027097453
Warm A,162594,1037,1036,818,484,0,0.00031472376
Warm A,161852,1032,1031,818,484,0,-0.000118600496
Warm A,159592,1018,1017,818,484,0,-0.003951973
Warm A,167875,1068,1067,818,484,0,0.003245215
Warm A,164580,1051,1050,818,484,1,0.000986832
Warm A,156894,1010,1009,818,484,0,0.003121389
Warm A,380295,2223,2222,818,484,0,0.0069507863
Warm A,135639,877,876,818,484,1,0.012176449
Warm A,263356,1605,1604,818,484,0,0.0078027956
Warm A,124255,800,799,818,484,0,0.0027484936
Warm A,178143,1120,1119,818,484,1,0.006766661
Warm A,360800,2106,2105,818,484,0,-0.000873188
Warm A,119273,770,769,818,484,0,0.0055045104
Warm A,112490,731,730,818,484,1,0.00097089063
Warm A,216427,1314,1313,818,484,0,0.001142232
Warm A,106078,699,698,818,484,0,-0.00022552535
Warm A,96421,647,646,818,484,1,0.00093016715
Warm A,631588,3821,3820,818,484,0,0.00075952767
Warm A,153676,987,986,818,484,1,0.0022214912
Warm A,89794,591,590,818,484,0,-0.006157195
Warm A,190970,1181,1180,818,484,0,0.008247784
Warm A,101389,676,675,818,484,0,0.010095646
Warm A,74855,509,508,818,484,0,0.0032722643
Warm A,68732,461,460,818,484,0,0.004294617
Warm A,70171,474,473,818,484,1,0.0007338277
Warm A,65370,438,437,818,484,0,0.0069799963
Warm A,57067,386,385,818,484,0,-0.0020927303
Warm A,52430,346,345,818,484,1,0.011329155
Warm A,47178,319,318,818,484,0,0.0027936755
Warm A,44174,302,301,818,484,1,0.006248687
Warm A,43288,297,296,818,484,0,0.010905966
Warm A,43791,301,300,818,484,0,0.009171142
Warm A,31727,216,215,818,484,0,0.010608192
Warm A,291422,1737,1736,818,484,0,0.00848844
Warm A,22955,166,165,818,484,0,0.008073324
Warm A,17374,136,135,818,484,1,0.0017645566
Warm A,234990,1425,1424,818,484,0,0.0035446042
Warm A,49103,329,328,818,484,0,0.0024647405
Warm A,9765,66,65,818,484,0,0.008251892
Warm A,3443,26,25,818,484,0,0.004821136
Warm A,6586,48,47,818,484,0,0.0031539989
Warm A,2606,22,21,818,484,1,0.009419405
Warm A,79421,531,530,818,484,0,0.010535331
Warm A,354935,2077,2076,818,484,1,0.006193997
Warm A,552369,3401,3400,818,484,0,0.0016010404
Warm A,893324,5394,5393,818,484,0,0.011300229
Warm A,237940,1447,1446,818,484,0,0.002202922
Warm A,954319,5761,5760,818,484,1,0.011111225
Warm A,326106,1930,1929,818,484,0,0.0011981311
Warm A,363051,2116,2115,818,484,0,-0.0030033693
Warm A,57854,392,391,818,484,0,0.0001126579
Warm A,829127,4979,4978,818,484,0,-0.0034520673
Warm A,272211,1645,1644,818,484,1,-6.953825e-05
Warm A,102285,678,677,818,484,0,0.006135146
Warm A,331629,1958,1957,818,484,0,-0.0022216714
Warm A,599277,3648,3647,818,484,0,0.0052856063
Warm A,116235,752,751,818,484,0,0.009962489
Warm A,139186,890,889,818,484,0,-0.0051575648
Warm A,195466,1203,1202,818,484,0,0.00336648
Warm A,879359,5312,5311,818,484,1,0.0059584766
Warm A,134305,869,868,818,484,1,0.004696379
Warm A,335937,1980,1979,818,484,0,0.0016902452
Warm A,251156,1516,1515,818,484,0,-0.001570107
Warm A,717093,4294,4293,818,484,0,0.0029495007
Warm A,322388,1912,1911,818,484,0,0.0054375017
Warm A,479760,2944,2943,818,484,1,-0.0006982109
Warm A,501316,3080,3079,818,484,0,-0.0032857512
Warm A,342497,2015,2014,818,484,0,-0.0018188078
Warm A,537949,3312,3311,818,484,0,0.0033564675
Warm A,272956,1647,1646,818,484,1,0.006341962
Warm A,193668,1194,1193,818,484,0,0.00054667215
Warm A,639132,3842,3841,818,484,0,-0.0020369645
Warm A,550180,3391,3390,818,484,1,-0.0013064985
Warm A,456475,2810,2809,829,485,0,0.00483875
Warm A,443455,2734,2733,829,485,0,-0.0002199501
Warm A,442410,2724,2723,829,485,1,0.0075287754
Warm A,790761,4728,4727,829,485,0,0.004035511
Warm A,430086,2621,2620,829,485,0,-0.0018857885
Warm A,420481,2541,2540,829,485,0,0.0012422164
Warm A,404562,2419,2418,829,485,0,0.011588531
Warm A,399509,2378,2377,829,485,0,-0.0041821427
Warm A,392221,2304,2303,829,485,0,0.0070087058
Warm A,351895,2063,2062,829,485,0,0.010535262
Warm A,358897,2100,2099,829,485,1,0.0039374693
Warm A,341612,2012,2011,829,485,0,0.005810767
Warm A,340668,2010,2009,829,485,0,-0.0029974268
Warm A,281286,1687,1686,829,485,0,-0.0045189233
Warm A,286268,1709,1708,829,485,1,0.00023098546
Warm A,268537,1631,1630,829,485,0,0.007100097
Warm A,265799,1613,1612,829,485,0,0.0023304315
Warm A,296814,1759,1758,829,485,1,-0.003492007
Warm A,212922,1297,1296,829,485,0,0.0023641866
Warm A,277726,1676,1675,829,485,0,-0.006786907
Warm A,591986,3610,3609,829,485,0,-0.0059939316
Warm A,213481,1298,1297,829,485,0,0.00028637168
Warm A,196529,1207,1206,829,485,0,0.004987119
Warm A,328177,1941,1940,829,485,0,0.010132231
Warm A,188988,1172,1171,829,485,0,0.005363265
Warm A,179608,1125,1124,829,485,0,0.0019004792
Warm A,173684,1100,1099,829,485,0,-0.00064996013
Warm A,172889,1096,1095,829,485,0,0.008731905
Warm A,189375,1173,1172,829,485,0,0.0061598606
Warm A,155890,1004,1003,829,485,1,-0.0006858795
Warm A,249254,1502,1501,829,485,0,0.003693974
Warm A,138348,889,888,829,485,0,0.0066914894
Warm A,136613,881,880,829,485,0,0.003994823
Warm A,135645,877,876,829,485,0,0.0035265232
Warm A,128770,836,835,829,485,0,0.0025232832
Warm A,360811,2106,2105,829,485,0,0.0064988425
Warm A,234997,1425,1424,829,485,0,0.007292655
Warm A,223563,1354,1353,829,485,1,0.0051266393
Warm A,120427,777,776,829,485,0,0.0104958825
Warm A,110368,720,719,829,485,0,-0.0011888724
Warm A,121156,780,779,829,485,1,0.006902678
Warm A,90675,601,600,829,485,0,-0.0010068589
Warm A,76918,522,521,829,485,0,0.0066157645
Warm A,70176,474,473,829,485,0,0.0017911699
Warm A,65374,438,437,829,485,1,-0.009020254
Warm A,251158,1516,1515,829,485,0,0.0053833346
Warm A,74864,509,508,829,485,0,0.01667378
Warm A,57867,392,391,829,485,0,0.0033582356
Warm A,47189,319,318,829,485,0,0.00859786
Warm A,45154,305,304,829,485,0,-0.0047884835
Warm A,55474,368,367,829,485,0,0.0029818509
Warm A,269976,1635,1634,829,485,0,0.0021236038
Warm A,22302,163,162,829,485,0,0.012005924
Warm A,27853,195,194,829,485,1,-0.00036972016
Warm A,14332,117,116,829,485,0,0.00024955254
Warm A,49122,329,328,829,485,0,0.0010164417
Warm A,7467,53,52,829,485,1,0.0064223735
Warm A,6606,48,47,829,485,0,-0.0030370033
Warm A,172457,1092,1091,829,485,0,0.0030313737
Warm A,697402,4169,4168,829,485,1,0.010477886
Warm A,265117,1611,1610,829,485,0,0.0022735177
Warm A,11837,92,91,829,485,1,0.002856969
Warm A,618309,3746,3745,829,485,0,0.0049182586
Warm A,964485,5812,5811,829,485,0,0.017531369
Warm A,161350,1029,1028,829,485,0,0.007904257
Warm A,129957,840,839,829,485,0,0.0055470318
Warm A,45738,308,307,829,485,0,0.0030149473
Warm A,454611,2796,2795,829,485,0,-0.0024745504
Warm A,134312,869,868,829,485,0,0.0013223134
Warm A,717095,4294,4293,829,485,0,-0.00013769232
Warm A,342507,2015,2014,829,485,0,0.0045051984
Warm A,65384,438,437,833,488,0,0.0035439695
Warm A,251164,1516,1515,833,488,0,0.0011558626
Warm A,697413,4169,4168,833,488,0,-0.0028017855
Warm A,54341,355,354,833,488,0,-0.0048498297
Warm A,299983,1779,1778,833,488,0,-0.0088509265
Warm A,235006,1425,1424,833,488,0,-0.005369283
Warm A,35728,242,241,833,488,0,-0.0091440305
Warm A,49146,329,328,833,488,0,-0.0030866843
Warm A,2645,22,21,833,488,0,-0.005249164
Warm A,354956,2077,2076,833,488,0,0.0017204124
Warm A,626814,3792,3791,833,488,0,-0.0021923436
Warm A,42678,293,292,833,488,0,0.0020719268
Warm A,893334,5394,5393,833,488,0,-0.0011707369
Warm A,237966,1447,1446,833,488,0,-0.0009973
Warm A,371017,2168,2167,833,488,0,-0.0032213675
Warm A,363074,2116,2115,833,488,0,-0.004397941
Warm A,342524,2015,2014,833,488,0,0.0022524397
Warm A,272981,1647,1646,833,488,0,-0.0058562392
Warm A,496502,3051,3050,835,489,0,0.0027115885
Warm A,984425,5949,5948,835,489,1,0.0018880761
Warm A,494200,3032,3031,835,489,1,-0.0031036367
Warm A,478103,2934,2933,835,489,1,0.0053153187
Warm A,457365,2818,2817,835,489,0,0.0015690406
Warm A,453791,2793,2792,835,489,1,-0.003721937
Warm A,564452,3471,3470,835,489,0,0.00059428206
Warm A,433646,2643,2642,835,489,0,0.005617539
Warm A,404019,2414,2413,835,489,1,-0.0071459953
Warm A,401897,2398,2397,835,489,0,-0.005175662
Warm A,392232,2304,2303,835,489,0,0.0017503123
Warm A,375327,2187,2186,835,489,1,0.010147087
Warm A,373190,2179,2178,835,489,1,-0.005752014
Warm A,375606,2188,2187,835,489,0,-0.011500519
Warm A,368394,2153,2152,835,489,1,0.003617675
Warm A,274405,1658,1657,835,489,0,0.0031788135
Warm A,242833,1465,1464,835,489,0,0.0027441063
Warm A,308667,1837,1836,835,489,0,0.011912776
Warm A,279353,1680,1679,835,489,0,0.007114622
Warm A,261784,1599,1598,835,489,0,0.004197936
Warm A,177581,1119,1118,835,489,0,-0.009844542
Warm A,168477,1069,1068,835,489,0,-0.00048167235
Warm A,323861,1920,1919,835,489,1,0.00913342
Warm A,156921,1010,1009,835,489,0,-0.0071647344
Warm A,351919,2063,2062,835,489,0,-0.0035489178
Warm A,94963,637,636,835,489,0,0.0045862636
Warm A,332687,1962,1961,835,489,0,0.004100762
Warm A,631610,3821,3820,835,489,0,-0.0026251294
Warm A,238994,1448,1447,835,489,1,0.0014373423
Warm A,63704,425,424,835,489,1,0.006398854
Warm A,360830,2106,2105,835,489,0,-0.0022253143
Warm A,51080,337,336,835,489,1,0.014887831
Warm A,132503,855,854,835,489,0,0.0046130028
Warm A,33866,229,228,835,489,1,-0.002363148
Warm A,33076,224,223,835,489,0,0.0022382666
Warm A,6621,48,47,835,489,0,-0.0033135517
Warm A,206910,1266,1265,835,489,0,0.0038442332
Warm A,42682,293,292,835,489,1,0.0033437482
Warm A,179619,1125,1124,835,489,0,-0.0021281976
Warm A,499471,3067,3066,835,489,1,0.008100973
Warm A,371699,2172,2171,835,489,0,0.0051748445
Warm A,974627,5878,5877,835,489,0,-0.0010415649
Warm A,720488,4312,4311,835,489,0,0.003156905
Warm A,537199,3311,3310,839,493,0,0.0047275065
Warm A,528210,3265,3264,839,493,0,0.009050554
Warm A,531059,3280,3279,839,493,0,0.0023008185
Warm A,635894,3833,3832,839,493,0,0.005761345
Warm A,515512,3182,3181,839,493,0,0.00065848976
Warm A,554829,3412,3411,839,493,1,-0.0009735079
Warm A,575380,3519,3518,839,493,0,0.005613929
Warm A,496503,3051,3050,839,493,0,0.0013186631
Warm A,494203,3032,3031,839,493,1,0.006568306
Warm A,541408,3331,3330,839,493,0,-0.0028721604
Warm A,487913,3001,3000,839,493,0,0.0010904868
Warm A,473699,2909,2908,839,493,1,0.0028140214
Warm A,468107,2886,2885,839,493,0,0.0018881357
Warm A,463347,2857,2856,839,493,0,0.004169641
Warm A,415070,2498,2497,839,493,0,0.0026830179
Warm A,408250,2453,2452,839,493,0,-0.0012949121
Warm A,406971,2445,2444,839,493,0,0.010131183
Warm A,392234,2304,2303,839,493,0,0.009364008
Warm A,375117,2186,2185,839,493,0,-0.0023520957
Warm A,373459,2180,2179,839,493,1,0.011179001
Warm A,367928,2148,2147,839,493,0,0.0082215
Warm A,351922,2063,2062,839,493,0,0.0032361962
Warm A,361678,2109,2108,839,493,0,-0.0017586257
Warm A,371700,2172,2171,839,493,0,0.006010985
Warm A,306081,1822,1821,839,493,0,0.001897659
Warm A,285656,1702,1701,839,493,1,-0.00069709297
Warm A,288902,1726,1725,839,493,0,0.0023240652
Warm A,269055,1632,1631,839,493,0,-0.0076513127
Warm A,269987,1635,1634,839,493,0,-0.0002464943
Warm A,265811,1613,1612,839,493,0,0.0035523134
Warm A,233077,1418,1417,839,493,0,0.012942614
Warm A,224189,1356,1355,839,493,0,-0.006851322
Warm A,261785,1599,1598,839,493,0,0.005958355
Warm A,172645,1094,1093,839,493,1,0.0003827127
Warm A,175559,1112,1111,839,493,0,0.01154175
Warm A,161563,1030,1029,839,493,1,0.0028084284
Warm A,154880,999,998,839,493,0,0.009544786
Warm A,156924,1010,1009,839,493,0,0.0042577637
Warm A,276999,1675,1674,839,493,0,0.0049507795
Warm A,136629,881,880,839,493,0,0.0063691614
Warm A,202520,1244,1243,839,493,0,-0.006082583
Warm A,121872,785,784,839,493,1,0.021543428
Warm A,223575,1354,1353,839,493,0,0.008313818
Warm A,267224,1624,1623,839,493,0,0.0057570804
Warm A,887146,5359,5358,839,493,0,0.010441763
Warm A,84230,550,549,839,493,0,0.007755685
Warm A,72691,488,487,839,493,0,-0.0011028652
Warm A,81714,543,542,839,493,0,0.0024391483
Warm A,75462,513,512,839,493,0,0.005923625
Warm A,74869,509,508,839,493,0,0.007666118
Warm A,344124,2020,2019,839,493,0,0.002317302
Warm A,41655,284,283,839,493,0,0.0050351247
Warm A,37980,260,259,839,493,0,0.0023977868
Warm A,31174,210,209,839,493,1,-0.010022063
Warm A,22318,163,162,839,493,0,0.0060817557
Warm A,21011,152,151,839,493,1,-0.00066606025
Warm A,12238,93,92,839,493,0,0.009583149
Warm A,2046,18,17,839,493,0,0.0013876138
Warm A,164609,1051,1050,839,493,0,-0.0011681932
Warm A,109822,716,715,839,493,1,0.008495254
Warm A,139195,890,889,839,493,0,-0.0022064308
Warm A,27881,195,194,839,493,0,-0.0038010767
Warm A,265125,1611,1610,839,493,0,0.002738015
Warm A,599290,3648,3647,839,493,0,-0.009322433
Warm A,102313,678,677,839,493,0,0.0037418865
Warm A,206914,1266,1265,839,493,0,0.013209266
Warm A,95459,639,638,839,493,0,0.019689605
Warm A,145816,937,936,839,493,0,0.005793319
Warm A,429164,2611,2610,839,493,0,-0.0006947678
Warm A,72089,482,481,839,493,0,0.010890253
Warm A,537966,3312,3311,839,493,0,0.008045144
Warm A,300386,1780,1779,839,493,0,0.0047450922
Warm A,461528,2847,2846,839,493,0,0.005754826
Warm A,790767,4728,4727,839,493,0,0.00993617
Warm A,974630,5878,5877,839,493,0,0.0069027212
Warm A,550231,3391,3390,842,494,0,-0.0026246116
Warm A,537216,3311,3310,842,494,0,0.005291599
Warm A,509840,3140,3139,842,494,0,0.0054319464
Warm A,507990,3126,3125,842,494,0,0.0041051134
Warm A,507251,3121,3120,842,494,0,0.010496174
Warm A,497671,3055,3054,842,494,0,0.012703646
Warm A,494218,3032,3031,842,494,1,0.004675431
Warm A,517902,3196,3195,842,494,0,-0.001763537
Warm A,477196,2929,2928,842,494,0,0.008897871
Warm A,471643,2901,2900,842,494,1,0.0026987027
Warm A,473721,2909,2908,842,494,0,0.0058078635
Warm A,441291,2702,2701,842,494,0,0.008981418
Warm A,430098,2621,2620,842,494,0,0.0007554613
Warm A,426512,2590,2589,842,494,0,0.00018171815
Warm A,414625,2496,2495,842,494,0,0.004189869
Warm A,409664,2457,2456,842,494,0,0.0039954307
Warm A,406451,2438,2437,842,494,0,0.018597223
Warm A,397207,2352,2351,842,494,0,0.0017446263
Warm A,374132,2181,2180,842,494,0,0.015905144
Warm A,368634,2155,2154,842,494,1,0.008573092
Warm A,368404,2153,2152,842,494,1,0.009962811
Warm A,351943,2063,2062,842,494,0,0.0066982144
Warm A,350989,2060,2059,842,494,1,-0.003013615
Warm A,340696,2010,2009,842,494,0,0.002755491
Warm A,323512,1919,1918,842,494,1,0.0034472141
Warm A,300737,1781,1780,842,494,1,0.004517113
Warm A,330413,1950,1949,842,494,1,0.009729762
Warm A,297542,1764,1763,842,494,0,0.002424377
Warm A,303550,1803,1802,842,494,0,-0.0024691126
Warm A,288291,1722,1721,842,494,1,-0.00441943
Warm A,279384,1680,1679,842,494,0,0.016556427
Warm A,277011,1675,1674,842,494,0,0.00807069
Warm A,277752,1676,1675,842,494,0,0.0071306056
Warm A,273729,1650,1649,842,494,0,0.0038663978
Warm A,271479,1641,1640,842,494,0,0.0020224133
Warm A,392251,2304,2303,842,494,0,0.008772848
Warm A,309300,1841,1840,842,494,0,0.007805757
Warm A,247744,1496,1495,842,494,0,-0.0021354975
Warm A,234592,1424,1423,842,494,0,0.004773466
Warm A,358248,2097,2096,842,494,1,0.0023067612
Warm A,231127,1399,1398,842,494,0,0.0024299803
Warm A,221820,1341,1340,842,494,1,0.0032802366
Warm A,273001,1647,1646,842,494,0,0.0108984
Warm A,350329,2056,2055,842,494,0,0.0057481546
Warm A,200900,1237,1236,842,494,0,0.002022505
Warm A,314494,1878,1877,842,494,1,0.009538879
Warm A,328229,1941,1940,842,494,0,-2.1485612e-06
Warm A,189000,1172,1171,842,494,0,0.006818485
Warm A,184025,1146,1145,842,494,0,0.010609891
Warm A,175572,1112,1111,842,494,0,0.007809558
Warm A,159304,1017,1016,842,494,0,0.0030595583
Warm A,134340,869,868,842,494,1,0.011083925
Warm A,138391,889,888,842,494,0,0.008855496
Warm A,126613,817,816,842,494,1,0.0036267624
Warm A,125570,808,807,842,494,0,0.0057404498
Warm A,114094,741,740,842,494,0,0.0016631414
Warm A,107521,709,708,842,494,0,0.0027745506
Warm A,105631,698,697,842,494,1,0.008085112
Warm A,108031,710,709,842,494,0,0.0073105074
Warm A,100195,669,668,842,494,1,0.012921713
Warm A,97356,652,651,842,494,0,0.0073477803
Warm A,631617,3821,3820,842,494,0,0.0069035096
Warm A,91637,608,607,842,494,1,0.0071623726
Warm A,291458,1737,1736,842,494,0,0.0011949663
Warm A,82517,548,547,842,494,0,0.009781939
Warm A,81726,543,542,842,494,1,0.012061722
Warm A,77590,524,523,842,494,1,0.009671278
Warm A,67199,452,451,842,494,1,0.008899615
Warm A,51085,337,336,842,494,0,-0.003624944
Warm A,47881,321,320,842,494,0,0.011906978
Warm A,45160,305,304,842,494,0,0.008029796
Warm A,41141,278,277,842,494,1,0.0030211816
Warm A,697432,4169,4168,842,494,0,0.016985409
Warm A,42694,293,292,842,494,0,0.00606302
Warm A,192730,1186,1185,842,494,1,0.0014818017
Warm A,22329,163,162,842,494,0,0.007098022
Warm A,290273,1733,1732,842,494,0,0.00018183782
Warm A,2361,19,18,842,494,0,0.0068690986
Warm A,458006,2820,2819,842,494,0,0.0022549918
Warm A,552404,3401,3400,842,494,0,0.011343589
Warm A,27903,195,194,842,494,0,-0.0042001195
Warm A,65398,438,437,842,494,0,0.003915616
Warm A,237976,1447,1446,842,494,0,0.006920312
Warm A,174191,1101,1100,842,494,0,0.0040287217
Warm A,572198,3507,3506,842,494,0,0.0023699254
Warm A,164621,1051,1050,842,494,0,0.007223924
Warm A,760818,4520,4519,842,494,0,0.00799924
Warm A,195507,1203,1202,842,494,0,0.008764556
Warm A,476373,2926,2925,842,494,0,0.0023352175
Warm A,63030,424,423,842,494,0,0.0104936045
Warm A,562627,3462,3461,842,494,0,-0.002409763
Warm A,626836,3792,3791,848,495,1,-0.0041236067
Warm A,589120,3592,3591,848,495,1,8.6362474e-05
Warm A,579422,3539,3538,848,495,1,0.0038180659
Warm A,566301,3476,3475,848,495,1,-0.003194209
Warm A,563093,3464,3463,848,495,1,0.0010947569
Warm A,551545,3398,3397,848,495,0,0.0089523755
Warm A,542267,3336,3335,848,495,0,0.0019830333
Warm A,535408,3304,3303,848,495,0,-0.0020667196
Warm A,527470,3261,3260,848,495,0,0.005685656
Warm A,525648,3246,3245,848,495,1,0.009243726
Warm A,524214,3231,3230,848,495,1,0.0006300324
Warm A,522638,3224,3223,848,495,1,-0.0043351287
Warm A,519522,3205,3204,848,495,1,0.006770905
Warm A,574794,3518,3517,848,495,1,0.005826252
Warm A,542821,3340,3339,848,495,1,-0.0044408343
Warm A,575389,3519,3518,848,495,0,0.004773196
Warm A,498795,3065,3064,848,495,1,0.006178641
Warm A,502918,3087,3086,848,495,0,0.007091781
Warm A,490307,3017,3016,848,495,0,-0.0013921037
Warm A,478115,2934,2933,848,495,1,0.008407287
Warm A,472636,2907,2906,848,495,1,0.0046865307
Warm A,471645,2901,2900,848,495,1,0.0023651402
Warm A,477694,2933,2932,848,495,1,0.0028808124
Warm A,450930,2777,2776,848,495,1,-0.012963596
Warm A,408259,2453,2452,848,495,1,0.0041542063
Warm A,464195,2860,2859,848,495,0,0.00083804503
Warm A,398267,2368,2367,848,495,1,-0.0035950227
Warm A,392254,2304,2303,848,495,1,0.0031975298
Warm A,381341,2230,2229,848,495,1,0.00039759884
Warm A,376574,2197,2196,848,495,1,-0.0026360818
Warm A,364807,2124,2123,848,495,1,0.0077569587
Warm A,361692,2109,2108,848,495,0,0.0022762096
Warm A,324198,1921,1920,848,495,0,0.00437503
Warm A,330293,1949,1948,848,495,1,0.0053753187
Warm A,280491,1683,1682,848,495,0,0.0003178534
Warm A,280873,1685,1684,848,495,0,0.0054356814
Warm A,332696,1962,1961,848,495,0,-0.001126603
Warm A,229307,1389,1388,848,495,0,0.003502133
Warm A,306383,1825,1824,848,495,1,-0.0059362426
Warm A,196051,1205,1204,848,495,0,0.003570601
Warm A,213512,1298,1297,848,495,0,0.0015689324
Warm A,193698,1194,1193,848,495,1,-0.006936497
Warm A,188090,1167,1166,848,495,0,-0.0014981818
Warm A,189001,1172,1171,848,495,0,0.009337895
Warm A,185377,1150,1149,848,495,0,0.004083956
Warm A,201598,1242,1241,848,495,1,0.005974514
Warm A,263394,1605,1604,848,495,1,-0.0066666296
Warm A,168490,1069,1068,848,495,0,0.0062321653
Warm A,166498,1059,1058,848,495,0,0.015651911
Warm A,328236,1941,1940,848,495,0,0.0025218562
Warm A,159306,1017,1016,848,495,1,0.0035467169
Warm A,124271,800,799,848,495,0,0.0057618096
Warm A,360849,2106,2105,848,495,0,0.005934951
Warm A,116285,752,751,848,495,0,-0.0057233837
Warm A,779090,4653,4652,848,495,0,0.0036663732
Warm A,107335,706,705,848,495,0,0.0037281283
Warm A,106799,702,701,848,495,0,0.0006682739
Warm A,697438,4169,4168,848,495,0,0.0018659001
Warm A,89805,591,590,848,495,1,0.015878003
Warm A,239013,1448,1447,848,495,1,0.011596279
Warm A,197360,1211,1210,848,495,0,0.0012548761
Warm A,64484,430,429,848,495,0,0.0029607834
Warm A,59342,403,402,848,495,1,-0.0008011125
Warm A,47243,319,318,848,495,0,-0.0029087015
Warm A,317757,1889,1888,848,495,0,0.0011276184
Warm A,41669,284,283,848,495,0,0.0012014266
Warm A,221408,1340,1339,848,495,0,0.013877248
Warm A,33333,225,224,848,495,0,-0.0040390235
Warm A,21919,161,160,848,495,1,0.016093425
Warm A,15399,123,122,848,495,1,-0.0019694269
Warm A,9135,62,61,848,495,1,0.0038978842
Warm A,223588,1354,1353,848,495,1,0.0017095283
Warm A,206927,1266,1265,848,495,0,0.0012664788
Warm A,79459,531,530,848,495,0,0.0010805854
Warm A,890223,5371,5370,848,495,0,-0.0026501901
Warm A,42695,293,292,848,495,1,-0.0011692274
Warm A,512913,3163,3162,848,495,1,0.0040555336
Warm A,653566,3940,3939,848,495,1,0.0033055565
Warm A,182053,1137,1136,848,495,1,-0.0017088919
Warm A,49951,331,330,848,495,0,0.0017650072
Warm A,682514,4085,4084,848,495,1,0.002949323
Warm A,106106,699,698,848,495,1,-0.005947723
Warm A,556576,3420,3419,848,495,0,-0.008999233
Warm A,232817,1415,1414,848,495,1,0.0026780665
Warm A,93331,624,623,848,495,0,0.0015478486
Warm A,72105,482,481,848,495,0,0.008027617
Warm A,285351,1701,1700,848,495,1,-0.0036345515
Warm A,883408,5333,5332,848,495,1,0.0012967334
Warm A,660537,3982,3981,848,495,1,-0.006273628
Warm A,335998,1980,1979,848,495,1,0.0050855842
Warm A,537976,3312,3311,848,495,0,0.001899872
Warm A,171724,1088,1087,848,495,1,-0.002484356
Warm A,554839,3412,3411,848,495,1,0.0031862261
Warm A,33872,229,228,848,495,1,0.0029555853
Warm A,718942,4305,4304,848,495,1,0.010473313
Warm A,550236,3391,3390,848,495,1,-0.00606063
Warm A,550253,3391,3390,851,497,1,0.016718563
Warm A,574800,3518,3517,851,497,1,-0.011708162
Warm A,480848,2952,2951,851,497,1,0.00050873705
Warm A,475143,2916,2915,851,497,1,0.006999222
Warm A,646720,3892,3891,851,497,0,0.017342
Warm A,467777,2883,2882,851,497,0,0.012190837
Warm A,453814,2793,2792,851,497,1,0.009103645
Warm A,443855,2737,2736,851,497,1,0.0041904654
Warm A,437970,2676,2675,851,497,0,0.008266162
Warm A,431414,2628,2627,851,497,1,0.010511492
Warm A,420256,2540,2539,851,497,1,0.01445266
Warm A,408269,2453,2452,851,497,0,0.011041737
Warm A,768375,4578,4577,851,497,0,0.017121624
Warm A,351963,2063,2062,851,497,0,0.0109984055
Warm A,310138,1845,1844,851,497,0,-0.00085703726
Warm A,325443,1926,1925,851,497,1,0.010818778
Warm A,213519,1298,1297,851,497,0,0.00855716
Warm A,212954,1297,1296,851,497,1,0.0018728784
Warm A,204050,1255,1254,851,497,0,0.004082795
Warm A,308694,1837,1836,851,497,1,0.0105361175
Warm A,279408,1680,1679,851,497,0,0.009056702
Warm A,185395,1150,1149,851,497,0,0.00789182
Warm A,211038,1285,1284,851,497,1,-0.0008020395
Warm A,201606,1242,1241,851,497,1,0.001803407
Warm A,169823,1078,1077,851,497,0,-0.0020443199
Warm A,167904,1068,1067,851,497,1,0.003530675
Warm A,166506,1059,1058,851,497,0,0.0047033313
Warm A,214912,1303,1302,851,497,0,-0.008888076
Warm A,320151,1899,1898,851,497,1,-0.006198815
Warm A,100877,673,672,851,497,0,0.002768615
Warm A,97873,655,654,851,497,0,0.00014083204
Warm A,697449,4169,4168,851,497,0,0.019971201
Warm A,83223,549,548,851,497,1,-0.00035678037
Warm A,70193,474,473,851,497,0,0.011200249
Warm A,51649,339,338,851,497,0,0.010591444
Warm A,132523,855,854,851,497,0,0.0067219883
Warm A,26279,187,186,851,497,1,-0.00045490358
Warm A,24824,175,174,851,497,1,0.0032107178
Warm A,152485,981,980,851,497,0,0.013869821
Warm A,223592,1354,1353,851,497,1,0.0060704453
Warm A,158309,1015,1014,851,497,0,0.008242923
Warm A,42698,293,292,851,497,1,0.0052051893
Warm A,893356,5394,5393,851,497,1,-0.00043071853
Warm A,55497,368,367,851,497,0,0.009725137
Warm A,257727,1579,1578,851,497,0,0.0075437715
Warm A,497262,3054,3053,851,497,0,0.0025927902
Warm A,372651,2176,2175,851,497,1,0.008041656
Warm A,511889,3158,3157,851,497,1,0.014226246
Warm A,27924,195,194,851,497,0,0.0066610444
Warm A,475538,2918,2917,851,497,1,0.008342437
Warm A,129467,839,838,851,497,1,0.0034105256
Warm A,286757,1712,1711,851,497,0,0.0010251021
Warm A,284249,1698,1697,851,497,0,0.0059892754
Warm A,290283,1733,1732,851,497,1,0.014944094
Warm A,187676,1164,1163,851,497,1,0.00043215672
Warm A,235033,1425,1424,851,497,1,0.012535857
Warm A,287748,1717,1716,851,497,0,-0.0010811873
Warm A,847242,5090,5089,851,497,1,-0.0005273046
Warm A,174200,1101,1100,851,497,1,0.008677659
Warm A,310728,1851,1850,851,497,0,0.004726098
Warm A,261202,1597,1596,851,497,0,0.0059287874
Warm A,753506,4489,4488,851,497,0,0.00926878
Warm A,193705,1194,1193,851,497,1,0.001256302
Warm A,319393,1897,1896,851,497,1,0.007623093
Warm A,195518,1203,1202,851,497,0,0.02082992
Warm A,13111,102,101,851,497,0,0.011439285
Warm A,974640,5878,5877,851,497,1,0.0049733655
Warm A,122352,789,788,881,504,0,0.006701376
Warm A,106138,699,698,881,504,0,0.008671167
Warm A,93830,629,628,881,504,0,-0.0036946235
Warm A,70830,476,475,881,504,1,-0.0017630954
Warm A,65428,438,437,881,504,0,0.0063989693
Warm A,56041,372,371,881,504,1,0.006435226
Warm A,312926,1865,1864,881,504,0,0.0070132352
Warm A,386110,2258,2257,881,504,0,0.009848159
Warm A,363144,2116,2115,881,504,0,0.013326421
Warm A,376415,2195,2194,881,504,0,0.0008979988
Warm A,139213,890,889,881,504,1,0.00089658634
Warm A,134380,869,868,881,504,0,0.0042176493
Warm A,717103,4294,4293,881,504,0,0.0134044625
Warm A,222761,1348,1347,881,504,1,0.0010851775
Warm A,877535,5302,5301,881,504,0,0.00068232627
Warm A,273046,1647,1646,881,504,0,0.010286637
Warm A,974657,5878,5877,881,504,0,0.0029618358
Warm A,288936,1726,1725,886,505,0,0.0050567007
Warm A,303061,1800,1799,886,505,0,-0.0037474886
Warm A,247770,1496,1495,886,505,0,-0.0046195965
Warm A,329410,1943,1942,886,505,0,0.00024982146
Warm A,337499,1984,1983,886,505,0,-0.014738582
Warm A,233109,1418,1417,886,505,0,-0.00020353112
Warm A,227206,1377,1376,886,505,0,-0.0071792714
Warm A,592043,3610,3609,886,505,1,0.0019212489
Warm A,344439,2021,2020,886,505,1,0.0033837482
Warm A,170266,1084,1083,886,505,0,0.0009090435
Warm A,342581,2015,2014,886,505,1,0.0013629567
Warm A,154918,999,998,886,505,0,0.00043700542
Warm A,121555,781,780,886,505,0,0.005061246
Warm A,114899,746,745,886,505,0,-0.005176444
Warm A,119334,770,769,886,505,0,-0.0008356548
Warm A,106141,699,698,886,505,0,0.0028708624
Warm A,299689,1778,1777,886,505,0,0.009676167
Warm A,713969,4277,4276,886,505,0,-0.00072598725
Warm A,150651,970,969,886,505,0,-2.80526e-05
Warm A,291493,1737,1736,886,505,1,-0.0024495143
Warm A,81757,543,542,886,505,1,0.0038367824
Warm A,77639,524,523,886,505,0,0.002419909
Warm A,44345,302,301,886,505,0,0.0008345768
Warm A,355610,2082,2081,886,505,1,-0.003520698
Warm A,55532,368,367,886,505,0,0.00030960195
Warm A,38007,260,259,886,505,0,-0.0060316585
Warm A,29101,199,198,886,505,1,-0.0007572525
Warm A,54401,355,354,886,505,0,-0.0010174309
Warm A,22403,163,162,886,505,0,0.007440242
Warm A,27069,192,191,886,505,0,0.0056744744
Warm A,7327,52,51,886,505,1,-0.008422778
Warm A,109340,714,713,886,505,1,0.0012085924
Warm A,78524,528,527,886,505,0,-7.6118624e-05
Warm A,355004,2077,2076,886,505,0,-0.00092871836
Warm A,109853,716,715,886,505,1,0.008621199
Warm A,11903,92,91,886,505,1,0.0012125452
Warm A,907836,5492,5491,886,505,0,0.0025864919
Warm A,191898,1182,1181,886,505,0,0.0053768377
Warm A,599331,3648,3647,886,505,0,0.0020387552
Warm A,550283,3391,3390,886,505,0,0.0019389233
Warm A,521759,3219,3218,886,505,1,0.0040475708
Warm A,893380,5394,5393,886,505,0,-0.0014296349
Warm A,273047,1647,1646,886,505,0,0.0045070183
Warm A,62112,419,418,886,505,0,-0.012826071
Warm A,507268,3121,3120,891,506,0,0.011304042
Warm A,718971,4305,4304,891,506,0,0.0039050723
Warm A,494284,3032,3031,891,506,1,0.013221009
Warm A,488924,3010,3009,891,506,0,0.0048453733
Warm A,487941,3001,3000,891,506,0,0.009453615
Warm A,483525,2972,2971,891,506,1,0.008682475
Warm A,480200,2946,2945,891,506,0,0.018597122
Warm A,463406,2857,2856,891,506,0,0.0074896486
Warm A,460987,2842,2841,891,506,0,0.010437351
Warm A,450318,2776,2775,891,506,0,0.010073218
Warm A,444727,2743,2742,891,506,0,-0.0024912735
Warm A,444343,2741,2740,891,506,0,0.00042250776
Warm A,453279,2792,2791,891,506,0,0.0061637117
Warm A,441294,2702,2701,891,506,0,0.00014864135
Warm A,429199,2611,2610,891,506,0,0.005718277
Warm A,426536,2590,2589,891,506,0,0.0029807882
Warm A,411080,2466,2465,891,506,0,0.001716556
Warm A,409694,2457,2456,891,506,0,0.013912683
Warm A,406597,2439,2438,891,506,0,-0.0019044373
Warm A,401232,2391,2390,891,506,0,-0.005631714
Warm A,397214,2352,2351,891,506,0,-0.0016049852
Warm A,394618,2328,2327,891,506,1,0.0008686149
Warm A,387920,2270,2269,891,506,0,-0.00073239463
Warm A,379368,2217,2216,891,506,0,0.013215905
Warm A,371222,2169,2168,891,506,1,-0.0008765361
Warm A,374192,2181,2180,891,506,0,0.015036307
Warm A,369976,2164,2163,891,506,0,-0.001684445
Warm A,368636,2155,2154,891,506,1,-0.009753157
Warm A,367341,2144,2143,891,506,0,0.010270931
Warm A,365991,2130,2129,891,506,1,-0.0040326384
Warm A,366213,2131,2130,891,506,0,-0.00091296155
Warm A,364839,2124,2123,891,506,0,0.0030232193
Warm A,364162,2121,2120,891,506,1,0.010989292
Warm A,362364,2113,2112,891,506,0,0.006374151
Warm A,362180,2110,2109,891,506,0,0.0058784587
Warm A,352024,2063,2062,891,506,0,0.007561704
Warm A,361746,2109,2108,891,506,0,0.00020823721
Warm A,345641,2027,2026,891,506,0,0.0049881977
Warm A,344441,2021,2020,891,506,1,0.0034318818
Warm A,324686,1923,1922,891,506,1,0.0045984667
Warm A,328992,1942,1941,891,506,0,0.003123154
Warm A,323516,1919,1918,891,506,0,-0.0064586992
Warm A,317253,1886,1885,891,506,0,0.0051813005
Warm A,297585,1764,1763,891,506,1,0.0030534144
Warm A,289736,1730,1729,891,506,0,0.004354391
Warm A,286783,1712,1711,891,506,0,0.0120543605
Warm A,279493,1680,1679,891,506,0,0.0028039096
Warm A,296124,1757,1756,891,506,0,0.00062324456
Warm A,261415,1598,1597,891,506,0,0.0022032175
Warm A,260684,1593,1592,891,506,0,0.008663251
Warm A,303301,1802,1801,891,506,0,0.0075093065
Warm A,250585,1510,1509,891,506,0,0.003927497
Warm A,244052,1470,1469,891,506,0,0.012080461
Warm A,237063,1441,1440,891,506,0,0.008936194
Warm A,332733,1962,1961,891,506,0,-0.0016614418
Warm A,233262,1419,1418,891,506,0,0.011268869
Warm A,224228,1356,1355,891,506,0,0.010399875
Warm A,224514,1357,1356,891,506,0,0.005049649
Warm A,221828,1341,1340,891,506,0,-0.007209651
Warm A,225589,1366,1365,891,506,0,0.010178059
Warm A,214944,1303,1302,891,506,1,0.0122131035
Warm A,214112,1300,1299,891,506,0,0.0062854406
Warm A,277799,1676,1675,891,506,0,0.005760609
Warm A,204310,1259,1258,891,506,0,0.003928763
Warm A,210205,1284,1283,891,506,0,0.0033440224
Warm A,196597,1207,1206,891,506,0,0.004847462
Warm A,328324,1941,1940,891,506,0,0.014059635
Warm A,189031,1172,1171,891,506,0,-0.00068944297
Warm A,184047,1146,1145,891,506,1,0.008870661
Warm A,182370,1138,1137,891,506,0,-0.0015548458
Warm A,177040,1117,1116,891,506,1,0.0016988341
Warm A,174778,1106,1105,891,506,0,0.0071143275
Warm A,256194,1562,1561,891,506,0,0.008031391
Warm A,175621,1112,1111,891,506,0,0.002207634
Warm A,236429,1434,1433,891,506,0,0.0011583978
Warm A,159328,1017,1016,891,506,0,0.0035168626
Warm A,151012,971,970,891,506,0,0.0012826356
Warm A,150202,967,966,891,506,1,0.00284652
Warm A,149020,958,957,891,506,1,0.0031977105
Warm A,141985,915,914,891,506,0,-0.0027124148
Warm A,204962,1261,1260,891,506,0,-0.0014513587
Warm A,140729,904,903,891,506,0,-0.0057345135
Warm A,138479,889,888,891,506,0,0.0072540613
Warm A,134394,869,868,891,506,0,0.0057347235
Warm A,133299,860,859,891,506,0,-0.0018304959
Warm A,133201,859,858,891,506,1,-0.0001625407
Warm A,131979,854,853,891,506,0,0.0022314761
Warm A,126638,817,816,891,506,0,-0.004058075
Warm A,125584,808,807,891,506,0,0.002754805
Warm A,175040,1109,1108,891,506,0,0.006243717
Warm A,114099,741,740,891,506,1,-0.0011677651
Warm A,349329,2050,2049,891,506,0,-0.0034235213
Warm A,107525,709,708,891,506,0,-0.010864789
Warm A,107195,705,704,891,506,0,0.0048579155
Warm A,99865,667,666,891,506,0,0.013755849
Warm A,99337,662,661,891,506,1,-0.0011563868
Warm A,82277,546,545,891,506,0,-0.0028232369
Warm A,74055,504,503,891,506,0,0.009994735
Warm A,57581,390,389,891,506,0,0.0030592056
Warm A,51111,337,336,891,506,0,-0.0054416275
Warm A,45858,308,307,891,506,0,0.0051313317
Warm A,43219,296,295,891,506,0,0.011430055
Warm A,31281,211,210,891,506,0,-0.00572036
Warm A,291500,1737,1736,891,506,0,0.0053258017
Warm A,26777,190,189,891,506,0,6.171642e-05
Warm A,22425,163,162,891,506,0,0.010985238
Warm A,14422,117,116,891,506,0,0.0056689656
Warm A,13968,113,112,891,506,0,0.0111857485
Warm A,8219,57,56,891,506,0,0.0005882471
Warm A,6482,46,45,891,506,1,-0.00046359515
Warm A,6082,44,43,891,506,0,-0.001223485
Warm A,47349,319,318,891,506,0,0.0058650477
Warm A,102387,678,677,891,506,0,0.0030503524
Warm A,206973,1266,1265,891,506,0,0.011250837
Warm A,552457,3401,3400,891,506,0,-0.004275826
Warm A,265169,1611,1610,891,506,0,0.0030098115
Warm A,290330,1733,1732,891,506,0,0.0026179063
Warm A,596692,3626,3625,891,506,0,0.009104593
Warm A,689909,4126,4125,891,506,0,0.011512052
Warm A,473801,2909,2908,891,506,1,0.0026971588
Warm A,474379,2910,2909,891,506,0,0.006937323
Warm A,238035,1447,1446,891,506,0,0.009812122
Warm A,63091,424,423,891,506,0,0.0055484492
Warm A,579483,3539,3538,892,507,1,0.025540099
Warm A,569949,3497,3496,892,507,1,0.009102302
Warm A,562095,3458,3457,892,507,1,0.016985683
Warm A,570370,3499,3498,892,507,1,0.019522011
Warm A,554041,3410,3409,892,507,0,0.017616525
Warm A,658438,3967,3966,892,507,0,0.0070837988
Warm A,543640,3348,3347,892,507,1,0.0025693742
Warm A,531730,3283,3282,892,507,1,0.014673291
Warm A,521145,3216,3215,892,507,0,0.008770384
Warm A,512957,3163,3162,892,507,1,0.026856393
Warm A,496225,3049,3048,892,507,1,0.01136345
Warm A,624918,3778,3777,892,507,0,0.022722557
Warm A,489683,3013,3012,892,507,1,0.008980874
Warm A,474747,2913,2912,892,507,1,0.015942104
Warm A,466915,2878,2877,892,507,1,0.021552391
Warm A,446912,2753,2752,892,507,1,0.008720139
Warm A,443879,2737,2736,892,507,0,0.014837926
Warm A,442439,2724,2723,892,507,0,0.012449109
Warm A,697516,4169,4168,892,507,1,0.029723585
Warm A,434459,2649,2648,892,507,0,0.0061176205
Warm A,427645,2597,2596,892,507,1,-0.0020230087
Warm A,416713,2507,2506,892,507,1,0.016357746
Warm A,411268,2468,2467,892,507,0,0.0112376055
Warm A,409246,2456,2455,892,507,0,0.02433585
Warm A,399904,2380,2379,892,507,1,0.022124391
Warm A,400448,2383,2382,892,507,1,0.012872096
Warm A,439435,2684,2683,892,507,0,0.012772856
Warm A,382931,2237,2236,892,507,1,0.018473055
Warm A,366614,2136,2135,892,507,1,0.011341568
Warm A,348107,2041,2040,892,507,0,0.022932006
Warm A,343159,2016,2015,892,507,1,0.01173938
Warm A,318680,1894,1893,892,507,1,0.0033377365
Warm A,312933,1865,1864,892,507,1,0.012330899
Warm A,306631,1828,1827,892,507,0,0.0037923413
Warm A,301051,1788,1787,892,507,1,0.0043524834
Warm A,316895,1884,1883,892,507,1,0.01850291
Warm A,326781,1937,1936,892,507,1,0.008662934
Warm A,292401,1741,1740,892,507,1,0.01971006
Warm A,275161,1666,1665,892,507,0,0.015243038
Warm A,241700,1455,1454,892,507,0,0.0036776047
Warm A,230820,1396,1395,892,507,1,0.013275586
Warm A,229938,1391,1390,892,507,0,0.008842161
Warm A,218048,1322,1321,892,507,0,0.0086207725
Warm A,211801,1288,1287,892,507,1,0.0074863117
Warm A,209153,1276,1275,892,507,1,0.013346022
Warm A,208347,1273,1272,892,507,1,0.01693075
Warm A,252856,1532,1531,892,507,0,0.014364535
Warm A,279494,1680,1679,892,507,0,0.013385373
Warm A,200662,1232,1231,892,507,1,0.0038817436
Warm A,189032,1172,1171,892,507,1,0.018258048
Warm A,188094,1167,1166,892,507,0,0.0054377215
Warm A,167318,1065,1064,892,507,1,0.012216482
Warm A,272266,1645,1644,892,507,1,0.0053029032
Warm A,203167,1246,1245,892,507,0,0.024501154
Warm A,152495,981,980,892,507,1,0.023509428
Warm A,148354,955,954,892,507,1,0.018550053
Warm A,146605,945,944,892,507,0,0.015529273
Warm A,144650,933,932,892,507,0,0.0018006072
Warm A,139431,891,890,892,507,1,0.0100025125
Warm A,138480,889,888,892,507,0,0.019735897
Warm A,374854,2185,2184,892,507,1,0.010749847
Warm A,263446,1605,1604,892,507,1,0.008863998
Warm A,160203,1019,1018,892,507,0,0.021582419
Warm A,187700,1164,1163,892,507,1,0.0129797105
Warm A,112570,731,730,892,507,1,0.023916174
Warm A,341211,2011,2010,892,507,1,0.017310906
Warm A,100897,673,672,892,507,0,0.01049605
Warm A,97896,655,654,892,507,0,0.008141836
Warm A,314151,1875,1874,892,507,1,0.019907964
Warm A,256104,1561,1560,892,507,1,0.0085267965
Warm A,90149,594,593,892,507,1,0.011370693
Warm A,88154,581,580,892,507,1,0.0058028046
Warm A,85049,553,552,892,507,1,-0.00083539984
Warm A,84304,550,549,892,507,1,0.016047435
Warm A,83271,549,548,892,507,1,0.019827306
Warm A,198214,1218,1217,892,507,1,0.013886049
Warm A,319426,1897,1896,892,507,0,0.020073004
Warm A,64642,432,431,892,507,0,0.0034675924
Warm A,60619,411,410,892,507,0,0.024693925
Warm A,37860,259,258,892,507,1,0.012372374
Warm A,935605,5644,5643,892,507,1,0.005378806
Warm A,14825,118,117,892,507,1,0.015232747
Warm A,30441,204,203,892,507,0,0.020658806
Warm A,158368,1015,1014,892,507,1,0.01720772
Warm A,238036,1447,1446,892,507,0,0.028518122
Warm A,339220,1998,1997,892,507,1,0.025730915
Warm A,750673,4478,4477,892,507,1,0.018690042
Warm A,50038,331,330,892,507,1,0.020322211
Warm A,891944,5387,5386,892,507,1,0.008539833
Warm A,720535,4312,4311,892,507,0,0.01942411
Warm A,565654,3475,3474,892,507,0,0.012591433
Warm A,63092,424,423,892,507,1,0.02078892
Warm A,128333,830,829,893,508,1,7.1897986e-05
Warm A,100898,673,672,893,508,1,-0.006668009
Warm A,92060,612,611,893,508,0,0.0016566978
Warm A,284300,1698,1697,893,508,1,0.001066451
Warm A,86172,563,562,893,508,1,-0.0046046562
Warm A,53592,352,351,893,508,1,-0.0002487132
Warm A,697517,4169,4168,893,508,1,0.0018857077
Warm A,7612,53,52,893,508,1,0.007731245
Warm A,245826,1484,1483,893,508,0,-0.0013092977
Warm A,388167,2271,2270,897,509,1,-0.00296422
Warm A,364163,2121,2120,897,509,1,-0.0015931875
Warm A,362181,2110,2109,897,509,1,0.004818108
Warm A,387570,2265,2264,897,509,0,0.00641144
Warm A,357552,2092,2091,897,509,0,0.00106024
Warm A,356451,2088,2087,897,509,0,0.002604398
Warm A,345493,2026,2025,897,509,0,-0.0005506491
Warm A,343691,2018,2017,897,509,1,-0.00085695274
Warm A,318413,1891,1890,897,509,1,0.0051057357
Warm A,316896,1884,1883,897,509,1,-0.008538533
Warm A,275610,1667,1666,897,509,0,0.010244615
Warm A,293830,1748,1747,897,509,0,0.0047424496
Warm A,269105,1632,1631,897,509,0,0.0040147756
Warm A,250816,1513,1512,897,509,1,0.008153719
Warm A,354173,2073,2072,897,509,0,0.0008764551
Warm A,242877,1465,1464,897,509,1,0.0036509493
Warm A,218049,1322,1321,897,509,1,0.009909879
Warm A,158369,1015,1014,897,509,1,8.675456e-05
Warm A,138482,889,888,897,509,0,0.004367662
Warm A,153138,984,983,897,509,1,-0.005957907
Warm A,244054,1470,1469,897,509,1,0.0035395501
Warm A,191116,1181,1180,897,509,0,0.01702155
Warm A,68780,461,460,897,509,0,0.012388576
Warm A,57755,391,390,897,509,1,0.010450806
Warm A,211089,1285,1284,897,509,1,0.009029317
Warm A,177042,1117,1116,897,509,1,0.002683376
Warm A,31947,216,215,897,509,1,-0.00047708256
Warm A,5652,40,39,897,509,1,-0.0013855777
Warm A,15496,123,122,897,509,1,-0.0009140731
Warm A,713985,4277,4276,897,509,1,0.012600972
Warm A,607734,3688,3687,897,509,1,0.0028524522
Warm A,931512,5626,5625,897,509,1,0.0008647749
Warm A,322487,1912,1911,897,509,0,0.00431513
Warm A,473802,2909,2908,897,509,0,-0.0062375083
Warm A,421081,2544,2543,897,509,0,-0.007768455
Warm A,171798,1088,1087,897,509,1,0.004250015
Warm A,324994,1925,1924,897,509,0,-3.504241e-05
Warm A,339221,1998,1997,897,509,0,0.00678408
Warm A,580269,3544,3543,901,513,1,0.0025428417
Warm A,578912,3539,3538,901,513,1,0.0107997125
Warm A,580373,3546,3545,901,513,1,0.0032350011
Warm A,566754,3478,3477,901,513,1,0.008530518
Warm A,593294,3618,3617,901,513,0,-0.0002545464
Warm A,566621,3477,3476,901,513,1,0.00284217
Warm A,576791,3526,3525,901,513,0,-0.0006168205
Warm A,556153,3418,3417,901,513,1,0.0056091384
Warm A,535338,3304,3303,901,513,1,-0.004342395
Warm A,532935,3292,3291,901,513,1,0.0032961657
Warm A,522120,3224,3223,901,513,1,0.0022015185
Warm A,521309,3217,3216,901,513,1,-0.00052901637
Warm A,512538,3163,3162,901,513,1,0.008103155
Warm A,509706,3140,3139,901,513,1,0.0034647097
Warm A,616585,3732,3731,901,513,1,0.0004175293
Warm A,768553,4579,4578,901,513,1,0.013161593
Warm A,916556,5539,5538,901,513,1,-0.0004437432
Warm A,545958,3367,3366,901,513,1,0.009884205
Warm A,491919,3026,3025,901,513,1,0.0106139695
Warm A,491748,3025,3024,901,513,0,-0.0010020816
Warm A,599700,3650,3649,901,513,0,0.011897417
Warm A,479124,2941,2940,901,513,1,0.003917949
Warm A,477823,2934,2933,901,513,0,0.0067513585
Warm A,695737,4169,4168,901,513,1,0.008916924
Warm A,466571,2878,2877,901,513,1,0.006067928
Warm A,712664,4277,4276,901,513,0,0.008684062
Warm A,438202,2679,2678,901,513,0,0.010547895
Warm A,418399,2529,2528,901,513,0,0.00355515
Warm A,416297,2507,2506,901,513,1,0.010647278
Warm A,406696,2442,2441,901,513,0,0.0077421395
Warm A,395017,2334,2333,901,513,1,0.004044691
Warm A,356976,2091,2090,901,513,1,0.006783721
Warm A,352879,2067,2066,901,513,0,-0.0030801303
Warm A,345392,2026,2025,901,513,0,0.002997116
Warm A,343466,2018,2017,901,513,1,0.0041302997
Warm A,340030,2006,2005,901,513,1,0.0021728766
Warm A,339612,2002,2001,901,513,0,0.009546204
Warm A,334408,1974,1973,901,513,1,0.012180487
Warm A,325170,1926,1925,901,513,1,0.011053871
Warm A,294631,1750,1749,901,513,1,0.0062612505
Warm A,295502,1755,1754,901,513,1,0.0041108537
Warm A,278544,1680,1679,901,513,1,0.010821683
Warm A,276000,1671,1670,901,513,0,0.011343967
Warm A,268744,1632,1631,901,513,0,0.0022055544
Warm A,268426,1631,1630,901,513,1,-0.0009533586
Warm A,258868,1586,1585,901,513,1,0.01685165
Warm A,259257,1587,1586,901,513,0,0.006084295
Warm A,353872,2073,2072,901,513,1,0.0032273596
Warm A,262080,1600,1599,901,513,1,0.008635545
Warm A,217862,1322,1321,901,513,1,0.0034968848
Warm A,208558,1274,1273,901,513,0,0.0061567803
Warm A,591685,3610,3609,901,513,0,0.012314662
Warm A,327514,1941,1940,901,513,1,0.0013743044
Warm A,184794,1150,1149,901,513,1,0.012241619
Warm A,316077,1883,1882,901,513,0,0.0025152722
Warm A,212368,1294,1293,901,513,0,0.0008680017
Warm A,183021,1141,1140,901,513,1,0.0072385315
Warm A,173196,1098,1097,901,513,1,-0.0018983072
Warm A,163402,1046,1045,901,513,1,-0.003421477
Warm A,159077,1017,1016,901,513,0,0.0049790726
Warm A,157692,1015,1014,901,513,1,0.00043504825
Warm A,336836,1983,1982,901,513,1,0.007030813
Warm A,319811,1899,1898,901,513,1,0.007016332
Warm A,149923,965,964,901,513,0,0.00013463607
Warm A,323608,1920,1919,901,513,0,0.0013288246
Warm A,144464,931,930,901,513,1,-0.0037026494
Warm A,140130,899,898,901,513,1,0.009258771
Warm A,347211,2038,2037,901,513,0,0.00491111
Warm A,137691,889,888,901,513,1,0.010242709
Warm A,374711,2185,2184,901,513,1,0.0010316495
Warm A,124395,801,800,901,513,0,0.015674531
Warm A,132228,855,854,901,513,1,0.00037867785
Warm A,159751,1019,1018,901,513,0,0.0075648623
Warm A,112218,731,730,901,513,1,0.008184013
Warm A,316560,1884,1883,901,513,1,0.013005446
Warm A,339050,1998,1997,901,513,1,0.00820636
Warm A,85190,556,555,901,513,0,0.005119414
Warm A,118973,770,769,901,513,1,0.013531193
Warm A,73044,494,493,901,513,1,0.0048367977
Warm A,69964,473,472,901,513,0,0.0061725797
Warm A,61710,415,414,901,513,1,0.011908389
Warm A,201315,1242,1241,901,513,1,0.0027566631
Warm A,227946,1383,1382,901,513,1,0.007559505
Warm A,78234,528,527,901,513,0,0.0016542538
Warm A,46719,314,313,901,513,0,0.0049824575
Warm A,31762,216,215,901,513,0,0.0017802075
Warm A,28674,198,197,901,513,0,0.0104946885
Warm A,34573,235,234,901,513,1,0.009317387
Warm A,24796,175,174,901,513,1,0.0077114543
Warm A,481575,2962,2961,901,513,0,0.010423785
Warm A,18546,146,145,901,513,1,0.0042231614
Warm A,10733,78,77,901,513,1,0.0019037058
Warm A,7475,53,52,901,513,1,0.004627402
Warm A,4137,31,30,901,513,0,-0.0010553201
Warm A,3870,28,27,901,513,0,-0.0024206496
Warm A,6612,48,47,901,513,1,0.002976166
Warm A,357194,2092,2091,901,513,0,0.008634028
Warm A,79068,531,530,901,513,1,0.0070028948
Warm A,89080,588,587,901,513,1,0.0070856493
Warm A,949139,5734,5733,901,513,1,0.0023438158
Warm A,249735,1505,1504,901,513,0,0.0121529605
Warm A,11846,92,91,901,513,0,0.010682868
Warm A,60493,411,410,901,513,1,0.015320273
Warm A,618788,3751,3750,901,513,0,0.0053218533
Warm A,773581,4611,4610,901,513,1,0.007584702
Warm A,206612,1266,1265,901,513,1,0.013953407
Warm A,50553,333,332,901,513,1,0.0020419694
Warm A,454452,2796,2795,901,513,0,0.0035849533
Warm A,489441,3013,3012,901,513,0,-0.002723875
Warm A,495113,3038,3037,901,513,1,0.0032057993
Warm A,831868,5001,5000,901,513,1,0.0035193395
Warm A,62493,424,423,901,513,1,0.006103931
Warm A,76262,518,517,901,513,1,0.0024075732
Warm A,8735,59,58,901,513,0,-0.0032061697
Warm A,622545,3769,3768,906,518,1,0.010483852
Warm A,621050,3762,3761,906,518,0,0.004252488
Warm A,600453,3651,3650,906,518,1,0.005680279
Warm A,576035,3521,3520,906,518,0,0.002617131
Warm A,566758,3478,3477,906,518,0,0.005913874
Warm A,695746,4169,4168,906,518,1,0.013600931
Warm A,553685,3410,3409,906,518,1,0.014271693
Warm A,549400,3390,3389,906,518,1,-0.00020588539
Warm A,576795,3526,3525,906,518,0,0.013311686
Warm A,543375,3346,3345,906,518,0,0.005828388
Warm A,916561,5539,5538,906,518,1,0.00021958072
Warm A,521313,3217,3216,906,518,1,0.0073223547
Warm A,518592,3201,3200,906,518,1,0.009573665
Warm A,515843,3183,3182,906,518,1,0.011349641
Warm A,506501,3118,3117,906,518,0,0.014716888
Warm A,768560,4579,4578,906,518,1,0.0068310886
Warm A,495227,3039,3038,906,518,1,-0.005383319
Warm A,482531,2967,2966,906,518,1,0.017779883
Warm A,645058,3885,3884,906,518,1,0.016091045
Warm A,494933,3036,3035,906,518,1,-0.0050090123
Warm A,879751,5317,5316,906,518,1,0.01677896
Warm A,466145,2874,2873,906,518,0,0.0016571603
Warm A,459067,2826,2825,906,518,1,0.012743216
Warm A,457611,2820,2819,906,518,0,0.00015450222
Warm A,455519,2805,2804,906,518,0,0.003770261
Warm A,448323,2764,2763,906,518,1,0.008617707
Warm A,425157,2581,2580,906,518,1,0.013329153
Warm A,446677,2753,2752,906,518,1,0.00791271
Warm A,420748,2544,2543,906,518,0,0.008882028
Warm A,419574,2537,2536,906,518,1,0.010924511
Warm A,418408,2529,2528,906,518,1,0.024109393
Warm A,416308,2507,2506,906,518,1,0.015161109
Warm A,397559,2355,2354,906,518,1,0.002846319
Warm A,395333,2335,2334,906,518,1,0.011840263
Warm A,394650,2329,2328,906,518,0,0.00509833
Warm A,381221,2230,2229,906,518,1,0.0026860656
Warm A,385123,2251,2250,906,518,1,0.02233471
Warm A,377629,2205,2204,906,518,0,0.013280021
Warm A,372767,2177,2176,906,518,1,0.007074781
Warm A,365587,2128,2127,906,518,1,0.009448196
Warm A,364069,2121,2120,906,518,0,-0.0018734364
Warm A,357900,2094,2093,906,518,1,0.004060587
Warm A,412004,2478,2477,906,518,0,0.007932264
Warm A,353626,2072,2071,906,518,1,0.009251205
Warm A,352583,2064,2063,906,518,1,0.007084621
Warm A,346555,2031,2030,906,518,1,0.0067454726
Warm A,343473,2018,2017,906,518,1,0.0062625566
Warm A,339616,2002,2001,906,518,1,0.010345437
Warm A,339370,1999,1998,906,518,1,0.009524038
Warm A,318867,1896,1895,906,518,1,0.0039618164
Warm A,313277,1868,1867,906,518,1,0.00082674855
Warm A,304485,1810,1809,906,518,1,0.0041178353
Warm A,313970,1875,1874,906,518,1,0.0083573405
Warm A,293543,1748,1747,906,518,1,0.006655679
Warm A,268754,1632,1631,906,518,0,0.022980886
Warm A,345398,2026,2025,906,518,0,0.010940521
Warm A,258079,1580,1579,906,518,0,-0.0013185609
Warm A,269670,1635,1634,906,518,1,0.016230423
Warm A,250758,1513,1512,906,518,1,0.010379933
Warm A,240924,1451,1450,906,518,1,0.016613413
Warm A,631304,3821,3820,906,518,1,0.010819205
Warm A,316568,1884,1883,906,518,1,0.01398732
Warm A,230954,1398,1397,906,518,1,0.006271059
Warm A,227424,1378,1377,906,518,1,0.008606497
Warm A,228847,1387,1386,906,518,1,0.015388522
Warm A,225402,1364,1363,906,518,1,0.007171812
Warm A,222879,1350,1349,906,518,1,0.0036181435
Warm A,318080,1890,1889,906,518,1,0.0034927623
Warm A,196101,1206,1205,906,518,1,-0.0014064647
Warm A,192950,1191,1190,906,518,1,0.014213581
Warm A,327528,1941,1940,906,518,1,0.012225833
Warm A,337906,1988,1987,906,518,1,0.012884435
Warm A,183027,1141,1140,906,518,1,0.025707603
Warm A,182643,1140,1139,906,518,1,0.009900549
Warm A,165106,1053,1052,906,518,1,0.00041619642
Warm A,190332,1181,1180,906,518,1,0.011386789
Warm A,162632,1038,1037,906,518,1,0.014367808
Warm A,159080,1017,1016,906,518,1,-0.0014810152
Warm A,373770,2181,2180,906,518,1,0.009563163
Warm A,157705,1015,1014,906,518,1,0.0039638598
Warm A,323612,1920,1919,906,518,0,0.009185748
Warm A,199236,1224,1223,906,518,1,0.012228811
Warm A,144468,931,930,906,518,1,0.002226255
Warm A,184804,1150,1149,906,518,0,0.00651648
Warm A,137703,889,888,906,518,1,0.009504301
Warm A,347219,2038,2037,906,518,1,0.010560163
Warm A,124145,800,799,906,518,1,0.02191348
Warm A,120104,776,775,906,518,1,0.013379018
Warm A,118644,767,766,906,518,1,0.010457347
Warm A,101613,677,676,906,518,1,0.00079389696
Warm A,239617,1449,1448,906,518,1,0.010926446
Warm A,94089,631,630,906,518,1,0.017498234
Warm A,89087,588,587,906,518,1,0.0055295755
Warm A,82683,549,548,906,518,1,0.013163037
Warm A,319107,1897,1896,906,518,1,0.013975205
Warm A,227955,1383,1382,906,518,0,0.0092284065
Warm A,51761,340,339,906,518,1,0.014618499
Warm A,638859,3842,3841,906,518,1,0.019679246
Warm A,141885,914,913,906,518,1,0.0006465757
Warm A,34584,235,234,906,518,1,0.00873915
Warm A,133588,864,863,906,518,1,0.009423491
Warm A,463988,2860,2859,906,518,1,0.005636842
Warm A,61715,415,414,906,518,1,0.010647814
Warm A,12649,97,96,906,518,1,0.0075988746
Warm A,591691,3610,3609,906,518,0,0.0087195225
Warm A,9111,62,61,906,518,1,0.007134313
Warm A,3874,28,27,906,518,1,0.0026850319
Warm A,24197,173,172,906,518,1,0.0068403706
Warm A,481581,2962,2961,906,518,0,0.0072913286
Warm A,15371,123,122,906,518,1,0.01692917
Warm A,466580,2878,2877,906,518,1,0.013451615
Warm A,129129,839,838,906,518,1,0.012700424
Warm A,284723,1699,1698,906,518,1,0.0059260637
Warm A,181823,1137,1136,906,518,1,0.011914088
Warm A,347834,2041,2040,906,518,1,0.0061362237
Warm A,56299,376,375,906,518,1,0.0032604474
Warm A,249740,1505,1504,906,518,1,0.005288181
Warm A,18219,140,139,906,518,1,0.005098796
Warm A,62504,424,423,906,518,1,0.012374708
Warm A,499091,3067,3066,906,518,1,0.010107102
Warm A,322033,1912,1911,906,518,0,0.000783429
Warm A,259263,1587,1586,906,518,0,0.012693798
Warm A,795422,4765,4764,906,518,1,0.02026467
Warm A,339058,1998,1997,906,518,1,0.0058676163
Warm A,171207,1088,1087,906,518,1,0.018785525
Warm A,13104,102,101,906,518,1,0.012991585
Warm A,616589,3732,3731,906,518,1,0.008713139
Warm A,295509,1755,1754,907,519,1,0.00622958
Warm A,276011,1671,1670,907,519,0,0.013279009
Warm A,246151,1489,1488,907,519,1,0.006421725
Warm A,283828,1698,1697,907,519,1,0.00543011
Warm A,319826,1899,1898,907,519,0,0.015453197
Warm A,217869,1322,1321,907,519,1,0.012549898
Warm A,218514,1325,1324,907,519,1,0.012509678
Warm A,326643,1937,1936,907,519,0,0.005849383
Warm A,591694,3610,3609,907,519,0,0.018557008
Warm A,243668,1470,1469,907,519,0,0.011661319
Warm A,250621,1511,1510,907,519,1,0.0055355467
Warm A,327533,1941,1940,907,519,0,0.012688416
Warm A,184805,1150,1149,907,519,0,0.018587807
Warm A,212373,1294,1293,907,519,1,0.010877224
Warm A,176227,1114,1113,907,519,1,0.0061300537
Warm A,162151,1034,1033,907,519,1,0.009123355
Warm A,347221,2038,2037,907,519,0,0.0038701727
Warm A,137707,889,888,907,519,1,0.01596627
Warm A,374718,2185,2184,907,519,1,-0.0022739945
Warm A,159763,1019,1018,907,519,1,0.0092265485
Warm A,112224,731,730,907,519,1,0.0117803635
Warm A,778783,4653,4652,907,519,1,-0.00042677578
Warm A,373774,2181,2180,907,519,1,0.013424472
Warm A,90067,594,593,907,519,1,0.0021861151
Warm A,227957,1383,1382,907,519,1,0.018141143
Warm A,69967,473,472,907,519,1,0.010926354
Warm A,61717,415,414,907,519,1,0.010807009
Warm A,59888,408,407,907,519,1,5.1809475e-05
Warm A,52799,348,347,907,519,1,0.00065765344
Warm A,52448,346,345,907,519,1,0.005925633
Warm A,60502,411,410,907,519,0,0.012764637
Warm A,12651,97,96,907,519,1,0.010256401
Warm A,4395,33,32,907,519,0,0.005805951
Warm A,739327,4418,4417,907,519,1,0.0055754227
Warm A,420752,2544,2543,907,519,1,0.02053004
Warm A,558394,3430,3429,907,519,1,0.0118090585
Warm A,24199,173,172,907,519,0,0.02048727
Warm A,50559,333,332,907,519,1,0.005700794
Warm A,454464,2796,2795,907,519,0,0.018379375
Warm A,171212,1088,1087,907,519,1,0.013993495
Warm A,978749,5902,5901,907,519,1,0.00693071
Warm A,322034,1912,1911,907,519,0,0.007962736
Warm A,795424,4765,4764,907,519,1,0.008710689
Warm A,821517,4940,4939,907,519,1,0.0010173395
Warm A,403081,2407,2406,907,519,1,0.0056920704
Warm A,85207,556,555,917,529,0,0.0014599622
Warm A,274186,1657,1656,917,529,1,0.0060447236
Warm A,132246,855,854,917,529,1,0.015216995
Warm A,41667,284,283,917,529,0,0.016529614
Warm A,31333,212,211,917,529,1,0.014841809
Warm A,591706,3610,3609,917,529,0,0.025076374
Warm A,104105,692,691,917,529,1,0.018357908
Warm A,206630,1266,1265,917,529,1,0.013705501
Warm A,882790,5333,5332,917,529,1,0.01097081
Warm A,95313,639,638,917,529,1,0.019518698
Warm A,712688,4277,4276,917,529,0,0.025204733
Warm A,79089,531,530,917,529,0,0.016473528
Warm A,454474,2796,2795,917,529,0,0.007844226
Warm A,537711,3312,3311,917,529,0,0.018580899
Warm A,831878,5001,5000,917,529,1,-0.0003586954
Warm A,272625,1647,1646,917,529,1,0.023278344
Warm A,860002,5172,5171,917,529,0,-0.00067786966
Warm A,673924,4048,4047,918,530,1,0.010937779
Warm A,670556,4029,4028,918,530,1,0.00791272
Warm A,682930,4086,4085,918,530,1,0.008955388
Warm A,651785,3930,3929,918,530,1,0.012971109
Warm A,597116,3629,3628,918,530,1,-0.003608102
Warm A,585508,3576,3575,918,530,0,0.01626427
Warm A,576051,3521,3520,918,530,1,0.010207225
Warm A,566627,3477,3476,918,530,1,0.0055140355
Warm A,695773,4169,4168,918,530,1,0.01031154
Warm A,563573,3469,3468,918,530,1,-0.0009314609
Warm A,550861,3393,3392,918,530,0,0.001141544
Warm A,548341,3384,3383,918,530,0,0.0052232966
Warm A,576820,3526,3525,918,530,0,-0.00029999367
Warm A,556160,3418,3417,918,530,1,0.006003483
Warm A,552854,3402,3401,918,530,1,0.008357236
Warm A,535348,3304,3303,918,530,1,0.0010893748
Warm A,532971,3292,3291,918,530,1,0.0048617437
Warm A,522163,3224,3223,918,530,1,-0.001374628
Warm A,916574,5539,5538,918,530,0,-0.0011793021
Warm A,565998,3476,3475,918,530,1,0.014014117
Warm A,616600,3732,3731,918,530,0,0.013155731
Warm A,503761,3096,3095,918,530,1,0.003735172
Warm A,738032,4411,4410,918,530,1,0.0071024653
Warm A,491762,3025,3024,918,530,1,0.0074801003
Warm A,768574,4579,4578,918,530,1,0.002475412
Warm A,569601,3492,3491,918,530,1,0.0043291445
Warm A,968740,5840,5839,918,530,1,0.010279933
Warm A,466598,2878,2877,918,530,0,0.0077924966
Warm A,455727,2807,2806,918,530,1,0.00067855185
Warm A,564131,3471,3470,918,530,0,0.0056724474
Warm A,440785,2699,2698,918,530,1,0.0007803519
Warm A,440425,2693,2692,918,530,0,0.003634783
Warm A,790278,4728,4727,918,530,0,0.018153908
Warm A,435461,2662,2661,918,530,0,0.0044578146
Warm A,416331,2507,2506,918,530,1,0.013565611
Warm A,415410,2502,2501,918,530,1,0.006073453
Warm A,406698,2442,2441,918,530,1,0.006153279
Warm A,405650,2431,2430,918,530,1,0.005011924
Warm A,400867,2389,2388,918,530,1,0.013839966
Warm A,410774,2465,2464,918,530,0,0.00013150636
Warm A,396236,2343,2342,918,530,1,0.017804004
Warm A,394653,2329,2328,918,530,1,0.0075912266
Warm A,395034,2334,2333,918,530,1,0.0055420846
Warm A,390615,2293,2292,918,530,1,0.0050625694
Warm A,383430,2241,2240,918,530,1,0.005840416
Warm A,384852,2248,2247,918,530,1,0.0044837254
Warm A,381172,2229,2228,918,530,0,0.009733815
Warm A,385137,2251,2250,918,530,1,-0.0022111991
Warm A,376560,2197,2196,918,530,1,-0.004094043
Warm A,373312,2180,2179,918,530,0,0.008022895
Warm A,364075,2121,2120,918,530,1,0.00017936958
Warm A,356982,2091,2090,918,530,1,0.009264737
Warm A,352892,2067,2066,918,530,0,0.0026405102
Warm A,385962,2258,2257,918,530,0,-0.003276661
Warm A,353897,2073,2072,918,530,0,0.011306021
Warm A,340033,2006,2005,918,530,1,-0.001642563
Warm A,323045,1916,1915,918,530,0,0.0014912735
Warm A,295518,1755,1754,918,530,1,0.0011871285
Warm A,281971,1692,1691,918,530,1,0.0067828824
Warm A,283417,1697,1696,918,530,1,0.009506378
Warm A,276026,1671,1670,918,530,0,0.007896557
Warm A,268774,1632,1631,918,530,0,0.0105664525
Warm A,346042,2030,2029,918,530,1,0.0062789274
Warm A,258884,1586,1585,918,530,0,0.006393588
Warm A,259283,1587,1586,918,530,1,-0.0028894735
Warm A,246160,1489,1488,918,530,0,0.012924904
Warm A,258286,1584,1583,918,530,0,0.006184481
Warm A,227479,1379,1378,918,530,0,0.00451122
Warm A,228860,1387,1386,918,530,0,0.004955002
Warm A,226578,1373,1372,918,530,1,0.0056910273
Warm A,283844,1698,1697,918,530,1,0.006252126
Warm A,319846,1899,1898,918,530,0,0.00990692
Warm A,217884,1322,1321,918,530,1,0.0036388051
Warm A,318087,1890,1889,918,530,0,0.0077158245
Warm A,327560,1941,1940,918,530,1,0.015368071
Warm A,334421,1974,1973,918,530,1,0.008299252
Warm A,184834,1150,1149,918,530,0,0.0076781567
Warm A,184254,1147,1146,918,530,1,0.0013091601
Warm A,207290,1267,1266,918,530,1,0.01024643
Warm A,162157,1034,1033,918,530,1,0.008835279
Warm A,157735,1015,1014,918,530,1,0.0070860623
Warm A,152812,984,983,918,530,0,-0.0025131998
Warm A,323627,1920,1919,918,530,1,0.009090644
Warm A,140144,899,898,918,530,1,0.010622337
Warm A,347238,2038,2037,918,530,0,0.0032464282
Warm A,127207,822,821,918,530,1,0.009665792
Warm A,262973,1605,1604,918,530,0,-0.0021389269
Warm A,239643,1449,1448,918,530,0,0.006624267
Warm A,316586,1884,1883,918,530,0,0.002927383
Warm A,98090,656,655,918,530,0,-0.00025492278
Warm A,339072,1998,1997,918,530,1,0.0065219393
Warm A,69970,473,472,918,530,0,0.000945954
Warm A,227977,1383,1382,918,530,0,-0.0012140013
Warm A,52461,346,345,918,530,1,0.0098645035
Warm A,51771,340,339,918,530,1,0.0070888526
Warm A,45526,307,306,918,530,1,0.0034809099
Warm A,45783,308,307,918,530,1,0.0056207255
Warm A,73791,500,499,918,530,1,0.0012916088
Warm A,39166,265,264,918,530,1,0.007943623
Warm A,46744,314,313,918,530,0,-0.0037566517
Warm A,34425,233,232,918,530,1,0.011660535
Warm A,27494,193,192,918,530,1,0.002600366
Warm A,34604,235,234,918,530,0,0.0028816857
Warm A,463998,2860,2859,918,530,1,-9.876187e-05
Warm A,18578,146,145,918,530,0,0.005519977
Warm A,18033,139,138,918,530,0,-0.0025878635
Warm A,12659,97,96,918,530,1,0.01693393
Warm A,10742,78,77,918,530,1,0.006381226
Warm A,591707,3610,3609,918,530,0,-0.0009275186
Warm A,4897,35,34,918,530,1,0.0025257426
Warm A,965,10,9,918,530,1,0.00958185
Warm A,739333,4418,4417,918,530,1,0.006362812
Warm A,420771,2544,2543,918,530,1,0.009089751
Warm A,94537,635,634,918,530,1,-0.001727315
Warm A,111572,727,726,918,530,0,0.00907187
Warm A,248639,1501,1500,918,530,1,0.003706037
Warm A,18222,140,139,918,530,1,0.007955316
Warm A,329110,1943,1942,918,530,1,0.0052641267
Warm A,50571,333,332,918,530,0,-0.0038179164
Warm A,958747,5787,5786,918,530,1,0.011629056
Warm A,183044,1141,1140,918,530,1,0.011832678
Warm A,892791,5394,5393,918,530,0,0.011287969
Warm A,978754,5902,5901,918,530,1,0.0014101288
Warm A,171230,1088,1087,918,530,1,0.005142305
Warm A,831879,5001,5000,918,530,1,-6.4342195e-05
Warm A,322050,1912,1911,918,530,0,0.0024276262
Warm A,491142,3020,3019,918,530,1,0.004873417
Warm A,234708,1425,1424,918,530,1,0.0076699266
Warm A,489456,3013,3012,918,530,0,0.0063132364
Warm A,153997,991,990,927,538,0,0.0036993858
Warm A,112998,733,732,927,538,1,-0.00048649893
Warm A,112253,731,730,927,538,1,0.0059765126
Warm A,98096,656,655,927,538,1,-0.00034474581
Warm A,90538,601,600,927,538,0,-0.0003842016
Warm A,89112,588,587,927,538,1,0.009913583
Warm A,69438,466,465,927,538,1,0.0049205218
Warm A,58475,396,395,927,538,1,-0.003204557
Warm A,45531,307,306,927,538,1,0.00043942343
Warm A,39255,266,265,927,538,1,0.0038436796
Warm A,34619,235,234,927,538,1,0.0017856772
Warm A,591717,3610,3609,927,538,0,0.008397948
Warm A,657393,3963,3962,927,538,0,0.0017585434
Warm A,4450,33,32,927,538,0,0.003747344
Warm A,457632,2820,2819,927,538,1,0.006606076
Warm A,49198,329,328,927,538,0,-0.0036916102
Warm A,18590,146,145,927,538,0,0.008913789
Warm A,416342,2507,2506,927,538,1,0.00022704946
Warm A,421586,2547,2546,927,538,1,0.0027490153
Warm A,101928,678,677,927,538,1,0.007933381
Warm A,327577,1941,1940,927,538,1,-0.0017710339
Warm A,840991,5054,5053,927,538,1,0.0051184413
Warm A,96551,648,647,927,538,1,0.00011316803
Warm A,821525,4940,4939,927,538,1,-0.0025511726
Warm A,219697,1333,1332,929,540,1,-0.00034317118
Warm A,182657,1140,1139,929,540,0,0.0016449958
Warm A,180135,1128,1127,929,540,1,0.003424204
Warm A,190380,1181,1180,929,540,0,0.008336559
Warm A,159803,1019,1018,929,540,0,0.00010159856
Warm A,148961,958,957,929,540,0,0.012079313
Warm A,199255,1224,1223,929,540,1,0.0043629827
Warm A,184851,1150,1149,929,540,0,0.007704662
Warm A,374740,2185,2184,929,540,1,0.008198704
Warm A,134960,873,872,929,540,0,0.004374155
Warm A,82723,549,548,929,540,1,0.010181604
Warm A,48783,327,326,929,540,0,-0.00048593944
Warm A,45533,307,306,929,540,1,-0.0031760142
Warm A,27503,193,192,929,540,0,0.0012174998
Warm A,13516,107,106,929,540,1,-0.0029461621
Warm A,591720,3610,3609,929,540,0,0.001246954
Warm A,9150,62,61,929,540,1,-0.0021682405
Warm A,357233,2092,2091,929,540,0,-0.002809647
Warm A,420781,2544,2543,929,540,0,-0.003022371
Warm A,481601,2962,2961,929,540,0,0.009346543
Warm A,24239,173,172,929,540,1,-0.0029787514
Warm A,253209,1539,1538,929,540,1,0.0026151147
Warm A,157753,1015,1014,929,540,1,0.006817057
Warm A,181848,1137,1136,929,540,1,0.009309767
Warm A,192648,1186,1185,929,540,1,0.0006034649
Warm A,18225,140,139,929,540,0,-0.0031034038
Warm A,983939,5948,5947,929,540,1,0.0033197221
Warm A,475375,2918,2917,929,540,0,0.008768726
Warm A,322065,1912,1911,929,540,1,-0.002439505
Warm A,473183,2909,2908,929,540,0,0.00035189593
Warm A,171244,1088,1087,929,540,1,0.007839595
Warm A,327580,1941,1940,929,540,1,0.018603623
Warm A,933302,5636,5635,929,540,1,0.007398256
Warm A,618825,3751,3750,932,543,1,-0.0012425296
Warm A,726342,4345,4344,932,543,1,0.011429366
Warm A,586924,3585,3584,932,543,1,0.0011679663
Warm A,586793,3583,3582,932,543,1,-0.0026246607
Warm A,576484,3524,3523,932,543,1,-0.0028903096
Warm A,583199,3562,3561,932,543,1,0.009883893
Warm A,566631,3477,3476,932,543,1,0.010086159
Warm A,566016,3476,3475,932,543,1,0.004376624
Warm A,556689,3421,3420,932,543,1,0.010064172
Warm A,658251,3967,3966,932,543,0,0.016170204
Warm A,545447,3364,3363,932,543,1,0.0024511428
Warm A,638894,3842,3841,932,543,1,0.003788387
Warm A,532999,3292,3291,932,543,1,0.0030112425
Warm A,529031,3271,3270,932,543,1,0.010939987
Warm A,521336,3217,3216,932,543,1,0.004452223
Warm A,520882,3214,3213,932,543,1,-0.0057118684
Warm A,522200,3224,3223,932,543,1,0.0054529645
Warm A,515949,3184,3183,932,543,0,0.008551846
Warm A,509730,3140,3139,932,543,1,0.009571476
Warm A,506537,3118,3117,932,543,0,-0.0021223968
Warm A,768591,4579,4578,932,543,0,0.0052664117
Warm A,502364,3083,3082,932,543,1,-0.0011725281
Warm A,797529,4784,4783,932,543,1,0.007043598
Warm A,496829,3053,3052,932,543,0,0.001594882
Warm A,488851,3009,3008,932,543,1,-0.00037699984
Warm A,487467,2998,2997,932,543,1,-0.0004777481
Warm A,484025,2977,2976,932,543,1,-0.0017221386
Warm A,480787,2952,2951,932,543,1,0.008503392
Warm A,479159,2941,2940,932,543,0,-0.009010943
Warm A,478729,2938,2937,932,543,0,0.0060437974
Warm A,477857,2934,2933,932,543,1,0.009931102
Warm A,695813,4169,4168,932,543,1,0.0097962
Warm A,474514,2912,2911,932,543,1,0.00089705724
Warm A,852539,5113,5112,932,543,0,-0.00093743677
Warm A,465934,2873,2872,932,543,1,-0.005381452
Warm A,834091,5015,5014,932,543,0,0.0076827887
Warm A,449084,2769,2768,932,543,1,0.0031421825
Warm A,458464,2822,2821,932,543,0,0.012724124
Warm A,445082,2745,2744,932,543,1,0.0057563935
Warm A,426803,2592,2591,932,543,0,0.0016803152
Warm A,419393,2535,2534,932,543,1,0.004669059
Warm A,418448,2529,2528,932,543,1,-0.0073169833
Warm A,425189,2581,2580,932,543,1,-0.0024982442
Warm A,416361,2507,2506,932,543,0,0.00164821
Warm A,414884,2497,2496,932,543,1,0.0011211615
Warm A,412504,2483,2482,932,543,0,0.0030205469
Warm A,404978,2423,2422,932,543,1,-0.00025419495
Warm A,398502,2371,2370,932,543,1,-0.0060361465
Warm A,395044,2334,2333,932,543,1,0.003938466
Warm A,394043,2322,2321,932,543,1,-0.0049908585
Warm A,393052,2309,2308,932,543,0,0.004283569
Warm A,392763,2306,2305,932,543,1,0.008918878
Warm A,384861,2248,2247,932,543,0,0.0056486623
Warm A,383438,2241,2240,932,543,1,-0.0041299015
Warm A,378643,2211,2210,932,543,1,0.013367331
Warm A,353648,2072,2071,932,543,1,0.0046050036
Warm A,352602,2064,2063,932,543,1,0.0024362737
Warm A,343029,2016,2015,932,543,0,0.010469008
Warm A,295530,1755,1754,932,543,1,0.006341556
Warm A,259304,1587,1586,932,543,0,0.012587415
Warm A,265528,1613,1612,932,543,1,0.013321308
Warm A,232314,1410,1409,932,543,1,0.0069132624
Warm A,242608,1465,1464,932,543,1,0.008634761
Warm A,225049,1361,1360,932,543,1,0.0059447074
Warm A,200735,1233,1232,932,543,1,-0.007060081
Warm A,192282,1184,1183,932,543,1,0.0004693342
Warm A,190143,1180,1179,932,543,1,0.0009943317
Warm A,337945,1988,1987,932,543,1,-0.0017799998
Warm A,188830,1172,1171,932,543,1,0.0105376765
Warm A,316119,1883,1882,932,543,1,0.0020910413
Warm A,180151,1128,1127,932,543,0,0.004605492
Warm A,175187,1111,1110,932,543,1,-0.0018911172
Warm A,327614,1941,1940,932,543,1,-0.001858834
Warm A,154048,992,991,932,543,1,-1.0469928e-05
Warm A,141131,910,909,932,543,1,0.0112816645
Warm A,141354,911,910,932,543,1,0.0021019252
Warm A,137788,889,888,932,543,0,0.011788455
Warm A,490038,3015,3014,932,543,1,-0.0025248844
Warm A,201354,1242,1241,932,543,1,0.015712976
Warm A,130987,850,849,932,543,1,0.0069818664
Warm A,118653,767,766,932,543,0,0.0016081701
Warm A,117796,759,758,932,543,1,0.008241799
Warm A,239683,1449,1448,932,543,0,0.0024445096
Warm A,262997,1605,1604,932,543,1,0.008601921
Warm A,177899,1120,1119,932,543,0,0.0083192205
Warm A,98297,658,657,932,543,1,0.008147931
Warm A,95805,642,641,932,543,0,0.0013750086
Warm A,314000,1875,1874,932,543,1,0.008559849
Warm A,93956,630,629,932,543,1,0.00967866
Warm A,227999,1383,1382,932,543,1,0.0061535514
Warm A,190409,1181,1180,932,543,0,0.005822534
Warm A,198111,1218,1217,932,543,0,0.0022420764
Warm A,76499,519,518,932,543,1,0.006723629
Warm A,76098,517,516,932,543,1,-0.00018115574
Warm A,69975,473,472,932,543,1,0.0050576963
Warm A,56594,379,378,932,543,1,0.0061115464
Warm A,949158,5734,5733,932,543,1,0.0052865013
Warm A,52477,346,345,932,543,0,0.008466966
Warm A,417594,2520,2519,932,543,0,0.0018757812
Warm A,13679,109,108,932,543,1,0.0058045196
Warm A,591731,3610,3609,932,543,0,0.002961512
Warm A,9164,62,61,932,543,0,0.014419007
Warm A,4475,33,32,932,543,0,0.009455763
Warm A,1017,10,9,932,543,0,-0.0037979628
Warm A,373812,2181,2180,932,543,0,0.009208795
Warm A,19243,148,147,932,543,0,0.008279955
Warm A,76280,518,517,932,543,1,0.012712338
Warm A,339086,1998,1997,932,543,1,0.002311548
Warm A,157772,1015,1014,932,543,1,0.0051900013
Warm A,181855,1137,1136,932,543,0,-0.0033809592
Warm A,347868,2041,2040,932,543,0,0.012691546
Warm A,183063,1141,1140,932,543,0,0.004100997
Warm A,60561,411,410,932,543,1,-0.0025314086
Warm A,51350,338,337,932,543,1,0.009342281
Warm A,18604,146,145,932,543,0,0.010132263
Warm A,79117,531,530,932,543,0,0.00726532
Warm A,187488,1164,1163,932,543,1,0.0036660247
Warm A,882801,5333,5332,932,543,1,0.004949403
Warm A,840998,5054,5053,932,543,1,0.0036022328
Warm A,399721,2380,2379,932,543,1,-0.0034879376
Warm A,901365,5450,5449,932,543,1,0.0038949512
Warm A,821531,4940,4939,932,543,1,0.011485422
Warm A,62575,424,423,932,543,1,0.012278365
Warm A,553728,3410,3409,932,543,1,0.009685494
Warm A,322080,1912,1911,932,543,0,0.009038527
Warm A,825479,4958,4957,932,543,0,0.005266196
Warm A,842475,5063,5062,932,543,1,-0.00077762525
Warm A,272022,1645,1644,932,543,1,0.014894152
Warm A,62100,419,418,932,543,1,0.001761625
Warm A,144490,931,930,935,546,1,0.0028740417
Warm A,137794,889,888,935,546,1,-0.007312797
Warm A,339090,1998,1997,935,546,0,0.002796317
Warm A,61755,415,414,935,546,0,0.0011378373
Warm A,43210,296,295,935,546,0,0.006102292
Warm A,50585,333,332,935,546,1,-0.011751797
Warm A,841000,5054,5053,935,546,1,0.0039755204
Warm A,322085,1912,1911,935,546,0,0.002877225
Warm A,821533,4940,4939,935,546,1,0.0006880257
Warm A,171265,1088,1087,935,546,0,-0.0015844577
Warm A,18609,146,145,935,546,1,0.004463883
Warm A,530582,3278,3277,936,547,0,0.0030906645
Warm A,474599,2913,2912,936,547,1,0.008407792
Warm A,795445,4765,4764,936,547,1,0.0038280308
Warm A,461987,2849,2848,936,547,1,0.008428512
Warm A,455745,2807,2806,936,547,1,0.02578154
Warm A,446720,2753,2752,936,547,1,0.0147883445
Warm A,441623,2711,2710,936,547,1,0.0025063138
Warm A,645088,3885,3884,936,547,1,0.011896283
Warm A,419621,2537,2536,936,547,0,0.0087045375
Warm A,464019,2860,2859,936,547,1,0.016718911
Warm A,405413,2428,2427,936,547,1,0.010071848
Warm A,395768,2340,2339,936,547,1,0.016414147
Warm A,383441,2241,2240,936,547,1,0.004735071
Warm A,381533,2231,2230,936,547,1,0.0065380875
Warm A,356652,2089,2088,936,547,1,0.0016739354
Warm A,353650,2072,2071,936,547,1,0.0007908866
Warm A,346067,2030,2029,936,547,1,0.01810253
Warm A,343509,2018,2017,936,547,1,0.0131009165
Warm A,380703,2225,2224,936,547,0,0.019651584
Warm A,320979,1903,1902,936,547,1,0.00864833
Warm A,329787,1945,1944,936,547,0,-0.00087171723
Warm A,325207,1926,1925,936,547,1,0.018192915
Warm A,313284,1868,1867,936,547,0,0.0055074063
Warm A,319875,1899,1898,936,547,1,0.018319018
Warm A,306030,1821,1820,936,547,1,0.004433843
Warm A,302441,1796,1795,936,547,1,-0.0045139147
Warm A,316612,1884,1883,936,547,1,0.015507106
Warm A,285886,1706,1705,936,547,1,0.0120877735
Warm A,284754,1699,1698,936,547,1,0.01082761
Warm A,292120,1741,1740,936,547,1,0.02441366
Warm A,264077,1607,1606,936,547,0,0.007596581
Warm A,303225,1802,1801,936,547,0,0.0115823615
Warm A,631344,3821,3820,936,547,1,0.005975275
Warm A,228873,1387,1386,936,547,0,0.0053159934
Warm A,243576,1469,1468,936,547,1,0.011375267
Warm A,218240,1323,1322,936,547,1,0.012171515
Warm A,216805,1317,1316,936,547,1,0.0089403745
Warm A,289184,1727,1726,936,547,1,0.015949475
Warm A,208599,1274,1273,936,547,1,0.008614785
Warm A,207298,1267,1266,936,547,1,0.010822607
Warm A,192963,1191,1190,936,547,1,0.006621414
Warm A,316125,1883,1882,936,547,0,0.006159246
Warm A,199274,1224,1223,936,547,1,0.019348225
Warm A,190415,1181,1180,936,547,0,0.018447058
Warm A,327618,1941,1940,936,547,1,0.0046335114
Warm A,165725,1057,1056,936,547,1,0.00982353
Warm A,159825,1019,1018,936,547,1,0.0173827
Warm A,144491,931,930,936,547,1,0.0119899735
Warm A,184884,1150,1149,936,547,0,0.0068338662
Warm A,137795,889,888,936,547,1,0.019350177
Warm A,347258,2038,2037,936,547,1,0.014038435
Warm A,130989,850,849,936,547,0,0.0059174267
Warm A,374745,2185,2184,936,547,1,0.015408039
Warm A,125353,806,805,936,547,1,0.008491456
Warm A,154000,991,990,936,547,1,0.008927564
Warm A,112274,731,730,936,547,1,0.021442408
Warm A,92899,622,621,936,547,1,-0.003031376
Warm A,129882,840,839,936,547,1,0.012147528
Warm A,66333,444,443,936,547,1,0.007250088
Warm A,54988,362,361,936,547,0,-0.0074889287
Warm A,133602,864,863,936,547,0,0.002727696
Warm A,12673,97,96,936,547,1,0.012039389
Warm A,591735,3610,3609,936,547,0,0.0050964034
Warm A,739340,4418,4417,936,547,1,0.0070926007
Warm A,420795,2544,2543,936,547,1,0.01042868
Warm A,459089,2826,2825,936,547,1,0.0135757215
Warm A,111578,727,726,936,547,1,0.00830452
Warm A,171266,1088,1087,936,547,1,0.015539895
Warm A,322086,1912,1911,936,547,0,0.012716353
Warm A,508128,3128,3127,936,547,1,0.021630313
Warm A,52072,343,342,936,547,1,0.004218155
Warm A,223915,1355,1354,936,547,1,0.015532205
Warm A,726344,4345,4344,938,548,0,0.0055015013
Warm A,595489,3622,3621,938,548,1,0.0055362745
Warm A,593374,3618,3617,938,548,1,0.011433957
Warm A,622572,3769,3768,938,548,1,-0.003135345
Warm A,588982,3592,3591,938,548,1,-0.007285064
Warm A,580272,3544,3543,938,548,1,-0.0003902223
Warm A,578990,3539,3538,938,548,1,-0.005940455
Warm A,568047,3485,3484,938,548,1,-0.0056462893
Warm A,566632,3477,3476,938,548,1,0.00066748844
Warm A,550871,3393,3392,938,548,0,-0.00097151427
Warm A,554400,3411,3410,938,548,0,0.0006487579
Warm A,556169,3418,3417,938,548,0,-0.0027864026
Warm A,526648,3259,3258,938,548,1,-0.0052958624
Warm A,522205,3224,3223,938,548,1,-0.0037411964
Warm A,521343,3217,3216,938,548,1,0.008206611
Warm A,916592,5539,5538,938,548,0,0.00018890551
Warm A,509734,3140,3139,938,548,1,0.0017906693
Warm A,512596,3163,3162,938,548,1,-0.0030837243
Warm A,503768,3096,3095,938,548,1,0.0021852693
Warm A,768597,4579,4578,938,548,1,-0.0049731764
Warm A,545983,3367,3366,938,548,1,0.0004991549
Warm A,493798,3032,3031,938,548,1,-0.0013672877
Warm A,738049,4411,4410,938,548,1,-0.00524785
Warm A,491769,3025,3024,938,548,1,-0.0025336796
Warm A,489471,3013,3012,938,548,1,0.004030401
Warm A,533006,3292,3291,938,548,1,0.0038552228
Warm A,477861,2934,2933,938,548,0,-0.0058237687
Warm A,695820,4169,4168,938,548,1,-0.00849898
Warm A,469167,2889,2888,938,548,0,0.0060477573
Warm A,466619,2878,2877,938,548,0,-0.0035784198
Warm A,464519,2862,2861,938,548,0,-0.011870835
Warm A,442346,2724,2723,938,548,0,0.0015070764
Warm A,440733,2698,2697,938,548,0,0.00093103386
Warm A,440791,2699,2698,938,548,1,-0.0010618819
Warm A,427201,2593,2592,938,548,1,-0.000424949
Warm A,418450,2529,2528,938,548,0,-0.0026165433
Warm A,406701,2442,2441,938,548,0,0.0026554002
Warm A,396238,2343,2342,938,548,1,0.0047229086
Warm A,395047,2334,2333,938,548,1,-0.0032572176
Warm A,390859,2294,2293,938,548,1,-0.0011667314
Warm A,390631,2293,2292,938,548,0,-0.009883507
Warm A,381228,2230,2229,938,548,0,0.0051334435
Warm A,382717,2237,2236,938,548,1,0.003075703
Warm A,377660,2205,2204,938,548,1,0.0042428216
Warm A,378645,2211,2210,938,548,0,0.0010613714
Warm A,358053,2096,2095,938,548,1,-0.008549681
Warm A,356988,2091,2090,938,548,1,0.002640997
Warm A,345414,2026,2025,938,548,0,-0.0020194089
Warm A,340037,2006,2005,938,548,0,0.0025675362
Warm A,323062,1916,1915,938,548,0,-0.0021484145
Warm A,330499,1951,1950,938,548,1,-0.001990144
Warm A,302442,1796,1795,938,548,1,-0.010449469
Warm A,284755,1699,1698,938,548,1,0.002688217
Warm A,276046,1671,1670,938,548,0,-0.0012211436
Warm A,346068,2030,2029,938,548,1,0.0061855703
Warm A,259307,1587,1586,938,548,1,-0.0071520573
Warm A,246038,1487,1486,938,548,1,-0.00021669763
Warm A,228874,1387,1386,938,548,1,0.01085028
Warm A,242610,1465,1464,938,548,1,-0.0051212916
Warm A,226582,1373,1372,938,548,0,0.0013826024
Warm A,319876,1899,1898,938,548,0,-0.0067128525
Warm A,218533,1325,1324,938,548,1,-0.007331902
Warm A,217901,1322,1321,938,548,1,-0.0042511025
Warm A,211990,1291,1290,938,548,1,0.00026864698
Warm A,209717,1281,1280,938,548,0,0.0031082137
Warm A,591736,3610,3609,938,548,0,-0.005840377
Warm A,322087,1912,1911,938,548,0,0.003768465
Warm A,218241,1323,1322,938,548,1,-0.004531185
Warm A,168962,1072,1071,938,548,1,0.0030870186
Warm A,190416,1181,1180,938,548,0,-0.0016608089
Warm A,157778,1015,1014,938,548,1,-0.0020412968
Warm A,152840,984,983,938,548,1,-0.011680298
Warm A,323651,1920,1919,938,548,1,-0.00054726424
Warm A,167671,1068,1067,938,548,1,-0.00368211
Warm A,144492,931,930,938,548,1,-0.0073004905
Warm A,184885,1150,1149,938,548,0,-0.0062368168
Warm A,140157,899,898,938,548,1,-0.0033533985
Warm A,347260,2038,2037,938,548,1,0.0019329656
Warm A,318886,1896,1895,938,548,1,-0.007196882
Warm A,141357,911,910,938,548,1,-0.002235
Warm A,134965,873,872,938,548,0,-0.0012544821
Warm A,177902,1120,1119,938,548,1,-0.0066235904
Warm A,316613,1884,1883,938,548,1,-0.003542428
Warm A,314002,1875,1874,938,548,1,-0.00043191528
Warm A,110578,721,720,938,548,1,4.109298e-05
Warm A,339091,1998,1997,938,548,1,0.00023357384
Warm A,85217,556,555,938,548,1,-0.0077107428
Warm A,82066,544,543,938,548,1,0.0020293877
Warm A,228005,1383,1382,938,548,1,-0.008455541
Warm A,69759,470,469,938,548,1,0.0037248535
Warm A,76597,520,519,938,548,1,-0.0067187734
Warm A,337949,1988,1987,938,548,0,-0.0026233061
Warm A,39175,265,264,938,548,1,0.002096036
Warm A,537729,3312,3311,938,548,0,-0.0030168085
Warm A,46769,314,313,938,548,1,-0.00011498155
Warm A,31863,216,215,938,548,0,-0.0020487758
Warm A,34634,235,234,938,548,0,0.0013369024
Warm A,25223,178,177,938,548,1,-0.008173042
Warm A,23549,169,168,938,548,0,-0.0050001196
Warm A,10751,78,77,938,548,0,-0.009611174
Warm A,4926,35,34,938,548,0,0.0014079391
Warm A,1019,10,9,938,548,1,0.003976124
Warm A,11,1,0,938,548,1,-0.006370109
Warm A,357247,2092,2091,938,548,0,-0.003943735
Warm A,381924,2232,2231,938,548,1,-0.0056302594
Warm A,420796,2544,2543,938,548,1,0.0021336745
Warm A,94546,635,634,938,548,1,-0.00031476398
Warm A,49226,329,328,938,548,0,0.0017703609
Warm A,400247,2383,2382,938,548,1,-0.0043595023
Warm A,863828,5205,5204,938,548,0,-0.003485599
Warm A,949160,5734,5733,938,548,1,-0.00858945
Warm A,712723,4277,4276,938,548,0,0.008692923
Warm A,60569,411,410,938,548,1,-0.00010402547
Warm A,171267,1088,1087,938,548,1,-0.012164706
Warm A,79121,531,530,938,548,0,0.00026829168
Warm A,327619,1941,1940,938,548,1,-0.012958479
Warm A,958759,5787,5786,938,548,1,0.0012153944
Warm A,441793,2715,2714,938,548,1,-0.002645291
Warm A,978758,5902,5901,938,548,0,0.0042830906
Warm A,841001,5054,5053,938,548,1,-0.0012479923
Warm A,18610,146,145,938,548,0,0.0021016197
Warm A,52073,343,342,938,548,1,0.0001200398
Warm A,831887,5001,5000,938,548,1,-0.0030041565
Warm A,62581,424,423,938,548,1,-0.0030002524
Warm A,748207,4467,4466,938,548,1,-0.008820914
Warm A,8763,59,58,938,548,1,-0.00650095
Warm A,222714,1348,1347,938,548,0,-0.0060351165
Warm A,456330,2810,2809,941,550,1,0.016986664
Warm A,602409,3665,3664,941,550,0,0.014574462
Warm A,418460,2529,2528,941,550,1,0.017880863
Warm A,394712,2330,2329,941,550,0,0.003278439
Warm A,390633,2293,2292,941,550,0,0.017589696
Warm A,402904,2405,2404,941,550,0,0.010618914
Warm A,384018,2244,2243,941,550,1,0.011948267
Warm A,377673,2205,2204,941,550,1,0.015569469
Warm A,373336,2180,2179,941,550,0,0.008960063
Warm A,364087,2121,2120,941,550,1,0.0021108205
Warm A,362092,2110,2109,941,550,0,0.012253681
Warm A,356266,2088,2087,941,550,1,0.01858027
Warm A,352903,2067,2066,941,550,1,0.0026523913
Warm A,300187,1780,1779,941,550,0,0.01681322
Warm A,266875,1619,1618,941,550,0,0.005117134
Warm A,346073,2030,2029,941,550,1,0.015511525
Warm A,221110,1340,1339,941,550,0,0.019227095
Warm A,208610,1274,1273,941,550,1,0.0105217425
Warm A,208220,1273,1272,941,550,0,0.01116105
Warm A,192286,1184,1183,941,550,1,0.008530829
Warm A,198571,1220,1219,941,550,1,0.015486902
Warm A,436165,2665,2664,941,550,0,0.014672687
Warm A,162180,1034,1033,941,550,1,0.007914759
Warm A,152853,984,983,941,550,1,0.01926978
Warm A,184909,1150,1149,941,550,0,0.019571852
Warm A,147296,949,948,941,550,1,0.015433479
Warm A,316622,1884,1883,941,550,1,0.01162726
Warm A,190444,1181,1180,941,550,1,0.022643035
Warm A,80936,538,537,941,550,1,0.016217122
Warm A,70652,476,475,941,550,0,0.012053758
Warm A,68561,461,460,941,550,1,0.021559887
Warm A,57746,391,390,941,550,0,0.011423142
Warm A,59364,403,402,941,550,1,0.010598069
Warm A,51783,340,339,941,550,1,0.014790414
Warm A,43583,300,299,941,550,1,0.0180358
Warm A,34428,233,232,941,550,0,0.0079694735
Warm A,39761,270,269,941,550,1,0.012241048
Warm A,31884,216,215,941,550,1,0.013034454
Warm A,30804,205,204,941,550,0,0.010355705
Warm A,14817,118,117,941,550,1,0.0017358195
Warm A,11241,84,83,941,550,0,0.0024662048
Warm A,591747,3610,3609,941,550,0,0.011274202
Warm A,335139,1978,1977,941,550,0,0.0111478465
Warm A,327646,1941,1940,941,550,0,0.0116741285
Warm A,473238,2909,2908,941,550,0,0.023814458
Warm A,709445,4255,4254,943,552,1,0.007471579
Warm A,704340,4224,4223,943,552,1,0.0016196517
Warm A,704911,4227,4226,943,552,1,0.01196188
Warm A,701945,4208,4207,943,552,1,0.005149129
Warm A,700298,4190,4189,943,552,1,0.006531815
Warm A,673963,4048,4047,943,552,1,0.019989604
Warm A,675833,4054,4053,943,552,1,0.011737029
Warm A,721805,4322,4321,943,552,0,0.007032508
Warm A,693689,4155,4154,943,552,0,0.012484996
Warm A,637764,3841,3840,943,552,1,0.020869255
Warm A,625316,3779,3778,943,552,1,0.010457371
Warm A,636770,3836,3835,943,552,1,0.008808866
Warm A,726349,4345,4344,943,552,1,0.00996804
Warm A,597512,3635,3634,943,552,0,0.001577659
Warm A,587178,3586,3585,943,552,1,0.007416858
Warm A,586929,3585,3584,943,552,0,0.008230029
Warm A,585538,3576,3575,943,552,0,0.01938726
Warm A,576073,3521,3520,943,552,1,0.017004412
Warm A,566030,3476,3475,943,552,0,0.009312549
Warm A,695842,4169,4168,943,552,1,0.009545778
Warm A,559225,3435,3434,943,552,1,0.0048728483
Warm A,533027,3292,3291,943,552,1,0.0070918594
Warm A,513894,3171,3170,943,552,1,0.013150839
Warm A,506549,3118,3117,943,552,0,0.016773434
Warm A,504688,3105,3104,943,552,1,0.0037485105
Warm A,545989,3367,3366,943,552,1,0.008063175
Warm A,496196,3049,3048,943,552,1,0.0037374976
Warm A,495237,3039,3038,943,552,1,2.4887733e-05
Warm A,474606,2913,2912,943,552,0,0.011222596
Warm A,472336,2907,2906,943,552,1,0.014952504
Warm A,601548,3658,3657,943,552,1,0.00031137234
Warm A,645100,3885,3884,943,552,1,0.009153236
Warm A,463062,2857,2856,943,552,0,0.003567011
Warm A,466633,2878,2877,943,552,1,0.023430822
Warm A,455364,2804,2803,943,552,1,0.011174431
Warm A,435193,2659,2658,943,552,1,0.0084810285
Warm A,437371,2670,2669,943,552,1,0.0035967976
Warm A,433509,2643,2642,943,552,1,0.006400665
Warm A,418462,2529,2528,943,552,0,0.00081800204
Warm A,404979,2423,2422,943,552,1,-0.00030785543
Warm A,400259,2383,2382,943,552,1,0.01914879
Warm A,394657,2329,2328,943,552,1,0.00540612
Warm A,393054,2309,2308,943,552,1,-0.0018128372
Warm A,390635,2293,2292,943,552,1,0.022452524
Warm A,387187,2264,2263,943,552,1,0.004789538
Warm A,382235,2233,2232,943,552,1,-0.004613798
Warm A,364089,2121,2120,943,552,0,0.0036712773
Warm A,364575,2124,2123,943,552,1,0.006161432
Warm A,352905,2067,2066,943,552,1,0.0015393915
Warm A,353654,2072,2071,943,552,1,-0.0023403163
Warm A,375467,2188,2187,943,552,0,0.002091468
Warm A,346576,2031,2030,943,552,0,0.015616955
Warm A,343515,2018,2017,943,552,1,-0.0031341938
Warm A,292128,1741,1740,943,552,1,0.017662104
Warm A,217908,1322,1321,943,552,1,0.014107519
Warm A,208612,1274,1273,943,552,1,0.0072403927
Warm A,312214,1861,1860,943,552,1,0.0104439575
Warm A,203411,1247,1246,943,552,1,0.0017139703
Warm A,183071,1141,1140,943,552,1,0.011477619
Warm A,316134,1883,1882,943,552,1,0.0051919315
Warm A,177448,1119,1118,943,552,1,0.0045284787
Warm A,327649,1941,1940,943,552,1,0.015963692
Warm A,166310,1059,1058,943,552,0,0.02330413
Warm A,168826,1071,1070,943,552,1,-0.0026474902
Warm A,190449,1181,1180,943,552,1,0.015806641
Warm A,152854,984,983,943,552,1,0.01014816
Warm A,144496,931,930,943,552,1,-0.0048110145
Warm A,184912,1150,1149,943,552,0,0.010500632
Warm A,162183,1034,1033,943,552,1,0.006538355
Warm A,137820,889,888,943,552,1,0.013535573
Warm A,127640,824,823,943,552,1,0.012226725
Warm A,123676,797,796,943,552,1,-0.0006994114
Warm A,122886,793,792,943,552,0,0.018277904
Warm A,117797,759,758,943,552,1,0.014590371
Warm A,112283,731,730,943,552,1,0.015047081
Warm A,94549,635,634,943,552,1,-0.0030941279
Warm A,228022,1383,1382,943,552,1,0.013783331
Warm A,85219,556,555,943,552,1,0.004749288
Warm A,82779,549,548,943,552,1,0.016820136
Warm A,238614,1448,1447,943,552,0,0.011379727
Warm A,69976,473,472,943,552,1,0.004533989
Warm A,51784,340,339,943,552,1,0.0007674948
Warm A,60582,411,410,943,552,0,0.014790669
Warm A,45541,307,306,943,552,1,-0.0008363015
Warm A,177916,1120,1119,943,552,1,0.01543508
Warm A,36312,245,244,943,552,0,0.012242056
Warm A,31887,216,215,943,552,1,0.014985541
Warm A,30805,205,204,943,552,1,0.0059301457
Warm A,21778,158,157,943,552,1,-0.0047012325
Warm A,19267,148,147,943,552,1,0.01905628
Warm A,12677,97,96,943,552,1,0.0054799113
Warm A,123294,796,795,943,552,0,0.0017658339
Warm A,591750,3610,3609,943,552,0,0.014577925
Warm A,6345,45,44,943,552,0,0.0065584797
Warm A,1037,10,9,943,552,1,0.012166051
Warm A,339094,1998,1997,943,552,1,0.010506274
Warm A,522229,3224,3223,943,552,1,0.012195945
Warm A,734183,4387,4386,943,552,0,0.005777588
Warm A,454488,2796,2795,943,552,0,0.024250887
Warm A,307025,1834,1833,943,552,1,0.0051778583
Warm A,357259,2092,2091,943,552,1,0.009170141
Warm A,499151,3067,3066,943,552,1,0.00959014
Warm A,495126,3038,3037,943,552,1,0.0065091634
Warm A,22776,164,163,943,552,1,0.009699826
Warm A,420809,2544,2543,943,552,1,0.006683168
Warm A,657406,3963,3962,943,552,1,0.0061319275
Warm A,13122,102,101,943,552,1,0.0035873016
Warm A,76286,518,517,943,552,1,0.005079028
Warm A,171287,1088,1087,943,552,1,0.0032236855
Warm A,8765,59,58,943,552,0,0.013941657
Warm A,272033,1645,1644,943,552,1,0.006743501
Warm A,177449,1119,1118,944,553,1,0.010529851
Warm A,167681,1068,1067,944,553,1,0.0033988976
Warm A,327650,1941,1940,944,553,0,0.007876213
Warm A,162184,1034,1033,944,553,1,-0.0021871715
Warm A,190450,1181,1180,944,553,0,0.008442419
Warm A,137821,889,888,944,553,0,-0.0025409614
Warm A,318891,1896,1895,944,553,1,0.009446856
Warm A,322101,1912,1911,944,553,1,0.0045618895
Warm A,134034,869,868,944,553,0,0.012294776
Warm A,103782,690,689,944,553,1,0.0056997053
Warm A,101629,677,676,944,553,1,-0.0010089027
Warm A,98100,656,655,944,553,1,0.00209863
Warm A,90359,597,596,944,553,0,0.004999563
Warm A,82780,549,548,944,553,1,0.0077475053
Warm A,83899,550,549,944,553,1,0.010979895
Warm A,66974,451,450,944,553,1,0.0055146413
Warm A,257441,1579,1578,944,553,0,-0.00023978623
Warm A,36313,245,244,944,553,1,0.0075026355
Warm A,35225,238,237,944,553,0,0.00053925253
Warm A,31888,216,215,944,553,1,-0.0053333435
Warm A,269733,1635,1634,944,553,1,0.00016964949
Warm A,27976,195,194,944,553,1,-0.0039907647
Warm A,12678,97,96,944,553,1,-0.0038263034
Warm A,123295,796,795,944,553,0,0.009525833
Warm A,591751,3610,3609,944,553,0,0.0077671176
Warm A,437208,2669,2668,944,553,0,0.0075831586
Warm A,19268,148,147,944,553,0,0.0019731105
Warm A,181867,1137,1136,944,553,1,-0.0013980377
Warm A,316624,1884,1883,944,553,1,0.008322946
Warm A,337957,1988,1987,944,553,1,0.0063693165
Warm A,801303,4802,4801,944,553,1,0.0018348084
Warm A,357260,2092,2091,944,553,0,0.013566169
Warm A,208613,1274,1273,944,553,1,0.008250984
Warm A,420810,2544,2543,944,553,0,0.0069955005
Warm A,276058,1671,1670,944,553,1,0.007635149
Warm A,916602,5539,5538,944,553,1,-0.01450707
Warm A,171288,1088,1087,944,553,1,0.011299831
Warm A,649650,3916,3915,946,555,1,-0.007033374
Warm A,640962,3853,3852,946,555,1,0.0019613649
Warm A,617396,3737,3736,946,555,0,0.0010290225
Warm A,670109,4028,4027,946,555,0,0.0069917175
Warm A,595147,3621,3620,946,555,0,0.0031457383
Warm A,728043,4354,4353,946,555,1,-0.0008567828
Warm A,573809,3513,3512,946,555,0,-0.0023914815
Warm A,566032,3476,3475,946,555,1,-0.006390389
Warm A,565126,3474,3473,946,555,1,0.0050551724
Warm A,563600,3469,3468,946,555,1,0.00202564
Warm A,695846,4169,4168,946,555,1,0.0047640977
Warm A,551153,3394,3393,946,555,0,0.0034785415
Warm A,552872,3402,3401,946,555,1,-0.005430917
Warm A,533030,3292,3291,946,555,1,0.005922486
Warm A,527249,3261,3260,946,555,1,-0.003996227
Warm A,508134,3128,3127,946,555,1,-0.00062871596
Warm A,506553,3118,3117,946,555,1,-0.00058383634
Warm A,768607,4579,4578,946,555,1,-0.002951821
Warm A,495238,3039,3038,946,555,1,0.002804224
Warm A,493819,3032,3031,946,555,1,-0.005818558
Warm A,476669,2928,2927,946,555,1,0.0009026973
Warm A,461990,2849,2848,946,555,1,-0.0028053839
Warm A,457676,2820,2819,946,555,0,-0.00085134467
Warm A,447817,2761,2760,946,555,1,-0.00070453703
Warm A,443026,2731,2730,946,555,0,-0.0015719179
Warm A,438549,2680,2679,946,555,1,-0.0022984035
Warm A,429034,2611,2610,946,555,1,0.0026969202
Warm A,446730,2753,2752,946,555,0,-0.0049168793
Warm A,418464,2529,2528,946,555,1,-0.0044335537
Warm A,405415,2428,2427,946,555,1,0.0057057235
Warm A,403098,2407,2406,946,555,0,0.0026241934
Warm A,412031,2478,2477,946,555,1,-0.004010763
Warm A,397579,2355,2354,946,555,1,0.006102574
Warm A,390637,2293,2292,946,555,1,0.0019823257
Warm A,388039,2271,2270,946,555,1,-0.002672404
Warm A,380712,2225,2224,946,555,1,0.0021857438
Warm A,381542,2231,2230,946,555,1,0.0027743038
Warm A,372407,2175,2174,946,555,0,0.00421987
Warm A,364090,2121,2120,946,555,1,-0.0010016146
Warm A,357261,2092,2091,946,555,0,-0.010424409
Warm A,347267,2038,2037,946,555,1,-0.0011133006
Warm A,373833,2181,2180,946,555,1,9.488466e-05
Warm A,346577,2031,2030,946,555,1,-0.0033486988
Warm A,345423,2026,2025,946,555,1,-0.00174472
Warm A,346077,2030,2029,946,555,1,0.009858013
Warm A,343517,2018,2017,946,555,1,-0.0050927172
Warm A,335072,1977,1976,946,555,1,-0.0013090351
Warm A,320982,1903,1902,946,555,1,-0.0020749099
Warm A,323070,1916,1915,946,555,0,0.00014426449
Warm A,319895,1899,1898,946,555,1,-0.00025515538
Warm A,286213,1709,1708,946,555,0,0.00062563806
Warm A,283440,1697,1696,946,555,1,0.00040453207
Warm A,293595,1748,1747,946,555,0,0.0033693467
Warm A,275402,1667,1666,946,555,0,-0.0021830113
Warm A,284760,1699,1698,946,555,1,0.0019226361
Warm A,292130,1741,1740,946,555,1,0.004252813
Warm A,289197,1727,1726,946,555,1,0.00031605863
Warm A,250168,1507,1506,946,555,1,0.0055821636
Warm A,230738,1396,1395,946,555,0,0.002774602
Warm A,228025,1383,1382,946,555,1,0.0056109163
Warm A,217911,1322,1321,946,555,1,-0.0009285556
Warm A,208222,1273,1272,946,555,1,0.0015360321
Warm A,192102,1183,1182,946,555,1,0.0028138128
Warm A,189955,1179,1178,946,555,1,-0.0019319388
Warm A,316136,1883,1882,946,555,1,-0.006202196
Warm A,184915,1150,1149,946,555,0,0.0039906986
Warm A,182672,1140,1139,946,555,1,-0.0014134331
Warm A,176491,1116,1115,946,555,1,-0.0016107463
Warm A,173516,1100,1099,946,555,0,-0.004343001
Warm A,190453,1181,1180,946,555,0,-0.0021371362
Warm A,137824,889,888,946,555,1,0.009348376
Warm A,159843,1019,1018,946,555,1,0.00046458584
Warm A,374752,2185,2184,946,555,1,0.00075847434
Warm A,124171,800,799,946,555,1,-0.0031168037
Warm A,112285,731,730,946,555,1,-0.0022831543
Warm A,89132,588,587,946,555,1,-0.003358176
Warm A,86481,566,565,946,555,0,-0.006786395
Warm A,57748,391,390,946,555,1,0.0022051388
Warm A,66976,451,450,946,555,1,-0.0022802728
Warm A,47311,319,318,946,555,0,0.0055144695
Warm A,45830,308,307,946,555,1,-0.0016118526
Warm A,27516,193,192,946,555,0,0.0018599307
Warm A,34646,235,234,946,555,1,-0.0026479303
Warm A,12680,97,96,946,555,1,-0.0048312745
Warm A,591754,3610,3609,946,555,0,0.007944852
Warm A,4163,31,30,946,555,0,0.0012377412
Warm A,974897,5880,5879,946,555,0,-0.0061686262
Warm A,445780,2749,2748,946,555,0,-0.0053175087
Warm A,18230,140,139,946,555,1,0.00026968832
Warm A,208615,1274,1273,946,555,1,0.001192027
Warm A,958765,5787,5786,946,555,1,-0.009256805
Warm A,460554,2841,2840,946,555,1,-0.005786758
Warm A,41312,279,278,946,555,0,0.0029174213
Warm A,127220,822,821,946,555,1,-0.0017087206
Warm A,657408,3963,3962,946,555,0,-0.0029228171
Warm A,699574,4186,4185,946,555,1,-0.0011534626
Warm A,587699,3589,3588,946,555,0,-0.0030061745
Warm A,831890,5001,5000,946,555,1,0.0005833056
Warm A,322103,1912,1911,946,555,0,-0.0015688147
Warm A,583217,3562,3561,946,555,1,0.0025336717
Warm A,339096,1998,1997,946,555,0,-0.0046161553
Warm A,681277,4083,4082,947,556,0,0.013957452
Warm A,669301,4023,4022,947,556,1,0.0044364054
Warm A,668259,4021,4020,947,556,1,0.00832726
Warm A,758379,4510,4509,947,556,1,0.0062213275
Warm A,660164,3979,3978,947,556,1,-0.0065446463
Warm A,783951,4682,4681,947,556,1,0.01359153
Warm A,637767,3841,3840,947,556,0,0.012551777
Warm A,670110,4028,4027,947,556,0,0.015917096
Warm A,589577,3596,3595,947,556,1,0.00965513
Warm A,695847,4169,4168,947,556,1,0.020133404
Warm A,574172,3515,3514,947,556,1,0.0038108174
Warm A,580414,3546,3545,947,556,0,0.0021456117
Warm A,568682,3490,3489,947,556,1,0.017388081
Warm A,552873,3402,3401,947,556,1,0.008522329
Warm A,551154,3394,3393,947,556,1,0.017027732
Warm A,556172,3418,3417,947,556,1,0.0070082205
Warm A,544323,3356,3355,947,556,1,0.00668584
Warm A,541199,3329,3328,947,556,1,0.0051395013
Warm A,533031,3292,3291,947,556,1,0.011786026
Warm A,526316,3254,3253,947,556,1,0.0016005274
Warm A,526176,3253,3252,947,556,1,0.0042980737
Warm A,513442,3167,3166,947,556,1,0.0119319055
Warm A,506554,3118,3117,947,556,1,0.007626121
Warm A,768608,4579,4578,947,556,1,0.009211761
Warm A,657409,3963,3962,947,556,0,0.014179705
Warm A,491772,3025,3024,947,556,1,0.0025062899
Warm A,530584,3278,3277,947,556,1,-0.002037461
Warm A,461991,2849,2848,947,556,1,0.012005899
Warm A,459095,2826,2825,947,556,1,0.01159471
Warm A,457677,2820,2819,947,556,0,0.012609279
Warm A,455750,2807,2806,947,556,1,0.010407692
Warm A,453509,2793,2792,947,556,1,0.0173093
Warm A,447818,2761,2760,947,556,1,0.010206556
Warm A,458466,2822,2821,947,556,1,0.0009537162
Warm A,446731,2753,2752,947,556,1,0.020452606
Warm A,442049,2719,2718,947,556,1,0.009701207
Warm A,435194,2659,2658,947,556,1,0.011411592
Warm A,431859,2631,2630,947,556,1,0.011648586
Warm A,616612,3732,3731,947,556,0,0.010149391
Warm A,403099,2407,2406,947,556,1,0.0068534906
Warm A,707778,4241,4240,947,556,1,0.00012650574
Warm A,397580,2355,2354,947,556,1,0.009289674
Warm A,400262,2383,2382,947,556,1,0.013997875
Warm A,393222,2310,2309,947,556,1,0.014262247
Warm A,390638,2293,2292,947,556,1,0.010913692
Warm A,388040,2271,2270,947,556,1,0.015173098
Warm A,383444,2241,2240,947,556,1,0.0036460676
Warm A,382236,2233,2232,947,556,1,0.0077734343
Warm A,363573,2117,2116,947,556,1,-0.006259391
Warm A,373834,2181,2180,947,556,1,0.017968453
Warm A,346078,2030,2029,947,556,1,0.013198004
Warm A,334453,1974,1973,947,556,1,0.010375319
Warm A,323071,1916,1915,947,556,0,0.010367595
Warm A,319896,1899,1898,947,556,1,0.012447005
Warm A,313889,1874,1873,947,556,0,0.0013918101
Warm A,305747,1820,1819,947,556,1,0.006713224
Warm A,302637,1797,1796,947,556,1,0.006077108
Warm A,301489,1791,1790,947,556,0,0.008937521
Warm A,293596,1748,1747,947,556,1,0.016427144
Warm A,284761,1699,1698,947,556,1,0.009189487
Warm A,268451,1631,1630,947,556,1,0.0090338485
Warm A,268821,1632,1631,947,556,0,0.015834413
Warm A,250169,1507,1506,947,556,0,0.012536635
Warm A,631353,3821,3820,947,556,0,0.015957048
Warm A,246183,1489,1488,947,556,0,0.014875281
Warm A,228881,1387,1386,947,556,1,0.016088486
Warm A,219399,1330,1329,947,556,1,0.004737775
Warm A,217912,1322,1321,947,556,1,0.0054726647
Warm A,221113,1340,1339,947,556,1,0.01290614
Warm A,208223,1273,1272,947,556,1,0.0056482307
Warm A,189956,1179,1178,947,556,0,0.01265219
Warm A,184271,1147,1146,947,556,1,0.0067991493
Warm A,316137,1883,1882,947,556,0,0.0151284505
Warm A,184916,1150,1149,947,556,0,0.010557754
Warm A,182673,1140,1139,947,556,1,0.004303003
Warm A,190454,1181,1180,947,556,1,0.016658876
Warm A,327653,1941,1940,947,556,1,0.016287608
Warm A,272034,1645,1644,947,556,1,0.01152413
Warm A,162186,1034,1033,947,556,1,0.0048929625
Warm A,157802,1015,1014,947,556,1,0.025902703
Warm A,152856,984,983,947,556,1,0.0064544664
Warm A,144498,931,930,947,556,1,0.009064592
Warm A,137825,889,888,947,556,1,0.009814689
Warm A,131000,850,849,947,556,1,-0.003951592
Warm A,374753,2185,2184,947,556,1,0.011331644
Warm A,127902,825,824,947,556,0,0.0004724317
Warm A,125355,806,805,947,556,1,0.00047597027
Warm A,124172,800,799,947,556,1,0.015418263
Warm A,154001,991,990,947,556,1,0.008469014
Warm A,332158,1960,1959,947,556,1,0.00885411
Warm A,112286,731,730,947,556,1,0.016791077
Warm A,120113,776,775,947,556,1,-0.00024207402
Warm A,114203,743,742,947,556,0,0.014567437
Warm A,316626,1884,1883,947,556,1,0.008519763
Warm A,98101,656,655,947,556,0,0.011715281
Warm A,80853,537,536,947,556,1,0.014772871
Warm A,69443,466,465,947,556,1,0.0058023348
Warm A,66977,451,450,947,556,1,0.007994108
Warm A,412032,2478,2477,947,556,0,0.011728933
Warm A,39937,271,270,947,556,1,0.008299418
Warm A,34647,235,234,947,556,1,0.0043389783
Warm A,481631,2962,2961,947,556,0,0.0032708228
Warm A,13522,107,106,947,556,0,0.0067800656
Warm A,136018,879,878,947,556,1,0.00139233
Warm A,12681,97,96,947,556,1,0.011371218
Warm A,11742,91,90,947,556,1,0.011073375
Warm A,591755,3610,3609,947,556,0,0.0029152154
Warm A,420812,2544,2543,947,556,0,0.009978882
Warm A,4165,31,30,947,556,1,0.01895467
Warm A,3810,27,26,947,556,1,0.0061377697
Warm A,94550,635,634,947,556,1,0.008150237
Warm A,216815,1317,1316,947,556,1,0.012555096
Warm A,108472,711,710,947,556,1,0.00058841886
Warm A,854162,5125,5124,947,556,1,0.013078191
Warm A,739344,4418,4417,947,556,1,0.012249865
Warm A,966572,5831,5830,947,556,1,0.019919936
Warm A,171291,1088,1087,947,556,1,0.0150256045
Warm A,312216,1861,1860,947,556,1,0.009520612
Warm A,50589,333,332,947,556,1,0.00076331646
Warm A,232502,1413,1412,947,556,1,0.009207707
Warm A,473244,2909,2908,947,556,0,0.018329602
Warm A,322104,1912,1911,947,556,0,0.010991495
Warm A,823227,4950,4949,947,556,1,0.0068035964
Warm A,820859,4934,4933,947,556,0,0.006351159
Warm A,208616,1274,1273,947,556,1,0.013442076
Warm A,958766,5787,5786,947,556,1,0.008679992
Warm A,876946,5300,5299,947,556,1,0.0033983865
Warm A,891425,5387,5386,947,556,1,0.007921848
Warm A,502452,3084,3083,948,557,0,0.0053117685
Warm A,768609,4579,4578,948,557,1,0.00020499493
Warm A,502812,3087,3086,948,557,1,0.005225809
Warm A,545990,3367,3366,948,557,1,-0.00047061313
Warm A,484084,2978,2977,948,557,0,0.0091988575
Warm A,477873,2934,2933,948,557,0,-0.0035139057
Warm A,695848,4169,4168,948,557,0,0.009020548
Warm A,469171,2889,2888,948,557,1,0.0014683956
Warm A,466635,2878,2877,948,557,0,0.0145841595
Warm A,459756,2834,2833,948,557,1,0.0062751547
Warm A,457678,2820,2819,948,557,0,0.0021495412
Warm A,438243,2679,2678,948,557,1,0.0059788283
Warm A,412508,2483,2482,948,557,0,0.008584611
Warm A,414444,2496,2495,948,557,1,0.0022762872
Warm A,398182,2368,2367,948,557,1,0.0003198192
Warm A,395052,2334,2333,948,557,1,0.007416853
Warm A,383445,2241,2240,948,557,1,-0.0035340576
Warm A,377679,2205,2204,948,557,0,0.012787528
Warm A,352906,2067,2066,948,557,0,0.0065414086
Warm A,268822,1632,1631,948,557,0,0.01278184
Warm A,256630,1569,1568,948,557,1,0.01942557
Warm A,346079,2030,2029,948,557,1,0.008934219
Warm A,350641,2059,2058,948,557,0,0.0072101653
Warm A,242622,1465,1464,948,557,1,0.004022575
Warm A,325221,1926,1925,948,557,1,0.010422414
Warm A,188528,1170,1169,948,557,1,0.009623586
Warm A,327654,1941,1940,948,557,1,0.017135952
Warm A,162187,1034,1033,948,557,1,0.0053388253
Warm A,337958,1988,1987,948,557,0,0.0059828507
Warm A,323662,1920,1919,948,557,1,0.012258096
Warm A,221114,1340,1339,948,557,0,0.005477974
Warm A,137826,889,888,948,557,0,0.0043362305
Warm A,131001,850,849,948,557,1,0.010909789
Warm A,124421,801,800,948,557,1,0.0053285537
Warm A,115879,752,751,948,557,1,0.013368484
Warm A,778805,4653,4652,948,557,1,-0.0015801342
Warm A,94839,637,636,948,557,1,0.008159002
Warm A,283899,1698,1697,948,557,1,0.0049984013
Warm A,88295,583,582,948,557,1,0.009438257
Warm A,190455,1181,1180,948,557,0,0.006299533
Warm A,82782,549,548,948,557,1,0.0032958547
Warm A,51656,339,338,948,557,1,0.0069124256
Warm A,48460,326,325,948,557,0,0.005213489
Warm A,46774,314,313,948,557,1,-0.004373006
Warm A,39764,270,269,948,557,1,0.013635654
Warm A,23566,169,168,948,557,1,0.008638696
Warm A,23031,166,165,948,557,1,0.010028636
Warm A,18619,146,145,948,557,0,0.011172617
Warm A,234749,1425,1424,948,557,1,0.00396036
Warm A,4938,35,34,948,557,0,-0.0054830913
Warm A,15458,123,122,948,557,1,0.008268226
Warm A,552106,3401,3400,948,557,0,0.0030504146
Warm A,129187,839,838,948,557,1,0.011054747
Warm A,289672,1729,1728,948,557,0,0.0024719946
Warm A,157803,1015,1014,948,557,1,0.007896757
Warm A,316627,1884,1883,948,557,1,0.010685365
Warm A,934616,5643,5642,948,557,1,0.010502683
Warm A,339097,1998,1997,948,557,1,0.011429148
Warm A,50590,333,332,948,557,0,0.003928223
Warm A,607624,3688,3687,948,557,1,0.0078018294
Warm A,171292,1088,1087,948,557,1,0.0060883486
Warm A,335512,1980,1979,948,557,1,0.006161034
Warm A,570930,3503,3502,948,557,1,0.0014767675
Warm A,159844,1019,1018,948,557,0,0.010233903
Warm A,841011,5054,5053,948,557,1,0.0033076324
Warm A,322105,1912,1911,948,557,0,0.0054784277
Warm A,62601,424,423,948,557,1,0.015125215
Warm A,821539,4940,4939,948,557,1,0.018292712
Warm A,825484,4958,4957,948,557,0,0.000331457
Warm A,893809,5397,5396,948,557,1,0.003535676
Warm A,243733,1470,1469,973,569,0,0.008474576
Warm A,162212,1034,1033,973,569,1,-0.0008748626
Warm A,159119,1017,1016,973,569,0,0.0051143263
Warm A,190530,1181,1180,973,569,1,0.0020943899
Warm A,199310,1224,1223,973,569,1,0.008594573
Warm A,137896,889,888,973,569,1,0.010580836
Warm A,374768,2185,2184,973,569,1,-0.0034449669
Warm A,118664,767,766,973,569,1,0.0021021857
Warm A,106670,702,701,973,569,1,0.007660187
Warm A,18657,146,145,973,569,0,-0.00058057683
Warm A,61778,415,414,973,569,1,0.0039236853
Warm A,12700,97,96,973,569,1,4.7726324e-05
Warm A,123315,796,795,973,569,1,0.0001604741
Warm A,10965,81,80,973,569,1,0.006446682
Warm A,9808,67,66,973,569,1,0.00018345792
Warm A,591792,3610,3609,973,569,0,0.0027032862
Warm A,552136,3401,3400,973,569,1,0.0038056942
Warm A,916620,5539,5538,973,569,1,0.007466166
Warm A,89157,588,587,973,569,1,-0.0033899427
Warm A,628524,3807,3806,973,569,1,-0.0022132173
Warm A,499193,3067,3066,973,569,1,0.0012070653
Warm A,793962,4748,4747,973,569,0,0.012128312
Warm A,264096,1607,1606,978,570,0,0.010054154
Warm A,256518,1567,1566,978,570,1,0.015744824
Warm A,294185,1749,1748,978,570,1,0.008810077
Warm A,631393,3821,3820,978,570,1,0.010162764
Warm A,273674,1650,1649,978,570,1,0.0025785207
Warm A,283939,1698,1697,978,570,1,0.012568425
Warm A,208239,1273,1272,978,570,1,0.0066028093
Warm A,207306,1267,1266,978,570,1,-0.004360159
Warm A,187141,1161,1160,978,570,1,0.0033579373
Warm A,182692,1140,1139,978,570,1,0.01676669
Warm A,190532,1181,1180,978,570,1,0.011514192
Warm A,162214,1034,1033,978,570,0,0.0018596528
Warm A,137899,889,888,978,570,1,0.012849521
Warm A,108478,711,710,978,570,1,-0.0009475951
Warm A,626555,3792,3791,978,570,0,0.008939033
Warm A,176757,1117,1116,978,570,1,0.009467009
Warm A,208643,1274,1273,978,570,1,0.0072014905
Warm A,34679,235,234,978,570,1,0.0058776713
Warm A,133613,864,863,978,570,0,0.005936901
Warm A,10966,81,80,978,570,1,0.004114501
Warm A,591795,3610,3609,978,570,0,0.007726603
Warm A,8789,59,58,978,570,0,0.01139739
Warm A,23611,169,168,978,570,0,0.012493062
Warm A,166336,1059,1058,978,570,0,0.0072208564
Warm A,457716,2820,2819,978,570,0,0.010694332
Warm A,739356,4418,4417,978,570,1,0.006512308
Warm A,412040,2478,2477,978,570,0,0.012749484
Warm A,605136,3679,3678,978,570,0,0.0025996657
Warm A,284776,1699,1698,978,570,1,0.013604633
Warm A,934648,5643,5642,978,570,0,0.009841786
Warm A,901377,5450,5449,978,570,1,0.017856343
Warm A,164318,1051,1050,978,570,1,0.017218482
Warm A,804021,4815,4814,978,570,1,0.0025595175
Warm A,633004,3824,3823,978,570,1,-0.0013775836
Warm A,983974,5948,5947,978,570,1,-0.0019777142
Warm A,322152,1912,1911,978,570,0,0.0018412652
Warm A,916621,5539,5538,978,570,1,0.008840481
Warm A,460572,2841,2840,978,570,1,0.0075498377
Warm A,18658,146,145,978,570,1,0.013778839
Warm A,900934,5448,5447,978,570,0,0.009197941
Warm A,182695,1140,1139,982,571,0,-0.00022067572
Warm A,177465,1119,1118,982,571,1,-0.004625162
Warm A,166932,1062,1061,982,571,1,-0.0007984729
Warm A,131031,850,849,982,571,1,-0.0008196472
Warm A,412042,2478,2477,982,571,0,0.009730864
Warm A,198126,1218,1217,982,571,1,0.002576646
Warm A,92694,621,620,982,571,1,0.0074025276
Warm A,46809,314,313,982,571,1,-0.0016390919
Warm A,103,2,1,982,571,1,0.004002477
Warm A,15535,123,122,982,571,0,0.001899106
Warm A,157884,1015,1014,982,571,0,0.0075492705
Warm A,680539,4079,4078,982,571,1,-0.00029592623
Warm A,293629,1748,1747,982,571,0,0.003824018
Warm A,768630,4579,4578,982,571,0,0.0031231036
Warm A,50613,333,332,982,571,0,0.0021901317
Warm A,102024,678,677,982,571,1,0.0045751953
Warm A,171364,1088,1087,982,571,1,0.0027086749
Warm A,841029,5054,5053,982,571,1,-0.0071133953
Warm A,322158,1912,1911,982,571,0,0.0039531705
Warm A,384654,2247,2246,982,571,1,0.005928587
Warm A,433534,2643,2642,982,571,0,0.006054212
Warm A,638951,3842,3841,988,573,0,-0.001378472
Warm A,828584,4979,4978,988,573,0,0.0010683264
Warm A,960236,5792,5791,988,573,1,0.0031992977
Warm A,164333,1051,1050,988,573,1,0.0067293234
Warm A,34690,235,234,988,573,1,0.004239385
Warm A,187521,1164,1163,988,573,0,-0.0022634747
Warm A,215423,1306,1305,988,573,1,0.0016756309
Warm A,159889,1019,1018,988,573,0,-0.0034600564
Warm A,877382,5302,5301,988,573,1,0.00015207136
Warm A,561168,3453,3452,991,574,0,0.0040944805
Warm A,561872,3457,3456,991,574,0,-0.005414818
Warm A,558451,3430,3429,991,574,0,-0.004771627
Warm A,557594,3425,3424,991,574,0,-0.004236564
Warm A,576944,3526,3525,991,574,0,0.0077342633
Warm A,539778,3320,3319,991,574,1,0.0011839545
Warm A,534300,3299,3298,991,574,1,0.0013510771
Warm A,532600,3289,3288,991,574,1,0.0008535237
Warm A,533105,3292,3291,991,574,1,0.0068677706
Warm A,532002,3285,3284,991,574,0,0.002369314
Warm A,526680,3259,3258,991,574,1,0.0031393315
Warm A,525571,3246,3245,991,574,0,-0.00034697237
Warm A,530867,3280,3279,991,574,0,0.0010425986
Warm A,522310,3224,3223,991,574,0,0.0053433655
Warm A,512076,3159,3158,991,574,1,-0.00049421703
Warm A,993820,6002,6001,991,574,1,-0.0013671132
Warm A,738079,4411,4410,991,574,1,-0.0012176714
Warm A,505554,3110,3109,991,574,0,0.0015430525
Warm A,505050,3108,3107,991,574,0,0.012428482
Warm A,492564,3029,3028,991,574,1,0.0055035003
Warm A,474630,2913,2912,991,574,0,0.006304096
Warm A,473337,2909,2908,991,574,1,-0.00036514888
Warm A,463109,2857,2856,991,574,0,0.0068154214
Warm A,453560,2793,2792,991,574,1,-0.00021811156
Warm A,453226,2792,2791,991,574,1,0.012981188
Warm A,442143,2720,2719,991,574,0,-0.004784962
Warm A,695952,4169,4168,991,574,0,0.011805779
Warm A,435746,2664,2663,991,574,1,0.00091036735
Warm A,432582,2638,2637,991,574,1,-0.0008475047
Warm A,430434,2624,2623,991,574,1,0.0028638935
Warm A,422448,2559,2558,991,574,1,0.014408717
Warm A,408054,2453,2452,991,574,1,0.0030846812
Warm A,398975,2376,2375,991,574,0,0.008341639
Warm A,398199,2368,2367,991,574,0,0.0050847707
Warm A,391561,2303,2302,991,574,1,0.0016689794
Warm A,388068,2271,2270,991,574,1,-0.0027008394
Warm A,386552,2261,2260,991,574,1,0.0033241923
Warm A,362800,2116,2115,991,574,0,0.0059391754
Warm A,359266,2102,2101,991,574,0,-0.0013141029
Warm A,350095,2055,2054,991,574,0,-0.0014721081
Warm A,335601,1980,1979,991,574,0,0.01282016
Warm A,312241,1861,1860,991,574,0,0.0047491514
Warm A,315030,1880,1879,991,574,0,0.00018812239
Warm A,293639,1748,1747,991,574,0,0.007222128
Warm A,241033,1451,1450,991,574,1,0.0045610536
Warm A,230284,1393,1392,991,574,1,0.0027400097
Warm A,228894,1387,1386,991,574,0,0.009056048
Warm A,218795,1327,1326,991,574,0,0.0111879185
Warm A,205079,1262,1261,991,574,1,-0.00034313975
Warm A,258718,1585,1584,991,574,1,0.008633436
Warm A,213328,1298,1297,991,574,1,0.008073226
Warm A,278810,1680,1679,991,574,0,0.0065489197
Warm A,196019,1205,1204,991,574,1,-0.011429371
Warm A,193134,1193,1192,991,574,1,0.007347593
Warm A,219746,1333,1332,991,574,0,0.00049963524
Warm A,338003,1988,1987,991,574,1,0.010723952
Warm A,188870,1172,1171,991,574,1,-0.015245838
Warm A,210688,1285,1284,991,574,0,0.0065500615
Warm A,307268,1835,1834,991,574,1,-0.0038269823
Warm A,181416,1134,1133,991,574,1,0.0032918723
Warm A,180191,1128,1127,991,574,0,0.003276466
Warm A,229187,1389,1388,991,574,1,0.0065890728
Warm A,168284,1069,1068,991,574,1,0.0045673638
Warm A,275020,1666,1665,991,574,1,0.005653482
Warm A,319941,1899,1898,991,574,0,0.0016688611
Warm A,152911,984,983,991,574,1,-0.0034430586
Warm A,157909,1015,1014,991,574,0,0.0013820669
Warm A,249178,1502,1501,991,574,1,0.008134537
Warm A,235944,1428,1427,991,574,0,-0.004145147
Warm A,156632,1010,1009,991,574,1,0.008089663
Warm A,139358,891,890,991,574,0,0.014287742
Warm A,137934,889,888,991,574,0,0.006839391
Warm A,141401,911,910,991,574,1,0.01613598
Warm A,136355,881,880,991,574,1,0.0032776685
Warm A,263087,1605,1604,991,574,1,0.0068919733
Warm A,778825,4653,4652,991,574,0,0.00014296523
Warm A,98643,660,659,991,574,1,0.004757606
Warm A,104181,692,691,991,574,0,0.00028011226
Warm A,89973,593,592,991,574,1,-0.009272592
Warm A,432073,2634,2633,991,574,0,0.0017153304
Warm A,190571,1181,1180,991,574,0,0.006331823
Warm A,233956,1422,1421,991,574,0,0.008270374
Warm A,80526,534,533,991,574,1,-0.0022952333
Warm A,77277,524,523,991,574,0,0.0048077954
Warm A,69674,468,467,991,574,1,0.0016850319
Warm A,201405,1242,1241,991,574,0,0.006234197
Warm A,53670,352,351,991,574,1,0.0059303995
Warm A,21980,161,160,991,574,1,0.0068281684
Warm A,248697,1501,1500,991,574,1,0.0017003784
Warm A,16099,127,126,991,574,0,0.011975385
Warm A,6777,48,47,991,574,0,0.0055735363
Warm A,50099,331,330,991,574,1,-0.0041335337
Warm A,79198,531,530,991,574,0,0.006365823
Warm A,399758,2380,2379,991,574,1,0.0008996695
Warm A,65225,438,437,991,574,1,-0.00031611556
Warm A,129249,839,838,991,574,1,0.0042385133
Warm A,194727,1202,1201,991,574,0,0.007114494
Warm A,174031,1101,1100,991,574,0,0.007850935
Warm A,460581,2841,2840,991,574,1,-0.0037840304
Warm A,567316,3483,3482,991,574,1,0.0061803237
Warm A,309512,1842,1841,991,574,1,0.0040764273
Warm A,499219,3067,3066,991,574,1,0.0062097227
Warm A,245715,1484,1483,991,574,0,-0.004234165
Warm A,195284,1203,1202,991,574,0,0.014318933
Warm A,322167,1912,1911,991,574,0,0.002823879
Warm A,285185,1701,1700,991,574,1,0.004823489
Warm A,283960,1698,1697,991,574,1,0.011484908
Warm A,770929,4593,4592,991,574,0,0.006521982
Warm A,115959,752,751,991,574,0,0.0038484088
Warm A,941319,5682,5681,991,574,1,-0.003992945
Warm A,156634,1010,1009,998,577,0,-0.007783852
Warm A,202364,1244,1243,998,577,0,0.001732927
Warm A,360566,2106,2105,998,577,0,0.0018294714
Warm A,121026,780,779,998,577,0,-0.0040003923
Warm A,119886,774,773,998,577,0,-0.00090358127
Warm A,117004,754,753,998,577,0,-0.0069365576
Warm A,114743,746,745,998,577,0,-0.007065183
Warm A,239796,1449,1448,998,577,0,-0.004320627
Warm A,105916,699,698,998,577,0,-0.0094025675
Warm A,299492,1778,1777,998,577,0,-0.0051414124
Warm A,121699,783,782,998,577,0,-0.0051468597
Warm A,109205,714,713,998,577,1,-0.004414932
Warm A,90580,601,600,998,577,1,0.004257688
Warm A,150460,970,969,998,577,1,-0.0038844838
Warm A,82859,549,548,998,577,0,0.002925139
Warm A,238692,1448,1447,998,577,1,-0.002225615
Warm A,77280,524,523,998,577,0,-0.0052151214
Warm A,64165,429,428,998,577,0,0.0038081533
Warm A,53673,352,351,998,577,1,-0.009741289
Warm A,51135,337,336,998,577,0,0.0024070018
Warm A,638963,3842,3841,998,577,1,-0.008643615
Warm A,55580,368,367,998,577,0,0.006847104
Warm A,40355,272,271,998,577,0,0.0019925605
Warm A,33454,225,224,998,577,1,-0.010827517
Warm A,15557,123,122,998,577,0,0.0017293484
Warm A,45363,306,305,998,577,1,-0.00020710309
Warm A,336657,1982,1981,998,577,0,0.0017499402
Warm A,161285,1029,1028,998,577,0,-0.00019647274
Warm A,19945,149,148,998,577,0,-0.0023016725
Warm A,599099,3648,3647,998,577,0,-0.007869359
Warm A,13345,104,103,998,577,0,-0.00028907787
Warm A,941321,5682,5681,998,577,0,-0.003755097
Warm A,79199,531,530,998,577,0,-0.0030791603
Warm A,444818,2743,2742,1003,579,0,0.012300106
Warm A,564670,3471,3470,1003,579,0,0.015872117
Warm A,433749,2643,2642,1003,579,0,0.009922709
Warm A,415847,2504,2503,1003,579,0,-0.0001522525
Warm A,363329,2116,2115,1003,579,0,0.0056923586
Warm A,358618,2098,2097,1003,579,0,0.0064681345
Warm A,359537,2102,2101,1003,579,0,0.008448847
Warm A,360221,2105,2104,1003,579,0,0.0067913895
Warm A,304543,1811,1810,1003,579,0,0.003093605
Warm A,321741,1908,1907,1003,579,1,0.0052894913
Warm A,293912,1748,1747,1003,579,0,0.004560761
Warm A,315495,1880,1879,1003,579,0,0.0073603373
Warm A,266010,1613,1612,1003,579,1,0.014597788
Warm A,259618,1587,1586,1003,579,1,0.007712104
Warm A,392457,2304,2303,1003,579,1,0.0066206725
Warm A,250496,1509,1508,1003,579,0,0.0003801703
Warm A,279772,1680,1679,1003,579,1,0.003603563
Warm A,185668,1150,1149,1003,579,0,0.01100974
Warm A,184103,1146,1145,1003,579,0,0.007376084
Warm A,168019,1068,1067,1003,579,0,0.00826585
Warm A,164007,1050,1049,1003,579,0,0.005322849
Warm A,170302,1084,1083,1003,579,0,0.0050822664
Warm A,162499,1035,1034,1003,579,0,0.0054035666
Warm A,221565,1340,1339,1003,579,0,0.007659695
Warm A,145474,935,934,1003,579,0,0.002019708
Warm A,136855,881,880,1003,579,0,0.010048235
Warm A,154982,999,998,1003,579,0,0.0003451549
Warm A,125044,802,801,1003,579,1,0.0073452424
Warm A,117654,757,756,1003,579,0,0.0038580953
Warm A,116518,752,751,1003,579,0,0.009127878
Warm A,108244,710,709,1003,579,1,0.01239316
Warm A,106271,699,698,1003,579,0,0.00703876
Warm A,100974,673,672,1003,579,0,0.0018342808
Warm A,109414,714,713,1003,579,1,0.0058387527
Warm A,97401,652,651,1003,579,0,0.0073714913
Warm A,329527,1943,1942,1003,579,1,0.0148965325
Warm A,111002,721,720,1003,579,1,0.016040333
Warm A,697708,4169,4168,1003,579,0,0.014395522
Warm A,83435,549,548,1003,579,1,0.016899895
Warm A,77799,524,523,1003,579,1,0.014153177
Warm A,239231,1448,1447,1003,579,0,0.010968953
Warm A,60191,409,408,1003,579,1,-0.0063560223
Warm A,53848,352,351,1003,579,0,0.010016872
Warm A,270159,1635,1634,1003,579,1,0.010550059
Warm A,3481,26,25,1003,579,0,0.014019041
Warm A,104504,692,691,1003,579,1,0.009682171
Warm A,207079,1266,1265,1003,579,0,-0.002366692
Warm A,50209,331,330,1003,579,0,0.00207768
Warm A,355122,2077,2076,1003,579,0,0.009853132
Warm A,150752,970,969,1003,579,0,0.009413414
Warm A,352228,2063,2062,1003,579,0,0.0058768354
Warm A,265242,1611,1610,1003,579,0,0.0069825454
Warm A,164783,1051,1050,1003,579,0,0.0053717005
Warm A,145061,934,933,1003,579,0,0.002190522
Warm A,79656,531,530,1003,579,0,-0.00097382185
Warm A,993751,6001,6000,1003,579,0,0.010100672
Warm A,688435,4117,4116,1003,579,0,0.009246903
Warm A,325036,1925,1924,1003,579,0,0.004732624
Warm A,331867,1958,1957,1003,579,0,0.0013786633
Warm A,468603,2887,2886,1003,579,0,0.0091271745
Warm A,193843,1194,1193,1003,579,0,0.011408762
Warm A,460408,2840,2839,1004,580,0,-0.000792849
Warm A,458204,2820,2819,1004,580,0,-6.5173954e-06
Warm A,430180,2621,2620,1004,580,0,0.015906235
Warm A,415290,2500,2499,1004,580,1,0.0073969644
Warm A,408375,2453,2452,1004,580,1,0.0066197338
Warm A,392458,2304,2303,1004,580,0,0.0063476595
Warm A,375193,2186,2185,1004,580,0,0.008978748
Warm A,358619,2098,2097,1004,580,0,0.0018673933
Warm A,352229,2063,2062,1004,580,0,0.0088973995
Warm A,321742,1908,1907,1004,580,0,0.009252544
Warm A,303618,1803,1802,1004,580,0,-0.0066538183
Warm A,266011,1613,1612,1004,580,0,0.005147446
Warm A,315497,1880,1879,1004,580,0,0.0063842153
Warm A,242242,1461,1460,1004,580,0,-0.0036015091
Warm A,227290,1377,1376,1004,580,0,0.011674228
Warm A,279774,1680,1679,1004,580,0,0.020765875
Warm A,342729,2015,2014,1004,580,0,0.0025318405
Warm A,193279,1193,1192,1004,580,0,0.011320512
Warm A,191335,1181,1180,1004,580,0,0.018086128
Warm A,185671,1150,1149,1004,580,0,0.0005729089
Warm A,275697,1667,1666,1004,580,0,0.004286698
Warm A,154983,999,998,1004,580,0,0.0082551
Warm A,157161,1010,1009,1004,580,0,-0.0034810002
Warm A,277124,1675,1674,1004,580,0,0.0060993414
Warm A,202654,1244,1243,1004,580,0,-0.0085195415
Warm A,147517,949,948,1004,580,0,-0.0028053876
Warm A,114981,746,745,1004,580,0,0.0031531132
Warm A,111004,721,720,1004,580,0,0.001304999
Warm A,106272,699,698,1004,580,0,0.008065344
Warm A,96492,647,646,1004,580,1,0.0046058125
Warm A,91312,604,603,1004,580,0,-0.0019390115
Warm A,81864,543,542,1004,580,1,0.0024493062
Warm A,77800,524,523,1004,580,0,0.00071499706
Warm A,86797,566,565,1004,580,0,0.005537253
Warm A,145475,935,934,1004,580,0,0.0027868755
Warm A,19020,147,146,1004,580,0,0.01333528
Warm A,27235,192,191,1004,580,0,0.0010066014
Warm A,10281,73,72,1004,580,0,0.0078599425
Warm A,30553,204,203,1004,580,0,0.007399027
Warm A,109917,716,715,1004,580,1,0.0018400839
Warm A,198484,1219,1218,1004,580,1,0.0041444926
Warm A,575525,3519,3518,1005,581,0,0.0023257027
Warm A,494423,3032,3031,1005,581,1,-0.001487287
Warm A,492155,3026,3025,1005,581,0,0.0006017377
Warm A,489738,3013,3012,1005,581,0,0.012866412
Warm A,488757,3007,3006,1005,581,0,-0.004004894
Warm A,517967,3196,3195,1005,581,1,-0.0017439108
Warm A,470498,2896,2895,1005,581,0,-0.0027628043
Warm A,461621,2847,2846,1005,581,0,0.0010521023
Warm A,451132,2777,2776,1005,581,0,-0.007994663
Warm A,467009,2878,2877,1005,581,0,0.01563738
Warm A,430181,2621,2620,1005,581,0,0.00093600247
Warm A,420549,2541,2540,1005,581,1,0.009292315
Warm A,390150,2288,2287,1005,581,0,0.0065186447
Warm A,374343,2181,2180,1005,581,0,0.008675141
Warm A,356049,2085,2084,1005,581,1,-0.005255974
Warm A,313001,1865,1864,1005,581,0,0.0034624743
Warm A,268604,1631,1630,1005,581,0,-0.002517277
Warm A,323980,1920,1919,1005,581,1,0.0054932954
Warm A,261078,1596,1595,1005,581,0,-9.5404685e-05
Warm A,266012,1613,1612,1005,581,0,0.006604851
Warm A,309363,1841,1840,1005,581,0,0.00055825553
Warm A,242195,1460,1459,1005,581,0,0.0005368381
Warm A,361043,2106,2105,1005,581,0,-0.008158453
Warm A,248977,1501,1500,1005,581,1,0.011991661
Warm A,236481,1434,1433,1005,581,0,0.00758504
Warm A,227291,1377,1376,1005,581,0,0.0008072881
Warm A,296888,1759,1758,1005,581,0,0.009310507
Warm A,213054,1297,1296,1005,581,0,0.0029820784
Warm A,277930,1676,1675,1005,581,0,0.009032467
Warm A,279776,1680,1679,1005,581,0,-0.0006957385
Warm A,196687,1207,1206,1005,581,0,0.0039613172
Warm A,198671,1220,1219,1005,581,0,-0.00024272315
Warm A,272347,1645,1644,1005,581,1,0.015965898
Warm A,342730,2015,2014,1005,581,0,-0.008784751
Warm A,165510,1054,1053,1005,581,0,0.009621439
Warm A,255604,1556,1555,1005,581,0,0.0033537932
Warm A,246450,1489,1488,1005,581,0,-0.0020984444
Warm A,157162,1010,1009,1005,581,0,0.0037337807
Warm A,136856,881,880,1005,581,0,-0.0062080664
Warm A,133885,868,867,1005,581,0,-0.00733879
Warm A,263603,1605,1604,1005,581,0,0.0051623574
Warm A,126709,817,816,1005,581,0,0.01193478
Warm A,139260,890,889,1005,581,0,0.00058470573
Warm A,119464,770,769,1005,581,0,0.0051460615
Warm A,216500,1314,1313,1005,581,0,0.0023011891
Warm A,106274,699,698,1005,581,0,-0.0072581177
Warm A,101491,676,675,1005,581,0,0.0018602198
Warm A,371106,2168,2167,1005,581,0,0.0011748814
Warm A,299774,1778,1777,1005,581,0,0.00072641345
Warm A,441982,2718,2717,1005,581,1,-0.0037137524
Warm A,93854,629,628,1005,581,0,-0.002901553
Warm A,76192,517,516,1005,581,0,0.0037815198
Warm A,69389,465,464,1005,581,0,-0.0051743705
Warm A,68851,461,460,1005,581,0,-0.0011373034
Warm A,87114,569,568,1005,581,0,0.0025260318
Warm A,65530,438,437,1005,581,0,0.013867836
Warm A,75040,509,508,1005,581,0,-0.008057149
Warm A,57203,386,385,1005,581,0,0.0010418994
Warm A,52570,346,345,1005,581,1,-0.004209579
Warm A,44598,302,301,1005,581,0,0.010435351
Warm A,39583,268,267,1005,581,0,-0.00336684
Warm A,363330,2116,2115,1005,581,0,0.0053473627
Warm A,145629,936,935,1005,581,1,0.003860166
Warm A,32149,216,215,1005,581,0,0.010087326
Warm A,273191,1647,1646,1005,581,0,0.011208558
Warm A,240424,1449,1448,1005,581,0,0.000559126
Warm A,21040,153,152,1005,581,0,0.0059762876
Warm A,6879,48,47,1005,581,0,0.00238634
Warm A,2047,18,17,1005,581,0,0.009489704
Warm A,234295,1422,1421,1005,581,0,0.0074293865
Warm A,78631,528,527,1005,581,0,-0.0023478018
Warm A,552573,3401,3400,1005,581,0,-0.012586076
Warm A,326183,1930,1929,1005,581,0,-0.0025556122
Warm A,58110,392,391,1005,581,0,-0.0029181712
Warm A,333998,1969,1968,1005,581,0,0.009688606
Warm A,883491,5333,5332,1005,581,0,0.002136524
Warm A,376452,2195,2194,1005,581,1,0.004044025
Warm A,171982,1088,1087,1005,581,0,-0.00075348525
Warm A,335227,1978,1977,1005,581,0,-0.012473727
Warm A,599430,3648,3647,1005,581,0,0.012830848
Warm A,134530,869,868,1005,581,0,-0.0017167991
Warm A,257871,1579,1578,1005,581,1,-0.008985618
Warm A,117655,757,756,1006,582,0,0.0013828687
Warm A,106275,699,698,1006,582,0,0.009650832
Warm A,697711,4169,4168,1006,582,0,0.022145664
Warm A,361044,2106,2105,1006,582,0,0.0025448948
Warm A,191339,1181,1180,1006,582,0,0.0074157165
Warm A,239234,1448,1447,1006,582,0,0.00807453
Warm A,578241,3532,3531,1006,582,1,0.0016918071
Warm A,355123,2077,2076,1006,582,0,0.00037639326
Warm A,50212,331,330,1006,582,0,0.0048713526
Warm A,682693,4085,4084,1006,582,0,0.015174276
Warm A,300517,1780,1779,1006,582,0,0.014201234
Warm A,331868,1958,1957,1006,582,1,0.004635915
Warm A,206458,1265,1264,1006,582,0,0.0038945635
Warm A,407821,2451,2450,1006,582,0,0.007909302
Warm A,561679,3454,3453,1006,582,0,0.014210587
Warm A,116520,752,751,1006,582,0,0.008544713
Warm A,468605,2887,2886,1006,582,0,0.016608654
Warm A,193844,1194,1193,1006,582,1,0.0028252648
Warm A,353006,2067,2066,1008,584,0,-0.002758245
Warm A,345529,2026,2025,1008,584,0,0.0006889362
Warm A,275701,1667,1666,1008,584,0,0.010677705
Warm A,316995,1884,1883,1008,584,0,0.01329884
Warm A,242968,1465,1464,1008,584,1,0.0134774
Warm A,246710,1490,1489,1008,584,1,0.0027413056
Warm A,318181,1890,1889,1008,584,0,0.0071101803
Warm A,213638,1298,1297,1008,584,0,0.0086418325
Warm A,197680,1214,1213,1008,584,0,0.0037731633
Warm A,188665,1170,1169,1008,584,1,0.008534377
Warm A,182878,1140,1139,1008,584,0,0.013740599
Warm A,172677,1094,1093,1008,584,1,-0.0008248311
Warm A,225488,1365,1364,1008,584,0,0.0068563055
Warm A,153256,984,983,1008,584,0,0.010137259
Warm A,199595,1224,1223,1008,584,1,0.020073108
Warm A,141224,910,909,1008,584,0,0.0081567755
Warm A,328572,1941,1940,1008,584,1,0.010480477
Warm A,118129,764,763,1008,584,1,0.007941266
Warm A,254152,1545,1544,1008,584,0,0.011735833
Warm A,178328,1120,1119,1008,584,0,0.013218093
Warm A,95548,639,638,1008,584,1,0.011362788
Warm A,191346,1181,1180,1008,584,0,0.016623754
Warm A,82096,544,543,1008,584,1,0.0080192
Warm A,68854,461,460,1008,584,0,0.012511438
Warm A,71599,481,480,1008,584,1,0.010895378
Warm A,55305,366,365,1008,584,0,0.0029259953
Warm A,52836,348,347,1008,584,1,0.007366191
Warm A,592153,3610,3609,1008,584,0,0.0097490335
Warm A,19487,148,147,1008,584,0,0.006367855
Warm A,234298,1422,1421,1008,584,0,0.008026717
Warm A,388212,2271,2270,1008,584,1,0.009903409
Warm A,474004,2909,2908,1008,584,1,0.0062941066
Warm A,293919,1748,1747,1008,584,0,0.007523988
Warm A,722913,4328,4327,1008,584,0,0.0073204613
Warm A,447413,2756,2755,1008,584,0,0.008157971
Warm A,821750,4940,4939,1008,584,1,0.012821485
Warm A,893471,5394,5393,1008,584,0,0.019942628
Warm A,582563,3558,3557,1011,587,0,0.007833861
Warm A,554597,3411,3410,1011,587,0,-0.0013280504
Warm A,550510,3391,3390,1011,587,0,-0.001518447
Warm A,536231,3308,3307,1011,587,0,0.0005957221
Warm A,531772,3283,3282,1011,587,0,-0.00462933
Warm A,515678,3182,3181,1011,587,1,0.009977702
Warm A,575536,3519,3518,1011,587,0,0.005256683
Warm A,494443,3032,3031,1011,587,1,-0.0030735051
Warm A,487610,2999,2998,1011,587,0,0.0064769676
Warm A,483990,2976,2975,1011,587,0,-0.0011855995
Warm A,472829,2907,2906,1011,587,0,-0.006796802
Warm A,471131,2899,2898,1011,587,1,0.0048225154
Warm A,474020,2909,2908,1011,587,0,-0.00056168693
Warm A,467029,2878,2877,1011,587,0,0.005922271
Warm A,361877,2109,2108,1011,587,0,0.0027624671
Warm A,352740,2064,2063,1011,587,0,0.0012233593
Warm A,341780,2012,2011,1011,587,0,-0.0011794486
Warm A,345885,2029,2028,1011,587,0,-0.0029699777
Warm A,337193,1983,1982,1011,587,1,0.0061677364
Warm A,326189,1930,1929,1011,587,0,-0.00068705855
Warm A,282365,1693,1692,1011,587,0,-0.0021805493
Warm A,273523,1648,1647,1011,587,0,-0.0031201164
Warm A,286321,1709,1708,1011,587,1,-0.002440698
Warm A,323994,1920,1919,1011,587,0,0.00048712222
Warm A,260493,1592,1591,1011,587,0,-0.0019502421
Warm A,436653,2665,2664,1011,587,0,0.0015461869
Warm A,346360,2030,2029,1011,587,0,0.00021332502
Warm A,231753,1404,1403,1011,587,0,0.0016843695
Warm A,336287,1980,1979,1011,587,0,0.0016334909
Warm A,220009,1333,1332,1011,587,0,-0.0067972685
Warm A,296592,1758,1757,1011,587,0,-0.00029942766
Warm A,279811,1680,1679,1011,587,1,0.002421255
Warm A,197682,1214,1213,1011,587,0,-0.004544287
Warm A,328597,1941,1940,1011,587,1,0.00093734637
Warm A,177669,1119,1118,1011,587,0,0.0013056877
Warm A,173821,1100,1099,1011,587,0,-0.0015266296
Warm A,248987,1501,1500,1011,587,0,0.0026879886
Warm A,255611,1556,1555,1011,587,0,0.0037377963
Warm A,162364,1034,1033,1011,587,0,0.003392119
Warm A,217282,1317,1316,1011,587,0,-0.0020773183
Warm A,131648,853,852,1011,587,1,0.0071180733
Warm A,121296,780,779,1011,587,0,-0.002429532
Warm A,178341,1120,1119,1011,587,0,0.0007911788
Warm A,97171,651,650,1011,587,1,-0.0011401647
Warm A,352250,2063,2062,1011,587,0,0.005915357
Warm A,425776,2583,2582,1011,587,1,-0.0039210524
Warm A,284463,1698,1697,1011,587,0,0.0018295333
Warm A,85321,556,555,1011,587,0,-0.005408572
Warm A,234310,1422,1421,1011,587,0,0.005702381
Warm A,73172,494,493,1011,587,1,0.00260359
Warm A,71327,479,478,1011,587,0,0.004641409
Warm A,70907,476,475,1011,587,0,0.008645173
Warm A,72302,482,481,1011,587,0,-0.0017613231
Warm A,32173,216,215,1011,587,0,0.0068258564
Warm A,28858,198,197,1011,587,0,-0.0037090774
Warm A,331882,1958,1957,1011,587,0,-0.012367271
Warm A,270175,1635,1634,1011,587,0,0.009777323
Warm A,24690,174,173,1011,587,0,-0.0061700917
Warm A,360231,2105,2104,1011,587,0,0.00799207
Warm A,239252,1448,1447,1011,587,0,-0.003919348
Warm A,13044,101,100,1011,587,1,0.001626017
Warm A,6908,48,47,1011,587,0,2.362486e-05
Warm A,95554,639,638,1011,587,0,0.0018542114
Warm A,893479,5394,5393,1011,587,0,0.0050186897
Warm A,408385,2453,2452,1011,587,0,0.0065651396
Warm A,829239,4979,4978,1011,587,0,-0.00040621904
Warm A,273210,1647,1646,1011,587,0,0.0037847534
Warm A,102556,678,677,1011,587,0,0.0013953671
Warm A,633547,3824,3823,1011,587,0,-0.00012348918
Warm A,130014,840,839,1011,587,1,0.0015393163
Warm A,134544,869,868,1011,587,0,0.0028169092
Warm A,495183,3038,3037,1011,587,1,-0.0026723726
Warm A,588114,3589,3588,1011,587,0,0.001796647
Warm A,936737,5650,5649,1011,587,0,0.0020700938
Warm A,656153,3953,3952,1011,587,1,-0.0048304545
Warm A,492946,3029,3028,1014,590,0,0.009953929
Warm A,487501,2998,2997,1014,590,1,0.010389188
Warm A,748058,4465,4464,1014,590,0,0.007395693
Warm A,478247,2934,2933,1014,590,0,0.015907586
Warm A,697732,4169,4168,1014,590,1,0.011520596
Warm A,472833,2907,2906,1014,590,0,0.0036092908
Warm A,467035,2878,2877,1014,590,0,0.012122322
Warm A,438019,2676,2675,1014,590,1,0.009588942
Warm A,418917,2529,2528,1014,590,0,0.0053001344
Warm A,416871,2507,2506,1014,590,0,0.013999882
Warm A,405459,2428,2427,1014,590,1,0.0024984318
Warm A,414746,2496,2495,1014,590,0,0.0045355195
Warm A,395246,2334,2333,1014,590,1,0.005667552
Warm A,390318,2289,2288,1014,590,1,-0.006998936
Warm A,387357,2264,2263,1014,590,1,0.018007655
Warm A,382359,2233,2232,1014,590,1,0.008186722
Warm A,379989,2222,2221,1014,590,0,0.00958861
Warm A,374364,2181,2180,1014,590,0,0.0101708425
Warm A,368908,2156,2155,1014,590,0,0.0092756525
Warm A,334012,1969,1968,1014,590,0,0.0073902025
Warm A,317415,1888,1887,1014,590,1,0.0047517926
Warm A,325564,1926,1925,1014,590,1,0.0033872847
Warm A,269233,1632,1631,1014,590,0,0.009554265
Warm A,268613,1631,1630,1014,590,1,0.003741389
Warm A,323998,1920,1919,1014,590,0,0.0071031437
Warm A,361060,2106,2105,1014,590,0,0.013818798
Warm A,236485,1434,1433,1014,590,0,0.004600105
Warm A,242981,1465,1464,1014,590,0,0.0058694934
Warm A,222785,1348,1347,1014,590,0,0.0032507754
Warm A,220599,1337,1336,1014,590,0,-0.002505657
Warm A,320289,1899,1898,1014,590,0,0.022905516
Warm A,276426,1671,1670,1014,590,1,0.009577991
Warm A,279817,1680,1679,1014,590,0,0.013505969
Warm A,244174,1470,1469,1014,590,0,0.0152348
Warm A,328605,1941,1940,1014,590,1,0.016858442
Warm A,188450,1169,1168,1014,590,0,0.01430369
Warm A,186784,1156,1155,1014,590,0,0.01167687
Warm A,316376,1883,1882,1014,590,1,0.0036215347
Warm A,212542,1294,1293,1014,590,0,0.0040224427
Warm A,175205,1111,1110,1014,590,1,0.0001760273
Warm A,346364,2030,2029,1014,590,1,0.009650273
Warm A,168036,1068,1067,1014,590,1,0.015092084
Warm A,272360,1645,1644,1014,590,1,0.008043072
Warm A,127383,822,821,1014,590,1,0.004205296
Warm A,263625,1605,1604,1014,590,1,0.0022637423
Warm A,124322,800,799,1014,590,1,0.007192442
Warm A,118132,764,763,1014,590,1,0.009672155
Warm A,112676,731,730,1014,590,0,0.012708813
Warm A,178345,1120,1119,1014,590,1,-0.0013747094
Warm A,100985,673,672,1014,590,0,-0.007251866
Warm A,363350,2116,2115,1014,590,0,0.008208203
Warm A,93859,629,628,1014,590,1,-0.004541157
Warm A,95557,639,638,1014,590,1,0.0015868109
Warm A,425779,2583,2582,1014,590,1,0.0034857846
Warm A,85323,556,555,1014,590,1,-0.00096049556
Warm A,84461,550,549,1014,590,0,0.013626156
Warm A,73173,494,493,1014,590,1,0.0028464885
Warm A,64746,434,433,1014,590,0,0.008038545
Warm A,627044,3792,3791,1014,590,1,0.013581706
Warm A,63301,424,423,1014,590,1,0.011576929
Warm A,41858,284,283,1014,590,0,0.007629387
Warm A,14086,114,113,1014,590,1,-0.00026553916
Warm A,6285,45,44,1014,590,1,0.003698422
Warm A,60808,411,410,1014,590,1,0.011513568
Warm A,552589,3401,3400,1014,590,0,0.010662766
Warm A,76430,518,517,1014,590,1,0.008935313
Warm A,300530,1780,1779,1014,590,0,0.014660137
Warm A,102563,678,677,1014,590,0,0.016763423
Warm A,336291,1980,1979,1014,590,0,0.0104040755
Warm A,769121,4579,4578,1014,590,1,0.0014281534
Warm A,562749,3462,3461,1014,590,0,0.0028844648
Warm A,134546,869,868,1014,590,1,0.009183955
Warm A,217286,1317,1316,1014,590,1,0.0056314417
Warm A,714136,4277,4276,1014,590,1,0.00803208
Warm A,208939,1274,1273,1014,590,1,0.009237893
Warm A,384772,2247,2246,1014,590,1,0.0009924574
Warm A,769123,4579,4578,1016,592,0,0.0051326654
Warm A,500308,3072,3071,1016,592,0,0.0002689769
Warm A,495730,3044,3043,1016,592,0,0.008459737
Warm A,550518,3391,3390,1016,592,0,0.012367846
Warm A,494449,3032,3031,1016,592,1,0.008888482
Warm A,489747,3013,3012,1016,592,1,0.011239811
Warm A,487613,2999,2998,1016,592,0,0.0019818388
Warm A,697734,4169,4168,1016,592,1,0.012814072
Warm A,472836,2907,2906,1016,592,0,0.01277381
Warm A,467040,2878,2877,1016,592,1,0.008906561
Warm A,450084,2775,2774,1016,592,0,0.007759135
Warm A,426714,2591,2590,1016,592,0,0.005308494
Warm A,419929,2537,2536,1016,592,0,0.010271317
Warm A,418920,2529,2528,1016,592,1,0.01599845
Warm A,427069,2592,2591,1016,592,1,0.0054948577
Warm A,400719,2386,2385,1016,592,0,0.005009763
Warm A,387359,2264,2263,1016,592,1,0.0009744029
Warm A,383509,2241,2240,1016,592,0,0.008210203
Warm A,376926,2201,2200,1016,592,1,0.004664392
Warm A,376661,2198,2197,1016,592,0,0.0101273395
Warm A,377424,2203,2202,1016,592,1,0.010606881
Warm A,374367,2181,2180,1016,592,0,0.015865525
Warm A,368909,2156,2155,1016,592,0,0.012336645
Warm A,345189,2024,2023,1016,592,0,-0.00022127095
Warm A,334015,1969,1968,1016,592,1,0.011591667
Warm A,313671,1872,1871,1016,592,1,0.009749383
Warm A,297695,1764,1763,1016,592,1,0.0054106032
Warm A,299194,1776,1775,1016,592,0,0.007853239
Warm A,286322,1709,1708,1016,592,1,0.0064342706
Warm A,268614,1631,1630,1016,592,1,0.0062391595
Warm A,267433,1625,1624,1016,592,0,-0.011667487
Warm A,345535,2026,2025,1016,592,0,0.0023646075
Warm A,436657,2665,2664,1016,592,0,0.022219617
Warm A,266032,1613,1612,1016,592,1,0.0029270207
Warm A,231754,1404,1403,1016,592,0,0.0039200652
Warm A,242984,1465,1464,1016,592,0,0.0016145399
Warm A,225437,1364,1363,1016,592,0,-0.006743598
Warm A,225823,1367,1366,1016,592,0,0.0024668598
Warm A,357674,2092,2091,1016,592,0,0.00061688945
Warm A,305107,1812,1811,1016,592,1,0.013846606
Warm A,276429,1671,1670,1016,592,1,0.012068374
Warm A,279824,1680,1679,1016,592,1,0.0017693623
Warm A,328610,1941,1940,1016,592,1,0.0051680296
Warm A,188451,1169,1168,1016,592,0,0.008018342
Warm A,316377,1883,1882,1016,592,0,0.003098237
Warm A,346367,2030,2029,1016,592,0,0.009310425
Warm A,272361,1645,1644,1016,592,1,0.004940755
Warm A,337196,1983,1982,1016,592,1,0.00037559948
Warm A,130871,849,848,1016,592,0,0.005763835
Warm A,248991,1501,1500,1016,592,1,0.009621285
Warm A,127384,822,821,1016,592,1,0.006327252
Warm A,315521,1880,1879,1016,592,0,0.007043658
Warm A,124323,800,799,1016,592,1,0.0012498072
Warm A,361065,2106,2105,1016,592,0,0.00975908
Warm A,118133,764,763,1016,592,0,-0.0001609932
Warm A,115519,749,748,1016,592,0,0.009588499
Warm A,263628,1605,1604,1016,592,0,0.0065713897
Warm A,178348,1120,1119,1016,592,1,0.003789688
Warm A,109424,714,713,1016,592,1,0.004450846
Warm A,93861,629,628,1016,592,1,0.0014860113
Warm A,284467,1698,1697,1016,592,0,0.011830801
Warm A,153273,984,983,1016,592,0,0.011081392
Warm A,86812,566,565,1016,592,0,0.002005856
Warm A,85324,556,555,1016,592,1,0.0046709566
Warm A,191374,1181,1180,1016,592,0,0.0130062355
Warm A,83471,549,548,1016,592,1,0.013275909
Warm A,84464,550,549,1016,592,1,0.013129495
Warm A,119481,770,769,1016,592,0,0.0124448
Warm A,70909,476,475,1016,592,1,0.004260376
Warm A,627045,3792,3791,1016,592,0,0.008316205
Warm A,46002,308,307,1016,592,0,0.005742121
Warm A,38963,264,263,1016,592,0,0.008799075
Warm A,32181,216,215,1016,592,1,0.0028087804
Warm A,368489,2153,2152,1016,592,0,0.004658663
Warm A,28861,198,197,1016,592,0,0.010440461
Warm A,270177,1635,1634,1016,592,1,0.009764443
Warm A,17296,135,134,1016,592,0,-0.0022832423
Warm A,592166,3610,3609,1016,592,0,0.0039385203
Warm A,8090,54,53,1016,592,0,0.0046308776
Warm A,6287,45,44,1016,592,0,0.00899091
Warm A,6916,48,47,1016,592,0,0.0068512466
Warm A,972,10,9,1016,592,1,0.008878891
Warm A,234316,1422,1421,1016,592,0,0.011388196
Warm A,19514,148,147,1016,592,0,0.004748555
Warm A,326190,1930,1929,1016,592,0,0.007825475
Warm A,348198,2041,2040,1016,592,0,0.013515711
Warm A,273216,1647,1646,1016,592,0,0.0066713374
Warm A,60813,411,410,1016,592,0,0.006676459
Warm A,622341,3768,3767,1016,592,0,0.005955035
Warm A,257892,1579,1578,1016,592,1,0.008569416
Warm A,830019,4983,4982,1016,592,0,-0.0013555146
Warm A,905553,5475,5474,1016,592,1,0.0135377385
Warm A,134547,869,868,1016,592,0,0.003467747
Warm A,217289,1317,1316,1016,592,0,-0.00045311917
Warm A,235213,1425,1424,1016,592,0,0.0029308966
Warm A,709996,4258,4257,1016,592,1,0.003858006
Warm A,462716,2854,2853,1018,594,0,0.017263237
Warm A,430577,2624,2623,1018,594,1,0.013632546
Warm A,446992,2753,2752,1018,594,0,0.013617972
Warm A,418924,2529,2528,1018,594,1,0.01570034
Warm A,383511,2241,2240,1018,594,0,-0.0011818658
Warm A,377427,2203,2202,1018,594,1,0.01579343
Warm A,368911,2156,2155,1018,594,0,0.011934223
Warm A,345536,2026,2025,1018,594,0,0.0044290368
Warm A,341785,2012,2011,1018,594,0,0.011409572
Warm A,340899,2010,2009,1018,594,0,0.0006746119
Warm A,295746,1755,1754,1018,594,0,0.011423062
Warm A,286323,1709,1708,1018,594,1,0.008703116
Warm A,273526,1648,1647,1018,594,0,0.0035781348
Warm A,268615,1631,1630,1018,594,1,0.010079259
Warm A,236486,1434,1433,1018,594,0,0.00034018606
Warm A,222950,1350,1349,1018,594,1,0.0076783164
Warm A,276431,1671,1670,1018,594,1,0.014840533
Warm A,273220,1647,1646,1018,594,0,0.02039166
Warm A,279828,1680,1679,1018,594,1,0.009338103
Warm A,220015,1333,1332,1018,594,0,0.010724236
Warm A,328615,1941,1940,1018,594,1,0.020329203
Warm A,189897,1178,1177,1018,594,0,0.005619336
Warm A,173823,1100,1099,1018,594,0,-0.0019494549
Warm A,346370,2030,2029,1018,594,0,0.019842543
Warm A,165334,1053,1052,1018,594,0,0.01018684
Warm A,272363,1645,1644,1018,594,1,0.011442395
Warm A,342756,2015,2014,1018,594,0,0.024954518
Warm A,156024,1004,1003,1018,594,0,0.0070675355
Warm A,162369,1034,1033,1018,594,0,0.007407065
Warm A,185710,1150,1149,1018,594,0,0.02286199
Warm A,138743,889,888,1018,594,0,0.021636743
Warm A,127385,822,821,1018,594,1,0.01373412
Warm A,263630,1605,1604,1018,594,0,0.015826486
Warm A,124325,800,799,1018,594,1,0.017664613
Warm A,112677,731,730,1018,594,1,0.01644004
Warm A,178351,1120,1119,1018,594,1,0.01902904
Warm A,211287,1285,1284,1018,594,1,0.015100743
Warm A,714141,4277,4276,1018,594,1,0.011176874
Warm A,363355,2116,2115,1018,594,1,0.01998274
Warm A,109427,714,713,1018,594,1,0.014310852
Warm A,93863,629,628,1018,594,1,-0.00039703213
Warm A,95561,639,638,1018,594,0,0.012125155
Warm A,284470,1698,1697,1018,594,1,0.014599399
Warm A,153276,984,983,1018,594,0,0.023733333
Warm A,85326,556,555,1018,594,1,0.008909696
Warm A,191379,1181,1180,1018,594,0,0.011133084
Warm A,82318,546,545,1018,594,0,0.02083562
Warm A,119483,770,769,1018,594,0,0.011224005
Warm A,73174,494,493,1018,594,1,0.004492731
Warm A,70910,476,475,1018,594,1,0.007162702
Warm A,64747,434,433,1018,594,0,0.002497566
Warm A,228506,1383,1382,1018,594,0,0.021485753
Warm A,36582,245,244,1018,594,0,0.016825741
Warm A,14088,114,113,1018,594,1,0.0043943753
Warm A,13696,109,108,1018,594,0,0.0036668472
Warm A,10535,75,74,1018,594,1,0.004541085
Warm A,6289,45,44,1018,594,0,0.006787788
Warm A,60818,411,410,1018,594,0,0.01601037
Warm A,240461,1449,1448,1018,594,0,0.019988494
Warm A,633558,3824,3823,1018,594,0,0.019628823
Warm A,115521,749,748,1018,594,0,0.011366364
Warm A,134549,869,868,1018,594,0,0.015801068
Warm A,697737,4169,4168,1018,594,1,0.028909327
Warm A,533622,3292,3291,1024,600,1,0.0057629994
Warm A,529997,3272,3271,1024,600,1,0.00086515746
Warm A,697752,4169,4168,1024,600,1,0.007570688
Warm A,456593,2810,2809,1024,600,1,-0.0066527026
Warm A,418948,2529,2528,1024,600,0,0.006040792
Warm A,373580,2180,2179,1024,600,0,0.002447412
Warm A,368923,2156,2155,1024,600,0,0.012881242
Warm A,364189,2121,2120,1024,600,0,-0.0012203112
Warm A,353017,2067,2066,1024,600,1,0.0052633085
Warm A,341801,2012,2011,1024,600,0,-0.0023603912
Warm A,335102,1977,1976,1024,600,1,-0.0017320232
Warm A,327042,1938,1937,1024,600,0,0.00040678913
Warm A,300553,1780,1779,1024,600,0,0.0049017775
Warm A,277968,1676,1675,1024,600,1,0.0020370563
Warm A,269262,1632,1631,1024,600,0,0.0086440025
Warm A,343229,2016,2015,1024,600,1,0.014450918
Warm A,235233,1425,1424,1024,600,1,0.0029480727
Warm A,237230,1442,1441,1024,600,0,-0.0027831397
Warm A,216093,1311,1310,1024,600,1,0.0061927065
Warm A,213970,1299,1298,1024,600,1,0.002446426
Warm A,279869,1680,1679,1024,600,1,0.0005634688
Warm A,273241,1647,1646,1024,600,0,0.008812017
Warm A,592179,3610,3609,1024,600,0,0.0010573051
Warm A,235889,1427,1426,1024,600,0,0.012807992
Warm A,293293,1746,1745,1024,600,0,0.0045431773
Warm A,328658,1941,1940,1024,600,0,0.010045813
Warm A,196719,1207,1206,1024,600,1,0.0042299437
Warm A,173834,1100,1099,1024,600,0,0.002433041
Warm A,346384,2030,2029,1024,600,0,0.01303198
Warm A,249005,1501,1500,1024,600,1,0.0056143072
Warm A,168053,1068,1067,1024,600,0,0.010168857
Warm A,162380,1034,1033,1024,600,0,0.007620225
Warm A,156036,1004,1003,1024,600,0,0.0020641782
Warm A,277151,1675,1674,1024,600,1,-0.00031213742
Warm A,134566,869,868,1024,600,1,-0.0111839175
Warm A,128793,836,835,1024,600,0,0.005288501
Warm A,263655,1605,1604,1024,600,0,-0.0029257452
Warm A,121313,780,779,1024,600,0,-0.00071854796
Warm A,99355,662,661,1024,600,0,-0.0003248501
Warm A,152341,980,979,1024,600,1,-0.0074368566
Warm A,109435,714,713,1024,600,1,0.0004004785
Warm A,93871,629,628,1024,600,0,0.001517067
Warm A,94486,634,633,1024,600,1,-0.0013710947
Warm A,92227,614,613,1024,600,0,-0.003117269
Warm A,86244,563,562,1024,600,0,0.007601398
Warm A,85333,556,555,1024,600,1,-0.003191313
Warm A,84489,550,549,1024,600,1,0.006109427
Warm A,132669,855,854,1024,600,0,-0.0022131144
Warm A,26166,186,185,1024,600,1,-0.0016512367
Warm A,18120,139,138,1024,600,0,0.0021743171
Warm A,13943,112,111,1024,600,0,0.0023269202
Warm A,10811,78,77,1024,600,1,0.0035070428
Warm A,234341,1422,1421,1024,600,0,0.0073240483
Warm A,251949,1524,1523,1024,600,0,0.002215345
Warm A,326199,1930,1929,1024,600,0,-0.001789025
Warm A,386177,2258,2257,1024,600,1,0.0028414717
Warm A,12083,92,91,1024,600,0,-0.0027317174
Warm A,102598,678,677,1024,600,1,-0.005699173
Warm A,50665,333,332,1024,600,1,0.0041561937
Warm A,40056,271,270,1024,600,1,0.004277641
Warm A,959106,5787,5786,1024,600,0,0.010882322
Warm A,285501,1701,1700,1024,600,0,0.0093227625
Warm A,255622,1556,1555,1024,600,0,0.0025784313
Warm A,352292,2063,2062,1024,600,1,0.0041627055
Warm A,657664,3963,3962,1024,600,1,0.005934596
Warm A,700059,4186,4185,1024,600,0,0.018108621
Warm A,609753,3695,3694,1034,609,1,0.0010194763
Warm A,608056,3689,3688,1034,609,0,0.0031764468
Warm A,598397,3641,3640,1034,609,1,0.009071581
Warm A,594987,3620,3619,1034,609,1,0.003479998
Warm A,590871,3603,3602,1034,609,0,-0.00704432
Warm A,759379,4510,4509,1034,609,1,0.004717662
Warm A,570096,3498,3497,1034,609,1,-0.002713174
Warm A,569981,3497,3496,1034,609,1,0.010535242
Warm A,557887,3425,3424,1034,609,0,-0.0037097312
Warm A,555961,3416,3415,1034,609,1,2.4640001e-05
Warm A,536274,3308,3307,1034,609,1,-0.0027307784
Warm A,528353,3265,3264,1034,609,0,-0.0024203544
Warm A,524109,3230,3229,1034,609,0,0.0052505895
Warm A,518163,3197,3196,1034,609,1,0.0036004912
Warm A,567057,3481,3480,1034,609,1,0.0028383527
Warm A,500773,3075,3074,1034,609,0,0.000816043
Warm A,714170,4277,4276,1034,609,1,0.008514136
Warm A,496655,3051,3050,1034,609,0,0.00024503388
Warm A,482890,2967,2966,1034,609,1,0.0017148796
Warm A,475312,2917,2916,1034,609,0,0.0017898376
Warm A,474091,2909,2908,1034,609,0,-0.0010584542
Warm A,471465,2900,2899,1034,609,1,0.010243928
Warm A,880221,5317,5316,1034,609,1,0.005833269
Warm A,458273,2820,2819,1034,609,1,0.0026430886
Warm A,446546,2752,2751,1034,609,1,-0.002873044
Warm A,441389,2703,2702,1034,609,0,0.0052640154
Warm A,833101,5008,5007,1034,609,0,0.0075198626
Warm A,413019,2484,2483,1034,609,0,0.012273843
Warm A,408424,2453,2452,1034,609,1,-0.0013181696
Warm A,403889,2413,2412,1034,609,0,0.009021955
Warm A,402513,2402,2401,1034,609,0,0.004118169
Warm A,400782,2387,2386,1034,609,0,0.005385135
Warm A,394302,2323,2322,1034,609,1,0.007449516
Warm A,390188,2288,2287,1034,609,1,0.0063828826
Warm A,378493,2208,2207,1034,609,0,0.0061946763
Warm A,372698,2176,2175,1034,609,1,0.003988605
Warm A,368503,2153,2152,1034,609,1,-0.0029095262
Warm A,364981,2124,2123,1034,609,1,0.0057190903
Warm A,349627,2051,2050,1034,609,1,0.012382193
Warm A,340933,2010,2009,1034,609,0,-0.001681255
Warm A,329573,1943,1942,1034,609,1,0.0026288955
Warm A,313922,1874,1873,1034,609,1,-0.0046644984
Warm A,323287,1916,1915,1034,609,1,0.003328065
Warm A,300939,1785,1784,1034,609,0,-0.00043456978
Warm A,287866,1717,1716,1034,609,1,0.00362892
Warm A,284512,1698,1697,1034,609,1,0.00086822687
Warm A,282091,1692,1691,1034,609,1,0.0013420214
Warm A,279916,1680,1679,1034,609,1,-0.0001108679
Warm A,274537,1658,1657,1034,609,1,0.008502575
Warm A,262606,1601,1600,1034,609,1,0.008916978
Warm A,236092,1430,1429,1034,609,1,0.0059501515
Warm A,209264,1278,1277,1034,609,0,0.008424555
Warm A,208965,1274,1273,1034,609,1,0.0023821667
Warm A,215098,1303,1302,1034,609,1,0.005019178
Warm A,271118,1639,1638,1034,609,1,-0.004207825
Warm A,357947,2094,2093,1034,609,1,0.0025361187
Warm A,308920,1837,1836,1034,609,1,0.003961528
Warm A,186696,1155,1154,1034,609,1,0.0055161165
Warm A,181333,1133,1132,1034,609,0,0.0037151088
Warm A,168074,1068,1067,1034,609,1,0.010528319
Warm A,157240,1010,1009,1034,609,1,0.0021995492
Warm A,158654,1015,1014,1034,609,1,0.0038278066
Warm A,147127,948,947,1034,609,1,0.0057686656
Warm A,185772,1150,1149,1034,609,0,0.010221372
Warm A,133483,862,861,1034,609,1,-0.0021436843
Warm A,131352,850,849,1034,609,0,0.0024796815
Warm A,352331,2063,2062,1034,609,0,0.012085983
Warm A,127832,824,823,1034,609,1,0.00023910357
Warm A,132690,855,854,1034,609,0,0.0071266973
Warm A,115003,746,745,1034,609,0,0.009062185
Warm A,105279,696,695,1034,609,1,-0.0027690693
Warm A,100332,669,668,1034,609,1,0.007070836
Warm A,295055,1752,1751,1034,609,1,0.0055501554
Warm A,111057,721,720,1034,609,1,0.0017760331
Warm A,91696,608,607,1034,609,0,0.0040300926
Warm A,115544,749,748,1034,609,0,0.001426415
Warm A,191440,1181,1180,1034,609,0,0.013343948
Warm A,77875,524,523,1034,609,1,0.0010584688
Warm A,197470,1211,1210,1034,609,1,0.003659639
Warm A,116590,752,751,1034,609,1,-0.0032129236
Warm A,68883,461,460,1034,609,0,0.0040757395
Warm A,64376,429,428,1034,609,0,0.0039185816
Warm A,59206,402,401,1034,609,0,0.0021920425
Warm A,48887,327,326,1034,609,0,0.004227247
Warm A,317937,1889,1888,1034,609,0,-0.0014771804
Warm A,44697,302,301,1034,609,0,0.0039777355
Warm A,42127,285,284,1034,609,1,-0.0031048385
Warm A,26523,187,186,1034,609,1,-0.0031961447
Warm A,33608,225,224,1034,609,0,0.005824866
Warm A,224341,1356,1355,1034,609,1,-0.0020358532
Warm A,437281,2669,2668,1034,609,1,-0.00023418106
Warm A,795051,4757,4756,1034,609,0,-0.0019752402
Warm A,558680,3430,3429,1034,609,0,0.00062825903
Warm A,24472,173,172,1034,609,0,-0.0037871571
Warm A,771917,4600,4599,1034,609,1,0.008712815
Warm A,416922,2507,2506,1034,609,1,0.004213007
Warm A,460855,2841,2840,1034,609,1,0.0017171018
Warm A,290531,1733,1732,1034,609,0,-0.0038942767
Warm A,164852,1051,1050,1034,609,1,-0.003942183
Warm A,2709,22,21,1034,609,1,0.0013509267
Warm A,309795,1842,1841,1034,609,1,0.009434408
Warm A,238266,1447,1446,1034,609,1,0.003710624
Warm A,513143,3163,3162,1034,609,1,0.0027735196
Warm A,941819,5682,5681,1034,609,1,-0.008199289
Warm A,261962,1599,1598,1034,609,0,0.008260322
Warm A,193902,1194,1193,1034,609,0,0.0006609708
Warm A,172076,1088,1087,1034,609,0,0.0014763856
Warm A,937433,5654,5653,1034,609,1,-0.0033605634
Warm A,550582,3391,3390,1034,609,1,-0.004317262
Warm A,408441,2453,2452,1043,615,0,0.009727075
Warm A,404746,2419,2418,1043,615,0,0.0042479043
Warm A,379593,2219,2218,1043,615,0,0.0021296013
Warm A,364465,2123,2122,1043,615,1,-0.0061681163
Warm A,352367,2063,2062,1043,615,1,0.011186473
Warm A,279970,1680,1679,1043,615,0,0.00605926
Warm A,338379,1988,1987,1043,615,0,-0.0033442918
Warm A,189651,1175,1174,1043,615,0,0.0031571984
Warm A,186791,1156,1155,1043,615,0,0.001173805
Warm A,185796,1150,1149,1043,615,0,0.00295102
Warm A,331953,1958,1957,1043,615,0,0.0043268893
Warm A,263710,1605,1604,1043,615,0,0.0082893595
Warm A,221649,1340,1339,1043,615,0,-0.0017334477
Warm A,138848,889,888,1043,615,0,0.014596483
Warm A,136949,881,880,1043,615,0,0.009647014
Warm A,132121,854,853,1043,615,0,0.0033652368
Warm A,223803,1354,1353,1043,615,0,0.0010758019
Warm A,103534,687,686,1043,615,0,0.005215095
Warm A,361132,2106,2105,1043,615,0,0.00072558713
Warm A,87346,570,569,1043,615,1,0.0040113134
Warm A,239348,1448,1447,1043,615,0,0.010226246
Warm A,78698,528,527,1043,615,1,0.0034110271
Warm A,132708,855,854,1043,615,0,0.009659037
Warm A,697799,4169,4168,1043,615,1,0.0068263765
Warm A,39622,268,267,1043,615,0,0.00706256
Warm A,199907,1227,1226,1043,615,1,0.0024845412
Warm A,26541,187,186,1043,615,1,-0.0039785868
Warm A,21312,156,155,1043,615,1,0.0070378203
Warm A,7907,53,52,1043,615,1,-0.0073044207
Warm A,6346,45,44,1043,615,0,0.013425135
Warm A,470,6,5,1043,615,1,-0.004560629
Warm A,20888,151,150,1043,615,0,0.0019109324
Warm A,79749,531,530,1043,615,0,0.0039799814
Warm A,682779,4085,4084,1043,615,0,0.003978549
Warm A,164874,1051,1050,1043,615,0,0.00457809
Warm A,145113,934,933,1043,615,0,-0.004219169
Warm A,204765,1260,1259,1043,615,0,0.0073816995
Warm A,195768,1203,1202,1043,615,0,0.01313764
Warm A,336383,1980,1979,1043,615,0,-0.002918569
Warm A,720654,4312,4311,1043,615,0,0.0015699107
Warm A,476494,2926,2925,1043,615,0,0.0030273309
Warm A,565799,3475,3474,1043,615,0,0.0017207868
Warm A,769148,4579,4578,1043,615,0,0.0036545997
Warm A,545404,3363,3362,1043,615,1,0.010137097
Warm A,217350,1317,1316,1043,615,0,-0.00020268513
Warm A,832060,5001,5000,1043,615,1,0.0027158456
Warm A,877565,5302,5301,1043,615,0,0.00068540755
Warm A,719046,4305,4304,1043,615,0,0.019715125
Warm A,307738,1835,1834,1046,616,1,0.018625876
Warm A,181670,1135,1134,1046,616,1,0.00694721
Warm A,258615,1584,1583,1046,616,1,0.011315467
Warm A,139496,891,890,1046,616,0,0.013038505
Warm A,138851,889,888,1046,616,1,0.019033901
Warm A,133092,858,857,1046,616,1,0.01466032
Warm A,117930,760,759,1046,616,1,0.009942295
Warm A,101017,673,672,1046,616,1,0.0029131332
Warm A,88111,580,579,1046,616,0,0.0097461045
Warm A,85691,558,557,1046,616,1,0.009189466
Warm A,49620,329,328,1046,616,0,0.017657675
Warm A,33631,225,224,1046,616,1,0.019339914
Warm A,199908,1227,1226,1046,616,1,0.012247072
Warm A,23218,166,165,1046,616,1,0.009780383
Warm A,16007,126,125,1046,616,1,0.0052884365
Warm A,7911,53,52,1046,616,1,0.0100951055
Warm A,300,5,4,1046,616,1,0.010964727
Warm A,785867,4697,4696,1046,616,1,0.0036726196
Warm A,796395,4771,4770,1046,616,1,0.021717105
Warm A,206494,1265,1264,1046,616,1,0.01725408
Warm A,361133,2106,2105,1046,616,1,0.018345308
Warm A,23831,169,168,1046,616,0,0.022685431
Warm A,261273,1597,1596,1046,616,0,0.010155883
Warm A,24494,173,172,1046,616,0,0.014858999
Warm A,116930,753,752,1046,616,1,0.008048622
Warm A,454742,2796,2795,1046,616,1,0.010109551
Warm A,328755,1941,1940,1046,616,1,0.018488657
Warm A,331031,1954,1953,1046,616,1,0.0045586773
Warm A,907106,5488,5487,1046,616,1,0.018809952
Warm A,27616,193,192,1046,616,0,0.011627331
Warm A,580669,3546,3545,1050,619,0,0.017502425
Warm A,513967,3171,3170,1050,619,1,0.0047881072
Warm A,548625,3386,3385,1050,619,0,-0.0025667022
Warm A,506910,3118,3117,1050,619,1,0.01014246
Warm A,505713,3110,3109,1050,619,0,0.004008198
Warm A,493592,3031,3030,1050,619,1,0.0031814184
Warm A,475220,2916,2915,1050,619,1,0.005539478
Warm A,454384,2795,2794,1050,619,1,0.0021155216
Warm A,442500,2724,2723,1050,619,1,0.008079319
Warm A,431481,2628,2627,1050,619,0,0.0049702744
Warm A,428668,2608,2607,1050,619,0,0.00018487417
Warm A,429324,2611,2610,1050,619,1,0.003799929
Warm A,413476,2486,2485,1050,619,1,0.0019063853
Warm A,388655,2276,2275,1050,619,1,-0.0033825599
Warm A,372163,2173,2172,1050,619,1,0.006380821
Warm A,352391,2063,2062,1050,619,1,0.013976943
Warm A,346727,2031,2030,1050,619,1,0.005396857
Warm A,357733,2092,2091,1050,619,0,0.0071193166
Warm A,333186,1967,1966,1050,619,1,0.000622752
Warm A,334804,1974,1973,1050,619,1,0.009499134
Warm A,325064,1925,1924,1050,619,1,-0.002098902
Warm A,282101,1692,1691,1050,619,1,0.0052794414
Warm A,276489,1671,1670,1050,619,0,0.0024671198
Warm A,267682,1626,1625,1050,619,1,0.0031232564
Warm A,304170,1806,1805,1050,619,1,-0.0017685755
Warm A,303144,1800,1799,1050,619,1,0.001083166
Warm A,232196,1408,1407,1050,619,0,0.0046551316
Warm A,229005,1387,1386,1050,619,1,0.013147757
Warm A,329603,1943,1942,1050,619,1,0.007045326
Warm A,320369,1899,1898,1050,619,1,-0.004762353
Warm A,221665,1340,1339,1050,619,0,0.005189088
Warm A,211411,1285,1284,1050,619,1,0.0055721328
Warm A,206101,1264,1263,1050,619,1,0.0043016253
Warm A,200700,1232,1231,1050,619,1,-0.0002086889
Warm A,342842,2015,2014,1050,619,1,0.0040561426
Warm A,374450,2181,2180,1050,619,1,0.012785374
Warm A,185817,1150,1149,1050,619,1,0.015328072
Warm A,316415,1883,1882,1050,619,1,0.00036212848
Warm A,183370,1141,1140,1050,619,1,0.0003961115
Warm A,307754,1835,1834,1050,619,1,0.013448703
Warm A,188338,1168,1167,1050,619,1,0.0007642142
Warm A,168709,1069,1068,1050,619,1,-0.0016308192
Warm A,191504,1181,1180,1050,619,1,0.008417513
Warm A,244920,1474,1473,1050,619,1,0.003129579
Warm A,158709,1015,1014,1050,619,1,0.0011717628
Warm A,270247,1635,1634,1050,619,1,0.004873705
Warm A,139499,891,890,1050,619,1,0.0015425676
Warm A,138872,889,888,1050,619,1,0.0074393377
Warm A,147991,953,952,1050,619,1,0.0016676509
Warm A,245917,1484,1483,1050,619,0,-0.0045906263
Warm A,180485,1128,1127,1050,619,0,0.0007781312
Warm A,127954,826,825,1050,619,1,-0.008104641
Warm A,116626,752,751,1050,619,1,0.0064775967
Warm A,106341,699,698,1050,619,1,0.004512925
Warm A,223810,1354,1353,1050,619,1,-0.0055388687
Warm A,100351,669,668,1050,619,1,-0.0035178121
Warm A,97995,655,654,1050,619,1,0.0017795919
Warm A,84555,550,549,1050,619,0,0.0068339286
Warm A,77926,524,523,1050,619,1,0.008317646
Warm A,197486,1211,1210,1050,619,1,-0.005773957
Warm A,72374,482,481,1050,619,1,-0.0016643344
Warm A,54820,358,357,1050,619,0,0.0056252773
Warm A,46911,314,313,1050,619,0,0.0041967114
Warm A,34817,235,234,1050,619,0,0.0055679204
Warm A,32757,222,221,1050,619,1,0.0070823906
Warm A,440215,2691,2690,1050,619,1,0.0035413052
Warm A,26555,187,186,1050,619,1,-0.001695738
Warm A,947799,5722,5721,1050,619,0,-0.0080687525
Warm A,33641,225,224,1050,619,1,0.008450889
Warm A,210350,1284,1283,1050,619,0,0.0013024508
Warm A,211705,1287,1286,1050,619,1,0.00023623859
Warm A,9412,62,61,1050,619,1,-0.0044271424
Warm A,24505,173,172,1050,619,1,-7.382408e-05
Warm A,160457,1019,1018,1050,619,1,0.008870124
Warm A,286921,1712,1711,1050,619,0,-0.00012292399
Warm A,967577,5831,5830,1050,619,1,0.00030215923
Warm A,249969,1505,1504,1050,619,1,0.0033500604
Warm A,460876,2841,2840,1050,619,1,0.0010868823
Warm A,265315,1611,1610,1050,619,1,0.00093102455
Warm A,309814,1842,1841,1050,619,1,-0.0007802029
Warm A,229434,1389,1388,1050,619,1,0.002733526
Warm A,285543,1701,1700,1050,619,0,0.00043855747
Warm A,217363,1317,1316,1050,619,1,0.012334962
Warm A,172120,1088,1087,1050,619,1,0.0074031036
Warm A,739616,4418,4417,1050,619,0,-0.0015563709
Warm A,461664,2847,2846,1050,619,0,0.011026928
Warm A,179271,1124,1123,1051,620,1,0.0021612344
Warm A,168710,1069,1068,1051,620,1,0.010371413
Warm A,258626,1584,1583,1051,620,1,0.0050257617
Warm A,191507,1181,1180,1051,620,0,0.006790057
Warm A,320371,1899,1898,1051,620,0,0.012140466
Warm A,221666,1340,1339,1051,620,0,0.00020569365
Warm A,271146,1639,1638,1051,620,1,0.0008477182
Warm A,195783,1203,1202,1051,620,1,0.00041271653
Warm A,157278,1010,1009,1051,620,1,0.004204319
Warm A,714208,4277,4276,1051,620,1,-0.0033057218
Warm A,138875,889,888,1051,620,0,0.003140519
Warm A,263725,1605,1604,1051,620,0,0.0042780433
Warm A,779144,4653,4652,1051,620,0,-0.0013025315
Warm A,697827,4169,4168,1051,620,0,0.0067892014
Warm A,83570,549,548,1051,620,1,0.0102451835
Warm A,77927,524,523,1051,620,1,0.007434927
Warm A,72375,482,481,1051,620,1,0.011067033
Warm A,70291,474,473,1051,620,1,-0.00037123426
Warm A,240570,1449,1448,1051,620,1,0.003707746
Warm A,132721,855,854,1051,620,1,0.0058842143
Warm A,41556,283,282,1051,620,1,0.00048588635
Warm A,38386,261,260,1051,620,0,0.005162052
Warm A,33642,225,224,1051,620,1,0.008402111
Warm A,23227,166,165,1051,620,0,0.003768434
Warm A,7928,53,52,1051,620,0,0.0040698666
Warm A,207173,1266,1265,1051,620,0,0.006447914
Warm A,50334,331,330,1051,620,1,-0.009146058
Warm A,158712,1015,1014,1051,620,1,0.006011721
Warm A,65594,438,437,1051,620,1,-0.00069305534
Warm A,129717,839,838,1051,620,1,0.009567019
Warm A,893512,5394,5393,1051,620,0,0.008691991
Warm A,778396,4647,4646,1051,620,0,0.001115161
Warm A,497434,3054,3053,1051,620,0,0.0039532506
Warm A,960465,5792,5791,1051,620,1,0.0026562726
Warm A,375742,2188,2187,1051,620,0,0.0018889324
Warm A,59962,408,407,1051,620,1,-0.0040278495
Warm A,633667,3824,3823,1051,620,0,0.0032813596
Warm A,290573,1733,1732,1051,620,1,0.0035548564
Warm A,697833,4169,4168,1054,621,1,0.020979524
Warm A,87352,570,569,1054,621,0,0.007885734
Warm A,191512,1181,1180,1054,621,0,0.019215517
Warm A,77932,524,523,1054,621,1,0.025384888
Warm A,60237,409,408,1054,621,0,0.007846601
Warm A,59226,402,401,1054,621,1,0.0063348785
Warm A,54014,352,351,1054,621,1,0.019530095
Warm A,47686,319,318,1054,621,0,0.0073669422
Warm A,45057,303,302,1054,621,1,0.009117602
Warm A,257967,1579,1578,1054,621,0,0.01873973
Warm A,35372,238,237,1054,621,1,0.0070511526
Warm A,88982,587,586,1054,621,0,0.02028057
Warm A,29320,199,198,1054,621,0,0.001967012
Warm A,26556,187,186,1054,621,1,0.0020747788
Warm A,7190,49,48,1054,621,1,0.004491209
Warm A,223816,1354,1353,1054,621,1,0.008694595
Warm A,158717,1015,1014,1054,621,0,0.015060912
Warm A,242010,1457,1456,1054,621,1,0.013561079
Warm A,116630,752,751,1054,621,1,0.020857789
Warm A,245921,1484,1483,1054,621,1,-0.002316977
Warm A,215729,1306,1305,1054,621,1,0.009542346
Warm A,597608,3635,3634,1066,627,1,0.006123645
Warm A,697865,4169,4168,1066,627,1,0.004372973
Warm A,586035,3577,3576,1066,627,1,-0.0037749612
Warm A,586290,3578,3577,1066,627,1,0.0012062415
Warm A,580294,3544,3543,1066,627,1,0.000986591
Warm A,567068,3481,3480,1066,627,1,-0.004000684
Warm A,560541,3445,3444,1066,627,1,-0.0022896135
Warm A,553073,3402,3401,1066,627,1,0.00022400939
Warm A,544951,3360,3359,1066,627,1,0.00763665
Warm A,533706,3292,3291,1066,627,1,0.0011530286
Warm A,529287,3271,3270,1066,627,0,0.001457762
Warm A,524261,3231,3230,1066,627,1,0.0009923624
Warm A,616737,3732,3731,1066,627,0,-0.0020265123
Warm A,506937,3118,3117,1066,627,1,-0.000105708605
Warm A,769165,4579,4578,1066,627,0,-0.0032882672
Warm A,496239,3049,3048,1066,627,1,0.0077678524
Warm A,492215,3026,3025,1066,627,1,0.013769026
Warm A,491859,3025,3024,1066,627,1,-0.005570038
Warm A,479019,2939,2938,1066,627,1,0.0026623057
Warm A,530612,3278,3277,1066,627,1,0.001707485
Warm A,474847,2913,2912,1066,627,1,0.011882117
Warm A,469294,2889,2888,1066,627,1,0.002831235
Warm A,755023,4497,4496,1066,627,0,-0.002101732
Warm A,459261,2826,2825,1066,627,1,0.008656034
Warm A,455975,2807,2806,1066,627,1,-0.0007874615
Warm A,448593,2764,2763,1066,627,1,0.009419266
Warm A,447060,2753,2752,1066,627,1,-0.0015801834
Warm A,446036,2750,2749,1066,627,1,-0.0041012615
Warm A,444013,2737,2736,1066,627,0,0.00012487639
Warm A,439982,2689,2688,1066,627,1,0.00038093515
Warm A,431921,2631,2630,1066,627,1,0.02376647
Warm A,416999,2507,2506,1066,627,1,0.0032523223
Warm A,413484,2486,2485,1066,627,0,0.0040548057
Warm A,403894,2413,2412,1066,627,0,-0.0020164426
Warm A,908457,5493,5492,1066,627,1,-0.0061494443
Warm A,400575,2383,2382,1066,627,1,0.0030072844
Warm A,396046,2340,2339,1066,627,1,0.0030934839
Warm A,390944,2296,2295,1066,627,1,0.0024630711
Warm A,390803,2293,2292,1066,627,1,0.0015150858
Warm A,367270,2143,2142,1066,627,1,0.0025184127
Warm A,357093,2091,2090,1066,627,1,0.0008647067
Warm A,353784,2072,2071,1066,627,1,0.0071041323
Warm A,374491,2181,2180,1066,627,1,0.0027808435
Warm A,347139,2036,2035,1066,627,1,0.0023084579
Warm A,346901,2034,2033,1066,627,1,0.005859507
Warm A,343817,2018,2017,1066,627,1,0.0047914013
Warm A,342890,2015,2014,1066,627,0,0.010020673
Warm A,327275,1939,1938,1066,627,1,0.01415729
Warm A,295802,1755,1754,1066,627,1,-0.0030279239
Warm A,286036,1706,1705,1066,627,1,0.009688458
Warm A,284979,1699,1698,1066,627,1,0.00044725067
Warm A,257149,1576,1575,1066,627,1,-0.005435833
Warm A,259163,1586,1585,1066,627,1,-0.00038592843
Warm A,252087,1525,1524,1066,627,1,-0.0004841946
Warm A,252132,1526,1525,1066,627,1,-0.0063010445
Warm A,244539,1472,1471,1066,627,1,-0.0021825684
Warm A,246518,1489,1488,1066,627,1,0.011559373
Warm A,258643,1584,1583,1066,627,0,-0.005059776
Warm A,229012,1387,1386,1066,627,1,0.0024226508
Warm A,228613,1383,1382,1066,627,1,0.0044276286
Warm A,225442,1364,1363,1066,627,1,0.004848112
Warm A,218162,1322,1321,1066,627,1,-0.004058155
Warm A,318215,1890,1889,1066,627,1,0.00073325913
Warm A,209618,1279,1278,1066,627,1,0.0027398276
Warm A,209013,1274,1273,1066,627,0,0.0032469216
Warm A,206126,1264,1263,1066,627,0,0.003186996
Warm A,203916,1254,1253,1066,627,1,0.010178692
Warm A,592243,3610,3609,1066,627,0,0.006710254
Warm A,199680,1224,1223,1066,627,1,-0.0011888309
Warm A,193022,1191,1190,1066,627,1,0.0030935789
Warm A,212580,1294,1293,1066,627,1,-0.0065798745
Warm A,176582,1116,1115,1066,627,1,-0.004256857
Warm A,169152,1073,1072,1066,627,1,-0.0011657015
Warm A,165844,1057,1056,1066,627,1,-0.0011867833
Warm A,165065,1052,1051,1066,627,1,0.005726489
Warm A,162405,1034,1033,1066,627,1,0.0016280566
Warm A,156094,1004,1003,1066,627,0,0.0048185955
Warm A,153874,989,988,1066,627,1,-0.0026107067
Warm A,144576,931,930,1066,627,1,-0.001982228
Warm A,185871,1150,1149,1066,627,1,0.0046234713
Warm A,191566,1181,1180,1066,627,0,0.009427875
Warm A,347556,2038,2037,1066,627,0,0.011465243
Warm A,138934,889,888,1066,627,1,-0.00045474665
Warm A,436766,2665,2664,1066,627,0,0.006103455
Warm A,319019,1896,1895,1066,627,1,-0.0056888065
Warm A,131390,850,849,1066,627,1,0.004741093
Warm A,374928,2185,2184,1066,627,1,0.00076246157
Warm A,240624,1449,1448,1066,627,1,0.0072897943
Warm A,112748,731,730,1066,627,1,-0.0009937864
Warm A,583739,3562,3561,1066,627,0,-0.0001957193
Warm A,105310,696,695,1066,627,1,0.0038870517
Warm A,317110,1884,1883,1066,627,1,0.006007149
Warm A,314245,1875,1874,1066,627,1,0.009032985
Warm A,89890,591,590,1066,627,1,0.007946093
Warm A,89442,588,587,1066,627,1,0.0013355422
Warm A,70001,473,472,1066,627,1,0.004952538
Warm A,61884,415,414,1066,627,1,0.004192572
Warm A,56628,379,378,1066,627,1,-0.00466373
Warm A,52862,348,347,1066,627,1,0.005818838
Warm A,52639,346,345,1066,627,1,0.0009903403
Warm A,48913,327,326,1066,627,0,-0.0014920231
Warm A,48205,323,322,1066,627,1,-0.0039931284
Warm A,12758,97,96,1066,627,1,0.0034399303
Warm A,949318,5734,5733,1066,627,0,0.004629857
Warm A,320402,1899,1898,1066,627,1,0.0054858043
Warm A,421299,2544,2543,1066,627,1,-0.0017356821
Warm A,171041,1087,1086,1066,627,1,-0.0021225251
Warm A,773920,4611,4610,1066,627,1,-0.0060952622
Warm A,161456,1029,1028,1066,627,1,-0.0063422425
Warm A,10405,74,73,1066,627,1,-0.008803542
Warm A,287895,1717,1716,1066,627,1,0.0026725978
Warm A,172165,1088,1087,1066,627,1,-0.0009322013
Warm A,748358,4467,4466,1066,627,1,0.002044636
Warm A,63484,424,423,1066,627,1,0.0039649615
Warm A,8867,59,58,1066,627,1,0.00017683953
Warm A,441397,2703,2702,1069,628,1,-0.00050683017
Warm A,438695,2680,2679,1069,628,1,0.0083923135
Warm A,421534,2546,2545,1069,628,0,-0.0011437405
Warm A,420001,2537,2536,1069,628,1,0.0049881865
Warm A,418211,2526,2525,1069,628,1,-5.2736374e-05
Warm A,397448,2353,2352,1069,628,1,0.005720009
Warm A,394677,2329,2328,1069,628,0,0.0104725305
Warm A,390804,2293,2292,1069,628,1,-3.2200478e-06
Warm A,379417,2218,2217,1069,628,1,0.001107553
Warm A,364208,2121,2120,1069,628,1,3.442692e-05
Warm A,353247,2069,2068,1069,628,1,0.0044076066
Warm A,357764,2092,2091,1069,628,1,-0.007096619
Warm A,342047,2014,2013,1069,628,1,0.0016681352
Warm A,339736,2002,2001,1069,628,1,-0.004754432
Warm A,323322,1916,1915,1069,628,0,-0.0026883471
Warm A,229014,1387,1386,1069,628,1,0.003227372
Warm A,208445,1273,1272,1069,628,1,0.007280575
Warm A,204274,1258,1257,1069,628,1,0.0051707495
Warm A,193024,1191,1190,1069,628,1,0.0040630363
Warm A,182933,1140,1139,1069,628,1,-0.0020349666
Warm A,181502,1134,1133,1069,628,1,0.010137389
Warm A,191570,1181,1180,1069,628,0,0.005243611
Warm A,165372,1053,1052,1069,628,1,0.005761017
Warm A,162406,1034,1033,1069,628,1,-0.003891673
Warm A,161110,1026,1025,1069,628,0,-0.0031012243
Warm A,246519,1489,1488,1069,628,0,0.005467098
Warm A,144578,931,930,1069,628,1,0.0028896146
Warm A,138937,889,888,1069,628,1,-0.00036773842
Warm A,80616,535,534,1069,628,0,-0.0061166952
Warm A,70966,476,475,1069,628,1,0.0011682143
Warm A,57792,391,390,1069,628,1,0.0051543843
Warm A,74087,504,503,1069,628,1,-0.0023935447
Warm A,45625,307,306,1069,628,1,0.006304409
Warm A,45122,304,303,1069,628,1,-0.0043476913
Warm A,714244,4277,4276,1069,628,1,-0.0027053135
Warm A,25937,183,182,1069,628,0,-0.007842678
Warm A,482081,2962,2961,1069,628,0,-0.0024954714
Warm A,13947,112,111,1069,628,1,-0.0006424034
Warm A,12759,97,96,1069,628,1,-0.00038064807
Warm A,592245,3610,3609,1069,628,0,-0.012308589
Warm A,1880,17,16,1069,628,1,0.004460989
Warm A,253224,1539,1538,1069,628,1,-0.003011492
Warm A,821769,4940,4939,1069,628,1,-0.009945653
Warm A,24545,173,172,1069,628,1,0.0013298689
Warm A,454763,2796,2795,1069,628,0,-0.00885518
Warm A,388263,2271,2270,1069,628,1,0.0003241363
Warm A,421301,2544,2543,1069,628,1,0.0031225276
Warm A,172167,1088,1087,1069,628,0,0.0058578122
Warm A,294001,1748,1747,1069,628,1,0.0010285391
Warm A,322780,1912,1911,1069,628,0,-0.007232886
Warm A,611496,3705,3704,1082,635,1,0.011768205
Warm A,595425,3621,3620,1082,635,1,-0.0010507511
Warm A,590333,3600,3599,1082,635,1,0.0056854864
Warm A,581081,3547,3546,1082,635,0,-0.001600935
Warm A,714287,4277,4276,1082,635,1,0.0014633168
Warm A,632126,3822,3821,1082,635,0,-0.009807967
Warm A,547049,3371,3370,1082,635,1,-0.0026874233
Warm A,543546,3346,3345,1082,635,1,0.0010255398
Warm A,539629,3319,3318,1082,635,0,-0.001064267
Warm A,534872,3300,3299,1082,635,1,0.004846274
Warm A,533746,3292,3291,1082,635,1,0.00328581
Warm A,525748,3246,3245,1082,635,1,0.001989401
Warm A,520949,3215,3214,1082,635,1,-0.0013399192
Warm A,546257,3367,3366,1082,635,0,0.004868192
Warm A,485894,2990,2989,1082,635,0,-0.0034685554
Warm A,697918,4169,4168,1082,635,1,0.011097103
Warm A,477348,2929,2928,1082,635,1,0.0073224576
Warm A,474858,2913,2912,1082,635,1,-0.00067828066
Warm A,853019,5113,5112,1082,635,0,0.0052365363
Warm A,467163,2878,2877,1082,635,0,0.0019284762
Warm A,459280,2826,2825,1082,635,1,0.0016125139
Warm A,458377,2820,2819,1082,635,1,0.005313534
Warm A,450049,2774,2773,1082,635,1,-0.0017253552
Warm A,442123,2719,2718,1082,635,1,-2.0586886e-06
Warm A,420030,2537,2536,1082,635,0,0.0054122843
Warm A,425496,2581,2580,1082,635,1,0.0076632877
Warm A,414973,2497,2496,1082,635,1,0.005490307
Warm A,399321,2376,2375,1082,635,1,0.0028340933
Warm A,394681,2329,2328,1082,635,0,-0.0035760226
Warm A,392631,2304,2303,1082,635,1,0.0017229104
Warm A,402943,2405,2404,1082,635,1,-0.003344039
Warm A,388770,2278,2277,1082,635,1,-0.0030137838
Warm A,385472,2251,2250,1082,635,1,-0.0020976686
Warm A,381851,2231,2230,1082,635,0,0.0045661577
Warm A,378077,2205,2204,1082,635,0,0.003411428
Warm A,372187,2173,2172,1082,635,0,0.0087185595
Warm A,370158,2164,2163,1082,635,0,0.008872074
Warm A,365068,2124,2123,1082,635,0,0.0039545125
Warm A,344341,2020,2019,1082,635,0,0.009905567
Warm A,323343,1916,1915,1082,635,1,0.00090884184
Warm A,320661,1901,1900,1082,635,1,0.005220644
Warm A,281043,1685,1684,1082,635,1,0.003025251
Warm A,280162,1680,1679,1082,635,1,0.0024618246
Warm A,274592,1658,1657,1082,635,1,0.0021561703
Warm A,269386,1632,1631,1082,635,0,0.0008092588
Warm A,346476,2030,2029,1082,635,1,0.008145124
Warm A,260250,1591,1590,1082,635,1,-0.0024319724
Warm A,243095,1465,1464,1082,635,1,0.0077009685
Warm A,230241,1392,1391,1082,635,0,0.010010662
Warm A,206164,1264,1263,1082,635,1,0.0041020727
Warm A,192232,1183,1182,1082,635,0,0.0070150774
Warm A,219569,1331,1330,1082,635,1,0.0019924187
Warm A,191635,1181,1180,1082,635,0,-0.0063747107
Warm A,320440,1899,1898,1082,635,1,0.0061235307
Warm A,153393,984,983,1082,635,1,0.0027357428
Warm A,222216,1343,1342,1082,635,1,0.006298663
Warm A,185932,1150,1149,1082,635,0,0.0049788235
Warm A,143150,922,921,1082,635,1,0.015106637
Warm A,139000,889,888,1082,635,1,0.008222525
Warm A,141761,911,910,1082,635,1,0.009608894
Warm A,127874,824,823,1082,635,0,0.0071811127
Warm A,108411,710,709,1082,635,1,0.0063469573
Warm A,329669,1943,1942,1082,635,1,0.0018150576
Warm A,284635,1698,1697,1082,635,1,-0.004904919
Warm A,85717,558,557,1082,635,1,0.0031837663
Warm A,83667,549,548,1082,635,1,0.011669384
Warm A,66691,445,444,1082,635,0,0.0013617412
Warm A,55389,366,365,1082,635,1,0.003924839
Warm A,240679,1449,1448,1082,635,0,0.0035607847
Warm A,211510,1285,1284,1082,635,1,0.0038948935
Warm A,51726,339,338,1082,635,1,-0.0056184186
Warm A,58247,392,391,1082,635,1,0.015594246
Warm A,145552,935,934,1082,635,1,0.005339927
Warm A,35399,238,237,1082,635,1,-0.003150703
Warm A,32378,216,215,1082,635,0,-0.0056860168
Warm A,61905,415,414,1082,635,1,0.0065097907
Warm A,9475,62,61,1082,635,1,-0.004264119
Warm A,166709,1059,1058,1082,635,1,0.0035295314
Warm A,421342,2544,2543,1082,635,1,0.0058172094
Warm A,890281,5371,5370,1082,635,1,0.00039998803
Warm A,18869,146,145,1082,635,1,0.0076865796
Warm A,180926,1130,1129,1082,635,1,0.0023039714
Warm A,65650,438,437,1082,635,1,-0.010407617
Warm A,823642,4950,4949,1082,635,0,0.009098463
Warm A,60985,411,410,1082,635,1,0.005711085
Warm A,633748,3824,3823,1082,635,0,0.0042872177
Warm A,145157,934,933,1082,635,0,0.0044705207
Warm A,894155,5397,5396,1082,635,0,0.0014124279
Warm A,47766,319,318,1082,635,1,0.003112964
Warm A,204830,1260,1259,1082,635,1,-0.0016183979
Warm A,322826,1912,1911,1082,635,0,0.008300884
Warm A,195107,1202,1201,1082,635,1,0.011991794
Warm A,286970,1712,1711,1082,635,0,-0.00040874816
Warm A,319665,1897,1896,1082,635,0,0.012870988
Warm A,544803,3358,3357,1083,636,1,0.0055344403
Warm A,533748,3292,3291,1083,636,0,0.010817489
Warm A,530716,3279,3278,1083,636,1,0.0038848945
Warm A,523094,3224,3223,1083,636,1,0.0075711855
Warm A,527698,3261,3260,1083,636,0,0.0101625575
Warm A,509981,3140,3139,1083,636,1,0.01710325
Warm A,503920,3096,3095,1083,636,1,0.002495907
Warm A,501961,3081,3080,1083,636,1,0.011940563
Warm A,546258,3367,3366,1083,636,0,0.005053903
Warm A,738583,4411,4410,1083,636,1,0.0071397806
Warm A,491868,3025,3024,1083,636,1,0.007109982
Warm A,697919,4169,4168,1083,636,0,0.010689454
Warm A,467165,2878,2877,1083,636,0,0.005205591
Warm A,423580,2566,2565,1083,636,0,0.005141221
Warm A,421846,2550,2549,1083,636,0,0.020136092
Warm A,420031,2537,2536,1083,636,0,-0.00032543298
Warm A,419095,2529,2528,1083,636,0,0.014677488
Warm A,412229,2478,2477,1083,636,1,0.013234582
Warm A,410232,2460,2459,1083,636,0,-0.0057241865
Warm A,414830,2496,2495,1083,636,0,0.006335501
Warm A,405475,2428,2427,1083,636,1,0.0064887023
Warm A,396757,2348,2347,1083,636,0,0.0025897315
Warm A,396263,2343,2342,1083,636,1,0.0033192413
Warm A,392633,2304,2303,1083,636,0,0.015284948
Warm A,390821,2293,2292,1083,636,0,0.010902274
Warm A,383527,2241,2240,1083,636,1,0.0011275092
Warm A,381853,2231,2230,1083,636,0,0.010139954
Warm A,375999,2191,2190,1083,636,1,-0.0070852167
Warm A,377532,2203,2202,1083,636,1,0.011936725
Warm A,436807,2665,2664,1083,636,0,0.027164046
Warm A,362250,2110,2109,1083,636,0,-0.0030083677
Warm A,357099,2091,2090,1083,636,1,0.012498729
Warm A,356611,2088,2087,1083,636,1,0.010105152
Warm A,345568,2026,2025,1083,636,0,0.0027468316
Warm A,320442,1899,1898,1083,636,0,0.018925715
Warm A,317379,1887,1886,1083,636,1,0.014273802
Warm A,297116,1761,1760,1083,636,1,0.0023810433
Warm A,297816,1764,1763,1083,636,1,-0.0007896129
Warm A,268650,1631,1630,1083,636,0,0.0051400736
Warm A,259192,1586,1585,1083,636,1,0.017607741
Warm A,255253,1553,1552,1083,636,1,0.010475092
Warm A,251745,1523,1522,1083,636,0,0.005469689
Warm A,243096,1465,1464,1083,636,1,0.01774121
Warm A,244558,1472,1471,1083,636,1,0.011433634
Warm A,357798,2092,2091,1083,636,0,0.009841966
Warm A,218187,1322,1321,1083,636,1,0.009354344
Warm A,326891,1937,1936,1083,636,0,0.006580607
Warm A,289590,1727,1726,1083,636,1,0.009170249
Warm A,592279,3610,3609,1083,636,0,-0.002890354
Warm A,264794,1609,1608,1083,636,0,0.010580404
Warm A,363689,2118,2117,1083,636,0,0.009665804
Warm A,185934,1150,1149,1083,636,0,0.0041331057
Warm A,316455,1883,1882,1083,636,0,0.013168866
Warm A,183409,1141,1140,1083,636,1,-0.00051359413
Warm A,328901,1941,1940,1083,636,0,0.0045316867
Warm A,272452,1645,1644,1083,636,1,0.0050822766
Warm A,162422,1034,1033,1083,636,0,0.0038806002
Warm A,337308,1983,1982,1083,636,1,0.015318431
Warm A,156117,1004,1003,1083,636,1,0.007713441
Warm A,167048,1062,1061,1083,636,0,0.006710147
Warm A,153394,984,983,1083,636,0,0.013714438
Warm A,147206,948,947,1083,636,1,0.0057628276
Warm A,347578,2038,2037,1083,636,0,0.0048120515
Warm A,249090,1501,1500,1083,636,1,0.009989597
Warm A,374947,2185,2184,1083,636,1,0.012379395
Warm A,315714,1880,1879,1083,636,1,0.010655405
Warm A,115620,749,748,1083,636,1,0.012279081
Warm A,112776,731,730,1083,636,1,0.01735599
Warm A,107001,702,701,1083,636,1,0.019755473
Warm A,103918,690,689,1083,636,1,0.012865877
Warm A,116714,752,751,1083,636,1,0.01427602
Warm A,95635,639,638,1083,636,0,0.00856974
Warm A,99646,664,663,1083,636,1,0.006607771
Warm A,86904,566,565,1083,636,0,0.013096785
Warm A,82115,544,543,1083,636,1,0.020310402
Warm A,80475,533,532,1083,636,1,0.0068611717
Warm A,61469,412,411,1083,636,1,0.012926254
Warm A,52872,348,347,1083,636,1,0.00079251546
Warm A,39225,265,264,1083,636,1,0.015616003
Warm A,36789,245,244,1083,636,0,0.0039037599
Warm A,33225,224,223,1083,636,0,0.0055634007
Warm A,32380,216,215,1083,636,0,0.006787086
Warm A,25279,178,177,1083,636,1,0.013296809
Warm A,14704,117,116,1083,636,1,0.008635215
Warm A,15835,123,122,1083,636,0,0.0085579045
Warm A,6418,45,44,1083,636,0,0.00060245884
Warm A,60987,411,410,1083,636,0,0.0047725653
Warm A,234456,1422,1421,1083,636,0,0.0051369667
Warm A,94664,635,634,1083,636,1,0.0032153784
Warm A,552750,3401,3400,1083,636,1,0.013369691
Warm A,141252,910,909,1083,636,0,0.0038756696
Warm A,841641,5054,5053,1083,636,1,0.011250032
Warm A,410578,2462,2461,1083,636,1,0.010407855
Warm A,633750,3824,3823,1083,636,0,0.014838304
Warm A,801857,4802,4801,1083,636,1,0.01072561
Warm A,50714,333,332,1083,636,0,0.010352142
Warm A,134708,869,868,1083,636,0,0.012665892
Warm A,489829,3013,3012,1083,636,0,0.018105753
Warm A,24587,173,172,1083,636,0,0.007583776
Warm A,930740,5621,5620,1083,636,0,0.012783514
Warm A,63542,424,423,1083,636,1,0.007625767
Warm A,714288,4277,4276,1083,636,1,0.0073405663
Warm A,352499,2063,2062,1083,636,0,0.014092131
Warm A,748363,4467,4466,1083,636,0,0.00082110387
Warm A,548173,3380,3379,1085,638,1,-0.0068282825
Warm A,533751,3292,3291,1085,638,1,0.00014842971
Warm A,530128,3272,3271,1085,638,1,-0.01250876
Warm A,520609,3210,3209,1085,638,1,-0.007232446
Warm A,521611,3217,3216,1085,638,1,-0.005812674
Warm A,566577,3476,3475,1085,638,0,0.005581851
Warm A,505390,3108,3107,1085,638,1,-0.003477558
Warm A,500349,3072,3071,1085,638,1,-0.0010009678
Warm A,498606,3063,3062,1085,638,1,8.991826e-05
Warm A,546261,3367,3366,1085,638,1,-0.00082021975
Warm A,697922,4169,4168,1085,638,1,-0.0081758415
Warm A,467168,2878,2877,1085,638,1,-0.004515484
Warm A,462797,2854,2853,1085,638,0,-0.0033266365
Warm A,714291,4277,4276,1085,638,1,-0.007549039
Warm A,440527,2693,2692,1085,638,1,-0.015917402
Warm A,438065,2676,2675,1085,638,1,-0.00084481016
Warm A,427909,2599,2598,1085,638,0,-0.009055317
Warm A,447092,2753,2752,1085,638,0,0.002535014
Warm A,418227,2526,2525,1085,638,0,-0.006210194
Warm A,414093,2491,2490,1085,638,1,-0.0026309558
Warm A,412558,2483,2482,1085,638,1,-0.006405332
Warm A,403511,2410,2409,1085,638,1,-0.009115376
Warm A,414833,2496,2495,1085,638,0,-0.009184687
Warm A,392637,2304,2303,1085,638,1,-0.004161202
Warm A,390824,2293,2292,1085,638,1,-0.0036449812
Warm A,377533,2203,2202,1085,638,1,-0.0039931405
Warm A,378873,2211,2210,1085,638,0,-0.0012194447
Warm A,362251,2110,2109,1085,638,0,-0.010998987
Warm A,387654,2265,2264,1085,638,0,0.0037355626
Warm A,356613,2088,2087,1085,638,1,-0.009055417
Warm A,353046,2067,2066,1085,638,0,-0.00021252898
Warm A,352786,2064,2063,1085,638,1,0.0052923947
Warm A,357801,2092,2091,1085,638,0,-0.00011340564
Warm A,318513,1891,1890,1085,638,1,-0.00046677748
Warm A,317147,1884,1883,1085,638,1,-0.0007598887
Warm A,289592,1727,1726,1085,638,1,0.010291077
Warm A,269390,1632,1631,1085,638,0,-0.008011344
Warm A,254206,1545,1544,1085,638,0,-0.00031701324
Warm A,243099,1465,1464,1085,638,1,-0.0026260398
Warm A,273387,1647,1646,1085,638,1,0.0056328354
Warm A,262028,1599,1598,1085,638,1,0.005897198
Warm A,170042,1080,1079,1085,638,1,0.0029162257
Warm A,153396,984,983,1085,638,1,0.0016480419
Warm A,147209,948,947,1085,638,1,-0.009051496
Warm A,185937,1150,1149,1085,638,0,-0.0028689685
Warm A,139006,889,888,1085,638,0,-0.012407193
Warm A,141764,911,910,1085,638,1,-0.010153592
Warm A,155079,999,998,1085,638,1,0.0024944923
Warm A,118165,764,763,1085,638,0,-0.012025408
Warm A,123636,796,795,1085,638,1,-0.005645504
Warm A,94352,631,630,1085,638,1,-0.0077887117
Warm A,228651,1383,1382,1085,638,1,0.0042273235
Warm A,68961,461,460,1085,638,1,-0.0016818359
Warm A,35401,238,237,1085,638,0,-0.0021508168
Warm A,39828,270,269,1085,638,1,0.0024668402
Warm A,32383,216,215,1085,638,1,-0.0018138941
Warm A,440247,2691,2690,1085,638,0,-0.006957529
Warm A,451906,2781,2780,1085,638,0,-0.0038843313
Warm A,5665,40,39,1085,638,1,0.00014109287
Warm A,7083,48,47,1085,638,0,-0.0033589967
Warm A,4609,33,32,1085,638,0,0.005716792
Warm A,4041,29,28,1085,638,1,0.0050782613
Warm A,242040,1457,1456,1085,638,1,-0.000523753
Warm A,294031,1748,1747,1085,638,0,0.0014792257
Warm A,312556,1861,1860,1085,638,1,0.006274361
Warm A,172218,1088,1087,1085,638,1,0.0018387847
Warm A,50716,333,332,1085,638,1,-0.006917453
Warm A,24591,173,172,1085,638,0,-0.0050041117
Warm A,285590,1701,1700,1085,638,1,0.00029453333
Warm A,795660,4765,4764,1085,638,1,0.0050652446
Warm A,433854,2643,2642,1085,638,1,-0.005740471
Warm A,630486,3813,3812,1099,650,1,-0.0031240666
Warm A,619332,3752,3751,1099,650,0,-0.0036070102
Warm A,610095,3697,3696,1099,650,0,0.002705065
Warm A,726866,4345,4344,1099,650,1,0.0043961
Warm A,587304,3586,3585,1099,650,1,0.002992235
Warm A,697945,4169,4168,1099,650,1,0.004176438
Warm A,567090,3481,3480,1099,650,1,0.0016320413
Warm A,594522,3618,3617,1099,650,1,-0.0024594446
Warm A,566817,3478,3477,1099,650,1,-0.013526145
Warm A,553316,3403,3402,1099,650,1,-0.00036721968
Warm A,552770,3401,3400,1099,650,1,0.008670326
Warm A,540183,3320,3319,1099,650,1,-0.002484373
Warm A,533775,3292,3291,1099,650,0,0.0051530953
Warm A,525862,3248,3247,1099,650,1,-0.004440835
Warm A,538764,3313,3312,1099,650,0,-0.0002910109
Warm A,518992,3201,3200,1099,650,1,0.0009213432
Warm A,509612,3138,3137,1099,650,0,-0.0033731158
Warm A,506985,3118,3117,1099,650,1,-0.003562825
Warm A,506105,3112,3111,1099,650,0,-0.004246417
Warm A,495807,3044,3043,1099,650,1,-0.003572621
Warm A,738591,4411,4410,1099,650,1,-0.0015476838
Warm A,493120,3029,3028,1099,650,1,0.0014865436
Warm A,489849,3013,3012,1099,650,1,-0.007036407
Warm A,627203,3792,3791,1099,650,0,0.0011597619
Warm A,478382,2934,2933,1099,650,1,-0.0039312155
Warm A,473012,2907,2906,1099,650,1,0.0032486748
Warm A,474283,2909,2908,1099,650,0,0.013165422
Warm A,468740,2887,2886,1099,650,1,0.0032305387
Warm A,755044,4497,4496,1099,650,0,0.0043307655
Warm A,460491,2840,2839,1099,650,1,0.007161116
Warm A,467183,2878,2877,1099,650,1,0.0035410146
Warm A,449192,2769,2768,1099,650,1,0.0103734415
Warm A,443246,2731,2730,1099,650,1,-0.0027220598
Warm A,433871,2643,2642,1099,650,1,0.0066727754
Warm A,423328,2565,2564,1099,650,1,0.009809521
Warm A,421372,2544,2543,1099,650,1,-0.0023170072
Warm A,419346,2533,2532,1099,650,1,0.002046429
Warm A,420053,2537,2536,1099,650,1,0.0024697692
Warm A,419122,2529,2528,1099,650,0,-0.0036625457
Warm A,414980,2497,2496,1099,650,1,-0.0036099255
Warm A,414848,2496,2495,1099,650,1,-0.009612525
Warm A,404128,2414,2413,1099,650,1,-0.0018926235
Warm A,403514,2410,2409,1099,650,1,-0.004722827
Warm A,401117,2389,2388,1099,650,1,-0.007240833
Warm A,458406,2820,2819,1099,650,0,-0.0066580866
Warm A,382399,2233,2232,1099,650,0,0.00365507
Warm A,365085,2124,2123,1099,650,1,0.006040879
Warm A,347074,2035,2034,1099,650,1,0.008405522
Warm A,357821,2092,2091,1099,650,1,-0.0046415543
Warm A,345574,2026,2025,1099,650,0,0.0005368192
Warm A,343853,2018,2017,1099,650,1,-0.001959477
Warm A,343280,2016,2015,1099,650,1,-0.0010440061
Warm A,336544,1980,1979,1099,650,1,-0.0027035512
Warm A,318745,1894,1893,1099,650,1,0.0042013903
Warm A,292959,1744,1743,1099,650,1,-0.0059869895
Warm A,286484,1711,1710,1099,650,0,0.005739793
Warm A,283712,1697,1696,1099,650,1,0.0020612406
Warm A,282141,1692,1691,1099,650,1,0.0008584857
Warm A,269413,1632,1631,1099,650,0,-0.0010940675
Warm A,354436,2073,2072,1099,650,1,-0.00062203314
Warm A,241589,1451,1450,1099,650,1,0.01495376
Warm A,231384,1401,1400,1099,650,0,-0.0035888993
Warm A,230981,1398,1397,1099,650,1,0.0028490731
Warm A,243116,1465,1464,1099,650,1,0.006356095
Warm A,228674,1383,1382,1099,650,1,0.0040259245
Warm A,251484,1519,1518,1099,650,1,0.003847026
Warm A,218198,1322,1321,1099,650,1,0.0037286314
Warm A,273410,1647,1646,1099,650,1,0.0050989357
Warm A,342946,2015,2014,1099,650,0,0.0026857606
Warm A,380036,2222,2221,1099,650,0,0.009431897
Warm A,374562,2181,2180,1099,650,1,0.0087120775
Warm A,184524,1147,1146,1099,650,0,-0.0134061575
Warm A,180939,1130,1129,1099,650,1,-0.009505474
Warm A,168161,1068,1067,1099,650,1,0.0039655343
Warm A,175885,1112,1111,1099,650,1,0.007182291
Warm A,166727,1059,1058,1099,650,0,0.0015302433
Warm A,328944,1941,1940,1099,650,1,0.003704934
Warm A,160805,1021,1020,1099,650,0,0.012991082
Warm A,159528,1017,1016,1099,650,1,0.005613516
Warm A,158848,1015,1014,1099,650,1,0.004658048
Warm A,152590,981,980,1099,650,1,-0.00041720597
Warm A,324132,1920,1919,1099,650,1,0.004788378
Warm A,714311,4277,4276,1099,650,1,0.008669162
Warm A,139048,889,888,1099,650,1,-0.0030124157
Warm A,137353,885,884,1099,650,1,0.0029243883
Warm A,131434,850,849,1099,650,1,0.004535163
Warm A,200190,1228,1227,1099,650,1,-0.0003682596
Warm A,130268,843,842,1099,650,1,-0.0011091819
Warm A,107017,702,701,1099,650,1,0.0026423887
Warm A,263813,1605,1604,1099,650,1,-0.0013010819
Warm A,101792,677,676,1099,650,1,0.008297723
Warm A,95136,637,636,1099,650,1,-0.003816491
Warm A,94357,631,630,1099,650,1,-0.002562108
Warm A,339353,1998,1997,1099,650,1,0.005947495
Warm A,83703,549,548,1099,650,1,-0.0001375773
Warm A,239485,1448,1447,1099,650,0,0.0007645283
Warm A,84675,550,549,1099,650,0,0.0011288687
Warm A,66758,446,445,1099,650,1,0.00047474052
Warm A,65018,436,435,1099,650,0,0.0034618515
Warm A,332114,1959,1958,1099,650,1,0.00070403656
Warm A,64757,434,433,1099,650,1,0.008753195
Warm A,37513,255,254,1099,650,0,0.0067386897
Warm A,209066,1274,1273,1099,650,1,-0.003938902
Warm A,36825,245,244,1099,650,1,-0.0040874374
Warm A,30160,202,201,1099,650,1,0.0001696744
Warm A,26872,190,189,1099,650,1,0.0007967977
Warm A,18888,146,145,1099,650,0,0.0016109357
Warm A,12189,92,91,1099,650,0,0.0073049096
Warm A,11014,81,80,1099,650,1,0.0023664427
Warm A,592293,3610,3609,1099,650,0,0.012171767
Warm A,9499,62,61,1099,650,1,0.011412771
Warm A,198305,1218,1217,1099,650,1,-0.0011497348
Warm A,28538,195,194,1099,650,1,0.012111673
Warm A,558748,3430,3429,1099,650,1,0.0072964197
Warm A,352535,2063,2062,1099,650,0,0.007178666
Warm A,169348,1074,1073,1099,650,1,-0.0044548754
Warm A,688685,4118,4117,1099,650,1,0.0026320722
Warm A,242051,1457,1456,1099,650,1,-0.0021130615
Warm A,250017,1505,1504,1099,650,1,0.0062113944
Warm A,95646,639,638,1099,650,1,0.0028776503
Warm A,639449,3842,3841,1099,650,1,-0.005111076
Warm A,300669,1780,1779,1099,650,0,0.0049875895
Warm A,745615,4448,4447,1099,650,1,0.009523638
Warm A,928085,5605,5604,1099,650,0,0.011770626
Warm A,760467,4517,4516,1099,650,0,0.012989359
Warm A,116742,752,751,1099,650,0,0.00369248
Warm A,79853,531,530,1099,650,1,0.003991335
Warm A,454801,2796,2795,1099,650,0,0.015005112
Warm A,255700,1556,1555,1099,650,1,0.0067755226
Warm A,930748,5621,5620,1099,650,1,0.0027176384
Warm A,371903,2172,2171,1099,650,0,0.0047405604
Warm A,430257,2621,2620,1099,650,0,-0.0016541586
Warm A,63577,424,423,1099,650,1,0.0075491234
Warm A,984292,5948,5947,1099,650,1,0.0088088345
Warm A,274354,1658,1657,1111,655,1,0.013879247
Warm A,279052,1680,1679,1111,655,0,0.013347788
Warm A,268324,1630,1629,1111,655,1,0.012888489
Warm A,631515,3821,3820,1111,655,0,0.0003536594
Warm A,228908,1387,1386,1111,655,1,0.0028613273
Warm A,220327,1335,1334,1111,655,0,0.012893818
Warm A,210834,1285,1284,1111,655,1,0.015912328
Warm A,213404,1298,1297,1111,655,1,0.01407067
Warm A,293150,1746,1745,1111,655,1,0.006456552
Warm A,186615,1155,1154,1111,655,1,0.0050218906
Warm A,148984,958,957,1111,655,1,0.011691376
Warm A,267929,1628,1627,1111,655,1,0.015067888
Warm A,200040,1228,1227,1111,655,1,0.012706216
Warm A,127942,826,825,1111,655,1,-0.008456308
Warm A,127686,824,823,1111,655,1,0.008656995
Warm A,116117,752,751,1111,655,1,0.012651963
Warm A,132405,855,854,1111,655,1,0.0064529134
Warm A,100452,670,669,1111,655,0,0.012684372
Warm A,99717,666,665,1111,655,1,0.0035155658
Warm A,97798,655,654,1111,655,1,0.007920926
Warm A,59956,408,407,1111,655,1,0.0061553605
Warm A,201493,1242,1241,1111,655,0,0.012005726
Warm A,54819,358,357,1111,655,1,0.005464897
Warm A,24050,171,170,1111,655,1,0.0013653697
Warm A,947533,5722,5721,1111,655,1,0.0040210034
Warm A,152437,981,980,1111,655,0,0.009322881
Warm A,17606,136,135,1111,655,1,0.0074880673
Warm A,234916,1425,1424,1111,655,1,0.020617414
Warm A,459594,2832,2831,1111,655,1,0.012036763
Warm A,553874,3410,3409,1111,655,0,0.009121065
Warm A,420929,2544,2543,1111,655,0,0.013430884
Warm A,309575,1842,1841,1111,655,1,0.009322372
Warm A,287685,1717,1716,1111,655,1,0.012647303
Warm A,825533,4958,4957,1111,655,1,0.016040888
Warm A,639049,3842,3841,1128,661,0,0.0101457555
Warm A,633160,3824,3823,1128,661,0,0.0073922016
Warm A,663953,3999,3998,1128,661,0,0.0020432286
Warm A,628338,3806,3805,1128,661,0,0.0054661306
Warm A,628628,3807,3806,1128,661,1,0.0014498846
Warm A,628142,3804,3803,1128,661,0,-0.0014723614
Warm A,629365,3808,3807,1128,661,0,0.009366967
Warm A,638053,3841,3840,1128,661,1,0.0062424764
Warm A,625463,3780,3779,1128,661,1,0.004583439
Warm A,623335,3771,3770,1128,661,0,0.0036775488
Warm A,620655,3760,3759,1128,661,0,0.00871495
Warm A,615599,3727,3726,1128,661,0,0.0028184063
Warm A,614436,3722,3721,1128,661,1,-0.006679561
Warm A,604828,3677,3676,1128,661,1,-0.0049080723
Warm A,621176,3762,3761,1128,661,0,0.009164272
Warm A,583378,3562,3561,1128,661,0,0.006242999
Warm A,577739,3528,3527,1128,661,0,0.0044433805
Warm A,580873,3547,3546,1128,661,0,-0.0067502083
Warm A,569161,3491,3490,1128,661,1,0.011491526
Warm A,657094,3961,3960,1128,661,1,0.0027227812
Warm A,543905,3352,3351,1128,661,0,-0.0023959838
Warm A,518222,3198,3197,1128,661,1,-0.003875982
Warm A,566182,3476,3475,1128,661,0,-0.0004269681
Warm A,506653,3118,3117,1128,661,0,0.0038087638
Warm A,718532,4305,4304,1128,661,0,0.0028080426
Warm A,494053,3032,3031,1128,661,1,0.0056578135
Warm A,490702,3018,3017,1128,661,1,0.0021530497
Warm A,529638,3272,3271,1128,661,0,0.012414506
Warm A,696184,4169,4168,1128,661,0,0.011092883
Warm A,477140,2929,2928,1128,661,0,0.0064313333
Warm A,472529,2907,2906,1128,661,1,0.0052735656
Warm A,754656,4497,4496,1128,661,0,-0.005202114
Warm A,463236,2857,2856,1128,661,0,0.0013385348
Warm A,457857,2820,2819,1128,661,0,0.0031680479
Warm A,449582,2772,2771,1128,661,0,0.0028171418
Warm A,433592,2643,2642,1128,661,0,-0.0048001288
Warm A,430724,2625,2624,1128,661,1,0.0013776883
Warm A,426444,2590,2589,1128,661,0,-0.00037968298
Warm A,418621,2529,2528,1128,661,0,0.007066751
Warm A,425658,2583,2582,1128,661,1,0.0021147225
Warm A,413712,2489,2488,1128,661,0,-0.00091666763
Warm A,414540,2496,2495,1128,661,0,0.0050337426
Warm A,408907,2455,2454,1128,661,0,0.005153853
Warm A,397184,2352,2351,1128,661,0,-0.00067920843
Warm A,388919,2279,2278,1128,661,0,0.0036857454
Warm A,378702,2211,2210,1128,661,1,-0.002205038
Warm A,377779,2205,2204,1128,661,0,-1.197774e-05
Warm A,374023,2181,2180,1128,661,1,0.0003093835
Warm A,436356,2665,2664,1128,661,0,0.012941656
Warm A,305808,1820,1819,1128,661,1,0.011133584
Warm A,288246,1722,1721,1128,661,1,0.0071942066
Warm A,300312,1780,1779,1128,661,0,0.00689243
Warm A,279089,1680,1679,1128,661,1,0.0040507233
Warm A,276915,1675,1674,1128,661,0,0.0063266223
Warm A,267544,1626,1625,1128,661,0,0.0085260365
Warm A,392126,2304,2303,1128,661,0,0.0015196046
Warm A,247628,1496,1495,1128,661,1,0.0018275748
Warm A,224470,1357,1356,1128,661,0,0.010459273
Warm A,239978,1449,1448,1128,661,0,0.0010655285
Warm A,327995,1941,1940,1128,661,0,0.009905303
Warm A,194804,1202,1201,1128,661,0,-0.0026078392
Warm A,334557,1974,1973,1128,661,0,-0.0052160574
Warm A,182761,1140,1139,1128,661,0,-0.00635321
Warm A,176387,1115,1114,1128,661,0,0.008740738
Warm A,196462,1207,1206,1128,661,0,0.00057358155
Warm A,175473,1112,1111,1128,661,0,0.009715008
Warm A,159214,1017,1016,1128,661,1,0.005660519
Warm A,158090,1015,1014,1128,661,0,6.988784e-05
Warm A,221283,1340,1339,1128,661,0,0.01367601
Warm A,156785,1010,1009,1128,661,0,0.0009614852
Warm A,133283,860,859,1128,661,0,-0.00051291427
Warm A,131119,850,849,1128,661,0,0.008107426
Warm A,123864,798,797,1128,661,0,-0.004923245
Warm A,114082,741,740,1128,661,1,0.0036694077
Warm A,210855,1285,1284,1128,661,0,0.001861047
Warm A,96990,651,650,1128,661,0,0.0040232115
Warm A,107883,710,709,1128,661,1,0.0010277801
Warm A,351733,2063,2062,1128,661,0,0.003791742
Warm A,92735,621,620,1128,661,0,0.003231653
Warm A,140669,904,903,1128,661,0,0.0012173802
Warm A,284088,1698,1697,1128,661,0,-0.0022489843
Warm A,190808,1181,1180,1128,661,0,0.0062742056
Warm A,234040,1422,1421,1128,661,0,0.0008553299
Warm A,385688,2255,2254,1128,661,0,-0.004614279
Warm A,62849,424,423,1128,661,1,0.0078309495
Warm A,57673,390,389,1128,661,0,0.005025045
Warm A,41936,284,283,1128,661,0,0.006096511
Warm A,41263,278,277,1128,661,1,0.0056099733
Warm A,36695,245,244,1128,661,0,0.0018661073
Warm A,30054,202,201,1128,661,1,0.003182905
Warm A,14639,117,116,1128,661,0,0.006166102
Warm A,290143,1733,1732,1128,661,0,0.009512265
Warm A,863874,5205,5204,1128,661,1,0.004217912
Warm A,552281,3401,3400,1128,661,0,0.0043302467
Warm A,432654,2638,2637,1128,661,0,0.0062535107
Warm A,265044,1611,1610,1128,661,1,0.004753852
Warm A,237843,1447,1446,1128,661,0,0.0059240917
Warm A,174106,1101,1100,1128,661,0,-0.0011742138
Warm A,966726,5831,5830,1128,661,0,0.01451372
Warm A,927529,5605,5604,1128,661,0,0.009649283
Warm A,102175,678,677,1128,661,1,0.0009164084
Warm A,760646,4520,4519,1128,661,0,-0.0036667003
Warm A,964005,5812,5811,1128,661,0,-0.0021851384
Warm A,366140,2131,2130,1128,661,1,-0.0039139274
Warm A,335799,1980,1979,1128,661,0,0.013472427
Warm A,322294,1912,1911,1128,661,0,-0.0041091642
Warm A,473530,2909,2908,1128,661,0,0.007013539
Warm A,497619,3055,3054,1128,661,0,0.006875538
Warm A,821567,4940,4939,1128,661,0,-0.0015431689
Warm A,712974,4277,4276,1128,661,1,0.0069917045
Warm A,678456,4064,4063,1150,670,0,0.0056557246
Warm A,646046,3888,3887,1150,670,1,0.0006244625
Warm A,613908,3718,3717,1150,670,0,0.00021851016
Warm A,611066,3705,3704,1150,670,1,0.0038015316
Warm A,626742,3792,3791,1150,670,0,0.0038833194
Warm A,580887,3547,3546,1150,670,1,-0.000104956795
Warm A,574727,3518,3517,1150,670,0,-0.004113997
Warm A,713008,4277,4276,1150,670,1,0.003614431
Warm A,593784,3618,3617,1150,670,1,-0.006172784
Warm A,547934,3380,3379,1150,670,1,-0.0008342711
Warm A,543432,3346,3345,1150,670,0,-0.0023170388
Warm A,539563,3319,3318,1150,670,0,0.010673094
Warm A,534675,3300,3299,1150,670,1,0.0008225676
Warm A,533281,3292,3291,1150,670,1,0.0014226511
Warm A,528523,3266,3265,1150,670,1,-0.0068001803
Warm A,525815,3248,3247,1150,670,0,-0.003210787
Warm A,521949,3222,3221,1150,670,0,-0.00037062773
Warm A,521074,3216,3215,1150,670,1,-0.002281419
Warm A,522514,3224,3223,1150,670,1,0.0049321298
Warm A,696233,4169,4168,1150,670,1,0.0006900097
Warm A,513491,3167,3166,1150,670,1,0.0048093693
Warm A,508988,3131,3130,1150,670,0,-0.0016343393
Warm A,506678,3118,3117,1150,670,0,0.00088899233
Warm A,503407,3093,3092,1150,670,1,0.0009572356
Warm A,738138,4411,4410,1150,670,1,-0.0010511868
Warm A,490055,3015,3014,1150,670,1,-0.005277168
Warm A,487361,2997,2996,1150,670,1,0.008163673
Warm A,466182,2874,2873,1150,670,0,0.0047888355
Warm A,457888,2820,2819,1150,670,0,0.006866882
Warm A,455818,2807,2806,1150,670,1,-2.8635142e-05
Warm A,454219,2794,2793,1150,670,1,0.00092659984
Warm A,453699,2793,2792,1150,670,1,-0.0024701338
Warm A,428574,2608,2607,1150,670,1,0.009790959
Warm A,446841,2753,2752,1150,670,1,0.009618051
Warm A,404002,2414,2413,1150,670,0,0.0041951574
Warm A,403121,2407,2406,1150,670,1,0.00011873292
Warm A,393786,2319,2318,1150,670,1,0.009580901
Warm A,393371,2313,2312,1150,670,1,0.0029906365
Warm A,391256,2301,2300,1150,670,0,0.0066319006
Warm A,386355,2259,2258,1150,670,1,0.001588997
Warm A,382848,2237,2236,1150,670,1,0.0026710613
Warm A,381634,2231,2230,1150,670,1,0.011269592
Warm A,378717,2211,2210,1150,670,1,-0.0048919283
Warm A,377794,2205,2204,1150,670,0,0.00037705968
Warm A,368784,2156,2155,1150,670,1,0.0030082336
Warm A,352949,2067,2066,1150,670,0,0.0060111764
Warm A,302479,1796,1795,1150,670,1,0.0054778922
Warm A,282022,1692,1691,1150,670,1,0.0019615605
Warm A,292295,1741,1740,1150,670,1,0.0030087766
Warm A,246292,1489,1488,1150,670,0,0.0031583458
Warm A,260976,1595,1594,1150,670,1,0.0036842593
Warm A,325362,1926,1925,1150,670,1,0.0039545773
Warm A,219409,1330,1329,1150,670,1,0.0028371345
Warm A,320054,1899,1898,1150,670,1,0.010760508
Warm A,218276,1323,1322,1150,670,1,-0.00023581902
Warm A,304853,1812,1811,1150,670,1,-0.00038220407
Warm A,212056,1291,1290,1150,670,1,0.003362862
Warm A,208750,1274,1273,1150,670,1,0.000552921
Warm A,203770,1253,1252,1150,670,1,0.0076475083
Warm A,294277,1749,1748,1150,670,0,0.0014120291
Warm A,214817,1303,1302,1150,670,1,0.002602322
Warm A,158134,1015,1014,1150,670,0,-0.0039176624
Warm A,199418,1224,1223,1150,670,1,0.004556419
Warm A,142395,919,918,1150,670,1,-0.0049064085
Warm A,160052,1019,1018,1150,670,0,0.0075560776
Warm A,315203,1880,1879,1150,670,1,0.0018878207
Warm A,263280,1605,1604,1150,670,0,0.004262546
Warm A,124488,801,800,1150,670,1,0.0022928913
Warm A,210897,1285,1284,1150,670,1,0.0019127857
Warm A,115673,750,749,1150,670,1,0.0084337825
Warm A,105416,697,696,1150,670,0,0.0019144398
Warm A,97821,655,654,1150,670,1,0.00426869
Warm A,94579,635,634,1150,670,1,0.0042370176
Warm A,91819,610,609,1150,670,0,-0.0004423214
Warm A,228234,1383,1382,1150,670,1,-0.0006189252
Warm A,169558,1077,1076,1150,670,0,0.0038483243
Warm A,75693,515,514,1150,670,1,-0.00025111903
Warm A,69306,464,463,1150,670,1,0.010756061
Warm A,66771,447,446,1150,670,1,0.00020111375
Warm A,66358,444,443,1150,670,1,0.008398835
Warm A,605205,3679,3678,1150,670,0,0.0064692046
Warm A,55386,366,365,1150,670,1,0.0006880958
Warm A,52762,347,346,1150,670,1,-0.00334451
Warm A,35393,238,237,1150,670,0,-0.0004948464
Warm A,34199,230,229,1150,670,1,0.0043009156
Warm A,33701,225,224,1150,670,1,-0.0030168244
Warm A,34875,235,234,1150,670,1,0.003596334
Warm A,88798,587,586,1150,670,0,0.005230275
Warm A,76353,518,517,1150,670,1,-0.008409745
Warm A,481791,2962,2961,1150,670,0,0.0071742153
Warm A,524406,3233,3232,1150,670,1,0.0024583163
Warm A,316782,1884,1883,1150,670,1,0.0025387998
Warm A,111644,727,726,1150,670,1,-0.0010377076
Warm A,420970,2544,2543,1150,670,1,0.002527087
Warm A,319318,1897,1896,1150,670,1,0.0031918224
Warm A,233640,1421,1420,1150,670,0,-0.0066623306
Warm A,821570,4940,4939,1150,670,1,0.0056423564
Warm A,116161,752,751,1150,670,0,0.0019460663
Warm A,354087,2073,2072,1161,671,1,0.0044385544
Warm A,280835,1685,1684,1161,671,1,-0.0019148365
Warm A,279190,1680,1679,1161,671,1,0.00083836075
Warm A,269003,1632,1631,1161,671,0,-0.0024742286
Warm A,264143,1607,1606,1161,671,1,-0.0054526366
Warm A,346187,2030,2029,1161,671,1,0.006742262
Warm A,631547,3821,3820,1161,671,1,-0.0011386774
Warm A,220352,1335,1334,1161,671,1,0.0012320199
Warm A,207327,1267,1266,1161,671,1,-0.0024844827
Warm A,180995,1131,1130,1161,671,1,-0.0052694734
Warm A,190887,1181,1180,1161,671,0,-0.007229392
Warm A,338118,1988,1987,1161,671,1,9.284471e-05
Warm A,315221,1880,1879,1161,671,1,0.006189638
Warm A,105127,696,695,1161,671,1,0.00044209417
Warm A,84145,550,549,1161,671,1,-0.00010453025
Warm A,210920,1285,1284,1161,671,1,-0.00024463423
Warm A,42160,285,284,1161,671,1,-0.00876095
Warm A,145339,935,934,1161,671,1,0.0024653547
Warm A,34213,230,229,1161,671,1,-0.0009164129
Warm A,9488,62,61,1161,671,1,0.0045072716
Warm A,420983,2544,2543,1161,671,1,0.0018396701
Warm A,203075,1246,1245,1161,671,0,-0.00441115
Warm A,843910,5074,5073,1161,671,1,0.008025644
Warm A,129392,839,838,1161,671,1,0.0008281572
Warm A,158160,1015,1014,1161,671,1,0.0051284605
Warm A,12894,99,98,1161,671,0,-0.003803284
Warm A,713028,4277,4276,1161,671,1,0.0015132609
Warm A,208761,1274,1273,1161,671,0,-0.0026986306
Warm A,633224,3824,3823,1161,671,0,0.005653938
Warm A,28525,195,194,1161,671,1,-0.0025071462
Warm A,357447,2092,2091,1161,671,1,0.0032762531
Warm A,226082,1369,1368,1161,671,1,0.0011286505
Warm A,993860,6002,6001,1161,671,0,-0.00010607485
Warm A,879002,5312,5311,1161,671,1,-0.0025759912
Warm A,182779,1140,1139,1162,672,1,0.007263534
Warm A,286093,1707,1706,1162,672,1,-0.0034285823
Warm A,178631,1121,1120,1162,672,1,-0.0030958434
Warm A,160069,1019,1018,1162,672,0,1.9606552e-05
Warm A,153029,984,983,1162,672,1,-0.0031255705
Warm A,246302,1489,1488,1162,672,0,-0.0005253032
Warm A,146942,948,947,1162,672,1,-0.0020769788
Warm A,185255,1150,1149,1162,672,0,-0.0025685648
Warm A,138252,889,888,1162,672,0,0.0030702965
Warm A,374816,2185,2184,1162,672,1,-0.007577218
Warm A,315222,1880,1879,1162,672,1,0.007977026
Warm A,298085,1767,1766,1162,672,0,1.450954e-05
Warm A,112454,731,730,1162,672,1,-0.0029689514
Warm A,100833,673,672,1162,672,1,0.0007962112
Warm A,460666,2841,2840,1162,672,1,0.0035546906
Warm A,87444,571,570,1162,672,1,-0.0068079717
Warm A,84146,550,549,1162,672,1,0.01129276
Warm A,75902,516,515,1162,672,0,0.004313723
Warm A,48945,327,326,1162,672,1,0.004759101
Warm A,784075,4682,4681,1162,672,1,0.0025721705
Warm A,47788,319,318,1162,672,1,0.0064476407
Warm A,41390,280,279,1162,672,0,-0.0040021157
Warm A,5003,35,34,1162,672,0,-0.00083609275
Warm A,763948,4543,4542,1162,672,1,0.00407301
Warm A,158161,1015,1014,1162,672,0,0.008874053
Warm A,21750,157,156,1162,672,0,0.0012545916
Warm A,420984,2544,2543,1162,672,1,0.006280184
Warm A,804038,4815,4814,1162,672,1,0.0030086103
Warm A,841113,5054,5053,1162,672,0,0.0022764902
Warm A,860085,5172,5171,1162,672,0,0.008245886
Warm A,129938,840,839,1162,672,1,-0.003409803
Warm A,489601,3013,3012,1162,672,1,0.014441054
Warm A,319329,1897,1896,1162,672,1,0.0025660386
Warm A,657519,3963,3962,1162,672,1,-0.0038635335
Warm A,958818,5787,5786,1162,672,1,0.003677085
Warm A,27664,193,192,1162,672,0,0.008768156
Warm A,275100,1666,1665,1167,673,0,0.0020294404
Warm A,220846,1339,1338,1167,673,0,0.0057162056
Warm A,277669,1676,1675,1167,673,0,0.007894529
Warm A,261747,1599,1598,1167,673,1,0.0061249887
Warm A,304868,1812,1811,1167,673,0,0.006615066
Warm A,173649,1100,1099,1167,673,0,0.008761622
Warm A,248817,1501,1500,1167,673,0,0.002600835
Warm A,272178,1645,1644,1167,673,1,0.0014450857
Warm A,155866,1004,1003,1167,673,0,0.0035179593
Warm A,249236,1502,1501,1167,673,1,-0.0025902109
Warm A,144904,934,933,1167,673,0,0.007065801
Warm A,143665,927,926,1167,673,0,0.007953005
Warm A,136565,881,880,1167,673,0,0.0012845306
Warm A,332644,1962,1961,1167,673,0,0.010074452
Warm A,124234,800,799,1167,673,0,0.0023633386
Warm A,360755,2106,2105,1167,673,0,0.008328867
Warm A,120401,777,776,1167,673,0,0.00013724063
Warm A,106047,699,698,1167,673,0,0.004332749
Warm A,83098,549,548,1167,673,0,0.006757498
Warm A,77497,524,523,1167,673,0,0.0090514645
Warm A,61492,412,411,1167,673,1,0.009175425
Warm A,337014,1983,1982,1167,673,1,0.0030876684
Warm A,269926,1635,1634,1167,673,0,0.013726392
Warm A,13599,107,106,1167,673,0,0.003979856
Warm A,354898,2077,2076,1167,673,0,0.007504719
Warm A,234955,1425,1424,1167,673,0,0.0010598144
Warm A,363011,2116,2115,1167,673,0,-0.0024157625
Warm A,567457,3483,3482,1167,673,0,0.00482384
Warm A,331584,1958,1957,1167,673,0,0.0066930214
Warm A,102225,678,677,1167,673,0,0.014658383
Warm A,476347,2926,2925,1167,673,0,0.007865035
Warm A,259451,1587,1586,1167,673,0,0.0074610636
Warm A,376374,2195,2194,1167,673,1,0.007887378
Warm A,718551,4305,4304,1167,673,1,0.0070786746
Warm A,666687,4013,4012,1173,676,0,-0.0069515165
Warm A,680290,4078,4077,1173,676,0,0.008785477
Warm A,661304,3988,3987,1173,676,0,-0.0035495572
Warm A,633235,3824,3823,1173,676,1,-0.001941479
Warm A,632422,3823,3822,1173,676,0,-0.00075332925
Warm A,629440,3808,3807,1173,676,1,-0.00225118
Warm A,625746,3782,3781,1173,676,1,0.00027665772
Warm A,622676,3769,3768,1173,676,1,0.0012641107
Warm A,611087,3705,3704,1173,676,0,-0.0032260283
Warm A,744870,4448,4447,1173,676,1,0.0026343847
Warm A,589092,3592,3591,1173,676,1,-0.0032199144
Warm A,583881,3563,3562,1173,676,1,0.00976208
Warm A,583419,3562,3561,1173,676,0,0.0033879476
Warm A,607122,3685,3684,1173,676,1,0.005841324
Warm A,579326,3539,3538,1173,676,1,0.0037383458
Warm A,569211,3491,3490,1173,676,1,0.0017652069
Warm A,593832,3618,3617,1173,676,0,0.0071577714
Warm A,570302,3499,3498,1173,676,0,-0.0044147205
Warm A,549471,3390,3389,1173,676,0,0.0050658677
Warm A,533306,3292,3291,1173,676,0,-8.168578e-05
Warm A,532730,3290,3289,1173,676,1,-0.004683351
Warm A,542209,3336,3335,1173,676,0,0.0018325793
Warm A,530485,3277,3276,1173,676,0,0.004790507
Warm A,558207,3428,3427,1173,676,1,0.002208094
Warm A,526753,3259,3258,1173,676,1,-0.001489288
Warm A,531004,3280,3279,1173,676,0,0.008701053
Warm A,518736,3201,3200,1173,676,0,0.004253205
Warm A,513498,3167,3166,1173,676,1,-0.002734626
Warm A,512833,3163,3162,1173,676,1,0.0024493395
Warm A,510248,3143,3142,1173,676,0,0.006381602
Warm A,512119,3159,3158,1173,676,1,-0.0067865015
Warm A,509239,3135,3134,1173,676,0,0.00030672434
Warm A,511317,3154,3153,1173,676,1,0.0012372249
Warm A,738149,4411,4410,1173,676,1,0.0009039191
Warm A,482707,2967,2966,1173,676,0,0.003212501
Warm A,476767,2928,2927,1173,676,1,-0.0003622207
Warm A,696284,4169,4168,1173,676,0,0.0010435532
Warm A,474687,2913,2912,1173,676,1,0.0042141015
Warm A,852626,5113,5112,1173,676,0,0.0032750636
Warm A,469961,2895,2894,1173,676,1,0.0026597357
Warm A,879867,5317,5316,1173,676,1,0.0014532576
Warm A,463292,2857,2856,1173,676,0,-0.0012267863
Warm A,453727,2793,2792,1173,676,1,0.0049473075
Warm A,449903,2774,2773,1173,676,0,-0.00020087592
Warm A,436958,2667,2666,1173,676,0,0.0061403764
Warm A,431396,2628,2627,1173,676,1,-0.0075629605
Warm A,428801,2609,2608,1173,676,1,0.003625217
Warm A,451374,2778,2777,1173,676,1,-0.0048061237
Warm A,416591,2507,2506,1173,676,1,-0.0027133333
Warm A,414909,2497,2496,1173,676,1,-0.006176712
Warm A,414574,2496,2495,1173,676,1,-0.00067514944
Warm A,409194,2456,2455,1173,676,1,0.0013387844
Warm A,406423,2438,2437,1173,676,1,-0.0005538652
Warm A,465145,2868,2867,1173,676,1,0.0005300001
Warm A,400388,2383,2382,1173,676,0,-0.00061017345
Warm A,391262,2301,2300,1173,676,1,0.0062880465
Warm A,392175,2304,2303,1173,676,0,0.0017683269
Warm A,385272,2251,2250,1173,676,0,0.012402263
Warm A,394201,2323,2322,1173,676,0,0.004657429
Warm A,366953,2140,2139,1173,676,0,-0.0007095216
Warm A,375578,2188,2187,1173,676,1,0.0032539829
Warm A,360065,2105,2104,1173,676,0,0.00927329
Warm A,280467,1683,1682,1173,676,0,-0.004873301
Warm A,280841,1685,1684,1173,676,0,0.0037029812
Warm A,279215,1680,1679,1173,676,0,0.0037169359
Warm A,269010,1632,1631,1173,676,0,-0.006486631
Warm A,262224,1600,1599,1173,676,0,0.004501028
Warm A,296461,1758,1757,1173,676,1,0.003404168
Warm A,212063,1291,1290,1173,676,1,0.0053987736
Warm A,226383,1370,1369,1173,676,0,0.0031368183
Warm A,209144,1276,1275,1173,676,0,0.0040089935
Warm A,220358,1335,1334,1173,676,1,2.3444183e-05
Warm A,204026,1255,1254,1173,676,1,0.0029673204
Warm A,294296,1749,1748,1173,676,0,0.002972635
Warm A,374064,2181,2180,1173,676,0,0.003251716
Warm A,255074,1552,1551,1173,676,0,-0.00019248546
Warm A,346191,2030,2029,1173,676,1,0.0037949064
Warm A,214847,1303,1302,1173,676,0,0.0020626704
Warm A,190904,1181,1180,1173,676,0,0.010344693
Warm A,320081,1899,1898,1173,676,1,-0.0020841295
Warm A,142409,919,918,1173,676,1,-0.0020018632
Warm A,313760,1873,1872,1173,676,0,0.0038056322
Warm A,135024,873,872,1173,676,1,0.008733873
Warm A,131149,850,849,1173,676,0,-0.0037106106
Warm A,315234,1880,1879,1173,676,0,-0.002087989
Warm A,125855,810,809,1173,676,1,0.003982291
Warm A,124875,802,801,1173,676,1,0.005210317
Warm A,122796,792,791,1173,676,0,-0.0007985439
Warm A,210935,1285,1284,1173,676,1,0.0004449545
Warm A,116188,752,751,1173,676,1,0.0052940217
Warm A,179579,1125,1124,1173,676,0,0.0015991586
Warm A,201542,1242,1241,1173,676,1,0.0009439121
Warm A,93515,625,624,1173,676,0,0.0046259924
Warm A,284159,1698,1697,1173,676,1,0.0073808637
Warm A,228252,1383,1382,1173,676,1,0.005680926
Warm A,77507,524,523,1173,676,1,0.0071991314
Warm A,72028,482,481,1173,676,0,0.0048569967
Warm A,76674,520,519,1173,676,1,0.0057068365
Warm A,61604,413,412,1173,676,1,0.0075059137
Warm A,54180,352,351,1173,676,0,0.009159196
Warm A,48295,324,323,1173,676,0,-0.0018734162
Warm A,61505,412,411,1173,676,0,0.008969754
Warm A,42168,285,284,1173,676,1,0.0003477079
Warm A,34930,235,234,1173,676,1,-0.0002449567
Warm A,91960,611,610,1173,676,0,0.0019753189
Warm A,152460,981,980,1173,676,0,0.0014850646
Warm A,784084,4682,4681,1173,676,1,-0.007821427
Warm A,9510,62,61,1173,676,0,0.010800886
Warm A,8060,53,52,1173,676,0,-0.0032312702
Warm A,15876,123,122,1173,676,0,0.008908586
Warm A,686512,4107,4106,1173,676,1,0.0059372797
Warm A,129401,839,838,1173,676,0,-0.0032487065
Warm A,237900,1447,1446,1173,676,1,0.0030325623
Warm A,892954,5394,5393,1173,676,1,0.009178774
Warm A,335884,1980,1979,1173,676,1,0.0028690903
Warm A,828694,4979,4978,1173,676,0,0.005922055
Warm A,439398,2684,2683,1173,676,1,0.0027560757
Warm A,895408,5412,5411,1173,676,0,0.001282067
Warm A,631557,3821,3820,1173,676,1,0.003457462
Warm A,882127,5329,5328,1173,676,1,0.0034947763
Warm A,24639,173,172,1173,676,0,0.0015812146
Warm A,901416,5450,5449,1173,676,1,-0.0034468123
Warm A,763960,4543,4542,1173,676,0,0.008701979
Warm A,310670,1851,1850,1173,676,0,0.002986557
Warm A,456070,2808,2807,1173,676,1,-0.0042516515
Warm A,290195,1733,1732,1173,676,1,0.0027883034
Warm A,939908,5675,5674,1173,676,0,0.010787705
Warm A,511850,3158,3157,1173,676,1,0.008435251
Warm A,110810,721,720,1173,676,0,0.003632507
Warm A,923921,5580,5579,1173,676,0,0.00078938494
Warm A,475498,2918,2917,1173,676,0,0.005211044
Warm A,208766,1274,1273,1173,676,1,0.002026495
Warm A,689847,4126,4125,1173,676,0,0.0020724358
Warm A,609647,3695,3694,1173,676,1,0.0039007105
Warm A,62923,424,423,1173,676,0,0.0007206462
Warm A,546806,3371,3370,1173,676,0,0.0060493164
Warm A,223052,1352,1351,1173,676,0,0.0029929206
Warm A,882955,5333,5332,1173,676,0,-0.004174811
Warm A,546081,3367,3366,1176,678,1,0.0025751116
Warm A,474688,2913,2912,1176,678,0,-0.00111807
Warm A,852628,5113,5112,1176,678,0,-0.00016471278
Warm A,464634,2863,2862,1176,678,0,-0.0040760823
Warm A,459407,2829,2828,1176,678,0,-0.0011821133
Warm A,460678,2841,2840,1176,678,1,0.002168521
Warm A,449904,2774,2773,1176,678,1,-0.0007578432
Warm A,437748,2674,2673,1176,678,1,0.009857721
Warm A,422256,2556,2555,1176,678,1,-0.008019284
Warm A,371414,2171,2170,1176,678,1,0.0022864318
Warm A,318532,1892,1891,1176,678,1,0.00025496923
Warm A,315921,1882,1881,1176,678,1,0.004251442
Warm A,310117,1845,1844,1176,678,1,0.005161848
Warm A,292314,1741,1740,1176,678,1,0.005064757
Warm A,274703,1660,1659,1176,678,1,0.003010449
Warm A,272500,1646,1645,1176,678,1,-0.0059324326
Warm A,274386,1658,1657,1176,678,1,0.006786721
Warm A,319335,1897,1896,1176,678,1,-0.0038945721
Warm A,220360,1335,1334,1176,678,0,0.009969818
Warm A,212247,1292,1291,1176,678,1,0.0010198029
Warm A,209757,1281,1280,1176,678,0,0.0050198426
Warm A,211785,1288,1287,1176,678,1,-0.005870423
Warm A,209443,1279,1278,1176,678,1,0.0029117467
Warm A,208299,1273,1272,1176,678,0,-0.0101034045
Warm A,308033,1836,1835,1176,678,1,-0.0052883304
Warm A,294297,1749,1748,1176,678,1,0.007159073
Warm A,187629,1164,1163,1176,678,1,0.0075407717
Warm A,184364,1147,1146,1176,678,0,0.005360053
Warm A,307426,1835,1834,1176,678,1,-0.0007503906
Warm A,172629,1094,1093,1176,678,0,0.0017409544
Warm A,190906,1181,1180,1176,678,0,0.006240428
Warm A,163095,1041,1040,1176,678,1,0.0022184944
Warm A,161337,1029,1028,1176,678,1,0.0005273591
Warm A,150057,966,965,1176,678,1,-0.002303727
Warm A,246308,1489,1488,1176,678,0,-0.005283411
Warm A,147744,952,951,1176,678,0,0.004120183
Warm A,185275,1150,1149,1176,678,0,-0.00315586
Warm A,141182,910,909,1176,678,0,0.005166302
Warm A,199433,1224,1223,1176,678,1,-0.0021039997
Warm A,138276,889,888,1176,678,1,0.00017274811
Warm A,124496,801,800,1176,678,1,0.007613986
Warm A,116190,752,751,1176,678,1,-0.0006868355
Warm A,100838,673,672,1176,678,1,0.00024300406
Warm A,99727,666,665,1176,678,1,0.0029867084
Warm A,176931,1117,1116,1176,678,0,-0.0009947427
Warm A,228253,1383,1382,1176,678,0,6.778608e-05
Warm A,89574,590,589,1176,678,1,0.008766597
Warm A,83110,549,548,1176,678,1,0.0017081699
Warm A,77509,524,523,1176,678,1,0.0011367034
Warm A,75699,515,514,1176,678,0,0.013000693
Warm A,60397,411,410,1176,678,0,-0.00036773877
Warm A,201544,1242,1241,1176,678,0,-0.0053256876
Warm A,269938,1635,1634,1176,678,1,0.0046955007
Warm A,133639,864,863,1176,678,1,0.002807326
Warm A,796049,4771,4770,1176,678,0,-0.0010435008
Warm A,4053,30,29,1176,678,1,0.0004237641
Warm A,739401,4418,4417,1176,678,0,0.0012211879
Warm A,158178,1015,1014,1176,678,0,-0.0022981842
Warm A,467949,2885,2884,1176,678,1,-0.003796449
Warm A,312878,1865,1864,1176,678,0,0.0007893157
Warm A,284846,1699,1698,1176,678,0,0.0049041724
Warm A,249853,1505,1504,1176,678,0,-0.0057702707
Warm A,750411,4478,4477,1176,678,1,0.0066257925
Warm A,631558,3821,3820,1176,678,1,0.0054499833
Warm A,748003,4465,4464,1176,678,1,-0.0032445234
Warm A,287709,1717,1716,1176,678,1,0.00781718
Warm A,135119,874,873,1176,678,1,0.0023455913
Warm A,384473,2246,2245,1176,678,0,0.0007786561
Warm A,790417,4728,4727,1176,678,1,0.0028668742
Warm A,533307,3292,3291,1177,679,1,0.008018842
Warm A,526226,3253,3252,1177,679,1,-0.00034213287
Warm A,522547,3224,3223,1177,679,1,0.002899923
Warm A,523871,3229,3228,1177,679,1,0.011143119
Warm A,521440,3217,3216,1177,679,1,-0.005288714
Warm A,512835,3163,3162,1177,679,1,0.014270806
Warm A,785460,4691,4690,1177,679,1,0.0062957564
Warm A,574743,3518,3517,1177,679,1,0.0067391284
Warm A,738151,4411,4410,1177,679,1,0.008229104
Warm A,506398,3117,3116,1177,679,1,0.0038803858
Warm A,499412,3067,3066,1177,679,1,0.0021817328
Warm A,799247,4790,4789,1177,679,1,0.007220261
Warm A,869317,5251,5250,1177,679,1,4.9848575e-05
Warm A,490269,3017,3016,1177,679,0,0.013998367
Warm A,458917,2825,2824,1177,679,0,-0.0003222496
Warm A,455832,2807,2806,1177,679,0,0.0070398888
Warm A,446851,2753,2752,1177,679,1,-0.006140451
Warm A,437943,2676,2675,1177,679,1,0.010383468
Warm A,429633,2617,2616,1177,679,0,0.012226023
Warm A,416593,2507,2506,1177,679,1,0.006740411
Warm A,402306,2402,2401,1177,679,0,0.004448166
Warm A,398250,2368,2367,1177,679,1,0.0012884592
Warm A,400389,2383,2382,1177,679,1,0.0039567696
Warm A,377814,2205,2204,1177,679,0,0.0035810503
Warm A,372029,2173,2172,1177,679,1,0.011647367
Warm A,357455,2092,2091,1177,679,1,0.002352441
Warm A,335886,1980,1979,1177,679,1,0.013607954
Warm A,318648,1894,1893,1177,679,1,-0.0022720504
Warm A,269511,1634,1633,1177,679,1,0.0034455159
Warm A,257214,1577,1576,1177,679,1,-0.004505528
Warm A,332650,1962,1961,1177,679,0,0.002324615
Warm A,226676,1374,1373,1177,679,1,-0.0021732072
Warm A,296462,1758,1757,1177,679,1,0.01011142
Warm A,276221,1671,1670,1177,679,1,0.004028667
Warm A,204027,1255,1254,1177,679,1,0.006194333
Warm A,245279,1481,1480,1177,679,1,-0.0035405997
Warm A,279218,1680,1679,1177,679,1,0.0014119565
Warm A,196045,1205,1204,1177,679,1,-0.003129637
Warm A,187285,1162,1161,1177,679,1,0.006864921
Warm A,188966,1172,1171,1177,679,1,0.0046489164
Warm A,185276,1150,1149,1177,679,1,0.01089144
Warm A,180288,1128,1127,1177,679,1,0.0007520214
Warm A,169805,1078,1077,1177,679,1,0.007235496
Warm A,163824,1050,1049,1177,679,0,0.006420562
Warm A,162674,1038,1037,1177,679,1,0.00243873
Warm A,158932,1016,1015,1177,679,1,0.008538697
Warm A,148741,957,956,1177,679,0,0.0031150046
Warm A,148535,956,955,1177,679,0,0.0010724303
Warm A,341168,2011,2010,1177,679,1,0.003360052
Warm A,131150,850,849,1177,679,0,0.014665452
Warm A,128840,837,836,1177,679,0,0.0075432844
Warm A,263308,1605,1604,1177,679,0,0.0061268266
Warm A,107321,706,705,1177,679,1,-0.0075060725
Warm A,101682,677,676,1177,679,1,-0.0051419963
Warm A,116191,752,751,1177,679,1,0.009510804
Warm A,100839,673,672,1177,679,1,0.0021225184
Warm A,94584,635,634,1177,679,1,0.00013099721
Warm A,93516,625,624,1177,679,1,0.009379838
Warm A,696287,4169,4168,1177,679,1,0.008224701
Warm A,151232,973,972,1177,679,0,0.011937983
Warm A,284161,1698,1697,1177,679,0,0.0061097965
Warm A,72938,493,492,1177,679,1,0.004196889
Warm A,132461,855,854,1177,679,1,0.007127903
Warm A,61034,412,411,1177,679,1,-0.00024602382
Warm A,39289,267,266,1177,679,1,-0.0037831091
Warm A,35161,238,237,1177,679,0,0.011984801
Warm A,199846,1227,1226,1177,679,1,0.0072001833
Warm A,26204,187,186,1177,679,1,0.004090042
Warm A,17320,136,135,1177,679,0,0.005382591
Warm A,9018,62,61,1177,679,0,-0.0042879675
Warm A,7383,53,52,1177,679,1,0.011279086
Warm A,633238,3824,3823,1177,679,1,0.008125427
Warm A,348020,2041,2040,1177,679,1,0.007884797
Warm A,158179,1015,1014,1177,679,1,0.0009808661
Warm A,42622,293,292,1177,679,1,0.0002483111
Warm A,129402,839,838,1177,679,1,-0.0023827786
Warm A,933455,5636,5635,1177,679,0,0.0048504355
Warm A,19710,149,148,1177,679,1,0.008079434
Warm A,234962,1425,1424,1177,679,1,-0.009572976
Warm A,768712,4579,4578,1177,679,1,-0.002011259
Warm A,992884,5998,5997,1177,679,1,-0.0044090925
Warm A,476350,2926,2925,1177,679,1,0.0014733821
Warm A,62925,424,423,1177,679,0,0.002724957
Warm A,739402,4418,4417,1177,679,1,-0.0005672169
Warm A,831929,5001,5000,1177,679,1,0.0057282327
Warm A,187630,1164,1163,1177,679,1,-0.00024574925
Warm A,790418,4728,4727,1177,679,0,0.004620491
Warm A,315924,1882,1881,1184,683,1,0.004524535
Warm A,208302,1273,1272,1184,683,1,0.0043677427
Warm A,264610,1609,1608,1184,683,1,0.008379541
Warm A,307438,1835,1834,1184,683,1,0.01327766
Warm A,328116,1941,1940,1184,683,0,0.0122110015
Warm A,158194,1015,1014,1184,683,0,0.0052930913
Warm A,138295,889,888,1184,683,0,0.00810154
Warm A,201551,1242,1241,1184,683,1,-0.0009337558
Warm A,123110,795,794,1184,683,0,0.0027010525
Warm A,112468,731,730,1184,683,1,0.008016717
Warm A,106776,702,701,1184,683,1,0.0003147265
Warm A,100847,673,672,1184,683,1,-0.00046772673
Warm A,696304,4169,4168,1184,683,1,0.004906892
Warm A,89259,588,587,1184,683,1,-0.009743246
Warm A,88816,587,586,1184,683,0,0.002080265
Warm A,80544,534,533,1184,683,1,-0.00013434002
Warm A,72942,493,492,1184,683,1,-0.00023390446
Warm A,68212,457,456,1184,683,1,0.001532844
Warm A,59010,402,401,1184,683,1,0.0059350883
Warm A,155343,1001,1000,1184,683,1,0.014581118
Warm A,228259,1383,1382,1184,683,1,0.0024945028
Warm A,7397,53,52,1184,683,1,0.004443475
Warm A,27766,195,194,1184,683,0,0.0012827278
Warm A,169253,1074,1073,1184,683,0,0.0018008355
Warm A,317708,1889,1888,1184,683,1,0.00958471
Warm A,565579,3475,3474,1184,683,1,0.01229194
Warm A,489609,3013,3012,1184,683,0,0.0035032048
Warm A,41297,279,278,1184,683,0,0.007650868
Warm A,111653,727,726,1184,683,0,0.006976544
Warm A,241205,1451,1450,1184,683,0,0.0004462046
Warm A,193646,1194,1193,1184,683,1,0.0040877955
Warm A,474694,2913,2912,1187,686,0,-0.0033700797
Warm A,879875,5317,5316,1187,686,1,0.012263489
Warm A,466816,2878,2877,1187,686,1,0.011930345
Warm A,465373,2870,2869,1187,686,1,-0.0049464777
Warm A,464636,2863,2862,1187,686,0,0.00030059216
Warm A,455837,2807,2806,1187,686,1,0.005393283
Warm A,444087,2738,2737,1187,686,1,0.0008062697
Warm A,443822,2737,2736,1187,686,1,0.0060674623
Warm A,696308,4169,4168,1187,686,1,0.0024958258
Warm A,429564,2616,2615,1187,686,1,0.0070221326
Warm A,416602,2507,2506,1187,686,1,0.0034491334
Warm A,464158,2860,2859,1187,686,1,0.005824069
Warm A,398254,2368,2367,1187,686,1,0.011821184
Warm A,393107,2309,2308,1187,686,0,0.008505065
Warm A,387282,2264,2263,1187,686,1,-0.0028580262
Warm A,381323,2230,2229,1187,686,0,0.008681974
Warm A,379728,2221,2220,1187,686,0,0.0033288281
Warm A,334984,1976,1975,1187,686,0,0.001524474
Warm A,302868,1799,1798,1187,686,0,-0.0012609446
Warm A,298096,1767,1766,1187,686,1,-0.0004811911
Warm A,284172,1698,1697,1187,686,1,0.0012674346
Warm A,282028,1692,1691,1187,686,1,0.0038132498
Warm A,279243,1680,1679,1187,686,1,-0.00034124637
Warm A,231967,1407,1406,1187,686,1,-0.00056650833
Warm A,233407,1420,1419,1187,686,1,0.0009666076
Warm A,325389,1926,1925,1187,686,1,0.00075893244
Warm A,319343,1897,1896,1187,686,0,0.0048668515
Warm A,320090,1899,1898,1187,686,0,-0.00012669503
Warm A,296468,1758,1757,1187,686,1,0.00340271
Warm A,221342,1340,1339,1187,686,0,-0.006842223
Warm A,218013,1322,1321,1187,686,1,0.0085442215
Warm A,212067,1291,1290,1187,686,1,-0.0018488318
Warm A,209759,1281,1280,1187,686,1,0.010207507
Warm A,211790,1288,1287,1187,686,0,0.00378916
Warm A,185291,1150,1149,1187,686,0,0.0022088652
Warm A,201552,1242,1241,1187,686,0,0.009867292
Warm A,174550,1104,1103,1187,686,1,-0.0047225095
Warm A,195445,1203,1202,1187,686,0,0.0070102164
Warm A,168439,1069,1068,1187,686,1,0.015118165
Warm A,162678,1038,1037,1187,686,0,-0.0034724004
Warm A,158198,1015,1014,1187,686,1,0.013364489
Warm A,150061,966,965,1187,686,1,-0.004151986
Warm A,148538,956,955,1187,686,1,0.011266166
Warm A,384705,2247,2246,1187,686,1,0.0062310244
Warm A,140255,899,898,1187,686,0,0.0077953995
Warm A,306371,1825,1824,1187,686,1,-0.001973278
Warm A,111866,728,727,1187,686,0,0.0077111027
Warm A,349287,2050,2049,1187,686,1,0.0023204708
Warm A,107325,706,705,1187,686,1,0.020506468
Warm A,98823,660,659,1187,686,1,0.0058993553
Warm A,97840,655,654,1187,686,0,0.009028102
Warm A,94587,635,634,1187,686,1,0.00465981
Warm A,190924,1181,1180,1187,686,0,0.0077779493
Warm A,238935,1448,1447,1187,686,1,0.013411922
Warm A,53340,352,351,1187,686,0,0.0053444984
Warm A,52399,346,345,1187,686,1,0.006334707
Warm A,47124,319,318,1187,686,1,0.008563713
Warm A,44897,303,302,1187,686,1,0.0025898567
Warm A,42634,293,292,1187,686,1,0.0025506907
Warm A,39297,267,266,1187,686,1,0.006676593
Warm A,33263,225,224,1187,686,1,0.009378095
Warm A,31661,216,215,1187,686,0,0.009995615
Warm A,26213,187,186,1187,686,1,0.007339663
Warm A,21354,157,156,1187,686,1,0.0045182947
Warm A,17334,136,135,1187,686,1,0.0051130685
Warm A,10072,72,71,1187,686,1,0.008464113
Warm A,357464,2092,2091,1187,686,1,-0.0004405994
Warm A,153672,987,986,1187,686,1,0.00245215
Warm A,49039,329,328,1187,686,1,0.0031164982
Warm A,932542,5630,5629,1187,686,1,0.0039463704
Warm A,484316,2980,2979,1187,686,1,0.0068650823
Warm A,420997,2544,2543,1187,686,0,0.0040634256
Warm A,144915,934,933,1187,686,0,0.005555581
Warm A,860093,5172,5171,1187,686,1,-9.639608e-05
Warm A,905301,5475,5474,1187,686,1,0.008211093
Warm A,335905,1980,1979,1187,686,1,0.002581554
Warm A,49871,331,330,1187,686,1,-0.005144055
Warm A,287712,1717,1716,1187,686,0,0.006819312
Warm A,699680,4186,4185,1187,686,1,0.0075753224
Warm A,187639,1164,1163,1187,686,1,0.004136481
Warm A,807152,4831,4830,1187,686,1,0.004374636
Warm A,293754,1748,1747,1187,686,0,0.0031171683
Warm A,790425,4728,4727,1187,686,0,0.013021163
Warm A,290210,1733,1732,1187,686,1,0.0036775968
Warm A,841127,5054,5053,1187,686,1,0.0068200356
Warm A,241207,1451,1450,1187,686,1,0.0054383967
Warm A,322359,1912,1911,1187,686,0,0.0104736965
Warm A,443826,2737,2736,1190,689,1,0.011983815
Warm A,427637,2597,2596,1190,689,0,0.0011141442
Warm A,395882,2340,2339,1190,689,1,0.008251852
Warm A,382876,2237,2236,1190,689,1,0.0020766903
Warm A,365211,2125,2124,1190,689,1,0.009555313
Warm A,364320,2122,2121,1190,689,0,0.008793784
Warm A,361639,2109,2108,1190,689,0,0.0074560186
Warm A,310121,1845,1844,1190,689,1,0.009369235
Warm A,279266,1680,1679,1190,689,1,0.002638035
Warm A,280850,1685,1684,1190,689,0,0.011401139
Warm A,296472,1758,1757,1190,689,1,0.0007914782
Warm A,209761,1281,1280,1190,689,0,0.019523554
Warm A,196513,1207,1206,1190,689,0,0.006930764
Warm A,179115,1124,1123,1190,689,1,-0.00397226
Warm A,168442,1069,1068,1190,689,0,-0.0020521223
Warm A,159273,1017,1016,1190,689,0,0.009246723
Warm A,131164,850,849,1190,689,1,0.0018801684
Warm A,119256,770,769,1190,689,0,0.008028533
Warm A,106069,699,698,1190,689,0,0.0050224112
Warm A,176951,1117,1116,1190,689,1,0.0027206577
Warm A,97845,655,654,1190,689,0,0.008453654
Warm A,696324,4169,4168,1190,689,1,0.015820429
Warm A,241214,1451,1450,1190,689,0,0.0056347814
Warm A,90001,593,592,1190,689,1,0.0037504237
Warm A,432141,2634,2633,1190,689,0,0.0055650524
Warm A,190940,1181,1180,1190,689,0,0.006860739
Warm A,83139,549,548,1190,689,0,0.003916776
Warm A,67191,452,451,1190,689,1,0.010086074
Warm A,201557,1242,1241,1190,689,0,0.005191939
Warm A,38134,261,260,1190,689,1,0.003577365
Warm A,30178,203,202,1190,689,0,-0.0008263381
Warm A,24757,175,174,1190,689,1,0.011603752
Warm A,7418,53,52,1190,689,1,0.005507979
Warm A,633268,3824,3823,1190,689,1,0.0056275227
Warm A,158213,1015,1014,1190,689,1,0.0129070105
Warm A,18499,146,145,1190,689,0,0.0039473143
Warm A,932544,5630,5629,1190,689,1,0.009410551
Warm A,34524,235,234,1190,689,0,0.014483007
Warm A,212070,1291,1290,1190,689,1,0.013486538
Warm A,891548,5387,5386,1190,689,1,-0.007942136
Warm A,575816,3520,3519,1190,689,0,0.0055076703
Warm A,210154,1284,1283,1190,689,1,0.007199946
Warm A,330726,1952,1951,1190,689,1,0.009929067
Warm A,129413,839,838,1190,689,0,0.015241006
Warm A,933466,5636,5635,1190,689,1,0.018278927
Warm A,882141,5329,5328,1190,689,1,0.014939688
Warm A,19752,149,148,1190,689,1,0.0044370485
Warm A,843934,5074,5073,1190,689,0,0.011342114
Warm A,608626,3691,3690,1190,689,1,0.01020778
Warm A,310683,1851,1850,1190,689,0,0.0058143847
Warm A,622124,3768,3767,1190,689,0,0.011319519
Warm A,365761,2129,2128,1190,689,0,0.0071834037
Warm A,508220,3128,3127,1190,689,1,0.0068426086
Warm A,261188,1597,1596,1190,689,0,0.0037746949
Warm A,490279,3017,3016,1190,689,0,0.0086780805
Warm A,713077,4277,4276,1190,689,1,0.0135734845
Warm A,457942,2820,2819,1190,689,0,0.0025586106
Warm A,317715,1889,1888,1190,689,1,-0.0023735263
Warm A,160101,1019,1018,1190,689,0,0.019294217
Warm A,511856,3158,3157,1190,689,1,0.008328324
Warm A,805701,4823,4822,1190,689,1,0.011748104
Warm A,488138,3002,3001,1190,689,1,-0.0009288441
Warm A,195451,1203,1202,1190,689,0,0.0054291105
Warm A,772674,4607,4606,1190,689,0,0.012903915
Warm A,285319,1701,1700,1190,689,1,0.013788883
Warm A,246870,1491,1490,1190,689,0,0.0074650464
Warm A,226093,1369,1368,1190,689,1,0.011609297
Warm A,463859,2859,2858,1190,689,1,0.008523003
Warm A,116214,752,751,1190,689,0,0.022984222
Warm A,790430,4728,4727,1190,689,1,0.0068831984
Warm A,768722,4579,4578,1190,689,1,0.0016502171
Warm A,974327,5878,5877,1190,689,0,-0.0010762627
Warm A,443828,2737,2736,1192,691,1,0.013308143
Warm A,443344,2733,2732,1192,691,1,0.0010853799
Warm A,442405,2724,2723,1192,691,1,0.013565229
Warm A,437756,2674,2673,1192,691,1,0.009587448
Warm A,416614,2507,2506,1192,691,1,0.016683877
Warm A,390702,2293,2292,1192,691,1,0.013894242
Warm A,338142,1988,1987,1192,691,0,0.025330765
Warm A,330966,1954,1953,1192,691,1,0.018724091
Warm A,295276,1753,1752,1192,691,0,0.0104623465
Warm A,264150,1607,1606,1192,691,0,0.018254966
Warm A,225090,1361,1360,1192,691,1,-0.0023705717
Warm A,215320,1305,1304,1192,691,1,0.005875119
Warm A,212071,1291,1290,1192,691,1,0.015781328
Warm A,243956,1470,1469,1192,691,0,0.031444587
Warm A,279271,1680,1679,1192,691,1,0.017809497
Warm A,158217,1015,1014,1192,691,0,0.020729577
Warm A,149005,958,957,1192,691,1,-0.0009993571
Warm A,154605,998,997,1192,691,1,0.018882183
Warm A,185307,1150,1149,1192,691,0,0.018665856
Warm A,139403,891,890,1192,691,1,0.020171117
Warm A,133532,863,862,1192,691,1,0.019808525
Warm A,125374,806,805,1192,691,1,0.0024265791
Warm A,116217,752,751,1192,691,1,0.022290159
Warm A,97846,655,654,1192,691,1,0.017863125
Warm A,190945,1181,1180,1192,691,0,0.012569224
Warm A,238948,1448,1447,1192,691,1,0.022336682
Warm A,59862,408,407,1192,691,1,0.002618859
Warm A,201560,1242,1241,1192,691,0,0.016058812
Warm A,41399,281,280,1192,691,0,0.011725767
Warm A,42046,285,284,1192,691,0,0.0058963425
Warm A,34528,235,234,1192,691,1,0.019359423
Warm A,33282,225,224,1192,691,1,0.0149091
Warm A,199851,1227,1226,1192,691,1,0.011056719
Warm A,26228,187,186,1192,691,1,0.016151058
Warm A,22930,166,165,1192,691,1,0.007919517
Warm A,20317,150,149,1192,691,0,0.014177389
Warm A,306,5,4,1192,691,1,0.016803455
Warm A,500988,3079,3078,1192,691,1,0.005025332
Warm A,102265,678,677,1192,691,1,0.016582824
Warm A,635655,3832,3831,1192,691,1,0.010026314
Warm A,464165,2860,2859,1192,691,1,0.013216937
Warm A,501302,3080,3079,1192,691,0,0.011597543
Warm A,66048,442,441,1192,691,0,0.011912198
Warm A,753285,4489,4488,1192,691,1,0.020623546
Warm A,891549,5387,5386,1192,691,1,0.0031037
Warm A,20191,149,148,1202,700,0,0.019524638
Warm A,421283,2544,2543,1202,700,0,0.015851054
Warm A,932607,5630,5629,1202,700,1,0.010500422
Warm A,249978,1505,1504,1202,700,0,0.011260881
Warm A,713431,4277,4276,1202,700,0,0.019429564
Warm A,369277,2159,2158,1202,700,1,0.011591591
Warm A,20915,151,150,1202,700,1,0.007964101
Warm A,535166,3301,3300,1202,700,0,0.009026955
Warm A,209001,1274,1273,1202,700,1,0.008927517
Warm A,34830,235,234,1202,700,0,0.009101741
Warm A,319632,1897,1896,1202,700,0,0.017101888
Warm A,290597,1733,1732,1202,700,1,0.011536673
Warm A,638689,3841,3840,1209,707,1,0.009542986
Warm A,621400,3762,3761,1209,707,0,0.01057396
Warm A,745119,4448,4447,1209,707,1,0.013576314
Warm A,600646,3651,3650,1209,707,1,0.01438693
Warm A,598434,3641,3640,1209,707,0,0.0040118913
Warm A,597607,3635,3634,1209,707,1,0.013412792
Warm A,585904,3576,3575,1209,707,1,0.0102203
Warm A,594425,3618,3617,1209,707,0,0.005574222
Warm A,581475,3550,3549,1209,707,1,0.008317022
Warm A,572543,3507,3506,1209,707,1,0.016568707
Warm A,568836,3490,3489,1209,707,1,0.020454075
Warm A,566543,3476,3475,1209,707,1,0.0026923085
Warm A,559498,3436,3435,1209,707,1,0.010426643
Warm A,553299,3403,3402,1209,707,1,0.0022169962
Warm A,553072,3402,3401,1209,707,1,0.008127517
Warm A,713445,4277,4276,1209,707,1,0.014048191
Warm A,543527,3346,3345,1209,707,1,0.0062564407
Warm A,539623,3319,3318,1209,707,0,0.0033409267
Warm A,531807,3283,3282,1209,707,1,0.002494929
Warm A,530085,3272,3271,1209,707,1,0.012705211
Warm A,509290,3135,3134,1209,707,1,0.00090594543
Warm A,505361,3108,3107,1209,707,0,0.010633074
Warm A,491021,3018,3017,1209,707,1,0.022787102
Warm A,768884,4579,4578,1209,707,1,0.007705174
Warm A,484198,2978,2977,1209,707,1,0.002315307
Warm A,479389,2941,2940,1209,707,1,0.009948782
Warm A,476951,2928,2927,1209,707,1,0.019761356
Warm A,471738,2901,2900,1209,707,0,0.011048002
Warm A,470674,2897,2896,1209,707,1,0.014827091
Warm A,474193,2909,2908,1209,707,1,0.011199601
Warm A,852747,5113,5112,1209,707,0,0.010433206
Warm A,463665,2857,2856,1209,707,0,0.024047937
Warm A,453174,2791,2790,1209,707,1,0.006402745
Warm A,445024,2744,2743,1209,707,0,-0.0010136277
Warm A,429780,2619,2618,1209,707,1,0.012796552
Warm A,421836,2550,2549,1209,707,1,0.0064979275
Warm A,421297,2544,2543,1209,707,1,0.016466342
Warm A,427128,2592,2591,1209,707,0,0.0024007908
Warm A,416996,2507,2506,1209,707,1,0.017689304
Warm A,413059,2484,2483,1209,707,0,0.0059111044
Warm A,432924,2638,2637,1209,707,1,0.015712135
Warm A,412208,2478,2477,1209,707,0,0.012898233
Warm A,390802,2293,2292,1209,707,1,0.009937624
Warm A,390225,2288,2287,1209,707,1,0.01276607
Warm A,389154,2279,2278,1209,707,1,0.0068371734
Warm A,370134,2164,2163,1209,707,1,0.012231701
Warm A,365039,2124,2123,1209,707,1,0.015076815
Warm A,356581,2088,2087,1209,707,1,0.0057292255
Warm A,375757,2188,2187,1209,707,1,0.022378042
Warm A,343815,2018,2017,1209,707,0,0.011085972
Warm A,330045,1947,1946,1209,707,1,0.008887118
Warm A,323320,1916,1915,1209,707,0,0.020706924
Warm A,325076,1925,1924,1209,707,1,0.008702337
Warm A,282419,1693,1692,1209,707,1,0.0031919023
Warm A,275771,1667,1666,1209,707,1,0.012007825
Warm A,345556,2026,2025,1209,707,1,0.0057463865
Warm A,354381,2073,2072,1209,707,0,0.013550937
Warm A,294548,1749,1748,1209,707,1,0.009016226
Warm A,237455,1446,1445,1209,707,1,0.0072750035
Warm A,244790,1473,1472,1209,707,1,0.0101991445
Warm A,631869,3821,3820,1209,707,1,0.011014665
Warm A,317108,1884,1883,1209,707,1,0.011637061
Warm A,284588,1698,1697,1209,707,1,0.009339174
Warm A,207405,1267,1266,1209,707,1,0.014609091
Warm A,197504,1211,1210,1209,707,1,0.008532832
Warm A,197993,1216,1215,1209,707,1,0.0083760545
Warm A,220101,1333,1332,1209,707,1,0.012843973
Warm A,307788,1835,1834,1209,707,1,0.018859737
Warm A,191563,1181,1180,1209,707,1,0.026186083
Warm A,165843,1057,1056,1209,707,0,0.0024587922
Warm A,162084,1033,1032,1209,707,0,0.009344056
Warm A,162404,1034,1033,1209,707,0,-5.4380507e-05
Warm A,160791,1021,1020,1209,707,0,0.0119439475
Warm A,160495,1019,1018,1209,707,1,0.015018139
Warm A,153873,989,988,1209,707,1,0.011638328
Warm A,158755,1015,1014,1209,707,1,0.020614978
Warm A,147170,948,947,1209,707,1,0.0027185297
Warm A,144301,929,928,1209,707,1,0.022340152
Warm A,374927,2185,2184,1209,707,1,0.0076114917
Warm A,141731,911,910,1209,707,0,0.01058432
Warm A,121776,783,782,1209,707,1,0.0054780217
Warm A,118894,769,768,1209,707,0,0.0013685408
Warm A,254187,1545,1544,1209,707,1,0.010582672
Warm A,101776,677,676,1209,707,1,0.0091969725
Warm A,95612,639,638,1209,707,0,0.013950568
Warm A,72405,482,481,1209,707,1,0.016449062
Warm A,68931,461,460,1209,707,1,0.012647637
Warm A,65066,437,436,1209,707,0,-0.0004831236
Warm A,59974,408,407,1209,707,1,0.0010085393
Warm A,68086,456,455,1209,707,0,0.010959014
Warm A,56502,377,376,1209,707,1,0.013773335
Warm A,240621,1449,1448,1209,707,1,0.017859034
Warm A,50912,335,334,1209,707,1,0.006108924
Warm A,696822,4169,4168,1209,707,1,0.014336561
Warm A,99125,660,659,1209,707,1,0.010843513
Warm A,148003,953,952,1209,707,1,0.012173031
Warm A,482080,2962,2961,1209,707,0,0.021980472
Warm A,451885,2781,2780,1209,707,1,0.007215446
Warm A,9908,68,67,1209,707,0,0.00250801
Warm A,9440,62,61,1209,707,1,0.0026382483
Warm A,55366,366,365,1209,707,1,0.0051388736
Warm A,105307,696,695,1209,707,1,0.009297556
Warm A,290608,1733,1732,1209,707,1,0.017842207
Warm A,552709,3401,3400,1209,707,1,0.016108954
Warm A,154121,993,992,1209,707,1,0.0053035044
Warm A,433323,2641,2640,1209,707,1,0.017980656
Warm A,512002,3158,3157,1209,707,1,0.020026818
Warm A,958926,5787,5786,1209,707,1,0.003219307
Warm A,322776,1912,1911,1209,707,0,0.012528994
Warm A,24538,173,172,1209,707,0,0.0066240653
Warm A,371868,2172,2171,1209,707,1,0.014594093
Warm A,63478,424,423,1209,707,1,0.0141561255
Warm A,906632,5484,5483,1209,707,1,0.009386994
Warm A,401098,2389,2388,1216,714,0,0.00013975857
Warm A,391282,2301,2300,1216,714,0,-0.0032399874
Warm A,365313,2125,2124,1216,714,1,0.0050554876
Warm A,213754,1298,1297,1216,714,1,-0.004013672
Warm A,308994,1837,1836,1216,714,1,0.0083806235
Warm A,138960,889,888,1216,714,0,0.0064698025
Warm A,135923,877,876,1216,714,0,-0.0031136319
Warm A,134777,870,869,1216,714,0,-0.0048928666
Warm A,228629,1383,1382,1216,714,1,0.0008530369
Warm A,80808,536,535,1216,714,1,0.0019536235
Warm A,40574,272,271,1216,714,1,-0.005713076
Warm A,30877,205,204,1216,714,1,0.0034543439
Warm A,4088,30,29,1216,714,1,0.002751378
Warm A,1444,13,12,1216,714,0,0.005412066
Warm A,74339,507,506,1216,714,1,-0.0027805064
Warm A,432939,2638,2637,1216,714,0,0.010529305
Warm A,212199,1291,1290,1216,714,0,0.0076756706
Warm A,78738,528,527,1216,714,0,0.0037038445
Warm A,605410,3679,3678,1216,714,0,-0.004303867
Warm A,460900,2841,2840,1216,714,1,0.0047972915
Warm A,20942,151,150,1216,714,1,-0.00035891193
Warm A,187853,1164,1163,1216,714,1,0.0055071893
Warm A,380983,2225,2224,1216,714,0,0.0009611435
Warm A,28460,195,194,1216,714,1,0.004529344
Warm A,589255,3592,3591,1216,714,1,0.011301767
Warm A,857921,5156,5155,1216,714,0,0.009888217
Warm A,113638,736,735,1216,714,1,0.0036439963
Warm A,319680,1897,1896,1236,732,0,-0.00023250916
Warm A,212220,1291,1290,1236,732,0,-0.004067745
Warm A,209835,1281,1280,1236,732,1,0.0046141427
Warm A,209058,1274,1273,1236,732,1,0.0065190424
Warm A,308255,1836,1835,1236,732,0,0.0039230837
Warm A,309031,1837,1836,1236,732,1,0.0048498604
Warm A,294595,1749,1748,1236,732,1,0.0021980435
Warm A,197541,1211,1210,1236,732,1,0.004987819
Warm A,185959,1150,1149,1236,732,1,0.01404474
Warm A,212595,1294,1293,1236,732,1,0.008570285
Warm A,307832,1835,1834,1236,732,1,0.016829265
Warm A,201867,1242,1241,1236,732,1,0.0026047179
Warm A,168765,1069,1068,1236,732,1,0.0060805758
Warm A,158835,1015,1014,1236,732,1,-0.004017403
Warm A,150307,968,967,1236,732,1,-0.0055144457
Warm A,150152,966,965,1236,732,0,-0.005104352
Warm A,298264,1767,1766,1236,732,1,0.0024442344
Warm A,132791,855,854,1236,732,1,-0.0004348571
Warm A,112785,731,730,1236,732,0,0.0059343283
Warm A,631934,3821,3820,1236,732,0,0.001583938
Warm A,78186,527,526,1236,732,1,0.0021521756
Warm A,70318,474,473,1236,732,0,-0.00018019346
Warm A,57296,386,385,1236,732,1,-0.0029204087
Warm A,33732,225,224,1236,732,1,0.0010116587
Warm A,983080,5938,5937,1236,732,1,0.0012214256
Warm A,773486,4610,4609,1236,732,1,-0.0040235245
Warm A,169991,1079,1078,1236,732,1,-0.0024286301
Warm A,290663,1733,1732,1236,732,1,0.00936535
Warm A,20985,151,150,1236,732,1,0.0053856135
Warm A,34901,235,234,1236,732,1,0.010287946
Warm A,41293,278,277,1241,736,1,0.00854666
Warm A,158854,1015,1014,1241,736,0,0.013257382
Warm A,44883,302,301,1241,736,1,0.0015880307
Warm A,474442,2910,2909,1241,736,1,-0.0029637571
Warm A,290676,1733,1732,1241,736,1,0.01538375
Warm A,329693,1943,1942,1241,736,1,0.0105198
Warm A,238443,1447,1446,1241,736,1,0.0064871404
Warm A,63584,424,423,1241,736,1,0.0079514505
Warm A,8904,59,58,1241,736,0,0.0077138357
Warm A,879202,5312,5311,1241,736,1,0.0065925773
Warm A,578884,3539,3538,1273,767,1,0.008320676
Warm A,580356,3546,3545,1273,767,1,0.004363357
Warm A,713582,4277,4276,1273,767,1,0.010598506
Warm A,593266,3618,3617,1273,767,0,0.010054327
Warm A,561763,3455,3454,1273,767,1,0.010223625
Warm A,557509,3425,3424,1273,767,1,0.0037385512
Warm A,645039,3885,3884,1273,767,1,0.0070763635
Warm A,543358,3346,3345,1273,767,1,0.008699721
Warm A,541932,3336,3335,1273,767,0,0.0070531843
Warm A,534558,3300,3299,1273,767,0,-0.0034218314
Warm A,534252,3299,3298,1273,767,1,0.0014343974
Warm A,916843,5539,5538,1273,767,1,-0.00011795666
Warm A,523170,3226,3225,1273,767,1,-0.0040139845
Warm A,521832,3220,3219,1273,767,1,0.003998235
Warm A,522095,3224,3223,1273,767,1,0.00780859
Warm A,696983,4169,4168,1273,767,0,0.011829205
Warm A,510071,3142,3141,1273,767,1,0.0018156494
Warm A,548655,3387,3386,1273,767,0,-0.0003862367
Warm A,482502,2967,2966,1273,767,0,0.0063932003
Warm A,479575,2943,2942,1273,767,1,0.004889006
Warm A,474568,2913,2912,1273,767,1,0.004293066
Warm A,461958,2849,2848,1273,767,1,0.0055923434
Warm A,457587,2820,2819,1273,767,1,0.004317427
Warm A,456865,2813,2812,1273,767,1,-0.0033926251
Warm A,448306,2764,2763,1273,767,1,0.0044562398
Warm A,446259,2752,2751,1273,767,1,-0.006287491
Warm A,445864,2750,2749,1273,767,1,0.0010094242
Warm A,564102,3471,3470,1273,767,1,0.018764386
Warm A,437698,2674,2673,1273,767,1,-0.011740869
Warm A,437331,2670,2669,1273,767,0,-0.00020482345
Warm A,428497,2608,2607,1273,767,1,0.0032257806
Warm A,402109,2402,2401,1273,767,1,0.0010164328
Warm A,383872,2243,2242,1273,767,1,0.004307096
Warm A,385108,2251,2250,1273,767,1,-0.0028678789
Warm A,381473,2231,2230,1273,767,0,0.0063812993
Warm A,371941,2173,2172,1273,767,1,0.0041639586
Warm A,299319,1777,1776,1273,767,1,-0.0073422333
Warm A,285862,1706,1705,1273,767,1,-0.0021598237
Warm A,292059,1741,1740,1273,767,1,0.0020766421
Warm A,284704,1699,1698,1273,767,0,0.004774617
Warm A,275977,1671,1670,1273,767,1,0.007381132
Warm A,278501,1680,1679,1273,767,0,0.009836074
Warm A,274248,1658,1657,1273,767,1,0.00891447
Warm A,264049,1607,1606,1273,767,0,-0.00011464162
Warm A,631282,3821,3820,1273,767,1,0.0044804006
Warm A,208172,1273,1272,1273,767,1,0.00363374
Warm A,294105,1749,1748,1273,767,1,0.0075319503
Warm A,363616,2118,2117,1273,767,1,-0.0064722393
Warm A,293055,1746,1745,1273,767,1,0.008836494
Warm A,189924,1179,1178,1273,767,0,0.01239357
Warm A,212357,1294,1293,1273,767,1,0.002033894
Warm A,184767,1150,1149,1273,767,1,0.0064260634
Warm A,180094,1128,1127,1273,767,0,0.0024861535
Warm A,176470,1116,1115,1273,767,1,-0.0011994492
Warm A,190277,1181,1180,1273,767,0,-0.0038197772
Warm A,157666,1015,1014,1273,767,0,0.0044167046
Warm A,319787,1899,1898,1273,767,1,-0.0032955175
Warm A,151897,977,976,1273,767,0,-0.0040135616
Warm A,260795,1594,1593,1273,767,0,-0.0093781985
Warm A,137654,889,888,1273,767,0,0.009956202
Warm A,159726,1019,1018,1273,767,1,0.0037006787
Warm A,130936,850,849,1273,767,1,0.0046154056
Warm A,130424,846,845,1273,767,1,0.012122725
Warm A,239572,1449,1448,1273,767,1,0.013223741
Warm A,201308,1242,1241,1273,767,1,0.0008275402
Warm A,210491,1285,1284,1273,767,0,0.005826329
Warm A,92095,613,612,1273,767,1,0.008859713
Warm A,283785,1698,1697,1273,767,1,0.0041727787
Warm A,83781,550,549,1273,767,1,0.009550393
Warm A,75638,515,514,1273,767,1,0.003367324
Warm A,69414,466,465,1273,767,1,-0.0029431453
Warm A,62184,420,419,1273,767,1,0.0010920626
Warm A,34548,235,234,1273,767,1,-0.004196548
Warm A,21890,161,160,1273,767,1,-0.00040744385
Warm A,21386,157,156,1273,767,0,0.012792064
Warm A,370858,2168,2167,1273,767,1,0.0027748614
Warm A,203632,1252,1251,1273,767,1,0.00049118814
Warm A,545945,3367,3366,1273,767,0,0.0021641967
Warm A,249727,1505,1504,1273,767,1,0.007118454
Warm A,835165,5019,5018,1273,767,1,-0.005916618
Warm A,321997,1912,1911,1273,767,0,0.0062619713
Warm A,902936,5458,5457,1273,767,1,0.0016443107
Warm A,193379,1194,1193,1273,767,1,-0.006206599
Warm A,289906,1733,1732,1273,767,1,0.009247549
Warm A,310499,1851,1850,1273,767,0,0.0032677748
Warm A,346547,2031,2030,1273,767,0,0.0038567577
Warm A,757510,4508,4507,1279,773,0,0.010927185
Warm A,751083,4480,4479,1279,773,1,0.0057198484
Warm A,741557,4430,4429,1279,773,1,0.0029924065
Warm A,744177,4447,4446,1279,773,0,0.0054126796
Warm A,729602,4362,4361,1279,773,0,0.0054442333
Warm A,714630,4279,4278,1279,773,0,0.011684885
Warm A,725715,4344,4343,1279,773,0,0.0010619115
Warm A,678102,4064,4063,1279,773,0,0.00045971991
Warm A,784324,4682,4681,1279,773,1,0.0047375644
Warm A,655660,3950,3949,1279,773,1,0.010229083
Warm A,670040,4028,4027,1279,773,1,0.0037348077
Warm A,644378,3884,3883,1279,773,0,-0.0014932614
Warm A,638841,3842,3841,1279,773,1,0.00019109296
Warm A,613807,3718,3717,1279,773,1,-0.00025078421
Warm A,603539,3673,3672,1279,773,0,0.0031295817
Warm A,590614,3603,3602,1279,773,1,0.008301643
Warm A,588950,3592,3591,1279,773,0,-0.0011687074
Warm A,583804,3563,3562,1279,773,1,-0.0030158977
Warm A,578892,3539,3538,1279,773,1,-0.0044281185
Warm A,580360,3546,3545,1279,773,1,0.0023972075
Warm A,593273,3618,3617,1279,773,0,0.0013860136
Warm A,560308,3444,3443,1279,773,0,0.008742079
Warm A,575062,3519,3518,1279,773,1,-0.0043197237
Warm A,546646,3371,3370,1279,773,1,0.002920739
Warm A,541936,3336,3335,1279,773,0,0.0010040733
Warm A,534255,3299,3298,1279,773,1,-0.012239542
Warm A,531832,3284,3283,1279,773,1,0.0041418215
Warm A,532910,3292,3291,1279,773,1,0.0020279593
Warm A,534920,3301,3300,1279,773,0,0.0081527475
Warm A,524778,3240,3239,1279,773,0,-0.0044736434
Warm A,522100,3224,3223,1279,773,1,-0.0018396378
Warm A,527211,3261,3260,1279,773,1,-0.002942158
Warm A,510410,3145,3144,1279,773,1,-0.00048334757
Warm A,574560,3518,3517,1279,773,1,0.003956247
Warm A,816154,4899,4898,1279,773,1,-0.00050661014
Warm A,499077,3067,3066,1279,773,0,0.003838787
Warm A,632854,3824,3823,1279,773,1,-0.0023284839
Warm A,490135,3017,3016,1279,773,0,-0.004069158
Warm A,482508,2967,2966,1279,773,0,0.0054426114
Warm A,475037,2916,2915,1279,773,1,0.0013570825
Warm A,470827,2899,2898,1279,773,1,0.0046831574
Warm A,465500,2872,2871,1279,773,0,0.0011986978
Warm A,465316,2870,2869,1279,773,0,-0.0014228197
Warm A,459554,2832,2831,1279,773,1,0.0026485901
Warm A,458822,2825,2824,1279,773,0,0.0049046474
Warm A,457590,2820,2819,1279,773,0,0.008668959
Warm A,443666,2737,2736,1279,773,1,0.00566605
Warm A,431322,2628,2627,1279,773,1,0.0015112339
Warm A,425147,2581,2580,1279,773,1,0.0027752966
Warm A,446652,2753,2752,1279,773,0,-0.00013956567
Warm A,416273,2507,2506,1279,773,1,0.00214576
Warm A,402040,2401,2400,1279,773,1,0.006637127
Warm A,398889,2376,2375,1279,773,1,0.0011326828
Warm A,378107,2206,2205,1279,773,1,-0.0021104096
Warm A,377614,2205,2204,1279,773,0,1.3752491e-05
Warm A,713589,4277,4276,1279,773,1,5.1434152e-05
Warm A,347081,2036,2035,1279,773,1,0.0021132433
Warm A,346548,2031,2030,1279,773,1,0.0013741702
Warm A,337888,1988,1987,1279,773,0,0.0051196716
Warm A,333222,1968,1967,1279,773,0,0.0109326
Warm A,335380,1980,1979,1279,773,0,0.0028898823
Warm A,304601,1812,1811,1279,773,1,0.0019395095
Warm A,286181,1709,1708,1279,773,0,0.0037226425
Warm A,285866,1706,1705,1279,773,1,-0.00016248459
Warm A,284708,1699,1698,1279,773,0,0.010746432
Warm A,274254,1658,1657,1279,773,1,0.0036835503
Warm A,282495,1694,1693,1279,773,1,0.0017719679
Warm A,278510,1680,1679,1279,773,1,-0.0035075068
Warm A,268720,1632,1631,1279,773,0,-0.0051921937
Warm A,256421,1565,1564,1279,773,1,-0.006766791
Warm A,231909,1407,1406,1279,773,1,0.0040606842
Warm A,249418,1503,1502,1279,773,1,-0.0001505888
Warm A,240901,1451,1450,1279,773,1,0.0013056577
Warm A,357171,2092,2091,1279,773,1,0.007154012
Warm A,269642,1635,1634,1279,773,1,0.004062224
Warm A,296284,1758,1757,1279,773,1,0.0052980306
Warm A,212728,1297,1296,1279,773,1,-0.00075161504
Warm A,203745,1253,1252,1279,773,0,0.004420723
Warm A,329079,1943,1942,1279,773,1,0.0017867852
Warm A,184772,1150,1149,1279,773,1,0.0074075907
Warm A,212358,1294,1293,1279,773,1,0.0109790675
Warm A,307130,1835,1834,1279,773,1,-0.0022919048
Warm A,201309,1242,1241,1279,773,0,0.0030230323
Warm A,176473,1116,1115,1279,773,1,-0.006648853
Warm A,173451,1100,1099,1279,773,1,-0.00650283
Warm A,163614,1050,1049,1279,773,0,0.0016865621
Warm A,157670,1015,1014,1279,773,0,-0.0016534904
Warm A,150253,968,967,1279,773,1,0.0042815725
Warm A,149996,966,965,1279,773,1,-0.00032946083
Warm A,149446,963,962,1279,773,0,0.0021801973
Warm A,147694,952,951,1279,773,1,-0.0004091072
Warm A,142288,919,918,1279,773,1,-0.00038585556
Warm A,137661,889,888,1279,773,0,0.006790027
Warm A,159731,1019,1018,1279,773,1,0.0049146963
Warm A,127606,824,823,1279,773,0,-0.005267276
Warm A,112201,731,730,1279,773,0,-3.1697564e-06
Warm A,101605,677,676,1279,773,0,-0.0043894434
Warm A,100706,673,672,1279,773,0,0.0030188384
Warm A,239578,1449,1448,1279,773,1,-0.0022575944
Warm A,97658,655,654,1279,773,0,0.003652646
Warm A,94519,635,634,1279,773,1,0.0054280823
Warm A,631285,3821,3820,1279,773,0,0.002506656
Warm A,696989,4169,4168,1279,773,0,0.0020333445
Warm A,283792,1698,1697,1279,773,1,-0.0045289993
Warm A,322001,1912,1911,1279,773,1,0.004497523
Warm A,83790,550,549,1279,773,1,0.007296842
Warm A,190286,1181,1180,1279,773,0,0.011657804
Warm A,67678,454,453,1279,773,1,0.0025641397
Warm A,70039,474,473,1279,773,1,0.0009428065
Warm A,52429,346,345,1279,773,1,0.0030492959
Warm A,51624,339,338,1279,773,1,0.004561471
Warm A,132218,855,854,1279,773,0,0.0024881181
Warm A,31726,216,215,1279,773,0,-0.0034683617
Warm A,29021,199,198,1279,773,0,0.0034272624
Warm A,734519,4387,4386,1279,773,0,-0.005963865
Warm A,860240,5172,5171,1279,773,1,-0.0014076222
Warm A,17373,136,135,1279,773,1,0.0023307777
Warm A,6457,46,45,1279,773,0,0.0030890347
Warm A,7451,53,52,1279,773,1,0.0064528277
Warm A,6214,45,44,1279,773,0,-0.0036592581
Warm A,337,5,4,1279,773,0,0.0004847874
Warm A,92971,623,622,1279,773,1,0.008466032
Warm A,245410,1483,1482,1279,773,1,0.003014442
Warm A,202880,1246,1245,1279,773,0,0.0077675637
Warm A,76258,518,517,1279,773,1,0.00082138646
Warm A,370863,2168,2167,1279,773,1,0.0012328203
Warm A,475355,2918,2917,1279,773,0,0.0032918828
Warm A,114191,743,742,1279,773,1,0.0050387885
Warm A,750568,4478,4477,1279,773,1,0.003593876
Warm A,195181,1203,1202,1279,773,0,-0.0019143121
Warm A,699860,4186,4185,1279,773,1,-0.0007374701
Warm A,289914,1733,1732,1279,773,1,-0.0015225424
Warm A,790623,4728,4727,1279,773,0,0.0082015935
Warm A,214604,1303,1302,1279,773,0,0.007445825
Warm A,725727,4344,4343,1289,783,1,0.0015554945
Warm A,717470,4298,4297,1289,783,1,-0.003575698
Warm A,711523,4269,4268,1289,783,1,-0.0014853321
Warm A,702922,4215,4214,1289,783,1,-0.00068871083
Warm A,678122,4064,4063,1289,783,1,0.0033656487
Warm A,669677,4026,4025,1289,783,1,0.0037041577
Warm A,646987,3894,3893,1289,783,1,0.0015852742
Warm A,644389,3884,3883,1289,783,0,0.0009446377
Warm A,804433,4816,4815,1289,783,1,0.007832687
Warm A,639538,3844,3843,1289,783,1,0.005726427
Warm A,634591,3829,3828,1289,783,1,0.0002029743
Warm A,630215,3811,3810,1289,783,1,-0.005101799
Warm A,629008,3808,3807,1289,783,1,0.0019545138
Warm A,625728,3782,3781,1289,783,1,0.005117384
Warm A,626154,3790,3789,1289,783,1,-0.0074993707
Warm A,623722,3773,3772,1289,783,0,0.0072960765
Warm A,621859,3768,3767,1289,783,1,0.004202871
Warm A,618784,3751,3750,1289,783,0,0.010547515
Warm A,584403,3568,3567,1289,783,0,0.0026930994
Warm A,580767,3547,3546,1289,783,1,0.0028409127
Warm A,576027,3521,3520,1289,783,1,0.00062493375
Warm A,581196,3550,3549,1289,783,1,-0.006408689
Warm A,713603,4277,4276,1289,783,1,0.0034335102
Warm A,564876,3472,3471,1289,783,0,-0.0008493252
Warm A,904336,5468,5467,1289,783,1,0.0029290668
Warm A,551124,3394,3393,1289,783,1,0.0067693545
Warm A,549394,3390,3389,1289,783,1,0.0017793651
Warm A,543366,3346,3345,1289,783,1,-0.0024351464
Warm A,580371,3546,3545,1289,783,1,0.0051401006
Warm A,528479,3266,3265,1289,783,1,0.0017051206
Warm A,522115,3224,3223,1289,783,1,0.0022615653
Warm A,510419,3145,3144,1289,783,1,0.0030357568
Warm A,505512,3110,3109,1289,783,0,0.0078533385
Warm A,916851,5539,5538,1289,783,1,0.00010565203
Warm A,545953,3367,3366,1289,783,1,0.0009751434
Warm A,768953,4579,4578,1289,783,1,0.005302756
Warm A,484065,2978,2977,1289,783,0,0.005043305
Warm A,479118,2941,2940,1289,783,1,0.004541974
Warm A,484766,2986,2985,1289,783,0,0.008856695
Warm A,457598,2820,2819,1289,783,0,0.007719217
Warm A,459057,2826,2825,1289,783,0,-0.0012543063
Warm A,448317,2764,2763,1289,783,0,-0.002820779
Warm A,443553,2736,2735,1289,783,0,0.008324597
Warm A,437701,2674,2673,1289,783,1,0.01466503
Warm A,439321,2684,2683,1289,783,1,-0.00962024
Warm A,437338,2670,2669,1289,783,0,0.0040957765
Warm A,424176,2572,2571,1289,783,1,0.0021764766
Warm A,415986,2506,2505,1289,783,0,0.004690975
Warm A,416290,2507,2506,1289,783,1,0.0020524738
Warm A,401792,2397,2396,1289,783,0,0.00015427324
Warm A,393212,2310,2309,1289,783,0,-0.002267743
Warm A,390591,2293,2292,1289,783,1,0.007916126
Warm A,391858,2304,2303,1289,783,1,0.002198665
Warm A,388812,2279,2278,1289,783,1,0.009809885
Warm A,377622,2205,2204,1289,783,0,0.00065211114
Warm A,371942,2173,2172,1289,783,1,-0.0014409845
Warm A,358367,2098,2097,1289,783,0,-0.0020260755
Warm A,352876,2067,2066,1289,783,1,0.0086874375
Warm A,357188,2092,2091,1289,783,0,-0.0043225177
Warm A,310243,1846,1845,1289,783,1,-0.00470527
Warm A,295169,1753,1752,1289,783,1,-0.0041634403
Warm A,281957,1692,1691,1289,783,1,0.0009731611
Warm A,275359,1667,1666,1289,783,0,0.007815504
Warm A,275994,1671,1670,1289,783,0,0.0006446531
Warm A,252018,1525,1524,1289,783,1,0.0031640742
Warm A,315847,1882,1881,1289,783,1,-0.005438279
Warm A,325167,1926,1925,1289,783,1,-0.0017002625
Warm A,283810,1698,1697,1289,783,1,-0.002557925
Warm A,220776,1339,1338,1289,783,1,0.001677867
Warm A,289144,1727,1726,1289,783,1,0.011456555
Warm A,239597,1449,1448,1289,783,0,-0.0018158564
Warm A,207282,1267,1266,1289,783,1,0.010183902
Warm A,278537,1680,1679,1289,783,1,0.006875845
Warm A,294122,1749,1748,1289,783,0,0.002546873
Warm A,190311,1181,1180,1289,783,0,0.017175656
Warm A,327502,1941,1940,1289,783,0,0.007596
Warm A,210510,1285,1284,1289,783,1,0.00816317
Warm A,319805,1899,1898,1289,783,0,-0.0011149029
Warm A,156141,1005,1004,1289,783,1,-0.006102194
Warm A,166896,1062,1061,1289,783,1,0.014584336
Warm A,157686,1015,1014,1289,783,1,-0.0014952677
Warm A,151450,975,974,1289,783,1,-0.00062979735
Warm A,148947,958,957,1289,783,1,0.0005838652
Warm A,146673,946,945,1289,783,1,0.0046486063
Warm A,137685,889,888,1289,783,0,-0.002421196
Warm A,127613,824,823,1289,783,0,-0.0057676947
Warm A,314883,1880,1879,1289,783,1,-0.0036580134
Warm A,108891,713,712,1289,783,0,-0.0031295002
Warm A,103767,690,689,1289,783,1,0.00042924006
Warm A,97668,655,654,1289,783,1,-0.0009753895
Warm A,316553,1884,1883,1289,783,1,0.0036589552
Warm A,221982,1343,1342,1289,783,1,0.0041261245
Warm A,92100,613,612,1289,783,0,-0.0036013767
Warm A,88084,580,579,1289,783,0,-0.00086533045
Warm A,169475,1077,1076,1289,783,0,-0.00229423
Warm A,83812,550,549,1289,783,1,0.003158825
Warm A,74355,508,507,1289,783,1,0.0033321544
Warm A,201313,1242,1241,1289,783,1,0.0012512861
Warm A,34067,230,229,1289,783,1,-0.0002506089
Warm A,36192,245,244,1289,783,0,0.005902238
Warm A,88683,587,586,1289,783,0,0.0036104745
Warm A,947692,5722,5721,1289,783,1,0.0060437485
Warm A,440054,2691,2690,1289,783,1,0.0039784433
Warm A,61705,415,414,1289,783,1,0.0085525075
Warm A,17386,136,135,1289,783,1,0.0069618765
Warm A,19785,149,148,1289,783,1,0.0005066581
Warm A,267808,1628,1627,1289,783,0,0.0015845178
Warm A,686395,4107,4106,1289,783,1,-0.0020697094
Warm A,24182,173,172,1289,783,1,0.0025899392
Warm A,874063,5277,5276,1289,783,0,-0.001984708
Warm A,750576,4478,4477,1289,783,0,0.0020274643
Warm A,161249,1029,1028,1289,783,1,0.002447823
Warm A,261552,1599,1598,1289,783,1,0.0025584977
Warm A,294757,1752,1751,1289,783,0,0.0103013925
Warm A,325990,1930,1929,1289,783,1,0.008871507
Warm A,41302,279,278,1289,783,0,0.0045089945
Warm A,194653,1202,1201,1289,783,1,0.007920119
Warm A,840494,5049,5048,1289,783,1,-0.003691495
Warm A,372576,2176,2175,1289,783,1,0.0025285506
Warm A,193389,1194,1193,1289,783,1,0.0013573831
Warm A,195188,1203,1202,1289,783,1,0.0032402293
Warm A,825707,4958,4957,1289,783,1,0.003438842
Warm A,506200,3114,3113,1305,799,1,0.0069842194
Warm A,482701,2967,2966,1305,799,1,0.004690836
Warm A,697352,4169,4168,1305,799,0,0.011115903
Warm A,473592,2909,2908,1305,799,1,-0.0030792311
Warm A,457901,2820,2819,1305,799,0,0.0021575133
Warm A,453714,2793,2792,1305,799,1,0.0091314325
Warm A,446394,2752,2751,1305,799,1,0.01073903
Warm A,431392,2628,2627,1305,799,1,0.011695493
Warm A,416578,2507,2506,1305,799,1,-0.005174164
Warm A,391259,2301,2300,1305,799,1,0.0049431627
Warm A,392170,2304,2303,1305,799,1,0.016372304
Warm A,389431,2282,2281,1305,799,1,-0.0009863656
Warm A,388548,2275,2274,1305,799,1,-0.003910469
Warm A,298328,1768,1767,1305,799,1,0.00504129
Warm A,268999,1632,1631,1305,799,1,0.010129843
Warm A,258195,1583,1582,1305,799,1,0.00551591
Warm A,216658,1316,1315,1305,799,0,0.0032823344
Warm A,220350,1335,1334,1305,799,0,0.0012788698
Warm A,294285,1749,1748,1305,799,1,0.007803967
Warm A,279186,1680,1679,1305,799,1,0.008773951
Warm A,180281,1128,1127,1305,799,1,0.0016781166
Warm A,346184,2030,2029,1305,799,1,-0.0015221429
Warm A,246298,1489,1488,1305,799,1,-0.00355904
Warm A,185249,1150,1149,1305,799,0,0.0068958434
Warm A,138247,889,888,1305,799,0,0.007519414
Warm A,131143,850,849,1305,799,1,0.0072395396
Warm A,160065,1019,1018,1305,799,1,0.008283231
Warm A,210915,1285,1284,1305,799,1,0.008310776
Warm A,240043,1449,1448,1305,799,0,0.015892573
Warm A,116173,752,751,1305,799,1,0.005288238
Warm A,101675,677,676,1305,799,1,0.0018298388
Warm A,631546,3821,3820,1305,799,1,0.004003565
Warm A,332213,1960,1959,1305,799,1,-0.0013604935
Warm A,316791,1884,1883,1305,799,0,0.005175473
Warm A,228245,1383,1382,1305,799,0,0.0027186833
Warm A,99560,664,663,1305,799,0,-0.0044841385
Warm A,190883,1181,1180,1305,799,0,0.016143087
Warm A,83092,549,548,1305,799,0,0.002727977
Warm A,75696,515,514,1305,799,1,0.012032194
Warm A,308597,1837,1836,1305,799,1,0.0085717775
Warm A,58265,392,391,1305,799,0,0.016316779
Warm A,42920,293,292,1305,799,1,0.0056559816
Warm A,22130,161,160,1305,799,1,0.0029085267
Warm A,916896,5539,5538,1305,799,1,0.008969989
Warm A,8031,53,52,1305,799,1,0.002558948
Warm A,357445,2092,2091,1305,799,1,0.0065164035
Warm A,481805,2962,2961,1305,799,0,0.0012583965
Warm A,287705,1717,1716,1305,799,1,0.0030449305
Warm A,129387,839,838,1305,799,1,0.0057675396
Warm A,203666,1252,1251,1305,799,1,0.009475036
Warm A,158156,1015,1014,1305,799,1,-0.00054834504
Warm A,750649,4478,4477,1305,799,0,0.0068605575
Warm A,431034,2627,2626,1305,799,0,0.0030752616
Warm A,28520,195,194,1305,799,1,0.010640491
Warm A,901575,5450,5449,1305,799,0,0.008299031
Warm A,564394,3471,3470,1305,799,0,0.008489451
Warm A,24609,173,172,1305,799,0,-0.005017968
Warm A,977933,5892,5891,1305,799,1,-0.008015173
Warm A,136562,881,880,1305,799,0,0.007929733
Warm A,276213,1671,1670,1305,799,0,0.00050173094
Warm A,217027,1317,1316,1305,799,1,0.006735127
Warm A,541012,3328,3327,1306,800,1,0.0066853184
Warm A,520009,3208,3207,1306,800,1,0.012983592
Warm A,517407,3193,3192,1306,800,0,0.006408264
Warm A,514035,3172,3171,1306,800,1,0.0005437052
Warm A,513497,3167,3166,1306,800,1,-0.0018941464
Warm A,506691,3118,3117,1306,800,1,0.008009575
Warm A,505604,3110,3109,1306,800,0,0.0029422853
Warm A,503305,3092,3091,1306,800,1,0.0080869
Warm A,574734,3518,3517,1306,800,0,0.015835922
Warm A,633222,3824,3823,1306,800,0,0.002887717
Warm A,483402,2971,2970,1306,800,1,-0.00810124
Warm A,852879,5113,5112,1306,800,0,0.012340124
Warm A,460665,2841,2840,1306,800,1,0.00593489
Warm A,444238,2740,2739,1306,800,1,-0.0049530105
Warm A,475490,2918,2917,1306,800,1,0.008613665
Warm A,437742,2674,2673,1306,800,0,-0.006158272
Warm A,430491,2624,2623,1306,800,1,0.007301355
Warm A,416580,2507,2506,1306,800,1,0.026407667
Warm A,411049,2466,2465,1306,800,1,0.005319545
Warm A,395571,2338,2337,1306,800,1,0.0034772055
Warm A,374058,2181,2180,1306,800,0,0.014688957
Warm A,346629,2031,2030,1306,800,1,0.0062128035
Warm A,345471,2026,2025,1306,800,0,0.004330446
Warm A,310986,1852,1851,1306,800,1,0.0022725095
Warm A,300868,1784,1783,1306,800,0,-0.0012652476
Warm A,287706,1717,1716,1306,800,1,0.003942893
Warm A,292306,1741,1740,1306,800,1,-0.0028354079
Warm A,276942,1675,1674,1306,800,1,0.0096131135
Warm A,270566,1637,1636,1306,800,1,0.0023528014
Warm A,279188,1680,1679,1306,800,0,0.0065349173
Warm A,269001,1632,1631,1306,800,1,0.018164208
Warm A,253888,1544,1543,1306,800,0,0.0037896633
Warm A,254090,1545,1544,1306,800,0,0.016587224
Warm A,251602,1522,1521,1306,800,0,0.0032379315
Warm A,237170,1442,1441,1306,800,1,0.0121671725
Warm A,296453,1758,1757,1306,800,1,0.008247487
Warm A,210917,1285,1284,1306,800,0,0.015386278
Warm A,207985,1272,1271,1306,800,1,0.007870916
Warm A,204561,1260,1259,1306,800,1,0.0034043458
Warm A,202023,1243,1242,1306,800,0,0.0005670204
Warm A,214833,1303,1302,1306,800,0,0.014703622
Warm A,243924,1470,1469,1306,800,0,0.0057405992
Warm A,185251,1150,1149,1306,800,0,0.005492945
Warm A,180282,1128,1127,1306,800,0,0.008087723
Warm A,168423,1069,1068,1306,800,0,0.010962957
Warm A,158157,1015,1014,1306,800,1,0.0059144814
Warm A,149579,963,962,1306,800,0,0.01239114
Warm A,128303,830,829,1306,800,0,0.009271804
Warm A,97828,655,654,1306,800,1,0.0063648676
Warm A,697353,4169,4168,1306,800,1,0.011345791
Warm A,90935,602,601,1306,800,1,0.006119293
Warm A,87443,571,570,1306,800,1,0.0016981852
Warm A,308598,1837,1836,1306,800,1,0.012204676
Warm A,86110,563,562,1306,800,0,0.0048265364
Warm A,83094,549,548,1306,800,1,0.0023780554
Warm A,84142,550,549,1306,800,1,0.010942882
Warm A,74396,508,507,1306,800,1,-0.0041058175
Warm A,69851,471,470,1306,800,1,0.004143295
Warm A,63684,425,424,1306,800,1,0.013709703
Warm A,35685,241,240,1306,800,0,0.0031058786
Warm A,481806,2962,2961,1306,800,0,0.0024404377
Warm A,21743,157,156,1306,800,0,0.01731741
Warm A,20980,151,150,1306,800,1,0.0044585997
Warm A,107929,710,709,1306,800,0,0.007446327
Warm A,3125,23,22,1306,800,1,0.0067576375
Warm A,932685,5630,5629,1306,800,1,0.0037045886
Warm A,44864,302,301,1306,800,0,0.008322776
Warm A,129389,839,838,1306,800,0,0.009873486
Warm A,975363,5880,5879,1306,800,0,0.0070884717
Warm A,241866,1457,1456,1306,800,0,0.009183293
Warm A,28522,195,194,1306,800,1,0.016473468
Warm A,290183,1733,1732,1306,800,0,0.007224461
Warm A,26690,188,187,1306,800,0,0.010012865
Warm A,868272,5242,5241,1306,800,1,0.00012624962
Warm A,806892,4829,4828,1306,800,0,-0.0029571445
Warm A,891889,5387,5386,1306,800,1,0.006103163
Warm A,537146,3311,3310,1330,805,0,-0.008765272
Warm A,512846,3163,3162,1330,805,0,-0.00012619275
Warm A,566259,3476,3475,1330,805,0,0.0044693644
Warm A,605793,3681,3680,1330,805,0,-0.007950008
Warm A,508624,3129,3128,1330,805,1,-0.0017102768
Warm A,494141,3032,3031,1330,805,1,-0.0021055979
Warm A,600030,3650,3649,1330,805,0,0.0015696714
Warm A,477171,2929,2928,1330,805,0,0.012201999
Warm A,467761,2883,2882,1330,805,0,-0.0009119427
Warm A,487044,2996,2995,1330,805,0,0.009608702
Warm A,463304,2857,2856,1330,805,1,0.0031375058
Warm A,450275,2776,2775,1330,805,1,0.002082956
Warm A,426483,2590,2589,1330,805,0,-0.0059708175
Warm A,377821,2205,2204,1330,805,0,-0.0011379819
Warm A,359088,2101,2100,1330,805,1,-0.003531274
Warm A,331606,1958,1957,1330,805,0,-0.0030187457
Warm A,305837,1820,1819,1330,805,0,0.00028142123
Warm A,298532,1770,1769,1330,805,0,-0.00031113438
Warm A,279249,1680,1679,1330,805,1,0.0034831576
Warm A,299070,1776,1775,1330,805,1,0.0021782534
Warm A,259462,1587,1586,1330,805,0,-0.0052652843
Warm A,247689,1496,1495,1330,805,0,-0.0039990083
Warm A,227142,1377,1376,1330,805,0,0.0065890746
Warm A,214087,1300,1299,1330,805,0,-0.005060877
Warm A,240079,1449,1448,1330,805,0,0.0077893115
Warm A,328120,1941,1940,1330,805,1,0.0045496793
Warm A,192364,1184,1183,1330,805,0,0.0030308703
Warm A,307440,1835,1834,1330,805,1,0.005980201
Warm A,176393,1115,1114,1330,805,0,0.00072848995
Warm A,184000,1146,1145,1330,805,1,0.006166177
Warm A,159267,1017,1016,1330,805,0,-0.004874735
Warm A,164553,1051,1050,1330,805,1,0.0076389248
Warm A,263324,1605,1604,1330,805,1,-0.0040522665
Warm A,125550,808,807,1330,805,0,-0.0014326735
Warm A,115395,749,748,1330,805,1,-0.007894588
Warm A,114090,741,740,1330,805,1,0.010139493
Warm A,104855,695,694,1330,805,1,-0.0014678934
Warm A,92754,621,620,1330,805,0,-0.002342121
Warm A,83127,549,548,1330,805,1,0.0044370852
Warm A,238937,1448,1447,1330,805,0,0.0057652574
Warm A,77526,524,523,1330,805,0,-0.0043139243
Warm A,57527,390,389,1330,805,0,-0.0018568635
Warm A,132468,855,854,1330,805,0,0.0027164107
Warm A,41112,278,277,1330,805,0,-0.0020935703
Warm A,99846,667,666,1330,805,1,0.0064875293
Warm A,432697,2638,2637,1330,805,0,-0.002690887
Warm A,954317,5761,5760,1330,805,0,-0.0032208927
Warm A,102254,678,677,1330,805,0,-0.0008338819
Warm A,556550,3420,3419,1330,805,1,-0.007110486
Warm A,750652,4478,4477,1330,805,0,-0.013090065
Warm A,335909,1980,1979,1330,805,1,0.0016561459
Warm A,473634,2909,2908,1330,805,0,-0.0036875266
Warm A,322364,1912,1911,1330,805,0,-0.00065032835
Warm A,474363,2910,2909,1330,805,1,-0.0007052249
Warm A,62946,424,423,1330,805,0,0.008591719
Warm A,145802,937,936,1330,805,1,-0.007357601
Warm A,566261,3476,3475,1332,806,0,0.014345308
Warm A,605795,3681,3680,1332,806,1,-0.0012095133
Warm A,509641,3139,3138,1332,806,0,0.011401003
Warm A,496880,3053,3052,1332,806,0,-0.0028337254
Warm A,490767,3018,3017,1332,806,1,-0.0009406179
Warm A,539902,3320,3319,1332,806,0,0.0019624887
Warm A,697369,4169,4168,1332,806,0,0.010878289
Warm A,852884,5113,5112,1332,806,0,0.0015115798
Warm A,754915,4497,4496,1332,806,0,0.0023517644
Warm A,463306,2857,2856,1332,806,0,0.002327911
Warm A,457938,2820,2819,1332,806,0,-0.008876516
Warm A,446409,2752,2751,1332,806,0,0.0072037675
Warm A,426485,2590,2589,1332,806,0,-0.0015618044
Warm A,416611,2507,2506,1332,806,0,0.008142455
Warm A,374075,2181,2180,1332,806,1,-0.0013774561
Warm A,364759,2124,2123,1332,806,0,-0.005943591
Warm A,326312,1931,1930,1332,806,1,0.0024754324
Warm A,305839,1820,1819,1332,806,1,0.0043544844
Warm A,288268,1722,1721,1332,806,1,0.004705714
Warm A,279253,1680,1679,1332,806,1,0.0080788825
Warm A,260652,1593,1592,1332,806,0,0.0004463112
Warm A,255272,1554,1553,1332,806,0,0.01296993
Warm A,247691,1496,1495,1332,806,0,0.018163007
Warm A,232444,1412,1411,1332,806,0,0.0015003541
Warm A,249515,1503,1502,1332,806,0,0.009314742
Warm A,243949,1470,1469,1332,806,0,0.0042563397
Warm A,328125,1941,1940,1332,806,0,0.009829486
Warm A,334599,1974,1973,1332,806,0,0.010242943
Warm A,184001,1146,1145,1332,806,0,0.002770532
Warm A,159269,1017,1016,1332,806,0,0.004029562
Warm A,158206,1015,1014,1332,806,0,0.011359071
Warm A,151600,975,974,1332,806,1,0.0066385358
Warm A,133008,858,857,1332,806,1,0.003690911
Warm A,210960,1285,1284,1332,806,1,0.004339984
Warm A,103411,687,686,1332,806,0,-4.136568e-05
Warm A,84957,552,551,1332,806,0,0.00356341
Warm A,83131,549,548,1332,806,1,0.004885202
Warm A,238941,1448,1447,1332,806,0,-0.0023955181
Warm A,80193,533,532,1332,806,0,0.008109503
Warm A,62949,424,423,1332,806,0,0.012638013
Warm A,45136,305,304,1332,806,1,-0.0042463206
Warm A,481829,2962,2961,1332,806,1,0.0047833025
Warm A,14285,117,116,1337,809,0,0.0005004024
Warm A,7264,51,50,1337,809,1,-0.00536899
Warm A,622125,3768,3767,1337,809,1,0.0009931487
Warm A,473644,2909,2908,1337,809,0,0.013396613
Warm A,688073,4116,4115,1346,816,0,0.008879979
Warm A,707422,4238,4237,1346,816,0,0.016749
Warm A,675465,4053,4052,1346,816,1,0.011922
Warm A,672111,4040,4039,1346,816,0,0.004546746
Warm A,682471,4085,4084,1346,816,1,0.020914033
Warm A,663500,3998,3997,1346,816,1,0.010925408
Warm A,662817,3995,3994,1346,816,0,0.009129133
Warm A,652585,3934,3933,1346,816,0,0.011785103
Warm A,651437,3929,3928,1346,816,0,0.006513869
Warm A,647267,3896,3895,1346,816,0,-0.0023677424
Warm A,648250,3903,3902,1346,816,0,0.0024655354
Warm A,639129,3842,3841,1346,816,0,0.013403157
Warm A,628694,3807,3806,1346,816,1,0.014635507
Warm A,628167,3804,3803,1346,816,1,0.0011122739
Warm A,629481,3808,3807,1346,816,0,0.012689799
Warm A,638187,3841,3840,1346,816,1,0.008991151
Warm A,623392,3771,3770,1346,816,0,0.019305732
Warm A,615663,3727,3726,1346,816,0,0.015349468
Warm A,604849,3677,3676,1346,816,0,0.0028440657
Warm A,609163,3693,3692,1346,816,1,0.016180988
Warm A,621228,3762,3761,1346,816,0,0.00783443
Warm A,745370,4448,4447,1346,816,1,0.015788648
Warm A,633287,3824,3823,1346,816,0,0.011766637
Warm A,596598,3626,3625,1346,816,0,0.008294314
Warm A,583458,3562,3561,1346,816,0,0.009244176
Warm A,577929,3529,3528,1346,816,0,0.00726344
Warm A,876215,5289,5288,1346,816,0,0.009808464
Warm A,569247,3491,3490,1346,816,1,0.0060852803
Warm A,657129,3961,3960,1346,816,1,0.016430825
Warm A,533354,3292,3291,1346,816,1,0.017329993
Warm A,542231,3336,3335,1346,816,0,0.013057626
Warm A,529142,3271,3270,1346,816,0,0.017524313
Warm A,528196,3265,3264,1346,816,0,0.005811451
Warm A,518764,3201,3200,1346,816,1,0.002784335
Warm A,522588,3224,3223,1346,816,0,0.01700956
Warm A,566280,3476,3475,1346,816,0,0.011875549
Warm A,509503,3138,3137,1346,816,0,0.0125181265
Warm A,505448,3109,3108,1346,816,0,0.00495577
Warm A,501788,3081,3080,1346,816,0,0.022414109
Warm A,499446,3067,3066,1346,816,0,0.016237529
Warm A,494170,3032,3031,1346,816,1,0.012729569
Warm A,490783,3018,3017,1346,816,0,0.02635589
Warm A,697387,4169,4168,1346,816,0,0.018244987
Warm A,473661,2909,2908,1346,816,1,0.01548452
Warm A,754921,4497,4496,1346,816,0,0.0009182091
Warm A,463330,2857,2856,1346,816,0,0.0151499845
Warm A,462243,2852,2851,1346,816,1,0.007904847
Warm A,457959,2820,2819,1346,816,0,0.016374232
Warm A,453767,2793,2792,1346,816,1,0.019048465
Warm A,790753,4728,4727,1346,816,1,0.010376453
Warm A,418710,2529,2528,1346,816,0,0.017842425
Warm A,415519,2503,2502,1346,816,1,0.008607455
Warm A,411573,2472,2471,1346,816,0,0.01621901
Warm A,402008,2400,2399,1346,816,0,0.0029811687
Warm A,402329,2402,2401,1346,816,0,0.013803909
Warm A,397202,2352,2351,1346,816,1,-0.0028457576
Warm A,388980,2279,2278,1346,816,1,0.008544127
Warm A,369934,2164,2163,1346,816,0,0.01124846
Warm A,350129,2055,2054,1346,816,1,0.015958779
Warm A,339414,1999,1998,1346,816,0,-0.0062538637
Warm A,337033,1983,1982,1346,816,0,0.013369775
Warm A,326319,1931,1930,1346,816,1,0.015023026
Warm A,305395,1816,1815,1346,816,1,0.013408977
Warm A,300729,1781,1780,1346,816,0,0.0076461947
Warm A,288279,1722,1721,1346,816,1,0.003810809
Warm A,276983,1675,1674,1346,816,1,0.008931092
Warm A,270917,1639,1638,1346,816,1,0.010741828
Warm A,392211,2304,2303,1346,816,1,0.0065696854
Warm A,350725,2059,2058,1346,816,0,0.00076444924
Warm A,242822,1465,1464,1346,816,0,0.017402539
Warm A,262240,1600,1599,1346,816,0,0.019612212
Warm A,220375,1335,1334,1346,816,0,0.01220238
Warm A,240109,1449,1448,1346,816,0,0.019873008
Warm A,200926,1238,1237,1346,816,0,0.00713564
Warm A,328160,1941,1940,1346,816,0,0.019175135
Warm A,334612,1974,1973,1346,816,0,0.018641425
Warm A,307460,1835,1834,1346,816,1,0.015440345
Warm A,182800,1140,1139,1346,816,0,0.0105551435
Warm A,179127,1124,1123,1346,816,1,0.012440267
Warm A,196521,1207,1206,1346,816,0,-0.00095973
Warm A,159282,1017,1016,1346,816,0,0.0084115295
Warm A,158238,1015,1014,1346,816,1,0.01660939
Warm A,153059,984,983,1346,816,1,0.013756912
Warm A,148315,955,954,1346,816,0,0.010776782
Warm A,133870,868,867,1346,816,1,-0.0026529995
Warm A,315275,1880,1879,1346,816,0,0.013161297
Warm A,125558,808,807,1346,816,0,0.012903912
Warm A,210977,1285,1284,1346,816,1,0.01057126
Warm A,115409,749,748,1346,816,0,0.006932001
Warm A,103688,689,688,1346,816,0,-0.0041463803
Warm A,201568,1242,1241,1346,816,0,0.011552912
Warm A,97049,651,650,1346,816,1,0.009159128
Warm A,316828,1884,1883,1346,816,1,0.012193912
Warm A,174654,1105,1104,1346,816,1,0.0007439493
Warm A,190966,1181,1180,1346,816,0,0.016708268
Warm A,83157,549,548,1346,816,0,0.024641357
Warm A,77550,524,523,1346,816,1,0.008860502
Warm A,81695,543,542,1346,816,1,0.0032605298
Warm A,41127,278,277,1346,816,1,0.013784005
Warm A,37307,255,254,1346,816,1,0.0026187035
Warm A,984211,5948,5947,1346,816,1,-0.0049220026
Warm A,36163,245,244,1346,816,0,0.015658136
Warm A,29560,202,201,1346,816,0,0.016010853
Warm A,290236,1733,1732,1346,816,0,0.01700594
Warm A,553960,3410,3409,1346,816,0,0.0035997867
Warm A,365772,2129,2128,1346,816,1,0.0032923091
Warm A,30978,208,207,1346,816,0,0.017185502
Warm A,622141,3768,3767,1346,816,0,0.012510955
Warm A,102281,678,677,1346,816,1,0.00620458
Warm A,760808,4520,4519,1346,816,0,0.0030531976
Warm A,62977,424,423,1346,816,0,0.013295327
Warm A,713886,4277,4276,1346,816,1,0.015476182
Warm A,575824,3520,3519,1346,816,0,0.010485977
Warm A,195463,1203,1202,1346,816,0,0.0046362253
Warm A,195469,1203,1202,1352,820,1,-0.0071398313
Warm A,145354,935,934,1352,820,0,-0.010197005
Warm A,131922,854,853,1352,820,0,-0.0011863748
Warm A,117514,757,756,1352,820,0,-0.0024135204
Warm A,112132,730,729,1352,820,0,-0.0072027007
Warm A,106080,699,698,1352,820,0,-0.0026284428
Warm A,116239,752,751,1352,820,0,-0.009216167
Warm A,100177,669,668,1352,820,0,-0.006356015
Warm A,98836,660,659,1352,820,0,-0.0006732377
Warm A,294913,1752,1751,1352,820,0,-0.0053436942
Warm A,308649,1837,1836,1352,820,0,0.0028671108
Warm A,83164,549,548,1352,820,1,-0.0030715624
Warm A,77556,524,523,1352,820,0,-0.0120473625
Warm A,697392,4169,4168,1352,820,0,-0.0014167278
Warm A,38160,261,260,1352,820,0,-0.0036816173
Warm A,40199,272,271,1352,820,0,-0.002946624
Warm A,33305,225,224,1352,820,0,-0.0069048535
Warm A,25495,181,180,1352,820,1,-0.0030930107
Warm A,16239,129,128,1352,820,0,-0.0024839607
Warm A,7459,53,52,1352,820,0,-0.0023283241
Warm A,15343,123,122,1352,820,1,0.001061135
Warm A,37829,259,258,1352,820,0,-0.0101187825
Warm A,49907,331,330,1352,820,0,-0.00064969226
Warm A,960419,5792,5791,1352,820,0,-0.006646389
Warm A,564436,3471,3470,1352,820,0,0.0009546131
Warm A,893325,5394,5393,1352,820,0,-0.005047328
Warm A,156898,1010,1009,1352,820,0,0.0004908282
Warm A,287726,1717,1716,1352,820,0,-0.0021951539
Warm A,351888,2063,2062,1352,820,0,-0.005650631
Warm A,324966,1925,1924,1352,820,1,-0.0059819845
Warm A,941713,5682,5681,1352,820,0,-0.003801655
Warm A,215544,1306,1305,1352,820,1,-0.0061889994
Warm A,790756,4728,4727,1352,820,0,-0.0076123807
Warm A,550187,3391,3390,1352,820,0,-0.0074754227
Warm A,618964,3751,3750,1353,821,0,0.0044809273
Warm A,612540,3713,3712,1353,821,1,0.009821461
Warm A,726735,4345,4344,1353,821,0,0.006731908
Warm A,845363,5081,5080,1353,821,1,0.011898486
Warm A,587023,3585,3584,1353,821,0,0.0032319538
Warm A,583466,3562,3561,1353,821,0,-0.00038974592
Warm A,564997,3473,3472,1353,821,1,0.010289004
Warm A,575361,3519,3518,1353,821,0,0.01943432
Warm A,545716,3365,3364,1353,821,1,0.011651441
Warm A,541028,3328,3327,1353,821,0,0.0051536276
Warm A,774531,4619,4618,1353,821,0,0.0055183093
Warm A,521457,3217,3216,1353,821,1,0.008896346
Warm A,511082,3151,3150,1353,821,1,-0.0011743887
Warm A,503638,3095,3094,1353,821,1,0.007535983
Warm A,502902,3087,3086,1353,821,1,-0.0035424458
Warm A,516475,3189,3188,1353,821,0,0.006931344
Warm A,499450,3067,3066,1353,821,0,0.010671795
Warm A,494177,3032,3031,1353,821,1,0.0105787
Warm A,492759,3029,3028,1353,821,1,0.013983231
Warm A,490293,3017,3016,1353,821,0,0.0010987045
Warm A,488683,3007,3006,1353,821,1,-0.001154819
Warm A,900327,5443,5442,1353,821,1,0.0039906832
Warm A,478088,2934,2933,1353,821,1,0.004685588
Warm A,485071,2986,2985,1353,821,0,0.017864592
Warm A,473669,2909,2908,1353,821,0,0.006995215
Warm A,466847,2878,2877,1353,821,0,0.00033221906
Warm A,450887,2777,2776,1353,821,0,0.0009618872
Warm A,420240,2540,2539,1353,821,0,-0.0044491105
Warm A,420479,2541,2540,1353,821,1,0.008534947
Warm A,419282,2533,2532,1353,821,1,0.006198746
Warm A,404557,2419,2418,1353,821,0,0.010544183
Warm A,395893,2340,2339,1353,821,0,0.0074067567
Warm A,395153,2334,2333,1353,821,1,0.006737427
Warm A,393116,2309,2308,1353,821,1,-0.003026459
Warm A,379926,2222,2221,1353,821,1,0.002102807
Warm A,324753,1924,1923,1353,821,1,0.017398642
Warm A,311569,1856,1855,1353,821,0,0.0019919043
Warm A,306120,1823,1822,1353,821,1,0.005356906
Warm A,286267,1709,1708,1353,821,1,0.009131659
Warm A,274400,1658,1657,1353,821,0,0.0056285784
Warm A,268535,1631,1630,1353,821,1,-0.0016425322
Warm A,257130,1576,1575,1353,821,0,0.005296602
Warm A,259489,1587,1586,1353,821,0,0.0063849185
Warm A,335944,1980,1979,1353,821,0,0.01805445
Warm A,272964,1647,1646,1353,821,0,0.0026518623
Warm A,203875,1254,1253,1353,821,0,0.0061590616
Warm A,279316,1680,1679,1353,821,1,0.0064202133
Warm A,198820,1221,1220,1353,821,1,-0.0021251217
Warm A,192375,1184,1183,1353,821,0,0.013248762
Warm A,189617,1175,1174,1353,821,1,0.0038690367
Warm A,188987,1172,1171,1353,821,0,0.005906606
Warm A,186846,1158,1157,1353,821,1,-0.001744522
Warm A,316274,1883,1882,1353,821,1,0.010637453
Warm A,174836,1107,1106,1353,821,1,0.013721838
Warm A,179602,1125,1124,1353,821,0,0.00640422
Warm A,173681,1100,1099,1353,821,0,-0.002013945
Warm A,167877,1068,1067,1353,821,1,0.020576831
Warm A,328174,1941,1940,1353,821,0,0.010482696
Warm A,226110,1369,1368,1353,821,0,0.007353598
Warm A,189373,1173,1172,1353,821,0,0.0040977164
Warm A,162281,1034,1033,1353,821,1,0.007043939
Warm A,143673,927,926,1353,821,0,0.0061240764
Warm A,140463,901,900,1353,821,0,0.005258719
Warm A,140268,899,898,1353,821,0,0.013417661
Warm A,156899,1010,1009,1353,821,0,0.0061326083
Warm A,138338,889,888,1353,821,0,0.0035601042
Warm A,380299,2223,2222,1353,821,0,0.0068074586
Warm A,131924,854,853,1353,821,1,0.0053605335
Warm A,201573,1242,1241,1353,821,0,-0.0014165468
Warm A,248843,1501,1500,1353,821,1,0.011214238
Warm A,123708,797,796,1353,821,0,0.0024369024
Warm A,123116,795,794,1353,821,0,0.0044072317
Warm A,121532,781,780,1353,821,0,0.0060377815
Warm A,360805,2106,2105,1353,821,0,0.0023858713
Warm A,117838,759,758,1353,821,1,0.01152019
Warm A,111499,726,725,1353,821,1,0.00611154
Warm A,106081,699,698,1353,821,0,0.010306316
Warm A,103689,689,688,1353,821,1,0.0065106642
Warm A,98837,660,659,1353,821,0,0.005001095
Warm A,97852,655,654,1353,821,0,-0.00045439298
Warm A,441956,2718,2717,1353,821,1,0.0075328713
Warm A,228288,1383,1382,1353,821,0,0.009406984
Warm A,83165,549,548,1353,821,0,0.00018384913
Warm A,80728,536,535,1353,821,1,0.0077286065
Warm A,76372,518,517,1353,821,0,0.015357463
Warm A,81700,543,542,1353,821,0,0.0142717
Warm A,116240,752,751,1353,821,0,0.013525131
Warm A,64689,433,432,1353,821,0,0.001286735
Warm A,64632,432,431,1353,821,0,0.004480608
Warm A,57070,386,385,1353,821,0,-0.0031337852
Warm A,55040,363,362,1353,821,0,0.0030269213
Warm A,52434,346,345,1353,821,0,0.0018191319
Warm A,78478,528,527,1353,821,1,0.0054603154
Warm A,47182,319,318,1353,821,0,0.002631863
Warm A,49111,329,328,1353,821,0,0.00037551112
Warm A,61095,412,411,1353,821,1,0.0064860154
Warm A,697394,4169,4168,1353,821,0,0.010179153
Warm A,363055,2116,2115,1353,821,0,0.015367445
Warm A,31734,216,215,1353,821,0,-0.0005753515
Warm A,29420,201,200,1353,821,1,0.005242036
Warm A,29024,199,198,1353,821,0,0.005072653
Warm A,21213,156,155,1353,821,1,0.009064622
Warm A,6230,45,44,1353,821,0,0.0094668735
Warm A,5444,38,37,1353,821,0,0.014893113
Warm A,558219,3428,3427,1353,821,0,0.004300016
Warm A,348051,2041,2040,1353,821,1,0.0103620775
Warm A,20590,151,150,1353,821,0,0.0049525145
Warm A,95450,639,638,1353,821,1,0.010141956
Warm A,240118,1449,1448,1353,821,0,0.0053120917
Warm A,682479,4085,4084,1353,821,1,0.0062292246
Warm A,265110,1611,1610,1353,821,0,0.007434351
Warm A,102291,678,677,1353,821,0,0.009784968
Warm A,503832,3096,3095,1353,821,1,-0.004549596
Warm A,144932,934,933,1353,821,0,0.0070895343
Warm A,293768,1748,1747,1353,821,0,0.0112085
Warm A,489629,3013,3012,1353,821,1,0.012202467
Warm A,160126,1019,1018,1353,821,0,0.017052542
Warm A,195471,1203,1202,1353,821,0,0.008224181
Warm A,187649,1164,1163,1353,821,1,0.006342439
Warm A,545308,3363,3362,1353,821,0,0.004167909
Warm A,795604,4765,4764,1353,821,0,0.0047526592
Warm A,229645,1390,1389,1353,821,0,0.0057809213
Warm A,171670,1088,1087,1353,821,0,0.0035153916
Warm A,657543,3963,3962,1353,821,1,0.0024021757
Warm A,52022,343,342,1353,821,1,0.009168595
Warm A,841493,5054,5053,1353,821,0,0.009210725
Warm A,451772,2781,2780,1353,821,0,0.0036884684
Warm A,193673,1194,1193,1353,821,0,0.0030275476
Warm A,31319,212,211,1355,823,0,-0.0017037007
Warm A,639137,3842,3841,1355,823,1,-0.0018553722
Warm A,22807,165,164,1355,823,1,0.0027656937
Warm A,192725,1186,1185,1355,823,1,-0.004008075
Warm A,290248,1733,1732,1355,823,0,0.006338427
Warm A,15345,123,122,1355,823,0,0.006239217
Warm A,697396,4169,4168,1355,823,0,-1.6612932e-05
Warm A,49909,331,330,1355,823,0,0.0040137335
Warm A,56013,372,371,1355,823,1,-0.0019762642
Warm A,785841,4697,4696,1355,823,1,0.0060651577
Warm A,195475,1203,1202,1355,823,0,-0.00802536
Warm A,807746,4834,4833,1355,823,0,0.0010141768
Warm A,473672,2909,2908,1355,823,0,4.8581976e-05
Warm A,933886,5636,5635,1355,823,0,-0.0021373485
Warm A,903005,5458,5457,1355,823,0,-0.0022876984
Warm A,93311,624,623,1355,823,0,-0.001400412
Warm A,293769,1748,1747,1355,823,0,0.0026992375
Warm A,500692,3075,3074,1361,828,1,0.0042493837
Warm A,546105,3367,3366,1361,828,1,0.013883242
Warm A,480553,2948,2947,1361,828,0,-0.006663575
Warm A,475294,2917,2916,1361,828,1,0.0110122515
Warm A,475136,2916,2915,1361,828,1,0.0058666784
Warm A,474715,2913,2912,1361,828,1,0.009449286
Warm A,471374,2900,2899,1361,828,0,-0.0015910487
Warm A,460711,2841,2840,1361,828,1,0.012433127
Warm A,457985,2820,2819,1361,828,1,0.008479516
Warm A,456705,2811,2810,1361,828,0,0.009551013
Warm A,459166,2826,2825,1361,828,1,0.008728515
Warm A,441006,2700,2699,1361,828,1,0.008557312
Warm A,402839,2404,2403,1361,828,1,0.0016905377
Warm A,390714,2293,2292,1361,828,1,0.009853992
Warm A,368393,2153,2152,1361,828,1,0.0023592196
Warm A,364791,2124,2123,1361,828,1,0.020190291
Warm A,349160,2049,2048,1361,828,0,0.0017873964
Warm A,346997,2035,2034,1361,828,1,0.005134007
Warm A,340181,2008,2007,1361,828,1,0.004656745
Warm A,342519,2015,2014,1361,828,0,0.010547566
Warm A,333141,1966,1965,1361,828,1,0.0039829626
Warm A,334167,1970,1969,1361,828,1,-0.004037657
Warm A,334623,1974,1973,1361,828,1,0.00636171
Warm A,329356,1943,1942,1361,828,1,0.017965585
Warm A,317741,1889,1888,1361,828,0,0.010663066
Warm A,326397,1932,1931,1361,828,1,0.0011323637
Warm A,299343,1777,1776,1361,828,1,0.012306128
Warm A,301524,1791,1790,1361,828,1,0.0021751765
Warm A,284221,1698,1697,1361,828,1,0.00644896
Warm A,267996,1628,1627,1361,828,1,0.0033010445
Warm A,258459,1584,1583,1361,828,1,0.005446105
Warm A,257221,1577,1576,1361,828,1,0.0061042113
Warm A,255098,1552,1551,1361,828,1,0.0072523598
Warm A,252534,1530,1529,1361,828,1,-0.00097359787
Warm A,294333,1749,1748,1361,828,1,-0.0010548942
Warm A,243248,1466,1465,1361,828,1,0.0021606018
Warm A,237427,1446,1445,1361,828,0,0.006973345
Warm A,631608,3821,3820,1361,828,0,0.0036646998
Warm A,232150,1408,1407,1361,828,1,0.0009804714
Warm A,316844,1884,1883,1361,828,1,0.0071197785
Warm A,225426,1364,1363,1361,828,1,0.0057591186
Warm A,217091,1317,1316,1361,828,0,0.0014214902
Warm A,296498,1758,1757,1361,828,1,0.008194195
Warm A,215553,1306,1305,1361,828,1,0.011974452
Warm A,211003,1285,1284,1361,828,1,0.013487406
Warm A,279343,1680,1679,1361,828,1,-0.0007224473
Warm A,205844,1264,1263,1361,828,1,0.0019344586
Warm A,308066,1836,1835,1361,828,1,0.005560516
Warm A,240139,1449,1448,1361,828,1,0.0007391665
Warm A,201587,1242,1241,1361,828,1,0.0022648955
Warm A,293195,1746,1745,1361,828,1,0.006085072
Warm A,184386,1147,1146,1361,828,0,0.0017139486
Warm A,195489,1203,1202,1361,828,1,0.00692422
Warm A,166486,1059,1058,1361,828,1,0.0065946914
Warm A,167884,1068,1067,1361,828,0,0.006749503
Warm A,269984,1635,1634,1361,828,1,0.007230616
Warm A,154611,998,997,1361,828,1,0.012256495
Warm A,139412,891,890,1361,828,1,0.00957639
Warm A,133447,862,861,1361,828,1,-0.001980186
Warm A,245803,1484,1483,1361,828,1,0.004208899
Warm A,180326,1128,1127,1361,828,0,0.0025529321
Warm A,322406,1912,1911,1361,828,1,0.002271736
Warm A,125379,806,805,1361,828,1,0.012043928
Warm A,125566,808,807,1361,828,1,-0.0022122944
Warm A,292779,1743,1742,1361,828,1,0.004330121
Warm A,140708,904,903,1361,828,1,0.008823542
Warm A,90680,601,600,1361,828,1,0.008398426
Warm A,82263,546,545,1361,828,1,0.009674287
Warm A,82515,548,547,1361,828,1,-0.008689852
Warm A,72087,482,481,1361,828,1,0.011907369
Warm A,69381,465,464,1361,828,1,-0.0011666833
Warm A,60048,409,408,1361,828,1,0.0075321305
Warm A,59882,408,407,1361,828,1,0.00840746
Warm A,53438,352,351,1361,828,1,0.010283764
Warm A,47207,319,318,1361,828,1,-0.0023507008
Warm A,25416,180,179,1361,828,1,0.0052803718
Warm A,481850,2962,2961,1361,828,0,0.014330727
Warm A,290258,1733,1732,1361,828,1,0.0042290622
Warm A,148763,957,956,1361,828,1,0.015768124
Warm A,21903,161,160,1361,828,1,0.004015838
Warm A,947741,5722,5721,1361,828,1,0.0027692392
Warm A,24190,173,172,1361,828,1,0.00807564
Warm A,286741,1712,1711,1361,828,0,0.0079295235
Warm A,265122,1611,1610,1361,828,1,-0.00025720953
Warm A,784464,4682,4681,1361,828,1,0.005845231
Warm A,254870,1551,1550,1361,828,1,0.0118307965
Warm A,927913,5605,5604,1361,828,1,0.009304706
Warm A,451778,2781,2780,1361,828,1,-0.0012844771
Warm A,455282,2803,2802,1361,828,1,0.001302979
Warm A,312899,1865,1864,1361,828,1,0.004049819
Warm A,908335,5493,5492,1361,828,1,0.00587143
Warm A,261196,1597,1596,1361,828,1,0.007886679
Warm A,235002,1425,1424,1361,828,1,0.0044377204
Warm A,351911,2063,2062,1361,828,0,0.007783982
Warm A,116256,752,751,1361,828,1,0.008106933
Warm A,27868,195,194,1361,828,1,0.01470805
Warm A,144387,930,929,1361,828,0,-0.0022786725
Warm A,346643,2031,2030,1361,828,1,0.0013343747
Warm A,974624,5878,5877,1361,828,0,0.010900572
Warm A,292780,1743,1742,1362,829,1,0.013782508
Warm A,292346,1741,1740,1362,829,1,0.011465434
Warm A,264159,1607,1606,1362,829,0,0.014691522
Warm A,256660,1569,1568,1362,829,1,0.0050998474
Warm A,346228,2030,2029,1362,829,1,0.007967629
Warm A,260107,1591,1590,1362,829,1,0.007579497
Warm A,212082,1291,1290,1362,829,1,0.007794185
Warm A,244005,1470,1469,1362,829,0,0.0057173725
Warm A,199472,1224,1223,1362,829,1,0.013384873
Warm A,294334,1749,1748,1362,829,0,0.0024844275
Warm A,181003,1131,1130,1362,829,1,0.00726611
Warm A,163099,1041,1040,1362,829,1,0.0047766804
Warm A,162686,1038,1037,1362,829,1,0.005441445
Warm A,169587,1077,1076,1362,829,1,-0.0011645178
Warm A,190999,1181,1180,1362,829,0,0.017164592
Warm A,185348,1150,1149,1362,829,1,0.0030514835
Warm A,141061,909,908,1362,829,1,0.003668652
Warm A,138366,889,888,1362,829,0,0.0017506573
Warm A,135038,873,872,1362,829,1,0.013812957
Warm A,240140,1449,1448,1362,829,1,0.007682128
Warm A,84222,550,549,1362,829,1,0.00022913981
Warm A,75714,515,514,1362,829,0,0.0066117407
Warm A,58300,393,392,1362,829,1,0.0041128807
Warm A,51632,339,338,1362,829,1,0.0009107408
Warm A,67039,451,450,1362,829,0,-0.00014072238
Warm A,44914,303,302,1362,829,0,0.007891416
Warm A,537963,3312,3311,1362,829,0,0.0010449989
Warm A,208811,1274,1273,1362,829,1,0.005152852
Warm A,158270,1015,1014,1362,829,0,0.0051094843
Warm A,249867,1505,1504,1362,829,0,0.008413762
Warm A,316845,1884,1883,1362,829,1,0.011974204
Warm A,841499,5054,5053,1362,829,0,0.01524693
Warm A,319369,1897,1896,1362,829,1,0.010959095
Warm A,223071,1352,1351,1362,829,0,0.0028288586
Warm A,994037,6002,6001,1362,829,1,0.0066725775
Warm A,546843,3371,3370,1362,829,1,0.0057413075
Warm A,421035,2544,2543,1362,829,0,0.0030210172
Warm A,739559,4418,4417,1362,829,1,0.003381452
Warm A,256093,1561,1560,1362,829,1,0.006865799
Warm A,193685,1194,1193,1362,829,0,0.012499124
Warm A,423182,2565,2564,1363,830,1,-0.00855352
Warm A,395159,2334,2333,1363,830,0,-0.0061767446
Warm A,387298,2264,2263,1363,830,0,0.013105545
Warm A,366970,2140,2139,1363,830,0,0.006065199
Warm A,366596,2136,2135,1363,830,0,-0.0015413056
Warm A,363070,2116,2115,1363,830,1,0.010876532
Warm A,347111,2036,2035,1363,830,0,0.0006817831
Warm A,311734,1858,1857,1363,830,0,-0.0054220743
Warm A,275124,1666,1665,1363,830,0,0.0016116323
Warm A,244006,1470,1469,1363,830,0,0.0048262957
Warm A,261782,1599,1598,1363,830,0,0.006480994
Warm A,342520,2015,2014,1363,830,0,-0.003104459
Warm A,329358,1943,1942,1363,830,1,0.00463543
Warm A,167210,1064,1063,1363,830,0,0.003178488
Warm A,175555,1112,1111,1363,830,0,0.0034283146
Warm A,167885,1068,1067,1363,830,0,0.004912302
Warm A,154877,999,998,1363,830,0,0.0037684152
Warm A,120434,777,776,1363,830,0,-0.0017386426
Warm A,106092,699,698,1363,830,0,0.0071797306
Warm A,179614,1125,1124,1363,830,0,-0.003627625
Warm A,95456,639,638,1363,830,1,0.003502771
Warm A,360821,2106,2105,1363,830,0,0.0014138666
Warm A,80228,533,532,1363,830,0,0.00041593635
Warm A,697410,4169,4168,1363,830,0,0.0019840759
Warm A,61114,412,411,1363,830,1,0.00832504
Warm A,39455,268,267,1363,830,1,-0.0064970064
Warm A,55482,368,367,1363,830,1,-0.002076048
Warm A,98850,660,659,1363,830,0,-0.00043428782
Warm A,31276,211,210,1363,830,0,-0.0067845676
Warm A,30186,203,202,1363,830,0,-0.006179176
Warm A,29034,199,198,1363,830,0,-0.009403255
Warm A,291437,1737,1736,1363,830,0,-0.0012837864
Warm A,153681,987,986,1363,830,1,-0.0011128567
Warm A,26257,187,186,1363,830,0,0.0021617105
Warm A,19177,148,147,1363,830,0,-0.0012503815
Warm A,9103,62,61,1363,830,0,0.0074165505
Warm A,78487,528,527,1363,830,0,0.005046769
Warm A,237961,1447,1446,1363,830,0,0.0028303394
Warm A,164601,1051,1050,1363,830,1,0.0062011527
Warm A,51303,338,337,1363,830,0,0.0008677582
Warm A,102306,678,677,1363,830,0,-0.0032938374
Warm A,328194,1941,1940,1363,830,0,0.00067928666
Warm A,144939,934,933,1363,830,0,-0.0049383873
Warm A,171691,1088,1087,1363,830,0,0.004847449
Warm A,187051,1160,1159,1363,830,0,-0.00064701954
Warm A,63010,424,423,1363,830,0,0.0076779057
Warm A,272978,1647,1646,1363,830,0,0.0017766177
Warm A,887144,5359,5358,1363,830,1,-0.01441124
Warm A,116258,752,751,1363,830,0,0.0033691863
Warm A,335967,1980,1979,1363,830,0,-0.0023365258
Warm A,713902,4277,4276,1363,830,0,0.0044659004
Warm A,877524,5302,5301,1363,830,0,-0.00075703766
Warm A,382898,2237,2236,1366,831,1,0.0028239605
Warm A,378739,2211,2210,1366,831,1,-0.0017597133
Warm A,375605,2188,2187,1366,831,1,0.010367729
Warm A,369068,2157,2156,1366,831,0,0.0039451034
Warm A,364795,2124,2123,1366,831,1,-0.0008967214
Warm A,355758,2084,2083,1366,831,0,0.009064055
Warm A,338513,1990,1989,1366,831,0,0.0010800386
Warm A,279350,1680,1679,1366,831,1,0.008472154
Warm A,185352,1150,1149,1366,831,0,0.0033973795
Warm A,168475,1069,1068,1366,831,0,0.00057888124
Warm A,221382,1340,1339,1366,831,0,0.0047524995
Warm A,146341,941,940,1366,831,0,0.009548703
Warm A,100872,673,672,1366,831,0,0.0089365505
Warm A,332685,1962,1961,1366,831,0,0.0053919144
Warm A,238993,1448,1447,1366,831,0,0.0031821681
Warm A,191002,1181,1180,1366,831,0,0.011014701
Warm A,77579,524,523,1366,831,1,0.016469246
Warm A,67197,452,451,1366,831,1,-0.0068634534
Warm A,360826,2106,2105,1366,831,1,0.00052495697
Warm A,288613,1724,1723,1366,831,1,-0.00034942478
Warm A,697414,4169,4168,1366,831,1,0.008440627
Warm A,255536,1556,1555,1366,831,0,0.0016109988
Warm A,29039,199,198,1366,831,0,-0.0012906303
Warm A,17398,136,135,1366,831,1,-0.0009517346
Warm A,16576,131,130,1366,831,1,-0.0008107368
Warm A,9109,62,61,1366,831,0,0.0029615872
Warm A,79442,531,530,1366,831,0,0.009198606
Warm A,901594,5450,5449,1366,831,0,0.007041822
Warm A,457990,2820,2819,1366,831,1,0.006163945
Warm A,354955,2077,2076,1366,831,0,0.008459773
Warm A,237965,1447,1446,1366,831,1,0.0077718366
Warm A,893333,5394,5393,1366,831,0,0.009923916
Warm A,182037,1137,1136,1366,831,1,0.0011433705
Warm A,171695,1088,1087,1366,831,0,0.0054763975
Warm A,49930,331,330,1366,831,0,0.002593878
Warm A,734656,4387,4386,1366,831,0,0.0021842928
Warm A,927915,5605,5604,1366,831,0,0.0056498945
Warm A,170885,1087,1086,1366,831,0,-0.0009397748
Warm A,160140,1019,1018,1366,831,1,0.0058919797
Warm A,499470,3067,3066,1366,831,1,-0.00089651963
Warm A,348063,2041,2040,1366,831,1,0.0049154772
Warm A,63012,424,423,1366,831,1,0.009686864
Warm A,235005,1425,1424,1366,831,1,0.012570128
Warm A,322409,1912,1911,1366,831,0,0.0058991727
Warm A,790766,4728,4727,1366,831,0,0.009163039
Warm A,193686,1194,1193,1366,831,1,0.009561082
Warm A,178162,1120,1119,1366,831,0,0.011133158
Warm A,974626,5878,5877,1366,831,1,0.007326513
Warm A,536068,3308,3307,1382,845,0,0.016780116
Warm A,990224,5978,5977,1382,845,0,0.0014224164
Warm A,525089,3242,3241,1382,845,0,-0.0045286114
Warm A,520059,3208,3207,1382,845,0,0.0009421281
Warm A,516991,3191,3190,1382,845,0,-0.00016510533
Warm A,497945,3056,3055,1382,845,0,0.0012748525
Warm A,486313,2994,2993,1382,845,0,0.0066421684
Warm A,529780,3272,3271,1382,845,0,0.0018259613
Warm A,472647,2907,2906,1382,845,0,0.01031676
Warm A,471385,2900,2899,1382,845,0,-0.0107636545
Warm A,473744,2909,2908,1382,845,1,0.01927883
Warm A,468111,2886,2885,1382,845,1,0.0067373742
Warm A,463372,2857,2856,1382,845,0,0.003783748
Warm A,452517,2786,2785,1382,845,0,0.01748519
Warm A,417150,2509,2508,1382,845,0,0.010563616
Warm A,415261,2500,2499,1382,845,1,0.005867089
Warm A,408268,2453,2452,1382,845,1,0.005862428
Warm A,449387,2771,2770,1382,845,0,-0.0008428191
Warm A,392263,2304,2303,1382,845,0,0.0038993885
Warm A,377289,2203,2202,1382,845,1,0.019870441
Warm A,375134,2186,2185,1382,845,0,-0.000112317735
Warm A,370288,2165,2164,1382,845,1,0.0005644122
Warm A,367228,2143,2142,1382,845,0,-0.005277699
Warm A,366197,2131,2130,1382,845,0,0.010623455
Warm A,359428,2102,2101,1382,845,0,-0.00048671104
Warm A,313775,1873,1872,1382,845,1,0.007112074
Warm A,315322,1880,1879,1382,845,0,0.0072046053
Warm A,295297,1753,1752,1382,845,1,0.0075475867
Warm A,303557,1803,1802,1382,845,0,-0.0047794236
Warm A,288919,1726,1725,1382,845,0,7.669721e-05
Warm A,301786,1793,1792,1382,845,0,-0.00014200353
Warm A,221416,1340,1339,1382,845,0,0.009069877
Warm A,212952,1297,1296,1382,845,0,0.0065983757
Warm A,191053,1181,1180,1382,845,0,0.014526984
Warm A,170023,1080,1079,1382,845,1,0.0039485404
Warm A,168500,1069,1068,1382,845,0,0.015721908
Warm A,275582,1667,1666,1382,845,0,0.007884582
Warm A,154899,999,998,1382,845,0,0.0022182183
Warm A,185392,1150,1149,1382,845,0,0.00031765387
Warm A,156956,1010,1009,1382,845,0,0.0045006946
Warm A,277021,1675,1674,1382,845,0,0.011494693
Warm A,136655,881,880,1382,845,0,0.0031984793
Warm A,135680,877,876,1382,845,0,0.0036268583
Warm A,202540,1244,1243,1382,845,0,0.007182325
Warm A,351962,2063,2062,1382,845,0,-0.0002011545
Warm A,258474,1584,1583,1382,845,0,0.0036356058
Warm A,126120,813,812,1382,845,0,-0.00016102649
Warm A,121544,781,780,1382,845,0,0.00918393
Warm A,120773,778,777,1382,845,0,0.0056838384
Warm A,117534,757,756,1382,845,0,0.00432322
Warm A,114882,746,745,1382,845,0,-0.0071430104
Warm A,177005,1117,1116,1382,845,0,0.0011811835
Warm A,96439,647,646,1382,845,1,0.008097813
Warm A,150629,970,969,1382,845,0,0.0046172766
Warm A,77604,524,523,1382,845,0,0.008145616
Warm A,71117,477,476,1382,845,1,-0.0013913896
Warm A,68759,461,460,1382,845,0,0.009083863
Warm A,53482,352,351,1382,845,0,0.0030976762
Warm A,36256,245,244,1382,845,0,0.003457768
Warm A,108046,710,709,1382,845,0,0.016337795
Warm A,198439,1219,1218,1382,845,1,0.005027912
Warm A,354978,2077,2076,1382,845,0,0.012458941
Warm A,237990,1447,1446,1382,845,0,0.002524505
Warm A,967376,5831,5830,1382,845,0,0.015467659
Warm A,709956,4258,4257,1382,845,0,0.0026126571
Warm A,63047,424,423,1382,845,0,0.009224784
Warm A,273017,1647,1646,1382,845,0,0.011913793
Warm A,382497,2235,2234,1390,850,0,0.0016527725
Warm A,368412,2153,2152,1390,850,1,0.008341215
Warm A,363118,2116,2115,1390,850,1,-0.0010908849
Warm A,356164,2087,2086,1390,850,1,0.0015941407
Warm A,361707,2109,2108,1390,850,0,0.0045996765
Warm A,358912,2100,2099,1390,850,1,0.0004652324
Warm A,341962,2013,2012,1390,850,0,-0.0024354446
Warm A,340716,2010,2009,1390,850,0,0.011086145
Warm A,321811,1909,1908,1390,850,0,0.006271392
Warm A,276595,1672,1671,1390,850,0,0.0031544426
Warm A,297563,1764,1763,1390,850,0,0.0006701129
Warm A,281303,1687,1686,1390,850,1,0.0044427663
Warm A,267021,1623,1622,1390,850,0,0.00035511935
Warm A,264649,1609,1608,1390,850,0,0.005212001
Warm A,247196,1494,1493,1390,850,0,0.007169815
Warm A,336023,1980,1979,1390,850,0,3.8816128e-05
Warm A,223601,1354,1353,1390,850,1,-0.0013116985
Warm A,277766,1676,1675,1390,850,0,0.0125582665
Warm A,279425,1680,1679,1390,850,1,0.0051367367
Warm A,198837,1221,1220,1390,850,1,-0.0033650957
Warm A,194413,1199,1198,1390,850,0,0.003183762
Warm A,198635,1220,1219,1390,850,1,0.0052259713
Warm A,167911,1068,1067,1390,850,1,0.004256625
Warm A,328268,1941,1940,1390,850,1,0.0068151467
Warm A,255546,1556,1555,1390,850,1,0.0029958752
Warm A,249269,1502,1501,1390,850,1,-0.002498773
Warm A,143691,927,926,1390,850,1,-0.0015843525
Warm A,156964,1010,1009,1390,850,0,0.0023326394
Warm A,136664,881,880,1390,850,0,0.0006408426
Warm A,112530,731,730,1390,850,1,0.0027860005
Warm A,106117,699,698,1390,850,0,0.003065889
Warm A,96443,647,646,1390,850,0,-0.0013942908
Warm A,92560,620,619,1390,850,0,0.006131626
Warm A,191067,1181,1180,1390,850,0,0.0051479624
Warm A,77616,524,523,1390,850,0,0.00409805
Warm A,59354,403,402,1390,850,1,0.007111432
Warm A,53511,352,351,1390,850,0,0.0023512226
Warm A,52473,346,345,1390,850,1,0.011918711
Warm A,44294,302,301,1390,850,0,0.005654205
Warm A,697463,4169,4168,1390,850,1,0.003255721
Warm A,31848,216,215,1390,850,1,-0.0024501428
Warm A,240183,1449,1448,1390,850,0,0.0069235656
Warm A,291475,1737,1736,1390,850,0,0.016361488
Warm A,6323,45,44,1390,850,0,0.010606079
Warm A,3572,26,25,1390,850,0,-0.0038741298
Warm A,337076,1983,1982,1390,850,1,0.008225429
Warm A,354986,2077,2076,1390,850,0,0.0034376665
Warm A,626853,3792,3791,1390,850,0,0.0076715285
Warm A,893366,5394,5393,1390,850,0,0.0047123143
Warm A,682529,4085,4084,1390,850,1,0.0023960965
Warm A,11553,90,89,1390,850,1,-2.87008e-05
Warm A,79475,531,530,1390,850,0,0.009607882
Warm A,599317,3648,3647,1390,850,0,0.0056912415
Warm A,27947,195,194,1390,850,0,0.011964319
Warm A,476380,2926,2925,1390,850,0,0.0009273435
Warm A,769058,4579,4578,1390,850,0,0.0050452743
Warm A,924151,5580,5579,1390,850,0,0.004411553
Warm A,941734,5682,5681,1390,850,0,-0.00035950553
Warm A,273027,1647,1646,1390,850,1,0.008910472
Warm A,116305,752,751,1390,850,0,-4.6616187e-06
Warm A,794193,4748,4747,1390,850,0,0.0032042891
Warm A,439429,2684,2683,1397,857,0,0.0037171524
Warm A,992974,5998,5997,1397,857,0,0.008200521
Warm A,974648,5878,5877,1397,857,1,0.0013091031
Warm A,773865,4611,4610,1398,858,0,0.009075962
Warm A,489661,3013,3012,1398,858,0,0.016150935
Warm A,171759,1088,1087,1398,858,0,0.012040478
Warm A,274428,1658,1657,1399,859,0,-0.00066873245
Warm A,279435,1680,1679,1399,859,0,-0.008662285
Warm A,280887,1685,1684,1399,859,0,-0.008382026
Warm A,321677,1908,1907,1399,859,1,0.0069970274
Warm A,204056,1255,1254,1399,859,0,-0.0015467348
Warm A,189625,1175,1174,1399,859,0,-0.0035314863
Warm A,328278,1941,1940,1399,859,0,0.003530087
Warm A,163888,1050,1049,1399,859,0,-0.0074814414
Warm A,348972,2047,2046,1399,859,0,-0.00015534647
Warm A,131209,850,849,1399,859,0,-0.0036046957
Warm A,263418,1605,1604,1399,859,0,-0.0067251464
Warm A,106125,699,698,1399,859,0,0.0012751777
Warm A,116313,752,751,1399,859,1,-0.0067516617
Warm A,100885,673,672,1399,859,0,0.0022443514
Warm A,98892,660,659,1399,859,0,-0.0054412116
Warm A,697474,4169,4168,1399,859,1,0.0054514585
Warm A,191078,1181,1180,1399,859,0,-0.0060974257
Warm A,239043,1448,1447,1399,859,1,0.0016236677
Warm A,69316,464,463,1399,859,0,0.0021804285
Warm A,70198,474,473,1399,859,0,-0.005697756
Warm A,47292,319,318,1399,859,1,-0.0027719345
Warm A,46396,310,309,1399,859,1,-0.00016345759
Warm A,360870,2106,2105,1399,859,0,-0.0028419318
Warm A,30195,203,202,1399,859,0,-0.001911455
Warm A,26293,187,186,1399,859,1,-0.0017688045
Warm A,235048,1425,1424,1399,859,1,-0.0012645188
Warm A,223608,1354,1353,1399,859,0,-0.0036871985
Warm A,206945,1266,1265,1399,859,0,-0.0026636496
Warm A,27045,192,191,1399,859,1,0.0039007403
Warm A,158326,1015,1014,1399,859,1,0.005970296
Warm A,238008,1447,1446,1399,859,0,-0.0022083842
Warm A,497271,3054,3053,1399,859,0,0.0042691845
Warm A,171760,1088,1087,1399,859,0,-0.003450971
Warm A,195529,1203,1202,1399,859,0,-0.00043769268
Warm A,286416,1710,1709,1399,859,1,0.0007870076
Warm A,992975,5998,5997,1399,859,1,-0.0014146863
Warm A,476384,2926,2925,1399,859,0,0.0031619957
Warm A,769061,4579,4578,1399,859,0,0.0051904973
Warm A,285363,1701,1700,1399,859,1,-0.007438464
Warm A,136671,881,880,1399,859,0,0.0018345113
Warm A,739567,4418,4417,1399,859,0,0.0028311047
Warm A,322461,1912,1911,1399,859,0,0.0008164769
Warm A,193721,1194,1193,1399,859,0,-0.003148546
Warm A,974649,5878,5877,1399,859,1,-0.004572577
Warm A,610765,3705,3704,1401,860,1,0.004146354
Warm A,583795,3563,3562,1401,860,0,0.0034752819
Warm A,593226,3618,3617,1401,860,0,0.015089431
Warm A,626420,3792,3791,1401,860,1,-6.3488376e-05
Warm A,560771,3450,3449,1401,860,0,-0.005474843
Warm A,562921,3464,3463,1401,860,0,-0.004419189
Warm A,549610,3391,3390,1401,860,0,-0.00057994644
Warm A,529345,3272,3271,1401,860,1,0.0073004337
Warm A,524350,3233,3232,1401,860,0,0.0006147084
Warm A,518564,3201,3200,1401,860,0,-0.0020587977
Warm A,687924,4116,4115,1401,860,1,0.0034124036
Warm A,575043,3519,3518,1401,860,0,-0.0014987038
Warm A,712602,4277,4276,1401,860,1,0.0017390586
Warm A,493689,3032,3031,1401,860,1,-0.0037818209
Warm A,492400,3029,3028,1401,860,1,-0.0012018062
Warm A,484731,2986,2985,1401,860,0,0.011890229
Warm A,477786,2934,2933,1401,860,1,-0.001996126
Warm A,476604,2928,2927,1401,860,0,0.001627668
Warm A,852490,5113,5112,1401,860,0,0.004520202
Warm A,462961,2857,2856,1401,860,0,-0.007122786
Warm A,453393,2793,2792,1401,860,0,-0.0008398572
Warm A,444479,2743,2742,1401,860,1,0.0077682924
Warm A,440689,2697,2696,1401,860,1,0.0041746395
Warm A,695671,4169,4168,1401,860,0,0.004746939
Warm A,432014,2634,2633,1401,860,0,0.00018775323
Warm A,425893,2585,2584,1401,860,1,0.0033755272
Warm A,420134,2540,2539,1401,860,1,0.0014882619
Warm A,417497,2518,2517,1401,860,1,0.0037082853
Warm A,401849,2398,2397,1401,860,1,0.005026872
Warm A,436049,2665,2664,1401,860,1,0.0066348836
Warm A,375262,2187,2186,1401,860,1,0.008797928
Warm A,362535,2115,2114,1401,860,0,-0.0004583057
Warm A,362619,2116,2115,1401,860,0,0.0050543463
Warm A,364488,2124,2123,1401,860,1,-0.011018368
Warm A,359165,2102,2101,1401,860,0,0.005456253
Warm A,335336,1980,1979,1401,860,0,0.0076337643
Warm A,229106,1389,1388,1401,860,1,0.0065094978
Warm A,224922,1360,1359,1401,860,0,0.0016272209
Warm A,212708,1297,1296,1401,860,0,0.0055410946
Warm A,272562,1647,1646,1401,860,1,0.004560254
Warm A,203933,1255,1254,1401,860,0,0.006770242
Warm A,187214,1162,1161,1401,860,1,0.0095528755
Warm A,329048,1943,1942,1401,860,0,0.014166366
Warm A,183442,1142,1141,1401,860,1,0.008219946
Warm A,184724,1150,1149,1401,860,0,-0.00084294006
Warm A,210448,1285,1284,1401,860,1,-0.0015855024
Warm A,307098,1835,1834,1401,860,1,0.002706309
Warm A,168176,1069,1068,1401,860,0,-0.00020487118
Warm A,175240,1112,1111,1401,860,0,0.01327851
Warm A,327422,1941,1940,1401,860,1,-0.0050312504
Warm A,190216,1181,1180,1401,860,0,0.0062117525
Warm A,156300,1008,1007,1401,860,0,-0.0030747792
Warm A,152747,984,983,1401,860,1,0.0015488737
Warm A,143219,924,923,1401,860,1,-0.0032947059
Warm A,156426,1010,1009,1401,860,0,0.0022079726
Warm A,137605,889,888,1401,860,0,1.2909528e-05
Warm A,136188,881,880,1401,860,1,-0.011322368
Warm A,141276,911,910,1401,860,1,-0.00074396865
Warm A,154689,999,998,1401,860,0,-0.0006748438
Warm A,778769,4653,4652,1401,860,1,0.013701875
Warm A,105783,699,698,1401,860,0,0.0068490626
Warm A,299388,1778,1777,1401,860,0,0.006826721
Warm A,115754,752,751,1401,860,0,0.009498175
Warm A,100689,673,672,1401,860,0,-0.00039215444
Warm A,98505,660,659,1401,860,0,0.0032512061
Warm A,94056,631,630,1401,860,1,0.0007505282
Warm A,89685,591,590,1401,860,0,9.293994e-05
Warm A,89048,588,587,1401,860,1,0.0015794677
Warm A,82603,549,548,1401,860,1,0.0006016962
Warm A,238481,1448,1447,1401,860,1,0.0039685946
Warm A,227890,1383,1382,1401,860,0,0.0040495666
Warm A,77070,524,523,1401,860,0,0.006941174
Warm A,71683,482,481,1401,860,0,-0.003874382
Warm A,60014,409,408,1401,860,0,-0.0039407173
Warm A,57436,389,388,1401,860,1,-0.0044067116
Warm A,53350,352,351,1401,860,0,0.001440275
Warm A,52406,346,345,1401,860,1,0.006205125
Warm A,49055,329,328,1401,860,0,-0.0018771063
Warm A,47133,319,318,1401,860,0,0.0021704454
Warm A,360375,2106,2105,1401,860,0,-0.008985779
Warm A,37291,255,254,1401,860,1,0.0011848209
Warm A,36123,245,244,1401,860,0,0.005775612
Warm A,23424,169,168,1401,860,1,0.0023803427
Warm A,9033,62,61,1401,860,0,0.008836102
Warm A,907922,5493,5492,1401,860,0,0.00557385
Warm A,34464,234,233,1401,860,1,-0.0031816345
Warm A,129076,839,838,1401,860,1,0.0018912102
Warm A,257336,1579,1578,1401,860,0,0.0045804395
Warm A,571736,3507,3506,1401,860,0,0.0031649217
Warm A,849561,5102,5101,1401,860,1,0.0039102286
Warm A,249714,1505,1504,1401,860,0,-0.0015874449
Warm A,317439,1889,1888,1401,860,1,-0.0062801917
Warm A,558131,3428,3427,1401,860,1,0.0005317993
Warm A,293485,1748,1747,1401,860,1,0.006718726
Warm A,11509,90,89,1401,860,0,0.0026948322
Warm A,407706,2451,2450,1401,860,1,-0.0069648065
Warm A,285077,1701,1700,1401,860,0,0.0072373813
Warm A,216707,1317,1316,1401,860,1,0.0056801885
Warm A,553628,3410,3409,1401,860,0,-0.0051085805
Warm A,801237,4802,4801,1401,860,1,0.0054012868
Warm A,433441,2643,2642,1401,860,0,-0.0014636347
Warm A,193356,1194,1193,1401,860,1,0.008453957
Warm A,432017,2634,2633,1404,861,1,-0.016566236
Warm A,82609,549,548,1404,861,1,-0.007096258
Warm A,198082,1218,1217,1404,861,0,-0.0062288204
Warm A,190224,1181,1180,1404,861,0,-0.0054195025
Warm A,303693,1804,1803,1404,861,0,-0.008217823
Warm A,77074,524,523,1404,861,1,-0.0025060405
Warm A,16227,129,128,1404,861,1,-0.0073181386
Warm A,104052,692,691,1404,861,1,-0.00500385
Warm A,209925,1284,1283,1404,861,0,0.00032376952
Warm A,49880,331,330,1404,861,1,0.0031845986
Warm A,286505,1712,1711,1404,861,0,-0.0022565988
Warm A,293489,1748,1747,1404,861,0,-0.0011644502
Warm A,144693,934,933,1404,861,0,-0.004074689
Warm A,204360,1260,1259,1404,861,0,-0.008954266
Warm A,309428,1842,1841,1404,861,1,-0.0061780717
Warm A,772568,4607,4606,1404,861,0,-0.0068650143
Warm A,321588,1908,1907,1410,866,0,0.009365138
Warm A,167610,1068,1067,1410,866,1,0.011113119
Warm A,189224,1173,1172,1410,866,0,0.011649055
Warm A,156450,1010,1009,1410,866,0,0.009525378
Warm A,201299,1242,1241,1410,866,0,0.0034024895
Warm A,332444,1962,1961,1410,866,0,0.0046736714
Warm A,154698,999,998,1410,866,0,0.0075313915
Warm A,360393,2106,2105,1410,866,0,0.008416219
Warm A,115774,752,751,1410,866,0,0.0079356935
Warm A,695696,4169,4168,1410,866,0,0.017130662
Warm A,238503,1448,1447,1410,866,0,0.0034826326
Warm A,190263,1181,1180,1410,866,0,0.014002325
Warm A,76081,517,516,1410,866,0,0.004837254
Warm A,87031,569,568,1410,866,0,0.012850402
Warm A,53381,352,351,1410,866,0,0.007187551
Warm A,52420,346,345,1410,866,1,0.0107508525
Warm A,47163,319,318,1410,866,0,0.012571421
Warm A,31707,216,215,1410,866,0,0.013655086
Warm A,31453,214,213,1410,866,0,0.0032483856
Warm A,299930,1779,1778,1410,866,0,0.0068028085
Warm A,49087,329,328,1410,866,0,0.0118219685
Warm A,79040,531,530,1410,866,1,0.019508792
Warm A,362641,2116,2115,1410,866,1,0.002935774
Warm A,682109,4085,4084,1410,866,1,0.02052277
Warm A,206591,1266,1265,1410,866,0,0.0148222335
Warm A,433066,2641,2640,1410,866,0,0.0053853537
Warm A,327459,1941,1940,1410,866,1,0.020288067
Warm A,618773,3751,3750,1410,866,0,0.008787301
Warm A,206219,1265,1264,1410,866,0,0.0067518232
Warm A,295488,1755,1754,1410,866,1,0.001247217
Warm A,522086,3224,3223,1414,868,0,-0.0006354874
Warm A,527205,3261,3260,1414,868,0,-0.007339156
Warm A,493191,3031,3030,1414,868,1,-0.005063523
Warm A,882761,5333,5332,1414,868,0,-0.001075075
Warm A,490132,3017,3016,1414,868,0,0.002813906
Warm A,474564,2913,2912,1414,868,1,-0.00083372695
Warm A,467587,2882,2881,1414,868,1,-0.011841783
Warm A,465315,2870,2869,1414,868,1,0.0035924786
Warm A,462429,2854,2853,1414,868,0,-0.005776775
Warm A,457580,2820,2819,1414,868,0,-0.0036060824
Warm A,449253,2771,2770,1414,868,0,-0.003858374
Warm A,445862,2750,2749,1414,868,1,-0.0028672079
Warm A,445308,2747,2746,1414,868,1,0.0011370647
Warm A,446254,2752,2751,1414,868,1,-0.0021053609
Warm A,465497,2872,2871,1414,868,0,0.0031325212
Warm A,440884,2700,2699,1414,868,1,-0.008662973
Warm A,435160,2659,2658,1414,868,0,-0.00066116406
Warm A,437329,2670,2669,1414,868,1,-0.008874719
Warm A,428045,2602,2601,1414,868,1,-0.0014752583
Warm A,412597,2484,2483,1414,868,1,-0.00030352967
Warm A,362643,2116,2115,1414,868,0,-0.0030391
Warm A,364505,2124,2123,1414,868,1,0.0061380044
Warm A,359179,2102,2101,1414,868,1,-0.001491521
Warm A,351290,2063,2062,1414,868,0,-0.0030209948
Warm A,373728,2181,2180,1414,868,0,-0.001666531
Warm A,353845,2073,2072,1414,868,0,0.0059256097
Warm A,346546,2031,2030,1414,868,1,0.004374754
Warm A,345004,2024,2023,1414,868,0,0.0010527064
Warm A,343449,2018,2017,1414,868,1,-0.0017010465
Warm A,337881,1988,1987,1414,868,0,-0.0025267238
Warm A,334392,1974,1973,1414,868,0,0.0019467799
Warm A,305248,1813,1812,1414,868,1,0.0005764506
Warm A,290767,1735,1734,1414,868,1,-0.00046411762
Warm A,281755,1690,1689,1414,868,1,0.0021295757
Warm A,278491,1680,1679,1414,868,1,-0.0028781584
Warm A,264045,1607,1606,1414,868,0,-0.002775394
Warm A,321589,1908,1907,1414,868,0,0.008450305
Warm A,256420,1565,1564,1414,868,1,0.0076658037
Warm A,254978,1552,1551,1414,868,1,-0.0037566954
Warm A,247460,1496,1495,1414,868,1,0.0044042584
Warm A,227762,1381,1380,1414,868,0,-0.004448355
Warm A,229820,1391,1390,1414,868,0,-0.0054719946
Warm A,269630,1635,1634,1414,868,1,-0.0049558994
Warm A,212723,1297,1296,1414,868,1,-0.0007487573
Warm A,307877,1836,1835,1414,868,1,-0.0014344873
Warm A,202279,1244,1243,1414,868,1,-0.003482266
Warm A,210484,1285,1284,1414,868,1,-0.0015750336
Warm A,201082,1241,1240,1414,868,1,-0.0052776085
Warm A,294100,1749,1748,1414,868,0,0.0068901097
Warm A,194641,1202,1201,1414,868,0,-0.0065415986
Warm A,184759,1150,1149,1414,868,0,-0.0007248586
Warm A,307120,1835,1834,1414,868,1,0.0017347741
Warm A,173443,1100,1099,1414,868,1,0.0013458892
Warm A,248609,1501,1500,1414,868,0,-0.0018610382
Warm A,327466,1941,1940,1414,868,1,0.0015447419
Warm A,157657,1015,1014,1414,868,1,-0.0037805284
Warm A,319779,1899,1898,1414,868,1,-0.0067755566
Warm A,144707,934,933,1414,868,0,-0.0015522921
Warm A,147264,949,948,1414,868,1,-0.008405814
Warm A,136207,881,880,1414,868,0,0.008308617
Warm A,131695,854,853,1414,868,1,-0.007210126
Warm A,128476,832,831,1414,868,1,0.0006790882
Warm A,127464,823,822,1414,868,1,-0.0053944616
Warm A,126090,813,812,1414,868,1,-0.0026041544
Warm A,159720,1019,1018,1414,868,1,-0.0028813593
Warm A,360396,2106,2105,1414,868,0,0.0035607473
Warm A,132213,855,854,1414,868,1,-0.004919336
Warm A,105804,699,698,1414,868,1,-0.0032396303
Warm A,341082,2011,2010,1414,868,1,0.0037382762
Warm A,107610,710,709,1414,868,1,0.0056345826
Warm A,104074,692,691,1414,868,1,-0.008477683
Warm A,123056,795,794,1414,868,0,-0.004836388
Warm A,92488,620,619,1414,868,0,0.009733468
Warm A,695705,4169,4168,1414,868,1,0.00014972314
Warm A,151153,973,972,1414,868,0,-0.004324095
Warm A,85017,553,552,1414,868,1,0.0047098836
Warm A,77104,524,523,1414,868,1,-0.002722354
Warm A,59028,402,401,1414,868,1,0.0015597284
Warm A,53389,352,351,1414,868,1,-0.002418636
Warm A,47167,319,318,1414,868,0,-0.0054550543
Warm A,110522,721,720,1414,868,0,-0.00028242683
Warm A,61079,412,411,1414,868,1,0.0069187726
Warm A,330626,1952,1951,1414,868,0,0.0047427146
Warm A,38152,261,260,1414,868,0,-2.5169924e-05
Warm A,34331,232,231,1414,868,1,-0.004313578
Warm A,859986,5172,5171,1414,868,0,-0.0014309254
Warm A,49092,329,328,1414,868,0,-0.0011002598
Warm A,9067,62,61,1414,868,1,0.0012424896
Warm A,6208,45,44,1414,868,0,-0.008286662
Warm A,153888,990,989,1414,868,0,-0.008177871
Warm A,545209,3363,3362,1414,868,0,0.0015338417
Warm A,10721,78,77,1414,868,1,-0.0022002442
Warm A,801248,4802,4801,1414,868,1,0.001888399
Warm A,954172,5761,5760,1414,868,0,-0.0044086706
Warm A,974844,5880,5879,1414,868,1,-0.0034022368
Warm A,181801,1137,1136,1414,868,1,0.002961188
Warm A,241770,1457,1456,1414,868,1,-0.0067563113
Warm A,182998,1141,1140,1414,868,1,-0.0026645875
Warm A,966474,5831,5830,1414,868,1,0.0036520953
Warm A,240890,1451,1450,1414,868,1,-0.0047736787
Warm A,101852,678,677,1414,868,0,0.00017133029
Warm A,24160,173,172,1414,868,1,-0.0066538444
Warm A,258262,1584,1583,1414,868,1,5.49783e-05
Warm A,699522,4186,4185,1414,868,0,0.0038810843
Warm A,171159,1088,1087,1414,868,1,-0.0075186845
Warm A,941284,5682,5681,1414,868,0,-0.012194423
Warm A,413588,2489,2488,1414,868,0,-0.00717941
Warm A,839131,5046,5045,1414,868,1,-0.005668159
Warm A,545944,3367,3366,1419,870,0,0.00047355308
Warm A,738004,4411,4410,1419,870,1,0.005112496
Warm A,482501,2967,2966,1419,870,0,0.009035518
Warm A,481067,2955,2954,1419,870,1,0.0018500071
Warm A,478537,2936,2935,1419,870,1,0.00754536
Warm A,466549,2878,2877,1419,870,1,-0.00019767834
Warm A,463972,2860,2859,1419,870,1,0.0025361925
Warm A,457586,2820,2819,1419,870,1,-0.00092147547
Warm A,451442,2779,2778,1419,870,1,0.0024472564
Warm A,443303,2733,2732,1419,870,1,0.0011218179
Warm A,437868,2676,2675,1419,870,1,-0.0052252766
Warm A,424979,2579,2578,1419,870,1,-0.002349861
Warm A,446644,2753,2752,1419,870,1,-0.0004470934
Warm A,411206,2468,2467,1419,870,1,0.0063685393
Warm A,401323,2393,2392,1419,870,1,0.0074689593
Warm A,400846,2389,2388,1419,870,0,0.001615742
Warm A,381472,2231,2230,1419,870,0,9.265897e-05
Warm A,371940,2173,2172,1419,870,0,-0.003682762
Warm A,352572,2064,2063,1419,870,1,0.0035482678
Warm A,342987,2016,2015,1419,870,1,0.0026333614
Warm A,428726,2609,2608,1419,870,1,0.0029700748
Warm A,329935,1947,1946,1419,870,0,0.011634419
Warm A,319786,1899,1898,1419,870,1,0.000550612
Warm A,280661,1685,1684,1419,870,1,-0.0028497363
Warm A,278500,1680,1679,1419,870,1,-6.259419e-06
Warm A,264048,1607,1606,1419,870,0,0.0038377165
Warm A,258176,1583,1582,1419,870,1,-0.005481953
Warm A,353849,2073,2072,1419,870,1,0.006273303
Warm A,283784,1698,1697,1419,870,1,0.0041463533
Warm A,211733,1288,1287,1419,870,1,-0.003462377
Warm A,220251,1335,1334,1419,870,1,-0.0002569016
Warm A,199211,1224,1223,1419,870,1,0.009687514
Warm A,186307,1152,1151,1419,870,1,0.008150926
Warm A,177407,1119,1118,1419,870,1,-0.0010358109
Warm A,243648,1470,1469,1419,870,0,0.010178749
Warm A,308314,1837,1836,1419,870,1,-0.0026455622
Warm A,162624,1038,1037,1419,870,0,-0.00060753594
Warm A,190276,1181,1180,1419,870,0,0.005454913
Warm A,151443,975,974,1419,870,1,0.008399895
Warm A,146762,948,947,1419,870,1,0.0026093165
Warm A,201307,1242,1241,1419,870,1,-0.0005628739
Warm A,127602,824,823,1419,870,0,0.0062409127
Warm A,316534,1884,1883,1419,870,1,0.00735201
Warm A,80838,537,536,1419,870,1,0.0010160272
Warm A,81409,543,542,1419,870,1,0.005335352
Warm A,77110,524,523,1419,870,1,0.00085346494
Warm A,83780,550,549,1419,870,0,0.006724321
Warm A,69413,466,465,1419,870,1,0.004527105
Warm A,66314,444,443,1419,870,1,0.0011465857
Warm A,54779,358,357,1419,870,1,0.0092181945
Warm A,52688,347,346,1419,870,1,0.0040146904
Warm A,46588,312,311,1419,870,1,-0.0020540338
Warm A,505913,3112,3111,1419,870,0,0.00037741498
Warm A,31719,216,215,1419,870,0,0.0008673339
Warm A,440044,2691,2690,1419,870,1,0.0034873392
Warm A,4851,35,34,1419,870,1,-0.0009333844
Warm A,357166,2092,2091,1419,870,1,-0.0014786115
Warm A,206598,1266,1265,1419,870,0,-0.006352828
Warm A,524358,3233,3232,1419,870,1,-0.0071770833
Warm A,157665,1015,1014,1419,870,1,0.0022447575
Warm A,289905,1733,1732,1419,870,1,0.0041335793
Warm A,801251,4802,4801,1419,870,1,0.0081924535
Warm A,208532,1274,1273,1419,870,1,-0.0028576648
Warm A,10371,74,73,1419,870,1,0.0078097396
Warm A,441779,2715,2714,1419,870,1,0.006818652
Warm A,293518,1748,1747,1419,870,0,0.006237284
Warm A,319082,1897,1896,1419,870,1,-0.0033085318
Warm A,993787,6002,6001,1419,870,1,0.0031272727
Warm A,546645,3371,3370,1419,870,1,-0.001988625
Warm A,27824,195,194,1419,870,1,0.009810222
Warm A,275976,1671,1670,1419,870,1,0.0018264132
Warm A,370857,2168,2167,1419,870,0,0.0050349073
Warm A,240894,1451,1450,1419,870,1,0.0071349987
Warm A,175921,1113,1112,1419,870,1,-0.0017869743
Warm A,554991,3413,3412,1419,870,1,0.007620964
Warm A,451665,2781,2780,1419,870,1,-0.004784219
Warm A,585073,3572,3571,1425,872,0,0.005180643
Warm A,607016,3685,3684,1425,872,1,0.006800182
Warm A,576775,3526,3525,1425,872,1,0.010242015
Warm A,580363,3546,3545,1425,872,0,0.009691641
Warm A,563972,3470,3469,1425,872,0,0.0067969738
Warm A,560961,3451,3450,1425,872,0,0.0047657155
Warm A,556732,3422,3421,1425,872,0,0.0057671713
Warm A,543147,3344,3343,1425,872,0,-0.00029874942
Warm A,547491,3378,3377,1425,872,0,0.004965321
Warm A,541179,3329,3328,1425,872,0,-0.00014354475
Warm A,532917,3292,3291,1425,872,0,0.0024119462
Warm A,530769,3280,3279,1425,872,0,0.017600246
Warm A,522106,3224,3223,1425,872,1,0.00031941803
Warm A,539683,3320,3319,1425,872,1,-0.00077871326
Warm A,536761,3311,3310,1425,872,1,0.009457612
Warm A,512524,3163,3162,1425,872,1,0.0072547244
Warm A,816014,4899,4898,1425,872,0,-0.0018007422
Warm A,738010,4411,4410,1425,872,0,-0.009186984
Warm A,783906,4682,4681,1425,872,1,0.0025252914
Warm A,504335,3101,3100,1425,872,1,0.011526456
Warm A,475038,2916,2915,1425,872,0,0.0017537149
Warm A,472243,2907,2906,1425,872,1,0.0029849033
Warm A,470831,2899,2898,1425,872,1,0.0090215895
Warm A,473130,2909,2908,1425,872,0,0.00373063
Warm A,467505,2881,2880,1425,872,1,0.0010305475
Warm A,447763,2761,2760,1425,872,1,0.010920295
Warm A,438735,2681,2680,1425,872,1,0.004896673
Warm A,425046,2580,2579,1425,872,0,0.0024204066
Warm A,419560,2537,2536,1425,872,0,0.0087152235
Warm A,416279,2507,2506,1425,872,0,0.005607296
Warm A,412606,2484,2483,1425,872,1,0.015904494
Warm A,400196,2383,2382,1425,872,1,0.015426204
Warm A,368233,2153,2152,1425,872,1,0.001234279
Warm A,361357,2109,2108,1425,872,0,-0.00012495415
Warm A,351311,2063,2062,1425,872,0,0.023292838
Warm A,340382,2010,2009,1425,872,0,0.0065811276
Warm A,337891,1988,1987,1425,872,0,0.0015761135
Warm A,330908,1954,1953,1425,872,1,0.012967212
Warm A,314873,1880,1879,1425,872,0,0.008392562
Warm A,281111,1687,1686,1425,872,0,0.004528052
Warm A,278520,1680,1679,1425,872,0,-0.003554538
Warm A,268423,1631,1630,1425,872,0,0.015231338
Warm A,256422,1565,1564,1425,872,0,0.0063738665
Warm A,247473,1496,1495,1425,872,0,0.0030426965
Warm A,233579,1421,1420,1425,872,1,0.01715644
Warm A,231533,1404,1403,1425,872,1,0.011123754
Warm A,357177,2092,2091,1425,872,1,0.0061099185
Warm A,335383,1980,1979,1425,872,0,-0.0018227166
Warm A,223265,1354,1353,1425,872,0,0.013124327
Warm A,277347,1676,1675,1425,872,1,0.012965566
Warm A,198740,1221,1220,1425,872,0,0.0034131391
Warm A,196273,1207,1206,1425,872,0,0.021328967
Warm A,175924,1113,1112,1425,872,0,0.012951493
Warm A,173039,1097,1096,1425,872,1,0.0088402005
Warm A,164205,1051,1050,1425,872,0,0.0072236834
Warm A,271982,1645,1644,1425,872,1,0.0014092028
Warm A,155689,1004,1003,1425,872,0,0.013234379
Warm A,221029,1340,1339,1425,872,0,0.015039906
Warm A,148183,955,954,1425,872,0,0.0065488135
Warm A,137670,889,888,1425,872,0,0.0050010253
Warm A,135376,877,876,1425,872,0,0.004245992
Warm A,128481,832,831,1425,872,0,0.003003629
Warm A,124131,800,799,1425,872,1,0.004958987
Warm A,177839,1120,1119,1425,872,0,0.007372786
Warm A,117321,757,756,1425,872,1,0.010223268
Warm A,112206,731,730,1425,872,1,0.0043318765
Warm A,107625,710,709,1425,872,1,0.018202087
Warm A,105818,699,698,1425,872,1,0.010233056
Warm A,106583,702,701,1425,872,1,0.0097774025
Warm A,103764,690,689,1425,872,1,0.01531101
Warm A,118207,765,764,1425,872,1,-0.0004454027
Warm A,176659,1117,1116,1425,872,1,0.0099858865
Warm A,97662,655,654,1425,872,0,-0.004852426
Warm A,329084,1943,1942,1425,872,1,0.006093486
Warm A,94075,631,630,1425,872,0,-0.0023076497
Warm A,695722,4169,4168,1425,872,0,0.010036571
Warm A,283798,1698,1697,1425,872,1,0.0074855094
Warm A,83798,550,549,1425,872,1,-0.00042101974
Warm A,238519,1448,1447,1425,872,0,0.0053269523
Warm A,87032,569,568,1425,872,1,0.013731062
Warm A,70042,474,473,1425,872,0,0.012218249
Warm A,63617,425,424,1425,872,0,0.0076398496
Warm A,58448,396,395,1425,872,0,0.001826731
Warm A,626450,3792,3791,1425,872,0,0.0018683635
Warm A,588952,3592,3591,1425,872,0,-0.008699009
Warm A,638846,3842,3841,1425,872,1,0.017790306
Warm A,65126,438,437,1425,872,1,0.004612523
Warm A,26241,187,186,1425,872,0,0.004905888
Warm A,234670,1425,1424,1425,872,1,0.0061168703
Warm A,7458,53,52,1425,872,1,0.0009474545
Warm A,632861,3824,3823,1425,872,0,0.011313032
Warm A,3459,26,25,1425,872,0,0.011574293
Warm A,2622,22,21,1425,872,0,0.009003296
Warm A,233829,1422,1421,1425,872,1,-0.00057122717
Warm A,79054,531,530,1425,872,0,0.006334625
Warm A,709660,4258,4257,1425,872,1,0.012222885
Warm A,892765,5394,5393,1425,872,0,0.016360518
Warm A,370866,2168,2167,1425,872,1,0.016587326
Warm A,571784,3507,3506,1425,872,0,0.007743681
Warm A,362654,2116,2115,1425,872,1,0.020102825
Warm A,511759,3158,3157,1425,872,0,0.008303289
Warm A,309444,1842,1841,1425,872,0,0.0010059762
Warm A,201909,1243,1242,1425,872,1,-0.001643403
Warm A,65881,442,441,1425,872,1,0.01768663
Warm A,878852,5312,5311,1425,872,1,0.001469655
Warm A,388002,2271,2270,1425,872,1,0.010211727
Warm A,699527,4186,4185,1425,872,0,0.009144324
Warm A,549656,3391,3390,1425,872,0,0.005603265
Warm A,337358,1984,1983,1432,875,0,-0.005617832
Warm A,222321,1345,1344,1432,875,0,0.00666879
Warm A,226929,1377,1376,1432,875,0,0.0035388484
Warm A,311428,1855,1854,1432,875,1,0.0058595766
Warm A,320690,1902,1901,1432,875,0,0.003728081
Warm A,248625,1501,1500,1432,875,1,0.021399386
Warm A,171192,1088,1087,1432,875,0,0.0067108427
Warm A,327510,1941,1940,1432,875,0,0.005291222
Warm A,275361,1667,1666,1432,875,0,0.002063444
Warm A,342142,2015,2014,1432,875,0,0.014431521
Warm A,154702,999,998,1432,875,0,0.009923413
Warm A,325728,1928,1927,1432,875,0,0.005868116
Warm A,380092,2223,2222,1432,875,0,0.009443798
Warm A,202284,1244,1243,1432,875,0,0.007452436
Warm A,258274,1584,1583,1432,875,1,0.002753439
Warm A,105825,699,698,1432,875,0,0.01652716
Warm A,96321,647,646,1432,875,0,0.008884255
Warm A,107637,710,709,1432,875,0,0.0063873883
Warm A,150368,970,969,1432,875,0,0.017124938
Warm A,87620,575,574,1432,875,0,0.017338537
Warm A,81343,542,541,1432,875,0,-0.0038965568
Warm A,83816,550,549,1432,875,0,0.012298356
Warm A,77128,524,523,1432,875,0,0.019240847
Warm A,70048,474,473,1432,875,0,0.006800955
Warm A,44207,302,301,1432,875,0,0.02058803
Warm A,22309,163,162,1432,875,0,0.008523576
Warm A,269663,1635,1634,1432,875,0,0.017083243
Warm A,26989,192,191,1432,875,0,-0.0021347804
Warm A,10045,71,70,1432,875,1,0.014916139
Warm A,9100,62,61,1432,875,0,0.009312429
Warm A,17093,134,133,1432,875,0,0.013933317
Warm A,78233,528,527,1432,875,0,0.0112900045
Warm A,354663,2077,2076,1432,875,0,0.017690273
Warm A,27865,195,194,1432,875,0,0.015029451
Warm A,49924,331,330,1432,875,0,0.01311029
Warm A,300128,1780,1779,1432,875,0,0.014619971
Warm A,941292,5682,5681,1432,875,0,0.020134792
Warm A,293532,1748,1747,1432,875,0,0.016332123
Warm A,272608,1647,1646,1432,875,0,0.008019856
Warm A,549673,3391,3390,1432,875,0,0.003363135
Warm A,183033,1141,1140,1440,877,0,0.00078568654
Warm A,164231,1051,1050,1440,877,0,0.0047938437
Warm A,163627,1050,1049,1440,877,0,-0.0031780263
Warm A,332456,1962,1961,1440,877,0,-0.0025910633
Warm A,124718,802,801,1440,877,0,0.0028157756
Warm A,112232,731,730,1440,877,0,0.0005129678
Warm A,105835,699,698,1440,877,1,0.00035599736
Warm A,106605,702,701,1440,877,0,0.008018543
Warm A,763751,4543,4542,1440,877,0,0.0035473853
Warm A,291105,1737,1736,1440,877,0,0.0016344257
Warm A,70621,476,475,1440,877,0,9.310478e-05
Warm A,67315,453,452,1440,877,0,0.0035389918
Warm A,239632,1449,1448,1440,877,0,0.012387415
Warm A,107651,710,709,1440,877,0,0.0053260615
Warm A,695755,4169,4168,1440,877,0,0.0081300745
Warm A,237578,1447,1446,1440,877,0,0.005693664
Warm A,133988,869,868,1440,877,0,0.0036856649
Warm A,719880,4312,4311,1440,877,0,0.0009464475
Warm A,933296,5636,5635,1440,877,0,-0.0022786397
Warm A,549697,3391,3390,1440,877,0,0.0059711374
Warm A,567227,3483,3482,1440,877,1,0.015923299
Warm A,499101,3067,3066,1442,879,0,0.006747773
Warm A,71742,482,481,1442,879,0,0.00085400045
Warm A,626471,3792,3791,1442,879,0,0.003533951
Warm A,966513,5831,5830,1442,879,1,0.006700764
Warm A,272622,1647,1646,1442,879,1,0.012208265
Warm A,115817,752,751,1442,879,0,0.007930498
Warm A,183035,1141,1140,1442,879,0,0.005027297
Warm A,712679,4277,4276,1442,879,1,0.00466676
Warm A,223019,1352,1351,1442,879,0,0.010172114
Warm A,310515,1851,1850,1442,879,0,0.004061964
Warm A,248478,1500,1499,1442,879,0,-0.00035060768
Warm A,525208,3243,3242,1445,880,0,-0.0015553418
Warm A,510596,3147,3146,1445,880,0,0.001677268
Warm A,516268,3189,3188,1445,880,0,-0.00799472
Warm A,504100,3099,3098,1445,880,1,0.006097483
Warm A,496739,3052,3051,1445,880,0,0.008450632
Warm A,493752,3032,3031,1445,880,1,-0.0019294723
Warm A,486523,2995,2994,1445,880,0,0.0029530542
Warm A,484455,2983,2982,1445,880,0,-9.680301e-05
Warm A,479965,2946,2945,1445,880,0,0.006416548
Warm A,444373,2742,2741,1445,880,0,0.000770475
Warm A,435368,2661,2660,1445,880,0,-0.0030658627
Warm A,430674,2625,2624,1445,880,0,0.008189563
Warm A,450521,2777,2776,1445,880,1,0.0031605496
Warm A,420379,2541,2540,1445,880,1,-0.008454442
Warm A,419591,2537,2536,1445,880,0,1.5662983e-05
Warm A,415196,2500,2499,1445,880,0,0.005780663
Warm A,412628,2484,2483,1445,880,0,0.008744589
Warm A,383994,2244,2243,1445,880,0,0.007398757
Warm A,378895,2212,2211,1445,880,0,-0.00088421116
Warm A,366540,2136,2135,1445,880,0,0.0018359087
Warm A,355866,2085,2084,1445,880,0,0.005372474
Warm A,362675,2116,2115,1445,880,0,-0.0018063503
Warm A,351357,2063,2062,1445,880,0,-0.002507363
Warm A,361383,2109,2108,1445,880,0,0.0039382786
Warm A,343949,2020,2019,1445,880,0,0.005401993
Warm A,340398,2010,2009,1445,880,0,0.0110450685
Warm A,338706,1995,1994,1445,880,0,0.0041639926
Warm A,324839,1925,1924,1445,880,0,-0.00038039964
Warm A,303436,1803,1802,1445,880,0,0.011684999
Warm A,275372,1667,1666,1445,880,0,-0.0020010332
Warm A,226936,1377,1376,1445,880,0,-0.0025449288
Warm A,269680,1635,1634,1445,880,0,0.0012123032
Warm A,218787,1327,1326,1445,880,0,0.0071864435
Warm A,254995,1552,1551,1445,880,0,0.0037594836
Warm A,277378,1676,1675,1445,880,0,0.0055623595
Warm A,272623,1647,1646,1445,880,0,0.008630797
Warm A,278582,1680,1679,1445,880,0,0.006397388
Warm A,304635,1812,1811,1445,880,0,-0.00057825446
Warm A,219684,1333,1332,1445,880,0,0.005356372
Warm A,198558,1220,1219,1445,880,0,0.006608377
Warm A,308347,1837,1836,1445,880,0,0.010272143
Warm A,172446,1092,1091,1445,880,0,-0.0030301337
Warm A,229142,1389,1388,1445,880,0,-0.0017428239
Warm A,166822,1061,1060,1445,880,0,0.0017315652
Warm A,327553,1941,1940,1445,880,0,-0.0010684632
Warm A,272006,1645,1644,1445,880,1,-0.006900111
Warm A,190351,1181,1180,1445,880,0,-0.00015084294
Warm A,255421,1556,1555,1445,880,0,0.0029833806
Warm A,227532,1380,1379,1445,880,1,0.01073704
Warm A,151463,975,974,1445,880,0,0.009331066
Warm A,221058,1340,1339,1445,880,0,0.01987597
Warm A,156502,1010,1009,1445,880,0,-0.0017840767
Warm A,137727,889,888,1445,880,0,0.015143394
Warm A,248637,1501,1500,1445,880,0,0.00202503
Warm A,120233,777,776,1445,880,0,0.00038768502
Warm A,118230,765,764,1445,880,1,0.0029097244
Warm A,159778,1019,1018,1445,880,0,-0.00084837177
Warm A,105837,699,698,1445,880,0,-0.0037082946
Warm A,98554,660,659,1445,880,0,0.001438179
Warm A,96323,647,646,1445,880,0,0.01635137
Warm A,96077,646,645,1445,880,0,0.00544526
Warm A,82704,549,548,1445,880,0,-0.002521568
Warm A,118984,770,769,1445,880,0,0.010204069
Warm A,81444,543,542,1445,880,0,-0.0024649426
Warm A,70352,475,474,1445,880,0,0.0034179557
Warm A,68527,461,460,1445,880,0,0.00672128
Warm A,67148,452,451,1445,880,0,0.0048676636
Warm A,87037,569,568,1445,880,1,0.00069513626
Warm A,71744,482,481,1445,880,0,0.009292608
Warm A,405928,2436,2435,1445,880,0,0.0069367057
Warm A,53464,352,351,1445,880,0,0.00081605
Warm A,52295,344,343,1445,880,0,-0.0026476032
Warm A,78245,528,527,1445,880,0,0.002052567
Warm A,44242,302,301,1445,880,0,-0.0005794538
Warm A,695764,4169,4168,1445,880,0,0.0083689075
Warm A,31800,216,215,1445,880,0,0.0119393375
Warm A,336848,1983,1982,1445,880,0,0.0035426973
Warm A,239638,1449,1448,1445,880,0,-0.0015377471
Warm A,368248,2153,2152,1445,880,1,0.016758457
Warm A,29045,199,198,1445,880,0,0.011913961
Warm A,291107,1737,1736,1445,880,0,-0.0014335397
Warm A,536790,3311,3310,1445,880,0,0.0026007434
Warm A,19206,148,147,1445,880,0,0.010492122
Warm A,161934,1033,1032,1445,880,0,0.015161168
Warm A,626474,3792,3791,1445,880,0,0.0024862897
Warm A,552046,3401,3400,1445,880,0,0.009137575
Warm A,383199,2239,2238,1445,880,0,-0.0036980214
Warm A,632907,3824,3823,1445,880,0,0.0039982274
Warm A,331281,1958,1957,1445,880,0,0.011615154
Warm A,45774,308,307,1445,880,0,0.007549363
Warm A,454468,2796,2795,1445,880,0,0.009786426
Warm A,171223,1088,1087,1445,880,0,0.008329157
Warm A,931380,5626,5625,1445,880,1,0.012665575
Warm A,342161,2015,2014,1445,880,0,0.0049843076
Warm A,336639,1982,1981,1445,880,0,0.011281109
Warm A,559347,3436,3435,1445,880,0,0.011257093
Warm A,556158,3418,3417,1446,881,1,-0.0048198635
Warm A,551526,3398,3397,1446,881,1,-0.0027073293
Warm A,546670,3371,3370,1446,881,1,0.0061956765
Warm A,545445,3364,3363,1446,881,1,-0.0074105123
Warm A,534268,3299,3298,1446,881,1,-0.011133509
Warm A,524593,3237,3236,1446,881,1,0.005160177
Warm A,522155,3224,3223,1446,881,1,-0.0048483415
Warm A,521320,3217,3216,1446,881,1,0.00010414317
Warm A,512557,3163,3162,1446,881,1,0.011065067
Warm A,527226,3261,3260,1446,881,1,-0.004021355
Warm A,520486,3210,3209,1446,881,1,-0.00021661469
Warm A,509203,3135,3134,1446,881,0,0.0031197963
Warm A,526166,3253,3252,1446,881,1,-0.009530608
Warm A,816021,4899,4898,1446,881,1,0.004823638
Warm A,506170,3114,3113,1446,881,1,0.007030461
Warm A,503065,3088,3087,1446,881,1,0.0065066246
Warm A,500602,3075,3074,1446,881,1,-0.006387243
Warm A,588971,3592,3591,1446,881,1,-0.0034100641
Warm A,492473,3029,3028,1446,881,1,-0.007492814
Warm A,497056,3054,3053,1446,881,1,-0.004376027
Warm A,484780,2986,2985,1446,881,1,0.0009377422
Warm A,483350,2970,2969,1446,881,1,-0.008670635
Warm A,695766,4169,4168,1446,881,1,-0.0007824092
Warm A,475046,2916,2915,1446,881,1,-0.0033078683
Warm A,879759,5317,5316,1446,881,1,0.00030797417
Warm A,466593,2878,2877,1446,881,1,0.01148261
Warm A,466148,2874,2873,1446,881,0,0.005040262
Warm A,465319,2870,2869,1446,881,1,-0.0064719976
Warm A,464593,2863,2862,1446,881,1,0.0010350652
Warm A,462325,2853,2852,1446,881,1,-0.007853725
Warm A,459563,2832,2831,1446,881,1,-0.005204808
Warm A,443683,2737,2736,1446,881,0,0.0024545218
Warm A,442339,2724,2723,1446,881,1,-0.0026317546
Warm A,432040,2634,2633,1446,881,1,-0.00991074
Warm A,425869,2584,2583,1446,881,1,-0.0058357297
Warm A,417288,2513,2512,1446,881,1,-0.0012583092
Warm A,386298,2259,2258,1446,881,1,-0.002806191
Warm A,378109,2206,2205,1446,881,1,-0.0029415763
Warm A,371202,2169,2168,1446,881,0,0.0012951628
Warm A,347084,2036,2035,1446,881,1,0.0044177957
Warm A,346872,2034,2033,1446,881,1,-0.0064344965
Warm A,346037,2030,2029,1446,881,1,-0.0056348443
Warm A,275854,1669,1668,1446,881,1,0.0047592157
Warm A,281969,1692,1691,1446,881,0,0.00029085297
Warm A,274740,1661,1660,1446,881,1,-0.012010808
Warm A,284735,1699,1698,1446,881,1,-0.002377009
Warm A,273931,1654,1653,1446,881,1,-0.006417135
Warm A,268434,1631,1630,1446,881,1,0.0028599184
Warm A,252024,1525,1524,1446,881,1,-0.0007059118
Warm A,353891,2073,2072,1446,881,1,-0.0068149264
Warm A,233589,1421,1420,1446,881,0,-0.0065664696
Warm A,227972,1383,1382,1446,881,1,-0.0039042379
Warm A,229826,1391,1390,1446,881,1,0.0036764015
Warm A,209325,1279,1278,1446,881,0,-0.0016307773
Warm A,205574,1264,1263,1446,881,1,-0.0011700382
Warm A,203751,1253,1252,1446,881,1,0.0082208365
Warm A,213250,1298,1297,1446,881,1,0.0083066495
Warm A,308350,1837,1836,1446,881,1,-0.0043548914
Warm A,206628,1266,1265,1446,881,1,-0.0036065169
Warm A,170745,1087,1086,1446,881,1,0.008339236
Warm A,175295,1112,1111,1446,881,1,0.0006109625
Warm A,163069,1041,1040,1446,881,1,-0.0045612995
Warm A,162635,1038,1037,1446,881,1,0.0003187101
Warm A,161262,1029,1028,1446,881,1,0.0044466103
Warm A,151915,977,976,1446,881,1,-0.0017600805
Warm A,150311,969,968,1446,881,1,-0.0009930746
Warm A,148508,956,955,1446,881,1,2.4920271e-05
Warm A,313698,1873,1872,1446,881,0,-0.004598849
Warm A,154559,998,997,1446,881,1,-0.0011126476
Warm A,143797,928,927,1446,881,0,-0.0013138433
Warm A,137730,889,888,1446,881,0,-0.0051557748
Warm A,201337,1242,1241,1446,881,1,0.0017874533
Warm A,130729,848,847,1446,881,1,0.00453378
Warm A,199971,1228,1227,1446,881,1,0.0031241516
Warm A,128821,837,836,1446,881,0,0.0042587556
Warm A,374728,2185,2184,1446,881,0,-0.008016081
Warm A,262966,1605,1604,1446,881,1,-0.001582684
Warm A,322045,1912,1911,1446,881,0,-0.0072493264
Warm A,134957,873,872,1446,881,1,-0.0039032626
Warm A,105385,697,696,1446,881,0,-0.001362907
Warm A,105021,696,695,1446,881,1,0.0068670083
Warm A,97682,655,654,1446,881,1,-0.0028733264
Warm A,256037,1561,1560,1446,881,1,0.008499995
Warm A,151163,973,972,1446,881,0,0.0029990864
Warm A,283841,1698,1697,1446,881,1,-0.008078739
Warm A,89527,590,589,1446,881,1,-0.0015841958
Warm A,89098,588,587,1446,881,1,-0.0022047823
Warm A,460536,2841,2840,1446,881,1,0.005701768
Warm A,319125,1897,1896,1446,881,1,-0.0034811702
Warm A,83849,550,549,1446,881,1,-0.0069574206
Warm A,77158,524,523,1446,881,1,0.006995059
Warm A,59575,404,403,1446,881,1,0.005469419
Warm A,155206,1001,1000,1446,881,1,-0.0026612543
Warm A,46238,309,308,1446,881,1,-0.0040761204
Warm A,42946,294,293,1446,881,1,0.0064806463
Warm A,42692,293,292,1446,881,1,0.0022567445
Warm A,312769,1865,1864,1446,881,1,0.010971332
Warm A,43410,299,298,1446,881,1,-0.0026953672
Warm A,31803,216,215,1446,881,1,-0.00909647
Warm A,199799,1227,1226,1446,881,1,0.0009895229
Warm A,30787,205,204,1446,881,1,0.0010326535
Warm A,27490,193,192,1446,881,1,-0.005948562
Warm A,21915,161,160,1446,881,1,-0.006095341
Warm A,26268,187,186,1446,881,1,-0.010431183
Warm A,287356,1716,1715,1446,881,1,0.003907612
Warm A,152403,981,980,1446,881,0,0.0060649803
Warm A,12457,95,94,1446,881,1,-0.0015923732
Warm A,11422,88,87,1446,881,1,-0.006816351
Warm A,133407,862,861,1446,881,1,-0.0020634136
Warm A,211638,1287,1286,1446,881,0,-0.004450119
Warm A,10600,76,75,1446,881,1,0.0040732743
Warm A,1399,13,12,1446,881,0,4.0704617e-05
Warm A,778,9,8,1446,881,0,0.0021338398
Warm A,479711,2944,2943,1446,881,1,0.0047628013
Warm A,10739,78,77,1446,881,0,-0.0015310957
Warm A,167081,1063,1062,1446,881,1,-0.007847613
Warm A,484283,2980,2979,1446,881,0,-0.004344251
Warm A,249748,1505,1504,1446,881,1,-6.703613e-05
Warm A,859998,5172,5171,1446,881,1,-0.0059146583
Warm A,37836,259,258,1446,881,1,-0.00901815
Warm A,317481,1889,1888,1446,881,0,-0.004758208
Warm A,420765,2544,2543,1446,881,0,-0.0030140355
Warm A,117142,755,754,1446,881,1,0.0041889036
Warm A,840387,5049,5048,1446,881,1,0.0021163519
Warm A,178542,1121,1120,1446,881,1,0.0042861085
Warm A,807557,4834,4833,1446,881,0,-0.0075557735
Warm A,208576,1274,1273,1446,881,1,-0.009191906
Warm A,456904,2814,2813,1446,881,0,0.0004968988
Warm A,804231,4816,4815,1446,881,1,0.00553422
Warm A,535754,3308,3307,1453,883,0,-0.008155643
Warm A,638876,3842,3841,1453,883,0,-0.0018034277
Warm A,540921,3328,3327,1453,883,1,-0.0040755104
Warm A,532974,3292,3291,1453,883,0,0.00049097475
Warm A,522171,3224,3223,1453,883,0,-0.008584214
Warm A,539714,3320,3319,1453,883,0,-0.0016449261
Warm A,512564,3163,3162,1453,883,0,-0.01281066
Warm A,508443,3129,3128,1453,883,0,-0.00054775877
Warm A,738035,4411,4410,1453,883,0,-0.005811559
Warm A,503583,3095,3094,1453,883,1,-0.0016556203
Warm A,797522,4784,4783,1453,883,0,-0.0028064654
Warm A,493759,3032,3031,1453,883,1,-0.006786828
Warm A,491940,3026,3025,1453,883,0,-0.0007530346
Warm A,490150,3017,3016,1453,883,0,-0.0023476444
Warm A,794602,4753,4752,1453,883,0,0.005249767
Warm A,472284,2907,2906,1453,883,0,-0.005596393
Warm A,470292,2896,2895,1453,883,0,-0.0028385615
Warm A,450131,2776,2775,1453,883,0,0.00028975634
Warm A,450528,2777,2776,1453,883,0,-0.0060994467
Warm A,445072,2745,2744,1453,883,0,-0.0020275195
Warm A,466602,2878,2877,1453,883,0,-0.0013767894
Warm A,438750,2681,2680,1453,883,1,0.0019004714
Warm A,433083,2641,2640,1453,883,0,-0.009254678
Warm A,430267,2622,2621,1453,883,1,-0.0041929446
Warm A,420381,2541,2540,1453,883,1,0.0007697623
Warm A,416000,2506,2505,1453,883,0,0.004636754
Warm A,400230,2383,2382,1453,883,1,0.0007342107
Warm A,393045,2309,2308,1453,883,0,-0.0006110121
Warm A,366817,2139,2138,1453,883,0,-0.001186854
Warm A,364436,2123,2122,1453,883,1,7.260055e-05
Warm A,355870,2085,2084,1453,883,0,-0.007824153
Warm A,341392,2012,2011,1453,883,0,-0.004813577
Warm A,315764,1881,1880,1453,883,1,-0.0028895077
Warm A,293371,1747,1746,1453,883,0,0.0003466073
Warm A,281137,1687,1686,1453,883,0,0.0016426409
Warm A,269472,1634,1633,1453,883,0,0.0007210076
Warm A,268438,1631,1630,1453,883,1,0.0077248365
Warm A,276028,1671,1670,1453,883,1,-0.0014392955
Warm A,216363,1314,1313,1453,883,1,0.0011737213
Warm A,213255,1298,1297,1453,883,1,0.0027788146
Warm A,211985,1291,1290,1453,883,0,-0.005973348
Warm A,188817,1172,1171,1453,883,1,-0.010671305
Warm A,186733,1156,1155,1453,883,0,-0.0001930648
Warm A,183048,1141,1140,1453,883,1,-0.0077447756
Warm A,316103,1883,1882,1453,883,0,0.0048593697
Warm A,331289,1958,1957,1453,883,0,-0.006747311
Warm A,327567,1941,1940,1453,883,0,-0.002317437
Warm A,272010,1645,1644,1453,883,1,0.001920686
Warm A,165422,1054,1053,1453,883,1,-0.0053300783
Warm A,167652,1068,1067,1453,883,0,-0.0054755257
Warm A,143600,927,926,1453,883,0,-0.0021558185
Warm A,137743,889,888,1453,883,0,-0.0009536687
Warm A,248642,1501,1500,1453,883,0,0.0053147897
Warm A,360454,2106,2105,1453,883,0,-0.0016422402
Warm A,105842,699,698,1453,883,0,-0.0042175567
Warm A,103626,689,688,1453,883,0,0.0024202538
Warm A,179395,1125,1124,1453,883,0,-0.00820076
Warm A,98560,660,659,1453,883,0,-0.00878882
Warm A,96326,647,646,1453,883,0,0.0005739012
Warm A,441916,2718,2717,1453,883,0,-0.0004347181
Warm A,234715,1425,1424,1453,883,0,8.870382e-05
Warm A,152815,984,983,1453,883,0,-0.00042624958
Warm A,87177,570,569,1453,883,0,-0.004528409
Warm A,76092,517,516,1453,883,0,-0.010799587
Warm A,64604,432,431,1453,883,0,0.0022657823
Warm A,251050,1516,1515,1453,883,0,-0.003490254
Warm A,239649,1449,1448,1453,883,0,-0.005233932
Warm A,78253,528,527,1453,883,0,-0.0024675252
Warm A,49187,329,328,1453,883,0,-0.008300803
Warm A,46390,310,309,1453,883,0,0.013729012
Warm A,39470,268,267,1453,883,0,-0.0071218987
Warm A,38189,261,260,1453,883,0,-0.006859039
Warm A,38781,264,263,1453,883,0,-0.0030154018
Warm A,336852,1983,1982,1453,883,0,-0.012775105
Warm A,22343,163,162,1453,883,0,-0.008682955
Warm A,783936,4682,4681,1453,883,0,0.00075161806
Warm A,6299,45,44,1453,883,0,-0.0033551585
Warm A,79096,531,530,1453,883,0,0.0017898374
Warm A,471806,2903,2902,1453,883,1,-0.007917717
Warm A,354679,2077,2076,1453,883,0,-0.0009723925
Warm A,362684,2116,2115,1453,883,0,-0.002506612
Warm A,682146,4085,4084,1453,883,0,0.0028136275
Warm A,51329,338,337,1453,883,0,-0.010537437
Warm A,101920,678,677,1453,883,0,0.0039980887
Warm A,144735,934,933,1453,883,0,0.0015445462
Warm A,507637,3125,3124,1453,883,0,-0.0047208685
Warm A,287584,1717,1716,1453,883,0,-0.0034959395
Warm A,473176,2909,2908,1453,883,0,-0.0023063202
Warm A,262979,1605,1604,1454,884,0,0.0032291184
Warm A,283852,1698,1697,1454,884,1,0.0076453094
Warm A,88133,581,580,1454,884,0,0.005497063
Warm A,238565,1448,1447,1454,884,1,0.003873569
Warm A,88703,587,586,1454,884,0,0.0026774048
Warm A,65159,438,437,1454,884,0,0.0070352796
Warm A,57095,386,385,1454,884,0,0.0076055564
Warm A,132251,855,854,1454,884,0,0.013018672
Warm A,42949,294,293,1454,884,1,-0.0014295229
Warm A,24822,175,174,1454,884,0,0.010977009
Warm A,17421,136,135,1454,884,0,0.004234397
Warm A,206636,1266,1265,1454,884,0,0.002330556
Warm A,892794,5394,5393,1454,884,1,0.012950762
Warm A,222545,1347,1346,1454,884,1,0.006525887
Warm A,882009,5329,5328,1454,884,1,0.010403338
Warm A,682147,4085,4084,1454,884,0,0.009320453
Warm A,499110,3067,3066,1454,884,0,0.006340367
Warm A,54365,355,354,1454,884,0,0.0014499025
Warm A,289945,1733,1732,1454,884,1,0.014221737
Warm A,234716,1425,1424,1454,884,1,0.0047625215
Warm A,372582,2176,2175,1454,884,0,0.0028536457
Warm A,329854,1946,1945,1454,884,0,0.011602535
Warm A,869004,5250,5249,1456,885,1,0.005015961
Warm A,171238,1088,1087,1456,885,0,0.0072122393
Warm A,562390,3462,3461,1456,885,0,0.017153693
Warm A,27921,195,194,1456,885,0,0.0059334436
Warm A,327604,1941,1940,1460,888,1,0.0134776775
Warm A,179410,1125,1124,1460,888,0,0.008491988
Warm A,165120,1053,1052,1460,888,0,0.010455368
Warm A,342189,2015,2014,1460,888,0,0.002533328
Warm A,155730,1004,1003,1460,888,0,0.0049230168
Warm A,165426,1054,1053,1460,888,1,0.0030291213
Warm A,152832,984,983,1460,888,0,0.010372375
Warm A,147883,953,952,1460,888,0,0.011056293
Warm A,184870,1150,1149,1460,888,0,0.007904473
Warm A,137778,889,888,1460,888,0,0.0076647187
Warm A,262994,1605,1604,1460,888,0,0.00024409685
Warm A,124165,800,799,1460,888,0,0.0073143803
Warm A,112266,731,730,1460,888,0,0.010567945
Warm A,105856,699,698,1460,888,0,0.0010803652
Warm A,203457,1248,1247,1460,888,0,0.004963846
Warm A,93739,629,628,1460,888,1,0.005484364
Warm A,85214,556,555,1460,888,0,0.0088733435
Warm A,83876,550,549,1460,888,0,0.0038604443
Warm A,73055,494,493,1460,888,1,0.0083308285
Warm A,70063,474,473,1460,888,0,0.0034491306
Warm A,65168,438,437,1460,888,0,0.008878949
Warm A,46393,310,309,1460,888,1,-0.0015038911
Warm A,638887,3842,3841,1460,888,1,0.009781942
Warm A,142133,918,917,1460,888,0,0.00713305
Warm A,10465,75,74,1460,888,1,0.001485365
Warm A,362701,2116,2115,1460,888,0,0.0043393327
Warm A,239674,1449,1448,1460,888,0,0.0065654917
Warm A,272018,1645,1644,1460,888,1,-0.0031986688
Warm A,632941,3824,3823,1460,888,0,0.008893333
Warm A,554397,3411,3410,1460,888,0,0.0016746798
Warm A,134015,869,868,1460,888,0,0.00860071
Warm A,734171,4387,4386,1460,888,0,0.009578625
Warm A,936495,5650,5649,1460,888,0,0.009917274
Warm A,877372,5302,5301,1460,888,0,0.0101333205
Warm A,526448,3257,3256,1464,890,0,0.003943891
Warm A,566975,3481,3480,1464,890,1,-0.0062200837
Warm A,536824,3311,3310,1464,890,1,0.0025521687
Warm A,522198,3224,3223,1464,890,0,0.006589303
Warm A,512376,3162,3161,1464,890,0,-0.0069205817
Warm A,510601,3147,3146,1464,890,0,0.004965745
Warm A,476662,2928,2927,1464,890,0,0.0073626256
Warm A,473213,2909,2908,1464,890,1,0.00018201722
Warm A,457652,2820,2819,1464,890,1,0.0062643145
Warm A,518618,3201,3200,1464,890,0,0.0028048675
Warm A,438951,2682,2681,1464,890,1,0.012543164
Warm A,428220,2605,2604,1464,890,0,0.008317452
Warm A,390627,2293,2292,1464,890,0,0.016980793
Warm A,389855,2288,2287,1464,890,1,0.0032995127
Warm A,381921,2232,2231,1464,890,0,0.0057581626
Warm A,379128,2215,2214,1464,890,0,-0.00095852884
Warm A,375459,2188,2187,1464,890,0,0.010804653
Warm A,351400,2063,2062,1464,890,1,0.010163935
Warm A,301035,1788,1787,1464,890,1,0.003939829
Warm A,289960,1733,1732,1464,890,1,0.0048448937
Warm A,282522,1694,1693,1464,890,1,0.010114469
Warm A,278645,1680,1679,1464,890,1,0.008098409
Warm A,268294,1630,1629,1464,890,0,0.011780467
Warm A,267724,1627,1626,1464,890,1,-0.0031818445
Warm A,346063,2030,2029,1464,890,1,0.009867713
Warm A,234501,1423,1422,1464,890,0,0.017364858
Warm A,224012,1356,1355,1464,890,0,0.008087162
Warm A,214650,1303,1302,1464,890,1,0.0066438923
Warm A,219706,1333,1332,1464,890,0,0.005610873
Warm A,210586,1285,1284,1464,890,0,0.0038438044
Warm A,183062,1141,1140,1464,890,1,0.005033112
Warm A,243693,1470,1469,1464,890,0,0.0038844745
Warm A,372587,2176,2175,1464,890,0,0.007908782
Warm A,156537,1010,1009,1464,890,1,0.005653193
Warm A,319869,1899,1898,1464,890,1,0.008602443
Warm A,157769,1015,1014,1464,890,1,0.010395089
Warm A,149477,963,962,1464,890,1,0.012621387
Warm A,184874,1150,1149,1464,890,0,0.013907665
Warm A,139338,891,890,1464,890,0,-0.0030172898
Warm A,137785,889,888,1464,890,0,0.010878874
Warm A,159819,1019,1018,1464,890,0,0.011757011
Warm A,886808,5359,5358,1464,890,1,0.0026891115
Warm A,199976,1228,1227,1464,890,0,0.0028969985
Warm A,176711,1117,1116,1464,890,1,0.0039239824
Warm A,712717,4277,4276,1464,890,1,-0.00031813
Warm A,631340,3821,3820,1464,890,0,0.0049319845
Warm A,283875,1698,1697,1464,890,1,0.007964393
Warm A,90543,601,600,1464,890,0,0.015780933
Warm A,77192,524,523,1464,890,1,-0.00067895604
Warm A,74588,509,508,1464,890,1,0.012360029
Warm A,79998,533,532,1464,890,0,0.014144555
Warm A,60074,409,408,1464,890,1,0.013458005
Warm A,239682,1449,1448,1464,890,0,0.014798413
Warm A,53513,352,351,1464,890,1,0.012330192
Warm A,638892,3842,3841,1464,890,0,0.009307938
Warm A,695809,4169,4168,1464,890,0,0.015928734
Warm A,35763,242,241,1464,890,1,0.013955507
Warm A,33355,225,224,1464,890,0,0.013225143
Warm A,23019,166,165,1464,890,1,0.0053442055
Warm A,17431,136,135,1464,890,1,0.0032527035
Warm A,505934,3112,3111,1464,890,1,0.005709282
Warm A,4472,33,32,1464,890,0,0.004831944
Warm A,380700,2225,2224,1464,890,0,0.0075423997
Warm A,512590,3163,3162,1464,890,1,0.020286433
Warm A,129166,839,838,1464,890,1,-0.0020141932
Warm A,237618,1447,1446,1464,890,1,0.010824265
Warm A,843800,5074,5073,1464,890,0,0.007281861
Warm A,548658,3387,3386,1464,890,1,0.009319173
Warm A,101948,678,677,1464,890,0,0.007970259
Warm A,632947,3824,3823,1464,890,0,0.0042002955
Warm A,309469,1842,1841,1464,890,0,0.006073962
Warm A,17741,137,136,1464,890,0,0.0075864373
Warm A,879776,5317,5316,1464,890,1,0.013404846
Warm A,570920,3503,3502,1464,890,1,0.006773172
Warm A,287593,1717,1716,1464,890,1,0.00525038
Warm A,892807,5394,5393,1464,890,0,0.013085064
Warm A,335483,1980,1979,1464,890,0,0.0072343256
Warm A,474314,2910,2909,1464,890,1,0.011716234
Warm A,240969,1451,1450,1464,890,1,0.0046548434
Warm A,488991,3011,3010,1464,890,1,0.00813381
Warm A,783415,4680,4679,1464,890,0,0.0058733644
Warm A,27950,195,194,1464,890,1,0.0023497944
Warm A,177898,1120,1119,1464,890,0,0.0022016524
Warm A,58679,398,397,1464,890,1,0.000500503
Warm A,234733,1425,1424,1464,890,1,0.008521706
Warm A,496828,3053,3052,1465,891,0,0.009268041
Warm A,484806,2986,2985,1465,891,1,0.018988436
Warm A,477659,2933,2932,1465,891,1,0.006048331
Warm A,471558,2901,2900,1465,891,1,0.010616643
Warm A,869963,5256,5255,1465,891,0,0.0030670182
Warm A,463044,2857,2856,1465,891,1,0.009471802
Warm A,897519,5428,5427,1465,891,1,0.01260858
Warm A,450558,2777,2776,1465,891,0,0.0027423077
Warm A,444503,2743,2742,1465,891,1,0.011600759
Warm A,440790,2699,2698,1465,891,1,0.016961228
Warm A,425907,2585,2584,1465,891,1,0.008075801
Warm A,422927,2564,2563,1465,891,1,0.004773476
Warm A,451344,2778,2777,1465,891,0,-0.0011708817
Warm A,398175,2368,2367,1465,891,1,0.008161243
Warm A,388320,2272,2271,1465,891,0,0.0006312472
Warm A,386535,2261,2260,1465,891,0,0.008873284
Warm A,362706,2116,2115,1465,891,0,0.0108928885
Warm A,361410,2109,2108,1465,891,0,0.0073979073
Warm A,338504,1990,1989,1465,891,0,0.010313342
Warm A,334255,1972,1971,1465,891,1,0.005916291
Warm A,318093,1890,1889,1465,891,0,0.009494126
Warm A,298643,1773,1772,1465,891,0,0.00074967486
Warm A,310043,1845,1844,1465,891,0,0.0023647645
Warm A,251515,1521,1520,1465,891,1,0.0039536958
Warm A,245689,1484,1483,1465,891,1,0.007633078
Warm A,227766,1381,1380,1465,891,0,0.0049990597
Warm A,221092,1340,1339,1465,891,0,0.010751325
Warm A,278648,1680,1679,1465,891,1,0.017998071
Warm A,192962,1191,1190,1465,891,0,-0.0020902741
Warm A,329128,1943,1942,1465,891,1,0.0016806133
Warm A,184878,1150,1149,1465,891,0,0.005871559
Warm A,182665,1140,1139,1465,891,1,0.0048047947
Warm A,307186,1835,1834,1465,891,1,0.015475134
Warm A,174946,1109,1108,1465,891,0,0.0073993644
Warm A,172591,1094,1093,1465,891,0,0.00085063546
Warm A,149478,963,962,1465,891,0,0.012371995
Warm A,323648,1920,1919,1465,891,1,0.015876874
Warm A,147700,952,951,1465,891,1,6.434624e-05
Warm A,249150,1502,1501,1465,891,1,0.020727623
Warm A,141894,914,913,1465,891,0,-0.003742925
Warm A,136272,881,880,1465,891,0,0.020132054
Warm A,125467,808,807,1465,891,0,0.015961304
Warm A,118245,765,764,1465,891,1,0.008373854
Warm A,114700,746,745,1465,891,0,-0.004545201
Warm A,107263,706,705,1465,891,0,-0.0003740508
Warm A,115853,752,751,1465,891,0,0.007301324
Warm A,95804,642,641,1465,891,0,0.0021293429
Warm A,695812,4169,4168,1465,891,1,0.007556873
Warm A,283876,1698,1697,1465,891,1,0.0003344129
Warm A,89954,593,592,1465,891,1,0.006681286
Warm A,432047,2634,2633,1465,891,0,0.0096588135
Warm A,77193,524,523,1465,891,0,0.0061214715
Warm A,238591,1448,1447,1465,891,1,0.005526575
Warm A,68547,461,460,1465,891,1,0.019542083
Warm A,363892,2120,2119,1465,891,1,0.00021389266
Warm A,43828,301,300,1465,891,0,0.014725486
Warm A,22367,163,162,1465,891,0,0.011663464
Warm A,26287,187,186,1465,891,1,-0.0036473442
Warm A,314578,1879,1878,1465,891,1,0.011091322
Warm A,129167,839,838,1465,891,1,0.006620249
Warm A,257424,1579,1578,1465,891,1,0.009185898
Warm A,204423,1260,1259,1465,891,0,0.001104475
Warm A,309470,1842,1841,1465,891,1,0.011821322
Warm A,285144,1701,1700,1465,891,1,0.009014725
Warm A,46764,314,313,1465,891,0,-0.0002914872
Warm A,941299,5682,5681,1465,891,0,0.010226509
Warm A,531951,3285,3284,1468,893,0,-0.008673964
Warm A,518072,3197,3196,1468,893,1,-0.0041241045
Warm A,505789,3111,3110,1468,893,1,-0.005121304
Warm A,493797,3032,3031,1468,893,1,-6.493728e-05
Warm A,484810,2986,2985,1468,893,0,0.0009229481
Warm A,483444,2972,2971,1468,893,1,0.00036986673
Warm A,467899,2885,2884,1468,893,1,-0.0032343734
Warm A,460186,2840,2839,1468,893,0,0.00032300735
Warm A,594688,3620,3619,1468,893,0,0.001481325
Warm A,452935,2789,2788,1468,893,0,-0.008780793
Warm A,451933,2782,2781,1468,893,0,0.0021969036
Warm A,450562,2777,2776,1468,893,0,0.00024451117
Warm A,414435,2496,2495,1468,893,0,-0.0064692944
Warm A,407985,2453,2452,1468,893,0,-0.0009420763
Warm A,399411,2378,2377,1468,893,0,0.0038092155
Warm A,436155,2665,2664,1468,893,0,0.0070690243
Warm A,389858,2288,2287,1468,893,0,-0.003715493
Warm A,386785,2262,2261,1468,893,0,0.00381788
Warm A,370431,2166,2165,1468,893,0,-0.0019646916
Warm A,361415,2109,2108,1468,893,0,-0.0066393726
Warm A,345027,2024,2023,1468,893,1,-0.0028467276
Warm A,343030,2016,2015,1468,893,0,-0.008908097
Warm A,306576,1828,1827,1468,893,0,0.0028317964
Warm A,283430,1697,1696,1468,893,0,0.0008068662
Warm A,255222,1553,1552,1468,893,0,-0.009118875
Warm A,230904,1397,1396,1468,893,0,-0.00067215133
Warm A,227767,1381,1380,1468,893,1,-0.005124953
Warm A,224015,1356,1355,1468,893,0,0.004981273
Warm A,289183,1727,1726,1468,893,0,0.002833358
Warm A,296736,1759,1758,1468,893,1,0.007865835
Warm A,250301,1509,1508,1468,893,0,-0.0045622797
Warm A,313100,1866,1865,1468,893,1,0.0017476776
Warm A,243696,1470,1469,1468,893,1,0.0022081346
Warm A,205236,1263,1262,1468,893,0,-0.001113801
Warm A,294162,1749,1748,1468,893,0,0.0018694673
Warm A,212392,1294,1293,1468,893,1,-0.0002507309
Warm A,316123,1883,1882,1468,893,0,-0.005225606
Warm A,172791,1096,1095,1468,893,0,-0.006159587
Warm A,272023,1645,1644,1468,893,1,0.0077049686
Warm A,151483,975,974,1468,893,0,0.0023160756
Warm A,249151,1502,1501,1468,893,0,0.008449685
Warm A,143169,923,922,1468,893,0,0.00022225524
Warm A,156541,1010,1009,1468,893,0,-0.0069052028
Warm A,137792,889,888,1468,893,0,-0.0011871561
Warm A,136274,881,880,1468,893,0,0.009067755
Warm A,134964,873,872,1468,893,1,-0.004850914
Warm A,134019,869,868,1468,893,1,-0.0038982565
Warm A,407146,2446,2445,1468,893,1,0.0066082184
Warm A,121442,781,780,1468,893,1,0.00016922085
Warm A,119703,772,771,1468,893,1,0.0025635173
Warm A,117348,757,756,1468,893,1,0.0052165096
Warm A,103297,687,686,1468,893,0,-0.0053942013
Warm A,370890,2168,2167,1468,893,1,0.0036934344
Warm A,87629,575,574,1468,893,0,-0.0013031964
Warm A,80519,534,533,1468,893,0,-0.002736487
Warm A,190414,1181,1180,1468,893,0,-0.0067817373
Warm A,101258,676,675,1468,893,0,-0.008625613
Warm A,77196,524,523,1468,893,1,-0.0024147693
Warm A,119013,770,769,1468,893,0,-0.0057416568
Warm A,81468,543,542,1468,893,0,0.004420026
Warm A,31859,216,215,1468,893,0,0.0019882014
Warm A,29076,199,198,1468,893,1,0.00062992703
Warm A,22370,163,162,1468,893,0,-0.003634474
Warm A,49224,329,328,1468,893,0,0.006049928
Warm A,78267,528,527,1468,893,0,4.675705e-05
Warm A,354704,2077,2076,1468,893,0,-0.0015955631
Warm A,954181,5761,5760,1468,893,0,-0.0012746551
Warm A,326012,1930,1929,1468,893,0,-0.0023231432
Warm A,362709,2116,2115,1468,893,1,-0.0009640381
Warm A,239687,1449,1448,1468,893,0,-0.0020627426
Warm A,618193,3746,3745,1468,893,1,-0.0052996175
Warm A,626507,3792,3791,1468,893,0,-0.0065642963
Warm A,329131,1943,1942,1468,893,1,-0.01020035
Warm A,351403,2063,2062,1468,893,0,0.0151102785
Warm A,139117,890,889,1468,893,1,-0.0011074508
Warm A,565389,3475,3474,1468,893,0,-0.0021030996
Warm A,497076,3054,3053,1468,893,0,0.0026480793
Warm A,344764,2023,2022,1468,893,0,-0.0020788882
Warm A,2512,20,19,1468,893,0,0.004572206
Warm A,103942,691,690,1468,893,1,-0.0030476335
Warm A,62580,424,423,1468,893,0,-0.00092544686
Warm A,272652,1647,1646,1468,893,1,0.005519105
Warm A,295534,1755,1754,1468,893,0,-0.0047522373
Warm A,96553,648,647,1468,893,0,0.009032538
Warm A,477871,2934,2933,1474,894,0,0.0040433677
Warm A,472333,2907,2906,1474,894,0,0.00032691483
Warm A,473237,2909,2908,1474,894,0,0.000517889
Warm A,450579,2777,2776,1474,894,0,0.005613583
Warm A,419630,2537,2536,1474,894,0,-0.001074492
Warm A,418459,2529,2528,1474,894,1,-0.00025892537
Warm A,399413,2378,2377,1474,894,0,-0.0035656877
Warm A,391934,2304,2303,1474,894,0,0.0070062154
Warm A,424108,2571,2570,1474,894,1,-0.0016699736
Warm A,373826,2181,2180,1474,894,0,0.011451708
Warm A,368719,2156,2155,1474,894,0,0.0032862506
Warm A,366548,2136,2135,1474,894,0,-0.002496934
Warm A,361421,2109,2108,1474,894,0,0.0072610313
Warm A,341419,2012,2011,1474,894,0,-0.0035244948
Warm A,340430,2010,2009,1474,894,0,-0.0028500631
Warm A,350887,2060,2059,1474,894,0,-0.005848552
Warm A,297313,1764,1763,1474,894,1,0.00018700771
Warm A,281161,1687,1686,1474,894,1,0.0047114138
Warm A,269476,1634,1633,1474,894,0,-0.0027748074
Warm A,286212,1709,1708,1474,894,1,0.003326887
Warm A,360487,2106,2105,1474,894,0,-0.0006995087
Warm A,224019,1356,1355,1474,894,0,-0.0020774873
Warm A,212770,1297,1296,1474,894,0,0.0053500086
Warm A,207719,1271,1270,1474,894,0,-0.006421254
Warm A,213285,1298,1297,1474,894,1,0.00025495538
Warm A,278682,1680,1679,1474,894,0,0.0007972091
Warm A,243709,1470,1469,1474,894,0,-0.012287801
Warm A,261592,1599,1598,1474,894,1,-0.0017898041
Warm A,236300,1434,1433,1474,894,0,0.00018691923
Warm A,327645,1941,1940,1474,894,0,0.0036388692
Warm A,193109,1193,1192,1474,894,0,-0.00017775781
Warm A,179423,1125,1124,1474,894,1,-0.0032653238
Warm A,198570,1220,1219,1474,894,0,0.00016526983
Warm A,175329,1112,1111,1474,894,0,0.0069048605
Warm A,272031,1645,1644,1474,894,1,0.0046915812
Warm A,342209,2015,2014,1474,894,0,0.0014650207
Warm A,165428,1054,1053,1474,894,0,-0.0038775357
Warm A,144765,934,933,1474,894,0,0.0031588716
Warm A,156560,1010,1009,1474,894,0,-0.00097391056
Warm A,139120,890,889,1474,894,0,-0.0009960184
Warm A,133757,866,865,1474,894,0,-0.0030511206
Warm A,248664,1501,1500,1474,894,1,1.9478379e-05
Warm A,124169,800,799,1474,894,0,0.00206134
Warm A,239711,1449,1448,1474,894,0,0.000679875
Warm A,216368,1314,1313,1474,894,0,-0.0005757386
Warm A,105871,699,698,1474,894,0,-0.0019833855
Warm A,109171,714,713,1474,894,1,0.00399746
Warm A,441922,2718,2717,1474,894,1,-0.000206155
Warm A,190443,1181,1180,1474,894,0,-0.0020472663
Warm A,83897,550,549,1474,894,0,-0.005899797
Warm A,299446,1778,1777,1474,894,0,0.009530241
Warm A,87042,569,568,1474,894,1,0.0012569246
Warm A,63823,426,425,1474,894,0,0.005501117
Warm A,46401,310,309,1474,894,1,-0.0011245038
Warm A,44322,302,301,1474,894,0,-8.6239306e-05
Warm A,41696,284,283,1474,894,0,-0.007423849
Warm A,55520,368,367,1474,894,0,-0.0005730286
Warm A,36309,245,244,1474,894,0,-0.0013182617
Warm A,31883,216,215,1474,894,0,0.0018660917
Warm A,32862,223,222,1474,894,0,0.0015035693
Warm A,21126,155,154,1474,894,0,0.0023163627
Warm A,10468,75,74,1474,894,1,-0.0029033464
Warm A,6701,48,47,1474,894,0,0.0039299084
Warm A,142140,918,917,1474,894,0,-0.0024980237
Warm A,19264,148,147,1474,894,1,0.0010469554
Warm A,49243,329,328,1474,894,0,0.0002696591
Warm A,354714,2077,2076,1474,894,0,0.0042456645
Warm A,552102,3401,3400,1474,894,0,0.0029761423
Warm A,709692,4258,4257,1474,894,0,-0.0009992078
Warm A,65185,438,437,1474,894,0,0.0023562906
Warm A,255436,1556,1555,1474,894,0,-0.0013581243
Warm A,954185,5761,5760,1474,894,0,0.0068612117
Warm A,27971,195,194,1474,894,0,0.005819107
Warm A,326020,1930,1929,1474,894,0,0.005890287
Warm A,966565,5831,5830,1474,894,0,0.0025600763
Warm A,362725,2116,2115,1474,894,1,-0.0004953365
Warm A,873805,5276,5275,1474,894,0,0.00131658
Warm A,716998,4294,4293,1474,894,0,0.0047908034
Warm A,456329,2810,2809,1474,894,0,0.0018524113
Warm A,300186,1780,1779,1474,894,0,0.0067953905
Warm A,941302,5682,5681,1474,894,0,-0.0038823
Warm A,295541,1755,1754,1474,894,0,9.337012e-05
Warm A,484561,2985,2984,1474,894,0,0.00263335
Warm A,116777,753,752,1474,894,1,0.011106526
Warm A,183069,1141,1140,1474,894,0,0.0067191366
Warm A,346573,2031,2030,1474,894,0,0.0012926841
Warm A,332483,1962,1961,1475,895,0,0.0047359327
Warm A,283895,1698,1697,1475,895,1,0.006793589
Warm A,82776,549,548,1475,895,0,0.003029436
Warm A,81483,543,542,1475,895,1,0.007213557
Warm A,74599,509,508,1475,895,1,-0.0004147361
Warm A,155222,1001,1000,1475,895,0,0.011292523
Warm A,288549,1724,1723,1475,895,1,0.004851576
Warm A,61188,412,411,1475,895,0,0.00024760235
Warm A,31885,216,215,1475,895,0,0.014666506
Warm A,27054,192,191,1475,895,0,0.008875211
Warm A,536846,3311,3310,1475,895,0,0.005575546
Warm A,22379,163,162,1475,895,0,0.0046665757
Warm A,76285,518,517,1475,895,0,0.008060597
Warm A,240986,1451,1450,1475,895,0,0.0070622964
Warm A,27973,195,194,1475,895,0,0.007986523
Warm A,351420,2063,2062,1475,895,1,0.014315853
Warm A,795966,4771,4770,1475,895,1,0.0075123636
Warm A,892814,5394,5393,1475,895,1,0.0041564438
Warm A,287597,1717,1716,1475,895,0,0.0028646295
Warm A,689746,4126,4125,1475,895,0,0.009599527
Warm A,179424,1125,1124,1475,895,0,0.0045352327
Warm A,882032,5329,5328,1482,899,1,0.006048122
Warm A,488103,3002,3001,1482,899,1,0.004582099
Warm A,214676,1303,1302,1482,899,0,0.010338026
Warm A,557564,3425,3424,1483,900,0,0.007097247
Warm A,578272,3533,3532,1483,900,0,0.009163385
Warm A,575135,3519,3518,1483,900,0,0.00010633585
Warm A,547325,3377,3376,1483,900,1,-0.0035261118
Warm A,645107,3885,3884,1483,900,0,0.006648962
Warm A,549798,3391,3390,1483,900,0,0.0017263077
Warm A,534282,3299,3298,1483,900,1,0.017528925
Warm A,522249,3224,3223,1483,900,0,0.0059744413
Warm A,498422,3060,3059,1483,900,0,0.0130836945
Warm A,484844,2986,2985,1483,900,0,0.005758786
Warm A,477072,2929,2928,1483,900,0,0.004812031
Warm A,474452,2911,2910,1483,900,0,-0.0011458794
Warm A,473261,2909,2908,1483,900,1,0.0153728295
Warm A,879787,5317,5316,1483,900,0,0.0030916054
Warm A,465546,2872,2871,1483,900,0,0.013085978
Warm A,458851,2825,2824,1483,900,1,-0.008080446
Warm A,457688,2820,2819,1483,900,1,0.005347579
Warm A,430004,2621,2620,1483,900,0,-0.001408299
Warm A,391951,2304,2303,1483,900,0,0.012052728
Warm A,385168,2251,2250,1483,900,1,0.01014828
Warm A,375472,2188,2187,1483,900,0,0.0025840804
Warm A,358396,2098,2097,1483,900,0,0.002804206
Warm A,351439,2063,2062,1483,900,1,0.002471928
Warm A,371550,2172,2171,1483,900,0,0.002495458
Warm A,359923,2105,2104,1483,900,0,0.009566526
Warm A,301037,1788,1787,1483,900,1,-0.004070474
Warm A,295953,1757,1756,1483,900,0,0.0042472724
Warm A,310050,1845,1844,1483,900,0,0.006208834
Warm A,333262,1968,1967,1483,900,0,0.009204343
Warm A,301692,1793,1792,1483,900,0,0.008603018
Warm A,283912,1698,1697,1483,900,1,0.003717754
Warm A,278711,1680,1679,1483,900,1,0.013578797
Warm A,209986,1284,1283,1483,900,0,-0.003878705
Warm A,184933,1150,1149,1483,900,0,0.0026589597
Warm A,307225,1835,1834,1483,900,0,0.012077045
Warm A,179437,1125,1124,1483,900,0,0.004932644
Warm A,168245,1069,1068,1483,900,1,0.012018851
Warm A,190476,1181,1180,1483,900,1,0.009769298
Warm A,163665,1050,1049,1483,900,0,0.011247962
Warm A,226001,1369,1368,1483,900,0,0.0049062045
Warm A,221123,1340,1339,1483,900,0,-0.002109828
Warm A,146331,941,940,1483,900,0,-0.0006092987
Warm A,136300,881,880,1483,900,0,-0.00047851529
Warm A,131744,854,853,1483,900,0,0.0067531075
Warm A,115896,752,751,1483,900,0,0.005085832
Warm A,114714,746,745,1483,900,0,0.0032017473
Warm A,100738,673,672,1483,900,1,0.0043697786
Warm A,239725,1449,1448,1483,900,0,0.020012034
Warm A,85741,559,558,1483,900,0,0.008663333
Warm A,238628,1448,1447,1483,900,1,0.005387267
Warm A,77228,524,523,1483,900,1,0.015721658
Warm A,74614,509,508,1483,900,1,0.0037703526
Warm A,155230,1001,1000,1483,900,1,0.007846471
Warm A,343983,2020,2019,1483,900,0,0.018037591
Warm A,47323,319,318,1483,900,0,0.01500949
Warm A,695864,4169,4168,1483,900,0,0.009239184
Warm A,33387,225,224,1483,900,1,0.0033299646
Warm A,54399,355,354,1483,900,0,0.013171149
Warm A,7588,53,52,1483,900,0,0.0043210816
Warm A,632981,3824,3823,1483,900,0,0.011736477
Warm A,220644,1338,1337,1483,900,0,0.007659229
Warm A,481639,2962,2961,1483,900,0,-0.003428692
Warm A,140621,904,903,1483,900,0,-0.0018540316
Warm A,150430,970,969,1483,900,0,0.005042897
Warm A,129201,839,838,1483,900,1,0.003800949
Warm A,892825,5394,5393,1483,900,0,0.010975543
Warm A,362743,2116,2115,1483,900,0,0.012139531
Warm A,882034,5329,5328,1483,900,0,-0.0007372512
Warm A,556499,3420,3419,1483,900,0,0.0049301144
Warm A,302007,1794,1793,1483,900,0,0.007359734
Warm A,599064,3648,3647,1483,900,1,-0.0026825543
Warm A,350893,2060,2059,1483,900,0,0.002354029
Warm A,460556,2841,2840,1483,900,0,0.011002581
Warm A,609567,3695,3694,1483,900,1,0.009259019
Warm A,287603,1717,1716,1483,900,1,0.010400729
Warm A,289985,1733,1732,1483,900,1,0.01680378
Warm A,171306,1088,1087,1483,900,0,0.0048816963
Warm A,324870,1925,1924,1483,900,0,-0.0056454064
Warm A,790306,4728,4727,1483,900,1,0.009272883
Warm A,526658,3259,3258,1483,900,0,0.0035080782
Warm A,202932,1246,1245,1483,900,0,0.0062238285
Warm A,504010,3098,3097,1484,901,0,-0.003138634
Warm A,500627,3075,3074,1484,901,1,-0.011383716
Warm A,490168,3017,3016,1484,901,1,0.0070123156
Warm A,484026,2977,2976,1484,901,0,0.000596914
Warm A,475059,2916,2915,1484,901,1,-0.0024758345
Warm A,474611,2913,2912,1484,901,1,-0.009434789
Warm A,465547,2872,2871,1484,901,1,0.002993758
Warm A,462330,2853,2852,1484,901,1,0.00074182125
Warm A,460199,2840,2839,1484,901,1,0.0015672885
Warm A,430929,2627,2626,1484,901,0,0.006425076
Warm A,400885,2389,2388,1484,901,0,-0.0015047698
Warm A,381932,2232,2231,1484,901,1,0.0012097264
Warm A,379138,2215,2214,1484,901,1,0.007237912
Warm A,375473,2188,2187,1484,901,0,0.0030963523
Warm A,334944,1976,1975,1484,901,1,-0.0067209443
Warm A,281987,1692,1691,1484,901,1,-0.0021703278
Warm A,274300,1658,1657,1484,901,1,0.00014038535
Warm A,265559,1613,1612,1484,901,1,-0.0011858891
Warm A,276066,1671,1670,1484,901,1,0.0056331316
Warm A,210627,1285,1284,1484,901,0,0.000533564
Warm A,208229,1273,1272,1484,901,1,-0.005759073
Warm A,201378,1242,1241,1484,901,1,-0.020405116
Warm A,246805,1491,1490,1484,901,1,-0.005354168
Warm A,353418,2071,2070,1484,901,1,-0.0018271352
Warm A,219462,1331,1330,1484,901,1,-0.0032818418
Warm A,330648,1952,1951,1484,901,1,-0.0064820526
Warm A,157818,1015,1014,1484,901,1,0.004042759
Warm A,149490,963,962,1484,901,0,-0.0015669602
Warm A,144500,931,930,1484,901,1,0.0064417585
Warm A,184936,1150,1149,1484,901,0,-0.005294572
Warm A,137847,889,888,1484,901,0,-0.007476177
Warm A,263032,1605,1604,1484,901,0,-0.0022499
Warm A,111262,724,723,1484,901,0,-0.0073613264
Warm A,101633,677,676,1484,901,1,-4.40852e-05
Warm A,712758,4277,4276,1484,901,0,0.000742543
Warm A,631367,3821,3820,1484,901,0,-0.0036997641
Warm A,283914,1698,1697,1484,901,1,-0.00989349
Warm A,360505,2106,2105,1484,901,0,0.0011975477
Warm A,67703,454,453,1484,901,1,0.00071658613
Warm A,60098,409,408,1484,901,1,-0.00039039645
Warm A,74615,509,508,1484,901,0,0.0008268482
Warm A,58312,393,392,1484,901,1,0.00026864698
Warm A,55927,371,370,1484,901,0,-0.008025534
Warm A,53568,352,351,1484,901,1,0.0032335902
Warm A,132285,855,854,1484,901,1,0.0014577466
Warm A,49260,329,328,1484,901,0,0.0056337304
Warm A,33388,225,224,1484,901,1,-0.004365698
Warm A,199807,1227,1226,1484,901,1,0.0015298387
Warm A,32608,220,219,1484,901,1,-0.0018925429
Warm A,153616,987,986,1484,901,1,0.001448293
Warm A,65935,442,441,1484,901,1,0.0047588195
Warm A,351440,2063,2062,1484,901,0,-0.0029463223
Warm A,416389,2507,2506,1484,901,1,-0.003793895
Warm A,986588,5956,5955,1484,901,1,0.0066149943
Warm A,548668,3387,3386,1484,901,1,0.01306201
Warm A,289986,1733,1732,1484,901,0,0.0047956044
Warm A,882817,5333,5332,1484,901,0,0.014090389
Warm A,530450,3277,3276,1484,901,1,-0.0065580066
Warm A,187502,1164,1163,1484,901,1,-0.01041925
Warm A,371551,2172,2171,1484,901,0,-0.0036153505
Warm A,459569,2832,2831,1484,901,1,-0.0030007611
Warm A,739348,4418,4417,1484,901,1,0.0012405429
Warm A,346580,2031,2030,1484,901,1,1.3147597e-05
Warm A,974220,5878,5877,1484,901,0,-0.012549637
Warm A,726356,4345,4344,1487,903,0,-0.00082605495
Warm A,593429,3618,3617,1487,903,1,0.0044901962
Warm A,588995,3592,3591,1487,903,1,0.0045692297
Warm A,570189,3499,3498,1487,903,0,-0.0016067699
Warm A,575138,3519,3518,1487,903,1,-0.007479059
Warm A,576894,3526,3525,1487,903,0,-0.00028154184
Warm A,540935,3328,3327,1487,903,1,0.0051733395
Warm A,535794,3308,3307,1487,903,0,0.0077257785
Warm A,525551,3246,3245,1487,903,0,0.0081506055
Warm A,519921,3208,3207,1487,903,0,0.0028448517
Warm A,562421,3462,3461,1487,903,0,0.0070031006
Warm A,515316,3182,3181,1487,903,0,0.0046156743
Warm A,659053,3971,3970,1487,903,0,0.00039572595
Warm A,493831,3032,3031,1487,903,1,0.006875781
Warm A,477883,2934,2933,1487,903,1,0.0128715895
Warm A,472357,2907,2906,1487,903,0,0.009661144
Warm A,456342,2810,2809,1487,903,1,-0.00026371563
Warm A,453522,2793,2792,1487,903,1,0.000901286
Warm A,442353,2724,2723,1487,903,0,0.006693352
Warm A,422600,2560,2559,1487,903,1,0.005527081
Warm A,407678,2450,2449,1487,903,0,0.0042468114
Warm A,397581,2355,2354,1487,903,0,0.0069425767
Warm A,393058,2309,2308,1487,903,1,0.006042798
Warm A,381546,2231,2230,1487,903,0,0.009287446
Warm A,368725,2156,2155,1487,903,0,0.0033652901
Warm A,356995,2091,2090,1487,903,0,0.0076520164
Warm A,350894,2060,2059,1487,903,0,0.0025282095
Warm A,337968,1988,1987,1487,903,0,0.0042249225
Warm A,340450,2010,2009,1487,903,0,-0.0035389862
Warm A,313555,1871,1870,1487,903,0,0.003217771
Warm A,295548,1755,1754,1487,903,0,0.007289345
Warm A,267483,1626,1625,1487,903,0,0.0037481866
Warm A,283446,1697,1696,1487,903,1,-0.0023954199
Warm A,332493,1962,1961,1487,903,0,-0.004641166
Warm A,242632,1465,1464,1487,903,0,-0.005180585
Warm A,225882,1368,1367,1487,903,0,0.0036253908
Warm A,224841,1359,1358,1487,903,1,-0.0025207698
Warm A,306329,1825,1824,1487,903,0,-0.0071744625
Warm A,272680,1647,1646,1487,903,1,-0.0020035007
Warm A,252798,1532,1531,1487,903,1,0.005771103
Warm A,591768,3610,3609,1487,903,0,-0.003554898
Warm A,278718,1680,1679,1487,903,0,0.008235361
Warm A,213297,1298,1297,1487,903,1,0.0057556033
Warm A,342224,2015,2014,1487,903,0,-0.00040981744
Warm A,189251,1173,1172,1487,903,1,0.006860746
Warm A,186832,1158,1157,1487,903,0,0.0057382607
Warm A,184941,1150,1149,1487,903,0,0.006175342
Warm A,196332,1207,1206,1487,903,0,0.008421671
Warm A,331344,1958,1957,1487,903,1,0.0034260321
Warm A,188165,1168,1167,1487,903,0,-0.004589971
Warm A,170089,1082,1081,1487,903,1,-0.0045901276
Warm A,169760,1078,1077,1487,903,0,0.0004742369
Warm A,157824,1015,1014,1487,903,1,0.0013420801
Warm A,323667,1920,1919,1487,903,0,-0.002375252
Warm A,221128,1340,1339,1487,903,0,0.0006269708
Warm A,156579,1010,1009,1487,903,0,0.0028483989
Warm A,137856,889,888,1487,903,0,0.0029542637
Warm A,263035,1605,1604,1487,903,0,0.010216072
Warm A,115899,752,751,1487,903,0,-0.00073275564
Warm A,111823,728,727,1487,903,1,0.0006921075
Warm A,110296,720,719,1487,903,0,-0.00095290365
Warm A,216371,1314,1313,1487,903,1,-0.0011581846
Warm A,117375,757,756,1487,903,0,0.0067932284
Warm A,121004,780,779,1487,903,0,-2.566108e-05
Warm A,110607,721,720,1487,903,1,-0.002238114
Warm A,695872,4169,4168,1487,903,1,0.0067337956
Warm A,90559,601,600,1487,903,0,-0.0039426964
Warm A,319171,1897,1896,1487,903,0,0.0045889784
Warm A,71804,482,481,1487,903,0,-0.0009915528
Warm A,288555,1724,1723,1487,903,1,-0.0033131482
Warm A,46410,310,309,1487,903,0,-0.00031213695
Warm A,238631,1448,1447,1487,903,0,0.012791524
Warm A,40857,274,273,1487,903,0,-0.0025362172
Warm A,39501,268,267,1487,903,1,0.00033271755
Warm A,55531,368,367,1487,903,0,-0.0070253545
Warm A,36879,247,246,1487,903,0,0.0037365807
Warm A,29099,199,198,1487,903,0,-0.000727264
Warm A,365151,2125,2124,1487,903,1,0.009551775
Warm A,26317,187,186,1487,903,0,-0.0028059303
Warm A,7591,53,52,1487,903,1,0.012309987
Warm A,1629,15,14,1487,903,1,-0.0030998338
Warm A,79150,531,530,1487,903,0,0.00958473
Warm A,863834,5205,5204,1487,903,0,-0.00019434094
Warm A,354727,2077,2076,1487,903,0,0.006429978
Warm A,139128,890,889,1487,903,1,0.0045473725
Warm A,530834,3280,3279,1487,903,0,0.008258573
Warm A,682207,4085,4084,1487,903,1,0.0032308004
Warm A,218794,1327,1326,1487,903,1,-0.008689464
Warm A,680525,4079,4078,1487,903,1,0.0024679438
Warm A,161277,1029,1028,1487,903,0,0.005162718
Warm A,11574,90,89,1487,903,1,0.005243172
Warm A,923866,5580,5579,1487,903,1,-0.0024906024
Warm A,179439,1125,1124,1487,903,0,0.003692998
Warm A,689755,4126,4125,1487,903,0,0.0022320512
Warm A,717001,4294,4293,1487,903,1,0.012230314
Warm A,285161,1701,1700,1487,903,1,0.0003583259
Warm A,171314,1088,1087,1487,903,0,0.00035078474
Warm A,52090,343,342,1487,903,1,-0.0064093573
Warm A,62622,424,423,1487,903,0,0.0025378081
Warm A,193462,1194,1193,1487,903,0,0.0068240846
Warm A,300205,1780,1779,1487,903,0,0.0033705528
Warm A,974223,5878,5877,1487,903,0,0.0039141127
Warm A,508042,3127,3126,1498,905,0,-0.0032089448
Warm A,738069,4411,4410,1498,905,0,0.0046085604
Warm A,503593,3095,3094,1498,905,1,0.008179763
Warm A,502037,3082,3081,1498,905,0,-0.0003538581
Warm A,499178,3067,3066,1498,905,1,0.0033894083
Warm A,646557,3892,3891,1498,905,0,0.018059548
Warm A,450608,2777,2776,1498,905,1,0.014869055
Warm A,450174,2776,2775,1498,905,1,0.0021286432
Warm A,444530,2743,2742,1498,905,1,0.005831736
Warm A,443720,2737,2736,1498,905,0,0.0009910343
Warm A,419242,2533,2532,1498,905,0,0.010148222
Warm A,425215,2581,2580,1498,905,0,0.0013060799
Warm A,408027,2453,2452,1498,905,1,0.0063370373
Warm A,402185,2402,2401,1498,905,0,0.00924751
Warm A,398956,2376,2375,1498,905,0,0.00014904002
Warm A,397312,2353,2352,1498,905,0,0.004123556
Warm A,392768,2306,2305,1498,905,1,0.0062568258
Warm A,358797,2100,2099,1498,905,1,0.0077109616
Warm A,295555,1755,1754,1498,905,1,0.0030511538
Warm A,259329,1587,1586,1498,905,1,0.0015116694
Warm A,332502,1962,1961,1498,905,0,0.010662831
Warm A,203841,1254,1253,1498,905,1,0.0012591442
Warm A,209997,1284,1283,1498,905,1,0.0027409967
Warm A,278738,1680,1679,1498,905,0,0.017850868
Warm A,196014,1205,1204,1498,905,0,-0.009583496
Warm A,307235,1835,1834,1498,905,0,0.0090130195
Warm A,179447,1125,1124,1498,905,0,-0.0004507224
Warm A,173057,1097,1096,1498,905,0,0.011372147
Warm A,331357,1958,1957,1498,905,0,-0.00010450592
Warm A,172599,1094,1093,1498,905,1,-0.005785576
Warm A,167276,1065,1064,1498,905,0,0.0031757
Warm A,263049,1605,1604,1498,905,0,0.011258529
Warm A,360522,2106,2105,1498,905,1,0.0016051919
Warm A,223341,1354,1353,1498,905,1,0.002377938
Warm A,187511,1164,1163,1498,905,0,0.002411897
Warm A,631385,3821,3820,1498,905,0,0.0039810226
Warm A,103315,687,686,1498,905,0,0.009191332
Warm A,89536,590,589,1498,905,1,0.0022744546
Warm A,87194,570,569,1498,905,0,0.0073651113
Warm A,85519,558,557,1498,905,0,-0.0016972689
Warm A,238647,1448,1447,1498,905,1,0.008509797
Warm A,64461,430,429,1498,905,0,0.0013553197
Warm A,61213,412,411,1498,905,1,0.009835701
Warm A,74625,509,508,1498,905,1,-0.002525994
Warm A,48483,326,325,1498,905,0,0.0067831664
Warm A,38233,261,260,1498,905,1,0.002190058
Warm A,180738,1130,1129,1498,905,0,0.005407574
Warm A,228049,1383,1382,1498,905,0,0.005875918
Warm A,29113,199,198,1498,905,1,-0.0012722393
Warm A,22424,163,162,1498,905,0,-0.0021948842
Warm A,7610,53,52,1498,905,1,-0.0009074854
Warm A,3652,26,25,1498,905,0,0.0061914884
Warm A,1298,11,10,1498,905,0,0.007158437
Warm A,79164,531,530,1498,905,0,0.016344473
Warm A,157847,1015,1014,1498,905,0,0.005460603
Warm A,695903,4169,4168,1498,905,0,0.008794466
Warm A,545237,3363,3362,1498,905,0,0.006135041
Warm A,484287,2980,2979,1498,905,0,0.0020523332
Warm A,264948,1611,1610,1498,905,1,0.00951503
Warm A,439353,2684,2683,1498,905,0,0.007428958
Warm A,171335,1088,1087,1498,905,0,0.0070830365
Warm A,673149,4042,4041,1498,905,1,-0.0042715175
Warm A,497567,3055,3054,1498,905,1,0.0014797826
Warm A,476244,2926,2925,1498,905,0,-0.00061753404
Warm A,285172,1701,1700,1498,905,0,0.007727913
Warm A,136314,881,880,1498,905,0,0.016275138
Warm A,575144,3519,3518,1498,905,0,-0.0010921764
Warm A,229553,1390,1389,1498,905,1,0.0067098737
Warm A,833303,5011,5010,1498,905,1,0.0011578095
Warm A,193473,1194,1193,1498,905,0,0.0108131785
Warm A,974233,5878,5877,1498,905,1,0.012907556
Warm A,639143,3842,3841,1503,908,0,0.009913947
Warm A,516207,3188,3187,1503,908,0,0.011591155
Warm A,515507,3182,3181,1503,908,0,-0.00017080398
Warm A,508653,3129,3128,1503,908,0,0.01545501
Warm A,507243,3121,3120,1503,908,0,0.010717006
Warm A,554826,3412,3411,1503,908,0,0.013286738
Warm A,797619,4784,4783,1503,908,1,0.0076023857
Warm A,494190,3032,3031,1503,908,0,0.0069371685
Warm A,492078,3026,3025,1503,908,1,-0.003307297
Warm A,488687,3007,3006,1503,908,0,-0.003965394
Warm A,483954,2976,2975,1503,908,0,0.001568007
Warm A,472610,2907,2906,1503,908,0,0.0065768724
Warm A,467769,2883,2882,1503,908,0,0.0061569363
Warm A,430088,2621,2620,1503,908,0,0.010804338
Warm A,419795,2537,2536,1503,908,0,0.011024901
Warm A,414612,2496,2495,1503,908,0,0.009855008
Warm A,399514,2378,2377,1503,908,0,0.009322306
Warm A,393735,2318,2317,1503,908,0,-0.003703367
Warm A,393462,2315,2314,1503,908,0,9.9210185e-05
Warm A,379366,2217,2216,1503,908,1,0.00488073
Warm A,370498,2166,2165,1503,908,0,0.016233202
Warm A,355975,2085,2084,1503,908,0,0.0027749895
Warm A,351903,2063,2062,1503,908,0,0.0011654908
Warm A,361671,2109,2108,1503,908,1,0.014332615
Warm A,341617,2012,2011,1503,908,0,0.007004098
Warm A,340674,2010,2009,1503,908,0,-0.0004116674
Warm A,293413,1747,1746,1503,908,0,0.004575041
Warm A,281290,1687,1686,1503,908,0,0.011413984
Warm A,247723,1496,1495,1503,908,0,0.022795632
Warm A,236392,1434,1433,1503,908,0,0.0025481442
Warm A,232340,1410,1409,1503,908,0,0.0061875517
Warm A,227165,1377,1376,1503,908,0,0.004911482
Warm A,223565,1354,1353,1503,908,0,0.011587394
Warm A,296817,1759,1758,1503,908,1,0.004067423
Warm A,204945,1261,1260,1503,908,1,0.0060836
Warm A,279336,1680,1679,1503,908,0,0.009608413
Warm A,244002,1470,1469,1503,908,1,0.0149231525
Warm A,198824,1221,1220,1503,908,1,-0.002550291
Warm A,196539,1207,1206,1503,908,0,0.012765587
Warm A,277730,1676,1675,1503,908,0,0.024137784
Warm A,183234,1141,1140,1503,908,0,0.013707228
Warm A,177364,1118,1117,1503,908,0,0.0038151867
Warm A,173690,1100,1099,1503,908,0,-0.002190206
Warm A,172891,1096,1095,1503,908,0,0.0025959783
Warm A,328186,1941,1940,1503,908,0,0.016103724
Warm A,136619,881,880,1503,908,0,0.014661876
Warm A,117518,757,756,1503,908,0,0.0067980546
Warm A,119285,770,769,1503,908,0,0.0072420556
Warm A,112499,731,730,1503,908,0,0.007724489
Warm A,97059,651,650,1503,908,0,0.01207996
Warm A,86660,566,565,1503,908,0,0.0024195327
Warm A,190993,1181,1180,1503,908,0,0.0030787862
Warm A,76160,517,516,1503,908,0,0.004874386
Warm A,72690,488,487,1503,908,0,0.011700941
Warm A,81706,543,542,1503,908,0,0.011691003
Warm A,238987,1448,1447,1503,908,0,0.014762357
Warm A,72083,482,481,1503,908,0,0.011109369
Warm A,65380,438,437,1503,908,0,0.009921728
Warm A,57875,392,391,1503,908,0,0.009185882
Warm A,378382,2208,2207,1503,908,0,-0.00411458
Warm A,44205,302,301,1503,908,0,0.010485099
Warm A,41642,284,283,1503,908,0,0.009536767
Warm A,537960,3312,3311,1503,908,0,0.011423558
Warm A,31755,216,215,1503,908,0,0.011199202
Warm A,291435,1737,1736,1503,908,0,-0.0028239181
Warm A,360817,2106,2105,1503,908,0,-0.005510723
Warm A,237958,1447,1446,1503,908,0,0.015871612
Warm A,371014,2168,2167,1503,908,1,0.010109626
Warm A,860108,5172,5171,1503,908,0,0.007766609
Warm A,360100,2105,2104,1503,908,0,0.009558771
Warm A,333876,1969,1968,1503,908,0,0.0052716173
Warm A,106090,699,698,1503,908,0,0.0052945316
Warm A,35023,237,236,1503,908,0,0.006846802
Warm A,602469,3665,3664,1503,908,0,0.010888535
Warm A,27862,195,194,1503,908,0,0.007252358
Warm A,116254,752,751,1503,908,0,0.016962152
Warm A,195486,1203,1202,1503,908,0,0.008974751
Warm A,134317,869,868,1503,908,0,0.010498941
Warm A,251162,1516,1515,1503,908,0,0.010203276
Warm A,501327,3080,3079,1503,908,0,0.012463988
Warm A,193682,1194,1193,1503,908,0,0.008476483
Warm A,174176,1101,1100,1503,908,0,0.012642164
Warm A,886909,5359,5358,1503,908,1,0.0024192447
Warm A,346641,2031,2030,1503,908,0,0.008609511
Warm A,58660,398,397,1503,908,0,0.0008325386
Warm A,758634,4510,4509,1515,910,0,0.014589563
Warm A,579408,3539,3538,1515,910,1,0.0027405564
Warm A,569266,3491,3490,1515,910,0,0.0042929607
Warm A,560630,3447,3446,1515,910,0,0.00076955836
Warm A,557732,3425,3424,1515,910,0,-0.0077460245
Warm A,555818,3416,3415,1515,910,1,0.004381307
Warm A,771757,4600,4599,1515,910,0,0.0007198019
Warm A,645317,3885,3884,1515,910,1,0.010364721
Warm A,550219,3391,3390,1515,910,0,0.011529515
Warm A,542256,3336,3335,1515,910,0,0.007632663
Warm A,873960,5277,5276,1515,910,0,0.010759134
Warm A,520045,3208,3207,1515,910,0,0.011349743
Warm A,537205,3311,3310,1515,910,0,0.004680997
Warm A,516979,3191,3190,1515,910,0,0.0043638228
Warm A,562623,3462,3461,1515,910,0,0.004144162
Warm A,512898,3163,3162,1515,910,0,0.0072754985
Warm A,522627,3224,3223,1515,910,0,0.0070647625
Warm A,499484,3067,3066,1515,910,0,0.0089877965
Warm A,494209,3032,3031,1515,910,1,0.0034643863
Warm A,491487,3023,3022,1515,910,0,0.008212431
Warm A,487915,3001,3000,1515,910,0,0.009792936
Warm A,529762,3272,3271,1515,910,1,0.0036917021
Warm A,480161,2946,2945,1515,910,0,-0.0007208383
Warm A,478641,2937,2936,1515,910,0,0.0021111933
Warm A,472627,2907,2906,1515,910,1,0.010820235
Warm A,473710,2909,2908,1515,910,1,0.005744652
Warm A,470416,2896,2895,1515,910,1,0.0018454487
Warm A,463352,2857,2856,1515,910,1,0.0037817378
Warm A,453799,2793,2792,1515,910,0,0.005654065
Warm A,450916,2777,2776,1515,910,1,0.0034446556
Warm A,444681,2743,2742,1515,910,0,0.0014256637
Warm A,442754,2728,2727,1515,910,0,0.003616852
Warm A,564459,3471,3470,1515,910,0,0.007949257
Warm A,430094,2621,2620,1515,910,0,-0.00072517944
Warm A,429167,2611,2610,1515,910,0,0.0063654315
Warm A,422973,2564,2563,1515,910,0,-0.003637679
Warm A,403235,2408,2407,1515,910,0,0.0030606305
Warm A,390024,2288,2287,1515,910,0,0.0036098808
Warm A,387304,2264,2263,1515,910,0,0.0052071568
Warm A,358528,2098,2097,1515,910,0,-0.0024166685
Warm A,324451,1922,1921,1515,910,0,-0.0031851884
Warm A,315305,1880,1879,1515,910,0,0.0057784803
Warm A,296086,1757,1756,1515,910,0,0.0015252619
Warm A,265816,1613,1612,1515,910,0,0.0034971745
Warm A,321312,1904,1903,1515,910,0,0.00547445
Warm A,301779,1793,1792,1515,910,0,0.004963314
Warm A,337474,1984,1983,1515,910,0,0.004644273
Warm A,312353,1861,1860,1515,910,0,0.007069028
Warm A,209886,1283,1282,1515,910,0,0.0054732016
Warm A,277746,1676,1675,1515,910,0,0.007916407
Warm A,205853,1264,1263,1515,910,0,0.009521514
Warm A,244015,1470,1469,1515,910,0,-0.002455514
Warm A,279368,1680,1679,1515,910,0,0.0072179856
Warm A,213496,1298,1297,1515,910,1,0.0070389807
Warm A,328215,1941,1940,1515,910,0,0.003475221
Warm A,307483,1835,1834,1515,910,0,0.012004476
Warm A,179140,1124,1123,1515,910,0,0.0022621609
Warm A,172896,1096,1095,1515,910,0,0.0050258865
Warm A,170108,1082,1081,1515,910,0,0.0040488965
Warm A,168487,1069,1068,1515,910,0,0.008225283
Warm A,355446,2079,2078,1515,910,0,0.004010083
Warm A,156242,1006,1005,1515,910,0,-0.0015784539
Warm A,255540,1556,1555,1515,910,0,0.006436963
Warm A,153088,984,983,1515,910,0,0.005901049
Warm A,221389,1340,1339,1515,910,0,0.0011260088
Warm A,249259,1502,1501,1515,910,0,0.0056281695
Warm A,156932,1010,1009,1515,910,0,0.0004983216
Warm A,380313,2223,2222,1515,910,0,-0.00076418347
Warm A,135661,877,876,1515,910,0,0.004172404
Warm A,154885,999,998,1515,910,0,-0.000109456014
Warm A,351934,2063,2062,1515,910,0,0.010760978
Warm A,360842,2106,2105,1515,910,0,0.00527236
Warm A,116271,752,751,1515,910,0,0.008355066
Warm A,120442,777,776,1515,910,0,0.007047234
Warm A,106101,699,698,1515,910,0,0.0074266177
Warm A,108020,710,709,1515,910,0,0.008765129
Warm A,179626,1125,1124,1515,910,0,-0.0011872046
Warm A,101402,676,675,1515,910,0,0.0018068041
Warm A,95462,639,638,1515,910,0,0.0020823197
Warm A,284232,1698,1697,1515,910,0,0.0049418015
Warm A,363086,2116,2115,1515,910,1,0.0031197777
Warm A,299660,1778,1777,1515,910,0,0.012074693
Warm A,291448,1737,1736,1515,910,1,0.0014136978
Warm A,191019,1181,1180,1515,910,0,-0.004289259
Warm A,234148,1422,1421,1515,910,0,0.0017567237
Warm A,77585,524,523,1515,910,0,0.0067455433
Warm A,80233,533,532,1515,910,0,0.008419059
Warm A,59695,406,405,1515,910,0,0.008297196
Warm A,47878,321,320,1515,910,1,0.0061569097
Warm A,49167,329,328,1515,910,0,0.005080509
Warm A,44232,302,301,1515,910,0,0.004847983
Warm A,696392,4169,4168,1515,910,0,0.008671625
Warm A,39462,268,267,1515,910,0,0.006760507
Warm A,55486,368,367,1515,910,0,-2.0476291e-05
Warm A,98861,660,659,1515,910,0,0.0022088499
Warm A,52044,343,342,1515,910,1,-0.0018531225
Warm A,31327,212,211,1515,910,1,0.005919799
Warm A,29043,199,198,1515,910,0,0.00080294174
Warm A,235014,1425,1424,1515,910,0,0.0071628857
Warm A,22987,166,165,1515,910,0,0.005971481
Warm A,27890,195,194,1515,910,0,0.002945089
Warm A,13387,105,104,1515,910,0,-0.0009832289
Warm A,30381,204,203,1515,910,0,0.0056812544
Warm A,104363,692,691,1515,910,0,0.0028058188
Warm A,254394,1546,1545,1515,910,0,0.00051554595
Warm A,626822,3792,3791,1515,910,1,0.0012220689
Warm A,78496,528,527,1515,910,0,0.0013206247
Warm A,354962,2077,2076,1515,910,0,0.001082301
Warm A,552394,3401,3400,1515,910,0,0.005886322
Warm A,150620,970,969,1515,910,0,0.019256776
Warm A,237972,1447,1446,1515,910,0,0.007142753
Warm A,572191,3507,3506,1515,910,0,0.0043027154
Warm A,265127,1611,1610,1515,910,0,0.005892298
Warm A,144950,934,933,1515,910,0,-0.0034068078
Warm A,79452,531,530,1515,910,0,0.005672207
Warm A,331661,1958,1957,1515,910,1,-0.0051032268
Warm A,907654,5492,5491,1515,910,0,0.010431923
Warm A,171715,1088,1087,1515,910,0,-0.0016835446
Warm A,941429,5682,5681,1515,910,0,-0.004132198
Warm A,272992,1647,1646,1515,910,0,0.013876131
Warm A,489232,3012,3011,1515,910,0,0.00065408647
Warm A,248865,1501,1500,1526,913,0,0.01585331
Warm A,351957,2063,2062,1526,913,0,0.0054044193
Warm A,332699,1962,1961,1526,913,0,0.0075665596
Warm A,160158,1019,1018,1526,913,0,0.006380493
Warm A,120454,777,776,1526,913,0,0.0067421915
Warm A,112522,731,730,1526,913,0,0.012934595
Warm A,106109,699,698,1526,913,0,-0.0008391356
Warm A,109325,714,713,1526,913,1,0.01221325
Warm A,86682,566,565,1526,913,0,0.0032535628
Warm A,84253,550,549,1526,913,0,0.0060783694
Warm A,81735,543,542,1526,913,1,0.02450468
Warm A,240166,1449,1448,1526,913,0,0.008594401
Warm A,47250,319,318,1526,913,0,0.0022686112
Warm A,696412,4169,4168,1526,913,0,0.0065423073
Warm A,39469,268,267,1526,913,0,0.019685177
Warm A,31818,216,215,1526,913,1,-0.004207994
Warm A,6651,48,47,1526,913,0,0.0056524677
Warm A,79462,531,530,1526,913,0,0.01812669
Warm A,354976,2077,2076,1526,913,0,-0.006920888
Warm A,984045,5948,5947,1526,913,1,-0.0040293485
Warm A,626839,3792,3791,1526,913,0,0.003259729
Warm A,363104,2116,2115,1526,913,0,0.0059682415
Warm A,333897,1969,1968,1526,913,0,0.015029773
Warm A,331679,1958,1957,1526,913,0,0.0034921411
Warm A,489653,3013,3012,1526,913,0,0.00415926
Warm A,257722,1579,1578,1526,913,0,0.0022970021
Warm A,342549,2015,2014,1526,913,0,0.0101513695
Warm A,550247,3391,3390,1526,913,0,0.01689243
Warm A,229923,1391,1390,1535,915,0,0.016473114
Warm A,338190,1988,1987,1535,915,0,0.0033593276
Warm A,330979,1954,1953,1535,915,1,0.010257591
Warm A,181006,1131,1130,1535,915,1,0.011566259
Warm A,200538,1231,1230,1535,915,1,-0.0016409813
Warm A,263411,1605,1604,1535,915,1,0.008942621
Warm A,168505,1069,1068,1535,915,0,0.00993452
Warm A,141920,914,913,1535,915,1,0.0092414785
Warm A,139420,891,890,1535,915,0,0.008734347
Warm A,138422,889,888,1535,915,0,0.013431955
Warm A,223599,1354,1353,1535,915,0,0.004626063
Warm A,305260,1813,1812,1535,915,1,0.0029752965
Warm A,112529,731,730,1535,915,0,0.018911157
Warm A,778894,4653,4652,1535,915,1,0.0041886764
Warm A,107342,706,705,1535,915,1,-0.006860215
Warm A,100881,673,672,1535,915,0,0.005290731
Warm A,90696,601,600,1535,915,0,0.0037270202
Warm A,89296,588,587,1535,915,1,-0.00071683805
Warm A,228334,1383,1382,1535,915,0,0.0063910866
Warm A,80551,534,533,1535,915,0,0.0017777542
Warm A,239032,1448,1447,1535,915,1,0.01158171
Warm A,155374,1001,1000,1535,915,1,0.0030168458
Warm A,47279,319,318,1535,915,0,0.0112175485
Warm A,49216,329,328,1535,915,0,0.011594037
Warm A,199863,1227,1226,1535,915,1,0.009152411
Warm A,26286,187,186,1535,915,1,0.0046943775
Warm A,21459,157,156,1535,915,0,0.0143609345
Warm A,3226,24,23,1535,915,1,0.009440597
Warm A,20361,150,149,1535,915,0,0.014080728
Warm A,260,5,4,1535,915,1,0.005133461
Warm A,49974,331,330,1535,915,1,0.0070213997
Warm A,754412,4496,4495,1535,915,1,0.008776897
Warm A,523898,3229,3228,1535,915,1,0.0087703
Warm A,785782,4697,4696,1535,915,1,-0.00022070436
Warm A,467366,2880,2879,1535,915,0,0.010379071
Warm A,102351,678,677,1535,915,1,0.009217473
Warm A,421056,2544,2543,1535,915,1,0.014613137
Warm A,454635,2796,2795,1535,915,0,-0.00034039607
Warm A,580945,3547,3546,1535,915,0,0.014617527
Warm A,384495,2246,2245,1535,915,1,0.006495952
Warm A,689889,4126,4125,1535,915,0,0.012520589
Warm A,825582,4958,4957,1535,915,1,0.010958183
Warm A,550261,3391,3390,1535,915,1,0.0097564785
Warm A,16937,133,132,1545,920,1,0.012275161
Warm A,4078,30,29,1545,920,0,0.005898091
Warm A,867248,5233,5232,1545,920,1,0.023823135
Warm A,76386,518,517,1545,920,1,0.024114408
Warm A,206954,1266,1265,1545,920,1,0.018956576
Warm A,28,1,0,1545,920,1,0.0009838706
Warm A,23564,169,168,1545,920,0,0.010273205
Warm A,964106,5812,5811,1545,920,0,0.019155264
Warm A,66091,442,441,1545,920,1,0.020781992
Warm A,523901,3229,3228,1545,920,1,0.008803163
Warm A,209491,1279,1278,1545,920,0,0.011757448
Warm A,501352,3080,3079,1545,920,0,0.011949789
Warm A,974373,5878,5877,1545,920,1,0.011700583
Warm A,110890,721,720,1550,921,0,0.0068176407
Warm A,44330,302,301,1550,921,0,-0.0020483946
Warm A,29093,199,198,1550,921,1,0.011775407
Warm A,801436,4802,4801,1550,921,0,0.0023058944
Warm A,234177,1422,1421,1550,921,0,0.0014351229
Warm A,354998,2077,2076,1550,921,0,0.008233506
Warm A,238014,1447,1446,1550,921,0,0.0068666376
Warm A,371031,2168,2167,1550,921,0,0.0007846609
Warm A,164653,1051,1050,1550,921,1,0.007695995
Warm A,893011,5394,5393,1550,921,0,0.0067806686
Warm A,193730,1194,1193,1550,921,0,-0.006870991
Warm A,738192,4411,4410,1554,923,1,0.014584857
Warm A,503261,3091,3090,1554,923,0,0.0039761453
Warm A,575421,3519,3518,1554,923,1,0.011313147
Warm A,550280,3391,3390,1554,923,1,0.01105666
Warm A,799274,4790,4789,1554,923,0,0.0028133579
Warm A,902822,5458,5457,1554,923,0,0.00810154
Warm A,485128,2986,2985,1554,923,0,0.014594958
Warm A,476819,2928,2927,1554,923,1,0.02432428
Warm A,696457,4169,4168,1554,923,0,0.022659402
Warm A,879912,5317,5316,1554,923,0,0.008078502
Warm A,523904,3229,3228,1554,923,1,0.00854752
Warm A,444098,2738,2737,1554,923,0,0.01354143
Warm A,437981,2676,2675,1554,923,1,0.010769513
Warm A,411873,2476,2475,1554,923,0,-0.00052503805
Warm A,406595,2439,2438,1554,923,0,0.0017231908
Warm A,354163,2073,2072,1554,923,1,0.023628239
Warm A,318676,1894,1893,1554,923,1,0.0008613691
Warm A,327214,1939,1938,1554,923,1,0.016500086
Warm A,323211,1916,1915,1554,923,0,0.020117208
Warm A,299346,1777,1776,1554,923,0,0.025758864
Warm A,290311,1733,1732,1554,923,0,0.014130233
Warm A,282047,1692,1691,1554,923,1,0.01748883
Warm A,292391,1741,1740,1554,923,1,0.013827599
Warm A,262271,1600,1599,1554,923,0,0.017353276
Warm A,241699,1455,1454,1554,923,1,0.007107877
Warm A,237194,1442,1441,1554,923,1,0.010471005
Warm A,226769,1375,1374,1554,923,1,0.0018728613
Warm A,225102,1361,1360,1554,923,0,0.009851535
Warm A,212103,1291,1290,1554,923,0,0.02438097
Warm A,203883,1254,1253,1554,923,1,0.009126055
Warm A,308093,1836,1835,1554,923,0,0.016101751
Warm A,211071,1285,1284,1554,923,0,0.011851035
Warm A,214932,1303,1302,1554,923,1,0.021919029
Warm A,279463,1680,1679,1554,923,1,0.015079142
Warm A,202560,1244,1243,1554,923,1,0.007346167
Warm A,294363,1749,1748,1554,923,0,0.0029534053
Warm A,229931,1391,1390,1554,923,0,-0.001212588
Warm A,185431,1150,1149,1554,923,0,0.012258081
Warm A,201625,1242,1241,1554,923,1,0.0074520293
Warm A,168526,1069,1068,1554,923,1,0.009227313
Warm A,167315,1065,1064,1554,923,0,0.0068489686
Warm A,334655,1974,1973,1554,923,1,0.020194797
Warm A,142449,919,918,1554,923,1,0.013455347
Warm A,138457,889,888,1554,923,1,0.018659586
Warm A,131970,854,853,1554,923,0,0.010873754
Warm A,263431,1605,1604,1554,923,0,0.015008362
Warm A,132540,855,854,1554,923,0,0.018079676
Warm A,187689,1164,1163,1554,923,0,0.011410069
Warm A,631648,3821,3820,1554,923,0,0.020493919
Warm A,100891,673,672,1554,923,1,0.0067957994
Warm A,294953,1752,1751,1554,923,1,0.00662022
Warm A,92780,621,620,1554,923,0,0.011246796
Warm A,155390,1001,1000,1554,923,1,0.009724697
Warm A,48794,327,326,1554,923,1,0.018298125
Warm A,41428,281,280,1554,923,0,0.0124431085
Warm A,31898,216,215,1554,923,1,0.015961759
Warm A,33386,225,224,1554,923,0,0.014161581
Warm A,21944,161,160,1554,923,1,0.010351155
Warm A,23038,166,165,1554,923,1,0.0073440885
Warm A,20371,150,149,1554,923,1,0.0174926
Warm A,17449,136,135,1554,923,1,0.012337892
Warm A,7586,53,52,1554,923,1,0.008588744
Warm A,319,5,4,1554,923,0,0.014754211
Warm A,20678,151,150,1554,923,0,0.017599206
Warm A,7145,49,48,1554,923,1,0.009149056
Warm A,158346,1015,1014,1554,923,1,0.029095098
Warm A,883024,5333,5332,1554,923,1,0.012922816
Warm A,574817,3518,3517,1554,923,1,0.014695181
Warm A,893012,5394,5393,1554,923,0,0.019919615
Warm A,102368,678,677,1554,923,1,0.017905636
Warm A,116332,752,751,1554,923,1,0.015715182
Warm A,511902,3158,3157,1554,923,1,0.01110078
Warm A,223624,1354,1353,1554,923,0,0.016241744
Warm A,284283,1698,1697,1554,923,1,0.0073731868
Warm A,497282,3054,3053,1554,923,1,0.020152718
Warm A,248524,1500,1499,1554,923,0,0.013351724
Warm A,256101,1561,1560,1554,923,1,0.009012096
Warm A,328296,1941,1940,1554,923,0,0.026736591
Warm A,435418,2661,2660,1592,937,1,0.0037010773
Warm A,430139,2621,2620,1592,937,0,0.00483662
Warm A,451030,2777,2776,1592,937,0,0.0010168387
Warm A,418823,2529,2528,1592,937,1,0.0061301114
Warm A,417480,2517,2516,1592,937,1,0.008109955
Warm A,406474,2438,2437,1592,937,0,0.014387414
Warm A,403345,2409,2408,1592,937,0,0.00622797
Warm A,399562,2378,2377,1592,937,0,0.003984851
Warm A,376650,2198,2197,1592,937,0,0.0011727271
Warm A,352089,2063,2062,1592,937,0,0.026233576
Warm A,348719,2045,2044,1592,937,1,0.0014312689
Warm A,341705,2012,2011,1592,937,0,0.012952255
Warm A,288134,1721,1720,1592,937,0,0.0048583327
Warm A,268579,1631,1630,1592,937,0,-0.0058007613
Warm A,323926,1920,1919,1592,937,0,0.0055032847
Warm A,264683,1609,1608,1592,937,0,0.010704195
Warm A,247359,1495,1494,1592,937,0,0.0063044094
Warm A,224256,1356,1355,1592,937,0,0.013865548
Warm A,222769,1348,1347,1592,937,0,0.0025947327
Warm A,296852,1759,1758,1592,937,0,0.011121963
Warm A,207790,1271,1270,1592,937,1,0.00820005
Warm A,279593,1680,1679,1592,937,0,0.011612676
Warm A,236447,1434,1433,1592,937,0,0.011960754
Warm A,175201,1111,1110,1592,937,1,0.0073477146
Warm A,194293,1198,1197,1592,937,0,0.0018754718
Warm A,342643,2015,2014,1592,937,0,0.009363608
Warm A,425746,2583,2582,1592,937,1,0.0043347524
Warm A,240293,1449,1448,1592,937,0,0.015632415
Warm A,119375,770,769,1592,937,0,0.006369295
Warm A,216468,1314,1313,1592,937,0,0.003634504
Warm A,101719,677,676,1592,937,0,0.010598239
Warm A,406156,2436,2435,1592,937,0,0.009050339
Warm A,76516,519,518,1592,937,0,-0.0049461327
Warm A,73150,494,493,1592,937,1,0.0064192335
Warm A,87101,569,568,1592,937,0,0.005613723
Warm A,54729,357,356,1592,937,0,-0.001122469
Warm A,41762,284,283,1592,937,0,0.0065910043
Warm A,291542,1737,1736,1592,937,0,0.011583033
Warm A,10499,75,74,1592,937,1,-0.0070394115
Warm A,49355,329,328,1592,937,0,0.012599395
Warm A,142214,918,917,1592,937,0,0.004770466
Warm A,234240,1422,1421,1592,937,0,0.007781767
Warm A,386130,2258,2257,1592,937,0,-0.0031957293
Warm A,360938,2106,2105,1592,937,0,0.0156717
Warm A,328408,1941,1940,1592,937,1,0.013626915
Warm A,680717,4079,4078,1592,937,1,-0.0018221948
Warm A,335206,1978,1977,1592,937,0,0.011266748
Warm A,489704,3013,3012,1592,937,0,0.0075115487
Warm A,907675,5492,5491,1592,937,0,0.011698496
Warm A,717036,4294,4293,1592,937,0,0.0054991744
Warm A,376431,2195,2194,1592,937,0,0.0034182726
Warm A,877443,5302,5301,1592,937,0,0.0037260805
Warm A,579535,3539,3538,1593,938,1,0.009477486
Warm A,559975,3441,3440,1593,938,0,0.012216904
Warm A,658456,3967,3966,1593,938,0,0.0025050696
Warm A,550354,3391,3390,1593,938,0,-7.407507e-06
Warm A,532258,3285,3284,1593,938,0,0.016472593
Warm A,529867,3272,3271,1593,938,0,0.013955038
Warm A,526009,3250,3249,1593,938,0,0.0013345573
Warm A,524744,3239,3238,1593,938,0,0.0008686094
Warm A,774469,4619,4618,1593,938,0,-0.0013785048
Warm A,522751,3224,3223,1593,938,1,0.012339713
Warm A,518140,3197,3196,1593,938,0,0.006281667
Warm A,517037,3191,3190,1593,938,0,0.008250979
Warm A,562695,3462,3461,1593,938,0,-5.777995e-05
Warm A,503668,3095,3094,1593,938,1,0.005133529
Warm A,516562,3189,3188,1593,938,1,0.0015325971
Warm A,499576,3067,3066,1593,938,0,0.0038494668
Warm A,492128,3026,3025,1593,938,0,0.00869627
Warm A,490339,3017,3016,1593,938,0,0.0023671293
Warm A,485172,2986,2985,1593,938,0,0.008756971
Warm A,478568,2936,2935,1593,938,0,0.001461092
Warm A,472738,2907,2906,1593,938,0,0.002773583
Warm A,471070,2899,2898,1593,938,0,0.0067367735
Warm A,468548,2887,2886,1593,938,0,0.0036092135
Warm A,470065,2895,2894,1593,938,0,0.01241732
Warm A,451032,2777,2776,1593,938,1,0.00012636231
Warm A,438868,2681,2680,1593,938,0,0.0064675556
Warm A,419303,2533,2532,1593,938,0,0.0064734668
Warm A,416130,2506,2505,1593,938,1,0.0038736814
Warm A,405008,2423,2422,1593,938,0,0.0019245842
Warm A,404275,2418,2417,1593,938,0,-0.0026138732
Warm A,404636,2419,2418,1593,938,0,0.009152934
Warm A,368445,2153,2152,1593,938,0,0.00016157934
Warm A,340793,2010,2009,1593,938,0,0.0035171276
Warm A,297620,1764,1763,1593,938,0,0.014164305
Warm A,281348,1687,1686,1593,938,1,-0.016674943
Warm A,235997,1429,1428,1593,938,0,-0.006535728
Warm A,248919,1501,1500,1593,938,1,0.006476032
Warm A,336133,1980,1979,1593,938,0,0.011968131
Warm A,223665,1354,1353,1593,938,0,0.004617437
Warm A,276346,1671,1670,1593,938,1,0.0027950814
Warm A,212118,1291,1290,1593,938,0,0.0086724255
Warm A,203890,1254,1253,1593,938,0,0.00994242
Warm A,321711,1908,1907,1593,938,0,0.00539449
Warm A,192421,1184,1183,1593,938,0,0.003195852
Warm A,186778,1156,1155,1593,938,0,0.0011728628
Warm A,189050,1172,1171,1593,938,0,0.003485949
Warm A,174850,1107,1106,1593,938,1,-0.0008061852
Warm A,179715,1125,1124,1593,938,0,0.0031829001
Warm A,331771,1958,1957,1593,938,0,0.009700722
Warm A,188283,1168,1167,1593,938,0,-0.0035746899
Warm A,167960,1068,1067,1593,938,0,0.0146352425
Warm A,328412,1941,1940,1593,938,0,0.0077840853
Warm A,189431,1173,1172,1593,938,0,0.002240647
Warm A,152704,983,982,1593,938,1,0.0010576402
Warm A,221481,1340,1339,1593,938,0,0.010252738
Warm A,145004,934,933,1593,938,0,0.012423288
Warm A,164703,1051,1050,1593,938,0,0.009058226
Warm A,136741,881,880,1593,938,0,0.015209839
Warm A,134442,869,868,1593,938,0,0.0039350213
Warm A,132003,854,853,1593,938,1,-0.0026978783
Warm A,332759,1962,1961,1593,938,0,0.011290494
Warm A,352092,2063,2062,1593,938,0,0.002583292
Warm A,263499,1605,1604,1593,938,0,0.0073596323
Warm A,125311,805,804,1593,938,0,-7.921655e-05
Warm A,360941,2106,2105,1593,938,0,0.009973846
Warm A,112591,731,730,1593,938,0,0.005390758
Warm A,106198,699,698,1593,938,0,0.009678427
Warm A,696522,4169,4168,1593,938,0,0.010438647
Warm A,291546,1737,1736,1593,938,0,0.0028089443
Warm A,191186,1181,1180,1593,938,0,0.008275682
Warm A,80561,534,533,1593,938,1,-0.0011465726
Warm A,77692,524,523,1593,938,0,0.010750555
Warm A,64645,432,431,1593,938,0,-0.0029377905
Warm A,251206,1516,1515,1593,938,0,-0.00062058325
Warm A,78564,528,527,1593,938,0,0.0042886795
Warm A,155437,1001,1000,1593,938,0,0.0024660195
Warm A,46434,310,309,1593,938,0,0.01021529
Warm A,42190,286,285,1593,938,0,0.0074629495
Warm A,39529,268,267,1593,938,1,-0.00251543
Warm A,287457,1716,1715,1593,938,0,0.008058757
Warm A,33448,225,224,1593,938,0,-0.0033529722
Warm A,29773,202,201,1593,938,0,0.00474815
Warm A,29156,199,198,1593,938,0,-0.0012542903
Warm A,21259,156,155,1593,938,0,0.0070810183
Warm A,22465,163,162,1593,938,0,0.009204753
Warm A,6425,45,44,1593,938,0,-0.0028946535
Warm A,5512,38,37,1593,938,0,-0.002213409
Warm A,3736,26,25,1593,938,0,0.0015663388
Warm A,506150,3113,3112,1593,938,0,0.007939386
Warm A,20732,151,150,1593,938,1,0.006340213
Warm A,79557,531,530,1593,938,0,0.0024035822
Warm A,626929,3792,3791,1593,938,0,-0.0011801315
Warm A,363215,2116,2115,1593,938,1,0.010833839
Warm A,489706,3013,3012,1593,938,0,-0.002609609
Warm A,272290,1645,1644,1593,938,0,0.004265396
Warm A,317824,1889,1888,1593,938,0,0.0053607905
Warm A,102433,678,677,1593,938,0,0.0028330847
Warm A,923959,5580,5579,1593,938,0,-0.0012902583
Warm A,171850,1088,1087,1593,938,0,-0.00018276786
Warm A,498161,3057,3056,1593,938,0,-0.0006626691
Warm A,178703,1121,1120,1593,938,0,0.005355869
Warm A,273108,1647,1646,1593,938,0,0.004581172
Warm A,84347,550,549,1595,940,0,0.024658391
Warm A,74966,509,508,1595,940,0,0.002236416
Warm A,291547,1737,1736,1595,940,0,0.020372786
Warm A,79559,531,530,1595,940,0,0.011073094
Warm A,11949,92,91,1595,940,0,0.011572414
Warm A,329459,1943,1942,1598,942,0,0.01179078
Warm A,330182,1948,1947,1598,942,0,0.0067643826
Warm A,315416,1880,1879,1598,942,0,0.011960667
Warm A,265925,1613,1612,1598,942,0,0.004089948
Warm A,259571,1587,1586,1598,942,1,0.006459643
Warm A,242909,1465,1464,1598,942,1,-0.009878861
Warm A,232577,1413,1412,1598,942,0,0.0042779157
Warm A,277842,1676,1675,1598,942,0,0.01935112
Warm A,250454,1509,1508,1598,942,0,0.0036834525
Warm A,279605,1680,1679,1598,942,0,-0.0040884446
Warm A,363220,2116,2115,1598,942,0,0.00660946
Warm A,185515,1150,1149,1598,942,0,0.0051085795
Warm A,170282,1084,1083,1598,942,0,-0.0037436993
Warm A,184065,1146,1145,1598,942,0,0.0067337668
Warm A,167965,1068,1067,1598,942,0,0.006797955
Warm A,163940,1050,1049,1598,942,0,0.003168948
Warm A,181304,1133,1132,1598,942,0,0.0016584795
Warm A,275646,1667,1666,1598,942,0,0.0012523974
Warm A,221482,1340,1339,1598,942,0,0.004934031
Warm A,157055,1010,1009,1598,942,0,-0.007946144
Warm A,405547,2429,2428,1598,942,0,-0.0031475248
Warm A,135748,877,876,1598,942,0,-0.0024310001
Warm A,154949,999,998,1598,942,0,-0.0031481348
Warm A,352096,2063,2062,1598,942,0,-0.005106818
Warm A,124995,802,801,1598,942,1,0.00067546277
Warm A,122946,793,792,1598,942,0,0.0109376125
Warm A,117587,757,756,1598,942,0,-0.008201797
Warm A,106201,699,698,1598,942,0,0.004576245
Warm A,116413,752,751,1598,942,0,-0.0007975416
Warm A,294986,1752,1751,1598,942,0,0.015333866
Warm A,110938,721,720,1598,942,0,-0.0025647497
Warm A,109370,714,713,1598,942,1,0.0030621348
Warm A,480230,2946,2945,1598,942,0,-0.004173561
Warm A,64308,429,428,1598,942,0,0.005398307
Warm A,288632,1724,1723,1598,942,0,0.014854066
Warm A,46270,309,308,1598,942,0,0.012174776
Warm A,44437,302,301,1598,942,0,-0.004727503
Warm A,41765,284,283,1598,942,0,-0.007557035
Warm A,696528,4169,4168,1598,942,0,0.0066404697
Warm A,40354,272,271,1598,942,0,0.0055912184
Warm A,291550,1737,1736,1598,942,1,-0.004055579
Warm A,50098,331,330,1598,942,0,-0.0018958147
Warm A,355046,2077,2076,1598,942,0,0.008013308
Warm A,150684,970,969,1598,942,0,0.010050856
Warm A,265200,1611,1610,1598,942,0,0.012929486
Warm A,145007,934,933,1598,942,0,-0.0022699959
Warm A,79563,531,530,1598,942,0,0.0018586749
Warm A,499579,3067,3066,1598,942,0,0.0012354387
Warm A,164709,1051,1050,1598,942,0,-0.0010947888
Warm A,561648,3454,3453,1598,942,0,-0.0074364515
Warm A,325012,1925,1924,1598,942,0,-0.0073598986
Warm A,86739,566,565,1599,943,0,0.010191477
Warm A,31207,210,209,1599,943,0,0.007518812
Warm A,22469,163,162,1599,943,0,0.008723716
Warm A,12292,93,92,1599,943,0,0.007467675
Warm A,27129,192,191,1599,943,0,0.0077580693
Warm A,552504,3401,3400,1599,943,0,-0.00026986614
Warm A,893027,5394,5393,1599,943,0,0.009090092
Warm A,104115,692,691,1600,944,1,0.016188754
Warm A,107673,710,709,1600,944,0,0.0071787178
Warm A,82731,549,548,1600,944,0,0.013249916
Warm A,77182,524,523,1600,944,1,0.021737043
Warm A,61157,412,411,1600,944,0,0.016150845
Warm A,56667,380,379,1600,944,0,0.006629277
Warm A,55043,363,362,1600,944,0,-0.0005035661
Warm A,49967,331,330,1600,944,1,0.010876328
Warm A,392834,2307,2306,1600,944,0,0.009830939
Warm A,697050,4169,4168,1600,944,0,0.013845653
Warm A,308360,1837,1836,1600,944,0,0.01655323
Warm A,29633,202,201,1600,944,0,0.01624115
Warm A,23321,167,166,1600,944,0,0.0038856613
Warm A,161938,1033,1032,1600,944,0,0.0075059533
Warm A,7228,50,49,1600,944,0,0.0136518795
Warm A,6310,45,44,1600,944,0,0.0035712337
Warm A,79107,531,530,1600,944,0,0.012839142
Warm A,575730,3520,3519,1600,944,0,0.011482276
Warm A,150391,970,969,1600,944,0,0.017387355
Warm A,33094,224,223,1600,944,0,0.015560815
Warm A,385968,2258,2257,1600,944,0,0.0060524903
Warm A,964343,5812,5811,1600,944,0,0.011699134
Warm A,309468,1842,1841,1600,944,1,0.008307608
Warm A,193419,1194,1193,1600,944,0,0.017928232
Warm A,115843,752,751,1601,945,0,0.008161842
Warm A,98571,660,659,1601,945,0,0.0055241855
Warm A,238576,1448,1447,1601,945,1,0.0047109067
Warm A,77183,524,523,1601,945,0,0.005338991
Warm A,74579,509,508,1601,945,0,0.007572961
Warm A,70633,476,475,1601,945,1,0.0021392466
Warm A,70060,474,473,1601,945,0,0.015880678
Warm A,53495,352,351,1601,945,0,0.008417359
Warm A,697052,4169,4168,1601,945,0,0.014770292
Warm A,1826,17,16,1601,945,0,0.014740444
Warm A,129158,839,838,1601,945,0,0.0062339483
Warm A,317498,1889,1888,1601,945,0,0.003711844
Warm A,499123,3067,3066,1601,945,1,0.01223801
Warm A,49968,331,330,1601,945,1,0.004017261
Warm A,272638,1647,1646,1601,945,0,0.011309801
Warm A,342186,2015,2014,1604,947,0,-0.0022963774
Warm A,828986,4979,4978,1604,947,0,-0.0029325946
Warm A,317501,1889,1888,1604,947,0,-0.010509532
Warm A,329125,1943,1942,1604,947,0,-0.012440515
Warm A,599033,3648,3647,1604,947,1,-0.004139635
Warm A,134013,869,868,1605,948,0,-0.0044989465
Warm A,262992,1605,1604,1605,948,0,0.0017423662
Warm A,360468,2106,2105,1605,948,0,-0.0038296422
Warm A,223302,1354,1353,1605,948,0,-0.007237817
Warm A,105855,699,698,1605,948,0,-0.011826839
Warm A,90083,594,593,1605,948,0,-0.005388092
Warm A,83874,550,549,1605,948,0,-0.008128736
Warm A,55116,365,364,1605,948,0,-0.0043311566
Warm A,132260,855,854,1605,948,0,-0.004087989
Warm A,47275,319,318,1605,948,0,-0.009054654
Warm A,697057,4169,4168,1605,948,0,-0.008947392
Warm A,38595,263,262,1605,948,0,0.005841381
Warm A,29393,200,199,1605,948,0,0.0022086387
Warm A,29071,199,198,1605,948,0,0.0020913177
Warm A,291128,1737,1736,1605,948,0,0.0032094785
Warm A,22362,163,162,1605,948,0,-0.0002570392
Warm A,16069,127,126,1605,948,0,-0.0042191506
Warm A,20649,151,150,1605,948,1,0.0007116338
Warm A,157766,1015,1014,1605,948,0,-0.0016938858
Warm A,354695,2077,2076,1605,948,1,-0.002880902
Warm A,778111,4647,4646,1605,948,0,-0.013253082
Warm A,11874,92,91,1605,948,0,-0.005249208
Warm A,958996,5787,5786,1605,948,0,0.00275463
Warm A,768962,4579,4578,1605,948,0,0.004259804
Warm A,257420,1579,1578,1605,948,0,-0.002510863
Warm A,331305,1958,1957,1605,948,0,-0.0036620402
Warm A,468239,2887,2886,1605,948,0,-0.00474189
Warm A,171255,1088,1087,1605,948,0,-0.011664484
Warm A,341406,2012,2011,1606,949,0,0.007839594
Warm A,314947,1880,1879,1606,949,0,0.0065179085
Warm A,326944,1938,1937,1606,949,0,-0.007788746
Warm A,288758,1726,1725,1606,949,0,0.0033152355
Warm A,269709,1635,1634,1606,949,0,0.0110852355
Warm A,263850,1606,1605,1606,949,0,0.0074607977
Warm A,265522,1613,1612,1606,949,0,0.00885262
Warm A,329126,1943,1942,1606,949,1,0.007289499
Warm A,337379,1984,1983,1606,949,0,0.0068801697
Warm A,226955,1377,1376,1606,949,0,-0.0041061584
Warm A,221087,1340,1339,1606,949,0,0.009375121
Warm A,278634,1680,1679,1606,949,0,0.009191471
Warm A,277411,1676,1675,1606,949,0,0.0120335035
Warm A,190399,1181,1180,1606,949,0,-0.001357543
Warm A,227538,1380,1379,1606,949,0,0.004670391
Warm A,155729,1004,1003,1606,949,0,0.009338452
Warm A,150915,971,970,1606,949,0,0.008182781
Warm A,120977,780,779,1606,949,0,0.0030324573
Warm A,120247,777,776,1606,949,0,0.0038581227
Warm A,475740,2919,2918,1606,949,1,-0.0028904881
Warm A,118243,765,764,1606,949,1,0.002544909
Warm A,202912,1246,1245,1606,949,0,0.008413408
Warm A,96896,651,650,1606,949,0,-0.00072125345
Warm A,86935,567,566,1606,949,1,-0.0031678216
Warm A,119006,770,769,1606,949,0,0.0050584394
Warm A,86468,566,565,1606,949,0,0.00017433497
Warm A,81463,543,542,1606,949,1,0.009730565
Warm A,70638,476,475,1606,949,1,0.012065181
Warm A,53505,352,351,1606,949,0,0.0024204138
Warm A,51093,337,336,1606,949,1,0.0066028563
Warm A,36281,245,244,1606,949,0,0.0056855194
Warm A,626500,3792,3791,1606,949,0,0.008128767
Warm A,22363,163,162,1606,949,0,0.006440104
Warm A,14389,117,116,1606,949,0,-0.0023359393
Warm A,12255,93,92,1606,949,0,-0.004836508
Warm A,10186,73,72,1606,949,0,0.006042905
Warm A,17112,134,133,1606,949,0,-0.0016548177
Warm A,2695,22,21,1606,949,0,-0.00077450334
Warm A,2103,18,17,1606,949,0,0.0037122946
Warm A,262460,1601,1600,1606,949,0,0.0038393661
Warm A,27942,195,194,1606,949,1,0.008557798
Warm A,109694,716,715,1606,949,0,0.004474824
Warm A,237613,1447,1446,1606,949,0,0.009308901
Warm A,828987,4979,4978,1606,949,0,0.010514841
Warm A,682164,4085,4084,1606,949,1,0.009860305
Warm A,621899,3768,3767,1606,949,0,0.0049257325
Warm A,101945,678,677,1606,949,1,0.002001307
Warm A,632940,3824,3823,1606,949,0,0.00082191476
Warm A,272645,1647,1646,1606,949,0,0.013062419
Warm A,105874,699,698,1621,959,0,0.0033674212
Warm A,179430,1125,1124,1621,959,1,0.006187966
Warm A,95806,642,641,1621,959,0,0.0032266658
Warm A,332488,1962,1961,1621,959,0,0.011932259
Warm A,90555,601,600,1621,959,0,0.009115025
Warm A,238619,1448,1447,1621,959,1,-0.0009331998
Warm A,78285,528,527,1621,959,1,0.01005253
Warm A,53553,352,351,1621,959,1,0.00786013
Warm A,333730,1969,1968,1621,959,1,0.020493435
Warm A,46777,314,313,1621,959,1,0.0130387265
Warm A,30202,203,202,1621,959,0,0.0075857313
Warm A,26306,187,186,1621,959,0,0.004603833
Warm A,15463,123,122,1621,959,1,0.01238637
Warm A,7575,53,52,1621,959,1,0.0019319572
Warm A,586,8,7,1621,959,0,0.004855207
Warm A,354722,2077,2076,1621,959,1,0.0029927455
Warm A,933776,5636,5635,1621,959,0,0.014291895
Warm A,171296,1088,1087,1621,959,0,0.00701156
Warm A,360496,2106,2105,1621,959,0,0.009419956
Warm A,327660,1941,1940,1621,959,1,0.016671775
Warm A,257449,1579,1578,1621,959,0,0.015686307
Warm A,144769,934,933,1621,959,0,0.010295742
Warm A,748296,4467,4466,1621,959,0,0.0052782316
Warm A,883276,5333,5332,1621,959,0,0.00783368
Warm A,825716,4958,4957,1621,959,1,0.007697989
Warm A,497847,3056,3055,1623,960,0,0.0033426802
Warm A,659049,3971,3970,1623,960,0,-0.0006050989
Warm A,493824,3032,3031,1623,960,1,0.0059583317
Warm A,490074,3016,3015,1623,960,0,-0.0006702198
Warm A,429037,2611,2610,1623,960,0,0.0035417567
Warm A,426375,2590,2589,1623,960,0,0.0066567603
Warm A,409491,2457,2456,1623,960,0,0.00092227524
Warm A,373837,2181,2180,1623,960,1,0.0052513955
Warm A,367301,2144,2143,1623,960,1,0.0129947895
Warm A,351431,2063,2062,1623,960,0,0.0031138656
Warm A,339936,2005,2004,1623,960,0,-0.0064705173
Warm A,339551,2001,2000,1623,960,0,-0.0030588764
Warm A,340438,2010,2009,1623,960,0,0.009656471
Warm A,323494,1919,1918,1623,960,0,-0.004940718
Warm A,297850,1765,1764,1623,960,0,0.0037047667
Warm A,277436,1676,1675,1623,960,0,0.003909588
Warm A,278697,1680,1679,1623,960,0,0.012704125
Warm A,276793,1675,1674,1623,960,0,0.005497842
Warm A,281761,1690,1689,1623,960,0,0.004610819
Warm A,271393,1641,1640,1623,960,0,0.0009390841
Warm A,264324,1608,1607,1623,960,0,0.008839145
Warm A,257174,1577,1576,1623,960,0,0.0046867025
Warm A,253419,1542,1541,1623,960,0,0.01456556
Warm A,247523,1496,1495,1623,960,0,0.008377105
Warm A,226344,1370,1369,1623,960,0,0.0039341627
Warm A,225535,1366,1365,1623,960,0,0.00053799036
Warm A,224429,1357,1356,1623,960,0,0.0007522262
Warm A,221870,1342,1341,1623,960,0,0.0074317744
Warm A,221782,1341,1340,1623,960,0,0.001232357
Warm A,214042,1300,1299,1623,960,0,0.005756543
Warm A,327663,1941,1940,1623,960,0,0.009258743
Warm A,186318,1152,1151,1623,960,0,0.0094582755
Warm A,196322,1207,1206,1623,960,0,0.0024835065
Warm A,183872,1146,1145,1623,960,0,0.0053234138
Warm A,175338,1112,1111,1623,960,0,0.00061028544
Warm A,159105,1017,1016,1623,960,0,0.005963669
Warm A,314469,1878,1877,1623,960,0,0.0046471776
Warm A,134789,871,870,1623,960,0,0.005860309
Warm A,134041,869,868,1623,960,0,0.007642081
Warm A,133278,860,859,1623,960,1,-0.01158461
Warm A,132958,858,857,1623,960,0,0.0045007523
Warm A,125474,808,807,1623,960,0,0.0035126556
Warm A,123808,798,797,1623,960,1,0.008917623
Warm A,122316,789,788,1623,960,0,-0.0005600897
Warm A,115888,752,751,1623,960,0,0.0022822046
Warm A,107707,710,709,1623,960,0,0.0072672293
Warm A,92686,621,620,1623,960,0,0.0068319677
Warm A,81492,543,542,1623,960,0,0.0017094377
Warm A,66469,445,444,1623,960,0,0.006935454
Warm A,47902,321,320,1623,960,0,0.00437847
Warm A,43038,295,294,1623,960,0,0.006424202
Warm A,41702,284,283,1623,960,0,0.0022296684
Warm A,40283,272,271,1623,960,0,0.0022846023
Warm A,291157,1737,1736,1623,960,0,0.012139842
Warm A,299940,1779,1778,1623,960,0,0.01305639
Warm A,99800,667,666,1623,960,1,0.0041112546
Warm A,22388,163,162,1623,960,0,0.000982668
Warm A,14183,116,115,1623,960,0,0.007199012
Warm A,289977,1733,1732,1623,960,0,-0.0006750887
Warm A,7577,53,52,1623,960,0,0.0022155636
Warm A,27984,195,194,1623,960,0,0.0013925498
Warm A,11893,92,91,1623,960,0,0.004109403
Warm A,164288,1051,1050,1623,960,1,0.0041757394
Warm A,187016,1160,1159,1623,960,0,0.0018001944
Warm A,608978,3693,3692,1623,960,0,0.005296619
Warm A,474319,2910,2909,1623,960,1,0.009864138
Warm A,116780,753,752,1623,960,1,0.0052121864
Warm A,718808,4305,4304,1623,960,0,-0.0036351578
Warm A,232099,1408,1407,1626,962,0,-0.008159969
Warm A,209983,1284,1283,1626,962,0,0.002496283
Warm A,321614,1908,1907,1626,962,0,0.002360657
Warm A,190472,1181,1180,1626,962,1,0.0021269922
Warm A,184928,1150,1149,1626,962,0,0.0022157265
Warm A,243718,1470,1469,1626,962,0,0.00716028
Warm A,342221,2015,2014,1626,962,0,0.0054726535
Warm A,221120,1340,1339,1626,962,0,0.013298397
Warm A,156572,1010,1009,1626,962,0,0.0065865293
Warm A,110602,721,720,1626,962,1,0.008617082
Warm A,713666,4277,4276,1626,962,0,0.0021780296
Warm A,91133,604,603,1626,962,0,0.010629044
Warm A,89922,592,591,1626,962,0,0.00029538723
Warm A,81495,543,542,1626,962,0,-0.004455255
Warm A,27064,192,191,1626,962,0,-0.0034611071
Warm A,437209,2669,2668,1626,962,0,0.0035072342
Warm A,150428,970,969,1626,962,0,0.006959882
Warm A,680524,4079,4078,1626,962,1,-0.0031236166
Warm A,599061,3648,3647,1626,962,0,0.0063362718
Warm A,587708,3589,3588,1626,962,0,0.011204472
Warm A,327667,1941,1940,1626,962,0,0.010854321
Warm A,188848,1172,1171,1629,964,0,0.0040435037
Warm A,176239,1114,1113,1629,964,0,0.0035079936
Warm A,173522,1100,1099,1629,964,0,0.011231132
Warm A,198573,1220,1219,1629,964,0,-0.0005296109
Warm A,166317,1059,1058,1629,964,0,-0.0037255092
Warm A,272041,1645,1644,1629,964,1,0.007902021
Warm A,167689,1068,1067,1629,964,0,0.0009787115
Warm A,164294,1051,1050,1629,964,0,0.00284464
Warm A,153615,987,986,1629,964,1,-0.00077327644
Warm A,137844,889,888,1629,964,0,0.011152819
Warm A,136299,881,880,1629,964,0,-0.0043445686
Warm A,380141,2223,2222,1629,964,0,-0.0045143752
Warm A,131743,854,853,1629,964,0,-0.0017113378
Warm A,128494,832,831,1629,964,0,0.007710631
Warm A,124426,801,800,1629,964,0,-0.006577594
Warm A,123072,795,794,1629,964,0,0.0052099917
Warm A,360504,2106,2105,1629,964,0,0.0013076973
Warm A,112290,731,730,1629,964,1,-0.0058866167
Warm A,176736,1117,1116,1629,964,0,-0.0046881437
Warm A,238627,1448,1447,1629,964,1,-0.0004626941
Warm A,70075,474,473,1629,964,0,-0.0009552147
Warm A,132282,855,854,1629,964,1,0.0009029623
Warm A,47321,319,318,1629,964,0,0.003515155
Warm A,41710,284,283,1629,964,1,-0.009151844
Warm A,26314,187,186,1629,964,1,0.0022062636
Warm A,22399,163,162,1629,964,0,0.00022604596
Warm A,9190,62,61,1629,964,0,-0.0029935737
Warm A,20679,151,150,1629,964,1,-0.002832577
Warm A,157815,1015,1014,1629,964,0,0.0067667556
Warm A,385980,2258,2257,1629,964,1,-0.010905158
Warm A,362742,2116,2115,1629,964,0,0.0022463652
Warm A,828997,4979,4978,1629,964,0,0.0015701965
Warm A,497090,3054,3053,1629,964,0,0.006491611
Warm A,734549,4387,4386,1629,964,0,0.0026623975
Warm A,79148,531,530,1629,964,0,-0.010399566
Warm A,331342,1958,1957,1629,964,0,0.006465171
Warm A,78290,528,527,1629,964,0,0.006986254
Warm A,65934,442,441,1629,964,0,0.0027204046
Warm A,171305,1088,1087,1629,964,0,0.009543563
Warm A,770093,4589,4588,1629,964,0,0.006329445
Warm A,921108,5565,5564,1629,964,0,-0.0016471592
Warm A,187501,1164,1163,1629,964,0,-0.0006591943
Warm A,52086,343,342,1629,964,1,-8.7847235e-05
Warm A,811328,4867,4866,1629,964,1,0.0033311716
Warm A,234760,1425,1424,1629,964,1,-0.0051345443
Warm A,263031,1605,1604,1629,964,1,-0.0020451755
Warm A,748297,4467,4466,1629,964,0,0.0022724424
Warm A,974550,5878,5877,1629,964,1,-0.0115874605
Warm A,608983,3693,3692,1629,964,0,0.0026182015
Warm A,125478,808,807,1640,968,0,0.008110961
Warm A,112117,730,729,1640,968,0,-0.0025743702
Warm A,109189,714,713,1640,968,0,0.007747286
Warm A,370903,2168,2167,1640,968,1,0.007014162
Warm A,523819,3229,3228,1640,968,0,-0.0032221118
Warm A,299469,1778,1777,1640,968,1,-0.0023899977
Warm A,80037,533,532,1640,968,0,0.0058268732
Warm A,70668,476,475,1640,968,1,-0.00053528417
Warm A,59824,407,406,1640,968,0,-0.0035575395
Warm A,59913,408,407,1640,968,0,-0.0022588007
Warm A,317535,1889,1888,1640,968,0,0.0065512788
Warm A,31952,216,215,1640,968,0,-0.0032075085
Warm A,3666,26,25,1640,968,1,-0.0012619076
Warm A,351464,2063,2062,1640,968,0,0.00046509923
Warm A,354736,2077,2076,1640,968,1,0.0063926973
Warm A,122511,791,790,1640,968,0,0.006062737
Warm A,874078,5277,5276,1640,968,0,0.0015390856
Warm A,829006,4979,4978,1640,968,0,-0.0019874861
Warm A,175958,1113,1112,1640,968,0,-0.004216154
Warm A,159871,1019,1018,1640,968,0,0.0021483637
Warm A,905453,5475,5474,1640,968,0,-0.0036984854
Warm A,713682,4277,4276,1640,968,1,-0.002927325
Warm A,272690,1647,1646,1640,968,0,0.008473868
Warm A,839636,5046,5045,1640,968,1,0.0015134988
Warm A,74630,509,508,1642,970,0,-0.007644949
Warm A,132299,855,854,1642,970,0,0.00089337793
Warm A,47362,319,318,1642,970,0,0.002646498
Warm A,44369,302,301,1642,970,0,0.0035598213
Warm A,312795,1865,1864,1642,970,0,0.0019768944
Warm A,697123,4169,4168,1642,970,1,0.008272137
Warm A,30211,203,202,1642,970,0,0.0022738837
Warm A,983099,5938,5937,1642,970,0,0.004341569
Warm A,237664,1447,1446,1642,970,1,0.004484912
Warm A,304698,1812,1811,1642,970,0,-0.0017286522
Warm A,413644,2489,2488,1642,970,0,0.0007832666
Warm A,750600,4478,4477,1642,970,0,-0.0015117198
Warm A,35051,237,236,1642,970,0,0.0068645976
Warm A,599072,3648,3647,1642,970,1,0.0008620154
Warm A,236312,1434,1433,1646,974,0,-0.0063454024
Warm A,225708,1367,1366,1646,974,0,0.0042824596
Warm A,296743,1759,1758,1646,974,0,0.0023787497
Warm A,183707,1143,1142,1646,974,0,0.00494113
Warm A,173532,1100,1099,1646,974,0,0.004730696
Warm A,276627,1673,1672,1646,974,1,0.0068079815
Warm A,272054,1645,1644,1646,974,0,0.0024498557
Warm A,183091,1141,1140,1646,974,0,-0.004017784
Warm A,136323,881,880,1646,974,0,-0.0039792145
Warm A,107737,710,709,1646,974,0,0.006013288
Warm A,98623,660,659,1646,974,0,0.008557788
Warm A,96342,647,646,1646,974,1,0.011469801
Warm A,238658,1448,1447,1646,974,1,0.015147089
Warm A,70671,476,475,1646,974,1,0.008621484
Warm A,55789,369,368,1646,974,0,0.0071722674
Warm A,47374,319,318,1646,974,0,0.0066214255
Warm A,44385,302,301,1646,974,1,0.00020738714
Warm A,41730,284,283,1646,974,0,0.0071586366
Warm A,40698,273,272,1646,974,1,0.003612182
Warm A,336897,1983,1982,1646,974,0,-0.0015022582
Warm A,28749,198,197,1646,974,0,0.00925024
Warm A,233933,1422,1421,1646,974,0,0.010967283
Warm A,354742,2077,2076,1646,974,0,0.015067415
Warm A,237669,1447,1446,1646,974,0,0.011383807
Warm A,327714,1941,1940,1646,974,0,0.0034350306
Warm A,924082,5580,5579,1646,974,1,0.00986076
Warm A,968277,5837,5836,1646,974,0,0.0069900206
Warm A,272699,1647,1646,1646,974,0,0.008536859
Warm A,139577,893,892,1647,975,0,0.00222993
Warm A,135457,877,876,1647,975,0,0.0057087564
Warm A,114732,746,745,1647,975,0,-0.0043606027
Warm A,115928,752,751,1647,975,0,0.0046142163
Warm A,98624,660,659,1647,975,0,0.0043318947
Warm A,713689,4277,4276,1647,975,1,0.006683838
Warm A,110626,721,720,1647,975,0,0.00125563
Warm A,308420,1837,1836,1647,975,0,-0.0063665016
Warm A,291182,1737,1736,1647,975,0,-0.000482713
Warm A,82822,549,548,1647,975,1,0.008416437
Warm A,83930,550,549,1647,975,0,0.0038048893
Warm A,47923,321,320,1647,975,0,-0.008680688
Warm A,47376,319,318,1647,975,0,-0.0059151226
Warm A,33413,225,224,1647,975,0,-0.0054464615
Warm A,29729,202,201,1647,975,0,0.0026145522
Warm A,27095,192,191,1647,975,0,0.001367331
Warm A,16276,129,128,1647,975,1,-0.005239563
Warm A,107738,710,709,1647,975,0,-0.0120578855
Warm A,104165,692,691,1647,975,0,0.004112193
Warm A,697129,4169,4168,1647,975,0,0.0065281405
Warm A,109715,716,715,1647,975,1,-0.010842937
Warm A,210009,1284,1283,1647,975,1,0.01575819
Warm A,150442,970,969,1647,975,0,0.0043269256
Warm A,237670,1447,1446,1647,975,0,-0.005622028
Warm A,264958,1611,1610,1647,975,1,-0.0005472088
Warm A,309500,1842,1841,1647,975,1,-0.007968085
Warm A,50054,331,330,1647,975,1,-0.0015028309
Warm A,699900,4186,4185,1647,975,0,-5.62286e-06
Warm A,193481,1194,1193,1647,975,0,0.0018700068
Warm A,549825,3391,3390,1647,975,0,-0.0057593714
Warm A,659735,3976,3975,1648,976,1,0.009538383
Warm A,652373,3934,3933,1648,976,0,-0.00035354728
Warm A,650979,3927,3926,1648,976,0,0.0071047326
Warm A,672373,4041,4040,1648,976,0,0.01467167
Warm A,649671,3916,3915,1648,976,1,0.008730287
Warm A,634705,3829,3828,1648,976,1,0.01986071
Warm A,638940,3842,3841,1648,976,0,0.012262473
Warm A,626287,3791,3790,1648,976,0,6.647466e-05
Warm A,622978,3770,3769,1648,976,0,0.007267811
Warm A,617979,3745,3744,1648,976,1,-0.00048630312
Warm A,794130,4748,4747,1648,976,0,0.005437667
Warm A,703816,4220,4219,1648,976,0,0.0006871815
Warm A,597357,3631,3630,1648,976,1,0.0035946267
Warm A,589295,3593,3592,1648,976,1,-0.0020202263
Warm A,579063,3539,3538,1648,976,0,0.010367342
Warm A,571912,3507,3506,1648,976,0,0.01767493
Warm A,562984,3464,3463,1648,976,0,0.01543013
Warm A,559582,3438,3437,1648,976,0,0.013597239
Warm A,553768,3410,3409,1648,976,1,0.0068558147
Warm A,553576,3409,3408,1648,976,1,0.015966654
Warm A,766301,4562,4561,1648,976,1,0.008739687
Warm A,644480,3884,3883,1648,976,1,0.012845926
Warm A,549826,3391,3390,1648,976,1,0.003950866
Warm A,545133,3362,3361,1648,976,0,0.0051808236
Warm A,543100,3343,3342,1648,976,1,-0.0017672745
Warm A,904356,5468,5467,1648,976,1,0.0074329237
Warm A,540614,3327,3326,1648,976,1,0.009521303
Warm A,531986,3285,3284,1648,976,0,0.010865288
Warm A,528048,3265,3264,1648,976,0,0.003934305
Warm A,520720,3212,3211,1648,976,1,-0.000103833154
Warm A,514792,3180,3179,1648,976,0,0.0053549283
Warm A,507966,3126,3125,1648,976,0,-0.009395365
Warm A,506572,3118,3117,1648,976,0,0.014828036
Warm A,506178,3114,3113,1648,976,0,0.007892481
Warm A,501163,3080,3079,1648,976,1,0.017365199
Warm A,713690,4277,4276,1648,976,1,0.0207106
Warm A,490177,3017,3016,1648,976,0,0.0049318327
Warm A,484862,2986,2985,1648,976,1,0.013639562
Warm A,588365,3590,3589,1648,976,1,0.0007199929
Warm A,477085,2929,2928,1648,976,1,-0.0044057546
Warm A,475068,2916,2915,1648,976,1,-0.0015116353
Warm A,474622,2913,2912,1648,976,1,0.008667128
Warm A,465560,2872,2871,1648,976,1,0.010609642
Warm A,462333,2853,2852,1648,976,0,0.001853757
Warm A,458859,2825,2824,1648,976,1,0.009367947
Warm A,564209,3471,3470,1648,976,0,0.0013150629
Warm A,424190,2572,2571,1648,976,0,0.005315356
Warm A,416411,2507,2506,1648,976,1,0.010221563
Warm A,400285,2383,2382,1648,976,0,0.012260204
Warm A,379145,2215,2214,1648,976,1,0.0073167738
Warm A,364604,2124,2123,1648,976,1,0.011783777
Warm A,345051,2024,2023,1648,976,0,0.0041050753
Warm A,274305,1658,1657,1648,976,1,0.014814827
Warm A,270763,1639,1638,1648,976,1,-0.0023816614
Warm A,267495,1626,1625,1648,976,1,0.010853708
Warm A,246816,1491,1490,1648,976,0,0.010609645
Warm A,223351,1354,1353,1648,976,1,-0.0036842418
Warm A,212786,1297,1296,1648,976,1,0.0042796996
Warm A,307933,1836,1835,1648,976,1,0.010484692
Warm A,203465,1248,1247,1648,976,1,-0.0038315083
Warm A,278758,1680,1679,1648,976,1,0.006566583
Warm A,214692,1303,1302,1648,976,0,0.006796305
Warm A,294184,1749,1748,1648,976,0,0.009555099
Warm A,184973,1150,1149,1648,976,1,0.014899656
Warm A,307244,1835,1834,1648,976,1,0.005715095
Warm A,173533,1100,1099,1648,976,1,0.0018974543
Warm A,183886,1146,1145,1648,976,0,0.007305803
Warm A,168263,1069,1068,1648,976,0,-0.0015148389
Warm A,166334,1059,1058,1648,976,0,0.011169203
Warm A,157864,1015,1014,1648,976,1,0.009576868
Warm A,153624,987,986,1648,976,1,0.0018543064
Warm A,413649,2489,2488,1648,976,0,-0.0029660114
Warm A,145251,935,934,1648,976,0,0.011617708
Warm A,311883,1860,1859,1648,976,0,0.01086146
Warm A,137893,889,888,1648,976,0,0.0076715406
Warm A,131023,850,849,1648,976,0,0.010023853
Warm A,263061,1605,1604,1648,976,0,0.011137585
Warm A,114733,746,745,1648,976,0,0.009345258
Warm A,111267,724,723,1648,976,0,0.0005749017
Warm A,110627,721,720,1648,976,0,0.0027424437
Warm A,112314,731,730,1648,976,1,0.0022405963
Warm A,779031,4653,4652,1648,976,1,0.011064062
Warm A,107033,703,702,1648,976,1,0.007451781
Warm A,103321,687,686,1648,976,1,0.0031317587
Warm A,113215,735,734,1648,976,1,0.011593901
Warm A,239758,1449,1448,1648,976,1,0.008607776
Warm A,97725,655,654,1648,976,0,0.005841581
Warm A,107739,710,709,1648,976,1,0.0095555745
Warm A,697130,4169,4168,1648,976,0,0.011725349
Warm A,283937,1698,1697,1648,976,1,0.013899736
Warm A,320711,1902,1901,1648,976,1,0.0112152295
Warm A,88728,587,586,1648,976,1,0.005278156
Warm A,87407,571,570,1648,976,0,-0.005313191
Warm A,82199,546,545,1648,976,1,0.013287968
Warm A,77252,524,523,1648,976,1,0.01793424
Warm A,81508,543,542,1648,976,0,0.008558164
Warm A,70084,474,473,1648,976,0,0.0012601619
Warm A,64065,428,427,1648,976,0,-0.0018360304
Warm A,74636,509,508,1648,976,1,0.010183405
Warm A,57133,386,385,1648,976,1,-0.0059499186
Warm A,132304,855,854,1648,976,1,0.009437358
Warm A,33120,224,223,1648,976,0,0.0044313543
Warm A,27537,193,192,1648,976,1,0.0044324854
Warm A,238659,1448,1447,1648,976,1,0.011278887
Warm A,276089,1671,1670,1648,976,1,0.00838166
Warm A,7627,53,52,1648,976,1,0.0043334444
Warm A,104166,692,691,1648,976,1,0.013907463
Warm A,65947,442,441,1648,976,1,0.004677977
Warm A,330655,1952,1951,1648,976,0,0.013384942
Warm A,206695,1266,1265,1648,976,1,0.0028437139
Warm A,79177,531,530,1648,976,0,0.0133534195
Warm A,286591,1712,1711,1648,976,0,-0.0001464216
Warm A,983100,5938,5937,1648,976,0,0.0055221412
Warm A,181885,1137,1136,1648,976,1,0.006247893
Warm A,860275,5172,5171,1648,976,1,0.0009954023
Warm A,570947,3503,3502,1648,976,1,0.01621214
Warm A,290005,1733,1732,1648,976,0,0.006030214
Warm A,252416,1530,1529,1648,976,0,0.011814911
Warm A,873850,5276,5275,1648,976,0,0.010091616
Warm A,20704,151,150,1648,976,0,0.0074594254
Warm A,360534,2106,2105,1648,976,1,0.0024416049
Warm A,921110,5565,5564,1648,976,0,0.0070372694
Warm A,351477,2063,2062,1648,976,1,0.010579706
Warm A,499192,3067,3066,1648,976,1,0.010088795
Warm A,129226,839,838,1648,976,0,0.015639082
Warm A,476249,2926,2925,1648,976,1,0.014171368
Warm A,171351,1088,1087,1648,976,1,0.002768094
Warm A,206261,1265,1264,1648,976,1,-0.0062273527
Warm A,115929,752,751,1648,976,1,0.009221254
Warm A,464048,2860,2859,1648,976,0,0.007849885
Warm A,62640,424,423,1648,976,1,0.0062201703
Warm A,193482,1194,1193,1648,976,1,0.013609866
Warm A,480417,2947,2946,1648,976,1,0.012293224
Warm A,58705,398,397,1648,976,1,0.008801735
Warm A,579064,3539,3538,1649,977,1,-0.0018874547
Warm A,570194,3499,3498,1649,977,1,-0.00065886904
Warm A,593470,3618,3617,1649,977,0,0.000113787595
Warm A,557581,3425,3424,1649,977,1,0.0056250244
Warm A,616057,3729,3728,1649,977,0,0.004407917
Warm A,548669,3387,3386,1649,977,1,0.003273939
Warm A,549827,3391,3390,1649,977,1,0.001803309
Warm A,645124,3885,3884,1649,977,0,0.0047917617
Warm A,546707,3371,3370,1649,977,0,0.0050683324
Warm A,526670,3259,3258,1649,977,1,0.0074585155
Warm A,524600,3237,3236,1649,977,1,-0.0045118188
Warm A,513900,3171,3170,1649,977,1,-0.007835827
Warm A,510431,3145,3144,1649,977,1,-0.00028295536
Warm A,510090,3142,3141,1649,977,1,0.00957163
Warm A,501164,3080,3079,1649,977,0,-3.368687e-05
Warm A,916869,5539,5538,1649,977,1,-0.003524198
Warm A,546001,3367,3366,1649,977,0,0.00069619715
Warm A,483390,2971,2970,1649,977,1,-0.0006719057
Warm A,482594,2967,2966,1649,977,0,-0.0018586139
Warm A,478548,2936,2935,1649,977,1,0.0036926456
Warm A,476685,2928,2927,1649,977,1,0.0038230657
Warm A,475069,2916,2915,1649,977,1,0.0073600635
Warm A,475403,2918,2917,1649,977,0,-0.0011964471
Warm A,464604,2863,2862,1649,977,1,0.005611191
Warm A,460571,2841,2840,1649,977,1,0.0012321905
Warm A,456682,2811,2810,1649,977,0,-0.0013810273
Warm A,455252,2803,2802,1649,977,1,0.012026114
Warm A,451702,2781,2780,1649,977,1,0.0014106135
Warm A,443317,2733,2732,1649,977,1,0.008838299
Warm A,442359,2724,2723,1649,977,1,0.0073817614
Warm A,443568,2736,2735,1649,977,1,0.0017904621
Warm A,437716,2674,2673,1649,977,1,0.010630191
Warm A,430940,2627,2626,1649,977,0,0.0032850374
Warm A,390645,2293,2292,1649,977,1,0.004951027
Warm A,379687,2221,2220,1649,977,1,0.0068447078
Warm A,340132,2008,2007,1649,977,0,0.004363186
Warm A,343995,2020,2019,1649,977,0,0.0077212756
Warm A,334473,1974,1973,1649,977,1,0.0012306417
Warm A,323092,1916,1915,1649,977,0,0.003818703
Warm A,300966,1786,1785,1649,977,1,0.0008115351
Warm A,295198,1753,1752,1649,977,1,0.0026522153
Warm A,283938,1698,1697,1649,977,0,-6.167032e-05
Warm A,278759,1680,1679,1649,977,1,0.002394725
Warm A,274306,1658,1657,1649,977,1,0.012387094
Warm A,258323,1584,1583,1649,977,0,-0.0005919384
Warm A,252033,1525,1524,1649,977,1,0.0064444644
Warm A,251321,1517,1516,1649,977,0,0.0012314622
Warm A,252417,1530,1529,1649,977,1,-0.0020251889
Warm A,225407,1364,1363,1649,977,1,0.0097237965
Warm A,220288,1335,1334,1649,977,1,0.0046529067
Warm A,255021,1552,1551,1649,977,1,0.0018236134
Warm A,210657,1285,1284,1649,977,0,0.001185735
Warm A,208641,1274,1273,1649,977,1,0.0010140416
Warm A,307934,1836,1835,1649,977,1,0.0013196999
Warm A,205635,1264,1263,1649,977,1,0.0072593573
Warm A,239759,1449,1448,1649,977,0,0.0068063275
Warm A,203466,1248,1247,1649,977,0,-0.0034890117
Warm A,201394,1242,1241,1649,977,1,-0.0029237915
Warm A,199994,1228,1227,1649,977,0,-0.005434879
Warm A,245264,1481,1480,1649,977,1,-0.0011561285
Warm A,199308,1224,1223,1649,977,1,0.0053006336
Warm A,293104,1746,1745,1649,977,1,-0.0012945412
Warm A,214693,1303,1302,1649,977,1,0.0027406514
Warm A,184290,1147,1146,1649,977,1,-0.0032480157
Warm A,180977,1131,1130,1649,977,1,0.004287617
Warm A,190528,1181,1180,1649,977,1,0.011468032
Warm A,165031,1052,1051,1649,977,1,0.0054827305
Warm A,166335,1059,1058,1649,977,0,0.009528531
Warm A,169512,1077,1076,1649,977,0,0.006661009
Warm A,212787,1297,1296,1649,977,1,0.007903256
Warm A,147709,952,951,1649,977,1,-0.006310937
Warm A,267854,1628,1627,1649,977,1,0.006286666
Warm A,184974,1150,1149,1649,977,1,-0.0038338308
Warm A,143260,924,923,1649,977,1,0.0021144222
Warm A,148211,955,954,1649,977,0,0.0037293741
Warm A,245706,1484,1483,1649,977,0,0.0025393236
Warm A,130289,844,843,1649,977,1,0.0069610896
Warm A,129227,839,838,1649,977,1,-0.00018392783
Warm A,127938,826,825,1649,977,0,-0.0016719305
Warm A,134975,873,872,1649,977,1,0.0011889595
Warm A,127653,824,823,1649,977,0,0.004223523
Warm A,111268,724,723,1649,977,1,-0.0026832938
Warm A,392839,2307,2306,1649,977,1,0.005891684
Warm A,223352,1354,1353,1649,977,1,0.0063555604
Warm A,97726,655,654,1649,977,0,-0.003248836
Warm A,89736,591,590,1649,977,1,0.0066593615
Warm A,89538,590,589,1649,977,1,0.0022469745
Warm A,88491,585,584,1649,977,1,0.010337995
Warm A,64066,428,427,1649,977,1,-0.0015650471
Warm A,59915,408,407,1649,977,1,0.0015867536
Warm A,589587,3596,3595,1649,977,0,0.0018181973
Warm A,44389,302,301,1649,977,0,0.0016566133
Warm A,42958,294,293,1649,977,0,0.00028029433
Warm A,42740,293,292,1649,977,1,-0.005787173
Warm A,41437,281,280,1649,977,0,0.006943402
Warm A,42076,285,284,1649,977,0,0.0047185137
Warm A,98625,660,659,1649,977,0,0.005569651
Warm A,34676,235,234,1649,977,1,0.00020283321
Warm A,31021,208,207,1649,977,1,0.004810864
Warm A,88729,587,586,1649,977,1,0.0054002227
Warm A,24039,171,170,1649,977,1,0.0020644597
Warm A,26351,187,186,1649,977,1,0.0008267211
Warm A,947708,5722,5721,1649,977,1,0.00017814478
Warm A,23058,166,165,1649,977,0,0.0068553262
Warm A,152413,981,980,1649,977,1,0.0038254969
Warm A,16634,131,130,1649,977,1,0.0022616684
Warm A,11371,87,86,1649,977,0,0.006244415
Warm A,234783,1425,1424,1649,977,1,0.007937197
Warm A,363,5,4,1649,977,1,-0.000982305
Warm A,206696,1266,1265,1649,977,0,0.0043426324
Warm A,24299,173,172,1649,977,1,0.0029242844
Warm A,522280,3224,3223,1649,977,0,0.008640504
Warm A,157865,1015,1014,1649,977,1,0.006166
Warm A,159876,1019,1018,1649,977,1,0.0038206698
Warm A,933788,5636,5635,1649,977,1,0.012100352
Warm A,241808,1457,1456,1649,977,1,-0.006750861
Warm A,249784,1505,1504,1649,977,1,0.012618005
Warm A,750602,4478,4477,1649,977,0,0.0068941256
Warm A,497114,3054,3053,1649,977,0,-0.00091216643
Warm A,556504,3420,3419,1649,977,0,0.00130706
Warm A,309501,1842,1841,1649,977,1,0.006228091
Warm A,565429,3475,3474,1649,977,0,0.00056706415
Warm A,370907,2168,2167,1649,977,1,0.0035201635
Warm A,216850,1317,1316,1649,977,1,0.0020698467
Warm A,825720,4958,4957,1649,977,1,0.009589064
Warm A,839641,5046,5045,1649,977,1,0.00064951694
Warm A,372597,2176,2175,1649,977,1,0.004551182
Warm A,329164,1943,1942,1649,977,1,0.0045272633
Warm A,937352,5654,5653,1649,977,1,0.0021571675
Warm A,124183,800,799,1654,979,0,0.009427529
Warm A,112322,731,730,1654,979,1,0.0042601805
Warm A,216376,1314,1313,1654,979,0,0.002385178
Warm A,107146,705,704,1654,979,0,0.00059387356
Warm A,94459,634,633,1654,979,1,0.014022441
Warm A,93743,629,628,1654,979,0,0.009640514
Warm A,92205,614,613,1654,979,1,0.0062866653
Warm A,183097,1141,1140,1654,979,0,0.010931525
Warm A,65217,438,437,1654,979,1,0.00483914
Warm A,38494,262,261,1654,979,1,-0.004876524
Warm A,27107,192,191,1654,979,1,0.00428413
Warm A,17473,136,135,1654,979,0,0.010646537
Warm A,11171,83,82,1654,979,0,0.0024552713
Warm A,10489,75,74,1654,979,1,0.005804956
Warm A,2199,18,17,1654,979,1,0.00037978461
Warm A,177957,1120,1119,1654,979,1,0.01397888
Warm A,807727,4834,4833,1654,979,0,0.003117386
Warm A,1139,10,9,1654,979,1,0.0003459733
Warm A,73797,500,499,1654,979,1,0.012075813
Warm A,922668,5571,5570,1654,979,1,0.011242298
Warm A,932656,5630,5629,1654,979,1,0.006617659
Warm A,144789,934,933,1654,979,0,0.0048679523
Warm A,829990,4983,4982,1654,979,1,0.005852541
Warm A,115940,752,751,1654,979,0,0.008834189
Warm A,62654,424,423,1654,979,1,0.0083771795
Warm A,832001,5001,5000,1654,979,1,0.006709506
Warm A,439786,2688,2687,1654,979,0,0.0067390865
Warm A,125484,808,807,1655,980,0,0.009633534
Warm A,360547,2106,2105,1655,980,0,0.0019871038
Warm A,108647,712,711,1655,980,0,0.0041521084
Warm A,77260,524,523,1655,980,0,0.009954149
Warm A,110635,721,720,1655,980,0,0.0068728235
Warm A,41167,278,277,1655,980,1,0.004200322
Warm A,537777,3312,3311,1655,980,0,0.00668175
Warm A,234793,1425,1424,1655,980,0,0.0106227165
Warm A,697141,4169,4168,1655,980,0,0.015938293
Warm A,2476,19,18,1655,980,0,-0.0022649025
Warm A,365668,2129,2128,1655,980,0,-0.000748866
Warm A,290012,1733,1732,1655,980,0,0.0077531086
Warm A,28063,195,194,1655,980,0,0.0074015893
Warm A,171362,1088,1087,1655,980,0,0.0006390718
Warm A,264963,1611,1610,1655,980,0,0.0003736571
Warm A,474325,2910,2909,1655,980,1,0.008794799
Warm A,497575,3055,3054,1655,980,0,0.0040914123
Warm A,416422,2507,2506,1658,981,1,-0.012891676
Warm A,395072,2334,2333,1658,981,1,0.0023136819
Warm A,351496,2063,2062,1658,981,1,-0.008088409
Warm A,375490,2188,2187,1658,981,0,0.002530484
Warm A,371569,2172,2171,1658,981,0,-0.002377385
Warm A,352623,2064,2063,1658,981,0,-0.0002513494
Warm A,274308,1658,1657,1658,981,1,0.00089041295
Warm A,245104,1477,1476,1658,981,0,0.0026361654
Warm A,201398,1242,1241,1658,981,1,-0.0007820723
Warm A,184986,1150,1149,1658,981,0,-0.0031120782
Warm A,307256,1835,1834,1658,981,1,-0.0031050767
Warm A,145258,935,934,1658,981,0,-0.0076750666
Warm A,156613,1010,1009,1658,981,0,-0.006617251
Warm A,137910,889,888,1658,981,0,-0.0067120763
Warm A,126489,817,816,1658,981,0,-0.0029452124
Warm A,223364,1354,1353,1658,981,1,-0.0031446172
Warm A,124434,801,800,1658,981,0,-0.011659653
Warm A,105905,699,698,1658,981,0,-0.006812321
Warm A,176768,1117,1116,1658,981,1,-0.0046836915
Warm A,110636,721,720,1658,981,0,0.0004369258
Warm A,631397,3821,3820,1658,981,0,-0.0017781869
Warm A,107749,710,709,1658,981,0,-0.00052818935
Warm A,283945,1698,1697,1658,981,1,-0.005543373
Warm A,90570,601,600,1658,981,0,0.0024381639
Warm A,99529,664,663,1658,981,0,-0.0026042648
Warm A,360548,2106,2105,1658,981,1,-0.00063287816
Warm A,82836,549,548,1658,981,0,-0.0077425106
Warm A,86512,566,565,1658,981,0,-0.01099899
Warm A,68159,457,456,1658,981,0,0.0016178347
Warm A,697144,4169,4168,1658,981,0,-0.0066686077
Warm A,290014,1733,1732,1658,981,0,-0.0073568355
Warm A,219068,1329,1328,1658,981,0,-0.013931964
Warm A,7644,53,52,1658,981,1,-0.005191017
Warm A,5701,41,40,1658,981,1,-0.0036463218
Warm A,104172,692,691,1658,981,1,-0.00038681924
Warm A,20719,151,150,1658,981,0,-0.00088254095
Warm A,157883,1015,1014,1658,981,0,-0.004246234
Warm A,286595,1712,1711,1658,981,0,0.005348227
Warm A,150447,970,969,1658,981,0,-0.014370209
Warm A,844253,5074,5073,1658,981,0,-0.0065812515
Warm A,241023,1451,1450,1658,981,0,-0.00816167
Warm A,785829,4697,4696,1658,981,1,-0.0071709612
Warm A,570954,3503,3502,1658,981,1,-0.007009155
Warm A,511788,3158,3157,1658,981,1,-0.003067919
Warm A,222553,1347,1346,1658,981,1,0.0017641685
Warm A,237685,1447,1446,1658,981,1,-0.0016136197
Warm A,993683,6001,6000,1658,981,0,-0.0050692204
Warm A,893241,5394,5393,1658,981,0,-0.011863865
Warm A,62659,424,423,1658,981,0,-0.006547588
Warm A,304713,1812,1811,1658,981,1,-0.0005955396
Warm A,257485,1579,1578,1658,981,0,-0.000403543
Warm A,375861,2190,2189,1658,981,1,0.0027855507
Warm A,234794,1425,1424,1658,981,0,-0.00916404
Warm A,295564,1755,1754,1658,981,0,0.00056762923
Warm A,171363,1088,1087,1658,981,0,0.0015476606
Warm A,549843,3391,3390,1658,981,0,-0.008498416
Warm A,535823,3308,3307,1660,982,0,-0.0015819443
Warm A,533102,3292,3291,1660,982,1,0.0012020767
Warm A,529505,3272,3271,1660,982,1,0.0049665873
Warm A,584603,3569,3568,1660,982,1,0.0012126771
Warm A,831108,4995,4994,1660,982,1,0.00080925133
Warm A,522302,3224,3223,1660,982,0,0.00581224
Warm A,510197,3143,3142,1660,982,0,-0.0024032453
Warm A,687984,4116,4115,1660,982,1,0.00365677
Warm A,508977,3131,3130,1660,982,1,-0.003541287
Warm A,500196,3072,3071,1660,982,1,0.00038409943
Warm A,502829,3087,3086,1660,982,1,0.0012299938
Warm A,713704,4277,4276,1660,982,1,0.006770562
Warm A,574631,3518,3517,1660,982,1,0.0043286467
Warm A,494954,3036,3035,1660,982,1,0.0035877314
Warm A,477922,2934,2933,1660,982,0,0.004341277
Warm A,567309,3483,3482,1660,982,1,-0.00095070025
Warm A,469859,2895,2894,1660,982,1,-0.0021357816
Warm A,463104,2857,2856,1660,982,0,0.003582441
Warm A,458866,2825,2824,1660,982,0,-0.0023869264
Warm A,440927,2700,2699,1660,982,1,0.0031782028
Warm A,431356,2628,2627,1660,982,0,-0.00096498616
Warm A,419658,2537,2536,1660,982,0,-0.0017122686
Warm A,408050,2453,2452,1660,982,0,6.0175546e-05
Warm A,398972,2376,2375,1660,982,0,-0.0053340453
Warm A,383116,2238,2237,1660,982,1,0.0014403614
Warm A,381249,2230,2229,1660,982,0,0.00042839907
Warm A,377716,2205,2204,1660,982,1,0.0038031465
Warm A,372238,2174,2173,1660,982,0,0.003933535
Warm A,364619,2124,2123,1660,982,1,0.008928265
Warm A,350665,2059,2058,1660,982,1,0.0011868106
Warm A,353969,2073,2072,1660,982,1,0.0004923139
Warm A,334951,1976,1975,1660,982,0,-0.0017070889
Warm A,332971,1963,1962,1660,982,1,0.0012301264
Warm A,335592,1980,1979,1660,982,1,0.005531121
Warm A,333283,1968,1967,1660,982,0,0.0035301952
Warm A,309510,1842,1841,1660,982,1,-0.00016746874
Warm A,280748,1685,1684,1660,982,0,0.00089435047
Warm A,267507,1626,1625,1660,982,0,-0.0043387003
Warm A,265596,1613,1612,1660,982,1,0.0010198602
Warm A,283117,1696,1695,1660,982,0,0.0040501794
Warm A,325264,1926,1925,1660,982,1,-0.002763969
Warm A,319200,1897,1896,1660,982,1,0.001902332
Warm A,209365,1279,1278,1660,982,0,-0.0075190947
Warm A,272715,1647,1646,1660,982,0,0.0020228727
Warm A,203979,1255,1254,1660,982,1,-0.0036965262
Warm A,307941,1836,1835,1660,982,1,0.009062034
Warm A,210023,1284,1283,1660,982,0,-0.00089620816
Warm A,191781,1182,1181,1660,982,0,-0.00094333617
Warm A,373887,2181,2180,1660,982,0,0.0036772157
Warm A,188074,1167,1166,1660,982,0,0.0011278813
Warm A,184999,1150,1149,1660,982,0,-0.0010247392
Warm A,201401,1242,1241,1660,982,0,-0.0075346683
Warm A,263084,1605,1604,1660,982,1,0.0017738836
Warm A,166934,1062,1061,1660,982,1,0.0026562738
Warm A,327750,1941,1940,1660,982,0,-0.008282214
Warm A,258328,1584,1583,1660,982,0,-0.0010444699
Warm A,156623,1010,1009,1660,982,0,0.0008273525
Warm A,148677,957,956,1660,982,1,-0.0011041889
Warm A,270782,1639,1638,1660,982,1,-0.0042192712
Warm A,195282,1203,1202,1660,982,0,-0.0006155602
Warm A,216862,1317,1316,1660,982,1,-0.003443573
Warm A,199317,1224,1223,1660,982,0,0.0027304394
Warm A,311890,1860,1859,1660,982,0,-0.0020395454
Warm A,136349,881,880,1660,982,0,0.0010314299
Warm A,199999,1228,1227,1660,982,1,0.0049165785
Warm A,131778,854,853,1660,982,0,-0.0030112138
Warm A,121461,781,780,1660,982,0,0.0025147977
Warm A,234802,1425,1424,1660,982,1,0.0006892495
Warm A,115952,752,751,1660,982,1,0.0007423321
Warm A,127237,822,821,1660,982,1,0.0072850334
Warm A,111831,728,727,1660,982,0,-0.008272074
Warm A,107280,706,705,1660,982,0,-0.0023561826
Warm A,98637,660,659,1660,982,1,0.004666481
Warm A,94558,635,634,1660,982,1,0.005491101
Warm A,93505,625,624,1660,982,1,0.008046846
Warm A,697151,4169,4168,1660,982,1,0.0010147193
Warm A,89972,593,592,1660,982,1,-0.006885572
Warm A,432072,2634,2633,1660,982,0,0.0028151867
Warm A,85527,558,557,1660,982,1,6.554648e-05
Warm A,198130,1218,1217,1660,982,1,-0.0006441508
Warm A,77269,524,523,1660,982,1,-0.006690276
Warm A,83952,550,549,1660,982,1,0.004037547
Warm A,73623,499,498,1660,982,1,-0.0025874865
Warm A,71376,480,479,1660,982,1,-0.0027699033
Warm A,60125,409,408,1660,982,0,-0.00051081995
Warm A,50470,332,331,1660,982,1,0.0022174492
Warm A,317550,1889,1888,1660,982,0,0.0021953564
Warm A,37872,259,258,1660,982,1,0.00020102534
Warm A,228075,1383,1382,1660,982,1,-0.003304635
Warm A,91929,611,610,1660,982,1,0.0025005138
Warm A,26377,187,186,1660,982,1,0.0060586
Warm A,16959,133,132,1660,982,1,-0.0032997911
Warm A,7655,53,52,1660,982,1,-0.004543892
Warm A,3934,28,27,1660,982,1,0.0024232287
Warm A,666,8,7,1660,982,0,-0.0039510964
Warm A,223375,1354,1353,1660,982,1,0.0010191489
Warm A,357305,2092,2091,1660,982,1,0.0014813219
Warm A,104176,692,691,1660,982,1,-0.00033795182
Warm A,206712,1266,1265,1660,982,0,-0.0004997053
Warm A,79196,531,530,1660,982,0,0.00016607798
Warm A,233951,1422,1421,1660,982,0,0.0032405423
Warm A,157900,1015,1014,1660,982,1,-0.00015811913
Warm A,609015,3693,3692,1660,982,1,-0.0007669176
Warm A,181896,1137,1136,1660,982,0,0.0038802961
Warm A,222555,1347,1346,1660,982,0,-0.0076624537
Warm A,50086,331,330,1660,982,1,0.003455806
Warm A,257493,1579,1578,1660,982,0,-0.004980612
Warm A,241027,1451,1450,1660,982,1,-0.00017860346
Warm A,169889,1079,1078,1660,982,0,-0.0069772713
Warm A,484880,2986,2985,1660,982,1,-0.006619874
Warm A,246822,1491,1490,1660,982,0,-0.001917667
Warm A,992946,5998,5997,1660,982,0,-0.003920204
Warm A,947960,5723,5722,1660,982,0,-0.006405043
Warm A,204466,1260,1259,1660,982,1,0.0067880834
Warm A,254600,1547,1546,1660,982,1,0.002619896
Warm A,832002,5001,5000,1660,982,0,-0.0017094422
Warm A,497126,3054,3053,1660,982,1,-0.0072650434
Warm A,171376,1088,1087,1660,982,0,0.002391621
Warm A,261141,1597,1596,1660,982,1,-0.0041930317
Warm A,293637,1748,1747,1661,983,0,0.0005666178
Warm A,264817,1610,1609,1661,983,0,-0.0014927875
Warm A,391993,2304,2303,1661,983,1,0.0014351143
Warm A,250327,1509,1508,1661,983,1,-0.0022283988
Warm A,210024,1284,1283,1661,983,1,0.008833755
Warm A,278798,1680,1679,1661,983,0,0.00649778
Warm A,183900,1146,1145,1661,983,0,0.01305993
Warm A,190561,1181,1180,1661,983,0,0.004932753
Warm A,263085,1605,1604,1661,983,0,0.003446671
Warm A,105909,699,698,1661,983,0,-0.0039033047
Warm A,176776,1117,1116,1661,983,0,0.0027209993
Warm A,110645,721,720,1661,983,0,-0.009686054
Warm A,940150,5675,5674,1661,983,0,-0.0043345615
Warm A,72899,493,492,1661,983,1,0.007984297
Warm A,67352,453,452,1661,983,0,-0.01049247
Warm A,55575,368,367,1661,983,1,-0.0010322826
Warm A,40343,272,271,1661,983,1,0.0014686855
Warm A,13535,107,106,1661,983,0,0.004170175
Warm A,15548,123,122,1661,983,1,-0.0014055502
Warm A,50088,331,330,1661,983,0,0.0016767408
Warm A,150454,970,969,1661,983,0,-0.00078981
Warm A,571933,3507,3506,1661,983,0,0.0062399483
Warm A,198363,1219,1218,1661,983,0,0.011680072
Warm A,317552,1889,1888,1661,983,0,0.017636571
Warm A,599092,3648,3647,1661,983,0,0.0031789402
Warm A,179468,1125,1124,1661,983,0,-0.0026148807
Warm A,327752,1941,1940,1661,983,0,-0.0015624326
Warm A,331390,1958,1957,1661,983,0,0.003289005
Warm A,424466,2575,2574,1667,985,1,0.0068853726
Warm A,391999,2304,2303,1667,985,0,0.003721455
Warm A,389897,2288,2287,1667,985,0,0.009055529
Warm A,386792,2262,2261,1667,985,1,0.004638233
Warm A,381250,2230,2229,1667,985,1,0.0045358934
Warm A,362798,2116,2115,1667,985,1,0.0028870557
Warm A,351518,2063,2062,1667,985,0,0.0035422146
Warm A,311649,1857,1856,1667,985,0,-0.0020448796
Warm A,321626,1908,1907,1667,985,0,0.0054058796
Warm A,281775,1690,1689,1667,985,0,0.0073356754
Warm A,288794,1726,1725,1667,985,0,0.0015770688
Warm A,278808,1680,1679,1667,985,0,0.009716819
Warm A,264534,1609,1608,1667,985,0,0.012127975
Warm A,243490,1468,1467,1667,985,0,-0.0034381575
Warm A,243183,1466,1465,1667,985,0,0.0041168807
Warm A,232108,1408,1407,1667,985,0,0.0115821175
Warm A,270785,1639,1638,1667,985,0,0.005243802
Warm A,213854,1299,1298,1667,985,0,0.004853622
Warm A,360565,2106,2105,1667,985,0,0.004639577
Warm A,193133,1193,1192,1667,985,0,0.0054142494
Warm A,187376,1163,1162,1667,985,0,-0.0059973495
Warm A,331395,1958,1957,1667,985,0,0.010944385
Warm A,168283,1069,1068,1667,985,0,3.2506883e-05
Warm A,165157,1053,1052,1667,985,0,0.00042681856
Warm A,344391,2021,2020,1667,985,0,0.0049866834
Warm A,154762,999,998,1667,985,0,0.0018999162
Warm A,249177,1502,1501,1667,985,1,-0.00018960703
Warm A,325757,1928,1927,1667,985,0,0.0066429917
Warm A,156630,1010,1009,1667,985,0,0.009388167
Warm A,136353,881,880,1667,985,0,-0.0035574147
Warm A,133717,865,864,1667,985,1,0.0028783302
Warm A,202362,1244,1243,1667,985,0,0.005691998
Warm A,779041,4653,4652,1667,985,0,0.009362568
Warm A,107762,710,709,1667,985,0,0.009761721
Warm A,121697,783,782,1667,985,0,-0.0059036203
Warm A,332532,1962,1961,1667,985,0,0.009527128
Warm A,238691,1448,1447,1667,985,0,0.006293842
Warm A,70095,474,473,1667,985,0,-0.0015460574
Warm A,47419,319,318,1667,985,0,0.008699165
Warm A,110650,721,720,1667,985,0,0.006593273
Warm A,697160,4169,4168,1667,985,0,0.007927914
Warm A,145263,935,934,1667,985,0,0.009868976
Warm A,626577,3792,3791,1667,985,1,0.011097312
Warm A,31206,210,209,1667,985,1,0.0062208325
Warm A,18980,147,146,1667,985,0,-0.0028352924
Warm A,457738,2820,2819,1667,985,0,0.009077791
Warm A,354755,2077,2076,1667,985,0,0.0035371268
Warm A,237701,1447,1446,1667,985,1,0.0028692905
Warm A,571940,3507,3506,1667,985,0,0.008929993
Warm A,304723,1812,1811,1667,985,1,0.010072702
Warm A,599097,3648,3647,1667,985,0,-0.0010868036
Warm A,257497,1579,1578,1667,985,0,0.0053482177
Warm A,718828,4305,4304,1667,985,1,-0.0013867905
Warm A,157923,1015,1014,1670,986,0,0.0014375902
Warm A,246226,1489,1488,1670,986,0,-0.0012405957
Warm A,137946,889,888,1670,986,0,0.006502949
Warm A,136368,881,880,1670,986,0,0.008048382
Warm A,115976,752,751,1670,986,1,0.0029935061
Warm A,779045,4653,4652,1670,986,0,0.0044069057
Warm A,105921,699,698,1670,986,0,-0.0007592436
Warm A,697169,4169,4168,1670,986,0,0.007422776
Warm A,77293,524,523,1670,986,0,0.0017258641
Warm A,317568,1889,1888,1670,986,1,0.004351201
Warm A,44982,303,302,1670,986,1,-0.0011084806
Warm A,16967,133,132,1670,986,1,0.0061866725
Warm A,235505,1426,1425,1670,986,1,0.0069710147
Warm A,490191,3017,3016,1670,986,1,0.003225083
Warm A,254305,1546,1545,1670,986,1,0.00091046304
Warm A,187531,1164,1163,1670,986,0,0.0023730756
Warm A,497133,3054,3053,1670,986,1,-0.002295164
Warm A,570966,3503,3502,1670,986,1,0.0013977542
Warm A,795586,4765,4764,1670,986,1,0.008471554
Warm A,362272,2111,2110,1670,986,1,-0.0042294925
Warm A,778162,4647,4646,1670,986,1,0.0070562265
Warm A,223030,1352,1351,1670,986,0,0.0048211357
Warm A,460228,2840,2839,1681,993,0,0.00946025
Warm A,492583,3029,3028,1681,993,0,0.006627017
Warm A,435758,2664,2663,1681,993,0,0.009298309
Warm A,417082,2508,2507,1681,993,0,0.0054839696
Warm A,408079,2453,2452,1681,993,0,0.017654764
Warm A,406904,2445,2444,1681,993,0,0.007580508
Warm A,383618,2242,2241,1681,993,0,0.0071853185
Warm A,376329,2195,2194,1681,993,1,0.010329685
Warm A,375042,2186,2185,1681,993,1,0.0012853506
Warm A,369628,2163,2162,1681,993,0,0.0037568996
Warm A,368744,2156,2155,1681,993,0,0.021165743
Warm A,349802,2054,2053,1681,993,0,0.018490523
Warm A,361483,2109,2108,1681,993,0,0.013551035
Warm A,351559,2063,2062,1681,993,0,0.005248095
Warm A,340506,2010,2009,1681,993,0,0.011384754
Warm A,341470,2012,2011,1681,993,0,0.014702417
Warm A,336925,1983,1982,1681,993,0,0.014711203
Warm A,298652,1773,1772,1681,993,0,0.0018170271
Warm A,297372,1764,1763,1681,993,0,0.011475736
Warm A,288809,1726,1725,1681,993,0,0.010541981
Warm A,265625,1613,1612,1681,993,0,0.011868451
Warm A,247574,1496,1495,1681,993,0,0.00581542
Warm A,342295,2015,2014,1681,993,1,0.017347638
Warm A,236197,1433,1432,1681,993,0,0.008611344
Warm A,228690,1384,1383,1681,993,0,0.011722564
Warm A,337414,1984,1983,1681,993,0,-0.004022401
Warm A,233007,1418,1417,1681,993,0,0.011399923
Warm A,227024,1377,1376,1681,993,0,0.0023141787
Warm A,224072,1356,1355,1681,993,0,0.0031652453
Warm A,278857,1680,1679,1681,993,0,0.0009552031
Warm A,277502,1676,1675,1681,993,0,0.005986957
Warm A,190622,1181,1180,1681,993,0,0.025214598
Warm A,186332,1152,1151,1681,993,0,0.013043378
Warm A,248710,1501,1500,1681,993,0,0.0130905965
Warm A,175398,1112,1111,1681,993,0,0.012969326
Warm A,229200,1389,1388,1681,993,0,-0.00140801
Warm A,227562,1380,1379,1681,993,1,0.01036451
Warm A,154780,999,998,1681,993,0,0.009736602
Warm A,323391,1917,1916,1681,993,0,0.001280688
Warm A,139143,890,889,1681,993,0,0.0038611603
Warm A,276836,1675,1674,1681,993,0,0.011903973
Warm A,135500,877,876,1681,993,0,0.016060082
Warm A,121838,785,784,1681,993,1,0.008806691
Warm A,121038,780,779,1681,993,0,0.013263384
Warm A,299503,1778,1777,1681,993,0,0.008817023
Warm A,96358,647,646,1681,993,0,0.003267737
Warm A,329197,1943,1942,1681,993,0,0.0073974933
Warm A,202979,1246,1245,1681,993,0,0.01968743
Warm A,75245,510,509,1681,993,0,0.004488346
Warm A,70697,476,475,1681,993,0,0.0068906993
Warm A,74672,509,508,1681,993,0,0.0066697365
Warm A,53715,352,351,1681,993,0,0.005186025
Warm A,51147,337,336,1681,993,0,0.015609979
Warm A,44473,302,301,1681,993,0,0.009109976
Warm A,41783,284,283,1681,993,0,0.0074491245
Warm A,38027,260,259,1681,993,0,-0.0037358678
Warm A,537797,3312,3311,1681,993,0,0.007771842
Warm A,626598,3792,3791,1681,993,0,0.0031335375
Warm A,291233,1737,1736,1681,993,0,0.0038368264
Warm A,234827,1425,1424,1681,993,0,0.007463361
Warm A,22495,163,162,1681,993,0,0.012331302
Warm A,14481,117,116,1681,993,0,0.0068218056
Warm A,12302,93,92,1681,993,0,0.008081209
Warm A,362418,2114,2113,1681,993,0,0.006959952
Warm A,54474,355,354,1681,993,0,0.00860028
Warm A,49390,329,328,1681,993,0,0.011212562
Warm A,790697,4728,4727,1681,993,0,0.016484622
Warm A,102068,678,677,1681,993,0,0.015410075
Warm A,633057,3824,3823,1681,993,0,0.01421047
Warm A,39984,271,270,1681,993,0,0.005187428
Warm A,599119,3648,3647,1681,993,0,0.0027829781
Warm A,272750,1647,1646,1681,993,0,0.009558719
Warm A,331423,1958,1957,1681,993,0,0.014693974
Warm A,461436,2847,2846,1681,993,0,0.011720395
Warm A,392024,2304,2303,1686,996,0,0.00027120207
Warm A,387689,2266,2265,1686,996,1,-0.0016693983
Warm A,382783,2237,2236,1686,996,1,-0.0022049365
Warm A,373155,2179,2178,1686,996,0,0.0016192344
Warm A,362827,2116,2115,1686,996,1,0.0018664978
Warm A,358421,2098,2097,1686,996,0,-0.0007666035
Warm A,340509,2010,2009,1686,996,0,0.0073320447
Warm A,295978,1757,1756,1686,996,1,-0.0044243443
Warm A,302058,1794,1793,1686,996,0,-0.0054404037
Warm A,299507,1778,1777,1686,996,1,-0.0030759128
Warm A,213348,1298,1297,1686,996,1,-0.0029319155
Warm A,210047,1284,1283,1686,996,0,0.0016879572
Warm A,327796,1941,1940,1686,996,1,0.0041765077
Warm A,321632,1908,1907,1686,996,1,0.001892939
Warm A,307297,1835,1834,1686,996,0,0.004406289
Warm A,196382,1207,1206,1686,996,0,0.005907513
Warm A,275446,1667,1666,1686,996,1,0.002964162
Warm A,360594,2106,2105,1686,996,0,0.002019445
Warm A,117412,757,756,1686,996,1,-0.003343549
Warm A,116006,752,751,1686,996,0,0.0039567105
Warm A,179490,1125,1124,1686,996,0,0.0045711296
Warm A,109217,714,713,1686,996,1,-0.0036394899
Warm A,110670,721,720,1686,996,0,0.0013291088
Warm A,480034,2946,2945,1686,996,0,-0.005126065
Warm A,887105,5359,5358,1686,996,1,0.000704858
Warm A,82894,549,548,1686,996,1,-0.0013223619
Warm A,204483,1260,1259,1686,996,0,0.0034171762
Warm A,59128,402,401,1686,996,0,-0.00078105275
Warm A,239834,1449,1448,1686,996,0,-0.0076914374
Warm A,53718,352,351,1686,996,0,-0.0013439273
Warm A,47450,319,318,1686,996,0,-0.0038528065
Warm A,638980,3842,3841,1686,996,1,0.0025770091
Warm A,42774,293,292,1686,996,0,0.0031573211
Warm A,98664,660,659,1686,996,0,0.0023190044
Warm A,33475,225,224,1686,996,0,0.010741226
Warm A,7693,53,52,1686,996,1,-0.004112055
Warm A,219092,1329,1328,1686,996,0,-2.1644984e-05
Warm A,254314,1546,1545,1686,996,1,0.0025871084
Warm A,626601,3792,3791,1686,996,1,-0.0054112882
Warm A,150479,970,969,1686,996,0,-0.00861348
Warm A,65240,438,437,1686,996,0,0.001729761
Warm A,567335,3483,3482,1686,996,1,-0.0064879633
Warm A,169895,1079,1078,1686,996,0,-0.004364703
Warm A,476276,2926,2925,1686,996,0,0.0016754912
Warm A,331427,1958,1957,1686,996,0,-0.0043724207
Warm A,688323,4117,4116,1686,996,1,-0.0018215409
Warm A,272752,1647,1646,1686,996,1,-0.007102921
Warm A,171408,1088,1087,1686,996,0,-0.0025085215
Warm A,62131,419,418,1686,996,0,-0.0020963945
Warm A,570979,3503,3502,1699,1003,1,0.020478096
Warm A,502680,3086,3085,1699,1003,0,0.0069070896
Warm A,799417,4790,4789,1699,1003,1,0.015054775
Warm A,491167,3020,3019,1699,1003,1,0.003946058
Warm A,496854,3053,3052,1699,1003,0,0.012624734
Warm A,497147,3054,3053,1699,1003,1,0.0025489563
Warm A,482620,2967,2966,1699,1003,0,0.0122856125
Warm A,477106,2929,2928,1699,1003,1,0.00012938725
Warm A,852840,5113,5112,1699,1003,0,0.0107214395
Warm A,466705,2878,2877,1699,1003,1,0.008494608
Warm A,443750,2737,2736,1699,1003,0,0.014760794
Warm A,430971,2627,2626,1699,1003,1,0.017558891
Warm A,429079,2611,2610,1699,1003,0,0.015241033
Warm A,420877,2544,2543,1699,1003,1,0.006455359
Warm A,409138,2456,2455,1699,1003,0,0.016427282
Warm A,386569,2261,2260,1699,1003,0,0.009408229
Warm A,384449,2246,2245,1699,1003,0,0.010384943
Warm A,381958,2232,2231,1699,1003,0,0.012856521
Warm A,379158,2215,2214,1699,1003,1,0.01396664
Warm A,379697,2221,2220,1699,1003,1,0.013188541
Warm A,364656,2124,2123,1699,1003,1,0.0038369321
Warm A,359976,2105,2104,1699,1003,0,0.016586402
Warm A,348904,2047,2046,1699,1003,1,0.015460169
Warm A,337419,1984,1983,1699,1003,1,-0.002084407
Warm A,334164,1970,1969,1699,1003,0,-0.0036272095
Warm A,329962,1947,1946,1699,1003,0,0.0064675957
Warm A,326380,1932,1931,1699,1003,0,0.0141206235
Warm A,292200,1741,1740,1699,1003,1,0.0057011386
Warm A,267522,1626,1625,1699,1003,1,0.006323684
Warm A,255042,1552,1551,1699,1003,1,0.017271888
Warm A,251526,1521,1520,1699,1003,1,0.0053228065
Warm A,233357,1420,1419,1699,1003,1,0.011137664
Warm A,226662,1374,1373,1699,1003,0,0.0066085984
Warm A,284002,1698,1697,1699,1003,1,0.021393336
Warm A,210740,1285,1284,1699,1003,0,0.013207679
Warm A,200502,1231,1230,1699,1003,0,0.005593218
Warm A,308488,1837,1836,1699,1003,0,0.013438148
Warm A,278889,1680,1679,1699,1003,0,0.01266945
Warm A,196865,1208,1207,1699,1003,1,0.0014897952
Warm A,294214,1749,1748,1699,1003,0,0.019858276
Warm A,226820,1376,1375,1699,1003,1,0.006958683
Warm A,184309,1147,1146,1699,1003,1,0.0053943843
Warm A,185062,1150,1149,1699,1003,1,0.018259827
Warm A,307306,1835,1834,1699,1003,1,0.015282886
Warm A,181421,1134,1133,1699,1003,1,0.005998701
Warm A,181254,1133,1132,1699,1003,0,0.007138598
Warm A,169370,1075,1074,1699,1003,1,0.0109701585
Warm A,168327,1069,1068,1699,1003,1,-0.0022799063
Warm A,166374,1059,1058,1699,1003,0,0.008821896
Warm A,167501,1067,1066,1699,1003,1,0.0027200524
Warm A,270400,1636,1635,1699,1003,0,0.015029759
Warm A,169527,1077,1076,1699,1003,1,0.017318677
Warm A,159929,1019,1018,1699,1003,0,0.014700443
Warm A,150029,966,965,1699,1003,0,0.0059107924
Warm A,148692,957,956,1699,1003,1,0.013985094
Warm A,267890,1628,1627,1699,1003,0,0.012654576
Warm A,143834,928,927,1699,1003,0,0.012385388
Warm A,138005,889,888,1699,1003,1,0.017699309
Warm A,136400,881,880,1699,1003,0,0.011746324
Warm A,117892,760,759,1699,1003,1,0.013659768
Warm A,123087,795,794,1699,1003,0,0.012072532
Warm A,107295,706,705,1699,1003,1,0.013066658
Warm A,89552,590,589,1699,1003,1,0.011030612
Warm A,88437,584,583,1699,1003,0,0.0030094893
Warm A,78905,530,529,1699,1003,1,5.7883095e-05
Warm A,77330,524,523,1699,1003,1,0.019608147
Warm A,74313,507,506,1699,1003,1,0.0036754415
Warm A,47958,321,320,1699,1003,1,-0.0008866016
Warm A,41453,281,280,1699,1003,1,0.013863584
Warm A,111413,725,724,1699,1003,1,0.0044611255
Warm A,33495,225,224,1699,1003,0,0.013562803
Warm A,199823,1227,1226,1699,1003,1,0.013038402
Warm A,21999,161,160,1699,1003,1,0.00499762
Warm A,451715,2781,2780,1699,1003,1,0.003971373
Warm A,18306,142,141,1699,1003,0,0.017635494
Warm A,17498,136,135,1699,1003,1,0.015862782
Warm A,9949,69,68,1699,1003,0,0.0071903784
Warm A,223417,1354,1353,1699,1003,1,0.011207353
Warm A,4305,33,32,1699,1003,0,0.0070009995
Warm A,129285,839,838,1699,1003,1,0.010317369
Warm A,893264,5394,5393,1699,1003,1,0.012592422
Warm A,460601,2841,2840,1699,1003,1,0.0068325773
Warm A,157963,1015,1014,1699,1003,1,0.018061604
Warm A,750617,4478,4477,1699,1003,0,0.024257507
Warm A,553822,3410,3409,1699,1003,0,0.013875628
Warm A,304763,1812,1811,1699,1003,0,0.0152899455
Warm A,565465,3475,3474,1699,1003,0,0.0004780125
Warm A,24356,173,172,1699,1003,0,0.0068624523
Warm A,772886,4607,4606,1699,1003,1,0.018674761
Warm A,176810,1117,1116,1699,1003,0,0.012202223
Warm A,164392,1051,1050,1699,1003,0,0.01588288
Warm A,484917,2986,2985,1699,1003,0,0.013548598
Warm A,212024,1291,1290,1699,1003,1,0.015507022
Warm A,796280,4771,4770,1699,1003,0,0.011903939
Warm A,937366,5654,5653,1699,1003,1,0.019157803
Warm A,60601,411,410,1703,1006,0,0.0009336106
Warm A,331717,1958,1957,1703,1006,0,0.013884755
Warm A,658434,3967,3966,1707,1008,0,0.012514379
Warm A,575430,3519,3518,1707,1008,0,0.019012436
Warm A,554527,3411,3410,1707,1008,0,0.0059983954
Warm A,541058,3328,3327,1707,1008,0,0.00974048
Warm A,537269,3311,3310,1707,1008,0,0.010305232
Warm A,536098,3308,3307,1707,1008,0,0.015028936
Warm A,539965,3320,3319,1707,1008,0,0.0086424155
Warm A,520082,3208,3207,1707,1008,0,0.011015513
Warm A,514970,3180,3179,1707,1008,0,0.018082045
Warm A,494273,3032,3031,1707,1008,1,0.0151667595
Warm A,488713,3007,3006,1707,1008,0,0.009168806
Warm A,487590,2999,2998,1707,1008,1,0.0032025343
Warm A,476105,2923,2922,1707,1008,0,0.014067934
Warm A,472686,2907,2906,1707,1008,0,0.017148893
Warm A,470444,2896,2895,1707,1008,0,0.012308273
Warm A,456512,2810,2809,1707,1008,0,0.009876237
Warm A,448954,2767,2766,1707,1008,0,-0.0017657949
Warm A,441705,2712,2711,1707,1008,0,0.0065026917
Warm A,453277,2792,2791,1707,1008,0,-0.0007644237
Warm A,423479,2566,2565,1707,1008,0,0.002599822
Warm A,420506,2541,2540,1707,1008,1,0.0063623977
Warm A,405632,2430,2429,1707,1008,0,-0.0038504552
Warm A,399545,2378,2377,1707,1008,0,0.008467104
Warm A,398540,2371,2370,1707,1008,1,0.0025044447
Warm A,393556,2316,2315,1707,1008,0,0.010625175
Warm A,392303,2304,2303,1707,1008,1,0.010996106
Warm A,390062,2288,2287,1707,1008,0,0.013125624
Warm A,370527,2166,2165,1707,1008,0,0.011554325
Warm A,365237,2125,2124,1707,1008,1,-0.009242695
Warm A,356000,2085,2084,1707,1008,0,0.00619984
Warm A,361738,2109,2108,1707,1008,0,0.009948486
Warm A,340739,2010,2009,1707,1008,0,0.014180118
Warm A,341667,2012,2011,1707,1008,0,0.015467791
Warm A,343687,2018,2017,1707,1008,0,0.0060673384
Warm A,297582,1764,1763,1707,1008,0,0.016291939
Warm A,264662,1609,1608,1707,1008,0,0.015310423
Warm A,360899,2106,2105,1707,1008,0,0.015152417
Warm A,228360,1383,1382,1707,1008,0,0.006856039
Warm A,224226,1356,1355,1707,1008,0,0.009597099
Warm A,227209,1377,1376,1707,1008,0,0.019950733
Warm A,212977,1297,1296,1707,1008,0,0.00669284
Warm A,213543,1298,1297,1707,1008,0,0.008421138
Warm A,199750,1225,1224,1707,1008,0,0.009544409
Warm A,279481,1680,1679,1707,1008,0,0.013128666
Warm A,248415,1499,1498,1707,1008,1,0.009640549
Warm A,328312,1941,1940,1707,1008,0,0.0057698656
Warm A,173727,1100,1099,1707,1008,0,0.017039182
Warm A,227656,1380,1379,1707,1008,0,0.009798404
Warm A,342590,2015,2014,1707,1008,0,0.020180063
Warm A,155942,1004,1003,1707,1008,0,0.013436469
Warm A,165488,1054,1053,1707,1008,1,0.005826031
Warm A,156998,1010,1009,1707,1008,0,0.014606476
Warm A,136692,881,880,1707,1008,0,0.0038445834
Warm A,248894,1501,1500,1707,1008,0,0.01115811
Warm A,121202,780,779,1707,1008,0,0.0153185185
Warm A,216452,1314,1313,1707,1008,0,0.0030169021
Warm A,106153,699,698,1707,1008,0,0.025690105
Warm A,109344,714,713,1707,1008,0,0.006097079
Warm A,93832,629,628,1707,1008,1,0.012173731
Warm A,83262,549,548,1707,1008,0,0.014898861
Warm A,84297,550,549,1707,1008,0,0.0044108666
Warm A,299691,1778,1777,1707,1008,0,0.01498515
Warm A,73133,494,493,1707,1008,1,0.010808144
Warm A,70832,476,475,1707,1008,0,0.010140685
Warm A,68776,461,460,1707,1008,0,0.020736204
Warm A,87092,569,568,1707,1008,1,0.0035511076
Warm A,65435,438,437,1707,1008,0,0.00994582
Warm A,58314,393,392,1707,1008,0,0.0031898872
Warm A,74929,509,508,1707,1008,0,0.025041096
Warm A,240226,1449,1448,1707,1008,0,0.023177389
Warm A,46416,310,309,1707,1008,0,0.0124541065
Warm A,44352,302,301,1707,1008,0,0.005809727
Warm A,41718,284,283,1707,1008,0,0.0049450733
Warm A,31492,214,213,1707,1008,0,0.012071168
Warm A,291497,1737,1736,1707,1008,0,0.0054708654
Warm A,300425,1780,1779,1707,1008,0,0.011981317
Warm A,15012,119,118,1707,1008,1,0.00076892227
Warm A,10481,75,74,1707,1008,1,0.007207184
Warm A,49276,329,328,1707,1008,0,0.018028148
Warm A,9539,63,62,1707,1008,0,0.00024856918
Warm A,19296,148,147,1707,1008,0,0.003437568
Warm A,552449,3401,3400,1707,1008,0,0.010219456
Warm A,954332,5761,5760,1707,1008,0,0.0054029147
Warm A,386115,2258,2257,1707,1008,0,0.0075280033
Warm A,363158,2116,2115,1707,1008,1,0.015813224
Warm A,79509,531,530,1707,1008,0,0.012983032
Warm A,489677,3013,3012,1707,1008,0,0.0022377572
Warm A,45852,308,307,1707,1008,0,0.019216476
Warm A,336066,1980,1979,1707,1008,0,0.025899272
Warm A,473793,2909,2908,1707,1008,0,0.015405793
Warm A,178682,1121,1120,1707,1008,0,0.01579777
Warm A,941745,5682,5681,1707,1008,0,0.011740694
Warm A,193742,1194,1193,1707,1008,0,0.009306844
Warm A,178207,1120,1119,1707,1008,0,0.016698645
Warm A,580030,3540,3539,1726,1015,0,0.003731301
Warm A,509863,3140,3139,1726,1015,0,-0.0011697009
Warm A,504835,3106,3105,1726,1015,0,-0.0013532325
Warm A,483973,2976,2975,1726,1015,0,0.015120851
Warm A,474752,2913,2912,1726,1015,1,-0.00036264595
Warm A,470756,2898,2897,1726,1015,0,0.008820621
Warm A,473847,2909,2908,1726,1015,0,0.0007907103
Warm A,646753,3892,3891,1726,1015,0,0.01605835
Warm A,468533,2887,2886,1726,1015,0,0.0011569544
Warm A,463886,2859,2858,1726,1015,0,0.0011606158
Warm A,456092,2808,2807,1726,1015,0,0.012091853
Warm A,451009,2777,2776,1726,1015,0,-0.0020313845
Warm A,449007,2768,2767,1726,1015,0,0.0056411484
Warm A,444738,2743,2742,1726,1015,1,0.010084498
Warm A,443890,2737,2736,1726,1015,0,0.009279295
Warm A,442446,2724,2723,1726,1015,1,0.002831267
Warm A,430817,2626,2625,1726,1015,1,0.0013505293
Warm A,430129,2621,2620,1726,1015,0,0.0075017735
Warm A,409256,2456,2455,1726,1015,0,0.006763337
Warm A,398288,2368,2367,1726,1015,1,0.0013720971
Warm A,392332,2304,2303,1726,1015,1,0.011465674
Warm A,436557,2665,2664,1726,1015,0,0.0009680218
Warm A,381366,2230,2229,1726,1015,0,0.0033056084
Warm A,368436,2153,2152,1726,1015,1,0.0064716944
Warm A,368857,2156,2155,1726,1015,0,-0.008304518
Warm A,366224,2131,2130,1726,1015,1,-0.0006766408
Warm A,301814,1793,1792,1726,1015,0,0.008710067
Warm A,240805,1450,1449,1726,1015,0,0.006246052
Warm A,325484,1926,1925,1726,1015,1,-0.0024189516
Warm A,219938,1333,1332,1726,1015,0,0.0037237452
Warm A,226400,1370,1369,1726,1015,0,-0.0013469021
Warm A,279547,1680,1679,1726,1015,0,0.0064555574
Warm A,342617,2015,2014,1726,1015,1,-0.0027404795
Warm A,168553,1069,1068,1726,1015,0,0.011108849
Warm A,191154,1181,1180,1726,1015,1,0.01074582
Warm A,175641,1112,1111,1726,1015,0,0.0027562603
Warm A,167224,1064,1063,1726,1015,1,0.005937515
Warm A,153161,984,983,1726,1015,0,0.0045849364
Warm A,249292,1502,1501,1726,1015,1,-0.004082995
Warm A,136716,881,880,1726,1015,0,0.0021307822
Warm A,116379,752,751,1726,1015,0,-0.0053213444
Warm A,113051,733,732,1726,1015,0,0.0017149979
Warm A,120496,777,776,1726,1015,0,0.0037711777
Warm A,109861,716,715,1726,1015,1,0.0045623626
Warm A,121215,780,779,1726,1015,0,0.009632625
Warm A,108118,710,709,1726,1015,0,0.0051382054
Warm A,106177,699,698,1726,1015,1,0.012113748
Warm A,100914,673,672,1726,1015,0,0.012230051
Warm A,200093,1228,1227,1726,1015,0,-0.002417935
Warm A,177058,1117,1116,1726,1015,0,0.0076064817
Warm A,91460,605,604,1726,1015,1,0.0029316328
Warm A,81782,543,542,1726,1015,1,-0.0008497946
Warm A,239099,1448,1447,1726,1015,1,1.912238e-06
Warm A,72172,482,481,1726,1015,0,0.008399531
Warm A,68797,461,460,1726,1015,0,0.004983519
Warm A,67210,452,451,1726,1015,0,0.011244027
Warm A,240266,1449,1448,1726,1015,0,-0.004296433
Warm A,53629,352,351,1726,1015,1,0.0028921966
Warm A,355617,2082,2081,1726,1015,0,-0.010035183
Warm A,37365,255,254,1726,1015,1,-0.00012504682
Warm A,36385,245,244,1726,1015,0,0.0015313147
Warm A,34106,230,229,1726,1015,1,0.008650467
Warm A,19324,148,147,1726,1015,1,0.000824678
Warm A,796354,4771,4770,1726,1015,1,0.0004176586
Warm A,7636,53,52,1726,1015,0,0.0071889423
Warm A,30457,204,203,1726,1015,0,0.0016727839
Warm A,104424,692,691,1726,1015,0,0.0033318766
Warm A,50066,331,330,1726,1015,0,0.004214961
Warm A,65450,438,437,1726,1015,1,0.014490198
Warm A,238062,1447,1446,1726,1015,0,0.008792279
Warm A,28056,195,194,1726,1015,1,-0.000971911
Warm A,376426,2195,2194,1726,1015,1,0.012902763
Warm A,195578,1203,1202,1726,1015,0,0.003797339
Warm A,720554,4312,4311,1726,1015,0,0.0038156193
Warm A,257780,1579,1578,1726,1015,0,0.0019885292
Warm A,178232,1120,1119,1726,1015,0,-0.0056564063
Warm A,62118,419,418,1726,1015,0,-0.0071397987
Warm A,653621,3940,3939,1730,1018,0,0.00652383
Warm A,645872,3887,3886,1730,1018,1,0.0047609014
Warm A,642816,3868,3867,1730,1018,1,0.0098867975
Warm A,642204,3862,3861,1730,1018,1,0.009964366
Warm A,632535,3823,3822,1730,1018,1,0.0038810798
Warm A,619257,3752,3751,1730,1018,1,-0.0032793595
Warm A,607742,3688,3687,1730,1018,1,0.0026748283
Warm A,572299,3507,3506,1730,1018,1,0.013640745
Warm A,644232,3882,3881,1730,1018,1,0.00046120828
Warm A,568774,3490,3489,1730,1018,1,0.005724502
Warm A,804529,4816,4815,1730,1018,1,0.008652076
Warm A,714017,4277,4276,1730,1018,1,0.012913751
Warm A,565018,3473,3472,1730,1018,1,0.009782644
Warm A,561281,3453,3452,1730,1018,1,0.0038361107
Warm A,546893,3371,3370,1730,1018,1,0.011569464
Warm A,545507,3364,3363,1730,1018,0,-0.00076590176
Warm A,748932,4471,4470,1730,1018,0,0.004700481
Warm A,532839,3291,3290,1730,1018,0,0.0050366726
Warm A,521159,3216,3215,1730,1018,1,-0.00059290556
Warm A,522743,3224,3223,1730,1018,0,0.0018847061
Warm A,519554,3205,3204,1730,1018,0,0.007817206
Warm A,509009,3131,3130,1730,1018,1,0.0070889834
Warm A,481306,2957,2956,1730,1018,1,0.016653778
Warm A,478168,2934,2933,1730,1018,0,0.012070763
Warm A,477532,2931,2930,1730,1018,0,0.0016368004
Warm A,697566,4169,4168,1730,1018,1,0.010853532
Warm A,484243,2979,2978,1730,1018,1,0.0072274646
Warm A,870563,5256,5255,1730,1018,0,0.008467155
Warm A,468543,2887,2886,1730,1018,1,0.0021927916
Warm A,465401,2870,2869,1730,1018,0,0.005317861
Warm A,460771,2841,2840,1730,1018,1,0.007423461
Warm A,421105,2544,2543,1730,1018,0,0.012755991
Warm A,413439,2486,2485,1730,1018,0,0.0070587024
Warm A,401906,2398,2397,1730,1018,1,0.0038327982
Warm A,399922,2380,2379,1730,1018,1,0.0084497845
Warm A,390735,2293,2292,1730,1018,1,0.010685307
Warm A,386395,2259,2258,1730,1018,1,0.006943039
Warm A,364865,2124,2123,1730,1018,1,0.015474193
Warm A,323226,1916,1915,1730,1018,0,0.0067630773
Warm A,309948,1843,1842,1730,1018,0,0.0019801585
Warm A,306718,1829,1828,1730,1018,0,0.004870034
Warm A,315404,1880,1879,1730,1018,1,0.011490157
Warm A,279575,1680,1679,1730,1018,1,0.010941818
Warm A,274459,1658,1657,1730,1018,0,0.004619422
Warm A,269143,1632,1631,1730,1018,0,0.0048154145
Warm A,245839,1484,1483,1730,1018,1,0.008977887
Warm A,631689,3821,3820,1730,1018,1,-0.0028651683
Warm A,319450,1897,1896,1730,1018,0,0.008228934
Warm A,221471,1340,1339,1730,1018,0,0.016210679
Warm A,209512,1279,1278,1730,1018,1,0.01079856
Warm A,308771,1837,1836,1730,1018,1,0.019201456
Warm A,219950,1333,1332,1730,1018,0,0.009367202
Warm A,177631,1119,1118,1730,1018,1,0.008319304
Warm A,172380,1090,1089,1730,1018,1,0.0126582505
Warm A,168563,1069,1068,1730,1018,1,-0.002351046
Warm A,191171,1181,1180,1730,1018,0,0.01606838
Warm A,214974,1303,1302,1730,1018,0,0.027615137
Warm A,162705,1038,1037,1730,1018,1,0.0034543416
Warm A,153173,984,983,1730,1018,1,0.011344648
Warm A,148364,955,954,1730,1018,0,0.0039030802
Warm A,195591,1203,1202,1730,1018,1,0.00467405
Warm A,143914,928,927,1730,1018,0,0.005035681
Warm A,157040,1010,1009,1730,1018,0,0.0014633831
Warm A,138537,889,888,1730,1018,0,0.009338323
Warm A,136730,881,880,1730,1018,0,0.009779183
Warm A,554549,3411,3410,1730,1018,0,0.0060177133
Warm A,178245,1120,1119,1730,1018,1,0.005144371
Warm A,294977,1752,1751,1730,1018,0,0.0027434032
Warm A,284335,1698,1697,1730,1018,1,0.0062735723
Warm A,89605,590,589,1730,1018,1,0.008355357
Warm A,239119,1448,1447,1730,1018,1,-0.0031842752
Warm A,84334,550,549,1730,1018,0,0.0134124
Warm A,74957,509,508,1730,1018,1,-0.0025974873
Warm A,197391,1211,1210,1730,1018,1,0.016659629
Warm A,71422,480,479,1730,1018,1,7.0037786e-05
Warm A,67513,453,452,1730,1018,0,0.007974701
Warm A,240286,1449,1448,1730,1018,1,-0.00064073736
Warm A,53648,352,351,1730,1018,1,-0.0056783333
Warm A,333940,1969,1968,1730,1018,1,0.0043146694
Warm A,43607,300,299,1730,1018,0,0.0036733788
Warm A,58000,392,391,1730,1018,1,-0.0007066936
Warm A,38253,261,260,1730,1018,0,0.00916001
Warm A,35257,238,237,1730,1018,1,0.0075344136
Warm A,31997,216,215,1730,1018,1,0.013431303
Warm A,28074,195,194,1730,1018,1,0.0129807
Warm A,734702,4387,4386,1730,1018,1,0.004778656
Warm A,27114,192,191,1730,1018,1,-0.00016998756
Warm A,148798,957,956,1730,1018,0,0.0061173975
Warm A,21972,161,160,1730,1018,1,-0.0027625242
Warm A,9239,62,61,1730,1018,1,0.014332296
Warm A,665,8,7,1730,1018,1,0.0018357625
Warm A,399,5,4,1730,1018,1,0.0014360789
Warm A,223656,1354,1353,1730,1018,1,0.007821023
Warm A,42751,293,292,1730,1018,1,0.009237668
Warm A,235103,1425,1424,1730,1018,0,0.0012688048
Warm A,129549,839,838,1730,1018,1,0.009487827
Warm A,986807,5956,5955,1730,1018,1,0.011490623
Warm A,158408,1015,1014,1730,1018,1,0.010045486
Warm A,326154,1930,1929,1730,1018,1,-0.0027588508
Warm A,823562,4950,4949,1730,1018,1,0.0014200374
Warm A,110925,721,720,1730,1018,0,0.010071909
Warm A,750686,4478,4477,1730,1018,1,0.017951906
Warm A,835205,5019,5018,1730,1018,1,0.0062696403
Warm A,317819,1889,1888,1730,1018,1,0.0035866792
Warm A,541673,3333,3332,1730,1018,0,0.0037667367
Warm A,229350,1389,1388,1730,1018,1,0.00426609
Warm A,191920,1182,1181,1730,1018,1,0.0033143102
Warm A,117200,755,754,1730,1018,1,0.0030001
Warm A,285398,1701,1700,1730,1018,1,0.013555798
Warm A,657601,3963,3962,1730,1018,1,0.014237195
Warm A,342636,2015,2014,1730,1018,0,0.0060590603
Warm A,538041,3312,3311,1730,1018,0,0.016200114
Warm A,187720,1164,1163,1730,1018,1,0.01328894
Warm A,322525,1912,1911,1730,1018,0,0.006764571
Warm A,116398,752,751,1730,1018,1,0.0059542335
Warm A,790819,4728,4727,1730,1018,0,0.012624261
Warm A,19342,148,147,1731,1019,1,-0.008299389
Warm A,28076,195,194,1731,1019,0,-0.00642847
Warm A,63138,424,423,1731,1019,0,-0.0035399501
Warm A,718983,4305,4304,1731,1019,0,-0.01056971
Warm A,44975,303,302,1733,1021,0,0.0037813475
Warm A,61250,412,411,1733,1021,1,0.008588625
Warm A,27543,193,192,1733,1021,1,0.0027750828
Warm A,26376,187,186,1733,1021,0,0.00454212
Warm A,34695,235,234,1733,1021,1,0.013320013
Warm A,6420,45,44,1733,1021,0,0.0019267318
Warm A,4995,35,34,1733,1021,1,0.004153982
Warm A,405,5,4,1733,1021,0,-0.0014137065
Warm A,20726,151,150,1733,1021,0,0.008963615
Warm A,485166,2986,2985,1733,1021,1,0.007983784
Warm A,158410,1015,1014,1733,1021,0,0.0046413452
Warm A,76400,518,517,1733,1021,0,0.004658407
Warm A,778304,4647,4646,1733,1021,1,0.0019081268
Warm A,502952,3087,3086,1733,1021,1,0.00039021892
Warm A,102424,678,677,1733,1021,0,0.0039074663
Warm A,222617,1347,1346,1733,1021,0,-0.007410545
Warm A,50085,331,330,1733,1021,0,0.0049498547
Warm A,739578,4418,4417,1733,1021,0,0.006681154
Warm A,305020,1812,1811,1733,1021,1,0.00314361
Warm A,322526,1912,1911,1733,1021,0,-0.0011634254
Warm A,263488,1605,1604,1733,1021,0,0.016032083
Warm A,193777,1194,1193,1733,1021,0,-1.2526289e-06
Warm A,184067,1146,1145,1744,1024,0,0.003493357
Warm A,249303,1502,1501,1744,1024,0,0.01277573
Warm A,145422,935,934,1744,1024,0,-0.009426032
Warm A,106204,699,698,1744,1024,0,0.011872489
Warm A,81798,543,542,1744,1024,1,0.007170888
Warm A,50864,335,334,1744,1024,0,0.010523146
Warm A,626935,3792,3791,1744,1024,0,0.008387752
Warm A,29166,199,198,1744,1024,1,0.0027474524
Warm A,291554,1737,1736,1744,1024,1,-0.0023931223
Warm A,22478,163,162,1744,1024,0,0.0076546776
Warm A,27138,192,191,1744,1024,0,0.008737825
Warm A,150687,970,969,1744,1024,0,0.013323639
Warm A,288483,1723,1722,1744,1024,1,0.021050021
Warm A,363224,2116,2115,1744,1024,0,0.023308735
Warm A,145863,937,936,1744,1024,0,0.0035778177
Warm A,331777,1958,1957,1744,1024,0,0.013258726
Warm A,714033,4277,4276,1744,1024,0,0.008644966
Warm A,52144,343,342,1750,1027,1,0.001767895
Warm A,242372,1463,1462,1750,1027,0,0.0040307124
Warm A,206416,1265,1264,1750,1027,0,0.007074168
Warm A,578542,3536,3535,1753,1029,0,0.010034776
Warm A,577354,3526,3525,1753,1029,0,0.011909146
Warm A,579554,3539,3538,1753,1029,1,0.013588963
Warm A,572318,3507,3506,1753,1029,0,0.010606778
Warm A,572923,3509,3508,1753,1029,0,0.007836773
Warm A,659213,3971,3970,1753,1029,1,0.004852284
Warm A,561291,3453,3452,1753,1029,0,0.009088367
Warm A,563155,3464,3463,1753,1029,0,0.0064058076
Warm A,542345,3336,3335,1753,1029,0,0.010346871
Warm A,538056,3312,3311,1753,1029,0,0.0014354722
Warm A,537335,3311,3310,1753,1029,0,0.0056680506
Warm A,536552,3309,3308,1753,1029,1,-0.0027536047
Warm A,533973,3295,3294,1753,1029,1,0.0013299388
Warm A,584779,3569,3568,1753,1029,1,0.0017045827
Warm A,531166,3280,3279,1753,1029,0,0.0037355344
Warm A,519822,3207,3206,1753,1029,1,0.0023657524
Warm A,575465,3519,3518,1753,1029,0,0.012024878
Warm A,517683,3195,3194,1753,1029,1,0.004733515
Warm A,515607,3182,3181,1753,1029,1,0.007275204
Warm A,515002,3180,3179,1753,1029,0,0.0027696874
Warm A,574845,3518,3517,1753,1029,0,0.0033548232
Warm A,506223,3114,3113,1753,1029,0,0.0014685157
Warm A,483978,2976,2975,1753,1029,1,0.010291681
Warm A,567613,3483,3482,1753,1029,0,0.0037234542
Warm A,468993,2888,2887,1753,1029,1,0.0048020044
Warm A,470467,2896,2895,1753,1029,0,0.005093815
Warm A,467992,2885,2884,1753,1029,0,0.008083977
Warm A,458114,2820,2819,1753,1029,1,0.0062350817
Warm A,487138,2996,2995,1753,1029,0,0.004852648
Warm A,477536,2931,2930,1753,1029,1,0.009750202
Warm A,453294,2792,2791,1753,1029,0,0.009287839
Warm A,564583,3471,3470,1753,1029,0,0.009864145
Warm A,436586,2665,2664,1753,1029,0,0.008598774
Warm A,414297,2494,2493,1753,1029,1,-0.0017071924
Warm A,412918,2484,2483,1753,1029,0,-1.1796597e-05
Warm A,401016,2389,2388,1753,1029,1,0.013213954
Warm A,370540,2166,2165,1753,1029,1,0.007822374
Warm A,382516,2235,2234,1753,1029,1,-0.00055104354
Warm A,367973,2148,2147,1753,1029,1,-0.003908488
Warm A,368868,2156,2155,1753,1029,1,0.003493295
Warm A,352113,2063,2062,1753,1029,1,0.0065767597
Warm A,342658,2015,2014,1753,1029,1,-0.0045076245
Warm A,345857,2029,2028,1753,1029,1,0.004780249
Warm A,340809,2010,2009,1753,1029,1,0.0064853914
Warm A,333950,1969,1968,1753,1029,1,0.0029429118
Warm A,309341,1841,1840,1753,1029,0,-0.00040570786
Warm A,298723,1774,1773,1753,1029,0,-0.0067295097
Warm A,290807,1735,1734,1753,1029,1,0.0024906092
Warm A,297630,1764,1763,1753,1029,1,0.0013820576
Warm A,301339,1790,1789,1753,1029,1,0.0013972744
Warm A,310156,1845,1844,1753,1029,0,-0.0033083581
Warm A,274467,1658,1657,1753,1029,1,0.00017483905
Warm A,271518,1641,1640,1753,1029,0,0.00025586598
Warm A,279624,1680,1679,1753,1029,0,0.000117669115
Warm A,273758,1650,1649,1753,1029,0,0.01129362
Warm A,268059,1628,1627,1753,1029,0,-0.00052412506
Warm A,266466,1616,1615,1753,1029,1,0.0070272526
Warm A,251348,1517,1516,1753,1029,0,0.005837234
Warm A,247811,1496,1495,1753,1029,0,-0.007426017
Warm A,260696,1593,1592,1753,1029,0,0.011543676
Warm A,243284,1466,1465,1753,1029,1,-0.004104654
Warm A,236453,1434,1433,1753,1029,0,0.0062362007
Warm A,270096,1635,1634,1753,1029,0,0.0021698452
Warm A,296860,1759,1758,1753,1029,1,0.009817237
Warm A,285815,1705,1704,1753,1029,0,-0.005641118
Warm A,277856,1676,1675,1753,1029,0,0.006670794
Warm A,250461,1509,1508,1753,1029,0,0.010608358
Warm A,205379,1263,1262,1753,1029,1,-0.0012022355
Warm A,294400,1749,1748,1753,1029,0,0.00343324
Warm A,186180,1151,1150,1753,1029,1,0.0019014812
Warm A,183603,1142,1141,1753,1029,0,0.0028780529
Warm A,185533,1150,1149,1753,1029,0,0.0021629012
Warm A,181473,1134,1133,1753,1029,0,-0.005383836
Warm A,174259,1101,1100,1753,1029,0,0.0023312736
Warm A,176105,1113,1112,1753,1029,1,0.010812805
Warm A,167969,1068,1067,1753,1029,0,0.000343889
Warm A,170285,1084,1083,1753,1029,1,0.0022486257
Warm A,272298,1645,1644,1753,1029,0,-0.0006900474
Warm A,230597,1395,1394,1753,1029,1,0.009377725
Warm A,203208,1246,1245,1753,1029,0,0.0028619156
Warm A,195608,1203,1202,1753,1029,0,0.008441773
Warm A,136758,881,880,1753,1029,1,0.003111836
Warm A,407357,2446,2445,1753,1029,1,-0.0018276209
Warm A,116884,753,752,1753,1029,0,0.00089197326
Warm A,109376,714,713,1753,1029,0,0.0025267922
Warm A,329462,1943,1942,1753,1029,0,0.007439943
Warm A,90727,601,600,1753,1029,0,0.008355997
Warm A,86745,566,565,1753,1029,0,0.0021861033
Warm A,291559,1737,1736,1753,1029,0,0.0021123798
Warm A,83348,549,548,1753,1029,1,0.006569667
Warm A,81803,543,542,1753,1029,1,-0.0010925806
Warm A,74972,509,508,1753,1029,0,0.0076910816
Warm A,80303,533,532,1753,1029,0,0.006885425
Warm A,72203,482,481,1753,1029,0,0.010684045
Warm A,65474,438,437,1753,1029,1,0.0070453472
Warm A,251211,1516,1515,1753,1029,0,0.0019880002
Warm A,132576,855,854,1753,1029,0,0.008356754
Warm A,44469,302,301,1753,1029,0,0.008086523
Warm A,355625,2082,2081,1753,1029,1,-0.006439371
Warm A,39983,271,270,1753,1029,0,0.0008897716
Warm A,40720,273,272,1753,1029,0,-0.008443466
Warm A,33471,225,224,1753,1029,0,0.0011111621
Warm A,273119,1647,1646,1753,1029,1,0.0005741543
Warm A,27698,194,193,1753,1029,1,0.005676965
Warm A,27151,192,191,1753,1029,0,-0.00022876274
Warm A,21017,152,151,1753,1029,1,-0.000112710986
Warm A,2251,19,18,1753,1029,0,-0.0022077993
Warm A,219252,1329,1328,1753,1029,0,0.0072469413
Warm A,108156,710,709,1753,1029,0,0.008630197
Warm A,1200,11,10,1753,1029,1,-0.005036625
Warm A,106522,701,700,1753,1029,0,0.002817811
Warm A,355053,2077,2076,1753,1029,1,0.011889599
Warm A,893426,5394,5393,1753,1029,0,-0.005247084
Warm A,365515,2127,2126,1753,1029,0,0.005687287
Warm A,363233,2116,2115,1753,1029,1,0.0049091643
Warm A,750691,4478,4477,1753,1029,0,0.0065091867
Warm A,238100,1447,1446,1753,1029,1,0.005694026
Warm A,829196,4979,4978,1753,1029,0,0.009239841
Warm A,846114,5084,5083,1753,1029,1,0.013874454
Warm A,317834,1889,1888,1753,1029,0,0.010821106
Warm A,714041,4277,4276,1753,1029,0,0.0026984802
Warm A,263512,1605,1604,1753,1029,0,-0.0024479153
Warm A,757841,4508,4507,1753,1029,0,0.0056199646
Warm A,927973,5605,5604,1753,1029,0,0.011558746
Warm A,599372,3648,3647,1753,1029,1,0.005146582
Warm A,309703,1842,1841,1753,1029,0,0.0048136297
Warm A,23659,169,168,1753,1029,0,0.0065905186
Warm A,565691,3475,3474,1753,1029,0,-0.00065936754
Warm A,134454,869,868,1753,1029,0,0.008186615
Warm A,921145,5565,5564,1753,1029,0,0.0031782896
Warm A,458721,2824,2823,1753,1029,1,0.0029799957
Warm A,771896,4600,4599,1753,1029,0,0.0031744568
Warm A,160247,1019,1018,1753,1029,0,-0.0065052668
Warm A,628781,3807,3806,1753,1029,0,0.00848438
Warm A,401665,2395,2394,1753,1029,0,0.003685061
Warm A,63166,424,423,1753,1029,0,-0.0015389565
Warm A,52999,349,348,1753,1029,0,0.0017845486
Warm A,331782,1958,1957,1753,1029,0,0.0075462703
Warm A,580042,3540,3539,1758,1031,1,0.010266829
Warm A,402423,2402,2401,1758,1031,1,0.005989287
Warm A,397883,2361,2360,1758,1031,1,0.0018289266
Warm A,363239,2116,2115,1758,1031,0,0.00558322
Warm A,315426,1880,1879,1758,1031,1,0.0032094924
Warm A,271021,1639,1638,1758,1031,1,0.0011862179
Warm A,262810,1603,1602,1758,1031,1,0.0064079342
Warm A,242913,1465,1464,1758,1031,1,0.010125201
Warm A,325508,1926,1925,1758,1031,1,0.0012472572
Warm A,210247,1284,1283,1758,1031,1,0.0019642091
Warm A,209522,1279,1278,1758,1031,0,0.0020085745
Warm A,201681,1242,1241,1758,1031,1,0.0034601288
Warm A,200553,1231,1230,1758,1031,0,0.0077572768
Warm A,168577,1069,1068,1758,1031,0,0.0016514414
Warm A,143719,927,926,1758,1031,1,0.0005008746
Warm A,142474,919,918,1758,1031,1,0.0007916726
Warm A,130387,845,844,1758,1031,0,0.009292833
Warm A,263517,1605,1604,1758,1031,1,0.0064524096
Warm A,305040,1812,1811,1758,1031,1,0.009019024
Warm A,106211,699,698,1758,1031,0,0.014329605
Warm A,116424,752,751,1758,1031,0,0.0045961593
Warm A,631704,3821,3820,1758,1031,0,0.0087228995
Warm A,87307,570,569,1758,1031,1,0.0072275195
Warm A,85634,558,557,1758,1031,0,0.005456102
Warm A,84837,551,550,1758,1031,1,0.0115915015
Warm A,72966,493,492,1758,1031,1,0.009512562
Warm A,113878,738,737,1758,1031,1,-0.004176729
Warm A,58959,401,400,1758,1031,1,0.0031937072
Warm A,155452,1001,1000,1758,1031,1,0.010862674
Warm A,734714,4387,4386,1758,1031,1,0.0058365893
Warm A,223675,1354,1353,1758,1031,1,0.0051640663
Warm A,207012,1266,1265,1758,1031,0,0.006027923
Warm A,79577,531,530,1758,1031,1,0.014283757
Warm A,883458,5333,5332,1758,1031,1,0.005153764
Warm A,893429,5394,5393,1758,1031,1,0.01268415
Warm A,608677,3691,3690,1758,1031,1,0.012560176
Warm A,665277,4005,4004,1758,1031,1,0.008334047
Warm A,102449,678,677,1758,1031,1,0.008022025
Warm A,714046,4277,4276,1758,1031,1,0.0133086005
Warm A,229358,1389,1388,1758,1031,1,0.008601335
Warm A,686601,4107,4106,1760,1032,0,-0.013295086
Warm A,653044,3935,3934,1760,1032,0,0.0035272194
Warm A,661351,3988,3987,1760,1032,0,0.0035107855
Warm A,642491,3865,3864,1760,1032,0,-0.002248978
Warm A,642828,3868,3867,1760,1032,1,0.0013950065
Warm A,629701,3808,3807,1760,1032,0,0.0019318289
Warm A,638408,3841,3840,1760,1032,0,0.0100726625
Warm A,622275,3768,3767,1760,1032,0,-0.0011859805
Warm A,620042,3756,3755,1760,1032,0,-0.0015658138
Warm A,614873,3724,3723,1760,1032,0,0.0006345267
Warm A,613363,3716,3715,1760,1032,0,0.005733505
Warm A,612972,3715,3714,1760,1032,0,-0.0058763362
Warm A,612070,3710,3709,1760,1032,0,0.0021203207
Warm A,608363,3690,3689,1760,1032,0,-0.0006034053
Warm A,626954,3792,3791,1760,1032,0,-0.00031885586
Warm A,604406,3675,3674,1760,1032,0,0.014028363
Warm A,611584,3706,3705,1760,1032,0,0.0035145006
Warm A,636425,3834,3833,1760,1032,0,0.0016721247
Warm A,606638,3683,3682,1760,1032,0,0.003708813
Warm A,616260,3729,3728,1760,1032,0,0.013233911
Warm A,585782,3576,3575,1760,1032,0,0.0033181447
Warm A,579568,3539,3538,1760,1032,1,-0.0013972288
Warm A,561071,3452,3451,1760,1032,0,0.0017067874
Warm A,555893,3416,3415,1760,1032,0,0.004135185
Warm A,658467,3967,3966,1760,1032,0,-0.001632334
Warm A,577370,3526,3525,1760,1032,0,0.0063051195
Warm A,546909,3371,3370,1760,1032,0,0.0043937583
Warm A,545784,3365,3364,1760,1032,0,0.0075529357
Warm A,537347,3311,3310,1760,1032,0,0.00029941672
Warm A,536153,3308,3307,1760,1032,0,0.0040073725
Warm A,785855,4697,4696,1760,1032,1,0.0004074101
Warm A,531175,3280,3279,1760,1032,0,-0.005202523
Warm A,538067,3312,3311,1760,1032,0,0.008241806
Warm A,540003,3320,3319,1760,1032,0,0.0021604279
Warm A,515616,3182,3181,1760,1032,0,0.00994854
Warm A,616690,3732,3731,1760,1032,0,0.011761494
Warm A,508743,3129,3128,1760,1032,0,0.00092674023
Warm A,494362,3032,3031,1760,1032,0,0.003067172
Warm A,492135,3026,3025,1760,1032,0,0.004005137
Warm A,474925,2914,2913,1760,1032,0,0.0013447441
Warm A,473916,2909,2908,1760,1032,0,0.012628289
Warm A,471894,2903,2902,1760,1032,0,0.009471308
Warm A,456545,2810,2809,1760,1032,0,0.0059742094
Warm A,445647,2748,2747,1760,1032,0,-0.001157234
Warm A,406481,2438,2437,1760,1032,0,0.0015894307
Warm A,399569,2378,2377,1760,1032,0,0.0027968516
Warm A,381725,2231,2230,1760,1032,0,0.002469539
Warm A,373528,2180,2179,1760,1032,0,0.0074141948
Warm A,436602,2665,2664,1760,1032,0,0.011266964
Warm A,356021,2085,2084,1760,1032,0,0.0046945917
Warm A,354572,2076,2075,1760,1032,0,0.003136299
Warm A,349017,2047,2046,1760,1032,0,0.0072889137
Warm A,352129,2063,2062,1760,1032,0,-0.0012253921
Warm A,347013,2035,2034,1760,1032,0,0.005426352
Warm A,340820,2010,2009,1760,1032,0,-0.00032839016
Warm A,295706,1755,1754,1760,1032,0,0.006839173
Warm A,286474,1711,1710,1760,1032,0,0.001438109
Warm A,259587,1587,1586,1760,1032,0,0.0067563173
Warm A,224275,1356,1355,1760,1032,0,-0.0009171604
Warm A,223681,1354,1353,1760,1032,1,0.0024502578
Warm A,220893,1339,1338,1760,1032,0,-0.001825338
Warm A,592092,3610,3609,1760,1032,0,0.006334181
Warm A,185557,1150,1149,1760,1032,0,0.005594346
Warm A,211178,1285,1284,1760,1032,0,0.012683481
Warm A,179206,1124,1123,1760,1032,0,0.009157844
Warm A,179736,1125,1124,1760,1032,0,0.00759261
Warm A,173763,1100,1099,1760,1032,0,-0.006796743
Warm A,331795,1958,1957,1760,1032,0,0.0071258536
Warm A,172947,1096,1095,1760,1032,0,0.0031705326
Warm A,167980,1068,1067,1760,1032,0,0.003567461
Warm A,189447,1173,1172,1760,1032,0,0.010238675
Warm A,221505,1340,1339,1760,1032,0,0.013224922
Warm A,360976,2106,2105,1760,1032,0,0.0052350797
Warm A,157083,1010,1009,1760,1032,0,-0.001144774
Warm A,139453,891,890,1760,1032,0,0.0040404852
Warm A,138594,889,888,1760,1032,0,0.012836566
Warm A,136776,881,880,1760,1032,0,-0.0045991736
Warm A,128781,836,835,1760,1032,0,-0.004364874
Warm A,332779,1962,1961,1760,1032,0,0.0003695783
Warm A,263525,1605,1604,1760,1032,0,0.0011463477
Warm A,124297,800,799,1760,1032,0,-0.00064688385
Warm A,160261,1019,1018,1760,1032,0,0.001424674
Warm A,117604,757,756,1760,1032,0,0.0064526005
Warm A,120520,777,776,1760,1032,0,-0.002953914
Warm A,109022,713,712,1760,1032,0,0.003967755
Warm A,177094,1117,1116,1760,1032,0,0.0058411052
Warm A,152327,980,979,1760,1032,0,0.0045971647
Warm A,329475,1943,1942,1760,1032,1,0.0038881763
Warm A,90735,601,600,1760,1032,0,0.0048509035
Warm A,86754,566,565,1760,1032,0,0.008893048
Warm A,77722,524,523,1760,1032,0,0.010262746
Warm A,299728,1778,1777,1760,1032,0,-0.0005718954
Warm A,87105,569,568,1760,1032,0,0.009674971
Warm A,74982,509,508,1760,1032,0,-0.0016489679
Warm A,57170,386,385,1760,1032,0,0.0016729485
Warm A,45193,305,304,1760,1032,0,0.016169418
Warm A,44493,302,301,1760,1032,0,-0.006953839
Warm A,41793,284,283,1760,1032,0,0.0076068593
Warm A,31522,214,213,1760,1032,0,-0.011978656
Warm A,33487,225,224,1760,1032,0,0.0071260585
Warm A,29825,202,201,1760,1032,0,0.0042725937
Warm A,291567,1737,1736,1760,1032,0,-0.0065143723
Warm A,300012,1779,1778,1760,1032,0,0.0034014652
Warm A,262812,1603,1602,1760,1032,0,0.0042066267
Warm A,17493,136,135,1760,1032,0,0.0014735125
Warm A,8475,58,57,1760,1032,0,0.008611333
Warm A,7704,53,52,1760,1032,0,-0.0018131757
Warm A,4828,35,34,1760,1032,0,-0.004421857
Warm A,21035,153,152,1760,1032,0,-0.006021917
Warm A,79586,531,530,1760,1032,0,0.0019130432
Warm A,66132,442,441,1760,1032,1,0.011390392
Warm A,11328,86,85,1760,1032,1,0.0059645646
Warm A,230600,1395,1394,1760,1032,0,0.013431665
Warm A,78579,528,527,1760,1032,0,-0.00076974556
Warm A,954350,5761,5760,1760,1032,0,-0.00042072474
Warm A,371076,2168,2167,1760,1032,0,-0.001290692
Warm A,363250,2116,2115,1760,1032,0,0.00719049
Warm A,265214,1611,1610,1760,1032,0,0.00280696
Warm A,11979,92,91,1760,1032,0,0.0074596237
Warm A,342670,2015,2014,1760,1032,0,0.012883674
Warm A,161393,1029,1028,1760,1032,0,0.0052061887
Warm A,222772,1348,1347,1760,1032,0,0.012084376
Warm A,959092,5787,5786,1760,1032,0,0.02339863
Warm A,717113,4294,4293,1760,1032,0,-0.00076985266
Warm A,769094,4579,4578,1760,1032,0,0.009494648
Warm A,257822,1579,1578,1760,1032,0,0.012088058
Warm A,832042,5001,5000,1760,1032,1,0.01031515
Warm A,178271,1120,1119,1760,1032,0,0.007731264
Warm A,215003,1303,1302,1760,1032,0,0.013873549
Warm A,825803,4958,4957,1760,1032,0,0.008915157
Warm A,638462,3841,3840,1785,1040,0,-0.013664447
Warm A,625034,3778,3777,1785,1040,0,0.003100823
Warm A,720603,4312,4311,1785,1040,1,0.010605922
Warm A,615773,3727,3726,1785,1040,1,-0.005624885
Warm A,648752,3908,3907,1785,1040,1,0.0029307585
Warm A,621316,3762,3761,1785,1040,0,0.0001398155
Warm A,726107,4344,4343,1785,1040,1,-0.0005309379
Warm A,601280,3654,3653,1785,1040,0,0.0034252116
Warm A,592767,3613,3612,1785,1040,1,-0.0048175384
Warm A,585336,3574,3573,1785,1040,1,-0.004712581
Warm A,579619,3539,3538,1785,1040,1,-0.0031010108
Warm A,745499,4448,4447,1785,1040,1,-0.0035700325
Warm A,572379,3507,3506,1785,1040,0,-0.013109975
Warm A,570434,3499,3498,1785,1040,1,0.00010151556
Warm A,697673,4169,4168,1785,1040,1,-0.0059946645
Warm A,550442,3391,3390,1785,1040,1,0.006424392
Warm A,580613,3546,3545,1785,1040,0,-0.005127444
Warm A,564650,3471,3470,1785,1040,1,-0.0027476815
Warm A,534773,3300,3299,1785,1040,1,-0.007505373
Warm A,532323,3285,3284,1785,1040,1,-0.011782387
Warm A,531503,3281,3280,1785,1040,1,0.0023088136
Warm A,526023,3250,3249,1785,1040,0,0.004589666
Warm A,520411,3209,3208,1785,1040,0,-0.0047889585
Warm A,519255,3203,3202,1785,1040,1,-0.006222791
Warm A,515031,3180,3179,1785,1040,0,0.0014469391
Warm A,511556,3156,3155,1785,1040,0,-0.004308262
Warm A,505271,3108,3107,1785,1040,0,0.0003480711
Warm A,504062,3098,3097,1785,1040,0,-0.011015322
Warm A,494397,3032,3031,1785,1040,1,-0.002234537
Warm A,486382,2994,2993,1785,1040,1,0.0023268254
Warm A,482840,2967,2966,1785,1040,0,-0.008922178
Warm A,473972,2909,2908,1785,1040,1,-0.008870355
Warm A,601693,3658,3657,1785,1040,1,0.0035179637
Warm A,852954,5113,5112,1785,1040,0,-0.011648849
Warm A,622310,3768,3767,1785,1040,0,0.0017189771
Warm A,463511,2857,2856,1785,1040,0,-0.0041017067
Warm A,493525,3031,3030,1785,1040,1,-0.011183264
Warm A,461003,2842,2841,1785,1040,0,-0.0046577314
Warm A,594945,3620,3619,1785,1040,0,0.009575166
Warm A,453944,2793,2792,1785,1040,1,-0.011145651
Warm A,451537,2779,2778,1785,1040,0,-0.006352583
Warm A,441243,2701,2700,1785,1040,0,-0.0021830618
Warm A,833092,5008,5007,1785,1040,0,-0.00788799
Warm A,426578,2590,2589,1785,1040,1,-0.0028308555
Warm A,421160,2544,2543,1785,1040,0,-0.001342274
Warm A,413978,2490,2489,1785,1040,1,-0.009502001
Warm A,406608,2439,2438,1785,1040,0,0.010710652
Warm A,402462,2402,2401,1785,1040,0,-0.0076949396
Warm A,398659,2373,2372,1785,1040,1,-0.0029033583
Warm A,392440,2304,2303,1785,1040,0,-0.015844569
Warm A,389068,2279,2278,1785,1040,0,-0.004439935
Warm A,375185,2186,2185,1785,1040,0,-0.0024133674
Warm A,370332,2165,2164,1785,1040,1,-0.008217222
Warm A,394271,2323,2322,1785,1040,0,-0.0028173733
Warm A,363813,2119,2118,1785,1040,1,-0.00062493514
Warm A,364917,2124,2123,1785,1040,1,-0.010688068
Warm A,375692,2188,2187,1785,1040,0,-0.0045575295
Warm A,349596,2051,2050,1785,1040,0,0.0042851046
Warm A,333984,1969,1968,1785,1040,1,0.011918031
Warm A,329515,1943,1942,1785,1040,1,-0.00804336
Warm A,329824,1945,1944,1785,1040,0,-0.0012049824
Warm A,303609,1803,1802,1785,1040,1,-0.008606251
Warm A,270139,1635,1634,1785,1040,1,0.0044124685
Warm A,256380,1564,1563,1785,1040,0,-0.004349108
Warm A,248148,1497,1496,1785,1040,0,-0.0037211739
Warm A,244749,1473,1472,1785,1040,0,0.0060888324
Warm A,232179,1408,1407,1785,1040,0,-0.00467337
Warm A,224301,1356,1355,1785,1040,1,-0.012042333
Warm A,294435,1749,1748,1785,1040,0,0.0013897929
Warm A,165320,1053,1052,1785,1040,1,-0.0012786989
Warm A,275223,1666,1665,1785,1040,0,-0.008825289
Warm A,230611,1395,1394,1785,1040,0,-0.0067827012
Warm A,157133,1010,1009,1785,1040,1,-0.006266129
Warm A,185624,1150,1149,1785,1040,0,-0.004823523
Warm A,298181,1767,1766,1785,1040,1,-0.007926705
Warm A,524457,3233,3232,1785,1040,0,0.0013351673
Warm A,112919,732,731,1785,1040,0,-0.006787152
Warm A,99012,660,659,1785,1040,0,0.00026731286
Warm A,121752,783,782,1785,1040,1,-0.0030648615
Warm A,480258,2946,2945,1785,1040,0,0.0021445358
Warm A,169640,1077,1076,1785,1040,1,-0.012396904
Warm A,308845,1837,1836,1785,1040,1,-0.018064639
Warm A,83410,549,548,1785,1040,1,-0.0048429174
Warm A,239201,1448,1447,1785,1040,1,-0.00300207
Warm A,204693,1260,1259,1785,1040,0,0.004255406
Warm A,77770,524,523,1785,1040,0,-0.0014986292
Warm A,86780,566,565,1785,1040,0,0.00081707304
Warm A,197429,1211,1210,1785,1040,1,0.005067964
Warm A,116490,752,751,1785,1040,0,-9.030313e-05
Warm A,80343,533,532,1785,1040,1,-0.00834417
Warm A,70248,474,473,1785,1040,1,0.0035445648
Warm A,240391,1449,1448,1785,1040,0,0.007415568
Warm A,53810,352,351,1785,1040,1,-9.0087764e-05
Warm A,45574,307,306,1785,1040,1,-0.0014010996
Warm A,42408,289,288,1785,1040,1,0.0017786283
Warm A,55635,368,367,1785,1040,1,0.0007166419
Warm A,418306,2528,2527,1785,1040,0,0.0057760095
Warm A,33521,225,224,1785,1040,0,-0.00014987029
Warm A,337171,1983,1982,1785,1040,1,-0.0032172324
Warm A,26451,187,186,1785,1040,1,0.008512769
Warm A,20024,149,148,1785,1040,1,-0.009564038
Warm A,127550,823,822,1785,1040,0,-0.0042972695
Warm A,15100,120,119,1785,1040,0,-0.0076136994
Warm A,14532,117,116,1785,1040,0,-0.0010110418
Warm A,11382,87,86,1785,1040,0,-0.0037604657
Warm A,784562,4682,4681,1785,1040,1,-0.0066084675
Warm A,4358,33,32,1785,1040,0,-0.0053402577
Warm A,3963,29,28,1785,1040,0,-0.0031975443
Warm A,210281,1284,1283,1785,1040,1,0.005654621
Warm A,384525,2246,2245,1785,1040,1,-0.0074195843
Warm A,829224,4979,4978,1785,1040,0,-0.0062112594
Warm A,485239,2986,2985,1785,1040,0,-0.0036633322
Warm A,631751,3821,3820,1785,1040,0,-0.0066185985
Warm A,261247,1597,1596,1785,1040,0,-0.0031071547
Warm A,290452,1733,1732,1785,1040,1,0.0027640897
Warm A,322606,1912,1911,1785,1040,0,-0.0039912956
Warm A,371791,2172,2171,1785,1040,0,-0.0022382417
Warm A,160311,1019,1018,1785,1040,0,0.008356644
Warm A,941798,5682,5681,1785,1040,0,-0.005750953
Warm A,63242,424,423,1785,1040,1,0.0058565107
Warm A,148825,957,956,1788,1041,1,0.0069127143
Warm A,195671,1203,1202,1788,1041,1,0.0119608585
Warm A,138668,889,888,1788,1041,0,0.005634864
Warm A,136833,881,880,1788,1041,0,0.000547983
Warm A,235655,1426,1425,1788,1041,1,0.0010770273
Warm A,97946,655,654,1788,1041,1,0.0042253616
Warm A,121755,783,782,1788,1041,1,-0.0027254266
Warm A,284416,1698,1697,1788,1041,1,0.014237268
Warm A,89629,590,589,1788,1041,1,0.0072412277
Warm A,432212,2634,2633,1788,1041,1,0.0059108175
Warm A,87011,568,567,1788,1041,0,-0.0023399245
Warm A,75735,515,514,1788,1041,0,-0.0022792625
Warm A,201726,1242,1241,1788,1041,0,0.003074253
Warm A,53814,352,351,1788,1041,1,0.0031615566
Warm A,42803,293,292,1788,1041,1,0.007779775
Warm A,35858,242,241,1788,1041,1,-0.0061684847
Warm A,200130,1228,1227,1788,1041,0,0.00048136374
Warm A,35295,238,237,1788,1041,1,0.0024380581
Warm A,21593,157,156,1788,1041,1,0.00728535
Warm A,20029,149,148,1788,1041,0,0.0034824791
Warm A,258555,1584,1583,1788,1041,0,0.004709604
Warm A,152521,981,980,1788,1041,0,-0.0012607822
Warm A,28212,195,194,1788,1041,1,-0.00066301506
Warm A,3181,24,23,1788,1041,0,0.009562753
Warm A,349,5,4,1788,1041,0,-0.0010070829
Warm A,460816,2841,2840,1788,1041,1,0.0049132006
Warm A,290456,1733,1732,1788,1041,1,0.0052710185
Warm A,245873,1484,1483,1788,1041,0,0.00031701167
Warm A,609725,3695,3694,1788,1041,1,0.01206579
Warm A,893456,5394,5393,1788,1041,1,0.006610994
Warm A,193829,1194,1193,1788,1041,1,0.0018791264
Warm A,465785,2872,2871,1794,1043,1,0.003694108
Warm A,458981,2825,2824,1794,1043,1,0.0025909091
Warm A,456571,2810,2809,1794,1043,1,0.0006937308
Warm A,451839,2781,2780,1794,1043,1,-0.008595577
Warm A,443939,2737,2736,1794,1043,1,-0.0039633242
Warm A,446512,2752,2751,1794,1043,0,0.00092334556
Warm A,438012,2676,2675,1794,1043,1,0.0009692316
Warm A,416838,2507,2506,1794,1043,0,-0.004483386
Warm A,404691,2419,2418,1794,1043,1,-0.009232551
Warm A,399216,2376,2375,1794,1043,1,0.0015366529
Warm A,392729,2305,2304,1794,1043,1,0.005237714
Warm A,381388,2230,2229,1794,1043,0,-0.0027272156
Warm A,382987,2237,2236,1794,1043,0,0.0029068468
Warm A,359530,2102,2101,1794,1043,1,0.010174725
Warm A,336252,1980,1979,1794,1043,1,-0.0044177957
Warm A,330572,1951,1950,1794,1043,0,-0.0068887295
Warm A,302528,1796,1795,1794,1043,1,0.008142447
Warm A,229971,1391,1390,1794,1043,0,-0.007882243
Warm A,319519,1897,1896,1794,1043,0,-0.002266326
Warm A,215038,1303,1302,1794,1043,1,0.004411918
Warm A,208386,1273,1272,1794,1043,1,-0.00014924246
Warm A,204097,1255,1254,1794,1043,0,-0.001954971
Warm A,203797,1253,1252,1794,1043,1,-0.0008905444
Warm A,211241,1285,1284,1794,1043,1,0.009359414
Warm A,279751,1680,1679,1794,1043,0,-0.0012655598
Warm A,244160,1470,1469,1794,1043,0,0.009650115
Warm A,213632,1298,1297,1794,1043,1,0.0012397278
Warm A,210289,1284,1283,1794,1043,1,0.0026048434
Warm A,186211,1151,1150,1794,1043,1,0.00054693606
Warm A,185654,1150,1149,1794,1043,0,0.002769074
Warm A,212532,1294,1293,1794,1043,0,0.0020164635
Warm A,173802,1100,1099,1794,1043,0,0.0061442503
Warm A,168632,1069,1068,1794,1043,1,0.0038894133
Warm A,191322,1181,1180,1794,1043,0,0.00082374434
Warm A,158544,1015,1014,1794,1043,1,-0.0045029894
Warm A,244906,1474,1473,1794,1043,1,-0.0051397774
Warm A,148833,957,956,1794,1043,1,0.0023947647
Warm A,147797,952,951,1794,1043,0,-0.0029072966
Warm A,146719,947,946,1794,1043,1,0.0012116592
Warm A,195683,1203,1202,1794,1043,1,-0.0041369414
Warm A,154644,998,997,1794,1043,1,-0.008569717
Warm A,157150,1010,1009,1794,1043,0,0.008941577
Warm A,138692,889,888,1794,1043,0,-0.0052028946
Warm A,313186,1866,1865,1794,1043,0,0.00056296284
Warm A,132063,854,853,1794,1043,0,0.00078263367
Warm A,131307,850,849,1794,1043,0,-0.0020051668
Warm A,127552,823,822,1794,1043,0,0.001241613
Warm A,116509,752,751,1794,1043,0,0.009086279
Warm A,112654,731,730,1794,1043,0,0.00015638559
Warm A,107372,706,705,1794,1043,1,0.002864161
Warm A,97398,652,651,1794,1043,0,0.006389549
Warm A,295023,1752,1751,1794,1043,1,-0.002342362
Warm A,697699,4169,4168,1794,1043,1,0.0029054198
Warm A,90278,595,594,1794,1043,1,0.0038465634
Warm A,85651,558,557,1794,1043,1,0.005261972
Warm A,239221,1448,1447,1794,1043,0,0.0017367331
Warm A,197433,1211,1210,1794,1043,0,0.005728377
Warm A,155489,1001,1000,1794,1043,1,0.00014500134
Warm A,57198,386,385,1794,1043,1,0.0029880998
Warm A,55942,371,370,1794,1043,0,0.009491952
Warm A,201739,1242,1241,1794,1043,0,-0.0025822283
Warm A,330797,1952,1951,1794,1043,1,0.0016276818
Warm A,50203,331,330,1794,1043,1,-0.0006590048
Warm A,199892,1227,1226,1794,1043,1,0.0058322037
Warm A,27582,193,192,1794,1043,1,0.003241693
Warm A,26465,187,186,1794,1043,1,0.0039092163
Warm A,16696,131,130,1794,1043,1,-0.00032648747
Warm A,9955,69,68,1794,1043,0,-0.0057440884
Warm A,369,5,4,1794,1043,0,0.009029083
Warm A,10792,78,77,1794,1043,1,0.010724539
Warm A,207072,1266,1265,1794,1043,0,0.005601556
Warm A,276396,1671,1670,1794,1043,1,0.0028479812
Warm A,271065,1639,1638,1794,1043,1,-0.0010193323
Warm A,754525,4496,4495,1794,1043,1,0.00070456695
Warm A,844425,5074,5073,1794,1043,1,0.0032599147
Warm A,954361,5761,5760,1794,1043,1,0.0047124354
Warm A,460824,2841,2840,1794,1043,0,-0.00041850965
Warm A,485255,2986,2985,1794,1043,1,0.0036686785
Warm A,204699,1260,1259,1794,1043,0,-0.009268866
Warm A,102522,678,677,1794,1043,0,0.011103047
Warm A,901627,5450,5449,1794,1043,0,0.0016560182
Warm A,170967,1087,1086,1794,1043,0,-0.0035119257
Warm A,384528,2246,2245,1794,1043,0,-0.0068550175
Warm A,905548,5475,5474,1794,1043,1,0.00038117985
Warm A,322625,1912,1911,1794,1043,0,0.0047167707
Warm A,117210,755,754,1794,1043,1,0.00294143
Warm A,823590,4950,4949,1794,1043,0,-0.0046047
Warm A,235185,1425,1424,1794,1043,1,-0.0021267592
Warm A,739596,4418,4417,1794,1043,1,-0.0005488
Warm A,187773,1164,1163,1794,1043,0,0.004289155
Warm A,841573,5054,5053,1794,1043,0,0.00536897
Warm A,693201,4150,4149,1797,1044,1,-0.0046951887
Warm A,691398,4139,4138,1797,1044,1,0.010403499
Warm A,677548,4060,4059,1797,1044,1,0.0062275683
Warm A,671453,4033,4032,1797,1044,1,0.0022165398
Warm A,661572,3989,3988,1797,1044,1,0.0010078636
Warm A,622795,3769,3768,1797,1044,1,0.0038789986
Warm A,614233,3720,3719,1797,1044,1,-0.0036429858
Warm A,604456,3675,3674,1797,1044,1,0.009159141
Warm A,600889,3652,3651,1797,1044,1,0.0071499487
Warm A,592657,3612,3611,1797,1044,1,0.0018282415
Warm A,818868,4918,4917,1797,1044,1,0.0019237774
Warm A,605975,3681,3680,1797,1044,1,-0.0038090385
Warm A,594208,3618,3617,1797,1044,1,0.007792497
Warm A,645432,3885,3884,1797,1044,0,0.0036438652
Warm A,554589,3411,3410,1797,1044,0,-0.0009068976
Warm A,527607,3261,3260,1797,1044,1,-0.003373295
Warm A,520848,3213,3212,1797,1044,1,0.006335809
Warm A,522855,3224,3223,1797,1044,1,7.627817e-05
Warm A,518871,3201,3200,1797,1044,1,0.0032304183
Warm A,659249,3971,3970,1797,1044,1,0.004101392
Warm A,600234,3650,3649,1797,1044,1,0.00079915405
Warm A,482849,2967,2966,1797,1044,0,0.0046418454
Warm A,529940,3272,3271,1797,1044,0,-0.00029215403
Warm A,478840,2938,2937,1797,1044,1,0.005272881
Warm A,467003,2878,2877,1797,1044,1,0.0014916424
Warm A,470112,2895,2894,1797,1044,1,0.0073937573
Warm A,453952,2793,2792,1797,1044,1,0.006215328
Warm A,449765,2773,2772,1797,1044,0,0.0031975848
Warm A,443167,2731,2730,1797,1044,1,0.009957349
Warm A,441095,2700,2699,1797,1044,1,0.009797654
Warm A,429260,2611,2610,1797,1044,1,-0.002113684
Warm A,422329,2557,2556,1797,1044,1,-0.004927006
Warm A,410895,2465,2464,1797,1044,1,0.0030397642
Warm A,390526,2291,2290,1797,1044,1,0.006241086
Warm A,378209,2206,2205,1797,1044,1,0.008302301
Warm A,364375,2122,2121,1797,1044,1,0.0027781145
Warm A,340219,2008,2007,1797,1044,1,0.009765174
Warm A,340084,2007,2006,1797,1044,1,0.0066103023
Warm A,317354,1887,1886,1797,1044,1,0.00012844801
Warm A,309361,1841,1840,1797,1044,1,0.0058131833
Warm A,295358,1753,1752,1797,1044,1,0.013304917
Warm A,256605,1568,1567,1797,1044,1,0.0060706893
Warm A,252073,1525,1524,1797,1044,1,0.0039805444
Warm A,247094,1492,1491,1797,1044,1,0.0025702668
Warm A,336255,1980,1979,1797,1044,1,0.0042621526
Warm A,284432,1698,1697,1797,1044,1,0.0058640824
Warm A,221560,1340,1339,1797,1044,0,0.0053368034
Warm A,289468,1727,1726,1797,1044,1,0.009435715
Warm A,211244,1285,1284,1797,1044,1,-0.0021075134
Warm A,207816,1271,1270,1797,1044,1,0.0046912027
Warm A,191327,1181,1180,1797,1044,0,0.0043137623
Warm A,164003,1050,1049,1797,1044,0,0.0028491192
Warm A,166596,1059,1058,1797,1044,1,0.0031791897
Warm A,248301,1498,1497,1797,1044,1,0.003833883
Warm A,149400,962,961,1797,1044,1,0.0063641816
Warm A,151707,975,974,1797,1044,1,-0.0005165471
Warm A,146690,946,945,1797,1044,1,0.0068209227
Warm A,154646,998,997,1797,1044,1,0.003703576
Warm A,185659,1150,1149,1797,1044,0,0.0057947505
Warm A,263594,1605,1604,1797,1044,0,0.0019068376
Warm A,322628,1912,1911,1797,1044,1,0.0024176121
Warm A,235662,1426,1425,1797,1044,1,0.0076234546
Warm A,106268,699,698,1797,1044,1,0.0010409178
Warm A,151298,973,972,1797,1044,1,0.0014659631
Warm A,46476,310,309,1797,1044,1,0.0034270147
Warm A,37897,259,258,1797,1044,1,0.005163669
Warm A,37756,258,257,1797,1044,1,0.0027585474
Warm A,99020,660,659,1797,1044,1,0.0011631718
Warm A,32139,216,215,1797,1044,1,0.0035879966
Warm A,24933,175,174,1797,1044,1,0.00019181264
Warm A,537412,3311,3310,1797,1044,1,-0.0017993061
Warm A,24046,171,170,1797,1044,1,-0.0014886403
Warm A,18421,144,143,1797,1044,1,0.00169768
Warm A,127554,823,822,1797,1044,1,-0.002221635
Warm A,6870,48,47,1797,1044,1,0.0009021738
Warm A,207074,1266,1265,1797,1044,0,0.0076773223
Warm A,459655,2832,2831,1797,1044,1,0.0059236293
Warm A,399970,2380,2379,1797,1044,1,0.0021899152
Warm A,65527,438,437,1797,1044,1,0.00035068963
Warm A,572400,3507,3506,1797,1044,1,0.0043936754
Warm A,265239,1611,1610,1797,1044,1,0.0061743837
Warm A,240417,1449,1448,1797,1044,1,0.0018301314
Warm A,622326,3768,3767,1797,1044,1,9.358366e-05
Warm A,550476,3391,3390,1797,1044,1,0.004498451
Warm A,511963,3158,3157,1797,1044,1,0.0046625985
Warm A,507867,3125,3124,1797,1044,1,0.005435771
Warm A,335226,1978,1977,1797,1044,1,0.008192837
Warm A,130007,840,839,1797,1044,1,0.00067780865
Warm A,344658,2022,2021,1797,1044,1,-0.0001715619
Warm A,66157,442,441,1797,1044,1,0.012064903
Warm A,947993,5723,5722,1797,1044,0,0.0055194986
Warm A,959097,5787,5786,1797,1044,1,0.011081813
Warm A,564666,3471,3470,1797,1044,0,0.0020003673
Warm A,538123,3312,3311,1797,1044,0,0.010341302
Warm A,130587,846,845,1797,1044,1,0.007935252
Warm A,991836,5991,5990,1797,1044,0,0.004163609
Warm A,750708,4478,4477,1797,1044,0,-0.005564726
Warm A,657636,3963,3962,1797,1044,1,0.004536073
Warm A,371105,2168,2167,1797,1044,1,-0.0035257807
Warm A,215670,1306,1305,1797,1044,1,0.0075568603
Warm A,9714,65,64,1797,1044,1,0.00097429566
Warm A,254907,1551,1550,1797,1044,1,-0.0018423954
Warm A,769116,4579,4578,1797,1044,1,0.015913013
Warm A,384530,2246,2245,1797,1044,1,0.006764598
Warm A,662086,3992,3991,1797,1044,1,-0.0013820804
Warm A,341763,2012,2011,1797,1044,1,0.0040010433
Warm A,555078,3413,3412,1797,1044,1,0.0023333896
Warm A,351503,2063,2062,1804,1047,0,0.012767609
Warm A,357302,2092,2091,1804,1047,1,0.005661306
Warm A,340481,2010,2009,1804,1047,0,0.009332034
Warm A,335587,1980,1979,1804,1047,0,0.00796333
Warm A,275018,1666,1665,1804,1047,1,0.008024167
Warm A,258120,1581,1580,1804,1047,0,0.0019849618
Warm A,242659,1465,1464,1804,1047,0,0.0062582176
Warm A,323695,1920,1919,1804,1047,1,0.00255815
Warm A,188868,1172,1171,1804,1047,1,0.0087604765
Warm A,184996,1150,1149,1804,1047,0,0.010638651
Warm A,210680,1285,1284,1804,1047,0,0.007579117
Warm A,172817,1096,1095,1804,1047,1,0.0058479444
Warm A,170209,1084,1083,1804,1047,0,0.009680645
Warm A,168278,1069,1068,1804,1047,0,0.003202174
Warm A,190554,1181,1180,1804,1047,0,0.0046390677
Warm A,275430,1667,1666,1804,1047,1,-0.0067095277
Warm A,157896,1015,1014,1804,1047,0,0.016930666
Warm A,142340,919,918,1804,1047,0,0.0018855027
Warm A,136345,881,880,1804,1047,0,0.0014408659
Warm A,360556,2106,2105,1804,1047,0,0.0054251
Warm A,115949,752,751,1804,1047,1,0.010761989
Warm A,114144,742,741,1804,1047,0,-0.0011877653
Warm A,105908,699,698,1804,1047,0,0.0095527265
Warm A,480016,2946,2945,1804,1047,0,0.007599851
Warm A,283949,1698,1697,1804,1047,1,0.009903818
Warm A,115300,749,748,1804,1047,0,0.004678205
Warm A,308437,1837,1836,1804,1047,0,0.012866948
Warm A,238682,1448,1447,1804,1047,0,0.012870731
Warm A,59110,402,401,1804,1047,0,0.006811723
Warm A,53650,352,351,1804,1047,0,0.0015391588
Warm A,47409,319,318,1804,1047,0,0.013468523
Warm A,40338,272,271,1804,1047,0,6.735604e-05
Warm A,418273,2528,2527,1804,1047,0,-0.003804617
Warm A,33437,225,224,1804,1047,0,0.013677027
Warm A,30229,203,202,1804,1047,0,-0.0009861477
Warm A,29760,202,201,1804,1047,0,0.004418099
Warm A,29146,199,198,1804,1047,0,0.0066067893
Warm A,882835,5333,5332,1804,1047,0,0.015233946
Warm A,346952,2035,2034,1804,1047,1,-0.0013101972
Warm A,15543,123,122,1804,1047,1,-0.0025248658
Warm A,10004,70,69,1804,1047,0,0.0030079344
Warm A,2214,18,17,1804,1047,0,-0.0077892398
Warm A,1678,15,14,1804,1047,1,0.007873513
Warm A,223371,1354,1353,1804,1047,0,-0.0014450485
Warm A,210021,1284,1283,1804,1047,1,0.006207754
Warm A,78316,528,527,1804,1047,0,0.0043157563
Warm A,354750,2077,2076,1804,1047,0,0.014242571
Warm A,626569,3792,3791,1804,1047,1,0.01047641
Warm A,50080,331,330,1804,1047,0,0.0033299588
Warm A,682244,4085,4084,1804,1047,1,0.0058268933
Warm A,472389,2907,2906,1804,1047,0,0.0124501195
Warm A,171372,1088,1087,1804,1047,0,0.005176611
Warm A,801327,4802,4801,1804,1047,1,0.011113315
Warm A,689769,4126,4125,1804,1047,0,0.007616912
Warm A,257489,1579,1578,1804,1047,0,0.004658838
Warm A,587739,3589,3588,1804,1047,0,-0.0026408117
Warm A,695945,4169,4168,1804,1047,0,0.018556584
Warm A,331384,1958,1957,1804,1047,0,0.0048300624
Warm A,974238,5878,5877,1804,1047,1,0.0032627445
Warm A,617989,3745,3744,1806,1049,0,0.015369554
Warm A,636805,3836,3835,1806,1049,0,0.009673033
Warm A,612421,3713,3712,1806,1049,1,0.012272488
Warm A,604040,3675,3674,1806,1049,0,0.011385985
Warm A,602633,3667,3666,1806,1049,1,0.006276476
Warm A,590927,3604,3603,1806,1049,1,0.005878949
Warm A,589015,3592,3591,1806,1049,0,0.012419447
Warm A,587741,3589,3588,1806,1049,0,0.011350978
Warm A,586710,3582,3581,1806,1049,1,0.012877811
Warm A,758431,4510,4509,1806,1049,0,0.01165887
Warm A,576935,3526,3525,1806,1049,0,0.007989363
Warm A,569703,3493,3492,1806,1049,0,0.006021968
Warm A,567863,3484,3483,1806,1049,0,0.0020324294
Warm A,556803,3422,3421,1806,1049,0,0.013330657
Warm A,638955,3842,3841,1806,1049,1,0.011183944
Warm A,535822,3308,3307,1806,1049,0,0.013131441
Warm A,529504,3272,3271,1806,1049,0,0.021235563
Warm A,523370,3227,3226,1806,1049,0,0.002757421
Warm A,514800,3180,3179,1806,1049,0,0.0070722857
Warm A,527280,3261,3260,1806,1049,0,0.0126566505
Warm A,768636,4579,4578,1806,1049,0,0.012823552
Warm A,495578,3044,3043,1806,1049,1,0.010486241
Warm A,493874,3032,3031,1806,1049,1,0.010405641
Warm A,489509,3013,3012,1806,1049,1,0.0090612015
Warm A,599826,3650,3649,1806,1049,1,0.010001043
Warm A,477921,2934,2933,1806,1049,1,0.017214801
Warm A,473324,2909,2908,1806,1049,0,0.009477028
Warm A,463103,2857,2856,1806,1049,1,0.005714328
Warm A,456366,2810,2809,1806,1049,0,0.0072444743
Warm A,834129,5015,5014,1806,1049,0,0.020553524
Warm A,450639,2777,2776,1806,1049,1,0.005785376
Warm A,430311,2623,2622,1806,1049,1,0.004365496
Warm A,435537,2663,2662,1806,1049,0,0.007414018
Warm A,422938,2564,2563,1806,1049,0,0.016232109
Warm A,420409,2541,2540,1806,1049,0,0.0026304824
Warm A,418509,2529,2528,1806,1049,1,0.018145777
Warm A,412713,2484,2483,1806,1049,0,0.01677223
Warm A,409517,2457,2456,1806,1049,1,0.01495526
Warm A,408611,2454,2453,1806,1049,1,0.01728269
Warm A,399754,2380,2379,1806,1049,0,0.010485113
Warm A,392687,2305,2304,1806,1049,0,0.010273827
Warm A,376962,2202,2201,1806,1049,0,0.009838604
Warm A,373886,2181,2180,1806,1049,1,0.020415455
Warm A,364618,2124,2123,1806,1049,1,0.01632874
Warm A,387486,2265,2264,1806,1049,1,0.009405606
Warm A,341451,2012,2011,1806,1049,0,0.010268675
Warm A,324165,1921,1920,1806,1049,0,0.012063359
Warm A,325263,1926,1925,1806,1049,0,0.0036673446
Warm A,286222,1709,1708,1806,1049,0,0.0044999435
Warm A,268469,1631,1630,1806,1049,1,0.0070995507
Warm A,252316,1529,1528,1806,1049,0,0.005998269
Warm A,342266,2015,2014,1806,1049,1,0.010268938
Warm A,353968,2073,2072,1806,1049,0,0.008533748
Warm A,236317,1434,1433,1806,1049,0,0.012228398
Warm A,247293,1495,1494,1806,1049,0,0.009934222
Warm A,231590,1404,1403,1806,1049,0,0.007833446
Warm A,240760,1450,1449,1806,1049,0,-0.009057349
Warm A,219743,1333,1332,1806,1049,0,0.005872013
Warm A,226351,1370,1369,1806,1049,1,0.010447726
Warm A,207724,1271,1270,1806,1049,1,0.00689263
Warm A,250326,1509,1508,1806,1049,0,0.006955846
Warm A,198770,1221,1220,1806,1049,1,0.0043199137
Warm A,277481,1676,1675,1806,1049,0,0.017728
Warm A,191780,1182,1181,1806,1049,0,0.013910332
Warm A,331388,1958,1957,1806,1049,0,0.011892206
Warm A,173540,1100,1099,1806,1049,0,0.008533996
Warm A,198581,1220,1219,1806,1049,0,0.0007047355
Warm A,172818,1096,1095,1806,1049,0,0.0049850596
Warm A,188177,1168,1167,1806,1049,0,0.0030398262
Warm A,229184,1389,1388,1806,1049,0,0.008227365
Warm A,272067,1645,1644,1806,1049,1,0.01440856
Warm A,255449,1556,1555,1806,1049,0,0.013910099
Warm A,227554,1380,1379,1806,1049,0,0.018157315
Warm A,157553,1014,1013,1806,1049,0,0.004151488
Warm A,156622,1010,1009,1806,1049,0,0.010583192
Warm A,351510,2063,2062,1806,1049,0,0.019598186
Warm A,126496,817,816,1806,1049,1,0.018776039
Warm A,121022,780,779,1806,1049,1,0.015694996
Warm A,116795,753,752,1806,1049,1,0.0074042636
Warm A,174969,1109,1108,1806,1049,0,0.0074131247
Warm A,112327,731,730,1806,1049,1,0.009496826
Warm A,763819,4543,4542,1806,1049,1,0.020691294
Warm A,93745,629,628,1806,1049,1,0.0066406424
Warm A,92207,614,613,1806,1049,0,0.0057495367
Warm A,291206,1737,1736,1806,1049,0,0.016667983
Warm A,82206,546,545,1806,1049,1,0.014191637
Warm A,73066,494,493,1806,1049,0,0.0013326852
Warm A,87051,569,568,1806,1049,1,0.0020580476
Warm A,59112,402,401,1806,1049,1,0.01335911
Warm A,55797,369,368,1806,1049,0,0.010630759
Warm A,51130,337,336,1806,1049,0,0.013979853
Warm A,43375,298,297,1806,1049,0,-0.0021639043
Warm A,19343,148,147,1806,1049,1,0.0154928025
Warm A,86514,566,565,1806,1049,0,0.016028784
Warm A,10496,75,74,1806,1049,1,0.010457685
Warm A,49344,329,328,1806,1049,0,0.010776777
Warm A,509,6,5,1806,1049,0,0.00021488417
Warm A,233950,1422,1421,1806,1049,0,0.01405156
Warm A,78319,528,527,1806,1049,0,0.021359406
Warm A,385992,2258,2257,1806,1049,1,0.016691014
Warm A,954189,5761,5760,1806,1049,0,0.022226434
Warm A,362793,2116,2115,1806,1049,0,0.018608615
Warm A,144792,934,933,1806,1049,0,0.012061973
Warm A,829928,4983,4982,1806,1049,0,0.010215073
Warm A,232769,1415,1414,1806,1049,0,0.008282457
Warm A,50615,333,332,1806,1049,0,0.0162013
Warm A,222722,1348,1347,1806,1049,1,0.0012014839
Warm A,974241,5878,5877,1806,1049,0,0.018464958
Warm A,294196,1749,1748,1816,1051,0,0.0067082583
Warm A,185023,1150,1149,1816,1051,0,-0.0016423916
Warm A,307281,1835,1834,1816,1051,1,0.0042957393
Warm A,201415,1242,1241,1816,1051,1,0.014060509
Warm A,168295,1069,1068,1816,1051,0,0.011254242
Warm A,166355,1059,1058,1816,1051,0,0.003455781
Warm A,164361,1051,1050,1816,1051,0,0.0027167338
Warm A,163706,1050,1049,1816,1051,0,0.0014326992
Warm A,142346,919,918,1816,1051,1,0.00520036
Warm A,131044,850,849,1816,1051,0,0.0016652355
Warm A,332538,1962,1961,1816,1051,0,0.0018647346
Warm A,111834,728,727,1816,1051,0,-0.010178193
Warm A,112334,731,730,1816,1051,1,0.019840496
Warm A,238704,1448,1447,1816,1051,0,0.010293549
Warm A,77292,524,523,1816,1051,1,0.013815749
Warm A,80067,533,532,1816,1051,0,0.009206707
Warm A,81536,543,542,1816,1051,1,0.010971256
Warm A,57156,386,385,1816,1051,0,-0.003053704
Warm A,228089,1383,1382,1816,1051,1,0.008743193
Warm A,31211,210,209,1816,1051,1,0.0040296726
Warm A,29165,199,198,1816,1051,0,0.006275945
Warm A,26394,187,186,1816,1051,1,0.0077710594
Warm A,15568,123,122,1816,1051,0,0.014356279
Warm A,7681,53,52,1816,1051,0,0.0067440947
Warm A,631416,3821,3820,1816,1051,0,0.0052931407
Warm A,263099,1605,1604,1816,1051,1,0.0096404655
Warm A,79208,531,530,1816,1051,0,0.015751133
Warm A,129258,839,838,1816,1051,1,0.019360825
Warm A,892849,5394,5393,1816,1051,1,0.0068807183
Warm A,750361,4478,4477,1816,1051,0,-0.00045347773
Warm A,309519,1842,1841,1816,1051,1,0.012366521
Warm A,907580,5492,5491,1816,1051,1,0.011426223
Warm A,195297,1203,1202,1816,1051,0,0.000282784
Warm A,565449,3475,3474,1816,1051,0,0.0018856083
Warm A,335618,1980,1979,1816,1051,0,0.017849341
Warm A,805633,4823,4822,1816,1051,0,0.0059983325
Warm A,501187,3080,3079,1816,1051,0,0.0044789417
Warm A,360576,2106,2105,1816,1051,0,0.00034346548
Warm A,509760,3140,3139,1816,1051,1,0.011357039
Warm A,178579,1121,1120,1816,1051,0,0.0052564144
Warm A,33923,229,228,1816,1051,0,-0.0034589244
Warm A,902753,5458,5457,1824,1053,0,0.0007634214
Warm A,532017,3285,3284,1824,1053,0,0.003424752
Warm A,526687,3259,3258,1824,1053,0,-0.0055358186
Warm A,521029,3216,3215,1824,1053,1,0.005995511
Warm A,519782,3207,3206,1824,1053,0,0.0015320856
Warm A,515362,3182,3181,1824,1053,1,-0.00070428615
Warm A,513373,3166,3165,1824,1053,0,-0.00033999246
Warm A,527302,3261,3260,1824,1053,0,0.007045471
Warm A,507176,3121,3120,1824,1053,0,0.00011426816
Warm A,501195,3080,3079,1824,1053,0,-0.00093238824
Warm A,480535,2948,2947,1824,1053,0,0.0019181323
Warm A,479876,2945,2944,1824,1053,0,0.008519297
Warm A,564251,3471,3470,1824,1053,0,0.0017437045
Warm A,411503,2472,2471,1824,1053,0,-0.002074868
Warm A,393845,2320,2319,1824,1053,0,-0.0006813796
Warm A,367860,2148,2147,1824,1053,1,0.017685961
Warm A,364644,2124,2123,1824,1053,1,0.010193241
Warm A,351554,2063,2062,1824,1053,0,0.0066668773
Warm A,281196,1687,1686,1824,1053,0,0.0045692893
Warm A,264818,1610,1609,1824,1053,0,0.0074943267
Warm A,304244,1807,1806,1824,1053,0,0.0098596625
Warm A,259362,1587,1586,1824,1053,0,0.0037282482
Warm A,332547,1962,1961,1824,1053,0,-0.00011785561
Warm A,210715,1285,1284,1824,1053,0,0.0020338227
Warm A,277498,1676,1675,1824,1053,0,0.007991186
Warm A,210043,1284,1283,1824,1053,1,0.00827509
Warm A,185043,1150,1149,1824,1053,1,0.0064616804
Warm A,156657,1010,1009,1824,1053,0,0.0037912545
Warm A,128505,832,831,1824,1053,0,-0.0019512617
Warm A,124793,802,801,1824,1053,0,-0.0048939893
Warm A,306181,1824,1823,1824,1053,0,0.0004197379
Warm A,115997,752,751,1824,1053,1,0.012529682
Warm A,100088,669,668,1824,1053,1,-0.0007408718
Warm A,86528,566,565,1824,1053,1,-0.0036048675
Warm A,82211,546,545,1824,1053,1,0.0056776875
Warm A,82888,549,548,1824,1053,1,0.0032255806
Warm A,59123,402,401,1824,1053,0,0.0059871776
Warm A,56698,380,379,1824,1053,0,0.0036090543
Warm A,40376,272,271,1824,1053,1,0.0049330154
Warm A,12833,99,98,1824,1053,0,0.00088808313
Warm A,695994,4169,4168,1824,1053,0,0.0010299401
Warm A,317577,1889,1888,1824,1053,0,-0.0013574897
Warm A,324884,1925,1924,1824,1053,1,0.0033631264
Warm A,790327,4728,4727,1824,1053,0,-0.0013282658
Warm A,283989,1698,1697,1827,1054,1,0.0119576
Warm A,210720,1285,1284,1827,1054,1,0.021167502
Warm A,205678,1264,1263,1827,1054,1,0.010136244
Warm A,202382,1244,1243,1827,1054,1,0.008484274
Warm A,293115,1746,1745,1827,1054,1,0.004476443
Warm A,165552,1055,1054,1827,1054,1,0.003973674
Warm A,258347,1584,1583,1827,1054,1,-0.00090791937
Warm A,214726,1303,1302,1827,1054,0,0.02060171
Warm A,137974,889,888,1827,1054,0,0.0062160483
Warm A,126100,813,812,1827,1054,1,0.0049364353
Warm A,116001,752,751,1827,1054,1,0.012612977
Warm A,105931,699,698,1827,1054,1,0.0035818156
Warm A,370922,2168,2167,1827,1054,1,0.016924024
Warm A,97749,655,654,1827,1054,1,0.0051507326
Warm A,96357,647,646,1827,1054,1,0.006285807
Warm A,631431,3821,3820,1827,1054,0,0.0069482736
Warm A,92519,620,619,1827,1054,1,0.0061444286
Warm A,190621,1181,1180,1827,1054,0,0.005323382
Warm A,65239,438,437,1827,1054,1,-0.0006595575
Warm A,123333,796,795,1827,1054,1,0.018854301
Warm A,42966,294,293,1827,1054,0,0.002818869
Warm A,42771,293,292,1827,1054,1,0.0064489115
Warm A,31363,212,211,1827,1054,1,0.0009282767
Warm A,290050,1733,1732,1827,1054,0,0.014121017
Warm A,16661,131,130,1827,1054,0,0.0010855501
Warm A,5024,36,35,1827,1054,1,0.0126149
Warm A,19970,149,148,1827,1054,1,0.014890322
Warm A,65969,442,441,1827,1054,1,0.015668366
Warm A,206733,1266,1265,1827,1054,0,0.0073164245
Warm A,24335,173,172,1827,1054,1,0.00060872047
Warm A,23660,169,168,1827,1054,0,0.006555751
Warm A,254837,1551,1550,1827,1054,1,0.013163582
Warm A,783997,4682,4681,1827,1054,1,0.0126353735
Warm A,309525,1842,1841,1827,1054,1,0.0074881376
Warm A,947855,5723,5722,1827,1054,1,0.009081374
Warm A,712828,4277,4276,1827,1054,1,0.02200896
Warm A,322190,1912,1911,1827,1054,0,0.014179641
Warm A,28123,195,194,1827,1054,1,0.022332393
Warm A,344789,2023,2022,1827,1054,1,0.008588214
Warm A,546725,3371,3370,1827,1054,1,0.022889767
Warm A,216887,1317,1316,1827,1054,1,0.014855238
Warm A,193528,1194,1193,1827,1054,1,0.0073170727
Warm A,499250,3067,3066,1836,1059,1,0.0068920422
Warm A,498493,3062,3061,1836,1059,0,-0.0024814217
Warm A,493934,3032,3031,1836,1059,1,-0.005666557
Warm A,493300,3031,3030,1836,1059,1,0.0077620894
Warm A,852569,5113,5112,1836,1059,0,0.0018217526
Warm A,465597,2872,2871,1836,1059,1,0.0006605487
Warm A,459578,2832,2831,1836,1059,1,0.009284266
Warm A,458882,2825,2824,1836,1059,1,0.0028710654
Warm A,949473,5737,5736,1836,1059,1,0.0009495674
Warm A,431367,2628,2627,1836,1059,1,-0.0030703743
Warm A,408088,2453,2452,1836,1059,0,0.005063903
Warm A,464079,2860,2859,1836,1059,1,0.005440106
Warm A,404448,2419,2418,1836,1059,0,0.0043281326
Warm A,362840,2116,2115,1836,1059,0,0.0063762646
Warm A,364652,2124,2123,1836,1059,1,-0.0003460287
Warm A,330511,1951,1950,1836,1059,1,0.002637767
Warm A,274627,1659,1658,1836,1059,0,0.009103908
Warm A,310074,1845,1844,1836,1059,1,0.0021203505
Warm A,274328,1658,1657,1836,1059,1,0.009139496
Warm A,309905,1843,1842,1836,1059,1,-0.0008059575
Warm A,212021,1291,1290,1836,1059,1,0.0060400795
Warm A,196388,1207,1206,1836,1059,0,0.0020601908
Warm A,209383,1279,1278,1836,1059,0,0.005703814
Warm A,329209,1943,1942,1836,1059,1,-9.147439e-05
Warm A,185055,1150,1149,1836,1059,0,0.0019255904
Warm A,201436,1242,1241,1836,1059,1,-0.006059092
Warm A,166369,1059,1058,1836,1059,0,0.0052826675
Warm A,163723,1050,1049,1836,1059,0,0.0123665
Warm A,142353,919,918,1836,1059,1,0.0038924892
Warm A,263127,1605,1604,1836,1059,0,0.017721672
Warm A,116013,752,751,1836,1059,1,0.0021754454
Warm A,111844,728,727,1836,1059,0,-0.0020576227
Warm A,778833,4653,4652,1836,1059,0,0.003837441
Warm A,107291,706,705,1836,1059,0,0.0042051687
Warm A,176803,1117,1116,1836,1059,0,0.0058543165
Warm A,97754,655,654,1836,1059,0,0.0045985524
Warm A,96020,645,644,1836,1059,0,0.005498884
Warm A,332556,1962,1961,1836,1059,0,0.010815078
Warm A,631441,3821,3820,1836,1059,0,0.0043650223
Warm A,696014,4169,4168,1836,1059,1,0.008581423
Warm A,87215,570,569,1836,1059,0,0.003490054
Warm A,82909,549,548,1836,1059,1,0.000566571
Warm A,190638,1181,1180,1836,1059,0,0.01150742
Warm A,79237,531,530,1836,1059,0,0.0051524127
Warm A,77322,524,523,1836,1059,0,0.017654844
Warm A,71883,482,481,1836,1059,0,0.0035351429
Warm A,70109,474,473,1836,1059,1,0.008663891
Warm A,155275,1001,1000,1836,1059,1,0.0011020555
Warm A,53739,352,351,1836,1059,1,0.01089116
Warm A,132345,855,854,1836,1059,1,0.0088819545
Warm A,29195,199,198,1836,1059,0,-0.00083074893
Warm A,26416,187,186,1836,1059,0,0.00088417483
Warm A,17495,136,135,1836,1059,1,0.007027317
Warm A,7708,53,52,1836,1059,1,0.0036587554
Warm A,577,8,7,1836,1059,1,-0.004383767
Warm A,36,1,0,1836,1059,1,0.009828821
Warm A,457771,2820,2819,1836,1059,0,0.0042862897
Warm A,206741,1266,1265,1836,1059,0,0.0157184
Warm A,450069,2775,2774,1836,1059,1,0.0012703508
Warm A,157952,1015,1014,1836,1059,1,0.003273023
Warm A,762201,4528,4527,1836,1059,1,0.003818258
Warm A,252438,1530,1529,1836,1059,1,0.01142944
Warm A,497143,3054,3053,1836,1059,0,5.006045e-05
Warm A,164385,1051,1050,1836,1059,1,0.005926329
Warm A,317587,1889,1888,1836,1059,0,0.0030816586
Warm A,963933,5812,5811,1836,1059,0,-0.0011582912
Warm A,302062,1794,1793,1836,1059,0,0.0070686275
Warm A,200017,1228,1227,1836,1059,0,-0.0009523175
Warm A,923885,5580,5579,1836,1059,1,0.003054119
Warm A,195319,1203,1202,1836,1059,0,0.007875593
Warm A,159925,1019,1018,1836,1059,0,-7.070659e-05
Warm A,62716,424,423,1836,1059,0,0.008758832
Warm A,290059,1733,1732,1836,1059,1,0.0074866517
Warm A,187550,1164,1163,1836,1059,1,0.0047344416
Warm A,933380,5636,5635,1836,1059,0,8.7302644e-05
Warm A,537804,3312,3311,1837,1060,0,0.011239434
Warm A,183508,1142,1141,1837,1060,0,0.011688761
Warm A,768648,4579,4578,1837,1060,0,0.008665362
Warm A,473387,2909,2908,1837,1060,1,0.008558521
Warm A,132348,855,854,1839,1061,0,0.0081913
Warm A,32058,216,215,1839,1061,0,0.0042085587
Warm A,142163,918,917,1839,1061,0,0.00047712895
Warm A,362843,2116,2115,1839,1061,0,0.008496882
Warm A,489525,3013,3012,1839,1061,0,0.0033872966
Warm A,878939,5312,5311,1839,1061,0,0.006830979
Warm A,565463,3475,3474,1839,1061,0,-0.0050631757
Warm A,62719,424,423,1839,1061,0,0.010596793
Warm A,272760,1647,1646,1839,1061,0,0.007112979
Warm A,748816,4471,4470,1840,1062,0,-0.008587443
Warm A,534317,3299,3298,1840,1062,1,-0.0010602741
Warm A,532034,3285,3284,1840,1062,0,0.007600667
Warm A,579948,3540,3539,1840,1062,1,0.00048587914
Warm A,526199,3253,3252,1840,1062,1,-0.0029596966
Warm A,502074,3082,3081,1840,1062,0,0.0008771558
Warm A,500209,3072,3071,1840,1062,1,0.0018156496
Warm A,496426,3051,3050,1840,1062,0,0.011544345
Warm A,493947,3032,3031,1840,1062,1,-0.0006562136
Warm A,498265,3058,3057,1840,1062,1,0.007959919
Warm A,475435,2918,2917,1840,1062,1,0.0034847574
Warm A,852575,5113,5112,1840,1062,0,0.0032276635
Warm A,468323,2887,2886,1840,1062,1,0.00637046
Warm A,458886,2825,2824,1840,1062,0,-0.0014578557
Warm A,455616,2806,2805,1840,1062,0,0.0069001685
Warm A,450701,2777,2776,1840,1062,1,-0.0021003962
Warm A,431368,2628,2627,1840,1062,1,-0.0010063744
Warm A,420188,2540,2539,1840,1062,1,0.0015301146
Warm A,408101,2453,2452,1840,1062,0,0.0017001295
Warm A,399001,2376,2375,1840,1062,0,-0.00023873546
Warm A,398215,2368,2367,1840,1062,1,-0.006172945
Warm A,388599,2276,2275,1840,1062,0,-0.0004137889
Warm A,386570,2261,2260,1840,1062,0,0.010413306
Warm A,378569,2210,2209,1840,1062,1,-0.00020730877
Warm A,382454,2235,2234,1840,1062,0,-0.0041893832
Warm A,362853,2116,2115,1840,1062,0,0.0006685287
Warm A,359300,2102,2101,1840,1062,0,0.00577864
Warm A,340528,2010,2009,1840,1062,0,0.00082933716
Warm A,316187,1883,1882,1840,1062,0,0.0040850006
Warm A,314612,1879,1878,1840,1062,1,-0.0015367661
Warm A,267523,1626,1625,1840,1062,1,0.0039795735
Warm A,265643,1613,1612,1840,1062,1,0.004095358
Warm A,260961,1595,1594,1840,1062,1,0.0024351033
Warm A,659097,3971,3970,1840,1062,1,-0.0003992098
Warm A,350682,2059,2058,1840,1062,1,0.0014460181
Warm A,332563,1962,1961,1840,1062,0,0.00091547635
Warm A,301725,1793,1792,1840,1062,1,-0.0005311598
Warm A,233358,1420,1419,1840,1062,0,-0.004266606
Warm A,325293,1926,1925,1840,1062,1,0.0047956714
Warm A,307966,1836,1835,1840,1062,0,0.0033683376
Warm A,243794,1470,1469,1840,1062,1,0.010615373
Warm A,194367,1199,1198,1840,1062,0,0.005858245
Warm A,182455,1139,1138,1840,1062,0,0.0043803556
Warm A,174058,1101,1100,1840,1062,1,0.0028291238
Warm A,166376,1059,1058,1840,1062,0,-0.009324572
Warm A,334502,1974,1973,1840,1062,0,0.011524443
Warm A,163730,1050,1049,1840,1062,0,-0.00092907157
Warm A,152933,984,983,1840,1062,0,0.010372793
Warm A,151532,975,974,1840,1062,0,0.0030966224
Warm A,148693,957,956,1840,1062,1,0.007926253
Warm A,199350,1224,1223,1840,1062,1,0.0029867766
Warm A,311902,1860,1859,1840,1062,0,0.008095959
Warm A,136404,881,880,1840,1062,0,0.0009386735
Warm A,127670,824,823,1840,1062,1,0.0025445062
Warm A,126851,818,817,1840,1062,0,0.006064823
Warm A,116029,752,751,1840,1062,1,0.0038328036
Warm A,114773,746,745,1840,1062,0,0.0020176005
Warm A,107806,710,709,1840,1062,1,0.002265442
Warm A,299523,1778,1777,1840,1062,1,0.0038286988
Warm A,175978,1113,1112,1840,1062,0,0.005701164
Warm A,190656,1181,1180,1840,1062,0,0.0035190696
Warm A,82923,549,548,1840,1062,0,0.0071108798
Warm A,78362,528,527,1840,1062,0,0.008677493
Warm A,239856,1449,1448,1840,1062,0,0.0042114346
Warm A,53761,352,351,1840,1062,1,0.007060604
Warm A,68170,457,456,1840,1062,0,0.0068123024
Warm A,42969,294,293,1840,1062,1,0.0025388538
Warm A,696024,4169,4168,1840,1062,0,0.0020468743
Warm A,33948,229,228,1840,1062,1,0.002819249
Warm A,28161,195,194,1840,1062,1,0.0020571519
Warm A,26425,187,186,1840,1062,1,0.00974524
Warm A,24909,175,174,1840,1062,1,0.0050312956
Warm A,23379,168,167,1840,1062,1,-0.0015711267
Warm A,23340,167,166,1840,1062,0,-0.0025251207
Warm A,21571,157,156,1840,1062,1,0.00010116305
Warm A,16675,131,130,1840,1062,0,0.008025082
Warm A,1526,15,14,1840,1062,0,-0.0076269177
Warm A,595,8,7,1840,1062,1,0.0002456361
Warm A,223421,1354,1353,1840,1062,1,-0.0012942248
Warm A,104214,692,691,1840,1062,1,0.0053616124
Warm A,286624,1712,1711,1840,1062,0,0.007597939
Warm A,129288,839,838,1840,1062,1,0.001271891
Warm A,113713,737,736,1840,1062,1,0.0066199247
Warm A,933385,5636,5635,1840,1062,1,0.003682138
Warm A,233615,1421,1420,1840,1062,0,0.004306419
Warm A,50160,331,330,1840,1062,1,0.0075094467
Warm A,777693,4647,4646,1840,1062,0,0.0022845897
Warm A,257540,1579,1578,1840,1062,0,-0.003298997
Warm A,497149,3054,3053,1840,1062,0,-0.0027956746
Warm A,19994,149,148,1840,1062,0,0.0036016388
Warm A,317595,1889,1888,1840,1062,0,0.0132737635
Warm A,302071,1794,1793,1840,1062,0,0.0050530927
Warm A,309532,1842,1841,1840,1062,1,-0.002682862
Warm A,290066,1733,1732,1840,1062,0,0.008325969
Warm A,626618,3792,3791,1840,1062,1,0.0010699326
Warm A,62732,424,423,1840,1062,0,0.0008373137
Warm A,336665,1982,1981,1840,1062,1,0.0071308333
Warm A,941342,5682,5681,1840,1062,1,0.0045993906
Warm A,825512,4958,4957,1840,1062,1,4.4381013e-06
Warm A,193544,1194,1193,1840,1062,0,-8.212472e-05
Warm A,348905,2047,2046,1841,1063,0,0.00019212323
Warm A,295988,1757,1756,1841,1063,0,0.010499389
Warm A,265645,1613,1612,1841,1063,0,0.002334462
Warm A,263877,1606,1605,1841,1063,1,0.012872769
Warm A,335674,1980,1979,1841,1063,0,0.0071343477
Warm A,303722,1804,1803,1841,1063,0,0.0010410403
Warm A,278898,1680,1679,1841,1063,0,0.005031353
Warm A,196394,1207,1206,1841,1063,0,-0.002583468
Warm A,307314,1835,1834,1841,1063,0,0.0023546466
Warm A,331453,1958,1957,1841,1063,1,0.013658241
Warm A,183919,1146,1145,1841,1063,0,-0.010853
Warm A,168328,1069,1068,1841,1063,1,0.00024152629
Warm A,159933,1019,1018,1841,1063,0,0.005573786
Warm A,145283,935,934,1841,1063,0,0.0050280527
Warm A,117427,757,756,1841,1063,0,0.011410087
Warm A,116030,752,751,1841,1063,0,-0.002158714
Warm A,113245,735,734,1841,1063,0,0.0022916226
Warm A,110686,721,720,1841,1063,0,0.0032908707
Warm A,696026,4169,4168,1841,1063,1,0.01269865
Warm A,320731,1902,1901,1841,1063,0,-0.0017161954
Warm A,190659,1181,1180,1841,1063,0,0.012324063
Warm A,82925,549,548,1841,1063,1,0.009447175
Warm A,481709,2962,2961,1841,1063,0,0.0045782547
Warm A,26427,187,186,1841,1063,0,0.0031027154
Warm A,204488,1260,1259,1841,1063,0,0.003388546
Warm A,16982,133,132,1841,1063,1,0.0066130427
Warm A,290067,1733,1732,1841,1063,0,0.016030751
Warm A,15611,123,122,1841,1063,0,0.004049139
Warm A,638990,3842,3841,1841,1063,1,0.0037003523
Warm A,50163,331,330,1841,1063,1,0.0015125324
Warm A,712854,4277,4276,1841,1063,1,0.008976508
Warm A,129289,839,838,1841,1063,0,0.007964742
Warm A,567347,3483,3482,1841,1063,0,0.012413845
Warm A,193545,1194,1193,1841,1063,1,0.0077277003
Warm A,62735,424,423,1841,1063,1,0.0047943946
Warm A,637922,3841,3840,1848,1065,0,0.018350543
Warm A,625858,3785,3784,1848,1065,1,0.004032905
Warm A,624632,3778,3777,1848,1065,0,0.012695717
Warm A,620628,3760,3759,1848,1065,0,0.0026725177
Warm A,612856,3715,3714,1848,1065,0,0.012618497
Warm A,610126,3698,3697,1848,1065,0,-0.001277134
Warm A,607426,3687,3686,1848,1065,0,0.0077234665
Warm A,604083,3675,3674,1848,1065,0,0.0067538675
Warm A,587789,3589,3588,1848,1065,0,0.0027861118
Warm A,586718,3582,3581,1848,1065,0,0.0030330378
Warm A,758478,4510,4509,1848,1065,1,0.0017818566
Warm A,573197,3511,3510,1848,1065,1,0.000646729
Warm A,593601,3618,3617,1848,1065,0,0.0006341473
Warm A,561178,3453,3452,1848,1065,0,0.008370137
Warm A,552203,3401,3400,1848,1065,1,0.0015961723
Warm A,555193,3414,3413,1848,1065,1,0.0010020509
Warm A,541616,3333,3332,1848,1065,0,-0.0023578634
Warm A,535878,3308,3307,1848,1065,0,0.0017672188
Warm A,529558,3272,3271,1848,1065,1,0.0070510134
Warm A,521037,3216,3215,1848,1065,0,0.007474836
Warm A,539807,3320,3319,1848,1065,1,0.013390183
Warm A,527323,3261,3260,1848,1065,0,0.0043614455
Warm A,507185,3121,3120,1848,1065,0,0.010365185
Warm A,503390,3093,3092,1848,1065,0,0.012256248
Warm A,501704,3081,3080,1848,1065,0,0.0024170815
Warm A,493954,3032,3031,1848,1065,1,-2.7500791e-05
Warm A,484925,2986,2985,1848,1065,0,-0.0020446805
Warm A,477967,2934,2933,1848,1065,0,0.00716624
Warm A,472135,2906,2905,1848,1065,1,0.0010675275
Warm A,473411,2909,2908,1848,1065,0,0.0015644487
Warm A,469544,2892,2891,1848,1065,1,0.002535803
Warm A,754624,4497,4496,1848,1065,1,-0.0009175809
Warm A,466713,2878,2877,1848,1065,0,-0.007568739
Warm A,455385,2804,2803,1848,1065,1,0.013714325
Warm A,444943,2744,2743,1848,1065,0,0.0048982003
Warm A,437912,2676,2675,1848,1065,1,0.01676731
Warm A,437814,2675,2674,1848,1065,0,0.013718205
Warm A,418554,2529,2528,1848,1065,1,-0.007670773
Warm A,403607,2411,2410,1848,1065,1,0.0090089645
Warm A,385678,2255,2254,1848,1065,0,0.008220823
Warm A,384050,2244,2243,1848,1065,0,0.0038961014
Warm A,355907,2085,2084,1848,1065,0,0.003808397
Warm A,356303,2088,2087,1848,1065,0,0.002431103
Warm A,361504,2109,2108,1848,1065,0,0.0040650587
Warm A,358824,2100,2099,1848,1065,0,0.004221438
Warm A,341484,2012,2011,1848,1065,0,0.0042355442
Warm A,335680,1980,1979,1848,1065,0,0.011558685
Warm A,331104,1956,1955,1848,1065,0,-0.0048645125
Warm A,288829,1726,1725,1848,1065,0,-0.0069147134
Warm A,286232,1709,1708,1848,1065,1,0.006860243
Warm A,323727,1920,1919,1848,1065,1,0.0055062505
Warm A,283481,1697,1696,1848,1065,1,0.0070896116
Warm A,258944,1586,1585,1848,1065,1,0.012645681
Warm A,342319,2015,2014,1848,1065,0,0.0029416967
Warm A,236340,1434,1433,1848,1065,0,0.011174496
Warm A,229865,1391,1390,1848,1065,0,-0.005065726
Warm A,222347,1345,1344,1848,1065,1,0.005192753
Warm A,216006,1311,1310,1848,1065,0,0.011302972
Warm A,216909,1317,1316,1848,1065,0,0.0055535827
Warm A,296762,1759,1758,1848,1065,0,0.0015259981
Warm A,213365,1298,1297,1848,1065,0,0.015251537
Warm A,272775,1647,1646,1848,1065,0,0.005766
Warm A,207735,1271,1270,1848,1065,1,0.00883214
Warm A,261669,1599,1598,1848,1065,0,0.015055059
Warm A,278908,1680,1679,1848,1065,0,0.02015918
Warm A,196397,1207,1206,1848,1065,0,0.0100856405
Warm A,456394,2810,2809,1848,1065,0,-0.00307092
Warm A,327841,1941,1940,1848,1065,1,-0.004542578
Warm A,186336,1152,1151,1848,1065,0,0.008132201
Warm A,177490,1119,1118,1848,1065,1,-0.0082922615
Warm A,173571,1100,1099,1848,1065,0,0.016722683
Warm A,248727,1501,1500,1848,1065,0,0.005195655
Warm A,163410,1046,1045,1848,1065,0,0.006448008
Warm A,163149,1042,1041,1848,1065,0,0.011356562
Warm A,161967,1033,1032,1848,1065,1,0.0047934
Warm A,227574,1380,1379,1848,1065,0,-0.00041996315
Warm A,190665,1181,1180,1848,1065,0,0.0014034768
Warm A,360619,2106,2105,1848,1065,0,-0.004595181
Warm A,156690,1010,1009,1848,1065,0,0.009525108
Warm A,176374,1115,1114,1848,1065,0,0.0021488913
Warm A,123843,798,797,1848,1065,1,0.006898643
Warm A,110318,720,719,1848,1065,0,0.0012009551
Warm A,112361,731,730,1848,1065,1,-0.002614947
Warm A,93755,629,628,1848,1065,0,0.008879949
Warm A,87419,571,570,1848,1065,0,0.004140419
Warm A,85235,556,555,1848,1065,1,0.0030537162
Warm A,84944,552,551,1848,1065,0,0.0047613266
Warm A,82930,549,548,1848,1065,1,0.0023612403
Warm A,82070,544,543,1848,1065,1,0.0011709188
Warm A,79872,532,531,1848,1065,1,-0.004703491
Warm A,83999,550,549,1848,1065,0,-0.0031118444
Warm A,73083,494,493,1848,1065,1,3.969355e-05
Warm A,66828,449,448,1848,1065,0,-0.004724924
Warm A,65259,438,437,1848,1065,1,0.012457249
Warm A,64529,431,430,1848,1065,0,-0.0012636282
Warm A,64182,429,428,1848,1065,0,0.018210217
Warm A,39360,267,266,1848,1065,1,-0.0031904834
Warm A,33954,229,228,1848,1065,0,-0.00075752125
Warm A,14075,114,113,1848,1065,1,-0.005241194
Warm A,10516,75,74,1848,1065,1,0.0065946993
Warm A,28175,195,194,1848,1065,1,0.017094139
Warm A,7739,53,52,1848,1065,0,0.0041916696
Warm A,22546,163,162,1848,1065,0,-0.000984259
Warm A,233983,1422,1421,1848,1065,0,-2.6300084e-05
Warm A,807570,4834,4833,1848,1065,1,0.007023395
Warm A,129293,839,838,1848,1065,1,-0.0025538749
Warm A,567352,3483,3482,1848,1065,0,-0.000108648324
Warm A,12007,92,91,1848,1065,0,0.017125394
Warm A,427322,2594,2593,1848,1065,0,0.0015490683
Warm A,178008,1120,1119,1848,1065,0,-0.0035833428
Warm A,171441,1088,1087,1848,1065,0,0.005651617
Warm A,206281,1265,1264,1848,1065,0,0.00567896
Warm A,811043,4867,4866,1848,1065,1,0.0145947235
Warm A,823252,4950,4949,1848,1065,0,0.0021053236
Warm A,484581,2985,2984,1848,1065,0,0.007190872
Warm A,638994,3842,3841,1848,1065,1,0.0042672255
Warm A,25995,184,183,1848,1065,1,0.0030573467
Warm A,286235,1709,1708,1855,1066,1,0.012346283
Warm A,259380,1587,1586,1855,1066,0,0.002801672
Warm A,335688,1980,1979,1855,1066,0,0.016733285
Warm A,262164,1600,1599,1855,1066,0,0.009696157
Warm A,261671,1599,1598,1855,1066,1,0.013000714
Warm A,278922,1680,1679,1855,1066,0,0.009662548
Warm A,187383,1163,1162,1855,1066,0,-0.0051959488
Warm A,178015,1120,1119,1855,1066,0,-0.0021323783
Warm A,243809,1470,1469,1855,1066,1,0.0058992417
Warm A,179505,1125,1124,1855,1066,1,0.0016419473
Warm A,173577,1100,1099,1855,1066,0,0.003840519
Warm A,272096,1645,1644,1855,1066,1,0.0006239733
Warm A,156697,1010,1009,1855,1066,0,0.0068708444
Warm A,248730,1501,1500,1855,1066,1,0.009942353
Warm A,124202,800,799,1855,1066,0,0.011921476
Warm A,360625,2106,2105,1855,1066,0,0.008128015
Warm A,105958,699,698,1855,1066,0,0.011166727
Warm A,109230,714,713,1855,1066,1,0.0013863661
Warm A,98691,660,659,1855,1066,0,0.0019070413
Warm A,291258,1737,1736,1855,1066,0,0.0028126584
Warm A,82938,549,548,1855,1066,1,0.0060850424
Warm A,84007,550,549,1855,1066,0,0.011967002
Warm A,65266,438,437,1855,1066,1,0.010134245
Warm A,58082,392,391,1855,1066,0,-0.001267618
Warm A,48264,324,323,1855,1066,0,0.004723125
Warm A,39571,268,267,1855,1066,0,0.00020868232
Warm A,32109,216,215,1855,1066,0,0.019932646
Warm A,239869,1449,1448,1855,1066,0,0.019659664
Warm A,304037,1806,1805,1855,1066,0,0.006888964
Warm A,16440,130,129,1855,1066,0,6.9518224e-05
Warm A,234856,1425,1424,1855,1066,0,0.008347809
Warm A,626630,3792,3791,1855,1066,0,0.001948775
Warm A,28204,195,194,1855,1066,0,0.0059358766
Warm A,362868,2116,2115,1855,1066,0,-0.0061311303
Warm A,784015,4682,4681,1855,1066,1,0.0063323835
Warm A,682304,4085,4084,1855,1066,0,0.0055727027
Warm A,327852,1941,1940,1855,1066,0,0.004831409
Warm A,489537,3013,3012,1855,1066,0,0.012067065
Warm A,599145,3648,3647,1855,1066,0,0.003581659
Warm A,52169,343,342,1855,1066,1,-0.0019834267
Warm A,768654,4579,4578,1855,1066,0,0.0075877053
Warm A,501209,3080,3079,1855,1066,0,0.007207027
Warm A,564280,3471,3470,1855,1066,0,0.0099470485
Warm A,215453,1306,1305,1855,1066,1,0.01668575
Warm A,174064,1101,1100,1855,1066,0,0.012947153
Warm A,562485,3462,3461,1855,1066,0,0.005520583
Warm A,974258,5878,5877,1855,1066,0,0.008312314
Warm A,549939,3391,3390,1855,1066,0,0.0011831832
Warm A,26448,187,186,1856,1067,1,0.0010937562
Warm A,947518,5722,5721,1856,1067,1,0.0032219384
Warm A,18097,139,138,1856,1067,1,0.003176515
Warm A,17520,136,135,1856,1067,0,-6.0672464e-05
Warm A,372608,2176,2175,1856,1067,1,0.0016361803
Warm A,290075,1733,1732,1856,1067,0,0.0033245853
Warm A,309537,1842,1841,1856,1067,1,0.0060173115
Warm A,719974,4312,4311,1856,1067,0,0.0024346053
Warm A,480429,2947,2946,1856,1067,0,0.0037412993
Warm A,233619,1421,1420,1856,1067,1,0.004662667
Warm A,974259,5878,5877,1856,1067,0,0.0004739368
Warm A,549940,3391,3390,1856,1067,1,0.008366294
Warm A,548949,3389,3388,1858,1068,0,0.010864202
Warm A,525034,3242,3241,1858,1068,0,0.007201663
Warm A,520300,3209,3208,1858,1068,0,0.005837032
Warm A,516881,3191,3190,1858,1068,0,0.004174782
Warm A,511293,3154,3153,1858,1068,0,0.012611695
Warm A,507186,3121,3120,1858,1068,0,0.012037728
Warm A,505808,3111,3110,1858,1068,0,0.0021891813
Warm A,646605,3892,3891,1858,1068,0,0.01579981
Warm A,516378,3189,3188,1858,1068,0,0.009190667
Warm A,496429,3051,3050,1858,1068,0,0.003991421
Warm A,493964,3032,3031,1858,1068,1,0.01058292
Warm A,490654,3018,3017,1858,1068,1,0.012840571
Warm A,486577,2995,2994,1858,1068,1,0.007039642
Warm A,482628,2967,2966,1858,1068,0,0.0137116145
Warm A,471314,2900,2899,1858,1068,0,0.019280214
Warm A,468330,2887,2886,1858,1068,1,0.0047882553
Warm A,468092,2886,2885,1858,1068,1,0.010457053
Warm A,466314,2876,2875,1858,1068,1,-0.0027045019
Warm A,450716,2777,2776,1858,1068,0,0.01370123
Warm A,564281,3471,3470,1858,1068,0,0.016599353
Warm A,447878,2761,2760,1858,1068,0,0.008246943
Warm A,440944,2700,2699,1858,1068,0,-0.003361612
Warm A,424677,2576,2575,1858,1068,1,0.0042631146
Warm A,609602,3695,3694,1858,1068,1,0.00058839703
Warm A,402664,2403,2402,1858,1068,0,0.0031918029
Warm A,400331,2383,2382,1858,1068,1,0.0069766184
Warm A,383628,2242,2241,1858,1068,1,0.012313597
Warm A,370460,2166,2165,1858,1068,1,0.0010179918
Warm A,367203,2143,2142,1858,1068,1,0.01490584
Warm A,355915,2085,2084,1858,1068,1,0.0070819994
Warm A,349491,2051,2050,1858,1068,0,0.0025670489
Warm A,351604,2063,2062,1858,1068,0,0.01426037
Warm A,373948,2181,2180,1858,1068,0,0.010561367
Warm A,342322,2015,2014,1858,1068,1,-0.0007269485
Warm A,341490,2012,2011,1858,1068,0,0.005965581
Warm A,380753,2225,2224,1858,1068,0,0.014436109
Warm A,303489,1803,1802,1858,1068,1,0.0140719395
Warm A,297395,1764,1763,1858,1068,1,0.008835053
Warm A,285913,1706,1705,1858,1068,0,-1.2157951e-05
Warm A,289257,1727,1726,1858,1068,1,0.014527327
Warm A,288830,1726,1725,1858,1068,0,0.012050391
Warm A,282576,1694,1693,1858,1068,1,0.0065346565
Warm A,269823,1635,1634,1858,1068,1,0.011536621
Warm A,358215,2097,2096,1858,1068,1,0.005107597
Warm A,257547,1579,1578,1858,1068,0,0.010729518
Warm A,256329,1564,1563,1858,1068,1,0.004836876
Warm A,329220,1943,1942,1858,1068,1,0.0146662
Warm A,231607,1404,1403,1858,1068,0,0.007242272
Warm A,227048,1377,1376,1858,1068,0,0.018606875
Warm A,296766,1759,1758,1858,1068,1,0.005292423
Warm A,213866,1299,1298,1858,1068,1,0.004776935
Warm A,350266,2056,2055,1858,1068,0,0.017756537
Warm A,267161,1624,1623,1858,1068,0,-0.00016767252
Warm A,363915,2120,2119,1858,1068,1,0.0018928773
Warm A,175419,1112,1111,1858,1068,1,0.010289306
Warm A,327856,1941,1940,1858,1068,1,0.016844917
Warm A,344398,2021,2020,1858,1068,0,-0.00029371283
Warm A,227576,1380,1379,1858,1068,0,0.009709715
Warm A,319972,1899,1898,1858,1068,1,0.0056785485
Warm A,155794,1004,1003,1858,1068,0,0.01313783
Warm A,190675,1181,1180,1858,1068,0,0.016926464
Warm A,276859,1675,1674,1858,1068,0,0.0062791174
Warm A,136414,881,880,1858,1068,0,0.008161889
Warm A,135521,877,876,1858,1068,1,0.008318422
Warm A,121845,785,784,1858,1068,1,-0.00050962064
Warm A,115077,747,746,1858,1068,1,0.017314408
Warm A,113251,735,734,1858,1068,0,0.013237409
Warm A,96369,647,646,1858,1068,0,0.012744762
Warm A,91602,608,607,1858,1068,0,-0.00061384635
Warm A,80682,536,535,1858,1068,0,-0.000965605
Warm A,84008,550,549,1858,1068,0,0.008747869
Warm A,77345,524,523,1858,1068,0,0.018880734
Warm A,87055,569,568,1858,1068,1,0.009766973
Warm A,67375,453,452,1858,1068,0,0.009275695
Warm A,65267,438,437,1858,1068,1,0.008442302
Warm A,38040,260,259,1858,1068,0,0.006878418
Warm A,537818,3312,3311,1858,1068,0,0.009448428
Warm A,53265,351,350,1858,1068,1,0.0060332045
Warm A,35856,242,241,1858,1068,1,0.0055194204
Warm A,626631,3792,3791,1858,1068,1,0.01722429
Warm A,29222,199,198,1858,1068,0,0.015583341
Warm A,291260,1737,1736,1858,1068,0,0.017657004
Warm A,299957,1779,1778,1858,1068,1,0.0048582833
Warm A,23712,169,168,1858,1068,1,0.0066096596
Warm A,22568,163,162,1858,1068,0,0.014001291
Warm A,16863,132,131,1858,1068,1,0.019080713
Warm A,12503,95,94,1858,1068,1,0.011554312
Warm A,10269,73,72,1858,1068,1,0.0020777339
Warm A,17171,134,133,1858,1068,1,0.0061693685
Warm A,538433,3313,3312,1858,1068,1,0.00313416
Warm A,552212,3401,3400,1858,1068,1,0.01102838
Warm A,104220,692,691,1858,1068,1,0.010869183
Warm A,237759,1447,1446,1858,1068,1,0.013534045
Warm A,635826,3833,3832,1858,1068,0,0.016487472
Warm A,54523,355,354,1858,1068,1,0.005550856
Warm A,475440,2918,2917,1858,1068,0,0.0074657607
Warm A,130482,846,845,1858,1068,1,-0.0011317257
Warm A,447305,2756,2755,1858,1068,0,0.010436099
Warm A,116042,752,751,1858,1068,0,0.016033044
Warm A,11637,90,89,1858,1068,1,0.0062023588
Warm A,145751,937,936,1858,1068,0,0.0077401665
Warm A,164410,1051,1050,1858,1068,0,0.014238483
Warm A,309538,1842,1841,1858,1068,1,0.01895833
Warm A,290076,1733,1732,1858,1068,0,0.012029457
Warm A,621995,3768,3767,1858,1068,0,0.014405595
Warm A,476294,2926,2925,1858,1068,0,0.009105176
Warm A,388080,2271,2270,1858,1068,0,0.00308754
Warm A,581273,3550,3549,1858,1068,1,0.012742892
Warm A,420890,2544,2543,1858,1068,1,0.010104898
Warm A,840400,5049,5048,1858,1068,1,0.0071036527
Warm A,272782,1647,1646,1858,1068,0,0.02093328
Warm A,221222,1340,1339,1858,1068,0,0.0057552643
Warm A,629269,3808,3807,1862,1069,0,0.012008485
Warm A,623303,3771,3770,1862,1069,0,0.0034597106
Warm A,621137,3762,3761,1862,1069,0,0.018847298
Warm A,620636,3760,3759,1862,1069,0,0.011618645
Warm A,617268,3736,3735,1862,1069,0,0.006452555
Warm A,613199,3716,3715,1862,1069,1,0.0058719316
Warm A,612863,3715,3714,1862,1069,0,-0.0022449656
Warm A,599897,3650,3649,1862,1069,0,0.015135282
Warm A,584183,3565,3564,1862,1069,0,0.0014460897
Warm A,758485,4510,4509,1862,1069,0,0.024848199
Warm A,572781,3509,3508,1862,1069,0,0.0057128267
Warm A,657075,3961,3960,1862,1069,0,0.0172704
Warm A,557183,3423,3422,1862,1069,0,0.00073065166
Warm A,555713,3416,3415,1862,1069,0,0.01056032
Warm A,548955,3389,3388,1862,1069,0,0.013204146
Warm A,549950,3391,3390,1862,1069,0,0.015492927
Warm A,545648,3365,3364,1862,1069,1,0.017225176
Warm A,535890,3308,3307,1862,1069,0,0.0052134222
Warm A,531659,3283,3282,1862,1069,0,0.002519876
Warm A,517383,3193,3192,1862,1069,0,0.008142391
Warm A,513683,3169,3168,1862,1069,0,0.006798429
Warm A,566127,3476,3475,1862,1069,0,0.0029096238
Warm A,507188,3121,3120,1862,1069,1,0.005525636
Warm A,516383,3189,3188,1862,1069,0,0.013008311
Warm A,589848,3599,3598,1862,1069,0,-0.005261963
Warm A,489164,3012,3011,1862,1069,0,0.0005861698
Warm A,491569,3024,3023,1862,1069,0,0.0040933285
Warm A,653452,3940,3939,1862,1069,0,0.013778588
Warm A,472466,2907,2906,1862,1069,0,0.006193606
Warm A,473430,2909,2908,1862,1069,0,0.016578544
Warm A,463166,2857,2856,1862,1069,0,0.017305363
Warm A,457792,2820,2819,1862,1069,0,0.008918143
Warm A,475445,2918,2917,1862,1069,0,0.0076239705
Warm A,445534,2748,2747,1862,1069,0,0.013442488
Warm A,438970,2682,2681,1862,1069,0,-0.0014551368
Warm A,430031,2621,2620,1862,1069,0,0.002255925
Warm A,426419,2590,2589,1862,1069,0,0.006370806
Warm A,424678,2576,2575,1862,1069,0,0.0051686727
Warm A,409545,2457,2456,1862,1069,0,0.0056488253
Warm A,396316,2344,2343,1862,1069,0,0.0072183413
Warm A,391128,2299,2298,1862,1069,0,0.011613932
Warm A,386576,2261,2260,1862,1069,0,0.0075860564
Warm A,377171,2203,2202,1862,1069,0,0.0071903598
Warm A,376820,2200,2199,1862,1069,0,-0.0017283633
Warm A,370674,2167,2166,1862,1069,0,0.0052743685
Warm A,366768,2138,2137,1862,1069,1,-0.00012487685
Warm A,365351,2126,2125,1862,1069,0,0.0045310017
Warm A,358438,2098,2097,1862,1069,0,0.004845718
Warm A,351617,2063,2062,1862,1069,0,0.009720334
Warm A,340540,2010,2009,1862,1069,0,0.008302448
Warm A,342329,2015,2014,1862,1069,0,0.01241907
Warm A,323502,1919,1918,1862,1069,0,0.00613812
Warm A,305279,1814,1813,1862,1069,0,0.011238318
Warm A,297403,1764,1763,1862,1069,1,-0.005283821
Warm A,295438,1754,1753,1862,1069,0,0.0034587975
Warm A,293134,1746,1745,1862,1069,0,0.012237063
Warm A,288415,1723,1722,1862,1069,1,0.0121751465
Warm A,275049,1666,1665,1862,1069,0,0.008469488
Warm A,277543,1676,1675,1862,1069,0,0.020162575
Warm A,276868,1675,1674,1862,1069,1,0.00488814
Warm A,287393,1716,1715,1862,1069,0,0.012911765
Warm A,271427,1641,1640,1862,1069,0,0.013009243
Warm A,268311,1630,1629,1862,1069,0,0.01410521
Warm A,266607,1617,1616,1862,1069,0,0.011180667
Warm A,392060,2304,2303,1862,1069,1,-6.9794245e-05
Warm A,227055,1377,1376,1862,1069,0,0.01587933
Warm A,224461,1357,1356,1862,1069,0,0.012815866
Warm A,216190,1312,1311,1862,1069,0,0.013781077
Warm A,214065,1300,1299,1862,1069,0,0.0021770617
Warm A,327873,1941,1940,1862,1069,0,0.022784365
Warm A,186911,1159,1158,1862,1069,0,-0.00011592219
Warm A,178823,1122,1121,1862,1069,0,0.016932655
Warm A,178023,1120,1119,1862,1069,0,0.011197574
Warm A,177501,1119,1118,1862,1069,0,0.0059900805
Warm A,183931,1146,1145,1862,1069,0,0.0060236575
Warm A,168337,1069,1068,1862,1069,0,0.0073996354
Warm A,157996,1015,1014,1862,1069,0,0.012611227
Warm A,436298,2665,2664,1862,1069,0,0.014811246
Warm A,147349,949,948,1862,1069,0,0.019777898
Warm A,146887,948,947,1862,1069,0,0.004390598
Warm A,190686,1181,1180,1862,1069,0,0.0061580045
Warm A,156706,1010,1009,1862,1069,0,0.013918522
Warm A,215458,1306,1305,1862,1069,0,0.012294898
Warm A,135528,877,876,1862,1069,0,0.015227316
Warm A,134138,869,868,1862,1069,0,0.0082912035
Warm A,138048,889,888,1862,1069,0,0.0048117796
Warm A,127066,820,819,1862,1069,0,0.008415439
Warm A,125500,808,807,1862,1069,0,0.0068579763
Warm A,120340,777,776,1862,1069,0,0.011334631
Warm A,119720,772,771,1862,1069,0,0.008277254
Warm A,114074,741,740,1862,1069,1,0.0062575494
Warm A,166759,1060,1059,1862,1069,0,0.016211715
Warm A,107819,710,709,1862,1069,0,0.008447934
Warm A,99421,663,662,1862,1069,0,0.014687975
Warm A,92716,621,620,1862,1069,0,0.015482727
Warm A,91169,604,603,1862,1069,0,0.021176793
Warm A,320735,1902,1901,1862,1069,0,0.010346514
Warm A,299534,1778,1777,1862,1069,0,0.015603156
Warm A,86064,563,562,1862,1069,0,0.014965622
Warm A,82483,548,547,1862,1069,0,-0.0030312585
Warm A,362880,2116,2115,1862,1069,0,0.009488476
Warm A,68631,461,460,1862,1069,0,0.009457581
Warm A,66501,445,444,1862,1069,0,0.007322208
Warm A,53830,352,351,1862,1069,0,0.009142077
Warm A,51172,337,336,1862,1069,0,0.016822712
Warm A,51000,336,335,1862,1069,0,0.004885354
Warm A,110702,721,720,1862,1069,1,0.014988374
Warm A,45206,305,304,1862,1069,0,0.003175573
Warm A,41833,284,283,1862,1069,0,0.0025384254
Warm A,41208,278,277,1862,1069,1,0.002300152
Warm A,38518,262,261,1862,1069,0,-0.0033827312
Warm A,33966,229,228,1862,1069,0,0.0055399532
Warm A,29231,199,198,1862,1069,0,0.0052526183
Warm A,291265,1737,1736,1862,1069,0,0.00022692655
Warm A,99821,667,666,1862,1069,0,-0.008154949
Warm A,536992,3311,3310,1862,1069,0,0.0031367019
Warm A,22582,163,162,1862,1069,0,0.012815317
Warm A,8516,58,57,1862,1069,0,0.013670885
Warm A,696063,4169,4168,1862,1069,0,0.012509423
Warm A,552219,3401,3400,1862,1069,0,0.013689136
Warm A,174067,1101,1100,1862,1069,0,0.012380946
Warm A,626643,3792,3791,1862,1069,0,0.008520169
Warm A,237772,1447,1446,1862,1069,0,0.01206105
Warm A,365698,2129,2128,1862,1069,0,0.006996062
Warm A,50199,331,330,1862,1069,0,0.007027643
Warm A,171461,1088,1087,1862,1069,0,0.011223529
Warm A,454550,2796,2795,1862,1069,0,0.007318506
Warm A,28230,195,194,1862,1069,0,0.015743129
Warm A,310598,1851,1850,1862,1069,0,0.0017429073
Warm A,811050,4867,4866,1862,1069,0,0.0076075387
Warm A,221228,1340,1339,1862,1069,0,0.012563159
Warm A,891482,5387,5386,1862,1069,0,0.0156207625
Warm A,977861,5892,5891,1862,1069,0,0.011322947
Warm A,206284,1265,1264,1862,1069,0,0.0020330455
Warm A,230474,1395,1394,1862,1069,0,0.010280222
Warm A,484583,2985,2984,1862,1069,1,0.0022038482
Warm A,241085,1451,1450,1862,1069,0,0.014790785
Warm A,718498,4305,4304,1862,1069,0,0.0062701427
Warm A,579951,3540,3539,1863,1070,1,0.0046292655
Warm A,577679,3527,3526,1863,1070,0,-0.0025112457
Warm A,617025,3735,3734,1863,1070,0,0.00095961895
Warm A,556827,3422,3421,1863,1070,0,0.0061766524
Warm A,552220,3401,3400,1863,1070,0,0.0071871425
Warm A,575228,3519,3518,1863,1070,0,0.011074623
Warm A,545649,3365,3364,1863,1070,0,0.011288466
Warm A,540970,3328,3327,1863,1070,0,0.0044269455
Warm A,536993,3311,3310,1863,1070,0,0.012782594
Warm A,535891,3308,3307,1863,1070,0,0.005470235
Warm A,532047,3285,3284,1863,1070,0,0.014792462
Warm A,515387,3182,3181,1863,1070,0,0.008624611
Warm A,514832,3180,3179,1863,1070,0,0.008749189
Warm A,512718,3163,3162,1863,1070,0,0.014562702
Warm A,508539,3129,3128,1863,1070,0,0.017420499
Warm A,502083,3082,3081,1863,1070,0,-0.004689285
Warm A,516384,3189,3188,1863,1070,0,0.008359728
Warm A,493972,3032,3031,1863,1070,1,0.010173567
Warm A,492014,3026,3025,1863,1070,0,0.0069105616
Warm A,473431,2909,2908,1863,1070,0,0.0040517817
Warm A,467613,2882,2881,1863,1070,1,0.0061511816
Warm A,452243,2785,2784,1863,1070,0,0.0066621634
Warm A,450216,2776,2775,1863,1070,0,0.0031952532
Warm A,438796,2681,2680,1863,1070,0,-0.006837216
Warm A,430032,2621,2620,1863,1070,0,0.007420198
Warm A,450724,2777,2776,1863,1070,0,0.004601029
Warm A,412748,2484,2483,1863,1070,0,0.007077524
Warm A,405679,2432,2431,1863,1070,1,-0.0048622414
Warm A,404143,2415,2414,1863,1070,0,0.012194463
Warm A,404461,2419,2418,1863,1070,0,0.0008844199
Warm A,399458,2378,2377,1863,1070,1,0.0043483777
Warm A,392062,2304,2303,1863,1070,0,0.0063638827
Warm A,355918,2085,2084,1863,1070,0,0.010351861
Warm A,351618,2063,2062,1863,1070,0,0.015000542
Warm A,341496,2012,2011,1863,1070,0,0.0029239068
Warm A,340541,2010,2009,1863,1070,0,0.005223663
Warm A,314616,1879,1878,1863,1070,0,0.00024846592
Warm A,299009,1776,1775,1863,1070,0,0.0047073187
Warm A,262168,1600,1599,1863,1070,0,0.016368447
Warm A,224094,1356,1355,1863,1070,0,0.0013217056
Warm A,215908,1309,1308,1863,1070,1,0.009915189
Warm A,212833,1297,1296,1863,1070,0,0.0089526735
Warm A,261679,1599,1598,1863,1070,0,0.00765291
Warm A,278945,1680,1679,1863,1070,0,0.0026595402
Warm A,235818,1427,1426,1863,1070,0,-0.0043407776
Warm A,186912,1159,1158,1863,1070,0,0.008550271
Warm A,198597,1220,1219,1863,1070,1,0.0024135797
Warm A,255476,1556,1555,1863,1070,0,0.010785879
Warm A,155799,1004,1003,1863,1070,0,0.0044426452
Warm A,156707,1010,1009,1863,1070,0,0.0066781873
Warm A,136423,881,880,1863,1070,0,0.0047022784
Warm A,332574,1962,1961,1863,1070,0,0.0069237025
Warm A,121480,781,780,1863,1070,0,0.004434366
Warm A,115325,749,748,1863,1070,0,0.008422109
Warm A,299535,1778,1777,1863,1070,0,0.009574888
Warm A,118302,765,764,1863,1070,0,0.010608764
Warm A,98697,660,659,1863,1070,0,0.010226462
Warm A,370934,2168,2167,1863,1070,1,0.008440604
Warm A,96373,647,646,1863,1070,0,0.011208392
Warm A,631467,3821,3820,1863,1070,0,0.010571945
Warm A,190688,1181,1180,1863,1070,0,0.0089038545
Warm A,119129,770,769,1863,1070,0,0.009863274
Warm A,70722,476,475,1863,1070,0,0.0036318842
Warm A,65273,438,437,1863,1070,0,0.009618393
Warm A,59447,403,402,1863,1070,1,0.0118658515
Warm A,55811,369,368,1863,1070,0,0.0066074464
Warm A,40027,271,270,1863,1070,0,0.003417077
Warm A,38939,264,263,1863,1070,0,0.0029779337
Warm A,32130,216,215,1863,1070,0,0.0107485335
Warm A,239880,1449,1448,1863,1070,0,0.008839636
Warm A,107820,710,709,1863,1070,0,0.01136544
Warm A,696065,4169,4168,1863,1070,0,0.0062117465
Warm A,78373,528,527,1863,1070,0,0.005524322
Warm A,626644,3792,3791,1863,1070,0,0.007091524
Warm A,682314,4085,4084,1863,1070,0,0.01184122
Warm A,272103,1645,1644,1863,1070,1,0.0052025146
Warm A,293672,1748,1747,1863,1070,0,0.0066276495
Warm A,79271,531,530,1863,1070,0,0.0087162275
Warm A,342330,2015,2014,1863,1070,0,0.009957603
Warm A,215459,1306,1305,1863,1070,0,0.006563944
Warm A,272791,1647,1646,1863,1070,1,0.0081017455
Warm A,331471,1958,1957,1863,1070,0,0.0059551504
Warm A,648956,3910,3909,1866,1071,0,0.0010473038
Warm A,702374,4213,4212,1866,1071,1,-0.0013416568
Warm A,642726,3868,3867,1866,1071,1,0.0020511611
Warm A,629273,3808,3807,1866,1071,1,0.0021366032
Warm A,624647,3778,3777,1866,1071,0,0.014554745
Warm A,623305,3771,3770,1866,1071,0,0.0060347905
Warm A,613201,3716,3715,1866,1071,1,-0.0028242979
Warm A,601151,3654,3653,1866,1071,0,0.0008712299
Warm A,596437,3626,3625,1866,1071,1,-0.0028128568
Warm A,577013,3526,3525,1866,1071,1,0.009511319
Warm A,744787,4448,4447,1866,1071,1,0.0018164157
Warm A,573857,3513,3512,1866,1071,0,0.0005058389
Warm A,591872,3610,3609,1866,1071,1,0.0001892962
Warm A,590532,3602,3601,1866,1071,0,-0.012636506
Warm A,572003,3507,3506,1866,1071,0,0.00021460187
Warm A,567363,3483,3482,1866,1071,0,0.0017689485
Warm A,569090,3491,3490,1866,1071,1,0.008841965
Warm A,581276,3550,3549,1866,1071,1,0.00488735
Warm A,555715,3416,3415,1866,1071,1,0.008654826
Warm A,548957,3389,3388,1866,1071,0,0.0025185521
Warm A,549952,3391,3390,1866,1071,0,-0.0006310013
Warm A,536995,3311,3310,1866,1071,1,0.0037397253
Warm A,635827,3833,3832,1866,1071,1,0.0038924885
Warm A,537826,3312,3311,1866,1071,1,0.022745105
Warm A,516885,3191,3190,1866,1071,1,-0.010882071
Warm A,514834,3180,3179,1866,1071,0,-0.007796363
Warm A,508541,3129,3128,1866,1071,0,0.0024567568
Warm A,506616,3118,3117,1866,1071,1,0.0016249926
Warm A,496432,3051,3050,1866,1071,0,-0.004399665
Warm A,493974,3032,3031,1866,1071,0,-0.0012658997
Warm A,491343,3022,3021,1866,1071,0,0.015058457
Warm A,477453,2931,2930,1866,1071,0,-0.0025326917
Warm A,473433,2909,2908,1866,1071,1,0.0085255625
Warm A,469356,2890,2889,1866,1071,0,0.0055112992
Warm A,646609,3892,3891,1866,1071,0,0.0066495184
Warm A,466318,2876,2875,1866,1071,1,0.0049813297
Warm A,463168,2857,2856,1866,1071,0,0.015613056
Warm A,460246,2840,2839,1866,1071,1,0.010597879
Warm A,486966,2996,2995,1866,1071,0,0.0019266745
Warm A,453613,2793,2792,1866,1071,1,-0.004792611
Warm A,450725,2777,2776,1866,1071,0,-0.0015314114
Warm A,449320,2771,2770,1866,1071,1,-0.0047915843
Warm A,447882,2761,2760,1866,1071,0,0.0036548262
Warm A,442859,2730,2729,1866,1071,1,-0.0005389856
Warm A,564288,3471,3470,1866,1071,0,0.014233639
Warm A,409547,2457,2456,1866,1071,0,0.010177506
Warm A,406918,2445,2444,1866,1071,1,-0.0015568212
Warm A,437667,2673,2672,1866,1071,0,-0.00078233425
Warm A,375057,2186,2185,1866,1071,0,-0.00033581033
Warm A,370226,2165,2164,1866,1071,1,-0.00067683135
Warm A,351622,2063,2062,1866,1071,1,0.0052720755
Warm A,341497,2012,2011,1866,1071,0,0.01128939
Warm A,340543,2010,2009,1866,1071,0,0.004183583
Warm A,299536,1778,1777,1866,1071,1,0.009037633
Warm A,288835,1726,1725,1866,1071,0,-0.0018979647
Warm A,281207,1687,1686,1866,1071,1,0.00019944692
Warm A,269833,1635,1634,1866,1071,0,0.01188292
Warm A,302987,1800,1799,1866,1071,0,-0.008112292
Warm A,259387,1587,1586,1866,1071,0,0.0018960079
Warm A,360631,2106,2105,1866,1071,0,0.0061122077
Warm A,253131,1538,1537,1866,1071,1,0.00021380332
Warm A,243198,1466,1465,1866,1071,1,0.0033941916
Warm A,283137,1696,1695,1866,1071,0,0.010922302
Warm A,329228,1943,1942,1866,1071,1,0.0048962687
Warm A,270815,1639,1638,1866,1071,0,-0.005957084
Warm A,223435,1354,1353,1866,1071,1,0.0055816416
Warm A,311443,1855,1854,1866,1071,0,0.004116392
Warm A,296768,1759,1758,1866,1071,1,-0.0033181957
Warm A,277544,1676,1675,1866,1071,1,0.011941309
Warm A,243819,1470,1469,1866,1071,0,0.015326234
Warm A,205278,1263,1262,1866,1071,0,0.007970531
Warm A,320736,1902,1901,1866,1071,1,-0.011364337
Warm A,196406,1207,1206,1866,1071,0,0.006927052
Warm A,193154,1193,1192,1866,1071,0,-0.0074187447
Warm A,267166,1624,1623,1866,1071,1,0.0084681325
Warm A,363916,2120,2119,1866,1071,1,0.009402375
Warm A,173584,1100,1099,1866,1071,0,0.002015989
Warm A,175426,1112,1111,1866,1071,0,0.0030986303
Warm A,214510,1302,1301,1866,1071,1,-0.0012088933
Warm A,170470,1086,1085,1866,1071,0,0.0021872218
Warm A,154799,999,998,1866,1071,0,0.0043910453
Warm A,249199,1502,1501,1866,1071,1,-0.0061629084
Warm A,325772,1928,1927,1866,1071,1,-0.00023706863
Warm A,276870,1675,1674,1866,1071,1,0.0052764704
Warm A,136424,881,880,1866,1071,0,-0.0035883468
Warm A,135529,877,876,1866,1071,0,-0.0016666055
Warm A,202405,1244,1243,1866,1071,0,0.0028879882
Warm A,124815,802,801,1866,1071,1,-0.0036761407
Warm A,121848,785,784,1866,1071,1,0.0036147484
Warm A,119131,770,769,1866,1071,0,0.0064151
Warm A,114778,746,745,1866,1071,0,0.0011516758
Warm A,107822,710,709,1866,1071,1,0.0069055376
Warm A,100105,669,668,1866,1071,1,-0.00036376412
Warm A,121707,783,782,1866,1071,0,-0.007377319
Warm A,92994,623,622,1866,1071,0,-0.00017159153
Warm A,886844,5359,5358,1866,1071,0,0.0042301994
Warm A,86555,566,565,1866,1071,0,-0.000226186
Warm A,291266,1737,1736,1866,1071,0,-0.00514541
Warm A,190690,1181,1180,1866,1071,0,0.011742543
Warm A,77354,524,523,1866,1071,0,0.0032520439
Warm A,116052,752,751,1866,1071,1,0.0018526441
Warm A,67379,453,452,1866,1071,0,0.0041996213
Warm A,74718,509,508,1866,1071,0,-0.0076637976
Warm A,53836,352,351,1866,1071,0,0.0009708902
Warm A,44578,302,301,1866,1071,0,0.006439374
Warm A,29910,202,201,1866,1071,1,-0.000106066
Warm A,29235,199,198,1866,1071,1,0.001636107
Warm A,22585,163,162,1866,1071,0,-0.0154350605
Warm A,27224,192,191,1866,1071,1,0.0076429434
Warm A,262495,1601,1600,1866,1071,1,-0.0009438009
Warm A,696068,4169,4168,1866,1071,0,0.008666171
Warm A,354789,2077,2076,1866,1071,1,0.0005441115
Warm A,104223,692,691,1866,1071,1,-0.0007561187
Warm A,790354,4728,4727,1866,1071,0,0.0003678532
Warm A,109752,716,715,1866,1071,1,-0.0065318085
Warm A,362881,2116,2115,1866,1071,1,-0.002113499
Warm A,28233,195,194,1866,1071,0,0.011276493
Warm A,943312,5689,5688,1866,1071,0,0.007230715
Warm A,470714,2898,2897,1866,1071,1,0.008179998
Warm A,139151,890,889,1866,1071,1,-0.008355195
Warm A,134139,869,868,1866,1071,1,0.009412
Warm A,785760,4697,4696,1866,1071,1,-0.002210432
Warm A,206285,1265,1264,1866,1071,0,0.004139083
Warm A,290083,1733,1732,1866,1071,0,0.013072262
Warm A,561521,3454,3453,1866,1071,0,0.017262947
Warm A,231059,1399,1398,1866,1071,0,0.0031365603
Warm A,171464,1088,1087,1866,1071,0,0.0018261122
Warm A,234866,1425,1424,1866,1071,0,0.000117282616
Warm A,718499,4305,4304,1866,1071,1,0.0072703734
Warm A,38326,261,260,1870,1072,1,0.012739308
Warm A,299960,1779,1778,1870,1072,1,0.00813772
Warm A,223442,1354,1353,1870,1072,0,0.002402375
Warm A,389408,2282,2281,1870,1072,0,-0.005257438
Warm A,712895,4277,4276,1870,1072,1,0.0038867583
Warm A,161305,1029,1028,1870,1072,0,-0.001820358
Warm A,983006,5938,5937,1870,1072,0,0.0021411432
Warm A,682323,4085,4084,1870,1072,0,-0.008303659
Warm A,317615,1889,1888,1870,1072,0,-0.0016267239
Warm A,456404,2810,2809,1870,1072,1,0.0020001624
Warm A,116060,752,751,1870,1072,1,0.0003120955
Warm A,718502,4305,4304,1870,1072,1,-0.0068343105
Warm A,520723,3212,3211,1875,1074,1,-0.003952517
Warm A,532058,3285,3284,1875,1074,0,-0.00091834273
Warm A,490222,3017,3016,1875,1074,0,0.009597871
Warm A,475089,2916,2915,1875,1074,1,-0.0041213715
Warm A,464619,2863,2862,1875,1074,1,0.0016193362
Warm A,464462,2861,2860,1875,1074,0,0.004584162
Warm A,462345,2853,2852,1875,1074,0,-0.0020239558
Warm A,457804,2820,2819,1875,1074,1,-0.0064723263
Warm A,696091,4169,4168,1875,1074,0,0.0058186883
Warm A,428547,2608,2607,1875,1074,1,-0.00018427015
Warm A,416494,2507,2506,1875,1074,1,0.0030253942
Warm A,412758,2484,2483,1875,1074,0,0.0056655435
Warm A,386499,2260,2259,1875,1074,0,0.0056259166
Warm A,371999,2173,2172,1875,1074,1,0.007937913
Warm A,364682,2124,2123,1875,1074,1,0.0021938873
Warm A,347147,2037,2036,1875,1074,1,0.0008478423
Warm A,345072,2024,2023,1875,1074,0,-0.0029469237
Warm A,315098,1880,1879,1875,1074,1,0.0076029566
Warm A,253132,1538,1537,1875,1074,1,0.008591244
Warm A,631479,3821,3820,1875,1074,0,-0.009070263
Warm A,230762,1396,1395,1875,1074,1,0.0029174893
Warm A,231614,1404,1403,1875,1074,1,0.0038186722
Warm A,229870,1391,1390,1875,1074,0,-0.0019025371
Warm A,225731,1367,1366,1875,1074,1,0.0012387801
Warm A,223446,1354,1353,1875,1074,1,-0.004111541
Warm A,222356,1345,1344,1875,1074,0,0.0016295654
Warm A,214755,1303,1302,1875,1074,1,0.00211619
Warm A,276148,1671,1670,1875,1074,1,0.0026007066
Warm A,205284,1263,1262,1875,1074,0,0.0033663756
Warm A,307981,1836,1835,1875,1074,1,-0.0025227047
Warm A,202411,1244,1243,1875,1074,1,0.008781157
Warm A,278962,1680,1679,1875,1074,1,-0.0029725165
Warm A,250352,1509,1508,1875,1074,0,0.0021355401
Warm A,210073,1284,1283,1875,1074,0,0.0067337407
Warm A,199368,1224,1223,1875,1074,0,-0.0020327854
Warm A,209398,1279,1278,1875,1074,0,-0.0030834675
Warm A,192334,1184,1183,1875,1074,0,0.0018757241
Warm A,188905,1172,1171,1875,1074,1,-0.00079162675
Warm A,212436,1294,1293,1875,1074,1,-0.005686013
Warm A,183144,1141,1140,1875,1074,1,0.010013563
Warm A,185117,1150,1149,1875,1074,1,-0.0026622363
Warm A,200505,1231,1230,1875,1074,0,-0.00030562503
Warm A,173592,1100,1099,1875,1074,1,0.0049627107
Warm A,188197,1168,1167,1875,1074,1,-0.0027127084
Warm A,166391,1059,1058,1875,1074,0,-0.00021709129
Warm A,164427,1051,1050,1875,1074,1,-0.000114565715
Warm A,163749,1050,1049,1875,1074,0,0.010447273
Warm A,272109,1645,1644,1875,1074,1,0.0005082085
Warm A,167776,1068,1067,1875,1074,1,0.006547546
Warm A,158010,1015,1014,1875,1074,1,-0.0038242543
Warm A,153647,987,986,1875,1074,1,0.0044030654
Warm A,149538,963,962,1875,1074,0,-0.0010859366
Warm A,156722,1010,1009,1875,1074,0,0.0029247398
Warm A,138080,889,888,1875,1074,0,0.004793034
Warm A,712903,4277,4276,1875,1074,1,0.0023919605
Warm A,131831,854,853,1875,1074,0,-0.00039655797
Warm A,131086,850,849,1875,1074,1,0.001057899
Warm A,263174,1605,1604,1875,1074,0,-0.0084624505
Warm A,360647,2106,2105,1875,1074,0,-0.0040368326
Warm A,132370,855,854,1875,1074,1,-0.006699891
Warm A,112381,731,730,1875,1074,1,-0.0020073475
Warm A,370942,2168,2167,1875,1074,0,0.00022002566
Warm A,329232,1943,1942,1875,1074,1,0.003791982
Warm A,127256,822,821,1875,1074,0,0.002953518
Warm A,90606,601,600,1875,1074,0,-0.0028159397
Warm A,82230,546,545,1875,1074,1,0.007946026
Warm A,319254,1897,1896,1875,1074,0,-0.0016610143
Warm A,77365,524,523,1875,1074,0,-0.0089724455
Warm A,74728,509,508,1875,1074,1,0.0057319906
Warm A,238776,1448,1447,1875,1074,0,0.0064029912
Warm A,197286,1211,1210,1875,1074,0,-0.0041759014
Warm A,75864,516,515,1875,1074,0,0.006256951
Warm A,57204,386,385,1875,1074,0,0.0015652356
Warm A,201464,1242,1241,1875,1074,1,-0.0046917475
Warm A,51818,340,339,1875,1074,0,-0.002422169
Warm A,312834,1865,1864,1875,1074,0,0.0018364978
Warm A,33543,225,224,1875,1074,0,-0.001517491
Warm A,32159,216,215,1875,1074,0,-0.0012951978
Warm A,27588,193,192,1875,1074,1,0.005168192
Warm A,234874,1425,1424,1875,1074,1,0.0006165322
Warm A,49507,329,328,1875,1074,0,-0.0038313475
Warm A,6263,45,44,1875,1074,0,0.0017317366
Warm A,5132,36,35,1875,1074,0,-0.0064987214
Warm A,357359,2092,2091,1875,1074,0,0.0017128962
Warm A,79281,531,530,1875,1074,0,-0.01229718
Warm A,206773,1266,1265,1875,1074,1,-0.0033412168
Warm A,65990,442,441,1875,1074,1,0.006604773
Warm A,114219,743,742,1875,1074,0,-0.006024015
Warm A,557188,3423,3422,1875,1074,0,-0.0024680984
Warm A,974954,5880,5879,1875,1074,1,-0.007520486
Warm A,750381,4478,4477,1875,1074,0,-0.000117882155
Warm A,460618,2841,2840,1875,1074,1,-0.0029249405
Warm A,252458,1530,1529,1875,1074,0,0.0037955043
Warm A,170813,1087,1086,1875,1074,1,0.000118946075
Warm A,290094,1733,1732,1875,1074,0,-0.0004295418
Warm A,261162,1597,1596,1875,1074,0,0.00024310336
Warm A,258367,1584,1583,1875,1074,1,-0.005927521
Warm A,259394,1587,1586,1875,1074,1,0.004315996
Warm A,159968,1019,1018,1875,1074,0,-0.0017338789
Warm A,474342,2910,2909,1875,1074,1,0.0036836632
Warm A,304791,1812,1811,1875,1074,1,0.0012318336
Warm A,187577,1164,1163,1875,1074,1,-0.0001237262
Warm A,62778,424,423,1875,1074,1,-0.001510279
Warm A,974266,5878,5877,1875,1074,0,-0.0002691052
Warm A,12070,92,91,1881,1076,0,0.013040418
Warm A,376352,2195,2194,1881,1076,0,0.012928791
Warm A,102130,678,677,1881,1076,0,0.018455736
Warm A,405314,2427,2426,1881,1076,0,0.017165855
Warm A,171491,1088,1087,1881,1076,0,0.023560563
Warm A,473467,2909,2908,1881,1076,0,0.0009339291
Warm A,285246,1701,1700,1881,1076,0,0.00485848
Warm A,295605,1755,1754,1881,1076,0,0.008346985
Warm A,468878,2888,2887,1897,1085,1,0.0038337507
Warm A,879842,5317,5316,1897,1085,1,0.008339442
Warm A,464625,2863,2862,1897,1085,1,0.004241263
Warm A,457317,2818,2817,1897,1085,1,0.005511686
Warm A,594776,3620,3619,1897,1085,0,0.0025389618
Warm A,790381,4728,4727,1897,1085,1,0.01428766
Warm A,431378,2628,2627,1897,1085,1,0.012301124
Warm A,397055,2351,2350,1897,1085,1,0.004278281
Warm A,381604,2231,2230,1897,1085,1,0.0066193743
Warm A,381294,2230,2229,1897,1085,0,0.009783457
Warm A,360013,2105,2104,1897,1085,0,0.0058917347
Warm A,344048,2020,2019,1897,1085,1,0.006187189
Warm A,304818,1812,1811,1897,1085,1,-0.0032722245
Warm A,302095,1794,1793,1897,1085,0,0.0031094197
Warm A,284068,1698,1697,1897,1085,1,0.004092522
Warm A,292246,1741,1740,1897,1085,1,0.008004152
Warm A,279028,1680,1679,1897,1085,0,0.009730386
Warm A,267538,1626,1625,1897,1085,0,-0.002346705
Warm A,259413,1587,1586,1897,1085,1,0.0017754516
Warm A,244965,1475,1474,1897,1085,0,0.00038776558
Warm A,231950,1407,1406,1897,1085,1,0.0003401743
Warm A,319277,1897,1896,1897,1085,0,0.00070551387
Warm A,565513,3475,3474,1897,1085,1,0.0098100295
Warm A,296410,1758,1757,1897,1085,1,0.005804388
Warm A,214778,1303,1302,1897,1085,1,-0.005862373
Warm A,208710,1274,1273,1897,1085,1,-0.0015456768
Warm A,229881,1391,1390,1897,1085,0,0.005950695
Warm A,209415,1279,1278,1897,1085,0,0.008802256
Warm A,338074,1988,1987,1897,1085,0,0.0068275984
Warm A,189333,1173,1172,1897,1085,1,-0.0021656887
Warm A,188567,1170,1169,1897,1085,1,0.0026344452
Warm A,185151,1150,1149,1897,1085,0,-0.004213789
Warm A,201483,1242,1241,1897,1085,1,0.0035923594
Warm A,174482,1103,1102,1897,1085,1,0.0023473916
Warm A,179539,1125,1124,1897,1085,0,0.0057101087
Warm A,190762,1181,1180,1897,1085,0,0.0052163014
Warm A,151558,975,974,1897,1085,0,-0.0009038714
Warm A,195371,1203,1202,1897,1085,1,-0.001079424
Warm A,140861,905,904,1897,1085,1,0.000891563
Warm A,156754,1010,1009,1897,1085,0,0.010964679
Warm A,138127,889,888,1897,1085,0,0.00056935305
Warm A,131857,854,853,1897,1085,0,0.005288991
Warm A,107309,706,705,1897,1085,1,-0.0005418791
Warm A,103373,687,686,1897,1085,1,0.008133635
Warm A,631504,3821,3820,1897,1085,0,0.0045990017
Warm A,89991,593,592,1897,1085,1,0.004192845
Warm A,432111,2634,2633,1897,1085,0,0.002008586
Warm A,89218,588,587,1897,1085,1,0.006735231
Warm A,238807,1448,1447,1897,1085,1,0.013355063
Warm A,80535,534,533,1897,1085,0,0.0022699572
Warm A,228763,1386,1385,1897,1085,1,0.012471553
Warm A,58341,393,392,1897,1085,0,0.016222684
Warm A,239942,1449,1448,1897,1085,1,0.0136170555
Warm A,132393,855,854,1897,1085,0,0.0042601293
Warm A,308543,1837,1836,1897,1085,1,0.008015659
Warm A,88775,587,586,1897,1085,1,0.0048040785
Warm A,22644,163,162,1897,1085,0,0.008691375
Warm A,33590,225,224,1897,1085,0,0.0035814713
Warm A,111629,727,726,1897,1085,0,0.0029997139
Warm A,444,5,4,1897,1085,1,0.0010173217
Warm A,79315,531,530,1897,1085,0,0.0017369073
Warm A,892912,5394,5393,1897,1085,0,0.007900402
Warm A,335763,1980,1979,1897,1085,0,0.016233388
Warm A,750387,4478,4477,1897,1085,0,0.009300843
Warm A,497179,3054,3053,1897,1085,1,-0.0048817294
Warm A,556533,3420,3419,1897,1085,1,0.005605309
Warm A,908019,5493,5492,1897,1085,0,0.007405339
Warm A,986621,5956,5955,1897,1085,0,-0.0056106625
Warm A,739380,4418,4417,1897,1085,0,0.0005367014
Warm A,178613,1121,1120,1897,1085,1,0.0038624906
Warm A,116102,752,751,1897,1085,0,0.022302885
Warm A,33997,229,228,1897,1085,0,0.009556762
Warm A,974281,5878,5877,1897,1085,0,0.010198439
Warm A,555067,3413,3412,1900,1086,1,0.005458727
Warm A,474773,2913,2912,1904,1087,1,-0.0072980467
Warm A,465758,2872,2871,1904,1087,1,-0.00031759182
Warm A,459200,2826,2825,1904,1087,0,0.0015936475
Warm A,796102,4771,4770,1904,1087,0,0.010406722
Warm A,419433,2535,2534,1904,1087,1,0.0026385211
Warm A,383152,2238,2237,1904,1087,0,0.0054307063
Warm A,323236,1916,1915,1904,1087,1,-0.0015610401
Warm A,274716,1660,1659,1904,1087,1,-0.0034231949
Warm A,279648,1680,1679,1904,1087,1,-0.002172305
Warm A,267632,1626,1625,1904,1087,0,0.0069937278
Warm A,262718,1602,1601,1904,1087,1,0.00036551943
Warm A,256449,1565,1564,1904,1087,0,0.0012803008
Warm A,231723,1404,1403,1904,1087,0,0.0035848082
Warm A,296544,1758,1757,1904,1087,1,0.013913876
Warm A,208370,1273,1272,1904,1087,0,-0.0068655694
Warm A,202610,1244,1243,1904,1087,0,-0.002816955
Warm A,308793,1837,1836,1904,1087,0,0.00055417465
Warm A,294409,1749,1748,1904,1087,0,0.0013629957
Warm A,209526,1279,1278,1904,1087,0,0.0014694147
Warm A,185552,1150,1149,1904,1087,1,0.00507405
Warm A,307594,1835,1834,1904,1087,1,-0.003797985
Warm A,201690,1242,1241,1904,1087,0,0.002742776
Warm A,168590,1069,1068,1904,1087,1,0.0007373474
Warm A,166557,1059,1058,1904,1087,0,-0.005667854
Warm A,215001,1303,1302,1904,1087,1,0.0057954458
Warm A,149030,958,957,1904,1087,0,-0.008715024
Warm A,160259,1019,1018,1904,1087,0,-0.0010424887
Warm A,97929,655,654,1904,1087,0,0.0041905437
Warm A,631713,3821,3820,1904,1087,1,-0.002297666
Warm A,696549,4169,4168,1904,1087,0,0.0031222096
Warm A,284365,1698,1697,1904,1087,1,-0.0038437904
Warm A,90733,601,600,1904,1087,1,0.000110418536
Warm A,197400,1211,1210,1904,1087,1,0.0072971825
Warm A,58521,396,395,1904,1087,1,0.0037768225
Warm A,57167,386,385,1904,1087,1,-0.0012705675
Warm A,132587,855,854,1904,1087,1,-0.000296153
Warm A,33484,225,224,1904,1087,1,0.0041912245
Warm A,9947,69,68,1904,1087,0,0.002691107
Warm A,890069,5371,5370,1904,1087,1,-0.00065774424
Warm A,158457,1015,1014,1904,1087,0,-0.009031881
Warm A,431133,2627,2626,1904,1087,0,-0.0014194619
Warm A,187988,1165,1164,1904,1087,0,0.0043520336
Warm A,964144,5812,5811,1904,1087,0,-0.0025197365
Warm A,20756,151,150,1904,1087,1,0.00044311862
Warm A,905339,5475,5474,1904,1087,1,0.0063076825
Warm A,232583,1413,1412,1904,1087,0,0.0057081166
Warm A,475590,2918,2917,1904,1087,1,-0.00031005172
Warm A,983047,5938,5937,1904,1087,0,-0.0011474742
Warm A,388188,2271,2270,1904,1087,0,0.00315766
Warm A,847066,5090,5089,1904,1087,1,-0.016946014
Warm A,290395,1733,1732,1904,1087,1,0.010004756
Warm A,193797,1194,1193,1904,1087,0,0.00082558463
Warm A,937253,5654,5653,1904,1087,1,0.007829525
Warm A,590832,3603,3602,1913,1092,1,0.023084093
Warm A,577973,3529,3528,1913,1092,1,0.015348198
Warm A,580985,3547,3546,1913,1092,1,0.01026125
Warm A,567043,3481,3480,1913,1092,1,0.00061370875
Warm A,713249,4277,4276,1913,1092,1,0.01180881
Warm A,610663,3704,3703,1913,1092,1,0.0061222706
Warm A,554111,3410,3409,1913,1092,1,0.012927088
Warm A,546914,3371,3370,1913,1092,1,0.017030649
Warm A,539599,3319,3318,1913,1092,0,0.00024859852
Warm A,539487,3318,3317,1913,1092,1,-0.0004196025
Warm A,535101,3301,3300,1913,1092,0,0.008531598
Warm A,534762,3300,3299,1913,1092,1,0.006869027
Warm A,525838,3248,3247,1913,1092,0,-0.005625402
Warm A,521176,3216,3215,1913,1092,0,0.0032053534
Warm A,514067,3172,3171,1913,1092,0,0.00553275
Warm A,657620,3963,3962,1913,1092,1,0.014176628
Warm A,500742,3075,3074,1913,1092,0,0.014011809
Warm A,499610,3067,3066,1913,1092,1,0.011053484
Warm A,546163,3367,3366,1913,1092,1,0.019874096
Warm A,495912,3045,3044,1913,1092,1,0.0005643233
Warm A,478569,2936,2935,1913,1092,1,0.015622287
Warm A,696560,4169,4168,1913,1092,1,0.0076046926
Warm A,601685,3658,3657,1913,1092,1,-0.00027123373
Warm A,473933,2909,2908,1913,1092,1,0.005088226
Warm A,462681,2854,2853,1913,1092,1,0.014001998
Warm A,458136,2820,2819,1913,1092,1,0.012288729
Warm A,446944,2753,2752,1913,1092,1,0.016557664
Warm A,442099,2719,2718,1913,1092,1,0.0029789926
Warm A,437997,2676,2675,1913,1092,1,0.0049576424
Warm A,433728,2643,2642,1913,1092,0,0.018336078
Warm A,428844,2609,2608,1913,1092,1,0.00801984
Warm A,425394,2581,2580,1913,1092,0,0.018149067
Warm A,414246,2493,2492,1913,1092,0,0.011363085
Warm A,405254,2426,2425,1913,1092,1,0.0016839524
Warm A,412150,2478,2477,1913,1092,0,0.009606633
Warm A,389055,2279,2278,1913,1092,0,0.014591119
Warm A,386408,2259,2258,1913,1092,1,0.0067203064
Warm A,385368,2251,2250,1913,1092,0,0.009710038
Warm A,372107,2173,2172,1913,1092,1,0.0053312248
Warm A,374290,2181,2180,1913,1092,0,0.017074771
Warm A,359501,2102,2101,1913,1092,0,0.009522419
Warm A,349164,2049,2048,1913,1092,1,0.014546768
Warm A,339703,2002,2001,1913,1092,1,0.002242496
Warm A,317214,1885,1884,1913,1092,1,0.0036899215
Warm A,320239,1899,1898,1913,1092,1,0.026251001
Warm A,304507,1810,1809,1913,1092,1,0.0037858475
Warm A,316952,1884,1883,1913,1092,1,0.0151020195
Warm A,301547,1791,1790,1913,1092,1,0.00932372
Warm A,290734,1734,1733,1913,1092,0,0.00358179
Warm A,292462,1741,1740,1913,1092,1,0.015371745
Warm A,264213,1607,1606,1913,1092,0,0.016192418
Warm A,252615,1530,1529,1913,1092,0,0.0050123003
Warm A,242240,1461,1460,1913,1092,1,0.006153062
Warm A,631725,3821,3820,1913,1092,0,0.012524455
Warm A,230974,1398,1397,1913,1092,1,0.00405824
Warm A,325523,1926,1925,1913,1092,0,0.0064768144
Warm A,309956,1843,1842,1913,1092,1,0.0026829669
Warm A,276368,1671,1670,1913,1092,0,0.012719011
Warm A,212126,1291,1290,1913,1092,1,0.014538469
Warm A,208891,1274,1273,1913,1092,1,0.011614521
Warm A,220438,1335,1334,1913,1092,0,0.012209762
Warm A,189071,1172,1171,1913,1092,1,0.019229993
Warm A,183805,1145,1144,1913,1092,1,-0.00088098063
Warm A,173214,1098,1097,1913,1092,1,0.009673808
Warm A,328476,1941,1940,1913,1092,0,0.0057775383
Warm A,191253,1181,1180,1913,1092,0,0.028053246
Warm A,158476,1015,1014,1913,1092,0,0.005862603
Warm A,143927,928,927,1913,1092,1,0.0005947454
Warm A,185574,1150,1149,1913,1092,1,0.0080193
Warm A,138615,889,888,1913,1092,1,0.014590504
Warm A,127791,824,823,1913,1092,1,0.010885611
Warm A,315452,1880,1879,1913,1092,1,0.016460568
Warm A,125887,810,809,1913,1092,0,0.0025452254
Warm A,115488,749,748,1913,1092,1,0.014536386
Warm A,198237,1218,1217,1913,1092,0,0.013750454
Warm A,100946,673,672,1913,1092,1,0.014246587
Warm A,98172,656,655,1913,1092,0,0.003908414
Warm A,92397,617,616,1913,1092,0,0.004569293
Warm A,169630,1077,1076,1913,1092,1,0.015434323
Warm A,319488,1897,1896,1913,1092,1,0.018526366
Warm A,77734,524,523,1913,1092,1,0.02204502
Warm A,75730,515,514,1913,1092,1,0.017651206
Warm A,66384,444,443,1913,1092,1,0.016117297
Warm A,58053,392,391,1913,1092,1,0.009439155
Warm A,145445,935,934,1913,1092,1,0.0058701932
Warm A,34124,230,229,1913,1092,1,0.0055050207
Warm A,22001,161,160,1913,1092,1,0.0025622952
Warm A,440181,2691,2690,1913,1092,1,0.020520935
Warm A,7724,53,52,1913,1092,1,0.011702489
Warm A,357612,2092,2091,1913,1092,0,0.011665484
Warm A,408344,2453,2452,1913,1092,0,0.011850961
Warm A,24363,173,172,1913,1092,1,0.011427684
Warm A,207030,1266,1265,1913,1092,1,0.0095533915
Warm A,263542,1605,1604,1913,1092,1,0.010613961
Warm A,524449,3233,3232,1913,1092,0,0.004447617
Warm A,254897,1551,1550,1913,1092,1,0.010516085
Warm A,421139,2544,2543,1913,1092,1,0.010168483
Warm A,336181,1980,1979,1913,1092,1,0.015948806
Warm A,183297,1141,1140,1913,1092,1,0.008178376
Warm A,841208,5054,5053,1913,1092,0,0.013832942
Warm A,322573,1912,1911,1913,1092,0,0.014401133
Warm A,993897,6002,6001,1913,1092,1,0.019982526
Warm A,923968,5580,5579,1913,1092,1,0.01373433
Warm A,290414,1733,1732,1913,1092,1,0.0072302665
Warm A,831953,5001,5000,1913,1092,1,0.009337412
Warm A,63202,424,423,1913,1092,1,0.016173255
Warm A,768792,4579,4578,1913,1092,1,0.020713912
Warm A,444995,2744,2743,1919,1097,0,0.0043206634
Warm A,441077,2700,2699,1919,1097,1,-0.00019983423
Warm A,431906,2631,2630,1919,1097,1,0.0007015201
Warm A,423507,2566,2565,1919,1097,0,0.0030791631
Warm A,422992,2564,2563,1919,1097,0,0.0056682625
Warm A,420535,2541,2540,1919,1097,0,-0.00054312556
Warm A,410722,2464,2463,1919,1097,0,0.0022621048
Warm A,412411,2481,2480,1919,1097,0,-0.002558923
Warm A,400089,2381,2380,1919,1097,0,0.00049626
Warm A,395216,2334,2333,1919,1097,1,0.013139529
Warm A,424139,2571,2570,1919,1097,1,0.005681385
Warm A,385746,2255,2254,1919,1097,0,0.008727228
Warm A,384214,2244,2243,1919,1097,0,0.0023374495
Warm A,375677,2188,2187,1919,1097,0,0.006171027
Warm A,362566,2115,2114,1919,1097,1,-0.005296464
Warm A,364904,2124,2123,1919,1097,1,0.011274785
Warm A,315798,1881,1880,1919,1097,1,0.006164152
Warm A,325528,1926,1925,1919,1097,1,0.009397274
Warm A,288141,1721,1720,1919,1097,0,0.0046653044
Warm A,268594,1631,1630,1919,1097,0,0.0031963321
Warm A,307057,1834,1833,1919,1097,0,0.0029267492
Warm A,284390,1698,1697,1919,1097,0,0.0029757163
Warm A,218082,1322,1321,1919,1097,1,0.0033175703
Warm A,208377,1273,1272,1919,1097,0,0.0029610053
Warm A,236465,1434,1433,1919,1097,1,0.0063729305
Warm A,194158,1196,1195,1919,1097,1,0.0067953384
Warm A,183303,1141,1140,1919,1097,0,0.009342743
Warm A,167993,1068,1067,1919,1097,0,-0.0031382386
Warm A,334726,1974,1973,1919,1097,1,0.010404714
Warm A,162344,1034,1033,1919,1097,0,0.0036330952
Warm A,157110,1010,1009,1919,1097,0,0.016850991
Warm A,380415,2223,2222,1919,1097,1,0.011644617
Warm A,263550,1605,1604,1919,1097,0,0.0121236425
Warm A,94480,634,633,1919,1097,0,-0.00328861
Warm A,83387,549,548,1919,1097,1,0.00016537457
Warm A,73160,494,493,1919,1097,1,0.003974042
Warm A,69787,470,469,1919,1097,0,-0.004360164
Warm A,69729,469,468,1919,1097,1,0.00487044
Warm A,61304,412,411,1919,1097,1,0.007779545
Warm A,258542,1584,1583,1919,1097,0,0.00040882826
Warm A,32083,216,215,1919,1097,0,0.0031318967
Warm A,15036,119,118,1919,1097,0,0.0038723082
Warm A,10515,75,74,1919,1097,1,0.0040815873
Warm A,49437,329,328,1919,1097,0,0.0018690227
Warm A,9768,66,65,1919,1097,0,-0.0014000062
Warm A,234275,1422,1421,1919,1097,0,0.00036617275
Warm A,207040,1266,1265,1919,1097,1,0.003100119
Warm A,158490,1015,1014,1919,1097,1,0.006211836
Warm A,823344,4950,4949,1919,1097,0,0.008803517
Warm A,386145,2258,2257,1919,1097,0,0.0033926545
Warm A,317859,1889,1888,1919,1097,0,0.0033123288
Warm A,410506,2462,2461,1919,1097,0,0.007058814
Warm A,772726,4607,4606,1919,1097,0,0.007993566
Warm A,136802,881,880,1919,1097,0,0.0054656966
Warm A,403152,2407,2406,1919,1097,1,0.0035678213
Warm A,25994,184,183,1919,1097,0,0.00777996
Warm A,322604,1912,1911,1929,1103,0,0.009918205
Warm A,316973,1884,1883,1929,1103,1,0.0069232723
Warm A,169130,1073,1072,1929,1103,1,-0.0033663167
Warm A,84846,551,550,1929,1103,0,0.0072693997
Warm A,48842,327,326,1929,1103,1,-0.0013537058
Warm A,37231,253,252,1929,1103,1,0.0045521883
Warm A,43452,299,298,1929,1103,1,0.00258956
Warm A,34738,235,234,1929,1103,1,0.004607682
Warm A,148823,957,956,1929,1103,1,0.0030503976
Warm A,23709,169,168,1929,1103,0,0.015343942
Warm A,13548,107,106,1929,1103,1,0.0016763817
Warm A,12720,97,96,1929,1103,1,0.0017998928
Warm A,123527,796,795,1929,1103,0,0.003218787
Warm A,592125,3610,3609,1929,1103,0,-0.0030216598
Warm A,384760,2247,2246,1929,1103,1,-0.00053168205
Warm A,249930,1505,1504,1929,1103,1,0.001220945
Warm A,106252,699,698,1929,1103,0,0.010885427
Warm A,421158,2544,2543,1929,1103,1,0.0070236507
Warm A,171942,1088,1087,1929,1103,1,-0.0022275927
Warm A,285444,1701,1700,1929,1103,1,0.0077422597
Warm A,992447,5996,5995,1929,1103,1,0.0065242117
Warm A,63239,424,423,1929,1103,1,0.010747996
Warm A,839406,5046,5045,1929,1103,1,0.0090064565
Warm A,825607,4958,4957,1929,1103,1,0.007378239
Warm A,130002,840,839,1934,1105,1,0.007741964
Warm A,70895,476,475,1934,1105,1,0.008577129
Warm A,75990,516,515,1934,1105,1,0.014722991
Warm A,58540,396,395,1934,1105,1,-0.0034497413
Warm A,228466,1383,1382,1934,1105,1,0.00025033066
Warm A,33151,224,223,1934,1105,1,0.0019108381
Warm A,23724,169,168,1934,1105,1,0.008554995
Warm A,12723,97,96,1934,1105,1,0.0048057074
Warm A,592137,3610,3609,1934,1105,0,0.012881621
Warm A,9316,62,61,1934,1105,1,0.010274136
Warm A,357642,2092,2091,1934,1105,0,0.008787388
Warm A,15640,123,122,1934,1105,0,0.0014465246
Warm A,388206,2271,2270,1934,1105,1,0.010868784
Warm A,322617,1912,1911,1934,1105,0,0.005967146
Warm A,821600,4940,4939,1934,1105,1,-0.0043834914
Warm A,171961,1088,1087,1934,1105,1,0.0064361957
Warm A,403153,2407,2406,1934,1105,0,0.0043501193
Warm A,414726,2496,2495,1935,1106,1,0.011592289
Warm A,390879,2294,2293,1935,1106,1,0.015956605
Warm A,364179,2121,2120,1935,1106,1,-0.005658253
Warm A,364922,2124,2123,1935,1106,1,0.0109963585
Warm A,352994,2067,2066,1935,1106,0,0.014222959
Warm A,354260,2073,2072,1935,1106,1,0.01040178
Warm A,343733,2018,2017,1935,1106,1,0.008493473
Warm A,269200,1632,1631,1935,1106,0,0.018862356
Warm A,361849,2109,2108,1935,1106,1,0.011167109
Warm A,346334,2030,2029,1935,1106,1,0.014321509
Warm A,242957,1465,1464,1935,1106,1,0.010712786
Warm A,228467,1383,1382,1935,1106,0,0.018567903
Warm A,249579,1503,1502,1935,1106,1,0.0148615455
Warm A,325547,1926,1925,1935,1106,1,0.00037987885
Warm A,208385,1273,1272,1935,1106,1,0.0116665885
Warm A,182872,1140,1139,1935,1106,1,0.008510368
Warm A,162356,1034,1033,1935,1106,1,0.005545037
Warm A,191315,1181,1180,1935,1106,1,0.016979558
Warm A,246443,1489,1488,1935,1106,0,0.014085786
Warm A,138684,889,888,1935,1106,1,0.020805689
Warm A,84430,550,549,1935,1106,1,0.011902714
Warm A,72269,482,481,1935,1106,1,0.012687618
Warm A,35303,238,237,1935,1106,1,0.01511725
Warm A,23725,169,168,1935,1106,1,0.016607609
Warm A,148830,957,956,1935,1106,1,0.007969697
Warm A,12725,97,96,1935,1106,1,0.009321986
Warm A,123529,796,795,1935,1106,0,0.010086405
Warm A,357643,2092,2091,1935,1106,1,0.008576328
Warm A,421166,2544,2543,1935,1106,1,0.013030423
Warm A,322618,1912,1911,1935,1106,0,0.011253662
Warm A,48555,326,325,1935,1106,0,0.011584511
Warm A,158536,1015,1014,1935,1106,1,0.013325999
Warm A,348176,2041,2040,1935,1106,1,0.016347554
Warm A,256122,1561,1560,1935,1106,1,0.0023143622
Warm A,208918,1274,1273,1935,1106,1,0.005048016
Warm A,50641,333,332,1935,1106,0,0.0072463863
Warm A,328543,1941,1940,1935,1106,1,0.017673222
Warm A,171962,1088,1087,1935,1106,0,0.012083791
Warm A,285452,1701,1700,1935,1106,1,0.012387128
Warm A,831960,5001,5000,1935,1106,1,0.0055068643
Warm A,657630,3963,3962,1935,1106,1,0.009627961
Warm A,801481,4802,4801,1935,1106,0,0.008868156
Warm A,160322,1019,1018,1935,1106,0,0.0074281665
Warm A,820909,4934,4933,1935,1106,1,0.014140792
Warm A,8819,59,58,1935,1106,1,0.0006779422
Warm A,503457,3093,3092,1935,1106,1,0.004351509
Warm A,63251,424,423,1935,1106,1,0.014648087
Warm A,244154,1470,1469,1936,1107,0,0.004530199
Warm A,328546,1941,1940,1936,1107,1,0.010060756
Warm A,138686,889,888,1936,1107,1,0.006961553
Warm A,459214,2826,2825,1936,1107,1,0.009303791
Warm A,103719,689,688,1936,1107,1,0.0055818767
Warm A,191317,1181,1180,1936,1107,0,0.002246436
Warm A,69992,473,472,1936,1107,1,0.011932851
Warm A,42536,291,290,1936,1107,1,0.0024124482
Warm A,35306,238,237,1936,1107,1,0.009282771
Warm A,23726,169,168,1936,1107,0,0.011614438
Warm A,12726,97,96,1936,1107,1,0.0043341992
Warm A,348177,2041,2040,1936,1107,0,0.009586343
Warm A,639280,3842,3841,1936,1107,1,0.007932381
Warm A,322619,1912,1911,1936,1107,0,0.0095697725
Warm A,554140,3410,3409,1936,1107,1,0.010035928
Warm A,171963,1088,1087,1936,1107,1,0.016272977
Warm A,931445,5626,5625,1936,1107,1,0.002110097
Warm A,285453,1701,1700,1936,1107,1,0.01663939
Warm A,795516,4765,4764,1936,1107,1,0.0013030695
Warm A,95762,641,640,1936,1107,1,0.007158473
Warm A,336243,1980,1979,1936,1107,1,0.017087894
Warm A,748261,4467,4466,1936,1107,1,0.013627829
Warm A,22782,164,163,1937,1108,1,0.013056281
Warm A,336246,1980,1979,1937,1108,1,0.008484366
Warm A,171964,1088,1087,1937,1108,0,0.008354302
Warm A,494994,3036,3035,1938,1109,1,-0.0014275364
Warm A,463523,2857,2856,1938,1109,0,0.019154062
Warm A,458188,2820,2819,1938,1109,1,-0.0003175669
Warm A,440495,2693,2692,1938,1109,0,0.0025164601
Warm A,437502,2670,2669,1938,1109,1,2.6866328e-06
Warm A,421514,2546,2545,1938,1109,1,0.004647499
Warm A,418170,2526,2525,1938,1109,1,0.009452054
Warm A,394901,2332,2331,1938,1109,1,0.009925458
Warm A,394671,2329,2328,1938,1109,0,0.0054608956
Warm A,381387,2230,2229,1938,1109,1,-0.0015783752
Warm A,385384,2251,2250,1938,1109,1,-0.0024481337
Warm A,377947,2205,2204,1938,1109,0,0.010855615
Warm A,381748,2231,2230,1938,1109,1,0.002516158
Warm A,364181,2121,2120,1938,1109,1,0.0030267374
Warm A,364924,2124,2123,1938,1109,1,0.013274174
Warm A,347479,2038,2037,1938,1109,1,-0.0013621505
Warm A,319518,1897,1896,1938,1109,0,0.004541689
Warm A,329826,1945,1944,1938,1109,0,0.00534706
Warm A,323252,1916,1915,1938,1109,1,0.005209295
Warm A,305308,1814,1813,1938,1109,1,0.008823685
Warm A,236747,1437,1436,1938,1109,1,0.0056376895
Warm A,228474,1383,1382,1938,1109,1,0.0017858197
Warm A,180420,1128,1127,1938,1109,1,0.0038093084
Warm A,338289,1988,1987,1938,1109,1,0.0053179646
Warm A,143935,928,927,1938,1109,1,0.0058165756
Warm A,185649,1150,1149,1938,1109,0,0.008507038
Warm A,138690,889,888,1938,1109,1,0.013924262
Warm A,318985,1896,1895,1938,1109,1,0.011471428
Warm A,127917,825,824,1938,1109,0,0.00080892583
Warm A,106884,702,701,1938,1109,1,0.015361386
Warm A,240412,1449,1448,1938,1109,1,0.009642822
Warm A,72273,482,481,1938,1109,0,0.0070053637
Warm A,45584,307,306,1938,1109,1,0.0017957579
Warm A,36537,245,244,1938,1109,1,0.0068175336
Warm A,35309,238,237,1938,1109,1,0.0011461433
Warm A,32134,216,215,1938,1109,1,0.008800152
Warm A,133670,864,863,1938,1109,1,0.008884933
Warm A,148831,957,956,1938,1109,1,-0.00090189686
Warm A,23730,169,168,1938,1109,0,0.0087519195
Warm A,17534,136,135,1938,1109,0,0.00464139
Warm A,12728,97,96,1938,1109,1,0.005629245
Warm A,123531,796,795,1938,1109,1,0.0143906465
Warm A,9320,62,61,1938,1109,1,-0.0019891548
Warm A,357646,2092,2091,1938,1109,1,0.003505292
Warm A,421169,2544,2543,1938,1109,0,0.005970194
Warm A,459653,2832,2831,1938,1109,1,0.009242114
Warm A,63257,424,423,1938,1109,1,0.009258655
Warm A,115505,749,748,1938,1109,1,0.0077644764
Warm A,284916,1699,1698,1938,1109,1,0.0117631545
Warm A,253220,1539,1538,1938,1109,1,0.0037562824
Warm A,158541,1015,1014,1938,1109,1,0.011111453
Warm A,217259,1317,1316,1938,1109,1,0.0051398017
Warm A,316980,1884,1883,1938,1109,1,0.002558468
Warm A,412161,2478,2477,1938,1109,1,0.009391439
Warm A,24401,173,172,1938,1109,1,0.00591673
Warm A,50643,333,332,1938,1109,1,0.007312213
Warm A,171965,1088,1087,1938,1109,1,0.011271757
Warm A,322623,1912,1911,1938,1109,0,0.009663284
Warm A,46860,314,313,1938,1109,1,0.0022130043
Warm A,343738,2018,2017,1938,1109,1,0.008457012
Warm A,336248,1980,1979,1938,1109,1,0.013756777
Warm A,984079,5948,5947,1938,1109,1,0.005104863
Warm A,208389,1273,1272,1940,1111,1,0.0011523501
Warm A,213634,1298,1297,1940,1111,1,0.005710014
Warm A,180422,1128,1127,1940,1111,1,0.0065428745
Warm A,219534,1331,1330,1940,1111,1,0.009371085
Warm A,162358,1034,1033,1940,1111,1,0.00033669057
Warm A,185667,1150,1149,1940,1111,0,0.0092071
Warm A,138700,889,888,1940,1111,0,0.0055584083
Warm A,318988,1896,1895,1940,1111,0,0.008529335
Warm A,135061,873,872,1940,1111,1,0.016392253
Warm A,94624,635,634,1940,1111,1,0.0060064252
Warm A,191332,1181,1180,1940,1111,0,0.0073703583
Warm A,67076,451,450,1940,1111,1,0.001105561
Warm A,45979,308,307,1940,1111,1,0.011268472
Warm A,481982,2962,2961,1940,1111,1,-0.0039970027
Warm A,23740,169,168,1940,1111,1,0.012641366
Warm A,12731,97,96,1940,1111,1,-0.007878345
Warm A,357650,2092,2091,1940,1111,1,-0.0002618893
Warm A,76422,518,517,1940,1111,1,0.00592436
Warm A,384763,2247,2246,1940,1111,1,0.00066852616
Warm A,316985,1884,1883,1940,1111,1,0.0083091315
Warm A,192764,1186,1185,1940,1111,1,-0.00090201106
Warm A,160333,1019,1018,1940,1111,0,0.017590484
Warm A,293911,1748,1747,1940,1111,1,0.013202658
Warm A,804079,4815,4814,1940,1111,1,0.008694772
Warm A,171979,1088,1087,1940,1111,1,-0.0017967732
Warm A,111731,727,726,1940,1111,1,-0.000538507
Warm A,322631,1912,1911,1940,1111,0,0.0061671147
Warm A,285462,1701,1700,1940,1111,1,0.012815464
Warm A,607774,3688,3687,1940,1111,1,0.0019885637
Warm A,821603,4940,4939,1940,1111,1,0.016963277
Warm A,141647,911,910,1940,1111,1,0.0050012665
Warm A,451540,2779,2778,1941,1112,1,0.009476015
Warm A,438405,2679,2678,1941,1112,1,0.011344509
Warm A,419437,2535,2534,1941,1112,1,-0.0066351374
Warm A,417262,2512,2511,1941,1112,1,0.010137144
Warm A,414730,2496,2495,1941,1112,1,0.008129552
Warm A,401414,2393,2392,1941,1112,1,-0.00639625
Warm A,396205,2342,2341,1941,1112,0,0.010082029
Warm A,394673,2329,2328,1941,1112,1,-0.0031195905
Warm A,381752,2231,2230,1941,1112,1,0.008522218
Warm A,352999,2067,2066,1941,1112,1,0.009338482
Warm A,317414,1888,1887,1941,1112,0,0.0060165506
Warm A,292499,1741,1740,1941,1112,1,0.00228869
Warm A,269209,1632,1631,1941,1112,1,0.009276442
Warm A,346346,2030,2029,1941,1112,1,0.0031342234
Warm A,255756,1557,1556,1941,1112,1,0.006881732
Warm A,294448,1749,1748,1941,1112,0,0.020878073
Warm A,194164,1196,1195,1941,1112,0,0.0015937258
Warm A,182874,1140,1139,1941,1112,1,0.019947428
Warm A,178732,1121,1120,1941,1112,1,0.0046393108
Warm A,244165,1470,1469,1941,1112,0,0.005335485
Warm A,148567,956,955,1941,1112,1,0.009574251
Warm A,147077,948,947,1941,1112,1,0.0043347795
Warm A,185670,1150,1149,1941,1112,0,0.0038881889
Warm A,138702,889,888,1941,1112,1,0.0050899116
Warm A,235663,1426,1425,1941,1112,0,0.019872507
Warm A,121286,780,779,1941,1112,0,0.0025608616
Warm A,191334,1181,1180,1941,1112,0,0.012083024
Warm A,84437,550,549,1941,1112,0,0.0022632296
Warm A,72539,484,483,1941,1112,0,0.00094255677
Warm A,48860,327,326,1941,1112,1,0.003342206
Warm A,45588,307,306,1941,1112,0,-0.0036208653
Warm A,42537,291,290,1941,1112,1,0.0023906124
Warm A,35312,238,237,1941,1112,1,0.0034016918
Warm A,26807,190,189,1941,1112,0,0.0021678705
Warm A,23741,169,168,1941,1112,0,0.0080741085
Warm A,592145,3610,3609,1941,1112,0,0.014804994
Warm A,66161,442,441,1941,1112,1,-0.011672056
Warm A,421174,2544,2543,1941,1112,1,0.0074371723
Warm A,238182,1447,1446,1941,1112,0,0.0039767446
Warm A,158553,1015,1014,1941,1112,1,-0.00020544254
Warm A,316987,1884,1883,1941,1112,1,0.008997474
Warm A,835115,5019,5018,1941,1112,1,-0.003216374
Warm A,18245,140,139,1941,1112,0,0.00936667
Warm A,338296,1988,1987,1941,1112,1,0.012960613
Warm A,170969,1087,1086,1941,1112,1,0.0040447833
Warm A,322633,1912,1911,1941,1112,0,0.007000327
Warm A,895331,5411,5410,1941,1112,1,0.0051291725
Warm A,768821,4579,4578,1941,1112,1,-0.0004898808
Warm A,285463,1701,1700,1941,1112,0,0.005003782
Warm A,657638,3963,3962,1941,1112,1,0.016383894
Warm A,305095,1812,1811,1941,1112,0,0.0069899806
Warm A,295733,1755,1754,1941,1112,0,-0.0038838913
Warm A,208921,1274,1273,1941,1112,1,0.009219178
Warm A,438013,2676,2675,1942,1113,1,0.004703203
Warm A,425416,2581,2580,1942,1113,1,0.0050086407
Warm A,421516,2546,2545,1942,1113,1,0.0019005465
Warm A,421176,2544,2543,1942,1113,1,-0.0007578356
Warm A,419912,2537,2536,1942,1113,1,-0.00019600242
Warm A,414942,2497,2496,1942,1113,1,0.0006370612
Warm A,403489,2410,2409,1942,1113,0,0.0024574911
Warm A,399219,2376,2375,1942,1113,1,0.011506095
Warm A,393744,2318,2317,1942,1113,1,0.00411503
Warm A,390149,2288,2287,1942,1113,1,-0.0054415087
Warm A,383504,2241,2240,1942,1113,1,0.008910391
Warm A,381753,2231,2230,1942,1113,0,0.0057642665
Warm A,364930,2124,2123,1942,1113,1,0.0052222023
Warm A,353000,2067,2066,1942,1113,0,0.0036888658
Warm A,346701,2031,2030,1942,1113,1,0.014304647
Warm A,357652,2092,2091,1942,1113,1,-0.004080805
Warm A,343206,2016,2015,1942,1113,1,0.00029776734
Warm A,323256,1916,1915,1942,1113,1,0.0049329973
Warm A,282072,1692,1691,1942,1113,1,-0.0005849018
Warm A,270160,1635,1634,1942,1113,1,-0.0036409325
Warm A,269212,1632,1631,1942,1113,0,0.0075454717
Warm A,256561,1567,1566,1942,1113,0,0.006930044
Warm A,346347,2030,2029,1942,1113,1,0.01047697
Warm A,232354,1410,1409,1942,1113,1,0.009215394
Warm A,218098,1322,1321,1942,1113,1,0.003894747
Warm A,213635,1298,1297,1942,1113,1,0.008592547
Warm A,206009,1264,1263,1942,1113,1,0.0054434454
Warm A,199593,1224,1223,1942,1113,1,0.01196623
Warm A,294450,1749,1748,1942,1113,0,0.0047508515
Warm A,182875,1140,1139,1942,1113,0,0.011137221
Warm A,175203,1111,1110,1942,1113,1,0.005442992
Warm A,219536,1331,1330,1942,1113,1,-0.0020916255
Warm A,191337,1181,1180,1942,1113,1,0.012095966
Warm A,185673,1150,1149,1942,1113,1,0.012768393
Warm A,318989,1896,1895,1942,1113,0,0.0070870095
Warm A,106888,702,701,1942,1113,1,0.014831727
Warm A,153247,984,983,1942,1113,1,-0.0008528959
Warm A,67078,451,450,1942,1113,1,0.005236316
Warm A,45589,307,306,1942,1113,1,-0.0020873505
Warm A,713297,4277,4276,1942,1113,1,0.010649456
Warm A,31378,212,211,1942,1113,1,0.0041197715
Warm A,148835,957,956,1942,1113,1,0.00037772255
Warm A,23742,169,168,1942,1113,1,0.017873324
Warm A,13556,107,106,1942,1113,1,0.008441495
Warm A,592146,3610,3609,1942,1113,0,0.00013405352
Warm A,460828,2841,2840,1942,1113,1,0.009741941
Warm A,316988,1884,1883,1942,1113,1,0.014625652
Warm A,18246,140,139,1942,1113,0,0.0037916568
Warm A,993910,6002,6001,1942,1113,1,0.011373849
Warm A,232845,1415,1414,1942,1113,1,0.0022102222
Warm A,894929,5405,5404,1942,1113,1,0.0048596915
Warm A,50651,333,332,1942,1113,1,0.007525813
Warm A,20056,149,148,1942,1113,1,0.007865247
Warm A,841225,5054,5053,1942,1113,1,0.0071003092
Warm A,285464,1701,1700,1942,1113,1,0.015173041
Warm A,254908,1551,1550,1942,1113,0,-0.0011094376
Warm A,293915,1748,1747,1942,1113,0,0.010430331
Warm A,322634,1912,1911,1942,1113,0,0.007821785
Warm A,171981,1088,1087,1942,1113,1,0.0006059215
Warm A,171984,1088,1087,1943,1114,0,0.006378757
Warm A,655555,3948,3947,1948,1119,0,0.0029489833
Warm A,646406,3891,3890,1948,1119,1,0.0067620873
Warm A,644831,3884,3883,1948,1119,0,0.012379704
Warm A,642396,3864,3863,1948,1119,1,0.01241184
Warm A,630871,3816,3815,1948,1119,1,0.0104000075
Warm A,629800,3808,3807,1948,1119,0,0.0036059383
Warm A,626099,3789,3788,1948,1119,1,0.0041710744
Warm A,625061,3778,3777,1948,1119,0,0.017187115
Warm A,620757,3760,3759,1948,1119,1,0.0064426716
Warm A,670416,4028,4027,1948,1119,0,0.019647159
Warm A,613978,3718,3717,1948,1119,1,0.005962665
Warm A,611323,3705,3704,1948,1119,1,0.009862343
Warm A,609307,3693,3692,1948,1119,0,0.0023337756
Warm A,726532,4345,4344,1948,1119,0,0.0014151284
Warm A,608704,3691,3690,1948,1119,1,0.0149136335
Warm A,662700,3994,3993,1948,1119,1,0.012074092
Warm A,568409,3487,3486,1948,1119,0,0.0017893938
Warm A,548062,3380,3379,1948,1119,1,0.006269537
Warm A,545812,3365,3364,1948,1119,1,0.005189676
Warm A,533574,3292,3291,1948,1119,1,0.010837772
Warm A,521201,3216,3215,1948,1119,0,0.0049754856
Warm A,520939,3215,3214,1948,1119,1,-0.0031706197
Warm A,513077,3163,3162,1948,1119,0,0.006907189
Warm A,527612,3261,3260,1948,1119,0,-0.0019560084
Warm A,505284,3108,3107,1948,1119,1,0.010942193
Warm A,713306,4277,4276,1948,1119,0,0.012350733
Warm A,546188,3367,3366,1948,1119,1,0.002007882
Warm A,489740,3013,3012,1948,1119,1,0.015989173
Warm A,768827,4579,4578,1948,1119,1,-0.0017010127
Warm A,600245,3650,3649,1948,1119,0,0.007306087
Warm A,482856,2967,2966,1948,1119,0,0.004781601
Warm A,476885,2928,2927,1948,1119,1,0.008313185
Warm A,696648,4169,4168,1948,1119,1,0.015712202
Warm A,738232,4411,4410,1948,1119,1,-0.0009336299
Warm A,471694,2901,2900,1948,1119,1,0.0026976378
Warm A,494998,3036,3035,1948,1119,1,0.007394997
Warm A,467018,2878,2877,1948,1119,1,0.0035881086
Warm A,466203,2874,2873,1948,1119,1,0.009943327
Warm A,462062,2849,2848,1948,1119,1,0.011218958
Warm A,460006,2837,2836,1948,1119,1,0.007432451
Warm A,455926,2807,2806,1948,1119,1,0.011451016
Warm A,452880,2788,2787,1948,1119,1,-0.002989316
Warm A,448096,2761,2760,1948,1119,0,0.0005682772
Warm A,446977,2753,2752,1948,1119,1,0.00667828
Warm A,440756,2698,2697,1948,1119,0,0.0041294126
Warm A,427057,2592,2591,1948,1119,0,0.008069777
Warm A,422999,2564,2563,1948,1119,1,-0.0052178744
Warm A,451400,2778,2777,1948,1119,1,-0.00073690154
Warm A,419916,2537,2536,1948,1119,1,0.0078110667
Warm A,410901,2465,2464,1948,1119,1,0.0020933826
Warm A,398660,2373,2372,1948,1119,1,-0.0051729493
Warm A,392464,2304,2303,1948,1119,0,0.0025519521
Warm A,389078,2279,2278,1948,1119,1,0.0034102104
Warm A,382414,2234,2233,1948,1119,1,0.0011736423
Warm A,381759,2231,2230,1948,1119,0,0.0074194614
Warm A,378804,2211,2210,1948,1119,1,0.013903171
Warm A,377410,2203,2202,1948,1119,1,0.007135803
Warm A,356523,2088,2087,1948,1119,0,0.008640387
Warm A,345530,2026,2025,1948,1119,1,-0.0064756665
Warm A,357658,2092,2091,1948,1119,1,0.016259199
Warm A,344251,2020,2019,1948,1119,0,0.004840187
Warm A,335101,1977,1976,1948,1119,1,-0.002138279
Warm A,320275,1899,1898,1948,1119,1,0.005184455
Warm A,302537,1796,1795,1948,1119,1,0.002856547
Warm A,301557,1791,1790,1948,1119,0,0.013282605
Warm A,282989,1695,1694,1948,1119,1,0.01484285
Warm A,269221,1632,1631,1948,1119,0,0.012429163
Warm A,268606,1631,1630,1948,1119,1,0.005840853
Warm A,259097,1586,1585,1948,1119,1,0.007823514
Warm A,346356,2030,2029,1948,1119,1,0.007940842
Warm A,294454,1749,1748,1948,1119,0,0.0029581278
Warm A,218104,1322,1321,1948,1119,1,0.00676562
Warm A,276411,1671,1670,1948,1119,1,0.0074397223
Warm A,208395,1273,1272,1948,1119,1,0.0041295225
Warm A,208086,1272,1271,1948,1119,1,0.005556631
Warm A,213641,1298,1297,1948,1119,0,0.0040088436
Warm A,188668,1170,1169,1948,1119,1,0.0068620765
Warm A,190074,1179,1178,1948,1119,1,0.008499522
Warm A,212538,1294,1293,1948,1119,1,0.0059843305
Warm A,316368,1883,1882,1948,1119,0,-0.0055102836
Warm A,182879,1140,1139,1948,1119,1,0.008443061
Warm A,180428,1128,1127,1948,1119,1,0.010824928
Warm A,163117,1041,1040,1948,1119,1,-0.004172868
Warm A,167010,1062,1061,1948,1119,1,0.002419755
Warm A,153258,984,983,1948,1119,1,0.011886982
Warm A,147086,948,947,1948,1119,1,-0.006775393
Warm A,260889,1594,1593,1948,1119,1,0.0015767297
Warm A,138713,889,888,1948,1119,1,0.006966073
Warm A,160345,1019,1018,1948,1119,0,0.017835842
Warm A,131317,850,849,1948,1119,0,0.007671394
Warm A,374885,2185,2184,1948,1119,1,0.00833822
Warm A,315503,1880,1879,1948,1119,1,0.013976907
Warm A,112667,731,730,1948,1119,1,0.0154428445
Warm A,178331,1120,1119,1948,1119,1,0.0008223656
Warm A,284446,1698,1697,1948,1119,1,0.015510377
Warm A,97167,651,650,1948,1119,1,0.0104678115
Warm A,339268,1998,1997,1948,1119,1,0.00026850973
Warm A,84442,550,549,1948,1119,0,0.0100036105
Warm A,198255,1218,1217,1948,1119,0,0.0056510465
Warm A,77019,523,522,1948,1119,1,0.005372441
Warm A,72579,485,484,1948,1119,1,-0.0030285125
Warm A,66390,444,443,1948,1119,1,0.0062291822
Warm A,64745,434,433,1948,1119,1,-0.0019106176
Warm A,63747,425,424,1948,1119,1,0.007991737
Warm A,62212,420,419,1948,1119,1,0.0039025054
Warm A,59640,405,404,1948,1119,1,0.00876005
Warm A,48572,326,325,1948,1119,1,-0.005714096
Warm A,45596,307,306,1948,1119,1,0.0100663565
Warm A,32158,216,215,1948,1119,0,0.0038083543
Warm A,23754,169,168,1948,1119,0,0.009953775
Warm A,8088,54,53,1948,1119,0,0.004531233
Warm A,6262,45,44,1948,1119,0,0.0022884118
Warm A,48084,322,321,1948,1119,1,0.0028600544
Warm A,943,10,9,1948,1119,1,0.007726051
Warm A,858138,5157,5156,1948,1119,1,0.0032074014
Warm A,60788,411,410,1948,1119,0,0.0011241331
Warm A,421183,2544,2543,1948,1119,1,0.007662257
Warm A,801494,4802,4801,1948,1119,1,0.014061677
Warm A,94628,635,634,1948,1119,1,0.012126505
Warm A,238193,1447,1446,1948,1119,0,0.012792369
Warm A,158566,1015,1014,1948,1119,1,0.015922496
Warm A,47552,319,318,1948,1119,1,0.0154471565
Warm A,170971,1087,1086,1948,1119,0,0.011321421
Warm A,312457,1861,1860,1948,1119,1,0.0049552675
Warm A,757292,4508,4507,1948,1119,0,0.010269338
Warm A,293921,1748,1747,1948,1119,0,0.020319264
Warm A,949218,5734,5733,1948,1119,1,0.005170591
Warm A,447700,2760,2759,1948,1119,1,0.0017910192
Warm A,254663,1547,1546,1948,1119,1,0.003102264
Warm A,322642,1912,1911,1948,1119,0,0.017024409
Warm A,24415,173,172,1948,1119,0,0.008785393
Warm A,657646,3963,3962,1948,1119,1,0.0036388417
Warm A,371803,2172,2171,1948,1119,0,0.014421671
Warm A,319533,1897,1896,1948,1119,1,0.00249898
Warm A,34761,235,234,1948,1119,1,-0.0017537063
Warm A,63283,424,423,1948,1119,1,0.008910545
Warm A,923981,5580,5579,1948,1119,1,0.008769206
Warm A,171991,1088,1087,1948,1119,1,0.003920668
Warm A,766228,4562,4561,1966,1137,1,0.009049716
Warm A,751014,4480,4479,1966,1137,0,0.008217314
Warm A,746711,4456,4455,1966,1137,1,0.00025577378
Warm A,689166,4122,4121,1966,1137,1,0.0033904503
Warm A,686352,4106,4105,1966,1137,0,0.00806405
Warm A,660676,3983,3982,1966,1137,0,0.0024685687
Warm A,661042,3985,3984,1966,1137,0,0.014714827
Warm A,645928,3887,3886,1966,1137,1,-0.003003391
Warm A,635206,3829,3828,1966,1137,0,0.0044853417
Warm A,945530,5707,5706,1966,1137,1,0.002661705
Warm A,623123,3770,3769,1966,1137,1,0.0022696313
Warm A,622823,3769,3768,1966,1137,1,0.0035300406
Warm A,769258,4580,4579,1966,1137,1,0.013457755
Warm A,614388,3721,3720,1966,1137,1,0.0067944396
Warm A,612660,3713,3712,1966,1137,0,0.015612353
Warm A,611362,3705,3704,1966,1137,1,0.013346046
Warm A,725537,4344,4343,1966,1137,0,0.011105752
Warm A,703769,4220,4219,1966,1137,0,0.0013169819
Warm A,581024,3547,3546,1966,1137,0,0.0052459873
Warm A,617168,3735,3734,1966,1137,1,0.010640298
Warm A,579715,3539,3538,1966,1137,0,0.016140502
Warm A,556116,3417,3416,1966,1137,1,0.007281705
Warm A,571503,3504,3503,1966,1137,1,0.003004672
Warm A,546975,3371,3370,1966,1137,1,0.008409733
Warm A,542997,3341,3340,1966,1137,1,0.012554498
Warm A,904262,5468,5467,1966,1137,1,-0.009101318
Warm A,531782,3283,3282,1966,1137,1,-0.003959013
Warm A,916766,5539,5538,1966,1137,0,0.005784572
Warm A,883124,5333,5332,1966,1137,1,0.015560184
Warm A,523249,3226,3225,1966,1137,1,0.007663808
Warm A,522930,3224,3223,1966,1137,1,0.00955766
Warm A,510125,3142,3141,1966,1137,1,0.006829936
Warm A,501468,3080,3079,1966,1137,1,0.014591673
Warm A,500318,3072,3071,1966,1137,0,0.011614997
Warm A,490405,3017,3016,1966,1137,0,0.00045383465
Warm A,530605,3278,3277,1966,1137,0,0.0016398056
Warm A,462387,2853,2852,1966,1137,1,0.0069741635
Warm A,459664,2832,2831,1966,1137,1,0.0042507555
Warm A,459233,2826,2825,1966,1137,1,0.007950847
Warm A,455943,2807,2806,1966,1137,1,0.014929751
Warm A,796149,4771,4770,1966,1137,0,0.0040533817
Warm A,464347,2860,2859,1966,1137,0,0.011681084
Warm A,451547,2779,2778,1966,1137,0,0.0023974448
Warm A,449998,2774,2773,1966,1137,1,0.011040204
Warm A,443967,2737,2736,1966,1137,1,-0.00042232452
Warm A,446538,2752,2751,1966,1137,1,0.018076032
Warm A,564711,3471,3470,1966,1137,0,-0.0052987686
Warm A,696710,4169,4168,1966,1137,1,0.016370043
Warm A,432227,2634,2633,1966,1137,1,0.011568694
Warm A,421219,2544,2543,1966,1137,1,0.012415856
Warm A,416901,2507,2506,1966,1137,0,0.01395065
Warm A,394293,2323,2322,1966,1137,0,-0.0032523207
Warm A,413305,2485,2484,1966,1137,0,0.00813608
Warm A,385409,2251,2250,1966,1137,1,-0.004865736
Warm A,377985,2205,2204,1966,1137,0,0.009779545
Warm A,372134,2173,2172,1966,1137,1,0.0066139936
Warm A,358126,2096,2095,1966,1137,1,0.0082880575
Warm A,360250,2105,2104,1966,1137,1,0.0070228297
Warm A,347130,2036,2035,1966,1137,1,0.008172573
Warm A,346714,2031,2030,1966,1137,1,0.014418703
Warm A,319571,1897,1896,1966,1137,0,0.006220632
Warm A,302548,1796,1795,1966,1137,1,0.00073823566
Warm A,298206,1767,1766,1966,1137,1,0.0139938
Warm A,310191,1845,1844,1966,1137,1,0.001131871
Warm A,274530,1658,1657,1966,1137,1,0.010662101
Warm A,269269,1632,1631,1966,1137,1,0.018975165
Warm A,256455,1565,1564,1966,1137,1,-0.00011853338
Warm A,289498,1727,1726,1966,1137,1,-0.0001830142
Warm A,211327,1285,1284,1966,1137,0,-0.002405149
Warm A,294490,1749,1748,1966,1137,1,0.009833369
Warm A,209582,1279,1278,1966,1137,0,0.004982113
Warm A,185744,1150,1149,1966,1137,1,0.0071449876
Warm A,307683,1835,1834,1966,1137,1,0.009699646
Warm A,176570,1116,1115,1966,1137,1,-0.0033892812
Warm A,173838,1100,1099,1966,1137,1,6.3479645e-05
Warm A,188324,1168,1167,1966,1137,1,0.008352586
Warm A,166626,1059,1058,1966,1137,0,0.0032219552
Warm A,160396,1019,1018,1966,1137,0,0.008473824
Warm A,158630,1015,1014,1966,1137,1,0.011330966
Warm A,147808,952,951,1966,1137,0,0.0074184346
Warm A,260896,1594,1593,1966,1137,0,0.004073412
Warm A,713362,4277,4276,1966,1137,0,0.009923088
Warm A,201778,1242,1241,1966,1137,1,0.0046568234
Warm A,132094,854,853,1966,1137,0,0.007174941
Warm A,125070,802,801,1966,1137,0,-0.000663016
Warm A,124598,801,800,1966,1137,0,-0.007275922
Warm A,332292,1960,1959,1966,1137,0,0.015305191
Warm A,113459,735,734,1966,1137,0,0.006157821
Warm A,112692,731,730,1966,1137,1,0.008487849
Warm A,89647,590,589,1966,1137,1,0.0051793763
Warm A,89396,588,587,1966,1137,1,0.010422385
Warm A,191422,1181,1180,1966,1137,0,-0.006425657
Warm A,82327,546,545,1966,1137,1,0.011616629
Warm A,84495,550,549,1966,1137,1,0.012998337
Warm A,75074,509,508,1966,1137,1,0.0039711935
Warm A,239289,1448,1447,1966,1137,0,0.008136103
Warm A,72992,493,492,1966,1137,1,0.0025881794
Warm A,57224,386,385,1966,1137,1,-0.0011486113
Warm A,132673,855,854,1966,1137,1,0.0054825773
Warm A,313018,1865,1864,1966,1137,0,-0.0020140007
Warm A,37910,259,258,1966,1137,0,0.0017899768
Warm A,258595,1584,1583,1966,1137,0,0.013035021
Warm A,34389,232,231,1966,1137,1,0.0003552906
Warm A,33587,225,224,1966,1137,1,0.0056792265
Warm A,228536,1383,1382,1966,1137,0,0.0063136704
Warm A,17575,136,135,1966,1137,1,0.004795122
Warm A,6307,45,44,1966,1137,0,0.005355753
Warm A,3550,26,25,1966,1137,1,0.0077354284
Warm A,439,5,4,1966,1137,0,0.008570196
Warm A,458261,2820,2819,1966,1137,0,0.008695481
Warm A,66181,442,441,1966,1137,1,0.006621314
Warm A,772083,4602,4601,1966,1137,1,-0.0021811286
Warm A,862733,5193,5192,1966,1137,1,0.008723009
Warm A,450086,2775,2774,1966,1137,1,0.0027320806
Warm A,193056,1192,1191,1966,1137,1,-0.002200512
Warm A,762225,4528,4527,1966,1137,1,-0.0062480867
Warm A,284945,1699,1698,1966,1137,1,0.0024180391
Warm A,408409,2453,2452,1966,1137,0,0.01327436
Warm A,531262,3280,3279,1966,1137,1,0.005527709
Warm A,475647,2918,2917,1966,1137,0,0.0033633977
Warm A,290514,1733,1732,1966,1137,1,0.0046628434
Warm A,9898,68,67,1966,1137,1,0.013098924
Warm A,633592,3824,3823,1966,1137,0,0.009031941
Warm A,860176,5172,5171,1966,1137,1,-0.0014825631
Warm A,499705,3067,3066,1966,1137,1,0.01071729
Warm A,772755,4607,4606,1966,1137,1,0.014036354
Warm A,336330,1980,1979,1966,1137,1,0.014606341
Warm A,983063,5938,5937,1966,1137,0,0.0055842167
Warm A,497396,3054,3053,1966,1137,0,0.0044343434
Warm A,104002,691,690,1966,1137,1,-0.004669466
Warm A,246960,1491,1490,1966,1137,0,-0.0015875731
Warm A,902879,5458,5457,1966,1137,1,0.006044383
Warm A,465807,2872,2871,1966,1137,1,0.010033939
Warm A,565775,3475,3474,1966,1137,0,0.0136732375
Warm A,34786,235,234,1966,1137,1,0.0061013876
Warm A,95766,641,640,1966,1137,1,0.007524793
Warm A,790529,4728,4727,1966,1137,1,0.015220197
Warm A,480492,2947,2946,1966,1137,0,0.00031234184
Warm A,682768,4085,4084,1975,1145,0,0.007585292
Warm A,666395,4009,4008,1975,1145,0,0.007184509
Warm A,664836,4001,4000,1975,1145,1,0.0063915397
Warm A,663593,3998,3997,1975,1145,0,0.00866362
Warm A,654361,3942,3941,1975,1145,0,0.011109306
Warm A,664267,3999,3998,1975,1145,0,0.0052614235
Warm A,628419,3806,3805,1975,1145,0,0.006947632
Warm A,628844,3807,3806,1975,1145,0,-0.0013854464
Warm A,627985,3801,3800,1975,1145,1,0.0027146563
Warm A,638581,3841,3840,1975,1145,0,0.007903764
Warm A,623555,3771,3770,1975,1145,0,0.004695112
Warm A,625146,3778,3777,1975,1145,0,0.005974858
Warm A,611977,3709,3708,1975,1145,0,0.00038852845
Warm A,621360,3762,3761,1975,1145,0,0.0141407065
Warm A,725560,4344,4343,1975,1145,0,0.00299924
Warm A,606730,3683,3682,1975,1145,0,0.008884689
Warm A,633625,3824,3823,1975,1145,0,0.008461031
Warm A,596895,3626,3625,1975,1145,0,0.004601717
Warm A,589956,3599,3598,1975,1145,0,0.0062228832
Warm A,572658,3508,3507,1975,1145,0,6.2886626e-05
Warm A,569490,3491,3490,1975,1145,1,0.007992695
Warm A,558993,3433,3432,1975,1145,0,0.0077104387
Warm A,552646,3401,3400,1975,1145,0,0.011936678
Warm A,554215,3410,3409,1975,1145,0,0.0036234735
Warm A,554619,3411,3410,1975,1145,0,0.0071005593
Warm A,537489,3311,3310,1975,1145,0,0.0041589066
Warm A,528360,3265,3264,1975,1145,0,0.010316019
Warm A,518913,3201,3200,1975,1145,0,0.004529796
Warm A,515719,3182,3181,1975,1145,0,0.00638106
Warm A,606047,3681,3680,1975,1145,0,0.010281544
Warm A,513149,3163,3162,1975,1145,0,-0.0015595634
Warm A,508811,3129,3128,1975,1145,0,0.0068373885
Warm A,718690,4305,4304,1975,1145,0,0.00784358
Warm A,494511,3032,3031,1975,1145,1,0.0006177984
Warm A,540097,3320,3319,1975,1145,0,0.0049415403
Warm A,469064,2888,2887,1975,1145,0,0.0028242017
Warm A,754775,4497,4496,1975,1145,0,-0.00035021664
Warm A,463603,2857,2856,1975,1145,0,0.005350748
Warm A,462291,2852,2851,1975,1145,1,0.0044959956
Warm A,439678,2685,2684,1975,1145,0,0.008621808
Warm A,426621,2590,2589,1975,1145,0,0.00077499356
Warm A,411789,2474,2473,1975,1145,0,-0.001752404
Warm A,409808,2457,2456,1975,1145,1,0.0055145402
Warm A,397236,2352,2351,1975,1145,0,0.003699281
Warm A,370095,2164,2163,1975,1145,0,0.007690061
Warm A,367788,2147,2146,1975,1145,0,0.006022228
Warm A,367359,2144,2143,1975,1145,0,0.007574317
Warm A,297734,1764,1763,1975,1145,1,0.00030295178
Warm A,288341,1722,1721,1975,1145,1,-0.0040317867
Warm A,291700,1737,1736,1975,1145,0,0.0019647111
Warm A,279928,1680,1679,1975,1145,0,0.008451781
Warm A,280536,1683,1682,1975,1145,0,0.001883701
Warm A,358299,2097,2096,1975,1145,0,0.0018922545
Warm A,247911,1496,1495,1975,1145,0,0.0019565695
Warm A,243021,1465,1464,1975,1145,0,0.003734128
Warm A,224553,1357,1356,1975,1145,0,0.008210555
Warm A,336359,1980,1979,1975,1145,0,0.010672193
Warm A,278007,1676,1675,1975,1145,1,0.008262069
Warm A,273275,1647,1646,1975,1145,0,-0.00043191342
Warm A,350390,2056,2055,1975,1145,0,0.008479029
Warm A,206075,1264,1263,1975,1145,0,0.00018044654
Warm A,322701,1912,1911,1975,1145,0,0.00084432773
Warm A,271122,1639,1638,1975,1145,0,0.011287456
Warm A,328714,1941,1940,1975,1145,0,0.004733001
Warm A,189130,1172,1171,1975,1145,0,0.0070934948
Warm A,299232,1776,1775,1975,1145,0,0.015424633
Warm A,307711,1835,1834,1975,1145,0,0.012776621
Warm A,180469,1128,1127,1975,1145,0,0.012952782
Warm A,196752,1207,1206,1975,1145,0,0.0063183517
Warm A,175098,1109,1108,1975,1145,0,-0.00017508533
Warm A,165667,1056,1055,1975,1145,1,0.0012005081
Warm A,159436,1017,1016,1975,1145,0,0.007106049
Warm A,135856,877,876,1975,1145,0,0.014630927
Warm A,134598,869,868,1975,1145,0,0.003931692
Warm A,130333,844,843,1975,1145,0,0.0052057
Warm A,125644,808,807,1975,1145,0,0.0013265889
Warm A,124005,798,797,1975,1145,0,0.0013967925
Warm A,211358,1285,1284,1975,1145,0,0.0037187212
Warm A,114117,741,740,1975,1145,1,0.0014390021
Warm A,107219,705,704,1975,1145,0,-0.00046141073
Warm A,99486,663,662,1975,1145,0,0.010769431
Warm A,352343,2063,2062,1975,1145,0,0.0026758774
Warm A,94753,636,635,1975,1145,1,0.0038413885
Warm A,92846,621,620,1975,1145,0,0.005857961
Warm A,265289,1611,1610,1975,1145,1,0.0033091428
Warm A,140778,904,903,1975,1145,0,0.005004093
Warm A,115549,749,748,1975,1145,1,0.0012038302
Warm A,87543,572,571,1975,1145,0,-0.0049966024
Warm A,77883,524,523,1975,1145,0,0.012430158
Warm A,81919,543,542,1975,1145,0,0.0033022715
Warm A,57644,390,389,1975,1145,0,0.010815826
Warm A,45232,305,304,1975,1145,0,0.0056946455
Warm A,41238,278,277,1975,1145,0,0.007020182
Warm A,30010,202,201,1975,1145,0,0.0073896646
Warm A,99906,667,666,1975,1145,0,-0.004524891
Warm A,270223,1635,1634,1975,1145,0,0.005596488
Warm A,15728,123,122,1975,1145,0,0.010841308
Warm A,6468,46,45,1975,1145,1,0.009650293
Warm A,482035,2962,2961,1975,1145,0,0.0023819245
Warm A,355181,2077,2076,1975,1145,0,0.007869998
Warm A,432878,2638,2637,1975,1145,0,0.0052500265
Warm A,238273,1447,1446,1975,1145,0,0.0071235904
Warm A,290537,1733,1732,1975,1145,0,0.012725885
Warm A,102642,678,677,1975,1145,0,0.0015304205
Warm A,964228,5812,5811,1975,1145,0,0.003007242
Warm A,720221,4312,4311,1975,1145,0,0.016077543
Warm A,331935,1958,1957,1975,1145,0,0.01628637
Warm A,474098,2909,2908,1975,1145,1,0.008199097
Warm A,63377,424,423,1975,1145,0,0.012117179
Warm A,474409,2910,2909,1975,1145,0,0.006911703
Warm A,34287,231,230,1975,1145,0,0.007898666
Warm A,558994,3433,3432,1976,1146,0,-0.0097343605
Warm A,552647,3401,3400,1976,1146,0,-0.017040849
Warm A,554216,3410,3409,1976,1146,0,0.000762371
Warm A,554620,3411,3410,1976,1146,0,-0.0016920001
Warm A,537491,3311,3310,1976,1146,0,0.003505438
Warm A,528361,3265,3264,1976,1146,0,0.003117634
Warm A,654362,3942,3941,1976,1146,0,-0.00014793593
Warm A,518914,3201,3200,1976,1146,0,0.010153593
Warm A,515720,3182,3181,1976,1146,0,-0.0021357331
Warm A,566487,3476,3475,1976,1146,0,-0.0074498774
Warm A,606048,3681,3680,1976,1146,0,-0.0043266015
Warm A,508812,3129,3128,1976,1146,0,0.00334507
Warm A,494512,3032,3031,1976,1146,1,-0.0035575763
Warm A,540099,3320,3319,1976,1146,0,-0.011545515
Warm A,472888,2907,2906,1976,1146,0,-0.0010552327
Warm A,462292,2852,2851,1976,1146,0,-0.0052531706
Warm A,450397,2776,2775,1976,1146,0,0.0009580171
Warm A,453335,2792,2791,1976,1146,0,-0.005425532
Warm A,432331,2635,2634,1976,1146,1,-0.0005601158
Warm A,431213,2627,2626,1976,1146,0,-0.011406166
Warm A,429312,2611,2610,1976,1146,0,0.0004578554
Warm A,426622,2590,2589,1976,1146,0,-0.0029819387
Warm A,414082,2491,2490,1976,1146,0,0.006795991
Warm A,411137,2466,2465,1976,1146,0,-0.0051918095
Warm A,410041,2458,2457,1976,1146,0,-0.000329823
Warm A,409809,2457,2456,1976,1146,0,0.013195995
Warm A,406624,2439,2438,1976,1146,0,0.0047358307
Warm A,398797,2374,2373,1976,1146,0,-0.004954138
Warm A,760237,4517,4516,1976,1146,0,-0.010678999
Warm A,385419,2251,2250,1976,1146,0,-0.0048256037
Warm A,379378,2217,2216,1976,1146,0,-0.002385207
Warm A,370096,2164,2163,1976,1146,0,-0.0041517466
Warm A,368096,2149,2148,1976,1146,0,-0.006108406
Warm A,367360,2144,2143,1976,1146,0,-0.008567951
Warm A,366009,2130,2129,1976,1146,1,-1.6586855e-05
Warm A,364985,2124,2123,1976,1146,0,-0.0009651581
Warm A,364193,2121,2120,1976,1146,0,-0.00025516318
Warm A,356181,2087,2086,1976,1146,0,0.0063245064
Warm A,352345,2063,2062,1976,1146,0,0.0008316096
Warm A,350391,2056,2055,1976,1146,1,-0.0039321296
Warm A,348796,2046,2045,1976,1146,0,-0.0029976042
Warm A,348233,2041,2040,1976,1146,0,0.003969644
Warm A,342813,2015,2014,1976,1146,0,-0.005064853
Warm A,333546,1968,1967,1976,1146,0,-0.0053607114
Warm A,324698,1923,1922,1976,1146,0,-0.0013554245
Warm A,310869,1851,1850,1976,1146,0,0.0014617974
Warm A,303641,1803,1802,1976,1146,0,0.0068172785
Warm A,297735,1764,1763,1976,1146,0,0.0015939691
Warm A,290538,1733,1732,1976,1146,0,0.00031367503
Warm A,286905,1712,1711,1976,1146,0,-0.0070128753
Warm A,285525,1701,1700,1976,1146,0,-0.0015416415
Warm A,291701,1737,1736,1976,1146,0,-0.0016691671
Warm A,281422,1687,1686,1976,1146,0,0.0020416072
Warm A,279930,1680,1679,1976,1146,1,-0.019388236
Warm A,260744,1593,1592,1976,1146,0,-0.0025458562
Warm A,358300,2097,2096,1976,1146,0,0.0076977154
Warm A,254759,1549,1548,1976,1146,0,-0.0013482096
Warm A,303352,1802,1801,1976,1146,0,0.0021869603
Warm A,250591,1510,1509,1976,1146,0,0.0021696861
Warm A,247222,1494,1493,1976,1146,0,-0.0062229857
Warm A,247913,1496,1495,1976,1146,0,-0.0059164963
Warm A,631826,3821,3820,1976,1146,0,-0.0051957304
Warm A,244208,1470,1469,1976,1146,0,-0.014082155
Warm A,242249,1461,1460,1976,1146,0,-0.0012220843
Warm A,237093,1441,1440,1976,1146,0,-0.0087166475
Warm A,233279,1419,1418,1976,1146,0,0.0044717835
Warm A,224345,1356,1355,1976,1146,0,-0.015588498
Warm A,224554,1357,1356,1976,1146,0,-0.0026659458
Warm A,220048,1333,1332,1976,1146,0,-0.003235213
Warm A,336360,1980,1979,1976,1146,0,-0.01430334
Warm A,278009,1676,1675,1976,1146,1,-0.0061641354
Warm A,273276,1647,1646,1976,1146,0,-0.0027447878
Warm A,209098,1275,1274,1976,1146,0,-0.00015201455
Warm A,322702,1912,1911,1976,1146,0,-0.0020860578
Warm A,271123,1639,1638,1976,1146,1,0.007610542
Warm A,196753,1207,1206,1976,1146,0,-0.0024867612
Warm A,210337,1284,1283,1976,1146,0,-0.0011865069
Warm A,328716,1941,1940,1976,1146,0,-0.009942876
Warm A,187183,1161,1160,1976,1146,0,-0.0046017636
Warm A,189131,1172,1171,1976,1146,0,0.0014020782
Warm A,299233,1776,1775,1976,1146,0,-0.012604138
Warm A,184139,1146,1145,1976,1146,0,-0.003971529
Warm A,183817,1145,1144,1976,1146,0,-0.0055004917
Warm A,307712,1835,1834,1976,1146,0,-0.00928932
Warm A,182397,1138,1137,1976,1146,0,-0.0013132424
Warm A,170036,1080,1079,1976,1146,0,-0.003428911
Warm A,162060,1033,1032,1976,1146,0,-0.0023046462
Warm A,159437,1017,1016,1976,1146,0,-0.008964037
Warm A,145918,937,936,1976,1146,0,-0.0015907683
Warm A,261268,1597,1596,1976,1146,0,-0.008246945
Warm A,157247,1010,1009,1976,1146,0,0.00019139657
Warm A,138817,889,888,1976,1146,0,0.003174076
Warm A,134599,869,868,1976,1146,0,-0.0013113336
Warm A,133242,859,858,1976,1146,1,-0.0007815645
Warm A,131356,850,849,1976,1146,1,-0.005601534
Warm A,332866,1962,1961,1976,1146,0,-0.004108974
Warm A,125645,808,807,1976,1146,0,-0.0049259053
Warm A,211359,1285,1284,1976,1146,0,0.0013762969
Warm A,114118,741,740,1976,1146,0,-0.008860319
Warm A,107220,705,704,1976,1146,0,0.0054808836
Warm A,99907,667,666,1976,1146,0,0.0030257127
Warm A,99363,662,661,1976,1146,0,0.00091292756
Warm A,92847,621,620,1976,1146,0,-0.008825271
Warm A,92438,618,617,1976,1146,0,0.0016701411
Warm A,265290,1611,1610,1976,1146,1,-0.0035624385
Warm A,115550,749,748,1976,1146,1,0.0026035693
Warm A,82340,546,545,1976,1146,0,-0.002856047
Warm A,82552,548,547,1976,1146,0,-0.0027360287
Warm A,73925,501,500,1976,1146,0,-0.008614603
Warm A,74082,504,503,1976,1146,0,-0.00096279243
Warm A,57645,390,389,1976,1146,0,-0.0071538724
Warm A,46062,308,307,1976,1146,0,-0.011669467
Warm A,41903,284,283,1976,1146,0,-0.00966111
Warm A,41239,278,277,1976,1146,0,-0.012602044
Warm A,37058,250,249,1976,1146,0,0.0048613697
Warm A,31291,211,210,1976,1146,0,0.0016009102
Warm A,26826,190,189,1976,1146,0,-0.002420621
Warm A,595919,3624,3623,1976,1146,0,-0.007357361
Warm A,14141,115,114,1976,1146,0,0.0062097823
Warm A,14612,117,116,1976,1146,0,-0.013320813
Warm A,14006,113,112,1976,1146,0,-0.0018065609
Warm A,13623,108,107,1976,1146,0,0.00717456
Warm A,15729,123,122,1976,1146,0,-0.009672334
Warm A,8233,57,56,1976,1146,0,0.0019625507
Warm A,6469,46,45,1976,1146,1,-0.0037038198
Warm A,5393,37,36,1976,1146,0,-0.008681714
Warm A,4160,31,30,1976,1146,0,-0.0031352995
Warm A,102643,678,677,1976,1146,0,-0.013275352
Warm A,482036,2962,2961,1976,1146,0,-0.004653087
Warm A,207142,1266,1265,1976,1146,0,-0.007648416
Warm A,743123,4445,4444,1976,1146,0,0.009435469
Warm A,355183,2077,2076,1976,1146,0,-0.010722935
Warm A,238275,1447,1446,1976,1146,0,-0.00054809614
Warm A,964229,5812,5811,1976,1146,0,-0.0050726747
Warm A,331936,1958,1957,1976,1146,0,-0.00758324
Warm A,474100,2909,2908,1976,1146,0,0.004276777
Warm A,63378,424,423,1976,1146,0,0.0018314903
Warm A,474410,2910,2909,1976,1146,0,-0.0050865943
Warm A,34288,231,230,1976,1146,0,-8.672348e-05
Warm A,566488,3476,3475,1977,1147,0,0.0046757394
Warm A,718691,4305,4304,1977,1147,0,0.012755072
Warm A,494514,3032,3031,1977,1147,1,0.0072478284
Warm A,540100,3320,3319,1977,1147,0,0.015471621
Warm A,462293,2852,2851,1977,1147,1,0.0037321416
Warm A,444851,2743,2742,1977,1147,0,0.004861501
Warm A,453336,2792,2791,1977,1147,0,0.008358681
Warm A,432332,2635,2634,1977,1147,1,0.008793874
Warm A,429313,2611,2610,1977,1147,1,0.0019877655
Warm A,426623,2590,2589,1977,1147,0,0.0029233145
Warm A,414083,2491,2490,1977,1147,0,-0.0006967813
Warm A,411138,2466,2465,1977,1147,0,0.007968683
Warm A,409811,2457,2456,1977,1147,0,0.007371662
Warm A,397237,2352,2351,1977,1147,0,-0.0027713408
Warm A,379379,2217,2216,1977,1147,0,0.0004896408
Warm A,367361,2144,2143,1977,1147,0,0.002174698
Warm A,366010,2130,2129,1977,1147,1,-3.4167897e-07
Warm A,366288,2131,2130,1977,1147,0,0.008089038
Warm A,364986,2124,2123,1977,1147,0,0.011853324
Warm A,364194,2121,2120,1977,1147,0,-0.0005266161
Warm A,355184,2077,2076,1977,1147,0,0.016829323
Warm A,352347,2063,2062,1977,1147,0,0.010950643
Warm A,349404,2050,2049,1977,1147,0,0.0010573263
Warm A,348797,2046,2045,1977,1147,0,0.004484063
Warm A,348234,2041,2040,1977,1147,0,0.005716448
Warm A,342814,2015,2014,1977,1147,0,0.013445724
Warm A,333548,1968,1967,1977,1147,0,0.01547675
Warm A,324699,1923,1922,1977,1147,0,0.0017361261
Warm A,310870,1851,1850,1977,1147,0,0.008482354
Warm A,303642,1803,1802,1977,1147,1,0.0014073468
Warm A,298730,1774,1773,1977,1147,0,0.008866923
Warm A,322704,1912,1911,1977,1147,0,0.0021778808
Warm A,285526,1701,1700,1977,1147,0,0.0053977203
Warm A,281424,1687,1686,1977,1147,0,-0.004060082
Warm A,291702,1737,1736,1977,1147,0,0.0034590862
Warm A,279934,1680,1679,1977,1147,0,0.0076321657
Warm A,280537,1683,1682,1977,1147,0,0.0062646545
Warm A,266732,1617,1616,1977,1147,0,0.010177189
Warm A,261462,1598,1597,1977,1147,0,-0.009741245
Warm A,260745,1593,1592,1977,1147,0,0.0021401052
Warm A,303353,1802,1801,1977,1147,0,0.008241801
Warm A,247914,1496,1495,1977,1147,0,0.015965115
Warm A,245901,1484,1483,1977,1147,0,0.008327743
Warm A,240530,1449,1448,1977,1147,0,0.0054863463
Warm A,237094,1441,1440,1977,1147,0,0.00065269205
Warm A,233280,1419,1418,1977,1147,0,0.0073651536
Warm A,224555,1357,1356,1977,1147,0,0.0010057541
Warm A,220050,1333,1332,1977,1147,0,0.003356671
Warm A,214165,1300,1299,1977,1147,1,-1.2377277e-05
Warm A,278010,1676,1675,1977,1147,1,0.005158406
Warm A,196755,1207,1206,1977,1147,0,0.0050153276
Warm A,210338,1284,1283,1977,1147,0,0.004963164
Warm A,328720,1941,1940,1977,1147,0,0.009100519
Warm A,187184,1161,1160,1977,1147,0,0.0017287817
Warm A,189132,1172,1171,1977,1147,0,0.007244993
Warm A,299234,1776,1775,1977,1147,0,0.00743586
Warm A,184140,1146,1145,1977,1147,0,0.009792051
Warm A,307713,1835,1834,1977,1147,0,0.005885727
Warm A,182398,1138,1137,1977,1147,0,0.002045276
Warm A,181336,1133,1132,1977,1147,0,0.005223043
Warm A,180470,1128,1127,1977,1147,0,0.004215141
Warm A,165668,1056,1055,1977,1147,1,0.0041743023
Warm A,159438,1017,1016,1977,1147,1,0.0032012216
Warm A,149051,958,957,1977,1147,0,0.007871394
Warm A,145919,937,936,1977,1147,0,0.002742698
Warm A,142012,915,914,1977,1147,0,-0.00042389217
Warm A,140779,904,903,1977,1147,0,-0.002231183
Warm A,138820,889,888,1977,1147,0,0.008588563
Warm A,133243,859,858,1977,1147,1,0.0071666604
Warm A,332868,1962,1961,1977,1147,0,0.005263515
Warm A,125646,808,807,1977,1147,1,0.00044316403
Warm A,124006,798,797,1977,1147,1,0.014741461
Warm A,114119,741,740,1977,1147,1,-0.005572815
Warm A,107538,709,708,1977,1147,0,0.009060664
Warm A,107221,705,704,1977,1147,1,-0.003615865
Warm A,99908,667,666,1977,1147,0,0.009812332
Warm A,92848,621,620,1977,1147,0,0.0031528897
Warm A,92439,618,617,1977,1147,0,-5.618343e-05
Warm A,265291,1611,1610,1977,1147,1,0.00056967605
Warm A,115551,749,748,1977,1147,0,0.006645731
Warm A,82341,546,545,1977,1147,0,0.0059239464
Warm A,73926,501,500,1977,1147,0,0.0054830285
Warm A,68888,461,460,1977,1147,0,0.007306254
Warm A,57646,390,389,1977,1147,0,-0.0016420819
Warm A,50299,331,330,1977,1147,0,0.0037537282
Warm A,46063,308,307,1977,1147,0,0.0107633285
Warm A,639351,3842,3841,1977,1147,0,0.006461316
Warm A,41240,278,277,1977,1147,0,-0.0030738618
Warm A,39013,264,263,1977,1147,0,0.007995511
Warm A,221632,1340,1339,1977,1147,0,0.008224275
Warm A,31292,211,210,1977,1147,0,0.0052530156
Warm A,26827,190,189,1977,1147,0,-0.0006193941
Warm A,14142,115,114,1977,1147,0,0.0036752943
Warm A,14007,113,112,1977,1147,0,0.0015907658
Warm A,13624,108,107,1977,1147,0,0.0051326044
Warm A,8234,57,56,1977,1147,0,0.009300023
Warm A,6470,46,45,1977,1147,1,0.00082276267
Warm A,5394,37,36,1977,1147,0,0.008237668
Warm A,47651,319,318,1977,1147,0,0.007106025
Warm A,102645,678,677,1977,1147,0,0.0076456456
Warm A,482037,2962,2961,1977,1147,0,0.013173877
Warm A,207143,1266,1265,1977,1147,0,0.0087736305
Warm A,743124,4445,4444,1977,1147,0,0.0013977834
Warm A,273278,1647,1646,1977,1147,0,0.0039083473
Warm A,238277,1447,1446,1977,1147,0,0.012181511
Warm A,474411,2910,2909,1977,1147,0,0.006065491
Warm A,63380,424,423,1977,1147,0,0.0061263237
Warm A,290539,1733,1732,1977,1147,0,0.0075928997
Warm A,34289,231,230,1977,1147,0,0.0005136286
Warm A,297737,1764,1763,1978,1148,1,0.007696569
Warm A,322706,1912,1911,1978,1148,0,0.021726143
Warm A,291705,1737,1736,1978,1148,0,0.0065122945
Warm A,279937,1680,1679,1978,1148,1,0.011603264
Warm A,358301,2097,2096,1978,1148,0,0.0056862924
Warm A,247915,1496,1495,1978,1148,0,0.011634362
Warm A,224556,1357,1356,1978,1148,0,0.01816152
Warm A,214166,1300,1299,1978,1148,0,0.0032775956
Warm A,278011,1676,1675,1978,1148,1,0.013615877
Warm A,273279,1647,1646,1978,1148,0,0.014701607
Warm A,206077,1264,1263,1978,1148,0,0.019257933
Warm A,271126,1639,1638,1978,1148,0,0.007578775
Warm A,328723,1941,1940,1978,1148,0,0.017159222
Warm A,189134,1172,1171,1978,1148,0,0.010236926
Warm A,299237,1776,1775,1978,1148,0,0.0049009696
Warm A,307715,1835,1834,1978,1148,0,0.010988898
Warm A,196756,1207,1206,1978,1148,0,0.01149352
Warm A,165669,1056,1055,1978,1148,1,0.0029573787
Warm A,159439,1017,1016,1978,1148,0,0.012097177
Warm A,134603,869,868,1978,1148,0,0.01893704
Warm A,125647,808,807,1978,1148,0,0.008529511
Warm A,124007,798,797,1978,1148,0,0.007695037
Warm A,107539,709,708,1978,1148,0,4.239427e-05
Warm A,107222,705,704,1978,1148,0,0.004240344
Warm A,95233,638,637,1978,1148,0,0.0069852853
Warm A,92849,621,620,1978,1148,0,0.010134444
Warm A,265293,1611,1610,1978,1148,0,0.011200902
Warm A,115552,749,748,1978,1148,0,0.008105161
Warm A,81921,543,542,1978,1148,1,0.004874736
Warm A,57647,390,389,1978,1148,0,0.013212467
Warm A,45233,305,304,1978,1148,0,-0.003928394
Warm A,41905,284,283,1978,1148,0,0.004085605
Warm A,41242,278,277,1978,1148,0,0.010565603
Warm A,39700,269,268,1978,1148,0,0.0021446443
Warm A,99909,667,666,1978,1148,0,0.003195572
Warm A,14614,117,116,1978,1148,0,0.014878974
Warm A,6471,46,45,1978,1148,1,0.005154426
Warm A,482038,2962,2961,1978,1148,0,0.010768078
Warm A,352350,2063,2062,1978,1148,0,0.017150374
Warm A,310871,1851,1850,1978,1148,0,0.0056962864
Warm A,145921,937,936,1978,1148,0,0.0073226723
Warm A,130611,846,845,1978,1148,0,0.006441669
Warm A,599482,3648,3647,1978,1148,0,0.011009122
Warm A,400006,2380,2379,1978,1148,0,0.016645301
Warm A,331939,1958,1957,1978,1148,0,0.016837437
Warm A,229756,1390,1389,1978,1148,0,0.012110812
Warm A,348235,2041,2040,1978,1148,0,0.008647723
Warm A,207145,1266,1265,1978,1148,0,0.018705972
Warm A,519275,3203,3202,1978,1148,0,0.0087517705
Warm A,285527,1701,1700,1978,1148,0,0.021207407
Warm A,474412,2910,2909,1978,1148,0,0.0075657354
Warm A,63382,424,423,1978,1148,0,0.021558847
Warm A,290540,1733,1732,1978,1148,0,0.019038562
Warm A,34290,231,230,1978,1148,0,0.008230421
Warm A,409812,2457,2456,1979,1149,0,0.00757859
Warm A,367363,2144,2143,1979,1149,0,0.00027026003
Warm A,297738,1764,1763,1979,1149,1,0.015299718
Warm A,291707,1737,1736,1979,1149,0,0.0071429284
Warm A,279940,1680,1679,1979,1149,0,0.008502258
Warm A,280538,1683,1682,1979,1149,0,0.0038368776
Warm A,358303,2097,2096,1979,1149,0,-0.0027868755
Warm A,247916,1496,1495,1979,1149,0,0.0048022172
Warm A,214167,1300,1299,1979,1149,0,0.010401342
Warm A,328726,1941,1940,1979,1149,0,0.0054326635
Warm A,189135,1172,1171,1979,1149,0,0.007359191
Warm A,299238,1776,1775,1979,1149,0,-1.1715107e-05
Warm A,307717,1835,1834,1979,1149,1,0.0057073846
Warm A,244210,1470,1469,1979,1149,0,0.005883785
Warm A,196758,1207,1206,1979,1149,0,7.623527e-05
Warm A,184141,1146,1145,1979,1149,0,0.0082963295
Warm A,165670,1056,1055,1979,1149,1,0.0011902174
Warm A,159440,1017,1016,1979,1149,0,0.0034502218
Warm A,125648,808,807,1979,1149,1,0.00082190486
Warm A,124008,798,797,1979,1149,0,-0.0035716468
Warm A,114120,741,740,1979,1149,1,0.0012503103
Warm A,107540,709,708,1979,1149,1,0.007028456
Warm A,107223,705,704,1979,1149,1,0.004964495
Warm A,92850,621,620,1979,1149,0,0.0035470994
Warm A,265294,1611,1610,1979,1149,1,0.010348527
Warm A,115553,749,748,1979,1149,0,0.006686571
Warm A,74335,507,506,1979,1149,0,-0.0039777393
Warm A,68890,461,460,1979,1149,0,0.002714039
Warm A,57648,390,389,1979,1149,0,0.01858835
Warm A,45234,305,304,1979,1149,0,-0.0017688706
Warm A,41908,284,283,1979,1149,0,0.005949053
Warm A,883143,5333,5332,1979,1149,0,0.01014442
Warm A,99910,667,666,1979,1149,0,0.0034208824
Warm A,14615,117,116,1979,1149,0,0.004739943
Warm A,6472,46,45,1979,1149,1,0.007736665
Warm A,482039,2962,2961,1979,1149,0,0.0075229197
Warm A,290541,1733,1732,1979,1149,0,0.016599622
Warm A,273281,1647,1646,1979,1149,0,0.013863367
Warm A,102647,678,677,1979,1149,0,0.004444227
Warm A,352352,2063,2062,1979,1149,0,0.0073169544
Warm A,238279,1447,1446,1979,1149,0,0.006842152
Warm A,310872,1851,1850,1979,1149,0,0.005977059
Warm A,145922,937,936,1979,1149,0,-0.0012734313
Warm A,599484,3648,3647,1979,1149,0,0.0052324124
Warm A,400008,2380,2379,1979,1149,0,0.004896683
Warm A,331941,1958,1957,1979,1149,0,0.0013848904
Warm A,348237,2041,2040,1979,1149,0,-0.0013639326
Warm A,322708,1912,1911,1979,1149,0,0.00858582
Warm A,207147,1266,1265,1979,1149,0,0.011980596
Warm A,285528,1701,1700,1979,1149,0,0.0051260497
Warm A,474413,2910,2909,1979,1149,0,-0.0031207013
Warm A,34291,231,230,1979,1149,0,0.0077424925
Warm A,358309,2097,2096,1980,1150,0,0.018927414
Warm A,247921,1496,1495,1980,1150,0,0.005854859
Warm A,214169,1300,1299,1980,1150,0,0.0075620995
Warm A,278021,1676,1675,1980,1150,1,0.0010564727
Warm A,328748,1941,1940,1980,1150,0,0.012158711
Warm A,189144,1172,1171,1980,1150,0,0.004038912
Warm A,299241,1776,1775,1980,1150,0,4.5485795e-06
Warm A,196766,1207,1206,1980,1150,0,0.0050463127
Warm A,184146,1146,1145,1980,1150,0,0.0107563725
Warm A,159446,1017,1016,1980,1150,0,0.006203239
Warm A,125651,808,807,1980,1150,1,-0.0012669961
Warm A,124012,798,797,1980,1150,0,-0.004133051
Warm A,107542,709,708,1980,1150,0,0.002965983
Warm A,107227,705,704,1980,1150,0,-0.0033487303
Warm A,92853,621,620,1980,1150,0,0.00019275211
Warm A,265303,1611,1610,1980,1150,0,0.004440715
Warm A,115558,749,748,1980,1150,0,0.004338665
Warm A,57653,390,389,1980,1150,0,0.00069466233
Warm A,45238,305,304,1980,1150,0,0.0009977606
Warm A,41915,284,283,1980,1150,0,0.0020939186
Warm A,42861,293,292,1980,1150,0,0.010195974
Warm A,36922,248,247,1980,1150,1,0.005263105
Warm A,99911,667,666,1980,1150,0,-0.0047331816
Warm A,6474,46,45,1980,1150,1,-0.0006996512
Warm A,482044,2962,2961,1980,1150,0,-0.0016000188
Warm A,290553,1733,1732,1980,1150,0,-0.00017607701
Warm A,273291,1647,1646,1980,1150,0,0.008855125
Warm A,102658,678,677,1980,1150,0,0.01067183
Warm A,352366,2063,2062,1980,1150,0,-0.00142748
Warm A,331952,1958,1957,1980,1150,0,0.009808786
Warm A,34293,231,230,1980,1150,0,0.010222662
Warm A,358310,2097,2096,1981,1151,0,0.011072075
Warm A,247922,1496,1495,1981,1151,0,0.010113532
Warm A,329590,1943,1942,1981,1151,0,0.008562656
Warm A,214170,1300,1299,1981,1151,0,-0.0033717882
Warm A,278022,1676,1675,1981,1151,1,0.009845238
Warm A,273293,1647,1646,1981,1151,0,0.0060695726
Warm A,322722,1912,1911,1981,1151,0,0.0008092541
Warm A,271136,1639,1638,1981,1151,0,0.0024365901
Warm A,328750,1941,1940,1981,1151,0,0.018615726
Warm A,299242,1776,1775,1981,1151,0,0.005083065
Warm A,196767,1207,1206,1981,1151,0,0.013576731
Warm A,184147,1146,1145,1981,1151,0,0.0028869438
Warm A,170037,1080,1079,1981,1151,0,0.0055272197
Warm A,165671,1056,1055,1981,1151,1,0.00028224615
Warm A,159448,1017,1016,1981,1151,0,0.01401758
Warm A,134614,869,868,1981,1151,0,0.009941987
Warm A,125652,808,807,1981,1151,0,0.003451853
Warm A,124013,798,797,1981,1151,0,0.005662132
Warm A,114123,741,740,1981,1151,0,0.0042295326
Warm A,107543,709,708,1981,1151,0,0.011806058
Warm A,107228,705,704,1981,1151,0,0.0013984893
Warm A,94754,636,635,1981,1151,1,0.012283856
Warm A,92854,621,620,1981,1151,0,0.003388534
Warm A,265304,1611,1610,1981,1151,0,0.007761469
Warm A,115559,749,748,1981,1151,0,0.002334892
Warm A,57654,390,389,1981,1151,0,-0.0011020417
Warm A,45239,305,304,1981,1151,0,0.0038372246
Warm A,221651,1340,1339,1981,1151,0,0.0032820762
Warm A,99912,667,666,1981,1151,0,0.0028836133
Warm A,482045,2962,2961,1981,1151,0,0.015229721
Warm A,306276,1824,1823,1981,1151,0,0.0012009045
Warm A,6475,46,45,1981,1151,1,0.0025923837
Warm A,238294,1447,1446,1981,1151,0,0.007967097
Warm A,352369,2063,2062,1981,1151,0,0.0019942946
Warm A,331954,1958,1957,1981,1151,0,0.0012160032
Warm A,893103,5394,5393,1981,1151,0,0.0082764495
Warm A,290554,1733,1732,1981,1151,0,0.011132305
Warm A,145929,937,936,1981,1151,0,0.005182076
Warm A,34294,231,230,1981,1151,0,0.0011513403
Warm A,666995,4014,4013,1983,1153,1,-0.0018700969
Warm A,666527,4011,4010,1983,1153,0,0.014298639
Warm A,663611,3998,3997,1983,1153,1,0.0077365106
Warm A,680391,4078,4077,1983,1153,0,0.010924923
Warm A,662517,3993,3992,1983,1153,0,0.005450574
Warm A,651648,3929,3928,1983,1153,0,0.012995649
Warm A,648305,3903,3902,1983,1153,0,0.0036814446
Warm A,639638,3844,3843,1983,1153,1,0.002675689
Warm A,635246,3829,3828,1983,1153,0,0.0035094512
Warm A,666406,4009,4008,1983,1153,1,0.0022205934
Warm A,759898,4514,4513,1983,1153,0,0.008907028
Warm A,664285,3999,3998,1983,1153,0,0.008715071
Warm A,628859,3807,3806,1983,1153,0,0.0061598737
Warm A,628225,3804,3803,1983,1153,0,0.005186392
Warm A,627996,3801,3800,1983,1153,1,0.0021540495
Warm A,638615,3841,3840,1983,1153,0,0.014572353
Warm A,764183,4543,4542,1983,1153,0,0.027629644
Warm A,623570,3771,3770,1983,1153,0,0.006104723
Warm A,625168,3778,3777,1983,1153,0,0.008691283
Warm A,611982,3709,3708,1983,1153,0,0.016585503
Warm A,604904,3677,3676,1983,1153,0,0.0034288461
Warm A,621374,3762,3761,1983,1153,0,0.014667636
Warm A,606747,3683,3682,1983,1153,0,0.018693158
Warm A,633647,3824,3823,1983,1153,0,0.011579841
Warm A,596915,3626,3625,1983,1153,0,0.006013953
Warm A,731252,4375,4374,1983,1153,1,0.003857419
Warm A,718700,4305,4304,1983,1153,1,0.011491673
Warm A,580660,3546,3545,1983,1153,0,0.008007397
Warm A,569506,3491,3490,1983,1153,1,0.011556503
Warm A,657209,3961,3960,1983,1153,0,0.007162358
Warm A,560246,3442,3441,1983,1153,0,-0.0040384214
Warm A,554229,3410,3409,1983,1153,0,0.011845166
Warm A,551347,3394,3393,1983,1153,0,0.011501152
Warm A,554632,3411,3410,1983,1153,0,0.006552728
Warm A,544463,3356,3355,1983,1153,0,0.0050604404
Warm A,537508,3311,3310,1983,1153,0,0.0062295264
Warm A,528375,3265,3264,1983,1153,0,0.0077803843
Warm A,654377,3942,3941,1983,1153,0,0.013551425
Warm A,515729,3182,3181,1983,1153,0,0.0073271906
Warm A,508821,3129,3128,1983,1153,1,0.00870722
Warm A,494539,3032,3031,1983,1153,1,0.01919947
Warm A,484004,2976,2975,1983,1153,0,-0.00043624616
Warm A,477303,2929,2928,1983,1153,0,0.01842596
Warm A,472902,2907,2906,1983,1153,0,0.009058347
Warm A,474123,2909,2908,1983,1153,1,0.011878651
Warm A,754780,4497,4496,1983,1153,0,0.009320018
Warm A,462298,2852,2851,1983,1153,0,0.011408172
Warm A,433801,2643,2642,1983,1153,0,0.013284579
Warm A,430780,2625,2624,1983,1153,0,-0.002836173
Warm A,426632,2590,2589,1983,1153,0,0.0034792328
Warm A,419005,2529,2528,1983,1153,0,0.008388704
Warm A,425819,2583,2582,1983,1153,1,0.003514872
Warm A,414777,2496,2495,1983,1153,0,-0.0015165473
Warm A,409824,2457,2456,1983,1153,1,0.013251958
Warm A,397241,2352,2351,1983,1153,0,-0.0060856156
Warm A,383041,2237,2236,1983,1153,0,0.01723133
Warm A,374435,2181,2180,1983,1153,0,0.02074553
Warm A,370102,2164,2163,1983,1153,1,0.011758768
Warm A,367369,2144,2143,1983,1153,1,0.0024198033
Warm A,350165,2055,2054,1983,1153,1,0.012151405
Warm A,324600,1922,1921,1983,1153,0,0.012490952
Warm A,305963,1820,1819,1983,1153,1,0.007019419
Warm A,297748,1764,1763,1983,1153,1,0.0064684884
Warm A,288348,1722,1721,1983,1153,1,0.0039624376
Warm A,291717,1737,1736,1983,1153,0,0.0020508058
Warm A,279976,1680,1679,1983,1153,1,0.010979667
Warm A,271138,1639,1638,1983,1153,0,0.005059135
Warm A,247926,1496,1495,1983,1153,0,0.0028693753
Warm A,243031,1465,1464,1983,1153,0,0.006009627
Warm A,224563,1357,1356,1983,1153,0,0.00587523
Warm A,225641,1366,1365,1983,1153,1,0.009631211
Warm A,262379,1600,1599,1983,1153,0,0.011027596
Warm A,226441,1370,1369,1983,1153,0,0.006376341
Warm A,278024,1676,1675,1983,1153,0,0.0014756143
Warm A,322724,1912,1911,1983,1153,0,0.010285675
Warm A,197076,1209,1208,1983,1153,0,-0.005608979
Warm A,328754,1941,1940,1983,1153,0,0.0201372
Warm A,194074,1195,1194,1983,1153,1,0.012703623
Warm A,305157,1812,1811,1983,1153,0,0.017883694
Warm A,307737,1835,1834,1983,1153,0,0.008914124
Warm A,180476,1128,1127,1983,1153,0,0.007859539
Warm A,176428,1115,1114,1983,1153,0,0.012285172
Warm A,175102,1109,1108,1983,1153,0,0.010387778
Warm A,184149,1146,1145,1983,1153,1,0.004395958
Warm A,175797,1112,1111,1983,1153,1,0.008686333
Warm A,165673,1056,1055,1983,1153,1,-0.00022455212
Warm A,159454,1017,1016,1983,1153,0,0.0062229326
Warm A,134618,869,868,1983,1153,0,0.009603122
Warm A,125653,808,807,1983,1153,0,0.015791569
Warm A,124014,798,797,1983,1153,1,0.010774176
Warm A,211383,1285,1284,1983,1153,0,0.013013903
Warm A,114125,741,740,1983,1153,1,0.0016818978
Warm A,107230,705,704,1983,1153,0,-0.0064275013
Warm A,97217,651,650,1983,1153,0,0.0097725615
Warm A,140787,904,903,1983,1153,1,0.0062207715
Warm A,115563,749,748,1983,1153,0,0.013603384
Warm A,234380,1422,1421,1983,1153,0,0.0042604166
Warm A,68897,461,460,1983,1153,0,0.012141111
Warm A,57657,390,389,1983,1153,0,0.009325458
Warm A,45242,305,304,1983,1153,0,9.711669e-05
Warm A,639363,3842,3841,1983,1153,0,0.010667752
Warm A,41919,284,283,1983,1153,0,0.013536007
Warm A,41249,278,277,1983,1153,0,-0.0031578147
Warm A,96761,649,648,1983,1153,0,-0.0055072717
Warm A,99914,667,666,1983,1153,0,0.0054777246
Warm A,239353,1448,1447,1983,1153,0,0.011173072
Warm A,15746,123,122,1983,1153,0,0.00401324
Warm A,6477,46,45,1983,1153,1,0.0014865675
Warm A,6068,44,43,1983,1153,0,0.010388276
Warm A,116929,753,752,1983,1153,1,0.0080057755
Warm A,432888,2638,2637,1983,1153,0,0.008382541
Warm A,238296,1447,1446,1983,1153,0,0.019165464
Warm A,967018,5831,5830,1983,1153,0,0.013313919
Warm A,365909,2129,2128,1983,1153,0,0.003993145
Warm A,265306,1611,1610,1983,1153,0,0.010208595
Warm A,299244,1776,1775,1983,1153,1,0.0044821613
Warm A,622401,3768,3767,1983,1153,0,0.0060741035
Warm A,760712,4520,4519,1983,1153,0,-0.001235053
Warm A,964240,5812,5811,1983,1153,0,0.024932967
Warm A,366296,2131,2130,1983,1153,0,0.004165353
Warm A,689995,4126,4125,1983,1153,0,0.0075795157
Warm A,336385,1980,1979,1983,1153,0,0.01694274
Warm A,310877,1851,1850,1983,1153,0,0.010051919
Warm A,145931,937,936,1983,1153,0,0.0025330568
Warm A,713403,4277,4276,1983,1153,0,0.010126571
Warm A,130618,846,845,1983,1153,0,0.011316995
Warm A,348247,2041,2040,1983,1153,0,0.014769111
Warm A,352372,2063,2062,1983,1153,0,0.016682634
Warm A,207162,1266,1265,1983,1153,0,0.010666233
Warm A,474416,2910,2909,1983,1153,0,0.0104733035
Warm A,63405,424,423,1983,1153,0,0.014620345
Warm A,290557,1733,1732,1983,1153,0,0.009850271
Warm A,936606,5650,5649,1983,1153,0,0.0036172862
Warm A,311388,1854,1853,1983,1153,0,-0.0067273374
Warm A,235279,1425,1424,1983,1153,0,0.019021885
Warm A,297749,1764,1763,1984,1154,0,0.012088366
Warm A,322725,1912,1911,1984,1154,0,0.015688535
Warm A,291718,1737,1736,1984,1154,0,0.018722208
Warm A,279980,1680,1679,1984,1154,1,0.010728786
Warm A,277184,1675,1674,1984,1154,0,0.009999018
Warm A,247928,1496,1495,1984,1154,1,0.01983865
Warm A,225642,1366,1365,1984,1154,0,0.005739956
Warm A,214172,1300,1299,1984,1154,0,0.010384299
Warm A,226442,1370,1369,1984,1154,0,-0.0011753808
Warm A,273295,1647,1646,1984,1154,0,0.018211981
Warm A,271139,1639,1638,1984,1154,0,0.014118355
Warm A,194075,1195,1194,1984,1154,0,0.017761858
Warm A,328758,1941,1940,1984,1154,0,0.0227109
Warm A,307740,1835,1834,1984,1154,0,0.014177201
Warm A,184150,1146,1145,1984,1154,0,0.0035362844
Warm A,159455,1017,1016,1984,1154,1,0.011038741
Warm A,150236,967,966,1984,1154,0,0.011255357
Warm A,134620,869,868,1984,1154,0,0.0072109904
Warm A,125654,808,807,1984,1154,0,0.011653259
Warm A,211385,1285,1284,1984,1154,0,0.0059427847
Warm A,107231,705,704,1984,1154,0,0.008887665
Warm A,352374,2063,2062,1984,1154,0,0.019427726
Warm A,115565,749,748,1984,1154,0,0.010462927
Warm A,82346,546,545,1984,1154,0,0.0045508053
Warm A,234382,1422,1421,1984,1154,0,0.012674904
Warm A,68898,461,460,1984,1154,0,0.021428
Warm A,57352,387,386,1984,1154,0,0.0032664714
Warm A,57658,390,389,1984,1154,1,0.0035577007
Warm A,45243,305,304,1984,1154,0,0.0007200062
Warm A,41250,278,277,1984,1154,1,0.013053245
Warm A,96762,649,648,1984,1154,0,0.0012178784
Warm A,99915,667,666,1984,1154,0,0.006384885
Warm A,15748,123,122,1984,1154,0,0.0164769
Warm A,6478,46,45,1984,1154,1,0.0066920836
Warm A,6069,44,43,1984,1154,0,0.0040416336
Warm A,265307,1611,1610,1984,1154,0,0.0055804225
Warm A,299246,1776,1775,1984,1154,1,0.012094403
Warm A,102661,678,677,1984,1154,1,0.001283741
Warm A,290558,1733,1732,1984,1154,0,0.01001653
Warm A,879159,5312,5311,1984,1154,0,0.02179455
Warm A,689996,4126,4125,1984,1154,0,0.012015887
Warm A,891708,5387,5386,1984,1154,0,0.011366008
Warm A,474417,2910,2909,1984,1154,0,0.0059902244
Warm A,63407,424,423,1984,1154,0,0.023270447
Warm A,235280,1425,1424,1984,1154,0,0.015140407
Warm A,606063,3681,3680,1985,1155,0,-0.001989409
Warm A,508822,3129,3128,1985,1155,0,0.007145493
Warm A,494543,3032,3031,1985,1155,1,0.0017855016
Warm A,478679,2937,2936,1985,1155,1,0.0040363288
Warm A,754781,4497,4496,1985,1155,0,0.00641673
Warm A,462300,2852,2851,1985,1155,0,0.0061227283
Warm A,426635,2590,2589,1985,1155,0,0.0065570697
Warm A,409826,2457,2456,1985,1155,0,0.00032499782
Warm A,406518,2438,2437,1985,1155,0,0.0139023755
Warm A,397244,2352,2351,1985,1155,0,0.008785238
Warm A,374439,2181,2180,1985,1155,0,0.0061576776
Warm A,370104,2164,2163,1985,1155,1,0.004563981
Warm A,367371,2144,2143,1985,1155,1,0.0013529477
Warm A,297752,1764,1763,1985,1155,1,0.0063530733
Warm A,322727,1912,1911,1985,1155,0,0.004397032
Warm A,291719,1737,1736,1985,1155,0,0.005141798
Warm A,279984,1680,1679,1985,1155,1,0.0061573572
Warm A,269306,1632,1631,1985,1155,0,0.0054120356
Warm A,247932,1496,1495,1985,1155,0,-0.002794573
Warm A,224564,1357,1356,1985,1155,0,0.007448226
Warm A,225643,1366,1365,1985,1155,0,0.010188875
Warm A,214173,1300,1299,1985,1155,1,0.008616881
Warm A,244216,1470,1469,1985,1155,0,0.0066340454
Warm A,328760,1941,1940,1985,1155,0,0.007751188
Warm A,194076,1195,1194,1985,1155,1,0.0022281462
Warm A,299248,1776,1775,1985,1155,1,0.005945625
Warm A,307743,1835,1834,1985,1155,0,0.009021036
Warm A,180478,1128,1127,1985,1155,0,-0.006920213
Warm A,196770,1207,1206,1985,1155,0,0.007951835
Warm A,175103,1109,1108,1985,1155,0,0.0038811169
Warm A,184153,1146,1145,1985,1155,0,0.0072212205
Warm A,175799,1112,1111,1985,1155,0,0.00060658413
Warm A,236506,1434,1433,1985,1155,1,0.0052357875
Warm A,159457,1017,1016,1985,1155,0,0.0070619597
Warm A,133889,868,867,1985,1155,1,-0.0013478283
Warm A,134622,869,868,1985,1155,0,0.012466604
Warm A,125656,808,807,1985,1155,0,0.0058127744
Warm A,125205,803,802,1985,1155,0,-0.0058833603
Warm A,124015,798,797,1985,1155,0,0.0089608915
Warm A,114126,741,740,1985,1155,1,0.0029787328
Warm A,107544,709,708,1985,1155,0,0.004860362
Warm A,107232,705,704,1985,1155,1,0.001916568
Warm A,90808,601,600,1985,1155,0,-0.004814679
Warm A,67884,454,453,1985,1155,0,0.011561007
Warm A,57660,390,389,1985,1155,0,0.0031072637
Warm A,639365,3842,3841,1985,1155,0,0.00643017
Warm A,41920,284,283,1985,1155,0,0.01042105
Warm A,41251,278,277,1985,1155,0,0.007985447
Warm A,363429,2116,2115,1985,1155,1,0.0016920806
Warm A,99916,667,666,1985,1155,0,0.0011847191
Warm A,14010,113,112,1985,1155,0,0.0029144096
Warm A,6479,46,45,1985,1155,1,-0.0017332023
Warm A,6070,44,43,1985,1155,0,0.0034240533
Warm A,552663,3401,3400,1985,1155,0,0.007067875
Warm A,265308,1611,1610,1985,1155,0,0.0013176661
Warm A,352378,2063,2062,1985,1155,0,0.007884074
Warm A,689998,4126,4125,1985,1155,0,0.00017585396
Warm A,115567,749,748,1985,1155,0,-0.00083709066
Warm A,474127,2909,2908,1985,1155,0,0.0069327652
Warm A,259686,1587,1586,1985,1155,0,0.0022335062
Warm A,44725,302,301,1985,1155,0,0.0076636765
Warm A,226250,1369,1368,1985,1155,1,-0.00089313474
Warm A,474418,2910,2909,1985,1155,1,0.009450301
Warm A,527136,3260,3259,1985,1155,0,0.0026134842
Warm A,290560,1733,1732,1985,1155,1,0.005786848
Warm A,936607,5650,5649,1985,1155,0,-0.0011341684
Warm A,63408,424,423,1985,1155,0,0.0052194935
Warm A,559484,3436,3435,1985,1155,0,-0.003102971
Warm A,796167,4771,4770,1985,1155,0,0.0021242276
Warm A,409827,2457,2456,1986,1156,0,0.003628074
Warm A,401249,2391,2390,1986,1156,0,-0.0004000459
Warm A,397245,2352,2351,1986,1156,0,-0.009130168
Warm A,394632,2328,2327,1986,1156,1,-0.012014316
Warm A,379381,2217,2216,1986,1156,0,0.0039836955
Warm A,374441,2181,2180,1986,1156,0,0.001419503
Warm A,368660,2155,2154,1986,1156,1,-0.009247087
Warm A,367372,2144,2143,1986,1156,1,0.0027791788
Warm A,366012,2130,2129,1986,1156,1,-0.009709006
Warm A,366297,2131,2130,1986,1156,0,0.0008661845
Warm A,364997,2124,2123,1986,1156,0,0.010564976
Warm A,364196,2121,2120,1986,1156,0,0.0028506515
Warm A,352379,2063,2062,1986,1156,0,0.0071616387
Warm A,337793,1986,1985,1986,1156,0,0.0038381016
Warm A,324701,1923,1922,1986,1156,1,-0.0001593621
Warm A,310879,1851,1850,1986,1156,0,0.004408408
Warm A,298731,1774,1773,1986,1156,0,0.012279836
Warm A,297753,1764,1763,1986,1156,1,0.006217952
Warm A,290561,1733,1732,1986,1156,0,0.0079510445
Warm A,286916,1712,1711,1986,1156,0,0.012471823
Warm A,285537,1701,1700,1986,1156,0,-0.003144763
Warm A,279986,1680,1679,1986,1156,1,0.0166867
Warm A,280539,1683,1682,1986,1156,0,0.011681237
Warm A,260750,1593,1592,1986,1156,0,0.004215396
Warm A,244217,1470,1469,1986,1156,0,0.014110487
Warm A,237097,1441,1440,1986,1156,0,0.0030388432
Warm A,231867,1405,1404,1986,1156,0,0.006195552
Warm A,220063,1333,1332,1986,1156,0,0.00744204
Warm A,225644,1366,1365,1986,1156,0,0.005506429
Warm A,214174,1300,1299,1986,1156,0,0.015172526
Warm A,226443,1370,1369,1986,1156,0,0.01076252
Warm A,204327,1259,1258,1986,1156,0,0.00023862335
Warm A,322729,1912,1911,1986,1156,0,0.009388494
Warm A,196771,1207,1206,1986,1156,0,0.003456472
Warm A,210343,1284,1283,1986,1156,0,0.0016872464
Warm A,194077,1195,1194,1986,1156,1,0.008549577
Warm A,328762,1941,1940,1986,1156,0,0.0048071416
Warm A,189146,1172,1171,1986,1156,0,0.015455449
Warm A,184154,1146,1145,1986,1156,1,0.00800981
Warm A,307744,1835,1834,1986,1156,0,0.011538993
Warm A,181340,1133,1132,1986,1156,0,-0.003571935
Warm A,180480,1128,1127,1986,1156,0,0.011153413
Warm A,175801,1112,1111,1986,1156,0,-0.001454025
Warm A,159458,1017,1016,1986,1156,0,0.0061116703
Warm A,145932,937,936,1986,1156,0,0.0078079402
Warm A,142015,915,914,1986,1156,0,0.002599712
Warm A,138857,889,888,1986,1156,0,0.01629989
Warm A,133246,859,858,1986,1156,1,5.0882576e-05
Warm A,332883,1962,1961,1986,1156,0,0.0055804094
Warm A,125657,808,807,1986,1156,0,3.2233074e-05
Warm A,124016,798,797,1986,1156,0,0.0031608632
Warm A,107233,705,704,1986,1156,0,0.014025224
Warm A,99917,667,666,1986,1156,0,0.003939097
Warm A,92440,618,617,1986,1156,0,-0.0075288424
Warm A,82347,546,545,1986,1156,0,-0.0028552453
Warm A,73928,501,500,1986,1156,0,0.00016077375
Warm A,68900,461,460,1986,1156,0,0.008220734
Warm A,57661,390,389,1986,1156,0,-0.0013945377
Warm A,639368,3842,3841,1986,1156,0,0.0060504065
Warm A,6480,46,45,1986,1156,1,0.0036011133
Warm A,6071,44,43,1986,1156,0,-0.001134478
Warm A,265309,1611,1610,1986,1156,0,-0.0013251513
Warm A,299249,1776,1775,1986,1156,1,0.0018066154
Warm A,964241,5812,5811,1986,1156,0,0.02273436
Warm A,689999,4126,4125,1986,1156,0,0.010450044
Warm A,474420,2910,2909,1986,1156,0,0.0032408687
Warm A,63411,424,423,1986,1156,0,0.01611255
Warm A,280540,1683,1682,1987,1157,0,0.015041361
Warm A,224565,1357,1356,1987,1157,0,-0.007532562
Warm A,214175,1300,1299,1987,1157,1,0.005652443
Warm A,226445,1370,1369,1987,1157,0,-0.010709362
Warm A,328766,1941,1940,1987,1157,0,-0.0014913785
Warm A,175105,1109,1108,1987,1157,1,0.00075412984
Warm A,184156,1146,1145,1987,1157,0,0.010058455
Warm A,159460,1017,1016,1987,1157,0,0.0017942912
Warm A,134625,869,868,1987,1157,0,0.004654717
Warm A,133247,859,858,1987,1157,1,-0.0054280497
Warm A,115570,749,748,1987,1157,0,-0.007551317
Warm A,99488,663,662,1987,1157,0,0.0060515543
Warm A,80413,533,532,1987,1157,0,0.0029175715
Warm A,57663,390,389,1987,1157,0,-0.0046197576
Warm A,45245,305,304,1987,1157,0,-0.0012043202
Warm A,41253,278,277,1987,1157,0,0.002913441
Warm A,42867,293,292,1987,1157,0,0.00662769
Warm A,30275,203,202,1987,1157,0,0.002331228
Warm A,14625,117,116,1987,1157,0,-0.0028640248
Warm A,290564,1733,1732,1987,1157,0,-0.003098923
Warm A,15752,123,122,1987,1157,0,0.0100440895
Warm A,238304,1447,1446,1987,1157,0,0.0062468154
Warm A,757374,4508,4507,1987,1157,0,-0.0024616825
Warm A,720236,4312,4311,1987,1157,0,-0.0055535985
Warm A,164881,1051,1050,1987,1157,0,-0.00089827506
Warm A,331959,1958,1957,1987,1157,0,0.00054948917
Warm A,474131,2909,2908,1987,1157,0,-0.0019514214
Warm A,44731,302,301,1987,1157,0,-0.002381726
Warm A,474422,2910,2909,1987,1157,0,0.00033305492
Warm A,63414,424,423,1987,1157,0,-0.008741509
Warm A,497756,3055,3054,1987,1157,0,0.0016893294
Warm A,477311,2929,2928,1992,1159,0,6.1108265e-05
Warm A,485346,2986,2985,1992,1159,0,0.0034352362
Warm A,474152,2909,2908,1992,1159,1,-0.0063621458
Warm A,469074,2888,2887,1992,1159,0,-0.0029391474
Warm A,463640,2857,2856,1992,1159,0,-0.0040004402
Warm A,458315,2820,2819,1992,1159,0,-0.0017245538
Warm A,426645,2590,2589,1992,1159,0,0.0038966748
Warm A,409837,2457,2456,1992,1159,0,-0.0045773955
Warm A,397253,2352,2351,1992,1159,0,0.004573702
Warm A,406833,2444,2443,1992,1159,0,-0.004104539
Warm A,371230,2169,2168,1992,1159,1,0.0026865646
Warm A,374458,2181,2180,1992,1159,0,-0.005624814
Warm A,368661,2155,2154,1992,1159,1,-0.0021983557
Warm A,366306,2131,2130,1992,1159,0,-0.0022507007
Warm A,361945,2109,2108,1992,1159,0,0.0016607046
Warm A,323535,1919,1918,1992,1159,1,0.0015013929
Warm A,297769,1764,1763,1992,1159,1,-0.0038073598
Warm A,288354,1722,1721,1992,1159,1,-0.0012424975
Warm A,277200,1675,1674,1992,1159,0,0.0055357832
Warm A,278042,1676,1675,1992,1159,0,-0.00089510763
Warm A,271575,1641,1640,1992,1159,0,0.00043420363
Warm A,267684,1626,1625,1992,1159,0,5.5894256e-05
Warm A,332893,1962,1961,1992,1159,0,0.00042124686
Warm A,236513,1434,1433,1992,1159,1,-0.0032056463
Warm A,221938,1342,1341,1992,1159,0,0.0069936924
Warm A,214178,1300,1299,1992,1159,1,0.001599138
Warm A,213714,1298,1297,1992,1159,0,0.00032536447
Warm A,209214,1277,1276,1992,1159,0,-0.0058534266
Warm A,273308,1647,1646,1992,1159,0,0.0028090205
Warm A,244229,1470,1469,1992,1159,0,0.0008059582
Warm A,194080,1195,1194,1992,1159,0,0.002084306
Warm A,328788,1941,1940,1992,1159,0,0.007787326
Warm A,189152,1172,1171,1992,1159,0,0.0026051695
Warm A,183374,1141,1140,1992,1159,0,-0.0010086605
Warm A,172994,1096,1095,1992,1159,0,-0.002395835
Warm A,175809,1112,1111,1992,1159,0,0.00050886255
Warm A,165675,1056,1055,1992,1159,0,0.00074253755
Warm A,164088,1050,1049,1992,1159,0,0.006750215
Warm A,159471,1017,1016,1992,1159,0,-0.0031836585
Warm A,150239,967,966,1992,1159,0,-0.005815832
Warm A,157288,1010,1009,1992,1159,0,-0.00035799283
Warm A,135885,877,876,1992,1159,0,0.007554684
Warm A,133892,868,867,1992,1159,1,0.0012956809
Warm A,134639,869,868,1992,1159,0,-0.00421907
Warm A,133251,859,858,1992,1159,0,-0.0038751927
Warm A,138885,889,888,1992,1159,0,-0.0019050563
Warm A,126760,817,816,1992,1159,0,-0.0007456625
Warm A,125664,808,807,1992,1159,0,0.0043711746
Warm A,114169,742,741,1992,1159,0,-0.009155463
Warm A,107547,709,708,1992,1159,0,-0.0012700786
Warm A,179863,1125,1124,1992,1159,0,-0.0032086533
Warm A,92862,621,620,1992,1159,0,0.0031640194
Warm A,86386,565,564,1992,1159,0,0.00542387
Warm A,385781,2255,2254,1992,1159,0,-0.0026385505
Warm A,240578,1449,1448,1992,1159,0,-0.003975534
Warm A,239377,1448,1447,1992,1159,0,-0.0028394025
Warm A,41529,282,281,1992,1159,0,0.0046466496
Warm A,41262,278,277,1992,1159,0,-0.00097323395
Warm A,99923,667,666,1992,1159,0,-0.0028295503
Warm A,22691,163,162,1992,1159,0,0.0031625456
Warm A,14638,117,116,1992,1159,0,-0.0031722626
Warm A,238322,1447,1446,1992,1159,0,-0.0055415854
Warm A,365917,2129,2128,1992,1159,0,-0.006033146
Warm A,680808,4079,4078,1992,1159,0,-0.0047034654
Warm A,46100,308,307,1992,1159,0,-0.0059685935
Warm A,907730,5492,5491,1992,1159,0,0.0068716304
Warm A,137273,884,883,1992,1159,0,-0.004044514
Warm A,352401,2063,2062,1992,1159,0,0.0013435023
Warm A,290579,1733,1732,1992,1159,0,-0.0010161396
Warm A,63436,424,423,1992,1159,0,0.0040814895
Warm A,329611,1943,1942,1992,1159,1,0.0027687843
Warm A,474424,2910,2909,1992,1159,0,0.009145969
Warm A,295787,1755,1754,1992,1159,0,-0.0008266964
Warm A,221851,1341,1340,1993,1160,0,-0.00045613758
Warm A,221939,1342,1341,1993,1160,0,0.006637849
Warm A,214179,1300,1299,1993,1160,0,0.001253946
Warm A,213716,1298,1297,1993,1160,0,-0.005903839
Warm A,273309,1647,1646,1993,1160,0,-0.006020024
Warm A,244231,1470,1469,1993,1160,0,-0.002906633
Warm A,194081,1195,1194,1993,1160,0,-0.0017335695
Warm A,328790,1941,1940,1993,1160,0,0.0006986242
Warm A,189153,1172,1171,1993,1160,0,-0.002934711
Warm A,183375,1141,1140,1993,1160,0,-0.0012740958
Warm A,256205,1562,1561,1993,1160,0,-0.004399648
Warm A,175812,1112,1111,1993,1160,0,-0.0029667616
Warm A,165676,1056,1055,1993,1160,0,0.0015115454
Warm A,159472,1017,1016,1993,1160,0,-0.00012311945
Warm A,150240,967,966,1993,1160,0,-0.0030201003
Warm A,134640,869,868,1993,1160,0,-0.0018199438
Warm A,138887,889,888,1993,1160,0,0.00083610066
Warm A,263731,1605,1604,1993,1160,0,0.0065806406
Warm A,126761,817,816,1993,1160,0,-0.00024167914
Warm A,125665,808,807,1993,1160,0,-0.009839688
Warm A,107548,709,708,1993,1160,0,0.003924648
Warm A,179864,1125,1124,1993,1160,0,0.008308565
Warm A,92863,621,620,1993,1160,0,0.00032112497
Warm A,240581,1449,1448,1993,1160,0,-0.0032115527
Warm A,51220,337,336,1993,1160,0,-0.00976534
Warm A,45253,305,304,1993,1160,0,0.0039018015
Warm A,41264,278,277,1993,1160,0,0.008545989
Warm A,291735,1737,1736,1993,1160,0,-0.0031107794
Warm A,99924,667,666,1993,1160,0,-0.00094114314
Warm A,22692,163,162,1993,1160,0,-0.0051663574
Warm A,14640,117,116,1993,1160,0,-0.00797357
Warm A,238324,1447,1446,1993,1160,0,-0.008756011
Warm A,907731,5492,5491,1993,1160,0,-0.00090658804
Warm A,137274,884,883,1993,1160,0,-0.008777019
Warm A,290581,1733,1732,1993,1160,0,0.003715838
Warm A,172126,1088,1087,1993,1160,0,0.00033910107
Warm A,474425,2910,2909,1993,1160,0,-0.0059906915
Warm A,651668,3929,3928,1995,1162,0,0.0019757971
Warm A,649409,3913,3912,1995,1162,0,-0.003501237
Warm A,644907,3884,3883,1995,1162,0,-0.0030825338
Warm A,640176,3847,3846,1995,1162,0,-0.0014853664
Warm A,639644,3844,3843,1995,1162,1,-0.0049236766
Warm A,639380,3842,3841,1995,1162,0,0.0009941375
Warm A,759901,4514,4513,1995,1162,1,-0.005830625
Warm A,664309,3999,3998,1995,1162,0,-0.011444122
Warm A,628441,3806,3805,1995,1162,1,-0.0014497805
Warm A,628878,3807,3806,1995,1162,0,-0.005818795
Warm A,629958,3808,3807,1995,1162,0,-0.011198006
Warm A,628006,3801,3800,1995,1162,1,0.0034568948
Warm A,638653,3841,3840,1995,1162,0,-0.0031239414
Warm A,623591,3771,3770,1995,1162,0,-0.013372827
Warm A,625192,3778,3777,1995,1162,0,-0.0053217844
Warm A,613737,3717,3716,1995,1162,0,0.0032497393
Warm A,612166,3711,3710,1995,1162,0,-0.0012165781
Warm A,612002,3709,3708,1995,1162,0,-0.0014579444
Warm A,621390,3762,3761,1995,1162,0,0.00430141
Warm A,725602,4344,4343,1995,1162,0,-0.0083986735
Warm A,731261,4375,4374,1995,1162,1,-0.000118772965
Warm A,584883,3569,3568,1995,1162,0,-0.0041199126
Warm A,583716,3562,3561,1995,1162,1,-0.005378058
Warm A,577815,3528,3527,1995,1162,0,0.0062043853
Warm A,569534,3491,3490,1995,1162,0,-0.009962421
Warm A,547457,3377,3376,1995,1162,0,-0.009877246
Warm A,577576,3526,3525,1995,1162,0,0.0012749872
Warm A,550644,3391,3390,1995,1162,0,-0.0045445994
Warm A,537540,3311,3310,1995,1162,0,-0.009466401
Warm A,520189,3208,3207,1995,1162,0,-0.0032584337
Warm A,517137,3191,3190,1995,1162,0,0.0022544153
Warm A,515748,3182,3181,1995,1162,0,0.0013758228
Warm A,566523,3476,3475,1995,1162,0,-0.009093359
Warm A,507595,3124,3123,1995,1162,0,-0.0039852853
Warm A,516681,3189,3188,1995,1162,1,0.0031082425
Warm A,718715,4305,4304,1995,1162,0,-0.0006962819
Warm A,494568,3032,3031,1995,1162,1,0.003416863
Warm A,540127,3320,3319,1995,1162,0,-0.0037775151
Warm A,484009,2976,2975,1995,1162,0,0.005968809
Warm A,480324,2946,2945,1995,1162,0,-0.008269618
Warm A,478864,2938,2937,1995,1162,1,0.0012173648
Warm A,696793,4169,4168,1995,1162,0,-0.011225
Warm A,474159,2909,2908,1995,1162,1,-0.0036665602
Warm A,879993,5317,5316,1995,1162,0,-0.005396847
Warm A,754786,4497,4496,1995,1162,0,-0.006499676
Warm A,462752,2854,2853,1995,1162,0,0.001071698
Warm A,437158,2668,2667,1995,1162,0,-0.013553055
Warm A,426648,2590,2589,1995,1162,0,0.002892372
Warm A,415114,2498,2497,1995,1162,0,-0.0044879746
Warm A,409841,2457,2456,1995,1162,0,-0.012053684
Warm A,397255,2352,2351,1995,1162,0,0.0020384267
Warm A,406836,2444,2443,1995,1162,0,0.0065198066
Warm A,374464,2181,2180,1995,1162,0,0.007192231
Warm A,361268,2107,2106,1995,1162,0,-0.0085067395
Warm A,436738,2665,2664,1995,1162,0,0.003484354
Warm A,291006,1736,1735,1995,1162,0,0.0032039457
Warm A,291740,1737,1736,1995,1162,0,-0.0055181193
Warm A,280034,1680,1679,1995,1162,0,-0.005505647
Warm A,277203,1675,1674,1995,1162,0,-0.0039038167
Warm A,280545,1683,1682,1995,1162,0,-0.006963837
Warm A,281014,1685,1684,1995,1162,0,0.011982834
Warm A,267687,1626,1625,1995,1162,0,0.0017005323
Warm A,247949,1496,1495,1995,1162,0,-0.0057868464
Warm A,321436,1904,1903,1995,1162,0,7.412117e-05
Warm A,243042,1465,1464,1995,1162,0,-0.0050150855
Warm A,224569,1357,1356,1995,1162,0,-0.0032267766
Warm A,278049,1676,1675,1995,1162,0,-0.009824802
Warm A,209216,1277,1276,1995,1162,0,-0.004513068
Warm A,368137,2150,2149,1995,1162,1,-0.0062245093
Warm A,215126,1303,1302,1995,1162,0,-0.0065361676
Warm A,210358,1284,1283,1995,1162,0,-0.0033907685
Warm A,328796,1941,1940,1995,1162,0,0.008256538
Warm A,307764,1835,1834,1995,1162,0,0.0015184181
Warm A,180489,1128,1127,1995,1162,0,-0.0042291214
Warm A,196786,1207,1206,1995,1162,0,-0.0024645813
Warm A,184166,1146,1145,1995,1162,0,-0.00055931555
Warm A,175815,1112,1111,1995,1162,0,-3.1927135e-05
Warm A,221674,1340,1339,1995,1162,0,-0.011512848
Warm A,162073,1033,1032,1995,1162,0,-0.00040193414
Warm A,159475,1017,1016,1995,1162,0,-0.002164042
Warm A,270256,1635,1634,1995,1162,0,-0.0012486456
Warm A,217375,1317,1316,1995,1162,0,-0.009019138
Warm A,135890,877,876,1995,1162,0,-0.010791827
Warm A,134646,869,868,1995,1162,1,-0.010258946
Warm A,263736,1605,1604,1995,1162,0,-0.012862017
Warm A,125667,808,807,1995,1162,0,0.002183238
Warm A,211423,1285,1284,1995,1162,0,-0.0033862428
Warm A,113486,735,734,1995,1162,0,-0.00503135
Warm A,93687,628,627,1995,1162,0,-0.00079243584
Warm A,90819,601,600,1995,1162,0,-0.0005768428
Warm A,83583,549,548,1995,1162,0,0.00044736278
Warm A,234396,1422,1421,1995,1162,0,0.0020748624
Warm A,81957,543,542,1995,1162,1,0.002276644
Warm A,68912,461,460,1995,1162,0,0.008403425
Warm A,72384,482,481,1995,1162,0,-0.0005462952
Warm A,57677,390,389,1995,1162,0,0.0021163921
Warm A,111085,721,720,1995,1162,0,0.0030642096
Warm A,49646,329,328,1995,1162,0,-0.004676462
Warm A,41939,284,283,1995,1162,0,-0.006393214
Warm A,41265,278,277,1995,1162,0,-0.005375206
Warm A,538217,3312,3311,1995,1162,1,-0.010040418
Warm A,240586,1449,1448,1995,1162,0,-0.0068514654
Warm A,239383,1448,1447,1995,1162,0,0.0011380925
Warm A,14224,116,115,1995,1162,1,-0.0010085705
Warm A,14644,117,116,1995,1162,0,-0.007837982
Warm A,482063,2962,2961,1995,1162,0,-0.006217189
Warm A,523010,3224,3223,1995,1162,0,-0.0068195956
Warm A,627125,3792,3791,1995,1162,0,-0.007821496
Warm A,238329,1447,1446,1995,1162,0,0.0036530038
Warm A,365919,2129,2128,1995,1162,0,0.005871875
Warm A,334078,1969,1968,1995,1162,0,-0.011109831
Warm A,299264,1776,1775,1995,1162,0,0.0019307656
Warm A,164906,1051,1050,1995,1162,0,-0.0057374565
Warm A,265323,1611,1610,1995,1162,0,-4.386343e-05
Warm A,102686,678,677,1995,1162,0,-0.0124495365
Warm A,760252,4517,4516,1995,1162,0,-0.013230527
Warm A,158725,1015,1014,1995,1162,0,-0.0014250072
Warm A,137276,884,883,1995,1162,0,0.0016131513
Warm A,331976,1958,1957,1995,1162,0,-0.0035421364
Warm A,760717,4520,4519,1995,1162,0,-0.004993002
Warm A,63442,424,423,1995,1162,0,-0.009375138
Warm A,235300,1425,1424,1995,1162,0,-0.010102627
Warm A,462753,2854,2853,1996,1163,0,-0.004092643
Warm A,426649,2590,2589,1996,1163,0,-0.0006620751
Warm A,397256,2352,2351,1996,1163,0,-0.0024401664
Warm A,406837,2444,2443,1996,1163,1,-0.008040109
Warm A,374465,2181,2180,1996,1163,0,0.007352258
Warm A,297774,1764,1763,1996,1163,1,0.0019331954
Warm A,291007,1736,1735,1996,1163,0,-0.0064475406
Warm A,291742,1737,1736,1996,1163,0,0.006662677
Warm A,280036,1680,1679,1996,1163,0,-0.0015023504
Warm A,277204,1675,1674,1996,1163,0,-0.006883798
Warm A,267688,1626,1625,1996,1163,0,-0.0053986097
Warm A,257047,1574,1573,1996,1163,1,7.004524e-05
Warm A,333574,1968,1967,1996,1163,0,0.0068679554
Warm A,247950,1496,1495,1996,1163,0,0.0021435474
Warm A,321437,1904,1903,1996,1163,0,-0.005305047
Warm A,224570,1357,1356,1996,1163,0,-0.006960428
Warm A,278051,1676,1675,1996,1163,0,-0.003488044
Warm A,210359,1284,1283,1996,1163,0,-0.005475401
Warm A,195989,1204,1203,1996,1163,0,-0.0038688043
Warm A,196788,1207,1206,1996,1163,0,-0.007015969
Warm A,328798,1941,1940,1996,1163,0,-0.007782569
Warm A,307765,1835,1834,1996,1163,0,-0.0025145153
Warm A,184167,1146,1145,1996,1163,0,0.0009997616
Warm A,175817,1112,1111,1996,1163,0,0.0042080944
Warm A,221675,1340,1339,1996,1163,0,0.0020410009
Warm A,217377,1317,1316,1996,1163,0,-0.010393623
Warm A,135891,877,876,1996,1163,0,0.001550256
Warm A,134647,869,868,1996,1163,0,-0.013774984
Warm A,263737,1605,1604,1996,1163,0,-0.003970924
Warm A,125668,808,807,1996,1163,0,-0.009335227
Warm A,90820,601,600,1996,1163,0,-0.0051949946
Warm A,81959,543,542,1996,1163,1,0.001964367
Warm A,57678,390,389,1996,1163,0,-0.0022278163
Warm A,111086,721,720,1996,1163,0,-0.0016991883
Warm A,49648,329,328,1996,1163,0,0.004164057
Warm A,45255,305,304,1996,1163,0,0.0023104064
Warm A,538218,3312,3311,1996,1163,1,-0.0037881895
Warm A,239385,1448,1447,1996,1163,0,-0.009996152
Warm A,14645,117,116,1996,1163,0,-0.006650236
Warm A,207189,1266,1265,1996,1163,0,-0.006595182
Warm A,482064,2962,2961,1996,1163,0,-0.011790691
Warm A,627126,3792,3791,1996,1163,0,-0.0018644063
Warm A,238330,1447,1446,1996,1163,0,-0.0033829333
Warm A,365920,2129,2128,1996,1163,0,0.00036797067
Warm A,334079,1969,1968,1996,1163,0,-0.0013124112
Warm A,164908,1051,1050,1996,1163,0,0.0041463524
Warm A,265324,1611,1610,1996,1163,0,-0.0039648456
Warm A,102687,678,677,1996,1163,0,-0.013151774
Warm A,137277,884,883,1996,1163,0,-0.008325893
Warm A,211424,1285,1284,1996,1163,0,-0.0067920797
Warm A,474161,2909,2908,1996,1163,0,-0.00845395
Warm A,550646,3391,3390,1996,1163,0,-0.0042719063
Warm A,458322,2820,2819,1998,1165,0,0.010914561
Warm A,790554,4728,4727,1998,1165,0,0.0068174284
Warm A,426651,2590,2589,1998,1165,0,0.0048203524
Warm A,422203,2555,2554,1998,1165,0,-0.0017021669
Warm A,414789,2496,2495,1998,1165,0,0.0050775176
Warm A,397257,2352,2351,1998,1165,0,0.0015739528
Warm A,370120,2164,2163,1998,1165,0,0.0068056807
Warm A,436743,2665,2664,1998,1165,1,0.009180829
Warm A,365019,2124,2123,1998,1165,0,0.017123397
Warm A,361954,2109,2108,1998,1165,0,0.003202971
Warm A,280043,1680,1679,1998,1165,1,0.0032620174
Warm A,277207,1675,1674,1998,1165,0,0.008932272
Warm A,251967,1524,1523,1998,1165,1,0.0036106682
Warm A,243047,1465,1464,1998,1165,0,0.0027907123
Warm A,224572,1357,1356,1998,1165,0,-0.0018192198
Warm A,226450,1370,1369,1998,1165,0,0.0008781869
Warm A,220486,1335,1334,1998,1165,0,0.0019991123
Warm A,244235,1470,1469,1998,1165,0,0.016190713
Warm A,294529,1749,1748,1998,1165,0,0.010436902
Warm A,328802,1941,1940,1998,1165,0,0.008837937
Warm A,215130,1303,1302,1998,1165,0,0.010991005
Warm A,177717,1119,1118,1998,1165,0,0.008953123
Warm A,308960,1837,1836,1998,1165,0,-0.00060066825
Warm A,159478,1017,1016,1998,1165,0,0.0072744936
Warm A,158730,1015,1014,1998,1165,0,0.009326423
Warm A,221680,1340,1339,1998,1165,0,-0.0021690559
Warm A,366312,2131,2130,1998,1165,0,0.012901851
Warm A,131376,850,849,1998,1165,0,0.009417345
Warm A,107236,705,704,1998,1165,0,0.0039153937
Warm A,140800,904,903,1998,1165,0,-0.0010866863
Warm A,394330,2323,2322,1998,1165,0,-0.0076314793
Warm A,191525,1181,1180,1998,1165,0,0.013694093
Warm A,211428,1285,1284,1998,1165,0,0.0017436261
Warm A,48029,321,320,1998,1165,0,0.003915532
Warm A,43262,296,295,1998,1165,0,0.0067690336
Warm A,41267,278,277,1998,1165,0,-0.0012454833
Warm A,240592,1449,1448,1998,1165,0,0.015947387
Warm A,99927,667,666,1998,1165,0,0.005439341
Warm A,21786,158,157,1998,1165,0,0.003424874
Warm A,947639,5722,5721,1998,1165,0,0.0048713433
Warm A,239391,1448,1447,1998,1165,0,0.012346862
Warm A,174369,1101,1100,1998,1165,0,0.008520223
Warm A,365923,2129,2128,1998,1165,0,0.01878146
Warm A,300602,1780,1779,1998,1165,0,0.00945732
Warm A,28405,195,194,1998,1165,0,0.009069564
Warm A,745104,4448,4447,1998,1165,0,0.007832494
Warm A,273318,1647,1646,1998,1165,0,0.010780159
Warm A,265328,1611,1610,1998,1165,0,0.0038193031
Warm A,257979,1579,1578,1998,1165,0,0.0080424175
Warm A,891720,5387,5386,1998,1165,0,-0.0008911139
Warm A,63449,424,423,1998,1165,0,0.015813556
Warm A,145947,937,936,1998,1165,0,-0.0025172867
Warm A,718718,4305,4304,1998,1165,0,0.01036673
Warm A,537550,3311,3310,1999,1166,0,0.00021038624
Warm A,518934,3201,3200,1999,1166,0,0.0051155677
Warm A,566527,3476,3475,1999,1166,0,0.0009286277
Warm A,509957,3140,3139,1999,1166,0,0.00372524
Warm A,507366,3121,3120,1999,1166,0,0.007822996
Warm A,516686,3189,3188,1999,1166,0,0.003331518
Warm A,494578,3032,3031,1999,1166,0,0.0030921292
Warm A,477316,2929,2928,1999,1166,0,-0.009065682
Warm A,472936,2907,2906,1999,1166,0,0.004242096
Warm A,485358,2986,2985,1999,1166,0,-0.0022565406
Warm A,458323,2820,2819,1999,1166,0,-0.0007661134
Warm A,790555,4728,4727,1999,1166,0,0.0077748587
Warm A,441307,2702,2701,1999,1166,0,-0.003892175
Warm A,437161,2668,2667,1999,1166,0,0.0030518067
Warm A,426653,2590,2589,1999,1166,0,-0.0019692122
Warm A,414790,2496,2495,1999,1166,0,0.0017462925
Warm A,397259,2352,2351,1999,1166,0,-0.00097345375
Warm A,368665,2155,2154,1999,1166,1,0.0075145373
Warm A,367683,2146,2145,1999,1166,0,-0.0008208789
Warm A,366314,2131,2130,1999,1166,1,0.0070189224
Warm A,436745,2665,2664,1999,1166,1,0.005200864
Warm A,358662,2098,2097,1999,1166,1,0.0053766198
Warm A,365021,2124,2123,1999,1166,1,0.0056415526
Warm A,361956,2109,2108,1999,1166,0,0.0059241545
Warm A,326351,1931,1930,1999,1166,0,-0.0019493797
Warm A,303659,1803,1802,1999,1166,0,0.0036887561
Warm A,288358,1722,1721,1999,1166,0,0.0021407
Warm A,302328,1794,1793,1999,1166,0,-0.002378488
Warm A,280046,1680,1679,1999,1166,0,0.0070126085
Warm A,277210,1675,1674,1999,1166,1,-0.01337853
Warm A,271153,1639,1638,1999,1166,0,-0.0034554237
Warm A,251968,1524,1523,1999,1166,0,0.0025071804
Warm A,247953,1496,1495,1999,1166,1,0.016339585
Warm A,242286,1462,1461,1999,1166,0,-0.0023087503
Warm A,332904,1962,1961,1999,1166,0,0.002742229
Warm A,224574,1357,1356,1999,1166,0,0.0022925097
Warm A,221942,1342,1341,1999,1166,0,0.0014467384
Warm A,273319,1647,1646,1999,1166,0,0.0020583412
Warm A,308961,1837,1836,1999,1166,1,0.011629955
Warm A,194538,1200,1199,1999,1166,0,-0.0020162852
Warm A,328805,1941,1940,1999,1166,0,-0.001801488
Warm A,215131,1303,1302,1999,1166,1,0.001825119
Warm A,176435,1115,1114,1999,1166,0,-0.006241966
Warm A,256206,1562,1561,1999,1166,1,0.0027769567
Warm A,159481,1017,1016,1999,1166,1,-0.009096254
Warm A,221682,1340,1339,1999,1166,0,0.0118825575
Warm A,133254,859,858,1999,1166,0,0.0057088425
Warm A,131377,850,849,1999,1166,0,0.004398843
Warm A,138898,889,888,1999,1166,0,0.009679789
Warm A,125671,808,807,1999,1166,0,-0.0037820775
Warm A,68915,461,460,1999,1166,0,0.012873415
Warm A,70297,474,473,1999,1166,0,-0.000396871
Warm A,57680,390,389,1999,1166,1,-0.0014217431
Warm A,48031,321,320,1999,1166,0,-0.001298445
Warm A,43263,296,295,1999,1166,0,-0.0025512113
Warm A,291746,1737,1736,1999,1166,0,0.0022279376
Warm A,99928,667,666,1999,1166,0,-0.00317153
Warm A,14647,117,116,1999,1166,1,0.0054046623
Warm A,696799,4169,4168,1999,1166,0,0.007934939
Warm A,290588,1733,1732,1999,1166,0,0.008491553
Warm A,265329,1611,1610,1999,1166,0,-0.001293974
Warm A,102692,678,677,1999,1166,0,-0.0007839864
Warm A,891722,5387,5386,1999,1166,0,0.001865569
Warm A,474167,2909,2908,1999,1166,0,-0.0037932198
Warm A,28408,195,194,1999,1166,0,0.000875494
Warm A,63450,424,423,1999,1166,1,0.0053164857
Warm A,241513,1451,1450,1999,1166,0,0.001795847
Warm A,202199,1243,1242,2007,1174,0,-0.0024327077
Warm A,499781,3067,3066,2007,1174,0,0.010643629
Warm A,697855,4169,4168,2007,1174,0,0.004670743
Warm A,116658,752,751,2007,1174,0,0.0056857206
Warm A,860403,5172,5171,2007,1174,0,0.002325934
Warm A,660227,3979,3978,2014,1180,1,-0.0024823379
Warm A,655575,3948,3947,2014,1180,1,0.0005830504
Warm A,652880,3934,3933,2014,1180,0,0.0016495953
Warm A,630011,3808,3807,2014,1180,0,-0.0039310292
Warm A,625237,3778,3777,2014,1180,0,0.022591967
Warm A,670505,4028,4027,2014,1180,0,0.022465184
Warm A,615022,3724,3723,2014,1180,1,0.018155528
Warm A,992768,5996,5995,2014,1180,1,-0.000606942
Warm A,604606,3675,3674,2014,1180,0,0.016755337
Warm A,726842,4345,4344,2014,1180,0,0.008162543
Warm A,576329,3521,3520,2014,1180,1,0.011804593
Warm A,562835,3462,3461,2014,1180,0,0.011894155
Warm A,559009,3433,3432,2014,1180,0,-0.001126173
Warm A,554278,3410,3409,2014,1180,1,0.012207158
Warm A,545865,3365,3364,2014,1180,0,0.012439795
Warm A,550697,3391,3390,2014,1180,0,0.0015545487
Warm A,539083,3314,3313,2014,1180,1,0.008101335
Warm A,536620,3309,3308,2014,1180,0,0.008844888
Warm A,536331,3308,3307,2014,1180,0,0.012098653
Warm A,710030,4258,4257,2014,1180,0,0.016437817
Warm A,523055,3224,3223,2014,1180,1,0.0037782728
Warm A,517730,3195,3194,2014,1180,0,0.0020542336
Warm A,513232,3163,3162,2014,1180,0,0.023206871
Warm A,540157,3320,3319,2014,1180,0,0.017537408
Warm A,506085,3112,3111,2014,1180,0,0.0085767275
Warm A,575641,3519,3518,2014,1180,0,0.023244798
Warm A,495781,3044,3043,2014,1180,0,0.007085602
Warm A,659319,3971,3970,2014,1180,0,0.018703584
Warm A,738575,4411,4410,2014,1180,1,0.011357813
Warm A,489814,3013,3012,2014,1180,0,0.0065074833
Warm A,487635,2999,2998,2014,1180,0,0.0032360302
Warm A,600371,3650,3649,2014,1180,0,0.019241802
Warm A,482941,2967,2966,2014,1180,0,0.009009446
Warm A,697881,4169,4168,2014,1180,0,0.019201834
Warm A,472969,2907,2906,2014,1180,1,0.022050975
Warm A,468051,2885,2884,2014,1180,1,0.010492239
Warm A,419064,2529,2528,2014,1180,1,0.0057637906
Warm A,464403,2860,2859,2014,1180,1,0.012458176
Warm A,400730,2386,2385,2014,1180,0,0.0024083327
Warm A,400584,2383,2382,2014,1180,1,0.017660446
Warm A,374502,2181,2180,2014,1180,0,0.019913115
Warm A,361989,2109,2108,2014,1180,0,0.01110732
Warm A,334107,1969,1968,2014,1180,0,-0.0021634512
Warm A,271666,1642,1641,2014,1180,0,0.0030735093
Warm A,255836,1559,1558,2014,1180,0,-0.0013462284
Warm A,346445,2030,2029,2014,1180,1,0.011164328
Warm A,250594,1510,1509,2014,1180,0,-0.00012768013
Warm A,361188,2106,2105,2014,1180,0,0.0039204154
Warm A,266154,1613,1612,2014,1180,0,0.01935229
Warm A,338421,1988,1987,2014,1180,0,0.0058481405
Warm A,222994,1351,1350,2014,1180,1,0.01001411
Warm A,212195,1291,1290,2014,1180,1,0.01564371
Warm A,278087,1676,1675,2014,1180,1,0.013501504
Warm A,205033,1261,1260,2014,1180,0,0.022382254
Warm A,280103,1680,1679,2014,1180,1,0.011695756
Warm A,198930,1221,1220,2014,1180,1,0.0026581185
Warm A,305199,1812,1811,2014,1180,1,0.015168486
Warm A,328850,1941,1940,2014,1180,0,0.01185197
Warm A,188467,1169,1168,2014,1180,0,0.006445951
Warm A,185888,1150,1149,2014,1180,0,0.017986383
Warm A,183391,1141,1140,2014,1180,1,0.0010315552
Warm A,168127,1068,1067,2014,1180,0,0.0069476757
Warm A,166687,1059,1058,2014,1180,0,0.024953289
Warm A,337281,1983,1982,2014,1180,1,0.009086494
Warm A,324625,1922,1921,2014,1180,0,0.010667181
Warm A,249072,1501,1500,2014,1180,0,0.008405637
Warm A,127434,822,821,2014,1180,1,0.015135004
Warm A,263769,1605,1604,2014,1180,1,0.0030404434
Warm A,124354,800,799,2014,1180,1,0.009069466
Warm A,118158,764,763,2014,1180,1,0.012393303
Warm A,178453,1120,1119,2014,1180,0,0.014732568
Warm A,101042,673,672,2014,1180,0,0.0007075693
Warm A,98014,655,654,2014,1180,0,-0.005251646
Warm A,93897,629,628,2014,1180,0,0.00037707388
Warm A,91523,606,605,2014,1180,1,-0.0009163731
Warm A,86888,566,565,2014,1180,0,0.0038631423
Warm A,85366,556,555,2014,1180,1,0.0040483894
Warm A,234430,1422,1421,2014,1180,0,0.011197772
Warm A,83621,549,548,2014,1180,0,0.007950045
Warm A,119602,770,769,2014,1180,0,0.009808281
Warm A,76819,520,519,2014,1180,1,0.010318628
Warm A,73859,500,499,2014,1180,0,0.007495237
Warm A,60387,410,409,2014,1180,0,0.01301565
Warm A,228624,1383,1382,2014,1180,0,0.016285371
Warm A,52649,346,345,2014,1180,1,0.012462337
Warm A,48917,327,326,2014,1180,0,0.0027043105
Warm A,132757,855,854,2014,1180,0,0.0023600745
Warm A,43713,300,299,2014,1180,1,0.0069384864
Warm A,44812,302,301,2014,1180,0,0.0129894875
Warm A,39074,264,263,2014,1180,0,0.01645689
Warm A,32341,216,215,2014,1180,0,0.01626064
Warm A,240633,1449,1448,2014,1180,0,0.012209637
Warm A,270295,1635,1634,2014,1180,0,0.016933706
Warm A,947811,5722,5721,2014,1180,1,0.00365119
Warm A,23265,166,165,2014,1180,1,0.008516391
Warm A,239428,1448,1447,2014,1180,1,0.0026029756
Warm A,2181,18,17,2014,1180,0,0.0040872935
Warm A,3681,26,25,2014,1180,0,0.008484486
Warm A,686679,4107,4106,2014,1180,0,0.014131505
Warm A,482090,2962,2961,2014,1180,0,-0.0020093187
Warm A,65630,438,437,2014,1180,1,0.001455522
Warm A,273357,1647,1646,2014,1180,0,0.016893735
Warm A,130056,840,839,2014,1180,1,0.007190706
Warm A,241546,1451,1450,2014,1180,1,0.009984557
Warm A,164942,1051,1050,2014,1180,0,0.015323124
Warm A,102719,678,677,2014,1180,0,0.0055070533
Warm A,171047,1087,1086,2014,1180,1,0.012322928
Warm A,760455,4517,4516,2014,1180,0,-0.004229524
Warm A,633715,3824,3823,2014,1180,0,-0.0050284793
Warm A,905580,5475,5474,2014,1180,1,0.01138467
Warm A,769173,4579,4578,2014,1180,0,0.0096376
Warm A,134682,869,868,2014,1180,1,0.005226436
Warm A,501540,3080,3079,2014,1180,1,0.011875382
Warm A,700104,4186,4185,2014,1180,0,0.012055611
Warm A,217416,1317,1316,2014,1180,0,0.00019390788
Warm A,936766,5650,5649,2014,1180,0,0.004176885
Warm A,222807,1348,1347,2014,1180,0,0.010649629
Warm A,748360,4467,4466,2014,1180,1,0.006527016
Warm A,825855,4958,4957,2014,1180,0,0.009126255
Warm A,616741,3732,3731,2014,1180,0,0.01566358
Warm A,396436,2344,2343,2016,1182,1,-0.0009809632
Warm A,393619,2316,2315,2016,1182,0,-0.006785553
Warm A,374507,2181,2180,2016,1182,0,-0.00081927166
Warm A,361995,2109,2108,2016,1182,0,-0.010812912
Warm A,293455,1747,1746,2016,1182,0,-0.0068472717
Warm A,324098,1920,1919,2016,1182,0,-0.0010042922
Warm A,259727,1587,1586,2016,1182,0,-0.0024220748
Warm A,436779,2665,2664,2016,1182,0,0.008473156
Warm A,247231,1494,1493,2016,1182,1,0.0043347776
Warm A,229463,1389,1388,2016,1182,0,0.0027006327
Warm A,280110,1680,1679,2016,1182,0,-0.0044665807
Warm A,197688,1214,1213,2016,1182,0,-0.002926796
Warm A,328856,1941,1940,2016,1182,0,-0.009152669
Warm A,173892,1100,1099,2016,1182,0,0.00056887977
Warm A,198713,1220,1219,2016,1182,0,0.00043106312
Warm A,255680,1556,1555,2016,1182,0,0.0006731916
Warm A,275784,1667,1666,2016,1182,0,-0.009196699
Warm A,217419,1317,1316,2016,1182,0,-0.01234223
Warm A,249075,1501,1500,2016,1182,1,0.009519161
Warm A,119606,770,769,2016,1182,0,-0.0063441657
Warm A,345563,2026,2025,2016,1182,0,-0.012502075
Warm A,714255,4277,4276,2016,1182,0,-0.0007850912
Warm A,109503,714,713,2016,1182,1,0.0017541847
Warm A,95626,639,638,2016,1182,1,-0.0046072896
Warm A,191593,1181,1180,2016,1182,0,-0.015444182
Warm A,82113,544,543,2016,1182,0,-0.007163848
Warm A,234434,1422,1421,2016,1182,0,-0.010160448
Warm A,73204,494,493,2016,1182,1,-0.0026620252
Warm A,72420,482,481,2016,1182,0,-0.008521896
Warm A,52651,346,345,2016,1182,1,-0.0058310656
Warm A,32345,216,215,2016,1182,0,-0.006004584
Warm A,239431,1448,1447,2016,1182,0,-0.0017565512
Warm A,7061,48,47,2016,1182,0,-0.0034688136
Warm A,380981,2225,2224,2016,1182,0,-0.006875045
Warm A,326243,1930,1929,2016,1182,0,-0.013304107
Warm A,30685,204,203,2016,1182,0,-0.004329447
Warm A,334111,1969,1968,2016,1182,0,-0.014634784
Warm A,273359,1647,1646,2016,1182,0,-0.0008658776
Warm A,102724,678,677,2016,1182,0,-0.0071721445
Warm A,454773,2796,2795,2016,1182,0,-0.0142937135
Warm A,134685,869,868,2016,1182,1,-0.0027315714
Warm A,419068,2529,2528,2016,1182,0,-0.001983448
Warm A,719067,4305,4304,2016,1182,0,-0.010193035
Warm A,137020,881,880,2016,1182,0,-0.0063484637
Warm A,63506,424,423,2016,1182,1,-0.010289362
Warm A,336473,1980,1979,2016,1182,0,0.0037900251
Warm A,559504,3436,3435,2016,1182,0,-0.0023197173
Warm A,145970,937,936,2016,1182,1,-0.009850042
Warm A,62165,419,418,2016,1182,0,0.0067743883
Warm A,503913,3096,3095,2017,1183,1,-0.0016108511
Warm A,797878,4784,4783,2017,1183,1,0.0040104096
Warm A,493072,3029,3028,2017,1183,1,0.0035694703
Warm A,491861,3025,3024,2017,1183,0,0.001530156
Warm A,487639,2999,2998,2017,1183,0,0.0048687034
Warm A,769175,4579,4578,2017,1183,0,0.0138548575
Warm A,530100,3272,3271,2017,1183,1,0.0010019056
Warm A,478356,2934,2933,2017,1183,0,0.006043532
Warm A,697886,4169,4168,2017,1183,0,0.0045123175
Warm A,467149,2878,2877,2017,1183,0,-0.0060444567
Warm A,442506,2724,2723,2017,1183,0,0.009131539
Warm A,440853,2699,2698,2017,1183,1,0.014697868
Warm A,430626,2624,2623,2017,1183,1,0.001028209
Warm A,427899,2599,2598,2017,1183,0,-0.0030476407
Warm A,422395,2558,2557,2017,1183,1,0.0016600885
Warm A,421920,2551,2550,2017,1183,0,0.009105759
Warm A,419070,2529,2528,2017,1183,0,-0.0036963944
Warm A,427140,2592,2591,2017,1183,0,0.007402271
Warm A,414175,2492,2491,2017,1183,0,0.0016138216
Warm A,421430,2545,2544,2017,1183,0,-0.0076335976
Warm A,407907,2452,2451,2017,1183,0,0.002991173
Warm A,408822,2454,2453,2017,1183,0,0.0060827644
Warm A,396538,2346,2345,2017,1183,0,0.0089073125
Warm A,394679,2329,2328,2017,1183,0,-0.0030952238
Warm A,655975,3952,3951,2017,1183,1,0.0070049097
Warm A,383523,2241,2240,2017,1183,0,-0.011497291
Warm A,383842,2242,2241,2017,1183,1,0.0045169555
Warm A,373636,2180,2179,2017,1183,0,0.0029216083
Warm A,357095,2091,2090,2017,1183,0,-0.009144587
Warm A,356596,2088,2087,2017,1183,0,0.0077767135
Warm A,343266,2016,2015,2017,1183,0,0.010430383
Warm A,339810,2003,2002,2017,1183,1,0.00039969664
Warm A,336475,1980,1979,2017,1183,1,-0.0031658332
Warm A,300776,1781,1780,2017,1183,0,0.00489424
Warm A,293457,1747,1746,2017,1183,0,-0.0040817764
Warm A,289074,1726,1725,2017,1183,0,0.0018593643
Warm A,281731,1689,1688,2017,1183,0,-0.006059926
Warm A,259173,1586,1585,2017,1183,0,0.00013441197
Warm A,227381,1377,1376,2017,1183,0,0.005441798
Warm A,320414,1899,1898,2017,1183,0,0.016329516
Warm A,218172,1322,1321,2017,1183,0,0.0034043826
Warm A,318222,1890,1889,2017,1183,0,-0.011173488
Warm A,217421,1317,1316,2017,1183,1,-0.0029073611
Warm A,405169,2424,2423,2017,1183,1,0.015926544
Warm A,278092,1676,1675,2017,1183,1,0.003894046
Warm A,592259,3610,3609,2017,1183,0,0.0012401352
Warm A,328858,1941,1940,2017,1183,1,0.0069214515
Warm A,185895,1150,1149,2017,1183,1,0.0032056225
Warm A,177735,1119,1118,2017,1183,0,0.009478998
Warm A,174799,1106,1105,2017,1183,1,0.007218207
Warm A,346450,2030,2029,2017,1183,0,0.007396533
Warm A,191595,1181,1180,2017,1183,0,0.005036642
Warm A,168129,1068,1067,2017,1183,0,0.0017226324
Warm A,158780,1015,1014,2017,1183,0,0.0021323734
Warm A,337284,1983,1982,2017,1183,1,0.0019330708
Warm A,347564,2038,2037,2017,1183,0,0.003324147
Warm A,128804,836,835,2017,1183,1,0.0021444652
Warm A,127437,822,821,2017,1183,0,0.0023711296
Warm A,124040,798,797,2017,1183,0,0.009336345
Warm A,118779,767,766,2017,1183,0,0.009954698
Warm A,126389,816,815,2017,1183,1,0.0036128475
Warm A,112759,731,730,2017,1183,0,-0.0017828593
Warm A,178457,1120,1119,2017,1183,0,0.0023870675
Warm A,99376,662,661,2017,1183,0,0.005218912
Warm A,425847,2583,2582,2017,1183,0,0.0015147997
Warm A,211475,1285,1284,2017,1183,0,0.0069027143
Warm A,86285,563,562,2017,1183,0,-0.010598168
Warm A,85882,560,559,2017,1183,1,0.0016429736
Warm A,396998,2350,2349,2017,1183,0,-0.0020721618
Warm A,84612,550,549,2017,1183,0,-0.0052944254
Warm A,76220,517,516,2017,1183,0,0.004240204
Warm A,65010,436,435,2017,1183,1,-6.912509e-05
Warm A,63508,424,423,2017,1183,1,0.0029397488
Warm A,41974,284,283,2017,1183,0,0.0050003445
Warm A,73861,500,499,2017,1183,0,0.00570073
Warm A,99138,660,659,2017,1183,0,0.0015135356
Warm A,249076,1501,1500,2017,1183,0,0.00330219
Warm A,86890,566,565,2017,1183,0,0.009666955
Warm A,10836,78,77,2017,1183,1,0.0063659516
Warm A,7985,53,52,2017,1183,0,-0.00542281
Warm A,492,6,5,2017,1183,0,-0.0018485493
Warm A,223854,1354,1353,2017,1183,0,0.009929467
Warm A,60960,411,410,2017,1183,0,0.0018974079
Warm A,95628,639,638,2017,1183,0,-0.005873038
Warm A,552726,3401,3400,2017,1183,0,0.0007757513
Warm A,141251,910,909,2017,1183,0,0.00037208712
Warm A,12164,92,91,2017,1183,1,0.0029800308
Warm A,164947,1051,1050,2017,1183,1,0.0011586803
Warm A,928067,5605,5604,2017,1183,0,-0.0031103727
Warm A,830032,4983,4982,2017,1183,1,-0.0030296715
Warm A,50701,333,332,2017,1183,0,-0.0036912938
Warm A,454775,2796,2795,2017,1183,0,-0.00066617504
Warm A,6101,44,43,2017,1183,0,0.009233831
Warm A,235342,1425,1424,2017,1183,0,0.010086857
Warm A,893538,5394,5393,2017,1183,0,0.010145534
Warm A,657728,3963,3962,2017,1183,0,0.0120961815
Warm A,832068,5001,5000,2017,1183,1,1.8897234e-05
Warm A,183393,1141,1140,2017,1183,0,0.003958038
Warm A,714256,4277,4276,2017,1183,1,-0.0065009664
Warm A,753593,4489,4488,2017,1183,0,0.008822033
Warm A,174397,1101,1100,2017,1183,1,-0.0059301797
Warm A,489818,3013,3012,2017,1183,0,-0.008161473
Warm A,519851,3207,3206,2024,1190,1,0.0013901956
Warm A,511727,3157,3156,2024,1190,0,0.00843126
Warm A,506964,3118,3117,2024,1190,1,0.012804997
Warm A,501957,3081,3080,2024,1190,0,0.0028840997
Warm A,903082,5458,5457,2024,1190,1,0.0025462937
Warm A,491720,3024,3023,2024,1190,0,0.0026839809
Warm A,485399,2986,2985,2024,1190,0,0.0037297078
Warm A,546251,3367,3366,2024,1190,1,0.0039296206
Warm A,482958,2967,2966,2024,1190,0,-0.004288337
Warm A,478364,2934,2933,2024,1190,0,0.0047928505
Warm A,796420,4771,4770,2024,1190,0,0.008642777
Warm A,459015,2825,2824,2024,1190,1,0.0006563086
Warm A,458370,2820,2819,2024,1190,1,0.0052773426
Warm A,441844,2715,2714,2024,1190,0,0.006396111
Warm A,697907,4169,4168,2024,1190,1,0.0023853844
Warm A,438057,2676,2675,2024,1190,1,0.0011978617
Warm A,433846,2643,2642,2024,1190,0,-0.0015672395
Warm A,424082,2570,2569,2024,1190,1,0.006787012
Warm A,399316,2376,2375,2024,1190,1,-0.0056307437
Warm A,400594,2383,2382,2024,1190,0,0.0034046764
Warm A,390484,2290,2289,2024,1190,0,0.0013672216
Warm A,385469,2251,2250,2024,1190,0,0.004820654
Warm A,379287,2215,2214,2024,1190,0,-0.0030209713
Warm A,379813,2221,2220,2024,1190,1,0.0057632374
Warm A,379616,2219,2218,2024,1190,0,0.0069576735
Warm A,373099,2178,2177,2024,1190,1,0.0038368038
Warm A,714276,4277,4276,2024,1190,0,-0.0015498751
Warm A,343837,2018,2017,2024,1190,0,0.0007871527
Warm A,351105,2060,2059,2024,1190,0,-0.004796461
Warm A,336498,1980,1979,2024,1190,1,0.001230805
Warm A,304515,1810,1809,2024,1190,1,0.0002511677
Warm A,298248,1767,1766,2024,1190,0,0.0050142673
Warm A,302365,1794,1793,2024,1190,0,0.003448095
Warm A,282834,1694,1693,2024,1190,0,0.003416826
Warm A,273557,1648,1647,2024,1190,1,-0.0015433569
Warm A,255839,1559,1558,2024,1190,1,0.0033257273
Warm A,317136,1884,1883,2024,1190,0,0.0021912917
Warm A,232065,1407,1406,2024,1190,1,0.005302433
Warm A,325655,1926,1925,2024,1190,1,0.0017973128
Warm A,320431,1899,1898,2024,1190,0,0.0049364427
Warm A,296664,1758,1757,2024,1190,1,0.004446971
Warm A,209826,1281,1280,2024,1190,0,-0.0023276736
Warm A,206157,1264,1263,2024,1190,0,0.0069718817
Warm A,202764,1244,1243,2024,1190,1,0.0028747253
Warm A,280147,1680,1679,2024,1190,1,-5.4129865e-05
Warm A,338437,1988,1987,2024,1190,0,0.0027675023
Warm A,185918,1150,1149,2024,1190,0,0.0035618967
Warm A,180530,1128,1127,2024,1190,0,0.0047435705
Warm A,177745,1119,1118,2024,1190,1,-0.0031832913
Warm A,169340,1074,1073,2024,1190,0,0.001158164
Warm A,168751,1069,1068,2024,1190,1,-0.0046850247
Warm A,165389,1053,1052,2024,1190,0,0.003104152
Warm A,195832,1203,1202,2024,1190,0,0.00528678
Warm A,158803,1015,1014,2024,1190,1,-0.00010827533
Warm A,150148,966,965,2024,1190,1,0.0024280471
Warm A,142557,919,918,2024,1190,0,0.005339515
Warm A,138983,889,888,2024,1190,0,0.0017702194
Warm A,141755,911,910,2024,1190,1,-0.00073785114
Warm A,380550,2223,2222,2024,1190,0,-0.0025902689
Warm A,130343,844,843,2024,1190,1,-0.00011273939
Warm A,116704,752,751,2024,1190,0,0.00661861
Warm A,132772,855,854,2024,1190,1,0.0024438056
Warm A,111947,728,727,2024,1190,0,-0.0023802766
Warm A,108406,710,709,2024,1190,0,0.008669666
Warm A,107398,706,705,2024,1190,0,0.004549604
Warm A,105332,696,695,2024,1190,0,-0.005838245
Warm A,284626,1698,1697,2024,1190,1,-0.0033019986
Warm A,83654,549,548,2024,1190,1,-0.00090699
Warm A,250546,1509,1508,2024,1190,1,0.008358915
Warm A,204823,1260,1259,2024,1190,0,0.00076425704
Warm A,63527,424,423,2024,1190,1,0.009137711
Warm A,201849,1242,1241,2024,1190,0,-0.00019636797
Warm A,288680,1724,1723,2024,1190,0,0.0016003454
Warm A,33699,225,224,2024,1190,1,0.0051230537
Warm A,291777,1737,1736,2024,1190,1,0.0030271914
Warm A,26592,187,186,2024,1190,1,-0.0017116056
Warm A,10880,79,78,2024,1190,1,0.0040457975
Warm A,50392,331,330,2024,1190,1,0.0032563866
Warm A,432952,2638,2637,2024,1190,0,0.0017315256
Warm A,688667,4118,4117,2024,1190,1,0.0075390236
Warm A,460913,2841,2840,2024,1190,1,0.0039464496
Warm A,883558,5333,5332,2024,1190,0,0.010154087
Warm A,102747,678,677,2024,1190,1,0.013377116
Warm A,145155,934,933,2024,1190,0,0.0047032447
Warm A,322815,1912,1911,2024,1190,0,0.002014663
Warm A,287917,1717,1716,2024,1190,1,0.0020561577
Warm A,841635,5054,5053,2024,1190,0,-0.0015408075
Warm A,937786,5657,5656,2024,1190,1,-0.0005613584
Warm A,517172,3191,3190,2026,1192,0,0.0021635718
Warm A,507381,3121,3120,2026,1192,0,0.0078103645
Warm A,654438,3942,3941,2026,1192,0,0.010012551
Warm A,496034,3046,3045,2026,1192,0,0.0071190353
Warm A,488047,3001,3000,2026,1192,0,0.0002813507
Warm A,518038,3196,3195,2026,1192,1,0.006071711
Warm A,493638,3031,3030,2026,1192,0,0.006329068
Warm A,530120,3272,3271,2026,1192,0,0.0024936516
Warm A,463703,2857,2856,2026,1192,0,0.007045548
Warm A,460478,2840,2839,2026,1192,0,-0.00022504572
Warm A,461705,2847,2846,2026,1192,0,0.0024345005
Warm A,540879,3327,3326,2026,1192,0,0.0013576755
Warm A,451287,2777,2776,2026,1192,0,0.010980403
Warm A,564834,3471,3470,2026,1192,0,0.002390329
Warm A,426669,2590,2589,2026,1192,0,-0.006010396
Warm A,405595,2429,2428,2026,1192,0,0.0012895693
Warm A,378071,2205,2204,2026,1192,0,0.006550208
Warm A,371888,2172,2171,2026,1192,0,0.0024612104
Warm A,374527,2181,2180,2026,1192,0,-0.008613552
Warm A,368672,2155,2154,2026,1192,1,-0.0006503477
Warm A,363518,2116,2115,2026,1192,0,0.014586135
Warm A,358688,2098,2097,2026,1192,0,0.004879227
Warm A,375776,2188,2187,2026,1192,0,0.008703529
Warm A,344504,2021,2020,2026,1192,1,8.3988765e-05
Warm A,341034,2010,2009,2026,1192,0,0.007225874
Warm A,323540,1919,1918,2026,1192,0,-0.004122881
Warm A,306005,1820,1819,2026,1192,0,0.007206117
Warm A,297811,1764,1763,2026,1192,1,0.0018160461
Warm A,280151,1680,1679,2026,1192,0,0.00157576
Warm A,277254,1675,1674,2026,1192,0,0.0101575265
Warm A,278111,1676,1675,2026,1192,1,0.00919433
Warm A,271588,1641,1640,2026,1192,0,0.008561144
Warm A,267706,1626,1625,2026,1192,0,0.010565085
Warm A,361208,2106,2105,2026,1192,0,0.007948744
Warm A,231260,1399,1398,2026,1192,0,0.012988806
Warm A,224584,1357,1356,2026,1192,0,0.0036403374
Warm A,221948,1342,1341,2026,1192,0,0.009672696
Warm A,221856,1341,1340,2026,1192,0,0.0040259347
Warm A,214190,1300,1299,2026,1192,0,-0.0022141251
Warm A,214016,1299,1298,2026,1192,0,-0.005418692
Warm A,250548,1509,1508,2026,1192,0,0.011134031
Warm A,196825,1207,1206,2026,1192,0,-0.0014773501
Warm A,342920,2015,2014,2026,1192,0,0.0031367443
Warm A,328889,1941,1940,2026,1192,0,0.008884976
Warm A,307813,1835,1834,2026,1192,0,0.013548227
Warm A,175123,1109,1108,2026,1192,0,0.0058265557
Warm A,184190,1146,1145,2026,1192,0,0.008681856
Warm A,168142,1068,1067,2026,1192,0,0.0064753173
Warm A,159513,1017,1016,2026,1192,0,0.006232679
Warm A,158805,1015,1014,2026,1192,0,0.008723209
Warm A,145645,936,935,2026,1192,0,-0.009327011
Warm A,134706,869,868,2026,1192,1,0.01136742
Warm A,133265,859,858,2026,1192,0,0.0068154866
Warm A,352492,2063,2062,2026,1192,0,-0.0019573462
Warm A,138987,889,888,2026,1192,0,0.0096053425
Warm A,126794,817,816,2026,1192,0,-0.00047073443
Warm A,125694,808,807,2026,1192,0,0.011512557
Warm A,115054,746,745,2026,1192,1,0.0017288441
Warm A,119628,770,769,2026,1192,0,-0.0021963874
Warm A,117736,757,756,2026,1192,0,-0.0012603373
Warm A,108407,710,709,2026,1192,0,0.007888454
Warm A,106404,699,698,2026,1192,0,0.004679271
Warm A,116707,752,751,2026,1192,0,0.0073037534
Warm A,100387,669,668,2026,1192,1,0.006125742
Warm A,113513,735,734,2026,1192,0,0.0056746705
Warm A,97424,652,651,2026,1192,0,0.00499895
Warm A,631910,3821,3820,2026,1192,0,0.007943599
Warm A,91714,608,607,2026,1192,1,0.008332069
Warm A,82012,543,542,2026,1192,1,0.010632566
Warm A,82564,548,547,2026,1192,0,-0.0068619265
Warm A,75181,509,508,2026,1192,0,0.019879023
Warm A,51239,337,336,2026,1192,0,-0.00030548614
Warm A,48051,321,320,2026,1192,0,-0.0055415686
Warm A,132775,855,854,2026,1192,0,0.00038910098
Warm A,111133,721,720,2026,1192,0,0.014456952
Warm A,30130,202,201,2026,1192,1,0.009637158
Warm A,23284,166,165,2026,1192,0,0.003996601
Warm A,22736,163,162,2026,1192,0,0.015693199
Warm A,14696,117,116,2026,1192,0,-0.0009779581
Warm A,290639,1733,1732,2026,1192,0,0.004177122
Warm A,627178,3792,3791,2026,1192,0,-0.0011330445
Warm A,56142,372,371,2026,1192,1,0.00296831
Warm A,682859,4085,4084,2026,1192,0,0.007152748
Warm A,265362,1611,1610,2026,1192,0,0.0070261247
Warm A,102749,678,677,2026,1192,0,0.0072284713
Warm A,164964,1051,1050,2026,1192,0,0.009729091
Warm A,760876,4520,4519,2026,1192,0,0.0007922945
Warm A,263785,1605,1604,2026,1192,0,-0.0026518041
Warm A,599562,3648,3647,2026,1192,0,0.010855265
Warm A,499819,3067,3066,2026,1192,0,0.012294335
Warm A,907904,5492,5491,2026,1192,0,0.016971558
Warm A,454785,2796,2795,2026,1192,0,-0.0015806351
Warm A,28485,195,194,2026,1192,0,-0.0042359335
Warm A,497785,3055,3054,2026,1192,0,-0.0023927095
Warm A,137288,884,883,2026,1192,1,-0.0048895795
Warm A,785874,4697,4696,2026,1192,1,0.011271133
Warm A,44838,302,301,2026,1192,0,0.004532609
Warm A,172209,1088,1087,2026,1192,0,-0.004667327
Warm A,941862,5682,5681,2026,1192,0,0.009465532
Warm A,179896,1125,1124,2026,1192,0,0.005070827
Warm A,550732,3391,3390,2026,1192,0,0.013767786
Warm A,400595,2383,2382,2027,1193,0,0.017970819
Warm A,399634,2378,2377,2027,1193,0,0.0056745987
Warm A,392626,2304,2303,2027,1193,1,0.009308595
Warm A,370605,2166,2165,2027,1193,0,0.013583865
Warm A,352493,2063,2062,2027,1193,0,0.026515689
Warm A,341035,2010,2009,2027,1193,0,0.013738828
Warm A,297813,1764,1763,2027,1193,0,0.009619249
Warm A,281463,1687,1686,2027,1193,0,0.0063742734
Warm A,259736,1587,1586,2027,1193,0,0.010450371
Warm A,309405,1841,1840,2027,1193,0,0.015992839
Warm A,247997,1496,1495,2027,1193,0,0.015419038
Warm A,342921,2015,2014,2027,1193,0,0.00949287
Warm A,236532,1434,1433,2027,1193,0,0.0031494545
Warm A,215767,1306,1305,2027,1193,0,0.011150401
Warm A,280152,1680,1679,2027,1193,0,0.011239928
Warm A,213768,1298,1297,2027,1193,0,0.012000724
Warm A,183403,1141,1140,2027,1193,0,0.022444025
Warm A,170336,1084,1083,2027,1193,0,0.011575054
Warm A,173017,1096,1095,2027,1193,0,0.008910643
Warm A,168143,1068,1067,2027,1193,0,0.010414626
Warm A,328890,1941,1940,2027,1193,0,0.013671476
Warm A,164120,1050,1049,2027,1193,0,0.0086675845
Warm A,272449,1645,1644,2027,1193,0,0.0149458535
Warm A,249386,1502,1501,2027,1193,0,0.0076989667
Warm A,157354,1010,1009,2027,1193,0,0.018388974
Warm A,137038,881,880,2027,1193,0,0.0057681664
Warm A,117737,757,756,2027,1193,0,0.006750157
Warm A,112965,732,731,2027,1193,0,0.013185375
Warm A,120671,777,776,2027,1193,0,0.01313494
Warm A,112771,731,730,2027,1193,1,0.015626347
Warm A,108408,710,709,2027,1193,0,0.016011085
Warm A,106405,699,698,2027,1193,0,0.009594963
Warm A,109515,714,713,2027,1193,0,0.009126072
Warm A,480365,2946,2945,2027,1193,0,0.015432158
Warm A,244273,1470,1469,2027,1193,0,0.012552327
Warm A,83660,549,548,2027,1193,0,0.021797953
Warm A,239452,1448,1447,2027,1193,0,0.017495878
Warm A,119629,770,769,2027,1193,1,0.011123788
Warm A,87142,569,568,2027,1193,1,0.0014459847
Warm A,64431,429,428,2027,1193,0,0.014719005
Warm A,57279,386,385,2027,1193,0,0.00888387
Warm A,59549,403,402,2027,1193,1,0.019598613
Warm A,40591,272,271,2027,1193,0,0.023278182
Warm A,35948,242,241,2027,1193,0,0.011701515
Warm A,31593,214,213,2027,1193,0,0.008132381
Warm A,240670,1449,1448,2027,1193,0,0.01808704
Warm A,30132,202,201,2027,1193,0,0.014415663
Warm A,219365,1329,1328,2027,1193,0,0.01770131
Warm A,49721,329,328,2027,1193,0,0.010171279
Warm A,28487,195,194,2027,1193,0,0.018341705
Warm A,5577,39,38,2027,1193,0,0.008733798
Warm A,104634,692,691,2027,1193,0,0.008979535
Warm A,697912,4169,4168,2027,1193,0,0.015689176
Warm A,50394,331,330,2027,1193,0,0.008284341
Warm A,238407,1447,1446,2027,1193,0,0.017747913
Warm A,371178,2168,2167,2027,1193,1,0.015137192
Warm A,58244,392,391,2027,1193,0,0.012985733
Warm A,363519,2116,2115,2027,1193,0,0.010295963
Warm A,102750,678,677,2027,1193,0,0.012309661
Warm A,11712,90,89,2027,1193,0,0.0019657654
Warm A,79827,531,530,2027,1193,0,0.01020832
Warm A,183687,1142,1141,2027,1193,1,0.014892899
Warm A,72440,482,481,2027,1193,0,0.014197231
Warm A,458797,2824,2823,2027,1193,0,0.008782221
Warm A,700115,4186,4185,2027,1193,0,0.015435319
Warm A,860416,5172,5171,2027,1193,0,0.01563752
Warm A,193967,1194,1193,2027,1193,0,0.016121697
Warm A,719076,4305,4304,2027,1193,0,0.006932401
Warm A,427398,2594,2593,2027,1193,0,0.004309765
Warm A,102753,678,677,2029,1195,1,0.0034218505
Warm A,363522,2116,2115,2029,1195,1,-0.0017917175
Warm A,235361,1425,1424,2029,1195,1,0.00052816514
Warm A,697916,4169,4168,2029,1195,1,0.013174126
Warm A,90846,601,600,2029,1195,1,0.008354405
Warm A,75188,509,508,2029,1195,1,0.00024613086
Warm A,155541,1001,1000,2029,1195,0,0.012913875
Warm A,60983,411,410,2029,1195,0,0.009545857
Warm A,49725,329,328,2029,1195,0,0.007643116
Warm A,389,5,4,2029,1195,1,0.005218274
Warm A,508372,3128,3127,2029,1195,0,0.01171986
Warm A,116712,752,751,2029,1195,1,0.010349712
Warm A,893551,5394,5393,2029,1195,1,0.003854691
Warm A,276537,1671,1670,2029,1195,1,0.0071412344
Warm A,841639,5054,5053,2029,1195,0,0.01839909
Warm A,263790,1605,1604,2029,1195,1,0.005980639
Warm A,164133,1050,1049,2036,1197,0,0.00608567
Warm A,227753,1380,1379,2036,1197,0,0.010623034
Warm A,342941,2015,2014,2036,1197,0,-0.0038834712
Warm A,137057,881,880,2036,1197,0,0.0059119146
Warm A,134825,871,870,2036,1197,0,0.0015846882
Warm A,127448,822,821,2036,1197,1,0.003999219
Warm A,263805,1605,1604,2036,1197,0,0.009416641
Warm A,125255,804,803,2036,1197,0,0.012482683
Warm A,118787,767,766,2036,1197,0,0.008407664
Warm A,216545,1314,1313,2036,1197,0,-0.0010877005
Warm A,106417,699,698,2036,1197,0,-0.00010741828
Warm A,179903,1125,1124,2036,1197,1,0.003957173
Warm A,109520,714,713,2036,1197,1,0.00026973686
Warm A,361220,2106,2105,2036,1197,0,0.006882344
Warm A,299902,1778,1777,2036,1197,0,0.007099746
Warm A,119646,770,769,2036,1197,0,0.013009491
Warm A,87144,569,568,2036,1197,0,-0.012173584
Warm A,61661,414,413,2036,1197,0,0.003215459
Warm A,46553,310,309,2036,1197,0,0.0072341505
Warm A,44866,302,301,2036,1197,0,0.010461304
Warm A,38443,261,260,2036,1197,0,0.0051245787
Warm A,240701,1449,1448,2036,1197,0,0.010964826
Warm A,300062,1779,1778,2036,1197,0,0.0028187574
Warm A,79842,531,530,2036,1197,0,0.0052977856
Warm A,10579,75,74,2036,1197,1,0.012535844
Warm A,355277,2077,2076,2036,1197,0,0.0070497585
Warm A,65662,438,437,2036,1197,0,0.000847165
Warm A,238430,1447,1446,2036,1197,0,0.010402076
Warm A,363534,2116,2115,2036,1197,0,0.0038648855
Warm A,272457,1645,1644,2036,1197,0,-0.0014732732
Warm A,172234,1088,1087,2036,1197,0,0.0014497158
Warm A,717137,4294,4293,2036,1197,0,-0.0005121875
Warm A,235372,1425,1424,2036,1197,0,0.0055292193
Warm A,352521,2063,2062,2036,1197,0,0.0037249806
Warm A,877575,5302,5301,2036,1197,0,0.0053188964
Warm A,461717,2847,2846,2036,1197,0,0.0052860975
Warm A,703550,4218,4217,2038,1198,0,0.0017513693
Warm A,700129,4186,4185,2038,1198,0,0.0019439845
Warm A,690508,4131,4130,2038,1198,1,0.0017973415
Warm A,707624,4238,4237,2038,1198,0,0.015342491
Warm A,677306,4058,4057,2038,1198,0,0.013936245
Warm A,674536,4048,4047,2038,1198,0,0.0035698502
Warm A,676330,4054,4053,2038,1198,0,0.013192768
Warm A,673492,4042,4041,2038,1198,0,0.009027973
Warm A,668854,4021,4020,2038,1198,0,0.00031974283
Warm A,663655,3998,3997,2038,1198,0,0.008555189
Warm A,650693,3923,3922,2038,1198,0,0.0073203286
Warm A,645551,3885,3884,2038,1198,0,0.005942428
Warm A,761688,4523,4522,2038,1198,0,0.0109851975
Warm A,647918,3900,3899,2038,1198,1,0.0052255834
Warm A,640308,3848,3847,2038,1198,0,0.008029342
Warm A,627802,3799,3798,2038,1198,1,0.0051523494
Warm A,625806,3783,3782,2038,1198,0,-0.0038349659
Warm A,622484,3768,3767,2038,1198,0,0.008462634
Warm A,618137,3745,3744,2038,1198,0,-0.003977865
Warm A,615059,3724,3723,2038,1198,0,0.0040846784
Warm A,613079,3715,3714,2038,1198,1,0.0005315102
Warm A,726858,4345,4344,2038,1198,0,0.005854348
Warm A,637188,3836,3835,2038,1198,1,0.0074043423
Warm A,726261,4344,4343,2038,1198,0,0.01148116
Warm A,601348,3654,3653,2038,1198,0,-0.00850733
Warm A,595972,3624,3623,2038,1198,1,0.0011159091
Warm A,592501,3611,3610,2038,1198,0,0.0019905707
Warm A,595431,3621,3620,2038,1198,0,0.005604458
Warm A,759480,4510,4509,2038,1198,1,0.0115680015
Warm A,574389,3516,3515,2038,1198,1,0.0076531367
Warm A,579878,3539,3538,2038,1198,0,0.0024454554
Warm A,551466,3395,3394,2038,1198,1,0.0004178509
Warm A,550758,3391,3390,2038,1198,0,0.009322068
Warm A,554684,3411,3410,2038,1198,0,0.006331221
Warm A,547692,3378,3377,2038,1198,0,0.0091449935
Warm A,541568,3332,3331,2038,1198,0,0.0059727873
Warm A,897069,5424,5423,2038,1198,0,0.004220969
Warm A,512257,3159,3158,2038,1198,0,0.003160172
Warm A,513284,3163,3162,2038,1198,1,0.0071547534
Warm A,509610,3138,3137,2038,1198,0,0.005558024
Warm A,523114,3224,3223,2038,1198,0,0.0010109965
Warm A,633768,3824,3823,2038,1198,0,0.004947842
Warm A,489843,3013,3012,2038,1198,0,0.010828685
Warm A,487646,2999,2998,2038,1198,0,-0.0022361896
Warm A,479420,2941,2940,2038,1198,0,0.017285077
Warm A,476015,2921,2920,2038,1198,0,0.00857594
Warm A,461940,2848,2847,2038,1198,1,0.0075240424
Warm A,459322,2827,2826,2038,1198,0,0.007992181
Warm A,421926,2551,2550,2038,1198,0,-0.0035148936
Warm A,419113,2529,2528,2038,1198,1,0.0017431473
Warm A,415182,2499,2498,2038,1198,0,0.0119083375
Warm A,410233,2460,2459,2038,1198,0,0.007205309
Warm A,396446,2344,2343,2038,1198,0,-0.0030916717
Warm A,403836,2411,2410,2038,1198,0,-0.0041862894
Warm A,370824,2167,2166,2038,1198,0,-0.0025711395
Warm A,368982,2156,2155,2038,1198,0,0.008301903
Warm A,367598,2145,2144,2038,1198,1,0.0015313366
Warm A,366748,2137,2136,2038,1198,1,0.007415948
Warm A,362033,2109,2108,2038,1198,0,0.0003919584
Warm A,354428,2073,2072,2038,1198,0,0.003640132
Warm A,325676,1926,1925,2038,1198,0,0.007533009
Warm A,292658,1741,1740,2038,1198,0,0.0108859
Warm A,274921,1665,1664,2038,1198,0,0.01206758
Warm A,361221,2106,2105,2038,1198,0,0.0068601435
Warm A,277269,1675,1674,2038,1198,0,0.006536337
Warm A,286372,1709,1708,2038,1198,1,0.006337951
Warm A,261488,1598,1597,2038,1198,0,0.0019159482
Warm A,259755,1587,1586,2038,1198,0,0.006736502
Warm A,346501,2030,2029,2038,1198,1,0.012055435
Warm A,250859,1513,1512,2038,1198,0,0.0065940423
Warm A,236838,1438,1437,2038,1198,0,-0.002939332
Warm A,363535,2116,2115,2038,1198,0,0.005359916
Warm A,236536,1434,1433,2038,1198,0,0.0032448983
Warm A,224817,1358,1357,2038,1198,0,0.018428266
Warm A,216286,1312,1311,2038,1198,0,-0.0066730855
Warm A,405177,2424,2423,2038,1198,0,0.00839979
Warm A,216133,1311,1310,2038,1198,0,0.0028068414
Warm A,273404,1647,1646,2038,1198,0,0.010463822
Warm A,280200,1680,1679,2038,1198,1,0.010654267
Warm A,198939,1221,1220,2038,1198,1,0.002535086
Warm A,196001,1204,1203,2038,1198,1,-0.00093542534
Warm A,328933,1941,1940,2038,1198,0,0.007952981
Warm A,183421,1141,1140,2038,1198,1,0.0052200085
Warm A,176342,1114,1113,2038,1198,0,0.0099609755
Warm A,173911,1100,1099,2038,1198,0,0.0051440015
Warm A,249102,1501,1500,2038,1198,0,0.007334534
Warm A,165397,1053,1052,2038,1198,0,0.0091469055
Warm A,161476,1029,1028,2038,1198,1,0.009184796
Warm A,213165,1297,1296,2038,1198,0,0.0044812337
Warm A,436827,2665,2664,2038,1198,0,0.007195675
Warm A,839960,5046,5045,2038,1198,1,0.012040201
Warm A,217461,1317,1316,2038,1198,0,0.019999526
Warm A,134727,869,868,2038,1198,0,0.0015444753
Warm A,130891,849,848,2038,1198,0,0.0018871026
Warm A,305232,1812,1811,2038,1198,0,0.0036406368
Warm A,124367,800,799,2038,1198,1,0.0090786815
Warm A,122413,789,788,2038,1198,0,-0.00027038204
Warm A,122293,788,787,2038,1198,1,0.009316084
Warm A,120899,779,778,2038,1198,0,0.002488256
Warm A,118168,764,763,2038,1198,1,0.008428238
Warm A,119647,770,769,2038,1198,0,-0.0003171385
Warm A,240703,1449,1448,2038,1198,0,0.011536084
Warm A,178489,1120,1119,2038,1198,1,0.003874824
Warm A,95644,639,638,2038,1198,0,0.0023022224
Warm A,109521,714,713,2038,1198,1,0.003025744
Warm A,93919,629,628,2038,1198,0,-0.0048171906
Warm A,352523,2063,2062,2038,1198,0,0.005318177
Warm A,90407,597,596,2038,1198,0,0.017712235
Warm A,86304,563,562,2038,1198,0,0.005976987
Warm A,239474,1448,1447,2038,1198,0,-0.0033225447
Warm A,66699,445,444,2038,1198,0,0.006263881
Warm A,65015,436,435,2038,1198,0,0.0036599059
Warm A,51044,336,335,2038,1198,1,0.010997146
Warm A,44868,302,301,2038,1198,0,0.006221056
Warm A,332038,1958,1957,2038,1198,0,0.010073616
Warm A,26199,186,185,2038,1198,0,0.005017882
Warm A,27417,192,191,2038,1198,0,0.012913246
Warm A,270338,1635,1634,2038,1198,0,0.018561404
Warm A,18470,145,144,2038,1198,0,0.011699998
Warm A,17683,136,135,2038,1198,1,0.0062048645
Warm A,8678,58,57,2038,1198,0,0.006427235
Warm A,8032,53,52,2038,1198,1,0.0013346628
Warm A,24616,173,172,2038,1198,0,0.00049502647
Warm A,661758,3991,3990,2038,1198,1,-0.0020636944
Warm A,130650,846,845,2038,1198,0,0.011583483
Warm A,829331,4979,4978,2038,1198,0,0.010722097
Warm A,12185,92,91,2038,1198,1,-0.0019474141
Warm A,272459,1645,1644,2038,1198,1,0.0077819545
Warm A,52271,343,342,2038,1198,0,0.016074728
Warm A,102772,678,677,2038,1198,0,0.009425953
Warm A,415406,2501,2500,2038,1198,1,0.008736169
Warm A,489382,3012,3011,2038,1198,0,0.008899982
Warm A,116961,753,752,2038,1198,1,0.017267471
Warm A,137061,881,880,2038,1198,0,0.011031469
Warm A,13372,104,103,2038,1198,0,0.01320416
Warm A,63566,424,423,2038,1198,0,0.0035744712
Warm A,230699,1395,1394,2038,1198,0,0.010020588
Warm A,341908,2012,2011,2038,1198,0,0.010075022
Warm A,590594,3602,3601,2040,1199,1,-0.00032270793
Warm A,479423,2941,2940,2040,1199,1,-0.0047600376
Warm A,471221,2899,2898,2040,1199,1,-0.0034052217
Warm A,474284,2909,2908,2040,1199,0,0.00054593896
Warm A,466229,2874,2873,2040,1199,0,0.003788406
Warm A,454152,2793,2792,2040,1199,1,-0.0037519508
Warm A,442015,2718,2717,2040,1199,1,-0.0029851436
Warm A,442131,2719,2718,2040,1199,0,-0.0057531274
Warm A,420054,2537,2536,2040,1199,0,-0.0020094323
Warm A,368985,2156,2155,2040,1199,0,0.0027643465
Warm A,345244,2024,2023,2040,1199,1,-0.0011553849
Warm A,343283,2016,2015,2040,1199,1,-0.0067280727
Warm A,289608,1727,1726,2040,1199,1,-0.0009157646
Warm A,268658,1631,1630,2040,1199,0,-0.004528797
Warm A,324134,1920,1919,2040,1199,0,-0.0039339843
Warm A,257050,1574,1573,2040,1199,1,0.0049926224
Warm A,255843,1559,1558,2040,1199,0,0.004814512
Warm A,247420,1495,1494,2040,1199,0,0.0023398434
Warm A,336547,1980,1979,2040,1199,0,0.0010106605
Warm A,220158,1333,1332,2040,1199,0,0.002139763
Warm A,280224,1680,1679,2040,1199,0,-0.0018190374
Warm A,197114,1209,1208,2040,1199,1,-0.010894574
Warm A,328946,1941,1940,2040,1199,1,-0.0019454542
Warm A,177765,1119,1118,2040,1199,0,0.0014843917
Warm A,173916,1100,1099,2040,1199,0,0.003370164
Warm A,249111,1501,1500,2040,1199,1,-0.0015924403
Warm A,166728,1059,1058,2040,1199,0,-0.0048081214
Warm A,272467,1645,1644,2040,1199,1,0.0051682107
Warm A,255702,1556,1555,2040,1199,0,-0.0017536692
Warm A,162432,1034,1033,2040,1199,0,0.0015932965
Warm A,337321,1983,1982,2040,1199,1,-0.001577809
Warm A,147224,948,947,2040,1199,1,-0.0034328792
Warm A,185974,1150,1149,2040,1199,0,0.0029961893
Warm A,217470,1317,1316,2040,1199,0,0.0032779393
Warm A,315746,1880,1879,2040,1199,0,-0.0037864198
Warm A,160577,1019,1018,2040,1199,0,0.0027469534
Warm A,93924,629,628,2040,1199,0,-0.0017392919
Warm A,191676,1181,1180,2040,1199,0,0.003345904
Warm A,234475,1422,1421,2040,1199,0,0.0048074625
Warm A,83705,549,548,2040,1199,1,-0.0047826823
Warm A,119655,770,769,2040,1199,0,0.0071438635
Warm A,76234,517,516,2040,1199,0,-0.007851793
Warm A,73211,494,493,2040,1199,1,-0.002202112
Warm A,70997,476,475,2040,1199,1,0.004234954
Warm A,69276,463,462,2040,1199,0,-0.0009310765
Warm A,211546,1285,1284,2040,1199,0,-4.9409922e-05
Warm A,36830,245,244,2040,1199,0,0.001257597
Warm A,32418,216,215,2040,1199,0,-0.0009818007
Warm A,360338,2105,2104,2040,1199,0,0.004606546
Warm A,1188,10,9,2040,1199,1,-0.0068904366
Warm A,482138,2962,2961,2040,1199,0,-0.0034187755
Warm A,39128,264,263,2040,1199,0,-0.0005748931
Warm A,552772,3401,3400,2040,1199,0,-0.0029648538
Warm A,334141,1969,1968,2040,1199,1,0.0029808888
Warm A,240720,1449,1448,2040,1199,0,-0.0020399839
Warm A,273411,1647,1646,2040,1199,0,-0.004684807
Warm A,106426,699,698,2040,1199,0,-0.0019130055
Warm A,633778,3824,3823,2040,1199,0,0.0039664377
Warm A,879537,5312,5311,2040,1199,1,0.0064682113
Warm A,130075,840,839,2040,1199,1,0.00091583794
Warm A,134737,869,868,2040,1199,0,-0.0043258844
Warm A,599580,3648,3647,2040,1199,0,-0.00495
Warm A,178495,1120,1119,2040,1199,1,-0.001987813
Warm A,376511,2195,2194,2040,1199,0,-0.00059518265
Warm A,700135,4186,4185,2040,1199,1,-0.0017401131
Warm A,936775,5650,5649,2040,1199,0,-0.0044995043
Warm A,410586,2462,2461,2040,1199,0,0.006537997
Warm A,13211,102,101,2040,1199,1,0.0024332511
Warm A,586576,3579,3578,2041,1200,0,-2.9819785e-05
Warm A,577663,3526,3525,2041,1200,0,3.2247743e-05
Warm A,570538,3499,3498,2041,1200,0,-0.0021914975
Warm A,549363,3389,3388,2041,1200,0,0.006225113
Warm A,645564,3885,3884,2041,1200,0,0.009410813
Warm A,550774,3391,3390,2041,1200,0,0.006759324
Warm A,537626,3311,3310,2041,1200,0,-0.0018462017
Warm A,531559,3281,3280,2041,1200,1,0.006971257
Warm A,584926,3569,3568,2041,1200,0,0.003736531
Warm A,513292,3163,3162,2041,1200,1,-0.0014595442
Warm A,606157,3681,3680,2041,1200,0,0.001439901
Warm A,785520,4691,4690,2041,1200,1,0.0038690073
Warm A,506106,3112,3111,2041,1200,1,-0.0019239568
Warm A,597104,3628,3627,2041,1200,0,0.002785486
Warm A,493656,3031,3030,2041,1200,1,0.007367694
Warm A,480623,2949,2948,2041,1200,0,-0.00289041
Warm A,467580,2881,2880,2041,1200,0,0.004413279
Warm A,445039,2744,2743,2041,1200,0,0.004549452
Warm A,441559,2708,2707,2041,1200,1,0.0038795888
Warm A,433036,2640,2639,2041,1200,1,0.0055744564
Warm A,423963,2568,2567,2041,1200,0,-0.001831214
Warm A,417759,2522,2521,2041,1200,0,0.0026696469
Warm A,411374,2469,2468,2041,1200,1,0.004292889
Warm A,407092,2445,2444,2041,1200,0,0.0016851218
Warm A,396448,2344,2343,2041,1200,0,0.0017765751
Warm A,388494,2273,2272,2041,1200,1,-0.004249065
Warm A,310957,1851,1850,2041,1200,0,-0.0017166077
Warm A,311419,1854,1853,2041,1200,1,0.0014317399
Warm A,291805,1737,1736,2041,1200,0,0.0061671026
Warm A,289097,1726,1725,2041,1200,0,0.007162491
Warm A,273564,1648,1647,2041,1200,0,-0.0014298602
Warm A,270347,1635,1634,2041,1200,0,0.009256647
Warm A,252307,1528,1527,2041,1200,1,0.00042713562
Warm A,346510,2030,2029,2041,1200,0,0.0028373448
Warm A,227409,1377,1376,2041,1200,0,0.0026886929
Warm A,280225,1680,1679,2041,1200,1,0.0068289773
Warm A,309041,1837,1836,2041,1200,0,0.012424979
Warm A,196003,1204,1203,2041,1200,0,0.0071451906
Warm A,298635,1772,1771,2041,1200,0,0.0041602207
Warm A,183425,1141,1140,2041,1200,0,0.009703436
Warm A,203394,1246,1245,2041,1200,1,-0.00060729263
Warm A,180557,1128,1127,2041,1200,0,-0.0039332705
Warm A,176344,1114,1113,2041,1200,0,0.0074802698
Warm A,173917,1100,1099,2041,1200,0,0.0016619123
Warm A,165401,1053,1052,2041,1200,0,0.0018771873
Warm A,166218,1058,1057,2041,1200,0,-3.7013087e-05
Warm A,156125,1004,1003,2041,1200,0,0.015005823
Warm A,151101,971,970,2041,1200,1,0.0041179108
Warm A,185975,1150,1149,2041,1200,0,0.0018417598
Warm A,245387,1482,1481,2041,1200,0,0.0026821275
Warm A,277272,1675,1674,2041,1200,0,0.0017806535
Warm A,134738,869,868,2041,1200,0,0.011719566
Warm A,147600,949,948,2041,1200,0,0.0022877434
Warm A,475866,2919,2918,2041,1200,0,0.0071327235
Warm A,108862,712,711,2041,1200,0,-0.0010105422
Warm A,267398,1624,1623,2041,1200,0,-0.00036205328
Warm A,95651,639,638,2041,1200,0,0.002429572
Warm A,85382,556,555,2041,1200,1,0.0067203576
Warm A,74491,508,507,2041,1200,0,-0.0022099023
Warm A,80490,533,532,2041,1200,0,0.009400001
Warm A,44879,302,301,2041,1200,0,0.008332716
Warm A,313069,1865,1864,2041,1200,0,0.0018571962
Warm A,178496,1120,1119,2041,1200,0,0.012246525
Warm A,32419,216,215,2041,1200,0,-0.0032126608
Warm A,29414,200,199,2041,1200,1,-0.009217068
Warm A,25291,178,177,2041,1200,0,0.0032952412
Warm A,482140,2962,2961,2041,1200,0,0.005785383
Warm A,20995,151,150,2041,1200,1,0.003817493
Warm A,8048,53,52,2041,1200,0,0.00080876425
Warm A,63579,424,423,2041,1200,1,0.0041164523
Warm A,1189,10,9,2041,1200,0,-0.0018447484
Warm A,19698,148,147,2041,1200,1,0.0018856942
Warm A,530369,3274,3273,2041,1200,0,0.0089269
Warm A,432977,2638,2637,2041,1200,0,-0.0039649606
Warm A,240721,1449,1448,2041,1200,0,-0.0013302052
Warm A,893570,5394,5393,2041,1200,0,-0.00074131717
Warm A,54679,355,354,2041,1200,0,0.002769991
Warm A,483337,2969,2968,2041,1200,0,0.005450894
Warm A,273412,1647,1646,2041,1200,0,0.0043365704
Warm A,305236,1812,1811,2041,1200,0,0.0043836897
Warm A,419123,2529,2528,2041,1200,0,0.006569329
Warm A,256006,1560,1559,2041,1200,0,0.000514098
Warm A,137068,881,880,2041,1200,0,0.0042285863
Warm A,934093,5636,5635,2041,1200,0,0.0048386636
Warm A,484708,2985,2984,2041,1200,1,0.0034102642
Warm A,992792,5996,5995,2042,1201,1,0.0076076486
Warm A,608486,3690,3689,2042,1201,0,0.0056370627
Warm A,603143,3669,3668,2042,1201,0,0.0109984
Warm A,592296,3610,3609,2042,1201,0,0.015033772
Warm A,590346,3600,3599,2042,1201,0,0.007000011
Warm A,568177,3486,3485,2042,1201,1,0.005234102
Warm A,573748,3512,3511,2042,1201,1,0.014557302
Warm A,573067,3509,3508,2042,1201,0,0.00666512
Warm A,658618,3967,3966,2042,1201,0,-0.0036005522
Warm A,550775,3391,3390,2042,1201,0,0.013118936
Warm A,553109,3402,3401,2042,1201,1,0.0026307036
Warm A,547695,3378,3377,2042,1201,1,0.011706388
Warm A,541166,3328,3327,2042,1201,0,0.012601707
Warm A,537627,3311,3310,2042,1201,0,0.0070861597
Warm A,536373,3308,3307,2042,1201,0,0.011816233
Warm A,530146,3272,3271,2042,1201,0,0.007062117
Warm A,540185,3320,3319,2042,1201,0,0.0049979547
Warm A,515817,3182,3181,2042,1201,0,0.0012473031
Warm A,509614,3138,3137,2042,1201,0,0.0073251864
Warm A,505896,3111,3110,2042,1201,0,-0.001305999
Warm A,575684,3519,3518,2042,1201,0,0.008024421
Warm A,494667,3032,3031,2042,1201,1,0.017477263
Warm A,493123,3029,3028,2042,1201,0,0.013791207
Warm A,492235,3026,3025,2042,1201,0,0.019296728
Warm A,488810,3007,3006,2042,1201,0,0.010266045
Warm A,518048,3196,3195,2042,1201,1,0.009556643
Warm A,470571,2896,2895,2042,1201,0,0.008808283
Warm A,460492,2840,2839,2042,1201,0,0.0023262464
Warm A,461720,2847,2846,2042,1201,0,0.017202519
Warm A,487287,2996,2995,2042,1201,0,0.007334238
Warm A,455046,2800,2799,2042,1201,1,0.0049269767
Warm A,451314,2777,2776,2042,1201,0,0.0001920464
Warm A,430258,2621,2620,2042,1201,0,0.005240984
Warm A,427556,2595,2594,2042,1201,0,0.0072457064
Warm A,420606,2541,2540,2042,1201,1,-0.00010722829
Warm A,414853,2496,2495,2042,1201,0,0.004217009
Warm A,390282,2288,2287,2042,1201,0,0.0022105314
Warm A,387427,2264,2263,2042,1201,0,0.0076509574
Warm A,379659,2220,2219,2042,1201,0,0.011111545
Warm A,370609,2166,2165,2042,1201,0,0.0065560685
Warm A,375793,2188,2187,2042,1201,0,0.0142949745
Warm A,382561,2235,2234,2042,1201,1,0.0060855458
Warm A,356108,2085,2084,2042,1201,1,0.008316826
Warm A,362039,2109,2108,2042,1201,0,0.007437829
Warm A,348679,2043,2042,2042,1201,0,0.010682711
Warm A,339817,2003,2002,2042,1201,1,0.011563787
Warm A,341058,2010,2009,2042,1201,0,0.009644994
Warm A,312573,1861,1860,2042,1201,0,-0.0005982048
Warm A,297829,1764,1763,2042,1201,1,0.0045746937
Warm A,324136,1920,1919,2042,1201,1,0.005442615
Warm A,264805,1609,1608,2042,1201,0,0.020441445
Warm A,309410,1841,1840,2042,1201,0,0.004594867
Warm A,236539,1434,1433,2042,1201,0,0.004085508
Warm A,224409,1356,1355,2042,1201,0,0.005792083
Warm A,227410,1377,1376,2042,1201,0,0.006233558
Warm A,213174,1297,1296,2042,1201,0,0.0047818655
Warm A,278134,1676,1675,2042,1201,0,0.0073270043
Warm A,280227,1680,1679,2042,1201,0,0.0011271331
Warm A,192517,1184,1183,2042,1201,0,0.0039130943
Warm A,332047,1958,1957,2042,1201,0,0.02019843
Warm A,244305,1470,1469,2042,1201,0,0.008512824
Warm A,198723,1220,1219,2042,1201,0,0.007072401
Warm A,328949,1941,1940,2042,1201,0,0.0071269367
Warm A,272468,1645,1644,2042,1201,1,0.010848779
Warm A,255704,1556,1555,2042,1201,0,0.01159337
Warm A,342948,2015,2014,2042,1201,0,0.006632521
Warm A,165532,1054,1053,2042,1201,1,0.0009051629
Warm A,153414,984,983,2042,1201,0,0.014929951
Warm A,246574,1489,1488,2042,1201,0,0.0045837183
Warm A,145650,936,935,2042,1201,1,0.0023096525
Warm A,143477,925,924,2042,1201,0,0.005125623
Warm A,157394,1010,1009,2042,1201,0,0.009493127
Warm A,137070,881,880,2042,1201,0,0.012925155
Warm A,249114,1501,1500,2042,1201,1,0.015450238
Warm A,332948,1962,1961,2042,1201,0,0.009299252
Warm A,263815,1605,1604,2042,1201,0,0.0027325237
Warm A,126803,817,816,2042,1201,1,0.011894546
Warm A,361233,2106,2105,2042,1201,0,0.016045645
Warm A,240723,1449,1448,2042,1201,0,0.0083813835
Warm A,178497,1120,1119,2042,1201,0,0.0011889003
Warm A,139301,890,889,2042,1201,0,0.0018292952
Warm A,119656,770,769,2042,1201,0,0.0070385737
Warm A,216547,1314,1313,2042,1201,0,-0.0040072836
Warm A,106427,699,698,2042,1201,0,0.016001578
Warm A,179908,1125,1124,2042,1201,0,0.0048386795
Warm A,101588,676,675,2042,1201,0,0.002063742
Warm A,99181,660,659,2042,1201,0,-0.0029415642
Warm A,299908,1778,1777,2042,1201,0,0.012035173
Warm A,109524,714,713,2042,1201,0,0.0014995032
Warm A,93925,629,628,2042,1201,0,0.003010375
Warm A,76235,517,516,2042,1201,0,-0.0019196868
Warm A,82035,543,542,2042,1201,0,0.00646469
Warm A,69277,463,462,2042,1201,0,-0.0025863585
Warm A,87145,569,568,2042,1201,0,0.0034305493
Warm A,65667,438,437,2042,1201,0,0.005237317
Warm A,63582,424,423,2042,1201,0,0.018544216
Warm A,75210,509,508,2042,1201,0,0.009533753
Warm A,56177,373,372,2042,1201,0,0.0050728563
Warm A,44881,302,301,2042,1201,0,0.008988323
Warm A,58279,392,391,2042,1201,0,0.01309873
Warm A,363547,2116,2115,2042,1201,1,0.00736324
Warm A,40811,273,272,2042,1201,0,0.008396249
Warm A,32422,216,215,2042,1201,1,-0.0052061137
Warm A,273413,1647,1646,2042,1201,0,0.011641819
Warm A,54680,355,354,2042,1201,0,0.0060080197
Warm A,235380,1425,1424,2042,1201,0,0.0128991455
Warm A,7103,48,47,2042,1201,0,0.007296457
Warm A,3764,26,25,2042,1201,0,-0.0003033257
Warm A,2240,18,17,2042,1201,0,-0.0010527277
Warm A,79854,531,530,2042,1201,0,0.008732832
Warm A,19700,148,147,2042,1201,0,0.0022200032
Warm A,78763,528,527,2042,1201,0,0.012849866
Warm A,355286,2077,2076,2042,1201,0,0.009437159
Warm A,552774,3401,3400,2042,1201,0,0.011091771
Warm A,238441,1447,1446,2042,1201,0,0.014258496
Warm A,326269,1930,1929,2042,1201,0,0.010483229
Warm A,334142,1969,1968,2042,1201,0,0.008345857
Warm A,682884,4085,4084,2042,1201,0,0.009293022
Warm A,883570,5333,5332,2042,1201,0,0.004665455
Warm A,376512,2195,2194,2042,1201,0,0.00509506
Warm A,172246,1088,1087,2042,1201,0,0.015600253
Warm A,102785,678,677,2042,1201,0,0.0027863993
Warm A,329692,1943,1942,2042,1201,0,0.006210746
Warm A,335265,1978,1977,2042,1201,0,0.0059916065
Warm A,489853,3013,3012,2042,1201,0,-0.007497211
Warm A,352537,2063,2062,2042,1201,0,0.012416233
Warm A,134740,869,868,2042,1201,0,0.0052929376
Warm A,116964,753,752,2042,1201,1,0.00023366627
Warm A,258065,1579,1578,2042,1201,1,0.011014947
Warm A,941870,5682,5681,2042,1201,0,0.0054458557
Warm A,295823,1755,1754,2042,1201,0,0.0077320365
Warm A,714314,4277,4276,2042,1201,0,-0.0014457665
Warm A,467188,2878,2877,2042,1201,0,0.0012852222
Warm A,628928,3807,3806,2043,1202,1,0.002492239
Warm A,638780,3841,3840,2043,1202,1,0.010281546
Warm A,617511,3737,3736,2043,1202,1,0.008559469
Warm A,615895,3727,3726,2043,1202,0,0.006248977
Warm A,726867,4345,4344,2043,1202,0,0.0076152636
Warm A,590507,3601,3600,2043,1202,1,0.016129509
Warm A,585957,3576,3575,2043,1202,0,0.008646289
Warm A,556462,3419,3418,2043,1202,1,0.0044104806
Warm A,556343,3418,3417,2043,1202,0,0.0074997596
Warm A,533777,3292,3291,2043,1202,0,0.009787714
Warm A,526948,3259,3258,2043,1202,1,0.008425008
Warm A,518993,3201,3200,2043,1202,0,0.005207294
Warm A,769195,4579,4578,2043,1202,1,0.00017133355
Warm A,571321,3503,3502,2043,1202,0,0.00634703
Warm A,797897,4784,4783,2043,1202,1,0.01027111
Warm A,479426,2941,2940,2043,1202,0,0.009367466
Warm A,697948,4169,4168,2043,1202,1,0.0035760645
Warm A,472172,2906,2905,2043,1202,0,0.003569699
Warm A,714316,4277,4276,2043,1202,1,0.013944067
Warm A,474289,2909,2908,2043,1202,0,0.00998465
Warm A,469605,2892,2891,2043,1202,1,0.0085573355
Warm A,455508,2804,2803,2043,1202,1,-0.0031404279
Warm A,449194,2769,2768,2043,1202,0,0.0051568067
Warm A,448200,2761,2760,2043,1202,1,0.0126568535
Warm A,427918,2599,2598,2043,1202,0,0.0019388656
Warm A,419126,2529,2528,2043,1202,1,0.0075358977
Warm A,427167,2592,2591,2043,1202,0,-0.0050002867
Warm A,414185,2492,2491,2043,1202,0,0.0048606736
Warm A,408835,2454,2453,2043,1202,0,0.0023094846
Warm A,393024,2308,2307,2043,1202,1,-0.002723272
Warm A,383861,2242,2241,2043,1202,1,0.012781543
Warm A,377549,2203,2202,2043,1202,1,0.009207099
Warm A,376121,2192,2191,2043,1202,0,0.0045235916
Warm A,362260,2110,2109,2043,1202,0,0.008576516
Warm A,353053,2067,2066,2043,1202,0,0.007204502
Warm A,357824,2092,2091,2043,1202,0,0.0058855335
Warm A,336550,1980,1979,2043,1202,1,0.018381063
Warm A,318523,1891,1890,2043,1202,0,0.008350324
Warm A,297120,1761,1760,2043,1202,0,-0.002636385
Warm A,296255,1757,1756,2043,1202,1,0.0058559226
Warm A,289099,1726,1725,2043,1202,0,0.001730086
Warm A,270350,1635,1634,2043,1202,1,0.019281147
Warm A,345580,2026,2025,2043,1202,0,0.0030509562
Warm A,259210,1586,1585,2043,1202,1,0.009737165
Warm A,361234,2106,2105,2043,1202,0,-0.0031757576
Warm A,230253,1392,1391,2043,1202,0,0.009225352
Warm A,324138,1920,1919,2043,1202,1,0.015108705
Warm A,216138,1311,1310,2043,1202,0,0.014669641
Warm A,217475,1317,1316,2043,1202,1,0.008630384
Warm A,278137,1676,1675,2043,1202,0,-0.0032118708
Warm A,213788,1298,1297,2043,1202,0,0.0070120087
Warm A,280230,1680,1679,2043,1202,1,0.010260521
Warm A,293351,1746,1745,2043,1202,1,0.0013214506
Warm A,220161,1333,1332,2043,1202,0,0.0021100116
Warm A,192519,1184,1183,2043,1202,0,0.0028885703
Warm A,328952,1941,1940,2043,1202,0,0.014487182
Warm A,181524,1134,1133,2043,1202,0,7.8522135e-05
Warm A,249116,1501,1500,2043,1202,1,0.0021105288
Warm A,168163,1068,1067,2043,1202,1,-0.0027161655
Warm A,168939,1071,1070,2043,1202,1,0.0054645734
Warm A,162433,1034,1033,2043,1202,1,0.0080006365
Warm A,199732,1224,1223,2043,1202,1,0.0118733775
Warm A,141258,910,909,2043,1202,0,0.0027821448
Warm A,277275,1675,1674,2043,1202,1,0.01077912
Warm A,141779,911,910,2043,1202,0,0.016502578
Warm A,176454,1115,1114,2043,1202,0,0.010297126
Warm A,123649,796,795,2043,1202,1,0.014209076
Warm A,475868,2919,2918,2043,1202,1,0.0024732475
Warm A,118170,764,763,2043,1202,1,0.0060883127
Warm A,112797,731,730,2043,1202,0,0.0028345687
Warm A,178499,1120,1119,2043,1202,1,0.0044980994
Warm A,94501,634,633,2043,1202,0,-0.0017909235
Warm A,85894,560,559,2043,1202,0,0.003043739
Warm A,85384,556,555,2043,1202,0,0.0062128115
Warm A,65020,436,435,2043,1202,0,-0.0019731114
Warm A,57504,389,388,2043,1202,0,0.0040280707
Warm A,39132,264,263,2043,1202,0,0.0057673818
Warm A,36837,245,244,2043,1202,0,0.0095909545
Warm A,14740,117,116,2043,1202,1,0.0072779325
Warm A,12771,97,96,2043,1202,1,0.014284857
Warm A,592299,3610,3609,2043,1202,0,0.0011697323
Warm A,8052,53,52,2043,1202,0,-0.006319131
Warm A,1193,10,9,2043,1202,1,0.016035564
Warm A,234480,1422,1421,2043,1202,0,0.0073384214
Warm A,95654,639,638,2043,1202,1,0.0073996675
Warm A,40142,271,270,2043,1202,1,-0.001325975
Warm A,386260,2258,2257,2043,1202,1,0.003231743
Warm A,235381,1425,1424,2043,1202,0,0.0066275736
Warm A,12194,92,91,2043,1202,1,0.009077774
Warm A,830038,4983,4982,2043,1202,0,0.0078093894
Warm A,6148,44,43,2043,1202,0,0.0014402871
Warm A,588257,3589,3588,2043,1202,0,0.013367264
Warm A,700136,4186,4185,2043,1202,0,0.014266558
Warm A,821780,4940,4939,2043,1202,1,0.00827314
Warm A,410588,2462,2461,2043,1202,0,0.006740118
Warm A,710044,4258,4257,2043,1202,0,0.009616072
Warm A,272470,1645,1644,2043,1202,1,4.6077184e-05
Warm A,825877,4958,4957,2043,1202,0,0.01610183
Warm A,450065,2774,2773,2048,1204,0,0.0072475197
Warm A,422008,2552,2551,2048,1204,0,-6.461749e-05
Warm A,410592,2462,2461,2048,1204,0,0.0069265724
Warm A,419131,2529,2528,2048,1204,1,0.0010154515
Warm A,385804,2255,2254,2048,1204,1,0.00074990373
Warm A,380567,2223,2222,2048,1204,0,0.0089227725
Warm A,383865,2242,2241,2048,1204,1,-0.0033524171
Warm A,374579,2181,2180,2048,1204,1,0.007575172
Warm A,359048,2100,2099,2048,1204,0,0.0028606565
Warm A,341919,2012,2011,2048,1204,0,0.0010786897
Warm A,339818,2003,2002,2048,1204,1,0.0012412233
Warm A,334148,1969,1968,2048,1204,0,0.009587974
Warm A,327084,1938,1937,2048,1204,1,-0.0021642693
Warm A,313643,1871,1870,2048,1204,0,0.005603592
Warm A,291032,1736,1735,2048,1204,0,0.004084221
Warm A,278144,1676,1675,2048,1204,1,0.005278362
Warm A,266208,1613,1612,2048,1204,1,0.0030359356
Warm A,346520,2030,2029,2048,1204,1,-0.004974568
Warm A,247421,1495,1494,2048,1204,0,0.0035849758
Warm A,218740,1325,1324,2048,1204,0,-0.0038387522
Warm A,216293,1312,1311,2048,1204,0,0.009630918
Warm A,214027,1299,1298,2048,1204,1,-0.008421039
Warm A,280239,1680,1679,2048,1204,1,0.0044290246
Warm A,293356,1746,1745,2048,1204,1,0.004730802
Warm A,328960,1941,1940,2048,1204,0,0.0013584306
Warm A,178507,1120,1119,2048,1204,1,0.0067996853
Warm A,173920,1100,1099,2048,1204,0,0.0025563452
Warm A,175890,1112,1111,2048,1204,1,0.0076137753
Warm A,168165,1068,1067,2048,1204,0,0.009589837
Warm A,165865,1057,1056,2048,1204,0,0.00199647
Warm A,156128,1004,1003,2048,1204,0,0.0036696268
Warm A,147233,948,947,2048,1204,1,2.0550564e-05
Warm A,277280,1675,1674,2048,1204,0,0.0053110104
Warm A,134745,869,868,2048,1204,1,0.003755883
Warm A,263821,1605,1604,2048,1204,0,0.0023662567
Warm A,124371,800,799,2048,1204,1,0.008055212
Warm A,121410,780,779,2048,1204,1,-0.001930278
Warm A,216550,1314,1313,2048,1204,0,0.0017459197
Warm A,272473,1645,1644,2048,1204,1,0.0064595267
Warm A,99386,662,661,2048,1204,1,0.013842868
Warm A,329699,1943,1942,2048,1204,1,0.017189369
Warm A,109529,714,713,2048,1204,1,0.0058412575
Warm A,235388,1425,1424,2048,1204,0,0.008324185
Warm A,162435,1034,1033,2048,1204,1,-0.00450553
Warm A,177347,1117,1116,2048,1204,1,0.000607552
Warm A,120687,777,776,2048,1204,0,0.005611252
Warm A,86313,563,562,2048,1204,0,0.0019360674
Warm A,85387,556,555,2048,1204,0,0.0022008424
Warm A,191688,1181,1180,2048,1204,0,0.00014887983
Warm A,83716,549,548,2048,1204,0,-0.0041927365
Warm A,80829,536,535,2048,1204,1,0.011254643
Warm A,42028,284,283,2048,1204,1,0.0045268214
Warm A,86922,566,565,2048,1204,0,0.0028096372
Warm A,15077,119,118,2048,1204,0,0.0003293727
Warm A,207262,1266,1265,2048,1204,1,0.0016638594
Warm A,79859,531,530,2048,1204,1,-0.004695307
Warm A,19705,148,147,2048,1204,1,-0.0056745517
Warm A,65674,438,437,2048,1204,0,0.007002279
Warm A,222819,1348,1347,2048,1204,1,0.00670377
Warm A,12197,92,91,2048,1204,0,0.0056329705
Warm A,102793,678,677,2048,1204,1,0.005866942
Warm A,376514,2195,2194,2048,1204,0,0.012021881
Warm A,172255,1088,1087,2048,1204,1,0.014820809
Warm A,344989,2023,2022,2048,1204,0,0.009532876
Warm A,734836,4387,4386,2048,1204,0,-0.003704575
Warm A,609811,3695,3694,2048,1204,1,0.0016429068
Warm A,371908,2172,2171,2048,1204,1,0.0038982457
Warm A,63593,424,423,2048,1204,1,0.00037782034
Warm A,849508,5100,5099,2048,1204,1,0.0035778068
Warm A,753609,4489,4488,2048,1204,0,0.0073920167
Warm A,825880,4958,4957,2048,1204,0,0.0065909093
Warm A,372388,2175,2174,2050,1205,0,0.00095916167
Warm A,436025,2665,2664,2050,1205,0,-0.008025416
Warm A,345946,2030,2029,2050,1205,0,-0.00892636
Warm A,231503,1404,1403,2050,1205,0,-0.007594115
Warm A,220756,1339,1338,2050,1205,0,-0.008199262
Warm A,223956,1356,1355,2050,1205,0,-0.0023957677
Warm A,278406,1680,1679,2050,1205,1,-0.0063154185
Warm A,269573,1635,1634,2050,1205,0,-0.005980013
Warm A,327377,1941,1940,2050,1205,0,-0.0059192097
Warm A,248581,1501,1500,2050,1205,1,0.0008044629
Warm A,271955,1645,1644,2050,1205,1,-0.0017777248
Warm A,331204,1958,1957,2050,1205,0,-0.004329907
Warm A,152649,983,982,2050,1205,1,-0.0018041178
Warm A,184693,1150,1149,2050,1205,0,-0.00893975
Warm A,156402,1010,1009,2050,1205,0,-0.009398395
Warm A,131559,853,852,2050,1205,1,-0.0045069624
Warm A,127168,822,821,2050,1205,0,-0.0014535184
Warm A,126411,817,816,2050,1205,1,-0.009856557
Warm A,123742,798,797,2050,1205,1,0.0019873776
Warm A,120905,780,779,2050,1205,0,-0.0027893889
Warm A,177779,1120,1119,2050,1205,0,0.0042202137
Warm A,351231,2063,2062,2050,1205,0,-0.012868769
Warm A,120190,777,776,2050,1205,0,-0.0030808286
Warm A,88176,582,581,2050,1205,0,-0.007385798
Warm A,85157,556,555,2050,1205,0,-0.00028743385
Warm A,82573,549,548,2050,1205,0,0.00024122535
Warm A,73022,494,493,2050,1205,1,0.0012208312
Warm A,70326,475,474,2050,1205,0,0.0009191823
Warm A,71661,482,481,2050,1205,0,0.0011843453
Warm A,25179,178,177,2050,1205,0,8.275267e-05
Warm A,6518,48,47,2050,1205,0,-0.00755433
Warm A,233765,1422,1421,2050,1205,0,-0.0025715763
Warm A,530175,3274,3273,2050,1205,0,-0.009163309
Warm A,354612,2077,2076,2050,1205,0,-0.00446014
Warm A,325954,1930,1929,2050,1205,0,-0.0065011717
Warm A,695647,4169,4168,2050,1205,0,-0.0075095906
Warm A,828460,4979,4978,2050,1205,0,-0.003844814
Warm A,101799,678,677,2050,1205,0,-0.00076441397
Warm A,632778,3824,3823,2050,1205,0,-0.013331629
Warm A,133908,869,868,2050,1205,0,-0.008525434
Warm A,699500,4186,4185,2050,1205,0,-0.006785199
Warm A,587576,3589,3588,2050,1205,0,-0.0030968003
Warm A,193342,1194,1193,2050,1205,0,-0.011176191
Warm A,515201,3182,3181,2050,1205,1,-0.005833365
Warm A,301122,1790,1789,2051,1206,0,0.008180821
Warm A,273421,1648,1647,2051,1206,0,0.006499131
Warm A,286167,1709,1708,2051,1206,1,0.001180371
Warm A,259215,1587,1586,2051,1206,0,0.012674715
Warm A,345947,2030,2029,2051,1206,0,0.0042907503
Warm A,229090,1389,1388,2051,1206,0,0.010457824
Warm A,269575,1635,1634,2051,1206,0,0.008480903
Warm A,219617,1333,1332,2051,1206,0,0.0141004445
Warm A,278408,1680,1679,2051,1206,1,0.006876326
Warm A,327379,1941,1940,2051,1206,0,0.016591357
Warm A,173417,1100,1099,2051,1206,0,-0.000721602
Warm A,248582,1501,1500,2051,1206,0,0.010711275
Warm A,167573,1068,1067,2051,1206,0,0.01407883
Warm A,271956,1645,1644,2051,1206,1,0.0025509926
Warm A,162104,1034,1033,2051,1206,0,0.008510978
Warm A,270659,1639,1638,2051,1206,0,0.012097883
Warm A,216685,1317,1316,2051,1206,0,0.011263816
Warm A,131560,853,852,2051,1206,1,0.0070059886
Warm A,120906,780,779,2051,1206,0,0.01288644
Warm A,177780,1120,1119,2051,1206,0,0.001016066
Warm A,96822,651,650,2051,1206,1,0.01244267
Warm A,351232,2063,2062,2051,1206,0,0.014064008
Warm A,304552,1812,1811,2051,1206,0,0.017002968
Warm A,233766,1422,1421,2051,1206,0,0.0039530797
Warm A,129830,840,839,2051,1206,1,0.012709939
Warm A,73023,494,493,2051,1206,1,0.0032475698
Warm A,71662,482,481,2051,1206,0,0.014185494
Warm A,41566,284,283,2051,1206,0,0.012816898
Warm A,31644,216,215,2051,1206,0,0.0054338276
Warm A,331205,1958,1957,2051,1206,0,0.013796604
Warm A,238460,1448,1447,2051,1206,0,0.007249103
Warm A,95258,639,638,2051,1206,0,0.017560812
Warm A,354613,2077,2076,2051,1206,0,0.0071253497
Warm A,892726,5394,5393,2051,1206,0,0.0065885712
Warm A,828461,4979,4978,2051,1206,0,0.015910123
Warm A,272540,1647,1646,2051,1206,0,0.016924918
Warm A,101800,678,677,2051,1206,0,0.015455531
Warm A,632779,3824,3823,2051,1206,0,0.009945
Warm A,958711,5787,5786,2051,1206,0,0.0027303507
Warm A,311178,1854,1853,2051,1206,0,0.0018172103
Warm A,193343,1194,1193,2051,1206,0,0.014724993
Warm A,562001,3458,3457,2052,1207,1,0.0066801715
Warm A,573348,3512,3511,2052,1207,0,0.015683487
Warm A,550789,3392,3391,2052,1207,0,0.0042643105
Warm A,549581,3391,3390,2052,1207,0,0.006966387
Warm A,547468,3378,3377,2052,1207,0,0.0115865
Warm A,540895,3328,3327,2052,1207,0,0.0058581233
Warm A,535674,3308,3307,2052,1207,1,0.018243257
Warm A,532857,3292,3291,2052,1207,1,0.01355908
Warm A,529322,3272,3271,2052,1207,1,0.0182902
Warm A,561402,3454,3453,2052,1207,0,0.009520019
Warm A,505774,3111,3110,2052,1207,0,0.00517979
Warm A,500561,3075,3074,2052,1207,0,0.010444185
Warm A,497511,3055,3054,2052,1207,1,0.009925199
Warm A,493669,3032,3031,2052,1207,1,0.0140231
Warm A,658982,3971,3970,2052,1207,0,0.014337396
Warm A,491881,3026,3025,2052,1207,0,0.002934528
Warm A,489071,3012,3011,2052,1207,0,0.02154601
Warm A,487517,2999,2998,2052,1207,0,0.0034567802
Warm A,517750,3196,3195,2052,1207,0,0.007746185
Warm A,477767,2934,2933,2052,1207,1,0.010949294
Warm A,472178,2907,2906,2052,1207,1,0.013406786
Warm A,869889,5256,5255,2052,1207,0,0.017088942
Warm A,467875,2885,2884,2052,1207,0,0.010642849
Warm A,466506,2878,2877,2052,1207,1,0.013929177
Warm A,492377,3029,3028,2052,1207,0,0.012300173
Warm A,447724,2761,2760,2052,1207,0,0.013326345
Warm A,420353,2541,2540,2052,1207,1,0.004338467
Warm A,419513,2537,2536,2052,1207,0,0.013169417
Warm A,419217,2533,2532,2052,1207,1,0.0031515113
Warm A,418327,2529,2528,2052,1207,1,0.014517681
Warm A,385631,2255,2254,2052,1207,0,0.007835722
Warm A,382193,2233,2232,2052,1207,0,0.008173182
Warm A,375396,2188,2187,2052,1207,0,0.008758766
Warm A,377017,2203,2202,2052,1207,1,0.010049847
Warm A,373677,2181,2180,2052,1207,0,0.016743507
Warm A,366522,2136,2135,2052,1207,1,0.0062100203
Warm A,362593,2116,2115,2052,1207,1,0.010074925
Warm A,355842,2085,2084,2052,1207,0,0.015833221
Warm A,361302,2109,2108,2052,1207,1,0.015885431
Warm A,347166,2038,2037,2052,1207,0,0.00064864894
Warm A,341316,2012,2011,2052,1207,0,0.009275217
Warm A,339758,2003,2002,2052,1207,0,0.0045086644
Warm A,340334,2010,2009,2052,1207,0,0.00831425
Warm A,333634,1969,1968,2052,1207,1,0.010512029
Warm A,294621,1750,1749,2052,1207,0,0.00477736
Warm A,299371,1778,1777,2052,1207,0,0.016091311
Warm A,287337,1716,1715,2052,1207,0,0.0061189663
Warm A,280633,1685,1684,2052,1207,0,0.00816888
Warm A,360349,2106,2105,2052,1207,0,0.0022822735
Warm A,247242,1495,1494,2052,1207,0,0.0055419607
Warm A,335308,1980,1979,2052,1207,0,0.024163084
Warm A,277286,1676,1675,2052,1207,0,0.010701934
Warm A,213183,1298,1297,2052,1207,1,0.016742151
Warm A,278411,1680,1679,2052,1207,1,0.017862998
Warm A,236265,1434,1433,2052,1207,1,0.0015397738
Warm A,209289,1279,1278,2052,1207,0,0.007998276
Warm A,327382,1941,1940,2052,1207,1,0.013436044
Warm A,177781,1120,1119,2052,1207,1,0.019977983
Warm A,173418,1100,1099,2052,1207,0,0.0004951474
Warm A,172758,1096,1095,2052,1207,0,0.006306384
Warm A,163579,1050,1049,2052,1207,0,0.022079024
Warm A,271958,1645,1644,2052,1207,1,0.010819598
Warm A,189203,1173,1172,2052,1207,0,0.011694173
Warm A,227507,1380,1379,2052,1207,0,0.016984116
Warm A,167575,1068,1067,2052,1207,0,0.013658207
Warm A,149311,961,960,2052,1207,0,0.009700671
Warm A,146727,948,947,2052,1207,1,0.011083457
Warm A,137573,889,888,2052,1207,0,0.022642719
Warm A,127169,822,821,2052,1207,1,0.015118549
Warm A,126412,817,816,2052,1207,0,0.0036620663
Warm A,124108,800,799,2052,1207,1,0.014682172
Warm A,116751,753,752,2052,1207,1,0.0071400926
Warm A,120192,777,776,2052,1207,0,0.012481477
Warm A,112166,731,730,2052,1207,1,0.019246247
Warm A,105761,699,698,2052,1207,0,0.0037423433
Warm A,109111,714,713,2052,1207,1,0.011417216
Warm A,96302,647,646,2052,1207,0,0.0049274145
Warm A,94436,634,633,2052,1207,0,-0.00091103755
Warm A,93694,629,628,2052,1207,0,0.005662394
Warm A,234618,1425,1424,2052,1207,1,0.018712271
Warm A,85158,556,555,2052,1207,0,0.009638037
Warm A,83726,550,549,2052,1207,0,0.020081423
Warm A,118910,770,769,2052,1207,0,0.012238231
Warm A,73024,494,493,2052,1207,1,0.003945122
Warm A,79913,533,532,2052,1207,0,0.022642642
Warm A,87022,569,568,2052,1207,0,0.011367887
Warm A,59292,403,402,2052,1207,0,0.012058729
Warm A,227869,1383,1382,2052,1207,0,0.015292836
Warm A,53321,352,351,2052,1207,0,0.014160922
Warm A,132178,855,854,2052,1207,0,0.016042516
Warm A,110489,721,720,2052,1207,0,0.016374128
Warm A,46342,310,309,2052,1207,1,0.014228077
Warm A,44112,302,301,2052,1207,0,0.008023669
Warm A,36095,245,244,2052,1207,0,0.014660809
Warm A,31645,216,215,2052,1207,0,0.008096203
Warm A,336790,1983,1982,2052,1207,1,0.022057839
Warm A,32790,223,222,2052,1207,0,0.01583901
Warm A,14974,119,118,2052,1207,0,0.008084951
Warm A,10414,75,74,2052,1207,1,0.005867551
Warm A,49026,329,328,2052,1207,0,0.014410441
Warm A,6164,45,44,2052,1207,0,0.014560887
Warm A,1949,18,17,2052,1207,0,0.010503191
Warm A,142116,918,917,2052,1207,1,0.014628185
Warm A,233767,1422,1421,2052,1207,0,0.010728443
Warm A,73770,500,499,2052,1207,1,-0.0013526394
Warm A,157590,1015,1014,2052,1207,0,0.026973471
Warm A,39839,271,270,2052,1207,1,0.013184028
Warm A,385909,2258,2257,2052,1207,1,0.00905796
Warm A,859971,5172,5171,2052,1207,1,0.012094079
Warm A,101803,678,677,2052,1207,1,0.012801076
Warm A,312121,1861,1860,2052,1207,0,0.015514525
Warm A,78999,531,530,2052,1207,0,0.013992665
Warm A,598961,3648,3647,2052,1207,0,0.016397618
Warm A,907530,5492,5491,2052,1207,0,0.012337612
Warm A,562318,3462,3461,2052,1207,0,0.00827793
Warm A,62385,424,423,2052,1207,0,0.01817402
Warm A,171091,1088,1087,2052,1207,0,0.021635879
Warm A,354615,2077,2076,2052,1207,0,0.0068639508
Warm A,966438,5831,5830,2052,1207,0,0.02822181
Warm A,661763,3992,3991,2052,1207,0,0.007840419
Warm A,785730,4697,4696,2052,1207,1,0.010631327
Warm A,682066,4085,4084,2052,1207,1,0.01262141
Warm A,974166,5878,5877,2052,1207,0,0.014961016
Warm A,215956,1311,1310,2057,1210,0,0.008838012
Warm A,277291,1676,1675,2057,1210,1,0.01213994
Warm A,304562,1812,1811,2057,1210,0,0.012817273
Warm A,327396,1941,1940,2057,1210,1,0.012664335
Warm A,248587,1501,1500,2057,1210,1,0.011714384
Warm A,190197,1181,1180,2057,1210,0,0.019500209
Warm A,162111,1034,1033,2057,1210,1,0.010411793
Warm A,342068,2015,2014,2057,1210,0,0.006866324
Warm A,150885,971,970,2057,1210,1,0.0056933495
Warm A,324233,1922,1921,2057,1210,1,0.002041139
Warm A,712590,4277,4276,2057,1210,1,0.006999041
Warm A,262868,1605,1604,2057,1210,0,8.911372e-05
Warm A,130411,846,845,2057,1210,1,-0.00026294426
Warm A,177791,1120,1119,2057,1210,0,0.014210271
Warm A,94774,637,636,2057,1210,1,0.006790297
Warm A,93697,629,628,2057,1210,1,-0.007204992
Warm A,85160,556,555,2057,1210,0,-0.0017988542
Warm A,73214,495,494,2057,1210,0,-0.0014025425
Warm A,54888,360,359,2057,1210,1,0.00092491205
Warm A,39717,270,269,2057,1210,1,0.00077498844
Warm A,10417,75,74,2057,1210,1,0.016123641
Warm A,8274,58,57,2057,1210,1,0.008596623
Warm A,233778,1422,1421,2057,1210,0,0.012833375
Warm A,95267,639,638,2057,1210,0,0.007698058
Warm A,385913,2258,2257,2057,1210,0,0.0050582415
Warm A,141101,910,909,2057,1210,0,0.0035396505
Warm A,632795,3824,3823,2057,1210,1,0.004906872
Warm A,829900,4983,4982,2057,1210,1,0.0021983609
Warm A,892731,5394,5393,2057,1210,0,0.015312208
Warm A,546612,3371,3370,2057,1210,0,0.005410822
Warm A,658985,3971,3970,2057,1210,1,0.011447361
Warm A,568886,3491,3490,2060,1213,0,0.0127977505
Warm A,562924,3464,3463,2060,1213,0,0.006901676
Warm A,555586,3416,3415,2060,1213,0,0.010224479
Warm A,536737,3311,3310,2060,1213,1,0.0039224294
Warm A,530746,3280,3279,2060,1213,0,0.011191554
Warm A,524772,3240,3239,2060,1213,0,0.0005187816
Warm A,514700,3180,3179,2060,1213,0,-0.010448674
Warm A,512481,3163,3162,2060,1213,1,0.0057503376
Warm A,505780,3111,3110,2060,1213,1,0.00519412
Warm A,493176,3031,3030,2060,1213,1,0.0040771263
Warm A,496329,3051,3050,2060,1213,0,0.0013767288
Warm A,489863,3014,3013,2060,1213,0,0.004714248
Warm A,517761,3196,3195,2060,1213,1,0.008707067
Warm A,470817,2899,2898,2060,1213,0,0.0032650437
Warm A,564077,3471,3470,2060,1213,0,0.013405355
Warm A,486839,2996,2995,2060,1213,0,-9.301049e-05
Warm A,450473,2777,2776,2060,1213,0,0.006514281
Warm A,429957,2621,2620,2060,1213,1,-0.0032491079
Warm A,404323,2419,2418,2060,1213,0,-0.0010244874
Warm A,436051,2665,2664,2060,1213,0,0.004967896
Warm A,393929,2321,2320,2060,1213,1,-0.0022640438
Warm A,370405,2166,2165,2060,1213,1,0.01354676
Warm A,382425,2235,2234,2060,1213,1,0.0033028005
Warm A,367812,2148,2147,2060,1213,1,-0.009669821
Warm A,367176,2143,2142,2060,1213,0,0.0061350586
Warm A,355855,2085,2084,2060,1213,1,0.011189013
Warm A,351261,2063,2062,2060,1213,0,0.0054836515
Warm A,348827,2047,2046,2060,1213,0,-0.0009812335
Warm A,340355,2010,2009,2060,1213,0,0.010919753
Warm A,290845,1736,1735,2060,1213,0,0.00020680064
Warm A,301134,1790,1789,2060,1213,1,0.002970874
Warm A,285729,1704,1703,2060,1213,1,0.0053072073
Warm A,297242,1764,1763,2060,1213,1,0.002149037
Warm A,281099,1687,1686,2060,1213,0,0.009731472
Warm A,282478,1694,1693,2060,1213,0,0.00021058694
Warm A,265439,1613,1612,2060,1213,0,0.0065805977
Warm A,309200,1841,1840,2060,1213,0,0.0038032315
Warm A,247445,1496,1495,2060,1213,0,0.0033897846
Warm A,223975,1356,1355,2060,1213,0,0.0004737035
Warm A,226909,1377,1376,2060,1213,0,0.012003016
Warm A,262059,1600,1599,2060,1213,0,0.0005967892
Warm A,296703,1759,1758,2060,1213,1,0.02105844
Warm A,214034,1300,1299,2060,1213,1,0.0046669566
Warm A,209702,1281,1280,2060,1213,0,0.0068972567
Warm A,277315,1676,1675,2060,1213,0,0.0008219988
Warm A,204860,1261,1260,2060,1213,1,0.007203958
Warm A,261516,1599,1598,2060,1213,0,0.0032169514
Warm A,278454,1680,1679,2060,1213,1,0.012461453
Warm A,182985,1141,1140,2060,1213,0,8.350471e-05
Warm A,178960,1124,1123,2060,1213,0,0.009064449
Warm A,243627,1470,1469,2060,1213,0,0.013490035
Warm A,173431,1100,1099,2060,1213,0,-0.0017843952
Warm A,163598,1050,1049,2060,1213,0,0.0031822782
Warm A,271968,1645,1644,2060,1213,1,0.0023187078
Warm A,155668,1004,1003,2060,1213,1,0.0055257855
Warm A,146203,940,939,2060,1213,1,-0.0031070642
Warm A,135350,877,876,2060,1213,0,0.007579383
Warm A,127989,828,827,2060,1213,0,0.009169543
Warm A,118935,770,769,2060,1213,1,-0.0061138924
Warm A,117304,757,756,2060,1213,0,0.0023926022
Warm A,113903,739,738,2060,1213,0,0.0129896905
Warm A,110231,719,718,2060,1213,0,0.0031263991
Warm A,107588,710,709,2060,1213,0,0.0072696414
Warm A,470268,2896,2895,2060,1213,0,0.0010117264
Warm A,101219,676,675,2060,1213,0,-0.00038145576
Warm A,176625,1117,1116,2060,1213,0,0.007619028
Warm A,329052,1943,1942,2060,1213,0,0.018634794
Warm A,92483,620,619,2060,1213,0,-0.0020401832
Warm A,264859,1611,1610,2060,1213,0,0.0046304613
Warm A,91557,608,607,2060,1213,0,0.0060568084
Warm A,283753,1698,1697,2060,1213,0,0.00407281
Warm A,291059,1737,1736,2060,1213,1,0.00978961
Warm A,82608,549,548,2060,1213,1,0.0029322337
Warm A,75224,510,509,2060,1213,1,0.0074584824
Warm A,74522,509,508,2060,1213,1,0.0005241779
Warm A,81387,543,542,2060,1213,1,0.00017027743
Warm A,67284,453,452,2060,1213,0,0.004809731
Warm A,65098,438,437,2060,1213,1,0.0081476215
Warm A,59019,402,401,2060,1213,0,0.014154455
Warm A,53355,352,351,2060,1213,0,0.009072745
Warm A,45295,306,305,2060,1213,1,0.0044392133
Warm A,44138,302,301,2060,1213,1,0.005269786
Warm A,41583,284,283,2060,1213,1,0.008176234
Warm A,43769,301,300,2060,1213,0,0.004842181
Warm A,695676,4169,4168,2060,1213,0,0.0053714877
Warm A,36126,245,244,2060,1213,0,0.0082219485
Warm A,31674,216,215,2060,1213,0,0.0011569362
Warm A,31446,214,213,2060,1213,1,0.0039011696
Warm A,26929,192,191,2060,1213,0,0.008281398
Warm A,26877,191,190,2060,1213,0,0.012501974
Warm A,54291,355,354,2060,1213,1,0.0081803575
Warm A,269603,1635,1634,2060,1213,1,0.009839511
Warm A,457554,2820,2819,2060,1213,0,0.00625591
Warm A,65862,442,441,2060,1213,0,0.00434213
Warm A,157620,1015,1014,2060,1213,1,0.008550985
Warm A,584960,3571,3570,2060,1213,1,0.008614459
Warm A,237501,1447,1446,2060,1213,0,0.012658131
Warm A,342091,2015,2014,2060,1213,0,-0.003691487
Warm A,362623,2116,2115,2060,1213,0,0.00370532
Warm A,682091,4085,4084,2060,1213,1,0.010975907
Warm A,73264,496,495,2060,1213,0,0.007340924
Warm A,317442,1889,1888,2060,1213,0,0.007072025
Warm A,537659,3312,3311,2060,1213,0,0.010137146
Warm A,11510,90,89,2060,1213,0,-0.004466075
Warm A,159693,1019,1018,2060,1213,0,0.010873679
Warm A,712608,4277,4276,2060,1213,1,0.0139182955
Warm A,907542,5492,5491,2060,1213,0,0.005625434
Warm A,562338,3462,3461,2060,1213,0,-0.0038729098
Warm A,133935,869,868,2060,1213,1,0.00817856
Warm A,810955,4867,4866,2060,1213,1,0.004797375
Warm A,71686,482,481,2060,1213,1,0.007071358
Warm A,982986,5938,5937,2060,1213,0,-0.001094895
Warm A,23428,169,168,2060,1213,0,0.012211863
Warm A,206211,1265,1264,2060,1213,0,-0.0027591698
Warm A,581172,3550,3549,2060,1213,0,0.0076841596
Warm A,371474,2172,2171,2060,1213,0,0.00042410614
Warm A,375411,2188,2187,2060,1213,0,0.003237079
Warm A,233574,1421,1420,2060,1213,1,-0.0027341293
Warm A,790253,4728,4727,2060,1213,0,0.0106903
Warm A,461345,2847,2846,2060,1213,0,0.005223579
Warm A,214574,1303,1302,2060,1213,0,0.013955048
Warm A,549615,3391,3390,2060,1213,1,0.0062574856
Warm A,52892,349,348,2060,1213,0,-0.0033211873
Warm A,335341,1980,1979,2062,1214,0,0.016628344
Warm A,882751,5333,5332,2062,1214,0,-0.003603722
Warm A,917192,5543,5542,2062,1214,1,0.0032999113
Warm A,995897,6016,6015,2062,1214,0,0.0012863704
Warm A,499046,3067,3066,2062,1214,1,0.005032527
Warm A,187441,1164,1163,2062,1214,0,0.0071452726
Warm A,831855,5001,5000,2062,1214,0,0.005238471
Warm A,178521,1121,1120,2062,1214,1,0.011527627
Warm A,171131,1088,1087,2062,1214,0,0.009125299
Warm A,33843,229,228,2062,1214,0,-0.0014987421
Warm A,364054,2121,2120,2066,1217,1,-0.0016383727
Warm A,347184,2038,2037,2066,1217,1,0.007010133
Warm A,345973,2030,2029,2066,1217,1,0.0010883147
Warm A,342008,2014,2013,2066,1217,1,-0.00011872698
Warm A,339602,2002,2001,2066,1217,1,0.008994412
Warm A,325131,1926,1925,2066,1217,1,0.0038520899
Warm A,302603,1797,1796,2066,1217,1,-0.0033925609
Warm A,285859,1706,1705,2066,1217,1,0.010095898
Warm A,256497,1567,1566,2066,1217,1,0.014536614
Warm A,303203,1802,1801,2066,1217,0,0.00281165
Warm A,227418,1378,1377,2066,1217,1,-0.002435262
Warm A,253235,1540,1539,2066,1217,0,0.0074781785
Warm A,212609,1295,1294,2066,1217,0,0.007417872
Warm A,208165,1273,1272,2066,1217,1,0.0033879713
Warm A,206578,1266,1265,2066,1217,1,0.011216532
Warm A,204247,1258,1257,2066,1217,1,0.0024280786
Warm A,192939,1191,1190,2066,1217,1,0.005066324
Warm A,180082,1128,1127,2066,1217,1,0.0017176953
Warm A,190240,1181,1180,2066,1217,1,0.009469323
Warm A,165087,1053,1052,2066,1217,1,-0.0008918161
Warm A,162123,1034,1033,2066,1217,1,0.002587987
Warm A,161074,1026,1025,2066,1217,1,0.0010412965
Warm A,159703,1019,1018,2066,1217,0,0.0043541137
Warm A,157632,1015,1014,2066,1217,1,0.008873447
Warm A,153841,989,988,2066,1217,1,-0.0016389708
Warm A,144449,931,930,2066,1217,0,0.0006653776
Warm A,137625,889,888,2066,1217,1,-2.686202e-05
Warm A,128111,829,828,2066,1217,1,-0.004467958
Warm A,235407,1426,1425,2066,1217,0,0.0031461865
Warm A,113659,737,736,2066,1217,1,0.0029082277
Warm A,775923,4634,4633,2066,1217,1,-0.0047232225
Warm A,70595,476,475,2066,1217,1,0.002479381
Warm A,74001,504,503,2066,1217,1,-0.0002972223
Warm A,45104,304,303,2066,1217,1,-0.010746595
Warm A,430857,2627,2626,2066,1217,1,0.0095879175
Warm A,481551,2962,2961,2066,1217,0,-0.0029967076
Warm A,13906,112,111,2066,1217,1,0.0010633834
Warm A,591642,3610,3609,2066,1217,0,0.003439569
Warm A,24131,173,172,2066,1217,0,-0.0026716897
Warm A,3781,27,26,2066,1217,1,-0.009410393
Warm A,192625,1186,1185,2066,1217,1,0.0056545315
Warm A,888452,5367,5366,2066,1217,1,-0.0047593266
Warm A,821498,4940,4939,2066,1217,0,0.003784417
Warm A,293498,1748,1747,2066,1217,1,-0.008812105
Warm A,225939,1369,1368,2066,1217,1,0.0074477084
Warm A,18500,146,145,2066,1217,0,0.005013359
Warm A,442559,2726,2725,2068,1219,0,0.012806652
Warm A,437860,2676,2675,2068,1219,1,0.012714583
Warm A,437694,2674,2673,2068,1219,1,0.0038910534
Warm A,393206,2310,2309,2068,1219,1,0.021172553
Warm A,389793,2288,2287,2068,1219,1,0.007707965
Warm A,382678,2237,2236,2068,1219,0,0.016098917
Warm A,381456,2231,2230,2068,1219,1,0.01879888
Warm A,377602,2205,2204,2068,1219,1,0.016282333
Warm A,371929,2173,2172,2068,1219,0,0.0138845565
Warm A,371241,2170,2169,2068,1219,0,0.010841785
Warm A,359170,2102,2101,2068,1219,0,0.016253313
Warm A,343436,2018,2017,2068,1219,1,0.012527512
Warm A,318585,1894,1893,2068,1219,1,-0.0002042721
Warm A,312724,1864,1863,2068,1219,1,0.0030875898
Warm A,323002,1916,1915,2068,1219,1,0.017201975
Warm A,298277,1768,1767,2068,1219,1,0.014096133
Warm A,280648,1685,1684,2068,1219,1,0.00966133
Warm A,268693,1632,1631,2068,1219,0,0.03160075
Warm A,235981,1429,1428,2068,1219,0,0.004012341
Warm A,631268,3821,3820,2068,1219,1,0.012535905
Warm A,325135,1926,1925,2068,1219,1,0.016945202
Warm A,275963,1671,1670,2068,1219,1,0.027177766
Warm A,211957,1291,1290,2068,1219,0,0.019911084
Warm A,207269,1267,1266,2068,1219,0,0.0010323592
Warm A,199793,1227,1226,2068,1219,1,0.015069318
Warm A,294087,1749,1748,2068,1219,0,0.01610103
Warm A,278468,1680,1679,2068,1219,0,0.023974514
Warm A,210466,1285,1284,2068,1219,1,0.024363179
Warm A,180083,1128,1127,2068,1219,1,0.014899066
Warm A,345977,2030,2029,2068,1219,1,0.017331986
Warm A,163059,1041,1040,2068,1219,1,0.008444713
Warm A,246117,1489,1488,2068,1219,1,0.014393632
Warm A,384594,2247,2246,2068,1219,1,0.008428748
Warm A,184741,1150,1149,2068,1219,0,0.023695461
Warm A,137630,889,888,2068,1219,1,0.026568186
Warm A,130921,850,849,2068,1219,1,0.015820278
Warm A,252140,1527,1526,2068,1219,0,0.012924026
Warm A,239548,1449,1448,2068,1219,1,0.025864521
Warm A,94514,635,634,2068,1219,1,0.0151608605
Warm A,151148,973,972,2068,1219,0,0.022687756
Warm A,283764,1698,1697,2068,1219,1,0.023266979
Warm A,85460,558,557,2068,1219,0,0.007327522
Warm A,190245,1181,1180,2068,1219,0,0.031097706
Warm A,84698,551,550,2068,1219,1,0.016416315
Warm A,83765,550,549,2068,1219,1,0.016923387
Warm A,66760,447,446,2068,1219,1,0.0090172645
Warm A,67669,454,453,2068,1219,1,0.025448466
Warm A,66939,451,450,2068,1219,1,0.010343924
Warm A,712615,4277,4276,2068,1219,1,0.02859657
Warm A,34058,230,229,2068,1219,1,0.010030439
Warm A,34529,235,234,2068,1219,1,0.021912824
Warm A,21877,161,160,2068,1219,1,0.012002219
Warm A,60434,411,410,2068,1219,0,0.02035716
Warm A,76251,518,517,2068,1219,1,0.011620894
Warm A,534911,3301,3300,2068,1219,1,0.009518234
Warm A,284694,1699,1698,2068,1219,1,0.026899535
Warm A,249720,1505,1504,2068,1219,1,0.020456199
Warm A,999871,6040,6039,2068,1219,1,0.011372929
Warm A,916541,5539,5538,2068,1219,1,0.02730477
Warm A,460514,2841,2840,2068,1219,0,0.017314617
Warm A,840953,5054,5053,2068,1219,0,0.013295446
Warm A,208515,1274,1273,2068,1219,1,0.009774493
Warm A,319069,1897,1896,2068,1219,1,0.023535118
Warm A,546629,3371,3370,2068,1219,1,0.025802588
Warm A,420693,2544,2543,2068,1219,0,0.015272057
Warm A,62431,424,423,2068,1219,1,0.028282255
Warm A,321975,1912,1911,2068,1219,0,0.020089531
Warm A,983900,5948,5947,2068,1219,1,0.020015737
Warm A,614094,3720,3719,2069,1220,1,0.005702744
Warm A,610776,3705,3704,2069,1220,0,0.018479723
Warm A,602236,3664,3663,2069,1220,1,0.002695841
Warm A,632827,3824,3823,2069,1220,0,0.0034432143
Warm A,587154,3586,3585,2069,1220,0,0.0026678313
Warm A,586890,3585,3584,2069,1220,1,0.0089828
Warm A,580754,3547,3546,2069,1220,1,0.006026948
Warm A,578072,3531,3530,2069,1220,1,0.004041762
Warm A,583137,3562,3561,2069,1220,0,-0.0030828356
Warm A,593245,3618,3617,2069,1220,0,0.006890255
Warm A,565927,3476,3475,2069,1220,1,0.0032171186
Warm A,560423,3445,3444,2069,1220,0,0.0054430403
Warm A,549383,3390,3389,2069,1220,1,0.0015612014
Warm A,712616,4277,4276,2069,1220,1,0.00866126
Warm A,539517,3319,3318,2069,1220,0,0.008008023
Warm A,541920,3336,3335,2069,1220,0,0.001296065
Warm A,532888,3292,3291,2069,1220,0,0.0030109044
Warm A,526584,3259,3258,2069,1220,0,0.010035838
Warm A,516196,3188,3187,2069,1220,1,0.00064865034
Warm A,509684,3140,3139,2069,1220,0,-0.0007234545
Warm A,695686,4169,4168,2069,1220,1,0.008204797
Warm A,474561,2913,2912,2069,1220,1,0.008923823
Warm A,455692,2807,2806,2069,1220,1,-0.008497346
Warm A,437862,2676,2675,2069,1220,1,0.0022123335
Warm A,437324,2670,2669,2069,1220,1,0.0031171334
Warm A,423042,2565,2564,2069,1220,1,0.0043588397
Warm A,419186,2532,2531,2069,1220,1,0.005067077
Warm A,416251,2507,2506,2069,1220,1,0.019639067
Warm A,463962,2860,2859,2069,1220,1,0.0031588639
Warm A,398161,2368,2367,2069,1220,1,0.0035490515
Warm A,371242,2170,2169,2069,1220,1,0.0034579579
Warm A,366875,2140,2139,2069,1220,0,0.010568784
Warm A,339604,2002,2001,2069,1220,1,0.001181482
Warm A,342978,2016,2015,2069,1220,1,-0.004191126
Warm A,335351,1980,1979,2069,1220,1,-0.0022110844
Warm A,320482,1900,1899,2069,1220,1,0.0006742233
Warm A,318586,1894,1893,2069,1220,1,-0.0054964097
Warm A,323004,1916,1915,2069,1220,0,0.0011140639
Warm A,298278,1768,1767,2069,1220,0,-0.0041889483
Warm A,280397,1683,1682,2069,1220,0,0.005885549
Warm A,280650,1685,1684,2069,1220,1,0.0057599247
Warm A,292049,1741,1740,2069,1220,0,0.0033463524
Warm A,268695,1632,1631,2069,1220,0,0.0109524885
Warm A,259963,1591,1590,2069,1220,1,0.0132827815
Warm A,250032,1506,1505,2069,1220,0,0.002929242
Warm A,306307,1825,1824,2069,1220,1,0.0016356444
Warm A,278471,1680,1679,2069,1220,0,0.0035614667
Warm A,326627,1937,1936,2069,1220,0,0.013941437
Warm A,373713,2181,2180,2069,1220,1,0.009765979
Warm A,254972,1552,1551,2069,1220,1,-0.0015265514
Warm A,337869,1988,1987,2069,1220,0,0.006850845
Warm A,144699,934,933,2069,1220,1,0.011239896
Warm A,142276,919,918,2069,1220,1,0.0034023994
Warm A,130923,850,849,2069,1220,1,-0.0014385578
Warm A,210468,1285,1284,2069,1220,1,0.0089220945
Warm A,115766,752,751,2069,1220,0,0.005730175
Warm A,100417,670,669,2069,1220,0,0.003627779
Warm A,179364,1125,1124,2069,1220,0,0.014800729
Warm A,94786,637,636,2069,1220,1,0.010590299
Warm A,190248,1181,1180,2069,1220,0,0.0017174615
Warm A,537667,3312,3311,2069,1220,1,0.005257625
Warm A,34939,236,235,2069,1220,0,0.0008612992
Warm A,269614,1635,1634,2069,1220,0,0.018726058
Warm A,238493,1448,1447,2069,1220,1,0.0070583043
Warm A,9050,62,61,2069,1220,1,0.0028526431
Warm A,357149,2092,2091,2069,1220,1,-0.001050184
Warm A,60437,411,410,2069,1220,0,-0.0019811834
Warm A,55176,366,365,2069,1220,0,-0.0061840643
Warm A,157637,1015,1014,2069,1220,1,-3.468746e-05
Warm A,484273,2980,2979,2069,1220,1,-0.0016644122
Warm A,101838,678,677,2069,1220,0,0.0013817172
Warm A,859983,5172,5171,2069,1220,1,0.0078194635
Warm A,50523,333,332,2069,1220,1,0.011465294
Warm A,319070,1897,1896,2069,1220,1,0.009017353
Warm A,275964,1671,1670,2069,1220,1,0.004684072
Warm A,821500,4940,4939,2069,1220,0,-0.0006599068
Warm A,479696,2944,2943,2069,1220,1,0.002792432
Warm A,304583,1812,1811,2069,1220,0,0.0054999087
Warm A,554987,3413,3412,2069,1220,1,-0.0023660215
Warm A,240878,1451,1450,2069,1220,1,0.009866545
Warm A,593261,3618,3617,2071,1222,1,-0.00817212
Warm A,562011,3458,3457,2071,1222,1,-0.004383408
Warm A,563538,3469,3468,2071,1222,1,-0.000117238145
Warm A,557507,3425,3424,2071,1222,1,0.006236273
Warm A,551741,3400,3399,2071,1222,1,-0.0007031264
Warm A,541772,3334,3333,2071,1222,1,-0.009384058
Warm A,540910,3328,3327,2071,1222,1,0.005301261
Warm A,535494,3305,3304,2071,1222,1,-0.0058770026
Warm A,525529,3246,3245,2071,1222,1,0.0009193581
Warm A,530760,3280,3279,2071,1222,1,-4.2401836e-05
Warm A,512506,3163,3162,2071,1222,1,0.00068316003
Warm A,558376,3430,3429,2071,1222,1,0.0010907808
Warm A,738002,4411,4410,2071,1222,1,-0.00031140877
Warm A,502659,3086,3085,2071,1222,1,0.0056164125
Warm A,502353,3083,3082,2071,1222,1,-0.0017630914
Warm A,499072,3067,3066,2071,1222,1,0.0010744963
Warm A,487775,3001,3000,2071,1222,1,0.00068278797
Warm A,484754,2986,2985,2071,1222,0,-0.0016299584
Warm A,467714,2883,2882,2071,1222,0,0.0027555083
Warm A,462983,2857,2856,2071,1222,1,-0.010840083
Warm A,462431,2854,2853,2071,1222,1,0.0025388538
Warm A,465914,2873,2872,2071,1222,0,-0.00024013966
Warm A,492424,3029,3028,2071,1222,1,-0.008783718
Warm A,440270,2692,2691,2071,1222,1,-0.003266448
Warm A,433069,2641,2640,2071,1222,1,-0.0034288503
Warm A,428989,2611,2610,2071,1222,1,-0.003070928
Warm A,463971,2860,2859,2071,1222,1,-0.003298035
Warm A,403407,2410,2409,2071,1222,0,-0.00020330632
Warm A,401853,2398,2397,2071,1222,1,-0.00068127736
Warm A,393696,2318,2317,2071,1222,1,-0.0046695517
Warm A,387448,2265,2264,2071,1222,1,-0.0019969833
Warm A,655925,3952,3951,2071,1222,1,0.005004029
Warm A,381215,2230,2229,2071,1222,1,0.00016391743
Warm A,382683,2237,2236,2071,1222,1,-0.009043176
Warm A,379432,2219,2218,2071,1222,0,0.0017304244
Warm A,375269,2187,2186,2071,1222,1,-0.0025038847
Warm A,372952,2178,2177,2071,1222,1,-0.00426414
Warm A,382427,2235,2234,2071,1222,0,0.0041756686
Warm A,369146,2158,2157,2071,1222,1,0.0017730026
Warm A,364245,2122,2121,2071,1222,0,-0.0053508915
Warm A,398576,2372,2371,2071,1222,1,-0.007334841
Warm A,335369,1980,1979,2071,1222,1,-0.0012295805
Warm A,306871,1832,1831,2071,1222,1,-0.0009853505
Warm A,293365,1747,1746,2071,1222,1,-0.00065770326
Warm A,304206,1807,1806,2071,1222,1,-0.0053021675
Warm A,332446,1962,1961,2071,1222,1,-0.009111492
Warm A,249414,1503,1502,2071,1222,0,-0.007456433
Warm A,325148,1926,1925,2071,1222,1,-0.0029442625
Warm A,222822,1349,1348,2071,1222,0,0.0070834905
Warm A,212725,1297,1296,2071,1222,0,0.006547387
Warm A,296281,1758,1757,2071,1222,1,-0.0041414206
Warm A,203941,1255,1254,2071,1222,0,-0.0011153766
Warm A,205537,1264,1263,2071,1222,0,0.0018254032
Warm A,200963,1239,1238,2071,1222,1,0.00038667303
Warm A,278493,1680,1679,2071,1222,0,-0.0062201265
Warm A,226806,1376,1375,2071,1222,1,0.0008051761
Warm A,262914,1605,1604,2071,1222,1,-0.005883079
Warm A,327467,1941,1940,2071,1222,0,0.005585299
Warm A,163612,1050,1049,2071,1222,0,-0.00435735
Warm A,148177,955,954,2071,1222,1,0.002012839
Warm A,154557,998,997,2071,1222,1,-0.004140648
Warm A,142676,921,920,2071,1222,1,0.010619268
Warm A,156456,1010,1009,2071,1222,1,-5.4077595e-05
Warm A,416262,2507,2506,2071,1222,1,-0.010350038
Warm A,306313,1825,1824,2071,1222,0,-0.0019818668
Warm A,115779,752,751,2071,1222,1,0.0010336037
Warm A,107254,706,705,2071,1222,1,0.003637677
Warm A,329071,1943,1942,2071,1222,1,-0.0046254075
Warm A,695707,4169,4168,2071,1222,1,-0.015528008
Warm A,90217,595,594,2071,1222,1,0.0033841676
Warm A,360397,2106,2105,2071,1222,1,-0.0068383235
Warm A,82642,549,548,2071,1222,1,-0.0026527708
Warm A,238509,1448,1447,2071,1222,1,-0.0050204843
Warm A,77106,524,523,2071,1222,1,-0.0008070738
Warm A,72874,493,492,2071,1222,1,-0.00075618527
Warm A,73588,499,498,2071,1222,1,-0.0027035899
Warm A,71705,482,481,2071,1222,1,-0.010025749
Warm A,78220,528,527,2071,1222,1,-0.0059038
Warm A,239565,1449,1448,2071,1222,0,-0.0056605595
Warm A,68128,457,456,2071,1222,1,0.0054000756
Warm A,47169,319,318,2071,1222,1,-0.0035443176
Warm A,35183,238,237,2071,1222,0,-0.0019284808
Warm A,31713,216,215,2071,1222,0,0.007349248
Warm A,199795,1227,1226,2071,1222,1,0.004048278
Warm A,269632,1635,1634,2071,1222,1,-0.0057608397
Warm A,26235,187,186,2071,1222,1,0.00033031148
Warm A,21886,161,160,2071,1222,1,0.00063698285
Warm A,4341,33,32,2071,1222,1,-3.13021e-05
Warm A,578153,3532,3531,2071,1222,1,-0.009487105
Warm A,351292,2063,2062,2071,1222,0,-0.004504595
Warm A,257361,1579,1578,2071,1222,1,-0.0006321883
Warm A,157659,1015,1014,2071,1222,1,0.00063635607
Warm A,362644,2116,2115,2071,1222,0,-0.009082213
Warm A,316530,1884,1883,2071,1222,1,0.0044606295
Warm A,164190,1051,1050,2071,1222,1,-0.0021938253
Warm A,549642,3391,3390,2071,1222,1,0.0017572332
Warm A,101853,678,677,2071,1222,1,-0.00016542955
Warm A,420709,2544,2543,2071,1222,0,0.0003060454
Warm A,712632,4277,4276,2071,1222,1,-0.008446242
Warm A,772578,4607,4606,2071,1222,0,-0.005102627
Warm A,960229,5792,5791,2071,1222,1,0.00080262416
Warm A,992853,5998,5997,2071,1222,0,0.0031000148
Warm A,111560,727,726,2071,1222,1,0.0022384054
Warm A,285095,1701,1700,2071,1222,1,-0.0071043284
Warm A,136208,881,880,2071,1222,1,-0.0012274892
Warm A,275973,1671,1670,2071,1222,1,-0.0034749256
Warm A,331252,1958,1957,2071,1222,1,-0.0032269456
Warm A,840963,5054,5053,2071,1222,0,-0.0012939066
Warm A,193374,1194,1193,2071,1222,1,0.004990548
Warm A,229119,1389,1388,2071,1222,1,-0.0038551977
Warm A,60452,411,410,2071,1222,1,0.003948411
Warm A,501082,3080,3079,2073,1224,0,0.0081239045
Warm A,565324,3475,3474,2073,1224,0,0.0027334532
Warm A,933275,5636,5635,2073,1224,1,0.007182818
Warm A,902716,5458,5457,2073,1224,1,0.010095461
Warm A,546643,3371,3370,2073,1224,0,0.010361413
Warm A,893789,5397,5396,2073,1224,1,0.007809867
Warm A,294104,1749,1748,2075,1225,0,0.0070511885
Warm A,207277,1267,1266,2075,1225,0,0.002333439
Warm A,189923,1179,1178,2075,1225,1,0.0053797904
Warm A,177406,1119,1118,2075,1225,1,-0.0017266679
Warm A,190275,1181,1180,2075,1225,0,0.011095848
Warm A,157664,1015,1014,2075,1225,0,-0.0019139128
Warm A,148942,958,957,2075,1225,1,-0.0035874739
Warm A,146761,948,947,2075,1225,0,-0.0002790473
Warm A,106576,702,701,2075,1225,1,-0.00048803398
Warm A,100418,670,669,2075,1225,0,-0.0005945985
Warm A,88082,580,579,2075,1225,1,0.002834924
Warm A,34064,230,229,2075,1225,0,-0.0019126278
Warm A,123234,796,795,2075,1225,0,0.009529669
Warm A,287559,1717,1716,2075,1225,1,0.0041217515
Warm A,284703,1699,1698,2075,1225,1,-0.005106923
Warm A,934544,5643,5642,2075,1225,0,0.004324005
Warm A,511754,3158,3157,2075,1225,1,0.0064986725
Warm A,430870,2627,2626,2075,1225,0,-0.012473298
Warm A,310498,1851,1850,2075,1225,0,0.004717404
Warm A,810972,4867,4866,2075,1225,1,0.0009583547
Warm A,473114,2909,2908,2075,1225,0,-0.007564876
Warm A,532904,3292,3291,2077,1227,1,0.009905349
Warm A,505914,3112,3111,2077,1227,1,0.006858223
Warm A,493196,3031,3030,2077,1227,1,0.010912666
Warm A,768539,4579,4578,2077,1227,0,0.0032028048
Warm A,486502,2995,2994,2077,1227,1,0.00643307
Warm A,488219,3003,3002,2077,1227,1,-0.006355039
Warm A,485555,2989,2988,2077,1227,1,0.010642342
Warm A,529370,3272,3271,2077,1227,0,0.011240927
Warm A,477808,2934,2933,2077,1227,1,0.008354339
Warm A,695714,4169,4168,2077,1227,1,0.00798698
Warm A,474569,2913,2912,2077,1227,1,0.008583326
Warm A,473115,2909,2908,2077,1227,1,0.010056181
Warm A,462108,2850,2849,2077,1227,0,0.0049458873
Warm A,486855,2996,2995,2077,1227,1,0.0022805608
Warm A,465916,2873,2872,2077,1227,0,-0.004751761
Warm A,458455,2822,2821,2077,1227,1,-0.00049629284
Warm A,446261,2752,2751,2077,1227,0,0.011124886
Warm A,444915,2744,2743,2077,1227,0,0.0033674943
Warm A,456286,2810,2809,2077,1227,1,0.008232051
Warm A,446646,2753,2752,2077,1227,0,0.0050647827
Warm A,418375,2529,2528,2077,1227,1,0.011576094
Warm A,415981,2506,2505,2077,1227,0,0.0116748735
Warm A,609531,3695,3694,2077,1227,1,0.017440911
Warm A,408559,2454,2453,2077,1227,0,0.010288458
Warm A,390581,2293,2292,2077,1227,1,1.9316096e-05
Warm A,385646,2255,2254,2077,1227,1,0.0039754873
Warm A,384846,2248,2247,2077,1227,0,0.005223249
Warm A,372757,2177,2176,2077,1227,0,0.0088469945
Warm A,375426,2188,2187,2077,1227,1,0.015033543
Warm A,366884,2140,2139,2077,1227,1,0.007379984
Warm A,387449,2265,2264,2077,1227,0,0.01848604
Warm A,353850,2073,2072,2077,1227,1,0.013194795
Warm A,333670,1969,1968,2077,1227,1,0.011268834
Warm A,327473,1941,1940,2077,1227,1,0.01181688
Warm A,290851,1736,1735,2077,1227,0,0.0068143257
Warm A,278505,1680,1679,2077,1227,1,0.004471089
Warm A,268715,1632,1631,2077,1227,0,0.005062102
Warm A,255293,1555,1554,2077,1227,0,0.0068241353
Warm A,235423,1426,1425,2077,1227,0,0.018975398
Warm A,240896,1451,1450,2077,1227,1,0.0127675235
Warm A,223257,1354,1353,2077,1227,1,0.014640412
Warm A,323586,1920,1919,2077,1227,0,0.011879965
Warm A,277339,1676,1675,2077,1227,0,0.011200055
Warm A,261537,1599,1598,2077,1227,0,0.013446373
Warm A,193380,1194,1193,2077,1227,1,0.008241692
Warm A,192259,1184,1183,2077,1227,1,0.00268141
Warm A,183003,1141,1140,2077,1227,0,0.01327944
Warm A,177830,1120,1119,2077,1227,0,0.016772302
Warm A,248611,1501,1500,2077,1227,1,0.007999771
Warm A,172571,1094,1093,2077,1227,1,0.0069986624
Warm A,159064,1017,1016,2077,1227,1,0.008261671
Warm A,167614,1068,1067,2077,1227,0,0.0051993793
Warm A,164195,1051,1050,2077,1227,1,0.0070321606
Warm A,262920,1605,1604,2077,1227,1,0.0074415687
Warm A,110274,720,719,2077,1227,0,0.00942179
Warm A,105375,697,696,2077,1227,0,0.0037140064
Warm A,100419,670,669,2077,1227,0,0.0014914337
Warm A,94797,637,636,2077,1227,1,0.0056621144
Warm A,123235,796,795,2077,1227,0,0.007184581
Warm A,93714,629,628,2077,1227,0,0.005107588
Warm A,151156,973,972,2077,1227,0,0.006570278
Warm A,283788,1698,1697,2077,1227,1,0.0077696545
Warm A,775928,4634,4633,2077,1227,1,0.0037154756
Warm A,362649,2116,2115,2077,1227,0,0.01453538
Warm A,886781,5359,5358,2077,1227,1,-0.0009351126
Warm A,190280,1181,1180,2077,1227,0,0.0013978321
Warm A,83785,550,549,2077,1227,0,0.007924994
Warm A,68502,461,460,2077,1227,1,0.0066281855
Warm A,57851,392,391,2077,1227,0,0.015049566
Warm A,47080,318,317,2077,1227,1,0.009851486
Warm A,46699,314,313,2077,1227,1,0.0047961944
Warm A,368229,2153,2152,2077,1227,0,0.0043278243
Warm A,31720,216,215,2077,1227,1,0.007345784
Warm A,14037,114,113,2077,1227,1,0.002389201
Warm A,6002,44,43,2077,1227,1,0.004621783
Warm A,30345,204,203,2077,1227,1,0.020532504
Warm A,233821,1422,1421,2077,1227,0,0.011277008
Warm A,877,10,9,2077,1227,0,0.0136988
Warm A,347808,2041,2040,2077,1227,1,0.0083045475
Warm A,958724,5787,5786,2077,1227,1,0.0038285432
Warm A,95287,639,638,2077,1227,1,0.014205139
Warm A,773415,4610,4609,2077,1227,0,0.008680489
Warm A,11821,92,91,2077,1227,0,0.0068680528
Warm A,272585,1647,1646,2077,1227,1,0.011903693
Warm A,304597,1812,1811,2077,1227,0,0.012611272
Warm A,618168,3746,3745,2077,1227,1,0.0127975065
Warm A,257367,1579,1578,2077,1227,0,0.013670541
Warm A,833257,5011,5010,2077,1227,1,0.006691305
Warm A,371492,2172,2171,2077,1227,0,0.011488522
Warm A,420715,2544,2543,2077,1227,0,0.01226552
Warm A,275979,1671,1670,2077,1227,1,0.018580742
Warm A,216735,1317,1316,2077,1227,1,0.0013002916
Warm A,479699,2944,2943,2077,1227,1,0.0018101116
Warm A,974185,5878,5877,2077,1227,1,0.01564501
Warm A,137674,889,888,2084,1233,0,-0.007652158
Warm A,127192,822,821,2084,1233,1,-0.0101369
Warm A,262929,1605,1604,2084,1233,1,0.00029155158
Warm A,126444,817,816,2084,1233,0,-0.004319937
Warm A,239586,1449,1448,2084,1233,0,0.0021333713
Warm A,223268,1354,1353,2084,1233,0,0.000527218
Warm A,159737,1019,1018,2084,1233,0,-0.011798171
Warm A,110278,720,719,2084,1233,0,-0.0053407354
Warm A,216346,1314,1313,2084,1233,1,-0.008676653
Warm A,105821,699,698,2084,1233,0,-0.009204583
Warm A,94448,634,633,2084,1233,1,0.016597126
Warm A,396903,2350,2349,2084,1233,1,-0.0011035174
Warm A,67682,454,453,2084,1233,0,-0.004049992
Warm A,74545,509,508,2084,1233,0,0.010163835
Warm A,53413,352,351,2084,1233,0,-0.0022435929
Warm A,132222,855,854,2084,1233,0,-0.009968803
Warm A,44187,302,301,2084,1233,0,0.0022057774
Warm A,73783,500,499,2084,1233,0,-0.007101588
Warm A,57858,392,391,2084,1233,0,-0.00654149
Warm A,365128,2125,2124,2084,1233,1,0.0035440656
Warm A,695723,4169,4168,2084,1233,0,-0.015571283
Warm A,123241,796,795,2084,1233,0,0.0002955699
Warm A,78229,528,527,2084,1233,1,-0.009748891
Warm A,552011,3401,3400,2084,1233,0,-0.004205047
Warm A,65128,438,437,2084,1233,0,-0.004880564
Warm A,251778,1524,1523,2084,1233,1,-0.002832726
Warm A,11829,92,91,2084,1233,1,0.003992835
Warm A,101870,678,677,2084,1233,1,0.0022200807
Warm A,183009,1141,1140,2084,1233,0,-0.0054418994
Warm A,171177,1088,1087,2084,1233,0,-0.013337493
Warm A,626451,3792,3791,2084,1233,0,-0.0007087585
Warm A,206604,1266,1265,2084,1233,0,-0.0061424784
Warm A,768545,4579,4578,2084,1233,1,-0.010415381
Warm A,700437,4193,4192,2091,1239,1,0.014405147
Warm A,690060,4127,4126,2091,1239,0,0.004936006
Warm A,673900,4048,4047,2091,1239,0,-0.009047369
Warm A,668186,4021,4020,2091,1239,0,0.012143889
Warm A,665391,4006,4005,2091,1239,0,0.0074092764
Warm A,663354,3998,3997,2091,1239,0,0.0046791513
Warm A,661812,3992,3991,2091,1239,1,0.013075838
Warm A,655389,3947,3946,2091,1239,1,0.0043284264
Warm A,650602,3923,3922,2091,1239,0,0.005916424
Warm A,761324,4523,4522,2091,1239,0,0.009770171
Warm A,625810,3784,3783,2091,1239,0,0.011695603
Warm A,616444,3731,3730,2091,1239,0,0.021330554
Warm A,612808,3715,3714,2091,1239,0,0.006004043
Warm A,595659,3624,3623,2091,1239,1,0.0068851416
Warm A,595116,3621,3620,2091,1239,0,0.0024697445
Warm A,587637,3589,3588,2091,1239,0,0.0152273085
Warm A,585489,3576,3575,2091,1239,0,0.0045399833
Warm A,583162,3562,3561,2091,1239,0,0.00095216464
Warm A,758310,4510,4509,2091,1239,1,0.007846344
Warm A,573166,3511,3510,2091,1239,0,0.0049849856
Warm A,604924,3678,3677,2091,1239,1,0.011525415
Warm A,568921,3491,3490,2091,1239,1,0.0031831139
Warm A,657031,3961,3960,2091,1239,0,0.010914569
Warm A,558942,3433,3432,2091,1239,0,-0.0019751312
Warm A,553677,3410,3409,2091,1239,1,0.010964566
Warm A,550849,3393,3392,2091,1239,0,-0.0039426745
Warm A,549676,3391,3390,2091,1239,0,0.007070029
Warm A,538810,3314,3313,2091,1239,1,0.0049629225
Warm A,531610,3283,3282,2091,1239,0,0.008458822
Warm A,529394,3272,3271,2091,1239,1,0.017386533
Warm A,530778,3280,3279,2091,1239,0,0.0033505084
Warm A,517575,3195,3194,2091,1239,0,0.010497887
Warm A,511008,3151,3150,2091,1239,1,0.0068061957
Warm A,509707,3140,3139,2091,1239,1,0.005511904
Warm A,539699,3320,3319,2091,1239,0,0.015809912
Warm A,507429,3123,3122,2091,1239,0,0.0024855973
Warm A,493734,3032,3031,2091,1239,1,0.0029295674
Warm A,738015,4411,4410,2091,1239,1,0.011289278
Warm A,492455,3029,3028,2091,1239,0,0.020805528
Warm A,487541,2999,2998,2091,1239,0,-0.0024032514
Warm A,517786,3196,3195,2091,1239,1,0.0070258626
Warm A,478598,2937,2936,2091,1239,0,0.0043934667
Warm A,472257,2907,2906,2091,1239,1,0.0017304943
Warm A,470839,2899,2898,2091,1239,1,0.0011191366
Warm A,468794,2888,2887,2091,1239,1,0.01171003
Warm A,461752,2848,2847,2091,1239,1,0.014624545
Warm A,445060,2745,2744,2091,1239,0,0.0059443037
Warm A,445484,2748,2747,2091,1239,0,0.010058574
Warm A,423057,2565,2564,2091,1239,0,0.008484969
Warm A,418400,2529,2528,2091,1239,0,0.005804688
Warm A,408856,2455,2454,2091,1239,0,0.00452067
Warm A,409460,2457,2456,2091,1239,0,0.0019353395
Warm A,400204,2383,2382,2091,1239,1,0.007547555
Warm A,376953,2202,2201,2091,1239,0,0.0032689448
Warm A,373304,2180,2179,2091,1239,0,0.0032437977
Warm A,370628,2167,2166,2091,1239,0,-0.00022888486
Warm A,361369,2109,2108,2091,1239,0,0.016200755
Warm A,373762,2181,2180,2091,1239,0,0.0067956727
Warm A,339827,2004,2003,2091,1239,0,0.0022587767
Warm A,325171,1926,1925,2091,1239,0,0.0019626468
Warm A,303173,1801,1800,2091,1239,1,0.008543549
Warm A,301156,1790,1789,2091,1239,1,0.0028784634
Warm A,295917,1757,1756,2091,1239,0,0.003982325
Warm A,293074,1746,1745,2091,1239,1,0.0070493994
Warm A,297273,1764,1763,2091,1239,0,0.008852029
Warm A,292080,1741,1740,2091,1239,1,0.011332164
Warm A,360423,2106,2105,2091,1239,0,0.0042049307
Warm A,276763,1675,1674,2091,1239,0,0.012190949
Warm A,272611,1647,1646,2091,1239,0,0.014418112
Warm A,346016,2030,2029,2091,1239,0,0.013352764
Warm A,350622,2059,2058,2091,1239,0,0.013687026
Warm A,224610,1358,1357,2091,1239,0,0.013918038
Warm A,323609,1920,1919,2091,1239,0,0.009010147
Warm A,216163,1312,1311,2091,1239,0,0.008193038
Warm A,215975,1311,1310,2091,1239,0,0.007922671
Warm A,278546,1680,1679,2091,1239,1,0.008616943
Warm A,198745,1221,1220,2091,1239,1,0.001296264
Warm A,213233,1298,1297,2091,1239,1,0.005108727
Warm A,327516,1941,1940,2091,1239,0,0.013183445
Warm A,186894,1159,1158,2091,1239,0,0.0057781646
Warm A,181541,1135,1134,2091,1239,1,0.012435141
Warm A,177422,1119,1118,2091,1239,0,0.011769082
Warm A,173468,1100,1099,2091,1239,0,0.002270558
Warm A,170349,1085,1084,2091,1239,0,0.01035469
Warm A,212739,1297,1296,2091,1239,0,0.0035638618
Warm A,127199,822,821,2091,1239,1,0.013471313
Warm A,122123,788,787,2091,1239,1,0.011295587
Warm A,103623,689,688,2091,1239,1,0.0010305814
Warm A,100424,670,669,2091,1239,0,0.00574184
Warm A,239606,1449,1448,2091,1239,0,0.0011485044
Warm A,712666,4277,4276,2091,1239,1,0.00017794198
Warm A,109149,714,713,2091,1239,1,0.012837813
Warm A,93727,629,628,2091,1239,1,0.004144367
Warm A,94454,634,633,2091,1239,0,-0.0045976173
Warm A,90883,602,601,2091,1239,1,0.0022821664
Warm A,86008,563,562,2091,1239,0,0.0062274854
Warm A,70617,476,475,2091,1239,0,0.00899821
Warm A,66456,445,444,2091,1239,0,0.008913454
Warm A,71727,482,481,2091,1239,0,0.010591485
Warm A,75805,516,515,2091,1239,0,0.0048966883
Warm A,62495,424,423,2091,1239,0,0.00837297
Warm A,50955,336,335,2091,1239,1,0.0023709831
Warm A,45752,308,307,2091,1239,0,0.0059043374
Warm A,38476,262,261,2091,1239,0,0.001416534
Warm A,31764,216,215,2091,1239,0,0.010348145
Warm A,34574,235,234,2091,1239,1,0.0047023725
Warm A,238528,1448,1447,2091,1239,0,0.010598009
Warm A,7476,53,52,2091,1239,1,0.0029105856
Warm A,927,10,9,2091,1239,0,0.0040854746
Warm A,2932,23,22,2091,1239,0,0.008123486
Warm A,233846,1422,1421,2091,1239,0,0.0053429157
Warm A,104091,692,691,2091,1239,0,0.004517837
Warm A,695739,4169,4168,2091,1239,0,0.0039719874
Warm A,530196,3274,3273,2091,1239,0,0.011889791
Warm A,385948,2258,2257,2091,1239,1,0.008439882
Warm A,365639,2129,2128,2091,1239,1,0.0010250758
Warm A,325993,1930,1929,2091,1239,0,0.0015759645
Warm A,333690,1969,1968,2091,1239,0,0.013315967
Warm A,101887,678,677,2091,1239,0,0.008686891
Warm A,632881,3824,3823,2091,1239,0,0.005638922
Warm A,20609,151,150,2091,1239,0,0.009694627
Warm A,454454,2796,2795,2091,1239,0,0.004833395
Warm A,216756,1317,1316,2091,1239,1,0.0020977533
Warm A,177860,1120,1119,2091,1239,0,0.013686622
Warm A,136233,881,880,2091,1239,0,0.0064311726
Warm A,489101,3012,3011,2091,1239,0,0.0033977376
Warm A,585491,3576,3575,2092,1240,0,0.0050808047
Warm A,758312,4510,4509,2092,1240,1,0.010629971
Warm A,568100,3486,3485,2092,1240,0,-0.002807308
Warm A,573390,3512,3511,2092,1240,0,0.0127525395
Warm A,562014,3458,3457,2092,1240,0,0.0008947274
Warm A,558388,3430,3429,2092,1240,0,0.0070948936
Warm A,551591,3399,3398,2092,1240,0,0.0062619373
Warm A,547497,3378,3377,2092,1240,0,-0.0003232066
Warm A,512541,3163,3162,2092,1240,0,0.0010525885
Warm A,509709,3140,3139,2092,1240,0,0.006652707
Warm A,766000,4561,4560,2092,1240,1,-4.7003792e-05
Warm A,493735,3032,3031,2092,1240,1,0.00596197
Warm A,489444,3013,3012,2092,1240,0,0.009919532
Warm A,456304,2810,2809,2092,1240,0,0.005486495
Warm A,445485,2748,2747,2092,1240,0,0.0046290867
Warm A,442209,2722,2721,2092,1240,0,0.0044088955
Warm A,429977,2621,2620,2092,1240,0,-0.000686681
Warm A,418402,2529,2528,2092,1240,0,0.0024350611
Warm A,409461,2457,2456,2092,1240,0,0.009366022
Warm A,373305,2180,2179,2092,1240,0,0.0018251252
Warm A,345393,2026,2025,2092,1240,0,0.0003181137
Warm A,345749,2029,2028,2092,1240,0,0.0039297724
Warm A,346937,2035,2034,2092,1240,0,0.010447685
Warm A,341376,2012,2011,2092,1240,0,0.005120687
Warm A,340392,2010,2009,2092,1240,0,0.003363434
Warm A,362666,2116,2115,2092,1240,0,0.018710095
Warm A,321789,1909,1908,2092,1240,0,0.004831656
Warm A,321553,1907,1906,2092,1240,0,0.007448353
Warm A,314894,1880,1879,2092,1240,0,0.0050254744
Warm A,274845,1664,1663,2092,1240,0,-0.007166301
Warm A,277364,1676,1675,2092,1240,0,0.0015783848
Warm A,247274,1495,1494,2092,1240,0,0.0042360267
Warm A,218506,1325,1324,2092,1240,0,0.001317085
Warm A,216164,1312,1311,2092,1240,0,-0.00019069482
Warm A,215976,1311,1310,2092,1240,0,0.004090782
Warm A,278547,1680,1679,2092,1240,0,0.003541919
Warm A,272612,1647,1646,2092,1240,0,0.00916599
Warm A,591686,3610,3609,2092,1240,0,-0.008390386
Warm A,235798,1427,1426,2092,1240,0,-0.00263883
Warm A,293075,1746,1745,2092,1240,1,0.007398223
Warm A,327518,1941,1940,2092,1240,0,0.0040430436
Warm A,183464,1142,1141,2092,1240,0,0.0016271918
Warm A,177862,1120,1119,2092,1240,0,0.004838045
Warm A,248629,1501,1500,2092,1240,0,0.0060605146
Warm A,175284,1112,1111,2092,1240,0,0.00011410366
Warm A,167630,1068,1067,2092,1240,0,0.0032550783
Warm A,227529,1380,1379,2092,1240,0,0.012345541
Warm A,342146,2015,2014,2092,1240,0,0.006200016
Warm A,249140,1502,1501,2092,1240,1,0.005695044
Warm A,137694,889,888,2092,1240,0,0.010110339
Warm A,133754,866,865,2092,1240,0,0.004983226
Warm A,133980,869,868,2092,1240,0,-0.0015586042
Warm A,128754,836,835,2092,1240,1,-0.005373932
Warm A,351331,2063,2062,2092,1240,0,0.0063241287
Warm A,127200,822,821,2092,1240,0,0.0013795211
Warm A,262945,1605,1604,2092,1240,0,0.0053622965
Warm A,126449,817,816,2092,1240,1,-0.0029079667
Warm A,125404,807,806,2092,1240,1,-0.0030614007
Warm A,124141,800,799,2092,1240,0,0.0019675451
Warm A,360425,2106,2105,2092,1240,0,0.00014559226
Warm A,234688,1425,1424,2092,1240,0,0.004639536
Warm A,116772,753,752,2092,1240,1,0.0011631753
Warm A,114684,746,745,2092,1240,0,0.0037575304
Warm A,216356,1314,1313,2092,1240,0,0.0019240997
Warm A,107136,705,704,2092,1240,0,-0.0013304327
Warm A,105828,699,698,2092,1240,0,0.003592625
Warm A,99283,662,661,2092,1240,0,-0.0046515446
Warm A,109150,714,713,2092,1240,0,0.0073568607
Warm A,87170,570,569,2092,1240,0,0.008900302
Warm A,81176,541,540,2092,1240,0,0.0028610225
Warm A,83820,550,549,2092,1240,0,0.006456664
Warm A,86439,566,565,2092,1240,0,0.0061248452
Warm A,72742,490,489,2092,1240,0,0.003721337
Warm A,69751,470,469,2092,1240,0,0.00076045445
Warm A,81434,543,542,2092,1240,0,0.005943276
Warm A,43797,301,300,2092,1240,0,-0.0022597753
Warm A,54335,355,354,2092,1240,0,0.005105543
Warm A,29591,202,201,2092,1240,0,0.006003203
Warm A,365136,2125,2124,2092,1240,0,0.0050235717
Warm A,14343,117,116,2092,1240,0,0.0019776882
Warm A,10452,75,74,2092,1240,0,-0.007225271
Warm A,172444,1092,1091,2092,1240,1,0.0049814675
Warm A,79071,531,530,2092,1240,0,0.005440428
Warm A,794311,4750,4749,2092,1240,1,0.0025103432
Warm A,530197,3274,3273,2092,1240,0,0.017493512
Warm A,552031,3401,3400,2092,1240,0,0.0091215465
Warm A,139108,890,889,2092,1240,1,0.008653501
Warm A,65138,438,437,2092,1240,0,0.0030847006
Warm A,358180,2097,2096,2092,1240,0,0.0047118454
Warm A,95301,639,638,2092,1240,0,0.00045916822
Warm A,385949,2258,2257,2092,1240,0,0.0008390186
Warm A,286385,1710,1709,2092,1240,0,0.00036155432
Warm A,11847,92,91,2092,1240,0,-0.0018340852
Warm A,376296,2195,2194,2092,1240,0,-0.006094359
Warm A,101888,678,677,2092,1240,0,0.0029753116
Warm A,171198,1088,1087,2092,1240,0,0.0056236256
Warm A,27869,195,194,2092,1240,0,0.009959351
Warm A,222704,1348,1347,2092,1240,0,0.0025215833
Warm A,264896,1611,1610,2092,1240,0,0.0022072431
Warm A,768555,4579,4578,2092,1240,0,0.009076448
Warm A,259259,1587,1586,2092,1240,0,0.007552377
Warm A,255412,1556,1555,2092,1240,0,0.0036236176
Warm A,656019,3953,3952,2092,1240,0,-0.0028001051
Warm A,469790,2895,2894,2095,1243,1,-0.001706614
Warm A,453444,2793,2792,2095,1243,1,-0.0015245392
Warm A,435683,2664,2663,2095,1243,0,0.0017811852
Warm A,416306,2507,2506,2095,1243,0,0.002543957
Warm A,418407,2529,2528,2095,1243,0,-0.003102059
Warm A,373769,2181,2180,2095,1243,0,-0.0069909967
Warm A,361375,2109,2108,2095,1243,0,-0.0006571892
Warm A,333692,1969,1968,2095,1243,1,-0.00022386014
Warm A,297278,1764,1763,2095,1243,0,-0.01157669
Warm A,298932,1776,1775,2095,1243,0,0.008269963
Warm A,273441,1648,1647,2095,1243,0,0.00921968
Warm A,286191,1709,1708,2095,1243,1,-0.002134223
Warm A,261558,1599,1598,2095,1243,1,-0.001069176
Warm A,436113,2665,2664,2095,1243,0,-0.011827445
Warm A,346023,2030,2029,2095,1243,0,-0.004263147
Warm A,360430,2106,2105,2095,1243,0,-0.011845749
Warm A,265488,1613,1612,2095,1243,0,0.0016288692
Warm A,231543,1404,1403,2095,1243,0,2.1784334e-05
Warm A,219676,1333,1332,2095,1243,0,0.0012393547
Warm A,278556,1680,1679,2095,1243,1,-0.0014901812
Warm A,198747,1221,1220,2095,1243,0,0.008462115
Warm A,327527,1941,1940,2095,1243,1,-0.011487322
Warm A,188375,1169,1168,2095,1243,0,-0.008882639
Warm A,184803,1150,1149,2095,1243,0,-0.003653046
Warm A,173470,1100,1099,2095,1243,0,-0.01214885
Warm A,162148,1034,1033,2095,1243,0,-0.0064808913
Warm A,336841,1983,1982,2095,1243,1,-0.004796871
Warm A,216762,1317,1316,2095,1243,0,0.00070750585
Warm A,127202,822,821,2095,1243,1,0.005099684
Warm A,314898,1880,1879,2095,1243,0,-0.0009220808
Warm A,124144,800,799,2095,1243,1,-0.0014980766
Warm A,262950,1605,1604,2095,1243,0,-0.0018884187
Warm A,93729,629,628,2095,1243,0,0.0019409626
Warm A,351336,2063,2062,2095,1243,0,-0.012474807
Warm A,85194,556,555,2095,1243,0,0.0037291287
Warm A,233852,1422,1421,2095,1243,0,0.0052522756
Warm A,83826,550,549,2095,1243,0,-0.0022218744
Warm A,43537,300,299,2095,1243,1,0.0066994834
Warm A,41303,279,278,2095,1243,0,-0.0009498169
Warm A,192645,1186,1185,2095,1243,1,-0.006953713
Warm A,552036,3401,3400,2095,1243,0,0.0083899
Warm A,65142,438,437,2095,1243,0,0.0040181023
Warm A,954176,5761,5760,2095,1243,0,-0.0006575142
Warm A,325995,1930,1929,2095,1243,0,-0.009635003
Warm A,347832,2041,2040,2095,1243,0,0.0026146343
Warm A,130437,846,845,2095,1243,1,0.0026677696
Warm A,164224,1051,1050,2095,1243,0,-0.008734863
Warm A,95304,639,638,2095,1243,1,-0.0048988513
Warm A,257388,1579,1578,2095,1243,1,-0.003920191
Warm A,101895,678,677,2095,1243,0,-0.0016759492
Warm A,632886,3824,3823,2095,1243,0,-0.014986986
Warm A,133984,869,868,2095,1243,0,-0.003935124
Warm A,335413,1980,1979,2095,1243,0,-0.0043717874
Warm A,93732,629,628,2098,1246,1,-0.006405779
Warm A,425587,2583,2582,2098,1246,1,0.0043880353
Warm A,95307,639,638,2098,1246,1,0.01218441
Warm A,233856,1422,1421,2098,1246,0,-0.0012372482
Warm A,83834,550,549,2098,1246,0,0.005904734
Warm A,73048,494,493,2098,1246,1,-0.0036517177
Warm A,70620,476,475,2098,1246,0,0.005853319
Warm A,64723,434,433,2098,1246,0,-0.0029583955
Warm A,177870,1120,1119,2098,1246,0,0.017104346
Warm A,31775,216,215,2098,1246,0,0.014705403
Warm A,13663,109,108,2098,1246,1,0.004332946
Warm A,60503,411,410,2098,1246,0,0.012018115
Warm A,216768,1317,1316,2098,1246,0,-0.0025949795
Warm A,993791,6002,6001,2098,1246,1,0.006251597
Warm A,699546,4186,4185,2098,1246,0,0.009442022
Warm A,346556,2031,2030,2098,1246,1,0.004005214
Warm A,629419,3808,3807,2102,1249,0,0.0070999386
Warm A,638116,3841,3840,2102,1249,0,0.0024213106
Warm A,627506,3796,3795,2102,1249,0,0.003980906
Warm A,670235,4028,4027,2102,1249,0,0.025965834
Warm A,612900,3715,3714,2102,1249,1,0.0057789227
Warm A,992361,5996,5995,2102,1249,1,0.014711333
Warm A,604196,3675,3674,2102,1249,0,0.007244437
Warm A,595225,3621,3620,2102,1249,1,0.013165897
Warm A,593033,3615,3614,2102,1249,1,0.0048383228
Warm A,587889,3589,3588,2102,1249,0,0.010927973
Warm A,728129,4354,4353,2102,1249,1,-0.0012862589
Warm A,696251,4169,4168,2102,1249,1,0.004523292
Warm A,566219,3476,3475,2102,1249,0,-0.006487153
Warm A,832960,5008,5007,2102,1249,0,0.002760434
Warm A,550099,3391,3390,2102,1249,0,0.0007546232
Warm A,577147,3526,3525,2102,1249,0,0.010073204
Warm A,552941,3402,3401,2102,1249,1,0.011736104
Warm A,556230,3418,3417,2102,1249,0,-0.0034511634
Warm A,533289,3292,3291,2102,1249,1,0.011825359
Warm A,529678,3272,3271,2102,1249,1,0.021639634
Warm A,519481,3205,3204,2102,1249,0,0.002505572
Warm A,512814,3163,3162,2102,1249,1,0.0071418434
Warm A,503817,3096,3095,2102,1249,0,0.004744511
Warm A,500879,3077,3076,2102,1249,0,0.0008093321
Warm A,713021,4277,4276,2102,1249,1,0.00989089
Warm A,633212,3824,3823,2102,1249,1,0.0075190784
Warm A,491797,3025,3024,2102,1249,0,0.004333079
Warm A,487567,2999,2998,2102,1249,1,0.0032514422
Warm A,517861,3196,3195,2102,1249,0,0.009100081
Warm A,479246,2941,2940,2102,1249,1,0.0025395104
Warm A,475881,2920,2919,2102,1249,1,-0.0017453793
Warm A,473586,2909,2908,2102,1249,0,0.010721101
Warm A,738142,4411,4410,2102,1249,0,0.002923054
Warm A,445352,2747,2746,2102,1249,1,0.007871475
Warm A,440638,2695,2694,2102,1249,0,0.008142062
Warm A,437419,2670,2669,2102,1249,0,-0.0043510282
Warm A,427786,2599,2598,2102,1249,0,0.0007007383
Warm A,429133,2611,2610,2102,1249,0,0.0019691854
Warm A,424117,2571,2570,2102,1249,1,0.00079337833
Warm A,419758,2537,2536,2102,1249,0,0.007805535
Warm A,418654,2529,2528,2102,1249,1,0.013180611
Warm A,416574,2507,2506,2102,1249,1,0.006828415
Warm A,394665,2329,2328,2102,1249,0,0.0072010667
Warm A,385698,2255,2254,2102,1249,1,0.0035665212
Warm A,381638,2231,2230,2102,1249,1,0.01290571
Warm A,372827,2177,2176,2102,1249,1,0.014869781
Warm A,373426,2180,2179,2102,1249,0,0.0046450584
Warm A,374051,2181,2180,2102,1249,0,0.014408255
Warm A,369502,2162,2161,2102,1249,1,0.010511342
Warm A,367743,2147,2146,2102,1249,1,-0.0043949196
Warm A,364734,2124,2123,2102,1249,1,0.008592275
Warm A,354082,2073,2072,2102,1249,0,0.0029420238
Warm A,345798,2029,2028,2102,1249,0,0.0067148292
Warm A,345096,2024,2023,2102,1249,0,0.0016899571
Warm A,341573,2012,2011,2102,1249,1,0.0023809662
Warm A,333822,1969,1968,2102,1249,0,0.004278067
Warm A,326985,1938,1937,2102,1249,0,0.002220725
Warm A,317202,1885,1884,2102,1249,0,-0.0030449596
Warm A,323161,1916,1915,2102,1249,0,0.0053929365
Warm A,310417,1850,1849,2102,1249,0,-0.0012238221
Warm A,289640,1728,1727,2102,1249,1,-0.0021419474
Warm A,285937,1706,1705,2102,1249,0,0.0050879167
Warm A,277663,1676,1675,2102,1249,1,0.015898217
Warm A,268513,1631,1630,2102,1249,1,-0.0005108481
Warm A,346179,2030,2029,2102,1249,1,0.012415982
Warm A,258997,1586,1585,2102,1249,0,0.01239486
Warm A,436392,2665,2664,2102,1249,0,0.0013932469
Warm A,235568,1426,1425,2102,1249,1,0.0084108915
Warm A,258413,1584,1583,2102,1249,0,0.008423472
Warm A,228928,1387,1386,2102,1249,0,0.005524597
Warm A,242782,1465,1464,2102,1249,1,0.01399473
Warm A,284137,1698,1697,2102,1249,1,0.011765584
Warm A,253275,1540,1539,2102,1249,0,-6.942125e-05
Warm A,218579,1325,1324,2102,1249,1,-0.0035049766
Warm A,218001,1322,1321,2102,1249,1,-0.0028107597
Warm A,318132,1890,1889,2102,1249,0,0.007120735
Warm A,213893,1299,1298,2102,1249,1,0.013510553
Warm A,591950,3610,3609,2102,1249,0,0.008476818
Warm A,199774,1226,1225,2102,1249,1,-0.00077431137
Warm A,235838,1427,1426,2102,1249,0,0.013733393
Warm A,293169,1746,1745,2102,1249,1,0.0005771349
Warm A,328071,1941,1940,2102,1249,1,0.005382522
Warm A,182775,1140,1139,2102,1249,0,0.011410048
Warm A,173644,1100,1099,2102,1249,0,-0.0037453393
Warm A,248808,1501,1500,2102,1249,1,0.0006206671
Warm A,167836,1068,1067,2102,1249,0,0.009360079
Warm A,155861,1004,1003,2102,1249,1,0.00018718047
Warm A,269920,1635,1634,2102,1249,1,0.011650362
Warm A,185242,1150,1149,2102,1249,0,0.01120677
Warm A,276938,1675,1674,2102,1249,1,0.012899991
Warm A,347364,2038,2037,2102,1249,0,0.014855057
Warm A,138238,889,888,2102,1249,0,0.0071422253
Warm A,121123,780,779,2102,1249,0,0.009491761
Warm A,240036,1449,1448,2102,1249,0,0.0037866547
Warm A,178098,1120,1119,2102,1249,1,0.0050762645
Warm A,126295,816,815,2102,1249,1,0.0184409
Warm A,112448,731,730,2102,1249,1,0.006523708
Warm A,108501,711,710,2102,1249,1,-0.0064404737
Warm A,108703,712,711,2102,1249,0,0.010888489
Warm A,98134,656,655,2102,1249,1,0.017404934
Warm A,123398,796,795,2102,1249,1,0.012044475
Warm A,93779,629,628,2102,1249,0,0.0054642865
Warm A,222071,1343,1342,2102,1249,1,-0.0027674832
Warm A,339165,1998,1997,2102,1249,1,0.015343577
Warm A,85252,556,555,2102,1249,1,-0.0042908723
Warm A,84135,550,549,2102,1249,1,0.009754391
Warm A,83087,549,548,2102,1249,0,0.0016001146
Warm A,396943,2350,2349,2102,1249,1,-0.010055729
Warm A,119229,770,769,2102,1249,0,0.012436954
Warm A,73472,498,497,2102,1249,1,0.003517664
Warm A,72760,490,489,2102,1249,0,0.009602206
Warm A,274195,1657,1656,2102,1249,0,0.0034661968
Warm A,69770,470,469,2102,1249,1,0.00594873
Warm A,66772,447,446,2102,1249,1,0.005091192
Warm A,48938,327,326,2102,1249,0,-0.008798331
Warm A,338113,1988,1987,2102,1249,1,0.010224182
Warm A,44087,301,300,2102,1249,1,0.00675168
Warm A,65336,438,437,2102,1249,0,0.01728524
Warm A,32395,216,215,2102,1249,0,0.013387533
Warm A,26198,186,185,2102,1249,1,0.022410726
Warm A,25283,178,177,2102,1249,0,0.0034493569
Warm A,148736,957,956,2102,1249,1,0.0065360996
Warm A,18192,139,138,2102,1249,0,0.0024049266
Warm A,13953,112,111,2102,1249,0,0.005759664
Warm A,351799,2063,2062,2102,1249,0,0.014916625
Warm A,892944,5394,5393,2102,1249,0,0.005648222
Warm A,954214,5761,5760,2102,1249,0,0.010007062
Warm A,241862,1457,1456,2102,1249,0,-0.0016983685
Warm A,12181,92,91,2102,1249,0,0.010081484
Warm A,927545,5605,5604,2102,1249,0,0.010761619
Warm A,102217,678,677,2102,1249,1,0.015953349
Warm A,161328,1029,1028,2102,1249,0,0.0020060523
Warm A,46188,308,307,2102,1249,1,0.014675517
Warm A,50717,333,332,2102,1249,1,0.010008384
Warm A,639079,3842,3841,2102,1249,1,-0.0050460114
Warm A,878999,5312,5311,2102,1249,1,0.017313309
Warm A,489594,3013,3012,2102,1249,0,0.013905476
Warm A,758573,4510,4509,2106,1251,0,0.013336005
Warm A,578502,3536,3535,2106,1251,1,0.009678129
Warm A,579308,3539,3538,2106,1251,1,0.012271021
Warm A,713024,4277,4276,2106,1251,1,0.016441805
Warm A,593807,3618,3617,2106,1251,1,0.019902209
Warm A,577149,3526,3525,2106,1251,0,0.0028983878
Warm A,550103,3391,3390,2106,1251,1,0.016238725
Warm A,546796,3371,3370,2106,1251,0,0.010533054
Warm A,544683,3358,3357,2106,1251,1,0.009468287
Warm A,535984,3308,3307,2106,1251,1,0.009920634
Warm A,608258,3690,3689,2106,1251,0,0.015646527
Warm A,527858,3263,3262,2106,1251,1,0.010609006
Warm A,526747,3259,3258,2106,1251,1,0.011438625
Warm A,519482,3205,3204,2106,1251,1,0.011992637
Warm A,521432,3217,3216,2106,1251,1,0.0069550164
Warm A,658366,3967,3966,2106,1251,0,-0.0026336461
Warm A,526224,3253,3252,2106,1251,1,0.00038628955
Warm A,548547,3386,3385,2106,1251,0,0.010859783
Warm A,571048,3503,3502,2106,1251,1,0.011733484
Warm A,738145,4411,4410,2106,1251,0,0.01297248
Warm A,499400,3067,3066,2106,1251,1,0.013240866
Warm A,499955,3069,3068,2106,1251,0,0.0012373002
Warm A,493370,3031,3030,2106,1251,1,0.023452768
Warm A,488341,3004,3003,2106,1251,1,0.007781684
Warm A,497209,3054,3053,2106,1251,0,0.0066654636
Warm A,487890,3001,3000,2106,1251,0,0.013239445
Warm A,483072,2968,2967,2106,1251,1,0.015476694
Warm A,468411,2887,2886,2106,1251,1,0.017812762
Warm A,459927,2837,2836,2106,1251,0,0.011239637
Warm A,465987,2873,2872,2106,1251,0,0.009689091
Warm A,492708,3029,3028,2106,1251,1,0.014228047
Warm A,450842,2777,2776,2106,1251,0,0.00928537
Warm A,449352,2771,2770,2106,1251,0,0.014800884
Warm A,443811,2737,2736,2106,1251,1,0.011329304
Warm A,439929,2689,2688,2106,1251,0,0.005258689
Warm A,430488,2624,2623,2106,1251,1,0.0044474625
Warm A,430072,2621,2620,2106,1251,0,0.015156014
Warm A,412812,2484,2483,2106,1251,0,0.01753065
Warm A,408672,2454,2453,2106,1251,0,0.009808935
Warm A,404005,2414,2413,2106,1251,1,0.017116975
Warm A,395870,2340,2339,2106,1251,1,0.016535146
Warm A,386058,2258,2257,2106,1251,1,0.009538585
Warm A,384106,2244,2243,2106,1251,0,0.014989837
Warm A,375573,2188,2187,2106,1251,0,0.008141357
Warm A,351171,2062,2061,2106,1251,0,0.00977906
Warm A,351803,2063,2062,2106,1251,0,0.031156793
Warm A,335865,1980,1979,2106,1251,0,0.017319955
Warm A,330284,1949,1948,2106,1251,1,0.016060837
Warm A,330525,1951,1950,2106,1251,0,-0.0007750713
Warm A,296044,1757,1756,2106,1251,1,0.010553012
Warm A,275097,1666,1665,2106,1251,0,-0.0022017146
Warm A,272176,1645,1644,2106,1251,1,0.010476172
Warm A,265751,1613,1612,2106,1251,0,0.025872413
Warm A,218810,1327,1326,2106,1251,1,0.0062480313
Warm A,252836,1532,1531,2106,1251,0,0.016810639
Warm A,279183,1680,1679,2106,1251,0,0.011763394
Warm A,196496,1207,1206,2106,1251,0,0.020006256
Warm A,342447,2015,2014,2106,1251,0,0.004174139
Warm A,188959,1172,1171,2106,1251,1,0.012767915
Warm A,263293,1605,1604,2106,1251,1,0.013937339
Warm A,165997,1058,1057,2106,1251,1,0.018051524
Warm A,190881,1181,1180,2106,1251,0,0.018831424
Warm A,158154,1015,1014,2106,1251,0,0.017836094
Warm A,146939,948,947,2106,1251,0,0.006161104
Warm A,144640,933,932,2106,1251,1,0.0138683915
Warm A,138244,889,888,2106,1251,0,0.013883466
Warm A,141507,911,910,2106,1251,1,0.017935544
Warm A,136560,881,880,2106,1251,0,0.014897017
Warm A,131897,854,853,2106,1251,0,0.007170531
Warm A,178101,1120,1119,2106,1251,1,0.0055302046
Warm A,116171,752,751,2106,1251,0,0.010206785
Warm A,115377,749,748,2106,1251,0,0.0031158552
Warm A,100832,673,672,2106,1251,0,0.009226848
Warm A,109282,714,713,2106,1251,1,0.014569947
Warm A,98418,659,658,2106,1251,1,0.008811887
Warm A,90642,601,600,2106,1251,0,0.0033389975
Warm A,69678,468,467,2106,1251,0,0.00934363
Warm A,70157,474,473,2106,1251,0,0.018308632
Warm A,60287,409,408,2106,1251,1,0.014699353
Warm A,61481,412,411,2106,1251,1,0.014907429
Warm A,52770,347,346,2106,1251,0,0.01109661
Warm A,54139,352,351,2106,1251,0,0.005832928
Warm A,52668,346,345,2106,1251,1,0.009780946
Warm A,78447,528,527,2106,1251,1,0.011718457
Warm A,132448,855,854,2106,1251,0,0.017451147
Warm A,47779,319,318,2106,1251,0,0.020021144
Warm A,360752,2106,2105,2106,1251,0,0.006269416
Warm A,58263,392,391,2106,1251,0,0.0110551305
Warm A,89999,593,592,2106,1251,1,0.0040304675
Warm A,696255,4169,4168,2106,1251,0,0.01593754
Warm A,33724,225,224,2106,1251,0,0.02263715
Warm A,26719,189,188,2106,1251,1,0.0005817672
Warm A,537116,3311,3310,2106,1251,0,0.0032814767
Warm A,248813,1501,1500,2106,1251,1,0.011716281
Warm A,8028,53,52,2106,1251,1,0.009533323
Warm A,3743,26,25,2106,1251,0,0.015567421
Warm A,223522,1354,1353,2106,1251,1,0.007262163
Warm A,1329,11,10,2106,1251,0,0.009799573
Warm A,55748,368,367,2106,1251,0,0.0064650774
Warm A,237882,1447,1446,2106,1251,0,0.023498489
Warm A,181986,1137,1136,2106,1251,0,0.016346406
Warm A,23924,169,168,2106,1251,0,0.0077463514
Warm A,365744,2129,2128,2106,1251,0,0.0141413435
Warm A,447331,2756,2755,2106,1251,1,0.009295313
Warm A,164520,1051,1050,2106,1251,0,0.022684844
Warm A,512819,3163,3162,2106,1251,1,0.017536646
Warm A,927547,5605,5604,2106,1251,1,0.0190325
Warm A,102221,678,677,2106,1251,1,0.026687663
Warm A,33229,224,223,2106,1251,0,0.0066429274
Warm A,11719,90,89,2106,1251,0,0.011018895
Warm A,599233,3648,3647,2106,1251,0,0.01722923
Warm A,46193,308,307,2106,1251,1,0.009654117
Warm A,547571,3378,3377,2106,1251,1,0.0005420763
Warm A,562563,3462,3461,2106,1251,1,0.014061262
Warm A,348008,2041,2040,2106,1251,0,0.010897984
Warm A,507749,3125,3124,2106,1251,1,0.012778782
Warm A,41338,279,278,2106,1251,0,0.011572307
Warm A,977868,5892,5891,2106,1251,0,0.013165925
Warm A,561573,3454,3453,2106,1251,0,0.01607813
Warm A,657516,3963,3962,2106,1251,1,0.018831741
Warm A,537900,3312,3311,2106,1251,0,0.008015779
Warm A,293737,1748,1747,2106,1251,0,0.006951684
Warm A,183189,1141,1140,2106,1251,0,0.011547986
Warm A,683968,4089,4088,2106,1251,1,0.01837396
Warm A,26028,184,183,2106,1251,0,0.01713193
Warm A,636903,3836,3835,2107,1252,0,0.003848549
Warm A,629425,3808,3807,2107,1252,1,-0.009626457
Warm A,627925,3801,3800,2107,1252,1,-0.001491267
Warm A,623359,3771,3770,2107,1252,1,0.010007161
Warm A,617288,3736,3735,2107,1252,1,-0.0028533943
Warm A,747099,4458,4457,2107,1252,0,-0.0006332027
Warm A,604837,3677,3676,2107,1252,1,-0.0011151127
Warm A,621199,3762,3761,2107,1252,0,0.0014855191
Warm A,600011,3650,3649,2107,1252,0,0.013216524
Warm A,606492,3683,3682,2107,1252,0,0.0066791824
Warm A,593809,3618,3617,2107,1252,0,0.009414608
Warm A,596553,3626,3625,2107,1252,1,0.0042205863
Warm A,939902,5675,5674,2107,1252,0,0.009520587
Warm A,758574,4510,4509,2107,1252,0,0.0038098958
Warm A,569199,3491,3490,2107,1252,1,0.009697951
Warm A,555777,3416,3415,2107,1252,0,-0.0005149455
Warm A,554480,3411,3410,2107,1252,0,0.012796353
Warm A,547377,3377,3376,2107,1252,0,0.007737682
Warm A,577152,3526,3525,2107,1252,0,-0.0076907277
Warm A,541509,3332,3331,2107,1252,0,0.0054832897
Warm A,535985,3308,3307,2107,1252,0,0.010053053
Warm A,532127,3285,3284,2107,1252,0,0.0022467591
Warm A,528167,3265,3264,2107,1252,0,0.0032744315
Warm A,520008,3208,3207,2107,1252,0,-8.3422754e-05
Warm A,516950,3191,3190,2107,1252,0,-0.0027277619
Warm A,566225,3476,3475,2107,1252,0,0.007453182
Warm A,509807,3140,3139,2107,1252,0,0.0005171527
Warm A,507225,3121,3120,2107,1252,1,0.008898137
Warm A,516448,3189,3188,2107,1252,0,-0.0046717944
Warm A,495996,3046,3045,2107,1252,0,-0.002876726
Warm A,494111,3032,3031,2107,1252,0,0.007935918
Warm A,487891,3001,3000,2107,1252,0,0.0023701205
Warm A,483494,2972,2971,2107,1252,0,-0.0019384515
Warm A,473591,2909,2908,2107,1252,1,0.0068516056
Warm A,710146,4260,4259,2107,1252,0,0.010040653
Warm A,463283,2857,2856,2107,1252,0,0.0022844118
Warm A,457900,2820,2819,2107,1252,0,0.0061630467
Warm A,790409,4728,4727,2107,1252,1,0.0064355074
Warm A,426467,2590,2589,2107,1252,1,0.004486336
Warm A,415753,2504,2503,2107,1252,0,0.006582094
Warm A,409606,2457,2456,2107,1252,0,-0.0063740076
Warm A,397189,2352,2351,2107,1252,0,0.0012078775
Warm A,406784,2444,2443,2107,1252,0,0.007223866
Warm A,371215,2169,2168,2107,1252,1,0.0047712764
Warm A,374056,2181,2180,2107,1252,1,0.009283487
Warm A,369910,2164,2163,2107,1252,1,-0.0039401706
Warm A,367326,2144,2143,2107,1252,1,0.0015726625
Warm A,366161,2131,2130,2107,1252,1,-0.00019641966
Warm A,363009,2116,2115,2107,1252,1,0.011254371
Warm A,358490,2098,2097,2107,1252,1,0.008639892
Warm A,361616,2109,2108,2107,1252,0,-0.0028082998
Warm A,344417,2021,2020,2107,1252,0,0.004786061
Warm A,323507,1919,1918,2107,1252,1,0.002634752
Warm A,297479,1764,1763,2107,1252,1,-0.007215279
Warm A,322339,1912,1911,2107,1252,0,0.0054722903
Warm A,303526,1803,1802,2107,1252,0,0.0020782207
Warm A,302125,1794,1793,2107,1252,0,0.008106251
Warm A,279185,1680,1679,2107,1252,1,0.0060318355
Warm A,277666,1676,1675,2107,1252,0,0.0028329398
Warm A,276941,1675,1674,2107,1252,0,-0.0010673453
Warm A,271458,1641,1640,2107,1252,0,-7.20378e-05
Warm A,275099,1666,1665,2107,1252,0,0.002531584
Warm A,273710,1650,1649,2107,1252,0,0.00511672
Warm A,267558,1626,1625,2107,1252,0,0.006332021
Warm A,392169,2304,2303,2107,1252,0,0.007358472
Warm A,360753,2106,2105,2107,1252,0,0.0076176906
Warm A,236374,1434,1433,2107,1252,0,0.00020612346
Warm A,221807,1341,1340,2107,1252,1,-0.0018757151
Warm A,221894,1342,1341,2107,1252,0,0.01527376
Warm A,225574,1366,1365,2107,1252,1,0.0039336374
Warm A,214083,1300,1299,2107,1252,1,0.010048059
Warm A,226381,1370,1369,2107,1252,0,0.00561142
Warm A,209195,1277,1276,2107,1252,1,-0.00070598954
Warm A,213439,1298,1297,2107,1252,1,0.0028222632
Warm A,210134,1284,1283,2107,1252,0,0.0033856416
Warm A,196497,1207,1206,2107,1252,0,0.00047896104
Warm A,194024,1195,1194,2107,1252,1,0.0039592073
Warm A,328078,1941,1940,2107,1252,0,0.0080880355
Warm A,183543,1142,1141,2107,1252,0,0.0062948293
Warm A,210914,1285,1284,2107,1252,0,0.0029554702
Warm A,307413,1835,1834,2107,1252,0,0.005232052
Warm A,175002,1109,1108,2107,1252,0,-0.0008458586
Warm A,256185,1562,1561,2107,1252,0,0.0048320987
Warm A,183987,1146,1145,2107,1252,0,-0.0046113487
Warm A,175503,1112,1111,2107,1252,0,0.01078128
Warm A,166832,1061,1060,2107,1252,0,0.0044999802
Warm A,221317,1340,1339,2107,1252,0,0.005102475
Warm A,159243,1017,1016,2107,1252,0,5.1893294e-06
Warm A,217026,1317,1316,2107,1252,0,0.0019508768
Warm A,156840,1010,1009,2107,1252,0,0.0064780535
Warm A,134246,869,868,2107,1252,1,0.011596915
Warm A,131898,854,853,2107,1252,0,0.0044143666
Warm A,351804,2063,2062,2107,1252,0,0.013771593
Warm A,138246,889,888,2107,1252,0,0.008142515
Warm A,263294,1605,1604,2107,1252,0,0.0076762997
Warm A,126573,817,816,2107,1252,0,0.00070742785
Warm A,125541,808,807,2107,1252,1,0.011773646
Warm A,114836,746,745,2107,1252,0,0.0116905505
Warm A,114084,741,740,2107,1252,1,-0.0027762908
Warm A,117487,757,756,2107,1252,0,0.0018685097
Warm A,107175,705,704,2107,1252,0,-0.0004907157
Warm A,107927,710,709,2107,1252,0,0.00020719972
Warm A,176922,1117,1116,2107,1252,0,-0.0019030722
Warm A,82499,548,547,2107,1252,0,0.003866002
Warm A,108705,712,711,2107,1252,0,-8.2897954e-05
Warm A,57710,390,389,2107,1252,0,0.0083788615
Warm A,68204,457,456,2107,1252,0,-0.0030118003
Warm A,46550,310,309,2107,1252,1,0.0068544154
Warm A,45277,305,304,2107,1252,0,0.0021042107
Warm A,44861,302,301,2107,1252,0,0.0073692193
Warm A,42013,284,283,2107,1252,0,0.003429859
Warm A,31125,208,207,2107,1252,0,0.009434029
Warm A,291382,1737,1736,2107,1252,0,-0.0038535343
Warm A,54675,355,354,2107,1252,0,-0.010429651
Warm A,234953,1425,1424,2107,1252,1,0.004383645
Warm A,99839,667,666,2107,1252,0,0.0036839172
Warm A,22749,163,162,2107,1252,0,0.0057609826
Warm A,15850,123,122,2107,1252,0,0.0006246171
Warm A,6487,46,45,2107,1252,1,0.007533895
Warm A,6131,44,43,2107,1252,0,0.005452182
Warm A,116831,753,752,2107,1252,1,0.0037964063
Warm A,696257,4169,4168,2107,1252,0,0.010382649
Warm A,237884,1447,1446,2107,1252,0,0.007247183
Warm A,251864,1524,1523,2107,1252,0,0.0025335029
Warm A,365745,2129,2128,2107,1252,1,0.012691895
Warm A,290182,1733,1732,2107,1252,0,0.0016796559
Warm A,265072,1611,1610,2107,1252,0,-0.0027277423
Warm A,682420,4085,4084,2107,1252,1,0.0057722437
Warm A,760656,4520,4519,2107,1252,1,0.003769992
Warm A,79376,531,530,2107,1252,0,0.0016031591
Warm A,907637,5492,5491,2107,1252,0,0.006779747
Warm A,137226,884,883,2107,1252,0,0.011400644
Warm A,562564,3462,3461,2107,1252,0,0.013308082
Warm A,689844,4126,4125,2107,1252,0,0.0018133558
Warm A,474359,2910,2909,2107,1252,0,0.011076331
Warm A,62906,424,423,2107,1252,1,0.0005837884
Warm A,936534,5650,5649,2107,1252,0,0.0064799394
Warm A,171601,1088,1087,2107,1252,0,0.0017289994
Warm A,937209,5654,5653,2107,1252,0,-0.0016722251
Warm A,133287,860,859,2113,1258,1,0.007152559
Warm A,133170,859,858,2113,1258,0,-0.008816597
Warm A,125543,808,807,2113,1258,0,0.006865208
Warm A,574300,3516,3515,2113,1258,0,0.004723442
Warm A,92746,621,620,2113,1258,0,0.006298746
Warm A,115381,749,748,2113,1258,0,0.009908697
Warm A,81658,543,542,2113,1258,0,0.0053022634
Warm A,45279,305,304,2113,1258,0,0.0039981958
Warm A,44878,302,301,2113,1258,0,0.0021902379
Warm A,238913,1448,1447,2113,1258,0,0.011709973
Warm A,41291,278,277,2113,1258,0,0.006082018
Warm A,22760,163,162,2113,1258,0,0.013042871
Warm A,14734,117,116,2113,1258,0,0.02255385
Warm A,365748,2129,2128,2113,1258,0,0.0038672937
Warm A,265076,1611,1610,2113,1258,0,0.013657444
Warm A,237892,1447,1446,2113,1258,0,0.012397265
Warm A,62914,424,423,2113,1258,0,0.014779357
Warm A,328090,1941,1940,2113,1258,0,0.019189682
Warm A,28542,195,194,2113,1258,0,0.027871776
Warm A,596561,3626,3625,2119,1264,0,0.0070643206
Warm A,577745,3528,3527,2119,1264,0,0.0022189815
Warm A,569210,3491,3490,2119,1264,0,0.0054373657
Warm A,581324,3550,3549,2119,1264,0,0.008217688
Warm A,771741,4600,4599,2119,1264,0,0.007718858
Warm A,573532,3512,3511,2119,1264,0,0.011017498
Warm A,645270,3885,3884,2119,1264,0,0.0017402973
Warm A,550126,3391,3390,2119,1264,0,0.008274721
Warm A,537127,3311,3310,2119,1264,0,0.00565637
Warm A,532137,3285,3284,2119,1264,0,0.016308881
Warm A,520014,3208,3207,2119,1264,0,0.005401892
Warm A,517636,3195,3194,2119,1264,1,0.011388158
Warm A,566238,3476,3475,2119,1264,0,0.009277571
Warm A,605782,3681,3680,2119,1264,0,0.017008128
Warm A,494123,3032,3031,2119,1264,1,0.0029837175
Warm A,738147,4411,4410,2119,1264,0,0.00040427223
Warm A,486630,2995,2994,2119,1264,0,0.002435449
Warm A,539890,3320,3319,2119,1264,0,0.014452121
Warm A,479255,2941,2940,2119,1264,0,-0.00064429524
Warm A,473604,2909,2908,2119,1264,1,0.007016875
Warm A,426473,2590,2589,2119,1264,0,0.002782897
Warm A,424714,2576,2575,2119,1264,0,0.005368271
Warm A,409615,2457,2456,2119,1264,0,0.0038480759
Warm A,409192,2456,2455,2119,1264,0,0.008031225
Warm A,412387,2481,2480,2119,1264,0,-0.0043546534
Warm A,406586,2439,2438,2119,1264,0,0.0044356016
Warm A,402003,2400,2399,2119,1264,0,-0.00044680614
Warm A,385270,2251,2250,2119,1264,0,-0.004440544
Warm A,367327,2144,2143,2119,1264,0,0.0026725985
Warm A,375577,2188,2187,2119,1264,0,0.018286088
Warm A,348437,2042,2041,2119,1264,0,0.012003864
Warm A,305631,1819,1818,2119,1264,0,-0.0029675548
Warm A,322344,1912,1911,2119,1264,0,0.004737504
Warm A,290919,1736,1735,2119,1264,0,0.0030447857
Warm A,291388,1737,1736,2119,1264,1,0.011525618
Warm A,279213,1680,1679,2119,1264,1,0.004420484
Warm A,276948,1675,1674,2119,1264,0,0.0028254613
Warm A,247672,1496,1495,2119,1264,0,0.021575287
Warm A,226085,1369,1368,2119,1264,0,-0.00028919894
Warm A,277675,1676,1675,2119,1264,1,0.0061238855
Warm A,205797,1264,1263,2119,1264,0,0.015195388
Warm A,243930,1470,1469,2119,1264,0,0.009539034
Warm A,328094,1941,1940,2119,1264,0,-0.00043589761
Warm A,307422,1835,1834,2119,1264,0,0.011255102
Warm A,183992,1146,1145,2119,1264,0,0.006266128
Warm A,160622,1020,1019,2119,1264,0,0.0061858674
Warm A,159249,1017,1016,2119,1264,0,0.008062492
Warm A,221328,1340,1339,2119,1264,0,0.004287193
Warm A,134255,869,868,2119,1264,0,0.013588678
Warm A,124874,802,801,2119,1264,0,0.006156129
Warm A,105602,698,697,2119,1264,0,0.005456632
Warm A,351819,2063,2062,2119,1264,0,0.005060724
Warm A,92748,621,620,2119,1264,0,-0.005851743
Warm A,140688,904,903,2119,1264,0,0.0047585126
Warm A,86954,567,566,2119,1264,1,0.0057700225
Warm A,81662,543,542,2119,1264,1,0.0023907286
Warm A,82502,548,547,2119,1264,0,0.008465812
Warm A,57717,390,389,2119,1264,1,0.006169369
Warm A,240057,1449,1448,2119,1264,0,0.0032488713
Warm A,45282,305,304,2119,1264,0,0.004026175
Warm A,42024,284,283,2119,1264,1,0.009376632
Warm A,41295,278,277,2119,1264,1,0.0052679502
Warm A,269935,1635,1634,2119,1264,0,-4.9935887e-05
Warm A,639093,3842,3841,2119,1264,0,0.005107383
Warm A,238918,1448,1447,2119,1264,0,0.0026902435
Warm A,14744,117,116,2119,1264,0,0.0048389477
Warm A,299060,1776,1775,2119,1264,0,-0.0043543833
Warm A,237897,1447,1446,2119,1264,0,0.00406971
Warm A,622104,3768,3767,2119,1264,0,0.00030749477
Warm A,164535,1051,1050,2119,1264,0,0.007350336
Warm A,206850,1266,1265,2119,1264,0,0.0053643873
Warm A,562570,3462,3461,2119,1264,0,0.003946638
Warm A,261183,1597,1596,2119,1264,0,0.008874423
Warm A,286708,1712,1711,2119,1264,0,0.006736815
Warm A,760657,4520,4519,2119,1264,0,0.004930335
Warm A,310669,1851,1850,2119,1264,0,-0.00065136515
Warm A,290194,1733,1732,2119,1264,0,0.0050840974
Warm A,88331,583,582,2119,1264,0,0.0021090468
Warm A,3143,23,22,2119,1264,0,0.00847934
Warm A,366164,2131,2130,2119,1264,0,0.0007352474
Warm A,348018,2041,2040,2119,1264,0,0.0016042585
Warm A,454588,2796,2795,2119,1264,0,-0.010694377
Warm A,892951,5394,5393,2119,1264,0,0.0067193387
Warm A,44885,302,301,2119,1264,0,0.011089614
Warm A,62921,424,423,2119,1264,0,0.006375859
Warm A,331593,1958,1957,2119,1264,0,0.009075541
Warm A,933450,5636,5635,2119,1264,0,0.0097183455
Warm A,628368,3806,3805,2148,1289,0,0.0055061216
Warm A,628693,3807,3806,2148,1289,0,-0.0026510565
Warm A,628166,3804,3803,2148,1289,0,-0.00040790532
Warm A,627940,3801,3800,2148,1289,1,-0.0006006686
Warm A,638186,3841,3840,2148,1289,0,0.0043267505
Warm A,625501,3780,3779,2148,1289,1,0.0027613332
Warm A,624825,3778,3777,2148,1289,0,0.003217533
Warm A,623391,3771,3770,2148,1289,0,0.008861341
Warm A,615662,3727,3726,2148,1289,0,-0.0010313457
Warm A,607986,3689,3688,2148,1289,0,-0.0032073166
Warm A,744905,4448,4447,2148,1289,1,0.004049508
Warm A,606530,3683,3682,2148,1289,0,-0.0042679114
Warm A,633286,3824,3823,2148,1289,0,0.0048013357
Warm A,596597,3626,3625,2148,1289,1,-0.005722487
Warm A,731193,4375,4374,2148,1289,1,0.0007118201
Warm A,583457,3562,3561,2148,1289,0,-0.0102281235
Warm A,577764,3528,3527,2148,1289,0,-0.005680184
Warm A,569246,3491,3490,2148,1289,1,-0.0063233445
Warm A,584715,3569,3568,2148,1289,1,-0.0029349863
Warm A,543920,3352,3351,2148,1289,1,-0.0018671099
Warm A,571079,3503,3502,2148,1289,1,-0.00043076277
Warm A,537169,3311,3310,2148,1289,0,0.0017046474
Warm A,539915,3320,3319,2148,1289,0,0.0052963695
Warm A,528195,3265,3264,2148,1289,0,-0.0012035575
Warm A,512872,3163,3162,2148,1289,0,0.0006307699
Warm A,566279,3476,3475,2148,1289,0,-0.005017493
Warm A,605807,3681,3680,2148,1289,0,0.0030885746
Warm A,516471,3189,3188,2148,1289,1,-0.0020302422
Warm A,501787,3081,3080,2148,1289,0,0.006131908
Warm A,718576,4305,4304,2148,1289,0,0.0072048074
Warm A,641060,3853,3852,2148,1289,1,0.0066046836
Warm A,483948,2976,2975,2148,1289,0,0.0030544184
Warm A,529729,3272,3271,2148,1289,0,0.0019176186
Warm A,479272,2941,2940,2148,1289,0,0.011414203
Warm A,696342,4169,4168,2148,1289,0,0.009037297
Warm A,517890,3196,3195,2148,1289,0,-0.009389904
Warm A,469985,2895,2894,2148,1289,1,-0.010723831
Warm A,710157,4260,4259,2148,1289,1,0.0019387249
Warm A,754687,4497,4496,2148,1289,1,-0.0024302094
Warm A,463329,2857,2856,2148,1289,1,0.009118704
Warm A,462242,2852,2851,2148,1289,1,0.0042932406
Warm A,446418,2752,2751,2148,1289,0,0.0032403888
Warm A,426496,2590,2589,2148,1289,0,0.00051300426
Warm A,419784,2537,2536,2148,1289,1,0.0038699624
Warm A,415369,2501,2500,2148,1289,0,0.00027099834
Warm A,409643,2457,2456,2148,1289,1,-0.003014192
Warm A,397201,2352,2351,2148,1289,0,0.009000853
Warm A,368631,2155,2154,2148,1289,1,-0.0072091273
Warm A,368382,2153,2152,2148,1289,0,-0.0007718485
Warm A,342492,2015,2014,2148,1289,0,0.005819439
Warm A,310992,1852,1851,2148,1289,0,-0.0025889552
Warm A,298538,1770,1769,2148,1289,0,0.010799658
Warm A,288278,1722,1721,2148,1289,0,0.00021962961
Warm A,285746,1704,1703,2148,1289,0,-0.0031502307
Warm A,279296,1680,1679,2148,1289,1,-0.006560854
Warm A,277713,1676,1675,2148,1289,0,1.7974759e-05
Warm A,280479,1683,1682,2148,1289,0,-0.0033788749
Warm A,299084,1776,1775,2148,1289,1,0.0051243403
Warm A,267571,1626,1625,2148,1289,0,-0.0055439807
Warm A,247706,1496,1495,2148,1289,0,0.00031692674
Warm A,227155,1377,1376,2148,1289,0,0.013425741
Warm A,224498,1357,1356,2148,1289,0,0.010482587
Warm A,335934,1980,1979,2148,1289,1,0.009136545
Warm A,328159,1941,1940,2148,1289,0,0.007901786
Warm A,214877,1303,1302,2148,1289,0,-0.0015064604
Warm A,307459,1835,1834,2148,1289,0,-0.0030426825
Warm A,180315,1128,1127,2148,1289,0,-0.0052626366
Warm A,196520,1207,1206,2148,1289,0,-0.003888943
Warm A,173674,1100,1099,2148,1289,0,0.0021252844
Warm A,184010,1146,1145,2148,1289,1,2.3601344e-05
Warm A,165638,1056,1055,2148,1289,0,-0.0003360461
Warm A,331627,1958,1957,2148,1289,0,0.00045363745
Warm A,158237,1015,1014,2148,1289,0,0.00057525374
Warm A,221364,1340,1339,2148,1289,0,-0.0056458283
Warm A,134301,869,868,2148,1289,1,0.00010728324
Warm A,263353,1605,1604,2148,1289,0,-0.005449257
Warm A,125557,808,807,2148,1289,0,-0.005835207
Warm A,351877,2063,2062,2148,1289,0,-0.003790841
Warm A,140700,904,903,2148,1289,0,-0.011198761
Warm A,86650,566,565,2148,1289,0,0.0075432668
Warm A,81694,543,542,2148,1289,1,0.006065945
Warm A,82509,548,547,2148,1289,0,0.0051148837
Warm A,77549,524,523,2148,1289,0,-0.0091608465
Warm A,80211,533,532,2148,1289,1,-0.010032875
Warm A,67455,453,452,2148,1289,0,-0.0049253833
Warm A,57544,390,389,2148,1289,1,0.008118719
Warm A,53399,352,351,2148,1289,0,0.0004218435
Warm A,41618,284,283,2148,1289,0,-0.010905943
Warm A,41126,278,277,2148,1289,1,0.0046638404
Warm A,36162,245,244,2148,1289,0,0.0005783425
Warm A,17996,139,138,2148,1289,0,0.0014799801
Warm A,290235,1733,1732,2148,1289,0,0.0020101378
Warm A,7444,53,52,2148,1289,1,-0.008693342
Warm A,206885,1266,1265,2148,1289,0,-0.009817275
Warm A,552367,3401,3400,2148,1289,0,0.0015969942
Warm A,954227,5761,5760,2148,1289,0,-0.0073420005
Warm A,365771,2129,2128,2148,1289,0,0.0067346366
Warm A,106076,699,698,2148,1289,0,0.0022230458
Warm A,102280,678,677,2148,1289,0,0.0053723943
Warm A,164576,1051,1050,2148,1289,0,0.0046382435
Warm A,2901,23,22,2148,1289,1,0.0061373794
Warm A,599275,3648,3647,2148,1289,0,-0.0045442716
Warm A,473660,2909,2908,2148,1289,0,0.012809651
Warm A,474367,2910,2909,2148,1289,0,-0.00025155907
Warm A,62978,424,423,2148,1289,0,-0.0028620448
Warm A,550175,3391,3390,2148,1289,0,0.0076392116
Warm A,424726,2576,2575,2149,1290,0,0.0002488671
Warm A,409644,2457,2456,2149,1290,0,0.010075905
Warm A,397203,2352,2351,2149,1290,0,-0.00461246
Warm A,369935,2164,2163,2149,1290,0,0.0054771043
Warm A,340044,2006,2005,2149,1290,1,-0.0029375334
Warm A,297511,1764,1763,2149,1290,1,0.0050719795
Warm A,298539,1770,1769,2149,1290,0,-0.005056796
Warm A,290933,1736,1735,2149,1290,0,0.0038189976
Warm A,288280,1722,1721,2149,1290,0,0.0052895667
Warm A,291419,1737,1736,2149,1290,0,-0.0021266006
Warm A,279297,1680,1679,2149,1290,0,-0.0044091167
Warm A,276984,1675,1674,2149,1290,0,-0.0011651551
Warm A,267572,1626,1625,2149,1290,0,-5.1316398e-05
Warm A,247707,1496,1495,2149,1290,0,0.0005873537
Warm A,227156,1377,1376,2149,1290,0,-0.011076467
Warm A,224499,1357,1356,2149,1290,0,0.0047291527
Warm A,221902,1342,1341,2149,1290,0,0.00092416676
Warm A,277715,1676,1675,2149,1290,0,-0.000121212564
Warm A,307461,1835,1834,2149,1290,0,-0.0003466421
Warm A,180316,1128,1127,2149,1290,0,0.004973343
Warm A,173676,1100,1099,2149,1290,0,0.00036931783
Warm A,184011,1146,1145,2149,1290,0,-0.0055744154
Warm A,328161,1941,1940,2149,1290,0,0.0059926147
Warm A,159283,1017,1016,2149,1290,1,-0.008132771
Warm A,155887,1004,1003,2149,1290,0,0.001802325
Warm A,125559,808,807,2149,1290,0,-0.0015483879
Warm A,351878,2063,2062,2149,1290,0,0.004122877
Warm A,81696,543,542,2149,1290,1,-0.008400571
Warm A,41128,278,277,2149,1290,0,0.0016661006
Warm A,36164,245,244,2149,1290,0,0.008340541
Warm A,14311,117,116,2149,1290,1,0.0043340237
Warm A,206886,1266,1265,2149,1290,0,-0.003180055
Warm A,299085,1776,1775,2149,1290,0,-0.0031169532
Warm A,102282,678,677,2149,1290,0,-0.0008130644
Warm A,2902,23,22,2149,1290,0,0.0027051615
Warm A,879033,5312,5311,2149,1290,0,0.0001505334
Warm A,62980,424,423,2149,1290,0,0.010419153
Warm A,310697,1851,1850,2149,1290,0,0.0019037229
Warm A,267216,1624,1623,2149,1290,0,0.0038679182
Warm A,335935,1980,1979,2149,1290,0,0.005900328
Warm A,290237,1733,1732,2149,1290,0,0.009371756
Warm A,156893,1010,1009,2149,1290,0,0.0047853272
Warm A,136604,881,880,2149,1290,1,0.0027096863
Warm A,538528,3313,3312,2151,1292,0,0.00819139
Warm A,539920,3320,3319,2151,1292,1,0.0009996486
Warm A,515496,3182,3181,2151,1292,0,0.0027546254
Warm A,514410,3177,3176,2151,1292,1,0.0065037184
Warm A,512878,3163,3162,2151,1292,0,-0.0016662366
Warm A,500262,3072,3071,2151,1292,0,-0.0049895155
Warm A,492757,3029,3028,2151,1292,0,0.011046022
Warm A,493399,3031,3030,2151,1292,1,0.004437797
Warm A,483087,2968,2967,2151,1292,1,-0.0012900119
Warm A,529733,3272,3271,2151,1292,0,0.010708577
Warm A,485068,2986,2985,2151,1292,0,0.0048310817
Warm A,468446,2887,2886,2151,1292,0,-0.0018850961
Warm A,472597,2907,2906,2151,1292,0,0.000126536
Warm A,466845,2878,2877,2151,1292,1,-0.0007225303
Warm A,450883,2777,2776,2151,1292,1,0.002022472
Warm A,438841,2681,2680,2151,1292,1,0.0025307694
Warm A,425075,2580,2579,2151,1292,1,0.0018680587
Warm A,423177,2565,2564,2151,1292,0,0.0063348464
Warm A,407544,2447,2446,2151,1292,1,-0.0070220027
Warm A,392214,2304,2303,2151,1292,1,-0.0014217212
Warm A,375597,2188,2187,2151,1292,0,0.0015511902
Warm A,368808,2156,2155,2151,1292,0,0.002919735
Warm A,364779,2124,2123,2151,1292,1,0.008532576
Warm A,346993,2035,2034,2151,1292,1,0.00055912544
Warm A,298541,1770,1769,2151,1292,0,0.0020137574
Warm A,290935,1736,1735,2151,1292,0,0.0023260089
Warm A,280482,1683,1682,2151,1292,0,0.011260576
Warm A,287145,1714,1713,2151,1292,0,-0.00049767783
Warm A,272960,1647,1646,2151,1292,0,0.0040194327
Warm A,273493,1648,1647,2151,1292,1,-0.001716631
Warm A,286266,1709,1708,2151,1292,1,0.00042849174
Warm A,268532,1631,1630,2151,1292,1,0.012411973
Warm A,350727,2059,2058,2151,1292,1,0.004143686
Warm A,247712,1496,1495,2151,1292,0,-0.012265278
Warm A,279309,1680,1679,2151,1292,0,-0.0051625567
Warm A,188087,1167,1166,2151,1292,0,-0.00400363
Warm A,328169,1941,1940,2151,1292,0,0.000932178
Warm A,272214,1645,1644,2151,1292,0,-0.00085407635
Warm A,159288,1017,1016,2151,1292,0,0.0008017267
Warm A,157564,1014,1013,2151,1292,1,0.0013479172
Warm A,149945,965,964,2151,1292,1,-0.0021077541
Warm A,221366,1340,1339,2151,1292,0,-0.00069674617
Warm A,185325,1150,1149,2151,1292,0,0.0050410368
Warm A,217076,1317,1316,2151,1292,1,0.006411035
Warm A,126597,817,816,2151,1292,1,-0.008022632
Warm A,118100,764,763,2151,1292,0,-0.002728961
Warm A,210982,1285,1284,2151,1292,0,-0.0031261677
Warm A,240115,1449,1448,2151,1292,0,-0.0090176985
Warm A,105429,697,696,2151,1292,0,0.008937845
Warm A,179599,1125,1124,2151,1292,1,0.007056161
Warm A,94952,637,636,2151,1292,1,0.006504467
Warm A,351884,2063,2062,2151,1292,0,0.008636998
Warm A,228285,1383,1382,2151,1292,1,0.002184227
Warm A,190974,1181,1180,2151,1292,0,-0.0013351717
Warm A,84203,550,549,2151,1292,0,0.0057423012
Warm A,70446,475,474,2151,1292,0,0.00096888863
Warm A,41626,284,283,2151,1292,1,0.003981814
Warm A,35717,242,241,2151,1292,0,-0.002489956
Warm A,626799,3792,3791,2151,1292,1,-0.0011437931
Warm A,31729,216,215,2151,1292,1,-0.006324007
Warm A,66061,442,441,2151,1292,1,-0.0010212872
Warm A,552373,3401,3400,2151,1292,0,0.003291021
Warm A,892979,5394,5393,2151,1292,1,-0.0047424864
Warm A,257687,1579,1578,2151,1292,0,0.0047742054
Warm A,326109,1930,1929,2151,1292,0,-0.00674357
Warm A,470737,2898,2897,2151,1292,0,0.004141167
Warm A,484612,2985,2984,2151,1292,0,-0.0040113507
Warm A,718579,4305,4304,2151,1292,0,0.003479125
Warm A,234123,1422,1421,2152,1293,0,0.0017833589
Warm A,10438,75,74,2152,1293,1,0.0059739444
Warm A,285330,1701,1700,2152,1293,0,0.0062587196
Warm A,19152,148,147,2152,1293,1,0.004925735
Warm A,49107,329,328,2152,1293,0,0.006521244
Warm A,335177,1978,1977,2152,1293,0,0.007017863
Warm A,489628,3013,3012,2152,1293,0,0.0016997559
Warm A,907647,5492,5491,2152,1293,0,0.0017430126
Warm A,116842,753,752,2152,1293,1,0.0005781404
Warm A,658394,3967,3966,2154,1295,0,0.0008550838
Warm A,575360,3519,3518,2154,1295,0,0.011842685
Warm A,577211,3526,3525,2154,1295,0,0.0017563398
Warm A,579990,3540,3539,2154,1295,0,0.0082400385
Warm A,536028,3308,3307,2154,1295,0,0.013602999
Warm A,533358,3292,3291,2154,1295,0,0.016248424
Warm A,524730,3239,3238,2154,1295,1,0.006822789
Warm A,503637,3095,3094,2154,1295,1,0.010713698
Warm A,500836,3076,3075,2154,1295,0,0.008599924
Warm A,498509,3062,3061,2154,1295,0,0.009018233
Warm A,574775,3518,3517,2154,1295,1,0.009895337
Warm A,494176,3032,3031,2154,1295,1,0.013052069
Warm A,478087,2934,2933,2154,1295,0,0.009259604
Warm A,466003,2873,2872,2154,1295,0,0.00856658
Warm A,456471,2810,2809,2154,1295,0,0.008974278
Warm A,450885,2777,2776,2154,1295,0,0.005270811
Warm A,445145,2745,2744,2154,1295,1,0.003422541
Warm A,444667,2743,2742,2154,1295,0,0.0040474506
Warm A,438842,2681,2680,2154,1295,0,0.009935191
Warm A,424041,2570,2569,2154,1295,0,0.0048298
Warm A,420478,2541,2540,2154,1295,0,0.008771446
Warm A,416101,2506,2505,2154,1295,1,0.0063207587
Warm A,463770,2858,2857,2154,1295,1,-0.003480652
Warm A,408228,2453,2452,2154,1295,0,0.012544233
Warm A,464177,2860,2859,2154,1295,0,0.0067396937
Warm A,404555,2419,2418,2154,1295,0,0.0074157286
Warm A,395152,2334,2333,2154,1295,0,0.009974438
Warm A,393115,2309,2308,2154,1295,0,0.0034690588
Warm A,387293,2264,2263,2154,1295,0,-0.0006352019
Warm A,381325,2230,2229,2154,1295,0,0.0018869921
Warm A,364452,2123,2122,2154,1295,1,0.004508199
Warm A,283551,1697,1696,2154,1295,0,0.014991133
Warm A,259487,1587,1586,2154,1295,0,0.0071222265
Warm A,272963,1647,1646,2154,1295,0,0.019629829
Warm A,203544,1249,1248,2154,1295,0,-0.0041459403
Warm A,279314,1680,1679,2154,1295,1,0.012268718
Warm A,192374,1184,1183,2154,1295,0,0.0023891637
Warm A,188986,1172,1171,2154,1295,0,0.00833537
Warm A,263358,1605,1604,2154,1295,1,0.011262887
Warm A,169816,1078,1077,2154,1295,1,0.011136788
Warm A,175542,1112,1111,2154,1295,0,0.02258453
Warm A,166478,1059,1058,2154,1295,0,0.008963667
Warm A,328173,1941,1940,2154,1295,0,0.0116658425
Warm A,324432,1922,1921,2154,1295,0,0.0134813655
Warm A,138337,889,888,2154,1295,0,0.0050847037
Warm A,124901,802,801,2154,1295,0,0.012933725
Warm A,123901,798,797,2154,1295,0,0.0068596336
Warm A,123707,797,796,2154,1295,1,0.00012066378
Warm A,223559,1354,1353,2154,1295,0,0.008873409
Warm A,111873,728,727,2154,1295,0,-1.549488e-05
Warm A,100861,673,672,2154,1295,0,0.017446531
Warm A,332668,1962,1961,2154,1295,0,0.007220725
Warm A,228286,1383,1382,2154,1295,0,0.0069665625
Warm A,238974,1448,1447,2154,1295,0,0.0011131933
Warm A,73675,499,498,2154,1295,1,0.0051573897
Warm A,59321,403,402,2154,1295,0,0.011424358
Warm A,74859,509,508,2154,1295,0,0.004972646
Warm A,78477,528,527,2154,1295,1,0.01124458
Warm A,363054,2116,2115,2154,1295,0,0.010050558
Warm A,31139,209,208,2154,1295,0,0.0044685206
Warm A,311732,1858,1857,2154,1295,1,0.011118602
Warm A,29023,199,198,2154,1295,0,0.011616274
Warm A,26240,187,186,2154,1295,0,0.005808102
Warm A,22301,163,162,2154,1295,0,0.012007781
Warm A,9081,62,61,2154,1295,0,0.012897381
Warm A,7456,53,52,2154,1295,1,0.0043029864
Warm A,3457,26,25,2154,1295,0,0.009306626
Warm A,696350,4169,4168,2154,1295,0,0.018292435
Warm A,20589,151,150,2154,1295,0,0.011171881
Warm A,964070,5812,5811,2154,1295,0,0.00859575
Warm A,104342,692,691,2154,1295,0,0.0041265446
Warm A,531042,3280,3279,2154,1295,0,0.01674173
Warm A,330970,1954,1953,2154,1295,1,0.014121898
Warm A,51293,338,337,2154,1295,1,0.00554625
Warm A,79425,531,530,2154,1295,0,0.011426473
Warm A,242348,1463,1462,2154,1295,0,0.014669329
Warm A,565597,3475,3474,2154,1295,0,0.004084379
Warm A,793423,4744,4743,2154,1295,0,0.009393439
Warm A,33852,229,228,2154,1295,1,0.0104574235
Warm A,974340,5878,5877,2154,1295,0,0.0140629
Warm A,568124,3486,3485,2162,1300,0,0.0035550056
Warm A,567503,3483,3482,2162,1300,1,0.018008001
Warm A,584731,3569,3568,2162,1300,0,0.0036011594
Warm A,562075,3458,3457,2162,1300,0,0.0048672804
Warm A,559102,3434,3433,2162,1300,0,0.008058409
Warm A,558964,3433,3432,2162,1300,0,0.0037387435
Warm A,555256,3414,3413,2162,1300,1,0.0059061702
Warm A,550205,3391,3390,2162,1300,0,0.016745564
Warm A,543722,3349,3348,2162,1300,1,0.002112348
Warm A,541651,3333,3332,2162,1300,0,0.018241026
Warm A,537193,3311,3310,2162,1300,0,0.003235875
Warm A,536038,3308,3307,2162,1300,0,0.006784758
Warm A,527453,3261,3260,2162,1300,0,0.0107572535
Warm A,738175,4411,4410,2162,1300,0,0.0117417
Warm A,501800,3081,3080,2162,1300,0,0.012113262
Warm A,489637,3013,3012,2162,1300,0,-0.0026819115
Warm A,487580,2999,2998,2162,1300,0,0.0013855319
Warm A,472614,2907,2906,2162,1300,0,0.018047098
Warm A,468933,2888,2887,2162,1300,1,0.015049477
Warm A,466857,2878,2877,2162,1300,1,-0.001494131
Warm A,436469,2665,2664,2162,1300,1,0.02387232
Warm A,574317,3516,3515,2162,1300,0,0.011486412
Warm A,424124,2571,2570,2162,1300,1,0.016546374
Warm A,421893,2551,2550,2162,1300,0,0.0060157506
Warm A,408700,2454,2453,2162,1300,0,0.0048689167
Warm A,388517,2274,2273,2162,1300,1,-0.0020102519
Warm A,384886,2248,2247,2162,1300,1,0.008852521
Warm A,383703,2242,2241,2162,1300,0,0.012000993
Warm A,373457,2180,2179,2162,1300,0,0.010615493
Warm A,371697,2172,2171,2162,1300,0,0.0075435047
Warm A,369067,2157,2156,2162,1300,0,-0.001972535
Warm A,367925,2148,2147,2162,1300,0,0.019380849
Warm A,354134,2073,2072,2162,1300,0,0.0070988643
Warm A,361674,2109,2108,2162,1300,0,0.020217687
Warm A,341620,2012,2011,2162,1300,0,0.02081272
Warm A,333879,1969,1968,2162,1300,0,0.0107109
Warm A,315294,1880,1879,2162,1300,0,0.0149483895
Warm A,300833,1783,1782,2162,1300,0,0.00456014
Warm A,292705,1742,1741,2162,1300,0,0.015132546
Warm A,288899,1726,1725,2162,1300,0,0.011046903
Warm A,297523,1764,1763,2162,1300,1,0.012186857
Warm A,338873,1996,1995,2162,1300,0,0.019543003
Warm A,360820,2106,2105,2162,1300,0,0.0119337905
Warm A,342517,2015,2014,2162,1300,0,0.017037494
Warm A,231464,1403,1402,2162,1300,0,0.015231822
Warm A,277733,1676,1675,2162,1300,0,0.019492175
Warm A,272977,1647,1646,2162,1300,0,0.008118656
Warm A,303882,1805,1804,2162,1300,1,0.019410357
Warm A,279341,1680,1679,2162,1300,0,0.010013863
Warm A,213487,1298,1297,2162,1300,0,0.0009889401
Warm A,328192,1941,1940,2162,1300,0,0.004138237
Warm A,186368,1152,1151,2162,1300,0,0.01416117
Warm A,181605,1135,1134,2162,1300,1,0.002052385
Warm A,203117,1246,1245,2162,1300,0,0.015890593
Warm A,177580,1119,1118,2162,1300,0,0.009769178
Warm A,346227,2030,2029,2162,1300,0,0.008301217
Warm A,263374,1605,1604,2162,1300,0,0.012471598
Warm A,248849,1501,1500,2162,1300,0,0.01263016
Warm A,175554,1112,1111,2162,1300,0,0.015731774
Warm A,163163,1042,1041,2162,1300,0,0.0053621302
Warm A,363951,2120,2119,2162,1300,0,0.0055109896
Warm A,155895,1004,1003,2162,1300,0,0.015561023
Warm A,156913,1010,1009,2162,1300,0,0.020554537
Warm A,276995,1675,1674,2162,1300,0,0.011288736
Warm A,134319,869,868,2162,1300,0,0.010573648
Warm A,127300,822,821,2162,1300,1,0.007497252
Warm A,126605,817,816,2162,1300,0,0.006833364
Warm A,124259,800,799,2162,1300,1,0.010506181
Warm A,124076,799,798,2162,1300,0,0.0055663027
Warm A,123904,798,797,2162,1300,1,0.01161178
Warm A,178161,1120,1119,2162,1300,0,0.011397634
Warm A,121163,780,779,2162,1300,0,0.014242448
Warm A,120433,777,776,2162,1300,0,0.015326147
Warm A,117520,757,756,2162,1300,0,0.00492293
Warm A,175020,1109,1108,2162,1300,0,0.0089744
Warm A,114465,744,743,2162,1300,0,0.0019259444
Warm A,110370,720,719,2162,1300,0,0.013667393
Warm A,112504,731,730,2162,1300,0,0.005074602
Warm A,216431,1314,1313,2162,1300,0,0.0015904513
Warm A,100565,671,670,2162,1300,0,0.015741795
Warm A,108726,712,711,2162,1300,0,0.010004253
Warm A,87455,571,570,2162,1300,0,0.013938891
Warm A,86139,563,562,2162,1300,0,0.007757675
Warm A,85912,561,560,2162,1300,0,0.0047057136
Warm A,81708,543,542,2162,1300,0,0.0136854425
Warm A,84221,550,549,2162,1300,0,-0.002110531
Warm A,64958,436,435,2162,1300,1,0.003701935
Warm A,65382,438,437,2162,1300,0,0.009629145
Warm A,54718,357,356,2162,1300,0,0.006790832
Warm A,53436,352,351,2162,1300,0,0.014680013
Warm A,14340,117,116,2162,1300,0,0.019634254
Warm A,12234,93,92,2162,1300,0,0.012525557
Warm A,11148,83,82,2162,1300,0,0.0105927605
Warm A,10450,75,74,2162,1300,1,0.0046765376
Warm A,7474,53,52,2162,1300,0,0.011246131
Warm A,79436,531,530,2162,1300,0,0.00833729
Warm A,73820,500,499,2162,1300,0,0.0146109
Warm A,19173,148,147,2162,1300,0,0.0019454116
Warm A,530278,3274,3273,2162,1300,0,0.0058437344
Warm A,39894,271,270,2162,1300,0,0.0015629724
Warm A,49138,329,328,2162,1300,0,0.012489963
Warm A,386095,2258,2257,2162,1300,0,-0.0028575417
Warm A,11843,92,91,2162,1300,1,0.013714895
Warm A,102304,678,677,2162,1300,0,0.011970483
Warm A,139190,890,889,2162,1300,0,-0.00085470837
Warm A,310709,1851,1850,2162,1300,0,0.010131266
Warm A,499464,3067,3066,2162,1300,0,0.012624148
Warm A,183236,1141,1140,2162,1300,0,0.011852996
Warm A,351909,2063,2062,2162,1300,0,0.013513411
Warm A,473690,2909,2908,2162,1300,0,0.0060218424
Warm A,456477,2810,2809,2162,1300,1,0.0059688655
Warm A,206362,1265,1264,2162,1300,0,0.022174124
Warm A,689872,4126,4125,2162,1300,0,0.012641846
Warm A,235001,1425,1424,2162,1300,0,0.0010454719
Warm A,461524,2847,2846,2162,1300,0,0.010869805
Warm A,484615,2985,2984,2162,1300,1,0.0063184933
Warm A,272222,1645,1644,2162,1300,1,0.010217649
Warm A,211004,1285,1284,2165,1302,1,0.0021229892
Warm A,329357,1943,1942,2165,1302,1,0.006506907
Warm A,185349,1150,1149,2165,1302,1,-0.0010489556
Warm A,307478,1835,1834,2165,1302,1,0.0032998475
Warm A,168470,1069,1068,2165,1302,0,-0.0074038096
Warm A,166488,1059,1058,2165,1302,0,-0.0020489674
Warm A,214893,1303,1302,2165,1302,0,0.005914565
Warm A,267997,1628,1627,2165,1302,1,0.008967312
Warm A,131183,850,849,2165,1302,1,0.0038556922
Warm A,154876,999,998,2165,1302,0,0.004562121
Warm A,176049,1113,1112,2165,1302,0,0.0054231305
Warm A,179613,1125,1124,2165,1302,1,0.0023928815
Warm A,631609,3821,3820,2165,1302,0,0.0022078496
Warm A,696376,4169,4168,2165,1302,0,0.003625954
Warm A,303743,1804,1803,2165,1302,0,-0.0023871823
Warm A,77576,524,523,2165,1302,1,0.006397187
Warm A,74867,509,508,2165,1302,0,0.00835225
Warm A,197352,1211,1210,2165,1302,1,0.0035646148
Warm A,70183,474,473,2165,1302,1,0.010492759
Warm A,59884,408,407,2165,1302,1,-0.0008236964
Warm A,60050,409,408,2165,1302,1,-0.00012999307
Warm A,155352,1001,1000,2165,1302,1,0.0023965961
Warm A,52375,345,344,2165,1302,1,-0.008252757
Warm A,132502,855,854,2165,1302,0,0.0009606342
Warm A,61113,412,411,2165,1302,1,0.007063328
Warm A,29590,202,201,2165,1302,0,-0.004394112
Warm A,235003,1425,1424,2165,1302,1,0.005671366
Warm A,88847,587,586,2165,1302,0,-0.001976709
Warm A,22970,166,165,2165,1302,1,0.002827335
Warm A,290259,1733,1732,2165,1302,1,-0.0030164057
Warm A,7478,53,52,2165,1302,1,-0.0050088237
Warm A,79437,531,530,2165,1302,0,0.0059419107
Warm A,892989,5394,5393,2165,1302,0,0.0028575384
Warm A,49925,331,330,2165,1302,1,0.000459639
Warm A,777822,4647,4646,2165,1302,0,0.007097601
Warm A,240141,1449,1448,2165,1302,1,0.0047212765
Warm A,497247,3054,3053,2165,1302,1,-0.001406665
Warm A,164600,1051,1050,2165,1302,0,0.0049213413
Warm A,360104,2105,2104,2165,1302,0,0.012897269
Warm A,102305,678,677,2165,1302,1,0.0036186744
Warm A,160139,1019,1018,2165,1302,0,0.0075496635
Warm A,176982,1117,1116,2165,1302,1,0.0024762412
Warm A,992894,5998,5997,2165,1302,0,0.0035082928
Warm A,847040,5090,5089,2165,1302,0,0.0066333464
Warm A,322407,1912,1911,2165,1302,0,-0.0024292804
Warm A,257704,1579,1578,2165,1302,0,0.013140973
Warm A,372644,2176,2175,2165,1302,1,0.005484488
Warm A,504828,3106,3105,2165,1302,1,0.0008163359
Warm A,550209,3391,3390,2165,1302,1,-0.0004498891
Warm A,510952,3150,3149,2166,1303,1,0.0055008973
Warm A,472618,2907,2906,2166,1303,0,0.011584145
Warm A,471639,2901,2900,2166,1303,1,0.010120122
Warm A,470411,2896,2895,2166,1303,1,0.012525819
Warm A,450900,2777,2776,2166,1303,1,0.005259107
Warm A,450293,2776,2775,2166,1303,1,0.0004686322
Warm A,564449,3471,3470,2166,1303,0,0.0058381874
Warm A,443595,2736,2735,2166,1303,1,0.0022217
Warm A,425334,2581,2580,2166,1303,0,0.017396117
Warm A,416104,2506,2505,2166,1303,1,0.007319296
Warm A,408245,2453,2452,2166,1303,1,0.010071745
Warm A,768106,4578,4577,2166,1303,0,0.00679468
Warm A,393120,2309,2308,2166,1303,1,0.0024786408
Warm A,359411,2102,2101,2166,1303,0,0.0098684635
Warm A,332999,1963,1962,2166,1303,1,0.007731839
Warm A,330538,1951,1950,2166,1303,1,0.011375098
Warm A,302154,1794,1793,2166,1303,0,0.009625965
Warm A,360823,2106,2105,2166,1303,0,0.007156934
Warm A,275125,1666,1665,2166,1303,0,0.001523121
Warm A,282656,1694,1693,2166,1303,0,0.011580894
Warm A,268343,1630,1629,2166,1303,0,0.011747722
Warm A,267583,1626,1625,2166,1303,1,0.0040039867
Warm A,332682,1962,1961,2166,1303,0,0.008419463
Warm A,283200,1696,1695,2166,1303,0,0.006774354
Warm A,201158,1241,1240,2166,1303,1,0.0017945396
Warm A,279347,1680,1679,2166,1303,1,0.009355142
Warm A,196543,1207,1206,2166,1303,0,0.009733969
Warm A,338164,1988,1987,2166,1303,0,0.009907729
Warm A,363072,2116,2115,2166,1303,1,0.015607967
Warm A,182502,1139,1138,2166,1303,1,0.0068726246
Warm A,307479,1835,1834,2166,1303,1,0.012542874
Warm A,331646,1958,1957,2166,1303,0,0.007262405
Warm A,168471,1069,1068,2166,1303,0,0.010799982
Warm A,163455,1047,1046,2166,1303,1,0.0023891933
Warm A,163860,1050,1049,2166,1303,0,0.011928097
Warm A,160877,1022,1021,2166,1303,1,0.009058875
Warm A,167887,1068,1067,2166,1303,1,0.01233287
Warm A,150611,970,969,2166,1303,1,0.01874438
Warm A,148764,957,956,2166,1303,1,0.002218604
Warm A,270930,1639,1638,2166,1303,1,0.0051788706
Warm A,154612,998,997,2166,1303,1,0.01119636
Warm A,156914,1010,1009,2166,1303,0,0.0077123796
Warm A,138367,889,888,2166,1303,0,0.012751248
Warm A,134322,869,868,2166,1303,0,0.00882428
Warm A,131938,854,853,2166,1303,1,0.0021344037
Warm A,778888,4653,4652,2166,1303,0,0.0029934598
Warm A,108007,710,709,2166,1303,1,-0.0018380377
Warm A,98852,660,659,2166,1303,0,0.012316661
Warm A,81709,543,542,2166,1303,1,0.008465616
Warm A,64635,432,431,2166,1303,0,0.0012363278
Warm A,63702,425,424,2166,1303,0,0.01014285
Warm A,60051,409,408,2166,1303,1,0.0007892754
Warm A,155353,1001,1000,2166,1303,1,0.0067959316
Warm A,68222,457,456,2166,1303,0,0.007454519
Warm A,47211,319,318,2166,1303,0,0.010693163
Warm A,57882,392,391,2166,1303,1,0.007884536
Warm A,42453,290,289,2166,1303,0,0.002450178
Warm A,41409,281,280,2166,1303,0,0.0026513198
Warm A,38172,261,260,2166,1303,1,0.010503703
Warm A,36955,249,248,2166,1303,0,0.01778628
Warm A,29592,202,201,2166,1303,0,0.009184182
Warm A,29035,199,198,2166,1303,0,0.002791054
Warm A,22311,163,162,2166,1303,0,0.014008198
Warm A,762,9,8,2166,1303,1,0.004246181
Warm A,104354,692,691,2166,1303,1,0.0057456214
Warm A,206908,1266,1265,2166,1303,1,0.009717647
Warm A,79439,531,530,2166,1303,0,0.009066593
Warm A,286742,1712,1711,2166,1303,0,0.0071454803
Warm A,182036,1137,1136,2166,1303,1,0.0020317272
Warm A,110849,721,720,2166,1303,0,0.0069942838
Warm A,696377,4169,4168,2166,1303,1,0.01701852
Warm A,567505,3483,3482,2166,1303,1,0.012566678
Warm A,497248,3054,3053,2166,1303,0,0.00055285404
Warm A,882998,5333,5332,2166,1303,0,0.005098384
Warm A,317742,1889,1888,2166,1303,1,0.00440784
Warm A,599286,3648,3647,2166,1303,0,0.002760197
Warm A,222594,1347,1346,2166,1303,1,0.004376872
Warm A,123121,795,794,2166,1303,1,-0.0027643722
Warm A,164602,1051,1050,2166,1303,1,0.018183295
Warm A,583478,3562,3561,2166,1303,1,0.0036490685
Warm A,322408,1912,1911,2166,1303,0,0.008221678
Warm A,324970,1925,1924,2166,1303,1,0.006523881
Warm A,941423,5682,5681,2166,1303,1,-0.0006080796
Warm A,96620,648,647,2166,1303,1,0.0008448048
Warm A,156917,1010,1009,2168,1305,0,0.012925161
Warm A,138369,889,888,2168,1305,0,0.012160048
Warm A,223570,1354,1353,2168,1305,0,0.005954283
Warm A,432154,2634,2633,2168,1305,1,0.007308443
Warm A,228305,1383,1382,2168,1305,0,0.011221608
Warm A,155354,1001,1000,2168,1305,0,0.013648683
Warm A,53445,352,351,2168,1305,0,0.011106266
Warm A,487071,2996,2995,2168,1305,0,0.014849484
Warm A,55110,365,364,2168,1305,0,0.0008440905
Warm A,78489,528,527,2168,1305,0,0.019962136
Warm A,696378,4169,4168,2168,1305,1,0.011735754
Warm A,39459,268,267,2168,1305,0,0.00116252
Warm A,30188,203,202,2168,1305,0,0.0073416233
Warm A,26259,187,186,2168,1305,1,0.013718568
Warm A,6251,45,44,2168,1305,0,-0.010680806
Warm A,102311,678,677,2168,1305,0,0.011096213
Warm A,599288,3648,3647,2168,1305,0,0.0036325974
Warm A,893890,5397,5396,2168,1305,0,0.01127059
Warm A,160752,1021,1020,2168,1305,1,0.009193002
Warm A,281293,1687,1686,2169,1306,0,-0.0042140847
Warm A,314490,1878,1877,2169,1306,1,0.00066061795
Warm A,247728,1496,1495,2169,1306,0,0.004508614
Warm A,236394,1434,1433,2169,1306,0,0.001674853
Warm A,222398,1345,1344,2169,1306,1,0.0028685473
Warm A,223572,1354,1353,2169,1306,0,0.0040565804
Warm A,296819,1759,1758,2169,1306,1,0.0043399106
Warm A,277738,1676,1675,2169,1306,1,0.0038320187
Warm A,205332,1263,1262,2169,1306,0,0.0015275723
Warm A,197353,1211,1210,2169,1306,0,0.009086468
Warm A,196546,1207,1206,2169,1306,0,0.0010042763
Warm A,191865,1182,1181,2169,1306,0,0.000143938
Warm A,185354,1150,1149,2169,1306,0,0.0036605732
Warm A,326761,1937,1936,2169,1306,0,0.0032225738
Warm A,176051,1113,1112,2169,1306,0,0.0028239032
Warm A,653553,3940,3939,2169,1306,0,0.009677705
Warm A,328199,1941,1940,2169,1306,0,0.008155154
Warm A,272225,1645,1644,2169,1306,1,0.008815619
Warm A,160141,1019,1018,2169,1306,0,-0.0011149193
Warm A,167888,1068,1067,2169,1306,0,0.00027333247
Warm A,156241,1006,1005,2169,1306,0,0.0036686063
Warm A,149336,961,960,2169,1306,0,-0.00076255016
Warm A,156919,1010,1009,2169,1306,0,0.008997841
Warm A,136626,881,880,2169,1306,0,0.008480092
Warm A,128556,832,831,2169,1306,0,0.0016261712
Warm A,263378,1605,1604,2169,1306,0,0.016015979
Warm A,298112,1767,1766,2169,1306,0,0.011028498
Warm A,360828,2106,2105,2169,1306,0,0.0024580988
Warm A,475792,2919,2918,2169,1306,0,0.00046287058
Warm A,116849,753,752,2169,1306,1,0.0031639624
Warm A,120438,777,776,2169,1306,0,0.004618458
Warm A,108011,710,709,2169,1306,0,0.002496392
Warm A,109316,714,713,2169,1306,1,-0.00012012012
Warm A,329361,1943,1942,2169,1306,0,-0.0015599912
Warm A,291439,1737,1736,2169,1306,0,0.015600902
Warm A,81713,543,542,2169,1306,1,0.0037750774
Warm A,70185,474,473,2169,1306,0,-0.0004554554
Warm A,65385,438,437,2169,1306,0,0.0009966383
Warm A,59334,403,402,2169,1306,0,0.0024463707
Warm A,57080,386,385,2169,1306,0,0.0023129135
Warm A,155355,1001,1000,2169,1306,0,0.00076602213
Warm A,53447,352,351,2169,1306,0,0.003924316
Warm A,44218,302,301,2169,1306,0,0.013101166
Warm A,40215,272,271,2169,1306,0,0.009659545
Warm A,219185,1329,1328,2169,1306,0,0.003508226
Warm A,29596,202,201,2169,1306,0,0.0014449877
Warm A,467641,2882,2881,2169,1306,0,0.0012522702
Warm A,26996,192,191,2169,1306,0,-0.00029157684
Warm A,54342,355,354,2169,1306,1,0.001084675
Warm A,481853,2962,2961,2169,1306,0,0.0042416854
Warm A,11851,92,91,2169,1306,0,0.0075134337
Warm A,235007,1425,1424,2169,1306,0,0.0024004083
Warm A,79443,531,530,2169,1306,1,0.0067569045
Warm A,88207,582,581,2169,1306,1,-0.0045301067
Warm A,363075,2116,2115,2169,1306,1,0.0038520796
Warm A,265124,1611,1610,2169,1306,0,0.00038667768
Warm A,331648,1958,1957,2169,1306,0,-0.0033263755
Warm A,682496,4085,4084,2169,1306,0,0.012421248
Warm A,317743,1889,1888,2169,1306,0,0.009302536
Warm A,45761,308,307,2169,1306,0,0.0038893921
Warm A,562617,3462,3461,2169,1306,0,0.010960525
Warm A,134324,869,868,2169,1306,1,0.011128111
Warm A,921042,5565,5564,2169,1306,0,0.010458734
Warm A,351917,2063,2062,2169,1306,0,-0.0020894553
Warm A,717025,4294,4293,2169,1306,0,0.0031033652
Warm A,290262,1733,1732,2169,1306,0,-0.004682496
Warm A,699703,4186,4185,2169,1306,0,-0.0040281434
Warm A,892991,5394,5393,2169,1306,0,0.008783462
Warm A,272982,1647,1646,2169,1306,0,0.009340807
Warm A,171696,1088,1087,2169,1306,0,-0.0027827267
Warm A,368817,2156,2155,2170,1307,0,0.012296562
Warm A,366466,2134,2133,2170,1307,0,0.006480296
Warm A,363085,2116,2115,2170,1307,0,-0.001057581
Warm A,355981,2085,2084,2170,1307,1,0.0021805628
Warm A,355604,2082,2081,2170,1307,1,0.009066772
Warm A,356418,2088,2087,2170,1307,1,0.010334315
Warm A,349898,2054,2053,2170,1307,0,0.008809359
Warm A,361683,2109,2108,2170,1307,0,0.01106751
Warm A,351933,2063,2062,2170,1307,0,0.01197459
Warm A,345124,2024,2023,2170,1307,0,0.00041066436
Warm A,344850,2023,2022,2170,1307,1,0.0064771175
Warm A,341628,2012,2011,2170,1307,0,0.0072256955
Warm A,340686,2010,2009,2170,1307,0,0.0004062464
Warm A,325812,1928,1927,2170,1307,0,0.0052981963
Warm A,299096,1776,1775,2170,1307,0,0.0042976784
Warm A,303545,1803,1802,2170,1307,0,-0.0043085506
Warm A,247735,1496,1495,2170,1307,0,0.0004451219
Warm A,243513,1468,1467,2170,1307,0,-0.0004007154
Warm A,248401,1499,1498,2170,1307,1,0.0031506433
Warm A,231673,1404,1403,2170,1307,0,0.011946881
Warm A,376396,2195,2194,2170,1307,1,0.0025480657
Warm A,337473,1984,1983,2170,1307,1,0.0013854606
Warm A,233081,1418,1417,2170,1307,0,0.007113345
Warm A,216308,1313,1312,2170,1307,1,-0.0051468816
Warm A,277745,1676,1675,2170,1307,0,0.0050010625
Warm A,207764,1271,1270,2170,1307,1,0.0143412035
Warm A,279367,1680,1679,2170,1307,0,0.0148055
Warm A,198827,1221,1220,2170,1307,1,-0.0034126285
Warm A,198631,1220,1219,2170,1307,0,0.010498459
Warm A,191017,1181,1180,2170,1307,0,0.0042629708
Warm A,183561,1142,1141,2170,1307,0,0.0042328364
Warm A,172895,1096,1095,2170,1307,0,0.0077733393
Warm A,171714,1088,1087,2170,1307,0,0.008966761
Warm A,249258,1502,1501,2170,1307,0,0.0071658418
Warm A,136634,881,880,2170,1307,0,0.0034105894
Warm A,108018,710,709,2170,1307,1,0.005168684
Warm A,106099,699,698,2170,1307,0,0.007025178
Warm A,371022,2168,2167,2170,1307,1,0.007562655
Warm A,90684,601,600,2170,1307,0,0.0068423143
Warm A,86669,566,565,2170,1307,0,0.0029441144
Warm A,81719,543,542,2170,1307,1,-0.0006332684
Warm A,240152,1449,1448,2170,1307,0,0.005606114
Warm A,83194,549,548,2170,1307,0,0.0051013874
Warm A,44231,302,301,2170,1307,0,0.0021225759
Warm A,37983,260,259,2170,1307,0,0.00027516857
Warm A,35735,242,241,2170,1307,0,0.007065172
Warm A,291447,1737,1736,2170,1307,0,0.0075032003
Warm A,255539,1556,1555,2170,1307,0,0.0015561818
Warm A,22326,163,162,2170,1307,0,0.0031909053
Warm A,27003,192,191,2170,1307,0,0.0076225223
Warm A,235013,1425,1424,2170,1307,0,0.009135772
Warm A,10162,73,72,2170,1307,1,0.0052222237
Warm A,152199,979,978,2170,1307,1,0.004831459
Warm A,19199,148,147,2170,1307,1,0.010308124
Warm A,49941,331,330,2170,1307,0,0.0057274248
Warm A,35029,237,236,2170,1307,0,0.0074595357
Warm A,11532,90,89,2170,1307,0,0.0012580182
Warm A,343657,2018,2017,2170,1307,0,0.0056651696
Warm A,473709,2909,2908,2170,1307,0,0.010180438
Warm A,768739,4579,4578,2170,1307,0,0.018598475
Warm A,63021,424,423,2170,1307,0,0.014282149
Warm A,331660,1958,1957,2170,1307,0,0.0039264755
Warm A,718588,4305,4304,2170,1307,0,0.013641479
Warm A,841156,5054,5053,2171,1308,0,0.00963727
Warm A,730563,4371,4370,2171,1308,1,0.012150077
Warm A,722390,4326,4325,2171,1308,1,0.013739604
Warm A,704655,4225,4224,2171,1308,1,0.003676504
Warm A,694597,4161,4160,2171,1308,0,0.00795861
Warm A,683463,4088,4087,2171,1308,0,0.0066177337
Warm A,661519,3989,3988,2171,1308,1,0.002979435
Warm A,660943,3985,3984,2171,1308,1,0.0056937453
Warm A,659827,3976,3975,2171,1308,1,0.013361058
Warm A,652612,3934,3933,2171,1308,0,0.013594775
Warm A,641585,3858,3857,2171,1308,1,0.005857435
Warm A,640567,3850,3849,2171,1308,1,0.002144219
Warm A,648714,3908,3907,2171,1308,1,-0.0017194333
Warm A,634968,3829,3828,2171,1308,1,0.0113382805
Warm A,618973,3751,3750,2171,1308,0,0.005126733
Warm A,609180,3693,3692,2171,1308,1,0.0068195043
Warm A,602306,3664,3663,2171,1308,1,0.0024187258
Warm A,636323,3834,3833,2171,1308,0,0.0009325545
Warm A,591537,3609,3608,2171,1308,0,-0.0026146667
Warm A,589776,3598,3597,2171,1308,0,0.0104622105
Warm A,589617,3596,3595,2171,1308,1,0.0075997524
Warm A,588501,3590,3589,2171,1308,1,0.0010792448
Warm A,585123,3572,3571,2171,1308,1,0.0023296457
Warm A,582671,3559,3558,2171,1308,1,0.0040250574
Warm A,579407,3539,3538,2171,1308,1,0.005679448
Warm A,565006,3473,3472,2171,1308,1,0.005018036
Warm A,573907,3513,3512,2171,1308,0,0.0098858895
Warm A,549487,3390,3389,2171,1308,1,0.020228595
Warm A,748845,4471,4470,2171,1308,1,0.0078121605
Warm A,796083,4771,4770,2171,1308,0,0.008871053
Warm A,534381,3299,3298,2171,1308,1,0.005275931
Warm A,916696,5539,5538,2171,1308,1,0.0052605695
Warm A,527460,3261,3260,2171,1308,0,0.010210724
Warm A,523469,3227,3226,2171,1308,0,0.0054054507
Warm A,774463,4619,4618,2171,1308,1,0.0058185477
Warm A,521113,3216,3215,2171,1308,1,0.011123072
Warm A,522626,3224,3223,2171,1308,1,0.011743853
Warm A,510265,3143,3142,2171,1308,0,-0.0017587205
Warm A,499483,3067,3066,2171,1308,1,0.004001526
Warm A,490306,3017,3016,2171,1308,1,-0.006361486
Warm A,485094,2986,2985,2171,1308,1,0.008189814
Warm A,479279,2941,2940,2171,1308,1,0.0065634646
Warm A,471018,2899,2898,2171,1308,1,0.015730713
Warm A,464642,2863,2862,2171,1308,1,0.009372839
Warm A,460320,2840,2839,2171,1308,1,0.008353486
Warm A,458935,2825,2824,2171,1308,1,0.007211526
Warm A,442420,2724,2723,2171,1308,1,-0.0027635363
Warm A,430331,2623,2622,2171,1308,1,0.0027211194
Warm A,422667,2561,2560,2171,1308,0,0.000714323
Warm A,425337,2581,2580,2171,1308,1,0.010384422
Warm A,416108,2506,2505,2171,1308,1,0.007740491
Warm A,400973,2389,2388,2171,1308,1,0.010063694
Warm A,392708,2305,2304,2171,1308,1,0.001990739
Warm A,383144,2238,2237,2171,1308,1,0.0040471572
Warm A,348068,2041,2040,2171,1308,1,0.009281405
Warm A,339680,2002,2001,2171,1308,1,0.0069469684
Warm A,335984,1980,1979,2171,1308,1,0.021223914
Warm A,330542,1951,1950,2171,1308,0,0.0042257407
Warm A,324450,1922,1921,2171,1308,1,0.005996376
Warm A,323192,1916,1915,2171,1308,1,0.001810525
Warm A,324758,1924,1923,2171,1308,0,0.0024247593
Warm A,316285,1883,1882,2171,1308,1,0.007767436
Warm A,315304,1880,1879,2171,1308,1,0.011654896
Warm A,304932,1812,1811,2171,1308,1,0.008032414
Warm A,316850,1884,1883,2171,1308,1,0.002709907
Warm A,274406,1658,1657,2171,1308,1,0.0050669583
Warm A,270936,1639,1638,2171,1308,0,0.009683229
Warm A,252121,1526,1525,2171,1308,1,0.005995601
Warm A,258130,1581,1580,2171,1308,1,0.00862414
Warm A,246886,1491,1490,2171,1308,1,3.461074e-05
Warm A,248276,1498,1497,2171,1308,1,0.011147356
Warm A,244977,1475,1474,2171,1308,0,0.0071745003
Warm A,225386,1363,1362,2171,1308,1,-0.0025397423
Warm A,229913,1391,1390,2171,1308,0,0.0053247698
Warm A,309938,1843,1842,2171,1308,1,0.0048426604
Warm A,319379,1897,1896,2171,1308,0,0.013722421
Warm A,222405,1345,1344,2171,1308,1,-0.00016283896
Warm A,216607,1315,1314,2171,1308,1,0.0031792587
Warm A,208320,1273,1272,2171,1308,0,0.0076679103
Warm A,308068,1836,1835,2171,1308,1,0.011464768
Warm A,308674,1837,1836,2171,1308,1,0.004098202
Warm A,244014,1470,1469,2171,1308,0,0.0070613325
Warm A,294339,1749,1748,2171,1308,0,0.014480056
Warm A,188244,1168,1167,2171,1308,1,0.008701958
Warm A,185367,1150,1149,2171,1308,0,0.0014062524
Warm A,212485,1294,1293,2171,1308,1,0.0058186087
Warm A,199479,1224,1223,2171,1308,1,0.004644039
Warm A,173697,1100,1099,2171,1308,0,-0.001409611
Warm A,168486,1069,1068,2171,1308,1,0.014625348
Warm A,191018,1181,1180,2171,1308,1,0.013141116
Warm A,167311,1065,1064,2171,1308,1,0.0032584453
Warm A,219496,1331,1330,2171,1308,1,0.0023366455
Warm A,166493,1059,1058,2171,1308,0,0.0026108867
Warm A,158944,1016,1015,2171,1308,1,0.013462314
Warm A,158284,1015,1014,2171,1308,1,0.0040525263
Warm A,311094,1853,1852,2171,1308,1,0.006130844
Warm A,143681,927,926,2171,1308,0,0.0036485498
Warm A,138382,889,888,2171,1308,0,0.009875219
Warm A,137441,887,886,2171,1308,0,0.00037170015
Warm A,223582,1354,1353,2171,1308,0,0.011706979
Warm A,111672,727,726,2171,1308,1,0.008280196
Warm A,111503,726,725,2171,1308,1,-0.00027694483
Warm A,112509,731,730,2171,1308,1,0.009749379
Warm A,778889,4653,4652,2171,1308,1,0.008257015
Warm A,111436,725,724,2171,1308,0,0.009612752
Warm A,106100,699,698,2171,1308,0,0.014910254
Warm A,284231,1698,1697,2171,1308,1,0.0030155699
Warm A,90138,594,593,2171,1308,1,-0.0025042868
Warm A,80550,534,533,2171,1308,0,0.0027473539
Warm A,84236,550,549,2171,1308,0,0.01165192
Warm A,64638,432,431,2171,1308,0,0.0051406743
Warm A,64483,430,429,2171,1308,0,0.0020140628
Warm A,155362,1001,1000,2171,1308,1,0.0033175116
Warm A,201594,1242,1241,2171,1308,1,0.0052918736
Warm A,132509,855,854,2171,1308,1,0.0032139025
Warm A,44917,303,302,2171,1308,1,0.00658587
Warm A,42688,293,292,2171,1308,1,0.0028423527
Warm A,32599,220,219,2171,1308,1,-0.0047748173
Warm A,33326,225,224,2171,1308,1,0.0067943004
Warm A,24808,175,174,2171,1308,0,0.0074254735
Warm A,16581,131,130,2171,1308,1,0.013306677
Warm A,5458,38,37,2171,1308,1,0.004399716
Warm A,4890,35,34,2171,1308,1,0.0028941524
Warm A,545315,3363,3362,2171,1308,0,-0.0004001325
Warm A,10737,78,77,2171,1308,1,0.003081243
Warm A,206918,1266,1265,2171,1308,0,0.0070439167
Warm A,983034,5938,5937,2171,1308,0,-0.0033736308
Warm A,360841,2106,2105,2171,1308,0,0.0061035566
Warm A,750442,4478,4477,2171,1308,1,0.011659747
Warm A,290268,1733,1732,2171,1308,1,0.008709528
Warm A,194878,1202,1201,2171,1308,0,0.0152025465
Warm A,206368,1265,1264,2171,1308,1,0.007531141
Warm A,739415,4418,4417,2171,1308,1,-0.005157936
Warm A,59890,408,407,2171,1308,1,0.005511711
Warm A,178658,1121,1120,2171,1308,1,0.016168758
Warm A,497252,3054,3053,2171,1308,0,0.0023770982
Warm A,474719,2913,2912,2173,1309,1,0.008973356
Warm A,484239,2979,2978,2173,1309,1,-0.00012080185
Warm A,754696,4497,4496,2173,1309,1,0.00133013
Warm A,475529,2918,2917,2173,1309,1,0.0076048537
Warm A,602473,3665,3664,2173,1309,1,0.0024133376
Warm A,418740,2529,2528,2173,1309,1,0.015258971
Warm A,417556,2519,2518,2173,1309,1,0.0057355426
Warm A,408937,2455,2454,2173,1309,1,0.0012165562
Warm A,409223,2456,2455,2173,1309,1,0.0031094018
Warm A,392991,2308,2307,2173,1309,1,0.0096560605
Warm A,392242,2304,2303,2173,1309,0,0.016101053
Warm A,387551,2265,2264,2173,1309,0,0.0030533415
Warm A,370730,2167,2166,2173,1309,0,0.012652267
Warm A,345480,2026,2025,2173,1309,0,0.0031490086
Warm A,341958,2013,2012,2173,1309,1,-0.0009004277
Warm A,333885,1969,1968,2173,1309,0,-0.00044089358
Warm A,316852,1884,1883,2173,1309,0,0.009877329
Warm A,324453,1922,1921,2173,1309,0,-0.00028919824
Warm A,327203,1939,1938,2173,1309,1,0.0025447789
Warm A,305638,1819,1818,2173,1309,0,-0.0021134831
Warm A,297069,1761,1760,2173,1309,0,0.0042018434
Warm A,293197,1746,1745,2173,1309,1,0.01234153
Warm A,292352,1741,1740,2173,1309,1,0.011615042
Warm A,277004,1675,1674,2173,1309,1,-0.00079579244
Warm A,257065,1575,1574,2173,1309,1,0.00024534576
Warm A,251610,1522,1521,2173,1309,1,0.016205356
Warm A,253288,1540,1539,2173,1309,1,0.0054530613
Warm A,226118,1369,1368,2173,1309,1,0.0016509737
Warm A,221391,1340,1339,2173,1309,0,0.0060937246
Warm A,244017,1470,1469,2173,1309,0,0.0048503214
Warm A,308676,1837,1836,2173,1309,0,0.0059346333
Warm A,174184,1101,1100,2173,1309,1,0.014272232
Warm A,167894,1068,1067,2173,1309,0,0.014278962
Warm A,191022,1181,1180,2173,1309,0,0.010558782
Warm A,158287,1015,1014,2173,1309,1,0.009694023
Warm A,225258,1362,1361,2173,1309,0,0.016346361
Warm A,233429,1420,1419,2173,1309,0,0.0041329665
Warm A,769442,4582,4581,2173,1309,1,0.009226808
Warm A,112511,731,730,2173,1309,1,0.0007375218
Warm A,99325,662,661,2173,1309,0,0.0021281345
Warm A,93623,627,626,2173,1309,1,-0.0028896374
Warm A,87456,571,570,2173,1309,1,0.008130747
Warm A,85817,560,559,2173,1309,0,0.0046206396
Warm A,84238,550,549,2173,1309,0,0.008133686
Warm A,3317,25,24,2173,1309,0,-0.00053608906
Warm A,1799,17,16,2173,1309,1,0.0067440197
Warm A,451782,2781,2780,2173,1309,1,0.007555665
Warm A,208818,1274,1273,2173,1309,1,0.011556136
Warm A,103982,691,690,2173,1309,1,-0.002920235
Warm A,886518,5355,5354,2173,1309,1,0.01059799
Warm A,758638,4510,4509,2176,1311,0,0.0104549015
Warm A,576546,3524,3523,2176,1311,1,-0.00498771
Warm A,744932,4448,4447,2176,1311,1,0.012238326
Warm A,764023,4543,4542,2176,1311,1,0.007995597
Warm A,576198,3521,3520,2176,1311,1,0.010179393
Warm A,634971,3829,3828,2176,1311,1,0.008389598
Warm A,572196,3507,3506,2176,1311,1,0.002947249
Warm A,904221,5468,5467,2176,1311,1,-0.008068881
Warm A,696397,4169,4168,2176,1311,1,0.0031425646
Warm A,553989,3410,3409,2176,1311,1,0.0040435046
Warm A,558224,3428,3427,2176,1311,0,-0.0005358455
Warm A,526786,3259,3258,2176,1311,1,0.0019864829
Warm A,522634,3224,3223,2176,1311,1,0.0037147058
Warm A,506740,3118,3117,2176,1311,0,-0.0011517203
Warm A,768742,4579,4578,2176,1311,0,0.005521525
Warm A,495253,3039,3038,2176,1311,1,-0.0051661353
Warm A,492085,3026,3025,2176,1311,1,0.0043174326
Warm A,484140,2978,2977,2176,1311,1,0.0060122423
Warm A,473718,2909,2908,2176,1311,0,0.0121799745
Warm A,601643,3658,3657,2176,1311,1,0.00056633574
Warm A,459168,2826,2825,2176,1311,0,0.003911548
Warm A,458002,2820,2819,2176,1311,0,-0.0044831512
Warm A,453802,2793,2792,2176,1311,0,0.011406527
Warm A,452510,2786,2785,2176,1311,1,0.007781052
Warm A,448463,2764,2763,2176,1311,1,-0.0054707853
Warm A,564466,3471,3470,2176,1311,0,0.007814778
Warm A,446155,2751,2750,2176,1311,0,-0.0007893108
Warm A,511335,3154,3153,2176,1311,1,0.005303756
Warm A,438341,2679,2678,2176,1311,1,0.0006603476
Warm A,435479,2662,2661,2176,1311,1,0.0025414778
Warm A,437451,2670,2669,2176,1311,1,-0.0052899197
Warm A,425338,2581,2580,2176,1311,1,0.0027697845
Warm A,419806,2537,2536,2176,1311,1,0.003973838
Warm A,417612,2520,2519,2176,1311,1,0.004959947
Warm A,416665,2507,2506,2176,1311,1,0.006698969
Warm A,415072,2498,2497,2176,1311,1,0.0035662444
Warm A,414622,2496,2495,2176,1311,0,0.0074827676
Warm A,394417,2324,2323,2176,1311,1,-0.0033660783
Warm A,383488,2241,2240,2176,1311,0,-0.0019365456
Warm A,385307,2251,2250,2176,1311,0,0.0049504917
Warm A,380318,2223,2222,2176,1311,1,0.012697736
Warm A,369183,2158,2157,2176,1311,1,0.007742075
Warm A,364153,2121,2120,2176,1311,1,-0.0051977066
Warm A,361689,2109,2108,2176,1311,1,0.0066652354
Warm A,352970,2067,2066,2176,1311,1,-0.0028562993
Warm A,353720,2072,2071,2176,1311,0,-0.003723888
Warm A,343659,2018,2017,2176,1311,1,0.0067981486
Warm A,321543,1906,1905,2176,1311,1,-0.0005059908
Warm A,306535,1827,1826,2176,1311,1,-0.0024346178
Warm A,279379,1680,1679,2176,1311,1,0.008009834
Warm A,273728,1650,1649,2176,1311,0,0.006806787
Warm A,221398,1340,1339,2176,1311,1,0.003643957
Warm A,308073,1836,1835,2176,1311,1,0.0090508135
Warm A,322421,1912,1911,2176,1311,1,0.0057092537
Warm A,210177,1284,1283,2176,1311,0,0.0006881107
Warm A,328224,1941,1940,2176,1311,1,0.0048250337
Warm A,185371,1150,1149,2176,1311,0,0.015598311
Warm A,180333,1128,1127,2176,1311,1,0.0051265946
Warm A,265820,1613,1612,2176,1311,1,0.013133665
Warm A,179145,1124,1123,2176,1311,1,0.0011328352
Warm A,293792,1748,1747,2176,1311,0,0.006555596
Warm A,191030,1181,1180,2176,1311,0,0.01081691
Warm A,169591,1077,1076,2176,1311,1,0.008470242
Warm A,160150,1019,1018,2176,1311,0,-0.0012631788
Warm A,162288,1034,1033,2176,1311,0,0.002222941
Warm A,149013,958,957,2176,1311,1,0.009816287
Warm A,199481,1224,1223,2176,1311,1,0.0002425157
Warm A,131191,850,849,2176,1311,0,-0.00016302033
Warm A,122611,791,790,2176,1311,1,0.008997019
Warm A,235020,1425,1424,2176,1311,1,0.011885802
Warm A,108523,711,710,2176,1311,1,0.00043690437
Warm A,108028,710,709,2176,1311,1,0.009464034
Warm A,240159,1449,1448,2176,1311,1,0.008578649
Warm A,329371,1943,1942,2176,1311,1,0.0011734559
Warm A,316856,1884,1883,2176,1311,0,0.006315836
Warm A,94220,631,630,2176,1311,1,-0.0017870482
Warm A,284239,1698,1697,2176,1311,1,0.006340405
Warm A,115421,749,748,2176,1311,0,0.005126528
Warm A,89287,588,587,2176,1311,1,-0.00758098
Warm A,83202,549,548,2176,1311,1,0.003406819
Warm A,228318,1383,1382,2176,1311,1,0.009717289
Warm A,338175,1988,1987,2176,1311,0,0.0035376542
Warm A,43556,300,299,2176,1311,1,0.005980021
Warm A,176992,1117,1116,2176,1311,1,0.001877893
Warm A,46740,314,313,2176,1311,1,-0.004518048
Warm A,269995,1635,1634,2176,1311,1,0.013328731
Warm A,27492,193,192,2176,1311,1,0.010608437
Warm A,23965,170,169,2176,1311,1,-0.0003575352
Warm A,21916,161,160,2176,1311,1,0.00017445604
Warm A,22992,166,165,2176,1311,1,0.006444268
Warm A,464193,2860,2859,2176,1311,1,-0.0017837773
Warm A,17412,136,135,2176,1311,1,0.008753901
Warm A,16586,131,130,2176,1311,1,0.0042469213
Warm A,61730,415,414,2176,1311,1,0.00042585976
Warm A,276272,1671,1670,2176,1311,1,-0.0074952412
Warm A,592003,3610,3609,2176,1311,0,0.01212354
Warm A,8357,58,57,2176,1311,1,0.0030344417
Warm A,4423,33,32,2176,1311,0,0.003977114
Warm A,2954,23,22,2176,1311,0,0.0058568455
Warm A,206925,1266,1265,2176,1311,1,0.00971243
Warm A,481863,2962,2961,2176,1311,1,0.0064380514
Warm A,15392,123,122,2176,1311,0,0.011800807
Warm A,512905,3163,3162,2176,1311,1,0.0049036993
Warm A,158290,1015,1014,2176,1311,1,-0.00032605894
Warm A,182049,1137,1136,2176,1311,1,0.006798742
Warm A,348073,2041,2040,2176,1311,0,0.0067271683
Warm A,192729,1186,1185,2176,1311,1,0.010171166
Warm A,882161,5329,5328,2176,1311,1,-0.004426781
Warm A,234153,1422,1421,2176,1311,1,0.007398749
Warm A,51319,338,337,2176,1311,1,0.00669513
Warm A,631616,3821,3820,2176,1311,0,0.007740857
Warm A,47239,319,318,2176,1311,0,0.0011302908
Warm A,24217,173,172,2176,1311,1,0.005017842
Warm A,618978,3751,3750,2176,1311,1,0.002913233
Warm A,286749,1712,1711,2176,1311,0,0.0154120345
Warm A,353486,2071,2070,2176,1311,0,0.009231949
Warm A,455189,2802,2801,2176,1311,1,0.0031214324
Warm A,633331,3824,3823,2176,1311,0,0.004123631
Warm A,309639,1842,1841,2176,1311,1,0.009848464
Warm A,63029,424,423,2176,1311,1,0.0027497439
Warm A,565615,3475,3474,2176,1311,0,-0.0019510105
Warm A,231126,1399,1398,2176,1311,1,-0.003234427
Warm A,892999,5394,5393,2176,1311,1,0.009053676
Warm A,113754,737,736,2176,1311,0,-0.001953601
Warm A,271795,1643,1642,2176,1311,1,-0.00017578597
Warm A,254871,1551,1550,2176,1311,1,0.009015989
Warm A,34600,235,234,2176,1311,0,0.004463655
Warm A,118715,767,766,2176,1311,1,-0.0047592055
Warm A,807164,4831,4830,2176,1311,1,0.009841962
Warm A,433650,2643,2642,2176,1311,1,0.003722337
Warm A,171720,1088,1087,2176,1311,0,-0.0008421763
Warm A,315314,1880,1879,2177,1312,0,0.012621002
Warm A,112515,731,730,2177,1312,0,0.009289059
Warm A,153093,984,983,2177,1312,0,0.015592414
Warm A,97071,651,650,2177,1312,0,0.012330773
Warm A,83204,549,548,2177,1312,1,0.011741196
Warm A,211023,1285,1284,2177,1312,0,0.014760796
Warm A,44251,302,301,2177,1312,0,0.011322976
Warm A,947575,5722,5721,2177,1312,0,0.0005264428
Warm A,18573,146,145,2177,1312,0,0.0025146978
Warm A,9130,62,61,2177,1312,0,0.0067236996
Warm A,481865,2962,2961,2177,1312,0,0.0044435672
Warm A,552402,3401,3400,2177,1312,0,0.0085970275
Warm A,235021,1425,1424,2177,1312,1,0.00910931
Warm A,348075,2041,2040,2177,1312,0,0.0067172507
Warm A,927592,5605,5604,2177,1312,0,0.0045811557
Warm A,618979,3751,3750,2177,1312,0,0.010897197
Warm A,286751,1712,1711,2177,1312,0,-0.0051848395
Warm A,11535,90,89,2177,1312,0,0.0064385217
Warm A,633333,3824,3823,2177,1312,0,0.008816664
Warm A,171721,1088,1087,2177,1312,1,0.0033044345
Warm A,322423,1912,1911,2177,1312,0,0.00911595
Warm A,739416,4418,4417,2177,1312,1,0.0022129924
Warm A,324973,1925,1924,2177,1312,1,0.007598919
Warm A,226838,1376,1375,2178,1313,1,0.011597991
Warm A,220390,1335,1334,2178,1313,1,0.017492041
Warm A,207537,1268,1267,2178,1313,1,-0.0040809526
Warm A,196556,1207,1206,2178,1313,0,0.002414642
Warm A,279385,1680,1679,2178,1313,0,0.003466967
Warm A,328230,1941,1940,2178,1313,0,0.008519106
Warm A,326560,1935,1934,2178,1313,1,-0.0014867453
Warm A,185372,1150,1149,2178,1313,1,0.0061804634
Warm A,182051,1137,1136,2178,1313,1,0.012705229
Warm A,180337,1128,1127,2178,1313,0,0.0021590695
Warm A,159305,1017,1016,2178,1313,1,0.0034675705
Warm A,191033,1181,1180,2178,1313,0,0.012795969
Warm A,221401,1340,1339,2178,1313,0,0.011439813
Warm A,131193,850,849,2178,1313,0,-0.0018441414
Warm A,329372,1943,1942,2178,1313,1,0.0128787095
Warm A,83206,549,548,2178,1313,1,-0.0009898769
Warm A,80881,537,536,2178,1313,0,0.008908008
Warm A,77591,524,523,2178,1313,1,0.0054588914
Warm A,17413,136,135,2178,1313,1,0.009641405
Warm A,7513,53,52,2178,1313,1,0.005898972
Warm A,357510,2092,2091,2178,1313,1,0.0037992026
Warm A,4426,33,32,2178,1313,1,-0.004854505
Warm A,481867,2962,2961,2178,1313,0,0.0016399997
Warm A,30996,208,207,2178,1313,0,0.0014569378
Warm A,18576,146,145,2178,1313,0,0.008544226
Warm A,24220,173,172,2178,1313,1,0.00618208
Warm A,633335,3824,3823,2178,1313,0,0.01714204
Warm A,744933,4448,4447,2178,1313,1,0.009662105
Warm A,473722,2909,2908,2178,1313,1,0.0051488406
Warm A,113757,737,736,2178,1313,0,0.015778068
Warm A,271796,1643,1642,2178,1313,1,0.0066878702
Warm A,319383,1897,1896,2178,1313,0,0.007353641
Warm A,63033,424,423,2178,1313,1,0.012391908
Warm A,322425,1912,1911,2178,1313,1,0.0023419147
Warm A,118716,767,766,2178,1313,1,0.016155344
Warm A,566306,3476,3475,2181,1314,1,0.013126428
Warm A,506747,3118,3117,2181,1314,0,0.0081043765
Warm A,800136,4795,4794,2181,1314,1,0.009838853
Warm A,492092,3026,3025,2181,1314,1,0.013493389
Warm A,479287,2941,2940,2181,1314,1,0.009582443
Warm A,472642,2907,2906,2181,1314,1,0.019941963
Warm A,601647,3658,3657,2181,1314,0,0.012919759
Warm A,473736,2909,2908,2181,1314,1,0.007915106
Warm A,466881,2878,2877,2181,1314,1,0.014407636
Warm A,462623,2854,2853,2181,1314,1,0.010658735
Warm A,428818,2609,2608,2181,1314,1,0.016486
Warm A,426237,2589,2588,2181,1314,1,0.01622391
Warm A,419810,2537,2536,2181,1314,0,0.015903132
Warm A,425342,2581,2580,2181,1314,0,0.013847961
Warm A,415077,2498,2497,2181,1314,0,0.0060864105
Warm A,400979,2389,2388,2181,1314,0,0.017414603
Warm A,384889,2248,2247,2181,1314,1,0.011805626
Warm A,381678,2231,2230,2181,1314,0,0.016798547
Warm A,377862,2205,2204,2181,1314,0,0.016247988
Warm A,378746,2211,2210,2181,1314,0,0.013199578
Warm A,366974,2140,2139,2181,1314,1,0.011403197
Warm A,361697,2109,2108,2181,1314,1,0.013283016
Warm A,353723,2072,2071,2181,1314,1,0.009961649
Warm A,356430,2088,2087,2181,1314,1,0.01871435
Warm A,352689,2064,2063,2181,1314,1,0.014630883
Warm A,279399,1680,1679,2181,1314,0,0.015099002
Warm A,250811,1513,1512,2181,1314,0,0.010537556
Warm A,322436,1912,1911,2181,1314,0,0.01477345
Warm A,207539,1268,1267,2181,1314,1,0.0020795944
Warm A,210182,1284,1283,2181,1314,1,0.006627962
Warm A,328244,1941,1940,2181,1314,1,0.007816012
Warm A,188607,1170,1169,2181,1314,0,0.01010517
Warm A,185386,1150,1149,2181,1314,0,0.0153290415
Warm A,184393,1147,1146,2181,1314,1,0.004262613
Warm A,131196,850,849,2181,1314,0,0.01640284
Warm A,113760,737,736,2181,1314,0,0.018432222
Warm A,89809,591,590,2181,1314,1,0.010437787
Warm A,191047,1181,1180,2181,1314,0,0.014677901
Warm A,83214,549,548,2181,1314,1,0.008161194
Warm A,228324,1383,1382,2181,1314,0,0.0044415724
Warm A,22999,166,165,2181,1314,0,0.0128090605
Warm A,17419,136,135,2181,1314,1,0.017593272
Warm A,13511,107,106,2181,1314,0,0.00551164
Warm A,276278,1671,1670,2181,1314,1,0.017981634
Warm A,481873,2962,2961,2181,1314,0,0.0037760495
Warm A,18582,146,145,2181,1314,1,0.014348377
Warm A,447543,2757,2756,2181,1314,0,0.0077701407
Warm A,76379,518,517,2181,1314,1,0.018966299
Warm A,158299,1015,1014,2181,1314,1,0.010342697
Warm A,182057,1137,1136,2181,1314,1,0.0067229955
Warm A,348080,2041,2040,2181,1314,1,0.0034141582
Warm A,272238,1645,1644,2181,1314,1,0.010880312
Warm A,171733,1088,1087,2181,1314,1,0.001192831
Warm A,768747,4579,4578,2181,1314,0,0.008717586
Warm A,31000,208,207,2181,1314,0,0.007693152
Warm A,63040,424,423,2181,1314,1,0.015455213
Warm A,293801,1748,1747,2181,1314,0,0.019678107
Warm A,825579,4958,4957,2181,1314,0,0.011106452
Warm A,339682,2002,2001,2182,1315,1,0.01197792
Warm A,337787,1986,1985,2182,1315,1,0.012894699
Warm A,316863,1884,1883,2182,1315,1,0.0190548
Warm A,316287,1883,1882,2182,1315,0,0.008019733
Warm A,324977,1925,1924,2182,1315,1,0.006456581
Warm A,285962,1706,1705,2182,1315,1,0.00826063
Warm A,284869,1699,1698,2182,1315,1,0.0042341617
Warm A,256746,1570,1569,2182,1315,0,-0.0039640316
Warm A,276279,1671,1670,2182,1315,1,0.01661042
Warm A,212625,1295,1294,2182,1315,0,0.00092571997
Warm A,192997,1191,1190,2182,1315,1,0.015471455
Warm A,184394,1147,1146,2182,1315,1,0.006424942
Warm A,307500,1835,1834,2182,1315,1,0.016789876
Warm A,191048,1181,1180,2182,1315,0,0.029358476
Warm A,165243,1053,1052,2182,1315,0,0.014674226
Warm A,293802,1748,1747,2182,1315,1,0.003877079
Warm A,160157,1019,1018,2182,1315,0,0.01385781
Warm A,158301,1015,1014,2182,1315,0,0.016078802
Warm A,138406,889,888,2182,1315,1,0.012155962
Warm A,197362,1211,1210,2182,1315,1,0.01265382
Warm A,123446,796,795,2182,1315,1,0.014821222
Warm A,118718,767,766,2182,1315,1,-0.0013421994
Warm A,97871,655,654,2182,1315,0,0.005818232
Warm A,94593,635,634,2182,1315,1,0.001760151
Warm A,83215,549,548,2182,1315,1,0.013965272
Warm A,57737,391,390,2182,1315,1,0.009368229
Warm A,481874,2962,2961,2182,1315,0,0.0072096167
Warm A,13925,112,111,2182,1315,0,0.010904339
Warm A,592014,3610,3609,2182,1315,0,0.021199662
Warm A,237985,1447,1446,2182,1315,1,0.023170546
Warm A,744935,4448,4447,2182,1315,1,0.01955013
Warm A,271797,1643,1642,2182,1315,1,0.008126066
Warm A,322437,1912,1911,2182,1315,0,0.011802269
Warm A,473738,2909,2908,2182,1315,1,0.007362934
Warm A,841163,5054,5053,2182,1315,0,0.011222362
Warm A,46748,314,313,2182,1315,1,0.005488959
Warm A,254873,1551,1550,2182,1315,0,0.010896256
Warm A,24227,173,172,2182,1315,0,0.009751769
Warm A,904222,5468,5467,2183,1316,1,0.009034842
Warm A,566308,3476,3475,2183,1316,1,0.0042769397
Warm A,558043,3426,3425,2183,1316,1,-0.007438233
Warm A,549489,3390,3389,2183,1316,1,0.004040518
Warm A,546857,3371,3370,2183,1316,1,0.023134496
Warm A,533396,3292,3291,2183,1316,0,0.015378417
Warm A,511091,3151,3150,2183,1316,1,0.0054290676
Warm A,513931,3171,3170,2183,1316,1,0.01032511
Warm A,522645,3224,3223,2183,1316,1,0.014123686
Warm A,768748,4579,4578,2183,1316,0,0.021856032
Warm A,492095,3026,3025,2183,1316,1,0.006095489
Warm A,488353,3004,3003,2183,1316,1,0.0035089613
Warm A,823758,4951,4950,2183,1316,1,0.007010638
Warm A,696413,4169,4168,2183,1316,0,0.021403264
Warm A,473741,2909,2908,2183,1316,1,0.011171328
Warm A,471647,2901,2900,2183,1316,1,0.0019435231
Warm A,478972,2939,2938,2183,1316,1,0.010301647
Warm A,518788,3201,3200,2183,1316,1,0.007227579
Warm A,455868,2807,2806,2183,1316,0,0.0056624496
Warm A,452516,2786,2785,2183,1316,1,0.0036158524
Warm A,448465,2764,2763,2183,1316,1,0.009553472
Warm A,511343,3154,3153,2183,1316,1,0.0133961635
Warm A,438344,2679,2678,2183,1316,1,0.007930795
Warm A,425344,2581,2580,2183,1316,1,0.013329279
Warm A,418125,2526,2525,2183,1316,1,0.015284053
Warm A,412535,2483,2482,2183,1316,1,0.0044921725
Warm A,464199,2860,2859,2183,1316,1,0.008041083
Warm A,414628,2496,2495,2183,1316,0,0.010117929
Warm A,400430,2383,2382,2183,1316,1,0.0021955038
Warm A,390037,2288,2287,2183,1316,0,0.0032732415
Warm A,384891,2248,2247,2183,1316,1,0.007431646
Warm A,377863,2205,2204,2183,1316,0,0.008862212
Warm A,361699,2109,2108,2183,1316,1,0.015924862
Warm A,353725,2072,2071,2183,1316,1,-0.0030949512
Warm A,334638,1974,1973,2183,1316,0,0.015650693
Warm A,321046,1903,1902,2183,1316,1,0.012345511
Warm A,280876,1685,1684,2183,1316,1,0.0032476368
Warm A,282305,1693,1692,2183,1316,0,0.01587559
Warm A,293803,1748,1747,2183,1316,1,0.01073173
Warm A,346243,2030,2029,2183,1316,0,0.015451299
Warm A,250812,1513,1512,2183,1316,0,0.0032090275
Warm A,265835,1613,1612,2183,1316,1,0.0075931717
Warm A,242848,1465,1464,2183,1316,1,0.016177677
Warm A,221414,1340,1339,2183,1316,0,0.0135836955
Warm A,210184,1284,1283,2183,1316,0,1.7505488e-05
Warm A,328248,1941,1940,2183,1316,1,0.014871148
Warm A,198633,1220,1219,2183,1316,1,0.01176687
Warm A,338181,1988,1987,2183,1316,1,0.011832528
Warm A,188609,1170,1169,2183,1316,1,0.009627222
Warm A,185389,1150,1149,2183,1316,0,0.012344578
Warm A,184396,1147,1146,2183,1316,0,-0.0023412937
Warm A,180343,1128,1127,2183,1316,1,0.0052534686
Warm A,191051,1181,1180,2183,1316,0,0.022059523
Warm A,160160,1019,1018,2183,1316,1,0.018526264
Warm A,162295,1034,1033,2183,1316,1,0.0095801465
Warm A,153099,984,983,2183,1316,1,0.01853608
Warm A,270006,1635,1634,2183,1316,1,0.010881078
Warm A,199487,1224,1223,2183,1316,1,0.0047049173
Warm A,201604,1242,1241,2183,1316,1,0.014688859
Warm A,127745,824,823,2183,1316,0,0.017621987
Warm A,135040,873,872,2183,1316,1,0.0057933517
Warm A,412114,2478,2477,2183,1316,1,0.02161656
Warm A,118719,767,766,2183,1316,1,0.001837096
Warm A,235029,1425,1424,2183,1316,1,0.016558615
Warm A,223590,1354,1353,2183,1316,0,0.015102695
Warm A,240169,1449,1448,2183,1316,0,0.006255489
Warm A,108526,711,710,2183,1316,1,0.010092545
Warm A,95471,639,638,2183,1316,1,0.013479893
Warm A,303752,1804,1803,2183,1316,0,-0.0026851157
Warm A,211036,1285,1284,2183,1316,1,0.009124924
Warm A,89290,588,587,2183,1316,1,0.0053637275
Warm A,83218,549,548,2183,1316,1,0.011596296
Warm A,67479,453,452,2183,1316,1,0.015645506
Warm A,61146,412,411,2183,1316,1,0.008236152
Warm A,55221,366,365,2183,1316,1,0.012772022
Warm A,44269,302,301,2183,1316,1,0.006068279
Warm A,177002,1117,1116,2183,1316,1,-0.0021875668
Warm A,38190,261,260,2183,1316,1,0.011751654
Warm A,28564,196,195,2183,1316,0,0.005450146
Warm A,481875,2962,2961,2183,1316,0,0.011631246
Warm A,22815,165,164,2183,1316,1,0.008170965
Warm A,18585,146,145,2183,1316,1,0.008464813
Warm A,61739,415,414,2183,1316,1,0.013622595
Warm A,784124,4682,4681,2183,1316,1,0.006589421
Warm A,276281,1671,1670,2183,1316,1,0.010302037
Warm A,592016,3610,3609,2183,1316,0,0.01662453
Warm A,9140,62,61,2183,1316,1,0.00632608
Warm A,7527,53,52,2183,1316,1,0.0028547442
Warm A,357516,2092,2091,2183,1316,1,0.01824496
Warm A,408266,2453,2452,2183,1316,1,0.017546672
Warm A,4444,33,32,2183,1316,1,0.014052885
Warm A,384723,2247,2246,2183,1316,1,0.009385289
Warm A,15406,123,122,2183,1316,0,0.008273846
Warm A,512920,3163,3162,2183,1316,1,0.017787911
Warm A,237988,1447,1446,2183,1316,0,0.017082151
Warm A,228326,1383,1382,2183,1316,1,0.011629166
Warm A,158304,1015,1014,2183,1316,1,0.012305465
Warm A,348083,2041,2040,2183,1316,0,0.0020740796
Warm A,631624,3821,3820,2183,1316,0,0.0050324583
Warm A,713146,4277,4276,2183,1316,1,0.013944033
Warm A,622189,3768,3767,2183,1316,1,0.004822723
Warm A,618986,3751,3750,2183,1316,1,0.014839701
Warm A,453812,2793,2792,2183,1316,1,0.02286287
Warm A,171736,1088,1087,2183,1316,1,0.008204858
Warm A,484327,2980,2979,2183,1316,1,0.00962045
Warm A,558227,3428,3427,2183,1316,1,0.006649788
Warm A,145828,937,936,2183,1316,1,0.019903751
Warm A,322440,1912,1911,2183,1316,0,0.015490623
Warm A,115425,749,748,2183,1316,1,0.008536506
Warm A,233665,1421,1420,2183,1316,0,0.0048490386
Warm A,454631,2796,2795,2183,1316,0,0.014507486
Warm A,565622,3475,3474,2183,1316,0,0.007959176
Warm A,251887,1524,1523,2183,1316,1,0.00043488713
Warm A,255544,1556,1555,2183,1316,1,0.009468123
Warm A,841164,5054,5053,2183,1316,1,0.007565456
Warm A,254875,1551,1550,2183,1316,1,0.009269657
Warm A,63045,424,423,2183,1316,1,0.010627045
Warm A,709784,4258,4257,2183,1316,1,0.014361698
Warm A,718590,4305,4304,2183,1316,1,0.020032635
Warm A,506749,3118,3117,2184,1317,1,-0.00073682086
Warm A,768749,4579,4578,2184,1317,1,0.0011027271
Warm A,492097,3026,3025,2184,1317,1,-0.005667382
Warm A,533398,3292,3291,2184,1317,1,-0.005198409
Warm A,479291,2941,2940,2184,1317,1,-0.010916373
Warm A,696415,4169,4168,2184,1317,1,-0.0074246624
Warm A,472646,2907,2906,2184,1317,1,-0.008458479
Warm A,471648,2901,2900,2184,1317,1,-0.00835564
Warm A,511344,3154,3153,2184,1317,1,-0.008811272
Warm A,438346,2679,2678,2184,1317,0,-0.0009957043
Warm A,428819,2609,2608,2184,1317,1,0.0039484147
Warm A,425345,2581,2580,2184,1317,1,-0.0071510323
Warm A,446884,2753,2752,2184,1317,0,-0.011096299
Warm A,419813,2537,2536,2184,1317,0,-0.0021123323
Warm A,414237,2493,2492,2184,1317,1,-0.0018635988
Warm A,412536,2483,2482,2184,1317,1,0.0053521786
Warm A,395591,2338,2337,2184,1317,1,0.0020982306
Warm A,390719,2293,2292,2184,1317,1,0.0041934373
Warm A,385314,2251,2250,2184,1317,0,-0.0057063317
Warm A,377865,2205,2204,2184,1317,0,-0.0073308395
Warm A,374140,2181,2180,2184,1317,1,-0.007069151
Warm A,364155,2121,2120,2184,1317,0,0.0009487731
Warm A,357924,2094,2093,2184,1317,1,0.001314085
Warm A,353726,2072,2071,2184,1317,1,0.0036005485
Warm A,352690,2064,2063,2184,1317,1,-0.0030092183
Warm A,343667,2018,2017,2184,1317,1,0.007041604
Warm A,324979,1925,1924,2184,1317,0,-0.006156762
Warm A,345487,2026,2025,2184,1317,1,-0.0061387667
Warm A,293805,1748,1747,2184,1317,0,0.0018053525
Warm A,256747,1570,1569,2184,1317,0,0.002011391
Warm A,346244,2030,2029,2184,1317,1,-0.0062275957
Warm A,250651,1511,1510,2184,1317,0,-0.0028866949
Warm A,316866,1884,1883,2184,1317,0,-0.001982983
Warm A,228951,1387,1386,2184,1317,1,0.0058507207
Warm A,276283,1671,1670,2184,1317,0,-0.008083234
Warm A,320149,1899,1898,2184,1317,1,-0.00678154
Warm A,308078,1836,1835,2184,1317,1,-0.0074728527
Warm A,279405,1680,1679,2184,1317,1,-0.0022699344
Warm A,219906,1333,1332,2184,1317,0,-0.0074609322
Warm A,328251,1941,1940,2184,1317,1,-0.0134043265
Warm A,188610,1170,1169,2184,1317,1,-0.0076827127
Warm A,185391,1150,1149,2184,1317,0,-0.010128038
Warm A,184397,1147,1146,2184,1317,1,0.0038614962
Warm A,182819,1140,1139,2184,1317,1,0.0060427254
Warm A,167422,1066,1065,2184,1317,0,-0.004098126
Warm A,165245,1053,1052,2184,1317,0,0.0011044019
Warm A,199489,1224,1223,2184,1317,1,-0.008923177
Warm A,138411,889,888,2184,1317,0,0.001578642
Warm A,124274,800,799,2184,1317,1,-0.015600161
Warm A,122618,791,790,2184,1317,0,-0.010369616
Warm A,235031,1425,1424,2184,1317,1,-0.0071143233
Warm A,324464,1922,1921,2184,1317,0,-0.0060113734
Warm A,240172,1449,1448,2184,1317,0,-0.004120269
Warm A,105175,696,695,2184,1317,0,-0.000876992
Warm A,203487,1248,1247,2184,1317,1,-0.00037699635
Warm A,94225,631,630,2184,1317,1,-0.0056443727
Warm A,211037,1285,1284,2184,1317,1,-0.00982852
Warm A,339200,1998,1997,2184,1317,1,-0.008087537
Warm A,83221,549,548,2184,1317,1,-0.01319409
Warm A,319390,1897,1896,2184,1317,0,-0.012110387
Warm A,75364,512,511,2184,1317,1,-0.0066108564
Warm A,61147,412,411,2184,1317,1,-0.0055763684
Warm A,49193,329,328,2184,1317,0,-0.0025899932
Warm A,44272,302,301,2184,1317,0,-0.0029939227
Warm A,177004,1117,1116,2184,1317,1,-0.008184092
Warm A,108527,711,710,2184,1317,1,0.00082838465
Warm A,133647,864,863,2184,1317,0,-0.0006176671
Warm A,22816,165,164,2184,1317,0,-0.0043236595
Warm A,290280,1733,1732,2184,1317,0,-0.009788059
Warm A,11313,86,85,2184,1317,1,-0.0034795534
Warm A,8371,58,57,2184,1317,1,-0.0050761728
Warm A,481877,2962,2961,2184,1317,0,-0.0086588375
Warm A,69076,462,461,2184,1317,1,0.0047918186
Warm A,882163,5329,5328,2184,1317,1,-0.01638016
Warm A,357517,2092,2091,2184,1317,0,-0.005137877
Warm A,24230,173,172,2184,1317,0,-0.0042061955
Warm A,618989,3751,3750,2184,1317,0,-0.007614175
Warm A,633343,3824,3823,2184,1317,0,-0.009751579
Warm A,322442,1912,1911,2184,1317,0,-0.00439433
Warm A,841166,5054,5053,2184,1317,1,-0.005508434
Warm A,631625,3821,3820,2184,1317,1,-0.004557265
Warm A,271798,1643,1642,2184,1317,1,0.004271458
Warm A,63048,424,423,2184,1317,1,-0.006896033
Warm A,699708,4186,4185,2184,1317,0,-0.0054408666
Warm A,460727,2841,2840,2184,1317,1,-0.016143346
Warm A,984046,5948,5947,2184,1317,1,-0.0076200147
Warm A,171739,1088,1087,2184,1317,1,0.00015039835
Warm A,404586,2419,2418,2195,1322,0,0.009082056
Warm A,399530,2378,2377,2195,1322,0,0.006357646
Warm A,397875,2361,2360,2195,1322,1,0.019392017
Warm A,392274,2304,2303,2195,1322,1,0.018374296
Warm A,375627,2188,2187,2195,1322,0,0.0030818023
Warm A,372469,2175,2174,2195,1322,1,0.0044406364
Warm A,370513,2166,2165,2195,1322,1,0.016433522
Warm A,378400,2208,2207,2195,1322,0,0.004475466
Warm A,382498,2235,2234,2195,1322,0,0.011841949
Warm A,368834,2156,2155,2195,1322,0,-0.00083402824
Warm A,351976,2063,2062,2195,1322,0,0.0011340866
Warm A,348970,2047,2046,2195,1322,1,-0.0001109899
Warm A,341655,2012,2011,2195,1322,0,0.010938799
Warm A,340719,2010,2009,2195,1322,0,0.010474544
Warm A,297567,1764,1763,2195,1322,1,0.006630974
Warm A,287168,1714,1713,2195,1322,0,0.009629384
Warm A,282676,1694,1693,2195,1322,0,0.0004910715
Warm A,259521,1587,1586,2195,1322,0,0.0033000405
Warm A,296830,1759,1758,2195,1322,0,0.0030099335
Warm A,208028,1272,1271,2195,1322,0,0.012356507
Warm A,205347,1263,1262,2195,1322,1,0.012078783
Warm A,279430,1680,1679,2195,1322,0,0.005089277
Warm A,331693,1958,1957,2195,1322,1,0.010673856
Warm A,185406,1150,1149,2195,1322,0,0.009209152
Warm A,176065,1113,1112,2195,1322,1,-0.00031983526
Warm A,173714,1100,1099,2195,1322,0,-0.006198634
Warm A,203144,1246,1245,2195,1322,1,0.019958312
Warm A,354563,2076,2075,2195,1322,0,-0.00095104845
Warm A,146263,940,939,2195,1322,0,-0.0007531799
Warm A,143692,927,926,2195,1322,0,-0.004736318
Warm A,156969,1010,1009,2195,1322,1,0.0068053324
Warm A,136666,881,880,2195,1322,0,0.0029781424
Warm A,160173,1019,1018,2195,1322,0,-0.0007044531
Warm A,121547,781,780,2195,1322,1,0.0019415466
Warm A,119321,770,769,2195,1322,1,0.015266892
Warm A,117543,757,756,2195,1322,0,0.0028280574
Warm A,112534,731,730,2195,1322,1,0.0062017655
Warm A,108060,710,709,2195,1322,0,-0.001136113
Warm A,106120,699,698,2195,1322,1,-0.0015042624
Warm A,329393,1943,1942,2195,1322,0,0.0048337383
Warm A,92563,620,619,2195,1322,0,-0.0043248422
Warm A,299680,1778,1777,2195,1322,0,0.0025019487
Warm A,81747,543,542,2195,1322,0,0.0011101034
Warm A,67486,453,452,2195,1322,1,0.010519003
Warm A,53516,352,351,2195,1322,0,0.014203247
Warm A,233670,1421,1420,2195,1322,0,-0.0052537806
Warm A,44297,302,301,2195,1322,0,0.007965674
Warm A,43830,301,300,2195,1322,0,0.008953425
Warm A,537994,3312,3311,2195,1322,0,0.0056932406
Warm A,40259,272,271,2195,1322,0,0.008253321
Warm A,41686,284,283,2195,1322,1,0.0023482346
Warm A,219208,1329,1328,2195,1322,0,-0.0005614748
Warm A,31480,214,213,2195,1322,1,0.0062220343
Warm A,26767,190,189,2195,1322,0,0.011513566
Warm A,25779,182,181,2195,1322,0,0.012842909
Warm A,35767,242,241,2195,1322,1,0.007625309
Warm A,2398,19,18,2195,1322,0,0.0022356275
Warm A,439835,2688,2687,2195,1322,0,0.008961963
Warm A,354989,2077,2076,2195,1322,0,0.015824378
Warm A,2704,22,21,2195,1322,1,0.0024690186
Warm A,238003,1447,1446,2195,1322,1,0.0065246876
Warm A,371028,2168,2167,2195,1322,1,0.008255387
Warm A,342562,2015,2014,2195,1322,1,0.013723979
Warm A,363122,2116,2115,2195,1322,0,0.006606254
Warm A,134362,869,868,2195,1322,1,0.0017958744
Warm A,571108,3503,3502,2195,1322,0,0.0032170909
Warm A,164643,1051,1050,2195,1322,0,0.006035576
Warm A,717028,4294,4293,2195,1322,0,-0.0032914025
Warm A,52939,349,348,2195,1322,0,0.006000764
Warm A,581356,3550,3549,2195,1322,0,0.008174419
Warm A,171755,1088,1087,2195,1322,0,0.009923773
Warm A,371726,2172,2171,2195,1322,1,0.0048075635
Warm A,600830,3652,3651,2195,1322,0,0.006502971
Warm A,461547,2847,2846,2195,1322,0,0.009982044
Warm A,550266,3391,3390,2195,1322,1,0.0015086638
Warm A,162119,1034,1033,2204,1325,1,0.0005848931
Warm A,269601,1635,1634,2204,1325,1,0.010637244
Warm A,199181,1224,1223,2204,1325,1,0.003660602
Warm A,184726,1150,1149,2204,1325,0,0.010038562
Warm A,964302,5812,5811,2204,1325,0,0.0034555374
Warm A,130910,850,849,2204,1325,1,0.0018015867
Warm A,197172,1211,1210,2204,1325,1,0.002685583
Warm A,139085,890,889,2204,1325,0,0.0039633615
Warm A,115204,749,748,2204,1325,1,0.0014373427
Warm A,316501,1884,1883,2204,1325,1,-0.0004566873
Warm A,631256,3821,3820,2204,1325,1,-9.9438475e-05
Warm A,89687,591,590,2204,1325,1,0.007986877
Warm A,82605,549,548,2204,1325,1,0.0172555
Warm A,27450,193,192,2204,1325,0,-0.005297084
Warm A,12628,97,96,2204,1325,1,0.0005947328
Warm A,481544,2962,2961,2204,1325,0,0.010355181
Warm A,89049,588,587,2204,1325,1,-0.009615816
Warm A,24116,173,172,2204,1325,1,0.0052080746
Warm A,181776,1137,1136,2204,1325,1,0.0079728905
Warm A,745188,4448,4447,2204,1325,1,0.005755908
Warm A,18212,140,139,2204,1325,0,0.00011866959
Warm A,286504,1712,1711,2204,1325,1,0.006765241
Warm A,420682,2544,2543,2204,1325,0,0.0065904423
Warm A,107586,710,709,2204,1325,1,0.005143729
Warm A,632810,3824,3823,2204,1325,0,0.005300445
Warm A,473077,2909,2908,2204,1325,1,0.00844657
Warm A,308291,1837,1836,2204,1325,1,0.003411339
Warm A,546621,3371,3370,2204,1325,0,0.00045161415
Warm A,321960,1912,1911,2204,1325,0,0.0059895953
Warm A,703968,4221,4220,2206,1326,1,0.0017010381
Warm A,687411,4115,4114,2206,1326,1,0.012262922
Warm A,681150,4083,4082,2206,1326,1,0.024289109
Warm A,784304,4682,4681,2206,1326,1,0.016892489
Warm A,667157,4016,4015,2206,1326,0,-0.00039820583
Warm A,652253,3934,3933,2206,1326,0,0.0061605284
Warm A,725697,4344,4343,2206,1326,1,0.0104965605
Warm A,637606,3841,3840,2206,1326,0,0.011841593
Warm A,606272,3683,3682,2206,1326,1,0.011197132
Warm A,621029,3762,3761,2206,1326,1,0.0076318015
Warm A,593230,3618,3617,2206,1326,0,0.010001779
Warm A,589544,3596,3595,2206,1326,1,0.009066515
Warm A,570620,3501,3500,2206,1326,1,0.007904843
Warm A,571740,3507,3506,2206,1326,1,0.021627575
Warm A,696951,4169,4168,2206,1326,1,0.023866251
Warm A,553630,3410,3409,2206,1326,1,0.010965646
Warm A,556140,3418,3417,2206,1326,1,0.0039086007
Warm A,552803,3402,3401,2206,1326,1,0.01171218
Warm A,632811,3824,3823,2206,1326,0,0.008543769
Warm A,516136,3186,3185,2206,1326,1,-0.008229969
Warm A,510994,3151,3150,2206,1326,1,-7.364992e-05
Warm A,506444,3118,3117,2206,1326,0,0.009444677
Warm A,495224,3039,3038,2206,1326,1,-0.0042146128
Warm A,491897,3026,3025,2206,1326,1,0.0049950327
Warm A,532879,3292,3291,2206,1326,1,0.017729409
Warm A,472206,2907,2906,2206,1326,0,0.0063392143
Warm A,645012,3885,3884,2206,1326,1,-0.0028758943
Warm A,459042,2826,2825,2206,1326,1,0.013595436
Warm A,448289,2764,2763,2206,1326,1,0.0101245465
Warm A,446626,2753,2752,2206,1326,1,0.010281556
Warm A,444147,2739,2738,2206,1326,1,0.0081929285
Warm A,440608,2695,2694,2206,1326,1,-0.005406096
Warm A,438939,2682,2681,2206,1326,1,0.021632906
Warm A,438173,2679,2678,2206,1326,1,0.015453055
Warm A,511245,3154,3153,2206,1326,1,0.015283934
Warm A,425129,2581,2580,2206,1326,1,0.0038324632
Warm A,417343,2514,2513,2206,1326,1,0.012578566
Warm A,414991,2498,2497,2206,1326,1,0.0068140933
Warm A,403057,2407,2406,2206,1326,0,0.0011976882
Warm A,397537,2355,2354,2206,1326,1,0.011705375
Warm A,395322,2335,2334,2206,1326,1,0.009979586
Warm A,390565,2293,2292,2206,1326,1,0.015908863
Warm A,384839,2248,2247,2206,1326,1,0.002843638
Warm A,373703,2181,2180,2206,1326,0,0.0128872255
Warm A,364051,2121,2120,2206,1326,0,0.008456606
Warm A,361325,2109,2108,2206,1326,1,0.011747181
Warm A,353608,2072,2071,2206,1326,1,0.008142648
Warm A,343428,2018,2017,2206,1326,1,0.010348743
Warm A,318843,1896,1895,2206,1326,1,0.0066106785
Warm A,312136,1861,1860,2206,1326,1,0.003267125
Warm A,304480,1810,1809,2206,1326,0,-0.0019647884
Warm A,293488,1748,1747,2206,1326,1,0.013078783
Warm A,282162,1693,1692,2206,1326,1,0.006792467
Warm A,345374,2026,2025,2206,1326,0,0.014656916
Warm A,256711,1570,1569,2206,1326,0,0.0007915152
Warm A,345966,2030,2029,2206,1326,1,0.0061183213
Warm A,250735,1513,1512,2206,1326,1,0.00016958825
Warm A,246112,1489,1488,2206,1326,0,0.013704865
Warm A,316502,1884,1883,2206,1326,1,0.0061310497
Warm A,228820,1387,1386,2206,1326,1,0.010773799
Warm A,275956,1671,1670,2206,1326,1,0.00975477
Warm A,319752,1899,1898,2206,1326,1,0.019927496
Warm A,446059,2751,2750,2206,1326,0,0.0069548558
Warm A,199023,1223,1222,2206,1326,1,0.006794516
Warm A,192936,1191,1190,2206,1326,1,0.008717522
Warm A,219638,1333,1332,2206,1326,1,-0.00043321238
Warm A,327426,1941,1940,2206,1326,1,0.0036351904
Warm A,184728,1150,1149,2206,1326,0,0.0139030125
Warm A,180077,1128,1127,2206,1326,1,0.01676816
Warm A,165083,1053,1052,2206,1326,1,0.006571252
Warm A,190223,1181,1180,2206,1326,1,0.030172748
Warm A,159692,1019,1018,2206,1326,0,0.012931576
Warm A,220995,1340,1339,2206,1326,0,0.012972974
Warm A,199183,1224,1223,2206,1326,1,0.0111584235
Warm A,144446,931,930,2206,1326,1,-0.0015051425
Warm A,142836,922,921,2206,1326,0,0.010940399
Warm A,140511,903,902,2206,1326,1,-0.0018779436
Warm A,137609,889,888,2206,1326,1,0.016602796
Warm A,321962,1912,1911,2206,1326,0,0.013423918
Warm A,122453,791,790,2206,1326,1,0.00610962
Warm A,120093,776,775,2206,1326,1,-0.007845339
Warm A,115205,749,748,2206,1326,1,0.016372444
Warm A,89688,591,590,2206,1326,1,0.017721735
Warm A,89050,588,587,2206,1326,1,0.010206388
Warm A,82607,549,548,2206,1326,1,0.014179467
Warm A,227893,1383,1382,2206,1326,1,0.0051786983
Warm A,46677,314,313,2206,1326,1,0.016238935
Warm A,36125,245,244,2206,1326,1,0.013320406
Warm A,234644,1425,1424,2206,1326,1,0.0041993237
Warm A,133573,864,863,2206,1326,0,0.027751135
Warm A,18496,146,145,2206,1326,0,0.01454247
Warm A,9037,62,61,2206,1326,1,0.002666373
Warm A,4307,33,32,2206,1326,1,0.002794352
Warm A,481545,2962,2961,2206,1326,0,0.00091975
Warm A,380620,2225,2224,2206,1326,0,0.0056004277
Warm A,457553,2820,2819,2206,1326,1,0.01674783
Warm A,24121,173,172,2206,1326,1,0.007091067
Warm A,916834,5539,5538,2206,1326,1,0.016790424
Warm A,171128,1088,1087,2206,1326,1,0.0065643433
Warm A,107587,710,709,2206,1326,1,0.015254785
Warm A,62418,424,423,2206,1326,0,0.005048442
Warm A,232474,1413,1412,2206,1326,1,0.0047173556
Warm A,497009,3054,3053,2206,1326,1,0.013755917
Warm A,473079,2909,2908,2206,1326,1,0.008478658
Warm A,565299,3475,3474,2206,1326,0,0.009089716
Warm A,22768,164,163,2206,1326,1,0.0016650921
Warm A,13093,102,101,2206,1326,1,0.011228891
Warm A,762337,4530,4529,2208,1327,1,-0.00045678846
Warm A,754231,4493,4492,2208,1327,1,-0.001991161
Warm A,744159,4447,4446,2208,1327,1,0.004575859
Warm A,711267,4268,4267,2208,1327,1,0.0032803486
Warm A,701835,4207,4206,2208,1327,1,-0.002004765
Warm A,690770,4134,4133,2208,1327,0,-0.003285144
Warm A,667158,4016,4015,2208,1327,0,0.0037831543
Warm A,758943,4510,4509,2208,1327,0,0.00136725
Warm A,638816,3842,3841,2208,1327,1,0.0037625267
Warm A,637607,3841,3840,2208,1327,1,0.0053904643
Warm A,621030,3762,3761,2208,1327,0,0.010853659
Warm A,645986,3888,3887,2208,1327,1,0.006818032
Warm A,670025,4028,4027,2208,1327,0,0.007957304
Warm A,613793,3718,3717,2208,1327,0,0.012874921
Warm A,940089,5675,5674,2208,1327,1,0.0024322984
Warm A,696956,4169,4168,2208,1327,1,0.009760169
Warm A,728319,4354,4353,2208,1327,1,0.010724241
Warm A,580341,3546,3545,2208,1327,0,-0.003089507
Warm A,571743,3507,3506,2208,1327,1,0.008471413
Warm A,568191,3487,3486,2208,1327,1,0.011309746
Warm A,557979,3426,3425,2208,1327,1,-5.8783393e-05
Warm A,549375,3390,3389,2208,1327,1,0.0013604956
Warm A,576740,3526,3525,2208,1327,1,0.0007346654
Warm A,552804,3402,3401,2208,1327,1,0.0028670407
Warm A,513860,3171,3170,2208,1327,1,0.00569793
Warm A,506445,3118,3117,2208,1327,0,-0.0017617196
Warm A,768935,4579,4578,2208,1327,1,0.010668001
Warm A,496177,3049,3048,2208,1327,1,-0.004569052
Warm A,491898,3026,3025,2208,1327,1,0.0029162085
Warm A,488298,3004,3003,2208,1327,0,-0.0024062637
Warm A,487298,2997,2996,2208,1327,0,-0.0035769835
Warm A,483788,2975,2974,2208,1327,1,0.004963559
Warm A,479086,2941,2940,2208,1327,1,0.00911626
Warm A,472209,2907,2906,2208,1327,0,0.006618853
Warm A,469519,2892,2891,2208,1327,1,-0.0018088846
Warm A,466131,2874,2873,2208,1327,1,0.0021098931
Warm A,754829,4497,4496,2208,1327,1,-0.0024032993
Warm A,461952,2849,2848,2208,1327,1,-0.008874209
Warm A,457556,2820,2819,2208,1327,0,0.0063232523
Warm A,448290,2764,2763,2208,1327,1,0.010157908
Warm A,447117,2754,2753,2208,1327,1,0.010782622
Warm A,446627,2753,2752,2208,1327,1,0.0022199962
Warm A,446061,2751,2750,2208,1327,1,0.00484523
Warm A,438940,2682,2681,2208,1327,1,0.0020695927
Warm A,438515,2680,2679,2208,1327,1,-0.0020260056
Warm A,431839,2631,2630,2208,1327,1,0.0007368694
Warm A,430848,2627,2626,2208,1327,1,0.009536908
Warm A,428716,2609,2608,2208,1327,1,0.0007824913
Warm A,414992,2498,2497,2208,1327,1,-0.003951154
Warm A,403058,2407,2406,2208,1327,1,0.008080772
Warm A,400831,2389,2388,2208,1327,1,-0.0045163487
Warm A,411973,2478,2477,2208,1327,0,0.0022667376
Warm A,397538,2355,2354,2208,1327,1,0.0034274794
Warm A,395323,2335,2334,2208,1327,1,0.0067779273
Warm A,390566,2293,2292,2208,1327,1,0.0029822493
Warm A,389783,2288,2287,2208,1327,0,0.0043099513
Warm A,381448,2231,2230,2208,1327,0,0.013415123
Warm A,373704,2181,2180,2208,1327,1,0.008988954
Warm A,361327,2109,2108,2208,1327,1,0.0026882892
Warm A,356642,2089,2088,2208,1327,1,0.0047032894
Warm A,353609,2072,2071,2208,1327,1,0.0075466894
Warm A,347178,2038,2037,2208,1327,0,0.0025136755
Warm A,343430,2018,2017,2208,1327,1,0.00840123
Warm A,339598,2002,2001,2208,1327,1,0.006238589
Warm A,335340,1980,1979,2208,1327,1,0.009635552
Warm A,318844,1896,1895,2208,1327,1,0.0012982133
Warm A,306020,1821,1820,2208,1327,0,-0.0038362471
Warm A,316503,1884,1883,2208,1327,0,0.010525737
Warm A,286176,1709,1708,2208,1327,1,0.0030726073
Warm A,293491,1748,1747,2208,1327,1,0.005165332
Warm A,275957,1671,1670,2208,1327,0,0.0061472063
Warm A,268683,1632,1631,2208,1327,0,0.011289056
Warm A,345376,2026,2025,2208,1327,1,0.00016597658
Warm A,260788,1594,1593,2208,1327,1,0.0013957887
Warm A,250605,1511,1510,2208,1327,1,0.006410536
Warm A,231514,1404,1403,2208,1327,1,0.004912756
Warm A,227416,1378,1377,2208,1327,1,-0.000842671
Warm A,228821,1387,1386,2208,1327,1,0.0030368925
Warm A,425130,2581,2580,2208,1327,1,0.009850976
Warm A,207443,1268,1267,2208,1327,1,0.0050099543
Warm A,199024,1223,1222,2208,1327,1,0.0010364791
Warm A,199185,1224,1223,2208,1327,1,0.002941321
Warm A,192937,1191,1190,2208,1327,1,0.0026116357
Warm A,327429,1941,1940,2208,1327,1,0.004683248
Warm A,189866,1178,1177,2208,1327,0,-0.0017075932
Warm A,206570,1266,1265,2208,1327,1,0.0054139383
Warm A,212352,1294,1293,2208,1327,1,-0.0009848794
Warm A,182611,1140,1139,2208,1327,1,0.00012423703
Warm A,165695,1057,1056,2208,1327,1,-0.0030740018
Warm A,165084,1053,1052,2208,1327,1,-0.003722317
Warm A,190229,1181,1180,2208,1327,0,0.003674232
Warm A,161229,1029,1028,2208,1327,1,0.0032596912
Warm A,157621,1015,1014,2208,1327,1,0.005880169
Warm A,319753,1899,1898,2208,1327,1,0.0025892789
Warm A,144447,931,930,2208,1327,1,0.012796197
Warm A,137612,889,888,2208,1327,1,0.0066628014
Warm A,374685,2185,2184,2208,1327,1,-0.00037657982
Warm A,124119,800,799,2208,1327,1,3.5638455e-05
Warm A,120094,776,775,2208,1327,1,-0.0018229551
Warm A,112184,731,730,2208,1327,1,0.009792864
Warm A,94057,631,630,2208,1327,1,0.010851527
Warm A,153591,987,986,2208,1327,1,-0.001885518
Warm A,89051,588,587,2208,1327,1,0.0018438575
Warm A,82612,549,548,2208,1327,1,0.002488402
Warm A,69405,466,465,2208,1327,1,-0.00145919
Warm A,123214,796,795,2208,1327,1,0.012979805
Warm A,220996,1340,1339,2208,1327,0,0.003375877
Warm A,41345,280,279,2208,1327,0,-0.0042271665
Warm A,46679,314,313,2208,1327,0,0.006284749
Warm A,34519,235,234,2208,1327,1,0.0048100296
Warm A,481546,2962,2961,2208,1327,0,0.0026563113
Warm A,511246,3154,3153,2208,1327,0,-0.0009668781
Warm A,136011,879,878,2208,1327,1,0.0072511593
Warm A,12630,97,96,2208,1327,1,-0.0069849687
Warm A,591637,3610,3609,2208,1327,0,0.011300599
Warm A,4102,31,30,2208,1327,1,0.000702227
Warm A,24122,173,172,2208,1327,1,0.00670389
Warm A,94512,635,634,2208,1327,1,0.0019941141
Warm A,192620,1186,1185,2208,1327,1,0.0038605223
Warm A,284686,1699,1698,2208,1327,1,0.0023127869
Warm A,181779,1137,1136,2208,1327,1,0.00042939675
Warm A,30962,208,207,2208,1327,0,0.0003933526
Warm A,369252,2159,2158,2208,1327,1,0.0046142
Warm A,420683,2544,2543,2208,1327,0,0.012910759
Warm A,588283,3590,3589,2208,1327,1,0.0048823245
Warm A,309429,1842,1841,2208,1327,1,0.0029278817
Warm A,991811,5991,5990,2208,1327,1,0.0018190346
Warm A,321965,1912,1911,2208,1327,0,-0.003836358
Warm A,115207,749,748,2208,1327,0,0.0054502375
Warm A,135106,874,873,2208,1327,1,0.0030135172
Warm A,347787,2041,2040,2208,1327,1,0.006805708
Warm A,204163,1256,1255,2208,1327,1,0.0029471403
Warm A,821656,4940,4939,2208,1327,1,0.0028512413
Warm A,118628,767,766,2208,1327,1,0.0074736304
Warm A,823427,4950,4949,2208,1327,1,0.008077385
Warm A,841359,5054,5053,2208,1327,1,0.011622237
Warm A,27453,193,192,2208,1327,1,0.011281539
Warm A,254801,1551,1550,2208,1327,1,-0.004048819
Warm A,73265,496,495,2208,1327,1,0.006987393
Warm A,506462,3118,3117,2212,1328,0,0.016431391
Warm A,628472,3807,3806,2212,1328,0,0.012006551
Warm A,491906,3026,3025,2212,1328,1,0.00697614
Warm A,479100,2941,2940,2212,1328,1,0.010913093
Warm A,472227,2907,2906,2212,1328,0,0.020479202
Warm A,473107,2909,2908,2212,1328,1,0.011776678
Warm A,518575,3201,3200,2212,1328,1,0.008899147
Warm A,511254,3154,3153,2212,1328,0,0.013201734
Warm A,437328,2670,2669,2212,1328,0,0.00753737
Warm A,428722,2609,2608,2212,1328,1,0.0063243774
Warm A,419546,2537,2536,2212,1328,1,0.015051933
Warm A,425141,2581,2580,2212,1328,1,0.021721043
Warm A,414999,2498,2497,2212,1328,0,0.0065483684
Warm A,396897,2350,2349,2212,1328,1,-0.0042248275
Warm A,400189,2383,2382,2212,1328,1,0.014699503
Warm A,391297,2302,2301,2212,1328,0,0.018695962
Warm A,384845,2248,2247,2212,1328,1,0.0032256225
Warm A,381468,2231,2230,2212,1328,0,0.007980071
Warm A,366880,2140,2139,2212,1328,1,0.0075994097
Warm A,361347,2109,2108,2212,1328,1,0.019622222
Warm A,343447,2018,2017,2212,1328,1,0.0030805927
Warm A,306024,1821,1820,2212,1328,0,0.01089358
Warm A,345988,2030,2029,2212,1328,1,0.008791324
Warm A,246125,1489,1488,2212,1328,0,0.0027587658
Warm A,316528,1884,1883,2212,1328,1,0.01196078
Warm A,321894,1911,1910,2212,1328,0,0.0132865235
Warm A,243643,1470,1469,2212,1328,0,0.0023281653
Warm A,327458,1941,1940,2212,1328,1,0.019679558
Warm A,184756,1150,1149,2212,1328,1,0.010582068
Warm A,180688,1130,1129,2212,1328,1,0.00905721
Warm A,169999,1080,1079,2212,1328,1,0.00725749
Warm A,190262,1181,1180,2212,1328,0,0.015366096
Warm A,199203,1224,1223,2212,1328,1,0.018038215
Warm A,130726,848,847,2212,1328,0,0.008756989
Warm A,197188,1211,1210,2212,1328,1,0.009044966
Warm A,779009,4653,4652,2212,1328,1,0.02078614
Warm A,108451,711,710,2212,1328,1,-0.0029369325
Warm A,239560,1449,1448,2212,1328,0,0.018361961
Warm A,82636,549,548,2212,1328,1,0.015510572
Warm A,61078,412,411,2212,1328,1,0.017638437
Warm A,337879,1988,1987,2212,1328,1,0.0155150425
Warm A,43788,301,300,2212,1328,1,0.008717803
Warm A,31706,216,215,2212,1328,1,0.020392913
Warm A,481560,2962,2961,2212,1328,0,0.008715693
Warm A,17365,136,135,2212,1328,0,0.0010195291
Warm A,13495,107,106,2212,1328,1,0.0045782514
Warm A,591655,3610,3609,2212,1328,0,0.0013292317
Warm A,9064,62,61,2212,1328,1,0.014548788
Warm A,89066,588,587,2212,1328,1,0.018041734
Warm A,380637,2225,2224,2212,1328,1,0.0123874955
Warm A,24156,173,172,2212,1328,1,0.008870093
Warm A,512502,3163,3162,2212,1328,1,0.013142085
Warm A,157650,1015,1014,2212,1328,1,0.019208178
Warm A,181798,1137,1136,2212,1328,1,0.015097276
Warm A,241769,1457,1456,2212,1328,1,0.01340499
Warm A,750560,4478,4477,2212,1328,1,0.016726682
Warm A,745204,4448,4447,2212,1328,1,0.017046938
Warm A,835164,5019,5018,2212,1328,1,0.010168532
Warm A,556475,3420,3419,2212,1328,1,0.007282477
Warm A,454436,2796,2795,2212,1328,0,0.008899899
Warm A,62446,424,423,2212,1328,1,0.015346464
Warm A,18514,146,145,2212,1328,1,0.0028255915
Warm A,565319,3475,3474,2212,1328,0,0.0127643235
Warm A,638827,3842,3841,2212,1328,1,0.008137642
Warm A,93152,624,623,2212,1328,0,0.019775016
Warm A,339027,1998,1997,2212,1328,0,0.009894049
Warm A,13098,102,101,2212,1328,1,0.004500457
Warm A,73269,496,495,2212,1328,0,0.0095814075
Warm A,201316,1242,1241,2238,1332,0,-0.005530677
Warm A,130953,850,849,2238,1332,1,0.004295584
Warm A,374712,2185,2184,2238,1332,1,-0.0037980773
Warm A,101611,677,676,2238,1332,1,0.0053724917
Warm A,207460,1268,1267,2238,1332,1,0.0023102385
Warm A,61112,412,411,2238,1332,0,0.0036136475
Warm A,210517,1285,1284,2238,1332,1,0.009555621
Warm A,51634,339,338,2238,1332,1,-0.0071305893
Warm A,42055,285,284,2238,1332,1,-0.013611279
Warm A,4874,35,34,2238,1332,1,-0.00715486
Warm A,293534,1748,1747,2238,1332,1,-0.012200802
Warm A,451449,2779,2778,2238,1332,1,0.0014683846
Warm A,860247,5172,5171,2238,1332,1,-0.0022823343
Warm A,208559,1274,1273,2238,1332,0,0.005871865
Warm A,739509,4418,4417,2238,1332,0,-0.0066679493
Warm A,24192,173,172,2238,1332,1,-0.0022099179
Warm A,497042,3054,3053,2238,1332,1,0.010011642
Warm A,286459,1711,1710,2239,1333,0,0.00842568
Warm A,271604,1642,1641,2239,1333,0,0.004493149
Warm A,214619,1303,1302,2239,1333,0,0.004534868
Warm A,208190,1273,1272,2239,1333,1,-0.0013299151
Warm A,220261,1335,1334,2239,1333,1,0.014823182
Warm A,243666,1470,1469,2239,1333,0,0.0073589445
Warm A,316080,1883,1882,2239,1333,0,0.004648491
Warm A,142294,919,918,2239,1333,1,0.008010171
Warm A,260802,1594,1593,2239,1333,1,0.009004675
Warm A,137697,889,888,2239,1333,0,0.01571639
Warm A,130955,850,849,2239,1333,1,0.007427784
Warm A,130083,841,840,2239,1333,0,0.0077445447
Warm A,159756,1019,1018,2239,1333,1,-0.0001054951
Warm A,207461,1268,1267,2239,1333,1,0.009713202
Warm A,221986,1343,1342,2239,1333,1,-0.00095204194
Warm A,190323,1181,1180,2239,1333,0,0.002304831
Warm A,77132,524,523,2239,1333,1,0.017294964
Warm A,83821,550,549,2239,1333,0,0.011350797
Warm A,210520,1285,1284,2239,1333,1,0.0070527145
Warm A,51635,339,338,2239,1333,1,0.012995757
Warm A,88687,587,586,2239,1333,0,0.0061568385
Warm A,208561,1274,1273,2239,1333,1,0.0009793355
Warm A,35197,238,237,2239,1333,0,0.010443253
Warm A,4875,35,34,2239,1333,1,0.0057139173
Warm A,524364,3233,3232,2239,1333,0,-0.004180222
Warm A,234690,1425,1424,2239,1333,1,0.001687506
Warm A,157697,1015,1014,2239,1333,1,0.0040918533
Warm A,293536,1748,1747,2239,1333,1,0.015291615
Warm A,713610,4277,4276,2239,1333,1,0.014871815
Warm A,39313,267,266,2239,1333,1,-0.0030511557
Warm A,860248,5172,5171,2239,1333,1,0.00925661
Warm A,907757,5492,5491,2239,1333,0,0.0059924317
Warm A,103937,691,690,2239,1333,1,0.0086000115
Warm A,319102,1897,1896,2239,1333,1,0.0067776972
Warm A,993989,6002,6001,2239,1333,0,0.0048265522
Warm A,739510,4418,4417,2239,1333,0,0.0014443332
Warm A,223017,1352,1351,2239,1333,1,0.0037555196
Warm A,457617,2820,2819,2241,1335,0,-0.0033577285
Warm A,453452,2793,2792,2241,1335,1,-0.0023750856
Warm A,450125,2776,2775,2241,1335,1,-0.0030868533
Warm A,446274,2752,2751,2241,1335,0,-0.0028294097
Warm A,435688,2664,2663,2241,1335,0,0.006458301
Warm A,432517,2638,2637,2241,1335,0,0.0048938165
Warm A,400217,2383,2382,2241,1335,0,0.004287225
Warm A,425591,2583,2582,2241,1335,1,-0.0058082193
Warm A,298499,1770,1769,2241,1335,0,-0.0048841313
Warm A,291103,1737,1736,2241,1335,0,0.00024199416
Warm A,280410,1683,1682,2241,1335,1,-0.005485003
Warm A,281127,1687,1686,2241,1335,1,-0.0013870737
Warm A,280690,1685,1684,2241,1335,0,0.0032372787
Warm A,360437,2106,2105,2241,1335,0,-0.004142794
Warm A,231548,1404,1403,2241,1335,0,0.0034264845
Warm A,335428,1980,1979,2241,1335,0,-6.527896e-05
Warm A,213245,1298,1297,2241,1335,0,-0.0033282882
Warm A,278574,1680,1679,2241,1335,0,-0.0102723725
Warm A,184815,1150,1149,2241,1335,0,0.0018587227
Warm A,307152,1835,1834,2241,1335,1,0.0026229126
Warm A,173478,1100,1099,2241,1335,0,0.0052610757
Warm A,327544,1941,1940,2241,1335,0,-0.00079355715
Warm A,162833,1040,1039,2241,1335,1,0.006951414
Warm A,347840,2041,2040,2241,1335,0,0.004230207
Warm A,225180,1362,1361,2241,1335,0,-0.008577688
Warm A,140604,904,903,2241,1335,1,0.0077019176
Warm A,137715,889,888,2241,1335,0,-0.0030031847
Warm A,202289,1244,1243,2241,1335,0,-0.0071508214
Warm A,159771,1019,1018,2241,1335,0,0.0057278583
Warm A,124402,801,800,2241,1335,0,0.0047228415
Warm A,124153,800,799,2241,1335,1,-0.005003716
Warm A,124717,802,801,2241,1335,1,0.005526661
Warm A,199043,1223,1222,2241,1335,0,0.0032635306
Warm A,112821,732,731,2241,1335,1,0.00048365444
Warm A,99394,663,662,2241,1335,0,-0.0033504833
Warm A,210537,1285,1284,2241,1335,0,-0.0060116844
Warm A,88277,583,582,2241,1335,0,-0.004045305
Warm A,96875,651,650,2241,1335,0,-0.01228401
Warm A,85483,558,557,2241,1335,0,-0.0013320975
Warm A,82697,549,548,2241,1335,1,6.42736e-05
Warm A,68389,459,458,2241,1335,0,0.0008365633
Warm A,59053,402,401,2241,1335,1,0.011820396
Warm A,57893,392,391,2241,1335,0,-0.0014291692
Warm A,31789,216,215,2241,1335,1,-0.003535963
Warm A,88694,587,586,2241,1335,0,-0.0076414496
Warm A,34594,235,234,2241,1335,0,-0.007010693
Warm A,947697,5722,5721,2241,1335,0,-0.006881379
Warm A,238544,1448,1447,2241,1335,1,-0.00011274079
Warm A,12777,98,97,2241,1335,0,0.011372537
Warm A,7227,50,49,2241,1335,0,0.00070476497
Warm A,6268,45,44,2241,1335,0,0.006428455
Warm A,2946,23,22,2241,1335,0,-0.0054158187
Warm A,233864,1422,1421,2241,1335,0,-0.004652929
Warm A,101903,678,677,2241,1335,0,-0.0048869364
Warm A,964325,5812,5811,2241,1335,1,-0.006392287
Warm A,743140,4445,4444,2241,1335,0,0.0011182441
Warm A,575723,3520,3519,2241,1335,0,0.00046327116
Warm A,209948,1284,1283,2241,1335,1,0.0009618964
Warm A,967154,5831,5830,2241,1335,0,-0.0051331623
Warm A,49161,329,328,2241,1335,0,-0.0067709005
Warm A,181829,1137,1136,2241,1335,0,0.002744814
Warm A,310514,1851,1850,2241,1335,0,-0.0028637303
Warm A,975264,5880,5879,2241,1335,0,-0.003101694
Warm A,317475,1889,1888,2241,1335,0,-0.011138322
Warm A,632901,3824,3823,2241,1335,0,-0.00089598534
Warm A,206234,1265,1264,2241,1335,0,0.0077895033
Warm A,62519,424,423,2241,1335,0,-0.0036014616
Warm A,240935,1451,1450,2241,1335,0,0.0023434374
Warm A,193402,1194,1193,2241,1335,0,0.001088849
Warm A,335447,1980,1979,2250,1341,1,0.013050764
Warm A,924060,5580,5579,2250,1341,0,0.010083039
Warm A,675803,4054,4053,2252,1342,0,0.004059831
Warm A,671009,4033,4032,2252,1342,0,0.010480788
Warm A,667230,4016,4015,2252,1342,0,0.011460824
Warm A,663734,3999,3998,2252,1342,0,0.0044665886
Warm A,664518,4001,4000,2252,1342,0,0.00039114978
Warm A,634616,3829,3828,2252,1342,0,0.014957648
Warm A,633861,3825,3824,2252,1342,0,0.0031479169
Warm A,637706,3841,3840,2252,1342,0,0.010100214
Warm A,617963,3745,3744,2252,1342,0,0.0033725135
Warm A,794115,4748,4747,2252,1342,1,0.012801134
Warm A,614576,3724,3723,2252,1342,0,0.0013045012
Warm A,612374,3713,3712,2252,1342,0,0.0052214414
Warm A,726651,4345,4344,2252,1342,0,0.003481851
Warm A,608944,3693,3692,2252,1342,0,0.007830137
Warm A,603946,3675,3674,2252,1342,0,0.013537247
Warm A,725746,4344,4343,2252,1342,0,0.0036533945
Warm A,576823,3526,3525,2252,1342,0,0.00086458214
Warm A,616982,3735,3734,2252,1342,0,0.0004983831
Warm A,568934,3491,3490,2252,1342,0,0.004318404
Warm A,593333,3618,3617,2252,1342,0,0.0130813
Warm A,562388,3462,3461,2252,1342,0,0.011004281
Warm A,557530,3425,3424,2252,1342,0,0.012090439
Warm A,549710,3391,3390,2252,1342,0,0.009801237
Warm A,545584,3365,3364,2252,1342,1,0.010921461
Warm A,547504,3378,3377,2252,1342,0,-0.0024590883
Warm A,904341,5468,5467,2252,1342,1,-0.0021581994
Warm A,540920,3328,3327,2252,1342,1,0.0060817543
Warm A,522168,3224,3223,2252,1342,1,0.0043959017
Warm A,516272,3189,3188,2252,1342,0,-0.0018024179
Warm A,499108,3067,3066,2252,1342,0,0.008654427
Warm A,493756,3032,3031,2252,1342,1,4.2781e-05
Warm A,493220,3031,3030,2252,1342,0,0.0032539875
Warm A,478915,2939,2938,2252,1342,0,0.007389492
Warm A,484785,2986,2985,2252,1342,1,0.004916379
Warm A,470851,2899,2898,2252,1342,1,0.011640479
Warm A,852802,5113,5112,2252,1342,0,0.008599913
Warm A,468225,2887,2886,2252,1342,1,0.0022369777
Warm A,465520,2872,2871,2252,1342,1,0.004412999
Warm A,463015,2857,2856,2252,1342,0,0.005696982
Warm A,458836,2825,2824,2252,1342,0,0.007390922
Warm A,486878,2996,2995,2252,1342,1,0.004920302
Warm A,492479,3029,3028,2252,1342,0,0.004324003
Warm A,450130,2776,2775,2252,1342,1,0.0011538989
Warm A,450526,2777,2776,2252,1342,0,0.008267057
Warm A,443688,2737,2736,2252,1342,0,-8.417852e-05
Warm A,564135,3471,3470,2252,1342,0,0.005441361
Warm A,427730,2599,2598,2252,1342,1,0.0007243281
Warm A,422886,2563,2562,2252,1342,0,0.001706124
Warm A,422104,2555,2554,2252,1342,0,0.002786861
Warm A,419601,2537,2536,2252,1342,0,0.0034284426
Warm A,419232,2533,2532,2252,1342,0,0.0026601274
Warm A,412637,2484,2483,2252,1342,0,0.010745598
Warm A,395754,2340,2339,2252,1342,1,0.0016450325
Warm A,378293,2208,2207,2252,1342,0,0.0027608336
Warm A,368714,2156,2155,2252,1342,0,0.008322011
Warm A,369750,2164,2163,2252,1342,0,0.000522356
Warm A,362682,2116,2115,2252,1342,1,0.0066955783
Warm A,359204,2102,2101,2252,1342,0,0.009706368
Warm A,436130,2665,2664,2252,1342,0,0.007331593
Warm A,348360,2042,2041,2252,1342,0,0.01316569
Warm A,341390,2012,2011,2252,1342,0,0.0044915047
Warm A,313390,1870,1869,2252,1342,0,0.000415152
Warm A,299420,1778,1777,2252,1342,1,0.0052837227
Warm A,297284,1764,1763,2252,1342,1,0.0074179918
Warm A,265503,1613,1612,2252,1342,0,0.005800273
Warm A,259287,1587,1586,2252,1342,0,0.011455923
Warm A,243153,1466,1465,2252,1342,0,0.010682911
Warm A,231555,1404,1403,2252,1342,0,0.00910073
Warm A,357225,2092,2091,2252,1342,1,0.0070962664
Warm A,225688,1367,1366,2252,1342,1,0.0017011206
Warm A,222544,1347,1346,2252,1342,1,0.014592738
Warm A,335448,1980,1979,2252,1342,0,0.0082734935
Warm A,296726,1759,1758,2252,1342,1,0.0047131283
Warm A,261565,1599,1598,2252,1342,0,-0.001936753
Warm A,199773,1226,1225,2252,1342,0,0.0038546985
Warm A,278594,1680,1679,2252,1342,0,-0.00044332934
Warm A,209330,1279,1278,2252,1342,0,0.0024648972
Warm A,304644,1812,1811,2252,1342,1,0.007104934
Warm A,194672,1202,1201,2252,1342,0,0.007563266
Warm A,184838,1150,1149,2252,1342,0,0.008160889
Warm A,182426,1139,1138,2252,1342,1,0.00423537
Warm A,199247,1224,1223,2252,1342,1,0.0015650226
Warm A,177881,1120,1119,2252,1342,1,0.004327833
Warm A,168213,1069,1068,2252,1342,0,0.0064632026
Warm A,221064,1340,1339,2252,1342,0,-0.0035928646
Warm A,136253,881,880,2252,1342,1,0.0051171104
Warm A,248641,1501,1500,2252,1342,0,0.009736422
Warm A,124727,802,801,2252,1342,1,0.0047459593
Warm A,360452,2106,2105,2252,1342,0,0.007525881
Warm A,111809,728,727,2252,1342,0,-0.002364851
Warm A,112247,731,730,2252,1342,1,0.004530332
Warm A,109157,714,713,2252,1342,0,0.003789639
Warm A,105840,699,698,2252,1342,0,0.0048139268
Warm A,176691,1117,1116,2252,1342,0,0.0057027563
Warm A,697038,4169,4168,2252,1342,0,0.0103295585
Warm A,87176,570,569,2252,1342,0,-0.00013434235
Warm A,86453,566,565,2252,1342,1,0.003638994
Warm A,190363,1181,1180,2252,1342,0,0.005803172
Warm A,405932,2436,2435,2252,1342,0,0.009502633
Warm A,83856,550,549,2252,1342,0,0.0051410072
Warm A,77167,524,523,2252,1342,0,0.013867615
Warm A,58471,396,395,2252,1342,0,0.0016821467
Warm A,57907,392,391,2252,1342,0,0.011097044
Warm A,44265,302,301,2252,1342,0,0.0075740064
Warm A,238561,1448,1447,2252,1342,0,0.0062024957
Warm A,36250,245,244,2252,1342,0,0.0080374945
Warm A,336851,1983,1982,2252,1342,0,0.010063394
Warm A,32841,223,222,2252,1342,1,0.0018464008
Warm A,26274,187,186,2252,1342,1,0.0076883696
Warm A,21118,155,154,2252,1342,1,0.008128902
Warm A,15403,123,122,2252,1342,0,0.0027172589
Warm A,9136,62,61,2252,1342,1,0.0063419486
Warm A,7522,53,52,2252,1342,1,2.4586916e-07
Warm A,6298,45,44,2252,1342,0,0.0013760608
Warm A,107660,710,709,2252,1342,0,0.0004802104
Warm A,79095,531,530,2252,1342,0,0.004582244
Warm A,354677,2077,2076,2252,1342,0,0.011348865
Warm A,983,10,9,2252,1342,1,0.0047453376
Warm A,65157,438,437,2252,1342,0,0.0058017904
Warm A,975269,5880,5879,2252,1342,0,0.0042004907
Warm A,237592,1447,1446,2252,1342,0,0.006460933
Warm A,240945,1451,1450,2252,1342,0,0.007854911
Warm A,750586,4478,4477,2252,1342,0,0.0045423936
Warm A,133998,869,868,2252,1342,0,0.0057824454
Warm A,62536,424,423,2252,1342,0,0.003030825
Warm A,841391,5054,5053,2252,1342,0,0.0003833514
Warm A,184839,1150,1149,2255,1344,0,0.012135655
Warm A,130162,843,842,2255,1344,1,0.0065147867
Warm A,210554,1285,1284,2255,1344,0,0.0047287634
Warm A,239648,1449,1448,2255,1344,0,-0.0013787902
Warm A,112249,731,730,2255,1344,0,-0.006137943
Warm A,98559,660,659,2255,1344,0,0.0016297549
Warm A,313988,1875,1874,2255,1344,0,-0.0073388913
Warm A,96882,651,650,2255,1344,1,-0.0015154742
Warm A,86455,566,565,2255,1344,0,-0.00808638
Warm A,190365,1181,1180,2255,1344,0,0.0031938534
Warm A,38780,264,263,2255,1344,0,0.004143895
Warm A,713624,4277,4276,2255,1344,0,0.0041388283
Warm A,31817,216,215,2255,1344,1,0.0035813474
Warm A,21442,157,156,2255,1344,0,0.005426025
Warm A,238563,1448,1447,2255,1344,0,-0.00761293
Warm A,49186,329,328,2255,1344,0,-0.006101529
Warm A,101919,678,677,2255,1344,1,0.006804242
Warm A,967160,5831,5830,2255,1344,0,-0.003956685
Warm A,958993,5787,5786,2255,1344,0,-0.0049554426
Warm A,583194,3562,3561,2261,1346,1,0.013153854
Warm A,576851,3526,3525,2261,1346,0,-0.0014761796
Warm A,568538,3489,3488,2261,1346,0,-0.00092415186
Warm A,556772,3422,3421,2261,1346,1,0.014396345
Warm A,658248,3967,3966,2261,1346,0,0.003358474
Warm A,645082,3885,3884,2261,1346,1,0.00840473
Warm A,549738,3391,3390,2261,1346,1,0.014354006
Warm A,538831,3314,3313,2261,1346,1,0.0042164866
Warm A,536816,3311,3310,2261,1346,1,0.0069797
Warm A,536423,3309,3308,2261,1346,1,0.0068795355
Warm A,531397,3281,3280,2261,1346,1,0.0045739603
Warm A,522191,3224,3223,2261,1346,0,0.007295228
Warm A,512581,3163,3162,2261,1346,0,0.015475482
Warm A,508456,3129,3128,2261,1346,0,0.009147592
Warm A,816167,4899,4898,2261,1346,0,0.009122786
Warm A,506173,3114,3113,2261,1346,1,-0.00070471875
Warm A,490564,3018,3017,2261,1346,1,0.012895502
Warm A,710254,4260,4259,2261,1346,0,0.00499113
Warm A,880065,5317,5316,2261,1346,1,0.015894737
Warm A,462470,2854,2853,2261,1346,0,0.002926175
Warm A,450547,2777,2776,2261,1346,0,0.016421944
Warm A,450141,2776,2775,2261,1346,1,0.011120241
Warm A,445886,2750,2749,2261,1346,0,0.0004915012
Warm A,443018,2731,2730,2261,1346,1,0.0035799572
Warm A,438754,2681,2680,2261,1346,1,0.008681193
Warm A,412657,2484,2483,2261,1346,0,0.017363532
Warm A,409478,2457,2456,2261,1346,1,0.01651049
Warm A,407527,2447,2446,2261,1346,1,0.0018304924
Warm A,404369,2419,2418,2261,1346,0,0.00940294
Warm A,397862,2361,2360,2261,1346,0,-0.00035105692
Warm A,377655,2205,2204,2261,1346,0,0.00974772
Warm A,364559,2124,2123,2261,1346,1,0.014978285
Warm A,373808,2181,2180,2261,1346,1,0.017834937
Warm A,348369,2042,2041,2261,1346,0,0.016141629
Warm A,341404,2012,2011,2261,1346,0,0.0063297087
Warm A,331304,1958,1957,2261,1346,1,0.017994555
Warm A,333244,1968,1967,2261,1346,0,0.012386551
Warm A,298508,1770,1769,2261,1346,0,0.0036509156
Warm A,290867,1736,1735,2261,1346,1,0.0136408815
Warm A,281150,1687,1686,2261,1346,0,0.0062697995
Warm A,259301,1587,1586,2261,1346,0,0.0051905415
Warm A,274004,1655,1654,2261,1346,1,0.012978448
Warm A,247505,1496,1495,2261,1346,0,0.006505543
Warm A,283425,1697,1696,2261,1346,1,0.009716298
Warm A,446092,2751,2750,2261,1346,1,0.006342137
Warm A,205062,1262,1261,2261,1346,1,0.011492866
Warm A,278629,1680,1679,2261,1346,1,0.006849288
Warm A,308365,1837,1836,2261,1346,0,0.00573046
Warm A,188828,1172,1171,2261,1346,0,0.017805502
Warm A,307183,1835,1834,2261,1346,1,6.3748565e-05
Warm A,179004,1124,1123,2261,1346,1,0.009848902
Warm A,173503,1100,1099,2261,1346,0,0.0015747005
Warm A,164258,1051,1050,2261,1346,0,0.013633069
Warm A,155727,1004,1003,2261,1346,1,0.0019021754
Warm A,184867,1150,1149,2261,1346,0,0.019479819
Warm A,156529,1010,1009,2261,1346,0,0.01860069
Warm A,135414,877,876,2261,1346,1,0.016420474
Warm A,133330,861,860,2261,1346,1,0.0075552184
Warm A,126465,817,816,2261,1346,0,0.0051504886
Warm A,124741,802,801,2261,1346,0,0.010857539
Warm A,118242,765,764,2261,1346,0,0.0034651468
Warm A,115704,751,750,2261,1346,1,0.0065750466
Warm A,113191,735,734,2261,1346,0,-0.0037198374
Warm A,177894,1120,1119,2261,1346,1,0.004067862
Warm A,272017,1645,1644,2261,1346,1,0.011715443
Warm A,107482,709,708,2261,1346,1,0.003994728
Warm A,103778,690,689,2261,1346,1,0.00906819
Warm A,262991,1605,1604,2261,1346,0,0.01865863
Warm A,95159,638,637,2261,1346,1,0.0061621787
Warm A,88710,587,586,2261,1346,0,0.007978602
Warm A,86467,566,565,2261,1346,0,0.011157173
Warm A,360467,2106,2105,2261,1346,0,0.013840219
Warm A,70362,475,474,2261,1346,1,0.004940058
Warm A,57922,392,391,2261,1346,0,0.0004937204
Warm A,44288,302,301,2261,1346,0,0.0026980217
Warm A,38202,261,260,2261,1346,0,0.0079094535
Warm A,29639,202,201,2261,1346,0,0.01741588
Warm A,25535,181,180,2261,1346,1,0.015001165
Warm A,269707,1635,1634,2261,1346,0,0.011026569
Warm A,144042,929,928,2261,1346,1,0.0052296314
Warm A,4736,34,33,2261,1346,1,0.012123596
Warm A,3563,26,25,2261,1346,0,0.009898458
Warm A,65924,442,441,2261,1346,0,0.002053698
Warm A,347863,2041,2040,2261,1346,0,0.00696434
Warm A,79112,531,530,2261,1346,0,0.008367332
Warm A,237612,1447,1446,2261,1346,0,0.01393332
Warm A,605111,3679,3678,2261,1346,1,0.012306011
Warm A,954293,5761,5760,2261,1346,0,0.008368837
Warm A,258295,1584,1583,2261,1346,1,0.014766846
Warm A,317503,1889,1888,2261,1346,0,0.013248231
Warm A,101942,678,677,2261,1346,1,0.012501271
Warm A,206646,1266,1265,2261,1346,1,0.0049909754
Warm A,134012,869,868,2261,1346,0,0.015565228
Warm A,893206,5394,5393,2261,1346,0,0.0036973704
Warm A,206248,1265,1264,2261,1346,0,0.004507577
Warm A,62566,424,423,2261,1346,1,0.008147851
Warm A,311210,1854,1853,2261,1346,0,0.012000783
Warm A,468238,2887,2886,2261,1346,1,0.009166485
Warm A,144352,930,929,2261,1346,1,0.0018973466
Warm A,193427,1194,1193,2261,1346,0,0.0057315845
Warm A,709894,4258,4257,2261,1346,0,0.008885477
Warm A,629070,3808,3807,2263,1348,0,0.0011773817
Warm A,637732,3841,3840,2263,1348,0,0.013118034
Warm A,764328,4543,4542,2263,1348,1,0.01366403
Warm A,625409,3780,3779,2263,1348,1,0.010647364
Warm A,624480,3778,3777,2263,1348,0,0.008423461
Warm A,603974,3675,3674,2263,1348,0,0.0041271998
Warm A,725763,4344,4343,2263,1348,0,0.011035766
Warm A,632943,3824,3823,2263,1348,1,0.009382771
Warm A,590634,3603,3602,2263,1348,0,0.011132976
Warm A,583197,3562,3561,2263,1348,1,0.0072316006
Warm A,580794,3547,3546,2263,1348,0,0.0041579176
Warm A,745236,4448,4447,2263,1348,1,0.013605298
Warm A,568953,3491,3490,2263,1348,0,0.0057208324
Warm A,563588,3469,3468,2263,1348,1,0.0043606027
Warm A,555628,3416,3415,2263,1348,1,-0.0026448353
Warm A,549744,3391,3390,2263,1348,1,0.015159703
Warm A,528016,3265,3264,2263,1348,0,0.0017237782
Warm A,526642,3259,3258,2263,1348,1,0.009897431
Warm A,515289,3182,3181,2263,1348,0,0.013357018
Warm A,511445,3155,3154,2263,1348,1,0.0026582896
Warm A,605580,3681,3680,2263,1348,1,0.019027628
Warm A,522193,3224,3223,2263,1348,0,0.0066319024
Warm A,503233,3091,3090,2263,1348,1,0.010953954
Warm A,575109,3519,3518,2263,1348,0,0.00875054
Warm A,499131,3067,3066,2263,1348,0,0.0085542295
Warm A,495550,3044,3043,2263,1348,1,-0.00019200635
Warm A,493790,3032,3031,2263,1348,1,0.003727042
Warm A,628502,3807,3806,2263,1348,0,0.011470653
Warm A,659036,3971,3970,2263,1348,0,0.010127996
Warm A,491538,3024,3023,2263,1348,0,0.0022686033
Warm A,561443,3454,3453,2263,1348,0,0.012733415
Warm A,487794,3001,3000,2263,1348,0,0.003920499
Warm A,529435,3272,3271,2263,1348,1,0.012823599
Warm A,479983,2946,2945,2263,1348,0,0.0034759634
Warm A,484801,2986,2985,2263,1348,0,0.014587423
Warm A,553720,3410,3409,2263,1348,0,0.0066773603
Warm A,463038,2857,2856,2263,1348,0,0.005495524
Warm A,457648,2820,2819,2263,1348,1,0.0136252055
Warm A,446293,2752,2751,2263,1348,0,0.0023935642
Warm A,564152,3471,3470,2263,1348,0,0.00031867903
Warm A,433943,2645,2644,2263,1348,1,0.016555699
Warm A,432541,2638,2637,2263,1348,0,0.0021862704
Warm A,395043,2334,2333,2263,1348,1,0.009381833
Warm A,391002,2298,2297,2263,1348,0,0.008204205
Warm A,436150,2665,2664,2263,1348,1,0.008501357
Warm A,352600,2064,2063,2263,1348,0,0.00877044
Warm A,371535,2172,2171,2263,1348,0,-0.0005204268
Warm A,359893,2105,2104,2263,1348,0,0.021384709
Warm A,306058,1822,1821,2263,1348,0,0.0037733887
Warm A,306516,1827,1826,2263,1348,0,0.0024060109
Warm A,301175,1790,1789,2263,1348,1,0.010815008
Warm A,291130,1737,1736,2263,1348,1,0.012592109
Warm A,306320,1825,1824,2263,1348,1,-0.0030666066
Warm A,260595,1593,1592,2263,1348,0,0.012594376
Warm A,251675,1523,1522,2263,1348,0,0.005473486
Warm A,391914,2304,2303,2263,1348,0,-0.00047140243
Warm A,296310,1758,1757,2263,1348,0,0.014254448
Warm A,277412,1676,1675,2263,1348,0,0.013174139
Warm A,205597,1264,1263,2263,1348,0,0.009997394
Warm A,209963,1284,1283,2263,1348,0,0.0068111285
Warm A,278637,1680,1679,2263,1348,1,0.0137939025
Warm A,327606,1941,1940,2263,1348,0,0.015069209
Warm A,182331,1138,1137,2263,1348,1,0.010445382
Warm A,180147,1128,1127,2263,1348,0,0.014851326
Warm A,179006,1124,1123,2263,1348,1,0.011066621
Warm A,248655,1501,1500,2263,1348,1,-0.0012269772
Warm A,212759,1297,1296,2263,1348,0,0.01140926
Warm A,156533,1010,1009,2263,1348,0,0.013729921
Warm A,131724,854,853,2263,1348,1,-0.003160426
Warm A,126092,813,812,2263,1348,0,1.7851125e-05
Warm A,324290,1922,1921,2263,1348,1,0.013631962
Warm A,272019,1645,1644,2263,1348,1,0.0074122828
Warm A,104793,695,694,2263,1348,1,0.008659637
Warm A,115851,752,751,2263,1348,0,0.008154227
Warm A,331308,1958,1957,2263,1348,1,0.0054913536
Warm A,210581,1285,1284,2263,1348,0,0.011537337
Warm A,103295,687,686,2263,1348,0,0.00941767
Warm A,113193,735,734,2263,1348,1,0.017836835
Warm A,239676,1449,1448,2263,1348,0,0.0011380208
Warm A,351396,2063,2062,2263,1348,1,0.016067423
Warm A,92681,621,620,2263,1348,0,-0.0001074546
Warm A,283870,1698,1697,2263,1348,0,0.004658114
Warm A,82745,549,548,2263,1348,1,0.005957111
Warm A,75821,516,515,2263,1348,0,0.009064326
Warm A,86469,566,565,2263,1348,0,0.0040147835
Warm A,70639,476,475,2263,1348,0,0.006954691
Warm A,64783,435,434,2263,1348,0,-0.0036404803
Warm A,51094,337,336,2263,1348,1,-0.0006760736
Warm A,132261,855,854,2263,1348,0,0.00092256954
Warm A,110573,721,720,2263,1348,1,0.014600231
Warm A,638888,3842,3841,2263,1348,0,0.016638296
Warm A,238587,1448,1447,2263,1348,1,0.0021230218
Warm A,38801,264,263,2263,1348,1,-0.00016743498
Warm A,23016,166,165,2263,1348,0,0.0015476516
Warm A,15431,123,122,2263,1348,0,0.012761683
Warm A,2697,22,21,2263,1348,0,0.008298344
Warm A,104123,692,691,2263,1348,0,0.0022343665
Warm A,481608,2962,2961,2263,1348,0,0.008094969
Warm A,89118,588,587,2263,1348,0,0.004023115
Warm A,27944,195,194,2263,1348,1,0.018040413
Warm A,140612,904,903,2263,1348,0,-0.0026668776
Warm A,181852,1137,1136,2263,1348,1,0.0085719
Warm A,366061,2131,2130,2263,1348,0,-0.005483917
Warm A,298949,1776,1775,2263,1348,1,0.005718477
Warm A,164260,1051,1050,2263,1348,0,0.009031182
Warm A,101946,678,677,2263,1348,1,0.012561956
Warm A,262995,1605,1604,2263,1348,1,0.015771385
Warm A,79114,531,530,2263,1348,1,0.011664974
Warm A,230436,1395,1394,2263,1348,1,0.004073951
Warm A,570918,3503,3502,2263,1348,0,0.00088340323
Warm A,322076,1912,1911,2263,1348,0,0.012846708
Warm A,240965,1451,1450,2263,1348,0,0.005391308
Warm A,473206,2909,2908,2263,1348,0,0.0122401295
Warm A,565383,3475,3474,2263,1348,0,0.006360593
Warm A,62568,424,423,2263,1348,0,0.012932944
Warm A,327609,1941,1940,2264,1349,0,-0.0051394384
Warm A,335273,1979,1978,2264,1349,0,-0.000593805
Warm A,156534,1010,1009,2264,1349,0,0.0009264202
Warm A,154723,999,998,2264,1349,0,0.006146104
Warm A,239678,1449,1448,2264,1349,0,0.011437169
Warm A,190403,1181,1180,2264,1349,0,-0.012226186
Warm A,71772,482,481,2264,1349,0,-0.005881283
Warm A,68544,461,460,2264,1349,0,-0.0060418034
Warm A,59707,406,405,2264,1349,0,0.00043012598
Warm A,132262,855,854,2264,1349,0,-0.0016275151
Warm A,638889,3842,3841,2264,1349,1,0.006731871
Warm A,238588,1448,1447,2264,1349,0,0.0019346607
Warm A,219032,1329,1328,2264,1349,0,-0.00012228277
Warm A,7544,53,52,2264,1349,0,-0.0035514936
Warm A,27945,195,194,2264,1349,1,-0.002693416
Warm A,354698,2077,2076,2264,1349,1,-0.0050081694
Warm A,893207,5394,5393,2264,1349,0,-0.007815553
Warm A,720349,4312,4311,2264,1349,0,-7.8984536e-05
Warm A,609554,3695,3694,2264,1349,0,-0.0011662883
Warm A,933764,5636,5635,2264,1349,0,0.00228634
Warm A,699882,4186,4185,2264,1349,0,-0.008691424
Warm A,62570,424,423,2264,1349,0,0.0015678309
Warm A,656030,3953,3952,2264,1349,0,0.0034865916
Warm A,329127,1943,1942,2265,1350,0,0.013602391
Warm A,83879,550,549,2265,1350,1,0.011102569
Warm A,119010,770,769,2265,1350,0,0.013591645
Warm A,251055,1516,1515,2265,1350,0,0.009067633
Warm A,57926,392,391,2265,1350,0,0.0127207665
Warm A,51095,337,336,2265,1350,0,0.009834917
Warm A,132264,855,854,2265,1350,0,0.017064158
Warm A,44293,302,301,2265,1350,0,0.0062416894
Warm A,40254,272,271,2265,1350,1,0.011072689
Warm A,219034,1329,1328,2265,1350,0,0.007440597
Warm A,29646,202,201,2265,1350,0,0.017881285
Warm A,2701,22,21,2265,1350,1,0.009750956
Warm A,65926,442,441,2265,1350,0,0.014568654
Warm A,78263,528,527,2265,1350,0,0.016883375
Warm A,237617,1447,1446,2265,1350,0,0.018317696
Warm A,54379,355,354,2265,1350,0,0.0014581225
Warm A,362704,2116,2115,2265,1350,0,0.009295762
Warm A,342193,2015,2014,2265,1350,1,0.005951044
Warm A,159816,1019,1018,2265,1350,0,0.008583186
Warm A,699883,4186,4185,2265,1350,0,0.007693045
Warm A,171257,1088,1087,2265,1350,0,0.0089197215
Warm A,893209,5394,5393,2265,1350,0,0.014553467
Warm A,549748,3391,3390,2265,1350,0,0.004180095
Warm A,721384,4318,4317,2266,1351,0,0.00512357
Warm A,686272,4105,4104,2266,1351,0,0.00028080886
Warm A,679985,4077,4076,2266,1351,0,0.012356269
Warm A,678186,4064,4063,2266,1351,0,0.007895494
Warm A,677397,4060,4059,2266,1351,1,0.0063004494
Warm A,673948,4048,4047,2266,1351,1,-0.0013336984
Warm A,663753,3999,3998,2266,1351,0,0.004875516
Warm A,660334,3981,3980,2266,1351,0,-0.0012413403
Warm A,656816,3958,3957,2266,1351,0,0.012248499
Warm A,652332,3934,3933,2266,1351,0,0.010565618
Warm A,686416,4107,4106,2266,1351,0,0.0051101223
Warm A,629077,3808,3807,2266,1351,0,0.010260968
Warm A,624484,3778,3777,2266,1351,0,0.011397261
Warm A,618824,3751,3750,2266,1351,0,0.012528295
Warm A,612385,3713,3712,2266,1351,1,0.007276512
Warm A,726658,4345,4344,2266,1351,0,-0.007070378
Warm A,610865,3705,3704,2266,1351,0,0.00835577
Warm A,591479,3609,3608,2266,1351,0,0.0034023048
Warm A,589376,3594,3593,2266,1351,0,0.0065583303
Warm A,588979,3592,3591,2266,1351,1,-0.0023674886
Warm A,580795,3547,3546,2266,1351,1,0.00934955
Warm A,567255,3483,3482,2266,1351,0,0.009106195
Warm A,568956,3491,3490,2266,1351,1,0.0062551484
Warm A,562023,3458,3457,2266,1351,0,-0.0011218623
Warm A,559804,3441,3440,2266,1351,0,0.0048159068
Warm A,573414,3512,3511,2266,1351,0,0.012260931
Warm A,658250,3967,3966,2266,1351,0,0.0039818203
Warm A,541990,3336,3335,2266,1351,0,0.0061240615
Warm A,540926,3328,3327,2266,1351,1,-0.007495581
Warm A,535769,3308,3307,2266,1351,1,0.011258508
Warm A,522197,3224,3223,2266,1351,0,-0.0014306995
Warm A,520258,3209,3208,2266,1351,0,-0.0014083276
Warm A,519902,3208,3207,2266,1351,0,0.0144366035
Warm A,518071,3197,3196,2266,1351,0,0.0012508584
Warm A,516814,3191,3190,2266,1351,0,0.002301685
Warm A,521335,3217,3216,2266,1351,1,0.0044676852
Warm A,512589,3163,3162,2266,1351,1,0.015273223
Warm A,542773,3340,3339,2266,1351,0,0.0049200393
Warm A,502804,3087,3086,2266,1351,0,0.010983173
Warm A,516287,3189,3188,2266,1351,0,0.01272583
Warm A,549749,3391,3390,2266,1351,1,0.001671603
Warm A,492493,3029,3028,2266,1351,1,0.009473631
Warm A,489880,3014,3013,2266,1351,1,0.0058356477
Warm A,484805,2986,2985,2266,1351,0,0.0140706245
Warm A,477855,2934,2933,2266,1351,0,0.0062538525
Warm A,472316,2907,2906,2266,1351,0,0.0005432756
Warm A,594685,3620,3619,2266,1351,0,0.0039070295
Warm A,453489,2793,2792,2266,1351,1,0.0030456162
Warm A,452218,2785,2784,2266,1351,0,0.008986591
Warm A,450556,2777,2776,2266,1351,0,0.004518918
Warm A,445081,2745,2744,2266,1351,0,-0.0004039961
Warm A,442733,2728,2727,2266,1351,0,0.006165862
Warm A,438755,2681,2680,2266,1351,0,0.0015511708
Warm A,420390,2541,2540,2266,1351,0,0.009777064
Warm A,419235,2533,2532,2266,1351,1,9.048777e-05
Warm A,416010,2506,2505,2266,1351,0,0.003437419
Warm A,400244,2383,2382,2266,1351,0,-0.0023193797
Warm A,399410,2378,2377,2266,1351,0,0.006411799
Warm A,393836,2320,2319,2266,1351,0,0.005846167
Warm A,418447,2529,2528,2266,1351,0,0.0013147327
Warm A,383327,2240,2239,2266,1351,1,0.0011474902
Warm A,377092,2203,2202,2266,1351,0,0.008616742
Warm A,353646,2072,2071,2266,1351,1,0.0048681647
Warm A,345026,2024,2023,2266,1351,0,0.01271362
Warm A,343028,2016,2015,2266,1351,1,0.000608847
Warm A,343506,2018,2017,2266,1351,0,0.00069713476
Warm A,350882,2060,2059,2266,1351,0,0.0008411447
Warm A,312203,1861,1860,2266,1351,1,0.008983545
Warm A,295938,1757,1756,2266,1351,0,0.005522277
Warm A,298951,1776,1775,2266,1351,0,0.008516977
Warm A,286209,1709,1708,2266,1351,0,0.009301966
Warm A,251795,1524,1523,2266,1351,0,0.0044304593
Warm A,242607,1465,1464,2266,1351,0,0.012705056
Warm A,335482,1980,1979,2266,1351,0,0.0025936083
Warm A,272650,1647,1646,2266,1351,0,0.011221722
Warm A,205598,1264,1263,2266,1351,0,0.008640731
Warm A,203833,1254,1253,2266,1351,0,0.010382959
Warm A,202309,1244,1243,2266,1351,0,0.004044427
Warm A,278644,1680,1679,2266,1351,1,0.013916569
Warm A,337942,1988,1987,2266,1351,0,0.013089982
Warm A,186735,1156,1155,2266,1351,0,0.0011598836
Warm A,175317,1112,1111,2266,1351,0,0.01118848
Warm A,167378,1066,1065,2266,1351,0,-0.0018487731
Warm A,272021,1645,1644,2266,1351,1,0.007151518
Warm A,158884,1016,1015,2266,1351,0,0.002540099
Warm A,154561,998,997,2266,1351,0,-0.011949023
Warm A,152836,984,983,2266,1351,1,0.0039594183
Warm A,324291,1922,1921,2266,1351,0,0.008366079
Warm A,143606,927,926,2266,1351,0,0.00588258
Warm A,142311,919,918,2266,1351,0,0.0033129933
Warm A,141130,910,909,2266,1351,1,0.007337097
Warm A,137784,889,888,2266,1351,0,-0.0048060627
Warm A,380120,2223,2222,2266,1351,0,0.016783204
Warm A,134962,873,872,2266,1351,1,0.0022809433
Warm A,134018,869,868,2266,1351,0,0.0031293659
Warm A,131727,854,853,2266,1351,0,0.010494581
Warm A,332473,1962,1961,2266,1351,0,0.0021203528
Warm A,123066,795,794,2266,1351,0,-0.0035648877
Warm A,177897,1120,1119,2266,1351,1,-0.0010376128
Warm A,360472,2106,2105,2266,1351,0,0.0016910384
Warm A,112269,731,730,2266,1351,1,0.0029460408
Warm A,103631,689,688,2266,1351,1,-0.008155638
Warm A,179413,1125,1124,2266,1351,0,0.0017691222
Warm A,176710,1117,1116,2266,1351,0,0.0026760474
Warm A,98581,660,659,2266,1351,0,0.011073243
Warm A,104127,692,691,2266,1351,0,0.0046747793
Warm A,82750,549,548,2266,1351,1,0.0053028297
Warm A,101254,676,675,2266,1351,0,0.007349224
Warm A,76594,520,519,2266,1351,0,0.009183083
Warm A,87040,569,568,2266,1351,1,-0.003818921
Warm A,78264,528,527,2266,1351,0,0.0034253267
Warm A,132265,855,854,2266,1351,0,0.011976393
Warm A,697062,4169,4168,2266,1351,1,0.008103325
Warm A,38804,264,263,2266,1351,0,0.00544521
Warm A,21231,156,155,2266,1351,0,0.010978979
Warm A,6325,45,44,2266,1351,1,0.013834542
Warm A,3573,26,25,2266,1351,0,0.0050813546
Warm A,20651,151,150,2266,1351,0,0.0111695025
Warm A,439778,2688,2687,2266,1351,0,-0.00010873517
Warm A,354700,2077,2076,2266,1351,0,0.008193877
Warm A,889111,5367,5366,2266,1351,0,-0.001013397
Warm A,975276,5880,5879,2266,1351,0,0.01231628
Warm A,860259,5172,5171,2266,1351,0,0.00024298951
Warm A,682170,4085,4084,2266,1351,1,0.004174937
Warm A,680513,4079,4078,2266,1351,0,0.00082320324
Warm A,883266,5333,5332,2266,1351,0,-0.0050984123
Warm A,144751,934,933,2266,1351,0,-0.0013608963
Warm A,195220,1203,1202,2266,1351,0,-0.0002556831
Warm A,986749,5956,5955,2266,1351,0,0.009029476
Warm A,52066,343,342,2266,1351,1,0.0032494832
Warm A,587678,3589,3588,2266,1351,1,0.015032496
Warm A,95698,641,640,2266,1351,1,0.004470962
Warm A,413616,2489,2488,2266,1351,0,0.012951296
Warm A,324855,1925,1924,2266,1351,0,0.0112252
Warm A,295529,1755,1754,2266,1351,0,0.0053087436
Warm A,82752,549,548,2267,1352,0,0.002656779
Warm A,697063,4169,4168,2267,1352,1,0.0012476374
Warm A,32682,221,220,2267,1352,0,0.0028959431
Warm A,638893,3842,3841,2267,1352,0,-0.00015557394
Warm A,15433,123,122,2267,1352,0,0.014847508
Warm A,206647,1266,1265,2267,1352,0,0.0026542596
Warm A,481614,2962,2961,2267,1352,0,0.0050533307
Warm A,157771,1015,1014,2267,1352,0,-0.0072814506
Warm A,76595,520,519,2267,1352,1,0.00011050631
Warm A,150403,970,969,2267,1352,0,0.006984944
Warm A,689743,4126,4125,2267,1352,0,0.0057306974
Warm A,232496,1413,1412,2267,1352,1,-0.00050444785
Warm A,49977,331,330,2267,1352,1,0.00024559704
Warm A,324856,1925,1924,2267,1352,1,-0.0024886057
Warm A,844228,5074,5073,2271,1355,1,0.010452988
Warm A,571868,3507,3506,2271,1355,0,0.0111792
Warm A,778120,4647,4646,2271,1355,1,0.010512258
Warm A,497081,3054,3053,2271,1355,0,0.008981601
Warm A,631348,3821,3820,2271,1355,0,0.004902236
Warm A,301991,1794,1793,2271,1355,0,0.005785097
Warm A,335502,1980,1979,2271,1355,1,0.022859879
Warm A,960376,5792,5791,2271,1355,1,0.0045898147
Warm A,322096,1912,1911,2271,1355,0,0.006338466
Warm A,581220,3550,3549,2271,1355,0,0.01721842
Warm A,388322,2272,2271,2271,1355,1,0.0062055616
Warm A,289965,1733,1732,2271,1355,0,0.005127023
Warm A,115867,752,751,2271,1355,1,0.009313584
Warm A,941619,5682,5681,2271,1355,1,0.010290475
Warm A,764339,4543,4542,2271,1355,0,0.003593036
Warm A,974542,5878,5877,2271,1355,0,0.0039344574
Warm A,334941,1976,1975,2272,1356,0,-0.0024824007
Warm A,328976,1942,1941,2272,1356,1,0.0052872645
Warm A,292124,1741,1740,2272,1356,1,0.012797163
Warm A,274982,1666,1665,2272,1356,0,-0.00047771097
Warm A,278676,1680,1679,2272,1356,1,0.007746653
Warm A,267476,1626,1625,2272,1356,1,0.0049431724
Warm A,189244,1173,1172,2272,1356,0,0.0013591945
Warm A,186806,1157,1156,2272,1356,0,0.0032898607
Warm A,263009,1605,1604,2272,1356,1,0.003392144
Warm A,168228,1069,1068,2272,1356,1,0.0031242436
Warm A,167176,1064,1063,2272,1356,0,0.0034996055
Warm A,148656,957,956,2272,1356,1,-0.0036497698
Warm A,270733,1639,1638,2272,1356,1,-0.0053119664
Warm A,143245,924,923,2272,1356,1,0.0037709612
Warm A,131734,854,853,2272,1356,0,0.014998881
Warm A,117155,755,754,2272,1356,1,0.0077003576
Warm A,115868,752,751,2272,1356,1,0.0071507366
Warm A,114702,746,745,2272,1356,1,-0.0010913224
Warm A,779022,4653,4652,2272,1356,0,-0.0036830795
Warm A,105868,699,698,2272,1356,0,0.0009469595
Warm A,332481,1962,1961,2272,1356,0,1.8573133e-05
Warm A,697083,4169,4168,2272,1356,1,0.0019030799
Warm A,360483,2106,2105,2272,1356,1,0.008661207
Warm A,432052,2634,2633,2272,1356,1,0.003810451
Warm A,85504,558,557,2272,1356,1,0.004716258
Warm A,82772,549,548,2272,1356,0,-0.0011015674
Warm A,198114,1218,1217,2272,1356,1,-0.00040546968
Warm A,238608,1448,1447,2272,1356,1,0.003980409
Warm A,228017,1383,1382,2272,1356,0,0.002233447
Warm A,76599,520,519,2272,1356,0,-0.00059153046
Warm A,70068,474,473,2272,1356,0,0.0074424944
Warm A,155216,1001,1000,2272,1356,1,0.0029769493
Warm A,61183,412,411,2272,1356,1,3.307103e-05
Warm A,31879,216,215,2272,1356,0,0.011966554
Warm A,28595,197,196,2272,1356,1,0.0038805997
Warm A,13821,111,110,2272,1356,0,0.00062917033
Warm A,9180,62,61,2272,1356,1,0.009716281
Warm A,1612,15,14,2272,1356,0,-0.00025627343
Warm A,578163,3532,3531,2272,1356,0,0.0068906248
Warm A,223312,1354,1353,2272,1356,0,-0.0017497453
Warm A,49997,331,330,2272,1356,1,-0.0040724166
Warm A,79130,531,530,2272,1356,0,0.0059128487
Warm A,4502,33,32,2272,1356,0,-0.0017554851
Warm A,89127,588,587,2272,1356,0,0.010910767
Warm A,157791,1015,1014,2272,1356,1,0.006793289
Warm A,394926,2333,2332,2272,1356,1,0.0033993833
Warm A,416374,2507,2506,2272,1356,0,0.0021146385
Warm A,18614,146,145,2272,1356,1,0.0034650634
Warm A,713650,4277,4276,2272,1356,1,-0.0075545125
Warm A,992937,5998,5997,2272,1356,1,-0.0015502996
Warm A,285150,1701,1700,2272,1356,0,0.0002997676
Warm A,193443,1194,1193,2272,1356,1,0.0027260813
Warm A,74598,509,508,2275,1358,1,0.0039012115
Warm A,65183,438,437,2275,1358,1,0.0007219175
Warm A,289970,1733,1732,2275,1358,1,0.0073973583
Warm A,561146,3453,3452,2275,1358,0,0.0010041432
Warm A,895517,5412,5411,2275,1358,1,0.007227825
Warm A,927806,5605,5604,2275,1358,0,0.012624886
Warm A,467268,2880,2879,2275,1358,1,0.009053556
Warm A,947955,5723,5722,2275,1358,0,0.00979284
Warm A,770092,4589,4588,2275,1358,0,0.009981727
Warm A,632966,3824,3823,2275,1358,0,0.007705235
Warm A,230440,1395,1394,2275,1358,1,-0.004862402
Warm A,26304,187,186,2276,1359,0,0.00320332
Warm A,133410,862,861,2276,1359,0,0.00094040064
Warm A,223317,1354,1353,2276,1359,0,0.0012463266
Warm A,484830,2986,2985,2276,1359,0,0.00447126
Warm A,713655,4277,4276,2276,1359,0,0.007410271
Warm A,204436,1260,1259,2276,1359,0,0.0063922987
Warm A,908258,5493,5492,2276,1359,0,0.003585924
Warm A,147887,953,952,2276,1359,1,0.011013277
Warm A,27514,193,192,2276,1359,1,0.0056744115
Warm A,171282,1088,1087,2276,1359,1,-0.0007269103
Warm A,364581,2124,2123,2280,1362,1,0.004684205
Warm A,351151,2062,2061,2280,1362,1,-0.0072404686
Warm A,349458,2051,2050,2280,1362,0,-0.0026829503
Warm A,340440,2010,2009,2280,1362,0,0.0021822057
Warm A,289979,1733,1732,2280,1362,0,0.0032036654
Warm A,281507,1688,1687,2280,1362,0,0.0035166973
Warm A,274991,1666,1665,2280,1362,1,-0.011227325
Warm A,304222,1807,1806,2280,1362,0,0.009480029
Warm A,259319,1587,1586,2280,1362,0,0.0096720625
Warm A,337962,1988,1987,2280,1362,0,-0.0015573001
Warm A,213843,1299,1298,2280,1362,0,-0.0006516748
Warm A,214673,1303,1302,2280,1362,0,-0.011548113
Warm A,294169,1749,1748,2280,1362,0,0.00038005947
Warm A,327665,1941,1940,2280,1362,0,-0.0012622518
Warm A,330647,1952,1951,2280,1362,0,0.0022672354
Warm A,163660,1050,1049,2280,1362,0,0.004680082
Warm A,181237,1133,1132,2280,1362,0,0.007021289
Warm A,212773,1297,1296,2280,1362,1,-0.0013549807
Warm A,195237,1203,1202,2280,1362,1,0.003062882
Warm A,184923,1150,1149,2280,1362,0,-0.011416495
Warm A,139684,894,893,2280,1362,1,-0.0030427927
Warm A,139576,893,892,2280,1362,0,-0.011145497
Warm A,335520,1980,1979,2280,1362,1,-0.009139647
Warm A,298020,1767,1766,2280,1362,0,0.0029429062
Warm A,124758,802,801,2280,1362,1,0.0024155944
Warm A,175948,1113,1112,2280,1362,1,0.006078705
Warm A,117368,757,756,2280,1362,0,0.003321545
Warm A,114711,746,745,2280,1362,0,0.0032712533
Warm A,107709,710,709,2280,1362,0,0.007347297
Warm A,203461,1248,1247,2280,1362,0,-0.004946733
Warm A,176733,1117,1116,2280,1362,0,0.0013247335
Warm A,110597,721,720,2280,1362,1,-0.005909553
Warm A,87556,573,572,2280,1362,1,-0.00024966348
Warm A,308393,1837,1836,2280,1362,0,-0.0048634764
Warm A,77219,524,523,2280,1362,0,0.0013531977
Warm A,80023,533,532,2280,1362,1,0.0008622212
Warm A,197233,1211,1210,2280,1362,1,0.005271158
Warm A,115890,752,751,2280,1362,1,-0.0012500372
Warm A,71797,482,481,2280,1362,1,0.0029612393
Warm A,427205,2593,2592,2280,1362,1,0.0013205162
Warm A,805882,4823,4822,2280,1362,0,-0.0009702145
Warm A,40285,272,271,2280,1362,1,-0.0063334736
Warm A,36973,249,248,2280,1362,0,0.009767682
Warm A,33378,225,224,2280,1362,0,-0.0027362779
Warm A,22391,163,162,2280,1362,0,5.8091362e-05
Warm A,238622,1448,1447,2280,1362,0,0.0005346914
Warm A,13743,110,109,2280,1362,1,-0.008001001
Warm A,104148,692,691,2280,1362,1,-0.007188982
Warm A,19874,149,148,2280,1362,1,-0.0017407287
Warm A,209981,1284,1283,2280,1362,1,-0.0054490464
Warm A,360499,2106,2105,2280,1362,0,0.006525814
Warm A,109706,716,715,2280,1362,1,-0.0050019138
Warm A,713663,4277,4276,2280,1362,0,-0.0006904013
Warm A,697096,4169,4168,2280,1362,0,-0.00080299657
Warm A,784356,4682,4681,2280,1362,0,0.0023216885
Warm A,772863,4607,4606,2280,1362,1,-0.0007262158
Warm A,50012,331,330,2280,1362,1,0.006140343
Warm A,868261,5242,5241,2280,1362,0,0.0032617918
Warm A,499159,3067,3066,2280,1362,1,-0.0038494
Warm A,893219,5394,5393,2280,1362,0,-0.0013769604
Warm A,67700,454,453,2280,1362,0,0.0027302043
Warm A,304682,1812,1811,2280,1362,0,-0.00015749282
Warm A,96555,648,647,2280,1362,1,0.0034981682
Warm A,193454,1194,1193,2280,1362,1,-0.0045740595
Warm A,129193,839,838,2280,1362,1,0.006128164
Warm A,123071,795,794,2283,1364,0,0.0032057338
Warm A,584934,3570,3569,2290,1368,0,0.0020730812
Warm A,580273,3544,3543,2290,1368,1,0.0026170616
Warm A,576899,3526,3525,2290,1368,0,0.005774496
Warm A,576086,3521,3520,2290,1368,0,0.0024863454
Warm A,580428,3546,3545,2290,1368,0,0.0018241571
Warm A,593444,3618,3617,2290,1368,0,0.003743026
Warm A,562881,3463,3462,2290,1368,0,-0.0008003741
Warm A,560324,3444,3443,2290,1368,0,-0.0013383927
Warm A,552883,3402,3401,2290,1368,0,0.012454828
Warm A,532678,3290,3289,2290,1368,0,0.008218842
Warm A,533059,3292,3291,2290,1368,0,0.010014197
Warm A,524934,3241,3240,2290,1368,0,-0.0013501821
Warm A,522261,3224,3223,2290,1368,1,0.0015977547
Warm A,697111,4169,4168,2290,1368,0,0.0054289056
Warm A,503378,3093,3092,2290,1368,0,0.0028956337
Warm A,924074,5580,5579,2290,1368,0,0.00404708
Warm A,499170,3067,3066,2290,1368,1,0.0044767573
Warm A,485720,2990,2989,2290,1368,0,0.0065684062
Warm A,484849,2986,2985,2290,1368,1,0.010160072
Warm A,482588,2967,2966,2290,1368,0,0.0022936743
Warm A,409111,2456,2455,2290,1368,0,0.013221786
Warm A,402182,2402,2401,2290,1368,0,0.008925022
Warm A,378310,2208,2207,2290,1368,1,0.0033516472
Warm A,325234,1926,1925,2290,1368,1,0.01355051
Warm A,323081,1916,1915,2290,1368,1,0.00035126274
Warm A,280732,1685,1684,2290,1368,0,0.003203426
Warm A,268841,1632,1631,2290,1368,0,0.010847427
Warm A,260013,1591,1590,2290,1368,1,-0.0026049793
Warm A,242637,1465,1464,2290,1368,0,0.0017341718
Warm A,217921,1322,1321,2290,1368,0,-0.005070403
Warm A,220282,1335,1334,2290,1368,0,-0.0027826894
Warm A,278725,1680,1679,2290,1368,1,0.0074708923
Warm A,294176,1749,1748,2290,1368,0,0.0036628481
Warm A,212401,1294,1293,2290,1368,1,-0.013832728
Warm A,176495,1116,1115,2290,1368,0,0.0012455839
Warm A,319915,1899,1898,2290,1368,0,0.0018548537
Warm A,184951,1150,1149,2290,1368,0,0.0026675137
Warm A,199299,1224,1223,2290,1368,1,0.0065652677
Warm A,131012,850,849,2290,1368,0,0.0075008827
Warm A,159863,1019,1018,2290,1368,1,-0.0015586559
Warm A,130172,843,842,2290,1368,1,0.0022942324
Warm A,210637,1285,1284,2290,1368,1,0.0048908107
Warm A,126262,816,815,2290,1368,0,0.009410962
Warm A,887084,5359,5358,2290,1368,0,0.0016943205
Warm A,88723,587,586,2290,1368,0,0.012804134
Warm A,82808,549,548,2290,1368,0,0.00035399315
Warm A,190498,1181,1180,2290,1368,0,0.003867701
Warm A,83919,550,549,2290,1368,0,0.009585507
Warm A,53579,352,351,2290,1368,0,0.009019152
Warm A,47337,319,318,2290,1368,0,0.0028915398
Warm A,9203,62,61,2290,1368,0,0.002863041
Warm A,357279,2092,2091,2290,1368,0,0.0017626528
Warm A,105047,696,695,2290,1368,1,0.0016650031
Warm A,18637,146,145,2290,1368,0,0.003850873
Warm A,370899,2168,2167,2290,1368,0,0.0054210327
Warm A,249774,1505,1504,2290,1368,1,6.432005e-05
Warm A,289993,1733,1732,2290,1368,0,0.009860958
Warm A,276074,1671,1670,2290,1368,1,-0.0034605782
Warm A,546697,3371,3370,2290,1368,1,0.0064096586
Warm A,335543,1980,1979,2290,1368,1,0.009260984
Warm A,322127,1912,1911,2290,1368,0,0.00250158
Warm A,697118,4169,4168,2295,1371,1,0.009266029
Warm A,82196,546,545,2295,1371,1,0.006887045
Warm A,190506,1181,1180,2295,1371,1,0.00500339
Warm A,45856,308,307,2295,1371,1,0.007775482
Warm A,54410,355,354,2295,1371,0,0.001349377
Warm A,31493,214,213,2295,1371,0,0.012867378
Warm A,21497,157,156,2295,1371,1,0.009064487
Warm A,357282,2092,2091,2295,1371,1,0.0056937453
Warm A,206687,1266,1265,2295,1371,1,0.0058176015
Warm A,893227,5394,5393,2295,1371,1,0.008639478
Warm A,317532,1889,1888,2295,1371,1,9.588222e-05
Warm A,171329,1088,1087,2295,1371,0,0.0033007832
Warm A,187509,1164,1163,2295,1371,1,-0.0022438206
Warm A,549812,3391,3390,2295,1371,1,0.003256843
Warm A,450172,2776,2775,2296,1372,1,-0.0033732634
Warm A,450607,2777,2776,2296,1372,1,-0.012974487
Warm A,399423,2378,2377,2296,1372,0,-0.001871062
Warm A,436188,2665,2664,2296,1372,1,0.009413606
Warm A,391966,2304,2303,2296,1372,0,0.00044560805
Warm A,389879,2288,2287,2296,1372,0,0.0027618625
Warm A,378117,2206,2205,2296,1372,0,-0.0027297873
Warm A,375480,2188,2187,2296,1372,0,0.002758698
Warm A,370439,2166,2165,2296,1372,1,0.0018750404
Warm A,358399,2098,2097,2296,1372,0,-0.0016705003
Warm A,355882,2085,2084,2296,1372,0,0.009566261
Warm A,351455,2063,2062,2296,1372,0,0.0014693663
Warm A,345045,2024,2023,2296,1372,1,0.012184953
Warm A,341430,2012,2011,2296,1372,0,0.0033552786
Warm A,297331,1764,1763,2296,1372,1,-0.0016777627
Warm A,281169,1687,1686,2296,1372,0,-0.0008965215
Warm A,271396,1641,1640,2296,1372,0,-0.00043091585
Warm A,275000,1666,1665,2296,1372,0,-0.008038286
Warm A,304227,1807,1806,2296,1372,0,0.002903134
Warm A,309229,1841,1840,2296,1372,0,0.004152391
Warm A,247531,1496,1495,2296,1372,0,-0.008399221
Warm A,223339,1354,1353,2296,1372,0,0.0054423036
Warm A,220285,1335,1334,2296,1372,0,0.001851366
Warm A,296741,1759,1758,2296,1372,0,0.004484686
Warm A,277449,1676,1675,2296,1372,1,-0.007999465
Warm A,196337,1207,1206,2296,1372,0,-0.0018457961
Warm A,192291,1184,1183,2296,1372,0,-0.0047182264
Warm A,210645,1285,1284,2296,1372,0,0.0009496863
Warm A,173529,1100,1099,2296,1372,0,-0.0027787047
Warm A,172804,1096,1095,2296,1372,0,-0.011811342
Warm A,167700,1068,1067,2296,1372,0,-0.0020415275
Warm A,166329,1059,1058,2296,1372,0,0.0002733483
Warm A,163676,1050,1049,2296,1372,0,-0.0019569388
Warm A,272048,1645,1644,2296,1372,0,-0.0074119507
Warm A,189258,1173,1172,2296,1372,0,-0.0015301172
Warm A,136312,881,880,2296,1372,0,0.003175136
Warm A,131753,854,853,2296,1372,0,-0.0013423746
Warm A,126096,813,812,2296,1372,0,0.0006603926
Warm A,124182,800,799,2296,1372,1,0.006478926
Warm A,117379,757,756,2296,1372,0,-0.0034209995
Warm A,112307,731,730,2296,1372,0,0.0069393995
Warm A,101275,676,675,2296,1372,0,-0.0013583947
Warm A,109187,714,713,2296,1372,1,0.0024420454
Warm A,370901,2168,2167,2296,1372,1,0.003086254
Warm A,96339,647,646,2296,1372,0,0.0068625957
Warm A,405964,2436,2435,2296,1372,1,0.009206675
Warm A,119041,770,769,2296,1372,1,-0.0066684345
Warm A,88725,587,586,2296,1372,0,0.0010608453
Warm A,71813,482,481,2296,1372,1,-0.00088306004
Warm A,115917,752,751,2296,1372,0,-0.00079557486
Warm A,70666,476,475,2296,1372,0,0.00092502625
Warm A,68574,461,460,2296,1372,0,-0.0007474805
Warm A,251069,1516,1515,2296,1372,0,-0.00039911643
Warm A,57121,386,385,2296,1372,0,-0.0027475068
Warm A,59382,403,402,2296,1372,0,-0.00046901614
Warm A,53588,352,351,2296,1372,0,0.0087364875
Warm A,52496,346,345,2296,1372,1,-0.0024847635
Warm A,132293,855,854,2296,1372,0,-0.00018391933
Warm A,44359,302,301,2296,1372,0,0.0014234572
Warm A,41720,284,283,2296,1372,0,0.0013688153
Warm A,55540,368,367,2296,1372,0,0.0016324328
Warm A,31940,216,215,2296,1372,0,0.002511349
Warm A,32882,223,222,2296,1372,0,-0.0005919789
Warm A,291171,1737,1736,2296,1372,0,0.0032561822
Warm A,49287,329,328,2296,1372,0,3.1638425e-05
Warm A,202938,1246,1245,2296,1372,1,0.0069275014
Warm A,2437,19,18,2296,1372,0,0.0030289046
Warm A,79162,531,530,2296,1372,0,0.00024944125
Warm A,78296,528,527,2296,1372,0,0.0033849552
Warm A,954297,5761,5760,2296,1372,0,0.005122509
Warm A,362756,2116,2115,2296,1372,0,-0.0014485611
Warm A,572741,3509,3508,2296,1372,0,0.0022711765
Warm A,105889,699,698,2296,1372,0,-0.005066661
Warm A,511786,3158,3157,2296,1372,0,-0.00960498
Warm A,331354,1958,1957,2296,1372,0,0.0041280794
Warm A,924075,5580,5579,2296,1372,0,0.0027436535
Warm A,195253,1203,1202,2296,1372,0,-0.0134337675
Warm A,52968,349,348,2296,1372,0,0.0005945938
Warm A,183482,1142,1141,2296,1372,0,0.0008018636
Warm A,342235,2015,2014,2296,1372,0,-0.0014087876
Warm A,699896,4186,4185,2296,1372,0,0.0045183683
Warm A,941634,5682,5681,2296,1372,0,0.0089878375
Warm A,272687,1647,1646,2296,1372,0,0.0033932566
Warm A,28022,195,194,2296,1372,0,-0.0025930132
Warm A,341618,2012,2011,2306,1378,0,0.011792606
Warm A,340675,2010,2009,2306,1378,0,0.0050440757
Warm A,299653,1778,1777,2306,1378,0,0.011573839
Warm A,277731,1676,1675,2306,1378,0,0.007456218
Warm A,208005,1272,1271,2306,1378,0,0.004036476
Warm A,173692,1100,1099,2306,1378,0,0.005939518
Warm A,172892,1096,1095,2306,1378,1,0.0025308996
Warm A,328188,1941,1940,2306,1378,0,0.0069667464
Warm A,276653,1673,1672,2306,1378,1,0.0037080375
Warm A,227622,1380,1379,2306,1378,1,0.0034078658
Warm A,143677,927,926,2306,1378,0,0.0029984303
Warm A,120431,777,776,2306,1378,0,0.014166545
Warm A,112501,731,730,2306,1378,0,0.005069622
Warm A,77572,524,523,2306,1378,0,0.008777664
Warm A,70803,476,475,2306,1378,1,0.008284217
Warm A,47203,319,318,2306,1378,0,0.008588592
Warm A,697407,4169,4168,2306,1378,0,0.011012765
Warm A,31758,216,215,2306,1378,0,0.001343205
Warm A,31465,214,213,2306,1378,0,-4.3443404e-05
Warm A,481848,2962,2961,2306,1378,0,0.0073828665
Warm A,1243,11,10,2306,1378,0,0.0072422493
Warm A,371016,2168,2167,2306,1378,0,0.003873609
Warm A,363067,2116,2115,2306,1378,0,0.004745652
Warm A,860319,5172,5171,2306,1378,1,0.004199363
Warm A,335180,1978,1977,2306,1378,0,0.0087587135
Warm A,907817,5492,5491,2306,1378,0,0.007323356
Warm A,54332,355,354,2306,1378,0,0.0115518
Warm A,475520,2918,2917,2306,1378,1,-0.00063218526
Warm A,587942,3589,3588,2306,1378,0,0.008068112
Warm A,193683,1194,1193,2306,1378,0,0.0046878774
Warm A,438612,2680,2679,2310,1379,0,0.0071230656
Warm A,421038,2544,2543,2310,1379,1,-0.0019744497
Warm A,413214,2485,2484,2310,1379,1,-0.006405154
Warm A,412851,2484,2483,2310,1379,1,0.007659613
Warm A,381338,2230,2229,2310,1379,1,-0.003422283
Warm A,375892,2190,2189,2310,1379,1,-0.0019467452
Warm A,376732,2199,2198,2310,1379,1,0.0102554625
Warm A,374121,2181,2180,2310,1379,1,0.00055612624
Warm A,372294,2174,2173,2310,1379,0,0.0056863152
Warm A,354137,2073,2072,2310,1379,1,-0.0010410787
Warm A,361679,2109,2108,2310,1379,0,0.0033532504
Warm A,352815,2065,2064,2310,1379,1,0.0014632365
Warm A,350555,2058,2057,2310,1379,1,0.009194718
Warm A,332690,1962,1961,2310,1379,1,0.005476891
Warm A,335975,1980,1979,2310,1379,0,-0.008783324
Warm A,316283,1883,1882,2310,1379,0,-0.010095553
Warm A,291836,1738,1737,2310,1379,1,-0.011448121
Warm A,281816,1690,1689,2310,1379,0,0.0063298987
Warm A,267585,1626,1625,2310,1379,1,0.0034500782
Warm A,264366,1608,1607,2310,1379,1,0.002884227
Warm A,256094,1561,1560,2310,1379,0,-0.0034830056
Warm A,253895,1544,1543,2310,1379,1,0.0059257005
Warm A,233079,1418,1417,2310,1379,1,0.0017693434
Warm A,227629,1380,1379,2310,1379,0,0.0047979215
Warm A,208814,1274,1273,2310,1379,1,0.008413818
Warm A,199475,1224,1223,2310,1379,1,-0.011571472
Warm A,200346,1230,1229,2310,1379,1,-0.0068870327
Warm A,189384,1173,1172,2310,1379,1,0.0003517588
Warm A,185360,1150,1149,2310,1379,0,0.0027144242
Warm A,182503,1139,1138,2310,1379,1,0.0066375853
Warm A,179923,1126,1125,2310,1379,1,-0.0008648713
Warm A,205334,1263,1262,2310,1379,1,0.007686929
Warm A,168480,1069,1068,2310,1379,0,-0.0023084828
Warm A,167890,1068,1067,2310,1379,1,0.0016080004
Warm A,163863,1050,1049,2310,1379,0,0.006577433
Warm A,203594,1251,1250,2310,1379,0,-0.008590654
Warm A,160878,1022,1021,2310,1379,1,0.010815983
Warm A,148766,957,956,2310,1379,0,0.0031158766
Warm A,182039,1137,1136,2310,1379,1,0.00974919
Warm A,122347,789,788,2310,1379,0,-0.00239699
Warm A,122035,787,786,2310,1379,0,0.003480943
Warm A,349304,2050,2049,2310,1379,0,-0.0017640771
Warm A,98248,657,656,2310,1379,1,0.00016278576
Warm A,99222,661,660,2310,1379,1,0.008488022
Warm A,83188,549,548,2310,1379,0,-0.0066452906
Warm A,53453,352,351,2310,1379,1,-0.0009581153
Warm A,155357,1001,1000,2310,1379,1,0.013815736
Warm A,51642,339,338,2310,1379,0,0.0028882409
Warm A,35203,238,237,2310,1379,1,0.0015453068
Warm A,31781,216,215,2310,1379,1,-0.0027510931
Warm A,27883,195,194,2310,1379,1,0.008437322
Warm A,500479,3074,3073,2310,1379,1,-0.005881059
Warm A,243417,1467,1466,2310,1379,0,0.015498009
Warm A,15377,123,122,2310,1379,1,0.012403479
Warm A,238999,1448,1447,2310,1379,1,-0.0007481908
Warm A,9524,63,62,2310,1379,1,0.008511996
Warm A,8212,57,56,2310,1379,0,-0.0003207283
Warm A,66071,442,441,2310,1379,1,0.0032009152
Warm A,49936,331,330,2310,1379,0,4.571484e-05
Warm A,348066,2041,2040,2310,1379,1,0.004457918
Warm A,117048,754,753,2310,1379,0,0.0032018244
Warm A,713908,4277,4276,2310,1379,1,5.7656085e-05
Warm A,537967,3312,3311,2310,1379,1,-0.008780474
Warm A,365780,2129,2128,2310,1379,0,0.0098564755
Warm A,285343,1701,1700,2310,1379,1,-0.00046351098
Warm A,164612,1051,1050,2310,1379,1,-0.0032519
Warm A,171701,1088,1087,2310,1379,1,0.008380669
Warm A,144945,934,933,2310,1379,0,-0.00016129669
Warm A,772942,4607,4606,2310,1379,1,0.0028918113
Warm A,24205,173,172,2310,1379,1,0.0045973747
Warm A,187665,1164,1163,2310,1379,0,-0.004106845
Warm A,143526,926,925,2310,1379,1,0.0028237072
Warm A,589116,3592,3591,2310,1379,1,2.8337468e-05
Warm A,974631,5878,5877,2310,1379,1,0.0036334353
Warm A,655947,3952,3951,2314,1383,1,0.00823923
Warm A,381339,2230,2229,2314,1383,0,0.0074290615
Warm A,364800,2124,2123,2314,1383,1,0.017085403
Warm A,343134,2016,2015,2314,1383,1,-0.00086766575
Warm A,299658,1778,1777,2314,1383,0,-0.0028025885
Warm A,265814,1613,1612,2314,1383,0,0.010614319
Warm A,245168,1479,1478,2314,1383,0,0.010191623
Warm A,236723,1437,1436,2314,1383,1,0.014900243
Warm A,241251,1451,1450,2314,1383,1,0.0030781731
Warm A,244012,1470,1469,2314,1383,1,0.0057997117
Warm A,261789,1599,1598,2314,1383,1,-0.0014200602
Warm A,211014,1285,1284,2314,1383,0,0.0015120115
Warm A,404022,2414,2413,2314,1383,1,0.014684448
Warm A,200528,1231,1230,2314,1383,1,0.004129079
Warm A,175564,1112,1111,2314,1383,1,0.008690612
Warm A,148768,957,956,2314,1383,0,-0.002531028
Warm A,139198,890,889,2314,1383,0,0.00499274
Warm A,120441,777,776,2314,1383,0,-0.0003336738
Warm A,116267,752,751,2314,1383,1,0.003098605
Warm A,284230,1698,1697,2314,1383,0,0.004282126
Warm A,87571,573,572,2314,1383,1,0.003862546
Warm A,84969,552,551,2314,1383,1,-0.0015591243
Warm A,239003,1448,1447,2314,1383,0,0.0071407463
Warm A,155360,1001,1000,2314,1383,1,0.0017175963
Warm A,47223,319,318,2314,1383,1,0.008537481
Warm A,697422,4169,4168,2314,1383,1,0.01007967
Warm A,60511,411,410,2314,1383,0,0.00871605
Warm A,235011,1425,1424,2314,1383,0,-0.0026861331
Warm A,24806,175,174,2314,1383,0,0.012170541
Warm A,15983,126,125,2314,1383,0,-0.0029972824
Warm A,12653,97,96,2314,1383,1,0.0031586308
Warm A,9117,62,61,2314,1383,0,0.001057351
Warm A,658,8,7,2314,1383,0,0.01259611
Warm A,27889,195,194,2314,1383,1,0.0044486444
Warm A,967358,5831,5830,2314,1383,0,0.005916631
Warm A,182044,1137,1136,2314,1383,1,0.009706702
Warm A,49160,329,328,2314,1383,0,0.0052048205
Warm A,257708,1579,1578,2314,1383,0,0.0067187306
Warm A,144948,934,933,2314,1383,1,0.003314671
Warm A,964494,5812,5811,2314,1383,0,0.0059113456
Warm A,160634,1020,1019,2314,1383,1,0.012508449
Warm A,375607,2188,2187,2314,1383,1,0.0050696163
Warm A,76376,518,517,2314,1383,1,-0.00015656743
Warm A,171708,1088,1087,2314,1383,1,0.013185452
Warm A,621239,3762,3761,2315,1384,0,0.01208498
Warm A,596625,3626,3625,2315,1384,0,0.018255433
Warm A,587231,3586,3585,2315,1384,0,0.0030236556
Warm A,532176,3285,3284,2315,1384,0,0.004071798
Warm A,566298,3476,3475,2315,1384,0,0.013479709
Warm A,507247,3121,3120,2315,1384,0,-0.0018628722
Warm A,499481,3067,3066,2315,1384,0,0.0011440162
Warm A,494207,3032,3031,2315,1384,1,-0.00096811494
Warm A,718932,4305,4304,2315,1384,1,-0.0040365993
Warm A,483512,2972,2971,2315,1384,0,0.0058494015
Warm A,457995,2820,2819,2315,1384,0,0.008032295
Warm A,466866,2878,2877,2315,1384,0,0.0062681222
Warm A,441290,2702,2701,2315,1384,0,0.0060418267
Warm A,426510,2590,2589,2315,1384,1,0.006215168
Warm A,409657,2457,2456,2315,1384,0,0.009147529
Warm A,406793,2444,2443,2315,1384,0,0.0046669706
Warm A,387303,2264,2263,2315,1384,0,-0.00079889584
Warm A,371219,2169,2168,2315,1384,1,0.0057890005
Warm A,368633,2155,2154,2315,1384,1,0.012914874
Warm A,368816,2156,2155,2315,1384,0,0.0068390584
Warm A,366182,2131,2130,2315,1384,0,0.009780637
Warm A,358527,2098,2097,2315,1384,1,0.0044903415
Warm A,361682,2109,2108,2315,1384,0,0.006387066
Warm A,351930,2063,2062,2315,1384,0,0.005547478
Warm A,323511,1919,1918,2315,1384,1,0.0023278445
Warm A,297532,1764,1763,2315,1384,1,0.0028304688
Warm A,279364,1680,1679,2315,1384,1,0.013686404
Warm A,285805,1705,1704,2315,1384,0,0.0029345867
Warm A,277743,1676,1675,2315,1384,1,0.013388656
Warm A,278251,1678,1677,2315,1384,0,0.0066039367
Warm A,271477,1641,1640,2315,1384,0,0.00664533
Warm A,231121,1399,1398,2315,1384,1,-0.0010810853
Warm A,221819,1341,1340,2315,1384,0,0.0031008953
Warm A,213493,1298,1297,2315,1384,1,0.009174803
Warm A,240150,1449,1448,2315,1384,0,0.015396854
Warm A,250406,1509,1508,2315,1384,0,0.0029973541
Warm A,210175,1284,1283,2315,1384,0,0.0039786184
Warm A,196549,1207,1206,2315,1384,0,0.010586883
Warm A,342531,2015,2014,2315,1384,0,0.0136617385
Warm A,194038,1195,1194,2315,1384,0,-0.0016613302
Warm A,188997,1172,1171,2315,1384,0,-0.0022803377
Warm A,165642,1056,1055,2315,1384,0,0.004405754
Warm A,159300,1017,1016,2315,1384,0,0.00024792517
Warm A,156931,1010,1009,2315,1384,0,0.012914386
Warm A,134329,869,868,2315,1384,1,-0.00027862703
Warm A,125568,808,807,2315,1384,0,-0.0011551059
Warm A,223579,1354,1353,2315,1384,0,0.0054934677
Warm A,114874,746,745,2315,1384,0,0.004415174
Warm A,114093,741,740,2315,1384,1,-0.008087961
Warm A,117524,757,756,2315,1384,0,0.0018224169
Warm A,107519,709,708,2315,1384,0,0.0005676334
Warm A,101695,677,676,2315,1384,0,0.007158908
Warm A,92766,621,620,2315,1384,0,0.010114342
Warm A,91635,608,607,2315,1384,1,0.001778051
Warm A,320801,1902,1901,2315,1384,1,0.0036474643
Warm A,291445,1737,1736,2315,1384,0,0.011581435
Warm A,83192,549,548,2315,1384,0,0.0023258212
Warm A,191014,1181,1180,2315,1384,1,0.02033946
Warm A,406094,2436,2435,2315,1384,0,0.005565478
Warm A,53456,352,351,2315,1384,0,0.01773033
Warm A,290265,1733,1732,2315,1384,0,0.0088453265
Warm A,22324,163,162,2315,1384,0,0.006048686
Warm A,14356,117,116,2315,1384,0,0.011110711
Warm A,8348,58,57,2315,1384,0,0.0074811713
Warm A,7501,53,52,2315,1384,0,0.0030669286
Warm A,697423,4169,4168,2315,1384,0,0.01470178
Warm A,123437,796,795,2315,1384,0,0.005279623
Warm A,354960,2077,2076,2315,1384,0,0.003566929
Warm A,552393,3401,3400,2315,1384,0,0.00057556573
Warm A,139199,890,889,2315,1384,1,0.0026637171
Warm A,363082,2116,2115,2315,1384,0,0.0046247663
Warm A,682502,4085,4084,2315,1384,0,0.0073126843
Warm A,317747,1889,1888,2315,1384,0,0.0016751961
Warm A,328212,1941,1940,2315,1384,0,0.0022607893
Warm A,760814,4520,4519,2315,1384,0,0.010929406
Warm A,907821,5492,5491,2315,1384,0,0.0017154976
Warm A,335980,1980,1979,2315,1384,0,0.014284249
Warm A,960421,5792,5791,2315,1384,0,0.010291855
Warm A,362451,2114,2113,2315,1384,0,-0.0029438399
Warm A,947973,5723,5722,2315,1384,0,0.005755105
Warm A,52041,343,342,2315,1384,1,0.004359252
Warm A,135122,874,873,2315,1384,0,0.003977544
Warm A,217097,1317,1316,2315,1384,0,0.015062273
Warm A,63020,424,423,2315,1384,0,0.012402501
Warm A,171710,1088,1087,2315,1384,0,0.013101602
Warm A,179623,1125,1124,2315,1384,0,0.0027579127
Warm A,894068,5397,5396,2315,1384,0,0.011916488
Warm A,745392,4448,4447,2320,1387,1,0.002466272
Warm A,571437,3504,3503,2320,1387,1,0.005160994
Warm A,572206,3507,3506,2320,1387,0,0.00377232
Warm A,563094,3464,3463,2320,1387,0,0.005897502
Warm A,557740,3425,3424,2320,1387,0,0.005227904
Warm A,553590,3409,3408,2320,1387,1,-0.00051087665
Warm A,547395,3377,3376,2320,1387,1,0.004322195
Warm A,644686,3884,3883,2320,1387,0,0.004176549
Warm A,536062,3308,3307,2320,1387,1,0.0005931724
Warm A,532184,3285,3284,2320,1387,0,0.0068615843
Warm A,531069,3280,3279,2320,1387,0,-0.00094723527
Warm A,528225,3265,3264,2320,1387,0,-0.0016252901
Warm A,537222,3311,3310,2320,1387,0,0.010038575
Warm A,515525,3182,3181,2320,1387,1,-0.003835178
Warm A,509842,3140,3139,2320,1387,1,0.012823112
Warm A,508670,3129,3128,2320,1387,0,-0.0037382466
Warm A,584739,3569,3568,2320,1387,0,0.0031667352
Warm A,502176,3082,3081,2320,1387,0,-0.00039509707
Warm A,499489,3067,3066,2320,1387,0,-0.0011334834
Warm A,472638,2907,2906,2320,1387,0,0.0064421003
Warm A,564473,3471,3470,2320,1387,0,0.010576196
Warm A,467775,2883,2882,2320,1387,0,0.007726272
Warm A,444687,2743,2742,2320,1387,1,-0.0025956267
Warm A,511339,3154,3153,2320,1387,1,0.0015285859
Warm A,438094,2677,2676,2320,1387,0,0.001617947
Warm A,429172,2611,2610,2320,1387,1,0.0076886015
Warm A,553994,3410,3409,2320,1387,0,0.005236416
Warm A,425339,2581,2580,2320,1387,0,0.0013910156
Warm A,408260,2453,2452,2320,1387,1,-0.0032429658
Warm A,464196,2860,2859,2320,1387,1,0.0025705907
Warm A,392256,2304,2303,2320,1387,0,0.009077179
Warm A,390032,2288,2287,2320,1387,0,-0.0045688106
Warm A,381342,2230,2229,2320,1387,1,-0.0022829405
Warm A,372296,2174,2173,2320,1387,0,0.0018139682
Warm A,367333,2144,2143,2320,1387,0,0.0016792766
Warm A,364808,2124,2123,2320,1387,1,0.00038069574
Warm A,359798,2104,2103,2320,1387,1,-0.006769729
Warm A,358533,2098,2097,2320,1387,1,0.010435863
Warm A,352686,2064,2063,2320,1387,1,-0.0006182301
Warm A,360114,2105,2104,2320,1387,0,0.0074644266
Warm A,340702,2010,2009,2320,1387,0,0.005405312
Warm A,324460,1922,1921,2320,1387,0,-0.0042947233
Warm A,290277,1733,1732,2320,1387,1,-0.009963227
Warm A,296095,1757,1756,2320,1387,0,0.0081699975
Warm A,282666,1694,1693,2320,1387,0,-0.0047767004
Warm A,275134,1666,1665,2320,1387,0,-0.00086633954
Warm A,279392,1680,1679,2320,1387,0,0.0028413143
Warm A,265830,1613,1612,2320,1387,0,-0.001910313
Warm A,333425,1968,1967,2320,1387,0,0.004724716
Warm A,354146,2073,2072,2320,1387,1,0.006069064
Warm A,231128,1399,1398,2320,1387,1,0.0009125405
Warm A,213513,1298,1297,2320,1387,1,0.0066348333
Warm A,212947,1297,1296,2320,1387,1,0.008763278
Warm A,277757,1676,1675,2320,1387,0,0.0029186166
Warm A,273007,1647,1646,2320,1387,0,0.005964685
Warm A,204949,1261,1260,2320,1387,1,0.007521118
Warm A,204048,1255,1254,2320,1387,0,-0.002338966
Warm A,201161,1241,1240,2320,1387,1,0.009785561
Warm A,210181,1284,1283,2320,1387,1,-0.0052624187
Warm A,196559,1207,1206,2320,1387,0,-0.0034011966
Warm A,192569,1185,1184,2320,1387,1,-0.009732862
Warm A,328239,1941,1940,2320,1387,0,0.0040230574
Warm A,329375,1943,1942,2320,1387,0,0.003405359
Warm A,185378,1150,1149,2320,1387,0,-0.007396784
Warm A,183565,1142,1141,2320,1387,1,-0.0054662325
Warm A,307495,1835,1834,2320,1387,1,0.0018760776
Warm A,200529,1231,1230,2320,1387,0,0.011625597
Warm A,179633,1125,1124,2320,1387,0,-0.002456415
Warm A,263395,1605,1604,2320,1387,0,-0.0074696755
Warm A,184027,1146,1145,2320,1387,0,-0.0038453252
Warm A,168492,1069,1068,2320,1387,1,-0.004733091
Warm A,163872,1050,1049,2320,1387,0,0.008472661
Warm A,261799,1599,1598,2320,1387,1,-0.010653922
Warm A,156244,1006,1005,2320,1387,0,-0.009697037
Warm A,152133,978,977,2320,1387,1,-0.007924067
Warm A,145370,935,934,2320,1387,0,0.007589262
Warm A,135673,877,876,2320,1387,0,-0.00086122914
Warm A,131947,854,853,2320,1387,0,0.009967467
Warm A,154897,999,998,2320,1387,0,0.008807685
Warm A,304943,1812,1811,2320,1387,1,-0.0037781452
Warm A,117530,757,756,2320,1387,0,0.0023240282
Warm A,116286,752,751,2320,1387,0,0.002404553
Warm A,108038,710,709,2320,1387,0,0.0066367704
Warm A,98873,660,659,2320,1387,1,0.0044312356
Warm A,113348,735,734,2320,1387,0,0.0057923654
Warm A,110865,721,720,2320,1387,0,0.008859611
Warm A,92768,621,620,2320,1387,0,0.004215652
Warm A,320808,1902,1901,2320,1387,1,-0.0006897858
Warm A,84971,552,551,2320,1387,0,0.0004202542
Warm A,77595,524,523,2320,1387,0,0.004207865
Warm A,80247,533,532,2320,1387,0,-0.00023072027
Warm A,72106,482,481,2320,1387,1,-0.001194174
Warm A,47884,321,320,2320,1387,0,0.00075054914
Warm A,47244,319,318,2320,1387,0,-0.001939853
Warm A,239014,1448,1447,2320,1387,0,-0.0027515565
Warm A,697440,4169,4168,2320,1387,1,-0.0051566246
Warm A,537978,3312,3311,2320,1387,0,-0.00022702431
Warm A,33335,225,224,2320,1387,0,-0.0027221595
Warm A,27017,192,191,2320,1387,1,-0.0024897626
Warm A,54357,355,354,2320,1387,1,-0.0021117877
Warm A,235024,1425,1424,2320,1387,1,0.012225381
Warm A,2674,22,21,2320,1387,0,0.0010338817
Warm A,578213,3532,3531,2320,1387,0,-0.009691874
Warm A,675,8,7,2320,1387,0,0.0026542104
Warm A,206928,1266,1265,2320,1387,0,-0.001335168
Warm A,481871,2962,2961,2320,1387,1,0.012215955
Warm A,10174,73,72,2320,1387,0,0.002592985
Warm A,567524,3483,3482,2320,1387,0,0.0068592485
Warm A,363099,2116,2115,2320,1387,0,0.00033541862
Warm A,257718,1579,1578,2320,1387,0,-0.0021145314
Warm A,360850,2106,2105,2320,1387,0,-0.0055089053
Warm A,682515,4085,4084,2320,1387,1,-0.0015382855
Warm A,335999,1980,1979,2320,1387,0,0.0010754578
Warm A,622183,3768,3767,2320,1387,0,-0.0016677456
Warm A,265137,1611,1610,2320,1387,1,-0.0006192947
Warm A,300399,1780,1779,2320,1387,0,-0.0015873462
Warm A,102333,678,677,2320,1387,1,0.0029264055
Warm A,245811,1484,1483,2320,1387,0,0.0049478128
Warm A,713927,4277,4276,2320,1387,1,0.0067044366
Warm A,633339,3824,3823,2320,1387,0,-0.0019373659
Warm A,129456,839,838,2320,1387,1,-0.00094716257
Warm A,473730,2909,2908,2320,1387,1,0.008168336
Warm A,164626,1051,1050,2320,1387,0,0.0054499805
Warm A,171727,1088,1087,2320,1387,1,0.00077498425
Warm A,805939,4823,4822,2320,1387,1,-0.0040343236
Warm A,688380,4117,4116,2320,1387,1,0.005501384
Warm A,790777,4728,4727,2320,1387,0,0.015535284
Warm A,237982,1447,1446,2325,1391,0,0.0022954978
Warm A,236054,1430,1429,2325,1391,1,0.0051755505
Warm A,224201,1356,1355,2325,1391,1,0.0072600367
Warm A,270005,1635,1634,2325,1391,1,0.011618055
Warm A,296824,1759,1758,2325,1391,0,0.011740816
Warm A,212949,1297,1296,2325,1391,1,0.0100648245
Warm A,204950,1261,1260,2325,1391,1,0.00597081
Warm A,279396,1680,1679,2325,1391,0,0.0047547035
Warm A,205343,1263,1262,2325,1391,0,0.0003045993
Warm A,181458,1134,1133,2325,1391,0,0.012221018
Warm A,176057,1113,1112,2325,1391,1,-0.0061816396
Warm A,173706,1100,1099,2325,1391,0,-0.002100239
Warm A,172902,1096,1095,2325,1391,0,-0.004321938
Warm A,167899,1068,1067,2325,1391,1,-0.00055025076
Warm A,163874,1050,1049,2325,1391,0,0.0029438133
Warm A,163383,1045,1044,2325,1391,0,-0.0061910413
Warm A,230550,1395,1394,2325,1391,1,-0.0013170601
Warm A,146342,941,940,2325,1391,0,-0.00010255282
Warm A,146261,940,939,2325,1391,0,0.00016294
Warm A,156950,1010,1009,2325,1391,0,0.0055306274
Warm A,136651,881,880,2325,1391,0,0.004775579
Warm A,135676,877,876,2325,1391,0,0.00832399
Warm A,124932,802,801,2325,1391,0,0.0073763523
Warm A,117949,761,760,2325,1391,1,0.0021901047
Warm A,96437,647,646,2325,1391,1,0.0011639288
Warm A,90691,601,600,2325,1391,0,0.0034683761
Warm A,72109,482,481,2325,1391,0,0.0039902935
Warm A,65403,438,437,2325,1391,1,0.005477148
Warm A,155368,1001,1000,2325,1391,1,-0.0032429853
Warm A,57093,386,385,2325,1391,1,0.0037234537
Warm A,53479,352,351,2325,1391,0,0.010860416
Warm A,38187,261,260,2325,1391,1,0.009622652
Warm A,537981,3312,3311,2325,1391,1,0.006151317
Warm A,53235,351,350,2325,1391,0,-0.0017896174
Warm A,291466,1737,1736,2325,1391,1,0.01208531
Warm A,235026,1425,1424,2325,1391,0,-0.00030886638
Warm A,108041,710,709,2325,1391,0,-0.0008917558
Warm A,1257,11,10,2325,1391,0,0.002068376
Warm A,354973,2077,2076,2325,1391,1,0.0048911925
Warm A,552413,3401,3400,2325,1391,0,0.0028050167
Warm A,954324,5761,5760,2325,1391,0,0.008441939
Warm A,682517,4085,4084,2325,1391,1,0.0077252104
Warm A,497257,3054,3053,2325,1391,0,0.0067472467
Warm A,840889,5053,5052,2325,1391,1,-0.0015214849
Warm A,328241,1941,1940,2325,1391,0,0.003061884
Warm A,618326,3746,3745,2325,1391,0,0.0051909843
Warm A,757759,4508,4507,2325,1391,1,-0.0037551986
Warm A,351953,2063,2062,2325,1391,0,0.0063220738
Warm A,45788,308,307,2325,1391,0,0.0060790633
Warm A,907829,5492,5491,2325,1391,0,0.0025390969
Warm A,23522,169,168,2325,1391,0,0.009562899
Warm A,811417,4867,4866,2325,1391,1,0.016075537
Warm A,458680,2824,2823,2325,1391,1,0.0033459864
Warm A,571099,3503,3502,2325,1391,0,0.0034852237
Warm A,257721,1579,1578,2325,1391,0,-0.0015461165
Warm A,273011,1647,1646,2325,1391,1,0.010388034
Warm A,562632,3462,3461,2325,1391,1,-0.0024674041
Warm A,790780,4728,4727,2325,1391,0,0.002406616
Warm A,974638,5878,5877,2325,1391,0,0.0021026768
Warm A,271481,1641,1640,2327,1392,0,0.0075541553
Warm A,247752,1496,1495,2327,1392,0,0.00718774
Warm A,245537,1483,1482,2327,1392,0,0.0037867757
Warm A,221905,1342,1341,2327,1392,0,0.0012743571
Warm A,221822,1341,1340,2327,1392,0,0.0052627074
Warm A,277759,1676,1675,2327,1392,0,-0.0016543248
Warm A,256191,1562,1561,2327,1392,0,0.001631916
Warm A,184028,1146,1145,2327,1392,0,0.0055412706
Warm A,165242,1053,1052,2327,1392,0,0.0006937871
Warm A,159307,1017,1016,2327,1392,0,0.00017955364
Warm A,139969,897,896,2327,1392,0,0.004377704
Warm A,156951,1010,1009,2327,1392,0,-0.0020181541
Warm A,134347,869,868,2327,1392,0,-0.0043753213
Warm A,133190,859,858,2327,1392,0,-0.009047978
Warm A,138404,889,888,2327,1392,0,-0.003709897
Warm A,125573,808,807,2327,1392,0,-0.00028556015
Warm A,92769,621,620,2327,1392,0,0.0025011674
Warm A,81733,543,542,2327,1392,0,-2.4822191e-05
Warm A,57565,390,389,2327,1392,0,0.0021856898
Warm A,41142,278,277,2327,1392,1,0.008207232
Warm A,22341,163,162,2327,1392,0,-0.0009339475
Warm A,15159,121,120,2327,1392,1,-0.0035936455
Warm A,14373,117,116,2327,1392,0,0.010890447
Warm A,354975,2077,2076,2327,1392,0,0.007274307
Warm A,65404,438,437,2327,1392,0,0.005499289
Warm A,174196,1101,1100,2327,1392,0,-0.0037616016
Warm A,697444,4169,4168,2327,1392,0,0.006485104
Warm A,622187,3768,3767,2327,1392,0,0.0023615854
Warm A,164630,1051,1050,2327,1392,1,0.0041944818
Warm A,328243,1941,1940,2327,1392,0,-0.012722027
Warm A,760822,4520,4519,2327,1392,0,0.002173299
Warm A,366193,2131,2130,2327,1392,0,0.0028817467
Warm A,237983,1447,1446,2327,1392,0,0.0007711146
Warm A,145826,937,936,2327,1392,1,-0.0027492698
Warm A,331678,1958,1957,2327,1392,0,0.009112569
Warm A,351955,2063,2062,2327,1392,0,0.003403848
Warm A,116293,752,751,2327,1392,0,0.004741067
Warm A,136652,881,880,2327,1392,0,0.002165138
Warm A,311305,1854,1853,2327,1392,0,0.001038807
Warm A,295669,1755,1754,2327,1392,1,0.0027304073
Warm A,628377,3806,3805,2328,1393,0,0.0016066236
Warm A,628721,3807,3806,2328,1393,0,0.012635507
Warm A,628176,3804,3803,2328,1393,1,0.009914146
Warm A,636955,3836,3835,2328,1393,0,0.007943559
Warm A,627948,3801,3800,2328,1393,0,0.0028939722
Warm A,638254,3841,3840,2328,1393,0,0.012394123
Warm A,620706,3760,3759,2328,1393,1,-0.00022331905
Warm A,623420,3771,3770,2328,1393,0,0.017192265
Warm A,607998,3689,3688,2328,1393,0,0.0027630723
Warm A,713933,4277,4276,2328,1393,1,0.009893237
Warm A,600825,3652,3651,2328,1393,0,0.005891846
Warm A,596641,3626,3625,2328,1393,1,0.00990537
Warm A,583495,3562,3561,2328,1393,0,0.014211024
Warm A,759187,4510,4509,2328,1393,0,0.013671948
Warm A,576396,3522,3521,2328,1393,1,0.005681999
Warm A,579425,3539,3538,2328,1393,1,0.00978815
Warm A,584740,3569,3568,2328,1393,0,-0.0019088131
Warm A,572864,3509,3508,2328,1393,0,0.00056196284
Warm A,555834,3416,3415,2328,1393,1,0.002791462
Warm A,536064,3308,3307,2328,1393,1,0.0074803797
Warm A,542270,3336,3335,2328,1393,0,0.018010888
Warm A,561608,3454,3453,2328,1393,0,0.0051433924
Warm A,511660,3157,3156,2328,1393,0,-0.003864593
Warm A,566307,3476,3475,2328,1393,0,0.002146878
Warm A,507253,3121,3120,2328,1393,0,0.004526276
Warm A,495677,3044,3043,2328,1393,1,0.00641066
Warm A,495495,3043,3042,2328,1393,0,0.005006404
Warm A,472643,2907,2906,2328,1393,1,0.018869232
Warm A,473737,2909,2908,2328,1393,1,0.008045026
Warm A,463369,2857,2856,2328,1393,0,0.001460785
Warm A,540718,3327,3326,2328,1393,0,0.0039982274
Warm A,448953,2767,2766,2328,1393,0,0.0072444766
Warm A,450935,2777,2776,2328,1393,0,-0.006003606
Warm A,564477,3471,3470,2328,1393,0,0.0059390077
Warm A,430102,2621,2620,2328,1393,0,0.007335802
Warm A,426516,2590,2589,2328,1393,0,0.0016746358
Warm A,418752,2529,2528,2328,1393,1,0.0060311886
Warm A,408946,2455,2454,2328,1393,0,0.005129965
Warm A,406452,2438,2437,2328,1393,1,0.014738029
Warm A,406794,2444,2443,2328,1393,0,0.0061028926
Warm A,374137,2181,2180,2328,1393,0,0.012643285
Warm A,368635,2155,2154,2328,1393,1,-0.00392324
Warm A,367502,2145,2144,2328,1393,1,0.0074450886
Warm A,358535,2098,2097,2328,1393,0,0.0065752952
Warm A,351956,2063,2062,2328,1393,0,0.0072779744
Warm A,344431,2021,2020,2328,1393,1,0.0041256784
Warm A,323513,1919,1918,2328,1393,0,0.0012310867
Warm A,297551,1764,1763,2328,1393,1,0.006290473
Warm A,305871,1820,1819,2328,1393,1,0.0022688229
Warm A,290278,1733,1732,2328,1393,0,0.013749879
Warm A,303555,1803,1802,2328,1393,0,0.009243235
Warm A,281546,1688,1687,2328,1393,0,0.00284988
Warm A,279400,1680,1679,2328,1393,0,0.0033864072
Warm A,285808,1705,1704,2328,1393,0,0.004192828
Warm A,277019,1675,1674,2328,1393,0,0.009436225
Warm A,275580,1667,1666,2328,1393,0,0.010822295
Warm A,282669,1694,1693,2328,1393,0,0.00409877
Warm A,271482,1641,1640,2328,1393,0,0.010771063
Warm A,267589,1626,1625,2328,1393,0,0.003581014
Warm A,392260,2304,2303,2328,1393,1,0.0028766948
Warm A,251885,1524,1523,2328,1393,1,0.0055758655
Warm A,247753,1496,1495,2328,1393,0,0.010583388
Warm A,224507,1357,1356,2328,1393,1,0.0007378636
Warm A,221823,1341,1340,2328,1393,0,0.012563452
Warm A,221906,1342,1341,2328,1393,0,0.0034165664
Warm A,214101,1300,1299,2328,1393,1,0.0059923166
Warm A,277760,1676,1675,2328,1393,0,0.017231535
Warm A,273012,1647,1646,2328,1393,0,0.011635477
Warm A,350332,2056,2055,2328,1393,0,0.0033150292
Warm A,304946,1812,1811,2328,1393,1,0.015412005
Warm A,328245,1941,1940,2328,1393,0,0.004097432
Warm A,179150,1124,1123,2328,1393,0,0.005794043
Warm A,175027,1109,1108,2328,1393,0,0.008317167
Warm A,184029,1146,1145,2328,1393,0,0.0048105298
Warm A,175577,1112,1111,2328,1393,0,0.01591457
Warm A,165643,1056,1055,2328,1393,1,0.019545058
Warm A,159308,1017,1016,2328,1393,1,-0.0077812085
Warm A,158300,1015,1014,2328,1393,0,0.0033868835
Warm A,156952,1010,1009,2328,1393,0,0.011066606
Warm A,136105,880,879,2328,1393,0,0.011149066
Warm A,133873,868,867,2328,1393,1,-0.006320972
Warm A,134348,869,868,2328,1393,1,0.0008439664
Warm A,133191,859,858,2328,1393,0,0.005056914
Warm A,138405,889,888,2328,1393,0,0.007267815
Warm A,125574,808,807,2328,1393,0,0.0048390203
Warm A,124516,801,800,2328,1393,0,-0.0014113985
Warm A,108042,710,709,2328,1393,0,0.0063057607
Warm A,179636,1125,1124,2328,1393,0,0.0035495046
Warm A,92770,621,620,2328,1393,1,0.013546936
Warm A,140718,904,903,2328,1393,0,0.0068457234
Warm A,203134,1246,1245,2328,1393,0,0.015471496
Warm A,291467,1737,1736,2328,1393,1,0.0015682485
Warm A,81734,543,542,2328,1393,1,0.009057041
Warm A,82518,548,547,2328,1393,0,-0.00085372804
Warm A,108737,712,711,2328,1393,0,0.014102832
Warm A,74889,509,508,2328,1393,0,0.0080908
Warm A,47886,321,320,2328,1393,0,0.0061013587
Warm A,41143,278,277,2328,1393,1,0.0027066227
Warm A,697446,4169,4168,2328,1393,0,0.009628408
Warm A,38188,261,260,2328,1393,1,0.018616963
Warm A,36252,245,244,2328,1393,0,0.008787231
Warm A,29617,202,201,2328,1393,0,0.0075422865
Warm A,192731,1186,1185,2328,1393,1,0.008597583
Warm A,22342,163,162,2328,1393,0,0.008144729
Warm A,14374,117,116,2328,1393,1,0.0015331436
Warm A,7524,53,52,2328,1393,0,0.0055093756
Warm A,198437,1219,1218,2328,1393,1,0.0038674856
Warm A,27917,195,194,2328,1393,1,0.007954884
Warm A,609193,3693,3692,2328,1393,0,0.013133148
Warm A,164631,1051,1050,2328,1393,0,0.0074733533
Warm A,237984,1447,1446,2328,1393,0,0.014924234
Warm A,23523,169,168,2328,1393,0,0.0051885005
Warm A,63042,424,423,2328,1393,0,0.01170345
Warm A,162947,1040,1039,2330,1395,1,-0.005070119
Warm A,167907,1068,1067,2330,1395,1,0.0013798312
Warm A,268012,1628,1627,2330,1395,1,0.001343467
Warm A,185398,1150,1149,2330,1395,1,-0.0018009209
Warm A,128329,830,829,2330,1395,1,0.0049698916
Warm A,252185,1527,1526,2330,1395,1,-0.013692894
Warm A,100572,671,670,2330,1395,1,0.0011514507
Warm A,201608,1242,1241,2330,1395,1,-0.005106429
Warm A,82087,544,543,2330,1395,1,-0.0060698567
Warm A,74896,509,508,2330,1395,1,-0.015098407
Warm A,59899,408,407,2330,1395,1,0.0011686652
Warm A,501344,3080,3079,2330,1395,0,-0.0010857033
Warm A,48786,327,326,2330,1395,1,0.008615458
Warm A,37844,259,258,2330,1395,0,0.0058180904
Warm A,34623,235,234,2330,1395,1,0.0014623639
Warm A,21930,161,160,2330,1395,1,-0.002404053
Warm A,33350,225,224,2330,1395,1,0.00025464944
Warm A,452521,2786,2785,2330,1395,1,0.0074871522
Warm A,772117,4602,4601,2330,1395,0,0.005274079
Warm A,539375,3317,3316,2330,1395,1,0.005983788
Warm A,844346,5074,5073,2330,1395,1,0.002991628
Warm A,943628,5689,5688,2330,1395,0,-0.0014521547
Warm A,583504,3562,3561,2330,1395,1,0.008861601
Warm A,45798,308,307,2330,1395,1,0.010683326
Warm A,893361,5394,5393,2330,1395,1,0.00512987
Warm A,93337,624,623,2330,1395,1,0.0038845043
Warm A,778254,4647,4646,2330,1395,0,0.0065953834
Warm A,489020,3011,3010,2330,1395,1,-7.794704e-05
Warm A,261807,1599,1598,2330,1395,1,0.010192474
Warm A,825773,4958,4957,2330,1395,1,-0.005212277
Warm A,290287,1733,1732,2330,1395,1,0.00276389
Warm A,974641,5878,5877,2330,1395,0,0.00011780346
Warm A,678590,4064,4063,2331,1396,0,0.017475395
Warm A,713943,4277,4276,2331,1396,1,0.003661221
Warm A,661324,3988,3987,2331,1396,0,0.011669932
Warm A,648611,3907,3906,2331,1396,0,0.005846272
Warm A,639163,3842,3841,2331,1396,0,0.0044363867
Warm A,636961,3836,3835,2331,1396,1,0.0024881754
Warm A,625337,3779,3778,2331,1396,0,0.0088781305
Warm A,611165,3705,3704,2331,1396,0,0.013439003
Warm A,604299,3675,3674,2331,1396,0,0.015685434
Warm A,585126,3572,3571,2331,1396,0,0.012028967
Warm A,580941,3547,3546,2331,1396,0,0.00040674256
Warm A,579436,3539,3538,2331,1396,1,0.011249268
Warm A,573920,3513,3512,2331,1396,1,0.01386158
Warm A,569940,3497,3496,2331,1396,1,0.007647323
Warm A,575400,3519,3518,2331,1396,1,0.017874066
Warm A,527480,3261,3260,2331,1396,1,0.015714355
Warm A,525297,3243,3242,2331,1396,0,0.009444032
Warm A,522656,3224,3223,2331,1396,1,0.003350615
Warm A,512927,3163,3162,2331,1396,1,0.027251631
Warm A,574802,3518,3517,2331,1396,1,0.011538271
Warm A,503647,3095,3094,2331,1396,0,0.012225585
Warm A,499497,3067,3066,2331,1396,0,0.008206959
Warm A,490311,3017,3016,2331,1396,1,0.003090112
Warm A,474727,2913,2912,2331,1396,0,0.016157936
Warm A,465386,2870,2869,2331,1396,0,0.009837841
Warm A,464644,2863,2862,2331,1396,1,0.0018116846
Warm A,458021,2820,2819,2331,1396,1,0.00984879
Warm A,448008,2761,2760,2331,1396,1,0.015845682
Warm A,444698,2743,2742,2331,1396,1,-0.0018897819
Warm A,446444,2752,2751,2331,1396,0,0.006366902
Warm A,564486,3471,3470,2331,1396,0,0.009910816
Warm A,435584,2663,2662,2331,1396,0,-0.0009916336
Warm A,408273,2453,2452,2331,1396,1,0.005805854
Warm A,395172,2334,2333,2331,1396,0,0.0027629503
Warm A,393123,2309,2308,2331,1396,0,-6.1161234e-05
Warm A,390042,2288,2287,2331,1396,0,0.005279217
Warm A,382316,2233,2232,2331,1396,0,0.0016099226
Warm A,379528,2219,2218,2331,1396,0,0.015695628
Warm A,372300,2174,2173,2331,1396,1,0.0052648056
Warm A,358910,2100,2099,2331,1396,0,0.009176244
Warm A,339683,2002,2001,2331,1396,1,0.008199843
Warm A,336016,1980,1979,2331,1396,1,0.013588946
Warm A,315327,1880,1879,2331,1396,0,0.0095765125
Warm A,304956,1812,1811,2331,1396,1,0.004863502
Warm A,292370,1741,1740,2331,1396,1,0.0018102217
Warm A,285964,1706,1705,2331,1396,1,0.008932764
Warm A,244980,1475,1474,2331,1396,1,-0.0059340727
Warm A,231983,1407,1406,2331,1396,0,0.0075388523
Warm A,357521,2092,2091,2331,1396,0,0.0036892886
Warm A,222411,1345,1344,2331,1396,1,0.007559139
Warm A,289375,1727,1726,2331,1396,1,-0.0023931507
Warm A,296827,1759,1758,2331,1396,0,0.019418042
Warm A,208826,1274,1273,2331,1396,1,0.0052470863
Warm A,202546,1244,1243,2331,1396,0,0.008409264
Warm A,321908,1911,1910,2331,1396,0,-0.00835862
Warm A,188615,1170,1169,2331,1396,0,0.01426938
Warm A,185399,1150,1149,2331,1396,0,0.00994481
Warm A,174843,1107,1106,2331,1396,0,0.017747413
Warm A,188251,1168,1167,2331,1396,1,0.011997306
Warm A,169118,1073,1072,2331,1396,0,0.015191334
Warm A,167312,1065,1064,2331,1396,0,0.009065358
Warm A,163880,1050,1049,2331,1396,0,0.010830732
Warm A,167908,1068,1067,2331,1396,0,0.014683967
Warm A,153689,987,986,2331,1396,1,0.0046727415
Warm A,151632,975,974,2331,1396,0,0.0076974113
Warm A,150632,970,969,2331,1396,0,0.011904781
Warm A,147762,952,951,2331,1396,1,0.0056590117
Warm A,144955,934,933,2331,1396,0,0.0073921643
Warm A,143900,928,927,2331,1396,0,0.007916319
Warm A,131955,854,853,2331,1396,0,0.0048557855
Warm A,332703,1962,1961,2331,1396,0,0.0038680146
Warm A,111507,726,725,2331,1396,1,0.006032494
Warm A,111320,724,723,2331,1396,0,0.0063688504
Warm A,112526,731,730,2331,1396,1,0.009716133
Warm A,306219,1824,1823,2331,1396,1,0.0072260885
Warm A,240180,1449,1448,2331,1396,0,0.015432078
Warm A,110878,721,720,2331,1396,0,0.008547825
Warm A,697457,4169,4168,2331,1396,0,0.006646582
Warm A,85607,558,557,2331,1396,0,0.00576663
Warm A,191060,1181,1180,2331,1396,0,0.0078613395
Warm A,239027,1448,1447,2331,1396,1,0.0047858832
Warm A,319397,1897,1896,2331,1396,1,0.007498676
Warm A,84261,550,549,2331,1396,1,0.013969534
Warm A,77609,524,523,2331,1396,1,0.021001793
Warm A,59070,402,401,2331,1396,0,0.0037147752
Warm A,155371,1001,1000,2331,1396,1,0.0055562668
Warm A,61159,412,411,2331,1396,1,-0.0005640801
Warm A,58477,396,395,2331,1396,0,0.015823465
Warm A,228331,1383,1382,2331,1396,0,0.006264423
Warm A,49970,331,330,2331,1396,1,0.005920636
Warm A,78508,528,527,2331,1396,0,0.0061196983
Warm A,132526,855,854,2331,1396,0,0.006134927
Warm A,47270,319,318,2331,1396,0,0.0064069964
Warm A,49206,329,328,2331,1396,1,0.014626363
Warm A,312914,1865,1864,2331,1396,1,0.000598348
Warm A,31836,216,215,2331,1396,0,0.007385265
Warm A,60547,411,410,2331,1396,0,0.010906352
Warm A,337074,1983,1982,2331,1396,0,0.01531577
Warm A,21229,156,155,2331,1396,1,0.008816774
Warm A,9154,62,61,2331,1396,1,-0.0020483674
Warm A,6313,45,44,2331,1396,0,-0.0055656997
Warm A,4917,35,34,2331,1396,0,0.004591274
Warm A,79469,531,530,2331,1396,0,0.01395796
Warm A,330745,1952,1951,2331,1396,0,0.012758654
Warm A,20645,151,150,2331,1396,1,0.000109736575
Warm A,143688,927,926,2331,1396,0,0.003248142
Warm A,860330,5172,5171,2331,1396,0,0.00840574
Warm A,485108,2986,2985,2331,1396,0,0.011856939
Warm A,964508,5812,5811,2331,1396,0,0.0020085834
Warm A,873864,5276,5275,2331,1396,0,-0.008105258
Warm A,309648,1842,1841,2331,1396,1,-0.000111496076
Warm A,11549,90,89,2331,1396,0,0.0065522585
Warm A,609201,3693,3692,2331,1396,0,-0.0043071904
Warm A,179644,1125,1124,2331,1396,1,0.0075213183
Warm A,223594,1354,1353,2331,1396,0,0.0074336156
Warm A,413773,2489,2488,2331,1396,0,0.009926198
Warm A,187678,1164,1163,2331,1396,1,0.0036362302
Warm A,375898,2190,2189,2331,1396,1,0.0048435135
Warm A,235037,1425,1424,2331,1396,1,-0.00047731027
Warm A,464723,2864,2863,2337,1401,0,0.0010848448
Warm A,438621,2680,2679,2337,1401,0,0.009333195
Warm A,439424,2684,2683,2337,1401,0,-0.0035864734
Warm A,426242,2589,2588,2337,1401,0,-0.0075862594
Warm A,416680,2507,2506,2337,1401,1,0.010088211
Warm A,409234,2456,2455,2337,1401,1,-0.00037980545
Warm A,464207,2860,2859,2337,1401,1,0.015234987
Warm A,363116,2116,2115,2337,1401,0,0.013032038
Warm A,351971,2063,2062,2337,1401,0,0.010933052
Warm A,294660,1750,1749,2337,1401,1,-0.0035254715
Warm A,294352,1749,1748,2337,1401,1,0.012638686
Warm A,281548,1688,1687,2337,1401,0,0.0063405605
Warm A,274422,1658,1657,2337,1401,0,0.0015665669
Warm A,310140,1845,1844,2337,1401,0,-0.0036889084
Warm A,279422,1680,1679,2337,1401,1,0.0024384628
Warm A,280883,1685,1684,2337,1401,1,0.0094435485
Warm A,264171,1607,1606,2337,1401,0,0.006284776
Warm A,244883,1474,1473,2337,1401,1,-0.0030483254
Warm A,242187,1460,1459,2337,1401,1,0.007930506
Warm A,631637,3821,3820,2337,1401,0,9.91805e-05
Warm A,224207,1356,1355,2337,1401,1,0.0034375805
Warm A,211594,1286,1285,2337,1401,1,-0.004291468
Warm A,204053,1255,1254,2337,1401,0,-0.005352148
Warm A,185402,1150,1149,2337,1401,0,0.0012219874
Warm A,263410,1605,1604,2337,1401,1,0.007465875
Warm A,168504,1069,1068,2337,1401,1,-0.0036486448
Warm A,270446,1636,1635,2337,1401,0,0.0063822586
Warm A,152135,978,977,2337,1401,1,0.0039555766
Warm A,146479,944,943,2337,1401,1,0.0017529319
Warm A,124522,801,800,2337,1401,1,0.003660822
Warm A,107341,706,705,2337,1401,1,-0.0074314745
Warm A,100880,673,672,2337,1401,1,-0.0043797363
Warm A,177012,1117,1116,2337,1401,1,0.0035926057
Warm A,90695,601,600,2337,1401,0,-0.0079775145
Warm A,239031,1448,1447,2337,1401,0,0.008355053
Warm A,360866,2106,2105,2337,1401,0,0.00045879371
Warm A,34627,235,234,2337,1401,0,0.003192089
Warm A,26285,187,186,2337,1401,1,0.009884415
Warm A,23017,166,165,2337,1401,1,0.0123441825
Warm A,18439,145,144,2337,1401,0,-0.0023359037
Warm A,152488,981,980,2337,1401,0,0.0043128543
Warm A,17429,136,135,2337,1401,1,-0.006968017
Warm A,9533,63,62,2337,1401,0,0.006859078
Warm A,259,5,4,2337,1401,1,0.0071257856
Warm A,223598,1354,1353,2337,1401,0,0.0045903577
Warm A,686561,4107,4106,2337,1401,1,0.008722175
Warm A,158317,1015,1014,2337,1401,0,-0.0060201893
Warm A,893365,5394,5393,2337,1401,1,0.007926485
Warm A,129473,839,838,2337,1401,1,0.0023126495
Warm A,844349,5074,5073,2337,1401,0,-0.00063762045
Warm A,460732,2841,2840,2337,1401,0,0.010734139
Warm A,102350,678,677,2337,1401,0,0.010242099
Warm A,772955,4607,4606,2337,1401,0,0.008435346
Warm A,511892,3158,3157,2337,1401,1,0.0015603025
Warm A,187680,1164,1163,2337,1401,0,0.0016876148
Warm A,67483,453,452,2337,1401,1,0.003295787
Warm A,287755,1717,1716,2337,1401,0,0.00020416686
Warm A,451788,2781,2780,2337,1401,0,-0.0010169419
Warm A,479770,2944,2943,2337,1401,0,0.002313497
Warm A,252553,1530,1529,2337,1401,0,0.008417871
Warm A,371723,2172,2171,2337,1401,0,0.012234099
Warm A,235041,1425,1424,2337,1401,1,0.00023596734
Warm A,535043,3301,3300,2337,1401,1,-0.005444578
Warm A,208828,1274,1273,2337,1401,0,-0.0038239504
Warm A,96627,648,647,2337,1401,1,0.0074503785
Warm A,13116,102,101,2337,1401,0,0.017915579
Warm A,279446,1680,1679,2347,1406,1,-0.003988336
Warm A,248121,1497,1496,2347,1406,1,0.006702266
Warm A,244704,1473,1472,2347,1406,1,-0.0027218428
Warm A,283224,1696,1695,2347,1406,0,0.012341619
Warm A,241289,1451,1450,2347,1406,1,-0.0067453915
Warm A,337494,1984,1983,2347,1406,0,-0.0033693668
Warm A,220686,1338,1337,2347,1406,1,-0.008190408
Warm A,713957,4277,4276,2347,1406,1,0.002870673
Warm A,240200,1449,1448,2347,1406,1,-0.008300306
Warm A,97881,655,654,2347,1406,0,-0.009129569
Warm A,108069,710,709,2347,1406,1,-0.0004514919
Warm A,480189,2946,2945,2347,1406,0,-0.012750999
Warm A,115441,749,748,2347,1406,1,-0.007874812
Warm A,228347,1383,1382,2347,1406,1,0.007995946
Warm A,87913,577,576,2347,1406,1,-0.005007053
Warm A,394237,2323,2322,2347,1406,0,0.004910757
Warm A,239051,1448,1447,2347,1406,1,0.0034771876
Warm A,234173,1422,1421,2347,1406,0,-0.0072765136
Warm A,86694,566,565,2347,1406,0,0.0034395955
Warm A,68367,458,457,2347,1406,1,0.009303918
Warm A,61185,412,411,2347,1406,0,-0.006871175
Warm A,211061,1285,1284,2347,1406,1,-0.0067845774
Warm A,53541,352,351,2347,1406,1,0.008376065
Warm A,37549,256,255,2347,1406,1,0.007124142
Warm A,15456,123,122,2347,1406,0,-0.005851309
Warm A,11368,87,86,2347,1406,0,-0.0015583036
Warm A,485121,2986,2985,2347,1406,0,-0.0048638023
Warm A,229664,1390,1389,2347,1406,1,0.0019456929
Warm A,633363,3824,3823,2347,1406,1,-0.0034367088
Warm A,298128,1767,1766,2347,1406,0,0.0064969603
Warm A,156979,1010,1009,2347,1406,0,0.00029839366
Warm A,996603,6016,6015,2347,1406,0,0.0011901967
Warm A,565641,3475,3474,2347,1406,1,-0.00057728775
Warm A,908360,5493,5492,2347,1406,1,0.006470181
Warm A,821723,4940,4939,2347,1406,0,-0.00453668
Warm A,769308,4580,4579,2349,1408,1,0.003876194
Warm A,593982,3618,3617,2349,1408,0,0.0014161947
Warm A,589623,3596,3595,2349,1408,1,0.009282139
Warm A,576214,3521,3520,2349,1408,0,0.0055758255
Warm A,580559,3546,3545,2349,1408,1,0.0015909184
Warm A,554028,3410,3409,2349,1408,0,0.0015287935
Warm A,547991,3380,3379,2349,1408,0,0.010997174
Warm A,534729,3300,3299,2349,1408,0,0.003917963
Warm A,522677,3224,3223,2349,1408,1,0.011780724
Warm A,513936,3171,3170,2349,1408,1,-0.0047459444
Warm A,506760,3118,3117,2349,1408,1,0.011990028
Warm A,485122,2986,2985,2349,1408,1,0.0114535745
Warm A,476817,2928,2927,2349,1408,0,0.015389833
Warm A,697484,4169,4168,2349,1408,1,0.008608861
Warm A,474737,2913,2912,2349,1408,1,0.00855725
Warm A,458039,2820,2819,2349,1408,0,0.0027050406
Warm A,455873,2807,2806,2349,1408,0,0.0037460667
Warm A,453832,2793,2792,2349,1408,1,0.010278387
Warm A,446453,2752,2751,2349,1408,1,0.0014643336
Warm A,446896,2753,2752,2349,1408,1,0.005050472
Warm A,437764,2674,2673,2349,1408,1,-0.0020657412
Warm A,428401,2606,2605,2349,1408,1,0.0067170514
Warm A,432167,2634,2633,2349,1408,1,0.005628827
Warm A,419826,2537,2536,2349,1408,0,0.0100378655
Warm A,403141,2407,2406,2349,1408,1,0.006292124
Warm A,402373,2402,2401,2349,1408,1,0.0014888085
Warm A,397877,2361,2360,2349,1408,1,0.0010097278
Warm A,428604,2608,2607,2349,1408,1,-0.0015325573
Warm A,394947,2333,2332,2349,1408,1,-0.0020493842
Warm A,389010,2279,2278,2349,1408,0,0.0021534292
Warm A,381691,2231,2230,2349,1408,0,0.0143392235
Warm A,371308,2170,2169,2349,1408,1,0.009700386
Warm A,358100,2096,2095,2349,1408,0,-0.00045171357
Warm A,346890,2034,2033,2349,1408,1,0.015537663
Warm A,325456,1926,1925,2349,1408,1,0.006497302
Warm A,320169,1899,1898,2349,1408,1,0.0016608187
Warm A,323207,1916,1915,2349,1408,0,0.010777691
Warm A,324991,1925,1924,2349,1408,1,-0.0038439645
Warm A,316884,1884,1883,2349,1408,1,0.0040779766
Warm A,295305,1753,1752,2349,1408,1,-0.0039654556
Warm A,284275,1698,1697,2349,1408,0,-0.00024311617
Warm A,285971,1706,1705,2349,1408,0,0.007685264
Warm A,280891,1685,1684,2349,1408,1,0.008453105
Warm A,284879,1699,1698,2349,1408,1,0.009800899
Warm A,287171,1714,1713,2349,1408,1,0.0029691819
Warm A,279449,1680,1679,2349,1408,1,0.006399629
Warm A,260127,1591,1590,2349,1408,1,0.00055640796
Warm A,246361,1489,1488,2349,1408,0,-0.0003079651
Warm A,231685,1404,1403,2349,1408,1,-0.0070303
Warm A,357538,2092,2091,2349,1408,1,0.013619309
Warm A,217751,1321,1320,2349,1408,0,0.00958019
Warm A,208336,1273,1272,2349,1408,1,0.004961978
Warm A,220401,1335,1334,2349,1408,0,0.0005192689
Warm A,294357,1749,1748,2349,1408,0,0.0036679492
Warm A,338200,1988,1987,2349,1408,0,0.007749524
Warm A,190039,1179,1178,2349,1408,0,0.012578601
Warm A,307520,1835,1834,2349,1408,0,0.004645052
Warm A,199509,1224,1223,2349,1408,1,0.010621069
Warm A,293819,1748,1747,2349,1408,1,0.011675794
Warm A,191088,1181,1180,2349,1408,0,0.0073442827
Warm A,158337,1015,1014,2349,1408,1,0.002573803
Warm A,185425,1150,1149,2349,1408,0,0.0026869539
Warm A,217131,1317,1316,2349,1408,1,0.009939654
Warm A,148347,955,954,2349,1408,1,0.0020374116
Warm A,260870,1594,1593,2349,1408,0,0.0020073892
Warm A,138446,889,888,2349,1408,1,0.004562941
Warm A,131214,850,849,2349,1408,1,-0.0069633503
Warm A,374848,2185,2184,2349,1408,1,0.0011106534
Warm A,298129,1767,1766,2349,1408,0,0.0009082183
Warm A,211063,1285,1284,2349,1408,1,0.01393309
Warm A,324478,1922,1921,2349,1408,1,-0.00041336915
Warm A,112545,731,730,2349,1408,1,0.0035407953
Warm A,106817,702,701,2349,1408,1,0.004302485
Warm A,240202,1449,1448,2349,1408,0,-0.003321831
Warm A,314138,1875,1874,2349,1408,1,0.01354266
Warm A,222112,1343,1342,2349,1408,1,0.0036801093
Warm A,89307,588,587,2349,1408,1,0.0028025813
Warm A,83245,549,548,2349,1408,0,0.00031041307
Warm A,84277,550,549,2349,1408,1,-0.0016109684
Warm A,77630,524,523,2349,1408,1,-0.005018239
Warm A,93997,630,629,2349,1408,1,0.008344412
Warm A,33372,225,224,2349,1408,0,-0.002407386
Warm A,30803,205,204,2349,1408,0,0.012462857
Warm A,91977,611,610,2349,1408,1,-0.004089235
Warm A,21943,161,160,2349,1408,1,0.0008260505
Warm A,21480,157,156,2349,1408,1,0.008901648
Warm A,916920,5539,5538,2349,1408,0,0.008244972
Warm A,73489,498,497,2349,1408,0,-0.0043536476
Warm A,7568,53,52,2349,1408,1,0.0037048296
Warm A,481895,2962,2961,2349,1408,0,-0.0051035564
Warm A,105182,696,695,2349,1408,0,0.012470801
Warm A,546117,3367,3366,2349,1408,1,0.00011767796
Warm A,490321,3017,3016,2349,1408,0,0.0014213675
Warm A,431093,2627,2626,2349,1408,1,0.001855619
Warm A,460742,2841,2840,2349,1408,0,0.00480422
Warm A,24261,173,172,2349,1408,0,0.0013108174
Warm A,290303,1733,1732,2349,1408,1,0.00081485277
Warm A,633364,3824,3823,2349,1408,0,0.0014938572
Warm A,745414,4448,4447,2349,1408,1,0.00073304656
Warm A,50003,331,330,2349,1408,1,0.007461022
Warm A,208836,1274,1273,2349,1408,1,0.006678892
Warm A,249884,1505,1504,2349,1408,0,0.0019651214
Warm A,271808,1643,1642,2349,1408,1,0.018003717
Warm A,319411,1897,1896,2349,1408,1,0.007810481
Warm A,34644,235,234,2349,1408,1,-0.008086332
Warm A,821725,4940,4939,2349,1408,1,0.004827256
Warm A,488151,3002,3001,2349,1408,1,0.00025268178
Warm A,546119,3367,3366,2351,1409,1,0.0105380025
Warm A,497278,3054,3053,2351,1409,1,0.0054562422
Warm A,482761,2967,2966,2351,1409,1,0.0068624094
Warm A,601651,3658,3657,2351,1409,1,0.010046034
Warm A,456708,2811,2810,2351,1409,1,0.0034974043
Warm A,455875,2807,2806,2351,1409,1,0.009620008
Warm A,432168,2634,2633,2351,1409,1,0.020374458
Warm A,428606,2608,2607,2351,1409,1,0.0004935396
Warm A,368841,2156,2155,2351,1409,0,0.011110699
Warm A,364159,2121,2120,2351,1409,1,-0.0022403188
Warm A,323209,1916,1915,2351,1409,1,0.008339195
Warm A,292389,1741,1740,2351,1409,1,0.023163363
Warm A,279456,1680,1679,2351,1409,0,0.015749905
Warm A,294360,1749,1748,2351,1409,1,0.007876521
Warm A,237431,1446,1445,2351,1409,0,0.020457458
Warm A,283225,1696,1695,2351,1409,1,0.017490353
Warm A,309941,1843,1842,2351,1409,1,0.0030771226
Warm A,211065,1285,1284,2351,1409,1,0.017570438
Warm A,214928,1303,1302,2351,1409,1,0.0071972557
Warm A,208338,1273,1272,2351,1409,1,0.009346178
Warm A,182826,1140,1139,2351,1409,0,0.008246461
Warm A,169377,1075,1074,2351,1409,1,-0.0033884298
Warm A,191092,1181,1180,2351,1409,1,0.020621236
Warm A,162696,1038,1037,2351,1409,1,0.0065094004
Warm A,160186,1019,1018,2351,1409,1,0.0034045265
Warm A,158341,1015,1014,2351,1409,1,0.016321994
Warm A,169604,1077,1076,2351,1409,1,0.0013961212
Warm A,138451,889,888,2351,1409,1,0.01719683
Warm A,133451,862,861,2351,1409,1,0.019095693
Warm A,201623,1242,1241,2351,1409,1,0.009251804
Warm A,131217,850,849,2351,1409,1,0.0069871773
Warm A,284278,1698,1697,2351,1409,1,0.013488624
Warm A,67047,451,450,2351,1409,1,0.007665571
Warm A,481897,2962,2961,2351,1409,0,0.012217532
Warm A,235053,1425,1424,2351,1409,1,0.009602169
Warm A,592036,3610,3609,2351,1409,0,0.006591125
Warm A,206957,1266,1265,2351,1409,1,0.021497466
Warm A,74326,507,506,2351,1409,0,-0.001081736
Warm A,524426,3233,3232,2351,1409,1,0.0046737613
Warm A,284880,1699,1698,2351,1409,1,0.009348257
Warm A,739568,4418,4417,2351,1409,0,0.004187568
Warm A,208838,1274,1273,2351,1409,1,0.0124533605
Warm A,841520,5054,5053,2351,1409,0,0.01908962
Warm A,24267,173,172,2351,1409,1,0.012716298
Warm A,508255,3128,3127,2351,1409,1,0.008491713
Warm A,290307,1733,1732,2351,1409,1,0.01727967
Warm A,322469,1912,1911,2351,1409,0,0.012952419
Warm A,59905,408,407,2351,1409,1,0.0055887597
Warm A,223081,1352,1351,2351,1409,1,0.010248545
Warm A,769063,4579,4578,2351,1409,1,0.0021316297
Warm A,171772,1088,1087,2351,1409,0,0.015888583
Warm A,584750,3569,3568,2354,1412,0,0.022409238
Warm A,494261,3032,3031,2354,1412,1,0.0100105945
Warm A,488708,3007,3006,2354,1412,0,0.0032440706
Warm A,487585,2999,2998,2354,1412,0,0.0016143131
Warm A,498808,3065,3064,2354,1412,0,0.016796641
Warm A,478131,2934,2933,2354,1412,0,0.0239833
Warm A,646732,3892,3891,2354,1412,0,0.021041295
Warm A,445620,2748,2747,2354,1412,1,0.012578529
Warm A,423476,2566,2565,2354,1412,0,0.010300323
Warm A,423196,2565,2564,2354,1412,0,0.014018865
Warm A,419295,2533,2532,2354,1412,0,0.0068364847
Warm A,418773,2529,2528,2354,1412,1,0.012880793
Warm A,409688,2457,2456,2354,1412,1,0.020357534
Warm A,400994,2389,2388,2354,1412,1,0.017537855
Warm A,399535,2378,2377,2354,1412,0,0.0064229257
Warm A,373485,2180,2179,2354,1412,0,0.016858954
Warm A,367756,2147,2146,2354,1412,0,0.0167839
Warm A,361286,2108,2107,2354,1412,0,0.007158964
Warm A,361723,2109,2108,2354,1412,0,0.018666744
Warm A,351998,2063,2062,2354,1412,0,0.024248257
Warm A,345836,2029,2028,2354,1412,0,0.0048435703
Warm A,339790,2003,2002,2354,1412,1,0.0061418707
Warm A,333914,1969,1968,2354,1412,1,0.011913711
Warm A,321867,1910,1909,2354,1412,1,0.003826131
Warm A,288121,1721,1720,2354,1412,0,0.008154454
Warm A,281314,1687,1686,2354,1412,0,0.014655773
Warm A,273043,1647,1646,2354,1412,1,0.027344456
Warm A,270026,1635,1634,2354,1412,1,0.026807059
Warm A,265860,1613,1612,2354,1412,0,0.024664633
Warm A,247343,1495,1494,2354,1412,0,0.008828303
Warm A,236415,1434,1433,2354,1412,1,0.013941344
Warm A,228955,1387,1386,2354,1412,0,0.01847633
Warm A,336049,1980,1979,2354,1412,0,0.022600267
Warm A,224216,1356,1355,2354,1412,0,0.007510174
Warm A,320173,1899,1898,2354,1412,0,0.019743223
Warm A,216230,1312,1311,2354,1412,0,0.0152240265
Warm A,216445,1314,1313,2354,1412,0,-0.0023070944
Warm A,207772,1271,1270,2354,1412,1,0.018508937
Warm A,592039,3610,3609,2354,1412,0,0.011193281
Warm A,201170,1241,1240,2354,1412,1,0.009954694
Warm A,261821,1599,1598,2354,1412,0,0.023339083
Warm A,193218,1193,1192,2354,1412,0,0.004267503
Warm A,248884,1501,1500,2354,1412,0,0.013676333
Warm A,272255,1645,1644,2354,1412,1,0.017740648
Warm A,342574,2015,2014,2354,1412,0,0.019608116
Warm A,165483,1054,1053,2354,1412,0,0.010970475
Warm A,149250,960,959,2354,1412,0,0.01774279
Warm A,139426,891,890,2354,1412,0,0.016845774
Warm A,133773,866,865,2354,1412,0,0.00509569
Warm A,134375,869,868,2354,1412,0,0.018851494
Warm A,332716,1962,1961,2354,1412,0,0.013900967
Warm A,127315,822,821,2354,1412,1,0.014327416
Warm A,125762,809,808,2354,1412,0,0.004415276
Warm A,124278,800,799,2354,1412,1,0.030334126
Warm A,124952,802,801,2354,1412,1,0.012490656
Warm A,120471,777,776,2354,1412,0,0.013446714
Warm A,139210,890,889,2354,1412,0,0.004557627
Warm A,163300,1044,1043,2354,1412,1,0.007805232
Warm A,102936,681,680,2354,1412,1,0.011942896
Warm A,335192,1978,1977,2354,1412,0,0.019507203
Warm A,93826,629,628,2354,1412,0,-0.0028011806
Warm A,86161,563,562,2354,1412,0,0.017213305
Warm A,183261,1141,1140,2354,1412,0,0.019564167
Warm A,83251,549,548,2354,1412,1,0.014103774
Warm A,73129,494,493,2354,1412,1,0.009946875
Warm A,66850,449,448,2354,1412,0,0.0025706792
Warm A,46407,310,309,2354,1412,1,0.012238182
Warm A,36854,246,245,2354,1412,1,0.015052924
Warm A,404033,2414,2413,2354,1412,1,0.0133652985
Warm A,14058,114,113,2354,1412,0,0.0010090179
Warm A,15006,119,118,2354,1412,1,0.0038360662
Warm A,10470,75,74,2354,1412,1,0.0082332585
Warm A,79492,531,530,2354,1412,0,0.019498646
Warm A,45334,306,305,2354,1412,0,0.02665546
Warm A,109850,716,715,2354,1412,0,0.01113606
Warm A,178199,1120,1119,2354,1412,1,0.014884185
Warm A,489669,3013,3012,2354,1412,0,0.010423619
Warm A,562654,3462,3461,2354,1412,1,0.0013313133
Warm A,717100,4294,4293,2354,1412,0,0.0026591495
Warm A,171776,1088,1087,2354,1412,0,0.01282355
Warm A,924157,5580,5579,2354,1412,0,0.023136595
Warm A,265864,1613,1612,2356,1414,0,0.017848924
Warm A,223623,1354,1353,2356,1414,0,0.008396374
Warm A,217494,1318,1317,2356,1414,1,0.0052130693
Warm A,212969,1297,1296,2356,1414,0,0.009025784
Warm A,200762,1233,1232,2356,1414,0,0.008287697
Warm A,189021,1172,1171,2356,1414,0,0.008623267
Warm A,211070,1285,1284,2356,1414,1,0.016007345
Warm A,201624,1242,1241,2356,1414,0,0.014777307
Warm A,332719,1962,1961,2356,1414,0,0.007015184
Warm A,112551,731,730,2356,1414,1,0.010604766
Warm A,97888,655,654,2356,1414,0,0.0072337957
Warm A,329406,1943,1942,2356,1414,0,0.018775173
Warm A,215588,1306,1305,2356,1414,1,0.008411661
Warm A,673311,4042,4041,2356,1414,0,0.013310443
Warm A,90701,601,600,2356,1414,1,0.0063646445
Warm A,77637,524,523,2356,1414,1,0.023033757
Warm A,88865,587,586,2356,1414,0,0.009109238
Warm A,116331,752,751,2356,1414,0,0.021133242
Warm A,53565,352,351,2356,1414,1,0.016153075
Warm A,697492,4169,4168,2356,1414,0,0.017326687
Warm A,60593,411,410,2356,1414,0,0.009318855
Warm A,33385,225,224,2356,1414,0,0.0184111
Warm A,17448,136,135,2356,1414,1,0.008446409
Warm A,6358,45,44,2356,1414,0,0.009391287
Warm A,748049,4465,4464,2356,1414,0,0.0044897064
Warm A,485127,2986,2985,2356,1414,0,0.017859088
Warm A,371033,2168,2167,2356,1414,0,0.015348527
Warm A,879398,5312,5311,2356,1414,0,0.016313344
Warm A,893377,5394,5393,2356,1414,1,0.011970026
Warm A,257750,1579,1578,2356,1414,0,0.004579228
Warm A,811427,4867,4866,2356,1414,1,0.008137083
Warm A,413235,2485,2484,2356,1414,0,0.007137168
Warm A,461556,2847,2846,2356,1414,1,0.012956316
Warm A,810421,4861,4860,2356,1414,1,0.009459668
Warm A,841523,5054,5053,2356,1414,0,0.009040037
Warm A,863425,5198,5197,2356,1414,0,0.01106291
Warm A,479508,2942,2941,2360,1417,0,0.011212455
Warm A,546124,3367,3366,2360,1417,1,0.014551218
Warm A,475556,2918,2917,2360,1417,1,0.010396671
Warm A,880160,5317,5316,2360,1417,1,0.011567003
Warm A,465712,2872,2871,2360,1417,1,0.027416956
Warm A,458950,2825,2824,2360,1417,1,0.004938408
Warm A,571449,3504,3503,2360,1417,1,0.017891964
Warm A,416705,2507,2506,2360,1417,1,0.020215087
Warm A,368085,2149,2148,2360,1417,1,0.019668803
Warm A,342587,2015,2014,2360,1417,0,0.0051879175
Warm A,321507,1905,1904,2360,1417,1,-0.001113848
Warm A,313343,1869,1868,2360,1417,1,0.009764434
Warm A,321054,1903,1902,2360,1417,1,0.008379622
Warm A,310323,1847,1846,2360,1417,1,0.005766546
Warm A,290322,1733,1732,2360,1417,1,0.017831827
Warm A,269095,1632,1631,2360,1417,1,0.019650787
Warm A,262707,1602,1601,2360,1417,1,0.0060787657
Warm A,246905,1491,1490,2360,1417,1,0.020194825
Warm A,294365,1749,1748,2360,1417,1,0.0033857354
Warm A,237197,1442,1441,2360,1417,1,0.014296431
Warm A,226691,1374,1373,2360,1417,1,0.010571524
Warm A,308099,1836,1835,2360,1417,0,0.019666592
Warm A,187695,1164,1163,2360,1417,1,0.013623456
Warm A,168536,1069,1068,2360,1417,1,0.01584368
Warm A,152494,981,980,2360,1417,1,0.025370385
Warm A,150082,966,965,2360,1417,1,0.016876556
Warm A,148785,957,956,2360,1417,1,0.0062203025
Warm A,147769,952,951,2360,1417,1,0.0044935187
Warm A,138469,889,888,2360,1417,1,0.013785056
Warm A,131221,850,849,2360,1417,1,0.011831876
Warm A,107349,706,705,2360,1417,0,0.0041147214
Warm A,100894,673,672,2360,1417,1,0.005389968
Warm A,97891,655,654,2360,1417,0,0.013557754
Warm A,90014,593,592,2360,1417,1,0.008398045
Warm A,889334,5367,5366,2360,1417,1,0.010483183
Warm A,45850,308,307,2360,1417,1,0.019773846
Warm A,34661,235,234,2360,1417,1,0.01300065
Warm A,33392,225,224,2360,1417,1,0.0192268
Warm A,21953,161,160,2360,1417,1,0.006823655
Warm A,748051,4465,4464,2360,1417,1,0.0020895007
Warm A,17922,138,137,2360,1417,1,0.009205592
Warm A,24279,173,172,2360,1417,1,0.007386544
Warm A,23589,169,168,2360,1417,0,0.021003682
Warm A,261213,1597,1596,2360,1417,1,0.01635193
Warm A,460751,2841,2840,2360,1417,1,0.012317547
Warm A,713975,4277,4276,2360,1417,1,0.028938528
Warm A,28010,195,194,2360,1417,1,0.019180413
Warm A,548717,3387,3386,2360,1417,1,0.011967559
Warm A,19889,149,148,2360,1417,1,0.014298028
Warm A,232567,1413,1412,2360,1417,1,0.010444732
Warm A,485135,2986,2985,2360,1417,0,0.029908327
Warm A,497288,3054,3053,2360,1417,1,0.015914066
Warm A,223083,1352,1351,2360,1417,1,0.013272291
Warm A,27525,193,192,2360,1417,1,0.015216278
Warm A,116344,752,751,2360,1417,1,0.022464495
Warm A,322481,1912,1911,2360,1417,0,0.013070758
Warm A,511908,3158,3157,2360,1417,1,0.011405317
Warm A,604334,3675,3674,2361,1418,1,-0.007004836
Warm A,726017,4344,4343,2361,1418,0,-0.0026685651
Warm A,632047,3822,3821,2361,1418,0,-0.008035208
Warm A,587990,3589,3588,2361,1418,0,0.004771973
Warm A,586205,3578,3577,2361,1418,0,-0.0034802968
Warm A,595276,3621,3620,2361,1418,0,-0.000678604
Warm A,580566,3546,3545,2361,1418,0,-0.0011839333
Warm A,610645,3704,3703,2361,1418,1,0.0020416025
Warm A,556103,3417,3416,2361,1418,1,-0.0048435535
Warm A,554035,3410,3409,2361,1418,1,-0.010445781
Warm A,613656,3717,3716,2361,1418,1,-0.010387118
Warm A,547210,3374,3373,2361,1418,0,0.000900012
Warm A,540395,3323,3322,2361,1418,0,-0.001698669
Warm A,536097,3308,3307,2361,1418,1,-0.0074625653
Warm A,544118,3353,3352,2361,1418,1,0.0013361651
Warm A,522699,3224,3223,2361,1418,1,-0.0027171122
Warm A,518248,3198,3197,2361,1418,1,-0.011321394
Warm A,527512,3261,3260,2361,1418,0,-0.009949973
Warm A,510470,3145,3144,2361,1418,1,-0.010141082
Warm A,508263,3128,3127,2361,1418,1,0.0016485103
Warm A,571121,3503,3502,2361,1418,0,-0.0064213136
Warm A,500276,3072,3071,2361,1418,0,-0.01304345
Warm A,482773,2967,2966,2361,1418,1,0.0014840947
Warm A,476820,2928,2927,2361,1418,0,-0.0010224544
Warm A,475155,2916,2915,2361,1418,0,-0.007466769
Warm A,601654,3658,3657,2361,1418,1,-0.0029488183
Warm A,462641,2854,2853,2361,1418,1,0.0024433695
Warm A,459413,2829,2828,2361,1418,0,0.006990456
Warm A,458052,2820,2819,2361,1418,1,-0.0061756694
Warm A,439621,2685,2684,2361,1418,0,-0.0029489463
Warm A,434457,2649,2648,2361,1418,0,-0.009745655
Warm A,416708,2507,2506,2361,1418,1,-0.0108132865
Warm A,464222,2860,2859,2361,1418,1,-0.0027024415
Warm A,381695,2231,2230,2361,1418,1,-0.0071322923
Warm A,394240,2323,2322,2361,1418,1,-0.0014898523
Warm A,342034,2014,2013,2361,1418,1,0.0010559941
Warm A,325465,1926,1925,2361,1418,1,-0.0077984277
Warm A,298348,1768,1767,2361,1418,0,0.0067857304
Warm A,290324,1733,1732,2361,1418,0,0.007659315
Warm A,285976,1706,1705,2361,1418,1,-0.006352545
Warm A,279478,1680,1679,2361,1418,1,-0.007503364
Warm A,284884,1699,1698,2361,1418,0,-0.0021963688
Warm A,281319,1687,1686,2361,1418,1,-0.006918413
Warm A,274442,1658,1657,2361,1418,1,0.00033672713
Warm A,280903,1685,1684,2361,1418,0,-0.0067046355
Warm A,269096,1632,1631,2361,1418,0,-0.00867733
Warm A,264180,1607,1606,2361,1418,0,-0.008355724
Warm A,631660,3821,3820,2361,1418,0,-0.0037634508
Warm A,336065,1980,1979,2361,1418,1,-0.010002529
Warm A,312388,1861,1860,2361,1418,0,-0.008038722
Warm A,220407,1335,1334,2361,1418,1,-0.0044184476
Warm A,308101,1836,1835,2361,1418,0,-0.014047026
Warm A,321909,1911,1910,2361,1418,0,0.0036401344
Warm A,199111,1223,1222,2361,1418,1,-0.00086611253
Warm A,188093,1167,1166,2361,1418,0,-0.00012728479
Warm A,190041,1179,1178,2361,1418,0,-0.007616708
Warm A,182829,1140,1139,2361,1418,0,-0.008762459
Warm A,173726,1100,1099,2361,1418,1,-7.910258e-05
Warm A,157526,1013,1012,2361,1418,0,-0.0014150385
Warm A,158359,1015,1014,2361,1418,0,-0.00029048545
Warm A,337093,1983,1982,2361,1418,1,-0.0091743525
Warm A,185447,1150,1149,2361,1418,0,-0.0029908791
Warm A,142454,919,918,2361,1418,1,-0.0035982248
Warm A,217148,1317,1316,2361,1418,1,-0.0067718625
Warm A,260873,1594,1593,2361,1418,0,-0.002732878
Warm A,140298,899,898,2361,1418,0,-0.0027697887
Warm A,138473,889,888,2361,1418,0,-0.0002725846
Warm A,131223,850,849,2361,1418,1,-0.0048694853
Warm A,160197,1019,1018,2361,1418,0,-0.0061024316
Warm A,112565,731,730,2361,1418,0,-0.0053122723
Warm A,284294,1698,1697,2361,1418,1,-0.008403499
Warm A,90707,601,600,2361,1418,1,-0.0020495383
Warm A,99586,664,663,2361,1418,1,-0.0020200997
Warm A,75571,514,513,2361,1418,0,-0.007924025
Warm A,116346,752,751,2361,1418,0,-0.008566345
Warm A,63719,425,424,2361,1418,0,-0.0034753084
Warm A,57118,386,385,2361,1418,0,0.0032839857
Warm A,240224,1449,1448,2361,1418,1,-0.009667246
Warm A,211081,1285,1284,2361,1418,0,-0.004368528
Warm A,363156,2116,2115,2361,1418,0,-0.0025021234
Warm A,31924,216,215,2361,1418,0,-0.0014917654
Warm A,27527,193,192,2361,1418,0,-0.0021214052
Warm A,18058,139,138,2361,1418,1,0.0037353113
Warm A,17453,136,135,2361,1418,1,-0.005668801
Warm A,16838,132,131,2361,1418,0,-0.009602064
Warm A,24864,175,174,2361,1418,0,0.0020912904
Warm A,21495,157,156,2361,1418,0,-0.015730614
Warm A,713977,4277,4276,2361,1418,1,-0.00273093
Warm A,467372,2880,2879,2361,1418,1,0.00016057049
Warm A,294956,1752,1751,2361,1418,1,-0.0029208958
Warm A,924161,5580,5579,2361,1418,1,-0.016450541
Warm A,50600,333,332,2361,1418,0,0.0080049895
Warm A,130553,846,845,2361,1418,1,-0.002863661
Warm A,745427,4448,4447,2361,1418,1,-0.00043369597
Warm A,310746,1851,1850,2361,1418,0,-0.0044674347
Warm A,821728,4940,4939,2361,1418,1,0.008856248
Warm A,555054,3413,3412,2361,1418,0,-0.003689456
Warm A,748331,4467,4466,2361,1418,1,-0.007334591
Warm A,529177,3271,3270,2364,1420,0,0.0018163591
Warm A,525102,3242,3241,2364,1420,0,0.0023341924
Warm A,514572,3178,3177,2364,1420,1,-0.0007352368
Warm A,494274,3032,3031,2364,1420,1,0.0069059897
Warm A,463399,2857,2856,2364,1420,0,0.007207958
Warm A,434458,2649,2648,2364,1420,0,0.008757767
Warm A,418135,2526,2525,2364,1420,0,0.00014590309
Warm A,408954,2455,2454,2364,1420,0,-0.0019609132
Warm A,406998,2445,2444,2364,1420,0,-0.007299073
Warm A,402380,2402,2401,2364,1420,0,-0.0016579254
Warm A,392304,2304,2303,2364,1420,0,-0.00045861164
Warm A,370746,2167,2166,2364,1420,0,-0.005467783
Warm A,374186,2181,2180,2364,1420,0,0.0115386145
Warm A,342592,2015,2014,2364,1420,0,0.0037880822
Warm A,311581,1856,1855,2364,1420,1,0.0007230481
Warm A,297080,1761,1760,2364,1420,1,0.0056204605
Warm A,300426,1780,1779,2364,1420,0,0.008169072
Warm A,292398,1741,1740,2364,1420,1,-0.0009006137
Warm A,288941,1726,1725,2364,1420,1,-0.0061239335
Warm A,277039,1675,1674,2364,1420,0,-0.001603236
Warm A,265164,1611,1610,2364,1420,1,0.0044119214
Warm A,261413,1598,1597,2364,1420,0,0.002327171
Warm A,244708,1473,1472,2364,1420,0,0.008109846
Warm A,242872,1465,1464,2364,1420,0,0.008853663
Warm A,336067,1980,1979,2364,1420,0,0.0026995614
Warm A,273055,1647,1646,2364,1420,0,0.00706404
Warm A,279482,1680,1679,2364,1420,1,0.012559987
Warm A,307534,1835,1834,2364,1420,1,0.013197667
Warm A,276665,1673,1672,2364,1420,0,0.0019738371
Warm A,170559,1086,1085,2364,1420,1,0.013832448
Warm A,275605,1667,1666,2364,1420,0,0.0012335051
Warm A,133034,858,857,2364,1420,1,-0.00053417915
Warm A,123927,798,797,2364,1420,0,0.009167656
Warm A,107191,705,704,2364,1420,0,0.01709307
Warm A,97095,651,650,2364,1420,0,0.00072057755
Warm A,152317,980,979,2364,1420,0,0.00071848114
Warm A,352019,2063,2062,2364,1420,0,0.0062106173
Warm A,713980,4277,4276,2364,1420,0,0.0052100923
Warm A,86169,563,562,2364,1420,0,0.0048532467
Warm A,84298,550,549,2364,1420,0,0.0058057243
Warm A,70462,475,474,2364,1420,1,0.0012926003
Warm A,70833,476,475,2364,1420,1,-0.0048740124
Warm A,72147,482,481,2364,1420,0,0.009321857
Warm A,440166,2691,2690,2364,1420,0,-0.00025497703
Warm A,26124,186,185,2364,1420,1,-0.0010617735
Warm A,270040,1635,1634,2364,1420,1,0.009037347
Warm A,14415,117,116,2364,1420,0,0.004365266
Warm A,11911,92,91,2364,1420,0,0.012096363
Warm A,8414,58,57,2364,1420,1,0.005052058
Warm A,530297,3274,3273,2364,1420,0,-0.003206579
Warm A,174220,1101,1100,2364,1420,0,0.009351099
Warm A,626879,3792,3791,2364,1420,0,0.013970578
Warm A,967407,5831,5830,2364,1420,0,0.017797813
Warm A,328313,1941,1940,2364,1420,0,0.005264544
Warm A,596685,3626,3625,2364,1420,0,-0.0015058457
Warm A,633377,3824,3823,2364,1420,0,0.006271342
Warm A,489678,3013,3012,2364,1420,0,0.0018897718
Warm A,136693,881,880,2364,1420,0,0.0053476696
Warm A,63084,424,423,2364,1420,0,0.009643105
Warm A,879403,5312,5311,2364,1420,1,0.008280613
Warm A,718966,4305,4304,2364,1420,0,0.008273048
Warm A,621262,3762,3761,2365,1421,0,0.0076039378
Warm A,623442,3771,3770,2365,1421,0,0.012381682
Warm A,602108,3662,3661,2365,1421,0,0.0065846224
Warm A,598881,3646,3645,2365,1421,0,0.008070695
Warm A,595279,3621,3620,2365,1421,0,0.0116454195
Warm A,586467,3579,3578,2365,1421,1,0.011433639
Warm A,728482,4354,4353,2365,1421,1,0.013304001
Warm A,572647,3508,3507,2365,1421,1,-0.006643903
Warm A,657153,3961,3960,2365,1421,0,0.00028748042
Warm A,566331,3476,3475,2365,1421,0,0.0019399687
Warm A,509856,3140,3139,2365,1421,0,0.00027865008
Warm A,494277,3032,3031,2365,1421,1,0.010097339
Warm A,697512,4169,4168,2365,1421,0,0.017310249
Warm A,475956,2921,2920,2365,1421,0,0.0005116295
Warm A,472687,2907,2906,2365,1421,0,0.015640933
Warm A,463401,2857,2856,2365,1421,0,0.011511236
Warm A,457122,2816,2815,2365,1421,0,0.016452983
Warm A,411079,2466,2465,2365,1421,0,0.0015083537
Warm A,407000,2445,2444,2365,1421,1,-0.003978234
Warm A,402382,2402,2401,2365,1421,0,-0.008228344
Warm A,389013,2279,2278,2365,1421,0,0.0039282423
Warm A,373491,2180,2179,2365,1421,0,0.012989877
Warm A,370747,2167,2166,2365,1421,0,0.0038454006
Warm A,366719,2137,2136,2365,1421,0,0.010735884
Warm A,361741,2109,2108,2365,1421,0,0.007994433
Warm A,374187,2181,2180,2365,1421,0,0.0066335564
Warm A,337095,1983,1982,2365,1421,0,0.011109661
Warm A,334661,1974,1973,2365,1421,1,0.008003384
Warm A,327216,1939,1938,2365,1421,0,0.0069406494
Warm A,301316,1790,1789,2365,1421,0,0.006149144
Warm A,293223,1746,1745,2365,1421,0,0.0069387695
Warm A,297584,1764,1763,2365,1421,1,0.0017257232
Warm A,300427,1780,1779,2365,1421,0,0.012814204
Warm A,285379,1701,1700,2365,1421,0,0.012023854
Warm A,269100,1632,1631,2365,1421,0,0.010952702
Warm A,265166,1611,1610,2365,1421,1,0.012241584
Warm A,261414,1598,1597,2365,1421,0,0.0131065035
Warm A,436523,2665,2664,2365,1421,0,0.015676215
Warm A,244709,1473,1472,2365,1421,0,0.009338909
Warm A,224976,1360,1359,2365,1421,1,0.008938111
Warm A,267252,1624,1623,2365,1421,0,0.011649347
Warm A,216233,1312,1311,2365,1421,0,-0.0030071128
Warm A,273057,1647,1646,2365,1421,1,0.0083178505
Warm A,279485,1680,1679,2365,1421,1,0.007812893
Warm A,189835,1177,1176,2365,1421,0,0.0024883798
Warm A,175616,1112,1111,2365,1421,0,0.015288569
Warm A,275607,1667,1666,2365,1421,0,0.010687637
Warm A,155944,1004,1003,2365,1421,0,0.007872939
Warm A,123929,798,797,2365,1421,0,-0.0013426124
Warm A,114496,744,743,2365,1421,0,0.0069231894
Warm A,107192,705,704,2365,1421,0,0.011091248
Warm A,95491,639,638,2365,1421,0,0.015056411
Warm A,90958,602,601,2365,1421,0,0.004844486
Warm A,86170,563,562,2365,1421,0,0.013168922
Warm A,82275,546,545,2365,1421,0,0.001549744
Warm A,78130,526,525,2365,1421,0,0.019385256
Warm A,70835,476,475,2365,1421,1,0.010505919
Warm A,70464,475,474,2365,1421,0,0.0015126677
Warm A,72149,482,481,2365,1421,1,0.0128050335
Warm A,75944,516,515,2365,1421,0,0.00089555816
Warm A,53581,352,351,2365,1421,0,0.008928712
Warm A,28738,198,197,2365,1421,0,0.0073784883
Warm A,15165,121,120,2365,1421,1,0.010559026
Warm A,14417,117,116,2365,1421,1,0.002536917
Warm A,8416,58,57,2365,1421,1,0.007354226
Warm A,389465,2282,2281,2365,1421,0,0.015748767
Warm A,161372,1029,1028,2365,1421,0,0.011105695
Warm A,552452,3401,3400,2365,1421,0,0.009703124
Warm A,432770,2638,2637,2365,1421,0,0.015049424
Warm A,626881,3792,3791,2365,1421,0,0.008598993
Warm A,879404,5312,5311,2365,1421,0,0.0059946543
Warm A,261214,1597,1596,2365,1421,0,-0.00050887465
Warm A,514573,3178,3177,2365,1421,0,-0.0010300584
Warm A,287772,1717,1716,2365,1421,1,0.0027429643
Warm A,136695,881,880,2365,1421,1,0.004324762
Warm A,495167,3038,3037,2365,1421,1,-0.004108468
Warm A,623450,3771,3770,2370,1425,0,0.009382471
Warm A,633389,3824,3823,2370,1425,1,0.014130892
Warm A,596698,3626,3625,2370,1425,0,0.0018867117
Warm A,587998,3589,3588,2370,1425,0,0.0011701107
Warm A,581788,3555,3554,2370,1425,1,0.009616552
Warm A,577958,3529,3528,2370,1425,0,-0.007676744
Warm A,745436,4448,4447,2370,1425,1,0.007941819
Warm A,572262,3507,3506,2370,1425,0,0.014813006
Warm A,569323,3491,3490,2370,1425,1,0.0039223786
Warm A,549129,3389,3388,2370,1425,0,0.004937359
Warm A,531487,3281,3280,2370,1425,0,0.011761223
Warm A,525106,3242,3241,2370,1425,1,0.011461242
Warm A,522712,3224,3223,2370,1425,1,0.0067286324
Warm A,539969,3320,3319,2370,1425,1,0.007307179
Warm A,521492,3217,3216,2370,1425,0,0.011076646
Warm A,490841,3018,3017,2370,1425,1,0.016525524
Warm A,529827,3272,3271,2370,1425,1,0.0063389223
Warm A,753516,4489,4488,2370,1425,0,0.0069183297
Warm A,697529,4169,4168,2370,1425,0,0.017734313
Warm A,738476,4411,4410,2370,1425,0,0.0070154797
Warm A,473812,2909,2908,2370,1425,1,0.018591933
Warm A,852913,5113,5112,2370,1425,0,0.0056868745
Warm A,754950,4497,4496,2370,1425,1,0.007856724
Warm A,446461,2752,2751,2370,1425,0,0.005303284
Warm A,833074,5008,5007,2370,1425,1,0.0073962146
Warm A,424524,2575,2574,2370,1425,0,0.00861011
Warm A,609693,3695,3694,2370,1425,1,0.014346856
Warm A,400125,2382,2381,2370,1425,1,0.0044642612
Warm A,398282,2368,2367,2370,1425,0,-0.00040836935
Warm A,418791,2529,2528,2370,1425,0,0.008300215
Warm A,387571,2265,2264,2370,1425,1,-0.0019307551
Warm A,369977,2164,2163,2370,1425,1,0.0012615398
Warm A,356452,2088,2087,2370,1425,1,0.007313721
Warm A,380854,2225,2224,2370,1425,0,0.006730987
Warm A,298351,1768,1767,2370,1425,0,0.008222368
Warm A,290948,1736,1735,2370,1425,1,0.013433814
Warm A,292405,1741,1740,2370,1425,1,0.013766294
Warm A,289395,1727,1726,2370,1425,1,0.012071096
Warm A,269109,1632,1631,2370,1425,0,0.007895817
Warm A,350751,2059,2058,2370,1425,1,-0.011998996
Warm A,241308,1451,1450,2370,1425,0,0.0027223036
Warm A,336080,1980,1979,2370,1425,0,0.0076033142
Warm A,279504,1680,1679,2370,1425,0,0.015355008
Warm A,193749,1194,1193,2370,1425,1,0.0018220507
Warm A,186657,1155,1154,2370,1425,0,0.006057746
Warm A,180373,1128,1127,2370,1425,0,0.007552889
Warm A,180012,1127,1126,2370,1425,0,0.0013302043
Warm A,328336,1941,1940,2370,1425,0,0.0037099048
Warm A,275613,1667,1666,2370,1425,1,0.012952694
Warm A,158376,1015,1014,2370,1425,1,0.0065284627
Warm A,151014,971,970,2370,1425,0,0.0070144827
Warm A,151652,975,974,2370,1425,1,0.0014903368
Warm A,142457,919,918,2370,1425,1,0.00665195
Warm A,204223,1257,1256,2370,1425,0,0.002798927
Warm A,135709,877,876,2370,1425,0,0.014622484
Warm A,331726,1958,1957,2370,1425,0,0.008161519
Warm A,135049,873,872,2370,1425,1,0.0034678068
Warm A,315367,1880,1879,2370,1425,1,0.0019706099
Warm A,211093,1285,1284,2370,1425,1,0.015971974
Warm A,320188,1899,1898,2370,1425,0,0.01253769
Warm A,98440,659,658,2370,1425,0,0.009362305
Warm A,97899,655,654,2370,1425,0,0.0035331505
Warm A,85837,560,559,2370,1425,0,0.0069963587
Warm A,84309,550,549,2370,1425,0,-0.0004956743
Warm A,80273,533,532,2370,1425,0,0.00844407
Warm A,50852,335,334,2370,1425,1,0.00780202
Warm A,42735,293,292,2370,1425,1,0.005511362
Warm A,36357,245,244,2370,1425,0,0.004049089
Warm A,19305,148,147,2370,1425,1,-0.0012491222
Warm A,2171,18,17,2370,1425,1,0.0029087155
Warm A,49294,329,328,2370,1425,0,0.0059327437
Warm A,1441,13,12,2370,1425,1,0.003120115
Warm A,18653,146,145,2370,1425,1,0.009319963
Warm A,10206,73,72,2370,1425,1,0.007848235
Warm A,249895,1505,1504,2370,1425,0,0.009711014
Warm A,102391,678,677,2370,1425,1,0.005369125
Warm A,28033,195,194,2370,1425,1,0.011449408
Warm A,964531,5812,5811,2370,1425,0,0.009291569
Warm A,903027,5458,5457,2370,1425,1,0.0106764715
Warm A,63098,424,423,2370,1425,0,0.008544101
Warm A,657588,3963,3962,2370,1425,1,0.0066435197
Warm A,858032,5156,5155,2370,1425,1,0.017496292
Warm A,665905,4007,4006,2373,1428,1,0.0045912303
Warm A,662034,3992,3991,2373,1428,0,0.005600607
Warm A,651505,3929,3928,2373,1428,0,0.0018439821
Warm A,648105,3902,3901,2373,1428,1,-0.00023395708
Warm A,643733,3878,3877,2373,1428,0,0.005410226
Warm A,702635,4213,4212,2373,1428,1,0.0021958507
Warm A,640061,3847,3846,2373,1428,0,0.001051818
Warm A,637000,3836,3835,2373,1428,0,0.003027993
Warm A,726034,4344,4343,2373,1428,0,0.0035337172
Warm A,629611,3808,3807,2373,1428,0,0.010205145
Warm A,624927,3778,3777,2373,1428,0,-0.00335324
Warm A,620491,3759,3758,2373,1428,1,0.008133666
Warm A,623452,3771,3770,2373,1428,0,0.0032766757
Warm A,608659,3691,3690,2373,1428,0,-0.005073568
Warm A,601661,3658,3657,2373,1428,0,0.00027862017
Warm A,598497,3642,3641,2373,1428,0,0.0037817003
Warm A,633395,3824,3823,2373,1428,0,-0.00040692743
Warm A,596702,3626,3625,2373,1428,0,0.00835759
Warm A,590797,3603,3602,2373,1428,0,0.005496399
Warm A,588000,3589,3588,2373,1428,0,0.0028339238
Warm A,586472,3579,3578,2373,1428,0,0.00063939416
Warm A,579489,3539,3538,2373,1428,0,-0.00042229798
Warm A,569331,3491,3490,2373,1428,0,-0.004609319
Warm A,563776,3469,3468,2373,1428,0,0.0061048544
Warm A,570374,3499,3498,2373,1428,0,0.004403744
Warm A,555291,3414,3413,2373,1428,0,0.002680318
Warm A,573595,3512,3511,2373,1428,0,0.008776272
Warm A,538985,3314,3313,2373,1428,0,0.00504606
Warm A,537283,3311,3310,2373,1428,0,-0.0011310508
Warm A,527522,3261,3260,2373,1428,0,-0.009364763
Warm A,506780,3118,3117,2373,1428,0,-0.0027336217
Warm A,499543,3067,3066,2373,1428,0,0.0022337753
Warm A,497964,3056,3055,2373,1428,0,0.0042954637
Warm A,486681,2995,2994,2373,1428,1,0.00550057
Warm A,486334,2994,2993,2373,1428,0,0.010686192
Warm A,517918,3196,3195,2373,1428,1,0.003276123
Warm A,753517,4489,4488,2373,1428,0,0.0044972654
Warm A,469692,2894,2893,2373,1428,1,-0.0070335176
Warm A,468972,2888,2887,2373,1428,1,-0.003817779
Warm A,754951,4497,4496,2373,1428,0,0.0036452524
Warm A,459975,2837,2836,2373,1428,0,0.009681068
Warm A,455289,2803,2802,2373,1428,0,0.005844985
Warm A,594894,3620,3619,2373,1428,0,-0.0026208318
Warm A,448026,2761,2760,2373,1428,0,-0.0063661393
Warm A,427830,2599,2598,2373,1428,0,-0.0032801772
Warm A,425013,2579,2578,2373,1428,0,0.0008756828
Warm A,409251,2456,2455,2373,1428,0,-0.004876132
Warm A,407002,2445,2444,2373,1428,1,0.0014066328
Warm A,436535,2665,2664,2373,1428,0,0.0068650455
Warm A,402390,2402,2401,2373,1428,0,0.0100501925
Warm A,398758,2374,2373,2373,1428,1,0.0042732074
Warm A,390070,2288,2287,2373,1428,0,0.0010985709
Warm A,389022,2279,2278,2373,1428,0,-0.0013920069
Warm A,377319,2203,2202,2373,1428,1,-0.0027680164
Warm A,373495,2180,2179,2373,1428,1,0.001032497
Warm A,368851,2156,2155,2373,1428,0,-0.00032107008
Warm A,356454,2088,2087,2373,1428,0,0.007260771
Warm A,337102,1983,1982,2373,1428,0,0.0017367303
Warm A,297595,1764,1763,2373,1428,1,0.0020069783
Warm A,290950,1736,1735,2373,1428,1,0.006902554
Warm A,277049,1675,1674,2373,1428,0,0.004421063
Warm A,291510,1737,1736,2373,1428,0,0.0008952061
Warm A,282688,1694,1693,2373,1428,0,0.0072854497
Warm A,288948,1726,1725,2373,1428,0,0.001980207
Warm A,287182,1714,1713,2373,1428,0,0.004389139
Warm A,265883,1613,1612,2373,1428,0,0.0073578153
Warm A,342600,2015,2014,2373,1428,1,0.006926968
Warm A,242882,1465,1464,2373,1428,0,-0.0014848313
Warm A,227215,1377,1376,2373,1428,0,0.010641671
Warm A,221452,1340,1339,2373,1428,0,-0.013532127
Warm A,223637,1354,1353,2373,1428,0,0.0027279845
Warm A,224234,1356,1355,2373,1428,1,-0.004060569
Warm A,208041,1272,1271,2373,1428,0,-0.00034372415
Warm A,279511,1680,1679,2373,1428,0,0.00447167
Warm A,270055,1635,1634,2373,1428,0,-0.00024044793
Warm A,191129,1181,1180,2373,1428,0,0.0035668267
Warm A,203174,1246,1245,2373,1428,0,-0.0125951115
Warm A,180376,1128,1127,2373,1428,0,0.004920891
Warm A,180014,1127,1126,2373,1428,0,0.0031233812
Warm A,248900,1501,1500,2373,1428,0,0.00844302
Warm A,171806,1088,1087,2373,1428,0,0.00910748
Warm A,175630,1112,1111,2373,1428,0,0.0022754793
Warm A,328344,1941,1940,2373,1428,0,0.001620404
Warm A,168893,1071,1070,2373,1428,0,1.487555e-06
Warm A,275614,1667,1666,2373,1428,0,0.00583593
Warm A,155952,1004,1003,2373,1428,0,0.0026541138
Warm A,154929,999,998,2373,1428,0,-0.0010091658
Warm A,151016,971,970,2373,1428,0,-0.00026742846
Warm A,157016,1010,1009,2373,1428,0,0.0065049725
Warm A,135716,877,876,2373,1428,0,0.0041169063
Warm A,315374,1880,1879,2373,1428,0,0.006993927
Warm A,263453,1605,1604,2373,1428,0,0.01914784
Warm A,122215,788,787,2373,1428,0,0.006547169
Warm A,121208,780,779,2373,1428,0,0.00071523275
Warm A,475804,2919,2918,2373,1428,0,0.00934412
Warm A,117562,757,756,2373,1428,0,0.010547144
Warm A,114499,744,743,2373,1428,0,-0.00746978
Warm A,96193,646,645,2373,1428,0,-0.0010501028
Warm A,480204,2946,2945,2373,1428,0,0.002162586
Warm A,150661,970,969,2373,1428,0,0.006729787
Warm A,77661,524,523,2373,1428,0,0.008212585
Warm A,119346,770,769,2373,1428,0,0.003042047
Warm A,86714,566,565,2373,1428,0,0.0005473569
Warm A,81768,543,542,2373,1428,1,0.00040832255
Warm A,70842,476,475,2373,1428,1,-0.0022981493
Warm A,240245,1449,1448,2373,1428,0,0.003065444
Warm A,53605,352,351,2373,1428,0,-0.00340549
Warm A,40312,272,271,2373,1428,1,0.008382562
Warm A,38845,264,263,2373,1428,0,0.0012121666
Warm A,36362,245,244,2373,1428,0,0.005334149
Warm A,626891,3792,3791,2373,1428,0,0.006444562
Warm A,28748,198,197,2373,1428,0,-0.0030225415
Warm A,21507,157,156,2373,1428,0,0.004089445
Warm A,12277,93,92,2373,1428,0,0.0033166707
Warm A,2175,18,17,2373,1428,0,0.008454257
Warm A,49303,329,328,2373,1428,0,0.00092327915
Warm A,234206,1422,1421,2373,1428,0,0.0027630716
Warm A,530302,3274,3273,2373,1428,0,0.005199922
Warm A,829176,4979,4978,2373,1428,0,-0.0006239647
Warm A,773531,4610,4609,2373,1428,0,0.011073614
Warm A,273069,1647,1646,2373,1428,0,0.0072182035
Warm A,622230,3768,3767,2373,1428,0,-0.0022196441
Warm A,102395,678,677,2373,1428,0,0.008639784
Warm A,964533,5812,5811,2373,1428,0,0.002966249
Warm A,418796,2529,2528,2373,1428,0,-0.003892836
Warm A,473822,2909,2908,2373,1428,0,0.005080823
Warm A,63103,424,423,2373,1428,0,0.003569352
Warm A,341676,2012,2011,2373,1428,0,-0.0032863878
Warm A,28040,195,194,2373,1428,0,-0.0016070274
Warm A,672736,4041,4040,2377,1432,1,0.0020027817
Warm A,668581,4021,4020,2377,1432,1,0.0018614816
Warm A,669112,4022,4021,2377,1432,1,-0.005503933
Warm A,667560,4016,4015,2377,1432,0,-0.002514203
Warm A,665911,4007,4006,2377,1432,0,0.0041038953
Warm A,665485,4006,4005,2377,1432,0,-0.006357041
Warm A,663538,3998,3997,2377,1432,0,-0.0022883622
Warm A,651511,3929,3928,2377,1432,0,-0.0057109147
Warm A,650650,3923,3922,2377,1432,0,0.0058449865
Warm A,649881,3916,3915,2377,1432,1,0.006179157
Warm A,644741,3884,3883,2377,1432,0,-0.00565046
Warm A,702637,4213,4212,2377,1432,1,0.0020190084
Warm A,628757,3807,3806,2377,1432,0,0.00043957512
Warm A,629617,3808,3807,2377,1432,1,-0.0013342504
Warm A,628186,3804,3803,2377,1432,0,-0.0070330603
Warm A,638334,3841,3840,2377,1432,1,-0.009321885
Warm A,623456,3771,3770,2377,1432,0,0.0041592503
Warm A,616506,3731,3730,2377,1432,0,-0.0016683367
Warm A,726042,4344,4343,2377,1432,0,0.0021759677
Warm A,633401,3824,3823,2377,1432,1,0.0019257646
Warm A,745440,4448,4447,2377,1432,1,0.0009125194
Warm A,604992,3678,3677,2377,1432,0,-0.0028253188
Warm A,567143,3482,3481,2377,1432,1,0.005749329
Warm A,657159,3961,3960,2377,1432,0,0.0026717018
Warm A,563778,3469,3468,2377,1432,1,-0.0019907614
Warm A,557290,3423,3422,2377,1432,0,0.0053336485
Warm A,552473,3401,3400,2377,1432,0,0.0021120673
Warm A,645365,3885,3884,2377,1432,0,-0.0039134305
Warm A,545756,3365,3364,2377,1432,0,0.0063791247
Warm A,537290,3311,3310,2377,1432,0,0.0019925644
Warm A,536110,3308,3307,2377,1432,0,-0.0009842562
Warm A,538575,3313,3312,2377,1432,0,0.0040574097
Warm A,528259,3265,3264,2377,1432,0,0.0010765152
Warm A,566348,3476,3475,2377,1432,0,0.00032297592
Warm A,516545,3189,3188,2377,1432,1,-0.009146883
Warm A,501831,3081,3080,2377,1432,0,-0.0069017783
Warm A,504176,3099,3098,2377,1432,0,0.0009160554
Warm A,490850,3018,3017,2377,1432,1,-0.0014415864
Warm A,697542,4169,4168,2377,1432,1,0.004401221
Warm A,475957,2921,2920,2377,1432,0,-0.017904188
Warm A,591253,3607,3606,2377,1432,0,0.0024122072
Warm A,478474,2935,2934,2377,1432,0,0.004405277
Warm A,465182,2868,2867,2377,1432,0,0.0028789646
Warm A,463416,2857,2856,2377,1432,0,0.007967481
Warm A,449629,2772,2771,2377,1432,1,-0.002277303
Warm A,790813,4728,4727,2377,1432,0,-0.011038972
Warm A,430754,2625,2624,2377,1432,0,4.9922615e-05
Warm A,414242,2493,2492,2377,1432,0,-0.0041415496
Warm A,411083,2466,2465,2377,1432,0,-0.008586725
Warm A,409703,2457,2456,2377,1432,0,0.0043098247
Warm A,393345,2312,2311,2377,1432,1,0.00049271155
Warm A,389024,2279,2278,2377,1432,0,-0.0024276604
Warm A,376204,2194,2193,2377,1432,1,-0.0019357253
Warm A,374210,2181,2180,2377,1432,0,0.009385362
Warm A,356456,2088,2087,2377,1432,0,0.0016439395
Warm A,345496,2026,2025,2377,1432,1,-0.00018342375
Warm A,333453,1968,1967,2377,1432,0,0.00021878048
Warm A,326332,1931,1930,2377,1432,0,0.0056493175
Warm A,293229,1746,1745,2377,1432,1,-0.0018952922
Warm A,288303,1722,1721,2377,1432,1,-0.00027738087
Warm A,288467,1723,1722,2377,1432,0,0.0023313584
Warm A,291519,1737,1736,2377,1432,1,-0.006912576
Warm A,292409,1741,1740,2377,1432,0,0.0045583863
Warm A,279525,1680,1679,2377,1432,0,0.0031520906
Warm A,277052,1675,1674,2377,1432,0,-0.0056917574
Warm A,276326,1671,1670,2377,1432,1,0.00469812
Warm A,265176,1611,1610,2377,1432,0,0.009771839
Warm A,259867,1589,1588,2377,1432,0,0.0035651568
Warm A,259056,1586,1585,2377,1432,0,0.0044169654
Warm A,247791,1496,1495,2377,1432,0,0.0022534463
Warm A,350753,2059,2058,2377,1432,1,-0.0017353575
Warm A,227220,1377,1376,2377,1432,0,0.0044714296
Warm A,224722,1358,1357,2377,1432,0,0.008033665
Warm A,224520,1357,1356,2377,1432,0,-0.0040619606
Warm A,221456,1340,1339,2377,1432,0,0.0035378067
Warm A,219934,1333,1332,2377,1432,1,0.000774415
Warm A,273078,1647,1646,2377,1432,0,0.007643551
Warm A,260141,1591,1590,2377,1432,0,0.003805964
Warm A,244065,1470,1469,2377,1432,0,0.0033079847
Warm A,214957,1303,1302,2377,1432,0,0.005283216
Warm A,328352,1941,1940,2377,1432,0,-0.0014159228
Warm A,307549,1835,1834,2377,1432,0,-0.0014663634
Warm A,182835,1140,1139,2377,1432,0,-0.0036547403
Warm A,181623,1135,1134,2377,1432,0,0.0022764688
Warm A,179176,1124,1123,2377,1432,0,-0.0015829008
Warm A,177613,1119,1118,2377,1432,1,0.0011303474
Warm A,196608,1207,1206,2377,1432,1,-0.0023169196
Warm A,184055,1146,1145,2377,1432,0,0.007407541
Warm A,166069,1058,1057,2377,1432,0,-0.0017361469
Warm A,162029,1033,1032,2377,1432,0,0.008240836
Warm A,159338,1017,1016,2377,1432,0,0.008618494
Warm A,151018,971,970,2377,1432,0,0.0072788196
Warm A,138508,889,888,2377,1432,0,-0.0027902988
Warm A,714002,4277,4276,2377,1432,0,0.0038360404
Warm A,133300,860,859,2377,1432,1,-0.0070191137
Warm A,133040,858,857,2377,1432,1,0.008560356
Warm A,315379,1880,1879,2377,1432,0,0.0015791503
Warm A,122217,788,787,2377,1432,0,0.003402121
Warm A,211109,1285,1284,2377,1432,0,0.00703883
Warm A,316907,1884,1883,2377,1432,0,0.0019522933
Warm A,90961,602,601,2377,1432,0,-0.0012645642
Warm A,86719,566,565,2377,1432,0,0.0034122914
Warm A,86176,563,562,2377,1432,0,-0.0017854776
Warm A,74432,508,507,2377,1432,0,-0.004806978
Warm A,66590,445,444,2377,1432,0,0.0034354052
Warm A,241313,1451,1450,2377,1432,0,0.0033135107
Warm A,61227,412,411,2377,1432,1,0.002525191
Warm A,41161,278,277,2377,1432,1,-0.0033214488
Warm A,37358,255,254,2377,1432,1,-0.004312836
Warm A,36368,245,244,2377,1432,0,-0.006429691
Warm A,99871,667,666,2377,1432,0,0.008495034
Warm A,28045,195,194,2377,1432,1,-0.0018124613
Warm A,12427,94,93,2377,1432,1,-0.0049934844
Warm A,7626,53,52,2377,1432,1,-0.0006496158
Warm A,1885,17,16,2377,1432,1,-0.006555425
Warm A,108110,710,709,2377,1432,0,0.0017251868
Warm A,129527,839,838,2377,1432,1,-0.0012141878
Warm A,460763,2841,2840,2377,1432,1,1.4229794e-05
Warm A,365818,2129,2128,2377,1432,0,0.0029424436
Warm A,102402,678,677,2377,1432,0,-0.0020943629
Warm A,760836,4520,4519,2377,1432,0,-0.0050245645
Warm A,63112,424,423,2377,1432,0,0.0018830182
Warm A,811721,4868,4867,2377,1432,0,-0.0028468766
Warm A,662428,3993,3992,2380,1435,0,0.0073174327
Warm A,650517,3922,3921,2380,1435,0,0.0038473546
Warm A,672741,4041,4040,2380,1435,0,0.0108410325
Warm A,644747,3884,3883,2380,1435,0,0.0014933804
Warm A,647762,3900,3899,2380,1435,0,-0.0046236194
Warm A,634090,3825,3824,2380,1435,0,0.0054073213
Warm A,629624,3808,3807,2380,1435,0,0.013806936
Warm A,624939,3778,3777,2380,1435,0,0.0043585524
Warm A,622239,3768,3767,2380,1435,0,-0.00040767575
Warm A,620020,3756,3755,2380,1435,0,0.007572095
Warm A,614842,3724,3723,2380,1435,0,0.0133628845
Warm A,636385,3834,3833,2380,1435,1,-0.0023581316
Warm A,720551,4312,4311,2380,1435,0,0.0023747971
Warm A,633407,3824,3823,2380,1435,0,0.007094397
Warm A,622746,3769,3768,2380,1435,0,0.0014826665
Warm A,583548,3562,3561,2380,1435,0,0.009258334
Warm A,613337,3716,3715,2380,1435,0,0.0057123634
Warm A,577320,3526,3525,2380,1435,0,0.012270933
Warm A,579506,3539,3538,2380,1435,1,0.0067457184
Warm A,581372,3550,3549,2380,1435,0,0.0042245346
Warm A,570383,3499,3498,2380,1435,0,0.0031529581
Warm A,550329,3391,3390,2380,1435,0,0.0056616906
Warm A,571140,3503,3502,2380,1435,0,-0.00086757494
Warm A,537296,3311,3310,2380,1435,0,-0.006170901
Warm A,536114,3308,3307,2380,1435,0,0.0020312415
Warm A,539981,3320,3319,2380,1435,0,0.008201905
Warm A,520094,3208,3207,2380,1435,0,0.0068251966
Warm A,515581,3182,3181,2380,1435,1,0.008277833
Warm A,514982,3180,3179,2380,1435,0,0.0007595897
Warm A,566354,3476,3475,2380,1435,0,0.001451226
Warm A,605891,3681,3680,2380,1435,0,0.0039023287
Warm A,502206,3082,3081,2380,1435,0,0.017698683
Warm A,494307,3032,3031,2380,1435,0,0.009790981
Warm A,492839,3029,3028,2380,1435,0,0.0071166274
Warm A,493467,3031,3030,2380,1435,0,0.01885197
Warm A,492118,3026,3025,2380,1435,0,0.0021608472
Warm A,517926,3196,3195,2380,1435,0,0.003902033
Warm A,483971,2976,2975,2380,1435,0,0.004591944
Warm A,697550,4169,4168,2380,1435,0,0.0028962663
Warm A,472715,2907,2906,2380,1435,0,0.0059640324
Warm A,473842,2909,2908,2380,1435,0,-0.0046193744
Warm A,454840,2797,2796,2380,1435,0,0.0022930221
Warm A,451520,2779,2778,2380,1435,0,0.004971194
Warm A,451006,2777,2776,2380,1435,1,-0.0019179045
Warm A,438862,2681,2680,2380,1435,0,0.017449081
Warm A,435134,2658,2657,2380,1435,0,-0.0021129875
Warm A,423213,2565,2564,2380,1435,0,0.00018455787
Warm A,420518,2541,2540,2380,1435,0,0.007318266
Warm A,419844,2537,2536,2380,1435,0,-0.0026589928
Warm A,418805,2529,2528,2380,1435,0,0.0077074636
Warm A,404624,2419,2418,2380,1435,0,0.0045266324
Warm A,414661,2496,2495,2380,1435,0,-0.005390787
Warm A,402398,2402,2401,2380,1435,0,-0.0038750204
Warm A,395377,2335,2334,2380,1435,0,0.010333499
Warm A,392328,2304,2303,2380,1435,1,0.005775237
Warm A,436552,2665,2664,2380,1435,0,0.0023602373
Warm A,355509,2080,2079,2380,1435,0,0.0017842844
Warm A,380867,2225,2224,2380,1435,0,0.009272797
Warm A,341685,2012,2011,2380,1435,0,0.0068295794
Warm A,340763,2010,2009,2380,1435,0,0.009886539
Warm A,315388,1880,1879,2380,1435,0,0.010397056
Warm A,288130,1721,1720,2380,1435,0,0.0051253
Warm A,290954,1736,1735,2380,1435,0,0.005497927
Warm A,291523,1737,1736,2380,1435,0,0.0009606016
Warm A,281335,1687,1686,2380,1435,0,0.0005414898
Warm A,299137,1776,1775,2380,1435,0,0.0029555545
Warm A,286291,1709,1708,2380,1435,0,0.013709495
Warm A,265900,1613,1612,2380,1435,0,0.005277641
Warm A,246913,1491,1490,2380,1435,0,0.011504421
Warm A,227225,1377,1376,2380,1435,0,0.007675127
Warm A,222423,1345,1344,2380,1435,0,0.01107234
Warm A,336102,1980,1979,2380,1435,0,0.02057215
Warm A,277821,1676,1675,2380,1435,0,0.0103835985
Warm A,279541,1680,1679,2380,1435,0,0.013534775
Warm A,308754,1837,1836,2380,1435,0,0.008693347
Warm A,305003,1812,1811,2380,1435,0,0.007132018
Warm A,220881,1339,1338,2380,1435,0,0.000609105
Warm A,307554,1835,1834,2380,1435,0,0.011431117
Warm A,178228,1120,1119,2380,1435,1,0.0071199047
Warm A,328368,1941,1940,2380,1435,0,0.009136416
Warm A,272282,1645,1644,2380,1435,0,0.0102525
Warm A,331747,1958,1957,2380,1435,0,0.010252747
Warm A,161739,1031,1030,2380,1435,0,-0.0003323527
Warm A,342614,2015,2014,2380,1435,1,0.0051786583
Warm A,143030,922,921,2380,1435,0,0.006149079
Warm A,141582,911,910,2380,1435,0,0.011625635
Warm A,135725,877,876,2380,1435,0,0.0059733884
Warm A,134420,869,868,2380,1435,0,0.0090911575
Warm A,973927,5874,5873,2380,1435,0,0.011402205
Warm A,127976,827,826,2380,1435,0,0.016469311
Warm A,125196,803,802,2380,1435,0,0.008657861
Warm A,123942,798,797,2380,1435,0,0.0020803846
Warm A,111512,726,725,2380,1435,0,-0.0010176799
Warm A,263467,1605,1604,2380,1435,0,-0.0001321754
Warm A,104886,695,694,2380,1435,0,0.0011297099
Warm A,234217,1422,1421,2380,1435,0,0.0060084006
Warm A,352056,2063,2062,2380,1435,0,0.008686863
Warm A,93668,628,627,2380,1435,0,0.0019147499
Warm A,89503,589,588,2380,1435,0,0.00976089
Warm A,120493,777,776,2380,1435,0,-0.0025988878
Warm A,83296,549,548,2380,1435,0,0.009489483
Warm A,191150,1181,1180,2380,1435,0,0.00851344
Warm A,101439,676,675,2380,1435,0,-0.001248827
Warm A,119359,770,769,2380,1435,0,0.007567203
Warm A,81779,543,542,2380,1435,1,0.0009789262
Warm A,70472,475,474,2380,1435,1,0.0012967519
Warm A,72170,482,481,2380,1435,0,0.0045223176
Warm A,68793,461,460,2380,1435,0,0.0061287577
Warm A,67503,453,452,2380,1435,0,0.009801624
Warm A,57988,392,391,2380,1435,0,0.011617338
Warm A,44397,302,301,2380,1435,0,0.004054821
Warm A,32892,223,222,2380,1435,1,0.005330692
Warm A,240262,1449,1448,2380,1435,0,0.0058265496
Warm A,25576,181,180,2380,1435,0,-0.0033466737
Warm A,270065,1635,1634,2380,1435,0,0.007930217
Warm A,306231,1824,1823,2380,1435,0,-0.00607293
Warm A,21137,155,154,2380,1435,0,0.0071896426
Warm A,239097,1448,1447,2380,1435,0,0.0033210411
Warm A,15517,123,122,2380,1435,0,0.01587704
Warm A,4794,34,33,2380,1435,0,0.006228079
Warm A,79535,531,530,2380,1435,0,0.0042118756
Warm A,66109,442,441,2380,1435,0,0.01123793
Warm A,230573,1395,1394,2380,1435,0,0.003263601
Warm A,78551,528,527,2380,1435,0,0.0064298455
Warm A,238059,1447,1446,2380,1435,0,0.01950706
Warm A,954337,5761,5760,2380,1435,0,0.008271801
Warm A,326148,1930,1929,2380,1435,0,0.0020407527
Warm A,106173,699,698,2380,1435,0,0.0052262954
Warm A,273087,1647,1646,2380,1435,0,0.0077301506
Warm A,265180,1611,1610,2380,1435,0,-0.0001371596
Warm A,770569,4591,4590,2380,1435,0,0.0035998474
Warm A,329437,1943,1942,2380,1435,0,0.010371692
Warm A,893402,5394,5393,2380,1435,0,0.002576694
Warm A,717957,4302,4301,2380,1435,0,0.0040222984
Warm A,700003,4186,4185,2380,1435,0,0.011177611
Warm A,235090,1425,1424,2380,1435,0,0.0026930259
Warm A,622241,3768,3767,2381,1436,0,2.3026252e-05
Warm A,611903,3709,3708,2381,1436,0,0.01195601
Warm A,720552,4312,4311,2381,1436,0,0.0041577592
Warm A,602976,3669,3668,2381,1436,0,0.007651581
Warm A,598296,3641,3640,2381,1436,0,-3.6003068e-05
Warm A,597406,3632,3631,2381,1436,0,-0.0010911148
Warm A,633409,3824,3823,2381,1436,0,0.009229076
Warm A,596714,3626,3625,2381,1436,0,0.005706629
Warm A,622747,3769,3768,2381,1436,0,0.0024188405
Warm A,577322,3526,3525,2381,1436,0,0.005739177
Warm A,579509,3539,3538,2381,1436,1,0.00030850573
Warm A,572285,3507,3506,2381,1436,0,0.002620162
Warm A,581373,3550,3549,2381,1436,0,0.0053992933
Warm A,570384,3499,3498,2381,1436,0,0.011604758
Warm A,557291,3423,3422,2381,1436,0,0.004227359
Warm A,556948,3422,3421,2381,1436,0,0.009365127
Warm A,550330,3391,3390,2381,1436,0,0.0031000078
Warm A,571142,3503,3502,2381,1436,0,-0.007779934
Warm A,537297,3311,3310,2381,1436,0,0.0015286037
Warm A,536115,3308,3307,2381,1436,0,0.0017555142
Warm A,539982,3320,3319,2381,1436,0,0.011494269
Warm A,531134,3280,3279,2381,1436,0,0.008367511
Warm A,520095,3208,3207,2381,1436,0,0.0012441888
Warm A,514983,3180,3179,2381,1436,0,0.00048246805
Warm A,566356,3476,3475,2381,1436,0,0.006809153
Warm A,502207,3082,3081,2381,1436,0,0.009139633
Warm A,494308,3032,3031,2381,1436,1,-0.003939797
Warm A,492840,3029,3028,2381,1436,0,0.008158876
Warm A,738484,4411,4410,2381,1436,0,0.0064716656
Warm A,493468,3031,3030,2381,1436,0,0.0048752106
Warm A,492119,3026,3025,2381,1436,0,0.0062823333
Warm A,517927,3196,3195,2381,1436,0,0.00026574964
Warm A,483972,2976,2975,2381,1436,0,-0.0036574013
Warm A,697551,4169,4168,2381,1436,0,0.014255837
Warm A,472716,2907,2906,2381,1436,0,0.006249547
Warm A,473844,2909,2908,2381,1436,0,0.008462455
Warm A,451007,2777,2776,2381,1436,1,0.01042127
Warm A,439949,2689,2688,2381,1436,0,0.0007208588
Warm A,438863,2681,2680,2381,1436,0,0.010119371
Warm A,423214,2565,2564,2381,1436,0,0.007513239
Warm A,420519,2541,2540,2381,1436,0,0.0044298605
Warm A,419845,2537,2536,2381,1436,0,0.0074549564
Warm A,418807,2529,2528,2381,1436,0,0.00050301524
Warm A,414663,2496,2495,2381,1436,0,0.0034226216
Warm A,436554,2665,2664,2381,1436,0,0.005514087
Warm A,392330,2304,2303,2381,1436,1,0.0073902784
Warm A,377331,2203,2202,2381,1436,0,0.005086038
Warm A,362186,2110,2109,2381,1436,0,-0.0010897657
Warm A,380868,2225,2224,2381,1436,0,0.0022250805
Warm A,341686,2012,2011,2381,1436,0,0.011605265
Warm A,340765,2010,2009,2381,1436,0,0.0007519799
Warm A,326501,1934,1933,2381,1436,0,0.0072092493
Warm A,290955,1736,1735,2381,1436,0,0.018109407
Warm A,291524,1737,1736,2381,1436,0,0.004959258
Warm A,281336,1687,1686,2381,1436,0,-0.0022241976
Warm A,299138,1776,1775,2381,1436,0,0.0068375384
Warm A,265901,1613,1612,2381,1436,0,0.0046555456
Warm A,227226,1377,1376,2381,1436,0,0.004826247
Warm A,336104,1980,1979,2381,1436,0,0.004462526
Warm A,220882,1339,1338,2381,1436,0,0.006603255
Warm A,277822,1676,1675,2381,1436,0,0.0064964015
Warm A,279544,1680,1679,2381,1436,0,0.0045200186
Warm A,305004,1812,1811,2381,1436,0,0.0061163316
Warm A,192177,1183,1182,2381,1436,0,0.005959322
Warm A,188437,1169,1168,2381,1436,0,0.0036028214
Warm A,307555,1835,1834,2381,1436,0,0.0019531422
Warm A,178229,1120,1119,2381,1436,1,0.0047590984
Warm A,328370,1941,1940,2381,1436,0,0.010605878
Warm A,331748,1958,1957,2381,1436,0,0.0036165644
Warm A,342615,2015,2014,2381,1436,1,0.004954271
Warm A,152321,980,979,2381,1436,0,0.011222728
Warm A,143031,922,921,2381,1436,0,0.005083182
Warm A,141584,911,910,2381,1436,0,0.006942055
Warm A,135727,877,876,2381,1436,0,0.018023817
Warm A,134421,869,868,2381,1436,1,-0.0030055444
Warm A,973928,5874,5873,2381,1436,0,0.005667579
Warm A,272283,1645,1644,2381,1436,0,0.012231633
Warm A,106842,702,701,2381,1436,0,0.004299976
Warm A,263468,1605,1604,2381,1436,0,0.008551806
Warm A,104887,695,694,2381,1436,0,-0.0047914265
Warm A,352058,2063,2062,2381,1436,0,0.004643366
Warm A,120494,777,776,2381,1436,0,0.0038182677
Warm A,83298,549,548,2381,1436,0,0.009416276
Warm A,101440,676,675,2381,1436,0,0.0042470084
Warm A,119360,770,769,2381,1436,0,0.0058966903
Warm A,81780,543,542,2381,1436,1,-0.0013486398
Warm A,73142,494,493,2381,1436,0,0.002430705
Warm A,70473,475,474,2381,1436,0,0.0075229337
Warm A,70849,476,475,2381,1436,0,-0.0072185565
Warm A,67504,453,452,2381,1436,0,0.007822345
Warm A,57990,392,391,2381,1436,0,0.008581209
Warm A,44399,302,301,2381,1436,0,0.010165823
Warm A,626905,3792,3791,2381,1436,0,0.008857679
Warm A,240264,1449,1448,2381,1436,0,0.00990111
Warm A,25578,181,180,2381,1436,0,0.0071981293
Warm A,21138,155,154,2381,1436,0,-0.00064333226
Warm A,270066,1635,1634,2381,1436,0,0.014227935
Warm A,15520,123,122,2381,1436,0,-0.0048127077
Warm A,79536,531,530,2381,1436,1,-0.0012739229
Warm A,66110,442,441,2381,1436,0,0.0066260053
Warm A,230574,1395,1394,2381,1436,0,0.004781304
Warm A,78552,528,527,2381,1436,0,0.009023042
Warm A,954338,5761,5760,2381,1436,0,0.004458313
Warm A,326149,1930,1929,2381,1436,0,0.017414862
Warm A,238060,1447,1446,2381,1436,0,0.005750469
Warm A,106174,699,698,2381,1436,0,0.008133271
Warm A,273088,1647,1646,2381,1436,0,0.0076054446
Warm A,164686,1051,1050,2381,1436,0,0.0060157524
Warm A,265181,1611,1610,2381,1436,0,0.0019521248
Warm A,750682,4478,4477,2381,1436,0,-0.006350981
Warm A,893403,5394,5393,2381,1436,0,0.015442612
Warm A,709972,4258,4257,2381,1436,0,0.009247657
Warm A,558977,3433,3432,2381,1436,0,0.010740613
Warm A,235092,1425,1424,2381,1436,0,0.006316573
Warm A,543122,3343,3342,2382,1437,0,0.0011793184
Warm A,605892,3681,3680,2382,1437,0,0.00803614
Warm A,537299,3311,3310,2382,1437,0,-0.0029855932
Warm A,536117,3308,3307,2382,1437,0,0.0053631095
Warm A,539983,3320,3319,2382,1437,0,0.00012404053
Warm A,531136,3280,3279,2382,1437,0,0.008441755
Warm A,520096,3208,3207,2382,1437,0,-0.0051923348
Warm A,515582,3182,3181,2382,1437,0,0.0030221182
Warm A,514984,3180,3179,2382,1437,0,0.0049368865
Warm A,566357,3476,3475,2382,1437,0,0.011026388
Warm A,574833,3518,3517,2382,1437,0,0.006289579
Warm A,502944,3087,3086,2382,1437,0,0.002202757
Warm A,492841,3029,3028,2382,1437,0,0.00689061
Warm A,738485,4411,4410,2382,1437,1,0.002499443
Warm A,492120,3026,3025,2382,1437,0,0.0037893432
Warm A,473846,2909,2908,2382,1437,0,0.0119443275
Warm A,487124,2996,2995,2382,1437,0,-0.0006426885
Warm A,451008,2777,2776,2382,1437,1,0.0032769935
Warm A,450330,2776,2775,2382,1437,0,0.0034636986
Warm A,438864,2681,2680,2382,1437,0,0.012266567
Warm A,423215,2565,2564,2382,1437,0,-0.002204151
Warm A,420520,2541,2540,2382,1437,0,-0.00298054
Warm A,415547,2503,2502,2382,1437,0,0.011482885
Warm A,414665,2496,2495,2382,1437,0,0.005554072
Warm A,390314,2289,2288,2382,1437,0,0.0056032296
Warm A,380869,2225,2224,2382,1437,0,0.0086338185
Warm A,341688,2012,2011,2382,1437,0,0.006784884
Warm A,340767,2010,2009,2382,1437,0,-0.0030395328
Warm A,290956,1736,1735,2382,1437,0,0.011828736
Warm A,291525,1737,1736,2382,1437,0,-0.005999116
Warm A,281337,1687,1686,2382,1437,0,0.0025793822
Warm A,286292,1709,1708,2382,1437,0,0.00035151606
Warm A,436556,2665,2664,2382,1437,0,0.017145876
Warm A,265902,1613,1612,2382,1437,0,0.0005962339
Warm A,246915,1491,1490,2382,1437,0,0.015837656
Warm A,220883,1339,1338,2382,1437,0,0.0069413306
Warm A,215804,1307,1306,2382,1437,1,0.00747745
Warm A,277823,1676,1675,2382,1437,0,0.0061561223
Warm A,279546,1680,1679,2382,1437,0,0.008720849
Warm A,213558,1298,1297,2382,1437,0,0.008953163
Warm A,308756,1837,1836,2382,1437,0,0.011543785
Warm A,305006,1812,1811,2382,1437,0,0.013909098
Warm A,307556,1835,1834,2382,1437,0,0.008150293
Warm A,178231,1120,1119,2382,1437,1,0.0017735971
Warm A,328372,1941,1940,2382,1437,0,0.0068763094
Warm A,272284,1645,1644,2382,1437,0,-0.0022690706
Warm A,342616,2015,2014,2382,1437,1,0.015780725
Warm A,143032,922,921,2382,1437,0,-0.0018160578
Warm A,141586,911,910,2382,1437,0,0.015349733
Warm A,135729,877,876,2382,1437,0,-0.00023370609
Warm A,134422,869,868,2382,1437,1,0.008669951
Warm A,973929,5874,5873,2382,1437,0,0.017068058
Warm A,122427,790,789,2382,1437,0,-0.00036357995
Warm A,263469,1605,1604,2382,1437,0,0.0040861377
Warm A,104888,695,694,2382,1437,0,0.010391753
Warm A,352059,2063,2062,2382,1437,0,0.0033915627
Warm A,120495,777,776,2382,1437,0,0.0032883042
Warm A,83300,549,548,2382,1437,0,0.010396851
Warm A,119361,770,769,2382,1437,0,0.0074826144
Warm A,81781,543,542,2382,1437,0,0.0089461375
Warm A,70475,475,474,2382,1437,0,0.0057128277
Warm A,68796,461,460,2382,1437,0,0.008590669
Warm A,67505,453,452,2382,1437,0,0.010489846
Warm A,44401,302,301,2382,1437,0,0.004016404
Warm A,363190,2116,2115,2382,1437,0,0.004034288
Warm A,626906,3792,3791,2382,1437,0,0.0036911373
Warm A,240265,1449,1448,2382,1437,0,0.011558024
Warm A,270067,1635,1634,2382,1437,0,0.004885948
Warm A,15522,123,122,2382,1437,0,-0.00018004654
Warm A,4796,34,33,2382,1437,0,0.0030688124
Warm A,79537,531,530,2382,1437,1,0.0039611896
Warm A,66111,442,441,2382,1437,0,0.005246111
Warm A,481920,2962,2961,2382,1437,0,0.005032571
Warm A,230576,1395,1394,2382,1437,0,0.012436166
Warm A,78553,528,527,2382,1437,0,0.014633704
Warm A,552481,3401,3400,2382,1437,0,0.016068079
Warm A,238061,1447,1446,2382,1437,0,0.014130516
Warm A,954339,5761,5760,2382,1437,0,0.00930154
Warm A,326150,1930,1929,2382,1437,0,0.00515387
Warm A,299140,1776,1775,2382,1437,0,0.0013209335
Warm A,572901,3509,3508,2382,1437,0,0.00021240395
Warm A,106176,699,698,2382,1437,0,0.008368501
Warm A,273089,1647,1646,2382,1437,0,0.003048805
Warm A,164687,1051,1050,2382,1437,0,0.0040890714
Warm A,265182,1611,1610,2382,1437,0,0.0025762387
Warm A,760387,4517,4516,2382,1437,0,0.0003800725
Warm A,329438,1943,1942,2382,1437,0,0.015179597
Warm A,893404,5394,5393,2382,1437,0,0.017076472
Warm A,331749,1958,1957,2382,1437,0,0.014670478
Warm A,193763,1194,1193,2382,1437,0,0.009728893
Warm A,571148,3503,3502,2383,1438,0,0.009249521
Warm A,537302,3311,3310,2383,1438,0,0.0054168324
Warm A,536121,3308,3307,2383,1438,0,0.009437987
Warm A,539986,3320,3319,2383,1438,0,0.0057033
Warm A,531141,3280,3279,2383,1438,0,0.007152891
Warm A,515587,3182,3181,2383,1438,0,0.0025622237
Warm A,514987,3180,3179,2383,1438,0,0.0046442365
Warm A,566361,3476,3475,2383,1438,0,0.005000132
Warm A,574836,3518,3517,2383,1438,0,0.010534692
Warm A,494313,3032,3031,2383,1438,0,0.0026593294
Warm A,492845,3029,3028,2383,1438,0,0.0028153176
Warm A,738487,4411,4410,2383,1438,0,0.0035566066
Warm A,492122,3026,3025,2383,1438,0,0.012803402
Warm A,487489,2998,2997,2383,1438,0,0.0068862913
Warm A,481033,2954,2953,2383,1438,0,0.007829233
Warm A,473851,2909,2908,2383,1438,0,0.0046041734
Warm A,460349,2840,2839,2383,1438,0,0.0073234383
Warm A,487127,2996,2995,2383,1438,0,0.0027233167
Warm A,451012,2777,2776,2383,1438,1,0.012135643
Warm A,450333,2776,2775,2383,1438,0,0.009026014
Warm A,438866,2681,2680,2383,1438,0,0.0051272875
Warm A,420522,2541,2540,2383,1438,0,-0.0030995577
Warm A,415548,2503,2502,2383,1438,0,0.004796982
Warm A,414669,2496,2495,2383,1438,0,0.013742996
Warm A,378426,2208,2207,2383,1438,0,0.011525888
Warm A,380872,2225,2224,2383,1438,0,0.0014737926
Warm A,341692,2012,2011,2383,1438,0,0.006895883
Warm A,340772,2010,2009,2383,1438,0,0.01765734
Warm A,290957,1736,1735,2383,1438,0,0.004765125
Warm A,291528,1737,1736,2383,1438,0,0.017145872
Warm A,281340,1687,1686,2383,1438,0,0.010182017
Warm A,286294,1709,1708,2383,1438,0,0.0026256156
Warm A,436561,2665,2664,2383,1438,0,0.005149758
Warm A,265905,1613,1612,2383,1438,0,0.0123277325
Warm A,321350,1904,1903,2383,1438,0,0.00661075
Warm A,227229,1377,1376,2383,1438,0,0.010754997
Warm A,212321,1293,1292,2383,1438,0,-0.0060560084
Warm A,277826,1676,1675,2383,1438,0,0.007259245
Warm A,244078,1470,1469,2383,1438,0,0.017585445
Warm A,279552,1680,1679,2383,1438,0,0.01640763
Warm A,308760,1837,1836,2383,1438,0,0.016887462
Warm A,305010,1812,1811,2383,1438,0,0.015892627
Warm A,186390,1152,1151,2383,1438,0,-0.00020975433
Warm A,299143,1776,1775,2383,1438,0,0.0135908695
Warm A,220886,1339,1338,2383,1438,0,0.008198304
Warm A,307560,1835,1834,2383,1438,0,0.00756938
Warm A,178236,1120,1119,2383,1438,0,0.005989869
Warm A,328376,1941,1940,2383,1438,0,0.005953313
Warm A,342621,2015,2014,2383,1438,0,0.006266982
Warm A,144209,929,928,2383,1438,0,0.020098098
Warm A,143035,922,921,2383,1438,0,0.015402706
Warm A,141590,911,910,2383,1438,0,0.008952316
Warm A,135732,877,876,2383,1438,0,0.011375322
Warm A,134426,869,868,2383,1438,1,0.0030802498
Warm A,973931,5874,5873,2383,1438,0,0.015046761
Warm A,123944,798,797,2383,1438,0,0.019690597
Warm A,111897,728,727,2383,1438,0,-0.01187415
Warm A,104892,695,694,2383,1438,0,-0.005130051
Warm A,352063,2063,2062,2383,1438,0,0.011125852
Warm A,83305,549,548,2383,1438,0,0.006000004
Warm A,101443,676,675,2383,1438,0,-0.00082629174
Warm A,119365,770,769,2383,1438,0,0.0062638717
Warm A,81786,543,542,2383,1438,0,0.006696812
Warm A,70478,475,474,2383,1438,0,0.0013961981
Warm A,68800,461,460,2383,1438,0,0.0086623775
Warm A,44407,302,301,2383,1438,0,0.020411316
Warm A,42747,293,292,2383,1438,0,0.002678143
Warm A,626911,3792,3791,2383,1438,0,0.0061748037
Warm A,31986,216,215,2383,1438,0,-0.00033959793
Warm A,21141,155,154,2383,1438,0,0.016754573
Warm A,15527,123,122,2383,1438,0,0.0070823585
Warm A,4797,34,33,2383,1438,0,0.0031161546
Warm A,79541,531,530,2383,1438,0,0.008466966
Warm A,66115,442,441,2383,1438,0,0.01031364
Warm A,230580,1395,1394,2383,1438,0,0.0069635087
Warm A,78556,528,527,2383,1438,0,0.01082915
Warm A,552485,3401,3400,2383,1438,0,0.010779899
Warm A,238066,1447,1446,2383,1438,0,0.018417275
Warm A,954340,5761,5760,2383,1438,0,0.011698542
Warm A,326152,1930,1929,2383,1438,0,-0.0015480155
Warm A,240270,1449,1448,2383,1438,0,0.008885449
Warm A,106181,699,698,2383,1438,0,0.0023254964
Warm A,273093,1647,1646,2383,1438,0,0.009909155
Warm A,265187,1611,1610,2383,1438,0,0.002354193
Warm A,272286,1645,1644,2383,1438,0,0.006619652
Warm A,760389,4517,4516,2383,1438,0,0.01812014
Warm A,329441,1943,1942,2383,1438,0,0.011658223
Warm A,893405,5394,5393,2383,1438,0,0.012258203
Warm A,331754,1958,1957,2383,1438,0,0.005357209
Warm A,522735,3224,3223,2385,1440,0,0.0032745195
Warm A,517032,3191,3190,2385,1440,0,-0.006038654
Warm A,785508,4691,4690,2385,1440,0,0.0019906415
Warm A,738488,4411,4410,2385,1440,0,-0.001760806
Warm A,523507,3227,3226,2385,1440,0,0.0027542077
Warm A,502948,3087,3086,2385,1440,0,0.008831597
Warm A,499560,3067,3066,2385,1440,0,0.0019749203
Warm A,494318,3032,3031,2385,1440,0,0.0033885122
Warm A,492123,3026,3025,2385,1440,0,-0.00039040693
Warm A,488725,3007,3006,2385,1440,0,-0.00255841
Warm A,493472,3031,3030,2385,1440,1,0.0040723616
Warm A,483975,2976,2975,2385,1440,0,-0.0058049792
Warm A,482387,2966,2965,2385,1440,0,0.0013878464
Warm A,478162,2934,2933,2385,1440,0,0.0021331054
Warm A,466938,2878,2877,2385,1440,0,0.0069388794
Warm A,456530,2810,2809,2385,1440,0,0.008194419
Warm A,564554,3471,3470,2385,1440,0,0.0022701242
Warm A,420523,2541,2540,2385,1440,0,-0.0047937585
Warm A,463786,2858,2857,2385,1440,1,0.013928521
Warm A,400463,2383,2382,2385,1440,0,-0.0011999671
Warm A,399556,2378,2377,2385,1440,0,0.0055978755
Warm A,384383,2245,2244,2385,1440,0,0.00077920104
Warm A,377336,2203,2202,2385,1440,0,0.007792149
Warm A,364858,2124,2123,2385,1440,1,0.0021894607
Warm A,363198,2116,2115,2385,1440,1,-0.0017156673
Warm A,352068,2063,2062,2385,1440,0,0.000114661234
Warm A,341694,2012,2011,2385,1440,0,0.0019993056
Warm A,340776,2010,2009,2385,1440,0,-0.00017419597
Warm A,280500,1683,1682,2385,1440,0,0.0021325639
Warm A,297609,1764,1763,2385,1440,1,0.005058548
Warm A,268572,1631,1630,2385,1440,0,-0.0015170793
Warm A,224246,1356,1355,2385,1440,0,0.0015783974
Warm A,336111,1980,1979,2385,1440,0,0.007895279
Warm A,223650,1354,1353,2385,1440,0,-0.00037736935
Warm A,277828,1676,1675,2385,1440,0,-0.00613685
Warm A,273095,1647,1646,2385,1440,0,0.00628376
Warm A,205925,1264,1263,2385,1440,0,0.0010265581
Warm A,279560,1680,1679,2385,1440,0,0.0061093243
Warm A,305012,1812,1811,2385,1440,1,-0.0012717772
Warm A,236440,1434,1433,2385,1440,0,0.002756135
Warm A,189044,1172,1171,2385,1440,0,-0.0021751767
Warm A,331758,1958,1957,2385,1440,0,0.0056821518
Warm A,172660,1094,1093,2385,1440,0,0.003292552
Warm A,172929,1096,1095,2385,1440,0,-0.0068997545
Warm A,169832,1078,1077,2385,1440,1,0.004957321
Warm A,167948,1068,1067,2385,1440,0,-0.00011357735
Warm A,328380,1941,1940,2385,1440,0,-0.0035833924
Warm A,189427,1173,1172,2385,1440,0,0.0018888542
Warm A,149263,960,959,2385,1440,0,-0.0012719724
Warm A,138527,889,888,2385,1440,0,0.005201059
Warm A,136722,881,880,2385,1440,0,0.0050283447
Warm A,134429,869,868,2385,1440,1,-0.0025509847
Warm A,131248,850,849,2385,1440,1,0.006935118
Warm A,128050,828,827,2385,1440,0,0.0033071435
Warm A,360927,2106,2105,2385,1440,0,0.0067876503
Warm A,111514,726,725,2385,1440,0,-0.0073828516
Warm A,235098,1425,1424,2385,1440,0,0.0010080608
Warm A,191160,1181,1180,2385,1440,0,-0.00090503367
Warm A,83311,549,548,2385,1440,0,0.00062336447
Warm A,84325,550,549,2385,1440,0,0.007842967
Warm A,116387,752,751,2385,1440,0,-0.0041159606
Warm A,76742,520,519,2385,1440,0,0.0032022444
Warm A,58509,396,395,2385,1440,0,0.0043389606
Warm A,155424,1001,1000,2385,1440,0,-0.0001725764
Warm A,50072,331,330,2385,1440,0,0.005686005
Warm A,47396,319,318,2385,1440,0,0.0022145815
Warm A,49332,329,328,2385,1440,0,0.008526236
Warm A,46429,310,309,2385,1440,1,-0.00057501555
Warm A,538038,3312,3311,2385,1440,0,0.0058903536
Warm A,37371,255,254,2385,1440,1,-0.0036553133
Warm A,300005,1779,1778,2385,1440,0,0.003799396
Warm A,6413,45,44,2385,1440,0,-0.008716259
Warm A,4982,35,34,2385,1440,1,-0.0024503574
Warm A,79546,531,530,2385,1440,0,0.0017795558
Warm A,158399,1015,1014,2385,1440,0,0.00036892458
Warm A,626914,3792,3791,2385,1440,0,-0.004704009
Warm A,750684,4478,4477,2385,1440,0,-0.005223199
Warm A,907849,5492,5491,2385,1440,0,0.0026097954
Warm A,195586,1203,1202,2385,1440,0,0.0033458702
Warm A,562685,3462,3461,2385,1440,1,-0.010506725
Warm A,507825,3125,3124,2385,1440,0,0.004384127
Warm A,171831,1088,1087,2385,1440,0,-0.009571239
Warm A,832036,5001,5000,2385,1440,1,-0.00042837748
Warm A,178698,1121,1120,2385,1440,1,0.004963663
Warm A,941759,5682,5681,2385,1440,0,0.00064059417
Warm A,790818,4728,4727,2385,1440,0,8.142344e-05
Warm A,314967,1880,1879,2417,1467,0,0.0146307
Warm A,112280,731,730,2417,1467,1,0.019009499
Warm A,97703,655,654,2417,1467,0,0.01798361
Warm A,87851,577,576,2417,1467,0,0.011616522
Warm A,190436,1181,1180,2417,1467,0,0.015768655
Warm A,239703,1449,1448,2417,1467,0,0.021345746
Warm A,47302,319,318,2417,1467,0,0.008063183
Warm A,638902,3842,3841,2417,1467,0,0.008824855
Warm A,42068,285,284,2417,1467,0,0.009987165
Warm A,6342,45,44,2417,1467,0,-0.00031560916
Warm A,211994,1291,1290,2417,1467,0,0.016461696
Warm A,335501,1980,1979,2417,1467,0,0.02511651
Warm A,276053,1671,1670,2417,1467,1,0.016535442
Warm A,974215,5878,5877,2417,1467,0,0.01287551
Warm A,376620,2198,2197,2418,1468,0,-0.007786096
Warm A,358056,2096,2095,2418,1468,0,0.006271028
Warm A,343976,2020,2019,2418,1468,0,0.0076553477
Warm A,380709,2225,2224,2418,1468,0,0.0066859704
Warm A,298515,1770,1769,2418,1468,0,0.0047301115
Warm A,280423,1683,1682,2418,1468,0,0.0058650966
Warm A,350639,2059,2058,2418,1468,1,0.0054829605
Warm A,231573,1404,1403,2418,1468,1,0.0027059915
Warm A,335504,1980,1979,2418,1468,0,0.0022865543
Warm A,307918,1836,1835,2418,1468,1,-0.0018405458
Warm A,278675,1680,1679,2418,1468,1,0.0022449535
Warm A,220791,1339,1338,2418,1468,0,0.0033048461
Warm A,184902,1150,1149,2418,1468,0,0.004352579
Warm A,331323,1958,1957,2418,1468,0,0.0054245475
Warm A,319887,1899,1898,2418,1468,1,0.0010984095
Warm A,164276,1051,1050,2418,1468,0,-0.0014591978
Warm A,143608,927,926,2418,1468,1,0.00078811
Warm A,156554,1010,1009,2418,1468,0,0.0013153921
Warm A,137808,889,888,2418,1468,0,0.00058856513
Warm A,159836,1019,1018,2418,1468,0,0.00058567757
Warm A,124751,802,801,2418,1468,1,0.002445933
Warm A,210607,1285,1284,2418,1468,1,0.016813535
Warm A,239705,1449,1448,2418,1468,0,-0.0036843363
Warm A,112281,731,730,2418,1468,1,0.005826963
Warm A,106644,702,701,2418,1468,1,0.007312808
Warm A,267110,1624,1623,2418,1468,1,0.0063353986
Warm A,233905,1422,1421,2418,1468,1,0.0058007883
Warm A,304673,1812,1811,2418,1468,0,0.01011504
Warm A,228016,1383,1382,2418,1468,0,0.011907348
Warm A,190438,1181,1180,2418,1468,0,0.0070280796
Warm A,82771,549,548,2418,1468,1,0.008413542
Warm A,83892,550,549,2418,1468,0,-0.003032483
Warm A,36303,245,244,2418,1468,0,0.005070689
Warm A,21477,157,156,2418,1468,0,0.005281782
Warm A,238607,1448,1447,2418,1468,0,0.005809669
Warm A,15453,123,122,2418,1468,1,0.006140017
Warm A,11741,91,90,2418,1468,1,0.005705251
Warm A,882808,5333,5332,2418,1468,0,-0.004944406
Warm A,5224,36,35,2418,1468,1,0.0017672165
Warm A,3600,26,25,2418,1468,0,0.0120778065
Warm A,60576,411,410,2418,1468,0,0.0073535778
Warm A,892813,5394,5393,2418,1468,0,0.008584303
Warm A,27966,195,194,2418,1468,1,0.013815127
Warm A,237629,1447,1446,2418,1468,0,0.0073095667
Warm A,144763,934,933,2418,1468,0,0.0058375914
Warm A,464026,2860,2859,2418,1468,0,-0.005080114
Warm A,157790,1015,1014,2418,1468,1,0.0005658597
Warm A,712732,4277,4276,2418,1468,1,0.0025642717
Warm A,561453,3454,3453,2418,1468,0,0.006677663
Warm A,549774,3391,3390,2418,1468,0,-0.009074094
Warm A,47304,319,318,2419,1469,0,0.0036447959
Warm A,110586,721,720,2419,1469,0,0.011649506
Warm A,276054,1671,1670,2419,1469,1,-0.00067611795
Warm A,3021,23,22,2419,1469,0,0.00578895
Warm A,481625,2962,2961,2419,1469,0,0.0073820744
Warm A,140616,904,903,2419,1469,1,0.00051470497
Warm A,101967,678,677,2419,1469,1,0.007867513
Warm A,25982,184,183,2419,1469,1,0.0037556246
Warm A,413139,2485,2484,2419,1469,1,-0.0028668477
Warm A,603999,3675,3674,2429,1477,0,0.007908506
Warm A,602792,3669,3668,2429,1477,0,0.012999865
Warm A,602631,3667,3666,2429,1477,1,0.011444501
Warm A,636139,3834,3833,2429,1477,1,-0.00011693733
Warm A,712754,4277,4276,2429,1477,1,0.011751901
Warm A,596334,3626,3625,2429,1477,1,0.00033971737
Warm A,590047,3600,3599,2429,1477,0,-0.0013615345
Warm A,585542,3576,3575,2429,1477,0,0.007261134
Warm A,758390,4510,4509,2429,1477,0,0.007552869
Warm A,568987,3491,3490,2429,1477,1,0.009499304
Warm A,555646,3416,3415,2429,1477,1,0.0038321777
Warm A,549420,3390,3389,2429,1477,0,-0.0020945228
Warm A,548889,3389,3388,2429,1477,0,0.004736971
Warm A,576889,3526,3525,2429,1477,0,0.00079401955
Warm A,542017,3336,3335,2429,1477,0,0.0046231598
Warm A,539752,3320,3319,2429,1477,0,0.003506371
Warm A,519033,3202,3201,2429,1477,0,0.012793126
Warm A,521354,3217,3216,2429,1477,1,-0.0035383175
Warm A,527256,3261,3260,2429,1477,0,0.010147873
Warm A,509359,3137,3136,2429,1477,0,0.001538957
Warm A,508138,3128,3127,2429,1477,0,0.00024865335
Warm A,505028,3108,3107,2429,1477,0,0.008537757
Warm A,502816,3087,3086,2429,1477,0,0.0021756617
Warm A,493827,3032,3031,2429,1477,1,0.007149961
Warm A,489124,3012,3011,2429,1477,0,0.0040576938
Warm A,487549,2999,2998,2429,1477,0,-0.0040498795
Warm A,477880,2934,2933,2429,1477,1,0.0056869453
Warm A,472350,2907,2906,2429,1477,0,0.0077450406
Warm A,468263,2887,2886,2429,1477,0,-0.00073816266
Warm A,646550,3892,3891,2429,1477,0,0.0011735959
Warm A,486904,2996,2995,2429,1477,0,-0.0014160483
Warm A,456340,2810,2809,2429,1477,0,0.0028317617
Warm A,453518,2793,2792,2429,1477,1,0.005577272
Warm A,447823,2761,2760,2429,1477,0,0.0044450164
Warm A,444520,2743,2742,2429,1477,0,0.010325637
Warm A,564183,3471,3470,2429,1477,0,0.007100479
Warm A,418472,2529,2528,2429,1477,1,0.0105227465
Warm A,398692,2374,2373,2429,1477,1,0.0039768834
Warm A,391950,2304,2303,2429,1477,0,0.0046884585
Warm A,373840,2181,2180,2429,1477,0,-0.00024835044
Warm A,369780,2164,2163,2429,1477,1,0.0057092677
Warm A,367425,2145,2144,2429,1477,1,8.4279105e-05
Warm A,356268,2088,2087,2429,1477,1,0.0015036083
Warm A,340445,2010,2009,2429,1477,0,0.0030999472
Warm A,318292,1891,1890,2429,1477,0,0.0055284514
Warm A,266224,1614,1613,2429,1477,0,0.007833825
Warm A,263862,1606,1605,2429,1477,0,-0.006312065
Warm A,258907,1586,1585,2429,1477,0,0.010088636
Warm A,247285,1495,1494,2429,1477,0,-0.0030768113
Warm A,225700,1367,1366,2429,1477,0,0.0008573546
Warm A,335527,1980,1979,2429,1477,0,0.02180796
Warm A,325228,1926,1925,2429,1477,1,0.0047758324
Warm A,565411,3475,3474,2429,1477,0,0.0044354904
Warm A,278704,1680,1679,2429,1477,0,0.007911306
Warm A,196327,1207,1206,2429,1477,0,0.001736745
Warm A,293096,1746,1745,2429,1477,1,0.009313306
Warm A,327669,1941,1940,2429,1477,1,0.006320999
Warm A,331340,1958,1957,2429,1477,0,0.0027561865
Warm A,186319,1152,1151,2429,1477,0,0.00082232873
Warm A,307221,1835,1834,2429,1477,1,0.0013469425
Warm A,308397,1837,1836,2429,1477,0,0.0030428572
Warm A,177452,1119,1118,2429,1477,0,0.0007568938
Warm A,179436,1125,1124,2429,1477,1,0.0031770354
Warm A,173520,1100,1099,2429,1477,0,0.00061640376
Warm A,248670,1501,1500,2429,1477,0,0.0004842407
Warm A,168242,1069,1068,2429,1477,0,-0.0033869615
Warm A,229168,1389,1388,2429,1477,0,0.005219245
Warm A,162192,1034,1033,2429,1477,0,0.00026390265
Warm A,246188,1489,1488,2429,1477,0,-0.0014672952
Warm A,136297,881,880,2429,1477,0,0.004136769
Warm A,239722,1449,1448,2429,1477,0,0.013813136
Warm A,121001,780,779,2429,1477,1,0.004750674
Warm A,216370,1314,1313,2429,1477,0,0.003641411
Warm A,118259,765,764,2429,1477,1,0.0033967248
Warm A,98600,660,659,2429,1477,0,0.01325894
Warm A,97712,655,654,2429,1477,0,0.0033434695
Warm A,332491,1962,1961,2429,1477,0,0.002051347
Warm A,291162,1737,1736,2429,1477,1,0.005125791
Warm A,82792,549,548,2429,1477,1,0.010635411
Warm A,233916,1422,1421,2429,1477,0,-0.00069735735
Warm A,83906,550,549,2429,1477,0,0.002155244
Warm A,77224,524,523,2429,1477,0,0.00562462
Warm A,70370,475,474,2429,1477,0,0.0022114478
Warm A,74612,509,508,2429,1477,0,0.008140109
Warm A,110604,721,720,2429,1477,1,0.0014554807
Warm A,44338,302,301,2429,1477,0,-0.007350268
Warm A,187907,1165,1164,2429,1477,0,7.4796844e-06
Warm A,695861,4169,4168,2429,1477,0,0.0133477235
Warm A,39497,268,267,2429,1477,1,0.0026010824
Warm A,36329,245,244,2429,1477,0,0.013911808
Warm A,29097,199,198,2429,1477,0,-0.0052817278
Warm A,299941,1779,1778,2429,1477,0,-4.7233887e-05
Warm A,86486,566,565,2429,1477,0,0.010223403
Warm A,15009,119,118,2429,1477,0,0.012776086
Warm A,15470,123,122,2429,1477,0,-0.00035197963
Warm A,10473,75,74,2429,1477,1,-0.00018059788
Warm A,27994,195,194,2429,1477,1,0.0070180553
Warm A,30423,204,203,2429,1477,0,0.0032115157
Warm A,3622,26,25,2429,1477,0,-0.0023470279
Warm A,49256,329,328,2429,1477,0,0.006442876
Warm A,594,8,7,2429,1477,0,0.0018265756
Warm A,78288,528,527,2429,1477,0,-0.0016973531
Warm A,385979,2258,2257,2429,1477,0,0.00013454293
Warm A,18626,146,145,2429,1477,0,-0.003167929
Warm A,65195,438,437,2429,1477,0,0.0054021403
Warm A,237646,1447,1446,2429,1477,0,0.0036677998
Warm A,164292,1051,1050,2429,1477,0,0.009551857
Warm A,101980,678,677,2429,1477,1,0.00066238653
Warm A,171304,1088,1087,2429,1477,1,0.008341458
Warm A,144771,934,933,2429,1477,0,0.0005634646
Warm A,599062,3648,3647,2429,1477,0,0.0062512457
Warm A,907568,5492,5491,2429,1477,0,0.0067653432
Warm A,139126,890,889,2429,1477,1,0.011275706
Warm A,393940,2321,2320,2429,1477,0,0.0066302447
Warm A,958768,5787,5786,2429,1477,0,0.013601504
Warm A,628514,3807,3806,2429,1477,1,-0.0020892802
Warm A,216823,1317,1316,2429,1477,0,0.01403751
Warm A,300199,1780,1779,2429,1477,0,0.008524171
Warm A,484563,2985,2984,2429,1477,0,-0.002128201
Warm A,877375,5302,5301,2429,1477,0,0.009311807
Warm A,585549,3576,3575,2430,1478,0,0.017574294
Warm A,582391,3558,3557,2430,1478,0,0.013189061
Warm A,744719,4448,4447,2430,1478,1,0.010250136
Warm A,593434,3618,3617,2430,1478,0,0.006095607
Warm A,695881,4169,4168,2430,1478,1,0.019985752
Warm A,548892,3389,3388,2430,1478,0,0.005601312
Warm A,512622,3163,3162,2430,1478,0,-0.00012573646
Warm A,566043,3476,3475,2430,1478,0,0.015419453
Warm A,508140,3128,3127,2430,1478,0,0.006329176
Warm A,505034,3108,3107,2430,1478,0,0.014750121
Warm A,493833,3032,3031,2430,1478,1,0.007639131
Warm A,477885,2934,2933,2430,1478,1,0.01044905
Warm A,712764,4277,4276,2430,1478,1,0.012064609
Warm A,463076,2857,2856,2430,1478,0,0.014361606
Warm A,453527,2793,2792,2430,1478,0,0.01081704
Warm A,444934,2744,2743,2430,1478,0,0.0030801871
Warm A,564189,3471,3470,2430,1478,0,0.014005775
Warm A,418481,2529,2528,2430,1478,1,-0.003922565
Warm A,414006,2491,2490,2430,1478,0,-0.0012516561
Warm A,406725,2443,2442,2430,1478,0,0.011329355
Warm A,398186,2368,2367,2430,1478,1,0.011582612
Warm A,379393,2218,2217,2430,1478,1,-0.0022346363
Warm A,380146,2223,2222,2430,1478,0,0.014985883
Warm A,377692,2205,2204,2430,1478,0,0.002862886
Warm A,381549,2231,2230,2430,1478,1,0.010912666
Warm A,373848,2181,2180,2430,1478,1,0.0056950157
Warm A,369784,2164,2163,2430,1478,1,0.017310124
Warm A,364097,2121,2120,2430,1478,0,0.0022294356
Warm A,364595,2124,2123,2430,1478,1,0.01642138
Warm A,358192,2097,2096,2430,1478,0,0.009324648
Warm A,387477,2265,2264,2430,1478,0,0.004762455
Warm A,356271,2088,2087,2430,1478,1,0.010041871
Warm A,352913,2067,2066,2430,1478,0,-0.005696823
Warm A,318294,1891,1890,2430,1478,1,0.009241225
Warm A,278722,1680,1679,2430,1478,1,0.014039544
Warm A,258913,1586,1585,2430,1478,0,0.018133273
Warm A,350650,2059,2058,2430,1478,0,-0.0070432746
Warm A,247287,1495,1494,2430,1478,0,-0.00062531885
Warm A,325233,1926,1925,2430,1478,1,0.011221145
Warm A,220574,1337,1336,2430,1478,0,-0.0038854182
Warm A,208628,1274,1273,2430,1478,0,0.008845572
Warm A,203412,1247,1246,2430,1478,0,0.0050122
Warm A,293100,1746,1745,2430,1478,0,0.011802446
Warm A,269748,1635,1634,2430,1478,1,0.017854257
Warm A,327683,1941,1940,2430,1478,1,0.008137013
Warm A,180172,1128,1127,2430,1478,1,0.0118133575
Warm A,173524,1100,1099,2430,1478,0,0.005574617
Warm A,172596,1094,1093,2430,1478,0,0.0017285194
Warm A,248676,1501,1500,2430,1478,0,0.004161775
Warm A,159111,1017,1016,2430,1478,1,0.005517305
Warm A,137864,889,888,2430,1478,0,0.014938211
Warm A,131008,850,849,2430,1478,1,0.008835561
Warm A,110297,720,719,2430,1478,0,-0.0014716368
Warm A,216372,1314,1313,2430,1478,0,0.0025012693
Warm A,102816,679,678,2430,1478,1,0.005972524
Warm A,97716,655,654,2430,1478,0,0.014973935
Warm A,96915,651,650,2430,1478,1,0.013060406
Warm A,316642,1884,1883,2430,1478,1,0.0060180915
Warm A,94457,634,633,2430,1478,1,0.00095255836
Warm A,93740,629,628,2430,1478,1,0.0001769634
Warm A,152876,984,983,2430,1478,1,0.0010714205
Warm A,82805,549,548,2430,1478,0,0.014324024
Warm A,198121,1218,1217,2430,1478,0,0.011555411
Warm A,83915,550,549,2430,1478,0,0.020519834
Warm A,70664,476,475,2430,1478,1,-0.0019019861
Warm A,605130,3679,3678,2430,1478,1,0.0025288165
Warm A,187908,1165,1164,2430,1478,0,0.00072992605
Warm A,36341,245,244,2430,1478,0,0.021267489
Warm A,31913,216,215,2430,1478,0,0.004780216
Warm A,29103,199,198,2430,1478,0,0.0050623408
Warm A,86496,566,565,2430,1478,0,0.006259097
Warm A,18635,146,145,2430,1478,0,0.012000019
Warm A,10478,75,74,2430,1478,1,-0.0060824463
Warm A,591777,3610,3609,2430,1478,0,0.0032251216
Warm A,5645,40,39,2430,1478,1,0.0014802028
Warm A,958771,5787,5786,2430,1478,0,0.008448264
Warm A,11906,92,91,2430,1478,0,0.014830527
Warm A,171319,1088,1087,2430,1478,1,0.008191845
Warm A,50599,333,332,2430,1478,0,0.010701224
Warm A,335537,1980,1979,2430,1478,0,0.0067577115
Warm A,285164,1701,1700,2430,1478,1,0.011553803
Warm A,657419,3963,3962,2430,1478,0,0.014381692
Warm A,339103,1998,1997,2430,1478,0,0.011277085
Warm A,857804,5156,5155,2430,1478,1,0.00051798834
Warm A,472361,2907,2906,2432,1480,0,0.008105398
Warm A,470316,2896,2895,2432,1480,0,0.00043600227
Warm A,468081,2886,2885,2432,1480,0,-0.0016359946
Warm A,467599,2882,2881,2432,1480,1,0.007364841
Warm A,456345,2810,2809,2432,1480,0,0.0058952775
Warm A,450599,2777,2776,2432,1480,0,0.002662264
Warm A,444523,2743,2742,2432,1480,1,0.0016926245
Warm A,466649,2878,2877,2432,1480,0,0.007975538
Warm A,435528,2663,2662,2432,1480,0,0.00392645
Warm A,431347,2628,2627,2432,1480,0,0.0064676963
Warm A,423086,2565,2564,2432,1480,0,-0.0044886307
Warm A,419401,2535,2534,2432,1480,0,0.0022751922
Warm A,406378,2438,2437,2432,1480,0,-0.004769719
Warm A,404399,2419,2418,2432,1480,0,0.0039764633
Warm A,398187,2368,2367,2432,1480,1,0.0059980843
Warm A,362747,2116,2115,2432,1480,1,0.0063633192
Warm A,356778,2090,2089,2432,1480,0,-0.0053877966
Warm A,351446,2063,2062,2432,1480,1,0.00918466
Warm A,327684,1941,1940,2432,1480,1,0.007636831
Warm A,274624,1659,1658,2432,1480,0,-0.0037413044
Warm A,274998,1666,1665,2432,1480,0,-0.003772826
Warm A,256634,1569,1568,2432,1480,0,0.0060523585
Warm A,231878,1406,1405,2432,1480,1,0.0020985887
Warm A,308403,1837,1836,2432,1480,0,0.0063427985
Warm A,321616,1908,1907,2432,1480,1,0.0075927284
Warm A,263040,1605,1604,2432,1480,1,0.0035052502
Warm A,188166,1168,1167,2432,1480,0,0.010797102
Warm A,170090,1082,1081,2432,1480,1,0.00033535482
Warm A,167692,1068,1067,2432,1480,0,0.005181306
Warm A,175348,1112,1111,2432,1480,0,0.0023454279
Warm A,162202,1034,1033,2432,1480,1,-0.0016990681
Warm A,149204,960,959,2432,1480,0,0.0044416296
Warm A,323673,1920,1919,2432,1480,0,0.0025323937
Warm A,146396,943,942,2432,1480,1,0.006501771
Warm A,142899,922,921,2432,1480,1,-0.006160151
Warm A,360511,2106,2105,2432,1480,0,0.0054588625
Warm A,115902,752,751,2432,1480,0,0.00862969
Warm A,120276,777,776,2432,1480,0,0.0014656973
Warm A,121006,780,779,2432,1480,0,0.003648185
Warm A,107719,710,709,2432,1480,0,0.0060990853
Warm A,105883,699,698,2432,1480,0,0.011571773
Warm A,101271,676,675,2432,1480,0,0.0061943172
Warm A,176742,1117,1116,2432,1480,0,0.016779076
Warm A,332495,1962,1961,2432,1480,0,-0.0025175211
Warm A,87187,570,569,2432,1480,0,0.014890156
Warm A,86329,564,563,2432,1480,0,0.0029650303
Warm A,291165,1737,1736,2432,1480,1,0.004246277
Warm A,238633,1448,1447,2432,1480,1,0.0045473445
Warm A,299461,1778,1777,2432,1480,1,0.0047015683
Warm A,605131,3679,3678,2432,1480,1,0.00025624922
Warm A,47331,319,318,2432,1480,0,0.006125234
Warm A,355587,2082,2081,2432,1480,0,0.011723252
Warm A,695883,4169,4168,2432,1480,1,0.0052744523
Warm A,39503,268,267,2432,1480,1,0.0006420434
Warm A,30206,203,202,2432,1480,0,-0.00024622574
Warm A,29439,201,200,2432,1480,1,-0.004296091
Warm A,26323,187,186,2432,1480,1,0.009531664
Warm A,24862,175,174,2432,1480,1,-0.0013323784
Warm A,306163,1824,1823,2432,1480,1,0.0016692616
Warm A,5492,38,37,2432,1480,0,-0.0045106946
Warm A,4768,34,33,2432,1480,1,-0.0010381134
Warm A,5257,36,35,2432,1480,1,0.010480832
Warm A,79154,531,530,2432,1480,0,0.01804339
Warm A,484847,2986,2985,2432,1480,0,0.012064237
Warm A,157828,1015,1014,2432,1480,0,0.004818075
Warm A,78292,528,527,2432,1480,1,0.0021863068
Warm A,399735,2380,2379,2432,1480,0,0.008095295
Warm A,500430,3074,3073,2432,1480,1,0.010365362
Warm A,101988,678,677,2432,1480,1,-0.0011803331
Warm A,689758,4126,4125,2432,1480,0,0.00414203
Warm A,331347,1958,1957,2432,1480,1,0.012392366
Warm A,164300,1051,1050,2432,1480,0,0.0068598497
Warm A,907571,5492,5491,2432,1480,1,0.00064956804
Warm A,719927,4312,4311,2432,1480,0,0.006929462
Warm A,992857,5998,5997,2432,1480,0,0.0011124855
Warm A,476239,2926,2925,2432,1480,1,0.0039463295
Warm A,285165,1701,1700,2432,1480,0,0.015395991
Warm A,805624,4823,4822,2432,1480,0,0.009245232
Warm A,565419,3475,3474,2432,1480,0,-0.00023255963
Warm A,179441,1125,1124,2432,1480,1,0.005217055
Warm A,141381,911,910,2432,1480,1,0.0075514913
Warm A,203643,1252,1251,2432,1480,1,-0.0025074594
Warm A,748212,4467,4466,2432,1480,1,0.0060573313
Warm A,193464,1194,1193,2432,1480,1,0.0014638663
Warm A,177932,1120,1119,2432,1480,0,0.0022163321
Warm A,974226,5878,5877,2432,1480,1,0.01105621
Warm A,277444,1676,1675,2435,1482,0,0.009066212
Warm A,310052,1845,1844,2435,1482,0,0.012921964
Warm A,355714,2084,2083,2435,1482,1,0.013436394
Warm A,184949,1150,1149,2435,1482,0,0.008021489
Warm A,307230,1835,1834,2435,1482,0,0.0112624
Warm A,168249,1069,1068,2435,1482,0,0.010027844
Warm A,175349,1112,1111,2435,1482,0,0.004275208
Warm A,167694,1068,1067,2435,1482,1,-0.0020134123
Warm A,163672,1050,1049,2435,1482,0,0.006237002
Warm A,337972,1988,1987,2435,1482,0,0.016609395
Warm A,267846,1628,1627,2435,1482,1,0.0095476145
Warm A,107269,706,705,2435,1482,0,0.007302691
Warm A,175955,1113,1112,2435,1482,1,0.012157664
Warm A,115905,752,751,2435,1482,0,0.008523395
Warm A,283923,1698,1697,2435,1482,1,0.008042868
Warm A,90560,601,600,2435,1482,1,2.200855e-05
Warm A,80031,533,532,2435,1482,0,0.006018771
Warm A,77235,524,523,2435,1482,0,0.015512474
Warm A,74617,509,508,2435,1482,1,0.00018495042
Warm A,197238,1211,1210,2435,1482,0,-0.0009621113
Warm A,60103,409,408,2435,1482,0,0.002204359
Warm A,26329,187,186,2435,1482,0,-0.0018399772
Warm A,238636,1448,1447,2435,1482,1,0.0034219334
Warm A,9201,62,61,2435,1482,0,0.0018253983
Warm A,336890,1983,1982,2435,1482,1,0.018514223
Warm A,157830,1015,1014,2435,1482,1,0.0060653863
Warm A,933338,5636,5635,2435,1482,0,0.011660021
Warm A,631376,3821,3820,2435,1482,0,0.010913817
Warm A,519166,3203,3202,2435,1482,0,0.012079155
Warm A,801314,4802,4801,2435,1482,0,0.001863023
Warm A,712769,4277,4276,2435,1482,0,0.017881643
Warm A,892830,5394,5393,2435,1482,0,0.011521072
Warm A,381934,2232,2231,2435,1482,0,-0.0030785776
Warm A,176743,1117,1116,2435,1482,0,-0.002589251
Warm A,35444,239,238,2435,1482,1,0.0051438333
Warm A,71809,482,481,2435,1482,0,0.0047423854
Warm A,312784,1865,1864,2435,1482,0,0.010137346
Warm A,823237,4950,4949,2435,1482,0,0.022023702
Warm A,718456,4305,4304,2435,1482,1,0.010669607
Warm A,446746,2753,2752,2436,1483,0,0.0022980047
Warm A,443713,2737,2736,2436,1483,1,0.0017689352
Warm A,442354,2724,2723,2436,1483,1,-0.006965979
Warm A,435377,2661,2660,2436,1483,1,0.002466603
Warm A,426084,2588,2587,2436,1483,0,-0.0037750448
Warm A,558432,3430,3429,2436,1483,0,-0.001723235
Warm A,419402,2535,2534,2436,1483,1,0.010878591
Warm A,416400,2507,2506,2436,1483,1,0.0035582134
Warm A,464036,2860,2859,2436,1483,0,0.0016099582
Warm A,393839,2320,2319,2436,1483,1,-0.0022850395
Warm A,388683,2277,2276,2436,1483,0,-0.0016881207
Warm A,418483,2529,2528,2436,1483,0,-0.00037607877
Warm A,375477,2188,2187,2436,1483,1,-0.0023755021
Warm A,362751,2116,2115,2436,1483,1,0.0053836084
Warm A,339643,2002,2001,2436,1483,1,0.012351493
Warm A,286216,1709,1708,2436,1483,1,-0.0060535893
Warm A,269479,1634,1633,2436,1483,1,-0.0027531614
Warm A,268461,1631,1630,2436,1483,1,0.0027815595
Warm A,280731,1685,1684,2436,1483,1,0.008292259
Warm A,357278,2092,2091,2436,1483,1,-0.0014504208
Warm A,335542,1980,1979,2436,1483,0,0.0028080656
Warm A,223335,1354,1353,2436,1483,1,0.0036413318
Warm A,321619,1908,1907,2436,1483,0,0.0034062732
Warm A,174818,1107,1106,2436,1483,0,-0.00043169176
Warm A,143613,927,926,2436,1483,0,-0.0046187895
Warm A,216830,1317,1316,2436,1483,1,0.0048869783
Warm A,131011,850,849,2436,1483,0,0.003915773
Warm A,263043,1605,1604,2436,1483,1,-0.0015850203
Warm A,360514,2106,2105,2436,1483,0,0.0018749225
Warm A,235483,1426,1425,2436,1483,1,0.001738331
Warm A,112299,731,730,2436,1483,1,0.014224442
Warm A,110612,721,720,2436,1483,1,-0.0061314227
Warm A,695889,4169,4168,2436,1483,0,0.0085879015
Warm A,283925,1698,1697,2436,1483,1,0.0014664654
Warm A,85022,553,552,2436,1483,1,-0.0030724516
Warm A,74618,509,508,2436,1483,0,-0.0027744146
Warm A,59720,406,405,2436,1483,0,-0.0046422016
Warm A,29442,201,200,2436,1483,0,0.0017593303
Warm A,934636,5643,5642,2436,1483,0,0.0007338213
Warm A,500431,3074,3073,2436,1483,1,-0.0026380618
Warm A,25784,182,181,2436,1483,1,-0.00058751786
Warm A,10758,78,77,2436,1483,0,-0.0035951748
Warm A,49275,329,328,2436,1483,0,-0.00030749151
Warm A,9202,62,61,2436,1483,1,0.006664937
Warm A,1072,10,9,2436,1483,1,-0.008948959
Warm A,206683,1266,1265,2436,1483,0,0.009265073
Warm A,42729,293,292,2436,1483,0,0.006251725
Warm A,394931,2333,2332,2436,1483,0,-0.005271722
Warm A,327686,1941,1940,2436,1483,1,0.0035898127
Warm A,921012,5565,5564,2436,1483,1,0.0043352484
Warm A,537753,3312,3311,2436,1483,0,-0.0011754327
Warm A,969015,5841,5840,2436,1483,0,0.0028869454
Warm A,206257,1265,1264,2436,1483,0,0.0022155482
Warm A,902739,5458,5457,2436,1483,1,-0.0014865149
Warm A,371555,2172,2171,2436,1483,1,0.009951267
Warm A,699583,4186,4185,2436,1483,0,-0.004212265
Warm A,398950,2376,2375,2436,1483,1,0.00045279786
Warm A,115908,752,751,2436,1483,0,-0.0030781864
Warm A,748213,4467,4466,2436,1483,0,0.001437994
Warm A,193465,1194,1193,2436,1483,0,-0.012063496
Warm A,638926,3842,3841,2436,1483,1,0.00671383
Warm A,575140,3519,3518,2436,1483,1,0.0018282798
Warm A,97718,655,654,2437,1484,1,0.006614749
Warm A,89964,593,592,2437,1484,1,-0.0007778369
Warm A,89534,590,589,2437,1484,1,-0.0012029777
Warm A,85081,554,553,2437,1484,0,-0.00057157525
Warm A,84738,551,550,2437,1484,1,-0.0034821813
Warm A,74619,509,508,2437,1484,1,0.0004067708
Warm A,155235,1001,1000,2437,1484,0,0.003738253
Warm A,553755,3410,3409,2437,1484,1,0.015183894
Warm A,41433,281,280,2437,1484,0,0.00618734
Warm A,26331,187,186,2437,1484,1,0.0076971115
Warm A,334,5,4,2437,1484,0,0.0075825695
Warm A,223336,1354,1353,2437,1484,0,0.0066805654
Warm A,901373,5450,5449,2437,1484,1,0.0113759
Warm A,384650,2247,2246,2437,1484,1,0.0035204105
Warm A,157834,1015,1014,2437,1484,1,0.011560559
Warm A,416403,2507,2506,2437,1484,1,0.014396189
Warm A,933341,5636,5635,2437,1484,0,0.006356875
Warm A,101990,678,677,2437,1484,1,0.0047381255
Warm A,927453,5605,5604,2437,1484,1,0.0024978244
Warm A,608989,3693,3692,2437,1484,0,-0.0008431105
Warm A,821547,4940,4939,2437,1484,1,0.003946814
Warm A,958773,5787,5786,2437,1484,0,0.005148415
Warm A,511782,3158,3157,2437,1484,1,0.010323985
Warm A,193466,1194,1193,2437,1484,1,0.022936659
Warm A,974230,5878,5877,2437,1484,0,0.00015012175
Warm A,608161,3690,3689,2439,1485,0,-0.003928378
Warm A,585090,3572,3571,2439,1485,0,-0.000966005
Warm A,578690,3538,3537,2439,1485,1,0.009745628
Warm A,571898,3507,3506,2439,1485,0,-0.0005971696
Warm A,644134,3882,3881,2439,1485,1,0.0001739231
Warm A,568997,3491,3490,2439,1485,1,-0.004930606
Warm A,593450,3618,3617,2439,1485,0,0.003558666
Warm A,557570,3425,3424,2439,1485,1,-0.00018689642
Warm A,553758,3410,3409,2439,1485,1,0.007763474
Warm A,549810,3391,3390,2439,1485,1,-0.00601455
Warm A,541203,3329,3328,2439,1485,0,0.0028036395
Warm A,542025,3336,3335,2439,1485,0,-0.0040258737
Warm A,535506,3305,3304,2439,1485,1,-0.0024081527
Warm A,534290,3299,3298,2439,1485,1,0.0084335515
Warm A,533064,3292,3291,2439,1485,1,5.8570877e-06
Warm A,531978,3285,3284,2439,1485,1,0.0032588625
Warm A,529044,3271,3270,2439,1485,1,0.0015587816
Warm A,830897,4995,4994,2439,1485,1,-0.011445992
Warm A,520504,3210,3209,2439,1485,1,-0.003271976
Warm A,519168,3203,3202,2439,1485,0,0.0016732188
Warm A,526185,3253,3252,2439,1485,0,0.0062482646
Warm A,893588,5395,5394,2439,1485,1,0.015417831
Warm A,502366,3083,3082,2439,1485,1,0.013080267
Warm A,502034,3082,3081,2439,1485,0,0.000580729
Warm A,498702,3065,3064,2439,1485,1,-0.0011919593
Warm A,712772,4277,4276,2439,1485,1,0.0023706686
Warm A,496836,3053,3052,2439,1485,0,-0.0039615184
Warm A,493259,3031,3030,2439,1485,1,0.0245061
Warm A,738067,4411,4410,2439,1485,0,0.007220358
Warm A,489887,3014,3013,2439,1485,1,-0.0058792746
Warm A,888558,5367,5366,2439,1485,1,0.010930564
Warm A,482590,2967,2966,2439,1485,0,-0.005176991
Warm A,480795,2952,2951,2439,1485,1,0.011808705
Warm A,475064,2916,2915,2439,1485,1,0.016577894
Warm A,467728,2883,2882,2439,1485,1,0.0005225693
Warm A,466654,2878,2877,2439,1485,1,0.0014746296
Warm A,465554,2872,2871,2439,1485,1,0.004865533
Warm A,464601,2863,2862,2439,1485,1,0.0065345704
Warm A,458855,2825,2824,2439,1485,1,-0.0028428903
Warm A,443315,2733,2732,2439,1485,1,-0.00056596193
Warm A,446315,2752,2751,2439,1485,0,-0.0035117788
Warm A,564195,3471,3470,2439,1485,0,0.0063477512
Warm A,440912,2700,2699,2439,1485,1,0.008948005
Warm A,695894,4169,4168,2439,1485,0,0.0063240463
Warm A,438252,2679,2678,2439,1485,0,-0.0025089122
Warm A,605617,3681,3680,2439,1485,0,0.005275395
Warm A,424187,2572,2571,2439,1485,1,0.007550844
Warm A,417449,2517,2516,2439,1485,0,-0.0064029307
Warm A,416407,2507,2506,2439,1485,1,0.019388719
Warm A,408022,2453,2452,2439,1485,1,-0.0036381152
Warm A,398953,2376,2375,2439,1485,1,0.0041954303
Warm A,398192,2368,2367,2439,1485,1,0.0074378503
Warm A,391555,2303,2302,2439,1485,1,-0.014194133
Warm A,390902,2295,2294,2439,1485,1,-0.0005658674
Warm A,389876,2288,2287,2439,1485,1,0.0006802245
Warm A,388589,2276,2275,2439,1485,1,-0.009766548
Warm A,384864,2248,2247,2439,1485,1,-0.0018367977
Warm A,382741,2237,2236,2439,1485,1,0.008477959
Warm A,368156,2151,2150,2439,1485,0,-0.006903831
Warm A,359241,2102,2101,2439,1485,1,0.00070125377
Warm A,348876,2047,2046,2439,1485,1,0.00926303
Warm A,340280,2009,2008,2439,1485,1,0.0048806206
Warm A,337397,1984,1983,2439,1485,1,0.00687872
Warm A,335548,1980,1979,2439,1485,1,0.0019721184
Warm A,306929,1833,1832,2439,1485,0,-0.0049549965
Warm A,326376,1932,1931,2439,1485,0,-0.00965614
Warm A,292150,1741,1740,2439,1485,0,-0.0001215497
Warm A,278730,1680,1679,2439,1485,0,0.015503285
Warm A,267486,1626,1625,2439,1485,0,0.001034823
Warm A,246811,1491,1490,2439,1485,1,0.0061107883
Warm A,260605,1593,1592,2439,1485,0,0.004713218
Warm A,631381,3821,3820,2439,1485,0,0.0036186469
Warm A,226652,1374,1373,2439,1485,0,-0.004854678
Warm A,219729,1333,1332,2439,1485,1,-0.002298004
Warm A,207923,1272,1271,2439,1485,1,-0.0035470342
Warm A,307928,1836,1835,2439,1485,1,-0.0017282511
Warm A,210642,1285,1284,2439,1485,0,0.007725811
Warm A,200737,1233,1232,2439,1485,1,-0.006846461
Warm A,200612,1232,1231,2439,1485,1,0.006211457
Warm A,199304,1224,1223,2439,1485,1,0.0041971486
Warm A,184956,1150,1149,2439,1485,0,0.0040189745
Warm A,307233,1835,1834,2439,1485,1,0.016869256
Warm A,168253,1069,1068,2439,1485,1,0.0074443985
Warm A,175353,1112,1111,2439,1485,0,-0.0030810353
Warm A,166325,1059,1058,2439,1485,0,0.019061241
Warm A,330652,1952,1951,2439,1485,1,0.0027308604
Warm A,190503,1181,1180,2439,1485,0,-0.008193039
Warm A,154050,992,991,2439,1485,0,0.004078865
Warm A,234770,1425,1424,2439,1485,1,0.012657391
Warm A,244837,1474,1473,2439,1485,1,0.0065760254
Warm A,169507,1077,1076,2439,1485,1,0.014906306
Warm A,148669,957,956,2439,1485,1,-6.316509e-05
Warm A,270751,1639,1638,2439,1485,0,-0.0017302693
Warm A,195250,1203,1202,2439,1485,1,-0.01026606
Warm A,154569,998,997,2439,1485,1,0.0056225117
Warm A,156587,1010,1009,2439,1485,1,0.003453007
Warm A,137873,889,888,2439,1485,0,0.005385096
Warm A,199988,1228,1227,2439,1485,1,0.012354907
Warm A,230281,1393,1392,2439,1485,1,0.009738216
Warm A,263047,1605,1604,2439,1485,0,-0.0042023305
Warm A,115913,752,751,2439,1485,0,0.00080403127
Warm A,110615,721,720,2439,1485,0,0.009613811
Warm A,89965,593,592,2439,1485,1,-0.010878401
Warm A,72891,493,492,2439,1485,1,0.005816861
Warm A,71810,482,481,2439,1485,1,0.006676727
Warm A,60107,409,408,2439,1485,0,0.0069248797
Warm A,68154,457,456,2439,1485,1,-0.0033606908
Warm A,60610,411,410,2439,1485,0,0.008956134
Warm A,22419,163,162,2439,1485,0,-0.0011022398
Warm A,359927,2105,2104,2439,1485,1,0.0019515513
Warm A,9938,69,68,2439,1485,1,-0.006318914
Warm A,902741,5458,5457,2439,1485,0,-0.003768487
Warm A,206686,1266,1265,2439,1485,0,0.0017453171
Warm A,772066,4602,4601,2439,1485,1,0.007235804
Warm A,50032,331,330,2439,1485,1,0.00022770511
Warm A,157838,1015,1014,2439,1485,1,0.0051729972
Warm A,354731,2077,2076,2439,1485,1,0.011824505
Warm A,239742,1449,1448,2439,1485,0,-1.578778e-05
Warm A,257461,1579,1578,2439,1485,1,0.00865049
Warm A,497103,3054,3053,2439,1485,0,0.0057954667
Warm A,413640,2489,2488,2439,1485,0,0.010496931
Warm A,992859,5998,5997,2439,1485,0,-0.00089264405
Warm A,47341,319,318,2439,1485,1,0.0005389033
Warm A,129215,839,838,2439,1485,1,0.0043813307
Warm A,331352,1958,1957,2439,1485,0,-0.011714745
Warm A,287611,1717,1716,2439,1485,0,0.011564617
Warm A,285169,1701,1700,2439,1485,1,0.0026641153
Warm A,171326,1088,1087,2439,1485,1,0.0064269155
Warm A,25893,183,182,2439,1485,1,-0.0013341622
Warm A,526998,3260,3259,2439,1485,0,-0.0017231483
Warm A,322132,1912,1911,2439,1485,0,0.008870085
Warm A,846950,5090,5089,2439,1485,1,0.0031137094
Warm A,795978,4771,4770,2439,1485,0,-0.006158904
Warm A,193470,1194,1193,2439,1485,1,-0.0009235544
Warm A,62628,424,423,2439,1485,1,0.002489314
Warm A,974232,5878,5877,2439,1485,1,0.01321158
Warm A,937175,5654,5653,2439,1485,0,0.0017159863
Warm A,984521,5950,5949,2439,1485,1,0.0021745088
Warm A,428528,2608,2607,2442,1486,0,0.0024544727
Warm A,425872,2584,2583,2442,1486,1,-0.00765768
Warm A,425218,2581,2580,2442,1486,1,-0.0035251684
Warm A,408029,2453,2452,2442,1486,1,-0.0021776545
Warm A,398957,2376,2375,2442,1486,1,-0.0040012
Warm A,398193,2368,2367,2442,1486,1,0.0054041436
Warm A,369320,2161,2160,2442,1486,1,-0.0036932405
Warm A,359930,2105,2104,2442,1486,1,-0.0081994245
Warm A,353948,2073,2072,2442,1486,1,-0.0019718392
Warm A,348880,2047,2046,2442,1486,0,-0.00036654598
Warm A,335558,1980,1979,2442,1486,1,0.00063651043
Warm A,332966,1963,1962,2442,1486,1,-0.007939098
Warm A,318611,1894,1893,2442,1486,1,0.00044411898
Warm A,323089,1916,1915,2442,1486,1,0.0013274043
Warm A,330371,1950,1949,2442,1486,1,0.00052608014
Warm A,301039,1788,1787,2442,1486,1,-0.008420783
Warm A,301192,1790,1789,2442,1486,0,-0.01223894
Warm A,278744,1680,1679,2442,1486,1,0.0020855688
Warm A,268850,1632,1631,2442,1486,0,0.006061636
Warm A,267488,1626,1625,2442,1486,0,0.0010484294
Warm A,264094,1607,1606,2442,1486,0,-0.0018206846
Warm A,246814,1491,1490,2442,1486,1,0.004276666
Warm A,332503,1962,1961,2442,1486,1,0.001310441
Warm A,325244,1926,1925,2442,1486,1,-0.0018954739
Warm A,319186,1897,1896,2442,1486,0,-0.0071859574
Warm A,296326,1758,1757,2442,1486,1,-0.00026867678
Warm A,209354,1279,1278,2442,1486,1,0.0020633787
Warm A,270757,1639,1638,2442,1486,1,-0.0050695734
Warm A,195255,1203,1202,2442,1486,0,-0.0019431566
Warm A,169763,1078,1077,2442,1486,1,0.0034612785
Warm A,168259,1069,1068,2442,1486,0,-0.009484315
Warm A,334471,1974,1973,2442,1486,0,-0.001531611
Warm A,161821,1032,1031,2442,1486,1,-0.007284399
Warm A,160825,1022,1021,2442,1486,1,-0.0017842255
Warm A,234775,1425,1424,2442,1486,1,-0.0031112775
Warm A,150008,966,965,2442,1486,1,-0.005266402
Warm A,149205,960,959,2442,1486,1,0.0033148057
Warm A,148672,957,956,2442,1486,1,-0.009925345
Warm A,148051,954,953,2442,1486,1,-0.006098033
Warm A,146397,943,942,2442,1486,0,-0.015106799
Warm A,143823,928,927,2442,1486,1,0.011158381
Warm A,184967,1150,1149,2442,1486,0,0.00946978
Warm A,137885,889,888,2442,1486,0,-0.004817173
Warm A,136318,881,880,2442,1486,0,0.0069138883
Warm A,131020,850,849,2442,1486,1,0.009166501
Warm A,199992,1228,1227,2442,1486,1,0.003879305
Warm A,263052,1605,1604,2442,1486,1,0.005495799
Warm A,115919,752,751,2442,1486,1,-0.0061428323
Warm A,107272,706,705,2442,1486,1,0.006129984
Warm A,105053,696,695,2442,1486,1,-0.00093256496
Warm A,92907,622,621,2442,1486,1,0.008767707
Warm A,695913,4169,4168,2442,1486,1,0.00012664741
Warm A,89966,593,592,2442,1486,1,-0.007265619
Warm A,432066,2634,2633,2442,1486,1,-0.0033014067
Warm A,169510,1077,1076,2442,1486,0,-0.0017856793
Warm A,84743,551,550,2442,1486,1,0.001187796
Warm A,74627,509,508,2442,1486,1,-0.0011182877
Warm A,155241,1001,1000,2442,1486,1,-0.007043599
Warm A,132296,855,854,2442,1486,1,0.0047085457
Warm A,47357,319,318,2442,1486,1,0.0041199713
Warm A,61218,412,411,2442,1486,1,0.006469679
Warm A,50041,331,330,2442,1486,1,-0.008888162
Warm A,153622,987,986,2442,1486,0,0.005760264
Warm A,24873,175,174,2442,1486,0,-0.0093229
Warm A,26337,187,186,2442,1486,1,-0.0062598037
Warm A,33405,225,224,2442,1486,1,0.0020086616
Warm A,5501,38,37,2442,1486,1,0.00899598
Warm A,4086,30,29,2442,1486,0,-0.0019173311
Warm A,624,8,7,2442,1486,1,0.004148566
Warm A,206691,1266,1265,2442,1486,1,0.0022620666
Warm A,157854,1015,1014,2442,1486,1,0.009158211
Warm A,933346,5636,5635,2442,1486,0,-0.0036010458
Warm A,573428,3512,3511,2442,1486,1,0.004296177
Warm A,777651,4647,4646,2442,1486,1,1.26543455e-05
Warm A,460566,2841,2840,2442,1486,1,-0.009870891
Warm A,916618,5539,5538,2442,1486,0,0.0009472577
Warm A,484854,2986,2985,2442,1486,1,0.011300314
Warm A,189259,1173,1172,2442,1486,1,0.008200578
Warm A,772605,4607,4606,2442,1486,1,-0.0032634449
Warm A,960234,5792,5791,2442,1486,1,0.0009992003
Warm A,537760,3312,3311,2442,1486,0,-0.001924044
Warm A,992860,5998,5997,2442,1486,0,0.0066648326
Warm A,71819,482,481,2442,1486,0,-0.00082320464
Warm A,312791,1865,1864,2442,1486,1,-0.002247136
Warm A,179450,1125,1124,2442,1486,1,0.0034824489
Warm A,370902,2168,2167,2442,1486,0,0.0038087133
Warm A,464043,2860,2859,2442,1486,1,-0.0008077965
Warm A,285174,1701,1700,2442,1486,0,-0.00079089403
Warm A,797947,4785,4784,2442,1486,1,-0.008069558
Warm A,977856,5892,5891,2442,1486,1,-0.0038434097
Warm A,171341,1088,1087,2442,1486,1,-0.0026662191
Warm A,806686,4829,4828,2442,1486,1,0.008331754
Warm A,34669,235,234,2442,1486,1,0.0044040573
Warm A,187514,1164,1163,2442,1486,1,0.0017254474
Warm A,846953,5090,5089,2442,1486,1,-0.004063325
Warm A,807122,4831,4830,2442,1486,1,0.006252307
Warm A,193474,1194,1193,2442,1486,0,0.0046733012
Warm A,616624,3732,3731,2442,1486,1,-0.00027185655
Warm A,33902,229,228,2442,1486,1,0.0021996999
Warm A,937614,5657,5656,2442,1486,0,0.0065332386
Warm A,385877,2257,2256,2443,1487,1,0.002103127
Warm A,374612,2183,2182,2443,1487,0,0.0076028304
Warm A,373137,2179,2178,2443,1487,1,0.008147668
Warm A,373861,2181,2180,2443,1487,1,0.014677117
Warm A,358799,2100,2099,2443,1487,0,0.0023283302
Warm A,353949,2073,2072,2443,1487,1,0.0068202247
Warm A,351465,2063,2062,2443,1487,0,0.014686928
Warm A,350530,2058,2057,2443,1487,1,0.0052543674
Warm A,347900,2041,2040,2443,1487,0,0.008238946
Warm A,345605,2027,2026,2443,1487,0,0.0076178596
Warm A,324730,1924,1923,2443,1487,1,0.010733644
Warm A,303710,1804,1803,2443,1487,1,0.0046727904
Warm A,277454,1676,1675,2443,1487,0,0.0072486294
Warm A,282544,1694,1693,2443,1487,1,0.0045720893
Warm A,267489,1626,1625,2443,1487,1,0.009045717
Warm A,262667,1602,1601,2443,1487,1,0.0008631181
Warm A,236589,1436,1435,2443,1487,1,-0.0045492603
Warm A,214262,1301,1300,2443,1487,0,0.010369207
Warm A,211747,1288,1287,2443,1487,1,0.0076348465
Warm A,203843,1254,1253,2443,1487,1,0.0028082551
Warm A,200969,1239,1238,2443,1487,1,0.00085979933
Warm A,202341,1244,1243,2443,1487,1,0.011700772
Warm A,193123,1193,1192,2443,1487,1,0.0101642255
Warm A,189597,1175,1174,2443,1487,1,0.0069666086
Warm A,189260,1173,1172,2443,1487,0,0.0056233024
Warm A,188857,1172,1171,2443,1487,1,0.020994589
Warm A,186322,1152,1151,2443,1487,0,0.0062627043
Warm A,316156,1883,1882,2443,1487,0,0.0156097375
Warm A,182335,1138,1137,2443,1487,1,0.0072958944
Warm A,166331,1059,1058,2443,1487,1,0.014657921
Warm A,219465,1331,1330,2443,1487,1,0.011826169
Warm A,150009,966,965,2443,1487,0,0.009044288
Warm A,246204,1489,1488,2443,1487,0,0.011903234
Warm A,137887,889,888,2443,1487,0,0.012066703
Warm A,131755,854,853,2443,1487,1,0.00953351
Warm A,128907,838,837,2443,1487,1,0.00493824
Warm A,181884,1137,1136,2443,1487,1,0.010154895
Warm A,252154,1527,1526,2443,1487,0,0.0107768355
Warm A,223342,1354,1353,2443,1487,0,0.0045887213
Warm A,360525,2106,2105,2443,1487,1,0.0068572983
Warm A,176751,1117,1116,2443,1487,1,0.005149923
Warm A,97722,655,654,2443,1487,0,0.007725254
Warm A,89967,593,592,2443,1487,1,0.00840587
Warm A,74628,509,508,2443,1487,0,0.005595822
Warm A,69368,465,464,2443,1487,0,0.0027335377
Warm A,64154,429,428,2443,1487,0,0.01614614
Warm A,42458,290,289,2443,1487,0,-0.000407418
Warm A,312792,1865,1864,2443,1487,0,0.0021777267
Warm A,61219,412,411,2443,1487,1,0.0042106314
Warm A,33117,224,223,2443,1487,1,0.009731848
Warm A,30208,203,202,2443,1487,1,0.009633531
Warm A,26338,187,186,2443,1487,1,0.005309025
Warm A,6390,45,44,2443,1487,1,0.0031578026
Warm A,79168,531,530,2443,1487,0,0.006011963
Warm A,22176,162,161,2443,1487,1,0.0014491612
Warm A,157855,1015,1014,2443,1487,0,0.018214721
Warm A,27083,192,191,2443,1487,0,0.0076654255
Warm A,76295,518,517,2443,1487,1,0.0042047757
Warm A,570944,3503,3502,2443,1487,0,0.008576542
Warm A,484855,2986,2985,2443,1487,0,0.016338423
Warm A,263053,1605,1604,2443,1487,1,0.0042588795
Warm A,915712,5536,5535,2443,1487,1,0.015276944
Warm A,730531,4371,4370,2443,1487,1,0.011629122
Warm A,171342,1088,1087,2443,1487,0,0.0054942793
Warm A,319187,1897,1896,2443,1487,0,0.011371683
Warm A,295556,1755,1754,2443,1487,0,0.0068765623
Warm A,536876,3311,3310,2445,1488,0,0.0016645205
Warm A,223345,1354,1353,2445,1488,0,0.000458166
Warm A,79171,531,530,2445,1488,0,-0.0025234502
Warm A,506121,3113,3112,2445,1488,1,0.007246823
Warm A,78301,528,527,2445,1488,0,0.0121045755
Warm A,169210,1074,1073,2445,1488,1,-0.010351817
Warm A,682219,4085,4084,2445,1488,0,0.0056650997
Warm A,413646,2489,2488,2445,1488,0,0.002648573
Warm A,892833,5394,5393,2445,1488,0,0.008890428
Warm A,902744,5458,5457,2445,1488,0,0.008512902
Warm A,51390,338,337,2445,1488,0,-0.0007737251
Warm A,327706,1941,1940,2445,1488,0,0.0034896855
Warm A,171345,1088,1087,2445,1488,0,0.004119683
Warm A,272694,1647,1646,2445,1488,0,0.01037222
Warm A,933347,5636,5635,2446,1489,0,0.009064936
Warm A,234779,1425,1424,2446,1489,1,0.011774691
Warm A,295557,1755,1754,2446,1489,0,0.0030240556
Warm A,629141,3808,3807,2448,1491,0,0.018382613
Warm A,621086,3762,3761,2448,1491,0,0.0141475685
Warm A,623240,3771,3770,2448,1491,0,0.005262078
Warm A,617255,3736,3735,2448,1491,0,0.0069697667
Warm A,747047,4458,4457,2448,1491,0,0.0121094
Warm A,616454,3731,3730,2448,1491,0,0.003378767
Warm A,744728,4448,4447,2448,1491,1,0.009668992
Warm A,596356,3626,3625,2448,1491,0,-0.0005689135
Warm A,587722,3589,3588,2448,1491,0,0.004034131
Warm A,653994,3942,3941,2448,1491,0,0.012557203
Warm A,574264,3516,3515,2448,1491,0,0.010617353
Warm A,604933,3678,3677,2448,1491,0,0.0013077194
Warm A,657047,3961,3960,2448,1491,0,0.004796233
Warm A,539346,3317,3316,2448,1491,0,0.0046557337
Warm A,536882,3311,3310,2448,1491,0,0.0043457
Warm A,542033,3336,3335,2448,1491,0,0.008894383
Warm A,530851,3280,3279,2448,1491,0,0.004467028
Warm A,524007,3230,3229,2448,1491,1,0.0041168076
Warm A,517361,3193,3192,2448,1491,0,-0.002796187
Warm A,566058,3476,3475,2448,1491,0,-0.002488021
Warm A,507438,3123,3122,2448,1491,0,0.011798981
Warm A,507161,3121,3120,2448,1491,0,0.002812267
Warm A,516319,3189,3188,2448,1491,0,0.011241531
Warm A,640970,3853,3852,2448,1491,0,-0.00049842685
Warm A,491551,3024,3023,2448,1491,1,0.0044185827
Warm A,472374,2907,2906,2448,1491,0,0.014249131
Warm A,473297,2909,2908,2448,1491,1,0.018710662
Warm A,463089,2857,2856,2448,1491,0,0.007985164
Warm A,462205,2852,2851,2448,1491,0,0.0036833044
Warm A,461769,2848,2847,2448,1491,0,0.003433159
Warm A,438959,2682,2681,2448,1491,0,0.016267097
Warm A,426384,2590,2589,2448,1491,0,0.010348416
Warm A,423095,2565,2564,2448,1491,1,0.012002754
Warm A,398070,2366,2365,2448,1491,0,0.010113014
Warm A,389888,2288,2287,2448,1491,0,0.0035316378
Warm A,406770,2444,2443,2448,1491,0,0.012997044
Warm A,386544,2261,2260,2448,1491,0,0.0014363291
Warm A,377117,2203,2202,2448,1491,1,0.0068716807
Warm A,376811,2200,2199,2448,1491,0,0.0050490806
Warm A,370645,2167,2166,2448,1491,0,-0.004837383
Warm A,367428,2145,2144,2448,1491,0,0.005247103
Warm A,366758,2138,2137,2448,1491,0,0.0060926136
Warm A,366079,2131,2130,2448,1491,0,0.017856281
Warm A,365341,2126,2125,2448,1491,0,0.00026022352
Warm A,358405,2098,2097,2448,1491,0,0.010425342
Warm A,351475,2063,2062,2448,1491,0,0.0033366275
Warm A,340464,2010,2009,2448,1491,0,-0.00045339554
Warm A,339832,2004,2003,2448,1491,0,0.007936164
Warm A,323496,1919,1918,2448,1491,0,-0.0055856565
Warm A,330374,1950,1949,2448,1491,0,-0.0006879084
Warm A,324315,1922,1921,2448,1491,0,0.0035869186
Warm A,300855,1784,1783,2448,1491,0,0.003923581
Warm A,305436,1817,1816,2448,1491,0,0.011060014
Warm A,297341,1764,1763,2448,1491,0,0.0066722184
Warm A,293103,1746,1745,2448,1491,1,-0.0012784913
Warm A,303462,1803,1802,2448,1491,0,0.00550728
Warm A,278756,1680,1679,2448,1491,0,0.011504717
Warm A,277462,1676,1675,2448,1491,0,0.016904097
Warm A,276802,1675,1674,2448,1491,0,0.006250752
Warm A,275421,1667,1666,2448,1491,0,0.004110595
Warm A,271399,1641,1640,2448,1491,0,-0.000886688
Warm A,267494,1626,1625,2448,1491,0,-0.00074673933
Warm A,268300,1630,1629,2448,1491,0,0.0021220865
Warm A,266588,1617,1616,2448,1491,0,0.009524569
Warm A,242648,1465,1464,2448,1491,1,0.0054704575
Warm A,226008,1369,1368,2448,1491,1,0.0034404313
Warm A,226983,1377,1376,2448,1491,0,0.0063266666
Warm A,224627,1358,1357,2448,1491,0,0.015726244
Warm A,232990,1418,1417,2448,1491,0,0.0100922175
Warm A,224435,1357,1356,2448,1491,0,0.007171919
Warm A,368284,2153,2152,2448,1491,0,0.006513571
Warm A,221786,1341,1340,2448,1491,0,-0.00094090885
Warm A,221150,1340,1339,2448,1491,0,0.0029146252
Warm A,224045,1356,1355,2448,1491,0,0.0022077574
Warm A,214047,1300,1299,2448,1491,0,0.0043193297
Warm A,261616,1599,1598,2448,1491,0,-0.0006802599
Warm A,198764,1221,1220,2448,1491,1,-0.00033072766
Warm A,196111,1206,1205,2448,1491,0,0.0018927437
Warm A,327713,1941,1940,2448,1491,0,0.011526163
Warm A,321621,1908,1907,2448,1491,0,0.004668277
Warm A,178814,1122,1121,2448,1491,0,0.004767328
Warm A,183885,1146,1145,2448,1491,0,0.00027717603
Warm A,150926,971,970,2448,1491,0,0.008587252
Warm A,147617,950,949,2448,1491,0,-0.0021214348
Warm A,146842,948,947,2448,1491,0,-0.0013975927
Warm A,137892,889,888,2448,1491,0,0.008048141
Warm A,137300,885,884,2448,1491,0,0.0050121644
Warm A,136073,880,879,2448,1491,0,0.010387262
Warm A,114069,741,740,2448,1491,0,-0.0013196572
Warm A,113214,735,734,2448,1491,0,0.0075719957
Warm A,107736,710,709,2448,1491,0,0.014824956
Warm A,99406,663,662,2448,1491,1,0.002962135
Warm A,87406,571,570,2448,1491,0,-0.001504316
Warm A,308419,1837,1836,2448,1491,0,0.008776628
Warm A,86028,563,562,2448,1491,0,0.016199676
Warm A,81507,543,542,2448,1491,1,0.010557853
Warm A,250319,1509,1508,2448,1491,0,-0.0008750538
Warm A,362769,2116,2115,2448,1491,0,0.0038775946
Warm A,83929,550,549,2448,1491,0,-0.0015890319
Warm A,115927,752,751,2448,1491,0,0.0075891414
Warm A,70374,475,474,2448,1491,1,0.0064049046
Warm A,66476,445,444,2448,1491,0,0.004663665
Warm A,53610,352,351,2448,1491,0,0.007822248
Warm A,49310,329,328,2448,1491,0,0.0073465575
Warm A,110625,721,720,2448,1491,0,-0.0017645278
Warm A,74015,504,503,2448,1491,0,0.0046558804
Warm A,45180,305,304,2448,1491,0,0.009521533
Warm A,44383,302,301,2448,1491,0,0.0070818253
Warm A,695919,4169,4168,2448,1491,0,0.008258397
Warm A,291181,1737,1736,2448,1491,1,0.0058447197
Warm A,99806,667,666,2448,1491,0,0.0027325214
Warm A,14429,117,116,2448,1491,0,0.010422904
Warm A,439785,2688,2687,2448,1491,0,0.009530384
Warm A,10209,73,72,2448,1491,0,0.007147713
Warm A,202944,1246,1245,2448,1491,0,-0.00013677758
Warm A,432565,2638,2637,2448,1491,0,0.0053675454
Warm A,753223,4489,4488,2448,1491,0,0.004131523
Warm A,290004,1733,1732,2448,1491,0,0.011225827
Warm A,174019,1101,1100,2448,1491,0,-0.002387167
Warm A,537766,3312,3311,2448,1491,0,0.012462531
Warm A,456040,2808,2807,2448,1491,0,0.0069012884
Warm A,454508,2796,2795,2448,1491,0,-0.00064557965
Warm A,195263,1203,1202,2448,1491,0,0.008445134
Warm A,310550,1851,1850,2448,1491,0,-0.00123138
Warm A,423396,2566,2565,2448,1491,0,0.002558427
Warm A,322148,1912,1911,2448,1491,0,0.007921397
Warm A,136322,881,880,2448,1491,0,0.011198392
Warm A,237668,1447,1446,2448,1491,0,0.011128359
Warm A,171350,1088,1087,2448,1491,0,0.0019745724
Warm A,431793,2630,2629,2451,1493,0,0.005644315
Warm A,430685,2625,2624,2451,1493,0,0.00093251467
Warm A,426385,2590,2589,2451,1493,1,-0.001050953
Warm A,418497,2529,2528,2451,1493,1,-0.004172958
Warm A,408869,2455,2454,2451,1493,0,-0.0023786938
Warm A,401993,2400,2399,2451,1493,0,5.9178798e-05
Warm A,387195,2264,2263,2451,1493,0,-0.0014333732
Warm A,377711,2205,2204,2451,1493,0,-0.0047026663
Warm A,369792,2164,2163,2451,1493,1,-0.0044334214
Warm A,305761,1820,1819,2451,1493,0,0.0042533637
Warm A,291187,1737,1736,2451,1493,1,-0.0037088513
Warm A,288204,1722,1721,2451,1493,1,-0.0008117113
Warm A,278766,1680,1679,2451,1493,1,-0.006863647
Warm A,276804,1675,1674,2451,1493,0,0.0018423268
Warm A,280429,1683,1682,2451,1493,0,0.0031064856
Warm A,270544,1637,1636,2451,1493,0,-0.009262042
Warm A,267497,1626,1625,2451,1493,0,-0.0008343669
Warm A,247539,1496,1495,2451,1493,0,0.0005713301
Warm A,321204,1904,1903,2451,1493,0,0.0009857174
Warm A,242652,1465,1464,2451,1493,0,-0.0006662722
Warm A,224436,1357,1356,2451,1493,0,-0.0028343797
Warm A,214048,1300,1299,2451,1493,1,0.005947508
Warm A,277466,1676,1675,2451,1493,1,-0.0038699673
Warm A,327719,1941,1940,2451,1493,0,-0.0127156535
Warm A,307248,1835,1834,2451,1493,1,-0.0007792553
Warm A,180185,1128,1127,2451,1493,0,-0.0069608446
Warm A,183887,1146,1145,2451,1493,0,-0.004839071
Warm A,161950,1033,1032,2451,1493,0,-0.006151052
Warm A,159122,1017,1016,2451,1493,0,0.00067777606
Warm A,164322,1051,1050,2451,1493,0,-0.0014744126
Warm A,150928,971,970,2451,1493,0,-9.968116e-05
Warm A,156602,1010,1009,2451,1493,0,-0.0036860502
Warm A,133280,860,859,2451,1493,0,-0.0041763256
Warm A,123814,798,797,2451,1493,0,0.0005631973
Warm A,351483,2063,2062,2451,1493,0,-0.0057580476
Warm A,94690,636,635,2451,1493,0,-0.0080269575
Warm A,140630,904,903,2451,1493,0,0.0045006457
Warm A,57586,390,389,2451,1493,0,-0.0022510788
Warm A,53619,352,351,2451,1493,1,-0.0007345823
Warm A,132308,855,854,2451,1493,0,-0.00043896446
Warm A,37360,255,254,2451,1493,1,-0.0015399598
Warm A,36376,245,244,2451,1493,0,-0.011175382
Warm A,239764,1449,1448,2451,1493,0,-0.013455715
Warm A,192662,1186,1185,2451,1493,1,-0.004606043
Warm A,14432,117,116,2451,1493,1,-0.008725366
Warm A,290007,1733,1732,2451,1493,0,-0.007864574
Warm A,237674,1447,1446,2451,1493,0,-0.006494845
Warm A,65213,438,437,2451,1493,0,-0.0026941055
Warm A,366081,2131,2130,2451,1493,1,-0.0012117568
Warm A,331369,1958,1957,2451,1493,0,0.0052729635
Warm A,62644,424,423,2451,1493,0,-0.0059338408
Warm A,933348,5636,5635,2451,1493,0,0.007927331
Warm A,115934,752,751,2451,1493,0,0.0026522933
Warm A,620600,3760,3759,2453,1494,0,0.0057272557
Warm A,617402,3737,3736,2453,1494,1,0.0051876567
Warm A,612833,3715,3714,2453,1494,1,0.002339717
Warm A,612408,3713,3712,2453,1494,0,0.015238049
Warm A,653998,3942,3941,2453,1494,0,0.0075375983
Warm A,651983,3931,3930,2453,1494,0,0.0070684357
Warm A,726366,4345,4344,2453,1494,1,0.009041625
Warm A,583248,3562,3561,2453,1494,0,0.007562773
Warm A,579071,3539,3538,2453,1494,0,0.008503498
Warm A,593476,3618,3617,2453,1494,0,0.004775032
Warm A,904146,5468,5467,2453,1494,0,0.011868337
Warm A,556364,3419,3418,2453,1494,1,0.004659866
Warm A,573436,3512,3511,2453,1494,0,0.006542453
Warm A,548903,3389,3388,2453,1494,0,0.009725712
Warm A,645127,3885,3884,2453,1494,0,0.0057600355
Warm A,549836,3391,3390,2453,1494,0,0.004969089
Warm A,544332,3356,3355,2453,1494,0,0.0069184527
Warm A,537771,3312,3311,2453,1494,1,0.009000867
Warm A,536891,3311,3310,2453,1494,0,0.012107551
Warm A,533086,3292,3291,2453,1494,0,0.011404045
Warm A,512645,3163,3162,2453,1494,1,0.0077097975
Warm A,502046,3082,3081,2453,1494,1,0.0066443705
Warm A,797549,4784,4783,2453,1494,0,0.002120849
Warm A,493270,3031,3030,2453,1494,1,0.01439661
Warm A,738073,4411,4410,2453,1494,1,0.0023268838
Warm A,599808,3650,3649,2453,1494,0,0.0082054315
Warm A,529494,3272,3271,2453,1494,1,-0.0028925256
Warm A,479184,2941,2940,2453,1494,0,0.00027894764
Warm A,477905,2934,2933,2453,1494,1,0.0042018574
Warm A,462500,2854,2853,2453,1494,0,0.0014144689
Warm A,450625,2777,2776,2453,1494,0,0.011696235
Warm A,418499,2529,2528,2453,1494,1,0.007746566
Warm A,408608,2454,2453,2453,1494,0,0.009983401
Warm A,387196,2264,2263,2453,1494,0,0.006097163
Warm A,372977,2178,2177,2453,1494,1,-0.0046618786
Warm A,366919,2140,2139,2453,1494,0,0.005778265
Warm A,366824,2139,2138,2453,1494,1,0.0043743122
Warm A,364608,2124,2123,2453,1494,1,0.01198858
Warm A,355307,2078,2077,2453,1494,0,0.0060374252
Warm A,348379,2042,2041,2453,1494,1,0.0049003903
Warm A,343544,2018,2017,2453,1494,0,0.0074942694
Warm A,338822,1996,1995,2453,1494,1,0.006891018
Warm A,335572,1980,1979,2453,1494,1,0.0021208131
Warm A,288781,1726,1725,2453,1494,0,0.016464412
Warm A,290880,1736,1735,2453,1494,0,0.010420246
Warm A,259338,1587,1586,2453,1494,0,0.011270918
Warm A,360540,2106,2105,2453,1494,0,0.0031019105
Warm A,241017,1451,1450,2453,1494,1,0.0063652033
Warm A,213315,1298,1297,2453,1494,0,0.007890507
Warm A,272705,1647,1646,2453,1494,0,0.012190683
Warm A,203971,1255,1254,2453,1494,1,0.0067079365
Warm A,196941,1209,1208,2453,1494,1,0.008080631
Warm A,263069,1605,1604,2453,1494,1,0.008798145
Warm A,163143,1042,1041,2453,1494,0,0.010528352
Warm A,161951,1033,1032,2453,1494,0,0.008747118
Warm A,157874,1015,1014,2453,1494,0,0.005512065
Warm A,212408,1294,1293,2453,1494,1,0.005293504
Warm A,225464,1365,1364,2453,1494,0,0.002962526
Warm A,145252,935,934,2453,1494,1,0.0032166662
Warm A,135115,874,873,2453,1494,1,0.0033599269
Warm A,134068,869,868,2453,1494,0,-0.0003064418
Warm A,331372,1958,1957,2453,1494,0,0.004748813
Warm A,132967,858,857,2453,1494,1,0.009479364
Warm A,127235,822,821,2453,1494,1,0.0059662554
Warm A,123318,796,795,2453,1494,0,0.01011422
Warm A,118666,767,766,2453,1494,1,0.0052249944
Warm A,119053,770,769,2453,1494,0,0.009183426
Warm A,272059,1645,1644,2453,1494,1,0.007540861
Warm A,99293,662,661,2453,1494,0,0.0052049058
Warm A,98395,659,658,2453,1494,1,0.009695491
Warm A,98301,658,657,2453,1494,0,0.006436752
Warm A,332169,1960,1959,2453,1494,1,6.0813967e-05
Warm A,93742,629,628,2453,1494,1,0.007479199
Warm A,87408,571,570,2453,1494,0,0.008410589
Warm A,84932,552,551,2453,1494,0,0.008318422
Warm A,82827,549,548,2453,1494,1,0.0031912723
Warm A,238668,1448,1447,2453,1494,1,0.0023713156
Warm A,83935,550,549,2453,1494,0,0.0019911604
Warm A,76107,517,516,2453,1494,1,0.002894661
Warm A,73618,499,498,2453,1494,1,0.006040704
Warm A,70675,476,475,2453,1494,0,0.005944953
Warm A,64915,436,435,2453,1494,1,0.0014611986
Warm A,64157,429,428,2453,1494,0,0.013230417
Warm A,57401,388,387,2453,1494,0,0.0023643435
Warm A,132310,855,854,2453,1494,0,-0.0026395046
Warm A,45879,308,307,2453,1494,0,0.010680925
Warm A,62647,424,423,2453,1494,0,0.010726983
Warm A,39962,271,270,2453,1494,1,0.009322176
Warm A,29129,199,198,2453,1494,0,0.005219038
Warm A,14435,117,116,2453,1494,0,0.005228223
Warm A,11170,83,82,2453,1494,1,0.0015200265
Warm A,1134,10,9,2453,1494,1,-5.1673036e-05
Warm A,14188,116,115,2453,1494,1,-0.0048970073
Warm A,79182,531,530,2453,1494,0,0.004073321
Warm A,19320,148,147,2453,1494,0,0.0064544943
Warm A,354745,2077,2076,2453,1494,0,0.01172957
Warm A,257479,1579,1578,2453,1494,0,0.014291699
Warm A,255719,1557,1556,2453,1494,1,0.005303515
Warm A,237677,1447,1446,2453,1494,1,0.0034826624
Warm A,11931,92,91,2453,1494,0,0.008504227
Warm A,60644,411,410,2453,1494,0,0.01043959
Warm A,164325,1051,1050,2453,1494,1,0.008745506
Warm A,95347,639,638,2453,1494,1,0.009816213
Warm A,102016,678,677,2453,1494,0,0.006245926
Warm A,28054,195,194,2453,1494,1,0.008790213
Warm A,787110,4708,4707,2453,1494,0,0.007621935
Warm A,917228,5543,5542,2453,1494,0,0.0044800895
Warm A,144784,934,933,2453,1494,0,0.0123383505
Warm A,234790,1425,1424,2453,1494,0,0.015137737
Warm A,718461,4305,4304,2453,1494,0,0.0029989025
Warm A,831898,5001,5000,2453,1494,0,0.002220165
Warm A,699591,4186,4185,2453,1494,0,0.014843237
Warm A,295562,1755,1754,2453,1494,0,0.006379386
Warm A,341440,2012,2011,2453,1494,0,0.007382227
Warm A,193487,1194,1193,2453,1494,0,0.0016429523
Warm A,825497,4958,4957,2453,1494,1,0.004714513
Warm A,539769,3320,3319,2458,1499,0,0.0138205765
Warm A,515332,3182,3181,2458,1499,0,0.010182959
Warm A,514797,3180,3179,2458,1499,0,0.007821678
Warm A,566067,3476,3475,2458,1499,0,0.0062113544
Warm A,508503,3129,3128,2458,1499,0,0.015559857
Warm A,504871,3107,3106,2458,1499,1,0.0033548078
Warm A,493864,3032,3031,2458,1499,0,0.011650333
Warm A,491983,3026,3025,2458,1499,0,0.011062006
Warm A,472384,2907,2906,2458,1499,1,0.0026110583
Warm A,469854,2895,2894,2458,1499,0,0.017812693
Warm A,564221,3471,3470,2458,1499,0,0.012365922
Warm A,467733,2883,2882,2458,1499,0,0.0094776945
Warm A,452227,2785,2784,2458,1499,0,0.0054465095
Warm A,450188,2776,2775,2458,1499,0,0.0062937196
Warm A,420407,2541,2540,2458,1499,0,0.012347537
Warm A,393512,2316,2315,2458,1499,0,0.0106669385
Warm A,388866,2279,2278,2458,1499,0,0.0071528256
Warm A,379303,2216,2215,2458,1499,0,0.003973944
Warm A,385187,2251,2250,2458,1499,0,0.010220364
Warm A,366445,2134,2133,2458,1499,1,0.006402473
Warm A,359780,2104,2103,2458,1499,0,0.012234262
Warm A,359256,2102,2101,2458,1499,0,0.0038978392
Warm A,380726,2225,2224,2458,1499,0,0.009336653
Warm A,341447,2012,2011,2458,1499,0,0.011333136
Warm A,323094,1916,1915,2458,1499,0,0.0011169568
Warm A,293382,1747,1746,2458,1499,0,0.009219168
Warm A,290882,1736,1735,2458,1499,1,0.0076835686
Warm A,291198,1737,1736,2458,1499,0,0.005063631
Warm A,265589,1613,1612,2458,1499,0,0.016838256
Warm A,205074,1262,1261,2458,1499,1,0.002311504
Warm A,202949,1246,1245,2458,1499,0,0.013395147
Warm A,278778,1680,1679,2458,1499,0,0.011024736
Warm A,308428,1837,1836,2458,1499,0,0.012582326
Warm A,307255,1835,1834,2458,1499,1,0.010437625
Warm A,173538,1100,1099,2458,1499,0,0.010146819
Warm A,331377,1958,1957,2458,1499,0,0.012840722
Warm A,167716,1068,1067,2458,1499,0,0.012451371
Warm A,212796,1297,1296,2458,1499,0,0.005027058
Warm A,156612,1010,1009,2458,1499,0,0.01146282
Warm A,159888,1019,1018,2458,1499,0,0.0112590175
Warm A,315016,1880,1879,2458,1499,0,0.004335706
Warm A,605634,3681,3680,2458,1499,0,0.013369517
Warm A,239773,1449,1448,2458,1499,0,0.00769049
Warm A,144069,929,928,2458,1499,0,0.015423609
Warm A,233943,1422,1421,2458,1499,0,0.0072336476
Warm A,351494,2063,2062,2458,1499,0,0.020170122
Warm A,84933,552,551,2458,1499,0,0.006291172
Warm A,82835,549,548,2458,1499,0,0.011894182
Warm A,238677,1448,1447,2458,1499,0,0.005963657
Warm A,190545,1181,1180,2458,1499,0,0.018501572
Warm A,119060,770,769,2458,1499,0,0.012297553
Warm A,81515,543,542,2458,1499,0,0.0062687434
Warm A,70376,475,474,2458,1499,1,0.009505512
Warm A,71836,482,481,2458,1499,0,0.007732471
Warm A,69190,463,462,2458,1499,0,0.0024446603
Warm A,57996,392,391,2458,1499,0,0.006300888
Warm A,53636,352,351,2458,1499,0,0.0057752933
Warm A,44409,302,301,2458,1499,0,0.016779609
Warm A,40329,272,271,2458,1499,1,0.013105498
Warm A,16425,130,129,2458,1499,0,0.005007196
Warm A,206703,1266,1265,2458,1499,0,0.006297396
Warm A,552148,3401,3400,2458,1499,0,0.004136697
Warm A,105904,699,698,2458,1499,0,0.015814666
Warm A,892838,5394,5393,2458,1499,0,0.010476413
Warm A,689767,4126,4125,2458,1499,0,0.0073362608
Warm A,62657,424,423,2458,1499,0,0.013129003
Warm A,933350,5636,5635,2458,1499,0,0.00495397
Warm A,193492,1194,1193,2458,1499,0,0.0016675733
Warm A,62121,419,418,2458,1499,0,0.0010160501
Warm A,549842,3391,3390,2458,1499,0,0.006240907
Warm A,515336,3182,3181,2460,1501,0,0.011385049
Warm A,514014,3172,3171,2460,1501,1,0.0012781032
Warm A,516333,3189,3188,2460,1501,0,0.010726858
Warm A,566071,3476,3475,2460,1501,0,0.014997017
Warm A,509446,3138,3137,2460,1501,0,0.004492457
Warm A,508505,3129,3128,2460,1501,0,-0.0018449714
Warm A,485442,2987,2986,2460,1501,0,0.004186174
Warm A,476692,2928,2927,2460,1501,0,0.002745347
Warm A,895379,5412,5411,2460,1501,0,0.0043596076
Warm A,754605,4497,4496,2460,1501,0,0.0045837937
Warm A,450190,2776,2775,2460,1501,0,0.0098064365
Warm A,449207,2770,2769,2460,1501,0,-0.002473225
Warm A,453224,2792,2791,2460,1501,0,0.008446193
Warm A,433968,2645,2644,2460,1501,0,0.008186808
Warm A,430689,2625,2624,2460,1501,0,0.00030685868
Warm A,426395,2590,2589,2460,1501,1,-0.002156259
Warm A,409513,2457,2456,2460,1501,0,0.0074083908
Warm A,385189,2251,2250,2460,1501,0,0.0066282144
Warm A,369800,2164,2163,2460,1501,0,-0.0022254041
Warm A,305767,1820,1819,2460,1501,0,-0.0050115795
Warm A,291202,1737,1736,2460,1501,0,0.011678692
Warm A,278790,1680,1679,2460,1501,1,0.013242954
Warm A,280430,1683,1682,2460,1501,0,0.0069983723
Warm A,270778,1639,1638,2460,1501,0,0.006016171
Warm A,267502,1626,1625,2460,1501,0,0.0077392315
Warm A,247551,1496,1495,2460,1501,1,0.004332396
Warm A,350251,2056,2055,2460,1501,1,-0.00060953037
Warm A,327742,1941,1940,2460,1501,0,0.0044467137
Warm A,180188,1128,1127,2460,1501,0,0.009901429
Warm A,176367,1115,1114,2460,1501,0,0.011103019
Warm A,196360,1207,1206,2460,1501,0,0.008504906
Warm A,190553,1181,1180,2460,1501,0,0.005022956
Warm A,159130,1017,1016,2460,1501,0,0.0064015025
Warm A,125487,808,807,2460,1501,0,0.016728234
Warm A,123820,798,797,2460,1501,0,0.0031825905
Warm A,210679,1285,1284,2460,1501,0,0.0046727583
Warm A,107148,705,704,2460,1501,0,0.0014378612
Warm A,94694,636,635,2460,1501,1,0.008972729
Warm A,92698,621,620,2460,1501,0,-0.0023512905
Warm A,140638,904,903,2460,1501,0,0.0020765013
Warm A,82844,549,548,2460,1501,0,0.01564158
Warm A,233947,1422,1421,2460,1501,0,0.0019585285
Warm A,81518,543,542,2460,1501,0,0.0043629846
Warm A,57592,390,389,2460,1501,1,0.006432989
Warm A,41170,278,277,2460,1501,0,-0.004171435
Warm A,14454,117,116,2460,1501,0,0.0033375998
Warm A,6122,44,43,2460,1501,0,0.004243454
Warm A,432575,2638,2637,2460,1501,0,-0.0041757897
Warm A,298980,1776,1775,2460,1501,0,-0.0031644034
Warm A,237691,1447,1446,2460,1501,0,0.006891351
Warm A,264967,1611,1610,2460,1501,0,0.0011179857
Warm A,760620,4520,4519,2460,1501,0,0.001046143
Warm A,290021,1733,1732,2460,1501,0,0.00486673
Warm A,474327,2910,2909,2460,1501,1,0.0010627608
Warm A,62667,424,423,2460,1501,0,0.0053388425
Warm A,457730,2820,2819,2460,1501,0,0.0077626947
Warm A,237693,1447,1446,2461,1502,0,0.011472902
Warm A,974239,5878,5877,2461,1502,0,0.012816852
Warm A,227012,1377,1376,2472,1509,0,0.013660285
Warm A,304733,1812,1811,2472,1509,0,0.0032969646
Warm A,205085,1262,1261,2472,1509,0,0.0056365216
Warm A,278828,1680,1679,2472,1509,1,0.013314443
Warm A,308458,1837,1836,2472,1509,0,0.017266575
Warm A,307280,1835,1834,2472,1509,0,0.013614822
Warm A,214714,1303,1302,2472,1509,0,0.015071707
Warm A,331403,1958,1957,2472,1509,0,0.011397241
Warm A,164360,1051,1050,2472,1509,1,0.01663851
Warm A,146858,948,947,2472,1509,1,0.0010390328
Warm A,185022,1150,1149,2472,1509,0,0.014141912
Warm A,156643,1010,1009,2472,1509,0,0.016284335
Warm A,106686,702,701,2472,1509,0,0.004596636
Warm A,239808,1449,1448,2472,1509,0,0.012724022
Warm A,283971,1698,1697,2472,1509,0,0.009208491
Warm A,362809,2116,2115,2472,1509,1,0.01063443
Warm A,190589,1181,1180,2472,1509,0,0.002955968
Warm A,71860,482,481,2472,1509,0,0.005105867
Warm A,53684,352,351,2472,1509,0,0.010191014
Warm A,45901,308,307,2472,1509,0,0.009257965
Warm A,43622,300,299,2472,1509,0,0.010903081
Warm A,25233,178,177,2472,1509,0,0.0060205967
Warm A,238703,1448,1447,2472,1509,0,0.011448323
Warm A,9254,62,61,2472,1509,1,0.007120118
Warm A,892848,5394,5393,2472,1509,0,0.010700092
Warm A,744747,4448,4447,2472,1509,0,0.013287432
Warm A,257508,1579,1578,2472,1509,0,0.016929753
Warm A,633041,3824,3823,2472,1509,0,0.0070157186
Warm A,473351,2909,2908,2472,1509,1,0.0085811475
Warm A,136367,881,880,2472,1509,0,0.016176678
Warm A,609592,3695,3694,2472,1509,0,0.00610457
Warm A,141409,911,910,2472,1509,0,0.009825641
Warm A,549879,3391,3390,2472,1509,0,0.014669337
Warm A,664573,4001,4000,2473,1510,0,0.0011119649
Warm A,663837,3999,3998,2473,1510,0,0.00048829475
Warm A,661881,3992,3991,2473,1510,0,0.010910561
Warm A,651278,3929,3928,2473,1510,0,0.00628992
Warm A,672410,4041,4040,2473,1510,0,0.0055024126
Warm A,648209,3903,3902,2473,1510,1,-0.0050916215
Warm A,647627,3900,3899,2473,1510,0,-0.0055262297
Warm A,629192,3808,3807,2473,1510,0,0.009122519
Warm A,625433,3780,3779,2473,1510,0,0.017748244
Warm A,623784,3773,3772,2473,1510,0,0.0043172026
Warm A,621970,3768,3767,2473,1510,0,0.00724274
Warm A,612433,3713,3712,2473,1510,0,0.011441046
Warm A,611786,3709,3708,2473,1510,0,0.009160269
Warm A,719950,4312,4311,2473,1510,0,0.0072704414
Warm A,606395,3683,3682,2473,1510,0,0.0006768543
Warm A,633042,3824,3823,2473,1510,0,0.008797808
Warm A,596391,3626,3625,2473,1510,0,0.011693332
Warm A,583283,3562,3561,2473,1510,0,0.007848391
Warm A,576958,3526,3525,2473,1510,0,-0.0017800886
Warm A,579108,3539,3538,2473,1510,0,-0.00069326605
Warm A,571952,3507,3506,2473,1510,0,0.0051951376
Warm A,570214,3499,3498,2473,1510,0,0.0076577365
Warm A,560720,3449,3448,2473,1510,0,0.0012247753
Warm A,556811,3422,3421,2473,1510,0,0.0020000534
Warm A,552165,3401,3400,2473,1510,0,0.0045240717
Warm A,549882,3391,3390,2473,1510,0,0.0021121297
Warm A,536933,3311,3310,2473,1510,0,0.001451314
Warm A,539783,3320,3319,2473,1510,0,0.0077876635
Warm A,575183,3519,3518,2473,1510,0,0.004485338
Warm A,530874,3280,3279,2473,1510,0,0.002765663
Warm A,522322,3224,3223,2473,1510,0,0.010845939
Warm A,519178,3203,3202,2473,1510,0,0.0045128837
Warm A,514803,3180,3179,2473,1510,0,0.003971615
Warm A,513453,3167,3166,2473,1510,0,0.0043594684
Warm A,605652,3681,3680,2473,1510,0,-0.00086180994
Warm A,508513,3129,3128,2473,1510,0,0.0120809935
Warm A,504017,3098,3097,2473,1510,0,0.0021438452
Warm A,502060,3082,3081,2473,1510,0,0.0021824227
Warm A,501694,3081,3080,2473,1510,0,0.016062291
Warm A,501188,3080,3079,2473,1510,0,0.00664081
Warm A,493898,3032,3031,2473,1510,1,0.0045334296
Warm A,659079,3971,3970,2473,1510,0,0.01120295
Warm A,493287,3031,3030,2473,1510,0,0.010852556
Warm A,477933,2934,2933,2473,1510,0,-0.0012551905
Warm A,695971,4169,4168,2473,1510,0,0.0045490265
Warm A,472406,2907,2906,2473,1510,0,0.0067835995
Warm A,468295,2887,2886,2473,1510,0,0.008967285
Warm A,455167,2802,2801,2473,1510,0,0.0053860513
Warm A,748812,4471,4470,2473,1510,0,0.008946158
Warm A,438782,2681,2680,2473,1510,1,0.0100794565
Warm A,433972,2645,2644,2473,1510,0,7.378473e-05
Warm A,432994,2639,2638,2473,1510,0,-0.0065384815
Warm A,423106,2565,2564,2473,1510,1,-0.0027708614
Warm A,420414,2541,2540,2473,1510,1,0.004833907
Warm A,419666,2537,2536,2473,1510,0,0.00064615556
Warm A,409125,2456,2455,2473,1510,0,0.010349188
Warm A,402213,2402,2401,2473,1510,0,0.006954746
Warm A,404435,2419,2418,2473,1510,0,0.0066193873
Warm A,398119,2367,2366,2473,1510,0,0.00039650267
Warm A,399765,2380,2379,2473,1510,0,0.003011149
Warm A,359961,2105,2104,2473,1510,0,-0.0003002733
Warm A,380739,2225,2224,2473,1510,0,0.012353088
Warm A,331404,1958,1957,2473,1510,0,0.005150609
Warm A,298651,1773,1772,2473,1510,0,-0.0018113033
Warm A,298524,1770,1769,2473,1510,0,0.012420568
Warm A,291221,1737,1736,2473,1510,0,-0.0008914118
Warm A,281189,1687,1686,2473,1510,1,-0.013433781
Warm A,323709,1920,1919,2473,1510,0,-0.002947777
Warm A,259354,1587,1586,2473,1510,0,0.0070468
Warm A,256737,1570,1569,2473,1510,0,-0.005489544
Warm A,265611,1613,1612,2473,1510,0,0.0023588655
Warm A,326694,1937,1936,2473,1510,0,0.002555197
Warm A,356791,2090,2089,2473,1510,1,-0.0017510932
Warm A,227013,1377,1376,2473,1510,0,0.012988022
Warm A,335620,1980,1979,2473,1510,0,0.011039794
Warm A,205086,1262,1261,2473,1510,0,0.0072852313
Warm A,261639,1599,1598,2473,1510,0,0.00038578408
Warm A,278830,1680,1679,2473,1510,0,0.0079304855
Warm A,304734,1812,1811,2473,1510,1,0.0005463171
Warm A,213333,1298,1297,2473,1510,0,-0.0016946485
Warm A,307282,1835,1834,2473,1510,0,0.0067336103
Warm A,180198,1128,1127,2473,1510,0,0.0011059993
Warm A,173548,1100,1099,2473,1510,0,-0.007151492
Warm A,248703,1501,1500,2473,1510,1,-0.0028575764
Warm A,183107,1141,1140,2473,1510,0,-0.0010809381
Warm A,155769,1004,1003,2473,1510,0,0.008484956
Warm A,164362,1051,1050,2473,1510,1,0.0139747495
Warm A,185024,1150,1149,2473,1510,0,-0.0028526322
Warm A,106687,702,701,2473,1510,0,0.0005540694
Warm A,263101,1605,1604,2473,1510,0,0.0072059412
Warm A,233965,1422,1421,2473,1510,0,-0.0029043604
Warm A,351535,2063,2062,2473,1510,0,0.009889509
Warm A,82872,549,548,2473,1510,0,0.007899858
Warm A,190591,1181,1180,2473,1510,0,0.0098515935
Warm A,119082,770,769,2473,1510,0,0.0033719214
Warm A,81537,543,542,2473,1510,0,0.0050174133
Warm A,70381,475,474,2473,1510,0,0.001034253
Warm A,71861,482,481,2473,1510,0,0.0055824164
Warm A,239810,1449,1448,2473,1510,0,-0.0018637164
Warm A,53685,352,351,2473,1510,0,0.0018708077
Warm A,132327,855,854,2473,1510,0,0.0004040508
Warm A,25600,181,180,2473,1510,0,0.0067337845
Warm A,481683,2962,2961,2473,1510,0,0.0065730913
Warm A,21545,157,156,2473,1510,0,0.0043580085
Warm A,238705,1448,1447,2473,1510,0,0.005133598
Warm A,15570,123,122,2473,1510,0,-0.003568619
Warm A,6441,45,44,2473,1510,1,0.0097872615
Warm A,3757,26,25,2473,1510,0,0.0027087987
Warm A,78332,528,527,2473,1510,0,0.0035561994
Warm A,432590,2638,2637,2473,1510,0,0.013124314
Warm A,892850,5394,5393,2473,1510,0,-0.0008643288
Warm A,257509,1579,1578,2473,1510,1,0.0034995314
Warm A,49374,329,328,2473,1510,0,0.0024185833
Warm A,954191,5761,5760,2473,1510,0,0.0054401774
Warm A,333757,1969,1968,2473,1510,0,-0.00042804447
Warm A,828593,4979,4978,2473,1510,0,0.014365345
Warm A,744748,4448,4447,2473,1510,0,0.013526259
Warm A,272732,1647,1646,2473,1510,0,0.011162202
Warm A,102054,678,677,2473,1510,0,0.007116746
Warm A,680547,4079,4078,2473,1510,1,0.011581827
Warm A,115977,752,751,2473,1510,0,0.0111758765
Warm A,327772,1941,1940,2473,1510,0,0.008133997
Warm A,581248,3550,3549,2473,1510,0,0.012308922
Warm A,62689,424,423,2473,1510,0,0.008880267
Warm A,342281,2015,2014,2473,1510,0,0.007540557
Warm A,34702,235,234,2473,1510,0,-0.0020392223
Warm A,609027,3693,3692,2473,1510,0,0.012749471
Warm A,930343,5621,5620,2473,1510,0,0.008438978
Warm A,310570,1851,1850,2473,1510,0,0.005625278
Warm A,145734,937,936,2473,1510,0,0.0019528866
Warm A,174038,1101,1100,2473,1510,0,0.0062891557
Warm A,599108,3648,3647,2473,1510,0,0.0037039728
Warm A,193515,1194,1193,2473,1510,0,0.015607257
Warm A,623655,3772,3771,2475,1512,0,0.012252845
Warm A,615538,3727,3726,2475,1512,0,0.004026792
Warm A,633044,3824,3823,2475,1512,0,0.010111128
Warm A,593531,3618,3617,2475,1512,0,0.010511925
Warm A,569044,3491,3490,2475,1512,0,0.019307775
Warm A,567323,3483,3482,2475,1512,0,0.01373389
Warm A,552167,3401,3400,2475,1512,0,0.013471438
Warm A,576959,3526,3525,2475,1512,0,0.009172098
Warm A,535838,3308,3307,2475,1512,0,0.011531109
Warm A,528076,3265,3264,2475,1512,0,0.020134183
Warm A,525022,3242,3241,2475,1512,0,0.014624177
Warm A,534628,3300,3299,2475,1512,1,0.0053028795
Warm A,518652,3201,3200,2475,1512,0,0.00070650876
Warm A,522325,3224,3223,2475,1512,1,0.0041196276
Warm A,539784,3320,3319,2475,1512,0,0.008707206
Warm A,930080,5620,5619,2475,1512,0,0.013783067
Warm A,816036,4899,4898,2475,1512,0,0.011650688
Warm A,502376,3083,3082,2475,1512,0,0.006809408
Warm A,493900,3032,3031,2475,1512,0,0.01374202
Warm A,490621,3018,3017,2475,1512,1,0.0024680048
Warm A,486183,2994,2993,2475,1512,0,0.02047866
Warm A,695975,4169,4168,2475,1512,0,0.016978275
Warm A,754611,4497,4496,2475,1512,1,-0.0012569281
Warm A,463122,2857,2856,2475,1512,0,0.014231812
Warm A,457754,2820,2819,2475,1512,0,0.0030475338
Warm A,453571,2793,2792,2475,1512,0,0.015868165
Warm A,447850,2761,2760,2475,1512,1,0.011304313
Warm A,446333,2752,2751,2475,1512,1,0.014417705
Warm A,428767,2609,2608,2475,1512,1,0.0050193965
Warm A,446771,2753,2752,2475,1512,1,0.008408637
Warm A,418526,2529,2528,2475,1512,1,0.002416722
Warm A,426849,2592,2591,2475,1512,1,0.008167142
Warm A,409126,2456,2455,2475,1512,0,0.010967741
Warm A,404139,2415,2414,2475,1512,0,0.002151275
Warm A,402215,2402,2401,2475,1512,0,0.009354446
Warm A,407744,2451,2450,2475,1512,0,0.014721721
Warm A,388877,2279,2278,2475,1512,1,0.0048192153
Warm A,425627,2583,2582,2475,1512,1,0.008438218
Warm A,381570,2231,2230,2475,1512,0,0.016526926
Warm A,375035,2186,2185,2475,1512,0,0.010099078
Warm A,369809,2164,2163,2475,1512,1,0.0063588344
Warm A,357315,2092,2091,2475,1512,0,0.006260141
Warm A,339652,2002,2001,2475,1512,0,0.006292327
Warm A,253702,1543,1542,2475,1512,0,0.008613163
Warm A,316675,1884,1883,2475,1512,1,0.009220551
Warm A,232321,1410,1409,2475,1512,1,0.0034298142
Warm A,227014,1377,1376,2475,1512,0,0.006004036
Warm A,200739,1233,1232,2475,1512,1,-0.00023109792
Warm A,278832,1680,1679,2475,1512,1,0.020450821
Warm A,219753,1333,1332,2475,1512,1,0.008244788
Warm A,192541,1185,1184,2475,1512,0,0.0014592134
Warm A,165161,1053,1052,2475,1512,0,0.014974464
Warm A,275437,1667,1666,2475,1512,1,0.0040213983
Warm A,154294,996,995,2475,1512,0,0.008275219
Warm A,151521,975,974,2475,1512,1,0.014381342
Warm A,185027,1150,1149,2475,1512,0,0.023990642
Warm A,140528,903,902,2475,1512,1,0.011185135
Warm A,137949,889,888,2475,1512,0,0.01601287
Warm A,490045,3015,3014,2475,1512,0,6.914046e-05
Warm A,210700,1285,1284,2475,1512,0,0.018410664
Warm A,198135,1218,1217,2475,1512,1,0.005977097
Warm A,239812,1449,1448,2475,1512,0,0.01857191
Warm A,98652,660,659,2475,1512,0,0.0054615857
Warm A,270791,1639,1638,2475,1512,1,0.009672962
Warm A,228090,1383,1382,2475,1512,0,0.01040009
Warm A,150468,970,969,2475,1512,0,0.014255289
Warm A,84937,552,551,2475,1512,1,0.005630398
Warm A,77295,524,523,2475,1512,1,0.017284436
Warm A,74020,504,503,2475,1512,0,0.006988533
Warm A,72904,493,492,2475,1512,1,0.0041718394
Warm A,53688,352,351,2475,1512,1,0.00868821
Warm A,110659,721,720,2475,1512,1,0.012130503
Warm A,36430,245,244,2475,1512,0,0.010192627
Warm A,481684,2962,2961,2475,1512,0,0.00849124
Warm A,380740,2225,2224,2475,1512,0,0.013374934
Warm A,432592,2638,2637,2475,1512,0,0.0185337
Warm A,293644,1748,1747,2475,1512,0,0.013217453
Warm A,602414,3665,3664,2475,1512,1,0.0065115457
Warm A,25901,183,182,2475,1512,1,0.0011796822
Warm A,324881,1925,1924,2475,1512,1,-0.0014393339
Warm A,184307,1147,1146,2488,1516,1,-0.009236587
Warm A,182705,1140,1139,2488,1516,1,0.0020725834
Warm A,159144,1017,1016,2488,1516,1,0.011200916
Warm A,157946,1015,1014,2488,1516,1,0.012263162
Warm A,151942,977,976,2488,1516,1,0.005710908
Warm A,148970,958,957,2488,1516,1,0.0035596807
Warm A,137983,889,888,2488,1516,1,4.8178714e-05
Warm A,134100,869,868,2488,1516,1,0.0009903791
Warm A,131057,850,849,2488,1516,1,0.009089115
Warm A,128278,830,829,2488,1516,1,0.008957686
Warm A,270798,1639,1638,2488,1516,1,0.009785816
Warm A,77312,524,523,2488,1516,1,0.013741912
Warm A,74675,509,508,2488,1516,1,0.008441623
Warm A,69459,466,465,2488,1516,1,-0.0037504092
Warm A,947511,5722,5721,2488,1516,1,-0.0063056713
Warm A,459112,2826,2825,2488,1516,1,0.0012546531
Warm A,481694,2962,2961,2488,1516,0,0.010971478
Warm A,480803,2952,2951,2488,1516,1,0.0075772377
Warm A,24337,173,172,2488,1516,1,-0.003050861
Warm A,451471,2779,2778,2488,1516,1,0.0057386737
Warm A,534960,3301,3300,2488,1516,1,0.0018175943
Warm A,631437,3821,3820,2488,1516,0,0.0077241287
Warm A,208663,1274,1273,2488,1516,1,-0.0030968862
Warm A,28128,195,194,2488,1516,1,0.00035365764
Warm A,322193,1912,1911,2488,1516,0,0.009769523
Warm A,277511,1676,1675,2491,1518,0,0.004570524
Warm A,281779,1690,1689,2491,1518,0,0.0031890897
Warm A,264338,1608,1607,2491,1518,0,0.0040137367
Warm A,252923,1533,1532,2491,1518,1,-0.00062343106
Warm A,236594,1436,1435,2491,1518,1,0.0019038818
Warm A,236331,1434,1433,2491,1518,0,-0.005453475
Warm A,233014,1418,1417,2491,1518,0,0.007619275
Warm A,225554,1366,1365,2491,1518,0,0.004146257
Warm A,299513,1778,1777,2491,1518,0,0.007702943
Warm A,216382,1314,1313,2491,1518,1,0.0017603363
Warm A,214060,1300,1299,2491,1518,0,0.008325661
Warm A,278876,1680,1679,2491,1518,0,0.011691831
Warm A,216895,1317,1316,2491,1518,1,-0.00409024
Warm A,188884,1172,1171,2491,1518,0,0.00045160134
Warm A,186462,1153,1152,2491,1518,1,0.004790415
Warm A,285636,1702,1701,2491,1518,1,-0.0064066653
Warm A,180754,1130,1129,2491,1518,0,0.009159543
Warm A,205266,1263,1262,2491,1518,0,0.014425662
Warm A,172829,1096,1095,2491,1518,0,0.0029213952
Warm A,167746,1068,1067,2491,1518,0,0.015443177
Warm A,165553,1055,1054,2491,1518,0,0.014756676
Warm A,156154,1005,1004,2491,1518,0,0.008837607
Warm A,150485,970,969,2491,1518,0,0.01379384
Warm A,139916,897,896,2491,1518,1,-0.0020421376
Warm A,137991,889,888,2491,1518,0,0.009968117
Warm A,134108,869,868,2491,1518,1,0.005172299
Warm A,131806,854,853,2491,1518,0,0.011600191
Warm A,128918,838,837,2491,1518,1,0.011018334
Warm A,128008,828,827,2491,1518,0,0.0056231567
Warm A,327811,1941,1940,2491,1518,1,0.014918994
Warm A,125735,809,808,2491,1518,1,0.0039997026
Warm A,360603,2106,2105,2491,1518,0,-0.005784327
Warm A,349238,2050,2049,2491,1518,1,0.0009645665
Warm A,103641,689,688,2491,1518,0,0.0015041416
Warm A,91159,604,603,2491,1518,0,0.008116292
Warm A,190637,1181,1180,2491,1518,0,0.011832189
Warm A,56975,385,384,2491,1518,0,0.0006738142
Warm A,78352,528,527,2491,1518,1,-0.0023315074
Warm A,29829,202,201,2491,1518,0,0.0068688374
Warm A,29192,199,198,2491,1518,0,0.013764465
Warm A,6178,45,44,2491,1518,0,0.01392127
Warm A,79235,531,530,2491,1518,0,0.009622835
Warm A,88188,582,581,2491,1518,1,0.009430761
Warm A,460596,2841,2840,2491,1518,0,0.0045489864
Warm A,11983,92,91,2491,1518,0,0.011774866
Warm A,102077,678,677,2491,1518,1,0.008104598
Warm A,923884,5580,5579,2491,1518,0,0.002022569
Warm A,907590,5492,5491,2491,1518,1,0.0060791527
Warm A,335654,1980,1979,2491,1518,0,0.003518038
Warm A,187027,1160,1159,2491,1518,0,0.008399226
Warm A,561507,3454,3453,2491,1518,1,0.008278909
Warm A,831907,5001,5000,2491,1518,1,0.0062721036
Warm A,855017,5132,5131,2491,1518,0,-0.00085732946
Warm A,171418,1088,1087,2491,1518,0,0.026691915
Warm A,718487,4305,4304,2491,1518,1,0.004149166
Warm A,452686,2787,2786,2492,1519,1,0.012480903
Warm A,451606,2780,2779,2492,1519,0,0.014920834
Warm A,433977,2645,2644,2492,1519,0,0.009545528
Warm A,430315,2623,2622,2492,1519,0,0.008017791
Warm A,391019,2298,2297,2492,1519,1,0.0065793907
Warm A,433122,2641,2640,2492,1519,1,0.0047013722
Warm A,376700,2199,2198,2492,1519,0,0.0035262706
Warm A,346821,2033,2032,2492,1519,0,0.008644827
Warm A,346599,2031,2030,2492,1519,0,0.0008647216
Warm A,339946,2005,2004,2492,1519,0,-0.0023147622
Warm A,301011,1787,1786,2492,1519,0,-0.0059792586
Warm A,306785,1831,1830,2492,1519,1,-0.0035626157
Warm A,298042,1767,1766,2492,1519,0,0.0078434115
Warm A,281780,1690,1689,2492,1519,0,0.004565065
Warm A,264339,1608,1607,2492,1519,0,-0.0017513208
Warm A,262674,1602,1601,2492,1519,1,0.005180955
Warm A,256426,1565,1564,2492,1519,1,-0.0035942155
Warm A,255879,1560,1559,2492,1519,1,0.012578669
Warm A,246830,1491,1490,2492,1519,0,0.0012384707
Warm A,232388,1411,1410,2492,1519,0,0.0041813375
Warm A,229572,1390,1389,2492,1519,1,0.0115892235
Warm A,231601,1404,1403,2492,1519,0,0.010801883
Warm A,215446,1306,1305,2492,1519,1,0.0052501615
Warm A,214061,1300,1299,2492,1519,1,0.009991958
Warm A,296758,1759,1758,2492,1519,0,0.005621661
Warm A,210729,1285,1284,2492,1519,1,0.0032793195
Warm A,204896,1261,1260,2492,1519,1,0.0047450652
Warm A,200283,1230,1229,2492,1519,1,-0.004233539
Warm A,188886,1172,1171,2492,1519,0,0.009726282
Warm A,333168,1967,1966,2492,1519,1,0.0063874247
Warm A,270397,1636,1635,2492,1519,0,-0.002086539
Warm A,163722,1050,1049,2492,1519,0,0.005249127
Warm A,203586,1251,1250,2492,1519,0,-0.00071338203
Warm A,154055,992,991,2492,1519,0,0.0065072943
Warm A,249194,1502,1501,2492,1519,1,0.0075840387
Warm A,146333,941,940,2492,1519,0,0.017873276
Warm A,156672,1010,1009,2492,1519,0,0.0072693126
Warm A,490047,3015,3014,2492,1519,0,0.0053193974
Warm A,131807,854,853,2492,1519,0,0.016329713
Warm A,205687,1264,1263,2492,1519,0,0.003353307
Warm A,88748,587,586,2492,1519,0,0.0069254898
Warm A,74024,504,503,2492,1519,1,0.0010267429
Warm A,71882,482,481,2492,1519,0,0.006080086
Warm A,65973,442,441,2492,1519,0,0.0004837443
Warm A,63854,426,425,2492,1519,1,0.0018499646
Warm A,62341,423,422,2492,1519,0,0.005215184
Warm A,58962,401,400,2492,1519,0,0.0013136258
Warm A,132344,855,854,2492,1519,0,0.010816913
Warm A,43086,295,294,2492,1519,0,0.007435986
Warm A,312816,1865,1864,2492,1519,1,-0.0003427544
Warm A,40398,272,271,2492,1519,0,0.0059018177
Warm A,31038,208,207,2492,1519,0,0.006911637
Warm A,17794,137,136,2492,1519,0,0.006555141
Warm A,6180,45,44,2492,1519,0,-0.0054602
Warm A,153908,990,989,2492,1519,0,0.007567456
Warm A,330669,1952,1951,2492,1519,0,0.010391723
Warm A,889994,5371,5370,2492,1519,0,0.0031555456
Warm A,201973,1243,1242,2492,1519,0,0.008103976
Warm A,874476,5281,5280,2492,1519,1,0.007030144
Warm A,257527,1579,1578,2492,1519,1,0.014403899
Warm A,661723,3991,3990,2492,1519,0,0.0059898756
Warm A,607064,3685,3684,2492,1519,0,-0.0013354812
Warm A,773429,4610,4609,2492,1519,0,0.00744147
Warm A,507689,3125,3124,2492,1519,1,0.0012805602
Warm A,24350,173,172,2492,1519,0,0.0067088553
Warm A,360605,2106,2105,2492,1519,0,0.0036202348
Warm A,570977,3503,3502,2492,1519,0,0.009838732
Warm A,335149,1978,1977,2492,1519,1,0.007913154
Warm A,356663,2089,2088,2492,1519,1,0.010606592
Warm A,335656,1980,1979,2492,1519,1,0.01183363
Warm A,921015,5565,5564,2492,1519,0,0.006518156
Warm A,811037,4867,4866,2492,1519,1,0.008090399
Warm A,462003,2849,2848,2492,1519,0,0.0026743314
Warm A,415706,2504,2503,2492,1519,0,0.001473431
Warm A,111613,727,726,2492,1519,1,0.0042818077
Warm A,187028,1160,1159,2492,1519,0,0.0060279416
Warm A,434904,2655,2654,2492,1519,0,0.0038360907
Warm A,508165,3128,3127,2492,1519,0,-0.0028067857
Warm A,336664,1982,1981,2492,1519,0,0.016575105
Warm A,323392,1917,1916,2495,1520,1,-0.0025752094
Warm A,316686,1884,1883,2495,1520,0,0.002632923
Warm A,327153,1939,1938,2495,1520,0,0.007203143
Warm A,298303,1768,1767,2495,1520,1,0.00013998989
Warm A,293119,1746,1745,2495,1520,1,0.004036243
Warm A,288407,1723,1722,2495,1520,1,0.0052292463
Warm A,288215,1722,1721,2495,1520,1,0.0038999435
Warm A,292199,1741,1740,2495,1520,1,0.0073409015
Warm A,276117,1671,1670,2495,1520,1,0.009566776
Warm A,278882,1680,1679,2495,1520,1,0.0012396812
Warm A,269803,1635,1634,2495,1520,1,0.004221715
Warm A,268895,1632,1631,2495,1520,1,0.002799833
Warm A,283999,1698,1697,2495,1520,1,0.010298356
Warm A,335659,1980,1979,2495,1520,1,0.012316548
Warm A,315881,1882,1881,2495,1520,1,0.0054281517
Warm A,591835,3610,3609,2495,1520,0,0.004302919
Warm A,197713,1215,1214,2495,1520,1,0.0032962554
Warm A,189975,1179,1178,2495,1520,0,0.012862852
Warm A,177484,1119,1118,2495,1520,1,-0.0005699673
Warm A,165743,1057,1056,2495,1520,0,0.00020132866
Warm A,212818,1297,1296,2495,1520,0,0.0023031966
Warm A,157955,1015,1014,2495,1520,1,0.0061615286
Warm A,436260,2665,2664,2495,1520,0,0.012873519
Warm A,147670,951,950,2495,1520,0,0.0034309097
Warm A,140849,905,904,2495,1520,1,0.0025011434
Warm A,129280,839,838,2495,1520,1,0.0014300898
Warm A,226025,1369,1368,2495,1520,1,0.0022478467
Warm A,152274,980,979,2495,1520,1,-0.0006241184
Warm A,90906,602,601,2495,1520,1,0.0068752724
Warm A,202990,1246,1245,2495,1520,0,0.0077307792
Warm A,86046,563,562,2495,1520,0,-0.0060038706
Warm A,190641,1181,1180,2495,1520,0,-0.0036660014
Warm A,83989,550,549,2495,1520,1,0.0011069612
Warm A,67721,454,453,2495,1520,1,0.005172704
Warm A,481701,2962,2961,2495,1520,0,0.0054665953
Warm A,18085,139,138,2495,1520,0,0.003969198
Warm A,159927,1019,1018,2495,1520,0,0.01244419
Warm A,215448,1306,1305,2495,1520,1,0.0038613277
Warm A,631991,3822,3821,2497,1522,0,0.0034909216
Warm A,599871,3650,3649,2497,1522,0,-0.003102029
Warm A,585986,3577,3576,2497,1522,0,0.006788643
Warm A,562283,3461,3460,2497,1522,0,0.0043976866
Warm A,559864,3441,3440,2497,1522,0,0.012263492
Warm A,658309,3967,3966,2497,1522,1,0.010945432
Warm A,544649,3358,3357,2497,1522,1,0.0037108737
Warm A,547542,3378,3377,2497,1522,0,0.0059956717
Warm A,533146,3292,3291,2497,1522,0,0.022050785
Warm A,530897,3280,3279,2497,1522,0,0.011465039
Warm A,516870,3191,3190,2497,1522,0,0.015073622
Warm A,513678,3169,3168,2497,1522,0,0.0034937104
Warm A,514212,3174,3173,2497,1522,0,0.007755961
Warm A,503606,3095,3094,2497,1522,0,0.017512903
Warm A,502843,3087,3086,2497,1522,1,0.013296982
Warm A,488639,3007,3006,2497,1522,0,0.00023288606
Warm A,477963,2934,2933,2497,1522,0,7.0251524e-05
Warm A,870026,5256,5255,2497,1522,1,0.011539953
Warm A,470346,2896,2895,2497,1522,0,0.004033624
Warm A,468316,2887,2886,2497,1522,0,0.006088594
Warm A,459400,2829,2828,2497,1522,0,0.0064778607
Warm A,518666,3201,3200,2497,1522,0,0.005979934
Warm A,594736,3620,3619,2497,1522,0,0.008414685
Warm A,450696,2777,2776,2497,1522,0,-0.0041979617
Warm A,445107,2745,2744,2497,1522,0,0.00940649
Warm A,444580,2743,2742,2497,1522,1,0.0049657915
Warm A,442737,2728,2727,2497,1522,1,-0.00072021456
Warm A,430025,2621,2620,2497,1522,0,0.0068541365
Warm A,427571,2596,2595,2497,1522,1,0.008132488
Warm A,426860,2592,2591,2497,1522,0,0.006772529
Warm A,423115,2565,2564,2497,1522,1,0.013815054
Warm A,421790,2550,2549,2497,1522,0,0.004490138
Warm A,419254,2533,2532,2497,1522,1,0.008052673
Warm A,463760,2858,2857,2497,1522,1,0.013170536
Warm A,404451,2419,2418,2497,1522,0,0.0053738453
Warm A,402910,2405,2404,2497,1522,1,0.0006251058
Warm A,398515,2371,2370,2497,1522,1,0.0168444
Warm A,395093,2334,2333,2497,1522,0,0.0008252433
Warm A,393082,2309,2308,2497,1522,0,0.0073836893
Warm A,362848,2116,2115,2497,1522,1,0.0006201463
Warm A,351580,2063,2062,2497,1522,1,0.015701491
Warm A,302069,1794,1793,2497,1522,0,0.00087958644
Warm A,269492,1634,1633,2497,1522,0,0.0029062591
Warm A,266904,1620,1619,2497,1522,0,0.008914398
Warm A,254317,1546,1545,2497,1522,0,0.0028254944
Warm A,264548,1609,1608,2497,1522,0,0.0042874618
Warm A,245469,1483,1482,2497,1522,0,0.010375451
Warm A,272763,1647,1646,2497,1522,0,0.009585208
Warm A,203854,1254,1253,2497,1522,0,0.00089713186
Warm A,189601,1175,1174,2497,1522,1,0.0018578894
Warm A,186745,1156,1155,2497,1522,1,0.0010035255
Warm A,188891,1172,1171,2497,1522,0,0.012892924
Warm A,321640,1908,1907,2497,1522,0,0.011472033
Warm A,183125,1141,1140,2497,1522,0,0.013930674
Warm A,331447,1958,1957,2497,1522,0,0.0052706534
Warm A,175411,1112,1111,2497,1522,0,0.00483834
Warm A,334499,1974,1973,2497,1522,0,0.0122547615
Warm A,163727,1050,1049,2497,1522,0,0.0017100372
Warm A,229206,1389,1388,2497,1522,0,0.0058736154
Warm A,413676,2489,2488,2497,1522,0,0.010879289
Warm A,152929,984,983,2497,1522,0,0.018945761
Warm A,190648,1181,1180,2497,1522,0,0.005834769
Warm A,140197,899,898,2497,1522,0,0.00010444736
Warm A,138002,889,888,2497,1522,0,0.012022647
Warm A,131812,854,853,2497,1522,0,0.0013195896
Warm A,127251,822,821,2497,1522,0,0.0055840015
Warm A,304761,1812,1811,2497,1522,0,0.013208347
Warm A,126519,817,816,2497,1522,0,0.00055250595
Warm A,123690,797,796,2497,1522,1,0.0046934816
Warm A,778835,4653,4652,2497,1522,0,0.011410329
Warm A,299516,1778,1777,2497,1522,0,0.0062980475
Warm A,103646,689,688,2497,1522,0,0.0029437696
Warm A,99419,663,662,2497,1522,0,-0.0073880297
Warm A,95922,644,643,2497,1522,0,0.006587685
Warm A,111614,727,726,2497,1522,1,0.014765684
Warm A,88138,581,580,2497,1522,0,0.00014141953
Warm A,228117,1383,1382,2497,1522,0,0.0076010777
Warm A,73635,499,498,2497,1522,1,0.0040876614
Warm A,68618,461,460,2497,1522,1,0.013579228
Warm A,64616,432,431,2497,1522,0,-0.0055612167
Warm A,78360,528,527,2497,1522,1,0.013654463
Warm A,47479,319,318,2497,1522,0,0.01661705
Warm A,110683,721,720,2497,1522,1,0.0008287472
Warm A,696019,4169,4168,2497,1522,0,0.006227963
Warm A,34480,234,233,2497,1522,1,0.0039656833
Warm A,308487,1837,1836,2497,1522,0,0.009006369
Warm A,32928,223,222,2497,1522,0,0.007016479
Warm A,29462,201,200,2497,1522,0,0.004304601
Warm A,21273,156,155,2497,1522,1,0.012732083
Warm A,838,10,9,2497,1522,1,0.0061099734
Warm A,561509,3454,3453,2497,1522,0,0.008966952
Warm A,79246,531,530,2497,1522,0,0.019015256
Warm A,19412,148,147,2497,1522,1,0.0064819935
Warm A,399780,2380,2379,2497,1522,0,0.02238893
Warm A,95372,639,638,2497,1522,1,0.003204236
Warm A,365459,2127,2126,2497,1522,0,0.0012952645
Warm A,149115,959,958,2497,1522,1,0.0055230767
Warm A,689791,4126,4125,2497,1522,1,0.0063842335
Warm A,327822,1941,1940,2497,1522,0,0.013483525
Warm A,335665,1980,1979,2497,1522,0,0.008300921
Warm A,17797,137,136,2497,1522,0,0.012714246
Warm A,300259,1780,1779,2497,1522,0,0.013101682
Warm A,71888,482,481,2497,1522,0,0.0059595113
Warm A,187555,1164,1163,2497,1522,0,-0.0015985176
Warm A,242317,1463,1462,2497,1522,0,0.002204569
Warm A,241069,1451,1450,2497,1522,0,0.007864719
Warm A,473394,2909,2908,2497,1522,0,0.005072418
Warm A,285214,1701,1700,2497,1522,0,0.0056500416
Warm A,831910,5001,5000,2497,1522,1,0.0040434934
Warm A,456937,2814,2813,2497,1522,0,0.001941809
Warm A,473396,2909,2908,2498,1523,1,0.0040415153
Warm A,486951,2996,2995,2498,1523,0,0.0118421465
Warm A,420421,2541,2540,2498,1523,0,-0.0032032998
Warm A,418546,2529,2528,2498,1523,0,0.005393383
Warm A,382585,2236,2235,2498,1523,0,-0.0018402676
Warm A,370659,2167,2166,2498,1523,0,0.0003832234
Warm A,370458,2166,2165,2498,1523,0,0.010490374
Warm A,366765,2138,2137,2498,1523,1,-0.0006981031
Warm A,366567,2136,2135,2498,1523,0,0.0049629933
Warm A,358429,2098,2097,2498,1523,0,0.010670466
Warm A,356298,2088,2087,2498,1523,0,0.00878939
Warm A,351581,2063,2062,2498,1523,0,0.0062160874
Warm A,373925,2181,2180,2498,1523,0,0.009643874
Warm A,361496,2109,2108,2498,1523,0,0.013319096
Warm A,339840,2004,2003,2498,1523,0,0.0032237386
Warm A,324671,1923,1922,2498,1523,0,0.008253881
Warm A,305330,1815,1814,2498,1523,0,0.009699882
Warm A,296759,1759,1758,2498,1523,0,0.002245451
Warm A,288088,1721,1720,2498,1523,0,0.0072236154
Warm A,281201,1687,1686,2498,1523,0,0.0064912336
Warm A,286231,1709,1708,2498,1523,1,0.0047977488
Warm A,269807,1635,1634,2498,1523,0,0.012603141
Warm A,268309,1630,1629,2498,1523,0,0.006984845
Warm A,259838,1589,1588,2498,1523,0,0.00993235
Warm A,264549,1609,1608,2498,1523,0,0.007689756
Warm A,272764,1647,1646,2498,1523,0,0.014877057
Warm A,261663,1599,1598,2498,1523,0,0.011083961
Warm A,196392,1207,1206,2498,1523,0,0.0153754335
Warm A,236334,1434,1433,2498,1523,0,0.004491804
Warm A,177999,1120,1119,2498,1523,0,0.011282159
Warm A,173565,1100,1099,2498,1523,0,0.0055655125
Warm A,248718,1501,1500,2498,1523,0,0.0018537317
Warm A,276634,1673,1672,2498,1523,0,0.0052638175
Warm A,327824,1941,1940,2498,1523,0,0.0038901735
Warm A,147624,950,949,2498,1523,0,-0.0036333296
Warm A,146870,948,947,2498,1523,0,0.005411897
Warm A,138003,889,888,2498,1523,0,0.01057416
Warm A,135245,876,875,2498,1523,0,0.00671727
Warm A,360612,2106,2105,2498,1523,0,0.014992506
Warm A,112357,731,730,2498,1523,0,0.0074630957
Warm A,216386,1314,1313,2498,1523,0,-0.01027171
Warm A,107801,710,709,2498,1523,0,0.010470253
Warm A,166756,1060,1059,2498,1523,0,0.012426458
Warm A,109226,714,713,2498,1523,0,0.010060017
Warm A,233975,1422,1421,2498,1523,0,0.005819441
Warm A,239850,1449,1448,2498,1523,0,0.010016432
Warm A,86047,563,562,2498,1523,0,0.0044010347
Warm A,73080,494,493,2498,1523,1,0.00059751165
Warm A,65251,438,437,2498,1523,0,0.0069072554
Warm A,49419,329,328,2498,1523,0,0.010859543
Warm A,187920,1165,1164,2498,1523,0,0.009613726
Warm A,38509,262,261,2498,1523,0,0.010747153
Warm A,55610,368,367,2498,1523,0,0.005756673
Warm A,27564,193,192,2498,1523,0,0.0069501167
Warm A,19413,148,147,2498,1523,0,0.007809654
Warm A,840,10,9,2498,1523,1,0.0050535314
Warm A,167093,1063,1062,2498,1523,0,0.00972215
Warm A,472438,2907,2906,2498,1523,0,0.002104456
Warm A,134115,869,868,2498,1523,1,0.008157616
Warm A,335666,1980,1979,2498,1523,0,0.008158249
Warm A,171428,1088,1087,2498,1523,0,0.011033261
Warm A,136398,881,880,2498,1523,0,0.005992246
Warm A,52156,343,342,2498,1523,0,0.00508695
Warm A,462368,2853,2852,2500,1524,0,0.0031381433
Warm A,458046,2820,2819,2500,1524,0,0.001996644
Warm A,450972,2777,2776,2500,1524,0,0.0061004935
Warm A,444719,2743,2742,2500,1524,0,0.005447398
Warm A,564513,3471,3470,2500,1524,0,0.0027706872
Warm A,377878,2205,2204,2500,1524,0,0.0014205598
Warm A,382500,2235,2234,2500,1524,0,0.0054440666
Warm A,368844,2156,2155,2500,1524,0,0.008799808
Warm A,355996,2085,2084,2500,1524,1,0.0054898695
Warm A,352008,2063,2062,2500,1524,1,0.0049834982
Warm A,345135,2024,2023,2500,1524,0,-0.0018187361
Warm A,297579,1764,1763,2500,1524,0,0.0036788401
Warm A,281316,1687,1686,2500,1524,0,0.011819191
Warm A,259532,1587,1586,2500,1524,0,0.0049627973
Warm A,227792,1381,1380,2500,1524,0,0.0015205625
Warm A,224224,1356,1355,2500,1524,0,0.005038699
Warm A,223629,1354,1353,2500,1524,1,0.0033776439
Warm A,212971,1297,1296,2500,1524,1,0.0065235374
Warm A,279469,1680,1679,2500,1524,0,0.006756344
Warm A,185437,1150,1149,2500,1524,0,0.010493526
Warm A,173722,1100,1099,2500,1524,0,-0.005144644
Warm A,172919,1096,1095,2500,1524,0,-0.0036265994
Warm A,175609,1112,1111,2500,1524,0,0.003558338
Warm A,272260,1645,1644,2500,1524,1,0.004006019
Warm A,189407,1173,1172,2500,1524,0,0.0024876124
Warm A,227653,1380,1379,2500,1524,0,0.014688936
Warm A,167922,1068,1067,2500,1524,0,0.009886649
Warm A,140953,906,905,2500,1524,0,-0.0017114552
Warm A,156990,1010,1009,2500,1524,0,0.006097137
Warm A,136685,881,880,2500,1524,0,0.0117874
Warm A,331712,1958,1957,2500,1524,0,0.00825578
Warm A,332724,1962,1961,2500,1524,0,0.0048166467
Warm A,122354,789,788,2500,1524,0,0.007213397
Warm A,113367,735,734,2500,1524,0,0.0077928416
Warm A,360889,2106,2105,2500,1524,0,0.0048311953
Warm A,221443,1340,1339,2500,1524,0,0.0021915664
Warm A,939951,5675,5674,2500,1524,0,-0.00057393545
Warm A,80267,533,532,2500,1524,0,0.007936012
Warm A,239061,1448,1447,2500,1524,1,0.004625512
Warm A,116337,752,751,2500,1524,1,0.005889559
Warm A,70203,474,473,2500,1524,0,0.007276888
Warm A,251184,1516,1515,2500,1524,0,0.00058581703
Warm A,57111,386,385,2500,1524,0,-0.009542523
Warm A,538012,3312,3311,2500,1524,0,0.0061597135
Warm A,54403,355,354,2500,1524,0,0.0036275934
Warm A,11904,92,91,2500,1524,0,0.009274303
Warm A,7273,51,50,2500,1524,0,0.0018138462
Warm A,633374,3824,3823,2500,1524,0,0.0017748924
Warm A,79499,531,530,2500,1524,0,0.005931598
Warm A,363148,2116,2115,2500,1524,0,0.017515235
Warm A,490324,3017,3016,2500,1524,0,0.009524027
Warm A,164662,1051,1050,2500,1524,0,0.0066256984
Warm A,134383,869,868,2500,1524,0,0.004289178
Warm A,177034,1117,1116,2500,1524,0,0.008198309
Warm A,811151,4867,4866,2500,1524,0,-0.0017894676
Warm A,375635,2188,2187,2500,1524,0,-0.0056159133
Warm A,290317,1733,1732,2500,1524,0,0.014425335
Warm A,336716,1982,1981,2500,1524,0,0.0038976683
Warm A,171784,1088,1087,2500,1524,0,0.008035972
Warm A,720114,4312,4311,2504,1527,0,0.004800562
Warm A,608318,3690,3689,2504,1527,0,-0.0068231523
Warm A,604865,3677,3676,2504,1527,1,0.0026478525
Warm A,600573,3651,3650,2504,1527,0,0.0005023221
Warm A,606590,3683,3682,2504,1527,0,0.0044497224
Warm A,583524,3562,3561,2504,1527,0,0.00045368075
Warm A,582170,3557,3556,2504,1527,0,0.002106555
Warm A,580957,3547,3546,2504,1527,0,0.012709236
Warm A,579472,3539,3538,2504,1527,1,-0.0017062699
Warm A,569312,3491,3490,2504,1527,1,0.001754639
Warm A,572251,3507,3506,2504,1527,0,0.0037306717
Warm A,556700,3421,3420,2504,1527,1,-0.0001239028
Warm A,644720,3884,3883,2504,1527,0,0.008124052
Warm A,740567,4425,4424,2504,1527,0,-0.0055798967
Warm A,536092,3308,3307,2504,1527,1,-0.0026085698
Warm A,533426,3292,3291,2504,1527,1,-0.004943709
Warm A,531729,3283,3282,2504,1527,0,-0.0036610966
Warm A,531103,3280,3279,2504,1527,0,-6.3164276e-05
Warm A,522692,3224,3223,2504,1527,1,0.011241779
Warm A,562664,3462,3461,2504,1527,0,-0.004769676
Warm A,517670,3195,3194,2504,1527,1,-0.0020302436
Warm A,659190,3971,3970,2504,1527,1,0.000870044
Warm A,508696,3129,3128,2504,1527,0,0.0006312638
Warm A,574820,3518,3517,2504,1527,0,-0.0018870989
Warm A,523498,3227,3226,2504,1527,1,0.003645476
Warm A,575426,3519,3518,2504,1527,0,-0.008567641
Warm A,499526,3067,3066,2504,1527,0,-0.005230195
Warm A,496903,3053,3052,2504,1527,0,0.004582268
Warm A,510961,3150,3149,2504,1527,0,0.0016866215
Warm A,474529,2912,2911,2504,1527,0,0.00050575973
Warm A,564517,3471,3470,2504,1527,0,0.0010984995
Warm A,465711,2872,2871,2504,1527,0,0.001742587
Warm A,450977,2777,2776,2504,1527,0,0.009060138
Warm A,420503,2541,2540,2504,1527,0,0.004784204
Warm A,416701,2507,2506,2504,1527,0,0.0029610838
Warm A,404601,2419,2418,2504,1527,0,-0.0007033871
Warm A,399542,2378,2377,2504,1527,0,-0.002098545
Warm A,375637,2188,2187,2504,1527,0,0.010898066
Warm A,372312,2174,2173,2504,1527,0,0.0028823658
Warm A,363151,2116,2115,2504,1527,0,0.008360072
Warm A,359801,2104,2103,2504,1527,1,0.0018363327
Warm A,355998,2085,2084,2504,1527,1,4.826591e-05
Warm A,352011,2063,2062,2504,1527,1,0.0048304303
Warm A,293420,1747,1746,2504,1527,0,-0.00984685
Warm A,268561,1631,1630,2504,1527,0,0.0057105334
Warm A,259536,1587,1586,2504,1527,0,-0.0016866077
Warm A,245139,1478,1477,2504,1527,0,0.0036583373
Warm A,235062,1425,1424,2504,1527,1,-0.0037643365
Warm A,301805,1793,1792,2504,1527,0,0.0013014869
Warm A,224225,1356,1355,2504,1527,0,-0.0016123527
Warm A,222417,1345,1344,2504,1527,1,0.0005862191
Warm A,214111,1300,1299,2504,1527,0,-0.002214434
Warm A,296835,1759,1758,2504,1527,0,-0.0013931519
Warm A,212975,1297,1296,2504,1527,0,0.004969316
Warm A,277791,1676,1675,2504,1527,0,0.009501386
Warm A,279473,1680,1679,2504,1527,1,-0.0007897753
Warm A,196589,1207,1206,2504,1527,0,0.0037950897
Warm A,193221,1193,1192,2504,1527,0,-0.000604586
Warm A,189026,1172,1171,2504,1527,1,0.0019369123
Warm A,185441,1150,1149,2504,1527,0,-0.0013033804
Warm A,175612,1112,1111,2504,1527,0,0.0011629921
Warm A,167924,1068,1067,2504,1527,1,-0.0022814982
Warm A,163904,1050,1049,2504,1527,1,0.0025142329
Warm A,189411,1173,1172,2504,1527,0,-0.000719619
Warm A,156369,1009,1008,2504,1527,0,0.0044139056
Warm A,155396,1001,1000,2504,1527,0,-0.0033419365
Warm A,155939,1004,1003,2504,1527,0,0.00039618672
Warm A,149650,963,962,2504,1527,0,0.0027437077
Warm A,134764,870,869,2504,1527,1,0.003665763
Warm A,332728,1962,1961,2504,1527,0,0.00018711016
Warm A,154921,999,998,2504,1527,0,-0.0020234296
Warm A,128046,828,827,2504,1527,1,0.006296051
Warm A,605867,3681,3680,2504,1527,0,0.00015764678
Warm A,116341,752,751,2504,1527,1,0.0070730494
Warm A,112560,731,730,2504,1527,0,-0.0034228233
Warm A,98333,658,657,2504,1527,0,-0.0046331245
Warm A,673315,4042,4041,2504,1527,0,0.002132326
Warm A,90705,601,600,2504,1527,0,0.00647365
Warm A,239065,1448,1447,2504,1527,1,-0.0014765379
Warm A,77647,524,523,2504,1527,0,0.0024042777
Warm A,74053,504,503,2504,1527,1,-0.007134584
Warm A,72141,482,481,2504,1527,0,0.002632978
Warm A,76724,520,519,2504,1527,1,0.0012438898
Warm A,57115,386,385,2504,1527,0,0.002699963
Warm A,47330,319,318,2504,1527,0,0.0046748407
Warm A,29105,199,198,2504,1527,0,-0.0011597001
Warm A,404036,2414,2413,2504,1527,1,-0.0011462397
Warm A,26321,187,186,2504,1527,1,0.004872985
Warm A,24861,175,174,2504,1527,1,-0.003794604
Warm A,23041,166,165,2504,1527,0,-0.0026779338
Warm A,49268,329,328,2504,1527,0,-0.0051522534
Warm A,166522,1059,1058,2504,1527,0,-0.0008486039
Warm A,458048,2820,2819,2504,1527,0,0.007247809
Warm A,79504,531,530,2504,1527,0,0.00079832505
Warm A,158354,1015,1014,2504,1527,0,-0.011375235
Warm A,709788,4258,4257,2504,1527,0,0.00041402387
Warm A,413793,2489,2488,2504,1527,1,-0.007459571
Warm A,230563,1395,1394,2504,1527,1,-0.013823554
Warm A,249888,1505,1504,2504,1527,0,0.002326413
Warm A,56316,376,375,2504,1527,0,-0.0008596309
Warm A,333919,1969,1968,2504,1527,1,-0.0009795743
Warm A,360894,2106,2105,2504,1527,0,0.004096872
Warm A,682547,4085,4084,2504,1527,0,-0.010937251
Warm A,272262,1645,1644,2504,1527,1,-0.0042752847
Warm A,73325,496,495,2504,1527,0,0.0017820598
Warm A,171788,1088,1087,2504,1527,0,-0.003846583
Warm A,102377,678,677,2504,1527,0,0.001358974
Warm A,45849,308,307,2504,1527,0,0.0012664788
Warm A,263438,1605,1604,2504,1527,0,0.0121792285
Warm A,195552,1203,1202,2504,1527,0,0.001056073
Warm A,134386,869,868,2504,1527,0,0.005879268
Warm A,248528,1500,1499,2504,1527,0,-0.0032698177
Warm A,986664,5956,5955,2504,1527,0,0.00681871
Warm A,476396,2926,2925,2504,1527,0,0.00026611565
Warm A,287766,1717,1716,2504,1527,1,-0.0045102625
Warm A,456509,2810,2809,2504,1527,0,0.003886355
Warm A,907664,5492,5491,2504,1527,0,-0.001376312
Warm A,902825,5458,5457,2504,1527,0,-0.0047910362
Warm A,336060,1980,1979,2504,1527,0,-0.006322431
Warm A,992414,5996,5995,2504,1527,1,0.0033292188
Warm A,33893,229,228,2504,1527,0,-0.004221017
Warm A,623073,3770,3769,2506,1529,0,-0.0075583747
Warm A,845327,5081,5080,2506,1529,1,0.0048379716
Warm A,590182,3600,3599,2506,1529,0,0.009931658
Warm A,587041,3585,3584,2506,1529,1,0.00658095
Warm A,582171,3557,3556,2506,1529,1,0.011759783
Warm A,590440,3601,3600,2506,1529,1,0.009040559
Warm A,576673,3525,3524,2506,1529,1,0.0035553044
Warm A,572253,3507,3506,2506,1529,0,0.011881532
Warm A,562666,3462,3461,2506,1529,0,-0.006112195
Warm A,559955,3441,3440,2506,1529,0,0.0031371245
Warm A,658432,3967,3966,2506,1529,1,0.0062962524
Warm A,547606,3378,3377,2506,1529,1,0.00080694153
Warm A,542295,3336,3335,2506,1529,0,0.006424966
Warm A,541056,3328,3327,2506,1529,0,-0.0010385993
Warm A,536095,3308,3307,2506,1529,1,0.0146101825
Warm A,526359,3255,3254,2506,1529,0,0.008074916
Warm A,520823,3213,3212,2506,1529,1,0.009948151
Warm A,503657,3095,3094,2506,1529,0,-0.00034134742
Warm A,499529,3067,3066,2506,1529,1,0.0023322224
Warm A,659192,3971,3970,2506,1529,1,0.0014356638
Warm A,493448,3031,3030,2506,1529,1,0.012142668
Warm A,472684,2907,2906,2506,1529,0,0.0061741592
Warm A,466031,2873,2872,2506,1529,1,-0.011796927
Warm A,456510,2810,2809,2506,1529,1,0.004277855
Warm A,446161,2751,2750,2506,1529,0,0.0061326902
Warm A,444724,2743,2742,2506,1529,1,-0.0027797748
Warm A,442901,2730,2729,2506,1529,0,0.0033107589
Warm A,435592,2663,2662,2506,1529,1,0.0036656952
Warm A,430336,2623,2622,2506,1529,1,0.003300319
Warm A,426097,2588,2587,2506,1529,0,0.008264971
Warm A,416120,2506,2505,2506,1529,0,0.004023266
Warm A,412883,2484,2483,2506,1529,1,0.009634835
Warm A,405446,2428,2427,2506,1529,1,0.0051547606
Warm A,404603,2419,2418,2506,1529,0,0.0062748594
Warm A,395184,2334,2333,2506,1529,1,0.015400798
Warm A,381356,2230,2229,2506,1529,1,-0.00011876924
Warm A,369971,2164,2163,2506,1529,0,0.0029735179
Warm A,364457,2123,2122,2506,1529,1,-0.0053994926
Warm A,352015,2063,2062,2506,1529,0,0.021120472
Warm A,324763,1924,1923,2506,1529,1,0.014172915
Warm A,296985,1760,1759,2506,1529,1,0.00649847
Warm A,274852,1664,1663,2506,1529,0,0.00681244
Warm A,236423,1434,1433,2506,1529,1,0.0055355816
Warm A,209497,1279,1278,2506,1529,0,0.0051236367
Warm A,189628,1175,1174,2506,1529,1,0.0072715026
Warm A,189027,1172,1171,2506,1529,1,0.0033653416
Warm A,321689,1908,1907,2506,1529,1,-4.4628396e-05
Warm A,316305,1883,1882,2506,1529,0,0.00028575375
Warm A,176291,1114,1113,2506,1529,1,0.002974189
Warm A,174499,1103,1102,2506,1529,0,0.0039861975
Warm A,331718,1958,1957,2506,1529,1,0.015980337
Warm A,263440,1605,1604,2506,1529,0,0.013285141
Warm A,168535,1069,1068,2506,1529,0,0.0033679404
Warm A,328309,1941,1940,2506,1529,1,0.007740933
Warm A,189412,1173,1172,2506,1529,1,0.017918868
Warm A,152702,983,982,2506,1529,1,0.00026545487
Warm A,150200,967,966,2506,1529,1,0.002265588
Warm A,323893,1920,1919,2506,1529,0,0.0053378018
Warm A,270973,1639,1638,2506,1529,1,0.006255758
Warm A,140296,899,898,2506,1529,1,-0.0013210727
Warm A,138468,889,888,2506,1529,0,0.0099052135
Warm A,130845,849,848,2506,1529,0,0.0058430685
Warm A,128047,828,827,2506,1529,1,0.0030415463
Warm A,117554,757,756,2506,1529,0,0.018898286
Warm A,778905,4653,4652,2506,1529,0,0.0014443926
Warm A,98910,660,659,2506,1529,0,0.008967582
Warm A,177037,1117,1116,2506,1529,0,0.0031757897
Warm A,151269,973,972,2506,1529,0,0.005917674
Warm A,91652,608,607,2506,1529,0,0.0105408095
Warm A,228357,1383,1382,2506,1529,0,0.005593799
Warm A,87293,570,569,2506,1529,0,0.008008251
Warm A,84820,551,550,2506,1529,0,0.0015613856
Warm A,69637,467,466,2506,1529,1,-0.00093975104
Warm A,64692,433,432,2506,1529,0,0.0013689022
Warm A,74926,509,508,2506,1529,0,0.0059672846
Warm A,52709,347,346,2506,1529,1,-0.0050293365
Warm A,55122,365,364,2506,1529,1,0.0090493
Warm A,78531,528,527,2506,1529,1,0.013286523
Warm A,49272,329,328,2506,1529,0,0.0081213275
Warm A,46414,310,309,2506,1529,1,0.006939416
Warm A,312930,1865,1864,2506,1529,1,0.004033191
Warm A,696463,4169,4168,2506,1529,0,0.009695948
Warm A,31921,216,215,2506,1529,1,0.002812327
Warm A,337092,1983,1982,2506,1529,1,0.007324052
Warm A,26324,187,186,2506,1529,1,0.0050595542
Warm A,16837,132,131,2506,1529,0,0.0026989896
Warm A,5493,38,37,2506,1529,1,0.009081347
Warm A,1638,15,14,2506,1529,0,0.0068654222
Warm A,477,6,5,2506,1529,0,0.009102287
Warm A,79507,531,530,2506,1529,0,0.01959094
Warm A,215594,1306,1305,2506,1529,0,0.00029215263
Warm A,360897,2106,2105,2506,1529,0,0.011768397
Warm A,95488,639,638,2506,1529,1,0.0054390808
Warm A,240222,1449,1448,2506,1529,0,0.014919296
Warm A,251897,1524,1523,2506,1529,1,0.005581222
Warm A,144976,934,933,2506,1529,1,0.0040759416
Warm A,873824,5276,5275,2506,1529,0,-0.001113239
Warm A,20686,151,150,2506,1529,1,-0.0015433963
Warm A,171791,1088,1087,2506,1529,1,0.020301659
Warm A,699719,4186,4185,2506,1529,0,0.014408385
Warm A,116343,752,751,2506,1529,1,0.008617595
Warm A,183266,1141,1140,2506,1529,0,0.004435583
Warm A,877435,5302,5301,2506,1529,0,0.0068419725
Warm A,191120,1181,1180,2511,1530,0,0.007909836
Warm A,169607,1077,1076,2511,1530,1,-0.003086845
Warm A,246373,1489,1488,2511,1530,0,0.0013096164
Warm A,185459,1150,1149,2511,1530,0,0.010814674
Warm A,374856,2185,2184,2511,1530,1,-0.0020348807
Warm A,106827,702,701,2511,1530,1,-0.001710599
Warm A,316899,1884,1883,2511,1530,1,0.0013463815
Warm A,160207,1019,1018,2511,1530,0,-0.0024764556
Warm A,84305,550,549,2511,1530,0,0.0045005027
Warm A,77654,524,523,2511,1530,1,0.0034526258
Warm A,68782,461,460,2511,1530,0,0.0018194064
Warm A,3060,23,22,2511,1530,0,0.0022335376
Warm A,902828,5458,5457,2511,1530,0,-0.000562039
Warm A,24293,173,172,2511,1530,0,0.005252027
Warm A,249894,1505,1504,2511,1530,1,-0.00447504
Warm A,319428,1897,1896,2511,1530,0,-0.0024836934
Warm A,739425,4418,4417,2511,1530,1,0.005453903
Warm A,339224,1998,1997,2511,1530,1,-0.0018813616
Warm A,293832,1748,1747,2511,1530,1,0.0047967928
Warm A,768768,4579,4578,2511,1530,0,0.00069240294
Warm A,891595,5387,5386,2511,1530,0,0.006658731
Warm A,290331,1733,1732,2511,1530,1,0.0042549456
Warm A,406800,2444,2443,2514,1532,0,0.010308055
Warm A,368638,2155,2154,2514,1532,1,-0.0017912588
Warm A,366215,2131,2130,2514,1532,0,0.013235567
Warm A,361748,2109,2108,2514,1532,0,0.019685546
Warm A,358555,2098,2097,2514,1532,0,0.011170813
Warm A,344442,2021,2020,2514,1532,0,0.009378984
Warm A,323517,1919,1918,2514,1532,1,0.007500507
Warm A,279500,1680,1679,2514,1532,0,0.020338953
Warm A,277044,1675,1674,2514,1532,0,0.014570138
Warm A,277801,1676,1675,2514,1532,0,0.014776379
Warm A,271497,1641,1640,2514,1532,0,0.010405867
Warm A,267607,1626,1625,2514,1532,0,0.005898329
Warm A,236431,1434,1433,2514,1532,1,0.0047236327
Warm A,224516,1357,1356,2514,1532,0,0.01558892
Warm A,221910,1342,1341,2514,1532,0,0.0086144535
Warm A,213928,1299,1298,2514,1532,0,0.007459088
Warm A,240236,1449,1448,2514,1532,0,0.019759137
Warm A,328331,1941,1940,2514,1532,0,0.013678159
Warm A,196600,1207,1206,2514,1532,0,-0.0020896874
Warm A,179680,1125,1124,2514,1532,0,0.0051752534
Warm A,256195,1562,1561,2514,1532,0,0.0046931915
Warm A,184049,1146,1145,2514,1532,0,0.004577851
Warm A,175624,1112,1111,2514,1532,0,0.0069770934
Warm A,165651,1056,1055,2514,1532,0,0.007571739
Warm A,159331,1017,1016,2514,1532,0,0.012992198
Warm A,150203,967,966,2514,1532,0,0.0034435797
Warm A,157009,1010,1009,2514,1532,0,0.012276597
Warm A,134398,869,868,2514,1532,0,0.012479696
Warm A,133202,859,858,2514,1532,0,0.006339329
Warm A,138486,889,888,2514,1532,0,0.010544899
Warm A,126639,817,816,2514,1532,0,0.009903193
Warm A,125587,808,807,2514,1532,0,0.014716832
Warm A,91655,608,607,2514,1532,0,0.0035463818
Warm A,291503,1737,1736,2514,1532,0,-0.0014962871
Warm A,406130,2436,2435,2514,1532,0,0.006861394
Warm A,56049,372,371,2514,1532,0,0.012027374
Warm A,54193,353,352,2514,1532,0,0.007475941
Warm A,47915,321,320,2514,1532,0,0.02133935
Warm A,45175,305,304,2514,1532,0,0.0028443672
Warm A,99868,667,666,2514,1532,0,-0.0021557515
Warm A,537276,3311,3310,2514,1532,0,0.0029641208
Warm A,639193,3842,3841,2514,1532,0,0.009206315
Warm A,22428,163,162,2514,1532,0,0.014906932
Warm A,198447,1219,1218,2514,1532,0,0.0010395541
Warm A,65440,438,437,2514,1532,0,0.006069754
Warm A,365810,2129,2128,2514,1532,0,0.00067233085
Warm A,290333,1733,1732,2514,1532,0,0.011519071
Warm A,622222,3768,3767,2514,1532,0,0.001398745
Warm A,177044,1117,1116,2514,1532,0,0.008559546
Warm A,310748,1851,1850,2514,1532,0,0.008621486
Warm A,352027,2063,2062,2514,1532,0,0.009666493
Warm A,206974,1266,1265,2514,1532,0,0.009385262
Warm A,473809,2909,2908,2514,1532,0,0.011440852
Warm A,28030,195,194,2514,1532,0,0.003846494
Warm A,63096,424,423,2514,1532,0,0.023674525
Warm A,461563,2847,2846,2514,1532,0,0.009797083
Warm A,352979,2067,2066,2519,1535,1,0.0021972894
Warm A,350139,2055,2054,2519,1535,1,0.015770556
Warm A,300739,1781,1780,2519,1535,0,0.002732884
Warm A,288302,1722,1721,2519,1535,1,-0.00031220738
Warm A,300437,1780,1779,2519,1535,1,0.00058353227
Warm A,281697,1689,1688,2519,1535,0,0.0007142988
Warm A,279510,1680,1679,2519,1535,0,0.0064056064
Warm A,247785,1496,1495,2519,1535,0,0.0028486424
Warm A,224518,1357,1356,2519,1535,1,0.0054877913
Warm A,336087,1980,1979,2519,1535,0,0.002550385
Warm A,328343,1941,1940,2519,1535,0,-0.0024174575
Warm A,176412,1115,1114,2519,1535,0,0.011481792
Warm A,175629,1112,1111,2519,1535,0,2.0007836e-05
Warm A,159336,1017,1016,2519,1535,1,-0.0003949385
Warm A,133879,868,867,2519,1535,0,-0.00029053213
Warm A,114100,741,740,2519,1535,0,0.0033201943
Warm A,103850,690,689,2519,1535,0,0.008508565
Warm A,88107,580,579,2519,1535,0,0.0003681539
Warm A,363171,2116,2115,2519,1535,1,-0.0036778606
Warm A,43220,296,295,2519,1535,1,-0.0005804398
Warm A,203173,1246,1245,2519,1535,0,0.0066742417
Warm A,31961,216,215,2519,1535,0,-0.008925043
Warm A,29722,202,201,2519,1535,1,0.003934415
Warm A,17463,136,135,2519,1535,1,-0.005266639
Warm A,14428,117,116,2519,1535,1,-0.0007372061
Warm A,11167,83,82,2519,1535,0,-0.001981577
Warm A,290341,1733,1732,2519,1535,1,0.005083172
Warm A,592058,3610,3609,2519,1535,0,-0.0072961934
Warm A,552468,3401,3400,2519,1535,0,-0.0028117711
Warm A,927612,5605,5604,2519,1535,0,0.014588396
Warm A,287775,1717,1716,2519,1535,1,-0.0011233855
Warm A,366218,2131,2130,2519,1535,1,-7.5001735e-05
Warm A,473821,2909,2908,2519,1535,1,-0.0001745685
Warm A,322497,1912,1911,2519,1535,0,0.0017833542
Warm A,187969,1165,1164,2519,1535,0,-0.002631286
Warm A,718604,4305,4304,2519,1535,1,-0.00045849208
Warm A,665912,4007,4006,2520,1536,0,-0.001486361
Warm A,656661,3957,3956,2520,1536,0,0.0070502292
Warm A,648272,3903,3902,2520,1536,1,-0.0067312224
Warm A,643737,3878,3877,2520,1536,1,1.0198564e-05
Warm A,643186,3873,3872,2520,1536,1,0.003188812
Warm A,640275,3848,3847,2520,1536,0,0.00066499505
Warm A,632517,3823,3822,2520,1536,1,0.012546652
Warm A,629620,3808,3807,2520,1536,0,-0.0046829553
Warm A,638336,3841,3840,2520,1536,0,0.008382278
Warm A,623672,3772,3771,2520,1536,0,0.002635424
Warm A,619570,3754,3753,2520,1536,1,-0.0017823153
Warm A,615721,3727,3726,2520,1536,1,0.003176242
Warm A,611220,3705,3704,2520,1536,1,0.0066941557
Warm A,744966,4448,4447,2520,1536,1,0.0071372334
Warm A,610449,3702,3701,2520,1536,1,0.0009795907
Warm A,594028,3618,3617,2520,1536,0,-0.0017838683
Warm A,590192,3600,3599,2520,1536,1,0.0069479365
Warm A,585754,3576,3575,2520,1536,1,0.00037893653
Warm A,577960,3529,3528,2520,1536,0,-0.002306616
Warm A,580966,3547,3546,2520,1536,1,-0.00029500294
Warm A,566690,3477,3476,2520,1536,0,-0.005010945
Warm A,554057,3410,3409,2520,1536,1,0.0022208772
Warm A,632054,3822,3821,2520,1536,0,-0.0062089027
Warm A,548007,3380,3379,2520,1536,0,0.009986672
Warm A,540239,3321,3320,2520,1536,0,0.0020279123
Warm A,639202,3842,3841,2520,1536,0,0.0065492825
Warm A,529840,3272,3271,2520,1536,1,0.00034935988
Warm A,518816,3201,3200,2520,1536,0,0.0073729386
Warm A,509531,3138,3137,2520,1536,0,0.009786926
Warm A,507274,3121,3120,2520,1536,0,0.006361314
Warm A,505212,3108,3107,2520,1536,0,0.0022217478
Warm A,494302,3032,3031,2520,1536,1,-0.0028771916
Warm A,696487,4169,4168,2520,1536,0,0.0028895065
Warm A,670681,4030,4029,2520,1536,1,-0.0030507725
Warm A,472710,2907,2906,2520,1536,0,-0.0029016074
Warm A,473834,2909,2908,2520,1536,1,0.0076905214
Warm A,465284,2869,2868,2520,1536,0,0.0038565984
Warm A,463417,2857,2856,2520,1536,0,0.01859451
Warm A,458074,2820,2819,2520,1536,0,-0.0071008606
Warm A,449958,2774,2773,2520,1536,0,0.0044385553
Warm A,442093,2719,2718,2520,1536,0,-0.00048743223
Warm A,439624,2685,2684,2520,1536,0,0.009833387
Warm A,433681,2643,2642,2520,1536,1,0.0055630095
Warm A,431428,2628,2627,2520,1536,0,0.0037457913
Warm A,417473,2517,2516,2520,1536,0,-0.003214812
Warm A,416736,2507,2506,2520,1536,1,0.009433327
Warm A,403009,2406,2405,2520,1536,1,0.002300535
Warm A,397970,2363,2362,2520,1536,1,-0.0031763539
Warm A,397845,2360,2359,2520,1536,0,-0.0015148283
Warm A,396680,2348,2347,2520,1536,0,0.00032625603
Warm A,393737,2318,2317,2520,1536,0,-0.0037881753
Warm A,393464,2315,2314,2520,1536,0,-0.0062343553
Warm A,392323,2304,2303,2520,1536,1,-0.00466961
Warm A,389740,2287,2286,2520,1536,1,0.0010878956
Warm A,436544,2665,2664,2520,1536,1,-0.00089837407
Warm A,387325,2264,2263,2520,1536,1,-7.36434e-05
Warm A,655954,3952,3951,2520,1536,0,-0.00042600743
Warm A,378765,2211,2210,2520,1536,1,-0.0033104261
Warm A,372870,2177,2176,2520,1536,0,-0.0026932713
Warm A,372077,2173,2172,2520,1536,0,0.00364587
Warm A,352701,2064,2063,2520,1536,0,0.0024414475
Warm A,298352,1768,1767,2520,1536,0,0.00022737612
Warm A,271638,1642,1641,2520,1536,1,-0.0018627001
Warm A,269117,1632,1631,2520,1536,0,-0.00012420677
Warm A,260143,1591,1590,2520,1536,0,0.0032769097
Warm A,232346,1410,1409,2520,1536,0,-0.001540857
Warm A,229941,1391,1390,2520,1536,1,0.0078095826
Warm A,242889,1465,1464,2520,1536,0,-0.0010450988
Warm A,279531,1680,1679,2520,1536,0,0.0019644042
Warm A,197024,1209,1208,2520,1536,1,-0.0043870257
Warm A,379952,2222,2221,2520,1536,1,0.002938853
Warm A,177614,1119,1118,2520,1536,0,-0.00091154594
Warm A,191912,1182,1181,2520,1536,1,-0.0045534014
Warm A,328356,1941,1940,2520,1536,0,0.011252439
Warm A,162960,1040,1039,2520,1536,1,-0.0054131327
Warm A,153152,984,983,2520,1536,0,0.001897666
Warm A,146687,946,945,2520,1536,0,0.0059359516
Warm A,199539,1224,1223,2520,1536,0,-0.0031161201
Warm A,169274,1074,1073,2520,1536,0,0.004483456
Warm A,141580,911,910,2520,1536,1,0.002482839
Warm A,201651,1242,1241,2520,1536,1,2.2880035e-05
Warm A,315381,1880,1879,2520,1536,0,0.0058436356
Warm A,160220,1019,1018,2520,1536,0,0.00650902
Warm A,106839,702,701,2520,1536,0,0.0042877095
Warm A,100905,673,672,2520,1536,0,-0.0018048068
Warm A,94987,637,636,2520,1536,0,0.0029837848
Warm A,95500,639,638,2520,1536,0,0.0036587024
Warm A,130557,846,845,2520,1536,0,0.0066361567
Warm A,284313,1698,1697,2520,1536,0,-0.0012207562
Warm A,322506,1912,1911,2520,1536,0,0.006045277
Warm A,191140,1181,1180,2520,1536,0,-0.0038358592
Warm A,239092,1448,1447,2520,1536,1,0.0040005245
Warm A,75474,513,512,2520,1536,0,-0.005053568
Warm A,56833,382,381,2520,1536,1,0.0027605777
Warm A,211112,1285,1284,2520,1536,1,0.0076143467
Warm A,241316,1451,1450,2520,1536,1,0.002558482
Warm A,41734,284,283,2520,1536,0,0.005567833
Warm A,145401,935,934,2520,1536,1,0.0030743906
Warm A,98932,660,659,2520,1536,0,0.006755233
Warm A,27538,193,192,2520,1536,1,0.002235373
Warm A,5888,42,41,2520,1536,1,-0.0083875405
Warm A,60634,411,410,2520,1536,0,-0.0042611305
Warm A,55253,366,365,2520,1536,0,-0.0024330888
Warm A,552475,3401,3400,2520,1536,1,0.0029048666
Warm A,300441,1780,1779,2520,1536,0,0.011814863
Warm A,680700,4079,4078,2520,1536,1,0.002018555
Warm A,760193,4517,4516,2520,1536,0,0.007315601
Warm A,633404,3824,3823,2520,1536,0,0.006646748
Warm A,964121,5812,5811,2520,1536,1,-0.0019510193
Warm A,357563,2092,2091,2520,1536,0,0.00038502365
Warm A,841187,5054,5053,2520,1536,1,0.0045907944
Warm A,171815,1088,1087,2520,1536,0,0.0007926278
Warm A,993890,6002,6001,2520,1536,1,-0.0052380497
Warm A,63116,424,423,2520,1536,0,0.010012812
Warm A,276327,1671,1670,2520,1536,1,0.0007419132
Warm A,25896,183,182,2520,1536,0,0.0026947306
Warm A,588005,3589,3588,2520,1536,0,0.0090027135
Warm A,52108,343,342,2520,1536,1,0.0016896707
Warm A,187971,1165,1164,2520,1536,0,0.0009978716
Warm A,382939,2237,2236,2521,1537,0,0.00922019
Warm A,361758,2109,2108,2521,1537,0,0.0014689479
Warm A,285983,1706,1705,2521,1537,0,-0.0010152094
Warm A,269118,1632,1631,2521,1537,0,0.00395378
Warm A,260144,1591,1590,2521,1537,0,0.0068089864
Warm A,232347,1410,1409,2521,1537,0,0.0010131751
Warm A,220412,1335,1334,2521,1537,0,0.016276933
Warm A,279532,1680,1679,2521,1537,1,0.0016826265
Warm A,197025,1209,1208,2521,1537,0,0.0045656767
Warm A,177615,1119,1118,2521,1537,0,0.0038298683
Warm A,328357,1941,1940,2521,1537,0,0.0010723821
Warm A,270993,1639,1638,2521,1537,0,0.004929406
Warm A,133735,865,864,2521,1537,1,0.0032767444
Warm A,131237,850,849,2521,1537,1,-0.0023821695
Warm A,315382,1880,1879,2521,1537,0,-0.0010572989
Warm A,94988,637,636,2521,1537,0,-0.002626658
Warm A,130558,846,845,2521,1537,0,-0.004111764
Warm A,284314,1698,1697,2521,1537,0,0.0012350476
Warm A,153153,984,983,2521,1537,0,0.00940151
Warm A,145402,935,934,2521,1537,1,-0.00013783609
Warm A,947586,5722,5721,2521,1537,0,0.0009864004
Warm A,60635,411,410,2521,1537,0,0.008113583
Warm A,47380,319,318,2521,1537,0,0.0033667423
Warm A,588006,3589,3588,2521,1537,0,0.0050453246
Warm A,279534,1680,1679,2522,1538,0,0.009153919
Warm A,197026,1209,1208,2522,1538,0,-0.0045752088
Warm A,168550,1069,1068,2522,1538,1,0.0036358293
Warm A,328359,1941,1940,2522,1538,0,-0.0031309812
Warm A,153154,984,983,2522,1538,0,0.013408165
Warm A,270994,1639,1638,2522,1538,0,-0.004076913
Warm A,142462,919,918,2522,1538,0,0.0067283064
Warm A,131238,850,849,2522,1538,0,0.0076488885
Warm A,106840,702,701,2522,1538,0,0.0030430113
Warm A,94989,637,636,2522,1538,0,0.008532807
Warm A,95501,639,638,2522,1538,0,0.0055746
Warm A,130559,846,845,2522,1538,0,0.0021873086
Warm A,284315,1698,1697,2522,1538,0,0.008786099
Warm A,75475,513,512,2522,1538,0,0.008848399
Warm A,145403,935,934,2522,1538,1,-0.00952502
Warm A,947587,5722,5721,2522,1538,0,-0.0017531486
Warm A,202086,1243,1242,2522,1538,0,0.0018100322
Warm A,977881,5892,5891,2522,1538,0,0.00037181575
Warm A,821594,4940,4939,2522,1538,0,0.0035346425
Warm A,569345,3491,3490,2525,1540,1,0.008120277
Warm A,583547,3562,3561,2525,1540,0,0.008851549
Warm A,560199,3442,3441,2525,1540,0,0.0075907637
Warm A,556947,3422,3421,2525,1540,0,0.000421813
Warm A,549136,3389,3388,2525,1540,0,0.0075629866
Warm A,546887,3371,3370,2525,1540,0,0.010771963
Warm A,525110,3242,3241,2525,1540,0,0.011699116
Warm A,566353,3476,3475,2525,1540,0,0.011633118
Warm A,506786,3118,3117,2525,1540,0,0.011726769
Warm A,498583,3063,3062,2525,1540,0,-0.008129894
Warm A,489949,3014,3013,2525,1540,0,0.004170349
Warm A,600137,3650,3649,2525,1540,0,0.011476011
Warm A,559269,3435,3434,2525,1540,0,0.0047390065
Warm A,483970,2976,2975,2525,1540,0,0.004491969
Warm A,696493,4169,4168,2525,1540,1,0.01297655
Warm A,754714,4497,4496,2525,1540,0,0.0041860538
Warm A,463424,2857,2856,2525,1540,0,0.009617148
Warm A,424767,2576,2575,2525,1540,0,-0.0016218438
Warm A,422165,2555,2554,2525,1540,0,-0.0022012321
Warm A,411085,2466,2465,2525,1540,0,0.0116227735
Warm A,409706,2457,2456,2525,1540,0,0.00036589452
Warm A,410660,2463,2462,2525,1540,0,0.0032357045
Warm A,402397,2402,2401,2525,1540,0,0.004536647
Warm A,407808,2451,2450,2525,1540,0,-0.0016518356
Warm A,384983,2249,2248,2525,1540,0,-0.00053607626
Warm A,373500,2180,2179,2525,1540,0,-0.00063883536
Warm A,374217,2181,2180,2525,1540,0,0.008970176
Warm A,370753,2167,2166,2525,1540,0,0.00053845334
Warm A,369985,2164,2163,2525,1540,1,0.0039877156
Warm A,364852,2124,2123,2525,1540,0,0.009165363
Warm A,355464,2079,2078,2525,1540,1,0.0037264172
Warm A,348481,2042,2041,2525,1540,1,0.010626484
Warm A,341966,2013,2012,2525,1540,0,-0.0025520131
Warm A,339883,2004,2003,2525,1540,0,0.0029428657
Warm A,334174,1970,1969,2525,1540,0,0.0008412256
Warm A,297607,1764,1763,2525,1540,1,0.00049098907
Warm A,293230,1746,1745,2525,1540,0,0.012076965
Warm A,300444,1780,1779,2525,1540,0,0.004499659
Warm A,288304,1722,1721,2525,1540,1,-0.0006492289
Warm A,292413,1741,1740,2525,1540,0,0.008076258
Warm A,289404,1727,1726,2525,1540,1,0.012943398
Warm A,279540,1680,1679,2525,1540,0,0.007526451
Warm A,288953,1726,1725,2525,1540,0,0.0024161243
Warm A,268040,1628,1627,2525,1540,0,0.011470404
Warm A,267616,1626,1625,2525,1540,0,0.011409898
Warm A,436550,2665,2664,2525,1540,0,0.006312494
Warm A,254116,1545,1544,2525,1540,0,0.0077075735
Warm A,247794,1496,1495,2525,1540,0,0.002379921
Warm A,244716,1473,1472,2525,1540,0,-0.00390884
Warm A,232349,1410,1409,2525,1540,0,0.0108476095
Warm A,224521,1357,1356,2525,1540,0,-0.004543476
Warm A,214961,1303,1302,2525,1540,1,0.010091947
Warm A,308751,1837,1836,2525,1540,0,0.010606658
Warm A,196174,1206,1205,2525,1540,0,0.009149985
Warm A,328366,1941,1940,2525,1540,0,0.005782514
Warm A,277820,1676,1675,2525,1540,0,-0.0011298035
Warm A,191147,1181,1180,2525,1540,0,0.007880382
Warm A,307553,1835,1834,2525,1540,1,0.008301281
Warm A,180381,1128,1127,2525,1540,0,0.00449715
Warm A,175640,1112,1111,2525,1540,0,-0.0011080028
Warm A,194289,1198,1197,2525,1540,0,0.011240521
Warm A,166070,1058,1057,2525,1540,0,0.008534544
Warm A,159341,1017,1016,2525,1540,0,0.0055543254
Warm A,157025,1010,1009,2525,1540,0,0.00032274623
Warm A,138517,889,888,2525,1540,0,0.01433743
Warm A,125591,808,807,2525,1540,0,0.0038031721
Warm A,352054,2063,2062,2525,1540,0,0.010789172
Warm A,120492,777,776,2525,1540,0,0.002229316
Warm A,86723,566,565,2525,1540,0,0.0026174602
Warm A,86179,563,562,2525,1540,0,0.00075806584
Warm A,70847,476,475,2525,1540,0,0.0034707685
Warm A,63121,424,423,2525,1540,0,0.0024045012
Warm A,41737,284,283,2525,1540,0,0.0062728478
Warm A,41163,278,277,2525,1540,0,-0.00461943
Warm A,36379,245,244,2525,1540,0,0.005602039
Warm A,29738,202,201,2525,1540,0,0.005607402
Warm A,25328,179,178,2525,1540,0,-0.005710955
Warm A,14434,117,116,2525,1540,0,0.0012834568
Warm A,119357,770,769,2525,1540,0,0.007091184
Warm A,290351,1733,1732,2525,1540,1,0.00736171
Warm A,389472,2282,2281,2525,1540,0,-0.001202975
Warm A,863911,5205,5204,2525,1540,0,0.0009124696
Warm A,552479,3401,3400,2525,1540,0,0.012029035
Warm A,238057,1447,1446,2525,1540,0,0.0017252838
Warm A,130562,846,845,2525,1540,0,0.0056278817
Warm A,451801,2781,2780,2525,1540,1,0.0014032123
Warm A,760679,4520,4519,2525,1540,0,0.00479385
Warm A,116378,752,751,2525,1540,0,0.011936763
Warm A,310754,1851,1850,2525,1540,0,0.0031245379
Warm A,322510,1912,1911,2525,1540,0,0.010543432
Warm A,848179,5097,5096,2525,1540,1,0.008267333
Warm A,868221,5242,5241,2525,1540,0,0.0011356261
Warm A,25897,183,182,2525,1540,0,0.0055593057
Warm A,638342,3841,3840,2526,1541,0,0.011946383
Warm A,625341,3779,3778,2526,1541,0,0.0053662546
Warm A,621276,3762,3761,2526,1541,0,0.011576142
Warm A,618068,3745,3744,2526,1541,0,-0.009338161
Warm A,613665,3717,3716,2526,1541,0,0.0012572815
Warm A,607737,3688,3687,2526,1541,0,0.011936503
Warm A,604995,3678,3677,2526,1541,0,0.006591401
Warm A,657160,3961,3960,2526,1541,0,0.00046852254
Warm A,531735,3283,3282,2526,1541,0,0.003613269
Warm A,509861,3140,3139,2526,1541,0,0.014697205
Warm A,504587,3102,3101,2526,1541,0,-0.0018216888
Warm A,738200,4411,4410,2526,1541,1,0.008814849
Warm A,488477,3005,3004,2526,1541,0,0.021684749
Warm A,475958,2921,2920,2526,1541,0,0.006650526
Warm A,463425,2857,2856,2526,1541,0,0.013198778
Warm A,458078,2820,2819,2526,1541,0,0.0036123642
Warm A,455290,2803,2802,2526,1541,0,0.013901686
Warm A,457093,2815,2814,2526,1541,0,0.004849259
Warm A,443530,2735,2734,2526,1541,1,0.009653067
Warm A,448901,2766,2765,2526,1541,0,-0.0039873975
Warm A,415162,2499,2498,2526,1541,0,0.023678865
Warm A,401902,2398,2397,2526,1541,1,0.006804837
Warm A,401393,2393,2392,2526,1541,0,0.0015579241
Warm A,390969,2297,2296,2526,1541,1,0.012629785
Warm A,386392,2259,2258,2526,1541,0,0.005893763
Warm A,388746,2278,2277,2526,1541,0,0.016183116
Warm A,376748,2199,2198,2526,1541,0,0.006548704
Warm A,373501,2180,2179,2526,1541,0,0.0074704876
Warm A,370754,2167,2166,2526,1541,0,-0.010991477
Warm A,356124,2086,2085,2526,1541,0,0.008185329
Warm A,436551,2665,2664,2526,1541,0,0.0124256965
Warm A,339884,2004,2003,2526,1541,0,0.0027260508
Warm A,310756,1851,1850,2526,1541,0,0.0046925754
Warm A,311584,1856,1855,2526,1541,1,0.005743688
Warm A,288470,1723,1722,2526,1541,1,-0.00036328495
Warm A,292414,1741,1740,2526,1541,0,0.011866752
Warm A,256547,1567,1566,2526,1541,0,0.0069776224
Warm A,252951,1533,1532,2526,1541,1,0.0007212518
Warm A,242892,1465,1464,2526,1541,0,-0.0006845896
Warm A,226851,1376,1375,2526,1541,0,0.015244693
Warm A,226161,1369,1368,2526,1541,1,0.012654312
Warm A,216661,1316,1315,2526,1541,1,0.0046788473
Warm A,216236,1312,1311,2526,1541,0,-0.0016522262
Warm A,211121,1285,1284,2526,1541,0,0.0077384203
Warm A,328367,1941,1940,2526,1541,0,0.007375162
Warm A,178860,1122,1121,2526,1541,0,0.0026902133
Warm A,165268,1053,1052,2526,1541,0,0.0045061274
Warm A,140493,902,901,2526,1541,0,0.008137722
Warm A,138518,889,888,2526,1541,0,0.014096371
Warm A,126038,812,811,2526,1541,0,0.004602163
Warm A,107093,704,703,2526,1541,0,0.009724635
Warm A,713190,4277,4276,2526,1541,0,0.02367492
Warm A,86180,563,562,2526,1541,0,0.0080110505
Warm A,191149,1181,1180,2526,1541,0,0.011626087
Warm A,75951,516,515,2526,1541,0,0.006924415
Warm A,66592,445,444,2526,1541,0,0.0075768293
Warm A,63123,424,423,2526,1541,0,0.016190208
Warm A,49321,329,328,2526,1541,0,0.008201658
Warm A,363189,2116,2115,2526,1541,0,0.0138093345
Warm A,5575,39,38,2526,1541,0,0.0062286737
Warm A,1898,17,16,2526,1541,0,0.015575822
Warm A,530304,3274,3273,2526,1541,0,0.0050776633
Warm A,235089,1425,1424,2526,1541,0,0.019061502
Warm A,801449,4802,4801,2526,1541,0,0.013445237
Warm A,718608,4305,4304,2526,1541,1,0.014158412
Warm A,26642,188,187,2526,1541,0,0.0010264597
Warm A,136713,881,880,2526,1541,0,0.016112598
Warm A,588010,3589,3588,2526,1541,0,0.015975915
Warm A,546889,3371,3370,2526,1541,0,0.019939749
Warm A,322511,1912,1911,2526,1541,0,0.0049868193
Warm A,825591,4958,4957,2526,1541,0,0.0041170004
Warm A,432797,2638,2637,2535,1549,0,0.0029772432
Warm A,423492,2566,2565,2535,1549,0,0.0007980274
Warm A,423222,2565,2564,2535,1549,1,0.003842981
Warm A,422984,2564,2563,2535,1549,0,0.003310322
Warm A,414681,2496,2495,2535,1549,0,0.007825511
Warm A,436570,2665,2664,2535,1549,1,-0.0030883048
Warm A,403863,2412,2411,2535,1549,0,-0.0006327443
Warm A,449422,2771,2770,2535,1549,0,0.010045698
Warm A,402414,2402,2401,2535,1549,0,-0.0025401418
Warm A,392352,2304,2303,2535,1549,0,0.00787301
Warm A,389040,2279,2278,2535,1549,0,0.0051028645
Warm A,370000,2164,2163,2535,1549,0,0.0049024555
Warm A,357576,2092,2091,2535,1549,0,0.00024564308
Warm A,337123,1983,1982,2535,1549,0,-0.0014591058
Warm A,330177,1948,1947,2535,1549,0,0.008972051
Warm A,289417,1727,1726,2535,1549,0,0.0032301631
Warm A,292430,1741,1740,2535,1549,1,0.004391931
Warm A,350761,2059,2058,2535,1549,0,0.010988878
Warm A,244725,1473,1472,2535,1549,0,-0.0017141586
Warm A,242901,1465,1464,2535,1549,0,-0.0041446635
Warm A,224736,1358,1357,2535,1549,0,0.0099766785
Warm A,219953,1333,1332,2535,1549,0,0.0045815366
Warm A,220421,1335,1334,2535,1549,0,0.0035812263
Warm A,279581,1680,1679,2535,1549,1,0.0005748656
Warm A,244089,1470,1469,2535,1549,0,-0.0050118063
Warm A,197035,1209,1208,2535,1549,0,0.002892342
Warm A,334689,1974,1973,2535,1549,0,0.0032784971
Warm A,177633,1119,1118,2535,1549,0,0.006640388
Warm A,328396,1941,1940,2535,1549,1,0.006656287
Warm A,163106,1041,1040,2535,1549,1,0.0022135796
Warm A,271006,1639,1638,2535,1549,0,0.004729715
Warm A,199551,1224,1223,2535,1549,1,0.001230004
Warm A,191173,1181,1180,2535,1549,0,0.006830863
Warm A,131255,850,849,2535,1549,1,-0.013250819
Warm A,315406,1880,1879,2535,1549,1,0.0046908017
Warm A,147474,949,948,2535,1549,0,0.012306138
Warm A,713209,4277,4276,2535,1549,0,0.004509532
Warm A,97118,651,650,2535,1549,0,0.008860602
Warm A,95001,637,636,2535,1549,0,0.00629664
Warm A,480224,2946,2945,2535,1549,0,0.00197611
Warm A,284337,1698,1697,2535,1549,0,-0.0005527134
Warm A,153175,984,983,2535,1549,0,0.0028332244
Warm A,394253,2323,2322,2535,1549,0,0.00976822
Warm A,85848,560,559,2535,1549,0,-0.0057599074
Warm A,83324,549,548,2535,1549,0,0.0063899113
Warm A,234234,1422,1421,2535,1549,0,0.004800912
Warm A,211139,1285,1284,2535,1549,0,0.0057456447
Warm A,241333,1451,1450,2535,1549,0,0.0072374213
Warm A,61249,412,411,2535,1549,0,0.0051294276
Warm A,12936,100,99,2535,1549,0,0.0010494739
Warm A,104436,692,691,2535,1549,0,0.013607199
Warm A,202100,1243,1242,2535,1549,0,0.0010027238
Warm A,552493,3401,3400,2535,1549,0,-0.0012225518
Warm A,288479,1723,1722,2535,1549,1,0.012709543
Warm A,744980,4448,4447,2535,1549,1,0.0012916428
Warm A,336122,1980,1979,2535,1549,1,-0.0070082713
Warm A,841195,5054,5053,2535,1549,0,-0.007584774
Warm A,63140,424,423,2535,1549,0,0.005240011
Warm A,235106,1425,1424,2535,1549,0,0.0025900952
Warm A,594081,3618,3617,2540,1551,0,0.0023637146
Warm A,596737,3626,3625,2540,1551,0,0.0062247324
Warm A,613355,3716,3715,2540,1551,1,-0.008892872
Warm A,578059,3530,3529,2540,1551,0,0.00789233
Warm A,577347,3526,3525,2540,1551,0,0.0042052497
Warm A,584099,3564,3563,2540,1551,0,0.008078794
Warm A,558335,3429,3428,2540,1551,0,0.0033445943
Warm A,549154,3389,3388,2540,1551,0,0.008715613
Warm A,537324,3311,3310,2540,1551,1,0.012220835
Warm A,561649,3454,3453,2540,1551,0,0.0041472972
Warm A,520386,3209,3208,2540,1551,0,0.009017297
Warm A,538050,3312,3311,2540,1551,0,0.011589423
Warm A,517041,3191,3190,2540,1551,0,0.008032003
Warm A,511552,3156,3155,2540,1551,1,0.007819066
Warm A,558603,3430,3429,2540,1551,0,0.001939307
Warm A,508002,3126,3125,2540,1551,0,0.005295725
Warm A,506806,3118,3117,2540,1551,1,0.010499113
Warm A,504483,3101,3100,2540,1551,1,0.017729957
Warm A,496575,3051,3050,2540,1551,0,0.0015875781
Warm A,799283,4790,4789,2540,1551,0,0.008437449
Warm A,718625,4305,4304,2540,1551,1,0.0036319066
Warm A,491396,3022,3021,2540,1551,0,0.003083883
Warm A,486352,2994,2993,2540,1551,0,0.0034994602
Warm A,567605,3483,3482,2540,1551,0,-0.00022759149
Warm A,477534,2931,2930,2540,1551,0,0.0058603347
Warm A,471888,2903,2902,2540,1551,0,0.0051290793
Warm A,473887,2909,2908,2540,1551,1,0.0022114608
Warm A,466393,2876,2875,2540,1551,1,0.0068754978
Warm A,465745,2872,2871,2540,1551,1,0.009835228
Warm A,460999,2842,2841,2540,1551,0,0.0030968955
Warm A,458963,2825,2824,2540,1551,1,0.005883575
Warm A,564574,3471,3470,2540,1551,1,0.005353848
Warm A,407020,2445,2444,2540,1551,0,0.0018571925
Warm A,464256,2860,2859,2540,1551,1,-0.00201732
Warm A,351190,2062,2061,2540,1551,1,-0.004738954
Warm A,340798,2010,2009,2540,1551,0,0.0035050544
Warm A,337131,1983,1982,2540,1551,0,0.004736278
Warm A,297623,1764,1763,2540,1551,1,0.0013537507
Warm A,302214,1794,1793,2540,1551,0,0.007542271
Warm A,288972,1726,1725,2540,1551,0,0.008904849
Warm A,270092,1635,1634,2540,1551,1,0.015657272
Warm A,266461,1616,1615,2540,1551,0,0.0023387747
Warm A,358266,2097,2096,2540,1551,1,0.008210148
Warm A,243530,1468,1467,2540,1551,0,0.0013080729
Warm A,232169,1408,1407,2540,1551,0,0.008562664
Warm A,231170,1399,1398,2540,1551,0,0.01495163
Warm A,227240,1377,1376,2540,1551,0,0.0032016202
Warm A,220700,1338,1337,2540,1551,1,0.008794636
Warm A,277843,1676,1675,2540,1551,1,0.0024876897
Warm A,273113,1647,1646,2540,1551,0,0.018587943
Warm A,244096,1470,1469,2540,1551,1,0.0006793399
Warm A,191193,1181,1180,2540,1551,1,0.010100333
Warm A,363221,2116,2115,2540,1551,0,0.0064046388
Warm A,189433,1173,1172,2540,1551,0,0.012696419
Warm A,179194,1124,1123,2540,1551,0,0.010894667
Warm A,328419,1941,1940,2540,1551,0,0.017607398
Warm A,227677,1380,1379,2540,1551,0,0.0015864733
Warm A,185519,1150,1149,2540,1551,0,0.009838063
Warm A,135749,877,876,2540,1551,0,0.0030694928
Warm A,202600,1244,1243,2540,1551,0,-0.0020552818
Warm A,154950,999,998,2540,1551,0,0.009504442
Warm A,298157,1767,1766,2540,1551,0,-0.00075010234
Warm A,121891,785,784,2540,1551,1,0.015371871
Warm A,121235,780,779,2540,1551,1,0.007002027
Warm A,119992,774,773,2540,1551,0,0.009988684
Warm A,117588,757,756,2540,1551,0,0.012162144
Warm A,114931,746,745,2540,1551,0,-0.0029359108
Warm A,240305,1449,1448,2540,1551,0,0.008515813
Warm A,108145,710,709,2540,1551,0,0.006303739
Warm A,116414,752,751,2540,1551,0,0.00964328
Warm A,121743,783,782,2540,1551,1,0.0025901413
Warm A,110940,721,720,2540,1551,0,0.011415585
Warm A,109371,714,713,2540,1551,1,0.014150795
Warm A,204659,1260,1259,2540,1551,0,0.0024808864
Warm A,84351,550,549,2540,1551,0,0.008514043
Warm A,71146,477,476,2540,1551,0,0.0074681425
Warm A,155441,1001,1000,2540,1551,0,-0.0034017593
Warm A,53676,352,351,2540,1551,0,0.0122873
Warm A,51416,338,337,2540,1551,0,0.0007194779
Warm A,83335,549,548,2540,1551,0,0.01938928
Warm A,40357,272,271,2540,1551,0,0.007547995
Warm A,35653,241,240,2540,1551,0,0.011874987
Warm A,291551,1737,1736,2540,1551,1,-0.0026993204
Warm A,31208,210,209,2540,1551,1,0.0112618245
Warm A,22470,163,162,2540,1551,0,0.008484145
Warm A,14193,116,115,2540,1551,1,-0.013984428
Warm A,154408,996,995,2540,1551,1,0.0019990138
Warm A,104445,692,691,2540,1551,1,-6.854255e-05
Warm A,5352,36,35,2540,1551,1,0.011010861
Warm A,54459,355,354,2540,1551,1,-0.0007538474
Warm A,238091,1447,1446,2540,1551,0,0.013132973
Warm A,886945,5359,5358,2540,1551,0,0.0032565808
Warm A,290375,1733,1732,2540,1551,0,0.0048975237
Warm A,360947,2106,2105,2540,1551,0,0.00096985605
Warm A,11607,90,89,2540,1551,1,0.0023649598
Warm A,907676,5492,5491,2540,1551,0,0.013701415
Warm A,502213,3082,3081,2546,1554,0,-0.0010792103
Warm A,653630,3940,3939,2546,1554,0,0.006454856
Warm A,499581,3067,3066,2546,1554,0,0.0031013787
Warm A,576562,3524,3523,2546,1554,0,0.0064468384
Warm A,478178,2934,2933,2546,1554,0,0.00823578
Warm A,467663,2882,2881,2546,1554,1,0.0038925903
Warm A,464732,2864,2863,2546,1554,0,0.009640553
Warm A,559979,3441,3440,2546,1554,0,0.007989857
Warm A,451040,2777,2776,2546,1554,0,-0.0016262268
Warm A,444761,2743,2742,2546,1554,0,0.0014233992
Warm A,438642,2680,2679,2546,1554,0,0.009497669
Warm A,437255,2669,2668,2546,1554,0,0.0056265835
Warm A,429515,2615,2614,2546,1554,0,0.0013200734
Warm A,428836,2609,2608,2546,1554,1,0.002079123
Warm A,418830,2529,2528,2546,1554,1,0.0033457754
Warm A,415418,2502,2501,2546,1554,1,0.0031269128
Warm A,413264,2485,2484,2546,1554,0,0.002041327
Warm A,424916,2577,2576,2546,1554,0,-0.0010665895
Warm A,404276,2418,2417,2546,1554,0,-0.00431603
Warm A,398551,2371,2370,2546,1554,1,-0.00027261488
Warm A,397882,2361,2360,2546,1554,1,-0.0055517606
Warm A,394079,2322,2321,2546,1554,0,0.0031329636
Warm A,386671,2261,2260,2546,1554,0,0.001130308
Warm A,381374,2230,2229,2546,1554,0,0.0032748757
Warm A,379320,2216,2215,2546,1554,0,0.0018829699
Warm A,376752,2199,2198,2546,1554,0,0.0040343264
Warm A,372333,2174,2173,2546,1554,0,0.0045604426
Warm A,368129,2150,2149,2546,1554,0,0.008472422
Warm A,358007,2095,2094,2546,1554,0,0.009450641
Warm A,354510,2075,2074,2546,1554,0,0.0037279497
Warm A,354212,2073,2072,2546,1554,0,0.004016568
Warm A,350568,2058,2057,2546,1554,1,0.013784583
Warm A,349679,2052,2051,2546,1554,1,0.0065712845
Warm A,348643,2043,2042,2546,1554,0,0.012779156
Warm A,347749,2040,2039,2546,1554,1,0.004157362
Warm A,339571,2001,2000,2546,1554,1,0.0028358384
Warm A,332766,1962,1961,2546,1554,0,0.0020930995
Warm A,311334,1854,1853,2546,1554,1,0.011229804
Warm A,304456,1809,1808,2546,1554,0,0.009488901
Warm A,277846,1676,1675,2546,1554,0,0.007881895
Warm A,275185,1666,1665,2546,1554,0,0.0061886963
Warm A,264391,1608,1607,2546,1554,0,0.007678261
Warm A,363223,2116,2115,2546,1554,0,0.008241814
Warm A,233133,1418,1417,2546,1554,1,0.0064240005
Warm A,228405,1383,1382,2546,1554,0,0.0046038264
Warm A,226855,1376,1375,2546,1554,0,0.014720028
Warm A,226774,1375,1374,2546,1554,0,0.0019835306
Warm A,225598,1366,1365,2546,1554,0,0.00025657262
Warm A,213580,1298,1297,2546,1554,1,-0.003651302
Warm A,200384,1230,1229,2546,1554,0,0.004347493
Warm A,189436,1173,1172,2546,1554,0,0.009862119
Warm A,187315,1162,1161,2546,1554,0,0.0087310355
Warm A,176301,1114,1113,2546,1554,0,-0.00018947641
Warm A,331776,1958,1957,2546,1554,0,0.014653113
Warm A,172383,1090,1089,2546,1554,0,-0.00095846294
Warm A,485524,2988,2987,2546,1554,0,0.016213609
Warm A,168572,1069,1068,2546,1554,0,0.010317048
Warm A,270464,1636,1635,2546,1554,0,0.007552414
Warm A,195604,1203,1202,2546,1554,1,0.007448746
Warm A,198987,1222,1221,2546,1554,0,0.010066792
Warm A,145421,935,934,2546,1554,0,0.0050818482
Warm A,157061,1010,1009,2546,1554,0,0.0047362037
Warm A,132008,854,853,2546,1554,0,-0.0005633603
Warm A,182111,1137,1136,2546,1554,0,0.003985339
Warm A,128057,828,827,2546,1554,1,0.001416767
Warm A,263507,1605,1604,2546,1554,0,0.0013766573
Warm A,126041,812,811,2546,1554,1,-0.0005948837
Warm A,125312,805,804,2546,1554,1,0.00040503847
Warm A,120882,779,778,2546,1554,0,-0.0052481107
Warm A,119815,773,772,2546,1554,0,0.0048498847
Warm A,116417,752,751,2546,1554,0,0.008164314
Warm A,127341,822,821,2546,1554,0,0.0011486574
Warm A,349346,2050,2049,2546,1554,1,-0.002537015
Warm A,216474,1314,1313,2546,1554,1,-0.0054753567
Warm A,106203,699,698,2546,1554,0,-0.0048295613
Warm A,109373,714,713,2546,1554,1,0.0017489684
Warm A,360949,2106,2105,2546,1554,0,0.016576631
Warm A,239132,1448,1447,2546,1554,0,0.005141907
Warm A,68809,461,460,2546,1554,0,0.008129373
Warm A,707803,4241,4240,2546,1554,1,-0.0025596966
Warm A,47430,319,318,2546,1554,0,0.0028117392
Warm A,43906,301,300,2546,1554,0,0.009373447
Warm A,312954,1865,1864,2546,1554,0,-0.0007438464
Warm A,39535,268,267,2546,1554,1,0.0019100658
Warm A,287460,1716,1715,2546,1554,0,0.008818539
Warm A,26395,187,186,2546,1554,1,0.0032820432
Warm A,16968,133,132,2546,1554,1,0.0041186176
Warm A,15569,123,122,2546,1554,0,0.0025103516
Warm A,11177,83,82,2546,1554,0,0.01142798
Warm A,6785,48,47,2546,1554,0,0.007344866
Warm A,5702,41,40,2546,1554,0,-0.0010967818
Warm A,76406,518,517,2546,1554,0,0.0013876086
Warm A,365833,2129,2128,2546,1554,0,0.0126056895
Warm A,11959,92,91,2546,1554,0,0.00829402
Warm A,883053,5333,5332,2546,1554,0,-0.0046214806
Warm A,894922,5405,5404,2546,1554,0,0.0052065738
Warm A,79566,531,530,2546,1554,0,0.01403201
Warm A,309699,1842,1841,2546,1554,0,0.0018108212
Warm A,265203,1611,1610,2546,1554,0,0.0058217812
Warm A,187072,1160,1159,2546,1554,0,0.00825842
Warm A,768781,4579,4578,2546,1554,0,0.0057302043
Warm A,206413,1265,1264,2546,1554,0,-0.0008513
Warm A,451812,2781,2780,2546,1554,0,0.0023480803
Warm A,879084,5312,5311,2546,1554,0,0.008319404
Warm A,456541,2810,2809,2546,1554,1,0.008408523
Warm A,286808,1712,1711,2546,1554,0,0.004812771
Warm A,328422,1941,1940,2546,1554,0,0.0030797701
Warm A,397400,2353,2352,2546,1554,0,0.0037590913
Warm A,171858,1088,1087,2546,1554,0,0.008390065
Warm A,221832,1341,1340,2548,1555,0,-0.0063036904
Warm A,214126,1300,1299,2548,1555,0,0.002556441
Warm A,273114,1647,1646,2548,1555,0,0.0072752032
Warm A,194050,1195,1194,2548,1555,1,0.0027663568
Warm A,328425,1941,1940,2548,1555,0,0.0069923988
Warm A,189055,1172,1171,2548,1555,0,-0.002393174
Warm A,196638,1207,1206,2548,1555,0,0.0086644525
Warm A,175059,1109,1108,2548,1555,0,-0.003903899
Warm A,184068,1146,1145,2548,1555,0,-0.0032558688
Warm A,170025,1080,1079,2548,1555,0,0.008928755
Warm A,167967,1068,1067,2548,1555,0,0.00029119337
Warm A,159352,1017,1016,2548,1555,0,-0.0014056088
Warm A,217200,1317,1316,2548,1555,0,0.012437962
Warm A,133880,868,867,2548,1555,1,-0.0038992488
Warm A,134448,869,868,2548,1555,0,0.0030654382
Warm A,133210,859,858,2548,1555,0,-0.00350693
Warm A,131264,850,849,2548,1555,0,-0.0018597201
Warm A,138564,889,888,2548,1555,0,0.0089416
Warm A,126667,817,816,2548,1555,0,0.0019320273
Warm A,125600,808,807,2548,1555,0,-0.0038663044
Warm A,114102,741,740,2548,1555,0,-0.007806289
Warm A,117591,757,756,2548,1555,0,0.010222251
Warm A,108147,710,709,2548,1555,0,0.003961347
Warm A,82532,548,547,2548,1555,0,-0.0010296777
Warm A,57597,390,389,2548,1555,0,-0.007960593
Warm A,45189,305,304,2548,1555,0,-0.0015369649
Warm A,39537,268,267,2548,1555,0,-0.0096552195
Warm A,538051,3312,3311,2548,1555,0,0.0031422758
Warm A,291555,1737,1736,2548,1555,0,-0.0015353425
Warm A,99875,667,666,2548,1555,0,0.0048484304
Warm A,22479,163,162,2548,1555,0,0.004953722
Warm A,458104,2820,2819,2548,1555,0,-0.0011745188
Warm A,552506,3401,3400,2548,1555,0,-0.007884973
Warm A,56070,372,371,2548,1555,1,-0.0045006964
Warm A,238093,1447,1446,2548,1555,0,0.0025453465
Warm A,365834,2129,2128,2548,1555,0,2.9345974e-05
Warm A,360950,2106,2105,2548,1555,0,-0.0062986896
Warm A,164711,1051,1050,2548,1555,0,-0.0014577406
Warm A,927626,5605,5604,2548,1555,1,0.010698117
Warm A,102441,678,677,2548,1555,0,0.00054864073
Warm A,907677,5492,5491,2548,1555,0,0.0053562084
Warm A,136747,881,880,2548,1555,0,0.012764984
Warm A,474386,2910,2909,2548,1555,0,0.0037205108
Warm A,179720,1125,1124,2548,1555,0,0.0029295397
Warm A,171859,1088,1087,2548,1555,0,0.01832321
Warm A,623476,3771,3770,2549,1556,0,0.0100318305
Warm A,616515,3731,3730,2549,1556,0,0.008823106
Warm A,744989,4448,4447,2549,1556,0,0.00069942744
Warm A,590813,3603,3602,2549,1556,0,-0.0001237574
Warm A,588040,3589,3588,2549,1556,0,0.003865003
Warm A,577349,3526,3525,2549,1556,0,0.0073825503
Warm A,579547,3539,3538,2549,1556,1,-0.0013044219
Warm A,574343,3516,3515,2549,1556,1,0.0066341166
Warm A,605005,3678,3677,2549,1556,0,0.0058354605
Warm A,569362,3491,3490,2549,1556,1,-0.0015239014
Warm A,555881,3416,3415,2549,1556,0,-0.0006873999
Warm A,554556,3411,3410,2549,1556,0,0.0034125242
Warm A,537329,3311,3310,2549,1556,0,0.003729492
Warm A,532263,3285,3284,2549,1556,0,-0.002799302
Warm A,520388,3209,3208,2549,1556,0,-0.012734839
Warm A,517042,3191,3190,2549,1556,0,0.0017102901
Warm A,589917,3599,3598,2549,1556,0,-0.008356139
Warm A,514588,3178,3177,2549,1556,0,0.00388365
Warm A,738207,4411,4410,2549,1556,1,0.0021091742
Warm A,492861,3029,3028,2549,1556,1,0.009058043
Warm A,475971,2921,2920,2549,1556,0,0.00645514
Warm A,591267,3607,3606,2549,1556,0,-0.0053968374
Warm A,478482,2935,2934,2549,1556,1,-0.0019485571
Warm A,462268,2852,2851,2549,1556,0,-0.0014339956
Warm A,463457,2857,2856,2549,1556,0,0.0067639295
Warm A,455448,2804,2803,2549,1556,0,-0.0036910938
Warm A,444762,2743,2742,2549,1556,0,0.0049238224
Warm A,445644,2748,2747,2549,1556,1,0.004542605
Warm A,439014,2682,2681,2549,1556,0,0.001842971
Warm A,430144,2621,2620,2549,1556,0,0.0058727353
Warm A,602502,3665,3664,2549,1556,0,-0.0011106521
Warm A,407021,2445,2444,2549,1556,0,0.0006050839
Warm A,396379,2344,2343,2549,1556,0,-0.0030708746
Warm A,386672,2261,2260,2549,1556,0,-0.0062680794
Warm A,376851,2200,2199,2549,1556,0,0.0012108698
Warm A,373523,2180,2179,2549,1556,0,0.013930203
Warm A,370765,2167,2166,2549,1556,0,0.0032959539
Warm A,370539,2166,2165,2549,1556,0,0.00085232686
Warm A,367529,2145,2144,2549,1556,0,-0.0072262683
Warm A,358575,2098,2097,2549,1556,0,0.001492098
Warm A,356480,2088,2087,2549,1556,0,0.007636359
Warm A,352103,2063,2062,2549,1556,0,0.015621902
Warm A,340802,2010,2009,2549,1556,0,-0.009528371
Warm A,339898,2004,2003,2549,1556,1,0.0013886832
Warm A,337720,1985,1984,2549,1556,0,0.010197496
Warm A,293244,1746,1745,2549,1556,0,-0.0072203455
Warm A,360951,2106,2105,2549,1556,0,-0.0015062662
Warm A,288974,1726,1725,2549,1556,0,0.0031771231
Warm A,271514,1641,1640,2549,1556,0,-0.0041794134
Warm A,268362,1630,1629,2549,1556,0,0.007936326
Warm A,261429,1598,1597,2549,1556,0,0.0012175316
Warm A,303084,1800,1799,2549,1556,0,0.0012836286
Warm A,253551,1542,1541,2549,1556,1,0.0008439481
Warm A,342651,2015,2014,2549,1556,0,-0.00790409
Warm A,244729,1473,1472,2549,1556,0,-0.0017131402
Warm A,236238,1433,1432,2549,1556,1,0.0031007575
Warm A,226181,1369,1368,2549,1556,0,-0.0046529705
Warm A,227242,1377,1376,2549,1556,0,-0.0017606737
Warm A,337519,1984,1983,2549,1556,0,0.007946235
Warm A,233134,1418,1417,2549,1556,0,-0.0008980663
Warm A,267271,1624,1623,2549,1556,0,0.0027068905
Warm A,216475,1314,1313,2549,1556,0,-0.0065347925
Warm A,277849,1676,1675,2549,1556,0,0.0038283318
Warm A,273115,1647,1646,2549,1556,0,0.0069994787
Warm A,208061,1272,1271,2549,1556,0,0.003997487
Warm A,205944,1264,1263,2549,1556,0,-0.002375681
Warm A,186958,1159,1158,2549,1556,0,0.0032452885
Warm A,181635,1135,1134,2549,1556,1,-0.0033835897
Warm A,248925,1501,1500,2549,1556,0,0.0034482859
Warm A,171860,1088,1087,2549,1556,0,-0.002956857
Warm A,227678,1380,1379,2549,1556,0,-0.002939166
Warm A,147643,950,949,2549,1556,0,0.010181032
Warm A,314510,1878,1877,2549,1556,0,0.0062175933
Warm A,136748,881,880,2549,1556,0,0.008667804
Warm A,126668,817,816,2549,1556,0,0.0022463757
Warm A,123496,796,795,2549,1556,0,0.0050972304
Warm A,121236,780,779,2549,1556,0,0.0052516116
Warm A,120512,777,776,2549,1556,0,0.009986635
Warm A,108767,712,711,2549,1556,0,-0.0026475925
Warm A,97380,652,651,2549,1556,0,0.0006362528
Warm A,294988,1752,1751,2549,1556,0,0.011615277
Warm A,86197,563,562,2549,1556,0,-0.0040079774
Warm A,363226,2116,2115,2549,1556,0,-0.002839433
Warm A,74438,508,507,2549,1556,0,0.0060806116
Warm A,86741,566,565,2549,1556,0,-0.0039659734
Warm A,116418,752,751,2549,1556,0,-0.002804382
Warm A,70483,475,474,2549,1556,0,0.0011427039
Warm A,66606,445,444,2549,1556,0,0.0007209284
Warm A,51139,337,336,2549,1556,0,0.0051401216
Warm A,48981,328,327,2549,1556,0,0.00087913487
Warm A,44454,302,301,2549,1556,0,0.005197745
Warm A,38501,262,261,2549,1556,0,0.0027385335
Warm A,38022,260,259,2549,1556,0,0.0072942353
Warm A,33926,229,228,2549,1556,0,0.0024467115
Warm A,22481,163,162,2549,1556,0,0.0066826832
Warm A,56071,372,371,2549,1556,1,0.0050311713
Warm A,19370,148,147,2549,1556,0,-0.00076403865
Warm A,14473,117,116,2549,1556,0,0.0071276855
Warm A,13264,103,102,2549,1556,1,-0.00076293945
Warm A,12295,93,92,2549,1556,0,-0.0038239886
Warm A,1932,17,16,2549,1556,0,0.0037141033
Warm A,312013,1860,1859,2549,1556,0,0.005761557
Warm A,883054,5333,5332,2549,1556,1,0.0014724869
Warm A,975088,5880,5879,2549,1556,0,0.0013559803
Warm A,840782,5053,5052,2549,1556,0,0.0058547193
Warm A,328426,1941,1940,2549,1556,0,0.008064805
Warm A,497693,3055,3054,2549,1556,0,-0.0069696824
Warm A,310769,1851,1850,2549,1556,0,-0.0041343663
Warm A,475578,2918,2917,2549,1556,0,-0.0005234437
Warm A,221484,1340,1339,2549,1556,0,-0.0012948356
Warm A,187073,1160,1159,2549,1556,0,-0.012960042
Warm A,194945,1202,1201,2549,1556,0,0.0019027092
Warm A,257805,1579,1578,2549,1556,0,-0.008655144
Warm A,376435,2195,2194,2549,1556,1,-0.010124614
Warm A,341709,2012,2011,2549,1556,0,-0.0060777776
Warm A,632547,3823,3822,2550,1557,1,0.0063802395
Warm A,666344,4009,4008,2550,1557,0,0.0013020965
Warm A,628391,3806,3805,2550,1557,0,0.006848509
Warm A,628776,3807,3806,2550,1557,1,0.007912283
Warm A,638381,3841,3840,2550,1557,1,0.00763275
Warm A,623478,3771,3770,2550,1557,1,0.0005691848
Warm A,620735,3760,3759,2550,1557,0,0.015292866
Warm A,618359,3746,3745,2550,1557,1,0.011933511
Warm A,747153,4458,4457,2550,1557,1,0.0015556272
Warm A,611254,3705,3704,2550,1557,1,0.008293221
Warm A,744990,4448,4447,2550,1557,1,0.010338784
Warm A,606624,3683,3682,2550,1557,0,0.002464293
Warm A,602113,3662,3661,2550,1557,1,-0.00985764
Warm A,621293,3762,3761,2550,1557,1,0.0028530299
Warm A,597635,3636,3635,2550,1557,0,-0.0022561308
Warm A,594090,3618,3617,2550,1557,0,0.006836019
Warm A,590816,3603,3602,2550,1557,1,0.0027503977
Warm A,585773,3576,3575,2550,1557,0,0.008661614
Warm A,576563,3524,3523,2550,1557,1,0.0051062168
Warm A,574205,3515,3514,2550,1557,0,-0.0020058854
Warm A,566377,3476,3475,2550,1557,0,0.0035475933
Warm A,562698,3462,3461,2550,1557,1,-0.0054321513
Warm A,560581,3446,3445,2550,1557,0,0.006460077
Warm A,549515,3390,3389,2550,1557,1,0.0057987086
Warm A,544423,3356,3355,2550,1557,1,0.016536502
Warm A,543938,3352,3351,2550,1557,1,0.0089273965
Warm A,547617,3378,3377,2550,1557,1,0.012181455
Warm A,539485,3318,3317,2550,1557,0,0.01158178
Warm A,525429,3244,3243,2550,1557,1,-0.0036543573
Warm A,916723,5539,5538,2550,1557,1,0.009179138
Warm A,654254,3942,3941,2550,1557,0,0.0064782705
Warm A,571161,3503,3502,2550,1557,0,0.0057697822
Warm A,584777,3569,3568,2550,1557,0,0.0045852177
Warm A,502507,3084,3083,2550,1557,0,0.00016763841
Warm A,500732,3075,3074,2550,1557,1,0.007410594
Warm A,494345,3032,3031,2550,1557,1,0.0063584303
Warm A,626938,3792,3791,2550,1557,1,0.006777823
Warm A,768782,4579,4578,2550,1557,1,-0.009172347
Warm A,478181,2934,2933,2550,1557,0,0.018501459
Warm A,696533,4169,4168,2550,1557,1,0.016023949
Warm A,472748,2907,2906,2550,1557,0,0.005885902
Warm A,473892,2909,2908,2550,1557,1,0.015728418
Warm A,754727,4497,4496,2550,1557,0,0.0031896075
Warm A,459477,2830,2829,2550,1557,1,-0.005229458
Warm A,458108,2820,2819,2550,1557,1,0.011555353
Warm A,430759,2625,2624,2550,1557,1,0.008844901
Warm A,425381,2581,2580,2550,1557,1,0.00096172467
Warm A,415087,2498,2497,2550,1557,0,0.0013354007
Warm A,411820,2475,2474,2550,1557,0,0.006154406
Warm A,414689,2496,2495,2550,1557,0,0.0016373657
Warm A,390741,2293,2292,2550,1557,1,0.007947777
Warm A,406804,2444,2443,2550,1557,1,0.005148067
Warm A,361795,2109,2108,2550,1557,1,0.009353412
Warm A,353744,2072,2071,2550,1557,1,0.0049458314
Warm A,356482,2088,2087,2550,1557,1,0.0010342274
Warm A,350144,2055,2054,2550,1557,1,0.007372806
Warm A,348491,2042,2041,2550,1557,0,0.0118549
Warm A,346296,2030,2029,2550,1557,1,0.0039358665
Warm A,343707,2018,2017,2550,1557,1,0.005102805
Warm A,325702,1927,1926,2550,1557,1,0.0030329493
Warm A,326335,1931,1930,2550,1557,0,0.012859603
Warm A,305401,1816,1815,2550,1557,1,0.00879763
Warm A,299347,1777,1776,2550,1557,1,0.0067517827
Warm A,297628,1764,1763,2550,1557,0,0.003464231
Warm A,288310,1722,1721,2550,1557,1,0.00074905483
Warm A,279619,1680,1679,2550,1557,1,0.004571722
Warm A,277076,1675,1674,2550,1557,0,0.009876768
Warm A,250825,1513,1512,2550,1557,0,-0.0008391207
Warm A,247809,1496,1495,2550,1557,1,-0.0014568698
Warm A,303309,1802,1801,2550,1557,0,-0.00041876116
Warm A,224522,1357,1356,2550,1557,1,0.008797796
Warm A,214127,1300,1299,2550,1557,0,0.006997511
Warm A,213945,1299,1298,2550,1557,0,0.009549357
Warm A,276355,1671,1670,2550,1557,1,0.00540327
Warm A,322542,1912,1911,2550,1557,0,0.0130181415
Warm A,244099,1470,1469,2550,1557,0,-0.003281541
Warm A,328431,1941,1940,2550,1557,1,0.0002519018
Warm A,184424,1147,1146,2550,1557,0,0.010066568
Warm A,182849,1140,1139,2550,1557,1,-0.00273683
Warm A,162326,1034,1033,2550,1557,0,0.0037857103
Warm A,159354,1017,1016,2550,1557,1,-0.0009604895
Warm A,158435,1015,1014,2550,1557,1,0.0145397205
Warm A,152022,977,976,2550,1557,1,0.0053401436
Warm A,246404,1489,1488,2550,1557,0,0.0021039022
Warm A,149026,958,957,2550,1557,0,0.003238192
Warm A,727152,4350,4349,2550,1557,0,0.0093306005
Warm A,133881,868,867,2550,1557,0,0.0053634336
Warm A,223670,1354,1353,2550,1557,0,0.003779551
Warm A,99876,667,666,2550,1557,0,0.0071402956
Warm A,83341,549,548,2550,1557,1,0.013017433
Warm A,79568,531,530,2550,1557,0,0.0060604257
Warm A,86743,566,565,2550,1557,0,0.0077073057
Warm A,72202,482,481,2550,1557,0,0.01280727
Warm A,386135,2258,2257,2550,1557,0,0.00041668653
Warm A,26792,190,189,2550,1557,1,0.004379917
Warm A,28114,195,194,2550,1557,1,0.010064294
Warm A,34710,235,234,2550,1557,1,0.00670698
Warm A,133662,864,863,2550,1557,0,0.016764423
Warm A,947596,5722,5721,2550,1557,1,0.018885322
Warm A,290379,1733,1732,2550,1557,1,0.023798674
Warm A,13540,107,106,2550,1557,0,0.0013135739
Warm A,4266,33,32,2550,1557,1,0.012081699
Warm A,3840,28,27,2550,1557,1,0.014548691
Warm A,3946,29,28,2550,1557,0,-0.006695216
Warm A,102445,678,677,2550,1557,1,0.008879116
Warm A,481939,2962,2961,2550,1557,1,0.0064012567
Warm A,863914,5205,5204,2550,1557,1,0.0035835374
Warm A,76407,518,517,2550,1557,1,0.0041844295
Warm A,490872,3018,3017,2550,1557,1,0.020086767
Warm A,171864,1088,1087,2550,1557,0,0.004035155
Warm A,383754,2242,2241,2550,1557,0,-0.001435804
Warm A,161388,1029,1028,2550,1557,0,0.0029818076
Warm A,454663,2796,2795,2550,1557,0,-0.002651923
Warm A,927627,5605,5604,2550,1557,1,0.002546169
Warm A,5960,44,43,2550,1557,0,0.009138252
Warm A,194948,1202,1201,2550,1557,0,0.010190494
Warm A,336144,1980,1979,2550,1557,0,0.0071256584
Warm A,271821,1643,1642,2550,1557,1,0.00022035302
Warm A,993894,6002,6001,2550,1557,1,0.0018568102
Warm A,63160,424,423,2550,1557,1,0.00134297
Warm A,497694,3055,3054,2550,1557,1,0.007881248
Warm A,208875,1274,1273,2550,1557,1,0.019581184
Warm A,238096,1447,1446,2550,1557,0,0.01245158
Warm A,733003,4384,4383,2551,1558,1,0.005902926
Warm A,743964,4447,4446,2551,1558,0,0.0035066274
Warm A,733531,4386,4385,2551,1558,0,-0.0043869345
Warm A,724647,4342,4341,2551,1558,1,-0.0005497192
Warm A,725447,4344,4343,2551,1558,1,-0.008593436
Warm A,711822,4271,4270,2551,1558,0,0.005026969
Warm A,701777,4207,4206,2551,1558,1,-0.0012555448
Warm A,723706,4335,4334,2551,1558,0,0.004247594
Warm A,707103,4238,4237,2551,1558,0,0.002370859
Warm A,717385,4298,4297,2551,1558,1,0.00770713
Warm A,713225,4277,4276,2551,1558,1,-0.007138854
Warm A,675541,4053,4052,2551,1558,1,0.0014248183
Warm A,671964,4038,4037,2551,1558,1,-0.005069225
Warm A,720146,4312,4311,2551,1558,0,-0.004993995
Warm A,671382,4033,4032,2551,1558,1,0.008583163
Warm A,667592,4016,4015,2551,1558,0,0.00016277703
Warm A,680336,4078,4077,2551,1558,0,0.0050686877
Warm A,651538,3929,3928,2551,1558,0,0.004282696
Warm A,672781,4041,4040,2551,1558,1,-0.0075085256
Warm A,644771,3884,3883,2551,1558,0,0.0007614001
Warm A,635072,3829,3828,2551,1558,1,0.006997031
Warm A,633440,3824,3823,2551,1558,0,0.00070807757
Warm A,629673,3808,3807,2551,1558,1,-0.011552874
Warm A,639230,3842,3841,2551,1558,1,0.00044643471
Warm A,638382,3841,3840,2551,1558,1,0.004908967
Warm A,653632,3940,3939,2551,1558,0,-0.009107718
Warm A,600589,3651,3650,2551,1558,1,0.0067520496
Warm A,590817,3603,3602,2551,1558,0,0.0011761972
Warm A,596739,3626,3625,2551,1558,0,-0.0026533315
Warm A,583573,3562,3561,2551,1558,0,-0.00982749
Warm A,594091,3618,3617,2551,1558,0,-0.00031978684
Warm A,563154,3464,3463,2551,1558,1,-0.0018858379
Warm A,570402,3499,3498,2551,1558,1,0.013225113
Warm A,558054,3426,3425,2551,1558,1,0.0047542006
Warm A,554088,3410,3409,2551,1558,0,0.0031257868
Warm A,528281,3265,3264,2551,1558,0,0.0013247286
Warm A,522760,3224,3223,2551,1558,1,0.006498101
Warm A,688145,4116,4115,2551,1558,1,-0.0008970415
Warm A,515606,3182,3181,2551,1558,0,-0.00096834963
Warm A,515000,3180,3179,2551,1558,0,0.0028922441
Warm A,605916,3681,3680,2551,1558,0,0.00031511253
Warm A,508733,3129,3128,2551,1558,1,-0.0008205462
Warm A,506810,3118,3117,2551,1558,0,-0.001997003
Warm A,495700,3044,3043,2551,1558,0,-0.001770026
Warm A,494346,3032,3031,2551,1558,1,0.005678091
Warm A,490873,3018,3017,2551,1558,0,0.0075780815
Warm A,484159,2978,2977,2551,1558,1,0.0020210987
Warm A,482808,2967,2966,2551,1558,1,0.00092897937
Warm A,476839,2928,2927,2551,1558,1,0.0057628695
Warm A,696534,4169,4168,2551,1558,1,-0.0028864718
Warm A,475172,2916,2915,2551,1558,1,-0.005811355
Warm A,458109,2820,2819,2551,1558,1,0.002574899
Warm A,457404,2818,2817,2551,1558,1,-0.0011340973
Warm A,453895,2793,2792,2551,1558,1,-0.0037235357
Warm A,446482,2752,2751,2551,1558,1,0.008391386
Warm A,433706,2643,2642,2551,1558,0,0.00010386808
Warm A,431433,2628,2627,2551,1558,1,0.0027749739
Warm A,418832,2529,2528,2551,1558,1,-0.0026369877
Warm A,416768,2507,2506,2551,1558,0,0.0010142723
Warm A,464257,2860,2859,2551,1558,0,-0.0022217748
Warm A,401827,2397,2396,2551,1558,0,-0.0004629076
Warm A,393257,2310,2309,2551,1558,0,0.001045493
Warm A,403148,2407,2406,2551,1558,1,-0.009876385
Warm A,390099,2288,2287,2551,1558,1,0.0012242943
Warm A,389045,2279,2278,2551,1558,1,-0.009863242
Warm A,385355,2251,2250,2551,1558,1,0.0049181655
Warm A,382956,2237,2236,2551,1558,0,0.0015227931
Warm A,370008,2164,2163,2551,1558,1,0.001847182
Warm A,364880,2124,2123,2551,1558,1,-0.0068250024
Warm A,359485,2102,2101,2551,1558,0,0.008624507
Warm A,352984,2067,2066,2551,1558,0,0.008504475
Warm A,352715,2064,2063,2551,1558,1,0.0032568069
Warm A,334219,1971,1970,2551,1558,1,-0.0009472072
Warm A,336145,1980,1979,2551,1558,0,0.0055782744
Warm A,303581,1803,1802,2551,1558,0,-0.0025253277
Warm A,298357,1768,1767,2551,1558,1,0.00080664596
Warm A,279620,1680,1679,2551,1558,1,-0.009209738
Warm A,271018,1639,1638,2551,1558,1,-0.004427488
Warm A,259574,1587,1586,2551,1558,0,-0.0021133693
Warm A,217760,1321,1320,2551,1558,0,0.0019123177
Warm A,220430,1335,1334,2551,1558,0,-0.0020691399
Warm A,205946,1264,1263,2551,1558,0,0.0018807984
Warm A,308120,1836,1835,2551,1558,1,0.0022724154
Warm A,214986,1303,1302,2551,1558,0,-0.0062469593
Warm A,294399,1749,1748,2551,1558,1,0.006293295
Warm A,210241,1284,1283,2551,1558,0,0.002747212
Warm A,185529,1150,1149,2551,1558,0,-0.0008922145
Warm A,174256,1101,1100,2551,1558,1,-0.0037513222
Warm A,169621,1077,1076,2551,1558,1,-0.0034871325
Warm A,159355,1017,1016,2551,1558,0,0.0039235307
Warm A,320219,1899,1898,2551,1558,1,-0.0027831118
Warm A,157065,1010,1009,2551,1558,0,0.0068639955
Warm A,131267,850,849,2551,1558,1,0.0031944662
Warm A,132010,854,853,2551,1558,0,-0.008758698
Warm A,315421,1880,1879,2551,1558,0,-0.006721347
Warm A,211159,1285,1284,2551,1558,1,0.0049676374
Warm A,201678,1242,1241,2551,1558,0,0.0014270861
Warm A,98444,659,658,2551,1558,0,0.0021143225
Warm A,95213,638,637,2551,1558,0,-0.007926945
Warm A,352108,2063,2062,2551,1558,0,0.007519349
Warm A,284354,1698,1697,2551,1558,0,0.00074004673
Warm A,228407,1383,1382,2551,1558,0,0.00093618594
Warm A,83342,549,548,2551,1558,1,1.9268598e-05
Warm A,239136,1448,1447,2551,1558,0,-0.0012508696
Warm A,80302,533,532,2551,1558,0,0.0022272181
Warm A,77702,524,523,2551,1558,1,0.0039217756
Warm A,53707,352,351,2551,1558,1,0.0016275342
Warm A,49385,329,328,2551,1558,0,-0.011562747
Warm A,338246,1988,1987,2551,1558,0,-0.0054220534
Warm A,38893,264,263,2551,1558,0,-0.0062959804
Warm A,221488,1340,1339,2551,1558,0,-0.012892004
Warm A,34711,235,234,2551,1558,0,0.0008749394
Warm A,23094,166,165,2551,1558,0,0.007146752
Warm A,290380,1733,1732,2551,1558,1,0.0026931628
Warm A,15578,123,122,2551,1558,0,0.005397615
Warm A,481940,2962,2961,2551,1558,0,-0.0028426992
Warm A,432801,2638,2637,2551,1558,0,0.003812487
Warm A,234249,1422,1421,2551,1558,1,-0.0023419904
Warm A,129566,839,838,2551,1558,1,0.003494571
Warm A,158436,1015,1014,2551,1558,1,0.0056962282
Warm A,744991,4448,4447,2551,1558,1,-0.002015381
Warm A,170944,1087,1086,2551,1558,0,-0.0017247275
Warm A,79569,531,530,2551,1558,0,0.0026068203
Warm A,115476,749,748,2551,1558,0,0.0062093344
Warm A,271822,1643,1642,2551,1558,1,0.0045399135
Warm A,63161,424,423,2551,1558,0,-0.00048258295
Warm A,805747,4823,4822,2551,1558,1,-0.0049313447
Warm A,559444,3436,3435,2551,1558,1,0.00068086106
Warm A,176103,1113,1112,2551,1558,1,-0.0018769318
Warm A,594094,3618,3617,2554,1560,0,0.011993301
Warm A,585774,3576,3575,2554,1560,1,0.005488836
Warm A,728207,4354,4353,2554,1560,1,-0.0002557689
Warm A,566379,3476,3475,2554,1560,0,0.005718371
Warm A,560506,3445,3444,2554,1560,1,0.0005108415
Warm A,558608,3430,3429,2554,1560,0,0.007035467
Warm A,554091,3410,3409,2554,1560,1,0.0005742542
Warm A,543940,3352,3351,2554,1560,0,-0.003152145
Warm A,535424,3304,3303,2554,1560,1,0.001941836
Warm A,518838,3201,3200,2554,1560,1,0.002095635
Warm A,504748,3105,3104,2554,1560,0,0.0044647027
Warm A,496776,3052,3051,2554,1560,1,0.0011137361
Warm A,496288,3050,3049,2554,1560,1,0.009989965
Warm A,495908,3045,3044,2554,1560,1,0.0028327685
Warm A,488936,3010,3009,2554,1560,1,-0.0039000823
Warm A,517937,3196,3195,2554,1560,0,-0.0010486722
Warm A,696536,4169,4168,2554,1560,0,0.004540044
Warm A,475974,2921,2920,2554,1560,0,0.005128897
Warm A,601678,3658,3657,2554,1560,1,0.0013476526
Warm A,465195,2868,2867,2554,1560,1,0.007690088
Warm A,754729,4497,4496,2554,1560,0,0.008802772
Warm A,444990,2744,2743,2554,1560,0,-0.00031161122
Warm A,415088,2498,2497,2554,1560,0,-0.0023354208
Warm A,414691,2496,2495,2554,1560,0,0.0011524465
Warm A,397221,2352,2351,2554,1560,0,-0.0022480546
Warm A,395381,2335,2334,2554,1560,0,0.0047278493
Warm A,370769,2167,2166,2554,1560,1,-0.0039029298
Warm A,366396,2132,2131,2554,1560,0,0.0002783346
Warm A,364882,2124,2123,2554,1560,1,0.0073497742
Warm A,356701,2089,2088,2554,1560,1,-0.0025441044
Warm A,356485,2088,2087,2554,1560,0,0.0073551834
Warm A,341973,2013,2012,2554,1560,0,0.0039212815
Warm A,334700,1974,1973,2554,1560,1,9.476207e-07
Warm A,325505,1926,1925,2554,1560,0,0.0011346696
Warm A,297086,1761,1760,2554,1560,0,0.005095142
Warm A,288312,1722,1721,2554,1560,1,0.0087584425
Warm A,292448,1741,1740,2554,1560,1,0.0029934943
Warm A,269155,1632,1631,2554,1560,0,0.0014718934
Warm A,224524,1357,1356,2554,1560,0,0.0012379619
Warm A,221491,1340,1339,2554,1560,0,0.00039115595
Warm A,328436,1941,1940,2554,1560,0,8.046394e-05
Warm A,190058,1179,1178,2554,1560,1,0.00068679615
Warm A,184427,1147,1146,2554,1560,0,-0.0012562608
Warm A,181639,1135,1134,2554,1560,1,0.0026555392
Warm A,159358,1017,1016,2554,1560,0,-0.0007176654
Warm A,158440,1015,1014,2554,1560,1,0.0072675254
Warm A,152141,978,977,2554,1560,0,0.0058918893
Warm A,138569,889,888,2554,1560,1,0.003944097
Warm A,133882,868,867,2554,1560,1,0.00044791296
Warm A,133301,860,859,2554,1560,0,0.0055700885
Warm A,133050,858,857,2554,1560,1,0.0030861949
Warm A,115478,749,748,2554,1560,0,0.011885015
Warm A,925561,5595,5594,2554,1560,0,0.0015454525
Warm A,316934,1884,1883,2554,1560,1,0.001388642
Warm A,713227,4277,4276,2554,1560,1,0.007977686
Warm A,90975,602,601,2554,1560,0,0.008724396
Warm A,86201,563,562,2554,1560,0,-0.011555252
Warm A,82294,546,545,2554,1560,0,-0.0008618396
Warm A,83346,549,548,2554,1560,0,0.010544721
Warm A,78945,530,529,2554,1560,0,-0.0013467959
Warm A,63165,424,423,2554,1560,0,0.0030248482
Warm A,41179,278,277,2554,1560,1,0.0056805597
Warm A,481943,2962,2961,2554,1560,0,0.009712304
Warm A,276357,1671,1670,2554,1560,1,0.004754293
Warm A,270095,1635,1634,2554,1560,0,3.792392e-05
Warm A,1731,17,16,2554,1560,0,0.0050416444
Warm A,2849,23,22,2554,1560,0,-0.0009365361
Warm A,4268,33,32,2554,1560,1,0.007667886
Warm A,552509,3401,3400,2554,1560,0,0.010187443
Warm A,222771,1348,1347,2554,1560,1,-0.007912331
Warm A,24334,173,172,2554,1560,1,0.003207265
Warm A,161389,1029,1028,2554,1560,0,-0.01031031
Warm A,261869,1599,1598,2554,1560,1,0.0033408848
Warm A,310774,1851,1850,2554,1560,0,-0.005099034
Warm A,62282,422,421,2554,1560,0,-0.00022260181
Warm A,699734,4186,4185,2554,1560,1,0.0028680945
Warm A,718632,4305,4304,2555,1561,0,-0.0035905954
Warm A,549159,3389,3388,2555,1561,0,0.0023975596
Warm A,547619,3378,3377,2555,1561,0,0.0053847553
Warm A,539997,3320,3319,2555,1561,0,0.0054724663
Warm A,537334,3311,3310,2555,1561,0,0.0070456546
Warm A,536144,3308,3307,2555,1561,0,-0.00051266653
Warm A,564582,3471,3470,2555,1561,0,0.00519483
Warm A,520390,3209,3208,2555,1561,0,-0.000607471
Warm A,515999,3184,3183,2555,1561,0,-0.0040028
Warm A,515001,3180,3179,2555,1561,0,0.0038660425
Warm A,509543,3138,3137,2555,1561,0,0.008958731
Warm A,509151,3134,3133,2555,1561,0,0.006532867
Warm A,797639,4784,4783,2555,1561,0,0.009477843
Warm A,496011,3046,3045,2555,1561,0,0.004941615
Warm A,483630,2973,2972,2555,1561,0,-0.003375118
Warm A,480607,2949,2948,2555,1561,0,0.007485651
Warm A,478182,2934,2933,2555,1561,0,0.0065433467
Warm A,655296,3946,3945,2555,1561,0,0.0020517919
Warm A,467793,2883,2882,2555,1561,0,-0.0066065895
Warm A,431817,2630,2629,2555,1561,0,0.008768298
Warm A,420527,2541,2540,2555,1561,1,0.006873453
Warm A,418833,2529,2528,2555,1561,0,0.0031092917
Warm A,417101,2508,2507,2555,1561,0,-0.004745489
Warm A,412917,2484,2483,2555,1561,0,0.0031410658
Warm A,385051,2250,2249,2555,1561,0,0.0008958621
Warm A,376754,2199,2198,2555,1561,0,0.002808122
Warm A,375818,2189,2188,2555,1561,0,0.0041823154
Warm A,374259,2181,2180,2555,1561,0,0.0075856666
Warm A,357049,2091,2090,2555,1561,0,0.0020096134
Warm A,358008,2095,2094,2555,1561,0,-0.0012786146
Warm A,349680,2052,2051,2555,1561,0,-0.0018219965
Warm A,348492,2042,2041,2555,1561,0,0.008552615
Warm A,352112,2063,2062,2555,1561,0,0.0053117876
Warm A,341713,2012,2011,2555,1561,0,0.0005407715
Warm A,340808,2010,2009,2555,1561,0,0.0038391887
Warm A,325943,1929,1928,2555,1561,0,0.0032518618
Warm A,306828,1831,1830,2555,1561,0,0.0017570099
Warm A,291852,1738,1737,2555,1561,0,-0.0031208165
Warm A,278363,1679,1678,2555,1561,0,-0.0025352119
Warm A,277855,1676,1675,2555,1561,0,0.0033610326
Warm A,281835,1690,1689,2555,1561,0,0.007359418
Warm A,286296,1709,1708,2555,1561,1,0.0031364101
Warm A,264392,1608,1607,2555,1561,0,0.010126278
Warm A,258166,1582,1581,2555,1561,0,0.00037335727
Warm A,254722,1548,1547,2555,1561,0,-0.005761208
Warm A,252958,1533,1532,2555,1561,0,-0.0010096361
Warm A,228409,1383,1382,2555,1561,0,0.0053287377
Warm A,224265,1356,1355,2555,1561,0,0.0100358445
Warm A,224879,1359,1358,2555,1561,0,-0.003223843
Warm A,214129,1300,1299,2555,1561,0,-0.00016959733
Warm A,213583,1298,1297,2555,1561,0,0.0056834524
Warm A,244101,1470,1469,2555,1561,0,-0.0040507633
Warm A,279623,1680,1679,2555,1561,0,0.006835069
Warm A,200387,1230,1229,2555,1561,0,0.008796107
Warm A,236452,1434,1433,2555,1561,1,-0.006653293
Warm A,193239,1193,1192,2555,1561,0,0.0050393166
Warm A,205378,1263,1262,2555,1561,0,-0.003958316
Warm A,167968,1068,1067,2555,1561,0,0.0031531737
Warm A,163946,1050,1049,2555,1561,0,-0.0013126698
Warm A,150212,967,966,2555,1561,0,-0.010080429
Warm A,146346,941,940,2555,1561,0,0.0037047789
Warm A,136757,881,880,2555,1561,0,-0.0052923923
Warm A,134806,871,870,2555,1561,0,0.0080716675
Warm A,126201,815,814,2555,1561,0,-0.0022989362
Warm A,122364,789,788,2555,1561,0,0.0065155253
Warm A,108155,710,709,2555,1561,0,0.007015289
Warm A,98340,658,657,2555,1561,0,0.0007431437
Warm A,95215,638,637,2555,1561,0,0.0050942944
Warm A,92803,621,620,2555,1561,0,0.004164216
Warm A,360958,2106,2105,2555,1561,0,0.00012018869
Warm A,116883,753,752,2555,1561,0,0.005346745
Warm A,239137,1448,1447,2555,1561,0,0.0076089697
Warm A,73151,494,493,2555,1561,0,-0.008091812
Warm A,66610,445,444,2555,1561,0,0.0024464556
Warm A,58868,399,398,2555,1561,0,0.0019185648
Warm A,59124,402,401,2555,1561,0,0.00011115451
Warm A,54853,359,358,2555,1561,0,-0.0006323076
Warm A,54232,354,353,2555,1561,0,-7.4179145e-05
Warm A,31146,209,208,2555,1561,0,-0.010052704
Warm A,29398,200,199,2555,1561,0,0.006733734
Warm A,291558,1737,1736,2555,1561,0,0.0055203685
Warm A,16973,133,132,2555,1561,1,0.005767035
Warm A,9556,63,62,2555,1561,0,-0.002416393
Warm A,6795,48,47,2555,1561,0,0.005204686
Warm A,1695,16,15,2555,1561,0,-0.0031682122
Warm A,521772,3219,3218,2555,1561,0,0.015756916
Warm A,787208,4708,4707,2555,1561,0,0.006829625
Warm A,10501,75,74,2555,1561,1,0.0020435345
Warm A,355052,2077,2076,2555,1561,0,0.0036300141
Warm A,954241,5761,5760,2555,1561,0,0.0114089
Warm A,828773,4979,4978,2555,1561,0,-0.003592879
Warm A,335210,1978,1977,2555,1561,0,0.006232923
Warm A,79571,531,530,2555,1561,0,0.0042502848
Warm A,907678,5492,5491,2555,1561,0,0.008457636
Warm A,328438,1941,1940,2555,1561,0,0.003951583
Warm A,717037,4294,4293,2555,1561,0,0.0051727425
Warm A,143544,926,925,2555,1561,0,0.0030612336
Warm A,187075,1160,1159,2555,1561,0,0.0005019109
Warm A,52147,343,342,2555,1561,0,0.00056671305
Warm A,434932,2655,2654,2555,1561,0,0.0032799477
Warm A,255946,1560,1559,2555,1561,0,0.0026296452
Warm A,13346,104,103,2555,1561,0,-0.003933272
Warm A,427365,2594,2593,2555,1561,0,0.00421063
Warm A,509879,3140,3139,2555,1561,0,0.010951826
Warm A,551450,3395,3394,2560,1563,0,-0.0005979496
Warm A,577367,3526,3525,2560,1563,0,0.0028234855
Warm A,748014,4465,4464,2560,1563,0,0.002193022
Warm A,536152,3308,3307,2560,1563,0,0.003034174
Warm A,564597,3471,3470,2560,1563,0,0.007016342
Warm A,523729,3228,3227,2560,1563,0,-0.002910657
Warm A,522000,3223,3222,2560,1563,1,-0.0069481544
Warm A,519726,3206,3205,2560,1563,1,-0.003867671
Warm A,517461,3193,3192,2560,1563,1,-0.004534442
Warm A,566389,3476,3475,2560,1563,0,-0.0055780145
Warm A,508005,3126,3125,2560,1563,1,-0.0047770254
Warm A,507531,3123,3122,2560,1563,0,-0.0032040686
Warm A,507299,3121,3120,2560,1563,1,-0.0022685262
Warm A,481169,2955,2954,2560,1563,0,-0.0011941693
Warm A,472757,2907,2906,2560,1563,1,0.0005306115
Warm A,473911,2909,2908,2560,1563,1,0.00024099625
Warm A,467799,2883,2882,2560,1563,0,0.0015479358
Warm A,467392,2880,2879,2560,1563,1,-0.0016699987
Warm A,463474,2857,2856,2560,1563,1,0.010303149
Warm A,441297,2702,2701,2560,1563,1,-0.0030445824
Warm A,428840,2609,2608,2560,1563,1,-0.007915619
Warm A,409727,2457,2456,2560,1563,0,0.005219831
Warm A,386679,2261,2260,2560,1563,0,0.00089727226
Warm A,374270,2181,2180,2560,1563,0,0.0036656458
Warm A,354222,2073,2072,2560,1563,0,-0.004886959
Warm A,352127,2063,2062,2560,1563,0,-0.005037762
Warm A,344455,2021,2020,2560,1563,0,0.008889621
Warm A,339983,2005,2004,2560,1563,1,0.0018831675
Warm A,340819,2010,2009,2560,1563,1,-0.001899035
Warm A,310779,1851,1850,2560,1563,0,-0.0013518503
Warm A,288713,1725,1724,2560,1563,0,-0.0006223057
Warm A,297899,1765,1764,2560,1563,1,0.007390848
Warm A,277863,1676,1675,2560,1563,1,0.0061454605
Warm A,278367,1679,1678,2560,1563,1,-0.011191016
Warm A,275653,1667,1666,2560,1563,0,-0.009648325
Warm A,271522,1641,1640,2560,1563,0,-0.0053889807
Warm A,275195,1666,1665,2560,1563,1,-0.0043857917
Warm A,264397,1608,1607,2560,1563,0,-0.0019036509
Warm A,234597,1424,1423,2560,1563,1,-0.003994714
Warm A,235128,1425,1424,2560,1563,0,0.0012521268
Warm A,226406,1370,1369,2560,1563,0,-0.002326767
Warm A,224527,1357,1356,2560,1563,0,0.006004633
Warm A,249562,1503,1502,2560,1563,0,-0.0015211233
Warm A,221833,1341,1340,2560,1563,0,-0.00060451357
Warm A,279647,1680,1679,2560,1563,1,0.008177991
Warm A,194532,1200,1199,2560,1563,1,0.00667545
Warm A,363246,2116,2115,2560,1563,1,0.002970871
Warm A,215000,1303,1302,2560,1563,0,-0.0012071504
Warm A,211175,1285,1284,2560,1563,1,0.00061166857
Warm A,182854,1140,1139,2560,1563,1,0.0025522327
Warm A,175062,1109,1108,2560,1563,0,0.008528292
Warm A,168589,1069,1068,2560,1563,1,-0.006648787
Warm A,165292,1053,1052,2560,1563,0,-0.0024548753
Warm A,270470,1636,1635,2560,1563,1,0.0032187714
Warm A,168901,1071,1070,2560,1563,1,-0.0012031449
Warm A,159363,1017,1016,2560,1563,0,-0.005460733
Warm A,158456,1015,1014,2560,1563,1,1.4108373e-06
Warm A,221502,1340,1339,2560,1563,0,0.0008032671
Warm A,271026,1639,1638,2560,1563,1,0.0006241192
Warm A,245368,1482,1481,2560,1563,0,-0.0048838696
Warm A,157081,1010,1009,2560,1563,0,-0.004046038
Warm A,136773,881,880,2560,1563,1,0.0007813913
Warm A,135765,877,876,2560,1563,0,-0.0028338186
Warm A,134464,869,868,2560,1563,0,-0.0029375213
Warm A,133212,859,858,2560,1563,0,0.0007450952
Warm A,128996,838,837,2560,1563,1,0.0025882698
Warm A,138589,889,888,2560,1563,0,0.002322052
Warm A,128347,830,829,2560,1563,1,0.0040792413
Warm A,125601,808,807,2560,1563,0,-0.0048924973
Warm A,122369,789,788,2560,1563,0,-0.005053629
Warm A,117601,757,756,2560,1563,0,0.0040293518
Warm A,116434,752,751,2560,1563,0,-0.0021115183
Warm A,114103,741,740,2560,1563,1,-0.0046922844
Warm A,110407,720,719,2560,1563,0,0.0059992895
Warm A,109382,714,713,2560,1563,1,0.005314464
Warm A,107099,704,703,2560,1563,1,0.018971942
Warm A,92807,621,620,2560,1563,0,-0.0014266069
Warm A,886947,5359,5358,2560,1563,0,-0.0019764106
Warm A,191223,1181,1180,2560,1563,0,0.0058031213
Warm A,239157,1448,1447,2560,1563,1,-0.012270688
Warm A,77719,524,523,2560,1563,1,-0.0016328753
Warm A,74979,509,508,2560,1563,1,-0.009154271
Warm A,64317,429,428,2560,1563,0,-0.004035487
Warm A,53728,352,351,2560,1563,0,-0.0016851465
Warm A,54233,354,353,2560,1563,0,0.0034359538
Warm A,43083,295,294,2560,1563,0,-0.0019989638
Warm A,41790,284,283,2560,1563,1,0.00030253571
Warm A,55869,370,369,2560,1563,0,0.004900407
Warm A,40393,272,271,2560,1563,1,-0.0028765507
Warm A,29822,202,201,2560,1563,0,0.0029041911
Warm A,29191,199,198,2560,1563,0,0.0005886592
Warm A,411628,2472,2471,2560,1563,0,-0.008319873
Warm A,22508,163,162,2560,1563,0,-0.008697469
Warm A,16855,132,131,2560,1563,0,-0.0042688274
Warm A,290394,1733,1732,2560,1563,1,0.01308468
Warm A,9562,63,62,2560,1563,1,0.003999297
Warm A,291,5,4,2560,1563,1,-0.009307472
Warm A,272305,1645,1644,2560,1563,1,-0.001038488
Warm A,238110,1447,1446,2560,1563,1,-0.0014716438
Warm A,328455,1941,1940,2560,1563,0,-0.0103889825
Warm A,171882,1088,1087,2560,1563,0,0.0034088942
Warm A,195620,1203,1202,2560,1563,1,0.012973182
Warm A,960301,5792,5791,2560,1563,0,0.0023760456
Warm A,571165,3503,3502,2560,1563,0,-0.0004660322
Warm A,187079,1160,1159,2560,1563,0,-0.0037402078
Warm A,26650,188,187,2560,1563,1,-0.013353087
Warm A,286820,1712,1711,2560,1563,0,-0.0076380437
Warm A,538066,3312,3311,2560,1563,0,0.007391961
Warm A,63183,424,423,2560,1563,1,-0.0020673675
Warm A,28137,195,194,2560,1563,1,0.005634562
Warm A,319475,1897,1896,2560,1563,0,-0.0028465097
Warm A,473914,2909,2908,2561,1564,1,0.014954461
Warm A,463476,2857,2856,2561,1564,1,0.01130409
Warm A,594921,3620,3619,2561,1564,0,0.008272488
Warm A,464978,2866,2865,2561,1564,0,0.0039034935
Warm A,451060,2777,2776,2561,1564,0,0.009968005
Warm A,444774,2743,2742,2561,1564,1,0.0026700203
Warm A,564599,3471,3470,2561,1564,0,0.008103584
Warm A,441066,2700,2699,2561,1564,1,0.009526741
Warm A,762745,4533,4532,2561,1564,1,0.013019037
Warm A,422827,2562,2561,2561,1564,1,0.0017095776
Warm A,416782,2507,2506,2561,1564,0,0.004944179
Warm A,425390,2581,2580,2561,1564,0,0.004212993
Warm A,408337,2453,2452,2561,1564,1,0.013554331
Warm A,402430,2402,2401,2561,1564,0,0.018465897
Warm A,392391,2304,2303,2561,1564,1,0.021659525
Warm A,390108,2288,2287,2561,1564,0,0.0035778866
Warm A,358587,2098,2097,2561,1564,1,0.009548866
Warm A,349016,2047,2046,2561,1564,0,0.025435664
Warm A,329474,1943,1942,2561,1564,0,0.009736593
Warm A,302225,1794,1793,2561,1564,0,0.015011328
Warm A,279650,1680,1679,2561,1564,1,0.01802394
Warm A,263959,1606,1605,2561,1564,1,0.008823569
Warm A,250466,1509,1508,2561,1564,0,0.006313963
Warm A,198465,1219,1218,2561,1564,1,0.007482063
Warm A,321719,1908,1907,2561,1564,0,0.0044858647
Warm A,191227,1181,1180,2561,1564,0,0.010632672
Warm A,163957,1050,1049,2561,1564,0,0.00077931397
Warm A,275654,1667,1666,2561,1564,0,0.0027980753
Warm A,221504,1340,1339,2561,1564,0,0.009075137
Warm A,143049,922,921,2561,1564,0,0.0025610537
Warm A,194956,1202,1201,2561,1564,0,0.009139602
Warm A,117603,757,756,2561,1564,0,0.010288497
Warm A,112910,732,731,2561,1564,1,0.0045380266
Warm A,203497,1248,1247,2561,1564,0,0.0046626735
Warm A,110950,721,720,2561,1564,0,0.0077675013
Warm A,631715,3821,3820,2561,1564,0,0.012534125
Warm A,480235,2946,2945,2561,1564,0,0.0087693855
Warm A,108171,710,709,2561,1564,0,0.012997938
Warm A,308795,1837,1836,2561,1564,1,0.012395192
Warm A,239160,1448,1447,2561,1564,1,0.0074711354
Warm A,81816,543,542,2561,1564,0,0.0017721918
Warm A,84372,550,549,2561,1564,0,0.013370649
Warm A,64319,429,428,2561,1564,0,0.006732449
Warm A,59136,402,401,2561,1564,0,0.010633031
Warm A,155457,1001,1000,2561,1564,1,0.015688036
Warm A,53731,352,351,2561,1564,0,0.01270159
Warm A,47465,319,318,2561,1564,0,0.010531117
Warm A,42094,285,284,2561,1564,0,0.006620482
Warm A,696550,4169,4168,2561,1564,0,0.016938288
Warm A,55604,368,367,2561,1564,1,0.011704177
Warm A,38281,261,260,2561,1564,0,0.0039777504
Warm A,418301,2528,2527,2561,1564,0,0.00634433
Warm A,200112,1228,1227,2561,1564,0,0.010623778
Warm A,314402,1877,1876,2561,1564,0,-0.0003246232
Warm A,16295,129,128,2561,1564,1,0.0017748385
Warm A,210253,1284,1283,2561,1564,1,0.007034555
Warm A,164726,1051,1050,2561,1564,0,0.013088323
Warm A,150701,970,969,2561,1564,0,0.012486393
Warm A,129578,839,838,2561,1564,0,0.015635418
Warm A,363249,2116,2115,2561,1564,0,0.009233752
Warm A,567626,3483,3482,2561,1564,0,0.007238335
Warm A,16108,127,126,2561,1564,1,0.009440949
Warm A,592763,3613,3612,2561,1564,1,0.003503483
Warm A,195623,1203,1202,2561,1564,0,0.013880673
Warm A,50139,331,330,2561,1564,1,0.0056818873
Warm A,331794,1958,1957,2561,1564,1,0.0053676097
Warm A,902842,5458,5457,2561,1564,0,0.0067978776
Warm A,609262,3693,3692,2561,1564,0,-3.4542754e-05
Warm A,257821,1579,1578,2561,1564,0,0.012947677
Warm A,322557,1912,1911,2561,1564,0,0.016612958
Warm A,937657,5657,5656,2561,1564,1,0.015202662
Warm A,330566,1951,1950,2570,1568,1,0.008742184
Warm A,316954,1884,1883,2570,1568,1,0.012012812
Warm A,302238,1794,1793,2570,1568,1,-0.0039087445
Warm A,252124,1526,1525,2570,1568,1,0.006882161
Warm A,241707,1455,1454,2570,1568,0,0.0052766013
Warm A,308134,1836,1835,2570,1568,0,0.0084187
Warm A,191943,1182,1181,2570,1568,0,0.0040112357
Warm A,188100,1167,1166,2570,1568,1,0.0060910573
Warm A,316338,1883,1882,2570,1568,0,0.016987594
Warm A,174506,1103,1102,2570,1568,1,0.002595203
Warm A,168598,1069,1068,2570,1568,0,-0.00081150397
Warm A,167329,1065,1064,2570,1568,1,0.009086937
Warm A,160908,1022,1021,2570,1568,1,0.0136782965
Warm A,268074,1628,1627,2570,1568,0,0.0010713753
Warm A,143360,924,923,2570,1568,1,0.013022058
Warm A,138617,889,888,2570,1568,0,0.011462588
Warm A,132031,854,853,2570,1568,0,0.018525891
Warm A,117854,759,758,2570,1568,1,-0.009398721
Warm A,112619,731,730,2570,1568,0,0.00019469974
Warm A,103714,689,688,2570,1568,0,-0.005287448
Warm A,696562,4169,4168,2570,1568,0,0.01482024
Warm A,305056,1812,1811,2570,1568,0,0.0120739285
Warm A,80565,534,533,2570,1568,1,0.0060458975
Warm A,54196,353,352,2570,1568,1,0.0050930423
Warm A,45000,303,302,2570,1568,1,0.010565966
Warm A,61297,412,411,2570,1568,1,0.0073020076
Warm A,36039,244,243,2570,1568,1,0.008881885
Warm A,308806,1837,1836,2570,1568,0,0.015597532
Warm A,27182,192,191,2570,1568,0,-0.0013049239
Warm A,18714,146,145,2570,1568,1,0.003061253
Warm A,803763,4813,4812,2570,1568,1,0.008869948
Warm A,207032,1266,1265,2570,1568,1,0.0069861757
Warm A,158479,1015,1014,2570,1568,1,0.0066094757
Warm A,777891,4647,4646,2570,1568,0,0.0076127
Warm A,263544,1605,1604,2570,1568,0,0.005447165
Warm A,187750,1164,1163,2570,1568,0,0.014453181
Warm A,583591,3562,3561,2570,1568,1,0.012084671
Warm A,60725,411,410,2570,1568,0,0.0050381706
Warm A,229705,1390,1389,2570,1568,1,0.011271877
Warm A,178717,1121,1120,2570,1568,1,0.004249201
Warm A,102475,678,677,2570,1568,1,0.003169177
Warm A,171907,1088,1087,2570,1568,0,0.0069537656
Warm A,569396,3491,3490,2574,1571,1,0.004032449
Warm A,594150,3618,3617,2574,1571,0,-0.004616731
Warm A,572354,3507,3506,2574,1571,0,-0.00047913287
Warm A,559459,3436,3435,2574,1571,0,-0.0014810577
Warm A,548594,3386,3385,2574,1571,0,-0.008031983
Warm A,904239,5468,5467,2574,1571,0,-0.011506511
Warm A,902848,5458,5457,2574,1571,0,0.00025582733
Warm A,541088,3328,3327,2574,1571,0,0.00084905163
Warm A,540009,3320,3319,2574,1571,0,0.00547383
Warm A,564624,3471,3470,2574,1571,0,0.010380709
Warm A,532788,3290,3289,2574,1571,0,0.0025222048
Warm A,533514,3292,3291,2574,1571,0,0.0012445394
Warm A,522803,3224,3223,2574,1571,0,0.008999607
Warm A,575488,3519,3518,2574,1571,0,-0.0041384394
Warm A,517950,3196,3195,2574,1571,0,0.001164157
Warm A,512190,3159,3158,2574,1571,0,0.004745124
Warm A,511373,3154,3153,2574,1571,1,0.01083484
Warm A,510727,3147,3146,2574,1571,0,0.0027377778
Warm A,785477,4691,4690,2574,1571,0,-0.0048607783
Warm A,509387,3137,3136,2574,1571,0,-0.005196777
Warm A,574863,3518,3517,2574,1571,0,0.010159869
Warm A,506026,3112,3111,2574,1571,1,0.0057469998
Warm A,498849,3065,3064,2574,1571,1,-0.0050466573
Warm A,493510,3031,3030,2574,1571,0,-0.0017420837
Warm A,488742,3007,3006,2574,1571,0,0.013080619
Warm A,483642,2973,2972,2574,1571,0,0.0007193056
Warm A,529905,3272,3271,2574,1571,1,0.00076832157
Warm A,472779,2907,2906,2574,1571,1,-0.005431487
Warm A,471094,2899,2898,2574,1571,0,-0.0034803075
Warm A,462686,2854,2853,2574,1571,0,-0.0049872966
Warm A,455206,2802,2801,2574,1571,0,-0.0059939376
Warm A,451828,2781,2780,2574,1571,0,-0.01318921
Warm A,451082,2777,2776,2574,1571,0,0.0077818
Warm A,444789,2743,2742,2574,1571,1,0.009534217
Warm A,434585,2650,2649,2574,1571,0,0.004005911
Warm A,424553,2575,2574,2574,1571,1,-0.004515976
Warm A,423237,2565,2564,2574,1571,1,-0.00083467923
Warm A,422532,2559,2558,2574,1571,0,3.5630073e-06
Warm A,417109,2508,2507,2574,1571,1,5.871523e-05
Warm A,412952,2484,2483,2574,1571,0,-0.002954227
Warm A,403744,2411,2410,2574,1571,0,0.00028736226
Warm A,401295,2392,2391,2574,1571,1,0.0038511278
Warm A,436612,2665,2664,2574,1571,0,-0.008879716
Warm A,393892,2320,2319,2574,1571,0,0.0006518057
Warm A,391078,2298,2297,2574,1571,0,8.794479e-06
Warm A,387835,2268,2267,2574,1571,1,0.0015012317
Warm A,378960,2212,2211,2574,1571,1,0.006317382
Warm A,380413,2223,2222,2574,1571,0,0.0108871795
Warm A,376769,2199,2198,2574,1571,0,0.0026829368
Warm A,370548,2166,2165,2574,1571,0,-0.004314302
Warm A,378453,2208,2207,2574,1571,0,-0.0051033846
Warm A,363277,2116,2115,2574,1571,1,0.0057812473
Warm A,356028,2085,2084,2574,1571,0,-0.0022838926
Warm A,350576,2058,2057,2574,1571,0,0.009888122
Warm A,352156,2063,2062,2574,1571,0,-0.0066945176
Warm A,345868,2029,2028,2574,1571,0,-0.0060189124
Warm A,333102,1965,1964,2574,1571,0,0.0048580733
Warm A,315797,1881,1880,2574,1571,1,0.010979394
Warm A,310795,1851,1850,2574,1571,0,0.0052196323
Warm A,278182,1677,1676,2574,1571,1,0.0032075138
Warm A,281372,1687,1686,2574,1571,0,-0.0030779617
Warm A,268593,1631,1630,2574,1571,0,-0.004219221
Warm A,256269,1563,1562,2574,1571,0,0.008443769
Warm A,264701,1609,1608,2574,1571,0,-0.0073382687
Warm A,252967,1533,1532,2574,1571,1,0.0022399577
Warm A,235152,1425,1424,2574,1571,0,0.00533156
Warm A,248947,1501,1500,2574,1571,0,0.0040602596
Warm A,225616,1366,1365,2574,1571,0,0.002614271
Warm A,224887,1359,1358,2574,1571,0,0.000622567
Warm A,227261,1377,1376,2574,1571,0,0.011348959
Warm A,336190,1980,1979,2574,1571,0,-0.0025977402
Warm A,296871,1759,1758,2574,1571,1,-0.0012012825
Warm A,211815,1288,1287,2574,1571,0,0.00085216877
Warm A,204991,1261,1260,2574,1571,0,5.0988514e-05
Warm A,279680,1680,1679,2574,1571,1,0.0062677586
Warm A,261885,1599,1598,2574,1571,1,-0.0036593378
Warm A,194061,1195,1194,2574,1571,1,-0.0057255398
Warm A,189463,1173,1172,2574,1571,0,0.0060788933
Warm A,321729,1908,1907,2574,1571,0,0.00092279934
Warm A,205398,1263,1262,2574,1571,0,-0.00508029
Warm A,179755,1125,1124,2574,1571,0,0.009735462
Warm A,328487,1941,1940,2574,1571,0,-0.0031511309
Warm A,270481,1636,1635,2574,1571,0,0.0022772662
Warm A,163976,1050,1049,2574,1571,0,-0.0022631325
Warm A,272319,1645,1644,2574,1571,1,0.0053971205
Warm A,162343,1034,1033,2574,1571,0,-0.004165413
Warm A,246430,1489,1488,2574,1571,0,-0.0069511374
Warm A,145450,935,934,2574,1571,0,-0.00086649845
Warm A,140471,901,900,2574,1571,0,0.004779326
Warm A,139853,896,895,2574,1571,0,0.008305558
Warm A,134814,871,870,2574,1571,1,-0.0033319169
Warm A,134485,869,868,2574,1571,0,0.0032641788
Warm A,182148,1137,1136,2574,1571,0,-0.0043553924
Warm A,128068,828,827,2574,1571,0,0.010257124
Warm A,126056,812,811,2574,1571,1,0.0022580524
Warm A,121579,781,780,2574,1571,0,0.0026157345
Warm A,112625,731,730,2574,1571,0,-0.007497376
Warm A,108194,710,709,2574,1571,0,-0.005476581
Warm A,106227,699,698,2574,1571,0,-0.014504217
Warm A,177115,1117,1116,2574,1571,0,0.0050239833
Warm A,91295,604,603,2574,1571,0,-0.012143847
Warm A,70240,474,473,2574,1571,0,-0.005549188
Warm A,64335,429,428,2574,1571,0,0.002003407
Warm A,60171,409,408,2574,1571,0,-0.0060484526
Warm A,58874,399,398,2574,1571,1,-0.001058207
Warm A,53774,352,351,2574,1571,0,0.013920527
Warm A,43101,295,294,2574,1571,0,0.0035210797
Warm A,696570,4169,4168,2574,1571,0,-0.002645148
Warm A,61302,412,411,2574,1571,1,0.0025316814
Warm A,178289,1120,1119,2574,1571,0,-0.001903508
Warm A,54508,355,354,2574,1571,0,0.0026989672
Warm A,219274,1329,1328,2574,1571,0,0.0047128825
Warm A,21577,157,156,2574,1571,1,0.010712437
Warm A,21155,155,154,2574,1571,0,-0.0067897914
Warm A,17807,137,136,2574,1571,0,0.0028469372
Warm A,13355,104,103,2574,1571,0,0.0067859804
Warm A,3303,25,24,2574,1571,0,0.012276259
Warm A,6832,48,47,2574,1571,0,-0.003557789
Warm A,521783,3219,3218,2574,1571,1,-0.015059073
Warm A,439856,2688,2687,2574,1571,0,-0.0058931997
Warm A,49436,329,328,2574,1571,0,5.0977804e-05
Warm A,365526,2127,2126,2574,1571,1,-0.008458988
Warm A,552536,3401,3400,2574,1571,0,0.0028718216
Warm A,56344,376,375,2574,1571,1,-0.0033067083
Warm A,238133,1447,1446,2574,1571,0,0.002975297
Warm A,762218,4528,4527,2574,1571,0,0.0003880735
Warm A,2309,19,18,2574,1571,0,-0.0012396071
Warm A,682649,4085,4084,2574,1571,0,-0.0026360755
Warm A,757263,4508,4507,2574,1571,0,0.0009177213
Warm A,160281,1019,1018,2574,1571,0,0.0016520787
Warm A,599396,3648,3647,2574,1571,0,0.0059182923
Warm A,309733,1842,1841,2574,1571,0,-0.008722987
Warm A,907689,5492,5491,2574,1571,1,-0.0021983427
Warm A,768796,4579,4578,2574,1571,0,0.007084176
Warm A,60731,411,410,2574,1571,0,-0.009265572
Warm A,257837,1579,1578,2574,1571,1,-0.00074826484
Warm A,331814,1958,1957,2574,1571,0,-0.0026665246
Warm A,193811,1194,1193,2574,1571,0,0.00066387816
Warm A,307056,1834,1833,2574,1571,1,-0.0022427593
Warm A,481361,2958,2957,2575,1572,1,0.004294931
Warm A,480986,2953,2952,2575,1572,0,-0.0050042556
Warm A,480866,2952,2951,2575,1572,1,0.0010668486
Warm A,546165,3367,3366,2575,1572,1,0.010313107
Warm A,464659,2863,2862,2575,1572,1,0.008594602
Warm A,464489,2861,2860,2575,1572,0,0.00038254214
Warm A,456715,2811,2810,2575,1572,1,0.0039994884
Warm A,455207,2802,2801,2575,1572,1,0.011909338
Warm A,437770,2674,2673,2575,1572,1,0.010502785
Warm A,571178,3503,3502,2575,1572,1,0.0065522725
Warm A,431442,2628,2627,2575,1572,1,0.008507093
Warm A,386410,2259,2258,2575,1572,1,0.0008785846
Warm A,384519,2246,2245,2575,1572,1,0.004924048
Warm A,379772,2221,2220,2575,1572,1,0.005285906
Warm A,376770,2199,2198,2575,1572,1,0.0008089555
Warm A,365850,2129,2128,2575,1572,0,0.013027431
Warm A,340309,2009,2008,2575,1572,1,0.0019711487
Warm A,331182,1957,1956,2575,1572,1,0.0018251396
Warm A,318694,1894,1893,2575,1572,1,0.00062741956
Warm A,312977,1865,1864,2575,1572,0,0.009420353
Warm A,302523,1796,1795,2575,1572,1,-0.0042341556
Warm A,314186,1875,1874,2575,1572,1,0.013275926
Warm A,298468,1769,1768,2575,1572,1,0.006155504
Warm A,281576,1688,1687,2575,1572,1,0.0027759261
Warm A,292468,1741,1740,2575,1572,1,0.004470787
Warm A,274718,1660,1659,2575,1572,1,-0.0008530873
Warm A,274485,1658,1657,2575,1572,0,0.010243672
Warm A,266835,1618,1617,2575,1572,0,-0.0035178605
Warm A,264215,1607,1606,2575,1572,0,0.002166483
Warm A,294421,1749,1748,2575,1572,1,0.0077491477
Warm A,244900,1474,1473,2575,1572,1,5.1220064e-05
Warm A,319493,1897,1896,2575,1572,1,0.008579276
Warm A,200940,1238,1237,2575,1572,1,-0.00018902728
Warm A,199575,1224,1223,2575,1572,1,0.007343335
Warm A,305063,1812,1811,2575,1572,1,0.02016332
Warm A,185584,1150,1149,2575,1572,0,0.009509416
Warm A,201706,1242,1241,2575,1572,1,0.011372393
Warm A,168606,1069,1068,2575,1572,1,0.01193824
Warm A,165814,1057,1056,2575,1572,1,-0.0018632406
Warm A,334725,1974,1973,2575,1572,1,0.016016291
Warm A,160912,1022,1021,2575,1572,1,0.0053516356
Warm A,246431,1489,1488,2575,1572,0,0.001650583
Warm A,138628,889,888,2575,1572,0,0.010952005
Warm A,312028,1860,1859,2575,1572,0,0.0043730466
Warm A,133469,862,861,2575,1572,1,0.0045813336
Warm A,200122,1228,1227,2575,1572,1,0.009870392
Warm A,129006,838,837,2575,1572,1,0.007990809
Warm A,107364,706,705,2575,1572,0,0.009022303
Warm A,100951,673,672,2575,1572,1,0.011582427
Warm A,114283,743,742,2575,1572,0,0.0032077166
Warm A,98266,657,656,2575,1572,1,0.0016340191
Warm A,97934,655,654,2575,1572,1,0.008400788
Warm A,92927,622,621,2575,1572,0,0.004483388
Warm A,89623,590,589,2575,1572,1,9.673019e-05
Warm A,69328,464,463,2575,1572,0,-0.0025054514
Warm A,48836,327,326,2575,1572,1,0.0009592115
Warm A,925422,5594,5593,2575,1572,1,0.003986586
Warm A,37887,259,258,2575,1572,1,0.004515399
Warm A,33503,225,224,2575,1572,1,0.006758895
Warm A,860139,5172,5171,2575,1572,1,0.00723205
Warm A,26434,187,186,2575,1572,1,0.003173258
Warm A,187756,1164,1163,2575,1572,1,0.010598711
Warm A,16679,131,130,2575,1572,1,0.0020099396
Warm A,7737,53,52,2575,1572,1,0.007364531
Warm A,4849,35,34,2575,1572,1,0.008492168
Warm A,565029,3473,3472,2575,1572,1,0.012958131
Warm A,207039,1266,1265,2575,1572,1,0.0142266005
Warm A,501005,3079,3078,2575,1572,1,0.0019299192
Warm A,344219,2020,2019,2575,1572,1,0.008850882
Warm A,966916,5831,5830,2575,1572,0,0.005825651
Warm A,631731,3821,3820,2575,1572,0,0.005934262
Warm A,750463,4478,4477,2575,1572,0,0.0075266836
Warm A,163111,1041,1040,2575,1572,1,0.0004647487
Warm A,548738,3387,3386,2575,1572,1,0.0030050916
Warm A,405361,2427,2426,2575,1572,0,0.014042608
Warm A,45938,308,307,2575,1572,1,0.00717853
Warm A,999984,6040,6039,2575,1572,1,0.0064265383
Warm A,451829,2781,2780,2575,1572,1,0.006146563
Warm A,116462,752,751,2575,1572,0,-0.00019196165
Warm A,13155,102,101,2575,1572,0,0.011887554
Warm A,804346,4816,4815,2575,1572,0,0.005703272
Warm A,28200,195,194,2582,1575,1,0.019230092
Warm A,635948,3833,3832,2582,1575,1,0.010125256
Warm A,65508,438,437,2582,1575,1,0.0070006372
Warm A,286435,1710,1709,2582,1575,1,0.010804912
Warm A,11633,90,89,2582,1575,1,-0.00045754644
Warm A,825605,4958,4957,2582,1575,1,0.018039506
Warm A,359520,2102,2101,2587,1577,0,0.005047063
Warm A,356038,2085,2084,2587,1577,1,0.010931475
Warm A,361837,2109,2108,2587,1577,0,0.013721025
Warm A,352187,2063,2062,2587,1577,0,0.01111575
Warm A,297671,1764,1763,2587,1577,1,0.002763373
Warm A,299759,1778,1777,2587,1577,0,0.020338543
Warm A,274498,1658,1657,2587,1577,1,0.017012374
Warm A,299174,1776,1775,2587,1577,0,0.017458268
Warm A,265983,1613,1612,2587,1577,1,0.020870827
Warm A,264708,1609,1608,2587,1577,0,0.01206591
Warm A,358282,2097,2096,2587,1577,1,0.011565389
Warm A,222447,1345,1344,2587,1577,1,0.006596885
Warm A,289459,1727,1726,2587,1577,1,0.012750104
Warm A,205409,1263,1262,2587,1577,0,0.016250515
Warm A,198881,1221,1220,2587,1577,1,0.0102325715
Warm A,173792,1100,1099,2587,1577,0,0.0045086276
Warm A,255598,1556,1555,2587,1577,0,0.014032607
Warm A,189474,1173,1172,2587,1577,0,0.010853688
Warm A,143730,927,926,2587,1577,1,0.017608441
Warm A,248963,1501,1500,2587,1577,1,0.019566715
Warm A,117639,757,756,2587,1577,0,0.011909077
Warm A,631750,3821,3820,2587,1577,0,0.013069197
Warm A,83409,549,548,2587,1577,0,0.0068587754
Warm A,72261,482,481,2587,1577,1,0.018232975
Warm A,333983,1969,1968,2587,1577,1,0.0012868391
Warm A,58533,396,395,2587,1577,1,0.0071771787
Warm A,240390,1449,1448,2587,1577,0,0.0119951675
Warm A,228457,1383,1382,2587,1577,0,0.017492997
Warm A,53809,352,351,2587,1577,0,0.0033763512
Warm A,43954,301,300,2587,1577,0,0.016392445
Warm A,55634,368,367,2587,1577,1,0.01978562
Warm A,32115,216,215,2587,1577,1,0.009786479
Warm A,31536,214,213,2587,1577,0,0.00768217
Warm A,49460,329,328,2587,1577,0,0.013861159
Warm A,23711,169,168,2587,1577,0,0.019049231
Warm A,339522,2000,1999,2587,1577,0,0.013585231
Warm A,317872,1889,1888,2587,1577,0,0.008312271
Warm A,907696,5492,5491,2587,1577,0,0.00012089452
Warm A,771777,4600,4599,2587,1577,0,0.007485469
Warm A,331834,1958,1957,2587,1577,0,0.01230477
Warm A,295725,1755,1754,2587,1577,0,0.012788577
Warm A,28209,195,194,2587,1577,1,0.00771629
Warm A,408364,2453,2452,2589,1578,0,0.006090871
Warm A,699748,4186,4185,2589,1578,0,0.016948119
Warm A,328525,1941,1940,2589,1578,0,-0.0008773921
Warm A,235173,1425,1424,2589,1578,0,0.008756337
Warm A,937270,5654,5653,2594,1579,1,0.0045216354
Warm A,263588,1605,1604,2594,1579,0,0.0063231327
Warm A,557331,3423,3422,2596,1580,1,0.0126596615
Warm A,559635,3438,3437,2596,1580,1,0.008520681
Warm A,567669,3483,3482,2596,1580,1,0.0067222114
Warm A,713292,4277,4276,2596,1580,1,0.0031260129
Warm A,537406,3311,3310,2596,1580,0,0.003871804
Warm A,536206,3308,3307,2596,1580,1,0.012939363
Warm A,532337,3285,3284,2596,1580,0,0.015995832
Warm A,524328,3232,3231,2596,1580,0,0.008628547
Warm A,514071,3172,3171,2596,1580,1,8.9856796e-05
Warm A,510857,3148,3147,2596,1580,1,0.011841007
Warm A,510736,3147,3146,2596,1580,1,0.00046975794
Warm A,583623,3562,3561,2596,1580,0,0.011083135
Warm A,571202,3503,3502,2596,1580,1,0.0037411696
Warm A,503458,3093,3092,2596,1580,1,0.0021861494
Warm A,499005,3066,3065,2596,1580,1,0.0025470406
Warm A,487980,3001,3000,2596,1580,1,0.0051338957
Warm A,481976,2962,2961,2596,1580,0,0.009247489
Warm A,465784,2872,2871,2596,1580,0,0.016345909
Warm A,462703,2854,2853,2596,1580,1,0.005572249
Warm A,458191,2820,2819,2596,1580,0,-0.003605606
Warm A,456723,2811,2810,2596,1580,0,-0.0042636204
Warm A,468009,2885,2884,2596,1580,0,0.00091142167
Warm A,416837,2507,2506,2596,1580,1,0.011499208
Warm A,413456,2486,2485,2596,1580,1,0.007955434
Warm A,394276,2323,2322,2596,1580,1,0.009443043
Warm A,375697,2188,2187,2596,1580,0,0.007658416
Warm A,369209,2158,2157,2596,1580,1,0.005785428
Warm A,356041,2085,2084,2596,1580,1,0.004545808
Warm A,345177,2024,2023,2596,1580,0,-0.0038882797
Warm A,340874,2010,2009,2596,1580,0,0.00811347
Warm A,305929,1820,1819,2596,1580,0,0.008325616
Warm A,290818,1735,1734,2596,1580,0,-0.0018422543
Warm A,279750,1680,1679,2596,1580,1,0.0034866352
Warm A,270489,1636,1635,2596,1580,0,0.008453904
Warm A,266488,1616,1615,2596,1580,1,0.008009665
Warm A,247091,1492,1491,2596,1580,1,0.003465019
Warm A,308158,1836,1835,2596,1580,0,0.0075369063
Warm A,361031,2106,2105,2596,1580,0,0.009259572
Warm A,271064,1639,1638,2596,1580,0,0.0028989413
Warm A,157149,1010,1009,2596,1580,0,0.009977964
Warm A,136843,881,880,2596,1580,0,0.0035724796
Warm A,128602,832,831,2596,1580,1,0.0006804031
Warm A,119455,770,769,2596,1580,0,0.010426166
Warm A,132632,855,854,2596,1580,0,0.021456838
Warm A,114545,744,743,2596,1580,1,0.010329653
Warm A,107371,706,705,2596,1580,1,0.0028924558
Warm A,103871,690,689,2596,1580,1,0.008769203
Warm A,116508,752,751,2596,1580,1,0.0125226835
Warm A,432217,2634,2633,2596,1580,0,0.0083372025
Warm A,77791,524,523,2596,1580,1,0.019734722
Warm A,71433,480,479,2596,1580,0,0.010763528
Warm A,333994,1969,1968,2596,1580,1,0.006624014
Warm A,40441,272,271,2596,1580,1,0.011088001
Warm A,34378,232,231,2596,1580,0,0.0023992849
Warm A,33967,229,228,2596,1580,1,0.004101769
Warm A,300029,1779,1778,2596,1580,1,0.014603344
Warm A,22586,163,162,2596,1580,0,0.0058768312
Warm A,939999,5675,5674,2596,1580,0,0.0017654566
Warm A,152525,981,980,2596,1580,1,0.01810194
Warm A,9578,63,62,2596,1580,1,0.009828005
Warm A,10791,78,77,2596,1580,1,0.0122961905
Warm A,262591,1601,1600,2596,1580,0,0.0031379662
Warm A,477567,2931,2930,2596,1580,1,-0.0008752866
Warm A,336251,1980,1979,2596,1580,1,0.009971239
Warm A,927657,5605,5604,2596,1580,1,0.0026149845
Warm A,20808,151,150,2596,1580,1,0.0159171
Warm A,352214,2063,2062,2596,1580,1,0.015283374
Warm A,134523,869,868,2596,1580,1,0.013943121
Warm A,206453,1265,1264,2596,1580,0,0.0028341296
Warm A,960310,5792,5791,2596,1580,1,0.0013271046
Warm A,879941,5317,5316,2596,1580,1,-0.00039548473
Warm A,371796,2172,2171,2596,1580,0,0.0095315855
Warm A,807642,4834,4833,2596,1580,0,0.003371583
Warm A,65524,438,437,2596,1580,1,0.003761608
Warm A,290468,1733,1732,2596,1580,1,0.02160152
Warm A,67852,454,453,2596,1580,0,0.008619608
Warm A,480488,2947,2946,2596,1580,1,-0.0064495113
Warm A,171968,1088,1087,2596,1580,1,0.020050611
Warm A,63261,424,423,2596,1580,0,0.009668032
Warm A,331858,1958,1957,2597,1581,0,-0.0032925615
Warm A,907700,5492,5491,2597,1581,0,0.0036426836
Warm A,72276,482,481,2597,1581,0,0.008674663
Warm A,375698,2188,2187,2597,1581,0,0.0052156798
Warm A,360559,2106,2105,2607,1587,1,-0.00019265199
Warm A,206267,1265,1264,2607,1587,1,-0.00090379594
Warm A,784379,4682,4681,2607,1587,1,0.0076461975
Warm A,28078,195,194,2607,1587,1,0.0021081772
Warm A,50082,331,330,2607,1587,0,0.003664348
Warm A,484878,2986,2985,2607,1587,1,0.0020451322
Warm A,234800,1425,1424,2607,1587,1,0.0027084942
Warm A,327745,1941,1940,2607,1587,1,0.008540271
Warm A,155252,1001,1000,2609,1588,1,0.011592098
Warm A,28082,195,194,2609,1588,1,0.0072870366
Warm A,475413,2918,2917,2609,1588,1,-0.0025417614
Warm A,986763,5956,5955,2609,1588,1,0.014214945
Warm A,804462,4816,4815,2609,1588,1,0.0045020483
Warm A,202956,1246,1245,2609,1588,1,0.0022929078
Warm A,974569,5878,5877,2609,1588,1,0.0055295704
Warm A,411327,2469,2468,2611,1589,0,0.012786019
Warm A,408058,2453,2452,2611,1589,1,0.018270344
Warm A,383118,2238,2237,2611,1589,1,0.0069010095
Warm A,381252,2230,2229,2611,1589,0,0.006296574
Warm A,382767,2237,2236,2611,1589,0,0.01370004
Warm A,377721,2205,2204,2611,1589,0,0.012086928
Warm A,359955,2105,2104,2611,1589,1,0.0084699895
Warm A,335604,1980,1979,2611,1589,1,0.03338321
Warm A,318617,1894,1893,2611,1589,1,0.003264309
Warm A,280753,1685,1684,2611,1589,1,0.014751103
Warm A,267509,1626,1625,2611,1589,1,0.016056927
Warm A,266801,1618,1617,2611,1589,1,0.0113563305
Warm A,242663,1465,1464,2611,1589,1,0.020042844
Warm A,296345,1758,1757,2611,1589,1,0.022358585
Warm A,212806,1297,1296,2611,1589,0,0.005388613
Warm A,209730,1281,1280,2611,1589,1,-0.0012916864
Warm A,360567,2106,2105,2611,1589,1,0.0154128
Warm A,210029,1284,1283,2611,1589,1,0.010741997
Warm A,278814,1680,1679,2611,1589,0,0.01823875
Warm A,196021,1205,1204,2611,1589,1,0.0063540973
Warm A,373892,2181,2180,2611,1589,0,0.01823214
Warm A,187528,1164,1163,2611,1589,1,0.018338228
Warm A,199322,1224,1223,2611,1589,1,0.014835096
Warm A,188180,1168,1167,2611,1589,1,0.009965868
Warm A,169774,1078,1077,2611,1589,1,0.0070910556
Warm A,168289,1069,1068,2611,1589,0,0.012482726
Warm A,166350,1059,1058,2611,1589,0,0.014763827
Warm A,162649,1038,1037,2611,1589,1,0.004077925
Warm A,158900,1016,1015,2611,1589,1,0.011894136
Warm A,348890,2047,2046,2611,1589,1,0.005782449
Warm A,246219,1489,1488,2611,1589,0,0.0154584
Warm A,149209,960,959,2611,1589,1,0.01423206
Warm A,142343,919,918,2611,1589,1,0.014922951
Warm A,200005,1228,1227,2611,1589,0,0.008603884
Warm A,349231,2050,2049,2611,1589,1,0.0038847025
Warm A,779043,4653,4652,2611,1589,0,0.0044873436
Warm A,107281,706,705,2611,1589,1,0.018738221
Warm A,294819,1752,1751,2611,1589,1,0.016139627
Warm A,631408,3821,3820,2611,1589,0,0.014243333
Warm A,94134,631,630,2611,1589,1,0.018795282
Warm A,151191,973,972,2611,1589,0,0.021853471
Warm A,283963,1698,1697,2611,1589,1,0.016092483
Warm A,89746,591,590,2611,1589,1,0.008551871
Warm A,432075,2634,2633,2611,1589,1,0.008055896
Warm A,72902,493,492,2611,1589,1,0.0075344252
Warm A,155255,1001,1000,2611,1589,1,0.009792553
Warm A,47423,319,318,2611,1589,0,0.017831862
Warm A,42258,287,286,2611,1589,0,0.00044703833
Warm A,697163,4169,4168,2611,1589,1,0.024104854
Warm A,234807,1425,1424,2611,1589,1,0.014553043
Warm A,459107,2826,2825,2611,1589,1,0.0056230333
Warm A,26388,187,186,2611,1589,1,0.017727606
Warm A,201410,1242,1241,2611,1589,0,0.009559879
Warm A,215431,1306,1305,2611,1589,1,0.013477072
Warm A,967228,5831,5830,2611,1589,1,0.0217193
Warm A,5007,35,34,2611,1589,0,0.0122768
Warm A,902975,5458,5457,2611,1589,1,0.007940587
Warm A,206719,1266,1265,2611,1589,1,0.017517705
Warm A,89166,588,587,2611,1589,1,0.030109799
Warm A,500971,3079,3078,2611,1589,0,0.005032666
Warm A,347920,2041,2040,2611,1589,0,0.019693518
Warm A,157913,1015,1014,2611,1589,0,0.021990763
Warm A,932661,5630,5629,2611,1589,1,-0.0015155402
Warm A,76308,518,517,2611,1589,1,0.012270809
Warm A,933803,5636,5635,2611,1589,1,0.014421907
Warm A,823479,4950,4949,2611,1589,1,0.024017775
Warm A,750612,4478,4477,2611,1589,0,0.013292038
Warm A,638965,3842,3841,2611,1589,1,0.024445713
Warm A,105917,699,698,2611,1589,0,0.017795261
Warm A,19946,149,148,2611,1589,1,0.021617511
Warm A,803307,4809,4808,2611,1589,1,0.01562665
Warm A,156635,1010,1009,2611,1589,1,0.020294508
Warm A,195288,1203,1202,2611,1589,1,0.033092283
Warm A,183103,1141,1140,2611,1589,1,0.0012785478
Warm A,111604,727,726,2611,1589,1,0.019505335
Warm A,60674,411,410,2611,1589,0,0.011042523
Warm A,457744,2820,2819,2611,1589,1,0.013056626
Warm A,136357,881,880,2611,1589,0,0.018045802
Warm A,420857,2544,2543,2611,1589,1,0.015919635
Warm A,821684,4940,4939,2611,1589,1,0.0036394899
Warm A,840505,5049,5048,2611,1589,1,0.015645485
Warm A,463833,2859,2858,2611,1589,1,0.014086029
Warm A,304725,1812,1811,2611,1589,0,0.013915883
Warm A,255453,1556,1555,2611,1589,1,0.022221096
Warm A,464056,2860,2859,2611,1589,1,0.012673438
Warm A,937359,5654,5653,2611,1589,1,0.02501924
Warm A,601564,3658,3657,2612,1590,1,0.0054147746
Warm A,494955,3036,3035,2612,1590,1,0.00802987
Warm A,880091,5317,5316,2612,1590,1,0.0060806274
Warm A,459108,2826,2825,2612,1590,1,0.010111605
Warm A,457745,2820,2819,2612,1590,0,0.01051167
Warm A,455771,2807,2806,2612,1590,0,0.0053094868
Warm A,446769,2753,2752,2612,1590,0,0.016662315
Warm A,440442,2693,2692,2612,1590,1,-0.001507117
Warm A,428048,2602,2601,2612,1590,1,0.0077652335
Warm A,425228,2581,2580,2612,1590,1,0.015477601
Warm A,420858,2544,2543,2612,1590,1,0.010344294
Warm A,416435,2507,2506,2612,1590,1,0.01481804
Warm A,411851,2476,2475,2612,1590,0,-0.007239937
Warm A,393071,2309,2308,2612,1590,1,-0.007296562
Warm A,398439,2370,2369,2612,1590,1,-0.0010896856
Warm A,383458,2241,2240,2612,1590,1,0.0021609548
Warm A,383884,2243,2242,2612,1590,1,0.0078615565
Warm A,364624,2124,2123,2612,1590,1,-0.000120816054
Warm A,364111,2121,2120,2612,1590,1,-0.00034129317
Warm A,352917,2067,2066,2612,1590,0,0.01079615
Warm A,353973,2073,2072,2612,1590,1,0.0073168688
Warm A,346592,2031,2030,2612,1590,0,0.015903182
Warm A,335605,1980,1979,2612,1590,1,0.026472555
Warm A,278815,1680,1679,2612,1590,1,0.016352845
Warm A,256638,1569,1568,2612,1590,1,0.006350082
Warm A,228083,1383,1382,2612,1590,1,0.0042734034
Warm A,208244,1273,1272,2612,1590,1,0.002884011
Warm A,446114,2751,2750,2612,1590,1,0.0110045215
Warm A,734571,4387,4386,2612,1590,1,0.0019791096
Warm A,307946,1836,1835,2612,1590,1,0.01133715
Warm A,321905,1911,1910,2612,1590,1,0.009267071
Warm A,199066,1223,1222,2612,1590,1,0.005718638
Warm A,199323,1224,1223,2612,1590,1,0.0067946324
Warm A,373893,2181,2180,2612,1590,0,0.019906398
Warm A,180978,1131,1130,2612,1590,1,0.0012230753
Warm A,190577,1181,1180,2612,1590,0,0.009874487
Warm A,327760,1941,1940,2612,1590,1,0.015651032
Warm A,157914,1015,1014,2612,1590,1,0.012171003
Warm A,338005,1988,1987,2612,1590,1,0.010537571
Warm A,323700,1920,1919,2612,1590,0,0.008041981
Warm A,185013,1150,1149,2612,1590,0,0.004855349
Warm A,137938,889,888,2612,1590,1,0.013961922
Warm A,201411,1242,1241,2612,1590,1,0.011536682
Warm A,131037,850,849,2612,1590,1,0.012181105
Warm A,198132,1218,1217,2612,1590,1,0.015223173
Warm A,316670,1884,1883,2612,1590,1,0.009826694
Warm A,98112,656,655,2612,1590,0,7.0220325e-05
Warm A,115664,750,749,2612,1590,1,0.0009958325
Warm A,283964,1698,1697,2612,1590,1,0.009273983
Warm A,74658,509,508,2612,1590,1,0.01277541
Warm A,66989,451,450,2612,1590,1,0.0040384075
Warm A,27552,193,192,2612,1590,1,0.011236952
Warm A,148680,957,956,2612,1590,1,0.0058795265
Warm A,796268,4771,4770,2612,1590,1,0.0069001354
Warm A,12708,97,96,2612,1590,1,0.0060791676
Warm A,739528,4418,4417,2612,1590,1,-0.0046514617
Warm A,4639,33,32,2612,1590,1,0.0060891625
Warm A,129251,839,838,2612,1590,1,0.00885975
Warm A,284780,1699,1698,2612,1590,1,0.010656222
Warm A,638966,3842,3841,2612,1590,1,0.016702842
Warm A,18239,140,139,2612,1590,1,0.0039883596
Warm A,801653,4802,4801,2612,1590,1,0.0075614294
Warm A,102043,678,677,2612,1590,1,0.014841791
Warm A,191783,1182,1181,2612,1590,0,0.0018089237
Warm A,171382,1088,1087,2612,1590,1,-0.00033978838
Warm A,47424,319,318,2612,1590,0,0.0146016395
Warm A,52129,343,342,2612,1590,1,0.002909393
Warm A,464057,2860,2859,2612,1590,1,0.0049909167
Warm A,841423,5054,5053,2612,1590,1,0.0090994835
Warm A,276099,1671,1670,2612,1590,1,0.010251322
Warm A,833594,5011,5010,2612,1590,1,0.019882679
Warm A,832003,5001,5000,2612,1590,1,0.004000074
Warm A,322171,1912,1911,2612,1590,0,0.023291737
Warm A,839658,5046,5045,2612,1590,1,0.011424712
Warm A,18679,146,145,2612,1590,0,0.012078058
Warm A,96562,648,647,2612,1590,1,0.0050720423
Warm A,672403,4041,4040,2615,1592,1,0.001993591
Warm A,668316,4021,4020,2615,1592,0,-0.0032420093
Warm A,671093,4033,4032,2615,1592,0,0.009946009
Warm A,743459,4446,4445,2615,1592,0,0.007493699
Warm A,665702,4007,4006,2615,1592,0,0.006173136
Warm A,655402,3947,3946,2615,1592,1,-0.0022775494
Warm A,720394,4312,4311,2615,1592,0,0.006886333
Warm A,651271,3929,3928,2615,1592,0,0.008060912
Warm A,654008,3942,3941,2615,1592,0,0.00667241
Warm A,630735,3816,3815,2615,1592,1,0.005774931
Warm A,627705,3799,3798,2615,1592,0,0.0006251561
Warm A,603368,3672,3671,2615,1592,1,0.012510544
Warm A,633035,3824,3823,2615,1592,0,-0.00525522
Warm A,596382,3626,3625,2615,1592,1,0.008990212
Warm A,585569,3576,3575,2615,1592,0,0.017924987
Warm A,582039,3557,3556,2615,1592,0,0.0014188857
Warm A,581736,3555,3554,2615,1592,0,0.0036144552
Warm A,604938,3678,3677,2615,1592,0,0.008019088
Warm A,713713,4277,4276,2615,1592,1,0.0054907203
Warm A,560129,3442,3441,2615,1592,0,0.0021339117
Warm A,555681,3416,3415,2615,1592,1,0.007707776
Warm A,545622,3365,3364,2615,1592,0,0.0011082273
Warm A,536926,3311,3310,2615,1592,0,-0.0032255007
Warm A,533113,3292,3291,2615,1592,1,-0.0010037306
Warm A,521025,3216,3215,2615,1592,0,0.0059936577
Warm A,687987,4116,4115,2615,1592,0,-0.001102025
Warm A,503776,3096,3095,2615,1592,1,0.0036297024
Warm A,501689,3081,3080,2615,1592,0,0.00089551456
Warm A,504118,3099,3098,2615,1592,0,0.005620239
Warm A,493889,3032,3031,2615,1592,1,0.009581119
Warm A,489141,3012,3011,2615,1592,0,-0.002442908
Warm A,486560,2995,2994,2615,1592,0,0.010204234
Warm A,475915,2921,2920,2615,1592,0,0.009965599
Warm A,591159,3607,3606,2615,1592,0,-0.0071596755
Warm A,472400,2907,2906,2615,1592,0,0.010916157
Warm A,444388,2742,2741,2615,1592,0,-0.0013494799
Warm A,444208,2740,2739,2615,1592,1,0.00089742336
Warm A,436229,2665,2664,2615,1592,1,0.007869024
Warm A,418518,2529,2528,2615,1592,1,0.0007195164
Warm A,416437,2507,2506,2615,1592,0,0.0065573733
Warm A,409522,2457,2456,2615,1592,0,0.00807517
Warm A,402209,2402,2401,2615,1592,0,0.005500391
Warm A,393330,2312,2311,2615,1592,1,-0.0038812228
Warm A,383608,2242,2241,2615,1592,1,0.008620757
Warm A,373354,2180,2179,2615,1592,0,0.0091267275
Warm A,370655,2167,2166,2615,1592,0,0.0014628767
Warm A,356286,2088,2087,2615,1592,0,0.004794449
Warm A,349794,2054,2053,2615,1592,0,0.012236186
Warm A,373895,2181,2180,2615,1592,0,0.010892322
Warm A,348386,2042,2041,2615,1592,0,0.008473268
Warm A,339837,2004,2003,2615,1592,0,0.004623538
Warm A,341458,2012,2011,2615,1592,0,0.008238217
Warm A,337645,1985,1984,2615,1592,0,0.0026526032
Warm A,333289,1968,1967,2615,1592,0,0.0019083137
Warm A,323702,1920,1919,2615,1592,0,0.0062064226
Warm A,311535,1856,1855,2615,1592,1,0.011520417
Warm A,293112,1746,1745,2615,1592,0,-6.3146e-06
Warm A,290888,1736,1735,2615,1592,0,0.0009972774
Warm A,292177,1741,1740,2615,1592,0,0.011370605
Warm A,360571,2106,2105,2615,1592,0,0.0032284905
Warm A,276825,1675,1674,2615,1592,0,0.0016486072
Warm A,245456,1483,1482,2615,1592,1,0.013512744
Warm A,247563,1496,1495,2615,1592,0,0.0010231244
Warm A,227006,1377,1376,2615,1592,0,-0.005079207
Warm A,226016,1369,1368,2615,1592,1,0.0036086119
Warm A,335609,1980,1979,2615,1592,0,0.001351709
Warm A,267139,1624,1623,2615,1592,0,0.0050629666
Warm A,223381,1354,1353,2615,1592,0,-1.9171915e-05
Warm A,219749,1333,1332,2615,1592,0,-0.0034565313
Warm A,224062,1356,1355,2615,1592,1,0.0045746397
Warm A,261633,1599,1598,2615,1592,0,0.00575976
Warm A,243758,1470,1469,2615,1592,0,0.0026609476
Warm A,327765,1941,1940,2615,1592,0,0.003136546
Warm A,304728,1812,1811,2615,1592,1,0.0021894686
Warm A,307273,1835,1834,2615,1592,0,0.0015011441
Warm A,181557,1135,1134,2615,1592,1,0.0006024099
Warm A,180194,1128,1127,2615,1592,0,0.006330138
Warm A,176368,1115,1114,2615,1592,0,0.0029946296
Warm A,248699,1501,1500,2615,1592,1,0.011173204
Warm A,155764,1004,1003,2615,1592,0,-0.0038506205
Warm A,152674,983,982,2615,1592,0,0.005129339
Warm A,164352,1051,1050,2615,1592,0,0.0012492557
Warm A,151516,975,974,2615,1592,0,-0.0022233923
Warm A,190582,1181,1180,2615,1592,0,0.018549958
Warm A,225204,1362,1361,2615,1592,0,-0.004266579
Warm A,141404,911,910,2615,1592,0,0.0039086584
Warm A,135485,877,876,2615,1592,0,0.0071723396
Warm A,331396,1958,1957,2615,1592,0,-0.00049619144
Warm A,123825,798,797,2615,1592,0,0.0012555156
Warm A,122142,788,787,2615,1592,1,0.0077325604
Warm A,118273,765,764,2615,1592,0,-0.0077528297
Warm A,117397,757,756,2615,1592,0,0.00023379282
Warm A,233959,1422,1421,2615,1592,0,0.019525018
Warm A,94695,636,635,2615,1592,1,0.0012333815
Warm A,90901,602,601,2615,1592,1,-0.0074619493
Warm A,228085,1383,1382,2615,1592,0,0.0065007526
Warm A,86037,563,562,2615,1592,0,0.008012193
Warm A,82864,549,548,2615,1592,0,0.0045162505
Warm A,70686,476,475,2615,1592,1,0.0015673528
Warm A,66487,445,444,2615,1592,0,0.008627571
Warm A,239800,1449,1448,2615,1592,0,0.001030935
Warm A,53678,352,351,2615,1592,0,0.003827609
Warm A,47013,316,315,2615,1592,0,0.01967438
Warm A,40359,272,271,2615,1592,0,0.0063869427
Warm A,626583,3792,3791,2615,1592,1,-0.00232875
Warm A,69019,462,461,2615,1592,1,0.0076651513
Warm A,25335,179,178,2615,1592,0,-0.0014514448
Warm A,25231,178,177,2615,1592,1,0.0019616538
Warm A,14468,117,116,2615,1592,1,0.0011498313
Warm A,119074,770,769,2615,1592,1,0.00969962
Warm A,8462,58,57,2615,1592,0,0.013540431
Warm A,49365,329,328,2615,1592,0,0.0005172377
Warm A,481679,2962,2961,2615,1592,0,0.0039100302
Warm A,19363,148,147,2615,1592,0,0.003593839
Warm A,237707,1447,1446,2615,1592,0,-0.0028096691
Warm A,298985,1776,1775,2615,1592,0,0.0033660852
Warm A,840852,5053,5052,2615,1592,0,0.014394719
Warm A,102047,678,677,2615,1592,0,0.012929464
Warm A,801654,4802,4801,2615,1592,1,0.004224682
Warm A,454521,2796,2795,2615,1592,0,-0.0010553983
Warm A,28097,195,194,2615,1592,0,-0.0003024442
Warm A,959004,5787,5786,2615,1592,0,0.008880031
Warm A,322175,1912,1911,2615,1592,0,0.0011031223
Warm A,893250,5394,5393,2615,1592,0,0.0084543545
Warm A,206270,1265,1264,2615,1592,0,-0.0042147744
Warm A,136361,881,880,2615,1592,0,-7.122941e-05
Warm A,794140,4748,4747,2615,1592,0,0.0014956663
Warm A,351526,2063,2062,2615,1592,0,0.0017798126
Warm A,549871,3391,3390,2615,1592,1,0.0020582995
Warm A,19964,149,148,2621,1595,1,0.010897581
Warm A,386001,2258,2257,2621,1595,1,0.0016139996
Warm A,907786,5492,5491,2621,1595,0,0.00445183
Warm A,796273,4771,4770,2621,1595,1,-0.0029875785
Warm A,187537,1164,1163,2621,1595,0,8.804607e-05
Warm A,290043,1733,1732,2621,1595,1,0.011864416
Warm A,509765,3140,3139,2621,1595,0,0.011181352
Warm A,215439,1306,1305,2621,1595,1,0.0068470966
Warm A,115991,752,751,2621,1595,0,0.0056163277
Warm A,190614,1181,1180,2624,1597,0,0.009171823
Warm A,206730,1266,1265,2624,1597,0,0.014700219
Warm A,184302,1147,1146,2624,1597,1,-0.005302801
Warm A,212422,1294,1293,2624,1597,1,-0.0027048313
Warm A,199335,1224,1223,2624,1597,0,0.0027544093
Warm A,174539,1104,1103,2624,1597,1,0.0027832023
Warm A,168306,1069,1068,2624,1597,1,0.0041111577
Warm A,170005,1080,1079,2624,1597,1,0.008848248
Warm A,163078,1041,1040,2624,1597,1,-0.0017942529
Warm A,153856,989,988,2624,1597,1,-0.00036004186
Warm A,631426,3821,3820,2624,1597,1,-0.0057578357
Warm A,151369,974,973,2624,1597,1,0.00041013316
Warm A,150021,966,965,2624,1597,0,0.0013589347
Warm A,137963,889,888,2624,1597,0,0.004891298
Warm A,200012,1228,1227,2624,1597,1,0.003500349
Warm A,131794,854,853,2624,1597,1,-7.003336e-05
Warm A,115707,751,750,2624,1597,1,0.0028190129
Warm A,112343,731,730,2624,1597,1,0.0012213588
Warm A,100441,670,669,2624,1597,1,-0.007814027
Warm A,92415,618,617,2624,1597,1,-0.0034445375
Warm A,286395,1710,1709,2624,1597,1,-0.0029253447
Warm A,93559,626,625,2624,1597,1,-0.0015228433
Warm A,73893,501,500,2624,1597,0,-0.0017326605
Warm A,64170,429,428,2624,1597,1,0.00843243
Warm A,155263,1001,1000,2624,1597,1,0.014502493
Warm A,417599,2520,2519,2624,1597,1,0.006748358
Warm A,239828,1449,1448,2624,1597,0,0.0075775827
Warm A,314332,1877,1876,2624,1597,1,-0.0041375975
Warm A,534958,3301,3300,2624,1597,1,0.00732694
Warm A,187539,1164,1163,2624,1597,0,0.0040951744
Warm A,300248,1780,1779,2624,1597,1,0.00206537
Warm A,989267,5972,5971,2624,1597,1,-0.007540072
Warm A,157940,1015,1014,2624,1597,1,0.0036453083
Warm A,748039,4465,4464,2624,1597,0,0.0007002874
Warm A,50120,331,330,2624,1597,1,-0.00069202064
Warm A,657442,3963,3962,2624,1597,0,0.008096795
Warm A,319216,1897,1896,2624,1597,0,0.010157791
Warm A,290045,1733,1732,2624,1597,1,0.002917286
Warm A,28115,195,194,2624,1597,1,0.0106577985
Warm A,893254,5394,5393,2624,1597,0,0.010834074
Warm A,175973,1113,1112,2624,1597,1,-0.00255258
Warm A,849248,5100,5099,2624,1597,1,0.004004078
Warm A,65236,438,437,2625,1598,1,0.009288095
Warm A,28117,195,194,2625,1598,1,0.008391781
Warm A,302051,1794,1793,2625,1598,0,0.0011083707
Warm A,933812,5636,5635,2625,1598,0,0.007043949
Warm A,272747,1647,1646,2625,1598,0,0.005470139
Warm A,304746,1812,1811,2625,1598,0,-4.4605695e-06
Warm A,495979,3046,3045,2629,1600,0,0.008671341
Warm A,491994,3026,3025,2629,1600,0,0.009913442
Warm A,491461,3023,3022,2629,1600,0,0.004286951
Warm A,480941,2953,2952,2629,1600,0,0.0010968433
Warm A,477948,2934,2933,2629,1600,0,0.0051070233
Warm A,486942,2996,2995,2629,1600,0,0.0050798063
Warm A,465589,2872,2871,2629,1600,1,0.0022804304
Warm A,462151,2851,2850,2629,1600,0,-0.0033068177
Warm A,444567,2743,2742,2629,1600,0,0.02139563
Warm A,438786,2681,2680,2629,1600,0,-0.0016995489
Warm A,432422,2637,2636,2629,1600,0,0.0073324163
Warm A,430313,2623,2622,2629,1600,1,0.0008007146
Warm A,380183,2223,2222,2629,1600,0,0.010142543
Warm A,376698,2199,2198,2629,1600,0,0.014535109
Warm A,365685,2129,2128,2629,1600,0,0.0079893265
Warm A,350536,2058,2057,2629,1600,0,-0.00067391107
Warm A,361482,2109,2108,2629,1600,0,0.002895274
Warm A,347299,2038,2037,2629,1600,0,0.002124003
Warm A,313409,1870,1869,2629,1600,0,-0.003471375
Warm A,311244,1854,1853,2629,1600,0,0.0056014033
Warm A,298427,1769,1768,2629,1600,0,0.0015201217
Warm A,278154,1677,1676,2629,1600,1,0.0008807689
Warm A,281197,1687,1686,2629,1600,0,-0.013403692
Warm A,281777,1690,1689,2629,1600,0,-0.0030005805
Warm A,269489,1634,1633,2629,1600,0,-8.3626015e-05
Warm A,264335,1608,1607,2629,1600,0,0.0066672126
Warm A,245994,1486,1485,2629,1600,0,0.0036141784
Warm A,228101,1383,1382,2629,1600,0,0.0028035776
Warm A,223400,1354,1353,2629,1600,0,0.011154465
Warm A,222343,1345,1344,2629,1600,0,0.0027263365
Warm A,360590,2106,2105,2629,1600,0,0.0037699207
Warm A,304749,1812,1811,2629,1600,1,0.0057892236
Warm A,192315,1184,1183,2629,1600,0,0.009501459
Warm A,189288,1173,1172,2629,1600,0,0.011340516
Warm A,174824,1107,1106,2629,1600,0,-0.0020067738
Warm A,178587,1121,1120,2629,1600,1,0.008408235
Warm A,173555,1100,1099,2629,1600,0,0.0068535414
Warm A,331422,1958,1957,2629,1600,0,0.0047288565
Warm A,175397,1112,1111,2629,1600,0,0.010547638
Warm A,167739,1068,1067,2629,1600,0,0.0074035604
Warm A,270394,1636,1635,2629,1600,0,0.01195392
Warm A,146549,945,944,2629,1600,1,-0.00069131143
Warm A,144812,934,933,2629,1600,0,0.0043099145
Warm A,139818,896,895,2629,1600,1,0.004253519
Warm A,137972,889,888,2629,1600,0,0.0030058231
Warm A,131797,854,853,2629,1600,0,-0.004285561
Warm A,263116,1605,1604,2629,1600,0,0.0019984539
Warm A,123688,797,796,2629,1600,1,-0.0004608999
Warm A,120124,776,775,2629,1600,1,0.00094000273
Warm A,117815,759,758,2629,1600,0,0.009384995
Warm A,349235,2050,2049,2629,1600,0,0.0036448098
Warm A,779050,4653,4652,2629,1600,0,0.007929793
Warm A,179485,1125,1124,2629,1600,0,-0.0039296597
Warm A,98237,657,656,2629,1600,0,-0.0019183884
Warm A,91154,604,603,2629,1600,0,0.008444771
Warm A,90105,594,593,2629,1600,0,0.00088091823
Warm A,82213,546,545,2629,1600,0,-0.00080106
Warm A,238723,1448,1447,2629,1600,0,0.006070002
Warm A,71875,482,481,2629,1600,0,0.0029620426
Warm A,64173,429,428,2629,1600,0,0.0029792418
Warm A,61274,412,411,2629,1600,1,0.00040604
Warm A,155269,1001,1000,2629,1600,0,0.01239926
Warm A,46445,310,309,2629,1600,1,0.0021881452
Warm A,45190,305,304,2629,1600,0,-0.010820582
Warm A,29459,201,200,2629,1600,1,0.007516877
Warm A,306182,1824,1823,2629,1600,0,0.010382047
Warm A,23097,166,165,2629,1600,0,-0.0017810259
Warm A,15579,123,122,2629,1600,0,0.005347731
Warm A,11180,83,82,2629,1600,1,0.003762323
Warm A,6157,45,44,2629,1600,0,0.0065123932
Warm A,1696,16,15,2629,1600,0,0.005198417
Warm A,545253,3363,3362,2629,1600,1,0.00635579
Warm A,79221,531,530,2629,1600,0,-0.0011050783
Warm A,117009,754,753,2629,1600,0,0.0056679733
Warm A,56333,376,375,2629,1600,0,0.01187872
Warm A,477442,2931,2930,2629,1600,0,0.0036476073
Warm A,181909,1137,1136,2629,1600,0,0.012902798
Warm A,285203,1701,1700,2629,1600,0,0.009226616
Warm A,891843,5387,5386,2629,1600,0,0.009462589
Warm A,216886,1317,1316,2629,1600,1,0.002320332
Warm A,195310,1203,1202,2629,1600,0,0.0046635116
Warm A,434903,2655,2654,2629,1600,0,0.0054370947
Warm A,295578,1755,1754,2629,1600,0,0.0042832517
Warm A,877505,5302,5301,2629,1600,0,-0.00370181
Warm A,609849,3696,3695,2633,1601,0,0.0060765445
Warm A,603377,3672,3671,2633,1601,1,0.0029429705
Warm A,621106,3762,3761,2633,1601,1,0.0065454487
Warm A,725824,4344,4343,2633,1601,0,0.0064789723
Warm A,592825,3614,3613,2633,1601,1,0.009176567
Warm A,592355,3611,3610,2633,1601,1,0.0058132494
Warm A,587198,3586,3585,2633,1601,1,-0.0037215024
Warm A,697195,4169,4168,2633,1601,0,0.011167092
Warm A,585586,3576,3575,2633,1601,0,0.0050616837
Warm A,718843,4305,4304,2633,1601,0,0.0067153
Warm A,584618,3569,3568,2633,1601,0,0.002752291
Warm A,569061,3491,3490,2633,1601,0,0.003061514
Warm A,563649,3469,3468,2633,1601,1,0.004004388
Warm A,544344,3356,3355,2633,1601,1,0.00018640654
Warm A,533132,3292,3291,2633,1601,1,0.0019131494
Warm A,529539,3272,3271,2633,1601,1,0.003204815
Warm A,526689,3259,3258,2633,1601,1,0.0009396905
Warm A,566089,3476,3475,2633,1601,0,0.005843861
Warm A,509768,3140,3139,2633,1601,1,-0.00069606095
Warm A,503604,3095,3094,2633,1601,1,0.0067004445
Warm A,493924,3032,3031,2633,1601,1,0.005629848
Warm A,738394,4411,4410,2633,1601,1,0.00045370916
Warm A,481100,2955,2954,2633,1601,0,0.003850083
Warm A,477952,2934,2933,2633,1601,1,0.011615675
Warm A,472428,2907,2906,2633,1601,0,0.0051783947
Warm A,901554,5450,5449,2633,1601,0,-0.0072897794
Warm A,754870,4497,4496,2633,1601,1,0.0015935735
Warm A,459444,2830,2829,2633,1601,0,0.00085246545
Warm A,553816,3410,3409,2633,1601,0,-0.009687132
Warm A,445103,2745,2744,2633,1601,0,0.0012400951
Warm A,430694,2625,2624,2633,1601,1,0.014171693
Warm A,408877,2455,2454,2633,1601,0,-0.005396782
Warm A,414486,2496,2495,2633,1601,1,0.0036793952
Warm A,397169,2352,2351,2633,1601,0,0.0013185344
Warm A,393077,2309,2308,2633,1601,0,-0.0025867797
Warm A,373913,2181,2180,2633,1601,1,0.0024956604
Warm A,368617,2155,2154,2633,1601,1,0.00831726
Warm A,366419,2133,2132,2633,1601,0,0.0029465747
Warm A,361491,2109,2108,2633,1601,1,-0.0050954577
Warm A,356662,2089,2088,2633,1601,1,0.003167971
Warm A,353676,2072,2071,2633,1601,1,0.007194427
Warm A,350098,2055,2054,2633,1601,1,0.007699022
Warm A,343561,2018,2017,2633,1601,1,0.0029929178
Warm A,296963,1760,1759,2633,1601,1,0.0037285103
Warm A,292195,1741,1740,2633,1601,1,0.008173405
Warm A,278868,1680,1679,2633,1601,0,0.00429588
Warm A,251376,1518,1517,2633,1601,1,0.0051591625
Warm A,227444,1378,1377,2633,1601,1,0.0055441367
Warm A,242683,1465,1464,2633,1601,1,0.006670431
Warm A,224444,1357,1356,2633,1601,1,0.0031509353
Warm A,436251,2665,2664,2633,1601,0,0.014756548
Warm A,322195,1912,1911,2633,1601,0,0.007358814
Warm A,327802,1941,1940,2633,1601,1,-0.0029051383
Warm A,307301,1835,1834,2633,1601,1,0.0076442426
Warm A,236327,1434,1433,2633,1601,1,-0.0020491076
Warm A,168839,1071,1070,2633,1601,1,-0.0010978782
Warm A,159147,1017,1016,2633,1601,1,-0.002148821
Warm A,154525,997,996,2633,1601,0,0.0060407543
Warm A,150261,968,967,2633,1601,0,0.0048947167
Warm A,137988,889,888,2633,1601,0,0.0049326513
Warm A,133853,868,867,2633,1601,0,0.001629633
Warm A,128679,834,833,2633,1601,0,0.0019829897
Warm A,103793,690,689,2633,1601,1,0.00926575
Warm A,92706,621,620,2633,1601,0,0.005114216
Warm A,207498,1268,1267,2633,1601,1,0.0024352132
Warm A,202984,1246,1245,2633,1601,1,-0.0049623186
Warm A,82902,549,548,2633,1601,1,0.010271043
Warm A,80080,533,532,2633,1601,1,0.0025977371
Warm A,74678,509,508,2633,1601,0,-0.00028979836
Warm A,66278,443,442,2633,1601,1,0.0150529435
Warm A,71879,482,481,2633,1601,0,0.01482632
Warm A,210724,1285,1284,2633,1601,1,0.017910406
Warm A,47949,321,320,2633,1601,0,0.007366409
Warm A,48530,326,325,2633,1601,0,0.00905586
Warm A,45192,305,304,2633,1601,1,0.008000237
Warm A,41181,278,277,2633,1601,1,0.007075702
Warm A,35558,240,239,2633,1601,0,0.0072186217
Warm A,36457,245,244,2633,1601,1,0.0014226725
Warm A,32050,216,215,2633,1601,0,-0.008516477
Warm A,29821,202,201,2633,1601,0,0.006209331
Warm A,29190,199,198,2633,1601,0,0.00030498905
Warm A,14488,117,116,2633,1601,1,-0.0034216817
Warm A,591828,3610,3609,2633,1601,0,0.006089118
Warm A,4826,35,34,2633,1601,0,0.00878749
Warm A,4293,33,32,2633,1601,1,0.0055282246
Warm A,2267,19,18,2633,1601,0,0.0019309872
Warm A,237732,1447,1446,2633,1601,1,0.011382384
Warm A,174048,1101,1100,2633,1601,1,-0.0002646572
Warm A,362832,2116,2115,2633,1601,1,0.009217946
Warm A,713736,4277,4276,2633,1601,0,0.01120695
Warm A,159923,1019,1018,2633,1601,0,0.006732033
Warm A,454529,2796,2795,2633,1601,0,0.0013070246
Warm A,959010,5787,5786,2633,1601,1,0.008695433
Warm A,171413,1088,1087,2633,1601,0,0.0128066875
Warm A,473379,2909,2908,2633,1601,1,0.008649861
Warm A,415703,2504,2503,2633,1601,0,0.005421051
Warm A,136386,881,880,2633,1601,0,0.0031290865
Warm A,62714,424,423,2633,1601,1,0.00067879003
Warm A,699914,4186,4185,2633,1601,0,0.008521367
Warm A,821688,4940,4939,2633,1601,0,-0.00903579
Warm A,298997,1776,1775,2633,1601,0,0.012016624
Warm A,208667,1274,1273,2633,1601,1,0.000599063
Warm A,364650,2124,2123,2634,1602,0,-0.004909702
Warm A,349701,2053,2052,2634,1602,1,0.00411811
Warm A,322196,1912,1911,2634,1602,0,0.0045580543
Warm A,288212,1722,1721,2634,1602,1,0.007134868
Warm A,278871,1680,1679,2634,1602,0,0.0011808322
Warm A,273688,1650,1649,2634,1602,0,0.0011076648
Warm A,436253,2665,2664,2634,1602,0,0.0015208705
Warm A,242684,1465,1464,2634,1602,1,-7.320382e-05
Warm A,224445,1357,1356,2634,1602,0,0.004057595
Warm A,182706,1140,1139,2634,1602,0,0.006876394
Warm A,236329,1434,1433,2634,1602,1,-0.001964177
Warm A,159148,1017,1016,2634,1602,1,-0.0029726366
Warm A,131060,850,849,2634,1602,1,0.0035844666
Warm A,315052,1880,1879,2634,1602,1,-0.0029923932
Warm A,95369,639,638,2634,1602,0,0.0022346901
Warm A,210726,1285,1284,2634,1602,1,0.0010618616
Warm A,130469,846,845,2634,1602,1,0.004428957
Warm A,43232,296,295,2634,1602,1,0.005825828
Warm A,41792,284,283,2634,1602,1,-0.0021412186
Warm A,41182,278,277,2634,1602,0,0.0058761192
Warm A,36460,245,244,2634,1602,0,-0.0019262916
Warm A,32052,216,215,2634,1602,0,0.0036917592
Warm A,29824,202,201,2634,1602,0,0.0025674482
Warm A,14490,117,116,2634,1602,1,-0.0028126505
Warm A,591829,3610,3609,2634,1602,0,0.004196865
Warm A,552185,3401,3400,2634,1602,0,-0.0036477004
Warm A,48532,326,325,2634,1602,1,0.00089327735
Warm A,362834,2116,2115,2634,1602,0,0.0066904207
Warm A,327805,1941,1940,2634,1602,0,0.0053436225
Warm A,473381,2909,2908,2634,1602,1,-0.0070524607
Warm A,479728,2944,2943,2634,1602,0,-0.0013791097
Warm A,489523,3013,3012,2634,1602,0,-0.0025629406
Warm A,825731,4958,4957,2634,1602,0,-0.007989064
Warm A,610572,3704,3703,2639,1603,1,0.0038837222
Warm A,553819,3410,3409,2639,1603,1,0.008540446
Warm A,645162,3885,3884,2639,1603,1,0.007729902
Warm A,549914,3391,3390,2639,1603,1,0.0036933678
Warm A,542087,3336,3335,2639,1603,0,-0.00026173028
Warm A,533137,3292,3291,2639,1603,0,-0.001190806
Warm A,522355,3224,3223,2639,1603,1,0.011607915
Warm A,517605,3195,3194,2639,1603,0,7.6383e-05
Warm A,514815,3180,3179,2639,1603,0,-0.005776574
Warm A,512693,3163,3162,2639,1603,1,-0.0016461248
Warm A,605669,3681,3680,2639,1603,1,0.0060218605
Warm A,508522,3129,3128,2639,1603,0,0.0039000623
Warm A,584622,3569,3568,2639,1603,0,-0.004082268
Warm A,502071,3082,3081,2639,1603,0,0.0074769664
Warm A,575203,3519,3518,2639,1603,0,-0.0026350066
Warm A,499252,3067,3066,2639,1603,0,-0.008230978
Warm A,659093,3971,3970,2639,1603,1,-0.009019514
Warm A,493936,3032,3031,2639,1603,1,0.0071468865
Warm A,477957,2934,2933,2639,1603,0,-0.00013059285
Warm A,697201,4169,4168,2639,1603,1,-0.0008721067
Warm A,880100,5317,5316,2639,1603,0,-7.766392e-05
Warm A,457773,2820,2819,2639,1603,0,0.00192175
Warm A,416463,2507,2506,2639,1603,1,0.004721958
Warm A,411805,2475,2474,2639,1603,1,0.0015970008
Warm A,464080,2860,2859,2639,1603,1,-0.008078039
Warm A,403301,2409,2408,2639,1603,0,0.0041705994
Warm A,402973,2406,2405,2639,1603,1,-0.003361185
Warm A,402225,2402,2401,2639,1603,0,0.0030248258
Warm A,382787,2237,2236,2639,1603,0,-0.0012912932
Warm A,369825,2164,2163,2639,1603,0,0.012161943
Warm A,345773,2029,2028,2639,1603,1,-0.00079346355
Warm A,353992,2073,2072,2639,1603,0,0.005833412
Warm A,343563,2018,2017,2639,1603,0,0.004532765
Warm A,298302,1768,1767,2639,1603,0,-0.0021587696
Warm A,280440,1683,1682,2639,1603,1,-0.0020005563
Warm A,268893,1632,1631,2639,1603,0,-0.005453372
Warm A,259368,1587,1586,2639,1603,0,-0.0050360085
Warm A,325289,1926,1925,2639,1603,1,-0.00093459024
Warm A,203987,1255,1254,2639,1603,1,-0.0062867543
Warm A,213352,1298,1297,2639,1603,1,-0.0027598583
Warm A,294212,1749,1748,2639,1603,0,0.00467492
Warm A,278879,1680,1679,2639,1603,1,-0.0016014325
Warm A,379879,2222,2221,2639,1603,0,-0.0053086346
Warm A,327816,1941,1940,2639,1603,0,0.0072049606
Warm A,160843,1022,1021,2639,1603,0,0.0054745963
Warm A,164386,1051,1050,2639,1603,0,0.0026134471
Warm A,323722,1920,1919,2639,1603,0,0.005957388
Warm A,167747,1068,1067,2639,1603,0,0.002303469
Warm A,142354,919,918,2639,1603,0,-0.0025077506
Warm A,136080,880,879,2639,1603,1,0.0013270405
Warm A,159926,1019,1018,2639,1603,0,0.0043958905
Warm A,123837,798,797,2639,1603,1,-0.006519126
Warm A,120865,779,778,2639,1603,0,-0.0014303438
Warm A,210731,1285,1284,2639,1603,0,0.0031457474
Warm A,116015,752,751,2639,1603,0,0.0053730705
Warm A,111845,728,727,2639,1603,1,0.0059385356
Warm A,239842,1449,1448,2639,1603,0,0.003434918
Warm A,106699,702,701,2639,1603,0,-0.0067035677
Warm A,201437,1242,1241,2639,1603,1,-0.0015180196
Warm A,98402,659,658,2639,1603,0,-0.004996883
Warm A,95810,642,641,2639,1603,0,-0.004300005
Warm A,304757,1812,1811,2639,1603,1,-0.005649026
Warm A,90593,601,600,2639,1603,1,-0.0027994867
Warm A,228109,1383,1382,2639,1603,1,0.003046763
Warm A,82910,549,548,2639,1603,0,0.0018690696
Warm A,71885,482,481,2639,1603,0,0.0024559777
Warm A,132346,855,854,2639,1603,0,0.0119105065
Warm A,42095,285,284,2639,1603,1,0.0016501084
Warm A,25339,179,178,2639,1603,0,0.001281401
Warm A,238732,1448,1447,2639,1603,1,0.0017118852
Warm A,35831,242,241,2639,1603,0,3.3134478e-05
Warm A,7710,53,52,2639,1603,1,-0.0015391165
Warm A,1209,11,10,2639,1603,0,-0.011005016
Warm A,18703,146,145,2639,1603,0,-0.0029133942
Warm A,432602,2638,2637,2639,1603,0,0.0063220626
Warm A,212022,1291,1290,2639,1603,0,-0.00507276
Warm A,745288,4448,4447,2639,1603,1,0.009975234
Warm A,24351,173,172,2639,1603,0,0.003261941
Warm A,556519,3420,3419,2639,1603,1,-0.0012422288
Warm A,964410,5812,5811,2639,1603,1,0.007597289
Warm A,47471,319,318,2639,1603,0,-0.00022867578
Warm A,19981,149,148,2639,1603,1,0.009719508
Warm A,349239,2050,2049,2639,1603,1,-0.004765209
Warm A,621982,3768,3767,2639,1603,1,0.00075986586
Warm A,206742,1266,1265,2639,1603,0,-0.0022127812
Warm A,195320,1203,1202,2639,1603,1,-0.0019164032
Warm A,261151,1597,1596,2639,1603,0,0.0068614325
Warm A,267152,1624,1623,2639,1603,0,0.0007303975
Warm A,132815,856,855,2639,1603,0,-0.010285237
Warm A,534962,3301,3300,2639,1603,1,0.00089641917
Warm A,129905,840,839,2639,1603,0,0.0021646994
Warm A,960402,5792,5791,2639,1603,1,0.0007936358
Warm A,145746,937,936,2639,1603,0,-0.0029233524
Warm A,713739,4277,4276,2639,1603,1,-0.00659836
Warm A,841437,5054,5053,2639,1603,1,0.0032111357
Warm A,628559,3807,3806,2639,1603,0,0.009939815
Warm A,916874,5539,5538,2639,1603,1,-0.0028455812
Warm A,276114,1671,1670,2639,1603,1,0.0036617967
Warm A,821689,4940,4939,2639,1603,0,-0.006435031
Warm A,102080,678,677,2639,1603,1,0.00051235454
Warm A,193535,1194,1193,2639,1603,0,-0.010916889
Warm A,562476,3462,3461,2639,1603,0,0.0035458503
Warm A,974582,5878,5877,2639,1603,0,0.005513482
Warm A,472445,2907,2906,2645,1609,0,0.0011490611
Warm A,430702,2625,2624,2645,1609,0,0.0028629017
Warm A,602421,3665,3664,2645,1609,1,-0.00064125075
Warm A,418550,2529,2528,2645,1609,1,0.008766825
Warm A,425635,2583,2582,2645,1609,1,0.00660551
Warm A,414495,2496,2495,2645,1609,0,0.005468946
Warm A,397173,2352,2351,2645,1609,0,-0.006054061
Warm A,380195,2223,2222,2645,1609,0,-0.004749085
Warm A,371599,2172,2171,2645,1609,0,0.012187021
Warm A,373931,2181,2180,2645,1609,0,0.010286646
Warm A,317297,1887,1886,2645,1609,0,0.009249359
Warm A,288218,1722,1721,2645,1609,1,0.003569649
Warm A,278900,1680,1679,2645,1609,0,0.01739497
Warm A,276853,1675,1674,2645,1609,1,-0.005437414
Warm A,307032,1834,1833,2645,1609,1,0.000478426
Warm A,250782,1513,1512,2645,1609,1,0.007679022
Warm A,224451,1357,1356,2645,1609,1,0.005116335
Warm A,224086,1356,1355,2645,1609,0,0.010877546
Warm A,436270,2665,2664,2645,1609,0,0.003785017
Warm A,327833,1941,1940,2645,1609,0,0.0139111625
Warm A,192972,1191,1190,2645,1609,0,0.0014222763
Warm A,159156,1017,1016,2645,1609,1,0.01400014
Warm A,146876,948,947,2645,1609,1,0.0053443173
Warm A,134120,869,868,2645,1609,0,0.0037153033
Warm A,210749,1285,1284,2645,1609,1,0.0012228745
Warm A,130478,846,845,2645,1609,1,0.0006008614
Warm A,86942,567,566,2645,1609,1,0.012049954
Warm A,83994,550,549,2645,1609,0,0.017399715
Warm A,57612,390,389,2645,1609,1,0.0025889166
Warm A,43237,296,295,2645,1609,0,0.0057286457
Warm A,41192,278,277,2645,1609,1,-7.913681e-05
Warm A,36484,245,244,2645,1609,0,0.015037559
Warm A,29858,202,201,2645,1609,1,0.0007223622
Warm A,17506,136,135,2645,1609,1,-0.001628102
Warm A,18717,146,145,2645,1609,0,0.0061749546
Warm A,14514,117,116,2645,1609,1,0.014616351
Warm A,591842,3610,3609,2645,1609,0,0.0019587288
Warm A,62737,424,423,2645,1609,1,0.013855789
Warm A,549927,3391,3390,2645,1609,0,-0.0023138886
Warm A,24365,173,172,2645,1609,1,0.0077092946
Warm A,161294,1029,1028,2645,1609,0,0.005574167
Warm A,891850,5387,5386,2645,1609,1,0.008151049
Warm A,2313,19,18,2649,1611,0,0.0020462722
Warm A,490645,3018,3017,2649,1611,1,-0.004537398
Warm A,237752,1447,1446,2649,1611,1,0.009118109
Warm A,713751,4277,4276,2649,1611,1,0.009915418
Warm A,226033,1369,1368,2649,1611,1,0.007685447
Warm A,361508,2109,2108,2651,1612,1,0.0053314855
Warm A,339387,1999,1998,2651,1612,0,-0.0015205549
Warm A,318327,1891,1890,2651,1612,0,-0.0011779973
Warm A,288224,1722,1721,2651,1612,1,-0.009325404
Warm A,315888,1882,1881,2651,1612,1,0.008663289
Warm A,242696,1465,1464,2651,1612,1,-4.7601643e-05
Warm A,224456,1357,1356,2651,1612,1,-0.0011392336
Warm A,436280,2665,2664,2651,1612,0,-0.00052909926
Warm A,203415,1247,1246,2651,1612,1,0.010025073
Warm A,326538,1935,1934,2651,1612,0,-0.0053155283
Warm A,170012,1080,1079,2651,1612,1,0.0015132457
Warm A,159164,1017,1016,2651,1612,1,-0.00460268
Warm A,130479,846,845,2651,1612,1,0.0062852083
Warm A,228129,1383,1382,2651,1612,0,0.0028128522
Warm A,41199,278,277,2651,1612,1,0.008623475
Warm A,36509,245,244,2651,1612,0,0.006815733
Warm A,29881,202,201,2651,1612,0,0.0011289986
Warm A,481713,2962,2961,2651,1612,0,0.0010550653
Warm A,591849,3610,3609,2651,1612,0,0.012369841
Warm A,490649,3018,3017,2651,1612,1,-0.010209863
Warm A,62747,424,423,2651,1612,0,0.0068223616
Warm A,327846,1941,1940,2651,1612,0,0.006433587
Warm A,603382,3672,3671,2654,1613,1,0.0025916765
Warm A,608810,3692,3691,2654,1613,1,-0.0027938248
Warm A,621127,3762,3761,2654,1613,1,0.0073217335
Warm A,593005,3615,3614,2654,1613,0,-0.004576792
Warm A,585598,3576,3575,2654,1613,0,0.0022993754
Warm A,580206,3543,3542,2654,1613,0,0.003040825
Warm A,577732,3528,3527,2654,1613,0,-0.0052578524
Warm A,576114,3521,3520,2654,1613,1,0.0016883428
Warm A,566119,3476,3475,2654,1613,0,0.0041845953
Warm A,697220,4169,4168,2654,1613,0,0.0051243
Warm A,657066,3961,3960,2654,1613,1,-0.009127808
Warm A,713754,4277,4276,2654,1613,1,0.0014776353
Warm A,544349,3356,3355,2654,1613,1,0.0073726876
Warm A,519785,3207,3206,2654,1613,1,-0.0068849362
Warm A,584632,3569,3568,2654,1613,0,0.008055935
Warm A,493961,3032,3031,2654,1613,1,-0.0025704876
Warm A,710275,4260,4259,2654,1613,0,-0.0094658695
Warm A,463156,2857,2856,2654,1613,0,-0.004086567
Warm A,447876,2761,2760,2654,1613,1,0.007974345
Warm A,430708,2625,2624,2654,1613,0,-0.0020742416
Warm A,434269,2648,2647,2654,1613,1,-0.001997579
Warm A,427217,2593,2592,2654,1613,0,0.0037277732
Warm A,419686,2537,2536,2654,1613,0,0.0030044476
Warm A,411808,2475,2474,2654,1613,1,-0.002520397
Warm A,400910,2389,2388,2654,1613,1,-0.000436099
Warm A,414502,2496,2495,2654,1613,0,-0.0013078379
Warm A,373944,2181,2180,2654,1613,1,0.0031382449
Warm A,367450,2145,2144,2654,1613,1,0.0022388864
Warm A,364121,2121,2120,2654,1613,1,0.0069378335
Warm A,364667,2124,2123,2654,1613,1,0.0013654358
Warm A,361509,2109,2108,2654,1613,1,-0.0020689778
Warm A,356668,2089,2088,2654,1613,1,0.0074746506
Warm A,350102,2055,2054,2654,1613,1,-0.002568902
Warm A,343577,2018,2017,2654,1613,0,-0.011868249
Warm A,315889,1882,1881,2654,1613,1,0.004154781
Warm A,288227,1722,1721,2654,1613,1,0.0050413613
Warm A,278916,1680,1679,2654,1613,1,-0.0012760952
Warm A,300268,1780,1779,2654,1613,0,0.004014612
Warm A,242698,1465,1464,2654,1613,1,0.0057095336
Warm A,224458,1357,1356,2654,1613,1,-0.0038711429
Warm A,269820,1635,1634,2654,1613,1,0.00683645
Warm A,327848,1941,1940,2654,1613,1,0.0013501805
Warm A,192975,1191,1190,2654,1613,1,0.010735593
Warm A,182717,1140,1139,2654,1613,1,0.008353895
Warm A,159167,1017,1016,2654,1613,1,-0.0027911058
Warm A,318907,1896,1895,2654,1613,1,-0.0044394536
Warm A,130480,846,845,2654,1613,1,-0.0042474833
Warm A,98117,656,655,2654,1613,1,0.0010882216
Warm A,92714,621,620,2654,1613,0,0.0052205496
Warm A,115321,749,748,2654,1613,0,0.0015366625
Warm A,436283,2665,2664,2654,1613,0,-0.004641938
Warm A,80096,533,532,2654,1613,1,-0.0040716473
Warm A,74707,509,508,2654,1613,0,0.0010114526
Warm A,57614,390,389,2654,1613,1,-0.0047195805
Warm A,210758,1285,1284,2654,1613,1,0.0075071673
Warm A,228130,1383,1382,2654,1613,0,0.0058686608
Warm A,43240,296,295,2654,1613,1,0.004722411
Warm A,41202,278,277,2654,1613,1,0.0066693113
Warm A,37268,254,253,2654,1613,1,-0.0039892932
Warm A,36512,245,244,2654,1613,1,0.0036041178
Warm A,29884,202,201,2654,1613,1,0.0032261997
Warm A,481714,2962,2961,2654,1613,0,-0.0051986836
Warm A,16439,130,129,2654,1613,0,0.007633442
Warm A,591851,3610,3609,2654,1613,0,0.010274493
Warm A,490651,3018,3017,2654,1613,1,0.0019735815
Warm A,192673,1186,1185,2654,1613,1,0.0015959673
Warm A,237757,1447,1446,2654,1613,0,-0.0019559143
Warm A,28199,195,194,2654,1613,1,0.0049122996
Warm A,959016,5787,5786,2654,1613,1,-0.0011002067
Warm A,891852,5387,5386,2654,1613,1,0.008165653
Warm A,208677,1274,1273,2654,1613,1,0.0009564799
Warm A,62748,424,423,2654,1613,1,-0.002583872
Warm A,699922,4186,4185,2654,1613,1,0.00038601633
Warm A,821691,4940,4939,2654,1613,1,0.004638911
Warm A,769001,4579,4578,2656,1614,0,0.004014268
Warm A,633085,3824,3823,2656,1614,0,0.006566945
Warm A,697229,4169,4168,2660,1616,1,0.014858872
Warm A,463161,2857,2856,2660,1616,0,0.026314586
Warm A,418069,2526,2525,2660,1616,1,0.0075951843
Warm A,401352,2393,2392,2660,1616,0,0.004600797
Warm A,395348,2335,2334,2660,1616,1,0.010110004
Warm A,414505,2496,2495,2660,1616,1,0.012757946
Warm A,392055,2304,2303,2660,1616,1,0.019437576
Warm A,403613,2411,2410,2660,1616,0,0.021519138
Warm A,383464,2241,2240,2660,1616,1,0.001817086
Warm A,385215,2251,2250,2660,1616,1,0.008725731
Warm A,377563,2204,2203,2660,1616,1,-0.0024727168
Warm A,366366,2132,2131,2660,1616,0,-0.0030844202
Warm A,365348,2126,2125,2660,1616,0,0.012129605
Warm A,356311,2088,2087,2660,1616,1,0.0073534865
Warm A,352926,2067,2066,2660,1616,1,0.0054420903
Warm A,373955,2181,2180,2660,1616,1,0.012088463
Warm A,352634,2064,2063,2660,1616,1,0.006895405
Warm A,345444,2026,2025,2660,1616,1,0.0094507
Warm A,341941,2013,2012,2660,1616,0,0.0013896809
Warm A,343579,2018,2017,2660,1616,1,0.0018253997
Warm A,339390,1999,1998,2660,1616,0,0.02110564
Warm A,311543,1856,1855,2660,1616,1,0.010383362
Warm A,293128,1746,1745,2660,1616,1,0.020383237
Warm A,288412,1723,1722,2660,1616,1,0.020295795
Warm A,315892,1882,1881,2660,1616,1,0.013830275
Warm A,292215,1741,1740,2660,1616,1,0.017375834
Warm A,288229,1722,1721,2660,1616,1,0.0016252201
Warm A,274877,1665,1664,2660,1616,1,0.0022891876
Warm A,276861,1675,1674,2660,1616,1,0.0069782417
Warm A,282004,1692,1691,2660,1616,1,0.01144386
Warm A,276139,1671,1670,2660,1616,1,0.013927213
Warm A,258948,1586,1585,2660,1616,1,0.017728988
Warm A,436291,2665,2664,2660,1616,1,0.021291867
Warm A,203538,1249,1248,2660,1616,1,0.0012598824
Warm A,196125,1206,1205,2660,1616,1,0.017378189
Warm A,192679,1186,1185,2660,1616,1,0.011524167
Warm A,182724,1140,1139,2660,1616,1,0.00806568
Warm A,181567,1135,1134,2660,1616,0,0.005729395
Warm A,178819,1122,1121,2660,1616,1,0.009518402
Warm A,177497,1119,1118,2660,1616,0,0.013599782
Warm A,172611,1094,1093,2660,1616,1,0.005352401
Warm A,147345,949,948,2660,1616,1,0.02494472
Warm A,146884,948,947,2660,1616,1,0.011274014
Warm A,128722,835,834,2660,1616,1,0.00688557
Warm A,90910,602,601,2660,1616,1,0.0034073167
Warm A,210770,1285,1284,2660,1616,1,0.029624242
Warm A,86057,563,562,2660,1616,1,0.00779753
Warm A,82227,546,545,2660,1616,0,0.008091519
Warm A,70715,476,475,2660,1616,1,-0.0006312439
Warm A,62758,424,423,2660,1616,0,0.01146482
Warm A,56788,381,380,2660,1616,0,0.0046829605
Warm A,48850,327,326,2660,1616,1,0.011904353
Warm A,43243,296,295,2660,1616,1,0.0046448847
Warm A,41831,284,283,2660,1616,0,0.008534053
Warm A,36529,245,244,2660,1616,0,0.015471486
Warm A,269827,1635,1634,2660,1616,1,0.011222547
Warm A,22847,165,164,2660,1616,1,0.0048132814
Warm A,481723,2962,2961,2660,1616,0,0.009024791
Warm A,591864,3610,3609,2660,1616,0,0.019015979
Warm A,3967,29,28,2660,1616,0,0.0029067665
Warm A,1781,17,16,2660,1616,1,0.02073139
Warm A,357342,2092,2091,2660,1616,1,-0.0037069158
Warm A,4372,33,32,2660,1616,0,0.009672798
Warm A,713757,4277,4276,2660,1616,1,0.015527073
Warm A,456052,2808,2807,2660,1616,1,0.008321116
Warm A,171459,1088,1087,2660,1616,1,0.021550816
Warm A,290080,1733,1732,2660,1616,1,0.015246822
Warm A,538436,3313,3312,2660,1616,1,0.00863344
Warm A,906651,5484,5483,2660,1616,1,0.019846773
Warm A,473423,2909,2908,2660,1616,0,0.0034701522
Warm A,237766,1447,1446,2660,1616,0,0.007099742
Warm A,293668,1748,1747,2660,1616,1,0.0068375664
Warm A,327866,1941,1940,2660,1616,0,0.0040061977
Warm A,433560,2643,2642,2660,1616,1,0.020818513
Warm A,8818,59,58,2660,1616,0,0.016345363
Warm A,311544,1856,1855,2661,1617,1,0.0060723643
Warm A,297036,1761,1760,2661,1617,0,-0.003181511
Warm A,293129,1746,1745,2661,1617,1,0.01636544
Warm A,287653,1717,1716,2661,1617,0,0.0021239961
Warm A,292216,1741,1740,2661,1617,0,0.013619497
Warm A,276863,1675,1674,2661,1617,1,0.013361149
Warm A,276140,1671,1670,2661,1617,0,0.016442355
Warm A,261361,1598,1597,2661,1617,0,0.008921688
Warm A,197718,1215,1214,2661,1617,0,0.0065852473
Warm A,327867,1941,1940,2661,1617,0,0.0101277195
Warm A,189983,1179,1178,2661,1617,0,0.011760037
Warm A,182725,1140,1139,2661,1617,1,0.003131673
Warm A,181568,1135,1134,2661,1617,1,0.0039657997
Warm A,436293,2665,2664,2661,1617,0,0.01297331
Warm A,128723,835,834,2661,1617,0,0.005059672
Warm A,316704,1884,1883,2661,1617,1,0.0094480915
Warm A,90911,602,601,2661,1617,1,0.005314966
Warm A,86059,563,562,2661,1617,0,0.007634551
Warm A,85409,557,556,2661,1617,1,0.0035235863
Warm A,70716,476,475,2661,1617,1,0.013060576
Warm A,47021,316,315,2661,1617,0,0.011253613
Warm A,43245,296,295,2661,1617,1,-0.002413794
Warm A,41832,284,283,2661,1617,0,0.0060293535
Warm A,36531,245,244,2661,1617,0,0.0040638014
Warm A,22848,165,164,2661,1617,1,0.011527117
Warm A,19464,148,147,2661,1617,0,0.016980952
Warm A,591866,3610,3609,2661,1617,0,0.012147501
Warm A,4373,33,32,2661,1617,1,0.007533272
Warm A,3968,29,28,2661,1617,1,-0.0001819646
Warm A,1782,17,16,2661,1617,1,0.015477851
Warm A,237767,1447,1446,2661,1617,0,0.020494401
Warm A,300271,1780,1779,2661,1617,0,0.014144066
Warm A,633094,3824,3823,2661,1617,0,0.005847439
Warm A,699925,4186,4185,2661,1617,0,0.017415296
Warm A,86065,563,562,2665,1620,0,0.0032385092
Warm A,66502,445,444,2665,1620,0,-0.0010442288
Warm A,43249,296,295,2665,1620,0,0.0052103093
Warm A,697234,4169,4168,2665,1620,0,0.017820764
Warm A,17532,136,135,2665,1620,1,0.008652842
Warm A,14544,117,116,2665,1620,1,-0.001268375
Warm A,49483,329,328,2665,1620,0,-0.003155332
Warm A,19469,148,147,2665,1620,1,0.011405501
Warm A,753465,4489,4488,2665,1620,0,0.004164933
Warm A,967265,5831,5830,2665,1620,0,0.0015081465
Warm A,276143,1671,1670,2665,1620,1,0.010773062
Warm A,412749,2484,2483,2669,1622,1,0.0016909117
Warm A,412520,2483,2482,2669,1622,1,0.00444333
Warm A,402241,2402,2401,2669,1622,0,-0.0063588414
Warm A,400106,2382,2381,2669,1622,1,0.003913685
Warm A,410804,2465,2464,2669,1622,1,0.0005296478
Warm A,412065,2478,2477,2669,1622,1,-0.0079530375
Warm A,398442,2370,2369,2669,1622,1,0.00049768144
Warm A,388087,2271,2270,2669,1622,0,-0.000933178
Warm A,388726,2278,2277,2669,1622,1,0.0009813802
Warm A,377172,2203,2202,2669,1622,1,0.001587996
Warm A,363582,2117,2116,2669,1622,1,0.010784875
Warm A,357975,2095,2094,2669,1622,1,0.002281243
Warm A,356118,2086,2085,2669,1622,0,0.0011616335
Warm A,357350,2092,2091,2669,1622,0,0.0020564618
Warm A,352930,2067,2066,2669,1622,1,0.0029409088
Warm A,336947,1983,1982,2669,1622,1,-0.0023303814
Warm A,333070,1965,1964,2669,1622,1,0.0039278977
Warm A,324901,1925,1924,2669,1622,1,-0.00094462035
Warm A,310599,1851,1850,2669,1622,0,-0.008546751
Warm A,275466,1667,1666,2669,1622,1,-0.0011498693
Warm A,293674,1748,1747,2669,1622,1,-0.0015075855
Warm A,257190,1577,1576,2669,1622,0,-0.00675382
Warm A,254068,1545,1544,2669,1622,0,-0.002883842
Warm A,252927,1533,1532,2669,1622,1,-0.0017666129
Warm A,242709,1465,1464,2669,1622,1,0.004251058
Warm A,211581,1286,1285,2669,1622,1,0.002227368
Warm A,204904,1261,1260,2669,1622,1,-0.0010345345
Warm A,178824,1122,1121,2669,1622,1,-0.010447884
Warm A,146892,948,947,2669,1622,1,0.012067647
Warm A,140488,902,901,2669,1622,1,0.0004989223
Warm A,126010,812,811,2669,1622,1,-0.0011951468
Warm A,198148,1218,1217,2669,1622,0,-0.003833645
Warm A,349244,2050,2049,2669,1622,0,0.0034348767
Warm A,107068,704,703,2669,1622,1,0.0035033235
Warm A,75857,516,515,2669,1622,1,0.0071067824
Warm A,75323,511,510,2669,1622,0,0.001459132
Warm A,68174,457,456,2669,1622,0,-0.004872955
Warm A,68633,461,460,2669,1622,1,-0.004355075
Warm A,55298,366,365,2669,1622,1,0.0051469123
Warm A,42279,287,286,2669,1622,0,-0.006583443
Warm A,591873,3610,3609,2669,1622,0,0.0015154779
Warm A,5610,40,39,2669,1622,0,0.0047433414
Warm A,19473,148,147,2669,1622,1,0.00026437372
Warm A,541489,3332,3331,2669,1622,0,-0.0073892875
Warm A,136425,881,880,2669,1622,0,-0.005035686
Warm A,722857,4328,4327,2669,1622,1,0.010381289
Warm A,587802,3589,3588,2669,1622,0,0.0013292806
Warm A,697256,4169,4168,2682,1628,1,0.0049949577
Warm A,284041,1698,1697,2682,1628,1,-0.003030328
Warm A,89988,593,592,2682,1628,1,-0.0019802407
Warm A,89559,590,589,2682,1628,0,0.009031322
Warm A,77379,524,523,2682,1628,1,-0.010464676
Warm A,69926,472,471,2682,1628,1,-0.006331817
Warm A,69298,464,463,2682,1628,1,0.0057243444
Warm A,155299,1001,1000,2682,1628,1,-0.0066846553
Warm A,47579,319,318,2682,1628,1,-0.0022608975
Warm A,42828,293,292,2682,1628,1,-0.006292535
Warm A,38344,261,260,2682,1628,1,-0.0006200201
Warm A,33561,225,224,2682,1628,1,-0.004931478
Warm A,22035,161,160,2682,1628,0,0.005809317
Warm A,451732,2781,2780,2682,1628,1,-0.0026130849
Warm A,290103,1733,1732,2682,1628,1,-0.0019808745
Warm A,4900,35,34,2682,1628,1,0.0050548757
Warm A,206778,1266,1265,2682,1628,1,-0.0019669484
Warm A,187579,1164,1163,2682,1628,1,0.0055316016
Warm A,58125,392,391,2682,1628,1,0.00281472
Warm A,181944,1137,1136,2682,1628,1,0.0050668917
Warm A,249816,1505,1504,2682,1628,1,0.008726901
Warm A,204510,1260,1259,2682,1628,1,0.0016096882
Warm A,242093,1458,1457,2682,1628,0,0.0046626427
Warm A,50231,331,330,2682,1628,1,0.0004359522
Warm A,285244,1701,1700,2682,1628,1,0.0027586173
Warm A,293685,1748,1747,2682,1628,1,0.0017918725
Warm A,460625,2841,2840,2682,1628,1,0.008114139
Warm A,241107,1451,1450,2682,1628,1,0.0013252959
Warm A,263211,1605,1604,2696,1637,1,-0.0051675295
Warm A,112408,731,730,2696,1637,0,-0.00093775406
Warm A,101659,677,676,2696,1637,1,0.00020536338
Warm A,85037,553,552,2696,1637,1,-0.0035041978
Warm A,61846,415,414,2696,1637,1,-0.0014088764
Warm A,626689,3792,3791,2696,1637,0,0.007581422
Warm A,605185,3679,3678,2696,1637,0,0.008034863
Warm A,228180,1383,1382,2696,1637,1,0.0006744743
Warm A,839027,5044,5043,2696,1637,1,-0.0061429255
Warm A,31557,214,213,2696,1637,1,-0.001588782
Warm A,16726,131,130,2696,1637,1,-0.007944314
Warm A,571580,3505,3504,2696,1637,1,-0.0029699823
Warm A,933839,5636,5635,2696,1637,0,0.004720126
Warm A,902991,5458,5457,2696,1637,1,-6.355299e-05
Warm A,803315,4809,4808,2696,1637,1,-4.7782436e-05
Warm A,475458,2918,2917,2696,1637,1,-0.003944896
Warm A,246844,1491,1490,2696,1637,0,0.00055862416
Warm A,20115,149,148,2696,1637,1,-0.0057755047
Warm A,171514,1088,1087,2696,1637,1,0.00436636
Warm A,986775,5956,5955,2696,1637,1,-0.009026268
Warm A,497177,3054,3053,2696,1637,0,0.0012352599
Warm A,165300,1053,1052,2714,1648,0,0.009169254
Warm A,714078,4277,4276,2714,1648,1,0.0030972506
Warm A,135190,875,874,2714,1648,1,0.007745061
Warm A,182140,1137,1136,2714,1648,0,0.0027653412
Warm A,119819,773,772,2714,1648,1,0.006943156
Warm A,103085,684,683,2714,1648,1,0.002030876
Warm A,174691,1105,1104,2714,1648,1,0.009937292
Warm A,191251,1181,1180,2714,1648,0,0.014844467
Warm A,119410,770,769,2714,1648,1,0.01372361
Warm A,74277,506,505,2714,1648,0,0.0035370712
Warm A,64328,429,428,2714,1648,0,0.011302488
Warm A,53757,352,351,2714,1648,0,0.009417987
Warm A,43095,295,294,2714,1648,0,-4.98594e-05
Warm A,40409,272,271,2714,1648,0,0.0073479693
Warm A,29848,202,201,2714,1648,1,0.005970291
Warm A,78588,528,527,2714,1648,0,0.0053889207
Warm A,286835,1712,1711,2714,1648,0,0.0063549373
Warm A,285422,1701,1700,2714,1648,1,0.008949846
Warm A,11998,92,91,2714,1648,0,0.0131134195
Warm A,405358,2427,2426,2714,1648,1,0.0036029126
Warm A,336178,1980,1979,2714,1648,0,0.0029962778
Warm A,475597,2918,2917,2714,1648,1,0.009513164
Warm A,187086,1160,1159,2714,1648,1,0.005982305
Warm A,473931,2909,2908,2714,1648,0,0.00029927702
Warm A,527091,3260,3259,2714,1648,0,0.010111336
Warm A,178283,1120,1119,2714,1648,1,0.0045008957
Warm A,13153,102,101,2714,1648,0,0.0030258873
Warm A,138643,889,888,2721,1654,0,0.0015236198
Warm A,133058,858,857,2721,1654,1,0.004931161
Warm A,102488,678,677,2721,1654,1,0.0016588042
Warm A,63967,426,425,2721,1654,0,0.006101286
Warm A,155476,1001,1000,2721,1654,0,0.01134284
Warm A,49446,329,328,2721,1654,0,-0.0011286594
Warm A,312984,1865,1864,2721,1654,0,-0.0007619597
Warm A,33510,225,224,2721,1654,0,-0.0027437538
Warm A,27571,193,192,2721,1654,1,0.010004794
Warm A,15996,126,125,2721,1654,1,0.002090552
Warm A,338,5,4,2721,1654,0,0.0045825234
Warm A,235158,1425,1424,2721,1654,1,0.014832636
Warm A,986825,5956,5955,2721,1654,0,-0.00083924225
Warm A,365852,2129,2128,2721,1654,0,-0.0013399881
Warm A,490363,3017,3016,2721,1654,1,-0.00088558556
Warm A,497350,3054,3053,2721,1654,0,0.013937551
Warm A,20014,149,148,2721,1654,0,0.007187444
Warm A,454680,2796,2795,2721,1654,1,0.003786306
Warm A,331005,1954,1953,2721,1654,0,0.008553354
Warm A,538091,3312,3311,2721,1654,0,0.0086210035
Warm A,174288,1101,1100,2721,1654,1,0.0069396645
Warm A,384759,2247,2246,2721,1654,0,0.00047918945
Warm A,883475,5333,5332,2721,1654,1,0.00033085607
Warm A,116476,752,751,2721,1654,0,0.008867677
Warm A,841561,5054,5053,2721,1654,0,-0.003200219
Warm A,127360,822,821,2725,1658,1,0.0033130762
Warm A,107366,706,705,2725,1658,1,0.013711115
Warm A,100957,673,672,2725,1658,1,0.0030563613
Warm A,99757,666,665,2725,1658,1,0.00554806
Warm A,77757,524,523,2725,1658,0,0.021734253
Warm A,155479,1001,1000,2725,1658,1,0.004288439
Warm A,47516,319,318,2725,1658,1,0.014343865
Warm A,45007,303,302,2725,1658,1,0.013249446
Warm A,41458,281,280,2725,1658,0,0.0097722635
Warm A,35291,238,237,2725,1658,1,0.0017005517
Warm A,26443,187,186,2725,1658,1,0.005742925
Warm A,9952,69,68,2725,1658,0,0.0064952695
Warm A,8501,58,57,2725,1658,1,0.008379519
Warm A,7757,53,52,2725,1658,0,0.0076513803
Warm A,341,5,4,2725,1658,0,0.010862342
Warm A,485232,2986,2985,2725,1658,1,0.019196507
Warm A,158504,1015,1014,2725,1658,0,0.0049747266
Warm A,24919,175,174,2725,1658,0,0.0121905925
Warm A,336213,1980,1979,2725,1658,1,0.01563041
Warm A,750702,4478,4477,2725,1658,1,0.012333937
Warm A,460809,2841,2840,2725,1658,1,0.016556324
Warm A,483285,2969,2968,2725,1658,1,0.013367046
Warm A,102495,678,677,2725,1658,0,0.022930523
Warm A,235162,1425,1424,2725,1658,1,0.018834207
Warm A,796377,4771,4770,2725,1658,1,0.013236563
Warm A,200125,1228,1227,2725,1658,1,-0.0003907889
Warm A,24376,173,172,2725,1658,1,0.0020084442
Warm A,290441,1733,1732,2725,1658,1,0.017468318
Warm A,1000169,6040,6039,2725,1658,1,0.0030892477
Warm A,771906,4600,4599,2725,1658,1,0.01047803
Warm A,187764,1164,1163,2725,1658,1,0.010388114
Warm A,116483,752,751,2725,1658,0,0.0137259895
Warm A,880692,5319,5318,2725,1658,1,0.018527659
Warm A,825811,4958,4957,2725,1658,0,0.01694481
Warm A,937424,5654,5653,2725,1658,1,0.00802444
Warm A,852948,5113,5112,2726,1659,0,0.0094323065
Warm A,459207,2826,2825,2726,1659,1,0.0049085096
Warm A,458159,2820,2819,2726,1659,1,0.008458013
Warm A,456718,2811,2810,2726,1659,1,0.00903404
Warm A,441379,2703,2702,2726,1659,1,0.001209938
Warm A,438660,2680,2679,2726,1659,1,0.02556607
Warm A,431153,2627,2626,2726,1659,1,0.007700584
Warm A,416812,2507,2506,2726,1659,1,0.015721522
Warm A,411111,2466,2465,2726,1659,1,0.0064549064
Warm A,398658,2373,2372,2726,1659,1,-0.0011925049
Warm A,390128,2288,2287,2726,1659,1,0.008695848
Warm A,385376,2251,2250,2726,1659,1,0.009195771
Warm A,374311,2181,2180,2726,1659,1,0.014104612
Warm A,355510,2080,2079,2726,1659,1,0.0024250832
Warm A,346318,2030,2029,2726,1659,1,0.01343663
Warm A,329507,1943,1942,2726,1659,1,0.011616414
Warm A,325029,1925,1924,2726,1659,1,0.00827359
Warm A,301550,1791,1790,2726,1659,0,0.005013084
Warm A,286003,1706,1705,2726,1659,1,0.0025992137
Warm A,273768,1650,1649,2726,1659,1,0.0074892687
Warm A,256555,1567,1566,2726,1659,1,0.0033294722
Warm A,303325,1802,1801,2726,1659,1,-0.0016427634
Warm A,294430,1749,1748,2726,1659,0,0.012224879
Warm A,284405,1698,1697,2726,1659,1,0.006411858
Warm A,208902,1274,1273,2726,1659,1,0.0045258934
Warm A,197953,1216,1215,2726,1659,0,-0.0011745119
Warm A,193010,1191,1190,2726,1659,1,0.0021544672
Warm A,207367,1267,1266,2726,1659,1,0.0057886476
Warm A,173361,1099,1098,2726,1659,1,0.0138957035
Warm A,191285,1181,1180,2726,1659,0,0.024772324
Warm A,165314,1053,1052,2726,1659,1,0.008901235
Warm A,211212,1285,1284,2726,1659,1,0.017316066
Warm A,181314,1133,1132,2726,1659,0,0.0161147
Warm A,169636,1077,1076,2726,1659,1,0.019092605
Warm A,160299,1019,1018,2726,1659,1,0.006722533
Warm A,213038,1297,1296,2726,1659,1,0.012223346
Warm A,147060,948,947,2726,1659,1,0.0057474216
Warm A,185609,1150,1149,2726,1659,1,0.015903305
Warm A,141073,909,908,2726,1659,1,0.009226729
Warm A,143064,922,921,2726,1659,1,0.01646299
Warm A,138652,889,888,2726,1659,1,0.018191276
Warm A,128856,837,836,2726,1659,0,0.008682467
Warm A,128353,830,829,2726,1659,1,0.0034046338
Warm A,298177,1767,1766,2726,1659,1,0.005583936
Warm A,240377,1449,1448,2726,1659,1,0.014883175
Warm A,316966,1884,1883,2726,1659,1,0.016141547
Warm A,77759,524,523,2726,1659,0,0.0232747
Warm A,69534,466,465,2726,1659,1,0.0074945753
Warm A,501416,3080,3079,2726,1659,1,0.014063525
Warm A,74068,504,503,2726,1659,1,0.00189621
Warm A,45571,307,306,2726,1659,1,0.0040056286
Warm A,45117,304,303,2726,1659,0,-0.006556548
Warm A,221540,1340,1339,2726,1659,1,0.025123172
Warm A,133664,864,863,2726,1659,1,-0.00090528163
Warm A,592120,3610,3609,2726,1659,0,0.0071198805
Warm A,2912,23,22,2726,1659,1,0.0075284224
Warm A,739591,4418,4417,2726,1659,1,0.014890123
Warm A,63233,424,423,2726,1659,1,0.009866791
Warm A,24377,173,172,2726,1659,1,0.0020939035
Warm A,238153,1447,1446,2726,1659,1,0.018752115
Warm A,284910,1699,1698,2726,1659,1,0.0040101022
Warm A,437496,2670,2669,2726,1659,1,0.0043277657
Warm A,290443,1733,1732,2726,1659,1,0.014199553
Warm A,883477,5333,5332,2726,1659,0,0.010823778
Warm A,894112,5397,5396,2726,1659,1,0.007103244
Warm A,271837,1643,1642,2726,1659,1,0.0057032905
Warm A,105687,698,697,2726,1659,1,0.0052353963
Warm A,322593,1912,1911,2726,1659,1,0.008341791
Warm A,171933,1088,1087,2726,1659,0,0.016729154
Warm A,176124,1113,1112,2726,1659,1,0.015004769
Warm A,518865,3201,3200,2730,1662,1,0.0039840583
Warm A,516014,3184,3183,2730,1662,0,-0.007251569
Warm A,510316,3143,3142,2730,1662,0,0.0034987712
Warm A,558638,3430,3429,2730,1662,0,-0.00022074743
Warm A,505274,3108,3107,2730,1662,0,-0.00041528232
Warm A,546173,3367,3366,2730,1662,1,0.0058195777
Warm A,496932,3053,3052,2730,1662,1,0.0063322233
Warm A,482846,2967,2966,2730,1662,1,0.0014049711
Warm A,480566,2948,2947,2730,1662,0,-0.006271248
Warm A,476870,2928,2927,2730,1662,1,0.00073588174
Warm A,697684,4169,4168,2730,1662,1,0.0027151743
Warm A,852958,5113,5112,2730,1662,1,0.005489661
Warm A,469620,2893,2892,2730,1662,0,0.00035236217
Warm A,462697,2854,2853,2730,1662,1,-0.0036447211
Warm A,458180,2820,2819,2730,1662,0,0.011772391
Warm A,455568,2805,2804,2730,1662,0,0.0028814345
Warm A,442100,2719,2718,2730,1662,1,0.0011664219
Warm A,564657,3471,3470,2730,1662,0,0.0029521957
Warm A,438008,2676,2675,2730,1662,1,0.0030946452
Warm A,433741,2643,2642,2730,1662,1,0.00317285
Warm A,421162,2544,2543,2730,1662,0,0.016901227
Warm A,419206,2532,2531,2730,1662,1,-0.003633263
Warm A,416827,2507,2506,2730,1662,1,0.007547862
Warm A,414724,2496,2495,2730,1662,0,0.0049340366
Warm A,413454,2486,2485,2730,1662,0,-0.0057434076
Warm A,396696,2348,2347,2730,1662,0,0.0114272265
Warm A,392447,2304,2303,2730,1662,1,-0.002925611
Warm A,390141,2288,2287,2730,1662,1,0.008924894
Warm A,389069,2279,2278,2730,1662,0,-0.003964997
Warm A,381739,2231,2230,2730,1662,1,0.004629166
Warm A,377943,2205,2204,2730,1662,0,0.004097675
Warm A,372116,2173,2172,2730,1662,1,0.008147729
Warm A,357639,2092,2091,2730,1662,0,0.007900906
Warm A,323249,1916,1915,2730,1662,0,-0.0037299818
Warm A,306492,1826,1825,2730,1662,0,0.006053989
Warm A,302700,1797,1796,2730,1662,1,0.009872659
Warm A,293431,1747,1746,2730,1662,0,0.0002671075
Warm A,279732,1680,1679,2730,1662,0,-0.0021146787
Warm A,280950,1685,1684,2730,1662,1,-0.0063860617
Warm A,269197,1632,1631,2730,1662,0,0.0039295703
Warm A,346329,2030,2029,2730,1662,1,0.0053010415
Warm A,350783,2059,2058,2730,1662,0,0.0048524193
Warm A,236958,1440,1439,2730,1662,1,-8.4557105e-06
Warm A,312445,1861,1860,2730,1662,0,-0.0006479897
Warm A,325543,1926,1925,2730,1662,1,-0.008871857
Warm A,262330,1600,1599,2730,1662,1,0.009169408
Warm A,221554,1340,1339,2730,1662,0,0.006116283
Warm A,218089,1322,1321,2730,1662,0,-0.0025852858
Warm A,220443,1335,1334,2730,1662,0,0.006956164
Warm A,207370,1267,1266,2730,1662,1,0.0050549586
Warm A,188658,1170,1169,2730,1662,1,0.0110508
Warm A,186415,1152,1151,2730,1662,1,0.00485749
Warm A,182870,1140,1139,2730,1662,0,0.0044875564
Warm A,180415,1128,1127,2730,1662,1,-0.00082350185
Warm A,308854,1837,1836,2730,1662,1,0.0040272684
Warm A,191306,1181,1180,2730,1662,0,-0.0024613014
Warm A,160316,1019,1018,2730,1662,0,0.0030491252
Warm A,320257,1899,1898,2730,1662,1,-0.0059581785
Warm A,152037,977,976,2730,1662,1,0.0028281494
Warm A,149281,960,959,2730,1662,1,0.0078178905
Warm A,147066,948,947,2730,1662,1,-0.00037143985
Warm A,412159,2478,2477,2730,1662,1,0.003464648
Warm A,185634,1150,1149,2730,1662,0,0.0022009932
Warm A,169295,1074,1073,2730,1662,1,-0.002511093
Warm A,143073,922,921,2730,1662,1,-0.0009854368
Warm A,714106,4277,4276,2730,1662,0,0.007654141
Warm A,138676,889,888,2730,1662,1,-0.00048315688
Warm A,318983,1896,1895,2730,1662,1,0.010051038
Warm A,131301,850,849,2730,1662,1,-0.0007415308
Warm A,315484,1880,1879,2730,1662,0,0.012914485
Warm A,240398,1449,1448,2730,1662,0,0.0031224727
Warm A,106880,702,701,2730,1662,1,-4.003197e-05
Warm A,100964,673,672,2730,1662,1,0.0070106597
Warm A,284420,1698,1697,2730,1662,1,-0.0018193248
Warm A,153236,984,983,2730,1662,0,0.009899845
Warm A,394273,2323,2322,2730,1662,0,0.0027045417
Warm A,169644,1077,1076,2730,1662,1,0.007430584
Warm A,85647,558,557,2730,1662,0,0.003102804
Warm A,75033,509,508,2730,1662,0,0.00731502
Warm A,71595,481,480,2730,1662,0,-0.0035763343
Warm A,211230,1285,1284,2730,1662,1,-0.0014695318
Warm A,58090,392,391,2730,1662,0,-0.0005543921
Warm A,197431,1211,1210,2730,1662,1,0.00669113
Warm A,34135,230,229,2730,1662,1,0.00016479287
Warm A,32121,216,215,2730,1662,0,-0.0016705629
Warm A,133665,864,863,2730,1662,1,-0.003826788
Warm A,22016,161,160,2730,1662,0,-0.008542745
Warm A,60761,411,410,2730,1662,0,-0.0033140895
Warm A,355101,2077,2076,2730,1662,0,-0.00047934777
Warm A,552557,3401,3400,2730,1662,0,0.008263528
Warm A,203700,1252,1251,2730,1662,1,-0.0021456948
Warm A,158528,1015,1014,2730,1662,0,-0.0002434589
Warm A,680747,4079,4078,2730,1662,1,-6.177556e-05
Warm A,372688,2176,2175,2730,1662,1,0.0065083867
Warm A,823588,4950,4949,2730,1662,0,0.006525398
Warm A,20035,149,148,2730,1662,1,0.010178544
Warm A,860376,5172,5171,2730,1662,0,-0.0036395977
Warm A,271840,1643,1642,2730,1662,1,0.00038395636
Warm A,563186,3464,3463,2730,1662,1,0.0037541369
Warm A,195675,1203,1202,2730,1662,1,-0.009488698
Warm A,267301,1624,1623,2730,1662,0,0.0028330535
Warm A,447698,2760,2759,2730,1662,1,-0.0021230108
Warm A,841568,5054,5053,2730,1662,1,-0.0014044787
Warm A,171951,1088,1087,2730,1662,1,-0.0027502845
Warm A,322609,1912,1911,2730,1662,0,0.0021974049
Warm A,319510,1897,1896,2730,1662,1,0.0073811905
Warm A,739593,4418,4417,2730,1662,1,0.00891779
Warm A,276389,1671,1670,2730,1662,1,-0.0030690534
Warm A,562730,3462,3461,2730,1662,0,-0.0029129332
Warm A,667630,4016,4015,2731,1663,0,0.013854082
Warm A,686064,4103,4102,2731,1663,1,0.01960286
Warm A,695416,4167,4166,2731,1663,1,0.019878674
Warm A,634137,3825,3824,2731,1663,1,0.0038945642
Warm A,631755,3821,3820,2731,1663,1,0.012273831
Warm A,646082,3888,3887,2731,1663,1,0.0126269115
Warm A,613969,3718,3717,2731,1663,1,0.0139850695
Warm A,606672,3683,3682,2731,1663,1,0.013730703
Warm A,580617,3546,3545,2731,1663,1,0.017333534
Warm A,594191,3618,3617,2731,1663,0,0.007060578
Warm A,565224,3474,3473,2731,1663,1,0.010857803
Warm A,904444,5468,5467,2731,1663,1,-0.0013164585
Warm A,551310,3394,3393,2731,1663,1,0.017835388
Warm A,546935,3371,3370,2731,1663,1,0.012297931
Warm A,548052,3380,3379,2731,1663,1,0.00804294
Warm A,553010,3402,3401,2731,1663,1,0.010949781
Warm A,542987,3341,3340,2731,1663,1,0.0048398064
Warm A,535118,3301,3300,2731,1663,1,0.009831158
Warm A,533541,3292,3291,2731,1663,1,0.0118298065
Warm A,523238,3226,3225,2731,1663,0,-0.0039333757
Warm A,520904,3214,3213,2731,1663,1,0.004609554
Warm A,522834,3224,3223,2731,1663,1,0.0038489008
Warm A,513953,3171,3170,2731,1663,1,0.007491677
Warm A,505676,3110,3109,2731,1663,1,0.00783255
Warm A,769110,4579,4578,2731,1663,1,0.004740122
Warm A,500749,3075,3074,2731,1663,1,0.013922822
Warm A,546174,3367,3366,2731,1663,1,0.013734113
Warm A,497361,3054,3053,2731,1663,1,0.0061462773
Warm A,485249,2986,2985,2731,1663,1,0.016398182
Warm A,483854,2975,2974,2731,1663,1,0.013284344
Warm A,480870,2952,2951,2731,1663,1,0.009059138
Warm A,479520,2942,2941,2731,1663,1,0.006233272
Warm A,697685,4169,4168,2731,1663,1,0.019404668
Warm A,852959,5113,5112,2731,1663,0,0.022023344
Warm A,459768,2834,2833,2731,1663,1,0.0036001885
Warm A,458181,2820,2819,2731,1663,1,0.012910985
Warm A,456721,2811,2810,2731,1663,1,0.0042278757
Warm A,455913,2807,2806,2731,1663,1,0.017835215
Warm A,454910,2798,2797,2731,1663,0,0.0052325483
Warm A,453166,2791,2790,2731,1663,1,0.001805637
Warm A,448528,2764,2763,2731,1663,1,0.011864763
Warm A,438009,2676,2675,2731,1663,1,0.013214681
Warm A,421163,2544,2543,2731,1663,0,0.0111294305
Warm A,398313,2368,2367,2731,1663,1,0.010460702
Warm A,392797,2306,2305,2731,1663,1,0.0017327251
Warm A,381740,2231,2230,2731,1663,0,0.007102209
Warm A,343730,2018,2017,2731,1663,1,0.0090825595
Warm A,344237,2020,2019,2731,1663,0,0.012650882
Warm A,323250,1916,1915,2731,1663,1,0.008945526
Warm A,320258,1899,1898,2731,1663,1,0.008419564
Warm A,302701,1797,1796,2731,1663,1,0.009310525
Warm A,302527,1796,1795,2731,1663,1,0.0025845016
Warm A,301553,1791,1790,2731,1663,1,0.0071055572
Warm A,293432,1747,1746,2731,1663,1,0.010802389
Warm A,326604,1936,1935,2731,1663,1,0.009049982
Warm A,286477,1711,1710,2731,1663,1,7.244013e-05
Warm A,287829,1717,1716,2731,1663,1,0.0055410955
Warm A,282744,1694,1693,2731,1663,1,0.014364533
Warm A,282354,1693,1692,2731,1663,1,0.01036551
Warm A,292492,1741,1740,2731,1663,1,0.008197838
Warm A,271058,1639,1638,2731,1663,1,0.0006164126
Warm A,264225,1607,1606,2731,1663,0,0.020184271
Warm A,256675,1569,1568,2731,1663,1,0.0053833616
Warm A,256558,1567,1566,2731,1663,1,0.019193899
Warm A,294437,1749,1748,2731,1663,1,0.00889487
Warm A,228974,1387,1386,2731,1663,1,0.015495178
Warm A,325544,1926,1925,2731,1663,1,0.020601794
Warm A,211819,1288,1287,2731,1663,0,0.016387084
Warm A,208383,1273,1272,2731,1663,1,0.0062671853
Warm A,207569,1268,1267,2731,1663,1,0.0018991916
Warm A,207371,1267,1266,2731,1663,1,0.012672978
Warm A,199588,1224,1223,2731,1663,1,0.013948155
Warm A,188659,1170,1169,2731,1663,1,0.017753428
Warm A,184445,1147,1146,2731,1663,0,0.0006067364
Warm A,181015,1131,1130,2731,1663,1,0.009854933
Warm A,169645,1077,1076,2731,1663,1,0.0048729097
Warm A,160317,1019,1018,2731,1663,1,0.015457809
Warm A,191307,1181,1180,2731,1663,0,0.012345814
Warm A,158529,1015,1014,2731,1663,1,0.014246973
Warm A,149040,958,957,2731,1663,1,0.0068861353
Warm A,222149,1343,1342,2731,1663,1,0.008618442
Warm A,135058,873,872,2731,1663,1,0.0055099973
Warm A,201730,1242,1241,2731,1663,1,0.010152291
Warm A,197432,1211,1210,2731,1663,1,0.00873606
Warm A,635953,3833,3832,2731,1663,0,0.008833849
Warm A,240399,1449,1448,2731,1663,1,0.019833717
Warm A,108542,711,710,2731,1663,1,0.0028650458
Warm A,100474,670,669,2731,1663,1,0.004869908
Warm A,99761,666,665,2731,1663,1,0.022234835
Warm A,95965,644,643,2731,1663,1,0.009497999
Warm A,77779,524,523,2731,1663,1,0.024348192
Warm A,69537,466,465,2731,1663,1,0.015398042
Warm A,501426,3080,3079,2731,1663,1,0.008471117
Warm A,440190,2691,2690,2731,1663,1,0.01579016
Warm A,48846,327,326,2731,1663,1,0.007877048
Warm A,67073,451,450,2731,1663,1,0.0036532204
Warm A,44568,302,301,2731,1663,1,0.01858413
Warm A,177146,1117,1116,2731,1663,0,0.012220141
Warm A,39786,270,269,2731,1663,1,0.0064822747
Warm A,208915,1274,1273,2731,1663,1,0.018803548
Warm A,417618,2520,2519,2731,1663,1,0.004955012
Warm A,748057,4465,4464,2731,1663,1,0.0049093175
Warm A,431163,2627,2626,2731,1663,0,0.0138752805
Warm A,133666,864,863,2731,1663,1,0.0069789863
Warm A,23138,166,165,2731,1663,1,0.013820825
Warm A,796381,4771,4770,2731,1663,1,0.010577582
Warm A,61819,415,414,2731,1663,1,0.009549603
Warm A,592132,3610,3609,2731,1663,0,0.016410895
Warm A,4866,35,34,2731,1663,1,0.0056308494
Warm A,1472,14,13,2731,1663,1,0.006309331
Warm A,76420,518,517,2731,1663,1,0.017851608
Warm A,739594,4418,4417,2731,1663,1,0.011269509
Warm A,284913,1699,1698,2731,1663,1,0.012024355
Warm A,508307,3128,3127,2731,1663,1,0.014938617
Warm A,607770,3688,3687,2731,1663,1,0.00698472
Warm A,24390,173,172,2731,1663,1,0.008285854
Warm A,67540,453,452,2731,1663,1,0.016473286
Warm A,916214,5536,5535,2731,1663,0,0.009016887
Warm A,372689,2176,2175,2731,1663,1,0.013461551
Warm A,841569,5054,5053,2731,1663,0,0.013790538
Warm A,257859,1579,1578,2731,1663,1,0.016633794
Warm A,308855,1837,1836,2731,1663,1,0.025490385
Warm A,233712,1421,1420,2731,1663,1,0.008760268
Warm A,176129,1113,1112,2731,1663,1,0.008538097
Warm A,322610,1912,1911,2731,1663,0,0.012873478
Warm A,223105,1352,1351,2731,1663,1,0.0126495
Warm A,8817,59,58,2731,1663,0,0.0102826655
Warm A,646226,3889,3888,2732,1664,1,0.00879947
Warm A,631756,3821,3820,2732,1664,1,0.0022250488
Warm A,613970,3718,3717,2732,1664,1,0.0013716025
Warm A,589191,3592,3591,2732,1664,1,-0.004647824
Warm A,580618,3546,3545,2732,1664,1,0.006885728
Warm A,594193,3618,3617,2732,1664,0,0.009590987
Warm A,553011,3402,3401,2732,1664,1,0.0003111245
Warm A,549522,3390,3389,2732,1664,1,0.0040404554
Warm A,548053,3380,3379,2732,1664,1,0.0066515487
Warm A,550454,3391,3390,2732,1664,1,0.007036577
Warm A,543482,3346,3345,2732,1664,1,-0.00025631534
Warm A,541257,3329,3328,2732,1664,1,0.006741423
Warm A,533542,3292,3291,2732,1664,1,0.0047407895
Warm A,523239,3226,3225,2732,1664,0,-0.00049919414
Warm A,522835,3224,3223,2732,1664,1,-0.0028634686
Warm A,513954,3171,3170,2732,1664,1,-0.0051523717
Warm A,506845,3118,3117,2732,1664,0,0.0063947625
Warm A,505275,3108,3107,2732,1664,1,0.009493923
Warm A,769111,4579,4578,2732,1664,1,0.0017737813
Warm A,546175,3367,3366,2732,1664,1,-0.0018579937
Warm A,738523,4411,4410,2732,1664,1,0.00871405
Warm A,491221,3020,3019,2732,1664,1,-0.001690268
Warm A,479521,2942,2941,2732,1664,1,0.0029602463
Warm A,697686,4169,4168,2732,1664,1,0.009609567
Warm A,458182,2820,2819,2732,1664,0,-0.0046892706
Warm A,456722,2811,2810,2732,1664,1,-0.0066674207
Warm A,452873,2788,2787,2732,1664,1,-0.0005918825
Warm A,453167,2791,2790,2732,1664,1,0.0029839282
Warm A,443367,2733,2732,2732,1664,1,-7.143e-05
Warm A,438010,2676,2675,2732,1664,1,0.0061413255
Warm A,413455,2486,2485,2732,1664,1,-0.0012596224
Warm A,411878,2476,2475,2732,1664,1,0.0007911767
Warm A,398314,2368,2367,2732,1664,1,0.003204589
Warm A,381742,2231,2230,2732,1664,1,-0.00020999857
Warm A,361847,2109,2108,2732,1664,1,0.008218616
Warm A,347476,2038,2037,2732,1664,1,0.008594431
Warm A,323251,1916,1915,2732,1664,1,-0.0049298974
Warm A,320259,1899,1898,2732,1664,1,0.005035048
Warm A,302702,1797,1796,2732,1664,1,0.009127188
Warm A,292493,1741,1740,2732,1664,1,-0.002447244
Warm A,266888,1619,1618,2732,1664,1,0.012953096
Warm A,256677,1569,1568,2732,1664,1,0.009932573
Warm A,294439,1749,1748,2732,1664,1,-0.0069949115
Warm A,227854,1382,1381,2732,1664,1,0.008212417
Warm A,325545,1926,1925,2732,1664,1,0.0023707545
Warm A,218090,1322,1321,2732,1664,1,0.0023839204
Warm A,212135,1291,1290,2732,1664,1,0.008732865
Warm A,208916,1274,1273,2732,1664,0,0.0046348427
Warm A,208384,1273,1272,2732,1664,1,0.0050763646
Warm A,271060,1639,1638,2732,1664,1,0.0024086982
Warm A,184446,1147,1146,2732,1664,0,0.00046428805
Warm A,180416,1128,1127,2732,1664,1,0.0034012306
Warm A,163114,1041,1040,2732,1664,1,-0.005512174
Warm A,160318,1019,1018,2732,1664,0,0.008872447
Warm A,191308,1181,1180,2732,1664,0,0.0019663856
Warm A,158530,1015,1014,2732,1664,0,0.0086991945
Warm A,217253,1317,1316,2732,1664,1,0.0035307328
Warm A,140442,900,899,2732,1664,1,-0.005802626
Warm A,138678,889,888,2732,1664,0,0.0014661365
Warm A,201731,1242,1241,2732,1664,1,0.008323909
Warm A,127916,825,824,2732,1664,0,-0.008046562
Warm A,116496,752,751,2732,1664,0,0.012407932
Warm A,100966,673,672,2732,1664,1,-0.0022712674
Warm A,284421,1698,1697,2732,1664,1,0.009262224
Warm A,89357,588,587,2732,1664,1,0.010278794
Warm A,77780,524,523,2732,1664,1,0.005681198
Warm A,48847,327,326,2732,1664,1,0.0045301444
Warm A,46650,313,312,2732,1664,1,-0.001105773
Warm A,177147,1117,1116,2732,1664,1,0.008969419
Warm A,35300,238,237,2732,1664,0,-0.006708417
Warm A,34742,235,234,2732,1664,1,-0.0074548433
Warm A,133667,864,863,2732,1664,0,0.008871433
Warm A,4868,35,34,2732,1664,1,-0.00018096186
Warm A,739595,4418,4417,2732,1664,1,0.0039689243
Warm A,421164,2544,2543,2732,1664,1,-0.0014297307
Warm A,316977,1884,1883,2732,1664,1,0.003865092
Warm A,106263,699,698,2732,1664,0,0.0007552855
Warm A,616699,3732,3731,2732,1664,0,0.010872634
Warm A,607771,3688,3687,2732,1664,1,0.003914135
Warm A,24392,173,172,2732,1664,1,7.6727476e-05
Warm A,924189,5580,5579,2732,1664,1,0.013580717
Warm A,319511,1897,1896,2732,1664,1,0.002991351
Warm A,322611,1912,1911,2732,1664,0,0.0050919955
Warm A,700039,4186,4185,2732,1664,0,0.0049987263
Warm A,176130,1113,1112,2732,1664,1,0.006826765
Warm A,171953,1088,1087,2732,1664,1,0.0060068057
Warm A,223106,1352,1351,2732,1664,1,-0.0021204683
Warm A,860377,5172,5171,2732,1664,1,0.007179723
Warm A,167007,1062,1061,2738,1668,1,0.004541413
Warm A,185647,1150,1149,2738,1668,0,0.007812863
Warm A,131305,850,849,2738,1668,0,0.008343486
Warm A,211238,1285,1284,2738,1668,0,0.006074388
Warm A,284427,1698,1697,2738,1668,1,0.0066343937
Warm A,191316,1181,1180,2738,1668,0,0.013142009
Warm A,239216,1448,1447,2738,1668,1,0.018317658
Warm A,84431,550,549,2738,1668,1,0.013098797
Warm A,76189,517,516,2738,1668,1,0.005131188
Warm A,639279,3842,3841,2738,1668,1,-0.002017212
Warm A,35305,238,237,2738,1668,0,0.008576046
Warm A,9318,62,61,2738,1668,0,0.0036121914
Warm A,6237,45,44,2738,1668,0,0.003827463
Warm A,18734,146,145,2738,1668,0,0.00631995
Warm A,714109,4277,4276,2738,1668,1,0.0072577954
Warm A,328545,1941,1940,2738,1668,0,1.2182863e-05
Warm A,757892,4508,4507,2738,1668,1,0.008536231
Warm A,161406,1029,1028,2738,1668,1,0.005394388
Warm A,276392,1671,1670,2738,1668,0,0.00279019
Warm A,588099,3589,3588,2741,1670,0,0.011794763
Warm A,595625,3623,3622,2748,1674,1,0.0017732072
Warm A,596824,3626,3625,2748,1674,0,0.0074307355
Warm A,586764,3582,3581,2748,1674,0,0.013202524
Warm A,586513,3579,3578,2748,1674,0,0.0065314276
Warm A,583629,3562,3561,2748,1674,0,0.010836754
Warm A,594226,3618,3617,2748,1674,0,-0.0050537363
Warm A,616295,3729,3728,2748,1674,0,0.0036459835
Warm A,552577,3401,3400,2748,1674,0,0.011559051
Warm A,549217,3389,3388,2748,1674,0,0.0010841328
Warm A,537425,3311,3310,2748,1674,0,0.006068999
Warm A,526860,3259,3258,2748,1674,1,0.0036978284
Warm A,518877,3201,3200,2748,1674,0,0.0021440354
Warm A,517091,3191,3190,2748,1674,0,-0.0054112887
Warm A,527610,3261,3260,2748,1674,0,-0.0011288044
Warm A,509556,3138,3137,2748,1674,0,0.004817785
Warm A,502421,3083,3082,2748,1674,0,-0.008442326
Warm A,486726,2995,2994,2748,1674,0,-0.0028912537
Warm A,559284,3435,3434,2748,1674,0,0.006096793
Warm A,697717,4169,4168,2748,1674,0,0.003924287
Warm A,738533,4411,4410,2748,1674,0,0.004156005
Warm A,474005,2909,2908,2748,1674,1,-0.00807233
Warm A,468607,2887,2886,2748,1674,0,0.0048786686
Warm A,467819,2883,2882,2748,1674,0,-0.0017643771
Warm A,463534,2857,2856,2748,1674,0,0.007157307
Warm A,467015,2878,2877,2748,1674,0,-2.4921726e-05
Warm A,449992,2774,2773,2748,1674,0,0.002923112
Warm A,449655,2772,2771,2748,1674,0,-0.0031463127
Warm A,418902,2529,2528,2748,1674,0,-0.008157565
Warm A,407038,2445,2444,2748,1674,0,-0.010403121
Warm A,402477,2402,2401,2748,1674,0,0.002669788
Warm A,407822,2451,2450,2748,1674,0,0.007047019
Warm A,393745,2318,2317,2748,1674,0,0.009388989
Warm A,377408,2203,2202,2748,1674,0,-0.004833902
Warm A,375194,2186,2185,2748,1674,0,-0.0017608264
Warm A,373561,2180,2179,2748,1674,0,-0.0053416146
Warm A,356520,2088,2087,2748,1674,0,-0.0022511496
Warm A,341770,2012,2011,2748,1674,1,0.0009544927
Warm A,333509,1968,1967,2748,1674,0,-0.004009817
Warm A,293435,1747,1746,2748,1674,0,-8.442835e-05
Warm A,297687,1764,1763,2748,1674,1,-0.0029885909
Warm A,291634,1737,1736,2748,1674,0,-0.0047876476
Warm A,289010,1726,1725,2748,1674,0,-0.004602613
Warm A,232355,1410,1409,2748,1674,0,0.0034289896
Warm A,356909,2090,2089,2748,1674,0,-0.0016951071
Warm A,227293,1377,1376,2748,1674,0,-0.0027963205
Warm A,336269,1980,1979,2748,1674,0,-0.014103064
Warm A,226424,1370,1369,2748,1674,0,0.008351529
Warm A,279783,1680,1679,2748,1674,0,0.0027856661
Warm A,183324,1141,1140,2748,1674,0,0.00368331
Warm A,308870,1837,1836,2748,1674,0,0.007435783
Warm A,180025,1127,1126,2748,1674,0,0.0056072967
Warm A,328573,1941,1940,2748,1674,0,0.0029443041
Warm A,275702,1667,1666,2748,1674,0,0.002025416
Warm A,156018,1004,1003,2748,1674,0,0.003708952
Warm A,240429,1449,1448,2748,1674,0,-0.0047103036
Warm A,107111,704,703,2748,1674,0,0.0064300857
Warm A,113433,735,734,2748,1674,0,0.001031484
Warm A,84990,552,551,2748,1674,1,0.0054339864
Warm A,80360,533,532,2748,1674,0,0.00026006997
Warm A,68855,461,460,2748,1674,0,-0.0026099621
Warm A,130011,840,839,2748,1674,0,-0.0029913657
Warm A,38328,261,260,2748,1674,0,0.0046344325
Warm A,40451,272,271,2748,1674,0,-0.0044991095
Warm A,270164,1635,1634,2748,1674,0,0.0016977382
Warm A,23348,167,166,2748,1674,0,0.007889718
Warm A,592154,3610,3609,2748,1674,0,-0.0006591147
Warm A,5620,40,39,2748,1674,0,0.004335208
Warm A,19488,148,147,2748,1674,0,0.0009839451
Warm A,530332,3274,3273,2748,1674,0,-0.0055289324
Warm A,238190,1447,1446,2748,1674,0,-0.004580872
Warm A,829236,4979,4978,2748,1674,0,0.0006236569
Warm A,102540,678,677,2748,1674,0,-0.00083031296
Warm A,255971,1560,1559,2748,1674,0,0.001738505
Warm A,893472,5394,5393,2748,1674,0,0.0062578525
Warm A,992715,5996,5995,2748,1674,0,0.0034410052
Warm A,305098,1812,1811,2748,1674,0,-0.0040873764
Warm A,28255,195,194,2748,1674,0,-0.0009223822
Warm A,269219,1632,1631,2749,1675,0,0.016288547
Warm A,264718,1609,1608,2749,1675,0,0.011196076
Warm A,325558,1926,1925,2749,1675,1,0.012030009
Warm A,296582,1758,1757,2749,1675,0,0.001397038
Warm A,279786,1680,1679,2749,1675,1,0.023278758
Warm A,307648,1835,1834,2749,1675,0,0.0191668
Warm A,151711,975,974,2749,1675,0,0.010390928
Warm A,148403,955,954,2749,1675,0,0.012897348
Warm A,140563,903,902,2749,1675,1,0.0058748676
Warm A,138711,889,888,2749,1675,1,0.01940806
Warm A,98455,659,658,2749,1675,0,0.004601684
Warm A,97952,655,654,2749,1675,0,0.014809464
Warm A,714128,4277,4276,2749,1675,0,0.016687406
Warm A,241407,1451,1450,2749,1675,0,0.017743599
Warm A,83441,549,548,2749,1675,1,0.019884437
Warm A,239239,1448,1447,2749,1675,0,0.02314305
Warm A,319531,1897,1896,2749,1675,0,0.008576553
Warm A,75373,512,511,2749,1675,0,-0.00067146006
Warm A,33542,225,224,2749,1675,1,0.01515338
Warm A,21290,156,155,2749,1675,1,-0.00088220695
Warm A,15657,123,122,2749,1675,0,0.015745863
Warm A,89367,588,587,2749,1675,1,0.023195293
Warm A,19489,148,147,2749,1675,0,-0.0007644263
Warm A,627029,3792,3791,2749,1675,0,0.014880408
Warm A,102542,678,677,2749,1675,1,0.013285901
Warm A,63280,424,423,2749,1675,0,0.01649797
Warm A,709995,4258,4257,2749,1675,0,0.026988037
Warm A,669866,4026,4025,2752,1677,0,0.005670828
Warm A,668695,4021,4020,2752,1677,1,0.0098141525
Warm A,667662,4016,4015,2752,1677,0,0.0065045487
Warm A,684204,4089,4088,2752,1677,0,0.009911701
Warm A,664801,4001,4000,2752,1677,1,-0.0014069877
Warm A,680363,4078,4077,2752,1677,0,0.014457799
Warm A,647833,3900,3899,2752,1677,0,0.0103841955
Warm A,635184,3829,3828,2752,1677,0,0.007663789
Warm A,638515,3841,3840,2752,1677,1,0.01308952
Warm A,619608,3754,3753,2752,1677,0,0.0012476612
Warm A,614920,3724,3723,2752,1677,1,0.0077773584
Warm A,613706,3717,3716,2752,1677,1,0.011202946
Warm A,612647,3713,3712,2752,1677,0,0.0063267685
Warm A,611333,3705,3704,2752,1677,0,0.004364805
Warm A,604888,3677,3676,2752,1677,0,-0.0018279819
Warm A,633549,3824,3823,2752,1677,0,0.01246723
Warm A,594245,3618,3617,2752,1677,0,0.017509827
Warm A,596833,3626,3625,2752,1677,0,0.011993516
Warm A,622806,3769,3768,2752,1677,1,0.018739702
Warm A,583638,3562,3561,2752,1677,0,0.006812214
Warm A,577471,3526,3525,2752,1677,0,0.009787808
Warm A,581008,3547,3546,2752,1677,0,0.007737095
Warm A,557340,3423,3422,2752,1677,0,0.011349894
Warm A,554162,3410,3409,2752,1677,0,-0.0010571997
Warm A,550512,3391,3390,2752,1677,0,0.0070917667
Warm A,539034,3314,3313,2752,1677,0,0.011089538
Warm A,542411,3336,3335,2752,1677,0,0.005384825
Warm A,533583,3292,3291,2752,1677,1,0.0078110667
Warm A,528328,3265,3264,2752,1677,0,0.008077327
Warm A,540054,3320,3319,2752,1677,0,0.00050723925
Warm A,515679,3182,3181,2752,1677,0,0.012181757
Warm A,515059,3180,3179,2752,1677,0,0.0021434869
Warm A,506239,3114,3113,2752,1677,1,0.012808451
Warm A,529966,3272,3271,2752,1677,1,0.0020426838
Warm A,478845,2938,2937,2752,1677,1,0.008888025
Warm A,697731,4169,4168,2752,1677,1,0.010557504
Warm A,472830,2907,2906,2752,1677,0,-0.0020350944
Warm A,738535,4411,4410,2752,1677,0,0.0010043588
Warm A,474022,2909,2908,2752,1677,0,0.0036114221
Warm A,467031,2878,2877,2752,1677,0,0.010965249
Warm A,754987,4497,4496,2752,1677,0,0.003851438
Warm A,458228,2820,2819,2752,1677,0,0.0066266833
Warm A,452323,2785,2784,2752,1677,0,0.00309671
Warm A,437130,2668,2667,2752,1677,0,0.019296989
Warm A,435434,2661,2660,2752,1677,1,0.00017926097
Warm A,430570,2624,2623,2752,1677,1,0.0064517166
Warm A,446984,2753,2752,2752,1677,0,0.008306528
Warm A,412987,2484,2483,2752,1677,0,0.014685044
Warm A,409297,2456,2455,2752,1677,0,0.0077796793
Warm A,403361,2409,2408,2752,1677,0,-0.0012308676
Warm A,395384,2335,2334,2752,1677,1,5.886634e-05
Warm A,382999,2237,2236,2752,1677,1,0.0124745555
Warm A,377421,2203,2202,2752,1677,1,0.0027905912
Warm A,364942,2124,2123,2752,1677,0,-0.00455418
Warm A,256881,1571,1570,2752,1677,0,-0.005000392
Warm A,260183,1591,1590,2752,1677,1,0.016779965
Warm A,264724,1609,1608,2752,1677,0,0.0076457304
Warm A,266028,1613,1612,2752,1677,0,0.009951858
Warm A,262346,1600,1599,2752,1677,1,0.012422793
Warm A,242979,1465,1464,2752,1677,0,0.0044642286
Warm A,227303,1377,1376,2752,1677,0,0.003778664
Warm A,357668,2092,2091,2752,1677,1,0.007198216
Warm A,222512,1346,1345,2752,1677,0,0.004639215
Warm A,336289,1980,1979,2752,1677,0,0.016782966
Warm A,276423,1671,1670,2752,1677,1,0.010836577
Warm A,320285,1899,1898,2752,1677,1,0.006307638
Warm A,289484,1727,1726,2752,1677,0,-0.0029144054
Warm A,206027,1264,1263,2752,1677,0,0.0051633706
Warm A,201024,1239,1238,2752,1677,0,0.01396931
Warm A,279814,1680,1679,2752,1677,1,0.012429036
Warm A,192199,1183,1182,2752,1677,1,0.009110636
Warm A,307663,1835,1834,2752,1677,1,0.012862332
Warm A,244172,1470,1469,2752,1677,0,0.005921444
Warm A,328600,1941,1940,2752,1677,0,-0.0010372744
Warm A,165328,1053,1052,2752,1677,0,0.013950707
Warm A,166126,1058,1057,2752,1677,1,0.00048578763
Warm A,331883,1958,1957,2752,1677,0,0.007540874
Warm A,154440,996,995,2752,1677,0,0.0064579016
Warm A,149733,963,962,2752,1677,0,0.021524236
Warm A,185701,1150,1149,2752,1677,0,0.013141146
Warm A,138735,889,888,2752,1677,0,0.0010066489
Warm A,130328,844,843,2752,1677,0,0.013169799
Warm A,160362,1019,1018,2752,1677,0,0.0010778299
Warm A,117661,757,756,2752,1677,0,0.007008731
Warm A,211277,1285,1284,2752,1677,0,0.009602212
Warm A,240449,1449,1448,2752,1677,0,0.014824359
Warm A,714134,4277,4276,2752,1677,0,0.0043721176
Warm A,94290,631,630,2752,1677,0,-0.00035478105
Warm A,284464,1698,1697,2752,1677,0,0.017791308
Warm A,228497,1383,1382,2752,1677,0,0.005797128
Warm A,97172,651,650,2752,1677,0,0.0029117754
Warm A,86809,566,565,2752,1677,0,0.0040462012
Warm A,191367,1181,1180,2752,1677,0,0.011999769
Warm A,84458,550,549,2752,1677,0,0.008657878
Warm A,80368,533,532,2752,1677,0,0.011979397
Warm A,68863,461,460,2752,1677,0,0.007860395
Warm A,61642,414,413,2752,1677,0,0.0059786066
Warm A,308887,1837,1836,2752,1677,0,0.014133862
Warm A,47574,319,318,2752,1677,0,0.013620608
Warm A,88936,587,586,2752,1677,0,-0.00085905613
Warm A,38960,264,263,2752,1677,0,0.008106271
Warm A,32556,219,218,2752,1677,0,0.0012758439
Warm A,32176,216,215,2752,1677,0,-0.0050663794
Warm A,25113,176,175,2752,1677,0,0.0065911207
Warm A,239254,1448,1447,2752,1677,0,0.017698769
Warm A,23167,166,165,2752,1677,0,0.0013691382
Warm A,9347,62,61,2752,1677,0,0.0039225523
Warm A,1805,17,16,2752,1677,1,0.01248833
Warm A,60805,411,410,2752,1677,0,0.006999183
Warm A,207091,1266,1265,2752,1677,0,0.011530064
Warm A,686624,4107,4106,2752,1677,1,0.0069157393
Warm A,19507,148,147,2752,1677,1,0.0037730602
Warm A,49524,329,328,2752,1677,0,0.0096498765
Warm A,122683,791,790,2752,1677,0,0.010673484
Warm A,954365,5761,5760,2752,1677,1,0.0150131
Warm A,572422,3507,3506,2752,1677,0,0.013348331
Warm A,79675,531,530,2752,1677,0,0.012063253
Warm A,102558,678,677,2752,1677,1,0.007633257
Warm A,431179,2627,2626,2752,1677,0,0.013161442
Warm A,263622,1605,1604,2752,1677,0,0.0250344
Warm A,136875,881,880,2752,1677,0,-0.0021002379
Warm A,63299,424,423,2752,1677,0,0.0032820408
Warm A,700046,4186,4185,2752,1677,0,0.009992871
Warm A,934015,5636,5635,2752,1677,0,0.0067500276
Warm A,794227,4748,4747,2752,1677,0,0.013102802
Warm A,532522,3286,3285,2757,1678,0,0.0006386977
Warm A,528571,3266,3265,2757,1678,1,-0.0022045986
Warm A,522895,3224,3223,2757,1678,1,0.0072113136
Warm A,520590,3210,3209,2757,1678,1,-0.0032143209
Warm A,503463,3093,3092,2757,1678,0,-0.004077441
Warm A,714140,4277,4276,2757,1678,1,0.015775546
Warm A,852967,5113,5112,2757,1678,0,0.007594468
Warm A,448541,2764,2763,2757,1678,0,0.008054595
Warm A,431455,2628,2627,2757,1678,1,0.0010436929
Warm A,416159,2506,2505,2757,1678,0,0.00234379
Warm A,413291,2485,2484,2757,1678,0,0.0032363096
Warm A,464323,2860,2859,2757,1678,1,0.015866064
Warm A,403772,2411,2410,2757,1678,1,-0.007359187
Warm A,381769,2231,2230,2757,1678,0,0.01020165
Warm A,383001,2237,2236,2757,1678,1,-0.0009703196
Warm A,378814,2211,2210,2757,1678,1,0.006070896
Warm A,376781,2199,2198,2757,1678,1,-0.002874837
Warm A,374664,2184,2183,2757,1678,1,-4.7001115e-05
Warm A,373070,2178,2177,2757,1678,1,0.00127329
Warm A,372126,2173,2172,2757,1678,1,0.00056413864
Warm A,371324,2170,2169,2757,1678,1,-0.0032661988
Warm A,356133,2086,2085,2757,1678,0,-0.0012359762
Warm A,354516,2075,2074,2757,1678,1,0.010012871
Warm A,353765,2072,2071,2757,1678,1,0.008508965
Warm A,353010,2067,2066,2757,1678,0,0.0062842714
Warm A,347493,2038,2037,2757,1678,0,0.0038244417
Warm A,343885,2019,2018,2757,1678,1,-0.0023369668
Warm A,339582,2001,2000,2757,1678,1,0.0035676204
Warm A,280974,1685,1684,2757,1678,0,0.009928532
Warm A,279827,1680,1679,2757,1678,1,0.007980566
Warm A,269238,1632,1631,2757,1678,0,0.014284352
Warm A,264236,1607,1606,2757,1678,1,-0.0018002704
Warm A,261018,1595,1594,2757,1678,0,0.004543576
Warm A,258213,1583,1582,2757,1678,1,0.0032829214
Warm A,338322,1988,1987,2757,1678,1,0.0012094476
Warm A,259637,1587,1586,2757,1678,0,0.003958321
Warm A,228504,1383,1382,2757,1678,0,0.0056584803
Warm A,217775,1321,1320,2757,1678,0,0.0006923501
Warm A,211827,1288,1287,2757,1678,1,0.0004950792
Warm A,200948,1238,1237,2757,1678,1,-0.0017381195
Warm A,298628,1772,1771,2757,1678,1,-0.0028596479
Warm A,188675,1170,1169,2757,1678,1,0.00032050197
Warm A,165333,1053,1052,2757,1678,0,0.012209624
Warm A,320293,1899,1898,2757,1678,1,0.004981474
Warm A,140499,902,901,2757,1678,1,0.004169955
Warm A,140018,897,896,2757,1678,0,0.009805885
Warm A,131326,850,849,2757,1678,1,-0.0042303707
Warm A,124585,801,800,2757,1678,1,-0.006657814
Warm A,111916,728,727,2757,1678,1,-0.007414508
Warm A,111738,727,726,2757,1678,0,0.008577195
Warm A,101194,675,674,2757,1678,0,-0.004034435
Warm A,94634,635,634,2757,1678,1,0.0116220135
Warm A,191377,1181,1180,2757,1678,0,0.007570051
Warm A,883505,5333,5332,2757,1678,0,0.017679378
Warm A,116539,752,751,2757,1678,1,0.0057269465
Warm A,76784,520,519,2757,1678,1,-0.0022787696
Warm A,639308,3842,3841,2757,1678,1,0.0074633905
Warm A,42114,285,284,2757,1678,1,0.0037846852
Warm A,313006,1865,1864,2757,1678,1,0.0027359829
Warm A,332280,1960,1959,2757,1678,1,0.0032709702
Warm A,32186,216,215,2757,1678,0,0.014759967
Warm A,9354,62,61,2757,1678,1,0.011592401
Warm A,239259,1448,1447,2757,1678,0,0.019825555
Warm A,203709,1252,1251,2757,1678,1,0.0046788333
Warm A,158586,1015,1014,2757,1678,0,0.015441747
Warm A,365875,2129,2128,2757,1678,1,0.0016286271
Warm A,249943,1505,1504,2757,1678,1,-0.005291908
Warm A,317012,1884,1883,2757,1678,1,-0.0022834847
Warm A,3211,24,23,2757,1678,1,0.007803065
Warm A,807782,4834,4833,2757,1678,1,0.010195492
Warm A,102568,678,677,2757,1678,1,0.009018793
Warm A,232852,1415,1414,2757,1678,0,0.006851866
Warm A,319547,1897,1896,2757,1678,1,0.0021768636
Warm A,25919,183,182,2757,1678,1,0.001630296
Warm A,397420,2353,2352,2757,1678,1,-0.001458441
Warm A,287323,1715,1714,2769,1684,1,0.007496258
Warm A,619084,3751,3750,2769,1684,0,0.0059443787
Warm A,460847,2841,2840,2769,1684,0,0.004596909
Warm A,599462,3648,3647,2769,1684,0,0.0009908585
Warm A,388227,2271,2270,2769,1684,0,0.010602791
Warm A,908434,5493,5492,2769,1684,0,0.015330464
Warm A,451548,2779,2778,2769,1684,1,0.007911605
Warm A,355155,2077,2076,2769,1684,1,0.005231061
Warm A,176146,1113,1112,2769,1684,0,0.009264862
Warm A,941815,5682,5681,2769,1684,0,-0.010030142
Warm A,984460,5949,5948,2769,1684,0,-0.0025307112
Warm A,807787,4834,4833,2769,1684,0,0.010074187
Warm A,172050,1088,1087,2769,1684,0,0.008687445
Warm A,352299,2063,2062,2769,1684,0,0.011017429
Warm A,804556,4816,4815,2769,1684,0,-0.0019298469
Warm A,235238,1425,1424,2769,1684,1,0.007908417
Warm A,346715,2031,2030,2769,1684,0,0.0037068136
Warm A,481001,2953,2952,2771,1686,0,-0.006450518
Warm A,470528,2896,2895,2771,1686,1,0.0027294345
Warm A,665319,4005,4004,2771,1686,0,-0.0019168654
Warm A,456606,2810,2809,2771,1686,1,0.010343523
Warm A,560039,3441,3440,2771,1686,1,-0.003978067
Warm A,455139,2801,2800,2771,1686,0,-0.010775855
Warm A,450390,2776,2775,2771,1686,0,0.0016833069
Warm A,444847,2743,2742,2771,1686,1,0.0012869753
Warm A,563229,3464,3463,2771,1686,0,-0.0027831127
Warm A,429532,2615,2614,2771,1686,0,-2.4774927e-06
Warm A,407429,2446,2445,2771,1686,0,-0.0053704754
Warm A,394863,2331,2330,2771,1686,1,-0.00070204353
Warm A,393681,2317,2316,2771,1686,1,-0.0011294055
Warm A,433291,2641,2640,2771,1686,0,0.00032380223
Warm A,387950,2270,2269,2771,1686,0,0.00031059072
Warm A,386740,2261,2260,2771,1686,0,0.004381117
Warm A,376791,2199,2198,2771,1686,0,-0.004912232
Warm A,370576,2166,2165,2771,1686,1,-0.006499841
Warm A,382541,2235,2234,2771,1686,0,-0.0059538
Warm A,363402,2116,2115,2771,1686,1,0.0036854073
Warm A,358024,2095,2094,2771,1686,0,-0.0019246957
Warm A,354329,2073,2072,2771,1686,0,-0.008043315
Warm A,349688,2052,2051,2771,1686,0,0.0011855802
Warm A,348672,2043,2042,2771,1686,0,-0.0076342253
Warm A,345671,2027,2026,2771,1686,1,-0.0010552371
Warm A,340004,2005,2004,2771,1686,0,0.0029077118
Warm A,336765,1982,1981,2771,1686,0,0.0033166802
Warm A,332858,1962,1961,2771,1686,0,0.00011570286
Warm A,340929,2010,2009,2771,1686,0,0.0016604709
Warm A,325950,1929,1928,2771,1686,0,-0.005205281
Warm A,311383,1854,1853,2771,1686,0,0.006848256
Warm A,306679,1828,1827,2771,1686,0,-0.0059419945
Warm A,314218,1875,1874,2771,1686,0,0.0030115172
Warm A,298480,1769,1768,2771,1686,0,0.0021518455
Warm A,306859,1831,1830,2771,1686,0,-0.006233811
Warm A,278387,1679,1678,2771,1686,0,-0.00014498318
Warm A,275260,1666,1665,2771,1686,0,-0.0046794927
Warm A,264435,1608,1607,2771,1686,0,-0.0020003482
Warm A,265277,1611,1610,2771,1686,0,-0.006860375
Warm A,256965,1572,1571,2771,1686,1,-0.0036091679
Warm A,250962,1514,1513,2771,1686,0,0.0017558141
Warm A,233197,1418,1417,2771,1686,0,-0.002753203
Warm A,237237,1442,1441,2771,1686,0,-0.0017867112
Warm A,214161,1300,1299,2771,1686,0,-0.0041552107
Warm A,194069,1195,1194,2771,1686,1,-0.0006224867
Warm A,196739,1207,1206,2771,1686,0,-0.002486792
Warm A,321761,1908,1907,2771,1686,1,-0.0065903156
Warm A,189515,1173,1172,2771,1686,0,3.8859434e-07
Warm A,189121,1172,1171,2771,1686,0,0.0058182147
Warm A,186515,1153,1152,2771,1686,0,0.007976344
Warm A,205433,1263,1262,2771,1686,0,-0.009648605
Warm A,168681,1069,1068,2771,1686,0,-0.0033945935
Warm A,175775,1112,1111,2771,1686,0,-0.0020185367
Warm A,270511,1636,1635,2771,1686,0,-0.003288079
Warm A,203616,1251,1250,2771,1686,0,0.0033709374
Warm A,151749,975,974,2771,1686,0,-0.0046692896
Warm A,221623,1340,1339,2771,1686,0,-0.0015662713
Warm A,148863,957,956,2771,1686,0,0.0049089035
Warm A,150795,970,969,2771,1686,1,-0.0057815183
Warm A,245379,1482,1481,2771,1686,0,0.00094664376
Warm A,139862,896,895,2771,1686,0,0.0017739575
Warm A,157235,1010,1009,2771,1686,0,-0.00080939254
Warm A,135199,875,874,2771,1686,1,-0.0037392154
Warm A,182230,1137,1136,2771,1686,0,-0.0011234374
Warm A,128086,828,827,2771,1686,1,2.8282404e-05
Warm A,263683,1605,1604,2771,1686,0,-0.0023680287
Warm A,122087,787,786,2771,1686,0,-0.005650016
Warm A,361110,2106,2105,2771,1686,0,0.0047994102
Warm A,110448,720,719,2771,1686,1,-0.0060833143
Warm A,109451,714,713,2771,1686,1,0.0019362962
Warm A,117099,754,753,2771,1686,0,0.003315428
Warm A,101197,675,674,2771,1686,0,-0.004251424
Warm A,87340,570,569,2771,1686,0,-0.004175842
Warm A,239318,1448,1447,2771,1686,0,-0.00091173826
Warm A,72858,492,491,2771,1686,1,-0.0016954535
Warm A,197468,1211,1210,2771,1686,1,0.0037613248
Warm A,64374,429,428,2771,1686,0,0.00016492978
Warm A,61983,416,415,2771,1686,1,-0.006143406
Warm A,155509,1001,1000,2771,1686,0,-0.0017585082
Warm A,43138,295,294,2771,1686,0,-0.0047075627
Warm A,57001,385,384,2771,1686,0,0.0036232201
Warm A,287500,1716,1715,2771,1686,0,-0.004974885
Warm A,40508,272,271,2771,1686,0,-0.0008579603
Warm A,21088,154,153,2771,1686,0,0.004348587
Warm A,17309,135,134,2771,1686,0,0.0017716147
Warm A,10700,77,76,2771,1686,0,-0.0035097438
Warm A,223784,1354,1353,2771,1686,0,-0.0064159227
Warm A,79722,531,530,2771,1686,0,-0.0022336803
Warm A,352323,2063,2062,2771,1686,0,-0.0020785693
Warm A,257934,1579,1578,2771,1686,0,-0.009381558
Warm A,483306,2969,2968,2771,1686,1,0.0031008662
Warm A,12104,92,91,2771,1686,0,-0.007808719
Warm A,556639,3420,3419,2771,1686,1,-0.000457793
Warm A,429301,2611,2610,2771,1686,0,0.00063995784
Warm A,302296,1794,1793,2771,1686,0,0.0043875845
Warm A,541724,3333,3332,2771,1686,0,-0.0071109384
Warm A,331924,1958,1957,2771,1686,0,-0.0040671565
Warm A,599473,3648,3647,2771,1686,0,-0.0035647396
Warm A,907883,5492,5491,2771,1686,0,-0.0037622133
Warm A,195745,1203,1202,2771,1686,0,-0.0039624823
Warm A,496653,3051,3050,2771,1686,0,0.008735857
Warm A,476481,2926,2925,2771,1686,0,-0.0015368201
Warm A,235256,1425,1424,2771,1686,1,-0.0028194003
Warm A,187100,1160,1159,2771,1686,0,-0.0014199659
Warm A,434954,2655,2654,2771,1686,0,-0.0013757776
Warm A,136927,881,880,2771,1686,0,-0.005318055
Warm A,13364,104,103,2771,1686,0,0.00040883466
Warm A,172069,1088,1087,2771,1686,0,-0.008189195
Warm A,902264,5453,5452,2771,1686,0,-0.003920149
Warm A,193898,1194,1193,2771,1686,0,-0.0049677202
Warm A,34000,229,228,2771,1686,1,-0.0031645258
Warm A,750717,4478,4477,2774,1688,0,0.010256639
Warm A,24473,173,172,2774,1688,0,-9.0749236e-05
Warm A,90034,593,592,2774,1688,1,0.0009119016
Warm A,880223,5317,5316,2774,1688,1,0.0033301653
Warm A,665322,4005,4004,2774,1688,1,0.0027764074
Warm A,5211,36,35,2774,1688,1,-0.0008867696
Warm A,986834,5956,5955,2774,1688,0,0.008245295
Warm A,682762,4085,4084,2774,1688,0,-0.001045778
Warm A,231773,1404,1403,2780,1690,0,0.0076686963
Warm A,224558,1357,1356,2780,1690,0,0.0058754
Warm A,328741,1941,1940,2780,1690,0,0.0027402886
Warm A,182902,1140,1139,2780,1690,1,-0.000617614
Warm A,159443,1017,1016,2780,1690,1,-0.0005865237
Warm A,221648,1340,1339,2780,1690,0,0.002298043
Warm A,118148,764,763,2780,1690,1,0.001042306
Warm A,160434,1019,1018,2780,1690,0,0.0070713307
Warm A,70941,476,475,2780,1690,1,0.0011801957
Warm A,68460,460,459,2780,1690,0,-0.00524335
Warm A,69128,462,461,2780,1690,0,0.0065588546
Warm A,57652,390,389,2780,1690,0,0.012727123
Warm A,63396,424,423,2780,1690,1,0.008408107
Warm A,41244,278,277,2780,1690,1,0.0053630886
Warm A,36664,245,244,2780,1690,0,0.00015573017
Warm A,26831,190,189,2780,1690,0,0.003706224
Warm A,4166,31,30,2780,1690,0,-0.005585433
Warm A,161443,1029,1028,2780,1690,0,0.009024618
Warm A,808582,4842,4841,2780,1690,0,0.0008626912
Warm A,115556,749,748,2780,1690,0,0.005566121
Warm A,24488,173,172,2780,1690,0,0.0060154838
Warm A,271864,1643,1642,2780,1690,0,0.00060296396
Warm A,328743,1941,1940,2781,1691,0,0.0071879216
Warm A,238292,1447,1446,2781,1691,0,0.016522609
Warm A,63399,424,423,2781,1691,1,0.009263341
Warm A,383039,2237,2236,2782,1692,0,0.006347692
Warm A,378015,2205,2204,2782,1692,0,-0.0062282444
Warm A,374430,2181,2180,2782,1692,1,-0.0069998894
Warm A,368656,2155,2154,2782,1692,1,-0.0010004488
Warm A,369107,2157,2156,2782,1692,1,0.0028937513
Warm A,364993,2124,2123,2782,1692,1,0.0049275197
Warm A,436715,2665,2664,2782,1692,1,0.008091236
Warm A,361930,2109,2108,2782,1692,1,-0.005243176
Warm A,356561,2088,2087,2782,1692,0,0.004203021
Warm A,344484,2021,2020,2782,1692,0,-0.0006231944
Warm A,339430,1999,1998,2782,1692,0,-0.007542975
Warm A,334351,1973,1972,2782,1692,0,-0.00055988703
Warm A,300758,1781,1780,2782,1692,1,-0.007806101
Warm A,316001,1882,1881,2782,1692,1,-0.000984125
Warm A,288345,1722,1721,2782,1692,1,0.00412834
Warm A,224559,1357,1356,2782,1692,1,0.011306746
Warm A,328747,1941,1940,2782,1692,0,0.006921026
Warm A,182905,1140,1139,2782,1692,0,0.009471036
Warm A,159445,1017,1016,2782,1692,1,0.00068718754
Warm A,158688,1015,1014,2782,1692,0,-0.0041939924
Warm A,324049,1920,1919,2782,1692,0,-0.008777891
Warm A,199646,1224,1223,2782,1692,1,-0.0051006293
Warm A,133887,868,867,2782,1692,1,-0.003935346
Warm A,131364,850,849,2782,1692,1,-0.00097000354
Warm A,315604,1880,1879,2782,1692,0,0.008022409
Warm A,124344,800,799,2782,1692,1,0.0042572357
Warm A,118149,764,763,2782,1692,1,0.005590943
Warm A,115557,749,748,2782,1692,0,-0.0029178518
Warm A,75108,509,508,2782,1692,1,0.011872518
Warm A,45237,305,304,2782,1692,1,0.0083237365
Warm A,35589,240,239,2782,1692,0,0.0025098862
Warm A,714189,4277,4276,2782,1692,0,-0.0015049233
Warm A,32261,216,215,2782,1692,1,-0.0046612276
Warm A,9404,62,61,2782,1692,1,-0.0003342484
Warm A,238293,1447,1446,2782,1692,0,0.0065718535
Warm A,174351,1101,1100,2782,1692,0,-0.0035065035
Warm A,2413,19,18,2782,1692,0,0.0015204011
Warm A,490983,3018,3017,2782,1692,1,-0.0011170888
Warm A,293966,1748,1747,2782,1692,0,0.0056326496
Warm A,349408,2050,2049,2782,1692,1,0.00013680721
Warm A,622399,3768,3767,2782,1692,1,0.006080794
Warm A,892024,5387,5386,2782,1692,0,0.010092084
Warm A,474121,2909,2908,2782,1692,1,0.0034580408
Warm A,24491,173,172,2782,1692,0,0.004896234
Warm A,52230,343,342,2782,1692,1,0.004324839
Warm A,63401,424,423,2782,1692,1,0.0017590807
Warm A,241490,1451,1450,2782,1692,0,0.010675488
Warm A,697804,4169,4168,2784,1693,1,0.017695192
Warm A,490984,3018,3017,2784,1693,1,0.0062532746
Warm A,421248,2544,2543,2784,1693,0,-0.0032324076
Warm A,185800,1150,1149,2786,1694,0,0.0012619842
Warm A,122268,788,787,2786,1694,0,0.0046622176
Warm A,352373,2063,2062,2786,1694,0,-0.006335267
Warm A,83555,549,548,2786,1694,0,0.004849558
Warm A,119544,770,769,2786,1694,0,0.009979462
Warm A,132710,855,854,2786,1694,0,-0.00016789045
Warm A,239354,1448,1447,2786,1694,0,0.008949941
Warm A,8181,56,55,2786,1694,0,0.0049135503
Warm A,234381,1422,1421,2786,1694,0,-0.0010983218
Warm A,299245,1776,1775,2786,1694,0,0.00093208626
Warm A,263712,1605,1604,2786,1694,0,0.01134306
Warm A,295778,1755,1754,2786,1694,1,0.007703322
Warm A,634210,3825,3824,2787,1695,0,0.011815277
Warm A,628861,3807,3806,2787,1695,0,0.008510825
Warm A,628226,3804,3803,2787,1695,0,-0.0022787414
Warm A,627998,3801,3800,2787,1695,1,-0.005261978
Warm A,638619,3841,3840,2787,1695,0,0.0036516185
Warm A,623573,3771,3770,2787,1695,0,-0.0012337088
Warm A,625171,3778,3777,2787,1695,0,-0.0018817368
Warm A,745547,4448,4447,2787,1695,1,0.00806188
Warm A,633650,3824,3823,2787,1695,0,0.0066550802
Warm A,596918,3626,3625,2787,1695,0,0.014523724
Warm A,654379,3942,3941,2787,1695,0,0.014482919
Warm A,584868,3569,3568,2787,1695,0,0.013158011
Warm A,759391,4510,4509,2787,1695,0,0.01883508
Warm A,577805,3528,3527,2787,1695,0,0.0053429813
Warm A,569508,3491,3490,2787,1695,1,0.012355635
Warm A,560248,3442,3441,2787,1695,0,0.0010045883
Warm A,613729,3717,3716,2787,1695,1,0.0071103256
Warm A,539061,3314,3313,2787,1695,0,0.0040859706
Warm A,537512,3311,3310,2787,1695,0,0.0060686064
Warm A,536289,3308,3307,2787,1695,0,0.0041924403
Warm A,528378,3265,3264,2787,1695,0,0.007326648
Warm A,566506,3476,3475,2787,1695,0,0.00070335297
Warm A,606062,3681,3680,2787,1695,1,0.0053471583
Warm A,513167,3163,3162,2787,1695,0,0.009157539
Warm A,499749,3067,3066,2787,1695,0,0.0049516666
Warm A,490987,3018,3017,2787,1695,0,0.00313491
Warm A,540109,3320,3319,2787,1695,0,0.009779787
Warm A,476926,2928,2927,2787,1695,0,0.010110486
Warm A,697812,4169,4168,2787,1695,0,0.019510161
Warm A,474126,2909,2908,2787,1695,1,0.005479552
Warm A,755007,4497,4496,2787,1695,0,-0.0010112578
Warm A,463623,2857,2856,2787,1695,1,0.014777347
Warm A,426634,2590,2589,2787,1695,0,0.0027861064
Warm A,424837,2576,2575,2787,1695,0,-0.0015603118
Warm A,397243,2352,2351,2787,1695,0,0.00075035356
Warm A,389123,2279,2278,2787,1695,1,0.0022648426
Warm A,386202,2258,2257,2787,1695,0,-0.00015207077
Warm A,381158,2228,2227,2787,1695,0,0.003874341
Warm A,378018,2205,2204,2787,1695,0,0.01250101
Warm A,374438,2181,2180,2787,1695,0,0.012432059
Warm A,368938,2156,2155,2787,1695,0,0.004827016
Warm A,292716,1742,1741,2787,1695,1,-0.0063839424
Warm A,290999,1736,1735,2787,1695,0,0.002196568
Warm A,279983,1680,1679,2787,1695,0,0.011619657
Warm A,277186,1675,1674,2787,1695,0,0.00052234624
Warm A,282787,1694,1693,2787,1695,1,0.0027712449
Warm A,267681,1626,1625,2787,1695,0,0.012565043
Warm A,257299,1578,1577,2787,1695,0,0.0062325625
Warm A,247931,1496,1495,2787,1695,0,0.01750978
Warm A,321429,1904,1903,2787,1695,0,0.005749044
Warm A,213982,1299,1298,2787,1695,0,-0.0056282673
Warm A,328759,1941,1940,2787,1695,0,0.009129407
Warm A,307742,1835,1834,2787,1695,0,0.011166621
Warm A,180477,1128,1127,2787,1695,0,0.015864076
Warm A,196769,1207,1206,2787,1695,0,0.011766941
Warm A,184152,1146,1145,2787,1695,0,-0.0003811072
Warm A,175798,1112,1111,2787,1695,0,0.0060432507
Warm A,159456,1017,1016,2787,1695,0,0.00014220783
Warm A,157268,1010,1009,2787,1695,0,0.007362312
Warm A,133888,868,867,2787,1695,1,0.0020272615
Warm A,233514,1420,1419,2787,1695,1,0.005444328
Warm A,315610,1880,1879,2787,1695,0,0.002914338
Warm A,240553,1449,1448,2787,1695,0,0.0034951689
Warm A,272398,1645,1644,2787,1695,0,0.0018343155
Warm A,211387,1285,1284,2787,1695,1,0.0011597387
Warm A,92857,621,620,2787,1695,0,0.0008646953
Warm A,140789,904,903,2787,1695,1,0.00897443
Warm A,81937,543,542,2787,1695,1,0.012936441
Warm A,77911,524,523,2787,1695,1,0.0010027285
Warm A,80408,533,532,2787,1695,0,0.008730102
Warm A,308939,1837,1836,2787,1695,0,0.012590691
Warm A,57659,390,389,2787,1695,1,0.004445919
Warm A,132712,855,854,2787,1695,0,0.009347115
Warm A,45244,305,304,2787,1695,0,-0.00044772727
Warm A,177227,1117,1116,2787,1695,0,0.020958388
Warm A,270241,1635,1634,2787,1695,1,0.0183163
Warm A,239356,1448,1447,2787,1695,1,0.0053464565
Warm A,14622,117,116,2787,1695,0,0.0030043717
Warm A,7914,53,52,2787,1695,1,0.005885245
Warm A,207164,1266,1265,2787,1695,0,-0.0019145005
Warm A,864135,5205,5204,2787,1695,0,0.006199059
Warm A,552662,3401,3400,2787,1695,0,0.005384135
Warm A,365911,2129,2128,2787,1695,0,0.003280008
Warm A,299247,1776,1775,2787,1695,0,-0.0037960517
Warm A,573007,3509,3508,2787,1695,0,0.0068366565
Warm A,622402,3768,3767,2787,1695,0,0.0014909008
Warm A,102664,678,677,2787,1695,0,-0.011117531
Warm A,317949,1889,1888,2787,1695,1,0.0037453098
Warm A,305160,1812,1811,2787,1695,0,0.01120072
Warm A,352377,2063,2062,2787,1695,0,0.014853332
Warm A,329593,1943,1942,2787,1695,0,0.002956926
Warm A,115566,749,748,2787,1695,0,0.00114156
Warm A,562802,3462,3461,2787,1695,0,-0.004515556
Warm A,336389,1980,1979,2787,1695,0,-0.002028095
Warm A,322726,1912,1911,2787,1695,0,0.00073343073
Warm A,408444,2453,2452,2787,1695,0,0.010852353
Warm A,331956,1958,1957,2787,1695,0,-0.001460235
Warm A,63409,424,423,2787,1695,0,0.00812082
Warm A,116615,752,751,2787,1695,0,0.0024361047
Warm A,588648,3590,3589,2787,1695,1,0.0094420165
Warm A,710013,4258,4257,2787,1695,0,0.010448538
Warm A,235282,1425,1424,2787,1695,0,0.0067489888
Warm A,629927,3808,3807,2789,1697,1,0.009101232
Warm A,628000,3801,3800,2789,1697,0,0.010655306
Warm A,638623,3841,3840,2789,1697,1,0.0017029674
Warm A,623577,3771,3770,2789,1697,1,0.011251585
Warm A,619635,3754,3753,2789,1697,1,0.008831787
Warm A,615830,3727,3726,2789,1697,0,0.010690869
Warm A,745550,4448,4447,2789,1697,0,0.0060590124
Warm A,603199,3670,3669,2789,1697,0,-0.0016280286
Warm A,621378,3762,3761,2789,1697,0,0.010838073
Warm A,719048,4305,4304,2789,1697,0,0.01769123
Warm A,577806,3528,3527,2789,1697,0,0.0075277044
Warm A,569512,3491,3490,2789,1697,1,0.015466692
Warm A,584870,3569,3568,2789,1697,1,0.005690681
Warm A,554234,3410,3409,2789,1697,0,0.0077377786
Warm A,537518,3311,3310,2789,1697,0,0.007541644
Warm A,524251,3231,3230,2789,1697,1,0.0022458215
Warm A,519841,3207,3206,2789,1697,1,0.007800474
Warm A,518922,3201,3200,2789,1697,0,0.0052269883
Warm A,518270,3198,3197,2789,1697,1,0.006461313
Warm A,522983,3224,3223,2789,1697,0,0.0066237864
Warm A,566508,3476,3475,2789,1697,0,0.011326531
Warm A,476929,2928,2927,2789,1697,0,0.009438079
Warm A,697815,4169,4168,2789,1697,0,0.015477562
Warm A,485330,2986,2985,2789,1697,0,0.0073088985
Warm A,710370,4260,4259,2789,1697,0,0.012455897
Warm A,463626,2857,2856,2789,1697,0,0.015087566
Warm A,462302,2852,2851,2789,1697,0,0.004102536
Warm A,458298,2820,2819,2789,1697,0,0.0035985685
Warm A,790881,4728,4727,2789,1697,1,0.015511021
Warm A,433803,2643,2642,2789,1697,1,0.0052980706
Warm A,430781,2625,2624,2789,1697,0,0.013264845
Warm A,414780,2496,2495,2789,1697,0,0.014477987
Warm A,409828,2457,2456,2789,1697,0,0.007847281
Warm A,397246,2352,2351,2789,1697,0,0.0006490755
Warm A,405578,2429,2428,2789,1697,0,0.0001498179
Warm A,389124,2279,2278,2789,1697,0,0.010887144
Warm A,406827,2444,2443,2789,1697,0,0.0047673807
Warm A,386204,2258,2257,2789,1697,0,-8.091214e-05
Warm A,383043,2237,2236,2789,1697,0,0.009672118
Warm A,378019,2205,2204,2789,1697,0,0.014270857
Warm A,370106,2164,2163,2789,1697,0,0.010431139
Warm A,357949,2094,2093,2789,1697,0,0.008694452
Warm A,359598,2102,2101,2789,1697,0,0.016035417
Warm A,364999,2124,2123,2789,1697,1,0.009018739
Warm A,361935,2109,2108,2789,1697,0,0.014602266
Warm A,305409,1816,1815,2789,1697,1,0.012949724
Warm A,305964,1820,1819,2789,1697,0,0.007601552
Warm A,288349,1722,1721,2789,1697,0,0.001541456
Warm A,300589,1780,1779,2789,1697,0,0.009340117
Warm A,279988,1680,1679,2789,1697,0,0.010999824
Warm A,277187,1675,1674,2789,1697,0,0.004630671
Warm A,278295,1678,1677,2789,1697,1,0.007284819
Warm A,281001,1685,1684,2789,1697,0,0.004350041
Warm A,247935,1496,1495,2789,1697,0,0.013490539
Warm A,350814,2059,2058,2789,1697,1,0.0022412431
Warm A,243033,1465,1464,2789,1697,0,0.0070767626
Warm A,226444,1370,1369,2789,1697,0,-0.0010282474
Warm A,436718,2665,2664,2789,1697,1,0.01318168
Warm A,213701,1298,1297,2789,1697,1,0.009247766
Warm A,294519,1749,1748,2789,1697,0,0.0035130954
Warm A,197077,1209,1208,2789,1697,0,0.013377291
Warm A,328765,1941,1940,2789,1697,0,0.004479373
Warm A,177708,1119,1118,2789,1697,0,0.017926646
Warm A,176429,1115,1114,2789,1697,0,0.0022234498
Warm A,184155,1146,1145,2789,1697,0,-0.0012692115
Warm A,159459,1017,1016,2789,1697,0,0.0041446276
Warm A,324054,1920,1919,2789,1697,0,0.01706616
Warm A,235966,1428,1427,2789,1697,1,-0.0015148974
Warm A,133890,868,867,2789,1697,0,0.0008575695
Warm A,233515,1420,1419,2789,1697,1,0.0043475693
Warm A,131367,850,849,2789,1697,1,0.0058634626
Warm A,115569,749,748,2789,1697,1,0.015892403
Warm A,130619,846,845,2789,1697,0,0.009862469
Warm A,97219,651,650,2789,1697,1,0.021400658
Warm A,95076,637,636,2789,1697,1,0.012453026
Warm A,394319,2323,2322,2789,1697,0,0.004005228
Warm A,191485,1181,1180,2789,1697,0,0.016392983
Warm A,239358,1448,1447,2789,1697,0,0.012837362
Warm A,83558,549,548,2789,1697,1,0.014013367
Warm A,80412,533,532,2789,1697,0,0.01372184
Warm A,57662,390,389,2789,1697,1,0.0077172103
Warm A,63415,424,423,2789,1697,1,0.014643405
Warm A,211391,1285,1284,2789,1697,0,0.011759185
Warm A,48022,321,320,2789,1697,1,0.017602805
Warm A,41252,278,277,2789,1697,0,0.0058572693
Warm A,41067,276,275,2789,1697,0,0.0053945016
Warm A,36673,245,244,2789,1697,0,0.010267755
Warm A,99918,667,666,2789,1697,1,0.0014057383
Warm A,22869,165,164,2789,1697,1,0.0038721221
Warm A,947795,5722,5721,2789,1697,0,0.0067010513
Warm A,192779,1186,1185,2789,1697,1,0.0070822197
Warm A,15751,123,122,2789,1697,1,0.017627731
Warm A,7917,53,52,2789,1697,1,0.0060798256
Warm A,2416,19,18,2789,1697,0,0.003153664
Warm A,552665,3401,3400,2789,1697,0,0.007429644
Warm A,238303,1447,1446,2789,1697,0,0.014938107
Warm A,174355,1101,1100,2789,1697,0,0.0054974393
Warm A,365912,2129,2128,2789,1697,0,0.007462769
Warm A,31087,208,207,2789,1697,0,0.009561008
Warm A,299250,1776,1775,2789,1697,1,0.00824125
Warm A,102666,678,677,2789,1697,0,0.010106172
Warm A,474421,2910,2909,2789,1697,0,0.0063772094
Warm A,178400,1120,1119,2789,1697,1,0.017071998
Warm A,241493,1451,1450,2789,1697,0,0.0018378121
Warm A,633655,3824,3823,2789,1697,0,0.011413671
Warm A,241502,1451,1450,2790,1698,0,0.0038249975
Warm A,872726,5269,5268,2798,1706,0,0.010006943
Warm A,572514,3507,3506,2798,1706,1,-0.00037475768
Warm A,659301,3971,3970,2798,1706,0,0.009376944
Warm A,581457,3550,3549,2798,1706,0,0.008865555
Warm A,555982,3416,3415,2798,1706,0,0.0011126071
Warm A,557050,3422,3421,2798,1706,0,0.005329203
Warm A,771919,4600,4599,2798,1706,0,0.0065442366
Warm A,573018,3509,3508,2798,1706,0,0.011170914
Warm A,575614,3519,3518,2798,1706,0,0.0050200447
Warm A,550645,3391,3390,2798,1706,0,0.0043268856
Warm A,547670,3378,3377,2798,1706,0,0.0038552808
Warm A,537541,3311,3310,2798,1706,0,0.007921586
Warm A,536300,3308,3307,2798,1706,0,0.010274025
Warm A,533997,3295,3294,2798,1706,0,0.0038737436
Warm A,584884,3569,3568,2798,1706,0,0.012993021
Warm A,519127,3202,3201,2798,1706,0,0.0010640137
Warm A,532417,3285,3284,2798,1706,0,0.0055012535
Warm A,515107,3180,3179,2798,1706,0,0.0041360864
Warm A,499767,3067,3066,2798,1706,0,0.0103329085
Warm A,494569,3032,3031,2798,1706,1,0.007566213
Warm A,493603,3031,3030,2798,1706,0,0.004824833
Warm A,487508,2998,2997,2798,1706,0,0.0077035613
Warm A,485352,2986,2985,2798,1706,0,0.013156876
Warm A,474160,2909,2908,2798,1706,0,0.0073539848
Warm A,487239,2996,2995,2798,1706,0,0.004265905
Warm A,450414,2776,2775,2798,1706,0,0.01110806
Warm A,451233,2777,2776,2798,1706,0,0.0058663553
Warm A,420583,2541,2540,2798,1706,0,0.011029915
Warm A,419982,2537,2536,2798,1706,0,0.0016908991
Warm A,399617,2378,2377,2798,1706,0,-0.00599705
Warm A,390207,2288,2287,2798,1706,0,0.0026768278
Warm A,356081,2085,2084,2798,1706,0,0.004425619
Warm A,352408,2063,2062,2798,1706,0,0.0145888515
Warm A,436739,2665,2664,2798,1706,0,0.010013817
Warm A,361948,2109,2108,2798,1706,0,0.002418218
Warm A,341847,2012,2011,2798,1706,0,0.004702593
Warm A,288164,1721,1720,2798,1706,0,-0.0010349229
Warm A,281442,1687,1686,2798,1706,1,0.002540965
Warm A,299265,1776,1775,2798,1706,0,0.0040468974
Warm A,275283,1666,1665,2798,1706,0,0.013239942
Warm A,286352,1709,1708,2798,1706,0,0.01141021
Warm A,266112,1613,1612,2798,1706,0,0.012781649
Warm A,236098,1430,1429,2798,1706,0,0.00936198
Warm A,224360,1356,1355,2798,1706,0,0.002461991
Warm A,213112,1297,1296,2798,1706,0,0.006429107
Warm A,278050,1676,1675,2798,1706,0,0.006966834
Warm A,261985,1599,1598,2798,1706,0,0.009272229
Warm A,280035,1680,1679,2798,1706,0,0.014060101
Warm A,213720,1298,1297,2798,1706,0,0.0048690466
Warm A,196787,1207,1206,2798,1706,0,0.008952024
Warm A,236515,1434,1433,2798,1706,0,0.0052585145
Warm A,179867,1125,1124,2798,1706,1,0.010178569
Warm A,175816,1112,1111,2798,1706,0,0.0055060736
Warm A,328797,1941,1940,2798,1706,0,0.0065467395
Warm A,164091,1050,1049,2798,1706,0,0.007367085
Warm A,272414,1645,1644,2798,1706,0,0.012337474
Warm A,164907,1051,1050,2798,1706,0,0.0122330235
Warm A,136975,881,880,2798,1706,0,0.0052542733
Warm A,332897,1962,1961,2798,1706,0,0.008237119
Warm A,121619,781,780,2798,1706,0,0.0005514752
Warm A,178412,1120,1119,2798,1706,0,0.006386284
Warm A,361160,2106,2105,2798,1706,0,0.0028079282
Warm A,120635,777,776,2798,1706,0,0.004846915
Warm A,106351,699,698,2798,1706,0,0.008455597
Warm A,101544,676,675,2798,1706,0,-0.0031698141
Warm A,109475,714,713,2798,1706,0,0.00666203
Warm A,99103,660,659,2798,1706,0,0.010318676
Warm A,96520,647,646,2798,1706,0,0.0053253155
Warm A,77939,524,523,2798,1706,0,0.0131123755
Warm A,299847,1778,1777,2798,1706,0,0.0047394745
Warm A,119566,770,769,2798,1706,0,0.0017292276
Warm A,81958,543,542,2798,1706,0,0.0049438537
Warm A,73194,494,493,2798,1706,0,-0.005430878
Warm A,87132,569,568,2798,1706,0,0.006029831
Warm A,67597,453,452,2798,1706,0,0.009874146
Warm A,65603,438,437,2798,1706,0,0.0075308126
Warm A,251276,1516,1515,2798,1706,0,0.013524275
Warm A,58204,392,391,2798,1706,0,0.0006299652
Warm A,240587,1449,1448,2798,1706,0,0.002268848
Warm A,44758,302,301,2798,1706,0,0.011822034
Warm A,39638,268,267,2798,1706,0,0.011556098
Warm A,32293,216,215,2798,1706,0,0.012063422
Warm A,337252,1983,1982,2798,1706,0,0.010487843
Warm A,96763,649,648,2798,1706,0,0.006325424
Warm A,30058,202,201,2798,1706,0,0.0054448536
Warm A,291741,1737,1736,2798,1706,0,0.0068248156
Warm A,235301,1425,1424,2798,1706,0,0.0061895233
Warm A,49647,329,328,2798,1706,0,0.009840862
Warm A,15772,123,122,2798,1706,0,0.0012884323
Warm A,3636,26,25,2798,1706,0,0.0029906025
Warm A,363452,2116,2115,2798,1706,0,0.008822944
Warm A,329615,1943,1942,2798,1706,0,0.002971966
Warm A,331977,1958,1957,2798,1706,0,0.0073390347
Warm A,160471,1019,1018,2798,1706,0,-0.0027865607
Warm A,907888,5492,5491,2798,1706,0,0.004766009
Warm A,893522,5394,5393,2798,1706,0,0.0028074798
Warm A,116936,753,752,2798,1706,1,6.410014e-05
Warm A,273313,1647,1646,2798,1706,0,0.0123569155
Warm A,257973,1579,1578,2798,1706,0,0.003556984
Warm A,461668,2847,2846,2798,1706,0,0.0007146106
Warm A,288165,1721,1720,2799,1707,0,0.004163145
Warm A,281444,1687,1686,2799,1707,0,0.003422841
Warm A,266115,1613,1612,2799,1707,0,0.009356285
Warm A,224362,1356,1355,2799,1707,0,0.009640737
Warm A,296916,1759,1758,2799,1707,0,-0.005987947
Warm A,213115,1297,1296,2799,1707,0,0.0045140395
Warm A,278053,1676,1675,2799,1707,0,0.003612674
Warm A,280039,1680,1679,2799,1707,0,0.0075616185
Warm A,236516,1434,1433,2799,1707,0,0.009638736
Warm A,183667,1142,1141,2799,1707,0,0.0055585783
Warm A,177253,1117,1116,2799,1707,0,-0.0013639389
Warm A,178415,1120,1119,2799,1707,0,0.010618781
Warm A,175820,1112,1111,2799,1707,0,0.009485499
Warm A,136978,881,880,2799,1707,0,0.0029990578
Warm A,332900,1962,1961,2799,1707,0,0.004930048
Warm A,361163,2106,2105,2799,1707,0,0.000118463766
Warm A,120637,777,776,2799,1707,0,0.0010897313
Warm A,106353,699,698,2799,1707,0,0.0027535087
Warm A,179870,1125,1124,2799,1707,0,0.0016503934
Warm A,101546,676,675,2799,1707,0,0.002247695
Warm A,299849,1778,1777,2799,1707,0,0.0014225657
Warm A,119568,770,769,2799,1707,0,0.0025256923
Warm A,73195,494,493,2799,1707,0,0.0027669433
Warm A,87134,569,568,2799,1707,1,0.0037444825
Warm A,251278,1516,1515,2799,1707,0,0.010005294
Warm A,44762,302,301,2799,1707,0,0.0094410535
Warm A,39641,268,267,2799,1707,0,-0.005012962
Warm A,240589,1449,1448,2799,1707,0,0.004751833
Warm A,96764,649,648,2799,1707,0,0.002552784
Warm A,49650,329,328,2799,1707,0,-0.0022083914
Warm A,363455,2116,2115,2799,1707,1,-0.000519349
Warm A,573020,3509,3508,2799,1707,0,0.0035665627
Warm A,272416,1645,1644,2799,1707,0,0.015561234
Warm A,116938,753,752,2799,1707,0,0.009994912
Warm A,342856,2015,2014,2799,1707,0,0.006382764
Warm A,273315,1647,1646,2799,1707,0,0.0033497314
Warm A,235303,1425,1424,2799,1707,0,0.012384439
Warm A,461671,2847,2846,2799,1707,0,0.006289458
Warm A,257976,1579,1578,2799,1707,0,0.0049195075
Warm A,185087,1150,1149,2801,1708,0,0.009282427
Warm A,201455,1242,1241,2801,1708,1,0.0036354153
Warm A,174478,1103,1102,2801,1708,0,0.013936354
Warm A,169781,1078,1077,2801,1708,1,0.012806295
Warm A,169090,1073,1072,2801,1708,1,0.006041386
Warm A,148251,955,954,2801,1708,0,-0.0028949792
Warm A,131822,854,853,2801,1708,0,0.012918141
Warm A,131075,850,849,2801,1708,1,0.013084406
Warm A,223431,1354,1353,2801,1708,0,0.003435166
Warm A,778836,4653,4652,2801,1708,0,0.009988746
Warm A,103655,689,688,2801,1708,1,0.0068639927
Warm A,100782,673,672,2801,1708,1,-0.0010960614
Warm A,176821,1117,1116,2801,1708,0,0.0050656837
Warm A,234860,1425,1424,2801,1708,1,0.0029660463
Warm A,696052,4169,4168,2801,1708,1,0.00378287
Warm A,155286,1001,1000,2801,1708,1,0.0036921995
Warm A,35298,238,237,2801,1708,0,0.010834428
Warm A,26459,187,186,2801,1708,1,0.0066509545
Warm A,545264,3363,3362,2801,1708,1,0.013173386
Warm A,79265,531,530,2801,1708,0,0.011989495
Warm A,605166,3679,3678,2801,1708,0,0.015990185
Warm A,784017,4682,4681,2801,1708,1,0.0013107182
Warm A,797281,4781,4780,2801,1708,1,0.0028698638
Warm A,35086,237,236,2801,1708,0,0.0011480746
Warm A,796004,4771,4770,2801,1708,1,-0.003516933
Warm A,195335,1203,1202,2801,1708,0,0.008593805
Warm A,187566,1164,1163,2801,1708,0,0.004591514
Warm A,263153,1605,1604,2801,1708,1,0.014155179
Warm A,904625,5470,5469,2801,1708,0,-0.0016959144
Warm A,18728,146,145,2801,1708,0,0.0084669795
Warm A,171453,1088,1087,2801,1708,0,0.010441305
Warm A,534019,3296,3295,2806,1713,1,0.014191187
Warm A,532696,3290,3289,2806,1713,0,0.0046423743
Warm A,530913,3280,3279,2806,1713,0,0.0041214274
Warm A,519683,3206,3205,2806,1713,0,0.0075789606
Warm A,516884,3191,3190,2806,1713,1,0.0075151445
Warm A,507187,3121,3120,2806,1713,0,0.010187003
Warm A,784018,4682,4681,2806,1713,0,0.017010927
Warm A,523395,3227,3226,2806,1713,0,0.020566935
Warm A,628583,3807,3806,2806,1713,1,0.011218119
Warm A,533170,3292,3291,2806,1713,1,0.0135316625
Warm A,473422,2909,2908,2806,1713,1,0.0069415434
Warm A,470355,2896,2895,2806,1713,0,0.006537413
Warm A,461455,2847,2846,2806,1713,0,0.008858212
Warm A,456399,2810,2809,2806,1713,0,0.00351273
Warm A,455069,2801,2800,2806,1713,0,0.0030889062
Warm A,540646,3327,3326,2806,1713,0,0.006034188
Warm A,444591,2743,2742,2806,1713,0,0.0070931283
Warm A,433985,2645,2644,2806,1713,0,0.003022297
Warm A,431975,2633,2632,2806,1713,0,2.7896953e-05
Warm A,450721,2777,2776,2806,1713,0,0.011845502
Warm A,389544,2283,2282,2806,1713,0,0.0095130615
Warm A,386574,2261,2260,2806,1713,0,0.004022297
Warm A,378912,2212,2211,2806,1713,0,0.01371314
Warm A,380207,2223,2222,2806,1713,0,0.0089052245
Warm A,373954,2181,2180,2806,1713,0,0.01294343
Warm A,354009,2073,2072,2806,1713,0,0.010208085
Warm A,361516,2109,2108,2806,1713,0,0.009934881
Warm A,348611,2043,2042,2806,1713,0,-0.0049238536
Warm A,352633,2064,2063,2806,1713,0,0.015905969
Warm A,339949,2005,2004,2806,1713,0,0.0045034504
Warm A,340537,2010,2009,2806,1713,0,0.0079198405
Warm A,350924,2060,2059,2806,1713,0,0.0033886516
Warm A,345781,2029,2028,2806,1713,0,0.0028348225
Warm A,314048,1875,1874,2806,1713,0,0.0046835765
Warm A,306787,1831,1830,2806,1713,0,0.00786945
Warm A,288093,1721,1720,2806,1713,0,0.01803686
Warm A,297400,1764,1763,2806,1713,1,0.01740016
Warm A,277539,1676,1675,2806,1713,0,0.014469679
Warm A,281784,1690,1689,2806,1713,0,0.0057398328
Warm A,282578,1694,1693,2806,1713,0,0.009313118
Warm A,275048,1666,1665,2806,1713,0,0.012958914
Warm A,271247,1640,1639,2806,1713,0,0.0024573668
Warm A,236596,1436,1435,2806,1713,1,0.009552319
Warm A,236344,1434,1433,2806,1713,1,0.00029492495
Warm A,225559,1366,1365,2806,1713,1,0.02001162
Warm A,224091,1356,1355,2806,1713,0,0.008905947
Warm A,222352,1345,1344,2806,1713,0,-4.1333376e-05
Warm A,216651,1316,1315,2806,1713,0,0.011212905
Warm A,215799,1307,1306,2806,1713,1,0.00073676475
Warm A,214064,1300,1299,2806,1713,0,0.009808201
Warm A,261676,1599,1598,2806,1713,0,0.0034869616
Warm A,204903,1261,1260,2806,1713,0,0.00044550467
Warm A,278939,1680,1679,2806,1713,0,0.010953311
Warm A,210067,1284,1283,2806,1713,1,0.0019204341
Warm A,196404,1207,1206,2806,1713,0,0.010747796
Warm A,189304,1173,1172,2806,1713,0,0.005943845
Warm A,186464,1153,1152,2806,1713,0,0.0010016935
Warm A,183514,1142,1141,2806,1713,0,0.0055084163
Warm A,180762,1130,1129,2806,1713,0,0.012785185
Warm A,191806,1182,1181,2806,1713,0,-0.0012526803
Warm A,205277,1263,1262,2806,1713,0,-0.001843719
Warm A,173582,1100,1099,2806,1713,0,0.0029314375
Warm A,172835,1096,1095,2806,1713,0,0.013657693
Warm A,183930,1146,1145,2806,1713,0,0.004583697
Warm A,167768,1068,1067,2806,1713,0,0.013100745
Warm A,327865,1941,1940,2806,1713,0,0.015204514
Warm A,270406,1636,1635,2806,1713,0,0.0043548606
Warm A,170469,1086,1085,2806,1713,0,0.013646863
Warm A,140531,903,902,2806,1713,0,0.008842081
Warm A,139822,896,895,2806,1713,1,0.0016479185
Warm A,137508,888,887,2806,1713,0,4.9977098e-05
Warm A,134136,869,868,2806,1713,1,0.009565906
Warm A,145591,936,935,2806,1713,0,0.015049125
Warm A,351612,2063,2062,2806,1713,0,0.012964191
Warm A,181926,1137,1136,2806,1713,0,0.02032965
Warm A,128013,828,827,2806,1713,0,0.007669104
Warm A,365463,2127,2126,2806,1713,0,0.0032693525
Warm A,126009,812,811,2806,1713,1,-0.0019269213
Warm A,360629,2106,2105,2806,1713,0,-0.0032389348
Warm A,118073,764,763,2806,1713,1,0.0095122615
Warm A,117434,757,756,2806,1713,0,0.0050742337
Warm A,223433,1354,1353,2806,1713,0,0.009310889
Warm A,116051,752,751,2806,1713,1,0.01139421
Warm A,114776,746,745,2806,1713,0,0.00071447005
Warm A,216393,1314,1313,2806,1713,1,0.0034093529
Warm A,107067,704,703,2806,1713,0,-0.0039749797
Warm A,91168,604,603,2806,1713,0,0.008523881
Warm A,88759,587,586,2806,1713,0,0.0035794028
Warm A,174623,1105,1104,2806,1713,0,0.0011207485
Warm A,74715,509,508,2806,1713,0,0.007730535
Warm A,64187,429,428,2806,1713,0,0.009710418
Warm A,64069,428,427,2806,1713,0,0.0035476014
Warm A,47978,321,320,2806,1713,0,0.0034883427
Warm A,47533,319,318,2806,1713,0,0.009315121
Warm A,49473,329,328,2806,1713,0,0.010122021
Warm A,362877,2116,2115,2806,1713,0,0.0069661923
Warm A,46472,310,309,2806,1713,0,0.0069658067
Warm A,32503,218,217,2806,1713,0,0.0042994916
Warm A,29901,202,201,2806,1713,0,0.004427426
Warm A,291262,1737,1736,2806,1713,0,0.005913237
Warm A,766141,4562,4561,2806,1713,0,0.020831726
Warm A,17291,135,134,2806,1713,0,0.011010312
Warm A,15043,119,118,2806,1713,1,0.01493765
Warm A,9577,63,62,2806,1713,0,0.011304109
Warm A,22579,163,162,2806,1713,0,0.004487831
Warm A,361,5,4,2806,1713,0,0.005742057
Warm A,79270,531,530,2806,1713,0,0.009199364
Warm A,1236,11,10,2806,1713,0,0.017579824
Warm A,653451,3940,3939,2806,1713,0,0.002064406
Warm A,157994,1015,1014,2806,1713,0,0.02063729
Warm A,119124,770,769,2806,1713,0,0.01135598
Warm A,88189,582,581,2806,1713,0,0.001984539
Warm A,20038,149,148,2806,1713,0,0.01458323
Warm A,370933,2168,2167,2806,1713,0,0.012260507
Warm A,110699,721,720,2806,1713,0,0.01476619
Warm A,682312,4085,4084,2806,1713,1,0.0034599877
Warm A,272101,1645,1644,2806,1713,0,0.017618671
Warm A,170805,1087,1086,2806,1713,0,0.017558899
Warm A,407203,2446,2445,2806,1713,0,0.019223738
Warm A,405309,2427,2426,2806,1713,1,0.0017535136
Warm A,537821,3312,3311,2806,1713,0,0.01710047
Warm A,229578,1390,1389,2806,1713,0,0.0055217426
Warm A,923893,5580,5579,2806,1713,0,0.008624554
Warm A,309542,1842,1841,2806,1713,0,0.013875337
Warm A,499276,3067,3066,2806,1713,0,0.004288908
Warm A,907601,5492,5491,2806,1713,0,0.00800872
Warm A,222728,1348,1347,2806,1713,1,0.0029019294
Warm A,719979,4312,4311,2806,1713,0,0.0057708374
Warm A,143507,926,925,2806,1713,1,0.002081519
Warm A,696059,4169,4168,2806,1713,0,0.0142128635
Warm A,111621,727,726,2806,1713,0,0.0111733815
Warm A,718497,4305,4304,2806,1713,1,0.0073056864
Warm A,26662,188,187,2806,1713,0,0.0053539565
Warm A,255885,1560,1559,2806,1713,0,0.007889854
Warm A,688329,4117,4116,2806,1713,1,0.0086583365
Warm A,96575,648,647,2806,1713,0,0.005414274
Warm A,171458,1088,1087,2806,1713,0,0.008501514
Warm A,877394,5302,5301,2806,1713,0,-0.0012039179
Warm A,263161,1605,1604,2806,1713,0,0.011446691
Warm A,267162,1624,1623,2807,1714,0,0.0036482995
Warm A,224092,1356,1355,2807,1714,0,0.00997909
Warm A,277540,1676,1675,2807,1714,0,0.018043227
Warm A,190681,1181,1180,2807,1714,0,0.011398373
Warm A,179507,1125,1124,2807,1714,0,0.0035187062
Warm A,436292,2665,2664,2807,1714,0,0.00845764
Warm A,216916,1317,1316,2807,1714,0,0.0090105515
Warm A,156704,1010,1009,2807,1714,0,0.013438009
Warm A,138043,889,888,2807,1714,0,0.0025463179
Warm A,136416,881,880,2807,1714,0,0.015521852
Warm A,127062,820,819,2807,1714,0,0.003956901
Warm A,121846,785,784,2807,1714,1,0.006895513
Warm A,114777,746,745,2807,1714,0,0.0043426934
Warm A,114393,744,743,2807,1714,0,0.008789864
Warm A,119125,770,769,2807,1714,0,0.011263609
Warm A,96371,647,646,2807,1714,0,0.0078607425
Warm A,203002,1246,1245,2807,1714,0,0.0083856005
Warm A,86058,563,562,2807,1714,0,0.010206239
Warm A,250345,1509,1508,2807,1714,0,0.006953978
Warm A,74716,509,508,2807,1714,0,0.012234239
Warm A,71063,477,476,2807,1714,0,0.0037275204
Warm A,537822,3312,3311,2807,1714,0,0.00770993
Warm A,291263,1737,1736,2807,1714,0,0.0050870785
Warm A,13991,113,112,2807,1714,0,0.00889783
Warm A,12330,93,92,2807,1714,0,0.0023776148
Warm A,10274,73,72,2807,1714,0,0.018794607
Warm A,8511,58,57,2807,1714,0,0.011822868
Warm A,17176,134,133,2807,1714,0,0.0018285986
Warm A,2026,18,17,2807,1714,0,0.012921777
Warm A,389404,2282,2281,2807,1714,0,0.01649028
Warm A,776846,4640,4639,2807,1714,0,0.018664768
Warm A,569713,3493,3492,2816,1717,0,0.0026616198
Warm A,570247,3499,3498,2816,1717,0,0.011637301
Warm A,556211,3418,3417,2816,1717,0,0.0124176
Warm A,555200,3414,3413,2816,1717,0,0.006223037
Warm A,545021,3361,3360,2816,1717,0,0.001263154
Warm A,544249,3355,3354,2816,1717,0,-0.0051549906
Warm A,538884,3314,3313,2816,1717,0,0.0077345353
Warm A,535899,3308,3307,2816,1717,0,0.012181242
Warm A,544037,3353,3352,2816,1717,0,0.022374086
Warm A,516890,3191,3190,2816,1717,0,0.008045216
Warm A,515394,3182,3181,2816,1717,0,0.01855947
Warm A,605694,3681,3680,2816,1717,0,0.0054578045
Warm A,504129,3099,3098,2816,1717,1,0.0023416502
Warm A,575233,3519,3518,2816,1717,0,0.01664732
Warm A,487843,3001,3000,2816,1717,0,0.014017107
Warm A,486586,2995,2994,2816,1717,0,0.014738354
Warm A,480061,2946,2945,2816,1717,0,0.011291182
Warm A,696081,4169,4168,2816,1717,0,0.020597808
Warm A,471319,2900,2899,2816,1717,0,0.014194542
Warm A,473443,2909,2908,2816,1717,0,0.010596051
Warm A,463172,2857,2856,2816,1717,0,0.008535678
Warm A,459520,2831,2830,2816,1717,0,0.004918531
Warm A,594756,3620,3619,2816,1717,0,0.0070140655
Warm A,449871,2774,2773,2816,1717,0,0.0026761228
Warm A,449322,2771,2770,2816,1717,0,0.011378022
Warm A,434400,2649,2648,2816,1717,0,0.0037693458
Warm A,423692,2567,2566,2816,1717,0,0.014079783
Warm A,415225,2500,2499,2816,1717,0,0.0050407173
Warm A,412752,2484,2483,2816,1717,0,0.01619858
Warm A,388899,2279,2278,2816,1717,0,0.011120111
Warm A,375060,2186,2185,2816,1717,0,0.0032072037
Warm A,373383,2180,2179,2816,1717,0,0.011220291
Warm A,357355,2092,2091,2816,1717,0,0.010783619
Warm A,297408,1764,1763,2816,1717,1,0.007840953
Warm A,290901,1736,1735,2816,1717,0,0.0049230326
Warm A,275469,1667,1666,2816,1717,0,0.010591134
Warm A,256471,1566,1565,2816,1717,0,0.0051917285
Warm A,265661,1613,1612,2816,1717,0,0.017302878
Warm A,242435,1464,1463,2816,1717,0,0.006047144
Warm A,283140,1696,1695,2816,1717,0,0.010424456
Warm A,242713,1465,1464,2816,1717,0,0.013263665
Warm A,227061,1377,1376,2816,1717,0,0.0155771375
Warm A,205713,1264,1263,2816,1717,0,0.0051668556
Warm A,197868,1216,1215,2816,1717,0,0.0061274003
Warm A,190701,1181,1180,2816,1717,0,0.016186744
Warm A,307337,1835,1834,2816,1717,0,0.017468486
Warm A,180226,1128,1127,2816,1717,0,0.0067823315
Warm A,327887,1941,1940,2816,1717,0,0.016920589
Warm A,155804,1004,1003,2816,1717,0,0.010391375
Warm A,154803,999,998,2816,1717,0,0.011928615
Warm A,148057,954,953,2816,1717,0,0.003008529
Warm A,276877,1675,1674,2816,1717,0,0.019648105
Warm A,138067,889,888,2816,1717,0,0.019537594
Warm A,202410,1244,1243,2816,1717,0,0.009701343
Warm A,118305,765,764,2816,1717,0,0.003815365
Warm A,114399,744,743,2816,1717,0,0.011119304
Warm A,106715,702,701,2816,1717,0,0.01533336
Warm A,96120,646,645,2816,1717,0,0.016177453
Warm A,294848,1752,1751,2816,1717,0,0.012529654
Warm A,88098,580,579,2816,1717,0,0.0023471643
Warm A,150508,970,969,2816,1717,0,0.01057568
Warm A,81579,543,542,2816,1717,1,0.017029252
Warm A,71067,477,476,2816,1717,0,-0.0043864436
Warm A,70402,475,474,2816,1717,0,0.0070835613
Warm A,68635,461,460,2816,1717,0,0.019575253
Warm A,52338,344,343,2816,1717,0,0.005510662
Warm A,78379,528,527,2816,1717,0,0.012549947
Warm A,40449,272,271,2816,1717,0,0.02013043
Warm A,626653,3792,3791,2816,1717,0,0.008154978
Warm A,19482,148,147,2816,1717,0,0.012271705
Warm A,12336,93,92,2816,1717,0,0.013991449
Warm A,5618,40,39,2816,1717,0,0.001598897
Warm A,6878,48,47,2816,1717,0,0.012788052
Warm A,235535,1426,1425,2816,1717,0,0.004991677
Warm A,144095,929,928,2816,1717,0,0.010490946
Warm A,552229,3401,3400,2816,1717,0,0.012063147
Warm A,432623,2638,2637,2816,1717,0,0.0028122826
Warm A,265001,1611,1610,2816,1717,0,0.0035713657
Warm A,430989,2627,2626,2816,1717,0,0.007179645
Warm A,304784,1812,1811,2816,1717,0,0.009939926
Warm A,257559,1579,1578,2816,1717,0,0.01515731
Warm A,418572,2529,2528,2816,1717,0,0.02062248
Warm A,931403,5626,5625,2816,1717,1,0.010097248
Warm A,892896,5394,5393,2816,1717,0,0.010501783
Warm A,136431,881,880,2816,1717,0,-0.0030241641
Warm A,310605,1851,1850,2816,1717,0,0.005209879
Warm A,354799,2077,2076,2816,1717,0,0.015226401
Warm A,599160,3648,3647,2816,1717,0,0.008931572
Warm A,544038,3353,3352,2817,1718,0,0.0056663263
Warm A,518677,3201,3200,2817,1718,0,0.008615147
Warm A,512724,3163,3162,2817,1718,0,0.004678359
Warm A,504130,3099,3098,2817,1718,0,0.0059041437
Warm A,575234,3519,3518,2817,1718,0,0.008038291
Warm A,498560,3063,3062,2817,1718,0,0.005719722
Warm A,487844,3001,3000,2817,1718,0,0.012983586
Warm A,480063,2946,2945,2817,1718,0,0.015005056
Warm A,473445,2909,2908,2817,1718,0,0.0013682237
Warm A,463173,2857,2856,2817,1718,0,-0.0005069366
Warm A,486970,2996,2995,2817,1718,0,0.009763205
Warm A,458527,2823,2822,2817,1718,0,-0.00032550155
Warm A,430715,2625,2624,2817,1718,0,-0.0027376395
Warm A,429089,2611,2610,2817,1718,0,0.011529768
Warm A,417141,2509,2508,2817,1718,0,-0.0035130384
Warm A,415227,2500,2499,2817,1718,1,0.004756545
Warm A,412754,2484,2483,2817,1718,0,0.0052353707
Warm A,407752,2451,2450,2817,1718,0,0.013958655
Warm A,393716,2318,2317,2817,1718,0,0.004272176
Warm A,392073,2304,2303,2817,1718,0,0.017790847
Warm A,384064,2244,2243,2817,1718,0,0.005847526
Warm A,375061,2186,2185,2817,1718,0,0.0028993832
Warm A,373384,2180,2179,2817,1718,0,0.011578543
Warm A,361526,2109,2108,2817,1718,0,0.015363343
Warm A,295993,1757,1756,2817,1718,0,0.0067591965
Warm A,244645,1473,1472,2817,1718,0,0.0009873966
Warm A,301730,1793,1792,2817,1718,0,0.0012201171
Warm A,232324,1410,1409,2817,1718,1,0.0050170687
Warm A,227062,1377,1376,2817,1718,0,0.0072066183
Warm A,196410,1207,1206,2817,1718,0,0.00018306635
Warm A,197869,1216,1215,2817,1718,0,0.0023719112
Warm A,192546,1185,1184,2817,1718,0,-0.0019419673
Warm A,190704,1181,1180,2817,1718,0,0.016049802
Warm A,235536,1426,1425,2817,1718,0,0.0010707933
Warm A,183140,1141,1140,2817,1718,0,0.010412758
Warm A,308513,1837,1836,2817,1718,0,0.011780575
Warm A,179057,1124,1123,2817,1718,0,0.0037220065
Warm A,327888,1941,1940,2817,1718,0,0.008765183
Warm A,275471,1667,1666,2817,1718,0,0.014501248
Warm A,156718,1010,1009,2817,1718,0,0.013392614
Warm A,276878,1675,1674,2817,1718,0,0.01498789
Warm A,138070,889,888,2817,1718,0,0.01248805
Warm A,311910,1860,1859,2817,1718,0,0.00043831696
Warm A,136432,881,880,2817,1718,0,0.004404427
Warm A,121481,781,780,2817,1718,0,-0.0023329011
Warm A,114400,744,743,2817,1718,0,0.004557892
Warm A,113868,738,737,2817,1718,0,0.012076087
Warm A,70403,475,474,2817,1718,0,0.008480499
Warm A,68637,461,460,2817,1718,0,0.0012928322
Warm A,239894,1449,1448,2817,1718,0,0.012448609
Warm A,52339,344,343,2817,1718,0,-0.002754799
Warm A,78380,528,527,2817,1718,0,0.01083485
Warm A,47023,316,315,2817,1718,1,0.01065289
Warm A,291273,1737,1736,2817,1718,0,0.0022856551
Warm A,14555,117,116,2817,1718,0,0.0035018167
Warm A,5619,40,39,2817,1718,0,-0.0005260268
Warm A,6881,48,47,2817,1718,0,0.005066314
Warm A,4401,33,32,2817,1718,0,0.0066996417
Warm A,696082,4169,4168,2817,1718,0,0.007953989
Warm A,144096,929,928,2817,1718,0,0.008005961
Warm A,432625,2638,2637,2817,1718,0,0.013900541
Warm A,265002,1611,1610,2817,1718,0,0.008866993
Warm A,45981,308,307,2817,1718,0,0.005444178
Warm A,931404,5626,5625,2817,1718,1,0.007224577
Warm A,559378,3436,3435,2817,1718,0,-0.0014529026
Warm A,412765,2484,2483,2828,1723,0,0.01766145
Warm A,400079,2381,2380,2828,1723,0,0.009749347
Warm A,396327,2344,2343,2828,1723,0,0.0019109505
Warm A,389692,2286,2285,2828,1723,0,0.0070826947
Warm A,376715,2199,2198,2828,1723,0,0.00074793026
Warm A,375805,2189,2188,2828,1723,0,0.014404722
Warm A,373981,2181,2180,2828,1723,0,0.014599519
Warm A,370470,2166,2165,2828,1723,0,0.010443912
Warm A,366575,2136,2135,2828,1723,0,0.009177374
Warm A,357010,2091,2090,2828,1723,0,-0.003597373
Warm A,354029,2073,2072,2828,1723,0,0.0033671446
Warm A,351655,2063,2062,2828,1723,0,0.018433025
Warm A,295840,1756,1755,2828,1723,0,0.00497684
Warm A,286239,1709,1708,2828,1723,1,0.015470346
Warm A,264348,1608,1607,2828,1723,0,0.017524011
Warm A,236809,1438,1437,2828,1723,0,0.003673501
Warm A,224948,1360,1359,2828,1723,0,-0.002176342
Warm A,224851,1359,1358,2828,1723,0,0.009856361
Warm A,335733,1980,1979,2828,1723,0,0.02174149
Warm A,223459,1354,1353,2828,1723,0,0.013292056
Warm A,195908,1204,1203,2828,1723,0,0.0062311124
Warm A,194122,1196,1195,2828,1723,0,0.015394241
Warm A,327910,1941,1940,2828,1723,0,0.015065363
Warm A,186467,1153,1152,2828,1723,0,0.00090646965
Warm A,176257,1114,1113,2828,1723,0,0.0024360265
Warm A,198600,1220,1219,2828,1723,0,0.006419672
Warm A,165185,1053,1052,2828,1723,0,0.0025331792
Warm A,168847,1071,1070,2828,1723,0,0.0058847927
Warm A,246260,1489,1488,2828,1723,0,0.017105293
Warm A,144850,934,933,2828,1723,0,0.009059783
Warm A,134163,869,868,2828,1723,0,0.0048565166
Warm A,248751,1501,1500,2828,1723,0,0.0030977642
Warm A,122333,789,788,2828,1723,0,0.00725716
Warm A,112388,731,730,2828,1723,0,0.012084626
Warm A,109245,714,713,2828,1723,0,0.009677745
Warm A,82125,545,544,2828,1723,0,0.012336478
Warm A,73090,494,493,2828,1723,0,-0.0020803267
Warm A,68645,461,460,2828,1723,0,0.012044353
Warm A,187931,1165,1164,2828,1723,0,0.0084213745
Warm A,36574,245,244,2828,1723,0,0.011835989
Warm A,32179,216,215,2828,1723,0,0.010408623
Warm A,31155,209,208,2828,1723,0,-0.003964654
Warm A,29946,202,201,2828,1723,0,0.008322023
Warm A,15670,123,122,2828,1723,0,0.012069323
Warm A,10533,75,74,2828,1723,1,0.011158704
Warm A,10023,70,69,2828,1723,0,0.00053568184
Warm A,1716,16,15,2828,1723,0,0.0074608335
Warm A,22619,163,162,2828,1723,0,0.010757027
Warm A,142167,918,917,2828,1723,1,0.01627835
Warm A,19512,148,147,2828,1723,1,0.013930452
Warm A,552236,3401,3400,2828,1723,0,0.0024926467
Warm A,680590,4079,4078,2828,1723,0,0.012685252
Warm A,717016,4294,4293,2828,1723,0,0.0003850418
Warm A,143511,926,925,2828,1723,0,0.003258917
Warm A,187039,1160,1159,2828,1723,0,0.008054062
Warm A,479737,2944,2943,2828,1723,0,0.008717426
Warm A,255893,1560,1559,2828,1723,0,0.017111868
Warm A,427331,2594,2593,2828,1723,0,0.009033728
Warm A,60811,411,410,2828,1723,0,0.0072469185
Warm A,699628,4186,4185,2828,1723,0,0.0077513135
Warm A,171487,1088,1087,2828,1723,0,0.011820877
Warm A,492022,3026,3025,2829,1724,0,-0.0021534364
Warm A,489551,3013,3012,2829,1724,0,-0.004330467
Warm A,488651,3007,3006,2829,1724,0,-0.006349756
Warm A,486040,2993,2992,2829,1724,0,0.0052901255
Warm A,529591,3272,3271,2829,1724,0,0.012993272
Warm A,470930,2899,2898,2829,1724,1,0.007313334
Warm A,852593,5113,5112,2829,1724,0,0.007723623
Warm A,467618,2882,2881,2829,1724,1,0.0095231505
Warm A,518684,3201,3200,2829,1724,0,0.006064498
Warm A,450749,2777,2776,2829,1724,0,0.0102026835
Warm A,458479,2822,2821,2829,1724,0,0.008998234
Warm A,442383,2724,2723,2829,1724,0,0.014815395
Warm A,564316,3471,3470,2829,1724,0,0.0132931145
Warm A,438802,2681,2680,2829,1724,0,0.0056995973
Warm A,424901,2577,2576,2829,1724,0,0.004526574
Warm A,414897,2497,2496,2829,1724,1,-0.0065530287
Warm A,408132,2453,2452,2829,1724,0,0.0077663544
Warm A,399466,2378,2377,2829,1724,0,-0.00113315
Warm A,382269,2233,2232,2829,1724,0,-0.00051450497
Warm A,381284,2230,2229,2829,1724,0,0.00013465551
Warm A,369856,2164,2163,2829,1724,1,0.005728981
Warm A,325319,1926,1925,2829,1724,0,0.006221018
Warm A,315106,1880,1879,2829,1724,0,0.010656964
Warm A,273909,1653,1652,2829,1724,0,0.015319955
Warm A,264567,1609,1608,2829,1724,0,0.0009819609
Warm A,248753,1501,1500,2829,1724,1,-0.00065725716
Warm A,224112,1356,1355,2829,1724,0,0.0057412954
Warm A,312275,1861,1860,2829,1724,0,0.0025454266
Warm A,335736,1980,1979,2829,1724,0,0.009024618
Warm A,222361,1345,1344,2829,1724,1,0.0034884927
Warm A,278979,1680,1679,2829,1724,0,0.009092767
Warm A,194775,1202,1201,2829,1724,0,0.00289607
Warm A,188911,1172,1171,2829,1724,0,0.013180835
Warm A,329241,1943,1942,2829,1724,0,0.003923326
Warm A,210796,1285,1284,2829,1724,0,0.0057775085
Warm A,199375,1224,1223,2829,1724,0,0.013304961
Warm A,174828,1107,1106,2829,1724,1,0.00010515354
Warm A,173596,1100,1099,2829,1724,0,0.00588841
Warm A,169787,1078,1077,2829,1724,1,-0.0023316564
Warm A,168359,1069,1068,2829,1724,1,0.00836553
Warm A,327913,1941,1940,2829,1724,0,0.0036796299
Warm A,189315,1173,1172,2829,1724,1,-0.0057377005
Warm A,158914,1016,1015,2829,1724,1,-0.007538831
Warm A,164438,1051,1050,2829,1724,1,0.010218168
Warm A,152961,984,983,2829,1724,0,0.0040007876
Warm A,131838,854,853,2829,1724,0,0.0013360154
Warm A,159975,1019,1018,2829,1724,0,0.010139766
Warm A,121485,781,780,2829,1724,1,0.011220125
Warm A,120356,777,776,2829,1724,0,0.0049687773
Warm A,112390,731,730,2829,1724,0,0.005928928
Warm A,105980,699,698,2829,1724,0,0.012201088
Warm A,109247,714,713,2829,1724,1,0.009879975
Warm A,98713,660,659,2829,1724,0,0.0010144603
Warm A,107840,710,709,2829,1724,1,0.009024916
Warm A,314056,1875,1874,2829,1724,1,0.015266443
Warm A,85030,553,552,2829,1724,1,0.0017337005
Warm A,238787,1448,1447,2829,1724,1,0.011422888
Warm A,190726,1181,1180,2829,1724,0,0.009720844
Warm A,73644,499,498,2829,1724,0,0.0027582874
Warm A,360661,2106,2105,2829,1724,0,0.0021377266
Warm A,228166,1383,1382,2829,1724,0,0.006716923
Warm A,155300,1001,1000,2829,1724,1,0.0036416422
Warm A,53878,352,351,2829,1724,1,0.008936345
Warm A,805657,4823,4822,2829,1724,0,0.0074524125
Warm A,784032,4682,4681,2829,1724,0,0.012981965
Warm A,47581,319,318,2829,1724,0,0.0070851706
Warm A,343595,2018,2017,2829,1724,0,0.00453056
Warm A,61347,412,411,2829,1724,1,0.009495456
Warm A,696106,4169,4168,2829,1724,1,0.014862299
Warm A,55663,368,367,2829,1724,0,-0.00011769519
Warm A,537844,3312,3311,2829,1724,0,0.0123954285
Warm A,32183,216,215,2829,1724,0,0.008055711
Warm A,336957,1983,1982,2829,1724,1,0.011944547
Warm A,31546,214,213,2829,1724,0,0.00015627174
Warm A,29477,201,200,2829,1724,1,0.00416061
Warm A,29262,199,198,2829,1724,0,0.0052818772
Warm A,27593,193,192,2829,1724,0,0.014092116
Warm A,234885,1425,1424,2829,1724,1,0.019511653
Warm A,21171,155,154,2829,1724,0,0.007385309
Warm A,6288,45,44,2829,1724,0,0.011256107
Warm A,158028,1015,1014,2829,1724,0,0.0091548655
Warm A,354812,2077,2076,2829,1724,1,0.017657973
Warm A,237794,1447,1446,2829,1724,1,0.010014925
Warm A,466742,2878,2877,2829,1724,0,0.010516585
Warm A,954203,5761,5760,2829,1724,0,0.0001304897
Warm A,631488,3821,3820,2829,1724,0,-0.0008017968
Warm A,484953,2986,2985,2829,1724,0,0.011619824
Warm A,923900,5580,5579,2829,1724,0,0.006905115
Warm A,565496,3475,3474,2829,1724,0,0.006459142
Warm A,496443,3051,3050,2829,1724,0,0.0034806747
Warm A,768673,4579,4578,2829,1724,0,0.017055003
Warm A,473466,2909,2908,2829,1724,0,0.013869138
Warm A,848151,5097,5096,2829,1724,1,0.008767411
Warm A,878962,5312,5311,2829,1724,1,0.016819382
Warm A,699629,4186,4185,2829,1724,0,0.012065439
Warm A,171489,1088,1087,2829,1724,1,-0.0013350802
Warm A,748228,4467,4466,2829,1724,0,0.0035857116
Warm A,579214,3539,3538,2836,1725,1,0.00591497
Warm A,744810,4448,4447,2836,1725,0,0.012250492
Warm A,582940,3561,3560,2836,1725,1,0.006958722
Warm A,563035,3464,3463,2836,1725,0,0.009522606
Warm A,571398,3504,3503,2836,1725,0,0.0061238455
Warm A,530934,3280,3279,2836,1725,0,0.009349846
Warm A,517391,3193,3192,2836,1725,0,0.008992522
Warm A,515409,3182,3181,2836,1725,0,0.003874405
Warm A,657482,3963,3962,2836,1725,0,0.0035026092
Warm A,499318,3067,3066,2836,1725,1,0.01036632
Warm A,549992,3391,3390,2836,1725,1,0.00070921634
Warm A,492650,3029,3028,2836,1725,0,0.012462289
Warm A,490233,3017,3016,2836,1725,0,-0.0004910836
Warm A,498748,3065,3064,2836,1725,1,0.0034379754
Warm A,479884,2945,2944,2836,1725,1,0.0016949936
Warm A,470941,2899,2898,2836,1725,0,0.009084163
Warm A,571009,3503,3502,2836,1725,1,0.008699398
Warm A,467621,2882,2881,2836,1725,0,0.004750191
Warm A,801358,4802,4801,2836,1725,1,0.015611433
Warm A,450765,2777,2776,2836,1725,1,0.0062816115
Warm A,450227,2776,2775,2836,1725,0,0.0039627575
Warm A,442258,2723,2722,2836,1725,1,-0.003316184
Warm A,564326,3471,3470,2836,1725,0,0.010924789
Warm A,438808,2681,2680,2836,1725,1,0.0096483035
Warm A,429439,2613,2612,2836,1725,1,0.0040647034
Warm A,404479,2419,2418,2836,1725,1,0.009018016
Warm A,392698,2305,2304,2836,1725,0,0.0014421085
Warm A,375300,2187,2186,2836,1725,1,0.0094342455
Warm A,382467,2235,2234,2836,1725,1,-0.0015004553
Warm A,367883,2148,2147,2836,1725,0,-0.00475067
Warm A,351676,2063,2062,2836,1725,0,-0.001101153
Warm A,361549,2109,2108,2836,1725,0,0.009040779
Warm A,373990,2181,2180,2836,1725,0,0.0040990952
Warm A,358847,2100,2099,2836,1725,0,0.0041898526
Warm A,342025,2014,2013,2836,1725,0,0.00095660286
Warm A,338588,1992,1991,2836,1725,0,0.004551435
Warm A,340577,2010,2009,2836,1725,0,0.009551858
Warm A,330277,1949,1948,2836,1725,1,0.0071056793
Warm A,281219,1687,1686,2836,1725,0,0.0060891546
Warm A,275061,1666,1665,2836,1725,0,0.0022436096
Warm A,268493,1631,1630,2836,1725,1,0.00494728
Warm A,309265,1841,1840,2836,1725,0,0.008747552
Warm A,243204,1466,1465,2836,1725,1,-0.002715187
Warm A,236028,1430,1429,2836,1725,0,0.0087787695
Warm A,240777,1450,1449,2836,1725,0,-0.0006285715
Warm A,224120,1356,1355,2836,1725,1,0.010437436
Warm A,225737,1367,1366,2836,1725,1,0.0035809507
Warm A,222366,1345,1344,2836,1725,1,-0.0044237776
Warm A,223472,1354,1353,2836,1725,0,-0.0012221518
Warm A,212851,1297,1296,2836,1725,1,0.013532073
Warm A,277580,1676,1675,2836,1725,0,0.013259544
Warm A,205294,1263,1262,2836,1725,0,0.007257503
Warm A,243856,1470,1469,2836,1725,0,0.011887098
Warm A,185140,1150,1149,2836,1725,0,0.0022875913
Warm A,173603,1100,1099,2836,1725,0,-0.0063825045
Warm A,166404,1059,1058,2836,1725,0,0.01096991
Warm A,311067,1853,1852,2836,1725,1,0.0033975886
Warm A,150186,967,966,2836,1725,0,0.011858914
Warm A,146238,940,939,2836,1725,1,0.0040141763
Warm A,712930,4277,4276,2836,1725,1,0.012595676
Warm A,136467,881,880,2836,1725,0,0.014745087
Warm A,131538,852,851,2836,1725,1,0.0016094352
Warm A,332598,1962,1961,2836,1725,0,0.0075013367
Warm A,126104,813,812,2836,1725,0,0.0031471015
Warm A,123015,794,793,2836,1725,1,0.005125694
Warm A,123097,795,794,2836,1725,0,0.00043862057
Warm A,121489,781,780,2836,1725,1,0.010488425
Warm A,119157,770,769,2836,1725,0,0.0073507586
Warm A,117449,757,756,2836,1725,0,-0.0020285677
Warm A,112403,731,730,2836,1725,0,0.009394769
Warm A,175999,1113,1112,2836,1725,0,0.014286621
Warm A,113272,735,734,2836,1725,0,0.010915619
Warm A,91608,608,607,2836,1725,1,0.006742855
Warm A,353449,2071,2070,2836,1725,1,0.0074170534
Warm A,88774,587,586,2836,1725,0,0.010249492
Warm A,190748,1181,1180,2836,1725,0,0.007761268
Warm A,74750,509,508,2836,1725,0,0.00412014
Warm A,72919,493,492,2836,1725,0,0.010192431
Warm A,57222,386,385,2836,1725,0,0.0032955282
Warm A,44659,302,301,2836,1725,0,0.01695536
Warm A,31554,214,213,2836,1725,0,0.0064524817
Warm A,49559,329,328,2836,1725,0,0.0051776012
Warm A,3218,24,23,2836,1725,1,0.008509576
Warm A,158041,1015,1014,2836,1725,0,0.0070042424
Warm A,354822,2077,2076,2836,1725,1,0.009609843
Warm A,365472,2127,2126,2836,1725,0,0.0048273783
Warm A,2382,19,18,2836,1725,1,0.0007854287
Warm A,362933,2116,2115,2836,1725,1,0.0058373837
Warm A,966699,5831,5830,2836,1725,1,0.007937137
Warm A,828635,4979,4978,2836,1725,0,0.01468157
Warm A,963981,5812,5811,2836,1725,0,0.010239045
Warm A,342365,2015,2014,2836,1725,1,-0.00013202056
Warm A,252466,1530,1529,2836,1725,1,0.0075632813
Warm A,484961,2986,2985,2836,1725,1,0.010946914
Warm A,331513,1958,1957,2836,1725,1,0.018080227
Warm A,344807,2023,2022,2836,1725,0,0.003742689
Warm A,134176,869,868,2836,1725,0,0.006331758
Warm A,573496,3512,3511,2836,1725,0,0.011040291
Warm A,206309,1265,1264,2836,1725,0,-0.004177933
Warm A,178609,1121,1120,2836,1725,1,0.0063987207
Warm A,116093,752,751,2836,1725,0,0.010009977
Warm A,214772,1303,1302,2836,1725,0,0.010764558
Warm A,860064,5172,5171,2836,1725,1,0.004363953
Warm A,417604,2520,2519,2844,1728,1,0.0054812394
Warm A,104256,692,691,2844,1728,1,0.0064294683
Warm A,712944,4277,4276,2844,1728,1,0.0074209403
Warm A,360695,2106,2105,2844,1728,0,0.005211019
Warm A,459133,2826,2825,2844,1728,0,0.0019336937
Warm A,129343,839,838,2844,1728,1,0.0016622536
Warm A,548687,3387,3386,2844,1728,0,0.00057332125
Warm A,50291,331,330,2844,1728,1,-0.0016479379
Warm A,28343,195,194,2844,1728,1,0.0059481696
Warm A,763903,4543,4542,2844,1728,1,0.00095254404
Warm A,718520,4305,4304,2844,1728,0,0.0016659219
Warm A,234908,1425,1424,2844,1728,1,0.0067452374
Warm A,335772,1980,1979,2844,1728,0,0.007029257
Warm A,324920,1925,1924,2844,1728,0,0.0015516859
Warm A,215488,1306,1305,2844,1728,1,0.0018599203
Warm A,116110,752,751,2844,1728,0,-0.0014118317
Warm A,263225,1605,1604,2844,1728,0,-0.006145374
Warm A,777743,4647,4646,2844,1728,1,-0.0006679258
Warm A,193586,1194,1193,2844,1728,0,0.0057534357
Warm A,974286,5878,5877,2844,1728,1,0.00066150445
Warm A,58796,398,397,2844,1728,1,-0.0022295557
Warm A,825530,4958,4957,2844,1728,0,0.0034183762
Warm A,171531,1088,1087,2844,1728,0,-0.00504337
Warm A,712945,4277,4276,2846,1729,1,0.009377916
Warm A,550013,3391,3390,2846,1729,0,0.022272538
Warm A,639031,3842,3841,2846,1729,1,0.01137175
Warm A,533224,3292,3291,2846,1729,1,0.0012933963
Warm A,574698,3518,3517,2846,1729,1,0.0062584276
Warm A,529096,3271,3270,2846,1729,0,0.0059591853
Warm A,584658,3569,3568,2846,1729,1,0.005535746
Warm A,873928,5277,5276,2846,1729,0,0.0039644497
Warm A,530949,3280,3279,2846,1729,0,0.008870477
Warm A,522446,3224,3223,2846,1729,1,0.012481514
Warm A,515974,3184,3183,2846,1729,1,0.017023545
Warm A,515868,3183,3182,2846,1729,0,0.000850542
Warm A,605726,3681,3680,2846,1729,0,0.012679411
Warm A,771730,4600,4599,2846,1729,1,0.0064963493
Warm A,502381,3083,3082,2846,1729,0,0.0026942058
Warm A,575270,3519,3518,2846,1729,0,0.0004290312
Warm A,498563,3063,3062,2846,1729,0,0.012263287
Warm A,494021,3032,3031,2846,1729,1,0.0046209926
Warm A,487560,2999,2998,2846,1729,0,-0.00026925374
Warm A,559240,3435,3434,2846,1729,1,0.0007456483
Warm A,480817,2952,2951,2846,1729,1,0.0052684066
Warm A,480642,2950,2949,2846,1729,0,-0.0007166297
Warm A,478017,2934,2933,2846,1729,1,0.00237912
Warm A,472512,2907,2906,2846,1729,0,0.010440508
Warm A,467752,2883,2882,2846,1729,0,0.0057995147
Warm A,465974,2873,2872,2846,1729,1,0.008212458
Warm A,446363,2752,2751,2846,1729,1,0.016130045
Warm A,444955,2744,2743,2846,1729,0,0.008080443
Warm A,443063,2731,2730,2846,1729,1,0.004284378
Warm A,441568,2709,2708,2846,1729,1,0.012572736
Warm A,440803,2699,2698,2846,1729,1,0.003173642
Warm A,448881,2766,2765,2846,1729,0,0.000659792
Warm A,418600,2529,2528,2846,1729,1,0.0072351284
Warm A,413704,2489,2488,2846,1729,1,0.0014845827
Warm A,403992,2414,2413,2846,1729,1,-0.0009614418
Warm A,407764,2451,2450,2846,1729,0,0.006100595
Warm A,390906,2295,2294,2846,1729,1,0.010795816
Warm A,389948,2288,2287,2846,1729,0,0.0057989145
Warm A,406781,2444,2443,2846,1729,1,0.006497231
Warm A,384078,2244,2243,2846,1729,0,0.008582596
Warm A,375545,2188,2187,2846,1729,0,0.010474106
Warm A,350279,2056,2055,2846,1729,0,0.008322002
Warm A,348710,2045,2044,2846,1729,1,0.0034392877
Warm A,330278,1949,1948,2846,1729,1,-0.0017988078
Warm A,293393,1747,1746,2846,1729,0,0.0071902033
Warm A,290909,1736,1735,2846,1729,0,0.00255752
Warm A,283505,1697,1696,2846,1729,1,-0.0023026676
Warm A,280275,1681,1680,2846,1729,0,0.00095833966
Warm A,256597,1568,1567,2846,1729,0,0.0033908684
Warm A,360696,2106,2105,2846,1729,0,0.0016561514
Warm A,232329,1410,1409,2846,1729,1,-0.0057575153
Warm A,222734,1348,1347,2846,1729,1,0.0004170228
Warm A,220581,1337,1336,2846,1729,0,0.004102908
Warm A,320006,1899,1898,2846,1729,0,-0.0002550562
Warm A,215838,1308,1307,2846,1729,0,0.0071879104
Warm A,215801,1307,1306,2846,1729,1,0.004031472
Warm A,277598,1676,1675,2846,1729,0,0.010226254
Warm A,203036,1246,1245,2846,1729,1,0.009919756
Warm A,200747,1233,1232,2846,1729,1,0.013395371
Warm A,192553,1185,1184,2846,1729,0,0.016227707
Warm A,175191,1111,1110,2846,1729,1,-0.0004636431
Warm A,172860,1096,1095,2846,1729,0,-0.002073418
Warm A,167803,1068,1067,2846,1729,0,0.010822058
Warm A,162248,1034,1033,2846,1729,0,0.0034621386
Warm A,156361,1009,1008,2846,1729,0,0.014565896
Warm A,342377,2015,2014,2846,1729,0,0.008989272
Warm A,263226,1605,1604,2846,1729,1,0.012433501
Warm A,124216,800,799,2846,1729,1,0.011051148
Warm A,123858,798,797,2846,1729,1,0.013756333
Warm A,119170,770,769,2846,1729,0,0.005272161
Warm A,216408,1314,1313,2846,1729,0,-0.0057367724
Warm A,178059,1120,1119,2846,1729,1,0.008135898
Warm A,299573,1778,1777,2846,1729,0,0.01379695
Warm A,104832,695,694,2846,1729,1,0.013852383
Warm A,98315,658,657,2846,1729,0,0.0009422032
Warm A,351700,2063,2062,2846,1729,1,0.013873956
Warm A,109260,714,713,2846,1729,1,0.0007441706
Warm A,84951,552,551,2846,1729,0,0.00837181
Warm A,83012,549,548,2846,1729,1,0.0026479047
Warm A,84064,550,549,2846,1729,0,0.014463667
Warm A,80131,533,532,2846,1729,1,0.010389579
Warm A,239952,1449,1448,2846,1729,0,0.005641034
Warm A,48619,326,325,2846,1729,0,0.0042740935
Warm A,132399,855,854,2846,1729,0,0.0049796156
Warm A,58169,392,391,2846,1729,0,0.010933489
Warm A,362949,2116,2115,2846,1729,1,0.014585651
Warm A,537864,3312,3311,2846,1729,0,0.0136235505
Warm A,238820,1448,1447,2846,1729,0,0.0030880175
Warm A,23205,166,165,2846,1729,1,0.010522773
Warm A,10551,75,74,2846,1729,1,0.015339508
Warm A,8569,58,57,2846,1729,0,0.008499324
Warm A,6065,44,43,2846,1729,1,0.0021260474
Warm A,234023,1422,1421,2846,1729,0,0.0028684177
Warm A,78413,528,527,2846,1729,1,0.010010973
Warm A,386037,2258,2257,2846,1729,0,0.010495437
Warm A,257593,1579,1578,2846,1729,0,0.010665812
Warm A,171532,1088,1087,2846,1729,1,0.010067949
Warm A,680601,4079,4078,2846,1729,1,-0.004983743
Warm A,892917,5394,5393,2846,1729,0,2.7955277e-05
Warm A,628612,3807,3806,2846,1729,1,0.0051901955
Warm A,371626,2172,2171,2846,1729,0,0.007922581
Warm A,231079,1399,1398,2846,1729,1,0.010407381
Warm A,102155,678,677,2846,1729,1,0.005386485
Warm A,941377,5682,5681,2846,1729,1,0.00676449
Warm A,290123,1733,1732,2846,1729,0,0.010563815
Warm A,877407,5302,5301,2846,1729,0,0.00092275185
Warm A,593719,3618,3617,2851,1730,0,-0.00055035646
Warm A,563677,3469,3468,2851,1730,0,0.0065096556
Warm A,657087,3961,3960,2851,1730,0,0.010490878
Warm A,557204,3423,3422,2851,1730,0,0.011326884
Warm A,555752,3416,3415,2851,1730,1,0.00624792
Warm A,577067,3526,3525,2851,1730,0,-0.00043291075
Warm A,537056,3311,3310,2851,1730,0,0.00091268786
Warm A,513691,3169,3168,2851,1730,0,-0.00010609545
Warm A,506645,3118,3117,2851,1730,0,-0.004549304
Warm A,503802,3096,3095,2851,1730,1,-0.0039573414
Warm A,633144,3824,3823,2851,1730,0,0.008824752
Warm A,599956,3650,3649,2851,1730,0,0.0024388153
Warm A,479231,2941,2940,2851,1730,0,0.003008223
Warm A,696157,4169,4168,2851,1730,0,0.004753063
Warm A,475929,2921,2920,2851,1730,0,7.845997e-05
Warm A,591188,3607,3606,2851,1730,0,0.0013726826
Warm A,470949,2899,2898,2851,1730,1,-0.0002570086
Warm A,463222,2857,2856,2851,1730,0,0.015143852
Warm A,465128,2868,2867,2851,1730,0,0.000912352
Warm A,457841,2820,2819,2851,1730,0,-0.0021563007
Warm A,436344,2665,2664,2851,1730,1,0.005765546
Warm A,423138,2565,2564,2851,1730,1,0.006488215
Warm A,401359,2393,2392,2851,1730,0,-0.00026202796
Warm A,396631,2348,2347,2851,1730,0,-0.0014798362
Warm A,392112,2304,2303,2851,1730,0,0.008166461
Warm A,388911,2279,2278,2851,1730,1,-0.0011373374
Warm A,385240,2251,2250,2851,1730,0,0.005894689
Warm A,370695,2167,2166,2851,1730,0,0.0019771927
Warm A,365356,2126,2125,2851,1730,0,0.0075554214
Warm A,356347,2088,2087,2851,1730,0,0.00205507
Warm A,339860,2004,2003,2851,1730,0,-0.009030161
Warm A,336977,1983,1982,2851,1730,1,-0.0033398466
Warm A,324175,1921,1920,2851,1730,0,0.004501332
Warm A,293152,1746,1745,2851,1730,0,0.0011951077
Warm A,292260,1741,1740,2851,1730,0,0.005639622
Warm A,276905,1675,1674,2851,1730,0,-0.00012631482
Warm A,312287,1861,1860,2851,1730,0,0.008431364
Warm A,350699,2059,2058,2851,1730,0,0.006501245
Warm A,224668,1358,1357,2851,1730,0,0.008117373
Warm A,267184,1624,1623,2851,1730,0,0.003964711
Warm A,279053,1680,1679,2851,1730,1,0.00578948
Warm A,196451,1207,1206,2851,1730,0,0.00036478136
Warm A,194795,1202,1201,2851,1730,0,0.0062606353
Warm A,327966,1941,1940,2851,1730,0,-0.004734344
Warm A,269873,1635,1634,2851,1730,0,-0.0024309994
Warm A,181579,1135,1134,2851,1730,0,0.007149406
Warm A,178833,1122,1121,2851,1730,0,0.011222985
Warm A,177521,1119,1118,2851,1730,0,0.00084893615
Warm A,138147,889,888,2851,1730,0,0.008812136
Warm A,135571,877,876,2851,1730,0,-0.003966992
Warm A,107871,710,709,2851,1730,0,0.0057904148
Warm A,152984,984,983,2851,1730,0,0.002327691
Warm A,86083,563,562,2851,1730,0,0.001542354
Warm A,86584,566,565,2851,1730,0,-0.0039965967
Warm A,70744,476,475,2851,1730,0,0.006115557
Warm A,66526,445,444,2851,1730,0,0.004592501
Warm A,49615,329,328,2851,1730,0,0.007160725
Warm A,41914,284,283,2851,1730,1,0.006280128
Warm A,36662,245,244,2851,1730,0,0.00632761
Warm A,98750,660,659,2851,1730,0,-0.0030656497
Warm A,481758,2962,2961,2851,1730,0,-0.00047957804
Warm A,21648,157,156,2851,1730,0,-0.0029658335
Warm A,276168,1671,1670,2851,1730,0,-0.0050411476
Warm A,7903,53,52,2851,1730,1,0.0020645997
Warm A,201998,1243,1242,2851,1730,0,-0.0010257422
Warm A,130497,846,845,2851,1730,0,0.007392403
Warm A,102162,678,677,2851,1730,0,0.008772334
Warm A,841086,5054,5053,2851,1730,0,0.013125632
Warm A,62830,424,423,2851,1730,0,0.0052932417
Warm A,237834,1447,1446,2851,1730,0,0.010120636
Warm A,234027,1422,1421,2851,1730,0,0.007469356
Warm A,351713,2063,2062,2851,1730,0,0.006711066
Warm A,489185,3012,3011,2851,1730,0,-0.00049476
Warm A,623822,3773,3772,2852,1731,1,0.0011479603
Warm A,725260,4344,4343,2852,1731,1,0.009070551
Warm A,611029,3705,3704,2852,1731,1,0.0073639085
Warm A,608594,3691,3690,2852,1731,1,0.0011457854
Warm A,603397,3672,3671,2852,1731,1,-0.001490162
Warm A,763908,4543,4542,2852,1731,1,0.006380613
Warm A,575782,3520,3519,2852,1731,1,0.009527915
Warm A,569144,3491,3490,2852,1731,1,0.013103582
Warm A,593720,3618,3617,2852,1731,1,0.009406911
Warm A,566166,3476,3475,2852,1731,1,0.0010605967
Warm A,567413,3483,3482,2852,1731,1,0.0066395877
Warm A,548994,3389,3388,2852,1731,0,4.4367276e-05
Warm A,547904,3380,3379,2852,1731,0,0.004945572
Warm A,712956,4277,4276,2852,1731,1,0.012639713
Warm A,543420,3346,3345,2852,1731,1,-0.0023912597
Warm A,534655,3300,3299,2852,1731,1,0.0037812032
Warm A,542153,3336,3335,2852,1731,0,0.00032773195
Warm A,533234,3292,3291,2852,1731,1,0.009738388
Warm A,529099,3271,3270,2852,1731,1,-0.0008395895
Warm A,529624,3272,3271,2852,1731,1,0.0021403937
Warm A,522457,3224,3223,2852,1731,0,0.0035179898
Warm A,509633,3139,3138,2852,1731,1,0.00388286
Warm A,502105,3082,3081,2852,1731,1,0.00672224
Warm A,494033,3032,3031,2852,1731,1,-0.0024541465
Warm A,478021,2934,2933,2852,1731,1,7.598731e-05
Warm A,696159,4169,4168,2852,1731,1,0.012896199
Warm A,474976,2915,2914,2852,1731,1,-0.000987645
Warm A,463224,2857,2856,2852,1731,1,-0.00013047154
Warm A,457842,2820,2819,2852,1731,0,0.0014057513
Warm A,455803,2807,2806,2852,1731,1,-0.0038900096
Warm A,448409,2764,2763,2852,1731,1,-0.0010961308
Warm A,443065,2731,2730,2852,1731,1,0.0028095993
Warm A,439577,2685,2684,2852,1731,1,0.0069480445
Warm A,428560,2608,2607,2852,1731,1,0.0024430698
Warm A,429111,2611,2610,2852,1731,1,-0.00031300727
Warm A,446812,2753,2752,2852,1731,1,0.010152732
Warm A,403448,2410,2409,2852,1731,0,-0.00048899325
Warm A,403310,2409,2408,2852,1731,1,0.004388552
Warm A,392114,2304,2303,2852,1731,1,0.0077159517
Warm A,388913,2279,2278,2852,1731,1,0.006486554
Warm A,388338,2272,2271,2852,1731,0,0.0140203945
Warm A,387781,2267,2266,2852,1731,0,-0.0022017346
Warm A,391594,2303,2302,2852,1731,1,-0.00062126375
Warm A,381612,2231,2230,2852,1731,1,0.0059474558
Warm A,372998,2178,2177,2852,1731,1,0.010160517
Warm A,364704,2124,2123,2852,1731,1,-0.0017056421
Warm A,323135,1916,1915,2852,1731,1,-0.004810694
Warm A,268944,1632,1631,2852,1731,0,0.016181462
Warm A,260054,1591,1590,2852,1731,1,0.002293693
Warm A,300302,1780,1779,2852,1731,0,0.004258062
Warm A,242748,1465,1464,2852,1731,1,0.0073821205
Warm A,260970,1595,1594,2852,1731,1,0.013955317
Warm A,325339,1926,1925,2852,1731,1,0.0106400065
Warm A,217710,1321,1320,2852,1731,0,0.0064085876
Warm A,396815,2349,2348,2852,1731,0,0.004926758
Warm A,255052,1552,1551,2852,1731,1,0.003497673
Warm A,180242,1128,1127,2852,1731,1,0.0064447727
Warm A,219480,1331,1330,2852,1731,1,0.005736415
Warm A,327968,1941,1940,2852,1731,1,0.006559922
Warm A,163264,1044,1043,2852,1731,1,0.006284082
Warm A,162666,1038,1037,2852,1731,1,0.006457372
Warm A,190785,1181,1180,2852,1731,0,0.0012820167
Warm A,320011,1899,1898,2852,1731,1,0.0020446547
Warm A,199391,1224,1223,2852,1731,1,0.004521185
Warm A,143854,928,927,2852,1731,1,0.003515867
Warm A,141474,911,910,2852,1731,1,0.005536056
Warm A,154829,999,998,2852,1731,1,0.0054781158
Warm A,160007,1019,1018,2852,1731,0,-0.004312649
Warm A,127687,824,823,2852,1731,1,0.0030051928
Warm A,210837,1285,1284,2852,1731,1,0.00013051042
Warm A,239966,1449,1448,2852,1731,0,0.0091926325
Warm A,106730,702,701,2852,1731,0,-0.0052282177
Warm A,98407,659,658,2852,1731,1,-0.009514401
Warm A,98752,660,659,2852,1731,0,-0.0006688968
Warm A,97517,654,653,2852,1731,0,0.018847074
Warm A,241140,1451,1450,2852,1731,1,0.0017121811
Warm A,228194,1383,1382,2852,1731,0,0.004243479
Warm A,84767,551,550,2852,1731,1,0.00920793
Warm A,68669,461,460,2852,1731,1,0.0019517574
Warm A,43682,300,299,2852,1731,1,-0.0019747606
Warm A,39025,264,263,2852,1731,0,0.0053704847
Warm A,35356,238,237,2852,1731,1,-0.0053304555
Warm A,32258,216,215,2852,1731,0,0.004672732
Warm A,238831,1448,1447,2852,1731,1,-0.0073559685
Warm A,13573,107,106,2852,1731,0,0.0036993516
Warm A,916651,5539,5538,2852,1731,1,-0.0066282107
Warm A,15741,123,122,2852,1731,0,0.004109352
Warm A,4509,33,32,2852,1731,1,-0.0003758017
Warm A,101,2,1,2852,1731,0,0.0015850372
Warm A,357390,2092,2091,2852,1731,1,0.010370309
Warm A,432647,2638,2637,2852,1731,0,0.0072368598
Warm A,286664,1712,1711,2852,1731,1,-0.008058768
Warm A,234029,1422,1421,2852,1731,1,0.010658767
Warm A,408166,2453,2452,2852,1731,1,-0.0023436695
Warm A,158071,1015,1014,2852,1731,0,0.0035333387
Warm A,360022,2105,2104,2852,1731,0,0.0066659357
Warm A,204525,1260,1259,2852,1731,1,0.002855923
Warm A,51527,338,337,2852,1731,1,0.008304975
Warm A,431005,2627,2626,2852,1731,0,0.018058406
Warm A,208718,1274,1273,2852,1731,1,0.0016227074
Warm A,565524,3475,3474,2852,1731,0,0.006398251
Warm A,420932,2544,2543,2852,1731,0,0.008425449
Warm A,322283,1912,1911,2852,1731,0,-0.0061793737
Warm A,171541,1088,1087,2852,1731,0,-0.0044128015
Warm A,216967,1317,1316,2856,1732,1,0.0016606092
Warm A,327971,1941,1940,2856,1732,0,0.0059514167
Warm A,194521,1200,1199,2856,1732,0,0.010716768
Warm A,184341,1147,1146,2856,1732,1,0.007996288
Warm A,165199,1053,1052,2856,1732,0,0.0056000454
Warm A,162776,1039,1038,2856,1732,0,0.0003453556
Warm A,148985,958,957,2856,1732,0,0.0035040951
Warm A,139828,896,895,2856,1732,1,0.002300668
Warm A,131110,850,849,2856,1732,0,0.0034313104
Warm A,126024,812,811,2856,1732,0,0.006271871
Warm A,101663,677,676,2856,1732,0,0.0031163583
Warm A,75878,516,515,2856,1732,0,0.0036777724
Warm A,74246,506,505,2856,1732,0,0.0017392007
Warm A,57011,385,384,2856,1732,0,0.011371983
Warm A,47665,319,318,2856,1732,0,0.010417104
Warm A,42129,285,284,2856,1732,1,0.0070847813
Warm A,696162,4169,4168,2856,1732,0,0.011947789
Warm A,36923,248,247,2856,1732,1,0.009680009
Warm A,32523,218,217,2856,1732,0,0.006022469
Warm A,17863,137,136,2856,1732,0,0.009727309
Warm A,14223,116,115,2856,1732,0,0.004394817
Warm A,276170,1671,1670,2856,1732,0,0.013786136
Warm A,1721,16,15,2856,1732,0,0.0057747723
Warm A,117027,754,753,2856,1732,0,0.001565739
Warm A,977774,5891,5890,2856,1732,1,0.008713477
Warm A,522458,3224,3223,2856,1732,1,0.0036543857
Warm A,20155,149,148,2856,1732,0,0.014198033
Warm A,115348,749,748,2856,1732,1,0.010801555
Warm A,96590,648,647,2856,1732,0,0.010378731
Warm A,433586,2643,2642,2856,1732,1,0.0027527735
Warm A,378353,2208,2207,2860,1736,0,0.0011505932
Warm A,355946,2085,2084,2860,1736,1,0.008626014
Warm A,341147,2011,2010,2860,1736,1,0.0018232815
Warm A,340598,2010,2009,2860,1736,0,0.005652706
Warm A,324746,1924,1923,2860,1736,0,0.004558949
Warm A,301236,1790,1789,2860,1736,0,0.00058057625
Warm A,297448,1764,1763,2860,1736,1,0.0071259127
Warm A,265716,1613,1612,2860,1736,0,0.0032516639
Warm A,266385,1616,1615,2860,1736,0,0.010939389
Warm A,228716,1385,1384,2860,1736,0,0.0045571965
Warm A,224137,1356,1355,2860,1736,0,-0.00061656785
Warm A,227095,1377,1376,2860,1736,0,0.00762365
Warm A,222374,1345,1344,2860,1736,1,0.0031972844
Warm A,213410,1298,1297,2860,1736,1,0.0070269336
Warm A,277617,1676,1675,2860,1736,1,0.0112959705
Warm A,279077,1680,1679,2860,1736,1,0.0017685548
Warm A,179555,1125,1124,2860,1736,0,0.004068138
Warm A,198611,1220,1219,2860,1736,1,0.0045563625
Warm A,173619,1100,1099,2860,1736,0,0.0046879416
Warm A,169408,1076,1075,2860,1736,1,0.0011748045
Warm A,175468,1112,1111,2860,1736,0,0.0058828606
Warm A,167813,1068,1067,2860,1736,0,0.009469228
Warm A,163793,1050,1049,2860,1736,0,0.01759505
Warm A,255495,1556,1555,2860,1736,1,0.009339096
Warm A,189340,1173,1172,2860,1736,0,0.0121533945
Warm A,149332,961,960,2860,1736,1,0.0050920225
Warm A,712964,4277,4276,2860,1736,1,-0.00042032567
Warm A,136507,881,880,2860,1736,0,0.003089408
Warm A,407233,2446,2445,2860,1736,0,0.010427282
Warm A,351724,2063,2062,2860,1736,0,0.012811694
Warm A,106014,699,698,2860,1736,0,0.0073377886
Warm A,109268,714,713,2860,1736,0,0.003258704
Warm A,239972,1449,1448,2860,1736,0,0.009802482
Warm A,107878,710,709,2860,1736,1,0.013595829
Warm A,291329,1737,1736,2860,1736,0,0.0045208214
Warm A,190797,1181,1180,2860,1736,0,0.015934154
Warm A,83035,549,548,2860,1736,1,0.00854882
Warm A,251131,1516,1515,2860,1736,1,0.00300341
Warm A,187938,1165,1164,2860,1736,0,0.004487509
Warm A,39627,268,267,2860,1736,0,-0.001065652
Warm A,219139,1329,1328,2860,1736,0,0.00790577
Warm A,31569,214,213,2860,1736,0,0.0052845795
Warm A,437232,2669,2668,2860,1736,1,-0.003132194
Warm A,7003,48,47,2860,1736,0,0.0071331547
Warm A,15756,123,122,2860,1736,0,-3.9516483e-05
Warm A,2425,19,18,2860,1736,1,0.005123115
Warm A,143656,927,926,2860,1736,1,0.003533644
Warm A,139172,890,889,2860,1736,1,0.001011671
Warm A,169233,1074,1073,2860,1736,1,0.010795949
Warm A,370962,2168,2167,2860,1736,0,0.017996702
Warm A,974976,5880,5879,2860,1736,0,0.0038249395
Warm A,362964,2116,2115,2860,1736,0,0.0064283786
Warm A,777753,4647,4646,2860,1736,0,0.010654395
Warm A,682372,4085,4084,2860,1736,1,0.0058706347
Warm A,78421,528,527,2860,1736,1,0.0015362673
Warm A,376364,2195,2194,2860,1736,1,0.008092891
Warm A,164472,1051,1050,2860,1736,0,0.0067317123
Warm A,152189,979,978,2860,1736,1,-0.009766949
Warm A,335163,1978,1977,2860,1736,1,-0.00054838485
Warm A,599201,3648,3647,2860,1736,0,0.01318521
Warm A,905278,5475,5474,2860,1736,0,-0.0032316367
Warm A,907624,5492,5491,2860,1736,0,0.0026131
Warm A,134197,869,868,2860,1736,1,0.00027199835
Warm A,234920,1425,1424,2860,1736,0,0.0089641
Warm A,941384,5682,5681,2860,1736,1,0.0039155344
Warm A,53082,349,348,2860,1736,0,0.0033517433
Warm A,28386,195,194,2860,1736,0,0.0047775498
Warm A,342398,2015,2014,2860,1736,1,0.00010382512
Warm A,382827,2237,2236,2862,1738,0,0.00599988
Warm A,369879,2164,2163,2862,1738,0,0.010999509
Warm A,343096,2016,2015,2862,1738,1,-0.00047345716
Warm A,298315,1768,1767,2862,1738,0,0.006908478
Warm A,268951,1632,1631,2862,1738,0,0.008067209
Warm A,244864,1474,1473,2862,1738,0,0.0001686652
Warm A,242754,1465,1464,2862,1738,0,0.012223852
Warm A,262193,1600,1599,2862,1738,0,0.010467589
Warm A,279081,1680,1679,2862,1738,1,0.001970247
Warm A,156778,1010,1009,2862,1738,0,0.01675421
Warm A,315156,1880,1879,2862,1738,0,0.0053292927
Warm A,118079,764,763,2862,1738,1,0.0022947807
Warm A,117469,757,756,2862,1738,0,0.0051619885
Warm A,210849,1285,1284,2862,1738,0,0.0071660597
Warm A,284086,1698,1697,2862,1738,0,0.0041544125
Warm A,83037,549,548,2862,1738,1,0.0074942904
Warm A,190801,1181,1180,2862,1738,0,0.0055842698
Warm A,71975,482,481,2862,1738,0,0.009579377
Warm A,68676,461,460,2862,1738,0,-0.001781241
Warm A,61412,412,411,2862,1738,0,0.004440395
Warm A,696177,4169,4168,2862,1738,0,0.010031553
Warm A,892924,5394,5393,2862,1738,0,0.009720699
Warm A,102169,678,677,2862,1738,0,0.013343617
Warm A,720020,4312,4311,2862,1738,1,0.007855577
Warm A,571020,3503,3502,2862,1738,0,0.0055228663
Warm A,18811,146,145,2862,1738,0,0.0018474518
Warm A,413185,2485,2484,2862,1738,0,0.0020911156
Warm A,96592,648,647,2862,1738,1,0.0060026105
Warm A,116127,752,751,2862,1738,0,0.0142974
Warm A,675961,4054,4053,2866,1740,1,0.008782187
Warm A,667078,4015,4014,2866,1740,0,0.018826406
Warm A,665778,4007,4006,2866,1740,1,0.008981512
Warm A,663951,3999,3998,2866,1740,0,0.008572683
Warm A,659621,3975,3974,2866,1740,0,0.0069315745
Warm A,648228,3903,3902,2866,1740,0,0.0062525654
Warm A,642329,3864,3863,2866,1740,1,-0.008081907
Warm A,629362,3808,3807,2866,1740,0,0.012519786
Warm A,638050,3841,3840,2866,1740,0,0.011077186
Warm A,674986,4050,4049,2866,1740,0,0.0013999612
Warm A,619491,3754,3753,2866,1740,1,0.006080531
Warm A,617049,3735,3734,2866,1740,0,0.008354283
Warm A,615596,3727,3726,2866,1740,1,0.0065667788
Warm A,614338,3721,3720,2866,1740,0,-0.0015095117
Warm A,726436,4345,4344,2866,1740,1,0.0069411895
Warm A,595207,3621,3620,2866,1740,0,-0.003339786
Warm A,587852,3589,3588,2866,1740,0,0.013514943
Warm A,585645,3576,3575,2866,1740,1,0.009682944
Warm A,582102,3557,3556,2866,1740,1,0.006283082
Warm A,593735,3618,3617,2866,1740,0,0.015288209
Warm A,566179,3476,3475,2866,1740,1,0.0074145077
Warm A,549001,3389,3388,2866,1740,0,0.005251878
Warm A,550044,3391,3390,2866,1740,1,0.017036159
Warm A,542806,3340,3339,2866,1740,1,0.004229301
Warm A,540221,3321,3320,2866,1740,1,0.008215819
Warm A,539551,3319,3318,2866,1740,1,-0.0030248882
Warm A,539854,3320,3319,2866,1740,0,0.007999394
Warm A,534660,3300,3299,2866,1740,0,0.0064097
Warm A,533248,3292,3291,2866,1740,1,0.013422674
Warm A,522471,3224,3223,2866,1740,1,0.012307314
Warm A,518708,3201,3200,2866,1740,1,0.008739729
Warm A,514871,3180,3179,2866,1740,0,0.014187973
Warm A,512780,3163,3162,2866,1740,1,0.0052861245
Warm A,500660,3075,3074,2866,1740,1,0.011741126
Warm A,712972,4277,4276,2866,1740,1,0.007656255
Warm A,546060,3367,3366,2866,1740,1,0.0058598886
Warm A,494050,3032,3031,2866,1740,1,0.011570589
Warm A,492676,3029,3028,2866,1740,0,0.017171785
Warm A,489914,3014,3013,2866,1740,1,0.0056752553
Warm A,603598,3673,3672,2866,1740,1,0.010351988
Warm A,529635,3272,3271,2866,1740,0,0.014790785
Warm A,478024,2934,2933,2866,1740,1,0.0046340004
Warm A,696181,4169,4168,2866,1740,1,0.014629299
Warm A,472528,2907,2906,2866,1740,0,0.01756176
Warm A,459139,2826,2825,2866,1740,0,0.0023861064
Warm A,456194,2809,2808,2866,1740,1,0.0033313185
Warm A,448416,2764,2763,2866,1740,0,0.0046612443
Warm A,446822,2753,2752,2866,1740,1,0.0028167567
Warm A,443071,2731,2730,2866,1740,1,0.009341206
Warm A,441421,2704,2703,2866,1740,0,0.0011892973
Warm A,439579,2685,2684,2866,1740,0,-0.00028255186
Warm A,438295,2679,2678,2866,1740,0,0.011106912
Warm A,433589,2643,2642,2866,1740,0,0.0073753786
Warm A,452469,2786,2785,2866,1740,1,0.0075943395
Warm A,426908,2592,2591,2866,1740,0,0.00075325323
Warm A,425284,2581,2580,2866,1740,1,0.01449452
Warm A,422612,2560,2559,2866,1740,1,0.0054844893
Warm A,414902,2497,2496,2866,1740,1,0.0055620857
Warm A,413404,2486,2485,2866,1740,0,0.017230486
Warm A,403452,2410,2409,2866,1740,0,0.011356952
Warm A,382829,2237,2236,2866,1740,1,0.006055613
Warm A,382280,2233,2232,2866,1740,1,0.0067680636
Warm A,381619,2231,2230,2866,1740,0,0.0038985545
Warm A,372011,2173,2172,2866,1740,0,0.009230833
Warm A,361586,2109,2108,2866,1740,0,0.014188022
Warm A,335797,1980,1979,2866,1740,1,0.009630178
Warm A,323145,1916,1915,2866,1740,1,0.0048063835
Warm A,292873,1744,1743,2866,1740,1,0.0015342287
Warm A,295249,1753,1752,2866,1740,1,0.0017529263
Warm A,274747,1661,1660,2866,1740,1,0.0129335
Warm A,282268,1693,1692,2866,1740,0,0.003911681
Warm A,279086,1680,1679,2866,1740,1,0.0069010975
Warm A,268954,1632,1631,2866,1740,0,0.010407274
Warm A,354057,2073,2072,2866,1740,1,0.0024862555
Warm A,249492,1503,1502,2866,1740,1,0.009452948
Warm A,242758,1465,1464,2866,1740,0,0.005780785
Warm A,325345,1926,1925,2866,1740,0,0.010786406
Warm A,208726,1274,1273,2866,1740,0,0.015590306
Warm A,188576,1170,1169,2866,1740,1,0.0074445214
Warm A,210852,1285,1284,2866,1740,1,0.010969203
Warm A,190806,1181,1180,2866,1740,0,0.010931079
Warm A,158087,1015,1014,2866,1740,1,0.0063260254
Warm A,320025,1899,1898,2866,1740,1,0.008852874
Warm A,839278,5046,5045,2866,1740,1,0.017460573
Warm A,338089,1988,1987,2866,1740,1,0.007597788
Warm A,270861,1639,1638,2866,1740,1,0.010762267
Warm A,146084,939,938,2866,1740,1,-0.0016697712
Warm A,222055,1343,1342,2866,1740,1,0.004444992
Warm A,185185,1150,1149,2866,1740,0,0.010608701
Warm A,216980,1317,1316,2866,1740,1,0.008765154
Warm A,156782,1010,1009,2866,1740,0,0.016465357
Warm A,138170,889,888,2866,1740,0,0.018979097
Warm A,141480,911,910,2866,1740,1,0.017201306
Warm A,412080,2478,2477,2866,1740,0,0.0034761992
Warm A,198165,1218,1217,2866,1740,1,0.008410662
Warm A,178073,1120,1119,2866,1740,1,0.011195589
Warm A,105102,696,695,2866,1740,1,0.006307403
Warm A,106737,702,701,2866,1740,0,0.005097767
Warm A,94899,637,636,2866,1740,1,0.016264647
Warm A,115354,749,748,2866,1740,1,0.0027056467
Warm A,66531,445,444,2866,1740,1,0.0088754855
Warm A,71535,481,480,2866,1740,1,0.0049471264
Warm A,239975,1449,1448,2866,1740,0,0.011106462
Warm A,52623,346,345,2866,1740,1,0.007543002
Warm A,132416,855,854,2866,1740,0,0.009746825
Warm A,67016,451,450,2866,1740,1,0.0023517339
Warm A,43692,300,299,2866,1740,1,-8.077361e-06
Warm A,241153,1451,1450,2866,1740,1,0.005976436
Warm A,42560,291,290,2866,1740,1,0.009104166
Warm A,176884,1117,1116,2866,1740,1,0.0044707963
Warm A,145320,935,934,2866,1740,1,0.0017416241
Warm A,37465,255,254,2866,1740,1,0.0063703367
Warm A,36691,245,244,2866,1740,1,0.007487792
Warm A,35371,238,237,2866,1740,1,0.007171846
Warm A,50337,331,330,2866,1740,1,0.014846854
Warm A,22076,161,160,2866,1740,1,-0.004554036
Warm A,238844,1448,1447,2866,1740,1,0.0058660563
Warm A,152443,981,980,2866,1740,0,0.014677016
Warm A,140668,904,903,2866,1740,1,-0.00011392613
Warm A,15762,123,122,2866,1740,1,0.008228529
Warm A,18816,146,145,2866,1740,1,0.008549925
Warm A,286670,1712,1711,2866,1740,0,0.0079566045
Warm A,234037,1422,1421,2866,1740,0,0.0060091163
Warm A,129360,839,838,2866,1740,1,0.0032510785
Warm A,249827,1505,1504,2866,1740,1,0.014706131
Warm A,744829,4448,4447,2866,1740,0,0.007867232
Warm A,927528,5605,5604,2866,1740,0,0.0075507457
Warm A,680613,4079,4078,2866,1740,1,0.0060779257
Warm A,232792,1415,1414,2866,1740,0,0.008753315
Warm A,300310,1780,1779,2866,1740,0,0.0067359675
Warm A,860074,5172,5171,2866,1740,1,0.0061071184
Warm A,923907,5580,5579,2866,1740,1,0.0018046638
Warm A,565532,3475,3474,2866,1740,0,0.014996245
Warm A,47684,319,318,2866,1740,1,0.008629976
Warm A,204530,1260,1259,2866,1740,1,0.009060931
Warm A,795475,4765,4764,2866,1740,1,0.0062080086
Warm A,319292,1897,1896,2866,1740,0,0.017212918
Warm A,993848,6002,6001,2866,1740,1,0.0063334974
Warm A,420943,2544,2543,2866,1740,1,0.0034695226
Warm A,62850,424,423,2868,1742,0,0.0081380885
Warm A,699648,4186,4185,2868,1742,0,0.0034016143
Warm A,718533,4305,4304,2868,1742,0,0.005645712
Warm A,681458,4083,4082,2870,1743,0,0.0005238191
Warm A,680030,4077,4076,2870,1743,1,-0.0021044014
Warm A,674121,4048,4047,2870,1743,1,0.004077496
Warm A,669461,4024,4023,2870,1743,1,-0.0007303911
Warm A,668435,4021,4020,2870,1743,1,-0.007938013
Warm A,667428,4016,4015,2870,1743,0,-0.0054508243
Warm A,652517,3934,3933,2870,1743,0,0.0066519966
Warm A,614717,3724,3723,2870,1743,0,-0.008077769
Warm A,744836,4448,4447,2870,1743,1,-0.00050533353
Warm A,604161,3675,3674,2870,1743,0,-0.012258841
Warm A,726438,4345,4344,2870,1743,0,-0.004706046
Warm A,636883,3836,3835,2870,1743,0,-0.0063180206
Warm A,725282,4344,4343,2870,1743,0,-0.0025849468
Warm A,597873,3639,3638,2870,1743,0,0.0027636932
Warm A,587862,3589,3588,2870,1743,1,-0.0042513437
Warm A,576530,3524,3523,2870,1743,1,-0.00827691
Warm A,567428,3483,3482,2870,1743,1,0.0016605642
Warm A,566784,3478,3477,2870,1743,0,-0.0048078774
Warm A,556863,3422,3421,2870,1743,0,0.0050833616
Warm A,548376,3384,3383,2870,1743,1,0.00027188368
Warm A,547917,3380,3379,2870,1743,0,-0.003270542
Warm A,533257,3292,3291,2870,1743,1,0.0019300152
Warm A,882926,5333,5332,2870,1743,0,0.0033722764
Warm A,518718,3201,3200,2870,1743,1,0.0037814528
Warm A,515978,3184,3183,2870,1743,1,-0.005296753
Warm A,510231,3143,3142,2870,1743,1,0.0056232903
Warm A,893600,5395,5394,2870,1743,0,-0.00243964
Warm A,546064,3367,3366,2870,1743,1,-0.0013824673
Warm A,494065,3032,3031,2870,1743,1,0.0013143038
Warm A,492298,3028,3027,2870,1743,0,-0.0026767415
Warm A,492043,3026,3025,2870,1743,1,-0.008666351
Warm A,768688,4579,4578,2870,1743,1,9.617675e-05
Warm A,489917,3014,3013,2870,1743,0,-0.0014447058
Warm A,696195,4169,4168,2870,1743,1,-0.0023194384
Warm A,467755,2883,2882,2870,1743,1,0.0009172539
Warm A,466777,2878,2877,2870,1743,1,0.0046963273
Warm A,457866,2820,2819,2870,1743,0,-0.004868086
Warm A,421405,2545,2544,2870,1743,1,-0.002253599
Warm A,419737,2537,2536,2870,1743,0,0.0017774402
Warm A,419415,2535,2534,2870,1743,1,-0.00065583223
Warm A,414904,2497,2496,2870,1743,1,-0.002248156
Warm A,398031,2365,2364,2870,1743,1,-0.002676324
Warm A,436366,2665,2664,2870,1743,1,0.001294367
Warm A,395129,2334,2333,2870,1743,1,-0.0161931
Warm A,392134,2304,2303,2870,1743,1,-0.0022830176
Warm A,388925,2279,2278,2870,1743,0,-0.0043743113
Warm A,403635,2411,2410,2870,1743,1,-0.0019314436
Warm A,655943,3952,3951,2870,1743,0,-0.0039186757
Warm A,383473,2241,2240,2870,1743,1,0.0020797239
Warm A,381625,2231,2230,2870,1743,0,-0.007640368
Warm A,378706,2211,2210,2870,1743,1,-0.004911811
Warm A,377220,2203,2202,2870,1743,1,-0.012808095
Warm A,419365,2534,2533,2870,1743,0,-0.0020836976
Warm A,356361,2088,2087,2870,1743,1,-0.007565702
Warm A,354063,2073,2072,2870,1743,1,0.002651013
Warm A,347349,2038,2037,2870,1743,0,-0.0030113608
Warm A,343098,2016,2015,2870,1743,1,-0.007634618
Warm A,313901,1874,1873,2870,1743,0,-0.005802243
Warm A,293400,1747,1746,2870,1743,0,-0.0018381474
Warm A,291900,1739,1738,2870,1743,1,0.0010776394
Warm A,299042,1776,1775,2870,1743,1,-0.002371462
Warm A,276188,1671,1670,2870,1743,0,-0.0014450208
Warm A,279106,1680,1679,2870,1743,1,0.00085964217
Warm A,264132,1607,1606,2870,1743,0,-0.009898591
Warm A,260387,1592,1591,2870,1743,0,0.0095145395
Warm A,244668,1473,1472,2870,1743,0,0.0071251867
Warm A,242767,1465,1464,2870,1743,1,-0.0063560437
Warm A,357407,2092,2091,2870,1743,0,0.0038791406
Warm A,217989,1322,1321,2870,1743,1,0.000106687774
Warm A,296431,1758,1757,2870,1743,1,-0.0039536553
Warm A,308008,1836,1835,2870,1743,1,-0.0034621197
Warm A,188579,1170,1169,2870,1743,0,0.00090790144
Warm A,188411,1169,1168,2870,1743,0,-0.009297535
Warm A,183175,1141,1140,2870,1743,1,-0.0045086113
Warm A,185198,1150,1149,2870,1743,0,-0.009916601
Warm A,180256,1128,1127,2870,1743,0,-0.00032098917
Warm A,172625,1094,1093,2870,1743,0,-0.003904095
Warm A,346166,2030,2029,2870,1743,1,0.0002655068
Warm A,162254,1034,1033,2870,1743,1,0.00067315775
Warm A,320032,1899,1898,2870,1743,0,-0.008639548
Warm A,166958,1062,1061,2870,1743,1,-0.008814833
Warm A,146927,948,947,2870,1743,1,-0.009635145
Warm A,324394,1922,1921,2870,1743,1,0.0017848047
Warm A,222061,1343,1342,2870,1743,1,0.0004561399
Warm A,141170,910,909,2870,1743,0,-0.0007764251
Warm A,140457,901,900,2870,1743,1,0.001996845
Warm A,140231,899,898,2870,1743,0,-0.0022356824
Warm A,138178,889,888,2870,1743,0,-0.008324087
Warm A,248787,1501,1500,2870,1743,0,-0.0016735733
Warm A,131123,850,849,2870,1743,0,-0.005988921
Warm A,374803,2185,2184,2870,1743,1,0.0034740916
Warm A,118691,767,766,2870,1743,0,-0.0022064971
Warm A,112430,731,730,2870,1743,1,0.0008309303
Warm A,95411,639,638,2870,1743,0,3.8143713e-05
Warm A,284096,1698,1697,2870,1743,0,-0.013569193
Warm A,153001,984,983,2870,1743,0,0.0033994801
Warm A,86600,566,565,2870,1743,1,0.0012503886
Warm A,83048,549,548,2870,1743,1,-0.008859908
Warm A,76142,517,516,2870,1743,1,0.0013835724
Warm A,70752,476,475,2870,1743,1,-0.0023413426
Warm A,71538,481,480,2870,1743,1,0.00018821779
Warm A,64736,434,433,2870,1743,1,0.00054154766
Warm A,75887,516,515,2870,1743,0,0.006614281
Warm A,123384,796,795,2870,1743,0,0.001556145
Warm A,56753,380,379,2870,1743,1,-0.00249619
Warm A,48654,326,325,2870,1743,0,0.0048987153
Warm A,46125,308,307,2870,1743,1,0.003181927
Warm A,44782,302,301,2870,1743,0,-0.001243562
Warm A,32310,216,215,2870,1743,1,-0.009916792
Warm A,9435,62,61,2870,1743,1,6.341329e-05
Warm A,6382,45,44,2870,1743,0,0.0064010243
Warm A,48094,322,321,2870,1743,1,-0.004205631
Warm A,4188,31,30,2870,1743,0,-0.0072918506
Warm A,60922,411,410,2870,1743,0,-0.0029095032
Warm A,801375,4802,4801,2870,1743,1,-0.006423452
Warm A,286676,1712,1711,2870,1743,1,-0.0022308957
Warm A,843890,5074,5073,2870,1743,0,0.0052208737
Warm A,966733,5831,5830,2870,1743,0,-0.006701807
Warm A,158102,1015,1014,2870,1743,1,-0.0010290376
Warm A,347989,2041,2040,2870,1743,0,0.01137676
Warm A,828662,4979,4978,2870,1743,0,-0.007397406
Warm A,712981,4277,4276,2870,1743,0,0.008640972
Warm A,272149,1645,1644,2870,1743,1,0.0065510613
Warm A,328006,1941,1940,2870,1743,0,-0.010764601
Warm A,558193,3428,3427,2870,1743,1,-0.0044645933
Warm A,565536,3475,3474,2870,1743,1,-0.00062665576
Warm A,545283,3363,3362,2870,1743,1,0.0026752804
Warm A,797974,4785,4784,2870,1743,1,-0.0033701523
Warm A,795478,4765,4764,2870,1743,1,-0.0035477888
Warm A,319296,1897,1896,2870,1743,1,0.0011969414
Warm A,842489,5063,5062,2870,1743,1,-0.002161568
Warm A,171559,1088,1087,2870,1743,0,-0.0040952973
Warm A,346620,2031,2030,2870,1743,1,-0.005096129
Warm A,1099,10,9,2874,1746,1,0.007157818
Warm A,19621,148,147,2874,1746,1,0.009100595
Warm A,60936,411,410,2874,1746,0,0.007956756
Warm A,50696,333,332,2874,1746,0,0.011719585
Warm A,582759,3560,3559,2874,1746,0,0.004836872
Warm A,489577,3013,3012,2874,1746,0,-0.00046332926
Warm A,821568,4940,4939,2874,1746,1,0.01663892
Warm A,520319,3209,3208,2879,1749,1,0.0027199816
Warm A,527385,3261,3260,2879,1749,0,0.0061567547
Warm A,506663,3118,3117,2879,1749,0,0.009296447
Warm A,504414,3101,3100,2879,1749,1,0.0040361024
Warm A,496467,3051,3050,2879,1749,1,0.009195631
Warm A,494074,3032,3031,2879,1749,1,0.012473239
Warm A,486249,2994,2993,2879,1749,0,0.0025796317
Warm A,482683,2967,2966,2879,1749,1,0.00019270228
Warm A,456951,2814,2813,2879,1749,1,0.0076882364
Warm A,449892,2774,2773,2879,1749,1,0.0038885581
Warm A,424701,2576,2575,2879,1749,1,-0.0017609014
Warm A,421743,2549,2548,2879,1749,0,0.0018258702
Warm A,418634,2529,2528,2879,1749,1,0.0102031985
Warm A,409170,2456,2455,2879,1749,1,0.0015105314
Warm A,609631,3695,3694,2879,1749,1,0.00568604
Warm A,449343,2771,2770,2879,1749,0,0.014651964
Warm A,392138,2304,2303,2879,1749,1,0.00720069
Warm A,372440,2175,2174,2879,1749,0,0.0070742425
Warm A,370481,2166,2165,2879,1749,1,0.0041974094
Warm A,367216,2143,2142,2879,1749,1,0.012738039
Warm A,366458,2134,2133,2879,1749,0,-0.00012631319
Warm A,355949,2085,2084,2879,1749,0,0.0020059345
Warm A,349851,2054,2053,2879,1749,0,0.0121054165
Warm A,345090,2024,2023,2879,1749,0,0.0052061463
Warm A,342416,2015,2014,2879,1749,1,0.0056550903
Warm A,341554,2012,2011,2879,1749,0,0.009345567
Warm A,329277,1943,1942,2879,1749,0,0.0163728
Warm A,327169,1939,1938,2879,1749,1,0.006164558
Warm A,320765,1902,1901,2879,1749,1,0.008985411
Warm A,329806,1945,1944,2879,1749,0,0.009148952
Warm A,297460,1764,1763,2879,1749,1,0.001642853
Warm A,289311,1727,1726,2879,1749,1,0.012027733
Warm A,282605,1694,1693,2879,1749,1,0.0027282198
Warm A,274365,1658,1657,2879,1749,1,0.0022071842
Warm A,269897,1635,1634,2879,1749,1,0.015885297
Warm A,265730,1613,1612,2879,1749,0,0.013567492
Warm A,247639,1496,1495,2879,1749,0,0.010351839
Warm A,243220,1466,1465,2879,1749,0,0.00509008
Warm A,245496,1483,1482,2879,1749,1,0.006580863
Warm A,232671,1414,1413,2879,1749,1,0.00976123
Warm A,240781,1450,1449,2879,1749,1,0.001008507
Warm A,296790,1759,1758,2879,1749,1,-0.0035852776
Warm A,213886,1299,1298,2879,1749,1,0.003230452
Warm A,277635,1676,1675,2879,1749,0,0.008313714
Warm A,267195,1624,1623,2879,1749,0,-0.0009871533
Warm A,192353,1184,1183,2879,1749,0,-0.001206639
Warm A,186349,1152,1151,2879,1749,0,0.010632368
Warm A,198615,1220,1219,2879,1749,0,0.0091745015
Warm A,172865,1096,1095,2879,1749,0,0.008465776
Warm A,175482,1112,1111,2879,1749,0,0.00926795
Warm A,227599,1380,1379,2879,1749,0,-0.0009988737
Warm A,155846,1004,1003,2879,1749,1,0.010720816
Warm A,712992,4277,4276,2879,1749,0,0.006347674
Warm A,136525,881,880,2879,1749,0,0.0065382435
Warm A,135589,877,876,2879,1749,0,0.0107761985
Warm A,128530,832,831,2879,1749,1,-5.2191317e-06
Warm A,121859,785,784,2879,1749,1,0.009734279
Warm A,107895,710,709,2879,1749,1,0.01545051
Warm A,320041,1899,1898,2879,1749,1,0.014276236
Warm A,130505,846,845,2879,1749,1,0.0076254057
Warm A,100139,669,668,2879,1749,1,0.010763885
Warm A,176895,1117,1116,2879,1749,0,0.017047074
Warm A,97810,655,654,2879,1749,0,0.013117145
Warm A,96399,647,646,2879,1749,0,0.016109116
Warm A,294877,1752,1751,2879,1749,0,0.008067672
Warm A,284111,1698,1697,2879,1749,1,0.0022937204
Warm A,153925,990,989,2879,1749,1,0.011411153
Warm A,238865,1448,1447,2879,1749,0,0.0023163438
Warm A,78122,526,525,2879,1749,0,0.00018062664
Warm A,77459,524,523,2879,1749,1,0.0066350447
Warm A,67417,453,452,2879,1749,0,0.007248865
Warm A,87070,569,568,2879,1749,0,-0.004959557
Warm A,317670,1889,1888,2879,1749,1,0.013796896
Warm A,35925,242,241,2879,1749,0,-0.00083965715
Warm A,626722,3792,3791,2879,1749,1,0.011368896
Warm A,873936,5277,5276,2879,1749,0,0.0077270865
Warm A,32329,216,215,2879,1749,0,0.006367714
Warm A,239999,1449,1448,2879,1749,0,0.00018641353
Warm A,26076,185,184,2879,1749,0,0.0068588303
Warm A,363932,2120,2119,2879,1749,0,0.0037299856
Warm A,258397,1584,1583,2879,1749,1,0.003195088
Warm A,16485,130,129,2879,1749,1,0.0067252
Warm A,104276,692,691,2879,1749,1,0.010431304
Warm A,27367,192,191,2879,1749,0,-0.0031660902
Warm A,10994,81,80,2879,1749,1,0.0029908007
Warm A,290152,1733,1732,2879,1749,0,0.0062502436
Warm A,10338,73,72,2879,1749,0,0.008392419
Warm A,17228,134,133,2879,1749,1,0.010670147
Warm A,633176,3824,3823,2879,1749,0,0.009647147
Warm A,54645,355,354,2879,1749,0,0.009983259
Warm A,255500,1556,1555,2879,1749,0,0.01125183
Warm A,974989,5880,5879,2879,1749,1,0.009685571
Warm A,362979,2116,2115,2879,1749,1,0.0030979768
Warm A,753262,4489,4488,2879,1749,1,0.0044934764
Warm A,28439,195,194,2879,1749,1,0.010340124
Warm A,490715,3018,3017,2879,1749,1,0.0017590406
Warm A,241164,1451,1450,2879,1749,0,0.0059391037
Warm A,145777,937,936,2879,1749,1,0.009203004
Warm A,11694,90,89,2879,1749,1,0.006839606
Warm A,388113,2271,2270,2879,1749,0,0.003890809
Warm A,24542,173,172,2879,1749,1,0.004236551
Warm A,458652,2824,2823,2879,1749,1,-0.0050001284
Warm A,62868,424,423,2879,1749,1,0.012911566
Warm A,272866,1647,1646,2879,1749,0,-0.00067073153
Warm A,104280,692,691,2880,1750,1,0.012775151
Warm A,28456,195,194,2880,1750,0,-0.00014384906
Warm A,974992,5880,5879,2880,1750,1,0.0140676955
Warm A,490721,3018,3017,2880,1750,0,0.015663328
Warm A,362989,2116,2115,2880,1750,1,0.01041014
Warm A,633185,3824,3823,2880,1750,0,-0.0021321012
Warm A,11705,90,89,2880,1750,1,-0.004694031
Warm A,290157,1733,1732,2880,1750,0,0.004366399
Warm A,24557,173,172,2880,1750,1,0.0014775638
Warm A,458656,2824,2823,2880,1750,1,0.0051161572
Warm A,145782,937,936,2880,1750,1,-0.0014024922
Warm A,272875,1647,1646,2880,1750,0,0.017112691
Warm A,443525,2735,2734,2882,1752,0,0.0031205586
Warm A,432430,2637,2636,2882,1752,0,0.003647929
Warm A,401274,2392,2391,2882,1752,0,0.0073339264
Warm A,397746,2358,2357,2882,1752,0,0.009131029
Warm A,396341,2344,2343,2882,1752,0,0.0011766811
Warm A,386607,2261,2260,2882,1752,0,0.0049512605
Warm A,381311,2230,2229,2882,1752,0,0.006827228
Warm A,376727,2199,2198,2882,1752,0,0.008950939
Warm A,369894,2164,2163,2882,1752,0,0.011297881
Warm A,354072,2073,2072,2882,1752,1,0.0022977125
Warm A,348627,2043,2042,2882,1752,0,0.0007840856
Warm A,348425,2042,2041,2882,1752,0,-0.0024710326
Warm A,318360,1891,1890,2882,1752,0,0.006379128
Warm A,278166,1677,1676,2882,1752,1,-0.0006665089
Warm A,275088,1666,1665,2882,1752,0,0.012159847
Warm A,254711,1548,1547,2882,1752,0,0.0003842204
Warm A,252992,1534,1533,2882,1752,0,0.0002903107
Warm A,241631,1453,1452,2882,1752,0,0.011595048
Warm A,204930,1261,1260,2882,1752,1,0.0062385625
Warm A,314485,1878,1877,2882,1752,1,0.002186731
Warm A,196476,1207,1206,2882,1752,0,0.007908234
Warm A,189352,1173,1172,2882,1752,0,0.0011796497
Warm A,321659,1908,1907,2882,1752,1,0.003747404
Warm A,333172,1967,1966,2882,1752,0,-0.0033831175
Warm A,168408,1069,1068,2882,1752,0,0.0052905562
Warm A,160865,1022,1021,2882,1752,0,0.0052911947
Warm A,313749,1873,1872,2882,1752,0,0.00073625473
Warm A,145329,935,934,2882,1752,0,0.008274179
Warm A,134801,871,870,2882,1752,1,0.0077026556
Warm A,178086,1120,1119,2882,1752,0,0.0084801465
Warm A,110352,720,719,2882,1752,0,0.014201393
Warm A,107082,704,703,2882,1752,0,0.004615163
Warm A,106031,699,698,2882,1752,0,-0.0010314208
Warm A,100825,673,672,2882,1752,0,0.0008523357
Warm A,98780,660,659,2882,1752,0,0.020268638
Warm A,90927,602,601,2882,1752,0,0.008328783
Warm A,87255,570,569,2882,1752,0,0.0036450292
Warm A,238873,1448,1447,2882,1752,1,0.009705622
Warm A,68691,461,460,2882,1752,1,0.009797678
Warm A,54261,354,353,2882,1752,1,0.01005378
Warm A,54076,352,351,2882,1752,0,0.013865175
Warm A,155325,1001,1000,2882,1752,0,0.005382941
Warm A,48209,323,322,2882,1752,1,0.002885291
Warm A,291350,1737,1736,2882,1752,0,0.009263752
Warm A,17047,133,132,2882,1752,1,0.009579767
Warm A,10709,77,76,2882,1752,0,0.01158349
Warm A,1661,15,14,2882,1752,0,-0.004287178
Warm A,117036,754,753,2882,1752,0,0.004348231
Warm A,56390,376,375,2882,1752,1,0.006664411
Warm A,76352,518,517,2882,1752,0,0.0060295425
Warm A,696218,4169,4168,2882,1752,0,0.0071376027
Warm A,170839,1087,1086,2882,1752,0,0.01936524
Warm A,558198,3428,3427,2882,1752,1,0.012002706
Warm A,466788,2878,2877,2882,1752,1,0.018727863
Warm A,242336,1463,1462,2882,1752,0,0.0027388472
Warm A,136534,881,880,2882,1752,0,0.008421273
Warm A,413189,2485,2484,2882,1752,1,0.008374853
Warm A,52258,343,342,2882,1752,0,0.0036512096
Warm A,777768,4647,4646,2885,1754,0,0.0027738078
Warm A,306809,1831,1830,2888,1755,1,0.0027249595
Warm A,296973,1760,1759,2888,1755,0,0.004141649
Warm A,277648,1676,1675,2888,1755,0,-0.0035242983
Warm A,281246,1687,1686,2888,1755,1,-0.0023497585
Warm A,265058,1611,1610,2888,1755,0,0.0021363583
Warm A,256240,1563,1562,2888,1755,0,0.0017630903
Warm A,255324,1555,1554,2888,1755,1,0.010890904
Warm A,301752,1793,1792,2888,1755,0,0.0004947302
Warm A,243224,1466,1465,2888,1755,0,0.0021559405
Warm A,225573,1366,1365,2888,1755,0,0.0037010084
Warm A,224146,1356,1355,2888,1755,0,-0.002489438
Warm A,224857,1359,1358,2888,1755,0,0.0043134536
Warm A,223508,1354,1353,2888,1755,1,0.0071883067
Warm A,214081,1300,1299,2888,1755,0,0.002272833
Warm A,243909,1470,1469,2888,1755,0,0.0017859021
Warm A,236369,1434,1433,2888,1755,0,0.0041964278
Warm A,186758,1156,1155,2888,1755,1,-0.00041815243
Warm A,186475,1153,1152,2888,1755,0,-0.006031948
Warm A,285647,1702,1701,2888,1755,1,-0.00692192
Warm A,270430,1636,1635,2888,1755,0,-0.001359951
Warm A,167828,1068,1067,2888,1755,0,-0.0051398776
Warm A,139834,896,895,2888,1755,0,0.0054869857
Warm A,138210,889,888,2888,1755,0,0.0016036849
Warm A,135599,877,876,2888,1755,0,0.003909434
Warm A,263269,1605,1604,2888,1755,0,0.005174986
Warm A,125300,805,804,2888,1755,1,0.008405421
Warm A,121800,784,783,2888,1755,0,0.0027092332
Warm A,360730,2106,2105,2888,1755,0,0.004052726
Warm A,95849,643,642,2888,1755,0,0.0025571827
Warm A,79365,531,530,2888,1755,0,0.0038024492
Warm A,87075,569,568,2888,1755,1,-0.0046275808
Warm A,64223,429,428,2888,1755,0,0.003830536
Warm A,78433,528,527,2888,1755,0,-0.0009938219
Warm A,312869,1865,1864,2888,1755,1,4.9264636e-05
Warm A,219151,1329,1328,2888,1755,0,0.0039398633
Warm A,291357,1737,1736,2888,1755,0,0.0053002182
Warm A,15071,119,118,2888,1755,0,0.008380473
Warm A,4788,34,33,2888,1755,1,-0.0018408011
Warm A,1725,16,15,2888,1755,0,-0.0010916013
Warm A,158128,1015,1014,2888,1755,0,0.0049482556
Warm A,111642,727,726,2888,1755,1,0.0020262164
Warm A,238878,1448,1447,2888,1755,0,0.009573756
Warm A,257624,1579,1578,2888,1755,0,0.0047296267
Warm A,88203,582,581,2888,1755,0,-0.002872705
Warm A,2465,19,18,2888,1755,0,-0.0040901722
Warm A,682398,4085,4084,2888,1755,1,0.0072810897
Warm A,12168,92,91,2888,1755,0,0.0022435633
Warm A,164498,1051,1050,2888,1755,0,-0.002121238
Warm A,405325,2427,2426,2888,1755,0,-0.0008549015
Warm A,907634,5492,5491,2888,1755,0,0.007709931
Warm A,171580,1088,1087,2888,1755,0,-0.0024174983
Warm A,134227,869,868,2888,1755,1,0.006385809
Warm A,209668,1280,1279,2888,1755,0,-0.0017673343
Warm A,730555,4371,4370,2888,1755,1,0.0006234078
Warm A,434918,2655,2654,2888,1755,0,0.006593693
Warm A,718543,4305,4304,2888,1755,1,0.0015933074
Warm A,156812,1010,1009,2888,1755,0,0.005807585
Warm A,331566,1958,1957,2888,1755,0,0.001562502
Warm A,785771,4697,4696,2888,1755,1,0.008380634
Warm A,737123,4407,4406,2891,1758,0,0.00235685
Warm A,736066,4401,4400,2891,1758,0,-0.011653869
Warm A,691274,4139,4138,2891,1758,1,-0.006902617
Warm A,689039,4122,4121,2891,1758,0,0.010172396
Warm A,682406,4085,4084,2891,1758,1,-0.004388727
Warm A,683958,4089,4088,2891,1758,1,0.0011545424
Warm A,678459,4064,4063,2891,1758,1,-0.014218511
Warm A,677795,4062,4061,2891,1758,0,0.011271668
Warm A,671223,4033,4032,2891,1758,1,0.002675208
Warm A,761154,4522,4521,2891,1758,1,0.007759757
Warm A,724831,4343,4342,2891,1758,0,0.0046388283
Warm A,651387,3929,3928,2891,1758,0,-0.0046178503
Warm A,634880,3829,3828,2891,1758,0,0.0060212575
Warm A,670229,4028,4027,2891,1758,1,0.0061461646
Warm A,614170,3720,3719,2891,1758,0,-0.006738106
Warm A,845313,5081,5080,2891,1758,1,0.00055035995
Warm A,610438,3702,3701,2891,1758,1,-0.001814838
Warm A,615626,3727,3726,2891,1758,0,-0.0032816348
Warm A,604191,3675,3674,2891,1758,0,-0.0006190657
Warm A,598592,3643,3642,2891,1758,0,-0.007373956
Warm A,593031,3615,3614,2891,1758,1,0.0018378852
Warm A,582660,3559,3558,2891,1758,1,0.002523161
Warm A,902784,5458,5457,2891,1758,1,0.0022799973
Warm A,579296,3539,3538,2891,1758,1,-0.00993305
Warm A,563058,3464,3463,2891,1758,0,0.004588463
Warm A,550084,3391,3390,2891,1758,1,0.004036613
Warm A,546790,3371,3370,2891,1758,0,-0.0032113302
Warm A,532118,3285,3284,2891,1758,1,0.0016012774
Warm A,525980,3250,3249,2891,1758,0,0.005658518
Warm A,524828,3240,3239,2891,1758,1,0.004167648
Warm A,539874,3320,3319,2891,1758,0,0.0021026377
Warm A,516076,3185,3184,2891,1758,1,-0.0009225905
Warm A,882118,5329,5328,2891,1758,1,-0.005915026
Warm A,527399,3261,3260,2891,1758,0,-0.0038311768
Warm A,507403,3122,3121,2891,1758,0,-0.0030246393
Warm A,485021,2986,2985,2891,1758,1,-0.0015937232
Warm A,482695,2967,2966,2891,1758,0,-0.002726532
Warm A,474677,2913,2912,2891,1758,1,0.0013720866
Warm A,472549,2907,2906,2891,1758,0,0.0007304639
Warm A,470968,2899,2898,2891,1758,1,0.003989408
Warm A,461812,2848,2847,2891,1758,1,-0.0018615607
Warm A,459611,2832,2831,2891,1758,0,0.004112712
Warm A,445932,2750,2749,2891,1758,1,-0.0071520223
Warm A,443807,2737,2736,2891,1758,0,0.0030519848
Warm A,442399,2724,2723,2891,1758,0,0.010001217
Warm A,438821,2681,2680,2891,1758,1,-0.0019552964
Warm A,432998,2639,2638,2891,1758,0,0.0034810698
Warm A,404520,2419,2418,2891,1758,1,0.00087015796
Warm A,400374,2383,2382,2891,1758,0,0.010147352
Warm A,387000,2263,2262,2891,1758,0,0.005219314
Warm A,367895,2148,2147,2891,1758,1,-0.003221189
Warm A,355957,2085,2084,2891,1758,0,-0.00018653716
Warm A,338596,1992,1991,2891,1758,1,-0.009449039
Warm A,283525,1697,1696,2891,1758,1,-0.006483542
Warm A,274373,1658,1657,2891,1758,0,0.0014412705
Warm A,265740,1613,1612,2891,1758,0,0.0023994013
Warm A,264596,1609,1608,2891,1758,1,0.009875057
Warm A,259438,1587,1586,2891,1758,0,-0.0056585856
Warm A,231961,1407,1406,2891,1758,1,-0.0030684443
Warm A,309925,1843,1842,2891,1758,0,-0.00620695
Warm A,335851,1980,1979,2891,1758,1,0.0018756199
Warm A,222381,1345,1344,2891,1758,1,-0.0026817925
Warm A,223512,1354,1353,2891,1758,1,-0.002006101
Warm A,217013,1317,1316,2891,1758,1,0.0008304871
Warm A,296793,1759,1758,2891,1758,0,-0.0053187357
Warm A,277654,1676,1675,2891,1758,1,-0.0050404225
Warm A,360740,2106,2105,2891,1758,0,-0.0016994711
Warm A,210899,1285,1284,2891,1758,1,-0.0034463694
Warm A,185234,1150,1149,2891,1758,0,-0.004121905
Warm A,183184,1141,1140,2891,1758,1,-0.00048140017
Warm A,173642,1100,1099,2891,1758,0,-0.0013015566
Warm A,167832,1068,1067,2891,1758,1,-0.004276756
Warm A,175495,1112,1111,2891,1758,0,-0.006126886
Warm A,166439,1059,1058,2891,1758,0,-0.002513877
Warm A,163377,1045,1044,2891,1758,1,-0.008859981
Warm A,214819,1303,1302,2891,1758,1,-0.00048227934
Warm A,151966,977,976,2891,1758,1,-0.0045727785
Warm A,125229,804,803,2891,1758,1,-0.0017888459
Warm A,112443,731,730,2891,1758,0,1.8436695e-05
Warm A,341159,2011,2010,2891,1758,1,-0.007936634
Warm A,200053,1228,1227,2891,1758,1,-0.0032379343
Warm A,190859,1181,1180,2891,1758,1,-0.0073592933
Warm A,116164,752,751,2891,1758,1,0.0041173575
Warm A,65777,440,439,2891,1758,1,-0.0047994815
Warm A,61900,415,414,2891,1758,0,-0.00067762705
Warm A,155330,1001,1000,2891,1758,1,0.0015743251
Warm A,56764,380,379,2891,1758,1,0.004385333
Warm A,132438,855,854,2891,1758,0,-0.010424788
Warm A,42911,293,292,2891,1758,0,0.0006071422
Warm A,44080,301,300,2891,1758,1,0.0037757333
Warm A,312871,1865,1864,2891,1758,1,0.0010464697
Warm A,60978,411,410,2891,1758,1,-0.0010595116
Warm A,31592,214,213,2891,1758,0,-0.009956343
Warm A,8659,58,57,2891,1758,1,0.0012737905
Warm A,206836,1266,1265,2891,1758,0,0.0026595932
Warm A,78440,528,527,2891,1758,1,-0.0033289408
Warm A,933442,5636,5635,2891,1758,1,-0.0073493337
Warm A,696237,4169,4168,2891,1758,1,-0.0015097535
Warm A,49720,329,328,2891,1758,0,-0.007095243
Warm A,797286,4781,4780,2891,1758,1,0.0009831326
Warm A,557220,3423,3422,2891,1758,1,0.0034653856
Warm A,607113,3685,3684,2891,1758,1,0.00048524735
Warm A,290172,1733,1732,2891,1758,0,-0.0060662692
Warm A,828678,4979,4978,2891,1758,0,0.0020962486
Warm A,949190,5734,5733,2891,1758,1,-0.010599313
Warm A,169915,1079,1078,2891,1758,1,0.0013950614
Warm A,317681,1889,1888,2891,1758,0,0.0041007856
Warm A,102207,678,677,2891,1758,0,-0.0025665362
Warm A,265062,1611,1610,2891,1758,0,-0.0070130173
Warm A,252491,1530,1529,2891,1758,1,0.007470462
Warm A,488131,3002,3001,2891,1758,1,-0.006376947
Warm A,195412,1203,1202,2891,1758,1,-0.0034038685
Warm A,171589,1088,1087,2891,1758,1,0.005513961
Warm A,51579,338,337,2891,1758,1,-0.0061799427
Warm A,571039,3503,3502,2891,1758,1,-0.0067157466
Warm A,322327,1912,1911,2891,1758,0,0.003605491
Warm A,206329,1265,1264,2891,1758,0,0.002509077
Warm A,107913,710,709,2891,1758,0,0.0020079552
Warm A,164506,1051,1050,2891,1758,1,-0.00018702506
Warm A,699661,4186,4185,2891,1758,0,-0.0057087503
Warm A,713011,4277,4276,2891,1758,0,-0.0010706126
Warm A,178627,1121,1120,2891,1758,1,0.00762337
Warm A,104291,692,691,2891,1758,0,0.0024730745
Warm A,234947,1425,1424,2891,1758,0,0.004032757
Warm A,263282,1605,1604,2891,1758,0,0.0068997787
Warm A,374046,2181,2180,2898,1759,0,0.01190545
Warm A,366157,2131,2130,2898,1759,0,0.0041658105
Warm A,358485,2098,2097,2898,1759,0,-0.0067618084
Warm A,361612,2109,2108,2898,1759,1,0.007289986
Warm A,344415,2021,2020,2898,1759,1,0.014737256
Warm A,303523,1803,1802,2898,1759,0,0.0010457532
Warm A,288257,1722,1721,2898,1759,1,0.008898459
Warm A,279165,1680,1679,2898,1759,1,0.0130360285
Warm A,276932,1675,1674,2898,1759,1,0.003132076
Warm A,268334,1630,1629,2898,1759,0,0.0082360925
Warm A,265743,1613,1612,2898,1759,0,0.007930737
Warm A,253728,1543,1542,2898,1759,0,0.006336784
Warm A,234583,1424,1423,2898,1759,0,-0.0074198963
Warm A,221892,1342,1341,2898,1759,0,0.0043635843
Warm A,328059,1941,1940,2898,1759,0,0.0010806306
Warm A,256184,1562,1561,2898,1759,0,-0.0029984694
Warm A,183981,1146,1145,2898,1759,0,0.018078975
Warm A,175497,1112,1111,2898,1759,0,0.0114969155
Warm A,165215,1053,1052,2898,1759,0,-0.0017019887
Warm A,159237,1017,1016,2898,1759,0,-0.0010151118
Warm A,158140,1015,1014,2898,1759,0,0.0066560246
Warm A,150972,971,970,2898,1759,0,0.010142319
Warm A,156827,1010,1009,2898,1759,0,0.013096487
Warm A,138234,889,888,2898,1759,0,0.012251367
Warm A,133168,859,858,2898,1759,0,0.006653455
Warm A,125536,808,807,2898,1759,0,0.0018107023
Warm A,107917,710,709,2898,1759,0,0.01108999
Warm A,77484,524,523,2898,1759,0,0.005717718
Warm A,81645,543,542,2898,1759,1,0.006103171
Warm A,240026,1449,1448,2898,1759,0,0.013561403
Warm A,45275,305,304,2898,1759,0,0.0045155343
Warm A,291374,1737,1736,2898,1759,0,0.0023166775
Warm A,22742,163,162,2898,1759,0,0.0045988904
Warm A,290175,1733,1732,2898,1759,0,0.0016604586
Warm A,696244,4169,4168,2898,1759,0,0.011459645
Warm A,265065,1611,1610,2898,1759,1,0.009083292
Warm A,572101,3507,3506,2898,1759,0,0.010920683
Warm A,365742,2129,2128,2898,1759,0,0.008045393
Warm A,164509,1051,1050,2898,1759,0,0.011757502
Warm A,102210,678,677,2898,1759,0,0.015029521
Warm A,62893,424,423,2898,1759,1,-0.0011782825
Warm A,892942,5394,5393,2898,1759,0,0.019151695
Warm A,405326,2427,2426,2899,1760,1,0.0050871414
Warm A,394738,2330,2329,2899,1760,1,0.00614809
Warm A,385527,2253,2252,2899,1760,1,0.007736703
Warm A,383475,2241,2240,2899,1760,1,0.0042393506
Warm A,384104,2244,2243,2899,1760,1,0.008443377
Warm A,381636,2231,2230,2899,1760,0,0.010748496
Warm A,364731,2124,2123,2899,1760,1,0.011765522
Warm A,362137,2110,2109,2899,1760,0,0.011962276
Warm A,348714,2045,2044,2899,1760,0,0.0015784978
Warm A,345797,2029,2028,2899,1760,0,0.000762656
Warm A,335086,1977,1976,2899,1760,0,0.004009383
Warm A,326983,1938,1937,2899,1760,0,0.00038476835
Warm A,313575,1871,1870,2899,1760,0,0.0016295281
Warm A,268991,1632,1631,2899,1760,0,0.011370785
Warm A,343105,2016,2015,2899,1760,1,0.0077751623
Warm A,312312,1861,1860,2899,1760,0,0.0077598393
Warm A,258995,1586,1585,2899,1760,0,0.004596876
Warm A,257027,1574,1573,2899,1760,1,0.0012059126
Warm A,311724,1858,1857,2899,1760,1,0.005882435
Warm A,245278,1481,1480,2899,1760,1,0.004805651
Warm A,335854,1980,1979,2899,1760,1,0.014885949
Warm A,216206,1312,1311,2899,1760,1,0.012168629
Warm A,279167,1680,1679,2899,1760,1,0.0036397115
Warm A,591946,3610,3609,2899,1760,0,0.003959939
Warm A,243919,1470,1469,2899,1760,0,0.008015991
Warm A,235836,1427,1426,2899,1760,0,0.0044417847
Warm A,248805,1501,1500,2899,1760,1,0.0067171166
Warm A,166441,1059,1058,2899,1760,1,-0.0010901636
Warm A,167834,1068,1067,2899,1760,0,0.011100334
Warm A,158142,1015,1014,2899,1760,0,0.002773841
Warm A,212890,1297,1296,2899,1760,1,-0.0003250544
Warm A,147673,951,950,2899,1760,0,0.0062058535
Warm A,131139,850,849,2899,1760,0,0.00746007
Warm A,147390,949,948,2899,1760,1,0.008366482
Warm A,125371,806,805,2899,1760,0,0.0049369037
Warm A,121119,780,779,2899,1760,1,0.005344226
Warm A,110356,720,719,2899,1760,0,0.0073637515
Warm A,93776,629,628,2899,1760,0,0.00021854902
Warm A,425675,2583,2582,2899,1760,1,0.00275743
Warm A,92211,614,613,2899,1760,0,0.00413258
Warm A,86106,563,562,2899,1760,0,0.00749396
Warm A,85251,556,555,2899,1760,0,0.005406952
Warm A,83081,549,548,2899,1760,1,0.0106276525
Warm A,80946,538,537,2899,1760,1,0.008118911
Warm A,54946,360,359,2899,1760,1,0.008829711
Warm A,48935,327,326,2899,1760,1,0.0069139535
Warm A,40806,273,272,2899,1760,1,0.010657944
Warm A,32387,216,215,2899,1760,0,0.012875538
Warm A,14116,114,113,2899,1760,1,-0.0012805861
Warm A,13952,112,111,2899,1760,1,-0.0042499574
Warm A,12767,97,96,2899,1760,1,0.010442988
Warm A,10576,75,74,2899,1760,0,0.010629946
Warm A,958814,5787,5786,2899,1760,1,0.004241438
Warm A,622084,3768,3767,2899,1760,0,-0.0010961578
Warm A,768702,4579,4578,2899,1760,0,-0.0021543868
Warm A,565556,3475,3474,2899,1760,0,0.013126463
Warm A,208754,1274,1273,2899,1760,1,0.011537657
Warm A,605027,3678,3677,2900,1761,0,0.012147318
Warm A,569450,3491,3490,2900,1761,1,0.01573107
Warm A,594274,3618,3617,2900,1761,0,0.012706772
Warm A,581430,3550,3549,2900,1761,0,0.0016482163
Warm A,551458,3395,3394,2900,1761,0,0.0109953685
Warm A,549234,3389,3388,2900,1761,0,0.010859036
Warm A,541714,3333,3332,2900,1761,1,0.015346371
Warm A,539041,3314,3313,2900,1761,0,0.0008172421
Warm A,531246,3280,3279,2900,1761,0,0.0059722536
Warm A,523742,3228,3227,2900,1761,1,0.012326263
Warm A,519741,3206,3205,2900,1761,0,-0.0007645786
Warm A,566458,3476,3475,2900,1761,0,0.012484502
Warm A,508787,3129,3128,2900,1761,1,0.0018964368
Warm A,501874,3081,3080,2900,1761,1,0.0048021255
Warm A,500039,3069,3068,2900,1761,0,0.008294433
Warm A,498004,3056,3055,2900,1761,0,0.014622625
Warm A,517977,3196,3195,2900,1761,0,0.00066941045
Warm A,474042,2909,2908,2900,1761,1,0.0036898598
Warm A,467827,2883,2882,2900,1761,1,0.009787528
Warm A,754758,4497,4496,2900,1761,0,0.004067252
Warm A,449660,2772,2771,2900,1761,1,0.011317047
Warm A,444438,2742,2741,2900,1761,1,0.003781368
Warm A,441553,2708,2707,2900,1761,0,0.010323409
Warm A,434131,2645,2644,2900,1761,0,0.0007911547
Warm A,429527,2615,2614,2900,1761,0,0.011047956
Warm A,426601,2590,2589,2900,1761,0,0.00659065
Warm A,423527,2566,2565,2900,1761,0,0.0066335653
Warm A,409775,2457,2456,2900,1761,0,0.0075897146
Warm A,402017,2400,2399,2900,1761,0,-0.0057130475
Warm A,389093,2279,2278,2900,1761,0,0.0061848145
Warm A,403776,2411,2410,2900,1761,0,0.005796179
Warm A,385403,2251,2250,2900,1761,0,-0.00073114433
Warm A,376784,2199,2198,2900,1761,0,-0.00017006183
Warm A,374379,2181,2180,2900,1761,0,0.008071333
Warm A,370796,2167,2166,2900,1761,1,0.007869178
Warm A,348523,2042,2041,2900,1761,0,-0.0075913966
Warm A,305940,1820,1819,2900,1761,0,0.006226549
Warm A,288329,1722,1721,2900,1761,0,-0.002111132
Warm A,291661,1737,1736,2900,1761,0,-0.0017950111
Warm A,292529,1741,1740,2900,1761,0,0.009725217
Warm A,279847,1680,1679,2900,1761,0,0.00856327
Warm A,277140,1675,1674,2900,1761,1,0.009301856
Warm A,280518,1683,1682,2900,1761,0,-0.007425731
Warm A,271090,1639,1638,2900,1761,0,0.014974209
Warm A,264425,1608,1607,2900,1761,0,-0.0034367642
Warm A,257254,1577,1576,2900,1761,1,-0.0023063507
Warm A,256960,1572,1571,2900,1761,0,-0.0028981022
Warm A,252293,1528,1527,2900,1761,1,0.0026247022
Warm A,247885,1496,1495,2900,1761,0,0.01061379
Warm A,228520,1383,1382,2900,1761,0,0.00022915611
Warm A,240477,1449,1448,2900,1761,0,0.02316539
Warm A,198892,1221,1220,2900,1761,0,0.009442801
Warm A,196205,1206,1205,2900,1761,1,0.008174524
Warm A,328636,1941,1940,2900,1761,0,-0.006916429
Warm A,180446,1128,1127,2900,1761,0,0.0045039365
Warm A,174785,1106,1105,2900,1761,0,-0.002687295
Warm A,184115,1146,1145,2900,1761,0,-0.0013231053
Warm A,159407,1017,1016,2900,1761,1,0.008815172
Warm A,158608,1015,1014,2900,1761,1,0.004256993
Warm A,152148,978,977,2900,1761,0,0.0053217662
Warm A,149744,963,962,2900,1761,0,0.010490608
Warm A,157196,1010,1009,2900,1761,0,0.0013307864
Warm A,134555,869,868,2900,1761,0,0.008375714
Warm A,125627,808,807,2900,1761,0,-0.0055071423
Warm A,126065,812,811,2900,1761,1,0.011959155
Warm A,211305,1285,1284,2900,1761,0,0.016336244
Warm A,349389,2050,2049,2900,1761,0,0.0010889617
Warm A,352271,2063,2062,2900,1761,0,0.010536846
Warm A,713349,4277,4276,2900,1761,1,0.012857568
Warm A,92828,621,620,2900,1761,1,0.009170541
Warm A,86236,563,562,2900,1761,0,0.015269669
Warm A,81885,543,542,2900,1761,1,0.007410556
Warm A,239274,1448,1447,2900,1761,1,0.006959241
Warm A,82547,548,547,2900,1761,0,0.006713366
Warm A,70917,476,475,2900,1761,0,0.006032473
Warm A,251248,1516,1515,2900,1761,0,0.01107504
Warm A,57629,390,389,2900,1761,0,0.0057107154
Warm A,132663,855,854,2900,1761,0,0.008756966
Warm A,45215,305,304,2900,1761,0,0.0064206435
Warm A,43125,295,294,2900,1761,1,0.004297867
Warm A,41225,278,277,2900,1761,0,-0.00020571996
Warm A,40475,272,271,2900,1761,1,0.009337237
Warm A,36598,245,244,2900,1761,0,0.013291325
Warm A,32515,218,217,2900,1761,0,0.0008133841
Warm A,411660,2472,2471,2900,1761,0,-0.0015293267
Warm A,290501,1733,1732,2900,1761,0,0.010839526
Warm A,552604,3401,3400,2900,1761,0,0.006667235
Warm A,432852,2638,2637,2900,1761,0,0.0039890595
Warm A,265260,1611,1610,2900,1761,1,-8.463836e-05
Warm A,354585,2076,2075,2900,1761,0,0.0048119174
Warm A,572441,3507,3506,2900,1761,0,0.015155806
Warm A,365881,2129,2128,2900,1761,0,0.006313658
Warm A,541551,3332,3331,2900,1761,1,-0.0044143526
Warm A,102579,678,677,2900,1761,1,0.013687775
Warm A,63322,424,423,2900,1761,0,0.012219522
Warm A,310838,1851,1850,2900,1761,0,0.0071821734
Warm A,720196,4312,4311,2900,1761,0,0.011429896
Warm A,271852,1643,1642,2900,1761,1,0.004223887
Warm A,136893,881,880,2900,1761,0,0.00793143
Warm A,342767,2015,2014,2900,1761,0,0.0134432735
Warm A,116555,752,751,2900,1761,0,0.021187712
Warm A,648293,3903,3902,2902,1763,0,0.0022675437
Warm A,649504,3914,3913,2902,1763,0,0.003284207
Warm A,639621,3844,3843,2902,1763,0,0.007409326
Warm A,664229,3999,3998,2902,1763,0,0.014833062
Warm A,628408,3806,3805,2902,1763,0,-0.007766775
Warm A,628825,3807,3806,2902,1763,0,0.011685893
Warm A,629843,3808,3807,2902,1763,0,0.002743205
Warm A,638539,3841,3840,2902,1763,0,0.00040744804
Warm A,623535,3771,3770,2902,1763,0,0.0016392784
Warm A,625103,3778,3777,2902,1763,0,0.011930095
Warm A,622354,3768,3767,2902,1763,0,0.0064699547
Warm A,611957,3709,3708,2902,1763,0,0.0027573972
Warm A,604890,3677,3676,2902,1763,0,-0.0057510864
Warm A,621338,3762,3761,2902,1763,0,0.0023783795
Warm A,606702,3683,3682,2902,1763,0,0.007270364
Warm A,633573,3824,3823,2902,1763,0,0.004665049
Warm A,596850,3626,3625,2902,1763,0,0.003064869
Warm A,577791,3528,3527,2902,1763,0,-0.0005305968
Warm A,688196,4116,4115,2902,1763,0,-0.0008540582
Warm A,557011,3422,3421,2902,1763,0,0.009830486
Warm A,547439,3377,3376,2902,1763,0,-0.0058187474
Warm A,577488,3526,3525,2902,1763,0,0.00990204
Warm A,528337,3265,3264,2902,1763,0,0.007593427
Warm A,522913,3224,3223,2902,1763,0,-0.0020085787
Warm A,511386,3154,3153,2902,1763,1,0.011957479
Warm A,566461,3476,3475,2902,1763,0,0.0006798678
Warm A,606005,3681,3680,2902,1763,0,0.005670785
Warm A,494464,3032,3031,2902,1763,1,0.008440524
Warm A,540065,3320,3319,2902,1763,0,0.0022432215
Warm A,483994,2976,2975,2902,1763,0,0.004863049
Warm A,696696,4169,4168,2902,1763,1,-0.0013221917
Warm A,474045,2909,2908,2902,1763,0,0.004759442
Warm A,754760,4497,4496,2902,1763,0,0.002583918
Warm A,462719,2854,2853,2902,1763,0,-0.0006947035
Warm A,426603,2590,2589,2902,1763,0,0.007040987
Warm A,415577,2503,2502,2902,1763,0,-0.0007446528
Warm A,409304,2456,2455,2902,1763,0,0.002230836
Warm A,397227,2352,2351,2902,1763,0,0.0024174927
Warm A,406816,2444,2443,2902,1763,0,-0.00034185883
Warm A,387368,2264,2263,2902,1763,0,-0.0005328704
Warm A,375203,2186,2185,2902,1763,0,-0.004970038
Warm A,374382,2181,2180,2902,1763,1,0.0126979835
Warm A,370072,2164,2163,2902,1763,1,-0.005052395
Warm A,359561,2102,2101,2902,1763,0,0.0031319524
Warm A,352748,2064,2063,2902,1763,0,0.0028747192
Warm A,317360,1887,1886,2902,1763,0,-0.0029818479
Warm A,290989,1736,1735,2902,1763,0,-0.0022917013
Warm A,288333,1722,1721,2902,1763,1,0.0057026744
Warm A,291664,1737,1736,2902,1763,0,0.0048243795
Warm A,279851,1680,1679,2902,1763,1,0.008042533
Warm A,277144,1675,1674,2902,1763,0,-0.0005331402
Warm A,260721,1593,1592,2902,1763,0,0.0025369385
Warm A,247888,1496,1495,2902,1763,0,0.0061829183
Warm A,224542,1357,1356,2902,1763,0,0.0038711
Warm A,325577,1926,1925,2902,1763,0,-0.004900324
Warm A,336312,1980,1979,2902,1763,0,0.002194561
Warm A,270190,1635,1634,2902,1763,0,0.007796598
Warm A,240481,1449,1448,2902,1763,0,0.008389054
Warm A,210307,1284,1283,2902,1763,0,-0.0109547125
Warm A,261930,1599,1598,2902,1763,0,-0.004185842
Warm A,328640,1941,1940,2902,1763,0,0.004030062
Warm A,307677,1835,1834,2902,1763,0,0.0049887327
Warm A,196711,1207,1206,2902,1763,0,0.0007339162
Warm A,184116,1146,1145,2902,1763,0,-0.009895676
Warm A,175743,1112,1111,2902,1763,0,0.0077945786
Warm A,159411,1017,1016,2902,1763,0,0.014934071
Warm A,158612,1015,1014,2902,1763,0,0.0061415657
Warm A,213075,1297,1296,2902,1763,0,0.0014994426
Warm A,150226,967,966,2902,1763,0,0.0026518214
Warm A,134556,869,868,2902,1763,0,0.0111313965
Warm A,188000,1165,1164,2902,1763,0,0.00079579966
Warm A,125629,808,807,2902,1763,0,0.013376785
Warm A,123982,798,797,2902,1763,0,0.005453597
Warm A,211309,1285,1284,2902,1763,0,0.012409803
Warm A,115525,749,748,2902,1763,0,0.004242322
Warm A,112930,732,731,2902,1763,0,0.004328042
Warm A,107209,705,704,2902,1763,0,0.009981898
Warm A,99893,667,666,2902,1763,1,0.010911763
Warm A,99478,663,662,2902,1763,0,0.00141129
Warm A,103516,687,686,2902,1763,0,0.0035610683
Warm A,95049,637,636,2902,1763,0,0.0025086463
Warm A,90779,601,600,2902,1763,0,0.0068237586
Warm A,83487,549,548,2902,1763,0,0.0001732473
Warm A,234331,1422,1421,2902,1763,0,0.013557047
Warm A,191403,1181,1180,2902,1763,0,0.011026677
Warm A,72317,482,481,2902,1763,0,-0.0024264492
Warm A,57631,390,389,2902,1763,0,0.0019135139
Warm A,338336,1988,1987,2902,1763,0,0.003897326
Warm A,41868,284,283,2902,1763,0,0.006644346
Warm A,41226,278,277,2902,1763,0,0.003410272
Warm A,36602,245,244,2902,1763,0,-0.002000192
Warm A,482010,2962,2961,2902,1763,0,0.012410601
Warm A,238231,1447,1446,2902,1763,0,0.005842938
Warm A,365884,2129,2128,2902,1763,0,-0.0015274747
Warm A,102582,678,677,2902,1763,0,0.006689219
Warm A,760702,4520,4519,2902,1763,0,0.00772497
Warm A,964202,5812,5811,2902,1763,0,0.009309783
Warm A,221600,1340,1339,2902,1763,0,0.0022136671
Warm A,136897,881,880,2902,1763,0,0.009343436
Warm A,44652,302,301,2902,1763,0,0.015362806
Warm A,474396,2910,2909,2902,1763,1,-0.0060856417
Warm A,63326,424,423,2902,1763,0,0.00053305575
Warm A,699766,4186,4185,2902,1763,0,0.015048389
Warm A,718672,4305,4304,2902,1763,0,-0.0025929234
Warm A,370073,2164,2163,2903,1764,0,0.014509397
Warm A,291666,1737,1736,2903,1764,0,0.01931224
Warm A,279853,1680,1679,2903,1764,0,0.011124627
Warm A,247889,1496,1495,2903,1764,0,0.007922547
Warm A,224543,1357,1356,2903,1764,0,0.003264866
Warm A,210309,1284,1283,2903,1764,0,0.004140495
Warm A,261932,1599,1598,2903,1764,0,0.012492383
Warm A,328642,1941,1940,2903,1764,0,0.01803773
Warm A,196712,1207,1206,2903,1764,0,0.013991935
Warm A,184118,1146,1145,2903,1764,0,0.011382222
Warm A,175744,1112,1111,2903,1764,0,0.005990419
Warm A,162506,1035,1034,2903,1764,0,0.012002834
Warm A,159412,1017,1016,2903,1764,0,0.0059472234
Warm A,213076,1297,1296,2903,1764,0,0.010681
Warm A,188001,1165,1164,2903,1764,0,0.007773572
Warm A,125630,808,807,2903,1764,0,0.0056126826
Warm A,123983,798,797,2903,1764,0,0.0014946437
Warm A,112931,732,731,2903,1764,0,0.008798592
Warm A,107210,705,704,2903,1764,0,0.006346426
Warm A,108275,710,709,2903,1764,0,0.0047301026
Warm A,104918,695,694,2903,1764,0,0.0063767405
Warm A,99479,663,662,2903,1764,0,0.009317891
Warm A,90780,601,600,2903,1764,0,0.0056033246
Warm A,83489,549,548,2903,1764,0,0.006205362
Warm A,234332,1422,1421,2903,1764,0,0.014879389
Warm A,68872,461,460,2903,1764,0,0.011736054
Warm A,45217,305,304,2903,1764,0,0.0017761271
Warm A,41227,278,277,2903,1764,0,0.00068589696
Warm A,240483,1449,1448,2903,1764,0,0.006217449
Warm A,482012,2962,2961,2903,1764,0,0.012853842
Warm A,347032,2035,2034,2903,1764,0,0.004901678
Warm A,69117,462,461,2903,1764,0,0.009020079
Warm A,102584,678,677,2903,1764,0,0.0065496136
Warm A,336314,1980,1979,2903,1764,0,0.014157698
Warm A,115526,749,748,2903,1764,0,0.019665655
Warm A,474047,2909,2908,2903,1764,0,0.01021729
Warm A,474397,2910,2909,2903,1764,0,0.0029501934
Warm A,63327,424,423,2903,1764,0,0.0123579325
Warm A,24445,173,172,2905,1765,1,0.010408743
Warm A,93589,626,625,2905,1765,1,0.00024535338
Warm A,770059,4589,4588,2905,1765,1,0.0061286595
Warm A,223112,1352,1351,2905,1765,1,0.00044229708
Warm A,231211,1399,1398,2905,1765,1,0.0023231874
Warm A,28309,195,194,2905,1765,1,0.012174796
Warm A,290504,1733,1732,2905,1765,1,0.008213955
Warm A,215075,1303,1302,2905,1765,1,0.013548774
Warm A,208953,1274,1273,2905,1765,1,0.0071146325
Warm A,273963,1654,1653,2920,1775,1,-0.0003197873
Warm A,266847,1618,1617,2920,1775,1,0.005766624
Warm A,256689,1569,1568,2920,1775,1,0.0039706775
Warm A,256571,1567,1566,2920,1775,0,-0.0007263394
Warm A,250841,1513,1512,2920,1775,1,0.0054979213
Warm A,294511,1749,1748,2920,1775,1,0.0043165255
Warm A,184467,1147,1146,2920,1775,0,0.0076195938
Warm A,182899,1140,1139,2920,1775,1,0.010607371
Warm A,191463,1181,1180,2920,1775,0,0.008608088
Warm A,161206,1028,1027,2920,1775,1,0.0031971035
Warm A,160427,1019,1018,2920,1775,1,0.012088694
Warm A,158677,1015,1014,2920,1775,0,0.0070343753
Warm A,149053,958,957,2920,1775,1,0.0057597095
Warm A,138835,889,888,2920,1775,1,0.0026877532
Warm A,131360,850,849,2920,1775,1,-0.0011866936
Warm A,64749,434,433,2920,1775,1,-0.0008419617
Warm A,46617,312,311,2920,1775,1,0.0028505744
Warm A,27612,193,192,2920,1775,0,6.2925275e-05
Warm A,148868,957,956,2920,1775,1,0.000962246
Warm A,592204,3610,3609,2920,1775,0,0.001449463
Warm A,1484,14,13,2920,1775,1,-0.009084074
Warm A,739460,4418,4417,2920,1775,1,0.001988225
Warm A,320346,1899,1898,2920,1775,1,0.01432754
Warm A,284957,1699,1698,2920,1775,1,0.008244585
Warm A,876380,5291,5290,2920,1775,1,0.00017281855
Warm A,916777,5539,5538,2920,1775,0,0.013120995
Warm A,34803,235,234,2920,1775,1,0.0033013786
Warm A,571242,3503,3502,2920,1775,1,0.01290834
Warm A,369275,2159,2158,2920,1775,1,0.0077512227
Warm A,24483,173,172,2920,1775,1,0.004038457
Warm A,89414,588,587,2920,1775,1,0.008220925
Warm A,208972,1274,1273,2920,1775,1,-0.0019621854
Warm A,421239,2544,2543,2920,1775,1,-0.0014861654
Warm A,104010,691,690,2920,1775,0,0.00030576438
Warm A,223117,1352,1351,2920,1775,1,0.009342052
Warm A,497417,3054,3053,2920,1775,1,0.0033124313
Warm A,607798,3688,3687,2920,1775,1,-0.00048022927
Warm A,322713,1912,1911,2920,1775,0,0.009484826
Warm A,18803,146,145,2920,1775,1,0.007751907
Warm A,933625,5636,5635,2920,1775,1,0.009617891
Warm A,349997,2054,2053,2924,1778,1,0.0141816195
Warm A,374426,2181,2180,2924,1778,1,0.015972354
Warm A,320350,1899,1898,2924,1778,1,0.0129032545
Warm A,288050,1720,1719,2924,1778,1,0.0049451566
Warm A,286026,1706,1705,2924,1778,1,0.008133095
Warm A,280332,1681,1680,2924,1778,0,-0.003296428
Warm A,274545,1658,1657,2924,1778,0,0.010303293
Warm A,270237,1635,1634,2924,1778,1,0.007790208
Warm A,273795,1650,1649,2924,1778,1,0.011141674
Warm A,282785,1694,1693,2924,1778,1,0.011812426
Warm A,266512,1616,1615,2924,1778,1,0.0011115135
Warm A,259810,1588,1587,2924,1778,1,0.013367984
Warm A,257298,1578,1577,2924,1778,1,0.012150063
Warm A,252674,1530,1529,2924,1778,1,0.0008673996
Warm A,245313,1481,1480,2924,1778,1,0.009796486
Warm A,244774,1473,1472,2924,1778,0,0.003918345
Warm A,237300,1443,1442,2924,1778,0,-0.0002951211
Warm A,631834,3821,3820,2924,1778,0,0.007501472
Warm A,236769,1437,1436,2924,1778,1,0.0049675354
Warm A,244522,1472,1471,2924,1778,1,0.004427652
Warm A,221646,1340,1339,2924,1778,0,0.007399983
Warm A,208975,1274,1273,2924,1778,1,0.015077136
Warm A,206086,1264,1263,2924,1778,1,0.013965456
Warm A,199134,1223,1222,2924,1778,1,-0.004111479
Warm A,244214,1470,1469,2924,1778,1,0.003265852
Warm A,294514,1749,1748,2924,1778,0,-0.003289905
Warm A,186424,1152,1151,2924,1778,1,0.013757199
Warm A,185790,1150,1149,2924,1778,0,0.008434871
Warm A,177705,1119,1118,2924,1778,1,0.019928787
Warm A,173861,1100,1099,2924,1778,1,0.0105785895
Warm A,191467,1181,1180,2924,1778,1,0.01597547
Warm A,203315,1246,1245,2924,1778,1,0.0068140086
Warm A,153544,985,984,2924,1778,1,0.0060541322
Warm A,147138,948,947,2924,1778,1,-0.002231782
Warm A,260906,1594,1593,2924,1778,1,-0.00030144816
Warm A,217348,1317,1316,2924,1778,1,0.0062369276
Warm A,157261,1010,1009,2924,1778,1,0.010154162
Warm A,138839,889,888,2924,1778,1,0.0065436456
Warm A,937027,5653,5652,2924,1778,0,0.009093699
Warm A,284532,1698,1697,2924,1778,1,0.007875768
Warm A,733608,4386,4385,2924,1778,0,0.006698095
Warm A,84534,550,549,2924,1778,0,0.008785134
Warm A,70940,476,475,2924,1778,1,-0.00065025897
Warm A,66198,442,441,2924,1778,1,0.0075691924
Warm A,64997,436,435,2924,1778,1,0.0031158382
Warm A,605378,3679,3678,2924,1778,0,-0.0034472886
Warm A,62218,420,419,2924,1778,1,0.010361078
Warm A,57009,385,384,2924,1778,1,-0.0042955577
Warm A,58182,392,391,2924,1778,1,0.0038423263
Warm A,53285,351,350,2924,1778,1,0.00654775
Warm A,713396,4277,4276,2924,1778,0,-0.0039790208
Warm A,34292,231,230,2924,1778,1,0.006376704
Warm A,30854,205,204,2924,1778,1,0.0075719766
Warm A,34805,235,234,2924,1778,1,0.0037461312
Warm A,12371,93,92,2924,1778,0,0.005861867
Warm A,10985,81,80,2924,1778,1,0.011054495
Warm A,23829,169,168,2924,1778,0,0.009666912
Warm A,421244,2544,2543,2924,1778,0,0.008873228
Warm A,230653,1395,1394,2924,1778,1,0.008327515
Warm A,152541,981,980,2924,1778,1,0.0022063814
Warm A,480890,2952,2951,2924,1778,1,0.015062715
Warm A,371140,2168,2167,2924,1778,1,0.009323556
Warm A,467438,2880,2879,2924,1778,1,0.0021980228
Warm A,145926,937,936,2924,1778,1,0.0046916343
Warm A,232864,1415,1414,2924,1778,0,0.011963888
Warm A,907726,5492,5491,2924,1778,1,0.0091415085
Warm A,805805,4823,4822,2924,1778,1,0.011878285
Warm A,418998,2529,2528,2924,1778,1,0.01627729
Warm A,804382,4816,4815,2924,1778,0,0.008865215
Warm A,825638,4958,4957,2924,1778,1,0.008251319
Warm A,881116,5322,5321,2924,1778,1,0.00420059
Warm A,300585,1780,1779,2924,1778,0,0.011920283
Warm A,141698,911,910,2924,1778,0,0.012206599
Warm A,394675,2329,2328,2927,1780,0,0.00387797
Warm A,364195,2121,2120,2927,1780,1,-0.0039419555
Warm A,346725,2031,2030,2927,1780,0,0.004087123
Warm A,313356,1869,1868,2927,1780,1,-0.0037043807
Warm A,305673,1819,1818,2927,1780,0,-0.00076103606
Warm A,302719,1797,1796,2927,1780,1,0.0038399785
Warm A,292569,1741,1740,2927,1780,1,0.0052731014
Warm A,346407,2030,2029,2927,1780,1,0.010174173
Warm A,253319,1540,1539,2927,1780,1,-0.00011663884
Warm A,227463,1378,1377,2927,1780,1,-0.007089031
Warm A,228564,1383,1382,2927,1780,1,0.007951127
Warm A,229001,1387,1386,2927,1780,1,0.011115055
Warm A,218327,1323,1322,2927,1780,1,0.00029715756
Warm A,184471,1147,1146,2927,1780,1,0.0018501887
Warm A,316409,1883,1882,2927,1780,0,0.008136203
Warm A,182903,1140,1139,2927,1780,1,-0.008985924
Warm A,219554,1331,1330,2927,1780,1,0.008850522
Warm A,191472,1181,1180,2927,1780,0,0.011382688
Warm A,144568,931,930,2927,1780,1,0.0039194217
Warm A,138845,889,888,2927,1780,1,-0.0060576275
Warm A,112715,731,730,2927,1780,1,0.008459602
Warm A,95980,644,643,2927,1780,1,0.0020154333
Warm A,86263,563,562,2927,1780,1,0.0004217492
Warm A,48892,327,326,2927,1780,0,0.0050867717
Warm A,11454,88,87,2927,1780,1,0.0032792096
Warm A,592206,3610,3609,2927,1780,0,0.0035306443
Warm A,24490,173,172,2927,1780,1,0.002906267
Warm A,158685,1015,1014,2927,1780,1,0.0065911626
Warm A,739463,4418,4417,2927,1780,1,-0.0055882684
Warm A,317061,1884,1883,2927,1780,1,0.00413915
Warm A,768865,4579,4578,2927,1780,1,0.0108975265
Warm A,208976,1274,1273,2927,1780,1,0.0019621286
Warm A,421247,2544,2543,2927,1780,0,0.019085385
Warm A,823380,4950,4949,2927,1780,0,0.0077192215
Warm A,276479,1671,1670,2927,1780,1,-0.002545251
Warm A,176157,1113,1112,2927,1780,1,0.0041460255
Warm A,497423,3054,3053,2927,1780,1,0.007686998
Warm A,290552,1733,1732,2927,1780,1,0.004583655
Warm A,839470,5046,5045,2927,1780,0,0.0050260704
Warm A,240547,1449,1448,2928,1781,1,0.014385198
Warm A,84876,551,550,2928,1781,1,0.013741811
Warm A,308937,1837,1836,2928,1781,1,0.013474915
Warm A,32653,220,219,2928,1781,0,0.00092299934
Warm A,34809,235,234,2928,1781,0,0.0072067585
Warm A,15743,123,122,2928,1781,1,-0.0013203379
Warm A,229760,1390,1389,2928,1781,1,0.008333767
Warm A,408440,2453,2452,2928,1781,1,0.010150891
Warm A,129705,839,838,2928,1781,1,0.013754476
Warm A,204764,1260,1259,2928,1781,1,0.010547575
Warm A,51528,338,337,2928,1781,0,0.010390644
Warm A,328746,1941,1940,2928,1781,0,0.015502362
Warm A,211380,1285,1284,2928,1781,0,0.0041755885
Warm A,157263,1010,1009,2928,1781,0,0.0052140523
Warm A,174350,1101,1100,2928,1781,1,0.026141562
Warm A,713400,4277,4276,2928,1781,1,0.00697273
Warm A,575923,3520,3519,2928,1781,0,0.012406232
Warm A,428885,2609,2608,2932,1783,1,0.008746898
Warm A,323299,1916,1915,2932,1783,0,-0.0013023322
Warm A,302723,1797,1796,2932,1783,1,0.009244176
Warm A,298388,1768,1767,2932,1783,1,0.0012447558
Warm A,281007,1685,1684,2932,1783,0,-0.00075447373
Warm A,282100,1692,1691,2932,1783,1,0.008703855
Warm A,273608,1649,1648,2932,1783,1,0.0070934733
Warm A,346413,2030,2029,2932,1783,1,0.01042686
Warm A,294524,1749,1748,2932,1783,1,-0.00079084456
Warm A,631843,3821,3820,2932,1783,1,0.004244469
Warm A,325618,1926,1925,2932,1783,1,0.006230072
Warm A,320366,1899,1898,2932,1783,0,0.0095153
Warm A,208430,1273,1272,2932,1783,1,0.010316085
Warm A,220479,1335,1334,2932,1783,1,0.0076196245
Warm A,207597,1268,1267,2932,1783,1,0.0015530372
Warm A,308946,1837,1836,2932,1783,1,0.010816451
Warm A,186255,1151,1150,2932,1783,1,0.012313613
Warm A,180483,1128,1127,2932,1783,1,0.009181967
Warm A,192005,1182,1181,2932,1783,1,0.004169453
Warm A,191500,1181,1180,2932,1783,0,0.011947586
Warm A,222181,1343,1342,2932,1783,0,0.0068506543
Warm A,713412,4277,4276,2932,1783,1,0.008340994
Warm A,138867,889,888,2932,1783,0,0.009908784
Warm A,135078,873,872,2932,1783,1,-0.0008882084
Warm A,374910,2185,2184,2932,1783,1,0.0030921036
Warm A,329602,1943,1942,2932,1783,1,0.0062583955
Warm A,211405,1285,1284,2932,1783,1,0.010136144
Warm A,46089,308,307,2932,1783,0,0.0058262087
Warm A,35366,238,237,2932,1783,0,0.0056100595
Warm A,12749,97,96,2932,1783,1,0.0036270753
Warm A,4951,35,34,2932,1783,1,0.0010527861
Warm A,357730,2092,2091,2932,1783,1,0.015060263
Warm A,421258,2544,2543,2932,1783,0,0.011221809
Warm A,4524,33,32,2932,1783,0,0.005442688
Warm A,284966,1699,1698,2932,1783,1,0.0066318205
Warm A,607802,3688,3687,2932,1783,1,0.00511589
Warm A,158707,1015,1014,2932,1783,1,0.00917317
Warm A,522999,3224,3223,2932,1783,1,0.0020688288
Warm A,20480,150,149,2932,1783,1,0.005012173
Warm A,249968,1505,1504,2932,1783,0,0.0072314446
Warm A,317071,1884,1883,2932,1783,1,0.0071660527
Warm A,451558,2779,2778,2932,1783,1,-0.0010674223
Warm A,416961,2507,2506,2932,1783,1,0.013265219
Warm A,369276,2159,2158,2932,1783,1,0.0072344993
Warm A,208983,1274,1273,2932,1783,1,0.011230186
Warm A,680803,4079,4078,2932,1783,1,0.007641197
Warm A,24501,173,172,2932,1783,1,0.0052518537
Warm A,255649,1556,1555,2932,1783,1,0.014583193
Warm A,564761,3471,3470,2932,1783,0,0.014119668
Warm A,452160,2784,2783,2932,1783,1,0.002727442
Warm A,319615,1897,1896,2932,1783,1,0.007860905
Warm A,993933,6002,6001,2932,1783,0,0.0069156
Warm A,343791,2018,2017,2932,1783,1,0.0066301487
Warm A,197484,1211,1210,2932,1783,1,0.0019094492
Warm A,739467,4418,4417,2932,1783,1,0.004556178
Warm A,160455,1019,1018,2932,1783,1,0.011086324
Warm A,657693,3963,3962,2932,1783,0,0.0059759608
Warm A,839482,5046,5045,2932,1783,0,0.008662267
Warm A,553056,3402,3401,2935,1784,1,0.0009077997
Warm A,551354,3394,3393,2935,1784,1,0.012196153
Warm A,533673,3292,3291,2935,1784,1,0.0020633196
Warm A,523593,3227,3226,2935,1784,1,0.006012322
Warm A,495266,3039,3038,2935,1784,1,0.0018380084
Warm A,492203,3026,3025,2935,1784,1,0.0046664253
Warm A,497432,3054,3053,2935,1784,1,0.014339208
Warm A,482910,2967,2966,2935,1784,1,0.017425513
Warm A,530607,3278,3277,2935,1784,1,0.013579493
Warm A,462080,2849,2848,2935,1784,1,0.013388731
Warm A,459246,2826,2825,2935,1784,1,0.006446428
Warm A,435287,2659,2658,2935,1784,1,0.0014094899
Warm A,421261,2544,2543,2935,1784,1,0.0037671954
Warm A,419181,2531,2530,2935,1784,0,0.0079619875
Warm A,425462,2581,2580,2935,1784,1,0.012213318
Warm A,416964,2507,2506,2935,1784,1,0.01754298
Warm A,405464,2428,2427,2935,1784,1,0.0030346056
Warm A,403171,2407,2406,2935,1784,1,0.006974045
Warm A,400556,2383,2382,2935,1784,1,0.005691546
Warm A,394676,2329,2328,2935,1784,1,0.0143252
Warm A,381809,2231,2230,2935,1784,1,0.0096380655
Warm A,364198,2121,2120,2935,1784,0,-0.002072504
Warm A,354355,2073,2072,2935,1784,1,0.012150162
Warm A,374449,2181,2180,2935,1784,0,0.015416143
Warm A,347533,2038,2037,2935,1784,1,0.005310616
Warm A,346414,2030,2029,2935,1784,1,0.017314915
Warm A,334803,1974,1973,2935,1784,1,0.01066949
Warm A,321092,1903,1902,2935,1784,1,0.008841677
Warm A,327268,1939,1938,2935,1784,0,0.013790482
Warm A,320368,1899,1898,2935,1784,1,0.011668983
Warm A,302724,1797,1796,2935,1784,1,-0.0027393121
Warm A,301571,1791,1790,2935,1784,0,0.013151219
Warm A,314227,1875,1874,2935,1784,1,0.018466253
Warm A,286029,1706,1705,2935,1784,1,0.0042724935
Warm A,282403,1693,1692,2935,1784,1,0.0055230055
Warm A,293978,1748,1747,2935,1784,0,0.009294197
Warm A,276488,1671,1670,2935,1784,0,0.020066027
Warm A,292580,1741,1740,2935,1784,1,0.013475597
Warm A,289533,1727,1726,2935,1784,1,0.00042728742
Warm A,273798,1650,1649,2935,1784,1,0.0032325801
Warm A,229004,1387,1386,2935,1784,1,0.008443359
Warm A,208985,1274,1273,2935,1784,0,0.010028531
Warm A,208432,1273,1272,2935,1784,0,0.012499398
Warm A,199655,1224,1223,2935,1784,1,0.0075126123
Warm A,193020,1191,1190,2935,1784,1,0.0071754623
Warm A,184475,1147,1146,2935,1784,1,0.01156823
Warm A,316414,1883,1882,2935,1784,1,0.0042067813
Warm A,183369,1141,1140,2935,1784,1,0.00016431836
Warm A,169148,1073,1072,2935,1784,1,0.0006393539
Warm A,165061,1052,1051,2935,1784,1,0.009237856
Warm A,158708,1015,1014,2935,1784,1,0.011957559
Warm A,246499,1489,1488,2935,1784,0,0.017057993
Warm A,144570,931,930,2935,1784,1,0.01321288
Warm A,162395,1034,1033,2935,1784,1,-0.0007006731
Warm A,138871,889,888,2935,1784,1,0.012938881
Warm A,132910,857,856,2935,1784,1,0.010787623
Warm A,128865,837,836,2935,1784,0,0.010235796
Warm A,374912,2185,2184,2935,1784,1,0.009050634
Warm A,125386,806,805,2935,1784,1,0.012181637
Warm A,112727,731,730,2935,1784,1,0.010255192
Warm A,106340,699,698,2935,1784,1,0.009664018
Warm A,98200,656,655,2935,1784,1,0.013853265
Warm A,317074,1884,1883,2935,1784,1,0.009870188
Warm A,424433,2574,2573,2935,1784,1,0.009027317
Warm A,59960,408,407,2935,1784,1,0.013895852
Warm A,211410,1285,1284,2935,1784,1,0.008633027
Warm A,34816,235,234,2935,1784,1,0.010242862
Warm A,482055,2962,2961,2935,1784,0,0.010646735
Warm A,18810,146,145,2935,1784,0,0.00030895416
Warm A,235290,1425,1424,2935,1784,1,0.009656932
Warm A,592218,3610,3609,2935,1784,0,-0.0022697563
Warm A,4176,31,30,2935,1784,1,0.006656166
Warm A,739468,4418,4417,2935,1784,1,-0.006729463
Warm A,384799,2247,2246,2935,1784,1,0.011341033
Warm A,217362,1317,1316,2935,1784,1,0.017047517
Warm A,18253,140,139,2935,1784,0,-0.012196571
Warm A,922867,5573,5572,2935,1784,1,0.006528982
Warm A,24504,173,172,2935,1784,1,0.013414407
Warm A,635701,3832,3831,2935,1784,1,0.011325406
Warm A,991801,5991,5990,2935,1784,1,0.0072608176
Warm A,322738,1912,1911,2935,1784,0,0.0048166253
Warm A,172119,1088,1087,2935,1784,1,0.016161563
Warm A,491254,3020,3019,2935,1784,1,0.0008323684
Warm A,295783,1755,1754,2935,1784,1,0.012981927
Warm A,13189,102,101,2935,1784,1,0.008091692
Warm A,916784,5539,5538,2936,1785,1,0.010721786
Warm A,526292,3253,3252,2936,1785,1,0.0033643376
Warm A,495267,3039,3038,2936,1785,1,-0.007816149
Warm A,491853,3025,3024,2936,1785,1,0.015807176
Warm A,488186,3002,3001,2936,1785,1,-0.0031473094
Warm A,497433,3054,3053,2936,1785,1,0.015390565
Warm A,768870,4579,4578,2936,1785,1,0.017967613
Warm A,484193,2978,2977,2936,1785,1,-0.000520595
Warm A,476931,2928,2927,2936,1785,1,0.012969828
Warm A,530608,3278,3277,2936,1785,1,-0.00015719404
Warm A,472918,2907,2906,2936,1785,0,0.008315933
Warm A,466215,2874,2873,2936,1785,0,-0.004075194
Warm A,459247,2826,2825,2936,1785,1,0.011389514
Warm A,455960,2807,2806,2936,1785,1,0.011581825
Warm A,451560,2779,2778,2936,1785,1,0.0039932346
Warm A,447040,2753,2752,2936,1785,1,0.010542
Warm A,432245,2634,2633,2936,1785,1,0.012151678
Warm A,416965,2507,2506,2936,1785,1,0.01753488
Warm A,405465,2428,2427,2936,1785,1,-0.00034655584
Warm A,403172,2407,2406,2936,1785,1,0.006310153
Warm A,385435,2251,2250,2936,1785,1,0.008225057
Warm A,381810,2231,2230,2936,1785,1,0.012200166
Warm A,419380,2534,2533,2936,1785,1,0.005137152
Warm A,364199,2121,2120,2936,1785,0,0.0031305836
Warm A,362283,2111,2110,2936,1785,1,0.019013112
Warm A,374451,2181,2180,2936,1785,1,0.015006931
Warm A,347534,2038,2037,2936,1785,0,-0.0029085139
Warm A,346728,2031,2030,2936,1785,1,0.008274805
Warm A,357735,2092,2091,2936,1785,0,0.0042727403
Warm A,345217,2024,2023,2936,1785,0,-0.0014527754
Warm A,343796,2018,2017,2936,1785,1,0.012904618
Warm A,339732,2002,2001,2936,1785,1,0.009073839
Warm A,333566,1968,1967,2936,1785,0,0.012091011
Warm A,321093,1903,1902,2936,1785,1,0.009651685
Warm A,329832,1945,1944,2936,1785,0,0.0025397078
Warm A,313674,1872,1871,2936,1785,1,0.008356518
Warm A,302725,1797,1796,2936,1785,1,0.0036987297
Warm A,299354,1777,1776,2936,1785,1,0.011052727
Warm A,286030,1706,1705,2936,1785,1,0.009426478
Warm A,289534,1727,1726,2936,1785,1,0.011469318
Warm A,266848,1618,1617,2936,1785,0,-0.0014676668
Warm A,259141,1586,1585,2936,1785,1,0.009085156
Warm A,252085,1525,1524,2936,1785,0,0.0083443085
Warm A,346415,2030,2029,2936,1785,1,0.0064597707
Warm A,225906,1368,1367,2936,1785,1,0.004444417
Warm A,222802,1348,1347,2936,1785,1,0.012649188
Warm A,218149,1322,1321,2936,1785,0,0.0056742616
Warm A,209268,1278,1277,2936,1785,1,0.007919252
Warm A,208986,1274,1273,2936,1785,1,0.012914045
Warm A,208433,1273,1272,2936,1785,1,0.008592203
Warm A,199656,1224,1223,2936,1785,1,0.011487863
Warm A,213711,1298,1297,2936,1785,1,0.0038653072
Warm A,184476,1147,1146,2936,1785,1,0.008191641
Warm A,212572,1294,1293,2936,1785,1,0.0035213856
Warm A,316416,1883,1882,2936,1785,1,0.012132846
Warm A,182912,1140,1139,2936,1785,1,0.014783675
Warm A,191506,1181,1180,2936,1785,1,0.019540038
Warm A,160459,1019,1018,2936,1785,0,0.0057601095
Warm A,158711,1015,1014,2936,1785,1,0.01338339
Warm A,320370,1899,1898,2936,1785,1,0.014968738
Warm A,246500,1489,1488,2936,1785,0,0.013444345
Warm A,260910,1594,1593,2936,1785,0,0.003872818
Warm A,138874,889,888,2936,1785,1,0.01595298
Warm A,462081,2849,2848,2936,1785,1,0.008644646
Warm A,374913,2185,2184,2936,1785,1,0.0047949147
Warm A,263724,1605,1604,2936,1785,0,0.006495109
Warm A,125387,806,805,2936,1785,1,0.0020452328
Warm A,101768,677,676,2936,1785,1,0.015438516
Warm A,240569,1449,1448,2936,1785,1,0.01303755
Warm A,317075,1884,1883,2936,1785,1,0.014178487
Warm A,92936,622,621,2936,1785,1,0.0006095479
Warm A,284553,1698,1697,2936,1785,1,0.011341109
Warm A,228578,1383,1382,2936,1785,1,0.012219056
Warm A,77027,523,522,2936,1785,1,0.010123084
Warm A,69890,471,470,2936,1785,1,0.0070519517
Warm A,69560,466,465,2936,1785,1,0.00843803
Warm A,34818,235,234,2936,1785,1,0.006942332
Warm A,30857,205,204,2936,1785,1,0.009647867
Warm A,27622,193,192,2936,1785,0,0.011122122
Warm A,412192,2478,2477,2936,1785,0,0.013841689
Warm A,13575,107,106,2936,1785,0,0.0045585446
Warm A,12752,97,96,2936,1785,1,0.0056943153
Warm A,592220,3610,3609,2936,1785,0,0.014850048
Warm A,4177,31,30,2936,1785,0,-0.00046073506
Warm A,421262,2544,2543,2936,1785,1,0.011727922
Warm A,450088,2775,2774,2936,1785,1,0.0070293965
Warm A,67590,453,452,2936,1785,1,0.007252911
Warm A,18254,140,139,2936,1785,1,0.008326497
Warm A,24506,173,172,2936,1785,1,0.014408491
Warm A,174361,1101,1100,2936,1785,0,0.010654006
Warm A,195782,1203,1202,2936,1785,0,0.017914023
Warm A,293979,1748,1747,2936,1785,1,0.013529041
Warm A,127980,827,826,2936,1785,1,0.0013789048
Warm A,448585,2764,2763,2936,1785,1,0.013819937
Warm A,371149,2168,2167,2936,1785,1,0.0044593606
Warm A,18812,146,145,2936,1785,1,0.0041008247
Warm A,172121,1088,1087,2936,1785,1,0.016125005
Warm A,322739,1912,1911,2936,1785,0,0.000678675
Warm A,63429,424,423,2936,1785,1,0.013823232
Warm A,958913,5787,5786,2936,1785,1,0.011452742
Warm A,877058,5300,5299,2936,1785,1,0.0071562203
Warm A,381811,2231,2230,2937,1786,1,0.01692479
Warm A,419381,2534,2533,2937,1786,1,-0.0008719495
Warm A,347535,2038,2037,2937,1786,0,0.009342381
Warm A,345551,2026,2025,2937,1786,1,0.008916095
Warm A,346416,2030,2029,2937,1786,1,0.013607903
Warm A,327269,1939,1938,2937,1786,1,0.0038865516
Warm A,321094,1903,1902,2937,1786,1,0.004890696
Warm A,301572,1791,1790,2937,1786,1,0.0057013445
Warm A,229006,1387,1386,2937,1786,0,0.0083471835
Warm A,320373,1899,1898,2937,1786,1,0.013141723
Warm A,208988,1274,1273,2937,1786,1,0.015990106
Warm A,199657,1224,1223,2937,1786,1,0.0096016275
Warm A,184477,1147,1146,2937,1786,1,0.010128241
Warm A,212573,1294,1293,2937,1786,1,0.0032452606
Warm A,316417,1883,1882,2937,1786,1,0.012208186
Warm A,405466,2428,2427,2937,1786,1,0.0048353006
Warm A,165062,1052,1051,2937,1786,1,0.0025224986
Warm A,272404,1645,1644,2937,1786,1,0.005971073
Warm A,162396,1034,1033,2937,1786,1,0.0063546523
Warm A,158713,1015,1014,2937,1786,1,0.015582057
Warm A,246502,1489,1488,2937,1786,0,0.011141146
Warm A,144572,931,930,2937,1786,1,0.0115588205
Warm A,138878,889,888,2937,1786,1,0.016110912
Warm A,132911,857,856,2937,1786,1,0.0011825426
Warm A,374914,2185,2184,2937,1786,1,0.010317435
Warm A,125388,806,805,2937,1786,1,0.002169895
Warm A,112729,731,730,2937,1786,1,0.02262931
Warm A,120173,776,775,2937,1786,0,-9.060139e-05
Warm A,96034,645,644,2937,1786,1,0.010690194
Warm A,69561,466,465,2937,1786,1,0.00455138
Warm A,50684,333,332,2937,1786,1,0.007818319
Warm A,34819,235,234,2937,1786,1,0.013615684
Warm A,412193,2478,2477,2937,1786,0,0.012049388
Warm A,12753,97,96,2937,1786,1,0.0038968357
Warm A,739469,4418,4417,2937,1786,1,0.0071268403
Warm A,482057,2962,2961,2937,1786,0,0.0111242
Warm A,460878,2841,2840,2937,1786,0,0.01238327
Warm A,18255,140,139,2937,1786,1,0.005081428
Warm A,24508,173,172,2937,1786,1,0.002803802
Warm A,232615,1413,1412,2937,1786,1,0.0065376335
Warm A,322741,1912,1911,2937,1786,0,0.010175208
Warm A,969118,5841,5840,2937,1786,1,0.011951697
Warm A,27623,193,192,2937,1786,0,0.014097103
Warm A,23842,169,168,2937,1786,1,0.009582687
Warm A,416980,2507,2506,2940,1787,1,0.016033286
Warm A,364203,2121,2120,2940,1787,0,0.0011831259
Warm A,347545,2038,2037,2940,1787,1,0.01021615
Warm A,346425,2030,2029,2940,1787,1,0.000293707
Warm A,339734,2002,2001,2940,1787,1,-0.005590569
Warm A,335106,1977,1976,2940,1787,0,0.009411387
Warm A,325630,1926,1925,2940,1787,1,0.0059264563
Warm A,316426,1883,1882,2940,1787,1,0.0042697834
Warm A,284974,1699,1698,2940,1787,1,0.002311255
Warm A,252086,1525,1524,2940,1787,0,-0.0027224843
Warm A,245081,1476,1475,2940,1787,1,0.0006572346
Warm A,237450,1446,1445,2940,1787,1,0.00077266677
Warm A,229008,1387,1386,2940,1787,1,0.0022425454
Warm A,204272,1258,1257,2940,1787,1,0.006531059
Warm A,165364,1053,1052,2940,1787,1,-0.007346279
Warm A,161107,1026,1025,2940,1787,0,-0.0016848294
Warm A,153872,989,988,2940,1787,1,-0.009167182
Warm A,235969,1428,1427,2940,1787,1,-0.0006792764
Warm A,144573,931,930,2940,1787,1,0.0011788281
Warm A,138910,889,888,2940,1787,0,0.0010917503
Warm A,201821,1242,1241,2940,1787,1,0.014554457
Warm A,131380,850,849,2940,1787,1,0.0072987378
Warm A,128381,830,829,2940,1787,1,0.0063699777
Warm A,125389,806,805,2940,1787,0,0.0035800866
Warm A,379019,2213,2212,2940,1787,1,0.0021132133
Warm A,374475,2181,2180,2940,1787,1,0.00768277
Warm A,163212,1043,1042,2940,1787,1,0.0004949753
Warm A,314240,1875,1874,2940,1787,1,-0.007926464
Warm A,319631,1897,1896,2940,1787,1,-0.0013756753
Warm A,61426,412,411,2940,1787,1,-0.002773482
Warm A,228600,1383,1382,2940,1787,0,0.008434196
Warm A,45120,304,303,2940,1787,1,0.0039693546
Warm A,482072,2962,2961,2940,1787,1,0.0026637316
Warm A,13946,112,111,2940,1787,1,-0.0013387308
Warm A,592236,3610,3609,2940,1787,0,-0.0039523137
Warm A,9431,62,61,2940,1787,1,-0.0059534437
Warm A,739472,4418,4417,2940,1787,1,0.009578404
Warm A,384804,2247,2246,2940,1787,0,-0.006347393
Warm A,18824,146,145,2940,1787,1,-0.0036110333
Warm A,821630,4940,4939,2940,1787,0,0.0057337
Warm A,18257,140,139,2940,1787,0,-0.00034862384
Warm A,421670,2547,2546,2940,1787,1,-0.003425061
Warm A,421281,2544,2543,2940,1787,0,0.0010900892
Warm A,191540,1181,1180,2940,1787,0,-0.0013423562
Warm A,841303,5054,5053,2940,1787,1,0.0050162068
Warm A,172142,1088,1087,2940,1787,0,0.0081112515
Warm A,882254,5329,5328,2940,1787,1,-0.006789256
Warm A,661607,3989,3988,2943,1790,1,0.004317435
Warm A,653758,3940,3939,2943,1790,1,0.004811062
Warm A,635286,3829,3828,2943,1790,0,-0.0002208841
Warm A,632701,3823,3822,2943,1790,1,0.003589576
Warm A,638678,3841,3840,2943,1790,1,-0.003954971
Warm A,619112,3751,3750,2943,1790,1,0.008511957
Warm A,614271,3720,3719,2943,1790,0,0.0032916672
Warm A,611440,3705,3704,2943,1790,1,0.003263205
Warm A,597606,3635,3634,2943,1790,0,2.324686e-05
Warm A,594415,3618,3617,2943,1790,0,-0.003930469
Warm A,581058,3547,3546,2943,1790,1,0.0027439944
Warm A,644287,3882,3881,2943,1790,0,0.001173228
Warm A,713434,4277,4276,2943,1790,1,0.004829246
Warm A,554261,3410,3409,2943,1790,0,0.0053259227
Warm A,549546,3390,3389,2943,1790,1,-0.0038152714
Warm A,544891,3359,3358,2943,1790,0,0.0073740575
Warm A,748023,4465,4464,2943,1790,0,0.0036836274
Warm A,524257,3231,3230,2943,1790,1,0.00021160184
Warm A,523030,3224,3223,2943,1790,0,-0.005933363
Warm A,523952,3229,3228,2943,1790,1,-0.0034661498
Warm A,521594,3217,3216,2943,1790,1,0.0012525123
Warm A,509960,3140,3139,2943,1790,1,-0.0005076155
Warm A,509288,3135,3134,2943,1790,1,-0.007120768
Warm A,505353,3108,3107,2943,1790,1,-0.0007193824
Warm A,496238,3049,3048,2943,1790,1,-0.0015096194
Warm A,485368,2986,2985,2943,1790,0,0.00384473
Warm A,852744,5113,5112,2943,1790,0,-0.0035938094
Warm A,447053,2753,2752,2943,1790,0,-0.009704724
Warm A,444009,2737,2736,2943,1790,0,8.4104715e-05
Warm A,444138,2738,2737,2943,1790,1,-0.00021662988
Warm A,438045,2676,2675,2943,1790,1,0.0021326817
Warm A,424078,2570,2569,2943,1790,1,0.007700329
Warm A,422275,2556,2555,2943,1790,1,-0.0005406542
Warm A,425470,2581,2580,2943,1790,1,-0.0023823348
Warm A,416186,2506,2505,2943,1790,1,-0.0015769014
Warm A,416988,2507,2506,2943,1790,1,-0.0035786733
Warm A,406630,2439,2438,2943,1790,0,-0.0054262266
Warm A,398367,2368,2367,2943,1790,1,-0.0020603228
Warm A,397129,2351,2350,2943,1790,1,-0.006247249
Warm A,396040,2340,2339,2943,1790,1,0.005494179
Warm A,392811,2306,2305,2943,1790,1,0.0013942996
Warm A,323311,1916,1915,2943,1790,1,-0.003933192
Warm A,318730,1894,1893,2943,1790,1,-0.0024535917
Warm A,317097,1884,1883,2943,1790,1,5.269586e-05
Warm A,286481,1711,1710,2943,1790,1,0.0001465031
Warm A,310216,1845,1844,2943,1790,0,-0.0021510907
Warm A,292595,1741,1740,2943,1790,1,0.004450773
Warm A,276501,1671,1670,2943,1790,1,-0.005072835
Warm A,258791,1585,1584,2943,1790,1,0.0022902996
Warm A,264777,1609,1608,2943,1790,0,-0.004880091
Warm A,245082,1476,1475,2943,1790,0,-0.00063728634
Warm A,241721,1455,1454,2943,1790,1,-0.0028713515
Warm A,241526,1451,1450,2943,1790,0,0.0021309266
Warm A,319633,1897,1896,2943,1790,1,-0.0028816015
Warm A,446212,2751,2750,2943,1790,1,-0.0014690787
Warm A,203915,1254,1253,2943,1790,1,-0.0059378836
Warm A,316430,1883,1882,2943,1790,0,0.004563941
Warm A,151774,975,974,2943,1790,1,0.0046288855
Warm A,148887,957,956,2943,1790,1,0.0061118216
Warm A,195802,1203,1202,2943,1790,0,0.0063160853
Warm A,138918,889,888,2943,1790,0,-0.0010422082
Warm A,253190,1538,1537,2943,1790,1,-0.0022916272
Warm A,263749,1605,1604,2943,1790,0,-0.001139879
Warm A,111381,724,723,2943,1790,0,-0.0030811047
Warm A,104018,691,690,2943,1790,1,-0.006244392
Warm A,101028,673,672,2943,1790,1,0.0026367025
Warm A,98003,655,654,2943,1790,1,-0.001493839
Warm A,94033,630,629,2943,1790,1,0.0036726727
Warm A,169150,1073,1072,2943,1790,1,0.0009992872
Warm A,284576,1698,1697,2943,1790,1,0.00049929507
Warm A,432254,2634,2633,2943,1790,1,0.005692714
Warm A,228605,1383,1382,2943,1790,1,0.0043730484
Warm A,84580,550,549,2943,1790,0,0.0006672988
Warm A,68926,461,460,2943,1790,0,0.0044255303
Warm A,61430,412,411,2943,1790,1,-0.0029916703
Warm A,56858,382,381,2943,1790,0,0.002867422
Warm A,55430,367,366,2943,1790,1,-0.00104832
Warm A,54822,358,357,2943,1790,0,0.0039977888
Warm A,132740,855,854,2943,1790,1,0.0036930027
Warm A,51715,339,338,2943,1790,1,0.0051000398
Warm A,48907,327,326,2943,1790,1,-0.0040718596
Warm A,696813,4169,4168,2943,1790,0,-0.002577475
Warm A,39401,267,266,2943,1790,0,0.0022701502
Warm A,152549,981,980,2943,1790,0,-0.0010012838
Warm A,16010,126,125,2943,1790,1,-0.0014985567
Warm A,9975,69,68,2943,1790,1,0.0040132008
Warm A,7958,53,52,2943,1790,1,0.0026987332
Warm A,170,2,1,2943,1790,1,0.00076397543
Warm A,76464,518,517,2943,1790,1,-0.001989792
Warm A,158743,1015,1014,2943,1790,1,-0.0040465547
Warm A,167144,1063,1062,2943,1790,1,0.0044603515
Warm A,336437,1980,1979,2943,1790,1,-0.00813847
Warm A,680822,4079,4078,2943,1790,1,0.0033199484
Warm A,803264,4809,4808,2943,1790,1,-0.0018122778
Warm A,558707,3430,3429,2943,1790,1,0.00062281906
Warm A,187842,1164,1163,2943,1790,1,0.0117721055
Warm A,447708,2760,2759,2943,1790,0,0.0067192204
Warm A,801541,4802,4801,2943,1790,1,0.0018408758
Warm A,172150,1088,1087,2943,1790,1,-0.0014820171
Warm A,8862,59,58,2943,1790,1,-0.006491809
Warm A,465854,2872,2871,2952,1798,1,-1.726835e-05
Warm A,461168,2844,2843,2952,1798,0,0.010550721
Warm A,459378,2828,2827,2952,1798,1,-0.0013768986
Warm A,458349,2820,2819,2952,1798,0,-0.0030296273
Warm A,595025,3620,3619,2952,1798,1,0.0021062763
Warm A,796184,4771,4770,2952,1798,1,0.0042708437
Warm A,452625,2786,2785,2952,1798,1,0.0016164778
Warm A,441398,2703,2702,2952,1798,1,0.007660833
Warm A,696834,4169,4168,2952,1798,1,0.00054115616
Warm A,439758,2687,2686,2952,1798,1,0.0010354561
Warm A,431260,2627,2626,2952,1798,1,-0.009142766
Warm A,408496,2453,2452,2952,1798,1,-0.0034618648
Warm A,401094,2389,2388,2952,1798,0,0.0037822928
Warm A,367168,2142,2141,2952,1798,1,0.012584411
Warm A,351217,2062,2061,2952,1798,1,0.0005883011
Warm A,349649,2051,2050,2952,1798,1,0.004129284
Warm A,344324,2020,2019,2952,1798,1,0.008192964
Warm A,334108,1969,1968,2952,1798,0,0.0048330734
Warm A,329648,1943,1942,2952,1798,1,0.004873436
Warm A,325082,1925,1924,2952,1798,1,-0.004195735
Warm A,327280,1939,1938,2952,1798,1,-0.00089464406
Warm A,298867,1775,1774,2952,1798,0,-0.0033431728
Warm A,266929,1620,1619,2952,1798,1,0.002401872
Warm A,256908,1571,1570,2952,1798,1,-0.0015328953
Warm A,333594,1968,1967,2952,1798,0,0.0016759093
Warm A,631883,3821,3820,2952,1798,1,-0.0011234678
Warm A,317121,1884,1883,2952,1798,1,0.0035476843
Warm A,220110,1333,1332,2952,1798,1,-0.0018002805
Warm A,296657,1758,1757,2952,1798,1,0.001840726
Warm A,289568,1727,1726,2952,1798,1,-0.0018570113
Warm A,206136,1264,1263,2952,1798,1,0.0038730367
Warm A,308231,1836,1835,2952,1798,1,0.0064271637
Warm A,211470,1285,1284,2952,1798,1,-0.0017591245
Warm A,280105,1680,1679,2952,1798,0,-0.003534567
Warm A,192023,1182,1181,2952,1798,1,0.0077529466
Warm A,186712,1155,1154,2952,1798,0,-0.012353471
Warm A,185890,1150,1149,2952,1798,0,-0.0026203212
Warm A,178785,1121,1120,2952,1798,1,-0.0024097585
Warm A,184179,1146,1145,2952,1798,0,0.00035251887
Warm A,191589,1181,1180,2952,1798,0,-0.0036255317
Warm A,158776,1015,1014,2952,1798,1,-0.0034977053
Warm A,149298,960,959,2952,1798,1,-0.008202166
Warm A,221716,1340,1339,2952,1798,0,0.008565158
Warm A,271172,1639,1638,2952,1798,0,0.013632385
Warm A,143966,928,927,2952,1798,1,-0.0078056594
Warm A,143397,924,923,2952,1798,1,0.007310391
Warm A,157332,1010,1009,2952,1798,0,0.0043159095
Warm A,233538,1420,1419,2952,1798,0,0.0028393492
Warm A,132152,854,853,2952,1798,0,0.0026630876
Warm A,128463,831,830,2952,1798,1,-0.0007290875
Warm A,298240,1767,1766,2952,1798,1,-0.0015366054
Warm A,125121,802,801,2952,1798,1,0.009496441
Warm A,223128,1352,1351,2952,1798,0,-0.0029315134
Warm A,108377,710,709,2952,1798,1,-0.0014590947
Warm A,105318,696,695,2952,1798,1,-0.0056070937
Warm A,392946,2307,2306,2952,1798,1,0.0015562779
Warm A,240635,1449,1448,2952,1798,0,0.0029534518
Warm A,103558,687,686,2952,1798,0,0.004437349
Warm A,99136,660,659,2952,1798,1,0.0037818314
Warm A,92872,621,620,2952,1798,1,0.00053189683
Warm A,92641,620,619,2952,1798,0,-0.0033096916
Warm A,89665,590,589,2952,1798,1,-0.0027840512
Warm A,236782,1437,1436,2952,1798,1,0.008852191
Warm A,308989,1837,1836,2952,1798,0,-0.003502902
Warm A,261294,1597,1596,2952,1798,0,0.0029065616
Warm A,464405,2860,2859,2952,1798,1,0.010304801
Warm A,83624,549,548,2952,1798,1,-0.003773084
Warm A,73014,493,492,2952,1798,1,-0.0017750572
Warm A,378515,2208,2207,2952,1798,1,-0.0051490003
Warm A,317999,1889,1888,2952,1798,0,-0.004026062
Warm A,258018,1579,1578,2952,1798,1,0.008929081
Warm A,38418,261,260,2952,1798,1,-0.00046824652
Warm A,37935,259,258,2952,1798,0,0.0038836976
Warm A,33679,225,224,2952,1798,1,-0.0010484955
Warm A,30874,205,204,2952,1798,0,-0.0019129373
Warm A,28580,196,195,2952,1798,1,0.006187244
Warm A,16351,129,128,2952,1798,1,0.009685785
Warm A,13793,110,109,2952,1798,1,0.005756102
Warm A,7981,53,52,2952,1798,1,-0.0060806144
Warm A,25018,175,174,2952,1798,1,0.0014486664
Warm A,367,5,4,2952,1798,0,-0.0036698687
Warm A,805822,4823,4822,2952,1798,0,0.00043675303
Warm A,104613,692,691,2952,1798,1,0.006940798
Warm A,3070,23,22,2952,1798,0,0.0040366636
Warm A,207215,1266,1265,2952,1798,1,0.014194971
Warm A,20215,149,148,2952,1798,1,-0.0010961774
Warm A,50374,331,330,2952,1798,1,-0.0017522234
Warm A,470209,2895,2894,2952,1798,1,0.0063012345
Warm A,286949,1712,1711,2952,1798,0,0.009900473
Warm A,129766,839,838,2952,1798,1,0.001995705
Warm A,113833,737,736,2952,1798,1,0.0038894524
Warm A,572556,3507,3506,2952,1798,1,0.0022567254
Warm A,242028,1457,1456,2952,1798,0,0.0016985042
Warm A,204807,1260,1259,2952,1798,1,0.0069376426
Warm A,16176,127,126,2952,1798,0,0.00921381
Warm A,246997,1491,1490,2952,1798,0,-0.0072394884
Warm A,203727,1252,1251,2952,1798,1,-0.0059546395
Warm A,355248,2077,2076,2952,1798,1,0.005764959
Warm A,905395,5475,5474,2952,1798,1,0.0041345386
Warm A,245928,1484,1483,2952,1798,1,-0.00036244298
Warm A,232628,1413,1412,2952,1798,1,0.004633721
Warm A,565847,3475,3474,2952,1798,0,0.008289555
Warm A,206513,1265,1264,2952,1798,1,0.0060488647
Warm A,361190,2106,2105,2952,1798,1,-0.004635158
Warm A,343826,2018,2017,2952,1798,1,0.014207117
Warm A,348284,2041,2040,2952,1798,1,-0.0074850908
Warm A,893122,5394,5393,2952,1798,1,0.0018049497
Warm A,451890,2781,2780,2952,1798,1,0.00046962523
Warm A,271882,1643,1642,2952,1798,1,0.0047857948
Warm A,933665,5636,5635,2952,1798,0,0.009395184
Warm A,609411,3693,3692,2952,1798,1,0.0073412983
Warm A,23886,169,168,2952,1798,0,0.010365341
Warm A,144429,930,929,2952,1798,0,-0.0041270307
Warm A,290621,1733,1732,2952,1798,1,-0.005726544
Warm A,688463,4117,4116,2952,1798,1,0.0043391716
Warm A,63503,424,423,2952,1798,1,0.0037593944
Warm A,238372,1447,1446,2952,1798,1,0.0058523053
Warm A,160510,1019,1018,2952,1798,0,0.01161241
Warm A,233741,1421,1420,2952,1798,1,0.0013936379
Warm A,116680,752,751,2952,1798,0,0.013379255
Warm A,322791,1912,1911,2952,1798,0,0.0011801118
Warm A,532453,3285,3284,2952,1798,1,-0.008543583
Warm A,372713,2176,2175,2952,1798,1,0.006623285
Warm A,564813,3471,3470,2952,1798,1,0.0049241674
Warm A,215161,1303,1302,2952,1798,0,0.0030039153
Warm A,215753,1306,1305,2952,1798,1,-0.0013406863
Warm A,637171,3836,3835,2956,1800,1,0.010637497
Warm A,635306,3829,3828,2956,1800,0,0.0055529797
Warm A,630020,3808,3807,2956,1800,0,0.01566861
Warm A,638715,3841,3840,2956,1800,1,0.007864817
Warm A,623152,3770,3769,2956,1800,0,0.017595505
Warm A,619655,3754,3753,2956,1800,1,0.0070619415
Warm A,617858,3742,3741,2956,1800,0,0.017521746
Warm A,611470,3705,3704,2956,1800,0,0.014021508
Warm A,604612,3675,3674,2956,1800,0,0.002541727
Warm A,594457,3618,3617,2956,1800,0,0.0028991008
Warm A,596987,3626,3625,2956,1800,0,-0.00046277698
Warm A,588215,3589,3588,2956,1800,0,0.0049275723
Warm A,581594,3551,3550,2956,1800,1,0.002586382
Warm A,745131,4448,4447,2956,1800,1,0.007736989
Warm A,579838,3539,3538,2956,1800,1,-0.0014495049
Warm A,580699,3546,3545,2956,1800,0,0.006596027
Warm A,561984,3457,3456,2956,1800,0,-0.0052898712
Warm A,550708,3391,3390,2956,1800,0,0.009672876
Warm A,541565,3332,3331,2956,1800,0,0.00610316
Warm A,542514,3336,3335,2956,1800,0,0.0014021336
Warm A,523064,3224,3223,2956,1800,1,0.0031689508
Warm A,930161,5620,5619,2956,1800,1,0.002197683
Warm A,494617,3032,3031,2956,1800,1,0.0061105005
Warm A,491035,3018,3017,2956,1800,0,0.0101187145
Warm A,491712,3024,3023,2956,1800,0,0.008655816
Warm A,696839,4169,4168,2956,1800,1,0.010628007
Warm A,471201,2899,2898,2956,1800,1,0.0079349475
Warm A,463685,2857,2856,2956,1800,0,0.006362145
Warm A,458355,2820,2819,2956,1800,0,0.003251958
Warm A,454105,2793,2792,2956,1800,1,0.012625508
Warm A,443221,2731,2730,2956,1800,0,-0.0038556256
Warm A,431266,2627,2626,2956,1800,0,0.010112792
Warm A,464408,2860,2859,2956,1800,0,-0.0030621157
Warm A,397902,2361,2360,2956,1800,0,0.004858618
Warm A,396871,2349,2348,2956,1800,0,0.009063107
Warm A,387644,2265,2264,2956,1800,1,0.005883067
Warm A,359646,2102,2101,2956,1800,0,-0.0014763677
Warm A,405170,2424,2423,2956,1800,0,0.009980921
Warm A,302351,1794,1793,2956,1800,1,0.013597347
Warm A,292622,1741,1740,2956,1800,1,0.0024250413
Warm A,280116,1680,1679,2956,1800,1,0.0070647895
Warm A,210383,1284,1283,2956,1800,1,0.005078451
Warm A,196814,1207,1206,2956,1800,0,0.010075644
Warm A,328861,1941,1940,2956,1800,0,0.018462777
Warm A,185899,1150,1149,2956,1800,0,0.0066990443
Warm A,180052,1127,1126,2956,1800,0,0.00065430405
Warm A,184182,1146,1145,2956,1800,0,-0.0010609638
Warm A,218962,1328,1327,2956,1800,0,0.0031124502
Warm A,275786,1667,1666,2956,1800,0,0.012109298
Warm A,154495,996,995,2956,1800,1,0.009913819
Warm A,130636,846,845,2956,1800,0,0.00013044896
Warm A,132155,854,853,2956,1800,0,0.015970252
Warm A,315678,1880,1879,2956,1800,0,0.011453861
Warm A,124042,798,797,2956,1800,0,0.008350881
Warm A,118546,765,764,2956,1800,0,-0.002103715
Warm A,211478,1285,1284,2956,1800,0,-0.0006713632
Warm A,240643,1449,1448,2956,1800,0,0.0045536575
Warm A,95111,637,636,2956,1800,0,-0.0011575252
Warm A,352465,2063,2062,2956,1800,0,0.0010636443
Warm A,305201,1812,1811,2956,1800,0,0.0015130199
Warm A,150843,970,969,2956,1800,1,0.00067763764
Warm A,191597,1181,1180,2956,1800,0,0.007572938
Warm A,83631,549,548,2956,1800,1,0.013061237
Warm A,198293,1218,1217,2956,1800,1,0.0062114755
Warm A,239435,1448,1447,2956,1800,1,0.005230313
Warm A,84615,550,549,2956,1800,0,0.009649271
Warm A,77992,524,523,2956,1800,0,0.015903609
Warm A,68940,461,460,2956,1800,0,-0.00075765443
Warm A,72422,482,481,2956,1800,0,0.008040226
Warm A,201837,1242,1241,2956,1800,0,-0.0013552699
Warm A,47743,319,318,2956,1800,0,0.0055368133
Warm A,111117,721,720,2956,1800,0,0.0036844928
Warm A,15813,123,122,2956,1800,0,0.003074918
Warm A,7989,53,52,2956,1800,1,-0.002173354
Warm A,482097,2962,2961,2956,1800,0,0.010154071
Warm A,102729,678,677,2956,1800,0,0.007898829
Warm A,633721,3824,3823,2956,1800,0,0.005813689
Warm A,145149,934,933,2956,1800,0,0.0061318376
Warm A,801554,4802,4801,2956,1800,0,0.0052514565
Warm A,63512,424,423,2956,1800,0,0.0066636587
Warm A,421314,2544,2543,2956,1800,0,0.0056627374
Warm A,7079,48,47,2965,1803,0,0.009035854
Warm A,56143,372,371,2965,1803,1,-0.0058431556
Warm A,255689,1556,1555,2965,1803,0,0.0052833753
Warm A,169341,1074,1073,2965,1803,0,0.0058437157
Warm A,122754,791,790,2965,1803,0,-0.006197327
Warm A,69147,462,461,2965,1803,0,0.008061118
Warm A,719600,4310,4309,2965,1803,0,-0.006381164
Warm A,154127,993,992,2965,1803,0,0.002696501
Warm A,245939,1484,1483,2965,1803,0,0.004326325
Warm A,474245,2909,2908,2965,1803,1,0.0046732565
Warm A,63536,424,423,2965,1803,0,0.00086720753
Warm A,562851,3462,3461,2965,1803,0,6.4002e-05
Warm A,496974,3053,3052,2967,1805,0,-0.0014014957
Warm A,495798,3044,3043,2967,1805,1,0.004311803
Warm A,783555,4680,4679,2967,1805,1,0.00017372775
Warm A,484206,2978,2977,2967,1805,1,-0.0026428862
Warm A,482965,2967,2966,2967,1805,1,0.0012856035
Warm A,696859,4169,4168,2967,1805,1,0.01141466
Warm A,471757,2901,2900,2967,1805,1,-0.0036932642
Warm A,601755,3658,3657,2967,1805,0,0.0072438074
Warm A,467162,2878,2877,2967,1805,1,0.00012961985
Warm A,462795,2854,2853,2967,1805,0,0.00048823576
Warm A,459279,2826,2825,2967,1805,0,-0.0013770107
Warm A,428899,2609,2608,2967,1805,0,0.004935816
Warm A,415126,2498,2497,2967,1805,1,-0.0030769696
Warm A,412557,2483,2482,2967,1805,0,0.0023540342
Warm A,412489,2482,2481,2967,1805,1,-0.00507952
Warm A,400663,2385,2384,2967,1805,0,-0.006939647
Warm A,398643,2372,2371,2967,1805,1,0.015665287
Warm A,395301,2334,2333,2967,1805,0,0.00695779
Warm A,383526,2241,2240,2967,1805,1,0.00515774
Warm A,381849,2231,2230,2967,1805,0,0.0057876003
Warm A,378076,2205,2204,2967,1805,0,-0.00015278487
Warm A,378869,2211,2210,2967,1805,1,0.00069958274
Warm A,367051,2140,2139,2967,1805,1,0.008374926
Warm A,353044,2067,2066,2967,1805,0,0.0069493926
Warm A,350428,2056,2055,2967,1805,0,-0.0017973502
Warm A,353795,2072,2071,2967,1805,1,-0.0011975627
Warm A,343270,2016,2015,2967,1805,1,0.017288223
Warm A,293461,1747,1746,2967,1805,0,0.0068846093
Warm A,259741,1587,1586,2967,1805,0,0.002435155
Warm A,346474,2030,2029,2967,1805,0,7.406599e-05
Warm A,325664,1926,1925,2967,1805,1,-0.0005417232
Warm A,280160,1680,1679,2967,1805,0,2.574944e-05
Warm A,328899,1941,1940,2967,1805,0,0.0105973
Warm A,185930,1150,1149,2967,1805,0,0.0075998544
Warm A,184506,1147,1146,2967,1805,0,-1.8486462e-05
Warm A,183407,1141,1140,2967,1805,1,0.005266609
Warm A,320438,1899,1898,2967,1805,1,0.0116108805
Warm A,135092,873,872,2967,1805,1,-0.0017765097
Warm A,201854,1242,1241,2967,1805,1,0.004537802
Warm A,131419,850,849,2967,1805,1,0.0043270634
Warm A,118784,767,766,2967,1805,1,0.004644841
Warm A,107000,702,701,2967,1805,0,0.0011728548
Warm A,101786,677,676,2967,1805,1,-0.0015607394
Warm A,95125,637,636,2967,1805,1,-0.0044917273
Warm A,90847,601,600,2967,1805,0,0.009302005
Warm A,85007,552,551,2967,1805,1,0.0085425405
Warm A,228648,1383,1382,2967,1805,0,-0.00051304174
Warm A,35398,238,237,2967,1805,1,-0.0054019564
Warm A,32376,216,215,2967,1805,0,-0.010091836
Warm A,592278,3610,3609,2967,1805,0,0.0028880197
Warm A,5322,36,35,2967,1805,1,0.0010365967
Warm A,1152,10,9,2967,1805,1,0.0067272503
Warm A,482117,2962,2961,2967,1805,1,0.005664955
Warm A,19666,148,147,2967,1805,1,-0.005901156
Warm A,458375,2820,2819,2967,1805,1,0.009102111
Warm A,48687,326,325,2967,1805,0,0.006442797
Warm A,158813,1015,1014,2967,1805,1,0.0057237116
Warm A,421340,2544,2543,2967,1805,1,0.0027758344
Warm A,581080,3547,3546,2967,1805,1,0.0019589874
Warm A,294029,1748,1747,2967,1805,0,-0.0020115525
Warm A,927746,5605,5604,2967,1805,1,0.0029545843
Warm A,977907,5892,5891,2967,1805,1,0.0023941575
Warm A,276539,1671,1670,2967,1805,1,0.015894014
Warm A,588238,3589,3588,2967,1805,0,0.0037795017
Warm A,831989,5001,5000,2967,1805,1,0.004706323
Warm A,821637,4940,4939,2967,1805,1,0.008694885
Warm A,76481,518,517,2967,1805,1,-0.00027175015
Warm A,244279,1470,1469,2969,1807,0,0.007649186
Warm A,188718,1170,1169,2969,1807,0,0.009572569
Warm A,147207,948,947,2969,1807,0,0.0032079406
Warm A,139003,889,888,2969,1807,0,0.011574112
Warm A,347579,2038,2037,2969,1807,1,0.008857291
Warm A,319028,1896,1895,2969,1807,0,0.0034877458
Warm A,132779,855,854,2969,1807,1,0.007931881
Warm A,112777,731,730,2969,1807,1,0.009750166
Warm A,66412,444,443,2969,1807,1,0.0077252975
Warm A,52765,347,346,2969,1807,1,0.014855143
Warm A,51727,339,338,2969,1807,1,0.0046588066
Warm A,48933,327,326,2969,1807,1,0.0021183724
Warm A,48690,326,325,2969,1807,0,0.011988453
Warm A,35400,238,237,2969,1807,1,0.0074004773
Warm A,32381,216,215,2969,1807,1,0.012238071
Warm A,947656,5722,5721,2969,1807,0,0.012195483
Warm A,9982,69,68,2969,1807,1,0.004772731
Warm A,4991,35,34,2969,1807,1,-0.0032403402
Warm A,55391,366,365,2969,1807,1,0.0010871287
Warm A,76482,518,517,2969,1807,1,0.004303724
Warm A,558733,3430,3429,2969,1807,1,0.004322355
Warm A,284998,1699,1698,2969,1807,0,0.016845867
Warm A,876386,5291,5290,2969,1807,1,0.0077337804
Warm A,339341,1998,1997,2969,1807,0,6.813975e-05
Warm A,20966,151,150,2969,1807,1,0.014308969
Warm A,900812,5447,5446,2969,1807,1,0.0072507774
Warm A,801565,4802,4801,2969,1807,1,0.0023808263
Warm A,357799,2092,2091,2969,1807,0,0.01086726
Warm A,394914,2332,2331,2969,1807,1,0.0060959524
Warm A,319667,1897,1896,2969,1807,1,0.011179009
Warm A,657747,3963,3962,2969,1807,0,0.005485286
Warm A,302751,1797,1796,2970,1808,1,0.009467966
Warm A,298409,1768,1767,2970,1808,1,-0.0034293206
Warm A,316030,1882,1881,2970,1808,1,-0.005070301
Warm A,292653,1741,1740,2970,1808,1,-0.0029855948
Warm A,229027,1387,1386,2970,1808,0,0.009594696
Warm A,350435,2056,2055,2970,1808,0,0.008292467
Warm A,207426,1267,1266,2970,1808,0,-0.00057347934
Warm A,294589,1749,1748,2970,1808,1,-0.0070305523
Warm A,309026,1837,1836,2970,1808,1,0.004586662
Warm A,191650,1181,1180,2970,1808,0,0.010656539
Warm A,158828,1015,1014,2970,1808,0,-0.0007351793
Warm A,258673,1584,1583,2970,1808,1,0.0005017142
Warm A,139024,889,888,2970,1808,0,-0.003683616
Warm A,131426,850,849,2970,1808,0,-0.00568364
Warm A,315728,1880,1879,2970,1808,1,-0.0006928025
Warm A,298258,1767,1766,2970,1808,0,-0.010217078
Warm A,147595,949,948,2970,1808,1,-0.0006907461
Warm A,135095,873,872,2970,1808,1,-0.009810867
Warm A,125395,806,805,2970,1808,1,0.009821262
Warm A,211525,1285,1284,2970,1808,1,0.0005367652
Warm A,284647,1698,1697,2970,1808,1,-0.010272345
Warm A,84904,551,550,2970,1808,1,0.004475924
Warm A,84656,550,549,2970,1808,0,0.00029601692
Warm A,259948,1590,1589,2970,1808,0,-0.0038603153
Warm A,245945,1484,1483,2970,1808,1,0.0048698047
Warm A,30887,205,204,2970,1808,1,-0.0005460356
Warm A,25459,180,179,2970,1808,1,0.0021328721
Warm A,290657,1733,1732,2970,1808,1,-0.0061286367
Warm A,657752,3963,3962,2970,1808,0,-0.00033263734
Warm A,320452,1899,1898,2970,1808,1,0.0012232519
Warm A,524496,3233,3232,2970,1808,0,-0.0068125217
Warm A,285007,1699,1698,2970,1808,1,-0.008797411
Warm A,713497,4277,4276,2970,1808,1,-0.0021410217
Warm A,250008,1505,1504,2970,1808,1,0.006787243
Warm A,24607,173,172,2970,1808,1,-0.0057292418
Warm A,157372,1010,1009,2970,1808,0,-0.007492749
Warm A,276548,1671,1670,2970,1808,1,-0.0053389817
Warm A,547060,3371,3370,2970,1808,0,3.579352e-05
Warm A,5342,36,35,2972,1810,1,-0.0027884808
Warm A,312109,1860,1859,2972,1810,0,0.0021757884
Warm A,76485,518,517,2972,1810,1,-0.0021787146
Warm A,484386,2980,2979,2972,1810,1,0.0074830963
Warm A,20270,149,148,2972,1810,1,0.0025955087
Warm A,265382,1611,1610,2974,1812,0,-0.0038308867
Warm A,907742,5492,5491,2974,1812,0,0.009320986
Warm A,523971,3229,3228,2974,1812,0,0.001033232
Warm A,172236,1088,1087,2974,1812,0,0.005124916
Warm A,28526,195,194,2974,1812,0,0.0010299301
Warm A,967078,5831,5830,2974,1812,0,0.00040721288
Warm A,718748,4305,4304,2974,1812,0,-0.002046079
Warm A,304476,1809,1808,2975,1813,0,-0.003878296
Warm A,278392,1679,1678,2975,1813,0,0.011400148
Warm A,264446,1608,1607,2975,1813,0,0.0054761684
Warm A,260562,1592,1591,2975,1813,0,0.0046163592
Warm A,298632,1772,1771,2975,1813,1,0.0014338292
Warm A,189193,1172,1171,2975,1813,0,0.009988364
Warm A,226891,1376,1375,2975,1813,1,0.0026486474
Warm A,183420,1141,1140,2975,1813,0,0.0124529125
Warm A,263807,1605,1604,2975,1813,1,0.0015058813
Warm A,485546,2988,2987,2975,1813,0,-0.0122928005
Warm A,175877,1112,1111,2975,1813,0,0.006817329
Warm A,165396,1053,1052,2975,1813,0,0.002055198
Warm A,191658,1181,1180,2975,1813,0,-0.0025480276
Warm A,151876,976,975,2975,1813,0,-0.0030645034
Warm A,145558,935,934,2975,1813,0,0.0022867392
Warm A,182306,1137,1136,2975,1813,1,0.014694317
Warm A,155084,999,998,2975,1813,1,0.015706612
Warm A,126081,812,811,2975,1813,0,-0.004640898
Warm A,125330,805,804,2975,1813,0,0.0030797322
Warm A,119837,773,772,2975,1813,1,0.0014182338
Warm A,101069,673,672,2975,1813,0,0.0051935203
Warm A,114324,743,742,2975,1813,0,0.0013824194
Warm A,98280,657,656,2975,1813,1,0.0034054962
Warm A,291795,1737,1736,2975,1813,0,-0.0010085767
Warm A,83689,549,548,2975,1813,0,0.012591373
Warm A,76058,516,515,2975,1813,0,0.009447719
Warm A,74301,506,505,2975,1813,1,0.007232994
Warm A,73764,499,498,2975,1813,0,0.0038716928
Warm A,70317,474,473,2975,1813,0,0.006619387
Warm A,64440,429,428,2975,1813,0,0.009437937
Warm A,155547,1001,1000,2975,1813,0,0.0054873177
Warm A,56571,378,377,2975,1813,0,0.005845961
Warm A,30295,203,202,2975,1813,0,0.0041704653
Warm A,26608,187,186,2975,1813,1,0.0030973807
Warm A,11231,83,82,2975,1813,1,0.013547685
Warm A,1728,16,15,2975,1813,1,0.002821577
Warm A,22752,163,162,2975,1813,0,0.0018607253
Warm A,521826,3219,3218,2975,1813,1,7.369043e-05
Warm A,79843,531,530,2975,1813,0,0.0058603897
Warm A,314797,1879,1878,2975,1813,1,0.007790977
Warm A,778043,4647,4646,2975,1813,1,0.0071021332
Warm A,823410,4950,4949,2975,1813,0,0.0044696378
Warm A,285603,1701,1700,2975,1813,1,0.0011528619
Warm A,328932,1941,1940,2975,1813,0,-0.0020489688
Warm A,405394,2427,2426,2975,1813,0,0.002224383
Warm A,92029,611,610,2975,1813,1,0.001926383
Warm A,771817,4600,4599,2975,1813,1,0.0020737497
Warm A,187110,1160,1159,2975,1813,0,0.0018030265
Warm A,172237,1088,1087,2975,1813,0,0.0042815357
Warm A,561755,3454,3453,2975,1813,1,0.005601668
Warm A,13208,102,101,2975,1813,0,0.009579757
Warm A,140968,906,905,2978,1815,0,0.009374594
Warm A,157382,1010,1009,2978,1815,0,0.015503154
Warm A,139041,889,888,2978,1815,0,0.021586113
Warm A,380563,2223,2222,2978,1815,0,0.0046359114
Warm A,134731,869,868,2978,1815,1,0.0044049765
Warm A,125331,805,804,2978,1815,0,0.0014536043
Warm A,223887,1354,1353,2978,1815,0,0.0114791095
Warm A,103231,685,684,2978,1815,0,0.0064106453
Warm A,177334,1117,1116,2978,1815,0,0.016044686
Warm A,111148,721,720,2978,1815,1,0.013999479
Warm A,329685,1943,1942,2978,1815,0,0.015203158
Warm A,314270,1875,1874,2978,1815,0,0.0073666433
Warm A,940076,5675,5674,2978,1815,0,0.0152341835
Warm A,291801,1737,1736,2978,1815,1,0.0026062075
Warm A,84908,551,550,2978,1815,0,0.0060624564
Warm A,75203,509,508,2978,1815,0,0.00770606
Warm A,627199,3792,3791,2978,1815,0,0.01569255
Warm A,605431,3679,3678,2978,1815,1,0.006813433
Warm A,228666,1383,1382,2978,1815,0,0.009657056
Warm A,78760,528,527,2978,1815,1,0.015404568
Warm A,22755,163,162,2978,1815,0,0.01997309
Warm A,14963,118,117,2978,1815,0,0.023401096
Warm A,15859,123,122,2978,1815,0,0.015285913
Warm A,12186,92,91,2978,1815,0,0.0045360895
Warm A,79846,531,530,2978,1815,1,0.016795063
Warm A,215784,1306,1305,2978,1815,0,0.009975857
Warm A,158840,1015,1014,2978,1815,0,0.017506534
Warm A,361225,2106,2105,2978,1815,0,0.006663467
Warm A,496714,3051,3050,2978,1815,1,0.0128342565
Warm A,363539,2116,2115,2978,1815,1,0.015024026
Warm A,773487,4610,4609,2978,1815,0,0.013288392
Warm A,497498,3054,3053,2978,1815,0,0.011132214
Warm A,883201,5333,5332,2978,1815,0,0.017194156
Warm A,102776,678,677,2978,1815,0,0.016741754
Warm A,599576,3648,3647,2978,1815,0,0.018269736
Warm A,907744,5492,5491,2978,1815,1,0.016331114
Warm A,222678,1347,1346,2978,1815,1,0.007031145
Warm A,46556,310,309,2978,1815,1,0.013656428
Warm A,474440,2910,2909,2978,1815,1,0.015868481
Warm A,733072,4384,4383,2978,1815,1,0.008667273
Warm A,941569,5682,5681,2978,1815,0,0.01596916
Warm A,299303,1776,1775,2978,1815,0,0.0085682
Warm A,295822,1755,1754,2978,1815,0,0.010188308
Warm A,184534,1147,1146,2983,1816,0,0.0033870107
Warm A,183745,1143,1142,2983,1816,1,-0.00039221835
Warm A,181046,1131,1130,2983,1816,1,0.004179633
Warm A,191683,1181,1180,2983,1816,0,0.00022144802
Warm A,153416,984,983,2983,1816,1,0.0029324656
Warm A,147231,948,947,2983,1816,1,-0.0029855543
Warm A,317174,1884,1883,2983,1816,1,0.0022872635
Warm A,169739,1077,1076,2983,1816,1,-0.0023297528
Warm A,83712,549,548,2983,1816,1,-0.0030312042
Warm A,67130,451,450,2983,1816,1,0.008592917
Warm A,48712,326,325,2983,1816,0,-0.00026772125
Warm A,696905,4169,4168,2983,1816,1,0.010791055
Warm A,482146,2962,2961,2983,1816,0,0.000532744
Warm A,4650,33,32,2983,1816,1,0.011856924
Warm A,34926,235,234,2983,1816,1,0.002015215
Warm A,24634,173,172,2983,1816,1,0.0046551386
Warm A,804117,4815,4814,2983,1816,1,0.008750867
Warm A,357828,2092,2091,2983,1816,1,0.008905861
Warm A,933697,5636,5635,2983,1816,1,-0.0025412834
Warm A,902919,5458,5457,2983,1816,1,0.0041004648
Warm A,223150,1352,1351,2983,1816,1,-0.00043613184
Warm A,381442,2231,2230,2988,1820,0,0.00919636
Warm A,371914,2173,2172,2988,1820,1,0.009752576
Warm A,371236,2170,2169,2988,1820,1,0.0035750833
Warm A,369702,2164,2163,2988,1820,0,0.005143117
Warm A,364469,2124,2123,2988,1820,1,0.01720308
Warm A,343412,2018,2017,2988,1820,1,0.0065160254
Warm A,319727,1899,1898,2988,1820,1,0.011684216
Warm A,322978,1916,1915,2988,1820,1,0.012084536
Warm A,312119,1861,1860,2988,1820,0,0.012397742
Warm A,278396,1680,1679,2988,1820,1,0.008756735
Warm A,226741,1375,1374,2988,1820,1,0.0036097642
Warm A,262048,1600,1599,2988,1820,0,0.00924702
Warm A,217649,1321,1320,2988,1820,0,0.015630886
Warm A,215928,1310,1309,2988,1820,0,0.0024567088
Warm A,215312,1305,1304,2988,1820,1,0.0037689954
Warm A,243601,1470,1469,2988,1820,0,0.014019288
Warm A,182592,1140,1139,2988,1820,0,0.0038721007
Warm A,178944,1124,1123,2988,1820,1,0.011793356
Warm A,345945,2030,2029,2988,1820,1,-6.5516215e-05
Warm A,190175,1181,1180,2988,1820,1,0.012081003
Warm A,166869,1062,1061,2988,1820,1,0.006621883
Warm A,337843,1988,1987,2988,1820,1,0.012245747
Warm A,184688,1150,1149,2988,1820,0,0.015807748
Warm A,137563,889,888,2988,1820,0,0.019879611
Warm A,130894,850,849,2988,1820,1,0.009841556
Warm A,210417,1285,1284,2988,1820,1,0.022358932
Warm A,105364,697,696,2988,1820,0,0.0058839605
Warm A,332116,1960,1959,2988,1820,1,0.0045371377
Warm A,94505,635,634,2988,1820,1,0.007826272
Warm A,152727,984,983,2988,1820,1,0.014881955
Warm A,85448,558,557,2988,1820,0,0.0034993454
Warm A,83723,550,549,2988,1820,0,0.009697776
Warm A,77050,524,523,2988,1820,1,0.017601848
Warm A,638792,3842,3841,2988,1820,0,0.004883133
Warm A,42031,285,284,2988,1820,0,0.012260092
Warm A,36082,245,244,2988,1820,0,0.0060733557
Warm A,21847,161,160,2988,1820,1,0.013191106
Warm A,123197,796,795,2988,1820,0,0.016423034
Warm A,357109,2092,2091,2988,1820,1,0.0012484211
Warm A,524344,3233,3232,2988,1820,1,-0.0007248551
Warm A,157583,1015,1014,2988,1820,1,0.005136269
Warm A,316476,1884,1883,2988,1820,1,0.017750159
Warm A,159663,1019,1018,2988,1820,1,0.0027299104
Warm A,335304,1980,1979,2988,1820,0,0.012249406
Warm A,841346,5054,5053,2988,1820,0,0.007843412
Warm A,319044,1897,1896,2988,1820,0,0.007108639
Warm A,321927,1912,1911,2988,1820,0,0.010728226
Warm A,401525,2395,2394,2988,1820,1,0.0042859893
Warm A,522040,3224,3223,2996,1826,1,0.009631408
Warm A,444469,2743,2742,2996,1826,1,-0.00025870255
Warm A,441900,2718,2717,2996,1826,0,0.0076314146
Warm A,696937,4169,4168,2996,1826,1,0.0013643284
Warm A,437853,2676,2675,2996,1826,1,0.001539729
Warm A,417373,2515,2514,2996,1826,1,0.0040952032
Warm A,410063,2459,2458,2996,1826,0,0.008336017
Warm A,407915,2453,2452,2996,1826,1,0.008958524
Warm A,707826,4241,4240,2996,1826,1,0.007365428
Warm A,398157,2368,2367,2996,1826,1,-0.0030316394
Warm A,397532,2355,2354,2996,1826,0,-0.0008813883
Warm A,807227,4831,4830,2996,1826,0,0.0057149557
Warm A,391807,2304,2303,2996,1826,0,0.004133655
Warm A,387664,2266,2265,2996,1826,1,0.0017659152
Warm A,381207,2230,2229,2996,1826,0,0.000104837585
Warm A,383537,2242,2241,2996,1826,0,0.0055168727
Warm A,373113,2179,2178,2996,1826,0,7.824274e-06
Warm A,362601,2116,2115,2996,1826,1,-0.0050962567
Warm A,351241,2063,2062,2996,1826,0,-0.0057202084
Warm A,342070,2015,2014,2996,1826,0,0.0055839634
Warm A,328966,1942,1941,2996,1826,1,0.00055828097
Warm A,305422,1817,1816,2996,1826,0,0.003942714
Warm A,283368,1697,1696,2996,1826,1,0.0098838955
Warm A,281743,1690,1689,2996,1826,0,0.0011389947
Warm A,306300,1825,1824,2996,1826,0,0.0092896195
Warm A,188765,1172,1171,2996,1826,1,0.0017206068
Warm A,321577,1908,1907,2996,1826,1,0.0038430751
Warm A,182974,1141,1140,2996,1826,0,0.007715059
Warm A,175226,1112,1111,2996,1826,0,0.0027452349
Warm A,327401,1941,1940,2996,1826,1,0.004293216
Warm A,148607,957,956,2996,1826,0,-0.0036124892
Warm A,184707,1150,1149,2996,1826,0,0.0006611438
Warm A,192817,1187,1186,2996,1826,0,0.009052765
Warm A,199170,1224,1223,2996,1826,1,0.0052668806
Warm A,380050,2223,2222,2996,1826,0,0.017270654
Warm A,266551,1617,1616,2996,1826,0,0.00074183755
Warm A,116972,754,753,2996,1826,1,0.0069240276
Warm A,105769,699,698,2996,1826,0,0.0040695462
Warm A,176609,1117,1116,2996,1826,0,0.0020471546
Warm A,169047,1073,1072,2996,1826,1,0.0026371842
Warm A,86316,564,563,2996,1826,1,0.0037249727
Warm A,85450,558,557,2996,1826,1,0.010821592
Warm A,57434,389,388,2996,1826,0,0.015332238
Warm A,155185,1001,1000,2996,1826,0,-0.0011293222
Warm A,59619,405,404,2996,1826,0,0.0016391706
Warm A,46669,314,313,2996,1826,0,0.012149596
Warm A,61045,412,411,2996,1826,0,0.006649333
Warm A,33836,229,228,2996,1826,0,0.0020906702
Warm A,71216,478,477,2996,1826,0,-0.010114105
Warm A,29415,201,200,2996,1826,0,-0.0039914194
Warm A,26212,187,186,2996,1826,1,-0.0077489438
Warm A,206547,1266,1265,2996,1826,1,0.0071918955
Warm A,558352,3430,3429,2996,1826,0,0.010734833
Warm A,111547,727,726,2996,1826,1,-0.00041205622
Warm A,804125,4815,4814,2996,1826,1,0.0019016787
Warm A,927760,5605,5604,2996,1826,0,0.008679882
Warm A,360359,2106,2105,2996,1826,0,0.0073732184
Warm A,499032,3067,3066,2996,1826,1,0.00048022624
Warm A,879221,5312,5311,2996,1826,0,0.016575905
Warm A,384411,2246,2245,2996,1826,1,0.0027604888
Warm A,335317,1980,1979,2996,1826,0,0.009686373
Warm A,564057,3471,3470,2996,1826,0,0.004172404
Warm A,164151,1051,1050,2996,1826,1,0.0068563335
Warm A,734504,4387,4386,2996,1826,0,0.008327503
Warm A,171103,1088,1087,2996,1826,1,0.0018935734
Warm A,22767,164,163,2996,1826,1,0.007941453
Warm A,95679,641,640,2996,1826,1,0.0062328023
Warm A,397272,2353,2352,2996,1826,1,-0.00031664886
Warm A,187431,1164,1163,2996,1826,0,0.0074286163
Warm A,179341,1125,1124,2996,1826,1,0.004950107
Warm A,842519,5063,5062,2996,1826,1,0.00941365
Warm A,877484,5302,5301,2996,1826,0,0.009296961
Warm A,804419,4816,4815,2996,1826,1,0.016371
Warm A,558136,3428,3427,3011,1833,1,-0.002277861
Warm A,532896,3292,3291,3011,1833,1,0.009168443
Warm A,520963,3216,3215,3011,1833,1,0.0014567457
Warm A,508966,3131,3130,3011,1833,1,-0.004233092
Warm A,580757,3547,3546,3011,1833,0,0.010951251
Warm A,489420,3013,3012,3011,1833,0,0.002534707
Warm A,485674,2990,2989,3011,1833,0,0.0074683027
Warm A,695695,4169,4168,3011,1833,1,0.011013718
Warm A,474563,2913,2912,3011,1833,1,0.008519082
Warm A,473105,2909,2908,3011,1833,1,0.00060620275
Warm A,457577,2820,2819,3011,1833,1,0.00084260013
Warm A,453414,2793,2792,3011,1833,1,0.0117581645
Warm A,452808,2788,2787,3011,1833,1,0.00019755855
Warm A,446639,2753,2752,3011,1833,1,0.0054471935
Warm A,421563,2547,2546,3011,1833,1,-0.00037633954
Warm A,420704,2544,2543,3011,1833,0,0.0027088034
Warm A,418370,2529,2528,3011,1833,0,0.0072616288
Warm A,417997,2526,2525,3011,1833,1,-0.0011695537
Warm A,417426,2516,2515,3011,1833,1,0.0062912405
Warm A,411840,2476,2475,3011,1833,1,0.006841655
Warm A,410754,2465,2464,3011,1833,1,0.0046948614
Warm A,398162,2368,2367,3011,1833,1,0.00031535397
Warm A,397674,2356,2355,3011,1833,1,0.00010162173
Warm A,414387,2496,2495,3011,1833,0,0.0001337551
Warm A,386279,2259,2258,3011,1833,1,0.006609693
Warm A,381466,2231,2230,3011,1833,1,0.006873685
Warm A,411982,2478,2477,3011,1833,1,0.0025779027
Warm A,356222,2088,2087,3011,1833,1,0.0059412685
Warm A,353843,2073,2072,3011,1833,1,0.008748001
Warm A,347194,2038,2037,3011,1833,1,0.01475081
Warm A,319775,1899,1898,3011,1833,1,0.019598667
Warm A,290695,1734,1733,3011,1833,1,0.0012070558
Warm A,268704,1632,1631,3011,1833,0,0.0048346804
Warm A,345987,2030,2029,3011,1833,1,0.009196867
Warm A,294096,1749,1748,3011,1833,0,-0.0092123635
Warm A,244583,1473,1472,3011,1833,0,0.007145409
Warm A,242544,1465,1464,3011,1833,1,0.0027190577
Warm A,312152,1861,1860,3011,1833,0,0.0064527523
Warm A,227914,1383,1382,3011,1833,0,-0.000885103
Warm A,325146,1926,1925,3011,1833,1,-0.0016106283
Warm A,217840,1322,1321,3011,1833,1,0.0022097395
Warm A,211730,1288,1287,3011,1833,1,0.0027391475
Warm A,208526,1274,1273,3011,1833,0,0.0080197435
Warm A,208170,1273,1272,3011,1833,1,0.008735819
Warm A,204167,1256,1255,3011,1833,1,0.0025924875
Warm A,188491,1170,1169,3011,1833,1,0.0070559485
Warm A,169461,1077,1076,3011,1833,1,0.015806342
Warm A,166889,1062,1061,3011,1833,1,0.005948753
Warm A,152770,984,983,3011,1833,0,0.008651444
Warm A,323581,1920,1919,3011,1833,0,0.00025657134
Warm A,146757,948,947,3011,1833,0,0.009690088
Warm A,184754,1150,1149,3011,1833,0,0.0053437334
Warm A,156449,1010,1009,3011,1833,0,-0.000455308
Warm A,137642,889,888,3011,1833,1,0.010063374
Warm A,318852,1896,1895,3011,1833,1,0.004287306
Warm A,130929,850,849,3011,1833,1,0.0045592524
Warm A,321987,1912,1911,3011,1833,1,0.0062533133
Warm A,106573,702,701,3011,1833,0,0.003229405
Warm A,99198,661,660,3011,1833,1,0.0029970827
Warm A,98063,656,655,3011,1833,0,0.003598989
Warm A,92252,615,614,3011,1833,1,0.00045741152
Warm A,339026,1998,1997,3011,1833,0,0.011595916
Warm A,83776,550,549,3011,1833,1,0.003245051
Warm A,52686,347,346,3011,1833,1,-0.0012971906
Warm A,51620,339,338,3011,1833,1,0.00115027
Warm A,46587,312,311,3011,1833,0,-0.0067821797
Warm A,35179,238,237,3011,1833,1,0.0016159108
Warm A,31704,216,215,3011,1833,0,0.001364212
Warm A,22770,164,163,3011,1833,0,0.00042657997
Warm A,78778,529,528,3011,1833,0,0.0076661007
Warm A,123228,796,795,3011,1833,0,0.009639034
Warm A,9063,62,61,3011,1833,1,-0.004649135
Warm A,5996,44,43,3011,1833,0,0.00027982413
Warm A,357160,2092,2091,3011,1833,0,0.0035546839
Warm A,60448,411,410,3011,1833,0,0.014823731
Warm A,801247,4802,4801,3011,1833,1,-0.0011928731
Warm A,384599,2247,2246,3011,1833,1,0.0127505865
Warm A,407944,2453,2452,3011,1833,1,0.0038094483
Warm A,48374,326,325,3011,1833,0,0.011695819
Warm A,157648,1015,1014,3011,1833,1,0.007863099
Warm A,347802,2041,2040,3011,1833,1,0.0032703774
Warm A,316527,1884,1883,3011,1833,0,0.004339843
Warm A,50532,333,332,3011,1833,0,0.004513338
Warm A,327455,1941,1940,3011,1833,0,0.0030410115
Warm A,47161,319,318,3011,1833,1,-0.0012551008
Warm A,46694,314,313,3011,1833,0,-0.0015468551
Warm A,993785,6002,6001,3011,1833,1,-0.001841907
Warm A,407711,2451,2450,3011,1833,1,0.007868051
Warm A,319075,1897,1896,3011,1833,1,0.009873169
Warm A,41118,278,277,3013,1834,1,0.00789153
Warm A,14300,117,116,3013,1834,0,0.017481929
Warm A,211635,1287,1286,3013,1834,0,0.0021797316
Warm A,289895,1733,1732,3013,1834,0,0.008524444
Warm A,632838,3824,3823,3013,1834,0,0.0061106435
Warm A,744628,4448,4447,3015,1835,1,0.007969579
Warm A,600444,3651,3650,3015,1835,1,0.010626718
Warm A,593256,3618,3617,3015,1835,0,0.01617448
Warm A,581521,3551,3550,3015,1835,1,0.003920349
Warm A,568899,3491,3490,3015,1835,1,0.006418142
Warm A,551991,3401,3400,3015,1835,0,0.014181037
Warm A,576759,3526,3525,3015,1835,0,0.0077031367
Warm A,534555,3300,3299,3015,1835,1,0.0042984225
Warm A,518576,3201,3200,3015,1835,1,-0.003067011
Warm A,511000,3151,3150,3015,1835,1,0.0021015157
Warm A,509417,3138,3137,3015,1835,0,0.004177574
Warm A,522083,3224,3223,3015,1835,1,0.0076179625
Warm A,509039,3132,3131,3015,1835,1,-0.003992097
Warm A,508100,3128,3127,3015,1835,1,0.0106525
Warm A,506463,3118,3117,3015,1835,0,0.01690482
Warm A,628473,3807,3806,3015,1835,0,0.0048538786
Warm A,695697,4169,4168,3015,1835,0,0.019178513
Warm A,472228,2907,2906,3015,1835,0,0.014881956
Warm A,484752,2986,2985,3015,1835,0,0.010303842
Warm A,473109,2909,2908,3015,1835,1,0.017343888
Warm A,754553,4497,4496,3015,1835,0,0.0118828835
Warm A,462977,2857,2856,3015,1835,0,0.011524413
Warm A,457578,2820,2819,3015,1835,0,0.011440211
Warm A,795939,4771,4770,3015,1835,0,0.015610771
Warm A,451600,2780,2779,3015,1835,0,-0.0002509721
Warm A,446066,2751,2750,3015,1835,0,0.010595998
Warm A,442025,2719,2718,3015,1835,1,0.009188687
Warm A,439531,2685,2684,3015,1835,0,0.018398318
Warm A,436072,2665,2664,3015,1835,0,0.009802741
Warm A,433455,2643,2642,3015,1835,1,0.0067989184
Warm A,423966,2569,2568,3015,1835,0,0.011222789
Warm A,426759,2592,2591,3015,1835,1,0.015050692
Warm A,417344,2514,2513,3015,1835,1,0.001418379
Warm A,425564,2583,2582,3015,1835,1,0.015557169
Warm A,414866,2497,2496,3015,1835,0,0.009697852
Warm A,414388,2496,2495,3015,1835,0,0.010173578
Warm A,397154,2352,2351,3015,1835,0,0.007841808
Warm A,388797,2279,2278,3015,1835,1,0.0122983195
Warm A,387150,2264,2263,3015,1835,1,0.008135403
Warm A,382682,2237,2236,3015,1835,1,0.0035806936
Warm A,385103,2251,2250,3015,1835,1,0.0043872143
Warm A,378605,2211,2210,3015,1835,1,-0.00033587124
Warm A,352570,2064,2063,3015,1835,1,0.00317067
Warm A,329777,1945,1944,3015,1835,0,0.0029630708
Warm A,334388,1974,1973,3015,1835,0,0.013310836
Warm A,271602,1642,1641,3015,1835,0,0.0033840947
Warm A,280653,1685,1684,3015,1835,0,0.0026053153
Warm A,230030,1392,1391,3015,1835,0,0.0087078605
Warm A,213215,1298,1297,3015,1835,1,0.012107443
Warm A,220247,1335,1334,3015,1835,0,0.0004806528
Warm A,200194,1229,1228,3015,1835,1,0.0040406073
Warm A,209940,1284,1283,3015,1835,0,0.0023614413
Warm A,278485,1680,1679,3015,1835,1,0.007920269
Warm A,327461,1941,1940,3015,1835,1,0.016161181
Warm A,188492,1170,1169,3015,1835,1,0.006575835
Warm A,177400,1119,1118,3015,1835,1,0.01071645
Warm A,159057,1017,1016,3015,1835,0,0.011722238
Warm A,270686,1639,1638,3015,1835,0,0.0164283
Warm A,199204,1224,1223,3015,1835,1,0.015463885
Warm A,314852,1880,1879,3015,1835,0,0.015157884
Warm A,262910,1605,1604,3015,1835,1,-0.0013910248
Warm A,283777,1698,1697,3015,1835,0,0.006504081
Warm A,82638,549,548,3015,1835,1,0.02355765
Warm A,190264,1181,1180,3015,1835,0,0.010903349
Warm A,75344,512,511,3015,1835,1,-0.005128069
Warm A,210479,1285,1284,3015,1835,1,0.007771995
Warm A,47165,319,318,3015,1835,0,0.008748274
Warm A,947468,5722,5721,3015,1835,1,0.0065214885
Warm A,22944,166,165,3015,1835,0,0.0053725215
Warm A,61689,415,414,3015,1835,1,0.013246517
Warm A,9065,62,61,3015,1835,1,0.0095227845
Warm A,104072,692,691,3015,1835,0,0.003636432
Warm A,481561,2962,2961,3015,1835,0,0.012769774
Warm A,843765,5074,5073,3015,1835,0,0.004006558
Warm A,157652,1015,1014,3015,1835,1,0.012771954
Warm A,233815,1422,1421,3015,1835,0,0.011644004
Warm A,948931,5733,5732,3015,1835,0,0.005940836
Warm A,204376,1260,1259,3015,1835,1,0.008870816
Warm A,632839,3824,3823,3015,1835,0,0.015978307
Warm A,562356,3462,3461,3015,1835,1,0.008750688
Warm A,335365,1980,1979,3015,1835,1,0.01298714
Warm A,795407,4765,4764,3015,1835,0,0.01750002
Warm A,62447,424,423,3015,1835,1,0.013986269
Warm A,76255,518,517,3015,1835,1,0.012662958
Warm A,754555,4497,4496,3017,1837,0,0.014285676
Warm A,462980,2857,2856,3017,1837,0,0.010829349
Warm A,426352,2590,2589,3017,1837,0,0.006319956
Warm A,409437,2457,2456,3017,1837,0,0.012019479
Warm A,373727,2181,2180,3017,1837,0,0.010726469
Warm A,367290,2144,2143,3017,1837,0,0.0017252096
Warm A,337618,1985,1984,3017,1837,0,0.011554801
Warm A,305722,1820,1819,3017,1837,0,0.00878763
Warm A,288188,1722,1721,3017,1837,0,0.0054756156
Warm A,291077,1737,1736,3017,1837,0,0.0067200353
Warm A,276743,1675,1674,3017,1837,0,0.012297897
Warm A,280400,1683,1682,3017,1837,0,0.0054577673
Warm A,247458,1496,1495,3017,1837,0,0.011385259
Warm A,327464,1941,1940,3017,1837,0,0.0031542578
Warm A,307119,1835,1834,3017,1837,0,0.0110997595
Warm A,173950,1101,1100,3017,1837,0,0.018200396
Warm A,159059,1017,1016,3017,1837,0,0.0094809625
Warm A,150898,971,970,3017,1837,0,0.008867744
Warm A,133837,868,867,3017,1837,0,0.0071044555
Warm A,133953,869,868,3017,1837,0,0.01791088
Warm A,130934,850,849,3017,1837,0,0.007068536
Warm A,125456,808,807,3017,1837,0,0.013181988
Warm A,123767,798,797,3017,1837,0,0.00947444
Warm A,210481,1285,1284,3017,1837,0,0.012886837
Warm A,351288,2063,2062,3017,1837,0,0.019457303
Warm A,92672,621,620,3017,1837,0,-0.0022963146
Warm A,75390,513,512,3017,1837,0,0.013717642
Warm A,57540,390,389,3017,1837,0,0.014325713
Warm A,53385,352,351,3017,1837,0,0.010057095
Warm A,41611,284,283,3017,1837,0,0.0110385725
Warm A,41120,278,277,3017,1837,1,0.009275941
Warm A,238506,1448,1447,3017,1837,0,0.017148508
Warm A,14304,117,116,3017,1837,0,0.02003121
Warm A,2600,22,21,3017,1837,0,0.017429313
Warm A,206593,1266,1265,3017,1837,0,0.018570885
Warm A,551993,3401,3400,3017,1837,0,0.0030159801
Warm A,365628,2129,2128,3017,1837,0,0.011005503
Warm A,298920,1776,1775,3017,1837,0,0.00856902
Warm A,101851,678,677,3017,1837,0,0.016163332
Warm A,632841,3824,3823,3017,1837,0,0.015120662
Warm A,335367,1980,1979,3017,1837,0,0.01906335
Warm A,289899,1733,1732,3017,1837,0,0.02273437
Warm A,62449,424,423,3017,1837,0,0.020369293
Warm A,331251,1958,1957,3017,1837,0,0.013810264
Warm A,628079,3804,3803,3024,1842,0,-0.00847788
Warm A,637652,3841,3840,3024,1842,0,0.0069591585
Warm A,623204,3771,3770,3024,1842,0,0.005640369
Warm A,620561,3760,3759,3024,1842,1,0.0017595578
Warm A,619405,3754,3753,3024,1842,0,-0.0066468176
Warm A,621042,3762,3761,3024,1842,0,-0.0011233315
Warm A,725047,4344,4343,3024,1842,0,-0.0040883278
Warm A,595104,3621,3620,3024,1842,0,0.0023129885
Warm A,585467,3576,3575,3024,1842,0,-0.009537207
Warm A,577719,3528,3527,3024,1842,0,-0.0034893188
Warm A,574252,3516,3515,3024,1842,1,-0.014702227
Warm A,568909,3491,3490,3024,1842,1,-0.006637875
Warm A,657026,3961,3960,3024,1842,0,-0.0026564559
Warm A,542895,3341,3340,3024,1842,0,-0.004450766
Warm A,520970,3216,3215,3024,1842,0,-0.0015319274
Warm A,517572,3195,3194,3024,1842,1,-0.0050163595
Warm A,565953,3476,3475,3024,1842,0,-0.0075410632
Warm A,505507,3110,3109,3024,1842,0,-0.0047841473
Warm A,575063,3519,3518,3024,1842,0,0.0034318091
Warm A,695718,4169,4168,3024,1842,1,-0.008573231
Warm A,601523,3658,3657,3024,1842,0,0.0031856836
Warm A,473125,2909,2908,3024,1842,1,0.010013027
Warm A,462993,2857,2856,3024,1842,0,0.0032056388
Warm A,462194,2852,2851,3024,1842,1,-0.0010300148
Warm A,457593,2820,2819,3024,1842,0,-0.0057986104
Warm A,426359,2590,2589,3024,1842,0,-0.0040444355
Warm A,425570,2583,2582,3024,1842,0,-0.0051085376
Warm A,409445,2457,2456,3024,1842,0,-0.007937774
Warm A,388805,2279,2278,3024,1842,0,-0.00758967
Warm A,381112,2228,2227,3024,1842,0,0.0044273515
Warm A,370624,2167,2166,3024,1842,0,-0.004181108
Warm A,366352,2132,2131,3024,1842,0,-0.0050189635
Warm A,361355,2109,2108,3024,1842,0,0.0011532237
Warm A,324257,1922,1921,3024,1842,0,-0.002671395
Warm A,325980,1930,1929,3024,1842,0,0.009429325
Warm A,310970,1852,1851,3024,1842,0,-0.010403141
Warm A,297260,1764,1763,3024,1842,0,-0.0037420145
Warm A,295906,1757,1756,3024,1842,0,-0.00095269736
Warm A,293062,1746,1745,3024,1842,1,-0.0018071963
Warm A,300112,1780,1779,3024,1842,0,0.00093572447
Warm A,288192,1722,1721,3024,1842,1,0.0026034995
Warm A,292068,1741,1740,3024,1842,0,-0.0077810204
Warm A,278515,1680,1679,3024,1842,1,-0.002506868
Warm A,261328,1598,1597,3024,1842,0,-0.0029065865
Warm A,247471,1496,1495,3024,1842,0,0.006594678
Warm A,236880,1440,1439,3024,1842,0,-0.0028138803
Warm A,245413,1483,1482,3024,1842,0,-0.004683762
Warm A,224424,1357,1356,3024,1842,0,0.0015226859
Warm A,221027,1340,1339,3024,1842,0,0.00023409817
Warm A,216154,1312,1311,3024,1842,0,-0.0049784854
Warm A,272591,1647,1646,3024,1842,0,-0.0036763411
Warm A,538340,3313,3312,3024,1842,0,-0.008848541
Warm A,294113,1749,1748,3024,1842,0,-0.0018073041
Warm A,196097,1206,1205,3024,1842,1,-0.0055600135
Warm A,327480,1941,1940,3024,1842,0,0.00043154368
Warm A,175268,1112,1111,3024,1842,0,-0.009332945
Warm A,355400,2079,2078,3024,1842,1,-0.0015510388
Warm A,159067,1017,1016,3024,1842,0,0.0042086197
Warm A,156466,1010,1009,3024,1842,0,-0.0014855652
Warm A,436089,2665,2664,3024,1842,0,-0.0066031916
Warm A,270694,1639,1638,3024,1842,0,-0.016190669
Warm A,142592,920,919,3024,1842,0,0.00053776125
Warm A,133961,869,868,3024,1842,0,-0.0040083043
Warm A,133128,859,858,3024,1842,1,-0.00083100446
Warm A,132943,858,857,3024,1842,0,0.005362358
Warm A,176359,1115,1114,3024,1842,0,-0.0072691655
Warm A,314868,1880,1879,3024,1842,0,-0.005420275
Warm A,113171,735,734,3024,1842,0,-0.0060214275
Warm A,130427,846,845,3024,1842,0,0.004337576
Warm A,99200,661,660,3024,1842,0,-0.003189102
Warm A,351307,2063,2062,3024,1842,0,-0.0064347708
Warm A,85995,563,562,3024,1842,0,-0.0072978335
Warm A,190291,1181,1180,3024,1842,0,-0.012902319
Warm A,75541,514,513,3024,1842,0,-0.0033864663
Warm A,66448,445,444,3024,1842,0,-0.006068593
Warm A,45148,305,304,3024,1842,0,0.0031342895
Warm A,41134,278,277,3024,1842,0,-0.0027925973
Warm A,98531,660,659,3024,1842,0,-0.000259744
Warm A,29567,202,201,3024,1842,0,-0.0067846486
Warm A,192634,1186,1185,3024,1842,1,0.00853982
Warm A,14321,117,116,3024,1842,1,-0.0063435007
Warm A,8317,58,57,3024,1842,0,-0.0134438
Warm A,552004,3401,3400,3024,1842,0,0.0032644696
Warm A,432502,2638,2637,3024,1842,0,0.000101372134
Warm A,234667,1425,1424,3024,1842,0,0.001532604
Warm A,289917,1733,1732,3024,1842,0,-0.0018015386
Warm A,27842,195,194,3024,1842,0,0.001383339
Warm A,763736,4543,4542,3024,1842,0,-0.006523514
Warm A,744639,4448,4447,3024,1842,0,-0.0046251304
Warm A,115788,752,751,3024,1842,0,-0.011538864
Warm A,553662,3410,3409,3024,1842,0,-0.002855075
Warm A,801253,4802,4801,3024,1842,1,-0.000413883
Warm A,879743,5317,5316,3024,1842,0,-0.0048259273
Warm A,310503,1851,1850,3024,1842,0,-0.0037961933
Warm A,621848,3768,3767,3024,1842,0,-0.0020421383
Warm A,362394,2114,2113,3024,1842,0,0.008666409
Warm A,136219,881,880,3024,1842,0,-0.0053736726
Warm A,62466,424,423,3024,1842,1,-0.0033480478
Warm A,322004,1912,1911,3024,1842,0,-0.007580712
Warm A,632858,3824,3823,3024,1842,0,-0.0040316014
Warm A,489097,3012,3011,3024,1842,0,-0.0022472092
Warm A,695719,4169,4168,3028,1843,1,0.0018512863
Warm A,474574,2913,2912,3028,1843,0,0.005852311
Warm A,466556,2878,2877,3028,1843,1,-0.002776062
Warm A,462438,2854,2853,3028,1843,1,0.0024207246
Warm A,455705,2807,2806,3028,1843,0,0.0067966795
Warm A,447760,2761,2760,3028,1843,0,0.004341423
Warm A,469783,2895,2894,3028,1843,1,-0.0055423845
Warm A,446655,2753,2752,3028,1843,0,-0.00069866143
Warm A,445868,2750,2749,3028,1843,1,0.0024512
Warm A,426765,2592,2591,3028,1843,0,0.00041137962
Warm A,425899,2585,2584,3028,1843,0,0.0039666817
Warm A,421447,2546,2545,3028,1843,0,0.011864454
Warm A,419557,2537,2536,3028,1843,1,0.0078112655
Warm A,418381,2529,2528,3028,1843,1,-0.002846055
Warm A,463976,2860,2859,3028,1843,1,3.615301e-05
Warm A,395725,2340,2339,3028,1843,1,-0.005722364
Warm A,386917,2263,2262,3028,1843,0,0.0010508457
Warm A,382691,2237,2236,3028,1843,1,0.00042889453
Warm A,381476,2231,2230,3028,1843,0,0.0013128615
Warm A,377049,2203,2202,3028,1843,1,0.0034787036
Warm A,356227,2088,2087,3028,1843,1,0.0008367095
Warm A,353855,2073,2072,3028,1843,0,-0.004580868
Warm A,342123,2015,2014,3028,1843,1,-0.000939775
Warm A,278516,1680,1679,3028,1843,1,-0.0002215855
Warm A,258852,1586,1585,3028,1843,1,0.0022956394
Warm A,436090,2665,2664,3028,1843,0,-0.004609733
Warm A,230722,1396,1395,3028,1843,1,0.002893852
Warm A,231530,1404,1403,3028,1843,0,-0.007560543
Warm A,357174,2092,2091,3028,1843,0,0.0024322148
Warm A,208175,1273,1272,3028,1843,1,0.00025185267
Warm A,199217,1224,1223,3028,1843,1,-0.0015409712
Warm A,316067,1883,1882,3028,1843,0,0.0073176874
Warm A,212360,1294,1293,3028,1843,1,0.00332218
Warm A,182630,1140,1139,3028,1843,1,-0.009047452
Warm A,345998,2030,2029,3028,1843,1,-0.002468902
Warm A,168808,1071,1070,3028,1843,1,-0.01210334
Warm A,167618,1068,1067,3028,1843,0,-0.0055954326
Warm A,271979,1645,1644,3028,1843,1,-0.0068552587
Warm A,190293,1181,1180,3028,1843,0,0.0015375698
Warm A,157672,1015,1014,3028,1843,1,-0.0043739923
Warm A,146770,948,947,3028,1843,1,0.00081347
Warm A,140119,899,898,3028,1843,1,-0.010311938
Warm A,712643,4277,4276,3028,1843,0,-0.004083003
Warm A,137666,889,888,3028,1843,0,0.00080619846
Warm A,135140,875,874,3028,1843,0,-0.0042829895
Warm A,314869,1880,1879,3028,1843,0,-0.0076318667
Warm A,112203,731,730,3028,1843,1,-0.0002034558
Warm A,106580,702,701,3028,1843,1,0.0036719663
Warm A,97659,655,654,3028,1843,1,-0.010297005
Warm A,339035,1998,1997,3028,1843,1,0.0015929552
Warm A,159734,1019,1018,3028,1843,0,0.0006595189
Warm A,83795,550,549,3028,1843,1,0.0004719277
Warm A,81416,543,542,3028,1843,1,-0.0028085103
Warm A,64902,436,435,3028,1843,1,0.006777389
Warm A,64719,434,433,3028,1843,1,0.002051515
Warm A,51751,340,339,3028,1843,0,-0.0076639643
Warm A,25195,178,177,3028,1843,1,0.0030811497
Warm A,19153,148,147,3028,1843,1,0.005169991
Warm A,18005,139,138,3028,1843,0,0.0022492479
Warm A,17377,136,135,3028,1843,0,0.0039549135
Warm A,13654,109,108,3028,1843,1,0.007135475
Warm A,657349,3963,3962,3028,1843,1,-0.008320171
Warm A,6011,44,43,3028,1843,1,-0.006132718
Warm A,4125,31,30,3028,1843,1,0.0008084262
Warm A,60468,411,410,3028,1843,1,-0.0039412454
Warm A,512521,3163,3162,3028,1843,1,0.0011994238
Warm A,237543,1447,1446,3028,1843,0,-0.0033262442
Warm A,347811,2041,2040,3028,1843,0,0.008322398
Warm A,828495,4979,4978,3028,1843,1,-0.0056609977
Warm A,256025,1561,1560,3028,1843,0,-0.0065419218
Warm A,582723,3560,3559,3028,1843,1,-0.006181058
Warm A,599000,3648,3647,3028,1843,0,-0.014015971
Warm A,141306,911,910,3028,1843,1,-0.0029121905
Warm A,820846,4934,4933,3028,1843,1,-0.009232011
Warm A,319089,1897,1896,3028,1843,1,0.012609758
Warm A,821506,4940,4939,3028,1843,1,0.004190564
Warm A,966481,5831,5830,3028,1843,1,-0.0064111035
Warm A,958726,5787,5786,3028,1843,0,-0.0032352577
Warm A,933278,5636,5635,3028,1843,0,-0.00017108489
Warm A,663708,3999,3998,3029,1844,1,0.011901228
Warm A,680187,4078,4077,3029,1844,0,0.0070131663
Warm A,651164,3929,3928,3029,1844,0,0.007458898
Warm A,648008,3902,3901,3029,1844,1,0.012854038
Warm A,648174,3903,3902,3029,1844,0,0.0069058547
Warm A,636727,3836,3835,3029,1844,1,0.0012426064
Warm A,632859,3824,3823,3029,1844,0,0.016361406
Warm A,632187,3823,3822,3029,1844,1,0.005095987
Warm A,630535,3815,3814,3029,1844,0,-0.0036489838
Warm A,628998,3808,3807,3029,1844,0,0.023204388
Warm A,637656,3841,3840,3029,1844,0,0.009213721
Warm A,623205,3771,3770,3029,1844,0,0.009908673
Warm A,725050,4344,4343,3029,1844,0,0.0119901635
Warm A,596248,3626,3625,3029,1844,0,0.010087149
Warm A,587624,3589,3588,3029,1844,1,0.018197581
Warm A,585470,3576,3575,3029,1844,1,0.010559686
Warm A,593278,3618,3617,3029,1844,0,0.010422148
Warm A,548837,3389,3388,3029,1844,0,0.008832653
Warm A,645046,3885,3884,3029,1844,1,0.008834149
Warm A,567215,3483,3482,3029,1844,1,0.012667235
Warm A,539521,3319,3318,3029,1844,0,0.004101348
Warm A,538800,3314,3313,3029,1844,1,0.005161803
Warm A,536760,3311,3310,3029,1844,0,0.0061246296
Warm A,534562,3300,3299,3029,1844,0,0.009469339
Warm A,530627,3279,3278,3029,1844,0,0.0038669817
Warm A,527993,3265,3264,3029,1844,0,0.0076059704
Warm A,522104,3224,3223,3029,1844,1,0.010373842
Warm A,508422,3129,3128,3029,1844,1,0.013496953
Warm A,501634,3081,3080,3029,1844,1,0.012122313
Warm A,493718,3032,3031,3029,1844,0,0.006710343
Warm A,491528,3024,3023,3029,1844,0,0.008289356
Warm A,490524,3018,3017,3029,1844,1,0.019693078
Warm A,486118,2994,2993,3029,1844,0,0.0018291445
Warm A,599690,3650,3649,3029,1844,1,0.01783399
Warm A,695721,4169,4168,3029,1844,1,0.00917122
Warm A,473128,2909,2908,3029,1844,0,0.009198414
Warm A,462995,2857,2856,3029,1844,0,0.0057253847
Warm A,453427,2793,2792,3029,1844,1,0.012590951
Warm A,452384,2786,2785,3029,1844,0,0.006616479
Warm A,446264,2752,2751,3029,1844,0,0.019740144
Warm A,442995,2731,2730,3029,1844,0,0.009419069
Warm A,436092,2665,2664,3029,1844,0,0.012208278
Warm A,431323,2628,2627,3029,1844,1,0.011694973
Warm A,431533,2629,2628,3029,1844,1,0.003921161
Warm A,426360,2590,2589,3029,1844,0,0.011511861
Warm A,425572,2583,2582,3029,1844,0,0.0015229303
Warm A,415190,2500,2499,3029,1844,1,-0.00064166705
Warm A,410605,2463,2462,3029,1844,0,0.005238178
Warm A,449256,2771,2770,3029,1844,0,0.009876147
Warm A,402113,2402,2401,3029,1844,1,0.010973193
Warm A,388807,2279,2278,3029,1844,0,0.0065162284
Warm A,387453,2265,2264,3029,1844,1,0.014806829
Warm A,382692,2237,2236,3029,1844,1,0.006185799
Warm A,377050,2203,2202,3029,1844,1,0.006052306
Warm A,369734,2164,2163,3029,1844,1,0.009534605
Warm A,394121,2323,2322,3029,1844,0,0.0077643385
Warm A,356970,2091,2090,3029,1844,1,0.0028898483
Warm A,355401,2079,2078,3029,1844,0,0.008133765
Warm A,337622,1985,1984,3029,1844,0,-0.0018860084
Warm A,336828,1983,1982,3029,1844,0,0.012580463
Warm A,329936,1947,1946,3029,1844,0,0.01912025
Warm A,313694,1873,1872,3029,1844,0,0.0068657524
Warm A,313383,1870,1869,3029,1844,0,0.01085929
Warm A,298282,1768,1767,3029,1844,0,0.0031413278
Warm A,297262,1764,1763,3029,1844,1,0.018059012
Warm A,289137,1727,1726,3029,1844,1,0.01306726
Warm A,291085,1737,1736,3029,1844,0,0.010475934
Warm A,293523,1748,1747,3029,1844,1,0.005747129
Warm A,292070,1741,1740,3029,1844,0,0.012249469
Warm A,288738,1726,1725,3029,1844,0,0.021699628
Warm A,278518,1680,1679,3029,1844,1,0.0038151154
Warm A,268726,1632,1631,3029,1844,0,0.01734202
Warm A,332337,1961,1960,3029,1844,0,-0.001686336
Warm A,259972,1591,1590,3029,1844,1,0.0029563545
Warm A,248036,1497,1496,3029,1844,0,0.0139061995
Warm A,350619,2059,2058,3029,1844,0,0.015712243
Warm A,283071,1696,1695,3029,1844,0,0.014059129
Warm A,356745,2090,2089,3029,1844,1,0.0144396145
Warm A,226924,1377,1376,3029,1844,0,0.01877093
Warm A,230034,1392,1391,3029,1844,0,0.009224159
Warm A,270695,1639,1638,3029,1844,1,0.01078737
Warm A,323592,1920,1919,3029,1844,0,0.01074341
Warm A,219662,1333,1332,3029,1844,1,0.0064260797
Warm A,220637,1338,1337,3029,1844,1,0.0055685546
Warm A,214224,1301,1300,3029,1844,1,0.0063699447
Warm A,267083,1624,1623,3029,1844,0,0.0047249505
Warm A,190294,1181,1180,3029,1844,0,0.012887875
Warm A,307132,1835,1834,3029,1844,1,0.010566364
Warm A,179946,1127,1126,3029,1844,0,0.0070624338
Warm A,204384,1260,1259,3029,1844,1,0.010927086
Warm A,165098,1053,1052,3029,1844,1,0.0010247781
Warm A,163232,1044,1043,3029,1844,0,0.010215637
Warm A,162442,1035,1034,3029,1844,0,0.0035461409
Warm A,159070,1017,1016,3029,1844,0,0.011768641
Warm A,275354,1667,1666,3029,1844,1,0.011998908
Warm A,151364,974,973,3029,1844,0,0.0033760434
Warm A,146772,948,947,3029,1844,1,-0.0011804474
Warm A,144019,929,928,3029,1844,0,0.014502794
Warm A,156468,1010,1009,3029,1844,0,0.017660124
Warm A,712645,4277,4276,3029,1844,0,0.012822901
Warm A,137668,889,888,3029,1844,0,0.012646223
Warm A,133513,863,862,3029,1844,0,0.005084896
Warm A,154700,999,998,3029,1844,0,0.020053186
Warm A,314871,1880,1879,3029,1844,0,0.015452832
Warm A,126440,817,816,3029,1844,0,0.016380567
Warm A,147270,949,948,3029,1844,1,0.012482416
Warm A,124693,802,801,3029,1844,1,0.012381683
Warm A,124390,801,800,3029,1844,1,0.0045411163
Warm A,210498,1285,1284,3029,1844,1,0.010211701
Warm A,112812,732,731,3029,1844,1,0.012135513
Warm A,239582,1449,1448,3029,1844,0,0.010123951
Warm A,106581,702,701,3029,1844,1,0.0067702164
Warm A,479952,2946,2945,3029,1844,0,-0.006359631
Warm A,150362,970,969,3029,1844,0,0.011718737
Warm A,82655,549,548,3029,1844,0,0.0055481074
Warm A,80646,536,535,3029,1844,0,0.010843838
Warm A,81418,543,542,3029,1844,1,0.015223461
Warm A,71018,477,476,3029,1844,0,0.008501871
Warm A,40975,275,274,3029,1844,0,0.009132608
Warm A,36180,245,244,3029,1844,0,0.003960144
Warm A,31731,216,215,3029,1844,0,0.013863005
Warm A,19156,148,147,3029,1844,1,0.017264443
Warm A,14325,117,116,3029,1844,0,0.0077813077
Warm A,15342,123,122,3029,1844,0,0.010127881
Warm A,13383,105,104,3029,1844,1,0.0036428887
Warm A,552007,3401,3400,3029,1844,0,0.01238676
Warm A,687943,4116,4115,3029,1844,1,0.0076869326
Warm A,62469,424,423,3029,1844,1,0.008031497
Warm A,327483,1941,1940,3029,1844,0,0.010017499
Warm A,531918,3285,3284,3029,1844,1,0.007721344
Warm A,643483,3878,3877,3036,1850,1,0.001934854
Warm A,632877,3824,3823,3036,1850,1,-0.004884665
Warm A,629013,3808,3807,3036,1850,0,0.010694925
Warm A,637672,3841,3840,3036,1850,1,0.005739514
Warm A,625391,3780,3779,3036,1850,1,0.008719317
Warm A,612203,3712,3711,3036,1850,0,0.014707361
Warm A,610807,3705,3704,3036,1850,1,0.015388276
Warm A,598036,3641,3640,3036,1850,1,0.006639939
Warm A,596258,3626,3625,3036,1850,0,0.0021513086
Warm A,583159,3562,3561,3036,1850,0,0.007657628
Warm A,580769,3547,3546,3036,1850,0,0.002754317
Warm A,744653,4448,4447,3036,1850,1,0.011015496
Warm A,568917,3491,3490,3036,1850,0,0.023091529
Warm A,563557,3469,3468,3036,1850,0,0.004953317
Warm A,549672,3391,3390,3036,1850,0,0.006033299
Warm A,547788,3380,3379,3036,1850,0,0.010601308
Warm A,542897,3341,3340,3036,1850,1,0.016062085
Warm A,536771,3311,3310,3036,1850,0,0.010081076
Warm A,638853,3842,3841,3036,1850,0,0.0011972762
Warm A,535734,3308,3307,3036,1850,0,0.013643548
Warm A,530775,3280,3279,3036,1850,0,0.012292705
Warm A,565970,3476,3475,3036,1850,1,0.0043918015
Warm A,513423,3167,3166,3036,1850,1,0.0072792787
Warm A,816015,4899,4898,3036,1850,0,0.011701492
Warm A,505514,3110,3109,3036,1850,0,0.0060382816
Warm A,504976,3108,3107,3036,1850,1,0.004359401
Warm A,483899,2976,2975,3036,1850,1,0.010484725
Warm A,695733,4169,4168,3036,1850,0,0.006509835
Warm A,469529,2892,2891,3036,1850,0,-0.007785162
Warm A,469150,2889,2888,3036,1850,1,-0.0038619647
Warm A,468213,2887,2886,3036,1850,0,0.0034862938
Warm A,453435,2793,2792,3036,1850,0,0.011194423
Warm A,447770,2761,2760,3036,1850,1,0.0058290637
Warm A,564115,3471,3470,3036,1850,0,0.012540586
Warm A,433468,2643,2642,3036,1850,1,0.011715172
Warm A,433072,2641,2640,3036,1850,1,0.009354414
Warm A,430393,2624,2623,3036,1850,0,0.012930348
Warm A,415443,2503,2502,3036,1850,1,0.007562128
Warm A,409068,2456,2455,3036,1850,1,0.005340093
Warm A,402122,2402,2401,3036,1850,1,0.01233425
Warm A,397822,2360,2359,3036,1850,1,-0.0024726638
Warm A,388814,2279,2278,3036,1850,0,0.0034992723
Warm A,377058,2203,2202,3036,1850,1,0.017274603
Warm A,356235,2088,2087,3036,1850,1,0.002222157
Warm A,327106,1939,1938,3036,1850,0,-0.009289748
Warm A,318273,1891,1890,3036,1850,1,0.0052989153
Warm A,316556,1884,1883,3036,1850,1,0.013212299
Warm A,290854,1736,1735,3036,1850,0,-0.0016918646
Warm A,274739,1661,1660,3036,1850,1,-0.005401057
Warm A,289148,1727,1726,3036,1850,1,0.003266674
Warm A,275997,1671,1670,3036,1850,1,0.0077326503
Warm A,278541,1680,1679,3036,1850,1,0.019622162
Warm A,268742,1632,1631,3036,1850,0,0.01365329
Warm A,242564,1465,1464,3036,1850,0,0.009554547
Warm A,224609,1358,1357,3036,1850,0,0.0028363296
Warm A,221038,1340,1339,3036,1850,0,0.012608375
Warm A,218504,1325,1324,3036,1850,1,0.013273135
Warm A,262078,1600,1599,3036,1850,0,-0.005594141
Warm A,217662,1321,1320,3036,1850,0,0.010702014
Warm A,214615,1303,1302,3036,1850,1,0.0030489543
Warm A,236662,1437,1436,3036,1850,1,0.0052070543
Warm A,189670,1176,1175,3036,1850,1,0.018420031
Warm A,194657,1202,1201,3036,1850,0,0.006055653
Warm A,168811,1071,1070,3036,1850,1,0.017771456
Warm A,157690,1015,1014,3036,1850,0,0.007957189
Warm A,152659,983,982,3036,1850,1,-0.010397191
Warm A,839139,5046,5045,3036,1850,1,0.014906252
Warm A,151452,975,974,3036,1850,0,0.014813976
Warm A,143792,928,927,3036,1850,0,0.009645454
Warm A,156482,1010,1009,3036,1850,0,0.0011981745
Warm A,199228,1224,1223,3036,1850,1,0.019520257
Warm A,130950,850,849,3036,1850,0,-0.0010107639
Warm A,127615,824,823,3036,1850,0,0.008074687
Warm A,115243,749,748,3036,1850,0,-0.0052701416
Warm A,118213,765,764,3036,1850,0,0.008716964
Warm A,98541,660,659,3036,1850,0,-0.0007295655
Warm A,96863,651,650,3036,1850,1,0.013246687
Warm A,94807,637,636,3036,1850,0,0.0056672427
Warm A,94081,631,630,3036,1850,1,0.007774703
Warm A,92101,613,612,3036,1850,0,0.0037280424
Warm A,240915,1451,1450,3036,1850,1,0.0066969264
Warm A,151158,973,972,3036,1850,0,0.012375224
Warm A,283816,1698,1697,3036,1850,0,0.004552016
Warm A,190315,1181,1180,3036,1850,0,0.005312765
Warm A,170733,1087,1086,3036,1850,0,0.00043081818
Warm A,76960,523,522,3036,1850,0,0.007718305
Warm A,73593,499,498,3036,1850,0,0.005562075
Warm A,259916,1590,1589,3036,1850,0,0.008444282
Warm A,71724,482,481,3036,1850,1,0.0098543
Warm A,53433,352,351,3036,1850,1,0.0072484533
Warm A,51077,337,336,3036,1850,1,0.010965364
Warm A,50823,335,334,3036,1850,0,0.00048608799
Warm A,49136,329,328,3036,1850,0,0.008054737
Warm A,34571,235,234,3036,1850,0,0.01107641
Warm A,36205,245,244,3036,1850,0,0.016072126
Warm A,25143,177,176,3036,1850,1,0.0069417884
Warm A,21413,157,156,3036,1850,1,0.018435866
Warm A,14338,117,116,3036,1850,0,0.0112421345
Warm A,1389,13,12,3036,1850,0,0.005362155
Warm A,233842,1422,1421,3036,1850,0,0.018999638
Warm A,686397,4107,4106,3036,1850,1,0.004071855
Warm A,432510,2638,2637,3036,1850,0,0.006394238
Warm A,385945,2258,2257,3036,1850,0,0.006726439
Warm A,288391,1723,1722,3036,1850,0,0.004682939
Warm A,621862,3768,3767,3036,1850,0,0.019453676
Warm A,327509,1941,1940,3036,1850,0,0.015006282
Warm A,958735,5787,5786,3036,1850,1,0.005781302
Warm A,229525,1390,1389,3036,1850,0,0.012006609
Warm A,24188,173,172,3036,1850,0,0.0004664152
Warm A,657361,3963,3962,3036,1850,1,0.0060540875
Warm A,587634,3589,3588,3036,1850,0,0.015940953
Warm A,62489,424,423,3036,1850,1,0.018205112
Warm A,216753,1317,1316,3036,1850,1,0.008603945
Warm A,763742,4543,4542,3036,1850,1,0.013637632
Warm A,184793,1150,1149,3038,1852,0,0.0074460027
Warm A,318862,1896,1895,3038,1852,1,-0.0058093346
Warm A,134951,873,872,3038,1852,1,-0.006295887
Warm A,267088,1624,1623,3038,1852,1,0.0032953608
Warm A,48761,327,326,3038,1852,1,0.0001735515
Warm A,66948,451,450,3038,1852,1,-0.005215185
Warm A,46718,314,313,3038,1852,1,0.0026067279
Warm A,316559,1884,1883,3038,1852,1,0.006064106
Warm A,192640,1186,1185,3038,1852,1,-0.0010803877
Warm A,523800,3229,3228,3038,1852,0,0.0029213754
Warm A,357193,2092,2091,3038,1852,1,0.0071207914
Warm A,322022,1912,1911,3038,1852,0,0.0035194156
Warm A,293533,1748,1747,3038,1852,1,-0.0025395267
Warm A,24189,173,172,3038,1852,1,0.0041258414
Warm A,351348,2063,2062,3041,1855,0,0.009593697
Warm A,82695,549,548,3041,1855,0,0.001758754
Warm A,77149,524,523,3041,1855,0,0.0030246817
Warm A,70350,475,474,3041,1855,0,-0.0017645119
Warm A,31784,216,215,3041,1855,0,0.0085429745
Warm A,239629,1449,1448,3041,1855,0,0.0057879146
Warm A,25072,176,175,3041,1855,0,0.0029439738
Warm A,238542,1448,1447,3041,1855,0,0.0019235396
Warm A,269677,1635,1634,3041,1855,0,-0.00018867059
Warm A,432515,2638,2637,3041,1855,0,-0.0052609844
Warm A,828521,4979,4978,3041,1855,0,0.0050179125
Warm A,495116,3038,3037,3041,1855,0,0.007787449
Warm A,699550,4186,4185,3041,1855,0,-0.005968582
Warm A,954178,5761,5760,3042,1856,0,0.0011214134
Warm A,828522,4979,4978,3042,1856,0,0.017333597
Warm A,719879,4312,4311,3042,1856,0,0.0066760546
Warm A,549694,3391,3390,3042,1856,0,0.016260749
Warm A,327542,1941,1940,3042,1856,0,0.020714434
Warm A,446685,2753,2752,3045,1858,0,0.0028191297
Warm A,443678,2737,2736,3045,1858,1,0.010598354
Warm A,416320,2507,2506,3045,1858,0,0.009821352
Warm A,409080,2456,2455,3045,1858,0,0.004961633
Warm A,400220,2383,2382,3045,1858,0,0.009419047
Warm A,395746,2340,2339,3045,1858,1,-0.0011676732
Warm A,393831,2320,2319,3045,1858,0,-0.00044239708
Warm A,392675,2305,2304,3045,1858,0,0.0014986234
Warm A,382702,2237,2236,3045,1858,0,0.005081203
Warm A,364543,2124,2123,3045,1858,0,0.014387207
Warm A,318597,1894,1893,3045,1858,0,0.0048378636
Warm A,287050,1714,1713,3045,1858,0,0.0062519433
Warm A,262090,1600,1599,3045,1858,0,0.0026643805
Warm A,259271,1587,1586,3045,1858,0,0.0019938014
Warm A,253848,1544,1543,3045,1858,0,0.00920096
Warm A,357212,2092,2091,3045,1858,0,0.01685774
Warm A,335430,1980,1979,3045,1858,0,0.017449193
Warm A,276017,1671,1670,3045,1858,0,0.0098113455
Warm A,278576,1680,1679,3045,1858,1,0.010250328
Warm A,184817,1150,1149,3045,1858,0,0.011791754
Warm A,201329,1242,1241,3045,1858,0,0.002404597
Warm A,173479,1100,1099,3045,1858,0,0.008384403
Warm A,262961,1605,1604,3045,1858,1,0.008888939
Warm A,168208,1069,1068,3045,1858,0,0.010228676
Warm A,327545,1941,1940,3045,1858,1,0.009956978
Warm A,334417,1974,1973,3045,1858,0,0.009150833
Warm A,272002,1645,1644,3045,1858,1,0.00080819114
Warm A,324278,1922,1921,3045,1858,1,0.009820906
Warm A,130964,850,849,3045,1858,0,-0.00046516757
Warm A,159772,1019,1018,3045,1858,0,0.017473508
Warm A,115814,752,751,3045,1858,1,0.013352787
Warm A,100721,673,672,3045,1858,1,0.0032842257
Warm A,97674,655,654,3045,1858,1,0.012818295
Warm A,86446,566,565,3045,1858,0,0.008920506
Warm A,82699,549,548,3045,1858,0,-0.0011386429
Warm A,83840,550,549,3045,1858,0,0.008376714
Warm A,53457,352,351,3045,1858,0,0.0126841385
Warm A,132237,855,854,3045,1858,0,0.0007027034
Warm A,45159,305,304,3045,1858,1,0.0036202704
Warm A,238546,1448,1447,3045,1858,1,0.0060965475
Warm A,695756,4169,4168,3045,1858,1,0.022252757
Warm A,26265,187,186,3045,1858,1,0.0065938756
Warm A,10599,76,75,3045,1858,1,0.005240552
Warm A,49163,329,328,3045,1858,0,0.0062935418
Warm A,7503,53,52,3045,1858,1,-0.0030175736
Warm A,6271,45,44,3045,1858,0,-0.0011472767
Warm A,347842,2041,2040,3045,1858,0,0.011936275
Warm A,157720,1015,1014,3045,1858,0,0.0005190001
Warm A,892782,5394,5393,3045,1858,0,0.0075723818
Warm A,828524,4979,4978,3045,1858,0,0.003808422
Warm A,101905,678,677,3045,1858,1,0.014936493
Warm A,201923,1243,1242,3045,1858,0,0.015668442
Warm A,195195,1203,1202,3045,1858,0,0.0093461815
Warm A,878866,5312,5311,3045,1858,1,0.015283056
Warm A,992854,5998,5997,3045,1858,0,0.008198297
Warm A,388017,2271,2270,3045,1858,0,0.012177476
Warm A,285120,1701,1700,3045,1858,1,0.009799122
Warm A,857789,5156,5155,3045,1858,1,0.004093243
Warm A,202291,1244,1243,3046,1859,0,0.00720298
Warm A,225972,1369,1368,3046,1859,1,-0.00090276985
Warm A,161259,1029,1028,3046,1859,1,-9.323849e-05
Warm A,151461,975,974,3046,1859,1,0.003585103
Warm A,184820,1150,1149,3046,1859,0,-0.00071591267
Warm A,137719,889,888,3046,1859,0,-0.00074839685
Warm A,407131,2446,2445,3046,1859,1,0.0064399536
Warm A,124404,801,800,3046,1859,1,0.0068498207
Warm A,123666,797,796,3046,1859,1,0.0030515948
Warm A,111480,726,725,3046,1859,1,-0.003680451
Warm A,112234,731,730,3046,1859,1,0.005416807
Warm A,228746,1386,1385,3046,1859,1,-9.829446e-05
Warm A,87173,570,569,3046,1859,0,-0.008089237
Warm A,319118,1897,1896,3046,1859,0,0.0096708955
Warm A,74562,509,508,3046,1859,0,0.0139390845
Warm A,41411,281,280,3046,1859,0,0.008138085
Warm A,31469,214,213,3046,1859,1,0.014138237
Warm A,17406,136,135,3046,1859,0,0.00712391
Warm A,393,5,4,3046,1859,0,-0.0034609167
Warm A,49166,329,328,3046,1859,0,0.011181764
Warm A,753206,4489,4488,3046,1859,1,0.0055173323
Warm A,859995,5172,5171,3046,1859,1,-0.0017737935
Warm A,497053,3054,3053,3046,1859,0,0.0033868877
Warm A,329105,1943,1942,3046,1859,0,0.007763043
Warm A,195197,1203,1202,3046,1859,1,-0.004028725
Warm A,272004,1645,1644,3048,1860,1,0.0061516603
Warm A,233868,1422,1421,3048,1860,0,0.0029507577
Warm A,79973,533,532,3048,1860,0,-0.00077658426
Warm A,62523,424,423,3048,1860,0,0.00860931
Warm A,36233,245,244,3048,1860,0,-0.0059851445
Warm A,31795,216,215,3048,1860,0,0.003246461
Warm A,269679,1635,1634,3048,1860,0,0.007149121
Warm A,65905,442,441,3048,1860,1,-0.0077768923
Warm A,101909,678,677,3048,1860,0,-0.0050613508
Warm A,335435,1980,1979,3048,1860,0,0.004389966
Warm A,699552,4186,4185,3048,1860,0,0.0070005395
Warm A,639847,3847,3846,3051,1861,0,0.012160848
Warm A,634613,3829,3828,3051,1861,0,0.0077265427
Warm A,597846,3639,3638,3051,1861,0,0.008814171
Warm A,593330,3618,3617,3051,1861,0,0.009434058
Warm A,592803,3614,3613,3051,1861,0,0.014118779
Warm A,575094,3519,3518,3051,1861,0,0.017981566
Warm A,541191,3329,3328,3051,1861,0,0.006230575
Warm A,522166,3224,3223,3051,1861,1,0.0120856725
Warm A,574589,3518,3517,3051,1861,1,0.014846412
Warm A,462463,2854,2853,3051,1861,0,0.006501751
Warm A,456313,2810,2809,3051,1861,0,0.011468057
Warm A,455052,2801,2800,3051,1861,0,0.0053592008
Warm A,432416,2637,2636,3051,1861,1,0.00819917
Warm A,431789,2630,2629,3051,1861,1,0.010514546
Warm A,413130,2485,2484,3051,1861,0,0.006806763
Warm A,466600,2878,2877,3051,1861,1,0.013992421
Warm A,404358,2419,2418,3051,1861,0,0.015529616
Warm A,380107,2223,2222,3051,1861,0,0.013197644
Warm A,376681,2199,2198,3051,1861,0,0.007988264
Warm A,365645,2129,2128,3051,1861,0,0.009212012
Warm A,349199,2050,2049,3051,1861,0,0.007290908
Warm A,345594,2027,2026,3051,1861,1,0.0032061315
Warm A,332461,1962,1961,3051,1861,0,0.006837799
Warm A,332958,1963,1962,3051,1861,1,0.002760353
Warm A,299418,1778,1777,3051,1861,0,0.012257723
Warm A,298504,1770,1769,3051,1861,0,0.020543344
Warm A,278591,1680,1679,3051,1861,0,0.023188904
Warm A,278322,1679,1678,3051,1861,0,0.014670497
Warm A,277385,1676,1675,3051,1861,0,0.013624464
Warm A,267409,1625,1624,3051,1861,0,0.006649345
Warm A,264316,1608,1607,3051,1861,0,0.007167465
Warm A,256224,1563,1562,3051,1861,0,0.013655378
Warm A,631319,3821,3820,3051,1861,0,0.014721619
Warm A,236584,1436,1435,3051,1861,1,0.004197068
Warm A,240943,1451,1450,3051,1861,1,0.016329505
Warm A,225529,1366,1365,3051,1861,0,0.009232442
Warm A,224838,1359,1358,3051,1861,1,0.00878009
Warm A,209329,1279,1278,3051,1861,0,0.00319867
Warm A,189230,1173,1172,3051,1861,0,0.0077615073
Warm A,186452,1153,1152,3051,1861,1,-0.0054706438
Warm A,183046,1141,1140,3051,1861,0,0.012758134
Warm A,191749,1182,1181,3051,1861,0,0.0051715914
Warm A,175136,1110,1109,3051,1861,1,-0.007496589
Warm A,169068,1073,1072,3051,1861,0,0.007946458
Warm A,485492,2988,2987,3051,1861,0,0.009240889
Warm A,175300,1112,1111,3051,1861,0,0.018818235
Warm A,270374,1636,1635,3051,1861,0,0.009193772
Warm A,160814,1022,1021,3051,1861,0,0.006141047
Warm A,155207,1001,1000,3051,1861,0,0.021445947
Warm A,246162,1489,1488,3051,1861,0,0.01467733
Warm A,151469,975,974,3051,1861,0,0.012951647
Warm A,150381,970,969,3051,1861,0,0.016413966
Warm A,146329,941,940,3051,1861,0,0.0068787597
Warm A,128896,838,837,3051,1861,1,0.012409011
Warm A,181839,1137,1136,3051,1861,0,0.011427026
Warm A,127994,828,827,3051,1861,0,0.007604314
Warm A,115824,752,751,3051,1861,0,0.014594158
Warm A,216362,1314,1313,3051,1861,0,0.0033884794
Warm A,105839,699,698,3051,1861,0,0.015951509
Warm A,114200,743,742,3051,1861,0,0.013000705
Warm A,98228,657,656,3051,1861,0,0.004670031
Warm A,64136,429,428,3051,1861,0,0.010686775
Warm A,44261,302,301,3051,1861,0,0.025007581
Warm A,659031,3971,3970,3051,1861,1,0.02169251
Warm A,113680,737,736,3051,1861,0,0.015297739
Warm A,30189,203,202,3051,1861,0,0.0116333105
Warm A,29392,200,199,3051,1861,1,0.011908542
Warm A,291110,1737,1736,3051,1861,0,0.018505163
Warm A,16922,133,132,3051,1861,0,0.00040665572
Warm A,422,5,4,3051,1861,0,0.013483362
Warm A,223290,1354,1353,3051,1861,1,0.014114343
Warm A,6649,48,47,3051,1861,0,0.013370637
Warm A,238557,1448,1447,3051,1861,0,0.007072548
Warm A,79093,531,530,3051,1861,0,0.006125053
Warm A,15400,123,122,3051,1861,1,0.013074502
Warm A,888509,5367,5366,3051,1861,0,0.007314789
Warm A,331286,1958,1957,3051,1861,0,0.013138108
Warm A,537714,3312,3311,3051,1861,1,0.0063221185
Warm A,365434,2127,2126,3051,1861,0,0.0034839348
Warm A,797278,4781,4780,3051,1861,0,0.00692103
Warm A,88283,583,582,3051,1861,1,0.011285754
Warm A,695775,4169,4168,3051,1861,0,0.021040063
Warm A,360449,2106,2105,3051,1861,0,0.0056132786
Warm A,99796,667,666,3051,1861,1,0.004570369
Warm A,882792,5333,5332,3051,1861,0,0.016616965
Warm A,561437,3454,3453,3051,1861,1,0.007176894
Warm A,599016,3648,3647,3051,1861,0,0.012571714
Warm A,187480,1164,1163,3051,1861,0,0.005370785
Warm A,461978,2849,2848,3051,1861,0,0.0067961286
Warm A,484783,2986,2985,3051,1861,0,0.020179506
Warm A,476221,2926,2925,3051,1861,0,-0.0012684356
Warm A,322053,1912,1911,3051,1861,0,0.008664783
Warm A,768576,4579,4578,3051,1861,0,0.017040262
Warm A,434892,2655,2654,3051,1861,0,0.0062929178
Warm A,206240,1265,1264,3051,1861,0,0.0029433048
Warm A,171234,1088,1087,3051,1861,1,0.0135231465
Warm A,534931,3301,3300,3051,1861,0,0.0038346234
Warm A,234711,1425,1424,3051,1861,1,0.01680892
Warm A,262976,1605,1604,3051,1861,0,0.007999571
Warm A,877370,5302,5301,3051,1861,0,0.0024573186
Warm A,974200,5878,5877,3051,1861,1,0.0076666684
Warm A,588325,3590,3589,3054,1864,0,-0.0018001053
Warm A,585510,3576,3575,3054,1864,0,0.0004381449
Warm A,758335,4510,4509,3054,1864,1,0.0007029823
Warm A,573404,3512,3511,3054,1864,0,-0.005435878
Warm A,552054,3401,3400,3054,1864,0,0.006197868
Warm A,551592,3399,3398,3054,1864,0,0.0066659553
Warm A,487546,2999,2998,3054,1864,0,-0.009128985
Warm A,469162,2889,2888,3054,1864,0,0.0008125743
Warm A,486877,2996,2995,3054,1864,0,-0.002184716
Warm A,445496,2748,2747,3054,1864,0,-0.0009808687
Warm A,429985,2621,2620,3054,1864,0,0.009587923
Warm A,409471,2457,2456,3054,1864,0,0.002646752
Warm A,418430,2529,2528,3054,1864,0,0.00079086144
Warm A,383576,2242,2241,3054,1864,1,0.0011123766
Warm A,373314,2180,2179,3054,1864,0,-0.0016080257
Warm A,353900,2073,2072,3054,1864,0,0.009484135
Warm A,345755,2029,2028,3054,1864,0,-0.000387009
Warm A,341389,2012,2011,3054,1864,1,-0.0002482296
Warm A,310405,1850,1849,3054,1864,0,-0.005724987
Warm A,281505,1688,1687,3054,1864,0,0.0023775995
Warm A,276623,1673,1672,3054,1864,1,-0.0054458557
Warm A,277388,1676,1675,3054,1864,0,0.008355698
Warm A,269686,1635,1634,3054,1864,0,0.0017937021
Warm A,247278,1495,1494,3054,1864,0,-0.00594072
Warm A,216167,1312,1311,3054,1864,1,-0.0031202172
Warm A,591710,3610,3609,3054,1864,0,0.010572597
Warm A,250294,1509,1508,3054,1864,0,0.0041765533
Warm A,293084,1746,1745,3054,1864,0,-0.00040268828
Warm A,327564,1941,1940,3054,1864,0,0.008764017
Warm A,331288,1958,1957,3054,1864,0,0.014571508
Warm A,177880,1120,1119,3054,1864,0,0.0008309074
Warm A,225978,1369,1368,3054,1864,0,-0.003618807
Warm A,221997,1343,1342,3054,1864,0,-0.006515149
Warm A,380108,2223,2222,3054,1864,0,0.002268103
Warm A,133755,866,865,3054,1864,0,-0.0036920477
Warm A,133997,869,868,3054,1864,0,-0.0021228236
Warm A,125405,807,806,3054,1864,0,-0.0063403076
Warm A,124159,800,799,3054,1864,1,-0.008311197
Warm A,120967,780,779,3054,1864,0,0.004768919
Warm A,139110,890,889,3054,1864,1,-0.000493424
Warm A,126250,816,815,3054,1864,0,0.010496388
Warm A,107137,705,704,3054,1864,0,0.0016797171
Warm A,102922,681,680,3054,1864,0,0.0017036577
Warm A,100031,669,668,3054,1864,1,-0.00094599894
Warm A,94824,637,636,3054,1864,0,0.0057180426
Warm A,87175,570,569,3054,1864,0,0.0026252656
Warm A,86012,563,562,3054,1864,0,0.0009356637
Warm A,75234,510,509,3054,1864,1,0.008722138
Warm A,86452,566,565,3054,1864,0,0.000107056694
Warm A,72746,490,489,3054,1864,0,-0.00094265747
Warm A,73220,495,494,3054,1864,0,0.0096448315
Warm A,64522,431,430,3054,1864,0,-0.0024023796
Warm A,46389,310,309,3054,1864,0,0.0016298792
Warm A,41673,284,283,3054,1864,0,-0.0010399236
Warm A,55494,368,367,3054,1864,0,0.00072917936
Warm A,291112,1737,1736,3054,1864,0,0.00032421388
Warm A,26115,186,185,3054,1864,0,0.014369008
Warm A,14372,117,116,3054,1864,0,-0.0012817467
Warm A,12246,93,92,3054,1864,0,0.002370819
Warm A,10460,75,74,3054,1864,0,0.0008618084
Warm A,233872,1422,1421,3054,1864,0,0.0045522265
Warm A,354676,2077,2076,3054,1864,0,-0.00475196
Warm A,18581,146,145,3054,1864,0,-0.0004899299
Warm A,56022,372,371,3054,1864,1,-0.006963861
Warm A,358183,2097,2096,3054,1864,0,0.004325674
Warm A,286387,1710,1709,3054,1864,0,-0.002189911
Warm A,934582,5643,5642,3054,1864,0,0.006413243
Warm A,264912,1611,1610,3054,1864,0,0.0012343293
Warm A,101918,678,677,3054,1864,1,0.008090438
Warm A,351365,2063,2062,3054,1864,0,-0.011034553
Warm A,335130,1978,1977,3054,1864,0,0.008461548
Warm A,907557,5492,5491,3054,1864,0,0.0006609494
Warm A,27915,195,194,3054,1864,1,-0.0027365163
Warm A,795434,4765,4764,3054,1864,0,0.004901359
Warm A,136252,881,880,3054,1864,0,0.00049377605
Warm A,342168,2015,2014,3054,1864,0,-0.0017634399
Warm A,631321,3821,3820,3055,1865,0,0.0036303308
Warm A,115827,752,751,3055,1865,1,0.0021997008
Warm A,712692,4277,4276,3055,1865,1,0.0069564437
Warm A,155209,1001,1000,3055,1865,1,0.0020678812
Warm A,39747,270,269,3055,1865,1,0.0009361794
Warm A,33338,225,224,3055,1865,0,0.011890395
Warm A,19824,149,148,3055,1865,1,0.007963155
Warm A,289943,1733,1732,3055,1865,0,0.01435998
Warm A,206634,1266,1265,3055,1865,0,0.010704867
Warm A,157741,1015,1014,3055,1865,1,0.016227731
Warm A,181842,1137,1136,3055,1865,1,0.012184388
Warm A,249752,1505,1504,3055,1865,1,0.0034609085
Warm A,522169,3224,3223,3055,1865,1,0.002945228
Warm A,384431,2246,2245,3055,1865,0,0.007901671
Warm A,254823,1551,1550,3055,1865,1,0.0064524217
Warm A,595664,3624,3623,3055,1865,1,0.011245944
Warm A,49957,331,330,3055,1865,1,0.007000692
Warm A,240946,1451,1450,3055,1865,1,0.004241837
Warm A,234713,1425,1424,3055,1865,1,0.007839937
Warm A,187481,1164,1163,3055,1865,0,0.014438096
Warm A,324843,1925,1924,3055,1865,1,-0.001588407
Warm A,549711,3391,3390,3055,1865,1,0.007638742
Warm A,536814,3311,3310,3063,1869,0,-0.0008922729
Warm A,506533,3118,3117,3063,1869,0,0.008765944
Warm A,549736,3391,3390,3063,1869,0,0.004694701
Warm A,493781,3032,3031,3063,1869,0,0.009011393
Warm A,628500,3807,3806,3063,1869,0,0.004727606
Warm A,490562,3018,3017,3063,1869,0,0.015694138
Warm A,487792,3001,3000,3063,1869,1,0.0066397563
Warm A,480700,2951,2950,3063,1869,1,0.0057123513
Warm A,479981,2946,2945,3063,1869,0,0.014067503
Warm A,470296,2896,2895,3063,1869,0,0.010032704
Warm A,879774,5317,5316,3063,1869,1,0.015449637
Warm A,463034,2857,2856,3063,1869,0,0.009511543
Warm A,457646,2820,2819,3063,1869,0,0.005862773
Warm A,450545,2777,2776,3063,1869,0,0.0039442154
Warm A,443696,2737,2736,3063,1869,0,0.014215632
Warm A,564149,3471,3470,3063,1869,0,0.0043921173
Warm A,429992,2621,2620,3063,1869,0,0.001589206
Warm A,420152,2540,2539,3063,1869,0,0.0025125397
Warm A,398922,2376,2375,3063,1869,0,0.007154831
Warm A,386934,2263,2262,3063,1869,1,0.0082280515
Warm A,373127,2179,2178,3063,1869,0,0.005389965
Warm A,368259,2153,2152,3063,1869,0,0.0009462662
Warm A,360465,2106,2105,3063,1869,0,0.0013325639
Warm A,362698,2116,2115,3063,1869,0,0.013382026
Warm A,364558,2124,2123,3063,1869,1,0.011633186
Warm A,351389,2063,2062,3063,1869,0,0.006409208
Warm A,371532,2172,2171,3063,1869,0,0.011122657
Warm A,339374,1999,1998,3063,1869,0,0.0071377195
Warm A,359890,2105,2104,3063,1869,0,0.0036159423
Warm A,301173,1790,1789,3063,1869,1,0.010486319
Warm A,295936,1757,1756,3063,1869,0,0.007869256
Warm A,274284,1658,1657,3063,1869,1,0.0040270067
Warm A,332470,1962,1961,3063,1869,1,0.013939679
Warm A,231566,1404,1403,3063,1869,0,0.011398068
Warm A,210576,1285,1284,3063,1869,0,0.0036054791
Warm A,277407,1676,1675,3063,1869,0,-0.0016121205
Warm A,209962,1284,1283,3063,1869,0,0.015613174
Warm A,278627,1680,1679,3063,1869,1,0.0069547687
Warm A,184865,1150,1149,3063,1869,0,0.011806885
Warm A,174442,1102,1101,3063,1869,1,0.0034498777
Warm A,179409,1125,1124,3063,1869,1,0.011045865
Warm A,183861,1146,1145,3063,1869,0,0.009044658
Warm A,270716,1639,1638,3063,1869,1,0.0045819427
Warm A,156527,1010,1009,3063,1869,0,0.017522255
Warm A,114697,746,745,3063,1869,0,0.0073989155
Warm A,111250,724,723,3063,1869,0,0.0042679664
Warm A,176706,1117,1116,3063,1869,0,0.00599167
Warm A,110571,721,720,3063,1869,1,0.008043284
Warm A,304655,1812,1811,3063,1869,1,0.012578416
Warm A,90540,601,600,3063,1869,0,0.008329056
Warm A,82740,549,548,3063,1869,0,0.008985219
Warm A,115848,752,751,3063,1869,0,0.019035798
Warm A,70062,474,473,3063,1869,0,0.007655135
Warm A,64782,435,434,3063,1869,0,-0.0017869483
Warm A,132258,855,854,3063,1869,0,0.002142557
Warm A,337940,1988,1987,3063,1869,0,0.0021327662
Warm A,238582,1448,1447,3063,1869,0,0.005310638
Warm A,12254,93,92,3063,1869,0,0.0044742576
Warm A,276038,1671,1670,3063,1869,1,0.013389015
Warm A,7541,53,52,3063,1869,1,0.0016518824
Warm A,3561,26,25,3063,1869,0,0.011115843
Warm A,107677,710,709,3063,1869,0,0.011838708
Warm A,686413,4107,4106,3063,1869,0,0.0071772784
Warm A,626497,3792,3791,3063,1869,0,0.0068049934
Warm A,140611,904,903,3063,1869,0,0.010145797
Warm A,150397,970,969,3063,1869,0,0.010609266
Warm A,777622,4647,4646,3063,1869,0,0.021139953
Warm A,264923,1611,1610,3063,1869,0,0.0076177707
Warm A,963853,5812,5811,3063,1869,0,0.015311012
Warm A,79110,531,530,3063,1869,0,0.0032549752
Warm A,45802,308,307,3063,1869,0,0.013780463
Warm A,923848,5580,5579,3063,1869,0,0.00658986
Warm A,907559,5492,5491,3063,1869,0,0.0065492676
Warm A,454480,2796,2795,3063,1869,0,-0.004646494
Warm A,195216,1203,1202,3063,1869,0,0.010394333
Warm A,331302,1958,1957,3063,1869,0,0.018046271
Warm A,892800,5394,5393,3063,1869,0,0.023566723
Warm A,750174,4477,4476,3063,1869,0,0.009529476
Warm A,860011,5172,5171,3063,1869,0,0.0073747495
Warm A,667255,4016,4015,3066,1870,0,-0.0016269381
Warm A,665644,4007,4006,3066,1870,0,0.0099165635
Warm A,657869,3965,3964,3066,1870,1,-0.0014743118
Warm A,655599,3949,3948,3066,1870,1,-0.0024978567
Warm A,651794,3930,3929,3066,1870,1,0.009184067
Warm A,648924,3910,3909,3066,1870,1,0.0038434034
Warm A,648525,3906,3905,3066,1870,1,-0.0065096132
Warm A,646533,3892,3891,3066,1870,1,-0.0013284866
Warm A,643525,3878,3877,3066,1870,1,0.0018654363
Warm A,641999,3860,3859,3066,1870,1,-0.012304049
Warm A,633876,3825,3824,3066,1870,0,0.006685228
Warm A,637733,3841,3840,3066,1870,1,0.0023475292
Warm A,618821,3751,3750,3066,1870,0,-0.0038614017
Warm A,603975,3675,3674,3066,1870,1,0.0059143715
Warm A,744688,4448,4447,3066,1870,1,0.0029177817
Warm A,693790,4156,4155,3066,1870,1,0.00144992
Warm A,596300,3626,3625,3066,1870,1,-0.0018654291
Warm A,587676,3589,3588,3066,1870,0,-0.0036686803
Warm A,585528,3576,3575,3066,1870,1,-0.0041139796
Warm A,569693,3493,3492,3066,1870,1,0.004680735
Warm A,712714,4277,4276,3066,1870,0,0.012893158
Warm A,563589,3469,3468,3066,1870,1,0.000980038
Warm A,561141,3453,3452,3066,1870,0,-0.0102848075
Warm A,553721,3410,3409,3066,1870,0,0.0031484724
Warm A,548284,3383,3382,3066,1870,1,0.0080977725
Warm A,527829,3263,3262,3066,1870,1,0.010004868
Warm A,524157,3231,3230,3066,1870,1,-0.0011461391
Warm A,566015,3476,3475,3066,1870,1,0.0015393426
Warm A,505533,3110,3109,3066,1870,1,-0.006162402
Warm A,738046,4411,4410,3066,1870,1,0.00057633984
Warm A,529437,3272,3271,3066,1870,1,-0.0056153415
Warm A,479984,2946,2945,3066,1870,1,-0.0015054143
Warm A,479156,2941,2940,3066,1870,1,-0.0017254115
Warm A,477853,2934,2933,3066,1870,0,0.005535823
Warm A,695805,4169,4168,3066,1870,0,0.0036113313
Warm A,473207,2909,2908,3066,1870,1,0.0100710355
Warm A,463039,2857,2856,3066,1870,0,0.004856635
Warm A,439550,2685,2684,3066,1870,1,0.0038630234
Warm A,436151,2665,2664,3066,1870,1,0.010715837
Warm A,437362,2670,2669,3066,1870,1,-0.00018885033
Warm A,430678,2625,2624,3066,1870,1,-0.00031363033
Warm A,645083,3885,3884,3066,1870,0,-0.001931724
Warm A,428219,2605,2604,3066,1870,0,-0.00088373735
Warm A,427200,2593,2592,3066,1870,1,-6.972451e-05
Warm A,423650,2567,2566,3066,1870,1,0.0028534418
Warm A,426800,2592,2591,3066,1870,1,0.0012717685
Warm A,425601,2583,2582,3066,1870,0,-0.004382314
Warm A,415204,2500,2499,3066,1870,1,-0.0033823142
Warm A,412658,2484,2483,3066,1870,0,0.0048471
Warm A,402162,2402,2401,3066,1870,0,-0.003956454
Warm A,404373,2419,2418,3066,1870,0,0.00030420884
Warm A,412025,2478,2477,3066,1870,1,-0.002650123
Warm A,395766,2340,2339,3066,1870,1,0.00738345
Warm A,414431,2496,2495,3066,1870,1,-0.007892518
Warm A,391915,2304,2303,3066,1870,0,-0.0076558124
Warm A,389735,2287,2286,3066,1870,1,-0.004288663
Warm A,393503,2316,2315,3066,1870,1,-0.0054975655
Warm A,388028,2271,2270,3066,1870,1,0.0006950076
Warm A,378642,2211,2210,3066,1870,1,0.007268681
Warm A,376893,2201,2200,3066,1870,1,0.004140081
Warm A,377091,2203,2202,3066,1870,1,-0.0017386166
Warm A,368154,2151,2150,3066,1870,0,0.0052324524
Warm A,350082,2055,2054,3066,1870,1,0.00075006275
Warm A,357241,2092,2091,3066,1870,1,-0.001114249
Warm A,343502,2018,2017,3066,1870,1,-0.005498063
Warm A,380698,2225,2224,3066,1870,0,-0.004183542
Warm A,312200,1861,1860,3066,1870,0,-0.002971136
Warm A,280704,1685,1684,3066,1870,1,0.003260504
Warm A,275383,1667,1666,3066,1870,1,0.00241707
Warm A,293574,1748,1747,3066,1870,1,0.00018023758
Warm A,363715,2119,2118,3066,1870,0,-0.0031424505
Warm A,300165,1780,1779,3066,1870,0,0.00040779012
Warm A,242423,1464,1463,3066,1870,1,-0.001364758
Warm A,231568,1404,1403,3066,1870,1,-0.00060196524
Warm A,242606,1465,1464,3066,1870,1,0.0026358855
Warm A,230052,1392,1391,3066,1870,1,-0.0058253864
Warm A,209337,1279,1278,3066,1870,0,0.00058682624
Warm A,198565,1220,1219,3066,1870,0,0.002256529
Warm A,334437,1974,1973,3066,1870,0,-0.0032360032
Warm A,177444,1119,1118,3066,1870,1,-0.0060995994
Warm A,229155,1389,1388,3066,1870,1,0.00018019974
Warm A,255429,1556,1555,3066,1870,0,-0.00026035402
Warm A,270720,1639,1638,3066,1870,1,0.0006009382
Warm A,146818,948,947,3066,1870,1,0.0046642367
Warm A,137779,889,888,3066,1870,0,0.00467518
Warm A,314949,1880,1879,3066,1870,0,0.0009144172
Warm A,327608,1941,1940,3066,1870,0,0.0026514228
Warm A,113922,739,738,3066,1870,1,-0.00332948
Warm A,239677,1449,1448,3066,1870,0,-0.002670988
Warm A,177895,1120,1119,3066,1870,1,-0.00055756816
Warm A,106631,702,701,3066,1870,0,-0.0015450316
Warm A,96897,651,650,3066,1870,0,0.00016530347
Warm A,96089,646,645,3066,1870,1,0.007067078
Warm A,316605,1884,1883,3066,1870,0,-0.00018654065
Warm A,94833,637,636,3066,1870,1,-0.0026982834
Warm A,283871,1698,1697,3066,1870,0,-0.00241352
Warm A,152833,984,983,3066,1870,1,-0.004649872
Warm A,190402,1181,1180,3066,1870,0,-0.0051306044
Warm A,71499,481,480,3066,1870,1,0.005157571
Warm A,66332,444,443,3066,1870,0,-0.0061691743
Warm A,59706,406,405,3066,1870,1,0.0031445292
Warm A,55229,366,365,3066,1870,1,0.0013290191
Warm A,210582,1285,1284,3066,1870,1,0.0025379132
Warm A,52307,344,343,3066,1870,1,-0.001046332
Warm A,45806,308,307,3066,1870,1,-0.0022513904
Warm A,38802,264,263,3066,1870,0,0.005762834
Warm A,98578,660,659,3066,1870,0,-0.0009781756
Warm A,34083,230,229,3066,1870,0,0.007182003
Warm A,36286,245,244,3066,1870,1,-0.005056765
Warm A,8925,60,59,3066,1870,1,0.010657668
Warm A,5635,40,39,3066,1870,0,0.0047825715
Warm A,5196,36,35,3066,1870,1,0.00078311353
Warm A,1015,10,9,3066,1870,0,0.00467467
Warm A,626503,3792,3791,3066,1870,1,-0.001596208
Warm A,552083,3401,3400,3066,1870,0,0.0143865235
Warm A,169198,1074,1073,3066,1870,1,0.0007832404
Warm A,571848,3507,3506,3066,1870,1,0.0035151683
Warm A,240966,1451,1450,3066,1870,1,0.0034169261
Warm A,204421,1260,1259,3066,1870,1,-0.0026197094
Warm A,343967,2020,2019,3066,1870,1,-0.0029121088
Warm A,152172,979,978,3066,1870,1,-0.0019364198
Warm A,632944,3824,3823,3066,1870,1,-0.0032370004
Warm A,237615,1447,1446,3066,1870,0,0.0036879973
Warm A,117150,755,754,3066,1870,0,0.0040410426
Warm A,806678,4829,4828,3066,1870,1,-0.0015770091
Warm A,931388,5626,5625,3066,1870,1,0.005931279
Warm A,51346,338,337,3066,1870,1,-0.002373489
Warm A,892805,5394,5393,3066,1870,1,-0.0005870062
Warm A,9674,65,64,3066,1870,1,-0.008073343
Warm A,47277,319,318,3066,1870,0,0.0023252813
Warm A,62569,424,423,3066,1870,1,0.0053163324
Warm A,324854,1925,1924,3066,1870,0,-0.0016653794
Warm A,141351,911,910,3066,1870,1,0.0024741013
Warm A,825476,4958,4957,3066,1870,1,0.0049725594
Warm A,133603,864,863,3075,1877,1,0.004580605
Warm A,237630,1447,1446,3075,1877,1,0.01937372
Warm A,157792,1015,1014,3075,1877,1,0.015648834
Warm A,430919,2627,2626,3075,1877,0,0.007179319
Warm A,24257,173,172,3075,1877,1,0.012643524
Warm A,289967,1733,1732,3075,1877,1,0.017280579
Warm A,62594,424,423,3075,1877,1,0.0069365893
Warm A,319154,1897,1896,3075,1877,0,0.012784927
Warm A,322097,1912,1911,3075,1877,0,0.016169526
Warm A,217906,1322,1321,3076,1878,1,-0.0030432823
Warm A,221109,1340,1339,3076,1878,0,-0.00507796
Warm A,188527,1170,1169,3076,1878,1,0.0030056476
Warm A,166922,1062,1061,3076,1878,1,0.0012271027
Warm A,146823,948,947,3076,1878,1,-0.002673931
Warm A,143814,928,927,3076,1878,1,0.0005806491
Warm A,137811,889,888,3076,1878,1,0.0032784685
Warm A,134849,872,871,3076,1878,1,0.0067176195
Warm A,374749,2185,2184,3076,1878,1,0.0017347164
Warm A,314970,1880,1879,3076,1878,1,0.0032894684
Warm A,134966,873,872,3076,1878,0,0.005160624
Warm A,112282,731,730,3076,1878,1,-0.007623922
Warm A,239709,1449,1448,3076,1878,0,0.004555463
Warm A,210612,1285,1284,3076,1878,0,0.00066391006
Warm A,152850,984,983,3076,1878,0,0.0016114034
Warm A,83896,550,549,3076,1878,0,0.005930787
Warm A,64729,434,433,3076,1878,0,-0.00847069
Warm A,123291,796,795,3076,1878,0,0.0048636114
Warm A,59625,405,404,3076,1878,1,0.00074668415
Warm A,55235,366,365,3076,1878,1,0.0023676213
Warm A,31881,216,215,3076,1878,1,0.0025846674
Warm A,25226,178,177,3076,1878,1,0.0014587331
Warm A,6344,45,44,3076,1878,0,0.0028195386
Warm A,60580,411,410,3076,1878,0,0.0023703238
Warm A,76284,518,517,3076,1878,1,0.00036139786
Warm A,48459,326,325,3076,1878,1,-0.008641019
Warm A,141134,910,909,3076,1878,0,0.00298511
Warm A,841003,5054,5053,3076,1878,1,-0.0012720875
Warm A,114202,743,742,3076,1878,0,0.009084937
Warm A,208607,1274,1273,3076,1878,1,0.007413602
Warm A,319156,1897,1896,3076,1878,1,0.0027722649
Warm A,194696,1202,1201,3076,1878,1,-0.00049432926
Warm A,300184,1780,1779,3076,1878,0,0.0031089592
Warm A,384641,2247,2246,3077,1879,1,0.004563291
Warm A,143247,924,923,3077,1879,1,0.003125731
Warm A,130998,850,849,3077,1879,1,-0.0029580873
Warm A,127935,826,825,3077,1879,1,0.006846998
Warm A,96017,645,644,3077,1879,1,0.002784606
Warm A,82193,546,545,3077,1879,1,0.004356343
Warm A,47308,319,318,3077,1879,1,0.0031622571
Warm A,21942,161,160,3077,1879,1,0.014858592
Warm A,26302,187,186,3077,1879,1,0.0011882556
Warm A,123292,796,795,3077,1879,1,0.011851976
Warm A,211995,1291,1290,3077,1879,1,-0.0032058603
Warm A,712735,4277,4276,3077,1879,1,0.0061908537
Warm A,783949,4682,4681,3077,1879,1,0.008655259
Warm A,201944,1243,1242,3077,1879,1,0.0057860403
Warm A,147886,953,952,3077,1879,1,-0.007650631
Warm A,991773,5991,5990,3077,1879,1,-8.169678e-05
Warm A,310537,1851,1850,3077,1879,0,0.0118160155
Warm A,208608,1274,1273,3077,1879,1,-0.0021260493
Warm A,19865,149,148,3077,1879,1,0.006767599
Warm A,916595,5539,5538,3077,1879,1,3.2679876e-05
Warm A,319157,1897,1896,3077,1879,1,0.0012438558
Warm A,457671,2820,2819,3077,1879,1,-0.003938223
Warm A,865872,5222,5221,3077,1879,0,0.011477366
Warm A,464028,2860,2859,3077,1879,1,0.0039950144
Warm A,574602,3518,3517,3077,1879,1,0.013158437
Warm A,841004,5054,5053,3077,1879,1,0.002159316
Warm A,839182,5046,5045,3077,1879,1,0.0071268547
Warm A,575126,3519,3518,3077,1879,1,0.004142709
Warm A,558424,3430,3429,3078,1880,1,0.0050173663
Warm A,550794,3392,3391,3078,1880,0,0.0068057994
Warm A,683792,4089,4088,3078,1880,0,0.0055047018
Warm A,545449,3364,3363,3078,1880,1,0.015816448
Warm A,543805,3350,3349,3078,1880,1,0.0067209704
Warm A,682190,4085,4084,3078,1880,0,0.0017882937
Warm A,605596,3681,3680,3078,1880,1,0.0006830334
Warm A,542691,3339,3338,3078,1880,0,0.0018257892
Warm A,535216,3302,3301,3078,1880,0,0.001685623
Warm A,660805,3985,3984,3078,1880,1,0.005191726
Warm A,549417,3390,3389,3078,1880,1,-0.004154823
Warm A,533024,3292,3291,3078,1880,0,0.004608514
Warm A,527928,3264,3263,3078,1880,0,0.0015927427
Warm A,527246,3261,3260,3078,1880,0,0.0067744358
Warm A,525544,3246,3245,3078,1880,1,0.0023811492
Warm A,571356,3504,3503,3078,1880,1,0.002864529
Warm A,523810,3229,3228,3078,1880,1,-0.0009198617
Warm A,523998,3230,3229,3078,1880,1,0.0027590464
Warm A,503371,3093,3092,3078,1880,1,0.0043092105
Warm A,502664,3086,3085,3078,1880,1,-0.0013478128
Warm A,582012,3557,3556,3078,1880,1,-0.0017488112
Warm A,502450,3084,3083,3078,1880,1,0.00073524343
Warm A,500621,3075,3074,3078,1880,1,0.0027073617
Warm A,712737,4277,4276,3078,1880,1,0.0009740351
Warm A,477662,2933,2932,3078,1880,1,0.0052342853
Warm A,467269,2880,2879,3078,1880,1,0.0058635846
Warm A,450578,2777,2776,3078,1880,0,0.010302065
Warm A,434798,2654,2653,3078,1880,1,0.00721147
Warm A,426162,2589,2588,3078,1880,1,0.0028077555
Warm A,416376,2507,2506,3078,1880,1,0.0059313998
Warm A,407999,2453,2452,3078,1880,1,0.005173459
Warm A,316132,1883,1882,3078,1880,1,0.011183683
Warm A,306874,1832,1831,3078,1880,1,-0.0009030006
Warm A,283893,1698,1697,3078,1880,1,0.0030366117
Warm A,360486,2106,2105,3078,1880,1,-0.0004511025
Warm A,264081,1607,1606,3078,1880,0,0.011422668
Warm A,249444,1503,1502,3078,1880,0,0.00047581713
Warm A,210614,1285,1284,3078,1880,0,-0.00060663687
Warm A,198116,1218,1217,3078,1880,1,0.010121405
Warm A,199282,1224,1223,3078,1880,0,0.010356031
Warm A,189246,1173,1172,3078,1880,1,0.0032777605
Warm A,373825,2181,2180,3078,1880,0,0.0026747258
Warm A,184908,1150,1149,3078,1880,0,0.00927361
Warm A,174951,1109,1108,3078,1880,1,-0.008303072
Warm A,169758,1078,1077,3078,1880,0,0.0004984371
Warm A,168231,1069,1068,3078,1880,0,0.0041433205
Warm A,175328,1112,1111,3078,1880,1,0.0077135833
Warm A,219460,1331,1330,3078,1880,0,0.0010093354
Warm A,246181,1489,1488,3078,1880,0,-0.0018714948
Warm A,154563,998,997,3078,1880,1,0.0042667636
Warm A,139894,897,896,3078,1880,1,-0.0056998543
Warm A,137813,889,888,3078,1880,0,0.008320928
Warm A,209976,1284,1283,3078,1880,1,0.0029437232
Warm A,125471,808,807,3078,1880,0,0.007028954
Warm A,115873,752,751,3078,1880,0,0.008370807
Warm A,349209,2050,2049,3078,1880,1,0.006412541
Warm A,362724,2116,2115,3078,1880,1,0.0043485453
Warm A,631351,3821,3820,3078,1880,0,0.008830551
Warm A,93497,625,624,3078,1880,1,0.0052069123
Warm A,801301,4802,4801,3078,1880,1,0.0051119453
Warm A,89530,590,589,3078,1880,1,0.002028111
Warm A,432054,2634,2633,3078,1880,1,0.006570999
Warm A,89130,588,587,3078,1880,1,0.008920004
Warm A,238612,1448,1447,3078,1880,1,0.009564224
Warm A,72883,493,492,3078,1880,1,0.003294092
Warm A,155220,1001,1000,3078,1880,0,0.007444919
Warm A,53544,352,351,3078,1880,1,0.0065058926
Warm A,42712,293,292,3078,1880,1,-0.0068298047
Warm A,61186,412,411,3078,1880,1,0.010196818
Warm A,37053,250,249,3078,1880,0,-0.0064000688
Warm A,29434,201,200,3078,1880,1,0.0033569126
Warm A,33371,225,224,3078,1880,0,0.0031848499
Warm A,17441,136,135,3078,1880,0,-0.0009751717
Warm A,11886,92,91,3078,1880,0,0.0061823106
Warm A,401554,2395,2394,3078,1880,1,0.0028931224
Warm A,7567,53,52,3078,1880,1,0.0072783986
Warm A,88715,587,586,3078,1880,0,-0.0006149182
Warm A,626526,3792,3791,3078,1880,1,0.0085136555
Warm A,111583,727,726,3078,1880,1,0.0012314678
Warm A,797279,4781,4780,3078,1880,1,-0.005398497
Warm A,15888,124,123,3078,1880,1,0.0014981834
Warm A,289971,1733,1732,3078,1880,1,0.0011839238
Warm A,567267,3483,3482,3078,1880,0,0.0015265662
Warm A,223316,1354,1353,3078,1880,1,-0.00019369344
Warm A,820559,4933,4932,3078,1880,0,0.005394051
Warm A,234745,1425,1424,3078,1880,1,0.011218681
Warm A,794604,4753,4752,3078,1880,1,-0.004980818
Warm A,206254,1265,1264,3078,1880,1,0.0035361208
Warm A,319158,1897,1896,3078,1880,0,0.0050310614
Warm A,215404,1306,1305,3078,1880,1,-0.0022104224
Warm A,607623,3688,3687,3078,1880,1,0.0046480373
Warm A,699573,4186,4185,3078,1880,0,0.008100217
Warm A,193446,1194,1193,3078,1880,0,0.0051733376
Warm A,171281,1088,1087,3078,1880,1,0.002696012
Warm A,719909,4312,4311,3078,1880,1,0.009901898
Warm A,527247,3261,3260,3079,1881,0,-0.002657089
Warm A,966567,5831,5830,3079,1881,1,0.009414976
Warm A,524930,3241,3240,3079,1881,1,0.0023771257
Warm A,524596,3237,3236,3079,1881,1,0.0020558317
Warm A,521005,3216,3215,3079,1881,0,0.011359727
Warm A,712739,4277,4276,3079,1881,0,-0.0005433168
Warm A,896946,5424,5423,3079,1881,0,0.0003873785
Warm A,516299,3189,3188,3079,1881,0,-0.0072901314
Warm A,507394,3122,3121,3079,1881,0,0.0071349856
Warm A,503947,3097,3096,3079,1881,1,0.0029889848
Warm A,502451,3084,3083,3079,1881,0,-0.0016779979
Warm A,496256,3050,3049,3079,1881,1,0.0015940443
Warm A,492508,3029,3028,3079,1881,1,0.0034351568
Warm A,626527,3792,3791,3079,1881,1,0.008023156
Warm A,481628,2962,2961,3079,1881,0,0.0058543473
Warm A,871846,5267,5266,3079,1881,1,0.0019972264
Warm A,477872,2934,2933,3079,1881,1,0.0023460826
Warm A,770913,4593,4592,3079,1881,1,0.001296879
Warm A,983948,5948,5947,3079,1881,1,-0.0016382248
Warm A,465096,2868,2867,3079,1881,1,0.0005754507
Warm A,446304,2752,2751,3079,1881,0,-0.0018545198
Warm A,442347,2724,2723,3079,1881,0,0.0042932862
Warm A,400256,2383,2382,3079,1881,1,-0.0036995783
Warm A,377674,2205,2204,3079,1881,0,-0.010782545
Warm A,373134,2179,2178,3079,1881,0,-0.0006469451
Warm A,371964,2173,2172,3079,1881,1,-0.002857435
Warm A,335509,1980,1979,3079,1881,0,-0.0074023725
Warm A,318603,1894,1893,3079,1881,1,0.0064898324
Warm A,353926,2073,2072,3079,1881,1,0.0045315893
Warm A,325216,1926,1925,3079,1881,1,-0.0057915775
Warm A,319160,1897,1896,3079,1881,1,0.0062959054
Warm A,210615,1285,1284,3079,1881,1,0.012607904
Warm A,276056,1671,1670,3079,1881,1,-0.0028063369
Warm A,209344,1279,1278,3079,1881,1,-0.0059369295
Warm A,188842,1172,1171,3079,1881,1,-0.007146367
Warm A,182669,1140,1139,3079,1881,1,-0.0015386773
Warm A,200493,1231,1230,3079,1881,1,0.009568259
Warm A,169759,1078,1077,3079,1881,1,0.00537169
Warm A,168232,1069,1068,3079,1881,1,0.00087726116
Warm A,190445,1181,1180,3079,1881,0,0.00790654
Warm A,334449,1974,1973,3079,1881,1,-0.0048279
Warm A,169498,1077,1076,3079,1881,0,0.008945515
Warm A,146394,943,942,3079,1881,1,-0.004751905
Warm A,490040,3015,3014,3079,1881,0,0.0022665735
Warm A,137814,889,888,3079,1881,1,0.0028589019
Warm A,107265,706,705,3079,1881,1,-0.007078003
Warm A,283894,1698,1697,3079,1881,1,-0.0024910532
Warm A,89726,591,590,3079,1881,1,-0.0038258852
Warm A,432055,2634,2633,3079,1881,1,0.0137856435
Warm A,332065,1959,1958,3079,1881,1,-0.0058372854
Warm A,61187,412,411,3079,1881,1,-0.0018835302
Warm A,155221,1001,1000,3079,1881,1,0.007508425
Warm A,41425,281,280,3079,1881,1,-0.000118356664
Warm A,203642,1252,1251,3079,1881,1,-0.013087763
Warm A,39762,270,269,3079,1881,1,-0.009577992
Warm A,29435,201,200,3079,1881,1,-0.0030395524
Warm A,734181,4387,4386,3079,1881,1,0.008730264
Warm A,13823,111,110,3079,1881,0,-0.0063723186
Warm A,263014,1605,1604,3079,1881,0,-0.007808321
Warm A,4244,32,31,3079,1881,1,0.0048749587
Warm A,290,5,4,3079,1881,0,0.0025588665
Warm A,223318,1354,1353,3079,1881,1,0.00075462577
Warm A,171283,1088,1087,3079,1881,1,0.009793831
Warm A,101971,678,677,3079,1881,1,7.142173e-05
Warm A,79133,531,530,3079,1881,1,0.0012918131
Warm A,337955,1988,1987,3079,1881,0,0.008151168
Warm A,360488,2106,2105,3079,1881,1,0.006998541
Warm A,78281,528,527,3079,1881,1,0.01104168
Warm A,27972,195,194,3079,1881,1,0.0039643836
Warm A,460553,2841,2840,3079,1881,1,-0.0022758795
Warm A,949162,5734,5733,3079,1881,1,0.017192986
Warm A,682192,4085,4084,3079,1881,1,0.010657473
Warm A,240985,1451,1450,3079,1881,1,0.0018890216
Warm A,33102,224,223,3079,1881,1,0.010905724
Warm A,232755,1415,1414,3079,1881,0,-0.0052654687
Warm A,476232,2926,2925,3079,1881,0,0.0036439952
Warm A,768603,4579,4578,3079,1881,1,0.0025330612
Warm A,60581,411,410,3079,1881,1,0.012425618
Warm A,739342,4418,4417,3079,1881,1,7.7273e-05
Warm A,187495,1164,1163,3079,1881,1,-0.00072984723
Warm A,877373,5302,5301,3079,1881,1,0.0041859914
Warm A,93199,624,623,3079,1881,1,-0.0006277147
Warm A,115874,752,751,3079,1881,0,-0.004146408
Warm A,748208,4467,4466,3079,1881,1,0.007841539
Warm A,860020,5172,5171,3079,1881,1,-0.0058127805
Warm A,327670,1941,1940,3086,1885,1,0.0038179196
Warm A,166315,1059,1058,3086,1885,0,-0.009978821
Warm A,162193,1034,1033,3086,1885,0,-0.0045768917
Warm A,137839,889,888,3086,1885,0,-0.0026948927
Warm A,248671,1501,1500,3086,1885,1,-0.001499013
Warm A,131006,850,849,3086,1885,0,0.00045072194
Warm A,88719,587,586,3086,1885,0,0.0020411457
Warm A,86487,566,565,3086,1885,0,0.01000567
Warm A,80027,533,532,3086,1885,1,-0.001142604
Warm A,31899,216,215,3086,1885,1,0.0064860443
Warm A,32871,223,222,3086,1885,0,-0.0043246183
Warm A,234758,1425,1424,3086,1885,1,0.0002683974
Warm A,591760,3610,3609,3086,1885,0,0.00338215
Warm A,1047,10,9,3086,1885,1,-0.0014905462
Warm A,129199,839,838,3086,1885,1,0.0033848437
Warm A,901371,5450,5449,3086,1885,1,-0.0032964977
Warm A,427314,2594,2593,3086,1885,1,0.0007600529
Warm A,489482,3013,3012,3086,1885,0,0.011922505
Warm A,992283,5996,5995,3086,1885,1,0.0072060158
Warm A,833298,5011,5010,3086,1885,0,-0.0051750974
Warm A,821541,4940,4939,3086,1885,1,0.004101391
Warm A,656525,3957,3956,3090,1889,1,-0.0035820934
Warm A,709120,4253,4252,3090,1889,0,-0.0029257145
Warm A,695885,4169,4168,3090,1889,1,0.005257606
Warm A,651977,3931,3930,3090,1889,1,0.0044665895
Warm A,637793,3841,3840,3090,1889,1,0.005965573
Warm A,653400,3940,3939,3090,1889,1,-0.0028486697
Warm A,726358,4345,4344,3090,1889,1,-0.007901587
Warm A,725143,4344,4343,3090,1889,1,0.00038032047
Warm A,632990,3824,3823,3090,1889,0,0.004361286
Warm A,593439,3618,3617,3090,1889,0,-0.0031594888
Warm A,589582,3596,3595,3090,1889,1,0.0042165187
Warm A,939830,5675,5674,3090,1889,1,0.012532148
Warm A,570656,3501,3500,3090,1889,1,0.0027393731
Warm A,712766,4277,4276,3090,1889,1,-0.0018670905
Warm A,566044,3476,3475,3090,1889,1,0.004013114
Warm A,565131,3474,3473,3090,1889,1,0.0023214936
Warm A,610553,3704,3703,3090,1889,1,0.009614699
Warm A,560447,3445,3444,3090,1889,1,0.0038714386
Warm A,616049,3729,3728,3090,1889,0,0.0053935247
Warm A,551160,3394,3393,3090,1889,0,0.008944373
Warm A,840395,5049,5048,3090,1889,1,0.010775712
Warm A,534613,3300,3299,3090,1889,1,0.0037832307
Warm A,503375,3093,3092,3090,1889,1,0.0028845028
Warm A,490595,3018,3017,3090,1889,1,0.0026435517
Warm A,485718,2990,2989,3090,1889,1,-0.0017870704
Warm A,482586,2967,2966,3090,1889,1,0.001633436
Warm A,480794,2952,2951,3090,1889,1,0.006844
Warm A,879793,5317,5316,3090,1889,1,0.0068920385
Warm A,460947,2842,2841,3090,1889,1,0.006337004
Warm A,460560,2841,2840,3090,1889,1,0.0007014943
Warm A,457698,2820,2819,3090,1889,1,0.0037576158
Warm A,455758,2807,2806,3090,1889,1,0.010448406
Warm A,448359,2764,2763,3090,1889,1,-0.0011021143
Warm A,446311,2752,2751,3090,1889,0,0.0016723606
Warm A,646024,3888,3887,3090,1889,1,0.0035356777
Warm A,437714,2674,2673,3090,1889,1,-0.011985815
Warm A,433516,2643,2642,3090,1889,0,-0.0010803228
Warm A,421468,2546,2545,3090,1889,1,0.0013279271
Warm A,420829,2544,2543,3090,1889,1,0.0032878467
Warm A,413382,2486,2485,3090,1889,1,0.001523972
Warm A,401339,2393,2392,3090,1889,0,0.0050046807
Warm A,407160,2446,2445,3090,1889,1,-0.0076477863
Warm A,393223,2310,2309,3090,1889,1,0.00038627395
Warm A,383883,2243,2242,3090,1889,1,-0.0028565149
Warm A,381550,2231,2230,3090,1889,0,-0.0046407324
Warm A,364596,2124,2123,3090,1889,1,0.0038429352
Warm A,358397,2098,2097,3090,1889,0,0.008394493
Warm A,299331,1777,1776,3090,1889,1,-0.002764939
Warm A,290707,1734,1733,3090,1889,1,0.0054381834
Warm A,281990,1692,1691,3090,1889,1,-0.009455652
Warm A,292144,1741,1740,3090,1889,1,0.0025490143
Warm A,268840,1632,1631,3090,1889,0,8.504151e-05
Warm A,256635,1569,1568,3090,1889,1,0.0004774651
Warm A,260012,1591,1590,3090,1889,1,0.004062785
Warm A,631374,3821,3820,3090,1889,1,0.004020941
Warm A,236018,1430,1429,3090,1889,1,0.008103533
Warm A,232230,1409,1408,3090,1889,1,-0.0047359383
Warm A,225056,1361,1360,3090,1889,1,-0.0019703258
Warm A,335540,1980,1979,3090,1889,1,0.0022971712
Warm A,219726,1333,1332,3090,1889,0,0.0002719537
Warm A,208629,1274,1273,3090,1889,1,0.0071200468
Warm A,436183,2665,2664,3090,1889,1,-0.0034313046
Warm A,243722,1470,1469,3090,1889,0,-0.008313971
Warm A,189960,1179,1178,3090,1889,1,0.0025028698
Warm A,180173,1128,1127,3090,1889,1,0.00086113345
Warm A,346091,2030,2029,3090,1889,1,0.009186731
Warm A,190495,1181,1180,3090,1889,1,0.00583506
Warm A,163252,1044,1043,3090,1889,1,0.0013739835
Warm A,152878,984,983,3090,1889,1,0.0022983789
Warm A,227842,1382,1381,3090,1889,1,0.01009509
Warm A,146056,939,938,3090,1889,1,0.0053566378
Warm A,131009,850,849,3090,1889,1,-0.004484013
Warm A,127647,824,823,3090,1889,1,0.0026191764
Warm A,134970,873,872,3090,1889,1,0.0027984176
Warm A,118858,769,768,3090,1889,0,-0.0038765357
Warm A,210634,1285,1284,3090,1889,1,-0.0032231556
Warm A,111591,727,726,3090,1889,1,0.005039585
Warm A,239738,1449,1448,3090,1889,1,-0.0008203605
Warm A,97493,654,653,3090,1889,0,0.003085631
Warm A,96917,651,650,3090,1889,1,0.0027234652
Warm A,283921,1698,1697,3090,1889,1,0.0017250583
Warm A,169503,1077,1076,3090,1889,1,0.005609033
Warm A,339104,1998,1997,3090,1889,1,0.0016538725
Warm A,84737,551,550,3090,1889,1,-0.0062738797
Warm A,82807,549,548,3090,1889,1,0.0077572064
Warm A,175953,1113,1112,3090,1889,1,-0.0018608798
Warm A,54793,358,357,3090,1889,1,4.4978457e-05
Warm A,51659,339,338,3090,1889,1,0.0011579243
Warm A,48801,327,326,3090,1889,1,0.0022083018
Warm A,45550,307,306,3090,1889,1,0.0036439681
Warm A,42727,293,292,3090,1889,1,-0.0051436443
Warm A,35236,238,237,3090,1889,1,-0.0023883262
Warm A,33394,225,224,3090,1889,1,0.0033643292
Warm A,245699,1484,1483,3090,1889,1,-0.00028043613
Warm A,451698,2781,2780,3090,1889,1,0.0028367408
Warm A,916614,5539,5538,3090,1889,1,0.003691573
Warm A,289992,1733,1732,3090,1889,1,0.0067594023
Warm A,101989,678,677,3090,1889,1,0.011334891
Warm A,384649,2247,2246,3090,1889,1,0.0013833577
Warm A,225194,1362,1361,3090,1889,1,0.0021338987
Warm A,149494,963,962,3090,1889,1,-0.0021209654
Warm A,212002,1291,1290,3090,1889,1,-0.005797698
Warm A,286582,1712,1711,3090,1889,0,-0.0077506206
Warm A,157829,1015,1014,3090,1889,1,0.006113697
Warm A,943291,5689,5688,3090,1889,1,0.0004886384
Warm A,430933,2627,2626,3090,1889,1,0.005887367
Warm A,416397,2507,2506,3090,1889,1,-0.0009827389
Warm A,860029,5172,5171,3090,1889,1,0.00012441119
Warm A,475398,2918,2917,3090,1889,1,0.010673316
Warm A,902738,5458,5457,3090,1889,1,0.0035300234
Warm A,933337,5636,5635,3090,1889,1,-0.006097503
Warm A,319172,1897,1896,3090,1889,1,-0.0016120666
Warm A,512624,3163,3162,3090,1889,1,0.008533812
Warm A,24281,173,172,3090,1889,1,0.005247975
Warm A,293613,1748,1747,3090,1889,1,0.0052736215
Warm A,241001,1451,1450,3090,1889,1,-0.008040262
Warm A,28012,195,194,3090,1889,1,0.0061175404
Warm A,600485,3651,3650,3091,1890,1,0.00707103
Warm A,869765,5255,5254,3091,1890,1,0.011222461
Warm A,589583,3596,3595,3091,1890,1,0.007249645
Warm A,580427,3546,3545,3091,1890,0,0.013897942
Warm A,580196,3543,3542,3091,1890,1,0.010498087
Warm A,571895,3507,3506,3091,1890,1,0.01839839
Warm A,570657,3501,3500,3091,1890,1,0.012411838
Warm A,712768,4277,4276,3091,1890,1,0.015260946
Warm A,565132,3474,3473,3091,1890,1,0.01927195
Warm A,561155,3453,3452,3091,1890,1,0.011263602
Warm A,560715,3449,3448,3091,1890,1,0.006736898
Warm A,550877,3393,3392,3091,1890,1,0.0064723077
Warm A,544247,3355,3354,3091,1890,1,0.008732581
Warm A,543397,3346,3345,3091,1890,0,0.004866734
Warm A,521012,3216,3215,3091,1890,1,0.012276709
Warm A,653983,3942,3941,3091,1890,0,0.014589257
Warm A,876949,5300,5299,3091,1890,1,0.015942872
Warm A,505544,3110,3109,3091,1890,1,0.015059559
Warm A,545997,3367,3366,3091,1890,1,0.0126954205
Warm A,492532,3029,3028,3091,1890,1,0.011738089
Warm A,485574,2989,2988,3091,1890,1,-0.00048772665
Warm A,485719,2990,2989,3091,1890,0,0.01358911
Warm A,479591,2943,2942,3091,1890,1,0.006697725
Warm A,479470,2942,2941,3091,1890,1,0.005272645
Warm A,479176,2941,2940,3091,1890,1,0.008909471
Warm A,473276,2909,2908,3091,1890,1,0.006709812
Warm A,459396,2829,2828,3091,1890,0,0.0041949786
Warm A,453144,2791,2790,3091,1890,1,0.0039180615
Warm A,446745,2753,2752,3091,1890,1,0.007251987
Warm A,433517,2643,2642,3091,1890,0,0.007994989
Warm A,423662,2567,2566,3091,1890,1,0.014060011
Warm A,395531,2338,2337,3091,1890,1,0.016189268
Warm A,394392,2324,2323,3091,1890,1,0.0056403363
Warm A,391245,2301,2300,3091,1890,1,0.0028567882
Warm A,389872,2288,2287,3091,1890,1,0.01077853
Warm A,371396,2171,2170,3091,1890,1,0.0071220836
Warm A,369786,2164,2163,3091,1890,1,0.012220306
Warm A,368726,2156,2155,3091,1890,0,0.009350045
Warm A,334884,1975,1974,3091,1890,1,0.015231409
Warm A,319914,1899,1898,3091,1890,1,0.015765388
Warm A,292145,1741,1740,3091,1890,1,0.017817218
Warm A,272489,1646,1645,3091,1890,1,0.003073667
Warm A,282539,1694,1693,3091,1890,1,0.0056804176
Warm A,258914,1586,1585,3091,1890,1,0.013993777
Warm A,256517,1567,1566,3091,1890,1,0.014608218
Warm A,346092,2030,2029,3091,1890,1,0.010589954
Warm A,248050,1497,1496,3091,1890,1,0.011027092
Warm A,218245,1323,1322,3091,1890,1,0.0068649864
Warm A,209349,1279,1278,3091,1890,0,0.009891164
Warm A,207484,1268,1267,3091,1890,1,0.00543827
Warm A,243723,1470,1469,3091,1890,1,0.015993256
Warm A,197653,1214,1213,3091,1890,1,0.0057847654
Warm A,184281,1147,1146,3091,1890,1,0.0037972291
Warm A,182682,1140,1139,3091,1890,1,0.0135977985
Warm A,177458,1119,1118,3091,1890,1,0.011395829
Warm A,190496,1181,1180,3091,1890,0,0.014405267
Warm A,210635,1285,1284,3091,1890,1,0.017797265
Warm A,146836,948,947,3091,1890,1,0.014952005
Warm A,199298,1224,1223,3091,1890,1,0.020579504
Warm A,137866,889,888,3091,1890,1,0.016062511
Warm A,131010,850,849,3091,1890,1,0.010073412
Warm A,314985,1880,1879,3091,1890,1,0.0131288
Warm A,134971,873,872,3091,1890,1,0.008639136
Warm A,101639,677,676,3091,1890,1,0.013464829
Warm A,115661,750,749,3091,1890,1,0.0065084994
Warm A,88092,580,579,3091,1890,0,0.006765132
Warm A,147892,953,952,3091,1890,0,0.006414542
Warm A,83918,550,549,3091,1890,1,0.012910064
Warm A,48802,327,326,3091,1890,1,0.009691995
Warm A,9200,62,61,3091,1890,0,0.0063326745
Warm A,8777,59,58,3091,1890,0,0.009735389
Warm A,4955,35,34,3091,1890,1,0.009093778
Warm A,481649,2962,2961,3091,1890,1,0.01017529
Warm A,300208,1780,1779,3091,1890,0,0.018429525
Warm A,129210,839,838,3091,1890,1,0.018984295
Warm A,24282,173,172,3091,1890,1,0.012262404
Warm A,175954,1113,1112,3091,1890,1,0.012235275
Warm A,308406,1837,1836,3091,1890,1,0.008550292
Warm A,95703,641,640,3091,1890,1,0.006840765
Warm A,322125,1912,1911,3091,1890,0,0.014402192
Warm A,753221,4489,4488,3091,1890,1,0.015496831
Warm A,417793,2523,2522,3094,1892,1,-4.1853054e-05
Warm A,416406,2507,2506,3094,1892,1,0.013563362
Warm A,464039,2860,2859,3094,1892,1,0.00073578604
Warm A,403427,2410,2409,3094,1892,0,0.008153999
Warm A,382740,2237,2236,3094,1892,1,0.019089825
Warm A,335547,1980,1979,3094,1892,1,0.015103584
Warm A,292148,1741,1740,3094,1892,1,0.009931032
Warm A,276077,1671,1670,3094,1892,1,0.011328252
Warm A,260015,1591,1590,3094,1892,1,0.013805229
Warm A,228887,1387,1386,3094,1892,1,0.012857238
Warm A,217692,1321,1320,3094,1892,1,-0.00021598302
Warm A,296324,1758,1757,3094,1892,1,0.017309971
Warm A,220284,1335,1334,3094,1892,0,0.002510422
Warm A,207303,1267,1266,3094,1892,0,0.0002735306
Warm A,203967,1255,1254,3094,1892,1,0.005752816
Warm A,294179,1749,1748,3094,1892,0,-0.00288329
Warm A,278729,1680,1679,3094,1892,0,0.009146049
Warm A,337976,1988,1987,3094,1892,0,0.019321732
Warm A,160823,1022,1021,3094,1892,1,0.004929819
Warm A,154003,991,990,3094,1892,1,0.008698469
Warm A,246199,1489,1488,3094,1892,0,0.013517753
Warm A,146709,947,946,3094,1892,0,0.011270359
Warm A,137871,889,888,3094,1892,1,0.010570286
Warm A,123679,797,796,3094,1892,0,-0.0008813143
Warm A,123075,795,794,3094,1892,0,0.005319996
Warm A,117889,760,759,3094,1892,1,0.010003079
Warm A,118659,767,766,3094,1892,0,0.00042740768
Warm A,85517,558,557,3094,1892,1,0.007078654
Warm A,238640,1448,1447,3094,1892,0,0.01766177
Warm A,153619,987,986,3094,1892,1,0.0051357714
Warm A,17455,136,135,3094,1892,1,0.0061578704
Warm A,60608,411,410,3094,1892,0,0.010771801
Warm A,50031,331,330,3094,1892,1,-0.0015872597
Warm A,101993,678,677,3094,1892,1,0.010409408
Warm A,900771,5447,5446,3094,1892,1,0.0062719877
Warm A,454498,2796,2795,3094,1892,0,-0.002088307
Warm A,977853,5892,5891,3094,1892,1,0.0016816687
Warm A,795455,4765,4764,3094,1892,0,0.010629115
Warm A,319178,1897,1896,3094,1892,1,0.01337679
Warm A,420832,2544,2543,3094,1892,1,0.009098459
Warm A,831896,5001,5000,3094,1892,1,0.0062372163
Warm A,243728,1470,1469,3096,1894,0,0.010965944
Warm A,188535,1170,1169,3096,1894,1,0.010771166
Warm A,182685,1140,1139,3096,1894,0,0.011267647
Warm A,327691,1941,1940,3096,1894,1,0.019603863
Warm A,157839,1015,1014,3096,1894,1,0.013745595
Warm A,152883,984,983,3096,1894,1,0.011076972
Warm A,246200,1489,1488,3096,1894,0,0.01616437
Warm A,184957,1150,1149,3096,1894,0,0.018206775
Warm A,137874,889,888,3096,1894,1,0.018788751
Warm A,631382,3821,3820,3096,1894,0,0.009359465
Warm A,131015,850,849,3096,1894,1,0.009844964
Warm A,374763,2185,2184,3096,1894,1,0.0031357054
Warm A,118660,767,766,3096,1894,1,0.004634165
Warm A,112302,731,730,3096,1894,1,0.0167427
Warm A,108476,711,710,3096,1894,1,0.0033162087
Warm A,106663,702,701,3096,1894,1,0.020614475
Warm A,90093,594,593,3096,1894,1,0.008237051
Warm A,57752,391,390,3096,1894,1,0.01320108
Warm A,52493,346,345,3096,1894,1,0.006337212
Warm A,39949,271,270,3096,1894,1,0.013527004
Warm A,31936,216,215,3096,1894,0,0.00882654
Warm A,481653,2962,2961,3096,1894,0,0.0071858433
Warm A,4182,31,30,3096,1894,1,0.0070046615
Warm A,801316,4802,4801,3096,1894,1,0.011599092
Warm A,420834,2544,2543,3096,1894,1,0.010096176
Warm A,114207,743,742,3096,1894,0,0.016554821
Warm A,284771,1699,1698,3096,1894,1,0.013958469
Warm A,50602,333,332,3096,1894,1,0.0043030805
Warm A,657423,3963,3962,3096,1894,1,0.010603196
Warm A,208633,1274,1273,3096,1894,0,0.013009489
Warm A,821548,4940,4939,3096,1894,1,0.011684822
Warm A,958774,5787,5786,3096,1894,1,0.005596414
Warm A,27530,193,192,3096,1894,0,0.0087805465
Warm A,240129,1449,1448,3103,1901,0,0.00636625
Warm A,164591,1051,1050,3103,1901,0,0.011339808
Warm A,335954,1980,1979,3103,1901,0,0.009449844
Warm A,136615,881,880,3103,1901,0,-0.0010681829
Warm A,60483,411,410,3103,1901,0,0.005137369
Warm A,187657,1164,1163,3103,1901,1,0.006532774
Warm A,178652,1121,1120,3103,1901,1,0.01656941
Warm A,384715,2247,2246,3103,1901,1,0.0047501912
Warm A,397361,2353,2352,3109,1906,0,0.00073788944
Warm A,842494,5063,5062,3109,1906,1,0.00042728515
Warm A,974349,5878,5877,3109,1906,0,-0.003182618
Warm A,63008,424,423,3109,1906,0,-0.005567495
Warm A,238998,1448,1447,3112,1908,1,0.015087454
Warm A,42059,285,284,3112,1908,0,0.012585275
Warm A,9863,68,67,3112,1908,1,-0.0013695024
Warm A,481856,2962,2961,3112,1908,0,0.018266864
Warm A,49156,329,328,3112,1908,0,0.012036137
Warm A,158277,1015,1014,3112,1908,0,0.019049253
Warm A,102314,678,677,3112,1908,0,0.018561792
Warm A,160143,1019,1018,3112,1908,0,0.007845265
Warm A,319373,1897,1896,3112,1908,0,0.011775615
Warm A,974356,5878,5877,3112,1908,0,0.006016398
Warm A,175562,1112,1111,3115,1911,0,0.004920171
Warm A,165236,1053,1052,3115,1911,0,-0.00023231097
Warm A,270440,1636,1635,3115,1911,1,-0.0045232484
Warm A,246341,1489,1488,3115,1911,0,0.011981897
Warm A,128965,838,837,3115,1911,1,-0.004096305
Warm A,116266,752,751,3115,1911,1,0.0011655279
Warm A,102318,678,677,3115,1911,1,-0.0050126594
Warm A,98858,660,659,3115,1911,0,-0.00021004886
Warm A,90004,593,592,3115,1911,0,-0.0016137591
Warm A,76703,520,519,3115,1911,0,0.0047408915
Warm A,53454,352,351,3115,1911,1,0.0037294175
Warm A,155359,1001,1000,3115,1911,1,-0.0037699663
Warm A,312903,1865,1864,3115,1911,0,0.0050532515
Warm A,199858,1227,1226,3115,1911,0,0.0067751845
Warm A,26263,187,186,3115,1911,1,0.0067565595
Warm A,27887,195,194,3115,1911,1,0.003521346
Warm A,9526,63,62,3115,1911,0,-0.0019969265
Warm A,223578,1354,1353,3115,1911,1,0.0052114152
Warm A,330740,1952,1951,3115,1911,0,0.0012484726
Warm A,239001,1448,1447,3115,1911,1,0.010502044
Warm A,966830,5831,5830,3115,1911,1,0.0065662023
Warm A,56303,376,375,3115,1911,1,0.0047652246
Warm A,360838,2106,2105,3115,1911,1,0.005416242
Warm A,696386,4169,4168,3115,1911,0,0.0055803
Warm A,49937,331,330,3115,1911,0,0.011288057
Warm A,285345,1701,1700,3115,1911,1,0.0042808
Warm A,497250,3054,3053,3115,1911,0,-0.0039234823
Warm A,171705,1088,1087,3115,1911,1,0.0007542283
Warm A,317746,1889,1888,3115,1911,0,0.0026188313
Warm A,537969,3312,3311,3115,1911,1,-0.00017559435
Warm A,964087,5812,5811,3115,1911,1,-0.002450355
Warm A,485090,2986,2985,3115,1911,1,0.00445331
Warm A,104360,692,691,3115,1911,1,2.51038e-05
Warm A,499479,3067,3066,3115,1911,1,0.008914904
Warm A,713131,4277,4276,3115,1911,1,0.0054557133
Warm A,203679,1252,1251,3115,1911,0,-0.006196948
Warm A,335978,1980,1979,3115,1911,0,-0.0007950482
Warm A,960286,5792,5791,3115,1911,0,0.0071711736
Warm A,235010,1425,1424,3115,1911,1,0.0068395305
Warm A,473706,2909,2908,3115,1911,0,0.0077896887
Warm A,105624,698,697,3115,1911,0,-0.0007286109
Warm A,328211,1941,1940,3115,1911,0,0.0005745585
Warm A,532175,3285,3284,3115,1911,0,0.0021741893
Warm A,657555,3963,3962,3115,1911,1,0.00041114027
Warm A,413217,2485,2484,3115,1911,1,-0.00068015
Warm A,311300,1854,1853,3115,1911,0,0.009616826
Warm A,96622,648,647,3115,1911,1,0.0013435357
Warm A,33868,229,228,3115,1911,0,0.0023090807
Warm A,58665,398,397,3115,1911,0,0.0036276453
Warm A,882158,5329,5328,3115,1911,1,0.011703288
Warm A,432733,2638,2637,3117,1912,0,0.005369027
Warm A,153085,984,983,3117,1912,1,-0.00027219148
Warm A,285346,1701,1700,3117,1912,0,-0.002195872
Warm A,784121,4682,4681,3117,1912,1,0.0018929071
Warm A,631613,3821,3820,3117,1912,0,0.003001879
Warm A,564457,3471,3470,3117,1912,1,-0.0018565343
Warm A,19807,149,148,3117,1912,1,-5.521439e-05
Warm A,204605,1260,1259,3117,1912,1,0.008675741
Warm A,456482,2810,2809,3117,1912,0,-0.0012720912
Warm A,263384,1605,1604,3117,1912,0,-0.004244136
Warm A,241252,1451,1450,3117,1912,0,0.0018096059
Warm A,171709,1088,1087,3117,1912,0,0.009792953
Warm A,696388,4169,4168,3117,1912,1,0.003641541
Warm A,322416,1912,1911,3118,1913,0,0.007011583
Warm A,285348,1701,1700,3118,1913,1,0.011444418
Warm A,739414,4418,4417,3118,1913,1,0.012842591
Warm A,187667,1164,1163,3118,1913,0,0.009380167
Warm A,171712,1088,1087,3118,1913,1,0.0164882
Warm A,974358,5878,5877,3118,1913,0,0.012862716
Warm A,536524,3309,3308,3120,1914,0,0.00050486205
Warm A,508669,3129,3128,3120,1914,1,0.014212703
Warm A,816072,4899,4898,3120,1914,0,0.0038017791
Warm A,516502,3189,3188,3120,1914,1,0.006560373
Warm A,550238,3391,3390,3120,1914,0,0.00079514366
Warm A,494225,3032,3031,3120,1914,1,0.006851436
Warm A,492791,3029,3028,3120,1914,0,0.0077378796
Warm A,492090,3026,3025,3120,1914,0,0.015101759
Warm A,529776,3272,3271,3120,1914,1,0.013107914
Warm A,455007,2800,2799,3120,1914,0,0.0035926108
Warm A,450931,2777,2776,3120,1914,1,0.0053509492
Warm A,445965,2750,2749,3120,1914,0,0.0018739584
Warm A,444686,2743,2742,3120,1914,1,0.00072155264
Warm A,564472,3471,3470,3120,1914,0,0.014405529
Warm A,420254,2540,2539,3120,1914,1,0.005617151
Warm A,419478,2536,2535,3120,1914,0,0.009715261
Warm A,399523,2378,2377,3120,1914,1,0.01212801
Warm A,362170,2110,2109,3120,1914,0,-0.0042333696
Warm A,361694,2109,2108,3120,1914,0,0.0030290133
Warm A,351949,2063,2062,3120,1914,1,0.0037020575
Warm A,341641,2012,2011,3120,1914,0,0.003836453
Warm A,299666,1778,1777,3120,1914,1,0.012162082
Warm A,297548,1764,1763,3120,1914,1,-0.0009813611
Warm A,265829,1613,1612,3120,1914,1,0.014108562
Warm A,258131,1581,1580,3120,1914,0,0.007433879
Warm A,248862,1501,1500,3120,1914,0,0.007043542
Warm A,221821,1341,1340,3120,1914,0,-0.0015727062
Warm A,304942,1812,1811,3120,1914,0,0.00019604992
Warm A,277756,1676,1675,3120,1914,0,0.008233911
Warm A,193210,1193,1192,3120,1914,0,0.007048919
Warm A,183564,1142,1141,3120,1914,0,0.006279782
Warm A,173704,1100,1099,3120,1914,0,-0.0011642798
Warm A,328238,1941,1940,3120,1914,0,0.003824248
Warm A,163871,1050,1049,3120,1914,0,-0.0010650709
Warm A,155916,1004,1003,3120,1914,0,0.00292877
Warm A,143683,927,926,3120,1914,0,0.010326644
Warm A,156948,1010,1009,3120,1914,0,0.0071019204
Warm A,125760,809,808,3120,1914,1,0.010357652
Warm A,124929,802,801,3120,1914,1,0.008740283
Warm A,121541,781,780,3120,1914,0,0.010661608
Warm A,178178,1120,1119,3120,1914,1,-0.0040739486
Warm A,119307,770,769,3120,1914,0,0.011564239
Warm A,112519,731,730,3120,1914,0,-0.0020751175
Warm A,100200,669,668,3120,1914,1,-0.00039672246
Warm A,176997,1117,1116,3120,1914,0,0.0064616185
Warm A,98872,660,659,3120,1914,0,0.008242867
Warm A,88853,587,586,3120,1914,0,-0.0051190616
Warm A,70817,476,475,3120,1914,1,0.0068503795
Warm A,65401,438,437,3120,1914,1,0.0063313656
Warm A,37693,258,257,3120,1914,1,0.010802254
Warm A,31813,216,215,3120,1914,1,0.0061294166
Warm A,337065,1983,1982,3120,1914,1,0.0018331611
Warm A,240164,1449,1448,3120,1914,0,0.0031917705
Warm A,2672,22,21,3120,1914,0,0.0050930474
Warm A,108037,710,709,3120,1914,0,0.0060637714
Warm A,78501,528,527,3120,1914,0,0.010067204
Warm A,893000,5394,5393,3120,1914,0,0.0066164937
Warm A,531068,3280,3279,3120,1914,0,0.0016700726
Warm A,57904,392,391,3120,1914,0,0.0025528786
Warm A,102332,678,677,3120,1914,0,0.011511651
Warm A,537977,3312,3311,3120,1914,0,0.016036816
Warm A,331674,1958,1957,3120,1914,1,0.011112784
Warm A,599305,3648,3647,3120,1914,1,-0.0006603785
Warm A,923946,5580,5579,3120,1914,1,0.0033028256
Warm A,245810,1484,1483,3120,1914,1,0.012988286
Warm A,293798,1748,1747,3120,1914,0,0.008701093
Warm A,618325,3746,3745,3120,1914,0,0.0065724063
Warm A,561605,3454,3453,3120,1914,0,0.00947735
Warm A,342545,2015,2014,3120,1914,1,0.0038284967
Warm A,193699,1194,1193,3120,1914,0,0.011734861
Warm A,552421,3401,3400,3130,1916,0,0.006065566
Warm A,571440,3504,3503,3130,1916,0,0.009296872
Warm A,548393,3384,3383,3130,1916,0,0.003340703
Warm A,541045,3328,3327,3130,1916,0,-0.008117064
Warm A,575399,3519,3518,3130,1916,0,7.309206e-05
Warm A,518792,3201,3200,3130,1916,0,-0.0021843675
Warm A,505189,3108,3107,3130,1916,0,0.011324404
Warm A,797624,4784,4783,3130,1916,0,0.0056694727
Warm A,489657,3013,3012,3130,1916,0,0.018619785
Warm A,475144,2916,2915,3130,1916,0,-0.0039095473
Warm A,458020,2820,2819,3130,1916,0,0.015328762
Warm A,452280,2785,2784,3130,1916,0,-0.0013171616
Warm A,444697,2743,2742,3130,1916,0,0.0014260616
Warm A,421712,2548,2547,3130,1916,0,-0.002086787
Warm A,419818,2537,2536,3130,1916,0,0.01033129
Warm A,409233,2456,2455,3130,1916,0,-0.011083638
Warm A,405722,2433,2432,3130,1916,0,0.005709805
Warm A,404582,2419,2418,3130,1916,0,0.006923818
Warm A,387311,2264,2263,3130,1916,0,0.0057105343
Warm A,377295,2203,2202,3130,1916,0,0.008236041
Warm A,350484,2057,2056,3130,1916,0,0.0036725118
Warm A,341650,2012,2011,3130,1916,0,0.0029236116
Warm A,275145,1666,1665,3130,1916,1,-0.0032449805
Warm A,259516,1587,1586,3130,1916,0,0.008323265
Warm A,242165,1459,1458,3130,1916,0,0.0059778923
Warm A,212958,1297,1296,3130,1916,0,0.006461302
Warm A,279416,1680,1679,3130,1916,1,0.012699004
Warm A,196567,1207,1206,3130,1916,0,0.0014366386
Warm A,211045,1285,1284,3130,1916,0,0.009474581
Warm A,173711,1100,1099,3130,1916,0,-0.0017453135
Warm A,328262,1941,1940,3130,1916,0,0.005267831
Warm A,143687,927,926,3130,1916,0,0.014969854
Warm A,156961,1010,1009,3130,1916,0,0.015622822
Warm A,136658,881,880,3130,1916,0,0.008220419
Warm A,131954,854,853,3130,1916,0,0.010915523
Warm A,351969,2063,2062,3130,1916,0,0.013862984
Warm A,98884,660,659,3130,1916,0,0.014501091
Warm A,631629,3821,3820,3130,1916,0,0.0075780107
Warm A,81742,543,542,3130,1916,0,0.0032362605
Warm A,75469,513,512,3130,1916,0,0.007403663
Warm A,70194,474,473,3130,1916,0,0.0044517657
Warm A,53493,352,351,3130,1916,0,0.007758053
Warm A,47268,319,318,3130,1916,0,0.01064673
Warm A,38791,264,263,3130,1916,0,0.0063130055
Warm A,49204,329,328,3130,1916,0,0.009590238
Warm A,3554,26,25,3130,1916,0,0.011503583
Warm A,696420,4169,4168,3130,1916,0,0.011001929
Warm A,249873,1505,1504,3130,1916,0,0.0057138437
Warm A,828738,4979,4978,3130,1916,0,-0.0021549687
Warm A,171745,1088,1087,3130,1916,0,0.010365767
Warm A,195521,1203,1202,3130,1916,0,0.004106958
Warm A,134355,869,868,3130,1916,0,0.008469634
Warm A,160166,1019,1018,3130,1916,0,0.011741327
Warm A,223593,1354,1353,3130,1916,1,0.009619135
Warm A,795501,4765,4764,3130,1916,0,0.0052829827
Warm A,992405,5996,5995,3130,1916,0,0.010131666
Warm A,941433,5682,5681,3130,1916,0,0.003846797
Warm A,304955,1812,1811,3130,1916,0,0.006785053
Warm A,574111,3514,3513,3134,1917,1,0.008642767
Warm A,567028,3481,3480,3134,1917,1,-0.0023112143
Warm A,565187,3474,3473,3134,1917,1,0.0012307779
Warm A,556096,3417,3416,3134,1917,1,0.0036351914
Warm A,552974,3402,3401,3134,1917,1,0.00686216
Warm A,550258,3391,3390,3134,1917,1,0.008882277
Warm A,546862,3371,3370,3134,1917,1,0.002520145
Warm A,533404,3292,3291,3134,1917,1,0.006645014
Warm A,524516,3234,3233,3134,1917,1,-0.00746586
Warm A,523223,3226,3225,3134,1917,1,0.0045440085
Warm A,513934,3171,3170,3134,1917,1,-0.001618305
Warm A,616675,3732,3731,3134,1917,0,0.0054976894
Warm A,508248,3128,3127,3134,1917,1,0.006053038
Warm A,713150,4277,4276,3134,1917,1,0.0017506063
Warm A,738182,4411,4410,3134,1917,1,0.0106509365
Warm A,484141,2978,2977,3134,1917,1,-0.0020537274
Warm A,482749,2967,2966,3134,1917,1,0.0027609009
Warm A,479505,2942,2941,3134,1917,1,0.0066278754
Warm A,852650,5113,5112,3134,1917,1,-0.0017202796
Warm A,466190,2874,2873,3134,1917,0,-0.0027640278
Warm A,461542,2847,2846,3134,1917,1,-0.0038536126
Warm A,459411,2829,2828,3134,1917,1,0.0126386285
Warm A,458022,2820,2819,3134,1917,1,-0.0015683648
Warm A,455870,2807,2806,3134,1917,1,0.012929777
Warm A,448469,2764,2763,3134,1917,1,0.011573986
Warm A,446889,2753,2752,3134,1917,1,-0.00045296422
Warm A,413427,2486,2485,3134,1917,1,0.0046786517
Warm A,403139,2407,2406,3134,1917,1,0.0014828697
Warm A,401824,2397,2396,3134,1917,1,0.004033874
Warm A,385317,2251,2250,3134,1917,1,0.008020946
Warm A,381682,2231,2230,3134,1917,1,0.0032231433
Warm A,364816,2124,2123,3134,1917,1,0.005373584
Warm A,361705,2109,2108,3134,1917,1,0.0076516867
Warm A,357522,2092,2091,3134,1917,0,0.011172818
Warm A,347416,2038,2037,3134,1917,1,0.0076217204
Warm A,342557,2015,2014,3134,1917,0,0.0049767382
Warm A,321505,1905,1904,3134,1917,1,0.007940478
Warm A,318953,1896,1895,3134,1917,1,-0.007264449
Warm A,323198,1916,1915,3134,1917,0,0.0057795933
Warm A,315947,1882,1881,3134,1917,1,0.0036657818
Warm A,312673,1863,1862,3134,1917,1,0.00037510286
Warm A,306037,1821,1820,3134,1917,1,-0.00026385783
Warm A,302681,1797,1796,3134,1917,1,0.004998997
Warm A,282309,1693,1692,3134,1917,1,0.001323908
Warm A,292371,1741,1740,3134,1917,1,0.0012380399
Warm A,293811,1748,1747,3134,1917,1,-0.0017461566
Warm A,269075,1632,1631,3134,1917,1,0.0001848209
Warm A,346248,2030,2029,3134,1917,1,0.010130409
Warm A,256662,1569,1568,3134,1917,1,0.007769479
Warm A,256544,1567,1566,3134,1917,1,0.0008548687
Warm A,303294,1802,1801,3134,1917,1,-0.00237049
Warm A,325446,1926,1925,3134,1917,1,0.00096903765
Warm A,284254,1698,1697,3134,1917,1,0.0045832037
Warm A,320156,1899,1898,3134,1917,1,0.007415902
Warm A,218301,1323,1322,3134,1917,1,0.012031085
Warm A,199495,1224,1223,3134,1917,1,0.011340398
Warm A,374149,2181,2180,3134,1917,1,0.00853573
Warm A,334643,1974,1973,3134,1917,1,0.0026963304
Warm A,184403,1147,1146,3134,1917,1,0.0020242129
Warm A,180349,1128,1127,3134,1917,1,-0.0055939984
Warm A,191061,1181,1180,3134,1917,1,0.007649386
Warm A,160168,1019,1018,3134,1917,1,0.0023364024
Warm A,158313,1015,1014,3134,1917,1,0.0018403875
Warm A,152000,977,976,3134,1917,1,-0.0048740054
Warm A,149017,958,957,3134,1917,1,-0.0013764652
Warm A,227851,1382,1381,3134,1917,1,0.015338019
Warm A,222106,1343,1342,3134,1917,1,0.0044274526
Warm A,143000,922,921,3134,1917,0,-0.0012740422
Warm A,138419,889,888,3134,1917,1,0.0048950748
Warm A,201609,1242,1241,3134,1917,1,0.005766321
Warm A,131203,850,849,3134,1917,1,0.0047855326
Warm A,694982,4164,4163,3134,1917,1,0.0033945534
Warm A,374845,2185,2184,3134,1917,1,0.0079542035
Warm A,106806,702,701,3134,1917,0,0.009685764
Warm A,103593,688,687,3134,1917,1,0.007219629
Warm A,329387,1943,1942,3134,1917,0,0.010816745
Warm A,115679,750,749,3134,1917,1,0.004432111
Warm A,85608,558,557,3134,1917,1,0.008802747
Warm A,69507,466,465,3134,1917,1,0.0012701716
Warm A,605261,3679,3678,3134,1917,0,-0.0032503419
Warm A,626848,3792,3791,3134,1917,0,0.0053712716
Warm A,48787,327,326,3134,1917,1,0.0043304455
Warm A,133649,864,863,3134,1917,0,0.00876929
Warm A,947577,5722,5721,3134,1917,1,0.0013142114
Warm A,592025,3610,3609,3134,1917,0,-0.00046061247
Warm A,8756,59,58,3134,1917,1,0.004260789
Warm A,607722,3688,3687,3134,1917,1,0.0010330959
Warm A,739419,4418,4417,3134,1917,1,-0.005009007
Warm A,74323,507,506,3134,1917,1,0.00563117
Warm A,24243,173,172,3134,1917,1,0.0067970804
Warm A,284874,1699,1698,3134,1917,1,0.0049184286
Warm A,249874,1505,1504,3134,1917,1,0.008221608
Warm A,744937,4448,4447,3134,1917,1,0.0026991956
Warm A,369269,2159,2158,3134,1917,1,0.0021286388
Warm A,287751,1717,1716,3134,1917,1,-0.000317374
Warm A,208827,1274,1273,3134,1917,1,0.007220881
Warm A,841169,5054,5053,3134,1917,0,0.0077311033
Warm A,497265,3054,3053,3134,1917,1,0.00717803
Warm A,322451,1912,1911,3134,1917,0,0.0031094486
Warm A,421052,2544,2543,3134,1917,1,-0.009111951
Warm A,171746,1088,1087,3134,1917,1,0.0023100572
Warm A,324983,1925,1924,3134,1917,0,0.0022755978
Warm A,916702,5539,5538,3134,1917,1,0.008730882
Warm A,27934,195,194,3134,1917,1,0.0036452217
Warm A,176061,1113,1112,3134,1917,1,0.0050997315
Warm A,691909,4140,4139,3135,1918,1,0.0025976442
Warm A,743925,4447,4446,3135,1918,0,-0.0036633066
Warm A,685560,4098,4097,3135,1918,0,0.003573017
Warm A,678591,4064,4063,3135,1918,1,-0.004316393
Warm A,678007,4063,4062,3135,1918,1,0.010594143
Warm A,675502,4053,4052,3135,1918,1,-0.0002914688
Warm A,667095,4015,4014,3135,1918,0,-0.0018089465
Warm A,665878,4007,4006,3135,1918,1,0.0007595746
Warm A,664064,3999,3998,3135,1918,1,0.0001851432
Warm A,660406,3981,3980,3135,1918,0,0.0021823246
Warm A,648259,3903,3902,3135,1918,1,0.00051630475
Warm A,639164,3842,3841,3135,1918,0,-0.004209557
Warm A,632481,3823,3822,3135,1918,1,0.0064900825
Warm A,638270,3841,3840,3135,1918,1,-0.00010605017
Warm A,653574,3940,3939,3135,1918,1,0.0027272007
Warm A,619554,3754,3753,3135,1918,1,-0.0036710163
Warm A,744938,4448,4447,3135,1918,0,-0.010481817
Warm A,611166,3705,3704,3135,1918,1,-0.0061153523
Warm A,726492,4345,4344,3135,1918,1,-0.008792239
Warm A,595268,3621,3620,3135,1918,1,-0.005040514
Warm A,590167,3600,3599,3135,1918,1,0.0024876762
Warm A,587034,3585,3584,3135,1918,1,0.0020517332
Warm A,576208,3521,3520,3135,1918,1,-0.0022884868
Warm A,569285,3491,3490,3135,1918,1,-0.001847825
Warm A,593956,3618,3617,3135,1918,0,0.0041595334
Warm A,566315,3476,3475,3135,1918,1,-0.0109029235
Warm A,549101,3389,3388,3135,1918,0,0.007466953
Warm A,541243,3329,3328,3135,1918,1,0.0020858923
Warm A,533405,3292,3291,3135,1918,1,0.0044230735
Warm A,522657,3224,3223,3135,1918,1,0.00011891924
Warm A,520064,3208,3207,3135,1918,0,0.010005877
Warm A,510533,3146,3145,3135,1918,1,0.00025782466
Warm A,509002,3131,3130,3135,1918,0,0.0027257372
Warm A,505190,3108,3107,3135,1918,0,0.0006533158
Warm A,485797,2990,2989,3135,1918,1,-0.02093268
Warm A,482750,2967,2966,3135,1918,1,0.003442019
Warm A,696423,4169,4168,3135,1918,1,-0.0020502268
Warm A,471652,2901,2900,3135,1918,1,0.0053433827
Warm A,567529,3483,3482,3135,1918,1,-0.003671328
Warm A,466887,2878,2877,3135,1918,0,0.009713177
Warm A,462629,2854,2853,3135,1918,0,0.0011598923
Warm A,459173,2826,2825,3135,1918,0,-0.007339001
Warm A,464204,2860,2859,3135,1918,1,-0.004082826
Warm A,897611,5428,5427,3135,1918,1,-0.008058192
Warm A,564487,3471,3470,3135,1918,0,0.0126571655
Warm A,470010,2895,2894,3135,1918,1,-0.0012374194
Warm A,446890,2753,2752,3135,1918,1,0.0005242204
Warm A,443350,2733,2732,3135,1918,1,-0.0012910017
Warm A,442594,2726,2725,3135,1918,1,-0.00032933464
Warm A,437972,2676,2675,3135,1918,1,-0.003354202
Warm A,433659,2643,2642,3135,1918,0,0.012131796
Warm A,428054,2602,2601,3135,1918,0,-0.0020407522
Warm A,426974,2592,2591,3135,1918,0,-0.0042229732
Warm A,419819,2537,2536,3135,1918,0,0.006690941
Warm A,418127,2526,2525,3135,1918,1,0.0004087569
Warm A,411871,2476,2475,3135,1918,1,0.010231154
Warm A,414635,2496,2495,3135,1918,0,0.0023294073
Warm A,411593,2472,2471,3135,1918,1,-0.0049430374
Warm A,398270,2368,2367,3135,1918,1,-0.0014971043
Warm A,436496,2665,2664,3135,1918,1,-0.0013162624
Warm A,389003,2279,2278,3135,1918,0,0.0039112247
Warm A,372301,2174,2173,3135,1918,1,-0.0069159544
Warm A,372060,2173,2172,3135,1918,0,-0.0054632397
Warm A,369958,2164,2163,3135,1918,1,-0.0072084595
Warm A,366978,2140,2139,3135,1918,1,-0.00032872683
Warm A,364817,2124,2123,3135,1918,1,-0.0055223485
Warm A,347664,2039,2038,3135,1918,1,0.001970537
Warm A,343672,2018,2017,3135,1918,1,-0.017162785
Warm A,340187,2008,2007,3135,1918,1,0.005148527
Warm A,344140,2020,2019,3135,1918,0,0.002576174
Warm A,332240,1960,1959,3135,1918,1,-0.00031077332
Warm A,282041,1692,1691,3135,1918,1,0.0040849564
Warm A,279417,1680,1679,3135,1918,1,-0.0015350226
Warm A,269076,1632,1631,3135,1918,0,-0.00092609855
Warm A,260121,1591,1590,3135,1918,1,0.009365609
Warm A,350741,2059,2058,3135,1918,1,0.0018424555
Warm A,283216,1696,1695,3135,1918,1,0.005265139
Warm A,312366,1861,1860,3135,1918,1,0.00038629165
Warm A,205874,1264,1263,3135,1918,0,-0.008699415
Warm A,213524,1298,1297,3135,1918,1,0.0077943923
Warm A,207541,1268,1267,3135,1918,1,-0.0011079679
Warm A,199496,1224,1223,3135,1918,1,0.0014243678
Warm A,197009,1209,1208,3135,1918,0,-0.0031096586
Warm A,188616,1170,1169,3135,1918,1,-0.002331135
Warm A,177598,1119,1118,3135,1918,1,0.0055718087
Warm A,167909,1068,1067,3135,1918,1,0.005152175
Warm A,162948,1040,1039,3135,1918,1,0.0010254916
Warm A,320157,1899,1898,3135,1918,1,-0.0036125216
Warm A,153105,984,983,3135,1918,1,0.007952571
Warm A,338187,1988,1987,3135,1918,1,0.0064750216
Warm A,222107,1343,1342,3135,1918,1,-0.0051643457
Warm A,713151,4277,4276,3135,1918,1,-0.0009809046
Warm A,315328,1880,1879,3135,1918,0,0.0018214614
Warm A,124520,801,800,3135,1918,1,0.0014271252
Warm A,135042,873,872,3135,1918,1,0.0036032074
Warm A,106807,702,701,3135,1918,0,-0.0009458824
Warm A,631633,3821,3820,3135,1918,0,-0.0020304224
Warm A,284255,1698,1697,3135,1918,1,-0.0037453317
Warm A,89814,591,590,3135,1918,1,0.004193631
Warm A,191062,1181,1180,3135,1918,0,-9.5319934e-05
Warm A,83228,549,548,3135,1918,1,0.000287621
Warm A,228332,1383,1382,3135,1918,1,-0.004246463
Warm A,66577,445,444,3135,1918,1,-0.0032447288
Warm A,71565,481,480,3135,1918,1,2.4763867e-05
Warm A,63712,425,424,3135,1918,1,-0.0005150263
Warm A,211046,1285,1284,3135,1918,1,0.010198161
Warm A,53499,352,351,3135,1918,1,-0.0027371028
Warm A,241276,1451,1450,3135,1918,1,0.00395078
Warm A,42064,285,284,3135,1918,1,-0.0028620358
Warm A,145375,935,934,3135,1918,1,-0.0027940823
Warm A,537989,3312,3311,3135,1918,1,-0.0020928974
Warm A,35214,238,237,3135,1918,1,0.0011296964
Warm A,27505,193,192,3135,1918,1,-0.0100188125
Warm A,21931,161,160,3135,1918,1,-0.009500112
Warm A,19838,149,148,3135,1918,1,-0.001224378
Warm A,123451,796,795,3135,1918,0,0.0030601968
Warm A,20359,150,149,3135,1918,1,-0.0055656983
Warm A,357523,2092,2091,3135,1918,1,-0.00894876
Warm A,421053,2544,2543,3135,1918,1,-0.00031999312
Warm A,18597,146,145,3135,1918,1,0.0015759999
Warm A,552422,3401,3400,3135,1918,0,0.0059416415
Warm A,524423,3233,3232,3135,1918,1,-0.0022839294
Warm A,158314,1015,1014,3135,1918,1,-0.00069065124
Warm A,249875,1505,1504,3135,1918,1,0.004493993
Warm A,339204,1998,1997,3135,1918,0,0.012893289
Warm A,383252,2239,2238,3135,1918,0,-0.0032540855
Warm A,204613,1260,1259,3135,1918,1,-0.0057607302
Warm A,680684,4079,4078,3135,1918,1,-0.0024890522
Warm A,633351,3824,3823,3135,1918,0,0.007640912
Warm A,47271,319,318,3135,1918,1,0.0027840259
Warm A,841170,5054,5053,3135,1918,0,0.0063559273
Warm A,384493,2246,2245,3135,1918,1,-0.004925018
Warm A,319398,1897,1896,3135,1918,1,0.0043390184
Warm A,739420,4418,4417,3135,1918,0,0.0014383286
Warm A,555048,3413,3412,3135,1918,1,-0.0039218636
Warm A,102348,678,677,3138,1919,0,0.016864955
Warm A,204615,1260,1259,3138,1919,0,0.017925894
Warm A,397927,2362,2361,3138,1919,1,0.005573863
Warm A,764029,4543,4542,3138,1919,0,0.0037231902
Warm A,111678,727,726,3138,1919,0,0.014447753
Warm A,974368,5878,5877,3138,1919,0,0.01311482
Warm A,160180,1019,1018,3141,1920,0,0.004812026
Warm A,141557,911,910,3141,1920,1,0.00714023
Warm A,539953,3320,3319,3142,1921,1,0.022274066
Warm A,514568,3178,3177,3142,1921,0,0.010331789
Warm A,605852,3681,3680,3142,1921,1,0.01462359
Warm A,508687,3129,3128,3142,1921,1,0.016633779
Warm A,504829,3106,3105,3142,1921,0,0.005987807
Warm A,480969,2953,2952,3142,1921,0,0.012730212
Warm A,474918,2914,2913,3142,1921,1,0.0030702204
Warm A,515542,3182,3181,3142,1921,0,0.014232743
Warm A,462633,2854,2853,3142,1921,0,0.010792846
Warm A,457381,2818,2817,3142,1921,0,0.011425024
Warm A,451792,2781,2780,3142,1921,1,0.0057479623
Warm A,459176,2826,2825,3142,1921,0,0.0070872647
Warm A,429509,2615,2614,3142,1921,1,0.001070676
Warm A,415947,2505,2504,3142,1921,1,0.008720775
Warm A,416688,2507,2506,3142,1921,0,0.012966101
Warm A,404590,2419,2418,3142,1921,0,0.016609587
Warm A,399132,2376,2375,3142,1921,0,0.03038757
Warm A,387036,2263,2262,3142,1921,0,0.012236358
Warm A,377874,2205,2204,3142,1921,0,0.011004734
Warm A,369190,2158,2157,3142,1921,1,-1.635938e-05
Warm A,364823,2124,2123,3142,1921,1,0.010706807
Warm A,358915,2100,2099,3142,1921,1,0.015238393
Warm A,295303,1753,1752,3142,1921,1,0.012393917
Warm A,274755,1661,1660,3142,1921,1,0.009495946
Warm A,284877,1699,1698,3142,1921,0,0.01918367
Warm A,269085,1632,1631,3142,1921,0,0.019261926
Warm A,252059,1525,1524,3142,1921,0,-0.00097034033
Warm A,247198,1494,1493,3142,1921,0,0.01689428
Warm A,284267,1698,1697,3142,1921,1,0.017105281
Warm A,215323,1305,1304,3142,1921,1,0.0069733327
Warm A,289383,1727,1726,3142,1921,1,0.011990692
Warm A,296514,1758,1757,3142,1921,1,0.02482681
Warm A,592031,3610,3609,3142,1921,0,0.0059696455
Warm A,197012,1209,1208,3142,1921,1,0.010647497
Warm A,214924,1303,1302,3142,1921,0,0.01504847
Warm A,307516,1835,1834,3142,1921,1,0.008195793
Warm A,226143,1369,1368,3142,1921,0,0.005950404
Warm A,212966,1297,1296,3142,1921,0,0.006609367
Warm A,221431,1340,1339,3142,1921,0,0.014716314
Warm A,133541,863,862,3142,1921,1,0.008485035
Warm A,180355,1128,1127,3142,1921,0,0.008718317
Warm A,127950,826,825,3142,1921,1,0.0029310961
Warm A,211056,1285,1284,3142,1921,1,0.018901901
Warm A,116316,752,751,3142,1921,0,0.0061788363
Warm A,112890,732,731,3142,1921,1,0.010919672
Warm A,160181,1019,1018,3142,1921,0,0.0010207234
Warm A,108066,710,709,3142,1921,0,0.004186387
Warm A,239047,1448,1447,3142,1921,1,0.015855003
Warm A,83239,549,548,3142,1921,1,0.02378081
Warm A,74426,508,507,3142,1921,1,0.007535181
Warm A,201619,1242,1241,3142,1921,1,0.011533236
Warm A,45168,305,304,3142,1921,0,0.003071693
Warm A,38210,261,260,3142,1921,1,0.0061816266
Warm A,947579,5722,5721,3142,1921,0,0.0063717784
Warm A,18051,139,138,3142,1921,0,0.016919807
Warm A,9171,62,61,3142,1921,1,-0.0007568323
Warm A,6691,48,47,3142,1921,1,0.00061972346
Warm A,24255,173,172,3142,1921,1,0.009657091
Warm A,19254,148,147,3142,1921,1,0.013778747
Warm A,167118,1063,1062,3142,1921,1,0.01094301
Warm A,873963,5277,5276,3142,1921,0,0.013935525
Warm A,265151,1611,1610,3142,1921,1,0.010880508
Warm A,241287,1451,1450,3142,1921,1,0.007153305
Warm A,161369,1029,1028,3142,1921,0,0.015252151
Warm A,958851,5787,5786,3142,1921,1,0.012360567
Warm A,229662,1390,1389,3142,1921,1,0.0142505
Warm A,473765,2909,2908,3142,1921,0,0.009506077
Warm A,5218,36,35,3142,1921,1,0.01808995
Warm A,639172,3842,3841,3142,1921,0,0.010985933
Warm A,63064,424,423,3142,1921,1,0.01020171
Warm A,333921,1969,1968,3165,1934,0,0.0031640842
Warm A,634074,3825,3824,3167,1935,0,0.00043271063
Warm A,632505,3823,3822,3167,1935,1,0.001631603
Warm A,629593,3808,3807,3167,1935,0,0.0015005087
Warm A,638307,3841,3840,3167,1935,0,0.005627471
Warm A,622735,3769,3768,3167,1935,0,-0.0052660014
Warm A,616218,3729,3728,3167,1935,1,-0.005652889
Warm A,613944,3718,3717,3167,1935,1,0.00047331955
Warm A,611201,3705,3704,3167,1935,1,0.0031530145
Warm A,587042,3585,3584,3167,1935,0,-0.007344442
Warm A,577956,3529,3528,3167,1935,0,0.001300286
Warm A,594007,3618,3617,3167,1935,0,0.007316979
Warm A,563771,3469,3468,3167,1935,0,-0.003242921
Warm A,549502,3390,3389,3167,1935,1,0.017386047
Warm A,632048,3822,3821,3167,1935,1,0.0020813246
Warm A,547999,3380,3379,3167,1935,0,0.002086397
Warm A,539589,3319,3318,3167,1935,0,0.0019421694
Warm A,558238,3428,3427,3167,1935,1,0.008033888
Warm A,533433,3292,3291,3167,1935,0,0.005686235
Warm A,522702,3224,3223,3167,1935,1,0.0051411265
Warm A,519813,3207,3206,3167,1935,0,0.0020343724
Warm A,518802,3201,3200,3167,1935,1,0.0056631193
Warm A,509527,3138,3137,3167,1935,0,0.0019428384
Warm A,505204,3108,3107,3167,1935,0,0.0066568535
Warm A,797633,4784,4783,3167,1935,1,1.2033619e-05
Warm A,546125,3367,3366,3167,1935,1,0.0063384953
Warm A,494276,3032,3031,3167,1935,1,-0.006486079
Warm A,696467,4169,4168,3167,1935,1,0.00094271405
Warm A,794622,4753,4752,3167,1935,0,-0.006483499
Warm A,601656,3658,3657,3167,1935,0,-0.0050781025
Warm A,459183,2826,2825,3167,1935,1,0.0020201905
Warm A,446906,2753,2752,3167,1935,1,-0.0022308442
Warm A,439622,2685,2684,3167,1935,0,0.004466945
Warm A,414924,2497,2496,3167,1935,1,0.0019675456
Warm A,406463,2438,2437,3167,1935,1,0.0016839635
Warm A,464224,2860,2859,3167,1935,1,0.005647231
Warm A,396678,2348,2347,3167,1935,1,0.003489838
Warm A,389012,2279,2278,3167,1935,1,-0.00122954
Warm A,381696,2231,2230,3167,1935,0,1.6010774e-05
Warm A,378759,2211,2210,3167,1935,1,-4.1918363e-05
Warm A,372071,2173,2172,3167,1935,1,0.0029719716
Warm A,366987,2140,2139,3167,1935,0,-0.0015251839
Warm A,364834,2124,2123,3167,1935,1,0.0018041779
Warm A,359452,2102,2101,3167,1935,0,0.0035324732
Warm A,361740,2109,2108,3167,1935,0,0.0063875127
Warm A,347423,2038,2037,3167,1935,1,0.009412408
Warm A,340193,2008,2007,3167,1935,1,0.00234422
Warm A,325466,1926,1925,3167,1935,1,-0.00031569775
Warm A,323215,1916,1915,3167,1935,1,-3.0401163e-05
Warm A,318409,1891,1890,3167,1935,0,0.008503978
Warm A,298349,1768,1767,3167,1935,0,0.001481931
Warm A,291996,1740,1739,3167,1935,1,-0.004669399
Warm A,279484,1680,1679,3167,1935,1,0.0053411312
Warm A,271636,1642,1641,3167,1935,1,-0.0015344298
Warm A,269099,1632,1631,3167,1935,0,-0.0047468403
Warm A,259539,1587,1586,3167,1935,0,-0.0028071133
Warm A,631661,3821,3820,3167,1935,1,0.0025015061
Warm A,226770,1375,1374,3167,1935,0,0.0041781664
Warm A,225104,1361,1360,3167,1935,1,-0.0034391559
Warm A,320179,1899,1898,3167,1935,1,0.0020901202
Warm A,218046,1322,1321,3167,1935,0,0.004137706
Warm A,244050,1470,1469,3167,1935,0,-0.004912962
Warm A,188627,1170,1169,3167,1935,1,0.004087248
Warm A,153132,984,983,3167,1935,0,-0.002768361
Warm A,338212,1988,1987,3167,1935,1,0.0026005106
Warm A,185448,1150,1149,3167,1935,1,-0.006125631
Warm A,138474,889,888,3167,1935,0,0.00091069355
Warm A,135046,873,872,3167,1935,0,0.0046725795
Warm A,201634,1242,1241,3167,1935,1,-0.0026618973
Warm A,315359,1880,1879,3167,1935,1,0.0024004923
Warm A,160199,1019,1018,3167,1935,1,0.0018113148
Warm A,106822,702,701,3167,1935,0,0.013135994
Warm A,83264,549,548,3167,1935,1,0.0038797325
Warm A,77650,524,523,3167,1935,1,0.003080117
Warm A,211082,1285,1284,3167,1935,1,-0.007803086
Warm A,61206,412,411,3167,1935,0,0.008719541
Warm A,145392,935,934,3167,1935,1,-0.004270148
Warm A,46791,314,313,3167,1935,1,-0.00033284636
Warm A,31930,216,215,3167,1935,1,0.012383761
Warm A,88872,587,586,3167,1935,1,0.006605766
Warm A,947582,5722,5721,3167,1935,1,-0.00023575895
Warm A,9805,67,66,3167,1935,1,-0.0022405572
Warm A,15488,123,122,3167,1935,0,0.0067856926
Warm A,4540,33,32,3167,1935,0,-0.0009889365
Warm A,357548,2092,2091,3167,1935,1,0.007893098
Warm A,60607,411,410,3167,1935,0,-0.0007522409
Warm A,55243,366,365,3167,1935,1,0.004703693
Warm A,56247,375,374,3167,1935,0,-0.0015349865
Warm A,458054,2820,2819,3167,1935,1,0.0030482481
Warm A,552451,3401,3400,3167,1935,0,0.001563455
Warm A,234189,1422,1421,3167,1935,0,-0.0045526205
Warm A,843977,5074,5073,3167,1935,1,0.005820849
Warm A,158361,1015,1014,3167,1935,1,0.0021267687
Warm A,249890,1505,1504,3167,1935,1,-0.0020439855
Warm A,713175,4277,4276,3167,1935,0,0.0034045354
Warm A,287771,1717,1716,3167,1935,1,0.0055185216
Warm A,841182,5054,5053,3167,1935,1,0.011508739
Warm A,319422,1897,1896,3167,1935,1,-0.0018878081
Warm A,993886,6002,6001,3167,1935,0,0.0072326344
Warm A,739424,4418,4417,3167,1935,0,0.0007940773
Warm A,276313,1671,1670,3167,1935,1,0.0031239998
Warm A,290325,1733,1732,3167,1935,1,0.0057251835
Warm A,821592,4940,4939,3167,1935,1,0.011569668
Warm A,916712,5539,5538,3167,1935,1,0.005100187
Warm A,63085,424,423,3167,1935,1,0.0030072662
Warm A,747945,4463,4462,3167,1935,1,0.0037096217
Warm A,793428,4744,4743,3167,1935,0,0.006722744
Warm A,580022,3540,3539,3177,1942,0,0.0048630713
Warm A,579492,3539,3538,3177,1942,0,0.015666638
Warm A,578530,3536,3535,3177,1942,0,-0.0039008106
Warm A,569334,3491,3490,3177,1942,0,0.0064599817
Warm A,581366,3550,3549,3177,1942,1,0.011714656
Warm A,562099,3458,3457,3177,1942,0,0.011350792
Warm A,547268,3375,3374,3177,1942,1,-0.00057296205
Warm A,541524,3332,3331,3177,1942,1,0.012224029
Warm A,537286,3311,3310,3177,1942,0,0.008719818
Warm A,532760,3290,3289,3177,1942,0,-0.00023338641
Warm A,527525,3261,3260,3177,1942,0,0.0015335749
Warm A,525487,3245,3244,3177,1942,0,0.00024742703
Warm A,521766,3219,3218,3177,1942,0,0.0060128714
Warm A,518352,3199,3198,3177,1942,0,0.006492397
Warm A,517437,3193,3192,3177,1942,1,0.0041269697
Warm A,516094,3185,3184,3177,1942,0,0.0018545275
Warm A,515572,3182,3181,3177,1942,0,0.007361649
Warm A,510901,3149,3148,3177,1942,1,0.0037051064
Warm A,510385,3144,3143,3177,1942,1,0.0055641467
Warm A,509080,3133,3132,3177,1942,1,-0.0039962074
Warm A,498983,3066,3065,3177,1942,0,0.009233708
Warm A,753316,4489,4488,3177,1942,0,0.0050035994
Warm A,487942,3001,3000,3177,1942,0,0.00907434
Warm A,455014,2800,2799,3177,1942,0,-0.0024057326
Warm A,412895,2484,2483,3177,1942,0,0.01516236
Warm A,387043,2263,2262,3177,1942,0,0.0036472124
Warm A,384380,2245,2244,3177,1942,0,-0.006240789
Warm A,382618,2236,2235,3177,1942,0,0.0050447267
Warm A,378941,2212,2211,3177,1942,0,0.0072244545
Warm A,370528,2166,2165,3177,1942,0,0.008343581
Warm A,367956,2148,2147,3177,1942,1,0.0048179543
Warm A,355552,2081,2080,3177,1942,0,0.003607471
Warm A,361754,2109,2108,3177,1942,0,-0.0019191178
Warm A,358931,2100,2099,3177,1942,0,0.0095403325
Warm A,340750,2010,2009,3177,1942,0,0.007267777
Warm A,334172,1970,1969,3177,1942,0,-0.002206303
Warm A,363175,2116,2115,3177,1942,0,0.012113842
Warm A,321868,1910,1909,3177,1942,1,0.009311164
Warm A,306229,1824,1823,3177,1942,0,0.0069162217
Warm A,304309,1807,1806,3177,1942,1,-0.00044182444
Warm A,330555,1951,1950,3177,1942,0,0.013115167
Warm A,300930,1785,1784,3177,1942,0,0.0044380557
Warm A,285049,1700,1699,3177,1942,1,0.0067474158
Warm A,297598,1764,1763,3177,1942,1,0.0062232073
Warm A,277811,1676,1675,3177,1942,0,0.0049909772
Warm A,285981,1706,1705,3177,1942,0,0.0036369013
Warm A,250932,1514,1513,3177,1942,0,0.0073706014
Warm A,281915,1691,1690,3177,1942,0,0.0014718971
Warm A,296839,1759,1758,3177,1942,0,0.010043268
Warm A,204967,1261,1260,3177,1942,1,-0.0027606837
Warm A,201182,1241,1240,3177,1942,1,-0.004132688
Warm A,173130,1097,1096,3177,1942,0,0.003206369
Warm A,163468,1047,1046,3177,1942,0,0.005759826
Warm A,230568,1395,1394,3177,1942,1,0.005795573
Warm A,146272,940,939,3177,1942,0,0.0015626635
Warm A,185470,1150,1149,3177,1942,0,0.014874591
Warm A,138501,889,888,3177,1942,0,0.010135789
Warm A,135176,875,874,3177,1942,1,-0.004747516
Warm A,133358,861,860,3177,1942,0,0.0077335658
Warm A,128574,832,831,3177,1942,0,-0.0026066497
Warm A,114916,746,745,3177,1942,0,0.00827004
Warm A,166787,1060,1059,3177,1942,1,0.007020485
Warm A,103455,687,686,3177,1942,0,-0.0015388774
Warm A,100902,673,672,3177,1942,0,0.003098118
Warm A,91658,608,607,3177,1942,0,0.0065725846
Warm A,176082,1113,1112,3177,1942,0,0.009691188
Warm A,87541,572,571,3177,1942,0,0.0037218826
Warm A,119347,770,769,3177,1942,0,0.0047893254
Warm A,81770,543,542,3177,1942,1,0.0021418924
Warm A,64290,429,428,3177,1942,0,-0.0013152238
Warm A,251194,1516,1515,3177,1942,0,0.013452317
Warm A,317799,1889,1888,3177,1942,0,0.01858995
Warm A,88876,587,586,3177,1942,0,0.005908339
Warm A,139225,890,889,3177,1942,1,0.0012906475
Warm A,41728,284,283,3177,1942,0,0.004210706
Warm A,39514,268,267,3177,1942,0,0.0011120129
Warm A,40697,273,272,3177,1942,0,0.008660855
Warm A,888821,5367,5366,3177,1942,0,0.0052004564
Warm A,88217,582,581,3177,1942,1,0.00948149
Warm A,433224,2641,2640,3177,1942,0,0.0011742045
Warm A,22436,163,162,3177,1942,1,0.0062371483
Warm A,210213,1284,1283,3177,1942,0,0.0090263765
Warm A,352040,2063,2062,3177,1942,0,0.015233173
Warm A,287314,1715,1714,3177,1942,0,0.0013881708
Warm A,355021,2077,2076,3177,1942,0,0.0062052477
Warm A,548573,3386,3385,3177,1942,0,-0.0020747625
Warm A,45346,306,305,3177,1942,0,-0.00041328254
Warm A,55554,368,367,3177,1942,0,0.0045071486
Warm A,371050,2168,2167,3177,1942,0,0.002919253
Warm A,622233,3768,3767,3177,1942,0,0.0066702925
Warm A,290345,1733,1732,3177,1942,0,0.0148765715
Warm A,273073,1647,1646,3177,1942,0,0.008079933
Warm A,272275,1645,1644,3177,1942,0,0.011850656
Warm A,78541,528,527,3177,1942,0,0.012584026
Warm A,310752,1851,1850,3177,1942,0,0.0048922915
Warm A,863909,5205,5204,3177,1942,0,0.0058437847
Warm A,13134,102,101,3177,1942,0,0.0075429697
Warm A,933523,5636,5635,3177,1942,0,0.008892626
Warm A,476407,2926,2925,3177,1942,0,0.0071851867
Warm A,136705,881,880,3177,1942,0,0.015504415
Warm A,532231,3285,3284,3177,1942,0,0.0027238051
Warm A,511180,3152,3151,3177,1942,0,-0.00056329893
Warm A,785788,4697,4696,3177,1942,1,0.005892602
Warm A,941451,5682,5681,3177,1942,1,-0.0007766457
Warm A,461569,2847,2846,3177,1942,0,0.0008501713
Warm A,83282,549,548,3177,1942,0,0.009050591
Warm A,33907,229,228,3177,1942,0,0.0029682578
Warm A,382063,2232,2231,3177,1942,0,0.008598998
Warm A,116376,752,751,3180,1945,0,0.0031804629
Warm A,32475,218,217,3180,1945,0,-0.0032037997
Warm A,31504,214,213,3180,1945,0,0.010864662
Warm A,29736,202,201,3180,1945,0,0.0010057378
Warm A,764053,4543,4542,3180,1945,0,0.004812396
Warm A,119355,770,769,3180,1945,0,0.006297864
Warm A,363187,2116,2115,3180,1945,0,-0.0065794345
Warm A,499554,3067,3066,3180,1945,0,0.00020664255
Warm A,52980,349,348,3180,1945,0,0.0068334495
Warm A,179695,1125,1124,3180,1945,0,-0.00071236095
Warm A,448760,2765,2764,3181,1946,1,0.005389991
Warm A,444104,2738,2737,3181,1946,1,0.0018254074
Warm A,580029,3540,3539,3181,1946,1,-0.0070128297
Warm A,574332,3516,3515,3181,1946,1,0.004180828
Warm A,427253,2593,2592,3181,1946,1,0.0032626567
Warm A,426252,2589,2588,3181,1946,1,0.003830743
Warm A,428614,2608,2607,3181,1946,0,0.013906227
Warm A,421416,2545,2544,3181,1946,0,0.0095776785
Warm A,415803,2504,2503,3181,1946,0,0.0031143283
Warm A,411084,2466,2465,3181,1946,0,0.005789633
Warm A,399157,2376,2375,3181,1946,1,0.0060098693
Warm A,428155,2604,2603,3181,1946,1,-0.0048637125
Warm A,391667,2303,2302,3181,1946,1,-0.00041196798
Warm A,386656,2261,2260,3181,1946,1,0.005541211
Warm A,382941,2237,2236,3181,1946,1,0.0013685266
Warm A,372079,2173,2172,3181,1946,0,0.008054375
Warm A,340761,2010,2009,3181,1946,0,0.007621046
Warm A,337508,1984,1983,3181,1946,0,0.0034955717
Warm A,360918,2106,2105,3181,1946,1,-0.0029101055
Warm A,274451,1658,1657,3181,1946,1,0.006082045
Warm A,269123,1632,1631,3181,1946,0,0.0032514317
Warm A,246381,1489,1488,3181,1946,0,0.005996033
Warm A,325481,1926,1925,3181,1946,1,-3.270409e-05
Warm A,244072,1470,1469,3181,1946,1,0.001066118
Warm A,294380,1749,1748,3181,1946,0,0.0008143876
Warm A,196612,1207,1206,3181,1946,1,0.007033921
Warm A,181467,1134,1133,3181,1946,1,-0.0029941644
Warm A,175046,1109,1108,3181,1946,1,-0.0006754296
Warm A,263466,1605,1604,3181,1946,1,-0.0020818254
Warm A,168551,1069,1068,3181,1946,0,0.011323617
Warm A,153158,984,983,3181,1946,0,0.010101609
Warm A,150089,966,965,3181,1946,0,0.0057392847
Warm A,217170,1317,1316,3181,1946,1,0.0061004567
Warm A,138516,889,888,3181,1946,0,0.005718914
Warm A,178227,1120,1119,3181,1946,1,0.006122532
Warm A,248418,1499,1498,3181,1946,0,0.006308106
Warm A,115145,748,747,3181,1946,1,0.00510437
Warm A,114920,746,745,3181,1946,0,0.008834686
Warm A,223090,1352,1351,3181,1946,1,-0.0026564142
Warm A,100911,673,672,3181,1946,1,-0.0072131655
Warm A,109356,714,713,3181,1946,1,0.0053706914
Warm A,177054,1117,1116,3181,1946,1,0.0026277052
Warm A,77674,524,523,3181,1946,1,0.004379493
Warm A,113876,738,737,3181,1946,0,-0.0027808857
Warm A,65449,438,437,3181,1946,1,0.00332028
Warm A,155416,1001,1000,3181,1946,1,0.011846764
Warm A,784148,4682,4681,3181,1946,1,0.0067427307
Warm A,67053,451,450,3181,1946,1,-0.004198991
Warm A,317807,1889,1888,3181,1946,0,0.008316674
Warm A,41440,281,280,3181,1946,0,0.0015505913
Warm A,864248,5208,5207,3181,1946,1,0.00470566
Warm A,34102,230,229,3181,1946,1,0.0057839816
Warm A,235088,1425,1424,3181,1946,1,0.0040310426
Warm A,720129,4312,4311,3181,1946,1,0.00040269655
Warm A,153803,988,987,3181,1946,0,-0.0009745291
Warm A,133457,862,861,3181,1946,0,0.0027679098
Warm A,223643,1354,1353,3181,1946,1,-0.002776274
Warm A,55257,366,365,3181,1946,1,0.0029259096
Warm A,206985,1266,1265,3181,1946,0,-0.0028032488
Warm A,93046,623,622,3181,1946,1,0.007338319
Warm A,450077,2775,2774,3181,1946,1,0.007627931
Warm A,158391,1015,1014,3181,1946,1,0.0031947098
Warm A,808550,4842,4841,3181,1946,1,0.003747676
Warm A,93350,624,623,3181,1946,0,-0.0046901293
Warm A,28051,195,194,3181,1946,1,0.01182672
Warm A,149663,963,962,3181,1946,1,-0.00084319076
Warm A,34681,235,234,3181,1946,1,-0.0015770281
Warm A,129529,839,838,3181,1946,1,0.0030083633
Warm A,238056,1447,1446,3181,1946,1,0.0151569685
Warm A,713188,4277,4276,3181,1946,0,0.0173341
Warm A,392901,2307,2306,3181,1946,1,0.019072145
Warm A,182096,1137,1136,3181,1946,1,0.01571301
Warm A,895699,5413,5412,3181,1946,0,0.0038394649
Warm A,750454,4478,4477,3181,1946,1,0.0061698984
Warm A,384504,2246,2245,3181,1946,1,0.00066308375
Warm A,567579,3483,3482,3181,1946,0,0.012352994
Warm A,804329,4816,4815,3181,1946,1,0.005081061
Warm A,564543,3471,3470,3181,1946,0,0.016544338
Warm A,801448,4802,4801,3181,1946,1,0.014005898
Warm A,484335,2980,2979,3181,1946,1,-0.001348142
Warm A,744968,4448,4447,3181,1946,1,0.009296218
Warm A,329434,1943,1942,3181,1946,1,0.018862266
Warm A,352053,2063,2062,3181,1946,0,-0.00079977955
Warm A,229340,1389,1388,3181,1946,1,0.0071422006
Warm A,160222,1019,1018,3181,1946,1,0.008316927
Warm A,309680,1842,1841,3181,1946,1,0.004975961
Warm A,117197,755,754,3181,1946,0,-0.0004570845
Warm A,195576,1203,1202,3181,1946,1,0.002291188
Warm A,772711,4607,4606,3181,1946,1,0.014787209
Warm A,206398,1265,1264,3181,1946,1,0.009086887
Warm A,211118,1285,1284,3181,1946,0,0.009375446
Warm A,841189,5054,5053,3181,1946,0,-0.004122815
Warm A,285392,1701,1700,3181,1946,1,0.0018019299
Warm A,986669,5956,5955,3181,1946,0,0.009136185
Warm A,699723,4186,4185,3181,1946,0,0.01736794
Warm A,144393,930,929,3181,1946,0,0.0145362895
Warm A,290350,1733,1732,3181,1946,1,0.013620643
Warm A,966875,5831,5830,3181,1946,1,0.0114857415
Warm A,886934,5359,5358,3181,1946,0,0.0075822007
Warm A,171820,1088,1087,3181,1946,1,0.016876705
Warm A,187713,1164,1163,3181,1946,1,-0.0015941497
Warm A,193761,1194,1193,3181,1946,0,0.002559654
Warm A,372662,2176,2175,3181,1946,1,0.0070780143
Warm A,284320,1698,1697,3182,1947,1,0.0018975376
Warm A,215324,1305,1304,3182,1947,1,0.0023300624
Warm A,211120,1285,1284,3182,1947,1,0.015754733
Warm A,208855,1274,1273,3182,1947,1,0.010206005
Warm A,201653,1242,1241,3182,1947,1,0.0074769696
Warm A,294382,1749,1748,3182,1947,1,0.0038995259
Warm A,293231,1746,1745,3182,1947,1,0.000980507
Warm A,214962,1303,1302,3182,1947,1,0.0078548305
Warm A,184415,1147,1146,3182,1947,1,-0.0071241357
Warm A,180382,1128,1127,3182,1947,0,-0.00040857634
Warm A,308753,1837,1836,3182,1947,1,0.018902924
Warm A,301091,1789,1788,3182,1947,1,0.013050867
Warm A,246912,1491,1490,3182,1947,1,0.004602609
Warm A,155418,1001,1000,3182,1947,1,0.017696353
Warm A,733512,4386,4385,3182,1947,0,0.0096659735
Warm A,212988,1297,1296,3182,1947,1,-0.0013035273
Warm A,149022,958,957,3182,1947,1,0.0017213217
Warm A,185483,1150,1149,3182,1947,1,0.0103024375
Warm A,137373,886,885,3182,1947,0,-0.0053975065
Warm A,131243,850,849,3182,1947,1,0.007070047
Warm A,200092,1228,1227,3182,1947,0,-0.00090243574
Warm A,129531,839,838,3182,1947,0,0.0048039802
Warm A,132559,855,854,3182,1947,1,0.0010546334
Warm A,292790,1743,1742,3182,1947,1,0.0036318386
Warm A,101710,677,676,3182,1947,1,0.001978091
Warm A,89601,590,589,3182,1947,1,0.004734642
Warm A,53624,352,351,3182,1947,0,-0.0055872537
Warm A,325482,1926,1925,3182,1947,1,0.0004004815
Warm A,88880,587,586,3182,1947,1,0.006295856
Warm A,33420,225,224,3182,1947,0,-0.0022835075
Warm A,290353,1733,1732,3182,1947,0,0.0034276333
Warm A,314393,1877,1876,3182,1947,1,0.0036299066
Warm A,127534,823,822,3182,1947,1,0.0027920092
Warm A,268041,1628,1627,3182,1947,1,0.0037950054
Warm A,1314,11,10,3182,1947,0,0.012075273
Warm A,239096,1448,1447,3182,1947,1,0.005964903
Warm A,344174,2020,2019,3182,1947,1,0.005553048
Warm A,764055,4543,4542,3182,1947,1,-0.0023261416
Warm A,713189,4277,4276,3182,1947,1,0.0045152023
Warm A,877019,5300,5299,3182,1947,1,0.00024647592
Warm A,999975,6040,6039,3182,1947,1,0.0013459264
Warm A,176085,1113,1112,3182,1947,1,0.008139274
Warm A,18237,140,139,3182,1947,0,-0.0008752032
Warm A,19915,149,148,3182,1947,1,0.010015423
Warm A,258507,1584,1583,3182,1947,0,0.0029192977
Warm A,24304,173,172,3182,1947,1,0.003760649
Warm A,47385,319,318,3182,1947,1,0.0015037975
Warm A,557778,3425,3424,3182,1947,1,-0.005748968
Warm A,309682,1842,1841,3182,1947,1,0.005617672
Warm A,329436,1943,1942,3182,1947,1,0.008628936
Warm A,635672,3832,3831,3182,1947,0,0.0026523017
Warm A,893021,5394,5393,3182,1947,1,0.009729157
Warm A,960297,5792,5791,3182,1947,1,0.0043376754
Warm A,261221,1597,1596,3182,1947,1,-0.008627167
Warm A,157026,1010,1009,3182,1947,0,0.0037475494
Warm A,795508,4765,4764,3182,1947,1,0.006586178
Warm A,16637,131,130,3182,1947,1,-0.008586804
Warm A,105656,698,697,3182,1947,1,0.009050129
Warm A,433684,2643,2642,3182,1947,0,-1.2271106e-05
Warm A,63124,424,423,3182,1947,1,0.0071047302
Warm A,193762,1194,1193,3182,1947,1,0.014052262
Warm A,826098,4960,4959,3182,1947,1,-0.0014501163
Warm A,346662,2031,2030,3182,1947,0,0.00023682136
Warm A,550328,3391,3390,3182,1947,1,0.0043106144
Warm A,375162,2186,2185,3190,1951,0,0.0013409029
Warm A,370760,2167,2166,3190,1951,0,0.0051563485
Warm A,365996,2130,2129,3190,1951,1,-0.00020449248
Warm A,363207,2116,2115,3190,1951,0,0.016599294
Warm A,355558,2081,2080,3190,1951,0,-0.0029560225
Warm A,356472,2088,2087,3190,1951,0,0.009780604
Warm A,352080,2063,2062,3190,1951,0,0.011291351
Warm A,349126,2048,2047,3190,1951,1,0.0015692813
Warm A,340783,2010,2009,3190,1951,0,0.0058046584
Warm A,339894,2004,2003,3190,1951,0,0.0076350668
Warm A,336610,1981,1980,3190,1951,0,-0.0012970779
Warm A,324689,1923,1922,3190,1951,0,-0.0016660535
Warm A,330175,1948,1947,3190,1951,0,0.0054064514
Warm A,324503,1922,1921,3190,1951,0,0.0041386164
Warm A,309062,1838,1837,3190,1951,0,0.0044442993
Warm A,305492,1817,1816,3190,1951,0,0.011408135
Warm A,300933,1785,1784,3190,1951,0,0.0028922327
Warm A,298721,1774,1773,3190,1951,0,0.00014864467
Warm A,296848,1759,1758,3190,1951,0,0.005632527
Warm A,289737,1730,1729,3190,1951,0,0.00050127844
Warm A,289831,1732,1731,3190,1951,0,-0.0032906332
Warm A,297613,1764,1763,3190,1951,1,0.0011944687
Warm A,290364,1733,1732,3190,1951,0,0.010239058
Warm A,275635,1667,1666,3190,1951,0,0.0059719244
Warm A,277066,1675,1674,3190,1951,0,0.014431273
Warm A,271507,1641,1640,3190,1951,0,0.0024490207
Warm A,266679,1617,1616,3190,1951,0,0.0053724865
Warm A,261425,1598,1597,3190,1951,0,0.0012112889
Warm A,256261,1563,1562,3190,1951,0,0.0033712904
Warm A,253929,1544,1543,3190,1951,0,0.003255124
Warm A,267623,1626,1625,3190,1951,0,0.0013665233
Warm A,246055,1487,1486,3190,1951,0,0.0016356967
Warm A,321355,1904,1903,3190,1951,0,0.007875443
Warm A,226173,1369,1368,3190,1951,0,0.01411495
Warm A,224735,1358,1357,3190,1951,0,0.0054309126
Warm A,224250,1356,1355,3190,1951,0,0.00021615368
Warm A,223657,1354,1353,3190,1951,0,0.0019023386
Warm A,221472,1340,1339,3190,1951,0,0.011146356
Warm A,214121,1300,1299,3190,1951,0,0.006241832
Warm A,277831,1676,1675,3190,1951,0,0.014349243
Warm A,207684,1270,1269,3190,1951,0,-0.003726244
Warm A,204969,1261,1260,3190,1951,0,0.00044416334
Warm A,203427,1247,1246,3190,1951,0,-0.0026277024
Warm A,279578,1680,1679,3190,1951,0,0.00446592
Warm A,235869,1427,1426,3190,1951,0,0.0043910476
Warm A,196180,1206,1205,3190,1951,0,0.0016347354
Warm A,328394,1941,1940,3190,1951,0,-0.00285134
Warm A,326566,1935,1934,3190,1951,0,-0.002182343
Warm A,171839,1088,1087,3190,1951,0,0.003783062
Warm A,194292,1198,1197,3190,1951,0,-0.001129908
Warm A,276671,1673,1672,3190,1951,0,-0.0021264052
Warm A,162036,1033,1032,3190,1951,0,0.0031556443
Warm A,156248,1006,1005,3190,1951,0,0.009285312
Warm A,150090,966,965,3190,1951,0,0.013236433
Warm A,149342,961,960,3190,1951,0,-0.005902795
Warm A,139629,893,892,3190,1951,0,0.007439946
Warm A,138538,889,888,3190,1951,0,0.00890724
Warm A,134435,869,868,3190,1951,0,0.005263039
Warm A,182102,1137,1136,3190,1951,0,0.009269416
Warm A,127100,820,819,3190,1951,0,0.013067629
Warm A,124083,799,798,3190,1951,0,0.004641705
Warm A,122428,790,789,3190,1951,0,0.008072674
Warm A,120504,777,776,3190,1951,0,0.004865865
Warm A,292793,1743,1742,3190,1951,0,0.0053165248
Warm A,106192,699,698,3190,1951,0,0.009022999
Warm A,864251,5208,5207,3190,1951,0,0.00767708
Warm A,250444,1509,1508,3190,1951,0,-0.0012822005
Warm A,85918,561,560,3190,1951,0,0.009004688
Warm A,86190,563,562,3190,1951,0,0.0075011738
Warm A,84336,550,549,3190,1951,0,0.015770737
Warm A,77684,524,523,3190,1951,0,0.008585099
Warm A,66600,445,444,3190,1951,0,0.0013748314
Warm A,62279,422,421,3190,1951,0,-0.00093595864
Warm A,50859,335,334,3190,1951,0,0.006047708
Warm A,49342,329,328,3190,1951,0,0.0078090513
Warm A,14133,115,114,3190,1951,0,-0.0019997833
Warm A,13976,113,112,3190,1951,0,0.0026226777
Warm A,14455,117,116,3190,1951,0,-0.0016877356
Warm A,8992,61,60,3190,1951,0,0.0012682062
Warm A,203192,1246,1245,3190,1951,0,0.0015769241
Warm A,713208,4277,4276,3190,1951,1,0.01074236
Warm A,481929,2962,2961,3190,1951,0,-0.009859985
Warm A,773466,4610,4609,3190,1951,0,0.011726352
Warm A,147015,948,947,3190,1951,0,-0.0012515045
Warm A,503857,3096,3095,3190,1951,0,0.007118149
Warm A,456096,2808,2807,3190,1951,1,0.004893902
Warm A,287790,1717,1716,3190,1951,0,0.003238902
Warm A,554074,3410,3409,3190,1951,0,0.0038629954
Warm A,331763,1958,1957,3190,1951,0,0.012775555
Warm A,238078,1447,1446,3190,1951,0,0.0053686486
Warm A,559438,3436,3435,3190,1951,1,0.0068453983
Warm A,464243,2860,2859,3190,1951,0,0.012420217
Warm A,44421,302,301,3190,1951,0,0.0064074732
Warm A,673334,4042,4041,3190,1951,0,0.008168274
Warm A,231164,1399,1398,3190,1951,0,4.8535643e-05
Warm A,299149,1776,1775,3190,1951,0,0.009315111
Warm A,235105,1425,1424,3190,1951,0,0.00064570387
Warm A,325007,1925,1924,3190,1951,1,-0.002421313
Warm A,720137,4312,4311,3190,1951,0,0.012394233
Warm A,341699,2012,2011,3190,1951,0,0.0031953386
Warm A,83322,549,548,3190,1951,0,0.00092449796
Warm A,144545,931,930,3199,1956,1,0.0009618094
Warm A,347451,2038,2037,3199,1956,0,-0.001815184
Warm A,131260,850,849,3199,1956,0,0.011020857
Warm A,90155,594,593,3199,1956,0,-0.00094486657
Warm A,339236,1998,1997,3199,1956,0,0.0050129276
Warm A,84346,550,549,3199,1956,0,0.0045810463
Warm A,21537,157,156,3199,1956,1,0.0010154758
Warm A,357583,2092,2091,3199,1956,0,0.00056877383
Warm A,94611,635,634,3199,1956,1,-7.676077e-06
Warm A,923960,5580,5579,3199,1956,1,0.0033347488
Warm A,958868,5787,5786,3199,1956,0,0.0021657376
Warm A,841198,5054,5053,3199,1956,0,2.96816e-05
Warm A,637718,3841,3840,3200,1957,1,0.0018681814
Warm A,613837,3718,3717,3200,1957,1,0.0031696004
Warm A,610852,3705,3704,3200,1957,1,0.0026179457
Warm A,615486,3727,3726,3200,1957,0,0.004418034
Warm A,603347,3672,3671,3200,1957,1,-0.0023913695
Warm A,587663,3589,3588,3200,1957,0,-0.0016848762
Warm A,585515,3576,3575,3200,1957,0,0.0031473557
Warm A,582881,3561,3560,3200,1957,0,0.0042736684
Warm A,580400,3546,3545,3200,1957,0,0.0040179444
Warm A,567245,3483,3482,3200,1957,1,-0.006643453
Warm A,713630,4277,4276,3200,1957,1,0.006615059
Warm A,566007,3476,3475,3200,1957,1,0.0020128165
Warm A,547821,3380,3379,3200,1957,1,0.010977326
Warm A,541198,3329,3328,3200,1957,1,0.008478887
Warm A,540206,3321,3320,3200,1957,1,0.0008953784
Warm A,539534,3319,3318,3200,1957,0,-0.004341824
Warm A,540342,3323,3322,3200,1957,1,-0.0029900195
Warm A,534586,3300,3299,3200,1957,1,0.0003350107
Warm A,532985,3292,3291,3200,1957,0,0.006716634
Warm A,529420,3272,3271,3200,1957,0,0.014236564
Warm A,501131,3080,3079,3200,1957,1,0.0018167798
Warm A,545976,3367,3366,3200,1957,1,-0.0011497516
Warm A,482555,2967,2966,3200,1957,1,-0.003875355
Warm A,697047,4169,4168,3200,1957,1,-0.00013194699
Warm A,795581,4765,4764,3200,1957,1,0.0017951725
Warm A,591140,3607,3606,3200,1957,1,-0.002844755
Warm A,461981,2849,2848,3200,1957,1,0.0056827953
Warm A,457638,2820,2819,3200,1957,1,-0.0028835856
Warm A,447794,2761,2760,3200,1957,1,-0.00089312857
Warm A,440429,2693,2692,3200,1957,1,0.0008108695
Warm A,431853,2631,2630,3200,1957,1,0.002297644
Warm A,428739,2609,2608,3200,1957,1,-0.0052795433
Warm A,426794,2592,2591,3200,1957,0,-0.0045116716
Warm A,416345,2507,2506,3200,1957,1,0.008380279
Warm A,412647,2484,2483,3200,1957,0,0.0069486676
Warm A,381518,2231,2230,3200,1957,0,0.006059778
Warm A,371952,2173,2172,3200,1957,1,-0.0052135345
Warm A,366907,2140,2139,3200,1957,0,-0.0011676061
Warm A,359208,2102,2101,3200,1957,0,0.004173142
Warm A,352596,2064,2063,3200,1957,1,0.004043499
Warm A,347247,2038,2037,3200,1957,1,-0.0015078816
Warm A,340125,2008,2007,3200,1957,1,-0.0018826784
Warm A,319860,1899,1898,3200,1957,1,0.009308472
Warm A,323054,1916,1915,3200,1957,1,0.0032938593
Warm A,312194,1861,1860,3200,1957,0,0.006295527
Warm A,285882,1706,1705,3200,1957,0,-0.0018712722
Warm A,281145,1687,1686,3200,1957,1,-0.009226415
Warm A,271607,1642,1641,3200,1957,0,0.0038884496
Warm A,280700,1685,1684,3200,1957,1,0.004141407
Warm A,253007,1535,1534,3200,1957,1,0.0012003796
Warm A,262102,1600,1599,3200,1957,0,0.0019466607
Warm A,240954,1451,1450,3200,1957,0,0.0031037717
Warm A,219699,1333,1332,3200,1957,1,-0.00027570548
Warm A,289172,1727,1726,3200,1957,1,-0.003548305
Warm A,209123,1276,1275,3200,1957,1,-0.00171594
Warm A,208211,1273,1272,3200,1957,1,-0.005099424
Warm A,307906,1836,1835,3200,1957,1,0.0075861877
Warm A,278615,1680,1679,3200,1957,1,0.0026105046
Warm A,197845,1216,1215,3200,1957,1,0.0013336926
Warm A,188517,1170,1169,3200,1957,1,0.00025418983
Warm A,187240,1162,1161,3200,1957,1,0.0046189176
Warm A,189944,1179,1178,3200,1957,1,0.006719771
Warm A,212387,1294,1293,3200,1957,1,0.0102494545
Warm A,184854,1150,1149,3200,1957,0,0.0071599367
Warm A,180969,1131,1130,3200,1957,1,0.0055248365
Warm A,180136,1128,1127,3200,1957,1,-0.0010650503
Warm A,177438,1119,1118,3200,1957,1,0.001531856
Warm A,159806,1019,1018,3200,1957,1,-0.002140345
Warm A,157758,1015,1014,3200,1957,1,0.0086072665
Warm A,337937,1988,1987,3200,1957,0,0.00066265394
Warm A,199256,1224,1223,3200,1957,1,0.0032928023
Warm A,260815,1594,1593,3200,1957,1,-3.2145996e-05
Warm A,137761,889,888,3200,1957,0,0.0078015267
Warm A,459083,2826,2825,3200,1957,1,0.0039659003
Warm A,298015,1767,1766,3200,1957,0,0.0015930354
Warm A,115261,749,748,3200,1957,1,0.0013098705
Warm A,239660,1449,1448,3200,1957,1,0.008552514
Warm A,112257,731,730,3200,1957,0,0.0017206473
Warm A,106623,702,701,3200,1957,0,0.011052866
Warm A,94540,635,634,3200,1957,1,0.009700835
Warm A,152825,984,983,3200,1957,1,0.0045003216
Warm A,88705,587,586,3200,1957,1,-0.004216778
Warm A,394135,2323,2322,3200,1957,0,-0.00014843023
Warm A,83866,550,549,3200,1957,0,-0.009003085
Warm A,77180,524,523,3200,1957,1,0.005455055
Warm A,74119,505,504,3200,1957,1,0.008432908
Warm A,71496,481,480,3200,1957,1,0.0010626825
Warm A,55775,369,368,3200,1957,0,0.0023065326
Warm A,210564,1285,1284,3200,1957,1,0.006454002
Warm A,53492,352,351,3200,1957,1,0.0041545914
Warm A,145218,935,934,3200,1957,1,0.00036367122
Warm A,35212,238,237,3200,1957,1,-0.0014445521
Warm A,31832,216,215,3200,1957,1,0.010091521
Warm A,21927,161,160,3200,1957,1,0.0016599592
Warm A,21451,157,156,3200,1957,1,-0.005307463
Warm A,9152,62,61,3200,1957,1,-0.0020238953
Warm A,4150,31,30,3200,1957,0,-0.0043890784
Warm A,801631,4802,4801,3200,1957,1,-0.0043310286
Warm A,15416,123,122,3200,1957,0,0.0019049225
Warm A,524373,3233,3232,3200,1957,0,0.0074322475
Warm A,893203,5394,5393,3200,1957,0,-0.0020220005
Warm A,24241,173,172,3200,1957,1,0.010008775
Warm A,289952,1733,1732,3200,1957,1,-0.006818866
Warm A,47265,319,318,3200,1957,1,0.005066197
Warm A,421588,2547,2546,3200,1957,1,-0.0001868034
Warm A,632927,3824,3823,3200,1957,0,-0.0065868087
Warm A,804136,4815,4814,3200,1957,1,0.00032894063
Warm A,473188,2909,2908,3200,1957,1,0.00046474673
Warm A,322070,1912,1911,3200,1957,0,0.0039111376
Warm A,319136,1897,1896,3200,1957,0,0.0023354155
Warm A,657395,3963,3962,3200,1957,1,0.0011692431
Warm A,343496,2018,2017,3200,1957,1,-0.0045764036
Warm A,725759,4344,4343,3206,1961,0,0.0057077873
Warm A,599599,3649,3648,3206,1961,0,0.0076459814
Warm A,632932,3824,3823,3206,1961,0,0.005886998
Warm A,940118,5675,5674,3206,1961,1,0.015665006
Warm A,578973,3539,3538,3206,1961,0,0.010411186
Warm A,568944,3491,3490,3206,1961,1,0.0108131105
Warm A,567250,3483,3482,3206,1961,1,0.010840827
Warm A,553349,3405,3404,3206,1961,1,0.0024843356
Warm A,548344,3384,3383,3206,1961,0,0.0043611615
Warm A,532988,3292,3291,3206,1961,1,0.004319163
Warm A,541981,3336,3335,3206,1961,0,0.01106685
Warm A,515945,3184,3183,3206,1961,0,0.01705755
Warm A,509725,3140,3139,3206,1961,1,0.005901819
Warm A,509431,3138,3137,3206,1961,0,0.013448104
Warm A,508450,3129,3128,3206,1961,0,0.008426361
Warm A,502363,3083,3082,3206,1961,1,0.009221706
Warm A,499124,3067,3066,3206,1961,1,0.00918418
Warm A,493773,3032,3031,3206,1961,1,0.006318183
Warm A,490558,3018,3017,3206,1961,0,0.011093058
Warm A,510925,3150,3149,3206,1961,1,-0.0013326183
Warm A,529424,3272,3271,3206,1961,0,0.007967362
Warm A,697053,4169,4168,3206,1961,0,0.014965957
Warm A,472300,2907,2906,3206,1961,1,0.013803516
Warm A,446091,2751,2750,3206,1961,0,0.009432994
Warm A,445077,2745,2744,3206,1961,0,0.010714547
Warm A,790649,4728,4727,3206,1961,0,0.013087507
Warm A,438081,2677,2676,3206,1961,1,0.0014576716
Warm A,429017,2611,2610,3206,1961,0,0.010347342
Warm A,414879,2497,2496,3206,1961,1,0.0062569943
Warm A,412457,2482,2481,3206,1961,0,0.008500546
Warm A,555000,3413,3412,3206,1961,0,0.009141356
Warm A,402154,2402,2401,3206,1961,0,0.01469323
Warm A,399351,2377,2376,3206,1961,1,-0.0007914072
Warm A,393702,2318,2317,3206,1961,0,0.01028532
Warm A,393440,2315,2314,3206,1961,0,0.005500482
Warm A,388841,2279,2278,3206,1961,1,0.0072244946
Warm A,384858,2248,2247,3206,1961,0,0.01466151
Warm A,353641,2072,2071,3206,1961,0,0.0013549491
Warm A,306705,1829,1828,3206,1961,0,0.005588673
Warm A,293374,1747,1746,3206,1961,0,0.0055401498
Warm A,287059,1714,1713,3206,1961,1,-0.0002796026
Warm A,232310,1410,1409,3206,1961,1,0.0008305274
Warm A,192532,1185,1184,3206,1961,1,0.01707849
Warm A,187241,1162,1161,3206,1961,1,0.01694914
Warm A,316111,1883,1882,3206,1961,0,0.0067206705
Warm A,180140,1128,1127,3206,1961,1,0.0138579495
Warm A,327591,1941,1940,3206,1961,0,0.026512817
Warm A,137767,889,888,3206,1961,0,0.0105693955
Warm A,490034,3015,3014,3206,1961,1,-1.34627335e-05
Warm A,131719,854,853,3206,1961,0,0.015210327
Warm A,314936,1880,1879,3206,1961,0,0.0028397765
Warm A,125273,805,804,3206,1961,1,0.0006618581
Warm A,124737,802,801,3206,1961,1,0.0020434912
Warm A,210571,1285,1284,3206,1961,0,0.014547958
Warm A,112826,732,731,3206,1961,1,0.007259053
Warm A,103290,687,686,3206,1961,0,0.011342893
Warm A,351383,2063,2062,3206,1961,0,0.007873589
Warm A,313993,1875,1874,3206,1961,1,0.0012482846
Warm A,227989,1383,1382,3206,1961,0,0.009780038
Warm A,56825,382,381,3206,1961,0,0.004036073
Warm A,110567,721,720,3206,1961,0,0.00622239
Warm A,238577,1448,1447,3206,1961,0,0.0040956046
Warm A,3558,26,25,3206,1961,1,0.0049321256
Warm A,552071,3401,3400,3206,1961,0,0.014607552
Warm A,432533,2638,2637,3206,1961,1,-0.002858723
Warm A,264921,1611,1610,3206,1961,0,0.005066518
Warm A,239664,1449,1448,3206,1961,0,0.008123065
Warm A,187486,1164,1163,3206,1961,1,0.0016685855
Warm A,229536,1390,1389,3206,1961,1,0.0047929296
Warm A,240959,1451,1450,3206,1961,1,-0.0034091296
Warm A,473194,2909,2908,3206,1961,1,-0.001678932
Warm A,324849,1925,1924,3206,1961,0,0.004396236
Warm A,193421,1194,1193,3206,1961,0,0.009198623
Warm A,16613,131,130,3211,1964,1,-0.00023027603
Warm A,15442,123,122,3211,1964,0,-0.0024171877
Warm A,157781,1015,1014,3211,1964,0,0.0019212742
Warm A,181860,1137,1136,3211,1964,1,-0.0032082757
Warm A,319148,1897,1896,3211,1964,1,-0.0033321606
Warm A,974540,5878,5877,3211,1964,0,-0.0013797528
Warm A,393705,2318,2317,3214,1966,1,-0.000825898
Warm A,318287,1891,1890,3214,1966,0,0.0011341049
Warm A,298295,1768,1767,3214,1966,0,0.010048764
Warm A,290871,1736,1735,3214,1966,0,0.0007396515
Warm A,283434,1697,1696,3214,1966,1,0.008305591
Warm A,268811,1632,1631,3214,1966,0,0.0055748937
Warm A,252113,1526,1525,3214,1966,0,0.007765013
Warm A,325208,1926,1925,3214,1966,1,0.008437849
Warm A,213276,1298,1297,3214,1966,1,0.015210828
Warm A,396798,2349,2348,3214,1966,0,-0.0024057631
Warm A,196930,1209,1208,3214,1966,1,0.00789487
Warm A,192535,1185,1184,3214,1966,1,0.0075661046
Warm A,327625,1941,1940,3214,1966,1,0.021777123
Warm A,190423,1181,1180,3214,1966,0,0.015189964
Warm A,150408,970,969,3214,1966,0,0.006883838
Warm A,318887,1896,1895,3214,1966,1,0.020844683
Warm A,154730,999,998,3214,1966,1,0.013350688
Warm A,314959,1880,1879,3214,1966,0,0.01368828
Warm A,124416,801,800,3214,1966,0,0.0051416536
Warm A,177904,1120,1119,3214,1966,1,0.0029273308
Warm A,272027,1645,1644,3214,1966,1,0.01713501
Warm A,96093,646,645,3214,1966,1,0.014295796
Warm A,115272,749,748,3214,1966,0,0.0068049575
Warm A,85500,558,557,3214,1966,0,0.005251732
Warm A,238599,1448,1447,3214,1966,1,0.0034694048
Warm A,75405,513,512,3214,1966,1,0.017942829
Warm A,69709,469,468,3214,1966,1,0.0055714333
Warm A,239692,1449,1448,3214,1966,0,0.019432584
Warm A,42395,289,288,3214,1966,0,0.0043596504
Warm A,267833,1628,1627,3214,1966,0,0.012663111
Warm A,19252,148,147,3214,1966,0,0.0069815824
Warm A,204428,1260,1259,3214,1966,0,0.021899357
Warm A,144757,934,933,3214,1966,0,0.0037512858
Warm A,676889,4058,4057,3214,1966,1,0.006092164
Warm A,240975,1451,1450,3214,1966,0,0.003581944
Warm A,101955,678,677,3214,1966,1,0.016328355
Warm A,673134,4042,4041,3214,1966,0,0.018376637
Warm A,294163,1749,1748,3217,1967,0,0.015206078
Warm A,256629,1569,1568,3217,1967,1,0.0020362437
Warm A,325210,1926,1925,3217,1967,1,0.0053057354
Warm A,199278,1224,1223,3217,1967,1,0.01758919
Warm A,165727,1057,1056,3217,1967,1,0.01106093
Warm A,159099,1017,1016,3217,1967,0,0.013075127
Warm A,162175,1034,1033,3217,1967,1,0.014685026
Warm A,190430,1181,1180,3217,1967,0,0.018183405
Warm A,143811,928,927,3217,1967,1,0.016127672
Warm A,184892,1150,1149,3217,1967,0,0.01767418
Warm A,130993,850,849,3217,1967,1,0.010666294
Warm A,322092,1912,1911,3217,1967,1,0.021134753
Warm A,122883,793,792,3217,1967,0,0.012604175
Warm A,107264,706,705,3217,1967,1,0.0044008773
Warm A,152843,984,983,3217,1967,0,0.0145179415
Warm A,86328,564,563,3217,1967,1,0.007917824
Warm A,64728,434,433,3217,1967,1,0.0082468465
Warm A,35220,238,237,3217,1967,0,0.013876086
Warm A,31867,216,215,3217,1967,0,0.009368289
Warm A,34638,235,234,3217,1967,1,0.013839661
Warm A,15989,126,125,3217,1967,0,0.0147902835
Warm A,591741,3610,3609,3217,1967,0,0.011539362
Warm A,8076,54,53,3217,1967,0,0.006030591
Warm A,206655,1266,1265,3217,1967,1,0.0095564835
Warm A,739515,4418,4417,3217,1967,0,0.009344193
Warm A,420800,2544,2543,3217,1967,0,0.016404234
Warm A,56243,375,374,3217,1967,0,0.011054661
Warm A,157786,1015,1014,3217,1967,1,0.018992782
Warm A,680518,4079,4078,3217,1967,1,0.012812377
Warm A,821677,4940,4939,3217,1967,1,0.007105803
Warm A,171272,1088,1087,3217,1967,0,0.014724169
Warm A,208618,1274,1273,3224,1969,1,0.00042445445
Warm A,184273,1147,1146,3224,1969,1,-0.0015669122
Warm A,190460,1181,1180,3224,1969,0,0.010138819
Warm A,161173,1028,1027,3224,1969,0,-0.00445104
Warm A,157806,1015,1014,3224,1969,0,-0.006221719
Warm A,246184,1489,1488,3224,1969,0,0.00754569
Warm A,137828,889,888,3224,1969,0,0.00067890855
Warm A,97709,655,654,3224,1969,1,-0.0014596237
Warm A,245438,1483,1482,3224,1969,0,-0.013109341
Warm A,45543,307,306,3224,1969,0,-0.0022087106
Warm A,57947,392,391,3224,1969,1,0.0005743585
Warm A,522236,3224,3223,3224,1969,1,-0.00056866417
Warm A,257445,1579,1578,3224,1969,1,-0.0021517416
Warm A,24266,173,172,3224,1969,1,-0.004530457
Warm A,283903,1698,1697,3224,1969,1,-0.004721824
Warm A,555010,3413,3412,3224,1969,1,7.2849216e-05
Warm A,8767,59,58,3224,1969,1,-0.00996438
Warm A,351428,2063,2062,3225,1970,1,0.0047758953
Warm A,361424,2109,2108,3225,1970,0,0.015608925
Warm A,335516,1980,1979,3225,1970,0,0.013383584
Warm A,329712,1944,1943,3225,1970,0,0.00885398
Warm A,294633,1750,1749,3225,1970,1,0.009902006
Warm A,299452,1778,1777,3225,1970,0,0.011161936
Warm A,271391,1641,1640,3225,1970,0,0.011176778
Warm A,436170,2665,2664,3225,1970,0,0.007679979
Warm A,332487,1962,1961,3225,1970,0,-0.00020784233
Warm A,223325,1354,1353,3225,1970,0,0.020668074
Warm A,201047,1240,1239,3225,1970,0,0.005018856
Warm A,200263,1230,1229,3225,1970,1,0.0045244917
Warm A,192288,1184,1183,3225,1970,0,0.005763012
Warm A,187373,1163,1162,3225,1970,0,0.0071073836
Warm A,163366,1045,1044,3225,1970,1,-0.0035945722
Warm A,154178,995,994,3225,1970,1,-0.00089484546
Warm A,152607,982,981,3225,1970,1,0.0013330088
Warm A,246186,1489,1488,3225,1970,0,0.015539166
Warm A,139812,896,895,3225,1970,0,-0.0020168652
Warm A,137829,889,888,3225,1970,0,0.0052503487
Warm A,125276,805,804,3225,1970,1,0.0040858975
Warm A,124423,801,800,3225,1970,0,0.006805611
Warm A,87531,572,571,3225,1970,1,0.007473938
Warm A,64146,429,428,3225,1970,0,0.0039151837
Warm A,78284,528,527,3225,1970,0,0.014143864
Warm A,132277,855,854,3225,1970,0,0.0013758531
Warm A,312776,1865,1864,3225,1970,0,0.008127393
Warm A,314326,1877,1876,3225,1970,0,0.00025353557
Warm A,263024,1605,1604,3225,1970,0,0.014574141
Warm A,270740,1639,1638,3225,1970,0,0.009939897
Warm A,360494,2106,2105,3225,1970,0,0.010425867
Warm A,150422,970,969,3225,1970,1,0.0087943785
Warm A,557145,3423,3422,3225,1970,1,0.009877904
Warm A,60585,411,410,3225,1970,0,0.011236103
Warm A,365441,2127,2126,3225,1970,1,-3.977283e-05
Warm A,79140,531,530,3225,1970,0,0.009442395
Warm A,331330,1958,1957,3225,1970,0,0.020035258
Warm A,222715,1348,1347,3225,1970,0,-0.00034676585
Warm A,11890,92,91,3225,1970,0,0.00542486
Warm A,405297,2427,2426,3225,1970,0,0.011815966
Warm A,20671,151,150,3225,1970,0,0.008975788
Warm A,82784,549,548,3225,1970,0,0.0030491594
Warm A,110593,721,720,3225,1970,0,0.006868616
Warm A,517803,3196,3195,3225,1970,1,0.009842884
Warm A,599055,3648,3647,3225,1970,1,0.005280354
Warm A,713661,4277,4276,3225,1970,1,0.010135058
Warm A,255437,1556,1555,3225,1970,0,0.017153904
Warm A,499155,3067,3066,3225,1970,0,0.01033441
Warm A,134037,869,868,3225,1970,0,0.010977215
Warm A,768972,4579,4578,3225,1970,0,0.013705738
Warm A,764342,4543,4542,3225,1970,0,0.013290414
Warm A,476233,2926,2925,3225,1970,0,0.006202668
Warm A,111584,727,726,3225,1970,0,0.014235227
Warm A,46403,310,309,3225,1970,1,0.009923925
Warm A,864018,5205,5204,3225,1970,0,0.017836813
Warm A,164284,1051,1050,3225,1970,0,0.0062300833
Warm A,171295,1088,1087,3225,1970,0,0.0044394024
Warm A,354720,2077,2076,3225,1970,0,0.00984852
Warm A,785823,4697,4696,3225,1970,1,0.009290746
Warm A,575739,3520,3519,3225,1970,0,0.0018002768
Warm A,295543,1755,1754,3225,1970,0,0.0058190194
Warm A,877497,5302,5301,3225,1970,0,0.00079303794
Warm A,152875,984,983,3230,1971,1,0.010799338
Warm A,146055,939,938,3230,1971,0,0.005175323
Warm A,169205,1074,1073,3230,1971,1,-0.0017993597
Warm A,101638,677,676,3230,1971,1,0.009450991
Warm A,95340,639,638,3230,1971,1,0.016291406
Warm A,190491,1181,1180,3230,1971,0,0.020443317
Warm A,80857,537,536,3230,1971,1,0.010283258
Warm A,34093,230,229,3230,1971,1,0.006287795
Warm A,30810,205,204,3230,1971,1,-0.0022327572
Warm A,13526,107,106,3230,1971,0,-0.005742776
Warm A,4534,33,32,3230,1971,1,-0.00033322372
Warm A,481648,2962,2961,3230,1971,0,0.004071594
Warm A,453526,2793,2792,3230,1971,1,0.009208939
Warm A,353420,2071,2070,3230,1971,0,0.0063697454
Warm A,293610,1748,1747,3230,1971,1,0.0067168283
Warm A,357277,2092,2091,3230,1971,1,0.007376159
Warm A,255444,1556,1555,3230,1971,0,0.002068221
Warm A,464035,2860,2859,3230,1971,1,0.0050485693
Warm A,144061,929,928,3235,1972,0,0.0008941605
Warm A,635799,3833,3832,3235,1972,0,0.015436041
Warm A,829001,4979,4978,3235,1972,1,0.010931343
Warm A,105884,699,698,3235,1972,0,0.010795877
Warm A,483192,2969,2968,3235,1972,1,-0.00096644834
Warm A,24277,173,172,3235,1972,0,-0.0013621077
Warm A,371553,2172,2171,3235,1972,0,0.00064269453
Warm A,501154,3080,3079,3235,1972,0,0.008340971
Warm A,821680,4940,4939,3235,1972,1,0.0018130932
Warm A,941631,5682,5681,3235,1972,0,0.010218658
Warm A,745253,4448,4447,3235,1972,1,0.017557856
Warm A,592543,3612,3611,3262,1992,1,0.0024261794
Warm A,579085,3539,3538,3262,1992,0,0.0063592666
Warm A,593494,3618,3617,3262,1992,0,0.0038264296
Warm A,570200,3499,3498,3262,1992,0,0.0044744536
Warm A,576930,3526,3525,3262,1992,0,0.005013311
Warm A,549849,3391,3390,3262,1992,1,-0.0008323741
Warm A,904365,5468,5467,3262,1992,1,0.007793746
Warm A,534298,3299,3298,3262,1992,0,0.0036721937
Warm A,532683,3290,3289,3262,1992,1,-0.0034969307
Warm A,536906,3311,3310,3262,1992,1,-5.5210432e-05
Warm A,512658,3163,3162,3262,1992,1,0.0031843823
Warm A,574627,3518,3517,3262,1992,1,-0.0016874166
Warm A,800167,4795,4794,3262,1992,0,-0.0024087867
Warm A,799404,4790,4789,3262,1992,0,-0.0014887215
Warm A,492555,3029,3028,3262,1992,1,0.011602072
Warm A,488320,3004,3003,3262,1992,1,-0.0011641178
Warm A,491556,3024,3023,3262,1992,0,0.0025446385
Warm A,487336,2997,2996,3262,1992,0,-0.008493887
Warm A,553782,3410,3409,3262,1992,0,0.0021743854
Warm A,451706,2781,2780,3262,1992,0,0.0025923038
Warm A,440923,2700,2699,3262,1992,0,0.008214634
Warm A,420177,2540,2539,3262,1992,0,0.00771196
Warm A,415030,2498,2497,3262,1992,0,0.0064219446
Warm A,400293,2383,2382,3262,1992,0,0.008278679
Warm A,414467,2496,2495,3262,1992,0,-0.0024924427
Warm A,379149,2215,2214,3262,1992,1,0.0034378178
Warm A,373882,2181,2180,3262,1992,0,0.0038727531
Warm A,369799,2164,2163,3262,1992,1,-0.00019428495
Warm A,357908,2094,2093,3262,1992,1,0.0043811696
Warm A,359258,2102,2101,3262,1992,0,0.002298066
Warm A,339648,2002,2001,3262,1992,1,0.00681106
Warm A,301040,1788,1787,3262,1992,1,0.0018163837
Warm A,278329,1679,1678,3262,1992,0,-0.0027613586
Warm A,310063,1845,1844,3262,1992,0,-0.00034172414
Warm A,273463,1648,1647,3262,1992,1,0.009647701
Warm A,278788,1680,1679,3262,1992,1,0.004826
Warm A,268303,1630,1629,3262,1992,0,0.0073440094
Warm A,267727,1627,1626,3262,1992,1,-0.0027325333
Warm A,260344,1592,1591,3262,1992,0,0.007474593
Warm A,256735,1570,1569,3262,1992,0,0.011945087
Warm A,269771,1635,1634,3262,1992,1,-0.0030470423
Warm A,246821,1491,1490,3262,1992,0,0.009553812
Warm A,276096,1671,1670,3262,1992,0,0.0034471543
Warm A,224054,1356,1355,3262,1992,1,0.0075605083
Warm A,212799,1297,1296,3262,1992,0,0.006841896
Warm A,205650,1264,1263,3262,1992,1,0.008838649
Warm A,203977,1255,1254,3262,1992,0,0.010797765
Warm A,308436,1837,1836,3262,1992,1,0.016754003
Warm A,214703,1303,1302,3262,1992,0,0.0035860112
Warm A,210678,1285,1284,3262,1992,0,0.001539887
Warm A,307260,1835,1834,3262,1992,1,-0.005081016
Warm A,168277,1069,1068,3262,1992,1,-0.0037950412
Warm A,167385,1066,1065,3262,1992,0,0.0011510449
Warm A,166345,1059,1058,3262,1992,0,0.00644195
Warm A,165152,1053,1052,3262,1992,0,0.0061701285
Warm A,327741,1941,1940,3262,1992,0,-0.00080804294
Warm A,157894,1015,1014,3262,1992,0,0.006953239
Warm A,149509,963,962,3262,1992,0,0.00010852725
Warm A,246215,1489,1488,3262,1992,0,0.00971495
Warm A,184995,1150,1149,3262,1992,0,0.0101924725
Warm A,139356,891,890,3262,1992,1,0.006778706
Warm A,137919,889,888,3262,1992,0,0.012228522
Warm A,136343,881,880,3262,1992,0,0.0027604888
Warm A,135473,877,876,3262,1992,0,0.008426737
Warm A,126840,818,817,3262,1992,1,0.00084349606
Warm A,111830,728,727,3262,1992,0,-0.0044802646
Warm A,159891,1019,1018,3262,1992,0,0.00014011306
Warm A,779039,4653,4652,3262,1992,0,0.014873471
Warm A,100753,673,672,3262,1992,0,0.004033628
Warm A,316663,1884,1883,3262,1992,0,0.014634131
Warm A,107752,710,709,3262,1992,0,0.0008188669
Warm A,283948,1698,1697,3262,1992,0,0.009623218
Warm A,90574,601,600,3262,1992,0,0.007980989
Warm A,84935,552,551,3262,1992,1,0.002758749
Warm A,82843,549,548,3262,1992,1,0.0044235196
Warm A,190552,1181,1180,3262,1992,0,0.01726551
Warm A,80674,536,535,3262,1992,0,0.009492833
Warm A,80050,533,532,3262,1992,1,0.0067991144
Warm A,74650,509,508,3262,1992,1,0.00829202
Warm A,53177,350,349,3262,1992,0,-0.0056121685
Warm A,30228,203,202,3262,1992,0,0.00777632
Warm A,26372,187,186,3262,1992,1,0.0060986113
Warm A,23076,166,165,3262,1992,1,0.0032240872
Warm A,104174,692,691,3262,1992,0,0.003912439
Warm A,380728,2225,2224,3262,1992,0,0.0016912303
Warm A,129242,839,838,3262,1992,0,-0.006419808
Warm A,844257,5074,5073,3262,1992,0,0.004308567
Warm A,467281,2880,2879,3262,1992,0,-0.0048734266
Warm A,199998,1228,1227,3262,1992,0,-0.0064205565
Warm A,45886,308,307,3262,1992,0,0.008926493
Warm A,195278,1203,1202,3262,1992,0,0.008969012
Warm A,841421,5054,5053,3262,1992,0,0.002818792
Warm A,290019,1733,1732,3262,1992,1,1.3075769e-05
Warm A,167497,1067,1066,3262,1992,1,0.0032924996
Warm A,174028,1101,1100,3262,1992,0,0.0047211456
Warm A,959003,5787,5786,3262,1992,0,0.002064912
Warm A,62666,424,423,3262,1992,1,0.004092046
Warm A,415696,2504,2503,3262,1992,0,0.0023562415
Warm A,115948,752,751,3262,1992,0,0.005046647
Warm A,237689,1447,1446,3262,1992,0,0.0013850296
Warm A,713702,4277,4276,3262,1992,1,-0.005554399
Warm A,893244,5394,5393,3262,1992,0,0.0152962
Warm A,58716,398,397,3262,1992,1,-0.0017845994
Warm A,551174,3394,3393,3266,1996,0,-0.0034814011
Warm A,546713,3371,3370,3266,1996,1,-0.0031022204
Warm A,645139,3885,3884,3266,1996,1,0.002596538
Warm A,549855,3391,3390,3266,1996,1,-0.00020422396
Warm A,528062,3265,3264,3266,1996,0,0.0022260863
Warm A,524795,3240,3239,3266,1996,1,0.0037244745
Warm A,518083,3197,3196,3266,1996,1,0.0029226448
Warm A,513449,3167,3166,3266,1996,1,0.0047113514
Warm A,512660,3163,3162,3266,1996,1,-0.003272804
Warm A,610564,3704,3703,3266,1996,1,0.007775834
Warm A,512311,3161,3160,3266,1996,1,0.0027320227
Warm A,508978,3131,3130,3266,1996,0,-0.0010527065
Warm A,513901,3171,3170,3266,1996,1,0.0022996801
Warm A,495849,3045,3044,3266,1996,1,0.0039243572
Warm A,633027,3824,3823,3266,1996,0,-0.005467921
Warm A,493277,3031,3030,3266,1996,1,0.012614444
Warm A,482602,2967,2966,3266,1996,0,-0.0057869954
Warm A,479595,2943,2942,3266,1996,1,-0.0004122184
Warm A,475071,2916,2915,3266,1996,1,-0.00096859667
Warm A,852829,5113,5112,3266,1996,0,0.0006287538
Warm A,462336,2853,2852,3266,1996,1,0.0017138384
Warm A,461089,2844,2843,3266,1996,0,-0.00034818915
Warm A,458867,2825,2824,3266,1996,1,0.007564136
Warm A,457285,2818,2817,3266,1996,1,-0.00027886248
Warm A,457735,2820,2819,3266,1996,0,0.009374192
Warm A,441340,2703,2702,3266,1996,1,-0.0030287325
Warm A,430948,2627,2626,3266,1996,0,-0.0028126664
Warm A,389894,2288,2287,3266,1996,0,0.008778897
Warm A,349479,2051,2050,3266,1996,0,0.001572252
Warm A,342267,2015,2014,3266,1996,0,0.009048697
Warm A,310064,1845,1844,3266,1996,1,-0.0029539473
Warm A,292169,1741,1740,3266,1996,0,0.0065754345
Warm A,288791,1726,1725,3266,1996,1,0.0014515799
Warm A,278799,1680,1679,3266,1996,0,0.0031997515
Warm A,269774,1635,1634,3266,1996,1,0.012057065
Warm A,254057,1545,1544,3266,1996,1,0.007339807
Warm A,247555,1496,1495,3266,1996,1,0.002651352
Warm A,230748,1396,1395,3266,1996,1,0.010349203
Warm A,225201,1362,1361,3266,1996,0,0.006787727
Warm A,224058,1356,1355,3266,1996,1,-0.00079545553
Warm A,214707,1303,1302,3266,1996,0,0.0028746317
Warm A,350252,2056,2055,3266,1996,0,0.0059936
Warm A,294193,1749,1748,3266,1996,1,-0.0022828626
Warm A,185001,1150,1149,3266,1996,0,0.007167767
Warm A,207307,1267,1266,3266,1996,1,0.011477292
Warm A,176498,1116,1115,3266,1996,0,0.0032574942
Warm A,173542,1100,1099,3266,1996,1,0.004629168
Warm A,168280,1069,1068,3266,1996,1,0.0082118455
Warm A,159135,1017,1016,3266,1996,1,-0.0017317317
Warm A,148968,958,957,3266,1996,1,-0.0012694212
Warm A,133521,863,862,3266,1996,1,0.0011258931
Warm A,125492,808,807,3266,1996,0,-0.007905801
Warm A,239783,1449,1448,3266,1996,0,-0.00086856075
Warm A,105060,696,695,3266,1996,1,-0.0017950491
Warm A,121695,783,782,3266,1996,0,-0.0032612109
Warm A,92988,623,622,3266,1996,0,0.0044432404
Warm A,283953,1698,1697,3266,1996,1,0.004328507
Warm A,169516,1077,1076,3266,1996,1,0.007977337
Warm A,308440,1837,1836,3266,1996,1,0.00059464877
Warm A,626573,3792,3791,3266,1996,0,-0.008478929
Warm A,658790,3970,3969,3266,1996,0,0.006441883
Warm A,77272,524,523,3266,1996,0,0.009512344
Warm A,75664,515,514,3266,1996,1,0.0012223094
Warm A,197256,1211,1210,3266,1996,0,-0.00042102323
Warm A,69454,466,465,3266,1996,1,0.004150045
Warm A,70093,474,473,3266,1996,1,0.010893937
Warm A,200001,1228,1227,3266,1996,0,0.00042618415
Warm A,33444,225,224,3266,1996,1,-0.002652708
Warm A,336910,1983,1982,3266,1996,1,0.0012776689
Warm A,734569,4387,4386,3266,1996,0,0.009411818
Warm A,25589,181,180,3266,1996,1,-0.011037436
Warm A,12488,95,94,3266,1996,1,0.0017359721
Warm A,7656,53,52,3266,1996,1,-0.0039498257
Warm A,408,5,4,3266,1996,0,-0.0035223244
Warm A,3115,23,22,3266,1996,0,-0.0013255663
Warm A,24321,173,172,3266,1996,0,0.0018401265
Warm A,538402,3313,3312,3266,1996,1,0.0037929746
Warm A,290029,1733,1732,3266,1996,1,0.006197368
Warm A,467283,2880,2879,3266,1996,1,-0.006870362
Warm A,107759,710,709,3266,1996,0,0.002608879
Warm A,104178,692,691,3266,1996,0,-0.005439039
Warm A,553785,3410,3409,3266,1996,1,-0.0027154973
Warm A,45889,308,307,3266,1996,1,0.012434339
Warm A,28084,195,194,3266,1996,1,0.006581688
Warm A,960394,5792,5791,3266,1996,1,0.007098121
Warm A,933799,5636,5635,3266,1996,0,0.0032893536
Warm A,511790,3158,3157,3266,1996,1,0.008388865
Warm A,475414,2918,2917,3266,1996,0,-0.004707367
Warm A,561486,3454,3453,3266,1996,0,-0.0024922052
Warm A,937358,5654,5653,3266,1996,0,0.0031017356
Warm A,223027,1352,1351,3266,1996,1,0.006247143
Warm A,847190,5090,5089,3266,1996,1,0.00466218
Warm A,310563,1851,1850,3266,1996,0,0.009802347
Warm A,480421,2947,2946,3266,1996,0,0.0031953296
Warm A,582403,3558,3557,3268,1998,0,0.017487694
Warm A,593500,3618,3617,3268,1998,0,0.011018741
Warm A,573828,3513,3512,3268,1998,0,0.0032064011
Warm A,571935,3507,3506,3268,1998,0,0.0017679618
Warm A,549858,3391,3390,3268,1998,0,0.004524403
Warm A,536917,3311,3310,3268,1998,0,0.007729592
Warm A,575173,3519,3518,3268,1998,0,0.01247004
Warm A,516846,3191,3190,3268,1998,0,0.0020247183
Warm A,515342,3182,3181,3268,1998,0,0.0056124246
Warm A,512662,3163,3162,3268,1998,0,-0.0044885543
Warm A,502055,3082,3081,3268,1998,0,-0.00019389112
Warm A,493878,3032,3031,3268,1998,0,0.009373712
Warm A,492561,3029,3028,3268,1998,0,0.002146803
Warm A,493278,3031,3030,3268,1998,0,-0.000738265
Warm A,491987,3026,3025,3268,1998,0,0.0038965305
Warm A,488624,3007,3006,3268,1998,0,0.004984256
Warm A,599829,3650,3649,3268,1998,0,-0.0038562007
Warm A,470898,2899,2898,3268,1998,0,0.018046891
Warm A,473329,2909,2908,3268,1998,0,0.0049865814
Warm A,472393,2907,2906,3268,1998,1,0.0052875867
Warm A,463106,2857,2856,3268,1998,0,0.008028485
Warm A,486927,2996,2995,3268,1998,0,0.00923664
Warm A,477433,2931,2930,3268,1998,0,0.00417863
Warm A,450642,2777,2776,3268,1998,0,-0.012107717
Warm A,420411,2541,2540,3268,1998,0,0.004649229
Warm A,419660,2537,2536,3268,1998,0,0.0023283404
Warm A,418512,2529,2528,3268,1998,0,0.005102522
Warm A,403878,2413,2412,3268,1998,0,0.012145642
Warm A,399436,2378,2377,3268,1998,0,0.005583033
Warm A,395794,2340,2339,3268,1998,0,0.012430878
Warm A,389896,2288,2287,3268,1998,0,0.004133089
Warm A,375498,2188,2187,3268,1998,0,0.0026695812
Warm A,373351,2180,2179,3268,1998,0,0.015414426
Warm A,370219,2165,2164,3268,1998,0,0.0013658614
Warm A,367853,2148,2147,3268,1998,0,0.0069764084
Warm A,367192,2143,2142,3268,1998,0,0.0042229556
Warm A,355897,2085,2084,3268,1998,0,0.013464842
Warm A,436222,2665,2664,3268,1998,0,0.01936498
Warm A,361463,2109,2108,3268,1998,0,0.0046356358
Warm A,351513,2063,2062,3268,1998,0,0.0028012875
Warm A,340489,2010,2009,3268,1998,0,-0.0011883723
Warm A,341453,2012,2011,3268,1998,0,0.0019788283
Warm A,350909,2060,2059,3268,1998,0,0.0050258846
Warm A,306588,1828,1827,3268,1998,0,0.0007523843
Warm A,297352,1764,1763,3268,1998,1,0.0007501452
Warm A,303471,1803,1802,3268,1998,0,0.0024218336
Warm A,298983,1776,1775,3268,1998,0,-0.0021459314
Warm A,286223,1709,1708,3268,1998,0,0.0028143818
Warm A,256316,1564,1563,3268,1998,0,-0.0030884244
Warm A,253122,1538,1537,3268,1998,0,-0.00042404467
Warm A,360562,2106,2105,3268,1998,0,0.008538545
Warm A,262136,1600,1599,3268,1998,0,-0.0041167154
Warm A,236193,1433,1432,3268,1998,0,-0.0027590478
Warm A,232319,1410,1409,3268,1998,0,0.0037865401
Warm A,335596,1980,1979,3268,1998,0,0.0063231224
Warm A,227001,1377,1376,3268,1998,0,-0.0077804085
Warm A,212803,1297,1296,3268,1998,0,0.0022620813
Warm A,278803,1680,1679,3268,1998,0,0.0026725833
Warm A,174822,1107,1106,3268,1998,0,-0.00029766094
Warm A,198582,1220,1219,3268,1998,1,0.0050678677
Warm A,169518,1077,1076,3268,1998,0,0.0018400818
Warm A,327754,1941,1940,3268,1998,1,0.002698183
Warm A,161508,1030,1029,3268,1998,0,0.0026299017
Warm A,189274,1173,1172,3268,1998,0,0.003275664
Warm A,275431,1667,1666,3268,1998,0,0.010806689
Warm A,342269,2015,2014,3268,1998,0,0.002112349
Warm A,155763,1004,1003,3268,1998,0,0.007986602
Warm A,144794,934,933,3268,1998,0,-0.00090868864
Warm A,276821,1675,1674,3268,1998,0,0.0023949146
Warm A,136350,881,880,3268,1998,0,0.005320009
Warm A,202359,1244,1243,3268,1998,0,-0.006784736
Warm A,332530,1962,1961,3268,1998,0,0.01233072
Warm A,120122,776,775,3268,1998,0,-0.0075924676
Warm A,120301,777,776,3268,1998,0,0.0052290256
Warm A,114741,746,745,3268,1998,0,-0.0002101874
Warm A,110646,721,720,3268,1998,0,0.0015111538
Warm A,101295,676,675,3268,1998,0,0.0034776793
Warm A,299490,1778,1777,3268,1998,0,0.014132211
Warm A,98639,660,659,3268,1998,0,0.004780496
Warm A,96347,647,646,3268,1998,0,0.0011079481
Warm A,95354,639,638,3268,1998,1,0.015181756
Warm A,441934,2718,2717,3268,1998,1,0.007119065
Warm A,90577,601,600,3268,1998,0,0.014878704
Warm A,238689,1448,1447,3268,1998,0,0.001388015
Warm A,119068,770,769,3268,1998,0,0.00536472
Warm A,81523,543,542,3268,1998,0,0.017996795
Warm A,65223,438,437,3268,1998,0,-0.006721682
Warm A,239786,1449,1448,3268,1998,0,0.0018315217
Warm A,82852,549,548,3268,1998,0,0.006507085
Warm A,44428,302,301,3268,1998,0,0.0034129678
Warm A,63842,426,425,3268,1998,1,0.002359149
Warm A,39527,268,267,3268,1998,0,0.010426784
Warm A,38019,260,259,3268,1998,0,-0.0025566036
Warm A,255450,1556,1555,3268,1998,1,0.0075804475
Warm A,32007,216,215,3268,1998,0,0.0034505117
Warm A,336911,1983,1982,3268,1998,0,-0.0034928953
Warm A,28772,198,197,3268,1998,0,0.004297656
Warm A,29150,199,198,3268,1998,0,-0.0032362733
Warm A,766307,4562,4561,3268,1998,0,-0.00351718
Warm A,291209,1737,1736,3268,1998,0,-0.008449156
Warm A,22460,163,162,3268,1998,0,0.011403561
Warm A,13022,101,100,3268,1998,1,0.005660318
Warm A,2543,21,20,3268,1998,0,0.00734967
Warm A,3732,26,25,3268,1998,0,0.009317342
Warm A,697157,4169,4168,3268,1998,0,0.002799973
Warm A,686441,4107,4106,3268,1998,0,0.0036538644
Warm A,19347,148,147,3268,1998,0,0.007780409
Warm A,78323,528,527,3268,1998,0,0.0034413987
Warm A,237699,1447,1446,3268,1998,0,0.007535617
Warm A,362795,2116,2115,3268,1998,0,0.00447141
Warm A,152178,979,978,3268,1998,1,-0.0014399188
Warm A,383604,2242,2241,3268,1998,0,0.0058486722
Warm A,964393,5812,5811,3268,1998,0,0.013651323
Warm A,183498,1142,1141,3268,1998,0,0.0016640932
Warm A,257495,1579,1578,3268,1998,0,0.0067993095
Warm A,62674,424,423,3268,1998,0,0.014396862
Warm A,329177,1943,1942,3268,1998,0,-0.00030067516
Warm A,234804,1425,1424,3268,1998,0,0.008875764
Warm A,52123,343,342,3268,1998,1,-0.008510286
Warm A,609590,3695,3694,3272,2001,0,0.009330349
Warm A,605646,3681,3680,3272,2001,1,0.0073115923
Warm A,600497,3651,3650,3272,2001,1,0.010808484
Warm A,598108,3641,3640,3272,2001,1,0.0132680945
Warm A,606391,3683,3682,3272,2001,1,0.014462881
Warm A,596384,3626,3625,3272,2001,0,0.010870783
Warm A,587403,3588,3587,3272,2001,1,0.011229401
Warm A,759042,4510,4509,3272,2001,0,0.014170755
Warm A,593520,3618,3617,3272,2001,0,0.022367716
Warm A,579102,3539,3538,3272,2001,1,0.0064321943
Warm A,570208,3499,3498,3272,2001,1,0.00946923
Warm A,571945,3507,3506,3272,2001,0,0.004595491
Warm A,576950,3526,3525,3272,2001,1,0.0012452044
Warm A,542060,3336,3335,3272,2001,0,0.0009309002
Warm A,580447,3546,3545,3272,2001,0,0.015911546
Warm A,528070,3265,3264,3272,2001,0,0.0113967415
Warm A,522317,3224,3223,3272,2001,1,0.007216448
Warm A,519680,3206,3205,3272,2001,0,0.010841506
Warm A,517369,3193,3192,3272,2001,0,0.0029477128
Warm A,515960,3184,3183,3272,2001,0,0.006554448
Warm A,515347,3182,3181,3272,2001,1,0.008692176
Warm A,509218,3135,3134,3272,2001,1,-0.0007648339
Warm A,496843,3053,3052,3272,2001,0,0.0132000325
Warm A,484890,2986,2985,3272,2001,0,0.021751173
Warm A,852831,5113,5112,3272,2001,0,0.009313513
Warm A,473344,2909,2908,3272,2001,1,0.0032204133
Warm A,646575,3892,3891,3272,2001,0,0.013043469
Warm A,467736,2883,2882,3272,2001,0,0.0094842315
Warm A,457749,2820,2819,3272,2001,1,0.01194269
Warm A,453565,2793,2792,3272,2001,1,0.013721253
Warm A,441341,2703,2702,3272,2001,0,0.0049583893
Warm A,431358,2628,2627,3272,2001,0,0.0030712844
Warm A,430954,2627,2626,3272,2001,0,0.012103735
Warm A,429064,2611,2610,3272,2001,1,0.010279393
Warm A,833055,5008,5007,3272,2001,0,-0.001126372
Warm A,409122,2456,2455,3272,2001,0,0.01182833
Warm A,408062,2453,2452,3272,2001,1,0.006146264
Warm A,407184,2446,2445,3272,2001,1,0.011067413
Warm A,402211,2402,2401,3272,2001,1,0.021318477
Warm A,392005,2304,2303,3272,2001,0,0.010452139
Warm A,369326,2161,2160,3272,2001,0,0.009147823
Warm A,364629,2124,2123,3272,2001,1,0.0051836134
Warm A,359272,2102,2101,3272,2001,0,0.0061832983
Warm A,349483,2051,2050,3272,2001,0,0.0074089137
Warm A,310068,1845,1844,3272,2001,1,0.004989624
Warm A,274312,1658,1657,3272,2001,1,0.0151368
Warm A,301497,1791,1790,3272,2001,1,0.008277283
Warm A,216870,1317,1316,3272,2001,1,0.011642943
Warm A,289226,1727,1726,3272,2001,1,-0.0020025386
Warm A,204473,1260,1259,3272,2001,0,0.0020118677
Warm A,214712,1303,1302,3272,2001,1,0.015342729
Warm A,199067,1223,1222,3272,2001,1,0.009106803
Warm A,357910,2094,2093,3272,2001,1,0.0041670813
Warm A,278821,1680,1679,3272,2001,1,0.0099591585
Warm A,197575,1212,1211,3272,2001,0,0.008458909
Warm A,235501,1426,1425,3272,2001,0,0.010003045
Warm A,185018,1150,1149,3272,2001,0,0.016689757
Warm A,210693,1285,1284,3272,2001,1,0.010688281
Warm A,307275,1835,1834,3272,2001,1,0.013009779
Warm A,168293,1069,1068,3272,2001,1,0.0072930194
Warm A,165159,1053,1052,3272,2001,0,0.013828207
Warm A,181249,1133,1132,3272,2001,0,0.0075984327
Warm A,212807,1297,1296,3272,2001,1,0.010894731
Warm A,157919,1015,1014,3272,2001,0,0.003583711
Warm A,221180,1340,1339,3272,2001,0,0.00995278
Warm A,139583,893,892,3272,2001,0,0.0029640535
Warm A,131040,850,849,3272,2001,1,0.017396068
Warm A,129255,839,838,3272,2001,1,0.0135266585
Warm A,298036,1767,1766,3272,2001,0,0.0037721149
Warm A,115968,752,751,3272,2001,0,0.003791513
Warm A,105919,699,698,3272,2001,0,0.0046212496
Warm A,100080,669,668,3272,2001,0,0.017333567
Warm A,98649,660,659,3272,2001,1,0.0070899054
Warm A,97740,655,654,3272,2001,0,-0.0003790171
Warm A,316673,1884,1883,3272,2001,0,0.007161331
Warm A,480023,2946,2945,3272,2001,0,0.0076855198
Warm A,283969,1698,1697,3272,2001,1,0.013413725
Warm A,308453,1837,1836,3272,2001,0,0.011995296
Warm A,159905,1019,1018,3272,2001,1,0.0043233256
Warm A,82866,549,548,3272,2001,1,0.018796613
Warm A,238698,1448,1447,3272,2001,0,0.0057325372
Warm A,190583,1181,1180,3272,2001,0,0.0078068273
Warm A,83961,550,549,3272,2001,1,0.01589948
Warm A,77285,524,523,3272,2001,1,0.01917281
Warm A,80060,533,532,3272,2001,1,0.01207299
Warm A,71854,482,481,3272,2001,0,0.0066707158
Warm A,70097,474,473,3272,2001,1,0.010627776
Warm A,239802,1449,1448,3272,2001,0,0.007121076
Warm A,53679,352,351,3272,2001,0,-0.0027081524
Warm A,697167,4169,4168,3272,2001,0,0.013529446
Warm A,55584,368,367,3272,2001,1,0.0067005884
Warm A,40361,272,271,3272,2001,0,0.022791784
Warm A,33462,225,224,3272,2001,1,0.008823146
Warm A,19951,149,148,3272,2001,0,0.009259919
Warm A,902976,5458,5457,3272,2001,0,0.005448032
Warm A,210031,1284,1283,3272,2001,1,0.012113664
Warm A,772104,4602,4601,3272,2001,1,-0.0042941114
Warm A,257502,1579,1578,3272,2001,1,0.011535598
Warm A,317563,1889,1888,3272,2001,0,0.010941479
Warm A,631413,3821,3820,3272,2001,0,0.014718168
Warm A,592732,3613,3612,3272,2001,0,0.00982144
Warm A,565445,3475,3474,3272,2001,0,0.005869163
Warm A,335611,1980,1979,3272,2001,1,0.013715763
Warm A,47426,319,318,3272,2001,1,0.009974938
Warm A,290036,1733,1732,3272,2001,1,0.013560206
Warm A,322177,1912,1911,3272,2001,0,0.010585059
Warm A,62683,424,423,3272,2001,1,0.008162768
Warm A,941650,5682,5681,3272,2001,0,0.01635524
Warm A,790687,4728,4727,3272,2001,1,0.021613406
Warm A,860281,5172,5171,3272,2001,0,-0.001662214
Warm A,549873,3391,3390,3272,2001,0,0.012839219
Warm A,599107,3648,3647,3275,2004,1,0.0017705953
Warm A,22477,163,162,3275,2004,0,0.014608295
Warm A,805898,4823,4822,3275,2004,0,0.0073045613
Warm A,202967,1246,1245,3275,2004,1,0.013133944
Warm A,170451,1086,1085,3275,2004,1,0.011691831
Warm A,119081,770,769,3275,2004,1,0.015893757
Warm A,286605,1712,1711,3275,2004,1,0.01280139
Warm A,28104,195,194,3275,2004,1,0.0024093033
Warm A,47939,321,320,3275,2004,1,0.0012900205
Warm A,460585,2841,2840,3275,2004,0,0.02339494
Warm A,144080,929,928,3275,2004,0,0.009506397
Warm A,154085,993,992,3275,2004,1,0.00032434356
Warm A,567321,3483,3482,3275,2004,1,0.0023613516
Warm A,35815,242,241,3275,2004,1,-0.0011419877
Warm A,500438,3074,3073,3275,2004,1,0.00929019
Warm A,20738,151,150,3275,2004,1,0.004970302
Warm A,344785,2023,2022,3275,2004,1,0.0042361785
Warm A,19955,149,148,3275,2004,1,0.0056248344
Warm A,562462,3462,3461,3275,2004,0,0.0026154788
Warm A,310569,1851,1850,3275,2004,0,0.008078795
Warm A,943569,5689,5688,3275,2004,0,0.008335964
Warm A,44450,302,301,3275,2004,0,0.011334855
Warm A,231048,1399,1398,3275,2004,0,-0.0008890106
Warm A,941653,5682,5681,3275,2004,1,0.019749532
Warm A,753452,4489,4488,3275,2004,1,0.011526646
Warm A,887101,5359,5358,3275,2004,0,0.004531924
Warm A,171388,1088,1087,3275,2004,1,0.0034112132
Warm A,342280,2015,2014,3275,2004,1,0.009424325
Warm A,894037,5397,5396,3275,2004,1,0.0026106574
Warm A,713719,4277,4276,3275,2004,1,0.004748095
Warm A,62688,424,423,3275,2004,1,0.014894459
Warm A,564246,3471,3470,3275,2004,1,0.0062809256
Warm A,363905,2120,2119,3286,2006,0,0.008041177
Warm A,150022,966,965,3286,2006,0,0.011100693
Warm A,194246,1198,1197,3286,2006,1,0.00928266
Warm A,137976,889,888,3286,2006,0,0.0075191315
Warm A,133759,866,865,3286,2006,0,0.0042887046
Warm A,384044,2244,2243,3286,2006,0,0.008180869
Warm A,266597,1617,1616,3286,2006,0,0.018355342
Warm A,130182,843,842,3286,2006,0,0.003980305
Warm A,110312,720,719,3286,2006,0,0.018484784
Warm A,100768,673,672,3286,2006,0,0.013789957
Warm A,252158,1527,1526,3286,2006,0,0.008898117
Warm A,96568,648,647,3286,2006,0,0.0127430055
Warm A,91596,608,607,3286,2006,0,0.0015565832
Warm A,82214,546,545,3286,2006,0,0.008296988
Warm A,76501,519,518,3286,2006,0,0.01140565
Warm A,56699,380,379,3286,2006,0,0.004548891
Warm A,56608,379,378,3286,2006,1,0.0037487485
Warm A,65702,439,438,3286,2006,0,0.016263584
Warm A,55597,368,367,3286,2006,0,0.005391449
Warm A,153780,988,987,3286,2006,0,0.014514542
Warm A,445526,2748,2747,3286,2006,0,0.013738116
Warm A,44474,302,301,3286,2006,0,0.01785687
Warm A,43910,301,300,3286,2006,0,0.014229798
Warm A,43228,296,295,3286,2006,1,-0.004455038
Warm A,41784,284,283,3286,2006,0,-0.0026091193
Warm A,37054,250,249,3286,2006,0,0.00635582
Warm A,32035,216,215,3286,2006,0,0.010942276
Warm A,183115,1141,1140,3286,2006,0,0.015815213
Warm A,25611,181,180,3286,2006,0,0.009718112
Warm A,133618,864,863,3286,2006,0,0.011593312
Warm A,22496,163,162,3286,2006,0,0.01128213
Warm A,26407,187,186,3286,2006,0,0.009780654
Warm A,947710,5722,5721,3286,2006,1,0.0055967495
Warm A,17151,134,133,3286,2006,0,0.008035877
Warm A,439792,2688,2687,3286,2006,1,0.011216292
Warm A,8222,57,56,3286,2006,0,0.010587841
Warm A,7280,51,50,3286,2006,0,-0.0022357227
Warm A,503387,3093,3092,3286,2006,0,0.013665223
Warm A,5368,37,36,3286,2006,0,0.013040723
Warm A,4217,32,31,3286,2006,0,0.0022716185
Warm A,116800,753,752,3286,2006,1,0.011707308
Warm A,540508,3326,3325,3286,2006,0,0.004222491
Warm A,211645,1287,1286,3286,2006,0,0.007101419
Warm A,307030,1834,1833,3286,2006,0,0.007044626
Warm A,399773,2380,2379,3286,2006,0,0.017965566
Warm A,408622,2454,2453,3286,2006,0,0.008811512
Warm A,448875,2766,2765,3286,2006,0,-0.0008625024
Warm A,981741,5923,5922,3286,2006,0,0.014282531
Warm A,860519,5173,5172,3286,2006,0,0.0057688514
Warm A,222724,1348,1347,3286,2006,0,0.009379187
Warm A,682272,4085,4084,3286,2006,0,0.009636069
Warm A,401139,2390,2389,3286,2006,1,0.00960376
Warm A,472418,2907,2906,3286,2006,0,0.010516106
Warm A,331424,1958,1957,3286,2006,0,0.017654868
Warm A,907787,5492,5491,3286,2006,0,0.0029299087
Warm A,562469,3462,3461,3286,2006,0,0.009830351
Warm A,413672,2489,2488,3286,2006,0,0.012331687
Warm A,310576,1851,1850,3286,2006,0,0.013014777
Warm A,351560,2063,2062,3286,2006,0,0.0207014
Warm A,62706,424,423,3286,2006,0,0.010948444
Warm A,496417,3051,3050,3286,2006,0,0.0028776575
Warm A,272081,1645,1644,3286,2006,1,0.0051657488
Warm A,373364,2180,2179,3287,2007,0,0.011286363
Warm A,365166,2125,2124,3287,2007,1,0.0062902346
Warm A,361486,2109,2108,3287,2007,1,4.567206e-05
Warm A,353431,2071,2070,3287,2007,0,0.009356872
Warm A,337810,1987,1986,3287,2007,0,0.008925718
Warm A,311897,1860,1859,3287,2007,0,0.014403643
Warm A,305443,1817,1816,3287,2007,0,0.012237263
Warm A,330509,1951,1950,3287,2007,0,0.008256218
Warm A,288810,1726,1725,3287,2007,0,0.003604632
Warm A,286613,1712,1711,3287,2007,1,-0.0044460995
Warm A,286998,1713,1712,3287,2007,1,0.0021572504
Warm A,285205,1701,1700,3287,2007,1,0.0049954443
Warm A,280439,1683,1682,3287,2007,0,0.01444817
Warm A,272083,1645,1644,3287,2007,0,0.00056309346
Warm A,266598,1617,1616,3287,2007,0,0.009048832
Warm A,252814,1532,1531,3287,2007,1,0.010594553
Warm A,294206,1749,1748,3287,2007,0,0.0005538454
Warm A,242180,1460,1459,3287,2007,0,-4.635658e-06
Warm A,239832,1449,1448,3287,2007,0,0.019100687
Warm A,235811,1427,1426,3287,2007,0,0.0032293703
Warm A,225209,1362,1361,3287,2007,0,0.0025133877
Warm A,224074,1356,1355,3287,2007,0,0.00059327856
Warm A,222557,1347,1346,3287,2007,1,0.011572367
Warm A,222252,1344,1343,3287,2007,0,0.006082089
Warm A,591822,3610,3609,3287,2007,0,0.00713056
Warm A,195896,1204,1203,3287,2007,0,-0.0002143234
Warm A,229860,1391,1390,3287,2007,0,0.0066820597
Warm A,294641,1750,1749,3287,2007,0,-0.0019851616
Warm A,326536,1935,1934,3287,2007,0,0.003387168
Warm A,346114,2030,2029,3287,2007,0,0.008834183
Warm A,194247,1198,1197,3287,2007,0,-2.0045205e-05
Warm A,162223,1034,1033,3287,2007,0,0.00025016617
Warm A,151370,974,973,3287,2007,0,0.00051680824
Warm A,137978,889,888,3287,2007,0,0.014992743
Warm A,181910,1137,1136,3287,2007,1,0.015141314
Warm A,790228,4727,4726,3287,2007,0,0.011153353
Warm A,124067,799,798,3287,2007,0,0.018747263
Warm A,111172,722,721,3287,2007,0,0.008426908
Warm A,292750,1743,1742,3287,2007,0,-0.00096343574
Warm A,94872,637,636,3287,2007,1,0.002735803
Warm A,93749,629,628,3287,2007,1,-0.007959574
Warm A,262488,1601,1600,3287,2007,0,0.009985174
Warm A,89548,590,589,3287,2007,0,-0.004492175
Warm A,82215,546,545,3287,2007,1,0.008774311
Warm A,79871,532,531,3287,2007,0,-0.007792134
Warm A,86530,566,565,3287,2007,0,-0.00079636206
Warm A,69764,470,469,3287,2007,0,-0.0017572942
Warm A,61277,412,411,3287,2007,0,0.00075383484
Warm A,38898,264,263,3287,2007,0,0.012439385
Warm A,314334,1877,1876,3287,2007,1,-0.004551421
Warm A,14482,117,116,3287,2007,0,0.0010630107
Warm A,14071,114,113,3287,2007,0,0.0017181535
Warm A,3378,26,25,3287,2007,0,0.009714747
Warm A,810395,4861,4860,3287,2007,0,0.008308557
Warm A,15580,123,122,3287,2007,0,0.0083578825
Warm A,139145,890,889,3287,2007,1,-0.0038204407
Warm A,393231,2310,2309,3287,2007,0,0.009249213
Warm A,545254,3363,3362,3287,2007,0,0.0055260286
Warm A,840622,5050,5049,3287,2007,0,0.004588263
Warm A,241055,1451,1450,3287,2007,0,0.002486812
Warm A,79223,531,530,3287,2007,1,0.018607989
Warm A,689785,4126,4125,3287,2007,0,0.012281064
Warm A,144814,934,933,3287,2007,0,0.0017203614
Warm A,879297,5312,5311,3287,2007,0,0.006676682
Warm A,523828,3229,3228,3287,2007,0,0.007292439
Warm A,877649,5304,5303,3287,2007,0,0.014658077
Warm A,399775,2380,2379,3287,2007,1,0.0031742975
Warm A,484575,2985,2984,3287,2007,0,0.00888446
Warm A,177988,1120,1119,3287,2007,1,0.0015404886
Warm A,916875,5539,5538,3299,2010,0,0.0010559999
Warm A,543573,3347,3346,3299,2010,0,-0.00036608527
Warm A,542697,3339,3338,3299,2010,0,-0.004116102
Warm A,533145,3292,3291,3299,2010,1,0.0011608163
Warm A,532690,3290,3289,3299,2010,0,-0.003273197
Warm A,527315,3261,3260,3299,2010,0,0.014181338
Warm A,575208,3519,3518,3299,2010,0,0.0145755615
Warm A,516869,3191,3190,3299,2010,0,0.0014135694
Warm A,514368,3176,3175,3299,2010,0,0.015482569
Warm A,816642,4903,4902,3299,2010,0,-0.00041883264
Warm A,665192,4005,4004,3299,2010,0,0.013573913
Warm A,504817,3106,3105,3299,2010,0,0.013053055
Warm A,503389,3093,3092,3299,2010,0,0.004563395
Warm A,502462,3084,3083,3299,2010,0,-0.0021903648
Warm A,500644,3075,3074,3299,2010,0,0.009208997
Warm A,495484,3043,3042,3299,2010,0,0.005627582
Warm A,935243,5643,5642,3299,2010,0,0.004110997
Warm A,492595,3029,3028,3299,2010,0,0.015076678
Warm A,489526,3013,3012,3299,2010,0,0.007854538
Warm A,495327,3041,3040,3299,2010,0,-0.001223794
Warm A,529548,3272,3271,3299,2010,0,0.010006698
Warm A,472437,2907,2906,3299,2010,0,0.008828222
Warm A,484915,2986,2985,3299,2010,0,0.0076166033
Warm A,467611,2882,2881,3299,2010,0,0.009441783
Warm A,466703,2878,2877,3299,2010,0,0.00692823
Warm A,458625,2824,2823,3299,2010,0,0.0023155087
Warm A,456389,2810,2809,3299,2010,0,0.010145629
Warm A,444579,2743,2742,3299,2010,0,0.011652421
Warm A,703518,4218,4217,3299,2010,1,0.008823834
Warm A,403302,2409,2408,3299,2010,0,0.007130003
Warm A,393848,2320,2319,3299,2010,0,0.009571834
Warm A,385880,2257,2256,3299,2010,0,0.0006102697
Warm A,398587,2372,2371,3299,2010,0,0.0048357593
Warm A,382584,2236,2235,3299,2010,0,0.009923421
Warm A,376964,2202,2201,3299,2010,0,0.0037853266
Warm A,373924,2181,2180,3299,2010,0,0.0024829358
Warm A,358822,2100,2099,3299,2010,1,0.004944238
Warm A,334207,1971,1970,3299,2010,0,0.0032995741
Warm A,330512,1951,1950,3299,2010,0,-0.00016043428
Warm A,294643,1750,1749,3299,2010,0,0.006399929
Warm A,315059,1880,1879,3299,2010,0,0.0036226925
Warm A,285787,1705,1704,3299,2010,0,-0.006771276
Warm A,285032,1700,1699,3299,2010,0,-0.0036618959
Warm A,278219,1678,1677,3299,2010,0,0.0066775423
Warm A,263135,1605,1604,3299,2010,0,-0.005824592
Warm A,257185,1577,1576,3299,2010,1,0.0094785625
Warm A,253708,1543,1542,3299,2010,0,0.0023156453
Warm A,253863,1544,1543,3299,2010,0,0.011109822
Warm A,332561,1962,1961,3299,2010,0,0.008155374
Warm A,321639,1908,1907,3299,2010,0,0.00013000146
Warm A,281896,1691,1690,3299,2010,0,0.0032842094
Warm A,216385,1314,1313,3299,2010,0,-0.0029857547
Warm A,243790,1470,1469,3299,2010,0,0.0019174587
Warm A,189296,1173,1172,3299,2010,0,0.0052256817
Warm A,187381,1163,1162,3299,2010,0,-0.0055423896
Warm A,186744,1156,1155,3299,2010,0,0.00796292
Warm A,183124,1141,1140,3299,2010,0,0.0024241507
Warm A,179500,1125,1124,3299,2010,0,0.0076598157
Warm A,194250,1198,1197,3299,2010,0,0.007760259
Warm A,175410,1112,1111,3299,2010,0,0.010569542
Warm A,167753,1068,1067,3299,2010,1,0.013771901
Warm A,155279,1001,1000,3299,2010,0,0.013346422
Warm A,362847,2116,2115,3299,2010,0,0.008356176
Warm A,139820,896,895,3299,2010,0,0.005188505
Warm A,138001,889,888,3299,2010,0,0.004871651
Warm A,131811,854,853,3299,2010,0,0.00907605
Warm A,248717,1501,1500,3299,2010,0,0.009994973
Warm A,128763,836,835,3299,2010,0,0.0020908825
Warm A,145588,936,935,3299,2010,0,0.0027887323
Warm A,112356,731,730,3299,2010,1,0.005256601
Warm A,239848,1449,1448,3299,2010,0,0.0009753322
Warm A,228116,1383,1382,3299,2010,0,0.008799466
Warm A,85901,561,560,3299,2010,0,0.003367165
Warm A,73634,499,498,3299,2010,0,0.004748933
Warm A,64180,429,428,3299,2010,0,0.00027234363
Warm A,61293,412,411,3299,2010,1,0.0019640452
Warm A,39557,268,267,3299,2010,0,0.010677936
Warm A,647638,3900,3899,3299,2010,0,0.00341071
Warm A,32064,216,215,3299,2010,0,-0.0019226456
Warm A,29461,201,200,3299,2010,0,-0.0029549366
Warm A,23338,167,166,3299,2010,0,0.004943798
Warm A,26420,187,186,3299,2010,0,0.010491979
Warm A,210055,1284,1283,3299,2010,0,0.007056361
Warm A,314338,1877,1876,3299,2010,0,-0.0002259803
Warm A,11281,85,84,3299,2010,0,0.0032158033
Warm A,79245,531,530,3299,2010,0,0.007909277
Warm A,150489,970,969,3299,2010,0,0.008926658
Warm A,258353,1584,1583,3299,2010,0,0.009112405
Warm A,689790,4126,4125,3299,2010,0,0.0071753133
Warm A,360611,2106,2105,3299,2010,0,0.016393783
Warm A,365692,2129,2128,3299,2010,0,0.006539356
Warm A,840624,5050,5049,3299,2010,0,0.015816558
Warm A,231939,1407,1406,3299,2010,0,0.012574252
Warm A,222726,1348,1347,3299,2010,0,0.004749168
Warm A,105949,699,698,3299,2010,0,0.003495791
Warm A,157961,1015,1014,3299,2010,0,0.0026831138
Warm A,503783,3096,3095,3299,2010,1,-0.0029600675
Warm A,556521,3420,3419,3299,2010,1,0.0067147366
Warm A,557173,3423,3422,3299,2010,0,-0.0026474986
Warm A,20766,151,150,3299,2010,0,0.0014675376
Warm A,537806,3312,3311,3299,2010,0,0.015406206
Warm A,697205,4169,4168,3299,2010,0,0.00791586
Warm A,398999,2376,2375,3299,2010,0,0.013268933
Warm A,110682,721,720,3299,2010,0,0.008431755
Warm A,351579,2063,2062,3299,2010,0,-0.00010860758
Warm A,907790,5492,5491,3299,2010,0,0.009632812
Warm A,331446,1958,1957,3299,2010,0,0.022155406
Warm A,476287,2926,2925,3299,2010,0,0.014762533
Warm A,285213,1701,1700,3299,2010,0,0.0085456185
Warm A,599130,3648,3647,3299,2010,0,-0.004824638
Warm A,206278,1265,1264,3299,2010,0,0.0014040377
Warm A,46455,310,309,3299,2010,1,0.0038458942
Warm A,312820,1865,1864,3299,2010,0,0.005817809
Warm A,984192,5948,5947,3299,2010,0,-0.010592011
Warm A,941663,5682,5681,3299,2010,0,0.015222054
Warm A,974584,5878,5877,3299,2010,0,0.0012450649
Warm A,105652,698,697,3310,2015,1,-0.0018356934
Warm A,840536,5049,5048,3310,2015,1,0.00033495203
Warm A,547269,3375,3374,3324,2018,0,0.00013003824
Warm A,592431,3611,3610,3324,2018,1,0.00208523
Warm A,545160,3362,3361,3324,2018,0,0.00077439554
Warm A,544557,3357,3356,3324,2018,1,0.008311349
Warm A,538029,3312,3311,3324,2018,1,0.006616996
Warm A,537293,3311,3310,3324,2018,0,0.0002985882
Warm A,564539,3471,3470,3324,2018,1,0.0034762193
Warm A,533452,3292,3291,3324,2018,1,0.010668131
Warm A,532235,3285,3284,3324,2018,0,0.004740309
Warm A,525489,3245,3244,3324,2018,0,0.003182286
Warm A,524070,3230,3229,3324,2018,0,0.0032018821
Warm A,517676,3195,3194,3324,2018,1,0.004899129
Warm A,745442,4448,4447,3324,2018,1,0.0058610598
Warm A,514672,3179,3178,3324,2018,0,0.0069813496
Warm A,506348,3116,3115,3324,2018,1,0.0040512104
Warm A,504049,3098,3097,3324,2018,1,0.007294609
Warm A,503441,3093,3092,3324,2018,0,0.0014369057
Warm A,502497,3084,3083,3324,2018,1,0.0023727596
Warm A,502941,3087,3086,3324,2018,0,-0.001465758
Warm A,516546,3189,3188,3324,2018,0,0.00978333
Warm A,659198,3971,3970,3324,2018,1,0.0021140177
Warm A,488720,3007,3006,3324,2018,1,-0.006882755
Warm A,484415,2981,2980,3324,2018,0,0.001320621
Warm A,476061,2922,2921,3324,2018,1,0.006333543
Warm A,473836,2909,2908,3324,2018,0,0.0016217339
Warm A,472711,2907,2906,3324,2018,0,0.005730328
Warm A,467985,2885,2884,3324,2018,0,0.0053377245
Warm A,811722,4868,4867,3324,2018,1,0.010995065
Warm A,459978,2837,2836,3324,2018,1,0.009881511
Warm A,457516,2819,2818,3324,2018,0,0.009317201
Warm A,451002,2777,2776,3324,2018,1,-0.0029635578
Warm A,448262,2763,2762,3324,2018,0,0.013006705
Warm A,444735,2743,2742,3324,2018,0,-0.0043797996
Warm A,443889,2737,2736,3324,2018,0,-0.00071165967
Warm A,670682,4030,4029,3324,2018,1,0.007791454
Warm A,417155,2509,2508,3324,2018,0,0.0030962355
Warm A,407887,2452,2451,3324,2018,0,0.011602461
Warm A,408728,2454,2453,3324,2018,0,0.01020664
Warm A,387045,2263,2262,3324,2018,1,0.003330721
Warm A,398617,2372,2371,3324,2018,0,-0.0063455263
Warm A,384381,2245,2244,3324,2018,0,0.0015378045
Warm A,380364,2223,2222,3324,2018,0,0.003143459
Warm A,374212,2181,2180,3324,2018,0,0.004851091
Warm A,357999,2095,2094,3324,2018,0,0.010824432
Warm A,355553,2081,2080,3324,2018,0,0.00063184276
Warm A,352047,2063,2062,3324,2018,0,0.013821791
Warm A,361759,2109,2108,3324,2018,0,0.0013640444
Warm A,348993,2047,2046,3324,2018,0,-0.0064438228
Warm A,340757,2010,2009,3324,2018,0,0.0018200697
Warm A,338612,1992,1991,3324,2018,0,-0.005847845
Warm A,639203,3842,3841,3324,2018,1,-0.0048080385
Warm A,291918,1739,1738,3324,2018,0,-0.0019898855
Warm A,285050,1700,1699,3324,2018,0,-0.005158735
Warm A,297604,1764,1763,3324,2018,1,0.0053127175
Warm A,285811,1705,1704,3324,2018,0,-0.006086192
Warm A,256984,1573,1572,3324,2018,0,0.013283534
Warm A,234536,1423,1422,3324,2018,0,-0.0036815715
Warm A,223640,1354,1353,3324,2018,0,0.0043015257
Warm A,217515,1319,1318,3324,2018,0,0.007885957
Warm A,281916,1691,1690,3324,2018,0,-0.0041204547
Warm A,208046,1272,1271,3324,2018,1,0.008949337
Warm A,279533,1680,1679,3324,2018,0,-0.0005178063
Warm A,198850,1221,1220,3324,2018,0,0.0028209502
Warm A,195574,1203,1202,3324,2018,0,0.014817361
Warm A,201185,1241,1240,3324,2018,1,0.0019270019
Warm A,187405,1163,1162,3324,2018,1,-0.0018540691
Warm A,186774,1156,1155,3324,2018,0,0.00034969766
Warm A,183589,1142,1141,3324,2018,0,0.0038449285
Warm A,173740,1100,1099,3324,2018,0,0.010445501
Warm A,162600,1037,1036,3324,2018,0,0.005396154
Warm A,162488,1035,1034,3324,2018,0,-0.0074382797
Warm A,150669,970,969,3324,2018,0,0.0018908654
Warm A,144203,929,928,3324,2018,1,-0.0015183771
Warm A,143536,926,925,3324,2018,1,0.0025059255
Warm A,143706,927,926,3324,2018,0,-0.0014954722
Warm A,134416,869,868,3324,2018,0,0.0037089223
Warm A,210217,1284,1283,3324,2018,1,0.00013921689
Warm A,128777,836,835,3324,2018,0,0.0015125824
Warm A,363183,2116,2115,3324,2018,0,0.0031010602
Warm A,199114,1223,1222,3324,2018,0,0.001286861
Warm A,117570,757,756,3324,2018,0,0.012327641
Warm A,112581,731,730,3324,2018,1,0.004063825
Warm A,108111,710,709,3324,2018,0,0.0063571697
Warm A,103461,687,686,3324,2018,0,0.0047497754
Warm A,116373,752,751,3324,2018,0,0.0028858595
Warm A,100906,673,672,3324,2018,0,0.004914325
Warm A,510964,3150,3149,3324,2018,0,0.0045522093
Warm A,99670,665,664,3324,2018,0,0.00362207
Warm A,262554,1601,1600,3324,2018,1,-0.0036141137
Warm A,89599,590,589,3324,2018,0,0.0048471554
Warm A,99590,664,663,3324,2018,1,0.00446405
Warm A,76177,517,516,3324,2018,0,0.011981574
Warm A,64292,429,428,3324,2018,0,0.009894498
Warm A,65447,438,437,3324,2018,0,0.014646785
Warm A,317803,1889,1888,3324,2018,0,0.0023531434
Warm A,44392,302,301,3324,2018,0,0.012849281
Warm A,61230,412,411,3324,2018,1,0.0007638959
Warm A,296842,1759,1758,3324,2018,1,0.0017951019
Warm A,219229,1329,1328,3324,2018,1,4.3128384e-05
Warm A,22439,163,162,3324,2018,0,-0.00047784066
Warm A,33416,225,224,3324,2018,0,0.0027640585
Warm A,314390,1877,1876,3324,2018,0,0.0010833621
Warm A,11274,85,84,3324,2018,1,-0.00032374868
Warm A,328358,1941,1940,3324,2018,0,-0.0025794536
Warm A,389471,2282,2281,3324,2018,1,0.005792844
Warm A,481913,2962,2961,3324,2018,0,0.0021169325
Warm A,330762,1952,1951,3324,2018,0,0.006560491
Warm A,174230,1101,1100,3324,2018,1,0.0010264481
Warm A,287315,1715,1714,3324,2018,1,0.007212611
Warm A,78547,528,527,3324,2018,0,0.0072304048
Warm A,548575,3386,3385,3324,2018,0,0.005871919
Warm A,360915,2106,2105,3324,2018,0,0.017096866
Warm A,60636,411,410,3324,2018,0,0.009064028
Warm A,110912,721,720,3324,2018,0,0.00055025145
Warm A,577315,3526,3525,3324,2018,0,0.009755105
Warm A,685076,4094,4093,3324,2018,0,0.0042600776
Warm A,144993,934,933,3324,2018,0,0.0040010205
Warm A,326147,1930,1929,3324,2018,1,0.004323747
Warm A,20706,151,150,3324,2018,1,0.013053203
Warm A,697546,4169,4168,3324,2018,0,0.0059009194
Warm A,499550,3067,3066,3324,2018,1,0.009643768
Warm A,807294,4831,4830,3324,2018,1,0.0047508944
Warm A,139984,897,896,3324,2018,0,0.0029747123
Warm A,83291,549,548,3324,2018,1,0.0013483898
Warm A,52978,349,348,3324,2018,0,0.0017718552
Warm A,496550,3051,3050,3324,2018,0,-0.0018664656
Warm A,171816,1088,1087,3324,2018,0,0.008045468
Warm A,272280,1645,1644,3324,2018,1,0.0044944254
Warm A,492835,3029,3028,3324,2018,0,0.00012682471
Warm A,480470,2947,2946,3324,2018,0,0.0030505129
Warm A,309120,1839,1838,3325,2019,0,-0.0004992103
Warm A,304453,1809,1808,3325,2019,0,-0.0030492074
Warm A,321699,1908,1907,3325,2019,0,0.0045611314
Warm A,298718,1774,1773,3325,2019,1,-0.005415287
Warm A,360916,2106,2105,3325,2019,0,0.0071770744
Warm A,294665,1750,1749,3325,2019,0,-0.0013622129
Warm A,285390,1701,1700,3325,2019,0,0.001401678
Warm A,280499,1683,1682,3325,2019,1,0.004658064
Warm A,278263,1678,1677,3325,2019,0,0.0078091808
Warm A,273082,1647,1646,3325,2019,0,-0.00855621
Warm A,262805,1603,1602,3325,2019,1,-0.001737796
Warm A,256985,1573,1572,3325,2019,0,0.015987229
Warm A,256197,1562,1561,3325,2019,0,-0.0034993761
Warm A,256258,1563,1562,3325,2019,0,0.00061284285
Warm A,260686,1593,1592,3325,2019,0,-0.0027938136
Warm A,233263,1419,1418,3325,2019,0,-5.6163408e-05
Warm A,235623,1426,1425,3325,2019,0,0.0030208381
Warm A,225594,1366,1365,3325,2019,0,0.0043446035
Warm A,224238,1356,1355,3325,2019,0,-0.007926603
Warm A,224873,1359,1358,3325,2019,0,0.007677792
Warm A,222422,1345,1344,3325,2019,0,-0.006981102
Warm A,242188,1460,1459,3325,2019,0,-0.0015146413
Warm A,281917,1691,1690,3325,2019,0,-0.0043592737
Warm A,214119,1300,1299,3325,2019,0,0.011350616
Warm A,285812,1705,1704,3325,2019,0,-0.0017132579
Warm A,207682,1270,1269,3325,2019,0,0.0026372008
Warm A,279535,1680,1679,3325,2019,1,0.00042485376
Warm A,195939,1204,1203,3325,2019,0,0.001419645
Warm A,189422,1173,1172,3325,2019,0,-0.005080218
Warm A,186775,1156,1155,3325,2019,1,-0.00614966
Warm A,186488,1153,1152,3325,2019,0,-0.0037508057
Warm A,185477,1150,1149,3325,2019,0,-0.0036849708
Warm A,184056,1146,1145,3325,2019,0,-0.0069113397
Warm A,182373,1138,1137,3325,2019,1,-0.003887164
Warm A,179692,1125,1124,3325,2019,0,0.00827313
Warm A,175155,1110,1109,3325,2019,1,0.0023431429
Warm A,191141,1181,1180,3325,2019,0,0.00095194066
Warm A,175636,1112,1111,3325,2019,0,0.0030592778
Warm A,181733,1136,1135,3325,2019,0,0.0094159935
Warm A,270458,1636,1635,3325,2019,0,0.0077517936
Warm A,348994,2047,2046,3325,2019,0,-0.0036195451
Warm A,155413,1001,1000,3325,2019,0,-0.00084279384
Warm A,154062,992,991,3325,2019,0,-0.0032036416
Warm A,150087,966,965,3325,2019,0,0.002016515
Warm A,246379,1489,1488,3325,2019,0,-0.009679146
Warm A,146015,938,937,3325,2019,0,-0.009789852
Warm A,139843,896,895,3325,2019,0,-0.00054404
Warm A,139438,891,890,3325,2019,0,0.011497023
Warm A,273743,1650,1649,3325,2019,0,-0.0024577673
Warm A,128778,836,835,3325,2019,0,0.00032976503
Warm A,182094,1137,1136,3325,2019,0,-0.0059336354
Warm A,128336,830,829,3325,2019,0,0.0037478576
Warm A,305000,1812,1811,3325,2019,1,0.0028267943
Warm A,124082,799,798,3325,2019,0,-0.004451562
Warm A,100907,673,672,3325,2019,0,0.0023418656
Warm A,99338,662,661,3325,2019,1,-0.007884478
Warm A,137181,883,882,3325,2019,1,-0.0067848545
Warm A,222612,1347,1346,3325,2019,0,-0.0017787598
Warm A,96644,648,647,3325,2019,0,-0.0009789079
Warm A,384180,2244,2243,3325,2019,0,0.0055236453
Warm A,90330,596,595,3325,2019,0,0.0020835758
Warm A,85140,555,554,3325,2019,0,-0.001230733
Warm A,74261,506,505,3325,2019,0,-0.009580756
Warm A,69318,464,463,3325,2019,0,-0.0077514667
Warm A,481914,2962,2961,3325,2019,0,0.0063945632
Warm A,22440,163,162,3325,2019,0,-0.00041903404
Warm A,20386,150,149,3325,2019,0,0.000653444
Warm A,314391,1877,1876,3325,2019,0,-0.0002679873
Warm A,11275,85,84,3325,2019,0,-0.008082223
Warm A,22180,162,161,3325,2019,0,0.0009533039
Warm A,485152,2986,2985,3325,2019,0,0.006843133
Warm A,140304,899,898,3325,2019,0,-0.004889207
Warm A,2466,19,18,3325,2019,0,0.003887282
Warm A,685077,4094,4093,3325,2019,1,0.0025487419
Warm A,56320,376,375,3325,2019,0,0.0073398286
Warm A,289701,1729,1728,3325,2019,0,0.0005682069
Warm A,784518,4682,4681,3325,2019,1,0.006233801
Warm A,12824,99,98,3325,2019,0,0.0047898376
Warm A,79531,531,530,3325,2019,0,-0.0005461135
Warm A,682574,4085,4084,3325,2019,0,-0.0021016423
Warm A,11925,92,91,3325,2019,0,0.001500027
Warm A,102405,678,677,3325,2019,0,0.0034725326
Warm A,500496,3074,3073,3325,2019,0,0.004849186
Warm A,20707,151,150,3325,2019,0,0.0053848885
Warm A,375645,2188,2187,3325,2019,0,0.0077077285
Warm A,309677,1842,1841,3325,2019,0,0.0043028886
Warm A,110913,721,720,3325,2019,0,-0.005618077
Warm A,517925,3196,3195,3325,2019,1,0.00054225186
Warm A,554058,3410,3409,3325,2019,0,0.0014965052
Warm A,599350,3648,3647,3325,2019,0,-0.0060152477
Warm A,331743,1958,1957,3325,2019,0,-0.00043801172
Warm A,419429,2535,2534,3325,2019,1,0.0005521255
Warm A,499551,3067,3066,3325,2019,0,0.0053106155
Warm A,336099,1980,1979,3325,2019,0,-0.0044514006
Warm A,479781,2944,2943,3325,2019,0,0.0072104223
Warm A,206397,1265,1264,3325,2019,0,0.003490536
Warm A,538030,3312,3311,3325,2019,0,-0.0020785013
Warm A,328361,1941,1940,3325,2019,0,0.0031866676
Warm A,58706,398,397,3325,2019,0,0.00851611
Warm A,785847,4697,4696,3325,2019,1,-0.005122871
Warm A,580026,3540,3539,3326,2020,1,0.0019686525
Warm A,504050,3098,3097,3326,2020,1,0.0036683686
Warm A,503443,3093,3092,3326,2020,0,-0.00065104314
Warm A,502499,3084,3083,3326,2020,1,0.006765036
Warm A,502410,3083,3082,3326,2020,0,0.0011965039
Warm A,502943,3087,3086,3326,2020,0,0.0021219226
Warm A,498986,3066,3065,3326,2020,0,-0.0019998802
Warm A,641482,3857,3856,3326,2020,0,0.003165487
Warm A,494890,3035,3034,3326,2020,0,0.01140838
Warm A,485996,2992,2991,3326,2020,0,0.007769822
Warm A,480558,2948,2947,3326,2020,1,0.005408779
Warm A,631125,3819,3818,3326,2020,1,-0.0012591416
Warm A,868172,5241,5240,3326,2020,0,0.00573671
Warm A,471055,2899,2898,3326,2020,1,0.006124333
Warm A,973594,5872,5871,3326,2020,1,-0.003412092
Warm A,461136,2844,2843,3326,2020,0,0.008500945
Warm A,458707,2824,2823,3326,2020,1,0.0117700305
Warm A,457517,2819,2818,3326,2020,1,-0.0010759062
Warm A,382620,2236,2235,3326,2020,0,-0.0025563305
Warm A,380365,2223,2222,3326,2020,0,0.009615607
Warm A,378942,2212,2211,3326,2020,0,0.0011482271
Warm A,374214,2181,2180,3326,2020,0,0.014732421
Warm A,370752,2167,2166,3326,2020,0,0.0012036673
Warm A,365820,2129,2128,3326,2020,0,0.007574697
Warm A,358001,2095,2094,3326,2020,1,0.004508372
Warm A,358561,2098,2097,3326,2020,0,-0.0060170717
Warm A,361762,2109,2108,3326,2020,0,0.008295264
Warm A,346841,2033,2032,3326,2020,1,0.0031567675
Warm A,343164,2016,2015,3326,2020,0,-0.0015080133
Warm A,340759,2010,2009,3326,2020,0,0.0027688332
Warm A,338614,1992,1991,3326,2020,0,0.005740696
Warm A,334173,1970,1969,3326,2020,0,0.00080263196
Warm A,330878,1953,1952,3326,2020,1,0.00090459967
Warm A,321870,1910,1909,3326,2020,1,0.0024838345
Warm A,305487,1817,1816,3326,2020,0,0.010114593
Warm A,296843,1759,1758,3326,2020,0,0.011666588
Warm A,289786,1731,1730,3326,2020,0,0.009095783
Warm A,292411,1741,1740,3326,2020,0,0.009488463
Warm A,273083,1647,1646,3326,2020,1,-0.0018187091
Warm A,271502,1641,1640,3326,2020,0,0.0026602459
Warm A,262806,1603,1602,3326,2020,0,0.007680448
Warm A,256986,1573,1572,3326,2020,0,0.007527088
Warm A,253925,1544,1543,3326,2020,0,0.016926289
Warm A,234537,1423,1422,3326,2020,0,0.0006655557
Warm A,281918,1691,1690,3326,2020,0,0.007630149
Warm A,215867,1308,1307,3326,2020,1,0.0016426595
Warm A,211115,1285,1284,3326,2020,0,0.0006949679
Warm A,201060,1240,1239,3326,2020,0,-0.00018908363
Warm A,201187,1241,1240,3326,2020,0,0.004429728
Warm A,186387,1152,1151,3326,2020,0,-0.0021686726
Warm A,189423,1173,1172,3326,2020,1,0.0043487134
Warm A,179694,1125,1124,3326,2020,0,0.012701642
Warm A,191143,1181,1180,3326,2020,0,0.011199506
Warm A,167223,1064,1063,3326,2020,1,0.007391493
Warm A,147460,949,948,3326,2020,0,0.0090927975
Warm A,146126,939,938,3326,2020,0,0.007054437
Warm A,135178,875,874,3326,2020,1,0.0041123237
Warm A,134418,869,868,3326,2020,1,0.005083864
Warm A,130849,849,848,3326,2020,0,-0.000496338
Warm A,202580,1244,1243,3326,2020,0,0.0018234313
Warm A,240258,1449,1448,3326,2020,0,0.013704949
Warm A,113379,735,734,3326,2020,0,0.0072763525
Warm A,292789,1743,1742,3326,2020,1,0.004072814
Warm A,108113,710,709,3326,2020,0,0.010870695
Warm A,116375,752,751,3326,2020,0,0.014343558
Warm A,100909,673,672,3326,2020,0,0.0019044853
Warm A,97370,652,651,3326,2020,0,0.009068185
Warm A,162314,1034,1033,3326,2020,0,0.0028463805
Warm A,89600,590,589,3326,2020,1,0.0030111885
Warm A,86178,563,562,3326,2020,0,0.011159509
Warm A,250437,1509,1508,3326,2020,0,-0.00059644156
Warm A,77672,524,523,3326,2020,0,0.020043459
Warm A,68452,460,459,3326,2020,1,0.0044154273
Warm A,64293,429,428,3326,2020,0,0.004650127
Warm A,67820,454,453,3326,2020,0,0.0023774425
Warm A,317805,1889,1888,3326,2020,0,0.0025728776
Warm A,46260,309,308,3326,2020,1,-0.0034276764
Warm A,29125,199,198,3326,2020,0,0.0034100732
Warm A,210219,1284,1283,3326,2020,0,0.00939626
Warm A,162030,1033,1032,3326,2020,1,0.008903004
Warm A,314392,1877,1876,3326,2020,0,0.0072566927
Warm A,561928,3457,3456,3326,2020,0,0.005148837
Warm A,7631,53,52,3326,2020,1,0.011180492
Warm A,330763,1952,1951,3326,2020,0,-0.001860026
Warm A,49317,329,328,3326,2020,0,0.0060082753
Warm A,287316,1715,1714,3326,2020,0,-0.0033279138
Warm A,355027,2077,2076,3326,2020,1,0.0005898902
Warm A,363186,2116,2115,3326,2020,0,0.011483082
Warm A,893663,5395,5394,3326,2020,0,0.009686146
Warm A,531132,3280,3279,3326,2020,0,0.0061855977
Warm A,371053,2168,2167,3326,2020,0,0.0035972982
Warm A,55560,368,367,3326,2020,1,0.0052635027
Warm A,975422,5880,5879,3326,2020,0,0.00019925972
Warm A,653609,3940,3939,3326,2020,0,0.0085714515
Warm A,174673,1105,1104,3326,2020,0,0.009445116
Warm A,840640,5050,5049,3326,2020,0,-0.008075752
Warm A,79533,531,530,3326,2020,0,0.00847916
Warm A,319440,1897,1896,3326,2020,0,0.006194571
Warm A,47382,319,318,3326,2020,0,0.019851584
Warm A,388372,2272,2271,3326,2020,1,0.0026001565
Warm A,577317,3526,3525,3326,2020,0,0.008097833
Warm A,242121,1458,1457,3326,2020,0,0.01209216
Warm A,964539,5812,5811,3326,2020,0,0.008709276
Warm A,35056,237,236,3326,2020,0,0.010442141
Warm A,309679,1842,1841,3326,2020,0,0.0073747784
Warm A,697549,4169,4168,3326,2020,0,0.0097588
Warm A,631680,3821,3820,3326,2020,0,0.011877868
Warm A,811438,4867,4866,3326,2020,0,0.007198223
Warm A,571137,3503,3502,3326,2020,0,0.010395105
Warm A,72167,482,481,3326,2020,0,0.0046788566
Warm A,13135,102,101,3326,2020,1,0.0054965913
Warm A,158388,1015,1014,3326,2020,0,0.008906159
Warm A,492837,3029,3028,3326,2020,0,-0.0019772025
Warm A,136711,881,880,3326,2020,0,0.01382302
Warm A,847260,5090,5089,3326,2020,0,0.0047139935
Warm A,575860,3520,3519,3326,2020,0,0.0107686585
Warm A,801765,4802,4801,3326,2020,1,0.0010265672
Warm A,33910,229,228,3326,2020,0,0.0065826704
Warm A,60640,411,410,3326,2020,0,0.0078060217
Warm A,771889,4600,4599,3326,2020,0,0.003022815
Warm A,252859,1532,1531,3327,2021,0,0.0015919884
Warm A,244071,1470,1469,3327,2021,1,0.0069837198
Warm A,236561,1435,1434,3327,2021,0,-0.0037735896
Warm A,231155,1399,1398,3327,2021,1,-0.0024178694
Warm A,227794,1381,1380,3327,2021,0,0.0016471066
Warm A,224240,1356,1355,3327,2021,0,-0.002741069
Warm A,215918,1309,1308,3327,2021,1,-0.006430771
Warm A,211117,1285,1284,3327,2021,1,0.0010714242
Warm A,195940,1204,1203,3327,2021,0,0.0030899309
Warm A,326564,1935,1934,3327,2021,1,-0.007596442
Warm A,185482,1150,1149,3327,2021,1,0.00077729905
Warm A,340302,2009,2008,3327,2021,0,0.00036695244
Warm A,308750,1837,1836,3327,2021,0,-0.0020514159
Warm A,226160,1369,1368,3327,2021,0,0.0023258866
Warm A,159340,1017,1016,3327,2021,1,0.0038860943
Warm A,158390,1015,1014,3327,2021,0,0.00013802433
Warm A,150088,966,965,3327,2021,0,-0.0017666128
Warm A,147951,953,952,3327,2021,1,-0.008819117
Warm A,268039,1628,1627,3327,2021,0,0.0018657479
Warm A,140733,904,903,3327,2021,1,0.0029900037
Warm A,138515,889,888,3327,2021,0,-0.0017863256
Warm A,258506,1584,1583,3327,2021,1,0.003972939
Warm A,130850,849,848,3327,2021,1,-0.002060643
Warm A,130561,846,845,3327,2021,1,-0.00017940998
Warm A,128980,838,837,3327,2021,1,-0.00064461364
Warm A,182095,1137,1136,3327,2021,1,-0.004495633
Warm A,131241,850,849,3327,2021,1,0.0064049894
Warm A,306638,1828,1827,3327,2021,0,0.0015815526
Warm A,118025,763,762,3327,2021,1,0.0011067237
Warm A,115091,747,746,3327,2021,1,0.006240564
Warm A,110395,720,719,3327,2021,0,-0.0021665383
Warm A,108756,712,711,3327,2021,1,-0.0039372295
Warm A,107196,705,704,3327,2021,0,0.0010693481
Warm A,120491,777,776,3327,2021,0,0.00794652
Warm A,574331,3516,3515,3327,2021,0,0.012120537
Warm A,96461,647,646,3327,2021,1,0.006588063
Warm A,332744,1962,1961,3327,2021,0,0.0017019827
Warm A,91660,608,607,3327,2021,0,0.0033450872
Warm A,90717,601,600,3327,2021,1,-0.007520182
Warm A,205915,1264,1263,3327,2021,0,0.006790501
Warm A,384182,2244,2243,3327,2021,0,-0.0031876573
Warm A,320821,1902,1901,3327,2021,1,0.0062904432
Warm A,82529,548,547,3327,2021,0,-0.00030871085
Warm A,69319,464,463,3327,2021,0,0.008179136
Warm A,57136,386,385,3327,2021,1,-0.00053400034
Warm A,53621,352,351,3327,2021,1,0.0029494045
Warm A,312940,1865,1864,3327,2021,1,0.001021529
Warm A,30816,205,204,3327,2021,1,0.0011787396
Warm A,23617,169,168,3327,2021,1,0.0011277031
Warm A,947760,5722,5721,3327,2021,0,0.004464426
Warm A,13970,113,112,3327,2021,0,-0.000229751
Warm A,421089,2544,2543,3327,2021,1,0.0020785644
Warm A,823908,4951,4950,3327,2021,1,-0.0059092855
Warm A,432784,2638,2637,3327,2021,1,-0.0073276837
Warm A,355029,2077,2076,3327,2021,0,0.0075969948
Warm A,653610,3940,3939,3327,2021,0,0.00079658604
Warm A,635918,3833,3832,3327,2021,1,0.00083081773
Warm A,252579,1530,1529,3327,2021,1,-0.0031228864
Warm A,554060,3410,3409,3327,2021,0,0.014682804
Warm A,366222,2131,2130,3327,2021,1,0.0034326548
Warm A,24302,173,172,3327,2021,0,-0.0016942248
Warm A,581371,3550,3549,3327,2021,1,0.0032820029
Warm A,273085,1647,1646,3327,2021,1,0.00053208857
Warm A,983135,5938,5937,3327,2021,1,-0.00019849534
Warm A,778294,4647,4646,3327,2021,1,0.0043801554
Warm A,329433,1943,1942,3327,2021,1,-0.0032493165
Warm A,145855,937,936,3327,2021,1,-0.0071212626
Warm A,191146,1181,1180,3327,2021,1,-0.0029689372
Warm A,714005,4277,4276,3327,2021,1,-0.00426364
Warm A,941754,5682,5681,3327,2021,1,0.004094008
Warm A,63120,424,423,3327,2021,1,0.0047831517
Warm A,28049,195,194,3327,2021,1,-0.0013905559
Warm A,251908,1524,1523,3327,2021,1,0.0011071772
Warm A,764555,4543,4542,3327,2021,1,0.007383505
Warm A,408315,2453,2452,3330,2023,1,0.006352567
Warm A,398290,2368,2367,3330,2023,1,-9.164447e-05
Warm A,414675,2496,2495,3330,2023,0,0.013444246
Warm A,396686,2348,2347,3330,2023,0,-0.00044241128
Warm A,394897,2332,2331,3330,2023,1,-0.002289185
Warm A,378771,2211,2210,3330,2023,1,0.007479607
Warm A,356466,2088,2087,3330,2023,0,0.0012966616
Warm A,269137,1632,1631,3330,2023,0,0.010947561
Warm A,259562,1587,1586,3330,2023,1,0.009576164
Warm A,346280,2030,2029,3330,2023,1,0.0061201793
Warm A,294390,1749,1748,3330,2023,0,0.0009296549
Warm A,242899,1465,1464,3330,2023,1,0.003498684
Warm A,325492,1926,1925,3330,2023,1,0.0065683243
Warm A,213569,1298,1297,3330,2023,1,0.007233439
Warm A,188639,1170,1169,3330,2023,1,0.000754633
Warm A,167953,1068,1067,3330,2023,1,0.008083414
Warm A,323919,1920,1919,3330,2023,0,0.0051009143
Warm A,714016,4277,4276,3330,2023,1,0.007261904
Warm A,318965,1896,1895,3330,2023,1,0.011980975
Warm A,131251,850,849,3330,2023,0,0.0046825516
Warm A,124543,801,800,3330,2023,1,3.351079e-05
Warm A,70854,476,475,3330,2023,1,0.0037711477
Warm A,72186,482,481,3330,2023,1,0.0066000614
Warm A,46810,314,313,3330,2023,1,0.006616688
Warm A,42080,285,284,3330,2023,1,0.0017479303
Warm A,697563,4169,4168,3330,2023,1,0.007914512
Warm A,35254,238,237,3330,2023,0,0.00019269087
Warm A,21970,161,160,3330,2023,0,0.00039364863
Warm A,187719,1164,1163,3330,2023,1,0.01233529
Warm A,15538,123,122,3330,2023,0,0.0020055985
Warm A,9236,62,61,3330,2023,1,0.002421479
Warm A,60656,411,410,3330,2023,1,0.007998215
Warm A,312946,1865,1864,3330,2023,1,0.0058103
Warm A,24315,173,172,3330,2023,1,0.0045137755
Warm A,170936,1087,1086,3330,2023,1,0.00971874
Warm A,116397,752,751,3330,2023,1,0.016376715
Warm A,565678,3475,3474,3330,2023,0,0.010168422
Warm A,639217,3842,3841,3330,2023,1,0.013984788
Warm A,22778,164,163,3330,2023,1,-0.0042934627
Warm A,421100,2544,2543,3330,2023,0,0.0021410265
Warm A,319448,1897,1896,3330,2023,1,0.002731307
Warm A,397393,2353,2352,3330,2023,1,0.0023945486
Warm A,257789,1579,1578,3330,2023,1,0.010020483
Warm A,821733,4940,4939,3330,2023,1,0.005909425
Warm A,384743,2247,2246,3330,2023,0,0.0024374528
Warm A,748334,4467,4466,3330,2023,0,0.0056405
Warm A,839806,5046,5045,3330,2023,1,0.020560866
Warm A,263483,1605,1604,3330,2023,1,0.013310164
Warm A,41173,278,277,3340,2025,0,0.003707286
Warm A,36423,245,244,3340,2025,0,-0.0012974218
Warm A,13538,107,106,3340,2025,0,0.00281671
Warm A,592079,3610,3609,3340,2025,0,0.0068549924
Warm A,4637,33,32,3340,2025,1,0.012500764
Warm A,552505,3401,3400,3340,2025,0,0.0042042057
Warm A,238090,1447,1446,3340,2025,0,0.013727167
Warm A,901619,5450,5449,3340,2025,1,0.0071243495
Warm A,161386,1029,1028,3340,2025,0,0.0004029451
Warm A,546902,3371,3370,3340,2025,0,0.008385842
Warm A,63155,424,423,3340,2025,0,0.006232379
Warm A,681634,4083,4082,3341,2026,1,0.005644515
Warm A,678692,4064,4063,3341,2026,1,0.008508443
Warm A,676120,4054,4053,3341,2026,1,0.0025163386
Warm A,668607,4021,4020,3341,2026,1,-0.002116491
Warm A,653040,3935,3934,3341,2026,0,0.013248872
Warm A,639225,3842,3841,3341,2026,1,0.009932415
Warm A,646074,3888,3887,3341,2026,1,0.010924832
Warm A,576238,3521,3520,3341,2026,1,-0.0010143162
Warm A,580592,3546,3545,3341,2026,1,0.009570692
Warm A,566798,3478,3477,3341,2026,0,0.008301867
Warm A,594079,3618,3617,3341,2026,0,0.0062471647
Warm A,560505,3445,3444,3341,2026,1,0.0041508866
Warm A,548404,3384,3383,3341,2026,0,0.004968606
Warm A,533478,3292,3291,3341,2026,1,-0.0016503102
Warm A,531746,3283,3282,3341,2026,1,0.006042895
Warm A,916941,5539,5538,3341,2026,1,0.004185718
Warm A,526252,3253,3252,3341,2026,1,0.014723081
Warm A,512996,3163,3162,3341,2026,1,0.010850147
Warm A,500392,3073,3072,3341,2026,0,0.012980593
Warm A,491825,3025,3024,3341,2026,1,0.0020104307
Warm A,769086,4579,4578,3341,2026,0,-0.0005637496
Warm A,479515,2942,2941,3341,2026,1,0.00077204
Warm A,478177,2934,2933,3341,2026,1,0.011041307
Warm A,697583,4169,4168,3341,2026,1,0.009584783
Warm A,530602,3278,3277,3341,2026,1,0.005912951
Warm A,601675,3658,3657,3341,2026,1,0.013180697
Warm A,462047,2849,2848,3341,2026,1,0.0070113335
Warm A,455894,2807,2806,3341,2026,1,0.0122164935
Warm A,455562,2805,2804,3341,2026,1,0.0054441644
Warm A,448499,2764,2763,3341,2026,1,-0.0006387676
Warm A,446927,2753,2752,3341,2026,1,0.0004897993
Warm A,440480,2693,2692,3341,2026,0,-0.0026980005
Warm A,435261,2659,2658,3341,2026,1,0.002067323
Warm A,431900,2631,2630,3341,2026,1,0.017900662
Warm A,417616,2520,2519,3341,2026,1,-0.0011347319
Warm A,425379,2581,2580,3341,2026,1,0.0057930206
Warm A,405451,2428,2427,3341,2026,1,0.0071496284
Warm A,395202,2334,2333,3341,2026,0,-0.0006259731
Warm A,393886,2320,2319,3341,2026,1,0.0034535225
Warm A,390740,2293,2292,3341,2026,1,0.006252251
Warm A,403724,2411,2410,3341,2026,1,0.0022285236
Warm A,380882,2225,2224,3341,2026,0,0.0053726966
Warm A,381713,2231,2230,3341,2026,1,-0.0072406023
Warm A,377350,2203,2202,3341,2026,1,0.005248689
Warm A,363596,2117,2116,3341,2026,1,0.0028728403
Warm A,364172,2121,2120,3341,2026,1,-0.0018668699
Warm A,352983,2067,2066,3341,2026,0,0.004427944
Warm A,374250,2181,2180,3341,2026,1,0.006792237
Warm A,347452,2038,2037,3341,2026,1,2.0146603e-05
Warm A,357586,2092,2091,3341,2026,1,0.0010361813
Warm A,343180,2016,2015,3341,2026,1,0.0068369983
Warm A,335099,1977,1976,3341,2026,0,0.0036647408
Warm A,318972,1896,1895,3341,2026,0,0.012466973
Warm A,325501,1926,1925,3341,2026,1,0.0104462085
Warm A,302802,1798,1797,3341,2026,1,0.0016508768
Warm A,302692,1797,1796,3341,2026,1,-0.0033985835
Warm A,279606,1680,1679,3341,2026,1,0.009589448
Warm A,276350,1671,1670,3341,2026,1,0.00944369
Warm A,264197,1607,1606,3341,2026,0,0.0006797863
Warm A,346291,2030,2029,3341,2026,1,0.0017951552
Warm A,250211,1507,1506,3341,2026,1,0.0036515028
Warm A,354210,2073,2072,3341,2026,1,0.008510754
Warm A,459194,2826,2825,3341,2026,1,0.0061155558
Warm A,228402,1383,1382,3341,2026,0,0.00018301466
Warm A,209156,1276,1275,3341,2026,1,0.0055152685
Warm A,205373,1263,1262,3341,2026,0,0.0052812975
Warm A,190157,1180,1179,3341,2026,1,0.0037015304
Warm A,218309,1323,1322,3341,2026,1,0.0009465888
Warm A,316324,1883,1882,3341,2026,0,-7.38363e-05
Warm A,182846,1140,1139,3341,2026,0,0.002216353
Warm A,181010,1131,1130,3341,2026,1,0.0035633272
Warm A,178707,1121,1120,3341,2026,1,0.010405559
Warm A,320215,1899,1898,3341,2026,1,0.0045069596
Warm A,153864,989,988,3341,2026,1,0.004164014
Warm A,147024,948,947,3341,2026,0,-0.00245373
Warm A,185517,1150,1149,3341,2026,1,0.012680232
Warm A,141212,910,909,3341,2026,1,0.0055052117
Warm A,138559,889,888,3341,2026,0,0.008612739
Warm A,135052,873,872,3341,2026,1,0.0061424114
Warm A,201674,1242,1241,3341,2026,1,0.0055851843
Warm A,131261,850,849,3341,2026,1,0.0052398667
Warm A,128850,837,836,3341,2026,0,0.007249431
Warm A,374865,2185,2184,3341,2026,1,0.009502265
Warm A,322539,1912,1911,3341,2026,0,0.008051469
Warm A,124293,800,799,3341,2026,1,0.005109164
Warm A,118734,767,766,3341,2026,1,-0.0060718087
Warm A,524442,3233,3232,3341,2026,1,0.0046120277
Warm A,89337,588,587,3341,2026,1,-0.007955549
Warm A,339237,1998,1997,3341,2026,1,-4.9091177e-05
Warm A,77697,524,523,3341,2026,0,0.006772431
Warm A,75964,516,515,3341,2026,1,0.004171893
Warm A,69989,473,472,3341,2026,1,0.013485441
Warm A,76748,520,519,3341,2026,1,0.012706791
Warm A,123495,796,795,3341,2026,1,0.007748878
Warm A,57768,391,390,3341,2026,1,-0.001062412
Warm A,41365,280,279,3341,2026,1,0.004240948
Warm A,34700,235,234,3341,2026,1,0.011118308
Warm A,171855,1088,1087,3341,2026,1,0.011304424
Warm A,12707,97,96,3341,2026,1,0.003222317
Warm A,10865,79,78,3341,2026,1,0.006668025
Warm A,6437,45,44,3341,2026,1,-0.0014951713
Warm A,4212,31,30,3341,2026,1,0.006842224
Warm A,481936,2962,2961,3341,2026,0,0.0046524345
Warm A,15558,123,122,3341,2026,0,0.0027807164
Warm A,316929,1884,1883,3341,2026,1,0.003882387
Warm A,248924,1501,1500,3341,2026,0,0.0045844186
Warm A,369272,2159,2158,3341,2026,1,0.0052459664
Warm A,421642,2547,2546,3341,2026,1,-0.0003267235
Warm A,421117,2544,2543,3341,2026,1,0.0016647093
Warm A,804178,4815,4814,3341,2026,1,0.005077425
Warm A,841548,5054,5053,3341,2026,1,0.0041790903
Warm A,110939,721,720,3341,2026,1,2.8046547e-05
Warm A,860356,5172,5171,3341,2026,1,0.0037496544
Warm A,513946,3171,3170,3341,2026,1,0.0014412974
Warm A,820977,4934,4933,3341,2026,0,0.00080269575
Warm A,141602,911,910,3341,2026,1,-0.00078854384
Warm A,93360,624,623,3341,2026,1,0.008325859
Warm A,611253,3705,3704,3350,2029,1,0.005937238
Warm A,598808,3645,3644,3350,2029,0,0.0062694135
Warm A,587055,3585,3584,3350,2029,1,0.0060020955
Warm A,585772,3576,3575,3350,2029,0,0.010286506
Warm A,572315,3507,3506,3350,2029,1,0.0021244327
Warm A,568781,3490,3489,3350,2029,1,0.009300417
Warm A,553257,3403,3402,3350,2029,1,-0.00553781
Warm A,549514,3390,3389,3350,2029,1,0.002576228
Warm A,714037,4277,4276,3350,2029,1,0.01139525
Warm A,542342,3336,3335,3350,2029,1,0.021012168
Warm A,535422,3304,3303,3350,2029,1,0.00278465
Warm A,533481,3292,3291,3350,2029,1,0.020309445
Warm A,531163,3280,3279,3350,2029,1,0.011007423
Warm A,514999,3180,3179,3350,2029,0,0.0067695845
Warm A,566376,3476,3475,3350,2029,1,0.006926299
Warm A,509010,3131,3130,3350,2029,1,-0.0026900212
Warm A,505236,3108,3107,3350,2029,0,0.0021738466
Warm A,487953,3001,3000,3350,2029,1,0.0069440887
Warm A,483115,2968,2967,3350,2029,0,0.021678217
Warm A,479516,2942,2941,3350,2029,1,0.008297013
Warm A,478180,2934,2933,3350,2029,1,0.015817862
Warm A,462665,2854,2853,3350,2029,1,0.004170797
Warm A,453075,2790,2789,3350,2029,1,-0.0050424347
Warm A,443606,2736,2735,3350,2029,1,-0.002813243
Warm A,421505,2546,2545,3350,2029,0,0.0018202211
Warm A,419431,2535,2534,3350,2029,1,0.0038720928
Warm A,403478,2410,2409,3350,2029,1,0.0021524879
Warm A,408328,2453,2452,3350,2029,1,0.010504216
Warm A,398296,2368,2367,3350,2029,1,0.0063928342
Warm A,395205,2334,2333,3350,2029,1,-0.0010188003
Warm A,381716,2231,2230,3350,2029,0,0.0075526023
Warm A,378777,2211,2210,3350,2029,0,0.012978245
Warm A,364879,2124,2123,3350,2029,1,0.006223798
Warm A,356481,2088,2087,3350,2029,0,0.010375144
Warm A,354213,2073,2072,3350,2029,1,-0.0040542027
Warm A,336143,1980,1979,3350,2029,1,0.0075950823
Warm A,318973,1896,1895,3350,2029,0,-0.0019711698
Warm A,280926,1685,1684,3350,2029,1,0.014427514
Warm A,256670,1569,1568,3350,2029,1,0.0027888522
Warm A,346295,2030,2029,3350,2029,1,0.009979429
Warm A,233696,1421,1420,3350,2029,0,0.009642526
Warm A,342655,2015,2014,3350,2029,0,0.0062676943
Warm A,374255,2181,2180,3350,2029,1,0.01148839
Warm A,244098,1470,1469,3350,2029,0,0.016518714
Warm A,328430,1941,1940,3350,2029,0,0.005516198
Warm A,162709,1038,1037,3350,2029,1,0.0066446457
Warm A,149958,965,964,3350,2029,1,0.0070575653
Warm A,143919,928,927,3350,2029,1,0.009204574
Warm A,185528,1150,1149,3350,2029,0,0.011433635
Warm A,263510,1605,1604,3350,2029,1,0.0070339874
Warm A,240309,1449,1448,3350,2029,1,0.01672748
Warm A,101723,677,676,3350,2029,1,-0.0061651375
Warm A,85631,558,557,3350,2029,1,0.004075612
Warm A,191201,1181,1180,3350,2029,0,0.011319354
Warm A,239135,1448,1447,3350,2029,1,0.008665697
Warm A,67060,451,450,3350,2029,1,-0.001233516
Warm A,46822,314,313,3350,2029,1,0.0005417591
Warm A,42527,291,290,3350,2029,1,9.796303e-05
Warm A,42342,288,287,3350,2029,1,0.0153609095
Warm A,697594,4169,4168,3350,2029,1,0.017127635
Warm A,35269,238,237,3350,2029,1,0.0023440262
Warm A,30824,205,204,3350,2029,0,0.0021786215
Warm A,123498,796,795,3350,2029,0,0.0106418505
Warm A,8801,59,58,3350,2029,0,0.020265765
Warm A,9265,62,61,3350,2029,1,0.012887393
Warm A,60689,411,410,3350,2029,1,0.01268977
Warm A,421123,2544,2543,3350,2029,0,0.0046773823
Warm A,431127,2627,2626,3350,2029,1,0.0019218335
Warm A,804180,4815,4814,3350,2029,1,0.0017469927
Warm A,24331,173,172,3350,2029,1,0.008879914
Warm A,415377,2501,2500,3350,2029,1,0.0071851164
Warm A,50618,333,332,3350,2029,1,0.009467725
Warm A,807302,4831,4830,3350,2029,1,0.00647753
Warm A,394899,2332,2331,3350,2029,1,0.005097542
Warm A,52141,343,342,3350,2029,1,0.008490954
Warm A,801779,4802,4801,3350,2029,0,0.004263455
Warm A,319462,1897,1896,3350,2029,1,0.003708405
Warm A,821736,4940,4939,3350,2029,1,0.006588917
Warm A,555065,3413,3412,3350,2029,1,0.010012703
Warm A,208874,1274,1273,3350,2029,1,0.013120059
Warm A,193788,1194,1193,3350,2029,1,0.0062838425
Warm A,171863,1088,1087,3350,2029,1,0.020409135
Warm A,300472,1780,1779,3350,2029,1,0.0043377457
Warm A,138570,889,888,3357,2032,0,0.009425894
Warm A,490066,3015,3014,3357,2032,1,0.0042099846
Warm A,132838,856,855,3357,2032,1,0.005843595
Warm A,187729,1164,1163,3357,2032,1,-0.0047129137
Warm A,112599,731,730,3357,2032,1,0.010168159
Warm A,100933,673,672,3357,2032,1,0.0024005254
Warm A,660985,3985,3984,3357,2032,0,0.0067744404
Warm A,256114,1561,1560,3357,2032,1,0.01513245
Warm A,207010,1266,1265,3357,2032,0,0.0028658924
Warm A,90271,595,594,3357,2032,1,0.004629594
Warm A,89615,590,589,3357,2032,1,0.0074530803
Warm A,72965,493,492,3357,2032,1,0.007291499
Warm A,605302,3679,3678,3357,2032,0,0.0066985968
Warm A,57601,390,389,3357,2032,0,0.0141169615
Warm A,48825,327,326,3357,2032,0,0.00499978
Warm A,44988,303,302,3357,2032,1,-0.0019205544
Warm A,969231,5841,5840,3357,2032,1,0.00042956194
Warm A,61799,415,414,3357,2032,1,0.006409276
Warm A,332769,1962,1961,3357,2032,0,0.0041323793
Warm A,182114,1137,1136,3357,2032,0,0.018042084
Warm A,71243,478,477,3357,2032,1,0.0075391587
Warm A,821254,4937,4936,3357,2032,1,0.012314399
Warm A,21988,161,160,3357,2032,1,-0.0058696996
Warm A,801781,4802,4801,3357,2032,1,-0.0002846755
Warm A,314400,1877,1876,3357,2032,0,-0.0030426893
Warm A,471975,2904,2903,3357,2032,1,0.001800358
Warm A,16106,127,126,3357,2032,0,0.01108643
Warm A,535088,3301,3300,3357,2032,1,0.0033254437
Warm A,569634,3492,3491,3357,2032,1,0.0057642297
Warm A,39355,267,266,3357,2032,1,0.003944574
Warm A,967461,5831,5830,3357,2032,1,0.013445869
Warm A,60692,411,410,3357,2032,0,0.012123801
Warm A,365836,2129,2128,3357,2032,0,0.00042884843
Warm A,228408,1383,1382,3357,2032,0,0.003504053
Warm A,198231,1218,1217,3357,2032,1,0.0071774404
Warm A,771141,4593,4592,3357,2032,1,0.0038744917
Warm A,964561,5812,5811,3357,2032,1,0.009419214
Warm A,298161,1767,1766,3357,2032,0,0.0096182
Warm A,796368,4771,4770,3357,2032,0,0.0021123816
Warm A,13146,102,101,3357,2032,0,0.013746463
Warm A,199876,1227,1226,3357,2032,1,0.004672339
Warm A,571473,3504,3503,3357,2032,1,-0.008597438
Warm A,456992,2814,2813,3357,2032,1,0.00017601158
Warm A,638407,3841,3840,3364,2039,0,0.00833999
Warm A,617132,3735,3734,3364,2039,1,-0.0034072353
Warm A,611268,3705,3704,3364,2039,1,0.008247056
Warm A,604404,3675,3674,3364,2039,1,-0.0031547328
Warm A,621298,3762,3761,3364,2039,0,-0.005857977
Warm A,597574,3635,3634,3364,2039,1,0.0014340857
Warm A,587487,3588,3587,3364,2039,1,0.0077239033
Warm A,580602,3546,3545,3364,2039,1,0.009562742
Warm A,572335,3507,3506,3364,2039,1,-0.0015419687
Warm A,556108,3417,3416,3364,2039,1,-0.0013952134
Warm A,551293,3394,3393,3364,2039,1,-0.004207567
Warm A,548408,3384,3383,3364,2039,1,-0.00054811034
Warm A,714059,4277,4276,3364,2039,1,-0.003750768
Warm A,533498,3292,3291,3364,2039,1,-0.0012360567
Warm A,513014,3163,3162,3364,2039,1,4.935218e-05
Warm A,482818,2967,2966,3364,2039,1,0.0012131626
Warm A,697619,4169,4168,3364,2039,1,0.0017558035
Warm A,880187,5317,5316,3364,2039,1,-0.00075671205
Warm A,466961,2878,2877,3364,2039,1,-0.0058513945
Warm A,441376,2703,2702,3364,2039,1,-0.0018012663
Warm A,438651,2680,2679,3364,2039,0,0.0061255824
Warm A,433718,2643,2642,3364,2039,0,0.00034004025
Warm A,833086,5008,5007,3364,2039,1,0.00010559219
Warm A,427256,2593,2592,3364,2039,1,0.0022815564
Warm A,421510,2546,2545,3364,2039,1,-0.0060828608
Warm A,411102,2466,2465,3364,2039,1,0.0071276086
Warm A,655960,3952,3951,3364,2039,1,0.005483076
Warm A,374273,2181,2180,3364,2039,1,0.0005553649
Warm A,364175,2121,2120,3364,2039,1,-0.0067441254
Warm A,352985,2067,2066,3364,2039,1,0.013934974
Warm A,346305,2030,2029,3364,2039,1,-0.008179535
Warm A,357601,2092,2091,3364,2039,1,0.0032993276
Warm A,343186,2016,2015,3364,2039,0,0.0071688397
Warm A,339702,2002,2001,3364,2039,1,-0.0021389483
Warm A,337791,1986,1985,3364,2039,1,-0.005050647
Warm A,323237,1916,1915,3364,2039,1,-0.0029930698
Warm A,293426,1747,1746,3364,2039,0,-0.001566096
Warm A,285997,1706,1705,3364,2039,1,-0.010868926
Warm A,345511,2026,2025,3364,2039,1,0.004673794
Warm A,237440,1446,1445,3364,2039,1,-0.0023261146
Warm A,242921,1465,1464,3364,2039,1,0.008743592
Warm A,219972,1333,1332,3364,2039,0,-0.0073082624
Warm A,425391,2581,2580,3364,2039,1,0.00010533817
Warm A,212628,1295,1294,3364,2039,0,0.001391625
Warm A,207019,1266,1265,3364,2039,0,-0.0035282723
Warm A,193007,1191,1190,3364,2039,1,0.0026877467
Warm A,207364,1267,1266,3364,2039,1,-0.0027979168
Warm A,165293,1053,1052,3364,2039,0,0.0017414067
Warm A,275655,1667,1666,3364,2039,1,0.0038267993
Warm A,144547,931,930,3364,2039,0,-0.0034428777
Warm A,185556,1150,1149,3364,2039,0,0.0014095046
Warm A,138592,889,888,3364,2039,1,0.0056650536
Warm A,334709,1974,1973,3364,2039,1,0.00025669858
Warm A,318976,1896,1895,3364,2039,1,-0.0028343704
Warm A,128195,829,828,3364,2039,1,0.0046781763
Warm A,240331,1449,1448,3364,2039,1,0.0044507617
Warm A,106454,700,699,3364,2039,1,0.011226142
Warm A,106864,702,701,3364,2039,1,9.051827e-05
Warm A,316943,1884,1883,3364,2039,1,-0.00016009295
Warm A,153198,984,983,3364,2039,1,0.004880078
Warm A,169626,1077,1076,3364,2039,1,0.0036528911
Warm A,84373,550,549,3364,2039,0,-0.002082414
Warm A,70869,476,475,3364,2039,1,0.003057921
Warm A,68818,461,460,3364,2039,1,-0.009611921
Warm A,57773,391,390,3364,2039,0,-0.0005842245
Warm A,501392,3080,3079,3364,2039,1,0.010216143
Warm A,45566,307,306,3364,2039,1,0.0065107597
Warm A,45114,304,303,3364,2039,0,-0.0019412851
Warm A,37569,256,255,3364,2039,1,-0.0054350332
Warm A,32053,216,215,3364,2039,1,-0.003968827
Warm A,481948,2962,2961,3364,2039,1,0.011923684
Warm A,18699,146,145,3364,2039,1,-0.006751799
Warm A,17929,138,137,3364,2039,1,0.0043787016
Warm A,592091,3610,3609,3364,2039,0,-0.0009965459
Warm A,24346,173,172,3364,2039,1,0.006177636
Warm A,3777,27,26,3364,2039,1,0.0074099586
Warm A,123509,796,795,3364,2039,1,0.00088525144
Warm A,4296,33,32,3364,2039,1,0.0067715305
Warm A,94614,635,634,3364,2039,1,0.0011850891
Warm A,208884,1274,1273,3364,2039,1,0.0049913484
Warm A,453164,2791,2790,3364,2039,1,0.0028737113
Warm A,801790,4802,4801,3364,2039,1,0.0030875
Warm A,571167,3503,3502,3364,2039,1,0.0020187572
Warm A,554562,3411,3410,3364,2039,0,0.0070558633
Warm A,769093,4579,4578,3364,2039,0,0.0027151962
Warm A,473915,2909,2908,3364,2039,0,0.0010376216
Warm A,421131,2544,2543,3364,2039,1,0.0031048374
Warm A,113784,737,736,3364,2039,1,-0.0016066777
Warm A,322558,1912,1911,3364,2039,0,0.0023210808
Warm A,491215,3020,3019,3364,2039,0,0.005245844
Warm A,176110,1113,1112,3364,2039,1,0.00509311
Warm A,388192,2271,2270,3368,2042,0,0.0047114333
Warm A,473921,2909,2908,3368,2042,1,0.0085388115
Warm A,136781,881,880,3368,2042,0,0.0055024084
Warm A,384905,2248,2247,3370,2043,0,0.009306241
Warm A,381729,2231,2230,3370,2043,1,0.008807993
Warm A,373058,2178,2177,3370,2043,1,0.008063991
Warm A,372106,2173,2172,3370,2043,1,-0.0058749835
Warm A,364901,2124,2123,3370,2043,0,0.0072589647
Warm A,345328,2025,2024,3370,2043,1,0.0061792294
Warm A,334718,1974,1973,3370,2043,1,0.0045191105
Warm A,283608,1697,1696,3370,2043,0,0.0074047204
Warm A,282064,1692,1691,3370,2043,0,0.0061243465
Warm A,293884,1748,1747,3370,2043,0,0.0073152212
Warm A,228437,1383,1382,3370,2043,0,0.002132909
Warm A,197048,1209,1208,3370,2043,0,-0.0001354185
Warm A,185572,1150,1149,3370,2043,0,0.0011849445
Warm A,161200,1028,1027,3370,2043,0,0.00020229327
Warm A,191250,1181,1180,3370,2043,0,-0.003256273
Warm A,89836,591,590,3370,2043,1,0.0050665652
Warm A,85752,559,558,3370,2043,1,-0.000685873
Warm A,239169,1448,1447,3370,2043,1,0.007055334
Warm A,406170,2436,2435,3370,2043,0,0.016643483
Warm A,57405,388,387,3370,2043,0,0.0011645856
Warm A,35285,238,237,3370,2043,1,0.010509672
Warm A,13545,107,106,3370,2043,1,-0.0013238764
Warm A,3959,29,28,3370,2043,0,0.002024983
Warm A,169292,1074,1073,3370,2043,0,0.0038629882
Warm A,102471,678,677,3370,2043,1,0.00020189444
Warm A,905539,5475,5474,3370,2043,0,-0.0029896237
Warm A,1756,17,16,3375,2044,1,0.004753343
Warm A,357618,2092,2091,3375,2044,1,0.005038348
Warm A,328484,1941,1940,3375,2044,0,0.013280682
Warm A,62288,422,421,3375,2044,1,0.008373404
Warm A,241368,1451,1450,3375,2044,1,0.010685148
Warm A,414709,2496,2495,3379,2045,0,0.008267125
Warm A,383500,2241,2240,3379,2045,1,-0.0048225345
Warm A,378789,2211,2210,3379,2045,1,0.005810791
Warm A,352990,2067,2066,3379,2045,1,0.005619628
Warm A,274903,1665,1664,3379,2045,1,0.012691757
Warm A,252996,1534,1533,3379,2045,1,0.0024487842
Warm A,346311,2030,2029,3379,2045,0,0.014794578
Warm A,234600,1424,1423,3379,2045,1,-0.001163258
Warm A,242937,1465,1464,3379,2045,1,0.009567361
Warm A,325529,1926,1925,3379,2045,1,0.0050925245
Warm A,276375,1671,1670,3379,2045,1,0.010616979
Warm A,374299,2181,2180,3379,2045,0,0.013414031
Warm A,188654,1170,1169,3379,2045,1,0.0067094835
Warm A,169008,1072,1071,3379,2045,1,-0.0017027534
Warm A,191264,1181,1180,3379,2045,0,0.016153885
Warm A,141072,909,908,3379,2045,1,0.012951469
Warm A,138630,889,888,3379,2045,0,0.020112563
Warm A,412153,2478,2477,3379,2045,1,0.007933176
Warm A,198243,1218,1217,3379,2045,1,0.012961611
Warm A,211197,1285,1284,3379,2045,1,0.0068303607
Warm A,83389,549,548,3379,2045,1,0.01692542
Warm A,46846,314,313,3379,2045,1,0.0041225348
Warm A,35288,238,237,3379,2045,1,-0.0016869404
Warm A,592109,3610,3609,3379,2045,0,0.007870812
Warm A,357621,2092,2091,3379,2045,1,0.00804753
Warm A,481954,2962,2961,3379,2045,1,0.012198484
Warm A,316960,1884,1883,3379,2045,1,0.016309898
Warm A,24366,173,172,3379,2045,1,0.008053797
Warm A,47498,319,318,3379,2045,1,0.011731227
Warm A,254657,1547,1546,3379,2045,1,0.007895149
Warm A,473946,2909,2908,3379,2045,1,0.016609076
Warm A,841560,5054,5053,3379,2045,0,0.0072738742
Warm A,105682,698,697,3379,2045,1,0.0072337426
Warm A,821741,4940,4939,3379,2045,1,-0.0035783686
Warm A,208895,1274,1273,3379,2045,1,0.015247084
Warm A,522826,3224,3223,3385,2047,0,0.0136199
Warm A,515027,3180,3179,3385,2047,0,0.008226395
Warm A,490906,3018,3017,3385,2047,0,0.009610487
Warm A,529925,3272,3271,3385,2047,0,0.009925626
Warm A,697668,4169,4168,3385,2047,0,0.027169045
Warm A,472797,2907,2906,3385,2047,0,0.012624829
Warm A,471108,2899,2898,3385,2047,1,0.010221861
Warm A,470103,2895,2894,3385,2047,0,0.012866021
Warm A,458163,2820,2819,3385,2047,0,0.0023496933
Warm A,450364,2776,2775,3385,2047,0,0.013151381
Warm A,449649,2772,2771,3385,2047,0,0.00889964
Warm A,564645,3471,3470,3385,2047,0,0.004437403
Warm A,429251,2611,2610,3385,2047,0,0.01637248
Warm A,420543,2541,2540,3385,2047,0,0.0011542926
Warm A,419891,2537,2536,3385,2047,0,0.008841796
Warm A,402458,2402,2401,3385,2047,0,0.0072626136
Warm A,404681,2419,2418,3385,2047,0,0.009838723
Warm A,400490,2383,2382,3385,2047,0,0.0121592
Warm A,389064,2279,2278,3385,2047,0,0.008110354
Warm A,382978,2237,2236,3385,2047,0,0.005977422
Warm A,377384,2203,2202,3385,2047,0,0.010591473
Warm A,364178,2121,2120,3385,2047,0,-0.0032695106
Warm A,362570,2115,2114,3385,2047,0,0.0010968542
Warm A,436626,2665,2664,3385,2047,0,0.010254201
Warm A,360207,2105,2104,3385,2047,0,0.009381674
Warm A,345170,2024,2023,3385,2047,0,-0.0035526855
Warm A,380904,2225,2224,3385,2047,1,0.016236462
Warm A,331829,1958,1957,3385,2047,0,0.015880259
Warm A,290966,1736,1735,3385,2047,0,0.006576244
Warm A,281380,1687,1686,3385,2047,0,0.0008590589
Warm A,265977,1613,1612,3385,2047,0,0.013307953
Warm A,254785,1550,1549,3385,2047,0,0.0042501194
Warm A,260170,1591,1590,3385,2047,0,0.011001128
Warm A,350780,2059,2058,3385,2047,0,0.01280164
Warm A,227277,1377,1376,3385,2047,0,0.008577269
Warm A,284410,1698,1697,3385,2047,0,0.013513731
Warm A,209548,1279,1278,3385,2047,1,0.0098482855
Warm A,205158,1262,1261,3385,2047,0,0.007865164
Warm A,192191,1183,1182,3385,2047,0,0.0006404554
Warm A,307625,1835,1834,3385,2047,1,0.013038385
Warm A,180410,1128,1127,3385,2047,0,0.014983667
Warm A,173787,1100,1099,3385,2047,0,0.0029809417
Warm A,248960,1501,1500,3385,2047,0,0.0022998885
Warm A,328514,1941,1940,3385,2047,0,0.025209665
Warm A,272332,1645,1644,3385,2047,1,0.006617198
Warm A,185615,1150,1149,3385,2047,0,0.021547142
Warm A,135800,877,876,3385,2047,0,0.012602967
Warm A,133368,861,860,3385,2047,0,0.005266471
Warm A,160303,1019,1018,3385,2047,0,0.018803682
Warm A,211218,1285,1284,3385,2047,0,0.0063290503
Warm A,119435,770,769,3385,2047,0,0.012337649
Warm A,240384,1449,1448,3385,2047,0,0.013325175
Warm A,352181,2063,2062,3385,2047,0,0.01171492
Warm A,94277,631,630,3385,2047,0,0.009454631
Warm A,228453,1383,1382,3385,2047,0,0.017722236
Warm A,83404,549,548,3385,2047,1,0.0023970855
Warm A,191290,1181,1180,3385,2047,0,0.004257108
Warm A,80339,533,532,3385,2047,0,0.016593497
Warm A,70504,475,474,3385,2047,1,0.014272406
Warm A,72256,482,481,3385,2047,0,0.009605935
Warm A,70886,476,475,3385,2047,0,-0.00013228646
Warm A,68837,461,460,3385,2047,0,0.012950191
Warm A,48546,326,325,3385,2047,0,0.009445354
Warm A,44547,302,301,3385,2047,0,0.0047560968
Warm A,41825,284,283,3385,2047,0,-0.003199635
Warm A,36516,245,244,3385,2047,0,0.023615547
Warm A,32106,216,215,3385,2047,1,0.013059842
Warm A,88913,587,586,3385,2047,0,0.0020411755
Warm A,25104,176,175,3385,2047,0,0.003129367
Warm A,239195,1448,1447,3385,2047,1,-0.002171366
Warm A,60749,411,410,3385,2047,0,0.0049568843
Warm A,19451,148,147,3385,2047,1,0.009150986
Warm A,432827,2638,2637,3385,2047,0,0.0065447967
Warm A,238156,1447,1446,3385,2047,0,0.012141169
Warm A,954356,5761,5760,3385,2047,0,0.0072586196
Warm A,572372,3507,3506,3385,2047,0,0.01635504
Warm A,829220,4979,4978,3385,2047,0,0.0133065125
Warm A,106251,699,698,3385,2047,0,0.00955313
Warm A,342703,2015,2014,3385,2047,0,0.015633522
Warm A,136824,881,880,3385,2047,0,0.0062150927
Warm A,933990,5636,5635,3385,2047,0,0.015551746
Warm A,648283,3903,3902,3387,2049,0,0.0009075301
Warm A,640117,3847,3846,3387,2049,0,0.008776588
Warm A,634131,3825,3824,3387,2049,0,0.015204411
Warm A,630602,3815,3814,3387,2049,0,0.0049390304
Warm A,625030,3778,3777,3387,2049,0,0.01920522
Warm A,622308,3768,3767,3387,2049,0,0.0085744085
Warm A,621708,3766,3765,3387,2049,0,0.0010542513
Warm A,611933,3709,3708,3387,2049,0,0.0035729182
Warm A,611683,3708,3707,3387,2049,0,0.0022152788
Warm A,611295,3705,3704,3387,2049,1,0.0019342452
Warm A,726791,4345,4344,3387,2049,0,0.006515781
Warm A,720600,4312,4311,3387,2049,0,0.012803078
Warm A,603024,3669,3668,3387,2049,0,0.015569688
Warm A,633498,3824,3823,3387,2049,0,0.00453422
Warm A,616280,3729,3728,3387,2049,0,0.010424305
Warm A,596792,3626,3625,3387,2049,0,0.008868736
Warm A,577414,3526,3525,3387,2049,0,0.00034803845
Warm A,576256,3521,3520,3387,2049,0,0.0056125745
Warm A,574485,3517,3516,3387,2049,0,0.003291706
Warm A,572374,3507,3506,3387,2049,0,0.0075589595
Warm A,552550,3401,3400,3387,2049,0,0.005203241
Warm A,545802,3365,3364,3387,2049,0,0.0099874735
Warm A,571189,3503,3502,3387,2049,1,0.0086673
Warm A,537388,3311,3310,3387,2049,0,0.0068482924
Warm A,517694,3195,3194,3387,2049,0,0.0076017063
Warm A,515642,3182,3181,3387,2049,0,0.008154982
Warm A,515029,3180,3179,3387,2049,0,-0.0034688911
Warm A,501857,3081,3080,3387,2049,1,0.0037766455
Warm A,494391,3032,3031,3387,2049,1,0.0020212894
Warm A,493522,3031,3030,3387,2049,1,-2.8563314e-05
Warm A,529929,3272,3271,3387,2049,1,0.0077111046
Warm A,472798,2907,2906,3387,2049,1,0.008759204
Warm A,470105,2895,2894,3387,2049,1,0.0035633147
Warm A,470491,2896,2895,3387,2049,1,0.0020160673
Warm A,453942,2793,2792,3387,2049,0,0.010029755
Warm A,451105,2777,2776,3387,2049,0,0.0035868608
Warm A,438879,2681,2680,3387,2049,0,0.005313912
Warm A,435924,2664,2663,3387,2049,0,0.0119790975
Warm A,429253,2611,2610,3387,2049,0,0.0012191904
Warm A,420544,2541,2540,3387,2049,1,0.0070032226
Warm A,415562,2503,2502,3387,2049,0,0.0058031636
Warm A,407384,2446,2445,3387,2049,1,0.012077611
Warm A,402460,2402,2401,3387,2049,0,0.00082946545
Warm A,404683,2419,2418,3387,2049,0,0.004369503
Warm A,397885,2361,2360,3387,2049,1,0.006938353
Warm A,436627,2665,2664,3387,2049,0,0.009298357
Warm A,389066,2279,2278,3387,2049,0,0.0068613067
Warm A,377386,2203,2202,3387,2049,0,-0.0020267996
Warm A,360210,2105,2104,3387,2049,0,0.003503989
Warm A,380906,2225,2224,3387,2049,0,0.010717988
Warm A,341745,2012,2011,3387,2049,0,0.0060346257
Warm A,297668,1764,1763,3387,2049,1,0.00054093776
Warm A,286310,1709,1708,3387,2049,0,0.009935214
Warm A,299172,1776,1775,3387,2049,0,0.007773108
Warm A,281382,1687,1686,3387,2049,0,0.006655114
Warm A,265980,1613,1612,3387,2049,0,0.0125355385
Warm A,277908,1676,1675,3387,2049,0,0.0061541004
Warm A,279714,1680,1679,3387,2049,1,0.013360486
Warm A,308841,1837,1836,3387,2049,0,0.011268337
Warm A,261896,1599,1598,3387,2049,0,0.0016800663
Warm A,213620,1298,1297,3387,2049,1,0.009750346
Warm A,180413,1128,1127,3387,2049,0,0.010405733
Warm A,178306,1120,1119,3387,2049,1,0.0037730644
Warm A,174783,1106,1105,3387,2049,0,-0.001465655
Warm A,173789,1100,1099,3387,2049,0,0.0067169378
Warm A,248961,1501,1500,3387,2049,0,0.022230394
Warm A,328518,1941,1940,3387,2049,0,0.0060699414
Warm A,185618,1150,1149,3387,2049,0,0.011781024
Warm A,217244,1317,1316,3387,2049,0,0.010147564
Warm A,157130,1010,1009,3387,2049,0,0.0017737416
Warm A,160308,1019,1018,3387,2049,0,0.009378043
Warm A,126694,817,816,3387,2049,0,0.008033492
Warm A,117637,757,756,3387,2049,0,0.00962469
Warm A,119437,770,769,3387,2049,0,0.00915854
Warm A,112918,732,731,3387,2049,1,0.0020890555
Warm A,272333,1645,1644,3387,2049,1,0.016370017
Warm A,365530,2127,2126,3387,2049,0,0.00043287512
Warm A,352183,2063,2062,3387,2049,0,0.013527787
Warm A,228454,1383,1382,3387,2049,0,0.0060556745
Warm A,86777,566,565,3387,2049,0,0.011951102
Warm A,191295,1181,1180,3387,2049,1,0.013494089
Warm A,406187,2436,2435,3387,2049,0,0.012687437
Warm A,101483,676,675,3387,2049,0,0.0099289045
Warm A,77765,524,523,3387,2049,0,0.016806867
Warm A,81840,543,542,3387,2049,0,0.003288311
Warm A,80341,533,532,3387,2049,0,0.0049789394
Warm A,70505,475,474,3387,2049,1,0.0062438007
Warm A,68839,461,460,3387,2049,0,0.011041499
Warm A,67536,453,452,3387,2049,0,0.007089185
Warm A,58083,392,391,3387,2049,0,0.008181631
Warm A,53804,352,351,3387,2049,0,-0.005633296
Warm A,295017,1752,1751,3387,2049,0,0.006837102
Warm A,639269,3842,3841,3387,2049,0,0.003939187
Warm A,177140,1117,1116,3387,2049,0,0.012148267
Warm A,32110,216,215,3387,2049,1,0.0028414398
Warm A,240386,1449,1448,3387,2049,0,0.00949784
Warm A,29890,202,201,3387,2049,0,0.0009074395
Warm A,25637,181,180,3387,2049,0,0.0018881806
Warm A,25105,176,175,3387,2049,0,0.008500765
Warm A,4693,34,33,3387,2049,0,0.0033003874
Warm A,15628,123,122,3387,2049,0,0.0018647818
Warm A,60752,411,410,3387,2049,0,0.006330302
Warm A,79628,531,530,3387,2049,0,0.0077834544
Warm A,355094,2077,2076,3387,2049,0,0.0011618251
Warm A,627001,3792,3791,3387,2049,0,0.0071495436
Warm A,750703,4478,4477,3387,2049,0,0.0050668577
Warm A,893453,5394,5393,3387,2049,0,0.0014176026
Warm A,418873,2529,2528,3387,2049,0,0.010441733
Warm A,473968,2909,2908,3387,2049,0,0.008477284
Warm A,848247,5097,5096,3387,2049,0,-0.0051925066
Warm A,496618,3051,3050,3387,2049,1,0.0052158507
Warm A,235169,1425,1424,3387,2049,0,0.008135363
Warm A,550438,3391,3390,3387,2049,0,0.004996118
Warm A,377395,2203,2202,3391,2051,0,0.012043071
Warm A,363664,2118,2117,3391,2051,0,0.009592699
Warm A,343731,2018,2017,3391,2051,0,0.008712633
Warm A,341754,2012,2011,3391,2051,0,0.013469518
Warm A,290970,1736,1735,3391,2051,0,0.008757172
Warm A,212137,1291,1290,3391,2051,0,0.015931668
Warm A,446179,2751,2750,3391,2051,0,0.010587779
Warm A,279737,1680,1679,3391,2051,1,0.008296707
Warm A,168009,1068,1067,3391,2051,0,0.010715669
Warm A,166585,1059,1058,3391,2051,0,0.014097327
Warm A,164765,1051,1050,3391,2051,0,0.0155950105
Warm A,185640,1150,1149,3391,2051,0,0.013044553
Warm A,142491,919,918,3391,2051,0,0.009089761
Warm A,331845,1958,1957,3391,2051,0,0.008280573
Warm A,160320,1019,1018,3391,2051,0,0.019138284
Warm A,112921,732,731,3391,2051,1,0.010877903
Warm A,272340,1645,1644,3391,2051,1,0.0055718403
Warm A,201734,1242,1241,3391,2051,0,0.008104509
Warm A,352206,2063,2062,3391,2051,1,0.01456913
Warm A,83419,549,548,3391,2051,0,0.013383022
Warm A,116500,752,751,3391,2051,0,0.013578202
Warm A,228463,1383,1382,3391,2051,0,0.009559097
Warm A,52559,346,345,3391,2051,1,0.014767695
Warm A,538114,3312,3311,3391,2051,0,0.018245924
Warm A,240403,1449,1448,3391,2051,0,0.008034723
Warm A,25108,176,175,3391,2051,1,0.006821162
Warm A,306252,1824,1823,3391,2051,0,0.012695441
Warm A,239212,1448,1447,3391,2051,0,0.01410972
Warm A,79641,531,530,3391,2051,0,0.0137637975
Warm A,432831,2638,2637,3391,2051,0,0.012053056
Warm A,333990,1969,1968,3391,2051,0,0.010446568
Warm A,102514,678,677,3391,2051,0,0.016501162
Warm A,328538,1941,1940,3391,2051,0,0.012970805
Warm A,378582,2210,2209,3391,2051,0,-0.0012492441
Warm A,967503,5831,5830,3391,2051,0,0.01872364
Warm A,825813,4958,4957,3391,2051,0,0.010506855
Warm A,572390,3507,3506,3392,2052,0,0.013605182
Warm A,557329,3423,3422,3392,2052,0,0.006421319
Warm A,554137,3410,3409,3392,2052,0,0.013207297
Warm A,550460,3391,3390,3392,2052,0,-0.0048201587
Warm A,537400,3311,3310,3392,2052,0,0.0005759406
Warm A,536202,3308,3307,3392,2052,0,0.0032379767
Warm A,529936,3272,3271,3392,2052,1,0.012121565
Warm A,529223,3271,3270,3392,2052,0,0.0070771626
Warm A,540029,3320,3319,3392,2052,0,0.005710623
Warm A,531214,3280,3279,3392,2052,0,0.006109366
Warm A,532333,3285,3284,3392,2052,0,0.0025544676
Warm A,521535,3217,3216,3392,2052,0,0.011501184
Warm A,508764,3129,3128,3392,2052,0,0.0084060505
Warm A,506233,3114,3113,3392,2052,0,0.0008186535
Warm A,494406,3032,3031,3392,2052,0,0.0084806075
Warm A,738524,4411,4410,3392,2052,1,0.0023964632
Warm A,485253,2986,2985,3392,2052,0,0.017556896
Warm A,517963,3196,3195,3392,2052,0,0.0036519438
Warm A,697689,4169,4168,3392,2052,0,0.014630163
Warm A,472808,2907,2906,3392,2052,0,0.0052923914
Warm A,473984,2909,2908,3392,2052,0,0.011669511
Warm A,458184,2820,2819,3392,2052,0,-0.0027385515
Warm A,451119,2777,2776,3392,2052,0,-0.00077158865
Warm A,449983,2774,2773,3392,2052,0,-0.008880438
Warm A,437117,2668,2667,3392,2052,0,-0.0023468984
Warm A,435427,2661,2660,3392,2052,0,0.013722615
Warm A,434487,2649,2648,3392,2052,0,0.0021144946
Warm A,423248,2565,2564,3392,2052,1,0.005214514
Warm A,400496,2383,2382,3392,2052,1,0.013118672
Warm A,436637,2665,2664,3392,2052,0,0.01560482
Warm A,389071,2279,2278,3392,2052,0,0.0128646465
Warm A,382984,2237,2236,3392,2052,0,0.0061257435
Warm A,341756,2012,2011,3392,2052,0,0.0055793896
Warm A,340872,2010,2009,3392,2052,0,-0.004226593
Warm A,298559,1770,1769,3392,2052,0,-0.00045521767
Warm A,290972,1736,1735,3392,2052,0,0.013106307
Warm A,291621,1737,1736,3392,2052,0,0.0031434782
Warm A,301364,1790,1789,3392,2052,0,0.0001602383
Warm A,277920,1676,1675,3392,2052,0,0.0074860877
Warm A,280508,1683,1682,3392,2052,0,0.016182937
Warm A,281387,1687,1686,3392,2052,0,0.0065633375
Warm A,265411,1612,1611,3392,2052,0,0.008627638
Warm A,259607,1587,1586,3392,2052,0,-0.0035641417
Warm A,256989,1573,1572,3392,2052,0,0.00469439
Warm A,251941,1524,1523,3392,2052,0,-0.010785174
Warm A,336240,1980,1979,3392,2052,0,0.010410292
Warm A,361025,2106,2105,3392,2052,0,0.010420809
Warm A,205160,1262,1261,3392,2052,0,5.1898183e-05
Warm A,279739,1680,1679,3392,2052,1,0.007696895
Warm A,244150,1470,1469,3392,2052,1,0.012290355
Warm A,308860,1837,1836,3392,2052,0,0.011670553
Warm A,316358,1883,1882,3392,2052,0,0.009049022
Warm A,164766,1051,1050,3392,2052,1,0.003994084
Warm A,185642,1150,1149,3392,2052,0,0.015234989
Warm A,142494,919,918,3392,2052,0,0.011316195
Warm A,331847,1958,1957,3392,2052,0,0.0072073103
Warm A,126701,817,816,3392,2052,0,-0.0007098096
Warm A,141643,911,910,3392,2052,0,0.016202973
Warm A,263582,1605,1604,3392,2052,0,-0.0015441957
Warm A,201736,1242,1241,3392,2052,0,0.005120293
Warm A,352208,2063,2062,3392,2052,0,0.015587185
Warm A,97157,651,650,3392,2052,0,0.010075497
Warm A,101488,676,675,3392,2052,0,0.009010144
Warm A,228464,1383,1382,3392,2052,0,0.009991788
Warm A,132626,855,854,3392,2052,0,0.022570163
Warm A,47534,319,318,3392,2052,0,0.0075853867
Warm A,44572,302,301,3392,2052,0,0.005989986
Warm A,219292,1329,1328,3392,2052,0,0.009389773
Warm A,29904,202,201,3392,2052,0,0.006935144
Warm A,25109,176,175,3392,2052,0,0.001689765
Warm A,239214,1448,1447,3392,2052,0,0.008137962
Warm A,23141,166,165,3392,2052,0,0.0028977166
Warm A,17531,136,135,3392,2052,0,0.004411186
Warm A,60772,411,410,3392,2052,0,0.021619419
Warm A,108231,710,709,3392,2052,0,0.010154846
Warm A,79642,531,530,3392,2052,1,0.011031678
Warm A,355105,2077,2076,3392,2052,0,0.007524947
Warm A,552560,3401,3400,3392,2052,0,0.0065604467
Warm A,49479,329,328,3392,2052,0,-0.001902394
Warm A,58095,392,391,3392,2052,0,0.012286508
Warm A,328540,1941,1940,3392,2052,0,0.014948176
Warm A,116502,752,751,3392,2052,0,-0.0008459743
Warm A,145052,934,933,3392,2052,0,0.009898873
Warm A,924190,5580,5579,3392,2052,0,0.009810438
Warm A,562733,3462,3461,3392,2052,0,0.007267262
Warm A,348175,2041,2040,3392,2052,0,0.010826686
Warm A,599419,3648,3647,3392,2052,0,-0.006532459
Warm A,499647,3067,3066,3392,2052,1,-0.0018660335
Warm A,302806,1798,1797,3392,2052,0,0.0028645247
Warm A,34746,235,234,3392,2052,0,0.009902148
Warm A,310812,1851,1850,3392,2052,0,-0.0008370881
Warm A,207067,1266,1265,3392,2052,0,0.005996836
Warm A,206451,1265,1264,3392,2052,0,0.0010526155
Warm A,285451,1701,1700,3392,2052,0,0.008833561
Warm A,28229,195,194,3392,2052,0,0.020484459
Warm A,300508,1780,1779,3392,2052,0,0.011225545
Warm A,719024,4305,4304,3392,2052,0,0.019604001
Warm A,168014,1068,1067,3399,2057,0,0.011995904
Warm A,342722,2015,2014,3399,2057,1,0.012261517
Warm A,164774,1051,1050,3399,2057,1,0.012751442
Warm A,128603,832,831,3399,2057,1,0.0010479894
Warm A,127369,822,821,3399,2057,1,0.008632041
Warm A,263591,1605,1604,3399,2057,0,0.015428122
Warm A,124312,800,799,3399,2057,1,0.020662768
Warm A,118127,764,763,3399,2057,1,0.009551533
Warm A,216498,1314,1313,3399,2057,1,0.0006242725
Warm A,120560,777,776,3399,2057,0,0.013202938
Warm A,83427,549,548,3399,2057,0,0.007861168
Warm A,119456,770,769,3399,2057,0,0.009627452
Warm A,53189,350,349,3399,2057,0,-7.09733e-05
Warm A,52565,346,345,3399,2057,1,0.0050201504
Warm A,132633,855,854,3399,2057,0,0.013399605
Warm A,306253,1824,1823,3399,2057,0,0.004040879
Warm A,23144,166,165,3399,2057,1,0.00044946186
Warm A,5377,37,36,3399,2057,1,0.003739705
Warm A,2032,18,17,3399,2057,1,0.0018306733
Warm A,79648,531,530,3399,2057,0,0.013598922
Warm A,355114,2077,2076,3399,2057,0,0.020205721
Warm A,552567,3401,3400,3399,2057,0,0.005651449
Warm A,893463,5394,5393,3399,2057,0,0.009604858
Warm A,102524,678,677,3399,2057,0,0.011354114
Warm A,161410,1029,1028,3399,2057,0,0.008232599
Warm A,344912,2023,2022,3399,2057,1,0.015281241
Warm A,328555,1941,1940,3399,2057,0,0.017859526
Warm A,486555,2995,2994,3401,2058,0,0.009688936
Warm A,466671,2878,2877,3401,2058,0,0.0021083453
Warm A,444385,2742,2741,3401,2058,0,-0.0050106845
Warm A,422363,2558,2557,3401,2058,1,0.0038451503
Warm A,415469,2503,2502,3401,2058,0,0.0026695933
Warm A,402197,2402,2401,3401,2058,0,0.0052932343
Warm A,388867,2279,2278,3401,2058,0,0.009406085
Warm A,375021,2186,2185,3401,2058,0,0.005022832
Warm A,371570,2172,2171,3401,2058,0,0.020053793
Warm A,356279,2088,2087,3401,2058,0,0.010077021
Warm A,373875,2181,2180,3401,2058,0,0.020140557
Warm A,348383,2042,2041,3401,2058,0,0.009745277
Warm A,339835,2004,2003,3401,2058,0,0.0054725297
Warm A,341448,2012,2011,3401,2058,0,0.001319068
Warm A,333280,1968,1967,3401,2058,0,0.01003223
Warm A,293383,1747,1746,3401,2058,0,0.0041759666
Warm A,290883,1736,1735,3401,2058,0,0.0038204475
Warm A,276813,1675,1674,3401,2058,0,0.00025926298
Warm A,247548,1496,1495,3401,2058,0,0.0040570945
Warm A,221165,1340,1339,3401,2058,0,0.012421075
Warm A,277474,1676,1675,3401,2058,0,0.003956438
Warm A,198769,1221,1220,3401,2058,1,-0.0010718021
Warm A,308430,1837,1836,3401,2058,0,-0.003919174
Warm A,327733,1941,1940,3401,2058,0,0.015121799
Warm A,192302,1184,1183,3401,2058,0,0.004303679
Warm A,346104,2030,2029,3401,2058,0,0.008207638
Warm A,164334,1051,1050,3401,2058,0,0.009497674
Warm A,141145,910,909,3401,2058,0,-0.005545439
Warm A,137913,889,888,3401,2058,0,0.009807487
Warm A,263075,1605,1604,3401,2058,0,0.011889845
Warm A,118859,769,768,3401,2058,0,0.00637802
Warm A,351498,2063,2062,3401,2058,0,0.016965343
Warm A,86034,563,562,3401,2058,0,0.004818287
Warm A,84934,552,551,3401,2058,1,0.0011798094
Warm A,83943,550,549,3401,2058,0,0.0067200805
Warm A,77262,524,523,3401,2058,0,0.006917865
Warm A,76109,517,516,3401,2058,0,0.002279777
Warm A,80046,533,532,3401,2058,0,0.002625063
Warm A,36401,245,244,3401,2058,0,-0.0014836835
Warm A,25334,179,178,3401,2058,0,0.00019143941
Warm A,269768,1635,1634,3401,2058,0,0.007611836
Warm A,23072,166,165,3401,2058,0,0.0027395026
Warm A,119061,770,769,3401,2058,0,0.0028656372
Warm A,223365,1354,1353,3401,2058,0,0.0036611047
Warm A,432573,2638,2637,3401,2058,0,-5.0086062e-05
Warm A,129235,839,838,3401,2058,0,0.008945231
Warm A,549845,3391,3390,3401,2058,0,0.00046187243
Warm A,102026,678,677,3401,2058,0,0.0035670064
Warm A,206706,1266,1265,3401,2058,0,0.0032478753
Warm A,331378,1958,1957,3401,2058,0,0.005174581
Warm A,322159,1912,1911,3401,2058,0,0.0061396
Warm A,62660,424,423,3401,2058,0,0.007837389
Warm A,234795,1425,1424,3401,2058,0,0.0065817675
Warm A,527835,3263,3262,3405,2060,1,0.0040533175
Warm A,526189,3253,3252,3405,2060,0,0.0065874914
Warm A,522294,3224,3223,3405,2060,1,-0.00080194883
Warm A,513674,3169,3168,3405,2060,0,0.0044132555
Warm A,768632,4579,4578,3405,2060,0,0.0109925885
Warm A,500934,3078,3077,3405,2060,0,-0.00048074103
Warm A,546005,3367,3366,3405,2060,1,0.0028654828
Warm A,485727,2990,2989,3405,2060,1,0.002087857
Warm A,533095,3292,3291,3405,2060,0,0.0047986726
Warm A,479594,2943,2942,3405,2060,1,0.0050699576
Warm A,477914,2934,2933,3405,2060,1,0.009739689
Warm A,695941,4169,4168,3405,2060,1,0.009476248
Warm A,466672,2878,2877,3405,2060,1,0.014037031
Warm A,459760,2834,2833,3405,2060,1,-0.0004274184
Warm A,447837,2761,2760,3405,2060,1,0.0049231313
Warm A,433536,2643,2642,3405,2060,1,0.0014028748
Warm A,426838,2592,2591,3405,2060,1,0.0072937896
Warm A,418054,2526,2525,3405,2060,1,0.019304488
Warm A,417252,2512,2511,3405,2060,0,0.0038827797
Warm A,412517,2483,2482,3405,2060,1,-0.0022483622
Warm A,388064,2271,2270,3405,2060,1,0.0123983
Warm A,378664,2211,2210,3405,2060,1,0.0066284225
Warm A,364110,2121,2120,3405,2060,1,0.008690102
Warm A,357299,2092,2091,3405,2060,1,0.0023150905
Warm A,356999,2091,2090,3405,2060,1,0.010987712
Warm A,356281,2088,2087,3405,2060,1,0.013590298
Warm A,353095,2068,2067,3405,2060,1,0.0025611918
Warm A,343548,2018,2017,3405,2060,1,0.010589074
Warm A,324732,1924,1923,3405,2060,1,-0.0024481663
Warm A,305610,1819,1818,3405,2060,0,0.0011306528
Warm A,289215,1727,1726,3405,2060,1,0.013474338
Warm A,280584,1684,1683,3405,2060,1,0.010899201
Warm A,292166,1741,1740,3405,2060,1,0.0038060974
Warm A,262668,1602,1601,3405,2060,1,0.0075376723
Warm A,343051,2016,2015,3405,2060,1,0.0032210373
Warm A,346105,2030,2029,3405,2060,1,0.00903094
Warm A,350663,2059,2058,3405,2060,1,0.0066525303
Warm A,353963,2073,2072,3405,2060,1,0.0043594916
Warm A,228069,1383,1382,3405,2060,1,0.005873746
Warm A,232996,1418,1417,3405,2060,1,0.0044337353
Warm A,436214,2665,2664,3405,2060,1,0.01812265
Warm A,213321,1298,1297,3405,2060,1,0.016412707
Warm A,373877,2181,2180,3405,2060,1,0.021690654
Warm A,182696,1140,1139,3405,2060,0,0.0016159788
Warm A,327736,1941,1940,3405,2060,0,0.00998857
Warm A,321623,1908,1907,3405,2060,0,0.002202178
Warm A,159128,1017,1016,3405,2060,1,0.014115028
Warm A,275426,1667,1666,3405,2060,1,0.005682685
Warm A,155116,1000,999,3405,2060,1,0.0033315334
Warm A,146849,948,947,3405,2060,1,0.0012780766
Warm A,347288,2038,2037,3405,2060,0,-0.0074781897
Warm A,137915,889,888,3405,2060,0,0.011932639
Warm A,341119,2011,2010,3405,2060,1,0.0055463593
Warm A,130291,844,843,3405,2060,1,0.0093406085
Warm A,125485,808,807,3405,2060,0,0.011394474
Warm A,332172,1960,1959,3405,2060,1,0.0008330941
Warm A,778822,4653,4652,3405,2060,0,0.011582374
Warm A,96104,646,645,3405,2060,0,0.017955972
Warm A,316661,1884,1883,3405,2060,1,0.009927316
Warm A,94862,637,636,3405,2060,1,-0.0014765072
Warm A,94557,635,634,3405,2060,1,-0.00156789
Warm A,210674,1285,1284,3405,2060,1,0.01566248
Warm A,339116,1998,1997,3405,2060,1,0.008641326
Warm A,85937,562,561,3405,2060,1,0.0058375634
Warm A,85525,558,557,3405,2060,1,0.0021501938
Warm A,198127,1218,1217,3405,2060,1,-0.0015897623
Warm A,37558,256,255,3405,2060,1,0.00199231
Warm A,36403,245,244,3405,2060,1,0.0031289116
Warm A,46811,314,313,3405,2060,1,-7.3357485e-05
Warm A,35255,238,237,3405,2060,0,0.006376109
Warm A,18665,146,145,3405,2060,1,0.011633597
Warm A,15540,123,122,3405,2060,1,0.0025674189
Warm A,269769,1635,1634,3405,2060,1,0.006825115
Warm A,591804,3610,3609,3405,2060,0,0.008120455
Warm A,4043,29,28,3405,2060,1,0.008097281
Warm A,19336,148,147,3405,2060,0,0.014612334
Warm A,362785,2116,2115,3405,2060,1,0.0027101552
Warm A,181891,1137,1136,3405,2060,0,0.0036233144
Warm A,60657,411,410,3405,2060,0,0.014649225
Warm A,208646,1274,1273,3405,2060,1,0.007493876
Warm A,841030,5054,5053,3405,2060,1,0.00943431
Warm A,657430,3963,3962,3405,2060,1,0.012972705
Warm A,831900,5001,5000,3405,2060,1,0.0069438308
Warm A,293631,1748,1747,3405,2060,1,0.012521697
Warm A,343052,2016,2015,3406,2061,1,0.0004235655
Warm A,319933,1899,1898,3406,2061,1,-0.0011786085
Warm A,318308,1891,1890,3406,2061,1,0.022663215
Warm A,289216,1727,1726,3406,2061,1,0.009217478
Warm A,292167,1741,1740,3406,2061,1,0.015875224
Warm A,275428,1667,1666,3406,2061,1,0.013457847
Warm A,293632,1748,1747,3406,2061,1,0.011368842
Warm A,254056,1545,1544,3406,2061,0,0.0034344099
Warm A,248056,1497,1496,3406,2061,1,0.008111901
Warm A,350664,2059,2058,3406,2061,1,0.011777617
Warm A,241024,1451,1450,3406,2061,1,0.009862954
Warm A,189965,1179,1178,3406,2061,1,0.017733436
Warm A,182697,1140,1139,3406,2061,1,0.0067663416
Warm A,165150,1053,1052,3406,2061,0,0.0063009313
Warm A,161680,1031,1030,3406,2061,1,-0.0113217
Warm A,168832,1071,1070,3406,2061,1,-0.006828077
Warm A,147897,953,952,3406,2061,1,0.008210676
Warm A,146850,948,947,3406,2061,1,0.01490762
Warm A,134978,873,872,3406,2061,1,-0.0032611405
Warm A,147317,949,948,3406,2061,1,0.0027766335
Warm A,123322,796,795,3406,2061,0,0.015965119
Warm A,105057,696,695,3406,2061,0,0.0144486725
Warm A,106675,702,701,3406,2061,1,0.0031974248
Warm A,152904,984,983,3406,2061,1,0.018122874
Warm A,78114,526,525,3406,2061,0,0.010148782
Warm A,61635,414,413,3406,2061,1,0.0026015537
Warm A,57763,391,390,3406,2061,1,0.009827027
Warm A,55263,366,365,3406,2061,1,0.015231259
Warm A,54798,358,357,3406,2061,1,0.0035691485
Warm A,52814,348,347,3406,2061,1,0.003532815
Warm A,52316,344,343,3406,2061,1,0.0060743317
Warm A,45560,307,306,3406,2061,0,0.016176142
Warm A,16426,130,129,3406,2061,1,0.010844241
Warm A,14838,118,117,3406,2061,1,0.014734656
Warm A,5666,40,39,3406,2061,1,0.015512565
Warm A,357300,2092,2091,3406,2061,1,0.00015197298
Warm A,388065,2271,2270,3406,2061,0,0.0076178527
Warm A,931394,5626,5625,3406,2061,1,0.0027658173
Warm A,254598,1547,1546,3406,2061,0,0.014795393
Warm A,795459,4765,4764,3406,2061,0,-0.0015999964
Warm A,587738,3589,3588,3406,2061,0,-0.00027549535
Warm A,833308,5011,5010,3406,2061,0,0.0008925472
Warm A,420848,2544,2543,3406,2061,1,0.013720591
Warm A,295566,1755,1754,3406,2061,0,0.004071877
Warm A,27540,193,192,3406,2061,0,0.0100753
Warm A,675877,4054,4053,3412,2064,0,0.008501241
Warm A,668313,4021,4020,3412,2064,1,0.011620197
Warm A,783983,4682,4681,3412,2064,1,0.005973996
Warm A,667329,4016,4015,3412,2064,0,0.00019609928
Warm A,654722,3945,3944,3412,2064,0,-0.0034241711
Warm A,654007,3942,3941,3412,2064,0,0.0012005898
Warm A,630227,3811,3810,3412,2064,1,0.00093744975
Warm A,637856,3841,3840,3412,2064,0,0.0030585104
Warm A,627632,3797,3796,3412,2064,1,0.0022218102
Warm A,620608,3760,3759,3412,2064,0,-0.0016696493
Warm A,614646,3724,3723,3412,2064,0,-0.0027667219
Warm A,612222,3712,3711,3412,2064,0,0.002857029
Warm A,587748,3589,3588,3412,2064,0,-0.0047870544
Warm A,583274,3562,3561,3412,2064,0,0.0071783536
Warm A,593514,3618,3617,3412,2064,0,0.0061698603
Warm A,574426,3517,3516,3412,2064,1,-0.0024946467
Warm A,744743,4448,4447,3412,2064,1,0.0063922075
Warm A,574638,3518,3517,3412,2064,0,-0.0056173075
Warm A,548918,3389,3388,3412,2064,0,-0.0041160113
Warm A,548357,3384,3383,3412,2064,0,0.0021535696
Warm A,549865,3391,3390,3412,2064,0,0.00096574845
Warm A,570960,3503,3502,3412,2064,0,0.0073414817
Warm A,533106,3292,3291,3412,2064,1,-0.00085792737
Warm A,584605,3569,3568,3412,2064,0,-0.002997186
Warm A,526681,3259,3258,3412,2064,1,0.003043676
Warm A,528067,3265,3264,3412,2064,0,-0.006613427
Warm A,539779,3320,3319,3412,2064,1,0.008449117
Warm A,512666,3163,3162,3412,2064,1,0.0067782346
Warm A,527288,3261,3260,3412,2064,1,0.0033091572
Warm A,505053,3108,3107,3412,2064,1,0.003916311
Warm A,575177,3519,3518,3412,2064,0,0.008455033
Warm A,497579,3055,3054,3412,2064,1,-0.00068790466
Warm A,599833,3650,3649,3412,2064,0,-0.0022427943
Warm A,559230,3435,3434,3412,2064,1,-0.0020230017
Warm A,529514,3272,3271,3412,2064,1,0.006340372
Warm A,753230,4489,4488,3412,2064,0,0.0018847347
Warm A,695957,4169,4168,3412,2064,0,-0.0006314656
Warm A,472398,2907,2906,3412,2064,0,-0.0004124022
Warm A,467735,2883,2882,3412,2064,0,0.006537859
Warm A,457743,2820,2819,3412,2064,0,0.004822495
Warm A,486930,2996,2995,3412,2064,1,0.005335443
Warm A,465944,2873,2872,3412,2064,0,-0.0016070402
Warm A,450647,2777,2776,3412,2064,0,0.0034102728
Warm A,448373,2764,2763,3412,2064,1,0.0025662533
Warm A,447845,2761,2760,3412,2064,0,-0.003769029
Warm A,442573,2726,2725,3412,2064,1,-0.00045649242
Warm A,564238,3471,3470,3412,2064,0,-0.0029466716
Warm A,433540,2643,2642,3412,2064,1,0.0043251524
Warm A,422243,2556,2555,3412,2064,1,-0.0012324327
Warm A,413663,2489,2488,3412,2064,1,0.004126768
Warm A,375027,2186,2185,3412,2064,0,0.0002572647
Warm A,394157,2323,2322,3412,2064,1,0.002513992
Warm A,353972,2073,2072,3412,2064,0,0.0009171851
Warm A,332349,1961,1960,3412,2064,1,-0.0016621907
Warm A,333287,1968,1967,3412,2064,0,0.006188595
Warm A,316669,1884,1883,3412,2064,0,0.0041443473
Warm A,290887,1736,1735,3412,2064,1,-0.006044434
Warm A,280752,1685,1684,3412,2064,1,-0.008844519
Warm A,278813,1680,1679,3412,2064,1,-0.0045541907
Warm A,258929,1586,1585,3412,2064,1,-0.0031668942
Warm A,265602,1613,1612,3412,2064,0,0.0018906251
Warm A,261632,1599,1598,3412,2064,0,0.0014902442
Warm A,222024,1343,1342,3412,2064,0,-0.006597833
Warm A,217699,1321,1320,3412,2064,0,0.005665381
Warm A,224061,1356,1355,3412,2064,0,0.005644181
Warm A,213330,1298,1297,3412,2064,1,0.00011332892
Warm A,209367,1279,1278,3412,2064,1,0.0028315592
Warm A,208651,1274,1273,3412,2064,0,-0.0022808802
Warm A,220293,1335,1334,3412,2064,0,0.006301677
Warm A,258719,1585,1584,3412,2064,0,-0.0006250853
Warm A,456368,2810,2809,3412,2064,0,-0.0028881365
Warm A,277486,1676,1675,3412,2064,0,0.010066703
Warm A,308449,1837,1836,3412,2064,1,-0.00052478956
Warm A,177968,1120,1119,3412,2064,0,0.004530132
Warm A,243754,1470,1469,3412,2064,0,0.0019409317
Warm A,248698,1501,1500,3412,2064,0,-0.0061529744
Warm A,164349,1051,1050,3412,2064,1,-0.0031823998
Warm A,149511,963,962,3412,2064,0,-0.0032698284
Warm A,185012,1150,1149,3412,2064,0,0.00071295677
Warm A,141148,910,909,3412,2064,1,0.0028717476
Warm A,258332,1584,1583,3412,2064,1,0.0044142995
Warm A,141403,911,910,3412,2064,1,-0.007524467
Warm A,134981,873,872,3412,2064,1,0.004126166
Warm A,127658,824,823,3412,2064,0,0.0040549897
Warm A,263089,1605,1604,3412,2064,1,0.0004006474
Warm A,110305,720,719,3412,2064,0,-0.0062379036
Warm A,299493,1778,1777,3412,2064,1,0.000570633
Warm A,94865,637,636,3412,2064,1,0.002276305
Warm A,190576,1181,1180,3412,2064,0,0.00019836798
Warm A,80677,536,535,3412,2064,1,0.0027216515
Warm A,68591,461,460,3412,2064,1,-0.0021405667
Warm A,333754,1969,1968,3412,2064,0,0.0062217563
Warm A,47422,319,318,3412,2064,1,0.0004589568
Warm A,38262,261,260,3412,2064,1,0.0028724787
Warm A,21539,157,156,3412,2064,1,-0.008626119
Warm A,23084,166,165,3412,2064,0,0.0006551109
Warm A,17485,136,135,3412,2064,1,0.0020062937
Warm A,5671,40,39,3412,2064,0,-0.007696248
Warm A,19359,148,147,3412,2064,0,0.001209361
Warm A,385994,2258,2257,3412,2064,0,0.01029353
Warm A,237704,1447,1446,3412,2064,1,0.0034243704
Warm A,257499,1579,1578,3412,2064,0,0.0020084009
Warm A,65227,438,437,3412,2064,1,-0.002780684
Warm A,750358,4478,4477,3412,2064,0,-0.0009863758
Warm A,621963,3768,3767,3412,2064,1,0.0028630327
Warm A,901381,5450,5449,3412,2064,0,0.0016120994
Warm A,760102,4517,4516,3412,2064,0,-0.00309261
Warm A,865887,5222,5221,3412,2064,0,0.0040132846
Warm A,6135,44,43,3412,2064,0,0.001827107
Warm A,111603,727,726,3412,2064,1,-0.0024865088
Warm A,407741,2451,2450,3412,2064,0,0.0024371382
Warm A,657433,3963,3962,3412,2064,1,-0.0034508426
Warm A,941323,5682,5681,3412,2064,1,0.0073870346
Warm A,311235,1854,1853,3412,2064,0,0.009821465
Warm A,351522,2063,2062,3412,2064,0,0.0021365716
Warm A,128913,838,837,3417,2065,1,0.004886966
Warm A,128831,837,836,3417,2065,1,-0.0029331455
Warm A,128719,835,834,3417,2065,0,0.009441703
Warm A,147322,949,948,3417,2065,1,0.0049419412
Warm A,106682,702,701,3417,2065,1,0.010359539
Warm A,68592,461,460,3417,2065,0,-0.0011678361
Warm A,27553,193,192,3417,2065,0,-0.00071170786
Warm A,481678,2962,2961,3417,2065,0,0.0040208907
Warm A,14467,117,116,3417,2065,0,-0.0015295509
Warm A,5672,40,39,3417,2065,1,-0.0010136501
Warm A,1928,17,16,3417,2065,1,0.0069546504
Warm A,1461,13,12,3417,2065,0,0.001393995
Warm A,293641,1748,1747,3417,2065,0,-0.0032718945
Warm A,681934,4084,4083,3420,2067,1,-0.00029315997
Warm A,681342,4083,4082,3420,2067,0,0.012410738
Warm A,712817,4277,4276,3420,2067,1,0.012859162
Warm A,675350,4053,4052,3420,2067,1,0.0076851426
Warm A,668964,4022,4021,3420,2067,0,0.004920086
Warm A,667345,4016,4015,3420,2067,0,0.013713222
Warm A,660042,3978,3977,3420,2067,1,-0.0026755156
Warm A,659490,3974,3973,3420,2067,1,0.007363879
Warm A,783992,4682,4681,3420,2067,1,0.006835404
Warm A,656294,3955,3954,3420,2067,1,-0.0009473418
Warm A,650719,3924,3923,3420,2067,1,0.006643717
Warm A,641409,3856,3855,3420,2067,0,-0.0005908853
Warm A,640247,3848,3847,3420,2067,1,0.004061519
Warm A,632306,3823,3822,3420,2067,1,0.00781347
Warm A,637876,3841,3840,3420,2067,1,0.0060800966
Warm A,653433,3940,3939,3420,2067,1,0.0051133716
Warm A,624597,3778,3777,3420,2067,0,0.015673432
Warm A,623656,3772,3771,3420,2067,1,-0.00395286
Warm A,618505,3747,3746,3420,2067,1,0.0030777212
Warm A,616082,3729,3728,3420,2067,0,0.010303084
Warm A,615541,3727,3726,3420,2067,1,0.007889046
Warm A,614656,3724,3723,3420,2067,0,0.0022498127
Warm A,610955,3705,3704,3420,2067,0,0.014208773
Warm A,613556,3717,3716,3420,2067,1,0.00089249015
Warm A,725181,4344,4343,3420,2067,0,0.007856219
Warm A,631986,3822,3821,3420,2067,1,0.00075385976
Warm A,593543,3618,3617,3420,2067,0,0.0051880726
Warm A,590076,3600,3599,3420,2067,1,0.003036445
Warm A,581542,3551,3550,3420,2067,0,-0.011329487
Warm A,567328,3483,3482,3420,2067,1,0.014946373
Warm A,569053,3491,3490,3420,2067,1,0.015258224
Warm A,566645,3477,3476,3420,2067,1,-0.0071266266
Warm A,576967,3526,3525,3420,2067,0,0.00069449795
Warm A,532602,3289,3288,3420,2067,1,-0.0024182277
Warm A,531646,3283,3282,3420,2067,1,0.0106280055
Warm A,529068,3271,3270,3420,2067,1,0.00097496295
Warm A,534631,3300,3299,3420,2067,1,-0.0048818714
Warm A,524937,3241,3240,3420,2067,1,0.003931691
Warm A,518654,3201,3200,3420,2067,1,0.0067261783
Warm A,516201,3188,3187,3420,2067,1,-0.0036951161
Warm A,509452,3138,3137,3420,2067,0,0.011090772
Warm A,816037,4899,4898,3420,2067,0,0.008090848
Warm A,508516,3129,3128,3420,2067,1,0.0051733996
Warm A,930082,5620,5619,3420,2067,1,0.0093161445
Warm A,489894,3014,3013,3420,2067,1,-0.00066448323
Warm A,484898,2986,2985,3420,2067,1,0.008187219
Warm A,481390,2959,2958,3420,2067,1,0.009810301
Warm A,480031,2946,2945,3420,2067,0,0.00886313
Warm A,477942,2934,2933,3420,2067,1,0.015535907
Warm A,695984,4169,4168,3420,2067,0,0.011269039
Warm A,473365,2909,2908,3420,2067,1,0.0032676945
Warm A,467737,2883,2882,3420,2067,0,-0.0026871546
Warm A,879810,5317,5316,3420,2067,1,0.0026386068
Warm A,463128,2857,2856,3420,2067,0,0.012058563
Warm A,455255,2803,2802,3420,2067,0,0.005604092
Warm A,469872,2895,2894,3420,2067,1,0.00032336893
Warm A,435756,2664,2663,3420,2067,1,0.0012742577
Warm A,419194,2532,2531,3420,2067,1,-0.00066429377
Warm A,426855,2592,2591,3420,2067,0,0.0046341717
Warm A,425235,2581,2580,3420,2067,1,0.010729197
Warm A,404140,2415,2414,3420,2067,1,-0.0027321535
Warm A,400078,2381,2380,3420,2067,0,-0.0026975977
Warm A,396609,2348,2347,3420,2067,0,-0.002899628
Warm A,393712,2318,2317,3420,2067,1,0.0070259776
Warm A,393449,2315,2314,3420,2067,1,-0.004141814
Warm A,389904,2288,2287,3420,2067,0,-0.0019448977
Warm A,388880,2279,2278,3420,2067,1,0.010760842
Warm A,385200,2251,2250,3420,2067,0,-0.005671272
Warm A,381573,2231,2230,3420,2067,0,0.01179919
Warm A,369816,2164,2163,3420,2067,0,0.012084016
Warm A,394160,2323,2322,3420,2067,1,0.0027501946
Warm A,364637,2124,2123,3420,2067,1,0.005075665
Warm A,358419,2098,2097,3420,2067,1,-0.0015010759
Warm A,359280,2102,2101,3420,2067,1,-0.0073444545
Warm A,352624,2064,2063,3420,2067,0,0.0074730315
Warm A,320994,1903,1902,3420,2067,0,0.00699238
Warm A,297950,1766,1765,3420,2067,0,-0.005106926
Warm A,301499,1791,1790,3420,2067,0,0.008611599
Warm A,292977,1745,1744,3420,2067,1,0.0064774794
Warm A,271611,1642,1641,3420,2067,0,0.006764741
Warm A,270793,1639,1638,3420,2067,1,0.0034084318
Warm A,268877,1632,1631,3420,2067,0,0.013006816
Warm A,232322,1410,1409,3420,2067,1,-0.004557523
Warm A,296356,1758,1757,3420,2067,1,-0.0050163674
Warm A,221192,1340,1339,3420,2067,0,0.013332863
Warm A,226355,1370,1369,3420,2067,0,0.009449806
Warm A,200740,1233,1232,3420,2067,1,0.0050849775
Warm A,199818,1227,1226,3420,2067,0,0.0065487796
Warm A,210041,1284,1283,3420,2067,1,0.0072089955
Warm A,278844,1680,1679,3420,2067,1,0.01508425
Warm A,196948,1209,1208,3420,2067,1,0.008789839
Warm A,192542,1185,1184,3420,2067,0,0.006505506
Warm A,177472,1119,1118,3420,2067,1,0.004069038
Warm A,190606,1181,1180,3420,2067,0,0.010624876
Warm A,141414,911,910,3420,2067,1,0.012406275
Warm A,148232,955,954,3420,2067,0,0.001854395
Warm A,131050,850,849,3420,2067,0,0.006784074
Warm A,154777,999,998,3420,2067,0,0.0030499897
Warm A,115311,749,748,3420,2067,0,0.009833185
Warm A,239821,1449,1448,3420,2067,0,0.012163704
Warm A,283980,1698,1697,3420,2067,0,0.006237071
Warm A,90452,599,598,3420,2067,1,-0.003935461
Warm A,350463,2057,2056,3420,2067,1,0.0048665777
Warm A,84938,552,551,3420,2067,1,0.002672159
Warm A,82882,549,548,3420,2067,1,0.008191456
Warm A,77304,524,523,3420,2067,1,0.0062259855
Warm A,74022,504,503,3420,2067,1,0.0013543373
Warm A,71870,482,481,3420,2067,0,0.009534167
Warm A,65700,439,438,3420,2067,1,0.009402205
Warm A,210709,1285,1284,3420,2067,1,0.0033914815
Warm A,47439,319,318,3420,2067,1,0.008177655
Warm A,338013,1988,1987,3420,2067,0,0.012994064
Warm A,61269,412,411,3420,2067,1,0.015077745
Warm A,238717,1448,1447,3420,2067,1,0.004926012
Warm A,145271,935,934,3420,2067,1,0.015162601
Warm A,36885,247,246,3420,2067,1,0.011320534
Warm A,46821,314,313,3420,2067,1,0.002038994
Warm A,35268,238,237,3420,2067,1,0.004886474
Warm A,36439,245,244,3420,2067,0,0.012014435
Warm A,9261,62,61,3420,2067,0,0.0035011796
Warm A,437216,2669,2668,3420,2067,1,-0.0018856032
Warm A,104196,692,691,3420,2067,1,0.006108324
Warm A,2845,23,22,3420,2067,0,0.0011306736
Warm A,481687,2962,2961,3420,2067,0,0.016308261
Warm A,43437,299,298,3420,2067,1,0.007416038
Warm A,18686,146,145,3420,2067,1,-0.002976757
Warm A,552176,3401,3400,3420,2067,1,0.000854617
Warm A,150473,970,969,3420,2067,1,-0.0036340756
Warm A,157933,1015,1014,3420,2067,0,0.003749574
Warm A,181905,1137,1136,3420,2067,0,0.0046919873
Warm A,873907,5277,5276,3420,2067,0,0.0077784387
Warm A,56330,376,375,3420,2067,1,0.0063613737
Warm A,519180,3203,3202,3420,2067,1,0.0058035674
Warm A,24330,173,172,3420,2067,0,-0.0031942637
Warm A,633052,3824,3823,3420,2067,0,0.008034424
Warm A,309522,1842,1841,3420,2067,1,0.00891842
Warm A,25903,183,182,3420,2067,1,0.00045425806
Warm A,324883,1925,1924,3420,2067,0,0.0011566811
Warm A,857809,5156,5155,3420,2067,1,0.0072099916
Warm A,80074,533,532,3423,2070,0,0.010412203
Warm A,53704,352,351,3423,2070,1,0.0018491629
Warm A,41780,284,283,3423,2070,0,0.0002999883
Warm A,25607,181,180,3423,2070,0,0.0053840787
Warm A,293652,1748,1747,3423,2070,0,0.0078654885
Warm A,16657,131,130,3423,2070,1,0.0033826404
Warm A,9264,62,61,3423,2070,0,0.00786014
Warm A,3371,26,25,3423,2070,0,0.007043851
Warm A,129266,839,838,3423,2070,0,0.0056954063
Warm A,261147,1597,1596,3423,2070,0,-0.0017016159
Warm A,357321,2092,2091,3423,2070,0,0.00042243232
Warm A,215438,1306,1305,3423,2070,1,0.0036596688
Warm A,311241,1854,1853,3423,2070,0,0.007727302
Warm A,62701,424,423,3423,2070,1,0.0024002865
Warm A,239827,1449,1448,3425,2072,0,0.011570451
Warm A,53705,352,351,3425,2072,0,0.011818936
Warm A,39354,267,266,3425,2072,0,0.006208147
Warm A,26403,187,186,3425,2072,1,0.0028257612
Warm A,24899,175,174,3425,2072,1,0.00733292
Warm A,557,8,7,3425,2072,0,0.0035292567
Warm A,89178,588,587,3425,2072,1,0.006607079
Warm A,157938,1015,1014,3425,2072,0,0.014075515
Warm A,42769,293,292,3425,2072,0,-1.6681268e-05
Warm A,933372,5636,5635,3425,2072,0,0.008583348
Warm A,892855,5394,5393,3425,2072,0,0.004058163
Warm A,216883,1317,1316,3425,2072,1,0.016161887
Warm A,712821,4277,4276,3425,2072,0,0.011716738
Warm A,241050,1451,1450,3425,2072,1,0.010095129
Warm A,195305,1203,1202,3425,2072,1,-0.0032433793
Warm A,475426,2918,2917,3425,2072,0,0.00022536493
Warm A,115994,752,751,3425,2072,0,0.005973584
Warm A,33930,229,228,3425,2072,1,0.00048114313
Warm A,300247,1780,1779,3425,2072,0,0.01738707
Warm A,212812,1297,1296,3427,2074,1,0.009523458
Warm A,146864,948,947,3427,2074,1,0.005705756
Warm A,185041,1150,1149,3427,2074,0,0.010044915
Warm A,239829,1449,1448,3427,2074,0,0.020515265
Warm A,144085,929,928,3427,2074,0,0.012723574
Warm A,210714,1285,1284,3427,2074,1,0.013968019
Warm A,48522,326,325,3427,2074,0,0.0016979587
Warm A,32031,216,215,3427,2074,0,0.010750736
Warm A,123331,796,795,3427,2074,0,0.010595534
Warm A,129269,839,838,3427,2074,1,0.0016530285
Warm A,638977,3842,3841,3427,2074,0,0.008917514
Warm A,567332,3483,3482,3427,2074,0,0.007759375
Warm A,204479,1260,1259,3427,2074,0,0.012114335
Warm A,420868,2544,2543,3427,2074,0,0.0051067895
Warm A,262152,1600,1599,3431,2077,0,-0.007047425
Warm A,242682,1465,1464,3431,2077,0,0.007521001
Warm A,227027,1377,1376,3431,2077,0,0.0010526562
Warm A,278866,1680,1679,3431,2077,0,0.00196005
Warm A,261654,1599,1598,3431,2077,0,0.003984063
Warm A,190630,1181,1180,3431,2077,0,0.012129806
Warm A,186594,1155,1154,3431,2077,0,0.004047838
Warm A,307298,1835,1834,3431,2077,0,-0.00047762948
Warm A,275449,1667,1666,3431,2077,0,0.0085843
Warm A,123831,798,797,3431,2077,0,0.009823238
Warm A,112851,732,731,3431,2077,1,0.00670602
Warm A,106695,702,701,3431,2077,0,0.0024072707
Warm A,93751,629,628,3431,2077,0,-0.0012968037
Warm A,480037,2946,2945,3431,2077,0,0.0044826968
Warm A,75423,513,512,3431,2077,0,-0.0015189166
Warm A,64797,435,434,3431,2077,0,0.0045907553
Warm A,239837,1449,1448,3431,2077,0,-0.003288105
Warm A,40385,272,271,3431,2077,0,-0.004064978
Warm A,32694,221,220,3431,2077,0,0.0007474737
Warm A,19391,148,147,3431,2077,0,0.0083311815
Warm A,269797,1635,1634,3431,2077,0,0.005424347
Warm A,237729,1447,1446,3431,2077,0,0.004595881
Warm A,680557,4079,4078,3431,2077,1,0.0070803934
Warm A,633062,3824,3823,3431,2077,0,0.0025105518
Warm A,62711,424,423,3431,2077,0,0.011125067
Warm A,75424,513,512,3432,2078,0,0.008277195
Warm A,68611,461,460,3432,2078,0,0.010972912
Warm A,239838,1449,1448,3432,2078,0,0.015772415
Warm A,40387,272,271,3432,2078,0,0.00608168
Warm A,33758,226,225,3432,2078,0,-0.00091047864
Warm A,19392,148,147,3432,2078,0,0.009171728
Warm A,237730,1447,1446,3432,2078,0,0.0143818585
Warm A,828605,4979,4978,3432,2078,0,0.012929215
Warm A,342302,2015,2014,3432,2078,0,0.012470192
Warm A,680558,4079,4078,3432,2078,1,0.007942027
Warm A,599124,3648,3647,3432,2078,0,-0.006879382
Warm A,62712,424,423,3432,2078,0,0.011374818
Warm A,533134,3292,3291,3436,2080,0,0.010435015
Warm A,524714,3239,3238,3436,2080,1,0.015624333
Warm A,514210,3174,3173,3436,2080,1,-0.0018943233
Warm A,493926,3032,3031,3436,2080,0,0.0005774681
Warm A,477953,2934,2933,3436,2080,0,0.005994065
Warm A,418540,2529,2528,3436,2080,0,-1.43274665e-05
Warm A,393078,2309,2308,3436,2080,1,-0.0027820957
Warm A,385879,2257,2256,3436,2080,1,0.0012718069
Warm A,382784,2237,2236,3436,2080,0,0.0055747097
Warm A,377149,2203,2202,3436,2080,1,0.006847917
Warm A,364441,2123,2122,3436,2080,1,-0.0022394587
Warm A,351570,2063,2062,3436,2080,0,0.0035525102
Warm A,343562,2018,2017,3436,2080,0,0.0029046321
Warm A,301010,1787,1786,3436,2080,0,-0.0027900555
Warm A,290894,1736,1735,3436,2080,0,-0.0017122701
Warm A,264544,1609,1608,3436,2080,0,0.012742284
Warm A,227031,1377,1376,3436,2080,0,0.012695944
Warm A,203853,1254,1253,3436,2080,1,-0.00248264
Warm A,278870,1680,1679,3436,2080,0,0.009079279
Warm A,316184,1883,1882,3436,2080,0,-0.0011181359
Warm A,179494,1125,1124,3436,2080,0,0.0034510717
Warm A,331434,1958,1957,3436,2080,0,0.014816251
Warm A,168320,1069,1068,3436,2080,0,0.0072927764
Warm A,156357,1009,1008,3436,2080,0,0.0023046187
Warm A,150482,970,969,3436,2080,0,0.0010818838
Warm A,137989,889,888,3436,2080,0,0.00030916533
Warm A,380188,2223,2222,3436,2080,0,0.004293292
Warm A,141419,911,910,3436,2080,1,0.0036110422
Warm A,131803,854,853,3436,2080,0,0.0004273085
Warm A,327804,1941,1940,3436,2080,1,-0.0032237952
Warm A,111842,728,727,3436,2080,0,-0.001294907
Warm A,103343,687,686,3436,2080,0,0.008298784
Warm A,332554,1962,1961,3436,2080,0,0.0048365574
Warm A,228106,1383,1382,3436,2080,0,0.0020749113
Warm A,87212,570,569,3436,2080,0,0.00943419
Warm A,238728,1448,1447,3436,2080,1,0.011518366
Warm A,76121,517,516,3436,2080,0,0.009194581
Warm A,64465,430,429,3436,2080,0,0.009828447
Warm A,74680,509,508,3436,2080,0,0.00032530958
Warm A,132342,855,854,3436,2080,0,0.007436807
Warm A,47462,319,318,3436,2080,0,0.0074795727
Warm A,696010,4169,4168,3436,2080,0,0.004553497
Warm A,39551,268,267,3436,2080,1,-0.0018403061
Warm A,537800,3312,3311,3436,2080,0,0.0050856806
Warm A,38904,264,263,3436,2080,0,0.008825954
Warm A,32921,223,222,3436,2080,0,0.0070113107
Warm A,29823,202,201,3436,2080,1,0.0035146093
Warm A,16977,133,132,3436,2080,1,0.009839823
Warm A,6174,45,44,3436,2080,0,0.004414693
Warm A,30501,204,203,3436,2080,0,0.0040305136
Warm A,223406,1354,1353,3436,2080,0,0.0057210545
Warm A,20758,151,150,3436,2080,0,0.005320669
Warm A,79231,531,530,3436,2080,0,0.003254098
Warm A,143628,927,926,3436,2080,0,0.011183787
Warm A,19398,148,147,3436,2080,0,0.0022444113
Warm A,50137,331,330,3436,2080,0,-0.0014024959
Warm A,682281,4085,4084,3436,2080,0,0.0043589054
Warm A,164380,1051,1050,3436,2080,0,0.006383969
Warm A,304754,1812,1811,3436,2080,0,1.7751008e-05
Warm A,102073,678,677,3436,2080,1,0.013564964
Warm A,144818,934,933,3436,2080,0,-0.0022019031
Warm A,454531,2796,2795,3436,2080,0,0.005646978
Warm A,335650,1980,1979,3436,2080,0,0.0034271316
Warm A,408084,2453,2452,3436,2080,1,0.010146776
Warm A,545255,3363,3362,3436,2080,1,0.006556086
Warm A,699606,4186,4185,3436,2080,0,0.00084147963
Warm A,760111,4517,4516,3436,2080,0,0.002349858
Warm A,193532,1194,1193,3436,2080,0,0.006612939
Warm A,645750,3887,3886,3440,2083,0,0.0023522305
Warm A,628560,3807,3806,3440,2083,0,-0.0037551285
Warm A,624277,3777,3776,3440,2083,0,-0.0085339965
Warm A,612851,3715,3714,3440,2083,0,-0.0024451558
Warm A,654036,3942,3941,3440,2083,0,0.0003428458
Warm A,636198,3834,3833,3440,2083,1,-0.0023861097
Warm A,712848,4277,4276,3440,2083,0,0.0015629515
Warm A,600741,3652,3651,3440,2083,0,2.7889619e-05
Warm A,586378,3579,3578,3440,2083,0,-0.001087254
Warm A,576985,3526,3525,3440,2083,0,-0.0007699393
Warm A,573846,3513,3512,3440,2083,0,0.003196998
Warm A,570234,3499,3498,3440,2083,0,0.0021465486
Warm A,591839,3610,3609,3440,2083,0,-0.0028686032
Warm A,584624,3569,3568,3440,2083,0,-0.0012768889
Warm A,572773,3509,3508,3440,2083,0,-0.01079806
Warm A,555190,3414,3413,3440,2083,0,-0.0006215265
Warm A,550900,3393,3392,3440,2083,0,-0.00050984486
Warm A,548941,3389,3388,3440,2083,0,0.0038228468
Warm A,546459,3370,3369,3440,2083,0,0.0019280163
Warm A,536967,3311,3310,3440,2083,0,-0.00031281775
Warm A,535871,3308,3307,3440,2083,0,0.004455989
Warm A,544030,3353,3352,3440,2083,0,0.0076967124
Warm A,530898,3280,3279,3440,2083,0,0.00650202
Warm A,520298,3209,3208,3440,2083,0,0.002747985
Warm A,496057,3047,3046,3440,2083,0,0.00077643554
Warm A,493941,3032,3031,3440,2083,1,0.0033540959
Warm A,492597,3029,3028,3440,2083,0,0.0012946157
Warm A,517829,3196,3195,3440,2083,0,-0.00045005884
Warm A,469655,2894,2893,3440,2083,1,0.0006654335
Warm A,470347,2896,2895,3440,2083,0,-0.0035907542
Warm A,486953,2996,2995,3440,2083,0,0.0058643892
Warm A,477448,2931,2930,3440,2083,0,0.005405158
Warm A,430026,2621,2620,3440,2083,0,0.0030648133
Warm A,408629,2454,2453,3440,2083,0,-0.0062215
Warm A,375048,2186,2185,3440,2083,0,-0.009797499
Warm A,373371,2180,2179,3440,2083,0,0.005005833
Warm A,371594,2172,2171,3440,2083,0,-0.008191292
Warm A,369828,2164,2163,3440,2083,0,-0.004136391
Warm A,367314,2144,2143,3440,2083,0,0.0039391257
Warm A,368750,2156,2155,3440,2083,0,0.009753629
Warm A,349809,2054,2053,3440,2083,0,-0.0069131097
Warm A,361497,2109,2108,3440,2083,0,-0.010311571
Warm A,340524,2010,2009,3440,2083,0,0.003157104
Warm A,341477,2012,2011,3440,2083,0,0.0009473327
Warm A,330113,1948,1947,3440,2083,0,0.0013115383
Warm A,300703,1781,1780,3440,2083,0,-0.0056332345
Warm A,297386,1764,1763,3440,2083,1,-0.0011650415
Warm A,288821,1726,1725,3440,2083,0,-0.0028150508
Warm A,269808,1635,1634,3440,2083,0,0.006777804
Warm A,299518,1778,1777,3440,2083,0,-0.0014867806
Warm A,358208,2097,2096,3440,2083,0,-0.0020527728
Warm A,256326,1564,1563,3440,2083,0,0.0053055244
Warm A,302984,1800,1799,3440,2083,0,-0.0090549
Warm A,309250,1841,1840,3440,2083,0,0.008277662
Warm A,338838,1996,1995,3440,2083,0,-0.00078512845
Warm A,360613,2106,2105,3440,2083,0,0.00048612105
Warm A,321229,1904,1903,3440,2083,0,-0.00030011777
Warm A,236202,1433,1432,3440,2083,0,0.0016860177
Warm A,233017,1418,1417,3440,2083,0,0.0014705379
Warm A,216001,1311,1310,3440,2083,0,0.0035612548
Warm A,224082,1356,1355,3440,2083,0,0.0002312758
Warm A,277515,1676,1675,3440,2083,0,-0.0057145953
Warm A,272765,1647,1646,3440,2083,0,-0.0051070433
Warm A,278891,1680,1679,3440,2083,0,0.0044571743
Warm A,342311,2015,2014,3440,2083,0,-0.0056061484
Warm A,327825,1941,1940,3440,2083,0,0.004150676
Warm A,178001,1120,1119,3440,2083,0,-0.005333646
Warm A,173567,1100,1099,3440,2083,0,-0.00088532665
Warm A,171430,1088,1087,3440,2083,0,-0.006187083
Warm A,166757,1060,1059,3440,2083,0,-0.00058598025
Warm A,163147,1042,1041,3440,2083,0,0.00061314646
Warm A,363911,2120,2119,3440,2083,0,0.003169417
Warm A,150944,971,970,3440,2083,0,0.0013786162
Warm A,249197,1502,1501,3440,2083,0,0.01379375
Warm A,216902,1317,1316,3440,2083,0,0.0053288955
Warm A,156681,1010,1009,3440,2083,0,-0.0017905451
Warm A,276845,1675,1674,3440,2083,0,0.0048128814
Warm A,134116,869,868,3440,2083,0,-0.006801543
Warm A,145589,936,935,3440,2083,0,0.0027166996
Warm A,263136,1605,1604,3440,2083,0,-0.006418895
Warm A,126520,817,816,3440,2083,0,0.001741898
Warm A,124196,800,799,3440,2083,0,-0.0020029102
Warm A,121475,781,780,3440,2083,0,0.0066543785
Warm A,121047,780,779,3440,2083,0,-0.0021307785
Warm A,120326,777,776,3440,2083,0,-0.00041733403
Warm A,116806,753,752,3440,2083,1,0.005526079
Warm A,119109,770,769,3440,2083,0,-0.0057301964
Warm A,105950,699,698,3440,2083,0,-0.001029429
Warm A,99301,662,661,3440,2083,0,-0.0053642043
Warm A,176811,1117,1116,3440,2083,0,-0.010451937
Warm A,362850,2116,2115,3440,2083,1,-0.0012561237
Warm A,109227,714,713,3440,2083,0,-0.007538426
Warm A,93754,629,628,3440,2083,0,0.002996816
Warm A,108664,712,711,3440,2083,0,2.678181e-05
Warm A,86048,563,562,3440,2083,0,-0.008614177
Warm A,81202,541,540,3440,2083,0,0.0039705504
Warm A,70703,476,475,3440,2083,1,0.003386222
Warm A,64924,436,435,3440,2083,0,-0.003425661
Warm A,65252,438,437,3440,2083,0,-0.0011541195
Warm A,41804,284,283,3440,2083,0,-0.004208234
Warm A,38510,262,261,3440,2083,0,-0.00054671685
Warm A,202992,1246,1245,3440,2083,0,-0.008260366
Warm A,40733,273,272,3440,2083,1,-0.008297093
Warm A,626612,3792,3791,3440,2083,0,-0.00018382608
Warm A,33946,229,228,3440,2083,0,0.0069325157
Warm A,54498,355,354,3440,2083,0,-0.0005454732
Warm A,22531,163,162,3440,2083,0,-4.6835747e-05
Warm A,19418,148,147,3440,2083,1,-0.0026761151
Warm A,14504,117,116,3440,2083,0,-0.0010650149
Warm A,13032,101,100,3440,2083,1,-0.0022140427
Warm A,12312,93,92,3440,2083,0,0.0019599376
Warm A,27175,192,191,3440,2083,0,0.004341414
Warm A,10250,73,72,3440,2083,0,-0.0019215909
Warm A,1978,18,17,3440,2083,0,0.0040693097
Warm A,79248,531,530,3440,2083,0,-0.005933823
Warm A,530226,3274,3273,3440,2083,1,-0.0020004585
Warm A,69027,462,461,3440,2083,0,0.0020617647
Warm A,42785,293,292,3440,2083,0,-0.0016765367
Warm A,255470,1556,1555,3440,2083,0,0.009018015
Warm A,237744,1447,1446,3440,2083,0,0.0045065447
Warm A,251834,1524,1523,3440,2083,0,-0.00808195
Warm A,290064,1733,1732,3440,2083,0,-0.0067051686
Warm A,264988,1611,1610,3440,2083,0,0.0061846497
Warm A,599133,3648,3647,3440,2083,0,0.00984353
Warm A,689792,4126,4125,3440,2083,0,0.003353538
Warm A,234842,1425,1424,3440,2083,0,-0.003387353
Warm A,468318,2887,2886,3440,2083,0,-0.0075377026
Warm A,383623,2242,2241,3440,2083,0,0.00050442154
Warm A,629244,3808,3807,3445,2086,0,0.008435567
Warm A,637910,3841,3840,3445,2086,1,0.014539108
Warm A,619464,3754,3753,3445,2086,0,0.01252155
Warm A,611666,3708,3707,3445,2086,0,0.013142414
Warm A,604078,3675,3674,3445,2086,0,0.014895532
Warm A,601879,3660,3659,3445,2086,0,0.011924091
Warm A,601400,3656,3655,3445,2086,1,0.0082370965
Warm A,597050,3627,3626,3445,2086,0,0.006089911
Warm A,869770,5255,5254,3445,2086,1,0.007189912
Warm A,594554,3619,3618,3445,2086,1,0.009152345
Warm A,593595,3618,3617,3445,2086,0,0.025687546
Warm A,590687,3603,3602,3445,2086,1,0.014441801
Warm A,576109,3521,3520,3445,2086,0,0.008511703
Warm A,634780,3829,3828,3445,2086,0,0.0139286425
Warm A,696025,4169,4168,3445,2086,0,0.019912269
Warm A,562050,3458,3457,3445,2086,0,0.0071121966
Warm A,552197,3401,3400,3445,2086,0,0.018556865
Warm A,576987,3526,3525,3445,2086,0,0.012364328
Warm A,645168,3885,3884,3445,2086,1,0.016666235
Warm A,543407,3346,3345,3445,2086,0,0.007583251
Warm A,540964,3328,3327,3445,2086,1,0.009113207
Warm A,532691,3290,3289,3445,2086,0,0.010033439
Warm A,530644,3279,3278,3445,2086,0,0.000426176
Warm A,522367,3224,3223,3445,2086,1,0.008005191
Warm A,518667,3201,3200,3445,2086,0,0.0052445866
Warm A,628564,3807,3806,3445,2086,0,0.0077883927
Warm A,718490,4305,4304,3445,2086,1,0.011411401
Warm A,529554,3272,3271,3445,2086,0,0.020278385
Warm A,463152,2857,2856,3445,2086,0,0.015629347
Warm A,453598,2793,2792,3445,2086,1,0.0153336
Warm A,436267,2665,2664,3445,2086,0,0.023935642
Warm A,430272,2622,2621,3445,2086,1,-0.00079144014
Warm A,428771,2609,2608,3445,2086,1,0.006650833
Warm A,425634,2583,2582,3445,2086,1,0.008005619
Warm A,414493,2496,2495,3445,2086,0,0.008769829
Warm A,464084,2860,2859,3445,2086,1,0.015319303
Warm A,388890,2279,2278,3445,2086,1,0.005878778
Warm A,385563,2254,2253,3445,2086,0,0.0073852027
Warm A,381581,2231,2230,3445,2086,0,0.010135623
Warm A,353678,2072,2071,3445,2086,1,0.012041535
Warm A,352627,2064,2063,3445,2086,0,0.011598435
Warm A,335672,1980,1979,3445,2086,0,0.020781843
Warm A,317296,1887,1886,3445,2086,0,0.0068664667
Warm A,304499,1810,1809,3445,2086,1,0.004007459
Warm A,260355,1592,1591,3445,2086,0,0.009222503
Warm A,250781,1513,1512,3445,2086,1,0.010214596
Warm A,246239,1489,1488,3445,2086,0,0.013970891
Warm A,242691,1465,1464,3445,2086,1,0.019805087
Warm A,218258,1323,1322,3445,2086,0,0.0081753
Warm A,220305,1335,1334,3445,2086,0,0.018563218
Warm A,270805,1639,1638,3445,2086,0,0.013925297
Warm A,278896,1680,1679,3445,2086,0,0.016975434
Warm A,327830,1941,1940,3445,2086,1,0.017749079
Warm A,177488,1119,1118,3445,2086,1,0.014342571
Warm A,165171,1053,1052,3445,2086,0,0.01124871
Warm A,334503,1974,1973,3445,2086,0,0.018257003
Warm A,190657,1181,1180,3445,2086,0,0.019567296
Warm A,157966,1015,1014,3445,2086,0,0.017615791
Warm A,151533,975,974,3445,2086,0,0.0068790447
Warm A,138010,889,888,3445,2086,0,0.013990167
Warm A,131067,850,849,3445,2086,0,0.0070206383
Warm A,315067,1880,1879,3445,2086,0,0.017912414
Warm A,115316,749,748,3445,2086,0,0.010416988
Warm A,324355,1922,1921,3445,2086,0,0.02178613
Warm A,425245,2581,2580,3445,2086,0,0.008597514
Warm A,203468,1248,1247,3445,2086,0,0.00851624
Warm A,316690,1884,1883,3445,2086,1,0.010821491
Warm A,222031,1343,1342,3445,2086,1,0.01175783
Warm A,77334,524,523,3445,2086,0,0.02865707
Warm A,86543,566,565,3445,2086,0,0.014658514
Warm A,76628,520,519,3445,2086,1,0.02546632
Warm A,210746,1285,1284,3445,2086,1,0.022804325
Warm A,47488,319,318,3445,2086,0,0.019933254
Warm A,61808,415,414,3445,2086,0,0.01301666
Warm A,481707,2962,2961,3445,2086,0,0.012040527
Warm A,457780,2820,2819,3445,2086,1,0.018177943
Warm A,744771,4448,4447,3445,2086,0,0.02870838
Warm A,993827,6002,6001,3445,2086,0,0.014564018
Warm A,62733,424,423,3445,2086,0,0.013385737
Warm A,46842,314,313,3447,2087,1,0.005346063
Warm A,32075,216,215,3447,2087,1,0.013491098
Warm A,141901,914,913,3447,2087,1,0.0019817639
Warm A,591841,3610,3609,3447,2087,0,0.005655134
Warm A,293662,1748,1747,3447,2087,0,0.010419652
Warm A,868,10,9,3447,2087,1,0.008901627
Warm A,191799,1182,1181,3447,2087,0,0.005622456
Warm A,846968,5090,5089,3447,2087,1,0.005952539
Warm A,370928,2168,2167,3447,2087,0,0.017939359
Warm A,322208,1912,1911,3447,2087,0,0.017325325
Warm A,841051,5054,5053,3447,2087,0,0.011208087
Warm A,171435,1088,1087,3447,2087,0,0.007051331
Warm A,40904,274,273,3453,2092,0,-0.0052198516
Warm A,27704,194,193,3453,2092,1,-0.0005524722
Warm A,23343,167,166,3453,2092,0,-0.0032032968
Warm A,314340,1877,1876,3453,2092,0,-0.0022312526
Warm A,79260,531,530,3453,2092,0,0.012974766
Warm A,684982,4094,4093,3453,2092,1,0.002589915
Warm A,12840,99,98,3453,2092,0,0.010129457
Warm A,399785,2380,2379,3453,2092,0,0.006721439
Warm A,365462,2127,2126,3453,2092,0,0.0025952472
Warm A,12019,92,91,3453,2092,0,0.008357926
Warm A,882875,5333,5332,3453,2092,0,0.012273791
Warm A,405306,2427,2426,3453,2092,0,0.0058978572
Warm A,110690,721,720,3453,2092,1,-0.0050473735
Warm A,599143,3648,3647,3453,2092,0,-0.0117655415
Warm A,456396,2810,2809,3453,2092,0,0.018288266
Warm A,335686,1980,1979,3453,2092,0,0.014560823
Warm A,351595,2063,2062,3453,2092,1,0.008831948
Warm A,719973,4312,4311,3453,2092,0,0.007137233
Warm A,474457,2911,2910,3453,2092,0,0.006972415
Warm A,434907,2655,2654,3453,2092,0,0.008218094
Warm A,171449,1088,1087,3453,2092,0,-0.0011553223
Warm A,312824,1865,1864,3453,2092,0,0.008225266
Warm A,699614,4186,4185,3453,2092,0,0.0008459403
Warm A,336667,1982,1981,3453,2092,0,0.010617185
Warm A,583319,3562,3561,3453,2092,0,-0.0006222236
Warm A,941345,5682,5681,3453,2092,0,0.0066481484
Warm A,82934,549,548,3453,2092,0,0.0064791753
Warm A,877393,5302,5301,3453,2092,0,0.006825066
Warm A,33958,229,228,3453,2092,1,0.0033659805
Warm A,322218,1912,1911,3456,2093,1,0.0045358352
Warm A,378571,2210,2209,3456,2093,1,0.0058230455
Warm A,208676,1274,1273,3456,2093,1,0.0050982754
Warm A,28198,195,194,3456,2093,1,0.011348098
Warm A,795998,4771,4770,3456,2093,0,0.0073783332
Warm A,252758,1531,1530,3457,2094,0,-0.0034624569
Warm A,250179,1507,1506,3457,2094,1,0.005114605
Warm A,631458,3821,3820,3457,2094,0,0.004917249
Warm A,245191,1480,1479,3457,2094,0,-0.008147078
Warm A,227485,1379,1378,3457,2094,0,0.0043671625
Warm A,337421,1984,1983,3457,2094,0,0.00038567907
Warm A,225214,1362,1361,3457,2094,1,0.0016685756
Warm A,222350,1345,1344,3457,2094,0,0.0022320026
Warm A,212829,1297,1296,3457,2094,1,-0.005610075
Warm A,212241,1292,1291,3457,2094,0,-0.0010596231
Warm A,220307,1335,1334,3457,2094,0,0.006455375
Warm A,203416,1247,1246,3457,2094,0,0.0012687084
Warm A,250342,1509,1508,3457,2094,0,-0.0035147995
Warm A,200199,1229,1228,3457,2094,0,-0.0025916542
Warm A,216911,1317,1316,3457,2094,0,0.00016216142
Warm A,278917,1680,1679,3457,2094,1,-0.0021201987
Warm A,189806,1177,1176,3457,2094,0,0.00011907017
Warm A,189301,1173,1172,3457,2094,0,0.009566269
Warm A,166383,1059,1058,3457,2094,0,0.0012751208
Warm A,190674,1181,1180,3457,2094,0,-0.010117557
Warm A,362865,2116,2115,3457,2094,0,0.00614338
Warm A,157979,1015,1014,3457,2094,0,0.00076262257
Warm A,150501,970,969,3457,2094,0,0.0044290707
Warm A,150032,966,965,3457,2094,0,-0.0007679538
Warm A,246243,1489,1488,3457,2094,0,0.00782886
Warm A,148695,957,956,3457,2094,1,0.0041814717
Warm A,194554,1201,1200,3457,2094,1,0.0025390955
Warm A,812279,4875,4874,3457,2094,0,0.0019145057
Warm A,138028,889,888,3457,2094,0,0.0045200256
Warm A,315072,1880,1879,3457,2094,0,0.0034293071
Warm A,128925,838,837,3457,2094,1,-0.009068268
Warm A,128280,830,829,3457,2094,1,0.0053869416
Warm A,126008,812,811,3457,2094,0,0.0028806084
Warm A,125738,809,808,3457,2094,0,-0.0011583411
Warm A,132355,855,854,3457,2094,0,-0.0059916284
Warm A,187563,1164,1163,3457,2094,1,-0.00087233837
Warm A,113554,736,735,3457,2094,0,-0.0025761193
Warm A,104818,695,694,3457,2094,0,0.0027142873
Warm A,270808,1639,1638,3457,2094,1,0.0007991779
Warm A,805646,4823,4822,3457,2094,0,0.0007275182
Warm A,228131,1383,1382,3457,2094,0,-0.004437524
Warm A,86053,563,562,3457,2094,1,0.0014238317
Warm A,681939,4084,4083,3457,2094,1,0.009326127
Warm A,181919,1137,1136,3457,2094,1,0.00022321776
Warm A,49817,330,329,3457,2094,1,0.0019433891
Warm A,43379,298,297,3457,2094,0,-0.0022533606
Warm A,43950,301,300,3457,2094,1,0.004501867
Warm A,332572,1962,1961,3457,2094,0,0.0037810958
Warm A,33517,225,224,3457,2094,1,0.000934548
Warm A,32633,220,219,3457,2094,0,0.002109839
Warm A,29886,202,201,3457,2094,0,-0.002338492
Warm A,365176,2125,2124,3457,2094,1,0.0033284305
Warm A,270627,1638,1637,3457,2094,1,0.005288053
Warm A,314343,1877,1876,3457,2094,0,0.0022487778
Warm A,554758,3412,3411,3457,2094,0,0.0015798628
Warm A,1770,17,16,3457,2094,0,0.0048793885
Warm A,203649,1252,1251,3457,2094,1,0.005194012
Warm A,882876,5333,5332,3457,2094,1,-0.002068418
Warm A,637531,3840,3839,3457,2094,0,0.0014879955
Warm A,44546,302,301,3457,2094,0,0.00021650968
Warm A,712868,4277,4276,3457,2094,1,-0.00025837612
Warm A,873917,5277,5276,3457,2094,0,0.0037648366
Warm A,733358,4386,4385,3457,2094,1,0.0012896939
Warm A,750374,4478,4477,3457,2094,0,0.00366621
Warm A,777703,4647,4646,3457,2094,0,-0.0042943675
Warm A,204490,1260,1259,3457,2094,0,-0.0052453894
Warm A,164406,1051,1050,3457,2094,0,0.0016433784
Warm A,500445,3074,3073,3457,2094,1,-0.0036787759
Warm A,405308,2427,2426,3457,2094,1,0.002836794
Warm A,760120,4517,4516,3457,2094,1,0.0016952779
Warm A,27206,192,191,3457,2094,1,0.002999606
Warm A,116039,752,751,3457,2094,1,0.0045706183
Warm A,50188,331,330,3457,2094,0,0.002086598
Warm A,960249,5792,5791,3457,2094,0,-0.00017113285
Warm A,475439,2918,2917,3457,2094,1,0.00042872375
Warm A,171451,1088,1087,3457,2094,1,0.006427097
Warm A,312825,1865,1864,3457,2094,1,0.005250744
Warm A,79261,531,530,3457,2094,0,-0.0051177996
Warm A,699615,4186,4185,3457,2094,0,0.008866068
Warm A,202998,1246,1245,3457,2094,0,-0.005382763
Warm A,62749,424,423,3457,2094,1,-0.0012805655
Warm A,102099,678,677,3459,2095,1,0.012931712
Warm A,241079,1451,1450,3459,2095,0,0.0069194157
Warm A,184325,1147,1146,3470,2102,1,0.0036547547
Warm A,308510,1837,1836,3470,2102,0,0.019855767
Warm A,173199,1098,1097,3470,2102,1,0.008972485
Warm A,151540,975,974,3470,2102,1,0.011836216
Warm A,199364,1224,1223,3470,2102,1,0.007328818
Warm A,140426,900,899,3470,2102,1,0.0026678946
Warm A,436304,2665,2664,3470,2102,0,0.016501687
Warm A,138064,889,888,3470,2102,1,0.010683514
Warm A,318913,1896,1895,3470,2102,0,0.011455712
Warm A,134861,872,871,3470,2102,1,0.008407045
Warm A,130485,846,845,3470,2102,1,0.00439284
Warm A,105082,696,695,3470,2102,1,0.0026990576
Warm A,233363,1420,1419,3470,2102,1,0.014912989
Warm A,84023,550,549,3470,2102,1,0.014625979
Warm A,75324,511,510,3470,2102,1,0.009903416
Warm A,66348,444,443,3470,2102,1,0.009498689
Warm A,67731,454,453,3470,2102,1,0.0027978895
Warm A,54811,358,357,3470,2102,1,0.004576586
Warm A,48857,327,326,3470,2102,1,0.006178505
Warm A,30840,205,204,3470,2102,1,0.0040910523
Warm A,21164,155,154,3470,2102,1,-0.0012431256
Warm A,573474,3512,3511,3470,2102,1,0.015086226
Warm A,460611,2841,2840,3470,2102,1,0.0103715025
Warm A,100538,671,670,3470,2102,1,0.010578198
Warm A,24406,173,172,3470,2102,1,0.0032507516
Warm A,522395,3224,3223,3470,2102,1,0.004086815
Warm A,923895,5580,5579,3470,2102,1,0.004226838
Warm A,319246,1897,1896,3470,2102,0,0.014819355
Warm A,197282,1211,1210,3470,2102,1,0.0120923715
Warm A,175988,1113,1112,3470,2102,1,0.007352378
Warm A,895389,5412,5411,3470,2102,1,0.0030641877
Warm A,223036,1352,1351,3470,2102,1,0.0070570162
Warm A,696084,4169,4168,3475,2104,1,0.010077017
Warm A,462531,2854,2853,3475,2104,1,0.0038155066
Warm A,457800,2820,2819,3475,2104,1,0.0051873457
Warm A,454887,2798,2797,3475,2104,1,0.013925051
Warm A,420904,2544,2543,3475,2104,1,0.010141427
Warm A,419168,2531,2530,3475,2104,1,0.0020976975
Warm A,417255,2512,2511,3475,2104,1,0.010855931
Warm A,416054,2506,2505,3475,2104,1,-0.0030751904
Warm A,416491,2507,2506,3475,2104,0,0.0031667012
Warm A,464095,2860,2859,3475,2104,1,0.0039945194
Warm A,389931,2288,2287,3475,2104,0,0.0071223136
Warm A,384065,2244,2243,3475,2104,1,0.005878968
Warm A,364680,2124,2123,3475,2104,1,0.0108295325
Warm A,364126,2121,2120,3475,2104,0,0.0027068637
Warm A,354017,2073,2072,3475,2104,1,0.011937871
Warm A,347321,2038,2037,3475,2104,1,0.0049447496
Warm A,335715,1980,1979,3475,2104,1,0.015049991
Warm A,323118,1916,1915,3475,2104,1,0.0026007318
Warm A,316713,1884,1883,3475,2104,1,6.329623e-05
Warm A,286465,1711,1710,3475,2104,0,-0.00026157522
Warm A,292231,1741,1740,3475,2104,1,0.008979318
Warm A,268916,1632,1631,3475,2104,0,0.00373494
Warm A,346138,2030,2029,3475,2104,1,0.0056716716
Warm A,242715,1465,1464,3475,2104,1,0.009481439
Warm A,217965,1322,1321,3475,2104,1,0.0076107187
Warm A,211763,1288,1287,3475,2104,0,0.001486062
Warm A,192978,1191,1190,3475,2104,1,0.00293334
Warm A,338052,1988,1987,3475,2104,1,0.008722334
Warm A,189882,1178,1177,3475,2104,1,-0.000714145
Warm A,218260,1323,1322,3475,2104,0,0.008527212
Warm A,188558,1170,1169,3475,2104,1,0.0069169397
Warm A,184326,1147,1146,3475,2104,1,0.00021086214
Warm A,316205,1883,1882,3475,2104,0,0.0031712833
Warm A,182735,1140,1139,3475,2104,0,0.008874634
Warm A,180982,1131,1130,3475,2104,1,-0.0065284194
Warm A,169092,1073,1072,3475,2104,1,-3.1008152e-05
Warm A,327892,1941,1940,3475,2104,1,0.008881274
Warm A,159967,1019,1018,3475,2104,0,0.008123888
Warm A,158005,1015,1014,3475,2104,1,0.0040769503
Warm A,146896,948,947,3475,2104,0,-0.0022093707
Warm A,185111,1150,1149,3475,2104,0,0.011255408
Warm A,142933,922,921,3475,2104,1,0.0035569726
Warm A,140210,899,898,3475,2104,1,0.004940885
Warm A,138074,889,888,3475,2104,1,0.00527276
Warm A,318914,1896,1895,3475,2104,1,0.009678707
Warm A,131083,850,849,3475,2104,1,0.0097044995
Warm A,322235,1912,1911,3475,2104,1,0.008021882
Warm A,118679,767,766,3475,2104,1,-0.007062889
Warm A,117822,759,758,3475,2104,0,0.0098570185
Warm A,187574,1164,1163,3475,2104,1,-0.0010438289
Warm A,239895,1449,1448,3475,2104,1,0.0074375207
Warm A,115667,750,749,3475,2104,1,-0.0032164087
Warm A,69466,466,465,3475,2104,1,0.0062762033
Warm A,71919,482,481,3475,2104,0,0.01548619
Warm A,58543,396,395,3475,2104,0,0.009341812
Warm A,48863,327,326,3475,2104,1,0.004028732
Warm A,67003,451,450,3475,2104,1,0.00398602
Warm A,46866,314,313,3475,2104,0,-0.00091642863
Warm A,42539,291,290,3475,2104,0,0.00793941
Warm A,23745,169,168,3475,2104,1,0.0077795954
Warm A,462008,2849,2848,3475,2104,1,0.0125778
Warm A,89204,588,587,3475,2104,0,0.009482648
Warm A,408122,2453,2452,3475,2104,1,0.0006017459
Warm A,192685,1186,1185,3475,2104,1,0.0045131696
Warm A,284801,1699,1698,3475,2104,1,0.0107181985
Warm A,128153,829,828,3475,2104,1,0.0060052318
Warm A,922813,5573,5572,3475,2104,0,0.011818988
Warm A,607663,3688,3687,3475,2104,1,0.004861345
Warm A,171473,1088,1087,3475,2104,1,-0.0068900697
Warm A,24409,173,172,3475,2104,1,0.0044605494
Warm A,339138,1998,1997,3475,2104,1,0.010344595
Warm A,208689,1274,1273,3475,2104,1,0.0025336258
Warm A,491173,3020,3019,3475,2104,1,0.0011046329
Warm A,62772,424,423,3475,2104,1,0.010177229
Warm A,569110,3491,3490,3480,2109,1,-0.00458265
Warm A,593651,3618,3617,3480,2109,0,-0.010533594
Warm A,573485,3512,3511,3480,2109,0,-0.0073487787
Warm A,549973,3391,3390,3480,2109,1,-0.009708038
Warm A,645198,3885,3884,3480,2109,0,-0.0010752663
Warm A,544659,3358,3357,3480,2109,1,-0.0062181083
Warm A,539827,3320,3319,3480,2109,0,0.00022665109
Warm A,526712,3259,3258,3480,2109,1,-0.0017573661
Warm A,575247,3519,3518,3480,2109,0,0.00097266736
Warm A,522410,3224,3223,3480,2109,1,-0.0018712621
Warm A,816047,4899,4898,3480,2109,1,-0.0005139222
Warm A,528902,3270,3269,3480,2109,0,0.005010714
Warm A,493991,3032,3031,3480,2109,1,-0.0028895084
Warm A,493325,3031,3030,3480,2109,1,0.0038212608
Warm A,738111,4411,4410,3480,2109,1,-0.005548273
Warm A,490670,3018,3017,3480,2109,0,-0.0013725818
Warm A,457310,2818,2817,3480,2109,1,0.0030367328
Warm A,450746,2777,2776,3480,2109,1,-0.00072064577
Warm A,564310,3471,3470,3480,2109,0,-0.01172942
Warm A,436314,2665,2664,3480,2109,1,-0.0069954237
Warm A,433137,2641,2640,3480,2109,1,-0.0049678404
Warm A,403983,2414,2413,3480,2109,1,-0.0026224826
Warm A,400340,2383,2382,3480,2109,1,0.004226486
Warm A,382268,2233,2232,3480,2109,0,-0.0007483894
Warm A,369854,2164,2163,3480,2109,1,-0.0042938204
Warm A,364684,2124,2123,3480,2109,1,-0.003938265
Warm A,360001,2105,2104,3480,2109,0,-0.0013163206
Warm A,330275,1949,1948,3480,2109,0,-0.004490721
Warm A,307983,1836,1835,3480,2109,1,-0.0068554888
Warm A,290905,1736,1735,3480,2109,1,-0.00228072
Warm A,292867,1744,1743,3480,2109,0,-0.0008049831
Warm A,280451,1683,1682,3480,2109,1,0.0036623888
Warm A,278972,1680,1679,3480,2109,1,-0.0015738376
Warm A,268923,1632,1631,3480,2109,0,0.0019354261
Warm A,259399,1587,1586,3480,2109,0,-0.0022515063
Warm A,251849,1524,1523,3480,2109,1,0.00064033933
Warm A,244410,1472,1471,3480,2109,0,-7.917732e-05
Warm A,251422,1519,1518,3480,2109,1,0.0017027442
Warm A,296402,1758,1757,3480,2109,1,-0.013130917
Warm A,205721,1264,1263,3480,2109,0,-0.0015238634
Warm A,213382,1298,1297,3480,2109,1,-0.0038003027
Warm A,196961,1209,1208,3480,2109,1,-0.012632554
Warm A,179060,1124,1123,3480,2109,1,-0.0019690124
Warm A,167782,1068,1067,3480,2109,0,-0.0053363573
Warm A,214758,1303,1302,3480,2109,0,-0.0025600048
Warm A,164433,1051,1050,3480,2109,1,-0.0033880773
Warm A,142708,921,920,3480,2109,0,-0.004399257
Warm A,331493,1958,1957,3480,2109,1,0.00046868715
Warm A,126192,815,814,3480,2109,0,-0.0015602174
Warm A,124462,801,800,3480,2109,0,-0.014517783
Warm A,116075,752,751,3480,2109,0,-0.0002751539
Warm A,111848,728,727,3480,2109,1,-0.0017254669
Warm A,272114,1645,1644,3480,2109,1,-0.00022008654
Warm A,263184,1605,1604,3480,2109,1,-0.00875778
Warm A,101331,676,675,3480,2109,1,0.009019139
Warm A,98406,659,658,3480,2109,1,-0.0023338697
Warm A,94157,631,630,3480,2109,1,0.0020263626
Warm A,360656,2106,2105,3480,2109,0,-0.006570955
Warm A,238782,1448,1447,3480,2109,0,-0.009270297
Warm A,77374,524,523,3480,2109,1,-0.008399623
Warm A,308526,1837,1836,3480,2109,1,0.0040361397
Warm A,239909,1449,1448,3480,2109,0,-0.02001518
Warm A,53874,352,351,3480,2109,1,-0.0061905747
Warm A,49825,330,329,3480,2109,1,0.0036262604
Warm A,132377,855,854,3480,2109,1,-0.0061906655
Warm A,317627,1889,1888,3480,2109,1,0.0021289936
Warm A,41015,275,274,3480,2109,1,-0.0029103104
Warm A,537838,3312,3311,3480,2109,0,-0.0032392794
Warm A,54556,355,354,3480,2109,1,-0.005368904
Warm A,33555,225,224,3480,2109,1,0.0032824937
Warm A,26156,186,185,3480,2109,0,0.005095915
Warm A,25358,179,178,3480,2109,0,-0.0030754237
Warm A,23766,169,168,3480,2109,1,-0.008579161
Warm A,23166,166,165,3480,2109,0,-0.009245556
Warm A,14570,117,116,3480,2109,0,-0.006022677
Warm A,65993,442,441,3480,2109,1,-4.453142e-05
Warm A,18758,146,145,3480,2109,1,-0.0027358837
Warm A,432631,2638,2637,3480,2109,1,-0.00059146667
Warm A,60801,411,410,3480,2109,0,0.0010892659
Warm A,327904,1941,1940,3480,2109,0,-0.00018462026
Warm A,963971,5812,5811,3480,2109,0,-0.0059158225
Warm A,5155,36,35,3480,2109,1,-0.008157399
Warm A,79288,531,530,3480,2109,0,-0.004786841
Warm A,335730,1980,1979,3480,2109,1,-0.009011127
Warm A,343593,2018,2017,3480,2109,1,-0.0014637929
Warm A,204508,1260,1259,3480,2109,1,-0.0057375412
Warm A,111625,727,726,3480,2109,0,0.00414601
Warm A,322245,1912,1911,3480,2109,0,-0.0014111843
Warm A,62785,424,423,3480,2109,1,-0.0053308755
Warm A,241104,1451,1450,3480,2109,1,-0.0031930753
Warm A,193566,1194,1193,3480,2109,0,0.0022718462
Warm A,709725,4258,4257,3480,2109,1,0.0036057122
Warm A,562505,3462,3461,3480,2109,0,0.008676887
Warm A,974270,5878,5877,3480,2109,1,-0.0020251502
Warm A,234882,1425,1424,3480,2109,1,-0.0014281182
Warm A,529088,3271,3270,3483,2111,1,-0.0020183632
Warm A,525461,3245,3244,3483,2111,0,0.0021600635
Warm A,519449,3205,3204,3483,2111,0,0.010214547
Warm A,511302,3154,3153,3483,2111,1,0.007165809
Warm A,506630,3118,3117,3483,2111,0,0.00949249
Warm A,504395,3101,3100,3483,2111,0,0.010168915
Warm A,502858,3087,3086,3483,2111,1,0.014610818
Warm A,478758,2938,2937,3483,2111,0,0.0021848392
Warm A,457160,2817,2816,3483,2111,1,0.00835534
Warm A,444953,2744,2743,3483,2111,0,0.0060148947
Warm A,444599,2743,2742,3483,2111,0,-0.0037144944
Warm A,372807,2177,2176,3483,2111,0,0.013546505
Warm A,365185,2125,2124,3483,2111,1,0.013481396
Warm A,345785,2029,2028,3483,2111,0,0.00390339
Warm A,331109,1956,1955,3483,2111,0,0.0057797018
Warm A,237155,1442,1441,3483,2111,0,0.0033303474
Warm A,224850,1359,1358,3483,2111,0,0.0034121592
Warm A,284040,1698,1697,3483,2111,1,0.0047185416
Warm A,222732,1348,1347,3483,2111,1,-0.0027455734
Warm A,188740,1171,1170,3483,2111,1,-0.0056184926
Warm A,201122,1241,1240,3483,2111,1,0.010293033
Warm A,326543,1935,1934,3483,2111,0,-0.0006579994
Warm A,175437,1112,1111,3483,2111,0,0.0065916693
Warm A,165756,1057,1056,3483,2111,0,0.009842513
Warm A,162241,1034,1033,3483,2111,1,0.0045397533
Warm A,150516,970,969,3483,2111,1,0.010686878
Warm A,148706,957,956,3483,2111,0,0.0051160245
Warm A,146081,939,938,3483,2111,0,-0.001410896
Warm A,143510,926,925,3483,2111,1,0.0026836242
Warm A,379895,2222,2221,3483,2111,0,0.0063090203
Warm A,973748,5874,5873,3483,2111,0,0.0075668353
Warm A,134161,869,868,3483,2111,1,0.004040957
Warm A,228761,1386,1385,3483,2111,0,0.0033433912
Warm A,121072,780,779,3483,2111,0,0.011280491
Warm A,179521,1125,1124,3483,2111,0,0.004681714
Warm A,93764,629,628,3483,2111,1,0.0010944887
Warm A,85134,555,554,3483,2111,0,-0.00024226913
Warm A,84037,550,549,3483,2111,1,0.011174874
Warm A,72755,490,489,3483,2111,0,-0.0036647671
Warm A,102126,678,677,3483,2111,0,0.013570374
Warm A,23771,169,168,3483,2111,1,-0.0005490276
Warm A,362910,2116,2115,3483,2111,0,0.004995606
Warm A,314351,1877,1876,3483,2111,0,-0.0032138086
Warm A,15050,119,118,3483,2111,0,0.0023446647
Warm A,10872,79,78,3483,2111,0,0.009651942
Warm A,10531,75,74,3483,2111,1,0.0039065317
Warm A,7242,50,49,3483,2111,0,0.0020547397
Warm A,6912,48,47,3483,2111,0,0.0061360025
Warm A,540511,3326,3325,3483,2111,1,0.0029147384
Warm A,142166,918,917,3483,2111,0,0.0024734978
Warm A,353446,2071,2070,3483,2111,0,-0.0046314932
Warm A,171485,1088,1087,3483,2111,0,-0.006560581
Warm A,285243,1701,1700,3483,2111,0,0.0073055783
Warm A,239913,1449,1448,3483,2111,0,0.008980389
Warm A,194011,1195,1194,3483,2111,0,0.0055992743
Warm A,143644,927,926,3483,2111,0,0.010414323
Warm A,584981,3571,3570,3483,2111,1,-0.0040697916
Warm A,18760,146,145,3483,2111,1,0.004017933
Warm A,176843,1117,1116,3483,2111,1,0.008266332
Warm A,341138,2011,2010,3483,2111,1,0.004430865
Warm A,119141,770,769,3483,2111,0,0.0028005727
Warm A,846597,5087,5086,3483,2111,0,0.0030556154
Warm A,512096,3159,3158,3483,2111,0,0.009358782
Warm A,223458,1354,1353,3483,2111,1,0.005721025
Warm A,339142,1998,1997,3483,2111,1,0.004397222
Warm A,183520,1142,1141,3483,2111,0,0.005136108
Warm A,386031,2258,2257,3483,2111,0,0.0055190343
Warm A,934721,5643,5642,3483,2111,1,0.009243411
Warm A,109758,716,715,3483,2111,1,0.00756767
Warm A,521728,3219,3218,3483,2111,0,0.005796063
Warm A,365708,2129,2128,3483,2111,0,-0.0018450669
Warm A,707781,4241,4240,3483,2111,1,0.006060131
Warm A,882084,5329,5328,3483,2111,1,0.007974838
Warm A,30570,204,203,3483,2111,1,0.0075148535
Warm A,744805,4448,4447,3483,2111,1,0.014127553
Warm A,234005,1422,1421,3483,2111,0,0.007512354
Warm A,12066,92,91,3483,2111,1,0.0018674501
Warm A,567381,3483,3482,3483,2111,1,0.018311406
Warm A,712914,4277,4276,3483,2111,0,0.010512086
Warm A,195353,1203,1202,3483,2111,0,-0.0008355649
Warm A,28860,198,197,3483,2111,0,0.009967163
Warm A,917246,5543,5542,3483,2111,1,0.0066201454
Warm A,360658,2106,2105,3483,2111,0,0.005692002
Warm A,465122,2868,2867,3483,2111,0,0.0011478143
Warm A,429096,2611,2610,3483,2111,1,0.0068853963
Warm A,511818,3158,3157,3483,2111,0,0.008266613
Warm A,79291,531,530,3483,2111,0,0.004403922
Warm A,110723,721,720,3483,2111,0,0.0029523654
Warm A,829938,4983,4982,3483,2111,1,0.01124758
Warm A,768672,4579,4578,3483,2111,0,-0.0005395332
Warm A,484300,2980,2979,3483,2111,0,0.0059236055
Warm A,351652,2063,2062,3483,2111,0,0.0069033494
Warm A,730546,4371,4370,3483,2111,0,0.009100875
Warm A,418581,2529,2528,3483,2111,0,0.00891074
Warm A,187038,1160,1159,3483,2111,0,-0.0010002726
Warm A,682336,4085,4084,3483,2111,1,0.0035447818
Warm A,206300,1265,1264,3483,2111,0,-0.0042040725
Warm A,136445,881,880,3483,2111,0,0.010552837
Warm A,427330,2594,2593,3483,2111,1,0.0038002646
Warm A,561536,3454,3453,3483,2111,0,-0.0011505261
Warm A,376350,2195,2194,3483,2111,0,0.00035719294
Warm A,926124,5598,5597,3483,2111,0,0.0019658743
Warm A,327907,1941,1940,3483,2111,0,0.014124265
Warm A,537841,3312,3311,3483,2111,0,0.0047237985
Warm A,295603,1755,1754,3483,2111,0,0.00013691187
Warm A,895392,5412,5411,3483,2111,1,-0.007191059
Warm A,381972,2232,2231,3483,2111,1,0.003094868
Warm A,434274,2648,2647,3483,2111,0,-0.0008449934
Warm A,113107,734,733,3487,2113,1,0.007596617
Warm A,95389,639,638,3487,2113,1,0.014158314
Warm A,68646,461,460,3487,2113,0,0.012562593
Warm A,56900,384,383,3487,2113,0,9.666954e-05
Warm A,696107,4169,4168,3487,2113,0,0.023468144
Warm A,36583,245,244,3487,2113,1,0.014625156
Warm A,552238,3401,3400,3487,2113,1,0.009449433
Warm A,141454,911,910,3487,2113,1,0.019823099
Warm A,82992,549,548,3491,2115,1,0.015531094
Warm A,36609,245,244,3491,2115,0,0.0071458905
Warm A,238795,1448,1447,3491,2115,1,0.0063257404
Warm A,14587,117,116,3491,2115,1,0.012348486
Warm A,102139,678,677,3491,2115,1,0.010496081
Warm A,933411,5636,5635,3491,2115,0,0.001932451
Warm A,231624,1404,1403,3497,2117,0,0.0071340557
Warm A,269860,1635,1634,3497,2117,0,0.011947218
Warm A,335756,1980,1979,3497,2117,0,0.01312411
Warm A,217975,1322,1321,3497,2117,0,0.0062664803
Warm A,220826,1339,1338,3497,2117,0,0.010045535
Warm A,360685,2106,2105,3497,2117,0,0.0032207358
Warm A,205098,1262,1261,3497,2117,0,0.0030988473
Warm A,307988,1836,1835,3497,2117,1,0.0070813242
Warm A,243861,1470,1469,3497,2117,0,0.012020005
Warm A,279018,1680,1679,3497,2117,1,0.0056104427
Warm A,308539,1837,1836,3497,2117,1,0.01061437
Warm A,327940,1941,1940,3497,2117,0,0.009341358
Warm A,185144,1150,1149,3497,2117,0,0.01787036
Warm A,141164,910,909,3497,2117,1,0.0099412035
Warm A,124832,802,801,3497,2117,1,0.01554811
Warm A,141459,911,910,3497,2117,1,0.020101618
Warm A,190757,1181,1180,3497,2117,0,0.005040941
Warm A,82997,549,548,3497,2117,1,0.01885743
Warm A,68654,461,460,3497,2117,0,0.010492219
Warm A,239935,1449,1448,3497,2117,0,0.01799079
Warm A,43670,300,299,3497,2117,1,0.014825439
Warm A,626688,3792,3791,3497,2117,0,0.007995868
Warm A,23797,169,168,3497,2117,1,0.014295995
Warm A,21631,157,156,3497,2117,0,0.015740203
Warm A,238800,1448,1447,3497,2117,0,0.01518138
Warm A,144107,929,928,3497,2117,0,0.0121764615
Warm A,15703,123,122,3497,2117,1,0.013476691
Warm A,102143,678,677,3497,2117,0,0.010128774
Warm A,680598,4079,4078,3497,2117,0,0.0066263927
Warm A,963983,5812,5811,3497,2117,0,0.0070857997
Warm A,144860,934,933,3497,2117,0,0.011704802
Warm A,206312,1265,1264,3497,2117,0,0.0073104445
Warm A,293695,1748,1747,3497,2117,0,-0.00046060188
Warm A,699634,4186,4185,3497,2117,0,0.008611443
Warm A,300292,1780,1779,3497,2117,0,0.0072365943
Warm A,857817,5156,5155,3497,2117,1,0.007927937
Warm A,620498,3759,3758,3500,2120,0,0.0015736241
Warm A,670372,4028,4027,3500,2120,0,-0.0029822786
Warm A,614865,3724,3723,3500,2120,0,-0.0027656583
Warm A,611260,3705,3704,3500,2120,0,0.008632591
Warm A,604390,3675,3674,3500,2120,0,0.008106105
Warm A,637037,3836,3835,3500,2120,0,0.0030514263
Warm A,725450,4344,4343,3500,2120,0,-0.0003431533
Warm A,596744,3626,3625,3500,2120,1,0.008418893
Warm A,588561,3590,3589,3500,2120,1,0.009191867
Warm A,580596,3546,3545,3500,2120,0,0.001631977
Warm A,644239,3882,3881,3500,2120,1,-0.0053977156
Warm A,594101,3618,3617,3500,2120,0,0.013580385
Warm A,560379,3444,3443,3500,2120,0,-0.0031336877
Warm A,557804,3425,3424,3500,2120,0,0.0065851687
Warm A,556964,3422,3421,3500,2120,0,0.0048090084
Warm A,577361,3526,3525,3500,2120,0,-0.0072132708
Warm A,545778,3365,3364,3500,2120,0,0.012689411
Warm A,536149,3308,3307,3500,2120,0,0.0063724024
Warm A,533485,3292,3291,3500,2120,0,-0.0003810014
Warm A,531171,3280,3279,3500,2120,0,-0.006059006
Warm A,525674,3246,3245,3500,2120,0,-0.0055555594
Warm A,539998,3320,3319,3500,2120,0,0.01377465
Warm A,502218,3082,3081,3500,2120,0,0.004634546
Warm A,550377,3391,3390,3500,2120,1,0.0073364275
Warm A,493495,3031,3030,3500,2120,0,0.0037933625
Warm A,600179,3650,3649,3500,2120,0,0.008278456
Warm A,485190,2986,2985,3500,2120,0,-0.0035425138
Warm A,870182,5256,5255,3500,2120,0,-0.005060785
Warm A,455898,2807,2806,3500,2120,0,0.0049838587
Warm A,451623,2780,2779,3500,2120,0,-0.00092632
Warm A,451053,2777,2776,3500,2120,0,0.007934999
Warm A,446933,2753,2752,3500,2120,0,0.0027988695
Warm A,443907,2737,2736,3500,2120,0,0.009906257
Warm A,442454,2724,2723,3500,2120,0,0.010003633
Warm A,406739,2443,2442,3500,2120,0,-0.0006680455
Warm A,464260,2860,2859,3500,2120,0,0.0053016488
Warm A,404646,2419,2418,3500,2120,0,0.010110716
Warm A,399181,2376,2375,3500,2120,0,0.0041279434
Warm A,398299,2368,2367,3500,2120,0,0.0030438965
Warm A,395942,2340,2339,3500,2120,0,-0.0033995034
Warm A,392381,2304,2303,3500,2120,1,0.005295894
Warm A,436589,2665,2664,3500,2120,0,0.0031667082
Warm A,370011,2164,2163,3500,2120,0,0.010341413
Warm A,349941,2054,2053,3500,2120,0,0.007457047
Warm A,345646,2027,2026,3500,2120,1,0.0064440705
Warm A,345158,2024,2023,3500,2120,0,-0.0014114573
Warm A,343710,2018,2017,3500,2120,0,0.009442601
Warm A,345860,2029,2028,3500,2120,0,0.0009219106
Warm A,275192,1666,1665,3500,2120,0,0.0044305045
Warm A,282713,1694,1693,3500,2120,0,0.004857858
Warm A,265931,1613,1612,3500,2120,0,-0.00070866547
Warm A,336153,1980,1979,3500,2120,0,0.015768835
Warm A,213011,1297,1296,3500,2120,0,0.0011410271
Warm A,279632,1680,1679,3500,2120,0,0.006981444
Warm A,213589,1298,1297,3500,2120,0,-0.0066439584
Warm A,192424,1184,1183,3500,2120,0,0.0013071038
Warm A,199564,1224,1223,3500,2120,1,-0.0017676945
Warm A,178265,1120,1119,3500,2120,1,0.012846143
Warm A,168582,1069,1068,3500,2120,0,-0.0056299204
Warm A,163951,1050,1049,3500,2120,0,0.008117786
Warm A,366237,2131,2130,3500,2120,0,0.0058020987
Warm A,157072,1010,1009,3500,2120,0,0.011248886
Warm A,136765,881,880,3500,2120,0,0.006582903
Warm A,132018,854,853,3500,2120,0,0.010196939
Warm A,248931,1501,1500,3500,2120,0,0.0073238006
Warm A,352119,2063,2062,3500,2120,0,-0.005662748
Warm A,160252,1019,1018,3500,2120,0,0.0037736394
Warm A,121571,781,780,3500,2120,0,0.010655876
Warm A,111903,728,727,3500,2120,1,-0.011769764
Warm A,112603,731,730,3500,2120,1,-0.0028475681
Warm A,106212,699,698,3500,2120,0,-0.01403128
Warm A,100249,669,668,3500,2120,0,-0.0048166243
Warm A,127343,822,821,3500,2120,0,0.009165818
Warm A,88890,587,586,3500,2120,0,-0.0020501819
Warm A,86749,566,565,3500,2120,1,0.0019094467
Warm A,191211,1181,1180,3500,2120,0,-0.0042372528
Warm A,83353,549,548,3500,2120,0,0.008592718
Warm A,234254,1422,1421,3500,2120,0,-0.0044746716
Warm A,239147,1448,1447,3500,2120,0,0.0046237432
Warm A,406161,2436,2435,3500,2120,1,0.0026205005
Warm A,84364,550,549,3500,2120,0,0.006239282
Warm A,72209,482,481,3500,2120,0,0.0009440647
Warm A,71581,481,480,3500,2120,0,-0.0053672427
Warm A,626944,3792,3791,3500,2120,0,0.007571009
Warm A,54995,362,361,3500,2120,1,0.0115532875
Warm A,228416,1383,1382,3500,2120,0,0.0055724178
Warm A,53721,352,351,3500,2120,1,0.0046023577
Warm A,288636,1724,1723,3500,2120,1,0.003255885
Warm A,46969,315,314,3500,2120,0,0.005809598
Warm A,44991,303,302,3500,2120,0,0.0047944523
Warm A,61279,412,411,3500,2120,1,0.0031212633
Warm A,696538,4169,4168,3500,2120,0,0.0059878705
Warm A,31364,212,211,3500,2120,1,-0.00045683817
Warm A,29814,202,201,3500,2120,0,-0.0013051762
Warm A,29185,199,198,3500,2120,1,-0.00012444775
Warm A,26411,187,186,3500,2120,1,-0.0014929195
Warm A,537340,3311,3310,3500,2120,0,0.0021973192
Warm A,21152,155,154,3500,2120,1,5.6213e-05
Warm A,133663,864,863,3500,2120,0,-0.0051283697
Warm A,7698,53,52,3500,2120,0,-0.005587507
Warm A,30494,204,203,3500,2120,0,-0.0053609703
Warm A,3385,26,25,3500,2120,0,0.0006742079
Warm A,818,10,9,3500,2120,1,0.0003628186
Warm A,568,8,7,3500,2120,0,0.004295358
Warm A,223677,1354,1353,3500,2120,0,-0.0030061684
Warm A,207015,1266,1265,3500,2120,0,0.0043576364
Warm A,158446,1015,1014,3500,2120,0,0.010026586
Warm A,285670,1702,1701,3500,2120,1,-0.0031582136
Warm A,879085,5312,5311,3500,2120,1,0.009417781
Warm A,476428,2926,2925,3500,2120,0,0.006819224
Warm A,215629,1306,1305,3500,2120,1,0.0072107594
Warm A,63171,424,423,3500,2120,1,0.00658084
Warm A,355055,2077,2076,3500,2120,0,-0.007286719
Warm A,713228,4277,4276,3500,2120,0,0.011913967
Warm A,519247,3203,3202,3500,2120,1,0.0049886703
Warm A,141606,911,910,3500,2120,0,0.0021456883
Warm A,860132,5172,5171,3500,2120,0,0.0024517563
Warm A,132582,855,854,3502,2122,0,0.0016511038
Warm A,47453,319,318,3502,2122,1,0.004167378
Warm A,360967,2106,2105,3502,2122,0,0.012678007
Warm A,39359,267,266,3502,2122,1,0.0065031247
Warm A,39546,268,267,3502,2122,1,0.0016406807
Warm A,55602,368,367,3502,2122,1,0.0050115176
Warm A,30244,203,202,3502,2122,0,0.0027126088
Warm A,19387,148,147,3502,2122,0,-0.00065724563
Warm A,30495,204,203,3502,2122,1,0.0056504924
Warm A,3389,26,25,3502,2122,1,0.0049295384
Warm A,696540,4169,4168,3502,2122,1,0.011041123
Warm A,207016,1266,1265,3502,2122,1,0.012201132
Warm A,355056,2077,2076,3502,2122,1,0.0058392007
Warm A,893030,5394,5393,3502,2122,1,0.004971571
Warm A,182116,1137,1136,3502,2122,0,0.007860711
Warm A,187733,1164,1163,3502,2122,0,0.005879881
Warm A,489710,3013,3012,3502,2122,0,-8.500414e-05
Warm A,145018,934,933,3502,2122,0,0.0019276633
Warm A,79579,531,530,3502,2122,0,0.010599835
Warm A,599377,3648,3647,3502,2122,1,-0.00067185564
Warm A,907680,5492,5491,3502,2122,1,0.004686129
Warm A,28130,195,194,3502,2122,1,0.0065962356
Warm A,229697,1390,1389,3502,2122,1,0.0032995227
Warm A,231175,1399,1398,3502,2122,0,0.0009067729
Warm A,699736,4186,4185,3502,2122,0,0.011126038
Warm A,941465,5682,5681,3502,2122,1,0.0024090782
Warm A,193792,1194,1193,3502,2122,0,0.004960124
Warm A,550379,3391,3390,3502,2122,1,0.00869422
Warm A,535426,3304,3303,3503,2123,0,0.005812212
Warm A,534754,3300,3299,3503,2123,0,-0.00015211
Warm A,534431,3299,3298,3503,2123,0,-0.0016179511
Warm A,533487,3292,3291,3503,2123,0,0.0035663955
Warm A,567039,3481,3480,3503,2123,1,0.0029228625
Warm A,513731,3169,3168,3503,2123,0,0.002828076
Warm A,877027,5300,5299,3503,2123,0,0.0071393363
Warm A,509264,3135,3134,3503,2123,1,-0.0026368997
Warm A,505657,3110,3109,3503,2123,0,-0.005337894
Warm A,582209,3557,3556,3503,2123,1,-0.008286276
Warm A,495910,3045,3044,3503,2123,1,0.0034132358
Warm A,626946,3792,3791,3503,2123,0,0.003747045
Warm A,479318,2941,2940,3503,2123,0,-0.0005810794
Warm A,476843,2928,2927,3503,2123,1,0.00018871622
Warm A,696541,4169,4168,3503,2123,1,-0.002310245
Warm A,475975,2921,2920,3503,2123,0,0.00056838035
Warm A,460789,2841,2840,3503,2123,0,0.0031563113
Warm A,459415,2829,2828,3503,2123,1,-0.0015307203
Warm A,458119,2820,2819,3503,2123,0,0.0003757878
Warm A,456101,2808,2807,3503,2123,1,0.0052232994
Warm A,449967,2774,2773,3503,2123,0,-0.009500245
Warm A,571163,3503,3502,3503,2123,1,-0.006737843
Warm A,411101,2466,2465,3503,2123,0,-0.004042369
Warm A,390101,2288,2287,3503,2123,1,0.0007653623
Warm A,366397,2132,2131,3503,2123,0,0.00020767492
Warm A,365384,2126,2125,3503,2123,0,-0.0010702484
Warm A,346299,2030,2029,3503,2123,1,0.003808918
Warm A,305654,1819,1818,3503,2123,1,-0.0010553639
Warm A,297087,1761,1760,3503,2123,1,-0.0020923745
Warm A,299348,1777,1776,3503,2123,1,0.0073153586
Warm A,293249,1746,1745,3503,2123,1,0.00822022
Warm A,292451,1741,1740,3503,2123,1,0.0019078999
Warm A,279635,1680,1679,3503,2123,0,-0.0012984667
Warm A,274469,1658,1657,3503,2123,0,-0.0023124206
Warm A,269161,1632,1631,3503,2123,0,-0.0048415987
Warm A,253939,1544,1543,3503,2123,0,-0.003205318
Warm A,294405,1749,1748,3503,2123,1,0.003292576
Warm A,233461,1420,1419,3503,2123,0,0.0030659735
Warm A,226190,1369,1368,3503,2123,0,-0.0022384054
Warm A,219964,1333,1332,3503,2123,1,0.0023514114
Warm A,207362,1267,1266,3503,2123,0,-0.004465378
Warm A,190059,1179,1178,3503,2123,0,-0.0027956492
Warm A,184430,1147,1146,3503,2123,1,-0.010226811
Warm A,181640,1135,1134,3503,2123,0,0.005496093
Warm A,178870,1122,1121,3503,2123,0,-0.00040737144
Warm A,244107,1470,1469,3503,2123,0,-0.004765201
Warm A,308790,1837,1836,3503,2123,0,-0.00059211964
Warm A,167535,1067,1066,3503,2123,1,0.002690177
Warm A,152025,977,976,3503,2123,1,-0.0011567937
Warm A,246409,1489,1488,3503,2123,0,0.0058077006
Warm A,221496,1340,1339,3503,2123,0,-0.0046846014
Warm A,147959,953,952,3503,2123,1,-0.0061222925
Warm A,197397,1211,1210,3503,2123,1,0.005597901
Warm A,128346,830,829,3503,2123,1,-0.0026075796
Warm A,315430,1880,1879,3503,2123,1,0.0024352614
Warm A,240320,1449,1448,3503,2123,1,-0.0091167465
Warm A,316938,1884,1883,3503,2123,0,-0.002045156
Warm A,90976,602,601,3503,2123,0,0.000219404
Warm A,86203,563,562,3503,2123,0,-0.00053875125
Warm A,34120,230,229,3503,2123,1,-0.0025963578
Warm A,30827,205,204,3503,2123,1,0.0109063415
Warm A,1739,17,16,3503,2123,1,0.0015280375
Warm A,2859,23,22,3503,2123,0,-0.0031143213
Warm A,862712,5193,5192,3503,2123,1,-0.0010052108
Warm A,174262,1101,1100,3503,2123,0,-0.00023776875
Warm A,129571,839,838,3503,2123,0,0.004143936
Warm A,203212,1246,1245,3503,2123,0,-0.0059812856
Warm A,28131,195,194,3503,2123,1,-0.0025255582
Warm A,991791,5991,5990,3503,2123,0,0.008835422
Warm A,166089,1058,1057,3503,2123,0,-0.0014644903
Warm A,223098,1352,1351,3503,2123,1,-0.0050808406
Warm A,322547,1912,1911,3503,2123,0,0.00040754583
Warm A,810333,4861,4860,3503,2123,0,-0.0042265654
Warm A,375922,2190,2189,3503,2123,1,-0.002176654
Warm A,290389,1733,1732,3503,2123,1,-0.0010182601
Warm A,195616,1203,1202,3503,2123,1,-0.0005481485
Warm A,141609,911,910,3503,2123,1,0.0031090367
Warm A,769446,4582,4581,3503,2123,1,-0.0004777431
Warm A,254893,1551,1550,3503,2123,1,0.0026396944
Warm A,63173,424,423,3503,2123,1,-0.00075357454
Warm A,208877,1274,1273,3503,2123,1,-0.0049010282
Warm A,770351,4591,4590,3503,2123,1,-0.0016319617
Warm A,158448,1015,1014,3503,2123,0,-0.002276022
Warm A,630592,3815,3814,3506,2126,1,0.005363631
Warm A,629691,3808,3807,3506,2126,0,-0.0022069982
Warm A,638396,3841,3840,3506,2126,1,0.0024983715
Warm A,624982,3778,3777,3506,2126,0,0.0094065545
Warm A,619589,3754,3753,3506,2126,1,0.0060171415
Warm A,611262,3705,3704,3506,2126,1,0.0019797212
Warm A,608019,3689,3688,3506,2126,1,0.0040148245
Warm A,604395,3675,3674,3506,2126,1,-0.0046285475
Warm A,632066,3822,3821,3506,2126,0,-0.00039917277
Warm A,598325,3641,3640,3506,2126,1,-0.0013812763
Warm A,590211,3600,3599,3506,2126,0,0.010962427
Warm A,607182,3685,3684,3506,2126,0,-0.01140836
Warm A,594109,3618,3617,3506,2126,0,-0.005523051
Warm A,556965,3422,3421,3506,2126,0,0.0045485077
Warm A,540244,3321,3320,3506,2126,1,-0.0043998775
Warm A,539595,3319,3318,3506,2126,0,0.003189398
Warm A,540404,3323,3322,3506,2126,0,-0.007196342
Warm A,533490,3292,3291,3506,2126,0,-0.002886679
Warm A,521172,3216,3215,3506,2126,0,0.0003737593
Warm A,558615,3430,3429,3506,2126,1,0.006411725
Warm A,508738,3129,3128,3506,2126,0,0.00761776
Warm A,534756,3300,3299,3506,2126,1,-0.0056569013
Warm A,930125,5620,5619,3506,2126,1,0.0048547527
Warm A,494355,3032,3031,3506,2126,1,-0.00036139274
Warm A,489713,3013,3012,3506,2126,0,0.001040814
Warm A,486360,2994,2993,3506,2126,0,0.0019192505
Warm A,600184,3650,3649,3506,2126,1,-0.010992842
Warm A,529880,3272,3271,3506,2126,0,0.007642894
Warm A,696545,4169,4168,3506,2126,1,0.0012885598
Warm A,474769,2913,2912,3506,2126,0,-0.0025895673
Warm A,463470,2857,2856,3506,2126,0,0.013970474
Warm A,464974,2866,2865,3506,2126,1,-0.0057583777
Warm A,452304,2785,2784,3506,2126,0,0.00010494515
Warm A,439643,2685,2684,3506,2126,0,-0.004778616
Warm A,436593,2665,2664,3506,2126,1,-0.007409333
Warm A,435906,2664,2663,3506,2126,1,0.009478271
Warm A,416776,2507,2506,3506,2126,1,0.007036006
Warm A,412925,2484,2483,3506,2126,0,0.0077262805
Warm A,404652,2419,2418,3506,2126,0,-0.0068170046
Warm A,395943,2340,2339,3506,2126,1,0.003224946
Warm A,389050,2279,2278,3506,2126,1,-0.0050578834
Warm A,403730,2411,2410,3506,2126,1,-0.014407311
Warm A,381719,2231,2230,3506,2126,1,0.0001450521
Warm A,377354,2203,2202,3506,2126,1,0.006702897
Warm A,372099,2173,2172,3506,2126,0,-0.0068593686
Warm A,370014,2164,2163,3506,2126,1,0.0030197238
Warm A,362192,2110,2109,3506,2126,0,-0.0021021427
Warm A,364888,2124,2123,3506,2126,1,0.005890849
Warm A,359491,2102,2101,3506,2126,1,-0.0034681363
Warm A,352719,2064,2063,3506,2126,0,-0.007409907
Warm A,336159,1980,1979,3506,2126,0,0.00058005424
Warm A,312416,1861,1860,3506,2126,1,-0.00080505107
Warm A,298359,1768,1767,3506,2126,0,-0.0072238273
Warm A,281357,1687,1686,3506,2126,1,-0.008048516
Warm A,271645,1642,1641,3506,2126,1,0.0067397663
Warm A,269163,1632,1631,3506,2126,0,0.007533242
Warm A,323939,1920,1919,3506,2126,0,-0.0117720645
Warm A,260159,1591,1590,3506,2126,0,0.005429892
Warm A,231718,1404,1403,3506,2126,0,0.005343561
Warm A,242915,1465,1464,3506,2126,0,0.0015943771
Warm A,283262,1696,1695,3506,2126,1,-0.0054116244
Warm A,357596,2092,2091,3506,2126,0,0.009285629
Warm A,218069,1322,1321,3506,2126,1,0.0043229572
Warm A,219967,1333,1332,3506,2126,1,-0.0033083034
Warm A,208366,1273,1272,3506,2126,0,0.0065759663
Warm A,279640,1680,1679,3506,2126,1,0.0063172197
Warm A,197041,1209,1208,3506,2126,0,0.0010828162
Warm A,188646,1170,1169,3506,2126,1,0.0005331269
Warm A,328450,1941,1940,3506,2126,0,0.008934779
Warm A,162330,1034,1033,3506,2126,1,-0.0057859328
Warm A,337139,1983,1982,3506,2126,1,0.003185426
Warm A,153192,984,983,3506,2126,1,0.00047248858
Warm A,138582,889,888,3506,2126,0,-0.0069641913
Warm A,127783,824,823,3506,2126,0,-0.0024848059
Warm A,315433,1880,1879,3506,2126,0,-0.002483332
Warm A,115481,749,748,3506,2126,0,0.011132479
Warm A,240324,1449,1448,3506,2126,0,0.00697025
Warm A,106858,702,701,3506,2126,0,0.0092352815
Warm A,140744,904,903,3506,2126,0,0.005757122
Warm A,97125,651,650,3506,2126,1,-0.009858379
Warm A,234255,1422,1421,3506,2126,0,0.009061344
Warm A,72215,482,481,3506,2126,0,0.010367055
Warm A,211169,1285,1284,3506,2126,1,0.0030259714
Warm A,63177,424,423,3506,2126,1,0.005230612
Warm A,58039,392,391,3506,2126,1,-0.002264849
Warm A,61284,412,411,3506,2126,1,0.007495805
Warm A,145428,935,934,3506,2126,1,-0.0051213773
Warm A,38901,264,263,3506,2126,0,-0.0066136513
Warm A,36452,245,244,3506,2126,0,-3.8571656e-05
Warm A,98977,660,659,3506,2126,0,0.007598417
Warm A,32044,216,215,3506,2126,1,0.005417119
Warm A,29189,199,198,3506,2126,0,-0.0030002403
Warm A,25614,181,180,3506,2126,1,0.008952627
Warm A,947598,5722,5721,3506,2126,1,0.001907992
Warm A,239153,1448,1447,3506,2126,1,-0.0019882317
Warm A,3394,26,25,3506,2126,1,-0.00016035
Warm A,60701,411,410,3506,2126,0,0.00018125447
Warm A,202113,1243,1242,3506,2126,0,0.014456743
Warm A,31036,208,207,3506,2126,1,-0.00073064794
Warm A,828777,4979,4978,3506,2126,1,-0.006193605
Warm A,964143,5812,5811,3506,2126,0,0.003436316
Warm A,261234,1597,1596,3506,2126,0,0.011456487
Warm A,111712,727,726,3506,2126,1,-0.007546433
Warm A,102454,678,677,3506,2126,0,0.0008603751
Warm A,319471,1897,1896,3506,2126,1,-0.0005144798
Warm A,993896,6002,6001,3506,2126,1,-0.0015977807
Warm A,722749,4328,4327,3506,2126,1,0.004942811
Warm A,124085,799,798,3509,2129,1,0.0009660758
Warm A,330776,1952,1951,3509,2129,1,0.004024901
Warm A,89617,590,589,3509,2129,0,0.0026258908
Warm A,939979,5675,5674,3509,2129,0,0.00569709
Warm A,682014,4084,4083,3509,2129,1,-0.0015612575
Warm A,77720,524,523,3509,2129,0,0.0046031196
Warm A,64318,429,428,3509,2129,1,0.0056196386
Warm A,48832,327,326,3509,2129,0,-1.1526281e-06
Warm A,33485,225,224,3509,2129,0,0.0066320123
Warm A,31521,214,213,3509,2129,0,0.004249645
Warm A,23335,167,166,3509,2129,0,-0.0010437766
Warm A,947599,5722,5721,3509,2129,0,0.0101423925
Warm A,16976,133,132,3509,2129,1,0.006164089
Warm A,561939,3457,3456,3509,2129,0,-0.0016833916
Warm A,7235,50,49,3509,2129,0,0.0020527465
Warm A,7702,53,52,3509,2129,1,0.007800538
Warm A,713239,4277,4276,3509,2129,1,0.00619297
Warm A,210251,1284,1283,3509,2129,0,0.0036245724
Warm A,24345,173,172,3509,2129,0,0.004436904
Warm A,15592,123,122,3509,2129,0,0.0034426441
Warm A,174268,1101,1100,3509,2129,1,-0.00085376436
Warm A,271027,1639,1638,3509,2129,1,0.0025289361
Warm A,289704,1729,1728,3509,2129,0,0.004672191
Warm A,360973,2106,2105,3509,2129,1,0.0066154646
Warm A,176109,1113,1112,3509,2129,0,0.0036098445
Warm A,195621,1203,1202,3509,2129,1,0.011570094
Warm A,984063,5948,5947,3509,2129,1,0.002746208
Warm A,287803,1717,1716,3509,2129,0,0.0074106813
Warm A,206423,1265,1264,3509,2129,1,0.004517925
Warm A,764074,4543,4542,3509,2129,0,0.011990429
Warm A,235129,1425,1424,3509,2129,0,-0.0012750896
Warm A,777883,4647,4646,3509,2129,0,0.010563745
Warm A,907683,5492,5491,3511,2131,0,0.009608045
Warm A,626962,3792,3791,3511,2131,0,-0.0042426293
Warm A,941469,5682,5681,3511,2131,0,-0.002647431
Warm A,83372,549,548,3511,2131,0,0.0066197226
Warm A,342678,2015,2014,3511,2131,0,0.017669667
Warm A,235138,1425,1424,3511,2131,0,0.0028228655
Warm A,713245,4277,4276,3514,2134,1,0.0049585816
Warm A,770356,4591,4590,3514,2134,0,0.017354097
Warm A,376582,2197,2196,3515,2135,0,0.0024496366
Warm A,713247,4277,4276,3515,2135,1,0.0146501325
Warm A,366429,2133,2132,3515,2135,0,0.00078641996
Warm A,366000,2130,2129,3515,2135,1,0.01155287
Warm A,346847,2033,2032,3515,2135,1,0.0022195172
Warm A,334716,1974,1973,3515,2135,1,0.011396106
Warm A,334178,1970,1969,3515,2135,0,0.002508032
Warm A,335015,1976,1975,3515,2135,1,0.0035898485
Warm A,329003,1942,1941,3515,2135,0,0.006546511
Warm A,324692,1923,1922,3515,2135,0,0.006773161
Warm A,326457,1933,1932,3515,2135,1,0.01369283
Warm A,300982,1786,1785,3515,2135,1,0.0087316185
Warm A,329748,1944,1943,3515,2135,1,0.013685793
Warm A,281076,1686,1685,3515,2135,0,0.003062989
Warm A,281366,1687,1686,3515,2135,1,0.0057745907
Warm A,274654,1659,1658,3515,2135,0,0.0034203394
Warm A,268589,1631,1630,3515,2135,1,0.003964897
Warm A,267758,1627,1626,3515,2135,0,0.005713944
Warm A,261434,1598,1597,3515,2135,0,0.0075917123
Warm A,252766,1531,1530,3515,2135,0,0.0032209712
Warm A,242280,1462,1461,3515,2135,1,-0.0023685116
Warm A,240818,1450,1449,3515,2135,1,-0.0065864907
Warm A,236459,1434,1433,3515,2135,0,0.015144553
Warm A,236565,1435,1434,3515,2135,0,0.0137008745
Warm A,234550,1423,1422,3515,2135,0,0.005145871
Warm A,225293,1362,1361,3515,2135,1,0.011957334
Warm A,217519,1319,1318,3515,2135,1,0.00918851
Warm A,212260,1292,1291,3515,2135,1,0.003715324
Warm A,244121,1470,1469,3515,2135,0,0.020512752
Warm A,205392,1263,1262,3515,2135,1,0.019352905
Warm A,294414,1749,1748,3515,2135,0,0.008786773
Warm A,207028,1266,1265,3515,2135,1,0.0077381684
Warm A,326568,1935,1934,3515,2135,1,0.012919245
Warm A,188296,1168,1167,3515,2135,1,-5.2149873e-05
Warm A,167536,1067,1066,3515,2135,1,0.011073188
Warm A,164734,1051,1050,3515,2135,1,0.025829732
Warm A,162337,1034,1033,3515,2135,0,-0.0035954705
Warm A,161137,1027,1026,3515,2135,0,0.007434571
Warm A,159371,1017,1016,3515,2135,0,0.008168843
Warm A,155468,1001,1000,3515,2135,1,0.0062496085
Warm A,154065,992,991,3515,2135,1,0.010707445
Warm A,150103,966,965,3515,2135,0,0.010509712
Warm A,146369,942,941,3515,2135,0,0.0010093627
Warm A,146017,938,937,3515,2135,0,-0.000581556
Warm A,145872,937,936,3515,2135,0,-0.0019372767
Warm A,812306,4875,4874,3515,2135,0,0.0066840267
Warm A,139850,896,895,3515,2135,1,0.0045813215
Warm A,138610,889,888,3515,2135,0,0.005660558
Warm A,137131,882,881,3515,2135,1,0.0033194316
Warm A,135991,878,877,3515,2135,1,0.0018132543
Warm A,130096,841,840,3515,2135,0,0.011948757
Warm A,252199,1527,1526,3515,2135,0,0.0054582623
Warm A,124088,799,798,3515,2135,0,0.005962115
Warm A,114050,740,739,3515,2135,0,0.013440528
Warm A,113606,736,735,3515,2135,1,0.019542627
Warm A,778921,4653,4652,3515,2135,1,0.0021841764
Warm A,105229,696,695,3515,2135,1,0.01664701
Warm A,110172,718,717,3515,2135,0,0.019290328
Warm A,103480,687,686,3515,2135,0,0.005478806
Warm A,100945,673,672,3515,2135,0,0.0069724605
Warm A,316951,1884,1883,3515,2135,1,0.0053159636
Warm A,222628,1347,1346,3515,2135,1,0.01060212
Warm A,89620,590,589,3515,2135,1,0.0024496047
Warm A,232586,1413,1412,3515,2135,0,0.008259907
Warm A,69877,471,470,3515,2135,0,0.0007959376
Warm A,69326,464,463,3515,2135,1,0.0050298963
Warm A,66621,445,444,3515,2135,0,0.011757305
Warm A,57608,390,389,3515,2135,0,0.007735271
Warm A,55058,363,362,3515,2135,1,0.009111851
Warm A,503981,3097,3096,3515,2135,1,-0.0025545715
Warm A,583037,3561,3560,3515,2135,1,0.017445955
Warm A,43378,298,297,3515,2135,0,0.009632669
Warm A,43235,296,295,3515,2135,0,0.0022015143
Warm A,182138,1137,1136,3515,2135,1,0.004723825
Warm A,30512,204,203,3515,2135,0,0.016043074
Warm A,29846,202,201,3515,2135,1,0.015905147
Warm A,28569,196,195,3515,2135,1,0.00337937
Warm A,365254,2125,2124,3515,2135,1,0.009111721
Warm A,23339,167,166,3515,2135,1,-0.0023764723
Warm A,599390,3648,3647,3515,2135,0,0.010007601
Warm A,22533,163,162,3515,2135,0,0.014304265
Warm A,304127,1806,1805,3515,2135,0,0.0032790992
Warm A,17283,135,134,3515,2135,0,0.003079639
Warm A,314407,1877,1876,3515,2135,1,-0.0061444696
Warm A,16115,127,126,3515,2135,1,0.013082927
Warm A,104701,693,692,3515,2135,1,0.0032135504
Warm A,133467,862,861,3515,2135,1,0.01380145
Warm A,631723,3821,3820,3515,2135,0,0.0039529037
Warm A,623941,3773,3772,3515,2135,0,0.012094478
Warm A,28157,195,194,3515,2135,1,0.01928772
Warm A,860476,5173,5172,3515,2135,0,0.0021376312
Warm A,685102,4094,4093,3515,2135,1,0.0025988724
Warm A,12838,99,98,3515,2135,0,0.010077609
Warm A,548590,3386,3385,3515,2135,0,0.006418108
Warm A,150711,970,969,3515,2135,0,0.008584292
Warm A,761183,4522,4521,3515,2135,0,0.0050165453
Warm A,204677,1260,1259,3515,2135,0,0.006190571
Warm A,522787,3224,3223,3515,2135,1,0.011333761
Warm A,531183,3280,3279,3515,2135,0,0.009481087
Warm A,344211,2020,2019,3515,2135,1,0.018542243
Warm A,989142,5972,5971,3515,2135,0,0.009171702
Warm A,635682,3832,3831,3515,2135,0,0.0044459156
Warm A,232015,1407,1406,3515,2135,1,0.008593734
Warm A,877638,5304,5303,3515,2135,0,0.012661814
Warm A,11995,92,91,3515,2135,0,0.019045593
Warm A,567633,3483,3482,3515,2135,0,0.012522307
Warm A,927637,5605,5604,3515,2135,0,0.01175465
Warm A,104467,692,691,3515,2135,1,0.010103661
Warm A,317853,1889,1888,3515,2135,0,0.015173723
Warm A,47484,319,318,3515,2135,0,0.012098196
Warm A,20771,151,150,3515,2135,1,0.010979241
Warm A,964149,5812,5811,3515,2135,0,0.0044468953
Warm A,263540,1605,1604,3515,2135,1,0.012809323
Warm A,299159,1776,1775,3515,2135,0,0.008355542
Warm A,517943,3196,3195,3515,2135,1,-0.00090811437
Warm A,499608,3067,3066,3515,2135,1,0.014518738
Warm A,784169,4682,4681,3515,2135,1,0.018211853
Warm A,116449,752,751,3515,2135,0,0.012015654
Warm A,310788,1851,1850,3515,2135,0,0.010781879
Warm A,187749,1164,1163,3515,2135,0,0.011563599
Warm A,312969,1865,1864,3515,2135,1,0.0083399955
Warm A,485209,2986,2985,3515,2135,0,0.028359216
Warm A,319484,1897,1896,3515,2135,0,0.007953567
Warm A,840785,5053,5052,3515,2135,1,0.011556048
Warm A,696556,4169,4168,3515,2135,1,0.018111754
Warm A,132840,856,855,3515,2135,0,0.0007219409
Warm A,67839,454,453,3515,2135,1,0.017453048
Warm A,364363,2122,2121,3515,2135,1,0.0102812685
Warm A,339246,1998,1997,3515,2135,0,0.0167773
Warm A,401676,2395,2394,3515,2135,0,0.0075576073
Warm A,480478,2947,2946,3515,2135,1,0.0011752946
Warm A,241360,1451,1450,3515,2135,1,0.016214352
Warm A,680732,4079,4078,3519,2137,1,0.00089941453
Warm A,681664,4083,4082,3519,2137,0,-0.0007498902
Warm A,675554,4053,4052,3519,2137,1,0.0035770878
Warm A,674814,4049,4048,3519,2137,0,-0.0010130925
Warm A,676145,4054,4053,3519,2137,0,0.0023551974
Warm A,668637,4021,4020,3519,2137,0,-0.003803987
Warm A,667951,4018,4017,3519,2137,1,0.007102688
Warm A,664158,3999,3998,3519,2137,1,0.0038295477
Warm A,663245,3997,3996,3519,2137,1,-0.00024110777
Warm A,655633,3949,3948,3519,2137,1,0.009746836
Warm A,761447,4523,4522,3519,2137,1,0.006398176
Warm A,642089,3860,3859,3519,2137,0,0.007631369
Warm A,629717,3808,3807,3519,2137,0,0.0029150299
Warm A,638430,3841,3840,3519,2137,0,0.008869205
Warm A,623098,3770,3769,3519,2137,0,0.0011270412
Warm A,619596,3754,3753,3519,2137,1,0.012644186
Warm A,619046,3751,3750,3519,2137,0,0.0037860665
Warm A,623491,3771,3770,3519,2137,0,-0.003716006
Warm A,745006,4448,4447,3519,2137,1,0.007997867
Warm A,601268,3654,3653,3519,2137,0,0.0031821264
Warm A,595317,3621,3620,3519,2137,0,0.004554713
Warm A,585791,3576,3575,3519,2137,0,0.003999592
Warm A,569770,3493,3492,3519,2137,0,0.008667216
Warm A,569388,3491,3490,3519,2137,1,0.005755719
Warm A,713253,4277,4276,3519,2137,0,0.002014609
Warm A,561305,3453,3452,3519,2137,0,0.0077780383
Warm A,577385,3526,3525,3519,2137,1,0.0052070883
Warm A,527884,3263,3262,3519,2137,1,-0.0015998443
Warm A,525127,3242,3241,3519,2137,1,0.0050528035
Warm A,521956,3222,3221,3519,2137,1,0.0055008167
Warm A,518852,3201,3200,3519,2137,0,0.004098124
Warm A,491654,3024,3023,3519,2137,0,0.0022601988
Warm A,486702,2995,2994,3519,2137,1,0.0019855532
Warm A,486371,2994,2993,3519,2137,1,0.0025953932
Warm A,600199,3650,3649,3519,2137,0,0.0019753363
Warm A,480242,2946,2945,3519,2137,0,0.015311231
Warm A,479322,2941,2940,3519,2137,0,0.0008002211
Warm A,696564,4169,4168,3519,2137,0,0.003121314
Warm A,473936,2909,2908,3519,2137,1,0.004343735
Warm A,601686,3658,3657,3519,2137,0,-0.0050563803
Warm A,463488,2857,2856,3519,2137,1,-0.008849891
Warm A,453921,2793,2792,3519,2137,1,0.009723215
Warm A,448068,2761,2760,3519,2137,0,9.893312e-05
Warm A,439652,2685,2684,3519,2137,0,0.005246168
Warm A,434674,2651,2650,3519,2137,0,0.009765441
Warm A,452557,2786,2785,3519,2137,1,0.0019248395
Warm A,433730,2643,2642,3519,2137,0,0.00049287267
Warm A,430765,2625,2624,3519,2137,1,-0.0018271565
Warm A,430559,2624,2623,3519,2137,1,0.0014889992
Warm A,645404,3885,3884,3519,2137,1,-0.0002052511
Warm A,423823,2567,2566,3519,2137,1,0.0019374394
Warm A,427029,2592,2591,3519,2137,0,0.008231793
Warm A,425757,2583,2582,3519,2137,1,-0.005835613
Warm A,412948,2484,2483,3519,2137,0,0.007255855
Warm A,407026,2445,2444,3519,2137,1,0.008813651
Warm A,405255,2426,2425,3519,2137,0,-0.003303317
Warm A,403864,2412,2411,3519,2137,0,0.0013824785
Warm A,401828,2397,2396,3519,2137,0,0.012915511
Warm A,395953,2340,2339,3519,2137,1,0.0013136166
Warm A,392409,2304,2303,3519,2137,1,0.009252772
Warm A,389057,2279,2278,3519,2137,0,0.0008810015
Warm A,388194,2271,2270,3519,2137,0,0.0029282153
Warm A,387595,2265,2264,3519,2137,0,0.0006742531
Warm A,378788,2211,2210,3519,2137,0,0.008273811
Warm A,376923,2201,2200,3519,2137,1,0.0020968623
Warm A,363270,2116,2115,3519,2137,0,0.0042208987
Warm A,350150,2055,2054,3519,2137,0,0.008877829
Warm A,436609,2665,2664,3519,2137,1,0.0068111503
Warm A,357615,2092,2091,3519,2137,0,0.0018272868
Warm A,305058,1812,1811,3519,2137,1,0.0059274836
Warm A,289440,1727,1726,3519,2137,0,0.0123567525
Warm A,292463,1741,1740,3519,2137,0,-0.0026547106
Warm A,288985,1726,1725,3519,2137,0,0.006421579
Warm A,275667,1667,1666,3519,2137,0,0.003980955
Warm A,273861,1651,1650,3519,2137,1,0.002683715
Warm A,293888,1748,1747,3519,2137,0,0.009361008
Warm A,271649,1642,1641,3519,2137,1,0.004222781
Warm A,269177,1632,1631,3519,2137,0,0.0027398043
Warm A,345515,2026,2025,3519,2137,0,0.014743741
Warm A,242480,1464,1463,3519,2137,0,-0.0019023162
Warm A,244737,1473,1472,3519,2137,0,0.010257667
Warm A,283268,1696,1695,3519,2137,1,0.0011848712
Warm A,235643,1426,1425,3519,2137,0,0.014597114
Warm A,242933,1465,1464,3519,2137,1,0.004517883
Warm A,224748,1358,1357,3519,2137,1,-0.0029427921
Warm A,219979,1333,1332,3519,2137,0,0.0093448125
Warm A,216078,1311,1310,3519,2137,1,0.002288741
Warm A,197948,1216,1215,3519,2137,1,0.0057027973
Warm A,267285,1624,1623,3519,2137,0,-0.005329823
Warm A,307605,1835,1834,3519,2137,0,0.000104943
Warm A,179214,1124,1123,3519,2137,1,0.0038245996
Warm A,177651,1119,1118,3519,2137,0,-0.0017667713
Warm A,328479,1941,1940,3519,2137,0,5.5617653e-05
Warm A,165302,1053,1052,3519,2137,0,0.0039394964
Warm A,163308,1044,1043,3519,2137,1,0.007585248
Warm A,161754,1031,1030,3519,2137,1,0.0005933568
Warm A,160277,1019,1018,3519,2137,0,0.0032301378
Warm A,147052,948,947,3519,2137,1,0.0042899693
Warm A,138618,889,888,3519,2137,0,0.009080149
Warm A,315454,1880,1879,3519,2137,0,0.0050416896
Warm A,147494,949,948,3519,2137,1,0.0046192515
Warm A,125014,802,801,3519,2137,1,0.0015030192
Warm A,123514,796,795,3519,2137,0,-0.0009960479
Warm A,109028,713,712,3519,2137,1,-0.002771818
Warm A,106871,702,701,3519,2137,0,-0.0064021447
Warm A,95018,637,636,3519,2137,1,-0.0004993074
Warm A,316955,1884,1883,3519,2137,1,0.014428763
Warm A,96217,646,645,3519,2137,0,0.0018342033
Warm A,81066,539,538,3519,2137,1,0.0028199558
Warm A,234271,1422,1421,3519,2137,0,0.002863735
Warm A,78135,526,525,3519,2137,1,0.009141048
Warm A,71152,477,476,3519,2137,1,0.005616325
Warm A,68824,461,460,3519,2137,0,-0.0023700984
Warm A,64853,435,434,3519,2137,1,-0.0007232251
Warm A,52824,348,347,3519,2137,0,0.0032624772
Warm A,52329,344,343,3519,2137,0,-0.00565392
Warm A,93370,624,623,3519,2137,1,-0.0010631464
Warm A,41322,279,278,3519,2137,0,-0.0035549565
Warm A,38295,261,260,3519,2137,0,-0.0005417948
Warm A,98993,660,659,3519,2137,0,0.008362019
Warm A,34126,230,229,3519,2137,1,0.0050284723
Warm A,19428,148,147,3519,2137,0,0.00029430538
Warm A,162045,1033,1032,3519,2137,0,-0.0038849728
Warm A,16435,130,129,3519,2137,1,0.0056591122
Warm A,5738,42,41,3519,2137,1,0.01231864
Warm A,5597,40,39,3519,2137,0,-0.0032820443
Warm A,380895,2225,2224,3519,2137,0,0.002595299
Warm A,626969,3792,3791,3519,2137,1,0.013201074
Warm A,552532,3401,3400,3519,2137,0,0.0018685322
Warm A,989143,5972,5971,3519,2137,1,0.008159397
Warm A,95532,639,638,3519,2137,1,0.010508841
Warm A,241364,1451,1450,3519,2137,1,0.0076481686
Warm A,633472,3824,3823,3519,2137,0,0.002561
Warm A,760685,4520,4519,3519,2137,1,0.003473944
Warm A,255955,1560,1559,3519,2137,1,0.002512606
Warm A,571174,3503,3502,3519,2137,0,0.005770073
Warm A,588063,3589,3588,3519,2137,0,-0.0013345671
Warm A,421142,2544,2543,3519,2137,0,0.0064589195
Warm A,21573,157,156,3519,2137,1,0.013563663
Warm A,775800,4632,4631,3521,2138,0,0.005194705
Warm A,781601,4666,4665,3521,2138,1,0.011187411
Warm A,756275,4506,4505,3521,2138,1,0.0069374098
Warm A,757266,4508,4507,3521,2138,1,0.019331612
Warm A,745980,4451,4450,3521,2138,1,0.0016242133
Warm A,747160,4458,4457,3521,2138,1,-0.0030017528
Warm A,741222,4426,4425,3521,2138,0,0.009892423
Warm A,743977,4447,4446,3521,2138,1,0.0019440686
Warm A,717391,4298,4297,3521,2138,1,0.0050906455
Warm A,709424,4254,4253,3521,2138,0,-0.0032564872
Warm A,691045,4137,4136,3521,2138,1,0.0044221915
Warm A,678741,4064,4063,3521,2138,0,-0.002079566
Warm A,644801,3884,3883,3521,2138,0,0.0052305507
Warm A,639258,3842,3841,3521,2138,1,0.006806742
Warm A,633484,3824,3823,3521,2138,1,0.005336643
Warm A,626092,3789,3788,3521,2138,1,0.008282347
Warm A,613963,3718,3717,3521,2138,1,0.012065863
Warm A,725463,4344,4343,3521,2138,1,0.0044905706
Warm A,603665,3673,3672,3521,2138,0,0.0018475964
Warm A,595561,3622,3621,3521,2138,1,0.0024101543
Warm A,575880,3520,3519,3521,2138,1,0.0067185825
Warm A,579604,3539,3538,3521,2138,1,0.0042401636
Warm A,580609,3546,3545,3521,2138,0,0.0030931828
Warm A,713265,4277,4276,3521,2138,1,0.0037395288
Warm A,570424,3499,3498,3521,2138,1,0.0024565505
Warm A,554120,3410,3409,3521,2138,1,0.008553689
Warm A,645416,3885,3884,3521,2138,1,0.009963638
Warm A,534767,3300,3299,3521,2138,0,0.0051403707
Warm A,916729,5539,5538,3521,2138,1,0.007976992
Warm A,513950,3171,3170,3521,2138,1,0.0042466205
Warm A,501411,3080,3079,3521,2138,1,0.0038027384
Warm A,496929,3053,3052,3521,2138,1,0.002219976
Warm A,484166,2978,2977,3521,2138,1,-9.8719494e-05
Warm A,482829,2967,2966,3521,2138,0,0.011949138
Warm A,480868,2952,2951,3521,2138,1,-0.0076330015
Warm A,475188,2916,2915,3521,2138,1,0.00062995916
Warm A,474784,2913,2912,3521,2138,1,0.006537632
Warm A,475609,2918,2917,3521,2138,1,-0.0042873146
Warm A,458151,2820,2819,3521,2138,0,0.0016215651
Warm A,456876,2813,2812,3521,2138,1,0.0054833433
Warm A,451535,2779,2778,3521,2138,1,0.0028799176
Warm A,458500,2822,2821,3521,2138,1,0.0039548245
Warm A,446496,2752,2751,3521,2138,1,0.008184057
Warm A,437772,2674,2673,3521,2138,1,0.014824665
Warm A,439458,2684,2683,3521,2138,1,0.008496485
Warm A,431447,2628,2627,3521,2138,0,0.0047228234
Warm A,431148,2627,2626,3521,2138,1,0.0035664723
Warm A,832985,5008,5007,3521,2138,1,0.005219365
Warm A,409278,2456,2455,3521,2138,1,-0.0033198409
Warm A,393260,2310,2309,3521,2138,1,-0.014294304
Warm A,391273,2301,2300,3521,2138,1,0.004659281
Warm A,419375,2534,2533,3521,2138,0,0.009734858
Warm A,364908,2124,2123,3521,2138,1,0.01756701
Warm A,357627,2092,2091,3521,2138,1,0.0029417318
Warm A,340212,2008,2007,3521,2138,1,0.012577817
Warm A,329502,1943,1942,3521,2138,1,-0.0036387811
Warm A,286002,1706,1705,3521,2138,1,0.011307414
Warm A,274492,1658,1657,3521,2138,1,0.001322763
Warm A,280939,1685,1684,3521,2138,1,0.0023957286
Warm A,292477,1741,1740,3521,2138,1,0.012710651
Warm A,284906,1699,1698,3521,2138,1,0.019612031
Warm A,276377,1671,1670,3521,2138,1,-0.0032496848
Warm A,279695,1680,1679,3521,2138,1,0.0017870553
Warm A,246432,1489,1488,3521,2138,0,-0.009648675
Warm A,338275,1988,1987,3521,2138,1,0.009242235
Warm A,237442,1446,1445,3521,2138,1,0.012466084
Warm A,230838,1396,1395,3521,2138,1,0.0070326654
Warm A,208378,1273,1272,3521,2138,1,0.013956603
Warm A,308142,1836,1835,3521,2138,1,0.0029800422
Warm A,294426,1749,1748,3521,2138,0,0.0040417435
Warm A,308827,1837,1836,3521,2138,0,0.0061493507
Warm A,197419,1211,1210,3521,2138,1,0.008051215
Warm A,296558,1758,1757,3521,2138,1,-0.00435145
Warm A,209541,1279,1278,3521,2138,1,0.011388507
Warm A,185600,1150,1149,3521,2138,1,0.006680025
Warm A,307618,1835,1834,3521,2138,1,0.0042157797
Warm A,207366,1267,1266,3521,2138,1,0.009504609
Warm A,160291,1019,1018,3521,2138,1,0.0075771115
Warm A,158499,1015,1014,3521,2138,1,0.0040687574
Warm A,154428,996,995,3521,2138,1,0.009418378
Warm A,213032,1297,1296,3521,2138,1,-0.0036038219
Warm A,149035,958,957,3521,2138,1,-0.000967687
Warm A,260885,1594,1593,3521,2138,0,0.012672488
Warm A,138642,889,888,3521,2138,0,0.015168936
Warm A,131288,850,849,3521,2138,1,0.004630424
Warm A,374872,2185,2184,3521,2138,1,0.021575866
Warm A,252203,1527,1526,3521,2138,0,-0.00036663213
Warm A,123034,794,793,3521,2138,0,0.0016656695
Warm A,211205,1285,1284,3521,2138,1,-0.0048319804
Warm A,524453,3233,3232,3521,2138,1,0.0025651895
Warm A,130582,846,845,3521,2138,1,0.010372765
Warm A,240367,1449,1448,3521,2138,1,0.0056925425
Warm A,105450,697,696,3521,2138,0,-0.0058030304
Warm A,200123,1228,1227,3521,2138,1,0.0061283717
Warm A,100277,669,668,3521,2138,1,0.0055089886
Warm A,201715,1242,1241,3521,2138,1,0.008308676
Warm A,295009,1752,1751,3521,2138,1,0.0040345285
Warm A,284397,1698,1697,3521,2138,1,0.011166289
Warm A,69531,466,465,3521,2138,1,0.0068725124
Warm A,67846,454,453,3521,2138,1,0.0032846835
Warm A,61811,415,414,3521,2138,1,-0.003965996
Warm A,57188,386,385,3521,2138,0,-0.0037899343
Warm A,132604,855,854,3521,2138,1,0.017787762
Warm A,34733,235,234,3521,2138,1,0.01477039
Warm A,33509,225,224,3521,2138,1,0.0047353357
Warm A,24915,175,174,3521,2138,1,0.012098707
Warm A,22009,161,160,3521,2138,1,0.008746676
Warm A,13617,108,107,3521,2138,1,-0.0016917307
Warm A,73511,498,497,3521,2138,0,0.0008733355
Warm A,2905,23,22,3521,2138,0,0.006625805
Warm A,76416,518,517,3521,2138,1,0.0049993745
Warm A,421150,2544,2543,3521,2138,0,0.013400324
Warm A,114284,743,742,3521,2138,1,-0.0011416802
Warm A,245571,1483,1482,3521,2138,1,0.012012038
Warm A,287823,1717,1716,3521,2138,1,0.00082866056
Warm A,466986,2878,2877,3521,2138,0,-0.0029480616
Warm A,954244,5761,5760,3521,2138,0,-0.0051536513
Warm A,467402,2880,2879,3521,2138,0,0.010721957
Warm A,868228,5242,5241,3521,2138,1,0.00061742263
Warm A,249925,1505,1504,3521,2138,1,-0.0032587731
Warm A,375683,2188,2187,3521,2138,1,0.0060652224
Warm A,93374,624,623,3521,2138,1,0.013193236
Warm A,290435,1733,1732,3521,2138,1,0.0035077902
Warm A,772727,4607,4606,3521,2138,0,0.0055991504
Warm A,328497,1941,1940,3521,2138,0,0.0055903
Warm A,902850,5458,5457,3521,2138,1,0.0022740941
Warm A,958876,5787,5786,3521,2138,1,0.006598523
Warm A,63222,424,423,3521,2138,1,0.006573371
Warm A,724654,4342,4341,3529,2144,1,-0.0028627515
Warm A,725470,4344,4343,3529,2144,0,0.0064476226
Warm A,722755,4328,4327,3529,2144,1,0.0021913333
Warm A,719114,4306,4305,3529,2144,0,0.0038657296
Warm A,705277,4227,4226,3529,2144,1,0.006194566
Warm A,700539,4193,4192,3529,2144,0,0.005670727
Warm A,695409,4167,4166,3529,2144,0,0.0046218373
Warm A,694017,4156,4155,3529,2144,0,0.01342232
Warm A,681683,4083,4082,3529,2144,1,0.012759414
Warm A,713275,4277,4276,3529,2144,1,0.0042247158
Warm A,678750,4064,4063,3529,2144,0,0.004518805
Warm A,669161,4022,4021,3529,2144,0,0.012658066
Warm A,667622,4016,4015,3529,2144,0,0.0060745026
Warm A,660096,3978,3977,3529,2144,1,0.0037285252
Warm A,654964,3945,3944,3529,2144,0,0.007308532
Warm A,651574,3929,3928,3529,2144,0,0.009386893
Warm A,649498,3914,3913,3529,2144,0,-0.0003823717
Warm A,643775,3878,3877,3529,2144,1,0.009901471
Warm A,702459,4213,4212,3529,2144,1,0.0076327724
Warm A,632585,3823,3822,3529,2144,0,0.008122575
Warm A,629748,3808,3807,3529,2144,0,-0.0028029005
Warm A,638455,3841,3840,3529,2144,0,0.011619932
Warm A,619598,3754,3753,3529,2144,1,3.0608848e-05
Warm A,840079,5047,5046,3529,2144,0,0.003228282
Warm A,611293,3705,3704,3529,2144,1,0.013382637
Warm A,598348,3641,3640,3529,2144,1,0.0083797155
Warm A,594174,3618,3617,3529,2144,0,0.0046252785
Warm A,596788,3626,3625,3529,2144,1,0.01173764
Warm A,758741,4510,4509,3529,2144,0,0.018424701
Warm A,580994,3547,3546,3529,2144,0,0.009759195
Warm A,557838,3425,3424,3529,2144,1,0.009193165
Warm A,546930,3371,3370,3529,2144,0,0.0088769095
Warm A,542380,3336,3335,3529,2144,0,0.0023695799
Warm A,533527,3292,3291,3529,2144,1,0.008516079
Warm A,522824,3224,3223,3529,2144,1,-0.0009378855
Warm A,688170,4116,4115,3529,2144,1,0.015627386
Warm A,566414,3476,3475,3529,2144,1,0.0040160436
Warm A,509893,3140,3139,3529,2144,0,-0.0053373063
Warm A,508759,3129,3128,3529,2144,1,0.0063965004
Warm A,505265,3108,3107,3529,2144,1,0.0021725914
Warm A,494389,3032,3031,3529,2144,1,0.00970951
Warm A,482833,2967,2966,3529,2144,0,0.012275316
Warm A,480257,2946,2945,3529,2144,0,0.015387075
Warm A,696592,4169,4168,3529,2144,0,0.0049682134
Warm A,852682,5113,5112,3529,2144,0,0.0014476848
Warm A,473963,2909,2908,3529,2144,1,0.0041251876
Warm A,453937,2793,2792,3529,2144,1,0.014017528
Warm A,446505,2752,2751,3529,2144,1,0.0025319343
Warm A,440485,2693,2692,3529,2144,1,0.006495971
Warm A,428846,2609,2608,3529,2144,1,0.0047241324
Warm A,420283,2540,2539,3529,2144,1,-0.0058175647
Warm A,427044,2592,2591,3529,2144,0,0.007722636
Warm A,425402,2581,2580,3529,2144,1,0.0087691005
Warm A,415094,2498,2497,3529,2144,0,0.006960431
Warm A,414718,2496,2495,3529,2144,0,0.0028500147
Warm A,402457,2402,2401,3529,2144,1,0.010409313
Warm A,395964,2340,2339,3529,2144,1,0.0041536647
Warm A,381733,2231,2230,3529,2144,0,0.0025390247
Warm A,364914,2124,2123,3529,2144,0,0.002611027
Warm A,352729,2064,2063,3529,2144,0,-0.004473053
Warm A,219990,1333,1332,3529,2144,1,0.01147974
Warm A,211215,1285,1284,3529,2144,1,0.018110367
Warm A,220441,1335,1334,3529,2144,0,0.012420106
Warm A,210277,1284,1283,3529,2144,1,0.00929287
Warm A,279710,1680,1679,3529,2144,1,0.0059702704
Warm A,185611,1150,1149,3529,2144,0,0.016120732
Warm A,180409,1128,1127,3529,2144,0,0.00484521
Warm A,191287,1181,1180,3529,2144,0,0.01208562
Warm A,275681,1667,1666,3529,2144,0,-0.0007740953
Warm A,158509,1015,1014,3529,2144,0,0.015466071
Warm A,151698,975,974,3529,2144,1,0.009053593
Warm A,132049,854,853,3529,2144,0,0.0013256785
Warm A,131294,850,849,3529,2144,1,0.0064735617
Warm A,315473,1880,1879,3529,2144,1,0.0030321341
Warm A,97147,651,650,3529,2144,1,0.0015255054
Warm A,316968,1884,1883,3529,2144,1,0.01021268
Warm A,425762,2583,2582,3529,2144,1,0.01188147
Warm A,89354,588,587,3529,2144,0,0.013462022
Warm A,85952,562,561,3529,2144,0,0.0010277706
Warm A,83401,549,548,3529,2144,0,0.010716991
Warm A,84416,550,549,3529,2144,0,0.010211794
Warm A,71592,481,480,3529,2144,0,0.003288306
Warm A,76768,520,519,3529,2144,1,0.0043612057
Warm A,240380,1449,1448,3529,2144,0,0.005597461
Warm A,639266,3842,3841,3529,2144,1,-0.00020217965
Warm A,39782,270,269,3529,2144,1,-0.0017269971
Warm A,99005,660,659,3529,2144,0,0.013075156
Warm A,481962,2962,2961,3529,2144,1,0.0027652322
Warm A,239193,1448,1447,3529,2144,0,0.0054495707
Warm A,15625,123,122,3529,2144,1,0.0024360782
Warm A,123525,796,795,3529,2144,0,0.008079516
Warm A,9303,62,61,3529,2144,0,0.007893131
Warm A,801475,4802,4801,3529,2144,1,0.002071577
Warm A,908126,5493,5492,3529,2144,0,0.007821422
Warm A,217242,1317,1316,3529,2144,1,0.0071361326
Warm A,760211,4517,4516,3538,2148,0,0.013173518
Warm A,660548,3982,3981,3538,2148,0,0.00029205787
Warm A,390756,2293,2292,3538,2148,1,0.002952032
Warm A,389323,2281,2280,3538,2148,1,0.0074693453
Warm A,389249,2280,2279,3538,2148,1,-0.0013774304
Warm A,460821,2841,2840,3538,2148,0,0.018777534
Warm A,368091,2149,2148,3538,2148,0,0.018914185
Warm A,364919,2124,2123,3538,2148,1,0.011458825
Warm A,357879,2093,2092,3538,2148,1,0.0067605013
Warm A,329006,1942,1941,3538,2148,1,0.006285832
Warm A,326461,1933,1932,3538,2148,1,-0.004781361
Warm A,319513,1897,1896,3538,2148,1,0.018703833
Warm A,313253,1867,1866,3538,2148,0,0.0052035167
Warm A,309958,1843,1842,3538,2148,0,0.011131179
Warm A,302805,1798,1797,3538,2148,1,0.0056794267
Warm A,276390,1671,1670,3538,2148,1,0.004963495
Warm A,280952,1685,1684,3538,2148,1,0.0039526056
Warm A,268602,1631,1630,3538,2148,1,0.0036694552
Warm A,266837,1618,1617,3538,2148,1,0.0061209965
Warm A,256678,1569,1568,3538,2148,1,0.001110615
Warm A,313185,1866,1865,3538,2148,1,0.0022059544
Warm A,253097,1537,1536,3538,2148,0,0.01670273
Warm A,246947,1491,1490,3538,2148,0,0.007050113
Warm A,294442,1749,1748,3538,2148,0,0.008435286
Warm A,236864,1439,1438,3538,2148,0,-0.0061621284
Warm A,234554,1423,1422,3538,2148,1,-0.0034622569
Warm A,232595,1413,1412,3538,2148,0,0.0050252266
Warm A,225304,1362,1361,3538,2148,1,0.0071383733
Warm A,224308,1356,1355,3538,2148,0,0.01440414
Warm A,222449,1345,1344,3538,2148,1,0.016148744
Warm A,216620,1315,1314,3538,2148,1,-0.003261324
Warm A,296572,1758,1757,3538,2148,1,0.012887715
Warm A,211234,1285,1284,3538,2148,0,0.013209814
Warm A,202142,1243,1242,3538,2148,1,0.011276757
Warm A,201735,1242,1241,3538,2148,0,-0.002141409
Warm A,195679,1203,1202,3538,2148,1,0.0126179755
Warm A,229970,1391,1390,3538,2148,1,0.013520494
Warm A,189584,1174,1173,3538,2148,1,0.0112993745
Warm A,189478,1173,1172,3538,2148,0,0.007076542
Warm A,188310,1168,1167,3538,2148,0,0.001716502
Warm A,207066,1266,1265,3538,2148,1,0.008554496
Warm A,212531,1294,1293,3538,2148,1,0.013474449
Warm A,183762,1144,1143,3538,2148,1,0.00486067
Warm A,174913,1108,1107,3538,2148,1,0.006895701
Warm A,166587,1059,1058,3538,2148,0,0.00039316155
Warm A,161882,1032,1031,3538,2148,0,0.010636476
Warm A,155488,1001,1000,3538,2148,1,0.020329095
Warm A,153717,987,986,3538,2148,1,0.009069637
Warm A,150111,966,965,3538,2148,1,0.015666096
Warm A,147796,952,951,3538,2148,0,0.008164918
Warm A,146138,939,938,3538,2148,1,0.0046921126
Warm A,142493,919,918,3538,2148,1,0.0013072294
Warm A,964171,5812,5811,3538,2148,0,0.016472988
Warm A,138682,889,888,3538,2148,0,0.013705509
Warm A,312041,1860,1859,3538,2148,0,0.0035243572
Warm A,916737,5539,5538,3538,2148,1,0.00622752
Warm A,133473,862,861,3538,2148,1,0.0024308579
Warm A,132842,856,855,3538,2148,0,0.008128121
Warm A,200132,1228,1227,3538,2148,0,0.0057338914
Warm A,631759,3821,3820,3538,2148,0,0.008214707
Warm A,112648,731,730,3538,2148,1,0.012920346
Warm A,100968,673,672,3538,2148,1,0.0055726077
Warm A,661013,3985,3984,3538,2148,0,0.0017653247
Warm A,93072,623,622,3538,2148,1,0.005059111
Warm A,574881,3518,3517,3538,2148,1,0.012767464
Warm A,465213,2868,2867,3538,2148,1,0.0046600723
Warm A,89633,590,589,3538,2148,1,0.0016004639
Warm A,78182,527,526,3538,2148,1,-0.006268286
Warm A,75738,515,514,3538,2148,1,0.0071770404
Warm A,69331,464,463,3538,2148,1,-0.007551402
Warm A,949497,5737,5736,3538,2148,1,0.007281103
Warm A,61324,412,411,3538,2148,1,-0.0016957
Warm A,60771,411,410,3538,2148,0,0.009337183
Warm A,58094,392,391,3538,2148,0,0.0105318865
Warm A,503984,3097,3096,3538,2148,1,0.002890601
Warm A,198056,1217,1216,3538,2148,1,0.010495189
Warm A,45965,308,307,3538,2148,0,0.011900965
Warm A,43380,298,297,3538,2148,1,0.0010688434
Warm A,61821,415,414,3538,2148,1,0.0071208803
Warm A,332813,1962,1961,3538,2148,0,0.00927919
Warm A,182172,1137,1136,3538,2148,1,0.017802224
Warm A,88920,587,586,3538,2148,0,0.0021885238
Warm A,30938,207,206,3538,2148,1,0.015441592
Warm A,28598,197,196,3538,2148,1,0.003768983
Warm A,883090,5333,5332,3538,2148,0,0.015084295
Warm A,45012,303,302,3538,2148,1,0.0011683046
Warm A,133669,864,863,3538,2148,1,-0.004515322
Warm A,397942,2362,2361,3538,2148,0,0.010183764
Warm A,152523,981,980,3538,2148,1,0.026687836
Warm A,314410,1877,1876,3538,2148,1,-0.0008505502
Warm A,16122,127,126,3538,2148,0,0.00074798684
Warm A,15044,119,118,3538,2148,0,0.004244341
Warm A,17530,136,135,3538,2148,1,0.00080776913
Warm A,784185,4682,4681,3538,2148,1,0.00821342
Warm A,657629,3963,3962,3538,2148,0,0.005035668
Warm A,28228,195,194,3538,2148,1,0.0077339495
Warm A,75589,514,513,3538,2148,1,0.011312452
Warm A,399214,2376,2375,3538,2148,1,0.013990162
Warm A,353527,2071,2070,3538,2148,0,0.009057142
Warm A,846673,5087,5086,3538,2148,0,0.0062615005
Warm A,722541,4327,4326,3538,2148,0,0.003996781
Warm A,447565,2757,2756,3538,2148,1,0.0042431825
Warm A,548603,3386,3385,3538,2148,1,0.0014387678
Warm A,258563,1584,1583,3538,2148,0,0.003334527
Warm A,365865,2129,2128,3538,2148,0,0.0029267147
Warm A,475624,2918,2917,3538,2148,1,0.00061331876
Warm A,882201,5329,5328,3538,2148,1,0.008532658
Warm A,405368,2427,2426,3538,2148,1,0.0023318143
Warm A,29471,201,200,3538,2148,0,0.0073204134
Warm A,495385,3041,3040,3538,2148,1,-0.0043905983
Warm A,254903,1551,1550,3538,2148,0,0.009800133
Warm A,965883,5825,5824,3538,2148,1,0.0037622405
Warm A,739435,4418,4417,3538,2148,1,0.0063671703
Warm A,912836,5520,5519,3538,2148,1,0.0075511155
Warm A,179779,1125,1124,3538,2148,0,0.009072678
Warm A,223107,1352,1351,3538,2148,1,0.006278676
Warm A,392456,2304,2303,3544,2150,0,0.0026832866
Warm A,385387,2251,2250,3544,2150,1,0.0145241795
Warm A,356048,2085,2084,3544,2150,0,-0.0040306523
Warm A,361856,2109,2108,3544,2150,0,0.0066773393
Warm A,341768,2012,2011,3544,2150,0,0.003994098
Warm A,340884,2010,2009,3544,2150,0,0.0035073813
Warm A,281396,1687,1686,3544,2150,0,0.003491982
Warm A,282750,1694,1693,3544,2150,0,0.0075064735
Warm A,268102,1628,1627,3544,2150,1,0.006880041
Warm A,247869,1496,1495,3544,2150,0,0.009779159
Warm A,289470,1727,1726,3544,2150,1,0.0030589476
Warm A,308162,1836,1835,3544,2150,0,-0.0013654095
Warm A,279771,1680,1679,3544,2150,0,0.0075672097
Warm A,179228,1124,1123,3544,2150,0,0.0048003644
Warm A,173809,1100,1099,3544,2150,0,0.011199259
Warm A,158551,1015,1014,3544,2150,0,0.005912928
Warm A,135812,877,876,3544,2150,1,0.009124906
Warm A,352227,2063,2062,3544,2150,0,0.016947687
Warm A,160332,1019,1018,3544,2150,0,0.0021106666
Warm A,112659,731,730,3544,2150,1,0.0064587044
Warm A,108243,710,709,3544,2150,0,0.007307142
Warm A,96491,647,646,3544,2150,1,0.006974253
Warm A,88927,587,586,3544,2150,1,0.0074026273
Warm A,406198,2436,2435,3544,2150,1,0.011060439
Warm A,80358,533,532,3544,2150,1,0.0027108483
Warm A,116517,752,751,3544,2150,1,0.0007375751
Warm A,70260,474,473,3544,2150,0,0.008477945
Warm A,41839,284,283,3544,2150,1,0.0012622984
Warm A,34381,232,231,3544,2150,0,0.0021588008
Warm A,337182,1983,1982,3544,2150,1,0.010034144
Warm A,633524,3824,3823,3544,2150,0,0.015921857
Warm A,860155,5172,5171,3544,2150,0,0.0034932117
Warm A,828799,4979,4978,3544,2150,0,0.018099753
Warm A,252636,1530,1529,3544,2150,0,0.008527631
Warm A,45977,308,307,3544,2150,0,-0.0013035736
Warm A,67855,454,453,3544,2150,1,0.007993225
Warm A,310821,1851,1850,3544,2150,0,-0.0031046732
Warm A,80899,537,536,3547,2153,1,-0.0013962947
Warm A,63271,424,423,3547,2153,0,-0.01187638
Warm A,33539,225,224,3547,2153,0,-0.0054155267
Warm A,796123,4771,4770,3547,2153,1,-0.00401208
Warm A,421177,2544,2543,3547,2153,1,-0.008917151
Warm A,284923,1699,1698,3547,2153,1,-0.010286987
Warm A,158555,1015,1014,3547,2153,0,-0.010991812
Warm A,526547,3258,3257,3547,2153,0,0.0056490256
Warm A,901464,5450,5449,3547,2153,0,-0.010040501
Warm A,309756,1842,1841,3547,2153,1,-0.012316721
Warm A,50211,331,330,3547,2153,1,-0.007480094
Warm A,841226,5054,5053,3547,2153,1,-0.0046683727
Warm A,103997,691,690,3547,2153,1,-0.009975599
Warm A,319525,1897,1896,3547,2153,1,-0.008879712
Warm A,241404,1451,1450,3547,2153,1,-0.0021062035
Warm A,933568,5636,5635,3547,2153,0,-0.007955761
Warm A,24408,173,172,3547,2153,1,-0.0027300068
Warm A,675583,4053,4052,3550,2156,1,0.0034917863
Warm A,672168,4040,4039,3550,2156,1,0.00506529
Warm A,676177,4054,4053,3550,2156,1,0.005451045
Warm A,664799,4001,4000,3550,2156,0,0.0045018387
Warm A,680361,4078,4077,3550,2156,1,0.006047609
Warm A,652784,3934,3933,3550,2156,0,0.0025143921
Warm A,647084,3894,3893,3550,2156,0,-0.0008687128
Warm A,639300,3842,3841,3550,2156,1,0.0009742428
Warm A,635182,3829,3828,3550,2156,0,0.004277933
Warm A,633542,3824,3823,3550,2156,0,-0.0012789783
Warm A,628212,3804,3803,3550,2156,1,0.0065383883
Warm A,629811,3808,3807,3550,2156,1,0.002560122
Warm A,627974,3801,3800,3550,2156,0,-0.0033054901
Warm A,638512,3841,3840,3550,2156,0,0.0063178604
Warm A,623523,3771,3770,3550,2156,0,0.005906554
Warm A,615787,3727,3726,3550,2156,0,-0.0028563722
Warm A,606688,3683,3682,3550,2156,0,0.015884759
Warm A,577789,3528,3527,3550,2156,0,-0.0041557774
Warm A,581006,3547,3546,3550,2156,1,-0.003769816
Warm A,576273,3521,3520,3550,2156,1,0.0054120803
Warm A,574901,3518,3517,3550,2156,0,-0.0054770727
Warm A,579677,3539,3538,3550,2156,0,0.004976842
Warm A,569436,3491,3490,3550,2156,0,0.008997043
Warm A,657193,3961,3960,3550,2156,1,0.0014609636
Warm A,560231,3442,3441,3550,2156,0,0.0052624247
Warm A,645443,3885,3884,3550,2156,0,-0.004180903
Warm A,544442,3356,3355,3550,2156,1,0.0051971637
Warm A,543949,3352,3351,3550,2156,1,0.00494038
Warm A,543489,3346,3345,3550,2156,1,0.004233778
Warm A,670779,4031,4030,3550,2156,0,0.0035523116
Warm A,519833,3207,3206,3550,2156,0,0.0016141373
Warm A,518263,3198,3197,3550,2156,1,-0.001966746
Warm A,522882,3224,3223,3550,2156,1,-0.0013229633
Warm A,566443,3476,3475,3550,2156,0,0.0061198245
Warm A,506863,3118,3117,3550,2156,1,0.005367866
Warm A,654318,3942,3941,3550,2156,1,-0.0010575196
Warm A,501865,3081,3080,3550,2156,1,-0.0004946522
Warm A,490925,3018,3017,3550,2156,0,0.009975659
Warm A,696663,4169,4168,3550,2156,0,0.005507019
Warm A,477267,2929,2928,3550,2156,0,-0.003834792
Warm A,474801,2913,2912,3550,2156,0,0.0057088584
Warm A,754748,4497,4496,3550,2156,1,0.015933499
Warm A,463549,2857,2856,3550,2156,0,0.006612369
Warm A,458225,2820,2819,3550,2156,0,0.0063422513
Warm A,453970,2793,2792,3550,2156,1,-0.003926868
Warm A,790512,4728,4727,3550,2156,1,0.008023834
Warm A,437129,2668,2667,3550,2156,1,0.009095901
Warm A,415567,2503,2502,3550,2156,1,0.004634966
Warm A,409764,2457,2456,3550,2156,0,0.013803831
Warm A,409295,2456,2455,3550,2156,1,0.0028352076
Warm A,464315,2860,2859,3550,2156,0,0.0008535888
Warm A,402485,2402,2401,3550,2156,0,0.002951247
Warm A,389080,2279,2278,3550,2156,0,0.0026867413
Warm A,377966,2205,2204,3550,2156,0,0.0054643727
Warm A,370054,2164,2163,3550,2156,0,0.00078963675
Warm A,394281,2323,2322,3550,2156,0,0.0013880357
Warm A,364940,2124,2123,3550,2156,0,-0.0072817826
Warm A,326341,1931,1930,3550,2156,1,-0.0025741898
Warm A,334006,1969,1968,3550,2156,1,0.0047813547
Warm A,288325,1722,1721,3550,2156,1,-0.0066778585
Warm A,270493,1636,1635,3550,2156,1,-0.0025543068
Warm A,280966,1685,1684,3550,2156,1,0.0032489046
Warm A,264232,1607,1606,3550,2156,1,0.0020250345
Warm A,225436,1364,1363,3550,2156,0,-0.0013785451
Warm A,224540,1357,1356,3550,2156,0,0.0014227706
Warm A,325562,1926,1925,3550,2156,1,0.005776958
Warm A,240443,1449,1448,3550,2156,0,0.0121548
Warm A,207576,1268,1267,3550,2156,1,0.0006840157
Warm A,294460,1749,1748,3550,2156,1,-0.0035008595
Warm A,215053,1303,1302,3550,2156,0,0.0041765934
Warm A,307659,1835,1834,3550,2156,1,-0.0031912704
Warm A,182883,1140,1139,3550,2156,0,-0.0045341933
Warm A,211824,1288,1287,3550,2156,1,-0.0028936118
Warm A,169383,1075,1074,3550,2156,0,0.0012979279
Warm A,163315,1044,1043,3550,2156,0,-0.0014429023
Warm A,159398,1017,1016,3550,2156,0,0.004058559
Warm A,158579,1015,1014,3550,2156,1,0.0069539957
Warm A,131321,850,849,3550,2156,1,0.0031634038
Warm A,315514,1880,1879,3550,2156,0,-0.000942113
Warm A,124579,801,800,3550,2156,1,-0.0006377514
Warm A,105251,696,695,3550,2156,0,0.0023904725
Warm A,201757,1242,1241,3550,2156,1,0.0021596027
Warm A,211271,1285,1284,3550,2156,1,0.009158125
Warm A,191363,1181,1180,3550,2156,0,0.014786795
Warm A,81875,543,542,3550,2156,1,0.00030272547
Warm A,83457,549,548,3550,2156,0,0.004695429
Warm A,63293,424,423,3550,2156,0,0.0068823863
Warm A,41219,278,277,3550,2156,0,0.0035922865
Warm A,36567,245,244,3550,2156,0,0.0061972747
Warm A,7819,53,52,3550,2156,1,0.004581343
Warm A,18755,146,145,3550,2156,0,0.004411641
Warm A,28274,195,194,3550,2156,1,0.006360142
Warm A,365873,2129,2128,3550,2156,0,-0.0043005156
Warm A,713319,4277,4276,3550,2156,0,0.00543545
Warm A,328593,1941,1940,3550,2156,0,0.010271275
Warm A,290492,1733,1732,3550,2156,0,0.011538357
Warm A,229727,1390,1389,3550,2156,0,-0.00093332166
Warm A,271846,1643,1642,3550,2156,1,-0.0010379669
Warm A,241417,1451,1450,3550,2156,1,0.0007983011
Warm A,821614,4940,4939,3550,2156,0,0.0013520103
Warm A,844037,5074,5073,3553,2159,0,0.006771736
Warm A,33166,224,223,3553,2159,0,0.0072494578
Warm A,12852,99,98,3553,2159,0,0.00027872133
Warm A,895717,5413,5412,3553,2159,0,0.0004931367
Warm A,431178,2627,2626,3553,2159,0,-0.0011970117
Warm A,263619,1605,1604,3553,2159,0,0.004443207
Warm A,682706,4085,4084,3553,2159,1,-0.00048362953
Warm A,564684,3471,3470,3553,2159,0,0.020200476
Warm A,401178,2390,2389,3553,2159,0,0.0039860047
Warm A,684202,4089,4088,3553,2159,0,0.0071654012
Warm A,309763,1842,1841,3553,2159,0,0.00454348
Warm A,907707,5492,5491,3553,2159,0,0.00494556
Warm A,336288,1980,1979,3553,2159,0,0.0018946163
Warm A,164801,1051,1050,3553,2159,0,0.012419481
Warm A,883103,5333,5332,3553,2159,0,0.0069890795
Warm A,158581,1015,1014,3553,2159,0,0.005794362
Warm A,206462,1265,1264,3553,2159,0,0.0061658192
Warm A,313004,1865,1864,3553,2159,0,0.0031250513
Warm A,718664,4305,4304,3553,2159,1,0.012373297
Warm A,713322,4277,4276,3553,2159,1,0.003986497
Warm A,413866,2489,2488,3553,2159,0,-0.00538366
Warm A,877459,5302,5301,3553,2159,0,0.00024938514
Warm A,120160,776,775,3554,2160,1,0.0056071677
Warm A,119826,773,772,3554,2160,1,0.0019637216
Warm A,116533,752,751,3554,2160,0,0.018333144
Warm A,111360,724,723,3554,2160,1,0.0060780216
Warm A,100983,673,672,3554,2160,0,0.003214186
Warm A,129022,838,837,3554,2160,1,0.0062728133
Warm A,335228,1978,1977,3554,2160,0,0.012759909
Warm A,583637,3562,3561,3554,2160,1,0.008404288
Warm A,89638,590,589,3554,2160,1,0.01119725
Warm A,66777,447,446,3554,2160,1,-0.008984509
Warm A,64356,429,428,3554,2160,1,0.01457758
Warm A,51488,338,337,3554,2160,1,0.0007645086
Warm A,48875,327,326,3554,2160,1,0.013414919
Warm A,317900,1889,1888,3554,2160,0,0.0102470685
Warm A,145480,935,934,3554,2160,0,-9.472133e-05
Warm A,117089,754,753,3554,2160,1,0.012388779
Warm A,713323,4277,4276,3554,2160,1,0.011982989
Warm A,500517,3074,3073,3554,2160,1,0.010782052
Warm A,23351,167,166,3554,2160,1,0.011212887
Warm A,12061,92,91,3554,2160,0,0.019779082
Warm A,7289,51,50,3554,2160,0,0.006854955
Warm A,437271,2669,2668,3554,2160,1,0.015050681
Warm A,4071,30,29,3554,2160,1,-0.0019421601
Warm A,172006,1088,1087,3554,2160,1,0.02140373
Warm A,804361,4816,4815,3554,2160,1,0.007341441
Warm A,255612,1556,1555,3554,2160,0,0.00438226
Warm A,24425,173,172,3554,2160,0,0.0056723943
Warm A,883104,5333,5332,3554,2160,1,-0.0015678299
Warm A,733568,4386,4385,3554,2160,1,0.013673158
Warm A,548607,3386,3385,3554,2160,1,-4.359614e-05
Warm A,228496,1383,1382,3554,2160,1,0.0059401887
Warm A,575538,3519,3518,3554,2160,1,0.014873266
Warm A,574904,3518,3517,3554,2160,0,0.0052221147
Warm A,71435,480,479,3554,2160,0,0.0076771164
Warm A,801500,4802,4801,3554,2160,0,0.012426781
Warm A,20073,149,148,3554,2160,1,0.0049427985
Warm A,127380,822,821,3554,2160,1,0.0055510383
Warm A,405373,2427,2426,3554,2160,1,0.013302732
Warm A,195704,1203,1202,3554,2160,1,0.00663961
Warm A,59465,403,402,3554,2160,0,0.0017279435
Warm A,83463,549,548,3554,2160,0,0.012709481
Warm A,561685,3454,3453,3554,2160,0,0.009432776
Warm A,879953,5317,5316,3554,2160,1,0.0031900555
Warm A,13168,102,101,3554,2160,1,0.0077002114
Warm A,241420,1451,1450,3554,2160,1,0.00943811
Warm A,352252,2063,2062,3554,2160,1,0.016251147
Warm A,111737,727,726,3554,2160,1,0.017856997
Warm A,203704,1252,1251,3554,2160,0,-0.006672385
Warm A,474021,2909,2908,3554,2160,0,0.009249358
Warm A,965885,5825,5824,3554,2160,1,0.0042715585
Warm A,60803,411,410,3554,2160,0,0.00805406
Warm A,421191,2544,2543,3554,2160,0,0.0043603256
Warm A,926159,5598,5597,3554,2160,1,0.007259036
Warm A,527107,3260,3259,3554,2160,0,0.008827239
Warm A,215683,1306,1305,3554,2160,1,0.009775482
Warm A,178736,1121,1120,3554,2160,1,0.015744038
Warm A,491235,3020,3019,3554,2160,1,-0.00025311531
Warm A,33980,229,228,3554,2160,1,-0.0006900579
Warm A,739442,4418,4417,3554,2160,1,0.0030418155
Warm A,517100,3191,3190,3557,2163,0,0.012560558
Warm A,521547,3217,3216,3557,2163,0,0.01593523
Warm A,498441,3060,3059,3557,2163,1,-0.0016475972
Warm A,489315,3012,3011,3557,2163,0,0.00927977
Warm A,480276,2946,2945,3557,2163,0,0.0075376523
Warm A,879956,5317,5316,3557,2163,0,0.020560615
Warm A,463553,2857,2856,3557,2163,0,0.015207643
Warm A,458230,2820,2819,3557,2163,0,0.010194343
Warm A,444827,2743,2742,3557,2163,0,0.003980865
Warm A,467038,2878,2877,3557,2163,0,0.0039711962
Warm A,431718,2629,2628,3557,2163,0,0.005490292
Warm A,416873,2507,2506,3557,2163,0,0.014142372
Warm A,408389,2453,2452,3557,2163,0,0.0064196535
Warm A,373228,2179,2178,3557,2163,0,0.00444488
Warm A,358629,2098,2097,3557,2163,0,0.007905645
Warm A,352255,2063,2062,3557,2163,0,0.011023829
Warm A,371813,2172,2171,3557,2163,0,0.01218979
Warm A,296176,1757,1756,3557,2163,0,0.014014203
Warm A,565752,3475,3474,3557,2163,1,0.012541983
Warm A,279821,1680,1679,3557,2163,1,0.009053007
Warm A,328608,1941,1940,3557,2163,0,0.007505566
Warm A,185708,1150,1149,3557,2163,0,0.008586315
Warm A,184112,1146,1145,3557,2163,0,0.00016956544
Warm A,221583,1340,1339,3557,2163,0,0.005237356
Warm A,145483,935,934,3557,2163,0,0.004976994
Warm A,361064,2106,2105,3557,2163,0,0.0048251017
Warm A,223745,1354,1353,3557,2163,0,0.018802479
Warm A,111361,724,723,3557,2163,0,0.012459832
Warm A,103507,687,686,3557,2163,1,0.008435978
Warm A,99044,660,659,3557,2163,0,0.010910536
Warm A,240456,1449,1448,3557,2163,0,0.005586639
Warm A,111020,721,720,3557,2163,0,0.01450371
Warm A,631785,3821,3820,3557,2163,0,0.010816026
Warm A,696671,4169,4168,3557,2163,1,0.015763331
Warm A,83469,549,548,3557,2163,1,0.0134288585
Warm A,191372,1181,1180,3557,2163,0,0.012265177
Warm A,77823,524,523,3557,2163,0,0.023277275
Warm A,239256,1448,1447,3557,2163,1,0.004464918
Warm A,15669,123,122,3557,2163,0,0.012500182
Warm A,276428,1671,1670,3557,2163,0,0.014857918
Warm A,9351,62,61,3557,2163,0,0.009451525
Warm A,7824,53,52,3557,2163,1,0.010081052
Warm A,108259,710,709,3557,2163,1,0.016237669
Warm A,104520,692,691,3557,2163,0,0.012347605
Warm A,50230,331,330,3557,2163,0,0.005190723
Warm A,355135,2077,2076,3557,2163,0,0.006607552
Warm A,150762,970,969,3557,2163,0,0.010261698
Warm A,79679,531,530,3557,2163,0,0.01335532
Warm A,476462,2926,2925,3557,2163,0,0.010897916
Warm A,178739,1121,1120,3557,2163,1,-0.0038235122
Warm A,475635,2918,2917,3557,2163,0,0.003647319
Warm A,532359,3285,3284,3557,2163,0,0.012242742
Warm A,608709,3691,3690,3557,2163,1,0.0069071017
Warm A,179801,1125,1124,3557,2163,0,0.00906654
Warm A,325041,1925,1924,3557,2163,1,0.018064743
Warm A,941505,5682,5681,3557,2163,0,0.015764983
Warm A,298476,1769,1768,3564,2164,0,-0.0021948852
Warm A,286015,1706,1705,3564,2164,0,0.005936651
Warm A,278284,1678,1677,3564,2164,0,0.0049419575
Warm A,271559,1641,1640,3564,2164,0,-0.013407594
Warm A,264429,1608,1607,3564,2164,0,-0.0016734509
Warm A,256990,1573,1572,3564,2164,0,-0.0036749134
Warm A,251947,1524,1523,3564,2164,0,-0.002908947
Warm A,236491,1434,1433,3564,2164,0,-0.0015954787
Warm A,225630,1366,1365,3564,2164,0,-0.0024746298
Warm A,224897,1359,1358,3564,2164,0,0.0060379193
Warm A,220216,1334,1333,3564,2164,0,0.0061539477
Warm A,200687,1232,1231,3564,2164,0,0.009672467
Warm A,279863,1680,1679,3564,2164,0,-0.004676042
Warm A,186509,1153,1152,3564,2164,0,-0.002236247
Warm A,326573,1935,1934,3564,2164,0,-0.004169901
Warm A,180030,1127,1126,3564,2164,0,0.003233061
Warm A,179812,1125,1124,3564,2164,0,-0.002209566
Warm A,167451,1066,1065,3564,2164,0,0.004738427
Warm A,270501,1636,1635,3564,2164,0,0.0004865717
Warm A,162606,1037,1036,3564,2164,0,0.001836949
Warm A,246464,1489,1488,3564,2164,0,-0.004506613
Warm A,151735,975,974,3564,2164,0,0.0006176083
Warm A,148853,957,956,3564,2164,0,0.0010343506
Warm A,146492,944,943,3564,2164,0,-0.002415743
Warm A,134561,869,868,3564,2164,0,-0.0013029396
Warm A,128792,836,835,3564,2164,0,-0.0029658617
Warm A,182204,1137,1136,3564,2164,0,-0.0011121905
Warm A,126068,812,811,3564,2164,0,0.002588824
Warm A,114561,744,743,3564,2164,0,0.004150676
Warm A,100992,673,672,3564,2164,0,-0.0037238614
Warm A,95053,637,636,3564,2164,0,-0.010750167
Warm A,93869,629,628,3564,2164,0,0.00042694178
Warm A,116916,753,752,3564,2164,0,-0.009519161
Warm A,88167,581,580,3564,2164,0,0.0008118355
Warm A,73177,494,493,3564,2164,0,-0.001901706
Warm A,58878,399,398,3564,2164,0,0.00236419
Warm A,55671,368,367,3564,2164,0,0.002258613
Warm A,49832,330,329,3564,2164,0,0.0010548446
Warm A,41871,284,283,3564,2164,0,0.0011107046
Warm A,647848,3900,3899,3564,2164,0,-0.0054807262
Warm A,32204,216,215,3564,2164,0,0.00034741312
Warm A,30592,204,203,3564,2164,0,0.0044729635
Warm A,25659,181,180,3564,2164,0,0.00045139994
Warm A,9002,61,60,3564,2164,0,0.0008670318
Warm A,142235,918,917,3564,2164,0,0.0044261413
Warm A,483299,2969,2968,3564,2164,0,-0.0029651152
Warm A,249000,1501,1500,3564,2164,0,-0.00032795034
Warm A,102592,678,677,3564,2164,0,-0.003682461
Warm A,577493,3526,3525,3564,2164,0,-0.009457611
Warm A,83496,549,548,3564,2164,0,0.0018952666
Warm A,35105,237,236,3564,2164,0,-0.00934648
Warm A,111035,721,720,3564,2164,1,-0.0013688302
Warm A,352285,2063,2062,3564,2164,0,-0.0007937718
Warm A,907714,5492,5491,3564,2164,1,0.0023002375
Warm A,415860,2504,2503,3564,2164,0,-0.008178961
Warm A,255979,1560,1559,3564,2164,0,-0.00057500345
Warm A,427378,2594,2593,3564,2164,0,0.0062412396
Warm A,164822,1051,1050,3564,2164,0,-0.0028301904
Warm A,60840,411,410,3564,2164,0,-0.0012801834
Warm A,699767,4186,4185,3564,2164,0,0.0021073127
Warm A,328650,1941,1940,3564,2164,0,0.0031584795
Warm A,992466,5996,5995,3564,2164,0,0.002343562
Warm A,488178,3002,3001,3564,2164,0,-0.0013480636
Warm A,865960,5222,5221,3564,2164,0,-0.0024557593
Warm A,460841,2841,2840,3564,2164,0,0.0019127605
Warm A,718673,4305,4304,3564,2164,0,-0.0069942866
Warm A,470775,2898,2897,3564,2164,0,0.0003902167
Warm A,550543,3391,3390,3564,2164,0,-0.0038517523
Warm A,289801,1731,1730,3571,2167,1,-0.00031159585
Warm A,278291,1678,1677,3571,2167,0,0.0033109868
Warm A,267674,1626,1625,3571,2167,0,0.010091217
Warm A,325599,1926,1925,3571,2167,1,0.021451626
Warm A,284506,1698,1697,3571,2167,0,0.0059986687
Warm A,212637,1295,1294,3571,2167,0,0.007630535
Warm A,294499,1749,1748,3571,2167,0,0.0038202973
Warm A,195743,1203,1202,3571,2167,0,0.018679272
Warm A,201236,1241,1240,3571,2167,1,0.0008767769
Warm A,308916,1837,1836,3571,2167,1,0.012054529
Warm A,204748,1260,1259,3571,2167,0,0.00034828484
Warm A,188330,1168,1167,3571,2167,0,0.02044919
Warm A,155507,1001,1000,3571,2167,1,0.0025331974
Warm A,139651,893,892,3571,2167,1,0.0069270246
Warm A,127397,822,821,3571,2167,0,0.008030879
Warm A,105273,696,695,3571,2167,0,0.006828516
Warm A,101001,673,672,3571,2167,1,-0.005307447
Warm A,305136,1812,1811,3571,2167,1,0.013837885
Warm A,232607,1413,1412,3571,2167,1,0.010600027
Warm A,241464,1451,1450,3571,2167,0,0.004258776
Warm A,132685,855,854,3571,2167,1,0.0042196503
Warm A,51017,336,335,3571,2167,0,0.008969651
Warm A,100597,671,670,3571,2167,1,0.007030495
Warm A,33602,225,224,3571,2167,1,0.0070760655
Warm A,314426,1877,1876,3571,2167,1,-0.006222477
Warm A,133482,862,861,3571,2167,1,0.0027832664
Warm A,9900,68,67,3571,2167,1,0.0052420422
Warm A,61377,412,411,3571,2167,1,0.012171701
Warm A,7874,53,52,3571,2167,1,0.020289697
Warm A,290523,1733,1732,3571,2167,1,0.010740934
Warm A,24464,173,172,3571,2167,0,0.0054989913
Warm A,764159,4543,4542,3571,2167,1,0.012937726
Warm A,48011,321,320,3571,2167,0,0.002335265
Warm A,447580,2757,2756,3571,2167,1,0.010268811
Warm A,212165,1291,1290,3571,2167,0,0.0038282718
Warm A,893093,5394,5393,3571,2167,1,0.015745021
Warm A,753365,4489,4488,3571,2167,1,0.014235524
Warm A,844064,5074,5073,3571,2167,1,0.015163539
Warm A,289708,1729,1728,3571,2167,0,0.011776272
Warm A,460852,2841,2840,3571,2167,1,0.003534508
Warm A,823373,4950,4949,3571,2167,0,0.020686992
Warm A,966996,5831,5830,3571,2167,1,0.012078308
Warm A,567716,3483,3482,3571,2167,0,0.014120272
Warm A,571233,3503,3502,3571,2167,1,0.006871842
Warm A,251956,1524,1523,3571,2167,1,-0.000687141
Warm A,550572,3391,3390,3571,2167,0,0.00730132
Warm A,684250,4089,4088,3571,2167,1,0.017612368
Warm A,964219,5812,5811,3571,2167,0,0.008020133
Warm A,636509,3834,3833,3571,2167,1,0.009755242
Warm A,207129,1266,1265,3571,2167,0,0.0065427334
Warm A,768855,4579,4578,3571,2167,0,0.013429435
Warm A,25441,180,179,3571,2167,0,-0.0051521854
Warm A,384542,2246,2245,3571,2167,0,0.010642471
Warm A,164841,1051,1050,3571,2167,0,0.016613012
Warm A,960338,5792,5791,3571,2167,0,0.00097210566
Warm A,160406,1019,1018,3571,2167,0,0.012351669
Warm A,211341,1285,1284,3571,2167,0,0.010155132
Warm A,187811,1164,1163,3571,2167,0,-0.005276774
Warm A,497407,3054,3053,3571,2167,1,0.005938561
Warm A,371132,2168,2167,3571,2167,0,0.013083721
Warm A,108299,710,709,3571,2167,0,0.009562038
Warm A,313025,1865,1864,3571,2167,0,0.010761818
Warm A,633608,3824,3823,3571,2167,0,0.011066531
Warm A,235250,1425,1424,3571,2167,1,0.0073125744
Warm A,575911,3520,3519,3571,2167,0,0.0060428167
Warm A,375729,2188,2187,3571,2167,0,0.010948595
Warm A,825633,4958,4957,3571,2167,1,-0.00064643216
Warm A,196736,1207,1206,3572,2168,0,-0.005612779
Warm A,328689,1941,1940,3572,2168,0,0.007589181
Warm A,168679,1069,1068,3572,2168,0,0.00389775
Warm A,159425,1017,1016,3572,2168,0,-0.0043934025
Warm A,126737,817,816,3572,2168,1,0.002105129
Warm A,125634,808,807,3572,2168,0,0.0033597744
Warm A,114113,741,740,3572,2168,0,-0.0064773364
Warm A,107533,709,708,3572,2168,0,0.012539903
Warm A,234357,1422,1421,3572,2168,0,0.0029627318
Warm A,86252,563,562,3572,2168,0,0.006577027
Warm A,84510,550,549,3572,2168,0,0.008948736
Warm A,41232,278,277,3572,2168,1,0.00057786726
Warm A,38533,262,261,3572,2168,0,0.0007055523
Warm A,696732,4169,4168,3572,2168,0,0.005509856
Warm A,312060,1860,1859,3572,2168,0,0.0011051241
Warm A,365896,2129,2128,3572,2168,0,0.0015036401
Warm A,290525,1733,1732,3572,2168,0,0.0050603068
Warm A,195750,1203,1202,3579,2171,0,0.0023511192
Warm A,388397,2272,2271,3579,2171,1,0.004036398
Warm A,111062,721,720,3579,2171,1,0.00015623274
Warm A,352342,2063,2062,3579,2171,0,0.009496551
Warm A,291941,1739,1738,3579,2171,0,-0.0049561206
Warm A,313031,1865,1864,3579,2171,0,-0.0023336846
Warm A,583687,3562,3561,3579,2171,0,0.0066057825
Warm A,413316,2485,2484,3579,2171,0,0.0076477835
Warm A,635244,3829,3828,3584,2172,0,0.0047307224
Warm A,629911,3808,3807,3584,2172,0,0.013506616
Warm A,638602,3841,3840,3584,2172,0,0.010591636
Warm A,611402,3705,3704,3584,2172,0,0.012139807
Warm A,725578,4344,4343,3584,2172,0,0.014119575
Warm A,598406,3641,3640,3584,2172,1,0.0030211918
Warm A,633641,3824,3823,3584,2172,0,0.0026622848
Warm A,594351,3618,3617,3584,2172,0,0.0095017515
Warm A,592924,3614,3613,3584,2172,0,0.0020195907
Warm A,567734,3483,3482,3584,2172,1,0.027804265
Warm A,547454,3377,3376,3584,2172,1,-0.00074799266
Warm A,542465,3336,3335,3584,2172,0,0.0064691734
Warm A,533658,3292,3291,3584,2172,0,0.003182549
Warm A,531288,3280,3279,3584,2172,0,-0.0040269396
Warm A,525157,3242,3241,3584,2172,0,0.004936099
Warm A,522978,3224,3223,3584,2172,0,0.005763209
Warm A,494531,3032,3031,3584,2172,1,0.004823914
Warm A,489997,3014,3013,3584,2172,0,0.0030985945
Warm A,480311,2946,2945,3584,2172,0,0.012399833
Warm A,458293,2820,2819,3584,2172,0,0.0074396012
Warm A,438110,2677,2676,3584,2172,0,0.003971646
Warm A,431476,2628,2627,3584,2172,1,0.010814276
Warm A,431746,2629,2628,3584,2172,0,-0.00048836926
Warm A,419000,2529,2528,3584,2172,0,0.018736063
Warm A,414959,2497,2496,3584,2172,0,0.016103875
Warm A,464372,2860,2859,3584,2172,0,-0.005040046
Warm A,403036,2406,2405,3584,2172,1,-0.0016320369
Warm A,402524,2402,2401,3584,2172,0,0.013994857
Warm A,381802,2231,2230,3584,2172,0,0.019782865
Warm A,350594,2058,2057,3584,2172,0,0.012589233
Warm A,269303,1632,1631,3584,2172,0,0.014269913
Warm A,262378,1600,1599,3584,2172,0,0.009954652
Warm A,244776,1473,1472,3584,2172,0,0.005816774
Warm A,227340,1377,1376,3584,2172,0,0.005872233
Warm A,336382,1980,1979,3584,2172,0,0.018196573
Warm A,211619,1286,1285,3584,2172,0,0.0061332537
Warm A,213699,1298,1297,3584,2172,1,-0.0019160212
Warm A,279967,1680,1679,3584,2172,1,0.008092919
Warm A,328745,1941,1940,3584,2172,0,0.011831777
Warm A,191475,1181,1180,3584,2172,0,0.013821721
Warm A,185795,1150,1149,3584,2172,0,0.013991587
Warm A,316410,1883,1882,3584,2172,0,0.010850906
Warm A,307735,1835,1834,3584,2172,0,0.010548703
Warm A,180039,1127,1126,3584,2172,0,0.009150169
Warm A,169859,1078,1077,3584,2172,1,-0.0025116012
Warm A,138847,889,888,3584,2172,0,0.018032692
Warm A,211379,1285,1284,3584,2172,0,0.008092536
Warm A,114000,739,738,3584,2172,1,0.002402876
Warm A,112945,732,731,3584,2172,1,0.008646105
Warm A,106936,702,701,3584,2172,0,0.012779178
Warm A,201806,1242,1241,3584,2172,0,0.009372665
Warm A,97215,651,650,3584,2172,1,0.014558878
Warm A,150806,970,969,3584,2172,0,0.002491666
Warm A,83553,549,548,3584,2172,1,0.019064374
Warm A,239347,1448,1447,3584,2172,1,0.0072512245
Warm A,77904,524,523,3584,2172,0,0.02331927
Warm A,76804,520,519,3584,2172,0,0.0047372254
Warm A,74084,504,503,3584,2172,0,0.0040433244
Warm A,20887,151,150,3584,2172,0,0.012730895
Warm A,19569,148,147,3584,2172,0,0.019523064
Warm A,4940,35,34,3584,2172,1,0.0059233066
Warm A,3602,26,25,3584,2172,1,0.0045068236
Warm A,482043,2962,2961,3584,2172,0,0.00611684
Warm A,450087,2775,2774,3584,2172,1,0.015760176
Warm A,102657,678,677,3584,2172,0,0.017175008
Warm A,408439,2453,2452,3584,2172,0,0.003702064
Warm A,136948,881,880,3584,2172,0,0.013392495
Warm A,63400,424,423,3584,2172,0,0.008377935
Warm A,874012,5277,5276,3584,2172,0,0.009915717
Warm A,377473,2203,2202,3590,2173,1,0.00014648843
Warm A,281432,1687,1686,3590,2173,0,-0.0032419176
Warm A,300593,1780,1779,3590,2173,0,0.004531282
Warm A,220073,1333,1332,3590,2173,0,0.010964178
Warm A,289531,1727,1726,3590,2173,1,0.003078538
Warm A,280013,1680,1679,3590,2173,1,-0.0020985038
Warm A,213709,1298,1297,3590,2173,0,-0.0021460853
Warm A,197079,1209,1208,3590,2173,0,0.00037802337
Warm A,179270,1124,1123,3590,2173,0,0.0056613768
Warm A,217360,1317,1316,3590,2173,0,0.002298668
Warm A,115576,749,748,3590,2173,0,0.0105908
Warm A,240567,1449,1448,3590,2173,0,-0.0094037745
Warm A,97222,651,650,3590,2173,1,0.0008784246
Warm A,394324,2323,2322,3590,2173,0,-0.0049972404
Warm A,72372,482,481,3590,2173,0,-0.00015633018
Warm A,211407,1285,1284,3590,2173,0,0.0001374688
Warm A,36684,245,244,3590,2173,0,-0.008980963
Warm A,32281,216,215,3590,2173,0,0.013156099
Warm A,239371,1448,1447,3590,2173,1,0.00084569445
Warm A,3626,26,25,3590,2173,0,0.0044448506
Warm A,828860,4979,4978,3590,2173,0,0.0075527374
Warm A,111080,721,720,3590,2173,0,-0.0020681126
Warm A,328777,1941,1940,3590,2173,0,0.0011683642
Warm A,474142,2909,2908,3590,2173,0,0.0071900617
Warm A,924012,5580,5579,3590,2173,0,0.0037911078
Warm A,353559,2071,2070,3594,2176,0,-0.0049857097
Warm A,349636,2051,2050,3594,2176,0,0.0010508336
Warm A,348801,2046,2045,3594,2176,0,-0.00494041
Warm A,340322,2009,2008,3594,2176,1,-0.0006342656
Warm A,324703,1923,1922,3594,2176,0,0.0038874946
Warm A,329016,1942,1941,3594,2176,0,-0.0058210376
Warm A,324790,1924,1923,3594,2176,1,0.008557878
Warm A,318567,1893,1892,3594,2176,0,0.008081811
Warm A,330889,1953,1952,3594,2176,0,-0.007423423
Warm A,306281,1824,1823,3594,2176,1,-0.0023558931
Warm A,304420,1808,1807,3594,2176,1,0.0025536802
Warm A,330593,1951,1950,3594,2176,1,-0.0031611384
Warm A,300990,1786,1785,3594,2176,0,0.008151851
Warm A,329762,1944,1943,3594,2176,1,0.011445072
Warm A,297927,1765,1764,3594,2176,1,-0.0016970946
Warm A,281080,1686,1685,3594,2176,1,-0.00012418348
Warm A,281435,1687,1686,3594,2176,1,-0.009610171
Warm A,280543,1683,1682,3594,2176,1,0.0053153485
Warm A,302317,1794,1793,3594,2176,0,-0.007914506
Warm A,267438,1625,1624,3594,2176,0,-0.0015669707
Warm A,263726,1605,1604,3594,2176,1,0.0003113323
Warm A,262832,1603,1602,3594,2176,1,-0.00082222
Warm A,256691,1569,1568,3594,2176,1,0.0067400113
Warm A,255651,1556,1555,3594,2176,0,-0.0004944727
Warm A,251505,1520,1519,3594,2176,1,-0.0020673485
Warm A,237333,1444,1443,3594,2176,1,0.0061691552
Warm A,236510,1434,1433,3594,2176,0,0.0062271757
Warm A,224356,1356,1355,3594,2176,0,-0.007008398
Warm A,222661,1347,1346,3594,2176,0,0.0039617643
Warm A,200442,1230,1229,3594,2176,0,-0.009710474
Warm A,217366,1317,1316,3594,2176,0,0.0030131857
Warm A,201068,1240,1239,3594,2176,1,-0.00644233
Warm A,195785,1203,1202,3594,2176,1,-0.009599065
Warm A,456621,2810,2809,3594,2176,0,0.0025644703
Warm A,189150,1172,1171,3594,2176,0,-0.008753918
Warm A,189529,1173,1172,3594,2176,0,0.0012466051
Warm A,207176,1266,1265,3594,2176,1,-0.0022262158
Warm A,326575,1935,1934,3594,2176,0,-0.005337442
Warm A,183372,1141,1140,3594,2176,0,0.002067294
Warm A,182403,1138,1137,3594,2176,1,0.0034385128
Warm A,244226,1470,1469,3594,2176,0,0.00094004907
Warm A,156386,1009,1008,3594,2176,1,-0.0023673116
Warm A,155519,1001,1000,3594,2176,1,-0.0049825287
Warm A,145524,935,934,3594,2176,1,-0.008097748
Warm A,143571,926,925,3594,2176,1,0.0021214704
Warm A,225329,1362,1361,3594,2176,1,-0.0029972093
Warm A,149779,963,962,3594,2176,0,-0.0066502327
Warm A,140475,901,900,3594,2176,0,0.001754812
Warm A,139658,893,892,3594,2176,0,0.0031137024
Warm A,192846,1187,1186,3594,2176,0,-0.0013941568
Warm A,138880,889,888,3594,2176,0,-0.0058053946
Warm A,137380,886,885,3594,2176,1,-0.007818041
Warm A,132848,856,855,3594,2176,0,0.00056775985
Warm A,129039,838,837,3594,2176,1,0.0015153775
Warm A,332891,1962,1961,3594,2176,0,-0.0025151363
Warm A,182246,1137,1136,3594,2176,0,-0.0003554714
Warm A,128375,830,829,3594,2176,0,0.007548957
Warm A,125426,807,806,3594,2176,1,-0.00054112996
Warm A,240572,1449,1448,3594,2176,0,-0.00041998923
Warm A,115022,746,745,3594,2176,1,0.0056374352
Warm A,102677,678,677,3594,2176,1,-0.0075427727
Warm A,134915,872,871,3594,2176,0,0.001179948
Warm A,111081,721,720,3594,2176,0,-0.0048175757
Warm A,92074,612,611,3594,2176,0,-0.00018979993
Warm A,384280,2244,2243,3594,2176,0,-0.0004963232
Warm A,90344,596,595,3594,2176,0,-0.0025216644
Warm A,89657,590,589,3594,2176,1,-0.00767628
Warm A,87544,572,571,3594,2176,0,-0.0027215795
Warm A,87350,570,569,3594,2176,1,-0.008343956
Warm A,85696,558,557,3594,2176,0,-0.0046746256
Warm A,76529,519,518,3594,2176,1,0.0077317203
Warm A,76210,517,516,3594,2176,1,-0.000805004
Warm A,73930,501,500,3594,2176,1,-0.0022932934
Warm A,69999,473,472,3594,2176,1,-0.0019575832
Warm A,64388,429,428,3594,2176,1,0.0017674884
Warm A,503989,3097,3096,3594,2176,0,-0.0012590594
Warm A,313040,1865,1864,3594,2176,1,0.001204534
Warm A,39630,268,267,3594,2176,1,-0.008166546
Warm A,27725,194,193,3594,2176,1,0.00013237412
Warm A,365298,2125,2124,3594,2176,0,-0.0055699227
Warm A,500535,3074,3073,3594,2176,1,-0.004922771
Warm A,314433,1877,1876,3594,2176,0,-0.0010693998
Warm A,12127,92,91,3594,2176,0,-0.01056991
Warm A,7297,51,50,3594,2176,0,-0.001026229
Warm A,7250,50,49,3594,2176,0,0.00084760226
Warm A,4757,34,33,3594,2176,1,-0.0027787327
Warm A,1862,17,16,3594,2176,0,-0.007838048
Warm A,877473,5302,5301,3594,2176,1,-0.014321419
Warm A,883159,5333,5332,3594,2176,1,-0.009403029
Warm A,59512,403,402,3594,2176,0,-0.0029255222
Warm A,79764,531,530,3594,2176,0,-0.008625613
Warm A,635263,3829,3828,3594,2176,0,-0.0035177513
Warm A,78708,528,527,3594,2176,0,0.0038316997
Warm A,403373,2409,2408,3594,2176,1,-0.0012167355
Warm A,768872,4579,4578,3594,2176,1,0.0005490915
Warm A,140384,899,898,3594,2176,0,-0.0058541815
Warm A,585048,3571,3570,3594,2176,1,-0.00018430554
Warm A,223812,1354,1353,3594,2176,0,0.0037195247
Warm A,823802,4951,4950,3594,2176,0,0.0040620165
Warm A,33191,224,223,3594,2176,0,-0.0035486473
Warm A,287510,1716,1715,3594,2176,0,0.00043955364
Warm A,755121,4498,4497,3594,2176,1,0.0024575635
Warm A,12872,99,98,3594,2176,0,-0.0027876394
Warm A,804387,4816,4815,3594,2176,1,-0.007419742
Warm A,984118,5948,5947,3594,2176,1,0.0053831795
Warm A,665332,4005,4004,3594,2176,0,-0.00085581164
Warm A,682796,4085,4084,3594,2176,0,-0.0024148924
Warm A,574965,3518,3517,3594,2176,0,-0.008828532
Warm A,319620,1897,1896,3594,2176,0,0.0066713532
Warm A,405385,2427,2426,3594,2176,0,0.0027077347
Warm A,538211,3312,3311,3594,2176,0,-0.01184069
Warm A,145124,934,933,3594,2176,0,0.006341235
Warm A,309817,1842,1841,3594,2176,1,-0.003374553
Warm A,308949,1837,1836,3594,2176,0,0.0035958523
Warm A,833500,5011,5010,3594,2176,1,0.0011846852
Warm A,562810,3462,3461,3594,2176,1,-0.0067506875
Warm A,583708,3562,3561,3594,2176,1,-0.005563358
Warm A,992925,5998,5997,3594,2176,0,0.0014020973
Warm A,599507,3648,3647,3594,2176,0,0.008404158
Warm A,924014,5580,5579,3594,2176,1,-0.002396112
Warm A,172122,1088,1087,3594,2176,0,-0.008236604
Warm A,34007,229,228,3594,2176,0,0.0057694963
Warm A,704683,4225,4224,3598,2177,1,0.005642197
Warm A,699427,4184,4183,3598,2177,1,0.0116820475
Warm A,694747,4161,4160,3598,2177,0,0.0029579361
Warm A,717418,4298,4297,3598,2177,0,0.012228523
Warm A,678915,4064,4063,3598,2177,1,0.013680415
Warm A,668090,4020,4019,3598,2177,1,0.0051428704
Warm A,664941,4002,4001,3598,2177,1,0.0017259435
Warm A,741376,4429,4428,3598,2177,0,0.0075247358
Warm A,660225,3979,3978,3598,2177,0,0.0014282053
Warm A,657294,3962,3961,3598,2177,0,-0.002108018
Warm A,646948,3893,3892,3598,2177,0,0.0025481754
Warm A,646327,3890,3889,3598,2177,0,0.0031952183
Warm A,646418,3891,3890,3598,2177,1,0.0005462328
Warm A,807929,4836,4835,3598,2177,1,0.0071158446
Warm A,646102,3888,3887,3598,2177,1,0.004484929
Warm A,617194,3735,3734,3598,2177,1,0.006091792
Warm A,614003,3718,3717,3598,2177,1,0.005861693
Warm A,726579,4345,4344,3598,2177,1,0.010394096
Warm A,611997,3709,3708,3598,2177,1,0.0046895724
Warm A,636672,3835,3834,3598,2177,1,0.0034461445
Warm A,603697,3673,3672,3598,2177,0,0.008037336
Warm A,725600,4344,4343,3598,2177,0,0.014731323
Warm A,588177,3589,3588,3598,2177,0,0.015365254
Warm A,585346,3574,3573,3598,2177,1,0.010166376
Warm A,581116,3548,3547,3598,2177,0,-0.0028021093
Warm A,578642,3537,3536,3598,2177,0,0.010187075
Warm A,577571,3526,3525,3598,2177,0,0.0051322663
Warm A,576697,3525,3524,3598,2177,0,0.0012172037
Warm A,553060,3402,3401,3598,2177,1,0.013703249
Warm A,727895,4353,4352,3598,2177,0,0.0043731336
Warm A,508067,3127,3126,3598,2177,1,0.0031415895
Warm A,464386,2860,2859,3598,2177,1,0.0043244353
Warm A,447043,2753,2752,3598,2177,1,0.009800405
Warm A,443996,2737,2736,3598,2177,0,0.014001403
Warm A,413478,2486,2485,3598,2177,1,0.008029286
Warm A,406524,2438,2437,3598,2177,0,0.0074304948
Warm A,388526,2274,2273,3598,2177,1,-0.0013068072
Warm A,340972,2010,2009,3598,2177,0,0.010052076
Warm A,331195,1957,1956,3598,2177,0,0.0049308594
Warm A,329763,1944,1943,3598,2177,0,0.0077059083
Warm A,294678,1750,1749,3598,2177,1,0.006669975
Warm A,267685,1626,1625,3598,2177,1,0.007786243
Warm A,266740,1617,1616,3598,2177,0,0.011809864
Warm A,325620,1926,1925,3598,2177,0,0.0055885874
Warm A,284559,1698,1697,3598,2177,1,0.008022188
Warm A,296640,1758,1757,3598,2177,1,0.014447551
Warm A,207692,1270,1269,3598,2177,1,0.0065945387
Warm A,220483,1335,1334,3598,2177,0,0.008506022
Warm A,189531,1173,1172,3598,2177,0,0.010468464
Warm A,207183,1266,1265,3598,2177,0,0.012056015
Warm A,160781,1021,1020,3598,2177,1,0.0065170065
Warm A,156387,1009,1008,3598,2177,0,0.0054775327
Warm A,155520,1001,1000,3598,2177,1,0.007668648
Warm A,246504,1489,1488,3598,2177,0,0.0026511601
Warm A,148878,957,956,3598,2177,1,0.010908953
Warm A,217370,1317,1316,3598,2177,1,0.010675616
Warm A,137381,886,885,3598,2177,1,0.008155349
Warm A,138889,889,888,3598,2177,0,0.019291798
Warm A,200166,1228,1227,3598,2177,0,0.0030256067
Warm A,129040,838,837,3598,2177,1,0.0048147533
Warm A,161106,1026,1025,3598,2177,1,0.0011861256
Warm A,212183,1291,1290,3598,2177,1,0.014072237
Warm A,101023,673,672,3598,2177,0,0.006728344
Warm A,97997,655,654,3598,2177,0,0.0034407936
Warm A,158721,1015,1014,3598,2177,1,0.02178994
Warm A,82349,546,545,3598,2177,1,0.006952715
Warm A,75124,509,508,3598,2177,1,0.010750023
Warm A,48901,327,326,3598,2177,1,0.012273487
Warm A,34170,230,229,3598,2177,1,0.0075442996
Warm A,26842,190,189,3598,2177,0,0.008967049
Warm A,314434,1877,1876,3598,2177,0,0.00093056075
Warm A,79769,531,530,3598,2177,1,0.013024247
Warm A,330829,1952,1951,3598,2177,0,0.012367517
Warm A,24512,173,172,3598,2177,1,0.0053518666
Warm A,201818,1242,1241,3598,2177,1,0.012035117
Warm A,289712,1729,1728,3598,2177,0,-0.0040158704
Warm A,508338,3128,3127,3598,2177,0,0.0126579935
Warm A,242011,1457,1456,3598,2177,1,0.015708407
Warm A,228584,1383,1382,3598,2177,0,0.008773981
Warm A,232053,1407,1406,3598,2177,0,0.011408243
Warm A,696790,4169,4168,3598,2177,0,0.015503725
Warm A,361156,2106,2105,3598,2177,0,0.01359954
Warm A,375744,2188,2187,3598,2177,0,0.0052476805
Warm A,513184,3163,3162,3598,2177,0,0.021930488
Warm A,467445,2880,2879,3598,2177,1,0.004295669
Warm A,431233,2627,2626,3598,2177,0,0.008634545
Warm A,232616,1413,1412,3598,2177,0,0.001999347
Warm A,28396,195,194,3598,2177,1,0.0013594904
Warm A,839486,5046,5045,3598,2177,0,0.017313965
Warm A,223817,1354,1353,3598,2177,0,0.012437683
Warm A,129721,839,838,3598,2177,1,0.017253004
Warm A,195789,1203,1202,3598,2177,1,0.013098847
Warm A,684286,4089,4088,3598,2177,0,0.007716709
Warm A,682803,4085,4084,3598,2177,0,0.011512339
Warm A,773736,4611,4610,3598,2177,0,5.2423682e-05
Warm A,631847,3821,3820,3598,2177,0,0.008084336
Warm A,161447,1029,1028,3598,2177,1,0.0069399835
Warm A,141710,911,910,3598,2177,1,0.014198091
Warm A,805809,4823,4822,3598,2177,1,0.008806022
Warm A,636539,3834,3833,3598,2177,1,0.018233364
Warm A,371153,2168,2167,3598,2177,0,0.010274662
Warm A,545409,3363,3362,3598,2177,0,0.010867001
Warm A,20904,151,150,3598,2177,0,0.004493612
Warm A,164900,1051,1050,3598,2177,0,0.012667366
Warm A,115583,749,748,3598,2177,0,0.012956321
Warm A,564769,3471,3470,3598,2177,0,0.012650235
Warm A,474155,2909,2908,3598,2177,1,0.0060036806
Warm A,136972,881,880,3598,2177,0,0.0064864727
Warm A,371852,2172,2171,3598,2177,0,0.014903974
Warm A,21842,160,159,3598,2177,1,0.0036981562
Warm A,229436,1389,1388,3598,2177,0,0.011587673
Warm A,451563,2779,2778,3598,2177,1,0.0025422014
Warm A,699798,4186,4185,3598,2177,1,0.015362486
Warm A,739470,4418,4417,3598,2177,1,0.009434278
Warm A,172127,1088,1087,3598,2177,1,0.015472516
Warm A,526901,3259,3258,3598,2177,0,0.00085611595
Warm A,34008,229,228,3598,2177,1,0.0029645904
Warm A,346731,2031,2030,3598,2177,0,0.007318655
Warm A,322748,1912,1911,3598,2177,0,0.012648895
Warm A,390789,2293,2292,3599,2178,0,0.011497498
Warm A,655972,3952,3951,3599,2178,1,0.00273445
Warm A,376668,2198,2197,3599,2178,0,0.0040889382
Warm A,364201,2121,2120,3599,2178,1,-0.0015764853
Warm A,365013,2124,2123,3599,2178,1,-1.9498635e-05
Warm A,357086,2091,2090,3599,2178,1,0.0005413522
Warm A,343243,2016,2015,3599,2178,1,0.016347004
Warm A,316419,1883,1882,3599,2178,0,0.008746367
Warm A,284968,1699,1698,3599,2178,1,0.0009308867
Warm A,258631,1584,1583,3599,2178,0,0.008156482
Warm A,218151,1322,1321,3599,2178,1,0.002829013
Warm A,289539,1727,1726,3599,2178,1,0.009380143
Warm A,592225,3610,3609,3599,2178,0,0.0048371567
Warm A,328794,1941,1940,3599,2178,1,0.017262125
Warm A,185830,1150,1149,3599,2178,0,0.011096448
Warm A,183377,1141,1140,3599,2178,1,0.0032544285
Warm A,180487,1128,1127,3599,2178,0,0.008670272
Warm A,207394,1267,1266,3599,2178,0,0.00468156
Warm A,169684,1077,1076,3599,2178,0,0.013504885
Warm A,157537,1013,1012,3599,2178,0,0.00954079
Warm A,154071,992,991,3599,2178,1,0.0022689323
Warm A,347538,2038,2037,3599,2178,0,0.012225242
Warm A,138892,889,888,3599,2178,0,0.014341888
Warm A,314232,1875,1874,3599,2178,0,0.0017617224
Warm A,228587,1383,1382,3599,2178,0,0.011066406
Warm A,52626,346,345,3599,2178,1,0.0178222
Warm A,39209,265,264,3599,2178,1,0.0034577919
Warm A,36699,245,244,3599,2178,1,0.013131652
Warm A,10832,78,77,3599,2178,0,0.0053426423
Warm A,223820,1354,1353,3599,2178,1,0.0022485151
Warm A,916786,5539,5538,3599,2178,0,0.0016529374
Warm A,4532,33,32,3599,2178,0,0.0050772214
Warm A,739471,4418,4417,3599,2178,0,0.019758172
Warm A,421266,2544,2543,3599,2178,1,0.011272888
Warm A,94650,635,634,3599,2178,1,0.0047148396
Warm A,320377,1899,1898,3599,2178,1,0.014320045
Warm A,18818,146,145,3599,2178,0,-0.0008168741
Warm A,60908,411,410,3599,2178,0,0.0070389393
Warm A,172130,1088,1087,3599,2178,1,0.009829387
Warm A,474157,2909,2908,3599,2178,1,0.0014554593
Warm A,322750,1912,1911,3599,2178,0,0.0036926083
Warm A,255656,1556,1555,3599,2178,1,0.0050867843
Warm A,300597,1780,1779,3599,2178,0,0.008707614
Warm A,593611,3618,3617,3600,2179,0,0.0063749356
Warm A,577001,3526,3525,3600,2179,0,0.0017294307
Warm A,545642,3365,3364,3600,2179,1,0.0037290617
Warm A,533161,3292,3291,3600,2179,1,0.008277202
Warm A,515383,3182,3181,3600,2179,0,0.007453901
Warm A,616631,3732,3731,3600,2179,0,0.0045543844
Warm A,503789,3096,3095,3600,2179,1,0.0059058573
Warm A,797772,4784,4783,3600,2179,0,0.0033581993
Warm A,491779,3025,3024,3600,2179,0,0.003602635
Warm A,697224,4169,4168,3600,2179,0,0.008556029
Warm A,472458,2907,2906,3600,2179,0,0.010089364
Warm A,414894,2497,2496,3600,2179,1,0.005382664
Warm A,406704,2442,2441,3600,2179,1,7.2461495e-05
Warm A,395101,2334,2333,3600,2179,0,0.00624477
Warm A,390654,2293,2292,3600,2179,0,-0.0026952
Warm A,403609,2411,2410,3600,2179,0,0.000133025
Warm A,381585,2231,2230,3600,2179,0,0.0064580496
Warm A,373380,2180,2179,3600,2179,0,0.0059953714
Warm A,356307,2088,2087,3600,2179,0,0.008032144
Warm A,345442,2026,2025,3600,2179,0,-0.0028516208
Warm A,380754,2225,2224,3600,2179,1,0.004783296
Warm A,325302,1926,1925,3600,2179,0,0.004130467
Warm A,295588,1755,1754,3600,2179,0,0.012897059
Warm A,268485,1631,1630,3600,2179,0,0.008531957
Warm A,250181,1507,1506,3600,2179,0,-0.0019421598
Warm A,258360,1584,1583,3600,2179,0,0.0017163598
Warm A,242701,1465,1464,3600,2179,0,-5.370239e-06
Warm A,243810,1470,1469,3600,2179,1,0.008809597
Warm A,327858,1941,1940,3600,2179,0,0.0068337675
Warm A,185085,1150,1149,3600,2179,1,0.0075216154
Warm A,167762,1068,1067,3600,2179,0,0.009735284
Warm A,319976,1899,1898,3600,2179,0,0.0038467217
Warm A,323730,1920,1919,3600,2179,0,0.009165257
Warm A,347306,2038,2037,3600,2179,0,0.0045391247
Warm A,141432,911,910,3600,2179,1,0.013879878
Warm A,412058,2478,2477,3600,2179,0,0.0035497218
Warm A,316698,1884,1883,3600,2179,0,0.001622682
Warm A,95380,639,638,3600,2179,1,0.008540748
Warm A,96954,651,650,3600,2179,0,0.007168495
Warm A,626634,3792,3791,3600,2179,0,0.004841512
Warm A,82225,546,545,3600,2179,0,0.0035392279
Warm A,82939,549,548,3600,2179,0,0.01437366
Warm A,84011,550,549,3600,2179,0,0.010385073
Warm A,64926,436,435,3600,2179,1,0.0028032926
Warm A,228137,1383,1382,3600,2179,0,0.0033498504
Warm A,43242,296,295,3600,2179,1,-0.008249918
Warm A,32120,216,215,3600,2179,0,0.0032449593
Warm A,10789,78,77,3600,2179,0,0.0035980577
Warm A,9312,62,61,3600,2179,0,0.0064272974
Warm A,7774,53,52,3600,2179,1,0.010350369
Warm A,484,6,5,3600,2179,0,6.887794e-05
Warm A,223430,1354,1353,3600,2179,0,0.0078329835
Warm A,60759,411,410,3600,2179,0,0.004657573
Warm A,94564,635,634,3600,2179,0,0.00466401
Warm A,192676,1186,1185,3600,2179,1,-0.0064207483
Warm A,794459,4750,4749,3600,2179,0,0.0059232484
Warm A,88319,583,582,3600,2179,1,0.00093822554
Warm A,769002,4579,4578,3600,2179,0,-0.0056371246
Warm A,893270,5394,5393,3600,2179,0,0.004608531
Warm A,832013,5001,5000,3600,2179,0,0.0015063863
Warm A,489539,3013,3012,3600,2179,0,0.004036665
Warm A,593613,3618,3617,3604,2180,0,-0.0018984526
Warm A,589043,3592,3591,3604,2180,1,0.008814021
Warm A,577879,3529,3528,3604,2180,1,0.013334601
Warm A,576118,3521,3520,3604,2180,1,0.004124552
Warm A,579171,3539,3538,3604,2180,1,0.013385622
Warm A,566650,3477,3476,3604,2180,1,0.0041764695
Warm A,577003,3526,3525,3604,2180,0,0.009302683
Warm A,535376,3304,3303,3604,2180,0,0.008280674
Warm A,522384,3224,3223,3604,2180,1,0.0022356492
Warm A,503791,3096,3095,3604,2180,1,-0.00044242386
Warm A,546030,3367,3366,3604,2180,1,-0.0063537764
Warm A,491781,3025,3024,3604,2180,1,0.0141485315
Warm A,769003,4579,4578,3604,2180,0,-0.0031590764
Warm A,697226,4169,4168,3604,2180,0,0.014686869
Warm A,466724,2878,2877,3604,2180,1,0.0025751488
Warm A,457788,2820,2819,3604,2180,0,0.0029161733
Warm A,440798,2699,2698,3604,2180,1,0.0060347505
Warm A,534323,3299,3298,3604,2180,1,-0.0029110927
Warm A,396499,2346,2345,3604,2180,1,0.009299354
Warm A,396240,2343,2342,3604,2180,1,-0.0026815678
Warm A,395102,2334,2333,3604,2180,1,0.0007340994
Warm A,390655,2293,2292,3604,2180,0,0.0065779416
Warm A,383463,2241,2240,3604,2180,1,0.0036326204
Warm A,369264,2159,2158,3604,2180,1,0.0027083235
Warm A,356309,2088,2087,3604,2180,0,-0.0006301885
Warm A,338044,1988,1987,3604,2180,1,0.0046041235
Warm A,295589,1755,1754,3604,2180,0,0.0023012059
Warm A,276134,1671,1670,3604,2180,1,0.0030657125
Warm A,319977,1899,1898,3604,2180,0,0.01050847
Warm A,217956,1322,1321,3604,2180,1,-0.0033485643
Warm A,591858,3610,3609,3604,2180,0,0.007857253
Warm A,278932,1680,1679,3604,2180,1,0.0040537277
Warm A,185088,1150,1149,3604,2180,0,0.012510662
Warm A,167763,1068,1067,3604,2180,1,0.009430813
Warm A,157988,1015,1014,3604,2180,1,0.016302839
Warm A,323732,1920,1919,3604,2180,0,0.011795807
Warm A,148056,954,953,3604,2180,0,0.009275435
Warm A,347308,2038,2037,3604,2180,0,0.0066704713
Warm A,131076,850,849,3604,2180,0,0.008699456
Warm A,263154,1605,1604,3604,2180,1,0.0043058717
Warm A,178018,1120,1119,3604,2180,1,0.006034502
Warm A,316699,1884,1883,3604,2180,0,0.008077302
Warm A,85236,556,555,3604,2180,1,-0.00091739616
Warm A,82226,546,545,3604,2180,1,0.005692786
Warm A,228138,1383,1382,3604,2180,1,0.010064432
Warm A,52827,348,347,3604,2180,1,0.0031639617
Warm A,485,6,5,3604,2180,1,0.009313563
Warm A,60760,411,410,3604,2180,0,0.0034700576
Warm A,94565,635,634,3604,2180,1,0.0047568665
Warm A,552213,3401,3400,3604,2180,0,0.01197087
Warm A,12030,92,91,3604,2180,1,0.0071431156
Warm A,900835,5447,5446,3604,2180,1,0.012987874
Warm A,677989,4063,4062,3604,2180,1,0.0100552775
Warm A,50637,333,332,3604,2180,1,0.007913168
Warm A,52173,343,342,3604,2180,1,0.012380218
Warm A,959018,5787,5786,3604,2180,0,0.004439736
Warm A,357338,2092,2091,3604,2180,0,0.009372051
Warm A,554436,3411,3410,3604,2180,0,0.002273405
Warm A,171454,1088,1087,3604,2180,0,0.010088147
Warm A,821693,4940,4939,3604,2180,1,0.013211041
Warm A,748303,4467,4466,3604,2180,1,0.005802041
Warm A,18729,146,145,3604,2180,0,0.009743376
Warm A,717214,4296,4295,3606,2181,1,0.016019594
Warm A,711060,4267,4266,3606,2181,0,0.005553301
Warm A,708088,4243,4242,3606,2181,1,0.006084515
Warm A,694469,4161,4160,3606,2181,0,0.013960056
Warm A,681380,4083,4082,3606,2181,1,0.014276295
Warm A,679177,4067,4066,3606,2181,1,0.0060887877
Warm A,670564,4029,4028,3606,2181,1,0.010769101
Warm A,697228,4169,4168,3606,2181,1,0.013051491
Warm A,646366,3891,3890,3606,2181,1,0.013195837
Warm A,618883,3751,3750,3606,2181,0,0.0070794346
Warm A,617411,3737,3736,3606,2181,1,0.009610095
Warm A,610992,3705,3704,3606,2181,0,0.0107619455
Warm A,604706,3676,3675,3606,2181,1,0.0077348673
Warm A,725849,4344,4343,3606,2181,0,0.01401301
Warm A,598490,3642,3641,3606,2181,0,0.0009680072
Warm A,566652,3477,3476,3606,2181,1,0.007634815
Warm A,565147,3474,3473,3606,2181,1,0.0043102913
Warm A,560459,3445,3444,3606,2181,1,0.005529546
Warm A,577006,3526,3525,3606,2181,1,0.006404413
Warm A,552901,3402,3401,3606,2181,1,0.015429461
Warm A,533165,3292,3291,3606,2181,1,0.022371544
Warm A,521637,3218,3217,3606,2181,0,0.012928675
Warm A,491783,3025,3024,3606,2181,1,0.0013967169
Warm A,479211,2941,2940,3606,2181,1,0.0115594985
Warm A,476128,2924,2923,3606,2181,1,0.0055743167
Warm A,440799,2699,2698,3606,2181,1,0.014597111
Warm A,438272,2679,2678,3606,2181,0,0.0077418406
Warm A,431973,2633,2632,3606,2181,1,0.008749117
Warm A,431872,2631,2630,3606,2181,1,0.009748181
Warm A,423975,2569,2568,3606,2181,1,0.0051255533
Warm A,420892,2544,2543,3606,2181,1,0.011639836
Warm A,419690,2537,2536,3606,2181,0,0.0074663926
Warm A,416479,2507,2506,3606,2181,1,0.010938959
Warm A,394662,2329,2328,3606,2181,1,-0.0002664642
Warm A,390656,2293,2292,3606,2181,1,0.013757661
Warm A,388724,2278,2277,3606,2181,0,-0.0012174135
Warm A,403610,2411,2410,3606,2181,1,0.013594182
Warm A,376705,2199,2198,3606,2181,1,0.0044435887
Warm A,374615,2183,2182,3606,2181,1,0.030116012
Warm A,373949,2181,2180,3606,2181,1,0.008948328
Warm A,364123,2121,2120,3606,2181,0,-0.0019083237
Warm A,357007,2091,2090,3606,2181,1,0.004984043
Warm A,412059,2478,2477,3606,2181,0,0.016211616
Warm A,352923,2067,2066,3606,2181,0,0.014504248
Warm A,350538,2058,2057,3606,2181,1,0.005838615
Warm A,346604,2031,2030,3606,2181,1,0.018548232
Warm A,340041,2006,2005,3606,2181,1,0.00257479
Warm A,320488,1900,1899,3606,2181,1,0.005784685
Warm A,323113,1916,1915,3606,2181,0,0.012943154
Warm A,289259,1727,1726,3606,2181,1,0.005337484
Warm A,284796,1699,1698,3606,2181,1,0.0065593906
Warm A,276135,1671,1670,3606,2181,0,0.0076237204
Warm A,262676,1602,1601,3606,2181,1,0.0019997726
Warm A,283487,1697,1696,3606,2181,1,0.020009039
Warm A,258185,1583,1582,3606,2181,1,0.003351059
Warm A,255883,1560,1559,3606,2181,1,0.010472795
Warm A,246043,1487,1486,3606,2181,1,0.00093701854
Warm A,232390,1411,1410,3606,2181,0,0.0038887253
Warm A,228140,1383,1382,3606,2181,1,0.010672052
Warm A,228900,1387,1386,3606,2181,1,0.012222746
Warm A,284019,1698,1697,3606,2181,1,0.013787464
Warm A,319978,1899,1898,3606,2181,1,0.011286222
Warm A,217957,1322,1321,3606,2181,1,-0.0011318529
Warm A,591859,3610,3609,3606,2181,0,0.017927246
Warm A,327861,1941,1940,3606,2181,1,0.013085365
Warm A,190147,1180,1179,3606,2181,1,0.003415506
Warm A,262166,1600,1599,3606,2181,1,0.019542921
Warm A,185091,1150,1149,3606,2181,1,0.0095726065
Warm A,184320,1147,1146,3606,2181,1,0.003131866
Warm A,182721,1140,1139,3606,2181,1,0.009406348
Warm A,191804,1182,1181,3606,2181,0,0.0008998433
Warm A,165172,1053,1052,3606,2181,0,0.0019121009
Warm A,161302,1029,1028,3606,2181,1,0.014303669
Warm A,157990,1015,1014,3606,2181,1,0.018729996
Warm A,143840,928,927,3606,2181,1,0.0016794824
Warm A,140487,902,901,3606,2181,1,0.010066468
Warm A,347311,2038,2037,3606,2181,0,0.007276214
Warm A,131077,850,849,3606,2181,0,0.008767163
Warm A,159950,1019,1018,3606,2181,0,0.011443858
Warm A,98118,656,655,3606,2181,0,0.010644764
Warm A,316700,1884,1883,3606,2181,1,0.01178211
Warm A,169529,1077,1076,3606,2181,0,0.0063706543
Warm A,210764,1285,1284,3606,2181,1,0.013143917
Warm A,52556,346,345,3606,2181,1,0.010418299
Warm A,48844,327,326,3606,2181,0,0.0079943715
Warm A,87649,575,574,3606,2181,1,0.009317143
Warm A,312826,1865,1864,3606,2181,1,0.008614001
Warm A,39193,265,264,3606,2181,1,0.000100529986
Warm A,32500,218,217,3606,2181,1,0.005895473
Warm A,27578,193,192,3606,2181,1,0.007499578
Warm A,34740,235,234,3606,2181,0,-0.0031535365
Warm A,18730,146,145,3606,2181,1,0.011615419
Warm A,10790,78,77,3606,2181,1,0.008326862
Warm A,223432,1354,1353,3606,2181,1,0.009599807
Warm A,60762,411,410,3606,2181,1,0.0046310383
Warm A,916877,5539,5538,3606,2181,0,0.0013511411
Warm A,707831,4241,4240,3606,2181,1,-0.0033481522
Warm A,89198,588,587,3606,2181,0,0.0045805443
Warm A,129913,840,839,3606,2181,0,0.00033053476
Warm A,18242,140,139,3606,2181,0,0.008377769
Warm A,272098,1645,1644,3606,2181,1,0.016466942
Warm A,860286,5172,5171,3606,2181,1,0.009876946
Warm A,183135,1141,1140,3606,2181,1,0.018041216
Warm A,821694,4940,4939,3606,2181,1,0.007452582
Warm A,384665,2247,2246,3606,2181,0,0.00028898288
Warm A,491169,3020,3019,3606,2181,0,-0.002438817
Warm A,319241,1897,1896,3606,2181,0,0.0061986316
Warm A,866043,5222,5221,3606,2181,0,0.014361525
Warm A,826122,4960,4959,3606,2181,1,0.008988715
Warm A,258952,1586,1585,3613,2183,1,0.0025277683
Warm A,244851,1474,1473,3613,2183,1,0.0072361585
Warm A,234510,1423,1422,3613,2183,1,-0.0035402777
Warm A,231611,1404,1403,3613,2183,1,0.010184929
Warm A,228151,1383,1382,3613,2183,1,0.004750854
Warm A,289264,1727,1726,3613,2183,1,0.011612682
Warm A,209133,1276,1275,3613,2183,1,-0.0047060205
Warm A,220312,1335,1334,3613,2183,0,0.0064597744
Warm A,212432,1294,1293,3613,2183,1,0.007605
Warm A,185106,1150,1149,3613,2183,0,0.015572624
Warm A,173587,1100,1099,3613,2183,1,-0.00029738573
Warm A,319985,1899,1898,3613,2183,1,0.0029760257
Warm A,156157,1005,1004,3613,2183,1,0.010849108
Warm A,199363,1224,1223,3613,2183,0,0.002248622
Warm A,128517,832,831,3613,2183,0,-0.0021467768
Warm A,159962,1019,1018,3613,2183,1,0.0072084386
Warm A,210777,1285,1284,3613,2183,1,0.002001098
Warm A,107496,709,708,3613,2183,1,-0.003737411
Warm A,82955,549,548,3613,2183,1,0.012040038
Warm A,77358,524,523,3613,2183,1,0.017658364
Warm A,259924,1590,1589,3613,2183,1,-0.0042071496
Warm A,32141,216,215,3613,2183,0,0.0077083297
Warm A,916878,5539,5538,3613,2183,0,-0.0019786232
Warm A,9325,62,61,3613,2183,1,-0.0031550152
Warm A,481729,2962,2961,3613,2183,0,-0.0017911207
Warm A,420902,2544,2543,3613,2183,1,0.015446722
Warm A,94566,635,634,3613,2183,1,0.005486978
Warm A,954306,5761,5760,3613,2183,1,-0.007819509
Warm A,256066,1561,1560,3613,2183,1,0.008802551
Warm A,104227,692,691,3613,2183,1,0.010905962
Warm A,860287,5172,5171,3613,2183,1,0.0018537785
Warm A,204496,1260,1259,3613,2183,1,0.013600619
Warm A,821696,4940,4939,3613,2183,0,0.0030038618
Warm A,823490,4950,4949,3613,2183,0,0.002055353
Warm A,223439,1354,1353,3616,2186,0,0.005450351
Warm A,210779,1285,1284,3616,2186,0,0.0040580984
Warm A,204905,1261,1260,3616,2186,0,-0.0052321777
Warm A,255479,1556,1555,3616,2186,0,0.0028133998
Warm A,189306,1173,1172,3616,2186,0,0.00786759
Warm A,326539,1935,1934,3616,2186,1,0.007453137
Warm A,173076,1097,1096,3616,2186,0,0.0021552886
Warm A,163745,1050,1049,3616,2186,0,-0.0016578301
Warm A,155289,1001,1000,3616,2186,0,0.00078402867
Warm A,139588,893,892,3616,2186,0,0.0064763194
Warm A,138063,889,888,3616,2186,0,0.0028795279
Warm A,135150,875,874,3616,2186,1,0.001986022
Warm A,134147,869,868,3616,2186,0,0.00174519
Warm A,128015,828,827,3616,2186,0,0.006384792
Warm A,166760,1060,1059,3616,2186,0,0.0052467017
Warm A,103242,686,685,3616,2186,0,0.0047922377
Warm A,87535,572,571,3616,2186,0,-0.007528873
Warm A,85902,561,560,3616,2186,0,-0.003937428
Warm A,64190,429,428,3616,2186,0,0.008803524
Warm A,362426,2114,2113,3616,2186,0,0.007690008
Warm A,314345,1877,1876,3616,2186,0,0.008584993
Warm A,12047,92,91,3616,2186,0,0.002476824
Warm A,88762,587,586,3616,2186,0,-0.0017393688
Warm A,219109,1329,1328,3616,2186,0,0.007040576
Warm A,7239,50,49,3616,2186,0,0.0047773425
Warm A,503392,3093,3092,3616,2186,0,0.0031097906
Warm A,175987,1113,1112,3616,2186,0,0.0084475055
Warm A,312830,1865,1864,3616,2186,1,-0.00081382523
Warm A,109234,714,713,3616,2186,1,0.0051055336
Warm A,570992,3503,3502,3616,2186,0,0.0038417473
Warm A,54540,355,354,3616,2186,1,0.0002705641
Warm A,883342,5333,5332,3616,2186,0,-0.0034268135
Warm A,403306,2409,2408,3616,2186,0,0.0020175157
Warm A,469892,2895,2894,3616,2186,0,0.008490307
Warm A,181929,1137,1136,3616,2186,0,-0.00073304353
Warm A,743154,4445,4444,3616,2186,0,0.00057918066
Warm A,575766,3520,3519,3616,2186,0,0.012737261
Warm A,388330,2272,2271,3616,2186,0,0.007070489
Warm A,335709,1980,1979,3616,2186,0,0.0036604968
Warm A,237779,1447,1446,3616,2186,0,0.012531765
Warm A,557184,3423,3422,3616,2186,0,0.008565332
Warm A,12847,99,98,3616,2186,0,0.006611188
Warm A,222564,1347,1346,3616,2186,0,0.0058468725
Warm A,537829,3312,3311,3616,2186,1,0.010676807
Warm A,472471,2907,2906,3616,2186,0,0.0026944303
Warm A,384059,2244,2243,3616,2186,0,0.009233284
Warm A,59167,402,401,3616,2186,0,0.00059102406
Warm A,659107,3971,3970,3616,2186,1,0.012771092
Warm A,713769,4277,4276,3616,2186,0,0.00086260634
Warm A,682317,4085,4084,3616,2186,0,-0.0047843605
Warm A,105972,699,698,3616,2186,0,0.011573337
Warm A,206768,1266,1265,3616,2186,0,0.0049119187
Warm A,286634,1712,1711,3616,2186,0,0.0035644057
Warm A,146893,948,947,3616,2186,1,0.0034356697
Warm A,272105,1645,1644,3616,2186,1,0.003861858
Warm A,684987,4094,4093,3616,2186,0,0.007211876
Warm A,20816,151,150,3616,2186,0,0.0020743073
Warm A,599157,3648,3647,3616,2186,0,0.0034788302
Warm A,116054,752,751,3616,2186,0,0.0031583798
Warm A,840866,5053,5052,3616,2186,1,0.005801277
Warm A,631474,3821,3820,3616,2186,0,-0.0005081628
Warm A,79275,531,530,3616,2186,0,0.013424437
Warm A,310602,1851,1850,3616,2186,0,0.012245947
Warm A,720415,4312,4311,3616,2186,0,0.0044440697
Warm A,476300,2926,2925,3616,2186,1,0.0060350522
Warm A,541490,3332,3331,3616,2186,0,0.0036015452
Warm A,116808,753,752,3616,2186,1,0.0009850524
Warm A,171468,1088,1087,3616,2186,0,0.005930892
Warm A,490218,3017,3016,3616,2186,0,0.006231898
Warm A,924106,5580,5579,3616,2186,0,0.005660644
Warm A,811360,4867,4866,3616,2186,1,-0.0012743147
Warm A,941664,5682,5681,3616,2186,0,-0.002507075
Warm A,860288,5172,5171,3616,2186,1,0.008975622
Warm A,82958,549,548,3616,2186,0,0.002701152
Warm A,295598,1755,1754,3616,2186,0,0.004013208
Warm A,351631,2063,2062,3616,2186,0,0.01846601
Warm A,863393,5198,5197,3616,2186,0,0.0047038235
Warm A,62768,424,423,3616,2186,0,0.009326675
Warm A,435776,2664,2663,3619,2189,1,0.005873933
Warm A,432624,2638,2637,3619,2189,1,-0.006945853
Warm A,420430,2541,2540,3619,2189,0,0.0014996424
Warm A,419700,2537,2536,3619,2189,0,-0.0007671742
Warm A,402245,2402,2401,3619,2189,0,0.0040597552
Warm A,388900,2279,2278,3619,2189,1,0.00012004841
Warm A,377175,2203,2202,3619,2189,0,0.0074933325
Warm A,369847,2164,2163,3619,2189,1,-0.0010433882
Warm A,340144,2008,2007,3619,2189,1,0.0019844393
Warm A,281209,1687,1686,3619,2189,1,-0.008533288
Warm A,278956,1680,1679,3619,2189,0,0.008456876
Warm A,350688,2059,2058,3619,2189,1,0.002072767
Warm A,218384,1324,1323,3619,2189,1,-0.004350116
Warm A,289266,1727,1726,3619,2189,1,0.0022353947
Warm A,205095,1262,1261,3619,2189,1,-0.0012156161
Warm A,243827,1470,1469,3619,2189,0,-0.007218062
Warm A,196957,1209,1208,3619,2189,1,0.0033572912
Warm A,179056,1124,1123,3619,2189,1,-0.00597269
Warm A,148978,958,957,3619,2189,0,-0.0021996913
Warm A,159965,1019,1018,3619,2189,0,-0.0043406235
Warm A,115329,749,748,3619,2189,0,-0.010712559
Warm A,110322,720,719,3619,2189,0,-0.00987129
Warm A,94154,631,630,3619,2189,0,0.0016783024
Warm A,88030,579,578,3619,2189,0,-0.005873357
Warm A,96961,651,650,3619,2189,0,0.002138062
Warm A,190703,1181,1180,3619,2189,0,-0.0057234988
Warm A,32958,223,222,3619,2189,0,-0.0036790497
Warm A,238769,1448,1447,3619,2189,0,0.00091177435
Warm A,15652,123,122,3619,2189,0,0.0046099667
Warm A,200,3,2,3619,2189,0,-0.006744611
Warm A,107830,710,709,3619,2189,0,-0.00019293092
Warm A,697244,4169,4168,3619,2189,0,0.0041137026
Warm A,219789,1333,1332,3622,2190,0,0.0007441046
Warm A,289271,1727,1726,3622,2190,1,0.006272353
Warm A,307982,1836,1835,3622,2190,1,-0.0026205
Warm A,316209,1883,1882,3622,2190,1,-0.0017843207
Warm A,182738,1140,1139,3622,2190,1,0.0020188687
Warm A,199370,1224,1223,3622,2190,1,0.006817262
Warm A,177513,1119,1118,3622,2190,1,-0.0046239933
Warm A,190718,1181,1180,3622,2190,0,0.0077003743
Warm A,158020,1015,1014,3622,2190,0,-0.0008595572
Warm A,319991,1899,1898,3622,2190,1,0.011201738
Warm A,138088,889,888,3622,2190,0,0.014594955
Warm A,134155,869,868,3622,2190,0,0.0045229513
Warm A,159971,1019,1018,3622,2190,0,0.002630535
Warm A,112384,731,730,3622,2190,1,0.005405713
Warm A,86563,566,565,3622,2190,0,-0.0010854959
Warm A,330681,1952,1951,3622,2190,0,0.004041859
Warm A,32170,216,215,3622,2190,1,0.00559615
Warm A,947716,5722,5721,3622,2190,1,-0.0029619061
Warm A,712305,4273,4272,3622,2190,1,0.001971735
Warm A,208694,1274,1273,3622,2190,1,0.011280037
Warm A,50658,333,332,3622,2190,0,-0.007769119
Warm A,699934,4186,4185,3622,2190,1,0.0059697777
Warm A,821699,4940,4939,3622,2190,1,0.0016030581
Warm A,657474,3963,3962,3622,2190,1,0.005307825
Warm A,287668,1717,1716,3627,2193,0,0.009939536
Warm A,278973,1680,1679,3627,2193,1,0.0014600423
Warm A,239910,1449,1448,3627,2193,0,0.0022506085
Warm A,224108,1356,1355,3627,2193,1,0.005761295
Warm A,224465,1357,1356,3627,2193,1,0.01380026
Warm A,208697,1274,1273,3627,2193,1,0.0046736947
Warm A,199080,1223,1222,3627,2193,1,-0.0009819316
Warm A,308527,1837,1836,3627,2193,0,0.008411485
Warm A,196870,1208,1207,3627,2193,1,-0.0012586424
Warm A,184330,1147,1146,3627,2193,1,0.013726465
Warm A,182740,1140,1139,3627,2193,1,-0.0023591118
Warm A,176379,1115,1114,3627,2193,0,0.00024563808
Warm A,159972,1019,1018,3627,2193,0,0.0046684705
Warm A,159186,1017,1016,3627,2193,1,-0.003172197
Warm A,158023,1015,1014,3627,2193,1,0.010168513
Warm A,148980,958,957,3627,2193,1,0.0015643297
Warm A,235948,1428,1427,3627,2193,1,-0.0012369828
Warm A,146079,939,938,3627,2193,0,-0.002328965
Warm A,138092,889,888,3627,2193,0,0.0017547926
Warm A,374789,2185,2184,3627,2193,1,0.0035055145
Warm A,132378,855,854,3627,2193,1,0.014293298
Warm A,99212,661,660,3627,2193,1,-0.008160389
Warm A,284037,1698,1697,3627,2193,1,0.0031034665
Warm A,82974,549,548,3627,2193,1,0.0045061554
Warm A,77375,524,523,3627,2193,1,2.703641e-05
Warm A,70126,474,473,3627,2193,1,0.0017122142
Warm A,62786,424,423,3627,2193,1,0.0018427593
Warm A,41220,278,277,3627,2193,1,0.0011174002
Warm A,42825,293,292,3627,2193,0,0.0019727682
Warm A,31287,211,210,3627,2193,1,-0.01051121
Warm A,99826,667,666,3627,2193,0,-0.0013120007
Warm A,947718,5722,5721,3627,2193,1,0.0115936585
Warm A,18112,139,138,3627,2193,0,-0.0044156206
Warm A,481742,2962,2961,3627,2193,0,0.004729276
Warm A,631482,3821,3820,3627,2193,0,0.01009443
Warm A,451728,2781,2780,3627,2193,1,0.00069408957
Warm A,161308,1029,1028,3627,2193,0,0.0027076025
Warm A,415355,2501,2500,3627,2193,0,0.009524824
Warm A,24424,173,172,3627,2193,0,0.0050853235
Warm A,534979,3301,3300,3627,2193,1,0.009618914
Warm A,129320,839,838,3627,2193,0,0.018276826
Warm A,252462,1530,1529,3627,2193,1,0.0076250127
Warm A,322246,1912,1911,3627,2193,0,0.0126574775
Warm A,327905,1941,1940,3627,2193,0,0.009282441
Warm A,497168,3054,3053,3627,2193,1,-0.0023845816
Warm A,769010,4579,4578,3627,2193,1,0.008904249
Warm A,214759,1303,1302,3627,2193,0,0.015532498
Warm A,529588,3272,3271,3628,2194,0,0.0017578844
Warm A,480072,2946,2945,3628,2194,0,-0.00010889734
Warm A,473462,2909,2908,3628,2194,1,0.0067856815
Warm A,645199,3885,3884,3628,2194,1,0.0023355682
Warm A,456058,2808,2807,3628,2194,1,0.00638447
Warm A,447892,2761,2760,3628,2194,0,0.011446991
Warm A,434641,2651,2650,3628,2194,0,0.0057810424
Warm A,430717,2625,2624,3628,2194,0,0.0074265273
Warm A,412763,2484,2483,3628,2194,0,0.01784409
Warm A,388093,2271,2270,3628,2194,1,0.010220607
Warm A,387508,2265,2264,3628,2194,1,0.0097884815
Warm A,376171,2194,2193,3628,2194,0,0.0062727546
Warm A,364127,2121,2120,3628,2194,0,0.005073178
Warm A,357364,2092,2091,3628,2194,1,0.015898544
Warm A,345449,2026,2025,3628,2194,0,0.009811888
Warm A,275479,1667,1666,3628,2194,1,0.0064035626
Warm A,273853,1651,1650,3628,2194,0,-0.0006981357
Warm A,293682,1748,1747,3628,2194,0,0.013708262
Warm A,350691,2059,2058,3628,2194,1,0.01549324
Warm A,242721,1465,1464,3628,2194,1,0.016328951
Warm A,246641,1490,1489,3628,2194,1,0.015103223
Warm A,219792,1333,1332,3628,2194,0,0.0029681954
Warm A,203419,1247,1246,3628,2194,1,0.005309682
Warm A,182741,1140,1139,3628,2194,0,0.0054799384
Warm A,165182,1053,1052,3628,2194,0,0.000991249
Warm A,152958,984,983,3628,2194,1,0.0054294546
Warm A,323745,1920,1919,3628,2194,1,0.006518164
Warm A,146903,948,947,3628,2194,1,0.003573319
Warm A,144100,929,928,3628,2194,0,0.011711724
Warm A,134999,873,872,3628,2194,1,-0.0030261837
Warm A,130489,846,845,3628,2194,1,0.009039598
Warm A,71070,477,476,3628,2194,0,0.008833988
Warm A,68644,461,460,3628,2194,0,0.0015084813
Warm A,57783,391,390,3628,2194,1,0.013281102
Warm A,38962,264,263,3628,2194,0,0.016665652
Warm A,36571,245,244,3628,2194,1,0.011664547
Warm A,29260,199,198,3628,2194,1,0.009566652
Warm A,591886,3610,3609,3628,2194,0,0.00969816
Warm A,5626,40,39,3628,2194,1,0.012482692
Warm A,300285,1780,1779,3628,2194,0,0.006785634
Warm A,821700,4940,4939,3628,2194,1,0.0058718766
Warm A,667397,4016,4015,3634,2197,1,0.0039889645
Warm A,660375,3981,3980,3634,2197,1,0.003822172
Warm A,660049,3978,3977,3634,2197,1,0.011056078
Warm A,659503,3974,3973,3634,2197,1,0.0078013428
Warm A,651826,3930,3929,3634,2197,1,0.00997952
Warm A,642322,3864,3863,3634,2197,1,0.0107499175
Warm A,636624,3835,3834,3634,2197,1,0.008920533
Warm A,637995,3841,3840,3634,2197,1,0.005106746
Warm A,621156,3762,3761,3634,2197,0,0.007403303
Warm A,620645,3760,3759,3634,2197,0,0.0025563217
Warm A,611667,3708,3707,3634,2197,1,-0.006065188
Warm A,606448,3683,3682,3634,2197,1,0.014681243
Warm A,869847,5255,5254,3634,2197,1,0.008256715
Warm A,594566,3619,3618,3634,2197,0,0.0047605336
Warm A,585247,3574,3573,3634,2197,0,0.0160533
Warm A,728412,4354,4353,3634,2197,1,0.0057288473
Warm A,764418,4543,4542,3634,2197,1,0.026461933
Warm A,567118,3482,3481,3634,2197,1,-0.0015755319
Warm A,563669,3469,3468,3634,2197,1,0.0071804794
Warm A,558020,3426,3425,3634,2197,1,0.00374426
Warm A,547894,3380,3379,3634,2197,1,-0.0007288968
Warm A,506634,3118,3117,3634,2197,1,0.005841333
Warm A,505094,3108,3107,3634,2197,1,0.0073066503
Warm A,546045,3367,3366,3634,2197,1,0.0029558549
Warm A,697267,4169,4168,3634,2197,1,0.014293838
Warm A,471601,2901,2900,3634,2197,1,-0.005207376
Warm A,494961,3036,3035,3634,2197,1,0.0042835195
Warm A,460630,2841,2840,3634,2197,1,0.017903732
Warm A,455538,2805,2804,3634,2197,1,0.0067214514
Warm A,442577,2726,2725,3634,2197,1,-2.6919413e-05
Warm A,433574,2643,2642,3634,2197,0,0.003753364
Warm A,645203,3885,3884,3634,2197,1,0.0026995374
Warm A,428245,2605,2604,3634,2197,1,0.01094384
Warm A,423703,2567,2566,3634,2197,1,0.009437479
Warm A,422129,2555,2554,3634,2197,1,0.0036924041
Warm A,421610,2547,2546,3634,2197,1,0.0053964388
Warm A,421483,2546,2545,3634,2197,1,0.008868484
Warm A,426887,2592,2591,3634,2197,1,0.013241881
Warm A,418080,2526,2525,3634,2197,1,0.005779323
Warm A,415045,2498,2497,3634,2197,1,0.002156482
Warm A,410816,2465,2464,3634,2197,1,0.0020864767
Warm A,412070,2478,2477,3634,2197,1,0.011114602
Warm A,390961,2297,2296,3634,2197,1,0.010881348
Warm A,390865,2294,2293,3634,2197,1,0.0031657084
Warm A,388906,2279,2278,3634,2197,1,0.005977799
Warm A,385229,2251,2250,3634,2197,1,0.008133963
Warm A,381601,2231,2230,3634,2197,1,0.01703245
Warm A,378688,2211,2210,3634,2197,1,0.008265205
Warm A,353686,2072,2071,3634,2197,1,0.0022508053
Warm A,356338,2088,2087,3634,2197,1,0.011293846
Warm A,347645,2039,2038,3634,2197,1,-0.00025179563
Warm A,357371,2092,2091,3634,2197,0,0.007650123
Warm A,343596,2018,2017,3634,2197,1,0.006164513
Warm A,334536,1974,1973,3634,2197,1,0.0044540083
Warm A,323126,1916,1915,3634,2197,1,0.003449964
Warm A,313331,1869,1868,3634,2197,1,5.849125e-05
Warm A,311555,1856,1855,3634,2197,1,0.011843522
Warm A,293689,1748,1747,3634,2197,1,0.011187463
Warm A,250792,1513,1512,3634,2197,1,0.0051261643
Warm A,392093,2304,2303,3634,2197,1,0.014166107
Warm A,236691,1437,1436,3634,2197,1,0.0117259305
Warm A,316728,1884,1883,3634,2197,1,0.013031964
Warm A,242727,1465,1464,3634,2197,1,0.0072751213
Warm A,318121,1890,1889,3634,2197,1,-0.00036535366
Warm A,214770,1303,1302,3634,2197,1,0.020195793
Warm A,210089,1284,1283,3634,2197,1,0.0019685575
Warm A,188563,1170,1169,3634,2197,1,0.0080241505
Warm A,184334,1147,1146,3634,2197,1,0.010357525
Warm A,180984,1131,1130,3634,2197,1,0.015674144
Warm A,190745,1181,1180,3634,2197,1,0.01839809
Warm A,163087,1041,1040,3634,2197,1,-0.0026993793
Warm A,152968,984,983,3634,2197,1,0.008201788
Warm A,146908,948,947,3634,2197,1,0.00667975
Warm A,253354,1541,1540,3634,2197,0,0.0053283307
Warm A,379896,2222,2221,3634,2197,0,0.008594836
Warm A,118864,769,768,3634,2197,0,-0.0031686474
Warm A,139163,890,889,3634,2197,0,0.007112526
Warm A,98125,656,655,3634,2197,1,0.005688365
Warm A,96125,646,645,3634,2197,1,0.004883416
Warm A,76868,521,520,3634,2197,1,-0.0017525302
Warm A,55321,366,365,3634,2197,1,0.0077543827
Warm A,49831,330,329,3634,2197,1,0.0019850708
Warm A,67007,451,450,3634,2197,1,0.0073465165
Warm A,48600,326,325,3634,2197,0,-0.0044093304
Warm A,47606,319,318,3634,2197,1,0.01351976
Warm A,98721,660,659,3634,2197,1,0.01323718
Warm A,27600,193,192,3634,2197,1,0.006207109
Warm A,25164,177,176,3634,2197,0,0.006864466
Warm A,9371,62,61,3634,2197,1,0.020260978
Warm A,657480,3963,3962,3634,2197,0,0.009427979
Warm A,2982,23,22,3634,2197,0,0.01699575
Warm A,62801,424,423,3634,2197,1,0.013537171
Warm A,24444,173,172,3634,2197,1,0.007289872
Warm A,141162,910,909,3634,2197,1,0.004815314
Warm A,835187,5019,5018,3634,2197,1,0.0121927755
Warm A,420918,2544,2543,3634,2197,1,0.014994208
Warm A,804152,4815,4814,3634,2197,1,0.006559265
Warm A,843630,5071,5070,3634,2197,1,0.00165177
Warm A,485938,2991,2990,3634,2197,1,0.011453472
Warm A,254613,1547,1546,3634,2197,1,0.0020987908
Warm A,795596,4765,4764,3634,2197,1,0.0011459577
Warm A,933832,5636,5635,3634,2197,1,0.009222525
Warm A,994017,6002,6001,3634,2197,1,0.002862554
Warm A,322257,1912,1911,3634,2197,0,0.008760622
Warm A,93246,624,623,3634,2197,1,0.007943102
Warm A,518697,3201,3200,3643,2201,0,0.0017029636
Warm A,566160,3476,3475,3643,2201,0,-0.011067527
Warm A,646635,3892,3891,3643,2201,1,0.0076935366
Warm A,495251,3039,3038,3643,2201,0,-0.008415942
Warm A,486235,2994,2993,3643,2201,1,0.00024297368
Warm A,529614,3272,3271,3643,2201,1,0.009783238
Warm A,480085,2946,2945,3643,2201,0,0.003940564
Warm A,473500,2909,2908,3643,2201,1,0.009985735
Warm A,645212,3885,3884,3643,2201,1,-0.002611154
Warm A,434647,2651,2650,3643,2201,0,-3.3440534e-05
Warm A,430721,2625,2624,3643,2201,0,-0.0023292094
Warm A,426898,2592,2591,3643,2201,1,0.00312516
Warm A,394664,2329,2328,3643,2201,0,-0.0036329739
Warm A,388099,2271,2270,3643,2201,1,0.0024910434
Warm A,377200,2203,2202,3643,2201,1,0.009892203
Warm A,364130,2121,2120,3643,2201,0,-0.004202092
Warm A,345454,2026,2025,3643,2201,0,0.0006347796
Warm A,293698,1748,1747,3643,2201,0,0.010354403
Warm A,292249,1741,1740,3643,2201,1,-0.00053034304
Warm A,275497,1667,1666,3643,2201,0,0.0056059407
Warm A,350695,2059,2058,3643,2201,1,0.0005843411
Warm A,244656,1473,1472,3643,2201,0,0.0034326506
Warm A,242738,1465,1464,3643,2201,1,0.00477261
Warm A,246649,1490,1489,3643,2201,1,0.0074110744
Warm A,220580,1337,1336,3643,2201,1,0.004744503
Warm A,152977,984,983,3643,2201,0,0.0023054483
Warm A,323762,1920,1919,3643,2201,0,0.007577138
Warm A,146912,948,947,3643,2201,0,-0.0028362554
Warm A,131101,850,849,3643,2201,1,-0.0027237744
Warm A,123369,796,795,3643,2201,0,-0.0035780095
Warm A,118323,765,764,3643,2201,1,0.0025095958
Warm A,106723,702,701,3643,2201,1,0.011203552
Warm A,104254,692,691,3643,2201,0,-0.0010063299
Warm A,71079,477,476,3643,2201,0,-0.0025488243
Warm A,68660,461,460,3643,2201,0,-0.0030278945
Warm A,68008,456,455,3643,2201,0,-0.0092812255
Warm A,52843,348,347,3643,2201,0,-0.00081275264
Warm A,36632,245,244,3643,2201,0,0.0020568357
Warm A,591909,3610,3609,3643,2201,0,-0.0048858738
Warm A,5637,40,39,3643,2201,1,-0.005116041
Warm A,445792,2749,2748,3643,2201,1,-0.011882104
Warm A,334970,1976,1975,3646,2202,0,-0.00894473
Warm A,315133,1880,1879,3646,2202,0,-0.006573337
Warm A,330519,1951,1950,3646,2202,0,-0.011943702
Warm A,295619,1755,1754,3646,2202,0,0.004419469
Warm A,277597,1676,1675,3646,2202,1,0.00038948422
Warm A,299027,1776,1775,3646,2202,0,-0.002812322
Warm A,271445,1641,1640,3646,2202,0,0.0028767078
Warm A,256975,1573,1572,3646,2202,1,0.0013563605
Warm A,246048,1487,1486,3646,2202,0,-0.0041013067
Warm A,253135,1538,1537,3646,2202,0,0.003924913
Warm A,204926,1261,1260,3646,2202,0,0.0049332036
Warm A,189336,1173,1172,3646,2202,0,0.0042849984
Warm A,201128,1241,1240,3646,2202,0,-0.0032699183
Warm A,326546,1935,1934,3646,2202,1,0.0078295665
Warm A,185158,1150,1149,3646,2202,0,-0.004061805
Warm A,182353,1138,1137,3646,2202,0,-0.00032141665
Warm A,179546,1125,1124,3646,2202,1,-0.0072273803
Warm A,175460,1112,1111,3646,2202,0,0.0067533175
Warm A,163779,1050,1049,3646,2202,0,-0.0063068997
Warm A,162588,1037,1036,3646,2202,0,-0.002609859
Warm A,255492,1556,1555,3646,2202,1,-0.0046308977
Warm A,149330,961,960,3646,2202,1,-0.0028695546
Warm A,380236,2223,2222,3646,2202,0,-0.0072702165
Warm A,135157,875,874,3646,2202,1,0.00055327755
Warm A,122021,787,786,3646,2202,0,-0.0073957294
Warm A,120066,775,774,3646,2202,0,-0.00025816553
Warm A,119169,770,769,3646,2202,0,0.0053689387
Warm A,110111,718,717,3646,2202,1,-0.002005577
Warm A,100801,673,672,3646,2202,0,-0.0035916665
Warm A,95928,644,643,3646,2202,0,-0.0026929828
Warm A,174633,1105,1104,3646,2202,0,-0.00072743965
Warm A,406025,2436,2435,3646,2202,0,0.0013515493
Warm A,120369,777,776,3646,2202,0,-0.0016739742
Warm A,70741,476,475,3646,2202,1,0.0008982725
Warm A,67402,453,452,3646,2202,0,0.00421552
Warm A,64209,429,428,3646,2202,0,0.0052620424
Warm A,251124,1516,1515,3646,2202,0,-0.0065073175
Warm A,57000,385,384,3646,2202,1,-0.008627903
Warm A,407226,2446,2445,3646,2202,0,-0.0014520425
Warm A,44693,302,301,3646,2202,0,0.005853098
Warm A,355595,2082,2081,3646,2202,1,-0.009337795
Warm A,39614,268,267,3646,2202,1,-0.008725294
Warm A,88777,587,586,3646,2202,0,-0.001723791
Warm A,481753,2962,2961,3646,2202,1,-0.008916702
Warm A,22655,163,162,3646,2202,0,0.0013097883
Warm A,26522,187,186,3646,2202,0,-0.005681021
Warm A,210099,1284,1283,3646,2202,0,0.0067562647
Warm A,45430,306,305,3646,2202,1,-0.0055207685
Warm A,433149,2641,2640,3646,2202,0,-0.0052297786
Warm A,14002,113,112,3646,2202,0,-0.0075466596
Warm A,272841,1647,1646,3646,2202,0,-0.009948014
Warm A,9003,61,60,3646,2202,1,0.010153731
Warm A,8231,57,56,3646,2202,0,0.007566672
Warm A,7356,52,51,3646,2202,0,-0.01177777
Warm A,7246,50,49,3646,2202,0,0.00045314291
Warm A,90480,600,599,3646,2202,0,-0.010056357
Warm A,399808,2380,2379,3646,2202,1,-0.008243795
Warm A,116818,753,752,3646,2202,1,-0.0020180992
Warm A,1599,15,14,3646,2202,0,0.0055869375
Warm A,211659,1287,1286,3646,2202,0,0.00799923
Warm A,238818,1448,1447,3646,2202,0,-0.004144861
Warm A,21046,153,152,3646,2202,1,-0.009719274
Warm A,179979,1127,1126,3646,2202,0,-0.0018612831
Warm A,171530,1088,1087,3646,2202,0,0.005849495
Warm A,239950,1449,1448,3646,2202,0,-0.008451337
Warm A,299572,1778,1777,3646,2202,0,0.0016596611
Warm A,181957,1137,1136,3646,2202,0,-0.0021625392
Warm A,250369,1509,1508,3646,2202,0,0.0047708084
Warm A,743159,4445,4444,3646,2202,0,-1.4623278e-05
Warm A,598162,3641,3640,3646,2202,0,0.0010677438
Warm A,287300,1715,1714,3646,2202,1,-0.0026326654
Warm A,354838,2077,2076,3646,2202,0,0.005837923
Warm A,19550,148,147,3646,2202,0,-0.014376383
Warm A,512763,3163,3162,3646,2202,0,-0.0027491811
Warm A,575778,3520,3519,3646,2202,0,0.0028979988
Warm A,388336,2272,2271,3646,2202,1,0.006965449
Warm A,150537,970,969,3646,2202,0,0.0061607985
Warm A,930599,5621,5620,3646,2202,0,-0.0051932307
Warm A,605725,3681,3680,3646,2202,0,-0.0012711697
Warm A,42850,293,292,3646,2202,0,0.0008060455
Warm A,949284,5734,5733,3646,2202,0,0.0031001167
Warm A,530948,3280,3279,3646,2202,0,0.004574963
Warm A,14218,116,115,3646,2202,0,-0.0030005833
Warm A,12864,99,98,3646,2202,0,-0.0024675243
Warm A,521735,3219,3218,3646,2202,0,0.004362314
Warm A,12103,92,91,3646,2202,0,-0.0031750374
Warm A,437228,2669,2668,3646,2202,0,-0.003096764
Warm A,567404,3483,3482,3646,2202,0,0.001802705
Warm A,272134,1645,1644,3646,2202,1,0.000360389
Warm A,317651,1889,1888,3646,2202,0,-0.009705235
Warm A,503800,3096,3095,3646,2202,1,-0.00641203
Warm A,242094,1458,1457,3646,2202,0,0.005818312
Warm A,110749,721,720,3646,2202,0,-0.006957565
Warm A,335162,1978,1977,3646,2202,0,-0.0017225415
Warm A,309573,1842,1841,3646,2202,0,-0.0027262913
Warm A,287682,1717,1716,3646,2202,0,-0.0034501378
Warm A,351699,2063,2062,3646,2202,0,-0.0017046797
Warm A,636240,3834,3833,3646,2202,0,0.0009977107
Warm A,973568,5872,5871,3646,2202,0,-0.0009714761
Warm A,631509,3821,3820,3646,2202,0,0.002567251
Warm A,907802,5492,5491,3646,2202,0,-0.0059056603
Warm A,255899,1560,1559,3646,2202,1,-0.0034730881
Warm A,134186,869,868,3646,2202,0,-0.0041460944
Warm A,864047,5205,5204,3646,2202,0,-0.010234761
Warm A,47643,319,318,3646,2202,0,-0.00065702165
Warm A,977930,5892,5891,3646,2202,0,-0.002646274
Warm A,883357,5333,5332,3646,2202,0,-0.0015527074
Warm A,926207,5598,5597,3646,2202,0,0.006236026
Warm A,327954,1941,1940,3646,2202,0,-0.0049537723
Warm A,164462,1051,1050,3646,2202,0,-0.005840646
Warm A,363750,2119,2118,3646,2202,0,-0.0012333579
Warm A,564343,3471,3470,3646,2202,0,-0.003338215
Warm A,941683,5682,5681,3646,2202,0,-0.001317116
Warm A,53068,349,348,3646,2202,0,-0.0030023141
Warm A,310634,1851,1850,3646,2202,0,0.0058037867
Warm A,847209,5090,5089,3646,2202,0,0.0011438968
Warm A,857994,5156,5155,3646,2202,0,0.008498753
Warm A,550012,3391,3390,3646,2202,0,-0.0035497479
Warm A,466761,2878,2877,3646,2202,0,0.0036404214
Warm A,83011,549,548,3646,2202,0,-0.0054534357
Warm A,619211,3752,3751,3653,2204,1,-0.005192845
Warm A,614336,3721,3720,3653,2204,0,0.006068527
Warm A,611668,3708,3707,3653,2204,1,0.0044656405
Warm A,612739,3714,3713,3653,2204,1,-0.010514126
Warm A,604140,3675,3674,3653,2204,1,-0.0014956493
Warm A,601409,3656,3655,3653,2204,0,0.0018549948
Warm A,598168,3641,3640,3653,2204,1,0.005371534
Warm A,597133,3629,3628,3653,2204,0,0.0066949558
Warm A,869852,5255,5254,3653,2204,1,0.0118414
Warm A,594574,3619,3618,3653,2204,1,0.010502991
Warm A,585640,3576,3575,3653,2204,1,0.00054391194
Warm A,585256,3574,3573,3653,2204,0,-0.0020219875
Warm A,874309,5278,5277,3653,2204,1,0.00288602
Warm A,567896,3484,3483,3653,2204,1,-0.000675919
Warm A,561045,3452,3451,3653,2204,1,0.0018898926
Warm A,590986,3605,3604,3653,2204,1,0.008775666
Warm A,551809,3400,3399,3653,2204,1,0.0057773013
Warm A,547902,3380,3379,3653,2204,1,0.010171511
Warm A,538465,3313,3312,3653,2204,0,0.009673284
Warm A,533232,3292,3291,3653,2204,1,0.003689128
Warm A,529622,3272,3271,3653,2204,0,0.015951656
Warm A,527850,3263,3262,3653,2204,1,-0.0007312346
Warm A,575279,3519,3518,3653,2204,0,0.0010080892
Warm A,522456,3224,3223,3653,2204,1,0.0025905655
Warm A,518702,3201,3200,3653,2204,1,0.00818163
Warm A,514863,3180,3179,3653,2204,1,-0.0011569876
Warm A,492662,3029,3028,3653,2204,1,0.009978013
Warm A,599955,3650,3649,3653,2204,0,0.004750619
Warm A,471610,2901,2900,3653,2204,1,0.0050909603
Warm A,471331,2900,2899,3653,2204,1,0.0152023155
Warm A,466764,2878,2877,3653,2204,1,0.007134284
Warm A,462554,2854,2853,3653,2204,0,0.002268372
Warm A,449738,2773,2772,3653,2204,1,0.00017722184
Warm A,451365,2778,2777,3653,2204,1,0.01183387
Warm A,410820,2465,2464,3653,2204,1,0.008574864
Warm A,396630,2348,2347,3653,2204,0,0.0009538324
Warm A,400356,2383,2382,3653,2204,0,0.0063981507
Warm A,381610,2231,2230,3653,2204,0,0.007358604
Warm A,357388,2092,2091,3653,2204,1,0.006219148
Warm A,349841,2054,2053,3653,2204,1,0.010406455
Warm A,323134,1916,1915,3653,2204,0,0.017556708
Warm A,302470,1796,1795,3653,2204,1,-0.00304581
Warm A,295243,1753,1752,3653,2204,1,-0.0066899285
Warm A,298790,1775,1774,3653,2204,0,0.0032308353
Warm A,293703,1748,1747,3653,2204,0,-0.0054741073
Warm A,345456,2026,2025,3653,2204,0,-0.00076269056
Warm A,260378,1592,1591,3653,2204,0,0.005586679
Warm A,243875,1470,1469,3653,2204,0,0.0015711877
Warm A,244660,1473,1472,3653,2204,1,-0.0059077526
Warm A,242746,1465,1464,3653,2204,1,0.0022064294
Warm A,325338,1926,1925,3653,2204,1,-0.0019633155
Warm A,289291,1727,1726,3653,2204,1,-0.0015953926
Warm A,293151,1746,1745,3653,2204,1,0.011082331
Warm A,197882,1216,1215,3653,2204,1,0.0014703603
Warm A,183712,1143,1142,3653,2204,1,0.007587853
Warm A,182754,1140,1139,3653,2204,0,-0.0011240914
Warm A,210835,1285,1284,3653,2204,1,0.0059829243
Warm A,212864,1297,1296,3653,2204,1,0.0046350914
Warm A,222051,1343,1342,3653,2204,1,0.006834396
Warm A,148271,955,954,3653,2204,0,0.013280837
Warm A,713810,4277,4276,3653,2204,1,0.0037532854
Warm A,147915,953,952,3653,2204,1,0.0009002164
Warm A,128941,838,837,3653,2204,1,-0.00026993686
Warm A,315142,1880,1879,3653,2204,1,0.005079929
Warm A,125367,806,805,3653,2204,1,0.006882846
Warm A,124842,802,801,3653,2204,1,0.011561424
Warm A,132406,855,854,3653,2204,1,0.015082125
Warm A,103957,691,690,3653,2204,1,0.009155933
Warm A,92276,615,614,3653,2204,1,-0.00080168596
Warm A,152983,984,983,3653,2204,1,0.010114789
Warm A,83023,549,548,3653,2204,1,0.011895034
Warm A,57008,385,384,3653,2204,1,0.008303275
Warm A,130496,846,845,3653,2204,0,0.0037277318
Warm A,317657,1889,1888,3653,2204,0,0.0013311103
Warm A,48625,326,325,3653,2204,0,-0.0021922393
Warm A,34804,235,234,3653,2204,0,0.0054472033
Warm A,32256,216,215,3653,2204,0,-0.003137665
Warm A,481757,2962,2961,3653,2204,0,0.009210025
Warm A,210107,1284,1283,3653,2204,0,0.0037786649
Warm A,30635,204,203,3653,2204,0,0.009283035
Warm A,459595,2832,2831,3653,2204,1,0.010490412
Warm A,249821,1505,1504,3653,2204,1,0.003597133
Warm A,265035,1611,1610,3653,2204,1,0.008348568
Warm A,420930,2544,2543,3653,2204,0,0.013686823
Warm A,821705,4940,4939,3653,2204,1,-0.00045837695
Warm A,657490,3963,3962,3653,2204,0,0.012359875
Warm A,322281,1912,1911,3653,2204,1,0.0063216537
Warm A,96589,648,647,3653,2204,1,0.008509575
Warm A,748307,4467,4466,3653,2204,1,0.012767023
Warm A,14620,117,116,3658,2206,1,0.0037025397
Warm A,1850,17,16,3658,2206,1,0.003816762
Warm A,1349,12,11,3658,2206,1,-0.0021719143
Warm A,873857,5276,5275,3658,2206,0,-0.00052732846
Warm A,293705,1748,1747,3658,2206,1,0.0014011452
Warm A,927872,5605,5604,3658,2206,1,0.0039027182
Warm A,473514,2909,2908,3658,2206,0,-0.0064230305
Warm A,327970,1941,1940,3658,2206,0,-0.0057898196
Warm A,28367,195,194,3658,2206,1,-0.010803164
Warm A,584665,3569,3568,3660,2207,0,0.0040902067
Warm A,577737,3528,3527,3660,2207,0,-0.004925344
Warm A,569153,3491,3490,3660,2207,1,0.00079175574
Warm A,559390,3436,3435,3660,2207,1,0.0016205068
Warm A,547360,3377,3376,3660,2207,1,0.0004795161
Warm A,577077,3526,3525,3660,2207,0,0.0036016474
Warm A,538902,3314,3313,3660,2207,1,0.00050334446
Warm A,537064,3311,3310,3660,2207,0,0.008211147
Warm A,505582,3110,3109,3660,2207,0,0.00645294
Warm A,501733,3081,3080,3660,2207,1,-0.0003111899
Warm A,494039,3032,3031,3660,2207,1,0.007631291
Warm A,483926,2976,2975,3660,2207,0,-0.00038865814
Warm A,487865,3001,3000,3660,2207,1,-0.00013748195
Warm A,697305,4169,4168,3660,2207,0,0.003955586
Warm A,591192,3607,3606,3660,2207,0,0.0063575273
Warm A,472522,2907,2906,3660,2207,1,0.0008223312
Warm A,463228,2857,2856,3660,2207,1,-0.0007939682
Warm A,457850,2820,2819,3660,2207,0,0.010671021
Warm A,444402,2742,2741,3660,2207,0,0.0054670586
Warm A,441633,2711,2710,3660,2207,0,-0.003241325
Warm A,437047,2668,2667,3660,2207,0,0.015687382
Warm A,430723,2625,2624,3660,2207,0,0.00492589
Warm A,426441,2590,2589,3660,2207,0,-0.0022304186
Warm A,409574,2457,2456,3660,2207,0,0.0063939937
Warm A,386986,2263,2262,3660,2207,1,0.0038962942
Warm A,386043,2258,2257,3660,2207,0,0.0086406
Warm A,374017,2181,2180,3660,2207,0,-0.008818379
Warm A,370700,2167,2166,3660,2207,1,0.0023898375
Warm A,369876,2164,2163,3660,2207,0,-0.0012188881
Warm A,368621,2155,2154,3660,2207,1,0.004500662
Warm A,368777,2156,2155,3660,2207,0,-9.602681e-05
Warm A,367321,2144,2143,3660,2207,0,0.012395462
Warm A,356353,2088,2087,3660,2207,1,0.01446218
Warm A,297447,1764,1763,3660,2207,0,0.0024172303
Warm A,299032,1776,1775,3660,2207,0,0.009828232
Warm A,288243,1722,1721,3660,2207,1,0.0026307562
Warm A,288428,1723,1722,3660,2207,0,0.013991878
Warm A,279072,1680,1679,3660,2207,0,0.013018352
Warm A,276911,1675,1674,3660,2207,0,0.0073539987
Warm A,247623,1496,1495,3660,2207,0,0.01367807
Warm A,342393,2015,2014,3660,2207,1,0.007110003
Warm A,226373,1370,1369,3660,2207,0,0.000408181
Warm A,277614,1676,1675,3660,2207,1,0.019328516
Warm A,327978,1941,1940,3660,2207,0,0.008300226
Warm A,187049,1160,1159,3660,2207,0,0.0027554987
Warm A,186529,1154,1153,3660,2207,0,0.00303361
Warm A,307376,1835,1834,3660,2207,0,0.014875567
Warm A,181580,1135,1134,3660,2207,0,0.010950886
Warm A,177525,1119,1118,3660,2207,0,0.011451453
Warm A,176385,1115,1114,3660,2207,0,0.0037582028
Warm A,196457,1207,1206,3660,2207,0,0.010539513
Warm A,165980,1058,1057,3660,2207,1,0.013944594
Warm A,159205,1017,1016,3660,2207,1,0.006522863
Warm A,138158,889,888,3660,2207,0,0.005125129
Warm A,134194,869,868,3660,2207,1,0.0067178337
Warm A,131472,851,850,3660,2207,1,0.005981938
Warm A,315152,1880,1879,3660,2207,0,0.009720501
Warm A,125512,808,807,3660,2207,0,0.007517698
Warm A,107499,709,708,3660,2207,0,0.014181115
Warm A,104836,695,694,3660,2207,0,-0.000108879525
Warm A,331543,1958,1957,3660,2207,0,0.004085682
Warm A,99663,665,664,3660,2207,0,0.0036453
Warm A,351721,2063,2062,3660,2207,0,0.0036577918
Warm A,90923,602,601,3660,2207,0,0.0013902863
Warm A,86086,563,562,3660,2207,0,0.0081448015
Warm A,81219,541,540,3660,2207,0,-0.0006128274
Warm A,70413,475,474,3660,2207,0,0.009284096
Warm A,66529,445,444,3660,2207,0,0.009837862
Warm A,62840,424,423,3660,2207,0,0.0021859906
Warm A,57667,390,389,3660,2207,0,0.0015568628
Warm A,54003,352,351,3660,2207,0,0.00735577
Warm A,51023,336,335,3660,2207,1,0.0027967962
Warm A,132412,855,854,3660,2207,0,0.0074919118
Warm A,45247,305,304,3660,2207,0,-0.0010871706
Warm A,639041,3842,3841,3660,2207,0,0.0035108547
Warm A,41255,278,277,3660,2207,1,0.012156123
Warm A,481761,2962,2961,3660,2207,0,0.016429763
Warm A,21048,153,152,3660,2207,0,0.0076045915
Warm A,23224,166,165,3660,2207,0,-0.0009922113
Warm A,119184,770,769,3660,2207,0,0.0013733038
Warm A,290139,1733,1732,3660,2207,0,0.0045776963
Warm A,8590,58,57,3660,2207,0,0.0018563025
Warm A,7926,53,52,3660,2207,0,0.0043437267
Warm A,2739,22,21,3660,2207,1,0.007101631
Warm A,19585,148,147,3660,2207,1,-0.00096203096
Warm A,552272,3401,3400,3660,2207,0,0.008715394
Warm A,164470,1051,1050,3660,2207,0,0.0023133955
Warm A,310643,1851,1850,3660,2207,0,-0.0018081558
Warm A,158080,1015,1014,3660,2207,0,0.0071334047
Warm A,366133,2131,2130,3660,2207,1,-0.0033321204
Warm A,622055,3768,3767,3660,2207,0,0.008921338
Warm A,720438,4312,4311,3660,2207,0,0.0077569652
Warm A,760795,4520,4519,3660,2207,1,0.0069866506
Warm A,105581,698,697,3660,2207,0,0.01089019
Warm A,474346,2910,2909,3660,2207,1,7.654657e-05
Warm A,497615,3055,3054,3660,2207,0,0.0072907796
Warm A,489566,3013,3012,3660,2207,0,0.0051700906
Warm A,277615,1676,1675,3661,2208,0,0.012351451
Warm A,327980,1941,1940,3661,2208,0,0.0028498312
Warm A,176386,1115,1114,3661,2208,0,0.0019977768
Warm A,159206,1017,1016,3661,2208,0,0.007634812
Warm A,134195,869,868,3661,2208,1,0.0023888727
Warm A,138159,889,888,3661,2208,0,0.015562434
Warm A,351722,2063,2062,3661,2208,0,0.012126042
Warm A,125513,808,807,3661,2208,0,-0.005853801
Warm A,107500,709,708,3661,2208,0,0.019740608
Warm A,99664,665,664,3661,2208,0,0.0086518135
Warm A,91615,608,607,3661,2208,0,0.011990681
Warm A,308561,1837,1836,3661,2208,0,0.0060406853
Warm A,86087,563,562,3661,2208,0,0.0025544427
Warm A,75881,516,515,3661,2208,0,0.008712664
Warm A,57668,390,389,3661,2208,0,0.006054993
Warm A,51216,337,336,3661,2208,0,0.008634597
Warm A,41256,278,277,3661,2208,0,0.012102873
Warm A,291327,1737,1736,3661,2208,0,0.011133194
Warm A,639042,3842,3841,3661,2208,0,0.0025608232
Warm A,2740,22,21,3661,2208,1,0.0009973964
Warm A,829078,4979,4978,3661,2208,0,0.019589951
Warm A,310644,1851,1850,3661,2208,0,0.0097897705
Warm A,221802,1341,1340,3662,2209,0,-0.009717822
Warm A,196139,1206,1205,3662,2209,1,0.008103132
Warm A,196459,1207,1206,3662,2209,0,0.005288222
Warm A,327983,1941,1940,3662,2209,0,0.00040981453
Warm A,159207,1017,1016,3662,2209,0,0.0014156164
Warm A,342397,2015,2014,3662,2209,0,-0.0015629976
Warm A,156775,1010,1009,3662,2209,0,0.008491372
Warm A,138160,889,888,3662,2209,0,0.0027074357
Warm A,133859,868,867,3662,2209,1,-0.00012655417
Warm A,134196,869,868,3662,2209,0,0.0031995913
Warm A,351723,2063,2062,3662,2209,0,-0.0042246054
Warm A,127075,820,819,3662,2209,0,0.006966746
Warm A,125514,808,807,3662,2209,0,0.0012797683
Warm A,107501,709,708,3662,2209,1,0.002666339
Warm A,250375,1509,1508,3662,2209,0,-0.0025214301
Warm A,91616,608,607,3662,2209,0,-0.0071215453
Warm A,308562,1837,1836,3662,2209,0,0.0016603172
Warm A,86088,563,562,3662,2209,0,0.0012272468
Warm A,75882,516,515,3662,2209,0,0.0041629695
Warm A,57669,390,389,3662,2209,1,0.0023604657
Warm A,51024,336,335,3662,2209,1,-0.00143424
Warm A,41927,284,283,3662,2209,0,0.0032360367
Warm A,41257,278,277,3662,2209,0,0.00025207107
Warm A,291328,1737,1736,3662,2209,0,-0.0025143027
Warm A,33640,225,224,3662,2209,0,-0.002275119
Warm A,22687,163,162,3662,2209,0,0.0068261074
Warm A,14630,117,116,3662,2209,0,0.005697148
Warm A,1861,17,16,3662,2209,0,-0.011569034
Warm A,11117,82,81,3662,2209,0,0.0059591006
Warm A,552274,3401,3400,3662,2209,0,-0.0018747967
Warm A,310645,1851,1850,3662,2209,0,0.0053131226
Warm A,366135,2131,2130,3662,2209,0,0.0007843785
Warm A,237842,1447,1446,3669,2211,0,0.0010761155
Warm A,342405,2015,2014,3669,2211,0,0.001870936
Warm A,272145,1645,1644,3669,2211,0,0.0039885007
Warm A,102173,678,677,3669,2211,0,0.007721982
Warm A,497618,3055,3054,3669,2211,0,0.012115089
Warm A,134207,869,868,3669,2211,1,0.0072784014
Warm A,418619,2529,2528,3669,2211,0,-0.004346975
Warm A,537876,3312,3311,3669,2211,0,-0.0011212999
Warm A,967295,5831,5830,3669,2211,0,0.009260854
Warm A,234925,1425,1424,3669,2211,0,-0.0055340584
Warm A,550046,3391,3390,3669,2211,0,-0.011069448
Warm A,533256,3292,3291,3672,2213,1,0.0073461235
Warm A,530970,3280,3279,3672,2213,0,0.014981404
Warm A,522483,3224,3223,3672,2213,0,0.007526627
Warm A,518717,3201,3200,3672,2213,1,-0.0021698975
Warm A,517625,3195,3194,3672,2213,0,0.005467411
Warm A,515435,3182,3181,3672,2213,1,0.0052485736
Warm A,527382,3261,3260,3672,2213,0,0.012045822
Warm A,510230,3143,3142,3672,2213,1,-0.006509962
Warm A,539860,3320,3319,3672,2213,0,0.021560809
Warm A,502116,3082,3081,3672,2213,1,0.0042858673
Warm A,494064,3032,3031,3672,2213,1,0.014666855
Warm A,487562,2999,2998,3672,2213,0,0.007738633
Warm A,769027,4579,4578,3672,2213,1,0.013375897
Warm A,599976,3650,3649,3672,2213,0,0.0101041235
Warm A,479238,2941,2940,3672,2213,0,0.006536746
Warm A,697315,4169,4168,3672,2213,0,0.012798622
Warm A,468386,2887,2886,3672,2213,0,0.0045399396
Warm A,880116,5317,5316,3672,2213,1,0.00800522
Warm A,463245,2857,2856,3672,2213,0,0.014091475
Warm A,462565,2854,2853,3672,2213,0,0.0009854943
Warm A,487012,2996,2995,3672,2213,1,0.0032701897
Warm A,466776,2878,2877,3672,2213,1,0.010484245
Warm A,447323,2756,2755,3672,2213,0,-0.0021801386
Warm A,445559,2748,2747,3672,2213,0,0.006191168
Warm A,437933,2676,2675,3672,2213,0,-0.0045851395
Warm A,456433,2810,2809,3672,2213,1,0.0056450563
Warm A,418627,2529,2528,3672,2213,0,-0.00073069916
Warm A,417516,2518,2517,3672,2213,1,0.013898165
Warm A,425665,2583,2582,3672,2213,0,0.0017404668
Warm A,405515,2429,2428,3672,2213,1,0.010049424
Warm A,385691,2255,2254,3672,2213,1,0.004450758
Warm A,655942,3952,3951,3672,2213,1,0.008156152
Warm A,377782,2205,2204,3672,2213,0,0.015066627
Warm A,361591,2109,2108,3672,2213,0,0.011005798
Warm A,341550,2012,2011,3672,2213,0,0.0034235213
Warm A,336991,1983,1982,3672,2213,1,0.007199755
Warm A,305384,1816,1815,3672,2213,1,0.011304751
Warm A,271623,1642,1641,3672,2213,0,0.0031015782
Warm A,261726,1599,1598,3672,2213,1,0.008216528
Warm A,247317,1495,1494,3672,2213,0,-0.0031387166
Warm A,335808,1980,1979,3672,2213,0,0.012092417
Warm A,224855,1359,1358,3672,2213,0,-0.0006672362
Warm A,222260,1344,1343,3672,2213,0,0.0097395
Warm A,323783,1920,1919,3672,2213,0,-0.0010662137
Warm A,277631,1676,1675,3672,2213,0,0.0006005898
Warm A,279105,1680,1679,3672,2213,1,0.007173554
Warm A,197663,1214,1213,3672,2213,0,0.013126825
Warm A,328005,1941,1940,3672,2213,1,0.020459505
Warm A,173626,1100,1099,3672,2213,0,0.0012753415
Warm A,248786,1501,1500,3672,2213,1,0.015003489
Warm A,342412,2015,2014,3672,2213,0,0.010454031
Warm A,324393,1922,1921,3672,2213,0,0.0040025804
Warm A,204212,1257,1256,3672,2213,0,-0.00061830296
Warm A,141487,911,910,3672,2213,1,0.010504378
Warm A,131598,853,852,3672,2213,0,0.008401601
Warm A,315172,1880,1879,3672,2213,0,0.018753376
Warm A,263250,1605,1604,3672,2213,0,0.008888127
Warm A,124223,800,799,3672,2213,1,0.009123274
Warm A,121102,780,779,3672,2213,1,0.009585809
Warm A,216413,1314,1313,3672,2213,0,0.0032990645
Warm A,96995,651,650,3672,2213,0,0.0034691049
Warm A,94908,637,636,3672,2213,0,-0.0033121903
Warm A,93769,629,628,3672,2213,1,0.0013360977
Warm A,351744,2063,2062,3672,2213,0,0.011332313
Warm A,394187,2323,2322,3672,2213,0,0.004458108
Warm A,76141,517,516,3672,2213,0,0.0064541018
Warm A,73658,499,498,3672,2213,1,0.010082631
Warm A,71296,479,478,3672,2213,0,0.0050067967
Warm A,274194,1657,1656,3672,2213,0,0.004864893
Warm A,71987,482,481,3672,2213,0,0.0069514806
Warm A,56565,378,377,3672,2213,1,0.013819884
Warm A,46124,308,307,3672,2213,0,0.0043164217
Warm A,21679,157,156,3672,2213,0,0.014312448
Warm A,23248,166,165,3672,2213,0,0.00548057
Warm A,238858,1448,1447,3672,2213,0,0.0063035493
Warm A,11399,87,86,3672,2213,0,0.0031575286
Warm A,8126,55,54,3672,2213,1,0.0014221835
Warm A,107889,710,709,3672,2213,0,0.0074493047
Warm A,234046,1422,1421,3672,2213,0,0.008248133
Warm A,95410,639,638,3672,2213,0,-0.005815373
Warm A,354864,2077,2076,3672,2213,0,0.016218811
Warm A,49666,329,328,3672,2213,0,0.013024739
Warm A,333810,1969,1968,3672,2213,1,0.0034610908
Warm A,272860,1647,1646,3672,2213,1,0.015658475
Warm A,241160,1451,1450,3672,2213,1,0.012952251
Warm A,102184,678,677,3672,2213,1,0.013617249
Warm A,829995,4983,4982,3672,2213,0,-0.0044862996
Warm A,959029,5787,5786,3672,2213,0,0.021945741
Warm A,720443,4312,4311,3672,2213,0,0.007805505
Warm A,344816,2023,2022,3672,2213,0,0.016703574
Warm A,473540,2909,2908,3672,2213,1,0.009579167
Warm A,823513,4950,4949,3672,2213,0,0.0024193812
Warm A,407768,2451,2450,3672,2213,0,0.0072827926
Warm A,105584,698,697,3672,2213,0,0.0058542066
Warm A,992618,5996,5995,3672,2213,0,0.008522892
Warm A,216989,1317,1316,3672,2213,0,0.00041446602
Warm A,678435,4064,4063,3676,2215,0,0.0072296485
Warm A,670760,4031,4030,3676,2215,1,0.0019032321
Warm A,666503,4011,4010,3676,2215,0,0.007883976
Warm A,664427,4000,3999,3676,2215,0,-0.0019136866
Warm A,784434,4682,4681,3676,2215,1,0.011287843
Warm A,654106,3942,3941,3676,2215,1,0.0021942845
Warm A,647250,3896,3895,3676,2215,0,-0.0032564937
Warm A,639058,3842,3841,3676,2215,1,0.012218399
Warm A,653496,3940,3939,3676,2215,1,0.014529338
Warm A,633982,3825,3824,3676,2215,0,0.008932306
Warm A,630239,3811,3810,3676,2215,1,0.015386451
Warm A,628144,3804,3803,3676,2215,1,0.004944548
Warm A,629377,3808,3807,3676,2215,0,-0.0013731266
Warm A,638072,3841,3840,3676,2215,1,-0.0013428727
Warm A,754485,4496,4495,3676,2215,1,0.0034838105
Warm A,959729,5788,5787,3676,2215,1,0.002228669
Warm A,615611,3727,3726,3676,2215,0,0.0076188184
Warm A,614438,3722,3721,3676,2215,0,-9.4596646e-05
Warm A,621183,3762,3761,3676,2215,0,0.008982315
Warm A,589605,3596,3595,3676,2215,0,0.013144326
Warm A,581689,3554,3553,3676,2215,1,0.0052159177
Warm A,576149,3521,3520,3676,2215,0,0.0038511914
Warm A,568302,3487,3486,3676,2215,0,0.015425032
Warm A,610597,3704,3703,3676,2215,1,0.0066875694
Warm A,713830,4277,4276,3676,2215,1,0.009765896
Warm A,593757,3618,3617,3676,2215,1,0.0063950685
Warm A,566785,3478,3477,3676,2215,0,0.00993024
Warm A,657099,3961,3960,3676,2215,0,0.0017772787
Warm A,560622,3447,3446,3676,2215,0,-0.0015037097
Warm A,556864,3422,3421,3676,2215,0,0.010643735
Warm A,552931,3402,3401,3676,2215,0,0.018142601
Warm A,543425,3346,3345,3676,2215,1,0.015612133
Warm A,534994,3301,3300,3676,2215,0,0.0008958852
Warm A,521948,3222,3221,3676,2215,0,0.006253202
Warm A,521858,3220,3219,3676,2215,1,0.0071189213
Warm A,522486,3224,3223,3676,2215,1,0.007990772
Warm A,519794,3207,3206,3676,2215,0,0.0015081989
Warm A,518227,3198,3197,3676,2215,1,0.011964752
Warm A,514124,3173,3172,3676,2215,0,0.012396395
Warm A,513912,3171,3170,3676,2215,0,0.0061850017
Warm A,509234,3135,3134,3676,2215,1,0.004213205
Warm A,508986,3131,3130,3676,2215,0,0.0090975845
Warm A,501743,3081,3080,3676,2215,0,0.012509093
Warm A,482678,2967,2966,3676,2215,1,0.009361509
Warm A,476744,2928,2927,3676,2215,0,0.013722723
Warm A,697317,4169,4168,3676,2215,0,0.021594167
Warm A,477147,2929,2928,3676,2215,1,0.0011165866
Warm A,473543,2909,2908,3676,2215,0,0.004933572
Warm A,511834,3158,3157,3676,2215,1,0.008768335
Warm A,462567,2854,2853,3676,2215,1,0.008248738
Warm A,457871,2820,2819,3676,2215,1,0.0039209556
Warm A,454831,2797,2796,3676,2215,0,0.014494289
Warm A,790728,4728,4727,3676,2215,0,0.0080689415
Warm A,424496,2575,2574,3676,2215,1,0.005187066
Warm A,413406,2486,2485,3676,2215,0,0.003860109
Warm A,408912,2455,2454,3676,2215,0,0.006888302
Warm A,464125,2860,2859,3676,2215,1,0.009466028
Warm A,436369,2665,2664,3676,2215,0,0.008653586
Warm A,385251,2251,2250,3676,2215,1,0.0024811942
Warm A,369888,2164,2163,3676,2215,1,0.007907853
Warm A,394190,2323,2322,3676,2215,1,0.006039415
Warm A,364718,2124,2123,3676,2215,1,0.022259321
Warm A,359360,2102,2101,3676,2215,0,0.0048366217
Warm A,350285,2056,2055,3676,2215,1,0.008817613
Warm A,352654,2064,2063,3676,2215,0,0.010286754
Warm A,348421,2042,2041,3676,2215,1,0.00883137
Warm A,346169,2030,2029,3676,2215,1,0.0071104225
Warm A,344817,2023,2022,3676,2215,0,0.007902255
Warm A,326303,1931,1930,3676,2215,1,0.0006592367
Warm A,323150,1916,1915,3676,2215,0,-0.000597188
Warm A,298322,1768,1767,3676,2215,1,0.00029500888
Warm A,288249,1722,1721,3676,2215,1,0.0010303285
Warm A,279111,1680,1679,3676,2215,1,0.0032192266
Warm A,274363,1658,1657,3676,2215,0,0.009020831
Warm A,268967,1632,1631,3676,2215,1,0.018081365
Warm A,247636,1496,1495,3676,2215,0,0.0065259617
Warm A,294265,1749,1748,3676,2215,0,0.015454009
Warm A,236915,1440,1439,3676,2215,1,0.007992312
Warm A,224473,1357,1356,3676,2215,1,0.0069824494
Warm A,309923,1843,1842,3676,2215,0,-0.0018725825
Warm A,269894,1635,1634,3676,2215,1,0.010098679
Warm A,220335,1335,1334,3676,2215,1,0.020897588
Warm A,239995,1449,1448,3676,2215,1,0.012647144
Warm A,308574,1837,1836,3676,2215,1,0.003821911
Warm A,214805,1303,1302,3676,2215,1,0.011297747
Warm A,236701,1437,1436,3676,2215,1,0.007370712
Warm A,181101,1132,1131,3676,2215,0,0.013240988
Warm A,166428,1059,1058,3676,2215,0,0.007603339
Warm A,159220,1017,1016,3676,2215,0,0.0025642142
Warm A,158108,1015,1014,3676,2215,1,0.011745834
Warm A,320037,1899,1898,3676,2215,1,-0.0012089727
Warm A,153574,986,985,3676,2215,1,0.0064373175
Warm A,151960,977,976,3676,2215,0,0.005109565
Warm A,459144,2826,2825,3676,2215,0,0.008722719
Warm A,201506,1242,1241,3676,2215,1,0.009031975
Warm A,131126,850,849,3676,2215,1,0.018071206
Warm A,128298,830,829,3676,2215,1,0.0016593847
Warm A,315176,1880,1879,3676,2215,1,0.0071706036
Warm A,124852,802,801,3676,2215,0,0.002176335
Warm A,116135,752,751,3676,2215,0,0.005165191
Warm A,105585,698,697,3676,2215,1,0.0075129573
Warm A,96998,651,650,3676,2215,0,0.0035009966
Warm A,284104,1698,1697,3676,2215,1,0.013882505
Warm A,90629,601,600,3676,2215,0,0.0005407394
Warm A,234049,1422,1421,3676,2215,0,0.006046968
Warm A,82495,548,547,3676,2215,0,0.0051693083
Warm A,190825,1181,1180,3676,2215,0,0.0053647375
Warm A,84101,550,549,3676,2215,0,0.013932422
Warm A,77455,524,523,3676,2215,1,0.011539594
Warm A,75687,515,514,3676,2215,0,0.001389872
Warm A,76657,520,519,3676,2215,1,0.016599823
Warm A,57684,390,389,3676,2215,1,0.0018011132
Warm A,210871,1285,1284,3676,2215,1,0.0028874984
Warm A,132425,855,854,3676,2215,0,0.016444987
Warm A,42140,285,284,3676,2215,1,0.004228053
Warm A,176893,1117,1116,3676,2215,1,0.0046770317
Warm A,197308,1211,1210,3676,2215,1,0.0030171992
Warm A,35379,238,237,3676,2215,0,-0.002503754
Warm A,34841,235,234,3676,2215,1,0.010648915
Warm A,23253,166,165,3676,2215,1,0.0007899337
Warm A,947727,5722,5721,3676,2215,1,0.013073672
Warm A,290150,1733,1732,3676,2215,0,0.010819901
Warm A,7966,53,52,3676,2215,1,0.0050758384
Warm A,3349,25,24,3676,2215,0,0.008091899
Warm A,4560,33,32,3676,2215,0,0.004374068
Warm A,890203,5371,5370,3676,2215,0,0.004976193
Warm A,289685,1729,1728,3676,2215,1,0.0061964137
Warm A,284827,1699,1698,3676,2215,0,0.0067592794
Warm A,933855,5636,5635,3676,2215,0,0.017857118
Warm A,467314,2880,2879,3676,2215,1,0.009088843
Warm A,894052,5397,5396,3676,2215,1,-0.004372561
Warm A,226062,1369,1368,3676,2215,1,0.0033399393
Warm A,335814,1980,1979,3676,2215,1,0.0028743956
Warm A,841469,5054,5053,3676,2215,0,0.003359945
Warm A,372624,2176,2175,3676,2215,1,0.015794583
Warm A,501258,3080,3079,3676,2215,1,0.016469926
Warm A,271764,1643,1642,3676,2215,1,0.012554747
Warm A,62862,424,423,3676,2215,0,0.0056486432
Warm A,420954,2544,2543,3676,2215,0,0.0055306787
Warm A,179086,1124,1123,3678,2216,0,0.0054888595
Warm A,170016,1080,1079,3678,2216,1,-0.0065029245
Warm A,338096,1988,1987,3678,2216,1,0.0057273265
Warm A,323790,1920,1919,3678,2216,1,0.0075022257
Warm A,143865,928,927,3678,2216,1,0.002363339
Warm A,141171,910,909,3678,2216,1,0.0027778188
Warm A,138187,889,888,3678,2216,0,0.010263871
Warm A,141490,911,910,3678,2216,1,0.011593033
Warm A,459146,2826,2825,3678,2216,0,0.008289471
Warm A,123017,794,793,3678,2216,1,0.0028226809
Warm A,122917,793,792,3678,2216,1,0.006471806
Warm A,115360,749,748,3678,2216,1,-0.0007204148
Warm A,101669,677,676,3678,2216,1,0.0025388054
Warm A,96142,646,645,3678,2216,1,-0.00522512
Warm A,94577,635,634,3678,2216,1,0.0045122914
Warm A,84104,550,549,3678,2216,1,0.00057038845
Warm A,74785,509,508,3678,2216,1,-0.0011090601
Warm A,35381,238,237,3678,2216,0,0.0016945872
Warm A,32326,216,215,3678,2216,0,0.008121947
Warm A,481774,2962,2961,3678,2216,0,0.0044672517
Warm A,19625,148,147,3678,2216,1,-0.0033853408
Warm A,591935,3610,3609,3678,2216,0,0.009098771
Warm A,175,2,1,3678,2216,0,-0.0067510363
Warm A,129370,839,838,3678,2216,1,0.009898858
Warm A,369265,2159,2158,3678,2216,1,0.0043511074
Warm A,24540,173,172,3678,2216,0,0.004679881
Warm A,50698,333,332,3678,2216,1,0.008225299
Warm A,322307,1912,1911,3678,2216,0,0.013158323
Warm A,473546,2909,2908,3678,2216,0,0.0039857174
Warm A,821708,4940,4939,3678,2216,1,0.010820707
Warm A,372626,2176,2175,3679,2217,1,0.007133835
Warm A,974602,5878,5877,3679,2217,1,0.0016366402
Warm A,513694,3169,3168,3689,2225,0,-0.0062806485
Warm A,566202,3476,3475,3689,2225,0,-0.004092235
Warm A,508592,3129,3128,3689,2225,0,-0.0038575814
Warm A,784440,4682,4681,3689,2225,0,0.008318422
Warm A,502123,3082,3081,3689,2225,0,0.008018039
Warm A,494084,3032,3031,3689,2225,1,0.0046836296
Warm A,488129,3002,3001,3689,2225,0,0.009530611
Warm A,487565,2999,2998,3689,2225,0,-0.0009238728
Warm A,487476,2998,2997,3689,2225,0,-0.0052259113
Warm A,483936,2976,2975,3689,2225,0,0.0015763252
Warm A,473561,2909,2908,3689,2225,0,0.007814558
Warm A,450823,2777,2776,3689,2225,1,0.0017599836
Warm A,450251,2776,2775,3689,2225,0,0.004868692
Warm A,449589,2772,2771,3689,2225,0,-0.0002227407
Warm A,420456,2541,2540,3689,2225,0,0.01229654
Warm A,419746,2537,2536,3689,2225,0,-0.0070111053
Warm A,415495,2503,2502,3689,2225,1,-0.00516883
Warm A,404515,2419,2418,3689,2225,0,-0.0008728206
Warm A,402284,2402,2401,3689,2225,0,-0.005408655
Warm A,388938,2279,2278,3689,2225,0,0.011396065
Warm A,382845,2237,2236,3689,2225,0,-0.0036313282
Warm A,378361,2208,2207,3689,2225,0,0.009096449
Warm A,380788,2225,2224,3689,2225,0,0.003070846
Warm A,338658,1993,1992,3689,2225,0,-0.005794029
Warm A,291356,1737,1736,3689,2225,0,-0.011373488
Warm A,281245,1687,1686,3689,2225,1,0.010925031
Warm A,356820,2090,2089,3689,2225,0,0.006550694
Warm A,227111,1377,1376,3689,2225,0,0.004676818
Warm A,220669,1338,1337,3689,2225,0,-0.0041980096
Warm A,220841,1339,1338,3689,2225,0,-0.0026670743
Warm A,262211,1600,1599,3689,2225,0,-0.009471111
Warm A,446127,2751,2750,3689,2225,0,-0.0059389803
Warm A,279138,1680,1679,3689,2225,0,0.0004209848
Warm A,308584,1837,1836,3689,2225,0,-0.0026277388
Warm A,307397,1835,1834,3689,2225,1,-0.0062363357
Warm A,180267,1128,1127,3689,2225,0,-0.0041875564
Warm A,173636,1100,1099,3689,2225,0,0.011350274
Warm A,328037,1941,1940,3689,2225,0,-0.0020459043
Warm A,272161,1645,1644,3689,2225,1,0.0015298901
Warm A,144639,933,932,3689,2225,0,-0.0033432755
Warm A,123875,798,797,3689,2225,0,0.011313878
Warm A,210891,1285,1284,3689,2225,0,0.013693556
Warm A,112439,731,730,3689,2225,0,0.0029181319
Warm A,98413,659,658,3689,2225,0,0.0033813054
Warm A,234057,1422,1421,3689,2225,0,0.0013881903
Warm A,351766,2063,2062,3689,2225,0,0.0058084186
Warm A,97006,651,650,3689,2225,0,-0.0050178515
Warm A,83070,549,548,3689,2225,1,0.00024124142
Warm A,406047,2436,2435,3689,2225,0,0.0039221486
Warm A,77472,524,523,3689,2225,0,-0.002731569
Warm A,119208,770,769,3689,2225,0,0.006721317
Warm A,81635,543,542,3689,2225,1,-0.009389283
Warm A,70422,475,474,3689,2225,0,-0.0028291638
Warm A,71999,482,481,3689,2225,0,0.0030111945
Warm A,70756,476,475,3689,2225,0,0.0034898557
Warm A,68695,461,460,3689,2225,0,-0.0030857087
Warm A,44821,302,301,3689,2225,0,0.00048328505
Warm A,32354,216,215,3689,2225,0,0.0023709696
Warm A,238877,1448,1447,3689,2225,0,0.009135192
Warm A,15817,123,122,3689,2225,0,0.0023493897
Warm A,3690,26,25,3689,2225,0,0.0063940296
Warm A,326075,1930,1929,3689,2225,0,0.0054258783
Warm A,829096,4979,4978,3689,2225,0,0.0042671505
Warm A,967310,5831,5830,3689,2225,0,-0.0019920655
Warm A,206831,1266,1265,3689,2225,0,0.005225447
Warm A,622077,3768,3767,3689,2225,0,-0.0057353955
Warm A,265057,1611,1610,3689,2225,0,-0.00028115744
Warm A,342427,2015,2014,3689,2225,1,-0.004560408
Warm A,347998,2041,2040,3689,2225,0,-0.013994684
Warm A,102199,678,677,3689,2225,0,0.007970409
Warm A,618933,3751,3750,3689,2225,0,-0.005607456
Warm A,286688,1712,1711,3689,2225,0,-0.0007806509
Warm A,964454,5812,5811,3689,2225,0,-0.0016508577
Warm A,497628,3055,3054,3689,2225,0,0.006932538
Warm A,335838,1980,1979,3689,2225,0,-0.004093226
Warm A,322320,1912,1911,3689,2225,0,0.0003966554
Warm A,495150,3038,3037,3689,2225,0,0.0015687438
Warm A,62879,424,423,3689,2225,0,-0.0031680712
Warm A,53117,349,348,3689,2225,0,-0.002668446
Warm A,794165,4748,4747,3689,2225,0,-0.002505832
Warm A,559400,3436,3435,3689,2225,0,0.0024203453
Warm A,508596,3129,3128,3690,2226,0,0.00026225316
Warm A,784443,4682,4681,3690,2226,0,0.013242498
Warm A,501269,3080,3079,3690,2226,0,-0.0012200859
Warm A,487477,2998,2997,3690,2226,0,0.0036297468
Warm A,483938,2976,2975,3690,2226,0,-0.0023238347
Warm A,473568,2909,2908,3690,2226,0,-0.009672776
Warm A,450832,2777,2776,3690,2226,1,0.016239468
Warm A,450252,2776,2775,3690,2226,0,0.006576808
Warm A,446128,2751,2750,3690,2226,0,0.0040522944
Warm A,420459,2541,2540,3690,2226,0,0.0023124139
Warm A,419750,2537,2536,3690,2226,0,-0.0035854205
Warm A,415496,2503,2502,3690,2226,0,0.0021619047
Warm A,404518,2419,2418,3690,2226,0,0.0052141743
Warm A,402986,2406,2405,3690,2226,0,0.0032403958
Warm A,402288,2402,2401,3690,2226,0,-0.0032013564
Warm A,378363,2208,2207,3690,2226,0,-0.002352585
Warm A,353116,2068,2067,3690,2226,0,-0.0027705617
Warm A,380792,2225,2224,3690,2226,0,0.0013888669
Warm A,285934,1706,1705,3690,2226,0,0.0067017856
Warm A,291363,1737,1736,3690,2226,0,0.010835712
Warm A,281250,1687,1686,3690,2226,1,0.009627851
Warm A,299049,1776,1775,3690,2226,0,0.008845131
Warm A,262213,1600,1599,3690,2226,0,0.0042482764
Warm A,356823,2090,2089,3690,2226,0,-0.0030122122
Warm A,227117,1377,1376,3690,2226,0,-0.007828283
Warm A,335849,1980,1979,3690,2226,0,0.007403811
Warm A,220671,1338,1337,3690,2226,0,-0.006137762
Warm A,220843,1339,1338,3690,2226,0,0.008206502
Warm A,279149,1680,1679,3690,2226,0,0.00063851604
Warm A,255065,1552,1551,3690,2226,0,0.0057113906
Warm A,307401,1835,1834,3690,2226,0,0.009861098
Warm A,173640,1100,1099,3690,2226,0,-0.003003994
Warm A,328047,1941,1940,3690,2226,0,0.0033847396
Warm A,272164,1645,1644,3690,2226,1,0.0054730317
Warm A,185231,1150,1149,3690,2226,0,0.0018703475
Warm A,133286,860,859,3690,2226,0,0.0125246905
Warm A,126566,817,816,3690,2226,0,0.0015531373
Warm A,234062,1422,1421,3690,2226,0,0.0029779067
Warm A,351779,2063,2062,3690,2226,0,-0.00056624354
Warm A,97009,651,650,3690,2226,0,-0.0075991745
Warm A,83074,549,548,3690,2226,0,-0.0027272596
Warm A,119217,770,769,3690,2226,1,-0.0018631655
Warm A,81640,543,542,3690,2226,1,-0.008716367
Warm A,70424,475,474,3690,2226,0,-0.004750397
Warm A,70760,476,475,3690,2226,0,-0.0064398395
Warm A,36776,245,244,3690,2226,0,0.0037681446
Warm A,32367,216,215,3690,2226,0,0.0015661665
Warm A,25386,179,178,3690,2226,0,-0.006591548
Warm A,238885,1448,1447,3690,2226,0,0.0014048206
Warm A,4204,31,30,3690,2226,1,0.0014565226
Warm A,3713,26,25,3690,2226,0,-0.008021501
Warm A,432668,2638,2637,3690,2226,0,-0.003818678
Warm A,552308,3401,3400,3690,2226,0,0.0075039314
Warm A,326077,1930,1929,3690,2226,0,-0.0058263587
Warm A,265060,1611,1610,3690,2226,0,0.0002222578
Warm A,102206,678,677,3690,2226,0,-0.007295664
Warm A,964459,5812,5811,3690,2226,0,0.011462207
Warm A,709937,4258,4257,3690,2226,0,0.000979024
Warm A,495151,3038,3037,3690,2226,0,-0.0048447335
Warm A,226070,1369,1368,3690,2226,0,0.009440795
Warm A,587879,3589,3588,3690,2226,0,0.00035726116
Warm A,967314,5831,5830,3690,2226,0,0.011228075
Warm A,666261,4009,4008,3693,2227,0,0.00028223032
Warm A,663976,3999,3998,3693,2227,0,0.004502807
Warm A,663459,3998,3997,3693,2227,0,0.0047044978
Warm A,662360,3993,3992,3693,2227,0,-0.007064095
Warm A,652538,3934,3933,3693,2227,0,0.0021495635
Warm A,644605,3884,3883,3693,2227,0,-0.00067707256
Warm A,639072,3842,3841,3693,2227,1,0.0019212452
Warm A,759934,4514,4513,3693,2227,0,0.0009215857
Warm A,628345,3806,3805,3693,2227,0,-0.0026837168
Warm A,628649,3807,3806,3693,2227,0,-0.0043665837
Warm A,629404,3808,3807,3693,2227,0,-0.0035497202
Warm A,627921,3801,3800,3693,2227,0,-0.0078759715
Warm A,638099,3841,3840,3693,2227,1,-0.0017860103
Warm A,623349,3771,3770,3693,2227,0,0.005091048
Warm A,619927,3756,3755,3693,2227,0,-0.00017919671
Warm A,612508,3713,3712,3693,2227,0,0.0046679974
Warm A,604190,3675,3674,3693,2227,0,0.0036258674
Warm A,608824,3692,3691,3693,2227,0,-0.001902587
Warm A,601977,3661,3660,3693,2227,1,0.00094109285
Warm A,621190,3762,3761,3693,2227,0,0.009098005
Warm A,633201,3824,3823,3693,2227,0,-0.0046903836
Warm A,596537,3626,3625,3693,2227,0,0.0042856354
Warm A,582659,3559,3558,3693,2227,1,0.0034540107
Warm A,577135,3526,3525,3693,2227,0,0.000541816
Warm A,617061,3735,3734,3693,2227,1,0.0012563684
Warm A,876200,5289,5288,3693,2227,0,-0.0022230805
Warm A,543908,3352,3351,3693,2227,1,-0.0051606046
Warm A,538922,3314,3313,3693,2227,1,-0.004186521
Warm A,535974,3308,3307,3693,2227,0,0.006194302
Warm A,647029,3894,3893,3693,2227,0,-0.0031611272
Warm A,512803,3163,3162,3693,2227,1,-0.0033473382
Warm A,508598,3129,3128,3693,2227,1,-0.0016444239
Warm A,499388,3067,3066,3693,2227,0,0.0015489436
Warm A,494096,3032,3031,3693,2227,0,0.00032860134
Warm A,476752,2928,2927,3693,2227,0,0.0015672758
Warm A,477153,2929,2928,3693,2227,1,-0.00676897
Warm A,471344,2900,2899,3693,2227,0,0.0008088093
Warm A,710299,4260,4259,3693,2227,0,0.010943672
Warm A,754903,4497,4496,3693,2227,0,0.0032389718
Warm A,463268,2857,2856,3693,2227,0,0.004945758
Warm A,457890,2820,2819,3693,2227,0,0.0011683416
Warm A,449591,2772,2771,3693,2227,0,0.009521045
Warm A,430727,2625,2624,3693,2227,0,-0.0022435572
Warm A,426455,2590,2589,3693,2227,0,2.6575522e-05
Warm A,424707,2576,2575,3693,2227,0,-0.0024133031
Warm A,410439,2462,2461,3693,2227,0,-0.0034509758
Warm A,407250,2446,2445,3693,2227,1,0.004048552
Warm A,414558,2496,2495,3693,2227,0,-0.0012589125
Warm A,436384,2665,2664,3693,2227,0,0.0033986066
Warm A,388943,2279,2278,3693,2227,0,0.0017574419
Warm A,385260,2251,2250,3693,2227,1,-0.010332538
Warm A,376181,2194,2193,3693,2227,0,0.0069890516
Warm A,374043,2181,2180,3693,2227,0,0.011455274
Warm A,369901,2164,2163,3693,2227,1,0.0032796615
Warm A,367469,2145,2144,3693,2227,0,-0.004925576
Warm A,345095,2024,2023,3693,2227,0,0.007513861
Warm A,320772,1902,1901,3693,2227,0,-0.00052231306
Warm A,305823,1820,1819,3693,2227,1,0.00937634
Warm A,288253,1722,1721,3693,2227,0,-0.0007634992
Warm A,279157,1680,1679,3693,2227,1,0.014920013
Warm A,299051,1776,1775,3693,2227,0,-0.0020833334
Warm A,281252,1687,1686,3693,2227,0,-0.002290491
Warm A,282616,1694,1693,3693,2227,1,0.0008512973
Warm A,267556,1626,1625,3693,2227,0,0.0025702834
Warm A,265061,1611,1610,3693,2227,1,0.0012668117
Warm A,252267,1528,1527,3693,2227,1,0.0014393504
Warm A,247653,1496,1495,3693,2227,0,0.0015293167
Warm A,245500,1483,1482,3693,2227,0,-0.0034906138
Warm A,329290,1943,1942,3693,2227,0,-0.0015642559
Warm A,224480,1357,1356,3693,2227,0,-0.0010599806
Warm A,289319,1727,1726,3693,2227,0,0.010110664
Warm A,214082,1300,1299,3693,2227,1,0.0036919194
Warm A,272889,1647,1646,3693,2227,0,0.005821546
Warm A,240020,1449,1448,3693,2227,0,0.00025232296
Warm A,243914,1470,1469,3693,2227,0,-0.0015234349
Warm A,198800,1221,1220,3693,2227,1,-0.007611146
Warm A,180271,1128,1127,3693,2227,0,0.0065705315
Warm A,196484,1207,1206,3693,2227,0,0.0072165476
Warm A,161993,1033,1032,3693,2227,0,0.008600996
Warm A,159232,1017,1016,3693,2227,0,0.0012513788
Warm A,155853,1004,1003,3693,2227,0,0.005435324
Warm A,164505,1051,1050,3693,2227,0,0.00598994
Warm A,217012,1317,1316,3693,2227,0,0.0015628964
Warm A,156822,1010,1009,3693,2227,0,-0.0032543782
Warm A,138224,889,888,3693,2227,0,0.008263398
Warm A,125532,808,807,3693,2227,0,0.0011670883
Warm A,114430,744,743,3693,2227,1,0.005384254
Warm A,112442,731,730,3693,2227,0,0.0015912403
Warm A,107508,709,708,3693,2227,0,-0.008547887
Warm A,105591,698,697,3693,2227,0,0.001329019
Warm A,351783,2063,2062,3693,2227,0,0.002650327
Warm A,94707,636,635,3693,2227,0,0.0031918576
Warm A,92742,621,620,3693,2227,0,0.002564344
Warm A,97010,651,650,3693,2227,1,0.014997019
Warm A,86614,566,565,3693,2227,0,0.0064228093
Warm A,238887,1448,1447,3693,2227,0,0.0038300448
Warm A,82497,548,547,3693,2227,0,-0.004537891
Warm A,77481,524,523,3693,2227,0,0.0044081993
Warm A,70426,475,474,3693,2227,0,0.0007746925
Warm A,80162,533,532,3693,2227,0,-0.0016001711
Warm A,57698,390,389,3693,2227,1,0.006557326
Warm A,45272,305,304,3693,2227,0,0.0046753655
Warm A,44839,302,301,3693,2227,1,0.0042258166
Warm A,36781,245,244,3693,2227,0,-0.0012150538
Warm A,30131,202,201,3693,2227,0,-0.0016785951
Warm A,25732,181,180,3693,2227,1,-0.0033000866
Warm A,18184,139,138,3693,2227,0,-0.0008301267
Warm A,14698,117,116,3693,2227,0,0.004260685
Warm A,290171,1733,1732,3693,2227,0,0.0007623865
Warm A,8009,53,52,3693,2227,1,0.0007872121
Warm A,4602,33,32,3693,2227,0,-0.0025350088
Warm A,257629,1579,1578,3693,2227,0,0.006136905
Warm A,431021,2627,2626,3693,2227,1,0.0017178189
Warm A,258409,1584,1583,3693,2227,0,-3.050745e-05
Warm A,328053,1941,1940,3693,2227,0,-0.00051231496
Warm A,454577,2796,2795,3693,2227,0,0.005101391
Warm A,234946,1425,1424,3693,2227,0,0.008993711
Warm A,501270,3080,3079,3693,2227,1,-0.001520719
Warm A,565553,3475,3474,3693,2227,0,0.00072233786
Warm A,261736,1599,1598,3693,2227,0,0.0037584172
Warm A,656083,3953,3952,3693,2227,0,0.0011220824
Warm A,53128,349,348,3693,2227,0,-0.0027381703
Warm A,552309,3401,3400,3694,2228,0,0.006297092
Warm A,193615,1194,1193,3694,2228,0,0.0025806273
Warm A,1912,17,16,3696,2229,0,0.008086652
Warm A,270879,1639,1638,3696,2229,1,0.0019951349
Warm A,757691,4508,4507,3696,2229,1,-0.0029048498
Warm A,290173,1733,1732,3696,2229,0,0.015512437
Warm A,473571,2909,2908,3696,2229,1,0.0073387683
Warm A,288335,1722,1721,3709,2242,0,-0.0019296089
Warm A,285830,1705,1704,3709,2242,0,-0.00024126051
Warm A,279859,1680,1679,3709,2242,1,0.009999867
Warm A,277147,1675,1674,3709,2242,0,0.0075122225
Warm A,271558,1641,1640,3709,2242,0,-0.0029728825
Warm A,267669,1626,1625,3709,2242,0,0.009488253
Warm A,256202,1562,1561,3709,2242,0,0.0035088197
Warm A,247890,1496,1495,3709,2242,0,0.0011299849
Warm A,332839,1962,1961,3709,2242,0,0.0006680427
Warm A,224545,1357,1356,3709,2242,0,0.0006118169
Warm A,221844,1341,1340,3709,2242,0,0.010357083
Warm A,221927,1342,1341,3709,2242,0,0.008828981
Warm A,277960,1676,1675,3709,2242,0,0.006686601
Warm A,273237,1647,1646,3709,2242,0,0.0011422099
Warm A,186232,1151,1150,3709,2242,0,-0.008286031
Warm A,196713,1207,1206,3709,2242,0,-0.0012648173
Warm A,331899,1958,1957,3709,2242,0,0.0021149388
Warm A,184121,1146,1145,3709,2242,0,0.009290895
Warm A,159415,1017,1016,3709,2242,0,-0.000616445
Warm A,158616,1015,1014,3709,2242,0,0.0014726771
Warm A,151064,971,970,3709,2242,0,-0.0053434363
Warm A,150228,967,966,3709,2242,1,0.008439715
Warm A,157206,1010,1009,3709,2242,0,0.008926529
Warm A,133233,859,858,3709,2242,0,-0.012590698
Warm A,255757,1557,1556,3709,2242,0,0.0021385178
Warm A,92832,621,620,3709,2242,0,0.0031060565
Warm A,91687,608,607,3709,2242,0,-0.0008673923
Warm A,81891,543,542,3709,2242,1,-0.0051045204
Warm A,239281,1448,1447,3709,2242,1,-0.0013915387
Warm A,54700,356,355,3709,2242,1,-0.0068540983
Warm A,132664,855,854,3709,2242,0,0.0046347445
Warm A,45219,305,304,3709,2242,0,0.0017669256
Warm A,41229,278,277,3709,2242,0,0.00025739288
Warm A,291669,1737,1736,3709,2242,0,0.00062611024
Warm A,22632,163,162,3709,2242,0,-0.0012932929
Warm A,743182,4445,4444,3709,2242,1,-0.007449791
Warm A,598379,3641,3640,3709,2242,0,0.00016735031
Warm A,355146,2077,2076,3709,2242,0,0.00089786365
Warm A,182202,1137,1136,3709,2242,0,0.0009829032
Warm A,882468,5329,5328,3709,2242,0,0.00053694635
Warm A,310843,1851,1850,3709,2242,0,-0.0020197576
Warm A,365886,2129,2128,3709,2242,0,0.00070470944
Warm A,290505,1733,1732,3709,2242,0,0.008828179
Warm A,964605,5812,5811,3709,2242,0,0.0036870134
Warm A,207101,1266,1265,3709,2242,0,0.0071026348
Warm A,164819,1051,1050,3709,2242,0,0.002250679
Warm A,102589,678,677,3709,2242,0,0.0026706387
Warm A,328648,1941,1940,3709,2242,0,-0.0069829784
Warm A,177182,1117,1116,3709,2242,0,0.00053755764
Warm A,136902,881,880,3709,2242,0,-0.0056368588
Warm A,63331,424,423,3709,2242,0,-0.0019623884
Warm A,700054,4186,4185,3709,2242,0,-0.00021544541
Warm A,497733,3055,3054,3709,2242,0,0.0100740595
Warm A,651626,3929,3928,3710,2243,0,0.009028399
Warm A,648138,3902,3901,3710,2243,1,0.011126013
Warm A,648298,3903,3902,3710,2243,0,-0.002119853
Warm A,643826,3878,3877,3710,2243,0,0.008464146
Warm A,641148,3853,3852,3710,2243,0,0.011641914
Warm A,990286,5978,5977,3710,2243,0,0.0011395338
Warm A,625131,3778,3777,3710,2243,0,0.009015007
Warm A,623682,3772,3771,3710,2243,0,0.0039409813
Warm A,622375,3768,3767,3710,2243,0,0.014225708
Warm A,623543,3771,3770,3710,2243,0,0.017390326
Warm A,617482,3737,3736,3710,2243,1,0.0106118005
Warm A,615810,3727,3726,3710,2243,0,0.0116976835
Warm A,611968,3709,3708,3710,2243,0,0.004124009
Warm A,603487,3672,3671,3710,2243,0,0.014625531
Warm A,633603,3824,3823,3710,2243,0,0.012947435
Warm A,596874,3626,3625,3710,2243,1,0.011278156
Warm A,588146,3589,3588,3710,2243,0,0.01063378
Warm A,586528,3579,3578,3710,2243,0,0.006573856
Warm A,759370,4510,4509,3710,2243,0,0.016534751
Warm A,583674,3562,3561,3710,2243,0,0.01709458
Warm A,572465,3507,3506,3710,2243,0,0.014883639
Warm A,616323,3729,3728,3710,2243,0,0.013891699
Warm A,557021,3422,3421,3710,2243,0,0.014440872
Warm A,554200,3410,3409,3710,2243,0,0.019258207
Warm A,539049,3314,3313,3710,2243,1,0.012351276
Warm A,537468,3311,3310,3710,2243,0,0.014205213
Warm A,639336,3842,3841,3710,2243,0,0.019788492
Warm A,542443,3336,3335,3710,2243,0,0.019105729
Warm A,525150,3242,3241,3710,2243,0,0.0034743655
Warm A,517709,3195,3194,3710,2243,0,0.006736047
Warm A,517119,3191,3190,3710,2243,0,0.008448144
Warm A,515084,3180,3179,3710,2243,0,0.01411242
Warm A,513131,3163,3162,3710,2243,0,0.00934254
Warm A,606028,3681,3680,3710,2243,0,0.013834344
Warm A,504915,3107,3106,3710,2243,0,0.0057636555
Warm A,498013,3056,3055,3710,2243,0,0.011264315
Warm A,550567,3391,3390,3710,2243,0,0.01680107
Warm A,494494,3032,3031,3710,2243,0,0.008814843
Warm A,486410,2994,2993,3710,2243,1,0.0032223403
Warm A,600292,3650,3649,3710,2243,0,0.01246628
Warm A,483997,2976,2975,3710,2243,0,0.015611882
Warm A,480885,2952,2951,3710,2243,0,0.008721978
Warm A,697762,4169,4168,3710,2243,0,0.024911825
Warm A,474077,2909,2908,3710,2243,0,0.010928528
Warm A,468649,2887,2886,3710,2243,0,0.012958793
Warm A,467831,2883,2882,3710,2243,0,0.010498984
Warm A,463588,2857,2856,3710,2243,0,0.019214965
Warm A,434505,2649,2648,3710,2243,0,0.012728816
Warm A,429298,2611,2610,3710,2243,0,0.02065891
Warm A,419948,2537,2536,3710,2243,0,0.015329005
Warm A,418251,2527,2526,3710,2243,0,0.0030388585
Warm A,407046,2445,2444,3710,2243,0,0.0073989965
Warm A,449474,2771,2770,3710,2243,0,0.02514339
Warm A,400535,2383,2382,3710,2243,0,0.009210317
Warm A,405573,2429,2428,3710,2243,0,0.006544381
Warm A,407829,2451,2450,3710,2243,0,0.009478557
Warm A,389105,2279,2278,3710,2243,0,-0.00020040025
Warm A,384995,2249,2248,3710,2243,0,-0.0025388408
Warm A,370084,2164,2163,3710,2243,0,0.01935174
Warm A,359577,2102,2101,3710,2243,0,0.0053547365
Warm A,341809,2012,2011,3710,2243,0,0.0053117443
Warm A,338667,1993,1992,3710,2243,0,0.01060183
Warm A,340924,2010,2009,3710,2243,0,0.005545564
Warm A,337220,1983,1982,3710,2243,0,0.010031938
Warm A,293444,1747,1746,3710,2243,0,0.008092889
Warm A,298563,1770,1769,3710,2243,0,0.01639178
Warm A,291683,1737,1736,3710,2243,0,-0.0007814246
Warm A,289031,1726,1725,3710,2243,0,0.014023291
Warm A,271107,1639,1638,3710,2243,0,0.014689314
Warm A,286335,1709,1708,3710,2243,0,0.0031063333
Warm A,267329,1624,1623,3710,2243,0,0.011933921
Warm A,266065,1613,1612,3710,2243,0,0.013954835
Warm A,232360,1410,1409,3710,2243,0,0.0066525303
Warm A,356920,2090,2089,3710,2243,0,0.014831368
Warm A,227325,1377,1376,3710,2243,0,0.019050306
Warm A,224779,1358,1357,3710,2243,0,0.007410922
Warm A,308913,1837,1836,3710,2243,0,0.013885645
Warm A,192594,1185,1184,3710,2243,0,-0.005632424
Warm A,191431,1181,1180,3710,2243,0,0.009762149
Warm A,186694,1155,1154,3710,2243,0,0.008863512
Warm A,180460,1128,1127,3710,2243,0,0.00671719
Warm A,180032,1127,1126,3710,2243,0,0.011603635
Warm A,328680,1941,1940,3710,2243,0,0.012300299
Warm A,275722,1667,1666,3710,2243,0,0.012347674
Warm A,186242,1151,1150,3710,2243,0,0.015409016
Warm A,155016,999,998,3710,2243,0,0.0075067845
Warm A,185759,1150,1149,3710,2243,0,0.012540075
Warm A,157225,1010,1009,3710,2243,0,0.015413789
Warm A,202682,1244,1243,3710,2243,0,0.018133974
Warm A,315566,1880,1879,3710,2243,0,0.018314518
Warm A,118761,767,766,3710,2243,1,0.0059498004
Warm A,112937,732,731,3710,2243,1,0.021675529
Warm A,714163,4277,4276,3710,2243,0,0.0126949325
Warm A,352313,2063,2062,3710,2243,0,0.025344606
Warm A,480297,2946,2945,3710,2243,0,0.0044571464
Warm A,150790,970,969,3710,2243,0,0.01740649
Warm A,84996,552,551,3710,2243,0,-0.00096800784
Warm A,83518,549,548,3710,2243,0,0.0201198
Warm A,239305,1448,1447,3710,2243,0,0.019366028
Warm A,119520,770,769,3710,2243,0,0.0072696134
Warm A,75510,513,512,3710,2243,0,0.008376519
Warm A,81909,543,542,3710,2243,1,0.016913094
Warm A,70522,475,474,3710,2243,0,0.015154266
Warm A,70929,476,475,3710,2243,1,0.012608429
Warm A,240510,1449,1448,3710,2243,0,0.015749821
Warm A,53940,352,351,3710,2243,0,0.016082115
Warm A,40500,272,271,3710,2243,0,0.014391791
Warm A,38999,264,263,3710,2243,0,0.015277227
Warm A,221618,1340,1339,3710,2243,0,0.014949132
Warm A,627079,3792,3791,3710,2243,0,0.013358729
Warm A,32230,216,215,3710,2243,0,0.011889311
Warm A,29997,202,201,3710,2243,0,0.011911234
Warm A,25671,181,180,3710,2243,0,0.018783664
Warm A,15713,123,122,3710,2243,0,0.015267162
Warm A,10640,76,75,3710,2243,0,0.0053388
Warm A,787439,4708,4707,3710,2243,0,0.009208178
Warm A,145906,937,936,3710,2243,0,0.010327493
Warm A,599469,3648,3647,3710,2243,0,0.010079281
Warm A,564724,3471,3470,3710,2243,0,0.016683467
Warm A,299217,1776,1775,3710,2243,0,0.0081917755
Warm A,967550,5831,5830,3710,2243,0,0.017040767
Warm A,193891,1194,1193,3710,2243,0,0.015000422
Warm A,63355,424,423,3710,2243,0,0.020333145
Warm A,273256,1647,1646,3710,2243,0,0.013583351
Warm A,860385,5172,5171,3710,2243,0,0.008395429
Warm A,349399,2050,2049,3713,2245,1,0.019606888
Warm A,107382,706,705,3713,2245,1,0.009666629
Warm A,100477,670,669,3713,2245,0,0.015367396
Warm A,432233,2634,2633,3713,2245,0,0.018400699
Warm A,239307,1448,1447,3713,2245,1,0.027389364
Warm A,47636,319,318,3713,2245,1,0.011900882
Warm A,35344,238,237,3713,2245,0,0.0053273723
Warm A,21784,158,157,3713,2245,1,0.0040665776
Warm A,1832,17,16,3713,2245,1,0.0073066605
Warm A,207126,1266,1265,3713,2245,1,0.010285288
Warm A,102617,678,677,3713,2245,1,0.010822914
Warm A,336343,1980,1979,3713,2245,1,0.023126308
Warm A,992991,5998,5997,3713,2245,1,0.011633312
Warm A,554613,3411,3410,3713,2245,0,0.009440625
Warm A,474078,2909,2908,3713,2245,1,0.014625608
Warm A,285516,1701,1700,3713,2245,1,0.010822294
Warm A,739604,4418,4417,3713,2245,1,0.00017048861
Warm A,554921,3412,3411,3713,2245,1,0.010580147
Warm A,178752,1121,1120,3713,2245,1,0.014575113
Warm A,261954,1599,1598,3713,2245,1,0.010548171
Warm A,13181,102,101,3713,2245,1,0.009148033
Warm A,384789,2247,2246,3713,2245,1,0.020266192
Warm A,616720,3732,3731,3713,2245,0,0.015312901
Warm A,293955,1748,1747,3713,2245,1,0.018206678
Warm A,974722,5878,5877,3713,2245,1,0.003316007
Warm A,102618,678,677,3714,2246,1,-0.005889788
Warm A,145100,934,933,3714,2246,0,0.003563952
Warm A,115536,749,748,3714,2246,0,-0.004628741
Warm A,609750,3695,3694,3714,2246,0,-0.005573204
Warm A,748350,4467,4466,3714,2246,0,0.0013523573
Warm A,860387,5172,5171,3714,2246,0,-0.0024816627
Warm A,217783,1321,1320,3715,2247,0,0.0051243063
Warm A,215705,1306,1305,3715,2247,0,-0.00054526306
Warm A,279898,1680,1679,3715,2247,1,0.0036818027
Warm A,261955,1599,1598,3715,2247,0,-0.006546843
Warm A,307696,1835,1834,3715,2247,0,0.0063580605
Warm A,328684,1941,1940,3715,2247,0,0.0157055
Warm A,185763,1150,1149,3715,2247,0,-0.0042959563
Warm A,142524,919,918,3715,2247,0,0.0067047263
Warm A,315568,1880,1879,3715,2247,0,0.0033513685
Warm A,117996,762,761,3715,2247,1,-0.00083813164
Warm A,240512,1449,1448,3715,2247,0,0.0036406617
Warm A,352315,2063,2062,3715,2247,0,0.0071801594
Warm A,140768,904,903,3715,2247,0,0.009946828
Warm A,228546,1383,1382,3715,2247,0,0.0030487655
Warm A,86837,566,565,3715,2247,0,0.0015535117
Warm A,53943,352,351,3715,2247,0,-0.0035934998
Warm A,25116,176,175,3715,2247,1,0.006513688
Warm A,239310,1448,1447,3715,2247,0,-0.0029446026
Warm A,49587,329,328,3715,2247,0,0.0023954012
Warm A,331918,1958,1957,3715,2247,0,-0.009776916
Warm A,474079,2909,2908,3715,2247,1,-0.0026159256
Warm A,63357,424,423,3715,2247,0,0.0030724232
Warm A,588147,3589,3588,3715,2247,0,0.0012121589
Warm A,992737,5996,5995,3715,2247,0,0.0063430164
Warm A,893495,5394,5393,3715,2247,0,-0.0044997544
Warm A,934026,5636,5635,3715,2247,0,0.0047822935
Warm A,193893,1194,1193,3715,2247,0,0.0001914649
Warm A,550571,3391,3390,3715,2247,0,-0.0028439702
Warm A,207128,1266,1265,3716,2248,0,0.005088701
Warm A,102620,678,677,3716,2248,1,0.008817164
Warm A,352316,2063,2062,3716,2248,0,0.004346526
Warm A,418972,2529,2528,3716,2248,1,0.0030868063
Warm A,331919,1958,1957,3716,2248,0,0.008974416
Warm A,157229,1010,1009,3716,2248,0,0.0024389373
Warm A,992738,5996,5995,3716,2248,0,0.0030209431
Warm A,129687,839,838,3718,2250,0,-0.0034329928
Warm A,195765,1203,1202,3720,2251,1,-0.002925938
Warm A,521808,3219,3218,3720,2251,0,-0.0013001487
Warm A,500532,3074,3073,3720,2251,0,0.0048987255
Warm A,28365,195,194,3720,2251,1,0.0044934335
Warm A,748059,4465,4464,3720,2251,0,-0.0016943379
Warm A,665327,4005,4004,3720,2251,0,0.0018806707
Warm A,17031,133,132,3720,2251,0,-0.0004679059
Warm A,16152,127,126,3720,2251,0,0.00010722177
Warm A,503481,3093,3092,3720,2251,1,0.0026721137
Warm A,204761,1260,1259,3720,2251,0,0.0035542753
Warm A,564744,3471,3470,3720,2251,1,0.00018483726
Warm A,61393,412,411,3720,2251,1,0.0033287136
Warm A,29489,201,200,3720,2251,0,-0.006668106
Warm A,803345,4809,4808,3720,2251,0,0.012695274
Warm A,146446,943,942,3720,2251,1,0.016188525
Warm A,261971,1599,1598,3720,2251,1,-0.0007432592
Warm A,90036,593,592,3720,2251,1,0.00026303914
Warm A,714180,4277,4276,3720,2251,1,0.0111132115
Warm A,476492,2926,2925,3720,2251,1,0.001284889
Warm A,285534,1701,1700,3720,2251,0,0.0022252658
Warm A,241487,1451,1450,3720,2251,1,0.0028595938
Warm A,565797,3475,3474,3720,2251,0,0.008003693
Warm A,336376,1980,1979,3720,2251,1,-0.0006225505
Warm A,102654,678,677,3720,2251,1,0.0022270018
Warm A,235274,1425,1424,3720,2251,1,0.0093222475
Warm A,172095,1088,1087,3720,2251,1,0.0015435074
Warm A,346723,2031,2030,3720,2251,1,0.006295299
Warm A,778386,4647,4646,3724,2253,1,0.0024593025
Warm A,929295,5614,5613,3724,2253,1,-0.009179279
Warm A,769324,4580,4579,3724,2253,1,-0.0057307356
Warm A,781801,4666,4665,3724,2253,1,-0.0023844172
Warm A,756553,4506,4505,3724,2253,1,-0.005955026
Warm A,749417,4472,4471,3724,2253,1,-0.0022163726
Warm A,752067,4482,4481,3724,2253,1,-0.0016554971
Warm A,742823,4440,4439,3724,2253,1,-0.0020372458
Warm A,737807,4408,4407,3724,2253,1,0.0016087973
Warm A,728550,4354,4353,3724,2253,0,0.0042292615
Warm A,718340,4303,4302,3724,2253,1,-0.0051140916
Warm A,714801,4279,4278,3724,2253,1,0.0029547527
Warm A,704107,4222,4221,3724,2253,0,-0.0048179077
Warm A,701917,4207,4206,3724,2253,1,-0.010660214
Warm A,692601,4144,4143,3724,2253,0,-0.002603013
Warm A,744517,4447,4446,3724,2253,0,0.0066954354
Warm A,679746,4072,4071,3724,2253,1,-0.010263608
Warm A,678881,4064,4063,3724,2253,0,-0.0031755655
Warm A,674445,4048,4047,3724,2253,1,0.004133294
Warm A,667711,4016,4015,3724,2253,1,0.007955808
Warm A,660465,3981,3980,3724,2253,0,0.0003620074
Warm A,660108,3978,3977,3724,2253,1,-0.0033520581
Warm A,653733,3940,3939,3724,2253,1,0.0012107114
Warm A,647448,3898,3897,3724,2253,0,-0.0057752454
Warm A,643841,3878,3877,3724,2253,1,-0.0030736525
Warm A,642114,3860,3859,3724,2253,1,-0.0026469014
Warm A,632671,3823,3822,3724,2253,0,-0.0056888885
Warm A,638593,3841,3840,3724,2253,1,-0.001504737
Warm A,611395,3705,3704,3724,2253,1,-0.004447792
Warm A,726825,4345,4344,3724,2253,0,0.0010575644
Warm A,604539,3675,3674,3724,2253,0,-0.004560363
Warm A,590293,3600,3599,3724,2253,1,-0.0022183782
Warm A,759385,4510,4509,3724,2253,0,-0.006096244
Warm A,714181,4277,4276,3724,2253,1,-0.0016391883
Warm A,594344,3618,3617,3724,2253,0,-0.00067415554
Warm A,566495,3476,3475,3724,2253,0,-0.002545475
Warm A,549542,3390,3389,3724,2253,1,0.0007382701
Warm A,548112,3380,3379,3724,2253,1,0.0072099054
Warm A,543514,3346,3345,3724,2253,1,-0.011218742
Warm A,539615,3319,3318,3724,2253,1,0.0048070285
Warm A,533656,3292,3291,3724,2253,0,-0.0005359887
Warm A,523940,3229,3228,3724,2253,0,-0.007782196
Warm A,518919,3201,3200,3724,2253,1,0.0020394446
Warm A,994091,6002,6001,3724,2253,1,-0.0041117463
Warm A,505331,3108,3107,3724,2253,1,0.0012532657
Warm A,546220,3367,3366,3724,2253,1,-0.012695666
Warm A,480309,2946,2945,3724,2253,0,-0.005742885
Warm A,697790,4169,4168,3724,2253,1,-0.0056823194
Warm A,458288,2820,2819,3724,2253,0,-0.0084454175
Warm A,447026,2753,2752,3724,2253,1,0.0019197143
Warm A,439680,2685,2684,3724,2253,0,-0.014846942
Warm A,436711,2665,2664,3724,2253,0,-0.0059989514
Warm A,433796,2643,2642,3724,2253,0,0.0029695341
Warm A,430603,2624,2623,3724,2253,1,-0.0059493342
Warm A,428879,2609,2608,3724,2253,1,-1.0927673e-05
Warm A,424380,2573,2572,3724,2253,0,0.0035722365
Warm A,427099,2592,2591,3724,2253,1,-0.0059748758
Warm A,425816,2583,2582,3724,2253,0,-0.0065293224
Warm A,414958,2497,2496,3724,2253,1,-0.011211481
Warm A,414772,2496,2495,3724,2253,0,-0.007282515
Warm A,402520,2402,2401,3724,2253,0,0.007837946
Warm A,410925,2465,2464,3724,2253,1,-0.004709414
Warm A,398350,2368,2367,3724,2253,1,0.0049540247
Warm A,396725,2348,2347,3724,2253,0,0.0019889572
Warm A,390784,2293,2292,3724,2253,1,-0.0003532353
Warm A,389747,2287,2286,3724,2253,1,0.007063351
Warm A,383037,2237,2236,3724,2253,1,-0.0038653424
Warm A,385423,2251,2250,3724,2253,1,-0.0018028789
Warm A,377461,2203,2202,3724,2253,1,-0.021223092
Warm A,372152,2173,2172,3724,2253,0,-0.0026564654
Warm A,372913,2177,2176,3724,2253,1,-0.0063135093
Warm A,359591,2102,2101,3724,2253,0,0.0035454184
Warm A,357716,2092,2091,3724,2253,0,0.00025402103
Warm A,354344,2073,2072,3724,2253,1,-0.01123569
Warm A,352755,2064,2063,3724,2253,1,-0.011315314
Warm A,343240,2016,2015,3724,2253,1,-0.0021758012
Warm A,323290,1916,1915,3724,2253,1,-0.00024619326
Warm A,312497,1861,1860,3724,2253,0,0.012214758
Warm A,298385,1768,1767,3724,2253,1,-0.0038886517
Warm A,275737,1667,1666,3724,2253,0,-0.013279351
Warm A,271658,1642,1641,3724,2253,0,-0.004313013
Warm A,279959,1680,1679,3724,2253,1,-0.00050397404
Warm A,259679,1587,1586,3724,2253,0,-0.006126874
Warm A,346403,2030,2029,3724,2253,1,-0.00014589913
Warm A,260211,1591,1590,3724,2253,1,-0.004307564
Warm A,231772,1404,1403,3724,2253,0,-0.003326197
Warm A,243027,1465,1464,3724,2253,1,0.0038595696
Warm A,296630,1758,1757,3724,2253,1,-0.0020891961
Warm A,211935,1290,1289,3724,2253,1,0.0008983307
Warm A,199643,1224,1223,3724,2253,1,-0.006822317
Warm A,320348,1899,1898,3724,2253,1,-0.015498203
Warm A,158679,1015,1014,3724,2253,0,-0.0070492984
Warm A,153318,984,983,3724,2253,1,-0.0034760348
Warm A,324047,1920,1919,3724,2253,0,-0.0042792195
Warm A,138837,889,888,3724,2253,0,-0.012342602
Warm A,315599,1880,1879,3724,2253,0,-0.0031423303
Warm A,349406,2050,2049,3724,2253,1,-0.0030876263
Warm A,106934,702,701,3724,2253,0,-0.011766386
Warm A,103602,688,687,3724,2253,1,-0.0053652804
Warm A,317057,1884,1883,3724,2253,1,-7.829233e-05
Warm A,94645,635,634,3724,2253,1,0.004444484
Warm A,96259,646,645,3724,2253,1,0.0032424957
Warm A,284531,1698,1697,3724,2253,1,-0.0058816103
Warm A,394312,2323,2322,3724,2253,0,-0.0022025295
Warm A,85688,558,557,3724,2253,1,0.0012480058
Warm A,68894,461,460,3724,2253,0,0.00979886
Warm A,211369,1285,1284,3724,2253,1,0.005307235
Warm A,132705,855,854,3724,2253,0,-0.0018869583
Warm A,61395,412,411,3724,2253,1,-0.008739332
Warm A,145512,935,934,3724,2253,1,0.0016076155
Warm A,35354,238,237,3724,2253,1,-0.0030327505
Warm A,148870,957,956,3724,2253,1,-0.004730458
Warm A,22065,161,160,3724,2253,1,-0.0015198526
Warm A,947792,5722,5721,3724,2253,1,-0.0058825235
Warm A,12744,97,96,3724,2253,1,0.0062182345
Warm A,9402,62,61,3724,2253,0,0.001905934
Warm A,967565,5831,5830,3724,2253,1,-0.009260464
Warm A,60887,411,410,3724,2253,1,-0.0037954669
Warm A,15738,123,122,3724,2253,0,-0.008342274
Warm A,182238,1137,1136,3724,2253,0,-0.006569228
Warm A,328736,1941,1940,3724,2253,0,0.003379519
Warm A,172098,1088,1087,3724,2253,1,-0.005689614
Warm A,322715,1912,1911,3724,2253,0,0.0009711608
Warm A,841596,5054,5053,3724,2253,1,0.0018303148
Warm A,795642,4765,4764,3724,2253,0,0.007405214
Warm A,319597,1897,1896,3724,2253,1,-0.0061729676
Warm A,739609,4418,4417,3724,2253,0,-0.00647796
Warm A,276476,1671,1670,3724,2253,1,0.001664314
Warm A,160429,1019,1018,3724,2253,0,-0.013888732
Warm A,25928,183,182,3724,2253,1,-0.012541617
Warm A,776826,4639,4638,3724,2253,0,-0.0054266592
Warm A,290547,1733,1732,3724,2253,1,-0.020040464
Warm A,325057,1925,1924,3724,2253,0,0.0034002431
Warm A,748353,4467,4466,3724,2253,0,-0.0011176867
Warm A,860391,5172,5171,3724,2253,1,0.0015975912
Warm A,461321,2846,2845,3725,2254,0,0.012003072
Warm A,467093,2878,2877,3725,2254,1,0.0029602526
Warm A,409818,2457,2456,3725,2254,0,0.005411073
Warm A,402521,2402,2401,3725,2254,0,0.0015054127
Warm A,390194,2288,2287,3725,2254,0,0.012863124
Warm A,384997,2249,2248,3725,2254,1,0.008199093
Warm A,378011,2205,2204,3725,2254,0,0.0010644384
Warm A,371339,2170,2169,3725,2254,0,-0.0002246279
Warm A,714182,4277,4276,3725,2254,1,0.003328391
Warm A,359011,2100,2099,3725,2254,1,0.00029830332
Warm A,338377,1988,1987,3725,2254,0,-0.0023344187
Warm A,335105,1977,1976,3725,2254,1,0.013831209
Warm A,293447,1747,1746,3725,2254,1,0.00062320987
Warm A,292010,1740,1739,3725,2254,1,-0.002741255
Warm A,331028,1954,1953,3725,2254,0,0.0056808153
Warm A,282096,1692,1691,3725,2254,1,-0.0034228328
Warm A,270236,1635,1634,3725,2254,0,-0.0011010699
Warm A,269300,1632,1631,3725,2254,0,0.00026690052
Warm A,260520,1592,1591,3725,2254,1,-0.0061656763
Warm A,252083,1525,1524,3725,2254,0,-0.0011355015
Warm A,237241,1442,1441,3725,2254,1,0.0075632343
Warm A,247400,1495,1494,3725,2254,0,-0.004909033
Warm A,226795,1375,1374,3725,2254,0,0.003556172
Warm A,279960,1680,1679,3725,2254,1,-0.0007438129
Warm A,180473,1128,1127,3725,2254,0,0.010876371
Warm A,173860,1100,1099,3725,2254,0,0.007065395
Warm A,346405,2030,2029,3725,2254,0,0.0003853233
Warm A,165834,1057,1056,3725,2254,0,-0.0015228572
Warm A,169673,1077,1076,3725,2254,0,0.00094623794
Warm A,147679,951,950,3725,2254,0,-0.0068383673
Warm A,324597,1922,1921,3725,2254,0,0.006286937
Warm A,135201,875,874,3725,2254,1,0.0013653054
Warm A,315600,1880,1879,3725,2254,0,-0.00069307466
Warm A,86262,563,562,3725,2254,0,0.002799171
Warm A,83550,549,548,3725,2254,1,0.0035136282
Warm A,84533,550,549,3725,2254,0,-0.0022141724
Warm A,86849,566,565,3725,2254,0,0.003708966
Warm A,51210,337,336,3725,2254,1,0.0048286356
Warm A,323445,1917,1916,3725,2254,0,-0.000117354095
Warm A,32255,216,215,3725,2254,0,0.010836644
Warm A,967566,5831,5830,3725,2254,0,-0.004815669
Warm A,4937,35,34,3725,2254,0,0.00016496191
Warm A,382142,2232,2231,3725,2254,1,0.012027147
Warm A,207155,1266,1265,3725,2254,1,0.012030963
Warm A,421242,2544,2543,3725,2254,1,-0.0007627527
Warm A,317058,1884,1883,3725,2254,1,0.004561687
Warm A,572490,3507,3506,3725,2254,0,0.0115702525
Warm A,160430,1019,1018,3725,2254,0,0.010179615
Warm A,639356,3842,3841,3725,2254,0,-0.003246405
Warm A,874160,5277,5276,3725,2254,0,-0.0026447063
Warm A,261271,1597,1596,3725,2254,0,0.0014099731
Warm A,959113,5787,5786,3725,2254,0,0.006992886
Warm A,271133,1639,1638,3726,2255,1,0.008563848
Warm A,312498,1861,1860,3726,2255,0,0.0066041006
Warm A,259133,1586,1585,3726,2255,1,-0.0016661352
Warm A,222848,1349,1348,3726,2255,1,0.0057592383
Warm A,210341,1284,1283,3726,2255,0,-2.5735237e-05
Warm A,328738,1941,1940,3726,2255,1,0.014488394
Warm A,267341,1624,1623,3726,2255,1,-0.0043287743
Warm A,165356,1053,1052,3726,2255,0,0.0045804307
Warm A,163335,1044,1043,3726,2255,1,0.0054648686
Warm A,213098,1297,1296,3726,2255,0,0.0064474437
Warm A,152062,977,976,3726,2255,0,0.008398114
Warm A,151402,974,973,3726,2255,0,0.0008798861
Warm A,129703,839,838,3726,2255,1,0.014110692
Warm A,147545,949,948,3726,2255,1,0.0084911585
Warm A,114575,744,743,3726,2255,1,0.007572438
Warm A,130614,846,845,3726,2255,1,0.0032258506
Warm A,97212,651,650,3726,2255,0,0.004412675
Warm A,295068,1752,1751,3726,2255,1,0.009621863
Warm A,394313,2323,2322,3726,2255,0,-0.0046884026
Warm A,80793,536,535,3726,2255,1,-0.0017789955
Warm A,77900,524,523,3726,2255,1,0.011460524
Warm A,63394,424,423,3726,2255,1,0.012842404
Warm A,42422,289,288,3726,2255,1,0.0055687483
Warm A,451868,2781,2780,3726,2255,1,0.010977399
Warm A,15942,125,124,3726,2255,1,0.0023531402
Warm A,13572,107,106,3726,2255,1,-0.0068747113
Warm A,4002,29,28,3726,2255,1,0.005292299
Warm A,482041,2962,2961,3726,2255,0,0.008697213
Warm A,119541,770,769,3726,2255,0,0.0049203867
Warm A,24484,173,172,3726,2255,0,-0.00012453785
Warm A,293964,1748,1747,3726,2255,0,0.0032154417
Warm A,388240,2271,2270,3726,2255,1,-0.0005001989
Warm A,322717,1912,1911,3726,2255,0,-0.001847459
Warm A,631833,3821,3820,3726,2255,1,0.0016055887
Warm A,238291,1447,1446,3726,2255,0,0.012107641
Warm A,415875,2504,2503,3726,2255,0,0.007429243
Warm A,290548,1733,1732,3726,2255,1,0.0011082331
Warm A,195044,1202,1201,3726,2255,0,0.006834178
Warm A,560584,3446,3445,3727,2256,1,0.009713062
Warm A,549278,3389,3388,3727,2256,0,0.015183947
Warm A,714184,4277,4276,3727,2256,1,0.02619097
Warm A,645474,3885,3884,3727,2256,1,0.0048129736
Warm A,544460,3356,3355,3727,2256,1,0.009335127
Warm A,719434,4309,4308,3727,2256,1,0.01753348
Warm A,547666,3378,3377,3727,2256,1,0.0005749841
Warm A,539060,3314,3313,3727,2256,1,0.014174982
Warm A,670782,4031,4030,3727,2256,0,-0.002477333
Warm A,816225,4899,4898,3727,2256,0,0.021232996
Warm A,490978,3018,3017,3727,2256,1,0.019272149
Warm A,485862,2990,2989,3727,2256,1,0.011473438
Warm A,476923,2928,2927,3727,2256,0,0.010942407
Warm A,473038,2908,2907,3727,2256,0,-0.002849219
Warm A,755001,4497,4496,3727,2256,1,0.009243952
Warm A,451553,2779,2778,3727,2256,1,0.0043751253
Warm A,431216,2627,2626,3727,2256,0,0.0016838848
Warm A,428327,2605,2604,3727,2256,1,0.012050143
Warm A,426627,2590,2589,3727,2256,1,0.013407754
Warm A,602538,3665,3664,3727,2256,0,0.018010069
Warm A,421525,2546,2545,3727,2256,0,0.0055645905
Warm A,421245,2544,2543,3727,2256,1,0.01032929
Warm A,418999,2529,2528,3727,2256,0,0.020908061
Warm A,416940,2507,2506,3727,2256,1,0.020950675
Warm A,411824,2475,2474,3727,2256,0,-0.0032137427
Warm A,409819,2457,2456,3727,2256,1,0.015268954
Warm A,409334,2456,2455,3727,2256,1,0.0044867503
Warm A,393276,2310,2309,3727,2256,1,0.014714594
Warm A,385425,2251,2250,3727,2256,1,0.016836219
Warm A,370098,2164,2163,3727,2256,1,0.017036423
Warm A,394314,2323,2322,3727,2256,1,0.017598797
Warm A,350394,2056,2055,3727,2256,1,0.002154898
Warm A,350163,2055,2054,3727,2256,1,0.009135765
Warm A,340950,2010,2009,3727,2256,0,0.017071687
Warm A,333555,1968,1967,3727,2256,0,0.019855075
Warm A,317059,1884,1883,3727,2256,1,0.021545164
Warm A,306105,1822,1821,3727,2256,1,0.0005768853
Warm A,288342,1722,1721,3727,2256,1,0.0036140615
Warm A,277178,1675,1674,3727,2256,1,0.017550293
Warm A,286341,1709,1708,3727,2256,1,0.0057722004
Warm A,264259,1607,1606,3727,2256,0,0.010304379
Warm A,247920,1496,1495,3727,2256,1,0.0041440986
Warm A,284533,1698,1697,3727,2256,1,0.0115784425
Warm A,217786,1321,1320,3727,2256,0,0.009920476
Warm A,209171,1276,1275,3727,2256,1,0.0073361546
Warm A,279961,1680,1679,3727,2256,1,0.005484225
Warm A,328739,1941,1940,3727,2256,0,0.009862911
Warm A,187186,1161,1160,3727,2256,0,0.0048148427
Warm A,307730,1835,1834,3727,2256,1,0.0062439577
Warm A,176426,1115,1114,3727,2256,1,0.007049834
Warm A,173862,1100,1099,3727,2256,1,0.0028088745
Warm A,172317,1089,1088,3727,2256,1,0.0069707157
Warm A,184144,1146,1145,3727,2256,1,0.015377055
Warm A,163336,1044,1043,3727,2256,1,0.0055396864
Warm A,162065,1033,1032,3727,2256,1,0.021815196
Warm A,159442,1017,1016,3727,2256,0,0.006462371
Warm A,154467,996,995,3727,2256,1,0.008441212
Warm A,149774,963,962,3727,2256,0,0.011004884
Warm A,185791,1150,1149,3727,2256,0,0.017565837
Warm A,138840,889,888,3727,2256,0,0.021065421
Warm A,135865,877,876,3727,2256,1,0.01538313
Warm A,133305,860,859,3727,2256,1,0.008237278
Warm A,128373,830,829,3727,2256,1,0.006606321
Warm A,125650,808,807,3727,2256,1,0.0014239945
Warm A,125091,802,801,3727,2256,1,0.008973489
Warm A,211372,1285,1284,3727,2256,1,0.01649207
Warm A,292804,1743,1742,3727,2256,1,0.006547981
Warm A,97213,651,650,3727,2256,1,0.011622284
Warm A,352364,2063,2062,3727,2256,0,0.019111423
Warm A,140784,904,903,3727,2256,0,0.0070098275
Warm A,80794,536,535,3727,2256,0,0.01430522
Warm A,82553,548,547,3727,2256,1,-0.0059716003
Warm A,77901,524,523,3727,2256,1,0.019020958
Warm A,66858,449,448,3727,2256,1,0.0030945553
Warm A,57650,390,389,3727,2256,1,-4.7519803e-05
Warm A,63395,424,423,3727,2256,1,0.014158366
Warm A,53980,352,351,3727,2256,1,0.008612297
Warm A,41243,278,277,3727,2256,1,0.0006493125
Warm A,15740,123,122,3727,2256,1,0.0039363075
Warm A,290549,1733,1732,3727,2256,0,0.008188401
Warm A,4508,33,32,3727,2256,0,0.0043508494
Warm A,5231,36,35,3727,2256,1,0.011584034
Warm A,432885,2638,2637,3727,2256,0,0.012185851
Warm A,773552,4610,4609,3727,2256,1,0.013532809
Warm A,102655,678,677,3727,2256,1,0.02087306
Warm A,28366,195,194,3727,2256,0,0.0058215493
Warm A,366293,2131,2130,3727,2256,1,0.010501739
Warm A,959114,5787,5786,3727,2256,1,0.013369527
Warm A,527649,3261,3260,3728,2257,1,0.006184512
Warm A,528371,3265,3264,3728,2257,0,-0.0006800834
Warm A,916972,5539,5538,3728,2257,1,-0.00018473133
Warm A,522974,3224,3223,3728,2257,1,0.002642041
Warm A,490979,3018,3017,3728,2257,1,0.0063227536
Warm A,482899,2967,2966,3728,2257,1,-0.0075308513
Warm A,481206,2955,2954,3728,2257,0,0.0033520332
Warm A,466212,2874,2873,3728,2257,0,-0.0020568916
Warm A,458290,2820,2819,3728,2257,1,0.0063719614
Warm A,454278,2794,2793,3728,2257,1,0.01155285
Warm A,448575,2764,2763,3728,2257,1,0.0065172976
Warm A,441119,2700,2699,3728,2257,1,0.00076163857
Warm A,697793,4169,4168,3728,2257,1,0.007584065
Warm A,431218,2627,2626,3728,2257,1,0.013235452
Warm A,421246,2544,2543,3728,2257,1,0.000569053
Warm A,415876,2504,2503,3728,2257,1,0.000827709
Warm A,413029,2484,2483,3728,2257,0,-0.0024527567
Warm A,365293,2125,2124,3728,2257,1,0.0016553253
Warm A,343780,2018,2017,3728,2257,1,0.0010490278
Warm A,334794,1974,1973,3728,2257,0,0.003195843
Warm A,326427,1932,1931,3728,2257,1,0.008414002
Warm A,323291,1916,1915,3728,2257,1,-0.00041487417
Warm A,325059,1925,1924,3728,2257,1,0.008963207
Warm A,310330,1847,1846,3728,2257,1,-0.0021736799
Warm A,310284,1846,1845,3728,2257,1,0.006619891
Warm A,305961,1820,1819,3728,2257,1,0.0041992124
Warm A,282097,1692,1691,3728,2257,1,0.0035056798
Warm A,274765,1661,1660,3728,2257,1,0.001964496
Warm A,279962,1680,1679,3728,2257,1,0.01358714
Warm A,271134,1639,1638,3728,2257,1,0.0023680143
Warm A,333556,1968,1967,3728,2257,1,0.010749379
Warm A,315601,1880,1879,3728,2257,1,0.008082074
Warm A,227462,1378,1377,3728,2257,1,-0.00046989683
Warm A,220474,1335,1334,3728,2257,1,0.007352505
Warm A,336378,1980,1979,3728,2257,1,0.008018479
Warm A,296631,1758,1757,3728,2257,1,0.0065937946
Warm A,211374,1285,1284,3728,2257,0,0.0024580925
Warm A,308935,1837,1836,3728,2257,1,0.011422417
Warm A,322718,1912,1911,3728,2257,0,2.6834663e-05
Warm A,185792,1150,1149,3728,2257,1,0.010385425
Warm A,307731,1835,1834,3728,2257,1,0.0037045947
Warm A,172318,1089,1088,3728,2257,1,-0.00065363967
Warm A,184145,1146,1145,3728,2257,0,0.0035767881
Warm A,164069,1050,1049,3728,2257,0,-0.0059774136
Warm A,169674,1077,1076,3728,2257,0,0.015271252
Warm A,160432,1019,1018,3728,2257,1,0.0036746024
Warm A,153870,989,988,3728,2257,0,0.007338885
Warm A,149054,958,957,3728,2257,1,0.0018138681
Warm A,191469,1181,1180,3728,2257,0,-0.010307356
Warm A,133485,862,861,3728,2257,0,-0.0012344462
Warm A,111374,724,723,3728,2257,0,-0.0009072784
Warm A,392933,2307,2306,3728,2257,1,0.0001606606
Warm A,295069,1752,1751,3728,2257,1,0.0024726323
Warm A,329587,1943,1942,3728,2257,1,0.0022266598
Warm A,284535,1698,1697,3728,2257,1,0.0058449567
Warm A,320895,1902,1901,3728,2257,1,0.0065734414
Warm A,83551,549,548,3728,2257,1,0.0040947646
Warm A,77902,524,523,3728,2257,1,-0.0017632353
Warm A,47660,319,318,3728,2257,0,-0.0039890534
Warm A,408438,2453,2452,3728,2257,1,-0.002481007
Warm A,33625,225,224,3728,2257,1,-0.005926267
Warm A,27613,193,192,3728,2257,1,-0.0054253014
Warm A,15742,123,122,3728,2257,1,-0.00019377773
Warm A,340237,2008,2007,3728,2257,1,0.0033003422
Warm A,8178,56,55,3728,2257,1,-0.0022080233
Warm A,295,5,4,3728,2257,0,0.008565601
Warm A,357717,2092,2091,3728,2257,0,0.0027111466
Warm A,66199,442,441,3728,2257,0,0.0048674946
Warm A,207157,1266,1265,3728,2257,0,-0.0020735431
Warm A,482042,2962,2961,3728,2257,1,0.0059630307
Warm A,908441,5493,5492,3728,2257,1,-0.00052043656
Warm A,158682,1015,1014,3728,2257,1,-0.0057803886
Warm A,140785,904,903,3728,2257,0,0.0064816563
Warm A,24486,173,172,3728,2257,1,0.0014930933
Warm A,257950,1579,1578,3728,2257,1,0.00909929
Warm A,290551,1733,1732,3728,2257,0,-0.0012775762
Warm A,31084,208,207,3728,2257,1,-0.0064170826
Warm A,460865,2841,2840,3728,2257,1,-0.004143835
Warm A,532398,3285,3284,3728,2257,1,0.0009418898
Warm A,16153,127,126,3728,2257,1,0.0017344246
Warm A,50315,331,330,3728,2257,1,-0.0015771394
Warm A,940316,5675,5674,3728,2257,1,-0.002008755
Warm A,20153,149,148,3728,2257,1,0.0073798764
Warm A,860392,5172,5171,3728,2257,1,-0.00115643
Warm A,380948,2225,2224,3728,2257,1,0.0053612543
Warm A,739610,4418,4417,3728,2257,1,0.003364057
Warm A,204187,1256,1255,3728,2257,1,0.0080680605
Warm A,550603,3391,3390,3728,2257,1,0.007307542
Warm A,211402,1285,1284,3732,2260,1,0.0012694416
Warm A,41254,278,277,3732,2260,1,-0.0027273512
Warm A,36679,245,244,3732,2260,0,-0.0004984825
Warm A,639372,3842,3841,3732,2260,0,-0.0049111284
Warm A,458306,2820,2819,3732,2260,0,-0.008089259
Warm A,490992,3018,3017,3732,2260,1,0.003781837
Warm A,102673,678,677,3732,2260,0,-0.0044208462
Warm A,714205,4277,4276,3732,2260,0,0.0042866394
Warm A,967576,5831,5830,3732,2260,0,-0.0060128635
Warm A,63424,424,423,3732,2260,1,-0.0005431492
Warm A,241500,1451,1450,3732,2260,0,0.0021346342
Warm A,252220,1527,1526,3738,2263,0,-0.007808094
Warm A,160458,1019,1018,3738,2263,0,0.012152323
Warm A,631844,3821,3820,3738,2263,0,-0.0021554327
Warm A,50903,335,334,3738,2263,0,0.007829137
Warm A,43689,300,299,3738,2263,1,-0.0014316074
Warm A,38385,261,260,3738,2263,0,0.0016017735
Warm A,947800,5722,5721,3738,2263,1,0.0030465913
Warm A,9413,62,61,3738,2263,0,0.008875583
Warm A,357734,2092,2091,3738,2263,1,0.003511033
Warm A,238316,1447,1446,3738,2263,1,0.011308328
Warm A,158710,1015,1014,3738,2263,1,0.0027020816
Warm A,962012,5795,5794,3738,2263,1,-0.0029149384
Warm A,841608,5054,5053,3738,2263,0,-0.0058313143
Warm A,319618,1897,1896,3738,2263,1,0.0058216513
Warm A,63427,424,423,3738,2263,1,0.005959512
Warm A,397442,2353,2352,3738,2263,1,-0.0083018895
Warm A,821763,4940,4939,3738,2263,0,0.0042646965
Warm A,263745,1605,1604,3743,2267,0,0.009667167
Warm A,111094,721,720,3743,2267,0,0.01439301
Warm A,907895,5492,5491,3743,2267,0,0.013503337
Warm A,476503,2926,2925,3743,2267,0,0.004601024
Warm A,682826,4085,4084,3743,2267,0,0.0105251055
Warm A,46527,310,309,3743,2267,1,0.0005140678
Warm A,313045,1865,1864,3743,2267,0,0.0038051838
Warm A,924214,5580,5579,3743,2267,1,0.006112794
Warm A,497448,3054,3053,3743,2267,0,0.0061560543
Warm A,811521,4867,4866,3743,2267,1,0.015478408
Warm A,776970,4640,4639,3743,2267,0,0.0035985317
Warm A,521812,3219,3218,3743,2267,0,0.006362986
Warm A,967597,5831,5830,3743,2267,1,0.007400774
Warm A,272426,1645,1644,3743,2267,1,0.005270463
Warm A,311398,1854,1853,3743,2267,0,0.0032087618
Warm A,295795,1755,1754,3743,2267,0,0.009172248
Warm A,172144,1088,1087,3743,2267,0,0.0014427167
Warm A,996746,6016,6015,3746,2270,0,0.009743931
Warm A,209005,1274,1273,3746,2270,1,0.016959947
Warm A,801840,4802,4801,3746,2270,1,0.0053110467
Warm A,93436,624,623,3746,2270,0,0.0082019335
Warm A,523955,3229,3228,3746,2270,1,0.0180705
Warm A,796403,4771,4770,3746,2270,1,0.0037190537
Warm A,807798,4834,4833,3746,2270,1,0.0061859107
Warm A,223125,1352,1351,3746,2270,1,0.016663903
Warm A,28429,195,194,3746,2270,1,0.0037125482
Warm A,301577,1791,1790,3747,2271,1,0.0047677597
Warm A,224371,1356,1355,3747,2271,0,-0.0027660269
Warm A,309976,1843,1842,3747,2271,1,-0.0011941036
Warm A,213123,1297,1296,3747,2271,1,0.0009301447
Warm A,212190,1291,1290,3747,2271,1,0.004933372
Warm A,211446,1285,1284,3747,2271,1,0.005996408
Warm A,207694,1270,1269,3747,2271,0,0.0069008647
Warm A,220488,1335,1334,3747,2271,1,0.005909388
Warm A,196889,1208,1207,3747,2271,1,-1.5996047e-05
Warm A,232621,1413,1412,3747,2271,0,-7.10648e-05
Warm A,201253,1241,1240,3747,2271,1,0.0024851859
Warm A,349077,2047,2046,3747,2271,1,0.0073770164
Warm A,156389,1009,1008,3747,2271,1,0.006845381
Warm A,158744,1015,1014,3747,2271,1,0.008490671
Warm A,150135,966,965,3747,2271,1,0.0011250757
Warm A,225336,1362,1361,3747,2271,0,-0.0029638028
Warm A,812361,4875,4874,3747,2271,0,0.0039106375
Warm A,132849,856,855,3747,2271,1,0.0036004758
Warm A,197498,1211,1210,3747,2271,1,0.0022210935
Warm A,182261,1137,1136,3747,2271,0,0.0018558325
Warm A,199675,1224,1223,3747,2271,1,0.009590055
Warm A,128383,830,829,3747,2271,1,0.0019757228
Warm A,407840,2451,2450,3747,2271,0,-0.010740552
Warm A,132742,855,854,3747,2271,1,0.0023113224
Warm A,187843,1164,1163,3747,2271,1,0.003424471
Warm A,292810,1743,1742,3747,2271,0,-9.9427765e-05
Warm A,103551,687,686,3747,2271,1,0.003961743
Warm A,101775,677,676,3747,2271,0,0.00932401
Warm A,129043,838,837,3747,2271,1,-0.0029572775
Warm A,714237,4277,4276,3747,2271,1,0.0065357066
Warm A,89661,590,589,3747,2271,1,-0.0021411465
Warm A,148001,953,952,3747,2271,1,-0.007893731
Warm A,330834,1952,1951,3747,2271,1,-0.0054779416
Warm A,682034,4084,4083,3747,2271,1,0.003430462
Warm A,77967,524,523,3747,2271,1,0.006416261
Warm A,64404,429,428,3747,2271,0,-0.0010685362
Warm A,57683,390,389,3747,2271,1,-0.010726571
Warm A,57256,386,385,3747,2271,0,0.006801311
Warm A,46128,308,307,3747,2271,1,0.0014947131
Warm A,43474,299,298,3747,2271,1,-0.005563053
Warm A,806019,4823,4822,3747,2271,1,-0.003594951
Warm A,33662,225,224,3747,2271,1,0.012537535
Warm A,31577,214,213,3747,2271,1,0.004607114
Warm A,452167,2784,2783,3747,2271,1,0.0002883895
Warm A,965938,5825,5824,3747,2271,1,-0.0020831241
Warm A,947806,5722,5721,3747,2271,1,-0.008986105
Warm A,192790,1186,1185,3747,2271,1,-0.0016720314
Warm A,314436,1877,1876,3747,2271,1,0.000990548
Warm A,16166,127,126,3747,2271,0,-0.004134224
Warm A,201825,1242,1241,3747,2271,1,0.004820067
Warm A,7960,53,52,3747,2271,1,-0.002266793
Warm A,217394,1317,1316,3747,2271,1,0.0069152177
Warm A,24530,173,172,3747,2271,1,0.0012223276
Warm A,432257,2634,2633,3747,2271,0,0.0053667584
Warm A,56381,376,375,3747,2271,0,0.005694107
Warm A,653759,3940,3939,3747,2271,1,-0.0054997085
Warm A,761289,4522,4521,3747,2271,0,0.0026638913
Warm A,204794,1260,1259,3747,2271,0,-0.00043108966
Warm A,289715,1729,1728,3747,2271,0,-0.0059446217
Warm A,844464,5074,5073,3747,2271,1,-0.0006775514
Warm A,400039,2380,2379,3747,2271,0,0.00040383067
Warm A,635706,3832,3831,3747,2271,0,0.0034386227
Warm A,877187,5300,5299,3747,2271,1,-0.0025049686
Warm A,232055,1407,1406,3747,2271,1,-0.008073859
Warm A,203722,1252,1251,3747,2271,0,0.0024565598
Warm A,319635,1897,1896,3747,2271,1,0.01000957
Warm A,258639,1584,1583,3747,2271,0,0.0005538212
Warm A,556658,3420,3419,3747,2271,1,-0.0049207173
Warm A,261284,1597,1596,3747,2271,1,-0.0008014366
Warm A,500542,3074,3073,3747,2271,1,-0.009782456
Warm A,799521,4790,4789,3747,2271,0,0.009330683
Warm A,431245,2627,2626,3747,2271,0,0.004302062
Warm A,336440,1980,1979,3747,2271,1,-0.0062189344
Warm A,50356,331,330,3747,2271,1,-0.0017906824
Warm A,116659,752,751,3747,2271,0,0.011583012
Warm A,93091,623,622,3747,2271,1,0.0029409688
Warm A,908456,5493,5492,3747,2271,1,0.004943584
Warm A,47711,319,318,3747,2271,0,0.0059343884
Warm A,313046,1865,1864,3747,2271,0,-0.0016252042
Warm A,284579,1698,1697,3747,2271,1,0.0060930387
Warm A,235320,1425,1424,3747,2271,1,0.0050577647
Warm A,67898,454,453,3747,2271,1,-0.0033850446
Warm A,847306,5090,5089,3747,2271,1,-0.0021910453
Warm A,764690,4543,4542,3747,2271,0,-0.00062339404
Warm A,808586,4842,4841,3747,2271,1,-0.0014995112
Warm A,346732,2031,2030,3747,2271,1,-0.009953281
Warm A,550672,3391,3390,3747,2271,1,0.0016054325
Warm A,565061,3473,3472,3747,2271,0,0.00042798067
Warm A,967617,5831,5830,3758,2277,0,-0.002603212
Warm A,496303,3050,3049,3758,2277,0,-0.0006786712
Warm A,480352,2946,2945,3758,2277,0,-0.0033617527
Warm A,755027,4497,4496,3758,2277,0,-0.003996314
Warm A,463684,2857,2856,3758,2277,0,0.00411327
Warm A,465250,2868,2867,3758,2277,0,0.0037470877
Warm A,458354,2820,2819,3758,2277,0,0.0040912624
Warm A,454393,2795,2794,3758,2277,0,0.005736622
Warm A,445734,2748,2747,3758,2277,0,-0.0057218233
Warm A,400586,2383,2382,3758,2277,0,0.0026923544
Warm A,393353,2312,2311,3758,2277,0,0.0050269775
Warm A,389161,2279,2278,3758,2277,1,-0.00060188083
Warm A,378058,2205,2204,3758,2277,0,0.003895055
Warm A,376246,2194,2193,3758,2277,0,-0.0062647043
Warm A,371875,2172,2171,3758,2277,0,-0.0027058558
Warm A,370818,2167,2166,3758,2277,0,0.0021158967
Warm A,356598,2088,2087,3758,2277,0,0.007790543
Warm A,341013,2010,2009,3758,2277,0,0.0005859202
Warm A,324629,1922,1921,3758,2277,0,0.0009613512
Warm A,299288,1776,1775,3758,2277,1,0.0033856742
Warm A,293333,1746,1745,3758,2277,1,0.0041143843
Warm A,291017,1736,1735,3758,2277,0,0.0069537354
Warm A,292621,1741,1740,3758,2277,0,0.0010133793
Warm A,269357,1632,1631,3758,2277,0,-0.00064265693
Warm A,258109,1580,1579,3758,2277,0,-0.0019013665
Warm A,333597,1968,1967,3758,2277,0,0.0030919546
Warm A,227383,1377,1376,3758,2277,0,0.009890195
Warm A,325643,1926,1925,3758,2277,1,-0.0013301665
Warm A,220116,1333,1332,3758,2277,0,0.0039984537
Warm A,278095,1676,1675,3758,2277,0,-0.0035259724
Warm A,273363,1647,1646,3758,2277,1,-0.0050060553
Warm A,206142,1264,1263,3758,2277,0,0.011234376
Warm A,215167,1303,1302,3758,2277,0,-0.0014238195
Warm A,244255,1470,1469,3758,2277,0,0.008119819
Warm A,280115,1680,1679,3758,2277,1,0.0029911909
Warm A,185898,1150,1149,3758,2277,0,-0.002807063
Warm A,181683,1135,1134,3758,2277,0,0.008882143
Warm A,177737,1119,1118,3758,2277,0,-0.00021407893
Warm A,337286,1983,1982,3758,2277,0,0.00022648321
Warm A,138961,889,888,3758,2277,0,0.009424332
Warm A,315677,1880,1879,3758,2277,0,0.008004521
Warm A,141745,911,910,3758,2277,0,0.008635524
Warm A,113506,735,734,3758,2277,0,0.003835146
Warm A,240642,1449,1448,3758,2277,0,-0.0048371744
Warm A,91010,602,601,3758,2277,0,0.0067843813
Warm A,86288,563,562,3758,2277,0,-0.004528797
Warm A,239434,1448,1447,3758,2277,0,0.010016223
Warm A,84614,550,549,3758,2277,0,-0.0052960436
Warm A,54078,352,351,3758,2277,0,-0.0017894004
Warm A,132761,855,854,3758,2277,0,0.0058622546
Warm A,338425,1988,1987,3758,2277,0,-0.005580233
Warm A,23271,166,165,3758,2277,0,-0.0027635703
Warm A,17652,136,135,3758,2277,1,0.0027127168
Warm A,5884,42,41,3758,2277,1,0.0008170344
Warm A,482096,2962,2961,3758,2277,0,0.0015989441
Warm A,238379,1447,1446,3758,2277,0,0.0049522985
Warm A,102728,678,677,3758,2277,1,-0.0012188847
Warm A,964650,5812,5811,3758,2277,0,0.0024303624
Warm A,310923,1851,1850,3758,2277,0,0.006060501
Warm A,63510,424,423,3758,2277,0,-0.00038275286
Warm A,721562,4318,4317,3766,2281,1,0.00788164
Warm A,694110,4156,4155,3766,2281,1,0.0064346474
Warm A,691471,4139,4138,3766,2281,0,0.005584552
Warm A,690941,4135,4134,3766,2281,1,0.009963821
Warm A,692193,4140,4139,3766,2281,0,0.0015380434
Warm A,685615,4098,4097,3766,2281,0,0.009660333
Warm A,681859,4083,4082,3766,2281,0,0.0029612647
Warm A,677648,4061,4060,3766,2281,1,0.002196494
Warm A,677294,4058,4057,3766,2281,0,0.0006002209
Warm A,674912,4049,4048,3766,2281,0,0.001898281
Warm A,673733,4045,4044,3766,2281,0,-0.0040961183
Warm A,720700,4312,4311,3766,2281,0,0.00437384
Warm A,669932,4026,4025,3766,2281,0,0.008553955
Warm A,668833,4021,4020,3766,2281,1,0.0025533126
Warm A,666107,4007,4006,3766,2281,0,9.399594e-05
Warm A,738894,4414,4413,3766,2281,0,0.0041183117
Warm A,665358,4005,4004,3766,2281,0,0.009099944
Warm A,663326,3997,3996,3766,2281,1,0.0025672596
Warm A,660128,3978,3977,3766,2281,1,0.0002935296
Warm A,658110,3965,3964,3766,2281,1,-0.005079586
Warm A,657307,3962,3961,3766,2281,1,0.0060697403
Warm A,651711,3929,3928,3766,2281,0,0.010475772
Warm A,642132,3860,3859,3766,2281,1,0.003359927
Warm A,630046,3808,3807,3766,2281,0,-0.004742928
Warm A,638738,3841,3840,3766,2281,1,0.0027398884
Warm A,625261,3778,3777,3766,2281,0,0.0013643589
Warm A,622465,3768,3767,3766,2281,0,0.004392214
Warm A,959965,5788,5787,3766,2281,0,0.0021331443
Warm A,611490,3705,3704,3766,2281,1,0.013224909
Warm A,606813,3683,3682,3766,2281,0,0.012278161
Warm A,633740,3824,3823,3766,2281,0,0.012106173
Warm A,595421,3621,3620,3766,2281,0,0.00831139
Warm A,597007,3626,3625,3766,2281,1,-0.002393445
Warm A,588231,3589,3588,3766,2281,0,0.0034962243
Warm A,586564,3579,3578,3766,2281,0,0.0030445755
Warm A,585927,3576,3575,3766,2281,0,0.009087466
Warm A,585368,3574,3573,3766,2281,1,0.0027291216
Warm A,594482,3618,3617,3766,2281,0,0.0071119033
Warm A,569809,3493,3492,3766,2281,0,0.0059552817
Warm A,569574,3491,3490,3766,2281,0,0.0065614125
Warm A,714280,4277,4276,3766,2281,0,0.009957595
Warm A,563939,3469,3468,3766,2281,0,0.011589695
Warm A,570520,3499,3498,3766,2281,0,-0.000345984
Warm A,559735,3439,3438,3766,2281,0,0.0069152783
Warm A,572587,3507,3506,3766,2281,1,0.0114906505
Warm A,552744,3401,3400,3766,2281,0,0.014321964
Warm A,551517,3397,3396,3766,2281,0,0.01375695
Warm A,577637,3526,3525,3766,2281,0,0.0062089595
Warm A,645533,3885,3884,3766,2281,0,0.007603702
Warm A,542529,3336,3335,3766,2281,0,0.006803534
Warm A,532823,3290,3289,3766,2281,0,0.00095575396
Warm A,544192,3353,3352,3766,2281,0,0.0064149722
Warm A,524270,3231,3230,3766,2281,1,-0.008249825
Warm A,515150,3180,3179,3766,2281,0,0.00017618248
Warm A,697911,4169,4168,3766,2281,0,0.01251906
Warm A,513262,3163,3162,3766,2281,0,0.011025169
Warm A,606131,3681,3680,3766,2281,0,0.008414155
Warm A,494632,3032,3031,3766,2281,1,0.011237524
Warm A,488048,3001,3000,3766,2281,1,0.008989491
Warm A,486464,2994,2993,3766,2281,0,0.007685055
Warm A,600391,3650,3649,3766,2281,0,0.005355756
Warm A,480364,2946,2945,3766,2281,0,0.0064924536
Warm A,474242,2909,2908,3766,2281,1,0.010791964
Warm A,470228,2895,2894,3766,2281,0,0.007575917
Warm A,463704,2857,2856,3766,2281,0,0.016657442
Warm A,518972,3201,3200,3766,2281,0,0.0012984361
Warm A,449516,2771,2770,3766,2281,0,0.009719228
Warm A,449697,2772,2771,3766,2281,1,0.0064107846
Warm A,415317,2500,2499,3766,2281,0,0.00613506
Warm A,413084,2484,2483,3766,2281,1,0.01141697
Warm A,407086,2445,2444,3766,2281,0,0.014251519
Warm A,410690,2463,2462,3766,2281,0,0.0019129845
Warm A,387417,2264,2263,3766,2281,0,0.00069184677
Warm A,368972,2156,2155,3766,2281,0,0.006589703
Warm A,357788,2092,2091,3766,2281,0,-0.0019685905
Warm A,337302,1983,1982,3766,2281,0,-0.00025248155
Warm A,297812,1764,1763,3766,2281,1,0.009704078
Warm A,291022,1736,1735,3766,2281,0,0.0069458573
Warm A,291778,1737,1736,3766,2281,0,-0.0039788834
Warm A,275796,1667,1666,3766,2281,0,0.006673046
Warm A,289088,1726,1725,3766,2281,0,0.004840766
Warm A,283350,1696,1695,3766,2281,0,0.0027146745
Warm A,227394,1377,1376,3766,2281,0,-0.0065482385
Warm A,273380,1647,1646,3766,2281,0,0.008499803
Warm A,198934,1221,1220,3766,2281,0,0.0012892431
Warm A,191624,1181,1180,3766,2281,0,0.0056952727
Warm A,186718,1155,1154,3766,2281,0,0.005713289
Warm A,307815,1835,1834,3766,2281,0,0.007810605
Warm A,180533,1128,1127,3766,2281,0,-0.00019167189
Warm A,180056,1127,1126,3766,2281,0,0.0060822824
Warm A,155074,999,998,3766,2281,0,-0.0007295278
Warm A,152722,983,982,3766,2281,0,0.0031610872
Warm A,277255,1675,1674,3766,2281,0,-0.003669079
Warm A,138989,889,888,3766,2281,0,0.016602255
Warm A,315706,1880,1879,3766,2281,0,0.0010907436
Warm A,124048,798,797,3766,2281,0,0.0014421344
Warm A,121918,785,784,3766,2281,0,-0.0013369545
Warm A,475856,2919,2918,3766,2281,0,0.0040847855
Warm A,114611,744,743,3766,2281,0,0.005404306
Warm A,97625,654,653,3766,2281,0,-0.0037538141
Warm A,96288,646,645,3766,2281,0,0.013429737
Warm A,88122,580,579,3766,2281,0,0.0022265874
Warm A,83659,549,548,3766,2281,0,0.020780707
Warm A,71204,477,476,3766,2281,0,0.0059537627
Warm A,70556,475,474,3766,2281,1,0.0060480493
Warm A,68951,461,460,3766,2281,0,0.005675087
Warm A,64886,435,434,3766,2281,1,0.0031981098
Warm A,75182,509,508,3766,2281,0,0.009917764
Warm A,240668,1449,1448,3766,2281,0,0.012461754
Warm A,52364,344,343,3766,2281,0,0.0037836721
Warm A,40590,272,271,3766,2281,1,0.0051999018
Warm A,36780,245,244,3766,2281,0,-3.167917e-05
Warm A,22737,163,162,3766,2281,0,0.008922184
Warm A,239451,1448,1447,3766,2281,0,0.0093655465
Warm A,19659,148,147,3766,2281,0,0.0016738614
Warm A,18183,139,138,3766,2281,1,0.0039115385
Warm A,15829,123,122,3766,2281,0,0.004887616
Warm A,144323,929,928,3766,2281,0,0.006751876
Warm A,432954,2638,2637,3766,2281,0,-0.0037319148
Warm A,265363,1611,1610,3766,2281,0,0.007884177
Warm A,129787,839,838,3766,2281,0,0.008103802
Warm A,238406,1447,1446,3766,2281,0,0.014055686
Warm A,110006,716,715,3766,2281,1,-0.0029371935
Warm A,234449,1422,1421,3766,2281,0,0.010115819
Warm A,431280,2627,2626,3766,2281,0,0.0019808589
Warm A,116708,752,751,3766,2281,0,0.006234847
Warm A,773050,4607,4606,3766,2281,0,0.009489987
Warm A,322818,1912,1911,3766,2281,0,0.010176972
Warm A,174412,1101,1100,3766,2281,0,0.021855196
Warm A,63530,424,423,3766,2281,0,0.0020672432
Warm A,241567,1451,1450,3766,2281,0,0.0107436925
Warm A,431772,2629,2628,3767,2282,0,0.005734672
Warm A,430797,2625,2624,3767,2282,0,0.0064721797
Warm A,415318,2500,2499,3767,2282,0,0.0029148925
Warm A,413085,2484,2483,3767,2282,0,0.015545813
Warm A,407087,2445,2444,3767,2282,0,0.007921698
Warm A,337303,1983,1982,3767,2282,0,0.013849268
Warm A,357790,2092,2091,3767,2282,0,0.0075652194
Warm A,291024,1736,1735,3767,2282,0,0.000588018
Warm A,291779,1737,1736,3767,2282,0,0.0095536895
Warm A,275797,1667,1666,3767,2282,0,0.0004671159
Warm A,289089,1726,1725,3767,2282,0,0.003770579
Warm A,266177,1613,1612,3767,2282,0,0.00902063
Warm A,283351,1696,1695,3767,2282,0,0.011260395
Warm A,227395,1377,1376,3767,2282,0,-0.0035737099
Warm A,273382,1647,1646,3767,2282,0,0.007233416
Warm A,198935,1221,1220,3767,2282,0,0.006513126
Warm A,198007,1216,1215,3767,2282,0,0.019511478
Warm A,191626,1181,1180,3767,2282,0,0.010646892
Warm A,307816,1835,1834,3767,2282,0,0.015396652
Warm A,155076,999,998,3767,2282,0,0.010071875
Warm A,270321,1635,1634,3767,2282,0,0.018356565
Warm A,277256,1675,1674,3767,2282,0,0.006655323
Warm A,138991,889,888,3767,2282,0,0.003146904
Warm A,315708,1880,1879,3767,2282,0,0.0066943187
Warm A,124050,798,797,3767,2282,0,0.017820692
Warm A,121919,785,784,3767,2282,0,0.0049891556
Warm A,475857,2919,2918,3767,2282,0,0.0057362057
Warm A,114612,744,743,3767,2282,0,0.011274277
Warm A,83662,549,548,3767,2282,0,0.0012667414
Warm A,234451,1422,1421,3767,2282,0,0.012233428
Warm A,68953,461,460,3767,2282,0,0.0003980496
Warm A,240672,1449,1448,3767,2282,0,0.016413957
Warm A,52365,344,343,3767,2282,0,-0.0023413121
Warm A,41995,284,283,3767,2282,0,0.004022577
Warm A,363520,2116,2115,3767,2282,0,0.011905083
Warm A,40593,272,271,3767,2282,0,0.006037368
Warm A,24729,174,173,3767,2282,0,0.012441751
Warm A,19661,148,147,3767,2282,0,-0.0060835583
Warm A,432956,2638,2637,3767,2282,0,0.00784488
Warm A,238409,1447,1446,3767,2282,0,0.011333274
Warm A,10352,73,72,3767,2282,0,0.018388238
Warm A,931534,5626,5625,3767,2282,1,0.00030123303
Warm A,322820,1912,1911,3767,2282,0,0.0074727354
Warm A,63532,424,423,3767,2282,0,0.0038353927
Warm A,114614,744,743,3768,2283,0,0.0103168655
Warm A,97276,651,650,3768,2283,0,-0.001719203
Warm A,88123,580,579,3768,2283,0,0.009113959
Warm A,70559,475,474,3768,2283,0,-0.00046331238
Warm A,68955,461,460,3768,2283,0,0.004860684
Warm A,75186,509,508,3768,2283,0,0.012998171
Warm A,240675,1449,1448,3768,2283,0,0.009451316
Warm A,52367,344,343,3768,2283,0,0.0013124539
Warm A,40596,272,271,3768,2283,0,0.00041754707
Warm A,26688,188,187,3768,2283,0,-0.0018158834
Warm A,24730,174,173,3768,2283,0,0.006714563
Warm A,19664,148,147,3768,2283,1,0.007807881
Warm A,432958,2638,2637,3768,2283,0,0.0037234884
Warm A,265367,1611,1610,3768,2283,0,0.009640619
Warm A,238412,1447,1446,3768,2283,0,0.004910332
Warm A,10354,73,72,3768,2283,0,0.015055217
Warm A,273384,1647,1646,3768,2283,0,0.011255931
Warm A,329668,1943,1942,3768,2283,0,0.00399526
Warm A,599565,3648,3647,3768,2283,0,0.012716055
Warm A,931536,5626,5625,3768,2283,1,-0.0020942744
Warm A,714284,4277,4276,3768,2283,0,0.0042875092
Warm A,679894,4075,4074,3769,2284,1,0.009525586
Warm A,677651,4061,4060,3769,2284,0,0.009155844
Warm A,674916,4049,4048,3769,2284,1,0.007891851
Warm A,673734,4045,4044,3769,2284,0,-0.00042264257
Warm A,668838,4021,4020,3769,2284,1,-0.0011411658
Warm A,664378,3999,3998,3769,2284,0,0.0033882116
Warm A,663331,3997,3996,3769,2284,1,0.009256085
Warm A,659581,3974,3973,3769,2284,1,-0.005752072
Warm A,657830,3964,3963,3769,2284,1,-0.0051362077
Warm A,656953,3958,3957,3769,2284,1,0.014309356
Warm A,656408,3955,3954,3769,2284,1,0.000115987496
Warm A,653291,3938,3937,3769,2284,1,0.013327479
Warm A,652158,3931,3930,3769,2284,1,0.00917856
Warm A,649119,3910,3909,3769,2284,1,0.010453813
Warm A,648579,3906,3905,3769,2284,0,-0.0013660288
Warm A,646898,3892,3891,3769,2284,1,0.014243392
Warm A,643902,3878,3877,3769,2284,1,0.006282673
Warm A,658112,3965,3964,3769,2284,0,0.008045966
Warm A,634258,3825,3824,3769,2284,0,0.022955457
Warm A,632745,3823,3822,3769,2284,1,0.009755444
Warm A,630199,3810,3809,3769,2284,1,0.002662663
Warm A,630053,3808,3807,3769,2284,1,0.0009556555
Warm A,638747,3841,3840,3769,2284,1,0.025615763
Warm A,625268,3778,3777,3769,2284,1,0.016378991
Warm A,624037,3773,3772,3769,2284,1,0.008772502
Warm A,623628,3771,3770,3769,2284,0,0.00382894
Warm A,619667,3754,3753,3769,2284,0,0.009115625
Warm A,603211,3670,3669,3769,2284,1,0.002292256
Warm A,601458,3656,3655,3769,2284,1,-0.009598885
Warm A,598464,3641,3640,3769,2284,1,0.004432815
Warm A,597072,3627,3626,3769,2284,1,0.0025459374
Warm A,869885,5255,5254,3769,2284,0,0.011471922
Warm A,592785,3613,3612,3769,2284,0,0.0034613842
Warm A,592944,3614,3613,3769,2284,0,0.004161476
Warm A,588237,3589,3588,3769,2284,0,0.009488392
Warm A,586299,3578,3577,3769,2284,0,0.0050308644
Warm A,585934,3576,3575,3769,2284,1,0.007931482
Warm A,585369,3574,3573,3769,2284,1,0.0023408139
Warm A,576614,3524,3523,3769,2284,1,0.010664225
Warm A,745601,4448,4447,3769,2284,1,0.012894099
Warm A,561388,3453,3452,3769,2284,0,-0.0013263084
Warm A,750813,4479,4478,3769,2284,1,0.0002507763
Warm A,931537,5626,5625,3769,2284,0,0.00953871
Warm A,551395,3394,3393,3769,2284,1,0.005937192
Warm A,548326,3383,3382,3769,2284,0,0.0069386177
Warm A,632125,3822,3821,3769,2284,0,0.0038927414
Warm A,545879,3365,3364,3769,2284,1,0.010152251
Warm A,533832,3293,3292,3769,2284,0,0.007198481
Warm A,530124,3272,3271,3769,2284,0,0.011118623
Warm A,525181,3242,3241,3769,2284,1,0.0046171835
Warm A,506970,3118,3117,3769,2284,0,0.009813296
Warm A,494636,3032,3031,3769,2284,1,0.015358223
Warm A,491055,3018,3017,3769,2284,1,0.013254908
Warm A,481445,2959,2958,3769,2284,1,0.003235585
Warm A,479677,2943,2942,3769,2284,1,0.004267244
Warm A,474250,2909,2908,3769,2284,1,0.00881437
Warm A,463708,2857,2856,3769,2284,0,0.01493177
Warm A,448187,2761,2760,3769,2284,0,0.010606439
Warm A,445293,2746,2745,3769,2284,1,0.0025764438
Warm A,434709,2651,2650,3769,2284,0,0.0060789576
Warm A,432960,2638,2637,3769,2284,0,0.012733806
Warm A,420599,2541,2540,3769,2284,0,0.0055136685
Warm A,425855,2583,2582,3769,2284,1,-0.00037450017
Warm A,436804,2665,2664,3769,2284,1,0.03311655
Warm A,403872,2412,2411,3769,2284,0,0.0014598465
Warm A,414829,2496,2495,3769,2284,0,0.0044661732
Warm A,392630,2304,2303,3769,2284,1,0.009007094
Warm A,387652,2265,2264,3769,2284,1,0.008144871
Warm A,377530,2203,2202,3769,2284,0,0.016320102
Warm A,370156,2164,2163,3769,2284,0,0.012608931
Warm A,365066,2124,2123,3769,2284,1,0.011337332
Warm A,343841,2018,2017,3769,2284,1,-0.0008417885
Warm A,380993,2225,2224,3769,2284,0,0.013547538
Warm A,337306,1983,1982,3769,2284,1,0.008017924
Warm A,294028,1748,1747,3769,2284,0,0.011305033
Warm A,292642,1741,1740,3769,2284,0,0.009939838
Warm A,332412,1961,1960,3769,2284,0,-0.005015796
Warm A,312555,1861,1860,3769,2284,0,0.0070092008
Warm A,248198,1497,1496,3769,2284,0,0.0024253346
Warm A,244934,1474,1473,3769,2284,1,0.0070542526
Warm A,244803,1473,1472,3769,2284,0,0.011397864
Warm A,283353,1696,1695,3769,2284,1,0.008092785
Warm A,243093,1465,1464,3769,2284,0,0.012145458
Warm A,324113,1920,1919,3769,2284,0,0.007968498
Warm A,229480,1389,1388,3769,2284,1,0.012657344
Warm A,209047,1274,1273,3769,2284,0,0.020578695
Warm A,220515,1335,1334,3769,2284,0,0.0009773779
Warm A,199155,1223,1222,3769,2284,0,0.007251651
Warm A,280159,1680,1679,3769,2284,0,0.009006513
Warm A,198010,1216,1215,3769,2284,1,0.0038809387
Warm A,197102,1209,1208,3769,2284,0,0.010021879
Warm A,174417,1101,1100,3769,2284,1,0.020456828
Warm A,328898,1941,1940,3769,2284,0,0.011201261
Warm A,215190,1303,1302,3769,2284,0,0.013772752
Warm A,275801,1667,1666,3769,2284,0,0.019952226
Warm A,347575,2038,2037,3769,2284,1,-0.00019412744
Warm A,714286,4277,4276,3769,2284,1,0.011082753
Warm A,315712,1880,1879,3769,2284,1,0.0055402927
Warm A,147590,949,948,3769,2284,0,0.005011482
Warm A,240677,1449,1448,3769,2284,0,0.017984271
Warm A,97277,651,650,3769,2284,0,0.008076063
Warm A,95124,637,636,3769,2284,1,0.0059717298
Warm A,480369,2946,2945,3769,2284,0,0.004277433
Warm A,82016,543,542,3769,2284,1,0.012624081
Warm A,81102,539,538,3769,2284,1,0.0061706584
Warm A,234455,1422,1421,3769,2284,0,-0.0028110547
Warm A,204828,1260,1259,3769,2284,1,0.013889875
Warm A,71647,481,480,3769,2284,1,0.009370197
Warm A,57799,391,390,3769,2284,1,0.0063710143
Warm A,211508,1285,1284,3769,2284,1,0.012957738
Warm A,50927,335,334,3769,2284,1,0.006794676
Warm A,198300,1218,1217,3769,2284,0,0.0049349484
Warm A,37606,256,255,3769,2284,0,0.000515905
Warm A,36785,245,244,3769,2284,0,0.010407224
Warm A,99157,660,659,3769,2284,1,0.0049259663
Warm A,30883,205,204,3769,2284,0,0.011316713
Warm A,947821,5722,5721,3769,2284,1,0.0105008315
Warm A,19665,148,147,3769,2284,0,0.0024158028
Warm A,5904,42,41,3769,2284,0,0.00019414164
Warm A,4040,29,28,3769,2284,0,0.0070036435
Warm A,357796,2092,2091,3769,2284,0,0.014266692
Warm A,482116,2962,2961,3769,2284,0,0.0025424613
Warm A,202226,1243,1242,3769,2284,0,0.0013564653
Warm A,903084,5458,5457,3769,2284,1,0.022854391
Warm A,287924,1717,1716,3769,2284,0,0.015196541
Warm A,996777,6016,6015,3769,2284,0,0.011482195
Warm A,934080,5636,5635,3769,2284,0,0.0030642916
Warm A,137041,881,880,3769,2284,0,0.010846099
Warm A,63540,424,423,3769,2284,1,0.005110923
Warm A,421339,2544,2543,3769,2284,1,0.0071571954
Warm A,649252,3912,3911,3771,2286,1,0.008232515
Warm A,648161,3902,3901,3771,2286,1,0.008260656
Warm A,630950,3816,3815,3771,2286,1,0.02384155
Warm A,623633,3771,3770,3771,2286,0,0.00899851
Warm A,619670,3754,3753,3771,2286,0,0.013484383
Warm A,616434,3730,3729,3771,2286,0,0.0037882896
Warm A,604648,3675,3674,3771,2286,0,0.014644546
Warm A,603212,3670,3669,3771,2286,0,-0.0018945655
Warm A,595970,3624,3623,3771,2286,1,0.009506833
Warm A,594632,3619,3618,3771,2286,1,0.004202425
Warm A,588243,3589,3588,3771,2286,0,0.017815454
Warm A,585942,3576,3575,3771,2286,0,0.007607895
Warm A,585372,3574,3573,3771,2286,0,0.0006706822
Warm A,581830,3555,3554,3771,2286,0,0.011085944
Warm A,562311,3461,3460,3771,2286,1,0.0040561766
Warm A,553558,3408,3407,3771,2286,1,0.005885522
Warm A,967643,5831,5830,3771,2286,0,0.012872262
Warm A,548490,3385,3384,3771,2286,0,0.005074743
Warm A,541161,3328,3327,3771,2286,1,0.0007258954
Warm A,538755,3313,3312,3771,2286,1,0.011097697
Warm A,532824,3290,3289,3771,2286,0,0.0018381902
Warm A,518981,3201,3200,3771,2286,1,0.008673553
Warm A,514188,3173,3172,3771,2286,1,0.00088764715
Warm A,501969,3081,3080,3771,2286,0,0.012105667
Warm A,494649,3032,3031,3771,2286,1,0.010042031
Warm A,491065,3018,3017,3771,2286,1,0.011097735
Warm A,530135,3272,3271,3771,2286,1,0.011659129
Warm A,479679,2943,2942,3771,2286,0,0.004390373
Warm A,469453,2890,2889,3771,2286,0,0.016127365
Warm A,463716,2857,2856,3771,2286,0,0.017453454
Warm A,442125,2719,2718,3771,2286,1,0.0013452608
Warm A,432969,2638,2637,3771,2286,0,-0.0006051152
Warm A,833118,5008,5007,3771,2286,1,0.0047256956
Warm A,602571,3665,3664,3771,2286,1,0.014590173
Warm A,424604,2575,2574,3771,2286,1,0.005511507
Warm A,418230,2526,2525,3771,2286,0,0.010256086
Warm A,407091,2445,2444,3771,2286,0,0.010962385
Warm A,419105,2529,2528,3771,2286,0,0.014212778
Warm A,377538,2203,2202,3771,2286,1,0.008614439
Warm A,367702,2146,2145,3771,2286,0,0.0128420815
Warm A,368980,2156,2155,3771,2286,0,0.0101239635
Warm A,356616,2088,2087,3771,2286,1,0.006268859
Warm A,341905,2012,2011,3771,2286,0,0.0014538551
Warm A,327294,1939,1938,3771,2286,0,0.012983845
Warm A,289597,1727,1726,3771,2286,1,0.012571826
Warm A,283043,1695,1694,3771,2286,0,0.015602065
Warm A,292651,1741,1740,3771,2286,1,0.008053131
Warm A,280184,1680,1679,3771,2286,1,0.0038000592
Warm A,345571,2026,2025,3771,2286,0,0.006287623
Warm A,343274,2016,2015,3771,2286,0,0.005598449
Warm A,254208,1545,1544,3771,2286,0,0.014257958
Warm A,244807,1473,1472,3771,2286,0,0.0027190868
Warm A,243103,1465,1464,3771,2286,0,0.005691413
Warm A,224915,1359,1358,3771,2286,0,-0.00024808187
Warm A,318235,1890,1889,3771,2286,0,0.012237762
Warm A,198014,1216,1215,3771,2286,1,0.011619819
Warm A,197692,1214,1213,3771,2286,0,0.0020469446
Warm A,177753,1119,1118,3771,2286,1,0.0053164763
Warm A,249096,1501,1500,3771,2286,0,0.00975153
Warm A,328917,1941,1940,3771,2286,0,0.010635115
Warm A,165394,1053,1052,3771,2286,0,0.013001367
Warm A,168936,1071,1070,3771,2286,1,0.012656872
Warm A,159520,1017,1016,3771,2286,1,0.006616698
Warm A,342935,2015,2014,3771,2286,1,0.0013491828
Warm A,156121,1004,1003,3771,2286,1,0.0018979593
Warm A,271193,1639,1638,3771,2286,0,-0.00011267804
Warm A,436816,2665,2664,3771,2286,0,0.018738734
Warm A,134720,869,868,3771,2286,1,0.0069175204
Warm A,315726,1880,1879,3771,2286,1,0.0144503955
Warm A,112102,729,728,3771,2286,0,0.010007039
Warm A,191648,1181,1180,3771,2286,0,0.009804342
Warm A,234463,1422,1421,3771,2286,0,0.011204504
Warm A,84654,550,549,3771,2286,0,0.008311525
Warm A,71209,477,476,3771,2286,0,0.010695379
Warm A,70989,476,475,3771,2286,1,0.00851631
Warm A,51839,340,339,3771,2286,0,0.009039041
Warm A,241578,1451,1450,3771,2286,1,0.0018620824
Warm A,36806,245,244,3771,2286,0,0.020720512
Warm A,627191,3792,3791,3771,2286,0,0.0117069315
Warm A,61912,415,414,3771,2286,1,0.0009804894
Warm A,61000,411,410,3771,2286,0,0.0058414433
Warm A,273398,1647,1646,3771,2286,0,0.010177586
Warm A,102766,678,677,3771,2286,1,0.010077896
Warm A,171072,1087,1086,3771,2286,0,0.0008520731
Warm A,633760,3824,3823,3771,2286,1,0.0065645254
Warm A,905593,5475,5474,3771,2286,1,0.01212327
Warm A,6128,44,43,3771,2286,0,0.005365478
Warm A,137051,881,880,3771,2286,0,0.00881196
Warm A,959145,5787,5786,3771,2286,0,0.017578848
Warm A,421353,2544,2543,3771,2286,1,0.021114513
Warm A,719080,4305,4304,3771,2286,1,0.010370173
Warm A,673041,4041,4040,3773,2287,0,0.0034697459
Warm A,671590,4033,4032,3773,2287,0,0.0055923304
Warm A,668849,4021,4020,3773,2287,1,0.006404738
Warm A,667024,4014,4013,3773,2287,1,0.0055593336
Warm A,738896,4414,4413,3773,2287,1,0.010733867
Warm A,664893,4001,4000,3773,2287,0,0.00018390338
Warm A,661093,3985,3984,3773,2287,0,0.006189609
Warm A,688472,4117,4116,3773,2287,0,-0.0034275008
Warm A,658973,3970,3969,3773,2287,1,0.0012653986
Warm A,658116,3965,3964,3773,2287,1,0.0021841228
Warm A,652162,3931,3930,3773,2287,0,0.0028768703
Warm A,649124,3910,3909,3773,2287,0,-0.0014309147
Warm A,646904,3892,3891,3773,2287,0,0.0019158784
Warm A,643969,3879,3878,3773,2287,1,-0.0012619111
Warm A,643911,3878,3877,3773,2287,0,-0.0010824702
Warm A,639656,3844,3843,3773,2287,1,-0.001309435
Warm A,989418,5972,5971,3773,2287,1,0.006843133
Warm A,630522,3814,3813,3773,2287,1,-0.0025259675
Warm A,627674,3798,3797,3773,2287,0,0.0040053492
Warm A,625278,3778,3777,3773,2287,0,0.0030231464
Warm A,617867,3742,3741,3773,2287,0,-0.002850057
Warm A,640752,3850,3849,3773,2287,0,-0.0017909694
Warm A,612024,3709,3708,3773,2287,0,-0.0017528762
Warm A,609441,3693,3692,3773,2287,0,-0.001204499
Warm A,636585,3834,3833,3773,2287,1,0.0110974265
Warm A,601462,3656,3655,3773,2287,0,0.0050853235
Warm A,606823,3683,3682,3773,2287,0,0.00083910604
Warm A,594633,3619,3618,3773,2287,0,0.0024659063
Warm A,597024,3626,3625,3773,2287,0,0.005429651
Warm A,585374,3574,3573,3773,2287,1,0.002249035
Warm A,584289,3565,3564,3773,2287,1,0.011056077
Warm A,583775,3562,3561,3773,2287,1,0.0038999585
Warm A,582327,3557,3556,3773,2287,0,-0.002044776
Warm A,617223,3735,3734,3773,2287,1,0.003385663
Warm A,579876,3539,3538,3773,2287,1,0.001670354
Warm A,573744,3512,3511,3773,2287,0,-0.00011972024
Warm A,569852,3494,3493,3773,2287,0,0.0034127068
Warm A,572608,3507,3506,3773,2287,0,0.010352903
Warm A,560271,3442,3441,3773,2287,0,0.007516853
Warm A,559736,3439,3438,3773,2287,0,0.002269023
Warm A,575671,3519,3518,3773,2287,0,0.0028925613
Warm A,550753,3391,3390,3773,2287,0,0.0058322065
Warm A,537613,3311,3310,3773,2287,0,0.0026213804
Warm A,534073,3296,3295,3773,2287,0,0.0016983603
Warm A,530566,3277,3276,3773,2287,0,0.00023815222
Warm A,584921,3569,3568,3773,2287,0,0.0073844227
Warm A,516726,3189,3188,3773,2287,0,0.0030532177
Warm A,515808,3182,3181,3773,2287,0,0.00357245
Warm A,505894,3111,3110,3773,2287,0,-0.0022826116
Warm A,501575,3080,3079,3773,2287,0,-0.0015301901
Warm A,494652,3032,3031,3773,2287,1,-0.00050219474
Warm A,451300,2777,2776,3773,2287,0,0.001968708
Warm A,404814,2419,2418,3773,2287,0,0.00065499614
Warm A,399638,2378,2377,3773,2287,1,0.009849956
Warm A,395307,2334,2333,3773,2287,0,0.0008109459
Warm A,394031,2321,2320,3773,2287,0,0.008299886
Warm A,356105,2085,2084,3773,2287,0,0.011670957
Warm A,352518,2063,2062,3773,2287,0,0.0109056905
Warm A,345238,2024,2023,3773,2287,0,-0.0045022676
Warm A,341906,2012,2011,3773,2287,0,-0.0017324041
Warm A,315731,1880,1879,3773,2287,0,-0.00049710326
Warm A,297821,1764,1763,3773,2287,1,-0.00218864
Warm A,274599,1658,1657,3773,2287,0,-0.000398672
Warm A,436821,2665,2664,3773,2287,1,-0.0012791802
Warm A,240845,1450,1449,3773,2287,0,-0.00452015
Warm A,224401,1356,1355,3773,2287,0,-3.821531e-05
Warm A,289600,1727,1726,3773,2287,1,0.0020734859
Warm A,296939,1759,1758,3773,2287,1,0.007241574
Warm A,207628,1268,1267,3773,2287,0,0.0057870746
Warm A,280190,1680,1679,3773,2287,0,0.004329402
Warm A,183689,1142,1141,3773,2287,0,0.001409495
Warm A,185952,1150,1149,3773,2287,0,0.007035181
Warm A,182586,1139,1138,3773,2287,0,0.0033638014
Warm A,173909,1100,1099,3773,2287,0,0.010870844
Warm A,168151,1068,1067,3773,2287,0,-0.002089133
Warm A,272455,1645,1644,3773,2287,0,0.0014182245
Warm A,143770,927,926,3773,2287,0,0.0019351654
Warm A,143210,923,922,3773,2287,1,-0.007764355
Warm A,157375,1010,1009,3773,2287,0,0.0040184446
Warm A,137053,881,880,3773,2287,0,-0.00673114
Warm A,201865,1242,1241,3773,2287,0,0.012940764
Warm A,332937,1962,1961,3773,2287,0,0.0014163515
Warm A,121641,781,780,3773,2287,0,0.0020515476
Warm A,299900,1778,1777,3773,2287,0,-0.0042931135
Warm A,107006,702,701,3773,2287,1,0.0063111377
Warm A,631929,3821,3820,3773,2287,0,0.00061520084
Warm A,191652,1181,1180,3773,2287,1,-0.0013373336
Warm A,119642,770,769,3773,2287,0,0.006201755
Warm A,70990,476,475,3773,2287,1,0.00064830156
Warm A,69587,466,465,3773,2287,1,0.0065191844
Warm A,56526,377,376,3773,2287,1,0.006977381
Warm A,54143,352,351,3773,2287,0,0.0036651467
Warm A,132788,855,854,3773,2287,0,-0.00061701145
Warm A,221754,1340,1339,3773,2287,1,-0.0009891157
Warm A,54674,355,354,3773,2287,0,-0.0027386094
Warm A,1686,15,14,3773,2287,0,0.002338476
Warm A,78756,528,527,3773,2287,0,0.0040992093
Warm A,355276,2077,2076,3773,2287,0,0.0025300109
Warm A,710040,4258,4257,3773,2287,1,0.0038263374
Warm A,954387,5761,5760,3773,2287,1,0.0068666157
Warm A,318032,1889,1888,3773,2287,1,0.0005241481
Warm A,750750,4478,4477,3773,2287,0,-0.0022918014
Warm A,263801,1605,1604,3773,2287,1,0.007825925
Warm A,475699,2918,2917,3773,2287,1,0.0069368836
Warm A,476523,2926,2925,3773,2287,1,0.0032222723
Warm A,63559,424,423,3773,2287,0,0.0034545623
Warm A,273401,1647,1646,3773,2287,1,0.0014832793
Warm A,342939,2015,2014,3773,2287,0,0.005586019
Warm A,193975,1194,1193,3773,2287,0,0.013456652
Warm A,564849,3471,3470,3773,2287,0,-0.004066659
Warm A,934086,5636,5635,3773,2287,0,2.5732443e-06
Warm A,710041,4258,4257,3774,2288,0,0.005170172
Warm A,352520,2063,2062,3774,2288,0,0.003962745
Warm A,342940,2015,2014,3774,2288,0,0.004321938
Warm A,273403,1647,1646,3774,2288,0,0.0036907592
Warm A,344358,2020,2019,3784,2290,0,0.01226238
Warm A,336553,1980,1979,3784,2290,0,0.007177949
Warm A,330609,1951,1950,3784,2290,0,0.007076866
Warm A,256997,1573,1572,3784,2290,1,0.0069132764
Warm A,253835,1543,1542,3784,2290,1,0.0021368687
Warm A,264807,1609,1608,3784,2290,0,0.0062475894
Warm A,222521,1346,1345,3784,2290,1,-0.0007635247
Warm A,296942,1759,1758,3784,2290,0,-0.00045999163
Warm A,249117,1501,1500,3784,2290,1,0.01057981
Warm A,326585,1935,1934,3784,2290,0,-0.0026069933
Warm A,227756,1380,1379,3784,2290,0,0.004333382
Warm A,164997,1051,1050,3784,2290,1,0.013388185
Warm A,148924,957,956,3784,2290,1,-0.0017103861
Warm A,141781,911,910,3784,2290,1,0.018010503
Warm A,141259,910,909,3784,2290,1,0.0050588544
Warm A,137558,888,887,3784,2290,1,0.002149338
Warm A,128099,828,827,3784,2290,1,0.0017861456
Warm A,110226,718,717,3784,2290,1,0.011260484
Warm A,101075,673,672,3784,2290,0,-0.003300966
Warm A,179910,1125,1124,3784,2290,1,0.0033042622
Warm A,89677,590,589,3784,2290,1,0.0015757023
Warm A,228680,1383,1382,3784,2290,0,-0.0023553907
Warm A,39677,268,267,3784,2290,1,0.009982156
Warm A,255706,1556,1555,3784,2290,1,0.009063714
Warm A,30739,204,203,3784,2290,0,0.009998945
Warm A,45474,306,305,3784,2290,1,0.0115372455
Warm A,314454,1877,1876,3784,2290,0,-0.010675058
Warm A,866134,5222,5221,3784,2290,0,0.004044613
Warm A,9013,61,60,3784,2290,0,0.0017346498
Warm A,408837,2454,2453,3784,2290,1,0.0029493896
Warm A,877577,5302,5301,3784,2290,1,-0.0011338406
Warm A,217477,1317,1316,3784,2290,0,0.0076574706
Warm A,158857,1015,1014,3784,2290,0,0.019334674
Warm A,49772,329,328,3784,2290,1,-0.00014946645
Warm A,40143,271,270,3784,2290,1,0.0020148417
Warm A,469606,2892,2891,3784,2290,1,0.005015216
Warm A,150877,970,969,3784,2290,0,0.018572569
Warm A,846845,5087,5086,3784,2290,0,-0.0039615273
Warm A,761298,4522,4521,3784,2290,0,0.005973924
Warm A,271203,1639,1638,3784,2290,0,0.0039768405
Warm A,154131,993,992,3784,2290,1,-0.0019898498
Warm A,881162,5322,5321,3784,2290,1,-0.0026292442
Warm A,371192,2168,2167,3784,2290,0,0.011449786
Warm A,12897,99,98,3784,2290,0,-0.009364911
Warm A,363551,2116,2115,3784,2290,1,0.015954096
Warm A,47811,319,318,3784,2290,0,0.0017731483
Warm A,365957,2129,2128,3784,2290,0,0.009700418
Warm A,79856,531,530,3784,2290,0,0.0060562147
Warm A,338782,1995,1994,3784,2290,1,0.007492803
Warm A,111153,721,720,3784,2290,0,0.003981349
Warm A,232077,1407,1406,3784,2290,0,-0.005401104
Warm A,167160,1063,1062,3784,2290,1,-0.008272248
Warm A,285614,1701,1700,3784,2290,1,0.008330803
Warm A,59283,402,401,3784,2290,0,0.0033534796
Warm A,214487,1301,1300,3784,2290,0,0.0030231434
Warm A,183428,1141,1140,3784,2290,0,-0.0011175664
Warm A,804584,4816,4815,3784,2290,1,0.010227989
Warm A,274146,1655,1654,3784,2290,0,0.0031157094
Warm A,842574,5063,5062,3784,2290,1,-0.0012068097
Warm A,567819,3483,3482,3784,2290,1,0.013913065
Warm A,106429,699,698,3784,2290,0,0.007316595
Warm A,207256,1266,1265,3784,2290,0,0.004004862
Warm A,241593,1451,1450,3784,2290,0,-0.000711247
Warm A,883571,5333,5332,3784,2290,1,0.01007208
Warm A,265389,1611,1610,3784,2290,1,0.012519671
Warm A,198528,1219,1218,3784,2290,0,0.008505605
Warm A,16196,127,126,3784,2290,1,0.0014266684
Warm A,928087,5605,5604,3784,2290,0,0.0067239627
Warm A,427400,2594,2593,3784,2290,0,0.0069137802
Warm A,690046,4126,4125,3784,2290,0,0.005034717
Warm A,145172,934,933,3784,2290,1,0.0051296684
Warm A,20998,151,150,3784,2290,0,0.0036389
Warm A,361235,2106,2105,3784,2290,0,0.0054737246
Warm A,491078,3018,3017,3784,2290,1,0.01437654
Warm A,309872,1842,1841,3784,2290,1,0.0034763745
Warm A,355289,2077,2076,3784,2290,1,-0.0008285984
Warm A,547697,3378,3377,3784,2290,0,0.0023326515
Warm A,51606,338,337,3784,2290,0,0.0056488905
Warm A,306298,1824,1823,3784,2290,1,-0.00086768705
Warm A,234482,1422,1421,3784,2290,0,0.009520918
Warm A,352541,2063,2062,3784,2290,1,0.012749942
Warm A,258068,1579,1578,3784,2290,1,0.013440875
Warm A,102788,678,677,3784,2290,1,-0.0051717907
Warm A,300676,1780,1779,3784,2290,0,0.012742046
Warm A,991841,5991,5990,3784,2290,1,0.008281191
Warm A,541570,3332,3331,3784,2290,1,0.003969027
Warm A,495406,3041,3040,3784,2290,0,0.0063984287
Warm A,599582,3648,3647,3784,2290,0,0.010746942
Warm A,557406,3423,3422,3784,2290,1,0.0067463727
Warm A,206532,1265,1264,3784,2290,0,0.00063138874
Warm A,407856,2451,2450,3784,2290,0,0.0068476005
Warm A,313071,1865,1864,3784,2290,0,0.009423586
Warm A,332050,1958,1957,3784,2290,0,0.015775794
Warm A,61026,411,410,3784,2290,0,0.0035812305
Warm A,714318,4277,4276,3784,2290,1,0.0124888355
Warm A,118790,767,766,3784,2290,1,0.0030247904
Warm A,172249,1088,1087,3784,2290,1,0.0034140432
Warm A,188026,1165,1164,3784,2290,0,0.010398086
Warm A,936776,5650,5649,3784,2290,1,0.005803623
Warm A,794268,4748,4747,3784,2290,0,0.0042675706
Warm A,493126,3029,3028,3784,2290,0,0.023345226
Warm A,941871,5682,5681,3784,2290,0,0.0037080357
Warm A,803826,4813,4812,3784,2290,1,0.0026863497
Warm A,331045,1954,1953,3784,2290,1,0.0038252631
Warm A,937449,5654,5653,3784,2290,0,0.0029284055
Warm A,264449,1608,1607,3786,2292,0,0.007556796
Warm A,258225,1583,1582,3786,2292,1,0.00088535156
Warm A,254742,1548,1547,3786,2292,1,-0.0035765143
Warm A,242291,1462,1461,3786,2292,1,0.0051888134
Warm A,240731,1449,1448,3786,2292,0,0.009675792
Warm A,232436,1411,1410,3786,2292,0,0.009389676
Warm A,232078,1407,1406,3786,2292,1,0.010394112
Warm A,231831,1404,1403,3786,2292,0,0.012286044
Warm A,583786,3562,3561,3786,2292,1,0.0139665585
Warm A,227504,1379,1378,3786,2292,0,0.0043930076
Warm A,223897,1354,1353,3786,2292,0,0.0013100051
Warm A,242203,1460,1459,3786,2292,0,0.005138254
Warm A,305243,1812,1811,3786,2292,1,0.010831533
Warm A,214193,1300,1299,3786,2292,1,0.0041488353
Warm A,204158,1255,1254,3786,2292,0,-0.0014561908
Warm A,244309,1470,1469,3786,2292,1,0.013931335
Warm A,359772,2103,2102,3786,2292,1,0.009008514
Warm A,189563,1173,1172,3786,2292,0,-0.0016334748
Warm A,251016,1515,1514,3786,2292,1,0.0065406035
Warm A,184536,1147,1146,3786,2292,0,0.023177192
Warm A,184204,1146,1145,3786,2292,0,0.004564453
Warm A,177344,1117,1116,3786,2292,1,0.01086188
Warm A,172254,1088,1087,3786,2292,1,-0.0006369604
Warm A,188355,1168,1167,3786,2292,0,0.01136938
Warm A,155552,1001,1000,3786,2292,1,-0.0031212084
Warm A,148927,957,956,3786,2292,0,0.0071616815
Warm A,146195,939,938,3786,2292,0,0.0063948957
Warm A,225370,1362,1361,3786,2292,0,0.0013631289
Warm A,363555,2116,2115,3786,2292,1,0.0033680634
Warm A,139068,889,888,3786,2292,0,0.020146437
Warm A,135216,875,874,3786,2292,1,-0.00078683323
Warm A,407857,2451,2450,3786,2292,0,0.0061664414
Warm A,129055,838,837,3786,2292,1,-0.00046583742
Warm A,131443,850,849,3786,2292,1,0.0100992555
Warm A,182318,1137,1136,3786,2292,1,0.010127179
Warm A,124105,799,798,3786,2292,0,0.0015229916
Warm A,122853,792,791,3786,2292,1,-0.00337219
Warm A,114326,743,742,3786,2292,1,0.0022637094
Warm A,112800,731,730,3786,2292,1,0.0137037365
Warm A,779166,4653,4652,3786,2292,0,0.0017077124
Warm A,101078,673,672,3786,2292,0,-0.0032086142
Warm A,96708,648,647,3786,2292,0,0.0101181045
Warm A,452191,2784,2783,3786,2292,0,0.0050016893
Warm A,90865,601,600,3786,2292,1,0.0155338505
Warm A,89678,590,589,3786,2292,0,0.0050975974
Warm A,88610,585,584,3786,2292,1,-0.00039396575
Warm A,74097,504,503,3786,2292,1,0.0002800197
Warm A,57719,390,389,3786,2292,1,0.0072417436
Warm A,55075,363,362,3786,2292,0,-0.0076055117
Warm A,784659,4682,4681,3786,2292,1,0.018080495
Warm A,46663,313,312,3786,2292,1,-0.0025391132
Warm A,37200,252,251,3786,2292,1,0.006729178
Warm A,34222,230,229,3786,2292,1,0.0012488952
Warm A,33747,225,224,3786,2292,0,0.0076301293
Warm A,31602,214,213,3786,2292,1,0.001301453
Warm A,766405,4562,4561,3786,2292,0,0.01039671
Warm A,27731,194,193,3786,2292,0,0.008060412
Warm A,947828,5722,5721,3786,2292,0,0.01959852
Warm A,397953,2362,2361,3786,2292,0,0.0026230812
Warm A,314455,1877,1876,3786,2292,0,0.009165322
Warm A,8258,57,56,3786,2292,1,-0.004277964
Warm A,7259,50,49,3786,2292,0,0.0014180914
Warm A,4261,32,31,3786,2292,1,0.006568555
Warm A,211721,1287,1286,3786,2292,1,0.0007648128
Warm A,446,5,4,3786,2292,0,-0.00025360426
Warm A,230703,1395,1394,3786,2292,1,0.016263932
Warm A,3145,23,22,3786,2292,1,0.014255257
Warm A,141783,911,910,3786,2292,1,0.016852692
Warm A,271204,1639,1638,3786,2292,0,0.00403688
Warm A,54684,355,354,3786,2292,0,0.0051912684
Warm A,575686,3519,3518,3786,2292,0,0.013203874
Warm A,575019,3518,3517,3786,2292,0,0.015994651
Warm A,202247,1243,1242,3786,2292,0,0.0017944081
Warm A,635354,3829,3828,3786,2292,0,0.00024495425
Warm A,161477,1029,1028,3786,2292,0,-0.0010033669
Warm A,501040,3079,3078,3786,2292,1,0.00784316
Warm A,761299,4522,4521,3786,2292,0,-0.00077728345
Warm A,65672,438,437,3786,2292,1,-0.0007778164
Warm A,238450,1447,1446,3786,2292,0,0.010464748
Warm A,289722,1729,1728,3786,2292,0,0.0060648434
Warm A,635722,3832,3831,3786,2292,1,0.0027840885
Warm A,750754,4478,4477,3786,2292,1,0.007104128
Warm A,734835,4387,4386,3786,2292,1,0.0092012985
Warm A,252001,1524,1523,3786,2292,0,0.005489328
Warm A,986853,5956,5955,3786,2292,0,0.012951207
Warm A,538296,3312,3311,3786,2292,1,0.015430345
Warm A,361240,2106,2105,3786,2292,0,0.018597279
Warm A,631949,3821,3820,3786,2292,0,-0.00025705073
Warm A,907909,5492,5491,3786,2292,0,0.011373825
Warm A,454805,2796,2795,3786,2292,0,0.005230153
Warm A,336557,1980,1979,3786,2292,1,0.003827354
Warm A,352545,2063,2062,3786,2292,1,0.010374048
Warm A,921174,5565,5564,3786,2292,0,0.006515975
Warm A,72477,482,481,3786,2292,0,0.012682035
Warm A,983168,5938,5937,3786,2292,1,0.0010293138
Warm A,165000,1051,1050,3786,2292,0,0.013120976
Warm A,215792,1306,1305,3786,2292,1,0.0068840953
Warm A,490471,3017,3016,3786,2292,0,8.766423e-05
Warm A,764744,4543,4542,3786,2292,0,0.007082373
Warm A,719742,4310,4309,3786,2292,1,0.0052740835
Warm A,187112,1160,1159,3786,2292,0,0.001768738
Warm A,512266,3159,3158,3786,2292,0,-0.0070206816
Warm A,501590,3080,3079,3786,2292,1,0.010961169
Warm A,199940,1227,1226,3786,2292,0,0.00950866
Warm A,145997,937,936,3786,2292,1,-0.0076683415
Warm A,206535,1265,1264,3786,2292,0,0.010273215
Warm A,157398,1010,1009,3786,2292,0,0.0031511672
Warm A,618487,3746,3745,3786,2292,0,0.013882087
Warm A,13374,104,103,3786,2292,0,0.0030606147
Warm A,231270,1399,1398,3786,2292,1,-0.0019463474
Warm A,682887,4085,4084,3786,2292,0,-0.00051832385
Warm A,523132,3224,3223,3786,2292,0,0.003610072
Warm A,554332,3410,3409,3786,2292,0,0.01522156
Warm A,235386,1425,1424,3786,2292,0,0.0076074903
Warm A,535206,3301,3300,3786,2292,0,0.008326093
Warm A,575975,3520,3519,3786,2292,0,0.0041890778
Warm A,116746,752,751,3786,2292,0,0.010997662
Warm A,877578,5302,5301,3786,2292,0,0.00063867425
Warm A,193987,1194,1193,3786,2292,0,0.0053986395
Warm A,13213,102,101,3786,2292,0,0.0062938766
Warm A,34042,229,228,3786,2292,1,-0.00052054366
Warm A,5364,36,35,3786,2292,1,0.0005958001
Warm A,382192,2232,2231,3786,2292,0,-9.6453354e-05
Warm A,825879,4958,4957,3786,2292,1,0.011074305
Warm A,934094,5636,5635,3787,2293,0,0.01898005
Warm A,256169,1561,1560,3787,2293,1,0.0029289774
Warm A,847329,5090,5089,3787,2293,1,0.006844732
Warm A,610740,3705,3704,3789,2295,1,0.0063576596
Warm A,607366,3687,3686,3789,2295,1,0.00923121
Warm A,602675,3668,3667,3789,2295,1,0.012288775
Warm A,597106,3629,3628,3789,2295,1,0.00960776
Warm A,869739,5255,5254,3789,2295,1,0.015289156
Warm A,595068,3621,3620,3789,2295,1,-0.004834189
Warm A,588926,3592,3591,3789,2295,1,0.008053078
Warm A,586881,3585,3584,3789,2295,1,0.0013531856
Warm A,585058,3572,3571,3789,2295,1,0.0038030874
Warm A,580325,3546,3545,3789,2295,1,0.0069362717
Warm A,580164,3543,3542,3789,2295,1,0.010058785
Warm A,577822,3529,3528,3789,2295,1,0.0011343402
Warm A,593192,3618,3617,3789,2295,0,0.0032438315
Warm A,558348,3430,3429,3789,2295,1,0.009615301
Warm A,552784,3402,3401,3789,2295,1,0.0030185755
Warm A,938992,5667,5666,3789,2295,1,0.013370882
Warm A,551086,3394,3393,3789,2295,1,0.00081997947
Warm A,712579,4277,4276,3789,2295,1,0.015079396
Warm A,545920,3367,3366,3789,2295,1,0.0041761408
Warm A,547741,3380,3379,3789,2295,1,0.00050028204
Warm A,541167,3329,3328,3789,2295,1,0.005802499
Warm A,539511,3319,3318,3789,2295,0,-0.0024834387
Warm A,532578,3289,3288,3789,2295,1,0.0017782372
Warm A,532849,3292,3291,3789,2295,1,0.016839776
Warm A,534536,3300,3299,3789,2295,1,0.0060074665
Warm A,526145,3253,3252,3789,2295,1,0.0053556697
Warm A,521625,3218,3217,3789,2295,1,-0.0014886215
Warm A,516130,3186,3185,3789,2295,0,-0.0027343733
Warm A,520470,3210,3209,3789,2295,1,-0.00552154
Warm A,504932,3108,3107,3789,2295,1,0.0064306483
Warm A,479431,2942,2941,3789,2295,1,0.0034872137
Warm A,466502,2878,2877,3789,2295,1,0.006236861
Warm A,455510,2805,2804,3789,2295,1,0.010765709
Warm A,599637,3650,3649,3789,2295,1,0.007202516
Warm A,446608,2753,2752,3789,2295,1,0.01404433
Warm A,441405,2704,2703,3789,2295,1,0.00014489423
Warm A,440396,2693,2692,3789,2295,1,0.00016057654
Warm A,437848,2676,2675,3789,2295,1,0.0062292065
Warm A,433426,2643,2642,3789,2295,0,0.0127993785
Warm A,432006,2634,2633,3789,2295,1,-0.002905916
Warm A,428420,2607,2606,3789,2295,0,0.0011418725
Warm A,425113,2581,2580,3789,2295,1,0.0038307062
Warm A,420656,2544,2543,3789,2295,1,0.0053694695
Warm A,417976,2526,2525,3789,2295,0,0.009937335
Warm A,401309,2393,2392,3789,2295,1,-0.0018087125
Warm A,398155,2368,2367,3789,2295,1,0.006617603
Warm A,396568,2348,2347,3789,2295,0,0.0033742061
Warm A,388775,2279,2278,3789,2295,1,0.014590145
Warm A,386266,2259,2258,3789,2295,1,0.0031909235
Warm A,381439,2231,2230,3789,2295,0,0.014850019
Warm A,378590,2211,2210,3789,2295,0,0.0039952025
Warm A,364034,2121,2120,3789,2295,1,0.00777361
Warm A,357106,2092,2091,3789,2295,0,0.015455091
Warm A,356194,2088,2087,3789,2295,1,0.0017688368
Warm A,353181,2069,2068,3789,2295,0,0.010706704
Warm A,343410,2018,2017,3789,2295,1,-0.0039414647
Warm A,318835,1896,1895,3789,2295,1,0.0031081617
Warm A,322976,1916,1915,3789,2295,1,0.014371262
Warm A,302410,1796,1795,3789,2295,1,0.010008439
Warm A,290688,1734,1733,3789,2295,1,0.008730612
Warm A,281939,1692,1691,3789,2295,1,0.013868736
Warm A,266866,1619,1618,3789,2295,1,6.774394e-05
Warm A,237370,1446,1445,3789,2295,1,0.004616162
Warm A,236643,1437,1436,3789,2295,1,0.011681199
Warm A,631225,3821,3820,3789,2295,0,0.018201552
Warm A,242516,1465,1464,3789,2295,1,0.018483864
Warm A,211722,1288,1287,3789,2295,0,0.012831336
Warm A,307850,1836,1835,3789,2295,1,0.0042555397
Warm A,199161,1224,1223,3789,2295,1,0.017733473
Warm A,184205,1147,1146,3789,2295,0,-0.011071531
Warm A,180945,1131,1130,3789,2295,1,0.003152545
Warm A,169161,1074,1073,3789,2295,0,0.0035822773
Warm A,146721,948,947,3789,2295,1,0.009661373
Warm A,184686,1150,1149,3789,2295,1,0.003741589
Warm A,137357,886,885,3789,2295,0,0.0043797614
Warm A,137560,889,888,3789,2295,0,0.005247504
Warm A,127887,825,824,3789,2295,0,0.0017629409
Warm A,94503,635,634,3789,2295,1,0.009734187
Warm A,152726,984,983,3789,2295,1,0.0115832
Warm A,339001,1998,1997,3789,2295,0,0.0031908555
Warm A,48718,327,326,3789,2295,1,0.011859041
Warm A,66924,451,450,3789,2295,1,-0.0024120132
Warm A,48339,326,325,3789,2295,0,0.008430306
Warm A,45476,307,306,3789,2295,1,0.009262627
Warm A,35160,238,237,3789,2295,1,0.004804902
Warm A,269568,1635,1634,3789,2295,1,0.0054747686
Warm A,947462,5722,5721,3789,2295,1,-0.002443022
Warm A,9015,62,61,3789,2295,1,0.003543124
Warm A,316473,1884,1883,3789,2295,1,0.008433333
Warm A,24081,173,172,3789,2295,0,0.0031268026
Warm A,47098,319,318,3789,2295,1,0.0033777524
Warm A,485915,2991,2990,3789,2295,0,0.0035534715
Warm A,254561,1547,1546,3789,2295,1,0.0027308343
Warm A,657312,3963,3962,3789,2295,1,0.014005022
Warm A,993776,6002,6001,3789,2295,1,0.0065891454
Warm A,321924,1912,1911,3789,2295,0,0.009273523
Warm A,217821,1322,1321,3792,2297,1,0.009866189
Warm A,197647,1214,1213,3792,2297,1,-0.0030515483
Warm A,159671,1019,1018,3792,2297,0,0.013556589
Warm A,162105,1034,1033,3792,2297,1,0.000860394
Warm A,134936,873,872,3792,2297,1,-0.00022496353
Warm A,190186,1181,1180,3792,2297,0,0.0074541746
Warm A,68471,461,460,3792,2297,0,0.008718925
Warm A,15281,123,122,3792,2297,0,0.0131332185
Warm A,591614,3610,3609,3792,2297,0,0.0035978272
Warm A,101804,678,677,3792,2297,0,0.009250976
Warm A,499027,3067,3066,3792,2297,1,0.0012515417
Warm A,840938,5054,5053,3792,2297,0,0.0018270852
Warm A,805576,4823,4822,3794,2299,1,0.012029635
Warm A,648636,3908,3907,3794,2299,0,0.007061818
Warm A,634539,3829,3828,3794,2299,1,0.017473977
Warm A,531879,3285,3284,3794,2299,0,0.007111428
Warm A,181760,1137,1136,3794,2299,0,0.006964451
Warm A,743077,4445,4444,3794,2299,0,0.0047735446
Warm A,343897,2020,2019,3794,2299,0,0.010244814
Warm A,129065,839,838,3794,2299,0,0.012517624
Warm A,631233,3821,3820,3794,2299,0,0.012553565
Warm A,761112,4522,4521,3794,2299,1,0.013962776
Warm A,843741,5074,5073,3794,2299,1,0.002145234
Warm A,258233,1584,1583,3794,2299,0,-0.00089742243
Warm A,203624,1252,1251,3794,2299,1,0.0145352315
Warm A,289667,1729,1728,3794,2299,0,0.00046577322
Warm A,127172,822,821,3794,2299,1,0.0034040392
Warm A,19723,149,148,3794,2299,0,0.012258482
Warm A,867206,5233,5232,3794,2299,0,-1.8222956e-05
Warm A,370836,2168,2167,3794,2299,1,0.008531516
Warm A,898424,5433,5432,3794,2299,1,0.010069221
Warm A,261088,1597,1596,3794,2299,1,0.0024325298
Warm A,895623,5413,5412,3794,2299,1,0.006936645
Warm A,143991,929,928,3794,2299,0,0.002711678
Warm A,132805,856,855,3794,2299,1,0.00015234225
Warm A,383934,2244,2243,3794,2299,0,0.008998895
Warm A,360354,2106,2105,3794,2299,0,0.0076696314
Warm A,795925,4771,4770,3794,2299,0,0.0043984964
Warm A,807539,4834,4833,3794,2299,0,0.012511283
Warm A,712587,4277,4276,3794,2299,1,0.014863817
Warm A,10587,76,75,3794,2299,0,-0.0020551798
Warm A,574526,3518,3517,3794,2299,0,0.01367818
Warm A,575028,3519,3518,3794,2299,0,0.01013422
Warm A,799165,4790,4789,3794,2299,0,0.012818104
Warm A,756836,4508,4507,3794,2299,1,0.0086127315
Warm A,553612,3410,3409,3794,2299,1,0.0071006566
Warm A,335313,1980,1979,3794,2299,1,0.01245068
Warm A,881976,5329,5328,3794,2299,1,0.013156533
Warm A,60403,411,410,3794,2299,1,0.008307796
Warm A,289858,1733,1732,3794,2299,0,0.014002771
Warm A,330897,1954,1953,3794,2299,1,0.007841301
Warm A,512032,3159,3158,3794,2299,0,0.012844387
Warm A,891345,5387,5386,3794,2299,1,0.0004874994
Warm A,892729,5394,5393,3794,2299,0,0.011577036
Warm A,206200,1265,1264,3794,2299,1,0.003202382
Warm A,475330,2918,2917,3794,2299,1,0.00065649603
Warm A,965829,5825,5824,3794,2299,0,0.00698053
Warm A,763700,4543,4542,3794,2299,1,0.005207795
Warm A,215340,1306,1305,3794,2299,1,0.010121216
Warm A,312743,1865,1864,3794,2299,0,0.014953899
Warm A,777566,4647,4646,3794,2299,1,0.008839071
Warm A,159674,1019,1018,3794,2299,0,0.0144513715
Warm A,234622,1425,1424,3794,2299,1,0.006634157
Warm A,101809,678,677,3794,2299,0,0.013463504
Warm A,846912,5090,5089,3794,2299,0,0.0038378453
Warm A,259217,1587,1586,3794,2299,0,0.0070247343
Warm A,534901,3301,3300,3794,2299,1,0.0029037425
Warm A,480387,2947,2946,3794,2299,0,0.0058684302
Warm A,346528,2031,2030,3794,2299,1,0.0064100428
Warm A,348817,2047,2046,3794,2299,0,0.005879528
Warm A,549588,3391,3390,3794,2299,0,0.008039604
Warm A,321938,1912,1911,3794,2299,0,0.0057189013
Warm A,58635,398,397,3794,2299,1,0.014198205
Warm A,907913,5493,5492,3795,2300,0,0.01439666
Warm A,262867,1605,1604,3795,2300,0,0.011889258
Warm A,93128,624,623,3795,2300,0,0.0139945615
Warm A,283735,1698,1697,3795,2300,1,0.0049655004
Warm A,892730,5394,5393,3795,2300,1,0.0052336333
Warm A,115734,752,751,3795,2300,1,0.010531712
Warm A,128742,836,835,3799,2302,0,-0.002775549
Warm A,125709,809,808,3799,2302,0,0.0047008386
Warm A,124112,800,799,3799,2302,1,0.023451747
Warm A,115110,748,747,3799,2302,0,0.005594088
Warm A,102914,681,680,3799,2302,1,-0.000566607
Warm A,383538,2242,2241,3799,2302,0,0.013123353
Warm A,99262,662,661,3799,2302,0,0.011125079
Warm A,332424,1962,1961,3799,2302,0,0.0091767
Warm A,87148,570,569,3799,2302,0,0.0018866985
Warm A,85976,563,562,3799,2302,0,0.014195817
Warm A,82161,546,545,3799,2302,0,0.0027827332
Warm A,76491,519,518,3799,2302,0,-0.0024330076
Warm A,86400,566,565,3799,2302,0,0.010626768
Warm A,66820,449,448,3799,2302,0,1.9603758e-05
Warm A,87024,569,568,3799,2302,0,0.005454464
Warm A,55448,368,367,3799,2302,0,0.0044467854
Warm A,50946,336,335,3799,2302,0,0.0106843645
Warm A,35999,244,243,3799,2302,0,0.0072276536
Warm A,30308,204,203,3799,2302,0,0.019504245
Warm A,24646,174,173,3799,2302,0,0.0075413017
Warm A,13956,113,112,3799,2302,0,0.0093456
Warm A,8202,57,56,3799,2302,0,0.0057416717
Warm A,281,5,4,3799,2302,0,0.009405092
Warm A,357124,2092,2091,3799,2302,0,0.0025300072
Warm A,47119,319,318,3799,2302,0,0.009814857
Warm A,101814,678,677,3799,2302,0,0.010169713
Warm A,206550,1266,1265,3799,2302,0,0.011602441
Warm A,250275,1509,1508,3799,2302,1,0.0006882427
Warm A,551961,3401,3400,3799,2302,0,0.013047245
Warm A,95269,639,638,3799,2302,0,0.01699097
Warm A,341068,2011,2010,3799,2302,0,0.011537343
Warm A,122444,791,790,3799,2302,0,0.010132084
Warm A,393200,2310,2309,3799,2302,0,0.016725158
Warm A,484264,2980,2979,3799,2302,0,0.0021636821
Warm A,907533,5492,5491,3799,2302,0,0.012308214
Warm A,264847,1611,1610,3799,2302,0,0.0045256224
Warm A,418338,2529,2528,3799,2302,0,0.015279184
Warm A,716984,4294,4293,3799,2302,0,0.015976658
Warm A,342073,2015,2014,3799,2302,0,0.015553967
Warm A,96536,648,647,3799,2302,0,0.006807467
Warm A,638036,3841,3840,3801,2303,0,0.012730369
Warm A,619485,3754,3753,3801,2303,1,0.010417516
Warm A,770956,4593,4592,3801,2303,1,0.0083198175
Warm A,613898,3718,3717,3801,2303,1,0.0043723714
Warm A,606471,3683,3682,3801,2303,1,-0.0024147104
Warm A,659408,3973,3972,3801,2303,1,0.0062730834
Warm A,601594,3658,3657,3801,2303,1,0.009337011
Warm A,595204,3621,3620,3801,2303,1,0.009423927
Warm A,585643,3576,3575,3801,2303,0,0.01629486
Warm A,585259,3574,3573,3801,2303,1,-0.00077623385
Warm A,569151,3491,3490,3801,2303,1,0.0014957604
Warm A,712960,4277,4276,3801,2303,1,0.009968617
Warm A,566169,3476,3475,3801,2303,1,0.0034813592
Warm A,565157,3474,3473,3801,2303,1,-0.002057428
Warm A,931412,5626,5625,3801,2303,1,0.0053324047
Warm A,559241,3435,3434,3801,2303,1,0.0024045506
Warm A,681950,4084,4083,3801,2303,1,0.005961743
Warm A,548373,3384,3383,3801,2303,1,0.0030221567
Warm A,548290,3383,3382,3801,2303,1,0.009148363
Warm A,547099,3372,3371,3801,2303,1,0.00078285387
Warm A,546770,3371,3370,3801,2303,0,0.010013636
Warm A,546057,3367,3366,3801,2303,1,0.0033170274
Warm A,916655,5539,5538,3801,2303,1,0.010295075
Warm A,539548,3319,3318,3801,2303,1,0.00824925
Warm A,534657,3300,3299,3801,2303,1,0.015546892
Warm A,533241,3292,3291,3801,2303,1,0.015157254
Warm A,532607,3289,3288,3801,2303,1,-0.00635258
Warm A,524940,3241,3240,3801,2303,1,-0.0006440212
Warm A,523850,3229,3228,3801,2303,0,0.0011192353
Warm A,521643,3218,3217,3801,2303,1,0.0046756864
Warm A,521062,3216,3215,3801,2303,1,0.009800062
Warm A,520925,3215,3214,3801,2303,1,-0.006054601
Warm A,561207,3453,3452,3801,2303,0,0.006032263
Warm A,520890,3214,3213,3801,2303,1,0.0040329928
Warm A,518705,3201,3200,3801,2303,1,0.005035706
Warm A,785452,4691,4690,3801,2303,1,-0.0005790554
Warm A,509475,3138,3137,3801,2303,0,0.001488995
Warm A,504614,3103,3102,3801,2303,1,0.0033554798
Warm A,893599,5395,5394,3801,2303,1,0.0051207137
Warm A,504030,3098,3097,3801,2303,1,0.007477195
Warm A,768685,4579,4578,3801,2303,1,-0.0010614636
Warm A,502384,3083,3082,3801,2303,1,0.0033966957
Warm A,797580,4784,4783,3801,2303,1,0.017763877
Warm A,487687,3000,2999,3801,2303,0,0.010193028
Warm A,484515,2984,2983,3801,2303,1,0.002515673
Warm A,481493,2961,2960,3801,2303,1,-0.0045279106
Warm A,473519,2909,2908,3801,2303,1,0.014661111
Warm A,466768,2878,2877,3801,2303,1,0.0015750632
Warm A,459762,2834,2833,3801,2303,1,-0.0050746994
Warm A,457848,2820,2819,3801,2303,1,0.009268622
Warm A,452467,2786,2785,3801,2303,1,0.006452308
Warm A,448414,2764,2763,3801,2303,1,0.012607375
Warm A,446816,2753,2752,3801,2303,1,0.0036164331
Warm A,438981,2682,2681,3801,2303,1,0.011837281
Warm A,438293,2679,2678,3801,2303,1,-0.0016327975
Warm A,431009,2627,2626,3801,2303,0,0.014435274
Warm A,427228,2593,2592,3801,2303,1,0.015802573
Warm A,426906,2592,2591,3801,2303,1,-0.0019427664
Warm A,425282,2581,2580,3801,2303,1,-0.00087177614
Warm A,424951,2578,2577,3801,2303,0,0.0002717278
Warm A,422133,2555,2554,3801,2303,1,0.012054797
Warm A,417359,2514,2513,3801,2303,1,0.0075903726
Warm A,415049,2498,2497,3801,2303,1,0.0030519906
Warm A,412526,2483,2482,3801,2303,1,0.0029719141
Warm A,412787,2484,2483,3801,2303,0,0.013967475
Warm A,411861,2476,2475,3801,2303,1,0.009642326
Warm A,403450,2410,2409,3801,2303,1,0.005322269
Warm A,707782,4241,4240,3801,2303,1,0.012425083
Warm A,397781,2359,2358,3801,2303,1,0.009848444
Warm A,393724,2318,2317,3801,2303,1,-0.003222099
Warm A,390678,2293,2292,3801,2303,1,0.013715072
Warm A,381616,2231,2230,3801,2303,0,0.0117024705
Warm A,374015,2181,2180,3801,2303,1,0.01850102
Warm A,364135,2121,2120,3801,2303,1,0.0056595756
Warm A,352937,2067,2066,3801,2303,1,0.008466336
Warm A,347342,2038,2037,3801,2303,1,0.012605544
Warm A,343606,2018,2017,3801,2303,1,0.011220844
Warm A,339665,2002,2001,3801,2303,1,0.01203615
Warm A,323140,1916,1915,3801,2303,1,0.011756468
Warm A,293396,1747,1746,3801,2303,0,0.005424631
Warm A,293709,1748,1747,3801,2303,1,0.0034027505
Warm A,282265,1693,1692,3801,2303,1,0.012040426
Warm A,282016,1692,1691,3801,2303,1,0.0035634667
Warm A,292267,1741,1740,3801,2303,1,0.006920602
Warm A,268949,1632,1631,3801,2303,0,0.015963484
Warm A,345458,2026,2025,3801,2303,1,0.004356051
Warm A,256742,1570,1569,3801,2303,0,0.0021853633
Warm A,346159,2030,2029,3801,2303,1,0.009471336
Warm A,316753,1884,1883,3801,2303,1,0.015096179
Warm A,242751,1465,1464,3801,2303,1,0.01548104
Warm A,228912,1387,1386,3801,2303,1,0.008577732
Warm A,227446,1378,1377,3801,2303,1,0.015403312
Warm A,276178,1671,1670,3801,2303,1,0.010670844
Warm A,216591,1315,1314,3801,2303,1,0.0070814593
Warm A,217982,1322,1321,3801,2303,0,0.0013237768
Warm A,208274,1273,1272,3801,2303,1,0.011656161
Warm A,219814,1333,1332,3801,2303,1,0.009015987
Warm A,189885,1178,1177,3801,2303,1,0.011636553
Warm A,338085,1988,1987,3801,2303,1,0.0040717106
Warm A,188574,1170,1169,3801,2303,1,0.008781306
Warm A,180244,1128,1127,3801,2303,1,0.00083572
Warm A,165200,1053,1052,3801,2303,1,0.002840113
Warm A,219482,1331,1330,3801,2303,1,0.007914446
Warm A,190794,1181,1180,3801,2303,0,0.019767884
Warm A,160971,1023,1022,3801,2303,1,0.006548445
Warm A,146920,948,947,3801,2303,1,0.0069408417
Warm A,144515,931,930,3801,2303,1,0.00787512
Warm A,143856,928,927,3801,2303,1,0.014332874
Warm A,185177,1150,1149,3801,2303,0,0.0023871704
Warm A,141475,911,910,3801,2303,1,0.01717256
Warm A,138157,889,888,3801,2303,1,0.016977273
Warm A,128159,829,828,3801,2303,1,0.0067893025
Warm A,350474,2057,2056,3801,2303,1,0.0075047226
Warm A,89225,588,587,3801,2303,1,0.013643663
Warm A,83031,549,548,3801,2303,1,0.015284781
Warm A,113730,737,736,3801,2303,1,0.011212234
Warm A,319287,1897,1896,3801,2303,1,0.011442026
Warm A,67013,451,450,3801,2303,1,0.002171546
Warm A,46907,314,313,3801,2303,1,-0.005221311
Warm A,45613,307,306,3801,2303,1,0.019815892
Warm A,35362,238,237,3801,2303,1,0.008045229
Warm A,40778,273,272,3801,2303,1,0.0064073056
Warm A,48199,323,322,3801,2303,1,0.0016407012
Warm A,27621,193,192,3801,2303,1,0.0015362528
Warm A,18279,141,140,3801,2303,1,0.0068771485
Warm A,966720,5831,5830,3801,2303,1,0.018925289
Warm A,357394,2092,2091,3801,2303,1,0.014941843
Warm A,24498,173,172,3801,2303,1,0.011612039
Warm A,420938,2544,2543,3801,2303,0,0.0082621025
Warm A,384685,2247,2246,3801,2303,1,0.006819727
Warm A,892921,5394,5393,3801,2303,1,0.0069993706
Warm A,347983,2041,2040,3801,2303,0,0.0059857694
Warm A,50681,333,332,3801,2303,0,0.012185639
Warm A,171547,1088,1087,3801,2303,1,0.017733332
Warm A,322287,1912,1911,3801,2303,0,0.0072496054
Warm A,805668,4823,4822,3801,2303,1,0.013059219
Warm A,25931,183,182,3801,2303,1,0.0021770187
Warm A,295625,1755,1754,3801,2303,1,0.012769511
Warm A,748234,4467,4466,3801,2303,1,0.0024859584
Warm A,432648,2638,2637,3807,2305,0,0.006983866
Warm A,423716,2567,2566,3807,2305,0,0.010256448
Warm A,406938,2445,2444,3807,2305,0,0.0069216886
Warm A,377209,2203,2202,3807,2305,1,0.011342058
Warm A,369877,2164,2163,3807,2305,0,0.0048036734
Warm A,356354,2088,2087,3807,2305,1,0.0042426763
Warm A,341541,2012,2011,3807,2305,0,0.0057388106
Warm A,327165,1939,1938,3807,2305,0,0.0027388628
Warm A,326973,1938,1937,3807,2305,0,0.002856851
Warm A,292269,1741,1740,3807,2305,1,0.0038736966
Warm A,279073,1680,1679,3807,2305,1,0.006831467
Warm A,250188,1507,1506,3807,2305,0,-0.00032695814
Warm A,244664,1473,1472,3807,2305,0,0.0024447502
Warm A,241147,1451,1450,3807,2305,1,0.0077117705
Warm A,244419,1472,1471,3807,2305,1,-5.99958e-05
Warm A,214793,1303,1302,3807,2305,1,0.005285777
Warm A,197661,1214,1213,3807,2305,0,0.0054530725
Warm A,177526,1119,1118,3807,2305,1,0.00781643
Warm A,196458,1207,1206,3807,2305,1,0.008479314
Warm A,248780,1501,1500,3807,2305,0,0.0030160137
Warm A,168858,1071,1070,3807,2305,1,0.009936275
Warm A,162252,1034,1033,3807,2305,0,0.011336815
Warm A,342394,2015,2014,3807,2305,0,0.012244621
Warm A,155833,1004,1003,3807,2305,1,0.010397583
Warm A,131115,850,849,3807,2305,0,0.003770893
Warm A,315153,1880,1879,3807,2305,0,0.0056757014
Warm A,122914,793,792,3807,2305,0,0.00411616
Warm A,86946,567,566,3807,2305,1,0.0003147098
Warm A,85800,560,559,3807,2305,1,0.004245395
Warm A,84083,550,549,3807,2305,0,0.006802031
Warm A,71082,477,476,3807,2305,0,0.0031688933
Warm A,56795,381,380,3807,2305,0,0.006177658
Warm A,43687,300,299,3807,2305,1,0.0010134676
Warm A,36681,245,244,3807,2305,0,0.0061179576
Warm A,626707,3792,3791,3807,2305,0,0.005227363
Warm A,61865,415,414,3807,2305,1,0.0049904515
Warm A,5851,42,41,3807,2305,1,0.014284991
Warm A,60897,411,410,3807,2305,0,0.013245234
Warm A,102167,678,677,3807,2305,1,0.00343367
Warm A,327979,1941,1940,3807,2305,0,0.007572239
Warm A,633152,3824,3823,3807,2305,1,0.0114608165
Warm A,768686,4579,4578,3807,2305,0,-0.0006523391
Warm A,958802,5787,5786,3807,2305,1,0.0005454617
Warm A,62841,424,423,3807,2305,0,0.012716811
Warm A,300306,1780,1779,3807,2305,0,0.0064185904
Warm A,718526,4305,4304,3807,2305,1,0.0063197613
Warm A,243894,1470,1469,3810,2307,0,0.003311792
Warm A,279098,1680,1679,3810,2307,1,-0.0010132042
Warm A,196468,1207,1206,3810,2307,0,-0.001476719
Warm A,185193,1150,1149,3810,2307,0,0.0029988256
Warm A,307383,1835,1834,3810,2307,1,0.0012482982
Warm A,168400,1069,1068,3810,2307,0,0.0056309747
Warm A,162467,1035,1034,3810,2307,1,0.00036643213
Warm A,136520,881,880,3810,2307,0,0.0028428836
Warm A,135585,877,876,3810,2307,0,0.012551682
Warm A,98767,660,659,3810,2307,0,0.004555934
Warm A,97342,652,651,3810,2307,0,0.009121187
Warm A,83045,549,548,3810,2307,0,-0.0017238613
Warm A,68681,461,460,3810,2307,0,-0.0064486004
Warm A,74783,509,508,3810,2307,0,0.0034424476
Warm A,239985,1449,1448,3810,2307,0,0.0017104242
Warm A,47700,319,318,3810,2307,0,0.0022113114
Warm A,27349,192,191,3810,2307,0,0.00030120125
Warm A,481766,2962,2961,3810,2307,0,0.0015279913
Warm A,354861,2077,2076,3810,2307,1,0.003785855
Warm A,150553,970,969,3810,2307,0,0.008748772
Warm A,178620,1121,1120,3810,2307,1,-0.00072635734
Warm A,271760,1643,1642,3810,2307,0,0.0018526687
Warm A,193598,1194,1193,3810,2307,0,-0.00821344
Warm A,260060,1591,1590,3813,2310,1,0.023184951
Warm A,220331,1335,1334,3813,2310,0,0.00282411
Warm A,180252,1128,1127,3813,2310,0,0.010254109
Warm A,177532,1119,1118,3813,2310,1,0.004007538
Warm A,149229,960,959,3813,2310,0,0.015402624
Warm A,199399,1224,1223,3813,2310,1,0.0160663
Warm A,131120,850,849,3813,2310,1,0.0075137177
Warm A,160024,1019,1018,3813,2310,0,0.014062985
Warm A,239988,1449,1448,3813,2310,0,0.013184576
Warm A,190816,1181,1180,3813,2310,0,0.004516012
Warm A,84094,550,549,3813,2310,0,0.011713782
Warm A,34175,230,229,3813,2310,1,0.0075079054
Warm A,17630,136,135,3813,2310,1,0.0022384003
Warm A,202006,1243,1242,3813,2310,0,0.0053960383
Warm A,158098,1015,1014,3813,2310,0,0.011026152
Warm A,89230,588,587,3813,2310,0,0.014499046
Warm A,860075,5172,5171,3813,2310,0,0.00422874
Warm A,50688,333,332,3813,2310,0,0.007067101
Warm A,47703,319,318,3813,2310,0,0.0053176554
Warm A,639053,3842,3841,3813,2310,0,0.009245364
Warm A,420947,2544,2543,3813,2310,0,0.01133696
Warm A,739386,4418,4417,3813,2310,0,0.0081137605
Warm A,322300,1912,1911,3813,2310,0,0.008881632
Warm A,810302,4861,4860,3822,2314,1,0.004058692
Warm A,520528,3210,3209,3822,2314,1,0.0019958755
Warm A,146416,943,942,3822,2314,0,0.004283295
Warm A,93271,624,623,3822,2314,0,0.005974062
Warm A,892931,5394,5393,3822,2314,1,0.020627752
Warm A,187612,1164,1163,3822,2314,1,0.0128901545
Warm A,232535,1413,1412,3822,2314,1,0.011004376
Warm A,28445,195,194,3822,2314,1,0.014854922
Warm A,882933,5333,5332,3822,2314,1,0.011076546
Warm A,114232,743,742,3822,2314,0,0.004340909
Warm A,212053,1291,1290,3823,2315,1,0.012287889
Warm A,501262,3080,3079,3823,2315,0,0.017930353
Warm A,223047,1352,1351,3823,2315,1,0.006805445
Warm A,116144,752,751,3823,2315,0,0.013017174
Warm A,237859,1447,1446,3823,2315,1,0.017238796
Warm A,319306,1897,1896,3823,2315,0,0.016788762
Warm A,91199,604,603,3824,2316,0,-0.003995315
Warm A,99555,664,663,3824,2316,0,0.0047527547
Warm A,317672,1889,1888,3824,2316,0,0.0050222953
Warm A,47733,319,318,3824,2316,0,-0.0073927073
Warm A,32763,222,221,3824,2316,0,0.009414726
Warm A,17044,133,132,3824,2316,1,-0.0016757839
Warm A,314356,1877,1876,3824,2316,0,-0.01136558
Warm A,877410,5302,5301,3824,2316,0,0.0023448695
Warm A,594799,3620,3619,3824,2316,0,0.0150141325
Warm A,388343,2272,2271,3824,2316,0,0.00445755
Warm A,59532,403,402,3824,2316,0,0.0069227344
Warm A,155323,1001,1000,3824,2316,0,0.0055299522
Warm A,181973,1137,1136,3824,2316,0,0.0011690513
Warm A,190836,1181,1180,3824,2316,0,-0.0028720123
Warm A,399829,2380,2379,3824,2316,0,0.0026727044
Warm A,150561,970,969,3824,2316,0,0.004950567
Warm A,930380,5621,5620,3824,2316,0,0.005534384
Warm A,76350,518,517,3824,2316,0,0.008528916
Warm A,626728,3792,3791,3824,2316,0,0.0013761177
Warm A,559899,3441,3440,3824,2316,0,0.002538307
Warm A,238870,1448,1447,3824,2316,0,0.009742141
Warm A,408185,2453,2452,3824,2316,0,0.008547412
Warm A,530977,3280,3279,3824,2316,0,0.0021641254
Warm A,407243,2446,2445,3824,2316,0,-0.002326479
Warm A,222580,1347,1346,3824,2316,0,0.004794635
Warm A,285282,1701,1700,3824,2316,0,0.004365831
Warm A,351755,2063,2062,3824,2316,1,0.009545937
Warm A,79356,531,530,3824,2316,0,0.011528034
Warm A,110779,721,720,3824,2316,0,0.005109218
Warm A,384093,2244,2243,3824,2316,0,9.948027e-05
Warm A,59247,402,401,3824,2316,0,0.00797278
Warm A,502881,3087,3086,3824,2316,0,0.008084508
Warm A,503403,3093,3092,3824,2316,0,0.001221522
Warm A,682390,4085,4084,3824,2316,0,0.002800183
Warm A,12153,92,91,3824,2316,0,0.003821952
Warm A,794981,4757,4756,3824,2316,0,0.00086643046
Warm A,206822,1266,1265,3824,2316,0,0.0017406757
Warm A,631533,3821,3820,3824,2316,0,0.004627354
Warm A,930096,5620,5619,3824,2316,0,0.0021944
Warm A,503811,3096,3095,3824,2316,1,0.006221285
Warm A,405323,2427,2426,3824,2316,0,0.0009967467
Warm A,144887,934,933,3824,2316,0,-0.0022989698
Warm A,894910,5405,5404,3824,2316,0,-0.005244621
Warm A,476338,2926,2925,3824,2316,0,0.0077009667
Warm A,474469,2911,2910,3824,2316,1,0.0035391478
Warm A,286681,1712,1711,3824,2316,0,0.00033349928
Warm A,129933,840,839,3824,2316,0,0.008323641
Warm A,459604,2832,2831,3824,2316,0,0.0019335051
Warm A,255902,1560,1559,3824,2316,0,-0.001970456
Warm A,312864,1865,1864,3824,2316,0,0.0035449485
Warm A,699653,4186,4185,3824,2316,0,0.005625872
Warm A,522499,3224,3223,3824,2316,0,0.0010152253
Warm A,461493,2847,2846,3824,2316,0,0.0056754695
Warm A,96599,648,647,3824,2316,0,-0.0028995401
Warm A,807595,4834,4833,3824,2316,0,0.00013378495
Warm A,302114,1794,1793,3824,2316,0,0.0060703177
Warm A,83060,549,548,3824,2316,0,0.002490608
Warm A,253885,1544,1543,3831,2320,0,0.012401909
Warm A,231639,1404,1403,3831,2320,1,0.011967596
Warm A,296443,1758,1757,3831,2320,1,0.015809879
Warm A,212305,1293,1292,3831,2320,1,0.005375241
Warm A,195409,1203,1202,3831,2320,1,0.010705289
Warm A,202016,1243,1242,3831,2320,0,0.01868116
Warm A,201139,1241,1240,3831,2320,1,0.013013203
Warm A,206835,1266,1265,3831,2320,0,0.01781289
Warm A,186760,1156,1155,3831,2320,1,0.002590539
Warm A,185229,1150,1149,3831,2320,0,0.010586346
Warm A,162590,1037,1036,3831,2320,1,-0.0001664391
Warm A,158927,1016,1015,3831,2320,1,0.016987571
Warm A,156363,1009,1008,3831,2320,1,0.0035817558
Warm A,155328,1001,1000,3831,2320,1,0.01368895
Warm A,148733,957,956,3831,2320,0,0.012381933
Warm A,154599,998,997,3831,2320,1,0.00019388425
Warm A,142956,922,921,3831,2320,0,0.013721525
Warm A,139600,893,892,3831,2320,0,0.0059338207
Warm A,138217,889,888,3831,2320,0,0.010759342
Warm A,128534,832,831,3831,2320,0,0.005807125
Warm A,248383,1499,1498,3831,2320,1,0.006071066
Warm A,108964,713,712,3831,2320,0,0.008316906
Warm A,100828,673,672,3831,2320,1,0.006673222
Warm A,123106,795,794,3831,2320,1,0.011506131
Warm A,69484,466,465,3831,2320,0,0.0110370945
Warm A,55970,371,370,3831,2320,0,0.0030122935
Warm A,49847,330,329,3831,2320,1,0.0060355333
Warm A,37494,255,254,3831,2320,1,0.012625033
Warm A,481790,2962,2961,3831,2320,1,0.015336033
Warm A,32663,220,219,3831,2320,0,0.0059599984
Warm A,25027,175,174,3831,2320,0,0.0150907645
Warm A,314359,1877,1876,3831,2320,0,-0.00957679
Warm A,290164,1733,1732,3831,2320,0,0.020148167
Warm A,783458,4680,4679,3831,2320,0,0.016372625
Warm A,399837,2380,2379,3831,2320,1,0.011086134
Warm A,4984,35,34,3831,2320,0,0.005561071
Warm A,338107,1988,1987,3831,2320,1,0.008954828
Warm A,797977,4785,4784,3831,2320,1,0.011412614
Warm A,211666,1287,1286,3831,2320,1,0.012193659
Warm A,119928,774,773,3831,2320,0,0.011519009
Warm A,936972,5653,5652,3831,2320,1,0.011108948
Warm A,874378,5279,5278,3831,2320,0,0.0066340244
Warm A,881090,5322,5321,3831,2320,1,0.0056697163
Warm A,50389,331,330,3831,2320,0,0.013016006
Warm A,807600,4834,4833,3831,2320,0,0.012684276
Warm A,156817,1010,1009,3831,2320,0,0.014177056
Warm A,285289,1701,1700,3831,2320,1,0.021362744
Warm A,140243,899,898,3831,2320,1,0.00846945
Warm A,114235,743,742,3831,2320,0,0.0137385605
Warm A,471959,2904,2903,3831,2320,1,0.007971623
Warm A,39412,267,266,3831,2320,1,0.006587201
Warm A,286690,1712,1711,3831,2320,0,0.009026434
Warm A,571582,3505,3504,3831,2320,1,0.0025221724
Warm A,804291,4816,4815,3831,2320,1,0.009856301
Warm A,330710,1952,1951,3831,2320,1,0.0007686758
Warm A,56392,376,375,3831,2320,0,0.0085055465
Warm A,181981,1137,1136,3831,2320,0,0.01619852
Warm A,902782,5458,5457,3831,2320,1,0.0039402964
Warm A,784068,4682,4681,3831,2320,1,0.010398233
Warm A,258407,1584,1583,3831,2320,0,0.010413496
Warm A,777770,4647,4646,3831,2320,1,0.008985984
Warm A,964021,5812,5811,3831,2320,1,0.009587979
Warm A,165991,1058,1057,3831,2320,1,0.018372564
Warm A,407249,2446,2445,3831,2320,0,0.011887774
Warm A,483228,2969,2968,3831,2320,1,0.016189778
Warm A,222583,1347,1346,3831,2320,1,0.009384474
Warm A,966749,5831,5830,3831,2320,1,0.01880379
Warm A,90249,595,594,3831,2320,1,0.01712602
Warm A,47756,319,318,3831,2320,0,0.011355309
Warm A,397342,2353,2352,3831,2320,1,0.010511763
Warm A,555034,3413,3412,3831,2320,1,0.012254251
Warm A,607111,3685,3684,3831,2320,1,0.012424756
Warm A,871588,5265,5264,3831,2320,1,0.012721927
Warm A,770287,4591,4590,3831,2320,1,0.014611098
Warm A,154094,993,992,3831,2320,0,0.005371646
Warm A,503406,3093,3092,3831,2320,1,0.0048381295
Warm A,696228,4169,4168,3831,2320,0,0.023186611
Warm A,357429,2092,2091,3831,2320,0,0.018173486
Warm A,559545,3437,3436,3831,2320,1,0.011035585
Warm A,567444,3483,3482,3831,2320,1,0.010076273
Warm A,933438,5636,5635,3831,2320,1,0.01563023
Warm A,330957,1954,1953,3831,2320,0,0.0055181906
Warm A,319317,1897,1896,3831,2320,0,0.016894802
Warm A,751550,4482,4481,3831,2320,1,0.0119119
Warm A,24574,173,172,3831,2320,0,0.008912902
Warm A,230504,1395,1394,3831,2320,1,0.010265732
Warm A,500466,3074,3073,3831,2320,1,-0.0005201637
Warm A,403317,2409,2408,3831,2320,1,0.014043468
Warm A,20954,151,150,3831,2320,1,0.013435662
Warm A,465135,2868,2867,3831,2320,1,0.011441739
Warm A,254354,1546,1545,3831,2320,1,0.0063643167
Warm A,116160,752,751,3831,2320,1,0.015297763
Warm A,161325,1029,1028,3831,2320,0,0.0135949515
Warm A,309598,1842,1841,3831,2320,1,0.01947257
Warm A,60972,411,410,3831,2320,0,0.0120541565
Warm A,110790,721,720,3831,2320,1,0.0049183816
Warm A,354884,2077,2076,3831,2320,1,0.0152555965
Warm A,545294,3363,3362,3831,2320,1,0.005439222
Warm A,423152,2565,2564,3831,2320,1,0.013549575
Warm A,499386,3067,3066,3831,2320,1,0.0047260523
Warm A,892937,5394,5393,3831,2320,0,0.016747847
Warm A,25455,180,179,3831,2320,1,0.007483652
Warm A,520532,3210,3209,3831,2320,1,-0.0028827568
Warm A,335848,1980,1979,3831,2320,1,0.031754512
Warm A,129935,840,839,3831,2320,1,0.012721408
Warm A,720035,4312,4311,3831,2320,1,0.016023789
Warm A,571036,3503,3502,3831,2320,1,0.013618478
Warm A,89998,593,592,3831,2320,0,0.005390969
Warm A,492700,3029,3028,3831,2320,1,0.016777001
Warm A,174835,1107,1106,3831,2320,1,0.00078544195
Warm A,846620,5087,5086,3831,2320,0,0.003088027
Warm A,891520,5387,5386,3831,2320,0,0.01881843
Warm A,460659,2841,2840,3831,2320,1,0.012021745
Warm A,254854,1551,1550,3831,2320,0,0.00895942
Warm A,699658,4186,4185,3831,2320,1,0.019643726
Warm A,178626,1121,1120,3831,2320,1,0.014277374
Warm A,401608,2395,2394,3831,2320,0,0.007892169
Warm A,801385,4802,4801,3831,2320,0,0.01832956
Warm A,808539,4842,4841,3831,2320,1,-0.00039701723
Warm A,193613,1194,1193,3831,2320,1,0.0110968705
Warm A,178091,1120,1119,3831,2320,1,0.015895516
Warm A,234943,1425,1424,3831,2320,1,0.018762754
Warm A,34026,229,228,3831,2320,1,0.0029154434
Warm A,346626,2031,2030,3831,2320,0,0.00891919
Warm A,860080,5172,5171,3831,2320,0,0.007258557
Warm A,794000,4748,4747,3831,2320,1,0.0035922406
Warm A,638092,3841,3840,3834,2321,1,0.0092455
Warm A,619504,3754,3753,3834,2321,0,0.017414011
Warm A,618027,3745,3744,3834,2321,0,-0.002339105
Warm A,615623,3727,3726,3834,2321,0,0.0049182056
Warm A,615233,3726,3725,3834,2321,0,0.010177091
Warm A,609872,3696,3695,3834,2321,0,0.004650858
Warm A,613256,3716,3715,3834,2321,0,0.0046427147
Warm A,603171,3670,3669,3834,2321,0,0.00029369467
Warm A,725297,4344,4343,3834,2321,0,0.014408961
Warm A,601415,3656,3655,3834,2321,0,0.0075536603
Warm A,597424,3633,3632,3834,2321,1,0.00479735
Warm A,633195,3824,3823,3834,2321,1,0.010407018
Warm A,869780,5255,5254,3834,2321,1,-0.00030818977
Warm A,596530,3626,3625,3834,2321,0,0.008479247
Warm A,587877,3589,3588,3834,2321,0,0.013145594
Warm A,587323,3587,3586,3834,2321,1,0.004215104
Warm A,585664,3576,3575,3834,2321,0,0.0027191539
Warm A,577907,3529,3528,3834,2321,0,0.0034876852
Warm A,573221,3511,3510,3834,2321,0,0.008635189
Warm A,593781,3618,3617,3834,2321,0,0.014083492
Warm A,563405,3467,3466,3834,2321,1,0.007901365
Warm A,931417,5626,5625,3834,2321,0,0.0018429877
Warm A,556875,3422,3421,3834,2321,0,0.014272165
Warm A,681961,4084,4083,3834,2321,1,-0.0030578582
Warm A,552306,3401,3400,3834,2321,0,0.013554404
Warm A,966750,5831,5830,3834,2321,1,0.017142307
Warm A,548296,3383,3382,3834,2321,0,0.004846092
Warm A,547370,3377,3376,3834,2321,0,0.003642484
Warm A,577126,3526,3525,3834,2321,0,0.0066057662
Warm A,598195,3641,3640,3834,2321,0,0.0012542452
Warm A,533279,3292,3291,3834,2321,1,0.0113026835
Warm A,544066,3353,3352,3834,2321,0,0.007950647
Warm A,533803,3293,3292,3834,2321,0,0.0071045044
Warm A,530481,3277,3276,3834,2321,0,0.008372982
Warm A,527938,3264,3263,3834,2321,0,0.0062562074
Warm A,524945,3241,3240,3834,2321,1,-0.0014159414
Warm A,521651,3218,3217,3834,2321,0,-0.0013255028
Warm A,520001,3208,3207,3834,2321,0,0.0063610906
Warm A,964022,5812,5811,3834,2321,1,0.0074114287
Warm A,518728,3201,3200,3834,2321,0,0.010196086
Warm A,874497,5281,5280,3834,2321,0,0.009303287
Warm A,509484,3138,3137,3834,2321,0,0.0038869837
Warm A,502884,3087,3086,3834,2321,1,0.0017786776
Warm A,501748,3081,3080,3834,2321,0,0.009595584
Warm A,494090,3032,3031,3834,2321,1,0.0013819239
Warm A,738136,4411,4410,3834,2321,0,0.00965695
Warm A,485772,2990,2989,3834,2321,0,0.009899574
Warm A,481498,2961,2960,3834,2321,0,0.0032106102
Warm A,473565,2909,2908,3834,2321,0,0.011187364
Warm A,459791,2835,2834,3834,2321,0,0.010768274
Warm A,451495,2779,2778,3834,2321,1,0.004412858
Warm A,448720,2765,2764,3834,2321,0,0.007012452
Warm A,447937,2761,2760,3834,2321,0,0.006787199
Warm A,446386,2752,2751,3834,2321,0,0.006402262
Warm A,443805,2737,2736,3834,2321,0,0.011811431
Warm A,442745,2728,2727,3834,2321,0,-0.0047616316
Warm A,452479,2786,2785,3834,2321,0,0.012324095
Warm A,433607,2643,2642,3834,2321,0,0.00831313
Warm A,431630,2629,2628,3834,2321,0,0.004678579
Warm A,426927,2592,2591,3834,2321,0,0.016002519
Warm A,418644,2529,2528,3834,2321,0,0.01701902
Warm A,414557,2496,2495,3834,2321,0,0.008666261
Warm A,402286,2402,2401,3834,2321,0,0.007734619
Warm A,388940,2279,2278,3834,2321,0,0.0073781065
Warm A,382847,2237,2236,3834,2321,0,0.0096465135
Warm A,377231,2203,2202,3834,2321,0,0.003375826
Warm A,369898,2164,2163,3834,2321,1,0.007804675
Warm A,387528,2265,2264,3834,2321,0,0.0060396036
Warm A,357430,2092,2091,3834,2321,0,0.013404907
Warm A,327174,1939,1938,3834,2321,0,0.008625564
Warm A,324180,1921,1920,3834,2321,1,0.00010306155
Warm A,318363,1891,1890,3834,2321,0,0.004365297
Warm A,312308,1861,1860,3834,2321,0,0.0037669023
Warm A,268985,1632,1631,3834,2321,0,0.013639359
Warm A,436383,2665,2664,3834,2321,0,0.0049025174
Warm A,283172,1696,1695,3834,2321,0,0.0055823
Warm A,227116,1377,1376,3834,2321,0,0.009093008
Warm A,323798,1920,1919,3834,2321,0,0.004765079
Warm A,218000,1322,1321,3834,2321,1,0.0068998644
Warm A,208749,1274,1273,3834,2321,0,-0.0052661574
Warm A,279147,1680,1679,3834,2321,0,0.007840831
Warm A,196973,1209,1208,3834,2321,0,0.011644956
Warm A,194821,1202,1201,3834,2321,1,0.009403204
Warm A,180269,1128,1127,3834,2321,0,0.0052657295
Warm A,179094,1124,1123,3834,2321,0,0.013167806
Warm A,196482,1207,1206,3834,2321,0,0.006092
Warm A,166438,1059,1058,3834,2321,0,0.015846416
Warm A,190857,1181,1180,3834,2321,0,0.008309118
Warm A,151582,975,974,3834,2321,0,0.009599422
Warm A,199417,1224,1223,3834,2321,1,0.014001066
Warm A,217010,1317,1316,3834,2321,0,-0.00033015897
Warm A,139544,892,891,3834,2321,0,0.0034970043
Warm A,138219,889,888,3834,2321,0,0.00825421
Warm A,315201,1880,1879,3834,2321,0,0.011568018
Warm A,118343,765,764,3834,2321,0,0.0074803866
Warm A,98788,660,659,3834,2321,0,0.010535579
Warm A,94917,637,636,3834,2321,0,-0.0011802013
Warm A,351777,2063,2062,3834,2321,0,0.0058887647
Warm A,94182,631,630,3834,2321,0,0.0011686902
Warm A,72004,482,481,3834,2321,0,0.01010132
Warm A,48682,326,325,3834,2321,0,-0.0033600605
Warm A,639070,3842,3841,3834,2321,0,0.012617381
Warm A,42572,291,290,3834,2321,1,0.0011846295
Warm A,39089,264,263,3834,2321,0,0.0075275674
Warm A,36770,245,244,3834,2321,0,0.009945526
Warm A,25727,181,180,3834,2321,0,0.01254414
Warm A,21721,157,156,3834,2321,0,0.0004102043
Warm A,30693,204,203,3834,2321,0,0.01684322
Warm A,18861,146,145,3834,2321,1,0.018855287
Warm A,129379,839,838,3834,2321,0,0.018449351
Warm A,828676,4979,4978,3834,2321,0,0.0077223293
Warm A,241174,1451,1450,3834,2321,0,0.012565079
Warm A,102204,678,677,3834,2321,1,0.011743595
Warm A,996113,6016,6015,3834,2321,1,0.0075998446
Warm A,958813,5787,5786,3834,2321,0,0.014156792
Warm A,339162,1998,1997,3834,2321,0,0.0013538348
Warm A,593782,3618,3617,3835,2322,0,0.0076952092
Warm A,592849,3614,3613,3835,2322,0,0.0054243696
Warm A,586607,3580,3579,3835,2322,1,0.008603854
Warm A,585403,3575,3574,3835,2322,0,0.0024250795
Warm A,585275,3574,3573,3835,2322,0,0.0016728137
Warm A,584203,3565,3564,3835,2322,1,0.0031332492
Warm A,583402,3562,3561,3835,2322,0,0.013315606
Warm A,577687,3527,3526,3835,2322,1,-0.008422763
Warm A,576533,3524,3523,3835,2322,1,0.008981306
Warm A,576655,3525,3524,3835,2322,0,0.00066660054
Warm A,574096,3514,3513,3835,2322,0,-0.0016432122
Warm A,563406,3467,3466,3835,2322,1,0.014573276
Warm A,563307,3465,3464,3835,2322,0,0.0021638018
Warm A,563056,3464,3463,3835,2322,1,0.010347069
Warm A,718546,4305,4304,3835,2322,1,0.012869836
Warm A,555769,3416,3415,3835,2322,0,0.010409739
Warm A,547371,3377,3376,3835,2322,0,0.004681178
Warm A,577127,3526,3525,3835,2322,0,0.008111656
Warm A,544919,3360,3359,3835,2322,1,0.0074262717
Warm A,537101,3311,3310,3835,2322,0,0.0024524988
Warm A,535972,3308,3307,3835,2322,0,0.0061374274
Warm A,564380,3471,3470,3835,2322,0,0.008509703
Warm A,534033,3296,3295,3835,2322,1,0.009639318
Warm A,527939,3264,3263,3835,2322,0,0.0025866474
Warm A,523686,3228,3227,3835,2322,0,0.01054661
Warm A,959348,5788,5787,3835,2322,0,0.007505117
Warm A,519063,3202,3201,3835,2322,0,0.006402917
Warm A,519198,3203,3202,3835,2322,0,0.0064885532
Warm A,517858,3196,3195,3835,2322,0,0.010630639
Warm A,516943,3191,3190,3835,2322,0,0.0043606767
Warm A,540377,3323,3322,3835,2322,1,0.008299485
Warm A,797594,4784,4783,3835,2322,0,0.0055608526
Warm A,550082,3391,3390,3835,2322,0,0.011716666
Warm A,659136,3971,3970,3835,2322,1,0.0025414876
Warm A,494091,3032,3031,3835,2322,1,0.003943146
Warm A,628644,3807,3806,3835,2322,0,0.008997092
Warm A,487883,3001,3000,3835,2322,0,0.009943915
Warm A,473566,2909,2908,3835,2322,1,0.0049928036
Warm A,467942,2885,2884,3835,2322,0,0.00991973
Warm A,879859,5317,5316,3835,2322,1,0.0045774495
Warm A,462231,2852,2851,3835,2322,0,0.0070691695
Warm A,463263,2857,2856,3835,2322,0,0.007091277
Warm A,462573,2854,2853,3835,2322,0,0.00833993
Warm A,460964,2842,2841,3835,2322,0,0.0037741587
Warm A,460282,2840,2839,3835,2322,0,0.007997811
Warm A,457886,2820,2819,3835,2322,0,0.004188124
Warm A,453697,2793,2792,3835,2322,0,0.007858682
Warm A,450831,2777,2776,3835,2322,0,0.0055284207
Warm A,449117,2769,2768,3835,2322,0,0.0051787645
Warm A,444337,2741,2740,3835,2322,0,0.006599807
Warm A,443806,2737,2736,3835,2322,0,0.0014023281
Warm A,442871,2730,2729,3835,2322,1,0.009956878
Warm A,406418,2438,2437,3835,2322,0,0.015773028
Warm A,383664,2242,2241,3835,2322,1,0.007960128
Warm A,378542,2209,2208,3835,2322,0,0.0047388314
Warm A,373177,2179,2178,3835,2322,0,0.003234042
Warm A,361606,2109,2108,3835,2322,0,0.015178614
Warm A,351778,2063,2062,3835,2322,0,0.0076877694
Warm A,375569,2188,2187,3835,2322,0,0.011625465
Warm A,360044,2105,2104,3835,2322,0,0.009956481
Warm A,350961,2060,2059,3835,2322,0,-0.0033438788
Warm A,265739,1613,1612,3835,2322,0,0.0039302344
Warm A,250702,1512,1511,3835,2322,0,0.0058855317
Warm A,321274,1904,1903,3835,2322,0,0.0059566717
Warm A,279148,1680,1679,3835,2322,0,0.0075763976
Warm A,304852,1812,1811,3835,2322,1,0.0055273976
Warm A,185230,1150,1149,3835,2322,0,0.005274078
Warm A,183978,1146,1145,3835,2322,0,0.012885502
Warm A,167831,1068,1067,3835,2322,0,0.007172632
Warm A,163812,1050,1049,3835,2322,0,0.0071844226
Warm A,164503,1051,1050,3835,2322,0,0.009204399
Warm A,145332,935,934,3835,2322,0,0.006365823
Warm A,156818,1010,1009,3835,2322,0,0.014114773
Warm A,233389,1420,1419,3835,2322,0,0.0047170985
Warm A,263279,1605,1604,3835,2322,0,0.01066458
Warm A,360738,2106,2105,3835,2322,0,0.01349357
Warm A,223511,1354,1353,3835,2322,0,0.010342647
Warm A,114831,746,745,3835,2322,0,0.0008756961
Warm A,119215,770,769,3835,2322,0,0.011164395
Warm A,179571,1125,1124,3835,2322,0,0.009407668
Warm A,113292,735,734,3835,2322,0,0.0066806898
Warm A,299609,1778,1777,3835,2322,0,0.010678368
Warm A,110791,721,720,3835,2322,1,0.0056823357
Warm A,77479,524,523,3835,2322,0,0.01063682
Warm A,75445,513,512,3835,2322,0,0.00090167904
Warm A,70153,474,473,3835,2322,0,0.005525034
Warm A,72005,482,481,3835,2322,0,0.014071621
Warm A,74801,509,508,3835,2322,0,0.0061096433
Warm A,132436,855,854,3835,2322,0,0.0033776793
Warm A,238884,1448,1447,3835,2322,0,0.011464857
Warm A,291362,1737,1736,3835,2322,1,0.00043382216
Warm A,22891,165,164,3835,2322,0,0.007546389
Warm A,8653,58,57,3835,2322,0,0.014112338
Warm A,8003,53,52,3835,2322,0,0.010803824
Warm A,2805,22,21,3835,2322,0,0.003992033
Warm A,3712,26,25,3835,2322,0,-0.00031055644
Warm A,107911,710,709,3835,2322,0,0.011705367
Warm A,408192,2453,2452,3835,2322,1,0.011965655
Warm A,354885,2077,2076,3835,2322,0,0.008734359
Warm A,140681,904,903,3835,2322,0,-0.005172254
Warm A,150568,970,969,3835,2322,0,0.008449252
Warm A,530986,3280,3279,3835,2322,0,0.004248037
Warm A,682404,4085,4084,3835,2322,0,0.01123691
Warm A,102205,678,677,3835,2322,0,0.0154013755
Warm A,626740,3792,3791,3835,2322,0,0.0055884086
Warm A,79369,531,530,3835,2322,0,0.006048371
Warm A,46165,308,307,3835,2322,0,0.012745114
Warm A,907635,5492,5491,3835,2322,0,0.012277069
Warm A,456444,2810,2809,3835,2322,0,0.01588633
Warm A,195410,1203,1202,3835,2322,0,0.010639088
Warm A,50391,331,330,3835,2322,0,-0.00059165375
Warm A,28478,195,194,3835,2322,0,0.012961753
Warm A,892939,5394,5393,3835,2322,0,0.0077943867
Warm A,234944,1425,1424,3835,2322,0,0.0066692047
Warm A,699659,4186,4185,3835,2322,0,0.0084470995
Warm A,992358,5996,5995,3835,2322,0,0.0077273548
Warm A,272885,1647,1646,3835,2322,0,0.000680604
Warm A,328045,1941,1940,3835,2322,0,0.008809226
Warm A,224478,1357,1356,3837,2324,0,0.0022786194
Warm A,272886,1647,1646,3837,2324,0,-0.007199896
Warm A,328048,1941,1940,3837,2324,0,0.0069017494
Warm A,307402,1835,1834,3837,2324,0,-0.00018048729
Warm A,161991,1033,1032,3837,2324,0,-0.010951145
Warm A,159231,1017,1016,3837,2324,1,0.0065005342
Warm A,132995,858,857,3837,2324,1,0.006374814
Warm A,125529,808,807,3837,2324,0,-0.0052098297
Warm A,92741,621,620,3837,2324,0,-0.00265624
Warm A,140682,904,903,3837,2324,0,0.00090980233
Warm A,80705,536,535,3837,2324,1,-0.0017927948
Warm A,81641,543,542,3837,2324,1,-0.006429886
Warm A,57696,390,389,3837,2324,0,0.0060418174
Warm A,54108,352,351,3837,2324,1,0.0029717647
Warm A,45269,305,304,3837,2324,1,-0.0005092523
Warm A,41992,284,283,3837,2324,0,0.0045757266
Warm A,41281,278,277,3837,2324,1,0.004124536
Warm A,192702,1186,1185,3837,2324,1,-0.005185688
Warm A,12435,94,93,3837,2324,0,0.001996106
Warm A,290165,1733,1732,3837,2324,0,-0.0062327487
Warm A,299050,1776,1775,3837,2324,0,0.0024953713
Warm A,760653,4520,4519,3837,2324,0,0.004251795
Warm A,366153,2131,2130,3837,2324,1,-0.0024830787
Warm A,115371,749,748,3837,2324,0,-0.002173822
Warm A,24579,173,172,3837,2324,0,-0.002058147
Warm A,136544,881,880,3837,2324,0,-0.0014103958
Warm A,474355,2910,2909,3837,2324,1,-0.0037717512
Warm A,62885,424,423,3837,2324,0,0.0015980205
Warm A,311282,1854,1853,3837,2324,0,-0.005278152
Warm A,566218,3476,3475,3840,2325,0,0.003583208
Warm A,494107,3032,3031,3840,2325,0,0.0047694184
Warm A,488670,3007,3006,3840,2325,0,0.010835613
Warm A,471350,2900,2899,3840,2325,0,0.005310812
Warm A,790408,4728,4727,3840,2325,0,0.0067578075
Warm A,437053,2668,2667,3840,2325,0,0.010826187
Warm A,430729,2625,2624,3840,2325,0,0.0045986334
Warm A,426465,2590,2589,3840,2325,0,0.0020366819
Warm A,409603,2457,2456,3840,2325,0,0.008966472
Warm A,408918,2455,2454,3840,2325,0,0.0037164376
Warm A,397188,2352,2351,3840,2325,0,0.007026454
Warm A,369907,2164,2163,3840,2325,0,0.008067289
Warm A,288259,1722,1721,3840,2325,0,0.0004097803
Warm A,279175,1680,1679,3840,2325,1,0.0018647562
Warm A,276936,1675,1674,3840,2325,1,0.006648509
Warm A,280462,1683,1682,3840,2325,0,0.005286772
Warm A,247662,1496,1495,3840,2325,1,-0.007985523
Warm A,224483,1357,1356,3840,2325,0,0.0010284476
Warm A,217489,1318,1317,3840,2325,0,0.0035406447
Warm A,226380,1370,1369,3840,2325,0,-0.002359438
Warm A,243922,1470,1469,3840,2325,0,0.0018401379
Warm A,192705,1186,1185,3840,2325,1,-0.004634899
Warm A,328068,1941,1940,3840,2325,0,0.0019764197
Warm A,194023,1195,1194,3840,2325,0,0.004138738
Warm A,307410,1835,1834,3840,2325,0,0.0076570413
Warm A,180277,1128,1127,3840,2325,0,-0.0038728043
Warm A,196494,1207,1206,3840,2325,1,0.0055743726
Warm A,183986,1146,1145,3840,2325,0,-0.005071031
Warm A,159240,1017,1016,3840,2325,0,0.004379278
Warm A,150975,971,970,3840,2325,0,-0.0017659394
Warm A,135610,877,876,3840,2325,0,-0.004082615
Warm A,134242,869,868,3840,2325,0,-0.002085879
Warm A,125538,808,807,3840,2325,0,0.004033213
Warm A,107511,709,708,3840,2325,0,0.0027117548
Warm A,105594,698,697,3840,2325,1,0.0074239587
Warm A,351797,2063,2062,3840,2325,0,-0.0032954398
Warm A,81650,543,542,3840,2325,0,0.003636615
Warm A,57704,390,389,3840,2325,0,0.0030534922
Warm A,41285,278,277,3840,2325,1,0.011423145
Warm A,176917,1117,1116,3840,2325,0,0.004747596
Warm A,36801,245,244,3840,2325,0,-0.003014782
Warm A,14712,117,116,3840,2325,0,0.0005433591
Warm A,290179,1733,1732,3840,2325,0,0.007891064
Warm A,107923,710,709,3840,2325,0,0.007999586
Warm A,432674,2638,2637,3840,2325,0,0.0038329307
Warm A,265069,1611,1610,3840,2325,0,-0.0013423976
Warm A,366160,2131,2130,3840,2325,1,0.005550178
Warm A,891526,5387,5386,3840,2325,0,0.002386162
Warm A,322335,1912,1911,3840,2325,0,0.0016527805
Warm A,473584,2909,2908,3840,2325,0,0.0013103499
Warm A,474358,2910,2909,3840,2325,0,0.0027058118
Warm A,62900,424,423,3840,2325,0,0.0069504753
Warm A,596552,3626,3625,3846,2328,1,0.007406129
Warm A,587894,3589,3588,3846,2328,0,0.008431394
Warm A,585282,3574,3573,3846,2328,0,0.005179454
Warm A,577151,3526,3525,3846,2328,0,0.008297996
Warm A,576538,3524,3523,3846,2328,1,0.0008048597
Warm A,617065,3735,3734,3846,2328,1,-0.010018154
Warm A,572112,3507,3506,3846,2328,1,0.008373312
Warm A,563994,3470,3469,3846,2328,0,-0.003692863
Warm A,563410,3467,3466,3846,2328,1,0.011718798
Warm A,552324,3401,3400,3846,2328,0,0.009865523
Warm A,547376,3377,3376,3846,2328,1,0.0038219998
Warm A,550105,3391,3390,3846,2328,1,0.004028531
Warm A,544925,3360,3359,3846,2328,0,0.005347996
Warm A,532628,3289,3288,3846,2328,0,-0.006018658
Warm A,542199,3336,3335,3846,2328,0,0.00023159606
Warm A,575318,3519,3518,3846,2328,0,0.011199569
Warm A,518732,3201,3200,3846,2328,0,0.005917724
Warm A,515462,3182,3181,3846,2328,1,0.009233341
Warm A,514902,3180,3179,3846,2328,1,0.0073110177
Warm A,605775,3681,3680,3846,2328,0,0.0052444423
Warm A,540380,3323,3322,3846,2328,1,0.000762279
Warm A,508609,3129,3128,3846,2328,1,0.0056471275
Warm A,503821,3096,3095,3846,2328,0,-0.0039667273
Warm A,923918,5580,5579,3846,2328,1,0.010478146
Warm A,491801,3025,3024,3846,2328,0,0.005644419
Warm A,485029,2986,2985,3846,2328,0,0.0041288696
Warm A,480121,2946,2945,3846,2328,1,0.00724958
Warm A,470978,2899,2898,3846,2328,0,0.011270722
Warm A,469953,2895,2894,3846,2328,0,0.0027154014
Warm A,461043,2843,2842,3846,2328,1,0.012893026
Warm A,460969,2842,2841,3846,2328,0,0.013092094
Warm A,453713,2793,2792,3846,2328,1,0.011804276
Warm A,452268,2785,2784,3846,2328,0,0.008725422
Warm A,450262,2776,2775,3846,2328,1,0.0003066361
Warm A,435823,2664,2663,3846,2328,1,-0.0016145343
Warm A,420465,2541,2540,3846,2328,0,-0.0019970853
Warm A,407538,2447,2446,3846,2328,1,0.001440897
Warm A,404529,2419,2418,3846,2328,1,0.003195726
Warm A,388956,2279,2278,3846,2328,0,-0.003946479
Warm A,378154,2206,2205,3846,2328,0,0.00262832
Warm A,436398,2665,2664,3846,2328,0,0.008930145
Warm A,380800,2225,2224,3846,2328,0,0.01308167
Warm A,291381,1737,1736,3846,2328,1,0.005750368
Warm A,280832,1685,1684,3846,2328,1,0.00047628162
Warm A,264363,1608,1607,3846,2328,0,0.00096436543
Warm A,260076,1591,1590,3846,2328,1,0.0004439213
Warm A,335867,1980,1979,3846,2328,0,0.014817214
Warm A,289327,1727,1726,3846,2328,0,0.002637885
Warm A,213438,1298,1297,3846,2328,0,-0.0022306717
Warm A,308596,1837,1836,3846,2328,1,0.0051475475
Warm A,198807,1221,1220,3846,2328,1,0.004849084
Warm A,192144,1183,1182,3846,2328,0,0.004781235
Warm A,185248,1150,1149,3846,2328,0,0.008099453
Warm A,156839,1010,1009,3846,2328,0,0.0054111024
Warm A,160064,1019,1018,3846,2328,1,0.0025916046
Warm A,315217,1880,1879,3846,2328,0,0.007766965
Warm A,210913,1285,1284,3846,2328,0,0.013518653
Warm A,112868,732,731,3846,2328,1,0.0019415519
Warm A,240042,1449,1448,3846,2328,0,0.008859305
Warm A,112451,731,730,3846,2328,1,0.0004639472
Warm A,234071,1422,1421,3846,2328,0,0.008488461
Warm A,228244,1383,1382,3846,2328,0,0.011652342
Warm A,83091,549,548,3846,2328,1,0.0049237492
Warm A,75899,516,515,3846,2328,0,-0.0077758506
Warm A,54142,352,351,3846,2328,0,0.0013120909
Warm A,88802,587,586,3846,2328,1,0.01010185
Warm A,36812,245,244,3846,2328,0,0.0040290253
Warm A,23927,169,168,3846,2328,1,0.013027306
Warm A,238902,1448,1447,3846,2328,0,-0.0019595672
Warm A,3744,26,25,3846,2328,0,-0.0068165427
Warm A,15849,123,122,3846,2328,0,0.012093495
Warm A,19685,148,147,3846,2328,1,0.012171537
Warm A,432678,2638,2637,3846,2328,0,0.012366375
Warm A,102222,678,677,3846,2328,0,0.012904042
Warm A,431033,2627,2626,3846,2328,0,0.008949166
Warm A,709745,4258,4257,3846,2328,1,0.0044710967
Warm A,62905,424,423,3846,2328,0,0.0062566856
Warm A,241186,1451,1450,3846,2328,1,0.0062167775
Warm A,475494,2918,2917,3858,2330,1,0.0019991435
Warm A,312876,1865,1864,3858,2330,1,0.006797338
Warm A,105601,698,697,3858,2330,0,0.0022991342
Warm A,537908,3312,3311,3858,2330,0,0.0068410584
Warm A,984325,5949,5948,3858,2330,1,0.0051613357
Warm A,744869,4448,4447,3858,2330,0,0.013608815
Warm A,460673,2841,2840,3858,2330,0,0.0019275362
Warm A,863266,5198,5197,3858,2330,0,0.004797946
Warm A,489209,3012,3011,3858,2330,0,0.0017270655
Warm A,796046,4771,4770,3859,2331,1,0.0066155614
Warm A,871594,5265,5264,3859,2331,1,0.0015743035
Warm A,682437,4085,4084,3859,2331,0,0.002747635
Warm A,201540,1242,1241,3859,2331,0,0.0010889145
Warm A,904634,5470,5469,3859,2331,1,0.0014403699
Warm A,20296,149,148,3859,2331,1,0.011147005
Warm A,251868,1524,1523,3859,2331,1,0.011348083
Warm A,683978,4089,4088,3859,2331,1,0.0027843937
Warm A,535007,3301,3300,3859,2331,1,0.008780038
Warm A,469960,2895,2894,3859,2331,1,0.0115258
Warm A,161334,1029,1028,3859,2331,1,0.01100871
Warm A,217034,1317,1316,3859,2331,1,0.007418364
Warm A,635651,3832,3831,3859,2331,1,0.0032209367
Warm A,622105,3768,3767,3859,2331,1,0.008454474
Warm A,983022,5938,5937,3859,2331,1,0.003968588
Warm A,501286,3080,3079,3859,2331,1,0.004216862
Warm A,460675,2841,2840,3859,2331,1,0.010059716
Warm A,384700,2247,2246,3859,2331,1,0.0031808289
Warm A,346632,2031,2030,3859,2331,1,0.0076961797
Warm A,475496,2918,2917,3859,2331,0,0.009174151
Warm A,891531,5387,5386,3859,2331,1,0.0031049354
Warm A,937210,5654,5653,3859,2331,1,0.0032657972
Warm A,354095,2073,2072,3864,2334,0,0.004409085
Warm A,247684,1496,1495,3864,2334,0,0.0016651953
Warm A,225420,1364,1363,3864,2334,0,0.0011811161
Warm A,226089,1369,1368,3864,2334,1,-0.0007572337
Warm A,215525,1306,1305,3864,2334,1,0.007992978
Warm A,243938,1470,1469,3864,2334,1,0.006730533
Warm A,359723,2103,2102,3864,2334,0,0.0042150086
Warm A,236378,1434,1433,3864,2334,1,0.0028510466
Warm A,277683,1676,1675,3864,2334,0,0.008204431
Warm A,294655,1750,1749,3864,2334,0,0.0048836693
Warm A,326554,1935,1934,3864,2334,1,0.0059561403
Warm A,172630,1094,1093,3864,2334,0,0.004392003
Warm A,164545,1051,1050,3864,2334,1,0.0033123798
Warm A,162593,1037,1036,3864,2334,0,0.0012191194
Warm A,159258,1017,1016,3864,2334,1,0.0069342046
Warm A,170513,1086,1085,3864,2334,0,0.006157249
Warm A,246311,1489,1488,3864,2334,0,0.013718842
Warm A,147931,953,952,3864,2334,1,0.0022934
Warm A,142967,922,921,3864,2334,0,-0.00157653
Warm A,138286,889,888,3864,2334,0,0.0017847298
Warm A,436420,2665,2664,3864,2334,0,0.0073743653
Warm A,350717,2059,2058,3864,2334,1,0.0008886331
Warm A,384113,2244,2243,3864,2334,0,0.001797263
Warm A,130521,846,845,3864,2334,1,0.00039829826
Warm A,107177,705,704,3864,2334,1,0.006747361
Warm A,166776,1060,1059,3864,2334,0,0.008916005
Warm A,100843,673,672,3864,2334,0,0.0028006942
Warm A,103409,687,686,3864,2334,0,-0.000733625
Warm A,109293,714,713,3864,2334,0,0.0042411163
Warm A,92548,620,619,3864,2334,1,0.00049993955
Warm A,90325,596,595,3864,2334,0,0.0016839374
Warm A,88524,585,584,3864,2334,1,0.0067138374
Warm A,86117,563,562,3864,2334,0,0.0013179448
Warm A,72714,489,488,3864,2334,0,-1.7801067e-05
Warm A,70435,475,474,3864,2334,0,0.004666531
Warm A,70164,474,473,3864,2334,0,0.010213999
Warm A,72034,482,481,3864,2334,0,0.005124587
Warm A,67445,453,452,3864,2334,0,0.0123872515
Warm A,75908,516,515,3864,2334,0,0.007868357
Warm A,44111,302,301,3864,2334,0,0.006815794
Warm A,35690,242,241,3864,2334,1,0.0031581821
Warm A,96741,649,648,3864,2334,1,0.0055820285
Warm A,219163,1329,1328,3864,2334,0,0.007916547
Warm A,29512,202,201,3864,2334,0,0.0063942512
Warm A,28613,198,197,3864,2334,0,0.001189061
Warm A,135977,878,877,3864,2334,0,0.007880714
Warm A,11773,92,91,3864,2334,0,0.0030832647
Warm A,10116,73,72,3864,2334,1,0.00897702
Warm A,8980,61,60,3864,2334,0,-0.001541195
Warm A,8198,57,56,3864,2334,0,0.010770532
Warm A,8266,58,57,3864,2334,0,0.007162747
Warm A,5369,37,36,3864,2334,0,0.004820169
Warm A,47107,319,318,3864,2334,0,0.002910974
Warm A,351830,2063,2062,3864,2334,0,0.008465541
Warm A,227608,1380,1379,3864,2334,0,0.009397783
Warm A,152195,979,978,3864,2334,0,0.0004676131
Warm A,743104,4445,4444,3864,2334,1,-0.0007503792
Warm A,174145,1101,1100,3864,2334,0,-0.0014829512
Warm A,42625,293,292,3864,2334,0,0.005064028
Warm A,370992,2168,2167,3864,2334,1,0.0038914569
Warm A,484314,2980,2979,3864,2334,0,0.0054190103
Warm A,285308,1701,1700,3864,2334,0,0.010845764
Warm A,206860,1266,1265,3864,2334,0,0.009141363
Warm A,622111,3768,3767,3864,2334,0,0.004787015
Warm A,677999,4063,4062,3864,2334,0,-0.00025144964
Warm A,73301,496,495,3864,2334,1,0.003020498
Warm A,907640,5492,5491,3864,2334,0,0.0019111345
Warm A,489214,3012,3011,3864,2334,0,0.00270514
Warm A,171621,1088,1087,3864,2334,0,0.003282065
Warm A,908051,5493,5492,3864,2334,0,0.0035232436
Warm A,559405,3436,3435,3864,2334,1,0.0026214537
Warm A,951072,5747,5746,3864,2334,0,0.0031707927
Warm A,512842,3163,3162,3864,2334,0,0.005375148
Warm A,217042,1317,1316,3864,2334,0,0.0045292154
Warm A,136584,881,880,3864,2334,0,0.002377898
Warm A,537918,3312,3311,3864,2334,0,-5.7683093e-05
Warm A,105606,698,697,3864,2334,0,0.0032735434
Warm A,600794,3652,3651,3864,2334,0,0.005950949
Warm A,811106,4867,4866,3864,2334,1,0.0056741424
Warm A,526758,3259,3258,3864,2334,0,0.010277827
Warm A,396184,2342,2341,3864,2334,1,-0.002155265
Warm A,718561,4305,4304,3864,2334,0,0.0030544382
Warm A,456961,2814,2813,3864,2334,1,-0.0018025525
Warm A,200797,1234,1233,3865,2335,1,0.009809407
Warm A,359724,2103,2102,3865,2335,0,0.003633097
Warm A,226483,1371,1370,3865,2335,0,0.005361002
Warm A,416599,2507,2506,3865,2335,1,0.02208626
Warm A,326555,1935,1934,3865,2335,1,0.011917593
Warm A,185285,1150,1149,3865,2335,1,0.0057082567
Warm A,181592,1135,1134,3865,2335,1,0.006136385
Warm A,168436,1069,1068,3865,2335,0,0.010046113
Warm A,363762,2119,2118,3865,2335,0,0.003749303
Warm A,203084,1246,1245,3865,2335,1,0.0001817355
Warm A,149237,960,959,3865,2335,0,-0.002317892
Warm A,246312,1489,1488,3865,2335,0,0.014676279
Warm A,139704,894,893,3865,2335,1,0.00063571846
Warm A,139608,893,892,3865,2335,0,0.0034566778
Warm A,139180,890,889,3865,2335,1,0.0098345205
Warm A,138287,889,888,3865,2335,0,0.0034458926
Warm A,137366,886,885,3865,2335,0,-0.0007472271
Warm A,135164,875,874,3865,2335,0,-0.00030269194
Warm A,384114,2244,2243,3865,2335,0,0.006742282
Warm A,133290,860,859,3865,2335,0,0.0053277803
Warm A,128954,838,837,3865,2335,1,0.010847748
Warm A,127151,821,820,3865,2335,0,-0.0052200314
Warm A,125754,809,808,3865,2335,0,0.015291765
Warm A,117042,754,753,3865,2335,0,0.008446664
Warm A,115083,747,746,3865,2335,1,0.010910769
Warm A,110127,718,717,3865,2335,0,-0.0041613886
Warm A,108711,712,711,3865,2335,1,0.0054809293
Warm A,107323,706,705,3865,2335,0,0.0018626391
Warm A,100844,673,672,3865,2335,0,0.008778684
Warm A,100165,669,668,3865,2335,0,0.003958477
Warm A,93786,629,628,3865,2335,0,0.0028872346
Warm A,284167,1698,1697,3865,2335,1,0.009101117
Warm A,119248,770,769,3865,2335,1,0.01314178
Warm A,64238,429,428,3865,2335,1,0.0019604126
Warm A,59849,408,407,3865,2335,1,-0.0036754487
Warm A,626774,3792,3791,3865,2335,0,0.011257345
Warm A,48722,327,326,3865,2335,0,0.00018152734
Warm A,44892,303,302,3865,2335,1,0.0077675665
Warm A,96742,649,648,3865,2335,1,0.008655792
Warm A,433176,2641,2640,3865,2335,1,0.005822578
Warm A,947554,5722,5721,3865,2335,1,0.0025776718
Warm A,314368,1877,1876,3865,2335,0,0.009026212
Warm A,591966,3610,3609,3865,2335,0,0.007510881
Warm A,66038,442,441,3865,2335,0,-0.0033305404
Warm A,464154,2860,2859,3865,2335,1,0.007342612
Warm A,287304,1715,1714,3865,2335,1,0.0059798276
Warm A,761157,4522,4521,3865,2335,1,0.0113721825
Warm A,358241,2097,2096,3865,2335,0,0.006552065
Warm A,333837,1969,1968,3865,2335,1,0.010301905
Warm A,804301,4816,4815,3865,2335,0,0.010421366
Warm A,214324,1301,1300,3865,2335,1,0.012144314
Warm A,274043,1655,1654,3865,2335,1,0.010270893
Warm A,206862,1266,1265,3865,2335,0,0.011727957
Warm A,119935,774,773,3865,2335,0,0.00483978
Warm A,16026,127,126,3865,2335,0,0.009506316
Warm A,164547,1051,1050,3865,2335,1,0.01360426
Warm A,681967,4084,4083,3865,2335,0,0.013285091
Warm A,777791,4647,4646,3865,2335,1,0.014351405
Warm A,24092,173,172,3865,2335,0,0.0069453055
Warm A,783467,4680,4679,3865,2335,0,0.0023090208
Warm A,388352,2272,2271,3865,2335,0,0.0037317742
Warm A,583430,3562,3561,3865,2335,0,0.0137329465
Warm A,154351,996,995,3865,2335,0,0.016687836
Warm A,719517,4310,4309,3865,2335,1,0.003355768
Warm A,317705,1889,1888,3865,2335,0,0.017345522
Warm A,839320,5046,5045,3865,2335,1,0.013599265
Warm A,96612,648,647,3865,2335,0,0.0033809028
Warm A,330721,1952,1951,3865,2335,0,0.004053549
Warm A,93291,624,623,3865,2335,0,0.013638557
Warm A,116201,752,751,3865,2335,1,0.013694348
Warm A,19717,149,148,3865,2335,0,0.0111934915
Warm A,469968,2895,2894,3865,2335,0,0.011136889
Warm A,272923,1647,1646,3865,2335,1,0.011001583
Warm A,263317,1605,1604,3865,2335,0,0.016487746
Warm A,784090,4682,4681,3865,2335,1,0.006360083
Warm A,330963,1954,1953,3865,2335,0,0.004753923
Warm A,475502,2918,2917,3865,2335,0,0.0039356714
Warm A,659143,3971,3970,3865,2335,1,0.0061544166
Warm A,178636,1121,1120,3865,2335,0,0.016200716
Warm A,413735,2489,2488,3865,2335,1,0.007519786
Warm A,575809,3520,3519,3865,2335,0,0.0064688707
Warm A,941403,5682,5681,3865,2335,1,0.02004812
Warm A,848892,5100,5099,3865,2335,0,0.016083946
Warm A,234970,1425,1424,3865,2335,0,0.012921981
Warm A,826091,4960,4959,3865,2335,1,0.0006423034
Warm A,863269,5198,5197,3865,2335,0,0.008806016
Warm A,351832,2063,2062,3865,2335,0,0.011947064
Warm A,323172,1916,1915,3872,2339,1,0.009955818
Warm A,330965,1954,1953,3872,2339,1,-0.0041472064
Warm A,318942,1896,1895,3872,2339,1,-0.00087250024
Warm A,269024,1632,1631,3872,2339,0,0.0067931674
Warm A,252942,1533,1532,3872,2339,1,0.012633363
Warm A,236859,1439,1438,3872,2339,1,0.008499393
Warm A,631572,3821,3820,3872,2339,0,0.019362358
Warm A,325393,1926,1925,3872,2339,0,0.0019678446
Warm A,218017,1322,1321,3872,2339,1,0.0061820387
Warm A,208777,1274,1273,3872,2339,0,0.005075561
Warm A,198181,1218,1217,3872,2339,1,0.009518405
Warm A,218286,1323,1322,3872,2339,1,0.013595834
Warm A,182786,1140,1139,3872,2339,0,0.0060270554
Warm A,177560,1119,1118,3872,2339,1,0.0049267183
Warm A,161190,1028,1027,3872,2339,1,0.0037906296
Warm A,338139,1988,1987,3872,2339,1,0.00041900994
Warm A,227849,1382,1381,3872,2339,1,-0.003862972
Warm A,185298,1150,1149,3872,2339,1,0.0043504485
Warm A,964052,5812,5811,3872,2339,1,0.009514188
Warm A,138303,889,888,3872,2339,0,0.0025444422
Warm A,98140,656,655,3872,2339,1,0.0053879004
Warm A,316813,1884,1883,3872,2339,1,0.007389861
Warm A,84175,550,549,3872,2339,1,0.016620748
Warm A,67031,451,450,3872,2339,1,0.006903389
Warm A,46583,312,311,3872,2339,1,-0.0033241932
Warm A,45488,307,306,3872,2339,1,0.0039719343
Warm A,481828,2962,2961,3872,2339,1,0.009152946
Warm A,13092,102,101,3872,2339,0,0.008660578
Warm A,591969,3610,3609,3872,2339,0,0.017539494
Warm A,357469,2092,2091,3872,2339,0,0.014239265
Warm A,89265,588,587,3872,2339,1,0.014886275
Warm A,225245,1362,1361,3872,2339,1,0.011163236
Warm A,34518,235,234,3872,2339,1,0.00078888703
Warm A,289693,1729,1728,3872,2339,1,-0.00030287995
Warm A,158205,1015,1014,3872,2339,1,0.01453222
Warm A,24120,173,172,3872,2339,1,0.0145936385
Warm A,329323,1943,1942,3872,2339,0,0.015249781
Warm A,841131,5054,5053,3872,2339,1,0.0012160856
Warm A,276233,1671,1670,3872,2339,0,0.0077592283
Warm A,657531,3963,3962,3872,2339,1,0.007924844
Warm A,27452,193,192,3872,2339,0,0.011193053
Warm A,171634,1088,1087,3872,2339,0,0.016114699
Warm A,478074,2934,2933,3877,2341,0,0.010904355
Warm A,870120,5256,5255,3877,2341,0,0.0061711343
Warm A,473642,2909,2908,3877,2341,0,0.012171423
Warm A,992381,5996,5995,3877,2341,0,0.0022559732
Warm A,463310,2857,2856,3877,2341,0,0.004532195
Warm A,461827,2848,2847,3877,2341,0,0.0027513972
Warm A,450867,2777,2776,3877,2341,0,-0.001482713
Warm A,449909,2774,2773,3877,2341,0,0.003646205
Warm A,447343,2756,2755,3877,2341,0,0.0056768744
Warm A,444415,2742,2741,3877,2341,0,0.00874196
Warm A,442881,2730,2729,3877,2341,0,0.004589007
Warm A,432307,2635,2634,3877,2341,1,0.0022579716
Warm A,430505,2624,2623,3877,2341,1,0.014820405
Warm A,429149,2611,2610,3877,2341,0,0.0062442115
Warm A,427800,2599,2598,3877,2341,0,0.0063242945
Warm A,424222,2572,2571,3877,2341,0,0.00011409214
Warm A,426487,2590,2589,3877,2341,0,0.010119148
Warm A,421886,2551,2550,3877,2341,0,0.002327902
Warm A,415510,2503,2502,3877,2341,0,0.0062749535
Warm A,411252,2468,2467,3877,2341,1,0.00553027
Warm A,406960,2445,2444,3877,2341,0,-0.0007737004
Warm A,436431,2665,2664,3877,2341,0,0.0056002727
Warm A,402319,2402,2401,3877,2341,0,0.0027192496
Warm A,385288,2251,2250,3877,2341,0,0.008896483
Warm A,377258,2203,2202,3877,2341,1,0.013527287
Warm A,373436,2180,2179,3877,2341,0,0.0053862436
Warm A,371670,2172,2171,3877,2341,0,0.0029896956
Warm A,369058,2157,2156,3877,2341,0,4.6307687e-05
Warm A,356393,2088,2087,3877,2341,0,0.009578992
Warm A,341593,2012,2011,3877,2341,0,0.0067170253
Warm A,333391,1968,1967,3877,2341,0,0.0010638577
Warm A,325398,1926,1925,3877,2341,0,0.005094802
Warm A,326993,1938,1937,3877,2341,0,0.005699676
Warm A,300724,1781,1780,3877,2341,0,0.0030003148
Warm A,296058,1757,1756,3877,2341,0,0.009852757
Warm A,297497,1764,1763,3877,2341,0,0.0049267495
Warm A,288890,1726,1725,3877,2341,0,-0.0033304687
Warm A,290924,1736,1735,3877,2341,0,0.01484196
Warm A,299074,1776,1775,3877,2341,1,0.007119349
Warm A,291406,1737,1736,3877,2341,0,-0.0025186352
Warm A,299633,1778,1777,3877,2341,0,0.007860733
Warm A,265779,1613,1612,3877,2341,0,0.012731327
Warm A,346209,2030,2029,3877,2341,0,0.008698344
Warm A,338864,1996,1995,3877,2341,0,-0.0017708977
Warm A,356837,2090,2089,3877,2341,1,0.00036586076
Warm A,227146,1377,1376,3877,2341,0,0.008449672
Warm A,335917,1980,1979,3877,2341,0,0.0086722635
Warm A,233066,1418,1417,3877,2341,0,0.009266212
Warm A,221350,1340,1339,3877,2341,0,0.004766581
Warm A,216037,1311,1310,3877,2341,0,0.0068352465
Warm A,224164,1356,1355,3877,2341,1,-0.004268816
Warm A,279263,1680,1679,3877,2341,0,0.008546154
Warm A,304892,1812,1811,3877,2341,1,0.004594172
Warm A,277696,1676,1675,3877,2341,0,-0.0028115206
Warm A,269954,1635,1634,3877,2341,0,0.0107674
Warm A,190938,1181,1180,3877,2341,0,0.00980179
Warm A,180303,1128,1127,3877,2341,0,0.0047674263
Warm A,179993,1127,1126,3877,2341,0,0.002525058
Warm A,328134,1941,1940,3877,2341,0,0.020626135
Warm A,276647,1673,1672,3877,2341,0,0.004271594
Warm A,227611,1380,1379,3877,2341,0,0.00035056937
Warm A,275549,1667,1666,3877,2341,0,0.0058927536
Warm A,154864,999,998,3877,2341,0,0.0047545927
Warm A,217055,1317,1316,3877,2341,0,0.00999894
Warm A,276966,1675,1674,3877,2341,0,0.0045779594
Warm A,134279,869,868,3877,2341,0,-0.0057845674
Warm A,202496,1244,1243,3877,2341,0,0.005347602
Warm A,315256,1880,1879,3877,2341,0,0.015651679
Warm A,263333,1605,1604,3877,2341,0,0.0031658348
Warm A,121948,786,785,3877,2341,1,0.005597215
Warm A,122184,788,787,3877,2341,0,0.005900587
Warm A,475782,2919,2918,3877,2341,0,0.013121579
Warm A,114446,744,743,3877,2341,0,0.0055902684
Warm A,112477,731,730,3877,2341,1,0.008371755
Warm A,178126,1120,1119,3877,2341,0,-0.0024731895
Warm A,116213,752,751,3877,2341,0,0.01608118
Warm A,113319,735,734,3877,2341,0,0.009739851
Warm A,93616,627,626,3877,2341,0,0.0010476448
Warm A,150595,970,969,3877,2341,0,3.976701e-05
Warm A,86121,563,562,3877,2341,0,0.008007694
Warm A,85262,556,555,3877,2341,0,0.0012375792
Warm A,68723,461,460,3877,2341,0,0.0049392954
Warm A,65357,438,437,3877,2341,0,0.0028062407
Warm A,53365,352,351,3877,2341,0,0.010210335
Warm A,63895,426,425,3877,2341,0,0.010827682
Warm A,38466,262,261,3877,2341,0,-0.0036795344
Warm A,40176,272,271,3877,2341,0,0.008023247
Warm A,98826,660,659,3877,2341,0,0.0052945325
Warm A,408684,2454,2453,3877,2341,0,0.0035877537
Warm A,27680,194,193,3877,2341,1,0.009323087
Warm A,28638,198,197,3877,2341,0,0.008077627
Warm A,14281,117,116,3877,2341,0,0.0159597
Warm A,12213,93,92,3877,2341,0,0.011889712
Warm A,11140,83,82,3877,2341,0,0.004135487
Warm A,7416,53,52,3877,2341,0,-0.00035756093
Warm A,6558,48,47,3877,2341,0,0.012248625
Warm A,1973,18,17,3877,2341,0,0.0029654745
Warm A,2876,23,22,3877,2341,0,0.0089936815
Warm A,79400,531,530,3877,2341,0,-0.0010985988
Warm A,19123,148,147,3877,2341,0,0.0062288623
Warm A,530266,3274,3273,3877,2341,0,0.0019169357
Warm A,27794,195,194,3877,2341,0,0.0047310772
Warm A,432702,2638,2637,3877,2341,0,0.013368566
Warm A,237920,1447,1446,3877,2341,0,0.007647995
Warm A,572836,3509,3508,3877,2341,0,0.008406987
Warm A,102261,678,677,3877,2341,1,0.0075195474
Warm A,917279,5543,5542,3877,2341,0,0.0042702183
Warm A,964056,5812,5811,3877,2341,0,0.0049699508
Warm A,599259,3648,3647,3877,2341,0,0.0014200988
Warm A,52004,343,342,3877,2341,0,0.011232218
Warm A,241213,1451,1450,3877,2341,0,0.014424958
Warm A,892969,5394,5393,3877,2341,0,0.01172595
Warm A,699684,4186,4185,3877,2341,0,0.011146153
Warm A,831932,5001,5000,3877,2341,0,0.0084393965
Warm A,661979,3992,3991,3877,2341,0,0.008609429
Warm A,214330,1301,1300,3877,2341,1,0.0038391994
Warm A,575341,3519,3518,3877,2341,0,0.0069321496
Warm A,713075,4277,4276,3877,2341,0,0.011748016
Warm A,272934,1647,1646,3877,2341,0,0.005193041
Warm A,311288,1854,1853,3877,2341,0,-0.0002478524
Warm A,193655,1194,1193,3877,2341,0,0.002243326
Warm A,272197,1645,1644,3877,2341,0,0.010317398
Warm A,216305,1313,1312,3879,2342,0,0.00036249985
Warm A,296805,1759,1758,3879,2342,1,0.006086999
Warm A,190944,1181,1180,3879,2342,0,0.0027816882
Warm A,172636,1094,1093,3879,2342,0,-0.005295138
Warm A,168443,1069,1068,3879,2342,1,-0.005547574
Warm A,165776,1057,1056,3879,2342,0,-0.0048795557
Warm A,301087,1789,1788,3879,2342,0,0.0005892422
Warm A,157416,1011,1010,3879,2342,0,0.003043005
Warm A,149598,963,962,3879,2342,0,0.0078256205
Warm A,246316,1489,1488,3879,2342,0,0.0009933192
Warm A,144920,934,933,3879,2342,0,-0.004519456
Warm A,141189,910,909,3879,2342,1,-0.002724913
Warm A,138314,889,888,3879,2342,0,0.0026849234
Warm A,134281,869,868,3879,2342,0,-0.0015292186
Warm A,384122,2244,2243,3879,2342,0,-0.00023399154
Warm A,125861,810,809,3879,2342,0,-0.004788017
Warm A,107327,706,705,3879,2342,0,0.00074065896
Warm A,107084,704,703,3879,2342,0,0.007717656
Warm A,166777,1060,1059,3879,2342,1,0.0048955446
Warm A,93793,629,628,3879,2342,0,0.012534438
Warm A,87673,575,574,3879,2342,1,0.0020505816
Warm A,81355,542,541,3879,2342,1,0.001603008
Warm A,66548,445,444,3879,2342,0,-0.004181947
Warm A,39434,268,267,3879,2342,0,0.0040755775
Warm A,33280,225,224,3879,2342,0,-0.0084824795
Warm A,23318,167,166,3879,2342,0,0.0025708117
Warm A,591975,3610,3609,3879,2342,0,-0.004800165
Warm A,688068,4116,4115,3879,2342,0,-0.006092946
Warm A,1745,17,16,3879,2342,1,-0.0005060353
Warm A,223544,1354,1353,3879,2342,0,0.00062308065
Warm A,713079,4277,4276,3879,2342,1,-0.0009942901
Warm A,171645,1088,1087,3879,2342,0,-0.0054509863
Warm A,554488,3411,3410,3879,2342,0,0.0066909483
Warm A,481831,2962,2961,3879,2342,0,-0.0012311614
Warm A,351854,2063,2062,3879,2342,0,0.003953499
Warm A,17079,134,133,3879,2342,0,0.00096821995
Warm A,45298,306,305,3879,2342,1,-0.00019098131
Warm A,584997,3571,3570,3879,2342,1,0.0050213537
Warm A,363036,2116,2115,3879,2342,0,0.0025206534
Warm A,154353,996,995,3879,2342,0,-0.009297891
Warm A,469977,2895,2894,3879,2342,0,0.0025171293
Warm A,150596,970,969,3879,2342,0,0.008451818
Warm A,753284,4489,4488,3879,2342,1,0.008458061
Warm A,42646,293,292,3879,2342,0,3.7714955e-05
Warm A,182009,1137,1136,3879,2342,0,0.0033623222
Warm A,784098,4682,4681,3879,2342,0,0.00056452
Warm A,608627,3691,3690,3879,2342,0,0.0072812643
Warm A,806734,4829,4828,3879,2342,0,-0.0065319124
Warm A,310684,1851,1850,3879,2342,0,0.0014346505
Warm A,54296,355,354,3879,2342,1,0.008384049
Warm A,897599,5428,5427,3879,2342,1,0.0022659455
Warm A,607128,3685,3684,3879,2342,0,0.007069179
Warm A,622126,3768,3767,3879,2342,0,-0.007479809
Warm A,350973,2060,2059,3879,2342,0,0.013177606
Warm A,567476,3483,3482,3879,2342,0,0.006457938
Warm A,30325,204,203,3879,2342,0,0.007050195
Warm A,744891,4448,4447,3879,2342,1,0.010117333
Warm A,572837,3509,3508,3879,2342,0,0.0023308294
Warm A,682455,4085,4084,3879,2342,0,0.007358857
Warm A,437239,2669,2668,3879,2342,0,0.000764305
Warm A,564422,3471,3470,3879,2342,0,0.004473585
Warm A,317717,1889,1888,3879,2342,0,-0.0061283913
Warm A,302138,1794,1793,3879,2342,0,-0.003913775
Warm A,685033,4094,4093,3879,2342,1,0.0018279485
Warm A,33803,228,227,3879,2342,0,0.005809106
Warm A,116216,752,751,3879,2342,0,0.011948451
Warm A,99847,667,666,3879,2342,0,-0.0038139527
Warm A,11513,90,89,3879,2342,0,-0.005130389
Warm A,230522,1395,1394,3879,2342,0,0.013258643
Warm A,502583,3085,3084,3879,2342,0,0.0032390326
Warm A,863890,5205,5204,3879,2342,0,0.001757937
Warm A,947879,5723,5722,3879,2342,0,0.0022428518
Warm A,673261,4042,4041,3879,2342,0,0.00984057
Warm A,719518,4310,4309,3879,2342,1,0.009867697
Warm A,473645,2909,2908,3879,2342,1,0.004260945
Warm A,503130,3089,3088,3879,2342,1,-0.0058264965
Warm A,26626,188,187,3879,2342,0,0.00938433
Warm A,496486,3051,3050,3879,2342,0,0.0068918783
Warm A,215534,1306,1305,3879,2342,0,0.002579514
Warm A,312886,1865,1864,3879,2342,1,0.003947817
Warm A,537931,3312,3311,3879,2342,0,-0.00088020763
Warm A,174155,1101,1100,3879,2342,0,0.010327786
Warm A,941409,5682,5681,3879,2342,0,0.008332837
Warm A,561584,3454,3453,3879,2342,0,-0.0037395214
Warm A,195464,1203,1202,3889,2344,0,0.01731633
Warm A,190967,1181,1180,3889,2344,0,0.013328216
Warm A,304906,1812,1811,3889,2344,1,0.0121254455
Warm A,181598,1135,1134,3889,2344,1,0.0015188992
Warm A,308643,1837,1836,3889,2344,0,0.01517792
Warm A,174165,1101,1100,3889,2344,0,0.01350696
Warm A,328163,1941,1940,3889,2344,0,0.0057681925
Warm A,165228,1053,1052,3889,2344,0,0.00851801
Warm A,162010,1033,1032,3889,2344,0,0.014451427
Warm A,275554,1667,1666,3889,2344,0,0.016828027
Warm A,246328,1489,1488,3889,2344,0,0.009565055
Warm A,146962,948,947,3889,2344,0,0.0019816896
Warm A,138332,889,888,3889,2344,0,0.012416169
Warm A,134303,869,868,3889,2344,0,0.009862466
Warm A,384130,2244,2243,3889,2344,0,0.013952296
Warm A,176400,1115,1114,3889,2344,0,0.007063991
Warm A,745666,4449,4448,3889,2344,0,-0.0036229421
Warm A,126027,812,811,3889,2344,0,0.0014165796
Warm A,123427,796,795,3889,2344,0,0.0137303425
Warm A,121153,780,779,3889,2344,1,0.008456657
Warm A,115085,747,746,3889,2344,1,0.0042892694
Warm A,114458,744,743,3889,2344,0,0.012619778
Warm A,166779,1060,1059,3889,2344,1,0.0006158962
Warm A,102284,678,677,3889,2344,0,0.005770096
Warm A,93804,629,628,3889,2344,0,0.014922427
Warm A,92552,620,619,3889,2344,0,0.005945171
Warm A,87081,569,568,3889,2344,0,0.0045873187
Warm A,87271,570,569,3889,2344,1,0.006873286
Warm A,85909,561,560,3889,2344,1,-0.0025157095
Warm A,86132,563,562,3889,2344,0,0.017080799
Warm A,75362,512,511,3889,2344,0,-0.0016536526
Warm A,74853,509,508,3889,2344,0,0.014372201
Warm A,74410,508,507,3889,2344,0,0.00312103
Warm A,72720,489,488,3889,2344,0,-0.0008895652
Warm A,67786,454,453,3889,2344,0,0.00746996
Warm A,113872,738,737,3889,2344,0,0.0041275327
Warm A,66554,445,444,3889,2344,0,0.003557947
Warm A,64954,436,435,3889,2344,0,0.00093243667
Warm A,59031,402,401,3889,2344,0,0.013502919
Warm A,50815,335,334,3889,2344,0,0.0066171503
Warm A,891211,5386,5385,3889,2344,0,6.0411403e-06
Warm A,41620,284,283,3889,2344,0,0.009157062
Warm A,38469,262,261,3889,2344,0,0.0052294745
Warm A,537947,3312,3311,3889,2344,0,0.008716601
Warm A,36166,245,244,3889,2344,0,0.0049047023
Warm A,537172,3311,3310,3889,2344,0,0.0048164306
Warm A,22294,163,162,3889,2344,0,0.014759297
Warm A,19145,148,147,3889,2344,0,0.0043632756
Warm A,12226,93,92,3889,2344,0,-0.0005496163
Warm A,10078,72,71,3889,2344,0,0.006147235
Warm A,8984,61,60,3889,2344,0,0.0076299836
Warm A,2006,18,17,3889,2344,0,-0.0023084814
Warm A,530274,3274,3273,3889,2344,0,0.013205854
Warm A,2319,19,18,3889,2344,0,0.0051162727
Warm A,288446,1723,1722,3889,2344,1,0.00380255
Warm A,407784,2451,2450,3889,2344,0,0.0041217264
Warm A,10142,73,72,3889,2344,1,0.0132881915
Warm A,572846,3509,3508,3889,2344,1,0.007858215
Warm A,206887,1266,1265,3889,2344,0,0.014579129
Warm A,895420,5412,5411,3889,2344,0,0.012389436
Warm A,467344,2880,2879,3889,2344,0,0.009435014
Warm A,618960,3751,3750,3889,2344,0,0.008620057
Warm A,32455,218,217,3889,2344,0,0.018799994
Warm A,233649,1421,1420,3889,2344,0,0.014575904
Warm A,27830,195,194,3889,2344,0,0.010009687
Warm A,255912,1560,1559,3889,2344,1,0.0004359102
Warm A,947886,5723,5722,3889,2344,0,0.00069362926
Warm A,833395,5011,5010,3889,2344,1,0.005006161
Warm A,310698,1851,1850,3889,2344,0,-0.001160702
Warm A,230529,1395,1394,3889,2344,1,0.0044278456
Warm A,383241,2239,2238,3889,2344,0,0.004368315
Warm A,351880,2063,2062,3889,2344,0,0.018621502
Warm A,484611,2985,2984,3889,2344,1,0.0075113457
Warm A,656097,3953,3952,3889,2344,0,0.0127734635
Warm A,933480,5636,5635,3889,2344,0,0.016161233
Warm A,744911,4448,4447,3895,2346,0,-0.00015021628
Warm A,299088,1776,1775,3895,2346,1,0.004787123
Warm A,265111,1611,1610,3895,2346,0,0.008993966
Warm A,179603,1125,1124,3895,2346,0,-0.0021891883
Warm A,682480,4085,4084,3895,2346,0,-0.001241977
Warm A,11827,92,91,3895,2346,0,0.0013409453
Warm A,476169,2925,2924,3895,2346,0,0.008547943
Warm A,206895,1266,1265,3895,2346,0,-0.0013683597
Warm A,182025,1137,1136,3895,2346,0,0.0032279962
Warm A,519220,3203,3202,3895,2346,0,-0.008276705
Warm A,16049,127,126,3895,2346,0,-0.00095727714
Warm A,164585,1051,1050,3895,2346,0,-0.0012176618
Warm A,437242,2669,2668,3895,2346,0,0.0018118055
Warm A,564438,3471,3470,3895,2346,0,0.001789809
Warm A,272216,1645,1644,3895,2346,1,0.0049006892
Warm A,19778,149,148,3895,2346,0,0.004665841
Warm A,258447,1584,1583,3895,2346,0,-2.5385641e-05
Warm A,599281,3648,3647,3895,2346,0,0.0035112947
Warm A,532163,3285,3284,3895,2346,0,-0.0032792534
Warm A,287422,1716,1715,3895,2346,0,0.0037919034
Warm A,407786,2451,2450,3895,2346,1,0.0031360667
Warm A,302149,1794,1793,3895,2346,0,-0.0063473647
Warm A,309621,1842,1841,3895,2346,0,0.0063176015
Warm A,713104,4277,4276,3895,2346,0,-0.0016307607
Warm A,79426,531,530,3895,2346,0,0.009894123
Warm A,499451,3067,3066,3895,2346,0,0.0014843901
Warm A,349298,2050,2049,3895,2346,0,0.00478366
Warm A,696352,4169,4168,3895,2346,1,0.0042705904
Warm A,473670,2909,2908,3895,2346,1,-0.006172048
Warm A,495345,3041,3040,3895,2346,0,-2.1078624e-05
Warm A,312891,1865,1864,3895,2346,0,0.0031564115
Warm A,62989,424,423,3895,2346,0,0.0025811836
Warm A,171671,1088,1087,3895,2346,0,0.002812084
Warm A,906610,5484,5483,3895,2346,1,0.006417341
Warm A,296487,1758,1757,3896,2347,1,0.013437897
Warm A,213906,1299,1298,3896,2347,0,-0.0067778793
Warm A,201154,1241,1240,3896,2347,0,0.0008915337
Warm A,243986,1470,1469,3896,2347,0,0.010590243
Warm A,200524,1231,1230,3896,2347,1,-0.0079260385
Warm A,199779,1226,1225,3896,2347,1,-0.0007384294
Warm A,197746,1215,1214,3896,2347,1,0.005079461
Warm A,197001,1209,1208,3896,2347,1,0.004026496
Warm A,195474,1203,1202,3896,2347,0,0.0037190279
Warm A,186535,1154,1153,3896,2347,1,-0.0007732265
Warm A,326558,1935,1934,3896,2347,0,0.00096660503
Warm A,185329,1150,1149,3896,2347,1,0.011399574
Warm A,181602,1135,1134,3896,2347,0,0.008135559
Warm A,181116,1132,1131,3896,2347,1,0.0014909678
Warm A,176040,1113,1112,3896,2347,1,0.002918832
Warm A,174171,1101,1100,3896,2347,1,0.00564291
Warm A,168455,1069,1068,3896,2347,0,-0.005144165
Warm A,246332,1489,1488,3896,2347,0,0.0043850825
Warm A,147940,953,952,3896,2347,1,0.0024912818
Warm A,146111,939,938,3896,2347,1,0.010948066
Warm A,138340,889,888,3896,2347,0,-0.0037113163
Warm A,134309,869,868,3896,2347,1,0.0070835445
Warm A,330733,1952,1951,3896,2347,0,-0.0013455651
Warm A,127155,821,820,3896,2347,0,0.0016130395
Warm A,122032,787,786,3896,2347,1,0.005068691
Warm A,202510,1244,1243,3896,2347,1,0.0030461447
Warm A,118810,768,767,3896,2347,1,-0.003089539
Warm A,223560,1354,1353,3896,2347,0,0.0005399571
Warm A,116242,752,751,3896,2347,1,0.0035068654
Warm A,114637,745,744,3896,2347,0,0.0044495575
Warm A,778883,4653,4652,3896,2347,0,0.0033282032
Warm A,107088,704,703,3896,2347,0,0.006584907
Warm A,100178,669,668,3896,2347,0,0.0032395255
Warm A,100562,671,670,3896,2347,1,0.009190034
Warm A,93811,629,628,3896,2347,0,0.0025555743
Warm A,91632,608,607,3896,2347,1,0.00038317195
Warm A,77559,524,523,3896,2347,0,0.0043777847
Warm A,72070,482,481,3896,2347,1,0.004892396
Warm A,66558,445,444,3896,2347,1,-0.008483612
Warm A,64250,429,428,3896,2347,0,0.003791038
Warm A,371009,2168,2167,3896,2347,1,0.002182947
Warm A,57071,386,385,3896,2347,0,0.010310531
Warm A,55472,368,367,3896,2347,1,0.004713349
Warm A,40660,273,272,3896,2347,1,0.0058375644
Warm A,481841,2962,2961,3896,2347,1,-0.0034628487
Warm A,33308,225,224,3896,2347,0,0.0076568974
Warm A,32722,222,221,3896,2347,0,0.007678729
Warm A,31460,214,213,3896,2347,0,0.007655398
Warm A,175015,1109,1108,3896,2347,1,-0.0027623898
Warm A,13732,110,109,3896,2347,0,-0.0074154236
Warm A,469989,2895,2894,3896,2347,0,0.0013456102
Warm A,171673,1088,1087,3896,2347,1,-0.0018333914
Warm A,351890,2063,2062,3896,2347,1,0.007927957
Warm A,149383,962,961,3896,2347,0,0.00041362195
Warm A,255532,1556,1555,3896,2347,0,0.0019292631
Warm A,182027,1137,1136,3896,2347,0,-0.01040189
Warm A,713105,4277,4276,3896,2347,1,0.0034632017
Warm A,287306,1715,1714,3896,2347,0,0.00408981
Warm A,49792,330,329,3896,2347,0,0.0026552551
Warm A,407283,2446,2445,3896,2347,1,0.006793161
Warm A,19779,149,148,3896,2347,1,0.0058040675
Warm A,286732,1712,1711,3896,2347,0,0.008168099
Warm A,696353,4169,4168,3896,2347,0,0.0079367515
Warm A,119279,770,769,3896,2347,0,0.0065801814
Warm A,631595,3821,3820,3896,2347,0,0.006767364
Warm A,753296,4489,4488,3896,2347,1,0.008537523
Warm A,843946,5074,5073,3896,2347,0,0.0029869135
Warm A,204591,1260,1259,3896,2347,0,0.0038589642
Warm A,289695,1729,1728,3896,2347,0,-0.0030763536
Warm A,733470,4386,4385,3896,2347,1,0.0018999192
Warm A,354938,2077,2076,3896,2347,1,0.0035296197
Warm A,498785,3065,3064,3896,2347,1,-0.0031345687
Warm A,531044,3280,3279,3896,2347,0,0.0021343438
Warm A,12810,99,98,3896,2347,1,0.0035611917
Warm A,607137,3685,3684,3896,2347,1,-0.0067309
Warm A,635660,3832,3831,3896,2347,0,-0.0028327084
Warm A,895680,5413,5412,3896,2347,1,-0.004345955
Warm A,265112,1611,1610,3896,2347,1,0.0070179617
Warm A,876998,5300,5299,3896,2347,0,-0.0063676755
Warm A,750433,4478,4477,3896,2347,0,0.005004885
Warm A,828723,4979,4978,3896,2347,1,0.00743807
Warm A,254381,1546,1545,3896,2347,1,0.011552222
Warm A,240120,1449,1448,3896,2347,0,0.008555104
Warm A,682481,4085,4084,3896,2347,1,0.0065584667
Warm A,567489,3483,3482,3896,2347,1,-0.0010103718
Warm A,622148,3768,3767,3896,2347,0,0.0072490154
Warm A,882989,5333,5332,3896,2347,0,-0.0022664946
Warm A,649814,3916,3915,3896,2347,0,0.0032362365
Warm A,20591,151,150,3896,2347,1,0.005580464
Warm A,107992,710,709,3896,2347,1,0.00015045283
Warm A,104343,692,691,3896,2347,1,-0.0036943597
Warm A,535024,3301,3300,3896,2347,0,0.006946846
Warm A,2623,22,21,3896,2347,0,0.004470555
Warm A,230533,1395,1394,3896,2347,0,0.004365609
Warm A,223066,1352,1351,3896,2347,0,0.007875256
Warm A,920105,5557,5556,3896,2347,1,-0.004698599
Warm A,308650,1837,1836,3896,2347,0,0.0026388138
Warm A,11520,90,89,3896,2347,1,-0.0026485887
Warm A,893886,5397,5396,3896,2347,0,0.0011823068
Warm A,784114,4682,4681,3896,2347,0,-0.0012944107
Warm A,947887,5723,5722,3896,2347,1,0.0049287174
Warm A,344843,2023,2022,3896,2347,1,-0.0023703151
Warm A,176970,1117,1116,3896,2347,0,-0.0016829928
Warm A,720086,4312,4311,3896,2347,1,0.0038101063
Warm A,768734,4579,4578,3896,2347,0,0.0037318822
Warm A,550188,3391,3390,3896,2347,1,0.0011684641
Warm A,156900,1010,1009,3896,2347,0,0.0009065415
Warm A,473671,2909,2908,3896,2347,1,-0.0015270284
Warm A,333867,1969,1968,3896,2347,1,-0.0018667942
Warm A,251876,1524,1523,3896,2347,0,-0.0025385537
Warm A,688371,4117,4116,3896,2347,1,-0.0018967707
Warm A,886905,5359,5358,3896,2347,1,0.008110392
Warm A,324967,1925,1924,3896,2347,1,0.005201572
Warm A,941416,5682,5681,3896,2347,1,-0.0049314955
Warm A,93310,624,623,3896,2347,0,0.006126817
Warm A,346637,2031,2030,3896,2347,0,0.004232381
Warm A,382019,2232,2231,3896,2347,1,0.0036392766
Warm A,974341,5878,5877,3896,2347,0,0.008144757
Warm A,984598,5950,5949,3896,2347,0,0.005345502
Warm A,32532,218,217,3901,2349,0,0.004976723
Warm A,171059,1087,1086,3901,2349,0,0.0026446905
Warm A,254545,1546,1545,3901,2349,0,0.011724491
Warm A,532469,3285,3284,3901,2349,0,0.00985236
Warm A,364412,2122,2121,3901,2349,0,1.53305e-05
Warm A,217431,1317,1316,3901,2349,1,0.0062170317
Warm A,78744,528,527,3901,2349,0,0.011263875
Warm A,301116,1789,1788,3901,2349,0,0.006067675
Warm A,116693,752,751,3901,2349,1,0.0067309006
Warm A,588698,3590,3589,3901,2349,0,0.013007775
Warm A,286960,1712,1711,3901,2349,0,0.015118572
Warm A,595037,3620,3619,3901,2349,0,0.018680071
Warm A,309846,1842,1841,3901,2349,0,-0.0024789446
Warm A,79823,531,530,3901,2349,0,0.008960683
Warm A,366330,2131,2130,3901,2349,1,0.0012658142
Warm A,975201,5880,5879,3901,2349,0,0.0036027622
Warm A,232886,1415,1414,3901,2349,1,0.008624275
Warm A,472985,2907,2906,3901,2349,1,0.007434342
Warm A,353576,2071,2070,3901,2349,0,0.010896023
Warm A,145976,937,936,3901,2349,0,0.008700879
Warm A,400053,2380,2379,3901,2349,1,0.016879639
Warm A,322808,1912,1911,3901,2349,0,0.0068253493
Warm A,583757,3562,3561,3901,2349,0,0.00013071252
Warm A,684339,4089,4088,3901,2349,0,0.015193569
Warm A,560073,3441,3440,3901,2349,1,0.009953365
Warm A,306293,1824,1823,3901,2349,1,0.0015951204
Warm A,20953,151,150,3901,2349,0,0.0022559364
Warm A,328879,1941,1940,3901,2349,0,0.013070227
Warm A,262018,1599,1598,3901,2349,1,-0.0032378715
Warm A,463936,2859,2858,3901,2349,1,0.01173329
Warm A,61458,412,411,3901,2349,1,-0.0009849491
Warm A,627173,3792,3791,3901,2349,0,0.005640083
Warm A,94433,633,632,3901,2349,0,0.0028451616
Warm A,258032,1579,1578,3901,2349,0,0.007835731
Warm A,285576,1701,1700,3901,2349,1,0.0064131934
Warm A,29498,201,200,3901,2349,1,0.0007680261
Warm A,562848,3462,3461,3901,2349,0,0.009572808
Warm A,313055,1865,1864,3901,2349,0,0.0009796289
Warm A,964275,5812,5811,3901,2349,0,0.012570194
Warm A,557393,3423,3422,3901,2349,1,0.0041241767
Warm A,699818,4186,4185,3901,2349,0,0.013424011
Warm A,571530,3504,3503,3901,2349,0,0.009742065
Warm A,352480,2063,2062,3901,2349,0,0.013372245
Warm A,172199,1088,1087,3901,2349,0,0.005883964
Warm A,273374,1647,1646,3901,2349,1,0.02255732
Warm A,83646,549,548,3901,2349,0,0.011836336
Warm A,48048,321,320,3908,2350,0,-0.0030932752
Warm A,111128,721,720,3908,2350,0,0.023202822
Warm A,41987,284,283,3908,2350,0,0.0076403166
Warm A,947651,5722,5721,3908,2350,0,0.01441966
Warm A,21051,153,152,3908,2350,1,0.0034528067
Warm A,14153,115,114,3908,2350,0,0.007676435
Warm A,9012,61,60,3908,2350,0,-0.0013870209
Warm A,238398,1447,1446,3908,2350,0,0.020796375
Warm A,352485,2063,2062,3908,2350,0,0.02131133
Warm A,207225,1266,1265,3908,2350,0,0.016732834
Warm A,182288,1137,1136,3908,2350,0,0.010890106
Warm A,108402,710,709,3908,2350,0,0.018386401
Warm A,164960,1051,1050,3908,2350,0,0.015569493
Warm A,437295,2669,2668,3908,2350,0,-0.00035346876
Warm A,927743,5605,5604,3908,2350,0,0.0054933955
Warm A,309849,1842,1841,3908,2350,0,0.016549546
Warm A,328884,1941,1940,3908,2350,0,0.020983513
Warm A,177309,1117,1116,3908,2350,0,0.0066885757
Warm A,730597,4371,4370,3908,2350,0,0.010630468
Warm A,115613,749,748,3908,2350,0,0.008578788
Warm A,474235,2909,2908,3908,2350,1,0.0046831984
Warm A,718737,4305,4304,3908,2350,1,0.015556909
Warm A,116956,753,752,3908,2350,1,0.001857449
Warm A,290637,1733,1732,3908,2350,0,0.011925171
Warm A,628911,3807,3806,3908,2350,0,0.021946795
Warm A,474434,2910,2909,3908,2350,1,0.006938543
Warm A,538264,3312,3311,3908,2350,0,0.014260931
Warm A,235356,1425,1424,3908,2350,0,0.011881361
Warm A,336779,1982,1981,3908,2350,0,-0.003973863
Warm A,322811,1912,1911,3908,2350,0,0.0178826
Warm A,575957,3520,3519,3908,2350,0,0.009408322
Warm A,172202,1088,1087,3908,2350,0,0.014580661
Warm A,456647,2810,2809,3909,2351,0,0.004245939
Warm A,627177,3792,3791,3909,2351,0,0.007398556
Warm A,313058,1865,1864,3909,2351,0,0.0012805997
Warm A,561745,3454,3453,3909,2351,0,0.009376898
Warm A,490453,3017,3016,3909,2351,0,0.003830352
Warm A,235357,1425,1424,3909,2351,1,0.0071156505
Warm A,583761,3562,3561,3909,2351,1,0.005607005
Warm A,116702,752,751,3909,2351,0,0.008091706
Warm A,215764,1306,1305,3909,2351,0,0.010175476
Warm A,319671,1897,1896,3914,2353,0,0.008520159
Warm A,841328,5054,5053,3914,2353,1,0.0020033955
Warm A,116959,753,752,3914,2353,1,0.012719503
Warm A,863984,5205,5204,3914,2353,1,0.014561852
Warm A,538280,3312,3311,3914,2353,0,0.005735802
Warm A,907011,5488,5487,3914,2353,1,0.0027452153
Warm A,235370,1425,1424,3914,2353,0,0.0062234104
Warm A,571540,3504,3503,3914,2353,1,-0.003440993
Warm A,27657,193,192,3914,2353,1,0.007828485
Warm A,328912,1941,1940,3914,2353,1,0.0026757112
Warm A,130142,842,841,3915,2354,1,0.003395101
Warm A,127961,826,825,3915,2354,0,-0.004362318
Warm A,610730,3704,3703,3915,2354,1,0.007519525
Warm A,127164,821,820,3915,2354,0,0.005495589
Warm A,153583,986,985,3915,2354,1,0.0026708099
Warm A,810144,4858,4857,3915,2354,1,1.3303012e-05
Warm A,114647,745,744,3915,2354,0,0.0042632367
Warm A,778980,4653,4652,3915,2354,0,0.011677554
Warm A,104723,693,692,3915,2354,1,0.0081937285
Warm A,101064,673,672,3915,2354,0,0.0072403653
Warm A,100493,670,669,3915,2354,0,0.009965552
Warm A,89674,590,589,3915,2354,1,0.010188218
Warm A,76484,518,517,3915,2354,0,0.009336577
Warm A,57705,390,389,3915,2354,0,0.010361932
Warm A,57038,385,384,3915,2354,0,-0.00081108394
Warm A,50935,335,334,3915,2354,0,-0.0051692617
Warm A,313063,1865,1864,3915,2354,1,0.011331273
Warm A,33720,225,224,3915,2354,0,0.01022682
Warm A,314451,1877,1876,3915,2354,0,0.014282446
Warm A,565074,3473,3472,3915,2354,1,0.013092628
Warm A,447598,2757,2756,3915,2354,0,0.010262748
Warm A,129802,839,838,3915,2354,1,0.015237382
Warm A,485413,2986,2985,3915,2354,0,0.015962811
Warm A,42917,293,292,3915,2354,0,0.00728447
Warm A,508377,3128,3127,3915,2354,1,0.0045321826
Warm A,883196,5333,5332,3915,2354,1,0.002888855
Warm A,567804,3483,3482,3915,2354,1,0.02941158
Warm A,241575,1451,1450,3915,2354,1,0.01170705
Warm A,290653,1733,1732,3915,2354,0,0.011890134
Warm A,713492,4277,4276,3915,2354,1,0.019006088
Warm A,361217,2106,2105,3915,2354,0,0.0064299963
Warm A,500555,3074,3073,3915,2354,1,0.014184851
Warm A,583772,3562,3561,3915,2354,1,0.012326956
Warm A,28511,195,194,3915,2354,1,0.015268058
Warm A,685173,4094,4093,3915,2354,0,0.016517863
Warm A,195849,1203,1202,3915,2354,1,0.009563439
Warm A,684357,4089,4088,3915,2354,0,0.010168174
Warm A,665360,4005,4004,3915,2354,1,0.0077107977
Warm A,405392,2427,2426,3915,2354,1,0.0012082229
Warm A,575006,3518,3517,3915,2354,1,0.016995631
Warm A,575669,3519,3518,3915,2354,1,0.018060675
Warm A,172229,1088,1087,3915,2354,1,0.010433128
Warm A,523105,3224,3223,3915,2354,1,0.00949088
Warm A,358325,2097,2096,3915,2354,1,0.005417868
Warm A,930513,5621,5620,3915,2354,1,0.015419854
Warm A,520610,3210,3209,3915,2354,1,-0.0016886542
Warm A,322836,1912,1911,3915,2354,0,0.0223471
Warm A,206526,1265,1264,3915,2354,1,0.001784448
Warm A,13207,102,101,3915,2354,0,0.0035377226
Warm A,47776,319,318,3915,2354,0,0.010767296
Warm A,768901,4579,4578,3915,2354,0,0.0040166965
Warm A,908203,5493,5492,3915,2354,1,0.009545968
Warm A,319672,1897,1896,3915,2354,0,0.015354195
Warm A,682872,4085,4084,3915,2354,1,0.016483717
Warm A,223883,1354,1353,3915,2354,1,0.008384916
Warm A,24602,173,172,3915,2354,0,0.0028678677
Warm A,215775,1306,1305,3915,2354,1,0.00994722
Warm A,363862,2119,2118,3915,2354,1,0.005314301
Warm A,887027,5359,5358,3915,2354,1,0.016823228
Warm A,501572,3080,3079,3915,2354,1,0.020432904
Warm A,235371,1425,1424,3915,2354,1,0.010133372
Warm A,460922,2841,2840,3915,2354,0,0.010886207
Warm A,608779,3691,3690,3915,2354,0,0.020287383
Warm A,804407,4816,4815,3915,2354,1,0.009431792
Warm A,352511,2063,2062,3915,2354,0,0.019380191
Warm A,34034,229,228,3915,2354,1,0.005981459
Warm A,302375,1794,1793,3915,2354,0,0.003303133
Warm A,362028,2109,2108,3918,2357,0,0.004502052
Warm A,352514,2063,2062,3918,2357,1,0.010979677
Warm A,349708,2053,2052,3918,2357,0,0.0029878593
Warm A,342937,2015,2014,3918,2357,0,-0.0062527815
Warm A,334191,1970,1969,3918,2357,0,-0.0002087761
Warm A,328920,1941,1940,3918,2357,0,0.0053545116
Warm A,326359,1931,1930,3918,2357,1,0.00496233
Warm A,324710,1923,1922,3918,2357,1,0.004249953
Warm A,317232,1885,1884,3918,2357,0,0.005325067
Warm A,330605,1951,1950,3918,2357,0,-0.0031976092
Warm A,305696,1819,1818,3918,2357,0,0.006010531
Warm A,305419,1816,1815,3918,2357,1,0.008707926
Warm A,303394,1802,1801,3918,2357,0,-0.00080433744
Warm A,303681,1803,1802,3918,2357,0,0.0064639556
Warm A,300782,1781,1780,3918,2357,1,-0.00014300481
Warm A,288373,1722,1721,3918,2357,1,0.008807734
Warm A,290656,1733,1732,3918,2357,0,0.012662318
Warm A,291790,1737,1736,3918,2357,0,0.010684751
Warm A,297939,1765,1764,3918,2357,1,0.008479629
Warm A,285599,1701,1700,3918,2357,0,0.010728145
Warm A,281473,1687,1686,3918,2357,0,0.01240879
Warm A,280186,1680,1679,3918,2357,0,0.0055285087
Warm A,277265,1675,1674,3918,2357,0,0.002812915
Warm A,280359,1681,1680,3918,2357,1,-0.0016922961
Warm A,273399,1647,1646,3918,2357,0,0.0062109753
Warm A,270610,1637,1636,3918,2357,0,0.000396459
Warm A,266766,1617,1616,3918,2357,0,0.004623326
Warm A,265377,1611,1610,3918,2357,1,0.012112318
Warm A,261485,1598,1597,3918,2357,1,0.009474886
Warm A,260775,1593,1592,3918,2357,0,0.0030394208
Warm A,259910,1589,1588,3918,2357,0,0.008625871
Warm A,252778,1531,1530,3918,2357,0,0.0019020844
Warm A,248203,1497,1496,3918,2357,0,0.009096369
Warm A,247236,1494,1493,3918,2357,1,0.0016040308
Warm A,248006,1496,1495,3918,2357,1,0.009613872
Warm A,232369,1410,1409,3918,2357,1,0.0024204813
Warm A,226462,1370,1369,3918,2357,0,0.0031709978
Warm A,224400,1356,1355,3918,2357,0,0.0027517183
Warm A,224586,1357,1356,3918,2357,0,0.0011079215
Warm A,220146,1333,1332,3918,2357,0,0.011498166
Warm A,212274,1292,1291,3918,2357,0,0.0061593987
Warm A,204338,1259,1258,3918,2357,0,0.003445743
Warm A,196837,1207,1206,3918,2357,0,0.0017970941
Warm A,210401,1284,1283,3918,2357,0,0.0014902613
Warm A,195999,1204,1203,3918,2357,0,0.007983929
Warm A,184513,1147,1146,3918,2357,0,0.0038421014
Warm A,184197,1146,1145,3918,2357,0,0.009555733
Warm A,307829,1835,1834,3918,2357,1,0.013590079
Warm A,181372,1133,1132,3918,2357,1,0.0077133137
Warm A,180059,1127,1126,3918,2357,0,0.004038726
Warm A,180544,1128,1127,3918,2357,0,0.0022626999
Warm A,176451,1115,1114,3918,2357,1,0.00089517434
Warm A,169729,1077,1076,3918,2357,0,0.00287742
Warm A,159521,1017,1016,3918,2357,1,0.006995403
Warm A,152104,977,976,3918,2357,0,0.011600753
Warm A,145989,937,936,3918,2357,0,0.0051239943
Warm A,142029,915,914,3918,2357,0,0.0021219915
Warm A,157371,1010,1009,3918,2357,0,0.005843575
Warm A,139023,889,888,3918,2357,0,0.004001308
Warm A,135944,877,876,3918,2357,1,0.005852335
Warm A,124055,798,797,3918,2357,0,0.004390946
Warm A,122850,792,791,3918,2357,0,0.0033472544
Warm A,115180,748,747,3918,2357,0,0.0027713315
Warm A,99945,667,666,3918,2357,0,0.0030558188
Warm A,234464,1422,1421,3918,2357,0,0.004471574
Warm A,92884,621,620,3918,2357,0,0.00956561
Warm A,92448,618,617,3918,2357,0,0.007422701
Warm A,86388,565,564,3918,2357,0,0.0010037252
Warm A,83681,549,548,3918,2357,0,0.0066677085
Warm A,82363,546,545,3918,2357,0,0.0031431005
Warm A,239469,1448,1447,3918,2357,0,0.00835907
Warm A,73937,501,500,3918,2357,0,0.005120244
Warm A,82026,543,542,3918,2357,1,0.0019524989
Warm A,72460,482,481,3918,2357,0,0.011511117
Warm A,68967,461,460,3918,2357,0,-5.2123563e-05
Warm A,63556,424,423,3918,2357,0,0.0007741996
Warm A,57708,390,389,3918,2357,1,0.0072978027
Warm A,54138,352,351,3918,2357,1,0.0034203776
Warm A,41287,278,277,3918,2357,1,0.011431912
Warm A,36809,245,244,3918,2357,0,0.0076602013
Warm A,31302,211,210,3918,2357,1,0.0007173938
Warm A,330340,1949,1948,3918,2357,0,0.003886584
Warm A,26868,190,189,3918,2357,0,0.0076861028
Warm A,595971,3624,3623,3918,2357,0,0.0036705616
Warm A,75613,514,513,3918,2357,0,0.0024699462
Warm A,310947,1851,1850,3918,2357,0,-0.007270277
Warm A,18196,139,138,3918,2357,0,0.013853652
Warm A,14157,115,114,3918,2357,0,0.004641267
Warm A,14722,117,116,3918,2357,1,0.003118375
Warm A,13799,110,109,3918,2357,0,0.011287151
Warm A,28517,195,194,3918,2357,1,0.013618829
Warm A,8027,53,52,3918,2357,1,0.0081691975
Warm A,299301,1776,1775,3918,2357,1,0.0034439
Warm A,102767,678,677,3918,2357,1,0.009669602
Warm A,760739,4520,4519,3918,2357,1,0.0068518855
Warm A,597021,3626,3625,3918,2357,0,0.0036297778
Warm A,158827,1015,1014,3918,2357,0,0.0059106383
Warm A,622480,3768,3767,3918,2357,0,0.006052546
Warm A,14240,116,115,3918,2357,1,0.008693812
Warm A,267393,1624,1623,3918,2357,0,0.005235371
Warm A,720284,4312,4311,3918,2357,1,0.0064987405
Warm A,713496,4277,4276,3918,2357,0,0.010059027
Warm A,130649,846,845,3918,2357,0,0.00615909
Warm A,115629,749,748,3918,2357,0,-0.0029169384
Warm A,628921,3807,3806,3918,2357,0,0.005208084
Warm A,474438,2910,2909,3918,2357,0,0.0007226217
Warm A,238428,1447,1446,3918,2357,1,0.0037714795
Warm A,107554,709,708,3919,2358,0,0.010944431
Warm A,92885,621,620,3919,2358,0,-0.0003075166
Warm A,91718,608,607,3919,2358,0,-0.0049029714
Warm A,82027,543,542,3919,2358,1,0.008559512
Warm A,72462,482,481,3919,2358,0,0.009071434
Warm A,57709,390,389,3919,2358,0,0.005504824
Warm A,54141,352,351,3919,2358,0,0.004410649
Warm A,42012,284,283,3919,2358,0,0.005800182
Warm A,41288,278,277,3919,2358,0,0.004038275
Warm A,291792,1737,1736,3919,2358,0,-0.009548838
Warm A,99946,667,666,3919,2358,0,-0.003766554
Warm A,537612,3311,3310,3919,2358,0,-0.0050996677
Warm A,75614,514,513,3919,2358,0,0.00091224257
Warm A,18198,139,138,3919,2358,0,0.0058248616
Warm A,15208,121,120,3919,2358,1,0.01284092
Warm A,14725,117,116,3919,2358,0,0.005303101
Warm A,8029,53,52,3919,2358,0,0.010299281
Warm A,696876,4169,4168,3919,2358,0,0.008562202
Warm A,552760,3401,3400,3919,2358,0,0.0054870453
Warm A,760740,4520,4519,3919,2358,0,-0.006596647
Warm A,597023,3626,3625,3919,2358,0,-0.0030382928
Warm A,46196,308,307,3919,2358,0,0.00036243466
Warm A,720286,4312,4311,3919,2358,0,0.003127444
Warm A,628922,3807,3806,3919,2358,0,-0.0021032856
Warm A,474439,2910,2909,3919,2358,1,0.0077942093
Warm A,63558,424,423,3919,2358,0,0.0029309136
Warm A,893143,5394,5393,3919,2358,0,0.0028389683
Warm A,844149,5074,5073,3920,2359,0,0.00088630663
Warm A,451917,2781,2780,3920,2359,1,0.011348279
Warm A,750542,4478,4477,3920,2359,1,0.016781066
Warm A,772815,4607,4606,3920,2359,1,0.006741588
Warm A,958947,5787,5786,3920,2359,1,0.0012639705
Warm A,203393,1246,1245,3920,2359,0,0.01923369
Warm A,220157,1333,1332,3923,2360,1,0.0059357183
Warm A,204339,1259,1258,3923,2360,1,0.00432045
Warm A,204277,1258,1257,3923,2360,0,0.006780762
Warm A,196227,1206,1205,3923,2360,0,0.010151906
Warm A,194221,1197,1196,3923,2360,0,0.0055479417
Warm A,190130,1179,1178,3923,2360,0,0.0014037372
Warm A,184526,1147,1146,3923,2360,0,-0.00010022754
Warm A,182960,1140,1139,3923,2360,0,-0.0010308209
Warm A,159530,1017,1016,3923,2360,0,0.005300504
Warm A,147222,948,947,3923,2360,0,0.0013847128
Warm A,235975,1428,1427,3923,2360,0,0.0053892583
Warm A,142030,915,914,3923,2360,0,0.008662538
Warm A,205044,1261,1260,3923,2360,1,0.004265433
Warm A,140418,899,898,3923,2360,0,0.0037864344
Warm A,139053,889,888,3923,2360,0,0.008557142
Warm A,133901,868,867,3923,2360,0,0.0024616546
Warm A,131436,850,849,3923,2360,0,0.0057275053
Warm A,128738,835,834,3923,2360,0,0.0025761174
Warm A,127963,826,825,3923,2360,0,0.00035932322
Warm A,153586,986,985,3923,2360,1,-0.00415628
Warm A,124061,798,797,3923,2360,0,0.018513104
Warm A,105485,697,696,3923,2360,0,0.011619849
Warm A,99256,661,660,3923,2360,0,0.0022307374
Warm A,713515,4277,4276,3923,2360,0,0.00498725
Warm A,91017,602,601,3923,2360,0,0.010090435
Warm A,330858,1952,1951,3923,2360,0,-0.000822654
Warm A,244304,1470,1469,3923,2360,0,0.009428627
Warm A,82368,546,545,3923,2360,0,0.0068557286
Warm A,76063,516,515,3923,2360,0,0.0076921512
Warm A,67260,452,451,3923,2360,1,0.010103151
Warm A,66701,445,444,3923,2360,0,0.012552728
Warm A,47052,316,315,3923,2360,0,0.014809923
Warm A,55030,362,361,3923,2360,0,0.0011737924
Warm A,42018,284,283,3923,2360,0,0.00030474085
Warm A,191674,1181,1180,3923,2360,0,0.0035343743
Warm A,41290,278,277,3923,2360,1,0.005402775
Warm A,36828,245,244,3923,2360,0,0.012897957
Warm A,418321,2528,2527,3923,2360,0,0.0029906924
Warm A,592295,3610,3609,3923,2360,0,0.009035806
Warm A,8683,58,57,3923,2360,0,0.0028995355
Warm A,552771,3401,3400,3923,2360,0,0.007120855
Warm A,753398,4489,4488,3923,2360,0,0.0019458877
Warm A,801576,4802,4801,3923,2360,0,0.0048413235
Warm A,699828,4186,4185,3923,2360,0,0.009851789
Warm A,245118,1477,1476,3925,2361,1,-0.0012845239
Warm A,242290,1462,1461,3925,2361,0,0.0021531512
Warm A,241617,1452,1451,3925,2361,1,-0.006652673
Warm A,237466,1446,1445,3925,2361,1,-0.004362052
Warm A,240719,1449,1448,3925,2361,0,0.01777323
Warm A,631945,3821,3820,3925,2361,1,0.0053456184
Warm A,208481,1273,1272,3925,2361,1,-0.0014296912
Warm A,204279,1258,1257,3925,2361,1,0.00041176938
Warm A,203527,1248,1247,3925,2361,1,0.006632125
Warm A,207430,1267,1266,3925,2361,0,0.0022223594
Warm A,320471,1899,1898,3925,2361,1,0.013474589
Warm A,294605,1749,1748,3925,2361,0,0.0011258994
Warm A,191675,1181,1180,3925,2361,0,0.005040556
Warm A,184527,1147,1146,3925,2361,1,-0.00024287484
Warm A,212600,1294,1293,3925,2361,1,0.0070684813
Warm A,185973,1150,1149,3925,2361,1,0.0063117505
Warm A,176595,1116,1115,3925,2361,1,-0.0019807927
Warm A,250019,1505,1504,3925,2361,1,0.0067483988
Warm A,158851,1015,1014,3925,2361,1,0.0019262547
Warm A,152111,977,976,3925,2361,0,0.006889414
Warm A,246573,1489,1488,3925,2361,0,0.001650255
Warm A,371190,2168,2167,3925,2361,1,-0.0012225616
Warm A,147837,952,951,3925,2361,1,0.0017871293
Warm A,139055,889,888,3925,2361,0,0.009829201
Warm A,160576,1019,1018,3925,2361,1,0.0013693371
Warm A,130654,846,845,3925,2361,1,0.005343838
Warm A,128408,830,829,3925,2361,1,0.0010149858
Warm A,301000,1786,1785,3925,2361,1,0.003377949
Warm A,141096,909,908,3925,2361,0,0.006918519
Warm A,524502,3233,3232,3925,2361,1,-0.0019537976
Warm A,349428,2050,2049,3925,2361,0,0.00591884
Warm A,108581,711,710,3925,2361,1,0.0044877417
Warm A,105355,696,695,3925,2361,0,0.0041061863
Warm A,260925,1594,1593,3925,2361,0,0.010127443
Warm A,211545,1285,1284,3925,2361,0,0.011500791
Warm A,222224,1343,1342,3925,2361,1,0.009927648
Warm A,92187,613,612,3925,2361,1,0.0033518923
Warm A,250685,1511,1510,3925,2361,0,0.008734157
Warm A,79902,532,531,3925,2361,1,0.0059214393
Warm A,78053,524,523,3925,2361,1,0.0056165853
Warm A,70568,475,474,3925,2361,1,-0.0016098074
Warm A,74094,504,503,3925,2361,0,0.010914145
Warm A,69592,466,465,3925,2361,1,-0.0013389332
Warm A,69396,465,464,3925,2361,1,0.007952958
Warm A,68384,458,457,3925,2361,0,-0.0026408166
Warm A,57713,390,389,3925,2361,0,0.0011950391
Warm A,589661,3596,3595,3925,2361,1,0.007496422
Warm A,239486,1448,1447,3925,2361,0,0.006796717
Warm A,61497,412,411,3925,2361,1,0.0030352087
Warm A,778048,4647,4646,3925,2361,1,0.00096241944
Warm A,22140,161,160,3925,2361,1,0.013851526
Warm A,13638,108,107,3925,2361,0,0.0043635843
Warm A,916820,5539,5538,3925,2361,1,0.0031571805
Warm A,482137,2962,2961,3925,2361,0,-0.007117856
Warm A,203736,1252,1251,3925,2361,1,0.00439642
Warm A,546271,3367,3366,3925,2361,1,0.0054478245
Warm A,823413,4950,4949,3925,2361,0,0.0059241657
Warm A,639450,3842,3841,3925,2361,1,0.0036718787
Warm A,24626,173,172,3925,2361,1,0.00827454
Warm A,933694,5636,5635,3925,2361,0,0.0037622855
Warm A,550772,3391,3390,3925,2361,1,-0.0014480068
Warm A,958948,5787,5786,3925,2361,1,-0.00090262876
Warm A,63578,424,423,3925,2361,1,-0.0035746433
Warm A,877082,5300,5299,3925,2361,1,-7.733586e-05
Warm A,381868,2231,2230,3926,2362,0,0.006979971
Warm A,377545,2203,2202,3926,2362,1,0.0014875409
Warm A,372202,2173,2172,3926,2362,0,-0.00504901
Warm A,374566,2181,2180,3926,2362,0,0.0015359423
Warm A,370827,2167,2166,3926,2362,0,-0.004832566
Warm A,368178,2151,2150,3926,2362,0,-0.00020564953
Warm A,366861,2139,2138,3926,2362,0,-0.004639797
Warm A,366025,2130,2129,3926,2362,1,-0.002546987
Warm A,364221,2121,2120,3926,2362,0,-0.010799477
Warm A,362257,2110,2109,3926,2362,1,-0.0073441537
Warm A,356624,2088,2087,3926,2362,1,-0.0013104008
Warm A,353254,2069,2068,3926,2362,0,-0.0021735514
Warm A,349713,2053,2052,3926,2362,0,-0.002423728
Warm A,346811,2032,2031,3926,2362,0,-0.0014802393
Warm A,343284,2016,2015,3926,2362,0,-0.017223815
Warm A,339925,2004,2003,3926,2362,1,-0.0043236036
Warm A,334867,1974,1973,3926,2362,0,-0.009066139
Warm A,334198,1970,1969,3926,2362,0,-0.0015360899
Warm A,328947,1941,1940,3926,2362,0,0.0034392704
Warm A,324225,1921,1920,3926,2362,0,0.001682629
Warm A,320667,1901,1900,3926,2362,0,0.009060849
Warm A,317420,1888,1887,3926,2362,1,0.001838958
Warm A,316034,1882,1881,3926,2362,1,-0.0094388295
Warm A,317384,1887,1886,3926,2362,0,-0.0047027627
Warm A,315747,1880,1879,3926,2362,0,-0.00597528
Warm A,327299,1939,1938,3926,2362,0,0.0016306018
Warm A,303685,1803,1802,3926,2362,0,-0.0057546953
Warm A,287946,1717,1716,3926,2362,0,-0.008923404
Warm A,286988,1712,1711,3926,2362,0,-0.0038654413
Warm A,292668,1741,1740,3926,2362,1,-0.0045127464
Warm A,276566,1671,1670,3926,2362,0,-0.0059654135
Warm A,275935,1670,1669,3926,2362,0,-0.0076723066
Warm A,275814,1667,1666,3926,2362,0,-0.0071838396
Warm A,289609,1727,1726,3926,2362,1,-0.01155162
Warm A,270611,1637,1636,3926,2362,1,-0.007619244
Warm A,266269,1614,1613,3926,2362,1,-3.365439e-05
Warm A,261491,1598,1597,3926,2362,1,0.0040233326
Warm A,260567,1592,1591,3926,2362,1,0.0015564038
Warm A,252780,1531,1530,3926,2362,1,-0.0008567986
Warm A,250236,1507,1506,3926,2362,0,-0.0021321317
Warm A,248211,1497,1496,3926,2362,0,-0.010031385
Warm A,253341,1540,1539,3926,2362,1,-0.012043081
Warm A,245119,1477,1476,3926,2362,0,-0.002083004
Warm A,244566,1472,1471,3926,2362,0,-0.004481718
Warm A,242253,1461,1460,3926,2362,1,-0.003154223
Warm A,237109,1441,1440,3926,2362,0,-0.0049389447
Warm A,231829,1404,1403,3926,2362,0,-0.0036290009
Warm A,230982,1398,1397,3926,2362,0,0.0019842745
Warm A,232373,1410,1409,3926,2362,1,0.00091938954
Warm A,312571,1861,1860,3926,2362,0,0.002521724
Warm A,224408,1356,1355,3926,2362,1,-0.0053252317
Warm A,267397,1624,1623,3926,2362,1,0.004173994
Warm A,220620,1337,1336,3926,2362,1,-0.012659513
Warm A,215218,1303,1302,3926,2362,1,0.002735084
Warm A,213172,1297,1296,3926,2362,1,-0.000845446
Warm A,204340,1259,1258,3926,2362,1,-0.0017314986
Warm A,204280,1258,1257,3926,2362,1,0.0165703
Warm A,262039,1599,1598,3926,2362,1,-0.0074369023
Warm A,196089,1205,1204,3926,2362,0,-0.0049392786
Warm A,210408,1284,1283,3926,2362,0,0.0065399497
Warm A,188728,1170,1169,3926,2362,0,0.003279031
Warm A,184528,1147,1146,3926,2362,0,-0.0042808396
Warm A,183825,1145,1144,3926,2362,0,-0.006811402
Warm A,181694,1135,1134,3926,2362,0,-0.014096236
Warm A,180663,1129,1128,3926,2362,1,-0.0019708483
Warm A,178910,1122,1121,3926,2362,0,-0.007354187
Warm A,177766,1119,1118,3926,2362,0,0.00076762517
Warm A,346509,2030,2029,3926,2362,0,0.00096538034
Warm A,249112,1501,1500,3926,2362,1,-0.0059553105
Warm A,166864,1061,1060,3926,2362,0,-0.0106135085
Warm A,167568,1067,1066,3926,2362,0,-0.0072243256
Warm A,159531,1017,1016,3926,2362,0,-0.00291358
Warm A,153412,984,983,3926,2362,0,-0.010731163
Warm A,147599,949,948,3926,2362,1,-0.009526112
Warm A,147225,948,947,3926,2362,1,0.0011848672
Warm A,235976,1428,1427,3926,2362,1,0.0036309697
Warm A,199730,1224,1223,3926,2362,1,-0.015337647
Warm A,145563,935,934,3926,2362,1,-0.0014544596
Warm A,143406,924,923,3926,2362,1,0.002603327
Warm A,142579,919,918,3926,2362,1,-0.003279943
Warm A,225366,1362,1361,3926,2362,0,-0.0142878415
Warm A,141777,911,910,3926,2362,1,-0.0052107256
Warm A,140821,904,903,3926,2362,0,-0.0038754293
Warm A,140479,901,900,3926,2362,1,-0.0066217445
Warm A,139056,889,888,3926,2362,0,-0.015315447
Warm A,347596,2038,2037,3926,2362,1,-0.002350042
Warm A,133902,868,867,3926,2362,0,-0.0058513517
Warm A,374958,2185,2184,3926,2362,0,-0.0027154163
Warm A,103743,689,688,3926,2362,0,0.0037021085
Warm A,234476,1422,1421,3926,2362,0,-0.012670624
Warm A,95650,639,638,3926,2362,1,-0.0035762675
Warm A,91018,602,601,3926,2362,1,0.00055830297
Warm A,86308,563,562,3926,2362,0,-0.0013577726
Warm A,83706,549,548,3926,2362,1,-0.0081811445
Warm A,84676,550,549,3926,2362,0,-0.0020245286
Warm A,76890,521,520,3926,2362,0,-0.004984861
Warm A,76065,516,515,3926,2362,0,-0.0007139598
Warm A,70998,476,475,3926,2362,1,-0.0062903543
Warm A,67261,452,451,3926,2362,1,-0.004370889
Warm A,66702,445,444,3926,2362,0,-0.009962692
Warm A,67651,453,452,3926,2362,1,-0.014754137
Warm A,52275,343,342,3926,2362,1,-0.0067687654
Warm A,36831,245,244,3926,2362,0,-0.0035793574
Warm A,482139,2962,2961,3926,2362,0,-0.008962404
Warm A,17895,137,136,3926,2362,0,0.00021482399
Warm A,16505,130,129,3926,2362,1,-0.00030287588
Warm A,14735,117,116,3926,2362,1,-0.0035845535
Warm A,8046,53,52,3926,2362,1,-0.0022668794
Warm A,7101,48,47,3926,2362,0,0.00036761328
Warm A,389532,2282,2281,3926,2362,1,0.0017613659
Warm A,300670,1780,1779,3926,2362,0,-0.008676218
Warm A,801577,4802,4801,3926,2362,1,-0.010720063
Warm A,310956,1851,1850,3926,2362,0,-0.0028213891
Warm A,538765,3313,3312,3926,2362,0,-0.0009817269
Warm A,622491,3768,3767,3926,2362,0,-0.0059737074
Warm A,441849,2715,2714,3926,2362,1,0.001855904
Warm A,217471,1317,1316,3926,2362,1,-0.0050562844
Warm A,657762,3963,3962,3926,2362,0,-0.009608623
Warm A,699829,4186,4185,3926,2362,0,-0.0068766773
Warm A,821646,4940,4939,3926,2362,1,-0.0059204246
Warm A,293465,1747,1746,3929,2365,0,0.0059705516
Warm A,287949,1717,1716,3929,2365,1,0.010939363
Warm A,286053,1706,1705,3929,2365,1,-0.008040673
Warm A,294047,1748,1747,3929,2365,1,0.005576155
Warm A,276569,1671,1670,3929,2365,1,0.0058159567
Warm A,289612,1727,1726,3929,2365,1,-0.000256788
Warm A,266864,1618,1617,3929,2365,1,0.004619076
Warm A,337324,1983,1982,3929,2365,1,0.0073958915
Warm A,252781,1531,1530,3929,2365,1,0.0025514192
Warm A,250238,1507,1506,3929,2365,1,0.004402905
Warm A,248215,1497,1496,3929,2365,0,-0.0070777726
Warm A,245122,1477,1476,3929,2365,1,-0.002594177
Warm A,302826,1798,1797,3929,2365,1,0.0033025104
Warm A,240726,1449,1448,3929,2365,1,0.0031950548
Warm A,236871,1439,1438,3929,2365,1,0.001537622
Warm A,231385,1401,1400,3929,2365,1,-0.002310713
Warm A,231830,1404,1403,3929,2365,1,0.0006640502
Warm A,232376,1410,1409,3929,2365,0,0.0037754774
Warm A,229031,1387,1386,3929,2365,0,0.007486879
Warm A,228678,1383,1382,3929,2365,0,0.0054688673
Warm A,243600,1469,1468,3929,2365,1,-0.0036347583
Warm A,222225,1343,1342,3929,2365,1,0.0048840805
Warm A,218199,1322,1321,3929,2365,1,0.007819773
Warm A,218736,1325,1324,3929,2365,1,0.005788287
Warm A,216681,1316,1315,3929,2365,1,0.0037407759
Warm A,204282,1258,1257,3929,2365,1,0.0054125004
Warm A,199938,1227,1226,3929,2365,1,-0.0010218817
Warm A,199733,1224,1223,3929,2365,1,0.007036429
Warm A,192240,1183,1182,3929,2365,1,0.00859047
Warm A,190133,1179,1178,3929,2365,0,-0.005524443
Warm A,184530,1147,1146,3929,2365,1,0.0043565948
Warm A,174926,1108,1107,3929,2365,1,0.0029234518
Warm A,219577,1331,1330,3929,2365,1,0.003743751
Warm A,161905,1032,1031,3929,2365,1,0.0117911
Warm A,160994,1023,1022,3929,2365,1,0.0002617417
Warm A,160579,1019,1018,3929,2365,0,-0.007028035
Warm A,158855,1015,1014,3929,2365,1,0.013412835
Warm A,153880,989,988,3929,2365,1,0.00028318982
Warm A,246576,1489,1488,3929,2365,0,0.004774536
Warm A,144592,931,930,3929,2365,0,0.0055089113
Warm A,139061,889,888,3929,2365,0,0.012411437
Warm A,436840,2665,2664,3929,2365,0,0.006626469
Warm A,384350,2244,2243,3929,2365,1,0.0051517906
Warm A,132924,857,856,3929,2365,1,-0.00029071048
Warm A,374961,2185,2184,3929,2365,0,0.001368995
Warm A,128411,830,829,3929,2365,0,-0.0010386598
Warm A,301002,1786,1785,3929,2365,1,0.011439823
Warm A,125396,806,805,3929,2365,1,0.0035780885
Warm A,141098,909,908,3929,2365,1,-0.0013336269
Warm A,114058,740,739,3929,2365,1,0.0058216276
Warm A,112798,731,730,3929,2365,1,-0.0005629817
Warm A,101794,677,676,3929,2365,1,-0.00024520163
Warm A,96047,645,644,3929,2365,1,0.00585855
Warm A,98221,656,655,3929,2365,0,-0.00047961483
Warm A,437684,2673,2672,3929,2365,0,0.0012534754
Warm A,424437,2574,2573,3929,2365,1,-0.006266262
Warm A,99652,664,663,3929,2365,1,-0.00011393026
Warm A,86918,566,565,3929,2365,0,0.00885664
Warm A,80925,537,536,3929,2365,1,-0.006676021
Warm A,73569,498,497,3929,2365,1,-0.0022623204
Warm A,67263,452,451,3929,2365,1,0.006698411
Warm A,123650,796,795,3929,2365,0,0.00258373
Warm A,47076,317,316,3929,2365,1,-0.0013712354
Warm A,45655,307,306,3929,2365,1,0.00376557
Warm A,41392,280,279,3929,2365,1,0.003848555
Warm A,32425,216,215,3929,2365,1,0.0043075597
Warm A,27671,193,192,3929,2365,0,0.0011782516
Warm A,13600,107,106,3929,2365,1,0.010526713
Warm A,136048,879,878,3929,2365,1,0.0015951409
Warm A,592300,3610,3609,3929,2365,0,0.0008841972
Warm A,9503,62,61,3929,2365,1,0.0060198493
Warm A,739490,4418,4417,3929,2365,1,0.0109313885
Warm A,901518,5450,5449,3929,2365,0,0.009663663
Warm A,15869,123,122,3929,2365,0,0.008531998
Warm A,844151,5074,5073,3929,2365,1,0.005248924
Warm A,34919,235,234,3929,2365,1,0.0013274844
Warm A,250020,1505,1504,3929,2365,1,0.0012850738
Warm A,616765,3732,3731,3929,2365,0,0.008192819
Warm A,24631,173,172,3929,2365,1,0.0070964396
Warm A,635721,3832,3831,3929,2365,1,0.00090161583
Warm A,474290,2909,2908,3929,2365,1,0.0011420352
Warm A,93483,624,623,3929,2365,0,0.013603732
Warm A,639453,3842,3841,3929,2365,1,-0.0019260636
Warm A,322860,1912,1911,3929,2365,0,0.002925972
Warm A,176208,1113,1112,3929,2365,1,0.0015189587
Warm A,877084,5300,5299,3929,2365,1,0.0102799265
Warm A,839542,5046,5045,3929,2365,1,0.008629681
Warm A,264840,1611,1610,3936,2368,1,0.0011390657
Warm A,261316,1598,1597,3936,2368,1,0.011431299
Warm A,260929,1595,1594,3936,2368,0,0.0044293692
Warm A,250133,1507,1506,3936,2368,1,0.004980723
Warm A,248023,1497,1496,3936,2368,0,0.010236303
Warm A,250724,1513,1512,3936,2368,1,0.003709888
Warm A,253228,1540,1539,3936,2368,1,0.00091202545
Warm A,245092,1477,1476,3936,2368,1,0.009914322
Warm A,243605,1470,1469,3936,2368,1,0.0009455057
Warm A,242204,1461,1460,3936,2368,1,-0.002670317
Warm A,356733,2090,2089,3936,2368,0,-0.00022330147
Warm A,232301,1410,1409,3936,2368,1,0.0018136012
Warm A,223957,1356,1355,3936,2368,1,0.007748251
Warm A,218206,1323,1322,3936,2368,1,0.004641262
Warm A,208488,1274,1273,3936,2368,0,0.004838594
Warm A,269574,1635,1634,3936,2368,1,0.012243474
Warm A,212344,1294,1293,3936,2368,1,-0.0030441317
Warm A,174928,1109,1108,3936,2368,1,0.0032772848
Warm A,190182,1181,1180,3936,2368,0,0.0039971434
Warm A,160954,1023,1022,3936,2368,0,0.0032415267
Warm A,159025,1017,1016,3936,2368,0,0.0007458479
Warm A,159669,1019,1018,3936,2368,0,0.012453765
Warm A,360347,2106,2105,3936,2368,1,-0.0006051548
Warm A,235930,1428,1427,3936,2368,1,0.0049377466
Warm A,145653,937,936,3936,2368,1,0.006848393
Warm A,184694,1150,1149,3936,2368,0,0.010783203
Warm A,137570,889,888,3936,2368,0,0.00904039
Warm A,134934,873,872,3936,2368,1,0.008572476
Warm A,374674,2185,2184,3936,2368,1,0.0043646414
Warm A,153568,986,985,3936,2368,1,-0.009336969
Warm A,123743,798,797,3936,2368,1,0.0040967595
Warm A,125335,806,805,3936,2368,0,0.01397871
Warm A,118034,764,763,3936,2368,1,0.0070646014
Warm A,114025,740,739,3936,2368,1,-0.000299835
Warm A,112165,731,730,3936,2368,0,0.009409016
Warm A,94506,635,634,3936,2368,1,0.010026051
Warm A,339002,1998,1997,3936,2368,0,0.011259461
Warm A,100680,673,672,3936,2368,0,0.0060068015
Warm A,250599,1511,1510,3936,2368,1,0.0031296955
Warm A,75781,516,515,3936,2368,1,0.0082616685
Warm A,79911,533,532,3936,2368,1,0.010551774
Warm A,68979,462,461,3936,2368,0,0.0006295969
Warm A,67134,452,451,3936,2368,1,-0.0077438336
Warm A,50734,334,333,3936,2368,1,0.006128985
Warm A,37070,251,250,3936,2368,0,0.0017655715
Warm A,713541,4277,4276,3936,2368,0,0.010646737
Warm A,12978,101,100,3936,2368,1,0.0008355172
Warm A,591612,3610,3609,3936,2368,0,0.016309574
Warm A,481528,2962,2961,3936,2368,0,0.0060203234
Warm A,927757,5605,5604,3936,2368,1,0.014998394
Warm A,433429,2643,2642,3936,2368,1,0.008797722
Warm A,825678,4958,4957,3936,2368,0,0.0051053166
Warm A,259815,1589,1588,3937,2369,0,9.730086e-05
Warm A,336789,1983,1982,3937,2369,1,0.010467082
Warm A,253229,1540,1539,3937,2369,1,0.00133301
Warm A,247425,1496,1495,3937,2369,0,0.013859554
Warm A,237009,1441,1440,3937,2369,0,-0.0121866455
Warm A,232302,1410,1409,3937,2369,1,0.0076568928
Warm A,226320,1370,1369,3937,2369,0,0.0009739776
Warm A,226896,1377,1376,3937,2369,0,-0.0066789887
Warm A,267055,1624,1623,3937,2369,0,-0.0061074826
Warm A,219618,1333,1332,3937,2369,0,0.0024558846
Warm A,214555,1303,1302,3937,2369,0,0.001877238
Warm A,277285,1676,1675,3937,2369,0,0.011743526
Warm A,210424,1285,1284,3937,2369,0,0.0007110648
Warm A,204285,1259,1258,3937,2369,1,0.01017078
Warm A,205487,1264,1263,3937,2369,0,-0.0043855156
Warm A,308270,1837,1836,3937,2369,0,0.0035062993
Warm A,200224,1230,1229,3937,2369,0,0.003751594
Warm A,278409,1680,1679,3937,2369,0,0.0053862985
Warm A,195870,1204,1203,3937,2369,0,0.0066251177
Warm A,260575,1593,1592,3937,2369,0,0.008273482
Warm A,184212,1147,1146,3937,2369,0,0.011911579
Warm A,183828,1146,1145,3937,2369,0,-0.008049258
Warm A,180564,1129,1128,3937,2369,0,0.0011051446
Warm A,165688,1057,1056,3937,2369,0,0.0034200847
Warm A,212697,1297,1296,3937,2369,0,0.0077479524
Warm A,150883,971,970,3937,2369,0,-0.003656447
Warm A,149413,963,962,3937,2369,0,0.0042024385
Warm A,147244,949,948,3937,2369,1,0.009063624
Warm A,267768,1628,1627,3937,2369,0,-0.010420428
Warm A,150336,970,969,3937,2369,0,0.0036884495
Warm A,137572,889,888,3937,2369,0,0.0028144773
Warm A,135331,877,876,3937,2369,0,-0.0016957615
Warm A,133909,869,868,3937,2369,0,0.006029628
Warm A,202253,1244,1243,3937,2369,0,-0.0065511595
Warm A,252136,1527,1526,3937,2369,0,0.0072575137
Warm A,314807,1880,1879,3937,2369,0,0.0014174758
Warm A,124659,802,801,3937,2369,0,-0.012944121
Warm A,118174,765,764,3937,2369,0,-0.004075653
Warm A,378989,2213,2212,3937,2369,0,0.0030444642
Warm A,98489,660,659,3937,2369,0,0.0007083891
Warm A,107559,710,709,3937,2369,0,-0.0025371267
Warm A,713542,4277,4276,3937,2369,1,-0.0015360368
Warm A,90871,602,601,3937,2369,0,-0.0018959519
Warm A,88652,587,586,3937,2369,0,0.0030566566
Warm A,88013,579,578,3937,2369,0,0.0047107576
Warm A,85970,563,562,3937,2369,0,-0.0004569511
Warm A,82574,549,548,3937,2369,0,5.7681464e-05
Warm A,190183,1181,1180,3937,2369,0,0.012896162
Warm A,74346,508,507,3937,2369,1,0.00049761264
Warm A,73874,501,500,3937,2369,1,0.0002915142
Warm A,66426,445,444,3937,2369,0,0.0035858043
Warm A,304553,1812,1811,3937,2369,1,-0.0027585234
Warm A,239500,1449,1448,3937,2369,0,-0.00602304
Warm A,745173,4448,4447,3937,2369,0,0.004749189
Warm A,38665,264,263,3937,2369,0,0.0053129923
Warm A,38112,261,260,3937,2369,0,0.009878082
Warm A,37278,255,254,3937,2369,1,0.0030080068
Warm A,37071,251,250,3937,2369,0,-0.008387806
Warm A,36093,245,244,3937,2369,0,-0.0013409236
Warm A,418261,2528,2527,3937,2369,0,-0.0005486314
Warm A,613481,3717,3716,3937,2369,1,0.0046354653
Warm A,16382,130,129,3937,2369,1,0.007068201
Warm A,8265,58,57,3937,2369,0,0.0006510003
Warm A,5710,42,41,3937,2369,0,-0.0027370548
Warm A,15278,123,122,3937,2369,0,0.009326835
Warm A,481529,2962,2961,3937,2369,0,0.00856746
Warm A,551950,3401,3400,3937,2369,1,-0.00414239
Warm A,129060,839,838,3937,2369,0,-0.00075115636
Warm A,879213,5312,5311,3937,2369,1,-0.002533642
Warm A,840832,5053,5052,3937,2369,1,0.011462634
Warm A,101801,678,677,3937,2369,0,0.012129762
Warm A,310465,1851,1850,3937,2369,0,-0.010548849
Warm A,136167,881,880,3937,2369,1,-0.007812122
Warm A,699841,4186,4185,3937,2369,0,-0.003536263
Warm A,62383,424,423,3937,2369,0,-0.001950446
Warm A,242063,1458,1457,3943,2370,0,8.89916e-05
Warm A,175905,1113,1112,3943,2370,1,0.0036216988
Warm A,223233,1354,1353,3943,2370,1,0.009766498
Warm A,190218,1181,1180,3943,2370,1,0.014068322
Warm A,521692,3219,3218,3943,2370,0,0.010034137
Warm A,496328,3051,3050,3943,2370,1,-0.008348644
Warm A,372563,2176,2175,3943,2370,0,0.008267846
Warm A,197170,1211,1210,3943,2370,1,0.0058243894
Warm A,254799,1551,1550,3943,2370,1,0.0018306159
Warm A,206566,1266,1265,3943,2370,0,0.0010693353
Warm A,757486,4508,4507,3943,2370,1,0.020396363
Warm A,541577,3333,3332,3943,2370,1,0.0016945016
Warm A,27779,195,194,3943,2370,1,0.0005748999
Warm A,370845,2168,2167,3943,2370,1,0.0046220943
Warm A,567185,3483,3482,3943,2370,0,0.009141565
Warm A,635621,3832,3831,3943,2370,1,0.00559198
Warm A,241758,1457,1456,3943,2370,0,0.009923525
Warm A,921096,5565,5564,3943,2370,1,0.0016901243
Warm A,272564,1647,1646,3943,2370,1,0.0005295556
Warm A,470696,2898,2897,3943,2370,0,0.003983433
Warm A,764265,4543,4542,3943,2370,0,0.0059921267
Warm A,206208,1265,1264,3943,2370,1,-0.0026059854
Warm A,319057,1897,1896,3943,2370,1,0.006940139
Warm A,257338,1579,1578,3943,2370,0,0.006109549
Warm A,360376,2106,2105,3943,2370,1,-0.00093645515
Warm A,916833,5539,5538,3943,2370,0,0.0050833123
Warm A,285079,1701,1700,3943,2370,0,0.0069499216
Warm A,312750,1865,1864,3943,2370,1,-0.0054299203
Warm A,283750,1698,1697,3943,2370,0,0.0010888577
Warm A,801596,4802,4801,3943,2370,1,0.0026652631
Warm A,145666,937,936,3943,2370,0,0.00867631
Warm A,256015,1561,1560,3943,2370,1,0.0011567374
Warm A,820933,4934,4933,3943,2370,0,0.013675067
Warm A,193358,1194,1193,3943,2370,0,0.008462358
Warm A,33841,229,228,3943,2370,1,0.009029983
Warm A,863355,5198,5197,3943,2370,0,0.0022432408
Warm A,33274,225,224,3946,2371,0,0.009878186
Warm A,31447,214,213,3946,2371,0,0.0010794663
Warm A,947677,5722,5721,3946,2371,0,-0.008632243
Warm A,314316,1877,1876,3946,2371,0,0.0045572873
Warm A,13379,105,104,3946,2371,0,-0.0058512157
Warm A,12982,101,100,3946,2371,1,-0.008571293
Warm A,211632,1287,1286,3946,2371,0,-0.012308332
Warm A,389355,2282,2281,3946,2371,0,0.0031661787
Warm A,123213,796,795,3946,2371,0,-0.00042134197
Warm A,863993,5205,5204,3946,2371,0,-0.006108458
Warm A,530747,3280,3279,3946,2371,0,-0.00015134457
Warm A,399684,2380,2379,3946,2371,0,0.004954493
Warm A,388303,2272,2271,3946,2371,0,0.002498608
Warm A,472208,2907,2906,3946,2371,0,-0.002392532
Warm A,65099,438,437,3946,2371,0,-0.005462922
Warm A,287292,1715,1714,3946,2371,0,-0.0026456192
Warm A,567188,3483,3482,3946,2371,0,-0.016118245
Warm A,206569,1266,1265,3946,2371,0,-0.0013769511
Warm A,107589,710,709,3946,2371,0,-0.0019794884
Warm A,469764,2895,2894,3946,2371,0,-0.009025045
Warm A,437197,2669,2668,3946,2371,0,0.00012227194
Warm A,564078,3471,3470,3946,2371,0,-0.0018885392
Warm A,992530,5996,5995,3946,2371,0,-0.004839957
Warm A,19746,149,148,3946,2371,0,0.006550931
Warm A,10590,76,75,3946,2371,0,-0.005153774
Warm A,181778,1137,1136,3946,2371,0,0.0011450183
Warm A,27784,195,194,3946,2371,0,-0.0010225028
Warm A,49881,331,330,3946,2371,0,-0.0017086499
Warm A,720308,4312,4311,3946,2371,0,0.002955934
Warm A,537660,3312,3311,3946,2371,0,-0.0032837235
Warm A,17076,134,133,3946,2371,0,-0.00762318
Warm A,415639,2504,2503,3946,2371,0,-0.00090718776
Warm A,26625,188,187,3946,2371,0,-0.0010081544
Warm A,561417,3454,3453,3946,2371,0,-0.004566858
Warm A,696952,4169,4168,3946,2371,0,0.00014403323
Warm A,688280,4117,4116,3946,2371,1,0.0032656724
Warm A,336633,1982,1981,3946,2371,0,0.0050689625
Warm A,941583,5682,5681,3946,2371,0,-0.004523882
Warm A,496330,3051,3050,3946,2371,0,-0.011914145
Warm A,427310,2594,2593,3946,2371,0,-4.672946e-05
Warm B,678060,4064,4063,4,3,0,0.014794094
Warm B,673848,4048,4047,4,3,0,-0.000431346
Warm B,661206,3988,3987,4,3,1,0.0039663864
Warm B,642638,3868,3867,4,3,0,0.014705608
Warm B,634552,3829,3828,4,3,0,0.012252051
Warm B,628954,3808,3807,4,3,0,0.011783893
Warm B,618592,3749,3748,4,3,0,0.0063763116
Warm B,617875,3743,3742,4,3,0,0.010484856
Warm B,793914,4748,4747,4,3,1,0.0123065375
Warm B,670020,4028,4027,4,3,0,0.016298864
Warm B,612335,3713,3712,4,3,1,0.013520265
Warm B,611704,3709,3708,4,3,0,-0.0019606494
Warm B,583126,3562,3561,4,3,0,0.015179581
Warm B,580745,3547,3546,4,3,0,0.0150796175
Warm B,578846,3539,3538,4,3,1,0.01522401
Warm B,571336,3504,3503,4,3,1,0.015350079
Warm B,593222,3618,3617,4,3,0,0.008886687
Warm B,557491,3425,3424,4,3,0,0.01587307
Warm B,766107,4562,4561,4,3,0,0.015820598
Warm B,575040,3519,3518,4,3,0,0.01675269
Warm B,576734,3526,3525,4,3,0,0.01330672
Warm B,549608,3391,3390,4,3,0,0.022692222
Warm B,525522,3246,3245,4,3,0,0.0015767005
Warm B,515218,3182,3181,4,3,0,0.012800664
Warm B,521281,3217,3216,4,3,1,0.0078942925
Warm B,505778,3111,3110,4,3,0,0.0019710131
Warm B,502768,3087,3086,4,3,0,0.008083127
Warm B,516230,3189,3188,4,3,1,0.020443043
Warm B,500156,3072,3071,4,3,1,0.0057517523
Warm B,493688,3032,3031,4,3,1,0.014540024
Warm B,492398,3029,3028,4,3,0,0.022956587
Warm B,477784,2934,2933,4,3,0,0.010907965
Warm B,472201,2907,2906,4,3,0,0.025928784
Warm B,852488,5113,5112,4,3,0,0.009198778
Warm B,469460,2891,2890,4,3,1,0.01892948
Warm B,879728,5317,5316,4,3,0,0.016857669
Warm B,443398,2734,2733,4,3,0,0.007931577
Warm B,431312,2628,2627,4,3,0,0.008800294
Warm B,450466,2777,2776,4,3,0,0.002306521
Warm B,420132,2540,2539,4,3,1,0.003238766
Warm B,416235,2507,2506,4,3,0,0.011701962
Warm B,404315,2419,2418,4,3,0,0.007128099
Warm B,399391,2378,2377,4,3,0,0.012615165
Warm B,379826,2222,2221,4,3,0,0.011682719
Warm B,366037,2131,2130,4,3,0,0.015993785
Warm B,362265,2111,2110,4,3,0,0.0024501446
Warm B,355852,2085,2084,4,3,0,0.0068241586
Warm B,342972,2016,2015,4,3,1,0.016522981
Warm B,314830,1880,1879,4,3,0,0.01396406
Warm B,274938,1666,1665,4,3,0,0.005617665
Warm B,268408,1631,1630,4,3,0,0.001849442
Warm B,358170,2097,2096,4,3,0,0.0036022258
Warm B,259230,1587,1586,4,3,0,0.015331182
Warm B,255259,1554,1553,4,3,0,-0.0019432056
Warm B,223972,1356,1355,4,3,0,0.007735401
Warm B,335333,1980,1979,4,3,0,0.018131608
Warm B,223232,1354,1353,4,3,0,0.010450775
Warm B,203932,1255,1254,4,3,1,0.010333531
Warm B,192250,1184,1183,4,3,0,0.012325749
Warm B,184721,1150,1149,4,3,0,0.011882456
Warm B,177805,1120,1119,4,3,0,0.009944569
Warm B,174808,1107,1106,4,3,0,0.008282755
Warm B,173428,1100,1099,4,3,0,0.0027293067
Warm B,262887,1605,1604,4,3,0,0.019108739
Warm B,188133,1168,1167,4,3,0,0.017389629
Warm B,167588,1068,1067,4,3,1,0.024112903
Warm B,166239,1059,1058,4,3,0,0.007270036
Warm B,189213,1173,1172,4,3,0,0.004527337
Warm B,153590,987,986,4,3,1,-0.0055876845
Warm B,220990,1340,1339,4,3,0,0.011899348
Warm B,136187,881,880,4,3,0,0.01793035
Warm B,332432,1962,1961,4,3,0,0.0041270107
Warm B,100688,673,672,4,3,0,0.009333438
Warm B,179351,1125,1124,4,3,0,0.02148128
Warm B,93644,628,627,4,3,0,-0.0055430275
Warm B,90505,601,600,4,3,1,0.007767978
Warm B,238479,1448,1447,4,3,1,0.009232985
Warm B,81385,543,542,4,3,0,0.012159854
Warm B,70590,476,475,4,3,1,0.002362993
Warm B,70020,474,473,4,3,0,0.019946538
Warm B,251028,1516,1515,4,3,0,0.00957409
Warm B,52405,346,345,4,3,0,0.015327932
Warm B,48112,323,322,4,3,0,0.009874703
Warm B,132192,855,854,4,3,0,0.0108785555
Warm B,695668,4169,4168,4,3,0,0.01669465
Warm B,537655,3312,3311,4,3,0,0.026178442
Warm B,31668,216,215,4,3,0,0.011714963
Warm B,33269,225,224,4,3,0,0.011750421
Warm B,30174,203,202,4,3,0,0.011342465
Warm B,28999,199,198,4,3,0,0.004439711
Warm B,26218,187,186,4,3,1,0.005188268
Warm B,21103,155,154,4,3,0,0.013223152
Warm B,49051,329,328,4,3,0,0.007709197
Warm B,3407,26,25,4,3,0,0.017995965
Warm B,583,8,7,4,3,0,0.010706494
Warm B,79020,531,530,4,3,0,0.014505141
Warm B,78202,528,527,4,3,1,0.00984323
Warm B,333651,1969,1968,4,3,1,0.012214785
Warm B,682087,4085,4084,4,3,0,0.01139377
Warm B,51267,338,337,4,3,0,0.010512553
Warm B,101827,678,677,4,3,0,0.016286721
Warm B,195150,1203,1202,4,3,0,0.010229783
Warm B,673073,4042,4041,4,3,0,0.019659016
Warm B,257333,1579,1578,4,3,0,0.021876194
Warm B,916533,5539,5538,4,3,0,0.014982399
Warm B,331227,1958,1957,4,3,0,0.011766186
Warm B,115752,752,751,4,3,0,0.017669527
Warm B,777570,4647,4646,4,3,0,0.0193908
Warm B,342085,2015,2014,4,3,0,0.013243288
Warm B,193355,1194,1193,4,3,0,0.004319665
Warm B,10127,73,72,8,7,0,0.011112204
Warm B,27782,195,194,8,7,1,0.0072059315
Warm B,354634,2077,2076,8,7,0,0.0021295527
Warm B,11790,92,91,8,7,0,0.00831192
Warm B,342089,2015,2014,8,7,0,0.010079637
Warm B,376274,2195,2194,8,7,0,0.0079902485
Warm B,807544,4834,4833,8,7,1,0.009921417
Warm B,171127,1088,1087,8,7,0,0.007822437
Warm B,269604,1635,1634,9,8,0,0.019846087
Warm B,252138,1527,1526,9,8,0,0.015961288
Warm B,309201,1841,1840,9,8,0,0.012098946
Warm B,232647,1414,1413,9,8,1,0.003441135
Warm B,232082,1408,1407,9,8,0,0.009906613
Warm B,226910,1377,1376,9,8,0,0.022866638
Warm B,200237,1230,1229,9,8,0,0.0187116
Warm B,267070,1624,1623,9,8,0,0.015140407
Warm B,190225,1181,1180,9,8,1,0.018971438
Warm B,171129,1088,1087,9,8,0,0.022960994
Warm B,342092,2015,2014,9,8,0,0.013185048
Warm B,154691,999,998,9,8,1,0.007172864
Warm B,157442,1012,1011,9,8,0,0.002198924
Warm B,270673,1639,1638,9,8,0,0.013714131
Warm B,156431,1010,1009,9,8,0,0.012935943
Warm B,136191,881,880,9,8,0,0.008434083
Warm B,202266,1244,1243,9,8,0,0.010162632
Warm B,147256,949,948,9,8,0,0.0010064439
Warm B,121822,785,784,9,8,1,0.011685826
Warm B,105788,699,698,9,8,0,0.0062222816
Warm B,150347,970,969,9,8,0,0.009127325
Warm B,238485,1448,1447,9,8,0,0.0033300219
Warm B,83754,550,549,9,8,0,0.001445009
Warm B,77075,524,523,9,8,0,0.010466533
Warm B,118936,770,769,9,8,0,0.009955724
Warm B,82610,549,548,9,8,0,0.0050161164
Warm B,44139,302,301,9,8,0,0.014778285
Warm B,626421,3792,3791,9,8,0,0.011324819
Warm B,29000,199,198,9,8,0,0.012001594
Warm B,26034,185,184,9,8,0,0.009411424
Warm B,19745,149,148,9,8,0,0.0034728304
Warm B,13218,103,102,9,8,1,0.0027997047
Warm B,26930,192,191,9,8,0,0.012002531
Warm B,10128,73,72,9,8,0,0.012189097
Warm B,30320,204,203,9,8,0,0.009773846
Warm B,354635,2077,2076,9,8,0,0.0084457155
Warm B,571741,3507,3506,9,8,0,0.011409557
Warm B,237502,1447,1446,9,8,0,0.020343259
Warm B,9649,65,64,9,8,1,0.0065912334
Warm B,145667,937,936,9,8,1,0.008703743
Warm B,621817,3768,3767,9,8,0,0.00583589
Warm B,331233,1958,1957,9,8,0,0.014943303
Warm B,518880,3201,3200,12,11,0,-0.0005337782
Warm B,566441,3476,3475,12,11,0,-0.00037042052
Warm B,507330,3121,3120,12,11,0,0.0014615546
Warm B,494433,3032,3031,12,11,1,0.0014393858
Warm B,472823,2907,2906,12,11,1,0.009845071
Warm B,463541,2857,2856,12,11,0,0.0077690203
Warm B,430185,2621,2620,12,11,1,-0.0008127447
Warm B,426593,2590,2589,12,11,0,0.0041906023
Warm B,419918,2537,2536,12,11,0,0.00144573
Warm B,418907,2529,2528,12,11,0,0.0128546795
Warm B,414740,2496,2495,12,11,0,0.0045448444
Warm B,400509,2383,2382,12,11,1,-0.001313743
Warm B,399590,2378,2377,12,11,0,0.004658846
Warm B,397225,2352,2351,12,11,0,-0.0005491073
Warm B,406811,2444,2443,12,11,1,-0.0032288888
Warm B,374353,2181,2180,12,11,0,0.0050047464
Warm B,370564,2166,2165,12,11,0,-0.0030707524
Warm B,382533,2235,2234,12,11,1,0.006616263
Warm B,370052,2164,2163,12,11,0,-0.0010855561
Warm B,368651,2155,2154,12,11,1,0.0066309245
Warm B,367554,2145,2144,12,11,1,-0.002995033
Warm B,356051,2085,2084,12,11,0,0.0020902688
Warm B,352237,2063,2062,12,11,0,0.0053729936
Warm B,361866,2109,2108,12,11,0,0.006335185
Warm B,347028,2035,2034,12,11,0,0.0018905962
Warm B,341775,2012,2011,12,11,0,-0.0033296926
Warm B,343743,2018,2017,12,11,0,0.0081682205
Warm B,323527,1919,1918,12,11,1,0.0013552683
Warm B,288718,1725,1724,12,11,0,-0.0041921316
Warm B,279792,1680,1679,12,11,0,-0.0064387866
Warm B,277937,1676,1675,12,11,0,-0.006594144
Warm B,271552,1641,1640,12,11,0,-0.0018244665
Warm B,267660,1626,1625,12,11,0,-0.0010924032
Warm B,262341,1600,1599,12,11,0,0.007641229
Warm B,227297,1377,1376,12,11,0,-0.0014199074
Warm B,221842,1341,1340,12,11,1,-0.0016049085
Warm B,223733,1354,1353,12,11,0,0.008928005
Warm B,213056,1297,1296,12,11,0,-7.5090444e-05
Warm B,273200,1647,1646,12,11,1,0.00073028775
Warm B,350371,2056,2055,12,11,0,-0.00037478702
Warm B,196692,1207,1206,12,11,0,0.006969601
Warm B,328581,1941,1940,12,11,1,0.00014463998
Warm B,178335,1120,1119,12,11,0,0.0026975311
Warm B,175083,1109,1108,12,11,0,0.0016045163
Warm B,173816,1100,1099,12,11,0,-0.002870668
Warm B,184107,1146,1145,12,11,0,-0.0070345397
Warm B,172969,1096,1095,12,11,0,-0.0039341664
Warm B,175728,1112,1111,12,11,0,0.0035742717
Warm B,272354,1645,1644,12,11,0,0.0071210177
Warm B,158984,1016,1015,12,11,0,0.0031618571
Warm B,159396,1017,1016,12,11,1,-0.0011793727
Warm B,342738,2015,2014,12,11,1,0.001013506
Warm B,150224,967,966,12,11,0,-0.0013280368
Warm B,221571,1340,1339,12,11,0,0.0020357342
Warm B,157168,1010,1009,12,11,0,0.0071068653
Warm B,136863,881,880,12,11,0,-0.0055654403
Warm B,134539,869,868,12,11,0,-0.0029627504
Warm B,138717,889,888,12,11,0,0.00062108086
Warm B,125621,808,807,12,11,0,0.007833047
Warm B,124319,800,799,12,11,1,-0.0042553586
Warm B,299780,1778,1777,12,11,0,-0.0010254518
Warm B,106279,699,698,12,11,0,0.001991392
Warm B,109417,714,713,12,11,0,-0.0008330911
Warm B,99032,660,659,12,11,0,0.0048594205
Warm B,83447,549,548,12,11,0,-0.003799813
Warm B,81869,543,542,12,11,1,0.0028849721
Warm B,87116,569,568,12,11,0,-0.00024453108
Warm B,65535,438,437,12,11,0,-0.0062491973
Warm B,47988,321,320,12,11,0,-0.0007913199
Warm B,44608,302,301,12,11,0,-0.0016350856
Warm B,36561,245,244,12,11,0,0.0034943412
Warm B,337189,1983,1982,12,11,0,0.00011116383
Warm B,30939,207,206,12,11,0,0.002642851
Warm B,235202,1425,1424,12,11,0,0.003080301
Warm B,29930,202,201,12,11,0,0.0021395958
Warm B,99891,667,666,12,11,0,0.0039730035
Warm B,219298,1329,1328,12,11,0,0.004250959
Warm B,192765,1186,1185,12,11,1,0.0059551266
Warm B,14568,117,116,12,11,0,-0.0021062358
Warm B,801496,4802,4801,12,11,1,0.008016754
Warm B,120569,777,776,12,11,1,0.0034271874
Warm B,234302,1422,1421,12,11,0,0.0053121727
Warm B,696653,4169,4168,12,11,0,0.0004072683
Warm B,585038,3571,3570,12,11,0,-0.004481585
Warm B,119472,770,769,12,11,0,0.010112574
Warm B,238198,1447,1446,12,11,0,0.0040631564
Warm B,371109,2168,2167,12,11,1,0.009697383
Warm B,249939,1505,1504,12,11,0,0.0020687757
Warm B,28264,195,194,12,11,0,0.003266889
Warm B,102545,678,677,12,11,0,0.002451763
Warm B,35095,237,236,12,11,0,-0.00097346224
Warm B,11645,90,89,12,11,0,0.0062288707
Warm B,79664,531,530,12,11,0,0.007577953
Warm B,456575,2810,2809,12,11,0,-0.005211327
Warm B,891648,5387,5386,12,11,0,0.0008431447
Warm B,474010,2909,2908,12,11,0,0.0035670325
Warm B,718660,4305,4304,12,11,1,-0.0071123904
Warm B,63286,424,423,12,11,0,0.004517239
Warm B,821610,4940,4939,12,11,1,0.010611173
Warm B,160350,1019,1018,12,11,0,0.01110989
Warm B,363336,2116,2115,13,12,0,-0.0036961832
Warm B,335019,1976,1975,13,12,1,0.0030641744
Warm B,277938,1676,1675,13,12,0,0.0044148145
Warm B,255243,1553,1552,13,12,0,-0.006595293
Warm B,247382,1495,1494,13,12,0,0.0025948342
Warm B,223199,1353,1352,13,12,0,-0.00058193004
Warm B,279794,1680,1679,13,12,1,0.0039848187
Warm B,328582,1941,1940,13,12,1,0.0038910005
Warm B,165821,1057,1056,13,12,0,0.0042882417
Warm B,276415,1671,1670,13,12,1,-0.0031829858
Warm B,157169,1010,1009,13,12,0,-0.0008335314
Warm B,277128,1675,1674,13,12,1,-0.00095798355
Warm B,127809,824,823,13,12,0,-0.008591084
Warm B,126713,817,816,13,12,0,0.0029072417
Warm B,125423,807,806,13,12,1,0.008167189
Warm B,102940,681,680,13,12,1,0.0053217397
Warm B,109418,714,713,13,12,1,-0.00019670743
Warm B,86226,563,562,13,12,0,0.013858536
Warm B,81288,541,540,13,12,0,0.010623593
Warm B,80777,536,535,13,12,1,-0.00093268557
Warm B,14084,114,113,13,12,1,-0.00082324335
Warm B,10528,75,74,13,12,1,-0.0023835897
Warm B,7167,49,48,13,12,1,-0.0058198324
Warm B,5452,38,37,13,12,0,0.016644752
Warm B,633538,3824,3823,13,12,0,-0.0044935304
Warm B,234303,1422,1421,13,12,0,0.012905408
Warm B,552581,3401,3400,13,12,0,0.001303225
Warm B,139262,890,889,13,12,1,0.0007642382
Warm B,334002,1969,1968,13,12,1,0.008373763
Warm B,240436,1449,1448,13,12,0,0.00020641612
Warm B,376455,2195,2194,13,12,0,0.0030139768
Warm B,263610,1605,1604,13,12,0,0.005588916
Warm B,829961,4983,4982,13,12,1,0.0058544725
Warm B,195695,1203,1202,13,12,0,0.0042875125
Warm B,171996,1088,1087,13,12,0,0.003022837
Warm B,352238,2063,2062,13,12,0,0.007689353
Warm B,207085,1266,1265,13,12,0,0.0098309005
Warm B,821611,4940,4939,13,12,1,-0.00024227658
Warm B,489310,3012,3011,13,12,0,-0.003042003
Warm B,738235,4411,4410,14,13,0,0.011350676
Warm B,489311,3012,3011,14,13,0,0.007530652
Warm B,478236,2934,2933,14,13,0,0.012386177
Warm B,474011,2909,2908,14,13,1,0.008076977
Warm B,852693,5113,5112,14,13,0,0.0033884998
Warm B,455928,2807,2806,14,13,1,-0.0037734
Warm B,451137,2777,2776,14,13,1,-0.00012316252
Warm B,696655,4169,4168,14,13,0,0.0068179504
Warm B,433756,2643,2642,14,13,0,0.00046202767
Warm B,425421,2581,2580,14,13,0,0.006484675
Warm B,464311,2860,2859,14,13,1,0.0054700873
Warm B,411647,2472,2471,14,13,0,0.010058045
Warm B,399223,2376,2375,14,13,1,0.010578547
Warm B,399973,2380,2379,14,13,1,0.0061075552
Warm B,392468,2304,2303,14,13,0,0.0072065974
Warm B,390157,2288,2287,14,13,1,0.0037193133
Warm B,377962,2205,2204,14,13,0,0.010076049
Warm B,375366,2187,2186,14,13,0,0.0013321536
Warm B,368486,2153,2152,14,13,1,0.0012310476
Warm B,359542,2102,2101,14,13,0,0.00875383
Warm B,351049,2060,2059,14,13,0,0.0055439076
Warm B,343744,2018,2017,14,13,1,0.008133549
Warm B,302894,1799,1798,14,13,1,-0.0023948883
Warm B,310181,1845,1844,14,13,0,0.003230963
Warm B,275234,1666,1665,14,13,0,0.0031805807
Warm B,280962,1685,1684,14,13,1,0.0047699334
Warm B,266923,1620,1619,14,13,1,0.007731835
Warm B,266019,1613,1612,14,13,0,-0.0035991832
Warm B,245144,1478,1477,14,13,1,-0.0018048545
Warm B,242973,1465,1464,14,13,1,0.0029875778
Warm B,325560,1926,1925,14,13,1,-0.008663353
Warm B,216622,1315,1314,14,13,0,0.0014705798
Warm B,273201,1647,1646,14,13,0,0.006797617
Warm B,204103,1255,1254,14,13,1,0.010564014
Warm B,213644,1298,1297,14,13,1,0.010853704
Warm B,211262,1285,1284,14,13,1,0.008873937
Warm B,307652,1835,1834,14,13,1,0.003636214
Warm B,180430,1128,1127,14,13,1,0.0018930673
Warm B,334744,1974,1973,14,13,1,0.012672776
Warm B,320278,1899,1898,14,13,1,0.005601367
Warm B,323989,1920,1919,14,13,0,0.009315774
Warm B,221572,1340,1339,14,13,0,0.0051682806
Warm B,157170,1010,1009,14,13,0,0.0006645182
Warm B,136864,881,880,14,13,0,-0.0050674807
Warm B,154984,999,998,14,13,0,0.0041753505
Warm B,127810,824,823,14,13,0,0.0019943547
Warm B,235666,1426,1425,14,13,0,0.0069975276
Warm B,100979,673,672,14,13,0,0.0013087473
Warm B,200136,1228,1227,14,13,0,0.001169217
Warm B,284453,1698,1697,14,13,1,0.004172059
Warm B,77808,524,523,14,13,1,0.015587827
Warm B,239241,1448,1447,14,13,1,0.014542894
Warm B,53862,352,351,14,13,1,0.0056281127
Warm B,68277,457,456,14,13,1,0.007877096
Warm B,47558,319,318,14,13,1,0.00385799
Warm B,45021,303,302,14,13,1,-0.0021679718
Warm B,44609,302,301,14,13,1,0.00043658842
Warm B,243450,1467,1466,14,13,1,-0.00024574134
Warm B,43459,299,298,14,13,1,-0.0029338407
Warm B,38332,261,260,14,13,1,0.006014513
Warm B,26477,187,186,14,13,1,0.0066224164
Warm B,17555,136,135,14,13,1,-0.002968431
Warm B,314414,1877,1876,14,13,1,-0.0009785877
Warm B,9956,69,68,14,13,1,0.0036578435
Warm B,651,8,7,14,13,1,-0.0010834854
Warm B,276416,1671,1670,14,13,1,0.0038817904
Warm B,15661,123,122,14,13,1,0.0075685447
Warm B,412170,2478,2477,14,13,1,0.00036109076
Warm B,363337,2116,2115,14,13,1,0.006734602
Warm B,355127,2077,2076,14,13,0,0.00807792
Warm B,129635,839,838,14,13,0,0.00804728
Warm B,762221,4528,4527,14,13,1,-0.004179142
Warm B,300523,1780,1779,14,13,1,0.0054171225
Warm B,777928,4647,4646,14,13,1,0.008754019
Warm B,257880,1579,1578,14,13,0,0.014719908
Warm B,713314,4277,4276,14,13,1,0.007407413
Warm B,567676,3483,3482,14,13,1,0.002199429
Warm B,558269,3428,3427,14,13,1,0.0017513759
Warm B,160351,1019,1018,14,13,1,0.0064021824
Warm B,204707,1260,1259,14,13,0,0.0036436303
Warm B,329532,1943,1942,14,13,0,0.00847046
Warm B,532349,3285,3284,14,13,1,-0.003867667
Warm B,195696,1203,1202,14,13,1,-0.005172364
Warm B,992910,5998,5997,14,13,1,0.0020560785
Warm B,476456,2926,2925,14,13,1,0.004845918
Warm B,287840,1717,1716,14,13,1,0.002636772
Warm B,285472,1701,1700,14,13,0,0.010720109
Warm B,217274,1317,1316,14,13,1,0.006198847
Warm B,371806,2172,2171,14,13,1,0.0016693382
Warm B,226218,1369,1368,14,13,0,0.0045475047
Warm B,215676,1306,1305,14,13,1,0.0058827037
Warm B,322647,1912,1911,14,13,0,0.00953926
Warm B,841236,5054,5053,14,13,1,0.009254682
Warm B,486728,2995,2994,15,14,0,0.0028551891
Warm B,485477,2987,2986,15,14,0,-0.004351081
Warm B,483380,2970,2969,15,14,0,0.0035459886
Warm B,852695,5113,5112,15,14,0,0.011440359
Warm B,474012,2909,2908,15,14,1,0.004224964
Warm B,461892,2848,2847,15,14,0,0.010582943
Warm B,460412,2840,2839,15,14,0,0.009064592
Warm B,455464,2804,2803,15,14,1,0.013454877
Warm B,448099,2761,2760,15,14,0,0.0049131103
Warm B,392469,2304,2303,15,14,0,0.011347798
Warm B,377414,2203,2202,15,14,1,0.00981902
Warm B,356527,2088,2087,15,14,0,-0.004494529
Warm B,349976,2054,2053,15,14,0,0.011063164
Warm B,340890,2010,2009,15,14,0,0.012932852
Warm B,341776,2012,2011,15,14,0,0.01095783
Warm B,343211,2016,2015,15,14,1,0.009890456
Warm B,337190,1983,1982,15,14,1,0.011639863
Warm B,330199,1948,1947,15,14,0,-0.0011295236
Warm B,315507,1880,1879,15,14,0,0.002563009
Warm B,289477,1727,1726,15,14,0,0.0061776713
Warm B,289013,1726,1725,15,14,0,0.011009738
Warm B,256386,1564,1563,15,14,0,0.0076504867
Warm B,259628,1587,1586,15,14,0,5.22848e-05
Warm B,241664,1454,1453,15,14,0,0.0122240465
Warm B,337547,1984,1983,15,14,0,0.0038973377
Warm B,221574,1340,1339,15,14,0,0.0098436205
Warm B,244168,1470,1469,15,14,0,0.0019986155
Warm B,279796,1680,1679,15,14,0,0.0083615435
Warm B,193282,1193,1192,15,14,0,0.0037090438
Warm B,183327,1141,1140,15,14,0,0.0031567719
Warm B,196694,1207,1206,15,14,0,0.012052633
Warm B,328584,1941,1940,15,14,0,0.0062547587
Warm B,161612,1030,1029,15,14,0,0.021208536
Warm B,227704,1380,1379,15,14,0,0.00076427916
Warm B,275704,1667,1666,15,14,0,0.0067714476
Warm B,342741,2015,2014,15,14,0,0.0021901566
Warm B,154985,999,998,15,14,0,0.010604876
Warm B,153263,984,983,15,14,0,0.01862067
Warm B,249345,1502,1501,15,14,0,0.0028461188
Warm B,140959,906,905,15,14,0,-0.004611945
Warm B,217276,1317,1316,15,14,0,0.011964148
Warm B,277130,1675,1674,15,14,0,0.00382587
Warm B,138721,889,888,15,14,0,0.0049447096
Warm B,134540,869,868,15,14,0,0.016700616
Warm B,122250,788,787,15,14,0,0.0072919396
Warm B,223735,1354,1353,15,14,1,0.010764752
Warm B,119473,770,769,15,14,0,0.008321977
Warm B,112669,731,730,15,14,1,-0.003004938
Warm B,111009,721,720,15,14,1,0.010210436
Warm B,106280,699,698,15,14,0,0.012085189
Warm B,118481,765,764,15,14,1,0.00807372
Warm B,96494,647,646,15,14,0,0.010913672
Warm B,235204,1425,1424,15,14,0,0.009295704
Warm B,90171,594,593,15,14,0,0.0018733167
Warm B,228489,1383,1382,15,14,0,0.009058668
Warm B,291641,1737,1736,15,14,1,0.00822639
Warm B,77810,524,523,15,14,0,0.018065728
Warm B,80365,533,532,15,14,0,0.01101887
Warm B,58970,401,400,15,14,0,-0.0020103871
Warm B,53865,352,351,15,14,0,0.0064777583
Warm B,50890,335,334,15,14,0,0.011592764
Warm B,83449,549,548,15,14,0,0.0025609918
Warm B,44610,302,301,15,14,0,0.015741184
Warm B,63975,426,425,15,14,0,0.008575741
Warm B,38053,260,259,15,14,1,0.0060555646
Warm B,38333,261,260,15,14,0,0.011368688
Warm B,32961,223,222,15,14,0,-0.004451582
Warm B,19501,148,147,15,14,1,0.010616649
Warm B,13285,103,102,15,14,1,0.004403843
Warm B,12951,100,99,15,14,0,0.0014873958
Warm B,17186,134,133,15,14,0,0.0020181525
Warm B,6896,48,47,15,14,0,0.007736421
Warm B,696657,4169,4168,15,14,0,0.0003731465
Warm B,238200,1447,1446,15,14,0,0.012313226
Warm B,49513,329,328,15,14,0,0.007493469
Warm B,109919,716,715,15,14,1,0.01945889
Warm B,828805,4979,4978,15,14,0,0.01630957
Warm B,241410,1451,1450,15,14,0,0.007746906
Warm B,102546,678,677,15,14,0,0.015156778
Warm B,633539,3824,3823,15,14,0,0.0022186898
Warm B,599434,3648,3647,15,14,0,0.0049786996
Warm B,609734,3695,3694,15,14,1,0.008641006
Warm B,941498,5682,5681,15,14,0,0.017850406
Warm B,311361,1854,1853,15,14,0,0.00620016
Warm B,656152,3953,3952,15,14,0,0.0052231126
Warm B,193851,1194,1193,15,14,0,0.007325032
Warm B,713318,4277,4276,18,17,0,0.007897365
Warm B,545075,3361,3360,18,17,1,0.014788762
Warm B,542407,3336,3335,18,17,0,0.014633342
Warm B,532352,3285,3284,18,17,1,0.001345307
Warm B,561684,3454,3453,18,17,1,0.008424381
Warm B,531231,3280,3279,18,17,1,0.0075708725
Warm B,515672,3182,3181,18,17,0,0.008749734
Warm B,509655,3139,3138,18,17,0,0.0141788935
Warm B,522877,3224,3223,18,17,0,0.009543456
Warm B,492943,3029,3028,18,17,0,0.0016494789
Warm B,487986,3001,3000,18,17,1,0.0077274702
Warm B,689961,4126,4125,18,17,1,0.008848539
Warm B,474800,2913,2912,18,17,0,0.010087927
Warm B,879952,5317,5316,18,17,0,0.009427698
Warm B,463546,2857,2856,18,17,0,0.0029686738
Warm B,540811,3327,3326,18,17,0,0.0063396515
Warm B,564679,3471,3470,18,17,1,0.00948325
Warm B,438411,2679,2678,18,17,0,0.010100966
Warm B,429526,2615,2614,18,17,0,-0.0009628022
Warm B,390159,2288,2287,18,17,0,0.0080774035
Warm B,361871,2109,2108,18,17,1,0.008866176
Warm B,371807,2172,2171,18,17,0,0.005326049
Warm B,340892,2010,2009,18,17,0,0.011447268
Warm B,281713,1689,1688,18,17,1,0.0012742796
Warm B,296173,1757,1756,18,17,0,0.007344897
Warm B,279803,1680,1679,18,17,0,0.016660746
Warm B,266023,1613,1612,18,17,1,0.014028996
Warm B,333514,1968,1967,18,17,0,0.013197002
Warm B,231205,1399,1398,18,17,1,0.016220385
Warm B,277942,1676,1675,18,17,1,0.012804608
Warm B,215051,1303,1302,18,17,0,0.013360535
Warm B,185694,1150,1149,18,17,0,0.0069551016
Warm B,307656,1835,1834,18,17,0,0.007021414
Warm B,184110,1146,1145,18,17,0,0.013803906
Warm B,164015,1050,1049,18,17,0,0.002343521
Warm B,230631,1395,1394,18,17,1,0.005605478
Warm B,213061,1297,1296,18,17,1,0.0113807935
Warm B,270171,1635,1634,18,17,0,0.019667946
Warm B,221578,1340,1339,18,17,0,0.010618624
Warm B,168031,1068,1067,18,17,0,0.007382332
Warm B,157176,1010,1009,18,17,0,0.0103860935
Warm B,135820,877,876,18,17,0,0.014599139
Warm B,233481,1420,1419,18,17,0,0.0066758143
Warm B,132074,854,853,18,17,0,0.0061333766
Warm B,352244,2063,2062,18,17,1,0.006422034
Warm B,125050,802,801,18,17,1,0.0065042423
Warm B,178337,1120,1119,18,17,1,0.0055850917
Warm B,223739,1354,1353,18,17,0,0.0053649824
Warm B,103504,687,686,18,17,1,-0.0027547618
Warm B,177170,1117,1116,18,17,1,-0.00094327866
Warm B,240441,1449,1448,18,17,0,0.021845855
Warm B,108254,710,709,18,17,1,0.00935754
Warm B,631778,3821,3820,18,17,0,0.0054882714
Warm B,284458,1698,1697,18,17,0,0.006871372
Warm B,90771,601,600,18,17,0,0.0084194075
Warm B,320871,1902,1901,18,17,1,0.013036089
Warm B,77815,524,523,18,17,0,0.0139952535
Warm B,251245,1516,1515,18,17,0,0.01579974
Warm B,75048,509,508,18,17,1,0.0045639696
Warm B,54743,357,356,18,17,1,0.0043724123
Warm B,68280,457,456,18,17,0,0.009539761
Warm B,47565,319,318,18,17,0,0.008052379
Warm B,44613,302,301,18,17,0,0.010950977
Warm B,43250,296,295,18,17,0,-0.0001773336
Warm B,58120,392,391,18,17,0,0.0096610645
Warm B,239248,1448,1447,18,17,0,0.0031301677
Warm B,696662,4169,4168,18,17,0,0.014745881
Warm B,38337,261,260,18,17,1,0.002643561
Warm B,37236,253,252,18,17,0,0.013440857
Warm B,43460,299,298,18,17,0,0.0011694556
Warm B,404062,2414,2413,18,17,1,0.006572694
Warm B,23162,166,165,18,17,0,0.0015737102
Warm B,290489,1733,1732,18,17,0,0.0073149414
Warm B,7812,53,52,18,17,1,0.0037459694
Warm B,104515,692,691,18,17,1,0.0077573564
Warm B,686622,4107,4106,18,17,1,0.007439808
Warm B,158576,1015,1014,18,17,0,0.0052927425
Warm B,245581,1483,1482,18,17,1,-0.009652087
Warm B,355131,2077,2076,18,17,1,0.010474764
Warm B,78640,528,527,18,17,0,0.012583959
Warm B,150757,970,969,18,17,0,0.0071310913
Warm B,363340,2116,2115,18,17,0,0.0028292844
Warm B,709812,4258,4257,18,17,0,0.014374319
Warm B,257883,1579,1578,18,17,0,0.010698711
Warm B,317897,1889,1888,18,17,1,0.009361645
Warm B,28270,195,194,18,17,1,0.018741142
Warm B,556618,3420,3419,18,17,1,-0.002439235
Warm B,599437,3648,3647,18,17,0,0.007582443
Warm B,907705,5492,5491,18,17,0,0.0053303577
Warm B,609736,3695,3694,18,17,0,0.0018997547
Warm B,893065,5394,5393,18,17,0,0.02036994
Warm B,565747,3475,3474,18,17,0,0.011137072
Warm B,53039,349,348,18,17,0,0.0015765256
Warm B,583635,3562,3561,18,17,0,0.014469964
Warm B,235206,1425,1424,18,17,0,0.009007648
Warm B,116530,752,751,18,17,1,0.004644056
Warm B,160356,1019,1018,18,17,0,0.009776677
Warm B,558906,3432,3431,20,19,0,0.004244994
Warm B,557006,3422,3421,20,19,0,0.0064311475
Warm B,550524,3391,3390,20,19,0,0.009685412
Warm B,542415,3336,3335,20,19,0,0.009451337
Warm B,537439,3311,3310,20,19,0,0.006786419
Warm B,520422,3209,3208,20,19,0,-0.009805551
Warm B,517102,3191,3190,20,19,0,-0.00023108709
Warm B,516635,3189,3188,20,19,0,0.0038760563
Warm B,575544,3519,3518,20,19,1,0.013844369
Warm B,494456,3032,3031,20,19,1,0.00046033692
Warm B,486397,2994,2993,20,19,0,0.0019805068
Warm B,472841,2907,2906,20,19,0,0.0020912348
Warm B,474033,2909,2908,20,19,1,0.01487202
Warm B,468137,2886,2885,20,19,1,0.000117247226
Warm B,463556,2857,2856,20,19,0,0.012396494
Warm B,460418,2840,2839,20,19,0,0.009309247
Warm B,487188,2996,2995,20,19,0,0.013724303
Warm B,477577,2931,2930,20,19,0,0.0021076459
Warm B,594962,3620,3619,20,19,0,0.0069751567
Warm B,399593,2378,2377,20,19,0,0.0012877062
Warm B,392482,2304,2303,20,19,0,0.009796829
Warm B,377431,2203,2202,20,19,1,0.0057941033
Warm B,375197,2186,2185,20,19,0,0.0031522342
Warm B,368005,2148,2147,20,19,0,0.007975917
Warm B,368913,2156,2155,20,19,0,0.010494972
Warm B,361885,2109,2108,20,19,0,0.00027128286
Warm B,352259,2063,2062,20,19,0,0.014955441
Warm B,340901,2010,2009,20,19,0,0.0032296611
Warm B,297700,1764,1763,20,19,1,0.0040144487
Warm B,303621,1803,1802,20,19,1,0.008323346
Warm B,289019,1726,1725,20,19,0,0.004270954
Warm B,275243,1666,1665,20,19,0,-0.0019219785
Warm B,271336,1640,1639,20,19,0,-0.001836299
Warm B,257896,1579,1578,20,19,0,0.0075525427
Warm B,256388,1564,1563,20,19,0,-0.0012784847
Warm B,303120,1800,1799,20,19,0,0.0122048855
Warm B,244334,1471,1470,20,19,0,0.0017394339
Warm B,301862,1793,1792,20,19,0,0.007480154
Warm B,224771,1358,1357,20,19,0,0.009485263
Warm B,233187,1418,1417,20,19,0,0.018348781
Warm B,227305,1377,1376,20,19,0,0.003295245
Warm B,244178,1470,1469,20,19,0,0.0101274755
Warm B,320876,1902,1901,20,19,0,-0.00012847176
Warm B,191387,1181,1180,20,19,0,0.0032966356
Warm B,186687,1155,1154,20,19,0,0.00081108353
Warm B,328623,1941,1940,20,19,0,0.0097846035
Warm B,164022,1050,1049,20,19,0,0.01609387
Warm B,161615,1030,1029,20,19,0,0.012886611
Warm B,275710,1667,1666,20,19,0,0.0047566583
Warm B,342758,2015,2014,20,19,0,0.007100921
Warm B,154995,999,998,20,19,0,0.010274284
Warm B,136879,881,880,20,19,0,0.0075958143
Warm B,135825,877,876,20,19,0,0.012577109
Warm B,202664,1244,1243,20,19,0,0.011281956
Warm B,263635,1605,1604,20,19,0,0.0022654866
Warm B,120807,778,777,20,19,0,0.000104101025
Warm B,116911,753,752,20,19,0,0.0025573787
Warm B,113617,736,735,20,19,0,0.008481701
Warm B,240466,1449,1448,20,19,0,0.012893138
Warm B,299788,1778,1777,20,19,1,0.011198692
Warm B,106288,699,698,20,19,0,0.004505514
Warm B,108263,710,709,20,19,0,0.0070105717
Warm B,110190,718,717,20,19,0,0.004318595
Warm B,96240,646,645,20,19,0,0.01581274
Warm B,886973,5359,5358,20,19,0,0.00057925
Warm B,150766,970,969,20,19,0,0.010878321
Warm B,291652,1737,1736,20,19,1,0.0030598347
Warm B,239264,1448,1447,20,19,1,0.00430876
Warm B,77827,524,523,20,19,0,0.009669642
Warm B,119488,770,769,20,19,0,0.0055075674
Warm B,59762,406,405,20,19,0,0.0050883084
Warm B,54745,357,356,20,19,0,0.00080956565
Warm B,53890,352,351,20,19,0,0.010941619
Warm B,334019,1969,1968,20,19,0,0.004225827
Warm B,68282,457,456,20,19,0,0.0015553444
Warm B,44638,302,301,20,19,0,0.013712439
Warm B,696681,4169,4168,20,19,0,0.013174502
Warm B,145487,935,934,20,19,0,0.004949943
Warm B,55665,368,367,20,19,0,0.009189397
Warm B,627051,3792,3791,20,19,0,0.0009299669
Warm B,219306,1329,1328,20,19,0,0.011804874
Warm B,29957,202,201,20,19,0,-0.0023769764
Warm B,29266,199,198,20,19,0,0.0030957367
Warm B,23353,167,166,20,19,0,0.012439034
Warm B,22626,163,162,20,19,0,0.013220067
Warm B,28293,195,194,20,19,1,0.015082913
Warm B,27258,192,191,20,19,0,-0.00075801637
Warm B,17193,134,133,20,19,0,0.006574007
Warm B,15680,123,122,20,19,0,0.002929328
Warm B,30580,204,203,20,19,0,0.012682292
Warm B,198486,1219,1218,20,19,0,0.0076540476
Warm B,355140,2077,2076,20,19,0,0.0033929236
Warm B,552599,3401,3400,20,19,0,-7.084338e-06
Warm B,50240,331,330,20,19,0,0.0042562326
Warm B,777943,4647,4646,20,19,0,0.00946141
Warm B,538148,3312,3311,20,19,0,0.0021766075
Warm B,599442,3648,3647,20,19,0,0.015085988
Warm B,720189,4312,4311,20,19,0,0.01784964
Warm B,215688,1306,1305,20,19,1,0.00646255
Warm B,273223,1647,1646,20,19,0,0.006985425
Warm B,688190,4116,4115,23,22,1,0.010555148
Warm B,567692,3483,3482,23,22,0,0.029342175
Warm B,487991,3001,3000,23,22,1,0.00724109
Warm B,483133,2968,2967,23,22,0,0.0041872477
Warm B,477271,2929,2928,23,22,0,0.000120182056
Warm B,472844,2907,2906,23,22,1,0.0061802156
Warm B,474038,2909,2908,23,22,0,0.008226119
Warm B,564693,3471,3470,23,22,0,0.02083644
Warm B,463559,2857,2856,23,22,0,0.007208447
Warm B,460422,2840,2839,23,22,0,0.006235039
Warm B,492962,3029,3028,23,22,0,0.019968295
Warm B,453992,2793,2792,23,22,1,0.019100688
Warm B,451153,2777,2776,23,22,0,0.008425193
Warm B,429277,2611,2610,23,22,0,0.012334457
Warm B,410029,2458,2457,23,22,0,0.016677141
Warm B,363364,2116,2115,23,22,0,0.0020155944
Warm B,359814,2104,2103,23,22,1,-0.0016119814
Warm B,358631,2098,2097,23,22,0,0.015013603
Warm B,352263,2063,2062,23,22,0,0.013702632
Warm B,358980,2100,2099,23,22,0,0.023163581
Warm B,300936,1785,1784,23,22,0,0.009676565
Warm B,296179,1757,1756,23,22,0,0.006169693
Warm B,275245,1666,1665,23,22,1,0.004911951
Warm B,299791,1778,1777,23,22,0,0.011417074
Warm B,266039,1613,1612,23,22,0,0.020649554
Warm B,333520,1968,1967,23,22,0,0.022402912
Warm B,252767,1531,1530,23,22,0,0.0009164022
Warm B,392487,2304,2303,23,22,1,0.015720723
Warm B,218770,1326,1325,23,22,0,0.0006805995
Warm B,216089,1311,1310,23,22,0,0.0044167275
Warm B,277955,1676,1675,23,22,0,-0.00022176094
Warm B,205006,1261,1260,23,22,1,0.011674594
Warm B,192590,1185,1184,23,22,0,0.0162255
Warm B,328630,1941,1940,23,22,0,0.021931551
Warm B,163485,1047,1046,23,22,0,0.01404362
Warm B,164026,1050,1049,23,22,0,0.0039584665
Warm B,191393,1181,1180,23,22,0,0.015338991
Warm B,157189,1010,1009,23,22,0,0.019990256
Warm B,118752,767,766,23,22,1,0.0033384522
Warm B,121300,780,779,23,22,0,0.014757673
Warm B,106292,699,698,23,22,0,0.004128217
Warm B,116549,752,751,23,22,0,0.015400687
Warm B,179806,1125,1124,23,22,1,0.019222064
Warm B,100312,669,668,23,22,1,0.011084892
Warm B,111027,721,720,23,22,1,0.015444435
Warm B,108267,710,709,23,22,0,0.019411901
Warm B,77831,524,523,23,22,0,0.014247314
Warm B,55062,363,362,23,22,0,0.0069872485
Warm B,44641,302,301,23,22,0,0.020305283
Warm B,221592,1340,1339,23,22,0,0.011354062
Warm B,7243,50,49,23,22,0,0.005373273
Warm B,104525,692,691,23,22,0,0.014373297
Warm B,109926,716,715,23,22,1,0.014693912
Warm B,696687,4169,4168,23,22,0,0.01055182
Warm B,19522,148,147,23,22,0,0.008624097
Warm B,78654,528,527,23,22,0,0.01601788
Warm B,355142,2077,2076,23,22,0,0.015433809
Warm B,399982,2380,2379,23,22,0,0.017143723
Warm B,150769,970,969,23,22,0,0.00921863
Warm B,550528,3391,3390,23,22,0,0.0071799764
Warm B,317908,1889,1888,23,22,1,0.021819646
Warm B,599446,3648,3647,23,22,0,0.01074481
Warm B,238221,1447,1446,23,22,0,0.023067104
Warm B,609738,3695,3694,23,22,1,0.0130591495
Warm B,662103,3992,3991,23,22,1,0.01332386
Warm B,468627,2887,2886,23,22,0,0.012593884
Warm B,266043,1613,1612,26,25,1,0.012321252
Warm B,252209,1527,1526,26,25,0,0.0013636628
Warm B,354304,2073,2072,26,25,1,0.007462041
Warm B,232602,1413,1412,26,25,0,0.0027516773
Warm B,224322,1356,1355,26,25,0,0.015065037
Warm B,209570,1279,1278,26,25,0,0.007354119
Warm B,191976,1182,1181,26,25,0,0.009287905
Warm B,185723,1150,1149,26,25,0,0.014430005
Warm B,263641,1605,1604,26,25,0,0.01843768
Warm B,168661,1069,1068,26,25,0,0.0052030236
Warm B,195719,1203,1202,26,25,1,0.010769858
Warm B,178356,1120,1119,26,25,0,0.012543283
Warm B,115152,748,747,26,25,1,0.0076040486
Warm B,216505,1314,1313,26,25,0,0.0077972473
Warm B,299793,1778,1777,26,25,1,0.018356854
Warm B,97966,655,654,26,25,0,0.002719008
Warm B,151304,973,972,26,25,1,0.003422576
Warm B,77834,524,523,26,25,0,0.01947007
Warm B,51947,342,341,26,25,1,0.0029824001
Warm B,139265,890,889,26,25,0,0.003648505
Warm B,696691,4169,4168,26,25,0,0.0183273
Warm B,270183,1635,1634,26,25,1,0.010866009
Warm B,599447,3648,3647,26,25,0,0.009510633
Warm B,9962,69,68,26,25,1,0.0075498754
Warm B,2073,18,17,26,25,1,0.008025178
Warm B,142231,918,917,26,25,1,0.012287196
Warm B,223754,1354,1353,26,25,0,0.004656292
Warm B,158604,1015,1014,26,25,0,0.014535791
Warm B,149739,963,962,26,25,1,0.01961948
Warm B,932591,5630,5629,26,25,1,0.0068178372
Warm B,238225,1447,1446,26,25,1,0.0059133423
Warm B,285491,1701,1700,26,25,1,0.016895052
Warm B,136888,881,880,26,25,0,0.016949546
Warm B,699765,4186,4185,26,25,0,0.023987822
Warm B,717052,4294,4293,26,25,0,0.0066885985
Warm B,375944,2190,2189,26,25,1,0.0037043246
Warm B,295752,1755,1754,26,25,1,0.009255334
Warm B,33990,229,228,26,25,1,0.00641804
Warm B,241438,1451,1450,26,25,1,0.0067813788
Warm B,550532,3391,3390,26,25,1,0.0024388977
Warm B,295753,1755,1754,27,26,0,0.0021042994
Warm B,713347,4277,4276,28,27,1,0.008845012
Warm B,653695,3940,3939,28,27,1,0.005824452
Warm B,647179,3895,3894,28,27,0,0.0039047063
Warm B,637416,3838,3837,28,27,0,-0.0050003966
Warm B,635467,3830,3829,28,27,0,0.0024663494
Warm B,625346,3779,3778,28,27,1,0.0035736759
Warm B,623120,3770,3769,28,27,1,0.008157961
Warm B,606236,3682,3681,28,27,1,0.010347327
Warm B,597585,3635,3634,28,27,1,0.00034915208
Warm B,595568,3622,3621,28,27,1,0.005963092
Warm B,586808,3583,3582,28,27,1,-0.0029309948
Warm B,579697,3539,3538,28,27,1,0.008577872
Warm B,570756,3501,3500,28,27,1,0.002075377
Warm B,568808,3490,3489,28,27,0,0.0030996203
Warm B,565236,3474,3473,28,27,1,0.0035518757
Warm B,560519,3445,3444,28,27,1,0.00063027674
Warm B,553030,3402,3401,28,27,0,0.008059995
Warm B,543644,3348,3347,28,27,1,0.006225839
Warm B,522910,3224,3223,28,27,0,0.0033119067
Warm B,518525,3200,3199,28,27,1,0.0038152612
Warm B,518158,3197,3196,28,27,0,0.013946382
Warm B,513100,3163,3162,28,27,1,0.0038456828
Warm B,526279,3253,3252,28,27,1,-0.0026653744
Warm B,510327,3143,3142,28,27,1,-0.0055707037
Warm B,768841,4579,4578,28,27,0,0.0020978712
Warm B,500759,3075,3074,28,27,0,0.0049283663
Warm B,496234,3049,3048,28,27,1,0.0024706367
Warm B,490399,3017,3016,28,27,1,9.369943e-05
Warm B,480669,2950,2949,28,27,1,0.0061021848
Warm B,478261,2934,2933,28,27,1,0.008979348
Warm B,466206,2874,2873,28,27,0,-0.005191799
Warm B,447003,2753,2752,28,27,1,-0.003853512
Warm B,441583,2709,2708,28,27,1,-0.0036659467
Warm B,696693,4169,4168,28,27,0,0.01585463
Warm B,427654,2597,2596,28,27,1,0.0098412605
Warm B,425019,2579,2578,28,27,1,0.0007160839
Warm B,416888,2507,2506,28,27,1,0.0057161627
Warm B,401779,2396,2395,28,27,1,0.0031435434
Warm B,401831,2397,2396,28,27,1,0.0072326595
Warm B,400521,2383,2382,28,27,1,0.004241448
Warm B,386429,2259,2258,28,27,1,-0.003564272
Warm B,383011,2237,2236,28,27,1,0.004891014
Warm B,348208,2041,2040,28,27,1,0.0020064232
Warm B,330580,1951,1950,28,27,0,-0.0016824175
Warm B,324780,1924,1923,28,27,0,0.0055977795
Warm B,321754,1908,1907,28,27,0,0.009152785
Warm B,317020,1884,1883,28,27,1,0.008670808
Warm B,302710,1797,1796,28,27,1,0.006133709
Warm B,282377,1693,1692,28,27,1,0.0059028985
Warm B,292524,1741,1740,28,27,1,0.009152163
Warm B,269549,1634,1633,28,27,1,0.008415378
Warm B,257142,1576,1575,28,27,1,0.009207909
Warm B,241713,1455,1454,28,27,1,0.003304472
Warm B,228987,1387,1386,28,27,0,0.0066264207
Warm B,225904,1368,1367,28,27,1,0.006725673
Warm B,276442,1671,1670,28,27,1,-0.00044167507
Warm B,218321,1323,1322,28,27,1,0.014034345
Warm B,216623,1315,1314,28,27,1,0.0097197555
Warm B,199617,1224,1223,28,27,1,0.014429379
Warm B,338334,1988,1987,28,27,1,0.0016667796
Warm B,189106,1172,1171,28,27,1,-0.0031498382
Warm B,184455,1147,1146,28,27,1,0.013172371
Warm B,316383,1883,1882,28,27,0,0.015471929
Warm B,201772,1242,1241,28,27,0,0.0040333313
Warm B,174516,1103,1102,28,27,1,-0.004411543
Warm B,169140,1073,1072,28,27,1,0.0037153424
Warm B,167544,1067,1066,28,27,1,0.0012257393
Warm B,158992,1016,1015,28,27,1,0.0059240847
Warm B,320303,1899,1898,28,27,1,0.011608267
Warm B,158605,1015,1014,28,27,1,-0.0041944333
Warm B,185726,1150,1149,28,27,0,0.01481466
Warm B,140351,899,898,28,27,0,0.009337308
Warm B,138756,889,888,28,27,1,0.0059766546
Warm B,123723,797,796,28,27,1,-0.0049242126
Warm B,132662,855,854,28,27,1,0.010696296
Warm B,187792,1164,1163,28,27,1,0.0113149015
Warm B,305267,1813,1812,28,27,1,-7.181842e-05
Warm B,341261,2011,2010,28,27,1,0.0070026023
Warm B,631796,3821,3820,28,27,0,0.0013885454
Warm B,98188,656,655,28,27,1,0.017201878
Warm B,85330,556,555,28,27,1,-0.003407394
Warm B,191397,1181,1180,28,27,0,0.02268373
Warm B,69334,464,463,28,27,1,0.0042943675
Warm B,820915,4934,4933,28,27,1,-0.0053241597
Warm B,949223,5734,5733,28,27,1,0.0074924654
Warm B,51496,338,337,28,27,1,0.0046267123
Warm B,50252,331,330,28,27,1,0.006017521
Warm B,34777,235,234,28,27,1,0.004067638
Warm B,796141,4771,4770,28,27,0,0.007064076
Warm B,462066,2849,2848,28,27,1,-0.0015427244
Warm B,17936,138,137,28,27,1,-0.0034496281
Warm B,13467,106,105,28,27,1,-0.0011323892
Warm B,211697,1287,1286,28,27,1,-0.0015643362
Warm B,8838,59,58,28,27,0,0.009242608
Warm B,4903,35,34,28,27,1,0.0092662135
Warm B,4235,32,31,28,27,0,0.010021694
Warm B,20846,151,150,28,27,1,0.014653699
Warm B,739450,4418,4417,28,27,1,0.00021127821
Warm B,127387,822,821,28,27,0,0.009246671
Warm B,263643,1605,1604,28,27,0,0.01444258
Warm B,89387,588,587,28,27,1,0.014020987
Warm B,835120,5019,5018,28,27,0,0.004773659
Warm B,9893,68,67,28,27,0,0.001993807
Warm B,996283,6016,6015,28,27,0,0.0047106184
Warm B,195720,1203,1202,28,27,1,0.009045912
Warm B,313011,1865,1864,28,27,0,0.003063246
Warm B,319559,1897,1896,28,27,1,0.004849773
Warm B,476468,2926,2925,28,27,0,0.008868763
Warm B,206470,1265,1264,28,27,1,0.005206163
Warm B,361076,2106,2105,28,27,1,0.0066284295
Warm B,60835,411,410,28,27,1,0.004077037
Warm B,514075,3172,3171,28,27,0,-0.0037487778
Warm B,479815,2944,2943,28,27,1,0.006243923
Warm B,795524,4765,4764,28,27,1,0.008187646
Warm B,172030,1088,1087,28,27,1,0.0033581306
Warm B,27598,193,192,28,27,1,0.0019610582
Warm B,748268,4467,4466,28,27,1,-0.003261658
Warm B,295754,1755,1754,28,27,1,0.010186732
Warm B,974430,5878,5877,28,27,1,0.014427867
Warm B,20117,149,148,30,29,1,0.007216686
Warm B,152533,981,980,30,29,0,0.014869249
Warm B,5186,36,35,30,29,1,0.010798172
Warm B,1823,17,16,30,29,1,0.013148572
Warm B,902881,5458,5457,30,29,0,-0.0049728784
Warm B,76441,518,517,30,29,0,0.0046719806
Warm B,207117,1266,1265,30,29,0,0.0066811205
Warm B,844057,5074,5073,30,29,0,0.004238064
Warm B,511393,3154,3153,30,29,1,0.015645955
Warm B,284946,1699,1698,30,29,0,0.012095105
Warm B,605360,3679,3678,30,29,0,-0.0021777696
Warm B,874002,5277,5276,30,29,0,0.005051313
Warm B,249953,1505,1504,30,29,0,0.012246709
Warm B,421222,2544,2543,30,29,0,0.005507459
Warm B,575568,3519,3518,31,30,1,0.010494851
Warm B,577503,3526,3525,31,30,0,0.00433632
Warm B,550557,3391,3390,31,30,0,-0.005600569
Warm B,542438,3336,3335,31,30,0,0.00013324269
Warm B,536259,3308,3307,31,30,0,0.0017115847
Warm B,525711,3246,3245,31,30,1,-0.004551643
Warm B,658529,3967,3966,31,30,0,-0.005245836
Warm B,508795,3129,3128,31,30,1,0.004583132
Warm B,530007,3272,3271,31,30,0,-0.005253326
Warm B,478275,2934,2933,31,30,0,0.0028307526
Warm B,472862,2907,2906,31,30,1,0.0018000695
Warm B,474069,2909,2908,31,30,1,0.000661802
Warm B,467071,2878,2877,31,30,0,0.0006241845
Warm B,463583,2857,2856,31,30,0,0.0027909675
Warm B,451169,2777,2776,31,30,1,-0.0007102797
Warm B,444839,2743,2742,31,30,1,-0.0017945928
Warm B,443969,2737,2736,31,30,0,0.0050548236
Warm B,564716,3471,3470,31,30,0,-0.005624079
Warm B,580068,3540,3539,31,30,0,-0.0004253178
Warm B,420304,2540,2539,31,30,0,0.0042409627
Warm B,399253,2376,2375,31,30,0,0.004839158
Warm B,405570,2429,2428,31,30,1,-0.0015647011
Warm B,392506,2304,2303,31,30,0,-0.0013030577
Warm B,383799,2242,2241,31,30,1,-0.0026992857
Warm B,366274,2131,2130,31,30,0,0.0019054224
Warm B,363388,2116,2115,31,30,1,-0.007649444
Warm B,361903,2109,2108,31,30,0,0.0012280727
Warm B,352304,2063,2062,31,30,0,0.0030402378
Warm B,196728,1207,1206,31,30,0,0.0087537225
Warm B,321758,1908,1907,31,30,0,0.00589587
Warm B,189116,1172,1171,31,30,1,0.0045527034
Warm B,185751,1150,1149,31,30,0,-0.0034363489
Warm B,211333,1285,1284,31,30,0,0.0065031983
Warm B,307687,1835,1834,31,30,0,0.009585737
Warm B,263669,1605,1604,31,30,0,0.0044140983
Warm B,172978,1096,1095,31,30,0,-0.0032643683
Warm B,168061,1068,1067,31,30,0,0.00064493716
Warm B,328672,1941,1940,31,30,1,0.0016232088
Warm B,155012,999,998,31,30,0,-0.003480527
Warm B,116574,752,751,31,30,0,0.0073398845
Warm B,120597,777,776,31,30,0,-0.0009784044
Warm B,299804,1778,1777,31,30,1,0.0051896097
Warm B,106304,699,698,31,30,0,0.0030063465
Warm B,101511,676,675,31,30,1,0.0029856684
Warm B,332849,1962,1961,31,30,1,0.0019589574
Warm B,92367,616,615,31,30,0,-0.0033254556
Warm B,239295,1448,1447,31,30,1,-0.0008139189
Warm B,80784,536,535,31,30,0,-0.0017776712
Warm B,81903,543,542,31,30,1,0.00064209854
Warm B,77854,524,523,31,30,0,0.007946355
Warm B,76205,517,516,31,30,1,6.530341e-05
Warm B,132676,855,854,31,30,0,-0.0015844996
Warm B,696718,4169,4168,31,30,0,-0.0011587087
Warm B,39608,268,267,31,30,1,0.005915924
Warm B,55677,368,367,31,30,0,-0.00232267
Warm B,32983,223,222,31,30,0,0.011028289
Warm B,30268,203,202,31,30,0,-0.0077082017
Warm B,25666,181,180,31,30,1,0.00022390671
Warm B,104547,692,691,31,30,0,0.002849576
Warm B,108291,710,709,31,30,0,0.0077223233
Warm B,79708,531,530,31,30,0,0.0035646637
Warm B,78670,528,527,31,30,1,0.0039995816
Warm B,399992,2380,2379,31,30,0,0.006258031
Warm B,893085,5394,5393,31,30,0,0.008168412
Warm B,241456,1451,1450,31,30,1,-0.0031373533
Warm B,164831,1051,1050,31,30,0,-0.0038458905
Warm B,102609,678,677,31,30,1,0.00041615032
Warm B,28329,195,194,31,30,0,0.004254987
Warm B,964214,5812,5811,31,30,0,-3.4486875e-06
Warm B,907717,5492,5491,31,30,0,0.0011853087
Warm B,139272,890,889,31,30,1,-0.00339361
Warm B,195732,1203,1202,31,30,1,-0.0005396269
Warm B,475648,2918,2917,31,30,1,0.00085405994
Warm B,960329,5792,5791,31,30,0,0.0031231602
Warm B,179821,1125,1124,31,30,0,0.005137598
Warm B,172054,1088,1087,31,30,0,0.0010598548
Warm B,992473,5996,5995,31,30,1,-0.00081810704
Warm B,235241,1425,1424,31,30,0,-7.220113e-05
Warm B,215702,1306,1305,31,30,0,0.0033778204
Warm B,801513,4802,4801,31,30,0,-0.00094746053
Warm B,937677,5657,5656,31,30,1,0.00019088434
Warm B,187807,1164,1163,35,33,1,0.0087247575
Warm B,160402,1019,1018,35,33,0,0.013421388
Warm B,841261,5054,5053,35,33,0,0.019862328
Warm B,24462,173,172,35,33,0,-0.0022455952
Warm B,285511,1701,1700,35,33,0,0.015414033
Warm B,545392,3363,3362,35,33,0,0.009642165
Warm B,310853,1851,1850,35,33,0,-0.0040804753
Warm B,883132,5333,5332,35,33,0,0.012072578
Warm B,974446,5878,5877,35,33,0,0.009023335
Warm B,550563,3391,3390,35,33,0,0.0071599362
Warm B,541849,3334,3333,43,38,0,0.011271635
Warm B,521684,3218,3217,43,38,1,0.008777858
Warm B,526288,3253,3252,43,38,1,-0.0035390672
Warm B,738259,4411,4410,43,38,0,0.008648688
Warm B,500146,3071,3070,43,38,1,0.0033583564
Warm B,492192,3026,3025,43,38,0,0.00026124157
Warm B,485319,2986,2985,43,38,1,0.006619343
Warm B,576601,3524,3523,43,38,0,-0.0004896375
Warm B,481003,2953,2952,43,38,0,0.0013166522
Warm B,474832,2913,2912,43,38,1,0.003309972
Warm B,870260,5256,5255,43,38,1,0.006837139
Warm B,879983,5317,5316,43,38,1,-0.00029291352
Warm B,754776,4497,4496,43,38,1,0.0068131774
Warm B,464749,2864,2863,43,38,1,-0.00412683
Warm B,454277,2794,2793,43,38,1,0.00057846005
Warm B,453102,2790,2789,43,38,0,-0.0013715534
Warm B,442495,2724,2723,43,38,1,-0.00059883064
Warm B,438682,2680,2679,43,38,0,0.008894164
Warm B,439485,2684,2683,43,38,0,-0.0014092023
Warm B,422907,2563,2562,43,38,0,-0.0010885876
Warm B,420310,2540,2539,43,38,1,0.002867783
Warm B,415591,2503,2502,43,38,0,-0.0023932713
Warm B,415177,2499,2498,43,38,1,-0.0050623496
Warm B,464365,2860,2859,43,38,0,0.00022126111
Warm B,402517,2402,2401,43,38,0,0.008395334
Warm B,388568,2275,2274,43,38,1,0.008321098
Warm B,386747,2261,2260,43,38,0,0.0018960201
Warm B,382138,2232,2231,43,38,1,0.004557823
Warm B,383034,2237,2236,43,38,1,0.0030362713
Warm B,365905,2129,2128,43,38,0,0.0022334033
Warm B,357083,2091,2090,43,38,1,0.00033117295
Warm B,350593,2058,2057,43,38,0,0.0084392
Warm B,337237,1983,1982,43,38,0,0.0020378311
Warm B,316403,1883,1882,43,38,1,0.013277311
Warm B,318721,1894,1893,43,38,1,0.0075085927
Warm B,310873,1851,1850,43,38,0,0.0034298112
Warm B,274542,1658,1657,43,38,1,0.0059737987
Warm B,279947,1680,1679,43,38,1,0.005344734
Warm B,264437,1608,1607,43,38,0,0.0072621307
Warm B,264257,1607,1606,43,38,0,0.004994509
Warm B,262745,1602,1601,43,38,1,-0.0017602581
Warm B,256283,1563,1562,43,38,1,-0.0011571432
Warm B,236636,1436,1435,43,38,1,0.0006477763
Warm B,296628,1758,1757,43,38,1,0.0010548658
Warm B,211934,1290,1289,43,38,1,-0.006649171
Warm B,211363,1285,1284,43,38,1,0.007569027
Warm B,194474,1199,1198,43,38,0,0.010621568
Warm B,185785,1150,1149,43,38,0,0.010882616
Warm B,307721,1835,1834,43,38,1,0.0073258188
Warm B,176331,1114,1113,43,38,0,0.007332286
Warm B,174916,1108,1107,43,38,1,0.00027712598
Warm B,175175,1110,1109,43,38,1,-0.0024186303
Warm B,169855,1078,1077,43,38,1,-0.0059056557
Warm B,168691,1069,1068,43,38,0,0.011995787
Warm B,219553,1331,1330,43,38,1,0.0020553814
Warm B,215105,1303,1302,43,38,1,0.0041201254
Warm B,146496,944,943,43,38,0,-0.0027538745
Warm B,139801,895,894,43,38,1,0.00753963
Warm B,138827,889,888,43,38,0,0.015444696
Warm B,132845,856,855,43,38,0,0.002084588
Warm B,263698,1605,1604,43,38,1,-0.0025143204
Warm B,349405,2050,2049,43,38,1,0.007435218
Warm B,98279,657,656,43,38,1,0.0028490894
Warm B,84873,551,550,43,38,0,0.003608087
Warm B,83544,549,548,43,38,1,0.007970166
Warm B,234372,1422,1421,43,38,0,0.006726001
Warm B,75342,511,510,43,38,1,-0.0015093916
Warm B,66748,446,445,43,38,1,0.0071653323
Warm B,60881,411,410,43,38,1,0.012923509
Warm B,55101,364,363,43,38,1,0.0014756841
Warm B,47656,319,318,43,38,1,0.009031471
Warm B,241483,1451,1450,43,38,1,0.008146364
Warm B,313032,1865,1864,43,38,1,-0.0050592544
Warm B,32522,218,217,43,38,0,-0.0051302817
Warm B,48191,323,322,43,38,1,0.0048595937
Warm B,28357,195,194,43,38,1,-0.002162145
Warm B,26533,187,186,43,38,1,0.010454132
Warm B,10030,70,69,43,38,1,0.0023346466
Warm B,202181,1243,1242,43,38,1,0.0040848446
Warm B,932600,5630,5629,43,38,1,0.010375078
Warm B,76451,518,517,43,38,1,0.0075095594
Warm B,238283,1447,1446,43,38,1,0.013110772
Warm B,522969,3224,3223,43,38,0,0.00033239578
Warm B,158671,1015,1014,43,38,0,0.011905047
Warm B,460863,2841,2840,43,38,1,0.007803243
Warm B,171012,1087,1086,43,38,1,0.009559011
Warm B,160422,1019,1018,43,38,1,0.0033154949
Warm B,772771,4607,4606,43,38,1,0.004691166
Warm B,465234,2868,2867,43,38,1,0.010392578
Warm B,309802,1842,1841,43,38,1,0.0052792337
Warm B,195758,1203,1202,43,38,0,0.013227183
Warm B,730591,4371,4370,43,38,0,0.0049040327
Warm B,550597,3391,3390,43,38,0,-0.002389272
Warm B,287872,1717,1716,43,38,1,0.0070748767
Warm B,479825,2944,2943,43,38,0,0.00010189484
Warm B,286908,1712,1711,43,38,0,0.00408926
Warm B,348241,2041,2040,43,38,0,0.012699522
Warm B,328728,1941,1940,43,38,0,0.010146133
Warm B,384795,2247,2246,43,38,0,-0.00025555003
Warm B,172087,1088,1087,43,38,0,0.009184353
Warm B,116601,752,751,43,38,0,0.0035693252
Warm B,554928,3412,3411,43,38,1,0.005873507
Warm B,841276,5054,5053,43,38,0,0.007870474
Warm B,319593,1897,1896,43,38,0,0.0011171754
Warm B,609353,3693,3692,43,38,0,0.0012985435
Warm B,974454,5878,5877,43,38,0,0.0020862268
Warm B,566725,3477,3476,46,41,1,0.0006371599
Warm B,549541,3390,3389,46,41,0,0.0068195956
Warm B,658552,3967,3966,46,41,0,-0.0064975685
Warm B,575591,3519,3518,46,41,0,-0.0010866441
Warm B,544781,3358,3357,46,41,1,0.001746563
Warm B,533652,3292,3291,46,41,0,0.0021433637
Warm B,526891,3259,3258,46,41,1,0.009113165
Warm B,774488,4619,4618,46,41,0,-0.0012754821
Warm B,509944,3140,3139,46,41,1,0.00089506526
Warm B,503710,3095,3094,46,41,1,0.0016502592
Warm B,503016,3087,3086,46,41,0,-0.0036111567
Warm B,516665,3189,3188,46,41,0,0.0032999995
Warm B,499739,3067,3066,46,41,0,0.00013258285
Warm B,574949,3518,3517,46,41,1,0.00032702927
Warm B,659290,3971,3970,46,41,1,-0.00011445535
Warm B,493581,3031,3030,46,41,1,0.009629873
Warm B,490423,3017,3016,46,41,0,-0.011227505
Warm B,478302,2934,2933,46,41,0,0.0013147877
Warm B,467089,2878,2877,46,41,1,0.0054593394
Warm B,457203,2817,2816,46,41,1,0.00243666
Warm B,451201,2777,2776,46,41,0,-0.0016627319
Warm B,443986,2737,2736,46,41,0,0.004050073
Warm B,564741,3471,3470,46,41,0,0.007005483
Warm B,430296,2622,2621,46,41,0,0.00059514167
Warm B,430601,2624,2623,46,41,1,0.0065776426
Warm B,423283,2565,2564,46,41,0,-0.002596107
Warm B,419330,2533,2532,46,41,1,0.006319211
Warm B,416935,2507,2506,46,41,0,0.01588933
Warm B,413903,2489,2488,46,41,0,0.0027549386
Warm B,408434,2453,2452,46,41,0,0.004421223
Warm B,398348,2368,2367,46,41,1,-0.0016882686
Warm B,393173,2309,2308,46,41,0,0.0075522223
Warm B,377460,2203,2202,46,41,1,0.006490646
Warm B,352359,2063,2062,46,41,0,0.0012815143
Warm B,259676,1587,1586,46,41,0,-0.00035681098
Warm B,243025,1465,1464,46,41,0,0.011719488
Warm B,207841,1271,1270,46,41,1,0.013681315
Warm B,279952,1680,1679,46,41,1,0.005683372
Warm B,338374,1988,1987,46,41,0,-0.0009290683
Warm B,189650,1175,1174,46,41,1,-0.0020734102
Warm B,186878,1158,1157,46,41,1,0.007557259
Warm B,189138,1172,1171,46,41,0,0.0046946597
Warm B,183362,1141,1140,46,41,0,-0.0015795722
Warm B,316405,1883,1882,46,41,0,0.009274616
Warm B,176332,1114,1113,46,41,0,-0.0027734085
Warm B,177704,1119,1118,46,41,1,0.0104018
Warm B,263701,1605,1604,46,41,0,0.0012465786
Warm B,168693,1069,1068,46,41,0,0.0055308007
Warm B,167341,1065,1064,46,41,0,-0.0015014051
Warm B,328731,1941,1940,46,41,0,0.0117709115
Warm B,226245,1369,1368,46,41,0,0.003895733
Warm B,151757,975,974,46,41,0,0.003172465
Warm B,140378,899,898,46,41,0,-0.0008569
Warm B,140037,897,896,46,41,1,0.0038139573
Warm B,138831,889,888,46,41,0,0.0016090675
Warm B,132115,854,853,46,41,0,0.0037179266
Warm B,127411,822,821,46,41,1,-0.0014404643
Warm B,125324,805,804,46,41,0,-0.0006169382
Warm B,123727,797,796,46,41,0,0.007078969
Warm B,122266,788,787,46,41,0,0.012992458
Warm B,223799,1354,1353,46,41,0,0.005361527
Warm B,116605,752,751,46,41,1,-0.00018566346
Warm B,778959,4653,4652,46,41,0,0.0018814239
Warm B,103730,689,688,46,41,1,0.005319759
Warm B,179844,1125,1124,46,41,0,0.0016708126
Warm B,99770,666,665,46,41,0,0.003801319
Warm B,103532,687,686,46,41,0,0.002721612
Warm B,295065,1752,1751,46,41,0,0.0031394586
Warm B,332877,1962,1961,46,41,0,-0.0062224385
Warm B,83547,549,548,46,41,0,0.0023652876
Warm B,191458,1181,1180,46,41,0,0.0059334943
Warm B,239341,1448,1447,46,41,1,-0.0047279284
Warm B,64661,432,431,46,41,0,0.0015599262
Warm B,201802,1242,1241,46,41,0,0.0027003898
Warm B,240541,1449,1448,46,41,0,0.007666801
Warm B,52607,346,345,46,41,0,0.008275317
Warm B,60883,411,410,46,41,0,-0.010411751
Warm B,78693,528,527,46,41,0,0.0024568923
Warm B,132701,855,854,46,41,0,0.0055546593
Warm B,49612,329,328,46,41,0,-0.0014417982
Warm B,696751,4169,4168,46,41,0,0.00832252
Warm B,39619,268,267,46,41,1,0.0066989902
Warm B,308933,1837,1836,46,41,0,-0.0014808525
Warm B,29305,199,198,46,41,1,-0.0054097716
Warm B,26536,187,186,46,41,0,0.0016851163
Warm B,21310,156,155,46,41,1,0.0034071181
Warm B,6339,45,44,46,41,1,0.0030299262
Warm B,5478,38,37,46,41,0,-0.0011893944
Warm B,545400,3363,3362,46,41,0,-0.0033032163
Warm B,506155,3113,3112,46,41,0,0.0022452958
Warm B,50310,331,330,46,41,0,0.0037753345
Warm B,79743,531,530,46,41,0,0.00028908334
Warm B,158673,1015,1014,46,41,0,0.011997836
Warm B,42858,293,292,46,41,0,0.002845072
Warm B,76452,518,517,46,41,1,0.00088193687
Warm B,386199,2258,2257,46,41,0,-0.00058231945
Warm B,172091,1088,1087,46,41,0,0.0046887435
Warm B,538197,3312,3311,46,41,1,0.00033890386
Warm B,361127,2106,2105,46,41,0,0.0004368727
Warm B,996312,6016,6015,46,41,0,0.006570929
Warm B,562796,3462,3461,46,41,0,0.0007667516
Warm B,187822,1164,1163,46,41,0,5.0528964e-05
Warm B,476489,2926,2925,46,41,1,0.0009819088
Warm B,206490,1265,1264,46,41,1,0.0040358156
Warm B,877470,5302,5301,46,41,1,0.004184723
Warm B,974456,5878,5877,46,41,0,0.0047067152
Warm B,209173,1276,1275,57,46,0,0.008807267
Warm B,243459,1467,1466,57,46,1,-0.0053727804
Warm B,280006,1680,1679,57,46,1,0.004278614
Warm B,305165,1812,1811,57,46,1,-0.004346051
Warm B,185810,1150,1149,57,46,0,-0.004801216
Warm B,183367,1141,1140,57,46,0,-0.005737783
Warm B,307750,1835,1834,57,46,1,0.0036437884
Warm B,180481,1128,1127,57,46,0,-0.0088797705
Warm B,263722,1605,1604,57,46,0,0.0054790573
Warm B,168705,1069,1068,57,46,0,0.00042411522
Warm B,168095,1068,1067,57,46,1,-0.004030071
Warm B,164085,1050,1049,57,46,0,0.008936011
Warm B,320360,1899,1898,57,46,0,-0.0050513977
Warm B,157275,1010,1009,57,46,0,-0.006556876
Warm B,361147,2106,2105,57,46,0,-7.7600125e-06
Warm B,101019,673,672,57,46,1,-0.008333867
Warm B,177238,1117,1116,57,46,1,-0.0077010714
Warm B,332889,1962,1961,57,46,0,0.0016079725
Warm B,696778,4169,4168,57,46,0,0.0034277462
Warm B,239367,1448,1447,57,46,1,0.004644854
Warm B,77920,524,523,57,46,0,0.0012701155
Warm B,73004,493,492,57,46,0,0.001963636
Warm B,132719,855,854,57,46,1,-0.003121503
Warm B,47676,319,318,57,46,0,0.0023241402
Warm B,26552,187,186,57,46,1,0.005078558
Warm B,235288,1425,1424,57,46,1,0.00031613722
Warm B,254516,1546,1545,57,46,1,-0.0027875137
Warm B,79761,531,530,57,46,0,-0.0032972693
Warm B,355205,2077,2076,57,46,1,-0.00095061224
Warm B,709842,4258,4257,57,46,0,0.00068774377
Warm B,363441,2116,2115,57,46,0,0.0047828173
Warm B,164888,1051,1050,57,46,1,0.0058726077
Warm B,102671,678,677,57,46,0,0.003433939
Warm B,556647,3420,3419,57,46,1,0.007574425
Warm B,245914,1484,1483,57,46,0,-0.0030646287
Warm B,134914,872,871,57,46,0,0.00067142607
Warm B,50492,332,331,57,46,0,-0.008291368
Warm B,311391,1854,1853,57,46,0,0.002731812
Warm B,974464,5878,5877,57,46,1,-0.0074976813
Warm B,572520,3507,3506,61,49,0,0.001257102
Warm B,363461,2116,2115,61,49,0,0.011958591
Warm B,331984,1958,1957,61,49,0,0.009044071
Warm B,499773,3067,3066,61,49,1,-0.003782414
Warm B,164914,1051,1050,61,49,0,0.0043933247
Warm B,684298,4089,4088,61,49,0,-0.00420501
Warm B,456628,2810,2809,61,49,1,0.0027804817
Warm B,390213,2288,2287,63,51,0,0.0028283815
Warm B,387101,2263,2262,63,51,0,-0.0013628148
Warm B,368032,2148,2147,63,51,1,0.009293441
Warm B,356083,2085,2084,63,51,1,0.0024317198
Warm B,352416,2063,2062,63,51,1,0.0027801986
Warm B,361960,2109,2108,63,51,0,0.0067921006
Warm B,344952,2023,2022,63,51,1,-0.0028409557
Warm B,340981,2010,2009,63,51,0,0.010714276
Warm B,314767,1879,1878,63,51,0,0.008961114
Warm B,297778,1764,1763,63,51,0,0.009219831
Warm B,259703,1587,1586,63,51,0,0.00077138795
Warm B,247954,1496,1495,63,51,0,0.007909836
Warm B,236099,1430,1429,63,51,0,0.006519086
Warm B,224365,1356,1355,63,51,0,0.011923033
Warm B,278057,1676,1675,63,51,0,0.008392771
Warm B,202725,1244,1243,63,51,0,0.0066542937
Warm B,274127,1655,1654,63,51,1,-0.0006519519
Warm B,244237,1470,1469,63,51,0,0.016408248
Warm B,193320,1193,1192,63,51,0,0.013594405
Warm B,176164,1113,1112,63,51,0,0.012577131
Warm B,165678,1056,1055,63,51,1,-0.0054297
Warm B,272417,1645,1644,63,51,1,-0.0027396437
Warm B,150243,967,966,63,51,0,0.008840113
Warm B,268160,1628,1627,63,51,0,0.0014352396
Warm B,157301,1010,1009,63,51,0,-0.0025339613
Warm B,136983,881,880,63,51,0,0.016334772
Warm B,121621,781,780,63,51,1,0.009000416
Warm B,299854,1778,1777,63,51,0,0.006246457
Warm B,329620,1943,1942,63,51,1,0.00014830806
Warm B,284566,1698,1697,63,51,0,0.010002848
Warm B,90822,601,600,63,51,0,0.009248141
Warm B,77949,524,523,63,51,0,0.012807273
Warm B,88989,587,586,63,51,1,0.008193546
Warm B,81966,543,542,63,51,1,0.012019532
Warm B,70953,476,475,63,51,0,0.009040577
Warm B,59520,403,402,63,51,1,0.009667719
Warm B,599514,3648,3647,63,51,0,0.009657824
Warm B,592228,3610,3609,63,51,0,0.010961743
Warm B,954269,5761,5760,63,51,0,0.0062169754
Warm B,334084,1969,1968,63,51,0,0.010026451
Warm B,106358,699,698,63,51,0,-0.002189439
Warm B,750517,4478,4477,63,51,0,0.024483033
Warm B,290589,1733,1732,63,51,0,0.00906428
Warm B,11691,90,89,63,51,1,0.0045097293
Warm B,134653,869,868,63,51,0,0.011433691
Warm B,371157,2168,2167,63,51,1,0.0042114654
Warm B,273322,1647,1646,63,51,0,0.01063952
Warm B,461675,2847,2846,63,51,1,0.008471394
Warm B,342863,2015,2014,63,51,0,0.0035883924
Warm B,893113,5394,5393,63,51,0,0.018317685
Warm B,215735,1306,1305,63,51,0,0.002486717
Warm B,132138,854,853,64,52,0,-0.0024179039
Warm B,112737,731,730,64,52,0,-0.0030566163
Warm B,106359,699,698,64,52,0,0.0004401093
Warm B,332907,1962,1961,64,52,0,0.002201229
Warm B,235308,1425,1424,64,52,1,0.0070306775
Warm B,361168,2106,2105,64,52,0,-0.0026989668
Warm B,77950,524,523,64,52,0,0.003483093
Warm B,239397,1448,1447,64,52,0,-0.0040173302
Warm B,52631,346,345,64,52,0,0.003226392
Warm B,55146,365,364,64,52,0,0.0013370462
Warm B,132734,855,854,64,52,0,-0.00649154
Warm B,30065,202,201,64,52,0,0.0035201013
Warm B,22699,163,162,64,52,0,0.00013604853
Warm B,5495,38,37,64,52,0,-0.0021087779
Warm B,3647,26,25,64,52,0,0.00049181655
Warm B,79784,531,530,64,52,0,-0.00046760403
Warm B,682819,4085,4084,64,52,0,-0.0056914305
Warm B,964255,5812,5811,64,52,0,0.005572986
Warm B,479835,2944,2943,64,52,1,-0.00966065
Warm B,497444,3054,3053,65,53,0,0.0035027838
Warm B,472939,2907,2906,65,53,0,0.017127724
Warm B,466103,2873,2872,65,53,0,0.00087673427
Warm B,461676,2847,2846,65,53,0,0.009441089
Warm B,487243,2996,2995,65,53,0,0.0068934388
Warm B,435983,2664,2663,65,53,0,0.009627634
Warm B,430220,2621,2620,65,53,0,0.012876825
Warm B,420588,2541,2540,65,53,0,0.0026517906
Warm B,417123,2508,2507,65,53,0,0.011141713
Warm B,404771,2419,2418,65,53,0,0.0064262063
Warm B,399620,2378,2377,65,53,0,-7.106911e-05
Warm B,375750,2188,2187,65,53,0,0.012438707
Warm B,356085,2085,2084,65,53,1,0.012270061
Warm B,361961,2109,2108,65,53,0,0.0049013067
Warm B,341851,2012,2011,65,53,0,0.012376416
Warm B,340982,2010,2009,65,53,0,0.022566263
Warm B,351085,2060,2059,65,53,0,0.0077784597
Warm B,330594,1951,1950,65,53,0,0.00854374
Warm B,315634,1880,1879,65,53,0,0.014899569
Warm B,259705,1587,1586,65,53,0,0.016190782
Warm B,309392,1841,1840,65,53,0,0.013981405
Warm B,224366,1356,1355,65,53,0,0.01208848
Warm B,213117,1297,1296,65,53,0,0.0057049543
Warm B,278058,1676,1675,65,53,0,0.01340228
Warm B,261990,1599,1598,65,53,1,0.009843211
Warm B,244238,1470,1469,65,53,0,0.02222901
Warm B,178418,1120,1119,65,53,1,0.016517155
Warm B,198705,1220,1219,65,53,0,0.004834096
Warm B,168106,1068,1067,65,53,0,0.019631596
Warm B,328807,1941,1940,65,53,0,0.012687825
Warm B,164096,1050,1049,65,53,0,0.020578828
Warm B,272418,1645,1644,65,53,1,0.012136256
Warm B,249375,1502,1501,65,53,0,0.008052892
Warm B,157302,1010,1009,65,53,0,0.009585174
Warm B,136984,881,880,65,53,0,0.011385246
Warm B,124348,800,799,65,53,1,0.01297279
Warm B,361169,2106,2105,65,53,0,0.010902515
Warm B,108348,710,709,65,53,0,0.008190209
Warm B,106360,699,698,65,53,0,0.002952433
Warm B,101550,676,675,65,53,0,0.0076187258
Warm B,85000,552,551,65,53,0,0.009781486
Warm B,77951,524,523,65,53,0,0.013757719
Warm B,299855,1778,1777,65,53,0,0.00485723
Warm B,119570,770,769,65,53,0,0.0070560747
Warm B,81967,543,542,65,53,0,0.006506753
Warm B,72388,482,481,65,53,0,0.012176092
Warm B,65610,438,437,65,53,1,0.016325744
Warm B,251280,1516,1515,65,53,0,0.009430949
Warm B,57251,386,385,65,53,0,0.00039354147
Warm B,240595,1449,1448,65,53,0,0.016099948
Warm B,44771,302,301,65,53,0,0.0139903985
Warm B,538223,3312,3311,65,53,0,0.009190945
Warm B,37474,255,254,65,53,0,-0.0022147205
Warm B,368519,2153,2152,65,53,0,0.0074541527
Warm B,30066,202,201,65,53,0,0.013254933
Warm B,54632,355,354,65,53,0,0.013743915
Warm B,26904,191,190,65,53,0,0.0030624568
Warm B,270261,1635,1634,65,53,0,0.02201817
Warm B,235309,1425,1424,65,53,0,0.009476112
Warm B,592229,3610,3609,65,53,1,0.016810853
Warm B,7026,48,47,65,53,0,0.00642738
Warm B,78716,528,527,65,53,0,0.008194953
Warm B,2756,22,21,65,53,0,0.00924904
Warm B,371158,2168,2167,65,53,0,0.010732066
Warm B,342864,2015,2014,65,53,1,0.01343539
Warm B,363465,2116,2115,65,53,0,0.005405822
Warm B,846035,5084,5083,65,53,0,0.0067915386
Warm B,102693,678,677,65,53,0,0.009024259
Warm B,35129,237,236,65,53,0,0.012428425
Warm B,352417,2063,2062,65,53,0,0.016925434
Warm B,335244,1978,1977,65,53,1,0.0040341085
Warm B,160477,1019,1018,65,53,0,0.011769919
Warm B,924019,5580,5579,65,53,0,0.0059887567
Warm B,336427,1980,1979,65,53,0,0.016780414
Warm B,164916,1051,1050,65,53,0,0.018559683
Warm B,628885,3807,3806,65,53,0,0.006307723
Warm B,310897,1851,1850,65,53,0,0.012730151
Warm B,564780,3471,3470,65,53,0,0.0131455725
Warm B,933646,5636,5635,65,53,0,0.010351225
Warm B,290590,1733,1732,65,53,0,0.00989601
Warm B,599515,3648,3647,65,53,0,0.007509194
Warm B,575621,3519,3518,65,53,0,0.012532658
Warm B,53090,349,348,65,53,0,0.009449975
Warm B,231235,1399,1398,66,54,0,0.0002645061
Warm B,227362,1377,1376,66,54,0,0.010906665
Warm B,233210,1418,1417,66,54,0,0.010699453
Warm B,224367,1356,1355,66,54,0,0.008640762
Warm B,214182,1300,1299,66,54,0,0.014707711
Warm B,278059,1676,1675,66,54,0,0.010497792
Warm B,200445,1230,1229,66,54,0,0.010019114
Warm B,196794,1207,1206,66,54,0,0.01398533
Warm B,280052,1680,1679,66,54,0,0.015708573
Warm B,342866,2015,2014,66,54,0,0.0058001224
Warm B,173001,1096,1095,66,54,0,0.0014375395
Warm B,157432,1011,1010,66,54,0,0.008303303
Warm B,217383,1317,1316,66,54,0,0.0007806318
Warm B,138902,889,888,66,54,0,0.00989738
Warm B,136985,881,880,66,54,0,0.00016596541
Warm B,127127,820,819,66,54,0,0.0051780306
Warm B,126768,817,816,66,54,0,0.019224737
Warm B,122276,788,787,66,54,0,0.003938382
Warm B,119571,770,769,66,54,0,0.01361174
Warm B,113488,735,734,66,54,0,0.022093993
Warm B,121358,780,779,66,54,0,0.007512125
Warm B,86865,566,565,66,54,0,0.00866956
Warm B,86269,563,562,66,54,0,-0.0004500968
Warm B,81969,543,542,66,54,1,0.006876594
Warm B,51026,336,335,66,54,0,0.0011269413
Warm B,291748,1737,1736,66,54,0,0.009714811
Warm B,482066,2962,2961,66,54,0,0.010579838
Warm B,14649,117,116,66,54,0,0.0038599847
Warm B,10331,73,72,66,54,0,0.005592378
Warm B,8606,58,57,66,54,0,0.005350332
Warm B,7027,48,47,66,54,0,0.012301702
Warm B,5858,42,41,66,54,0,0.016105432
Warm B,805811,4823,4822,66,54,0,0.0064829434
Warm B,552691,3401,3400,66,54,0,0.009502362
Warm B,718722,4305,4304,66,54,0,0.01022151
Warm B,23856,169,168,66,54,0,0.014932547
Warm B,328808,1941,1940,66,54,0,0.0052036205
Warm B,155059,999,998,71,57,0,0.010869674
Warm B,135910,877,876,71,57,0,0.005651194
Warm B,111105,721,720,71,57,1,0.0021603308
Warm B,108369,710,709,71,57,0,0.018585224
Warm B,106376,699,698,71,57,0,0.011568654
Warm B,713449,4277,4276,71,57,0,0.0074783238
Warm B,150836,970,969,71,57,0,0.012571702
Warm B,81990,543,542,71,57,0,0.009846417
Warm B,77977,524,523,71,57,0,0.004787369
Warm B,119595,770,769,71,57,0,0.016841486
Warm B,71195,477,476,71,57,0,0.008238306
Warm B,501533,3080,3079,71,57,0,0.003704512
Warm B,44802,302,301,71,57,0,0.015164105
Warm B,30092,202,201,71,57,0,0.00095236325
Warm B,29341,199,198,71,57,1,0.007583308
Warm B,22712,163,162,71,57,0,0.0045219623
Warm B,13069,101,100,71,57,1,0.005640246
Warm B,27371,192,191,71,57,0,0.002027296
Warm B,290612,1733,1732,71,57,0,0.009254279
Warm B,15799,123,122,71,57,0,0.01702138
Warm B,690019,4126,4125,71,57,0,0.00799992
Warm B,250534,1509,1508,71,57,0,-0.0030135824
Warm B,598435,3641,3640,71,57,0,0.011746684
Warm B,182267,1137,1136,71,57,0,0.013285309
Warm B,882261,5329,5328,71,57,0,0.0103314975
Warm B,564804,3471,3470,71,57,0,0.018143352
Warm B,310909,1851,1850,71,57,0,0.0076615186
Warm B,294002,1748,1747,71,57,0,0.012935503
Warm B,363486,2116,2115,71,57,0,0.012760559
Warm B,384298,2244,2243,71,57,0,0.006820811
Warm B,145139,934,933,71,57,0,-0.00078285486
Warm B,160501,1019,1018,71,57,0,0.010002154
Warm B,72408,482,481,71,57,0,0.011831036
Warm B,599539,3648,3647,71,57,0,0.0154258665
Warm B,63486,424,423,71,57,0,0.008184614
Warm B,550686,3391,3390,71,57,0,0.012533674
Warm B,185878,1150,1149,72,58,0,0.008958251
Warm B,212582,1294,1293,72,58,1,0.0071631623
Warm B,211458,1285,1284,72,58,1,0.0063809883
Warm B,307792,1835,1834,72,58,1,0.009184293
Warm B,201831,1242,1241,72,58,1,0.008219071
Warm B,168731,1069,1068,72,58,1,0.003327852
Warm B,140930,905,904,72,58,0,-0.0068995627
Warm B,132751,855,854,72,58,1,0.014944496
Warm B,100375,669,668,72,58,1,0.010599064
Warm B,92639,620,619,72,58,0,0.005157401
Warm B,84598,550,549,72,58,0,0.020721499
Warm B,69568,466,465,72,58,1,0.0020059305
Warm B,57263,386,385,72,58,1,0.013870476
Warm B,883170,5333,5332,72,58,0,-0.005940197
Warm B,313050,1865,1864,72,58,1,0.0004343557
Warm B,29343,199,198,72,58,1,0.005109852
Warm B,482084,2962,2961,72,58,0,0.014509863
Warm B,26575,187,186,72,58,1,0.012472305
Warm B,310910,1851,1850,72,58,0,0.0023026324
Warm B,66232,442,441,72,58,1,-0.0007228041
Warm B,10835,78,77,72,58,0,5.7127676e-05
Warm B,450089,2775,2774,72,58,1,0.0094306525
Warm B,217407,1317,1316,72,58,1,0.0061427266
Warm B,20926,151,150,72,58,0,0.014815007
Warm B,35472,239,238,72,58,1,0.00574076
Warm B,116670,752,751,72,58,1,0.008061938
Warm B,232623,1413,1412,72,58,1,-0.0025516246
Warm B,336458,1980,1979,72,58,1,0.009357639
Warm B,499793,3067,3066,72,58,1,0.016414938
Warm B,479838,2944,2943,72,58,1,0.003943001
Warm B,290613,1733,1732,72,58,1,0.009552333
Warm B,753383,4489,4488,72,58,1,0.014625972
Warm B,63488,424,423,72,58,1,0.007270809
Warm B,435646,2663,2662,74,60,1,0.008613769
Warm B,420594,2541,2540,74,60,1,0.009956669
Warm B,419339,2533,2532,74,60,1,0.013590567
Warm B,417970,2525,2524,74,60,1,0.0046241325
Warm B,408488,2453,2452,74,60,1,0.011649234
Warm B,398570,2371,2370,74,60,1,0.0053204373
Warm B,400043,2380,2379,74,60,0,0.0077704797
Warm B,393185,2309,2308,74,60,0,-0.004536533
Warm B,377505,2203,2202,74,60,1,0.009808218
Warm B,359030,2100,2099,74,60,1,0.011321353
Warm B,348280,2041,2040,74,60,0,0.011987409
Warm B,334231,1971,1970,74,60,1,0.007985512
Warm B,314776,1879,1878,74,60,1,-0.0012332784
Warm B,302345,1794,1793,74,60,0,0.0050351815
Warm B,259722,1587,1586,74,60,0,0.01957184
Warm B,225908,1368,1367,74,60,0,0.007261941
Warm B,306441,1825,1824,74,60,1,0.015492225
Warm B,281599,1688,1687,74,60,1,0.016167108
Warm B,244249,1470,1469,74,60,0,0.019506868
Warm B,280092,1680,1679,74,60,0,0.0068056216
Warm B,192502,1184,1183,74,60,0,-0.0014803368
Warm B,338415,1988,1987,74,60,0,0.004552212
Warm B,189657,1175,1174,74,60,1,0.0061497493
Warm B,263762,1605,1604,74,60,0,0.011500379
Warm B,168732,1069,1068,74,60,0,-0.0014125849
Warm B,167252,1064,1063,74,60,0,0.012567531
Warm B,154216,995,994,74,60,1,0.005312416
Warm B,140397,899,898,74,60,1,0.013773667
Warm B,138943,889,888,74,60,0,0.015340823
Warm B,132147,854,853,74,60,0,0.013266584
Warm B,122282,788,787,74,60,1,0.007737749
Warm B,118771,767,766,74,60,1,0.006494674
Warm B,223845,1354,1353,74,60,0,0.00651119
Warm B,101038,673,672,74,60,0,0.011404379
Warm B,101561,676,675,74,60,0,-0.0029687549
Warm B,103555,687,686,74,60,0,0.0020242103
Warm B,98365,658,657,74,60,0,-0.0018228488
Warm B,87364,570,569,74,60,0,0.010239064
Warm B,76215,517,516,74,60,1,-0.0054203244
Warm B,132752,855,854,74,60,0,0.0030085477
Warm B,239421,1448,1447,74,60,1,0.0041627334
Warm B,39650,268,267,74,60,1,0.00983403
Warm B,40792,273,272,74,60,1,0.015107117
Warm B,30285,203,202,74,60,0,0.010502147
Warm B,6393,45,44,74,60,0,0.009860102
Warm B,5502,38,37,74,60,0,0.0031509981
Warm B,3668,26,25,74,60,1,0.013668197
Warm B,20928,151,150,74,60,0,0.002014013
Warm B,79802,531,530,74,60,0,0.013827035
Warm B,844110,5074,5073,74,60,0,0.0069915066
Warm B,95616,639,638,74,60,1,0.0018743556
Warm B,361183,2106,2105,74,60,0,0.006358143
Warm B,182268,1137,1136,74,60,0,0.018005697
Warm B,145141,934,933,74,60,0,0.01127029
Warm B,907733,5492,5491,74,60,0,0.004804013
Warm B,336460,1980,1979,74,60,0,0.013565639
Warm B,575636,3519,3518,74,60,0,0.014180699
Warm B,187850,1164,1163,74,60,0,0.0051735733
Warm B,111774,727,726,74,60,1,0.01612978
Warm B,47730,319,318,74,60,0,0.0110703
Warm B,625229,3778,3777,76,61,0,-0.008547468
Warm B,621404,3762,3761,76,61,0,-0.005788505
Warm B,840124,5047,5046,76,61,0,0.007056322
Warm B,604597,3675,3674,76,61,0,0.00084943546
Warm B,601743,3658,3657,76,61,1,0.0027555632
Warm B,725626,4344,4343,76,61,0,0.0062103216
Warm B,594440,3618,3617,76,61,0,0.0023602615
Warm B,590897,3603,3602,76,61,0,-0.0009660511
Warm B,598707,3643,3642,76,61,0,0.0015355034
Warm B,588203,3589,3588,76,61,0,-0.0052319793
Warm B,584278,3565,3564,76,61,0,0.008942051
Warm B,758875,4510,4509,76,61,0,-0.006847052
Warm B,579829,3539,3538,76,61,0,0.0027066688
Warm B,556005,3416,3415,76,61,0,0.002742237
Warm B,537573,3311,3310,76,61,0,0.0015926802
Warm B,589972,3599,3598,76,61,0,0.0006704647
Warm B,524118,3230,3229,76,61,0,-0.0013238697
Warm B,517507,3193,3192,76,61,1,-0.004563562
Warm B,566550,3476,3475,76,61,0,0.006446004
Warm B,513764,3169,3168,76,61,0,-0.0010947244
Warm B,507372,3121,3120,76,61,0,0.0010059273
Warm B,504227,3099,3098,76,61,0,-0.003255149
Warm B,516703,3189,3188,76,61,0,-0.0019645463
Warm B,633706,3824,3823,76,61,0,0.0024682982
Warm B,494604,3032,3031,76,61,0,-0.00027007004
Warm B,488959,3010,3009,76,61,1,0.0038462696
Warm B,518024,3196,3195,76,61,1,-0.0051796697
Warm B,474199,2909,2908,76,61,1,-0.0006057881
Warm B,462306,2852,2851,76,61,1,0.009432757
Warm B,463672,2857,2856,76,61,0,-0.00020858599
Warm B,454388,2795,2794,76,61,0,0.00232935
Warm B,564806,3471,3470,76,61,0,-0.003616634
Warm B,427892,2599,2598,76,61,0,-0.00028251874
Warm B,426659,2590,2589,76,61,0,0.0018665603
Warm B,392591,2304,2303,76,61,1,0.00029382622
Warm B,384299,2244,2243,76,61,0,0.00601698
Warm B,422577,2559,2558,76,61,0,0.004879392
Warm B,377506,2203,2202,76,61,0,0.01060217
Warm B,376872,2200,2199,76,61,0,0.011251889
Warm B,370815,2167,2166,76,61,0,0.008676274
Warm B,367796,2147,2146,76,61,0,0.0040681157
Warm B,365404,2126,2125,76,61,0,0.004642885
Warm B,359143,2101,2100,76,61,0,0.001108874
Warm B,358669,2098,2097,76,61,0,-0.0044512507
Warm B,356585,2088,2087,76,61,0,-0.00041412993
Warm B,352450,2063,2062,76,61,0,0.0070335288
Warm B,349646,2051,2050,76,61,0,-0.0076442976
Warm B,341989,2013,2012,76,61,0,-0.00481262
Warm B,341003,2010,2009,76,61,1,0.00042483205
Warm B,311621,1856,1855,76,61,1,0.0006827784
Warm B,305314,1814,1813,76,61,0,0.0001561488
Warm B,305986,1820,1819,76,61,0,0.0033246884
Warm B,299279,1776,1775,76,61,0,-0.0027381626
Warm B,293325,1746,1745,76,61,0,0.0012495999
Warm B,296228,1757,1756,76,61,0,-0.0035796496
Warm B,287899,1717,1716,76,61,0,0.0034717834
Warm B,292610,1741,1740,76,61,0,0.0018125034
Warm B,282816,1694,1693,76,61,0,-0.002665642
Warm B,277230,1675,1674,76,61,0,-0.0013273377
Warm B,271581,1641,1640,76,61,0,-0.001872655
Warm B,280093,1680,1679,76,61,1,0.0016035129
Warm B,270288,1635,1634,76,61,0,0.0060659917
Warm B,299869,1778,1777,76,61,0,0.0059855264
Warm B,268395,1630,1629,76,61,0,-0.00062100077
Warm B,253639,1542,1541,76,61,0,0.0026063113
Warm B,250536,1509,1508,76,61,1,-0.00961671
Warm B,200453,1230,1229,76,61,0,0.001211468
Warm B,210374,1284,1283,76,61,0,-0.0067208568
Warm B,195081,1202,1201,76,61,0,0.0011849946
Warm B,328841,1941,1940,76,61,0,0.0058430154
Warm B,178898,1122,1121,76,61,0,0.008526179
Warm B,196806,1207,1206,76,61,0,0.005116738
Warm B,184176,1146,1145,76,61,0,-0.0010152714
Warm B,168733,1069,1068,76,61,1,0.013300708
Warm B,166181,1058,1057,76,61,0,0.0012234453
Warm B,154488,996,995,76,61,1,-0.00071661803
Warm B,149792,963,962,76,61,0,0.0029608742
Warm B,138945,889,888,76,61,0,0.0022626068
Warm B,137010,881,880,76,61,1,-0.0045355554
Warm B,134675,869,868,76,61,0,0.0033575364
Warm B,131516,851,850,76,61,1,-0.0013927195
Warm B,127133,820,819,76,61,0,-0.0009774365
Warm B,119784,772,771,76,61,0,-0.0032841791
Warm B,105734,698,697,76,61,1,-0.0038064213
Warm B,106379,699,698,76,61,1,0.013477422
Warm B,100376,669,668,76,61,0,-0.0021109749
Warm B,203355,1246,1245,76,61,0,-0.0012868858
Warm B,108371,710,709,76,61,0,0.0007204211
Warm B,713453,4277,4276,76,61,0,-0.010160948
Warm B,91005,602,601,76,61,0,0.0011699167
Warm B,87516,571,570,76,61,0,-0.0013838155
Warm B,86276,563,562,76,61,0,0.0051898463
Warm B,291759,1737,1736,76,61,1,0.012552162
Warm B,191576,1181,1180,76,61,0,-0.0021709166
Warm B,84599,550,549,76,61,0,-0.0060892464
Warm B,74476,508,507,76,61,0,0.0030694543
Warm B,70542,475,474,76,61,0,0.0074075013
Warm B,66674,445,444,76,61,0,0.003188766
Warm B,76044,516,515,76,61,0,0.0037111752
Warm B,605404,3679,3678,76,61,1,-0.0010219101
Warm B,54061,352,351,76,61,0,0.004733586
Warm B,51233,337,336,76,61,1,0.005045465
Warm B,440226,2691,2690,76,61,1,0.003898743
Warm B,49682,329,328,76,61,0,-0.0007371232
Warm B,36741,245,244,76,61,0,0.00403641
Warm B,34187,230,229,76,61,0,-0.00512542
Warm B,290614,1733,1732,76,61,0,0.004672049
Warm B,28444,195,194,76,61,1,0.016513946
Warm B,12150,92,91,76,61,0,0.006583658
Warm B,7973,53,52,76,61,1,-0.0017850562
Warm B,1882,17,16,76,61,1,-0.0048955246
Warm B,2449,19,18,76,61,0,-0.00013241277
Warm B,3062,23,22,76,61,0,0.0011804141
Warm B,482085,2962,2961,76,61,0,-0.009887648
Warm B,214549,1302,1301,76,61,1,-0.010504334
Warm B,172172,1088,1087,76,61,1,0.0049649286
Warm B,238363,1447,1446,76,61,0,-0.0024122968
Warm B,609403,3693,3692,76,61,0,-0.00036006025
Warm B,454096,2793,2792,79,62,1,0.013687281
Warm B,451267,2777,2776,79,62,0,0.0039836057
Warm B,444886,2743,2742,79,62,0,0.013232044
Warm B,444018,2737,2736,79,62,1,0.013163952
Warm B,431762,2629,2628,79,62,0,0.007158262
Warm B,399300,2376,2375,79,62,0,0.010342703
Warm B,398372,2368,2367,79,62,1,0.009810252
Warm B,385454,2251,2250,79,62,0,0.0134691205
Warm B,368141,2150,2149,79,62,0,0.007261851
Warm B,358670,2098,2097,79,62,0,0.009541027
Warm B,360299,2105,2104,79,62,0,0.015942646
Warm B,243065,1465,1464,79,62,1,0.009962294
Warm B,321776,1908,1907,79,62,0,0.015852174
Warm B,210376,1284,1283,79,62,0,0.011740787
Warm B,185881,1150,1149,79,62,0,0.012362371
Warm B,211459,1285,1284,79,62,1,0.0074953386
Warm B,331999,1958,1957,79,62,0,0.015102626
Warm B,184177,1146,1145,79,62,0,0.010824573
Warm B,168734,1069,1068,79,62,0,0.008079722
Warm B,175842,1112,1111,79,62,0,0.008911394
Warm B,249379,1502,1501,79,62,0,0.01231413
Warm B,145536,935,934,79,62,1,0.007977426
Warm B,140398,899,898,79,62,0,0.007818034
Warm B,155060,999,998,79,62,0,0.011454254
Warm B,352451,2063,2062,79,62,0,0.010592038
Warm B,361184,2106,2105,79,62,0,0.006835372
Warm B,117723,757,756,79,62,0,0.008825583
Warm B,120655,777,776,79,62,0,0.00765389
Warm B,106380,699,698,79,62,0,0.0044925716
Warm B,116672,752,751,79,62,0,0.016161129
Warm B,101562,676,675,79,62,0,0.012161539
Warm B,99132,660,659,79,62,0,0.011646198
Warm B,240626,1449,1448,79,62,0,0.01328147
Warm B,299870,1778,1777,79,62,0,0.010231504
Warm B,87365,570,569,79,62,0,0.011084966
Warm B,77979,524,523,79,62,0,0.020648642
Warm B,70302,474,473,79,62,0,0.0027269064
Warm B,408817,2454,2453,79,62,1,0.0095815025
Warm B,47731,319,318,79,62,0,0.0066811386
Warm B,239423,1448,1447,79,62,0,0.014848156
Warm B,39651,268,267,79,62,0,0.0052902787
Warm B,30096,202,201,79,62,0,0.007988321
Warm B,16761,131,130,79,62,0,0.0026385318
Warm B,9444,62,61,79,62,0,0.014307068
Warm B,104607,692,691,79,62,0,0.012938699
Warm B,801549,4802,4801,79,62,0,0.01480446
Warm B,696828,4169,4168,79,62,0,0.019703938
Warm B,79803,531,530,79,62,0,0.012180266
Warm B,254535,1546,1545,79,62,0,0.01436528
Warm B,150837,970,969,79,62,0,0.012574455
Warm B,50368,331,330,79,62,0,0.011710664
Warm B,271878,1643,1642,79,62,1,0.00903166
Warm B,790566,4728,4727,79,62,0,0.009127854
Warm B,941556,5682,5681,79,62,0,0.013881052
Warm B,579846,3539,3538,81,63,1,0.0021661734
Warm B,572575,3507,3506,81,63,1,0.00069292996
Warm B,768221,4578,4577,81,63,1,0.0024823411
Warm B,565067,3473,3472,81,63,0,0.008714714
Warm B,557946,3425,3424,81,63,1,-0.0029136182
Warm B,550720,3391,3390,81,63,1,0.0017521749
Warm B,542523,3336,3335,81,63,1,-0.0039576273
Warm B,536344,3308,3307,81,63,1,-8.873618e-05
Warm B,541155,3328,3327,81,63,0,0.007376909
Warm B,533916,3294,3293,81,63,1,-0.003637338
Warm B,609422,3693,3692,81,63,0,-0.0070946096
Warm B,528429,3265,3264,81,63,0,0.009085799
Warm B,774497,4619,4618,81,63,0,0.004799628
Warm B,523076,3224,3223,81,63,0,0.002101697
Warm B,519135,3202,3201,81,63,0,0.0033726667
Warm B,517513,3193,3192,81,63,0,-0.0028756636
Warm B,505376,3108,3107,81,63,0,0.0035520734
Warm B,503723,3095,3094,81,63,1,0.0060758097
Warm B,499811,3067,3066,81,63,0,0.0123703275
Warm B,494627,3032,3031,81,63,0,-0.0015891944
Warm B,493632,3031,3030,81,63,1,0.009324165
Warm B,498922,3065,3064,81,63,1,0.005988406
Warm B,471750,2901,2900,81,63,1,-0.0010992954
Warm B,852757,5113,5112,81,63,0,-0.00034243567
Warm B,474226,2909,2908,81,63,1,0.0040559275
Warm B,463695,2857,2856,81,63,0,0.0048478683
Warm B,461017,2842,2841,81,63,1,-0.0011346219
Warm B,460055,2837,2836,81,63,0,0.003628101
Warm B,595036,3620,3619,81,63,0,-0.0015768083
Warm B,453357,2792,2791,81,63,0,-0.008641553
Warm B,454114,2793,2792,81,63,1,0.004270833
Warm B,441145,2700,2699,81,63,0,0.007964088
Warm B,833012,5008,5007,81,63,0,-0.0005192304
Warm B,427144,2592,2591,81,63,0,0.00473681
Warm B,423906,2567,2566,81,63,1,0.0055311765
Warm B,416193,2506,2505,81,63,0,-0.0031577148
Warm B,399308,2376,2375,81,63,1,0.00262219
Warm B,392618,2304,2303,81,63,1,-0.0073069786
Warm B,390250,2288,2287,81,63,0,0.0044830395
Warm B,359654,2102,2101,81,63,0,0.005784146
Warm B,349652,2051,2050,81,63,1,0.007627862
Warm B,375768,2188,2187,81,63,1,0.0009633339
Warm B,371882,2172,2171,81,63,1,-0.0010482956
Warm B,345359,2025,2024,81,63,0,-0.0051614433
Warm B,341022,2010,2009,81,63,0,-0.002208895
Warm B,296237,1757,1756,81,63,1,0.0065440186
Warm B,274583,1658,1657,81,63,0,0.0030921055
Warm B,280132,1680,1679,81,63,0,0.0014567247
Warm B,266169,1613,1612,81,63,0,0.003020459
Warm B,283343,1696,1695,81,63,1,0.0011812388
Warm B,296661,1758,1757,81,63,1,0.009680339
Warm B,213145,1297,1296,81,63,1,0.0057631917
Warm B,208135,1272,1271,81,63,0,0.012213391
Warm B,206150,1264,1263,81,63,0,-0.001778821
Warm B,196819,1207,1206,81,63,0,0.0022565618
Warm B,185910,1150,1149,81,63,0,0.0017855274
Warm B,307805,1835,1834,81,63,1,0.009405034
Warm B,179308,1124,1123,81,63,1,0.001405766
Warm B,195097,1202,1201,81,63,0,0.0025314256
Warm B,168740,1069,1068,81,63,0,-9.477604e-05
Warm B,181361,1133,1132,81,63,0,-0.010797072
Warm B,162521,1035,1034,81,63,0,-0.0024697492
Warm B,151790,975,974,81,63,0,-0.0062698163
Warm B,144316,929,928,81,63,1,0.0023163008
Warm B,139737,894,893,81,63,1,0.010413326
Warm B,138972,889,888,81,63,0,-0.0012128693
Warm B,134695,869,868,81,63,0,-0.00093916326
Warm B,352476,2063,2062,81,63,0,0.0078543555
Warm B,115610,749,748,81,63,1,0.00616052
Warm B,778974,4653,4652,81,63,0,0.0030023907
Warm B,108395,710,709,81,63,1,0.0032979783
Warm B,103740,689,688,81,63,0,-0.0017394611
Warm B,267382,1624,1623,81,63,1,0.013745511
Warm B,99146,660,659,81,63,0,0.0107658105
Warm B,295120,1752,1751,81,63,0,-0.002588897
Warm B,104626,692,691,81,63,1,0.0013261947
Warm B,111124,721,720,81,63,0,0.008140076
Warm B,480357,2946,2945,81,63,0,0.0015904806
Warm B,309003,1837,1836,81,63,1,0.008397679
Warm B,78008,524,523,81,63,1,0.0080269035
Warm B,59260,402,401,81,63,0,-0.0022625846
Warm B,54098,352,351,81,63,1,0.0016539084
Warm B,696844,4169,4168,81,63,1,-0.004330175
Warm B,38426,261,260,81,63,0,0.004033467
Warm B,40581,272,271,81,63,0,0.009257386
Warm B,30123,202,201,81,63,0,0.0050354246
Warm B,22729,163,162,81,63,0,0.0024963873
Warm B,16360,129,128,81,63,1,-0.006309454
Warm B,20235,149,148,81,63,1,0.013234137
Warm B,15821,123,122,81,63,1,0.010614529
Warm B,16773,131,130,81,63,0,0.0032854583
Warm B,8001,53,52,81,63,1,0.00024870248
Warm B,633730,3824,3823,81,63,1,0.004426357
Warm B,2793,22,21,81,63,1,0.00899875
Warm B,20951,151,150,81,63,1,-0.0044929963
Warm B,513250,3163,3162,81,63,0,0.009378979
Warm B,318009,1889,1888,81,63,0,-0.0016645731
Warm B,592782,3613,3612,81,63,0,-0.002058399
Warm B,195827,1203,1202,81,63,0,0.00023807003
Warm B,322806,1912,1911,81,63,0,0.008208343
Warm B,408502,2453,2452,81,63,0,0.002483435
Warm B,59989,408,407,81,63,0,0.00045623805
Warm B,325088,1925,1924,81,63,0,0.0067504295
Warm B,860209,5172,5171,81,63,1,0.0054100314
Warm B,941563,5682,5681,81,63,1,-6.610446e-05
Warm B,215762,1306,1305,81,63,1,0.0063034818
Warm B,162758,1038,1037,82,64,1,-0.0037861234
Warm B,160989,1023,1022,82,64,1,0.003292091
Warm B,135089,873,872,82,64,1,0.0027834657
Warm B,124633,801,800,82,64,1,-0.0054276045
Warm B,107395,706,705,82,64,0,-0.005358043
Warm B,101048,673,672,82,64,1,0.0020350795
Warm B,98022,655,654,82,64,0,0.0026588074
Warm B,696845,4169,4168,82,64,1,0.0020539863
Warm B,284617,1698,1697,82,64,1,-0.0063933213
Warm B,78009,524,523,82,64,0,0.0032834676
Warm B,67912,454,453,82,64,1,-0.0013163527
Warm B,51721,339,338,82,64,0,0.0024656733
Warm B,883180,5333,5332,82,64,0,0.007986348
Warm B,27644,193,192,82,64,1,-0.00046682032
Warm B,10109,72,71,82,64,1,-0.00060440437
Warm B,9461,62,61,82,64,1,-0.004258584
Warm B,207222,1266,1265,82,64,1,-0.00266582
Warm B,42907,293,292,82,64,0,-0.01189667
Warm B,249996,1505,1504,82,64,1,0.0019092347
Warm B,556666,3420,3419,82,64,1,-0.00082708825
Warm B,116689,752,751,82,64,1,-0.0022815163
Warm B,59661,405,404,82,64,1,0.00067492283
Warm B,893129,5394,5393,82,64,1,-0.00064237625
Warm B,93457,624,623,82,64,0,0.00965513
Warm B,575649,3519,3518,82,64,0,0.0072753984
Warm B,287914,1717,1716,82,64,1,-0.0015264335
Warm B,187857,1164,1163,82,64,1,0.0014570896
Warm B,460907,2841,2840,82,64,1,0.0025621431
Warm B,860210,5172,5171,82,64,1,-0.0036352081
Warm B,626383,3791,3790,85,65,0,0.004463388
Warm B,625351,3779,3778,85,65,1,-0.00038584834
Warm B,622882,3769,3768,85,65,1,0.015499713
Warm B,620827,3760,3759,85,65,0,0.005964854
Warm B,614025,3718,3717,85,65,1,0.002050675
Warm B,609789,3695,3694,85,65,1,0.009122098
Warm B,602357,3664,3663,85,65,0,0.0038452093
Warm B,589657,3596,3595,85,65,1,0.0039123935
Warm B,587129,3585,3584,85,65,0,0.0093827015
Warm B,579847,3539,3538,85,65,1,0.01106751
Warm B,568473,3487,3486,85,65,0,0.0031788903
Warm B,554290,3410,3409,85,65,0,0.013311867
Warm B,899553,5437,5436,85,65,1,0.009571236
Warm B,545541,3364,3363,85,65,1,0.011792748
Warm B,904302,5468,5467,85,65,0,0.0064639365
Warm B,534860,3300,3299,85,65,1,0.0020573419
Warm B,831041,4995,4994,85,65,1,-0.0017413712
Warm B,520910,3214,3213,85,65,1,-0.0020964888
Warm B,523078,3224,3223,85,65,0,0.010295334
Warm B,523965,3229,3228,85,65,0,0.003424217
Warm B,518545,3200,3199,85,65,1,0.0004930715
Warm B,516033,3184,3183,85,65,0,0.001486426
Warm B,513251,3163,3162,85,65,1,0.008537908
Warm B,506957,3118,3117,85,65,0,0.0055079004
Warm B,554964,3412,3411,85,65,0,0.0046599144
Warm B,501552,3080,3079,85,65,0,0.0054046186
Warm B,500346,3072,3071,85,65,0,0.007951416
Warm B,499812,3067,3066,85,65,1,0.0020131972
Warm B,496966,3053,3052,85,65,1,0.0015903959
Warm B,496241,3049,3048,85,65,1,0.0035842124
Warm B,574993,3518,3517,85,65,1,0.010341032
Warm B,799348,4790,4789,85,65,0,0.0052260766
Warm B,490451,3017,3016,85,65,0,0.012431697
Warm B,488399,3004,3003,85,65,1,0.0022451608
Warm B,497480,3054,3053,85,65,0,0.0011251221
Warm B,482954,2967,2966,85,65,1,0.01254973
Warm B,475237,2916,2915,85,65,0,0.008825222
Warm B,474855,2913,2912,85,65,0,0.0035601347
Warm B,457491,2818,2817,85,65,1,0.0064663915
Warm B,447077,2753,2752,85,65,0,0.008897834
Warm B,444142,2738,2737,85,65,1,0.0052323816
Warm B,696847,4169,4168,85,65,0,0.013712383
Warm B,416194,2506,2505,85,65,0,0.0018723838
Warm B,402575,2402,2401,85,65,1,0.0023259388
Warm B,399309,2376,2375,85,65,1,0.014351951
Warm B,395296,2334,2333,85,65,1,0.011127414
Warm B,392619,2304,2303,85,65,1,0.011526097
Warm B,655977,3952,3951,85,65,0,-0.010335238
Warm B,381433,2230,2229,85,65,1,0.0025018305
Warm B,383848,2242,2241,85,65,1,0.009901365
Warm B,379811,2221,2220,85,65,1,0.013210709
Warm B,377520,2203,2202,85,65,0,0.013767279
Warm B,353790,2072,2071,85,65,0,0.00083792023
Warm B,336487,1980,1979,85,65,0,0.00097644574
Warm B,316447,1883,1882,85,65,0,0.0043479735
Warm B,318737,1894,1893,85,65,1,0.0029426962
Warm B,327287,1939,1938,85,65,1,0.0024631224
Warm B,297966,1766,1765,85,65,0,0.004085521
Warm B,310226,1845,1844,85,65,0,0.0071684876
Warm B,269368,1632,1631,85,65,0,0.01257341
Warm B,264284,1607,1606,85,65,1,0.008787375
Warm B,230876,1396,1395,85,65,0,-0.0054416917
Warm B,228637,1383,1382,85,65,0,0.012268932
Warm B,276528,1671,1670,85,65,1,0.0063212165
Warm B,218337,1323,1322,85,65,0,0.0034370525
Warm B,215176,1303,1302,85,65,1,0.011059435
Warm B,280133,1680,1679,85,65,1,0.0073428843
Warm B,230011,1391,1390,85,65,1,0.010871714
Warm B,185913,1150,1149,85,65,0,0.011218629
Warm B,211489,1285,1284,85,65,1,0.0078642415
Warm B,180523,1128,1127,85,65,1,0.004693088
Warm B,201845,1242,1241,85,65,1,0.009157897
Warm B,195828,1203,1202,85,65,0,0.014310971
Warm B,169867,1078,1077,85,65,1,0.003662972
Warm B,168743,1069,1068,85,65,1,-0.0031413531
Warm B,167346,1065,1064,85,65,0,0.0073805717
Warm B,334843,1974,1973,85,65,0,0.0029167386
Warm B,160990,1023,1022,85,65,1,-8.119841e-05
Warm B,324635,1922,1921,85,65,1,0.0082067065
Warm B,148591,956,955,85,65,0,0.0051907725
Warm B,148902,957,956,85,65,0,0.015996112
Warm B,146453,943,942,85,65,0,0.012588454
Warm B,217428,1317,1316,85,65,1,0.0032423008
Warm B,138973,889,888,85,65,0,0.01238665
Warm B,135090,873,872,85,65,1,0.009291095
Warm B,116690,752,751,85,65,1,0.021898728
Warm B,187858,1164,1163,85,65,1,0.010610583
Warm B,111385,724,723,85,65,0,0.0036100144
Warm B,112766,731,730,85,65,1,0.0048190104
Warm B,107396,706,705,85,65,1,0.00061842054
Warm B,98023,655,654,85,65,0,-0.0015709733
Warm B,235353,1425,1424,85,65,1,0.0126268575
Warm B,284618,1698,1697,85,65,1,0.011889417
Warm B,432268,2634,2633,85,65,1,0.014712248
Warm B,191611,1181,1180,85,65,0,0.009573969
Warm B,84892,551,550,85,65,1,0.0037646345
Warm B,80591,534,533,85,65,0,0.0070690042
Warm B,76221,517,516,85,65,1,0.0015630889
Warm B,197524,1211,1210,85,65,1,0.010249543
Warm B,76828,520,519,85,65,1,0.0058730207
Warm B,52761,347,346,85,65,0,0.0045401948
Warm B,784261,4682,4681,85,65,1,0.010748624
Warm B,318010,1889,1888,85,65,0,0.010548707
Warm B,41498,281,280,85,65,1,0.018142482
Warm B,35388,238,237,85,65,1,0.0038197513
Warm B,309004,1837,1836,85,65,0,0.009624168
Warm B,26590,187,186,85,65,1,0.007934423
Warm B,22110,161,160,85,65,1,-0.0018733095
Warm B,9979,69,68,85,65,0,0.008911222
Warm B,9462,62,61,85,65,0,0.009155501
Warm B,803778,4813,4812,85,65,1,0.010669116
Warm B,357781,2092,2091,85,65,1,-0.0016254676
Warm B,20952,151,150,85,65,0,0.00430266
Warm B,1315,11,10,85,65,0,0.00304498
Warm B,158795,1015,1014,85,65,1,0.0029410804
Warm B,203729,1252,1251,85,65,1,0.0027889186
Warm B,893130,5394,5393,85,65,1,0.013938806
Warm B,263779,1605,1604,85,65,0,0.0072336746
Warm B,249997,1505,1504,85,65,0,0.00858839
Warm B,460908,2841,2840,85,65,0,0.008255828
Warm B,796189,4771,4770,85,65,0,0.0042561013
Warm B,245934,1484,1483,85,65,1,0.0067996206
Warm B,565861,3475,3474,85,65,1,-0.006215881
Warm B,28474,195,194,85,65,1,0.011757604
Warm B,167563,1067,1066,85,65,1,-0.0070023895
Warm B,421326,2544,2543,85,65,1,0.0025878707
Warm B,739481,4418,4417,85,65,1,0.0058045527
Warm B,174405,1101,1100,85,65,0,0.009131491
Warm B,18858,146,145,85,65,0,0.0040302426
Warm B,287915,1717,1716,85,65,0,-0.0015510336
Warm B,790577,4728,4727,85,65,1,-0.0029601017
Warm B,841319,5054,5053,85,65,0,0.007921633
Warm B,172196,1088,1087,85,65,0,0.010515876
Warm B,974479,5878,5877,85,65,0,0.011125803
Warm B,152570,981,980,87,67,0,0.004696223
Warm B,263781,1605,1604,87,67,0,-0.009468881
Warm B,83644,549,548,87,67,0,0.013040267
Warm B,84630,550,549,87,67,0,-0.00818754
Warm B,73206,494,493,87,67,0,0.0065900777
Warm B,32361,216,215,87,67,0,-0.012833317
Warm B,10572,75,74,87,67,1,-0.003608522
Warm B,235354,1425,1424,87,67,0,-0.0058190934
Warm B,954271,5761,5760,87,67,0,0.0014302037
Warm B,365575,2127,2126,87,67,0,0.0017950636
Warm B,294016,1748,1747,87,67,1,-0.00774966
Warm B,79821,531,530,87,67,0,0.0055407453
Warm B,907737,5492,5491,87,67,0,0.0056793853
Warm B,717065,4294,4293,87,67,0,6.481353e-05
Warm B,575650,3519,3518,87,67,0,-0.002920492
Warm B,310929,1851,1850,87,67,0,0.0039203744
Warm B,606123,3681,3680,88,68,1,0.024860328
Warm B,600383,3650,3649,88,68,0,0.016251892
Warm B,597335,3630,3629,88,68,0,0.010566139
Warm B,597000,3626,3625,88,68,1,0.01716983
Warm B,592269,3610,3609,88,68,1,0.00975953
Warm B,588697,3590,3589,88,68,1,0.012323355
Warm B,582315,3557,3556,88,68,1,0.011406634
Warm B,572577,3507,3506,88,68,0,0.014334278
Warm B,659327,3971,3970,88,68,1,0.024886366
Warm B,658604,3967,3966,88,68,0,0.008569431
Warm B,550721,3391,3390,88,68,1,0.009420548
Warm B,537593,3311,3310,88,68,1,0.01568495
Warm B,536346,3308,3307,88,68,0,0.013545167
Warm B,531340,3280,3279,88,68,0,0.015874047
Warm B,520220,3208,3207,88,68,0,0.019437082
Warm B,532467,3285,3284,88,68,0,0.017350614
Warm B,515143,3180,3179,88,68,0,0.014826044
Warm B,505889,3111,3110,88,68,1,-0.00069285557
Warm B,502323,3082,3081,88,68,0,-0.0018869429
Warm B,516715,3189,3188,88,68,0,0.01267267
Warm B,498354,3058,3057,88,68,0,0.0100905
Warm B,496967,3053,3052,88,68,0,0.010417079
Warm B,496698,3051,3050,88,68,1,0.002119245
Warm B,493633,3031,3030,88,68,1,0.021605704
Warm B,492226,3026,3025,88,68,0,0.009708609
Warm B,480685,2950,2949,88,68,0,-0.0016349112
Warm B,476087,2922,2921,88,68,1,0.014562456
Warm B,470565,2896,2895,88,68,1,0.012041888
Warm B,457492,2818,2817,88,68,0,0.009080411
Warm B,487275,2996,2995,88,68,0,0.0029034019
Warm B,493086,3029,3028,88,68,0,0.01372479
Warm B,451978,2782,2781,88,68,0,3.538071e-05
Warm B,451282,2777,2776,88,68,1,0.0032668393
Warm B,450435,2776,2775,88,68,0,0.0017417159
Warm B,430241,2621,2620,88,68,0,0.009803297
Warm B,404800,2419,2418,88,68,0,0.0024705697
Warm B,405592,2429,2428,88,68,0,0.009149136
Warm B,396057,2340,2339,88,68,0,0.016554251
Warm B,385465,2251,2250,88,68,0,0.0147125665
Warm B,375769,2188,2187,88,68,0,0.0046432493
Warm B,378521,2208,2207,88,68,0,0.008638676
Warm B,382557,2235,2234,88,68,1,0.002641404
Warm B,368541,2153,2152,88,68,0,0.0069786897
Warm B,364030,2120,2119,88,68,1,0.016127707
Warm B,359655,2102,2101,88,68,0,0.019195195
Warm B,356101,2085,2084,88,68,1,0.009730159
Warm B,362009,2109,2108,88,68,0,0.013417363
Warm B,352478,2063,2062,88,68,0,0.027564535
Warm B,341025,2010,2009,88,68,0,0.012152851
Warm B,326249,1930,1929,88,68,1,0.016373407
Warm B,315694,1880,1879,88,68,0,0.027222145
Warm B,297810,1764,1763,88,68,1,0.010958593
Warm B,281460,1687,1686,88,68,1,0.007768655
Warm B,299293,1776,1775,88,68,1,0.013460794
Warm B,275307,1666,1665,88,68,0,0.0026409982
Warm B,266171,1613,1612,88,68,0,0.0151717635
Warm B,436789,2665,2664,88,68,1,0.017913446
Warm B,309404,1841,1840,88,68,0,0.008861214
Warm B,247992,1496,1495,88,68,0,0.020674564
Warm B,237107,1441,1440,88,68,1,0.0071873264
Warm B,224390,1356,1355,88,68,0,0.012083396
Warm B,223861,1354,1353,88,68,0,0.021104341
Warm B,213146,1297,1296,88,68,0,0.012249522
Warm B,278106,1676,1675,88,68,0,0.017324291
Warm B,280136,1680,1679,88,68,0,0.016125867
Warm B,193331,1193,1192,88,68,0,0.014178855
Warm B,189182,1172,1171,88,68,0,0.012994927
Warm B,332019,1958,1957,88,68,0,0.019226
Warm B,173016,1096,1095,88,68,0,0.010043949
Warm B,272446,1645,1644,88,68,1,0.0149584515
Warm B,143768,927,926,88,68,0,0.011413939
Warm B,137032,881,880,88,68,0,0.009190569
Warm B,249084,1501,1500,88,68,0,0.0169991
Warm B,365576,2127,2126,88,68,0,0.0038414956
Warm B,332926,1962,1961,88,68,0,0.0071035153
Warm B,160529,1019,1018,88,68,0,0.01580391
Warm B,121634,781,780,88,68,1,0.008632459
Warm B,178468,1120,1119,88,68,1,0.0019797343
Warm B,119620,770,769,88,68,1,0.008229836
Warm B,106400,699,698,88,68,0,0.012560461
Warm B,106985,702,701,88,68,0,0.014704966
Warm B,103052,683,682,88,68,0,0.0034079633
Warm B,101576,676,675,88,68,0,0.010898016
Warm B,109509,714,713,88,68,1,0.013679886
Warm B,96530,647,646,88,68,1,0.01084268
Warm B,329660,1943,1942,88,68,0,0.010245319
Warm B,78011,524,523,88,68,0,0.012172194
Warm B,299887,1778,1777,88,68,0,0.018285539
Warm B,72430,482,481,88,68,0,0.006339173
Warm B,65644,438,437,88,68,0,0.018289786
Warm B,251292,1516,1515,88,68,0,0.012159709
Warm B,58998,401,400,88,68,0,0.015283127
Warm B,58240,392,391,88,68,0,0.0111949025
Warm B,59546,403,402,88,68,1,0.015036499
Warm B,240659,1449,1448,88,68,0,0.015100564
Warm B,291771,1737,1736,88,68,0,0.009763682
Warm B,54663,355,354,88,68,0,0.014217063
Warm B,300059,1779,1778,88,68,0,0.012317624
Warm B,23279,166,165,88,68,1,0.008270582
Warm B,15822,123,122,88,68,0,0.007620323
Warm B,49711,329,328,88,68,0,0.012589602
Warm B,79822,531,530,88,68,1,0.005103749
Warm B,66240,442,441,88,68,1,0.0126769785
Warm B,1317,11,10,88,68,1,0.005309637
Warm B,78743,528,527,88,68,0,0.016802257
Warm B,355259,2077,2076,88,68,0,0.006574337
Warm B,238394,1447,1446,88,68,0,0.0151373185
Warm B,954272,5761,5760,88,68,0,0.008443376
Warm B,88412,583,582,88,68,0,0.004465542
Warm B,363511,2116,2115,88,68,0,0.016563866
Warm B,828887,4979,4978,88,68,0,0.016551897
Warm B,497481,3054,3053,88,68,0,0.0020385608
Warm B,342914,2015,2014,88,68,1,0.0124794245
Warm B,618465,3746,3745,88,68,0,0.011415791
Warm B,116692,752,751,88,68,0,0.015575339
Warm B,35147,237,236,88,68,0,0.01041256
Warm B,907738,5492,5491,88,68,0,0.009576291
Warm B,134696,869,868,88,68,1,0.0005866159
Warm B,475687,2918,2917,88,68,0,0.010715087
Warm B,476518,2926,2925,88,68,0,0.0069317846
Warm B,893131,5394,5393,88,68,0,0.019993922
Warm B,53121,349,348,88,68,0,0.01237936
Warm B,273373,1647,1646,88,68,0,0.018534586
Warm B,599558,3648,3647,88,68,1,0.011361459
Warm B,433335,2641,2640,88,68,0,0.016990159
Warm B,311407,1854,1853,88,68,0,0.009550395
Warm B,461700,2847,2846,88,68,0,0.0076149777
Warm B,941564,5682,5681,88,68,0,0.015231442
Warm B,310930,1851,1850,88,68,0,0.0057755616
Warm B,713474,4277,4276,88,68,0,0.018485557
Warm B,116955,753,752,88,68,1,0.009246837
Warm B,515791,3182,3181,88,68,1,0.01670943
Warm B,196833,1207,1206,92,70,0,-0.0023945845
Warm B,322833,1912,1911,92,70,0,0.002281243
Warm B,332031,1958,1957,92,70,0,0.00090422714
Warm B,184193,1146,1145,92,70,0,0.0019288044
Warm B,168755,1069,1068,92,70,0,0.004599041
Warm B,133310,860,859,92,70,0,0.0009981421
Warm B,132164,854,853,92,70,0,-0.0018880884
Warm B,116721,752,751,92,70,0,0.0033261634
Warm B,115059,746,745,92,70,0,0.00076569663
Warm B,240687,1449,1448,92,70,0,-0.00065637194
Warm B,111139,721,720,92,70,0,0.006680806
Warm B,78034,524,523,92,70,1,-0.0050464272
Warm B,72452,482,481,92,70,0,0.0045439578
Warm B,75196,509,508,92,70,0,-0.0018326078
Warm B,696863,4169,4168,92,70,0,0.0048182327
Warm B,5510,38,37,92,70,0,0.0018262437
Warm B,79836,531,530,92,70,0,-0.00031321123
Warm B,50407,331,330,92,70,0,0.00402985
Warm B,627186,3792,3791,92,70,0,-0.0054325853
Warm B,150864,970,969,92,70,0,0.0050039464
Warm B,28505,195,194,92,70,1,0.0008610282
Warm B,238423,1447,1446,92,70,0,0.009734193
Warm B,102761,678,677,92,70,0,0.002010591
Warm B,902914,5458,5457,92,70,0,-0.005160197
Warm B,217449,1317,1316,92,70,0,-0.0014035264
Warm B,179901,1125,1124,92,70,0,0.0012808056
Warm B,325098,1925,1924,92,70,0,0.009688782
Warm B,974485,5878,5877,92,70,0,0.0033018445
Warm B,137047,881,880,93,71,0,0.0067835525
Warm B,134715,869,868,93,71,0,0.0067384345
Warm B,328909,1941,1940,93,71,0,0.0035620416
Warm B,107249,705,704,93,71,0,0.004489339
Warm B,108418,710,709,93,71,0,0.010616433
Warm B,99165,660,659,93,71,0,0.0047259596
Warm B,92882,621,620,93,71,0,0.007013679
Warm B,119639,770,769,93,71,0,0.0010162056
Warm B,74208,505,504,93,71,0,0.00449601
Warm B,82022,543,542,93,71,1,0.004938525
Warm B,70987,476,475,93,71,1,0.006208782
Warm B,65656,438,437,93,71,0,0.011431508
Warm B,240688,1449,1448,93,71,0,-9.553414e-05
Warm B,51242,337,336,93,71,0,0.009725762
Warm B,42005,284,283,93,71,0,0.0055181207
Warm B,36798,245,244,93,71,0,0.013462275
Warm B,337310,1983,1982,93,71,0,0.0027246918
Warm B,30144,202,201,93,71,0,-0.00025991153
Warm B,28506,195,194,93,71,1,0.012673514
Warm B,7374,52,51,93,71,0,-0.001696219
Warm B,696864,4169,4168,93,71,0,0.008275236
Warm B,828896,4979,4978,93,71,0,0.01044121
Warm B,750538,4478,4477,93,71,0,0.0111532295
Warm B,332032,1958,1957,93,71,0,0.012864754
Warm B,230695,1395,1394,93,71,0,0.012295585
Warm B,713487,4277,4276,93,71,0,0.014222784
Warm B,310941,1851,1850,93,71,0,-0.00034559466
Warm B,564843,3471,3470,93,71,0,0.0044002975
Warm B,718742,4305,4304,93,71,0,0.0040167714
Warm B,563270,3464,3463,94,72,1,0.0063630585
Warm B,557081,3422,3421,94,72,0,0.007478613
Warm B,557958,3425,3424,94,72,1,0.006755485
Warm B,556028,3416,3415,94,72,0,0.008912563
Warm B,574057,3513,3512,94,72,1,0.014171912
Warm B,575665,3519,3518,94,72,1,0.0060716253
Warm B,550747,3391,3390,94,72,1,-0.0010461174
Warm B,531358,3280,3279,94,72,1,0.009145385
Warm B,519649,3205,3204,94,72,0,0.0017131229
Warm B,504082,3098,3097,94,72,0,0.002883193
Warm B,575004,3518,3517,94,72,0,-0.003946338
Warm B,797698,4784,4783,94,72,1,-0.0046631997
Warm B,498541,3062,3061,94,72,0,-0.00025080168
Warm B,496976,3053,3052,94,72,0,0.012205816
Warm B,659334,3971,3970,94,72,1,0.008189717
Warm B,493645,3031,3030,94,72,1,0.01120579
Warm B,485409,2986,2985,94,72,1,0.0024751797
Warm B,498929,3065,3064,94,72,1,0.0073884632
Warm B,468060,2885,2884,94,72,1,-0.0011890405
Warm B,867272,5233,5232,94,72,1,-0.0076242406
Warm B,431500,2628,2627,94,72,1,0.005113169
Warm B,425501,2581,2580,94,72,1,0.0015630992
Warm B,404810,2419,2418,94,72,1,0.005915542
Warm B,399327,2376,2375,94,72,0,0.0070513915
Warm B,413345,2485,2484,94,72,1,0.011808786
Warm B,381437,2230,2229,94,72,0,0.01273657
Warm B,383089,2237,2236,94,72,1,0.008666332
Warm B,372549,2175,2174,94,72,1,0.0022906892
Warm B,363527,2116,2115,94,72,0,0.0035468591
Warm B,352508,2063,2062,94,72,1,0.0087860385
Warm B,301450,1790,1789,94,72,0,0.0071017183
Warm B,275315,1666,1665,94,72,1,0.0022186032
Warm B,268199,1628,1627,94,72,1,0.016051468
Warm B,259749,1587,1586,94,72,1,0.0034545471
Warm B,253654,1542,1541,94,72,0,0.0057239784
Warm B,246029,1486,1485,94,72,1,0.0018154532
Warm B,247007,1491,1490,94,72,0,0.0008225669
Warm B,354421,2073,2072,94,72,1,-0.0010797097
Warm B,241573,1451,1450,94,72,1,-0.0013726747
Warm B,296675,1758,1757,94,72,0,0.006673312
Warm B,209632,1279,1278,94,72,1,0.011484938
Warm B,211518,1285,1284,94,72,1,-0.0041873627
Warm B,280178,1680,1679,94,72,1,0.004782416
Warm B,185944,1150,1149,94,72,0,0.0043903375
Warm B,307826,1835,1834,94,72,1,0.012541292
Warm B,201860,1242,1241,94,72,0,-0.011173185
Warm B,170680,1086,1085,94,72,1,-0.0027964655
Warm B,168756,1069,1068,94,72,0,0.0042545036
Warm B,164128,1050,1049,94,72,0,0.005381156
Warm B,139014,889,888,94,72,0,-0.0050067967
Warm B,380558,2223,2222,94,72,0,0.0043304805
Warm B,134779,870,869,94,72,1,0.00086864503
Warm B,263795,1605,1604,94,72,1,0.0076723737
Warm B,134716,869,868,94,72,1,0.003203005
Warm B,116722,752,751,94,72,1,0.00881465
Warm B,101058,673,672,94,72,0,0.0030536675
Warm B,101582,676,675,94,72,1,0.009369841
Warm B,98372,658,657,94,72,0,0.0010754185
Warm B,177326,1117,1116,94,72,1,0.0043716375
Warm B,98034,655,654,94,72,0,0.0013718815
Warm B,295133,1752,1751,94,72,0,0.005874685
Warm B,332935,1962,1961,94,72,0,0.013729643
Warm B,631922,3821,3820,94,72,0,0.01536539
Warm B,696865,4169,4168,94,72,1,0.015106944
Warm B,87377,570,569,94,72,1,-0.000713957
Warm B,361213,2106,2105,94,72,1,0.01108551
Warm B,191644,1181,1180,94,72,0,0.011286352
Warm B,83676,549,548,94,72,1,0.0033401842
Warm B,82023,543,542,94,72,1,0.0025167617
Warm B,84650,550,549,94,72,1,0.013479636
Warm B,76228,517,516,94,72,1,0.0015465375
Warm B,72453,482,481,94,72,1,0.002251882
Warm B,70314,474,473,94,72,1,0.007789514
Warm B,78752,528,527,94,72,0,0.0089774355
Warm B,60284,409,408,94,72,1,0.00077938754
Warm B,59000,401,400,94,72,0,0.017883895
Warm B,54126,352,351,94,72,1,0.012394398
Warm B,52393,345,344,94,72,0,-0.0046283635
Warm B,132783,855,854,94,72,1,0.0071759303
Warm B,47773,319,318,94,72,1,0.0026453827
Warm B,45080,303,302,94,72,1,0.00565714
Warm B,239465,1448,1447,94,72,0,0.0039029364
Warm B,61473,412,411,94,72,0,0.0026941109
Warm B,99166,660,659,94,72,1,-0.005646623
Warm B,417629,2520,2519,94,72,1,0.0052537126
Warm B,29371,199,198,94,72,1,0.006022617
Warm B,306295,1824,1823,94,72,0,0.00643209
Warm B,17960,138,137,94,72,1,-0.0078057703
Warm B,15844,123,122,94,72,1,0.010496651
Warm B,8020,53,52,94,72,1,0.0014364417
Warm B,633756,3824,3823,94,72,1,0.016561305
Warm B,3727,26,25,94,72,0,0.006342155
Warm B,50408,331,330,94,72,1,-0.002647609
Warm B,79837,531,530,94,72,0,0.006306813
Warm B,158822,1015,1014,94,72,1,0.0014040046
Warm B,129798,839,838,94,72,1,-0.0014077271
Warm B,238424,1447,1446,94,72,1,9.317137e-05
Warm B,974056,5875,5874,94,72,1,0.004076143
Warm B,572603,3507,3506,94,72,0,0.011805996
Warm B,242044,1457,1456,94,72,1,0.01118755
Warm B,943492,5689,5688,94,72,0,0.0047330614
Warm B,223879,1354,1353,94,72,0,0.0032959771
Warm B,249093,1501,1500,94,72,0,-0.0012299647
Warm B,164976,1051,1050,94,72,1,0.004019241
Warm B,556675,3420,3419,94,72,1,0.0075228093
Warm B,145158,934,933,94,72,0,0.0054371087
Warm B,309862,1842,1841,94,72,1,-0.0026908978
Warm B,206522,1265,1264,94,72,1,-0.003135367
Warm B,805833,4823,4822,94,72,0,0.0023287511
Warm B,893138,5394,5393,94,72,1,0.009054305
Warm B,172225,1088,1087,94,72,0,-0.0005779966
Warm B,285594,1701,1700,94,72,1,0.008854498
Warm B,286978,1712,1711,94,72,0,-0.0021004227
Warm B,187869,1164,1163,94,72,1,-0.004347496
Warm B,790585,4728,4727,94,72,0,0.0042751464
Warm B,748282,4467,4466,94,72,0,-0.0003769541
Warm B,229792,1390,1389,94,72,1,-0.0022604088
Warm B,881119,5322,5321,94,72,1,-0.0021939264
Warm B,480516,2947,2946,94,72,1,-0.0015365384
Warm B,295818,1755,1754,94,72,1,0.0068068136
Warm B,63550,424,423,94,72,1,0.0033218116
Warm B,564844,3471,3470,94,72,0,-0.0008997782
Warm B,688117,4116,4115,100,74,1,0.0025945338
Warm B,512966,3163,3162,100,74,1,0.0140147135
Warm B,508708,3129,3128,100,74,0,-0.0007082508
Warm B,499541,3067,3066,100,74,0,0.0003644823
Warm B,494293,3032,3031,100,74,1,0.007095997
Warm B,590557,3602,3601,100,74,0,0.008128519
Warm B,485142,2986,2985,100,74,0,0.014505863
Warm B,477218,2929,2928,100,74,0,0.018533237
Warm B,465721,2872,2871,100,74,0,0.020070968
Warm B,463411,2857,2856,100,74,0,0.018932141
Warm B,458954,2825,2824,100,74,0,0.005625196
Warm B,453856,2793,2792,100,74,1,0.012051289
Warm B,431678,2629,2628,100,74,1,0.0099410135
Warm B,431425,2628,2627,100,74,1,0.0036640964
Warm B,416723,2507,2506,100,74,1,0.0148854535
Warm B,414051,2491,2490,100,74,1,0.0036937273
Warm B,408298,2453,2452,100,74,0,0.01661976
Warm B,399150,2376,2375,100,74,0,0.011882689
Warm B,373202,2179,2178,100,74,0,0.0071554016
Warm B,358556,2098,2097,100,74,1,0.018829647
Warm B,359460,2102,2101,100,74,0,0.003427387
Warm B,275838,1668,1667,100,74,0,-0.0020734912
Warm B,296126,1757,1756,100,74,0,0.016046973
Warm B,265881,1613,1612,100,74,0,0.008463643
Warm B,283236,1696,1695,100,74,0,0.006765576
Warm B,205906,1264,1263,100,74,0,0.0031760172
Warm B,210209,1284,1283,100,74,0,0.009099467
Warm B,321694,1908,1907,100,74,1,0.006878723
Warm B,172374,1090,1089,100,74,0,0.0014025292
Warm B,168544,1069,1068,100,74,1,0.0062347483
Warm B,167933,1068,1067,100,74,0,0.01765747
Warm B,163914,1050,1049,100,74,0,0.015285565
Warm B,145397,935,934,100,74,0,0.0019848798
Warm B,157014,1010,1009,100,74,0,0.009955979
Warm B,136702,881,880,100,74,0,0.017324185
Warm B,131983,854,853,100,74,0,0.018093526
Warm B,779107,4653,4652,100,74,0,0.012705307
Warm B,116359,752,751,100,74,0,0.018438043
Warm B,98921,660,659,100,74,0,0.0029357818
Warm B,108101,710,709,100,74,1,0.012609422
Warm B,113593,736,735,100,74,0,0.012640781
Warm B,207550,1268,1267,100,74,1,0.0016404523
Warm B,83280,549,548,100,74,1,0.00962438
Warm B,47365,319,318,100,74,0,0.01956441
Warm B,239083,1448,1447,100,74,0,0.009486828
Warm B,697532,4169,4168,100,74,0,0.019428357
Warm B,55550,368,367,100,74,1,0.013618194
Warm B,27088,192,191,100,74,0,0.0015935627
Warm B,19308,148,147,100,74,0,-0.0011262202
Warm B,16628,131,130,100,74,0,0.014506138
Warm B,9220,62,61,100,74,0,0.008415309
Warm B,7619,53,52,100,74,1,0.008141342
Warm B,104413,692,691,100,74,1,0.014071124
Warm B,79520,531,530,100,74,0,0.008197723
Warm B,481910,2962,2961,100,74,0,0.0022284985
Warm B,254427,1546,1545,100,74,1,0.00342611
Warm B,158378,1015,1014,100,74,0,0.012144387
Warm B,50046,331,330,100,74,0,0.0052672923
Warm B,150659,970,969,100,74,0,0.012045592
Warm B,240244,1449,1448,100,74,0,0.012663178
Warm B,874129,5277,5276,100,74,0,0.0060803196
Warm B,317795,1889,1888,100,74,0,0.0026465992
Warm B,19902,149,148,100,74,1,0.007170769
Warm B,309671,1842,1841,100,74,0,0.0019896487
Warm B,894088,5397,5396,100,74,0,0.011100024
Warm B,473819,2909,2908,100,74,1,0.017812563
Warm B,941748,5682,5681,100,74,0,0.0055211526
Warm B,790808,4728,4727,100,74,0,0.020206068
Warm B,34689,235,234,117,82,1,-0.0007077785
Warm B,33431,225,224,117,82,0,0.0077790623
Warm B,19930,149,148,117,82,1,-0.0071162013
Warm B,16641,131,130,117,82,1,0.0029409654
Warm B,206994,1266,1265,117,82,0,-0.0028241551
Warm B,239113,1448,1447,117,82,1,-0.002808099
Warm B,901614,5450,5449,117,82,0,0.0037238353
Warm B,458088,2820,2819,117,82,0,-0.0024794238
Warm B,416750,2507,2506,117,82,1,0.0012590764
Warm B,226168,1369,1368,117,82,1,0.0004696129
Warm B,309688,1842,1841,117,82,1,-0.00919261
Warm B,245838,1484,1483,117,82,1,-0.0019347931
Warm B,290362,1733,1732,117,82,0,0.006828364
Warm B,512985,3163,3162,117,82,1,0.0059865825
Warm B,371748,2172,2171,117,82,1,0.0022929925
Warm B,233691,1421,1420,117,82,1,-0.012609899
Warm B,893409,5394,5393,117,82,0,0.0014140744
Warm B,778301,4647,4646,117,82,0,0.0022792849
Warm B,193774,1194,1193,117,82,0,0.00018588314
Warm B,386128,2258,2257,118,83,1,-0.0019573788
Warm B,967441,5831,5830,118,83,1,0.010470458
Warm B,682589,4085,4084,118,83,1,0.01912628
Warm B,352078,2063,2062,118,83,1,0.02126896
Warm B,259561,1587,1586,118,83,0,0.018594725
Warm B,116395,752,751,118,83,0,0.016876372
Warm B,331762,1958,1957,118,83,0,0.018756669
Warm B,178242,1120,1119,118,83,0,0.014093129
Warm B,635056,3829,3828,122,84,1,0.00055006566
Warm B,726065,4344,4343,122,84,1,0.012663528
Warm B,624959,3778,3777,122,84,0,0.011294551
Warm B,720566,4312,4311,122,84,0,0.010824832
Warm B,618074,3745,3744,122,84,0,0.0028196252
Warm B,614857,3724,3723,122,84,0,-0.0043430184
Warm B,611911,3709,3708,122,84,0,0.0054339487
Warm B,608347,3690,3689,122,84,0,0.010176725
Warm B,605910,3681,3680,122,84,1,0.014958354
Warm B,609704,3695,3694,122,84,0,0.0144596305
Warm B,636402,3834,3833,122,84,1,0.0045771506
Warm B,596732,3626,3625,122,84,0,0.010333443
Warm B,592074,3610,3609,122,84,0,0.010313555
Warm B,591558,3609,3608,122,84,0,0.0013281172
Warm B,588853,3591,3590,122,84,0,0.017486019
Warm B,583563,3562,3561,122,84,1,0.014382852
Warm B,582200,3557,3556,122,84,0,0.0058399388
Warm B,580234,3543,3542,122,84,0,-0.004111468
Warm B,617123,3735,3734,122,84,0,0.0018620677
Warm B,579533,3539,3538,122,84,0,0.017595807
Warm B,572304,3507,3506,122,84,0,0.023945548
Warm B,659209,3971,3970,122,84,0,0.009390878
Warm B,562693,3462,3461,122,84,0,0.015030389
Warm B,559974,3441,3440,122,84,0,0.010876982
Warm B,556960,3422,3421,122,84,0,0.011320883
Warm B,571467,3504,3503,122,84,0,0.008211205
Warm B,658454,3967,3966,122,84,0,0.0038118525
Warm B,548403,3384,3383,122,84,1,0.0034702546
Warm B,542976,3341,3340,122,84,0,0.0038238638
Warm B,547615,3378,3377,122,84,0,0.0042136656
Warm B,541425,3331,3330,122,84,0,0.0053684665
Warm B,542333,3336,3335,122,84,0,0.011993208
Warm B,537318,3311,3310,122,84,0,0.008831238
Warm B,536134,3308,3307,122,84,0,0.01286168
Warm B,531156,3280,3279,122,84,0,-0.0034878524
Warm B,522749,3224,3223,122,84,0,0.012206465
Warm B,517036,3191,3190,122,84,0,0.012166413
Warm B,508729,3129,3128,122,84,0,0.015231984
Warm B,516561,3189,3188,122,84,1,0.013692282
Warm B,499574,3067,3066,122,84,0,0.0035810093
Warm B,494335,3032,3031,122,84,1,0.013664474
Warm B,493480,3031,3030,122,84,0,0.01575777
Warm B,492127,3026,3025,122,84,0,0.0024336083
Warm B,489705,3013,3012,122,84,1,0.0074351234
Warm B,488364,3004,3003,122,84,1,-0.0061807223
Warm B,870564,5256,5255,122,84,0,0.008545246
Warm B,473879,2909,2908,122,84,0,0.0077028773
Warm B,470463,2896,2895,122,84,1,0.017946845
Warm B,468989,2888,2887,122,84,0,0.015941113
Warm B,460357,2840,2839,122,84,0,0.0012803217
Warm B,594913,3620,3619,122,84,0,0.018697679
Warm B,444757,2743,2742,122,84,1,0.013080185
Warm B,443898,2737,2736,122,84,0,0.009946372
Warm B,564567,3471,3470,122,84,0,0.0107436
Warm B,419856,2537,2536,122,84,0,0.017604884
Warm B,412911,2484,2483,122,84,0,0.017383106
Warm B,404634,2419,2418,122,84,0,0.013956778
Warm B,394521,2326,2325,122,84,1,-0.004496217
Warm B,393135,2309,2308,122,84,1,0.0003952817
Warm B,393989,2321,2320,122,84,1,0.008013836
Warm B,390091,2288,2287,122,84,0,-0.000809893
Warm B,377905,2205,2204,122,84,0,0.007803902
Warm B,361783,2109,2108,122,84,0,0.014501866
Warm B,352090,2063,2062,122,84,0,0.008704701
Warm B,371750,2172,2171,122,84,0,0.01285526
Warm B,348129,2041,2040,122,84,0,0.021983147
Warm B,344190,2020,2019,122,84,0,0.02100081
Warm B,330561,1951,1950,122,84,0,0.010676386
Warm B,315412,1880,1879,122,84,0,0.0049640187
Warm B,299713,1778,1777,122,84,1,0.007722991
Warm B,265919,1613,1612,122,84,0,0.010994376
Warm B,259567,1587,1586,122,84,0,0.009843938
Warm B,224257,1356,1355,122,84,0,0.016569898
Warm B,277837,1676,1675,122,84,0,0.007998822
Warm B,273107,1647,1646,122,84,0,0.012007413
Warm B,205935,1264,1263,122,84,0,0.0099263415
Warm B,279594,1680,1679,122,84,1,0.008961841
Warm B,244093,1470,1469,122,84,1,0.024908103
Warm B,214978,1303,1302,122,84,0,0.0063747363
Warm B,198861,1221,1220,122,84,0,0.010226907
Warm B,196633,1207,1206,122,84,0,0.010397181
Warm B,193235,1193,1192,122,84,0,0.0042240657
Warm B,192420,1184,1183,122,84,0,0.0010037086
Warm B,307575,1835,1834,122,84,1,0.013878934
Warm B,173749,1100,1099,122,84,0,0.0031121739
Warm B,176095,1113,1112,122,84,0,0.015099455
Warm B,189430,1173,1172,122,84,0,0.014133155
Warm B,167958,1068,1067,122,84,0,0.015344055
Warm B,153804,988,987,122,84,0,2.944062e-05
Warm B,221480,1340,1339,122,84,0,0.018842386
Warm B,157048,1010,1009,122,84,0,0.013879354
Warm B,138548,889,888,122,84,0,0.017553814
Warm B,263496,1605,1604,122,84,0,0.014752985
Warm B,328409,1941,1940,122,84,0,0.009685997
Warm B,117850,759,758,122,84,0,-0.003775328
Warm B,112589,731,730,122,84,1,0.016238235
Warm B,216469,1314,1313,122,84,0,-0.0016167215
Warm B,106196,699,698,122,84,0,0.0023853178
Warm B,106850,702,701,122,84,0,4.197075e-05
Warm B,98339,658,657,122,84,0,-0.00012903195
Warm B,87303,570,569,122,84,0,0.006362454
Warm B,291543,1737,1736,122,84,0,0.0032763006
Warm B,82285,546,545,122,84,0,0.020454433
Warm B,81795,543,542,122,84,1,0.011656712
Warm B,70862,476,475,122,84,1,0.0060668373
Warm B,58953,401,400,122,84,0,0.004315765
Warm B,53662,352,351,122,84,0,0.011842503
Warm B,132567,855,854,122,84,0,0.004410351
Warm B,288630,1724,1723,122,84,0,0.014065915
Warm B,110933,721,720,122,84,0,0.0017749785
Warm B,179713,1125,1124,122,84,0,0.008683717
Warm B,44977,303,302,122,84,1,0.008874079
Warm B,43899,301,300,122,84,0,0.01747153
Warm B,538048,3312,3311,122,84,0,0.0079237865
Warm B,36420,245,244,122,84,0,0.014295407
Warm B,35449,239,238,122,84,0,-0.00071058655
Warm B,22463,163,162,122,84,0,0.01055706
Warm B,9246,62,61,122,84,0,0.010163933
Warm B,3735,26,25,122,84,0,0.011583713
Warm B,78563,528,527,122,84,0,0.015340784
Warm B,893415,5394,5393,122,84,0,0.015062857
Warm B,874136,5277,5276,122,84,1,0.006964392
Warm B,860352,5172,5171,122,84,0,0.0015133163
Warm B,829188,4979,4978,122,84,0,0.009887985
Warm B,240294,1449,1448,122,84,0,0.006081015
Warm B,682596,4085,4084,122,84,1,0.018289957
Warm B,317822,1889,1888,122,84,0,0.010879071
Warm B,924172,5580,5579,122,84,1,0.002628671
Warm B,134440,869,868,122,84,0,0.009240539
Warm B,476420,2926,2925,122,84,0,0.02052874
Warm B,257797,1579,1578,122,84,0,0.019984856
Warm B,748335,4467,4466,122,84,1,0.011037168
Warm B,193781,1194,1193,122,84,0,0.0020624714
Warm B,550352,3391,3390,122,84,0,0.015578662
Warm B,482805,2967,2966,123,85,1,0.0057518454
Warm B,480859,2952,2951,123,85,1,0.002958654
Warm B,458960,2825,2824,123,85,1,0.007279684
Warm B,571158,3503,3502,123,85,1,0.0019683186
Warm B,448496,2764,2763,123,85,1,0.00853957
Warm B,425377,2581,2580,123,85,1,0.010866411
Warm B,422319,2557,2556,123,85,0,0.009143639
Warm B,357932,2094,2093,123,85,1,0.001933825
Warm B,329818,1945,1944,123,85,1,0.01144583
Warm B,292438,1741,1740,123,85,1,0.012746222
Warm B,267626,1626,1625,123,85,0,0.010950165
Warm B,264193,1607,1606,123,85,0,0.015664743
Warm B,231419,1402,1401,123,85,0,0.012527222
Warm B,214980,1303,1302,123,85,0,0.011716373
Warm B,209518,1279,1278,123,85,1,0.015652914
Warm B,203891,1254,1253,123,85,1,0.010610266
Warm B,308777,1837,1836,123,85,1,0.010268243
Warm B,173751,1100,1099,123,85,1,0.0045941686
Warm B,320210,1899,1898,123,85,1,0.017591402
Warm B,186174,1151,1150,123,85,1,0.0014897452
Warm B,147777,952,951,123,85,1,0.0057895537
Warm B,138549,889,888,123,85,0,0.017066237
Warm B,200100,1228,1227,123,85,0,0.003152697
Warm B,328413,1941,1940,123,85,0,0.007178962
Warm B,240297,1449,1448,123,85,1,0.0134232715
Warm B,107359,706,705,123,85,1,0.006517902
Warm B,284344,1698,1697,123,85,1,0.011811767
Warm B,198226,1218,1217,123,85,1,-6.430945e-05
Warm B,80562,534,533,123,85,0,0.0056133876
Warm B,70220,474,473,123,85,1,0.009975743
Warm B,56969,385,384,123,85,1,0.004830202
Warm B,201668,1242,1241,123,85,1,0.012045734
Warm B,53664,352,351,123,85,1,0.0039676186
Warm B,132569,855,854,123,85,1,0.016547132
Warm B,33449,225,224,123,85,1,0.0107828025
Warm B,133660,864,863,123,85,0,0.010054783
Warm B,7667,53,52,123,85,1,0.012734423
Warm B,4996,35,34,123,85,1,0.009068301
Warm B,421113,2544,2543,123,85,0,0.0076431334
Warm B,74330,507,506,123,85,1,-0.0023784372
Warm B,176097,1113,1112,123,85,1,0.020140905
Warm B,805967,4823,4822,123,85,1,0.0034053912
Warm B,290370,1733,1732,123,85,1,0.008277113
Warm B,967450,5831,5830,123,85,1,0.02152066
Warm B,19941,149,148,123,85,1,0.020026324
Warm B,964554,5812,5811,123,85,1,0.011239784
Warm B,10385,74,73,123,85,0,0.009178709
Warm B,893417,5394,5393,123,85,1,0.0153148
Warm B,160240,1019,1018,123,85,0,0.014656467
Warm B,609705,3695,3694,123,85,1,0.0034091878
Warm B,179716,1125,1124,123,85,0,-0.0016822191
Warm B,933961,5636,5635,123,85,0,0.0113069005
Warm B,959081,5787,5786,123,85,1,0.0074536605
Warm B,116408,752,751,123,85,0,0.009532707
Warm B,322534,1912,1911,123,85,0,0.016427752
Warm B,273110,1647,1646,126,87,0,0.023916224
Warm B,279603,1680,1679,126,87,0,0.012215722
Warm B,186398,1152,1151,126,87,0,0.014195769
Warm B,182377,1138,1137,126,87,0,0.008729705
Warm B,248921,1501,1500,126,87,0,0.014669834
Warm B,328416,1941,1940,126,87,0,0.017334577
Warm B,163167,1042,1041,126,87,0,0.0003276891
Warm B,363978,2120,2119,126,87,0,0.008319004
Warm B,342646,2015,2014,126,87,0,0.01536952
Warm B,155971,1004,1003,126,87,0,0.013115127
Warm B,157053,1010,1009,126,87,0,0.01826959
Warm B,277072,1675,1674,126,87,0,0.021755796
Warm B,134445,869,868,126,87,0,0.01948423
Warm B,121232,780,779,126,87,0,0.02132715
Warm B,175056,1109,1108,126,87,0,0.0064672376
Warm B,114517,744,743,126,87,0,0.017849628
Warm B,110402,720,719,126,87,0,0.01901486
Warm B,112593,731,730,126,87,0,0.019958626
Warm B,216471,1314,1313,126,87,0,0.003864317
Warm B,108766,712,711,126,87,0,0.015077946
Warm B,86195,563,562,126,87,0,0.016943747
Warm B,85919,561,560,126,87,0,0.013492438
Warm B,64977,436,435,126,87,0,0.0144328745
Warm B,54731,357,356,126,87,0,0.013642363
Warm B,46436,310,309,126,87,1,0.014723008
Warm B,41764,284,283,126,87,0,0.009429126
Warm B,40709,273,272,126,87,1,0.013853737
Warm B,7670,53,52,126,87,0,0.015533414
Warm B,73828,500,499,126,87,0,0.015609914
Warm B,49361,329,328,126,87,0,0.014840526
Warm B,386132,2258,2257,126,87,0,0.010432081
Warm B,333947,1969,1968,126,87,0,0.012694612
Warm B,11951,92,91,126,87,0,0.020942109
Warm B,139236,890,889,126,87,0,0.013065432
Warm B,352094,2063,2062,126,87,0,0.02726013
Warm B,206411,1265,1264,126,87,0,0.011956795
Warm B,63151,424,423,126,87,0,0.017881826
Warm B,28095,195,194,126,87,0,0.014058591
Warm B,484648,2985,2984,126,87,0,0.010253426
Warm B,275647,1667,1666,132,88,0,0.009720091
Warm B,226404,1370,1369,132,88,0,0.012215713
Warm B,196640,1207,1206,132,88,0,0.020168394
Warm B,279616,1680,1679,132,88,1,0.012167536
Warm B,185525,1150,1149,132,88,0,0.010258858
Warm B,184070,1146,1145,132,88,0,0.012469787
Warm B,157064,1010,1009,132,88,0,0.017789723
Warm B,114932,746,745,132,88,0,0.016056832
Warm B,179723,1125,1124,132,88,0,0.014279634
Warm B,83340,549,548,132,88,1,0.011192976
Warm B,72201,482,481,132,88,0,0.008554272
Warm B,74971,509,508,132,88,0,0.018666197
Warm B,254443,1546,1545,132,88,0,0.014448114
Warm B,98969,660,659,132,88,0,0.00862722
Warm B,27142,192,191,132,88,0,0.00835846
Warm B,19959,149,148,132,88,0,0.014241595
Warm B,9258,62,61,132,88,0,0.00713192
Warm B,108151,710,709,132,88,0,0.012042982
Warm B,697588,4169,4168,132,88,0,0.026786292
Warm B,626937,3792,3791,132,88,0,0.019700218
Warm B,355048,2077,2076,132,88,0,0.012599044
Warm B,150688,970,969,132,88,0,0.011066951
Warm B,363229,2116,2115,132,88,0,0.019836416
Warm B,778314,4647,4646,132,88,0,0.02145819
Warm B,265205,1611,1610,132,88,0,0.016935248
Warm B,66126,442,441,132,88,0,0.01372331
Warm B,993738,6001,6000,132,88,0,0.0064974553
Warm B,63158,424,423,132,88,1,0.015398162
Warm B,328428,1941,1940,132,88,0,0.012318965
Warm B,790828,4728,4727,132,88,0,0.013424223
Warm B,550366,3391,3390,132,88,0,0.017027194
Warm B,392371,2304,2303,135,89,0,0.011668546
Warm B,377351,2203,2202,135,89,0,0.015670825
Warm B,382515,2235,2234,135,89,0,0.0006133276
Warm B,370314,2165,2164,135,89,1,0.0054615326
Warm B,368448,2153,2152,135,89,1,0.0016406972
Warm B,366626,2136,2135,135,89,0,-0.0009461816
Warm B,356015,2085,2084,135,89,1,0.011940576
Warm B,341710,2012,2011,135,89,0,0.0025815673
Warm B,340805,2010,2009,135,89,0,0.009022979
Warm B,297627,1764,1763,135,89,1,-0.0003197405
Warm B,281352,1687,1686,135,89,0,0.002245025
Warm B,268581,1631,1630,135,89,0,0.00804544
Warm B,323933,1920,1919,135,89,1,0.0037290421
Warm B,252194,1527,1526,135,89,0,0.0053944853
Warm B,262306,1600,1599,135,89,0,0.0024450463
Warm B,296857,1759,1758,135,89,1,0.0045211725
Warm B,277852,1676,1675,135,89,0,0.0019039097
Warm B,198863,1221,1220,135,89,1,0.0017095571
Warm B,178260,1120,1119,135,89,1,0.0036308134
Warm B,172942,1096,1095,135,89,0,0.01267813
Warm B,175663,1112,1111,135,89,0,0.016811373
Warm B,328429,1941,1940,135,89,0,0.0131665785
Warm B,272294,1645,1644,135,89,1,0.005226152
Warm B,155975,1004,1003,135,89,0,0.006252121
Warm B,153184,984,983,135,89,1,0.0007947618
Warm B,221487,1340,1339,135,89,0,0.003513569
Warm B,249304,1502,1501,135,89,1,-0.0004348777
Warm B,136751,881,880,135,89,0,0.005551288
Warm B,248927,1501,1500,135,89,0,0.0023249337
Warm B,101454,676,675,135,89,0,0.008140899
Warm B,764575,4543,4542,135,89,0,0.00887721
Warm B,109375,714,713,135,89,1,0.010858268
Warm B,98970,660,659,135,89,0,0.0043760524
Warm B,191200,1181,1180,135,89,0,-0.00051625445
Warm B,77701,524,523,135,89,0,0.008742442
Warm B,299722,1778,1777,135,89,0,0.0037680755
Warm B,81800,543,542,135,89,1,0.002785995
Warm B,68810,461,460,135,89,0,0.0054792413
Warm B,87102,569,568,135,89,1,-0.0041694054
Warm B,58028,392,391,135,89,0,0.0062453193
Warm B,44461,302,301,135,89,0,0.013450544
Warm B,41778,284,283,135,89,1,0.0038860496
Warm B,697591,4169,4168,135,89,0,0.006059318
Warm B,538054,3312,3311,135,89,1,-0.0047415
Warm B,219250,1329,1328,135,89,0,0.0070088026
Warm B,32914,223,222,135,89,1,0.0073080095
Warm B,291557,1737,1736,135,89,0,-0.0010522343
Warm B,235119,1425,1424,135,89,0,0.008223562
Warm B,3762,26,25,135,89,0,0.0048179496
Warm B,35821,242,241,135,89,0,0.013125299
Warm B,78569,528,527,135,89,0,0.020616643
Warm B,355049,2077,2076,135,89,0,0.009965382
Warm B,552508,3401,3400,135,89,0,0.0023603207
Warm B,255578,1556,1555,135,89,0,0.009589111
Warm B,893425,5394,5393,135,89,0,0.011521915
Warm B,954345,5761,5760,135,89,0,0.011308348
Warm B,531162,3280,3279,135,89,0,0.009924246
Warm B,371066,2168,2167,135,89,0,0.003935798
Warm B,342654,2015,2014,135,89,1,7.092045e-05
Warm B,363230,2116,2115,135,89,0,0.006867463
Warm B,567609,3483,3482,135,89,0,0.003491428
Warm B,106206,699,698,135,89,0,0.0040280996
Warm B,145010,934,933,135,89,0,0.0025817554
Warm B,35068,237,236,135,89,0,0.0011537895
Warm B,352107,2063,2062,135,89,0,0.0017542206
Warm B,134451,869,868,135,89,0,0.0035724822
Warm B,305035,1812,1811,135,89,0,0.0004133305
Warm B,700018,4186,4185,135,89,0,0.0024282762
Warm B,588042,3589,3588,135,89,1,0.0067213853
Warm B,273117,1647,1646,135,89,1,0.0012099864
Warm B,246928,1491,1490,135,89,0,0.008781805
Warm B,52996,349,348,135,89,0,0.0015445969
Warm B,820979,4934,4933,135,89,0,0.005789341
Warm B,774544,4619,4618,140,90,0,0.0058298996
Warm B,658459,3967,3966,140,90,0,0.014281267
Warm B,513003,3163,3162,140,90,0,0.0013147567
Warm B,503672,3095,3094,140,90,0,0.00029182597
Warm B,499588,3067,3066,140,90,0,0.0015340834
Warm B,550372,3391,3390,140,90,0,0.007716505
Warm B,494351,3032,3031,140,90,1,0.010964435
Warm B,493493,3031,3030,140,90,1,0.00771865
Warm B,490346,3017,3016,140,90,0,0.0033192867
Warm B,478184,2934,2933,140,90,0,0.011313048
Warm B,852935,5113,5112,140,90,0,0.0033488697
Warm B,467666,2882,2881,140,90,1,0.0048901737
Warm B,463464,2857,2856,140,90,1,0.0016993361
Warm B,492865,3029,3028,140,90,1,0.007619784
Warm B,451048,2777,2776,140,90,0,0.006555847
Warm B,445180,2745,2744,140,90,1,0.003688611
Warm B,431435,2628,2627,140,90,1,0.009828967
Warm B,427587,2596,2595,140,90,1,-0.0035157385
Warm B,423226,2565,2564,140,90,1,0.0017010206
Warm B,419307,2533,2532,140,90,1,0.005630327
Warm B,404643,2419,2418,140,90,0,0.0031314099
Warm B,399179,2376,2375,140,90,0,0.012598935
Warm B,398552,2371,2370,140,90,1,0.0012460618
Warm B,398297,2368,2367,140,90,1,0.0042781653
Warm B,393141,2309,2308,140,90,1,-0.0060043447
Warm B,363237,2116,2115,140,90,1,0.0055621862
Warm B,302219,1794,1793,140,90,0,0.007852161
Warm B,257137,1576,1575,140,90,0,0.002998354
Warm B,301829,1793,1792,140,90,0,0.0009110753
Warm B,305039,1812,1811,140,90,1,-0.002857699
Warm B,321717,1908,1907,140,90,0,0.0010287757
Warm B,192423,1184,1183,140,90,1,0.008835752
Warm B,189634,1175,1174,140,90,1,0.006472301
Warm B,189058,1172,1171,140,90,1,0.009942777
Warm B,316326,1883,1882,140,90,0,0.0051959027
Warm B,176303,1114,1113,140,90,0,0.0111404
Warm B,153704,987,986,140,90,1,0.0075846715
Warm B,140316,899,898,140,90,1,0.008655949
Warm B,138576,889,888,140,90,0,0.009696772
Warm B,380388,2223,2222,140,90,0,0.00520565
Warm B,132015,854,853,140,90,0,0.006763541
Warm B,352116,2063,2062,140,90,0,-0.001649088
Warm B,125313,805,804,140,90,1,0.0021457742
Warm B,360962,2106,2105,140,90,0,0.0020908755
Warm B,117852,759,758,140,90,1,0.008707149
Warm B,109021,713,712,140,90,0,0.008445613
Warm B,121240,780,779,140,90,0,0.0066086575
Warm B,106209,699,698,140,90,0,-0.0018596349
Warm B,103711,689,688,140,90,0,0.0063372515
Warm B,100934,673,672,140,90,0,0.00035655242
Warm B,332771,1962,1961,140,90,0,0.0035978765
Warm B,228413,1383,1382,140,90,0,0.00787377
Warm B,239142,1448,1447,140,90,1,0.012499852
Warm B,81805,543,542,140,90,1,0.008548851
Warm B,77708,524,523,140,90,0,0.013628967
Warm B,78572,528,527,140,90,1,0.0031222547
Warm B,155451,1001,1000,140,90,0,0.00025449973
Warm B,697602,4169,4168,140,90,1,0.003960177
Warm B,39543,268,267,140,90,1,0.006043792
Warm B,98973,660,659,140,90,0,0.0060464405
Warm B,33473,225,224,140,90,0,0.002659784
Warm B,30241,203,202,140,90,0,0.009159369
Warm B,29181,199,198,140,90,0,0.0023868126
Warm B,21267,156,155,140,90,1,0.015051341
Warm B,22499,163,162,140,90,0,0.0060588606
Warm B,6159,45,44,140,90,1,0.005598727
Warm B,20750,151,150,140,90,0,0.01265964
Warm B,79574,531,530,140,90,1,0.005494835
Warm B,240315,1449,1448,140,90,0,0.0051901806
Warm B,164719,1051,1050,140,90,0,0.0033690725
Warm B,145015,934,933,140,90,0,0.008920639
Warm B,456217,2809,2808,140,90,0,0.004163346
Warm B,401666,2395,2394,140,90,1,0.005802451
Warm B,328441,1941,1940,140,90,1,0.012151839
Warm B,195612,1203,1202,140,90,0,0.0044231536
Warm B,336150,1980,1979,140,90,0,0.011929551
Warm B,473899,2909,2908,140,90,1,0.01297757
Warm B,259576,1587,1586,140,90,0,-0.0008064158
Warm B,916944,5539,5538,140,90,0,0.012225139
Warm B,638389,3841,3840,147,94,0,0.022721242
Warm B,624978,3778,3777,147,94,1,0.014297933
Warm B,616254,3729,3728,147,94,1,0.013574459
Warm B,610318,3700,3699,147,94,1,0.016988339
Warm B,600178,3650,3649,147,94,0,0.0107556945
Warm B,598320,3641,3640,147,94,1,0.017384905
Warm B,606626,3683,3682,147,94,0,0.004108726
Warm B,597374,3631,3630,147,94,1,0.011214504
Warm B,654258,3942,3941,147,94,1,0.006723157
Warm B,589784,3598,3597,147,94,0,0.011068732
Warm B,582791,3560,3559,147,94,1,0.005719422
Warm B,582207,3557,3556,147,94,1,0.0056749894
Warm B,578764,3538,3537,147,94,1,0.018056046
Warm B,570824,3502,3501,147,94,1,0.011385655
Warm B,572322,3507,3506,147,94,1,0.021968082
Warm B,590564,3602,3601,147,94,1,0.012458126
Warm B,594100,3618,3617,147,94,0,0.017592978
Warm B,563157,3464,3463,147,94,1,0.008903774
Warm B,573613,3512,3511,147,94,1,0.020761741
Warm B,536148,3308,3307,147,94,1,0.015243839
Warm B,535089,3301,3300,147,94,0,0.008668619
Warm B,531170,3280,3279,147,94,1,0.01589654
Warm B,515005,3180,3179,147,94,0,0.009004474
Warm B,658461,3967,3966,147,94,0,0.016841201
Warm B,513005,3163,3162,147,94,1,0.015343159
Warm B,508735,3129,3128,147,94,0,0.021090208
Warm B,504900,3107,3106,147,94,1,0.010463978
Warm B,893666,5395,5394,147,94,1,0.015851714
Warm B,584782,3569,3568,147,94,1,0.014730869
Warm B,502217,3082,3081,147,94,0,0.011050781
Warm B,574847,3518,3517,147,94,1,0.0069580697
Warm B,485189,2986,2985,147,94,1,0.0117976805
Warm B,517939,3196,3195,147,94,1,0.012800451
Warm B,498834,3065,3064,147,94,1,0.014704658
Warm B,478658,2937,2936,147,94,1,0.010063192
Warm B,467795,2883,2882,147,94,1,0.0072841207
Warm B,466953,2878,2877,147,94,1,0.00528892
Warm B,465753,2872,2871,147,94,0,0.009955768
Warm B,460366,2840,2839,147,94,1,0.006877332
Warm B,458967,2825,2824,147,94,1,0.0029801168
Warm B,492867,3029,3028,147,94,1,0.009369219
Warm B,451052,2777,2776,147,94,0,0.0066807615
Warm B,443906,2737,2736,147,94,1,0.006588342
Warm B,446484,2752,2751,147,94,0,0.023656717
Warm B,431436,2628,2627,147,94,1,0.010672005
Warm B,429222,2611,2610,147,94,0,0.018324435
Warm B,416772,2507,2506,147,94,0,0.019511545
Warm B,408331,2453,2452,147,94,1,0.018343125
Warm B,398298,2368,2367,147,94,1,0.006521905
Warm B,372336,2174,2173,147,94,0,-0.002137637
Warm B,372097,2173,2172,147,94,0,0.014398065
Warm B,368869,2156,2155,147,94,1,0.012778953
Warm B,364886,2124,2123,147,94,0,0.019794747
Warm B,349940,2054,2053,147,94,0,0.015917566
Warm B,340814,2010,2009,147,94,0,0.017532663
Warm B,275191,1666,1665,147,94,1,0.007531854
Warm B,280928,1685,1684,147,94,1,0.011039999
Warm B,267631,1626,1625,147,94,1,0.014889693
Warm B,259579,1587,1586,147,94,0,0.008254476
Warm B,294403,1749,1748,147,94,0,0.004868453
Warm B,631706,3821,3820,147,94,0,0.01726524
Warm B,220702,1338,1337,147,94,1,0.0010445791
Warm B,213588,1298,1297,147,94,1,0.009123168
Warm B,213010,1297,1296,147,94,1,0.008354427
Warm B,207361,1267,1266,147,94,0,0.0041251006
Warm B,244105,1470,1469,147,94,0,0.018880393
Warm B,308788,1837,1836,147,94,1,0.010936117
Warm B,279630,1680,1679,147,94,0,0.0148108695
Warm B,189060,1172,1171,147,94,1,0.0077000773
Warm B,185539,1150,1149,147,94,0,0.008053585
Warm B,179728,1125,1124,147,94,0,0.008917902
Warm B,263519,1605,1604,147,94,0,0.016994106
Warm B,168579,1069,1068,147,94,0,0.0116967
Warm B,167972,1068,1067,147,94,1,0.0042321086
Warm B,271022,1639,1638,147,94,0,0.010666648
Warm B,222135,1343,1342,147,94,0,0.013719602
Warm B,217204,1317,1316,147,94,1,0.016493166
Warm B,157071,1010,1009,147,94,1,0.019303035
Warm B,352118,2063,2062,147,94,0,0.024338568
Warm B,101725,677,676,147,94,1,0.009699602
Warm B,100936,673,672,147,94,0,0.011624622
Warm B,294991,1752,1751,147,94,0,0.023716504
Warm B,697607,4169,4168,147,94,0,0.016315922
Warm B,92144,613,612,147,94,0,0.013705414
Warm B,265210,1611,1610,147,94,1,0.008093048
Warm B,90729,601,600,147,94,0,0.011368145
Warm B,239146,1448,1447,147,94,1,0.019714601
Warm B,76183,517,516,147,94,0,0.0020914334
Warm B,197396,1211,1210,147,94,0,0.0021484792
Warm B,70225,474,473,147,94,1,0.011294369
Warm B,68256,457,456,147,94,0,0.0012631584
Warm B,363240,2116,2115,147,94,1,0.0061230594
Warm B,30243,203,202,147,94,0,0.014140755
Warm B,16667,131,130,147,94,0,0.0014236289
Warm B,512176,3159,3158,147,94,1,0.0015601625
Warm B,276358,1671,1670,147,94,1,0.016282901
Warm B,207014,1266,1265,147,94,0,0.015583878
Warm B,55601,368,367,147,94,1,0.011706904
Warm B,158445,1015,1014,147,94,0,0.01237839
Warm B,286813,1712,1711,147,94,0,0.009750518
Warm B,65476,438,437,147,94,0,0.009024639
Warm B,365517,2127,2126,147,94,1,0.009478859
Warm B,360966,2106,2105,147,94,0,0.004636879
Warm B,254446,1546,1545,147,94,0,0.018478822
Warm B,556596,3420,3419,147,94,1,0.0034223525
Warm B,801784,4802,4801,147,94,0,0.020716423
Warm B,115479,749,748,147,94,1,0.006257703
Warm B,677146,4058,4057,147,94,1,0.017314639
Warm B,189440,1173,1172,147,94,1,0.014340971
Warm B,475585,2918,2917,147,94,1,0.015263276
Warm B,960442,5792,5791,147,94,1,0.0043703257
Warm B,72207,482,481,147,94,0,0.017392516
Warm B,171872,1088,1087,147,94,0,0.024863541
Warm B,371763,2172,2171,147,94,1,0.008795127
Warm B,565697,3475,3474,147,94,1,0.010029973
Warm B,941774,5682,5681,147,94,1,0.013677906
Warm B,555066,3413,3412,147,94,1,0.006811442
Warm B,194950,1202,1201,147,94,1,0.011149097
Warm B,550376,3391,3390,147,94,1,0.016407238
Warm B,974681,5878,5877,147,94,1,0.017118655
Warm B,714049,4277,4276,147,94,1,0.00966342
Warm B,34721,235,234,152,97,0,0.0046072993
Warm B,22524,163,162,152,97,0,0.012292289
Warm B,933978,5636,5635,152,97,0,0.012772346
Warm B,161395,1029,1028,152,97,0,-0.0037969118
Warm B,464270,2860,2859,152,97,1,0.0050531495
Warm B,63193,424,423,152,97,1,0.008080805
Warm B,290403,1733,1732,152,97,1,0.004840743
Warm B,821740,4940,4939,152,97,0,-0.0015839748
Warm B,974687,5878,5877,152,97,1,0.004464156
Warm B,548032,3380,3379,154,99,0,0.00049465057
Warm B,546911,3371,3370,154,99,1,0.009499553
Warm B,533505,3292,3291,154,99,1,0.008408272
Warm B,525837,3248,3247,154,99,0,0.015075872
Warm B,524519,3234,3233,154,99,1,0.0023521716
Warm B,522778,3224,3223,154,99,1,0.0067539304
Warm B,518847,3201,3200,154,99,1,0.0042920834
Warm B,513020,3163,3162,154,99,1,0.014425564
Warm B,658470,3967,3966,154,99,0,6.002374e-07
Warm B,513948,3171,3170,154,99,1,0.0007275429
Warm B,509265,3135,3134,154,99,1,0.012341906
Warm B,505249,3108,3107,154,99,1,0.014963296
Warm B,500288,3072,3071,154,99,0,0.012367753
Warm B,546160,3367,3366,154,99,1,0.0031870874
Warm B,496923,3053,3052,154,99,1,0.003200668
Warm B,491216,3020,3019,154,99,1,0.009040954
Warm B,466971,2878,2877,154,99,1,-0.005257817
Warm B,460375,2840,2839,154,99,0,0.008324975
Warm B,460795,2841,2840,154,99,1,0.0036845058
Warm B,458130,2820,2819,154,99,0,0.006645947
Warm B,456714,2811,2810,154,99,0,0.005020515
Warm B,458499,2822,2821,154,99,0,0.0040454883
Warm B,485203,2986,2985,154,99,1,0.008604218
Warm B,426266,2589,2588,154,99,1,0.010747476
Warm B,381727,2231,2230,154,99,0,0.004762218
Warm B,377922,2205,2204,154,99,0,9.3019335e-05
Warm B,371431,2171,2170,154,99,1,0.00963884
Warm B,364899,2124,2123,154,99,1,0.009758148
Warm B,412149,2478,2477,154,99,0,0.010778282
Warm B,356491,2088,2087,154,99,1,0.014053265
Warm B,360189,2105,2104,154,99,0,0.008557166
Warm B,332265,1960,1959,154,99,1,0.0075224475
Warm B,320238,1899,1898,154,99,1,0.014196854
Warm B,323238,1916,1915,154,99,1,0.008223509
Warm B,306040,1821,1820,154,99,1,0.006368285
Warm B,302696,1797,1796,154,99,1,0.0045107254
Warm B,274717,1660,1659,154,99,1,-0.0018083957
Warm B,269172,1632,1631,154,99,0,0.019775607
Warm B,245303,1481,1480,154,99,0,0.0006181429
Warm B,294412,1749,1748,154,99,1,0.012739769
Warm B,244735,1473,1472,154,99,0,-0.0006099604
Warm B,237441,1446,1445,154,99,1,0.019042622
Warm B,303316,1802,1801,154,99,1,0.0017008337
Warm B,231865,1405,1404,154,99,1,0.00033763726
Warm B,325516,1926,1925,154,99,1,0.0085503
Warm B,213597,1298,1297,154,99,1,0.0019923125
Warm B,211813,1288,1287,154,99,1,0.0032160578
Warm B,207561,1268,1267,154,99,1,0.008751124
Warm B,204268,1258,1257,154,99,1,0.00014077779
Warm B,184433,1147,1146,154,99,1,0.011369364
Warm B,191240,1181,1180,154,99,0,0.021160986
Warm B,163963,1050,1049,154,99,0,0.0051031047
Warm B,160268,1019,1018,154,99,0,0.0021976216
Warm B,338261,1988,1987,154,99,1,0.0010109349
Warm B,147045,948,947,154,99,0,0.0020074863
Warm B,185565,1150,1149,154,99,1,0.019365665
Warm B,714069,4277,4276,154,99,0,0.0040628184
Warm B,133465,862,861,154,99,1,0.007837783
Warm B,201695,1242,1241,154,99,1,0.014100181
Warm B,131279,850,849,154,99,0,0.0025079316
Warm B,263534,1605,1604,154,99,0,0.017257359
Warm B,119404,770,769,154,99,0,0.014350904
Warm B,631719,3821,3820,154,99,1,0.0125205815
Warm B,100942,673,672,154,99,1,0.008384706
Warm B,211186,1285,1284,154,99,1,0.009078912
Warm B,284373,1698,1697,154,99,1,0.014819995
Warm B,80893,537,536,154,99,1,0.008341056
Warm B,84381,550,549,154,99,1,0.009143596
Warm B,74990,509,508,154,99,1,0.010999994
Warm B,69876,471,470,154,99,1,0.00040257326
Warm B,69524,466,465,154,99,1,0.017395541
Warm B,42097,285,284,154,99,0,0.0021501323
Warm B,41063,276,275,154,99,0,0.009087326
Warm B,43444,299,298,154,99,1,0.0019657048
Warm B,34723,235,234,154,99,1,0.006134683
Warm B,32066,216,215,154,99,1,0.0066119684
Warm B,21998,161,160,154,99,1,-0.0017027764
Warm B,17798,137,136,154,99,1,0.0073758415
Warm B,4831,35,34,154,99,1,0.004522677
Warm B,4304,33,32,154,99,0,0.012221739
Warm B,607757,3688,3687,154,99,1,0.016953632
Warm B,76409,518,517,154,99,1,0.008135343
Warm B,558620,3430,3429,154,99,1,0.009673388
Warm B,245565,1483,1482,154,99,0,0.014608227
Warm B,149696,963,962,154,99,0,0.004664514
Warm B,893440,5394,5393,154,99,0,0.015947573
Warm B,158467,1015,1014,154,99,1,0.012831623
Warm B,316949,1884,1883,154,99,1,0.0033376336
Warm B,734724,4387,4386,154,99,1,0.00055753905
Warm B,416787,2507,2506,154,99,1,0.007271981
Warm B,571170,3503,3502,154,99,1,0.012408957
Warm B,290406,1733,1732,154,99,1,0.011712957
Warm B,59637,405,404,154,99,1,-0.004019271
Warm B,384517,2246,2245,154,99,0,0.0110672
Warm B,489721,3013,3012,154,99,0,0.00048436457
Warm B,117203,755,754,154,99,1,0.0067344694
Warm B,665281,4005,4004,154,99,0,0.008771575
Warm B,287807,1717,1716,154,99,1,0.0049198344
Warm B,24355,173,172,154,99,1,0.013348861
Warm B,501395,3080,3079,154,99,1,0.01867573
Warm B,207023,1266,1265,154,99,1,0.0077345
Warm B,322567,1912,1911,154,99,0,0.0057243523
Warm B,362280,2111,2110,154,99,1,0.010580068
Warm B,310782,1851,1850,154,99,0,-0.00029869052
Warm B,319480,1897,1896,154,99,1,0.008655382
Warm B,739589,4418,4417,154,99,0,-0.0030296308
Warm B,657618,3963,3962,154,99,0,0.0034667377
Warm B,171894,1088,1087,154,99,1,0.011523157
Warm B,279658,1680,1679,155,100,0,0.012928605
Warm B,168594,1069,1068,155,100,0,0.004319487
Warm B,158468,1015,1014,155,100,0,0.011774699
Warm B,151681,975,974,155,100,1,0.01177298
Warm B,154634,998,997,155,100,1,0.01398334
Warm B,185566,1150,1149,155,100,0,0.016533218
Warm B,140000,897,896,155,100,0,0.01393156
Warm B,138604,889,888,155,100,0,0.020100627
Warm B,125008,802,801,155,100,1,0.011766192
Warm B,432195,2634,2633,155,100,1,0.01841484
Warm B,84982,552,551,155,100,1,0.002240363
Warm B,228430,1383,1382,155,100,0,0.012630897
Warm B,197405,1211,1210,155,100,0,0.021704238
Warm B,162041,1033,1032,155,100,0,0.010311971
Warm B,4832,35,34,155,100,0,0.0054087616
Warm B,908406,5493,5492,155,100,0,0.0070366343
Warm B,187744,1164,1163,155,100,0,0.010828747
Warm B,249916,1505,1504,155,100,0,8.711184e-06
Warm B,309721,1842,1841,155,100,1,0.0060697403
Warm B,41320,279,278,155,100,0,-0.0011647113
Warm B,287808,1717,1716,155,100,1,0.008195329
Warm B,628786,3807,3806,155,100,1,0.0078086155
Warm B,284374,1698,1697,155,100,1,0.012083939
Warm B,790840,4728,4727,155,100,0,0.00036287587
Warm B,555069,3413,3412,155,100,0,0.011006998
Warm B,193802,1194,1193,155,100,1,0.012841389
Warm B,974689,5878,5877,155,100,1,0.017326541
Warm B,309722,1842,1841,156,101,0,0.0076678135
Warm B,160269,1019,1018,156,101,0,0.013038805
Warm B,45925,308,307,156,101,0,0.011418329
Warm B,893441,5394,5393,156,101,0,0.008255725
Warm B,177101,1117,1116,156,101,0,0.012837281
Warm B,284375,1698,1697,156,101,0,0.009424598
Warm B,577379,3526,3525,157,102,0,0.007799928
Warm B,541086,3328,3327,157,102,1,0.00011576142
Warm B,537354,3311,3310,157,102,0,0.008139279
Warm B,536562,3309,3308,157,102,0,0.01156909
Warm B,530385,3275,3274,157,102,0,0.0020595607
Warm B,525330,3243,3242,157,102,1,0.003993962
Warm B,522780,3224,3223,157,102,0,0.008285314
Warm B,515014,3180,3179,157,102,0,0.005133643
Warm B,513551,3167,3166,157,102,0,0.013270695
Warm B,510717,3147,3146,157,102,0,0.014108846
Warm B,795349,4763,4762,157,102,1,0.0044841296
Warm B,571171,3503,3502,157,102,1,0.014218697
Warm B,504188,3099,3098,157,102,1,0.00959539
Warm B,523523,3227,3226,157,102,0,0.013984799
Warm B,492878,3029,3028,157,102,1,0.010718032
Warm B,487960,3001,3000,157,102,1,0.014977175
Warm B,471086,2899,2898,157,102,1,0.004695198
Warm B,463483,2857,2856,157,102,0,0.0047496846
Warm B,458131,2820,2819,157,102,0,0.004891993
Warm B,452308,2785,2784,157,102,0,0.00241737
Warm B,435913,2664,2663,157,102,0,0.0077563133
Warm B,430153,2621,2620,157,102,1,0.0067048045
Warm B,645401,3885,3884,157,102,1,0.009850763
Warm B,420530,2541,2540,157,102,0,0.007932117
Warm B,419875,2537,2536,157,102,0,0.010500915
Warm B,418848,2529,2528,157,102,1,0.018300222
Warm B,412939,2484,2483,157,102,0,0.006867987
Warm B,409269,2456,2455,157,102,0,0.0083552655
Warm B,400476,2383,2382,157,102,0,0.011396752
Warm B,392402,2304,2303,157,102,0,0.015918165
Warm B,384209,2244,2243,157,102,0,0.009461763
Warm B,385366,2251,2250,157,102,0,0.004241121
Warm B,377363,2203,2202,157,102,0,0.009815537
Warm B,351193,2062,2061,157,102,1,0.0056393356
Warm B,363259,2116,2115,157,102,0,0.010232367
Warm B,352138,2063,2062,157,102,0,0.010454505
Warm B,345327,2025,2024,157,102,0,0.0004937097
Warm B,340825,2010,2009,157,102,0,0.009197391
Warm B,343190,2016,2015,157,102,0,0.009818128
Warm B,341722,2012,2011,157,102,0,0.0098907985
Warm B,296148,1757,1756,157,102,0,0.012220518
Warm B,275664,1667,1666,157,102,0,0.008923173
Warm B,281364,1687,1686,157,102,0,0.0041559627
Warm B,272519,1646,1645,157,102,0,0.005356224
Warm B,269537,1634,1633,157,102,1,0.0019709563
Warm B,269173,1632,1631,157,102,0,0.010547719
Warm B,266974,1622,1621,157,102,0,0.0065897233
Warm B,247823,1496,1495,157,102,0,0.0068793846
Warm B,218827,1327,1326,157,102,1,-0.0027141902
Warm B,216075,1311,1310,157,102,0,0.00078233494
Warm B,209530,1279,1278,157,102,1,0.010255836
Warm B,277873,1676,1675,157,102,0,0.010781681
Warm B,350354,2056,2055,157,102,1,0.0067974515
Warm B,279660,1680,1679,157,102,0,0.009383889
Warm B,198659,1220,1219,157,102,1,0.0039218143
Warm B,219976,1333,1332,157,102,0,0.010229718
Warm B,191242,1181,1180,157,102,1,0.011009985
Warm B,188441,1169,1168,157,102,0,0.007935619
Warm B,178279,1120,1119,157,102,1,0.013076152
Warm B,188295,1168,1167,157,102,0,0.004814599
Warm B,328468,1941,1940,157,102,0,0.013063715
Warm B,255582,1556,1555,157,102,0,0.008007823
Warm B,153709,987,986,157,102,1,0.009996513
Warm B,152211,979,978,157,102,1,-0.0035095676
Warm B,138605,889,888,157,102,0,0.011127086
Warm B,136785,881,880,157,102,1,0.00550077
Warm B,131280,850,849,157,102,1,0.0056579094
Warm B,126048,812,811,157,102,0,0.0068082204
Warm B,160270,1019,1018,157,102,0,0.009082325
Warm B,120525,777,776,157,102,0,0.013865011
Warm B,106221,699,698,157,102,0,0.0061080363
Warm B,108179,710,709,157,102,0,0.010853783
Warm B,97136,651,650,157,102,1,0.0108684255
Warm B,96470,647,646,157,102,1,0.008402716
Warm B,284376,1698,1697,157,102,0,0.007901757
Warm B,83369,549,548,157,102,0,0.0097477585
Warm B,77727,524,523,157,102,0,0.014564535
Warm B,119405,770,769,157,102,0,0.009455844
Warm B,70490,475,474,157,102,0,0.0066919792
Warm B,72225,482,481,157,102,0,0.013901767
Warm B,67526,453,452,157,102,1,0.011815707
Warm B,65484,438,437,157,102,1,0.006907938
Warm B,53751,352,351,157,102,0,0.004520445
Warm B,52539,346,345,157,102,1,0.008882743
Warm B,197406,1211,1210,157,102,0,0.010960592
Warm B,32067,216,215,157,102,1,0.012392478
Warm B,29841,202,201,157,102,0,0.012633232
Warm B,23677,169,168,157,102,0,0.009699746
Warm B,3295,25,24,157,102,0,0.0077451277
Warm B,439854,2688,2687,157,102,0,0.006660958
Warm B,144229,929,928,157,102,0,0.008909732
Warm B,355070,2077,2076,157,102,0,0.005032007
Warm B,238118,1447,1446,157,102,1,0.009317498
Warm B,762242,4528,4527,157,102,0,0.0064459415
Warm B,169290,1074,1073,157,102,0,0.0031554934
Warm B,371078,2168,2167,157,102,0,0.010540551
Warm B,572342,3507,3506,157,102,0,0.010936499
Warm B,386140,2258,2257,157,102,0,0.00696815
Warm B,342676,2015,2014,157,102,1,0.0022048815
Warm B,109892,716,715,157,102,0,0.016170919
Warm B,249917,1505,1504,157,102,1,0.0098526515
Warm B,829208,4979,4978,157,102,0,0.01873604
Warm B,28153,195,194,157,102,0,0.0025955746
Warm B,804187,4815,4814,157,102,0,0.013249205
Warm B,310783,1851,1850,157,102,0,0.006557206
Warm B,20768,151,150,157,102,0,0.007943266
Warm B,290407,1733,1732,157,102,0,0.014975859
Warm B,515622,3182,3181,157,102,1,0.008383432
Warm B,286829,1712,1711,157,102,0,0.009223142
Warm B,309723,1842,1841,157,102,1,0.00905557
Warm B,673353,4042,4041,157,102,0,0.0051319306
Warm B,293880,1748,1747,157,102,0,0.010097893
Warm B,273136,1647,1646,157,102,0,0.0055861007
Warm B,989354,5972,5971,157,102,0,0.0121657625
Warm B,19986,149,148,157,102,1,0.011807077
Warm B,14197,116,115,157,102,1,0.0036103614
Warm B,207024,1266,1265,157,102,0,0.015328225
Warm B,245858,1484,1483,157,102,0,0.0039356006
Warm B,34724,235,234,157,102,1,0.011853947
Warm B,475595,2918,2917,157,102,0,0.006698127
Warm B,251215,1516,1515,157,102,0,0.011024052
Warm B,501396,3080,3079,157,102,0,0.0038993857
Warm B,53011,349,348,157,102,0,0.007895857
Warm B,217222,1317,1316,157,102,0,0.010274364
Warm B,575481,3519,3518,157,102,0,0.009354488
Warm B,825805,4958,4957,157,102,0,0.0025894823
Warm B,550393,3391,3390,157,102,0,0.013718382
Warm B,460376,2840,2839,159,104,0,0.0038859025
Warm B,458972,2825,2824,159,104,1,0.00017114403
Warm B,453916,2793,2792,159,104,1,0.007243469
Warm B,443913,2737,2736,159,104,1,-0.004811216
Warm B,433723,2643,2642,159,104,0,0.00294434
Warm B,431137,2627,2626,159,104,1,0.015543932
Warm B,402435,2402,2401,159,104,0,0.00048000645
Warm B,389707,2286,2285,159,104,0,0.002251315
Warm B,385367,2251,2250,159,104,1,0.010292897
Warm B,359498,2102,2101,159,104,0,0.0013294388
Warm B,340827,2010,2009,159,104,0,0.0026354871
Warm B,315447,1880,1879,159,104,0,0.006959457
Warm B,310161,1845,1844,159,104,0,-0.00067554
Warm B,267635,1626,1625,159,104,1,0.002539039
Warm B,296548,1758,1757,159,104,1,0.0003771881
Warm B,213019,1297,1296,159,104,0,0.009550132
Warm B,211187,1285,1284,159,104,0,0.010992929
Warm B,374279,2181,2180,159,104,0,0.0074031237
Warm B,329484,1943,1942,159,104,1,0.007822188
Warm B,185567,1150,1149,159,104,0,0.008358976
Warm B,179210,1124,1123,159,104,0,0.0071913544
Warm B,168595,1069,1068,159,104,1,0.013379304
Warm B,166560,1059,1058,159,104,1,0.001968518
Warm B,215008,1303,1302,159,104,0,0.0068658
Warm B,161876,1032,1031,159,104,0,0.006207361
Warm B,221514,1340,1339,159,104,0,-0.001292773
Warm B,148809,957,956,159,104,1,0.0032389546
Warm B,157090,1010,1009,159,104,0,0.0037571182
Warm B,714072,4277,4276,159,104,0,0.0011370813
Warm B,136786,881,880,159,104,0,0.00070239604
Warm B,100258,669,668,159,104,1,0.0045192437
Warm B,101463,676,675,159,104,0,0.0019172571
Warm B,177102,1117,1116,159,104,0,0.011058511
Warm B,697634,4169,4168,159,104,0,0.010742054
Warm B,284378,1698,1697,159,104,0,0.00010381115
Warm B,83370,549,548,159,104,0,0.0022014612
Warm B,77729,524,523,159,104,1,0.011299619
Warm B,75486,513,512,159,104,1,0.0073853
Warm B,59740,406,405,159,104,0,-0.0021681245
Warm B,240340,1449,1448,159,104,0,0.00784119
Warm B,53752,352,351,159,104,1,0.001396955
Warm B,38291,261,260,159,104,0,0.0013918309
Warm B,55613,368,367,159,104,1,-0.005666016
Warm B,152510,981,980,159,104,0,0.009829126
Warm B,16673,131,130,159,104,1,0.005722548
Warm B,7161,49,48,159,104,1,0.002925602
Warm B,639248,3842,3841,159,104,1,0.010726415
Warm B,113787,737,736,159,104,1,-0.00012266333
Warm B,129584,839,838,159,104,1,0.0020797653
Warm B,257826,1579,1578,159,104,0,0.0037648645
Warm B,317848,1889,1888,159,104,0,0.0016928425
Warm B,116442,752,751,159,104,0,0.0053524366
Warm B,382083,2232,2231,159,104,1,0.002379783
Warm B,191243,1181,1180,159,104,1,-0.0044571776
Warm B,63195,424,423,159,104,0,0.007011258
Warm B,290408,1733,1732,159,104,1,0.012340325
Warm B,550423,3391,3390,166,111,0,0.007068699
Warm B,435614,2663,2662,169,113,0,0.0052094576
Warm B,456560,2810,2809,169,113,0,0.011083325
Warm B,418860,2529,2528,169,113,0,0.017439758
Warm B,414713,2496,2495,169,113,0,0.008453944
Warm B,390525,2291,2290,169,113,0,0.0073293303
Warm B,373539,2180,2179,169,113,0,0.008740553
Warm B,366430,2133,2132,169,113,0,0.0067601567
Warm B,354246,2073,2072,169,113,0,0.005292643
Warm B,361825,2109,2108,169,113,0,0.005151829
Warm B,334910,1975,1974,169,113,0,0.008535312
Warm B,320613,1901,1900,169,113,0,0.008985415
Warm B,323962,1920,1919,169,113,0,0.009535698
Warm B,297661,1764,1763,169,113,1,0.0054970803
Warm B,263974,1606,1605,169,113,0,0.018273478
Warm B,361003,2106,2105,169,113,0,0.006151972
Warm B,301846,1793,1792,169,113,0,0.003937195
Warm B,219985,1333,1332,169,113,0,0.006566566
Warm B,277897,1676,1675,169,113,0,0.01713702
Warm B,213614,1298,1297,169,113,0,0.006435904
Warm B,279694,1680,1679,169,113,0,0.014536606
Warm B,186409,1152,1151,169,113,0,0.004472204
Warm B,183305,1141,1140,169,113,0,0.022296425
Warm B,342696,2015,2014,169,113,0,0.011985123
Warm B,249328,1502,1501,169,113,0,0.015910473
Warm B,136813,881,880,169,113,0,0.013019569
Warm B,134492,869,868,169,113,0,0.010982357
Warm B,175071,1109,1108,169,113,0,0.0011799117
Warm B,216490,1314,1313,169,113,0,0.0051409774
Warm B,299750,1778,1777,169,113,0,0.018814582
Warm B,106241,699,698,169,113,0,0.00663023
Warm B,100956,673,672,169,113,0,0.0057401117
Warm B,95020,637,636,169,113,0,0.011205595
Warm B,84405,550,549,169,113,0,0.01218996
Warm B,70880,476,475,169,113,0,0.0071326788
Warm B,72247,482,481,169,113,0,0.016505012
Warm B,67225,452,451,169,113,0,0.0029041073
Warm B,75011,509,508,169,113,0,0.0056000855
Warm B,51164,337,336,169,113,0,0.0018374868
Warm B,46463,310,309,169,113,0,0.002004054
Warm B,291598,1737,1736,169,113,0,0.0158466
Warm B,54514,355,354,169,113,0,0.0044756224
Warm B,26441,187,186,169,113,0,0.009040856
Warm B,235157,1425,1424,169,113,0,-0.0015945141
Warm B,592113,3610,3609,169,113,0,-0.0024840795
Warm B,10519,75,74,169,113,0,-0.0039548166
Warm B,30527,204,203,169,113,0,0.022262575
Warm B,79619,531,530,169,113,0,0.008640063
Warm B,19442,148,147,169,113,0,0.0043624
Warm B,78604,528,527,169,113,0,0.010958448
Warm B,65502,438,437,169,113,0,0.00926986
Warm B,12013,92,91,169,113,0,0.015617782
Warm B,328496,1941,1940,169,113,0,0.010914668
Warm B,907870,5492,5491,169,113,0,0.0062595075
Warm B,230613,1395,1394,171,115,1,0.007049532
Warm B,185626,1150,1149,171,115,0,0.028335864
Warm B,306408,1825,1824,171,115,1,0.008656032
Warm B,125033,802,801,171,115,1,0.011660395
Warm B,123718,797,796,171,115,1,0.0021033676
Warm B,177143,1117,1116,171,115,1,0.011455213
Warm B,104493,692,691,171,115,1,0.01473459
Warm B,697676,4169,4168,171,115,1,0.022272028
Warm B,90752,601,600,171,115,1,0.009594743
Warm B,86783,566,565,171,115,0,0.015529076
Warm B,82310,546,545,171,115,1,0.005866361
Warm B,58534,396,395,171,115,0,0.022088636
Warm B,132616,855,854,171,115,0,0.021518717
Warm B,312991,1865,1864,171,115,1,0.016504012
Warm B,258554,1584,1583,171,115,1,0.01627408
Warm B,199889,1227,1226,171,115,1,0.007832099
Warm B,368472,2153,2152,171,115,0,0.018098973
Warm B,26453,187,186,171,115,1,0.008188523
Warm B,20426,150,149,171,115,1,0.021681195
Warm B,15997,126,125,171,115,0,0.013746809
Warm B,17524,136,135,171,115,0,0.016898608
Warm B,49464,329,328,171,115,0,0.019150479
Warm B,158520,1015,1014,171,115,0,0.015332741
Warm B,513052,3163,3162,171,115,1,0.023852063
Warm B,975465,5880,5879,171,115,0,0.020931639
Warm B,102505,678,677,171,115,1,0.026309758
Warm B,901626,5450,5449,171,115,0,0.022987628
Warm B,964584,5812,5811,171,115,0,0.016553355
Warm B,538106,3312,3311,171,115,0,0.020578686
Warm B,464289,2860,2859,171,115,1,-0.0007208504
Warm B,790855,4728,4727,171,115,0,0.033061896
Warm B,841566,5054,5053,171,115,1,0.02038717
Warm B,235175,1425,1424,171,115,0,0.012409145
Warm B,119448,770,769,174,118,0,0.011398156
Warm B,81848,543,542,174,118,0,0.008384505
Warm B,70892,476,475,174,118,0,0.012119154
Warm B,65517,438,437,174,118,1,0.009705066
Warm B,251234,1516,1515,174,118,0,0.015794758
Warm B,132618,855,854,174,118,0,0.010814846
Warm B,44561,302,301,174,118,0,0.007923856
Warm B,37644,257,256,174,118,0,0.009641016
Warm B,32950,223,222,174,118,0,0.018027334
Warm B,29897,202,201,174,118,0,0.004187103
Warm B,235177,1425,1424,174,118,0,0.011658943
Warm B,78617,528,527,174,118,0,0.013787489
Warm B,238168,1447,1446,174,118,0,0.00909991
Warm B,342713,2015,2014,174,118,1,0.012915326
Warm B,363310,2116,2115,174,118,0,0.00619412
Warm B,760416,4517,4516,174,118,0,0.0071672127
Warm B,538110,3312,3311,174,118,0,0.004910879
Warm B,79635,531,530,174,118,0,0.005057985
Warm B,331839,1958,1957,174,118,0,0.012974279
Warm B,924188,5580,5579,174,118,0,0.004816087
Warm B,171950,1088,1087,174,118,0,0.011863217
Warm B,561947,3457,3456,177,121,0,0.009047033
Warm B,560225,3442,3441,177,121,0,0.0025858628
Warm B,555926,3416,3415,177,121,1,-0.006260182
Warm B,550452,3391,3390,177,121,0,0.011835619
Warm B,536197,3308,3307,177,121,0,0.011619468
Warm B,528313,3265,3264,177,121,0,0.0032875338
Warm B,608699,3691,3690,177,121,0,0.008500771
Warm B,566418,3476,3475,177,121,0,-0.0021737954
Warm B,513058,3163,3162,177,121,1,0.005453494
Warm B,507321,3121,3120,177,121,1,-0.0007731323
Warm B,516608,3189,3188,177,121,0,0.010959267
Warm B,501859,3081,3080,177,121,0,0.007945172
Warm B,484444,2982,2981,177,121,0,0.0019672797
Warm B,483558,2972,2971,177,121,1,0.009578769
Warm B,476869,2928,2927,177,121,0,0.016284825
Warm B,710357,4260,4259,177,121,0,0.004750153
Warm B,487176,2996,2995,177,121,0,0.008000383
Warm B,463521,2857,2856,177,121,0,0.00641453
Warm B,458179,2820,2819,177,121,0,0.006726645
Warm B,540799,3327,3326,177,121,1,0.012592586
Warm B,444808,2743,2742,177,121,1,0.0070702434
Warm B,564656,3471,3470,177,121,0,0.0012424903
Warm B,440577,2694,2693,177,121,1,0.0013548358
Warm B,430768,2625,2624,177,121,1,0.007155136
Warm B,426581,2590,2589,177,121,1,0.01223902
Warm B,408978,2455,2454,177,121,0,0.0061766403
Warm B,374326,2181,2180,177,121,0,0.019184407
Warm B,370044,2164,2163,177,121,1,0.01107835
Warm B,352199,2063,2062,177,121,0,0.0055025388
Warm B,361845,2109,2108,177,121,0,0.008661046
Warm B,344467,2021,2020,177,121,1,0.008551803
Warm B,340869,2010,2009,177,121,0,0.0029614074
Warm B,297676,1764,1763,177,121,0,0.0068272674
Warm B,303613,1803,1802,177,121,0,0.0035283898
Warm B,279731,1680,1679,177,121,0,0.0155723905
Warm B,277114,1675,1674,177,121,0,0.006277837
Warm B,271542,1641,1640,177,121,0,0.0017384142
Warm B,267653,1626,1625,177,121,0,0.0005244389
Warm B,247853,1496,1495,177,121,0,0.014993489
Warm B,221837,1341,1340,177,121,0,0.0047943117
Warm B,277917,1676,1675,177,121,1,0.010132375
Warm B,328532,1941,1940,177,121,0,0.012381482
Warm B,215033,1303,1302,177,121,0,0.0062513496
Warm B,184098,1146,1145,177,121,0,-0.0053138873
Warm B,159384,1017,1016,177,121,1,0.0059855147
Warm B,158526,1015,1014,177,121,0,0.012395104
Warm B,221553,1340,1339,177,121,0,0.011955635
Warm B,157141,1010,1009,177,121,0,0.00029908493
Warm B,135804,877,876,177,121,0,0.0071333405
Warm B,134512,869,868,177,121,1,-0.0008481238
Warm B,126700,817,816,177,121,1,0.008958014
Warm B,125615,808,807,177,121,1,0.006989524
Warm B,114108,741,740,177,121,0,-0.008724697
Warm B,108227,710,709,177,121,0,-0.0034755368
Warm B,100289,669,668,177,121,0,0.0060359184
Warm B,92817,621,620,177,121,0,0.0056548943
Warm B,203252,1246,1245,177,121,0,0.0017721688
Warm B,81849,543,542,177,121,1,0.008557468
Warm B,77778,524,523,177,121,1,0.0147850085
Warm B,53820,352,351,177,121,0,0.006325679
Warm B,47977,321,320,177,121,0,0.015680756
Warm B,132621,855,854,177,121,0,0.0068720444
Warm B,45204,305,304,177,121,0,0.0019744844
Warm B,44564,302,301,177,121,0,0.00054107234
Warm B,41206,278,277,177,121,1,0.013562063
Warm B,697681,4169,4168,177,121,1,0.022261761
Warm B,36525,245,244,177,121,0,0.014077737
Warm B,29898,202,201,177,121,0,0.0008341215
Warm B,291618,1737,1736,177,121,0,0.004595011
Warm B,192761,1186,1185,177,121,1,0.011972712
Warm B,14536,117,116,177,121,0,0.0065733613
Warm B,290461,1733,1732,177,121,0,0.016692217
Warm B,7773,53,52,177,121,1,0.006174842
Warm B,28218,195,194,177,121,1,0.012547621
Warm B,56102,372,371,177,121,1,0.0063314354
Warm B,102508,678,677,177,121,1,0.010829081
Warm B,179777,1125,1124,177,121,0,0.0029129777
Warm B,230617,1395,1394,177,121,0,0.0031840797
Warm B,63248,424,423,177,121,0,0.0148608815
Warm B,178321,1120,1119,181,123,0,0.006256009
Warm B,179783,1125,1124,181,123,0,0.0037348433
Warm B,172965,1096,1095,181,123,0,0.0010744527
Warm B,171973,1088,1087,181,123,0,0.0070828507
Warm B,342726,2015,2014,181,123,0,0.00043560937
Warm B,165509,1054,1053,181,123,0,0.008700079
Warm B,246447,1489,1488,181,123,0,0.0014940592
Warm B,277119,1675,1674,181,123,0,0.0067763515
Warm B,136849,881,880,181,123,0,0.009067416
Warm B,263596,1605,1604,181,123,0,0.009512715
Warm B,126705,817,816,181,123,0,0.016065864
Warm B,93630,627,626,181,123,0,0.0053841406
Warm B,325881,1928,1927,181,123,0,0.0068542156
Warm B,44586,302,301,181,123,0,0.0035798808
Warm B,38048,260,259,181,123,0,0.0047240495
Warm B,627022,3792,3791,181,123,0,0.0021821584
Warm B,291629,1737,1736,181,123,0,0.010972196
Warm B,31236,210,209,181,123,0,0.0042122602
Warm B,19476,148,147,181,123,0,0.0045595733
Warm B,27228,192,191,181,123,0,-0.0026056725
Warm B,10525,75,74,181,123,1,0.0040898956
Warm B,198482,1219,1218,181,123,0,0.0020181534
Warm B,552569,3401,3400,181,123,0,0.020701874
Warm B,829230,4979,4978,181,123,0,0.010260036
Warm B,207076,1266,1265,181,123,0,0.00086047035
Warm B,273186,1647,1646,181,123,0,0.004292631
Warm B,102528,678,677,181,123,1,0.0116884615
Warm B,418892,2529,2528,181,123,0,0.008197096
Warm B,717123,4294,4293,181,123,0,0.013258837
Warm B,795628,4765,4764,181,123,0,-0.003164946
Warm B,116905,753,752,181,123,0,0.0053316215
Warm B,235190,1425,1424,181,123,0,0.0046307957
Warm B,941804,5682,5681,181,123,0,0.007014978
Warm B,259616,1587,1586,187,126,0,0.007337393
Warm B,260713,1593,1592,187,126,0,0.00095716794
Warm B,231747,1404,1403,187,126,1,0.0037100627
Warm B,212138,1291,1290,187,126,0,0.0021941697
Warm B,276400,1671,1670,187,126,1,0.0069591217
Warm B,252880,1532,1531,187,126,1,0.0021997849
Warm B,202652,1244,1243,187,126,1,0.00340634
Warm B,294445,1749,1748,187,126,0,0.0042253295
Warm B,185664,1150,1149,187,126,0,0.010559574
Warm B,166597,1059,1058,187,126,0,0.0076448596
Warm B,149724,963,962,187,126,0,0.007254482
Warm B,201744,1242,1241,187,126,1,0.0112154335
Warm B,332818,1962,1961,187,126,0,0.011609191
Warm B,694988,4164,4163,187,126,0,0.0014247113
Warm B,112658,731,730,187,126,1,0.014505144
Warm B,100299,669,668,187,126,0,0.012506937
Warm B,88925,587,586,187,126,0,0.00675303
Warm B,82312,546,545,187,126,1,-0.00039666868
Warm B,83431,549,548,187,126,1,0.0120645715
Warm B,81862,543,542,187,126,1,0.012741039
Warm B,116516,752,751,187,126,0,0.00896636
Warm B,64497,430,429,187,126,0,0.0056899693
Warm B,75996,516,515,187,126,0,0.009215556
Warm B,132641,855,854,187,126,0,0.010062812
Warm B,33535,225,224,187,126,1,-2.7210917e-05
Warm B,337179,1983,1982,187,126,0,0.017775876
Warm B,26468,187,186,187,126,1,0.008387562
Warm B,2931,23,22,187,126,0,0.0046201665
Warm B,114293,743,742,187,126,0,0.011472855
Warm B,506153,3113,3112,187,126,0,0.0027110772
Warm B,42812,293,292,187,126,0,0.0046644644
Warm B,522857,3224,3223,187,126,0,0.0014402058
Warm B,361042,2106,2105,187,126,0,0.010699435
Warm B,431169,2627,2626,187,126,0,0.012200166
Warm B,102532,678,677,187,126,0,0.018283306
Warm B,290477,1733,1732,187,126,1,0.006472905
Warm B,263602,1605,1604,187,126,1,0.0152847
Warm B,921155,5565,5564,187,126,0,0.013784785
Warm B,983154,5938,5937,187,126,1,0.0073325024
Warm B,476453,2926,2925,187,126,1,0.0049626594
Warm B,464299,2860,2859,187,126,1,0.0061160414
Warm B,206457,1265,1264,187,126,0,-0.0029172613
Warm B,739597,4418,4417,187,126,1,0.002162376
Warm B,575893,3520,3519,187,126,0,0.0016114548
Warm B,882459,5329,5328,187,126,1,0.016647331
Warm B,677549,4060,4059,188,127,1,0.009088324
Warm B,663565,3998,3997,188,127,1,0.007929474
Warm B,661695,3990,3989,188,127,1,0.011048694
Warm B,660267,3980,3979,188,127,0,0.009294504
Warm B,719430,4309,4308,188,127,1,0.0094952565
Warm B,665995,4007,4006,188,127,1,0.016873065
Warm B,640672,3850,3849,188,127,0,-0.0028578597
Warm B,640130,3847,3846,188,127,0,0.004815913
Warm B,639617,3844,3843,188,127,1,0.0045040273
Warm B,639286,3842,3841,188,127,1,0.010914313
Warm B,632601,3823,3822,188,127,1,0.0110871345
Warm B,628400,3806,3805,188,127,1,0.005664615
Warm B,628808,3807,3806,188,127,0,0.0056602065
Warm B,628208,3804,3803,188,127,1,0.012693764
Warm B,627969,3801,3800,188,127,0,5.882024e-05
Warm B,638481,3841,3840,188,127,0,0.009030741
Warm B,623513,3771,3770,188,127,1,0.0137340985
Warm B,619283,3752,3751,188,127,0,0.008465318
Warm B,714117,4277,4276,188,127,1,0.017319359
Warm B,621320,3762,3761,188,127,1,0.013887923
Warm B,745511,4448,4447,188,127,1,0.013137779
Warm B,605978,3681,3680,188,127,1,0.021821436
Warm B,588599,3590,3589,188,127,1,0.008754285
Warm B,579656,3539,3538,188,127,1,0.014909685
Warm B,572404,3507,3506,188,127,1,0.02363732
Warm B,584123,3564,3563,188,127,1,0.0056334226
Warm B,566426,3476,3475,188,127,0,0.00078040105
Warm B,584818,3569,3568,188,127,0,0.005508925
Warm B,560227,3442,3441,188,127,0,0.00992576
Warm B,555936,3416,3415,188,127,1,0.011558835
Warm B,965934,5825,5824,188,127,0,0.00015938422
Warm B,543945,3352,3351,188,127,1,0.0036490595
Warm B,547642,3378,3377,188,127,1,0.0027730442
Warm B,540807,3327,3326,188,127,0,0.019289281
Warm B,536213,3308,3307,188,127,1,0.0061095078
Warm B,532343,3285,3284,188,127,0,-0.0006930055
Warm B,519830,3207,3206,188,127,1,0.009212996
Warm B,554902,3412,3411,188,127,1,0.003978429
Warm B,514072,3172,3171,188,127,0,0.01045814
Warm B,508941,3130,3129,188,127,0,0.010217
Warm B,507327,3121,3120,188,127,0,0.0048082564
Warm B,516619,3189,3188,188,127,0,0.024262123
Warm B,495722,3044,3043,188,127,1,0.0035640947
Warm B,550483,3391,3390,188,127,1,0.0104832
Warm B,517966,3196,3195,188,127,0,-0.0037870521
Warm B,473035,2908,2907,188,127,0,0.004713576
Warm B,471445,2900,2899,188,127,1,0.017105076
Warm B,469026,2888,2887,188,127,1,0.009142809
Warm B,463530,2857,2856,188,127,0,0.012403458
Warm B,458198,2820,2819,188,127,0,0.006944012
Warm B,457428,2818,2817,188,127,0,0.007912919
Warm B,433748,2643,2642,188,127,0,0.008940092
Warm B,430769,2625,2624,188,127,0,0.01149698
Warm B,426588,2590,2589,188,127,1,0.014748987
Warm B,418896,2529,2528,188,127,1,0.019148786
Warm B,412266,2479,2478,188,127,1,0.0114916675
Warm B,402014,2400,2399,188,127,0,0.0036299308
Warm B,406809,2444,2443,188,127,0,0.0036747402
Warm B,371801,2172,2171,188,127,1,0.014750222
Warm B,374340,2181,2180,188,127,0,0.022770047
Warm B,368195,2152,2151,188,127,0,-0.0011172653
Warm B,358616,2098,2097,188,127,1,0.0076899338
Warm B,352226,2063,2062,188,127,0,0.00956076
Warm B,345339,2025,2024,188,127,1,0.009704806
Warm B,344471,2021,2020,188,127,0,0.0036357387
Warm B,340883,2010,2009,188,127,0,0.006874415
Warm B,303617,1803,1802,188,127,0,0.0062889773
Warm B,279767,1680,1679,188,127,1,0.0071489005
Warm B,277123,1675,1674,188,127,1,0.008683774
Warm B,275229,1666,1665,188,127,0,0.005603617
Warm B,271550,1641,1640,188,127,0,0.008747371
Warm B,267658,1626,1625,188,127,1,0.008364897
Warm B,392455,2304,2303,188,127,1,0.01238861
Warm B,247867,1496,1495,188,127,0,0.013199855
Warm B,245578,1483,1482,188,127,1,0.001352998
Warm B,332819,1962,1961,188,127,0,0.0038234459
Warm B,234601,1424,1423,188,127,0,0.004839555
Warm B,303334,1802,1801,188,127,0,0.0013750645
Warm B,225435,1364,1363,188,127,1,0.013917319
Warm B,224535,1357,1356,188,127,0,0.002347807
Warm B,221924,1342,1341,188,127,0,0.005625276
Warm B,221839,1341,1340,188,127,0,0.012500824
Warm B,226422,1370,1369,188,127,0,0.009032589
Warm B,206007,1264,1263,188,127,0,0.00878175
Warm B,211246,1285,1284,188,127,0,0.011497775
Warm B,314524,1878,1877,188,127,1,-0.0022095726
Warm B,328563,1941,1940,188,127,1,0.014894428
Warm B,178324,1120,1119,188,127,1,0.005452401
Warm B,176421,1115,1114,188,127,1,0.00066928146
Warm B,179787,1125,1124,188,127,0,0.017883938
Warm B,256200,1562,1561,188,127,0,0.004001508
Warm B,165661,1056,1055,188,127,1,0.013499014
Warm B,230626,1395,1394,188,127,1,0.008306513
Warm B,159390,1017,1016,188,127,0,0.00953868
Warm B,157158,1010,1009,188,127,0,0.008241022
Warm B,131308,850,849,188,127,0,-0.0025137593
Warm B,125618,808,807,188,127,1,0.0042542974
Warm B,475827,2919,2918,188,127,1,0.007770718
Warm B,100300,669,668,188,127,1,0.009985307
Warm B,99672,665,664,188,127,0,0.00710715
Warm B,177161,1117,1116,188,127,0,0.0021610972
Warm B,97161,651,650,188,127,0,0.01202003
Warm B,92820,621,620,188,127,0,0.008418733
Warm B,90765,601,600,188,127,0,0.014067678
Warm B,83432,549,548,188,127,1,0.006411907
Warm B,81863,543,542,188,127,1,0.012599908
Warm B,239228,1448,1447,188,127,0,0.0041243546
Warm B,77798,524,523,188,127,1,0.01816248
Warm B,63268,424,423,188,127,0,0.0062811133
Warm B,51177,337,336,188,127,0,0.0117993485
Warm B,47982,321,320,188,127,1,0.0052637737
Warm B,111000,721,720,188,127,0,0.0074671097
Warm B,32956,223,222,188,127,1,0.004170651
Warm B,291633,1737,1736,188,127,1,-0.0017318291
Warm B,270158,1635,1634,188,127,1,0.020784821
Warm B,22596,163,162,188,127,0,0.0139468275
Warm B,290478,1733,1732,188,127,0,0.0091436915
Warm B,7792,53,52,188,127,1,0.00852799
Warm B,633520,3824,3823,188,127,0,0.015858907
Warm B,697707,4169,4168,188,127,0,0.022463746
Warm B,28245,195,194,188,127,0,0.015128178
Warm B,365869,2129,2128,188,127,0,0.011799727
Warm B,360220,2105,2104,188,127,0,0.011957131
Warm B,317888,1889,1888,188,127,1,0.002975531
Warm B,102533,678,677,188,127,0,0.00981546
Warm B,238181,1447,1446,188,127,0,0.016123895
Warm B,497721,3055,3054,188,127,0,0.005407223
Warm B,164780,1051,1050,188,127,0,0.011069423
Warm B,760857,4520,4519,188,127,0,0.017864961
Warm B,764623,4543,4542,188,127,0,-0.0033301353
Warm B,131318,850,849,190,128,1,0.0056874454
Warm B,128358,830,829,190,128,1,0.0070481542
Warm B,96671,648,647,190,128,0,0.008423507
Warm B,295029,1752,1751,190,128,1,0.008258356
Warm B,284452,1698,1697,190,128,1,0.008685794
Warm B,89635,590,589,190,128,1,0.0031808624
Warm B,87580,573,572,190,128,1,-0.0009685819
Warm B,87497,571,570,190,128,1,0.004738926
Warm B,77807,524,523,190,128,0,0.011729834
Warm B,70263,474,473,190,128,0,0.01631688
Warm B,501440,3080,3079,190,128,1,0.003741441
Warm B,48871,327,326,190,128,0,0.01102186
Warm B,308875,1837,1836,190,128,1,0.0061203903
Warm B,33547,225,224,190,128,1,0.0038572103
Warm B,212143,1291,1290,190,128,1,0.0035128924
Warm B,481990,2962,2961,190,128,1,-0.0021855473
Warm B,23158,166,165,190,128,1,0.0052461247
Warm B,16707,131,130,190,128,0,0.009254203
Warm B,340221,2008,2007,190,128,0,0.005391443
Warm B,133475,862,861,190,128,1,0.011015933
Warm B,7806,53,52,190,128,1,0.00942222
Warm B,207086,1266,1265,190,128,0,0.011176627
Warm B,20826,151,150,190,128,0,0.0064445287
Warm B,158570,1015,1014,190,128,1,0.006788876
Warm B,191353,1181,1180,190,128,1,0.006407723
Warm B,287839,1717,1716,190,128,1,0.008170642
Warm B,232599,1413,1412,190,128,0,0.00084610865
Warm B,261252,1597,1596,190,128,1,0.006133344
Warm B,310822,1851,1850,190,128,0,0.015367856
Warm B,772997,4607,4606,190,128,1,0.01499927
Warm B,535125,3301,3300,190,128,1,0.0074360752
Warm B,882461,5329,5328,190,128,1,0.0011501778
Warm B,223109,1352,1351,190,128,0,0.0027697738
Warm B,263611,1605,1604,190,128,1,0.013816319
Warm B,271844,1643,1642,190,128,1,0.004469112
Warm B,336275,1980,1979,190,128,1,0.022562297
Warm B,34763,235,234,190,128,1,0.0048610107
Warm B,144411,930,929,190,128,1,-0.0057384097
Warm B,290488,1733,1732,190,128,1,3.6282465e-05
Warm B,171997,1088,1087,190,128,0,0.006583742
Warm B,68859,461,460,191,129,0,0.010645786
Warm B,240437,1449,1448,191,129,0,0.010802515
Warm B,53864,352,351,191,129,1,0.002840207
Warm B,239243,1448,1447,191,129,1,0.0034850787
Warm B,29932,202,201,191,129,0,0.011535086
Warm B,291640,1737,1736,191,129,0,0.01241765
Warm B,104510,692,691,191,129,0,0.0138911065
Warm B,79665,531,530,191,129,0,0.0074108057
Warm B,302266,1794,1793,191,129,0,0.010829827
Warm B,893473,5394,5393,191,129,0,0.024219312
Warm B,458218,2820,2819,191,129,0,0.002181678
Warm B,145892,937,936,191,129,0,0.012177291
Warm B,310824,1851,1850,191,129,0,0.013591907
Warm B,78636,528,527,191,129,0,0.0132802585
Warm B,790863,4728,4727,191,129,0,0.018058974
Warm B,577465,3526,3525,195,132,0,0.015182241
Warm B,579673,3539,3538,195,132,0,0.011182587
Warm B,566709,3477,3476,195,132,0,0.013841309
Warm B,557002,3422,3421,195,132,0,0.004577485
Warm B,658502,3967,3966,195,132,0,0.014896455
Warm B,550503,3391,3390,195,132,0,0.014095547
Warm B,541105,3328,3327,195,132,1,0.0028988584
Warm B,575533,3519,3518,195,132,0,0.0073392456
Warm B,774551,4619,4618,195,132,0,0.0061212284
Warm B,522878,3224,3223,195,132,0,0.0077815065
Warm B,514255,3174,3173,195,132,0,0.009865876
Warm B,503693,3095,3094,195,132,0,0.004809542
Warm B,502990,3087,3086,195,132,1,0.0086588785
Warm B,516627,3189,3188,195,132,0,0.009668814
Warm B,494438,3032,3031,195,132,1,0.01073825
Warm B,490389,3017,3016,195,132,0,0.011379223
Warm B,562745,3462,3461,195,132,0,-0.001723316
Warm B,529961,3272,3271,195,132,1,0.01678528
Warm B,478241,2934,2933,195,132,0,0.006306875
Warm B,468613,2887,2886,195,132,0,0.016634902
Warm B,452321,2785,2784,195,132,0,0.006619053
Warm B,451143,2777,2776,195,132,0,0.0073289913
Warm B,437127,2668,2667,195,132,0,0.0017092319
Warm B,431453,2628,2627,195,132,0,0.009635758
Warm B,420555,2541,2540,195,132,1,0.0052668313
Warm B,419315,2533,2532,195,132,0,0.0019507054
Warm B,419496,2536,2535,195,132,0,-0.0068424707
Warm B,416157,2506,2505,195,132,0,-0.0016843528
Warm B,411284,2468,2467,195,132,1,0.011993868
Warm B,406495,2438,2437,195,132,0,0.0093838405
Warm B,404286,2418,2417,195,132,1,0.00357571
Warm B,398325,2368,2367,195,132,1,0.0031453522
Warm B,399977,2380,2379,195,132,0,0.011260348
Warm B,368002,2148,2147,195,132,0,0.010676065
Warm B,363341,2116,2115,195,132,0,0.0106497705
Warm B,356052,2085,2084,195,132,0,0.0024542506
Warm B,361872,2109,2108,195,132,0,0.013969517
Warm B,358975,2100,2099,195,132,1,0.005588018
Warm B,324778,1924,1923,195,132,0,0.010011549
Warm B,268610,1631,1630,195,132,1,0.0011512542
Warm B,256879,1571,1570,195,132,1,0.008247257
Warm B,321749,1908,1907,195,132,0,0.00089198694
Warm B,264722,1609,1608,195,132,0,0.004509036
Warm B,222457,1345,1344,195,132,1,0.007538357
Warm B,212540,1294,1293,195,132,0,0.004967356
Warm B,203504,1248,1247,195,132,0,0.0019979135
Warm B,192456,1184,1183,195,132,1,0.009701866
Warm B,338314,1988,1987,195,132,0,0.008300176
Warm B,189487,1173,1172,195,132,0,0.0064672166
Warm B,189099,1172,1171,195,132,0,0.01622619
Warm B,307657,1835,1834,195,132,1,0.012910117
Warm B,331878,1958,1957,195,132,0,0.0074469387
Warm B,263616,1605,1604,195,132,0,0.0095903
Warm B,168032,1068,1067,195,132,0,0.01437398
Warm B,328589,1941,1940,195,132,0,0.012197067
Warm B,164797,1051,1050,195,132,1,0.013684556
Warm B,164016,1050,1049,195,132,0,0.0056204186
Warm B,150758,970,969,195,132,0,0.011290965
Warm B,145068,934,933,195,132,0,0.01174584
Warm B,140346,899,898,195,132,0,0.016677462
Warm B,157177,1010,1009,195,132,0,0.014579073
Warm B,138726,889,888,195,132,0,0.009882063
Warm B,380447,2223,2222,195,132,0,0.017742172
Warm B,132075,854,853,195,132,0,-0.0015905176
Warm B,332825,1962,1961,195,132,0,-0.00024470268
Warm B,123167,795,794,195,132,0,0.0029379972
Warm B,121596,781,780,195,132,0,0.0069632055
Warm B,361055,2106,2105,195,132,0,0.0033532854
Warm B,117859,759,758,195,132,0,0.008532794
Warm B,112672,731,730,195,132,0,0.0043202154
Warm B,121294,780,779,195,132,0,0.015959488
Warm B,299783,1778,1777,195,132,0,0.010230589
Warm B,113440,735,734,195,132,0,0.00445728
Warm B,103505,687,686,195,132,0,0.0063534747
Warm B,99037,660,659,195,132,0,0.011794296
Warm B,314203,1875,1874,195,132,1,0.005973342
Warm B,697721,4169,4168,195,132,0,0.008401465
Warm B,239249,1448,1447,195,132,0,0.0030191098
Warm B,191360,1181,1180,195,132,0,0.006446689
Warm B,77816,524,523,195,132,0,0.0051089018
Warm B,76779,520,519,195,132,0,0.00833646
Warm B,69648,467,466,195,132,0,-0.00044118403
Warm B,60197,409,408,195,132,0,0.0074380618
Warm B,201755,1242,1241,195,132,0,0.015793785
Warm B,228493,1383,1382,195,132,0,0.009824689
Warm B,78641,528,527,195,132,1,0.011168206
Warm B,47566,319,318,195,132,1,0.004600238
Warm B,39592,268,267,195,132,1,-0.0016828261
Warm B,22609,163,162,195,132,0,0.01142351
Warm B,6270,45,44,195,132,0,0.017403968
Warm B,3498,26,25,195,132,0,0.006135607
Warm B,79670,531,530,195,132,0,0.008655733
Warm B,659256,3971,3970,195,132,1,0.014728024
Warm B,893475,5394,5393,195,132,0,0.006041819
Warm B,122681,791,790,195,132,0,0.0044888016
Warm B,682703,4085,4084,195,132,1,0.0052959668
Warm B,102551,678,677,195,132,0,0.008652006
Warm B,883497,5333,5332,195,132,0,-0.005931914
Warm B,336281,1980,1979,195,132,0,0.009207261
Warm B,187785,1164,1163,195,132,1,0.014786936
Warm B,116531,752,751,195,132,1,0.0095223915
Warm B,295744,1755,1754,195,132,0,0.000614685
Warm B,193856,1194,1193,195,132,1,0.002391613
Warm B,974713,5878,5877,195,132,1,0.009400441
Warm B,354284,2073,2072,199,135,1,0.0028840695
Warm B,258581,1584,1583,199,135,0,0.007857081
Warm B,225119,1361,1360,199,135,1,-0.002167953
Warm B,325561,1926,1925,199,135,1,0.009927658
Warm B,218108,1322,1321,199,135,1,0.0028221984
Warm B,207089,1266,1265,199,135,1,0.0020748493
Warm B,592161,3610,3609,199,135,0,0.012692407
Warm B,308171,1836,1835,199,135,1,0.0027034702
Warm B,308884,1837,1836,199,135,1,0.004901367
Warm B,185696,1150,1149,199,135,1,0.009719489
Warm B,182882,1140,1139,199,135,0,-0.00026980136
Warm B,168651,1069,1068,199,135,1,0.010577816
Warm B,270492,1636,1635,199,135,0,-0.0026902463
Warm B,158578,1015,1014,199,135,1,0.0067729503
Warm B,153578,986,985,199,135,1,-0.00092991395
Warm B,144556,931,930,199,135,0,0.00040866924
Warm B,138729,889,888,199,135,0,0.007611454
Warm B,318995,1896,1895,199,135,0,-0.003179633
Warm B,131320,850,849,199,135,1,0.009117261
Warm B,240442,1449,1448,199,135,1,0.021166958
Warm B,779135,4653,4652,199,135,0,0.007994135
Warm B,107376,706,705,199,135,1,0.005839173
Warm B,100982,673,672,199,135,0,-0.0040590437
Warm B,317003,1884,1883,199,135,1,0.010496166
Warm B,432221,2634,2633,199,135,1,0.0053037405
Warm B,59942,408,407,199,135,1,-0.003005119
Warm B,41469,281,280,199,135,0,0.007085529
Warm B,35323,238,237,199,135,0,0.008666577
Warm B,199894,1227,1226,199,135,0,0.0033267203
Warm B,365268,2125,2124,199,135,1,0.0057561295
Warm B,26486,187,186,199,135,1,0.010805571
Warm B,34764,235,234,199,135,1,0.0120079275
Warm B,21168,155,154,199,135,1,-0.00488305
Warm B,133673,864,863,199,135,1,0.0061499123
Warm B,10802,78,77,199,135,1,0.008231436
Warm B,7817,53,52,199,135,1,0.008544588
Warm B,506,6,5,199,135,1,0.0058117537
Warm B,76427,518,517,199,135,1,0.0079260515
Warm B,276420,1671,1670,199,135,1,0.013991576
Warm B,94630,635,634,199,135,1,0.0019501946
Warm B,605340,3679,3678,199,135,0,-0.0015081093
Warm B,284929,1699,1698,199,135,1,-0.0030065048
Warm B,484352,2980,2979,199,135,1,0.0021491607
Warm B,631779,3821,3820,199,135,0,0.012940065
Warm B,421189,2544,2543,199,135,0,0.007873137
Warm B,161417,1029,1028,199,135,1,0.0012153145
Warm B,801809,4802,4801,199,135,1,0.009173637
Warm B,535128,3301,3300,199,135,1,0.0008219606
Warm B,978821,5902,5901,199,135,1,0.00020062248
Warm B,287843,1717,1716,199,135,1,0.011474189
Warm B,322651,1912,1911,199,135,0,0.013213972
Warm B,208933,1274,1273,199,135,1,0.011291114
Warm B,916961,5539,5538,199,135,1,0.009776056
Warm B,384770,2247,2246,199,135,1,0.010223765
Warm B,841577,5054,5053,199,135,0,0.012162347
Warm B,769118,4579,4578,199,135,1,0.006199067
Warm B,8830,59,58,199,135,0,0.008212137
Warm B,348892,2047,2046,205,138,1,0.010903528
Warm B,144804,934,933,205,138,1,0.02030171
Warm B,199330,1224,1223,205,138,0,0.01359559
Warm B,360581,2106,2105,205,138,1,0.012396995
Warm B,127243,822,821,205,138,1,0.0045902664
Warm B,329186,1943,1942,205,138,1,0.00053000334
Warm B,695979,4169,4168,205,138,0,0.020137258
Warm B,183111,1141,1140,205,138,0,0.009660303
Warm B,233968,1422,1421,205,138,0,0.009612744
Warm B,238710,1448,1447,205,138,1,0.007918159
Warm B,44984,303,302,205,138,1,0.009727176
Warm B,50114,331,330,205,138,1,0.0027955584
Warm B,26398,187,186,205,138,1,-0.0022101952
Warm B,795984,4771,4770,205,138,0,0.01073534
Warm B,274687,1660,1659,205,138,1,-0.002407731
Warm B,49378,329,328,205,138,0,0.013480537
Warm B,6442,45,44,205,138,0,0.009375395
Warm B,10774,78,77,205,138,0,0.0029916062
Warm B,89174,588,587,205,138,1,0.00025085238
Warm B,157927,1015,1014,205,138,0,0.0059072366
Warm B,901384,5450,5449,205,138,0,0.008702561
Warm B,878930,5312,5311,205,138,1,0.011309147
Warm B,206272,1265,1264,205,138,0,0.01055178
Warm B,739362,4418,4417,205,138,1,0.010485061
Warm B,804252,4816,4815,205,138,1,0.013652749
Warm B,157929,1015,1014,206,139,1,0.011227217
Warm B,185032,1150,1149,206,139,1,0.018465325
Warm B,139360,891,890,206,139,0,0.0072001577
Warm B,127939,826,825,206,139,0,0.0062532173
Warm B,119088,770,769,206,139,0,0.018784918
Warm B,82208,546,545,206,139,1,0.0012883737
Warm B,238711,1448,1447,206,139,1,0.013998823
Warm B,589591,3596,3595,206,139,1,0.0109357145
Warm B,132331,855,854,206,139,0,0.014865859
Warm B,42087,285,284,206,139,0,0.008160356
Warm B,34705,235,234,206,139,0,0.001575069
Warm B,33465,225,224,206,139,0,0.019469392
Warm B,24040,171,170,206,139,1,0.0020233681
Warm B,133616,864,863,206,139,1,0.00613623
Warm B,210038,1284,1283,206,139,0,0.004556482
Warm B,18082,139,138,206,139,1,0.009678946
Warm B,317571,1889,1888,206,139,1,0.010575958
Warm B,115986,752,751,206,139,1,0.014433473
Warm B,287633,1717,1716,206,139,1,0.00023672194
Warm B,329189,1943,1942,206,139,1,0.012692909
Warm B,234820,1425,1424,206,139,1,0.015176699
Warm B,891457,5387,5386,206,139,0,0.008636206
Warm B,437910,2676,2675,213,142,1,0.0014024621
Warm B,432087,2634,2633,213,142,1,0.014628913
Warm B,428538,2608,2607,213,142,0,0.0053500887
Warm B,422245,2556,2555,213,142,1,0.007500184
Warm B,420870,2544,2543,213,142,1,0.01028892
Warm B,411852,2476,2475,213,142,1,0.0061254557
Warm B,422298,2557,2556,213,142,1,0.0011282847
Warm B,413159,2485,2484,213,142,0,0.005435613
Warm B,390649,2293,2292,213,142,1,0.019252058
Warm B,386320,2259,2258,213,142,1,0.010215004
Warm B,383122,2238,2237,213,142,0,0.0038294904
Warm B,371398,2171,2170,213,142,1,0.0057553686
Warm B,347092,2036,2035,213,142,1,-0.004915489
Warm B,342297,2015,2014,213,142,0,0.023071911
Warm B,325281,1926,1925,213,142,1,0.013297829
Warm B,318626,1894,1893,213,142,1,0.00097369845
Warm B,316179,1883,1882,213,142,1,0.0072699543
Warm B,283991,1698,1697,213,142,1,0.014078133
Warm B,262673,1602,1601,213,142,1,0.0029455062
Warm B,256810,1571,1570,213,142,0,0.00083798706
Warm B,256521,1567,1566,213,142,0,0.010130783
Warm B,565459,3475,3474,213,142,1,0.014171667
Warm B,222889,1350,1349,213,142,0,0.0056545143
Warm B,218257,1323,1322,213,142,1,0.012463707
Warm B,209736,1281,1280,213,142,0,0.0005416949
Warm B,200196,1229,1228,213,142,1,0.0040642195
Warm B,243782,1470,1469,213,142,0,0.011210252
Warm B,294207,1749,1748,213,142,0,0.011747992
Warm B,195313,1203,1202,213,142,1,0.016311157
Warm B,307295,1835,1834,213,142,1,0.017447576
Warm B,180207,1128,1127,213,142,1,0.010105377
Warm B,199340,1224,1223,213,142,1,0.014536895
Warm B,201427,1242,1241,213,142,1,0.007264531
Warm B,168313,1069,1068,213,142,0,0.012928751
Warm B,163551,1049,1048,213,142,1,-0.0020267412
Warm B,163715,1050,1049,213,142,0,0.009942455
Warm B,163079,1041,1040,213,142,1,-0.0015608976
Warm B,227845,1382,1381,213,142,1,0.004283099
Warm B,147717,952,951,213,142,1,0.007924773
Warm B,154576,998,997,213,142,1,0.010274965
Warm B,140847,905,904,213,142,1,0.011213385
Warm B,100770,673,672,213,142,1,0.0049017384
Warm B,176796,1117,1116,213,142,1,0.011132853
Warm B,97752,655,654,213,142,0,0.017551338
Warm B,75669,515,514,213,142,1,0.0076714647
Warm B,72907,493,492,213,142,1,0.0048941593
Warm B,66720,446,445,213,142,1,0.013315032
Warm B,111410,725,724,213,142,1,0.007530768
Warm B,39357,267,266,213,142,0,0.015669726
Warm B,37877,259,258,213,142,1,0.01320264
Warm B,33472,225,224,213,142,1,0.005749518
Warm B,17927,138,137,213,142,1,0.0013221754
Warm B,810292,4861,4860,213,142,1,0.016763262
Warm B,167091,1063,1062,213,142,1,-0.009590052
Warm B,605155,3679,3678,213,142,0,0.005378403
Warm B,249797,1505,1504,213,142,0,0.0064737275
Warm B,835082,5019,5018,213,142,1,0.009882646
Warm B,312813,1865,1864,213,142,1,0.017785393
Warm B,319225,1897,1896,213,142,1,0.0074866
Warm B,287639,1717,1716,213,142,0,0.015316461
Warm B,256062,1561,1560,213,142,1,0.008336382
Warm B,241057,1451,1450,213,142,1,0.0058173146
Warm B,790330,4728,4727,213,142,1,0.014492819
Warm B,574652,3518,3517,215,143,1,0.004486028
Warm B,659088,3971,3970,215,143,1,0.011718493
Warm B,493298,3031,3030,215,143,1,0.013389037
Warm B,490203,3017,3016,215,143,0,0.009181282
Warm B,484905,2986,2985,215,143,0,0.0008455729
Warm B,475077,2916,2915,215,143,1,0.0069262236
Warm B,474642,2913,2912,215,143,1,0.0043871915
Warm B,852566,5113,5112,215,143,1,0.0050506797
Warm B,465594,2872,2871,215,143,0,-0.0013615489
Warm B,462515,2854,2853,215,143,0,0.0049015977
Warm B,458881,2825,2824,215,143,1,0.003921873
Warm B,559854,3441,3440,215,143,0,0.0063353134
Warm B,450681,2777,2776,215,143,1,0.012353519
Warm B,449857,2774,2773,215,143,0,0.004242939
Warm B,458474,2822,2821,215,143,1,0.0016505492
Warm B,444066,2738,2737,215,143,1,0.009652362
Warm B,439368,2684,2683,215,143,0,0.0028408887
Warm B,433121,2641,2640,215,143,1,-0.003932498
Warm B,416457,2507,2506,215,143,1,0.017886005
Warm B,408081,2453,2452,215,143,1,0.0061287433
Warm B,392772,2306,2305,215,143,1,0.009055371
Warm B,330510,1951,1950,215,143,0,0.008374601
Warm B,332977,1963,1962,215,143,1,0.0042297766
Warm B,286464,1711,1710,215,143,1,-0.003996141
Warm B,326700,1937,1936,215,143,1,-0.0040537445
Warm B,285785,1705,1704,215,143,1,0.0048476425
Warm B,310072,1845,1844,215,143,0,0.00952771
Warm B,267516,1626,1625,215,143,1,0.008819114
Warm B,235516,1426,1425,215,143,1,0.0073023806
Warm B,214728,1303,1302,215,143,1,-0.00027341465
Warm B,210722,1285,1284,215,143,1,0.006633061
Warm B,200815,1235,1234,215,143,1,0.0041238847
Warm B,202383,1244,1243,215,143,1,0.007812717
Warm B,308475,1837,1836,215,143,1,0.01230166
Warm B,194115,1196,1195,215,143,1,0.004090731
Warm B,338018,1988,1987,215,143,1,-0.00424181
Warm B,373908,2181,2180,215,143,0,0.011080302
Warm B,185048,1150,1149,215,143,0,0.008993372
Warm B,316181,1883,1882,215,143,0,-0.004454658
Warm B,307296,1835,1834,215,143,1,0.009731786
Warm B,179965,1127,1126,215,143,1,-4.2901374e-05
Warm B,201431,1242,1241,215,143,0,0.0017937887
Warm B,174476,1103,1102,215,143,1,0.011222947
Warm B,263121,1605,1604,215,143,0,0.0087975245
Warm B,168316,1069,1068,215,143,1,0.008275111
Warm B,334494,1974,1973,215,143,1,0.010120661
Warm B,190625,1181,1180,215,143,1,0.012938162
Warm B,186055,1151,1150,215,143,1,0.014473266
Warm B,154183,995,994,215,143,1,0.0005825339
Warm B,143273,924,923,215,143,1,0.013511188
Warm B,140848,905,904,215,143,1,0.01039776
Warm B,139364,891,890,215,143,1,-0.0003619087
Warm B,137982,889,888,215,143,0,0.009932543
Warm B,131800,854,853,215,143,1,-0.002857712
Warm B,351564,2063,2062,215,143,0,0.01618231
Warm B,187546,1164,1163,215,143,1,0.010332077
Warm B,283992,1698,1697,215,143,1,0.0029227426
Warm B,432088,2634,2633,215,143,1,0.0130269285
Warm B,85232,556,555,215,143,1,0.0071114795
Warm B,77311,524,523,215,143,1,0.013506702
Warm B,83981,550,549,215,143,1,0.005328102
Warm B,299506,1778,1777,215,143,1,0.010943523
Warm B,72908,493,492,215,143,1,0.0049542612
Warm B,132338,855,854,215,143,1,0.005389658
Warm B,50128,331,330,215,143,1,0.0048871404
Warm B,88746,587,586,215,143,0,3.1150877e-05
Warm B,33474,225,224,215,143,0,0.008107818
Warm B,228103,1383,1382,215,143,0,0.01315198
Warm B,22501,163,162,215,143,0,0.0072088162
Warm B,111611,727,726,215,143,1,0.0054252846
Warm B,6160,45,44,215,143,0,-0.002613031
Warm B,5423,38,37,215,143,0,0.011535887
Warm B,270,5,4,215,143,0,0.0029685302
Warm B,79226,531,530,215,143,0,0.005180299
Warm B,157945,1015,1014,215,143,1,0.0077378782
Warm B,286614,1712,1711,215,143,0,0.012110401
Warm B,129272,839,838,215,143,1,0.0054859365
Warm B,203648,1252,1251,215,143,1,0.006424397
Warm B,892859,5394,5393,215,143,1,0.0100629525
Warm B,241058,1451,1450,215,143,1,0.016856834
Warm B,20752,151,150,215,143,1,0.0025599792
Warm B,129903,840,839,215,143,1,0.002890893
Warm B,45911,308,307,215,143,0,0.0066500474
Warm B,795990,4771,4770,215,143,0,0.0121508865
Warm B,154086,993,992,215,143,0,0.016628075
Warm B,222558,1347,1346,215,143,1,0.010701409
Warm B,561879,3457,3456,215,143,0,0.0037364927
Warm B,312814,1865,1864,215,143,0,0.010353148
Warm B,290052,1733,1732,215,143,1,0.0122700315
Warm B,475431,2918,2917,215,143,1,0.010364179
Warm B,344791,2023,2022,215,143,1,0.009978175
Warm B,561501,3454,3453,215,143,1,0.014305659
Warm B,335644,1980,1979,215,143,1,0.01293353
Warm B,178588,1121,1120,215,143,1,0.003593977
Warm B,256063,1561,1560,215,143,1,-0.00027787226
Warm B,27558,193,192,215,143,1,0.006620451
Warm B,261652,1599,1598,215,143,0,-0.00055104925
Warm B,114215,743,742,215,143,1,0.0074299667
Warm B,777680,4647,4646,215,143,0,0.0082911085
Warm B,491165,3020,3019,215,143,0,0.00091691734
Warm B,948956,5733,5732,217,145,0,0.009479757
Warm B,331430,1958,1957,217,145,0,0.0026453282
Warm B,129904,840,839,217,145,0,-4.4103712e-05
Warm B,295580,1755,1754,217,145,0,0.008580235
Warm B,677735,4062,4061,218,146,0,-0.006235635
Warm B,664582,4001,4000,218,146,1,0.0033284544
Warm B,660358,3981,3980,218,146,0,0.005473531
Warm B,660842,3985,3984,218,146,0,0.010753694
Warm B,656547,3957,3956,218,146,0,0.008313466
Warm B,661255,3988,3987,218,146,1,-0.006148637
Warm B,642706,3868,3867,218,146,0,0.0056926142
Warm B,647635,3900,3899,218,146,0,0.0022639835
Warm B,634761,3829,3828,218,146,0,0.0027228408
Warm B,633927,3825,3824,218,146,0,0.009633733
Warm B,629217,3808,3807,218,146,0,0.0023512873
Warm B,637884,3841,3840,218,146,0,-0.0050016586
Warm B,621469,3763,3762,218,146,0,0.0031658474
Warm B,734897,4388,4387,218,146,1,0.0058062025
Warm B,612445,3713,3712,218,146,1,0.010029876
Warm B,726384,4345,4344,218,146,0,0.009035408
Warm B,725191,4344,4343,218,146,0,0.00729586
Warm B,589029,3592,3591,218,146,1,-0.0037356573
Warm B,579137,3539,3538,218,146,1,0.004581827
Warm B,575200,3519,3518,218,146,1,0.00029838446
Warm B,562473,3462,3461,218,146,0,-0.0019484251
Warm B,542081,3336,3335,218,146,0,0.00013313931
Warm B,535854,3308,3307,218,146,0,0.00022566144
Warm B,533129,3292,3291,218,146,0,0.0124176275
Warm B,522348,3224,3223,218,146,1,-0.0027906024
Warm B,574653,3518,3517,218,146,1,0.010259388
Warm B,502839,3087,3086,218,146,1,0.0084847035
Warm B,499246,3067,3066,218,146,1,0.008975966
Warm B,797555,4784,4783,218,146,0,-0.00022204034
Warm B,496849,3053,3052,218,146,0,0.016404685
Warm B,659090,3971,3970,218,146,1,-0.00067035947
Warm B,489522,3013,3012,218,146,1,0.009153322
Warm B,488634,3007,3006,218,146,1,0.0040633995
Warm B,484907,2986,2985,218,146,0,0.011448881
Warm B,529537,3272,3271,218,146,0,-0.0040839626
Warm B,475078,2916,2915,218,146,0,-0.002694765
Warm B,879813,5317,5316,218,146,0,0.003228351
Warm B,456386,2810,2809,218,146,0,0.015059714
Warm B,450684,2777,2776,218,146,0,0.001286418
Warm B,446115,2751,2750,218,146,0,-0.0061572995
Warm B,444571,2743,2742,218,146,0,0.0014285063
Warm B,443744,2737,2736,218,146,0,0.0007715048
Warm B,438787,2681,2680,218,146,0,0.014599631
Warm B,437025,2668,2667,218,146,1,0.001031753
Warm B,418538,2529,2528,218,146,0,0.0037945157
Warm B,404447,2419,2418,218,146,0,0.0074122148
Warm B,398993,2376,2375,218,146,0,0.0069667078
Warm B,398209,2368,2367,218,146,1,0.0023919782
Warm B,395089,2334,2333,218,146,0,0.008548849
Warm B,393847,2320,2319,218,146,0,-0.0004994243
Warm B,389911,2288,2287,218,146,0,0.0025896055
Warm B,385204,2251,2250,218,146,0,0.002225238
Warm B,372249,2174,2173,218,146,1,-0.0051422725
Warm B,362831,2116,2115,218,146,1,0.009816509
Warm B,355902,2085,2084,218,146,1,0.0023411221
Warm B,355314,2078,2077,218,146,0,0.0011650919
Warm B,358818,2100,2099,218,146,1,0.0052296957
Warm B,285786,1705,1704,218,146,1,-0.0025018873
Warm B,286228,1709,1708,218,146,0,0.015376065
Warm B,259366,1587,1586,218,146,0,0.0066517843
Warm B,264543,1609,1608,218,146,0,0.00044314307
Warm B,237037,1441,1440,218,146,1,0.0012256746
Warm B,231599,1404,1403,218,146,0,-0.002945125
Warm B,335647,1980,1979,218,146,0,-0.0038782936
Warm B,289240,1727,1726,218,146,1,0.0016195688
Warm B,360597,2106,2105,218,146,0,0.0014660803
Warm B,278863,1680,1679,218,146,0,-0.0009905079
Warm B,304753,1812,1811,218,146,1,-0.0024393618
Warm B,192316,1184,1183,218,146,0,0.0053180708
Warm B,188881,1172,1171,218,146,0,-0.0025033634
Warm B,185050,1150,1149,218,146,0,-0.0019465531
Warm B,201432,1242,1241,218,146,0,0.012682821
Warm B,179491,1125,1124,218,146,1,0.00037478353
Warm B,331432,1958,1957,218,146,0,0.009871998
Warm B,263124,1605,1604,218,146,1,0.0078762425
Warm B,168317,1069,1068,218,146,0,-0.0041322038
Warm B,167744,1068,1067,218,146,0,0.0112693
Warm B,327798,1941,1940,218,146,1,-0.0017815868
Warm B,163717,1050,1049,218,146,0,0.0018993819
Warm B,272085,1645,1644,218,146,1,0.009386968
Warm B,189291,1173,1172,218,146,0,0.0023611335
Warm B,160840,1022,1021,218,146,1,-0.011906681
Warm B,153635,987,986,218,146,1,0.0023045265
Warm B,270800,1639,1638,218,146,1,0.008019322
Warm B,137985,889,888,218,146,0,-0.009475702
Warm B,351567,2063,2062,218,146,1,0.008747892
Warm B,124448,801,800,218,146,0,-0.0032304544
Warm B,112349,731,730,218,146,0,0.0059094634
Warm B,103031,683,682,218,146,0,0.0043262294
Warm B,116008,752,751,218,146,0,0.007271836
Warm B,97753,655,654,218,146,0,0.0010782524
Warm B,332552,1962,1961,218,146,0,-0.0019099442
Warm B,90233,595,594,218,146,1,0.00029019907
Warm B,85536,558,557,218,146,0,0.00038061338
Warm B,291238,1737,1736,218,146,0,-0.008088136
Warm B,82216,546,545,218,146,1,0.0039633065
Warm B,228104,1383,1382,218,146,1,-0.0030328284
Warm B,77315,524,523,218,146,1,0.0046264273
Warm B,76120,517,516,218,146,1,0.0053221835
Warm B,238726,1448,1447,218,146,1,0.00814919
Warm B,70108,474,473,218,146,0,0.00048943283
Warm B,60341,410,409,218,146,0,0.012643521
Warm B,251094,1516,1515,218,146,0,-0.004987846
Warm B,59130,402,401,218,146,0,-0.0040689195
Warm B,56251,375,374,218,146,0,0.0062179356
Warm B,333765,1969,1968,218,146,1,0.008235948
Warm B,132340,855,854,218,146,0,0.006659646
Warm B,696003,4169,4168,218,146,0,0.0034772386
Warm B,39544,268,267,218,146,1,0.009850408
Warm B,29183,199,198,218,146,0,0.0036193437
Warm B,26410,187,186,218,146,1,0.0009044232
Warm B,234832,1425,1424,218,146,1,-0.0016988316
Warm B,500441,3074,3073,218,146,1,-0.0019573714
Warm B,16975,133,132,218,146,1,0.0040177302
Warm B,49395,329,328,218,146,1,0.0050629927
Warm B,6162,45,44,218,146,0,0.0051739616
Warm B,79229,531,530,218,146,0,-0.003807518
Warm B,276111,1671,1670,218,146,0,9.780028e-05
Warm B,157947,1015,1014,218,146,0,0.0012248233
Warm B,78347,528,527,218,146,0,0.000105817744
Warm B,892861,5394,5393,218,146,0,0.0026171105
Warm B,241061,1451,1450,218,146,0,0.009680688
Warm B,416458,2507,2506,218,146,0,-0.0007536659
Warm B,102071,678,677,218,146,1,0.0058608428
Warm B,88309,583,582,218,146,0,-0.00050058425
Warm B,134103,869,868,218,146,1,-0.003405677
Warm B,476278,2926,2925,218,146,0,0.0044226744
Warm B,216891,1317,1316,218,146,1,0.003048859
Warm B,916628,5539,5538,218,146,0,-0.0015288852
Warm B,657445,3963,3962,218,146,1,0.003848991
Warm B,193531,1194,1193,218,146,0,0.0031881446
Warm B,171411,1088,1087,218,146,0,-0.008437579
Warm B,769431,4582,4581,218,146,1,0.009523659
Warm B,974251,5878,5877,218,146,0,0.0039566057
Warm B,860046,5172,5171,218,146,0,0.0032413146
Warm B,497877,3056,3055,227,151,0,0.0036404724
Warm B,493940,3032,3031,227,151,1,0.0010401933
Warm B,472439,2907,2906,227,151,0,0.0008393279
Warm B,473397,2909,2908,227,151,1,-0.0008352082
Warm B,486952,2996,2995,227,151,0,0.01051197
Warm B,463146,2857,2856,227,151,0,0.0052581197
Warm B,453593,2793,2792,227,151,0,-0.0024907645
Warm B,450698,2777,2776,227,151,0,0.0018614861
Warm B,447865,2761,2760,227,151,0,0.00622168
Warm B,441680,2712,2711,227,151,1,-0.0047318107
Warm B,429833,2620,2619,227,151,0,0.002020259
Warm B,427446,2595,2594,227,151,1,0.009720575
Warm B,423411,2566,2565,227,151,0,0.0040606074
Warm B,408096,2453,2452,227,151,0,0.0006006486
Warm B,394494,2326,2325,227,151,0,0.005518083
Warm B,392039,2304,2303,227,151,1,0.006177854
Warm B,375047,2186,2185,227,151,1,0.007916769
Warm B,349490,2051,2050,227,151,0,0.006349256
Warm B,340522,2010,2009,227,151,0,0.0033889217
Warm B,321796,1909,1908,227,151,0,0.0019483273
Warm B,315060,1880,1879,227,151,0,0.0044577364
Warm B,297385,1764,1763,227,151,1,-0.0011208849
Warm B,288820,1726,1725,227,151,0,0.00541089
Warm B,265636,1613,1612,227,151,0,0.0056496956
Warm B,244635,1473,1472,227,151,0,-0.00044582598
Warm B,235814,1427,1426,227,151,0,1.0368647e-05
Warm B,244398,1472,1471,227,151,0,0.002095405
Warm B,227038,1377,1376,227,151,0,0.01023908
Warm B,220651,1338,1337,227,151,0,0.0017407612
Warm B,217558,1320,1319,227,151,0,0.008518663
Warm B,221209,1340,1339,227,151,0,0.0024477327
Warm B,243792,1470,1469,227,151,0,0.01739966
Warm B,193150,1193,1192,227,151,0,0.0028524466
Warm B,192322,1184,1183,227,151,0,0.0072561456
Warm B,190650,1181,1180,227,151,0,0.004076168
Warm B,173073,1097,1096,227,151,0,0.0054466557
Warm B,171429,1088,1087,227,151,0,-0.0031157993
Warm B,154788,999,998,227,151,0,0.008589894
Warm B,157458,1012,1011,227,151,0,0.0028490303
Warm B,276844,1675,1674,227,151,0,0.011423281
Warm B,136399,881,880,227,151,0,0.00938927
Warm B,135511,877,876,227,151,0,0.004621199
Warm B,202390,1244,1243,227,151,0,-0.00088050077
Warm B,121840,785,784,227,151,0,0.007273511
Warm B,120325,777,776,227,151,0,0.0043580565
Warm B,114772,746,745,227,151,0,0.0007126173
Warm B,96365,647,646,227,151,0,0.0072361757
Warm B,712846,4277,4276,227,151,0,-0.0029823452
Warm B,480046,2946,2945,227,151,0,-2.4845474e-05
Warm B,91161,604,603,227,151,0,0.00078350026
Warm B,150491,970,969,227,151,0,-0.00038585765
Warm B,291248,1737,1736,227,151,1,-0.004304447
Warm B,77329,524,523,227,151,0,0.012131251
Warm B,80086,533,532,227,151,0,0.0031935344
Warm B,68619,461,460,227,151,0,0.00014427304
Warm B,70115,474,473,227,151,1,0.0024529316
Warm B,239851,1449,1448,227,151,0,0.0057254145
Warm B,51448,338,337,227,151,0,0.0032145306
Warm B,55612,368,367,227,151,0,-0.00057252776
Warm B,38031,260,259,227,151,0,0.005147484
Warm B,29199,199,198,227,151,1,0.00027310988
Warm B,19415,148,147,227,151,1,0.0027360355
Warm B,27174,192,191,227,151,0,0.0031112141
Warm B,30509,204,203,227,151,0,0.0012755869
Warm B,78361,528,527,227,151,0,0.010966074
Warm B,599132,3648,3647,227,151,1,-0.0024745485
Warm B,62725,424,423,227,151,0,0.008447905
Warm B,587782,3589,3588,227,151,1,0.008601532
Warm B,941340,5682,5681,227,151,0,0.0039467504
Warm B,359294,2102,2101,229,152,0,0.0035270106
Warm B,359977,2105,2104,229,152,1,0.0127098365
Warm B,335668,1980,1979,229,152,0,0.009265835
Warm B,282569,1694,1693,229,152,1,0.0012156407
Warm B,282240,1693,1692,229,152,0,-0.0014383862
Warm B,278890,1680,1679,229,152,1,0.00977497
Warm B,333310,1968,1967,229,152,0,0.004150768
Warm B,296373,1758,1757,229,152,1,-0.0015882251
Warm B,211758,1288,1287,229,152,0,0.009949981
Warm B,203994,1255,1254,229,152,1,0.0074619763
Warm B,210741,1285,1284,229,152,1,0.00070006493
Warm B,210056,1284,1283,229,152,0,-0.003019162
Warm B,185063,1150,1149,229,152,1,0.0012533853
Warm B,307307,1835,1834,229,152,1,0.006100975
Warm B,183918,1146,1145,229,152,1,0.0032226015
Warm B,163729,1050,1049,229,152,0,0.007165901
Warm B,159930,1019,1018,229,152,0,0.0051022917
Warm B,131814,854,853,229,152,0,0.010840867
Warm B,223418,1354,1353,229,152,0,-0.0018002661
Warm B,107296,706,705,229,152,0,0.006770515
Warm B,696022,4169,4168,229,152,0,0.005886902
Warm B,284003,1698,1697,229,152,1,0.002308384
Warm B,89185,588,587,229,152,1,0.01001024
Warm B,77331,524,523,229,152,1,0.01461871
Warm B,72910,493,492,229,152,1,0.0069529624
Warm B,71890,482,481,229,152,0,0.0037346922
Warm B,98679,660,659,229,152,0,0.0056744115
Warm B,221210,1340,1339,229,152,0,-0.002320894
Warm B,28152,195,194,229,152,1,0.0059454916
Warm B,5051,36,35,229,152,1,-0.004887104
Warm B,296,5,4,229,152,0,0.005988037
Warm B,164393,1051,1050,229,152,1,0.005181768
Warm B,863851,5205,5204,229,152,0,0.0030921935
Warm B,140655,904,903,229,152,0,-0.0019897632
Warm B,892871,5394,5393,229,152,0,0.008902979
Warm B,110685,721,720,229,152,0,0.008953196
Warm B,828614,4979,4978,229,152,0,0.0040491917
Warm B,256064,1561,1560,229,152,1,0.010145437
Warm B,241071,1451,1450,229,152,1,-0.0008079652
Warm B,169899,1079,1078,229,152,0,-3.475987e-05
Warm B,484918,2986,2985,229,152,0,-0.0056106597
Warm B,245731,1484,1483,229,152,1,-0.003155836
Warm B,156680,1010,1009,229,152,0,0.0048396606
Warm B,285215,1701,1700,229,152,1,0.0002314644
Warm B,62726,424,423,229,152,1,-0.00017896353
Warm B,895651,5413,5412,229,152,1,0.005503251
Warm B,790341,4728,4727,229,152,1,0.002044144
Warm B,841050,5054,5053,229,152,0,0.0016182512
Warm B,550798,3392,3391,234,157,1,-0.0013031575
Warm B,575217,3519,3518,234,157,0,0.0101920925
Warm B,549933,3391,3390,234,157,0,0.0123641305
Warm B,542100,3336,3335,234,157,0,0.011493664
Warm B,536978,3311,3310,234,157,0,-0.0049493993
Warm B,535879,3308,3307,234,157,1,0.0046534576
Warm B,514823,3180,3179,234,157,0,0.005164712
Warm B,508533,3129,3128,234,157,0,0.0060488875
Warm B,574663,3518,3517,234,157,0,0.0022946945
Warm B,502077,3082,3081,234,157,0,0.0063453824
Warm B,467922,2885,2884,234,157,0,0.008837301
Warm B,459401,2829,2828,234,157,0,0.0021085409
Warm B,450708,2777,2776,234,157,1,0.00024796417
Warm B,450210,2776,2775,234,157,0,0.009800431
Warm B,444585,2743,2742,234,157,0,0.009244094
Warm B,435770,2664,2663,234,157,0,0.017537415
Warm B,420424,2541,2540,234,157,1,0.016756818
Warm B,419255,2533,2532,234,157,1,0.0057917377
Warm B,399452,2378,2377,234,157,1,0.0055593066
Warm B,392045,2304,2303,234,157,1,0.004187324
Warm B,385212,2251,2250,234,157,0,0.012196818
Warm B,377159,2203,2202,234,157,0,0.0076434584
Warm B,368308,2153,2152,234,157,0,0.006569908
Warm B,362858,2116,2115,234,157,0,0.011640931
Warm B,359307,2102,2101,234,157,0,0.0075902604
Warm B,355908,2085,2084,234,157,0,0.003007024
Warm B,361505,2109,2108,234,157,0,0.0038672085
Warm B,340531,2010,2009,234,157,0,0.00092266104
Warm B,350923,2060,2059,234,157,1,-0.0015873751
Warm B,287091,1714,1713,234,157,1,0.0054735797
Warm B,297393,1764,1763,234,157,0,0.0016528738
Warm B,262162,1600,1599,234,157,0,-0.006000516
Warm B,230074,1392,1391,234,157,0,0.011003824
Warm B,223422,1354,1353,234,157,0,0.0010508678
Warm B,289252,1727,1726,234,157,0,0.0058346093
Warm B,212827,1297,1296,234,157,0,0.009639329
Warm B,277524,1676,1675,234,157,0,0.009024775
Warm B,205271,1263,1262,234,157,0,0.006281036
Warm B,278910,1680,1679,234,157,1,0.0055403365
Warm B,243801,1470,1469,234,157,1,-0.00082859816
Warm B,193152,1193,1192,234,157,0,0.014757907
Warm B,188893,1172,1171,234,157,0,0.0055968547
Warm B,327842,1941,1940,234,157,0,0.0146767795
Warm B,161968,1033,1032,234,157,0,0.002681754
Warm B,189298,1173,1172,234,157,0,0.0038213604
Warm B,156692,1010,1009,234,157,0,0.0052688164
Warm B,136408,881,880,234,157,0,0.005280859
Warm B,135517,877,876,234,157,0,0.009904569
Warm B,332567,1962,1961,234,157,0,0.013382828
Warm B,124198,800,799,234,157,0,0.00598262
Warm B,360620,2106,2105,234,157,0,0.0061029578
Warm B,112362,731,730,234,157,0,0.017252602
Warm B,107810,710,709,234,157,0,0.0034337733
Warm B,98685,660,659,234,157,0,0.008276264
Warm B,96367,647,646,234,157,0,0.0014337641
Warm B,314045,1875,1874,234,157,0,0.0073830113
Warm B,631455,3821,3820,234,157,0,0.0064277328
Warm B,82931,549,548,234,157,1,0.017386869
Warm B,190669,1181,1180,234,157,0,0.012495984
Warm B,77339,524,523,234,157,0,0.015011148
Warm B,119116,770,769,234,157,0,0.0019147398
Warm B,81564,543,542,234,157,1,0.011414615
Warm B,68625,461,460,234,157,0,0.01131724
Warm B,65260,438,437,234,157,1,0.004779525
Warm B,251100,1516,1515,234,157,0,0.01406633
Warm B,57185,386,385,234,157,0,-0.0012778561
Warm B,132352,855,854,234,157,0,0.011206716
Warm B,696038,4169,4168,234,157,0,0.01447122
Warm B,32087,216,215,234,157,0,0.007051032
Warm B,299956,1779,1778,234,157,0,0.004687015
Warm B,3431,26,25,234,157,0,0.010880955
Warm B,6837,48,47,234,157,0,0.012751453
Warm B,354786,2077,2076,234,157,0,0.002468835
Warm B,966657,5831,5830,234,157,0,0.016107935
Warm B,326047,1930,1929,234,157,0,0.005847123
Warm B,974941,5880,5879,234,157,0,0.009106487
Warm B,264992,1611,1610,234,157,0,0.013382988
Warm B,102094,678,677,234,157,0,0.008407891
Warm B,537813,3312,3311,234,157,0,0.0018850319
Warm B,79256,531,530,234,157,0,0.015681341
Warm B,159942,1019,1018,234,157,0,0.0061421804
Warm B,71898,482,481,234,157,0,0.017325312
Warm B,331457,1958,1957,234,157,0,0.0033411859
Warm B,930357,5621,5620,234,157,1,0.00817486
Warm B,310586,1851,1850,234,157,0,0.0048096133
Warm B,923887,5580,5579,234,157,0,0.0068722973
Warm B,234849,1425,1424,234,157,0,-0.0012369747
Warm B,758479,4510,4509,239,161,1,0.0068144845
Warm B,579164,3539,3538,239,161,1,0.019082114
Warm B,744777,4448,4447,239,161,0,0.011438637
Warm B,570241,3499,3498,239,161,1,0.016429458
Warm B,562482,3462,3461,239,161,0,0.007936156
Warm B,557177,3423,3422,239,161,0,0.0071673947
Warm B,553181,3403,3402,239,161,0,0.00552538
Warm B,554432,3411,3410,239,161,0,0.0067944285
Warm B,689793,4126,4125,239,161,1,-0.0009296145
Warm B,543227,3345,3344,239,161,0,0.010028993
Warm B,532693,3290,3289,239,161,0,0.0081268195
Warm B,530645,3279,3278,239,161,0,0.006271185
Warm B,509458,3138,3137,239,161,0,0.007197648
Warm B,493956,3032,3031,239,161,1,0.012176478
Warm B,492005,3026,3025,239,161,0,0.0057930937
Warm B,487555,2999,2998,239,161,0,0.00220866
Warm B,477969,2934,2933,239,161,1,0.0065029673
Warm B,477449,2931,2930,239,161,0,0.007160539
Warm B,473414,2909,2908,239,161,0,0.015729224
Warm B,423118,2565,2564,239,161,0,0.008688883
Warm B,420615,2542,2541,239,161,1,0.008328163
Warm B,419683,2537,2536,239,161,0,0.010607185
Warm B,414318,2495,2494,239,161,0,0.0061195646
Warm B,399453,2378,2377,239,161,0,0.0092467945
Warm B,389920,2288,2287,239,161,0,0.00488588
Warm B,418558,2529,2528,239,161,1,0.015469519
Warm B,379883,2222,2221,239,161,1,-0.00020182645
Warm B,373377,2180,2179,239,161,0,0.007386642
Warm B,358827,2100,2099,239,161,0,0.0075226044
Warm B,345777,2029,2028,239,161,0,0.0009979154
Warm B,341485,2012,2011,239,161,0,0.009779749
Warm B,339469,2000,1999,239,161,1,0.015218217
Warm B,362862,2116,2115,239,161,1,0.00819934
Warm B,326963,1938,1937,239,161,1,0.012003535
Warm B,288090,1721,1720,239,161,0,-0.0068232054
Warm B,277529,1676,1675,239,161,1,0.004828103
Warm B,272778,1647,1646,239,161,1,0.012776668
Warm B,257023,1574,1573,239,161,0,-0.0037201263
Warm B,256596,1568,1567,239,161,1,0.00878812
Warm B,309251,1841,1840,239,161,0,0.0058233864
Warm B,360622,2106,2105,239,161,0,0.0076742973
Warm B,321235,1904,1903,239,161,0,0.0069304556
Warm B,247305,1495,1494,239,161,0,0.003684165
Warm B,216187,1312,1311,239,161,0,0.011179211
Warm B,216390,1314,1313,239,161,0,0.0032310132
Warm B,278914,1680,1679,239,161,1,0.0157939
Warm B,207736,1271,1270,239,161,0,0.011204209
Warm B,213367,1298,1297,239,161,0,0.0076492187
Warm B,235815,1427,1426,239,161,0,0.013970704
Warm B,236341,1434,1433,239,161,0,0.0060431054
Warm B,327844,1941,1940,239,161,0,0.006839461
Warm B,183132,1141,1140,239,161,0,0.00053393934
Warm B,178011,1120,1119,239,161,1,0.004524274
Warm B,172833,1096,1095,239,161,0,0.005214936
Warm B,272093,1645,1644,239,161,0,0.010095789
Warm B,155790,1004,1003,239,161,0,0.008648484
Warm B,165443,1054,1053,239,161,1,0.012133401
Warm B,146226,940,939,239,161,0,0.0001561594
Warm B,144832,934,933,239,161,0,0.01174011
Warm B,164403,1051,1050,239,161,1,0.022605881
Warm B,156694,1010,1009,239,161,0,0.012217494
Warm B,276855,1675,1674,239,161,0,0.0042629996
Warm B,138022,889,888,239,161,0,0.008718394
Warm B,137304,885,884,239,161,1,0.00562017
Warm B,136411,881,880,239,161,0,0.006095978
Warm B,133760,866,865,239,161,0,0.001551616
Warm B,134126,869,868,239,161,1,-0.00023145718
Warm B,263144,1605,1604,239,161,0,0.0082648285
Warm B,126524,817,816,239,161,1,0.011635581
Warm B,124200,800,799,239,161,1,0.0123753
Warm B,121052,780,779,239,161,0,0.0047595333
Warm B,234852,1425,1424,239,161,0,0.00788335
Warm B,107158,705,704,239,161,0,0.008527654
Warm B,109229,714,713,239,161,1,0.008472628
Warm B,94461,634,633,239,161,0,0.0029420117
Warm B,92209,614,613,239,161,1,0.008724896
Warm B,91501,606,605,239,161,0,0.0049381107
Warm B,87221,570,569,239,161,0,0.012954173
Warm B,81204,541,540,239,161,0,0.006685595
Warm B,84004,550,549,239,161,0,0.005088206
Warm B,75248,510,509,239,161,1,0.013016423
Warm B,73084,494,493,239,161,0,0.0015142949
Warm B,69613,467,466,239,161,0,0.0012783201
Warm B,87054,569,568,239,161,0,0.00722754
Warm B,65262,438,437,239,161,0,0.009370983
Warm B,64467,430,429,239,161,1,0.012587432
Warm B,41818,284,283,239,161,0,0.0038615342
Warm B,38304,261,260,239,161,0,0.011462413
Warm B,365175,2125,2124,239,161,0,0.009653481
Warm B,21783,158,157,239,161,1,0.008051475
Warm B,22553,163,162,239,161,0,0.015086862
Warm B,269819,1635,1634,239,161,0,0.014149506
Warm B,10518,75,74,239,161,1,0.00015695067
Warm B,6842,48,47,239,161,0,0.015285517
Warm B,233985,1422,1421,239,161,0,0.01302919
Warm B,439797,2688,2687,239,161,0,0.0111980215
Warm B,19440,148,147,239,161,1,0.0007901869
Warm B,552205,3401,3400,239,161,1,0.015022075
Warm B,139150,890,889,239,161,1,0.0005817786
Warm B,28186,195,194,239,161,1,0.014699405
Warm B,12011,92,91,239,161,1,0.009455076
Warm B,376339,2195,2194,239,161,0,0.012632921
Warm B,40011,271,270,239,161,0,0.0054275705
Warm B,344799,2023,2022,239,161,1,0.013043826
Warm B,54513,355,354,239,161,0,0.0027823185
Warm B,456395,2810,2809,239,161,0,0.0038377265
Warm B,171445,1088,1087,239,161,0,0.013928742
Warm B,865892,5222,5221,239,161,0,0.009810931
Warm B,117893,760,759,242,162,1,0.01852522
Warm B,116043,752,751,242,162,0,0.018099133
Warm B,91941,611,610,242,162,0,0.007141416
Warm B,288571,1724,1723,242,162,1,0.0063272766
Warm B,74709,509,508,242,162,0,0.007286252
Warm B,132357,855,854,242,162,0,0.0074737305
Warm B,696049,4169,4168,242,162,1,0.012651775
Warm B,34134,230,229,242,162,1,0.011253156
Warm B,199826,1227,1226,242,162,1,-0.0011910873
Warm B,734231,4387,4386,242,162,0,0.004156651
Warm B,26452,187,186,242,162,1,0.004610657
Warm B,17522,136,135,242,162,1,0.010511395
Warm B,7763,53,52,242,162,0,0.016167529
Warm B,94563,635,634,242,162,1,0.0018358689
Warm B,932510,5630,5629,242,162,1,0.0080061965
Warm B,20025,149,148,242,162,1,0.013563718
Warm B,607654,3688,3687,242,162,1,-0.00027567171
Warm B,17821,137,136,242,162,1,0.013727836
Warm B,287650,1717,1716,242,162,1,0.0038849374
Warm B,52171,343,342,242,162,1,0.0059004943
Warm B,467924,2885,2884,248,165,0,0.0010569463
Warm B,465347,2870,2869,248,165,0,0.006934887
Warm B,492611,3029,3028,248,165,0,0.008114448
Warm B,450717,2777,2776,248,165,1,-0.0033207408
Warm B,444589,2743,2742,248,165,1,-0.009158798
Warm B,466722,2878,2877,248,165,0,-2.5261194e-05
Warm B,564283,3471,3470,248,165,0,-0.0044865618
Warm B,420426,2541,2540,248,165,1,0.0009771769
Warm B,420193,2540,2539,248,165,1,-0.0032261035
Warm B,419689,2537,2536,248,165,0,0.0029154741
Warm B,419258,2533,2532,248,165,0,-0.0061218455
Warm B,417933,2525,2524,248,165,0,0.0026176325
Warm B,416477,2507,2506,248,165,1,-0.007947619
Warm B,384963,2249,2248,248,165,0,-0.003180703
Warm B,379886,2222,2221,248,165,0,0.00017674523
Warm B,377745,2205,2204,248,165,0,-0.007846039
Warm B,375518,2188,2187,248,165,0,0.0019640415
Warm B,370461,2166,2165,248,165,0,-0.0020142284
Warm B,366570,2136,2135,248,165,0,-0.0012481308
Warm B,355916,2085,2084,248,165,0,-0.0018568914
Warm B,361512,2109,2108,248,165,0,0.0019203406
Warm B,358829,2100,2099,248,165,0,0.0036721427
Warm B,345067,2024,2023,248,165,1,0.007853722
Warm B,297396,1764,1763,248,165,0,0.003709693
Warm B,281205,1687,1686,248,165,1,0.006189026
Warm B,278929,1680,1679,248,165,1,-0.0060097626
Warm B,264555,1609,1608,248,165,1,-0.0053335032
Warm B,309252,1841,1840,248,165,0,0.0072178096
Warm B,237042,1441,1440,248,165,0,-0.004557941
Warm B,217955,1322,1321,248,165,1,0.003922955
Warm B,210063,1284,1283,248,165,0,-0.00092862
Warm B,198784,1221,1220,248,165,0,0.00046634534
Warm B,185083,1150,1149,248,165,0,0.0017675755
Warm B,173578,1100,1099,248,165,0,-0.0024031566
Warm B,163739,1050,1049,248,165,0,-0.0025593243
Warm B,189302,1173,1172,248,165,0,-0.009342021
Warm B,165445,1054,1053,248,165,0,0.0015578119
Warm B,164412,1051,1050,248,165,0,7.47852e-05
Warm B,136415,881,880,248,165,0,0.0045896256
Warm B,351606,2063,2062,248,165,0,-0.0034456796
Warm B,124811,802,801,248,165,0,0.0019170917
Warm B,360626,2106,2105,248,165,0,0.007611491
Warm B,112371,731,730,248,165,1,0.0058584926
Warm B,105961,699,698,248,165,0,-0.0077138804
Warm B,299530,1778,1777,248,165,0,-0.0017751949
Warm B,239872,1449,1448,248,165,0,0.0045410446
Warm B,86550,566,565,248,165,0,0.0023326818
Warm B,119120,770,769,248,165,0,0.0004931772
Warm B,70713,476,475,248,165,1,0.0005351291
Warm B,65269,438,437,248,165,0,0.0014717295
Warm B,626633,3792,3791,248,165,0,-0.0011047523
Warm B,228136,1383,1382,248,165,0,0.0025986403
Warm B,52555,346,345,248,165,1,0.0014572162
Warm B,51811,340,339,248,165,1,0.0013468713
Warm B,132359,855,854,248,165,0,-4.7860085e-05
Warm B,44562,302,301,248,165,0,0.0079745315
Warm B,39575,268,267,248,165,0,0.0023757806
Warm B,38318,261,260,248,165,1,0.0025533126
Warm B,32118,216,215,248,165,0,0.0018367451
Warm B,27708,194,193,248,165,1,0.0043783975
Warm B,3455,26,25,248,165,0,0.008741508
Warm B,2619,22,21,248,165,0,0.008747343
Warm B,545263,3363,3362,248,165,1,-0.0018607117
Warm B,896,10,9,248,165,1,-0.0021742121
Warm B,107814,710,709,248,165,0,0.003510316
Warm B,237761,1447,1446,248,165,0,0.0020697925
Warm B,362871,2116,2115,248,165,0,0.0007007646
Warm B,567359,3483,3482,248,165,0,0.0047258697
Warm B,144835,934,933,248,165,0,-0.0005965112
Warm B,331463,1958,1957,248,165,0,0.011239212
Warm B,599147,3648,3647,248,165,0,-0.0069027194
Warm B,327857,1941,1940,248,165,0,0.0052887974
Warm B,251104,1516,1515,248,165,0,0.009139603
Warm B,28217,195,194,248,165,1,-0.0010296765
Warm B,354788,2077,2076,248,165,1,-0.009511834
Warm B,272784,1647,1646,248,165,0,-0.00069915387
Warm B,295587,1755,1754,248,165,0,0.0012384265
Warm B,272097,1645,1644,248,165,1,-0.004149571
Warm B,354792,2077,2076,255,169,0,0.015701387
Warm B,709722,4258,4257,255,169,0,0.009793001
Warm B,326052,1930,1929,255,169,0,0.012173386
Warm B,342333,2015,2014,255,169,1,0.005846886
Warm B,28240,195,194,255,169,0,0.0142817255
Warm B,351626,2063,2062,255,169,0,0.0068106246
Warm B,358440,2098,2097,257,171,0,0.007925084
Warm B,349822,2054,2053,257,171,0,0.008922121
Warm B,351628,2063,2062,257,171,0,0.009658191
Warm B,298653,1773,1772,257,171,1,0.0036115102
Warm B,295594,1755,1754,257,171,1,0.008803498
Warm B,265655,1613,1612,257,171,0,0.010984268
Warm B,315086,1880,1879,257,171,0,0.015450843
Warm B,264558,1609,1608,257,171,0,0.0066915867
Warm B,277549,1676,1675,257,171,0,0.0113723
Warm B,254325,1546,1545,257,171,1,0.0075246226
Warm B,278953,1680,1679,257,171,0,0.008437741
Warm B,193553,1194,1193,257,171,1,0.0041714916
Warm B,219783,1333,1332,257,171,0,0.0072178165
Warm B,331478,1958,1957,257,171,1,0.003911351
Warm B,183933,1146,1145,257,171,0,0.006973386
Warm B,165175,1053,1052,257,171,0,0.005505001
Warm B,170216,1084,1083,257,171,0,0.007689954
Warm B,185103,1150,1149,257,171,0,0.0035109227
Warm B,216919,1317,1316,257,171,0,0.011113282
Warm B,138058,889,888,257,171,0,0.009700587
Warm B,174989,1109,1108,257,171,0,0.0024773015
Warm B,105971,699,698,257,171,1,0.0072811283
Warm B,107824,710,709,257,171,0,0.014914857
Warm B,100108,669,668,257,171,0,0.008867254
Warm B,176828,1117,1116,257,171,0,0.0095811775
Warm B,239886,1449,1448,257,171,0,0.0064155133
Warm B,110708,721,720,257,171,1,0.0076957485
Warm B,299539,1778,1777,257,171,1,0.0057030395
Warm B,291270,1737,1736,257,171,1,0.009521459
Warm B,190695,1181,1180,257,171,0,0.010103689
Warm B,77356,524,523,257,171,0,0.014556344
Warm B,75358,512,511,257,171,1,-0.0027445573
Warm B,44589,302,301,257,171,0,0.010344926
Warm B,56987,385,384,257,171,0,0.0073978654
Warm B,27230,192,191,257,171,0,0.0006552893
Warm B,2636,22,21,257,171,0,0.0047544166
Warm B,1553,15,14,257,171,0,0.0009769857
Warm B,578191,3532,3531,257,171,1,0.00072470726
Warm B,104225,692,691,257,171,0,0.006803229
Warm B,696073,4169,4168,257,171,0,0.0070492667
Warm B,481728,2962,2961,257,171,0,0.0057298904
Warm B,19478,148,147,257,171,1,0.0011175675
Warm B,50207,331,330,257,171,0,0.003880981
Warm B,167095,1063,1062,257,171,0,0.0034816442
Warm B,439117,2683,2682,257,171,1,0.013700714
Warm B,150505,970,969,257,171,0,0.012504853
Warm B,567366,3483,3482,257,171,1,0.009940275
Warm B,413687,2489,2488,257,171,0,0.012045367
Warm B,11642,90,89,257,171,1,0.0044751437
Warm B,476299,2926,2925,257,171,0,0.008208802
Warm B,473439,2909,2908,257,171,1,0.0101535525
Warm B,561524,3454,3453,257,171,0,0.0112251695
Warm B,941356,5682,5681,257,171,1,0.016746186
Warm B,468340,2887,2886,257,171,0,0.013449511
Warm B,581747,3555,3554,258,172,0,0.0037870621
Warm B,573198,3511,3510,258,172,1,0.0072543602
Warm B,573472,3512,3511,258,172,0,0.005847658
Warm B,559061,3434,3433,258,172,0,0.008019221
Warm B,553326,3404,3403,258,172,1,0.002824971
Warm B,548959,3389,3388,258,172,0,0.010621504
Warm B,589849,3599,3598,258,172,0,-0.0040875045
Warm B,504126,3099,3098,258,172,0,0.007343369
Warm B,492016,3026,3025,258,172,0,0.0047701397
Warm B,489542,3013,3012,258,172,0,0.013672866
Warm B,517836,3196,3195,258,172,1,0.016083518
Warm B,471317,2900,2899,258,172,0,0.006827293
Warm B,466734,2878,2877,258,172,0,0.0073666675
Warm B,492622,3029,3028,258,172,0,0.0077488287
Warm B,474972,2915,2914,258,172,0,0.000843489
Warm B,438973,2682,2681,258,172,0,0.004089687
Warm B,450731,2777,2776,258,172,0,0.0076228334
Warm B,423418,2566,2565,258,172,0,0.0048061605
Warm B,463762,2858,2857,258,172,1,0.003876831
Warm B,396317,2344,2343,258,172,0,-0.0010277564
Warm B,391129,2299,2298,258,172,0,0.0021787933
Warm B,389928,2288,2287,258,172,0,0.0095017245
Warm B,389588,2284,2283,258,172,0,0.0037869867
Warm B,384058,2244,2243,258,172,0,0.0038889418
Warm B,376967,2202,2201,258,172,0,0.0060444046
Warm B,370680,2167,2166,258,172,0,0.0034955384
Warm B,370463,2166,2165,258,172,0,0.0062869387
Warm B,348403,2042,2041,258,172,0,0.006687437
Warm B,339778,2003,2002,258,172,0,0.0026972594
Warm B,300708,1781,1780,258,172,0,0.005296832
Warm B,268313,1630,1629,258,172,0,0.0040418897
Warm B,260364,1592,1591,258,172,1,0.002786678
Warm B,247307,1495,1494,258,172,0,0.0022519673
Warm B,227059,1377,1376,258,172,0,0.016723434
Warm B,224097,1356,1355,258,172,0,0.0030643945
Warm B,212835,1297,1296,258,172,0,0.004271861
Warm B,272796,1647,1646,258,172,0,0.009126851
Warm B,243822,1470,1469,258,172,0,0.014482513
Warm B,236347,1434,1433,258,172,0,-0.001516306
Warm B,198598,1220,1219,258,172,0,0.0032087844
Warm B,327882,1941,1940,258,172,0,5.731499e-05
Warm B,248738,1501,1500,258,172,1,0.006274757
Warm B,168340,1069,1068,258,172,0,0.0052299807
Warm B,276638,1673,1672,258,172,0,0.005036241
Warm B,227578,1380,1379,258,172,0,0.011716476
Warm B,165448,1054,1053,258,172,0,0.011116291
Warm B,146227,940,939,258,172,0,0.012569035
Warm B,138059,889,888,258,172,0,0.0045408364
Warm B,134144,869,868,258,172,0,0.008691486
Warm B,123849,798,797,258,172,1,0.0035620206
Warm B,123352,796,795,258,172,0,0.00424195
Warm B,120344,777,776,258,172,0,0.01089309
Warm B,360637,2106,2105,258,172,0,0.0049520475
Warm B,216395,1314,1313,258,172,0,0.0054212227
Warm B,299540,1778,1777,258,172,0,0.012901083
Warm B,362886,2116,2115,258,172,0,0.010411562
Warm B,96116,646,645,258,172,1,0.004732307
Warm B,93758,629,628,258,172,1,0.0011527089
Warm B,85789,560,559,258,172,1,0.0029905557
Warm B,85237,556,555,258,172,0,-0.0028766296
Warm B,70725,476,475,258,172,0,-0.0005124365
Warm B,69766,470,469,258,172,1,-0.0023079852
Warm B,65276,438,437,258,172,0,0.006028326
Warm B,75858,516,515,258,172,0,-8.921791e-05
Warm B,56106,372,371,258,172,1,0.008947616
Warm B,58105,392,391,258,172,0,0.0007433518
Warm B,29240,199,198,258,172,1,0.0014384226
Warm B,19479,148,147,258,172,0,0.008375663
Warm B,15045,119,118,258,172,0,0.007894103
Warm B,10526,75,74,258,172,1,0.009864332
Warm B,5612,40,39,258,172,0,-0.00093976175
Warm B,237776,1447,1446,258,172,0,0.003790224
Warm B,954201,5761,5760,258,172,0,0.0035101683
Warm B,12045,92,91,258,172,0,0.010862713
Warm B,241089,1451,1450,258,172,0,0.011745913
Warm B,376343,2195,2194,258,172,0,0.0054488257
Warm B,454552,2796,2795,258,172,0,0.007116662
Warm B,310601,1851,1850,258,172,0,0.00096476404
Warm B,40031,271,270,258,172,0,-0.0068739047
Warm B,255478,1556,1555,258,172,0,0.011158936
Warm B,456401,2810,2809,258,172,0,0.0118856495
Warm B,206288,1265,1264,258,172,0,0.00047811773
Warm B,52182,343,342,258,172,1,0.0034691922
Warm B,171467,1088,1087,258,172,0,0.005192806
Warm B,324903,1925,1924,259,173,1,-0.002783772
Warm B,295991,1757,1756,259,173,0,0.001112906
Warm B,265656,1613,1612,259,173,0,0.0026595737
Warm B,185104,1150,1149,259,173,0,-0.0023411037
Warm B,307333,1835,1834,259,173,0,-0.009472077
Warm B,210776,1285,1284,259,173,1,0.0037034028
Warm B,183934,1146,1145,259,173,0,-0.003586729
Warm B,168341,1069,1068,259,173,0,0.0013784335
Warm B,275468,1667,1666,259,173,0,0.00571338
Warm B,221231,1340,1339,259,173,0,-0.0030159783
Warm B,270817,1639,1638,259,173,0,0.0030659346
Warm B,156715,1010,1009,259,173,1,0.004715288
Warm B,335706,1980,1979,259,173,0,0.0008109156
Warm B,126533,817,816,259,173,0,0.008339284
Warm B,360638,2106,2105,259,173,0,-0.002565457
Warm B,100109,669,668,259,173,0,0.0078567965
Warm B,239887,1449,1448,259,173,0,0.0020121192
Warm B,631471,3821,3820,259,173,0,-0.0004239562
Warm B,696074,4169,4168,259,173,0,-0.0058577647
Warm B,104226,692,691,259,173,0,-0.00027788337
Warm B,308508,1837,1836,259,173,1,-0.009563006
Warm B,82954,549,548,259,173,1,-0.006424416
Warm B,77357,524,523,259,173,1,-0.0014521228
Warm B,197280,1211,1210,259,173,1,-0.002804278
Warm B,66279,443,442,259,173,0,-0.0018877531
Warm B,64188,429,428,259,173,0,-0.0070015816
Warm B,44592,302,301,259,173,0,0.0041234363
Warm B,29919,202,201,259,173,0,0.0045920485
Warm B,291271,1737,1736,259,173,0,0.0019407616
Warm B,27232,192,191,259,173,0,0.00017665443
Warm B,7791,53,52,259,173,1,0.009565988
Warm B,15646,123,122,259,173,0,-0.0084683355
Warm B,354794,2077,2076,259,173,0,-0.0028248685
Warm B,150506,970,969,259,173,0,-0.0011335723
Warm B,892893,5394,5393,259,173,0,-0.004160263
Warm B,966677,5831,5830,259,173,0,-0.0027534643
Warm B,264998,1611,1610,259,173,0,-0.0061720237
Warm B,413688,2489,2488,259,173,0,-0.001321063
Warm B,245737,1484,1483,259,173,1,0.0035389254
Warm B,50208,331,330,259,173,0,0.0012476139
Warm B,322231,1912,1911,259,173,0,-8.8679604e-05
Warm B,549955,3391,3390,259,173,0,0.011819588
Warm B,651331,3929,3928,262,176,0,0.008619092
Warm B,641554,3858,3857,262,176,1,0.0057396926
Warm B,630752,3816,3815,262,176,1,0.009118237
Warm B,726409,4345,4344,262,176,1,0.0022991854
Warm B,602637,3667,3666,262,176,1,0.0024423823
Warm B,591074,3606,3605,262,176,1,0.0010892618
Warm B,582752,3560,3559,262,176,1,0.004756727
Warm B,579190,3539,3538,262,176,0,0.003252813
Warm B,563666,3469,3468,262,176,1,0.0036545354
Warm B,535909,3308,3307,262,176,0,0.0064888126
Warm B,533190,3292,3291,262,176,1,0.009215827
Warm B,825524,4958,4957,262,176,0,0.0054473346
Warm B,830916,4995,4994,262,176,1,0.006502073
Warm B,524514,3234,3233,262,176,1,0.004337134
Warm B,522405,3224,3223,262,176,1,0.004500442
Warm B,512730,3163,3162,262,176,1,0.009648699
Warm B,506629,3118,3117,262,176,1,8.090865e-06
Warm B,502853,3087,3086,262,176,1,0.002098991
Warm B,712906,4277,4276,262,176,1,0.0040767025
Warm B,766012,4561,4560,262,176,1,0.0012837013
Warm B,633110,3824,3823,262,176,1,0.004405386
Warm B,485744,2990,2989,262,176,1,-0.002094638
Warm B,477989,2934,2933,262,176,1,0.0063806274
Warm B,478756,2938,2937,262,176,1,0.0034341784
Warm B,465967,2873,2872,262,176,0,0.0007311066
Warm B,455794,2807,2806,262,176,1,0.0068802843
Warm B,466740,2878,2877,262,176,1,0.016549448
Warm B,450741,2777,2776,262,176,0,2.80987e-05
Warm B,444949,2744,2743,262,176,0,0.005961848
Warm B,478554,2936,2935,262,176,1,0.009206846
Warm B,696095,4169,4168,262,176,0,0.0029382657
Warm B,437920,2676,2675,262,176,1,0.00029862265
Warm B,410423,2462,2461,262,176,1,0.00617073
Warm B,401763,2396,2395,262,176,0,0.0049710018
Warm B,400919,2389,2388,262,176,1,0.009355299
Warm B,400339,2383,2382,262,176,1,0.0071796924
Warm B,406779,2444,2443,262,176,1,0.0021492972
Warm B,381280,2230,2229,262,176,0,-0.0037956825
Warm B,377756,2205,2204,262,176,0,0.005413761
Warm B,354024,2073,2072,262,176,1,0.001002175
Warm B,339781,2003,2002,262,176,1,0.0013307311
Warm B,315101,1880,1879,262,176,1,0.009846736
Warm B,292866,1744,1743,262,176,1,0.009644859
Warm B,282251,1693,1692,262,176,0,0.0053048143
Warm B,236856,1439,1438,262,176,1,-0.0002595561
Warm B,348918,2047,2046,262,176,1,0.011100845
Warm B,231881,1406,1405,262,176,1,-0.0069697695
Warm B,225734,1367,1366,262,176,1,0.006540735
Warm B,228161,1383,1382,262,176,0,0.0059104487
Warm B,222730,1348,1347,262,176,1,0.011481222
Warm B,319256,1897,1896,262,176,1,0.013423405
Warm B,283496,1697,1696,262,176,1,0.0049662073
Warm B,213381,1298,1297,262,176,1,0.00838514
Warm B,194120,1196,1195,262,176,1,0.012283871
Warm B,185121,1150,1149,262,176,0,-0.00020325405
Warm B,183787,1145,1144,262,176,1,0.0010919713
Warm B,177511,1119,1118,262,176,1,0.015888177
Warm B,263179,1605,1604,262,176,1,0.0043433765
Warm B,169786,1078,1077,262,176,0,-0.00077682524
Warm B,168350,1069,1068,262,176,1,0.0005697255
Warm B,334525,1974,1973,262,176,1,0.0056789964
Warm B,159185,1017,1016,262,176,0,0.0072546094
Warm B,319989,1899,1898,262,176,1,0.006014403
Warm B,166947,1062,1061,262,176,1,-0.0039308453
Warm B,360652,2106,2105,262,176,0,0.0006990279
Warm B,384673,2247,2246,262,176,0,-0.0036212031
Warm B,129314,839,838,262,176,1,0.003117077
Warm B,124208,800,799,262,176,0,0.005981678
Warm B,349251,2050,2049,262,176,1,0.004361353
Warm B,112383,731,730,262,176,1,0.0075679654
Warm B,292755,1743,1742,262,176,1,0.009635318
Warm B,93762,629,628,262,176,1,0.0052096676
Warm B,169093,1073,1072,262,176,1,0.004764629
Warm B,85903,561,560,262,176,1,-0.0074318834
Warm B,85240,556,555,262,176,0,-0.002682343
Warm B,84761,551,550,262,176,0,0.0051484876
Warm B,84029,550,549,262,176,0,-0.006549072
Warm B,274191,1657,1656,262,176,1,0.004576898
Warm B,76638,520,519,262,176,1,0.0057833814
Warm B,70123,474,473,262,176,1,0.0074628945
Warm B,64931,436,435,262,176,1,0.007925156
Warm B,62781,424,423,262,176,1,0.011569381
Warm B,823723,4951,4950,262,176,1,0.002937705
Warm B,19500,148,147,262,176,1,0.0022659553
Warm B,10527,75,74,262,176,1,0.013297047
Warm B,2055,18,17,262,176,1,0.012440555
Warm B,104233,692,691,262,176,0,0.001418754
Warm B,206776,1266,1265,262,176,1,0.014315618
Warm B,28265,195,194,262,176,1,0.003719668
Warm B,347965,2041,2040,262,176,1,-0.0011023451
Warm B,73804,500,499,262,176,1,0.008217269
Warm B,158015,1015,1014,262,176,0,0.0060384795
Warm B,932513,5630,5629,262,176,1,-0.005103995
Warm B,181937,1137,1136,262,176,1,0.0070549934
Warm B,30561,204,203,262,176,1,0.004363003
Warm B,333785,1969,1968,262,176,1,0.0012240321
Warm B,734247,4387,4386,262,176,0,0.00565805
Warm B,829937,4983,4982,262,176,1,-0.00020674942
Warm B,272810,1647,1646,262,176,1,0.014104864
Warm B,309553,1842,1841,262,176,1,0.0035370055
Warm B,907609,5492,5491,262,176,1,0.010928537
Warm B,312836,1865,1864,262,176,1,-0.0020737944
Warm B,183148,1141,1140,262,176,0,0.008610746
Warm B,456409,2810,2809,262,176,0,0.0051426943
Warm B,322240,1912,1911,262,176,0,0.004408677
Warm B,795469,4765,4764,262,176,1,0.00044386345
Warm B,206297,1265,1264,262,176,1,0.0049134386
Warm B,739376,4418,4417,262,176,1,0.0076623484
Warm B,768669,4579,4578,262,176,0,0.013969075
Warm B,472034,2905,2904,262,176,1,0.006851145
Warm B,882895,5333,5332,262,176,0,0.011726102
Warm B,26000,184,183,262,176,1,0.0006782233
Warm B,613213,3716,3715,267,179,1,0.013302455
Warm B,605702,3681,3680,267,179,0,0.021392755
Warm B,616110,3729,3728,267,179,0,0.005535147
Warm B,596455,3626,3625,267,179,1,0.0075294953
Warm B,591506,3609,3608,267,179,0,0.004031459
Warm B,731161,4375,4374,267,179,1,0.011003546
Warm B,578613,3537,3536,267,179,1,0.006657142
Warm B,579192,3539,3538,267,179,1,0.0114243645
Warm B,567377,3483,3482,267,179,0,0.0035078977
Warm B,528635,3267,3266,267,179,0,0.0074640997
Warm B,532061,3285,3284,267,179,0,0.011259869
Warm B,537010,3311,3310,267,179,0,0.008601776
Warm B,515401,3182,3181,267,179,0,0.0060169376
Warm B,514846,3180,3179,267,179,0,-0.0062292917
Warm B,502085,3082,3081,267,179,0,0.00019840477
Warm B,516399,3189,3188,267,179,0,0.011172186
Warm B,493990,3032,3031,267,179,1,0.006749034
Warm B,492020,3026,3025,267,179,0,0.0021315115
Warm B,472479,2907,2906,267,179,0,0.0012407145
Warm B,496440,3051,3050,267,179,0,-0.0016772468
Warm B,518681,3201,3200,267,179,0,0.0043335147
Warm B,456410,2810,2809,267,179,1,0.008364715
Warm B,465969,2873,2872,267,179,0,0.012722287
Warm B,434402,2649,2648,267,179,0,0.0058152126
Warm B,450744,2777,2776,267,179,0,0.013773762
Warm B,420432,2541,2540,267,179,1,0.0071268515
Warm B,409555,2457,2456,267,179,0,0.0020588576
Warm B,399463,2378,2377,267,179,0,0.005085434
Warm B,355924,2085,2084,267,179,0,0.016259719
Warm B,351645,2063,2062,267,179,0,0.023900524
Warm B,341507,2012,2011,267,179,0,-0.0004991717
Warm B,340558,2010,2009,267,179,0,0.011226115
Warm B,323744,1920,1919,267,179,1,0.006470785
Warm B,358219,2097,2096,267,179,0,-0.0011596796
Warm B,227068,1377,1376,267,179,0,0.0082998
Warm B,213875,1299,1298,267,179,0,-0.0027168042
Warm B,289270,1727,1726,267,179,0,0.005854501
Warm B,277564,1676,1675,267,179,0,0.007675881
Warm B,205285,1263,1262,267,179,1,0.0122954175
Warm B,261687,1599,1598,267,179,0,0.010395607
Warm B,278970,1680,1679,267,179,0,0.014243623
Warm B,243838,1470,1469,267,179,0,0.008996474
Warm B,236351,1434,1433,267,179,1,0.0026164684
Warm B,173593,1100,1099,267,179,0,0.01280861
Warm B,167780,1068,1067,267,179,1,0.01492166
Warm B,255483,1556,1555,267,179,0,0.012797074
Warm B,155807,1004,1003,267,179,0,-0.0028862942
Warm B,121484,781,780,267,179,0,0.010453849
Warm B,105977,699,698,267,179,0,0.01804116
Warm B,109240,714,713,267,179,1,-0.0013015025
Warm B,98708,660,659,267,179,0,0.011737507
Warm B,360653,2106,2105,267,179,0,-3.9165607e-05
Warm B,93763,629,628,267,179,0,0.012834097
Warm B,190717,1181,1180,267,179,1,0.012641244
Warm B,81586,543,542,267,179,0,-0.0072367396
Warm B,73089,494,493,267,179,1,0.0021354891
Warm B,87060,569,568,267,179,1,0.0008215718
Warm B,63663,425,424,267,179,0,0.017866792
Warm B,57208,386,385,267,179,0,0.011285221
Warm B,239905,1449,1448,267,179,0,0.0075192032
Warm B,36563,245,244,267,179,0,0.018405112
Warm B,336953,1983,1982,267,179,0,0.0095616495
Warm B,54553,355,354,267,179,1,0.007891399
Warm B,234879,1425,1424,267,179,0,0.014998936
Warm B,3497,26,25,267,179,0,0.0018280086
Warm B,6900,48,47,267,179,0,0.0018601277
Warm B,389410,2282,2281,267,179,0,0.0061734053
Warm B,78388,528,527,267,179,0,0.0022887408
Warm B,354805,2077,2076,267,179,0,0.017163415
Warm B,152428,981,980,267,179,0,0.0039750556
Warm B,139157,890,889,267,179,1,0.0039610267
Warm B,28269,195,194,267,179,1,0.01774296
Warm B,342344,2015,2014,267,179,0,0.010065929
Warm B,362904,2116,2115,267,179,0,0.0033830607
Warm B,376348,2195,2194,267,179,1,0.025538992
Warm B,680589,4079,4078,267,179,0,0.0028467798
Warm B,134154,869,868,267,179,1,0.008878345
Warm B,717014,4294,4293,267,179,0,0.010176665
Warm B,892901,5394,5393,267,179,0,0.021404833
Warm B,272812,1647,1646,267,179,0,0.003170283
Warm B,152612,982,981,270,180,1,0.0019648161
Warm B,150521,970,969,270,180,0,0.018064447
Warm B,146005,938,937,270,180,0,0.010207899
Warm B,195363,1203,1202,270,180,0,0.0059408313
Warm B,138104,889,888,270,180,0,0.021244843
Warm B,131846,854,853,270,180,0,0.0044206083
Warm B,123693,797,796,270,180,1,-0.0029193077
Warm B,778842,4653,4652,270,180,0,0.009318919
Warm B,100120,669,668,270,180,0,0.0099760955
Warm B,696113,4169,4168,270,180,0,0.016394135
Warm B,153652,987,986,270,180,1,0.0053618876
Warm B,304803,1812,1811,270,180,1,0.015605571
Warm B,82986,549,548,270,180,0,0.018634168
Warm B,228170,1383,1382,270,180,0,0.015073116
Warm B,239924,1449,1448,270,180,0,0.02201313
Warm B,261696,1599,1598,270,180,0,0.008569099
Warm B,79301,531,530,270,180,0,0.014045528
Warm B,354818,2077,2076,270,180,0,0.019185722
Warm B,144853,934,933,270,180,0,0.011836952
Warm B,499313,3067,3066,271,181,1,-0.0058952738
Warm B,565501,3475,3474,271,181,0,0.00014995394
Warm B,790374,4728,4727,271,181,0,-0.0011116086
Warm B,696119,4169,4168,275,184,0,0.0127007
Warm B,29965,202,201,275,184,0,0.014007288
Warm B,79304,531,530,275,184,0,0.0051688193
Warm B,981,10,9,275,184,1,0.011435805
Warm B,354821,2077,2076,275,184,0,0.01227474
Warm B,370955,2168,2167,275,184,1,0.0054811956
Warm B,234895,1425,1424,275,184,0,0.0067059593
Warm B,102137,678,677,275,184,0,0.012484453
Warm B,134173,869,868,275,184,0,0.0076572862
Warm B,206308,1265,1264,275,184,0,0.018107263
Warm B,183161,1141,1140,275,184,0,0.010604297
Warm B,571008,3503,3502,275,184,0,0.0042248582
Warm B,599175,3648,3647,275,184,0,0.0032785581
Warm B,286650,1712,1711,275,184,0,0.0051173456
Warm B,136464,881,880,275,184,0,0.00055253226
Warm B,232526,1413,1412,275,184,0,0.0078627
Warm B,310626,1851,1850,275,184,0,0.011737799
Warm B,178047,1120,1119,275,184,0,0.0059032496
Warm B,214769,1303,1302,275,184,0,0.01243582
Warm B,549989,3391,3390,275,184,0,0.002157657
Warm B,870059,5256,5255,277,186,0,-0.00076515885
Warm B,468356,2887,2886,277,186,0,0.0072449953
Warm B,456420,2810,2809,277,186,0,0.001076699
Warm B,443436,2734,2733,277,186,1,-0.002297645
Warm B,466749,2878,2877,277,186,0,0.0038749208
Warm B,441484,2706,2705,277,186,1,-0.0010546198
Warm B,423131,2565,2564,277,186,0,-0.0059130886
Warm B,421958,2552,2551,277,186,1,-0.004069521
Warm B,418591,2529,2528,277,186,1,0.0001040895
Warm B,414519,2496,2495,277,186,0,-0.002279774
Warm B,436324,2665,2664,277,186,1,0.00038702576
Warm B,387242,2264,2263,277,186,0,-0.0030518149
Warm B,382813,2237,2236,277,186,1,0.007240354
Warm B,361546,2109,2108,277,186,0,-0.0039883703
Warm B,321860,1910,1909,277,186,0,0.0040510357
Warm B,257026,1574,1573,277,186,1,-0.0018939094
Warm B,255224,1553,1552,277,186,0,-0.0033298717
Warm B,306356,1825,1824,277,186,0,0.0038474258
Warm B,261701,1599,1598,277,186,1,0.00190581
Warm B,203539,1249,1248,277,186,0,-0.0005832702
Warm B,278998,1680,1679,277,186,0,0.007277468
Warm B,342361,2015,2014,277,186,0,-0.0040981835
Warm B,198605,1220,1219,277,186,0,0.0013423383
Warm B,210806,1285,1284,277,186,0,-0.009130096
Warm B,179064,1124,1123,277,186,0,0.0048807594
Warm B,243854,1470,1469,277,186,1,0.0024202783
Warm B,172855,1096,1095,277,186,0,0.008191393
Warm B,167793,1068,1067,277,186,0,0.004097209
Warm B,159190,1017,1016,277,186,0,0.0046235626
Warm B,149123,959,958,277,186,1,-0.0017820953
Warm B,561197,3453,3452,277,186,0,-0.0058120955
Warm B,347970,2041,2040,277,186,0,-0.003003098
Warm B,145305,935,934,277,186,0,-0.0044015506
Warm B,144635,933,932,277,186,1,-0.003300021
Warm B,142942,922,921,277,186,0,0.005191173
Warm B,204920,1261,1260,277,186,0,-0.011265209
Warm B,225227,1362,1361,277,186,0,-0.008633444
Warm B,138109,889,888,277,186,0,-0.0026251306
Warm B,380225,2223,2222,277,186,1,-0.0029972754
Warm B,135155,875,874,277,186,0,-0.0006384831
Warm B,202429,1244,1243,277,186,0,0.00080005056
Warm B,179977,1127,1126,277,186,0,-0.0048441966
Warm B,131848,854,853,277,186,0,-0.0055748695
Warm B,332597,1962,1961,277,186,1,-0.00053357123
Warm B,178048,1120,1119,277,186,0,0.0026373672
Warm B,199083,1223,1222,277,186,0,-0.0053003756
Warm B,121081,780,779,277,186,1,-0.0031303738
Warm B,120131,776,775,277,186,0,0.00052632694
Warm B,113936,739,738,277,186,1,-7.660943e-05
Warm B,107459,708,707,277,186,1,-0.0003556877
Warm B,107308,706,705,277,186,1,-0.013747436
Warm B,107035,703,702,277,186,0,0.0011495531
Warm B,379002,2213,2212,277,186,1,-0.004779307
Warm B,106721,702,701,277,186,0,-0.005454098
Warm B,103243,686,685,277,186,0,0.0063938256
Warm B,99307,662,661,277,186,0,-0.0032755022
Warm B,360677,2106,2105,277,186,0,0.00012345903
Warm B,314063,1875,1874,277,186,0,0.0010295198
Warm B,222570,1347,1346,277,186,0,-0.0026408557
Warm B,88322,583,582,277,186,1,0.0023041212
Warm B,626674,3792,3791,277,186,1,-0.0036937715
Warm B,291296,1737,1736,277,186,0,0.0037223254
Warm B,82990,549,548,277,186,1,-0.001262917
Warm B,190743,1181,1180,277,186,0,0.0010198345
Warm B,73898,501,500,277,186,1,-0.0028497777
Warm B,71941,482,481,277,186,1,0.0010043952
Warm B,69043,462,461,277,186,0,0.0063327206
Warm B,67174,452,451,277,186,1,-0.008339012
Warm B,78402,528,527,277,186,1,-0.006791268
Warm B,64933,436,435,277,186,0,0.00094766007
Warm B,56617,379,378,277,186,1,0.0049744863
Warm B,48595,326,325,277,186,0,-0.011079127
Warm B,46971,315,314,277,186,1,-0.009395053
Warm B,46017,308,307,277,186,0,-0.0007373148
Warm B,43997,301,300,277,186,0,-0.0016876743
Warm B,39200,265,264,277,186,1,-0.0011354293
Warm B,39598,268,267,277,186,1,-0.005383318
Warm B,181949,1137,1136,277,186,1,-0.0026387188
Warm B,30263,203,202,277,186,1,0.0043619466
Warm B,28869,198,197,277,186,1,-0.0021835568
Warm B,24048,171,170,277,186,0,-0.006247998
Warm B,24000,170,169,277,186,1,0.0030909227
Warm B,23354,167,166,277,186,1,0.0022778828
Warm B,595732,3624,3623,277,186,0,-0.001872309
Warm B,947528,5722,5721,277,186,0,-0.0017061143
Warm B,19525,148,147,277,186,1,-0.0056909393
Warm B,263204,1605,1604,277,186,1,0.003142382
Warm B,9833,67,66,277,186,1,0.004821329
Warm B,6934,48,47,277,186,0,0.00082973205
Warm B,540512,3326,3325,277,186,1,0.0037208078
Warm B,984,10,9,277,186,0,-0.004552211
Warm B,142169,918,917,277,186,0,0.005667917
Warm B,492647,3029,3028,277,186,1,0.0018853683
Warm B,102138,678,677,277,186,0,-0.0017170028
Warm B,79305,531,530,277,186,0,-0.0025889494
Warm B,11286,85,84,277,186,0,0.0019769901
Warm B,170480,1086,1085,277,186,0,0.0030413433
Warm B,250364,1509,1508,277,186,0,-0.0050080703
Warm B,18767,146,145,277,186,1,0.004954339
Warm B,552244,3401,3400,277,186,0,0.00044059148
Warm B,210088,1284,1283,277,186,1,-0.0007221801
Warm B,237806,1447,1446,277,186,0,0.0043041464
Warm B,122552,791,790,277,186,0,-0.006197411
Warm B,171508,1088,1087,277,186,0,-0.008374061
Warm B,599176,3648,3647,277,186,0,0.0043376638
Warm B,565502,3475,3474,277,186,1,-0.0040929588
Warm B,375538,2188,2187,277,186,0,0.0007546699
Warm B,327926,1941,1940,277,186,1,0.0020201197
Warm B,272827,1647,1646,277,186,0,-0.0028640954
Warm B,193576,1194,1193,277,186,1,-0.0099601075
Warm B,840582,5050,5049,289,191,1,0.0047236946
Warm B,529094,3271,3270,289,191,0,0.0029482942
Warm B,522442,3224,3223,289,191,0,0.00042286934
Warm B,963990,5812,5811,289,191,0,0.0056791827
Warm B,516916,3191,3190,289,191,0,0.005584107
Warm B,512758,3163,3162,289,191,1,0.0104708
Warm B,519188,3203,3202,289,191,1,0.00027509034
Warm B,505966,3112,3111,289,191,1,0.0012455794
Warm B,503619,3095,3094,289,191,1,0.0042756055
Warm B,523414,3227,3226,289,191,0,-0.0040046037
Warm B,516416,3189,3188,289,191,1,0.00613721
Warm B,499330,3067,3066,289,191,0,-0.0005725748
Warm B,494016,3032,3031,289,191,1,0.012436792
Warm B,492033,3026,3025,289,191,1,0.0005216927
Warm B,489558,3013,3012,289,191,0,0.0021523312
Warm B,490236,3017,3016,289,191,0,0.010759173
Warm B,510943,3150,3149,289,191,1,0.0026211548
Warm B,480640,2950,2949,289,191,0,-0.0022791973
Warm B,472508,2907,2906,289,191,1,0.0029312447
Warm B,484974,2986,2985,289,191,0,0.00913953
Warm B,486997,2996,2995,289,191,0,0.0047241277
Warm B,450781,2777,2776,289,191,0,0.007306859
Warm B,444619,2743,2742,289,191,1,0.0061107078
Warm B,430466,2624,2623,289,191,0,-0.001313861
Warm B,425066,2580,2579,289,191,1,0.006246051
Warm B,420443,2541,2540,289,191,1,0.009814506
Warm B,419265,2533,2532,289,191,1,-0.004841696
Warm B,416065,2506,2505,289,191,1,0.0051986338
Warm B,416521,2507,2506,289,191,0,-2.3241155e-06
Warm B,410107,2459,2458,289,191,0,-0.00016395247
Warm B,404992,2423,2422,289,191,0,0.0036457297
Warm B,401147,2390,2389,289,191,1,0.004089399
Warm B,395120,2334,2333,289,191,1,-0.0022807945
Warm B,393097,2309,2308,289,191,0,-0.007035413
Warm B,374591,2182,2181,289,191,0,0.002920131
Warm B,362944,2116,2115,289,191,0,0.0009476363
Warm B,347334,2038,2037,289,191,1,0.0067388895
Warm B,358852,2100,2099,289,191,0,0.0063494286
Warm B,334209,1971,1970,289,191,1,0.0074294116
Warm B,324742,1924,1923,289,191,1,-0.0008545647
Warm B,315129,1880,1879,289,191,0,0.0016878652
Warm B,289683,1729,1728,289,191,0,0.0043014055
Warm B,326714,1937,1936,289,191,1,0.0039636698
Warm B,269505,1634,1633,289,191,1,0.0034354841
Warm B,265703,1613,1612,289,191,0,0.009881012
Warm B,321653,1908,1907,289,191,0,0.0050505544
Warm B,248769,1501,1500,289,191,1,-0.0002948027
Warm B,335767,1980,1979,289,191,0,0.010697384
Warm B,222370,1345,1344,289,191,1,0.0059855795
Warm B,289285,1727,1726,289,191,1,0.007841016
Warm B,360690,2106,2105,289,191,0,0.007175059
Warm B,203862,1254,1253,289,191,1,-0.0020691284
Warm B,192343,1184,1183,289,191,0,0.005083995
Warm B,188928,1172,1171,289,191,1,0.0081317
Warm B,186842,1158,1157,289,191,0,0.000701525
Warm B,164458,1051,1050,289,191,0,0.0062960647
Warm B,144868,934,933,289,191,0,0.0051095206
Warm B,138131,889,888,289,191,0,0.0020402316
Warm B,136482,881,880,289,191,1,0.00264643
Warm B,134183,869,868,289,191,1,0.010301397
Warm B,131862,854,853,289,191,1,0.007076908
Warm B,332608,1962,1961,289,191,0,0.0065881163
Warm B,351692,2063,2062,289,191,0,0.008482628
Warm B,304820,1812,1811,289,191,1,0.008709805
Warm B,117827,759,758,289,191,0,0.007998896
Warm B,223482,1354,1353,289,191,1,-0.0039557004
Warm B,103377,687,686,289,191,0,0.012547733
Warm B,176866,1117,1116,289,191,0,0.0056968615
Warm B,190766,1181,1180,289,191,0,-0.00084092864
Warm B,81024,539,538,289,191,0,0.011152448
Warm B,84059,550,549,289,191,0,-0.000232819
Warm B,299568,1778,1777,289,191,1,0.0034019973
Warm B,73650,499,498,289,191,1,0.0013033559
Warm B,238812,1448,1447,289,191,1,0.016014297
Warm B,64623,432,431,289,191,0,-0.004959424
Warm B,228186,1383,1382,289,191,0,0.01132674
Warm B,696140,4169,4168,289,191,1,0.0044523175
Warm B,61374,412,411,289,191,1,0.0034921812
Warm B,32229,216,215,289,191,0,-0.0012769075
Warm B,29996,202,201,289,191,1,0.005705769
Warm B,6322,45,44,289,191,1,0.005739406
Warm B,330689,1952,1951,289,191,0,0.0062186504
Warm B,20870,151,150,289,191,0,0.0134552345
Warm B,79320,531,530,289,191,1,0.0065444307
Warm B,439124,2683,2682,289,191,1,0.007388468
Warm B,76337,518,517,289,191,1,0.009766699
Warm B,106001,699,698,289,191,0,0.0038184742
Warm B,882914,5333,5332,289,191,0,0.010547871
Warm B,263219,1605,1604,289,191,0,0.0008526696
Warm B,908023,5493,5492,289,191,1,-0.002193971
Warm B,331526,1958,1957,289,191,0,0.0026202102
Warm B,327949,1941,1940,289,191,0,0.0031065284
Warm B,187589,1164,1163,289,191,0,-0.0052316627
Warm B,476320,2926,2925,289,191,0,0.0056628925
Warm B,768678,4579,4578,289,191,0,0.011289833
Warm B,179542,1125,1124,289,191,0,0.0036681495
Warm B,52217,343,342,289,191,1,5.0371513e-05
Warm B,295617,1755,1754,289,191,1,0.0051600337
Warm B,580209,3543,3542,290,192,0,-0.007056662
Warm B,764983,4551,4550,290,192,0,-0.00043703365
Warm B,578094,3531,3530,290,192,1,0.0068168365
Warm B,644175,3882,3881,290,192,1,0.0040668612
Warm B,593712,3618,3617,290,192,0,0.0047572386
Warm B,547287,3376,3375,290,192,1,0.010053115
Warm B,542938,3341,3340,290,192,0,0.0003578046
Warm B,539470,3318,3317,290,192,1,0.0020975708
Warm B,538896,3314,3313,290,192,0,0.00761592
Warm B,916649,5539,5538,290,192,1,0.002028849
Warm B,519792,3207,3206,290,192,0,-0.001439318
Warm B,781834,4667,4666,290,192,1,0.004682458
Warm B,510224,3143,3142,290,192,1,0.0051482366
Warm B,520522,3210,3209,290,192,0,0.0008781907
Warm B,800123,4795,4794,290,192,1,0.0056061903
Warm B,810098,4858,4857,290,192,0,-0.0047795353
Warm B,503071,3088,3087,290,192,1,-0.003103966
Warm B,499336,3067,3066,290,192,1,0.00564347
Warm B,567408,3483,3482,290,192,1,0.005560896
Warm B,477372,2930,2929,290,192,1,0.0054876604
Warm B,457839,2820,2819,290,192,0,0.0019419917
Warm B,594783,3620,3619,290,192,1,0.0052264053
Warm B,455540,2805,2804,290,192,1,0.0048506027
Warm B,796023,4771,4770,290,192,0,0.0036692661
Warm B,453657,2793,2792,290,192,1,0.005025601
Warm B,452079,2784,2783,290,192,1,0.0007918385
Warm B,448950,2767,2766,290,192,1,-0.0010078718
Warm B,937198,5654,5653,290,192,0,0.0076365336
Warm B,441347,2703,2702,290,192,1,0.0058627226
Warm B,440740,2698,2697,290,192,1,0.0100417165
Warm B,696150,4169,4168,290,192,1,0.009654291
Warm B,433151,2641,2640,290,192,1,0.0005144458
Warm B,390673,2293,2292,290,192,1,0.0019437708
Warm B,386336,2259,2258,290,192,1,-0.0010898503
Warm B,383891,2243,2242,290,192,1,0.009742398
Warm B,361567,2109,2108,290,192,0,0.015637241
Warm B,340290,2009,2008,290,192,1,-0.0042955135
Warm B,340075,2007,2006,290,192,1,0.005604418
Warm B,332358,1961,1960,290,192,1,0.00797773
Warm B,327162,1939,1938,290,192,0,-0.001619909
Warm B,312654,1863,1862,290,192,1,-0.001002503
Warm B,306884,1832,1831,290,192,1,-0.00049627107
Warm B,295240,1753,1752,290,192,1,0.0010716463
Warm B,284072,1698,1697,290,192,1,0.0037638573
Warm B,274696,1660,1659,290,192,1,-0.000408903
Warm B,292255,1741,1740,290,192,1,0.0053240363
Warm B,268941,1632,1631,290,192,0,-0.00087561714
Warm B,241135,1451,1450,290,192,1,0.009419561
Warm B,237342,1445,1444,290,192,1,0.0096003795
Warm B,231349,1401,1400,290,192,1,-0.0036397153
Warm B,296420,1758,1757,290,192,1,0.0109264515
Warm B,209749,1281,1280,290,192,1,0.00147515
Warm B,208271,1273,1272,290,192,1,0.0058009396
Warm B,204255,1258,1257,290,192,1,0.001701636
Warm B,243872,1470,1469,290,192,0,0.0038443431
Warm B,538462,3313,3312,290,192,0,0.0051515945
Warm B,308551,1837,1836,290,192,0,0.008027219
Warm B,194793,1202,1201,290,192,1,0.009999942
Warm B,186612,1155,1154,290,192,1,0.010894178
Warm B,185163,1150,1149,290,192,1,0.0013235109
Warm B,286086,1707,1706,290,192,1,0.0050388346
Warm B,263229,1605,1604,290,192,1,0.0025081497
Warm B,168383,1069,1068,290,192,0,0.0117140915
Warm B,190778,1181,1180,290,192,0,0.0041154735
Warm B,158066,1015,1014,290,192,0,0.006197141
Warm B,150047,966,965,290,192,1,0.0038394378
Warm B,154592,998,997,290,192,1,-0.0018780667
Warm B,138142,889,888,290,192,0,0.0058889384
Warm B,133429,862,861,290,192,0,0.0066571794
Warm B,117899,760,759,290,192,1,0.011327023
Warm B,117256,756,755,290,192,1,-0.00637155
Warm B,124471,801,800,290,192,1,-0.00846169
Warm B,107310,706,705,290,192,0,0.008061429
Warm B,239958,1449,1448,290,192,1,0.0118215615
Warm B,100802,673,672,290,192,0,-0.0049760225
Warm B,100451,670,669,290,192,1,-0.009724433
Warm B,92120,613,612,290,192,1,0.0052325586
Warm B,84068,550,549,290,192,0,0.0036920323
Warm B,75681,515,514,290,192,0,0.010813562
Warm B,59954,408,407,290,192,1,0.0041865404
Warm B,33618,225,224,290,192,1,0.016425278
Warm B,26530,187,186,290,192,1,0.008601489
Warm B,22665,163,162,290,192,0,0.010941336
Warm B,20143,149,148,290,192,1,0.004590776
Warm B,17940,138,137,290,192,1,-0.009877947
Warm B,211660,1287,1286,290,192,0,0.0027663088
Warm B,73463,498,497,290,192,1,-0.004853096
Warm B,24478,173,172,290,192,0,0.0064788675
Warm B,7894,53,52,290,192,1,0.01427491
Warm B,20881,151,150,290,192,1,0.003522561
Warm B,93006,623,622,290,192,1,0.00717973
Warm B,420927,2544,2543,290,192,0,0.0051344456
Warm B,43468,299,298,290,192,1,0.007863816
Warm B,532562,3288,3287,290,192,1,-0.0002952686
Warm B,733392,4386,4385,290,192,1,0.006407191
Warm B,451484,2779,2778,290,192,1,0.0005420947
Warm B,484982,2986,2985,290,192,1,0.004179665
Warm B,16148,127,126,290,192,1,0.006231329
Warm B,129344,839,838,290,192,0,0.007880474
Warm B,50304,331,330,290,192,1,0.0023746705
Warm B,319279,1897,1896,290,192,1,0.0066165766
Warm B,285265,1701,1700,290,192,0,0.006101502
Warm B,799581,4791,4790,290,192,0,0.006657991
Warm B,501241,3080,3079,290,192,1,0.0012791919
Warm B,18798,146,145,290,192,1,0.0049301633
Warm B,790385,4728,4727,290,192,0,0.003208399
Warm B,176005,1113,1112,290,192,1,0.0032147327
Warm B,804276,4816,4815,290,192,0,0.0038251318
Warm B,453661,2793,2792,299,196,0,0.007055617
Warm B,451743,2781,2780,299,196,1,0.010633659
Warm B,443788,2737,2736,299,196,1,0.0039601815
Warm B,443333,2733,2732,299,196,1,-0.0026150874
Warm B,439384,2684,2683,299,196,0,0.005371979
Warm B,432428,2637,2636,299,196,1,-0.0022190772
Warm B,428559,2608,2607,299,196,1,-0.0015477336
Warm B,416529,2507,2506,299,196,1,0.003265704
Warm B,401885,2398,2397,299,196,1,-0.00482398
Warm B,401598,2395,2394,299,196,1,0.008080365
Warm B,399043,2376,2375,299,196,1,0.015556141
Warm B,397742,2358,2357,299,196,1,0.009338959
Warm B,365723,2129,2128,299,196,1,0.011246907
Warm B,335783,1980,1979,299,196,1,0.009242125
Warm B,320497,1900,1899,299,196,1,0.016125783
Warm B,310638,1851,1850,299,196,0,-0.0057426468
Warm B,292989,1745,1744,299,196,1,0.005599208
Warm B,291833,1738,1737,299,196,1,0.009938888
Warm B,267541,1626,1625,299,196,1,-0.0071749864
Warm B,264357,1608,1607,299,196,0,-0.004712744
Warm B,264129,1607,1606,299,196,1,0.008603139
Warm B,262685,1602,1601,299,196,1,0.0005501744
Warm B,258193,1583,1582,299,196,1,0.0076684025
Warm B,321655,1908,1907,299,196,0,0.0053544007
Warm B,256182,1562,1561,299,196,0,0.0061810752
Warm B,254709,1548,1547,299,196,1,0.0026582528
Warm B,244862,1474,1473,299,196,1,0.006229018
Warm B,237160,1442,1441,299,196,1,0.011696383
Warm B,319281,1897,1896,299,196,0,0.0176927
Warm B,284076,1698,1697,299,196,1,0.009643807
Warm B,306357,1825,1824,299,196,1,0.008602105
Warm B,211586,1286,1285,299,196,1,-0.0012021649
Warm B,211775,1288,1287,299,196,0,0.006671577
Warm B,204011,1255,1254,299,196,1,0.0044264114
Warm B,279050,1680,1679,299,196,1,0.0010232931
Warm B,294251,1749,1748,299,196,0,0.00757893
Warm B,210833,1285,1284,299,196,1,-0.00047936663
Warm B,307370,1835,1834,299,196,1,0.0025079781
Warm B,168387,1069,1068,299,196,0,0.0076329396
Warm B,334547,1974,1973,299,196,1,0.008564207
Warm B,161316,1029,1028,299,196,1,0.012162294
Warm B,230492,1395,1394,299,196,1,0.0088432245
Warm B,160861,1022,1021,299,196,0,0.010858608
Warm B,198974,1222,1221,299,196,1,0.0017251377
Warm B,267928,1628,1627,299,196,0,0.004417009
Warm B,154594,998,997,299,196,1,0.0048902603
Warm B,139381,891,890,299,196,1,0.017522506
Warm B,130737,848,847,299,196,1,-0.003363703
Warm B,200039,1228,1227,299,196,1,0.020202007
Warm B,181960,1137,1136,299,196,0,-0.0006809286
Warm B,117900,760,759,299,196,1,0.0002218131
Warm B,107312,706,705,299,196,1,0.0015191825
Warm B,100805,673,672,299,196,1,0.006063316
Warm B,95931,644,643,299,196,0,0.0033429875
Warm B,94409,633,632,299,196,1,0.008357118
Warm B,90240,595,594,299,196,1,-0.00028032716
Warm B,85561,558,557,299,196,1,0.011835733
Warm B,238830,1448,1447,299,196,1,0.002203044
Warm B,190783,1181,1180,299,196,0,0.0074927867
Warm B,70141,474,473,299,196,0,0.010692967
Warm B,155313,1001,1000,299,196,1,0.009193971
Warm B,312856,1865,1864,299,196,1,-0.0027523155
Warm B,199836,1227,1226,299,196,1,0.004319787
Warm B,23216,166,165,299,196,1,0.00531917
Warm B,20474,150,149,299,196,1,0.0017384053
Warm B,289,5,4,299,196,0,-0.00019913106
Warm B,276167,1671,1670,299,196,1,0.010527339
Warm B,158070,1015,1014,299,196,0,0.006067971
Warm B,50314,331,330,299,196,0,0.005278566
Warm B,239964,1449,1448,299,196,0,0.013524975
Warm B,290130,1733,1732,299,196,0,0.0061943526
Warm B,102161,678,677,299,196,1,0.0014941697
Warm B,772641,4607,4606,299,196,0,0.0064856107
Warm B,744821,4448,4447,299,196,1,0.0012114183
Warm B,302104,1794,1793,299,196,0,0.0018688389
Warm B,245755,1484,1483,299,196,0,0.004432928
Warm B,992877,5998,5997,299,196,0,-0.007901
Warm B,384683,2247,2246,299,196,0,0.006237493
Warm B,234915,1425,1424,299,196,1,0.0037348662
Warm B,546764,3371,3370,299,196,0,0.007454664
Warm B,187596,1164,1163,299,196,1,0.0030618606
Warm B,263234,1605,1604,299,196,0,0.006115675
Warm B,434277,2648,2647,299,196,1,0.0042127115
Warm B,279683,1680,1679,302,198,1,0.0074618543
Warm B,294419,1749,1748,302,198,0,0.003099099
Warm B,316342,1883,1882,302,198,1,-0.005638423
Warm B,286119,1707,1706,302,198,1,0.004114381
Warm B,174508,1103,1102,302,198,1,0.0037336098
Warm B,168605,1069,1068,302,198,0,0.0058532376
Warm B,160911,1022,1021,302,198,1,0.012364145
Warm B,167992,1068,1067,302,198,1,0.003257983
Warm B,138627,889,888,302,198,0,-0.0005411566
Warm B,107363,706,705,302,198,1,-0.002698626
Warm B,129995,840,839,302,198,1,0.0035270588
Warm B,949213,5734,5733,302,198,0,0.0029938882
Warm B,32081,216,215,302,198,0,-0.0008084667
Warm B,23116,166,165,302,198,0,0.00030617183
Warm B,7736,53,52,302,198,1,-0.0010356032
Warm B,1991,18,17,302,198,1,0.010576401
Warm B,158489,1015,1014,302,198,1,-0.0044429265
Warm B,76413,518,517,302,198,1,0.0023960029
Warm B,222632,1347,1346,302,198,1,0.006117263
Warm B,382090,2232,2231,302,198,1,0.0033951022
Warm B,312976,1865,1864,302,198,1,-0.0026762788
Warm B,831956,5001,5000,302,198,1,-0.0012818598
Warm B,273151,1647,1646,302,198,1,0.013251288
Warm B,96661,648,647,302,198,1,-0.0016371626
Warm B,52166,343,342,302,198,1,0.00012956513
Warm B,8812,59,58,302,198,0,0.0032862788
Warm B,560382,3444,3443,305,200,1,-0.0017563658
Warm B,555904,3416,3415,305,200,0,0.01563399
Warm B,531192,3280,3279,305,200,0,0.00968879
Warm B,515633,3182,3181,305,200,0,-0.002574657
Warm B,738216,4411,4410,305,200,0,0.0067641092
Warm B,575490,3519,3518,305,200,0,0.012654818
Warm B,550413,3391,3390,305,200,0,0.009700586
Warm B,485219,2986,2985,305,200,1,0.0058256597
Warm B,484418,2981,2980,305,200,1,0.01278371
Warm B,475185,2916,2915,305,200,1,0.008934906
Warm B,646789,3892,3891,305,200,0,0.007903582
Warm B,796109,4771,4770,305,200,1,0.0030603237
Warm B,446950,2753,2752,305,200,0,0.002688528
Warm B,420279,2540,2539,305,200,0,0.0079801185
Warm B,416796,2507,2506,305,200,1,0.012492086
Warm B,409275,2456,2455,305,200,0,0.0061925882
Warm B,464274,2860,2859,305,200,0,0.0018374785
Warm B,382970,2237,2236,305,200,1,0.003997027
Warm B,377372,2203,2202,305,200,0,0.007075738
Warm B,341731,2012,2011,305,200,0,0.012695939
Warm B,351036,2060,2059,305,200,0,0.0038721494
Warm B,310166,1845,1844,305,200,0,0.019363878
Warm B,274486,1658,1657,305,200,0,0.004483776
Warm B,265962,1613,1612,305,200,0,0.005557469
Warm B,223697,1354,1353,305,200,0,0.0020712004
Warm B,218083,1322,1321,305,200,1,0.00095167145
Warm B,321731,1908,1907,305,200,0,0.002564339
Warm B,174857,1107,1106,305,200,0,0.011070139
Warm B,167994,1068,1067,305,200,1,0.012399126
Warm B,189464,1173,1172,305,200,0,0.001455822
Warm B,135784,877,876,305,200,0,0.0044311658
Warm B,201707,1242,1241,305,200,0,-0.002266874
Warm B,332796,1962,1961,305,200,0,0.0042726854
Warm B,352160,2063,2062,305,200,0,0.0017172201
Warm B,263553,1605,1604,305,200,0,-0.007849151
Warm B,112629,731,730,305,200,0,0.0070978133
Warm B,106231,699,698,305,200,0,0.013749365
Warm B,108196,710,709,305,200,0,0.01264747
Warm B,97936,655,654,305,200,0,-0.000881177
Warm B,329496,1943,1942,305,200,1,0.007571343
Warm B,82303,546,545,305,200,0,0.010274591
Warm B,191265,1181,1180,305,200,0,0.010134061
Warm B,84393,550,549,305,200,0,0.0011776548
Warm B,77743,524,523,305,200,0,0.002125579
Warm B,75003,509,508,305,200,1,0.00017002644
Warm B,88903,587,586,305,200,0,0.009145236
Warm B,57183,386,385,305,200,0,0.0141672585
Warm B,47499,319,318,305,200,0,0.005280935
Warm B,696577,4169,4168,305,200,0,0.018244345
Warm B,39563,268,267,305,200,0,0.00087762345
Warm B,96752,649,648,305,200,0,0.004312546
Warm B,23689,169,168,305,200,0,-0.0009449918
Warm B,6204,45,44,305,200,0,-0.004199475
Warm B,79613,531,530,305,200,0,0.0030331342
Warm B,158492,1015,1014,305,200,0,0.0056790756
Warm B,78598,528,527,305,200,0,0.009241243
Warm B,238137,1447,1446,305,200,0,0.011136165
Warm B,975102,5880,5879,305,200,0,0.00059442595
Warm B,508297,3128,3127,305,200,0,0.0074641136
Warm B,828785,4979,4978,305,200,0,0.007151029
Warm B,272321,1645,1644,305,200,0,0.0016552897
Warm B,665288,4005,4004,305,200,0,0.011843104
Warm B,195645,1203,1202,305,200,0,0.004592701
Warm B,287816,1717,1716,305,200,1,0.0065597054
Warm B,501404,3080,3079,305,200,0,0.014988587
Warm B,63215,424,423,305,200,0,0.008025017
Warm B,860140,5172,5171,305,200,0,0.0002527819
Warm B,178305,1120,1119,312,204,1,0.0148844365
Warm B,244141,1470,1469,312,204,0,0.0038233593
Warm B,173788,1100,1099,312,204,0,0.008026725
Warm B,328517,1941,1940,312,204,0,0.0130651295
Warm B,161880,1032,1031,312,204,0,0.00882847
Warm B,141219,910,909,312,204,1,0.008711094
Warm B,380429,2223,2222,312,204,0,0.0075408304
Warm B,136826,881,880,312,204,0,0.005095103
Warm B,375690,2188,2187,312,204,1,0.0037769037
Warm B,371790,2172,2171,312,204,0,0.004223421
Warm B,132052,854,853,312,204,0,0.0034055235
Warm B,124304,800,799,312,204,0,0.010117564
Warm B,160307,1019,1018,312,204,0,0.0045481827
Warm B,108215,710,709,312,204,0,0.002354308
Warm B,100473,670,669,312,204,0,0.00011685956
Warm B,101482,676,675,312,204,0,0.0058143637
Warm B,764092,4543,4542,312,204,0,0.014329253
Warm B,371098,2168,2167,312,204,1,-0.0010643317
Warm B,314190,1875,1874,312,204,0,0.0059903897
Warm B,104490,692,691,312,204,0,0.014167514
Warm B,86776,566,565,312,204,0,0.017461391
Warm B,77764,524,523,312,204,0,0.0023055235
Warm B,72258,482,481,312,204,0,0.0054441383
Warm B,65510,438,437,312,204,0,0.0079021305
Warm B,53803,352,351,312,204,0,0.0112203825
Warm B,47522,319,318,312,204,0,0.0028758172
Warm B,44551,302,301,312,204,0,0.007618025
Warm B,43952,301,300,312,204,1,0.014103167
Warm B,363300,2116,2115,312,204,0,0.00776186
Warm B,219285,1329,1328,312,204,1,0.002244775
Warm B,337170,1983,1982,312,204,0,0.0139858285
Warm B,29889,202,201,312,204,0,0.0037510265
Warm B,88914,587,586,312,204,0,0.0057243197
Warm B,25807,182,181,312,204,0,0.00042960036
Warm B,16861,132,131,312,204,1,0.011515518
Warm B,2613,22,21,312,204,0,0.00685786
Warm B,954248,5761,5760,312,204,0,0.005172799
Warm B,342704,2015,2014,312,204,0,0.011751685
Warm B,828793,4979,4978,312,204,0,0.0139913345
Warm B,164755,1051,1050,312,204,0,0.0054978873
Warm B,207055,1266,1265,312,204,0,0.0047832066
Warm B,618381,3746,3745,312,204,0,0.010439398
Warm B,290450,1733,1732,312,204,0,0.008682959
Warm B,88370,583,582,312,204,0,0.00880955
Warm B,309746,1842,1841,312,204,1,-4.2174943e-06
Warm B,331831,1958,1957,312,204,0,0.0027286955
Warm B,145882,937,936,312,204,0,-0.0014267401
Warm B,66148,442,441,312,204,0,0.008004926
Warm B,245871,1484,1483,312,204,1,0.0029129963
Warm B,235168,1425,1424,312,204,0,0.014363909
Warm B,916733,5539,5538,312,204,1,-0.0020508037
Warm B,295722,1755,1754,312,204,0,0.0064383233
Warm B,603028,3669,3668,315,206,0,0.010737734
Warm B,636458,3834,3833,315,206,1,0.0054884516
Warm B,713281,4277,4276,315,206,0,0.004110377
Warm B,600220,3650,3649,315,206,1,0.012897177
Warm B,588089,3589,3588,315,206,0,0.010126364
Warm B,758745,4510,4509,315,206,0,0.0024923333
Warm B,583612,3562,3561,315,206,0,0.011945903
Warm B,582551,3558,3557,315,206,1,0.0064155096
Warm B,745023,4448,4447,315,206,1,0.011644016
Warm B,592127,3610,3609,315,206,1,0.005558226
Warm B,549199,3389,3388,315,206,0,0.0005234664
Warm B,544750,3358,3357,315,206,0,-0.0004943928
Warm B,542385,3336,3335,315,206,0,0.010613585
Warm B,536189,3308,3307,315,206,0,0.017664922
Warm B,531207,3280,3279,315,206,0,0.004260949
Warm B,520412,3209,3208,315,206,0,0.0030644091
Warm B,520136,3208,3207,315,206,0,0.008354416
Warm B,517079,3191,3190,315,206,0,0.0040842034
Warm B,515645,3182,3181,315,206,0,0.016099568
Warm B,516603,3189,3188,315,206,0,0.006318118
Warm B,499002,3066,3065,315,206,1,0.005337163
Warm B,494398,3032,3031,315,206,1,0.0002172179
Warm B,486383,2994,2993,315,206,0,0.0038574256
Warm B,529931,3272,3271,315,206,1,0.009154319
Warm B,473973,2909,2908,315,206,1,0.0030124234
Warm B,463512,2857,2856,315,206,0,0.00215577
Warm B,487173,2996,2995,315,206,0,0.016156998
Warm B,455455,2804,2803,315,206,1,0.004408392
Warm B,423244,2565,2564,315,206,1,0.0035358686
Warm B,408362,2453,2452,315,206,1,0.018660473
Warm B,407031,2445,2444,315,206,0,-0.0035717455
Warm B,399964,2380,2379,315,206,0,0.0028898967
Warm B,392441,2304,2303,315,206,1,0.004629084
Warm B,377389,2203,2202,315,206,1,0.008060943
Warm B,340861,2010,2009,315,206,0,0.0062652794
Warm B,295345,1753,1752,315,206,1,0.0054756026
Warm B,297672,1764,1763,315,206,1,-0.00477612
Warm B,303610,1803,1802,315,206,0,0.0022574926
Warm B,302256,1794,1793,315,206,0,0.0057631927
Warm B,289000,1726,1725,315,206,0,0.0010085063
Warm B,265984,1613,1612,315,206,0,0.011483877
Warm B,244750,1473,1472,315,206,0,-0.0045142956
Warm B,283278,1696,1695,315,206,0,0.0020112684
Warm B,227279,1377,1376,315,206,0,-9.029987e-05
Warm B,299760,1778,1777,315,206,0,0.0063930475
Warm B,279721,1680,1679,315,206,0,0.012059722
Warm B,320858,1902,1901,315,206,0,0.007306031
Warm B,191300,1181,1180,315,206,0,0.0053108186
Warm B,186679,1155,1154,315,206,0,-0.00036174362
Warm B,173363,1099,1098,315,206,0,-0.0032552513
Warm B,328522,1941,1940,315,206,0,0.0103995
Warm B,275686,1667,1666,315,206,0,-0.00019636529
Warm B,154972,999,998,315,206,0,-0.00044145598
Warm B,140754,904,903,315,206,0,0.002993138
Warm B,157134,1010,1009,315,206,0,0.012563368
Warm B,277108,1675,1674,315,206,0,0.0127317095
Warm B,136829,881,880,315,206,0,0.002863634
Warm B,202639,1244,1243,315,206,0,0.001400067
Warm B,96483,647,646,315,206,0,0.0013994144
Warm B,480259,2946,2945,315,206,0,-0.000953577
Warm B,150736,970,969,315,206,0,0.018634781
Warm B,291612,1737,1736,315,206,1,0.009102425
Warm B,84421,550,549,315,206,0,0.016905453
Warm B,77771,524,523,315,206,0,0.015091528
Warm B,119441,770,769,315,206,0,0.006621419
Warm B,70249,474,473,315,206,0,0.006574488
Warm B,240392,1449,1448,315,206,0,0.012142772
Warm B,53811,352,351,315,206,0,0.005102395
Warm B,44553,302,301,315,206,0,0.008712254
Warm B,145462,935,934,315,206,1,0.0041124513
Warm B,55636,368,367,315,206,0,0.0038016925
Warm B,38315,261,260,315,206,0,2.4572248e-05
Warm B,221546,1340,1339,315,206,0,0.005424841
Warm B,29891,202,201,315,206,0,0.0086285025
Warm B,29223,199,198,315,206,0,0.0061640535
Warm B,28825,198,197,315,206,1,0.0065863123
Warm B,22569,163,162,315,206,0,0.0037093768
Warm B,30537,204,203,315,206,1,0.011798598
Warm B,3452,26,25,315,206,0,0.006860976
Warm B,696602,4169,4168,315,206,0,0.017810786
Warm B,439222,2683,2682,315,206,1,0.0042574117
Warm B,238161,1447,1446,315,206,0,0.00952641
Warm B,777909,4647,4646,315,206,0,0.002280305
Warm B,106254,699,698,315,206,0,-0.00202498
Warm B,352188,2063,2062,315,206,0,0.007723851
Warm B,72262,482,481,315,206,0,0.005205282
Warm B,599410,3648,3647,315,206,0,0.007930061
Warm B,930454,5621,5620,315,206,0,0.0071335714
Warm B,986680,5956,5955,315,206,0,0.004621814
Warm B,941484,5682,5681,315,206,0,0.004341904
Warm B,193828,1194,1193,315,206,0,0.008647645
Warm B,804352,4816,4815,315,206,1,0.0044221897
Warm B,550443,3391,3390,315,206,0,0.010609475
Warm B,461617,2847,2846,321,211,1,0.006596607
Warm B,796120,4771,4770,326,213,1,0.022982284
Warm B,608703,3691,3690,328,215,0,0.0149770025
Warm B,507326,3121,3120,328,215,0,0.017341413
Warm B,550477,3391,3390,328,215,0,0.0131901875
Warm B,494416,3032,3031,328,215,1,0.010742087
Warm B,517965,3196,3195,328,215,0,0.016706677
Warm B,483561,2972,2971,328,215,1,0.0056873984
Warm B,496627,3051,3050,328,215,0,0.01580479
Warm B,710180,4260,4259,328,215,1,0.0017589033
Warm B,463526,2857,2856,328,215,1,0.016767723
Warm B,462280,2852,2851,328,215,1,0.011178953
Warm B,444815,2743,2742,328,215,0,0.006786422
Warm B,426585,2590,2589,328,215,1,0.008154525
Warm B,424805,2576,2575,328,215,1,0.009904187
Warm B,414728,2496,2495,328,215,0,0.006603714
Warm B,409757,2457,2456,328,215,0,0.011434571
Warm B,408980,2455,2454,328,215,0,0.01232267
Warm B,397224,2352,2351,328,215,0,0.0053933416
Warm B,374338,2181,2180,328,215,1,0.016014617
Warm B,368648,2155,2154,328,215,1,0.0089817755
Warm B,363325,2116,2115,328,215,1,0.005493501
Warm B,358613,2098,2097,328,215,1,0.0039460617
Warm B,352221,2063,2062,328,215,1,0.007010578
Warm B,361854,2109,2108,328,215,0,0.018132817
Warm B,344469,2021,2020,328,215,1,0.015305874
Warm B,351047,2060,2059,328,215,1,0.007732788
Warm B,326340,1931,1930,328,215,0,0.010720986
Warm B,323525,1919,1918,328,215,0,-0.0028002996
Warm B,333506,1968,1967,328,215,0,0.0047325967
Warm B,330443,1950,1949,328,215,0,0.015395483
Warm B,297683,1764,1763,328,215,1,0.008384385
Warm B,279761,1680,1679,328,215,1,0.019074032
Warm B,277120,1675,1674,328,215,0,0.011173118
Warm B,285827,1705,1704,328,215,0,0.0025099372
Warm B,277926,1676,1675,328,215,0,0.01839352
Warm B,271547,1641,1640,328,215,0,0.014170207
Warm B,267657,1626,1625,328,215,0,0.005897144
Warm B,247863,1496,1495,328,215,1,0.014616306
Warm B,303333,1802,1801,328,215,0,0.006136162
Warm B,358289,2097,2096,328,215,0,0.004053293
Warm B,231201,1399,1398,328,215,0,-0.0005941484
Warm B,224534,1357,1356,328,215,0,0.009200697
Warm B,221838,1341,1340,328,215,1,0.002878203
Warm B,221923,1342,1341,328,215,0,0.0060922056
Warm B,273187,1647,1646,328,215,0,0.014774204
Warm B,350368,2056,2055,328,215,1,0.02197794
Warm B,192763,1186,1185,328,215,1,0.006234982
Warm B,328560,1941,1940,328,215,0,0.009938113
Warm B,189091,1172,1171,328,215,0,0.014164581
Warm B,186214,1151,1150,328,215,1,0.009505781
Warm B,184101,1146,1145,328,215,1,0.012094817
Warm B,175721,1112,1111,328,215,0,0.011433082
Warm B,159389,1017,1016,328,215,0,0.007828945
Warm B,151052,971,970,328,215,0,0.011658101
Warm B,271069,1639,1638,328,215,0,0.008206889
Warm B,133302,860,859,328,215,1,0.0025401926
Warm B,138696,889,888,328,215,0,0.016467292
Warm B,263597,1605,1604,328,215,0,0.015145879
Warm B,126706,817,816,328,215,1,0.014748136
Warm B,125617,808,807,328,215,1,0.005058882
Warm B,123967,798,797,328,215,0,0.0073111886
Warm B,113882,738,737,328,215,0,-0.0006471075
Warm B,117652,757,756,328,215,0,0.012614047
Warm B,97399,652,651,328,215,0,0.011282636
Warm B,92819,621,620,328,215,0,0.00964805
Warm B,203259,1246,1245,328,215,0,0.014391815
Warm B,108796,712,711,328,215,1,0.013986264
Warm B,81858,543,542,328,215,1,0.005682819
Warm B,77795,524,523,328,215,1,0.026114183
Warm B,51174,337,336,328,215,1,0.014609715
Warm B,41211,278,277,328,215,1,0.005376827
Warm B,42810,293,292,328,215,0,0.011475977
Warm B,291630,1737,1736,328,215,0,0.016442487
Warm B,22594,163,162,328,215,0,0.0047915713
Warm B,14550,117,116,328,215,0,0.014554845
Warm B,290473,1733,1732,328,215,0,0.020712752
Warm B,238178,1447,1446,328,215,0,0.012099259
Warm B,28239,195,194,328,215,1,0.02413614
Warm B,164777,1051,1050,328,215,0,0.01821056
Warm B,251943,1524,1523,328,215,1,0.0051235184
Warm B,195687,1203,1202,328,215,0,0.02482105
Warm B,134527,869,868,328,215,0,0.022277601
Warm B,136850,881,880,328,215,1,0.007957232
Warm B,474393,2910,2909,328,215,1,0.0061005307
Warm B,63264,424,423,328,215,0,0.018367449
Warm B,532347,3285,3284,330,217,0,-0.002494506
Warm B,515664,3182,3181,330,217,0,0.0045955
Warm B,566437,3476,3475,330,217,0,0.008118133
Warm B,507328,3121,3120,330,217,0,0.004536565
Warm B,506855,3118,3117,330,217,0,0.006957179
Warm B,784191,4682,4681,330,217,0,0.0058498806
Warm B,494428,3032,3031,330,217,1,0.0111791445
Warm B,477261,2929,2928,330,217,0,0.008661744
Warm B,463536,2857,2856,330,217,0,0.0032653194
Warm B,446010,2750,2749,330,217,1,0.009173304
Warm B,444819,2743,2742,330,217,0,0.00072193285
Warm B,790506,4728,4727,330,217,0,0.012210976
Warm B,426591,2590,2589,330,217,0,0.00084787695
Warm B,419915,2537,2536,330,217,0,0.00628834
Warm B,409761,2457,2456,330,217,1,0.008459475
Warm B,392462,2304,2303,330,217,0,0.008127377
Warm B,377959,2205,2204,330,217,0,0.008323193
Warm B,368650,2155,2154,330,217,1,0.0029642743
Warm B,364936,2124,2123,330,217,0,0.002703376
Warm B,361862,2109,2108,330,217,0,0.00788686
Warm B,352232,2063,2062,330,217,0,0.008332417
Warm B,348517,2042,2041,330,217,0,0.007551432
Warm B,344473,2021,2020,330,217,0,0.015291747
Warm B,345185,2024,2023,330,217,0,0.0055924067
Warm B,340886,2010,2009,330,217,0,-0.00010162592
Warm B,323526,1919,1918,330,217,1,0.0054790666
Warm B,288323,1722,1721,330,217,0,0.0015252897
Warm B,279785,1680,1679,330,217,1,0.0033168858
Warm B,285828,1705,1704,330,217,0,-0.0036330256
Warm B,247872,1496,1495,330,217,0,0.0011370182
Warm B,358290,2097,2096,330,217,1,0.00038251234
Warm B,224538,1357,1356,330,217,0,-0.0008447706
Warm B,224314,1356,1355,330,217,0,0.00049183425
Warm B,221840,1341,1340,330,217,1,0.008322725
Warm B,221925,1342,1341,330,217,1,-0.0004799089
Warm B,277932,1676,1675,330,217,0,0.0077021215
Warm B,209211,1277,1276,330,217,0,-0.002220272
Warm B,273196,1647,1646,330,217,0,0.011890091
Warm B,211255,1285,1284,330,217,0,0.0019698897
Warm B,196689,1207,1206,330,217,0,0.0042990744
Warm B,173813,1100,1099,330,217,0,-0.007547478
Warm B,272350,1645,1644,330,217,1,0.0022382764
Warm B,159393,1017,1016,330,217,0,0.0031467234
Warm B,342734,2015,2014,330,217,1,0.010713166
Warm B,271070,1639,1638,330,217,0,0.0068812016
Warm B,136858,881,880,330,217,0,-0.00773073
Warm B,134534,869,868,330,217,0,0.0049131103
Warm B,133226,859,858,330,217,0,0.0061326744
Warm B,126711,817,816,330,217,1,-0.0039061722
Warm B,125619,808,807,330,217,1,0.0141768735
Warm B,122823,792,791,330,217,0,0.0034614168
Warm B,115151,748,747,330,217,0,0.007502769
Warm B,108246,710,709,330,217,0,0.005174169
Warm B,177164,1117,1116,330,217,0,-0.0009825184
Warm B,441983,2718,2717,330,217,0,-0.00051011925
Warm B,92823,621,620,330,217,1,0.0075446656
Warm B,91681,608,607,330,217,0,-0.0019110143
Warm B,86801,566,565,330,217,0,-0.0013683015
Warm B,291635,1737,1736,330,217,0,0.0050393483
Warm B,81866,543,542,330,217,0,0.01413477
Warm B,80776,536,535,330,217,0,0.007179905
Warm B,108798,712,711,330,217,0,-0.0032949601
Warm B,78951,530,529,330,217,1,0.0007116692
Warm B,77804,524,523,330,217,1,0.0064090826
Warm B,75999,516,515,330,217,0,0.002634683
Warm B,80361,533,532,330,217,0,0.010644725
Warm B,123540,796,795,330,217,0,0.00972625
Warm B,53852,352,351,330,217,0,0.002604758
Warm B,51181,337,336,330,217,0,0.0059217876
Warm B,132646,855,854,330,217,0,0.0073407474
Warm B,41216,278,277,330,217,1,0.007792754
Warm B,257875,1579,1578,330,217,0,0.005357277
Warm B,40452,272,271,330,217,0,0.004946947
Warm B,36552,245,244,330,217,0,0.0010372405
Warm B,337186,1983,1982,330,217,1,0.017246868
Warm B,99890,667,666,330,217,0,0.0041061076
Warm B,22599,163,162,330,217,0,0.01738359
Warm B,10979,81,80,330,217,0,0.0028235668
Warm B,7801,53,52,330,217,0,0.010139594
Warm B,2649,22,21,330,217,0,0.0049562277
Warm B,2348,19,18,330,217,1,0.0021594404
Warm B,238192,1447,1446,330,217,0,-0.00042553898
Warm B,174304,1101,1100,330,217,0,0.0046072295
Warm B,954252,5761,5760,330,217,0,0.004858776
Warm B,328576,1941,1940,330,217,0,0.007874414
Warm B,164790,1051,1050,330,217,0,0.009768043
Warm B,941494,5682,5681,330,217,0,5.226303e-05
Warm B,28257,195,194,330,217,1,-0.00069685234
Warm B,489306,3012,3011,330,217,0,0.0013415143
Warm B,637084,3836,3835,332,218,0,0.013384184
Warm B,638504,3841,3840,332,218,0,0.0041444516
Warm B,617338,3736,3735,332,218,0,0.004711243
Warm B,596825,3626,3625,332,218,0,0.004111191
Warm B,590849,3603,3602,332,218,0,0.011470716
Warm B,576686,3525,3524,332,218,0,0.0010350649
Warm B,569426,3491,3490,332,218,1,0.004177688
Warm B,566438,3476,3475,332,218,0,0.0059597217
Warm B,507546,3123,3122,332,218,0,0.0036487347
Warm B,902866,5458,5457,332,218,0,0.0084244795
Warm B,547646,3378,3377,332,218,0,0.006230904
Warm B,496630,3051,3050,332,218,0,0.0066935928
Warm B,641127,3853,3852,332,218,0,0.00290517
Warm B,495725,3044,3043,332,218,1,0.0028863156
Warm B,494431,3032,3031,332,218,0,0.01359747
Warm B,488941,3010,3009,332,218,0,0.0071385996
Warm B,517971,3196,3195,332,218,0,-0.0011787368
Warm B,463538,2857,2856,332,218,1,0.004799625
Warm B,444820,2743,2742,332,218,0,0.010229592
Warm B,430183,2621,2620,332,218,0,0.008691147
Warm B,426592,2590,2589,332,218,0,0.006422848
Warm B,415848,2504,2503,332,218,1,0.008030186
Warm B,392465,2304,2303,332,218,0,0.0069253133
Warm B,391167,2299,2298,332,218,0,0.0028762915
Warm B,377411,2203,2202,332,218,0,0.0112116635
Warm B,374351,2181,2180,332,218,0,0.0048500453
Warm B,370788,2167,2166,332,218,0,0.0057831453
Warm B,367779,2147,2146,332,218,0,-0.00019100448
Warm B,366400,2132,2131,332,218,0,0.008452475
Warm B,359130,2101,2100,332,218,0,0.014248742
Warm B,358620,2098,2097,332,218,0,-0.0048246123
Warm B,356524,2088,2087,332,218,0,0.012924103
Warm B,361864,2109,2108,332,218,0,0.0073690824
Warm B,375704,2188,2187,332,218,0,0.012729116
Warm B,344474,2021,2020,332,218,1,0.003758458
Warm B,325559,1926,1925,332,218,0,-0.0013502312
Warm B,311604,1856,1855,332,218,1,0.0007023972
Warm B,305309,1814,1813,332,218,0,0.001160743
Warm B,300749,1781,1780,332,218,1,0.007463791
Warm B,330446,1950,1949,332,218,0,0.011631027
Warm B,292506,1741,1740,332,218,0,0.0056853024
Warm B,279788,1680,1679,332,218,1,0.008239722
Warm B,277127,1675,1674,332,218,0,0.016009849
Warm B,277933,1676,1675,332,218,0,0.017445216
Warm B,361048,2106,2105,332,218,0,0.009767389
Warm B,271551,1641,1640,332,218,0,0.012824494
Warm B,268381,1630,1629,332,218,0,0.0039379755
Warm B,234602,1424,1423,332,218,0,-0.004729255
Warm B,230927,1397,1396,332,218,0,0.0028574336
Warm B,233181,1418,1417,332,218,0,-0.0020623829
Warm B,221926,1342,1341,332,218,0,0.005429964
Warm B,221841,1341,1340,332,218,0,-0.00079676334
Warm B,267311,1624,1623,332,218,0,0.0025457572
Warm B,270167,1635,1634,332,218,0,0.01306351
Warm B,261912,1599,1598,332,218,1,-8.742523e-05
Warm B,196198,1206,1205,332,218,0,0.0065532513
Warm B,328578,1941,1940,332,218,0,0.017308734
Warm B,181654,1135,1134,332,218,0,0.009139448
Warm B,191967,1182,1181,332,218,0,0.0028337964
Warm B,331871,1958,1957,332,218,0,0.017811922
Warm B,184105,1146,1145,332,218,0,0.007212078
Warm B,175725,1112,1111,332,218,0,0.0090665985
Warm B,166122,1058,1057,332,218,0,0.003932664
Warm B,159394,1017,1016,332,218,0,0.012431841
Warm B,150222,967,966,332,218,0,0.0013676686
Warm B,153259,984,983,332,218,0,0.008396332
Warm B,147087,948,947,332,218,0,0.005275334
Warm B,133227,859,858,332,218,0,0.0052985023
Warm B,133068,858,857,332,218,0,0.0042779054
Warm B,352233,2063,2062,332,218,0,0.008602718
Warm B,125620,808,807,332,218,0,0.0028472447
Warm B,114111,741,740,332,218,0,-0.008419089
Warm B,103721,689,688,332,218,1,0.005854661
Warm B,108799,712,711,332,218,0,-0.0019399278
Warm B,179789,1125,1124,332,218,0,0.019158885
Warm B,316998,1884,1883,332,218,1,0.0020379745
Warm B,94745,636,635,332,218,0,0.0016071904
Warm B,235199,1425,1424,332,218,0,0.0008000042
Warm B,90987,602,601,332,218,0,0.010756644
Warm B,308871,1837,1836,332,218,0,0.009263954
Warm B,86225,563,562,332,218,0,0.0018028228
Warm B,250497,1509,1508,332,218,0,0.0060487827
Warm B,84443,550,549,332,218,0,-0.0008334918
Warm B,66644,445,444,332,218,0,0.0072099604
Warm B,51182,337,336,332,218,0,0.0019018124
Warm B,45212,305,304,332,218,0,0.0052331574
Warm B,41217,278,277,332,218,0,0.0025587676
Warm B,22602,163,162,332,218,0,0.0075126663
Warm B,14563,117,116,332,218,0,0.01830125
Warm B,290485,1733,1732,332,218,0,0.0058295606
Warm B,458213,2820,2819,332,218,0,0.0021709306
Warm B,19493,148,147,332,218,0,0.0067451703
Warm B,355125,2077,2076,332,218,0,0.008010726
Warm B,552578,3401,3400,332,218,0,0.0104384115
Warm B,238194,1447,1446,332,218,0,0.017757222
Warm B,52188,343,342,332,218,1,0.009638022
Warm B,474007,2909,2908,332,218,1,0.0099038575
Warm B,171992,1088,1087,332,218,0,0.010641425
Warm B,136859,881,880,332,218,0,0.0076657254
Warm B,63282,424,423,332,218,0,0.015792124
Warm B,489307,3012,3011,332,218,0,0.0071885586
Warm B,442472,2724,2723,334,220,1,0.0059707295
Warm B,696652,4169,4168,334,220,1,-0.010917708
Warm B,421185,2544,2543,334,220,1,0.0033889753
Warm B,416856,2507,2506,334,220,1,0.008577142
Warm B,381391,2230,2229,334,220,0,0.0024490044
Warm B,310180,1845,1844,334,220,1,0.0043185903
Warm B,292509,1741,1740,334,220,1,0.0028259607
Warm B,276414,1671,1670,334,220,1,0.009802488
Warm B,284450,1698,1697,334,220,1,0.00938823
Warm B,319536,1897,1896,334,220,1,-0.0053820354
Warm B,209798,1281,1280,334,220,1,-0.0018312153
Warm B,206019,1264,1263,334,220,1,0.004908053
Warm B,201022,1239,1238,334,220,0,0.0120055815
Warm B,211259,1285,1284,334,220,0,0.013138906
Warm B,244167,1470,1469,334,220,0,-0.003092663
Warm B,308874,1837,1836,334,220,0,0.00068013463
Warm B,296585,1758,1757,334,220,1,0.005907377
Warm B,329531,1943,1942,334,220,1,0.009226368
Warm B,185686,1150,1149,334,220,1,-0.00043650635
Warm B,307650,1835,1834,334,220,0,0.008239134
Warm B,201751,1242,1241,334,220,1,0.008069301
Warm B,168641,1069,1068,334,220,1,0.0057463893
Warm B,191352,1181,1180,334,220,1,0.0042822463
Warm B,320277,1899,1898,334,220,1,0.003521833
Warm B,153868,989,988,334,220,1,-0.0012055808
Warm B,147799,952,951,334,220,1,-0.00065640616
Warm B,142501,919,918,334,220,1,0.0025339525
Warm B,199600,1224,1223,334,220,1,0.005277061
Warm B,138716,889,888,334,220,1,-0.0005519907
Warm B,374886,2185,2184,334,220,1,-0.002174091
Warm B,97953,655,654,334,220,1,-0.0017104786
Warm B,84446,550,549,334,220,1,0.0020928974
Warm B,72984,493,492,334,220,0,0.0021427693
Warm B,45020,303,302,334,220,1,0.0040023797
Warm B,860158,5172,5171,334,220,1,0.008961925
Warm B,431171,2627,2626,334,220,0,-0.0007790631
Warm B,22028,161,160,334,220,1,-0.0014501784
Warm B,20063,149,148,334,220,0,0.009613057
Warm B,3878,28,27,334,220,1,-0.005350937
Warm B,357661,2092,2091,334,220,0,-0.0041015903
Warm B,89371,588,587,334,220,1,0.0086211795
Warm B,158568,1015,1014,334,220,1,0.0021361932
Warm B,42818,293,292,334,220,0,0.004933147
Warm B,484350,2980,2979,334,220,1,-0.00059163524
Warm B,467416,2880,2879,334,220,1,-0.0013349641
Warm B,772740,4607,4606,334,220,0,-0.0017425076
Warm B,475631,2918,2917,334,220,1,0.007969879
Warm B,847952,5096,5095,334,220,1,0.0014130593
Warm B,447701,2760,2759,334,220,0,0.003103485
Warm B,287838,1717,1716,334,220,0,-0.0013777958
Warm B,739440,4418,4417,334,220,1,-0.0049388967
Warm B,27590,193,192,334,220,0,0.0041559264
Warm B,208931,1274,1273,334,220,1,0.005332295
Warm B,160349,1019,1018,334,220,1,0.0004206996
Warm B,696677,4169,4168,340,224,0,-0.0027345954
Warm B,87328,570,569,340,224,1,-0.010604499
Warm B,361067,2106,2105,340,224,0,0.0043499954
Warm B,191382,1181,1180,340,224,0,0.002590962
Warm B,240463,1449,1448,340,224,1,-0.0035328302
Warm B,53885,352,351,340,224,1,-0.0069776378
Warm B,239262,1448,1447,340,224,1,-0.005263446
Warm B,40047,271,270,340,224,1,-0.004311427
Warm B,19028,147,146,340,224,1,0.0096421195
Warm B,6921,48,47,340,224,0,-0.010140123
Warm B,1808,17,16,340,224,0,0.003344387
Warm B,104522,692,691,340,224,1,-0.0027929991
Warm B,268110,1628,1627,340,224,0,-0.0010783004
Warm B,349048,2047,2046,340,224,0,-0.007822015
Warm B,355138,2077,2076,340,224,1,-0.0007993039
Warm B,386171,2258,2257,340,224,0,0.004242442
Warm B,286871,1712,1711,340,224,1,-0.010467805
Warm B,28288,195,194,340,224,1,0.00090478733
Warm B,169962,1079,1078,340,224,0,-0.0030704439
Warm B,145074,934,933,340,224,0,-0.0024964781
Warm B,893071,5394,5393,340,224,0,0.00289779
Warm B,527112,3260,3259,340,224,1,0.0053463373
Warm B,116542,752,751,340,224,0,-0.0057834657
Warm B,974423,5878,5877,340,224,1,0.0036451535
Warm B,458241,2820,2819,346,228,0,-0.0054909512
Warm B,443959,2737,2736,346,228,0,0.0092803845
Warm B,442300,2723,2722,346,228,1,-0.009351816
Warm B,429278,2611,2610,346,228,1,0.007047897
Warm B,416885,2507,2506,346,228,1,0.0021698854
Warm B,410317,2461,2460,346,228,1,0.0006703506
Warm B,404713,2419,2418,346,228,1,0.005637666
Warm B,402496,2402,2401,346,228,1,-0.002971226
Warm B,401053,2389,2388,346,228,0,-0.0006049394
Warm B,376586,2197,2196,346,228,1,-0.013139428
Warm B,375716,2188,2187,346,228,0,0.0070243464
Warm B,364948,2124,2123,346,228,1,-0.0023006117
Warm B,338331,1988,1987,346,228,1,0.009450981
Warm B,315531,1880,1879,346,228,0,0.0045282235
Warm B,276439,1671,1670,346,228,1,0.0023034462
Warm B,266040,1613,1612,346,228,1,-0.0013889053
Warm B,259107,1586,1585,346,228,1,0.010409944
Warm B,247213,1494,1493,346,228,1,-0.00044855592
Warm B,631793,3821,3820,346,228,0,0.0009844766
Warm B,228514,1383,1382,346,228,0,-0.0037534167
Warm B,296601,1758,1757,346,228,1,0.0044331234
Warm B,213660,1298,1297,346,228,1,0.014618561
Warm B,211296,1285,1284,346,228,0,-0.005792846
Warm B,592172,3610,3609,346,228,0,-0.006090712
Warm B,185719,1150,1149,346,228,0,-0.0038140335
Warm B,307668,1835,1834,346,228,1,0.005909071
Warm B,263640,1605,1604,346,228,0,0.0006110014
Warm B,168657,1069,1068,346,228,0,0.011472924
Warm B,164027,1050,1049,346,228,0,0.008670205
Warm B,158599,1015,1014,346,228,1,-0.00022290461
Warm B,217300,1317,1316,346,228,1,0.0044039194
Warm B,139475,891,890,346,228,1,0.0023074457
Warm B,138753,889,888,346,228,0,0.0032191493
Warm B,136884,881,880,346,228,0,-0.0069328016
Warm B,134770,870,869,346,228,1,0.0032125297
Warm B,132083,854,853,346,228,0,0.007880021
Warm B,160377,1019,1018,346,228,0,0.0069482294
Warm B,452145,2784,2783,346,228,1,-0.0014109339
Warm B,696688,4169,4168,346,228,1,0.005620659
Warm B,239268,1448,1447,346,228,1,0.012897426
Warm B,132660,855,854,346,228,0,0.012153219
Warm B,45214,305,304,346,228,0,-0.007214329
Warm B,300539,1780,1779,346,228,0,-0.013349068
Warm B,23174,166,165,346,228,0,0.011615434
Warm B,6930,48,47,346,228,0,0.0037236637
Warm B,108268,710,709,346,228,1,-0.00056526065
Warm B,95566,639,638,346,228,1,-0.0024216531
Warm B,286875,1712,1711,346,228,1,-0.0022159393
Warm B,257899,1579,1578,346,228,0,0.008818844
Warm B,844047,5074,5073,346,228,1,0.008051921
Warm B,460838,2841,2840,346,228,1,0.005904046
Warm B,750487,4478,4477,346,228,0,0.008603286
Warm B,265256,1611,1610,346,228,1,0.0030759764
Warm B,20092,149,148,346,228,1,-0.0075773504
Warm B,50664,333,332,346,228,0,0.0010392335
Warm B,958891,5787,5786,346,228,1,0.014626913
Warm B,554602,3411,3410,346,228,0,0.0004924594
Warm B,371816,2172,2171,346,228,0,-0.0019955344
Warm B,739448,4418,4417,346,228,1,0.0071062
Warm B,923994,5580,5579,346,228,1,-0.0058798715
Warm B,474819,2913,2912,352,233,1,0.003236563
Warm B,460433,2840,2839,352,233,0,0.0050531207
Warm B,696714,4169,4168,352,233,0,0.011086
Warm B,433781,2643,2642,352,233,0,0.016136417
Warm B,397116,2351,2350,352,233,0,0.020722765
Warm B,382537,2235,2234,352,233,1,0.010481958
Warm B,369217,2158,2157,352,233,1,-0.0037750273
Warm B,368010,2148,2147,352,233,0,0.002544568
Warm B,366481,2134,2133,352,233,1,0.010063403
Warm B,356059,2085,2084,352,233,0,0.0094099045
Warm B,355377,2078,2077,352,233,0,0.0074783014
Warm B,338352,1988,1987,352,233,0,0.006439661
Warm B,259656,1587,1586,352,233,1,0.0101556
Warm B,303125,1800,1799,352,233,0,0.00055854535
Warm B,241455,1451,1450,352,233,1,0.012506414
Warm B,231762,1404,1403,352,233,0,0.011582354
Warm B,233498,1420,1419,352,233,0,0.0032211193
Warm B,220926,1339,1338,352,233,0,0.0026435517
Warm B,308186,1836,1835,352,233,0,0.00294571
Warm B,211331,1285,1284,352,233,1,0.008479307
Warm B,279882,1680,1679,352,233,0,0.008599678
Warm B,188454,1169,1168,352,233,0,0.009209483
Warm B,212555,1294,1293,352,233,1,-0.0057437276
Warm B,185750,1150,1149,352,233,0,-0.00046223868
Warm B,166629,1059,1058,352,233,0,0.005103789
Warm B,364011,2120,2119,352,233,1,0.0075903516
Warm B,152051,977,976,352,233,0,0.012128543
Warm B,221609,1340,1339,352,233,0,0.014966352
Warm B,149753,963,962,352,233,0,0.008914568
Warm B,138783,889,888,352,233,0,0.00089570554
Warm B,713366,4277,4276,352,233,0,0.0015246258
Warm B,130715,847,846,352,233,0,0.00798373
Warm B,129677,839,838,352,233,1,0.016762426
Warm B,298207,1767,1766,352,233,1,0.0029050352
Warm B,117274,756,755,352,233,0,0.004852777
Warm B,96679,648,647,352,233,0,0.0050138338
Warm B,89507,589,588,352,233,0,0.007834092
Warm B,88952,587,586,352,233,0,0.005782646
Warm B,197458,1211,1210,352,233,1,0.010756055
Warm B,70923,476,475,352,233,1,0.0022605744
Warm B,116572,752,751,352,233,1,0.015492503
Warm B,70276,474,473,352,233,0,0.0082829315
Warm B,59194,402,401,352,233,1,0.0006629734
Warm B,53928,352,351,352,233,0,0.011430835
Warm B,317922,1889,1888,352,233,0,0.007197422
Warm B,40494,272,271,352,233,0,0.007478018
Warm B,26820,190,189,352,233,0,0.0010345415
Warm B,24965,175,174,352,233,1,0.005756627
Warm B,21632,157,156,352,233,1,0.0024197262
Warm B,49575,329,328,352,233,0,0.010620894
Warm B,257918,1579,1578,352,233,0,0.018162703
Warm B,575566,3519,3518,352,233,0,0.01377593
Warm B,485295,2986,2985,352,233,0,0.008388146
Warm B,499709,3067,3066,352,233,1,0.0030693728
Warm B,195730,1203,1202,352,233,0,0.0064342525
Warm B,882228,5329,5328,352,233,1,0.009013953
Warm B,565778,3475,3474,352,233,1,0.010147521
Warm B,893083,5394,5393,352,233,1,0.01275946
Warm B,974441,5878,5877,352,233,1,0.013736898
Warm B,933604,5636,5635,354,235,0,0.017217722
Warm B,249954,1505,1504,354,235,0,0.0069750026
Warm B,777961,4647,4646,354,235,0,0.009483196
Warm B,309784,1842,1841,354,235,1,0.022311728
Warm B,255628,1556,1555,354,235,0,0.0111747375
Warm B,105713,698,697,354,235,1,0.0056125307
Warm B,941517,5682,5681,354,235,1,0.004847868
Warm B,600290,3650,3649,358,239,0,0.015018966
Warm B,594983,3620,3619,358,239,0,0.01113086
Warm B,583957,3563,3562,358,239,0,0.0031167232
Warm B,872560,5269,5268,358,239,0,0.0048966925
Warm B,579726,3539,3538,358,239,1,0.009994904
Warm B,572463,3507,3506,358,239,1,0.0064971894
Warm B,563224,3464,3463,358,239,1,0.0040346365
Warm B,557880,3425,3424,358,239,0,0.017034804
Warm B,542743,3339,3338,358,239,0,0.010840422
Warm B,536265,3308,3307,358,239,0,0.010757274
Warm B,561697,3454,3453,358,239,1,-0.0044046342
Warm B,527639,3261,3260,358,239,1,0.012687369
Warm B,522012,3223,3222,358,239,0,0.0040307436
Warm B,537466,3311,3310,358,239,0,0.010805566
Warm B,635972,3833,3832,358,239,1,0.011364244
Warm B,515082,3180,3179,358,239,0,0.008823037
Warm B,502272,3082,3081,358,239,1,0.013652997
Warm B,550565,3391,3390,358,239,1,0.0038658185
Warm B,492988,3029,3028,358,239,0,0.011649469
Warm B,485300,2986,2985,358,239,1,-0.0019237367
Warm B,483996,2976,2975,358,239,0,0.007711089
Warm B,471712,2901,2900,358,239,1,0.010596038
Warm B,455030,2800,2799,358,239,0,0.012507621
Warm B,451176,2777,2776,358,239,1,0.00018273015
Warm B,448560,2764,2763,358,239,0,0.008526205
Warm B,564722,3471,3470,358,239,0,0.015074316
Warm B,440378,2692,2691,358,239,1,0.01579336
Warm B,404732,2419,2418,358,239,0,0.003819805
Warm B,393317,2311,2310,358,239,0,0.00391673
Warm B,390185,2288,2287,358,239,0,0.004944245
Warm B,359575,2102,2101,358,239,0,0.010437115
Warm B,340921,2010,2009,358,239,0,0.013332377
Warm B,288047,1720,1719,358,239,0,0.007106879
Warm B,259661,1587,1586,358,239,0,0.010910322
Warm B,299809,1778,1777,358,239,1,0.008313084
Warm B,296613,1758,1757,358,239,0,0.0009297803
Warm B,308911,1837,1836,358,239,0,0.013464209
Warm B,263676,1605,1604,358,239,0,-0.0025160424
Warm B,168676,1069,1068,358,239,0,0.0078836335
Warm B,164046,1050,1049,358,239,0,0.0120316325
Warm B,162510,1035,1034,358,239,1,0.012623325
Warm B,136921,881,880,358,239,0,0.014134425
Warm B,155015,999,998,358,239,1,0.01127162
Warm B,352310,2063,2062,358,239,0,0.00949393
Warm B,126953,818,817,358,239,0,-0.0011656429
Warm B,110445,720,719,358,239,0,0.014256635
Warm B,329562,1943,1942,358,239,0,0.01040587
Warm B,92837,621,620,358,239,0,0.014859671
Warm B,91692,608,607,358,239,1,-0.0003043916
Warm B,90033,593,592,358,239,1,0.0013593559
Warm B,239302,1448,1447,358,239,1,0.015201194
Warm B,77863,524,523,358,239,0,0.02375812
Warm B,197464,1211,1210,358,239,0,0.004070617
Warm B,68292,457,456,358,239,0,0.01533119
Warm B,67573,453,452,358,239,0,0.0057504736
Warm B,60214,409,408,358,239,0,0.00038245902
Warm B,784227,4682,4681,358,239,1,-0.0034207597
Warm B,27290,192,191,358,239,0,0.0058137695
Warm B,7871,53,52,358,239,1,0.0050688176
Warm B,262602,1601,1600,358,239,1,0.0059752157
Warm B,45425,306,305,358,239,1,0.010818211
Warm B,893089,5394,5393,358,239,0,0.013478293
Warm B,257926,1579,1578,358,239,0,0.009495376
Warm B,241461,1451,1450,358,239,0,0.011534762
Warm B,317928,1889,1888,358,239,0,0.018750524
Warm B,88957,587,586,358,239,0,0.0025485242
Warm B,433286,2641,2640,358,239,1,0.005122469
Warm B,145905,937,936,358,239,1,0.014915372
Warm B,973498,5872,5871,358,239,0,0.013815593
Warm B,907720,5492,5491,358,239,0,0.0070954654
Warm B,20124,149,148,358,239,0,0.010384535
Warm B,207124,1266,1265,358,239,0,0.0070336736
Warm B,575909,3520,3519,358,239,0,0.00799725
Warm B,134577,869,868,358,239,1,0.008236466
Warm B,757337,4508,4507,358,239,0,0.0072477404
Warm B,960335,5792,5791,358,239,0,0.010812731
Warm B,322685,1912,1911,358,239,0,0.005493474
Warm B,941521,5682,5681,358,239,1,0.011749093
Warm B,273253,1647,1646,358,239,0,0.022989878
Warm B,554920,3412,3411,358,239,1,0.008110292
Warm B,974448,5878,5877,358,239,0,-0.00095269084
Warm B,377455,2203,2202,360,240,1,0.008771542
Warm B,369685,2163,2162,360,240,1,-0.0011024843
Warm B,352346,2063,2062,360,240,0,0.010936366
Warm B,361920,2109,2108,360,240,0,0.015637692
Warm B,340939,2010,2009,360,240,0,0.014645189
Warm B,289039,1726,1725,360,240,0,0.002998933
Warm B,299821,1778,1777,360,240,0,0.010816101
Warm B,266080,1613,1612,360,240,0,0.0067454567
Warm B,264751,1609,1608,360,240,0,0.0076929526
Warm B,361119,2106,2105,360,240,0,0.0062067886
Warm B,245074,1476,1475,360,240,0,0.00061375345
Warm B,356925,2090,2089,360,240,0,0.005389026
Warm B,336362,1980,1979,360,240,0,0.018893864
Warm B,233201,1418,1417,360,240,0,0.009678265
Warm B,223792,1354,1353,360,240,0,-6.495579e-05
Warm B,279932,1680,1679,360,240,0,0.015354618
Warm B,320889,1902,1901,360,240,1,0.011528233
Warm B,196754,1207,1206,360,240,0,0.005024315
Warm B,192481,1184,1183,360,240,0,0.0088295825
Warm B,186873,1158,1157,360,240,1,0.015134204
Warm B,328718,1941,1940,360,240,0,0.007952761
Warm B,164057,1050,1049,360,240,0,0.010747077
Warm B,275731,1667,1666,360,240,0,0.011798044
Warm B,155022,999,998,360,240,0,0.009832429
Warm B,152718,983,982,360,240,1,0.007483526
Warm B,325895,1928,1927,360,240,1,0.008526053
Warm B,157248,1010,1009,360,240,0,0.008552384
Warm B,202695,1244,1243,360,240,0,0.010477911
Warm B,131511,851,850,360,240,1,0.0030798833
Warm B,249025,1501,1500,360,240,0,0.019576084
Warm B,332867,1962,1961,360,240,0,0.006245734
Warm B,125084,802,801,360,240,1,0.0023183161
Warm B,123181,795,794,360,240,0,0.0026563113
Warm B,240529,1449,1448,360,240,0,0.017624388
Warm B,111064,721,720,360,240,0,0.009534599
Warm B,106320,699,698,360,240,0,0.0047009476
Warm B,179836,1125,1124,360,240,0,0.0033927294
Warm B,99074,660,659,360,240,0,0.013008015
Warm B,314223,1875,1874,360,240,0,0.010946168
Warm B,84521,550,549,360,240,1,0.014897339
Warm B,77887,524,523,360,240,0,0.026013985
Warm B,73735,499,498,360,240,1,0.0061870962
Warm B,71180,477,476,360,240,0,0.013272582
Warm B,334060,1969,1968,360,240,0,0.011427614
Warm B,47649,319,318,360,240,0,0.01287161
Warm B,145508,935,934,360,240,0,0.0041628308
Warm B,627092,3792,3791,360,240,0,0.015848104
Warm B,32244,216,215,360,240,0,0.0203765
Warm B,30013,202,201,360,240,0,0.010305505
Warm B,29294,199,198,360,240,0,0.013204318
Warm B,22662,163,162,360,240,0,0.016161403
Warm B,13054,101,100,360,240,1,0.014805134
Warm B,9393,62,61,360,240,0,0.00962715
Warm B,6972,48,47,360,240,0,0.011076381
Warm B,108308,710,709,360,240,0,0.009823613
Warm B,696744,4169,4168,360,240,0,0.014541437
Warm B,78688,528,527,360,240,0,-0.0045787245
Warm B,238276,1447,1446,360,240,0,0.008233747
Warm B,363412,2116,2115,360,240,0,0.0041614724
Warm B,12110,92,91,360,240,0,0.006278188
Warm B,272393,1645,1644,360,240,1,0.0078080846
Warm B,35115,237,236,360,240,0,0.0148900375
Warm B,79735,531,530,360,240,0,0.02234511
Warm B,907722,5492,5491,360,240,0,0.011744638
Warm B,134600,869,868,360,240,0,0.004496323
Warm B,599481,3648,3647,360,240,0,0.010115035
Warm B,699788,4186,4185,360,240,0,0.010893085
Warm B,535151,3301,3300,363,243,1,0.0051380987
Warm B,805799,4823,4822,363,243,1,0.019892711
Warm B,29300,199,198,365,245,1,-0.00048191193
Warm B,26532,187,186,365,245,1,0.0069429018
Warm B,19562,148,147,365,245,0,0.007439654
Warm B,7896,53,52,365,245,0,-0.00036404293
Warm B,96759,649,648,365,245,0,0.0018873964
Warm B,241482,1451,1450,365,245,1,0.00023722043
Warm B,265296,1611,1610,365,245,1,0.009046793
Warm B,329581,1943,1942,365,245,0,-0.00627232
Warm B,195757,1203,1202,365,245,1,0.0105042625
Warm B,287871,1717,1716,365,245,1,-0.015241295
Warm B,967008,5831,5830,365,245,1,-0.0068243467
Warm B,636534,3834,3833,374,253,1,0.006651194
Warm B,600326,3650,3649,374,253,0,0.0072134784
Warm B,590295,3600,3599,374,253,0,0.008249272
Warm B,731253,4375,4374,374,253,0,0.0028017508
Warm B,582281,3557,3556,374,253,1,0.007779579
Warm B,758841,4510,4509,374,253,1,0.014007868
Warm B,573011,3509,3508,374,253,0,0.019530445
Warm B,557039,3422,3421,374,253,0,0.001633348
Warm B,550622,3391,3390,374,253,0,0.009308631
Warm B,547668,3378,3377,374,253,0,-0.004975283
Warm B,541136,3328,3327,374,253,0,0.001989632
Warm B,537525,3311,3310,374,253,0,0.008385839
Warm B,536293,3308,3307,374,253,0,0.013665633
Warm B,531292,3280,3279,374,253,0,-0.0059576756
Warm B,522989,3224,3223,374,253,0,0.0038877814
Warm B,540113,3320,3319,374,253,0,0.012838902
Warm B,515098,3180,3179,374,253,0,0.011646131
Warm B,508827,3129,3128,374,253,0,-0.0028841812
Warm B,502291,3082,3081,374,253,0,0.004530032
Warm B,516671,3189,3188,374,253,0,0.0052929334
Warm B,499756,3067,3066,374,253,0,0.0032754582
Warm B,494552,3032,3031,374,253,1,0.0009652437
Warm B,492200,3026,3025,374,253,0,-0.0047982167
Warm B,489781,3013,3012,374,253,0,0.0020752018
Warm B,487631,2999,2998,374,253,0,0.0071577085
Warm B,478314,2934,2933,374,253,1,-0.0014605266
Warm B,472912,2907,2906,374,253,0,0.012619732
Warm B,470539,2896,2895,374,253,0,0.0055851713
Warm B,456619,2810,2809,374,253,0,0.004619609
Warm B,450405,2776,2775,374,253,0,0.0055781174
Warm B,451218,2777,2776,374,253,0,-0.0042826138
Warm B,444867,2743,2742,374,253,0,-0.0050431024
Warm B,427537,2595,2594,374,253,0,0.0010572234
Warm B,420573,2541,2540,374,253,1,0.004348397
Warm B,419974,2537,2536,374,253,0,-0.00023461727
Warm B,399613,2378,2377,374,253,0,0.005824673
Warm B,397654,2355,2354,374,253,0,-0.002360521
Warm B,383819,2242,2241,374,253,0,0.0031683508
Warm B,380011,2222,2221,374,253,0,-0.0069638183
Warm B,379598,2219,2218,374,253,0,0.0065783355
Warm B,382546,2235,2234,374,253,1,0.007844458
Warm B,356075,2085,2084,374,253,0,-0.0039831055
Warm B,361938,2109,2108,374,253,0,0.012416884
Warm B,352386,2063,2062,374,253,0,0.009182112
Warm B,436721,2665,2664,374,253,0,0.013600115
Warm B,341837,2012,2011,374,253,0,0.013726768
Warm B,297760,1764,1763,374,253,1,0.009658698
Warm B,288162,1721,1720,374,253,0,0.006741723
Warm B,271349,1640,1639,374,253,0,-0.0018851275
Warm B,361141,2106,2105,374,253,0,0.0061598485
Warm B,236507,1434,1433,374,253,0,-0.00075296545
Warm B,278033,1676,1675,374,253,0,0.009803811
Warm B,226446,1370,1369,374,253,0,-0.00659417
Warm B,261975,1599,1598,374,253,0,0.013742775
Warm B,279999,1680,1679,374,253,0,0.013739968
Warm B,213703,1298,1297,374,253,1,0.0076292725
Warm B,328772,1941,1940,374,253,0,-0.0062083085
Warm B,331962,1958,1957,374,253,0,0.002541367
Warm B,178403,1120,1119,374,253,1,0.018852575
Warm B,173867,1100,1099,374,253,0,-0.00095811667
Warm B,172991,1096,1095,374,253,0,0.0017707805
Warm B,168092,1068,1067,374,253,0,0.003742334
Warm B,162791,1039,1038,374,253,0,0.0038660218
Warm B,255647,1556,1555,374,253,0,-0.00059913355
Warm B,189525,1173,1172,374,253,0,0.0013697785
Warm B,342835,2015,2014,374,253,0,0.006927319
Warm B,165517,1054,1053,374,253,1,0.013862625
Warm B,153325,984,983,374,253,0,0.008400256
Warm B,249369,1502,1501,374,253,0,0.0006800217
Warm B,145118,934,933,374,253,0,0.008630207
Warm B,164885,1051,1050,374,253,0,0.012705395
Warm B,136961,881,880,374,253,0,0.004338418
Warm B,249036,1501,1500,374,253,0,0.0009665061
Warm B,126753,817,816,374,253,0,0.0051058186
Warm B,124346,800,799,374,253,0,0.0043289363
Warm B,117693,757,756,374,253,0,-0.0024192107
Warm B,216524,1314,1313,374,253,0,-0.0011087265
Warm B,106334,699,698,374,253,0,-0.0015152105
Warm B,108328,710,709,374,253,0,0.012258621
Warm B,179854,1125,1124,374,253,0,0.0030718618
Warm B,109468,714,713,374,253,0,0.0011294803
Warm B,99091,660,659,374,253,0,0.010394403
Warm B,177235,1117,1116,374,253,0,0.0001946179
Warm B,96516,647,646,374,253,0,0.007268078
Warm B,93889,629,628,374,253,1,0.008933881
Warm B,425820,2583,2582,374,253,0,0.009973869
Warm B,191492,1181,1180,374,253,0,0.00992249
Warm B,406245,2436,2435,374,253,1,0.010177287
Warm B,84550,550,549,374,253,0,-0.0034474807
Warm B,299838,1778,1777,374,253,0,0.008932323
Warm B,119553,770,769,374,253,0,0.018975284
Warm B,73187,494,493,374,253,0,0.0043379827
Warm B,116621,752,751,374,253,0,0.013572738
Warm B,68906,461,460,374,253,0,0.0063185203
Warm B,87127,569,568,374,253,0,-0.0075140027
Warm B,75116,509,508,374,253,0,0.0048628217
Warm B,55144,365,364,374,253,0,0.008757419
Warm B,240560,1449,1448,374,253,0,0.008938225
Warm B,44734,302,301,374,253,0,0.010142439
Warm B,32272,216,215,374,253,0,0.014595852
Warm B,291725,1737,1736,374,253,0,0.0045010103
Warm B,235286,1425,1424,374,253,0,0.014189962
Warm B,49628,329,328,374,253,0,0.0026130122
Warm B,6998,48,47,374,253,0,0.0011297581
Warm B,142245,918,917,374,253,0,0.00091451744
Warm B,19580,148,147,374,253,0,0.0010511323
Warm B,585047,3571,3570,374,253,0,-0.010027045
Warm B,552667,3401,3400,374,253,0,0.013539442
Warm B,65590,438,437,374,253,0,0.0017190508
Warm B,238309,1447,1446,374,253,0,0.013082003
Warm B,954267,5761,5760,374,253,0,0.0033625534
Warm B,326221,1930,1929,374,253,0,0.010725384
Warm B,386205,2258,2257,374,253,0,0.008815991
Warm B,363436,2116,2115,374,253,1,0.0017361774
Warm B,334071,1969,1968,374,253,0,0.01179985
Warm B,272402,1645,1644,374,253,1,0.010365685
Warm B,376481,2195,2194,374,253,0,0.0062361304
Warm B,28379,195,194,374,253,0,0.016028393
Warm B,79758,531,530,374,253,0,0.012746625
Warm B,172112,1088,1087,374,253,0,-0.00010667625
Warm B,795535,4765,4764,374,253,0,0.008371088
Warm B,484684,2985,2984,374,253,0,0.013731696
Warm B,699795,4186,4185,374,253,0,0.011912106
Warm B,577561,3526,3525,378,256,0,0.0009451844
Warm B,541139,3328,3327,378,256,1,0.008393661
Warm B,537527,3311,3310,378,256,0,0.005120403
Warm B,529271,3271,3270,378,256,0,0.012147592
Warm B,522993,3224,3223,378,256,1,0.016010655
Warm B,519625,3205,3204,378,256,0,0.0126824435
Warm B,540116,3320,3319,378,256,0,0.019467443
Warm B,503714,3095,3094,378,256,1,0.0039650975
Warm B,503025,3087,3086,378,256,0,0.012864983
Warm B,495763,3044,3043,378,256,1,0.009925721
Warm B,489782,3013,3012,378,256,1,0.013412215
Warm B,480676,2950,2949,378,256,0,0.009267047
Warm B,530049,3272,3271,378,256,0,0.004352441
Warm B,968849,5840,5839,378,256,0,0.015756365
Warm B,472915,2907,2906,378,256,0,0.020702122
Warm B,451222,2777,2776,378,256,0,0.008863424
Warm B,437151,2668,2667,378,256,0,0.012801969
Warm B,434517,2649,2648,378,256,1,0.008739378
Warm B,419336,2533,2532,378,256,0,-0.0066246893
Warm B,419504,2536,2535,378,256,0,-0.002420513
Warm B,404297,2418,2417,378,256,0,0.0010940651
Warm B,401185,2390,2389,378,256,1,0.009371694
Warm B,393175,2309,2308,378,256,1,0.002573893
Warm B,380012,2222,2221,378,256,0,0.008889886
Warm B,369578,2162,2161,378,256,1,0.018521048
Warm B,324789,1924,1923,378,256,0,0.0014123225
Warm B,299840,1778,1777,378,256,0,0.0044379774
Warm B,302312,1794,1793,378,256,0,0.009734154
Warm B,286346,1709,1708,378,256,0,0.006128708
Warm B,266103,1613,1612,378,256,0,0.016037151
Warm B,246975,1491,1490,378,256,0,0.0068479087
Warm B,227348,1377,1376,378,256,0,0.009590105
Warm B,336400,1980,1979,378,256,0,0.012535847
Warm B,222479,1345,1344,378,256,0,0.0013298746
Warm B,361146,2106,2105,378,256,0,-0.0020907554
Warm B,203912,1254,1253,378,256,1,0.00846993
Warm B,280005,1680,1679,378,256,0,0.018035525
Warm B,192487,1184,1183,378,256,0,0.0069685136
Warm B,189653,1175,1174,378,256,0,0.012345664
Warm B,189148,1172,1171,378,256,0,0.016974626
Warm B,174878,1107,1106,378,256,0,0.006219378
Warm B,188336,1168,1167,378,256,0,0.011876686
Warm B,175805,1112,1111,378,256,0,0.003201457
Warm B,164084,1050,1049,378,256,0,0.006636825
Warm B,140382,899,898,378,256,0,0.013527602
Warm B,138862,889,888,378,256,0,0.014568997
Warm B,380499,2223,2222,378,256,0,0.013799852
Warm B,134631,869,868,378,256,0,0.009151666
Warm B,132128,854,853,378,256,0,0.0088678105
Warm B,249039,1501,1500,378,256,1,-0.0039209044
Warm B,263721,1605,1604,378,256,0,0.018838504
Warm B,119555,770,769,378,256,0,0.0038807783
Warm B,117866,759,758,378,256,0,0.005988323
Warm B,112725,731,730,378,256,1,0.012392163
Warm B,103732,689,688,378,256,0,0.0135954525
Warm B,90299,595,594,378,256,0,0.009914142
Warm B,77919,524,523,378,256,0,0.019603128
Warm B,239366,1448,1447,378,256,0,0.012294652
Warm B,70943,476,475,378,256,0,0.011261393
Warm B,72369,482,481,378,256,0,0.01608
Warm B,64663,432,431,378,256,0,0.015207449
Warm B,627109,3792,3791,378,256,0,0.02085948
Warm B,53999,352,351,378,256,0,0.007001384
Warm B,59652,405,404,378,256,1,0.008809395
Warm B,78705,528,527,378,256,1,0.0047293133
Warm B,61406,412,411,378,256,1,0.012027145
Warm B,30043,202,201,378,256,0,0.010877772
Warm B,27334,192,191,378,256,0,0.01017243
Warm B,21316,156,155,378,256,1,0.009914156
Warm B,22685,163,162,378,256,0,0.006810025
Warm B,6356,45,44,378,256,0,0.016295258
Warm B,3618,26,25,378,256,1,0.01367182
Warm B,545407,3363,3362,378,256,1,0.008907471
Warm B,108331,710,709,378,256,0,0.007475217
Warm B,374444,2181,2180,378,256,1,0.01438702
Warm B,143755,927,926,378,256,0,0.00992855
Warm B,400020,2380,2379,378,256,0,0.013347954
Warm B,317958,1889,1888,378,256,1,0.017707374
Warm B,136965,881,880,378,256,0,0.0053102467
Warm B,206499,1265,1264,378,256,0,0.007874413
Warm B,297779,1764,1763,387,262,1,0.0036767304
Warm B,290832,1735,1734,387,262,0,0.0037559732
Warm B,301416,1790,1789,387,262,1,-0.0009823516
Warm B,289542,1727,1726,387,262,0,0.0095248055
Warm B,286033,1706,1705,387,262,0,0.0071511804
Warm B,280051,1680,1679,387,262,1,0.015921466
Warm B,271353,1640,1639,387,262,0,0.0039037461
Warm B,266122,1613,1612,387,262,0,0.010903385
Warm B,236255,1433,1432,387,262,0,0.006027925
Warm B,233209,1418,1417,387,262,1,0.0072708726
Warm B,227361,1377,1376,387,262,0,-0.0012521925
Warm B,220081,1333,1332,387,262,0,-0.0052923295
Warm B,320905,1902,1901,387,262,0,0.012530635
Warm B,267355,1624,1623,387,262,0,0.0014160261
Warm B,185845,1150,1149,387,262,0,0.003264145
Warm B,176165,1113,1112,387,262,0,-0.0010105404
Warm B,173879,1100,1099,387,262,0,0.004235758
Warm B,275755,1667,1666,387,262,0,0.0016591728
Warm B,155044,999,998,387,262,0,0.002414477
Warm B,221685,1340,1339,387,262,0,0.0081495065
Warm B,157303,1010,1009,387,262,0,-0.0042999825
Warm B,134654,869,868,387,262,0,0.0029919306
Warm B,202726,1244,1243,387,262,0,0.0015571751
Warm B,407455,2446,2445,387,262,1,0.0036446834
Warm B,128625,832,831,387,262,0,0.0023267868
Warm B,120826,778,777,387,262,0,0.009210107
Warm B,106361,699,698,387,262,0,0.020335793
Warm B,96522,647,646,387,262,0,0.0085332
Warm B,150827,970,969,387,262,0,0.010295627
Warm B,81968,543,542,387,262,1,0.00026525604
Warm B,239398,1448,1447,387,262,0,0.0036751782
Warm B,77952,524,523,387,262,0,0.012175821
Warm B,299856,1778,1777,387,262,1,0.01309448
Warm B,70954,476,475,387,262,1,0.003193118
Warm B,240596,1449,1448,387,262,0,0.008408744
Warm B,713425,4277,4276,387,262,0,0.003221455
Warm B,24710,174,173,387,262,0,-0.000100854784
Warm B,389517,2282,2281,387,262,0,0.004622341
Warm B,15781,123,122,387,262,0,0.008501245
Warm B,408471,2453,2452,387,262,0,0.0049203
Warm B,599516,3648,3647,387,262,0,-0.002798628
Warm B,718721,4305,4304,387,262,0,0.008653626
Warm B,287328,1715,1714,388,263,0,-0.0032352442
Warm B,280053,1680,1679,388,263,1,0.014298797
Warm B,319626,1897,1896,388,263,1,0.010691864
Warm B,296645,1758,1757,388,263,1,0.002928119
Warm B,213728,1298,1297,388,263,1,0.01040331
Warm B,212188,1291,1290,388,263,0,0.0010715427
Warm B,204137,1255,1254,388,263,1,-0.0045899996
Warm B,199667,1224,1223,388,263,1,0.0014723457
Warm B,196795,1207,1206,388,263,0,0.009718714
Warm B,185846,1150,1149,388,263,0,0.012587861
Warm B,268161,1628,1627,388,263,1,-0.003477217
Warm B,143392,924,923,388,263,1,0.006171699
Warm B,124619,801,800,388,263,1,0.0038215658
Warm B,107391,706,705,388,263,0,0.0066602062
Warm B,295089,1752,1751,388,263,1,0.006912849
Warm B,89660,590,589,388,263,1,-0.00044323003
Warm B,155523,1001,1000,388,263,1,0.0074354466
Warm B,54033,352,351,388,263,1,0.0048617804
Warm B,49655,329,328,388,263,1,0.0076127164
Warm B,47699,319,318,388,263,1,0.0031971682
Warm B,198278,1218,1217,388,263,1,0.0061975988
Warm B,199915,1227,1226,388,263,1,0.0063088755
Warm B,26566,187,186,388,263,1,0.001447349
Warm B,30663,204,203,388,263,0,0.013282747
Warm B,207196,1266,1265,388,263,1,0.0033569033
Warm B,158736,1015,1014,388,263,0,0.00776104
Warm B,572524,3507,3506,388,263,1,0.0076848185
Warm B,317085,1884,1883,388,263,1,0.012978705
Warm B,50349,331,330,388,263,1,0.007073938
Warm B,102694,678,677,388,263,1,0.00086748693
Warm B,160478,1019,1018,388,263,0,0.0049099987
Warm B,309822,1842,1841,388,263,1,0.001959444
Warm B,499775,3067,3066,388,263,1,0.008443371
Warm B,260757,1593,1592,388,263,0,0.0035801516
Warm B,187839,1164,1163,388,263,0,-0.0013382898
Warm B,116644,752,751,388,263,0,0.004659857
Warm B,300605,1780,1779,388,263,0,0.0156117175
Warm B,337583,1984,1983,393,264,0,0.0069789626
Warm B,233217,1418,1417,393,264,0,0.0040398883
Warm B,227374,1377,1376,393,264,0,0.01162173
Warm B,216277,1312,1311,393,264,0,0.009163126
Warm B,221708,1340,1339,393,264,0,0.008805476
Warm B,299866,1778,1777,393,264,0,0.0029373555
Warm B,224378,1356,1355,393,264,0,0.0014845277
Warm B,244248,1470,1469,393,264,0,0.0019322142
Warm B,191573,1181,1180,393,264,0,0.015073249
Warm B,179295,1124,1123,393,264,0,0.009261314
Warm B,249063,1501,1500,393,264,1,-0.0020416481
Warm B,172170,1088,1087,393,264,0,0.003507147
Warm B,175840,1112,1111,393,264,0,0.012042532
Warm B,342892,2015,2014,393,264,0,0.0019834486
Warm B,155058,999,998,393,264,0,0.0051771123
Warm B,277228,1675,1674,393,264,0,0.00965825
Warm B,137007,881,880,393,264,0,0.0029006023
Warm B,178445,1120,1119,393,264,0,0.0104451515
Warm B,120653,777,776,393,264,0,0.0014404207
Warm B,106375,699,698,393,264,0,-0.0034495392
Warm B,177282,1117,1116,393,264,0,0.0060311547
Warm B,96525,647,646,393,264,0,-0.00311835
Warm B,203354,1246,1245,393,264,0,0.014238856
Warm B,85962,562,561,393,264,0,0.0020706821
Warm B,119594,770,769,393,264,0,0.015518268
Warm B,81989,543,542,393,264,0,0.008647455
Warm B,501532,3080,3079,393,264,0,0.00691065
Warm B,44801,302,301,393,264,0,0.008519158
Warm B,41963,284,283,393,264,0,-0.0012587528
Warm B,31262,210,209,393,264,0,0.0030358105
Warm B,14667,117,116,393,264,0,0.0053393533
Warm B,13313,103,102,393,264,1,0.009720416
Warm B,49679,329,328,393,264,0,0.004907391
Warm B,20208,149,148,393,264,0,0.00877237
Warm B,623,8,7,393,264,0,0.018169548
Warm B,40105,271,270,393,264,0,0.002351832
Warm B,238361,1447,1446,393,264,0,0.018552694
Warm B,546363,3368,3367,393,264,0,0.0044910563
Warm B,286451,1710,1709,393,264,0,0.011818649
Warm B,376497,2195,2194,393,264,0,-0.0011418792
Warm B,596973,3626,3625,393,264,0,0.009013458
Warm B,581477,3550,3549,393,264,0,0.0063606533
Warm B,599538,3648,3647,393,264,0,0.0091101555
Warm B,63487,424,423,393,264,0,0.011578725
Warm B,235328,1425,1424,393,264,0,0.0037123933
Warm B,666235,4009,4008,407,266,0,0.008457723
Warm B,697248,4169,4168,407,266,1,0.013820318
Warm B,654067,3942,3941,407,266,0,0.004043984
Warm B,652462,3934,3933,407,266,0,0.0008413303
Warm B,650804,3925,3924,407,266,0,0.012597394
Warm B,651330,3929,3928,407,266,0,0.009395008
Warm B,645767,3887,3886,407,266,0,0.0020412654
Warm B,640786,3851,3850,407,266,0,-0.000103593804
Warm B,639560,3844,3843,407,266,1,0.0057480196
Warm B,634801,3829,3828,407,266,0,0.004830049
Warm B,628327,3806,3805,407,266,1,0.009251802
Warm B,628133,3804,3803,407,266,0,0.0048056985
Warm B,629288,3808,3807,407,266,0,-0.0040123174
Warm B,627906,3801,3800,407,266,1,0.0011914958
Warm B,623310,3771,3770,407,266,0,0.0014117608
Warm B,617999,3745,3744,407,266,0,0.011623191
Warm B,606433,3683,3682,407,266,0,0.0021469332
Warm B,725859,4344,4343,407,266,0,0.008081531
Warm B,597750,3638,3637,407,266,0,0.008396395
Warm B,593646,3618,3617,407,266,0,0.0028704565
Warm B,590979,3605,3604,407,266,1,0.005208398
Warm B,584978,3571,3570,407,266,1,0.00036249496
Warm B,579188,3539,3538,407,266,0,0.006417301
Warm B,569102,3491,3490,407,266,0,0.012776459
Warm B,581284,3550,3549,407,266,0,0.002966918
Warm B,558019,3426,3425,407,266,0,-0.0013637659
Warm B,555726,3416,3415,407,266,1,0.008415597
Warm B,573482,3512,3511,407,266,1,0.017182974
Warm B,551427,3395,3394,407,266,1,0.001812557
Warm B,645196,3885,3884,407,266,1,0.01401392
Warm B,554767,3412,3411,407,266,1,-0.0028785518
Warm B,541624,3333,3332,407,266,1,0.013925926
Warm B,540654,3327,3326,407,266,0,0.007953711
Warm B,535908,3308,3307,407,266,0,0.008508109
Warm B,528113,3265,3264,407,266,0,0.006927577
Warm B,526708,3259,3258,407,266,0,0.007896446
Warm B,519685,3206,3205,407,266,1,0.005135458
Warm B,516898,3191,3190,407,266,0,0.0123565225
Warm B,566139,3476,3475,407,266,0,0.008694214
Warm B,506628,3118,3117,407,266,0,0.010726695
Warm B,516397,3189,3188,407,266,0,0.0076545444
Warm B,501718,3081,3080,407,266,1,-0.000111149624
Warm B,499926,3069,3068,407,266,1,0.011686612
Warm B,486590,2995,2994,407,266,1,-0.0017756564
Warm B,576509,3524,3523,407,266,1,-0.00049255136
Warm B,477118,2929,2928,407,266,0,0.0065462245
Warm B,754884,4497,4496,407,266,0,0.0005837523
Warm B,462534,2854,2853,407,266,0,0.0043243673
Warm B,438577,2680,2679,407,266,0,0.0063073565
Warm B,428244,2605,2604,407,266,0,0.009235634
Warm B,426425,2590,2589,407,266,1,0.011962289
Warm B,424683,2576,2575,407,266,1,-0.0058390386
Warm B,386028,2258,2257,407,266,0,0.006816292
Warm B,379165,2215,2214,407,266,0,0.009759107
Warm B,376711,2199,2198,407,266,0,0.004911438
Warm B,373974,2181,2180,407,266,0,0.008353111
Warm B,358446,2098,2097,407,266,0,0.009149607
Warm B,354021,2073,2072,407,266,0,0.01371558
Warm B,351642,2063,2062,407,266,1,0.015300832
Warm B,344402,2021,2020,407,266,1,-0.0014057318
Warm B,339951,2005,2004,407,266,1,0.0047389558
Warm B,324909,1925,1924,407,266,1,0.010553574
Warm B,333328,1968,1967,407,266,0,0.0023392593
Warm B,310611,1851,1850,407,266,0,0.0041816183
Warm B,305795,1820,1819,407,266,1,0.0066568535
Warm B,306791,1831,1830,407,266,0,0.0049855984
Warm B,303494,1803,1802,407,266,0,0.015956037
Warm B,278966,1680,1679,407,266,1,0.007078676
Warm B,277563,1676,1675,407,266,1,0.0092971
Warm B,276885,1675,1674,407,266,1,-0.00094077643
Warm B,271434,1641,1640,407,266,0,0.012838065
Warm B,262678,1602,1601,407,266,0,0.007420737
Warm B,247598,1496,1495,407,266,1,0.008816214
Warm B,329235,1943,1942,407,266,0,0.017064933
Warm B,231067,1399,1398,407,266,0,0.0033565552
Warm B,226363,1370,1369,407,266,0,0.00085967686
Warm B,221883,1342,1341,407,266,0,0.008607488
Warm B,221796,1341,1340,407,266,0,0.0034874943
Warm B,272809,1647,1646,407,266,0,0.012081065
Warm B,350271,2056,2055,407,266,1,0.0028266187
Warm B,250354,1509,1508,407,266,0,-0.0025947783
Warm B,195904,1204,1203,407,266,0,-0.0018752869
Warm B,186078,1151,1150,407,266,0,0.00042344094
Warm B,176378,1115,1114,407,266,0,-1.413608e-05
Warm B,183940,1146,1145,407,266,0,-0.010055983
Warm B,165179,1053,1052,407,266,0,-0.00030075945
Warm B,159184,1017,1016,407,266,0,0.004559745
Warm B,158013,1015,1014,407,266,0,0.0062890486
Warm B,267908,1628,1627,407,266,0,0.0029751658
Warm B,146470,944,943,407,266,0,-0.0061684544
Warm B,156726,1010,1009,407,266,0,0.004805581
Warm B,136087,880,879,407,266,0,0.0048980787
Warm B,135536,877,876,407,266,0,0.006810663
Warm B,134153,869,868,407,266,0,0.011042072
Warm B,133155,859,858,407,266,0,0.008288941
Warm B,126537,817,816,407,266,1,0.009165909
Warm B,125506,808,807,407,266,0,0.0009932162
Warm B,119724,772,771,407,266,1,0.004817324
Warm B,114078,741,740,407,266,0,0.0003127216
Warm B,349249,2050,2049,407,266,1,-0.0014312644
Warm B,107071,704,703,407,266,0,-0.0008938629
Warm B,100113,669,668,407,266,1,0.0009792945
Warm B,176836,1117,1116,407,266,0,0.01029946
Warm B,97331,652,651,407,266,1,-0.00048602384
Warm B,82970,549,548,407,266,1,-0.00460996
Warm B,81584,543,542,407,266,1,-0.0056899786
Warm B,190714,1181,1180,407,266,0,-0.00079520186
Warm B,77367,524,523,407,266,0,0.0009405562
Warm B,74731,509,508,407,266,1,0.0018386198
Warm B,62780,424,423,407,266,1,0.01557756
Warm B,74027,504,503,407,266,1,0.009443225
Warm B,53858,352,351,407,266,0,0.0045934324
Warm B,132371,855,854,407,266,0,0.0019223694
Warm B,36560,245,244,407,266,0,0.006285521
Warm B,32698,221,220,407,266,0,0.004954458
Warm B,22606,163,162,407,266,0,0.0056556268
Warm B,290097,1733,1732,407,266,0,0.009626475
Warm B,14567,117,116,407,266,0,-0.0014413456
Warm B,354803,2077,2076,407,266,0,0.0022400361
Warm B,689804,4126,4125,407,266,1,0.0043750172
Warm B,596452,3626,3625,407,266,0,0.003143029
Warm B,429092,2611,2610,407,266,0,0.0054318625
Warm B,599164,3648,3647,407,266,1,0.013224338
Warm B,356673,2089,2088,407,266,0,0.0035009691
Warm B,309552,1842,1841,407,266,1,0.008249929
Warm B,959022,5787,5786,407,266,0,0.0027308997
Warm B,415724,2504,2503,407,266,0,0.0066394326
Warm B,187035,1160,1159,407,266,0,0.006860802
Warm B,136441,881,880,407,266,1,0.001995157
Warm B,105572,698,697,407,266,1,0.004748092
Warm B,28263,195,194,407,266,0,0.0141304545
Warm B,941667,5682,5681,407,266,0,-0.0021303887
Warm B,633109,3824,3823,407,266,0,0.012821149
Warm B,697249,4169,4168,408,267,0,0.009839414
Warm B,29931,202,201,408,267,0,0.0035134384
Warm B,19499,148,147,408,267,1,-0.00033263443
Warm B,223450,1354,1353,408,267,0,-0.0068893777
Warm B,102122,678,677,408,267,1,0.010706465
Warm B,116067,752,751,408,267,0,0.0155289415
Warm B,144846,934,933,408,267,0,0.002560523
Warm B,263178,1605,1604,408,267,0,0.02182623
Warm B,562501,3462,3461,408,267,1,0.003783722
Warm B,71922,482,481,408,267,0,0.014964806
Warm B,136443,881,880,408,267,0,-0.0005131394
Warm B,193563,1194,1193,408,267,0,0.0077203643
Warm B,136455,881,880,414,271,0,-0.0010676708
Warm B,248757,1501,1500,414,271,1,-0.00068801595
Warm B,121488,781,780,414,271,0,-0.001016615
Warm B,360667,2106,2105,414,271,0,0.001421711
Warm B,86571,566,565,414,271,0,-0.0072987787
Warm B,406016,2436,2435,414,271,0,0.010987215
Warm B,87063,569,568,414,271,1,-0.004626748
Warm B,67391,453,452,414,271,0,-0.0049962676
Warm B,64470,430,429,414,271,0,0.003885482
Warm B,239920,1449,1448,414,271,0,0.0047941096
Warm B,440107,2691,2690,414,271,0,-0.0010991944
Warm B,44634,302,301,414,271,0,-0.005574637
Warm B,32968,223,222,414,271,1,0.0029527172
Warm B,29955,202,201,414,271,0,-0.0050604767
Warm B,49536,329,328,414,271,0,-0.0063020512
Warm B,30578,204,203,414,271,1,0.002831388
Warm B,399800,2380,2379,414,271,0,0.0037593488
Warm B,860294,5172,5171,414,271,1,-0.003824463
Warm B,237801,1447,1446,414,271,0,-2.39152e-05
Warm B,304800,1812,1811,414,271,1,0.0034782279
Warm B,376354,2195,2194,414,271,1,0.0041032694
Warm B,331502,1958,1957,414,271,0,0.014760777
Warm B,599171,3648,3647,414,271,0,0.0029204825
Warm B,335742,1980,1979,414,271,0,-0.00016584725
Warm B,176848,1117,1116,414,271,0,-0.0061632493
Warm B,370952,2168,2167,414,271,0,-0.0027656993
Warm B,342353,2015,2014,414,271,0,-0.0025535743
Warm B,699936,4186,4185,414,271,0,0.008311143
Warm B,171496,1088,1087,414,271,0,-0.010131802
Warm B,272821,1647,1646,414,271,1,0.002541292
Warm B,596465,3626,3625,415,272,1,0.0058410196
Warm B,591512,3609,3608,415,272,0,0.011988817
Warm B,759083,4510,4509,415,272,0,0.008327935
Warm B,572795,3509,3508,415,272,0,0.0025366456
Warm B,572032,3507,3506,415,272,0,0.012739334
Warm B,556839,3422,3421,415,272,0,0.004658099
Warm B,547348,3377,3376,415,272,0,-0.0006373306
Warm B,577039,3526,3525,415,272,0,0.0041129882
Warm B,549984,3391,3390,415,272,0,0.008827983
Warm B,545658,3365,3364,415,272,0,0.0064128265
Warm B,537023,3311,3310,415,272,0,0.009909338
Warm B,533204,3292,3291,415,272,1,0.0012098328
Warm B,525250,3243,3242,415,272,0,0.0015455079
Warm B,539832,3320,3319,415,272,0,0.014638749
Warm B,516906,3191,3190,415,272,0,0.0031760654
Warm B,512741,3163,3162,415,272,0,0.013957895
Warm B,508552,3129,3128,415,272,0,0.012491377
Warm B,502087,3082,3081,415,272,0,0.010421091
Warm B,516409,3189,3188,415,272,0,0.007133519
Warm B,493998,3032,3031,415,272,0,0.008377155
Warm B,492643,3029,3028,415,272,1,0.008950544
Warm B,718877,4305,4304,415,272,1,0.0073021054
Warm B,487850,3001,3000,415,272,0,0.005726803
Warm B,487471,2998,2997,415,272,0,0.0082755415
Warm B,529597,3272,3271,415,272,1,0.0090337265
Warm B,480073,2946,2945,415,272,0,0.018310498
Warm B,472490,2907,2906,415,272,0,0.012674748
Warm B,470937,2899,2898,415,272,1,0.0045433347
Warm B,473473,2909,2908,415,272,1,0.00089047546
Warm B,467749,2883,2882,415,272,0,0.0061530136
Warm B,880107,5317,5316,415,272,0,0.0045959963
Warm B,469905,2895,2894,415,272,0,0.017778175
Warm B,452248,2785,2784,415,272,0,-0.0012456866
Warm B,450756,2777,2776,415,272,0,0.0040237345
Warm B,444607,2743,2742,415,272,1,0.009075407
Warm B,442257,2723,2722,415,272,0,0.0022951663
Warm B,438806,2681,2680,415,272,0,0.0001766734
Warm B,429100,2611,2610,415,272,0,0.006795348
Warm B,420434,2541,2540,415,272,0,0.0055290726
Warm B,419709,2537,2536,415,272,0,0.013748415
Warm B,409559,2457,2456,415,272,0,0.009975877
Warm B,399470,2378,2377,415,272,0,0.0023684006
Warm B,393854,2320,2319,415,272,0,0.0087620355
Warm B,392089,2304,2303,415,272,0,0.013410887
Warm B,362923,2116,2115,415,272,1,0.006675496
Warm B,358452,2098,2097,415,272,0,0.0068535767
Warm B,355930,2085,2084,415,272,0,0.014676277
Warm B,343084,2016,2015,415,272,0,0.0038132248
Warm B,341516,2012,2011,415,272,0,0.0027327144
Warm B,340572,2010,2009,415,272,0,0.014505408
Warm B,350933,2060,2059,415,272,0,0.004604606
Warm B,315113,1880,1879,415,272,0,0.012590887
Warm B,290907,1736,1735,415,272,0,0.0069506685
Warm B,297427,1764,1763,415,272,1,0.006884033
Warm B,281215,1687,1686,415,272,0,0.010397451
Warm B,265682,1613,1612,415,272,0,0.016658803
Warm B,248760,1501,1500,415,272,0,0.0053792326
Warm B,236356,1434,1433,415,272,1,0.0019333473
Warm B,229589,1390,1389,415,272,0,0.0091725625
Warm B,227074,1377,1376,415,272,0,0.00655395
Warm B,335746,1980,1979,415,272,0,0.017458342
Warm B,217511,1319,1318,415,272,1,0.0055519287
Warm B,591895,3610,3609,415,272,0,0.011552906
Warm B,278989,1680,1679,415,272,0,0.005520869
Warm B,210083,1284,1283,415,272,0,0.010306025
Warm B,196428,1207,1206,415,272,0,-0.0003646703
Warm B,342355,2015,2014,415,272,1,0.009463083
Warm B,327920,1941,1940,415,272,0,0.013136716
Warm B,307350,1835,1834,415,272,0,0.012247143
Warm B,172415,1091,1090,415,272,0,0.002495864
Warm B,172850,1096,1095,415,272,0,0.007060846
Warm B,183946,1146,1145,415,272,0,0.0029638282
Warm B,163765,1050,1049,415,272,0,0.012154044
Warm B,189321,1173,1172,415,272,0,0.01186601
Warm B,164445,1051,1050,415,272,1,0.012263856
Warm B,145303,935,934,415,272,0,0.0034046583
Warm B,156739,1010,1009,415,272,0,0.008616744
Warm B,136456,881,880,415,272,0,0.00011947384
Warm B,351666,2063,2062,415,272,0,0.013448009
Warm B,453634,2793,2792,415,272,0,0.0076903966
Warm B,119150,770,769,415,272,0,0.005659665
Warm B,112396,731,730,415,272,0,0.011351006
Warm B,105986,699,698,415,272,1,0.005543361
Warm B,106720,702,701,415,272,0,0.007703907
Warm B,103366,687,686,415,272,0,0.0036125313
Warm B,98715,660,659,415,272,0,0.00339551
Warm B,176851,1117,1116,415,272,0,0.010810129
Warm B,86572,566,565,415,272,0,0.01401381
Warm B,190735,1181,1180,415,272,0,0.008863751
Warm B,406017,2436,2435,415,272,0,0.010858592
Warm B,84045,550,549,415,272,0,0.012344198
Warm B,77387,524,523,415,272,0,0.013716159
Warm B,70734,476,475,415,272,0,0.0043489123
Warm B,71934,482,481,415,272,0,0.010301884
Warm B,64804,435,434,415,272,0,0.0070747575
Warm B,74744,509,508,415,272,0,0.005762512
Warm B,49541,329,328,415,272,0,0.01688915
Warm B,338064,1988,1987,415,272,0,0.0057516154
Warm B,44637,302,301,415,272,0,0.0060438747
Warm B,697260,4169,4168,415,272,0,0.013940103
Warm B,239923,1449,1448,415,272,0,0.01747439
Warm B,219123,1329,1328,415,272,0,0.013595244
Warm B,7833,53,52,415,272,0,0.010752318
Warm B,15679,123,122,415,272,0,0.007799479
Warm B,104240,692,691,415,272,0,0.013041645
Warm B,354817,2077,2076,415,272,0,0.011300133
Warm B,552241,3401,3400,415,272,0,-0.002450789
Warm B,150519,970,969,415,272,0,0.014556015
Warm B,237803,1447,1446,415,272,0,0.008702891
Warm B,360670,2106,2105,415,272,0,0.009694197
Warm B,102135,678,677,415,272,0,0.009174085
Warm B,171500,1088,1087,415,272,0,0.021889165
Warm B,206307,1265,1264,415,272,0,0.003679072
Warm B,924111,5580,5579,415,272,0,0.013236887
Warm B,941672,5682,5681,415,272,0,0.0072545614
Warm B,310623,1851,1850,415,272,0,0.0103595285
Warm B,973563,5872,5871,415,272,0,0.0059637707
Warm B,116088,752,751,415,272,0,0.011255003
Warm B,682345,4085,4084,415,272,1,0.0066106757
Warm B,591896,3610,3609,416,273,0,0.011302179
Warm B,210085,1284,1283,416,273,0,0.007417712
Warm B,278990,1680,1679,416,273,1,0.011665035
Warm B,197876,1216,1215,416,273,0,0.016828045
Warm B,307351,1835,1834,416,273,0,0.015276497
Warm B,178922,1123,1122,416,273,0,-0.0032639701
Warm B,275482,1667,1666,416,273,0,0.007931558
Warm B,351669,2063,2062,416,273,0,0.01321865
Warm B,263195,1605,1604,416,273,0,0.0012619388
Warm B,105988,699,698,416,273,0,0.007716126
Warm B,107849,710,709,416,273,0,0.0032623871
Warm B,713786,4277,4276,416,273,0,0.004186049
Warm B,308533,1837,1836,416,273,0,0.012520991
Warm B,81592,543,542,416,273,1,0.009239435
Warm B,77389,524,523,416,273,0,0.010220244
Warm B,68649,461,460,416,273,0,0.008437261
Warm B,51492,338,337,416,273,0,0.01150522
Warm B,132386,855,854,416,273,0,0.020070544
Warm B,697261,4169,4168,416,273,0,0.011062346
Warm B,537024,3311,3310,416,273,0,0.00838559
Warm B,15683,123,122,416,273,0,0.0139978975
Warm B,3524,26,25,416,273,0,0.0070896605
Warm B,241113,1451,1450,416,273,0,0.012507782
Warm B,907800,5492,5491,416,273,0,0.0032927277
Warm B,959024,5787,5786,416,273,0,0.007848665
Warm B,71936,482,481,416,273,0,0.0140488
Warm B,136457,881,880,416,273,0,0.008736558
Warm B,231073,1399,1398,416,273,0,0.0065915436
Warm B,527012,3260,3259,416,273,0,-0.0035155418
Warm B,540983,3328,3327,419,275,0,-0.0013199477
Warm B,537026,3311,3310,419,275,0,0.0060200375
Warm B,518688,3201,3200,419,275,0,-0.0019850784
Warm B,509466,3138,3137,419,275,0,-0.0011341155
Warm B,505817,3111,3110,419,275,1,-0.0078938035
Warm B,554777,3412,3411,419,275,0,0.0067820265
Warm B,502089,3082,3081,419,275,0,-0.0031702965
Warm B,500375,3073,3072,419,275,0,0.0042646034
Warm B,495988,3046,3045,419,275,0,-0.0037336694
Warm B,492645,3029,3028,419,275,0,-0.0057652104
Warm B,493330,3031,3030,419,275,0,0.0026119864
Warm B,472493,2907,2906,419,275,0,0.0059926454
Warm B,456418,2810,2809,419,275,0,0.009177746
Warm B,458480,2822,2821,419,275,0,0.0056143533
Warm B,435783,2664,2663,419,275,0,-0.008768743
Warm B,450761,2777,2776,419,275,0,0.0022999411
Warm B,420436,2541,2540,419,275,1,-0.0036945553
Warm B,419711,2537,2536,419,275,0,0.0013158466
Warm B,399471,2378,2377,419,275,0,0.00013674097
Warm B,385228,2251,2250,419,275,0,4.5029214e-05
Warm B,370474,2166,2165,419,275,0,-0.00078850024
Warm B,355932,2085,2084,419,275,0,0.0024608131
Warm B,351672,2063,2062,419,275,0,0.00460853
Warm B,361543,2109,2108,419,275,0,0.0022780728
Warm B,341517,2012,2011,419,275,0,0.011194695
Warm B,340574,2010,2009,419,275,0,0.0070115114
Warm B,310312,1847,1846,419,275,0,0.013101836
Warm B,288095,1721,1720,419,275,0,0.0028624684
Warm B,281217,1687,1686,419,275,0,0.004923883
Warm B,269500,1634,1633,419,275,0,-0.003711131
Warm B,265683,1613,1612,419,275,0,0.011347708
Warm B,309263,1841,1840,419,275,0,0.0014031002
Warm B,262180,1600,1599,419,275,0,0.007003323
Warm B,224118,1356,1355,419,275,0,0.00408435
Warm B,227078,1377,1376,419,275,0,0.0019109802
Warm B,335750,1980,1979,419,275,0,0.0041651037
Warm B,219795,1333,1332,419,275,0,0.0004078683
Warm B,213388,1298,1297,419,275,0,0.007312991
Warm B,277577,1676,1675,419,275,0,0.0031902955
Warm B,261700,1599,1598,419,275,0,0.015341055
Warm B,278996,1680,1679,419,275,0,0.008078022
Warm B,178046,1120,1119,419,275,1,0.008259
Warm B,179531,1125,1124,419,275,0,0.0033957409
Warm B,173602,1100,1099,419,275,0,-0.0025725719
Warm B,172852,1096,1095,419,275,0,0.0021010658
Warm B,163768,1050,1049,419,275,0,0.0064487634
Warm B,272124,1645,1644,419,275,0,-0.0012386236
Warm B,164448,1051,1050,419,275,0,0.005689913
Warm B,136462,881,880,419,275,0,-0.0023701345
Warm B,131091,850,849,419,275,0,-0.0035664414
Warm B,126020,812,811,419,275,0,0.0016061994
Warm B,360673,2106,2105,419,275,0,0.009059507
Warm B,111418,725,724,419,275,0,-0.0042456794
Warm B,120361,777,776,419,275,0,0.005999067
Warm B,105992,699,698,419,275,0,0.0012495178
Warm B,109251,714,713,419,275,1,0.0029933671
Warm B,96382,647,646,419,275,0,0.0051478036
Warm B,299554,1778,1777,419,275,0,0.009050117
Warm B,284053,1698,1697,419,275,0,0.0042932946
Warm B,82989,549,548,419,275,0,0.0006024847
Warm B,190740,1181,1180,419,275,0,0.010466091
Warm B,77392,524,523,419,275,0,0.0071955146
Warm B,119153,770,769,419,275,0,0.0057479786
Warm B,71938,482,481,419,275,0,0.0027558417
Warm B,68650,461,460,419,275,0,0.013213119
Warm B,87064,569,568,419,275,0,0.00088936556
Warm B,64471,430,429,419,275,0,0.010917472
Warm B,65292,438,437,419,275,0,-0.0032116
Warm B,48326,325,324,419,275,0,-0.006219201
Warm B,44642,302,301,419,275,0,0.010167675
Warm B,41863,284,283,419,275,0,0.0016380702
Warm B,36593,245,244,419,275,0,0.004089615
Warm B,32972,223,222,419,275,0,0.0072339755
Warm B,239926,1449,1448,419,275,0,0.0021287845
Warm B,291293,1737,1736,419,275,0,0.009446886
Warm B,234893,1425,1424,419,275,0,0.010583475
Warm B,49547,329,328,419,275,0,0.0024806652
Warm B,6931,48,47,419,275,0,-4.042941e-05
Warm B,19523,148,147,419,275,0,0.0049432777
Warm B,78401,528,527,419,275,0,-0.0020859623
Warm B,141849,913,912,419,275,0,-0.007268087
Warm B,342359,2015,2014,419,275,1,0.009298976
Warm B,362927,2116,2115,419,275,1,0.0027844887
Warm B,263200,1605,1604,419,275,0,0.013813091
Warm B,489555,3013,3012,419,275,0,0.009974513
Warm B,46013,308,307,419,275,0,0.005471614
Warm B,924113,5580,5579,419,275,0,0.007228813
Warm B,473475,2909,2908,419,275,0,-0.0087458445
Warm B,259405,1587,1586,419,275,0,-0.003006857
Warm B,52203,343,342,419,275,1,0.0030015379
Warm B,407761,2451,2450,419,275,0,1.2265984e-05
Warm B,171504,1088,1087,419,275,0,0.004347383
Warm B,272825,1647,1646,419,275,0,0.007825483
Warm B,295609,1755,1754,419,275,0,0.0026124862
Warm B,794152,4748,4747,419,275,0,-0.0023788475
Warm B,623814,3773,3772,419,275,0,0.010912014
Warm B,400350,2383,2382,421,277,1,0.022492457
Warm B,395118,2334,2333,421,277,1,0.008117134
Warm B,346967,2035,2034,421,277,0,0.008666876
Warm B,343088,2016,2015,421,277,0,0.0048632603
Warm B,326062,1930,1929,421,277,0,0.018378187
Warm B,315120,1880,1879,421,277,1,0.019848598
Warm B,276159,1671,1670,421,277,1,0.017370405
Warm B,229237,1389,1388,421,277,0,0.021557268
Warm B,225077,1361,1360,421,277,1,0.010133937
Warm B,221251,1340,1339,421,277,0,0.009709009
Warm B,320000,1899,1898,421,277,1,0.009753143
Warm B,279013,1680,1679,421,277,1,0.011685699
Warm B,324380,1922,1921,421,277,0,0.0142415315
Warm B,216954,1317,1316,421,277,1,0.009625496
Warm B,131095,850,849,421,277,1,0.009295536
Warm B,127684,824,823,421,277,0,0.0107454285
Warm B,110334,720,719,421,277,0,0.015350178
Warm B,93767,629,628,421,277,0,0.00146048
Warm B,190754,1181,1180,421,277,0,0.0111715235
Warm B,70738,476,475,421,277,0,0.006118362
Warm B,46500,310,309,421,277,0,0.015480343
Warm B,44664,302,301,421,277,0,0.018182427
Warm B,26816,190,189,421,277,1,0.013140432
Warm B,591901,3610,3609,421,277,0,0.013956126
Warm B,5630,40,39,421,277,0,0.010295396
Warm B,30600,204,203,421,277,1,0.03652697
Warm B,2094,18,17,421,277,1,0.0038558575
Warm B,1412,13,12,421,277,1,0.009866339
Warm B,49564,329,328,421,277,0,0.01677583
Warm B,622037,3768,3767,421,277,0,0.014660833
Warm B,829992,4983,4982,421,277,1,0.0056324666
Warm B,769020,4579,4578,421,277,1,0.006104787
Warm B,136472,881,880,421,277,1,0.0066744573
Warm B,311261,1854,1853,421,277,0,0.014344109
Warm B,29280,199,198,424,279,0,0.0019997624
Warm B,26901,191,190,424,279,0,0.009393156
Warm B,3552,26,25,424,279,0,0.014292145
Warm B,354830,2077,2076,424,279,0,0.003625477
Warm B,78407,528,527,424,279,0,-0.0024709366
Warm B,893289,5394,5393,424,279,0,0.012165743
Warm B,50268,331,330,424,279,1,0.0014488684
Warm B,778188,4647,4646,424,279,0,-0.0023909258
Warm B,801692,4802,4801,424,279,0,0.006113707
Warm B,599180,3648,3647,424,279,0,-0.0045783445
Warm B,476318,2926,2925,424,279,0,-0.003554999
Warm B,257583,1579,1578,424,279,0,0.013181533
Warm B,272833,1647,1646,424,279,0,-0.0048325853
Warm B,468365,2887,2886,424,279,0,0.010782359
Warm B,193581,1194,1193,424,279,0,-0.0076813865
Warm B,264124,1607,1606,425,280,0,0.021170113
Warm B,258086,1580,1579,425,280,1,0.0008548108
Warm B,325327,1926,1925,425,280,1,0.011177398
Warm B,243865,1470,1469,425,280,0,0.0010964388
Warm B,279025,1680,1679,425,280,1,0.0039717793
Warm B,192981,1191,1190,425,280,0,0.0044431845
Warm B,189332,1173,1172,425,280,1,0.006579944
Warm B,188565,1170,1169,425,280,1,0.015434751
Warm B,185149,1150,1149,425,280,0,0.015296338
Warm B,180235,1128,1127,425,280,0,0.0060486495
Warm B,169096,1073,1072,425,280,1,0.0016302867
Warm B,168371,1069,1068,425,280,1,-0.008157479
Warm B,151557,975,974,425,280,0,0.012310151
Warm B,150045,966,965,425,280,1,0.009362802
Warm B,246267,1489,1488,425,280,0,0.019631319
Warm B,148712,957,956,425,280,0,0.003183241
Warm B,144862,934,933,425,280,0,0.0073678745
Warm B,143289,924,923,425,280,1,0.001682223
Warm B,138123,889,888,425,280,0,0.0064060744
Warm B,252170,1527,1526,425,280,0,0.012825184
Warm B,111850,728,727,425,280,0,-0.0012931838
Warm B,103667,689,688,425,280,1,0.0033598233
Warm B,163192,1043,1042,425,280,1,0.01175946
Warm B,103371,687,686,425,280,1,0.002707142
Warm B,697278,4169,4168,425,280,1,0.004329709
Warm B,284066,1698,1697,425,280,1,0.012370371
Warm B,80534,534,533,425,280,0,0.0035374751
Warm B,77403,524,523,425,280,0,0.008112268
Warm B,76132,517,516,425,280,1,0.008274559
Warm B,72922,493,492,425,280,0,-0.002472141
Warm B,61848,415,414,425,280,1,0.0037973896
Warm B,317645,1889,1888,425,280,0,-0.0011733205
Warm B,22050,161,160,425,280,1,0.0054642227
Warm B,20859,151,150,425,280,1,-0.0013843846
Warm B,89217,588,587,425,280,1,0.0037360638
Warm B,181951,1137,1136,425,280,0,-0.0015593707
Warm B,778189,4647,4646,425,280,1,0.015181402
Warm B,293696,1748,1747,425,280,0,0.0034989915
Warm B,439380,2684,2683,425,280,1,-0.0033625523
Warm B,3223,24,23,425,280,1,0.011374675
Warm B,523845,3229,3228,425,280,1,0.005439337
Warm B,992956,5998,5997,425,280,0,-0.00072871137
Warm B,507719,3125,3124,425,280,0,0.0035807146
Warm B,285258,1701,1700,425,280,1,0.0055967225
Warm B,322266,1912,1911,425,280,0,0.0033966429
Warm B,693880,4156,4155,427,282,1,0.022447042
Warm B,599943,3650,3649,427,282,1,0.015679881
Warm B,606455,3683,3682,427,282,0,0.012449303
Warm B,593694,3618,3617,427,282,0,0.022963319
Warm B,588418,3590,3589,427,282,1,0.013252592
Warm B,581687,3554,3553,427,282,0,-0.00021225854
Warm B,745321,4448,4447,427,282,1,0.02557553
Warm B,579223,3539,3538,427,282,0,0.018271744
Warm B,563039,3464,3463,427,282,0,0.016741518
Warm B,570256,3499,3498,427,282,0,0.023275064
Warm B,718884,4305,4304,427,282,0,0.018309265
Warm B,548370,3384,3383,427,282,0,0.0060477103
Warm B,550005,3391,3390,427,282,0,0.023650518
Warm B,904389,5468,5467,427,282,0,-0.0014882933
Warm B,537856,3312,3311,427,282,1,0.019060295
Warm B,542139,3336,3335,427,282,0,0.016467784
Warm B,525606,3246,3245,427,282,0,0.013420813
Warm B,575266,3519,3518,427,282,0,0.013255296
Warm B,539842,3320,3319,427,282,0,0.016543653
Warm B,738417,4411,4410,427,282,0,0.007880278
Warm B,796293,4771,4770,427,282,0,0.009695303
Warm B,499327,3067,3066,427,282,0,0.014041943
Warm B,496863,3053,3052,427,282,0,0.011802712
Warm B,488659,3007,3006,427,282,1,0.006670243
Warm B,491579,3024,3023,427,282,0,0.0064977026
Warm B,478012,2934,2933,427,282,0,0.024789311
Warm B,852854,5113,5112,427,282,0,0.016823871
Warm B,473494,2909,2908,427,282,1,0.019596988
Warm B,823507,4950,4949,427,282,0,0.01658547
Warm B,445121,2745,2744,427,282,1,0.011505054
Warm B,440957,2700,2699,427,282,0,0.012652202
Warm B,790717,4728,4727,427,282,0,0.01844468
Warm B,434276,2648,2647,427,282,0,0.014879081
Warm B,431942,2632,2631,427,282,0,-0.0049104863
Warm B,426894,2592,2591,427,282,0,0.015307311
Warm B,418596,2529,2528,427,282,1,0.02245557
Warm B,425272,2581,2580,427,282,0,0.023208976
Warm B,416064,2506,2505,427,282,0,0.0048701093
Warm B,415730,2504,2503,427,282,0,0.019410606
Warm B,408148,2453,2452,427,282,0,0.01954212
Warm B,379173,2215,2214,427,282,0,0.008587663
Warm B,377197,2203,2202,427,282,1,0.024403043
Warm B,358461,2098,2097,427,282,0,0.011548735
Warm B,360014,2105,2104,427,282,0,0.013760737
Warm B,335764,1980,1979,427,282,0,0.020020947
Warm B,350937,2060,2059,427,282,0,0.006681785
Warm B,275067,1666,1665,427,282,0,0.010202572
Warm B,268322,1630,1629,427,282,0,0.018036189
Warm B,242734,1465,1464,427,282,0,0.017190745
Warm B,228184,1383,1382,427,282,0,0.009941883
Warm B,262186,1600,1599,427,282,0,0.011219951
Warm B,270846,1639,1638,427,282,0,0.010870992
Warm B,210096,1284,1283,427,282,0,0.014053039
Warm B,279029,1680,1679,427,282,0,0.015373452
Warm B,196438,1207,1206,427,282,0,0.01830455
Warm B,185152,1150,1149,427,282,0,0.018882515
Warm B,183954,1146,1145,427,282,0,0.013733114
Warm B,165195,1053,1052,427,282,0,0.015176812
Warm B,158050,1015,1014,427,282,0,0.008207685
Warm B,221258,1340,1339,427,282,0,0.020201575
Warm B,142378,919,918,427,282,0,0.012838322
Warm B,138128,889,888,427,282,0,0.020516519
Warm B,135558,877,876,427,282,0,0.019802768
Warm B,131858,854,853,427,282,0,-0.00028357445
Warm B,351689,2063,2062,427,282,1,0.022211961
Warm B,124215,800,799,427,282,0,0.025224682
Warm B,103669,689,688,427,282,0,0.008938549
Warm B,179540,1125,1124,427,282,0,0.017034156
Warm B,103374,687,686,427,282,0,0.012882251
Warm B,98314,658,657,427,282,0,0.009025404
Warm B,98733,660,659,427,282,0,0.015098792
Warm B,107422,707,706,427,282,0,0.010889616
Warm B,332606,1962,1961,427,282,0,0.006170167
Warm B,90617,601,600,427,282,1,0.008924008
Warm B,90113,594,593,427,282,0,0.008343348
Warm B,89219,588,587,427,282,1,0.010359088
Warm B,83002,549,548,427,282,1,0.017695274
Warm B,74759,509,508,427,282,1,0.018830648
Warm B,53932,352,351,427,282,0,0.013751192
Warm B,344049,2020,2019,427,282,0,0.0067959405
Warm B,47627,319,318,427,282,0,0.015938604
Warm B,110745,721,720,427,282,0,0.018730575
Warm B,42125,285,284,427,282,1,0.0138307195
Warm B,56997,385,384,427,282,0,0.018324308
Warm B,29987,202,201,427,282,0,0.02392893
Warm B,291308,1737,1736,427,282,0,0.011700093
Warm B,23192,166,165,427,282,0,0.014013054
Warm B,7864,53,52,427,282,0,0.017450023
Warm B,633134,3824,3823,427,282,0,0.012438184
Warm B,79316,531,530,427,282,0,0.021279939
Warm B,198157,1218,1217,427,282,0,0.015636569
Warm B,150533,970,969,427,282,0,0.019599168
Warm B,682358,4085,4084,427,282,0,0.01793482
Warm B,102148,678,677,427,282,0,0.019205268
Warm B,206797,1266,1265,427,282,0,0.02343902
Warm B,241127,1451,1450,427,282,0,0.016447056
Warm B,145766,937,936,427,282,1,0.016686156
Warm B,20862,151,150,427,282,0,0.011254907
Warm B,562517,3462,3461,427,282,0,0.00019538053
Warm B,893292,5394,5393,427,282,0,0.022054557
Warm B,322268,1912,1911,427,282,0,0.018920623
Warm B,271752,1643,1642,427,282,0,0.017326746
Warm B,116103,752,751,427,282,0,0.020381624
Warm B,237820,1447,1446,427,282,0,0.024587229
Warm B,554782,3412,3411,427,282,1,0.0121349655
Warm B,559388,3436,3435,427,282,1,0.0064991484
Warm B,731323,4375,4374,429,284,0,0.000928944
Warm B,583357,3562,3561,429,284,0,0.006318819
Warm B,582087,3557,3556,429,284,1,0.014034031
Warm B,617038,3735,3734,429,284,0,-0.004141544
Warm B,590537,3602,3601,429,284,1,0.0027236214
Warm B,572048,3507,3506,429,284,0,0.006733707
Warm B,569133,3491,3490,429,284,0,-0.009389736
Warm B,559596,3438,3437,429,284,0,0.0013774899
Warm B,556847,3422,3421,429,284,0,-0.002152617
Warm B,771861,4600,4599,429,284,0,-0.0027948234
Warm B,550007,3391,3390,429,284,1,0.0059805512
Warm B,537040,3311,3310,429,284,0,0.0109257735
Warm B,530942,3280,3279,429,284,0,0.002997056
Warm B,539843,3320,3319,429,284,0,-0.0032996635
Warm B,518694,3201,3200,429,284,0,0.0023838733
Warm B,532076,3285,3284,429,284,0,0.0021399902
Warm B,515414,3182,3181,429,284,0,0.007228035
Warm B,512756,3163,3162,429,284,0,-0.005679694
Warm B,510220,3143,3142,429,284,0,0.0050857095
Warm B,508562,3129,3128,429,284,1,0.006544859
Warm B,505822,3111,3110,429,284,0,-0.010651428
Warm B,502097,3082,3081,429,284,0,-0.00027460605
Warm B,501236,3080,3079,429,284,1,0.0031159355
Warm B,498504,3062,3061,429,284,0,-0.0029649269
Warm B,493336,3031,3030,429,284,1,0.0031246212
Warm B,472507,2907,2906,429,284,1,0.009419888
Warm B,470945,2899,2898,429,284,0,0.005246704
Warm B,469915,2895,2894,429,284,0,-0.0006891459
Warm B,457829,2820,2819,429,284,0,-0.0039888066
Warm B,450779,2777,2776,429,284,0,-0.010612324
Warm B,420208,2540,2539,429,284,0,-0.009072417
Warm B,420442,2541,2540,429,284,0,0.0012788766
Warm B,419718,2537,2536,429,284,0,0.008159485
Warm B,397056,2351,2350,429,284,0,-0.0027709538
Warm B,436335,2665,2664,429,284,0,0.010874612
Warm B,375543,2188,2187,429,284,0,-0.001172175
Warm B,378348,2208,2207,429,284,1,-0.009633895
Warm B,368326,2153,2152,429,284,1,0.0032186834
Warm B,367886,2148,2147,429,284,0,0.00087089883
Warm B,361557,2109,2108,429,284,0,-0.004578704
Warm B,341527,2012,2011,429,284,0,0.0006235379
Warm B,350938,2060,2059,429,284,0,-8.502044e-06
Warm B,325330,1926,1925,429,284,0,0.0042804894
Warm B,288097,1721,1720,429,284,0,-0.0017508543
Warm B,282593,1694,1693,429,284,0,-0.0049536442
Warm B,297436,1764,1763,429,284,0,-0.0028782657
Warm B,281224,1687,1686,429,284,0,-0.0064664874
Warm B,299026,1776,1775,429,284,0,-0.004290878
Warm B,269504,1634,1633,429,284,0,-0.015150275
Warm B,259414,1587,1586,429,284,1,-0.002161656
Warm B,243208,1466,1465,429,284,0,-0.0042315
Warm B,247613,1496,1495,429,284,0,-0.00053137913
Warm B,237413,1446,1445,429,284,1,0.0014990296
Warm B,229239,1389,1388,429,284,0,0.0048752357
Warm B,223480,1354,1353,429,284,0,0.00934353
Warm B,289282,1727,1726,429,284,0,0.0041176695
Warm B,296413,1758,1757,429,284,0,-0.0054117427
Warm B,212858,1297,1296,429,284,0,-0.0052584466
Warm B,277593,1676,1675,429,284,0,0.0032941285
Warm B,261708,1599,1598,429,284,1,-0.004103091
Warm B,279031,1680,1679,429,284,0,0.0013719273
Warm B,196440,1207,1206,429,284,1,0.007298448
Warm B,209416,1279,1278,429,284,0,0.009709241
Warm B,194788,1202,1201,429,284,0,0.004562744
Warm B,183528,1142,1141,429,284,0,0.0005518035
Warm B,185155,1150,1149,429,284,0,-0.008890458
Warm B,179069,1124,1123,429,284,0,-0.0066193044
Warm B,178055,1120,1119,429,284,0,0.0069266804
Warm B,174096,1101,1100,429,284,0,0.0037125612
Warm B,173608,1100,1099,429,284,0,-0.0017768889
Warm B,172859,1096,1095,429,284,0,-0.00060210726
Warm B,188211,1168,1167,429,284,1,-0.0037828204
Warm B,163776,1050,1049,429,284,0,0.0038525155
Warm B,214779,1303,1302,429,284,1,-0.003248679
Warm B,272130,1645,1644,429,284,1,0.0007560281
Warm B,216959,1317,1316,429,284,0,-0.004992481
Warm B,136480,881,880,429,284,1,-0.005569309
Warm B,135559,877,876,429,284,0,-0.0072656292
Warm B,407223,2446,2445,429,284,0,0.005750409
Warm B,131098,850,849,429,284,1,0.005069295
Warm B,351690,2063,2062,429,284,0,0.002615581
Warm B,263218,1605,1604,429,284,0,0.0030375984
Warm B,159993,1019,1018,429,284,1,0.0012200789
Warm B,121495,781,780,429,284,0,-0.008428992
Warm B,299567,1778,1777,429,284,0,0.0065814666
Warm B,106000,699,698,429,284,0,-0.0008126369
Warm B,107861,710,709,429,284,0,0.0102145905
Warm B,98737,660,659,429,284,0,-0.007051496
Warm B,92537,620,619,429,284,0,0.0025653564
Warm B,284069,1698,1697,429,284,0,-0.00064601895
Warm B,83005,549,548,429,284,0,-0.0063045733
Warm B,119166,770,769,429,284,0,0.0014592516
Warm B,87068,569,568,429,284,0,-0.011575788
Warm B,67400,453,452,429,284,1,0.007207346
Warm B,251122,1516,1515,429,284,0,0.0037353416
Warm B,58156,392,391,429,284,0,7.475354e-05
Warm B,47629,319,318,429,284,0,0.0016158037
Warm B,44679,302,301,429,284,0,0.0064093918
Warm B,44014,301,300,429,284,0,-0.0012582566
Warm B,29993,202,201,429,284,0,-0.0114999935
Warm B,54589,355,354,429,284,0,0.0005209481
Warm B,234904,1425,1424,429,284,0,0.0019074945
Warm B,49581,329,328,429,284,0,0.0010907877
Warm B,3556,26,25,429,284,0,-0.00015436846
Warm B,6959,48,47,429,284,0,-0.0034150523
Warm B,354835,2077,2076,429,284,0,-0.015183702
Warm B,2692,22,21,429,284,1,0.0077960826
Warm B,552257,3401,3400,429,284,0,0.009319701
Warm B,237821,1447,1446,429,284,1,-0.005933405
Warm B,35890,242,241,429,284,0,-0.008109133
Warm B,370959,2168,2167,429,284,1,0.008789315
Warm B,342373,2015,2014,429,284,0,0.00957589
Warm B,829068,4979,4978,429,284,0,0.0032456203
Warm B,750631,4478,4477,429,284,1,0.010339893
Warm B,144867,934,933,429,284,0,-0.0014032408
Warm B,329257,1943,1942,429,284,0,0.0051124953
Warm B,331524,1958,1957,429,284,0,-0.005023688
Warm B,599184,3648,3647,429,284,0,-0.0025341513
Warm B,46045,308,307,429,284,0,0.0049256375
Warm B,335765,1980,1979,429,284,0,-0.0037140825
Warm B,475463,2918,2917,429,284,1,-0.0015698557
Warm B,456425,2810,2809,429,284,0,-0.009026168
Warm B,62816,424,423,429,284,0,0.0059340624
Warm B,699945,4186,4185,429,284,0,-0.0033245434
Warm B,327948,1941,1940,429,284,0,-0.0032057408
Warm B,713804,4277,4276,429,284,0,0.0068020644
Warm B,894047,5397,5396,429,284,0,-0.0010985847
Warm B,555747,3416,3415,436,289,1,0.0146715995
Warm B,547355,3377,3376,436,289,1,-0.001244416
Warm B,577061,3526,3525,436,289,1,0.0010946621
Warm B,550020,3391,3390,436,289,0,0.012066878
Warm B,542148,3336,3335,436,289,0,0.010790768
Warm B,533229,3292,3291,436,289,0,0.010998659
Warm B,532084,3285,3284,436,289,0,0.0081290975
Warm B,523675,3228,3227,436,289,0,0.0051408634
Warm B,522449,3224,3223,436,289,1,0.0029819657
Warm B,496457,3051,3050,436,289,0,0.005896383
Warm B,494027,3032,3031,436,289,1,0.011423358
Warm B,490686,3018,3017,436,289,1,-0.00013837032
Warm B,487861,3001,3000,436,289,1,0.021797229
Warm B,484981,2986,2985,436,289,0,0.015813483
Warm B,480088,2946,2945,436,289,0,0.0012164093
Warm B,463216,2857,2856,436,289,1,0.0002835053
Warm B,453656,2793,2792,436,289,0,0.017486516
Warm B,444622,2743,2742,436,289,0,0.006008234
Warm B,420212,2540,2539,436,289,1,-0.0005745464
Warm B,426901,2592,2591,436,289,1,0.0003909329
Warm B,399040,2376,2375,436,289,0,0.0066235717
Warm B,381298,2230,2229,436,289,0,0.0043425336
Warm B,385237,2251,2250,436,289,0,0.0001785265
Warm B,310636,1851,1850,436,289,0,0.0027528903
Warm B,265709,1613,1612,436,289,0,0.013341216
Warm B,262191,1600,1599,436,289,0,0.0036839829
Warm B,259419,1587,1586,436,289,0,0.010255188
Warm B,315137,1880,1879,436,289,0,0.006898356
Warm B,218890,1328,1327,436,289,1,0.0092947865
Warm B,296419,1758,1757,436,289,0,0.010265835
Warm B,279044,1680,1679,436,289,0,0.0010825708
Warm B,210103,1284,1283,436,289,0,0.009272523
Warm B,327961,1941,1940,436,289,1,0.004086057
Warm B,185162,1150,1149,436,289,0,0.0062462366
Warm B,307366,1835,1834,436,289,0,0.012718083
Warm B,183957,1146,1145,436,289,0,0.004242954
Warm B,175462,1112,1111,436,289,0,0.0067571816
Warm B,168382,1069,1068,436,289,0,0.007980783
Warm B,160003,1019,1018,436,289,0,0.0015665134
Warm B,269869,1635,1634,436,289,0,0.003146038
Warm B,146243,940,939,436,289,0,0.006353714
Warm B,156764,1010,1009,436,289,0,-0.005253188
Warm B,135567,877,876,436,289,0,0.0073908907
Warm B,117461,757,756,436,289,0,0.0117987925
Warm B,114807,746,745,436,289,0,0.009397253
Warm B,111852,728,727,436,289,0,0.0013325296
Warm B,107867,710,709,436,289,0,0.0056630787
Warm B,299578,1778,1777,436,289,0,0.0031444454
Warm B,103382,687,686,436,289,0,0.0063056336
Warm B,110752,721,720,436,289,0,0.012873273
Warm B,332616,1962,1961,436,289,0,-0.0005596981
Warm B,83019,549,548,436,289,1,0.0109258145
Warm B,190777,1181,1180,436,289,0,0.009297894
Warm B,303728,1804,1803,436,289,0,0.0066731246
Warm B,77422,524,523,436,289,0,0.0146733085
Warm B,68664,461,460,436,289,0,0.013642927
Warm B,71963,482,481,436,289,0,0.008337426
Warm B,59772,406,405,436,289,0,0.017430149
Warm B,74767,509,508,436,289,1,0.00020536128
Warm B,132401,855,854,436,289,0,0.010718298
Warm B,288584,1724,1723,436,289,1,0.012130716
Warm B,697292,4169,4168,436,289,0,0.0069145304
Warm B,30017,202,201,436,289,0,0.013307277
Warm B,27308,192,191,436,289,0,-0.0038345258
Warm B,537051,3311,3310,436,289,0,0.0016606468
Warm B,7893,53,52,436,289,0,0.024661247
Warm B,15731,123,122,436,289,0,-0.0013902353
Warm B,104258,692,691,436,289,0,0.010293946
Warm B,471954,2904,2903,436,289,0,0.0038321903
Warm B,158065,1015,1014,436,289,0,0.010857308
Warm B,50303,331,330,436,289,0,0.009224722
Warm B,150539,970,969,436,289,0,0.021808837
Warm B,237831,1447,1446,436,289,0,0.004597592
Warm B,265031,1611,1610,436,289,0,0.0075163366
Warm B,102159,678,677,436,289,0,0.0117374845
Warm B,234912,1425,1424,436,289,0,0.0117073385
Warm B,331534,1958,1957,436,289,0,0.0100869
Warm B,907803,5492,5491,436,289,0,0.012925115
Warm B,805913,4823,4822,436,289,0,0.006107571
Warm B,322277,1912,1911,436,289,0,0.007942166
Warm B,351706,2063,2062,436,289,1,0.014557144
Warm B,134189,869,868,437,290,0,0.012572328
Warm B,342382,2015,2014,437,290,0,0.016576417
Warm B,821704,4940,4939,437,290,0,0.0061735176
Warm B,550021,3391,3390,437,290,0,0.014040211
Warm B,550023,3391,3390,438,291,0,0.008631456
Warm B,542149,3336,3335,438,291,0,0.015951812
Warm B,540992,3328,3327,438,291,0,0.011795139
Warm B,544048,3353,3352,438,291,0,0.014316369
Warm B,522450,3224,3223,438,291,0,0.019465683
Warm B,539849,3320,3319,438,291,0,0.019715987
Warm B,520314,3209,3208,438,291,0,0.003137635
Warm B,523846,3229,3228,438,291,0,0.0019842763
Warm B,575275,3519,3518,438,291,0,0.010989912
Warm B,532085,3285,3284,438,291,0,0.012938592
Warm B,516920,3191,3190,438,291,0,0.0070274565
Warm B,562524,3462,3461,438,291,0,0.016565448
Warm B,508569,3129,3128,438,291,0,0.02048857
Warm B,505824,3111,3110,438,291,0,-0.0039559994
Warm B,738420,4411,4410,438,291,0,0.011233051
Warm B,484983,2986,2985,438,291,0,0.018397622
Warm B,484468,2983,2982,438,291,1,0.0025905515
Warm B,473507,2909,2908,438,291,0,0.025304426
Warm B,461802,2848,2847,438,291,0,0.009356895
Warm B,594784,3620,3619,438,291,0,0.01187974
Warm B,450788,2777,2776,438,291,1,0.015334987
Warm B,441194,2701,2700,438,291,0,0.0026431887
Warm B,438810,2681,2680,438,291,0,0.0078369
Warm B,435795,2664,2663,438,291,0,0.005268549
Warm B,420447,2541,2540,438,291,0,0.011245009
Warm B,408161,2453,2452,438,291,1,0.026245177
Warm B,399480,2378,2377,438,291,0,0.0069677755
Warm B,375548,2188,2187,438,291,0,0.016169319
Warm B,351709,2063,2062,438,291,0,0.021666203
Warm B,361569,2109,2108,438,291,0,0.010473093
Warm B,358853,2100,2099,438,291,1,0.008897351
Warm B,340588,2010,2009,438,291,0,0.008246098
Warm B,341535,2012,2011,438,291,0,0.0025873245
Warm B,350944,2060,2059,438,291,0,0.010001468
Warm B,318347,1891,1890,438,291,0,0.01902423
Warm B,297440,1764,1763,438,291,1,0.0034890692
Warm B,303510,1803,1802,438,291,0,0.011636503
Warm B,281655,1689,1688,438,291,1,0.015941547
Warm B,281227,1687,1686,438,291,1,0.0062046903
Warm B,288857,1726,1725,438,291,0,0.009105751
Warm B,303004,1800,1799,438,291,0,0.021804731
Warm B,236207,1433,1432,438,291,0,0.00371316
Warm B,242743,1465,1464,438,291,0,0.01851109
Warm B,335779,1980,1979,438,291,0,0.018581616
Warm B,224666,1358,1357,438,291,1,0.009751717
Warm B,227089,1377,1376,438,291,0,0.016788468
Warm B,277604,1676,1675,438,291,0,0.016969644
Warm B,243873,1470,1469,438,291,0,0.0037157678
Warm B,196448,1207,1206,438,291,0,0.015482579
Warm B,173612,1100,1099,438,291,0,0.0057864855
Warm B,173085,1097,1096,438,291,0,0.029460095
Warm B,327962,1941,1940,438,291,0,0.018207323
Warm B,163785,1050,1049,438,291,0,0.016383132
Warm B,272137,1645,1644,438,291,1,0.0068390984
Warm B,275502,1667,1666,438,291,1,0.018904362
Warm B,154825,999,998,438,291,0,0.007683067
Warm B,156765,1010,1009,438,291,0,0.012810292
Warm B,276903,1675,1674,438,291,0,0.014919167
Warm B,141470,911,910,438,291,1,0.015301228
Warm B,136493,881,880,438,291,0,0.01863105
Warm B,263230,1605,1604,438,291,0,0.011836529
Warm B,239960,1449,1448,438,291,0,0.018152077
Warm B,107079,704,703,438,291,1,0.0076272464
Warm B,110112,718,717,438,291,0,0.011708865
Warm B,98746,660,659,438,291,0,0.023143142
Warm B,96389,647,646,438,291,0,0.007873278
Warm B,207510,1268,1267,438,291,0,0.012472168
Warm B,480089,2946,2945,438,291,0,0.019105667
Warm B,91190,604,603,438,291,0,0.012753522
Warm B,77423,524,523,438,291,0,0.023647163
Warm B,119175,770,769,438,291,0,0.014911849
Warm B,80134,533,532,438,291,0,0.02306476
Warm B,53972,352,351,438,291,0,0.014035517
Warm B,52606,346,345,438,291,1,0.027544279
Warm B,41910,284,283,438,291,0,0.013200401
Warm B,145314,935,934,438,291,0,0.009139124
Warm B,38070,260,259,438,291,0,0.009536097
Warm B,37458,255,254,438,291,1,0.013385104
Warm B,32994,223,222,438,291,0,0.011357433
Warm B,306195,1824,1823,438,291,0,0.02090691
Warm B,22667,163,162,438,291,0,0.018936712
Warm B,11393,87,86,438,291,0,0.006028672
Warm B,78416,528,527,438,291,1,0.017450083
Warm B,552265,3401,3400,438,291,0,0.01895111
Warm B,790721,4728,4727,438,291,0,0.022885725
Warm B,362955,2116,2115,438,291,0,0.019535657
Warm B,682364,4085,4084,438,291,1,0.008661611
Warm B,342383,2015,2014,438,291,0,0.009344425
Warm B,116113,752,751,438,291,0,0.028124949
Warm B,79328,531,530,438,291,0,0.01744471
Warm B,160004,1019,1018,438,291,0,0.0072505362
Warm B,599192,3648,3647,438,291,0,0.016657613
Warm B,112418,731,730,444,295,0,0.0023369405
Warm B,779068,4653,4652,444,295,0,0.00262421
Warm B,103675,689,688,444,295,0,0.010372295
Warm B,97800,655,654,444,295,0,-0.00356865
Warm B,314074,1875,1874,444,295,0,0.0024834157
Warm B,90624,601,600,444,295,0,-0.0071949223
Warm B,90115,594,593,444,295,0,-0.004780978
Warm B,228198,1383,1382,444,295,0,-2.1329033e-05
Warm B,83030,549,548,444,295,0,-0.0016526425
Warm B,84079,550,549,444,295,0,-0.011256285
Warm B,66834,449,448,444,295,0,-0.0072906166
Warm B,74774,509,508,444,295,1,0.0046517216
Warm B,308558,1837,1836,444,295,0,-0.013265147
Warm B,32270,216,215,444,295,0,0.00027414993
Warm B,697301,4169,4168,444,295,0,-0.011802748
Warm B,167099,1063,1062,444,295,0,-0.003265827
Warm B,631520,3821,3820,444,295,0,-0.003965007
Warm B,680609,4079,4078,444,295,1,-0.005450989
Warm B,326067,1930,1929,444,295,0,-0.0025381166
Warm B,195382,1203,1202,444,295,0,-0.001949168
Warm B,720437,4312,4311,444,295,0,0.0014782607
Warm B,399483,2378,2377,445,296,1,0.0016270336
Warm B,364709,2124,2123,445,296,0,0.0070315525
Warm B,351718,2063,2062,445,296,0,0.020273462
Warm B,281231,1687,1686,445,296,0,0.012087098
Warm B,279065,1680,1679,445,296,0,0.011328934
Warm B,236696,1437,1436,445,296,1,0.013314802
Warm B,230090,1392,1391,445,296,0,0.01020777
Warm B,227093,1377,1376,445,296,0,0.014608303
Warm B,277613,1676,1675,445,296,0,0.007981852
Warm B,202450,1244,1243,445,296,0,0.011744153
Warm B,197582,1212,1211,445,296,1,-0.0004284061
Warm B,261718,1599,1598,445,296,0,0.005008975
Warm B,196456,1207,1206,445,296,0,0.0051081115
Warm B,193175,1193,1192,445,296,1,0.010335394
Warm B,173617,1100,1099,445,296,0,0.008138009
Warm B,164468,1051,1050,445,296,0,0.020811714
Warm B,136502,881,880,445,296,0,0.012005727
Warm B,135575,877,876,445,296,0,0.011498392
Warm B,112419,731,730,445,296,0,0.010218826
Warm B,299587,1778,1777,445,296,0,0.013498529
Warm B,101353,676,675,445,296,0,0.019429576
Warm B,96394,647,646,445,296,0,0.004724451
Warm B,314075,1875,1874,445,296,1,0.007929518
Warm B,90625,601,600,445,296,0,0.003770228
Warm B,86590,566,565,445,296,0,0.008495673
Warm B,190793,1181,1180,445,296,0,0.022011723
Warm B,77435,524,523,445,296,0,0.010887645
Warm B,119183,770,769,445,296,0,0.018699752
Warm B,88782,587,586,445,296,0,0.01564881
Warm B,81614,543,542,445,296,0,0.014852758
Warm B,70747,476,475,445,296,0,0.0032665445
Warm B,65312,438,437,445,296,0,0.013785641
Warm B,35907,242,241,445,296,0,0.010508062
Warm B,368336,2153,2152,445,296,1,0.012668668
Warm B,9408,62,61,445,296,0,0.011940045
Warm B,3610,26,25,445,296,0,0.012410149
Warm B,829076,4979,4978,445,296,1,0.01667634
Warm B,331542,1958,1957,445,296,0,0.015340022
Warm B,160013,1019,1018,445,296,0,0.015082756
Warm B,46082,308,307,445,296,0,0.007448745
Warm B,354848,2077,2076,449,299,1,-0.0061786845
Warm B,588428,3590,3589,449,299,1,-0.004113362
Warm B,129357,839,838,449,299,0,0.0025895988
Warm B,109771,716,715,449,299,1,0.00474755
Warm B,58190,392,391,449,299,0,-0.00020551076
Warm B,829077,4979,4978,449,299,1,0.0011247767
Warm B,257604,1579,1578,449,299,0,-0.002609752
Warm B,46086,308,307,449,299,0,0.0036214124
Warm B,933850,5636,5635,449,299,0,0.0019677035
Warm B,476328,2926,2925,449,299,1,0.00790945
Warm B,286409,1710,1709,449,299,1,-0.002782631
Warm B,416542,2507,2506,451,301,1,0.0035543242
Warm B,414217,2493,2492,451,301,1,-0.00041231117
Warm B,375307,2187,2186,451,301,0,0.0010429388
Warm B,335800,1980,1979,451,301,0,0.007458751
Warm B,304501,1810,1809,451,301,1,-0.004027444
Warm B,316758,1884,1883,451,301,0,0.0050062267
Warm B,279093,1680,1679,451,301,1,0.0068498557
Warm B,268331,1630,1629,451,301,0,-0.0029254016
Warm B,246853,1491,1490,451,301,0,0.0013206161
Warm B,237320,1444,1443,451,301,0,0.0019158754
Warm B,212045,1291,1290,451,301,0,0.0014209956
Warm B,210114,1284,1283,451,301,1,0.0054678675
Warm B,194806,1202,1201,451,301,1,0.011515767
Warm B,189886,1178,1177,451,301,1,-0.008682307
Warm B,226833,1376,1375,451,301,0,0.00935753
Warm B,185188,1150,1149,451,301,0,0.014023433
Warm B,316232,1883,1882,451,301,0,0.006143857
Warm B,243891,1470,1469,451,301,0,-0.006195298
Warm B,174900,1108,1107,451,301,0,0.0031404323
Warm B,165204,1053,1052,451,301,0,0.009426196
Warm B,158092,1015,1014,451,301,1,0.007487361
Warm B,138174,889,888,451,301,0,0.01074139
Warm B,135581,877,876,451,301,0,0.0076521165
Warm B,124475,801,800,451,301,0,0.0021491102
Warm B,103389,687,686,451,301,0,5.392474e-06
Warm B,98763,660,659,451,301,0,0.0053098924
Warm B,107424,707,706,451,301,0,-0.004075211
Warm B,713823,4277,4276,451,301,1,0.016909506
Warm B,697307,4169,4168,451,301,1,0.0096810665
Warm B,228208,1383,1382,451,301,0,0.0074224006
Warm B,87250,570,569,451,301,0,0.0010747826
Warm B,86093,563,562,451,301,1,0.009475626
Warm B,80696,536,535,451,301,0,-0.004410394
Warm B,77445,524,523,451,301,1,0.009840484
Warm B,71981,482,481,451,301,0,0.005968622
Warm B,54020,352,351,451,301,0,-0.0041718967
Warm B,110766,721,720,451,301,0,0.0022177652
Warm B,238849,1448,1447,451,301,1,0.002984277
Warm B,308568,1837,1836,451,301,0,-0.00071773364
Warm B,32700,221,220,451,301,1,-0.00054443977
Warm B,30922,206,205,451,301,0,-0.0019316664
Warm B,15770,123,122,451,301,0,-0.0029873613
Warm B,11119,82,81,451,301,0,-0.000786721
Warm B,9419,62,61,451,301,0,0.0023519872
Warm B,524400,3233,3232,451,301,0,0.002779555
Warm B,187606,1164,1163,451,301,0,0.0026152162
Warm B,354856,2077,2076,453,302,0,0.0006295132
Warm B,78423,528,527,453,302,0,0.015548022
Warm B,362972,2116,2115,453,302,0,0.010705577
Warm B,237846,1447,1446,453,302,0,0.010805684
Warm B,272146,1645,1644,453,302,1,0.009014396
Warm B,134210,869,868,453,302,0,0.008119963
Warm B,550050,3391,3390,453,302,0,0.008023669
Warm B,245762,1484,1483,456,305,1,0.016522218
Warm B,241157,1451,1450,456,305,1,0.018440522
Warm B,631526,3821,3820,456,305,0,0.013983066
Warm B,210858,1285,1284,456,305,0,0.02413946
Warm B,202455,1244,1243,456,305,1,0.013522063
Warm B,374025,2181,2180,456,305,1,0.028683612
Warm B,170015,1080,1079,456,305,1,0.008633231
Warm B,168399,1069,1068,456,305,1,0.012821149
Warm B,216984,1317,1316,456,305,1,0.024639487
Warm B,156789,1010,1009,456,305,0,0.018715922
Warm B,154838,999,998,456,305,1,0.017774863
Warm B,124478,801,800,456,305,1,0.0070313876
Warm B,135005,873,872,456,305,1,0.010166451
Warm B,89566,590,589,456,305,1,0.009370348
Warm B,77448,524,523,456,305,1,0.029403092
Warm B,238853,1448,1447,456,305,1,0.021263298
Warm B,70149,474,473,456,305,1,0.02916258
Warm B,54026,352,351,456,305,1,0.0083541535
Warm B,33652,225,224,456,305,1,0.023498967
Warm B,599206,3648,3647,456,305,0,0.0169407
Warm B,20182,149,148,456,305,1,0.030885976
Warm B,7945,53,52,456,305,1,0.020269379
Warm B,357399,2092,2091,456,305,1,0.02099616
Warm B,262513,1601,1600,456,305,1,0.01451952
Warm B,908309,5493,5492,456,305,1,0.021656998
Warm B,286672,1712,1711,456,305,0,0.02618993
Warm B,181965,1137,1136,456,305,0,0.01926227
Warm B,319293,1897,1896,456,305,1,0.02667015
Warm B,24514,173,172,456,305,0,0.013309836
Warm B,335802,1980,1979,456,305,1,0.031140385
Warm B,203046,1246,1245,456,305,1,0.031263676
Warm B,839701,5046,5045,456,305,1,0.03197347
Warm B,804485,4816,4815,456,305,1,0.018727843
Warm B,147920,953,952,458,307,0,0.0102851
Warm B,136518,881,880,458,307,0,-0.00043399225
Warm B,328002,1941,1940,458,307,0,-0.0013840529
Warm B,110347,720,719,458,307,0,0.011991812
Warm B,98766,660,659,458,307,0,0.006161469
Warm B,94904,637,636,458,307,0,0.0057933405
Warm B,713827,4277,4276,458,307,1,0.008266624
Warm B,697311,4169,4168,458,307,0,0.007450101
Warm B,87252,570,569,458,307,0,-0.0008353923
Warm B,308571,1837,1836,458,307,0,-0.0014607981
Warm B,84092,550,549,458,307,0,-0.0014769435
Warm B,71985,482,481,458,307,0,0.0064074253
Warm B,68679,461,460,458,307,1,0.008820995
Warm B,67181,452,451,458,307,1,0.0011145228
Warm B,54031,352,351,458,307,0,0.0091666505
Warm B,15780,123,122,458,307,0,0.0052253194
Warm B,28410,195,194,458,307,1,0.0070691947
Warm B,380780,2225,2224,458,307,0,-0.005102898
Warm B,572079,3507,3506,458,307,1,0.009822555
Warm B,239984,1449,1448,458,307,1,0.0060750786
Warm B,451750,2781,2780,458,307,1,-0.0018779589
Warm B,507732,3125,3124,458,307,1,0.0026106942
Warm B,195391,1203,1202,458,307,0,-0.00077121006
Warm B,959027,5787,5786,458,307,0,0.006541091
Warm B,476333,2926,2925,458,307,0,0.007963093
Warm B,473535,2909,2908,458,307,1,0.0050007002
Warm B,468384,2887,2886,458,307,0,0.009559245
Warm B,535530,3305,3304,459,308,1,0.0014316208
Warm B,544057,3353,3352,459,308,1,0.0038616834
Warm B,561561,3454,3453,459,308,0,0.004242253
Warm B,532099,3285,3284,459,308,0,0.0071542007
Warm B,525763,3247,3246,459,308,0,0.0016365545
Warm B,525057,3242,3241,459,308,0,-0.0033872614
Warm B,520318,3209,3208,459,308,0,4.4650515e-05
Warm B,519992,3208,3207,459,308,0,0.0014105623
Warm B,518714,3201,3200,459,308,1,-0.00057756505
Warm B,512786,3163,3162,459,308,1,0.009332165
Warm B,805918,4823,4822,459,308,0,0.0026636412
Warm B,507213,3121,3120,459,308,0,0.0042812424
Warm B,494061,3032,3031,459,308,1,0.0038683938
Warm B,490706,3018,3017,459,308,0,-0.00076836534
Warm B,486246,2994,2993,459,308,0,0.004450383
Warm B,471618,2901,2900,459,308,0,0.0019715456
Warm B,473536,2909,2908,459,308,1,-0.00029787887
Warm B,435807,2664,2663,459,308,1,0.006888649
Warm B,433595,2643,2642,459,308,1,0.001983019
Warm B,426912,2592,2591,459,308,0,7.530628e-05
Warm B,415240,2500,2499,459,308,0,-0.003028261
Warm B,405800,2435,2434,459,308,0,-0.0010581019
Warm B,387523,2265,2264,459,308,0,0.0058222935
Warm B,377216,2203,2202,459,308,1,0.0072241668
Warm B,362975,2116,2115,459,308,0,0.0041979942
Warm B,343609,2018,2017,459,308,0,0.005660105
Warm B,314637,1879,1878,459,308,1,0.0020380148
Warm B,312297,1861,1860,459,308,0,0.011212362
Warm B,297457,1764,1763,459,308,1,0.010603769
Warm B,292278,1741,1740,459,308,0,0.012226693
Warm B,288864,1726,1725,459,308,0,0.0030855956
Warm B,262199,1600,1599,459,308,0,-0.0025292884
Warm B,358232,2097,2096,459,308,0,-0.0029322403
Warm B,303012,1800,1799,459,308,0,0.004655012
Warm B,299595,1778,1777,459,308,1,0.0070661516
Warm B,232132,1408,1407,459,308,0,0.0020861316
Warm B,227102,1377,1376,459,308,0,0.005026297
Warm B,221288,1340,1339,459,308,0,0.0077163316
Warm B,243893,1470,1469,459,308,0,0.023603994
Warm B,220834,1339,1338,459,308,1,0.011325002
Warm B,196467,1207,1206,459,308,0,0.0018119807
Warm B,176012,1113,1112,459,308,0,-0.000676838
Warm B,179561,1125,1124,459,308,0,0.003460364
Warm B,275512,1667,1666,459,308,1,0.004242777
Warm B,342410,2015,2014,459,308,0,0.0055097938
Warm B,155841,1004,1003,459,308,0,0.0026621395
Warm B,152997,984,983,459,308,0,0.0005034411
Warm B,158095,1015,1014,459,308,0,-5.5855373e-05
Warm B,140672,904,903,459,308,1,0.0024560746
Warm B,136519,881,880,459,308,0,0.011500528
Warm B,135584,877,876,459,308,0,0.003983165
Warm B,202457,1244,1243,459,308,0,0.0078790765
Warm B,114817,746,745,459,308,0,-0.00175098
Warm B,631527,3821,3820,459,308,0,-4.8492802e-05
Warm B,480100,2946,2945,459,308,0,-0.001367553
Warm B,91198,604,603,459,308,0,0.0031266944
Warm B,150552,970,969,459,308,0,0.0038305873
Warm B,81624,543,542,459,308,1,0.0027390285
Warm B,77450,524,523,459,308,0,0.0053876652
Warm B,119192,770,769,459,308,0,0.010580853
Warm B,68680,461,460,459,308,0,-0.0007719112
Warm B,54032,352,351,459,308,0,0.00428172
Warm B,697312,4169,4168,459,308,0,0.011970343
Warm B,55714,368,367,459,308,1,0.0036314745
Warm B,22700,163,162,459,308,0,0.0037571434
Warm B,23242,166,165,459,308,0,-0.0010995457
Warm B,19606,148,147,459,308,0,0.0036746957
Warm B,19060,147,146,459,308,0,0.010651746
Warm B,1434,13,12,459,308,0,-0.004503183
Warm B,158,2,1,459,308,0,0.004686814
Warm B,354860,2077,2076,459,308,1,0.0039475835
Warm B,109778,716,715,459,308,1,-0.0027098737
Warm B,237849,1447,1446,459,308,0,0.009099511
Warm B,567426,3483,3482,459,308,1,-0.0012252651
Warm B,317667,1889,1888,459,308,1,0.005854907
Warm B,453675,2793,2792,459,308,0,0.0031723464
Warm B,145775,937,936,459,308,0,-0.0008475818
Warm B,331552,1958,1957,459,308,0,0.008728043
Warm B,351742,2063,2062,459,308,0,0.009908554
Warm B,335804,1980,1979,459,308,0,0.0070665483
Warm B,599208,3648,3647,459,308,0,0.007192585
Warm B,587857,3589,3588,459,308,0,0.00022291881
Warm B,550054,3391,3390,459,308,0,0.0062355762
Warm B,279121,1680,1679,461,309,1,0.019667525
Warm B,316241,1883,1882,461,309,0,0.00855597
Warm B,201509,1242,1241,461,309,1,0.020293571
Warm B,174114,1101,1100,461,309,1,0.01294078
Warm B,195396,1203,1202,461,309,1,0.008268862
Warm B,168403,1069,1068,461,309,1,0.0010268164
Warm B,161186,1028,1027,461,309,0,0.001851511
Warm B,139385,891,890,461,309,0,0.0020818473
Warm B,138190,889,888,461,309,0,0.010485254
Warm B,123698,797,796,461,309,0,0.0013702156
Warm B,90630,601,600,461,309,0,0.005983418
Warm B,238866,1448,1447,461,309,1,0.011295329
Warm B,49676,329,328,461,309,0,0.015104081
Warm B,33669,225,224,461,309,0,0.010605495
Warm B,26571,187,186,461,309,1,0.00764242
Warm B,23256,166,165,461,309,0,0.01283518
Warm B,16013,126,125,461,309,0,-0.0006158167
Warm B,352,5,4,461,309,0,0.006725651
Warm B,245765,1484,1483,461,309,0,0.021541074
Warm B,132823,856,855,461,309,0,0.0073761223
Warm B,523858,3229,3228,461,309,0,0.0006103199
Warm B,991825,5991,5990,461,309,0,-0.0013341676
Warm B,310650,1851,1850,461,309,0,0.0021755556
Warm B,287697,1717,1716,461,309,1,-0.00273987
Warm B,276195,1671,1670,461,309,0,0.015545551
Warm B,18839,146,145,461,309,0,0.0054233167
Warm B,411037,2466,2465,465,311,0,0.008581376
Warm B,404186,2416,2415,465,311,0,0.010175075
Warm B,393533,2316,2315,465,311,1,0.009115164
Warm B,381310,2230,2229,465,311,0,0.012742443
Warm B,335822,1980,1979,465,311,0,0.019945044
Warm B,322955,1915,1914,465,311,1,-0.0076399427
Warm B,275516,1667,1666,465,311,0,0.0054785116
Warm B,272497,1646,1645,465,311,0,0.012664642
Warm B,270428,1636,1635,465,311,1,0.005990711
Warm B,332635,1962,1961,465,311,0,0.013617436
Warm B,230098,1392,1391,465,311,0,0.010657406
Warm B,241166,1451,1450,465,311,1,0.0051478543
Warm B,337441,1984,1983,465,311,0,-0.0016960846
Warm B,272870,1647,1646,465,311,0,0.020743694
Warm B,279123,1680,1679,465,311,0,0.0142213665
Warm B,220838,1339,1338,465,311,1,0.019648392
Warm B,185210,1150,1149,465,311,0,0.016904078
Warm B,331558,1958,1957,465,311,1,0.024850804
Warm B,168406,1069,1068,465,311,0,0.0100713875
Warm B,167197,1064,1063,465,311,0,0.012823758
Warm B,141172,910,909,465,311,1,0.008237667
Warm B,138192,889,888,465,311,0,0.018060235
Warm B,121715,783,782,465,311,1,0.011423785
Warm B,97811,655,654,465,311,0,0.013703683
Warm B,697322,4169,4168,465,311,0,0.0194927
Warm B,284114,1698,1697,465,311,0,0.01339749
Warm B,83055,549,548,465,311,1,0.013880571
Warm B,238868,1448,1447,465,311,1,0.018139223
Warm B,80538,534,533,465,311,0,0.004362124
Warm B,190833,1181,1180,465,311,0,0.020813186
Warm B,84108,550,549,465,311,1,0.013896552
Warm B,77463,524,523,465,311,0,0.026901916
Warm B,55720,368,367,465,311,1,0.0025913832
Warm B,54056,352,351,465,311,1,0.014839767
Warm B,38410,261,260,465,311,0,0.01984891
Warm B,35927,242,241,465,311,0,0.013260597
Warm B,31261,210,209,465,311,0,4.9161958e-05
Warm B,22710,163,162,465,311,0,0.010889322
Warm B,9442,62,61,465,311,1,0.0105008315
Warm B,620,8,7,465,311,1,0.017359518
Warm B,12147,92,91,465,311,0,0.006958083
Warm B,266391,1616,1615,465,311,0,0.008467174
Warm B,195398,1203,1202,465,311,1,0.021075204
Warm B,179564,1125,1124,465,311,1,0.014294332
Warm B,902997,5458,5457,465,311,0,0.008744899
Warm B,89238,588,587,469,314,1,0.030775582
Warm B,499367,3067,3066,469,314,1,0.015960421
Warm B,195400,1203,1202,469,314,0,0.012504616
Warm B,187611,1164,1163,469,314,0,0.019526867
Warm B,179567,1125,1124,469,314,1,0.0134440595
Warm B,832022,5001,5000,469,314,0,-0.0028696312
Warm B,171571,1088,1087,469,314,0,0.011351749
Warm B,986778,5956,5955,469,314,0,0.009199215
Warm B,295632,1755,1754,469,314,0,0.016889568
Warm B,529667,3272,3271,473,316,0,-0.007094804
Warm B,512800,3163,3162,473,316,0,0.0020694728
Warm B,499950,3069,3068,473,316,0,0.0043466184
Warm B,487881,3001,3000,473,316,0,-0.0029471647
Warm B,860529,5173,5172,473,316,0,0.0019841825
Warm B,476343,2926,2925,473,316,0,-0.006066703
Warm B,472547,2907,2906,473,316,0,0.0041888263
Warm B,463260,2857,2856,473,316,0,0.0048538973
Warm B,462572,2854,2853,473,316,0,-0.0021352195
Warm B,487021,2996,2995,473,316,0,-0.0007182874
Warm B,450829,2777,2776,473,316,0,0.00036305934
Warm B,430067,2621,2620,473,316,0,0.005172915
Warm B,423151,2565,2564,473,316,0,-0.0062722
Warm B,420458,2541,2540,473,316,1,-0.009252067
Warm B,412805,2484,2483,473,316,0,0.0046004634
Warm B,408663,2454,2453,473,316,0,-0.0036807903
Warm B,384098,2244,2243,473,316,0,0.011697864
Warm B,375568,2188,2187,473,316,0,0.0007516807
Warm B,382477,2235,2234,473,316,0,0.0018279646
Warm B,359369,2102,2101,473,316,0,0.007890478
Warm B,355955,2085,2084,473,316,0,-0.00084917725
Warm B,351167,2062,2061,473,316,0,0.0045836577
Warm B,362993,2116,2115,473,316,0,0.0011242738
Warm B,436382,2665,2664,473,316,0,0.0063129636
Warm B,351771,2063,2062,473,316,0,-0.0071274266
Warm B,340615,2010,2009,473,316,0,0.0071824896
Warm B,330283,1949,1948,473,316,0,0.008449423
Warm B,330522,1951,1950,473,316,0,-0.0034606373
Warm B,281247,1687,1686,473,316,1,0.002505981
Warm B,282614,1694,1693,473,316,0,0.0041665765
Warm B,265737,1613,1612,473,316,0,-0.004800136
Warm B,261068,1596,1595,473,316,0,-0.0019893611
Warm B,309281,1841,1840,473,316,0,0.009692216
Warm B,315196,1880,1879,473,316,0,0.0030358154
Warm B,227114,1377,1376,473,316,0,-0.0049135787
Warm B,218807,1327,1326,473,316,0,-0.0041037956
Warm B,296441,1758,1757,473,316,0,-0.005693012
Warm B,277651,1676,1675,473,316,0,0.003325583
Warm B,272881,1647,1646,473,316,0,0.0017853633
Warm B,213427,1298,1297,473,316,0,-0.007166192
Warm B,279142,1680,1679,473,316,0,-0.0005039079
Warm B,193185,1193,1192,473,316,0,-0.0012462349
Warm B,219833,1333,1332,473,316,0,-0.00031987496
Warm B,198616,1220,1219,473,316,0,0.005887121
Warm B,308585,1837,1836,473,316,0,-0.004368299
Warm B,179570,1125,1124,473,316,0,0.0005145455
Warm B,163808,1050,1049,473,316,0,0.0027740495
Warm B,164499,1051,1050,473,316,0,0.0012606219
Warm B,249232,1502,1501,473,316,0,-0.006737344
Warm B,138213,889,888,473,316,0,0.005182758
Warm B,136540,881,880,473,316,0,-0.007185858
Warm B,248800,1501,1500,473,316,0,0.0030098923
Warm B,263274,1605,1604,473,316,0,0.004173934
Warm B,120390,777,776,473,316,0,0.0033729966
Warm B,160049,1019,1018,473,316,0,0.0031298876
Warm B,299606,1778,1777,473,316,0,0.0015706869
Warm B,106035,699,698,473,316,0,-0.005326423
Warm B,100460,670,669,473,316,0,0.008355475
Warm B,91621,608,607,473,316,0,0.00069464464
Warm B,360735,2106,2105,473,316,0,0.006808492
Warm B,77474,524,523,473,316,0,-0.0024877868
Warm B,119212,770,769,473,316,0,0.010201866
Warm B,70758,476,475,473,316,0,0.004405475
Warm B,87076,569,568,473,316,1,-0.008901656
Warm B,72002,482,481,473,316,0,0.0084533
Warm B,67423,453,452,473,316,0,-0.0031540769
Warm B,65329,438,437,473,316,1,-0.01534567
Warm B,251137,1516,1515,473,316,0,0.010736697
Warm B,78437,528,527,473,316,0,0.00023878925
Warm B,58239,392,391,473,316,0,-0.0050041093
Warm B,36766,245,244,473,316,0,0.0045829373
Warm B,30120,202,201,473,316,0,-0.0020008218
Warm B,29359,199,198,473,316,1,-0.0027864017
Warm B,291360,1737,1736,473,316,0,-0.0076600867
Warm B,23277,166,165,473,316,0,0.004979875
Warm B,3359,25,24,473,316,0,0.0051705753
Warm B,2790,22,21,473,316,0,0.00783881
Warm B,49709,329,328,473,316,0,0.0021273843
Warm B,255505,1556,1555,473,316,0,-0.003643273
Warm B,237866,1447,1446,473,316,0,0.007813909
Warm B,386053,2258,2257,473,316,0,-0.002452232
Warm B,342432,2015,2014,473,316,1,0.008960247
Warm B,171585,1088,1087,473,316,0,0.00040816143
Warm B,750643,4478,4477,473,316,0,0.0037361146
Warm B,331567,1958,1957,473,316,0,0.00754802
Warm B,924126,5580,5579,473,316,0,0.007846828
Warm B,907808,5492,5491,473,316,0,0.010696949
Warm B,893308,5394,5393,473,316,0,-0.0043168124
Warm B,473563,2909,2908,473,316,0,-0.0035068935
Warm B,328040,1941,1940,473,316,0,0.004291882
Warm B,234940,1425,1424,473,316,0,0.00089022727
Warm B,589081,3592,3591,477,319,1,0.0185691
Warm B,583401,3562,3561,477,319,1,-0.005063949
Warm B,580886,3547,3546,477,319,0,0.0064199315
Warm B,579292,3539,3538,477,319,1,0.006497274
Warm B,558510,3430,3429,477,319,1,0.0017682017
Warm B,577124,3526,3525,477,319,0,-0.0014929946
Warm B,547932,3380,3379,477,319,0,-0.0042852075
Warm B,535971,3308,3307,477,319,0,0.011223678
Warm B,535532,3305,3304,477,319,1,-0.0056170085
Warm B,525628,3246,3245,477,319,1,0.0019095415
Warm B,518461,3200,3199,477,319,0,-0.0008895021
Warm B,514890,3180,3179,477,319,0,0.011655176
Warm B,658362,3967,3966,477,319,0,-0.006027013
Warm B,508595,3129,3128,477,319,0,0.0072399643
Warm B,500241,3072,3071,477,319,0,0.0037835673
Warm B,499385,3067,3066,477,319,1,0.0013590353
Warm B,498767,3065,3064,477,319,1,-0.0010268595
Warm B,799440,4790,4789,477,319,1,0.010483969
Warm B,494089,3032,3031,477,319,1,0.0062288665
Warm B,478047,2934,2933,477,319,0,0.0060342005
Warm B,477477,2931,2930,477,319,0,-0.0014668754
Warm B,457884,2820,2819,477,319,0,0.0018078804
Warm B,492699,3029,3028,477,319,0,0.0017149863
Warm B,446840,2753,2752,477,319,1,0.005517705
Warm B,444082,2738,2737,477,319,1,-0.0013289063
Warm B,443803,2737,2736,477,319,0,0.0018423366
Warm B,446385,2752,2751,477,319,0,0.004074444
Warm B,442216,2722,2721,477,319,0,0.002875383
Warm B,697335,4169,4168,477,319,1,0.00680218
Warm B,429629,2617,2616,477,319,1,-0.008230809
Warm B,429127,2611,2610,477,319,1,0.00092638575
Warm B,422613,2560,2559,477,319,1,-0.0063080215
Warm B,420222,2540,2539,477,319,1,0.010306871
Warm B,408191,2453,2452,477,319,1,0.0024012132
Warm B,464136,2860,2859,477,319,1,0.00051914644
Warm B,402285,2402,2401,477,319,0,0.0040490953
Warm B,398244,2368,2367,477,319,1,0.007495576
Warm B,413191,2485,2484,477,319,1,0.003118631
Warm B,388607,2276,2275,477,319,0,-0.004964921
Warm B,387704,2266,2265,477,319,1,0.011760561
Warm B,383663,2242,2241,477,319,1,0.00066642807
Warm B,366152,2131,2130,477,319,0,-0.00860846
Warm B,362299,2112,2111,477,319,0,-0.004855328
Warm B,361605,2109,2108,477,319,0,0.0092761535
Warm B,354075,2073,2072,477,319,1,-0.00017645513
Warm B,345698,2028,2027,477,319,1,0.0014780706
Warm B,346978,2035,2034,477,319,0,-0.00013656798
Warm B,398595,2372,2371,477,319,1,0.0022627027
Warm B,343103,2016,2015,477,319,1,-0.008998723
Warm B,333361,1968,1967,477,319,0,0.0037852004
Warm B,315198,1880,1879,477,319,1,-0.0059571695
Warm B,310106,1845,1844,477,319,0,0.00040154625
Warm B,279144,1680,1679,477,319,1,0.0039470065
Warm B,268507,1631,1630,477,319,1,-0.0026490875
Warm B,264137,1607,1606,477,319,0,-0.0009750379
Warm B,260645,1593,1592,477,319,0,0.00636833
Warm B,242780,1465,1464,477,319,1,-0.0004080048
Warm B,332641,1962,1961,477,319,0,0.004094787
Warm B,236919,1440,1439,477,319,0,0.009278763
Warm B,231959,1407,1406,477,319,0,-0.0013793921
Warm B,231292,1400,1399,477,319,1,-0.0055642235
Warm B,224150,1356,1355,477,319,0,0.007116407
Warm B,217999,1322,1321,477,319,0,-0.0051464355
Warm B,214311,1301,1300,477,319,1,0.011019584
Warm B,212055,1291,1290,477,319,0,0.0041062934
Warm B,209754,1281,1280,477,319,1,-0.006999932
Warm B,272883,1647,1646,477,319,1,0.004369346
Warm B,204022,1255,1254,477,319,1,-0.0029871035
Warm B,252834,1532,1531,477,319,0,-0.0012265415
Warm B,308020,1836,1835,477,319,1,-0.0008693831
Warm B,200989,1239,1238,477,319,0,0.0075748395
Warm B,196481,1207,1206,477,319,0,0.0007321164
Warm B,213429,1298,1297,477,319,1,-0.0018985886
Warm B,342434,2015,2014,477,319,0,-0.00060689216
Warm B,188083,1167,1166,477,319,1,-0.0036961152
Warm B,185228,1150,1149,477,319,0,0.0060710176
Warm B,331569,1958,1957,477,319,1,0.011311326
Warm B,263277,1605,1604,477,319,1,0.003927136
Warm B,328042,1941,1940,477,319,1,0.004819867
Warm B,330709,1952,1951,477,319,0,0.0016086018
Warm B,163811,1050,1049,477,319,0,-0.003435342
Warm B,160866,1022,1021,477,319,1,0.009325737
Warm B,162263,1034,1033,477,319,0,0.008797507
Warm B,320053,1899,1898,477,319,1,-0.0016354844
Warm B,338106,1988,1987,477,319,0,0.00856672
Warm B,148732,957,956,477,319,1,-0.0045575337
Warm B,324402,1922,1921,477,319,1,0.0048014186
Warm B,199416,1224,1223,477,319,1,-0.0018397579
Warm B,138216,889,888,477,319,0,0.0012840083
Warm B,131891,854,853,477,319,0,-0.0015126523
Warm B,124487,801,800,477,319,1,-0.0057159383
Warm B,123876,798,797,477,319,1,-0.00081383175
Warm B,114830,746,745,477,319,1,0.0017113055
Warm B,107320,706,705,477,319,0,0.00035029836
Warm B,101672,677,676,477,319,0,-0.0034742462
Warm B,452085,2784,2783,477,319,0,-0.007620129
Warm B,90634,601,600,477,319,1,0.008502773
Warm B,80539,534,533,477,319,0,-0.0032685837
Warm B,238883,1448,1447,477,319,1,0.0012933838
Warm B,77477,524,523,477,319,1,0.004224216
Warm B,52654,346,345,477,319,1,0.004705595
Warm B,47753,319,318,477,319,0,-0.0015769969
Warm B,39411,267,266,477,319,0,-0.002863387
Warm B,35991,243,242,477,319,0,-0.012137618
Warm B,33695,225,224,477,319,1,0.0072503733
Warm B,30288,203,202,477,319,0,0.00559159
Warm B,26587,187,186,477,319,0,-0.0026761768
Warm B,91956,611,610,477,319,1,-0.00740958
Warm B,13888,111,110,477,319,1,-0.0041382164
Warm B,223510,1354,1353,477,319,1,-0.0033266456
Warm B,104288,692,691,477,319,1,-0.0008154947
Warm B,206834,1266,1265,477,319,1,-0.0066700205
Warm B,102202,678,677,477,319,1,-0.0057918457
Warm B,79368,531,530,477,319,0,0.007339024
Warm B,348002,2041,2040,477,319,1,0.010170756
Warm B,158133,1015,1014,477,319,1,0.0019580056
Warm B,354882,2077,2076,477,319,1,0.0036806245
Warm B,257627,1579,1578,477,319,1,0.0063491156
Warm B,164501,1051,1050,477,319,1,0.0026293762
Warm B,553904,3410,3409,477,319,0,0.0063493615
Warm B,558200,3428,3427,477,319,1,0.0049361354
Warm B,11711,90,89,477,319,0,0.004303147
Warm B,860308,5172,5171,477,319,1,0.00039780885
Warm B,582763,3560,3559,477,319,1,0.0023485045
Warm B,335846,1980,1979,477,319,1,0.0012860689
Warm B,992959,5998,5997,477,319,0,0.0057736575
Warm B,537891,3312,3311,477,319,0,-0.009580316
Warm B,285288,1701,1700,477,319,1,0.0033460693
Warm B,847216,5090,5089,477,319,0,-0.001486911
Warm B,217009,1317,1316,477,319,1,0.008883882
Warm B,739548,4418,4417,477,319,0,0.0013198203
Warm B,807269,4831,4830,477,319,0,0.0108509185
Warm B,796300,4771,4770,477,319,1,0.0027786493
Warm B,193612,1194,1193,477,319,0,0.0053090714
Warm B,974607,5878,5877,477,319,0,0.0017098767
Warm B,579293,3539,3538,479,320,1,0.0011899936
Warm B,570281,3499,3498,479,320,0,0.0006652153
Warm B,584055,3564,3563,479,320,0,-0.0046000797
Warm B,768344,4578,4577,479,320,1,-0.0021443241
Warm B,569184,3491,3490,479,320,0,-0.0063896924
Warm B,581315,3550,3549,479,320,0,0.0055316295
Warm B,559082,3434,3433,479,320,0,0.0045200465
Warm B,556874,3422,3421,479,320,0,0.0002049075
Warm B,549016,3389,3388,479,320,0,-0.0060284864
Warm B,550081,3391,3390,479,320,0,-0.00089746434
Warm B,537100,3311,3310,479,320,0,-0.010475284
Warm B,532115,3285,3284,479,320,1,0.006647524
Warm B,528154,3265,3264,479,320,0,-0.00064151455
Warm B,589873,3599,3598,479,320,0,0.004114921
Warm B,520329,3209,3208,479,320,0,-0.00247491
Warm B,486258,2994,2993,479,320,0,0.00402622
Warm B,468400,2887,2886,479,320,1,-0.003180639
Warm B,487023,2996,2995,479,320,1,-0.0040392918
Warm B,463262,2857,2856,479,320,0,0.003261658
Warm B,477478,2931,2930,479,320,0,-0.0023915695
Warm B,594806,3620,3619,479,320,0,-0.0022366755
Warm B,444642,2743,2742,479,320,1,0.008771061
Warm B,375089,2186,2185,479,320,1,0.0013455804
Warm B,369897,2164,2163,479,320,1,0.008726
Warm B,349859,2054,2053,479,320,0,0.0067565073
Warm B,351775,2063,2062,479,320,0,0.000890247
Warm B,340617,2010,2009,479,320,0,-0.0041313386
Warm B,315199,1880,1879,479,320,0,0.0071216514
Warm B,297468,1764,1763,479,320,1,-0.0035012958
Warm B,303520,1803,1802,479,320,1,-0.0029098836
Warm B,292294,1741,1740,479,320,0,0.00551702
Warm B,288872,1726,1725,479,320,0,0.00058953743
Warm B,267946,1628,1627,479,320,0,0.0016793709
Warm B,360737,2106,2105,479,320,0,-0.0037155189
Warm B,247649,1496,1495,479,320,0,-0.0007491135
Warm B,243226,1466,1465,479,320,0,-0.0039416235
Warm B,321273,1904,1903,479,320,0,0.0052483454
Warm B,356822,2090,2089,479,320,0,0.0019338117
Warm B,233053,1418,1417,479,320,1,-0.0034339519
Warm B,320771,1902,1901,479,320,1,0.006045127
Warm B,154848,999,998,479,320,0,0.006549382
Warm B,140680,904,903,479,320,0,-0.00237301
Warm B,156816,1010,1009,479,320,0,0.009445861
Warm B,276925,1675,1674,479,320,0,0.003972553
Warm B,136543,881,880,479,320,1,-0.0001534454
Warm B,202469,1244,1243,479,320,0,0.0036095236
Warm B,121511,781,780,479,320,0,0.0010897629
Warm B,120747,778,777,479,320,0,-0.0023332913
Warm B,107909,710,709,479,320,0,-0.003922127
Warm B,90928,602,601,479,320,0,-0.0024204834
Warm B,270877,1639,1638,479,320,1,-0.001199702
Warm B,81638,543,542,479,320,0,0.004217578
Warm B,77478,524,523,479,320,0,0.0036686347
Warm B,86612,566,565,479,320,0,-0.006575316
Warm B,240016,1449,1448,479,320,0,-0.005004066
Warm B,132435,855,854,479,320,0,0.0135351475
Warm B,37602,256,255,479,320,0,-0.0020181637
Warm B,26024,184,183,479,320,0,-0.0013600879
Warm B,234941,1425,1424,479,320,1,-0.0054074572
Warm B,25726,181,180,479,320,1,0.0020591575
Warm B,22730,163,162,479,320,0,0.0043331585
Warm B,697337,4169,4168,479,320,0,-0.00081272563
Warm B,198401,1219,1218,479,320,0,0.00010105898
Warm B,354883,2077,2076,479,320,0,-0.0014541857
Warm B,237869,1447,1446,479,320,1,-0.0061069573
Warm B,572096,3507,3506,479,320,0,0.0039084703
Warm B,328043,1941,1940,479,320,1,-0.0046237987
Warm B,266394,1616,1615,479,320,0,0.006540673
Warm B,145787,937,936,479,320,1,-0.0018068927
Warm B,599224,3648,3647,479,320,0,0.0011553091
Warm B,460281,2840,2839,479,320,0,-0.008119462
Warm B,933864,5636,5635,479,320,0,0.0073950053
Warm B,62882,424,423,479,320,0,-0.00094311056
Warm B,593794,3618,3617,482,323,0,0.0003725267
Warm B,592591,3612,3611,482,323,0,-0.0036085295
Warm B,589766,3598,3597,482,323,0,-0.0022738902
Warm B,598596,3643,3642,482,323,1,-0.0009135585
Warm B,588811,3591,3590,482,323,1,0.007639394
Warm B,585278,3574,3573,482,323,1,0.011705795
Warm B,584684,3569,3568,482,323,1,0.004856271
Warm B,576535,3524,3523,482,323,1,-0.0047016395
Warm B,872660,5269,5268,482,323,0,0.005138664
Warm B,588447,3590,3589,482,323,1,-0.009716837
Warm B,579301,3539,3538,482,323,1,-0.0062973993
Warm B,607116,3685,3684,482,323,1,-0.004129028
Warm B,574097,3514,3513,482,323,1,-0.0043083075
Warm B,572105,3507,3506,482,323,1,-0.00059169857
Warm B,568315,3487,3486,482,323,1,-0.0019175981
Warm B,553585,3409,3408,482,323,1,-0.003679403
Warm B,547374,3377,3376,482,323,0,0.0019748348
Warm B,645255,3885,3884,482,323,1,0.00025509344
Warm B,552939,3402,3401,482,323,0,0.003483983
Warm B,530482,3277,3276,482,323,1,0.0010616095
Warm B,525895,3249,3248,482,323,1,-0.0016001958
Warm B,528163,3265,3264,482,323,0,-0.0030589802
Warm B,514897,3180,3179,482,323,0,-0.0032364575
Warm B,515456,3182,3181,482,323,1,-0.0031618932
Warm B,514034,3172,3171,482,323,0,-0.0068719736
Warm B,513495,3167,3166,482,323,1,0.0015722454
Warm B,805925,4823,4822,482,323,0,0.0005217263
Warm B,507982,3126,3125,482,323,1,0.0031934385
Warm B,507222,3121,3120,482,323,1,0.007892007
Warm B,501755,3081,3080,482,323,1,-0.0033060529
Warm B,575801,3520,3519,482,323,0,0.001756676
Warm B,482697,2967,2966,482,323,0,0.0038214654
Warm B,480115,2946,2945,482,323,1,-0.0040256795
Warm B,471628,2901,2900,482,323,1,0.00152706
Warm B,478443,2935,2934,482,323,0,0.0049559167
Warm B,467527,2881,2880,482,323,1,0.005615412
Warm B,463276,2857,2856,482,323,0,-0.0070417947
Warm B,457336,2818,2817,482,323,1,-0.0087395
Warm B,443809,2737,2736,482,323,1,0.00071550655
Warm B,446389,2752,2751,482,323,1,0.005332043
Warm B,438597,2680,2679,482,323,0,0.0034319004
Warm B,434769,2653,2652,482,323,0,-0.008581532
Warm B,431026,2627,2626,482,323,0,-0.0049158563
Warm B,428262,2605,2604,482,323,1,-0.0056136213
Warm B,426462,2590,2589,482,323,0,0.0010389851
Warm B,423731,2567,2566,482,323,0,0.007508031
Warm B,420974,2544,2543,482,323,0,-0.002141619
Warm B,417809,2523,2522,482,323,1,0.0006615585
Warm B,413974,2490,2489,482,323,1,0.0023984788
Warm B,413724,2489,2488,482,323,0,-0.005479809
Warm B,411741,2473,2472,482,323,0,0.0020688006
Warm B,411047,2466,2465,482,323,1,-0.0032989748
Warm B,409602,2457,2456,482,323,0,-0.00091937603
Warm B,407256,2446,2445,482,323,1,-0.0056006177
Warm B,388949,2279,2278,482,323,1,0.0074693947
Warm B,392872,2307,2306,482,323,1,0.0011169388
Warm B,379190,2215,2214,482,323,1,0.0008117624
Warm B,378365,2208,2207,482,323,0,0.003152721
Warm B,358488,2098,2097,482,323,0,0.0062282756
Warm B,351792,2063,2062,482,323,0,0.0011018447
Warm B,298082,1767,1766,482,323,0,0.0053443382
Warm B,296041,1757,1756,482,323,1,-0.00047396496
Warm B,282620,1694,1693,482,323,0,-0.0027197525
Warm B,274376,1658,1657,482,323,0,-0.0054217307
Warm B,265745,1613,1612,482,323,0,0.0034189522
Warm B,264138,1607,1606,482,323,0,0.0043434333
Warm B,333366,1968,1967,482,323,0,-0.0010834606
Warm B,251333,1517,1516,482,323,0,-0.0024081774
Warm B,231097,1399,1398,482,323,1,0.0031864997
Warm B,296447,1758,1757,482,323,1,-0.0019563993
Warm B,210905,1285,1284,482,323,0,0.0027339868
Warm B,205780,1264,1263,482,323,0,-0.0006136396
Warm B,210131,1284,1283,482,323,0,-0.0014149616
Warm B,185238,1150,1149,482,323,1,-0.00749231
Warm B,307407,1835,1834,482,323,1,-0.0032199994
Warm B,204554,1260,1259,482,323,0,0.00090787385
Warm B,411776,2474,2473,482,323,0,-0.0012852105
Warm B,183984,1146,1145,482,323,0,-0.00089116814
Warm B,160057,1019,1018,482,323,0,-0.0064984537
Warm B,159239,1017,1016,482,323,1,0.0009929694
Warm B,156830,1010,1009,482,323,0,-0.00034770148
Warm B,233394,1420,1419,482,323,1,-0.0028872914
Warm B,116167,752,751,482,323,1,-0.0015317808
Warm B,100152,669,668,482,323,0,0.0005005426
Warm B,240029,1449,1448,482,323,0,-0.0035685012
Warm B,107920,710,709,482,323,1,0.003422718
Warm B,110795,721,720,482,323,0,0.0019178131
Warm B,91625,608,607,482,323,0,-0.0037988413
Warm B,77486,524,523,482,323,0,3.614649e-05
Warm B,70155,474,473,482,323,1,-0.008447575
Warm B,72010,482,481,482,323,0,-0.0012018741
Warm B,74808,509,508,482,323,0,-0.00025851512
Warm B,501272,3080,3079,482,323,0,-0.0036025133
Warm B,55742,368,367,482,323,1,-0.0032282914
Warm B,32389,216,215,482,323,0,0.0073047457
Warm B,20260,149,148,482,323,1,0.0034431356
Warm B,290178,1733,1732,482,323,0,-0.008232523
Warm B,11007,81,80,482,323,0,-0.0028682766
Warm B,8018,53,52,482,323,1,-0.00020112237
Warm B,104296,692,691,482,323,1,-0.0053347945
Warm B,109790,716,715,482,323,1,0.0034919688
Warm B,267949,1628,1627,482,323,0,-0.00032766466
Warm B,481799,2962,2961,482,323,0,0.00058663567
Warm B,158144,1015,1014,482,323,0,-0.0008874838
Warm B,154340,996,995,482,323,0,-0.0015690429
Warm B,140685,904,903,482,323,1,0.00033312524
Warm B,129383,839,838,482,323,1,-0.0018796704
Warm B,265067,1611,1610,482,323,1,0.0030783361
Warm B,317686,1889,1888,482,323,1,0.0025736028
Warm B,195416,1203,1202,482,323,0,0.0010154936
Warm B,470731,2898,2897,482,323,1,-0.0059252153
Warm B,983123,5938,5937,482,323,1,-0.01186431
Warm B,893313,5394,5393,482,323,1,-0.0031119143
Warm B,718907,4305,4304,482,323,1,0.0075458
Warm B,62896,424,423,482,323,0,0.0023704618
Warm B,550092,3391,3390,482,323,0,-0.0017509351
Warm B,211668,1287,1286,483,324,1,-0.0067435037
Warm B,223517,1354,1353,483,324,1,0.009346332
Warm B,158146,1015,1014,483,324,1,-0.0027175143
Warm B,241860,1457,1456,483,324,1,0.00092338165
Warm B,160059,1019,1018,483,324,0,0.010567345
Warm B,42916,293,292,483,324,1,-0.000636976
Warm B,360746,2106,2105,483,324,1,0.0029804516
Warm B,50406,331,330,483,324,1,-0.0022483082
Warm B,319322,1897,1896,483,324,0,-0.0010531177
Warm B,476346,2926,2925,483,324,0,-0.0046443315
Warm B,322334,1912,1911,483,324,0,0.0017460443
Warm B,194828,1202,1201,483,324,1,0.001091672
Warm B,59994,408,407,483,324,1,-0.0119244065
Warm B,550094,3391,3390,483,324,1,2.9741437e-05
Warm B,699961,4186,4185,486,326,0,0.0060832133
Warm B,52265,343,342,486,326,1,0.010858392
Warm B,171595,1088,1087,486,326,0,0.011943983
Warm B,877517,5302,5301,486,326,0,0.0011056692
Warm B,473582,2909,2908,487,327,0,0.0077973753
Warm B,136556,881,880,487,327,0,0.001050286
Warm B,189358,1173,1172,489,328,0,0.018428545
Warm B,156833,1010,1009,489,328,0,0.011280954
Warm B,125415,807,806,489,328,0,0.0028230222
Warm B,121516,781,780,489,328,0,0.0081767645
Warm B,111180,722,721,489,328,0,0.013422804
Warm B,441947,2718,2717,489,328,0,-0.00077222625
Warm B,697346,4169,4168,489,328,0,0.015438348
Warm B,360749,2106,2105,489,328,0,0.008458017
Warm B,291377,1737,1736,489,328,0,0.009419363
Warm B,190872,1181,1180,489,328,0,0.02154155
Warm B,84133,550,549,489,328,0,0.008420511
Warm B,238895,1448,1447,489,328,1,0.013185548
Warm B,67431,453,452,489,328,0,-0.00059112394
Warm B,132444,855,854,489,328,0,0.0147351585
Warm B,784449,4682,4681,489,328,1,0.0111307725
Warm B,32392,216,215,489,328,0,-0.00061912125
Warm B,31597,214,213,489,328,0,0.007738925
Warm B,240033,1449,1448,489,328,0,0.01733031
Warm B,368353,2153,2152,489,328,0,0.0032802508
Warm B,6421,45,44,489,328,0,0.0025222797
Warm B,78443,528,527,489,328,0,0.0066156182
Warm B,354892,2077,2076,489,328,1,0.01316922
Warm B,333821,1969,1968,489,328,0,0.0027914895
Warm B,272172,1645,1644,489,328,1,0.007950927
Warm B,102215,678,677,489,328,0,0.011956009
Warm B,964463,5812,5811,489,328,0,0.010838145
Warm B,331577,1958,1957,489,328,0,0.0023213981
Warm B,689840,4126,4125,489,328,0,0.011633514
Warm B,889251,5367,5366,489,328,0,0.015963892
Warm B,562558,3462,3461,489,328,0,0.0074990424
Warm B,335859,1980,1979,489,328,0,0.013723711
Warm B,328066,1941,1940,489,328,0,0.016095938
Warm B,272898,1647,1646,489,328,0,0.011006251
Warm B,178096,1120,1119,489,328,0,0.006774994
Warm B,771869,4600,4599,489,328,0,0.0015936946
Warm B,550097,3391,3390,489,328,0,0.010002563
Warm B,62172,419,418,489,328,0,0.003042499
Warm B,550110,3391,3390,490,329,1,0.00280343
Warm B,539187,3315,3314,490,329,1,0.0059385644
Warm B,535988,3308,3307,490,329,0,0.008066376
Warm B,542203,3336,3335,490,329,0,0.0048243804
Warm B,532129,3285,3284,490,329,1,0.0006123893
Warm B,526749,3259,3258,490,329,0,0.0013382414
Warm B,883380,5333,5332,490,329,1,0.0007436293
Warm B,688055,4116,4115,490,329,1,0.0011138944
Warm B,521434,3217,3216,490,329,0,0.0079840375
Warm B,522532,3224,3223,490,329,0,0.007643051
Warm B,507752,3125,3124,490,329,1,0.0019475037
Warm B,503251,3091,3090,490,329,1,0.0086974
Warm B,499404,3067,3066,490,329,1,0.0029071667
Warm B,494116,3032,3031,490,329,1,0.0030792723
Warm B,718910,4305,4304,490,329,1,0.0015448614
Warm B,487892,3001,3000,490,329,0,0.0049273698
Warm B,485032,2986,2985,490,329,0,0.009405352
Warm B,880126,5317,5316,490,329,1,0.0037228265
Warm B,457908,2820,2819,490,329,0,0.0023360474
Warm B,453044,2790,2789,490,329,1,0.007318231
Warm B,450846,2777,2776,490,329,1,0.0035412598
Warm B,431635,2629,2628,490,329,1,0.0060291686
Warm B,420225,2540,2539,490,329,1,-0.0060737454
Warm B,402990,2406,2405,490,329,1,0.0012428425
Warm B,400760,2387,2386,490,329,0,-0.008703707
Warm B,382858,2237,2236,490,329,1,-0.0013456783
Warm B,379191,2215,2214,490,329,0,0.00055507827
Warm B,377804,2205,2204,490,329,0,0.009191452
Warm B,373181,2179,2178,490,329,0,0.00073392806
Warm B,363013,2116,2115,490,329,0,0.006304729
Warm B,358493,2098,2097,490,329,0,0.0022846735
Warm B,351808,2063,2062,490,329,0,0.0040752906
Warm B,343633,2018,2017,490,329,1,0.0007422231
Warm B,344603,2022,2021,490,329,1,4.8609916e-05
Warm B,360057,2105,2104,490,329,0,0.010465499
Warm B,565566,3475,3474,490,329,1,0.0045029987
Warm B,210921,1285,1284,490,329,0,0.00637924
Warm B,279194,1680,1679,490,329,0,0.0048136264
Warm B,185257,1150,1149,490,329,0,-0.0012230899
Warm B,183989,1146,1145,490,329,0,-0.0018500587
Warm B,163821,1050,1049,490,329,0,0.001675723
Warm B,320072,1899,1898,490,329,1,0.0066851173
Warm B,221321,1340,1339,490,329,0,0.0027305582
Warm B,267956,1628,1627,490,329,1,-0.0013922309
Warm B,348012,2041,2040,490,329,0,0.014921445
Warm B,146097,939,938,490,329,0,-0.0017860533
Warm B,145340,935,934,490,329,1,0.005320181
Warm B,225238,1362,1361,490,329,1,0.0071647624
Warm B,138257,889,888,490,329,0,0.004779619
Warm B,266634,1617,1616,490,329,1,0.0025999504
Warm B,202482,1244,1243,490,329,0,-0.0022650715
Warm B,132825,856,855,490,329,0,-0.002558835
Warm B,233400,1420,1419,490,329,0,0.0023702006
Warm B,131901,854,853,490,329,1,0.0044880738
Warm B,374817,2185,2184,490,329,0,0.0057082763
Warm B,332645,1962,1961,490,329,0,-0.0028489227
Warm B,128167,829,828,490,329,1,0.0037645553
Warm B,349281,2050,2049,490,329,1,-0.0006641587
Warm B,153030,984,983,490,329,0,0.0007365756
Warm B,109283,714,713,490,329,1,0.002993796
Warm B,379005,2213,2212,490,329,1,0.0045733564
Warm B,117489,757,756,490,329,1,0.0022216463
Warm B,107932,710,709,490,329,0,0.0063481266
Warm B,100159,669,668,490,329,0,0.0031876052
Warm B,99725,666,665,490,329,0,0.0071642613
Warm B,98806,660,659,490,329,0,0.00093215867
Warm B,97533,654,653,490,329,0,0.0035101469
Warm B,110803,721,720,490,329,1,0.013535982
Warm B,92421,618,617,490,329,0,-0.004020077
Warm B,697355,4169,4168,490,329,1,0.006336461
Warm B,480122,2946,2945,490,329,0,-0.009220481
Warm B,92052,612,611,490,329,0,-0.0028394458
Warm B,320779,1902,1901,490,329,0,0.0029248109
Warm B,83099,549,548,490,329,1,-0.0052094143
Warm B,190888,1181,1180,490,329,0,-0.0025615199
Warm B,77498,524,523,490,329,1,0.005151093
Warm B,238907,1448,1447,490,329,1,-0.0052091833
Warm B,68712,461,460,490,329,1,0.01150452
Warm B,74815,509,508,490,329,1,-0.0024203686
Warm B,404150,2415,2414,490,329,0,-0.0008575043
Warm B,47799,319,318,490,329,0,0.0062299124
Warm B,582968,3561,3560,490,329,1,0.0027547504
Warm B,338120,1988,1987,490,329,1,0.0016491028
Warm B,254364,1546,1545,490,329,1,-2.270809e-05
Warm B,55757,368,367,490,329,1,-0.001250257
Warm B,36822,245,244,490,329,1,0.00037823536
Warm B,181988,1137,1136,490,329,1,0.0063539417
Warm B,31303,211,210,490,329,1,0.0048344363
Warm B,23367,167,166,490,329,0,-0.0029886616
Warm B,947732,5722,5721,490,329,0,0.010936687
Warm B,21339,156,155,490,329,1,0.005960715
Warm B,18284,141,140,490,329,1,0.00081607443
Warm B,15969,125,124,490,329,1,0.006907236
Warm B,290185,1733,1732,490,329,0,0.0009053028
Warm B,5516,38,37,490,329,0,0.009529814
Warm B,382002,2232,2231,490,329,0,0.0014997278
Warm B,206844,1266,1265,490,329,1,0.0033298312
Warm B,481808,2962,2961,490,329,0,-0.0028941086
Warm B,158162,1015,1014,490,329,0,0.008773833
Warm B,250392,1509,1508,490,329,0,0.0036098904
Warm B,50427,331,330,490,329,0,0.0035203935
Warm B,743167,4445,4444,490,329,0,0.008337062
Warm B,354899,2077,2076,490,329,0,-0.006975703
Warm B,453718,2793,2792,490,329,1,0.001047763
Warm B,575803,3520,3519,490,329,0,0.0114693735
Warm B,150578,970,969,490,329,0,-0.0021113895
Warm B,76358,518,517,490,329,1,0.0077287764
Warm B,844317,5074,5073,490,329,0,0.0012667176
Warm B,310666,1851,1850,490,329,0,0.0026118872
Warm B,293744,1748,1747,490,329,1,0.008701428
Warm B,365746,2129,2128,490,329,0,0.0022905197
Warm B,460668,2841,2840,490,329,1,0.0069789262
Warm B,169917,1079,1078,490,329,0,0.0019086786
Warm B,164526,1051,1050,490,329,0,0.011067104
Warm B,265074,1611,1610,490,329,0,0.0079371985
Warm B,51599,338,337,490,329,1,0.0006054784
Warm B,317695,1889,1888,490,329,0,-0.0038679277
Warm B,79379,531,530,490,329,0,0.008942297
Warm B,328082,1941,1940,490,329,0,0.007224595
Warm B,609643,3695,3694,490,329,0,0.0015009632
Warm B,331585,1958,1957,490,329,0,0.004563198
Warm B,473594,2909,2908,490,329,1,0.010142914
Warm B,322340,1912,1911,490,329,0,0.0071917363
Warm B,116177,752,751,490,329,0,0.0016413876
Warm B,790743,4728,4727,490,329,0,0.004243022
Warm B,206069,1264,1263,501,336,1,0.0037101144
Warm B,308197,1836,1835,501,336,1,0.008798668
Warm B,185773,1150,1149,501,336,1,0.006503022
Warm B,307705,1835,1834,501,336,1,-0.000992374
Warm B,201793,1242,1241,501,336,1,-0.004824279
Warm B,169665,1077,1076,501,336,0,-0.008083299
Warm B,168682,1069,1068,501,336,1,0.0022988291
Warm B,330821,1952,1951,501,336,1,0.007839013
Warm B,138807,889,888,501,336,0,0.0048606377
Warm B,133484,862,861,501,336,0,-0.0048004626
Warm B,200155,1228,1227,501,336,0,0.0017279964
Warm B,111929,728,727,501,336,0,-0.003930508
Warm B,107385,706,705,501,336,0,-0.0024569738
Warm B,101003,673,672,501,336,1,-0.0018887322
Warm B,528579,3266,3265,501,336,1,0.0009630922
Warm B,89653,590,589,501,336,1,0.0025317075
Warm B,33609,225,224,501,336,0,0.0026312743
Warm B,199903,1227,1226,501,336,1,0.0019443992
Warm B,431209,2627,2626,501,336,0,0.006893686
Warm B,152539,981,980,501,336,0,0.0036150594
Warm B,274728,1660,1659,501,336,1,0.0014352761
Warm B,7882,53,52,501,336,1,-0.0062227035
Warm B,272,5,4,501,336,0,-0.0050073517
Warm B,421232,2544,2543,501,336,0,-0.002701717
Warm B,158655,1015,1014,501,336,0,-0.0050265375
Warm B,129691,839,838,501,336,0,0.0021376736
Warm B,23814,169,168,501,336,0,0.0080233235
Warm B,322694,1912,1911,501,336,0,0.008663524
Warm B,561964,3457,3456,501,336,0,-0.0008354259
Warm B,497411,3054,3053,501,336,1,-0.0014615129
Warm B,290532,1733,1732,501,336,1,0.0018233405
Warm B,187815,1164,1163,501,336,0,-0.0027361824
Warm B,821759,4940,4939,501,336,0,0.0027040401
Warm B,790875,4728,4727,501,336,1,-0.0051529286
Warm B,536276,3308,3307,502,337,0,0.016151207
Warm B,544164,3353,3352,502,337,0,0.015180767
Warm B,531278,3280,3279,502,337,0,0.010120076
Warm B,520430,3209,3208,502,337,0,0.012744721
Warm B,517123,3191,3190,502,337,0,0.009704636
Warm B,502283,3082,3081,502,337,0,0.013604267
Warm B,575581,3519,3518,502,337,0,0.026344333
Warm B,494506,3032,3031,502,337,0,0.010150285
Warm B,486416,2994,2993,502,337,0,0.006481815
Warm B,478290,2934,2933,502,337,0,0.01129636
Warm B,472880,2907,2906,502,337,0,0.021632405
Warm B,474093,2909,2908,502,337,0,0.0042806207
Warm B,487214,2996,2995,502,337,0,0.0059673204
Warm B,456610,2810,2809,502,337,0,0.012349222
Warm B,560042,3441,3440,502,337,0,0.015558341
Warm B,430202,2621,2620,502,337,0,0.017019423
Warm B,373595,2180,2179,502,337,0,0.007035404
Warm B,370089,2164,2163,502,337,0,0.016393036
Warm B,367356,2144,2143,502,337,1,0.00766211
Warm B,366283,2131,2130,502,337,0,0.013611834
Warm B,361917,2109,2108,502,337,0,0.022806402
Warm B,340934,2010,2009,502,337,0,0.016349206
Warm B,341819,2012,2011,502,337,0,0.013658859
Warm B,337229,1983,1982,502,337,0,0.01634639
Warm B,297728,1764,1763,502,337,1,0.013591529
Warm B,303637,1803,1802,502,337,0,0.016026774
Warm B,289035,1726,1725,502,337,0,0.016149953
Warm B,274538,1658,1657,502,337,1,0.024992123
Warm B,262371,1600,1599,502,337,0,0.0109585505
Warm B,309379,1841,1840,502,337,0,0.0077696494
Warm B,361116,2106,2105,502,337,0,0.007842196
Warm B,236252,1433,1432,502,337,0,-0.00013759686
Warm B,301876,1793,1792,502,337,0,0.009635316
Warm B,356923,2090,2089,502,337,1,0.012947426
Warm B,376476,2195,2194,502,337,1,0.0107590705
Warm B,233198,1418,1417,502,337,0,0.0037776623
Warm B,224343,1356,1355,502,337,0,0.008545796
Warm B,278000,1676,1675,502,337,0,0.01537223
Warm B,279922,1680,1679,502,337,0,0.01613804
Warm B,213688,1298,1297,502,337,0,0.011921428
Warm B,328707,1941,1940,502,337,0,0.019017829
Warm B,191442,1181,1180,502,337,0,0.018496206
Warm B,235704,1426,1425,502,337,0,0.008558654
Warm B,173382,1099,1098,502,337,0,0.010691029
Warm B,170159,1083,1082,502,337,1,0.002089612
Warm B,172982,1096,1095,502,337,0,0.012187557
Warm B,227718,1380,1379,502,337,0,0.008902784
Warm B,342806,2015,2014,502,337,0,0.012567464
Warm B,156056,1004,1003,502,337,0,0.008642752
Warm B,164855,1051,1050,502,337,0,0.016510958
Warm B,157241,1010,1009,502,337,0,0.011675525
Warm B,277168,1675,1674,502,337,0,0.013867394
Warm B,145634,936,935,502,337,0,0.014105417
Warm B,263690,1605,1604,502,337,0,0.01145843
Warm B,126740,817,816,502,337,0,0.007759579
Warm B,121609,781,780,502,337,0,0.0067102006
Warm B,115004,746,745,502,337,0,0.011465487
Warm B,114570,744,743,502,337,0,0.012642948
Warm B,104766,694,693,502,337,0,0.0038480745
Warm B,480301,2946,2945,502,337,0,0.021425204
Warm B,299815,1778,1777,502,337,0,0.02018183
Warm B,239325,1448,1447,502,337,0,0.008348512
Warm B,119530,770,769,502,337,0,0.009457035
Warm B,68884,461,460,502,337,0,0.018889766
Warm B,75092,509,508,502,337,0,0.0054495167
Warm B,408792,2454,2453,502,337,0,0.011097762
Warm B,53957,352,351,502,337,0,0.011373851
Warm B,334057,1969,1968,502,337,0,0.013596357
Warm B,46303,309,308,502,337,0,0.013064089
Warm B,46511,310,309,502,337,0,0.0047290903
Warm B,38068,260,259,502,337,0,-0.006114722
Warm B,538188,3312,3311,502,337,0,0.011566663
Warm B,627088,3792,3791,502,337,0,0.016935946
Warm B,29292,199,198,502,337,0,0.018006578
Warm B,291696,1737,1736,502,337,0,0.015488677
Warm B,31247,210,209,502,337,1,0.004578998
Warm B,22657,163,162,502,337,0,0.013536063
Warm B,19553,148,147,502,337,0,0.007070911
Warm B,12362,93,92,502,337,0,0.012838122
Warm B,27299,192,191,502,337,0,0.009232597
Warm B,10552,75,74,502,337,0,0.008464096
Warm B,389508,2282,2281,502,337,0,0.009655607
Warm B,198497,1219,1218,502,337,0,0.012132432
Warm B,40075,271,270,502,337,0,0.011992658
Warm B,78685,528,527,502,337,0,0.019625954
Warm B,829263,4979,4978,502,337,0,0.02624445
Warm B,682764,4085,4084,502,337,0,0.0135254515
Warm B,102637,678,677,502,337,0,0.005430384
Warm B,331931,1958,1957,502,337,0,0.015774377
Warm B,599476,3648,3647,502,337,0,0.010692429
Warm B,581441,3550,3549,502,337,0,0.014752865
Warm B,700069,4186,4185,502,337,0,0.02219373
Warm B,877563,5302,5301,502,337,0,0.008418197
Warm B,193903,1194,1193,502,337,0,0.02402341
Warm B,273270,1647,1646,502,337,0,0.019960407
Warm B,669213,4022,4021,504,338,0,0.010764488
Warm B,667704,4016,4015,504,338,1,0.007120624
Warm B,714175,4277,4276,504,338,1,0.0052115433
Warm B,651641,3929,3928,504,338,0,0.0070996303
Warm B,666042,4007,4006,504,338,0,0.012458425
Warm B,702672,4213,4212,504,338,1,0.009680517
Warm B,641155,3853,3852,504,338,1,4.6044355e-05
Warm B,641927,3859,3858,504,338,1,0.011770341
Warm B,664266,3999,3998,504,338,0,0.0024465104
Warm B,638580,3841,3840,504,338,1,-0.0043203644
Warm B,618415,3746,3745,504,338,1,0.014219936
Warm B,623554,3771,3770,504,338,0,0.007867586
Warm B,615390,3726,3725,504,338,0,0.018186828
Warm B,613037,3715,3714,504,338,1,0.0050523286
Warm B,654360,3942,3941,504,338,0,0.00812662
Warm B,598694,3643,3642,504,338,1,0.019708943
Warm B,605035,3678,3677,504,338,0,0.008594486
Warm B,555965,3416,3415,504,338,0,0.0025506462
Warm B,549268,3389,3388,504,338,0,0.00480489
Warm B,904457,5468,5467,504,338,0,-0.0022513387
Warm B,537488,3311,3310,504,338,0,0.012489011
Warm B,531791,3283,3282,504,338,1,0.01106053
Warm B,517127,3191,3190,504,338,0,0.011983532
Warm B,589955,3599,3598,504,338,1,0.008983516
Warm B,500909,3077,3076,504,338,1,0.00952748
Warm B,498020,3056,3055,504,338,0,0.00789173
Warm B,633624,3824,3823,504,338,0,0.014952423
Warm B,486419,2994,2993,504,338,0,0.004146999
Warm B,484494,2983,2982,504,338,1,0.012901148
Warm B,472885,2907,2906,504,338,1,0.02077746
Warm B,591314,3607,3606,504,338,0,0.011181241
Warm B,487217,2996,2995,504,338,0,0.009098295
Warm B,451191,2777,2776,504,338,0,-0.007735368
Warm B,445016,2744,2743,504,338,1,-0.0018259614
Warm B,564737,3471,3470,504,338,0,0.011548098
Warm B,424830,2576,2575,504,338,0,0.0016922879
Warm B,426620,2590,2589,504,338,0,0.0033805976
Warm B,422855,2562,2561,504,338,1,0.011373237
Warm B,408428,2453,2452,504,338,0,0.0063247536
Warm B,392523,2304,2303,504,338,1,0.0040081907
Warm B,386744,2261,2260,504,338,0,0.0036728734
Warm B,376869,2200,2199,504,338,0,0.014284752
Warm B,370805,2167,2166,504,338,0,0.0033731118
Warm B,358648,2098,2097,504,338,0,0.002138546
Warm B,356557,2088,2087,504,338,0,0.004639158
Warm B,340937,2010,2009,504,338,0,0.007201768
Warm B,333545,1968,1967,504,338,0,0.011357316
Warm B,305955,1820,1819,504,338,0,0.0063567692
Warm B,305527,1817,1816,504,338,0,0.0072339214
Warm B,297733,1764,1763,504,338,1,0.015704025
Warm B,296206,1757,1756,504,338,0,0.01087213
Warm B,303640,1803,1802,504,338,0,0.0037678848
Warm B,292557,1741,1740,504,338,0,0.017393691
Warm B,289038,1726,1725,504,338,0,0.001850938
Warm B,268389,1630,1629,504,338,0,0.0070097754
Warm B,266731,1617,1616,504,338,0,0.013145195
Warm B,266079,1613,1612,504,338,0,0.004259008
Warm B,303132,1800,1799,504,338,0,0.0061941007
Warm B,253610,1542,1541,504,338,0,-4.862901e-05
Warm B,244771,1473,1472,504,338,0,0.014368938
Warm B,283305,1696,1695,504,338,1,0.0070676035
Warm B,232189,1408,1407,504,338,0,0.007788904
Warm B,227333,1377,1376,504,338,0,0.008051256
Warm B,221932,1342,1341,504,338,1,0.007586481
Warm B,267337,1624,1623,504,338,0,0.013157146
Warm B,220047,1333,1332,504,338,0,0.0003731961
Warm B,278006,1676,1675,504,338,0,0.004680992
Warm B,206074,1264,1263,504,338,0,0.015493296
Warm B,303941,1805,1804,504,338,1,0.0045749904
Warm B,320888,1902,1901,504,338,0,0.0025439146
Warm B,186989,1159,1158,504,338,0,-0.0030274806
Warm B,177700,1119,1118,504,338,0,0.017275598
Warm B,191992,1182,1181,504,338,0,0.012450303
Warm B,164056,1050,1049,504,338,0,0.0063845175
Warm B,275730,1667,1666,504,338,0,0.009493343
Warm B,155021,999,998,504,338,0,0.018534523
Warm B,225325,1362,1361,504,338,0,0.0044113034
Warm B,157246,1010,1009,504,338,0,0.003723347
Warm B,138815,889,888,504,338,0,-0.0036116976
Warm B,136934,881,880,504,338,0,0.0071652373
Warm B,135855,877,876,504,338,0,0.011511043
Warm B,202694,1244,1243,504,338,0,0.009465802
Warm B,131510,851,850,504,338,1,0.0069403844
Warm B,352341,2063,2062,504,338,0,0.014009986
Warm B,126742,817,816,504,338,0,0.012922399
Warm B,120817,778,777,504,338,0,0.008150704
Warm B,106316,699,698,504,338,0,0.008494965
Warm B,97410,652,651,504,338,0,0.00023473497
Warm B,90999,602,601,504,338,0,0.004811519
Warm B,308924,1837,1836,504,338,1,0.010162582
Warm B,86258,563,562,504,338,0,0.0044926335
Warm B,81918,543,542,504,338,1,0.011110557
Warm B,77882,524,523,504,338,1,0.0039973757
Warm B,68887,461,460,504,338,1,0.0057570045
Warm B,66663,445,444,504,338,0,0.0055632335
Warm B,76028,516,515,504,338,0,0.011565643
Warm B,53962,352,351,504,338,0,0.020710293
Warm B,44702,302,301,504,338,0,0.0023358306
Warm B,697779,4169,4168,504,338,0,0.004920597
Warm B,36646,245,244,504,338,0,0.0064914003
Warm B,31249,210,209,504,338,0,0.0031584534
Warm B,27303,192,191,504,338,0,0.007854441
Warm B,364391,2122,2121,504,338,0,0.0014462329
Warm B,552645,3401,3400,504,338,1,0.005015299
Warm B,432877,2638,2637,504,338,1,0.007551216
Warm B,238272,1447,1446,504,338,1,0.015870046
Warm B,572480,3507,3506,504,338,0,0.0037395926
Warm B,109952,716,715,504,338,1,0.011848675
Warm B,51521,338,337,504,338,1,0.005712134
Warm B,342811,2015,2014,504,338,0,0.0052613663
Warm B,689987,4126,4125,504,338,1,0.00812548
Warm B,328713,1941,1940,504,338,0,0.008648421
Warm B,454032,2793,2792,504,338,1,0.005422554
Warm B,145917,937,936,504,338,1,0.004649964
Warm B,599480,3648,3647,504,338,0,0.016623706
Warm B,497747,3055,3054,504,338,0,0.0056994217
Warm B,893505,5394,5393,504,338,0,0.01936182
Warm B,195038,1202,1201,504,338,0,0.016429756
Warm B,79734,531,530,505,339,1,0.01222804
Warm B,697780,4169,4168,505,339,0,0.015042126
Warm B,49602,329,328,505,339,0,0.010515435
Warm B,238274,1447,1446,505,339,1,0.018238481
Warm B,352344,2063,2062,505,339,0,0.021005068
Warm B,700071,4186,4185,505,339,0,0.012257088
Warm B,413317,2485,2484,505,339,0,0.00534805
Warm B,172081,1088,1087,505,339,0,0.012721154
Warm B,342812,2015,2014,505,339,0,0.009317135
Warm B,369400,2161,2160,506,340,1,0.014428385
Warm B,336361,1980,1979,506,340,0,0.012066976
Warm B,326216,1930,1929,506,340,1,0.009610791
Warm B,318539,1892,1891,506,340,0,-0.006423325
Warm B,310197,1845,1844,506,340,1,-0.00091764494
Warm B,325604,1926,1925,506,340,1,-0.0066641453
Warm B,296623,1758,1757,506,340,1,0.009618931
Warm B,212170,1291,1290,506,340,1,0.0040884307
Warm B,279931,1680,1679,506,340,0,0.0035650944
Warm B,209591,1279,1278,506,340,0,0.00080573885
Warm B,185779,1150,1149,506,340,0,0.0064422013
Warm B,263692,1605,1604,506,340,0,0.008541219
Warm B,169853,1078,1077,506,340,1,0.0039356556
Warm B,167552,1067,1066,506,340,1,0.00899972
Warm B,168684,1069,1068,506,340,1,0.014240017
Warm B,328717,1941,1940,506,340,0,0.021934975
Warm B,195751,1203,1202,506,340,1,0.008340712
Warm B,221631,1340,1339,506,340,0,0.013125451
Warm B,199638,1224,1223,506,340,1,-0.002334291
Warm B,138818,889,888,506,340,0,0.0134907765
Warm B,116595,752,751,506,340,1,0.011439361
Warm B,101007,673,672,506,340,0,0.007126916
Warm B,97984,655,654,506,340,1,-0.0015079435
Warm B,631827,3821,3820,506,340,0,0.009088514
Warm B,697782,4169,4168,506,340,0,0.012138784
Warm B,241478,1451,1450,506,340,1,0.007971862
Warm B,284517,1698,1697,506,340,1,-0.0015352188
Warm B,89411,588,587,506,340,1,-0.0007877466
Warm B,239331,1448,1447,506,340,1,0.0017332623
Warm B,77886,524,523,506,340,0,0.020408854
Warm B,80397,533,532,506,340,1,0.019620258
Warm B,197473,1211,1210,506,340,0,0.0003632852
Warm B,201798,1242,1241,506,340,0,-0.006273059
Warm B,23820,169,168,506,340,0,0.011439732
Warm B,17595,136,135,506,340,1,0.005017355
Warm B,16734,131,130,506,340,1,0.010367983
Warm B,14101,114,113,506,340,1,0.003765357
Warm B,7890,53,52,506,340,1,0.006595118
Warm B,324593,1922,1921,506,340,1,0.011158275
Warm B,563,8,7,506,340,0,0.0110597275
Warm B,274,5,4,506,340,1,0.0024087587
Warm B,158663,1015,1014,506,340,1,0.01790421
Warm B,416927,2507,2506,506,340,1,0.008662597
Warm B,934032,5636,5635,506,340,1,0.009398952
Warm B,485312,2986,2985,506,340,1,0.011483324
Warm B,160417,1019,1018,506,340,0,0.006657752
Warm B,251263,1516,1515,506,340,1,0.0019462123
Warm B,415873,2504,2503,506,340,0,0.00902899
Warm B,287868,1717,1716,506,340,1,0.014981702
Warm B,60878,411,410,506,340,1,0.012142455
Warm B,276469,1671,1670,506,340,0,0.0077644465
Warm B,509940,3140,3139,506,340,0,0.02035111
Warm B,700072,4186,4185,506,340,1,0.012865176
Warm B,841592,5054,5053,506,340,0,0.0031296315
Warm B,539267,3315,3314,511,344,1,0.007114889
Warm B,537505,3311,3310,511,344,0,0.0051818597
Warm B,554932,3412,3411,511,344,1,0.00864074
Warm B,515728,3182,3181,511,344,0,0.0024772477
Warm B,508819,3129,3128,511,344,0,0.0085646175
Warm B,589959,3599,3598,511,344,0,0.0018104436
Warm B,502288,3082,3081,511,344,0,0.0032452256
Warm B,550607,3391,3390,511,344,1,0.0016129164
Warm B,494535,3032,3031,511,344,1,0.017211132
Warm B,486425,2994,2993,511,344,0,0.0021280185
Warm B,463619,2857,2856,511,344,0,0.0076357843
Warm B,487227,2996,2995,511,344,1,0.008276677
Warm B,452599,2786,2785,511,344,0,0.0010895452
Warm B,451207,2777,2776,511,344,1,0.008780082
Warm B,448580,2764,2763,511,344,0,0.0013998749
Warm B,564747,3471,3470,511,344,0,0.0102180345
Warm B,437284,2669,2668,511,344,0,0.009771489
Warm B,435968,2664,2663,511,344,0,0.005217136
Warm B,417747,2522,2521,511,344,0,0.006016321
Warm B,406341,2437,2436,511,344,1,0.0112560075
Warm B,404747,2419,2418,511,344,0,0.014057107
Warm B,402527,2402,2401,511,344,0,-0.00037471484
Warm B,400013,2380,2379,511,344,0,0.0017306653
Warm B,390196,2288,2287,511,344,0,0.006003748
Warm B,377464,2203,2202,511,344,0,0.0061996966
Warm B,375216,2186,2185,511,344,1,0.013668593
Warm B,370099,2164,2163,511,344,0,0.0006863038
Warm B,349631,2051,2050,511,344,0,0.007880569
Warm B,342823,2015,2014,511,344,0,0.005826596
Warm B,340952,2010,2009,511,344,0,0.009531541
Warm B,314755,1879,1878,511,344,1,0.007261534
Warm B,315606,1880,1879,511,344,0,-0.001193843
Warm B,297184,1762,1761,511,344,0,0.0005527587
Warm B,295379,1753,1752,511,344,0,-0.002630416
Warm B,297747,1764,1763,511,344,1,-0.0024132852
Warm B,285758,1704,1703,511,344,1,0.011756385
Warm B,303946,1805,1804,511,344,0,0.009120497
Warm B,304360,1807,1806,511,344,0,0.0037315802
Warm B,256398,1564,1563,511,344,0,0.002241692
Warm B,303139,1800,1799,511,344,0,0.006997321
Warm B,253099,1537,1536,511,344,1,0.009243112
Warm B,244777,1473,1472,511,344,0,0.00402651
Warm B,356928,2090,2089,511,344,0,0.002642321
Warm B,221652,1340,1339,511,344,0,0.01971236
Warm B,202703,1244,1243,511,344,0,0.013028774
Warm B,182570,1139,1138,511,344,0,0.01573518
Warm B,249032,1501,1500,511,344,1,-0.0037477661
Warm B,155029,999,998,511,344,1,0.010443164
Warm B,148872,957,956,511,344,0,0.0066559045
Warm B,136950,881,880,511,344,0,0.0022158492
Warm B,134615,869,868,511,344,1,0.00036008633
Warm B,110455,720,719,511,344,1,0.011518821
Warm B,240549,1449,1448,511,344,0,0.0040231505
Warm B,109958,716,715,511,344,0,0.00904066
Warm B,101533,676,675,511,344,0,0.01002842
Warm B,299830,1778,1777,511,344,1,0.008714618
Warm B,150807,970,969,511,344,1,0.0032062102
Warm B,81933,543,542,511,344,1,-0.00040962966
Warm B,239350,1448,1447,511,344,1,0.0020106835
Warm B,191477,1181,1180,511,344,0,0.018927358
Warm B,77906,524,523,511,344,0,0.004498925
Warm B,119543,770,769,511,344,0,0.020413768
Warm B,72356,482,481,511,344,0,0.00509771
Warm B,67883,454,453,511,344,0,0.0058170413
Warm B,75109,509,508,511,344,0,0.0031141245
Warm B,58184,392,391,511,344,0,0.011463979
Warm B,44717,302,301,511,344,0,0.009067021
Warm B,145514,935,934,511,344,1,-0.003501169
Warm B,35902,242,241,511,344,0,0.0074187387
Warm B,33628,225,224,511,344,0,0.016924556
Warm B,29309,199,198,511,344,0,0.01672595
Warm B,27320,192,191,511,344,0,0.009105712
Warm B,54614,355,354,511,344,1,-0.0011987085
Warm B,25826,182,181,511,344,1,0.0058228737
Warm B,25684,181,180,511,344,0,0.0030859539
Warm B,270238,1635,1634,511,344,0,0.015314955
Warm B,22676,163,162,511,344,0,0.009936873
Warm B,16331,129,128,511,344,1,0.004092628
Warm B,10314,73,72,511,344,0,0.005215969
Warm B,7359,52,51,511,344,1,0.0049706986
Warm B,17215,134,133,511,344,0,0.0016280706
Warm B,30637,204,203,511,344,0,0.012538092
Warm B,3603,26,25,511,344,1,0.013731352
Warm B,106534,701,700,511,344,1,0.008088894
Warm B,50318,331,330,511,344,0,0.010859882
Warm B,682780,4085,4084,511,344,1,0.009653593
Warm B,157264,1010,1009,511,344,0,0.006988425
Warm B,599494,3648,3647,511,344,0,0.0052201124
Warm B,893509,5394,5393,511,344,0,0.02103311
Warm B,63402,424,423,511,344,0,0.008939542
Warm B,941824,5682,5681,511,344,1,0.0059551643
Warm B,193914,1194,1193,511,344,1,0.0015742052
Warm B,637133,3836,3835,512,345,0,0.004985624
Warm B,627994,3801,3800,512,345,1,0.012753839
Warm B,638613,3841,3840,512,345,0,0.020019617
Warm B,623569,3771,3770,512,345,0,0.009483473
Warm B,652138,3931,3930,512,345,0,0.010788581
Warm B,621373,3762,3761,512,345,0,0.0072481274
Warm B,726181,4344,4343,512,345,0,0.016914316
Warm B,590878,3603,3602,512,345,0,0.0062790634
Warm B,584476,3568,3567,512,345,0,0.013682977
Warm B,555973,3416,3415,512,345,0,-0.00019031367
Warm B,537507,3311,3310,512,345,0,0.013154637
Warm B,530038,3272,3271,512,345,0,0.0059452327
Warm B,523942,3229,3228,512,345,0,0.005182918
Warm B,517502,3193,3192,512,345,0,0.010242309
Warm B,514165,3173,3172,512,345,0,-0.000716893
Warm B,506903,3118,3117,512,345,0,0.008227914
Warm B,505709,3110,3109,512,345,0,0.01328763
Warm B,501904,3081,3080,512,345,0,0.01441525
Warm B,589960,3599,3598,512,345,1,-0.004486341
Warm B,497754,3055,3054,512,345,0,0.016286623
Warm B,641160,3853,3852,512,345,0,-0.003739165
Warm B,494537,3032,3031,512,345,1,0.011391906
Warm B,500052,3069,3068,512,345,0,0.00077784806
Warm B,489338,3012,3011,512,345,0,0.011412347
Warm B,486758,2995,2994,512,345,1,0.006606848
Warm B,489777,3013,3012,512,345,1,0.0098895915
Warm B,479373,2941,2940,512,345,0,0.0064297477
Warm B,591315,3607,3606,512,345,0,0.0075487704
Warm B,710367,4260,4259,512,345,0,0.010988761
Warm B,467100,2878,2877,512,345,1,0.00686657
Warm B,465295,2869,2868,512,345,1,0.0020866941
Warm B,463621,2857,2856,512,345,1,0.0060322233
Warm B,464374,2860,2859,512,345,1,0.0016830042
Warm B,458296,2820,2819,512,345,0,0.008920269
Warm B,440591,2694,2693,512,345,1,0.0033822346
Warm B,427875,2599,2598,512,345,1,0.010743117
Warm B,426631,2590,2589,512,345,0,-0.0040177386
Warm B,419004,2529,2528,512,345,0,0.007981546
Warm B,411140,2466,2465,512,345,0,0.010680358
Warm B,395388,2335,2334,512,345,0,0.009771213
Warm B,384274,2244,2243,512,345,0,0.0103389295
Warm B,385429,2251,2250,512,345,0,0.0036708284
Warm B,374433,2181,2180,512,345,0,0.006428956
Warm B,370806,2167,2166,512,345,1,2.409285e-05
Warm B,368658,2155,2154,512,345,1,0.010353224
Warm B,366804,2138,2137,512,345,1,-0.0015323579
Warm B,358651,2098,2097,512,345,0,-0.0014136645
Warm B,356562,2088,2087,512,345,1,0.009183144
Warm B,361932,2109,2108,512,345,0,0.0031529735
Warm B,346726,2031,2030,512,345,0,0.00994794
Warm B,344485,2021,2020,512,345,1,0.011662221
Warm B,340953,2010,2009,512,345,0,0.0048968093
Warm B,342825,2015,2014,512,345,1,0.010053497
Warm B,333558,1968,1967,512,345,0,0.0041245045
Warm B,330457,1950,1949,512,345,0,0.013146842
Warm B,323533,1919,1918,512,345,0,0.0026764576
Warm B,317063,1884,1883,512,345,0,-0.0016648718
Warm B,300761,1781,1780,512,345,1,0.003679012
Warm B,305530,1817,1816,512,345,0,0.0050710924
Warm B,293312,1746,1745,512,345,0,0.006369697
Warm B,292570,1741,1740,512,345,0,0.012350119
Warm B,279974,1680,1679,512,345,0,0.004491931
Warm B,277182,1675,1674,512,345,0,0.0067202738
Warm B,278023,1676,1675,512,345,1,0.009740905
Warm B,272525,1646,1645,512,345,0,0.016847286
Warm B,271570,1641,1640,512,345,0,0.002079084
Warm B,268390,1630,1629,512,345,0,0.010997451
Warm B,315609,1880,1879,512,345,0,-0.0033038594
Warm B,247924,1496,1495,512,345,0,0.011411579
Warm B,234604,1424,1423,512,345,0,0.004138098
Warm B,224562,1357,1356,512,345,0,0.0048008435
Warm B,221934,1342,1341,512,345,0,-0.0035632378
Warm B,220060,1333,1332,512,345,0,0.017295372
Warm B,200437,1230,1229,512,345,0,0.011216959
Warm B,196213,1206,1205,512,345,0,0.0036196758
Warm B,195047,1202,1201,512,345,0,0.008670384
Warm B,328752,1941,1940,512,345,0,0.004181985
Warm B,177707,1119,1118,512,345,0,0.01391312
Warm B,166153,1058,1057,512,345,0,0.017364271
Warm B,165836,1057,1056,512,345,0,0.00403371
Warm B,159451,1017,1016,512,345,1,-0.0010611987
Warm B,147141,948,947,512,345,1,0.0042728093
Warm B,141021,908,907,512,345,0,0.0022688624
Warm B,157265,1010,1009,512,345,0,0.018494809
Warm B,136152,880,879,512,345,1,0.003539112
Warm B,134617,869,868,512,345,1,0.014771277
Warm B,131512,851,850,512,345,0,0.011622192
Warm B,138849,889,888,512,345,0,0.006984939
Warm B,352371,2063,2062,512,345,0,0.011958803
Warm B,114124,741,740,512,345,1,0.001769878
Warm B,117690,757,756,512,345,0,0.00959291
Warm B,250523,1509,1508,512,345,1,0.0012639179
Warm B,91000,602,601,512,345,0,0.0044907336
Warm B,86264,563,562,512,345,0,0.009509169
Warm B,291716,1737,1736,512,345,1,0.003992025
Warm B,81313,541,540,512,345,0,0.007839724
Warm B,84538,550,549,512,345,0,0.011524753
Warm B,66665,445,444,512,345,0,0.005661901
Warm B,76033,516,515,512,345,0,0.015914902
Warm B,53982,352,351,512,345,0,0.014289352
Warm B,51211,337,336,512,345,0,0.013582997
Warm B,49618,329,328,512,345,0,0.010496464
Warm B,45241,305,304,512,345,0,0.0003769889
Warm B,41248,278,277,512,345,1,-0.0022945742
Warm B,697803,4169,4168,512,345,1,0.009157592
Warm B,36667,245,244,512,345,0,0.0076405997
Warm B,19572,148,147,512,345,1,0.008322648
Warm B,18139,139,138,512,345,0,0.0061190566
Warm B,290556,1733,1732,512,345,0,0.004913108
Warm B,17216,134,133,512,345,0,-0.0011772579
Warm B,552660,3401,3400,512,345,0,0.0059483415
Warm B,366295,2131,2130,512,345,0,0.009602598
Warm B,329591,1943,1942,512,345,0,0.003362236
Warm B,310876,1851,1850,512,345,0,0.009290174
Warm B,158693,1015,1014,512,345,0,0.00862072
Warm B,271865,1643,1642,512,345,1,0.0062350333
Warm B,215721,1306,1305,512,345,0,0.0087597035
Warm B,460868,2841,2840,512,345,1,0.0034737068
Warm B,195769,1203,1202,512,345,0,0.007814315
Warm B,7912,53,52,513,346,1,0.002258807
Warm B,6987,48,47,513,346,0,0.008431068
Warm B,238297,1447,1446,513,346,0,0.011999156
Warm B,129706,839,838,513,346,0,0.010080125
Warm B,328756,1941,1940,513,346,1,0.010842545
Warm B,136951,881,880,513,346,1,0.013479476
Warm B,719047,4305,4304,513,346,0,0.013373013
Warm B,574956,3518,3517,518,351,1,0.012259743
Warm B,784611,4682,4681,518,351,0,0.0058858553
Warm B,501500,3080,3079,518,351,0,0.0055324454
Warm B,499752,3067,3066,518,351,1,0.0055647558
Warm B,493021,3029,3028,518,351,0,0.008423973
Warm B,492197,3026,3025,518,351,0,0.005566392
Warm B,518007,3196,3195,518,351,1,0.018456683
Warm B,530045,3272,3271,518,351,0,0.008197945
Warm B,475216,2916,2915,518,351,0,0.0054576285
Warm B,646844,3892,3891,518,351,0,0.006741768
Warm B,448963,2767,2766,518,351,0,-0.001827469
Warm B,451215,2777,2776,518,351,1,0.016295813
Warm B,438915,2681,2680,518,351,0,0.00081681274
Warm B,423288,2565,2564,518,351,1,-0.0027502975
Warm B,419335,2533,2532,518,351,0,-0.002686871
Warm B,464377,2860,2859,518,351,0,0.002827317
Warm B,409338,2456,2455,518,351,1,-0.00027195283
Warm B,404750,2419,2418,518,351,0,0.0070055416
Warm B,400553,2383,2382,518,351,0,0.011641926
Warm B,392547,2304,2303,518,351,1,0.0074156877
Warm B,389570,2283,2282,518,351,0,0.009306062
Warm B,379596,2219,2218,518,351,0,0.014994484
Warm B,363433,2116,2115,518,351,0,0.012047591
Warm B,356073,2085,2084,518,351,1,-0.0012923459
Warm B,361936,2109,2108,518,351,0,0.011702378
Warm B,352383,2063,2062,518,351,0,0.0001718956
Warm B,341835,2012,2011,518,351,0,0.016466806
Warm B,340960,2010,2009,518,351,0,0.012900123
Warm B,287253,1714,1713,518,351,0,0.0045622615
Warm B,276607,1672,1671,518,351,0,0.004849701
Warm B,336394,1980,1979,518,351,0,0.008942964
Warm B,213101,1297,1296,518,351,0,0.005567098
Warm B,278030,1676,1675,518,351,0,0.014873325
Warm B,279993,1680,1679,518,351,0,0.013399197
Warm B,244220,1470,1469,518,351,0,0.014809912
Warm B,196776,1207,1206,518,351,0,0.008262174
Warm B,188460,1169,1168,518,351,0,0.00968246
Warm B,178401,1120,1119,518,351,0,0.0088554155
Warm B,179268,1124,1123,518,351,1,0.005036882
Warm B,173866,1100,1099,518,351,0,0.007052635
Warm B,168089,1068,1067,518,351,1,0.009455203
Warm B,156072,1004,1003,518,351,0,0.010842695
Warm B,164882,1051,1050,518,351,1,0.010006728
Warm B,145116,934,933,518,351,0,0.0046029375
Warm B,136959,881,880,518,351,0,0.019793026
Warm B,135874,877,876,518,351,0,0.016284902
Warm B,132123,854,853,518,351,0,0.01058702
Warm B,120622,777,776,518,351,0,0.0064540533
Warm B,112722,731,730,518,351,0,0.0038479532
Warm B,108323,710,709,518,351,0,0.014280903
Warm B,86852,566,565,518,351,0,0.0067470223
Warm B,406242,2436,2435,518,351,1,0.013762401
Warm B,84546,550,549,518,351,0,0.0050841644
Warm B,119550,770,769,518,351,0,0.006390067
Warm B,81941,543,542,518,351,0,0.009699671
Warm B,72361,482,481,518,351,0,0.010291614
Warm B,251270,1516,1515,518,351,0,0.008355234
Warm B,44036,301,300,518,351,0,0.008335144
Warm B,697816,4169,4168,518,351,0,0.012456907
Warm B,404090,2414,2413,518,351,0,0.007321105
Warm B,219331,1329,1328,518,351,0,0.011792554
Warm B,337245,1983,1982,518,351,1,0.0033555194
Warm B,31568,214,213,518,351,0,0.0063365856
Warm B,300043,1779,1778,518,351,1,0.013130818
Warm B,3609,26,25,518,351,0,0.0009162654
Warm B,6997,48,47,518,351,0,0.011072854
Warm B,28375,195,194,518,351,1,0.013691195
Warm B,79755,531,530,518,351,0,0.0069116643
Warm B,158698,1015,1014,518,351,0,0.006703507
Warm B,78702,528,527,518,351,0,0.0067838337
Warm B,238306,1447,1446,518,351,0,0.0033546006
Warm B,531289,3280,3279,518,351,0,0.013206255
Warm B,371145,2168,2167,518,351,1,0.01455552
Warm B,572499,3507,3506,518,351,0,0.008545804
Warm B,567740,3483,3482,518,351,0,0.011428838
Warm B,342832,2015,2014,518,351,0,-0.0012142172
Warm B,317953,1889,1888,518,351,0,0.015477523
Warm B,160447,1019,1018,518,351,0,-0.0033512933
Warm B,599501,3648,3647,518,351,0,0.007678646
Warm B,134626,869,868,518,351,0,0.0032614465
Warm B,63418,424,423,518,351,0,0.011026448
Warm B,509948,3140,3139,518,351,0,0.011451715
Warm B,295779,1755,1754,518,351,0,0.0060801324
Warm B,714201,4277,4276,518,351,0,0.015455273
Warm B,748355,4467,4466,518,351,0,-0.002020022
Warm B,193918,1194,1193,518,351,0,0.0043751327
Warm B,357722,2092,2091,518,351,0,0.01056602
Warm B,633658,3824,3823,518,351,0,0.0019895828
Warm B,562804,3462,3461,518,351,0,0.02951914
Warm B,441124,2700,2699,521,354,1,0.0052448893
Warm B,431231,2627,2626,521,354,1,0.0014580905
Warm B,427277,2593,2592,521,354,1,0.0026319837
Warm B,609768,3695,3694,521,354,0,0.0020927857
Warm B,408458,2453,2452,521,354,0,0.010824901
Warm B,379273,2215,2214,521,354,1,0.0031039563
Warm B,349637,2051,2050,521,354,0,-0.0024012201
Warm B,325065,1925,1924,521,354,1,0.00028195302
Warm B,302319,1794,1793,521,354,0,-0.006965623
Warm B,338393,1988,1987,521,354,0,0.00071036443
Warm B,206102,1264,1263,521,354,0,-0.00065468857
Warm B,280024,1680,1679,521,354,1,-0.011180275
Warm B,185822,1150,1149,521,354,1,0.008319132
Warm B,211416,1285,1284,521,354,1,0.006553486
Warm B,184164,1146,1145,521,354,0,0.002942093
Warm B,160464,1019,1018,521,354,0,0.0048154304
Warm B,158718,1015,1014,521,354,0,0.0074768304
Warm B,144278,929,928,521,354,1,0.0047174143
Warm B,144421,930,929,521,354,0,-0.002816399
Warm B,157286,1010,1009,521,354,1,0.0038465364
Warm B,135883,877,876,521,354,0,0.009175692
Warm B,352398,2063,2062,521,354,0,-0.0042598844
Warm B,124099,799,798,521,354,0,-0.0076652667
Warm B,115580,749,748,521,354,1,0.006181559
Warm B,240576,1449,1448,521,354,1,-0.00035760505
Warm B,100355,669,668,521,354,1,-0.0018615348
Warm B,99102,660,659,521,354,0,0.0036843051
Warm B,320903,1902,1901,521,354,1,0.010219858
Warm B,88172,581,580,521,354,0,-0.0050133346
Warm B,308951,1837,1836,521,354,0,-0.004027725
Warm B,191513,1181,1180,521,354,0,0.007902127
Warm B,83574,549,548,521,354,1,0.0037201513
Warm B,77933,524,523,521,354,1,0.0056700828
Warm B,70294,474,473,521,354,1,0.0019720271
Warm B,72379,482,481,521,354,1,0.0055649914
Warm B,76808,520,519,521,354,1,-0.00065622106
Warm B,49640,329,328,521,354,0,-0.0009478789
Warm B,697832,4169,4168,521,354,0,0.00046085473
Warm B,38391,261,260,521,354,0,0.0015345714
Warm B,290577,1733,1732,521,354,0,0.010904606
Warm B,154472,996,995,521,354,1,-0.00094952784
Warm B,20174,149,148,521,354,1,0.0092230765
Warm B,9416,62,61,521,354,1,-0.0031428533
Warm B,7934,53,52,521,354,1,0.006433435
Warm B,104580,692,691,521,354,1,0.008832839
Warm B,3037,23,22,521,354,0,0.010991555
Warm B,210355,1284,1283,521,354,1,0.0017421867
Warm B,482059,2962,2961,521,354,0,0.0025461228
Warm B,355211,2077,2076,521,354,0,-0.0018907194
Warm B,150818,970,969,521,354,0,0.005756481
Warm B,109966,716,715,521,354,1,0.004236608
Warm B,567752,3483,3482,521,354,1,0.0029297061
Warm B,195788,1203,1202,521,354,0,0.0011920534
Warm B,50338,331,330,521,354,0,0.0007138846
Warm B,310887,1851,1850,521,354,0,-0.0033732494
Warm B,174364,1101,1100,521,354,0,0.0022892668
Warm B,959117,5787,5786,521,354,1,-0.0060594426
Warm B,310889,1851,1850,522,355,0,0.014875602
Warm B,13628,108,107,522,355,0,0.013718717
Warm B,8239,57,56,522,355,1,0.004994969
Warm B,7936,53,52,522,355,1,0.010081964
Warm B,20176,149,148,522,355,1,0.021855086
Warm B,743188,4445,4444,522,355,0,-0.0012627867
Warm B,416967,2507,2506,522,355,1,0.023307383
Warm B,265318,1611,1610,522,355,1,0.016794147
Warm B,790885,4728,4727,522,355,1,0.023391247
Warm B,166162,1058,1057,522,355,1,0.021319896
Warm B,937141,5653,5652,522,355,0,0.0111262575
Warm B,467444,2880,2879,522,355,1,0.0028692181
Warm B,526900,3259,3258,522,355,1,0.016916675
Warm B,673441,4042,4041,522,355,0,0.011818987
Warm B,960467,5792,5791,522,355,1,0.009753687
Warm B,571254,3503,3502,522,355,1,0.013584882
Warm B,136971,881,880,522,355,0,0.012322033
Warm B,223122,1352,1351,522,355,0,0.007090811
Warm B,144422,930,929,522,355,0,0.002545007
Warm B,59964,408,407,522,355,1,0.009771813
Warm B,290580,1733,1732,522,355,1,0.018620308
Warm B,191516,1181,1180,522,355,0,0.023645725
Warm B,116632,752,751,522,355,0,0.0246065
Warm B,408459,2453,2452,523,356,0,0.006599366
Warm B,393280,2310,2309,523,356,1,0.005734461
Warm B,383176,2238,2237,523,356,1,-0.002894329
Warm B,381420,2230,2229,523,356,0,0.0014034365
Warm B,373249,2179,2178,523,356,0,0.0015765324
Warm B,336413,1980,1979,523,356,1,0.01563812
Warm B,324606,1922,1921,523,356,1,0.006308862
Warm B,333029,1963,1962,523,356,1,0.0051243245
Warm B,306726,1829,1828,523,356,0,0.004184773
Warm B,316004,1882,1881,523,356,1,0.010508781
Warm B,302907,1799,1798,523,356,1,0.010975821
Warm B,302321,1794,1793,523,356,0,0.0036743192
Warm B,274767,1661,1660,523,356,1,0.013559649
Warm B,280029,1680,1679,523,356,1,0.009313801
Warm B,264266,1607,1606,523,356,0,0.0017359066
Warm B,226723,1374,1373,523,356,1,-8.9908135e-05
Warm B,296639,1758,1757,523,356,1,-0.0063568708
Warm B,209818,1281,1280,523,356,1,-0.00970323
Warm B,201034,1239,1238,523,356,0,0.009071262
Warm B,209607,1279,1278,523,356,1,0.006437872
Warm B,199659,1224,1223,523,356,0,0.007396061
Warm B,286137,1707,1706,523,356,1,0.010025337
Warm B,168714,1069,1068,523,356,1,-0.00065755856
Warm B,151403,974,973,523,356,0,-0.000672154
Warm B,151765,975,974,523,356,1,-0.0025834274
Warm B,144423,930,929,523,356,0,-0.0031752167
Warm B,154666,998,997,523,356,1,-0.008765694
Warm B,384801,2247,2246,523,356,1,0.009210576
Warm B,128377,830,829,523,356,0,0.0064322553
Warm B,322747,1912,1911,523,356,1,0.0033632582
Warm B,258629,1584,1583,523,356,0,0.0109724365
Warm B,124615,801,800,523,356,1,-0.0011557811
Warm B,123185,795,794,523,356,0,0.014825
Warm B,111764,727,726,523,356,0,-0.0048578423
Warm B,295082,1752,1751,523,356,1,0.0040782103
Warm B,241506,1451,1450,523,356,1,0.009438364
Warm B,432247,2634,2633,523,356,1,0.008802572
Warm B,197487,1211,1210,523,356,0,0.00078059174
Warm B,61417,412,411,523,356,1,0.014625201
Warm B,92018,611,610,523,356,0,0.0013710104
Warm B,22077,161,160,523,356,1,0.007215286
Warm B,26557,187,186,523,356,1,0.016054235
Warm B,33647,225,224,523,356,1,0.0020689997
Warm B,158720,1015,1014,523,356,1,0.00822283
Warm B,574966,3518,3517,523,356,0,0.010046577
Warm B,575612,3519,3518,523,356,0,0.004996284
Warm B,680810,4079,4078,523,356,1,-0.004493835
Warm B,160467,1019,1018,523,356,0,0.013107661
Warm B,246978,1491,1490,523,356,1,0.0061826957
Warm B,565813,3475,3474,523,356,0,-0.0023194565
Warm B,535162,3301,3300,523,356,1,0.007830166
Warm B,313041,1865,1864,523,356,1,0.006752303
Warm B,259696,1587,1586,523,356,1,0.004266409
Warm B,460880,2841,2840,523,356,1,-0.005792029
Warm B,187832,1164,1163,523,356,1,0.009382242
Warm B,290582,1733,1732,523,356,1,0.016239457
Warm B,193932,1194,1193,523,356,1,0.008079575
Warm B,310896,1851,1850,528,359,0,0.009934001
Warm B,951441,5747,5746,528,359,0,-0.0032716915
Warm B,160474,1019,1018,528,359,0,-0.0022249534
Warm B,215734,1306,1305,528,359,1,0.0064377347
Warm B,206506,1265,1264,528,359,0,0.0104397265
Warm B,217381,1317,1316,528,359,0,0.01113277
Warm B,700087,4186,4185,528,359,0,0.0065430016
Warm B,550653,3391,3390,528,359,0,-0.0017677306
Warm B,611473,3705,3704,540,369,0,0.0037925146
Warm B,606116,3681,3680,540,369,0,0.010175884
Warm B,604915,3677,3676,540,369,0,0.004081243
Warm B,637173,3836,3835,540,369,0,0.008269714
Warm B,600377,3650,3649,540,369,0,-0.00088892714
Warm B,594459,3618,3617,540,369,0,0.0073914607
Warm B,590903,3603,3602,540,369,0,0.008929107
Warm B,731420,4375,4374,540,369,1,0.0048958226
Warm B,583752,3562,3561,540,369,0,0.011094406
Warm B,759441,4510,4509,540,369,0,0.0081119165
Warm B,940340,5675,5674,540,369,0,0.003057038
Warm B,579842,3539,3538,540,369,0,0.006836623
Warm B,572568,3507,3506,540,369,0,0.0079819495
Warm B,557941,3425,3424,540,369,0,0.014926132
Warm B,556013,3416,3415,540,369,0,0.008699267
Warm B,771925,4600,4599,540,369,0,0.0072929384
Warm B,550712,3391,3390,540,369,0,0.0030231029
Warm B,904478,5468,5467,540,369,0,0.00871918
Warm B,536338,3308,3307,540,369,0,0.0009318093
Warm B,542517,3336,3335,540,369,0,0.011882031
Warm B,528852,3269,3268,540,369,0,0.004900216
Warm B,532461,3285,3284,540,369,0,0.010306861
Warm B,688248,4116,4115,540,369,0,0.0050482377
Warm B,537585,3311,3310,540,369,0,0.010841558
Warm B,517166,3191,3190,540,369,0,0.0038194007
Warm B,521600,3217,3216,540,369,0,0.010196411
Warm B,523069,3224,3223,540,369,0,0.008079324
Warm B,659322,3971,3970,540,369,0,0.009055221
Warm B,494621,3032,3031,540,369,1,0.0022296514
Warm B,628907,3807,3806,540,369,0,0.00918938
Warm B,492222,3026,3025,540,369,0,0.0074867425
Warm B,496692,3051,3050,540,369,0,0.0026668005
Warm B,530104,3272,3271,540,369,0,0.00902344
Warm B,480354,2946,2945,540,369,0,0.0010080237
Warm B,463689,2857,2856,540,369,0,0.004529156
Warm B,458357,2820,2819,540,369,0,0.007143894
Warm B,493079,3029,3028,540,369,0,0.006481504
Warm B,415122,2498,2497,540,369,0,0.0058778124
Warm B,399306,2376,2375,540,369,0,0.008643059
Warm B,391232,2300,2299,540,369,1,0.0044051167
Warm B,379283,2215,2214,540,369,0,0.0037517366
Warm B,385461,2251,2250,540,369,0,0.008172824
Warm B,358679,2098,2097,540,369,0,-0.0030537595
Warm B,352468,2063,2062,540,369,0,0.011453306
Warm B,362000,2109,2108,540,369,0,0.009983866
Warm B,345229,2024,2023,540,369,0,-0.0030514498
Warm B,360307,2105,2104,540,369,0,0.0041069323
Warm B,335299,1979,1978,540,369,0,0.0067849853
Warm B,304546,1811,1810,540,369,0,0.003088647
Warm B,295401,1753,1752,540,369,0,0.002820406
Warm B,275305,1666,1665,540,369,0,0.010532901
Warm B,333601,1968,1967,540,369,0,0.009934368
Warm B,253193,1538,1537,540,369,0,0.0034554605
Warm B,315683,1880,1879,540,369,0,0.0056415666
Warm B,237363,1445,1444,540,369,0,0.00841936
Warm B,321462,1904,1903,540,369,0,0.0033416029
Warm B,262412,1600,1599,540,369,0,0.011710163
Warm B,299881,1778,1777,540,369,0,0.013681047
Warm B,278100,1676,1675,540,369,0,0.013025904
Warm B,210385,1284,1283,540,369,1,0.007390456
Warm B,280121,1680,1679,540,369,1,-0.0004923744
Warm B,328865,1941,1940,540,369,0,0.0030556314
Warm B,185902,1150,1149,540,369,0,0.005618036
Warm B,211483,1285,1284,540,369,0,-0.0006161928
Warm B,181194,1132,1131,540,369,1,0.0046076244
Warm B,174460,1102,1101,540,369,1,0.004711218
Warm B,179889,1125,1124,540,369,0,0.0037213843
Warm B,184184,1146,1145,540,369,0,0.0029508625
Warm B,175858,1112,1111,540,369,0,0.015044177
Warm B,164115,1050,1049,540,369,0,0.0038789927
Warm B,164952,1051,1050,540,369,0,0.008415274
Warm B,168133,1068,1067,540,369,0,0.010202844
Warm B,145540,935,934,540,369,0,-0.0024394759
Warm B,223858,1354,1353,540,369,0,0.010092199
Warm B,115045,746,745,540,369,0,0.0036788783
Warm B,114133,741,740,540,369,0,-0.00073626044
Warm B,106392,699,698,540,369,0,0.014157447
Warm B,108387,710,709,540,369,0,0.0107948715
Warm B,103561,687,686,540,369,0,-0.0011424645
Warm B,177300,1117,1116,540,369,0,-0.0016449846
Warm B,97619,654,653,540,369,0,0.008055278
Warm B,240649,1449,1448,540,369,0,0.003308161
Warm B,111119,721,720,540,369,0,0.0049469834
Warm B,83635,549,548,540,369,0,0.004504297
Warm B,191602,1181,1180,540,369,0,0.01704492
Warm B,77998,524,523,540,369,0,0.014911344
Warm B,68941,461,460,540,369,0,0.00050434924
Warm B,72425,482,481,540,369,0,0.006930878
Warm B,64882,435,434,540,369,0,0.003693218
Warm B,75170,509,508,540,369,0,0.006517763
Warm B,132764,855,854,540,369,0,0.003366177
Warm B,47745,319,318,540,369,0,0.0055003893
Warm B,239439,1448,1447,540,369,0,0.0043325927
Warm B,697892,4169,4168,540,369,0,0.009614892
Warm B,3688,26,25,540,369,0,0.009628501
Warm B,471985,2904,2903,540,369,0,0.0027854396
Warm B,50383,331,330,540,369,0,0.0056553385
Warm B,355253,2077,2076,540,369,0,0.0071349945
Warm B,150844,970,969,540,369,0,0.010530798
Warm B,363503,2116,2115,540,369,0,0.005583814
Warm B,51568,338,337,540,369,0,0.0051270677
Warm B,102733,678,677,540,369,0,0.011758367
Warm B,79816,531,530,540,369,0,0.0066516753
Warm B,565856,3475,3474,540,369,1,0.00591223
Warm B,474218,2909,2908,540,369,0,-0.002687152
Warm B,271887,1643,1642,540,369,0,0.0047553093
Warm B,235346,1425,1424,540,369,1,0.00129299
Warm B,903077,5458,5457,540,369,0,0.004987321
Warm B,893541,5394,5393,540,369,0,0.008080911
Warm B,528427,3265,3264,544,373,0,-0.005328416
Warm B,589974,3599,3598,544,373,1,0.0019351868
Warm B,525174,3242,3241,544,373,0,0.0051364135
Warm B,520454,3209,3208,544,373,0,-0.0049212542
Warm B,521602,3217,3216,544,373,0,0.00562394
Warm B,491041,3018,3017,544,373,1,0.0026477308
Warm B,496696,3051,3050,544,373,0,0.002518545
Warm B,474222,2909,2908,544,373,1,0.0095007075
Warm B,487272,2996,2995,544,373,0,-0.00012851506
Warm B,477610,2931,2930,544,373,0,-0.006013889
Warm B,451278,2777,2776,544,373,1,-0.001402285
Warm B,407078,2445,2444,544,373,0,-0.0087057315
Warm B,392613,2304,2303,544,373,1,0.00512828
Warm B,367277,2143,2142,544,373,0,0.0028109655
Warm B,363507,2116,2115,544,373,0,0.004082954
Warm B,350033,2054,2053,544,373,0,0.0001146514
Warm B,346810,2032,2031,544,373,1,-0.00020649971
Warm B,343403,2017,2016,544,373,0,0.010598193
Warm B,315688,1880,1879,544,373,0,-0.002304741
Warm B,297805,1764,1763,544,373,1,-0.00493535
Warm B,289578,1727,1726,544,373,0,4.273292e-05
Warm B,303159,1800,1799,544,373,0,0.0034535162
Warm B,253826,1543,1542,544,373,0,-0.0011296049
Warm B,224808,1358,1357,544,373,0,-0.0017148221
Warm B,227385,1377,1376,544,373,0,0.008852143
Warm B,221728,1340,1339,544,373,0,-0.00027401163
Warm B,244258,1470,1469,544,373,0,0.0031377308
Warm B,280127,1680,1679,544,373,0,-0.0004388545
Warm B,191606,1181,1180,544,373,0,0.0031805616
Warm B,172430,1091,1090,544,373,0,0.0011769254
Warm B,328871,1941,1940,544,373,0,-0.00091678
Warm B,161796,1031,1030,544,373,1,0.0020625335
Warm B,155068,999,998,544,373,1,0.0020001943
Warm B,141088,909,908,544,373,0,0.00040494336
Warm B,140809,904,903,544,373,0,0.004323274
Warm B,157341,1010,1009,544,373,0,0.00041492027
Warm B,380541,2223,2222,544,373,0,0.0056558875
Warm B,137028,881,880,544,373,0,0.011897711
Warm B,973972,5874,5873,544,373,0,0.0100671295
Warm B,202754,1244,1243,544,373,0,0.003447148
Warm B,240653,1449,1448,544,373,0,0.0010409197
Warm B,106395,699,698,544,373,0,0.0018825085
Warm B,179891,1125,1124,544,373,0,0.001368437
Warm B,96529,647,646,544,373,1,-0.00025285478
Warm B,96777,649,648,544,373,0,-0.0028400477
Warm B,480355,2946,2945,544,373,0,-0.008575885
Warm B,91357,604,603,544,373,0,0.00391713
Warm B,83640,549,548,544,373,0,-0.0008086865
Warm B,82006,543,542,544,373,0,0.007283949
Warm B,239442,1448,1447,544,373,1,0.008717037
Warm B,78004,524,523,544,373,0,0.0063818777
Warm B,119617,770,769,544,373,0,0.009162873
Warm B,68943,461,460,544,373,0,0.0051047737
Warm B,111121,721,720,544,373,0,0.006034007
Warm B,145542,935,934,544,373,0,0.00177676
Warm B,37600,256,255,544,373,0,0.009317387
Warm B,22726,163,162,544,373,0,0.0012211765
Warm B,270308,1635,1634,544,373,0,0.006846756
Warm B,262635,1601,1600,544,373,1,0.004903255
Warm B,15818,123,122,544,373,0,0.011183096
Warm B,355257,2077,2076,544,373,0,-0.00603864
Warm B,104623,692,691,544,373,0,0.00091674365
Warm B,238388,1447,1446,544,373,0,0.002024074
Warm B,773562,4610,4609,544,373,0,0.003240706
Warm B,102737,678,677,544,373,0,-0.0057739774
Warm B,680843,4079,4078,544,373,1,-0.0014392165
Warm B,145974,937,936,544,373,0,0.0011003548
Warm B,599554,3648,3647,544,373,0,0.0058921194
Warm B,332014,1958,1957,544,373,0,-0.010187102
Warm B,498353,3058,3057,547,375,1,0.013282564
Warm B,471749,2901,2900,547,375,0,0.010074412
Warm B,469104,2888,2887,547,375,0,0.015329521
Warm B,472982,2907,2906,547,375,1,0.023680083
Warm B,463693,2857,2856,547,375,0,0.020924896
Warm B,487273,2996,2995,547,375,0,0.018262627
Warm B,455497,2804,2803,547,375,0,0.021343641
Warm B,444894,2743,2742,547,375,0,0.023008645
Warm B,564824,3471,3470,547,375,0,0.01795106
Warm B,429935,2620,2619,547,375,0,0.003040523
Warm B,415313,2500,2499,547,375,0,-0.0028380414
Warm B,407080,2445,2444,547,375,0,0.0065654414
Warm B,392616,2304,2303,547,375,1,0.018186282
Warm B,377519,2203,2202,547,375,1,0.020078205
Warm B,375241,2186,2185,547,375,0,0.015676506
Warm B,370382,2165,2164,547,375,1,0.015904589
Warm B,368044,2148,2147,547,375,1,0.013156794
Warm B,359653,2102,2101,547,375,0,0.009176122
Warm B,352475,2063,2062,547,375,0,0.013168797
Warm B,362007,2109,2108,547,375,0,0.023576202
Warm B,343405,2017,2016,547,375,0,0.015268027
Warm B,341020,2010,2009,547,375,0,0.017761756
Warm B,314787,1879,1878,547,375,0,0.009178638
Warm B,297808,1764,1763,547,375,1,0.0042674
Warm B,296236,1757,1756,547,375,0,0.012151455
Warm B,247991,1496,1495,547,375,0,0.018356115
Warm B,240657,1449,1448,547,375,1,0.010704509
Warm B,243364,1466,1465,547,375,0,0.0092138685
Warm B,283341,1696,1695,547,375,0,0.015822984
Warm B,227387,1377,1376,547,375,0,0.026465766
Warm B,250545,1509,1508,547,375,1,0.007063765
Warm B,280130,1680,1679,547,375,0,0.01749171
Warm B,202756,1244,1243,547,375,0,0.017201211
Warm B,270311,1635,1634,547,375,0,0.029490914
Warm B,185909,1150,1149,547,375,0,0.014604224
Warm B,184186,1146,1145,547,375,0,0.018793676
Warm B,344501,2021,2020,547,375,1,0.0113627855
Warm B,160671,1020,1019,547,375,1,0.0122166695
Warm B,157344,1010,1009,547,375,0,0.020288885
Warm B,263778,1605,1604,547,375,1,0.0023666841
Warm B,121633,781,780,547,375,0,0.00773327
Warm B,116954,753,752,547,375,0,0.017265705
Warm B,119619,770,769,547,375,0,0.0134249125
Warm B,106398,699,698,547,375,0,0.005039698
Warm B,99144,660,659,547,375,1,0.014570562
Warm B,92880,621,620,547,375,0,0.018912137
Warm B,109999,716,715,547,375,1,0.015137795
Warm B,83643,549,548,547,375,0,0.019813173
Warm B,82009,543,542,547,375,0,0.018647913
Warm B,70554,475,474,547,375,0,0.017167259
Warm B,70979,476,475,547,375,1,0.007914681
Warm B,54096,352,351,547,375,0,0.0176944
Warm B,50921,335,334,547,375,0,0.018629588
Warm B,334118,1969,1968,547,375,1,0.023015026
Warm B,697900,4169,4168,547,375,0,0.031900853
Warm B,627169,3792,3791,547,375,0,0.014570667
Warm B,27390,192,191,547,375,0,0.0133089805
Warm B,290634,1733,1732,547,375,0,0.019127479
Warm B,45463,306,305,547,375,1,0.017560922
Warm B,238392,1447,1446,547,375,0,0.026596116
Warm B,408501,2453,2452,547,375,1,0.02866036
Warm B,599556,3648,3647,547,375,0,0.020516824
Warm B,507934,3125,3124,547,375,0,0.025071476
Warm B,559507,3436,3435,547,375,0,0.008289132
Warm B,595035,3620,3619,548,376,0,0.0060216463
Warm B,451280,2777,2776,548,376,0,0.0076743024
Warm B,564825,3471,3470,548,376,0,0.010115403
Warm B,415314,2500,2499,548,376,1,0.007900047
Warm B,392617,2304,2303,548,376,1,0.0055734892
Warm B,363509,2116,2115,548,376,0,0.0034655398
Warm B,342913,2015,2014,548,376,0,0.0076994207
Warm B,341021,2010,2009,548,376,0,0.0059686997
Warm B,337293,1983,1982,548,376,0,0.0058979085
Warm B,330334,1949,1948,548,376,0,0.003612341
Warm B,315692,1880,1879,548,376,0,0.00942401
Warm B,330231,1948,1947,548,376,0,0.0014992754
Warm B,297809,1764,1763,548,376,0,0.009595423
Warm B,302357,1794,1793,548,376,0,0.00040483498
Warm B,289079,1726,1725,548,376,0,0.011634547
Warm B,271360,1640,1639,548,376,0,0.008169211
Warm B,262418,1600,1599,548,376,0,0.00293499
Warm B,266168,1613,1612,548,376,0,0.011514249
Warm B,248191,1497,1496,548,376,0,0.005387119
Warm B,236257,1433,1432,548,376,0,0.0068190843
Warm B,283342,1696,1695,548,376,0,0.0020951142
Warm B,244548,1472,1471,548,376,0,-0.0069363303
Warm B,233223,1418,1417,548,376,0,0.013060256
Warm B,227388,1377,1376,548,376,0,0.011670013
Warm B,221731,1340,1339,548,376,0,0.008579782
Warm B,299886,1778,1777,548,376,1,0.009165579
Warm B,200463,1230,1229,548,376,1,0.0005670907
Warm B,280131,1680,1679,548,376,0,0.008090844
Warm B,191609,1181,1180,548,376,0,0.004957265
Warm B,173403,1099,1098,548,376,0,0.009672735
Warm B,328875,1941,1940,548,376,0,0.016318984
Warm B,218964,1328,1327,548,376,0,0.00946626
Warm B,148473,955,954,548,376,0,0.0037955977
Warm B,137031,881,880,548,376,0,0.008853216
Warm B,135927,877,876,548,376,0,0.018071404
Warm B,202757,1244,1243,548,376,0,0.009703481
Warm B,714268,4277,4276,548,376,0,0.0076782075
Warm B,254543,1546,1545,548,376,0,0.004187152
Warm B,240658,1449,1448,548,376,0,0.005234361
Warm B,134926,872,871,548,376,0,0.00054564234
Warm B,99145,660,659,548,376,0,0.0062480336
Warm B,295119,1752,1751,548,376,0,0.0080177765
Warm B,480356,2946,2945,548,376,0,0.0032923021
Warm B,104625,692,691,548,376,0,-0.0033548248
Warm B,150848,970,969,548,376,0,0.004617107
Warm B,291770,1737,1736,548,376,1,0.019682396
Warm B,82010,543,542,548,376,1,0.002160265
Warm B,84627,550,549,548,376,0,0.003741694
Warm B,78007,524,523,548,376,0,0.01919499
Warm B,111123,721,720,548,376,1,0.008701637
Warm B,44831,302,301,548,376,0,0.014749636
Warm B,42905,293,292,548,376,0,-0.0016736577
Warm B,40799,273,272,548,376,0,0.012449889
Warm B,627170,3792,3791,548,376,0,0.0053484784
Warm B,30122,202,201,548,376,0,0.0063660596
Warm B,29361,199,198,548,376,0,0.008676239
Warm B,22728,163,162,548,376,0,0.010433857
Warm B,19648,148,147,548,376,1,0.0074966066
Warm B,27391,192,191,548,376,0,0.0024067461
Warm B,17238,134,133,548,376,0,0.008572178
Warm B,30692,204,203,548,376,0,0.020547846
Warm B,108394,710,709,548,376,0,0.016456913
Warm B,176193,1113,1112,548,376,0,0.004351083
Warm B,238393,1447,1446,548,376,0,0.011872634
Warm B,778430,4647,4646,548,376,0,0.002216753
Warm B,51574,338,337,548,376,0,0.0035326271
Warm B,599557,3648,3647,548,376,0,0.0036744555
Warm B,322805,1912,1911,548,376,0,0.010623502
Warm B,164957,1051,1050,548,376,0,0.002653865
Warm B,145975,937,936,548,376,0,0.0078182155
Warm B,496697,3051,3050,548,376,0,0.0019746316
Warm B,332017,1958,1957,548,376,0,0.0014022836
Warm B,311406,1854,1853,548,376,0,0.004694097
Warm B,941858,5682,5681,548,376,1,0.00783589
Warm B,294015,1748,1747,548,376,0,0.006858972
Warm B,673476,4042,4041,548,376,0,-0.0006627359
Warm B,53120,349,348,548,376,0,0.008043695
Warm B,607832,3688,3687,549,377,1,0.0077201007
Warm B,595413,3621,3620,549,377,1,0.0051290053
Warm B,569987,3497,3496,549,377,1,0.007536644
Warm B,566564,3476,3475,549,377,0,0.014737778
Warm B,553089,3402,3401,549,377,1,0.006919676
Warm B,548160,3380,3379,549,377,0,0.0023639475
Warm B,904481,5468,5467,549,377,1,-0.0033844868
Warm B,536707,3310,3309,549,377,0,0.0024307678
Warm B,535638,3306,3305,549,377,0,-0.004860552
Warm B,535182,3301,3300,549,377,0,0.009557344
Warm B,527693,3261,3260,549,377,0,0.0061071734
Warm B,523155,3225,3224,549,377,1,-0.0012119466
Warm B,523077,3224,3223,549,377,1,0.0057262033
Warm B,513603,3167,3166,549,377,1,0.011224359
Warm B,546250,3367,3366,549,377,1,0.0090317335
Warm B,482953,2967,2966,549,377,0,0.0028804587
Warm B,479406,2941,2940,549,377,1,0.006877714
Warm B,474854,2913,2912,549,377,1,0.009201364
Warm B,475686,2918,2917,549,377,1,0.007492098
Warm B,464694,2863,2862,549,377,1,0.0051410985
Warm B,460906,2841,2840,549,377,1,0.009972474
Warm B,493085,3029,3028,549,377,1,0.010586296
Warm B,452908,2788,2787,549,377,1,0.010572122
Warm B,444023,2737,2736,549,377,0,0.0054966416
Warm B,437561,2670,2669,549,377,0,0.008116179
Warm B,421325,2544,2543,549,377,0,0.012722543
Warm B,417017,2507,2506,549,377,1,0.00984219
Warm B,401841,2397,2396,549,377,1,0.00206759
Warm B,394868,2331,2330,549,377,1,0.002611943
Warm B,390813,2293,2292,549,377,1,0.01187841
Warm B,379810,2221,2220,549,377,1,0.0036201477
Warm B,378065,2205,2204,549,377,0,0.0070926957
Warm B,369416,2161,2160,549,377,1,0.006329648
Warm B,340095,2007,2006,549,377,1,0.0011605023
Warm B,323334,1916,1915,549,377,1,0.0009595873
Warm B,302568,1796,1795,549,377,1,0.0028761213
Warm B,258031,1579,1578,549,377,1,0.011784322
Warm B,252093,1525,1524,549,377,0,0.008873649
Warm B,246537,1489,1488,549,377,1,0.016945554
Warm B,225445,1364,1363,549,377,1,0.00039812562
Warm B,225393,1363,1362,549,377,1,0.0038895577
Warm B,284616,1698,1697,549,377,1,0.00085764035
Warm B,220506,1335,1334,549,377,1,0.0101764975
Warm B,215331,1305,1304,549,377,1,0.0037852896
Warm B,211488,1285,1284,549,377,1,0.0049329437
Warm B,208456,1273,1272,549,377,1,0.0019706136
Warm B,308242,1836,1835,549,377,1,0.0054019513
Warm B,201843,1242,1241,549,377,0,-0.0056115245
Warm B,199700,1224,1223,549,377,1,0.0036799668
Warm B,197523,1211,1210,549,377,1,-0.002703431
Warm B,189180,1172,1171,549,377,1,-0.0008764836
Warm B,184499,1147,1146,549,377,1,0.0074512106
Warm B,316446,1883,1882,549,377,0,0.009953696
Warm B,191610,1181,1180,549,377,0,0.008689607
Warm B,161900,1032,1031,549,377,1,0.0040597734
Warm B,320424,1899,1898,549,377,1,0.008710254
Warm B,158794,1015,1014,549,377,1,0.0034700343
Warm B,149303,960,959,549,377,1,0.0010808044
Warm B,185911,1150,1149,549,377,1,0.011811672
Warm B,812364,4875,4874,549,377,1,0.0070938207
Warm B,139515,891,890,549,377,1,0.0132424645
Warm B,131407,850,849,549,377,1,0.0011410676
Warm B,127956,826,825,549,377,1,0.002523966
Warm B,127864,824,823,549,377,0,0.0019778549
Warm B,125391,806,805,549,377,1,-0.0020600446
Warm B,254199,1545,1544,549,377,1,0.005430651
Warm B,98021,655,654,549,377,0,0.0028780699
Warm B,82359,546,545,549,377,0,0.0050841616
Warm B,84628,550,549,549,377,1,0.010892649
Warm B,75767,515,514,549,377,0,0.004337503
Warm B,54828,358,357,549,377,1,0.0073504047
Warm B,506091,3112,3111,549,377,0,0.011639779
Warm B,45637,307,306,549,377,0,-0.0062378356
Warm B,34869,235,234,549,377,1,0.011773988
Warm B,33694,225,224,549,377,0,0.008873086
Warm B,199921,1227,1226,549,377,1,0.011654992
Warm B,133696,864,863,549,377,1,0.006437973
Warm B,22108,161,160,549,377,1,-0.00027063699
Warm B,947817,5722,5721,549,377,1,0.0053390656
Warm B,20236,149,148,549,377,1,0.00701891
Warm B,17660,136,135,549,377,1,0.0053032264
Warm B,890274,5371,5370,549,377,1,0.002817495
Warm B,984283,5948,5947,549,377,1,0.006748251
Warm B,986846,5956,5955,549,377,1,0.010534922
Warm B,284993,1699,1698,549,377,1,0.0037521296
Warm B,455224,2802,2801,549,377,1,0.005055843
Warm B,892057,5387,5386,549,377,0,0.008074372
Warm B,89456,588,587,549,377,0,0.0020036874
Warm B,24572,173,172,549,377,0,0.0007982347
Warm B,160528,1019,1018,549,377,0,0.010942519
Warm B,295121,1752,1751,549,377,0,0.004035261
Warm B,631897,3821,3820,549,377,0,0.0030231592
Warm B,46162,308,307,549,377,1,0.0050980025
Warm B,287913,1717,1716,549,377,1,0.008847436
Warm B,821772,4940,4939,549,377,1,-0.0026466025
Warm B,770638,4591,4590,549,377,0,0.015021557
Warm B,937443,5654,5653,549,377,1,0.0043840446
Warm B,659330,3971,3970,550,378,1,-0.002767677
Warm B,563268,3464,3463,550,378,0,0.014050545
Warm B,573735,3512,3511,550,378,0,0.0022855173
Warm B,544804,3358,3357,550,378,1,0.008012672
Warm B,904485,5468,5467,550,378,0,-0.002267331
Warm B,542532,3336,3335,550,378,0,-0.003967384
Warm B,536356,3308,3307,550,378,1,0.009060057
Warm B,529305,3271,3270,550,378,0,-0.0037423512
Warm B,526378,3255,3254,550,378,0,-0.00050961436
Warm B,524765,3239,3238,550,378,1,0.0027036038
Warm B,518179,3197,3196,550,378,1,0.0005786409
Warm B,513268,3163,3162,550,378,0,0.0044240635
Warm B,511234,3153,3152,550,378,1,-0.0010826981
Warm B,509982,3140,3139,550,378,1,0.0058661746
Warm B,505892,3111,3110,550,378,0,0.0018627716
Warm B,503727,3095,3094,550,378,0,-0.0006234003
Warm B,502331,3082,3081,550,378,1,-0.010507111
Warm B,499824,3067,3066,550,378,1,0.005577393
Warm B,493100,3029,3028,550,378,0,0.0047201263
Warm B,492228,3026,3025,550,378,0,0.0059206365
Warm B,488808,3007,3006,550,378,1,0.001863625
Warm B,490458,3017,3016,550,378,0,-0.0069669215
Warm B,497490,3054,3053,550,378,0,-0.0052886065
Warm B,485405,2986,2985,550,378,1,0.014386374
Warm B,469108,2888,2887,550,378,1,-0.002775879
Warm B,468057,2885,2884,550,378,1,0.013664909
Warm B,880250,5317,5316,550,378,1,-0.0042221155
Warm B,461022,2842,2841,550,378,0,0.002102205
Warm B,453360,2792,2791,550,378,0,0.010830785
Warm B,451290,2777,2776,550,378,1,-0.00032233732
Warm B,428900,2609,2608,550,378,1,0.0035393601
Warm B,417033,2507,2506,550,378,0,0.0014099558
Warm B,408513,2453,2452,550,378,1,0.005089721
Warm B,401193,2390,2389,550,378,0,-0.0066236276
Warm B,404807,2419,2418,550,378,1,-0.0056814076
Warm B,375779,2188,2187,550,378,0,0.013985781
Warm B,358740,2099,2098,550,378,0,-0.0017536841
Warm B,352500,2063,2062,550,378,1,0.0052714455
Warm B,362018,2109,2108,550,378,0,0.002104314
Warm B,359035,2100,2099,550,378,1,-0.00497768
Warm B,360322,2105,2104,550,378,0,0.0058800774
Warm B,323344,1916,1915,550,378,1,0.0099373665
Warm B,299895,1778,1777,550,378,0,-0.0008131433
Warm B,302369,1794,1793,550,378,0,0.002483632
Warm B,296242,1757,1756,550,378,1,0.014863698
Warm B,287280,1714,1713,550,378,1,0.0063772434
Warm B,281467,1687,1686,550,378,1,0.0011678836
Warm B,306445,1825,1824,550,378,1,-0.001082691
Warm B,266541,1616,1615,550,378,0,0.008894628
Warm B,259742,1587,1586,550,378,0,0.00046826922
Warm B,243369,1466,1465,550,378,0,0.0005285437
Warm B,262426,1600,1599,550,378,0,0.009379065
Warm B,253195,1538,1537,550,378,1,0.0033726916
Warm B,231811,1404,1403,550,378,0,0.0014204134
Warm B,336509,1980,1979,550,378,0,0.002110626
Warm B,276541,1671,1670,550,378,0,0.0014847377
Warm B,289591,1727,1726,550,378,1,-0.0074139377
Warm B,296670,1758,1757,550,378,0,0.0025085118
Warm B,326892,1937,1936,550,378,0,0.0060489066
Warm B,206166,1264,1263,550,378,1,-0.004577073
Warm B,203920,1254,1253,550,378,0,-0.01034933
Warm B,280164,1680,1679,550,378,1,-0.0032592916
Warm B,215193,1303,1302,550,378,0,-0.0024059883
Warm B,305221,1812,1811,550,378,1,-0.001973352
Warm B,189187,1172,1171,550,378,0,0.0051187663
Warm B,328902,1941,1940,550,378,0,0.008902999
Warm B,164122,1050,1049,550,378,1,0.009469608
Warm B,189552,1173,1172,550,378,0,0.010162663
Warm B,164970,1051,1050,550,378,1,0.0016245386
Warm B,150860,970,969,550,378,0,-0.0023467941
Warm B,142565,919,918,550,378,1,-0.0029608402
Warm B,140409,899,898,550,378,0,0.0028017801
Warm B,139002,889,888,550,378,0,-0.004533641
Warm B,135936,877,876,550,378,0,0.010928328
Warm B,332931,1962,1961,550,378,1,0.0044727675
Warm B,125329,805,804,550,378,0,0.0036069597
Warm B,361210,2106,2105,550,378,0,0.0094396435
Warm B,108413,710,709,550,378,0,0.006647564
Warm B,101200,675,674,550,378,0,0.004730269
Warm B,235362,1425,1424,550,378,1,0.005950831
Warm B,90849,601,600,550,378,0,0.0055657844
Warm B,90306,595,594,550,378,1,0.0063239695
Warm B,87374,570,569,550,378,0,0.005336768
Warm B,86905,566,565,550,378,0,-0.0006049387
Warm B,78026,524,523,550,378,0,0.00791094
Warm B,82017,543,542,550,378,0,0.0025454047
Warm B,72446,482,481,550,378,0,0.009479088
Warm B,69273,463,462,550,378,0,0.008095126
Warm B,65651,438,437,550,378,1,0.0037134269
Warm B,75190,509,508,550,378,0,0.005193309
Warm B,50399,331,330,550,378,0,-0.004505458
Warm B,78749,528,527,550,378,0,0.0067592063
Warm B,132778,855,854,550,378,0,0.0013117311
Warm B,89015,587,586,550,378,0,0.0049315225
Warm B,288682,1724,1723,550,378,0,0.0016675843
Warm B,49730,329,328,550,378,0,0.00412776
Warm B,4799,34,33,550,378,1,-0.0012519318
Warm B,3715,26,25,550,378,0,-0.0023635884
Warm B,207232,1266,1265,550,378,0,-0.00043225742
Warm B,79829,531,530,550,378,1,0.0066713244
Warm B,893552,5394,5393,550,378,0,-0.00023221411
Warm B,572594,3507,3506,550,378,0,0.0050600516
Warm B,750747,4478,4477,550,378,1,0.000108822715
Warm B,318023,1889,1888,550,378,0,0.0066880686
Warm B,102756,678,677,550,378,1,0.008977447
Warm B,383852,2242,2241,550,378,0,0.009278273
Warm B,20964,151,150,550,378,0,0.0035275444
Warm B,290645,1733,1732,550,378,0,-0.0015814891
Warm B,195840,1203,1202,550,378,0,0.004058148
Warm B,286972,1712,1711,550,378,0,0.0061975303
Warm B,841642,5054,5053,550,378,0,0.0043098694
Warm B,964660,5812,5811,550,378,0,-0.0039158035
Warm B,454790,2796,2795,550,378,0,0.006030095
Warm B,497787,3055,3054,550,378,0,0.0014229447
Warm B,501564,3080,3079,550,378,0,-0.0013039692
Warm B,295813,1755,1754,550,378,0,0.008332217
Warm B,193970,1194,1193,550,378,0,0.0051308777
Warm B,550739,3391,3390,550,378,0,0.0046814256
Warm B,470235,2895,2894,556,383,1,0.009978046
Warm B,464697,2863,2862,556,383,1,0.008945588
Warm B,462940,2856,2855,556,383,0,-0.00021617976
Warm B,461172,2844,2843,556,383,1,-0.0047196234
Warm B,460484,2840,2839,556,383,1,0.008982224
Warm B,459688,2832,2831,556,383,1,-0.014545256
Warm B,454135,2793,2792,556,383,1,0.0077512036
Warm B,444029,2737,2736,556,383,1,0.0091598965
Warm B,443389,2733,2732,556,383,1,0.016524658
Warm B,437797,2674,2673,556,383,1,-0.0027953177
Warm B,428357,2605,2604,556,383,1,0.011793939
Warm B,417041,2507,2506,556,383,1,0.014248678
Warm B,406294,2436,2435,556,383,1,0.013423646
Warm B,397141,2351,2350,556,383,1,-0.0012671435
Warm B,463939,2859,2858,556,383,1,0.005381399
Warm B,369419,2161,2160,556,383,1,0.010802999
Warm B,334354,1973,1972,556,383,1,-0.00027320068
Warm B,323348,1916,1915,556,383,1,0.0076154936
Warm B,302572,1796,1795,556,383,1,0.012347102
Warm B,298255,1767,1766,556,383,1,0.016333552
Warm B,295411,1753,1752,556,383,1,0.0028733779
Warm B,294033,1748,1747,556,383,0,-0.001508448
Warm B,280174,1680,1679,556,383,1,0.0096344305
Warm B,254792,1550,1549,556,383,1,-0.0045643053
Warm B,303165,1800,1799,556,383,1,0.0019121729
Warm B,232211,1408,1407,556,383,1,0.011289755
Warm B,329675,1943,1942,556,383,1,0.0074916957
Warm B,225447,1364,1363,556,383,1,0.011064742
Warm B,336519,1980,1979,556,383,1,0.009242544
Warm B,284643,1698,1697,556,383,1,0.010284273
Warm B,215332,1305,1304,556,383,1,0.0018993823
Warm B,211517,1285,1284,556,383,1,0.011499376
Warm B,207857,1271,1270,556,383,1,0.00023371447
Warm B,201859,1242,1241,556,383,1,0.009108101
Warm B,293343,1746,1745,556,383,1,0.013523047
Warm B,316458,1883,1882,556,383,1,0.015584323
Warm B,164127,1050,1049,556,383,1,0.005040105
Warm B,226302,1369,1368,556,383,1,0.006007557
Warm B,149077,958,957,556,383,0,0.009960308
Warm B,148596,956,955,556,383,1,0.0044010896
Warm B,154674,998,997,556,383,1,0.0038641535
Warm B,185943,1150,1149,556,383,0,0.011791665
Warm B,130348,844,843,556,383,0,0.0041797543
Warm B,129797,839,838,556,383,1,0.00890003
Warm B,125393,806,805,556,383,1,0.007148266
Warm B,82565,548,547,556,383,1,0.004822716
Warm B,78033,524,523,556,383,1,0.007500532
Warm B,116720,752,751,556,383,1,0.014932419
Warm B,58257,392,391,556,383,1,0.018734021
Warm B,47771,319,318,556,383,1,-0.0014698056
Warm B,45079,303,302,556,383,1,0.0048488025
Warm B,33715,225,224,556,383,1,0.0074119777
Warm B,32390,216,215,556,383,0,0.0067926487
Warm B,31411,212,211,556,383,1,0.005761411
Warm B,199928,1227,1226,556,383,1,-0.00022377307
Warm B,22123,161,160,556,383,1,0.005680759
Warm B,26604,187,186,556,383,1,0.0038347812
Warm B,43488,299,298,556,383,1,-0.0071999226
Warm B,16785,131,130,556,383,1,0.011555369
Warm B,7210,49,48,556,383,1,0.0024560713
Warm B,3109,23,22,556,383,0,0.00050740596
Warm B,160551,1019,1018,556,383,0,0.012073693
Warm B,932740,5630,5629,556,383,1,0.0075259972
Warm B,65655,438,437,556,383,1,0.0015486807
Warm B,285003,1699,1698,556,383,1,0.012348564
Warm B,460919,2841,2840,556,383,1,0.0133593995
Warm B,182298,1137,1136,556,383,1,0.01189786
Warm B,250005,1505,1504,556,383,1,0.016471125
Warm B,111784,727,726,556,383,1,0.00698203
Warm B,287930,1717,1716,556,383,0,0.012411693
Warm B,5328,36,35,556,383,1,0.008483048
Warm B,34887,235,234,556,383,1,0.0028044037
Warm B,445751,2748,2747,558,384,0,0.009914374
Warm B,444460,2742,2741,558,384,0,0.0050825058
Warm B,437846,2675,2674,558,384,0,0.00821104
Warm B,424155,2571,2570,558,384,0,0.0116208345
Warm B,419100,2529,2528,558,384,1,0.006229355
Warm B,409879,2457,2456,558,384,0,0.01572077
Warm B,403831,2411,2410,558,384,0,0.0072677266
Warm B,373656,2180,2179,558,384,0,0.016258363
Warm B,370607,2166,2165,558,384,0,0.010487935
Warm B,363526,2116,2115,558,384,0,0.015040457
Warm B,354420,2073,2072,558,384,0,0.003764594
Warm B,362023,2109,2108,558,384,0,0.0067184744
Warm B,327075,1938,1937,558,384,0,0.018631712
Warm B,331148,1956,1955,558,384,0,0.0044429395
Warm B,311679,1857,1856,558,384,1,0.0011190337
Warm B,300781,1781,1780,558,384,0,0.016040538
Warm B,278117,1676,1675,558,384,0,0.008800029
Warm B,253653,1542,1541,558,384,0,0.0074551757
Warm B,236259,1433,1432,558,384,0,0.004841078
Warm B,247414,1495,1494,558,384,0,0.006712105
Warm B,376506,2195,2194,558,384,0,0.011243906
Warm B,216543,1314,1313,558,384,0,-0.0065778107
Warm B,280175,1680,1679,558,384,1,0.014755405
Warm B,273392,1647,1646,558,384,0,0.012228996
Warm B,207858,1271,1270,558,384,1,0.012015736
Warm B,250552,1509,1508,558,384,0,0.011630322
Warm B,213772,1298,1297,558,384,0,0.01022757
Warm B,235923,1427,1426,558,384,0,0.002658276
Warm B,177750,1119,1118,558,384,0,0.0074195843
Warm B,249092,1501,1500,558,384,1,0.01031003
Warm B,227749,1380,1379,558,384,0,0.008456839
Warm B,364032,2120,2119,558,384,0,0.001140885
Warm B,342930,2015,2014,558,384,0,-0.0014474894
Warm B,165531,1054,1053,558,384,0,0.005150007
Warm B,314538,1878,1877,558,384,0,0.0098060975
Warm B,143152,922,921,558,384,0,0.015507618
Warm B,157366,1010,1009,558,384,0,0.012716972
Warm B,277261,1675,1674,558,384,0,0.014343561
Warm B,134824,871,870,558,384,0,0.0037776565
Warm B,134714,869,868,558,384,1,0.008867198
Warm B,127446,822,821,558,384,0,-0.00621
Warm B,126799,817,816,558,384,0,0.015473265
Warm B,124053,798,797,558,384,0,0.01748596
Warm B,235367,1425,1424,558,384,0,0.0146018285
Warm B,166812,1060,1059,558,384,0,0.011056903
Warm B,99383,662,661,558,384,0,0.009072468
Warm B,152366,980,979,558,384,0,0.010326996
Warm B,93911,629,628,558,384,1,0.0014508434
Warm B,92241,614,613,558,384,1,0.00721583
Warm B,87524,571,570,558,384,0,0.005229454
Warm B,87376,570,569,558,384,0,0.010763744
Warm B,86297,563,562,558,384,0,0.012668222
Warm B,80820,536,535,558,384,0,0.0083727315
Warm B,84649,550,549,558,384,0,0.009803922
Warm B,71207,477,476,558,384,0,0.0009390344
Warm B,62259,421,420,558,384,1,0.005593305
Warm B,49736,329,328,558,384,0,0.0014808846
Warm B,40128,271,270,558,384,1,0.019148879
Warm B,31268,210,209,558,384,1,-0.001105309
Warm B,56147,372,371,558,384,0,0.008523032
Warm B,19673,148,147,558,384,0,0.0042889486
Warm B,11228,83,82,558,384,0,0.006309274
Warm B,10577,75,74,558,384,1,0.0016966441
Warm B,30712,204,203,558,384,0,0.01368089
Warm B,28504,195,194,558,384,1,0.014782466
Warm B,79835,531,530,558,384,0,0.015875153
Warm B,552755,3401,3400,558,384,0,0.006559455
Warm B,139297,890,889,558,384,1,0.0060413275
Warm B,386252,2258,2257,558,384,0,0.005710571
Warm B,222812,1348,1347,558,384,0,0.0030357875
Warm B,12178,92,91,558,384,0,0.012713449
Warm B,959143,5787,5786,558,384,0,0.008724367
Warm B,344979,2023,2022,558,384,0,0.01533186
Warm B,178483,1120,1119,558,384,0,-0.0052843634
Warm B,690041,4126,4125,558,384,1,0.010688143
Warm B,948029,5723,5722,565,386,0,0.015428588
Warm B,255701,1556,1555,569,387,1,0.008356612
Warm B,324133,1920,1919,569,387,1,0.020968977
Warm B,361232,2106,2105,569,387,0,-0.0014115926
Warm B,145169,934,933,569,387,1,0.01143817
Warm B,157392,1010,1009,569,387,0,0.010527335
Warm B,141776,911,910,569,387,1,0.013728136
Warm B,263814,1605,1604,569,387,0,0.011328697
Warm B,126802,817,816,569,387,0,0.0064002443
Warm B,240717,1449,1448,569,387,0,0.005739333
Warm B,106425,699,698,569,387,0,-0.012313595
Warm B,99179,660,659,569,387,0,0.009758806
Warm B,93922,629,628,569,387,0,0.0058591
Warm B,78052,524,523,569,387,1,0.010341154
Warm B,70996,476,475,569,387,1,0.0051618703
Warm B,65666,438,437,569,387,0,0.0058226744
Warm B,75209,509,508,569,387,0,0.001370175
Warm B,59563,403,402,569,387,0,-0.0006127773
Warm B,325923,1928,1927,569,387,0,-0.001039241
Warm B,58276,392,391,569,387,0,0.008117732
Warm B,38457,261,260,569,387,1,0.0020512321
Warm B,145649,936,935,569,387,1,0.017024308
Warm B,30161,202,201,569,387,0,0.007698298
Warm B,27425,192,191,569,387,0,0.0060851034
Warm B,12190,92,91,569,387,0,0.005558715
Warm B,7098,48,47,569,387,0,0.007988183
Warm B,518,6,5,569,387,1,0.006702599
Warm B,21052,153,152,569,387,0,0.009558726
Warm B,348319,2041,2040,569,387,0,0.011199236
Warm B,4643,33,32,569,387,0,0.0018143571
Warm B,355285,2077,2076,569,387,0,0.0063864617
Warm B,78762,528,527,569,387,0,-0.0026870342
Warm B,363546,2116,2115,569,387,0,0.009343374
Warm B,238440,1447,1446,569,387,0,0.004337035
Warm B,879536,5312,5311,569,387,0,0.007973862
Warm B,134736,869,868,569,387,0,0.00058026984
Warm B,344986,2023,2022,569,387,1,0.005194693
Warm B,215788,1306,1305,569,387,1,0.001897145
Warm B,341911,2012,2011,569,387,0,0.006495092
Warm B,174433,1101,1100,569,387,0,0.01195569
Warm B,116963,753,752,569,387,1,0.006171141
Warm B,702750,4215,4214,574,388,0,0.010734539
Warm B,695002,4165,4164,574,388,1,-0.0055313646
Warm B,692891,4150,4149,574,388,0,0.006606858
Warm B,688915,4122,4121,574,388,1,0.0035071843
Warm B,732904,4384,4383,574,388,1,0.0038899435
Warm B,683268,4088,4087,574,388,0,0.00043930125
Warm B,681131,4083,4082,574,388,0,0.0025123027
Warm B,683672,4089,4088,574,388,0,0.0073418794
Warm B,676346,4055,4054,574,388,0,0.012917015
Warm B,675732,4054,4053,574,388,1,0.0043897056
Warm B,747417,4459,4458,574,388,1,0.0079910355
Warm B,685965,4103,4102,574,388,1,0.008211888
Warm B,661199,3988,3987,574,388,0,-0.0036922242
Warm B,670006,4028,4027,574,388,1,0.0043433253
Warm B,643441,3878,3877,574,388,0,0.0049024974
Warm B,617943,3745,3744,574,388,1,0.0024841684
Warm B,614291,3721,3720,574,388,0,0.001280813
Warm B,610744,3705,3704,574,388,1,0.010004431
Warm B,603829,3675,3674,574,388,0,0.00949294
Warm B,590597,3603,3602,574,388,0,-0.000707841
Warm B,583790,3563,3562,574,388,1,0.0027318671
Warm B,581946,3557,3556,574,388,0,0.0027739557
Warm B,578826,3539,3538,574,388,1,0.014366323
Warm B,575691,3520,3519,574,388,1,0.0067344517
Warm B,568622,3490,3489,574,388,0,0.0014515333
Warm B,593199,3618,3617,574,388,0,0.0039605373
Warm B,560955,3451,3450,574,388,1,-0.005877463
Warm B,556134,3418,3417,574,388,1,0.0024306262
Warm B,549577,3391,3390,574,388,1,0.0033657402
Warm B,546605,3371,3370,574,388,1,0.0054728887
Warm B,542880,3341,3340,574,388,0,0.0032456426
Warm B,522028,3224,3223,574,388,1,0.0027353314
Warm B,515200,3182,3181,574,388,0,0.0030205222
Warm B,514684,3180,3179,574,388,0,-0.0020479236
Warm B,501979,3082,3081,574,388,0,0.003994856
Warm B,501045,3080,3079,574,388,1,0.009605687
Warm B,499026,3067,3066,574,388,1,0.010583738
Warm B,486100,2994,2993,574,388,0,0.0041392474
Warm B,484714,2986,2985,574,388,1,0.011432467
Warm B,482473,2967,2966,574,388,0,0.0076826215
Warm B,465474,2872,2871,574,388,1,0.0013990952
Warm B,464583,2863,2862,574,388,1,0.0051113702
Warm B,458810,2825,2824,574,388,1,-0.0040144054
Warm B,457531,2820,2819,574,388,1,0.0053397724
Warm B,795923,4771,4770,574,388,1,-0.0033505636
Warm B,443643,2737,2736,574,388,1,0.0068611996
Warm B,440865,2700,2699,574,388,1,0.004104623
Warm B,433902,2645,2644,574,388,0,0.0021507428
Warm B,407911,2453,2452,574,388,1,-0.0031787797
Warm B,372210,2174,2173,574,388,1,0.004094183
Warm B,358742,2100,2099,574,388,1,0.0122438725
Warm B,320672,1902,1901,574,388,1,0.0062289634
Warm B,310018,1845,1844,574,388,1,0.0051616738
Warm B,287020,1714,1713,574,388,1,-7.0678536e-05
Warm B,281088,1687,1686,574,388,1,0.0031298448
Warm B,278401,1680,1679,574,388,0,0.015289791
Warm B,268401,1631,1630,574,388,1,-0.006119877
Warm B,267448,1626,1625,574,388,1,0.004378295
Warm B,258229,1584,1583,574,388,0,0.007713572
Warm B,259214,1587,1586,574,388,0,0.001768183
Warm B,304191,1807,1806,574,388,0,-0.0006654081
Warm B,246762,1491,1490,574,388,0,0.0073658405
Warm B,301646,1793,1792,574,388,0,-0.005758603
Warm B,296262,1758,1757,574,388,1,0.0064706197
Warm B,212695,1297,1296,574,388,1,0.0021527717
Warm B,205486,1264,1263,574,388,1,0.0051748813
Warm B,307852,1836,1835,574,388,1,-0.0042340574
Warm B,210421,1285,1284,574,388,1,0.012879731
Warm B,294058,1749,1748,574,388,0,0.0011430237
Warm B,185989,1151,1150,574,388,1,0.006408152
Warm B,184691,1150,1149,574,388,1,0.012074495
Warm B,201268,1242,1241,574,388,1,0.0037140793
Warm B,176455,1116,1115,574,388,1,-0.009058464
Warm B,163578,1050,1049,574,388,0,0.0035483502
Warm B,225916,1369,1368,574,388,1,0.005354182
Warm B,230396,1395,1394,574,388,0,0.002441557
Warm B,157586,1015,1014,574,388,1,0.008069231
Warm B,142261,919,918,574,388,1,0.004676918
Warm B,712581,4277,4276,574,388,0,0.0061896974
Warm B,311827,1860,1859,574,388,1,0.01509644
Warm B,199942,1228,1227,574,388,1,0.012841547
Warm B,159666,1019,1018,574,388,0,0.013591735
Warm B,97637,655,654,574,388,0,-0.0024687331
Warm B,294713,1752,1751,574,388,1,0.0063196477
Warm B,631228,3821,3820,574,388,0,0.0071414774
Warm B,695644,4169,4168,574,388,0,0.009582363
Warm B,283722,1698,1697,574,388,1,0.0031497716
Warm B,88650,587,586,574,388,0,0.0024571377
Warm B,291037,1737,1736,574,388,0,0.009485876
Warm B,238459,1448,1447,574,388,1,0.0007578627
Warm B,77054,524,523,574,388,0,0.010925345
Warm B,79908,533,532,574,388,1,0.009265077
Warm B,69398,466,465,574,388,1,0.006841439
Warm B,67133,452,451,574,388,1,0.010245873
Warm B,132176,855,854,574,388,0,0.009508009
Warm B,31639,216,215,574,388,0,-0.0036944174
Warm B,33249,225,224,574,388,1,0.007298524
Warm B,22905,166,165,574,388,0,0.008273535
Warm B,16517,131,130,574,388,1,0.010405316
Warm B,65846,442,441,574,388,0,0.0005427513
Warm B,92948,623,622,574,388,1,0.005084188
Warm B,892725,5394,5393,574,388,0,0.012356386
Warm B,289852,1733,1732,574,388,1,0.0034710872
Warm B,828459,4979,4978,574,388,0,0.002737265
Warm B,20535,151,150,574,388,0,0.00474642
Warm B,195130,1203,1202,574,388,1,0.008789369
Warm B,960218,5792,5791,574,388,0,-0.001502765
Warm B,321929,1912,1911,574,388,0,0.006288596
Warm B,509675,3140,3139,574,388,0,-7.284572e-05
Warm B,115728,752,751,574,388,0,0.00522734
Warm B,62377,424,423,574,388,1,0.0007116613
Warm B,857775,5156,5155,574,388,1,0.0063741514
Warm B,214554,1303,1302,574,388,0,0.014960768
Warm B,974165,5878,5877,574,388,0,0.011029953
Warm B,489070,3012,3011,574,388,0,0.013832735
Warm B,322980,1916,1915,575,389,0,0.0059139538
Warm B,288060,1721,1720,575,389,0,-0.0038229243
Warm B,360345,2106,2105,575,389,0,0.00071961805
Warm B,247241,1495,1494,575,389,0,0.0070473813
Warm B,223955,1356,1355,575,389,0,-0.00042531302
Warm B,277284,1676,1675,575,389,0,-0.00083013996
Warm B,205207,1263,1262,575,389,0,0.00012096297
Warm B,261498,1599,1598,575,389,1,-0.0001290855
Warm B,213181,1298,1297,575,389,1,0.0070186574
Warm B,278402,1680,1679,575,389,0,-0.0027131247
Warm B,236264,1434,1433,575,389,0,0.0047173537
Warm B,188356,1169,1168,575,389,0,-0.006650456
Warm B,177778,1120,1119,575,389,0,-0.0041164355
Warm B,173416,1100,1099,575,389,0,0.006864869
Warm B,198532,1220,1219,575,389,1,0.004513618
Warm B,255369,1556,1555,575,389,0,0.0026264538
Warm B,165406,1054,1053,575,389,1,-5.5705663e-05
Warm B,380043,2223,2222,575,389,0,-0.004198334
Warm B,248580,1501,1500,575,389,1,0.011409568
Warm B,262861,1605,1604,575,389,0,0.0003820432
Warm B,239499,1449,1448,575,389,0,-0.0031285482
Warm B,105759,699,698,575,389,0,0.003850581
Warm B,179335,1125,1124,575,389,0,0.00019643223
Warm B,109110,714,713,575,389,0,0.0009404698
Warm B,73021,494,493,575,389,1,-0.0006430717
Warm B,70575,476,475,575,389,1,-0.0017853081
Warm B,87021,569,568,575,389,0,-0.0008097249
Warm B,74498,509,508,575,389,0,0.0039908076
Warm B,46339,310,309,575,389,1,0.0019344338
Warm B,41561,284,283,575,389,0,0.002314408
Warm B,695645,4169,4168,575,389,0,0.0058513395
Warm B,336786,1983,1982,575,389,0,-0.00079347566
Warm B,32786,223,222,575,389,0,-0.0026415475
Warm B,234615,1425,1424,575,389,0,0.0005277454
Warm B,10410,75,74,575,389,1,0.0003102572
Warm B,27741,195,194,575,389,1,-0.0043644793
Warm B,6516,48,47,575,389,0,0.011862649
Warm B,233763,1422,1421,575,389,0,0.0015255238
Warm B,78997,531,530,575,389,0,0.007542611
Warm B,19089,148,147,575,389,1,-0.00036567845
Warm B,362590,2116,2115,575,389,1,-0.0010988931
Warm B,171087,1088,1087,575,389,0,0.0033526863
Warm B,335306,1980,1979,575,389,1,-0.00013741478
Warm B,716982,4294,4293,575,389,0,0.011427976
Warm B,342058,2015,2014,575,389,0,0.0010743735
Warm B,257311,1579,1578,575,389,0,-0.002276459
Warm B,877341,5302,5301,575,389,0,0.0072774347
Warm B,699505,4186,4185,580,390,0,0.015221304
Warm B,748190,4467,4466,580,390,0,0.0077372314
Warm B,503161,3090,3089,581,391,0,-0.0012586741
Warm B,545927,3367,3366,581,391,1,-0.0004950566
Warm B,454414,2796,2795,581,391,0,0.0004352847
Warm B,443650,2737,2736,581,391,1,-0.002027745
Warm B,695660,4169,4168,581,391,1,0.009861382
Warm B,790243,4728,4727,581,391,0,0.003906659
Warm B,437691,2674,2673,581,391,1,0.00510678
Warm B,428190,2605,2604,581,391,1,0.006148168
Warm B,420673,2544,2543,581,391,1,0.0041918005
Warm B,416226,2507,2506,581,391,1,0.009438175
Warm B,390563,2293,2292,581,391,1,0.011536205
Warm B,368995,2157,2156,581,391,0,0.00018087996
Warm B,351122,2061,2060,581,391,1,0.0052404013
Warm B,337851,1988,1987,581,391,1,0.0008349975
Warm B,330900,1954,1953,581,391,1,0.0062436443
Warm B,297978,1767,1766,581,391,1,0.0106408065
Warm B,278435,1680,1679,581,391,1,0.00086736074
Warm B,280641,1685,1684,581,391,1,0.0079645915
Warm B,275950,1671,1670,581,391,1,0.010940098
Warm B,273633,1650,1649,581,391,1,0.013546321
Warm B,268675,1632,1631,581,391,0,0.011883485
Warm B,228816,1387,1386,581,391,1,0.0044915443
Warm B,220232,1335,1334,581,391,1,0.013771352
Warm B,289111,1727,1726,581,391,1,0.0015041949
Warm B,210441,1285,1284,581,391,1,0.005292189
Warm B,316042,1883,1882,581,391,1,-0.0012167193
Warm B,327406,1941,1940,581,391,0,0.003060976
Warm B,165005,1052,1051,581,391,0,0.0007395528
Warm B,166232,1059,1058,581,391,1,0.0022428595
Warm B,225928,1369,1368,581,391,0,0.009771147
Warm B,319745,1899,1898,581,391,1,0.003500183
Warm B,212703,1297,1296,581,391,1,0.0026956503
Warm B,148932,958,957,581,391,1,0.003546136
Warm B,154547,998,997,581,391,1,-0.0071429545
Warm B,184713,1150,1149,581,391,0,0.010883115
Warm B,141102,910,909,581,391,1,-0.00042696763
Warm B,139310,891,890,581,391,1,0.00029715896
Warm B,130906,850,849,581,391,1,0.001387801
Warm B,127930,826,825,581,391,1,0.004309753
Warm B,115744,752,751,581,391,1,0.0041317903
Warm B,132185,855,854,581,391,1,0.009245938
Warm B,329040,1943,1942,581,391,1,0.003044766
Warm B,631241,3821,3820,581,391,0,-0.00024709536
Warm B,89515,590,589,581,391,1,-0.0038764612
Warm B,238472,1448,1447,581,391,1,0.0043432303
Warm B,69361,465,464,581,391,1,-0.0048371856
Warm B,59854,408,407,581,391,1,0.006971227
Warm B,201276,1242,1241,581,391,0,0.0013498547
Warm B,47125,319,318,581,391,1,0.00030127703
Warm B,42940,294,293,581,391,1,-0.0054126647
Warm B,42036,285,284,581,391,1,0.005982743
Warm B,33264,225,224,581,391,1,0.0036873936
Warm B,27442,193,192,581,391,1,0.0043311696
Warm B,133572,864,863,581,391,1,0.0020769564
Warm B,795927,4771,4770,581,391,1,0.003228468
Warm B,17971,139,138,581,391,1,0.0043829638
Warm B,17335,136,135,581,391,0,0.0071552843
Warm B,7405,53,52,581,391,1,0.0030133512
Warm B,286,5,4,581,391,0,-0.0025569887
Warm B,101818,678,677,581,391,1,0.0144670475
Warm B,206555,1266,1265,581,391,1,0.0059928885
Warm B,4286,33,32,581,391,1,-0.00039535912
Warm B,384587,2247,2246,581,391,1,-0.0009735308
Warm B,49040,329,328,581,391,0,-0.000544155
Warm B,310479,1851,1850,581,391,0,0.0025346754
Warm B,514453,3178,3177,581,391,1,0.0042156726
Warm B,262876,1605,1604,581,391,0,-1.7877202e-05
Warm B,580743,3547,3546,581,391,1,0.0017080402
Warm B,635619,3832,3831,581,391,1,0.007498663
Warm B,208500,1274,1273,581,391,1,0.0030928054
Warm B,34510,235,234,581,391,1,-0.0026192982
Warm B,763701,4543,4542,581,391,1,0.010149447
Warm B,840940,5054,5053,581,391,1,0.010674787
Warm B,335323,1980,1979,581,391,1,0.0067703705
Warm B,5034,36,35,581,391,1,0.0048063323
Warm B,549598,3391,3390,581,391,1,0.0066559324
Warm B,233568,1421,1420,581,391,1,-0.00065549614
Warm B,497000,3054,3053,581,391,0,-0.00025358307
Warm B,974168,5878,5877,581,391,0,0.0067277346
Warm B,891346,5387,5386,581,391,1,0.0045197285
Warm B,825431,4958,4957,581,391,1,0.010528314
Warm B,250380,1509,1508,606,406,0,0.014092033
Warm B,194021,1195,1194,606,406,0,0.014417928
Warm B,328019,1941,1940,606,406,0,0.012544048
Warm B,188946,1172,1171,606,406,0,0.012772051
Warm B,256183,1562,1561,606,406,0,0.009314572
Warm B,183971,1146,1145,606,406,0,0.008516418
Warm B,165634,1056,1055,606,406,0,0.002587067
Warm B,159223,1017,1016,606,406,0,0.012667699
Warm B,133861,868,867,606,406,1,0.008619206
Warm B,138189,889,888,606,406,0,0.016586822
Warm B,263259,1605,1604,606,406,0,0.006999963
Warm B,126560,817,816,606,406,0,0.0061260015
Warm B,125526,808,807,606,406,0,0.014065341
Warm B,299598,1778,1777,606,406,0,0.019083297
Warm B,92737,621,620,606,406,0,0.008657043
Warm B,115361,749,748,606,406,0,0.0064321985
Warm B,81629,543,542,606,406,0,0.013541431
Warm B,51231,337,336,606,406,0,0.014227965
Warm B,48038,321,320,606,406,1,0.0035932132
Warm B,45264,305,304,606,406,0,0.010712728
Warm B,291344,1737,1736,606,406,0,0.005187452
Warm B,99835,667,666,606,406,0,-0.0021932963
Warm B,481776,2962,2961,606,406,0,0.018425051
Warm B,14665,117,116,606,406,0,0.014976017
Warm B,696210,4169,4168,606,406,0,0.017225726
Warm B,164487,1051,1050,606,406,0,0.014569067
Warm B,964012,5812,5811,606,406,0,0.021631405
Warm B,171565,1088,1087,606,406,0,0.014721459
Warm B,366146,2131,2130,606,406,0,0.020859294
Warm B,79350,531,530,606,406,0,0.005471995
Warm B,136524,881,880,606,406,0,0.016379282
Warm B,474353,2910,2909,606,406,0,0.0075207893
Warm B,311279,1854,1853,606,406,0,0.010183925
Warm B,3660,26,25,609,408,0,0.022806378
Warm B,206819,1266,1265,609,408,0,0.021413248
Warm B,552296,3401,3400,609,408,0,0.01916204
Warm B,768696,4579,4578,609,408,0,0.012874482
Warm B,599214,3648,3647,609,408,0,0.015748851
Warm B,272868,1647,1646,609,408,0,0.02867881
Warm B,171568,1088,1087,609,408,0,0.008919222
Warm B,360729,2106,2105,612,411,0,0.006495951
Warm B,80703,536,535,612,411,0,-0.0013632476
Warm B,101362,676,675,612,411,0,0.00856956
Warm B,119206,770,769,612,411,0,0.0045077894
Warm B,626734,3792,3791,612,411,0,0.005980144
Warm B,58578,396,395,612,411,0,0.013327418
Warm B,54085,352,351,612,411,0,0.013374319
Warm B,330706,1952,1951,612,411,1,0.005832038
Warm B,234936,1425,1424,612,411,0,0.0030526412
Warm B,49699,329,328,612,411,0,0.006612232
Warm B,3686,26,25,612,411,0,0.0016061051
Warm B,153665,987,986,612,411,1,0.0012801351
Warm B,506134,3113,3112,612,411,0,0.0033728518
Warm B,158126,1015,1014,612,411,0,0.012152144
Warm B,892934,5394,5393,612,411,0,0.008103095
Warm B,106033,699,698,612,411,0,0.006225321
Warm B,317675,1889,1888,612,411,0,0.0042073783
Warm B,476339,2926,2925,612,411,0,0.0030798125
Warm B,468397,2887,2886,612,411,0,0.007842323
Warm B,151580,975,974,613,412,0,0.005974764
Warm B,138208,889,888,613,412,0,-0.0030406073
Warm B,223506,1354,1353,613,412,0,0.00043169223
Warm B,103678,689,688,613,412,1,0.0050323103
Warm B,100826,673,672,613,412,0,-0.00404325
Warm B,696223,4169,4168,613,412,1,-0.0013441811
Warm B,228228,1383,1382,613,412,0,0.003977905
Warm B,71997,482,481,613,412,1,0.0054047015
Warm B,74796,509,508,613,412,0,-0.011068037
Warm B,51567,338,337,613,412,1,-0.0011340738
Warm B,50789,334,333,613,412,1,0.004928762
Warm B,60965,411,410,613,412,1,0.0011643451
Warm B,26581,187,186,613,412,1,0.006546895
Warm B,149128,959,958,613,412,1,-0.0022182302
Warm B,891518,5387,5386,613,412,0,-0.0023570524
Warm B,144891,934,933,613,412,0,0.0043143965
Warm B,796036,4771,4770,613,412,1,0.0029558255
Warm B,499380,3067,3066,613,412,1,0.009847811
Warm B,187617,1164,1163,613,412,0,-0.0016769965
Warm B,79363,531,530,613,412,0,0.0062813503
Warm B,739394,4418,4417,613,412,1,0.011471424
Warm B,974302,5878,5877,613,412,1,-0.00061493367
Warm B,605203,3679,3678,615,413,0,0.011391599
Warm B,42901,293,292,615,413,1,0.0042956704
Warm B,249841,1505,1504,615,413,1,0.022697985
Warm B,160046,1019,1018,615,413,1,0.009424828
Warm B,10408,74,73,615,413,1,0.0012101097
Warm B,319314,1897,1896,615,413,0,0.010690174
Warm B,739395,4418,4417,615,413,0,0.0054224636
Warm B,431024,2627,2626,627,415,0,0.0066401837
Warm B,426460,2590,2589,627,415,0,-1.0695076e-05
Warm B,399065,2376,2375,627,415,0,0.008455602
Warm B,379188,2215,2214,627,415,1,-0.0062447162
Warm B,368352,2153,2152,627,415,1,0.0045177625
Warm B,349862,2054,2053,627,415,0,0.004404947
Warm B,285292,1701,1700,627,415,1,0.0057710097
Warm B,285744,1704,1703,627,415,1,0.006398743
Warm B,279168,1680,1679,627,415,1,0.0040653935
Warm B,205110,1262,1261,627,415,0,-0.0033191545
Warm B,214823,1303,1302,627,415,0,0.0050032428
Warm B,374048,2181,2180,627,415,0,-0.0042271498
Warm B,329293,1943,1942,627,415,0,0.0075153084
Warm B,185236,1150,1149,627,415,1,-0.0008416143
Warm B,176021,1113,1112,627,415,0,0.003432719
Warm B,183982,1146,1145,627,415,0,-0.0001812313
Warm B,168419,1069,1068,627,415,0,0.004748161
Warm B,167201,1064,1063,627,415,0,5.7650497e-05
Warm B,163815,1050,1049,627,415,1,-0.0075417235
Warm B,230512,1395,1394,627,415,1,-0.0014143479
Warm B,148997,958,957,627,415,0,-0.0015263922
Warm B,136551,881,880,627,415,0,0.0033474714
Warm B,233392,1420,1419,627,415,1,0.003315615
Warm B,124863,802,801,627,415,1,0.013466593
Warm B,360743,2106,2105,627,415,0,0.0067498456
Warm B,116166,752,751,627,415,1,0.008958568
Warm B,100151,669,668,627,415,1,0.0052183457
Warm B,176913,1117,1116,627,415,1,0.0018723626
Warm B,107919,710,709,627,415,0,0.00032555882
Warm B,696247,4169,4168,627,415,1,0.0021286006
Warm B,320775,1902,1901,627,415,1,0.009628648
Warm B,60282,409,408,627,415,1,-0.0038418248
Warm B,238891,1448,1447,627,415,1,-0.005825309
Warm B,98795,660,659,627,415,0,0.0039243577
Warm B,32388,216,215,627,415,0,0.0010268886
Warm B,88799,587,586,627,415,1,-0.005102518
Warm B,290177,1733,1732,627,415,0,0.00510406
Warm B,28501,195,194,627,415,1,0.0067981547
Warm B,16782,131,130,627,415,0,0.009334009
Warm B,104295,692,691,627,415,1,0.011009118
Warm B,354889,2077,2076,627,415,1,0.0059079975
Warm B,286692,1712,1711,627,415,1,0.0023354203
Warm B,65334,438,437,627,415,1,0.0006671427
Warm B,326080,1930,1929,627,415,0,0.006743427
Warm B,682410,4085,4084,627,415,1,0.004126382
Warm B,497206,3054,3053,627,415,0,-0.001226445
Warm B,46182,308,307,627,415,1,0.0027051037
Warm B,309601,1842,1841,627,415,1,-0.003107727
Warm B,454581,2796,2795,627,415,0,-0.0053375186
Warm B,245775,1484,1483,627,415,1,0.007585598
Warm B,50401,331,330,627,415,1,0.00039809966
Warm B,992882,5998,5997,627,415,0,-0.007040654
Warm B,763940,4543,4542,627,415,0,0.0119838305
Warm B,187621,1164,1163,627,415,1,-0.00035639282
Warm B,328061,1941,1940,627,415,1,0.009641635
Warm B,193619,1194,1193,627,415,1,0.009531819
Warm B,234949,1425,1424,627,415,1,0.008737924
Warm B,335855,1980,1979,627,415,0,0.0067096176
Warm B,346628,2031,2030,627,415,0,0.004404539
Warm B,575800,3520,3519,627,415,0,0.004089249
Warm B,261180,1597,1596,627,415,0,-2.3808796e-05
Warm B,80604,535,534,631,417,0,-0.009656902
Warm B,84147,550,549,631,417,0,0.000118272146
Warm B,76507,519,518,631,417,1,-0.008023527
Warm B,46555,310,309,631,417,1,-0.0020306488
Warm B,17685,136,135,631,417,0,0.0036285017
Warm B,10580,75,74,631,417,1,-0.004533098
Warm B,79378,531,530,631,417,0,0.0013222075
Warm B,552328,3401,3400,631,417,0,0.008783098
Warm B,183191,1141,1140,631,417,0,0.0068371696
Warm B,265073,1611,1610,631,417,0,0.0035702828
Warm B,206843,1266,1265,631,417,0,-0.0010959933
Warm B,376373,2195,2194,631,417,0,-0.0044102813
Warm B,171604,1088,1087,631,417,0,0.005132196
Warm B,285299,1701,1700,631,417,0,0.0017841565
Warm B,456449,2810,2809,631,417,0,-0.008387761
Warm B,696267,4169,4168,635,418,1,0.011483585
Warm B,151226,973,972,635,418,0,0.004553642
Warm B,238906,1448,1447,635,418,1,0.0043154047
Warm B,68436,460,459,635,418,0,-0.00071135914
Warm B,47795,319,318,635,418,0,0.011075379
Warm B,363012,2116,2115,635,418,0,0.017942548
Warm B,69058,462,461,635,418,0,0.0075585274
Warm B,626759,3792,3791,635,418,0,0.0010737324
Warm B,843911,5074,5073,635,418,1,0.012482587
Warm B,370983,2168,2167,635,418,1,0.008263101
Warm B,342453,2015,2014,635,418,1,0.01138464
Warm B,50426,331,330,635,418,1,0.0044538537
Warm B,713029,4277,4276,635,418,0,0.0060704397
Warm B,28533,195,194,635,418,1,0.008045677
Warm B,286701,1712,1711,635,418,1,0.013806045
Warm B,293742,1748,1747,635,418,0,0.0038744784
Warm B,245779,1484,1483,635,418,0,0.0005914131
Warm B,537120,3311,3310,637,419,0,0.0033082443
Warm B,515465,3182,3181,637,419,0,-0.0046625882
Warm B,516451,3189,3188,637,419,0,-0.0008250419
Warm B,488674,3007,3006,637,419,0,-0.0032181744
Warm B,529684,3272,3271,637,419,0,0.000798895
Warm B,472561,2907,2906,637,419,1,0.014064567
Warm B,870099,5256,5255,637,419,0,0.0093188435
Warm B,487033,2996,2995,637,419,0,0.0031455099
Warm B,452486,2786,2785,637,419,0,0.0071758237
Warm B,450848,2777,2776,637,419,1,-4.7395006e-05
Warm B,448437,2764,2763,637,419,0,0.0016636001
Warm B,430074,2621,2620,637,419,0,9.4633084e-05
Warm B,420467,2541,2540,637,419,1,0.0011153753
Warm B,416582,2507,2506,637,419,0,0.0040454627
Warm B,382480,2235,2234,637,419,1,0.001987644
Warm B,363015,2116,2115,637,419,1,0.0015961071
Warm B,355963,2085,2084,637,419,0,0.003971285
Warm B,351810,2063,2062,637,419,0,0.008899476
Warm B,341578,2012,2011,637,419,0,0.0031936525
Warm B,340626,2010,2009,637,419,0,-0.00011975085
Warm B,281258,1687,1686,637,419,0,0.0057326686
Warm B,282628,1694,1693,637,419,0,-0.0026325826
Warm B,268516,1631,1630,637,419,0,-6.271899e-05
Warm B,265755,1613,1612,637,419,0,0.0025674272
Warm B,309287,1841,1840,637,419,0,0.004838754
Warm B,247668,1496,1495,637,419,0,0.0060286555
Warm B,231646,1404,1403,637,419,0,0.010267603
Warm B,269927,1635,1634,637,419,0,0.0022470336
Warm B,296796,1759,1758,637,419,1,-0.0032658204
Warm B,261749,1599,1598,637,419,0,0.003378199
Warm B,279196,1680,1679,637,419,0,-0.0005764137
Warm B,192359,1184,1183,637,419,0,0.0075442675
Warm B,198619,1220,1219,637,419,1,0.009356398
Warm B,172872,1096,1095,637,419,1,0.0009862769
Warm B,328084,1941,1940,637,419,0,0.00015482353
Warm B,272179,1645,1644,637,419,1,0.0032849826
Warm B,255510,1556,1555,637,419,0,-0.0007383358
Warm B,167840,1068,1067,637,419,0,0.0027653314
Warm B,136567,881,880,637,419,0,0.0026692916
Warm B,135615,877,876,637,419,0,-0.0040043527
Warm B,248818,1501,1500,637,419,1,0.0027963899
Warm B,128539,832,831,637,419,1,0.0038490046
Warm B,125854,810,809,637,419,0,0.0035202336
Warm B,121519,781,780,637,419,0,-0.005171632
Warm B,112129,730,729,637,419,0,0.00010740361
Warm B,112455,731,730,637,419,0,0.012382209
Warm B,107933,710,709,637,419,0,0.013542455
Warm B,101372,676,675,637,419,0,0.0005652392
Warm B,109285,714,713,637,419,1,-0.0013755488
Warm B,97830,655,654,637,419,0,0.0037996
Warm B,96409,647,646,637,419,1,0.003016074
Warm B,329300,1943,1942,637,419,0,0.011174879
Warm B,92545,620,619,637,419,0,0.0028779642
Warm B,190890,1181,1180,637,419,0,-0.006228851
Warm B,84148,550,549,637,419,0,0.014959019
Warm B,77499,524,523,637,419,0,0.007087047
Warm B,72021,482,481,637,419,0,0.00040863524
Warm B,87078,569,568,637,419,1,0.0030055451
Warm B,65340,438,437,637,419,1,-0.0027783522
Warm B,52675,346,345,637,419,1,0.004824899
Warm B,696268,4169,4168,637,419,0,0.009070354
Warm B,39124,264,263,637,419,0,0.0047526984
Warm B,98807,660,659,637,419,0,-0.0034590128
Warm B,32413,216,215,637,419,0,0.005688307
Warm B,30159,202,201,637,419,0,0.0061346334
Warm B,54678,355,354,637,419,0,-0.0015969751
Warm B,300341,1780,1779,637,419,0,0.0055676987
Warm B,21192,155,154,637,419,0,-0.0011381716
Warm B,304065,1806,1805,637,419,0,0.0046502654
Warm B,9784,66,65,637,419,0,-0.0043720137
Warm B,78449,528,527,637,419,0,0.00182623
Warm B,119235,770,769,637,419,0,0.0017304877
Warm B,370984,2168,2167,637,419,1,0.0048720455
Warm B,572115,3507,3506,637,419,0,0.0072211176
Warm B,106050,699,698,637,419,0,0.014723651
Warm B,383236,2239,2238,637,419,0,0.0013553151
Warm B,342454,2015,2014,637,419,0,0.0017320504
Warm B,160070,1019,1018,637,419,1,0.010657684
Warm B,717021,4294,4293,637,419,1,-0.0063510104
Warm B,912805,5520,5519,637,419,0,0.004542419
Warm B,109580,715,714,639,420,0,0.0067983475
Warm B,90644,601,600,639,420,1,0.0029622351
Warm B,88807,587,586,639,420,0,0.0044744494
Warm B,101373,676,675,639,420,0,0.010630923
Warm B,57300,386,385,639,420,0,0.0058432226
Warm B,32415,216,215,639,420,0,0.01028271
Warm B,21759,157,156,639,420,1,0.01040775
Warm B,34911,235,234,639,420,0,0.0030807762
Warm B,552329,3401,3400,639,420,0,0.006389374
Warm B,241869,1457,1456,639,420,1,0.016114967
Warm B,860086,5172,5171,639,420,0,0.0040558106
Warm B,777779,4647,4646,639,420,0,0.012751602
Warm B,229622,1390,1389,639,420,0,0.006572651
Warm B,257643,1579,1578,639,420,0,0.010379227
Warm B,331587,1958,1957,639,420,1,0.0007581265
Warm B,902787,5458,5457,639,420,0,0.010327719
Warm B,609129,3693,3692,639,420,0,0.007075179
Warm B,550113,3391,3390,639,420,0,0.0010910428
Warm B,54181,352,351,640,421,0,-0.009915455
Warm B,288602,1724,1723,640,421,0,-0.0055588596
Warm B,696285,4169,4168,640,421,0,-0.0032868115
Warm B,537911,3312,3311,640,421,0,0.009911136
Warm B,9511,62,61,640,421,0,0.0050927023
Warm B,104309,692,691,640,421,0,-0.002313455
Warm B,150583,970,969,640,421,0,-0.003028667
Warm B,363018,2116,2115,640,421,0,-0.005813759
Warm B,777786,4647,4646,640,421,0,0.0015764688
Warm B,511851,3158,3157,640,421,0,0.0016898098
Warm B,195432,1203,1202,640,421,0,0.0023168405
Warm B,263321,1605,1604,650,424,0,0.01408264
Warm B,169809,1078,1077,650,424,1,0.008479624
Warm B,168438,1069,1068,650,424,0,0.014190682
Warm B,195443,1203,1202,650,424,0,0.015350737
Warm B,138294,889,888,650,424,0,0.009317491
Warm B,124500,801,800,650,424,0,0.004887523
Warm B,111864,728,727,650,424,0,0.010887034
Warm B,778872,4653,4652,650,424,0,0.009885607
Warm B,100846,673,672,650,424,0,-0.0028217502
Warm B,97839,655,654,650,424,0,0.012454135
Warm B,84168,550,549,650,424,0,0.013404509
Warm B,53332,352,351,650,424,0,0.005542122
Warm B,35165,238,237,650,424,0,0.008368181
Warm B,24743,175,174,650,424,1,0.011729075
Warm B,8703,59,58,650,424,0,0.010426324
Warm B,3844,28,27,650,424,0,0.00061715813
Warm B,567,8,7,650,424,1,0.013586706
Warm B,276226,1671,1670,650,424,1,0.014661821
Warm B,76362,518,517,650,424,1,0.014463397
Warm B,567470,3483,3482,650,424,1,0.010050197
Warm B,499425,3067,3066,650,424,1,0.009065474
Warm B,72040,482,481,650,424,1,0.017411316
Warm B,564414,3471,3470,650,424,0,0.010816963
Warm B,302793,1798,1797,650,424,0,0.0035605563
Warm B,202032,1243,1242,650,424,1,0.0128965955
Warm B,310680,1851,1850,650,424,0,-0.00049026083
Warm B,223534,1354,1353,650,424,1,0.008258089
Warm B,171625,1088,1087,650,424,1,0.007074454
Warm B,974320,5878,5877,650,424,1,0.0048008114
Warm B,567480,3483,3482,662,427,1,0.0045987964
Warm B,879882,5317,5316,662,427,0,0.01095375
Warm B,464168,2860,2859,662,427,0,0.004958404
Warm B,404849,2420,2419,662,427,1,0.0025122222
Warm B,411567,2472,2471,662,427,0,0.00033954252
Warm B,364768,2124,2123,662,427,1,0.005635401
Warm B,349530,2051,2050,662,427,0,0.0003863757
Warm B,361644,2109,2108,662,427,0,0.0018691751
Warm B,360078,2105,2104,662,427,0,0.0017819623
Warm B,350974,2060,2059,662,427,1,-0.0050804457
Warm B,340649,2010,2009,662,427,0,0.00050668465
Warm B,281271,1687,1686,662,427,1,-0.0016809073
Warm B,263914,1606,1605,662,427,1,0.01277142
Warm B,253736,1543,1542,662,427,0,0.003669699
Warm B,277701,1676,1675,662,427,1,0.007167309
Warm B,214866,1303,1302,662,427,0,0.0066929967
Warm B,279277,1680,1679,662,427,0,0.009676572
Warm B,328140,1941,1940,662,427,1,-0.0009293555
Warm B,185312,1150,1149,662,427,0,0.008577861
Warm B,307448,1835,1834,662,427,0,0.0071888994
Warm B,170055,1081,1080,662,427,0,0.0076771006
Warm B,184006,1146,1145,662,427,0,0.0018870805
Warm B,167864,1068,1067,662,427,0,0.010223014
Warm B,156238,1006,1005,662,427,0,0.005974145
Warm B,156876,1010,1009,662,427,0,-0.0018408851
Warm B,233410,1420,1419,662,427,0,0.0018572793
Warm B,351860,2063,2062,662,427,0,0.007610778
Warm B,263338,1605,1604,662,427,0,0.010676238
Warm B,114852,746,745,662,427,0,0.00029225054
Warm B,107970,710,709,662,427,0,0.006940464
Warm B,116221,752,751,662,427,0,-0.0013030006
Warm B,100171,669,668,662,427,0,0.0012662122
Warm B,104327,692,691,662,427,0,0.003556352
Warm B,110825,721,720,662,427,1,0.011733051
Warm B,631579,3821,3820,662,427,0,0.004209256
Warm B,320786,1902,1901,662,427,0,0.0075205667
Warm B,299636,1778,1777,662,427,0,0.007657261
Warm B,360786,2106,2105,662,427,0,0.005467373
Warm B,291410,1737,1736,662,427,1,-0.0032032612
Warm B,81682,543,542,662,427,1,0.0025423067
Warm B,238953,1448,1447,662,427,1,0.00048008468
Warm B,72053,482,481,662,427,1,0.0008795678
Warm B,74842,509,508,662,427,0,0.007447891
Warm B,240095,1449,1448,662,427,0,0.0052227154
Warm B,132478,855,854,662,427,0,-0.004972182
Warm B,33286,225,224,662,427,1,-0.0042078793
Warm B,54301,355,354,662,427,0,0.008677455
Warm B,115401,749,748,662,427,0,0.0073914793
Warm B,270909,1639,1638,662,427,0,0.00507081
Warm B,481832,2962,2961,662,427,0,0.0074090897
Warm B,354922,2077,2076,662,427,1,-0.0064161206
Warm B,140697,904,903,662,427,0,-0.0007255075
Warm B,688566,4118,4117,662,427,1,0.0028557673
Warm B,363040,2116,2115,662,427,0,0.005886472
Warm B,265095,1611,1610,662,427,0,0.010727415
Warm B,164562,1051,1050,662,427,0,0.013136096
Warm B,171649,1088,1087,662,427,0,-0.00372777
Warm B,556556,3420,3419,662,427,1,-0.001686301
Warm B,79407,531,530,662,427,1,-0.0017658947
Warm B,599263,3648,3647,662,427,1,-0.0032374728
Warm B,309613,1842,1841,662,427,0,0.0082768
Warm B,907642,5492,5491,662,427,0,-0.0003244353
Warm B,331615,1958,1957,662,427,0,0.0063114255
Warm B,473648,2909,2908,662,427,0,0.002881279
Warm B,882976,5333,5332,662,427,0,-0.002897846
Warm B,290225,1733,1732,662,427,0,0.0011759566
Warm B,62961,424,423,662,427,1,0.0038605905
Warm B,468437,2887,2886,662,427,0,0.011636985
Warm B,421027,2544,2543,680,433,0,0.01563083
Warm B,208804,1274,1273,680,433,0,0.009363561
Warm B,322397,1912,1911,680,433,0,0.0138962455
Warm B,372641,2176,2175,680,433,1,0.007856887
Warm B,420486,2541,2540,691,435,1,-0.0026118502
Warm B,463771,2858,2857,691,435,1,0.0018702156
Warm B,395161,2334,2333,691,435,1,-0.001616434
Warm B,393868,2320,2319,691,435,0,-0.0030730257
Warm B,364455,2123,2122,691,435,1,-0.0027550096
Warm B,363079,2116,2115,691,435,0,0.0024830173
Warm B,283561,1697,1696,691,435,1,0.014023077
Warm B,268544,1631,1630,691,435,0,0.011169418
Warm B,255274,1554,1553,691,435,0,0.0056917924
Warm B,259501,1587,1586,691,435,0,0.011143661
Warm B,222401,1345,1344,691,435,1,0.0033332333
Warm B,277740,1676,1675,691,435,0,0.014023308
Warm B,279355,1680,1679,691,435,1,-0.0036197188
Warm B,236397,1434,1433,691,435,1,0.0024103215
Warm B,189620,1175,1174,691,435,1,-0.004354865
Warm B,186768,1156,1155,691,435,1,0.010134045
Warm B,188994,1172,1171,691,435,1,0.011329861
Warm B,316281,1883,1882,691,435,0,0.0072688446
Warm B,201590,1242,1241,691,435,0,0.007572259
Warm B,174839,1107,1106,691,435,0,0.010483314
Warm B,188242,1168,1167,691,435,0,0.008092444
Warm B,169818,1078,1077,691,435,0,0.009429581
Warm B,328203,1941,1940,691,435,1,0.0005515381
Warm B,164607,1051,1050,691,435,0,0.012377439
Warm B,189381,1173,1172,691,435,0,0.010014481
Warm B,324446,1922,1921,691,435,0,0.0058389376
Warm B,144942,934,933,691,435,0,0.014683803
Warm B,140277,899,898,691,435,0,0.016377266
Warm B,156922,1010,1009,691,435,0,0.0060127284
Warm B,134325,869,868,691,435,0,0.008436248
Warm B,360832,2106,2105,691,435,0,0.0032779435
Warm B,117840,759,758,691,435,0,0.005284626
Warm B,120143,776,775,691,435,1,0.0084322
Warm B,92553,620,619,691,435,0,0.002178578
Warm B,244009,1470,1469,691,435,0,0.014726065
Warm B,291441,1737,1736,691,435,1,-0.0013302977
Warm B,198193,1218,1217,691,435,0,0.003204829
Warm B,76699,520,519,691,435,1,0.0032007762
Warm B,68743,461,460,691,435,0,0.011084216
Warm B,64636,432,431,691,435,1,0.0025911292
Warm B,626817,3792,3791,691,435,0,0.002549123
Warm B,78490,528,527,691,435,0,0.007921135
Warm B,47219,319,318,691,435,0,0.0039221887
Warm B,110852,721,720,691,435,0,0.0015618652
Warm B,49153,329,328,691,435,0,0.013346136
Warm B,6257,45,44,691,435,1,-0.0052033775
Warm B,5448,38,37,691,435,0,-0.0058643743
Warm B,79446,531,530,691,435,0,0.011750564
Warm B,20613,151,150,691,435,0,0.013652349
Warm B,335972,1980,1979,691,435,0,0.025406793
Warm B,682497,4085,4084,691,435,1,0.007413786
Warm B,882999,5333,5332,691,435,0,-0.0025051716
Warm B,489640,3013,3012,691,435,0,0.005037993
Warm B,45766,308,307,691,435,0,0.012865438
Warm B,331651,1958,1957,691,435,0,0.015385518
Warm B,52038,343,342,691,435,1,0.0025484385
Warm B,476370,2926,2925,691,435,0,0.0049821706
Warm B,206364,1265,1264,691,435,0,0.002576775
Warm B,507782,3125,3124,691,435,1,0.0035216808
Warm B,831939,5001,5000,691,435,1,0.0056934003
Warm B,310710,1851,1850,691,435,0,0.007995929
Warm B,376837,2200,2199,692,436,0,-0.006052631
Warm B,370728,2167,2166,692,436,0,-0.0023282676
Warm B,366180,2131,2130,692,436,0,0.0015438083
Warm B,340681,2010,2009,692,436,0,0.00069481926
Warm B,341625,2012,2011,692,436,0,-0.002023431
Warm B,297528,1764,1763,692,436,1,0.0055282293
Warm B,292348,1741,1740,692,436,0,-0.004664304
Warm B,276998,1675,1674,692,436,0,-0.00080359285
Warm B,271475,1641,1640,692,436,0,-0.0020222818
Warm B,268344,1630,1629,692,436,0,0.00061225216
Warm B,247731,1496,1495,692,436,0,0.00049469376
Warm B,376393,2195,2194,692,436,1,0.00086196826
Warm B,227169,1377,1376,692,436,0,-0.006041539
Warm B,233076,1418,1417,692,436,0,0.00012493436
Warm B,267223,1624,1623,692,436,0,-0.0083122775
Warm B,200345,1230,1229,692,436,0,-0.0010244586
Warm B,328204,1941,1940,692,436,0,0.0008529909
Warm B,191005,1181,1180,692,436,0,-0.0058942763
Warm B,227627,1380,1379,692,436,0,0.009066294
Warm B,314491,1878,1877,692,436,0,-0.011284376
Warm B,156923,1010,1009,692,436,0,0.003173077
Warm B,138372,889,888,692,436,0,-0.0064647016
Warm B,136628,881,880,692,436,0,0.00050393865
Warm B,121871,785,784,692,436,1,0.008591565
Warm B,120440,777,776,692,436,0,-0.008432558
Warm B,108728,712,711,692,436,0,0.0020510438
Warm B,99322,662,661,692,436,0,-0.0064735855
Warm B,713125,4277,4276,692,436,0,-0.005251606
Warm B,86140,563,562,692,436,0,0.0059420867
Warm B,74415,508,507,692,436,0,-0.0059756692
Warm B,70807,476,475,692,436,1,-9.129755e-05
Warm B,51081,337,336,692,436,0,-0.00043623708
Warm B,44224,302,301,692,436,0,0.008533284
Warm B,36225,245,244,692,436,0,0.0010163905
Warm B,35730,242,241,692,436,0,0.007698671
Warm B,291442,1737,1736,692,436,0,-0.0049193604
Warm B,25311,179,178,692,436,0,-0.00072431075
Warm B,22317,163,162,692,436,0,-0.0032328935
Warm B,27880,195,194,692,436,1,0.009017135
Warm B,27000,192,191,692,436,0,-0.004099382
Warm B,10160,73,72,692,436,1,-0.0017254351
Warm B,311966,1860,1859,692,436,0,0.009812342
Warm B,56018,372,371,692,436,1,0.0015402024
Warm B,237968,1447,1446,692,436,0,0.0008182861
Warm B,109821,716,715,692,436,0,-0.0002152319
Warm B,272985,1647,1646,692,436,0,-0.002220714
Warm B,515513,3182,3181,694,437,0,0.0052743717
Warm B,502169,3082,3081,694,437,0,0.014385816
Warm B,497931,3056,3055,694,437,0,0.008373066
Warm B,494204,3032,3031,694,437,1,-0.005549879
Warm B,486295,2994,2993,694,437,0,0.0034730486
Warm B,473700,2909,2908,694,437,1,0.010218502
Warm B,469681,2894,2893,694,437,0,-0.0060675303
Warm B,463348,2857,2856,694,437,0,0.007963732
Warm B,460317,2840,2839,694,437,0,0.004719947
Warm B,415258,2500,2499,694,437,1,0.009592874
Warm B,436472,2665,2664,694,437,1,0.011026595
Warm B,387549,2265,2264,694,437,0,-0.0044211056
Warm B,377276,2203,2202,694,437,1,0.016004175
Warm B,375118,2186,2185,694,437,0,0.005163839
Warm B,370277,2165,2164,694,437,1,0.011258997
Warm B,367225,2143,2142,694,437,0,0.0019969451
Warm B,351923,2063,2062,694,437,0,0.013039451
Warm B,337046,1983,1982,694,437,1,0.010453441
Warm B,297529,1764,1763,694,437,0,0.007985901
Warm B,288903,1726,1725,694,437,0,0.0068203546
Warm B,312350,1861,1860,694,437,0,0.0045005297
Warm B,303033,1800,1799,694,437,0,0.008039415
Warm B,360834,2106,2105,694,437,0,0.006861882
Warm B,242834,1465,1464,694,437,0,0.009310843
Warm B,232678,1414,1413,694,437,0,0.00399709
Warm B,283203,1696,1695,694,437,0,0.011712112
Warm B,356849,2090,2089,694,437,1,0.010282853
Warm B,244447,1472,1471,694,437,0,0.013161419
Warm B,337471,1984,1983,694,437,0,0.011055643
Warm B,233078,1418,1417,694,437,0,0.006752597
Warm B,227170,1377,1376,694,437,0,0.009350944
Warm B,267225,1624,1623,694,437,0,0.0026435927
Warm B,179138,1124,1123,694,437,0,0.0056494465
Warm B,173113,1097,1096,694,437,0,0.014528884
Warm B,248854,1501,1500,694,437,1,0.006748596
Warm B,328205,1941,1940,694,437,0,0.0008940024
Warm B,167889,1068,1067,694,437,0,0.0017131185
Warm B,170251,1084,1083,694,437,0,0.013458496
Warm B,189382,1173,1172,694,437,0,0.010861473
Warm B,227628,1380,1379,694,437,0,0.011626499
Warm B,155901,1004,1003,694,437,0,0.012677278
Warm B,154881,999,998,694,437,0,0.010987635
Warm B,153082,984,983,694,437,0,0.014903412
Warm B,191006,1181,1180,694,437,0,0.012126266
Warm B,156925,1010,1009,694,437,0,0.011651942
Warm B,277000,1675,1674,694,437,0,0.010589857
Warm B,136630,881,880,694,437,0,0.008832381
Warm B,107465,708,707,694,437,0,-0.0011625821
Warm B,104865,695,694,694,437,0,-0.0029241662
Warm B,99323,662,661,694,437,1,0.0112804305
Warm B,98855,660,659,694,437,0,0.00297307
Warm B,713126,4277,4276,694,437,0,0.0058455644
Warm B,886914,5359,5358,694,437,0,0.007427884
Warm B,238996,1448,1447,694,437,0,0.010302655
Warm B,77581,524,523,694,437,1,0.02378861
Warm B,119290,770,769,694,437,0,0.0012637454
Warm B,68744,461,460,694,437,0,0.008269284
Warm B,240145,1449,1448,694,437,0,0.019713486
Warm B,132505,855,854,694,437,0,0.015153347
Warm B,37981,260,259,694,437,1,0.010012041
Warm B,35731,242,241,694,437,0,0.004754437
Warm B,29041,199,198,694,437,0,0.01022921
Warm B,31175,210,209,694,437,1,0.0003600153
Warm B,22319,163,162,694,437,0,0.0037144627
Warm B,14167,116,115,694,437,1,0.00224294
Warm B,14352,117,116,694,437,1,0.0056706807
Warm B,27001,192,191,694,437,0,0.0070325495
Warm B,7495,53,52,694,437,0,0.013177248
Warm B,3482,26,25,694,437,0,0.0045256093
Warm B,389447,2282,2281,694,437,1,0.010396879
Warm B,696379,4169,4168,694,437,0,0.015891861
Warm B,790449,4728,4727,694,437,0,0.0024161371
Warm B,342528,2015,2014,694,437,0,0.00830085
Warm B,682498,4085,4084,694,437,0,0.015301845
Warm B,106096,699,698,694,437,1,0.009902865
Warm B,599291,3648,3647,694,437,0,0.0057764184
Warm B,293781,1748,1747,694,437,0,0.0097794235
Warm B,195494,1203,1202,694,437,0,0.021487664
Warm B,509830,3140,3139,694,437,0,0.008049758
Warm B,966826,5831,5830,694,437,0,0.01004911
Warm B,272986,1647,1646,694,437,0,0.013177566
Warm B,560867,3450,3449,695,438,0,0.0038361675
Warm B,555814,3416,3415,695,438,0,0.009397322
Warm B,577236,3526,3525,695,438,0,-0.00071914133
Warm B,502170,3082,3081,695,438,0,0.014420882
Warm B,498433,3060,3059,695,438,0,0.0028344826
Warm B,495888,3045,3044,695,438,0,0.010050204
Warm B,473701,2909,2908,695,438,1,0.0034669582
Warm B,463349,2857,2856,695,438,1,0.015082425
Warm B,490800,3018,3017,695,438,0,-0.0011710394
Warm B,450295,2776,2775,695,438,0,0.013266358
Warm B,449000,2768,2767,695,438,1,0.0073264427
Warm B,450910,2777,2776,695,438,1,0.014246482
Warm B,444676,2743,2742,695,438,1,0.002242864
Warm B,441010,2700,2699,695,438,1,-0.004322161
Warm B,438993,2682,2681,695,438,0,0.011293705
Warm B,431949,2632,2631,695,438,1,-0.004553435
Warm B,428595,2608,2607,695,438,0,0.005360865
Warm B,425336,2581,2580,695,438,1,0.01232324
Warm B,416105,2506,2505,695,438,1,-0.0020307177
Warm B,416653,2507,2506,695,438,0,0.006604402
Warm B,408251,2453,2452,695,438,1,0.015828986
Warm B,406680,2441,2440,695,438,1,-0.00020195078
Warm B,411582,2472,2471,695,438,0,0.0040023117
Warm B,401227,2391,2390,695,438,1,0.0046953037
Warm B,399106,2376,2375,695,438,0,0.0011926987
Warm B,422496,2559,2558,695,438,0,0.0052195
Warm B,378383,2208,2207,695,438,0,0.001993122
Warm B,369520,2162,2161,695,438,1,0.0085467985
Warm B,367132,2142,2141,695,438,0,0.0074175308
Warm B,351924,2063,2062,695,438,0,0.0068576485
Warm B,329363,1943,1942,695,438,0,0.008016923
Warm B,281815,1690,1689,695,438,1,0.012317726
Warm B,263921,1606,1605,695,438,1,0.0012527527
Warm B,251545,1521,1520,695,438,0,-0.0010162322
Warm B,279357,1680,1679,695,438,1,0.009837481
Warm B,210172,1284,1283,695,438,0,0.0061521777
Warm B,196547,1207,1206,695,438,0,0.009620007
Warm B,219889,1333,1332,695,438,0,0.003236059
Warm B,185355,1150,1149,695,438,0,0.009782145
Warm B,178656,1121,1120,695,438,1,0.01075241
Warm B,331652,1958,1957,695,438,1,0.006939579
Warm B,184022,1146,1145,695,438,0,0.018343024
Warm B,165234,1053,1052,695,438,1,0.0101509215
Warm B,186134,1151,1150,695,438,0,0.0052329423
Warm B,337047,1983,1982,695,438,1,0.014128762
Warm B,149619,963,962,695,438,0,0.003291875
Warm B,221384,1340,1339,695,438,0,0.014671743
Warm B,147943,953,952,695,438,1,0.001614226
Warm B,195495,1203,1202,695,438,0,0.010012781
Warm B,145362,935,934,695,438,0,-0.0012200386
Warm B,140541,903,902,695,438,0,0.003242809
Warm B,138373,889,888,695,438,0,0.009749604
Warm B,126883,818,817,695,438,0,0.0057533886
Warm B,175022,1109,1108,695,438,0,0.010160005
Warm B,110132,718,717,695,438,0,-0.0055312356
Warm B,203486,1248,1247,695,438,0,0.0017682906
Warm B,113336,735,734,695,438,0,0.011394247
Warm B,250404,1509,1508,695,438,0,0.010103293
Warm B,81715,543,542,695,438,1,-0.0011334512
Warm B,115416,749,748,695,438,0,0.006812272
Warm B,53451,352,351,695,438,0,0.013539372
Warm B,110854,721,720,695,438,0,-0.00046134705
Warm B,46236,309,308,695,438,0,0.013051015
Warm B,32679,221,220,695,438,0,0.004864241
Warm B,22320,163,162,695,438,0,0.013405081
Warm B,8344,58,57,695,438,1,0.0131366765
Warm B,481854,2962,2961,695,438,0,0.0075724944
Warm B,76700,520,519,695,438,0,0.0024185379
Warm B,453793,2793,2792,695,438,0,0.012408294
Warm B,150615,970,969,695,438,0,0.0051320796
Warm B,164610,1051,1050,695,438,0,0.012886392
Warm B,548707,3387,3386,695,438,0,0.0056716558
Warm B,807616,4834,4833,695,438,1,0.0024559803
Warm B,156926,1010,1009,695,438,0,0.0071158246
Warm B,193688,1194,1193,695,438,1,0.00944438
Warm B,331653,1958,1957,697,439,0,0.014378067
Warm B,116262,752,751,697,439,0,0.007993991
Warm B,332689,1962,1961,697,439,0,0.004960982
Warm B,228307,1383,1382,697,439,0,0.012445239
Warm B,87279,570,569,697,439,0,-0.0002607354
Warm B,72090,482,481,697,439,1,0.0030690026
Warm B,76701,520,519,697,439,0,0.01456036
Warm B,74870,509,508,697,439,1,-0.0021193428
Warm B,53452,352,351,697,439,0,0.007509396
Warm B,52449,346,345,697,439,0,0.0054794056
Warm B,78492,528,527,697,439,0,0.014903536
Warm B,696380,4169,4168,697,439,0,0.01631136
Warm B,98856,660,659,697,439,0,0.0023323298
Warm B,308670,1837,1836,697,439,0,0.0112597635
Warm B,26262,187,186,697,439,1,0.0012227972
Warm B,22321,163,162,697,439,0,0.007379084
Warm B,7496,53,52,697,439,1,0.009815202
Warm B,6261,45,44,697,439,0,0.0019240319
Warm B,360835,2106,2105,697,439,0,0.0036856679
Warm B,506141,3113,3112,697,439,0,0.00071837776
Warm B,892992,5394,5393,697,439,0,0.010397108
Warm B,66070,442,441,697,439,0,0.019048247
Warm B,195496,1203,1202,697,439,0,0.010600185
Warm B,720098,4312,4311,697,439,0,0.009928568
Warm B,324971,1925,1924,697,439,0,0.013241606
Warm B,537616,3311,3310,700,440,1,0.010289066
Warm B,536363,3308,3307,700,440,1,0.018659424
Warm B,520232,3208,3207,700,440,1,0.016536724
Warm B,493647,3031,3030,700,440,1,0.020863809
Warm B,471513,2900,2899,700,440,0,0.013247397
Warm B,469309,2889,2888,700,440,1,0.010199164
Warm B,458557,2823,2822,700,440,0,0.006337643
Warm B,455675,2806,2805,700,440,0,0.010136137
Warm B,451302,2777,2776,700,440,1,0.0076358034
Warm B,447233,2755,2754,700,440,1,0.008825842
Warm B,445430,2747,2746,700,440,1,0.009194275
Warm B,446594,2752,2751,700,440,0,0.009385925
Warm B,440394,2692,2691,700,440,0,0.016435098
Warm B,419110,2529,2528,700,440,0,0.005329881
Warm B,417494,2517,2516,700,440,0,0.009798021
Warm B,405599,2429,2428,700,440,0,0.0052595404
Warm B,390270,2288,2287,700,440,0,0.0075172856
Warm B,385011,2249,2248,700,440,1,0.011797639
Warm B,369598,2162,2161,700,440,1,0.013284268
Warm B,345239,2024,2023,700,440,0,0.0037964531
Warm B,344981,2023,2022,700,440,1,0.0128899105
Warm B,341048,2010,2009,700,440,0,0.0054070996
Warm B,338647,1992,1991,700,440,0,0.0044895806
Warm B,325921,1928,1927,700,440,0,0.010292162
Warm B,290838,1735,1734,700,440,0,0.0032969005
Warm B,283703,1697,1696,700,440,0,0.011671582
Warm B,297822,1764,1763,700,440,1,0.01323996
Warm B,259753,1587,1586,700,440,0,0.00784025
Warm B,260776,1593,1592,700,440,1,0.0066091865
Warm B,231816,1404,1403,700,440,0,0.007589727
Warm B,213776,1298,1297,700,440,0,0.009586744
Warm B,213163,1297,1296,700,440,0,0.013176176
Warm B,278121,1676,1675,700,440,1,0.020082995
Warm B,205476,1263,1262,700,440,0,0.01378287
Warm B,309029,1837,1836,700,440,0,0.015722744
Warm B,184518,1147,1146,700,440,0,0.0027117596
Warm B,173021,1096,1095,700,440,0,0.008627991
Warm B,164981,1051,1050,700,440,1,0.02083467
Warm B,185955,1150,1149,700,440,0,0.012637603
Warm B,137056,881,880,700,440,0,0.021763006
Warm B,332939,1962,1961,700,440,0,0.0103924405
Warm B,263803,1605,1604,700,440,0,0.00798008
Warm B,119645,770,769,700,440,0,0.013519826
Warm B,111543,726,725,700,440,1,0.0036588707
Warm B,106416,699,698,700,440,1,0.013483328
Warm B,100396,669,668,700,440,1,0.010092773
Warm B,101583,676,675,700,440,0,0.003570545
Warm B,764237,4543,4542,700,440,0,0.02198688
Warm B,631930,3821,3820,700,440,0,0.007252461
Warm B,83685,549,548,700,440,1,0.018427089
Warm B,84661,550,549,700,440,0,0.0074774185
Warm B,78039,524,523,700,440,1,0.011463484
Warm B,72509,483,482,700,440,1,0.010588411
Warm B,116728,752,751,700,440,1,0.0075960965
Warm B,67645,453,452,700,440,0,0.008088931
Warm B,64438,429,428,700,440,1,0.007302151
Warm B,57293,386,385,700,440,1,0.010969602
Warm B,51981,342,341,700,440,0,0.0054281643
Warm B,132789,855,854,700,440,0,0.011068904
Warm B,46552,310,309,700,440,1,0.007911076
Warm B,44865,302,301,700,440,0,0.017989893
Warm B,40132,271,270,700,440,1,0.01382019
Warm B,33728,225,224,700,440,1,5.3521013e-05
Warm B,337315,1983,1982,700,440,1,0.015137534
Warm B,240699,1449,1448,700,440,0,0.017805971
Warm B,180935,1130,1129,700,440,1,0.009901779
Warm B,54676,355,354,700,440,1,0.008168675
Warm B,239470,1448,1447,700,440,1,0.010250628
Warm B,10578,75,74,700,440,1,0.01202904
Warm B,421360,2544,2543,700,440,1,0.003418582
Warm B,179324,1124,1123,700,440,1,0.008579445
Warm B,65661,438,437,700,440,0,0.012477791
Warm B,363533,2116,2115,700,440,0,0.014881669
Warm B,58267,392,391,700,440,1,0.018529482
Warm B,680858,4079,4078,700,440,1,0.007063989
Warm B,964290,5812,5811,700,440,1,0.018711478
Warm B,332037,1958,1957,700,440,0,0.020636521
Warm B,599573,3648,3647,700,440,0,0.017425632
Warm B,134722,869,868,700,440,1,0.019129138
Warm B,251302,1516,1515,700,440,0,0.014960147
Warm B,61007,411,410,700,440,0,0.015835293
Warm B,479850,2944,2943,700,440,1,0.0040358286
Warm B,461716,2847,2846,700,440,0,0.01101404
Warm B,550755,3391,3390,700,440,1,0.012503627
Warm B,974489,5878,5877,700,440,0,0.017143667
Warm B,451311,2777,2776,709,443,0,0.009205159
Warm B,448625,2764,2763,709,443,0,0.00058377045
Warm B,445758,2748,2747,709,443,0,-0.0017398858
Warm B,422882,2562,2561,709,443,1,0.0060374
Warm B,415623,2503,2502,709,443,0,0.006466424
Warm B,409890,2457,2456,709,443,0,0.00072563067
Warm B,396543,2346,2345,709,443,0,0.005383053
Warm B,419121,2529,2528,709,443,1,0.003938386
Warm B,385803,2255,2254,709,443,0,0.0036101332
Warm B,374561,2181,2180,709,443,0,0.01253984
Warm B,369135,2157,2156,709,443,0,0.0003342243
Warm B,367800,2147,2146,709,443,0,-0.00020995224
Warm B,345940,2029,2028,709,443,0,0.0014902666
Warm B,359044,2100,2099,709,443,0,0.01061672
Warm B,354435,2073,2072,709,443,1,0.008088555
Warm B,347073,2035,2034,709,443,0,0.004155911
Warm B,339815,2003,2002,709,443,0,-0.0039250664
Warm B,327080,1938,1937,709,443,0,0.0068307705
Warm B,321122,1903,1902,709,443,0,0.0049272506
Warm B,313641,1871,1870,709,443,0,-0.0047640135
Warm B,310460,1850,1849,709,443,1,-0.0006322984
Warm B,289664,1728,1727,709,443,1,0.003219108
Warm B,283711,1697,1696,709,443,1,0.002883769
Warm B,278132,1676,1675,709,443,1,0.0045865164
Warm B,280217,1680,1679,709,443,0,0.012180646
Warm B,270346,1635,1634,709,443,0,0.008098012
Warm B,269412,1632,1631,709,443,0,0.0006107376
Warm B,266203,1613,1612,709,443,0,0.0050721457
Warm B,346508,2030,2029,709,443,0,0.0070295716
Warm B,300668,1780,1779,709,443,0,0.0050663184
Warm B,361230,2106,2105,709,443,0,0.0034773713
Warm B,247419,1495,1494,709,443,0,-0.0030058587
Warm B,237265,1442,1441,709,443,0,0.004828371
Warm B,224917,1359,1358,709,443,0,0.005152575
Warm B,222816,1348,1347,709,443,1,-0.003167846
Warm B,218734,1325,1324,709,443,0,0.01148617
Warm B,216288,1312,1311,709,443,0,0.005842525
Warm B,299906,1778,1777,709,443,1,0.00042922952
Warm B,328942,1941,1940,709,443,0,0.008261589
Warm B,249108,1501,1500,709,443,1,-0.0030071426
Warm B,168160,1068,1067,709,443,0,0.006464258
Warm B,353591,2071,2070,709,443,0,0.008294896
Warm B,175884,1112,1111,709,443,1,0.0077093197
Warm B,165861,1057,1056,709,443,0,0.006244341
Warm B,134735,869,868,709,443,0,0.011827368
Warm B,128810,836,835,709,443,0,0.00433968
Warm B,124370,800,799,709,443,1,0.0041608308
Warm B,123002,793,792,709,443,1,0.005543303
Warm B,115068,746,745,709,443,0,-0.0021498462
Warm B,272463,1645,1644,709,443,1,-0.0042136465
Warm B,102950,681,680,709,443,0,0.0075049656
Warm B,352534,2063,2062,709,443,0,0.005639225
Warm B,109523,714,713,709,443,1,0.005309969
Warm B,93921,629,628,709,443,0,0.0007978536
Warm B,425864,2583,2582,709,443,0,0.0054781213
Warm B,363545,2116,2115,709,443,1,0.004154254
Warm B,86307,563,562,709,443,0,0.0069877515
Warm B,80825,536,535,709,443,1,0.010515792
Warm B,84674,550,549,709,443,1,0.011615925
Warm B,75315,510,509,709,443,1,-1.7642742e-05
Warm B,65665,438,437,709,443,1,-0.00015330687
Warm B,51841,340,339,709,443,0,-0.0032936153
Warm B,15074,119,118,709,443,0,0.009052498
Warm B,10583,75,74,709,443,1,-0.0049368707
Warm B,207251,1266,1265,709,443,0,0.0044745645
Warm B,79852,531,530,709,443,1,0.005891516
Warm B,139300,890,889,709,443,1,0.002293088
Warm B,605434,3679,3678,709,443,1,0.0037820612
Warm B,386259,2258,2257,709,443,0,0.009008888
Warm B,110014,716,715,709,443,1,-0.0043738885
Warm B,688684,4118,4117,709,443,1,0.004078516
Warm B,334140,1969,1968,709,443,1,-0.0044083544
Warm B,240716,1449,1448,709,443,0,0.008994032
Warm B,12188,92,91,709,443,0,0.012594681
Warm B,164993,1051,1050,709,443,1,0.0054866225
Warm B,102782,678,677,709,443,1,0.0073076775
Warm B,12896,99,98,709,443,0,0.005743455
Warm B,344985,2023,2022,709,443,1,0.0073758094
Warm B,28537,195,194,709,443,0,0.006211925
Warm B,795556,4765,4764,709,443,0,0.005406883
Warm B,178494,1120,1119,709,443,0,0.0030288594
Warm B,893146,5394,5393,709,443,0,0.010821459
Warm B,26030,184,183,709,443,0,-0.003578127
Warm B,887031,5359,5358,709,443,0,0.0025932235
Warm B,40145,271,270,711,444,0,0.008076865
Warm B,222818,1348,1347,711,444,0,0.003203974
Warm B,535207,3301,3300,714,445,1,0.009891635
Warm B,527720,3261,3260,714,445,0,0.01048563
Warm B,584931,3569,3568,714,445,1,0.020734467
Warm B,514094,3172,3171,714,445,1,0.011989795
Warm B,816138,4899,4898,714,445,1,0.009777355
Warm B,506992,3118,3117,714,445,1,0.0063055237
Warm B,505772,3110,3109,714,445,1,0.009140683
Warm B,501593,3080,3079,714,445,0,0.006924334
Warm B,513622,3167,3166,714,445,1,0.00986151
Warm B,497797,3055,3054,714,445,1,-0.0038972115
Warm B,497510,3054,3053,714,445,0,0.0028929668
Warm B,696913,4169,4168,714,445,0,0.017285038
Warm B,474880,2913,2912,714,445,1,0.0076445295
Warm B,889037,5367,5366,714,445,1,0.026973402
Warm B,460939,2841,2840,714,445,1,0.02324611
Warm B,458560,2823,2822,714,445,0,0.008968549
Warm B,445042,2744,2743,714,445,0,0.0009140817
Warm B,417071,2507,2506,714,445,1,0.015186833
Warm B,371912,2172,2171,714,445,0,0.016332895
Warm B,375798,2188,2187,714,445,0,0.012984224
Warm B,369423,2161,2160,714,445,0,0.008556423
Warm B,369249,2158,2157,714,445,1,-0.00531374
Warm B,366495,2134,2133,714,445,1,0.0022528418
Warm B,325105,1925,1924,714,445,1,0.0029704275
Warm B,305247,1812,1811,714,445,1,0.012909481
Warm B,289103,1726,1725,714,445,1,0.007777013
Warm B,284674,1698,1697,714,445,1,0.009266457
Warm B,274615,1658,1657,714,445,0,0.010093432
Warm B,270360,1635,1634,714,445,0,0.025022179
Warm B,251372,1517,1516,714,445,1,0.009457105
Warm B,233565,1420,1419,714,445,1,0.0012237607
Warm B,206194,1264,1263,714,445,1,0.011983642
Warm B,308265,1836,1835,714,445,1,0.003292359
Warm B,213793,1298,1297,714,445,1,0.013020508
Warm B,321923,1911,1910,714,445,0,0.009764458
Warm B,294616,1749,1748,714,445,0,0.0076104244
Warm B,309047,1837,1836,714,445,0,0.0021787956
Warm B,197553,1211,1210,714,445,0,0.013630396
Warm B,184537,1147,1146,714,445,1,0.009101449
Warm B,181528,1134,1133,714,445,1,0.014496691
Warm B,204851,1260,1259,714,445,1,0.006457735
Warm B,162100,1033,1032,714,445,1,0.0070690736
Warm B,169743,1077,1076,714,445,1,0.020805303
Warm B,230706,1395,1394,714,445,1,0.009280665
Warm B,160588,1019,1018,714,445,1,0.017990908
Warm B,157403,1010,1009,714,445,1,0.011288522
Warm B,158866,1015,1014,714,445,1,0.01129439
Warm B,152116,977,976,714,445,0,0.0138534615
Warm B,185987,1150,1149,714,445,0,0.019974714
Warm B,139077,889,888,714,445,1,0.019689173
Warm B,352549,2063,2062,714,445,1,0.020610746
Warm B,240737,1449,1448,714,445,0,0.017339475
Warm B,117940,760,759,714,445,1,0.007890023
Warm B,223899,1354,1353,714,445,0,0.015119551
Warm B,93118,623,622,714,445,0,0.008614217
Warm B,79904,532,531,714,445,1,0.0038529683
Warm B,239494,1448,1447,714,445,0,0.02456104
Warm B,67924,454,453,714,445,1,0.020801654
Warm B,70324,474,473,714,445,1,0.00666908
Warm B,60002,408,407,714,445,1,0.008707687
Warm B,57305,386,385,714,445,1,0.022424975
Warm B,54183,352,351,714,445,0,0.015243813
Warm B,108440,710,709,714,445,1,0.015280237
Warm B,440261,2691,2690,714,445,1,0.012147335
Warm B,42938,293,292,714,445,1,0.0019238411
Warm B,33751,225,224,714,445,0,0.023740988
Warm B,32783,222,221,714,445,1,0.010303055
Warm B,16806,131,130,714,445,0,0.016577162
Warm B,562000,3457,3456,714,445,0,0.013122361
Warm B,290687,1733,1732,714,445,1,0.016571723
Warm B,451,5,4,714,445,1,0.013593585
Warm B,104660,692,691,714,445,1,0.015615111
Warm B,458421,2820,2819,714,445,1,-0.0008476195
Warm B,890144,5371,5370,714,445,1,0.0017968311
Warm B,743133,4445,4444,714,445,0,0.00533554
Warm B,285022,1699,1698,714,445,1,0.012562904
Warm B,286995,1712,1711,714,445,0,0.013722048
Warm B,330861,1952,1951,714,445,0,0.00742985
Warm B,238456,1447,1446,714,445,1,0.019239616
Warm B,564869,3471,3470,714,445,1,0.023521267
Warm B,285619,1701,1700,714,445,0,0.012775326
Warm B,250025,1505,1504,714,445,0,0.016304638
Warm B,130658,846,845,714,445,1,0.010492947
Warm B,439521,2684,2683,714,445,1,0.005562517
Warm B,567826,3483,3482,714,445,1,0.005547849
Warm B,451921,2781,2780,714,445,1,-0.0045245243
Warm B,745167,4448,4447,714,445,1,0.01264799
Warm B,287955,1717,1716,714,445,1,0.013022109
Warm B,475714,2918,2917,714,445,1,0.009941181
Warm B,958954,5787,5786,714,445,1,0.018635374
Warm B,371197,2168,2167,714,445,1,0.023153242
Warm B,137078,881,880,714,445,0,0.009473586
Warm B,421384,2544,2543,714,445,1,0.022023045
Warm B,163586,1050,1049,725,449,0,0.01250229
Warm B,227512,1380,1379,725,449,0,0.010190918
Warm B,136178,881,880,725,449,0,0.013775279
Warm B,351247,2063,2062,725,449,0,0.023278166
Warm B,126083,813,812,725,449,0,0.007879735
Warm B,120196,777,776,725,449,0,0.020676585
Warm B,105773,699,698,725,449,0,0.017032504
Warm B,98500,660,659,725,449,0,0.006961124
Warm B,329038,1943,1942,725,449,0,0.015273264
Warm B,82589,549,548,725,449,1,0.015333623
Warm B,81377,543,542,725,449,1,0.009810304
Warm B,77062,524,523,725,449,0,0.014253735
Warm B,70582,476,475,725,449,1,0.007776172
Warm B,67274,453,452,725,449,0,0.018065311
Warm B,53336,352,351,725,449,0,0.005194867
Warm B,43755,301,300,725,449,0,0.0034395186
Warm B,696938,4169,4168,725,449,0,0.013849242
Warm B,54279,355,354,725,449,1,0.01162232
Warm B,336800,1983,1982,725,449,1,0.013123708
Warm B,626408,3792,3791,725,449,0,0.012928892
Warm B,27769,195,194,725,449,0,0.016367532
Warm B,384412,2246,2245,725,449,1,0.010757184
Warm B,342076,2015,2014,725,449,0,0.012392672
Warm B,784302,4682,4681,725,449,1,0.01996185
Warm B,115742,752,751,725,449,0,0.01514915
Warm B,598969,3648,3647,725,449,0,0.0019767391
Warm B,62404,424,423,725,449,0,0.012396424
Warm B,682079,4085,4084,725,449,1,0.019165095
Warm B,370838,2168,2167,725,449,0,0.014582906
Warm B,941581,5682,5681,725,449,0,0.016910505
Warm B,272553,1647,1646,725,449,0,0.011702903
Warm B,282487,1694,1693,735,452,1,0.003248268
Warm B,267459,1626,1625,735,452,1,0.0074123866
Warm B,247451,1496,1495,735,452,1,-0.00041650026
Warm B,234493,1423,1422,735,452,0,-0.0017284567
Warm B,221777,1341,1340,735,452,0,0.013374625
Warm B,199029,1223,1222,735,452,0,-0.001273518
Warm B,294089,1749,1748,735,452,0,0.006580059
Warm B,196256,1207,1206,735,452,0,0.0050411657
Warm B,327444,1941,1940,735,452,1,0.005053093
Warm B,293049,1746,1745,735,452,1,-0.004408554
Warm B,186006,1151,1150,735,452,0,0.006885843
Warm B,211728,1288,1287,735,452,1,0.0063325623
Warm B,184745,1150,1149,735,452,0,0.0068740896
Warm B,176467,1116,1115,735,452,0,0.008544337
Warm B,176351,1115,1114,735,452,1,-0.0030204372
Warm B,174528,1104,1103,735,452,0,-0.0014416155
Warm B,173438,1100,1099,735,452,1,0.007070611
Warm B,169458,1077,1076,735,452,0,0.007470688
Warm B,157497,1013,1012,735,452,1,-0.0032350365
Warm B,146750,948,947,735,452,0,-0.00022950373
Warm B,128253,830,829,735,452,1,-0.0035000897
Warm B,125451,808,807,735,452,0,-0.00054781325
Warm B,92668,621,620,735,452,1,-0.0010859373
Warm B,140594,904,903,735,452,0,0.012918487
Warm B,283768,1698,1697,735,452,1,0.0029311976
Warm B,178969,1124,1123,735,452,1,0.0035507178
Warm B,81395,543,542,735,452,1,0.009131066
Warm B,77091,524,523,735,452,1,0.010331376
Warm B,238495,1448,1447,735,452,0,-0.00925477
Warm B,67140,452,451,735,452,1,0.005202206
Warm B,57536,390,389,735,452,1,0.005271863
Warm B,51064,337,336,735,452,1,0.0028327366
Warm B,41117,278,277,735,452,1,-0.0025529768
Warm B,299927,1779,1778,735,452,1,0.0042861737
Warm B,34534,235,234,735,452,0,0.009460557
Warm B,17985,139,138,735,452,1,0.0025838912
Warm B,7424,53,52,735,452,1,-0.009642428
Warm B,365622,2129,2128,735,452,0,0.0059242775
Warm B,757497,4508,4507,735,452,1,2.7060974e-05
Warm B,289891,1733,1732,735,452,1,-0.0042494265
Warm B,497519,3055,3054,735,452,0,0.005578758
Warm B,628289,3806,3805,742,456,0,-0.002461752
Warm B,628478,3807,3806,742,456,0,0.0069948332
Warm B,627883,3801,3800,742,456,1,0.006966416
Warm B,623201,3771,3770,742,456,0,0.0037867962
Warm B,627814,3800,3799,742,456,1,0.007544864
Warm B,840146,5047,5046,742,456,0,0.007014428
Warm B,617243,3736,3735,742,456,1,0.008923241
Warm B,608111,3690,3689,742,456,0,0.0064940318
Warm B,607876,3689,3688,742,456,0,0.0052812328
Warm B,636074,3834,3833,742,456,1,0.0127173215
Warm B,621039,3762,3761,742,456,0,0.0068275854
Warm B,593269,3618,3617,742,456,0,0.007648373
Warm B,596242,3626,3625,742,456,0,0.003862856
Warm B,590613,3603,3602,742,456,0,0.0065123993
Warm B,584531,3569,3568,742,456,0,0.0052373502
Warm B,758957,4510,4509,742,456,0,0.010368165
Warm B,578889,3539,3538,742,456,1,0.019682271
Warm B,584011,3564,3563,742,456,0,0.004042559
Warm B,613498,3717,3716,742,456,1,0.011105168
Warm B,547308,3377,3376,742,456,1,0.010434564
Warm B,576766,3526,3525,742,456,0,0.0034636352
Warm B,544977,3361,3360,742,456,0,-0.0064698337
Warm B,543884,3352,3351,742,456,1,-0.0028537074
Warm B,535712,3308,3307,742,456,0,-0.0016576736
Warm B,515244,3182,3181,742,456,0,0.006630121
Warm B,565950,3476,3475,742,456,0,0.013707274
Warm B,507136,3121,3120,742,456,0,0.0114584975
Warm B,517774,3196,3195,742,456,0,-0.0026296172
Warm B,710244,4260,4259,742,456,0,0.0076469984
Warm B,464704,2864,2863,742,456,0,-0.0026020156
Warm B,462989,2857,2856,742,456,1,0.017680462
Warm B,440046,2691,2690,742,456,0,0.00493376
Warm B,790620,4728,4727,742,456,0,0.01113518
Warm B,426356,2590,2589,742,456,0,0.0101190675
Warm B,398887,2376,2375,742,456,0,0.018260445
Warm B,397156,2352,2351,742,456,0,-0.0021736822
Warm B,385110,2251,2250,742,456,0,-0.008516701
Warm B,368607,2155,2154,742,456,1,0.01746732
Warm B,368230,2153,2152,742,456,0,0.011707923
Warm B,358361,2098,2097,742,456,0,0.006323734
Warm B,361352,2109,2108,742,456,0,0.0069821253
Warm B,351300,2063,2062,742,456,0,0.011630438
Warm B,344371,2021,2020,742,456,1,0.010742759
Warm B,323491,1919,1918,742,456,0,0.0051075877
Warm B,297256,1764,1763,742,456,1,0.0054405807
Warm B,276747,1675,1674,742,456,0,-0.0037891283
Warm B,277340,1676,1675,742,456,0,0.0034751021
Warm B,271381,1641,1640,742,456,0,0.004625342
Warm B,267466,1626,1625,742,456,0,0.0056962827
Warm B,265459,1613,1612,742,456,0,0.0040605976
Warm B,247465,1496,1495,742,456,0,0.008035112
Warm B,321153,1904,1903,742,456,0,0.008419802
Warm B,242552,1465,1464,742,456,0,-0.0011063684
Warm B,232224,1409,1408,742,456,0,0.011238807
Warm B,224422,1357,1356,742,456,0,-0.004124773
Warm B,221866,1342,1341,742,456,0,-0.0007434139
Warm B,221778,1341,1340,742,456,0,0.008130931
Warm B,214495,1302,1301,742,456,1,0.011006136
Warm B,214038,1300,1299,742,456,0,-0.0019192168
Warm B,269639,1635,1634,742,456,0,0.014639465
Warm B,272587,1647,1646,742,456,0,0.015090106
Warm B,250288,1509,1508,742,456,1,0.01225854
Warm B,209942,1284,1283,742,456,1,0.0057203104
Warm B,327475,1941,1940,742,456,0,0.011277989
Warm B,183458,1142,1141,742,456,0,0.007872572
Warm B,176356,1115,1114,742,456,0,-0.0038638888
Warm B,256173,1562,1561,742,456,0,0.0008277586
Warm B,331255,1958,1957,742,456,0,0.0069055595
Warm B,183846,1146,1145,742,456,0,0.001905025
Warm B,165618,1056,1055,742,456,0,0.00792022
Warm B,164196,1051,1050,742,456,0,0.004542052
Warm B,150165,967,966,742,456,1,0.003934996
Warm B,135371,877,876,742,456,0,0.0064885933
Warm B,133838,868,867,742,456,1,0.009335034
Warm B,133956,869,868,742,456,0,0.008357082
Warm B,133127,859,858,742,456,0,0.0047363522
Warm B,131697,854,853,742,456,0,0.0062036235
Warm B,137656,889,888,742,456,0,0.014993099
Warm B,125459,808,807,742,456,0,0.008278016
Warm B,115227,749,748,742,456,0,0.002697548
Warm B,114675,746,745,742,456,0,0.008984752
Warm B,114062,741,740,742,456,0,0.007978615
Warm B,117316,757,756,742,456,0,0.0103679
Warm B,107615,710,709,742,456,0,0.0049733967
Warm B,113169,735,734,742,456,0,0.003395469
Warm B,110525,721,720,742,456,1,0.0066191875
Warm B,108615,712,711,742,456,0,0.017827423
Warm B,77112,524,523,742,456,0,0.010290769
Warm B,238515,1448,1447,742,456,0,0.0054855007
Warm B,71712,482,481,742,456,0,0.012396529
Warm B,51071,337,336,742,456,1,0.011069121
Warm B,47867,321,320,742,456,0,0.00070070603
Warm B,49099,329,328,742,456,0,0.015365541
Warm B,45146,305,304,742,456,0,0.0032518269
Warm B,41131,278,277,742,456,1,0.005395218
Warm B,55469,368,367,742,456,0,0.00046456652
Warm B,22296,163,162,742,456,0,0.009856591
Warm B,15150,121,120,742,456,0,0.0049975873
Warm B,289911,1733,1732,742,456,0,0.0017281297
Warm B,552000,3401,3400,742,456,0,0.013927407
Warm B,56010,372,371,742,456,1,0.014345055
Warm B,264876,1611,1610,742,456,1,0.008329831
Warm B,251774,1524,1523,742,456,0,0.007625067
Warm B,571776,3507,3506,742,456,0,0.01725282
Warm B,365633,2129,2128,742,456,0,0.008777084
Warm B,101861,678,677,742,456,1,0.012409006
Warm B,366050,2131,2130,742,456,0,0.012488497
Warm B,79048,531,530,742,456,0,0.014143378
Warm B,565326,3475,3474,742,456,0,0.0052050296
Warm B,473117,2909,2908,742,456,1,0.005794407
Warm B,699858,4186,4185,742,456,1,0.0060677514
Warm B,171165,1088,1087,742,456,0,0.012191892
Warm B,324826,1925,1924,742,456,0,0.0053290157
Warm B,771825,4600,4599,742,456,0,-0.0014635223
Warm B,309209,1841,1840,743,457,0,0.010750457
Warm B,247466,1496,1495,743,457,0,0.011349638
Warm B,296715,1759,1758,743,457,1,-0.0055863536
Warm B,278508,1680,1679,743,457,0,0.0032810054
Warm B,177832,1120,1119,743,457,0,0.002981986
Warm B,176472,1116,1115,743,457,0,-0.00550249
Warm B,172775,1096,1095,743,457,1,0.002946355
Warm B,175264,1112,1111,743,457,0,0.005436172
Warm B,271977,1645,1644,743,457,0,-0.003738499
Warm B,155684,1004,1003,743,457,0,0.012541648
Warm B,156464,1010,1009,743,457,0,0.006679193
Warm B,136214,881,880,743,457,0,0.0079748435
Warm B,115230,749,748,743,457,1,0.0027801627
Warm B,105810,699,698,743,457,0,-0.0053431103
Warm B,107618,710,709,743,457,0,0.010005793
Warm B,176653,1117,1116,743,457,0,0.008446604
Warm B,98527,660,659,743,457,0,-0.007488935
Warm B,370861,2168,2167,743,457,1,0.0031886953
Warm B,96317,647,646,743,457,0,0.0056200475
Warm B,329077,1943,1942,743,457,0,-0.00017705665
Warm B,92489,620,619,743,457,0,0.0055509647
Warm B,190284,1181,1180,743,457,0,0.006346577
Warm B,83788,550,549,743,457,0,0.0116315605
Warm B,73038,494,493,743,457,1,0.003550862
Warm B,71479,481,480,743,457,1,0.008080275
Warm B,65122,438,437,743,457,1,-0.010737231
Warm B,110527,721,720,743,457,1,0.0019560228
Warm B,44171,302,301,743,457,0,0.0029914319
Warm B,696985,4169,4168,743,457,0,0.015983582
Warm B,291080,1737,1736,743,457,0,-0.008195888
Warm B,234663,1425,1424,743,457,0,0.004194281
Warm B,6584,48,47,743,457,0,0.0059198607
Warm B,880,10,9,743,457,0,0.0035103806
Warm B,354652,2077,2076,743,457,0,-0.002138726
Warm B,626446,3792,3791,743,457,0,0.007658195
Warm B,237537,1447,1446,743,457,0,-0.0049628187
Warm B,49101,329,328,743,457,0,0.0008865129
Warm B,362650,2116,2115,743,457,0,0.0072276634
Warm B,828959,4979,4978,743,457,0,-0.003047431
Warm B,27833,195,194,743,457,0,-0.0011642913
Warm B,680473,4079,4078,743,457,0,-0.00088261324
Warm B,750566,4478,4477,743,457,0,-0.002248739
Warm B,35018,237,236,743,457,0,-0.0037231594
Warm B,11519,90,89,743,457,0,0.0033208276
Warm B,598997,3648,3647,743,457,0,-0.0040290584
Warm B,62461,424,423,743,457,0,0.00242016
Warm B,171168,1088,1087,743,457,0,0.0056664003
Warm B,473156,2909,2908,761,461,0,0.00378986
Warm B,463007,2857,2856,761,461,0,-0.0056090145
Warm B,447778,2761,2760,761,461,0,-0.003048918
Warm B,429981,2621,2620,761,461,0,-0.0034552955
Warm B,409075,2456,2455,761,461,0,-0.007233239
Warm B,393768,2319,2318,761,461,0,-0.0020059566
Warm B,391874,2304,2303,761,461,0,0.0026597772
Warm B,383573,2242,2241,761,461,1,-0.0033970042
Warm B,362075,2110,2109,761,461,1,0.009220349
Warm B,355407,2079,2078,761,461,0,-0.010080727
Warm B,356240,2088,2087,761,461,0,0.0035378593
Warm B,351340,2063,2062,761,461,0,0.004568025
Warm B,312632,1863,1862,761,461,0,0.0015543168
Warm B,314902,1880,1879,761,461,0,-0.0008199061
Warm B,263844,1606,1605,761,461,0,-0.004034746
Warm B,299412,1778,1777,761,461,0,-0.0031640008
Warm B,247486,1496,1495,761,461,0,0.0021140766
Warm B,342152,2015,2014,761,461,1,0.0011020247
Warm B,335417,1980,1979,761,461,0,4.5062974e-05
Warm B,221050,1340,1339,761,461,0,-0.0012838459
Warm B,314571,1879,1878,761,461,0,-0.002736683
Warm B,277371,1676,1675,761,461,0,0.004972983
Warm B,269673,1635,1634,761,461,0,-0.0040211193
Warm B,186311,1152,1151,761,461,0,-0.0052964254
Warm B,308334,1837,1836,761,461,0,0.0013800298
Warm B,190334,1181,1180,761,461,0,0.013909412
Warm B,168814,1071,1070,761,461,1,-0.0077011744
Warm B,162150,1034,1033,761,461,1,0.0041791135
Warm B,131574,853,852,761,461,1,0.0036644752
Warm B,120963,780,779,761,461,0,-0.0010852513
Warm B,118222,765,764,761,461,0,-0.0011107852
Warm B,100025,669,668,761,461,1,-0.0013149194
Warm B,349755,2054,2053,761,461,0,-0.004447586
Warm B,283827,1698,1697,761,461,1,-0.0026881828
Warm B,82686,549,548,761,461,1,-0.0010508308
Warm B,83830,550,549,761,461,1,-0.0052176556
Warm B,77141,524,523,761,461,0,0.0014248353
Warm B,74116,505,504,761,461,0,-0.006571647
Warm B,71271,479,478,761,461,0,-0.0034330487
Warm B,70348,475,474,761,461,0,0.0019806654
Warm B,62507,424,423,761,461,0,0.0022305127
Warm B,50826,335,334,761,461,0,-0.0031509863
Warm B,43803,301,300,761,461,0,-0.0064315596
Warm B,44219,302,301,761,461,0,-0.0027331882
Warm B,34585,235,234,761,461,1,0.0012516414
Warm B,36219,245,244,761,461,0,-0.0018668051
Warm B,32833,223,222,761,461,0,-0.0008145827
Warm B,26997,192,191,761,461,0,0.001447265
Warm B,234697,1425,1424,761,461,1,-0.0037062317
Warm B,30374,204,203,761,461,0,-0.003758105
Warm B,49149,329,328,761,461,0,-0.0066493736
Warm B,219015,1329,1328,761,461,0,0.004765276
Warm B,354668,2077,2076,761,461,1,0.0031070064
Warm B,552040,3401,3400,761,461,0,-0.007077746
Warm B,27874,195,194,761,461,0,0.0014045315
Warm B,632889,3824,3823,761,461,0,0.0047612023
Warm B,958986,5787,5786,761,461,0,0.002476052
Warm B,73275,496,495,761,461,1,0.0031292434
Warm B,171210,1088,1087,761,461,0,0.0075995666
Warm B,52917,349,348,761,461,0,0.004427608
Warm B,293546,1748,1747,761,461,0,0.00051961816
Warm B,179387,1125,1124,761,461,0,-0.0062309736
Warm B,295508,1755,1754,761,461,0,0.0033336838
Warm B,22982,166,165,764,463,0,0.0041187084
Warm B,16577,131,130,764,463,1,0.007859656
Warm B,7491,53,52,764,463,1,0.008774352
Warm B,1244,11,10,764,463,1,-0.00016372977
Warm B,22316,163,162,764,463,0,0.010139065
Warm B,206620,1266,1265,764,463,0,0.0068462472
Warm B,883249,5333,5332,764,463,0,0.002272882
Warm B,157714,1015,1014,764,463,1,0.011849895
Warm B,778094,4647,4646,764,463,1,-0.0023668876
Warm B,796238,4771,4770,764,463,1,0.0036619992
Warm B,245676,1484,1483,764,463,0,-0.003999486
Warm B,893196,5394,5393,764,463,0,0.0073693898
Warm B,285116,1701,1700,764,463,1,0.006183553
Warm B,193399,1194,1193,764,463,0,0.0053609232
Warm B,636107,3834,3833,765,464,1,-0.00156043
Warm B,599712,3650,3649,765,464,0,0.005443376
Warm B,596272,3626,3625,765,464,0,0.0075317193
Warm B,591475,3609,3608,765,464,0,0.0029220383
Warm B,590022,3600,3599,765,464,0,0.0035399515
Warm B,568534,3489,3488,765,464,0,0.009902291
Warm B,593314,3618,3617,765,464,0,8.28153e-05
Warm B,562015,3458,3457,765,464,1,0.0043347366
Warm B,575080,3519,3518,765,464,0,0.0017078144
Warm B,541957,3336,3335,765,464,0,0.0063341763
Warm B,535746,3308,3307,765,464,1,-0.00658146
Warm B,532954,3292,3291,765,464,0,0.00043219957
Warm B,536781,3311,3310,765,464,0,0.009361738
Warm B,514735,3180,3179,765,464,0,0.0048590084
Warm B,505786,3111,3110,765,464,0,0.0006324572
Warm B,502004,3082,3081,765,464,0,-0.007099116
Warm B,516264,3189,3188,765,464,0,0.0018335889
Warm B,493746,3032,3031,765,464,1,-0.011673108
Warm B,491926,3026,3025,765,464,0,0.009475891
Warm B,489450,3013,3012,765,464,0,-0.0053270212
Warm B,529406,3272,3271,765,464,1,0.01232804
Warm B,456309,2810,2809,765,464,1,0.0050707227
Warm B,434360,2649,2648,765,464,0,-0.0036947909
Warm B,430302,2623,2622,765,464,0,0.0060923686
Warm B,450513,2777,2776,765,464,1,0.0011555584
Warm B,423062,2565,2564,765,464,1,0.010216517
Warm B,419581,2537,2536,765,464,0,0.0045908126
Warm B,402133,2402,2401,765,464,0,0.00455646
Warm B,382218,2233,2232,765,464,1,-0.0025036933
Warm B,375439,2188,2187,765,464,0,0.004653123
Warm B,370423,2166,2165,765,464,0,0.0032490918
Warm B,382433,2235,2234,765,464,1,0.007017415
Warm B,351345,2063,2062,765,464,0,0.005212188
Warm B,350877,2060,2059,765,464,0,0.001245995
Warm B,305323,1815,1814,765,464,0,0.0014268467
Warm B,314911,1880,1879,765,464,0,0.0044418513
Warm B,274622,1659,1658,765,464,1,0.0052576344
Warm B,281122,1687,1686,765,464,0,-0.0029932589
Warm B,265492,1613,1612,765,464,0,0.0044144946
Warm B,309215,1841,1840,765,464,0,-0.00033609045
Warm B,299415,1778,1777,765,464,0,0.004830878
Warm B,236290,1434,1433,765,464,1,-0.0027331412
Warm B,335424,1980,1979,765,464,0,-0.001482879
Warm B,277376,1676,1675,765,464,0,0.007784548
Warm B,213243,1298,1297,765,464,0,0.014742037
Warm B,278568,1680,1679,765,464,0,0.0042417124
Warm B,196289,1207,1206,765,464,0,0.0069545694
Warm B,193091,1193,1192,765,464,0,0.0042304625
Warm B,192270,1184,1183,765,464,0,0.0065849726
Warm B,188151,1168,1167,765,464,0,0.00555423
Warm B,188804,1172,1171,765,464,0,0.008378057
Warm B,183031,1141,1140,765,464,0,0.007638816
Warm B,179390,1125,1124,765,464,0,-0.0010419949
Warm B,172783,1096,1095,765,464,0,0.0022991966
Warm B,168206,1069,1068,765,464,0,0.00021997117
Warm B,175292,1112,1111,765,464,0,0.0021692896
Warm B,167638,1068,1067,765,464,0,0.0041547674
Warm B,163430,1047,1046,765,464,1,0.0020581738
Warm B,155712,1004,1003,765,464,0,0.0034910708
Warm B,156494,1010,1009,765,464,0,-0.0012350418
Warm B,380101,2223,2222,765,464,0,0.006056273
Warm B,248634,1501,1500,765,464,0,0.0126652215
Warm B,332453,1962,1961,765,464,0,0.008141344
Warm B,154706,999,998,765,464,0,0.0002992202
Warm B,159768,1019,1018,765,464,0,0.0022854283
Warm B,177872,1120,1119,765,464,0,0.0031421958
Warm B,115811,752,751,765,464,0,-0.0041078907
Warm B,105833,699,698,765,464,0,0.0059246514
Warm B,100719,673,672,765,464,0,0.0050986186
Warm B,101243,676,675,765,464,0,0.0021108605
Warm B,109153,714,713,765,464,1,0.007743371
Warm B,360435,2106,2105,765,464,0,-0.00041191943
Warm B,83839,550,549,765,464,0,0.012850568
Warm B,81441,543,542,765,464,1,0.0024484652
Warm B,73049,494,493,765,464,1,0.002455091
Warm B,65149,438,437,765,464,1,0.003107732
Warm B,59335,403,402,765,464,0,0.00087279244
Warm B,405925,2436,2435,765,464,0,0.009494972
Warm B,57890,392,391,765,464,0,0.0046641785
Warm B,239627,1449,1448,765,464,0,-0.0016243369
Warm B,227961,1383,1382,765,464,0,0.0009404449
Warm B,697023,4169,4168,765,464,0,0.006447754
Warm B,38177,261,260,765,464,0,0.0055829766
Warm B,31780,216,215,765,464,1,0.00056551263
Warm B,31467,214,213,765,464,0,-0.00033044687
Warm B,54346,355,354,765,464,0,0.002360214
Warm B,234699,1425,1424,765,464,0,0.003820275
Warm B,49155,329,328,765,464,0,0.011826752
Warm B,3479,26,25,765,464,0,0.0033371267
Warm B,6624,48,47,765,464,0,-0.0027763583
Warm B,938,10,9,765,464,1,0.013652952
Warm B,883250,5333,5332,765,464,0,-0.0045462996
Warm B,439777,2688,2687,765,464,0,-0.0038725906
Warm B,335129,1978,1977,765,464,0,0.005379519
Warm B,27879,195,194,765,464,0,0.011910115
Warm B,354670,2077,2076,765,464,0,-0.004018601
Warm B,233862,1422,1421,765,464,0,0.012294018
Warm B,237576,1447,1446,765,464,0,0.0074343877
Warm B,342157,2015,2014,765,464,0,0.0063493624
Warm B,362674,2116,2115,765,464,0,0.004112436
Warm B,333697,1969,1968,765,464,1,0.0066524628
Warm B,682134,4085,4084,765,464,1,0.00461938
Warm B,272000,1645,1644,765,464,0,0.0048553958
Warm B,11530,90,89,765,464,0,-0.00039693736
Warm B,717069,4294,4293,765,464,0,0.009423164
Warm B,331277,1958,1957,765,464,0,-0.006337869
Warm B,521701,3219,3218,765,464,1,0.003423003
Warm B,171217,1088,1087,765,464,0,0.006697352
Warm B,699871,4186,4185,765,464,0,0.0015764254
Warm B,272621,1647,1646,765,464,0,0.008148509
Warm B,468220,2887,2886,765,464,0,0.009699028
Warm B,337913,1988,1987,766,465,0,0.01071935
Warm B,267813,1628,1627,766,465,0,0.013830479
Warm B,351346,2063,2062,766,465,0,0.01927964
Warm B,262957,1605,1604,766,465,0,0.020435233
Warm B,107259,706,705,766,465,0,-0.0087231845
Warm B,97673,655,654,766,465,0,0.0018926756
Warm B,332454,1962,1961,766,465,0,0.013974056
Warm B,283834,1698,1697,766,465,1,0.013608279
Warm B,90533,601,600,766,465,0,0.010142096
Warm B,432036,2634,2633,766,465,0,0.01174411
Warm B,238539,1448,1447,766,465,1,0.009075395
Warm B,77147,524,523,766,465,1,0.01992336
Warm B,74559,509,508,766,465,1,0.004166526
Warm B,197209,1211,1210,766,465,1,0.012685769
Warm B,69285,464,463,766,465,0,0.0028809563
Warm B,234700,1425,1424,766,465,1,0.01426038
Warm B,24804,175,174,766,465,1,-0.0017398419
Warm B,21910,161,160,766,465,1,0.0026024224
Warm B,26261,187,186,766,465,1,0.0023561162
Warm B,22983,166,165,766,465,1,0.012313808
Warm B,16578,131,130,766,465,1,0.0070872186
Warm B,7494,53,52,766,465,1,0.011340915
Warm B,206621,1266,1265,766,465,1,0.006487515
Warm B,276015,1671,1670,766,465,1,0.004647777
Warm B,157716,1015,1014,766,465,1,0.018405326
Warm B,129136,839,838,766,465,1,0.010764788
Warm B,252384,1530,1529,766,465,0,0.008583743
Warm B,261115,1597,1596,766,465,1,0.004945707
Warm B,713618,4277,4276,766,465,1,0.009144343
Warm B,439328,2684,2683,766,465,0,0.01114453
Warm B,796240,4771,4770,766,465,1,0.015025381
Warm B,245678,1484,1483,766,465,1,0.0066695004
Warm B,562379,3462,3461,766,465,1,0.0137764895
Warm B,475364,2918,2917,766,465,1,0.008095118
Warm B,960371,5792,5791,766,465,0,0.0052100634
Warm B,287577,1717,1716,766,465,0,0.012009347
Warm B,371510,2172,2171,766,465,1,0.011677869
Warm B,193400,1194,1193,766,465,1,0.016994009
Warm B,480403,2947,2946,766,465,0,0.0039757784
Warm B,33867,229,228,766,465,1,0.016656632
Warm B,267472,1626,1625,781,468,0,0.003518224
Warm B,259293,1587,1586,781,468,0,0.0018710084
Warm B,209333,1279,1278,781,468,0,-0.00079982704
Warm B,188822,1172,1171,781,468,1,0.0008567419
Warm B,184849,1150,1149,781,468,0,0.0021662195
Warm B,180133,1128,1127,781,468,1,-0.0033485633
Warm B,270712,1639,1638,781,468,1,3.3976277e-05
Warm B,114693,746,745,781,468,0,-0.00011849537
Warm B,100728,673,672,781,468,1,0.0060880193
Warm B,179400,1125,1124,781,468,0,-0.0057826163
Warm B,100035,669,668,781,468,1,0.0032502043
Warm B,176698,1117,1116,781,468,1,-0.0010093264
Warm B,97689,655,654,781,468,0,-0.005479698
Warm B,332465,1962,1961,781,468,0,0.0046646735
Warm B,631329,3821,3820,781,468,0,-5.427416e-05
Warm B,151165,973,972,781,468,1,0.0004642387
Warm B,87178,570,569,781,468,1,0.0023478365
Warm B,190377,1181,1180,781,468,0,0.007107303
Warm B,81451,543,542,781,468,1,0.01211015
Warm B,201350,1242,1241,781,468,1,-0.0050352127
Warm B,784343,4682,4681,781,468,1,6.1341096e-05
Warm B,47261,319,318,781,468,0,-0.0013050388
Warm B,697041,4169,4168,781,468,1,-0.00033356855
Warm B,33346,225,224,781,468,1,-0.014119027
Warm B,26280,187,186,781,468,1,-0.0011394201
Warm B,16602,131,130,781,468,0,0.0056079244
Warm B,632922,3824,3823,781,468,0,-0.003384154
Warm B,79101,531,530,781,468,0,-0.0031152493
Warm B,506117,3113,3112,781,468,0,0.0004237924
Warm B,935161,5643,5642,781,468,0,0.003573371
Warm B,262984,1605,1604,781,468,1,0.004396293
Warm B,804438,4816,4815,781,468,1,0.007706502
Warm B,317493,1889,1888,781,468,1,0.006644149
Warm B,159801,1019,1018,781,468,0,0.0042010527
Warm B,713626,4277,4276,781,468,0,0.0076691825
Warm B,195208,1203,1202,781,468,0,0.0013735164
Warm B,967164,5831,5830,781,468,0,0.0009928008
Warm B,739513,4418,4417,781,468,0,-0.0070650917
Warm B,992553,5996,5995,781,468,1,0.0072021843
Warm B,115834,752,751,781,468,1,0.0006650254
Warm B,295525,1755,1754,781,468,1,0.0015676827
Warm B,748293,4467,4466,781,468,0,2.1525484e-06
Warm B,860257,5172,5171,781,468,1,-0.004083841
Warm B,562946,3464,3463,782,469,0,0.0046445336
Warm B,557534,3425,3424,782,469,0,0.010828599
Warm B,771832,4600,4599,782,469,0,0.005442445
Warm B,547311,3377,3376,782,469,1,0.0042823562
Warm B,576834,3526,3525,782,469,0,0.0026085807
Warm B,535758,3308,3307,782,469,0,0.0077408124
Warm B,531940,3285,3284,782,469,0,0.010928273
Warm B,518606,3201,3200,782,469,0,0.0055494495
Warm B,536800,3311,3310,782,469,0,0.0088999085
Warm B,521329,3217,3216,782,469,0,0.009606732
Warm B,515277,3182,3181,782,469,1,0.005470927
Warm B,659033,3971,3970,782,469,1,0.011686077
Warm B,493764,3032,3031,782,469,1,0.0026790658
Warm B,628492,3807,3806,782,469,0,0.010427751
Warm B,479970,2946,2945,782,469,0,0.010381548
Warm B,472293,2907,2906,782,469,0,0.00053101906
Warm B,473182,2909,2908,782,469,1,0.0041796146
Warm B,463021,2857,2856,782,469,0,0.011238105
Warm B,460177,2840,2839,782,469,0,0.01338003
Warm B,457634,2820,2819,782,469,0,0.00026254577
Warm B,453472,2793,2792,782,469,1,0.018031115
Warm B,450533,2777,2776,782,469,0,0.0073748976
Warm B,564140,3471,3470,782,469,0,0.010712117
Warm B,439547,2685,2684,782,469,0,0.007936679
Warm B,420149,2540,2539,782,469,1,0.006720241
Warm B,404363,2419,2418,782,469,0,0.008904764
Warm B,398918,2376,2375,782,469,0,0.009622753
Warm B,386929,2263,2262,782,469,1,0.0063176285
Warm B,385025,2250,2249,782,469,0,-0.001985103
Warm B,362689,2116,2115,782,469,0,0.0018275147
Warm B,350079,2055,2054,782,469,0,0.0043839924
Warm B,361395,2109,2108,782,469,0,0.006457383
Warm B,330920,1954,1953,782,469,0,0.0051424378
Warm B,300901,1785,1784,782,469,0,0.0032064277
Warm B,378295,2208,2207,782,469,0,0.015989218
Warm B,295929,1757,1756,782,469,1,0.0021814383
Warm B,274969,1666,1665,782,469,0,0.008381521
Warm B,260594,1593,1592,782,469,0,0.005354332
Warm B,261571,1599,1598,782,469,1,0.007519095
Warm B,242593,1465,1464,782,469,1,0.0051812665
Warm B,277395,1676,1675,782,469,0,-0.0027826992
Warm B,591719,3610,3609,782,469,0,0.0065437783
Warm B,250296,1509,1508,782,469,0,0.005130192
Warm B,209956,1284,1283,782,469,0,0.008499427
Warm B,278609,1680,1679,782,469,1,0.010189065
Warm B,342173,2015,2014,782,469,0,0.009905603
Warm B,327579,1941,1940,782,469,0,0.01121515
Warm B,183857,1146,1145,782,469,0,0.005376364
Warm B,175307,1112,1111,782,469,0,0.009869013
Warm B,170189,1084,1083,782,469,0,0.00027892878
Warm B,145217,935,934,782,469,0,0.009366108
Warm B,131715,854,853,782,469,0,0.0038214214
Warm B,351373,2063,2062,782,469,0,0.015891723
Warm B,114694,746,745,782,469,0,0.008461373
Warm B,120237,777,776,782,469,0,0.0095790485
Warm B,105847,699,698,782,469,0,0.020192116
Warm B,115835,752,751,782,469,0,0.006783658
Warm B,103287,687,686,782,469,0,-0.0056270203
Warm B,299424,1778,1777,782,469,0,0.0018631718
Warm B,110563,721,720,782,469,0,0.01266043
Warm B,631331,3821,3820,782,469,0,0.0063801915
Warm B,190379,1181,1180,782,469,0,0.007853273
Warm B,77175,524,523,782,469,0,0.007670447
Warm B,79985,533,532,782,469,0,0.011198162
Warm B,68533,461,460,782,469,0,0.006395891
Warm B,70056,474,473,782,469,0,0.0027479338
Warm B,71758,482,481,782,469,0,0.009428968
Warm B,238569,1448,1447,782,469,1,0.007719561
Warm B,221073,1340,1339,782,469,0,0.010555553
Warm B,219025,1329,1328,782,469,0,0.0037873313
Warm B,9149,62,61,782,469,0,0.00091011263
Warm B,626485,3792,3791,782,469,1,0.006372752
Warm B,552063,3401,3400,782,469,0,0.007128385
Warm B,150385,970,969,782,469,0,0.009188885
Warm B,237599,1447,1446,782,469,0,0.019841813
Warm B,697042,4169,4168,782,469,0,0.021728132
Warm B,682150,4085,4084,782,469,1,-0.001631557
Warm B,264915,1611,1610,782,469,0,0.013798699
Warm B,599023,3648,3647,782,469,0,-0.00045884936
Warm B,215395,1306,1305,782,469,0,0.008333765
Warm B,136258,881,880,782,469,0,0.0069973064
Warm B,324847,1925,1924,782,469,0,0.007151462
Warm B,272632,1647,1646,782,469,0,0.011742439
Warm B,331293,1958,1957,782,469,0,0.01835436
Warm B,974530,5878,5877,782,469,0,0.0053274827
Warm B,374079,2181,2180,801,478,0,0.020633794
Warm B,355967,2085,2084,801,478,1,0.0064645624
Warm B,361636,2109,2108,801,478,0,0.024993304
Warm B,345106,2024,2023,801,478,0,0.0050884723
Warm B,398602,2372,2371,801,478,1,0.012641331
Warm B,340644,2010,2009,801,478,0,0.015327887
Warm B,333842,1969,1968,801,478,0,0.006660862
Warm B,286261,1709,1708,801,478,1,0.0077898754
Warm B,268526,1631,1630,801,478,0,0.0037024212
Warm B,360779,2106,2105,801,478,0,0.010046808
Warm B,236380,1434,1433,801,478,1,-0.0006808602
Warm B,247327,1495,1494,801,478,0,0.0057212743
Warm B,222745,1348,1347,801,478,1,0.011932382
Warm B,320098,1899,1898,801,478,0,0.0074488544
Warm B,220849,1339,1338,801,478,0,0.010366124
Warm B,283537,1697,1696,801,478,1,0.008496964
Warm B,205319,1263,1262,801,478,0,0.020528873
Warm B,213461,1298,1297,801,478,0,0.00895908
Warm B,279259,1680,1679,801,478,1,0.012657674
Warm B,198812,1221,1220,801,478,1,0.010785267
Warm B,212475,1294,1293,801,478,1,0.00096320827
Warm B,183210,1141,1140,801,478,1,0.013462037
Warm B,178123,1120,1119,801,478,1,0.002869034
Warm B,172634,1094,1093,801,478,0,0.00511788
Warm B,172877,1096,1095,801,478,0,0.0022962042
Warm B,272195,1645,1644,801,478,1,0.012325097
Warm B,153673,987,986,801,478,1,0.00046296068
Warm B,165462,1054,1053,801,478,0,0.01287344
Warm B,249245,1502,1501,801,478,0,-0.0033990084
Warm B,149596,963,962,801,478,0,0.010783503
Warm B,136592,881,880,801,478,0,0.012040399
Warm B,263330,1605,1604,801,478,1,0.01115393
Warm B,116837,753,752,801,478,0,0.006695439
Warm B,112475,731,730,801,478,1,0.019211518
Warm B,94933,637,636,801,478,0,0.01719329
Warm B,234978,1425,1424,801,478,0,0.0069355983
Warm B,93789,629,628,801,478,1,-0.0015037956
Warm B,92212,614,613,801,478,1,-0.0030583167
Warm B,86638,566,565,801,478,0,0.009627957
Warm B,84181,550,549,801,478,0,0.019992515
Warm B,73110,494,493,801,478,1,0.0022117598
Warm B,46355,310,309,801,478,1,0.005575736
Warm B,10425,75,74,801,478,1,0.0055968566
Warm B,79397,531,530,801,478,0,0.009026694
Warm B,206870,1266,1265,801,478,0,0.011539438
Warm B,19121,148,147,801,478,1,-0.0010424824
Warm B,922677,5571,5570,801,478,0,0.0041736327
Warm B,552353,3401,3400,801,478,0,0.019637376
Warm B,386072,2258,2257,801,478,0,0.0020236678
Warm B,363033,2116,2115,801,478,0,0.013340701
Warm B,328130,1941,1940,801,478,0,0.012667551
Warm B,413739,2489,2488,801,478,1,0.013904861
Warm B,144918,934,933,801,478,0,0.0145335095
Warm B,489616,3013,3012,801,478,1,0.003953602
Warm B,134276,869,868,801,478,0,0.0022079481
Warm B,717091,4294,4293,801,478,0,0.0051276404
Warm B,370997,2168,2167,801,478,0,0.010731313
Warm B,206343,1265,1264,801,478,1,0.00066127535
Warm B,171640,1088,1087,801,478,0,0.012686269
Warm B,468433,2887,2886,801,478,0,0.0037785736
Warm B,351848,2063,2062,801,478,0,0.015103453
Warm B,340653,2010,2009,809,482,0,0.001657238
Warm B,337028,1983,1982,809,482,0,0.0070105456
Warm B,297502,1764,1763,809,482,0,-0.0004869341
Warm B,292328,1741,1740,809,482,0,0.008007656
Warm B,358243,2097,2096,809,482,0,-0.0028370973
Warm B,253085,1537,1536,809,482,0,-0.0009740088
Warm B,299638,1778,1777,809,482,0,0.005911917
Warm B,248099,1497,1496,809,482,0,0.0043017976
Warm B,360789,2106,2105,809,482,0,0.0014319662
Warm B,356840,2090,2089,809,482,0,-0.003759504
Warm B,233069,1418,1417,809,482,0,0.0014753881
Warm B,262236,1600,1599,809,482,0,0.016486747
Warm B,243963,1470,1469,809,482,0,0.00014496269
Warm B,320787,1902,1901,809,482,0,-0.013468118
Warm B,202503,1244,1243,809,482,0,0.00480125
Warm B,277705,1676,1675,809,482,0,0.0043361452
Warm B,186359,1152,1151,809,482,0,0.006714669
Warm B,186123,1151,1150,809,482,0,-0.0064643854
Warm B,203097,1246,1245,809,482,0,0.0075600613
Warm B,160626,1020,1019,809,482,0,-0.0077878004
Warm B,167867,1068,1067,809,482,0,0.0027369396
Warm B,154868,999,998,809,482,0,0.0023665228
Warm B,134288,869,868,809,482,0,0.0030526402
Warm B,114855,746,745,809,482,0,-0.0039593624
Warm B,240098,1449,1448,809,482,0,0.002090807
Warm B,106074,699,698,809,482,0,0.0023807732
Warm B,480146,2946,2945,809,482,0,0.001158285
Warm B,150600,970,969,809,482,0,0.0047685113
Warm B,81685,543,542,809,482,1,-0.005805658
Warm B,77540,524,523,809,482,0,0.0065225787
Warm B,86645,566,565,809,482,0,0.009910654
Warm B,70787,476,475,809,482,1,-0.002840559
Warm B,58366,394,393,809,482,0,-0.0051906235
Warm B,50809,335,334,809,482,0,-0.00047896383
Warm B,145350,935,934,809,482,0,0.0013111015
Warm B,40185,272,271,809,482,0,0.0032552548
Warm B,29009,199,198,809,482,0,0.0066690836
Warm B,26947,192,191,809,482,0,-0.008472048
Warm B,31168,210,209,809,482,0,0.01216206
Warm B,22281,163,162,809,482,0,0.004382297
Warm B,567482,3483,3482,809,482,0,-0.0006286877
Warm B,342483,2015,2014,809,482,0,0.001337257
Warm B,266406,1616,1615,809,482,0,0.008408759
Warm B,599266,3648,3647,809,482,1,0.010334046
Warm B,941709,5682,5681,809,482,0,0.010271878
Warm B,378375,2208,2207,810,483,0,0.0071652625
Warm B,436447,2665,2664,810,483,0,0.008976815
Warm B,351875,2063,2062,810,483,0,0.0065039657
Warm B,361654,2109,2108,810,483,0,0.018353947
Warm B,341603,2012,2011,810,483,0,0.0141656175
Warm B,340659,2010,2009,810,483,0,0.0057098204
Warm B,314489,1878,1877,810,483,0,0.008964003
Warm B,300727,1781,1780,810,483,0,0.0060145203
Warm B,296072,1757,1756,810,483,0,0.0033750287
Warm B,297510,1764,1763,810,483,0,0.010842911
Warm B,288107,1721,1720,810,483,0,0.014175207
Warm B,264620,1609,1608,810,483,0,0.015869848
Warm B,309290,1841,1840,810,483,0,0.00018156879
Warm B,248395,1499,1498,810,483,0,-0.0014765788
Warm B,338869,1996,1995,810,483,0,0.017191734
Warm B,360797,2106,2105,810,483,0,0.009463929
Warm B,236385,1434,1433,810,483,0,0.008911712
Warm B,224171,1356,1355,810,483,0,0.005083418
Warm B,269968,1635,1634,810,483,0,0.011017574
Warm B,216043,1311,1310,810,483,0,0.0084166415
Warm B,272950,1647,1646,810,483,0,0.008697216
Warm B,261769,1599,1598,810,483,0,0.0077011483
Warm B,303875,1805,1804,810,483,0,0.008136528
Warm B,279293,1680,1679,810,483,0,0.013759851
Warm B,243973,1470,1469,810,483,0,0.023083165
Warm B,219873,1333,1332,810,483,0,-3.8724393e-06
Warm B,342490,2015,2014,810,483,0,0.013869622
Warm B,188427,1169,1168,810,483,0,0.020065524
Warm B,186361,1152,1151,810,483,0,0.014799306
Warm B,172880,1096,1095,810,483,0,0.009158556
Warm B,272207,1645,1644,810,483,0,0.009602523
Warm B,363945,2120,2119,810,483,0,0.01012641
Warm B,337032,1983,1982,810,483,0,0.010559915
Warm B,165465,1054,1053,810,483,0,0.009936038
Warm B,323414,1917,1916,810,483,0,0.0049000545
Warm B,156889,1010,1009,810,483,0,0.014015909
Warm B,134299,869,868,810,483,0,0.013444394
Warm B,126593,817,816,810,483,0,0.012817474
Warm B,116840,753,752,810,483,0,-0.00070635614
Warm B,110366,720,719,810,483,0,0.0057418114
Warm B,107981,710,709,810,483,0,0.014984855
Warm B,118378,765,764,810,483,0,0.0026058727
Warm B,110833,721,720,810,483,0,0.011428423
Warm B,87539,572,571,810,483,0,-0.0014141575
Warm B,86131,563,562,810,483,0,0.009194674
Warm B,81692,543,542,810,483,0,0.0057523125
Warm B,299644,1778,1777,810,483,0,0.007639286
Warm B,70795,476,475,810,483,1,0.009374643
Warm B,64953,436,435,810,483,0,0.006076806
Warm B,67454,453,452,810,483,0,0.011705944
Warm B,65368,438,437,810,483,0,0.010039358
Warm B,291418,1737,1736,810,483,0,0.0011400685
Warm B,255528,1556,1555,810,483,0,0.01840239
Warm B,954318,5761,5760,810,483,0,0.009352144
Warm B,11819,92,91,810,483,0,0.01380929
Warm B,27821,195,194,810,483,0,0.015189936
Warm B,717092,4294,4293,810,483,0,0.010542899
Warm B,171662,1088,1087,810,483,0,0.017205665
Warm B,206352,1265,1264,810,483,0,0.0013354449
Warm B,310695,1851,1850,810,483,0,0.0039065583
Warm B,617084,3735,3734,818,484,0,0.007311668
Warm B,537174,3311,3310,818,484,0,0.0059617897
Warm B,536026,3308,3307,818,484,1,0.005625811
Warm B,561594,3454,3453,818,484,0,1.779612e-05
Warm B,525641,3246,3245,818,484,0,0.0014509051
Warm B,562599,3462,3461,818,484,0,0.017022263
Warm B,508642,3129,3128,818,484,0,0.005177642
Warm B,574772,3518,3517,818,484,0,0.008560027
Warm B,502154,3082,3081,818,484,0,0.0019372263
Warm B,738442,4411,4410,818,484,0,0.014929593
Warm B,493397,3031,3030,818,484,1,0.00457953
Warm B,870491,5256,5255,818,484,0,0.012679201
Warm B,467635,2882,2881,818,484,0,0.0033594526
Warm B,469986,2895,2894,818,484,0,0.0074037025
Warm B,456469,2810,2809,818,484,0,0.006460893
Warm B,450284,2776,2775,818,484,0,0.00038700033
Warm B,438839,2681,2680,818,484,0,0.0053175827
Warm B,434741,2652,2651,818,484,0,0.005752395
Warm B,450881,2777,2776,818,484,0,0.0021554593
Warm B,425529,2582,2581,818,484,0,0.005786602
Warm B,420477,2541,2540,818,484,0,0.012950545
Warm B,419279,2533,2532,818,484,0,-0.0035543854
Warm B,411337,2469,2468,818,484,0,-0.004711806
Warm B,404553,2419,2418,818,484,0,0.00024871423
Warm B,399505,2378,2377,818,484,0,0.00021750829
Warm B,398835,2375,2374,818,484,0,0.0012217073
Warm B,390010,2288,2287,818,484,0,0.004596687
Warm B,385296,2251,2250,818,484,0,0.005881601
Warm B,382484,2235,2234,818,484,0,0.00016700127
Warm B,368383,2153,2152,818,484,0,1.3728859e-06
Warm B,355971,2085,2084,818,484,1,-0.00034328818
Warm B,436451,2665,2664,818,484,0,-0.00060794933
Warm B,340660,2010,2009,818,484,0,0.0056551327
Warm B,350977,2060,2059,818,484,1,-0.0017457632
Warm B,290791,1735,1734,818,484,0,0.0019342105
Warm B,299646,1778,1777,818,484,0,0.006968172
Warm B,310123,1845,1844,818,484,0,-0.0017560002
Warm B,297514,1764,1763,818,484,0,0.0005146521
Warm B,323849,1920,1919,818,484,0,0.004640291
Warm B,259483,1587,1586,818,484,0,0.0017985315
Warm B,284203,1698,1697,818,484,0,0.009285162
Warm B,276249,1671,1670,818,484,0,0.00393434
Warm B,212914,1297,1296,818,484,0,0.0008612091
Warm B,277718,1676,1675,818,484,0,0.004553439
Warm B,261772,1599,1598,818,484,0,0.010650121
Warm B,279304,1680,1679,818,484,1,0.010596699
Warm B,198817,1221,1220,818,484,0,0.0023686741
Warm B,213475,1298,1297,818,484,1,0.008185288
Warm B,193199,1193,1192,818,484,0,0.009175909
Warm B,188429,1169,1168,818,484,1,0.003779723
Warm B,210979,1285,1284,818,484,0,0.0050045876
Warm B,181724,1136,1135,818,484,0,0.007902925
Warm B,173678,1100,1099,818,484,0,0.002964973
Warm B,172882,1096,1095,818,484,0,-0.0011222175
Warm B,328166,1941,1940,818,484,1,0.0056890687
Warm B,163843,1050,1049,818,484,0,0.0016831238
Warm B,162594,1037,1036,818,484,0,0.0012073377
Warm B,161852,1032,1031,818,484,0,0.000705771
Warm B,159592,1018,1017,818,484,0,-0.0023248494
Warm B,167875,1068,1067,818,484,0,0.005132646
Warm B,164580,1051,1050,818,484,1,0.00328309
Warm B,156894,1010,1009,818,484,0,0.0051112473
Warm B,380295,2223,2222,818,484,0,0.009136142
Warm B,135639,877,876,818,484,1,0.014311977
Warm B,263356,1605,1604,818,484,0,0.010250795
Warm B,124255,800,799,818,484,0,0.0052590366
Warm B,178143,1120,1119,818,484,1,0.008120103
Warm B,360800,2106,2105,818,484,0,0.0004740926
Warm B,119273,770,769,818,484,0,0.007302691
Warm B,112490,731,730,818,484,1,0.0028359268
Warm B,216427,1314,1313,818,484,0,0.001763245
Warm B,106078,699,698,818,484,0,0.0015294971
Warm B,96421,647,646,818,484,1,0.0027769515
Warm B,631588,3821,3820,818,484,0,0.0022194227
Warm B,153676,987,986,818,484,1,0.002991664
Warm B,89794,591,590,818,484,0,-0.0048659756
Warm B,190970,1181,1180,818,484,0,0.010403223
Warm B,101389,676,675,818,484,0,0.011564206
Warm B,74855,509,508,818,484,0,0.004801764
Warm B,68732,461,460,818,484,0,0.006359062
Warm B,70171,474,473,818,484,1,0.0029657169
Warm B,65370,438,437,818,484,0,0.008892459
Warm B,57067,386,385,818,484,0,-0.0011070648
Warm B,52430,346,345,818,484,1,0.012643078
Warm B,47178,319,318,818,484,0,0.0046638045
Warm B,44174,302,301,818,484,1,0.008128427
Warm B,43288,297,296,818,484,0,0.012307788
Warm B,43791,301,300,818,484,0,0.0107616335
Warm B,31727,216,215,818,484,0,0.012168552
Warm B,291422,1737,1736,818,484,0,0.01005838
Warm B,22955,166,165,818,484,0,0.009616722
Warm B,17374,136,135,818,484,1,0.0030091759
Warm B,234990,1425,1424,818,484,0,0.0053100716
Warm B,49103,329,328,818,484,0,0.0040485975
Warm B,9765,66,65,818,484,0,0.0093262335
Warm B,3443,26,25,818,484,0,0.0068417154
Warm B,6586,48,47,818,484,0,0.0050047673
Warm B,2606,22,21,818,484,1,0.011178423
Warm B,79421,531,530,818,484,0,0.012692131
Warm B,354935,2077,2076,818,484,1,0.007693198
Warm B,552369,3401,3400,818,484,0,0.0034028322
Warm B,893324,5394,5393,818,484,0,0.014155214
Warm B,237940,1447,1446,818,484,0,0.0045461254
Warm B,954319,5761,5760,818,484,1,0.0124916565
Warm B,326106,1930,1929,818,484,0,0.0026672685
Warm B,363051,2116,2115,818,484,0,-0.0010487013
Warm B,57854,392,391,818,484,0,0.0019554396
Warm B,829127,4979,4978,818,484,0,-0.0013945231
Warm B,272211,1645,1644,818,484,1,0.0011973953
Warm B,102285,678,677,818,484,0,0.007689397
Warm B,331629,1958,1957,818,484,0,-0.00021494809
Warm B,599277,3648,3647,818,484,0,0.0066229887
Warm B,116235,752,751,818,484,0,0.01237544
Warm B,139186,890,889,818,484,0,-0.004325063
Warm B,195466,1203,1202,818,484,0,0.005122993
Warm B,879359,5312,5311,818,484,1,0.008427906
Warm B,134305,869,868,818,484,1,0.0064752847
Warm B,335937,1980,1979,818,484,0,0.003942882
Warm B,251156,1516,1515,818,484,0,-0.0003276969
Warm B,717093,4294,4293,818,484,0,0.004517624
Warm B,322388,1912,1911,818,484,0,0.0074549853
Warm B,479760,2944,2943,818,484,1,0.00042126526
Warm B,501316,3080,3079,818,484,0,-0.0021647078
Warm B,342497,2015,2014,818,484,0,-3.9845996e-05
Warm B,537949,3312,3311,818,484,0,0.0051830444
Warm B,272956,1647,1646,818,484,1,0.008381026
Warm B,193668,1194,1193,818,484,0,0.0027588068
Warm B,639132,3842,3841,818,484,0,0.00017425301
Warm B,550180,3391,3390,818,484,1,0.0005454456
Warm B,456475,2810,2809,829,485,0,0.0067116385
Warm B,443455,2734,2733,829,485,0,0.00044224074
Warm B,442410,2724,2723,829,485,1,0.008778505
Warm B,790761,4728,4727,829,485,0,0.0062590037
Warm B,430086,2621,2620,829,485,0,-0.0003419728
Warm B,420481,2541,2540,829,485,0,0.0026044757
Warm B,404562,2419,2418,829,485,0,0.013999025
Warm B,399509,2378,2377,829,485,0,-0.0035066386
Warm B,392221,2304,2303,829,485,0,0.010422517
Warm B,351895,2063,2062,829,485,0,0.013392076
Warm B,358897,2100,2099,829,485,1,0.0056059114
Warm B,341612,2012,2011,829,485,0,0.007757509
Warm B,340668,2010,2009,829,485,0,-0.001037213
Warm B,281286,1687,1686,829,485,0,-0.0032733548
Warm B,286268,1709,1708,829,485,1,0.0015491957
Warm B,268537,1631,1630,829,485,0,0.0075518456
Warm B,265799,1613,1612,829,485,0,0.004843184
Warm B,296814,1759,1758,829,485,1,-0.0023620967
Warm B,212922,1297,1296,829,485,0,0.0034381347
Warm B,277726,1676,1675,829,485,0,-0.004724925
Warm B,591986,3610,3609,829,485,0,-0.0046946565
Warm B,213481,1298,1297,829,485,0,0.0021741185
Warm B,196529,1207,1206,829,485,0,0.0071912436
Warm B,328177,1941,1940,829,485,0,0.011586219
Warm B,188988,1172,1171,829,485,0,0.0070007057
Warm B,179608,1125,1124,829,485,0,0.002926705
Warm B,173684,1100,1099,829,485,0,0.00022191368
Warm B,172889,1096,1095,829,485,0,0.010181812
Warm B,189375,1173,1172,829,485,0,0.0077800257
Warm B,155890,1004,1003,829,485,1,0.00090487214
Warm B,249254,1502,1501,829,485,0,0.0047939857
Warm B,138348,889,888,829,485,0,0.008944731
Warm B,136613,881,880,829,485,0,0.005986397
Warm B,135645,877,876,829,485,0,0.0057136025
Warm B,128770,836,835,829,485,0,0.0031412903
Warm B,360811,2106,2105,829,485,0,0.007530188
Warm B,234997,1425,1424,829,485,0,0.009605607
Warm B,223563,1354,1353,829,485,1,0.007221096
Warm B,120427,777,776,829,485,0,0.011879841
Warm B,110368,720,719,829,485,0,0.00086928054
Warm B,121156,780,779,829,485,1,0.008684228
Warm B,90675,601,600,829,485,0,0.0005101955
Warm B,76918,522,521,829,485,0,0.008575311
Warm B,70176,474,473,829,485,0,0.003985266
Warm B,65374,438,437,829,485,1,-0.007385649
Warm B,251158,1516,1515,829,485,0,0.0072762417
Warm B,74864,509,508,829,485,0,0.018199
Warm B,57867,392,391,829,485,0,0.0052129356
Warm B,47189,319,318,829,485,0,0.010468711
Warm B,45154,305,304,829,485,0,-0.004126882
Warm B,55474,368,367,829,485,0,0.004524197
Warm B,269976,1635,1634,829,485,0,0.005118401
Warm B,22302,163,162,829,485,0,0.013765106
Warm B,27853,195,194,829,485,1,0.0021882625
Warm B,14332,117,116,829,485,0,0.0022529867
Warm B,49122,329,328,829,485,0,0.0024827723
Warm B,7467,53,52,829,485,1,0.0077573126
Warm B,6606,48,47,829,485,0,-0.0012880346
Warm B,172457,1092,1091,829,485,0,0.0036680123
Warm B,697402,4169,4168,829,485,1,0.013673566
Warm B,265117,1611,1610,829,485,0,0.004548754
Warm B,11837,92,91,829,485,1,0.004962886
Warm B,618309,3746,3745,829,485,0,0.0073995716
Warm B,964485,5812,5811,829,485,0,0.02053206
Warm B,161350,1029,1028,829,485,0,0.009710052
Warm B,129957,840,839,829,485,0,0.006886581
Warm B,45738,308,307,829,485,0,0.005129818
Warm B,454611,2796,2795,829,485,0,2.9728748e-05
Warm B,134312,869,868,829,485,0,0.0033327765
Warm B,717095,4294,4293,829,485,0,0.00064186053
Warm B,342507,2015,2014,829,485,0,0.0062474986
Warm B,65384,438,437,833,488,0,0.0047727665
Warm B,251164,1516,1515,833,488,0,0.0036924253
Warm B,697413,4169,4168,833,488,0,0.0006401227
Warm B,54341,355,354,833,488,0,-0.0037034967
Warm B,299983,1779,1778,833,488,0,-0.006681844
Warm B,235006,1425,1424,833,488,0,-0.0030868854
Warm B,35728,242,241,833,488,0,-0.007378551
Warm B,49146,329,328,833,488,0,-0.00092281273
Warm B,2645,22,21,833,488,0,-0.003657055
Warm B,354956,2077,2076,833,488,0,0.003484087
Warm B,626814,3792,3791,833,488,0,-0.00039564952
Warm B,42678,293,292,833,488,0,0.0033542635
Warm B,893334,5394,5393,833,488,0,0.0017418098
Warm B,237966,1447,1446,833,488,0,0.0016136845
Warm B,371017,2168,2167,833,488,0,-0.00089057256
Warm B,363074,2116,2115,833,488,0,-0.0025894046
Warm B,342524,2015,2014,833,488,0,0.0042642388
Warm B,272981,1647,1646,833,488,0,-0.003160031
Warm B,496502,3051,3050,835,489,0,0.0047054845
Warm B,984425,5949,5948,835,489,1,0.003709864
Warm B,494200,3032,3031,835,489,1,-0.00045650895
Warm B,478103,2934,2933,835,489,1,0.008196691
Warm B,457365,2818,2817,835,489,0,0.004143568
Warm B,453791,2793,2792,835,489,1,-0.00010938995
Warm B,564452,3471,3470,835,489,0,0.003063735
Warm B,433646,2643,2642,835,489,0,0.0076749097
Warm B,404019,2414,2413,835,489,1,-0.005268003
Warm B,401897,2398,2397,835,489,0,-0.0036428892
Warm B,392232,2304,2303,835,489,0,0.0051260777
Warm B,375327,2187,2186,835,489,1,0.012154066
Warm B,373190,2179,2178,835,489,1,-0.0036583208
Warm B,375606,2188,2187,835,489,0,-0.009231498
Warm B,368394,2153,2152,835,489,1,0.0061753904
Warm B,274405,1658,1657,835,489,0,0.0062130326
Warm B,242833,1465,1464,835,489,0,0.005704623
Warm B,308667,1837,1836,835,489,0,0.0152507145
Warm B,279353,1680,1679,835,489,0,0.010092631
Warm B,261784,1599,1598,835,489,0,0.0058838027
Warm B,177581,1119,1118,835,489,0,-0.0072325165
Warm B,168477,1069,1068,835,489,0,0.0014676858
Warm B,323861,1920,1919,835,489,1,0.011241222
Warm B,156921,1010,1009,835,489,0,-0.004287526
Warm B,351919,2063,2062,835,489,0,0.00020737329
Warm B,94963,637,636,835,489,0,0.0065124077
Warm B,332687,1962,1961,835,489,0,0.0057068304
Warm B,631610,3821,3820,835,489,0,-0.00023333449
Warm B,238994,1448,1447,835,489,1,0.0040766513
Warm B,63704,425,424,835,489,1,0.009203809
Warm B,360830,2106,2105,835,489,0,-0.00050208345
Warm B,51080,337,336,835,489,1,0.016516684
Warm B,132503,855,854,835,489,0,0.006875806
Warm B,33866,229,228,835,489,1,-0.0007694084
Warm B,33076,224,223,835,489,0,0.0045132586
Warm B,6621,48,47,835,489,0,-0.00060376106
Warm B,206910,1266,1265,835,489,0,0.0063488935
Warm B,42682,293,292,835,489,1,0.0048068594
Warm B,179619,1125,1124,835,489,0,-0.00040605478
Warm B,499471,3067,3066,835,489,1,0.010433995
Warm B,371699,2172,2171,835,489,0,0.008132646
Warm B,974627,5878,5877,835,489,0,0.0013832785
Warm B,720488,4312,4311,835,489,0,0.0059876293
Warm B,537199,3311,3310,839,493,0,0.006340594
Warm B,528210,3265,3264,839,493,0,0.011913809
Warm B,531059,3280,3279,839,493,0,0.0043786773
Warm B,635894,3833,3832,839,493,0,0.007319874
Warm B,515512,3182,3181,839,493,0,0.0026330552
Warm B,554829,3412,3411,839,493,1,0.0007372646
Warm B,575380,3519,3518,839,493,0,0.008268353
Warm B,496503,3051,3050,839,493,0,0.0036097707
Warm B,494203,3032,3031,839,493,1,0.008759001
Warm B,541408,3331,3330,839,493,0,-0.0017599617
Warm B,487913,3001,3000,839,493,0,0.0037308831
Warm B,473699,2909,2908,839,493,1,0.0051144166
Warm B,468107,2886,2885,839,493,0,0.0033198632
Warm B,463347,2857,2856,839,493,0,0.0071344636
Warm B,415070,2498,2497,839,493,0,0.0035569035
Warm B,408250,2453,2452,839,493,0,0.0015300871
Warm B,406971,2445,2444,839,493,0,0.011274297
Warm B,392234,2304,2303,839,493,0,0.012579243
Warm B,375117,2186,2185,839,493,0,-0.0009091431
Warm B,373459,2180,2179,839,493,1,0.01307114
Warm B,367928,2148,2147,839,493,0,0.01070215
Warm B,351922,2063,2062,839,493,0,0.006355274
Warm B,361678,2109,2108,839,493,0,0.0003896614
Warm B,371700,2172,2171,839,493,0,0.008725241
Warm B,306081,1822,1821,839,493,0,0.002057689
Warm B,285656,1702,1701,839,493,1,0.00012262666
Warm B,288902,1726,1725,839,493,0,0.0045805043
Warm B,269055,1632,1631,839,493,0,-0.0047822436
Warm B,269987,1635,1634,839,493,0,0.0029364794
Warm B,265811,1613,1612,839,493,0,0.0063926335
Warm B,233077,1418,1417,839,493,0,0.015097327
Warm B,224189,1356,1355,839,493,0,-0.0050764307
Warm B,261785,1599,1598,839,493,0,0.007926807
Warm B,172645,1094,1093,839,493,1,0.0014609298
Warm B,175559,1112,1111,839,493,0,0.0143236155
Warm B,161563,1030,1029,839,493,1,0.0048684655
Warm B,154880,999,998,839,493,0,0.011662601
Warm B,156924,1010,1009,839,493,0,0.00643053
Warm B,276999,1675,1674,839,493,0,0.007400083
Warm B,136629,881,880,839,493,0,0.008652113
Warm B,202520,1244,1243,839,493,0,-0.0044191033
Warm B,121872,785,784,839,493,1,0.023407076
Warm B,223575,1354,1353,839,493,0,0.010094295
Warm B,267224,1624,1623,839,493,0,0.008564398
Warm B,887146,5359,5358,839,493,0,0.012875643
Warm B,84230,550,549,839,493,0,0.01082743
Warm B,72691,488,487,839,493,0,-0.00061024097
Warm B,81714,543,542,839,493,0,0.0046025626
Warm B,75462,513,512,839,493,0,0.007510792
Warm B,74869,509,508,839,493,0,0.009429368
Warm B,344124,2020,2019,839,493,0,0.0052621136
Warm B,41655,284,283,839,493,0,0.0069558034
Warm B,37980,260,259,839,493,0,0.0034216172
Warm B,31174,210,209,839,493,1,-0.008985183
Warm B,22318,163,162,839,493,0,0.008176754
Warm B,21011,152,151,839,493,1,0.0008541739
Warm B,12238,93,92,839,493,0,0.011197392
Warm B,2046,18,17,839,493,0,0.0025368906
Warm B,164609,1051,1050,839,493,0,0.0017971816
Warm B,109822,716,715,839,493,1,0.010681952
Warm B,139195,890,889,839,493,0,-0.0006586602
Warm B,27881,195,194,839,493,0,-0.001332589
Warm B,265125,1611,1610,839,493,0,0.004543958
Warm B,599290,3648,3647,839,493,0,-0.006845531
Warm B,102313,678,677,839,493,0,0.0057265465
Warm B,206914,1266,1265,839,493,0,0.015994042
Warm B,95459,639,638,839,493,0,0.022231178
Warm B,145816,937,936,839,493,0,0.007542565
Warm B,429164,2611,2610,839,493,0,0.0014956774
Warm B,72089,482,481,839,493,0,0.013300445
Warm B,537966,3312,3311,839,493,0,0.010672392
Warm B,300386,1780,1779,839,493,0,0.007608094
Warm B,461528,2847,2846,839,493,0,0.007781519
Warm B,790767,4728,4727,839,493,0,0.012824062
Warm B,974630,5878,5877,839,493,0,0.009376944
Warm B,550231,3391,3390,842,494,0,-0.00087127986
Warm B,537216,3311,3310,842,494,0,0.0073793596
Warm B,509840,3140,3139,842,494,0,0.0067863297
Warm B,507990,3126,3125,842,494,0,0.004560016
Warm B,507251,3121,3120,842,494,0,0.012431748
Warm B,497671,3055,3054,842,494,0,0.013744998
Warm B,494218,3032,3031,842,494,1,0.006658309
Warm B,517902,3196,3195,842,494,0,6.647641e-05
Warm B,477196,2929,2928,842,494,0,0.010728683
Warm B,471643,2901,2900,842,494,1,0.004014115
Warm B,473721,2909,2908,842,494,0,0.007892499
Warm B,441291,2702,2701,842,494,0,0.009635007
Warm B,430098,2621,2620,842,494,0,0.0024103075
Warm B,426512,2590,2589,842,494,0,0.0012905659
Warm B,414625,2496,2495,842,494,0,0.005318923
Warm B,409664,2457,2456,842,494,0,0.0056647095
Warm B,406451,2438,2437,842,494,0,0.019786432
Warm B,397207,2352,2351,842,494,0,0.0021709471
Warm B,374132,2181,2180,842,494,0,0.01833535
Warm B,368634,2155,2154,842,494,1,0.008919887
Warm B,368404,2153,2152,842,494,1,0.0117754955
Warm B,351943,2063,2062,842,494,0,0.009126052
Warm B,350989,2060,2059,842,494,1,-0.0017915762
Warm B,340696,2010,2009,842,494,0,0.0045421086
Warm B,323512,1919,1918,842,494,1,0.0045393193
Warm B,300737,1781,1780,842,494,1,0.0056917765
Warm B,330413,1950,1949,842,494,1,0.011774548
Warm B,297542,1764,1763,842,494,0,0.0033118376
Warm B,303550,1803,1802,842,494,0,-0.0010599063
Warm B,288291,1722,1721,842,494,1,-0.00323324
Warm B,279384,1680,1679,842,494,0,0.018625816
Warm B,277011,1675,1674,842,494,0,0.009587937
Warm B,277752,1676,1675,842,494,0,0.009088702
Warm B,273729,1650,1649,842,494,0,0.006279203
Warm B,271479,1641,1640,842,494,0,0.004067131
Warm B,392251,2304,2303,842,494,0,0.0107293
Warm B,309300,1841,1840,842,494,0,0.009426974
Warm B,247744,1496,1495,842,494,0,-0.00018758886
Warm B,234592,1424,1423,842,494,0,0.004662416
Warm B,358248,2097,2096,842,494,1,0.0037805745
Warm B,231127,1399,1398,842,494,0,0.0032343958
Warm B,221820,1341,1340,842,494,1,0.003989555
Warm B,273001,1647,1646,842,494,0,0.013363546
Warm B,350329,2056,2055,842,494,0,0.007918806
Warm B,200900,1237,1236,842,494,0,0.0025594402
Warm B,314494,1878,1877,842,494,1,0.010700079
Warm B,328229,1941,1940,842,494,0,0.0016314918
Warm B,189000,1172,1171,842,494,0,0.009124698
Warm B,184025,1146,1145,842,494,0,0.012350173
Warm B,175572,1112,1111,842,494,0,0.010430688
Warm B,159304,1017,1016,842,494,0,0.00462378
Warm B,134340,869,868,842,494,1,0.012869039
Warm B,138391,889,888,842,494,0,0.011033146
Warm B,126613,817,816,842,494,1,0.0053790077
Warm B,125570,808,807,842,494,0,0.0073940028
Warm B,114094,741,740,842,494,0,0.0021530306
Warm B,107521,709,708,842,494,0,0.004074632
Warm B,105631,698,697,842,494,1,0.009159772
Warm B,108031,710,709,842,494,0,0.009644419
Warm B,100195,669,668,842,494,1,0.014718724
Warm B,97356,652,651,842,494,0,0.008803235
Warm B,631617,3821,3820,842,494,0,0.008823512
Warm B,91637,608,607,842,494,1,0.008990122
Warm B,291458,1737,1736,842,494,0,0.0025265804
Warm B,82517,548,547,842,494,0,0.009897986
Warm B,81726,543,542,842,494,1,0.013817819
Warm B,77590,524,523,842,494,1,0.012623016
Warm B,67199,452,451,842,494,1,0.010202053
Warm B,51085,337,336,842,494,0,-0.0020069107
Warm B,47881,321,320,842,494,0,0.013117841
Warm B,45160,305,304,842,494,0,0.008982501
Warm B,41141,278,277,842,494,1,0.0046684146
Warm B,697432,4169,4168,842,494,0,0.019392464
Warm B,42694,293,292,842,494,0,0.006669161
Warm B,192730,1186,1185,842,494,1,0.0031630835
Warm B,22329,163,162,842,494,0,0.009096275
Warm B,290273,1733,1732,842,494,0,0.0018888556
Warm B,2361,19,18,842,494,0,0.0079028625
Warm B,458006,2820,2819,842,494,0,0.004057972
Warm B,552404,3401,3400,842,494,0,0.014036417
Warm B,27903,195,194,842,494,0,-0.0017025657
Warm B,65398,438,437,842,494,0,0.0052257376
Warm B,237976,1447,1446,842,494,0,0.009601145
Warm B,174191,1101,1100,842,494,0,0.005916377
Warm B,572198,3507,3506,842,494,0,0.0056059174
Warm B,164621,1051,1050,842,494,0,0.009446577
Warm B,760818,4520,4519,842,494,0,0.008953365
Warm B,195507,1203,1202,842,494,0,0.011000505
Warm B,476373,2926,2925,842,494,0,0.0036119325
Warm B,63030,424,423,842,494,0,0.012355592
Warm B,562627,3462,3461,842,494,0,-0.0016803362
Warm B,626836,3792,3791,848,495,1,-0.0019786265
Warm B,589120,3592,3591,848,495,1,0.0017772553
Warm B,579422,3539,3538,848,495,1,0.006526213
Warm B,566301,3476,3475,848,495,1,-0.0012855576
Warm B,563093,3464,3463,848,495,1,0.0035525728
Warm B,551545,3398,3397,848,495,0,0.010859599
Warm B,542267,3336,3335,848,495,0,0.0047872206
Warm B,535408,3304,3303,848,495,0,-0.0006333671
Warm B,527470,3261,3260,848,495,0,0.0069605005
Warm B,525648,3246,3245,848,495,1,0.010865873
Warm B,524214,3231,3230,848,495,1,0.0020611063
Warm B,522638,3224,3223,848,495,1,-0.0026236637
Warm B,519522,3205,3204,848,495,1,0.008626688
Warm B,574794,3518,3517,848,495,1,0.008186813
Warm B,542821,3340,3339,848,495,1,-0.0021707714
Warm B,575389,3519,3518,848,495,0,0.0074656266
Warm B,498795,3065,3064,848,495,1,0.008115623
Warm B,502918,3087,3086,848,495,0,0.008769762
Warm B,490307,3017,3016,848,495,0,5.4716133e-05
Warm B,478115,2934,2933,848,495,1,0.011119066
Warm B,472636,2907,2906,848,495,1,0.0067963526
Warm B,471645,2901,2900,848,495,1,0.0039338265
Warm B,477694,2933,2932,848,495,1,0.004662238
Warm B,450930,2777,2776,848,495,1,-0.011420469
Warm B,408259,2453,2452,848,495,1,0.0067390497
Warm B,464195,2860,2859,848,495,0,0.001764121
Warm B,398267,2368,2367,848,495,1,-0.0029637963
Warm B,392254,2304,2303,848,495,1,0.006409776
Warm B,381341,2230,2229,848,495,1,0.0018248878
Warm B,376574,2197,2196,848,495,1,-0.0021926793
Warm B,364807,2124,2123,848,495,1,0.009733331
Warm B,361692,2109,2108,848,495,0,0.004487536
Warm B,324198,1921,1920,848,495,0,0.0057939645
Warm B,330293,1949,1948,848,495,1,0.0073075527
Warm B,280491,1683,1682,848,495,0,0.0020523812
Warm B,280873,1685,1684,848,495,0,0.006886889
Warm B,332696,1962,1961,848,495,0,0.000264487
Warm B,229307,1389,1388,848,495,0,0.0051677064
Warm B,306383,1825,1824,848,495,1,-0.0063454686
Warm B,196051,1205,1204,848,495,0,0.003584641
Warm B,213512,1298,1297,848,495,0,0.00357117
Warm B,193698,1194,1193,848,495,1,-0.005071863
Warm B,188090,1167,1166,848,495,0,-0.00063123764
Warm B,189001,1172,1171,848,495,0,0.010948231
Warm B,185377,1150,1149,848,495,0,0.006367649
Warm B,201598,1242,1241,848,495,1,0.0077410243
Warm B,263394,1605,1604,848,495,1,-0.004495254
Warm B,168490,1069,1068,848,495,0,0.009040959
Warm B,166498,1059,1058,848,495,0,0.01813774
Warm B,328236,1941,1940,848,495,0,0.004984242
Warm B,159306,1017,1016,848,495,1,0.0049281204
Warm B,124271,800,799,848,495,0,0.008648824
Warm B,360849,2106,2105,848,495,0,0.0077046007
Warm B,116285,752,751,848,495,0,-0.0035893293
Warm B,779090,4653,4652,848,495,0,0.0050640753
Warm B,107335,706,705,848,495,0,0.0049932757
Warm B,106799,702,701,848,495,0,0.0026890533
Warm B,697438,4169,4168,848,495,0,0.005383903
Warm B,89805,591,590,848,495,1,0.017275456
Warm B,239013,1448,1447,848,495,1,0.013575524
Warm B,197360,1211,1210,848,495,0,0.0022753435
Warm B,64484,430,429,848,495,0,0.004380703
Warm B,59342,403,402,848,495,1,0.0015772977
Warm B,47243,319,318,848,495,0,-0.0007947904
Warm B,317757,1889,1888,848,495,0,0.0031465753
Warm B,41669,284,283,848,495,0,0.0021247747
Warm B,221408,1340,1339,848,495,0,0.01619437
Warm B,33333,225,224,848,495,0,-0.002215562
Warm B,21919,161,160,848,495,1,0.01671553
Warm B,15399,123,122,848,495,1,-0.00026247208
Warm B,9135,62,61,848,495,1,0.005706195
Warm B,223588,1354,1353,848,495,1,0.0038294927
Warm B,206927,1266,1265,848,495,0,0.003957817
Warm B,79459,531,530,848,495,0,0.0035415727
Warm B,890223,5371,5370,848,495,0,-0.0014853149
Warm B,42695,293,292,848,495,1,0.00010521081
Warm B,512913,3163,3162,848,495,1,0.007137795
Warm B,653566,3940,3939,848,495,1,0.0052831117
Warm B,182053,1137,1136,848,495,1,0.0009252818
Warm B,49951,331,330,848,495,0,0.002786884
Warm B,682514,4085,4084,848,495,1,0.00513078
Warm B,106106,699,698,848,495,1,-0.0046334984
Warm B,556576,3420,3419,848,495,0,-0.007594309
Warm B,232817,1415,1414,848,495,1,0.0045087077
Warm B,93331,624,623,848,495,0,0.0043886174
Warm B,72105,482,481,848,495,0,0.010602062
Warm B,285351,1701,1700,848,495,1,-0.0012119841
Warm B,883408,5333,5332,848,495,1,0.0033662424
Warm B,660537,3982,3981,848,495,1,-0.0053873076
Warm B,335998,1980,1979,848,495,1,0.0077455817
Warm B,537976,3312,3311,848,495,0,0.004049142
Warm B,171724,1088,1087,848,495,1,0.00014331914
Warm B,554839,3412,3411,848,495,1,0.004921895
Warm B,33872,229,228,848,495,1,0.0049005607
Warm B,718942,4305,4304,848,495,1,0.012509365
Warm B,550236,3391,3390,848,495,1,-0.0034763066
Warm B,550253,3391,3390,851,497,1,0.019065922
Warm B,574800,3518,3517,851,497,1,-0.009636244
Warm B,480848,2952,2951,851,497,1,0.0012485351
Warm B,475143,2916,2915,851,497,1,0.00851855
Warm B,646720,3892,3891,851,497,0,0.020101186
Warm B,467777,2883,2882,851,497,0,0.013308571
Warm B,453814,2793,2792,851,497,1,0.011458876
Warm B,443855,2737,2736,851,497,1,0.0058868355
Warm B,437970,2676,2675,851,497,0,0.0092057735
Warm B,431414,2628,2627,851,497,1,0.011994062
Warm B,420256,2540,2539,851,497,1,0.015275365
Warm B,408269,2453,2452,851,497,0,0.013647541
Warm B,768375,4578,4577,851,497,0,0.019398298
Warm B,351963,2063,2062,851,497,0,0.013918301
Warm B,310138,1845,1844,851,497,0,0.00040690508
Warm B,325443,1926,1925,851,497,1,0.012568945
Warm B,213519,1298,1297,851,497,0,0.010086757
Warm B,212954,1297,1296,851,497,1,0.003356867
Warm B,204050,1255,1254,851,497,0,0.0046342686
Warm B,308694,1837,1836,851,497,1,0.012699977
Warm B,279408,1680,1679,851,497,0,0.011194827
Warm B,185395,1150,1149,851,497,0,0.010486104
Warm B,211038,1285,1284,851,497,1,0.0010357038
Warm B,201606,1242,1241,851,497,1,0.0032699853
Warm B,169823,1078,1077,851,497,0,-0.0011819729
Warm B,167904,1068,1067,851,497,1,0.0058394866
Warm B,166506,1059,1058,851,497,0,0.006247469
Warm B,214912,1303,1302,851,497,0,-0.0068316413
Warm B,320151,1899,1898,851,497,1,-0.0038533579
Warm B,100877,673,672,851,497,0,0.0041377116
Warm B,97873,655,654,851,497,0,0.0014923767
Warm B,697449,4169,4168,851,497,0,0.023638796
Warm B,83223,549,548,851,497,1,0.0017514483
Warm B,70193,474,473,851,497,0,0.013428103
Warm B,51649,339,338,851,497,0,0.012307785
Warm B,132523,855,854,851,497,0,0.009112026
Warm B,26279,187,186,851,497,1,0.0008707079
Warm B,24824,175,174,851,497,1,0.004893126
Warm B,152485,981,980,851,497,0,0.016648207
Warm B,223592,1354,1353,851,497,1,0.007230293
Warm B,158309,1015,1014,851,497,0,0.009965657
Warm B,42698,293,292,851,497,1,0.006243144
Warm B,893356,5394,5393,851,497,1,0.0019670129
Warm B,55497,368,367,851,497,0,0.011153871
Warm B,257727,1579,1578,851,497,0,0.010315359
Warm B,497262,3054,3053,851,497,0,0.0040204506
Warm B,372651,2176,2175,851,497,1,0.009829083
Warm B,511889,3158,3157,851,497,1,0.016059626
Warm B,27924,195,194,851,497,0,0.009180267
Warm B,475538,2918,2917,851,497,1,0.009411495
Warm B,129467,839,838,851,497,1,0.005641003
Warm B,286757,1712,1711,851,497,0,0.0030608387
Warm B,284249,1698,1697,851,497,0,0.007952126
Warm B,290283,1733,1732,851,497,1,0.017216036
Warm B,187676,1164,1163,851,497,1,0.0016115345
Warm B,235033,1425,1424,851,497,1,0.014074603
Warm B,287748,1717,1716,851,497,0,0.0005056744
Warm B,847242,5090,5089,851,497,1,0.001108883
Warm B,174200,1101,1100,851,497,1,0.011218874
Warm B,310728,1851,1850,851,497,0,0.0056790193
Warm B,261202,1597,1596,851,497,0,0.007512767
Warm B,753506,4489,4488,851,497,0,0.01168469
Warm B,193705,1194,1193,851,497,1,0.0031106337
Warm B,319393,1897,1896,851,497,1,0.010033227
Warm B,195518,1203,1202,851,497,0,0.02399239
Warm B,13111,102,101,851,497,0,0.013543954
Warm B,974640,5878,5877,851,497,1,0.0068754964
Warm B,122352,789,788,881,504,0,0.007905614
Warm B,106138,699,698,881,504,0,0.009936664
Warm B,93830,629,628,881,504,0,-0.0025861212
Warm B,70830,476,475,881,504,1,-0.00012721284
Warm B,65428,438,437,881,504,0,0.0075727953
Warm B,56041,372,371,881,504,1,0.008913349
Warm B,312926,1865,1864,881,504,0,0.008773597
Warm B,386110,2258,2257,881,504,0,0.011307931
Warm B,363144,2116,2115,881,504,0,0.015435468
Warm B,376415,2195,2194,881,504,0,0.0033316938
Warm B,139213,890,889,881,504,1,0.002300541
Warm B,134380,869,868,881,504,0,0.0066033294
Warm B,717103,4294,4293,881,504,0,0.014713837
Warm B,222761,1348,1347,881,504,1,0.0020658043
Warm B,877535,5302,5301,881,504,0,0.0017065273
Warm B,273046,1647,1646,881,504,0,0.013436274
Warm B,974657,5878,5877,881,504,0,0.004735807
Warm B,288936,1726,1725,886,505,0,0.0072883824
Warm B,303061,1800,1799,886,505,0,-0.0019646971
Warm B,247770,1496,1495,886,505,0,-0.0022389558
Warm B,329410,1943,1942,886,505,0,0.0028733644
Warm B,337499,1984,1983,886,505,0,-0.013356166
Warm B,233109,1418,1417,886,505,0,0.0015224555
Warm B,227206,1377,1376,886,505,0,-0.004657435
Warm B,592043,3610,3609,886,505,1,0.0039106268
Warm B,344439,2021,2020,886,505,1,0.0049057994
Warm B,170266,1084,1083,886,505,0,0.0021436494
Warm B,342581,2015,2014,886,505,1,0.0029778138
Warm B,154918,999,998,886,505,0,0.0022492409
Warm B,121555,781,780,886,505,0,0.0065659527
Warm B,114899,746,745,886,505,0,-0.003235831
Warm B,119334,770,769,886,505,0,0.001712752
Warm B,106141,699,698,886,505,0,0.004703951
Warm B,299689,1778,1777,886,505,0,0.012236152
Warm B,713969,4277,4276,886,505,0,0.0025729567
Warm B,150651,970,969,886,505,0,0.0026765824
Warm B,291493,1737,1736,886,505,1,-0.0010176962
Warm B,81757,543,542,886,505,1,0.0057237158
Warm B,77639,524,523,886,505,0,0.0057823258
Warm B,44345,302,301,886,505,0,0.0032689292
Warm B,355610,2082,2081,886,505,1,-0.0028387175
Warm B,55532,368,367,886,505,0,0.0016356903
Warm B,38007,260,259,886,505,0,-0.004863484
Warm B,29101,199,198,886,505,1,0.0009245451
Warm B,54401,355,354,886,505,0,0.00042605773
Warm B,22403,163,162,886,505,0,0.009556912
Warm B,27069,192,191,886,505,0,0.007555636
Warm B,7327,52,51,886,505,1,-0.0074363123
Warm B,109340,714,713,886,505,1,0.0027062714
Warm B,78524,528,527,886,505,0,0.0022135575
Warm B,355004,2077,2076,886,505,0,0.0010951465
Warm B,109853,716,715,886,505,1,0.0106233
Warm B,11903,92,91,886,505,1,0.0035596462
Warm B,907836,5492,5491,886,505,0,0.0045917155
Warm B,191898,1182,1181,886,505,0,0.007287088
Warm B,599331,3648,3647,886,505,0,0.004274617
Warm B,550283,3391,3390,886,505,0,0.0043046307
Warm B,521759,3219,3218,886,505,1,0.006321922
Warm B,893380,5394,5393,886,505,0,0.0019214461
Warm B,273047,1647,1646,886,505,0,0.0075217187
Warm B,62112,419,418,886,505,0,-0.012001492
Warm B,507268,3121,3120,891,506,0,0.014146596
Warm B,718971,4305,4304,891,506,0,0.0061588367
Warm B,494284,3032,3031,891,506,1,0.015731819
Warm B,488924,3010,3009,891,506,0,0.0061626676
Warm B,487941,3001,3000,891,506,0,0.0114033315
Warm B,483525,2972,2971,891,506,1,0.01048127
Warm B,480200,2946,2945,891,506,0,0.02099534
Warm B,463406,2857,2856,891,506,0,0.00975016
Warm B,460987,2842,2841,891,506,0,0.011319846
Warm B,450318,2776,2775,891,506,0,0.011618296
Warm B,444727,2743,2742,891,506,0,-0.00078995666
Warm B,444343,2741,2740,891,506,0,0.0020002571
Warm B,453279,2792,2791,891,506,0,0.007449883
Warm B,441294,2702,2701,891,506,0,0.0010342911
Warm B,429199,2611,2610,891,506,0,0.0076517635
Warm B,426536,2590,2589,891,506,0,0.0043055527
Warm B,411080,2466,2465,891,506,0,0.0024930453
Warm B,409694,2457,2456,891,506,0,0.015448368
Warm B,406597,2439,2438,891,506,0,-0.00012356555
Warm B,401232,2391,2390,891,506,0,-0.004242261
Warm B,397214,2352,2351,891,506,0,-0.0010018097
Warm B,394618,2328,2327,891,506,1,0.0006602268
Warm B,387920,2270,2269,891,506,0,0.00057305256
Warm B,379368,2217,2216,891,506,0,0.014040027
Warm B,371222,2169,2168,891,506,1,9.678304e-05
Warm B,374192,2181,2180,891,506,0,0.018817673
Warm B,369976,2164,2163,891,506,0,-1.5549129e-05
Warm B,368636,2155,2154,891,506,1,-0.009007612
Warm B,367341,2144,2143,891,506,0,0.011234781
Warm B,365991,2130,2129,891,506,1,-0.002502094
Warm B,366213,2131,2130,891,506,0,0.0012019582
Warm B,364839,2124,2123,891,506,0,0.0056620007
Warm B,364162,2121,2120,891,506,1,0.011219064
Warm B,362364,2113,2112,891,506,0,0.0076155984
Warm B,362180,2110,2109,891,506,0,0.0074288757
Warm B,352024,2063,2062,891,506,0,0.010676378
Warm B,361746,2109,2108,891,506,0,0.002405352
Warm B,345641,2027,2026,891,506,0,0.006273398
Warm B,344441,2021,2020,891,506,1,0.0056259213
Warm B,324686,1923,1922,891,506,1,0.0052174423
Warm B,328992,1942,1941,891,506,0,0.0040989397
Warm B,323516,1919,1918,891,506,0,-0.005692984
Warm B,317253,1886,1885,891,506,0,0.006118805
Warm B,297585,1764,1763,891,506,1,0.0040328214
Warm B,289736,1730,1729,891,506,0,0.0055496874
Warm B,286783,1712,1711,891,506,0,0.014098115
Warm B,279493,1680,1679,891,506,0,0.0056733266
Warm B,296124,1757,1756,891,506,0,0.002456243
Warm B,261415,1598,1597,891,506,0,0.0040593767
Warm B,260684,1593,1592,891,506,0,0.009909597
Warm B,303301,1802,1801,891,506,0,0.009076808
Warm B,250585,1510,1509,891,506,0,0.00500511
Warm B,244052,1470,1469,891,506,0,0.014758556
Warm B,237063,1441,1440,891,506,0,0.009221347
Warm B,332733,1962,1961,891,506,0,-0.00032601925
Warm B,233262,1419,1418,891,506,0,0.012637708
Warm B,224228,1356,1355,891,506,0,0.012288262
Warm B,224514,1357,1356,891,506,0,0.006754945
Warm B,221828,1341,1340,891,506,0,-0.007016571
Warm B,225589,1366,1365,891,506,0,0.011354499
Warm B,214944,1303,1302,891,506,1,0.014641397
Warm B,214112,1300,1299,891,506,0,0.008002534
Warm B,277799,1676,1675,891,506,0,0.008257785
Warm B,204310,1259,1258,891,506,0,0.005127448
Warm B,210205,1284,1283,891,506,0,0.0045657055
Warm B,196597,1207,1206,891,506,0,0.0071388236
Warm B,328324,1941,1940,891,506,0,0.016220223
Warm B,189031,1172,1171,891,506,0,0.0014748632
Warm B,184047,1146,1145,891,506,1,0.010413155
Warm B,182370,1138,1137,891,506,0,-0.00026607263
Warm B,177040,1117,1116,891,506,1,0.0039009743
Warm B,174778,1106,1105,891,506,0,0.0077633723
Warm B,256194,1562,1561,891,506,0,0.009014046
Warm B,175621,1112,1111,891,506,0,0.0053431923
Warm B,236429,1434,1433,891,506,0,0.0023372287
Warm B,159328,1017,1016,891,506,0,0.0049083387
Warm B,151012,971,970,891,506,0,0.0032516334
Warm B,150202,967,966,891,506,1,0.0036017476
Warm B,149020,958,957,891,506,1,0.00469191
Warm B,141985,915,914,891,506,0,-0.0023076758
Warm B,204962,1261,1260,891,506,0,-0.00012502493
Warm B,140729,904,903,891,506,0,-0.0038856743
Warm B,138479,889,888,891,506,0,0.010066218
Warm B,134394,869,868,891,506,0,0.00825691
Warm B,133299,860,859,891,506,0,-0.001090005
Warm B,133201,859,858,891,506,1,0.001625031
Warm B,131979,854,853,891,506,0,0.0042151124
Warm B,126638,817,816,891,506,0,-0.002107177
Warm B,125584,808,807,891,506,0,0.004387238
Warm B,175040,1109,1108,891,506,0,0.0077601564
Warm B,114099,741,740,891,506,1,-0.00082822004
Warm B,349329,2050,2049,891,506,0,-0.0023335787
Warm B,107525,709,708,891,506,0,-0.009793041
Warm B,107195,705,704,891,506,0,0.006363772
Warm B,99865,667,666,891,506,0,0.0145094795
Warm B,99337,662,661,891,506,1,0.00031010632
Warm B,82277,546,545,891,506,0,-0.0017326367
Warm B,74055,504,503,891,506,0,0.01203914
Warm B,57581,390,389,891,506,0,0.0048983283
Warm B,51111,337,336,891,506,0,-0.0035904632
Warm B,45858,308,307,891,506,0,0.007434832
Warm B,43219,296,295,891,506,0,0.012562059
Warm B,31281,211,210,891,506,0,-0.0048433756
Warm B,291500,1737,1736,891,506,0,0.006465536
Warm B,26777,190,189,891,506,0,0.0019533075
Warm B,22425,163,162,891,506,0,0.013367303
Warm B,14422,117,116,891,506,0,0.008076413
Warm B,13968,113,112,891,506,0,0.012566587
Warm B,8219,57,56,891,506,0,0.0016932467
Warm B,6482,46,45,891,506,1,0.00026310538
Warm B,6082,44,43,891,506,0,0.0006190068
Warm B,47349,319,318,891,506,0,0.0076981923
Warm B,102387,678,677,891,506,0,0.005526986
Warm B,206973,1266,1265,891,506,0,0.013191365
Warm B,552457,3401,3400,891,506,0,-0.0022042275
Warm B,265169,1611,1610,891,506,0,0.005030113
Warm B,290330,1733,1732,891,506,0,0.004658822
Warm B,596692,3626,3625,891,506,0,0.0115319155
Warm B,689909,4126,4125,891,506,0,0.013475275
Warm B,473801,2909,2908,891,506,1,0.00533689
Warm B,474379,2910,2909,891,506,0,0.008626068
Warm B,238035,1447,1446,891,506,0,0.012349787
Warm B,63091,424,423,891,506,0,0.007837547
Warm B,579483,3539,3538,892,507,1,0.028373932
Warm B,569949,3497,3496,892,507,1,0.0106907785
Warm B,562095,3458,3457,892,507,1,0.01831322
Warm B,570370,3499,3498,892,507,1,0.021649104
Warm B,554041,3410,3409,892,507,0,0.020254463
Warm B,658438,3967,3966,892,507,0,0.0090479115
Warm B,543640,3348,3347,892,507,1,0.003486046
Warm B,531730,3283,3282,892,507,1,0.016186783
Warm B,521145,3216,3215,892,507,0,0.010247704
Warm B,512957,3163,3162,892,507,1,0.029811934
Warm B,496225,3049,3048,892,507,1,0.012405148
Warm B,624918,3778,3777,892,507,0,0.026015203
Warm B,489683,3013,3012,892,507,1,0.010785661
Warm B,474747,2913,2912,892,507,1,0.017608302
Warm B,466915,2878,2877,892,507,1,0.023454282
Warm B,446912,2753,2752,892,507,1,0.011034846
Warm B,443879,2737,2736,892,507,0,0.016691372
Warm B,442439,2724,2723,892,507,0,0.013438415
Warm B,697516,4169,4168,892,507,1,0.033719175
Warm B,434459,2649,2648,892,507,0,0.0076953378
Warm B,427645,2597,2596,892,507,1,-0.0018020781
Warm B,416713,2507,2506,892,507,1,0.018965859
Warm B,411268,2468,2467,892,507,0,0.013574345
Warm B,409246,2456,2455,892,507,0,0.026243586
Warm B,399904,2380,2379,892,507,1,0.024630949
Warm B,400448,2383,2382,892,507,1,0.015288506
Warm B,439435,2684,2683,892,507,0,0.014521403
Warm B,382931,2237,2236,892,507,1,0.02090516
Warm B,366614,2136,2135,892,507,1,0.011872915
Warm B,348107,2041,2040,892,507,0,0.025562799
Warm B,343159,2016,2015,892,507,1,0.01452638
Warm B,318680,1894,1893,892,507,1,0.0034078471
Warm B,312933,1865,1864,892,507,1,0.013808774
Warm B,306631,1828,1827,892,507,0,0.004887193
Warm B,301051,1788,1787,892,507,1,0.0053369785
Warm B,316895,1884,1883,892,507,1,0.021036785
Warm B,326781,1937,1936,892,507,1,0.01057876
Warm B,292401,1741,1740,892,507,1,0.022419857
Warm B,275161,1666,1665,892,507,0,0.017080022
Warm B,241700,1455,1454,892,507,0,0.004840252
Warm B,230820,1396,1395,892,507,1,0.014926186
Warm B,229938,1391,1390,892,507,0,0.009853487
Warm B,218048,1322,1321,892,507,0,0.009785652
Warm B,211801,1288,1287,892,507,1,0.009068543
Warm B,209153,1276,1275,892,507,1,0.014783407
Warm B,208347,1273,1272,892,507,1,0.018758
Warm B,252856,1532,1531,892,507,0,0.015787555
Warm B,279494,1680,1679,892,507,0,0.016003842
Warm B,200662,1232,1231,892,507,1,0.0046787793
Warm B,189032,1172,1171,892,507,1,0.020797487
Warm B,188094,1167,1166,892,507,0,0.006235081
Warm B,167318,1065,1064,892,507,1,0.013879106
Warm B,272266,1645,1644,892,507,1,0.007115125
Warm B,203167,1246,1245,892,507,0,0.027445951
Warm B,152495,981,980,892,507,1,0.026664766
Warm B,148354,955,954,892,507,1,0.020790111
Warm B,146605,945,944,892,507,0,0.016873375
Warm B,144650,933,932,892,507,0,0.0029028268
Warm B,139431,891,890,892,507,1,0.011777319
Warm B,138480,889,888,892,507,0,0.0230514
Warm B,374854,2185,2184,892,507,1,0.012128008
Warm B,263446,1605,1604,892,507,1,0.011402624
Warm B,160203,1019,1018,892,507,0,0.024341047
Warm B,187700,1164,1163,892,507,1,0.015062968
Warm B,112570,731,730,892,507,1,0.025891393
Warm B,341211,2011,2010,892,507,1,0.018908951
Warm B,100897,673,672,892,507,0,0.01192375
Warm B,97896,655,654,892,507,0,0.009497341
Warm B,314151,1875,1874,892,507,1,0.021481141
Warm B,256104,1561,1560,892,507,1,0.010297131
Warm B,90149,594,593,892,507,1,0.012428636
Warm B,88154,581,580,892,507,1,0.007000664
Warm B,85049,553,552,892,507,1,-0.00013461511
Warm B,84304,550,549,892,507,1,0.019242745
Warm B,83271,549,548,892,507,1,0.022406138
Warm B,198214,1218,1217,892,507,1,0.015932076
Warm B,319426,1897,1896,892,507,0,0.022931311
Warm B,64642,432,431,892,507,0,0.004526471
Warm B,60619,411,410,892,507,0,0.026984707
Warm B,37860,259,258,892,507,1,0.014780978
Warm B,935605,5644,5643,892,507,1,0.006456726
Warm B,14825,118,117,892,507,1,0.01688452
Warm B,30441,204,203,892,507,0,0.023641506
Warm B,158368,1015,1014,892,507,1,0.019185571
Warm B,238036,1447,1446,892,507,0,0.031600505
Warm B,339220,1998,1997,892,507,1,0.027439883
Warm B,750673,4478,4477,892,507,1,0.021615941
Warm B,50038,331,330,892,507,1,0.021532655
Warm B,891944,5387,5386,892,507,1,0.010771368
Warm B,720535,4312,4311,892,507,0,0.022958204
Warm B,565654,3475,3474,892,507,0,0.014489759
Warm B,63092,424,423,892,507,1,0.023367966
Warm B,128333,830,829,893,508,1,0.0007677354
Warm B,100898,673,672,893,508,1,-0.0052975398
Warm B,92060,612,611,893,508,0,0.0026758485
Warm B,284300,1698,1697,893,508,1,0.0030945658
Warm B,86172,563,562,893,508,1,-0.002920024
Warm B,53592,352,351,893,508,1,0.001425283
Warm B,697517,4169,4168,893,508,1,0.0051632524
Warm B,7612,53,52,893,508,1,0.008894032
Warm B,245826,1484,1483,893,508,0,-0.00030592456
Warm B,388167,2271,2270,897,509,1,-0.0013647364
Warm B,364163,2121,2120,897,509,1,-0.0007913811
Warm B,362181,2110,2109,897,509,1,0.0070496947
Warm B,387570,2265,2264,897,509,0,0.008385066
Warm B,357552,2092,2091,897,509,0,0.0035464615
Warm B,356451,2088,2087,897,509,0,0.0052830344
Warm B,345493,2026,2025,897,509,0,0.0004957286
Warm B,343691,2018,2017,897,509,1,0.0013439187
Warm B,318413,1891,1890,897,509,1,0.007274327
Warm B,316896,1884,1883,897,509,1,-0.005855467
Warm B,275610,1667,1666,897,509,0,0.013059375
Warm B,293830,1748,1747,897,509,0,0.007124376
Warm B,269105,1632,1631,897,509,0,0.007602182
Warm B,250816,1513,1512,897,509,1,0.00986859
Warm B,354173,2073,2072,897,509,0,0.002799956
Warm B,242877,1465,1464,897,509,1,0.0059860535
Warm B,218049,1322,1321,897,509,1,0.011035055
Warm B,158369,1015,1014,897,509,1,0.0024966593
Warm B,138482,889,888,897,509,0,0.0074268403
Warm B,153138,984,983,897,509,1,-0.0033921385
Warm B,244054,1470,1469,897,509,1,0.0059748716
Warm B,191116,1181,1180,897,509,0,0.020029452
Warm B,68780,461,460,897,509,0,0.014604859
Warm B,57755,391,390,897,509,1,0.012008426
Warm B,211089,1285,1284,897,509,1,0.011106551
Warm B,177042,1117,1116,897,509,1,0.003938877
Warm B,31947,216,215,897,509,1,0.0012085629
Warm B,5652,40,39,897,509,1,-0.00016202964
Warm B,15496,123,122,897,509,1,0.0013914639
Warm B,713985,4277,4276,897,509,1,0.015317309
Warm B,607734,3688,3687,897,509,1,0.0048174383
Warm B,931512,5626,5625,897,509,1,0.002153113
Warm B,322487,1912,1911,897,509,0,0.00672345
Warm B,473802,2909,2908,897,509,0,-0.0045078592
Warm B,421081,2544,2543,897,509,0,-0.0050996942
Warm B,171798,1088,1087,897,509,1,0.007330567
Warm B,324994,1925,1924,897,509,0,0.0021775113
Warm B,339221,1998,1997,897,509,0,0.008948135
Warm B,580269,3544,3543,901,513,1,0.0041653584
Warm B,578912,3539,3538,901,513,1,0.013616884
Warm B,580373,3546,3545,901,513,1,0.0050302856
Warm B,566754,3478,3477,901,513,1,0.009545498
Warm B,593294,3618,3617,901,513,0,0.0019664848
Warm B,566621,3477,3476,901,513,1,0.0035923421
Warm B,576791,3526,3525,901,513,0,0.000919248
Warm B,556153,3418,3417,901,513,1,0.007615855
Warm B,535338,3304,3303,901,513,1,-0.0031488447
Warm B,532935,3292,3291,901,513,1,0.0056987256
Warm B,522120,3224,3223,901,513,1,0.0032698615
Warm B,521309,3217,3216,901,513,1,0.0016900648
Warm B,512538,3163,3162,901,513,1,0.010299405
Warm B,509706,3140,3139,901,513,1,0.005262656
Warm B,616585,3732,3731,901,513,1,0.0028495481
Warm B,768553,4579,4578,901,513,1,0.0150767835
Warm B,916556,5539,5538,901,513,1,0.0016869849
Warm B,545958,3367,3366,901,513,1,0.01131417
Warm B,491919,3026,3025,901,513,1,0.012018606
Warm B,491748,3025,3024,901,513,0,7.486809e-05
Warm B,599700,3650,3649,901,513,0,0.014227723
Warm B,479124,2941,2940,901,513,1,0.0059377793
Warm B,477823,2934,2933,901,513,0,0.008663347
Warm B,695737,4169,4168,901,513,1,0.013013144
Warm B,466571,2878,2877,901,513,1,0.0076787425
Warm B,712664,4277,4276,901,513,0,0.012143534
Warm B,438202,2679,2678,901,513,0,0.01212877
Warm B,418399,2529,2528,901,513,0,0.0056728083
Warm B,416297,2507,2506,901,513,1,0.0135192
Warm B,406696,2442,2441,901,513,0,0.009327713
Warm B,395017,2334,2333,901,513,1,0.0060783345
Warm B,356976,2091,2090,901,513,1,0.008247208
Warm B,352879,2067,2066,901,513,0,-0.0016281074
Warm B,345392,2026,2025,901,513,0,0.0042350697
Warm B,343466,2018,2017,901,513,1,0.0058528953
Warm B,340030,2006,2005,901,513,1,0.0033415013
Warm B,339612,2002,2001,901,513,0,0.011313336
Warm B,334408,1974,1973,901,513,1,0.014399452
Warm B,325170,1926,1925,901,513,1,0.012618214
Warm B,294631,1750,1749,901,513,1,0.006845034
Warm B,295502,1755,1754,901,513,1,0.006134903
Warm B,278544,1680,1679,901,513,1,0.012925861
Warm B,276000,1671,1670,901,513,0,0.013758672
Warm B,268744,1632,1631,901,513,0,0.0055052256
Warm B,268426,1631,1630,901,513,1,0.00029863673
Warm B,258868,1586,1585,901,513,1,0.01870105
Warm B,259257,1587,1586,901,513,0,0.0082813185
Warm B,353872,2073,2072,901,513,1,0.0048450874
Warm B,262080,1600,1599,901,513,1,0.010221996
Warm B,217862,1322,1321,901,513,1,0.004758532
Warm B,208558,1274,1273,901,513,0,0.0077831405
Warm B,591685,3610,3609,901,513,0,0.013879891
Warm B,327514,1941,1940,901,513,1,0.0033620326
Warm B,184794,1150,1149,901,513,1,0.01506296
Warm B,316077,1883,1882,901,513,0,0.004574188
Warm B,212368,1294,1293,901,513,0,0.0020651177
Warm B,183021,1141,1140,901,513,1,0.008990368
Warm B,173196,1098,1097,901,513,1,-0.00014764501
Warm B,163402,1046,1045,901,513,1,-0.0025840867
Warm B,159077,1017,1016,901,513,0,0.006247459
Warm B,157692,1015,1014,901,513,1,0.002828475
Warm B,336836,1983,1982,901,513,1,0.008997694
Warm B,319811,1899,1898,901,513,1,0.009490516
Warm B,149923,965,964,901,513,0,0.0015670034
Warm B,323608,1920,1919,901,513,0,0.002505163
Warm B,144464,931,930,901,513,1,-0.0025621585
Warm B,140130,899,898,901,513,1,0.011532998
Warm B,347211,2038,2037,901,513,0,0.0064157266
Warm B,137691,889,888,901,513,1,0.01390264
Warm B,374711,2185,2184,901,513,1,0.00249423
Warm B,124395,801,800,901,513,0,0.017150229
Warm B,132228,855,854,901,513,1,0.002564736
Warm B,159751,1019,1018,901,513,0,0.0097892415
Warm B,112218,731,730,901,513,1,0.010641079
Warm B,316560,1884,1883,901,513,1,0.015405976
Warm B,339050,1998,1997,901,513,1,0.010054233
Warm B,85190,556,555,901,513,0,0.0056464076
Warm B,118973,770,769,901,513,1,0.016699327
Warm B,73044,494,493,901,513,1,0.00528483
Warm B,69964,473,472,901,513,0,0.0077502634
Warm B,61710,415,414,901,513,1,0.013219563
Warm B,201315,1242,1241,901,513,1,0.0041341046
Warm B,227946,1383,1382,901,513,1,0.009086692
Warm B,78234,528,527,901,513,0,0.0031240268
Warm B,46719,314,313,901,513,0,0.0062858867
Warm B,31762,216,215,901,513,0,0.003691624
Warm B,28674,198,197,901,513,0,0.013595384
Warm B,34573,235,234,901,513,1,0.011161707
Warm B,24796,175,174,901,513,1,0.009814663
Warm B,481575,2962,2961,901,513,0,0.011844139
Warm B,18546,146,145,901,513,1,0.0065834597
Warm B,10733,78,77,901,513,1,0.002999471
Warm B,7475,53,52,901,513,1,0.0056258724
Warm B,4137,31,30,901,513,0,0.00020629971
Warm B,3870,28,27,901,513,0,-0.0014976163
Warm B,6612,48,47,901,513,1,0.0048166458
Warm B,357194,2092,2091,901,513,0,0.010561653
Warm B,79068,531,530,901,513,1,0.008849676
Warm B,89080,588,587,901,513,1,0.009516405
Warm B,949139,5734,5733,901,513,1,0.003756945
Warm B,249735,1505,1504,901,513,0,0.014819264
Warm B,11846,92,91,901,513,0,0.012547814
Warm B,60493,411,410,901,513,1,0.018040925
Warm B,618788,3751,3750,901,513,0,0.0066751945
Warm B,773581,4611,4610,901,513,1,0.009273952
Warm B,206612,1266,1265,901,513,1,0.01626651
Warm B,50553,333,332,901,513,1,0.004428366
Warm B,454452,2796,2795,901,513,0,0.005782794
Warm B,489441,3013,3012,901,513,0,-0.0011408236
Warm B,495113,3038,3037,901,513,1,0.004272268
Warm B,831868,5001,5000,901,513,1,0.0043278523
Warm B,62493,424,423,901,513,1,0.008255126
Warm B,76262,518,517,901,513,1,0.0035901712
Warm B,8735,59,58,901,513,0,-0.0011989956
Warm B,622545,3769,3768,906,518,1,0.012908515
Warm B,621050,3762,3761,906,518,0,0.0067814197
Warm B,600453,3651,3650,906,518,1,0.0068421946
Warm B,576035,3521,3520,906,518,0,0.004518398
Warm B,566758,3478,3477,906,518,0,0.0062828944
Warm B,695746,4169,4168,906,518,1,0.016589582
Warm B,553685,3410,3409,906,518,1,0.016031668
Warm B,549400,3390,3389,906,518,1,0.0005492595
Warm B,576795,3526,3525,906,518,0,0.014855092
Warm B,543375,3346,3345,906,518,0,0.0070158374
Warm B,916561,5539,5538,906,518,1,0.0022771186
Warm B,521313,3217,3216,906,518,1,0.008939838
Warm B,518592,3201,3200,906,518,1,0.011481373
Warm B,515843,3183,3182,906,518,1,0.012354752
Warm B,506501,3118,3117,906,518,0,0.016399873
Warm B,768560,4579,4578,906,518,1,0.009262003
Warm B,495227,3039,3038,906,518,1,-0.0049611907
Warm B,482531,2967,2966,906,518,1,0.01966603
Warm B,645058,3885,3884,906,518,1,0.017904405
Warm B,494933,3036,3035,906,518,1,-0.004352281
Warm B,879751,5317,5316,906,518,1,0.019524103
Warm B,466145,2874,2873,906,518,0,0.0019977447
Warm B,459067,2826,2825,906,518,1,0.014218266
Warm B,457611,2820,2819,906,518,0,0.0016430244
Warm B,455519,2805,2804,906,518,0,0.0051188166
Warm B,448323,2764,2763,906,518,1,0.0106312055
Warm B,425157,2581,2580,906,518,1,0.015290409
Warm B,446677,2753,2752,906,518,1,0.009518003
Warm B,420748,2544,2543,906,518,0,0.011005983
Warm B,419574,2537,2536,906,518,1,0.013328746
Warm B,418408,2529,2528,906,518,1,0.026206598
Warm B,416308,2507,2506,906,518,1,0.017537339
Warm B,397559,2355,2354,906,518,1,0.0045169936
Warm B,395333,2335,2334,906,518,1,0.013257092
Warm B,394650,2329,2328,906,518,0,0.0064249155
Warm B,381221,2230,2229,906,518,1,0.003787327
Warm B,385123,2251,2250,906,518,1,0.023970429
Warm B,377629,2205,2204,906,518,0,0.013982469
Warm B,372767,2177,2176,906,518,1,0.008820606
Warm B,365587,2128,2127,906,518,1,0.009718694
Warm B,364069,2121,2120,906,518,0,-0.0013015026
Warm B,357900,2094,2093,906,518,1,0.0048502823
Warm B,412004,2478,2477,906,518,0,0.009414611
Warm B,353626,2072,2071,906,518,1,0.010690945
Warm B,352583,2064,2063,906,518,1,0.00805141
Warm B,346555,2031,2030,906,518,1,0.007881523
Warm B,343473,2018,2017,906,518,1,0.0073501132
Warm B,339616,2002,2001,906,518,1,0.011840789
Warm B,339370,1999,1998,906,518,1,0.010277416
Warm B,318867,1896,1895,906,518,1,0.00482829
Warm B,313277,1868,1867,906,518,1,0.00087628374
Warm B,304485,1810,1809,906,518,1,0.0050676726
Warm B,313970,1875,1874,906,518,1,0.009523492
Warm B,293543,1748,1747,906,518,1,0.008656634
Warm B,268754,1632,1631,906,518,0,0.025989842
Warm B,345398,2026,2025,906,518,0,0.011894878
Warm B,258079,1580,1579,906,518,0,-0.0004978976
Warm B,269670,1635,1634,906,518,1,0.019272266
Warm B,250758,1513,1512,906,518,1,0.011528816
Warm B,240924,1451,1450,906,518,1,0.01846348
Warm B,631304,3821,3820,906,518,1,0.012531387
Warm B,316568,1884,1883,906,518,1,0.015950277
Warm B,230954,1398,1397,906,518,1,0.007491283
Warm B,227424,1378,1377,906,518,1,0.008962097
Warm B,228847,1387,1386,906,518,1,0.017065316
Warm B,225402,1364,1363,906,518,1,0.008427788
Warm B,222879,1350,1349,906,518,1,0.003991229
Warm B,318080,1890,1889,906,518,1,0.005636707
Warm B,196101,1206,1205,906,518,1,5.4402277e-05
Warm B,192950,1191,1190,906,518,1,0.015260456
Warm B,327528,1941,1940,906,518,1,0.014364922
Warm B,337906,1988,1987,906,518,1,0.0155525375
Warm B,183027,1141,1140,906,518,1,0.027620453
Warm B,182643,1140,1139,906,518,1,0.011256789
Warm B,165106,1053,1052,906,518,1,0.002027665
Warm B,190332,1181,1180,906,518,1,0.014502645
Warm B,162632,1038,1037,906,518,1,0.01512838
Warm B,159080,1017,1016,906,518,1,-0.00031276466
Warm B,373770,2181,2180,906,518,1,0.012266343
Warm B,157705,1015,1014,906,518,1,0.005520431
Warm B,323612,1920,1919,906,518,0,0.010324453
Warm B,199236,1224,1223,906,518,1,0.013259132
Warm B,144468,931,930,906,518,1,0.003644468
Warm B,184804,1150,1149,906,518,0,0.009150843
Warm B,137703,889,888,906,518,1,0.011610503
Warm B,347219,2038,2037,906,518,1,0.011778837
Warm B,124145,800,799,906,518,1,0.024479227
Warm B,120104,776,775,906,518,1,0.01383331
Warm B,118644,767,766,906,518,1,0.0113359
Warm B,101613,677,676,906,518,1,0.0023702031
Warm B,239617,1449,1448,906,518,1,0.0132105965
Warm B,94089,631,630,906,518,1,0.019520331
Warm B,89087,588,587,906,518,1,0.0075659845
Warm B,82683,549,548,906,518,1,0.01506605
Warm B,319107,1897,1896,906,518,1,0.016004486
Warm B,227955,1383,1382,906,518,0,0.0112636555
Warm B,51761,340,339,906,518,1,0.016157975
Warm B,638859,3842,3841,906,518,1,0.02108397
Warm B,141885,914,913,906,518,1,0.0016543542
Warm B,34584,235,234,906,518,1,0.010506483
Warm B,133588,864,863,906,518,1,0.010444122
Warm B,463988,2860,2859,906,518,1,0.006951466
Warm B,61715,415,414,906,518,1,0.012177113
Warm B,12649,97,96,906,518,1,0.008744717
Warm B,591691,3610,3609,906,518,0,0.011203367
Warm B,9111,62,61,906,518,1,0.008285119
Warm B,3874,28,27,906,518,1,0.0029291213
Warm B,24197,173,172,906,518,1,0.0081038885
Warm B,481581,2962,2961,906,518,0,0.009285954
Warm B,15371,123,122,906,518,1,0.019241165
Warm B,466580,2878,2877,906,518,1,0.014516599
Warm B,129129,839,838,906,518,1,0.015067909
Warm B,284723,1699,1698,906,518,1,0.008023955
Warm B,181823,1137,1136,906,518,1,0.014194276
Warm B,347834,2041,2040,906,518,1,0.008210783
Warm B,56299,376,375,906,518,1,0.0040553184
Warm B,249740,1505,1504,906,518,1,0.0069791414
Warm B,18219,140,139,906,518,1,0.0066144867
Warm B,62504,424,423,906,518,1,0.014460834
Warm B,499091,3067,3066,906,518,1,0.011689048
Warm B,322033,1912,1911,906,518,0,0.0021920763
Warm B,259263,1587,1586,906,518,0,0.013934247
Warm B,795422,4765,4764,906,518,1,0.021582015
Warm B,339058,1998,1997,906,518,1,0.008008633
Warm B,171207,1088,1087,906,518,1,0.02124023
Warm B,13104,102,101,906,518,1,0.014281066
Warm B,616589,3732,3731,906,518,1,0.009961424
Warm B,295509,1755,1754,907,519,1,0.008363457
Warm B,276011,1671,1670,907,519,0,0.015122669
Warm B,246151,1489,1488,907,519,1,0.008251621
Warm B,283828,1698,1697,907,519,1,0.007386908
Warm B,319826,1899,1898,907,519,0,0.017845757
Warm B,217869,1322,1321,907,519,1,0.014102535
Warm B,218514,1325,1324,907,519,1,0.014340138
Warm B,326643,1937,1936,907,519,0,0.0073933434
Warm B,591694,3610,3609,907,519,0,0.020107236
Warm B,243668,1470,1469,907,519,0,0.014215017
Warm B,250621,1511,1510,907,519,1,0.0071432386
Warm B,327533,1941,1940,907,519,0,0.014835968
Warm B,184805,1150,1149,907,519,0,0.020863594
Warm B,212373,1294,1293,907,519,1,0.011886412
Warm B,176227,1114,1113,907,519,1,0.008172576
Warm B,162151,1034,1033,907,519,1,0.010113023
Warm B,347221,2038,2037,907,519,0,0.0057952036
Warm B,137707,889,888,907,519,1,0.018216986
Warm B,374718,2185,2184,907,519,1,-0.00075468933
Warm B,159763,1019,1018,907,519,1,0.011230763
Warm B,112224,731,730,907,519,1,0.013923889
Warm B,778783,4653,4652,907,519,1,0.0010619457
Warm B,373774,2181,2180,907,519,1,0.016536228
Warm B,90067,594,593,907,519,1,0.0028830115
Warm B,227957,1383,1382,907,519,1,0.020003729
Warm B,69967,473,472,907,519,1,0.011757805
Warm B,61717,415,414,907,519,1,0.012341944
Warm B,59888,408,407,907,519,1,0.00078106625
Warm B,52799,348,347,907,519,1,0.0011367269
Warm B,52448,346,345,907,519,1,0.007948598
Warm B,60502,411,410,907,519,0,0.014751168
Warm B,12651,97,96,907,519,1,0.011704502
Warm B,4395,33,32,907,519,0,0.006748213
Warm B,739327,4418,4417,907,519,1,0.0063930852
Warm B,420752,2544,2543,907,519,1,0.022744277
Warm B,558394,3430,3429,907,519,1,0.014027806
Warm B,24199,173,172,907,519,0,0.022054818
Warm B,50559,333,332,907,519,1,0.0073046694
Warm B,454464,2796,2795,907,519,0,0.01943115
Warm B,171212,1088,1087,907,519,1,0.015649268
Warm B,978749,5902,5901,907,519,1,0.008133025
Warm B,322034,1912,1911,907,519,0,0.0101036485
Warm B,795424,4765,4764,907,519,1,0.010555489
Warm B,821517,4940,4939,907,519,1,0.0021133318
Warm B,403081,2407,2406,907,519,1,0.0070478073
Warm B,85207,556,555,917,529,0,0.0021826664
Warm B,274186,1657,1656,917,529,1,0.007156454
Warm B,132246,855,854,917,529,1,0.016557146
Warm B,41667,284,283,917,529,0,0.017128581
Warm B,31333,212,211,917,529,1,0.016177937
Warm B,591706,3610,3609,917,529,0,0.025359195
Warm B,104105,692,691,917,529,1,0.019653197
Warm B,206630,1266,1265,917,529,1,0.01489104
Warm B,882790,5333,5332,917,529,1,0.01182494
Warm B,95313,639,638,917,529,1,0.020834435
Warm B,712688,4277,4276,917,529,0,0.02743097
Warm B,79089,531,530,917,529,0,0.017613064
Warm B,454474,2796,2795,917,529,0,0.008880019
Warm B,537711,3312,3311,917,529,0,0.01999645
Warm B,831878,5001,5000,917,529,1,0.00025712373
Warm B,272625,1647,1646,917,529,1,0.024661832
Warm B,860002,5172,5171,917,529,0,0.0006624127
Warm B,673924,4048,4047,918,530,1,0.012663129
Warm B,670556,4029,4028,918,530,1,0.009073751
Warm B,682930,4086,4085,918,530,1,0.00995943
Warm B,651785,3930,3929,918,530,1,0.015032267
Warm B,597116,3629,3628,918,530,1,-0.0027005484
Warm B,585508,3576,3575,918,530,0,0.019580977
Warm B,576051,3521,3520,918,530,1,0.012512856
Warm B,566627,3477,3476,918,530,1,0.007072375
Warm B,695773,4169,4168,918,530,1,0.014251219
Warm B,563573,3469,3468,918,530,1,0.0008545214
Warm B,550861,3393,3392,918,530,0,0.00214608
Warm B,548341,3384,3383,918,530,0,0.005803807
Warm B,576820,3526,3525,918,530,0,0.001477614
Warm B,556160,3418,3417,918,530,1,0.007956417
Warm B,552854,3402,3401,918,530,1,0.010620462
Warm B,535348,3304,3303,918,530,1,0.0029189854
Warm B,532971,3292,3291,918,530,1,0.0072670956
Warm B,522163,3224,3223,918,530,1,0.0002783276
Warm B,916574,5539,5538,918,530,0,0.0011257951
Warm B,565998,3476,3475,918,530,1,0.016445894
Warm B,616600,3732,3731,918,530,0,0.014965894
Warm B,503761,3096,3095,918,530,1,0.0052607907
Warm B,738032,4411,4410,918,530,1,0.0097445045
Warm B,491762,3025,3024,918,530,1,0.008325012
Warm B,768574,4579,4578,918,530,1,0.0046921163
Warm B,569601,3492,3491,918,530,1,0.0060511613
Warm B,968740,5840,5839,918,530,1,0.012140777
Warm B,466598,2878,2877,918,530,0,0.009614018
Warm B,455727,2807,2806,918,530,1,0.0025543037
Warm B,564131,3471,3470,918,530,0,0.007935764
Warm B,440785,2699,2698,918,530,1,0.0032005713
Warm B,440425,2693,2692,918,530,0,0.0056027286
Warm B,790278,4728,4727,918,530,0,0.02086087
Warm B,435461,2662,2661,918,530,0,0.0056923553
Warm B,416331,2507,2506,918,530,1,0.01635199
Warm B,415410,2502,2501,918,530,1,0.007094335
Warm B,406698,2442,2441,918,530,1,0.0072071585
Warm B,405650,2431,2430,918,530,1,0.0060114153
Warm B,400867,2389,2388,918,530,1,0.016002038
Warm B,410774,2465,2464,918,530,0,0.00079768733
Warm B,396236,2343,2342,918,530,1,0.019406375
Warm B,394653,2329,2328,918,530,1,0.009107605
Warm B,395034,2334,2333,918,530,1,0.0076104943
Warm B,390615,2293,2292,918,530,1,0.007584107
Warm B,383430,2241,2240,918,530,1,0.0066139265
Warm B,384852,2248,2247,918,530,1,0.0061994838
Warm B,381172,2229,2228,918,530,0,0.010670653
Warm B,385137,2251,2250,918,530,1,-0.00020751706
Warm B,376560,2197,2196,918,530,1,-0.0035983732
Warm B,373312,2180,2179,918,530,0,0.009691597
Warm B,364075,2121,2120,918,530,1,0.0003524174
Warm B,356982,2091,2090,918,530,1,0.010950504
Warm B,352892,2067,2066,918,530,0,0.004465242
Warm B,385962,2258,2257,918,530,0,-0.0024400277
Warm B,353897,2073,2072,918,530,0,0.012961183
Warm B,340033,2006,2005,918,530,1,-0.0010864651
Warm B,323045,1916,1915,918,530,0,0.0029472152
Warm B,295518,1755,1754,918,530,1,0.002993604
Warm B,281971,1692,1691,918,530,1,0.008638173
Warm B,283417,1697,1696,918,530,1,0.012024844
Warm B,276026,1671,1670,918,530,0,0.00975295
Warm B,268774,1632,1631,918,530,0,0.01476901
Warm B,346042,2030,2029,918,530,1,0.0085049765
Warm B,258884,1586,1585,918,530,0,0.008114804
Warm B,259283,1587,1586,918,530,1,-0.0007447258
Warm B,246160,1489,1488,918,530,0,0.015186209
Warm B,258286,1584,1583,918,530,0,0.00834303
Warm B,227479,1379,1378,918,530,0,0.0051452974
Warm B,228860,1387,1386,918,530,0,0.0069515565
Warm B,226578,1373,1372,918,530,1,0.0069557326
Warm B,283844,1698,1697,918,530,1,0.008933087
Warm B,319846,1899,1898,918,530,0,0.012614553
Warm B,217884,1322,1321,918,530,1,0.00482464
Warm B,318087,1890,1889,918,530,0,0.009728765
Warm B,327560,1941,1940,918,530,1,0.018126113
Warm B,334421,1974,1973,918,530,1,0.010780289
Warm B,184834,1150,1149,918,530,0,0.011390716
Warm B,184254,1147,1146,918,530,1,0.0027764458
Warm B,207290,1267,1266,918,530,1,0.011030771
Warm B,162157,1034,1033,918,530,1,0.010018018
Warm B,157735,1015,1014,918,530,1,0.009545296
Warm B,152812,984,983,918,530,0,-0.00018135691
Warm B,323627,1920,1919,918,530,1,0.011248987
Warm B,140144,899,898,918,530,1,0.01325385
Warm B,347238,2038,2037,918,530,0,0.0057000527
Warm B,127207,822,821,918,530,1,0.011160133
Warm B,262973,1605,1604,918,530,0,0.000699725
Warm B,239643,1449,1448,918,530,0,0.01049012
Warm B,316586,1884,1883,918,530,0,0.005641982
Warm B,98090,656,655,918,530,0,0.0013889268
Warm B,339072,1998,1997,918,530,1,0.00879286
Warm B,69970,473,472,918,530,0,0.002469446
Warm B,227977,1383,1382,918,530,0,0.0012016932
Warm B,52461,346,345,918,530,1,0.012066871
Warm B,51771,340,339,918,530,1,0.008706854
Warm B,45526,307,306,918,530,1,0.0048175957
Warm B,45783,308,307,918,530,1,0.007870606
Warm B,73791,500,499,918,530,1,0.003555062
Warm B,39166,265,264,918,530,1,0.00926811
Warm B,46744,314,313,918,530,0,-0.0026994376
Warm B,34425,233,232,918,530,1,0.013201966
Warm B,27494,193,192,918,530,1,0.004472169
Warm B,34604,235,234,918,530,0,0.0052356273
Warm B,463998,2860,2859,918,530,1,0.001320334
Warm B,18578,146,145,918,530,0,0.0074668494
Warm B,18033,139,138,918,530,0,-0.0006688103
Warm B,12659,97,96,918,530,1,0.018421609
Warm B,10742,78,77,918,530,1,0.008221252
Warm B,591707,3610,3609,918,530,0,0.0014350335
Warm B,4897,35,34,918,530,1,0.0032308046
Warm B,965,10,9,918,530,1,0.012008276
Warm B,739333,4418,4417,918,530,1,0.007816717
Warm B,420771,2544,2543,918,530,1,0.0117682265
Warm B,94537,635,634,918,530,1,-0.00073679944
Warm B,111572,727,726,918,530,0,0.010662006
Warm B,248639,1501,1500,918,530,1,0.005624846
Warm B,18222,140,139,918,530,1,0.0098834485
Warm B,329110,1943,1942,918,530,1,0.006895142
Warm B,50571,333,332,918,530,0,-0.0026575874
Warm B,958747,5787,5786,918,530,1,0.013429601
Warm B,183044,1141,1140,918,530,1,0.0136065325
Warm B,892791,5394,5393,918,530,0,0.015040187
Warm B,978754,5902,5901,918,530,1,0.0029409886
Warm B,171230,1088,1087,918,530,1,0.0070648007
Warm B,831879,5001,5000,918,530,1,0.00034719566
Warm B,322050,1912,1911,918,530,0,0.004838346
Warm B,491142,3020,3019,918,530,1,0.0061348067
Warm B,234708,1425,1424,918,530,1,0.009567971
Warm B,489456,3013,3012,918,530,0,0.008593771
Warm B,153997,991,990,927,538,0,0.0049598655
Warm B,112998,733,732,927,538,1,0.00019975961
Warm B,112253,731,730,927,538,1,0.008125351
Warm B,98096,656,655,927,538,1,0.0013631699
Warm B,90538,601,600,927,538,0,0.0007784116
Warm B,89112,588,587,927,538,1,0.012313873
Warm B,69438,466,465,927,538,1,0.0065622926
Warm B,58475,396,395,927,538,1,-0.0018420841
Warm B,45531,307,306,927,538,1,0.0018334296
Warm B,39255,266,265,927,538,1,0.0056663593
Warm B,34619,235,234,927,538,1,0.0034653079
Warm B,591717,3610,3609,927,538,0,0.010135731
Warm B,657393,3963,3962,927,538,0,0.0039241053
Warm B,4450,33,32,927,538,0,0.0052911607
Warm B,457632,2820,2819,927,538,1,0.0077488683
Warm B,49198,329,328,927,538,0,-0.002090231
Warm B,18590,146,145,927,538,0,0.010367949
Warm B,416342,2507,2506,927,538,1,0.0030078334
Warm B,421586,2547,2546,927,538,1,0.0044559008
Warm B,101928,678,677,927,538,1,0.0101607
Warm B,327577,1941,1940,927,538,1,0.00020756049
Warm B,840991,5054,5053,927,538,1,0.006747067
Warm B,96551,648,647,927,538,1,0.0015722823
Warm B,821525,4940,4939,927,538,1,-0.0013015142
Warm B,219697,1333,1332,929,540,1,0.0009695444
Warm B,182657,1140,1139,929,540,0,0.0031795823
Warm B,180135,1128,1127,929,540,1,0.0049814056
Warm B,190380,1181,1180,929,540,0,0.010849148
Warm B,159803,1019,1018,929,540,0,0.0019497753
Warm B,148961,958,957,929,540,0,0.012723012
Warm B,199255,1224,1223,929,540,1,0.005999378
Warm B,184851,1150,1149,929,540,0,0.009958678
Warm B,374740,2185,2184,929,540,1,0.00946012
Warm B,134960,873,872,929,540,0,0.0053626588
Warm B,82723,549,548,929,540,1,0.012661527
Warm B,48783,327,326,929,540,0,0.00090468535
Warm B,45533,307,306,929,540,1,-0.0021165817
Warm B,27503,193,192,929,540,0,0.0024367403
Warm B,13516,107,106,929,540,1,-0.0018891266
Warm B,591720,3610,3609,929,540,0,0.0034815127
Warm B,9150,62,61,929,540,1,-0.00056931505
Warm B,357233,2092,2091,929,540,0,-0.0013755304
Warm B,420781,2544,2543,929,540,0,-0.0010819563
Warm B,481601,2962,2961,929,540,0,0.011036491
Warm B,24239,173,172,929,540,1,-0.001839513
Warm B,253209,1539,1538,929,540,1,0.0032428438
Warm B,157753,1015,1014,929,540,1,0.008891148
Warm B,181848,1137,1136,929,540,1,0.011140719
Warm B,192648,1186,1185,929,540,1,0.0016712369
Warm B,18225,140,139,929,540,0,-0.0019966026
Warm B,983939,5948,5947,929,540,1,0.0041814763
Warm B,475375,2918,2917,929,540,0,0.009880103
Warm B,322065,1912,1911,929,540,1,-0.0008954038
Warm B,473183,2909,2908,929,540,0,0.0013147389
Warm B,171244,1088,1087,929,540,1,0.0102251945
Warm B,327580,1941,1940,929,540,1,0.020652633
Warm B,933302,5636,5635,929,540,1,0.00967743
Warm B,618825,3751,3750,932,543,1,0.00043742429
Warm B,726342,4345,4344,932,543,1,0.013215546
Warm B,586924,3585,3584,932,543,1,0.0029669649
Warm B,586793,3583,3582,932,543,1,-0.0019373362
Warm B,576484,3524,3523,932,543,1,-0.0018048786
Warm B,583199,3562,3561,932,543,1,0.011634735
Warm B,566631,3477,3476,932,543,1,0.011787464
Warm B,566016,3476,3475,932,543,1,0.0062684314
Warm B,556689,3421,3420,932,543,1,0.010666571
Warm B,658251,3967,3966,932,543,0,0.01798469
Warm B,545447,3364,3363,932,543,1,0.0045651416
Warm B,638894,3842,3841,932,543,1,0.006155332
Warm B,532999,3292,3291,932,543,1,0.0056645675
Warm B,529031,3271,3270,932,543,1,0.012451635
Warm B,521336,3217,3216,932,543,1,0.0062438343
Warm B,520882,3214,3213,932,543,1,-0.005197077
Warm B,522200,3224,3223,932,543,1,0.006659389
Warm B,515949,3184,3183,932,543,0,0.0099908635
Warm B,509730,3140,3139,932,543,1,0.011295889
Warm B,506537,3118,3117,932,543,0,-0.00021034782
Warm B,768591,4579,4578,932,543,0,0.0070832083
Warm B,502364,3083,3082,932,543,1,-0.00091455586
Warm B,797529,4784,4783,932,543,1,0.008150762
Warm B,496829,3053,3052,932,543,0,0.0036463027
Warm B,488851,3009,3008,932,543,1,0.001112788
Warm B,487467,2998,2997,932,543,1,0.00054345117
Warm B,484025,2977,2976,932,543,1,-0.0015066118
Warm B,480787,2952,2951,932,543,1,0.0098421145
Warm B,479159,2941,2940,932,543,0,-0.00746758
Warm B,478729,2938,2937,932,543,0,0.007499994
Warm B,477857,2934,2933,932,543,1,0.011971623
Warm B,695813,4169,4168,932,543,1,0.0138235595
Warm B,474514,2912,2911,932,543,1,0.0020171793
Warm B,852539,5113,5112,932,543,0,0.00013153063
Warm B,465934,2873,2872,932,543,1,-0.0041078436
Warm B,834091,5015,5014,932,543,0,0.0103111565
Warm B,449084,2769,2768,932,543,1,0.004405269
Warm B,458464,2822,2821,932,543,0,0.013261327
Warm B,445082,2745,2744,932,543,1,0.0067041237
Warm B,426803,2592,2591,932,543,0,0.002344162
Warm B,419393,2535,2534,932,543,1,0.0058935555
Warm B,418448,2529,2528,932,543,1,-0.0053692292
Warm B,425189,2581,2580,932,543,1,-0.00075364416
Warm B,416361,2507,2506,932,543,0,0.003684273
Warm B,414884,2497,2496,932,543,1,0.0023742812
Warm B,412504,2483,2482,932,543,0,0.0039615924
Warm B,404978,2423,2422,932,543,1,0.0015171161
Warm B,398502,2371,2370,932,543,1,-0.004728143
Warm B,395044,2334,2333,932,543,1,0.006335837
Warm B,394043,2322,2321,932,543,1,-0.0036828716
Warm B,393052,2309,2308,932,543,0,0.0044033905
Warm B,392763,2306,2305,932,543,1,0.009601068
Warm B,384861,2248,2247,932,543,0,0.0070031392
Warm B,383438,2241,2240,932,543,1,-0.0038855234
Warm B,378643,2211,2210,932,543,1,0.014481492
Warm B,353648,2072,2071,932,543,1,0.0056968364
Warm B,352602,2064,2063,932,543,1,0.0033926817
Warm B,343029,2016,2015,932,543,0,0.013046114
Warm B,295530,1755,1754,932,543,1,0.008155717
Warm B,259304,1587,1586,932,543,0,0.014251046
Warm B,265528,1613,1612,932,543,1,0.015493539
Warm B,232314,1410,1409,932,543,1,0.007302737
Warm B,242608,1465,1464,932,543,1,0.010845549
Warm B,225049,1361,1360,932,543,1,0.0072260634
Warm B,200735,1233,1232,932,543,1,-0.0060888194
Warm B,192282,1184,1183,932,543,1,0.0013358416
Warm B,190143,1180,1179,932,543,1,0.0016998318
Warm B,337945,1988,1987,932,543,1,0.00046749495
Warm B,188830,1172,1171,932,543,1,0.01268435
Warm B,316119,1883,1882,932,543,1,0.0035020297
Warm B,180151,1128,1127,932,543,0,0.0058904
Warm B,175187,1111,1110,932,543,1,-0.001737754
Warm B,327614,1941,1940,932,543,1,0.0001338271
Warm B,154048,992,991,932,543,1,0.001152256
Warm B,141131,910,909,932,543,1,0.012798749
Warm B,141354,911,910,932,543,1,0.004450464
Warm B,137788,889,888,932,543,0,0.014593126
Warm B,490038,3015,3014,932,543,1,-0.0030000412
Warm B,201354,1242,1241,932,543,1,0.016451996
Warm B,130987,850,849,932,543,1,0.008428523
Warm B,118653,767,766,932,543,0,0.0020329482
Warm B,117796,759,758,932,543,1,0.009090448
Warm B,239683,1449,1448,932,543,0,0.004693692
Warm B,262997,1605,1604,932,543,1,0.010698935
Warm B,177899,1120,1119,932,543,0,0.009946452
Warm B,98297,658,657,932,543,1,0.009090809
Warm B,95805,642,641,932,543,0,0.0023313707
Warm B,314000,1875,1874,932,543,1,0.009952353
Warm B,93956,630,629,932,543,1,0.010914044
Warm B,227999,1383,1382,932,543,1,0.007682192
Warm B,190409,1181,1180,932,543,0,0.008434011
Warm B,198111,1218,1217,932,543,0,0.0033783268
Warm B,76499,519,518,932,543,1,0.007182981
Warm B,76098,517,516,932,543,1,0.00084479235
Warm B,69975,473,472,932,543,1,0.006522386
Warm B,56594,379,378,932,543,1,0.00743105
Warm B,949158,5734,5733,932,543,1,0.0066979867
Warm B,52477,346,345,932,543,0,0.010436902
Warm B,417594,2520,2519,932,543,0,0.0028041708
Warm B,13679,109,108,932,543,1,0.0065564597
Warm B,591731,3610,3609,932,543,0,0.0049307207
Warm B,9164,62,61,932,543,0,0.015595109
Warm B,4475,33,32,932,543,0,0.010198066
Warm B,1017,10,9,932,543,0,-0.0018302505
Warm B,373812,2181,2180,932,543,0,0.011820389
Warm B,19243,148,147,932,543,0,0.009435076
Warm B,76280,518,517,932,543,1,0.014168232
Warm B,339086,1998,1997,932,543,1,0.004457442
Warm B,157772,1015,1014,932,543,1,0.006866327
Warm B,181855,1137,1136,932,543,0,-0.0012852415
Warm B,347868,2041,2040,932,543,0,0.015486086
Warm B,183063,1141,1140,932,543,0,0.0054518403
Warm B,60561,411,410,932,543,1,-9.319163e-05
Warm B,51350,338,337,932,543,1,0.010829923
Warm B,18604,146,145,932,543,0,0.012145423
Warm B,79117,531,530,932,543,0,0.009419935
Warm B,187488,1164,1163,932,543,1,0.005250479
Warm B,882801,5333,5332,932,543,1,0.00691831
Warm B,840998,5054,5053,932,543,1,0.005331733
Warm B,399721,2380,2379,932,543,1,-0.0013244735
Warm B,901365,5450,5449,932,543,1,0.0056820954
Warm B,821531,4940,4939,932,543,1,0.012814945
Warm B,62575,424,423,932,543,1,0.01421321
Warm B,553728,3410,3409,932,543,1,0.011227429
Warm B,322080,1912,1911,932,543,0,0.011043295
Warm B,825479,4958,4957,932,543,0,0.0072120926
Warm B,842475,5063,5062,932,543,1,0.0005919145
Warm B,272022,1645,1644,932,543,1,0.016274055
Warm B,62100,419,418,932,543,1,0.0020174521
Warm B,144490,931,930,935,546,1,0.0042298804
Warm B,137794,889,888,935,546,1,-0.004348183
Warm B,339090,1998,1997,935,546,0,0.004757715
Warm B,61755,415,414,935,546,0,0.0031070397
Warm B,43210,296,295,935,546,0,0.007230808
Warm B,50585,333,332,935,546,1,-0.010370133
Warm B,841000,5054,5053,935,546,1,0.0063228374
Warm B,322085,1912,1911,935,546,0,0.0052383086
Warm B,821533,4940,4939,935,546,1,0.001305405
Warm B,171265,1088,1087,935,546,0,0.00069205323
Warm B,18609,146,145,935,546,1,0.006364901
Warm B,530582,3278,3277,936,547,0,0.0031507183
Warm B,474599,2913,2912,936,547,1,0.009711624
Warm B,795445,4765,4764,936,547,1,0.0057090884
Warm B,461987,2849,2848,936,547,1,0.010381275
Warm B,455745,2807,2806,936,547,1,0.027548831
Warm B,446720,2753,2752,936,547,1,0.017033651
Warm B,441623,2711,2710,936,547,1,0.0032118994
Warm B,645088,3885,3884,936,547,1,0.014306365
Warm B,419621,2537,2536,936,547,0,0.010789858
Warm B,464019,2860,2859,936,547,1,0.018418647
Warm B,405413,2428,2427,936,547,1,0.0115117645
Warm B,395768,2340,2339,936,547,1,0.018780395
Warm B,383441,2241,2240,936,547,1,0.0052753245
Warm B,381533,2231,2230,936,547,1,0.009132645
Warm B,356652,2089,2088,936,547,1,0.0032649266
Warm B,353650,2072,2071,936,547,1,0.0021268886
Warm B,346067,2030,2029,936,547,1,0.020436343
Warm B,343509,2018,2017,936,547,1,0.014221014
Warm B,380703,2225,2224,936,547,0,0.02190694
Warm B,320979,1903,1902,936,547,1,0.010531309
Warm B,329787,1945,1944,936,547,0,0.000652071
Warm B,325207,1926,1925,936,547,1,0.02002395
Warm B,313284,1868,1867,936,547,0,0.005911222
Warm B,319875,1899,1898,936,547,1,0.021204462
Warm B,306030,1821,1820,936,547,1,0.0054249386
Warm B,302441,1796,1795,936,547,1,-0.003349215
Warm B,316612,1884,1883,936,547,1,0.017814718
Warm B,285886,1706,1705,936,547,1,0.013000878
Warm B,284754,1699,1698,936,547,1,0.013474595
Warm B,292120,1741,1740,936,547,1,0.026916657
Warm B,264077,1607,1606,936,547,0,0.009591426
Warm B,303225,1802,1801,936,547,0,0.013156937
Warm B,631344,3821,3820,936,547,1,0.008079849
Warm B,228873,1387,1386,936,547,0,0.0068891407
Warm B,243576,1469,1468,936,547,1,0.012278162
Warm B,218240,1323,1322,936,547,1,0.013733176
Warm B,216805,1317,1316,936,547,1,0.011433862
Warm B,289184,1727,1726,936,547,1,0.017757615
Warm B,208599,1274,1273,936,547,1,0.010869868
Warm B,207298,1267,1266,936,547,1,0.012178645
Warm B,192963,1191,1190,936,547,1,0.008219485
Warm B,316125,1883,1882,936,547,0,0.008383797
Warm B,199274,1224,1223,936,547,1,0.02163864
Warm B,190415,1181,1180,936,547,0,0.021393202
Warm B,327618,1941,1940,936,547,1,0.00720956
Warm B,165725,1057,1056,936,547,1,0.011249967
Warm B,159825,1019,1018,936,547,1,0.019787367
Warm B,144491,931,930,936,547,1,0.013396443
Warm B,184884,1150,1149,936,547,0,0.009221527
Warm B,137795,889,888,936,547,1,0.021989023
Warm B,347258,2038,2037,936,547,1,0.015646594
Warm B,130989,850,849,936,547,0,0.0077114087
Warm B,374745,2185,2184,936,547,1,0.016502777
Warm B,125353,806,805,936,547,1,0.009367666
Warm B,154000,991,990,936,547,1,0.0100877555
Warm B,112274,731,730,936,547,1,0.023665473
Warm B,92899,622,621,936,547,1,-0.0023169836
Warm B,129882,840,839,936,547,1,0.013646103
Warm B,66333,444,443,936,547,1,0.008723177
Warm B,54988,362,361,936,547,0,-0.0067678746
Warm B,133602,864,863,936,547,0,0.003986246
Warm B,12673,97,96,936,547,1,0.01369313
Warm B,591735,3610,3609,936,547,0,0.0066925725
Warm B,739340,4418,4417,936,547,1,0.008096554
Warm B,420795,2544,2543,936,547,1,0.012673444
Warm B,459089,2826,2825,936,547,1,0.015692744
Warm B,111578,727,726,936,547,1,0.010648053
Warm B,171266,1088,1087,936,547,1,0.017604955
Warm B,322086,1912,1911,936,547,0,0.015072161
Warm B,508128,3128,3127,936,547,1,0.023875859
Warm B,52072,343,342,936,547,1,0.005344432
Warm B,223915,1355,1354,936,547,1,0.016280726
Warm B,726344,4345,4344,938,548,0,0.0065181856
Warm B,595489,3622,3621,938,548,1,0.0062839505
Warm B,593374,3618,3617,938,548,1,0.012749875
Warm B,622572,3769,3768,938,548,1,-0.001370437
Warm B,588982,3592,3591,938,548,1,-0.0050968174
Warm B,580272,3544,3543,938,548,1,0.00037027942
Warm B,578990,3539,3538,938,548,1,-0.0034510295
Warm B,568047,3485,3484,938,548,1,-0.0050151283
Warm B,566632,3477,3476,938,548,1,0.0013302485
Warm B,550871,3393,3392,938,548,0,-0.00015931437
Warm B,554400,3411,3410,938,548,0,0.0022269022
Warm B,556169,3418,3417,938,548,0,-0.0016535592
Warm B,526648,3259,3258,938,548,1,-0.0038869362
Warm B,522205,3224,3223,938,548,1,-0.0025038053
Warm B,521343,3217,3216,938,548,1,0.009785022
Warm B,916592,5539,5538,938,548,0,0.002239609
Warm B,509734,3140,3139,938,548,1,0.0031616576
Warm B,512596,3163,3162,938,548,1,-0.0012788554
Warm B,503768,3096,3095,938,548,1,0.0033964464
Warm B,768597,4579,4578,938,548,1,-0.0032997523
Warm B,545983,3367,3366,938,548,1,0.0016768882
Warm B,493798,3032,3031,938,548,1,-0.0007988382
Warm B,738049,4411,4410,938,548,1,-0.0034583858
Warm B,491769,3025,3024,938,548,1,-0.0017724745
Warm B,489471,3013,3012,938,548,1,0.005204332
Warm B,533006,3292,3291,938,548,1,0.0058218753
Warm B,477861,2934,2933,938,548,0,-0.0046270634
Warm B,695820,4169,4168,938,548,1,-0.0057073664
Warm B,469167,2889,2888,938,548,0,0.006500963
Warm B,466619,2878,2877,938,548,0,-0.0023158335
Warm B,464519,2862,2861,938,548,0,-0.010354707
Warm B,442346,2724,2723,938,548,0,0.0017852439
Warm B,440733,2698,2697,938,548,0,0.0017761057
Warm B,440791,2699,2698,938,548,1,0.00022468995
Warm B,427201,2593,2592,938,548,1,0.0008079717
Warm B,418450,2529,2528,938,548,0,-0.00023482647
Warm B,406701,2442,2441,938,548,0,0.0038996667
Warm B,396238,2343,2342,938,548,1,0.0050960323
Warm B,395047,2334,2333,938,548,1,-0.002213099
Warm B,390859,2294,2293,938,548,1,-0.00085543253
Warm B,390631,2293,2292,938,548,0,-0.007846676
Warm B,381228,2230,2229,938,548,0,0.0068911565
Warm B,382717,2237,2236,938,548,1,0.0041654212
Warm B,377660,2205,2204,938,548,1,0.0063303006
Warm B,378645,2211,2210,938,548,0,0.0016845657
Warm B,358053,2096,2095,938,548,1,-0.0072088027
Warm B,356988,2091,2090,938,548,1,0.0034743585
Warm B,345414,2026,2025,938,548,0,-0.0014698673
Warm B,340037,2006,2005,938,548,0,0.0032516364
Warm B,323062,1916,1915,938,548,0,-0.00044683274
Warm B,330499,1951,1950,938,548,1,-0.0010601275
Warm B,302442,1796,1795,938,548,1,-0.009614289
Warm B,284755,1699,1698,938,548,1,0.0045358106
Warm B,276046,1671,1670,938,548,0,0.00072877714
Warm B,346068,2030,2029,938,548,1,0.007758707
Warm B,259307,1587,1586,938,548,1,-0.0057451157
Warm B,246038,1487,1486,938,548,1,0.00023123407
Warm B,228874,1387,1386,938,548,1,0.01174668
Warm B,242610,1465,1464,938,548,1,-0.0035950826
Warm B,226582,1373,1372,938,548,0,0.0020291812
Warm B,319876,1899,1898,938,548,0,-0.004565216
Warm B,218533,1325,1324,938,548,1,-0.005584378
Warm B,217901,1322,1321,938,548,1,-0.0033620433
Warm B,211990,1291,1290,938,548,1,0.0021594055
Warm B,209717,1281,1280,938,548,0,0.0041412367
Warm B,591736,3610,3609,938,548,0,-0.0044669313
Warm B,322087,1912,1911,938,548,0,0.005934679
Warm B,218241,1323,1322,938,548,1,-0.0037356229
Warm B,168962,1072,1071,938,548,1,0.0041568386
Warm B,190416,1181,1180,938,548,0,0.0008893497
Warm B,157778,1015,1014,938,548,1,-0.00026506092
Warm B,152840,984,983,938,548,1,-0.009301823
Warm B,323651,1920,1919,938,548,1,0.00058345683
Warm B,167671,1068,1067,938,548,1,-0.0016089957
Warm B,144492,931,930,938,548,1,-0.006430133
Warm B,184885,1150,1149,938,548,0,-0.0044518695
Warm B,140157,899,898,938,548,1,-0.0016672731
Warm B,347260,2038,2037,938,548,1,0.0034853378
Warm B,318886,1896,1895,938,548,1,-0.005816037
Warm B,141357,911,910,938,548,1,-0.00034468574
Warm B,134965,873,872,938,548,0,-8.404965e-05
Warm B,177902,1120,1119,938,548,1,-0.0049256287
Warm B,316613,1884,1883,938,548,1,-0.0018380047
Warm B,314002,1875,1874,938,548,1,0.00017142063
Warm B,110578,721,720,938,548,1,0.0013111366
Warm B,339091,1998,1997,938,548,1,0.001654671
Warm B,85217,556,555,938,548,1,-0.0069405083
Warm B,82066,544,543,938,548,1,0.0031973366
Warm B,228005,1383,1382,938,548,1,-0.0069447556
Warm B,69759,470,469,938,548,1,0.0045771226
Warm B,76597,520,519,938,548,1,-0.004783275
Warm B,337949,1988,1987,938,548,0,-0.0007903632
Warm B,39175,265,264,938,548,1,0.0033277986
Warm B,537729,3312,3311,938,548,0,-0.0011118853
Warm B,46769,314,313,938,548,1,0.0012726351
Warm B,31863,216,215,938,548,0,-0.0005726053
Warm B,34634,235,234,938,548,0,0.0025573345
Warm B,25223,178,177,938,548,1,-0.006825171
Warm B,23549,169,168,938,548,0,-0.0034505725
Warm B,10751,78,77,938,548,0,-0.008934189
Warm B,4926,35,34,938,548,0,0.002337947
Warm B,1019,10,9,938,548,1,0.0059722904
Warm B,11,1,0,938,548,1,-0.0062126745
Warm B,357247,2092,2091,938,548,0,-0.001969615
Warm B,381924,2232,2231,938,548,1,-0.0050131767
Warm B,420796,2544,2543,938,548,1,0.003629371
Warm B,94546,635,634,938,548,1,0.0008857264
Warm B,49226,329,328,938,548,0,0.0033274656
Warm B,400247,2383,2382,938,548,1,-0.002715441
Warm B,863828,5205,5204,938,548,0,-0.0012867686
Warm B,949160,5734,5733,938,548,1,-0.0073779593
Warm B,712723,4277,4276,938,548,0,0.01040818
Warm B,60569,411,410,938,548,1,0.0020320448
Warm B,171267,1088,1087,938,548,1,-0.009980535
Warm B,79121,531,530,938,548,0,0.0022855122
Warm B,327619,1941,1940,938,548,1,-0.011485339
Warm B,958759,5787,5786,938,548,1,0.0027977414
Warm B,441793,2715,2714,938,548,1,-0.0015367274
Warm B,978758,5902,5901,938,548,0,0.0049800742
Warm B,841001,5054,5053,938,548,1,0.00065829884
Warm B,18610,146,145,938,548,0,0.004023522
Warm B,52073,343,342,938,548,1,0.0007314556
Warm B,831887,5001,5000,938,548,1,-0.002334163
Warm B,62581,424,423,938,548,1,-0.000971687
Warm B,748207,4467,4466,938,548,1,-0.008414301
Warm B,8763,59,58,938,548,1,-0.005137491
Warm B,222714,1348,1347,938,548,0,-0.004863672
Warm B,456330,2810,2809,941,550,1,0.018372467
Warm B,602409,3665,3664,941,550,0,0.016063407
Warm B,418460,2529,2528,941,550,1,0.02021565
Warm B,394712,2330,2329,941,550,0,0.004124786
Warm B,390633,2293,2292,941,550,0,0.019432973
Warm B,402904,2405,2404,941,550,0,0.011389946
Warm B,384018,2244,2243,941,550,1,0.013448436
Warm B,377673,2205,2204,941,550,1,0.016604586
Warm B,373336,2180,2179,941,550,0,0.009891498
Warm B,364087,2121,2120,941,550,1,0.0020018057
Warm B,362092,2110,2109,941,550,0,0.013281263
Warm B,356266,2088,2087,941,550,1,0.020117935
Warm B,352903,2067,2066,941,550,1,0.004226778
Warm B,300187,1780,1779,941,550,0,0.018447954
Warm B,266875,1619,1618,941,550,0,0.005986347
Warm B,346073,2030,2029,941,550,1,0.016664669
Warm B,221110,1340,1339,941,550,0,0.02068602
Warm B,208610,1274,1273,941,550,1,0.011357169
Warm B,208220,1273,1272,941,550,0,0.012025119
Warm B,192286,1184,1183,941,550,1,0.009914998
Warm B,198571,1220,1219,941,550,1,0.016475864
Warm B,436165,2665,2664,941,550,0,0.016426465
Warm B,162180,1034,1033,941,550,1,0.00866669
Warm B,152853,984,983,941,550,1,0.020983905
Warm B,184909,1150,1149,941,550,0,0.021004299
Warm B,147296,949,948,941,550,1,0.01675236
Warm B,316622,1884,1883,941,550,1,0.012901027
Warm B,190444,1181,1180,941,550,1,0.024725102
Warm B,80936,538,537,941,550,1,0.017460527
Warm B,70652,476,475,941,550,0,0.013314979
Warm B,68561,461,460,941,550,1,0.022388779
Warm B,57746,391,390,941,550,0,0.012435789
Warm B,59364,403,402,941,550,1,0.012204643
Warm B,51783,340,339,941,550,1,0.015308589
Warm B,43583,300,299,941,550,1,0.01953771
Warm B,34428,233,232,941,550,0,0.008485727
Warm B,39761,270,269,941,550,1,0.013495367
Warm B,31884,216,215,941,550,1,0.014455153
Warm B,30804,205,204,941,550,0,0.011642278
Warm B,14817,118,117,941,550,1,0.003344917
Warm B,11241,84,83,941,550,0,0.0033692247
Warm B,591747,3610,3609,941,550,0,0.0123308245
Warm B,335139,1978,1977,941,550,0,0.012639228
Warm B,327646,1941,1940,941,550,0,0.013211879
Warm B,473238,2909,2908,941,550,0,0.025362002
Warm B,709445,4255,4254,943,552,1,0.00792926
Warm B,704340,4224,4223,943,552,1,0.003269731
Warm B,704911,4227,4226,943,552,1,0.014377195
Warm B,701945,4208,4207,943,552,1,0.005415312
Warm B,700298,4190,4189,943,552,1,0.008073824
Warm B,673963,4048,4047,943,552,1,0.022299852
Warm B,675833,4054,4053,943,552,1,0.014281306
Warm B,721805,4322,4321,943,552,0,0.008904679
Warm B,693689,4155,4154,943,552,0,0.012945864
Warm B,637764,3841,3840,943,552,1,0.023535483
Warm B,625316,3779,3778,943,552,1,0.011431616
Warm B,636770,3836,3835,943,552,1,0.010879736
Warm B,726349,4345,4344,943,552,1,0.0114822425
Warm B,597512,3635,3634,943,552,0,0.0029727486
Warm B,587178,3586,3585,943,552,1,0.008316891
Warm B,586929,3585,3584,943,552,0,0.010231823
Warm B,585538,3576,3575,943,552,0,0.021656983
Warm B,576073,3521,3520,943,552,1,0.018863253
Warm B,566030,3476,3475,943,552,0,0.011065487
Warm B,695842,4169,4168,943,552,1,0.012861498
Warm B,559225,3435,3434,943,552,1,0.00592745
Warm B,533027,3292,3291,943,552,1,0.009400809
Warm B,513894,3171,3170,943,552,1,0.014851166
Warm B,506549,3118,3117,943,552,0,0.018388074
Warm B,504688,3105,3104,943,552,1,0.004932034
Warm B,545989,3367,3366,943,552,1,0.009493675
Warm B,496196,3049,3048,943,552,1,0.004194191
Warm B,495237,3039,3038,943,552,1,-0.0003359695
Warm B,474606,2913,2912,943,552,0,0.012584111
Warm B,472336,2907,2906,943,552,1,0.016885139
Warm B,601548,3658,3657,943,552,1,0.0016358031
Warm B,645100,3885,3884,943,552,1,0.011011631
Warm B,463062,2857,2856,943,552,0,0.0057056937
Warm B,466633,2878,2877,943,552,1,0.024599688
Warm B,455364,2804,2803,943,552,1,0.01306964
Warm B,435193,2659,2658,943,552,1,0.009569749
Warm B,437371,2670,2669,943,552,1,0.0041413065
Warm B,433509,2643,2642,943,552,1,0.008654347
Warm B,418462,2529,2528,943,552,0,0.003167341
Warm B,404979,2423,2422,943,552,1,0.001321743
Warm B,400259,2383,2382,943,552,1,0.021365294
Warm B,394657,2329,2328,943,552,1,0.0064284196
Warm B,393054,2309,2308,943,552,1,-0.00079866126
Warm B,390635,2293,2292,943,552,1,0.023824658
Warm B,387187,2264,2263,943,552,1,0.0061827404
Warm B,382235,2233,2232,943,552,1,-0.0034173303
Warm B,364089,2121,2120,943,552,0,0.0044047544
Warm B,364575,2124,2123,943,552,1,0.007990042
Warm B,352905,2067,2066,943,552,1,0.0027353414
Warm B,353654,2072,2071,943,552,1,-0.0014047879
Warm B,375467,2188,2187,943,552,0,0.0036821892
Warm B,346576,2031,2030,943,552,0,0.017556958
Warm B,343515,2018,2017,943,552,1,-0.0017768182
Warm B,292128,1741,1740,943,552,1,0.019985732
Warm B,217908,1322,1321,943,552,1,0.015132261
Warm B,208612,1274,1273,943,552,1,0.009052776
Warm B,312214,1861,1860,943,552,1,0.011780994
Warm B,203411,1247,1246,943,552,1,0.0025306265
Warm B,183071,1141,1140,943,552,1,0.013330165
Warm B,316134,1883,1882,943,552,1,0.007068497
Warm B,177448,1119,1118,943,552,1,0.006416442
Warm B,327649,1941,1940,943,552,1,0.017902212
Warm B,166310,1059,1058,943,552,0,0.024845023
Warm B,168826,1071,1070,943,552,1,-0.0019155089
Warm B,190449,1181,1180,943,552,1,0.018700812
Warm B,152854,984,983,943,552,1,0.0121383965
Warm B,144496,931,930,943,552,1,-0.0030828437
Warm B,184912,1150,1149,943,552,0,0.012736044
Warm B,162183,1034,1033,943,552,1,0.007217633
Warm B,137820,889,888,943,552,1,0.015869431
Warm B,127640,824,823,943,552,1,0.0137022985
Warm B,123676,797,796,943,552,1,-0.00054705376
Warm B,122886,793,792,943,552,0,0.020109622
Warm B,117797,759,758,943,552,1,0.01572546
Warm B,112283,731,730,943,552,1,0.017224533
Warm B,94549,635,634,943,552,1,-0.0021075115
Warm B,228022,1383,1382,943,552,1,0.0154544525
Warm B,85219,556,555,943,552,1,0.005871122
Warm B,82779,549,548,943,552,1,0.01942061
Warm B,238614,1448,1447,943,552,0,0.013553765
Warm B,69976,473,472,943,552,1,0.005984053
Warm B,51784,340,339,943,552,1,0.0026858677
Warm B,60582,411,410,943,552,0,0.016445683
Warm B,45541,307,306,943,552,1,0.0004885944
Warm B,177916,1120,1119,943,552,1,0.016739512
Warm B,36312,245,244,943,552,0,0.014187818
Warm B,31887,216,215,943,552,1,0.016688576
Warm B,30805,205,204,943,552,1,0.007720159
Warm B,21778,158,157,943,552,1,-0.0038286485
Warm B,19267,148,147,943,552,1,0.020989088
Warm B,12677,97,96,943,552,1,0.0070580733
Warm B,123294,796,795,943,552,0,0.0039130673
Warm B,591750,3610,3609,943,552,0,0.016715188
Warm B,6345,45,44,943,552,0,0.008163795
Warm B,1037,10,9,943,552,1,0.013948385
Warm B,339094,1998,1997,943,552,1,0.012379874
Warm B,522229,3224,3223,943,552,1,0.013619727
Warm B,734183,4387,4386,943,552,0,0.007865764
Warm B,454488,2796,2795,943,552,0,0.02639672
Warm B,307025,1834,1833,943,552,1,0.0057981755
Warm B,357259,2092,2091,943,552,1,0.010765618
Warm B,499151,3067,3066,943,552,1,0.011268262
Warm B,495126,3038,3037,943,552,1,0.0075381575
Warm B,22776,164,163,943,552,1,0.009881154
Warm B,420809,2544,2543,943,552,1,0.0091153765
Warm B,657406,3963,3962,943,552,1,0.008474079
Warm B,13122,102,101,943,552,1,0.0048794392
Warm B,76286,518,517,943,552,1,0.007021699
Warm B,171287,1088,1087,943,552,1,0.0057397606
Warm B,8765,59,58,943,552,0,0.016301638
Warm B,272033,1645,1644,943,552,1,0.008477777
Warm B,177449,1119,1118,944,553,1,0.011914729
Warm B,167681,1068,1067,944,553,1,0.004898621
Warm B,327650,1941,1940,944,553,0,0.009798278
Warm B,162184,1034,1033,944,553,1,-0.0009841211
Warm B,190450,1181,1180,944,553,0,0.010228507
Warm B,137821,889,888,944,553,0,-0.0002601631
Warm B,318891,1896,1895,944,553,1,0.010415011
Warm B,322101,1912,1911,944,553,1,0.0064473026
Warm B,134034,869,868,944,553,0,0.013778949
Warm B,103782,690,689,944,553,1,0.007848166
Warm B,101629,677,676,944,553,1,2.2622291e-05
Warm B,98100,656,655,944,553,1,0.0034530624
Warm B,90359,597,596,944,553,0,0.005837679
Warm B,82780,549,548,944,553,1,0.009853121
Warm B,83899,550,549,944,553,1,0.012527762
Warm B,66974,451,450,944,553,1,0.006142335
Warm B,257441,1579,1578,944,553,0,0.0020482657
Warm B,36313,245,244,944,553,1,0.009416211
Warm B,35225,238,237,944,553,0,0.0012498302
Warm B,31888,216,215,944,553,1,-0.003940376
Warm B,269733,1635,1634,944,553,1,0.002508381
Warm B,27976,195,194,944,553,1,-0.0019916263
Warm B,12678,97,96,944,553,1,-0.0023637156
Warm B,123295,796,795,944,553,0,0.011059243
Warm B,591751,3610,3609,944,553,0,0.00871486
Warm B,437208,2669,2668,944,553,0,0.00775495
Warm B,19268,148,147,944,553,0,0.0030976124
Warm B,181867,1137,1136,944,553,1,0.0008265418
Warm B,316624,1884,1883,944,553,1,0.010014079
Warm B,337957,1988,1987,944,553,1,0.008064805
Warm B,801303,4802,4801,944,553,1,0.00344217
Warm B,357260,2092,2091,944,553,0,0.015288407
Warm B,208613,1274,1273,944,553,1,0.010039029
Warm B,420810,2544,2543,944,553,0,0.00856681
Warm B,276058,1671,1670,944,553,1,0.009547239
Warm B,916602,5539,5538,944,553,1,-0.013195014
Warm B,171288,1088,1087,944,553,1,0.013227787
Warm B,649650,3916,3915,946,555,1,-0.0052693784
Warm B,640962,3853,3852,946,555,1,0.0032788632
Warm B,617396,3737,3736,946,555,0,0.0029388436
Warm B,670109,4028,4027,946,555,0,0.010122501
Warm B,595147,3621,3620,946,555,0,0.0048878854
Warm B,728043,4354,4353,946,555,1,0.0009765221
Warm B,573809,3513,3512,946,555,0,-0.00036970782
Warm B,566032,3476,3475,946,555,1,-0.004589645
Warm B,565126,3474,3473,946,555,1,0.006781117
Warm B,563600,3469,3468,946,555,1,0.0038595553
Warm B,695846,4169,4168,946,555,1,0.008459605
Warm B,551153,3394,3393,946,555,0,0.006398321
Warm B,552872,3402,3401,946,555,1,-0.0038400341
Warm B,533030,3292,3291,946,555,1,0.007964676
Warm B,527249,3261,3260,946,555,1,-0.0017846939
Warm B,508134,3128,3127,946,555,1,0.0015393244
Warm B,506553,3118,3117,946,555,1,0.001517108
Warm B,768607,4579,4578,946,555,1,-0.00041412702
Warm B,495238,3039,3038,946,555,1,0.0017401981
Warm B,493819,3032,3031,946,555,1,-0.00463624
Warm B,476669,2928,2927,946,555,1,0.0036486536
Warm B,461990,2849,2848,946,555,1,-0.001166255
Warm B,457676,2820,2819,946,555,0,0.00020755432
Warm B,447817,2761,2760,946,555,1,0.0010092459
Warm B,443026,2731,2730,946,555,0,0.00018831284
Warm B,438549,2680,2679,946,555,1,-0.0012672478
Warm B,429034,2611,2610,946,555,1,0.0046395473
Warm B,446730,2753,2752,946,555,0,-0.0027539115
Warm B,418464,2529,2528,946,555,1,-0.0017768566
Warm B,405415,2428,2427,946,555,1,0.00669939
Warm B,403098,2407,2406,946,555,0,0.0041307528
Warm B,412031,2478,2477,946,555,1,-0.0023075093
Warm B,397579,2355,2354,946,555,1,0.0077072484
Warm B,390637,2293,2292,946,555,1,0.004180976
Warm B,388039,2271,2270,946,555,1,-0.00129219
Warm B,380712,2225,2224,946,555,1,0.0045553586
Warm B,381542,2231,2230,946,555,1,0.005485937
Warm B,372407,2175,2174,946,555,0,0.0055125207
Warm B,364090,2121,2120,946,555,1,-0.00044439547
Warm B,357261,2092,2091,946,555,0,-0.008196028
Warm B,347267,2038,2037,946,555,1,0.000772128
Warm B,373833,2181,2180,946,555,1,0.0035437616
Warm B,346577,2031,2030,946,555,1,-0.0013783091
Warm B,345423,2026,2025,946,555,1,-0.001093704
Warm B,346077,2030,2029,946,555,1,0.01189681
Warm B,343517,2018,2017,946,555,1,-0.0032721262
Warm B,335072,1977,1976,946,555,1,-0.00032833032
Warm B,320982,1903,1902,946,555,1,-0.00018386543
Warm B,323070,1916,1915,946,555,0,0.0017705209
Warm B,319895,1899,1898,946,555,1,0.0026697766
Warm B,286213,1709,1708,946,555,0,0.0021544015
Warm B,283440,1697,1696,946,555,1,0.0026392215
Warm B,293595,1748,1747,946,555,0,0.005307803
Warm B,275402,1667,1666,946,555,0,0.00026567752
Warm B,284760,1699,1698,946,555,1,0.0036977115
Warm B,292130,1741,1740,946,555,1,0.0068598827
Warm B,289197,1727,1726,946,555,1,0.0023801902
Warm B,250168,1507,1506,946,555,1,0.0073856614
Warm B,230738,1396,1395,946,555,0,0.004589199
Warm B,228025,1383,1382,946,555,1,0.007839203
Warm B,217911,1322,1321,946,555,1,0.00022783503
Warm B,208222,1273,1272,946,555,1,0.00336532
Warm B,192102,1183,1182,946,555,1,0.0042479364
Warm B,189955,1179,1178,946,555,1,0.00026218384
Warm B,316136,1883,1882,946,555,1,-0.0043385196
Warm B,184915,1150,1149,946,555,0,0.0067820344
Warm B,182672,1140,1139,946,555,1,0.000108589884
Warm B,176491,1116,1115,946,555,1,-0.00052339
Warm B,173516,1100,1099,946,555,0,-0.00340086
Warm B,190453,1181,1180,946,555,0,0.0011314743
Warm B,137824,889,888,946,555,1,0.0126311
Warm B,159843,1019,1018,946,555,1,0.003151794
Warm B,374752,2185,2184,946,555,1,0.0018218193
Warm B,124171,800,799,946,555,1,-0.0005934513
Warm B,112285,731,730,946,555,1,-0.00026735873
Warm B,89132,588,587,946,555,1,-0.0013807772
Warm B,86481,566,565,946,555,0,-0.0047286823
Warm B,57748,391,390,946,555,1,0.00313508
Warm B,66976,451,450,946,555,1,-0.0011046823
Warm B,47311,319,318,946,555,0,0.0073508136
Warm B,45830,308,307,946,555,1,0.000884444
Warm B,27516,193,192,946,555,0,0.003109404
Warm B,34646,235,234,946,555,1,-0.0009852486
Warm B,12680,97,96,946,555,1,-0.0035750293
Warm B,591754,3610,3609,946,555,0,0.00970763
Warm B,4163,31,30,946,555,0,0.0024260273
Warm B,974897,5880,5879,946,555,0,-0.0040115905
Warm B,445780,2749,2748,946,555,0,-0.0036699048
Warm B,18230,140,139,946,555,1,0.001163166
Warm B,208615,1274,1273,946,555,1,0.0032056686
Warm B,958765,5787,5786,946,555,1,-0.006584893
Warm B,460554,2841,2840,946,555,1,-0.0036550458
Warm B,41312,279,278,946,555,0,0.0038048213
Warm B,127220,822,821,946,555,1,8.062413e-05
Warm B,657408,3963,3962,946,555,0,-0.000762312
Warm B,699574,4186,4185,946,555,1,0.0007195473
Warm B,587699,3589,3588,946,555,0,-8.457957e-05
Warm B,831890,5001,5000,946,555,1,0.0014050041
Warm B,322103,1912,1911,946,555,0,0.000669822
Warm B,583217,3562,3561,946,555,1,0.0048753307
Warm B,339096,1998,1997,946,555,0,-0.0024177865
Warm B,681277,4083,4082,947,556,0,0.017188761
Warm B,669301,4023,4022,947,556,1,0.0049759997
Warm B,668259,4021,4020,947,556,1,0.010781732
Warm B,758379,4510,4509,947,556,1,0.010293312
Warm B,660164,3979,3978,947,556,1,-0.005288438
Warm B,783951,4682,4681,947,556,1,0.016598996
Warm B,637767,3841,3840,947,556,0,0.016276881
Warm B,670110,4028,4027,947,556,0,0.019025546
Warm B,589577,3596,3595,947,556,1,0.01069488
Warm B,695847,4169,4168,947,556,1,0.02481498
Warm B,574172,3515,3514,947,556,1,0.0056829406
Warm B,580414,3546,3545,947,556,0,0.0051635504
Warm B,568682,3490,3489,947,556,1,0.020781484
Warm B,552873,3402,3401,947,556,1,0.010417359
Warm B,551154,3394,3393,947,556,1,0.019459642
Warm B,556172,3418,3417,947,556,1,0.008247321
Warm B,544323,3356,3355,947,556,1,0.00845892
Warm B,541199,3329,3328,947,556,1,0.0064212712
Warm B,533031,3292,3291,947,556,1,0.014975483
Warm B,526316,3254,3253,947,556,1,0.0032324498
Warm B,526176,3253,3252,947,556,1,0.006170878
Warm B,513442,3167,3166,947,556,1,0.014802787
Warm B,506554,3118,3117,947,556,1,0.010327762
Warm B,768608,4579,4578,947,556,1,0.011883633
Warm B,657409,3963,3962,947,556,0,0.016745005
Warm B,491772,3025,3024,947,556,1,0.00390732
Warm B,530584,3278,3277,947,556,1,-0.0012281435
Warm B,461991,2849,2848,947,556,1,0.013589438
Warm B,459095,2826,2825,947,556,1,0.01435581
Warm B,457677,2820,2819,947,556,0,0.014071409
Warm B,455750,2807,2806,947,556,1,0.011904148
Warm B,453509,2793,2792,947,556,1,0.020906016
Warm B,447818,2761,2760,947,556,1,0.01269983
Warm B,458466,2822,2821,947,556,1,0.0025061017
Warm B,446731,2753,2752,947,556,1,0.02302567
Warm B,442049,2719,2718,947,556,1,0.011240311
Warm B,435194,2659,2658,947,556,1,0.01344732
Warm B,431859,2631,2630,947,556,1,0.013472911
Warm B,616612,3732,3731,947,556,0,0.011851018
Warm B,403099,2407,2406,947,556,1,0.009281484
Warm B,707778,4241,4240,947,556,1,0.0010186839
Warm B,397580,2355,2354,947,556,1,0.0108075375
Warm B,400262,2383,2382,947,556,1,0.016889771
Warm B,393222,2310,2309,947,556,1,0.016665414
Warm B,390638,2293,2292,947,556,1,0.013526026
Warm B,388040,2271,2270,947,556,1,0.01695208
Warm B,383444,2241,2240,947,556,1,0.0045974404
Warm B,382236,2233,2232,947,556,1,0.008759606
Warm B,363573,2117,2116,947,556,1,-0.0045190696
Warm B,373834,2181,2180,947,556,1,0.022055997
Warm B,346078,2030,2029,947,556,1,0.015939485
Warm B,334453,1974,1973,947,556,1,0.012985779
Warm B,323071,1916,1915,947,556,0,0.013429147
Warm B,319896,1899,1898,947,556,1,0.015753863
Warm B,313889,1874,1873,947,556,0,0.0027215693
Warm B,305747,1820,1819,947,556,1,0.009663658
Warm B,302637,1797,1796,947,556,1,0.0070750546
Warm B,301489,1791,1790,947,556,0,0.010471682
Warm B,293596,1748,1747,947,556,1,0.01864808
Warm B,284761,1699,1698,947,556,1,0.0116194105
Warm B,268451,1631,1630,947,556,1,0.009710961
Warm B,268821,1632,1631,947,556,0,0.019952979
Warm B,250169,1507,1506,947,556,0,0.014759601
Warm B,631353,3821,3820,947,556,0,0.01859913
Warm B,246183,1489,1488,947,556,0,0.018116266
Warm B,228881,1387,1386,947,556,1,0.018287705
Warm B,219399,1330,1329,947,556,1,0.006514197
Warm B,217912,1322,1321,947,556,1,0.0063869115
Warm B,221113,1340,1339,947,556,1,0.01589043
Warm B,208223,1273,1272,947,556,1,0.007527591
Warm B,189956,1179,1178,947,556,0,0.015520385
Warm B,184271,1147,1146,947,556,1,0.008669713
Warm B,316137,1883,1882,947,556,0,0.017101385
Warm B,184916,1150,1149,947,556,0,0.01444363
Warm B,182673,1140,1139,947,556,1,0.0064192824
Warm B,190454,1181,1180,947,556,1,0.02048057
Warm B,327653,1941,1940,947,556,1,0.01879318
Warm B,272034,1645,1644,947,556,1,0.0135023
Warm B,162186,1034,1033,947,556,1,0.0063372217
Warm B,157802,1015,1014,947,556,1,0.028632507
Warm B,152856,984,983,947,556,1,0.009135995
Warm B,144498,931,930,947,556,1,0.010291763
Warm B,137825,889,888,947,556,1,0.013568304
Warm B,131000,850,849,947,556,1,-0.0019812551
Warm B,374753,2185,2184,947,556,1,0.012675704
Warm B,127902,825,824,947,556,0,0.0012466401
Warm B,125355,806,805,947,556,1,0.0016183024
Warm B,124172,800,799,947,556,1,0.018449698
Warm B,154001,991,990,947,556,1,0.0102467025
Warm B,332158,1960,1959,947,556,1,0.011806205
Warm B,112286,731,730,947,556,1,0.019181533
Warm B,120113,776,775,947,556,1,0.00037932186
Warm B,114203,743,742,947,556,0,0.01743434
Warm B,316626,1884,1883,947,556,1,0.012076926
Warm B,98101,656,655,947,556,0,0.0141449515
Warm B,80853,537,536,947,556,1,0.016545018
Warm B,69443,466,465,947,556,1,0.008296055
Warm B,66977,451,450,947,556,1,0.009019244
Warm B,412032,2478,2477,947,556,0,0.013828147
Warm B,39937,271,270,947,556,1,0.01012197
Warm B,34647,235,234,947,556,1,0.006588065
Warm B,481631,2962,2961,947,556,0,0.0057491115
Warm B,13522,107,106,947,556,0,0.008274095
Warm B,136018,879,878,947,556,1,0.0027067913
Warm B,12681,97,96,947,556,1,0.013178374
Warm B,11742,91,90,947,556,1,0.012585777
Warm B,591755,3610,3609,947,556,0,0.0057518515
Warm B,420812,2544,2543,947,556,0,0.012950938
Warm B,4165,31,30,947,556,1,0.02009459
Warm B,3810,27,26,947,556,1,0.007646431
Warm B,94550,635,634,947,556,1,0.009066757
Warm B,216815,1317,1316,947,556,1,0.0155616
Warm B,108472,711,710,947,556,1,0.0016352106
Warm B,854162,5125,5124,947,556,1,0.014282782
Warm B,739344,4418,4417,947,556,1,0.014786462
Warm B,966572,5831,5830,947,556,1,0.023321759
Warm B,171291,1088,1087,947,556,1,0.018533919
Warm B,312216,1861,1860,947,556,1,0.011328437
Warm B,50589,333,332,947,556,1,0.0030145638
Warm B,232502,1413,1412,947,556,1,0.010934434
Warm B,473244,2909,2908,947,556,0,0.019936241
Warm B,322104,1912,1911,947,556,0,0.013196238
Warm B,823227,4950,4949,947,556,1,0.010743627
Warm B,820859,4934,4933,947,556,0,0.008190759
Warm B,208616,1274,1273,947,556,1,0.016104393
Warm B,958766,5787,5786,947,556,1,0.011399165
Warm B,876946,5300,5299,947,556,1,0.0058524213
Warm B,891425,5387,5386,947,556,1,0.010344
Warm B,502452,3084,3083,948,557,0,0.006466904
Warm B,768609,4579,4578,948,557,1,0.0023999978
Warm B,502812,3087,3086,948,557,1,0.007071421
Warm B,545990,3367,3366,948,557,1,0.001112294
Warm B,484084,2978,2977,948,557,0,0.01011885
Warm B,477873,2934,2933,948,557,0,-0.001443302
Warm B,695848,4169,4168,948,557,0,0.012270723
Warm B,469171,2889,2888,948,557,1,0.0024830948
Warm B,466635,2878,2877,948,557,0,0.016179735
Warm B,459756,2834,2833,948,557,1,0.0075716428
Warm B,457678,2820,2819,948,557,0,0.0037242877
Warm B,438243,2679,2678,948,557,1,0.007968122
Warm B,412508,2483,2482,948,557,0,0.009082368
Warm B,414444,2496,2495,948,557,1,0.00387497
Warm B,398182,2368,2367,948,557,1,0.0010104119
Warm B,395052,2334,2333,948,557,1,0.008818725
Warm B,383445,2241,2240,948,557,1,-0.0030500875
Warm B,377679,2205,2204,948,557,0,0.014392245
Warm B,352906,2067,2066,948,557,0,0.0076627713
Warm B,268822,1632,1631,948,557,0,0.015686393
Warm B,256630,1569,1568,948,557,1,0.020359691
Warm B,346079,2030,2029,948,557,1,0.010734616
Warm B,350641,2059,2058,948,557,0,0.0088749165
Warm B,242622,1465,1464,948,557,1,0.006497513
Warm B,325221,1926,1925,948,557,1,0.011930495
Warm B,188528,1170,1169,948,557,1,0.010830494
Warm B,327654,1941,1940,948,557,1,0.01937117
Warm B,162187,1034,1033,948,557,1,0.0062543377
Warm B,337958,1988,1987,948,557,0,0.008595929
Warm B,323662,1920,1919,948,557,1,0.014148082
Warm B,221114,1340,1339,948,557,0,0.007883549
Warm B,137826,889,888,948,557,0,0.007054476
Warm B,131001,850,849,948,557,1,0.01217364
Warm B,124421,801,800,948,557,1,0.0061160154
Warm B,115879,752,751,948,557,1,0.015894687
Warm B,778805,4653,4652,948,557,1,-9.500387e-05
Warm B,94839,637,636,948,557,1,0.010175258
Warm B,283899,1698,1697,948,557,1,0.0070538726
Warm B,88295,583,582,948,557,1,0.011029191
Warm B,190455,1181,1180,948,557,0,0.009246053
Warm B,82782,549,548,948,557,1,0.0057226187
Warm B,51656,339,338,948,557,1,0.007822511
Warm B,48460,326,325,948,557,0,0.006687688
Warm B,46774,314,313,948,557,1,-0.0030620724
Warm B,39764,270,269,948,557,1,0.0150434375
Warm B,23566,169,168,948,557,1,0.0104560815
Warm B,23031,166,165,948,557,1,0.01138532
Warm B,18619,146,145,948,557,0,0.012534985
Warm B,234749,1425,1424,948,557,1,0.005663393
Warm B,4938,35,34,948,557,0,-0.0044321795
Warm B,15458,123,122,948,557,1,0.009993283
Warm B,552106,3401,3400,948,557,0,0.004777139
Warm B,129187,839,838,948,557,1,0.013354734
Warm B,289672,1729,1728,948,557,0,0.003082422
Warm B,157803,1015,1014,948,557,1,0.010080457
Warm B,316627,1884,1883,948,557,1,0.012901617
Warm B,934616,5643,5642,948,557,1,0.013128959
Warm B,339097,1998,1997,948,557,1,0.013341268
Warm B,50590,333,332,948,557,0,0.0047701905
Warm B,607624,3688,3687,948,557,1,0.009771779
Warm B,171292,1088,1087,948,557,1,0.008065477
Warm B,335512,1980,1979,948,557,1,0.0093280645
Warm B,570930,3503,3502,948,557,1,0.003409638
Warm B,159844,1019,1018,948,557,0,0.012043517
Warm B,841011,5054,5053,948,557,1,0.0053049806
Warm B,322105,1912,1911,948,557,0,0.007654183
Warm B,62601,424,423,948,557,1,0.01753113
Warm B,821539,4940,4939,948,557,1,0.01930834
Warm B,825484,4958,4957,948,557,0,0.0018678254
Warm B,893809,5397,5396,948,557,1,0.005084763
Warm B,243733,1470,1469,973,569,0,0.010181582
Warm B,162212,1034,1033,973,569,1,0.000644449
Warm B,159119,1017,1016,973,569,0,0.006520942
Warm B,190530,1181,1180,973,569,1,0.0045771194
Warm B,199310,1224,1223,973,569,1,0.010604348
Warm B,137896,889,888,973,569,1,0.013480568
Warm B,374768,2185,2184,973,569,1,-0.0026141738
Warm B,118664,767,766,973,569,1,0.0027413103
Warm B,106670,702,701,973,569,1,0.009113984
Warm B,18657,146,145,973,569,0,0.0013188731
Warm B,61778,415,414,973,569,1,0.005419704
Warm B,12700,97,96,973,569,1,0.0017789642
Warm B,123315,796,795,973,569,1,0.001941598
Warm B,10965,81,80,973,569,1,0.0074540037
Warm B,9808,67,66,973,569,1,0.0010396658
Warm B,591792,3610,3609,973,569,0,0.004082675
Warm B,552136,3401,3400,973,569,1,0.006136997
Warm B,916620,5539,5538,973,569,1,0.009574979
Warm B,89157,588,587,973,569,1,-0.001626703
Warm B,628524,3807,3806,973,569,1,-0.00050263875
Warm B,499193,3067,3066,973,569,1,0.002691079
Warm B,793962,4748,4747,973,569,0,0.014331078
Warm B,264096,1607,1606,978,570,0,0.011900939
Warm B,256518,1567,1566,978,570,1,0.017222663
Warm B,294185,1749,1748,978,570,1,0.009959889
Warm B,631393,3821,3820,978,570,1,0.01155995
Warm B,273674,1650,1649,978,570,1,0.0037829105
Warm B,283939,1698,1697,978,570,1,0.014381066
Warm B,208239,1273,1272,978,570,1,0.007829409
Warm B,207306,1267,1266,978,570,1,-0.0032293557
Warm B,187141,1161,1160,978,570,1,0.0041739736
Warm B,182692,1140,1139,978,570,1,0.018357715
Warm B,190532,1181,1180,978,570,1,0.013171023
Warm B,162214,1034,1033,978,570,0,0.0031878112
Warm B,137899,889,888,978,570,1,0.0151291415
Warm B,108478,711,710,978,570,1,-0.00067668175
Warm B,626555,3792,3791,978,570,0,0.010513168
Warm B,176757,1117,1116,978,570,1,0.010578339
Warm B,208643,1274,1273,978,570,1,0.008422301
Warm B,34679,235,234,978,570,1,0.006538175
Warm B,133613,864,863,978,570,0,0.006781305
Warm B,10966,81,80,978,570,1,0.0050758435
Warm B,591795,3610,3609,978,570,0,0.008724863
Warm B,8789,59,58,978,570,0,0.013602025
Warm B,23611,169,168,978,570,0,0.014289074
Warm B,166336,1059,1058,978,570,0,0.008176303
Warm B,457716,2820,2819,978,570,0,0.012022278
Warm B,739356,4418,4417,978,570,1,0.007829389
Warm B,412040,2478,2477,978,570,0,0.013968154
Warm B,605136,3679,3678,978,570,0,0.0032376251
Warm B,284776,1699,1698,978,570,1,0.015323086
Warm B,934648,5643,5642,978,570,0,0.011465443
Warm B,901377,5450,5449,978,570,1,0.018489111
Warm B,164318,1051,1050,978,570,1,0.019377206
Warm B,804021,4815,4814,978,570,1,0.0038566273
Warm B,633004,3824,3823,978,570,1,-0.00037905865
Warm B,983974,5948,5947,978,570,1,-0.001436835
Warm B,322152,1912,1911,978,570,0,0.0035824315
Warm B,916621,5539,5538,978,570,1,0.010389751
Warm B,460572,2841,2840,978,570,1,0.0093985535
Warm B,18658,146,145,978,570,1,0.01541876
Warm B,900934,5448,5447,978,570,0,0.010571176
Warm B,182695,1140,1139,982,571,0,0.0011500891
Warm B,177465,1119,1118,982,571,1,-0.0020099122
Warm B,166932,1062,1061,982,571,1,0.0007791729
Warm B,131031,850,849,982,571,1,-0.00039068703
Warm B,412042,2478,2477,982,571,0,0.011643891
Warm B,198126,1218,1217,982,571,1,0.004535233
Warm B,92694,621,620,982,571,1,0.008915666
Warm B,46809,314,313,982,571,1,-0.00031689473
Warm B,103,2,1,982,571,1,0.00531604
Warm B,15535,123,122,982,571,0,0.004466271
Warm B,157884,1015,1014,982,571,0,0.009726882
Warm B,680539,4079,4078,982,571,1,0.0013577054
Warm B,293629,1748,1747,982,571,0,0.0059941653
Warm B,768630,4579,4578,982,571,0,0.0050926874
Warm B,50613,333,332,982,571,0,0.0031575076
Warm B,102024,678,677,982,571,1,0.0065052942
Warm B,171364,1088,1087,982,571,1,0.005382684
Warm B,841029,5054,5053,982,571,1,-0.0047965767
Warm B,322158,1912,1911,982,571,0,0.0055467146
Warm B,384654,2247,2246,982,571,1,0.0071186256
Warm B,433534,2643,2642,982,571,0,0.008434126
Warm B,638951,3842,3841,988,573,0,0.0007082918
Warm B,828584,4979,4978,988,573,0,0.004424236
Warm B,960236,5792,5791,988,573,1,0.0050115976
Warm B,164333,1051,1050,988,573,1,0.010017013
Warm B,34690,235,234,988,573,1,0.0055552893
Warm B,187521,1164,1163,988,573,0,-0.0004947246
Warm B,215423,1306,1305,988,573,1,0.003405279
Warm B,159889,1019,1018,988,573,0,-0.0006947117
Warm B,877382,5302,5301,988,573,1,0.0011911492
Warm B,561168,3453,3452,991,574,0,0.0055830074
Warm B,561872,3457,3456,991,574,0,-0.0037976326
Warm B,558451,3430,3429,991,574,0,-0.0025175568
Warm B,557594,3425,3424,991,574,0,-0.002341556
Warm B,576944,3526,3525,991,574,0,0.009130033
Warm B,539778,3320,3319,991,574,1,0.004377999
Warm B,534300,3299,3298,991,574,1,0.002920147
Warm B,532600,3289,3288,991,574,1,0.0006148644
Warm B,533105,3292,3291,991,574,1,0.008980322
Warm B,532002,3285,3284,991,574,0,0.004688731
Warm B,526680,3259,3258,991,574,1,0.005263666
Warm B,525571,3246,3245,991,574,0,0.0013001799
Warm B,530867,3280,3279,991,574,0,0.0027178368
Warm B,522310,3224,3223,991,574,0,0.0073313667
Warm B,512076,3159,3158,991,574,1,0.000801855
Warm B,993820,6002,6001,991,574,1,-0.00032735406
Warm B,738079,4411,4410,991,574,1,0.000859651
Warm B,505554,3110,3109,991,574,0,0.0032042651
Warm B,505050,3108,3107,991,574,0,0.015001117
Warm B,492564,3029,3028,991,574,1,0.007885856
Warm B,474630,2913,2912,991,574,0,0.0077851824
Warm B,473337,2909,2908,991,574,1,0.0017241286
Warm B,463109,2857,2856,991,574,0,0.009246154
Warm B,453560,2793,2792,991,574,1,0.0021654814
Warm B,453226,2792,2791,991,574,1,0.014099885
Warm B,442143,2720,2719,991,574,0,-0.0037643823
Warm B,695952,4169,4168,991,574,0,0.015144439
Warm B,435746,2664,2663,991,574,1,0.0030469922
Warm B,432582,2638,2637,991,574,1,0.0006405227
Warm B,430434,2624,2623,991,574,1,0.005043023
Warm B,422448,2559,2558,991,574,1,0.016630411
Warm B,408054,2453,2452,991,574,1,0.0059157396
Warm B,398975,2376,2375,991,574,0,0.01101314
Warm B,398199,2368,2367,991,574,0,0.0059569366
Warm B,391561,2303,2302,991,574,1,0.0035429713
Warm B,388068,2271,2270,991,574,1,-0.0016986864
Warm B,386552,2261,2260,991,574,1,0.004675789
Warm B,362800,2116,2115,991,574,0,0.0074032336
Warm B,359266,2102,2101,991,574,0,-0.00016418193
Warm B,350095,2055,2054,991,574,0,0.00016865821
Warm B,335601,1980,1979,991,574,0,0.015663065
Warm B,312241,1861,1860,991,574,0,0.006442736
Warm B,315030,1880,1879,991,574,0,0.0027954527
Warm B,293639,1748,1747,991,574,0,0.009067589
Warm B,241033,1451,1450,991,574,1,0.0064584003
Warm B,230284,1393,1392,991,574,1,0.0036865568
Warm B,228894,1387,1386,991,574,0,0.011149511
Warm B,218795,1327,1326,991,574,0,0.0120943915
Warm B,205079,1262,1261,991,574,1,0.0009400274
Warm B,258718,1585,1584,991,574,1,0.009543318
Warm B,213328,1298,1297,991,574,1,0.009512201
Warm B,278810,1680,1679,991,574,0,0.009317048
Warm B,196019,1205,1204,991,574,1,-0.010336315
Warm B,193134,1193,1192,991,574,1,0.009844826
Warm B,219746,1333,1332,991,574,0,0.002997012
Warm B,338003,1988,1987,991,574,1,0.012802344
Warm B,188870,1172,1171,991,574,1,-0.0128718205
Warm B,210688,1285,1284,991,574,0,0.00887234
Warm B,307268,1835,1834,991,574,1,-0.0007911095
Warm B,181416,1134,1133,991,574,1,0.0049065086
Warm B,180191,1128,1127,991,574,0,0.0050193816
Warm B,229187,1389,1388,991,574,1,0.008628929
Warm B,168284,1069,1068,991,574,1,0.0061619626
Warm B,275020,1666,1665,991,574,1,0.00649234
Warm B,319941,1899,1898,991,574,0,0.004418742
Warm B,152911,984,983,991,574,1,-0.0008699995
Warm B,157909,1015,1014,991,574,0,0.0035749956
Warm B,249178,1502,1501,991,574,1,0.009529859
Warm B,235944,1428,1427,991,574,0,-0.003577462
Warm B,156632,1010,1009,991,574,1,0.0106564015
Warm B,139358,891,890,991,574,0,0.015997205
Warm B,137934,889,888,991,574,0,0.009135863
Warm B,141401,911,910,991,574,1,0.018437795
Warm B,136355,881,880,991,574,1,0.0056088343
Warm B,263087,1605,1604,991,574,1,0.009694323
Warm B,778825,4653,4652,991,574,0,0.0015587634
Warm B,98643,660,659,991,574,1,0.0065939277
Warm B,104181,692,691,991,574,0,0.0022799221
Warm B,89973,593,592,991,574,1,-0.00915978
Warm B,432073,2634,2633,991,574,0,0.0041011204
Warm B,190571,1181,1180,991,574,0,0.009187082
Warm B,233956,1422,1421,991,574,0,0.010085356
Warm B,80526,534,533,991,574,1,-0.0014719691
Warm B,77277,524,523,991,574,0,0.007819787
Warm B,69674,468,467,991,574,1,0.0027854198
Warm B,201405,1242,1241,991,574,0,0.00788572
Warm B,53670,352,351,991,574,1,0.008236433
Warm B,21980,161,160,991,574,1,0.008542391
Warm B,248697,1501,1500,991,574,1,0.0037924591
Warm B,16099,127,126,991,574,0,0.01305395
Warm B,6777,48,47,991,574,0,0.0076660556
Warm B,50099,331,330,991,574,1,-0.002591173
Warm B,79198,531,530,991,574,0,0.008756731
Warm B,399758,2380,2379,991,574,1,0.0030933956
Warm B,65225,438,437,991,574,1,0.0013420025
Warm B,129249,839,838,991,574,1,0.006781836
Warm B,194727,1202,1201,991,574,0,0.009223457
Warm B,174031,1101,1100,991,574,0,0.010615174
Warm B,460581,2841,2840,991,574,1,-0.0021123467
Warm B,567316,3483,3482,991,574,1,0.009172692
Warm B,309512,1842,1841,991,574,1,0.005566379
Warm B,499219,3067,3066,991,574,1,0.0076637357
Warm B,245715,1484,1483,991,574,0,-0.0019964501
Warm B,195284,1203,1202,991,574,0,0.0163186
Warm B,322167,1912,1911,991,574,0,0.0048771948
Warm B,285185,1701,1700,991,574,1,0.0071477843
Warm B,283960,1698,1697,991,574,1,0.013718824
Warm B,770929,4593,4592,991,574,0,0.008024201
Warm B,115959,752,751,991,574,0,0.006405742
Warm B,941319,5682,5681,991,574,1,-0.0019326848
Warm B,156634,1010,1009,998,577,0,-0.0051023965
Warm B,202364,1244,1243,998,577,0,0.003481648
Warm B,360566,2106,2105,998,577,0,0.003481838
Warm B,121026,780,779,998,577,0,-0.0012197578
Warm B,119886,774,773,998,577,0,0.0013044504
Warm B,117004,754,753,998,577,0,-0.005360123
Warm B,114743,746,745,998,577,0,-0.0050224448
Warm B,239796,1449,1448,998,577,0,-0.0011869976
Warm B,105916,699,698,998,577,0,-0.007307939
Warm B,299492,1778,1777,998,577,0,-0.0023240792
Warm B,121699,783,782,998,577,0,-0.0039343005
Warm B,109205,714,713,998,577,1,-0.0025433153
Warm B,90580,601,600,998,577,1,0.006214315
Warm B,150460,970,969,998,577,1,-0.00059036864
Warm B,82859,549,548,998,577,0,0.00589965
Warm B,238692,1448,1447,998,577,1,0.000596812
Warm B,77280,524,523,998,577,0,-0.001462888
Warm B,64165,429,428,998,577,0,0.005890322
Warm B,53673,352,351,998,577,1,-0.007637169
Warm B,51135,337,336,998,577,0,0.0045623314
Warm B,638963,3842,3841,998,577,1,-0.0061453455
Warm B,55580,368,367,998,577,0,0.00849601
Warm B,40355,272,271,998,577,0,0.005290921
Warm B,33454,225,224,998,577,1,-0.00826817
Warm B,15557,123,122,998,577,0,0.0043364596
Warm B,45363,306,305,998,577,1,0.0020119047
Warm B,336657,1982,1981,998,577,0,0.0037617944
Warm B,161285,1029,1028,998,577,0,0.0016101338
Warm B,19945,149,148,998,577,0,0.0006837053
Warm B,599099,3648,3647,998,577,0,-0.005508993
Warm B,13345,104,103,998,577,0,0.00050028367
Warm B,941321,5682,5681,998,577,0,-0.0015803749
Warm B,79199,531,530,998,577,0,2.333615e-05
Warm B,444818,2743,2742,1003,579,0,0.013169533
Warm B,564670,3471,3470,1003,579,0,0.017672257
Warm B,433749,2643,2642,1003,579,0,0.011435963
Warm B,415847,2504,2503,1003,579,0,0.0011143794
Warm B,363329,2116,2115,1003,579,0,0.0071522817
Warm B,358618,2098,2097,1003,579,0,0.0075228857
Warm B,359537,2102,2101,1003,579,0,0.010058271
Warm B,360221,2105,2104,1003,579,0,0.008508779
Warm B,304543,1811,1810,1003,579,0,0.0039004553
Warm B,321741,1908,1907,1003,579,1,0.006487702
Warm B,293912,1748,1747,1003,579,0,0.006441826
Warm B,315495,1880,1879,1003,579,0,0.009254232
Warm B,266010,1613,1612,1003,579,1,0.01677141
Warm B,259618,1587,1586,1003,579,1,0.009300431
Warm B,392457,2304,2303,1003,579,1,0.008777359
Warm B,250496,1509,1508,1003,579,0,0.0020384127
Warm B,279772,1680,1679,1003,579,1,0.005719343
Warm B,185668,1150,1149,1003,579,0,0.012777416
Warm B,184103,1146,1145,1003,579,0,0.008570202
Warm B,168019,1068,1067,1003,579,0,0.009687903
Warm B,164007,1050,1049,1003,579,0,0.0067659877
Warm B,170302,1084,1083,1003,579,0,0.0061973548
Warm B,162499,1035,1034,1003,579,0,0.006315851
Warm B,221565,1340,1339,1003,579,0,0.009795334
Warm B,145474,935,934,1003,579,0,0.003307779
Warm B,136855,881,880,1003,579,0,0.011429966
Warm B,154982,999,998,1003,579,0,0.0022822726
Warm B,125044,802,801,1003,579,1,0.008647962
Warm B,117654,757,756,1003,579,0,0.0051803244
Warm B,116518,752,751,1003,579,0,0.011823023
Warm B,108244,710,709,1003,579,1,0.014024922
Warm B,106271,699,698,1003,579,0,0.008192874
Warm B,100974,673,672,1003,579,0,0.0024811071
Warm B,109414,714,713,1003,579,1,0.0072880406
Warm B,97401,652,651,1003,579,0,0.009067213
Warm B,329527,1943,1942,1003,579,1,0.01658973
Warm B,111002,721,720,1003,579,1,0.017383121
Warm B,697708,4169,4168,1003,579,0,0.016910981
Warm B,83435,549,548,1003,579,1,0.01857267
Warm B,77799,524,523,1003,579,1,0.016820908
Warm B,239231,1448,1447,1003,579,0,0.012640078
Warm B,60191,409,408,1003,579,1,-0.0050240895
Warm B,53848,352,351,1003,579,0,0.011579489
Warm B,270159,1635,1634,1003,579,1,0.012706336
Warm B,3481,26,25,1003,579,0,0.015736211
Warm B,104504,692,691,1003,579,1,0.01079374
Warm B,207079,1266,1265,1003,579,0,0.0001415445
Warm B,50209,331,330,1003,579,0,0.003027344
Warm B,355122,2077,2076,1003,579,0,0.011139174
Warm B,150752,970,969,1003,579,0,0.011462696
Warm B,352228,2063,2062,1003,579,0,0.007814602
Warm B,265242,1611,1610,1003,579,0,0.008171618
Warm B,164783,1051,1050,1003,579,0,0.007707932
Warm B,145061,934,933,1003,579,0,0.0037433128
Warm B,79656,531,530,1003,579,0,0.0006004672
Warm B,993751,6001,6000,1003,579,0,0.010962738
Warm B,688435,4117,4116,1003,579,0,0.01029472
Warm B,325036,1925,1924,1003,579,0,0.006204325
Warm B,331867,1958,1957,1003,579,0,0.002742855
Warm B,468603,2887,2886,1003,579,0,0.010680217
Warm B,193843,1194,1193,1003,579,0,0.013102899
Warm B,460408,2840,2839,1004,580,0,0.0008201613
Warm B,458204,2820,2819,1004,580,0,0.00083700893
Warm B,430180,2621,2620,1004,580,0,0.017375594
Warm B,415290,2500,2499,1004,580,1,0.008954387
Warm B,408375,2453,2452,1004,580,1,0.008641616
Warm B,392458,2304,2303,1004,580,0,0.008727641
Warm B,375193,2186,2185,1004,580,0,0.0098469425
Warm B,358619,2098,2097,1004,580,0,0.002648147
Warm B,352229,2063,2062,1004,580,0,0.011635751
Warm B,321742,1908,1907,1004,580,0,0.0106025515
Warm B,303618,1803,1802,1004,580,0,-0.0051332675
Warm B,266011,1613,1612,1004,580,0,0.0074964873
Warm B,315497,1880,1879,1004,580,0,0.008483614
Warm B,242242,1461,1460,1004,580,0,-0.002757133
Warm B,227290,1377,1376,1004,580,0,0.013383403
Warm B,279774,1680,1679,1004,580,0,0.023202684
Warm B,342729,2015,2014,1004,580,0,0.0042973165
Warm B,193279,1193,1192,1004,580,0,0.013531022
Warm B,191335,1181,1180,1004,580,0,0.021120563
Warm B,185671,1150,1149,1004,580,0,0.0029238078
Warm B,275697,1667,1666,1004,580,0,0.006423191
Warm B,154983,999,998,1004,580,0,0.009832257
Warm B,157161,1010,1009,1004,580,0,-0.0012954345
Warm B,277124,1675,1674,1004,580,0,0.007933052
Warm B,202654,1244,1243,1004,580,0,-0.0071707657
Warm B,147517,949,948,1004,580,0,-0.0006924849
Warm B,114981,746,745,1004,580,0,0.005166408
Warm B,111004,721,720,1004,580,0,0.0028678612
Warm B,106272,699,698,1004,580,0,0.009974046
Warm B,96492,647,646,1004,580,1,0.006347944
Warm B,91312,604,603,1004,580,0,-0.0007118182
Warm B,81864,543,542,1004,580,1,0.004232636
Warm B,77800,524,523,1004,580,0,0.0035368563
Warm B,86797,566,565,1004,580,0,0.007627299
Warm B,145475,935,934,1004,580,0,0.0037837748
Warm B,19020,147,146,1004,580,0,0.015035855
Warm B,27235,192,191,1004,580,0,0.0026760595
Warm B,10281,73,72,1004,580,0,0.010032922
Warm B,30553,204,203,1004,580,0,0.009547491
Warm B,109917,716,715,1004,580,1,0.0036193375
Warm B,198484,1219,1218,1004,580,1,0.005381681
Warm B,575525,3519,3518,1005,581,0,0.004765816
Warm B,494423,3032,3031,1005,581,1,0.0003823908
Warm B,492155,3026,3025,1005,581,0,0.0024634576
Warm B,489738,3013,3012,1005,581,0,0.014491911
Warm B,488757,3007,3006,1005,581,0,-0.003143163
Warm B,517967,3196,3195,1005,581,1,-0.0002049394
Warm B,470498,2896,2895,1005,581,0,-0.001025107
Warm B,461621,2847,2846,1005,581,0,0.0025765598
Warm B,451132,2777,2776,1005,581,0,-0.006477898
Warm B,467009,2878,2877,1005,581,0,0.017106164
Warm B,430181,2621,2620,1005,581,0,0.002432888
Warm B,420549,2541,2540,1005,581,1,0.010130587
Warm B,390150,2288,2287,1005,581,0,0.008525394
Warm B,374343,2181,2180,1005,581,0,0.011740798
Warm B,356049,2085,2084,1005,581,1,-0.003484387
Warm B,313001,1865,1864,1005,581,0,0.0045298655
Warm B,268604,1631,1630,1005,581,0,-0.0017140311
Warm B,323980,1920,1919,1005,581,1,0.0073244404
Warm B,261078,1596,1595,1005,581,0,0.00095138606
Warm B,266012,1613,1612,1005,581,0,0.009008106
Warm B,309363,1841,1840,1005,581,0,0.0023778987
Warm B,242195,1460,1459,1005,581,0,0.0010271012
Warm B,361043,2106,2105,1005,581,0,-0.0066309962
Warm B,248977,1501,1500,1005,581,1,0.0139348125
Warm B,236481,1434,1433,1005,581,0,0.008751501
Warm B,227291,1377,1376,1005,581,0,0.003065432
Warm B,296888,1759,1758,1005,581,0,0.010570824
Warm B,213054,1297,1296,1005,581,0,0.004524868
Warm B,277930,1676,1675,1005,581,0,0.010957116
Warm B,279776,1680,1679,1005,581,0,0.0018577427
Warm B,196687,1207,1206,1005,581,0,0.005857322
Warm B,198671,1220,1219,1005,581,0,0.0012589684
Warm B,272347,1645,1644,1005,581,1,0.01755434
Warm B,342730,2015,2014,1005,581,0,-0.006887099
Warm B,165510,1054,1053,1005,581,0,0.011122894
Warm B,255604,1556,1555,1005,581,0,0.0058200187
Warm B,246450,1489,1488,1005,581,0,-0.00015845406
Warm B,157162,1010,1009,1005,581,0,0.005692338
Warm B,136856,881,880,1005,581,0,-0.003893356
Warm B,133885,868,867,1005,581,0,-0.006976948
Warm B,263603,1605,1604,1005,581,0,0.0075389417
Warm B,126709,817,816,1005,581,0,0.0138318725
Warm B,139260,890,889,1005,581,0,0.0022786171
Warm B,119464,770,769,1005,581,0,0.007388227
Warm B,216500,1314,1313,1005,581,0,0.0028721266
Warm B,106274,699,698,1005,581,0,-0.00581918
Warm B,101491,676,675,1005,581,0,0.0033471766
Warm B,371106,2168,2167,1005,581,0,0.003312577
Warm B,299774,1778,1777,1005,581,0,0.0028899289
Warm B,441982,2718,2717,1005,581,1,-0.00234237
Warm B,93854,629,628,1005,581,0,-0.0016389361
Warm B,76192,517,516,1005,581,0,0.0048152083
Warm B,69389,465,464,1005,581,0,-0.004255072
Warm B,68851,461,460,1005,581,0,0.0009866208
Warm B,87114,569,568,1005,581,0,0.0029902158
Warm B,65530,438,437,1005,581,0,0.015809571
Warm B,75040,509,508,1005,581,0,-0.0061574746
Warm B,57203,386,385,1005,581,0,0.0023866827
Warm B,52570,346,345,1005,581,1,-0.0025662258
Warm B,44598,302,301,1005,581,0,0.01278627
Warm B,39583,268,267,1005,581,0,-0.0021312647
Warm B,363330,2116,2115,1005,581,0,0.0071442686
Warm B,145629,936,935,1005,581,1,0.0054334784
Warm B,32149,216,215,1005,581,0,0.012055801
Warm B,273191,1647,1646,1005,581,0,0.013489755
Warm B,240424,1449,1448,1005,581,0,0.0034497865
Warm B,21040,153,152,1005,581,0,0.005910079
Warm B,6879,48,47,1005,581,0,0.0043577184
Warm B,2047,18,17,1005,581,0,0.010498025
Warm B,234295,1422,1421,1005,581,0,0.009798988
Warm B,78631,528,527,1005,581,0,-0.00072595617
Warm B,552573,3401,3400,1005,581,0,-0.010101946
Warm B,326183,1930,1929,1005,581,0,-0.0007435954
Warm B,58110,392,391,1005,581,0,-0.0007065716
Warm B,333998,1969,1968,1005,581,0,0.0113839
Warm B,883491,5333,5332,1005,581,0,0.0035561128
Warm B,376452,2195,2194,1005,581,1,0.0059862984
Warm B,171982,1088,1087,1005,581,0,0.0015993715
Warm B,335227,1978,1977,1005,581,0,-0.010573286
Warm B,599430,3648,3647,1005,581,0,0.01456248
Warm B,134530,869,868,1005,581,0,0.00031394511
Warm B,257871,1579,1578,1005,581,1,-0.0057906476
Warm B,117655,757,756,1006,582,0,0.0026657379
Warm B,106275,699,698,1006,582,0,0.010925431
Warm B,697711,4169,4168,1006,582,0,0.024710514
Warm B,361044,2106,2105,1006,582,0,0.0037711156
Warm B,191339,1181,1180,1006,582,0,0.009453774
Warm B,239234,1448,1447,1006,582,0,0.009709157
Warm B,578241,3532,3531,1006,582,1,0.0024052314
Warm B,355123,2077,2076,1006,582,0,0.0019242123
Warm B,50212,331,330,1006,582,0,0.0060451697
Warm B,682693,4085,4084,1006,582,0,0.01707486
Warm B,300517,1780,1779,1006,582,0,0.016144417
Warm B,331868,1958,1957,1006,582,1,0.0061919577
Warm B,206458,1265,1264,1006,582,0,0.004718429
Warm B,407821,2451,2450,1006,582,0,0.009055159
Warm B,561679,3454,3453,1006,582,0,0.015993446
Warm B,116520,752,751,1006,582,0,0.010356207
Warm B,468605,2887,2886,1006,582,0,0.018589217
Warm B,193844,1194,1193,1006,582,1,0.004342203
Warm B,353006,2067,2066,1008,584,0,-0.0012835441
Warm B,345529,2026,2025,1008,584,0,0.0016764414
Warm B,275701,1667,1666,1008,584,0,0.01268279
Warm B,316995,1884,1883,1008,584,0,0.01527988
Warm B,242968,1465,1464,1008,584,1,0.015973069
Warm B,246710,1490,1489,1008,584,1,0.0047350014
Warm B,318181,1890,1889,1008,584,0,0.008207504
Warm B,213638,1298,1297,1008,584,0,0.010070149
Warm B,197680,1214,1213,1008,584,0,0.004094838
Warm B,188665,1170,1169,1008,584,1,0.009638615
Warm B,182878,1140,1139,1008,584,0,0.015176661
Warm B,172677,1094,1093,1008,584,1,0.0007428741
Warm B,225488,1365,1364,1008,584,0,0.007842505
Warm B,153256,984,983,1008,584,0,0.012414024
Warm B,199595,1224,1223,1008,584,1,0.022314433
Warm B,141224,910,909,1008,584,0,0.009732409
Warm B,328572,1941,1940,1008,584,1,0.012942079
Warm B,118129,764,763,1008,584,1,0.009897329
Warm B,254152,1545,1544,1008,584,0,0.013493013
Warm B,178328,1120,1119,1008,584,0,0.01520731
Warm B,95548,639,638,1008,584,1,0.013265467
Warm B,191346,1181,1180,1008,584,0,0.018730134
Warm B,82096,544,543,1008,584,1,0.008905033
Warm B,68854,461,460,1008,584,0,0.014094944
Warm B,71599,481,480,1008,584,1,0.01154049
Warm B,55305,366,365,1008,584,0,0.0046234783
Warm B,52836,348,347,1008,584,1,0.0077141426
Warm B,592153,3610,3609,1008,584,0,0.010745124
Warm B,19487,148,147,1008,584,0,0.008144227
Warm B,234298,1422,1421,1008,584,0,0.009253122
Warm B,388212,2271,2270,1008,584,1,0.0109626595
Warm B,474004,2909,2908,1008,584,1,0.008240559
Warm B,293919,1748,1747,1008,584,0,0.009391487
Warm B,722913,4328,4327,1008,584,0,0.0081139915
Warm B,447413,2756,2755,1008,584,0,0.010117922
Warm B,821750,4940,4939,1008,584,1,0.013692697
Warm B,893471,5394,5393,1008,584,0,0.0226706
Warm B,582563,3558,3557,1011,587,0,0.009342695
Warm B,554597,3411,3410,1011,587,0,0.00071091787
Warm B,550510,3391,3390,1011,587,0,0.0007354184
Warm B,536231,3308,3307,1011,587,0,0.002855292
Warm B,531772,3283,3282,1011,587,0,-0.0028172745
Warm B,515678,3182,3181,1011,587,1,0.011784792
Warm B,575536,3519,3518,1011,587,0,0.0076312954
Warm B,494443,3032,3031,1011,587,1,-0.0009503709
Warm B,487610,2999,2998,1011,587,0,0.007165807
Warm B,483990,2976,2975,1011,587,0,0.00017151085
Warm B,472829,2907,2906,1011,587,0,-0.004669423
Warm B,471131,2899,2898,1011,587,1,0.0065131886
Warm B,474020,2909,2908,1011,587,0,0.0013265237
Warm B,467029,2878,2877,1011,587,0,0.0076734973
Warm B,361877,2109,2108,1011,587,0,0.004583113
Warm B,352740,2064,2063,1011,587,0,0.0022700469
Warm B,341780,2012,2011,1011,587,0,0.0008993811
Warm B,345885,2029,2028,1011,587,0,-0.0021482687
Warm B,337193,1983,1982,1011,587,1,0.00802016
Warm B,326189,1930,1929,1011,587,0,0.0019040648
Warm B,282365,1693,1692,1011,587,0,-0.00046461995
Warm B,273523,1648,1647,1011,587,0,-0.0018535894
Warm B,286321,1709,1708,1011,587,1,-0.0012424486
Warm B,323994,1920,1919,1011,587,0,0.0023255497
Warm B,260493,1592,1591,1011,587,0,-0.0003832085
Warm B,436653,2665,2664,1011,587,0,0.004449212
Warm B,346360,2030,2029,1011,587,0,0.0020663873
Warm B,231753,1404,1403,1011,587,0,0.0031296965
Warm B,336287,1980,1979,1011,587,0,0.004259375
Warm B,220009,1333,1332,1011,587,0,-0.0051343814
Warm B,296592,1758,1757,1011,587,0,0.0017348742
Warm B,279811,1680,1679,1011,587,1,0.0043976847
Warm B,197682,1214,1213,1011,587,0,-0.004189009
Warm B,328597,1941,1940,1011,587,1,0.0030696355
Warm B,177669,1119,1118,1011,587,0,0.0034784742
Warm B,173821,1100,1099,1011,587,0,-0.000834455
Warm B,248987,1501,1500,1011,587,0,0.0044142893
Warm B,255611,1556,1555,1011,587,0,0.005773762
Warm B,162364,1034,1033,1011,587,0,0.0047308747
Warm B,217282,1317,1316,1011,587,0,-0.00019967591
Warm B,131648,853,852,1011,587,1,0.008510496
Warm B,121296,780,779,1011,587,0,-0.00066647446
Warm B,178341,1120,1119,1011,587,0,0.0021988435
Warm B,97171,651,650,1011,587,1,0.0010480562
Warm B,352250,2063,2062,1011,587,0,0.008616046
Warm B,425776,2583,2582,1011,587,1,-0.0023098474
Warm B,284463,1698,1697,1011,587,0,0.003657952
Warm B,85321,556,555,1011,587,0,-0.004732296
Warm B,234310,1422,1421,1011,587,0,0.0071918513
Warm B,73172,494,493,1011,587,1,0.0027836058
Warm B,71327,479,478,1011,587,0,0.0055023143
Warm B,70907,476,475,1011,587,0,0.009877442
Warm B,72302,482,481,1011,587,0,-3.0163734e-05
Warm B,32173,216,215,1011,587,0,0.008107649
Warm B,28858,198,197,1011,587,0,-0.0014617649
Warm B,331882,1958,1957,1011,587,0,-0.010131507
Warm B,270175,1635,1634,1011,587,0,0.012558016
Warm B,24690,174,173,1011,587,0,-0.0044888305
Warm B,360231,2105,2104,1011,587,0,0.009189765
Warm B,239252,1448,1447,1011,587,0,-0.002094125
Warm B,13044,101,100,1011,587,1,0.0029000374
Warm B,6908,48,47,1011,587,0,0.0016201764
Warm B,95554,639,638,1011,587,0,0.003986253
Warm B,893479,5394,5393,1011,587,0,0.007615826
Warm B,408385,2453,2452,1011,587,0,0.008802969
Warm B,829239,4979,4978,1011,587,0,0.00259216
Warm B,273210,1647,1646,1011,587,0,0.0063876207
Warm B,102556,678,677,1011,587,0,0.003693638
Warm B,633547,3824,3823,1011,587,0,0.0018740301
Warm B,130014,840,839,1011,587,1,0.0027587635
Warm B,134544,869,868,1011,587,0,0.004246329
Warm B,495183,3038,3037,1011,587,1,-0.0017134445
Warm B,588114,3589,3588,1011,587,0,0.0041734306
Warm B,936737,5650,5649,1011,587,0,0.003326367
Warm B,656153,3953,3952,1011,587,1,-0.00318256
Warm B,492946,3029,3028,1014,590,0,0.012735438
Warm B,487501,2998,2997,1014,590,1,0.010925756
Warm B,748058,4465,4464,1014,590,0,0.007941764
Warm B,478247,2934,2933,1014,590,0,0.017851843
Warm B,697732,4169,4168,1014,590,1,0.014976778
Warm B,472833,2907,2906,1014,590,0,0.005260514
Warm B,467035,2878,2877,1014,590,0,0.0137951635
Warm B,438019,2676,2675,1014,590,1,0.010475722
Warm B,418917,2529,2528,1014,590,0,0.0071665803
Warm B,416871,2507,2506,1014,590,0,0.01591526
Warm B,405459,2428,2427,1014,590,1,0.0038155923
Warm B,414746,2496,2495,1014,590,0,0.006099906
Warm B,395246,2334,2333,1014,590,1,0.0067419466
Warm B,390318,2289,2288,1014,590,1,-0.0061015887
Warm B,387357,2264,2263,1014,590,1,0.018946916
Warm B,382359,2233,2232,1014,590,1,0.008587293
Warm B,379989,2222,2221,1014,590,0,0.011141938
Warm B,374364,2181,2180,1014,590,0,0.012708858
Warm B,368908,2156,2155,1014,590,0,0.010852904
Warm B,334012,1969,1968,1014,590,0,0.008925304
Warm B,317415,1888,1887,1014,590,1,0.0055816732
Warm B,325564,1926,1925,1014,590,1,0.0049065566
Warm B,269233,1632,1631,1014,590,0,0.012460991
Warm B,268613,1631,1630,1014,590,1,0.004726573
Warm B,323998,1920,1919,1014,590,0,0.008755832
Warm B,361060,2106,2105,1014,590,0,0.01483302
Warm B,236485,1434,1433,1014,590,0,0.00533988
Warm B,242981,1465,1464,1014,590,0,0.007844903
Warm B,222785,1348,1347,1014,590,0,0.004038021
Warm B,220599,1337,1336,1014,590,0,-0.0013552317
Warm B,320289,1899,1898,1014,590,0,0.024751632
Warm B,276426,1671,1670,1014,590,1,0.011028428
Warm B,279817,1680,1679,1014,590,0,0.015853371
Warm B,244174,1470,1469,1014,590,0,0.017481156
Warm B,328605,1941,1940,1014,590,1,0.018982727
Warm B,188450,1169,1168,1014,590,0,0.015647858
Warm B,186784,1156,1155,1014,590,0,0.012960917
Warm B,316376,1883,1882,1014,590,1,0.00502607
Warm B,212542,1294,1293,1014,590,0,0.004509397
Warm B,175205,1111,1110,1014,590,1,0.00081681926
Warm B,346364,2030,2029,1014,590,1,0.011576787
Warm B,168036,1068,1067,1014,590,1,0.017173957
Warm B,272360,1645,1644,1014,590,1,0.009026408
Warm B,127383,822,821,1014,590,1,0.0055029322
Warm B,263625,1605,1604,1014,590,1,0.0044655213
Warm B,124322,800,799,1014,590,1,0.009273855
Warm B,118132,764,763,1014,590,1,0.010553303
Warm B,112676,731,730,1014,590,0,0.014524371
Warm B,178345,1120,1119,1014,590,1,-0.00019342592
Warm B,100985,673,672,1014,590,0,-0.0061215907
Warm B,363350,2116,2115,1014,590,0,0.0094105285
Warm B,93859,629,628,1014,590,1,-0.004039526
Warm B,95557,639,638,1014,590,1,0.0036614651
Warm B,425779,2583,2582,1014,590,1,0.005140399
Warm B,85323,556,555,1014,590,1,-0.0007382685
Warm B,84461,550,549,1014,590,0,0.015849628
Warm B,73173,494,493,1014,590,1,0.0028022702
Warm B,64746,434,433,1014,590,0,0.008289222
Warm B,627044,3792,3791,1014,590,1,0.015549381
Warm B,63301,424,423,1014,590,1,0.014143565
Warm B,41858,284,283,1014,590,0,0.008937877
Warm B,14086,114,113,1014,590,1,0.00017727795
Warm B,6285,45,44,1014,590,1,0.004722319
Warm B,60808,411,410,1014,590,1,0.013540003
Warm B,552589,3401,3400,1014,590,0,0.012834154
Warm B,76430,518,517,1014,590,1,0.010816708
Warm B,300530,1780,1779,1014,590,0,0.016695846
Warm B,102563,678,677,1014,590,0,0.018779097
Warm B,336291,1980,1979,1014,590,0,0.012093469
Warm B,769121,4579,4578,1014,590,1,0.00289112
Warm B,562749,3462,3461,1014,590,0,0.0041862167
Warm B,134546,869,868,1014,590,1,0.010526691
Warm B,217286,1317,1316,1014,590,1,0.007718152
Warm B,714136,4277,4276,1014,590,1,0.010705599
Warm B,208939,1274,1273,1014,590,1,0.010752861
Warm B,384772,2247,2246,1014,590,1,0.00230005
Warm B,769123,4579,4578,1016,592,0,0.007596219
Warm B,500308,3072,3071,1016,592,0,0.0021168408
Warm B,495730,3044,3043,1016,592,0,0.009528596
Warm B,550518,3391,3390,1016,592,0,0.014895355
Warm B,494449,3032,3031,1016,592,1,0.010366005
Warm B,489747,3013,3012,1016,592,1,0.013074336
Warm B,487613,2999,2998,1016,592,0,0.0024061715
Warm B,697734,4169,4168,1016,592,1,0.015974645
Warm B,472836,2907,2906,1016,592,0,0.015347834
Warm B,467040,2878,2877,1016,592,1,0.010649608
Warm B,450084,2775,2774,1016,592,0,0.0088509405
Warm B,426714,2591,2590,1016,592,0,0.006180958
Warm B,419929,2537,2536,1016,592,0,0.011785186
Warm B,418920,2529,2528,1016,592,1,0.018505739
Warm B,427069,2592,2591,1016,592,1,0.007072254
Warm B,400719,2386,2385,1016,592,0,0.006049894
Warm B,387359,2264,2263,1016,592,1,0.0023151757
Warm B,383509,2241,2240,1016,592,0,0.009029877
Warm B,376926,2201,2200,1016,592,1,0.005592186
Warm B,376661,2198,2197,1016,592,0,0.011174276
Warm B,377424,2203,2202,1016,592,1,0.012667554
Warm B,374367,2181,2180,1016,592,0,0.01869786
Warm B,368909,2156,2155,1016,592,0,0.013785382
Warm B,345189,2024,2023,1016,592,0,0.0001875211
Warm B,334015,1969,1968,1016,592,1,0.012615952
Warm B,313671,1872,1871,1016,592,1,0.011226326
Warm B,297695,1764,1763,1016,592,1,0.006779168
Warm B,299194,1776,1775,1016,592,0,0.0096542
Warm B,286322,1709,1708,1016,592,1,0.007722679
Warm B,268614,1631,1630,1016,592,1,0.006847835
Warm B,267433,1625,1624,1016,592,0,-0.011296923
Warm B,345535,2026,2025,1016,592,0,0.0035475874
Warm B,436657,2665,2664,1016,592,0,0.02498443
Warm B,266032,1613,1612,1016,592,1,0.005150401
Warm B,231754,1404,1403,1016,592,0,0.006093391
Warm B,242984,1465,1464,1016,592,0,0.0037203801
Warm B,225437,1364,1363,1016,592,0,-0.005985928
Warm B,225823,1367,1366,1016,592,0,0.0037039898
Warm B,357674,2092,2091,1016,592,0,0.0025724445
Warm B,305107,1812,1811,1016,592,1,0.01565788
Warm B,276429,1671,1670,1016,592,1,0.014314675
Warm B,279824,1680,1679,1016,592,1,0.0040084166
Warm B,328610,1941,1940,1016,592,1,0.0076778615
Warm B,188451,1169,1168,1016,592,0,0.009980984
Warm B,316377,1883,1882,1016,592,0,0.0046008136
Warm B,346367,2030,2029,1016,592,0,0.011350093
Warm B,272361,1645,1644,1016,592,1,0.0067086197
Warm B,337196,1983,1982,1016,592,1,0.0023150393
Warm B,130871,849,848,1016,592,0,0.0069824294
Warm B,248991,1501,1500,1016,592,1,0.011279834
Warm B,127384,822,821,1016,592,1,0.0073179053
Warm B,315521,1880,1879,1016,592,0,0.009125229
Warm B,124323,800,799,1016,592,1,0.0040195687
Warm B,361065,2106,2105,1016,592,0,0.011344917
Warm B,118133,764,763,1016,592,0,0.0016903831
Warm B,115519,749,748,1016,592,0,0.011047391
Warm B,263628,1605,1604,1016,592,0,0.0085038645
Warm B,178348,1120,1119,1016,592,1,0.0055176485
Warm B,109424,714,713,1016,592,1,0.0058787093
Warm B,93861,629,628,1016,592,1,0.0020969599
Warm B,284467,1698,1697,1016,592,0,0.013593363
Warm B,153273,984,983,1016,592,0,0.013441367
Warm B,86812,566,565,1016,592,0,0.0042486
Warm B,85324,556,555,1016,592,1,0.005805857
Warm B,191374,1181,1180,1016,592,0,0.015853247
Warm B,83471,549,548,1016,592,1,0.015655892
Warm B,84464,550,549,1016,592,1,0.014924696
Warm B,119481,770,769,1016,592,0,0.014489623
Warm B,70909,476,475,1016,592,1,0.0051687667
Warm B,627045,3792,3791,1016,592,0,0.010332641
Warm B,46002,308,307,1016,592,0,0.007769805
Warm B,38963,264,263,1016,592,0,0.010830799
Warm B,32181,216,215,1016,592,1,0.005170623
Warm B,368489,2153,2152,1016,592,0,0.006434698
Warm B,28861,198,197,1016,592,0,0.01237586
Warm B,270177,1635,1634,1016,592,1,0.012043033
Warm B,17296,135,134,1016,592,0,-0.0022346962
Warm B,592166,3610,3609,1016,592,0,0.0060435226
Warm B,8090,54,53,1016,592,0,0.006233606
Warm B,6287,45,44,1016,592,0,0.010229627
Warm B,6916,48,47,1016,592,0,0.0085969195
Warm B,972,10,9,1016,592,1,0.010501524
Warm B,234316,1422,1421,1016,592,0,0.012721662
Warm B,19514,148,147,1016,592,0,0.006349269
Warm B,326190,1930,1929,1016,592,0,0.010148911
Warm B,348198,2041,2040,1016,592,0,0.015848745
Warm B,273216,1647,1646,1016,592,0,0.009933105
Warm B,60813,411,410,1016,592,0,0.008317914
Warm B,622341,3768,3767,1016,592,0,0.007757871
Warm B,257892,1579,1578,1016,592,1,0.010642216
Warm B,830019,4983,4982,1016,592,0,-0.00042620185
Warm B,905553,5475,5474,1016,592,1,0.015308105
Warm B,134547,869,868,1016,592,0,0.005207938
Warm B,217289,1317,1316,1016,592,0,0.0016575279
Warm B,235213,1425,1424,1016,592,0,0.0051176785
Warm B,709996,4258,4257,1016,592,1,0.0061329207
Warm B,462716,2854,2853,1018,594,0,0.0189343
Warm B,430577,2624,2623,1018,594,1,0.015081838
Warm B,446992,2753,2752,1018,594,0,0.014873739
Warm B,418924,2529,2528,1018,594,1,0.018400997
Warm B,383511,2241,2240,1018,594,0,-0.0006683674
Warm B,377427,2203,2202,1018,594,1,0.017708784
Warm B,368911,2156,2155,1018,594,0,0.013761194
Warm B,345536,2026,2025,1018,594,0,0.0048725856
Warm B,341785,2012,2011,1018,594,0,0.013353107
Warm B,340899,2010,2009,1018,594,0,0.0024499153
Warm B,295746,1755,1754,1018,594,0,0.012823287
Warm B,286323,1709,1708,1018,594,1,0.010362996
Warm B,273526,1648,1647,1018,594,0,0.0049031614
Warm B,268615,1631,1630,1018,594,1,0.010904528
Warm B,236486,1434,1433,1018,594,0,0.0010565217
Warm B,222950,1350,1349,1018,594,1,0.007970653
Warm B,276431,1671,1670,1018,594,1,0.017155422
Warm B,273220,1647,1646,1018,594,0,0.022683688
Warm B,279828,1680,1679,1018,594,1,0.011710791
Warm B,220015,1333,1332,1018,594,0,0.012587237
Warm B,328615,1941,1940,1018,594,1,0.022340633
Warm B,189897,1178,1177,1018,594,0,0.0064409357
Warm B,173823,1100,1099,1018,594,0,-0.0010650156
Warm B,346370,2030,2029,1018,594,0,0.021517638
Warm B,165334,1053,1052,1018,594,0,0.011715139
Warm B,272363,1645,1644,1018,594,1,0.013188956
Warm B,342756,2015,2014,1018,594,0,0.027268078
Warm B,156024,1004,1003,1018,594,0,0.009061281
Warm B,162369,1034,1033,1018,594,0,0.008858293
Warm B,185710,1150,1149,1018,594,0,0.02556105
Warm B,138743,889,888,1018,594,0,0.024310444
Warm B,127385,822,821,1018,594,1,0.015523453
Warm B,263630,1605,1604,1018,594,0,0.018549733
Warm B,124325,800,799,1018,594,1,0.019867895
Warm B,112677,731,730,1018,594,1,0.018359734
Warm B,178351,1120,1119,1018,594,1,0.02054552
Warm B,211287,1285,1284,1018,594,1,0.017234959
Warm B,714141,4277,4276,1018,594,1,0.014489429
Warm B,363355,2116,2115,1018,594,1,0.02269375
Warm B,109427,714,713,1018,594,1,0.015763707
Warm B,93863,629,628,1018,594,1,0.0006064391
Warm B,95561,639,638,1018,594,0,0.014529656
Warm B,284470,1698,1697,1018,594,1,0.016961917
Warm B,153276,984,983,1018,594,0,0.025735006
Warm B,85326,556,555,1018,594,1,0.009696692
Warm B,191379,1181,1180,1018,594,0,0.013342924
Warm B,82318,546,545,1018,594,0,0.022300297
Warm B,119483,770,769,1018,594,0,0.013670269
Warm B,73174,494,493,1018,594,1,0.0048330477
Warm B,70910,476,475,1018,594,1,0.008938238
Warm B,64747,434,433,1018,594,0,0.0029012756
Warm B,228506,1383,1382,1018,594,0,0.023388226
Warm B,36582,245,244,1018,594,0,0.019244485
Warm B,14088,114,113,1018,594,1,0.004520687
Warm B,13696,109,108,1018,594,0,0.0044577485
Warm B,10535,75,74,1018,594,1,0.0053513832
Warm B,6289,45,44,1018,594,0,0.008216687
Warm B,60818,411,410,1018,594,0,0.017767064
Warm B,240461,1449,1448,1018,594,0,0.022687802
Warm B,633558,3824,3823,1018,594,0,0.021759572
Warm B,115521,749,748,1018,594,0,0.01249999
Warm B,134549,869,868,1018,594,0,0.01809942
Warm B,697737,4169,4168,1018,594,1,0.03296233
Warm B,533622,3292,3291,1024,600,1,0.008595198
Warm B,529997,3272,3271,1024,600,1,0.003111233
Warm B,697752,4169,4168,1024,600,1,0.011663035
Warm B,456593,2810,2809,1024,600,1,-0.00465994
Warm B,418948,2529,2528,1024,600,0,0.008279038
Warm B,373580,2180,2179,1024,600,0,0.0047690277
Warm B,368923,2156,2155,1024,600,0,0.015547978
Warm B,364189,2121,2120,1024,600,0,-0.0010751137
Warm B,353017,2067,2066,1024,600,1,0.007106575
Warm B,341801,2012,2011,1024,600,0,4.5231543e-05
Warm B,335102,1977,1976,1024,600,1,-0.00033046474
Warm B,327042,1938,1937,1024,600,0,0.0022176746
Warm B,300553,1780,1779,1024,600,0,0.007623353
Warm B,277968,1676,1675,1024,600,1,0.0046149986
Warm B,269262,1632,1631,1024,600,0,0.011389796
Warm B,343229,2016,2015,1024,600,1,0.016851023
Warm B,235233,1425,1424,1024,600,1,0.0050617307
Warm B,237230,1442,1441,1024,600,0,-0.0007154007
Warm B,216093,1311,1310,1024,600,1,0.007311359
Warm B,213970,1299,1298,1024,600,1,0.0040404922
Warm B,279869,1680,1679,1024,600,1,0.0030601835
Warm B,273241,1647,1646,1024,600,0,0.011780897
Warm B,592179,3610,3609,1024,600,0,0.003021705
Warm B,235889,1427,1426,1024,600,0,0.014358332
Warm B,293293,1746,1745,1024,600,0,0.006654572
Warm B,328658,1941,1940,1024,600,0,0.012875723
Warm B,196719,1207,1206,1024,600,1,0.006414893
Warm B,173834,1100,1099,1024,600,0,0.0035975236
Warm B,346384,2030,2029,1024,600,0,0.014990022
Warm B,249005,1501,1500,1024,600,1,0.008235596
Warm B,168053,1068,1067,1024,600,0,0.012881841
Warm B,162380,1034,1033,1024,600,0,0.00865102
Warm B,156036,1004,1003,1024,600,0,0.0037265695
Warm B,277151,1675,1674,1024,600,1,0.001567875
Warm B,134566,869,868,1024,600,1,-0.008941563
Warm B,128793,836,835,1024,600,0,0.005458661
Warm B,263655,1605,1604,1024,600,0,-0.0006503947
Warm B,121313,780,779,1024,600,0,0.001256933
Warm B,99355,662,661,1024,600,0,0.0016057995
Warm B,152341,980,979,1024,600,1,-0.0055209175
Warm B,109435,714,713,1024,600,1,0.0014439947
Warm B,93871,629,628,1024,600,0,0.0027434758
Warm B,94486,634,633,1024,600,1,2.5289832e-05
Warm B,92227,614,613,1024,600,0,-0.0018248858
Warm B,86244,563,562,1024,600,0,0.009026061
Warm B,85333,556,555,1024,600,1,-0.002331043
Warm B,84489,550,549,1024,600,1,0.007985433
Warm B,132669,855,854,1024,600,0,-5.483022e-05
Warm B,26166,186,185,1024,600,1,-0.00010441034
Warm B,18120,139,138,1024,600,0,0.004435638
Warm B,13943,112,111,1024,600,0,0.0030830728
Warm B,10811,78,77,1024,600,1,0.0049387114
Warm B,234341,1422,1421,1024,600,0,0.009694652
Warm B,251949,1524,1523,1024,600,0,0.003659402
Warm B,326199,1930,1929,1024,600,0,0.0010013632
Warm B,386177,2258,2257,1024,600,1,0.0038025281
Warm B,12083,92,91,1024,600,0,-0.000118114054
Warm B,102598,678,677,1024,600,1,-0.0029849787
Warm B,50665,333,332,1024,600,1,0.005489058
Warm B,40056,271,270,1024,600,1,0.0063790833
Warm B,959106,5787,5786,1024,600,0,0.01319514
Warm B,285501,1701,1700,1024,600,0,0.011830206
Warm B,255622,1556,1555,1024,600,0,0.005117554
Warm B,352292,2063,2062,1024,600,1,0.007463037
Warm B,657664,3963,3962,1024,600,1,0.0085197445
Warm B,700059,4186,4185,1024,600,0,0.020922337
Warm B,609753,3695,3694,1034,609,1,0.0030769587
Warm B,608056,3689,3688,1034,609,0,0.004695847
Warm B,598397,3641,3640,1034,609,1,0.010186191
Warm B,594987,3620,3619,1034,609,1,0.0052532256
Warm B,590871,3603,3602,1034,609,0,-0.004711136
Warm B,759379,4510,4509,1034,609,1,0.007369669
Warm B,570096,3498,3497,1034,609,1,-0.0019624038
Warm B,569981,3497,3496,1034,609,1,0.011306798
Warm B,557887,3425,3424,1034,609,0,-0.0016980856
Warm B,555961,3416,3415,1034,609,1,0.0015615234
Warm B,536274,3308,3307,1034,609,1,-0.0013026169
Warm B,528353,3265,3264,1034,609,0,-0.0005988971
Warm B,524109,3230,3229,1034,609,0,0.0069610467
Warm B,518163,3197,3196,1034,609,1,0.004846886
Warm B,567057,3481,3480,1034,609,1,0.003084491
Warm B,500773,3075,3074,1034,609,0,0.0019766283
Warm B,714170,4277,4276,1034,609,1,0.010065215
Warm B,496655,3051,3050,1034,609,0,0.00169799
Warm B,482890,2967,2966,1034,609,1,0.003776657
Warm B,475312,2917,2916,1034,609,0,0.0030428304
Warm B,474091,2909,2908,1034,609,0,-1.0442454e-06
Warm B,471465,2900,2899,1034,609,1,0.0123504065
Warm B,880221,5317,5316,1034,609,1,0.0076546622
Warm B,458273,2820,2819,1034,609,1,0.003294197
Warm B,446546,2752,2751,1034,609,1,-0.0012476458
Warm B,441389,2703,2702,1034,609,0,0.0063686995
Warm B,833101,5008,5007,1034,609,0,0.007545911
Warm B,413019,2484,2483,1034,609,0,0.014659721
Warm B,408424,2453,2452,1034,609,1,0.0005651994
Warm B,403889,2413,2412,1034,609,0,0.009658768
Warm B,402513,2402,2401,1034,609,0,0.005394704
Warm B,400782,2387,2386,1034,609,0,0.0061245277
Warm B,394302,2323,2322,1034,609,1,0.009156775
Warm B,390188,2288,2287,1034,609,1,0.007850675
Warm B,378493,2208,2207,1034,609,0,0.007542578
Warm B,372698,2176,2175,1034,609,1,0.0054675722
Warm B,368503,2153,2152,1034,609,1,-0.0015892885
Warm B,364981,2124,2123,1034,609,1,0.0076640383
Warm B,349627,2051,2050,1034,609,1,0.013998059
Warm B,340933,2010,2009,1034,609,0,-8.655945e-05
Warm B,329573,1943,1942,1034,609,1,0.004867749
Warm B,313922,1874,1873,1034,609,1,-0.003841758
Warm B,323287,1916,1915,1034,609,1,0.00487394
Warm B,300939,1785,1784,1034,609,0,0.0002060153
Warm B,287866,1717,1716,1034,609,1,0.004384176
Warm B,284512,1698,1697,1034,609,1,0.0026651775
Warm B,282091,1692,1691,1034,609,1,0.002970321
Warm B,279916,1680,1679,1034,609,1,0.0011758357
Warm B,274537,1658,1657,1034,609,1,0.010311212
Warm B,262606,1601,1600,1034,609,1,0.010240693
Warm B,236092,1430,1429,1034,609,1,0.007720014
Warm B,209264,1278,1277,1034,609,0,0.008875312
Warm B,208965,1274,1273,1034,609,1,0.0035469488
Warm B,215098,1303,1302,1034,609,1,0.007171609
Warm B,271118,1639,1638,1034,609,1,-0.0025885506
Warm B,357947,2094,2093,1034,609,1,0.003370395
Warm B,308920,1837,1836,1034,609,1,0.0061907126
Warm B,186696,1155,1154,1034,609,1,0.0066761356
Warm B,181333,1133,1132,1034,609,0,0.00549844
Warm B,168074,1068,1067,1034,609,1,0.012227932
Warm B,157240,1010,1009,1034,609,1,0.003866002
Warm B,158654,1015,1014,1034,609,1,0.0045737335
Warm B,147127,948,947,1034,609,1,0.0067485673
Warm B,185772,1150,1149,1034,609,0,0.012202387
Warm B,133483,862,861,1034,609,1,-0.001355528
Warm B,131352,850,849,1034,609,0,0.0031185441
Warm B,352331,2063,2062,1034,609,0,0.013895081
Warm B,127832,824,823,1034,609,1,0.0016666073
Warm B,132690,855,854,1034,609,0,0.00861957
Warm B,115003,746,745,1034,609,0,0.010848433
Warm B,105279,696,695,1034,609,1,-0.0011456902
Warm B,100332,669,668,1034,609,1,0.008549593
Warm B,295055,1752,1751,1034,609,1,0.007864532
Warm B,111057,721,720,1034,609,1,0.0031840913
Warm B,91696,608,607,1034,609,0,0.004561324
Warm B,115544,749,748,1034,609,0,0.002794509
Warm B,191440,1181,1180,1034,609,0,0.015924854
Warm B,77875,524,523,1034,609,1,0.0030015148
Warm B,197470,1211,1210,1034,609,1,0.0052628317
Warm B,116590,752,751,1034,609,1,-0.0007071928
Warm B,68883,461,460,1034,609,0,0.0054413895
Warm B,64376,429,428,1034,609,0,0.004851014
Warm B,59206,402,401,1034,609,0,0.0037276442
Warm B,48887,327,326,1034,609,0,0.0049402667
Warm B,317937,1889,1888,1034,609,0,0.00044129207
Warm B,44697,302,301,1034,609,0,0.0060529937
Warm B,42127,285,284,1034,609,1,-0.0022896565
Warm B,26523,187,186,1034,609,1,-0.0017022535
Warm B,33608,225,224,1034,609,0,0.007628927
Warm B,224341,1356,1355,1034,609,1,-0.0009600021
Warm B,437281,2669,2668,1034,609,1,6.547943e-05
Warm B,795051,4757,4756,1034,609,0,-0.000109639135
Warm B,558680,3430,3429,1034,609,0,0.0024922597
Warm B,24472,173,172,1034,609,0,-0.0023612673
Warm B,771917,4600,4599,1034,609,1,0.01001247
Warm B,416922,2507,2506,1034,609,1,0.006033497
Warm B,460855,2841,2840,1034,609,1,0.0034019593
Warm B,290531,1733,1732,1034,609,0,-0.0019081526
Warm B,164852,1051,1050,1034,609,1,-0.0019141748
Warm B,2709,22,21,1034,609,1,0.0028118875
Warm B,309795,1842,1841,1034,609,1,0.010713855
Warm B,238266,1447,1446,1034,609,1,0.006153507
Warm B,513143,3163,3162,1034,609,1,0.004760218
Warm B,941819,5682,5681,1034,609,1,-0.006401996
Warm B,261962,1599,1598,1034,609,0,0.009685991
Warm B,193902,1194,1193,1034,609,0,0.0022192453
Warm B,172076,1088,1087,1034,609,0,0.0033245755
Warm B,937433,5654,5653,1034,609,1,-0.0016230186
Warm B,550582,3391,3390,1034,609,1,-0.0030880463
Warm B,408441,2453,2452,1043,615,0,0.011550872
Warm B,404746,2419,2418,1043,615,0,0.0056419107
Warm B,379593,2219,2218,1043,615,0,0.0039170263
Warm B,364465,2123,2122,1043,615,1,-0.0052401572
Warm B,352367,2063,2062,1043,615,1,0.013390733
Warm B,279970,1680,1679,1043,615,0,0.008105791
Warm B,338379,1988,1987,1043,615,0,-0.0015519129
Warm B,189651,1175,1174,1043,615,0,0.0038982595
Warm B,186791,1156,1155,1043,615,0,0.0018905061
Warm B,185796,1150,1149,1043,615,0,0.0050898567
Warm B,331953,1958,1957,1043,615,0,0.0065292623
Warm B,263710,1605,1604,1043,615,0,0.010287143
Warm B,221649,1340,1339,1043,615,0,0.00050297566
Warm B,138848,889,888,1043,615,0,0.016959384
Warm B,136949,881,880,1043,615,0,0.0114831
Warm B,132121,854,853,1043,615,0,0.004712238
Warm B,223803,1354,1353,1043,615,0,0.0024102784
Warm B,103534,687,686,1043,615,0,0.0063048406
Warm B,361132,2106,2105,1043,615,0,0.0022176462
Warm B,87346,570,569,1043,615,1,0.004988582
Warm B,239348,1448,1447,1043,615,0,0.012385033
Warm B,78698,528,527,1043,615,1,0.0052635893
Warm B,132708,855,854,1043,615,0,0.011331184
Warm B,697799,4169,4168,1043,615,1,0.010005532
Warm B,39622,268,267,1043,615,0,0.007958886
Warm B,199907,1227,1226,1043,615,1,0.003385798
Warm B,26541,187,186,1043,615,1,-0.0028787311
Warm B,21312,156,155,1043,615,1,0.008931071
Warm B,7907,53,52,1043,615,1,-0.005234479
Warm B,6346,45,44,1043,615,0,0.014362583
Warm B,470,6,5,1043,615,1,-0.0042110956
Warm B,20888,151,150,1043,615,0,0.00403634
Warm B,79749,531,530,1043,615,0,0.005673863
Warm B,682779,4085,4084,1043,615,0,0.0056996653
Warm B,164874,1051,1050,1043,615,0,0.006959137
Warm B,145113,934,933,1043,615,0,-0.0022284095
Warm B,204765,1260,1259,1043,615,0,0.009344203
Warm B,195768,1203,1202,1043,615,0,0.014806079
Warm B,336383,1980,1979,1043,615,0,-0.00040219515
Warm B,720654,4312,4311,1043,615,0,0.004078431
Warm B,476494,2926,2925,1043,615,0,0.0041197347
Warm B,565799,3475,3474,1043,615,0,0.0035378942
Warm B,769148,4579,4578,1043,615,0,0.00569036
Warm B,545404,3363,3362,1043,615,1,0.011234758
Warm B,217350,1317,1316,1043,615,0,0.0019717547
Warm B,832060,5001,5000,1043,615,1,0.003637797
Warm B,877565,5302,5301,1043,615,0,0.0013640661
Warm B,719046,4305,4304,1043,615,0,0.021686655
Warm B,307738,1835,1834,1046,616,1,0.021138737
Warm B,181670,1135,1134,1046,616,1,0.00805434
Warm B,258615,1584,1583,1046,616,1,0.012947878
Warm B,139496,891,890,1046,616,0,0.014875163
Warm B,138851,889,888,1046,616,1,0.022851733
Warm B,133092,858,857,1046,616,1,0.016728653
Warm B,117930,760,759,1046,616,1,0.011002954
Warm B,101017,673,672,1046,616,1,0.0037062643
Warm B,88111,580,579,1046,616,0,0.010713026
Warm B,85691,558,557,1046,616,1,0.010459649
Warm B,49620,329,328,1046,616,0,0.019469941
Warm B,33631,225,224,1046,616,1,0.021394258
Warm B,199908,1227,1226,1046,616,1,0.013850365
Warm B,23218,166,165,1046,616,1,0.011426754
Warm B,16007,126,125,1046,616,1,0.006885751
Warm B,7911,53,52,1046,616,1,0.011647209
Warm B,300,5,4,1046,616,1,0.012870627
Warm B,785867,4697,4696,1046,616,1,0.0045028315
Warm B,796395,4771,4770,1046,616,1,0.023891669
Warm B,206494,1265,1264,1046,616,1,0.018892214
Warm B,361133,2106,2105,1046,616,1,0.019594034
Warm B,23831,169,168,1046,616,0,0.025019452
Warm B,261273,1597,1596,1046,616,0,0.011475645
Warm B,24494,173,172,1046,616,0,0.016693063
Warm B,116930,753,752,1046,616,1,0.009077774
Warm B,454742,2796,2795,1046,616,1,0.011604032
Warm B,328755,1941,1940,1046,616,1,0.021192774
Warm B,331031,1954,1953,1046,616,1,0.0058167554
Warm B,907106,5488,5487,1046,616,1,0.020817146
Warm B,27616,193,192,1046,616,0,0.013474265
Warm B,580669,3546,3545,1050,619,0,0.02035804
Warm B,513967,3171,3170,1050,619,1,0.006561541
Warm B,548625,3386,3385,1050,619,0,-0.0021747525
Warm B,506910,3118,3117,1050,619,1,0.012297804
Warm B,505713,3110,3109,1050,619,0,0.005940955
Warm B,493592,3031,3030,1050,619,1,0.0062225475
Warm B,475220,2916,2915,1050,619,1,0.0070891273
Warm B,454384,2795,2794,1050,619,1,0.0028467367
Warm B,442500,2724,2723,1050,619,1,0.009405273
Warm B,431481,2628,2627,1050,619,0,0.0066554113
Warm B,428668,2608,2607,1050,619,0,0.0020630008
Warm B,429324,2611,2610,1050,619,1,0.005844625
Warm B,413476,2486,2485,1050,619,1,0.0029619823
Warm B,388655,2276,2275,1050,619,1,-0.0021001196
Warm B,372163,2173,2172,1050,619,1,0.0081287045
Warm B,352391,2063,2062,1050,619,1,0.017702384
Warm B,346727,2031,2030,1050,619,1,0.007331255
Warm B,357733,2092,2091,1050,619,0,0.009369799
Warm B,333186,1967,1966,1050,619,1,0.0016323071
Warm B,334804,1974,1973,1050,619,1,0.012173377
Warm B,325064,1925,1924,1050,619,1,-0.00044687372
Warm B,282101,1692,1691,1050,619,1,0.0073158136
Warm B,276489,1671,1670,1050,619,0,0.005538912
Warm B,267682,1626,1625,1050,619,1,0.0047229165
Warm B,304170,1806,1805,1050,619,1,0.000105024315
Warm B,303144,1800,1799,1050,619,1,0.0030529685
Warm B,232196,1408,1407,1050,619,0,0.0059425943
Warm B,229005,1387,1386,1050,619,1,0.015604468
Warm B,329603,1943,1942,1050,619,1,0.009524168
Warm B,320369,1899,1898,1050,619,1,-0.0023238487
Warm B,221665,1340,1339,1050,619,0,0.008086541
Warm B,211411,1285,1284,1050,619,1,0.008439368
Warm B,206101,1264,1263,1050,619,1,0.0067368103
Warm B,200700,1232,1231,1050,619,1,0.00094953075
Warm B,342842,2015,2014,1050,619,1,0.0056293854
Warm B,374450,2181,2180,1050,619,1,0.016631773
Warm B,185817,1150,1149,1050,619,1,0.018132135
Warm B,316415,1883,1882,1050,619,1,0.0021697811
Warm B,183370,1141,1140,1050,619,1,0.0025507775
Warm B,307754,1835,1834,1050,619,1,0.016754963
Warm B,188338,1168,1167,1050,619,1,0.0021801665
Warm B,168709,1069,1068,1050,619,1,0.0011654383
Warm B,191504,1181,1180,1050,619,1,0.011377602
Warm B,244920,1474,1473,1050,619,1,0.004143661
Warm B,158709,1015,1014,1050,619,1,0.0028789144
Warm B,270247,1635,1634,1050,619,1,0.008558905
Warm B,139499,891,890,1050,619,1,0.003275624
Warm B,138872,889,888,1050,619,1,0.01030715
Warm B,147991,953,952,1050,619,1,0.0031058039
Warm B,245917,1484,1483,1050,619,0,-0.0028154245
Warm B,180485,1128,1127,1050,619,0,0.0025133914
Warm B,127954,826,825,1050,619,1,-0.0076525034
Warm B,116626,752,751,1050,619,1,0.009320544
Warm B,106341,699,698,1050,619,1,0.0061403904
Warm B,223810,1354,1353,1050,619,1,-0.0037627711
Warm B,100351,669,668,1050,619,1,-0.0011279999
Warm B,97995,655,654,1050,619,1,0.0037296496
Warm B,84555,550,549,1050,619,0,0.00898847
Warm B,77926,524,523,1050,619,1,0.0109955855
Warm B,197486,1211,1210,1050,619,1,-0.0035941293
Warm B,72374,482,481,1050,619,1,0.0013787879
Warm B,54820,358,357,1050,619,0,0.007073881
Warm B,46911,314,313,1050,619,0,0.005206263
Warm B,34817,235,234,1050,619,0,0.0072015696
Warm B,32757,222,221,1050,619,1,0.008702077
Warm B,440215,2691,2690,1050,619,1,0.006096238
Warm B,26555,187,186,1050,619,1,0.00031035487
Warm B,947799,5722,5721,1050,619,0,-0.0059909895
Warm B,33641,225,224,1050,619,1,0.011131125
Warm B,210350,1284,1283,1050,619,0,0.0026690005
Warm B,211705,1287,1286,1050,619,1,0.0008501442
Warm B,9412,62,61,1050,619,1,-0.0022422613
Warm B,24505,173,172,1050,619,1,0.0019434106
Warm B,160457,1019,1018,1050,619,1,0.011561434
Warm B,286921,1712,1711,1050,619,0,0.001688599
Warm B,967577,5831,5830,1050,619,1,0.0037763445
Warm B,249969,1505,1504,1050,619,1,0.005403407
Warm B,460876,2841,2840,1050,619,1,0.0033965365
Warm B,265315,1611,1610,1050,619,1,0.002823681
Warm B,309814,1842,1841,1050,619,1,0.0015153971
Warm B,229434,1389,1388,1050,619,1,0.005527443
Warm B,285543,1701,1700,1050,619,0,0.003235095
Warm B,217363,1317,1316,1050,619,1,0.014273256
Warm B,172120,1088,1087,1050,619,1,0.010002287
Warm B,739616,4418,4417,1050,619,0,-0.00046390365
Warm B,461664,2847,2846,1050,619,0,0.011832301
Warm B,179271,1124,1123,1051,620,1,0.0031282923
Warm B,168710,1069,1068,1051,620,1,0.011788739
Warm B,258626,1584,1583,1051,620,1,0.00641848
Warm B,191507,1181,1180,1051,620,0,0.008951303
Warm B,320371,1899,1898,1051,620,0,0.013942555
Warm B,221666,1340,1339,1051,620,0,0.0021497724
Warm B,271146,1639,1638,1051,620,1,0.002172743
Warm B,195783,1203,1202,1051,620,1,0.0016319687
Warm B,157278,1010,1009,1051,620,1,0.0060534542
Warm B,714208,4277,4276,1051,620,1,-0.001183345
Warm B,138875,889,888,1051,620,0,0.004812727
Warm B,263725,1605,1604,1051,620,0,0.0059821904
Warm B,779144,4653,4652,1051,620,0,0.0002667799
Warm B,697827,4169,4168,1051,620,0,0.009326599
Warm B,83570,549,548,1051,620,1,0.0118255485
Warm B,77927,524,523,1051,620,1,0.00941655
Warm B,72375,482,481,1051,620,1,0.012600708
Warm B,70291,474,473,1051,620,1,0.0015994592
Warm B,240570,1449,1448,1051,620,1,0.006007459
Warm B,132721,855,854,1051,620,1,0.0076256255
Warm B,41556,283,282,1051,620,1,0.0015377528
Warm B,38386,261,260,1051,620,0,0.0069093476
Warm B,33642,225,224,1051,620,1,0.009898955
Warm B,23227,166,165,1051,620,0,0.00476211
Warm B,7928,53,52,1051,620,0,0.0052089123
Warm B,207173,1266,1265,1051,620,0,0.007845346
Warm B,50334,331,330,1051,620,1,-0.008078398
Warm B,158712,1015,1014,1051,620,1,0.0076451213
Warm B,65594,438,437,1051,620,1,0.0003731046
Warm B,129717,839,838,1051,620,1,0.011255728
Warm B,893512,5394,5393,1051,620,0,0.01070329
Warm B,778396,4647,4646,1051,620,0,0.0034776907
Warm B,497434,3054,3053,1051,620,0,0.0054423083
Warm B,960465,5792,5791,1051,620,1,0.0034505916
Warm B,375742,2188,2187,1051,620,0,0.003691483
Warm B,59962,408,407,1051,620,1,-0.003093998
Warm B,633667,3824,3823,1051,620,0,0.00487148
Warm B,290573,1733,1732,1051,620,1,0.0051378873
Warm B,697833,4169,4168,1054,621,1,0.023483448
Warm B,87352,570,569,1054,621,0,0.0089983605
Warm B,191512,1181,1180,1054,621,0,0.021225162
Warm B,77932,524,523,1054,621,1,0.028024003
Warm B,60237,409,408,1054,621,0,0.009147165
Warm B,59226,402,401,1054,621,1,0.0075905407
Warm B,54014,352,351,1054,621,1,0.021029312
Warm B,47686,319,318,1054,621,0,0.009384012
Warm B,45057,303,302,1054,621,1,0.010134484
Warm B,257967,1579,1578,1054,621,0,0.020793263
Warm B,35372,238,237,1054,621,1,0.0075120954
Warm B,88982,587,586,1054,621,0,0.021513283
Warm B,29320,199,198,1054,621,0,0.0035497635
Warm B,26556,187,186,1054,621,1,0.0033192472
Warm B,7190,49,48,1054,621,1,0.0050855684
Warm B,223816,1354,1353,1054,621,1,0.009946584
Warm B,158717,1015,1014,1054,621,0,0.016474187
Warm B,242010,1457,1456,1054,621,1,0.014870421
Warm B,116630,752,751,1054,621,1,0.023195103
Warm B,245921,1484,1483,1054,621,1,-0.0005685764
Warm B,215729,1306,1305,1054,621,1,0.0109289605
Warm B,597608,3635,3634,1066,627,1,0.007697393
Warm B,697865,4169,4168,1066,627,1,0.007779739
Warm B,586035,3577,3576,1066,627,1,-0.0036873403
Warm B,586290,3578,3577,1066,627,1,0.003112521
Warm B,580294,3544,3543,1066,627,1,0.002508142
Warm B,567068,3481,3480,1066,627,1,-0.0030667458
Warm B,560541,3445,3444,1066,627,1,-0.001157461
Warm B,553073,3402,3401,1066,627,1,0.0025879885
Warm B,544951,3360,3359,1066,627,1,0.009517342
Warm B,533706,3292,3291,1066,627,1,0.004284961
Warm B,529287,3271,3270,1066,627,0,0.0028588464
Warm B,524261,3231,3230,1066,627,1,0.0015753235
Warm B,616737,3732,3731,1066,627,0,-0.0006945627
Warm B,506937,3118,3117,1066,627,1,0.0020830175
Warm B,769165,4579,4578,1066,627,0,-0.0011057882
Warm B,496239,3049,3048,1066,627,1,0.008613665
Warm B,492215,3026,3025,1066,627,1,0.01469015
Warm B,491859,3025,3024,1066,627,1,-0.0032598658
Warm B,479019,2939,2938,1066,627,1,0.0049362606
Warm B,530612,3278,3277,1066,627,1,0.0026447123
Warm B,474847,2913,2912,1066,627,1,0.014057213
Warm B,469294,2889,2888,1066,627,1,0.0038495392
Warm B,755023,4497,4496,1066,627,0,-0.00017098058
Warm B,459261,2826,2825,1066,627,1,0.010779911
Warm B,455975,2807,2806,1066,627,1,0.00015529571
Warm B,448593,2764,2763,1066,627,1,0.011440182
Warm B,447060,2753,2752,1066,627,1,0.0008864866
Warm B,446036,2750,2749,1066,627,1,-0.0025273007
Warm B,444013,2737,2736,1066,627,0,0.0024273559
Warm B,439982,2689,2688,1066,627,1,0.0013749273
Warm B,431921,2631,2630,1066,627,1,0.025126029
Warm B,416999,2507,2506,1066,627,1,0.006357261
Warm B,413484,2486,2485,1066,627,0,0.00489261
Warm B,403894,2413,2412,1066,627,0,-0.0015324154
Warm B,908457,5493,5492,1066,627,1,-0.0043071955
Warm B,400575,2383,2382,1066,627,1,0.004639345
Warm B,396046,2340,2339,1066,627,1,0.005799224
Warm B,390944,2296,2295,1066,627,1,0.0038019584
Warm B,390803,2293,2292,1066,627,1,0.0037344147
Warm B,367270,2143,2142,1066,627,1,0.0043002847
Warm B,357093,2091,2090,1066,627,1,0.0020667256
Warm B,353784,2072,2071,1066,627,1,0.007874444
Warm B,374491,2181,2180,1066,627,1,0.0058155023
Warm B,347139,2036,2035,1066,627,1,0.0025449323
Warm B,346901,2034,2033,1066,627,1,0.006752437
Warm B,343817,2018,2017,1066,627,1,0.0067681386
Warm B,342890,2015,2014,1066,627,0,0.012208809
Warm B,327275,1939,1938,1066,627,1,0.01577919
Warm B,295802,1755,1754,1066,627,1,-0.0015758504
Warm B,286036,1706,1705,1066,627,1,0.010956854
Warm B,284979,1699,1698,1066,627,1,0.0028431374
Warm B,257149,1576,1575,1066,627,1,-0.0046886103
Warm B,259163,1586,1585,1066,627,1,0.002241808
Warm B,252087,1525,1524,1066,627,1,0.00023927819
Warm B,252132,1526,1525,1066,627,1,-0.005600545
Warm B,244539,1472,1471,1066,627,1,-0.0015653956
Warm B,246518,1489,1488,1066,627,1,0.013133299
Warm B,258643,1584,1583,1066,627,0,-0.0037576742
Warm B,229012,1387,1386,1066,627,1,0.0037588142
Warm B,228613,1383,1382,1066,627,1,0.005749721
Warm B,225442,1364,1363,1066,627,1,0.005967723
Warm B,218162,1322,1321,1066,627,1,-0.0028138505
Warm B,318215,1890,1889,1066,627,1,0.0021673078
Warm B,209618,1279,1278,1066,627,1,0.0039092135
Warm B,209013,1274,1273,1066,627,0,0.005755624
Warm B,206126,1264,1263,1066,627,0,0.0056011965
Warm B,203916,1254,1253,1066,627,1,0.011942203
Warm B,592243,3610,3609,1066,627,0,0.008447903
Warm B,199680,1224,1223,1066,627,1,0.0017201821
Warm B,193022,1191,1190,1066,627,1,0.00450436
Warm B,212580,1294,1293,1066,627,1,-0.0051259017
Warm B,176582,1116,1115,1066,627,1,-0.002952978
Warm B,169152,1073,1072,1066,627,1,0.00048584398
Warm B,165844,1057,1056,1066,627,1,0.00022753305
Warm B,165065,1052,1051,1066,627,1,0.007602051
Warm B,162405,1034,1033,1066,627,1,0.00315473
Warm B,156094,1004,1003,1066,627,0,0.0063619697
Warm B,153874,989,988,1066,627,1,-0.0019842328
Warm B,144576,931,930,1066,627,1,-0.0008800039
Warm B,185871,1150,1149,1066,627,1,0.0070323697
Warm B,191566,1181,1180,1066,627,0,0.012265062
Warm B,347556,2038,2037,1066,627,0,0.013668257
Warm B,138934,889,888,1066,627,1,0.0026827417
Warm B,436766,2665,2664,1066,627,0,0.008556733
Warm B,319019,1896,1895,1066,627,1,-0.00369669
Warm B,131390,850,849,1066,627,1,0.0061340635
Warm B,374928,2185,2184,1066,627,1,0.0019658245
Warm B,240624,1449,1448,1066,627,1,0.010191782
Warm B,112748,731,730,1066,627,1,0.0011189841
Warm B,583739,3562,3561,1066,627,0,0.002397445
Warm B,105310,696,695,1066,627,1,0.0053977333
Warm B,317110,1884,1883,1066,627,1,0.008685546
Warm B,314245,1875,1874,1066,627,1,0.010345447
Warm B,89890,591,590,1066,627,1,0.010140192
Warm B,89442,588,587,1066,627,1,0.0037394867
Warm B,70001,473,472,1066,627,1,0.006029077
Warm B,61884,415,414,1066,627,1,0.0055981837
Warm B,56628,379,378,1066,627,1,-0.0035750603
Warm B,52862,348,347,1066,627,1,0.0066005364
Warm B,52639,346,345,1066,627,1,0.002992129
Warm B,48913,327,326,1066,627,0,-0.00047911855
Warm B,48205,323,322,1066,627,1,-0.0027918997
Warm B,12758,97,96,1066,627,1,0.005422822
Warm B,949318,5734,5733,1066,627,0,0.005772956
Warm B,320402,1899,1898,1066,627,1,0.0083835395
Warm B,421299,2544,2543,1066,627,1,-0.0002414938
Warm B,171041,1087,1086,1066,627,1,0.00031773
Warm B,773920,4611,4610,1066,627,1,-0.0038205385
Warm B,161456,1029,1028,1066,627,1,-0.004342305
Warm B,10405,74,73,1066,627,1,-0.007836742
Warm B,287895,1717,1716,1066,627,1,0.003953764
Warm B,172165,1088,1087,1066,627,1,0.001554121
Warm B,748358,4467,4466,1066,627,1,0.002634895
Warm B,63484,424,423,1066,627,1,0.0060287328
Warm B,8867,59,58,1066,627,1,0.0024738323
Warm B,441397,2703,2702,1069,628,1,0.00097382243
Warm B,438695,2680,2679,1069,628,1,0.010028719
Warm B,421534,2546,2545,1069,628,0,0.00010175072
Warm B,420001,2537,2536,1069,628,1,0.007335109
Warm B,418211,2526,2525,1069,628,1,0.0012619986
Warm B,397448,2353,2352,1069,628,1,0.00694427
Warm B,394677,2329,2328,1069,628,0,0.012226073
Warm B,390804,2293,2292,1069,628,1,0.0023089661
Warm B,379417,2218,2217,1069,628,1,0.0020101625
Warm B,364208,2121,2120,1069,628,1,4.9107126e-05
Warm B,353247,2069,2068,1069,628,1,0.005198396
Warm B,357764,2092,2091,1069,628,1,-0.0049487725
Warm B,342047,2014,2013,1069,628,1,0.0023512745
Warm B,339736,2002,2001,1069,628,1,-0.003332831
Warm B,323322,1916,1915,1069,628,0,-0.00073006126
Warm B,229014,1387,1386,1069,628,1,0.004553224
Warm B,208445,1273,1272,1069,628,1,0.008933213
Warm B,204274,1258,1257,1069,628,1,0.0051153917
Warm B,193024,1191,1190,1069,628,1,0.004933456
Warm B,182933,1140,1139,1069,628,1,-0.000117057934
Warm B,181502,1134,1133,1069,628,1,0.011300136
Warm B,191570,1181,1180,1069,628,0,0.008392217
Warm B,165372,1053,1052,1069,628,1,0.0070228623
Warm B,162406,1034,1033,1069,628,1,-0.0027568666
Warm B,161110,1026,1025,1069,628,0,-0.0013901698
Warm B,246519,1489,1488,1069,628,0,0.0074719107
Warm B,144578,931,930,1069,628,1,0.0038789904
Warm B,138937,889,888,1069,628,1,0.0019776844
Warm B,80616,535,534,1069,628,0,-0.00601915
Warm B,70966,476,475,1069,628,1,0.003089821
Warm B,57792,391,390,1069,628,1,0.006742047
Warm B,74087,504,503,1069,628,1,-0.0014423009
Warm B,45625,307,306,1069,628,1,0.0077194273
Warm B,45122,304,303,1069,628,1,-0.0035228329
Warm B,714244,4277,4276,1069,628,1,4.405016e-05
Warm B,25937,183,182,1069,628,0,-0.0058731465
Warm B,482081,2962,2961,1069,628,0,2.7368078e-05
Warm B,13947,112,111,1069,628,1,0.0010149779
Warm B,12759,97,96,1069,628,1,0.00088999176
Warm B,592245,3610,3609,1069,628,0,-0.010261761
Warm B,1880,17,16,1069,628,1,0.006341343
Warm B,253224,1539,1538,1069,628,1,-0.0023197574
Warm B,821769,4940,4939,1069,628,1,-0.008965448
Warm B,24545,173,172,1069,628,1,0.0032727555
Warm B,454763,2796,2795,1069,628,0,-0.006045525
Warm B,388263,2271,2270,1069,628,1,0.001367331
Warm B,421301,2544,2543,1069,628,1,0.005619969
Warm B,172167,1088,1087,1069,628,0,0.008120583
Warm B,294001,1748,1747,1069,628,1,0.003085369
Warm B,322780,1912,1911,1069,628,0,-0.0051089544
Warm B,611496,3705,3704,1082,635,1,0.014106762
Warm B,595425,3621,3620,1082,635,1,0.00042903086
Warm B,590333,3600,3599,1082,635,1,0.006632518
Warm B,581081,3547,3546,1082,635,0,0.0009848962
Warm B,714287,4277,4276,1082,635,1,0.0033975658
Warm B,632126,3822,3821,1082,635,0,-0.008715114
Warm B,547049,3371,3370,1082,635,1,-0.00026110065
Warm B,543546,3346,3345,1082,635,1,0.002593941
Warm B,539629,3319,3318,1082,635,0,0.00021765567
Warm B,534872,3300,3299,1082,635,1,0.005388803
Warm B,533746,3292,3291,1082,635,1,0.0050187544
Warm B,525748,3246,3245,1082,635,1,0.0025488692
Warm B,520949,3215,3214,1082,635,1,-0.0006577751
Warm B,546257,3367,3366,1082,635,0,0.0064442456
Warm B,485894,2990,2989,1082,635,0,-0.00238503
Warm B,697918,4169,4168,1082,635,1,0.0149024
Warm B,477348,2929,2928,1082,635,1,0.009443704
Warm B,474858,2913,2912,1082,635,1,0.00092330476
Warm B,853019,5113,5112,1082,635,0,0.006465764
Warm B,467163,2878,2877,1082,635,0,0.002807641
Warm B,459280,2826,2825,1082,635,1,0.0028374814
Warm B,458377,2820,2819,1082,635,1,0.0065304725
Warm B,450049,2774,2773,1082,635,1,-0.00032295194
Warm B,442123,2719,2718,1082,635,1,0.0007074028
Warm B,420030,2537,2536,1082,635,0,0.00723927
Warm B,425496,2581,2580,1082,635,1,0.009212764
Warm B,414973,2497,2496,1082,635,1,0.0070023187
Warm B,399321,2376,2375,1082,635,1,0.005467411
Warm B,394681,2329,2328,1082,635,0,-0.0025733823
Warm B,392631,2304,2303,1082,635,1,0.0044628317
Warm B,402943,2405,2404,1082,635,1,-0.0026179398
Warm B,388770,2278,2277,1082,635,1,-0.0016038246
Warm B,385472,2251,2250,1082,635,1,-0.0005136543
Warm B,381851,2231,2230,1082,635,0,0.006187336
Warm B,378077,2205,2204,1082,635,0,0.003939659
Warm B,372187,2173,2172,1082,635,0,0.010172052
Warm B,370158,2164,2163,1082,635,0,0.01063101
Warm B,365068,2124,2123,1082,635,0,0.006378746
Warm B,344341,2020,2019,1082,635,0,0.011808174
Warm B,323343,1916,1915,1082,635,1,0.0020769534
Warm B,320661,1901,1900,1082,635,1,0.006536754
Warm B,281043,1685,1684,1082,635,1,0.0039147073
Warm B,280162,1680,1679,1082,635,1,0.004559668
Warm B,274592,1658,1657,1082,635,1,0.0044070324
Warm B,269386,1632,1631,1082,635,0,0.0036379774
Warm B,346476,2030,2029,1082,635,1,0.009973404
Warm B,260250,1591,1590,1082,635,1,-7.9792924e-05
Warm B,243095,1465,1464,1082,635,1,0.009874988
Warm B,230241,1392,1391,1082,635,0,0.011468019
Warm B,206164,1264,1263,1082,635,1,0.006218738
Warm B,192232,1183,1182,1082,635,0,0.00837673
Warm B,219569,1331,1330,1082,635,1,0.0035411937
Warm B,191635,1181,1180,1082,635,0,-0.0031794435
Warm B,320440,1899,1898,1082,635,1,0.008905359
Warm B,153393,984,983,1082,635,1,0.004986763
Warm B,222216,1343,1342,1082,635,1,0.007290164
Warm B,185932,1150,1149,1082,635,0,0.007489671
Warm B,143150,922,921,1082,635,1,0.016620103
Warm B,139000,889,888,1082,635,1,0.01130457
Warm B,141761,911,910,1082,635,1,0.011710519
Warm B,127874,824,823,1082,635,0,0.008883814
Warm B,108411,710,709,1082,635,1,0.008605748
Warm B,329669,1943,1942,1082,635,1,0.0038431156
Warm B,284635,1698,1697,1082,635,1,-0.0028568543
Warm B,85717,558,557,1082,635,1,0.0046961205
Warm B,83667,549,548,1082,635,1,0.013529712
Warm B,66691,445,444,1082,635,0,0.002507898
Warm B,55389,366,365,1082,635,1,0.004820083
Warm B,240679,1449,1448,1082,635,0,0.0060449187
Warm B,211510,1285,1284,1082,635,1,0.0057679126
Warm B,51726,339,338,1082,635,1,-0.003629833
Warm B,58247,392,391,1082,635,1,0.017674427
Warm B,145552,935,934,1082,635,1,0.0062424373
Warm B,35399,238,237,1082,635,1,-0.0019583495
Warm B,32378,216,215,1082,635,0,-0.004216783
Warm B,61905,415,414,1082,635,1,0.007934139
Warm B,9475,62,61,1082,635,1,-0.0033339493
Warm B,166709,1059,1058,1082,635,1,0.0046613906
Warm B,421342,2544,2543,1082,635,1,0.007921159
Warm B,890281,5371,5370,1082,635,1,0.0017135048
Warm B,18869,146,145,1082,635,1,0.00942004
Warm B,180926,1130,1129,1082,635,1,0.004403589
Warm B,65650,438,437,1082,635,1,-0.008547933
Warm B,823642,4950,4949,1082,635,0,0.011528019
Warm B,60985,411,410,1082,635,1,0.00767057
Warm B,633748,3824,3823,1082,635,0,0.00653382
Warm B,145157,934,933,1082,635,0,0.006468964
Warm B,894155,5397,5396,1082,635,0,0.002810339
Warm B,47766,319,318,1082,635,1,0.005018235
Warm B,204830,1260,1259,1082,635,1,-5.063368e-05
Warm B,322826,1912,1911,1082,635,0,0.010004049
Warm B,195107,1202,1201,1082,635,1,0.014152087
Warm B,286970,1712,1711,1082,635,0,0.001343383
Warm B,319665,1897,1896,1082,635,0,0.014879563
Warm B,544803,3358,3357,1083,636,1,0.0071402527
Warm B,533748,3292,3291,1083,636,0,0.013847075
Warm B,530716,3279,3278,1083,636,1,0.0054002423
Warm B,523094,3224,3223,1083,636,1,0.009369167
Warm B,527698,3261,3260,1083,636,0,0.012324141
Warm B,509981,3140,3139,1083,636,1,0.019003358
Warm B,503920,3096,3095,1083,636,1,0.004313884
Warm B,501961,3081,3080,1083,636,1,0.0146729145
Warm B,546258,3367,3366,1083,636,0,0.0065731583
Warm B,738583,4411,4410,1083,636,1,0.009432747
Warm B,491868,3025,3024,1083,636,1,0.0078734625
Warm B,697919,4169,4168,1083,636,0,0.015072288
Warm B,467165,2878,2877,1083,636,0,0.007142134
Warm B,423580,2566,2565,1083,636,0,0.006364278
Warm B,421846,2550,2549,1083,636,0,0.021157777
Warm B,420031,2537,2536,1083,636,0,0.0021213691
Warm B,419095,2529,2528,1083,636,0,0.018136203
Warm B,412229,2478,2477,1083,636,1,0.014880622
Warm B,410232,2460,2459,1083,636,0,-0.0037997463
Warm B,414830,2496,2495,1083,636,0,0.007960844
Warm B,405475,2428,2427,1083,636,1,0.008164916
Warm B,396757,2348,2347,1083,636,0,0.0043723304
Warm B,396263,2343,2342,1083,636,1,0.004526906
Warm B,392633,2304,2303,1083,636,0,0.018524006
Warm B,390821,2293,2292,1083,636,0,0.0124729425
Warm B,383527,2241,2240,1083,636,1,0.0023976944
Warm B,381853,2231,2230,1083,636,0,0.013010582
Warm B,375999,2191,2190,1083,636,1,-0.0056883376
Warm B,377532,2203,2202,1083,636,1,0.0143572055
Warm B,436807,2665,2664,1083,636,0,0.03064264
Warm B,362250,2110,2109,1083,636,0,-0.0011543003
Warm B,357099,2091,2090,1083,636,1,0.01438856
Warm B,356611,2088,2087,1083,636,1,0.01277555
Warm B,345568,2026,2025,1083,636,0,0.0041941237
Warm B,320442,1899,1898,1083,636,0,0.021981765
Warm B,317379,1887,1886,1083,636,1,0.015618853
Warm B,297116,1761,1760,1083,636,1,0.0033325925
Warm B,297816,1764,1763,1083,636,1,0.0011679104
Warm B,268650,1631,1630,1083,636,0,0.0055798898
Warm B,259192,1586,1585,1083,636,1,0.020205176
Warm B,255253,1553,1552,1083,636,1,0.011086575
Warm B,251745,1523,1522,1083,636,0,0.0063335663
Warm B,243096,1465,1464,1083,636,1,0.020651527
Warm B,244558,1472,1471,1083,636,1,0.013423301
Warm B,357798,2092,2091,1083,636,0,0.012317623
Warm B,218187,1322,1321,1083,636,1,0.010797141
Warm B,326891,1937,1936,1083,636,0,0.008335391
Warm B,289590,1727,1726,1083,636,1,0.011882823
Warm B,592279,3610,3609,1083,636,0,-0.00077224453
Warm B,264794,1609,1608,1083,636,0,0.012320492
Warm B,363689,2118,2117,1083,636,0,0.010561501
Warm B,185934,1150,1149,1083,636,0,0.006851581
Warm B,316455,1883,1882,1083,636,0,0.015656555
Warm B,183409,1141,1140,1083,636,1,0.0016871863
Warm B,328901,1941,1940,1083,636,0,0.006644321
Warm B,272452,1645,1644,1083,636,1,0.006820417
Warm B,162422,1034,1033,1083,636,0,0.0050901873
Warm B,337308,1983,1982,1083,636,1,0.018422395
Warm B,156117,1004,1003,1083,636,1,0.009782757
Warm B,167048,1062,1061,1083,636,0,0.008619158
Warm B,153394,984,983,1083,636,0,0.01633091
Warm B,147206,948,947,1083,636,1,0.007318061
Warm B,347578,2038,2037,1083,636,0,0.006648729
Warm B,249090,1501,1500,1083,636,1,0.011595538
Warm B,374947,2185,2184,1083,636,1,0.013423205
Warm B,315714,1880,1879,1083,636,1,0.013441373
Warm B,115620,749,748,1083,636,1,0.013387894
Warm B,112776,731,730,1083,636,1,0.019896798
Warm B,107001,702,701,1083,636,1,0.022019662
Warm B,103918,690,689,1083,636,1,0.015877038
Warm B,116714,752,751,1083,636,1,0.017212458
Warm B,95635,639,638,1083,636,0,0.011227265
Warm B,99646,664,663,1083,636,1,0.0076404056
Warm B,86904,566,565,1083,636,0,0.01563796
Warm B,82115,544,543,1083,636,1,0.021751516
Warm B,80475,533,532,1083,636,1,0.009310564
Warm B,61469,412,411,1083,636,1,0.015129082
Warm B,52872,348,347,1083,636,1,0.0013421576
Warm B,39225,265,264,1083,636,1,0.016985454
Warm B,36789,245,244,1083,636,0,0.0063748555
Warm B,33225,224,223,1083,636,0,0.0075070523
Warm B,32380,216,215,1083,636,0,0.008799491
Warm B,25279,178,177,1083,636,1,0.01519094
Warm B,14704,117,116,1083,636,1,0.010854552
Warm B,15835,123,122,1083,636,0,0.010911672
Warm B,6418,45,44,1083,636,0,0.001883849
Warm B,60987,411,410,1083,636,0,0.007189865
Warm B,234456,1422,1421,1083,636,0,0.006965007
Warm B,94664,635,634,1083,636,1,0.0042694556
Warm B,552750,3401,3400,1083,636,1,0.016122557
Warm B,141252,910,909,1083,636,0,0.0052716928
Warm B,841641,5054,5053,1083,636,1,0.01382268
Warm B,410578,2462,2461,1083,636,1,0.0121403765
Warm B,633750,3824,3823,1083,636,0,0.017001227
Warm B,801857,4802,4801,1083,636,1,0.014680965
Warm B,50714,333,332,1083,636,0,0.011442147
Warm B,134708,869,868,1083,636,0,0.014956608
Warm B,489829,3013,3012,1083,636,0,0.020331187
Warm B,24587,173,172,1083,636,0,0.009069116
Warm B,930740,5621,5620,1083,636,0,0.015139427
Warm B,63542,424,423,1083,636,1,0.010140715
Warm B,714288,4277,4276,1083,636,1,0.010731483
Warm B,352499,2063,2062,1083,636,0,0.01741708
Warm B,748363,4467,4466,1083,636,0,0.0016958319
Warm B,548173,3380,3379,1085,638,1,-0.0046578287
Warm B,533751,3292,3291,1085,638,1,0.0030204956
Warm B,530128,3272,3271,1085,638,1,-0.010280909
Warm B,520609,3210,3209,1085,638,1,-0.006685522
Warm B,521611,3217,3216,1085,638,1,-0.0047747917
Warm B,566577,3476,3475,1085,638,0,0.008068479
Warm B,505390,3108,3107,1085,638,1,-0.00053864566
Warm B,500349,3072,3071,1085,638,1,0.0012911141
Warm B,498606,3063,3062,1085,638,1,0.0004124064
Warm B,546261,3367,3366,1085,638,1,0.00097469916
Warm B,697922,4169,4168,1085,638,1,-0.004650914
Warm B,467168,2878,2877,1085,638,1,-0.0025896137
Warm B,462797,2854,2853,1085,638,0,-0.00093944
Warm B,714291,4277,4276,1085,638,1,-0.005168359
Warm B,440527,2693,2692,1085,638,1,-0.013958597
Warm B,438065,2676,2675,1085,638,1,0.00023500249
Warm B,427909,2599,2598,1085,638,0,-0.008028499
Warm B,447092,2753,2752,1085,638,0,0.004813921
Warm B,418227,2526,2525,1085,638,0,-0.0042127566
Warm B,414093,2491,2490,1085,638,1,-0.0020852336
Warm B,412558,2483,2482,1085,638,1,-0.0057408484
Warm B,403511,2410,2409,1085,638,1,-0.008131274
Warm B,414833,2496,2495,1085,638,0,-0.0067846463
Warm B,392637,2304,2303,1085,638,1,-0.00057937705
Warm B,390824,2293,2292,1085,638,1,-0.0004796628
Warm B,377533,2203,2202,1085,638,1,-0.001823992
Warm B,378873,2211,2210,1085,638,0,0.00068179565
Warm B,362251,2110,2109,1085,638,0,-0.009138732
Warm B,387654,2265,2264,1085,638,0,0.0059860246
Warm B,356613,2088,2087,1085,638,1,-0.006678437
Warm B,353046,2067,2066,1085,638,0,0.0009586774
Warm B,352786,2064,2063,1085,638,1,0.007242895
Warm B,357801,2092,2091,1085,638,0,0.0020698488
Warm B,318513,1891,1890,1085,638,1,0.0012596237
Warm B,317147,1884,1883,1085,638,1,0.0020228664
Warm B,289592,1727,1726,1085,638,1,0.012534637
Warm B,269390,1632,1631,1085,638,0,-0.0051204464
Warm B,254206,1545,1544,1085,638,0,0.001785241
Warm B,243099,1465,1464,1085,638,1,-0.0002865533
Warm B,273387,1647,1646,1085,638,1,0.009566565
Warm B,262028,1599,1598,1085,638,1,0.007140624
Warm B,170042,1080,1079,1085,638,1,0.0037979556
Warm B,153396,984,983,1085,638,1,0.004241058
Warm B,147209,948,947,1085,638,1,-0.0076905307
Warm B,185937,1150,1149,1085,638,0,-0.00029195054
Warm B,139006,889,888,1085,638,0,-0.009032174
Warm B,141764,911,910,1085,638,1,-0.0066092685
Warm B,155079,999,998,1085,638,1,0.0043345005
Warm B,118165,764,763,1085,638,0,-0.010139594
Warm B,123636,796,795,1085,638,1,-0.0039683226
Warm B,94352,631,630,1085,638,1,-0.0060272776
Warm B,228651,1383,1382,1085,638,1,0.006210354
Warm B,68961,461,460,1085,638,1,0.0005401368
Warm B,35401,238,237,1085,638,0,-0.001065783
Warm B,39828,270,269,1085,638,1,0.0039647752
Warm B,32383,216,215,1085,638,1,0.00090264087
Warm B,440247,2691,2690,1085,638,0,-0.005073538
Warm B,451906,2781,2780,1085,638,0,-0.0021468222
Warm B,5665,40,39,1085,638,1,0.0013959992
Warm B,7083,48,47,1085,638,0,-0.0010772699
Warm B,4609,33,32,1085,638,0,0.007104507
Warm B,4041,29,28,1085,638,1,0.0066312323
Warm B,242040,1457,1456,1085,638,1,0.00086020865
Warm B,294031,1748,1747,1085,638,0,0.003241228
Warm B,312556,1861,1860,1085,638,1,0.0082171485
Warm B,172218,1088,1087,1085,638,1,0.0049611945
Warm B,50716,333,332,1085,638,1,-0.0059157466
Warm B,24591,173,172,1085,638,0,-0.0034060585
Warm B,285590,1701,1700,1085,638,1,0.0024159288
Warm B,795660,4765,4764,1085,638,1,0.0072283563
Warm B,433854,2643,2642,1085,638,1,-0.0041373083
Warm B,630486,3813,3812,1099,650,1,-0.0012092611
Warm B,619332,3752,3751,1099,650,0,-0.0021276053
Warm B,610095,3697,3696,1099,650,0,0.004393206
Warm B,726866,4345,4344,1099,650,1,0.0057576043
Warm B,587304,3586,3585,1099,650,1,0.004417587
Warm B,697945,4169,4168,1099,650,1,0.00842009
Warm B,567090,3481,3480,1099,650,1,0.002510015
Warm B,594522,3618,3617,1099,650,1,0.0013739364
Warm B,566817,3478,3477,1099,650,1,-0.012640769
Warm B,553316,3403,3402,1099,650,1,0.001695254
Warm B,552770,3401,3400,1099,650,1,0.011744358
Warm B,540183,3320,3319,1099,650,1,0.0009958635
Warm B,533775,3292,3291,1099,650,0,0.008121533
Warm B,525862,3248,3247,1099,650,1,-0.0032563591
Warm B,538764,3313,3312,1099,650,0,0.0017299738
Warm B,518992,3201,3200,1099,650,1,0.0024483474
Warm B,509612,3138,3137,1099,650,0,-0.0013246895
Warm B,506985,3118,3117,1099,650,1,-0.0012139783
Warm B,506105,3112,3111,1099,650,0,-0.0015676615
Warm B,495807,3044,3043,1099,650,1,-0.0024113916
Warm B,738591,4411,4410,1099,650,1,0.000812409
Warm B,493120,3029,3028,1099,650,1,0.004928189
Warm B,489849,3013,3012,1099,650,1,-0.0048557017
Warm B,627203,3792,3791,1099,650,0,0.0038253937
Warm B,478382,2934,2933,1099,650,1,-0.0006945877
Warm B,473012,2907,2906,1099,650,1,0.0061816536
Warm B,474283,2909,2908,1099,650,0,0.01580883
Warm B,468740,2887,2886,1099,650,1,0.005891791
Warm B,755044,4497,4496,1099,650,0,0.006608522
Warm B,460491,2840,2839,1099,650,1,0.009436429
Warm B,467183,2878,2877,1099,650,1,0.0058690375
Warm B,449192,2769,2768,1099,650,1,0.01206354
Warm B,443246,2731,2730,1099,650,1,-0.0007969914
Warm B,433871,2643,2642,1099,650,1,0.009675229
Warm B,423328,2565,2564,1099,650,1,0.011535874
Warm B,421372,2544,2543,1099,650,1,0.0007505128
Warm B,419346,2533,2532,1099,650,1,0.0026798972
Warm B,420053,2537,2536,1099,650,1,0.0050069853
Warm B,419122,2529,2528,1099,650,0,-0.00017101341
Warm B,414980,2497,2496,1099,650,1,-0.0026182588
Warm B,414848,2496,2495,1099,650,1,-0.0074526696
Warm B,404128,2414,2413,1099,650,1,0.00032527698
Warm B,403514,2410,2409,1099,650,1,-0.0032817665
Warm B,401117,2389,2388,1099,650,1,-0.0051775025
Warm B,458406,2820,2819,1099,650,0,-0.0049382066
Warm B,382399,2233,2232,1099,650,0,0.0054778736
Warm B,365085,2124,2123,1099,650,1,0.008895633
Warm B,347074,2035,2034,1099,650,1,0.01056893
Warm B,357821,2092,2091,1099,650,1,-0.002288456
Warm B,345574,2026,2025,1099,650,0,0.0021177079
Warm B,343853,2018,2017,1099,650,1,-0.00025214418
Warm B,343280,2016,2015,1099,650,1,0.0016191886
Warm B,336544,1980,1979,1099,650,1,0.000756504
Warm B,318745,1894,1893,1099,650,1,0.0047968864
Warm B,292959,1744,1743,1099,650,1,-0.0039838552
Warm B,286484,1711,1710,1099,650,0,0.0062054372
Warm B,283712,1697,1696,1099,650,1,0.005161441
Warm B,282141,1692,1691,1099,650,1,0.0036830963
Warm B,269413,1632,1631,1099,650,0,0.0020604755
Warm B,354436,2073,2072,1099,650,1,0.0019694315
Warm B,241589,1451,1450,1099,650,1,0.017750582
Warm B,231384,1401,1400,1099,650,0,-0.0023099985
Warm B,230981,1398,1397,1099,650,1,0.0042429348
Warm B,243116,1465,1464,1099,650,1,0.009453
Warm B,228674,1383,1382,1099,650,1,0.006089354
Warm B,251484,1519,1518,1099,650,1,0.0054928176
Warm B,218198,1322,1321,1099,650,1,0.0058585787
Warm B,273410,1647,1646,1099,650,1,0.008422405
Warm B,342946,2015,2014,1099,650,0,0.004565095
Warm B,380036,2222,2221,1099,650,0,0.0118109565
Warm B,374562,2181,2180,1099,650,1,0.012310807
Warm B,184524,1147,1146,1099,650,0,-0.012105528
Warm B,180939,1130,1129,1099,650,1,-0.006888672
Warm B,168161,1068,1067,1099,650,1,0.0065591224
Warm B,175885,1112,1111,1099,650,1,0.01005036
Warm B,166727,1059,1058,1099,650,0,0.0038202768
Warm B,328944,1941,1940,1099,650,1,0.006623007
Warm B,160805,1021,1020,1099,650,0,0.014545066
Warm B,159528,1017,1016,1099,650,1,0.008203088
Warm B,158848,1015,1014,1099,650,1,0.007563373
Warm B,152590,981,980,1099,650,1,0.002470538
Warm B,324132,1920,1919,1099,650,1,0.007244487
Warm B,714311,4277,4276,1099,650,1,0.011488318
Warm B,139048,889,888,1099,650,1,0.00034808728
Warm B,137353,885,884,1099,650,1,0.0042532
Warm B,131434,850,849,1099,650,1,0.005916954
Warm B,200190,1228,1227,1099,650,1,0.0017801579
Warm B,130268,843,842,1099,650,1,0.00055749505
Warm B,107017,702,701,1099,650,1,0.005527525
Warm B,263813,1605,1604,1099,650,1,0.001445727
Warm B,101792,677,676,1099,650,1,0.010173066
Warm B,95136,637,636,1099,650,1,-0.001865132
Warm B,94357,631,630,1099,650,1,-0.0007554847
Warm B,339353,1998,1997,1099,650,1,0.008400727
Warm B,83703,549,548,1099,650,1,0.0025925506
Warm B,239485,1448,1447,1099,650,0,0.0039051096
Warm B,84675,550,549,1099,650,0,0.0038648942
Warm B,66758,446,445,1099,650,1,0.0016190762
Warm B,65018,436,435,1099,650,0,0.005559935
Warm B,332114,1959,1958,1099,650,1,0.0018093078
Warm B,64757,434,433,1099,650,1,0.009652546
Warm B,37513,255,254,1099,650,0,0.008318655
Warm B,209066,1274,1273,1099,650,1,-0.0016792304
Warm B,36825,245,244,1099,650,1,-0.0013135845
Warm B,30160,202,201,1099,650,1,0.0030280405
Warm B,26872,190,189,1099,650,1,0.0031206636
Warm B,18888,146,145,1099,650,0,0.0039383974
Warm B,12189,92,91,1099,650,0,0.010314789
Warm B,11014,81,80,1099,650,1,0.0044979057
Warm B,592293,3610,3609,1099,650,0,0.01466166
Warm B,9499,62,61,1099,650,1,0.013327432
Warm B,198305,1218,1217,1099,650,1,0.0013752683
Warm B,28538,195,194,1099,650,1,0.0145661775
Warm B,558748,3430,3429,1099,650,1,0.010052211
Warm B,352535,2063,2062,1099,650,0,0.01106628
Warm B,169348,1074,1073,1099,650,1,-0.0026218127
Warm B,688685,4118,4117,1099,650,1,0.005162601
Warm B,242051,1457,1456,1099,650,1,0.00015534018
Warm B,250017,1505,1504,1099,650,1,0.008752439
Warm B,95646,639,638,1099,650,1,0.00543529
Warm B,639449,3842,3841,1099,650,1,-0.002322295
Warm B,300669,1780,1779,1099,650,0,0.008620316
Warm B,745615,4448,4447,1099,650,1,0.012454384
Warm B,928085,5605,5604,1099,650,0,0.015338851
Warm B,760467,4517,4516,1099,650,0,0.015300934
Warm B,116742,752,751,1099,650,0,0.0071229236
Warm B,79853,531,530,1099,650,1,0.0066202353
Warm B,454801,2796,2795,1099,650,0,0.017278565
Warm B,255700,1556,1555,1099,650,1,0.009422566
Warm B,930748,5621,5620,1099,650,1,0.0054335385
Warm B,371903,2172,2171,1099,650,0,0.007361182
Warm B,430257,2621,2620,1099,650,0,0.00089036254
Warm B,63577,424,423,1099,650,1,0.010951543
Warm B,984292,5948,5947,1099,650,1,0.010598179
Warm B,274354,1658,1657,1111,655,1,0.015807956
Warm B,279052,1680,1679,1111,655,0,0.015551398
Warm B,268324,1630,1629,1111,655,1,0.014678288
Warm B,631515,3821,3820,1111,655,0,0.0025967644
Warm B,228908,1387,1386,1111,655,1,0.0044697956
Warm B,220327,1335,1334,1111,655,0,0.014047598
Warm B,210834,1285,1284,1111,655,1,0.017729621
Warm B,213404,1298,1297,1111,655,1,0.015507271
Warm B,293150,1746,1745,1111,655,1,0.008229207
Warm B,186615,1155,1154,1111,655,1,0.006449313
Warm B,148984,958,957,1111,655,1,0.01236964
Warm B,267929,1628,1627,1111,655,1,0.01725915
Warm B,200040,1228,1227,1111,655,1,0.014024314
Warm B,127942,826,825,1111,655,1,-0.008713864
Warm B,127686,824,823,1111,655,1,0.010145586
Warm B,116117,752,751,1111,655,1,0.014967166
Warm B,132405,855,854,1111,655,1,0.008412228
Warm B,100452,670,669,1111,655,0,0.013339385
Warm B,99717,666,665,1111,655,1,0.004623818
Warm B,97798,655,654,1111,655,1,0.009222228
Warm B,59956,408,407,1111,655,1,0.007194329
Warm B,201493,1242,1241,1111,655,0,0.014184067
Warm B,54819,358,357,1111,655,1,0.006522988
Warm B,24050,171,170,1111,655,1,0.0024362388
Warm B,947533,5722,5721,1111,655,1,0.0054715425
Warm B,152437,981,980,1111,655,0,0.012601597
Warm B,17606,136,135,1111,655,1,0.0084986575
Warm B,234916,1425,1424,1111,655,1,0.022861514
Warm B,459594,2832,2831,1111,655,1,0.013328697
Warm B,553874,3410,3409,1111,655,0,0.011079615
Warm B,420929,2544,2543,1111,655,0,0.015580824
Warm B,309575,1842,1841,1111,655,1,0.011570878
Warm B,287685,1717,1716,1111,655,1,0.014083397
Warm B,825533,4958,4957,1111,655,1,0.017496996
Warm B,639049,3842,3841,1128,661,0,0.011862297
Warm B,633160,3824,3823,1128,661,0,0.009231068
Warm B,663953,3999,3998,1128,661,0,0.004655421
Warm B,628338,3806,3805,1128,661,0,0.0059119407
Warm B,628628,3807,3806,1128,661,1,0.0030748863
Warm B,628142,3804,3803,1128,661,0,-0.0001052334
Warm B,629365,3808,3807,1128,661,0,0.0113658905
Warm B,638053,3841,3840,1128,661,1,0.008788535
Warm B,625463,3780,3779,1128,661,1,0.005662518
Warm B,623335,3771,3770,1128,661,0,0.005611271
Warm B,620655,3760,3759,1128,661,0,0.010780697
Warm B,615599,3727,3726,1128,661,0,0.0036263708
Warm B,614436,3722,3721,1128,661,1,-0.0057724193
Warm B,604828,3677,3676,1128,661,1,-0.0034403605
Warm B,621176,3762,3761,1128,661,0,0.011497383
Warm B,583378,3562,3561,1128,661,0,0.008508751
Warm B,577739,3528,3527,1128,661,0,0.0047899513
Warm B,580873,3547,3546,1128,661,0,-0.0044938456
Warm B,569161,3491,3490,1128,661,1,0.0131748635
Warm B,657094,3961,3960,1128,661,1,0.0041416637
Warm B,543905,3352,3351,1128,661,0,-0.0019424944
Warm B,518222,3198,3197,1128,661,1,-0.003101766
Warm B,566182,3476,3475,1128,661,0,0.0014338195
Warm B,506653,3118,3117,1128,661,0,0.005875552
Warm B,718532,4305,4304,1128,661,0,0.005190287
Warm B,494053,3032,3031,1128,661,1,0.007929716
Warm B,490702,3018,3017,1128,661,1,0.0046256045
Warm B,529638,3272,3271,1128,661,0,0.014266788
Warm B,696184,4169,4168,1128,661,0,0.014646578
Warm B,477140,2929,2928,1128,661,0,0.008045584
Warm B,472529,2907,2906,1128,661,1,0.007781839
Warm B,754656,4497,4496,1128,661,0,-0.0040444355
Warm B,463236,2857,2856,1128,661,0,0.003962996
Warm B,457857,2820,2819,1128,661,0,0.004442422
Warm B,449582,2772,2771,1128,661,0,0.0044964366
Warm B,433592,2643,2642,1128,661,0,-0.0025518178
Warm B,430724,2625,2624,1128,661,1,0.002948232
Warm B,426444,2590,2589,1128,661,0,0.0011806344
Warm B,418621,2529,2528,1128,661,0,0.009249905
Warm B,425658,2583,2582,1128,661,1,0.0037515818
Warm B,413712,2489,2488,1128,661,0,0.00070678745
Warm B,414540,2496,2495,1128,661,0,0.006696065
Warm B,408907,2455,2454,1128,661,0,0.0071184104
Warm B,397184,2352,2351,1128,661,0,-1.782924e-05
Warm B,388919,2279,2278,1128,661,0,0.00490644
Warm B,378702,2211,2210,1128,661,1,-0.0007692105
Warm B,377779,2205,2204,1128,661,0,0.0014101942
Warm B,374023,2181,2180,1128,661,1,0.0032820143
Warm B,436356,2665,2664,1128,661,0,0.015944617
Warm B,305808,1820,1819,1128,661,1,0.013830423
Warm B,288246,1722,1721,1128,661,1,0.008509638
Warm B,300312,1780,1779,1128,661,0,0.009501748
Warm B,279089,1680,1679,1128,661,1,0.006024958
Warm B,276915,1675,1674,1128,661,0,0.008048642
Warm B,267544,1626,1625,1128,661,0,0.009940838
Warm B,392126,2304,2303,1128,661,0,0.004745957
Warm B,247628,1496,1495,1128,661,1,0.004000103
Warm B,224470,1357,1356,1128,661,0,0.012008406
Warm B,239978,1449,1448,1128,661,0,0.0037257238
Warm B,327995,1941,1940,1128,661,0,0.012271658
Warm B,194804,1202,1201,1128,661,0,-0.00030505937
Warm B,334557,1974,1973,1128,661,0,-0.0028643664
Warm B,182761,1140,1139,1128,661,0,-0.004929638
Warm B,176387,1115,1114,1128,661,0,0.009701101
Warm B,196462,1207,1206,1128,661,0,0.0029298118
Warm B,175473,1112,1111,1128,661,0,0.01215094
Warm B,159214,1017,1016,1128,661,1,0.007272534
Warm B,158090,1015,1014,1128,661,0,0.0021158736
Warm B,221283,1340,1339,1128,661,0,0.01631779
Warm B,156785,1010,1009,1128,661,0,0.0031528352
Warm B,133283,860,859,1128,661,0,0.00014544092
Warm B,131119,850,849,1128,661,0,0.009360191
Warm B,123864,798,797,1128,661,0,-0.0031613722
Warm B,114082,741,740,1128,661,1,0.0037435465
Warm B,210855,1285,1284,1128,661,0,0.0045050243
Warm B,96990,651,650,1128,661,0,0.006412259
Warm B,107883,710,709,1128,661,1,0.0034848244
Warm B,351733,2063,2062,1128,661,0,0.0065938053
Warm B,92735,621,620,1128,661,0,0.0045979233
Warm B,140669,904,903,1128,661,0,0.0020966746
Warm B,284088,1698,1697,1128,661,0,-0.0001066667
Warm B,190808,1181,1180,1128,661,0,0.0089791715
Warm B,234040,1422,1421,1128,661,0,0.0031174673
Warm B,385688,2255,2254,1128,661,0,-0.0035994542
Warm B,62849,424,423,1128,661,1,0.010310225
Warm B,57673,390,389,1128,661,0,0.0063129207
Warm B,41936,284,283,1128,661,0,0.0076744305
Warm B,41263,278,277,1128,661,1,0.006893495
Warm B,36695,245,244,1128,661,0,0.003930131
Warm B,30054,202,201,1128,661,1,0.0056005195
Warm B,14639,117,116,1128,661,0,0.00816467
Warm B,290143,1733,1732,1128,661,0,0.0116750905
Warm B,863874,5205,5204,1128,661,1,0.0063326955
Warm B,552281,3401,3400,1128,661,0,0.006622197
Warm B,432654,2638,2637,1128,661,0,0.008093767
Warm B,265044,1611,1610,1128,661,1,0.0065710885
Warm B,237843,1447,1446,1128,661,0,0.008386762
Warm B,174106,1101,1100,1128,661,0,0.0011298177
Warm B,966726,5831,5830,1128,661,0,0.016909353
Warm B,927529,5605,5604,1128,661,0,0.011936593
Warm B,102175,678,677,1128,661,1,0.0033061614
Warm B,760646,4520,4519,1128,661,0,-0.0019891209
Warm B,964005,5812,5811,1128,661,0,0.0007325271
Warm B,366140,2131,2130,1128,661,1,-0.002227984
Warm B,335799,1980,1979,1128,661,0,0.015727805
Warm B,322294,1912,1911,1128,661,0,-0.002128961
Warm B,473530,2909,2908,1128,661,0,0.008892231
Warm B,497619,3055,3054,1128,661,0,0.008368234
Warm B,821567,4940,4939,1128,661,0,-0.00058322353
Warm B,712974,4277,4276,1128,661,1,0.009562274
Warm B,678456,4064,4063,1150,670,0,0.009519492
Warm B,646046,3888,3887,1150,670,1,0.002429556
Warm B,613908,3718,3717,1150,670,0,0.0021119185
Warm B,611066,3705,3704,1150,670,1,0.0067393184
Warm B,626742,3792,3791,1150,670,0,0.0060141664
Warm B,580887,3547,3546,1150,670,1,0.0022113314
Warm B,574727,3518,3517,1150,670,0,-0.0011257317
Warm B,713008,4277,4276,1150,670,1,0.006164849
Warm B,593784,3618,3617,1150,670,1,-0.0036755742
Warm B,547934,3380,3379,1150,670,1,0.0012016657
Warm B,543432,3346,3345,1150,670,0,-0.0012483359
Warm B,539563,3319,3318,1150,670,0,0.011515198
Warm B,534675,3300,3299,1150,670,1,0.0023104968
Warm B,533281,3292,3291,1150,670,1,0.0041532246
Warm B,528523,3266,3265,1150,670,1,-0.0059959367
Warm B,525815,3248,3247,1150,670,0,-0.0024722286
Warm B,521949,3222,3221,1150,670,0,0.0002389953
Warm B,521074,3216,3215,1150,670,1,-0.0008408276
Warm B,522514,3224,3223,1150,670,1,0.006365519
Warm B,696233,4169,4168,1150,670,1,0.00453934
Warm B,513491,3167,3166,1150,670,1,0.0071796654
Warm B,508988,3131,3130,1150,670,0,-0.002218455
Warm B,506678,3118,3117,1150,670,0,0.0030964033
Warm B,503407,3093,3092,1150,670,1,0.0021606423
Warm B,738138,4411,4410,1150,670,1,0.001030423
Warm B,490055,3015,3014,1150,670,1,-0.0051944964
Warm B,487361,2997,2996,1150,670,1,0.009397789
Warm B,466182,2874,2873,1150,670,0,0.0056906925
Warm B,457888,2820,2819,1150,670,0,0.008451518
Warm B,455818,2807,2806,1150,670,1,0.0014517102
Warm B,454219,2794,2793,1150,670,1,0.0035506
Warm B,453699,2793,2792,1150,670,1,0.0004562405
Warm B,428574,2608,2607,1150,670,1,0.011567187
Warm B,446841,2753,2752,1150,670,1,0.011109819
Warm B,404002,2414,2413,1150,670,0,0.00660742
Warm B,403121,2407,2406,1150,670,1,0.0019735838
Warm B,393786,2319,2318,1150,670,1,0.010816859
Warm B,393371,2313,2312,1150,670,1,0.0037163766
Warm B,391256,2301,2300,1150,670,0,0.0068499334
Warm B,386355,2259,2258,1150,670,1,0.0038348408
Warm B,382848,2237,2236,1150,670,1,0.0048158523
Warm B,381634,2231,2230,1150,670,1,0.012964423
Warm B,378717,2211,2210,1150,670,1,-0.0034198894
Warm B,377794,2205,2204,1150,670,0,0.0028470745
Warm B,368784,2156,2155,1150,670,1,0.0045933845
Warm B,352949,2067,2066,1150,670,0,0.0068227854
Warm B,302479,1796,1795,1150,670,1,0.0059042615
Warm B,282022,1692,1691,1150,670,1,0.0041603134
Warm B,292295,1741,1740,1150,670,1,0.0061491923
Warm B,246292,1489,1488,1150,670,0,0.0054251477
Warm B,260976,1595,1594,1150,670,1,0.0046915365
Warm B,325362,1926,1925,1150,670,1,0.0056574224
Warm B,219409,1330,1329,1150,670,1,0.0036117209
Warm B,320054,1899,1898,1150,670,1,0.013482461
Warm B,218276,1323,1322,1150,670,1,0.0011449958
Warm B,304853,1812,1811,1150,670,1,0.001606789
Warm B,212056,1291,1290,1150,670,1,0.0052741817
Warm B,208750,1274,1273,1150,670,1,0.0024578827
Warm B,203770,1253,1252,1150,670,1,0.009795542
Warm B,294277,1749,1748,1150,670,0,0.0029386417
Warm B,214817,1303,1302,1150,670,1,0.005331501
Warm B,158134,1015,1014,1150,670,0,-0.0011666735
Warm B,199418,1224,1223,1150,670,1,0.007446163
Warm B,142395,919,918,1150,670,1,-0.003146174
Warm B,160052,1019,1018,1150,670,0,0.010323479
Warm B,315203,1880,1879,1150,670,1,0.004165235
Warm B,263280,1605,1604,1150,670,0,0.0068767234
Warm B,124488,801,800,1150,670,1,0.0036298004
Warm B,210897,1285,1284,1150,670,1,0.004522977
Warm B,115673,750,749,1150,670,1,0.008991122
Warm B,105416,697,696,1150,670,0,0.0036052852
Warm B,97821,655,654,1150,670,1,0.0060987943
Warm B,94579,635,634,1150,670,1,0.005436088
Warm B,91819,610,609,1150,670,0,0.0007325313
Warm B,228234,1383,1382,1150,670,1,0.0012956419
Warm B,169558,1077,1076,1150,670,0,0.005884991
Warm B,75693,515,514,1150,670,1,0.0011510644
Warm B,69306,464,463,1150,670,1,0.011871135
Warm B,66771,447,446,1150,670,1,0.0008929729
Warm B,66358,444,443,1150,670,1,0.010399219
Warm B,605205,3679,3678,1150,670,0,0.007983517
Warm B,55386,366,365,1150,670,1,0.0021357897
Warm B,52762,347,346,1150,670,1,-0.0018726006
Warm B,35393,238,237,1150,670,0,0.0009883437
Warm B,34199,230,229,1150,670,1,0.0056542
Warm B,33701,225,224,1150,670,1,-0.0007593811
Warm B,34875,235,234,1150,670,1,0.005804849
Warm B,88798,587,586,1150,670,0,0.007422047
Warm B,76353,518,517,1150,670,1,-0.0071658483
Warm B,481791,2962,2961,1150,670,0,0.00944069
Warm B,524406,3233,3232,1150,670,1,0.003784489
Warm B,316782,1884,1883,1150,670,1,0.004732524
Warm B,111644,727,726,1150,670,1,0.0011335234
Warm B,420970,2544,2543,1150,670,1,0.005316465
Warm B,319318,1897,1896,1150,670,1,0.0057625053
Warm B,233640,1421,1420,1150,670,0,-0.0045910524
Warm B,821570,4940,4939,1150,670,1,0.0069730952
Warm B,116161,752,751,1150,670,0,0.0047474275
Warm B,354087,2073,2072,1161,671,1,0.0061616837
Warm B,280835,1685,1684,1161,671,1,-0.00046949973
Warm B,279190,1680,1679,1161,671,1,0.0033712648
Warm B,269003,1632,1631,1161,671,0,-0.0001359809
Warm B,264143,1607,1606,1161,671,1,-0.002965317
Warm B,346187,2030,2029,1161,671,1,0.008697679
Warm B,631547,3821,3820,1161,671,1,0.00013088365
Warm B,220352,1335,1334,1161,671,1,0.0031108651
Warm B,207327,1267,1266,1161,671,1,-0.0014788741
Warm B,180995,1131,1130,1161,671,1,-0.0042058914
Warm B,190887,1181,1180,1161,671,0,-0.0045044376
Warm B,338118,1988,1987,1161,671,1,0.0025590123
Warm B,315221,1880,1879,1161,671,1,0.008455725
Warm B,105127,696,695,1161,671,1,0.0019886019
Warm B,84145,550,549,1161,671,1,0.0024397732
Warm B,210920,1285,1284,1161,671,1,0.0023029547
Warm B,42160,285,284,1161,671,1,-0.007712284
Warm B,145339,935,934,1161,671,1,0.0038816936
Warm B,34213,230,229,1161,671,1,0.00022885553
Warm B,9488,62,61,1161,671,1,0.0067553194
Warm B,420983,2544,2543,1161,671,1,0.0037973758
Warm B,203075,1246,1245,1161,671,0,-0.002239692
Warm B,843910,5074,5073,1161,671,1,0.010421005
Warm B,129392,839,838,1161,671,1,0.0030002827
Warm B,158160,1015,1014,1161,671,1,0.006964324
Warm B,12894,99,98,1161,671,0,-0.0023039905
Warm B,713028,4277,4276,1161,671,1,0.004356013
Warm B,208761,1274,1273,1161,671,0,-0.0015266519
Warm B,633224,3824,3823,1161,671,0,0.00759487
Warm B,28525,195,194,1161,671,1,-0.0001722509
Warm B,357447,2092,2091,1161,671,1,0.0052034534
Warm B,226082,1369,1368,1161,671,1,0.0025325469
Warm B,993860,6002,6001,1161,671,0,0.0010316588
Warm B,879002,5312,5311,1161,671,1,0.00014545256
Warm B,182779,1140,1139,1162,672,1,0.008505927
Warm B,286093,1707,1706,1162,672,1,-0.0020244892
Warm B,178631,1121,1120,1162,672,1,-0.0015737137
Warm B,160069,1019,1018,1162,672,0,0.002338844
Warm B,153029,984,983,1162,672,1,-0.00076995324
Warm B,246302,1489,1488,1162,672,0,0.001972239
Warm B,146942,948,947,1162,672,1,-0.0012051916
Warm B,185255,1150,1149,1162,672,0,-0.0005382957
Warm B,138252,889,888,1162,672,0,0.0049604503
Warm B,374816,2185,2184,1162,672,1,-0.0061809598
Warm B,315222,1880,1879,1162,672,1,0.0094801
Warm B,298085,1767,1766,1162,672,0,0.0019736432
Warm B,112454,731,730,1162,672,1,-0.0009562415
Warm B,100833,673,672,1162,672,1,0.0011470688
Warm B,460666,2841,2840,1162,672,1,0.0055123996
Warm B,87444,571,570,1162,672,1,-0.006082263
Warm B,84146,550,549,1162,672,1,0.013151421
Warm B,75902,516,515,1162,672,0,0.005632885
Warm B,48945,327,326,1162,672,1,0.0060069547
Warm B,784075,4682,4681,1162,672,1,0.0039095185
Warm B,47788,319,318,1162,672,1,0.007743909
Warm B,41390,280,279,1162,672,0,-0.0031782356
Warm B,5003,35,34,1162,672,0,0.00048552838
Warm B,763948,4543,4542,1162,672,1,0.0065402607
Warm B,158161,1015,1014,1162,672,0,0.01083367
Warm B,21750,157,156,1162,672,0,0.0037671416
Warm B,420984,2544,2543,1162,672,1,0.00791576
Warm B,804038,4815,4814,1162,672,1,0.0033361283
Warm B,841113,5054,5053,1162,672,0,0.0034541232
Warm B,860085,5172,5171,1162,672,0,0.009776849
Warm B,129938,840,839,1162,672,1,-0.0017360931
Warm B,489601,3013,3012,1162,672,1,0.016346
Warm B,319329,1897,1896,1162,672,1,0.0044612978
Warm B,657519,3963,3962,1162,672,1,-0.0020189548
Warm B,958818,5787,5786,1162,672,1,0.0055296468
Warm B,27664,193,192,1162,672,0,0.010291189
Warm B,275100,1666,1665,1167,673,0,0.0028768496
Warm B,220846,1339,1338,1167,673,0,0.006992422
Warm B,277669,1676,1675,1167,673,0,0.010472349
Warm B,261747,1599,1598,1167,673,1,0.007480868
Warm B,304868,1812,1811,1167,673,0,0.008644981
Warm B,173649,1100,1099,1167,673,0,0.009996397
Warm B,248817,1501,1500,1167,673,0,0.004497477
Warm B,272178,1645,1644,1167,673,1,0.003311411
Warm B,155866,1004,1003,1167,673,0,0.0051617622
Warm B,249236,1502,1501,1167,673,1,-0.000809958
Warm B,144904,934,933,1167,673,0,0.008524479
Warm B,143665,927,926,1167,673,0,0.0093980655
Warm B,136565,881,880,1167,673,0,0.0033567264
Warm B,332644,1962,1961,1167,673,0,0.011201138
Warm B,124234,800,799,1167,673,0,0.0049619107
Warm B,360755,2106,2105,1167,673,0,0.0092887785
Warm B,120401,777,776,1167,673,0,0.0016255532
Warm B,106047,699,698,1167,673,0,0.0055926004
Warm B,83098,549,548,1167,673,0,0.008617821
Warm B,77497,524,523,1167,673,0,0.012383256
Warm B,61492,412,411,1167,673,1,0.010423817
Warm B,337014,1983,1982,1167,673,1,0.005241481
Warm B,269926,1635,1634,1167,673,0,0.016404003
Warm B,13599,107,106,1167,673,0,0.004905513
Warm B,354898,2077,2076,1167,673,0,0.009208753
Warm B,234955,1425,1424,1167,673,0,0.0027935943
Warm B,363011,2116,2115,1167,673,0,-0.00085094466
Warm B,567457,3483,3482,1167,673,0,0.007591973
Warm B,331584,1958,1957,1167,673,0,0.009171125
Warm B,102225,678,677,1167,673,0,0.017207418
Warm B,476347,2926,2925,1167,673,0,0.00976141
Warm B,259451,1587,1586,1167,673,0,0.0091196615
Warm B,376374,2195,2194,1167,673,1,0.009924887
Warm B,718551,4305,4304,1167,673,1,0.009140782
Warm B,666687,4013,4012,1173,676,0,-0.004483804
Warm B,680290,4078,4077,1173,676,0,0.011655803
Warm B,661304,3988,3987,1173,676,0,-0.0022267578
Warm B,633235,3824,3823,1173,676,1,0.0007332037
Warm B,632422,3823,3822,1173,676,0,0.0016509749
Warm B,629440,3808,3807,1173,676,1,0.0005104282
Warm B,625746,3782,3781,1173,676,1,0.0013724975
Warm B,622676,3769,3768,1173,676,1,0.0033007516
Warm B,611087,3705,3704,1173,676,0,0.00018823287
Warm B,744870,4448,4447,1173,676,1,0.005739417
Warm B,589092,3592,3591,1173,676,1,-0.0015033591
Warm B,583881,3563,3562,1173,676,1,0.011156841
Warm B,583419,3562,3561,1173,676,0,0.005841675
Warm B,607122,3685,3684,1173,676,1,0.007632664
Warm B,579326,3539,3538,1173,676,1,0.007176597
Warm B,569211,3491,3490,1173,676,1,0.0050100666
Warm B,593832,3618,3617,1173,676,0,0.010520193
Warm B,570302,3499,3498,1173,676,0,-0.0024619065
Warm B,549471,3390,3389,1173,676,0,0.006770741
Warm B,533306,3292,3291,1173,676,0,0.0025880295
Warm B,532730,3290,3289,1173,676,1,-0.00392491
Warm B,542209,3336,3335,1173,676,0,0.0040940265
Warm B,530485,3277,3276,1173,676,0,0.0071053086
Warm B,558207,3428,3427,1173,676,1,0.004492072
Warm B,526753,3259,3258,1173,676,1,0.0003856063
Warm B,531004,3280,3279,1173,676,0,0.01086742
Warm B,518736,3201,3200,1173,676,0,0.00584409
Warm B,513498,3167,3166,1173,676,1,-0.00013390463
Warm B,512833,3163,3162,1173,676,1,0.0053818785
Warm B,510248,3143,3142,1173,676,0,0.0076146936
Warm B,512119,3159,3158,1173,676,1,-0.0054590907
Warm B,509239,3135,3134,1173,676,0,0.0011087377
Warm B,511317,3154,3153,1173,676,1,0.003931028
Warm B,738149,4411,4410,1173,676,1,0.0028647447
Warm B,482707,2967,2966,1173,676,0,0.00531893
Warm B,476767,2928,2927,1173,676,1,0.0024160189
Warm B,696284,4169,4168,1173,676,0,0.00449183
Warm B,474687,2913,2912,1173,676,1,0.0063634356
Warm B,852626,5113,5112,1173,676,0,0.0049473927
Warm B,469961,2895,2894,1173,676,1,0.0052525424
Warm B,879867,5317,5316,1173,676,1,0.0042735185
Warm B,463292,2857,2856,1173,676,0,0.0013657231
Warm B,453727,2793,2792,1173,676,1,0.007917279
Warm B,449903,2774,2773,1173,676,0,0.0012322011
Warm B,436958,2667,2666,1173,676,0,0.0076052328
Warm B,431396,2628,2627,1173,676,1,-0.005787945
Warm B,428801,2609,2608,1173,676,1,0.004597811
Warm B,451374,2778,2777,1173,676,1,-0.0036262865
Warm B,416591,2507,2506,1173,676,1,0.00014588423
Warm B,414909,2497,2496,1173,676,1,-0.0042548976
Warm B,414574,2496,2495,1173,676,1,0.0012789032
Warm B,409194,2456,2455,1173,676,1,0.0036894153
Warm B,406423,2438,2437,1173,676,1,0.00091798464
Warm B,465145,2868,2867,1173,676,1,0.001979765
Warm B,400388,2383,2382,1173,676,0,0.00157347
Warm B,391262,2301,2300,1173,676,1,0.0065880977
Warm B,392175,2304,2303,1173,676,0,0.0047018635
Warm B,385272,2251,2250,1173,676,0,0.014770282
Warm B,394201,2323,2322,1173,676,0,0.006771355
Warm B,366953,2140,2139,1173,676,0,0.0011371332
Warm B,375578,2188,2187,1173,676,1,0.0060211243
Warm B,360065,2105,2104,1173,676,0,0.011256687
Warm B,280467,1683,1682,1173,676,0,-0.003407887
Warm B,280841,1685,1684,1173,676,0,0.0051372633
Warm B,279215,1680,1679,1173,676,0,0.006020721
Warm B,269010,1632,1631,1173,676,0,-0.0035996195
Warm B,262224,1600,1599,1173,676,0,0.006232585
Warm B,296461,1758,1757,1173,676,1,0.0058525614
Warm B,212063,1291,1290,1173,676,1,0.007872633
Warm B,226383,1370,1369,1173,676,0,0.003938772
Warm B,209144,1276,1275,1173,676,0,0.00552346
Warm B,220358,1335,1334,1173,676,1,0.0020470289
Warm B,204026,1255,1254,1173,676,1,0.003995302
Warm B,294296,1749,1748,1173,676,0,0.0054092305
Warm B,374064,2181,2180,1173,676,0,0.0071777864
Warm B,255074,1552,1551,1173,676,0,0.0017069344
Warm B,346191,2030,2029,1173,676,1,0.006469449
Warm B,214847,1303,1302,1173,676,0,0.005094307
Warm B,190904,1181,1180,1173,676,0,0.01407988
Warm B,320081,1899,1898,1173,676,1,0.0010138047
Warm B,142409,919,918,1173,676,1,4.49043e-05
Warm B,313760,1873,1872,1173,676,0,0.0049709873
Warm B,135024,873,872,1173,676,1,0.009252021
Warm B,131149,850,849,1173,676,0,-0.0024105576
Warm B,315234,1880,1879,1173,676,0,0.0004388856
Warm B,125855,810,809,1173,676,1,0.0052801194
Warm B,124875,802,801,1173,676,1,0.0072082314
Warm B,122796,792,791,1173,676,0,0.0004646466
Warm B,210935,1285,1284,1173,676,1,0.0033095193
Warm B,116188,752,751,1173,676,1,0.0074701244
Warm B,179579,1125,1124,1173,676,0,0.0031810622
Warm B,201542,1242,1241,1173,676,1,0.002379832
Warm B,93515,625,624,1173,676,0,0.005624548
Warm B,284159,1698,1697,1173,676,1,0.009346848
Warm B,228252,1383,1382,1173,676,1,0.0076259905
Warm B,77507,524,523,1173,676,1,0.010116031
Warm B,72028,482,481,1173,676,0,0.0068570604
Warm B,76674,520,519,1173,676,1,0.008641216
Warm B,61604,413,412,1173,676,1,0.009221308
Warm B,54180,352,351,1173,676,0,0.011825113
Warm B,48295,324,323,1173,676,0,-0.0011403761
Warm B,61505,412,411,1173,676,0,0.011161976
Warm B,42168,285,284,1173,676,1,0.001472781
Warm B,34930,235,234,1173,676,1,0.0017199444
Warm B,91960,611,610,1173,676,0,0.0035028332
Warm B,152460,981,980,1173,676,0,0.0047488594
Warm B,784084,4682,4681,1173,676,1,-0.0054277107
Warm B,9510,62,61,1173,676,0,0.01191911
Warm B,8060,53,52,1173,676,0,-0.001205835
Warm B,15876,123,122,1173,676,0,0.011075661
Warm B,686512,4107,4106,1173,676,1,0.007304263
Warm B,129401,839,838,1173,676,0,-0.0006673909
Warm B,237900,1447,1446,1173,676,1,0.0063078357
Warm B,892954,5394,5393,1173,676,1,0.012520257
Warm B,335884,1980,1979,1173,676,1,0.0063179494
Warm B,828694,4979,4978,1173,676,0,0.008893274
Warm B,439398,2684,2683,1173,676,1,0.00400678
Warm B,895408,5412,5411,1173,676,0,0.0025194343
Warm B,631557,3821,3820,1173,676,1,0.0062108804
Warm B,882127,5329,5328,1173,676,1,0.005663895
Warm B,24639,173,172,1173,676,0,0.0035078553
Warm B,901416,5450,5449,1173,676,1,-0.0016944674
Warm B,763960,4543,4542,1173,676,0,0.011376042
Warm B,310670,1851,1850,1173,676,0,0.0040390645
Warm B,456070,2808,2807,1173,676,1,-0.0032508457
Warm B,290195,1733,1732,1173,676,1,0.005462094
Warm B,939908,5675,5674,1173,676,0,0.013348231
Warm B,511850,3158,3157,1173,676,1,0.010719499
Warm B,110810,721,720,1173,676,0,0.005542596
Warm B,923921,5580,5579,1173,676,0,0.0029511065
Warm B,475498,2918,2917,1173,676,0,0.0065606255
Warm B,208766,1274,1273,1173,676,1,0.0044493256
Warm B,689847,4126,4125,1173,676,0,0.004206937
Warm B,609647,3695,3694,1173,676,1,0.006463549
Warm B,62923,424,423,1173,676,0,0.0030040124
Warm B,546806,3371,3370,1173,676,0,0.008559864
Warm B,223052,1352,1351,1173,676,0,0.0046273526
Warm B,882955,5333,5332,1173,676,0,-0.0026355928
Warm B,546081,3367,3366,1176,678,1,0.0036840476
Warm B,474688,2913,2912,1176,678,0,0.0005231593
Warm B,852628,5113,5112,1176,678,0,0.0011166092
Warm B,464634,2863,2862,1176,678,0,-0.0028788028
Warm B,459407,2829,2828,1176,678,0,-0.00030367635
Warm B,460678,2841,2840,1176,678,1,0.0040146424
Warm B,449904,2774,2773,1176,678,1,0.00042683282
Warm B,437748,2674,2673,1176,678,1,0.011453444
Warm B,422256,2556,2555,1176,678,1,-0.0072434256
Warm B,371414,2171,2170,1176,678,1,0.0033457992
Warm B,318532,1892,1891,1176,678,1,0.0005206553
Warm B,315921,1882,1881,1176,678,1,0.0060211024
Warm B,310117,1845,1844,1176,678,1,0.00583368
Warm B,292314,1741,1740,1176,678,1,0.0071365554
Warm B,274703,1660,1659,1176,678,1,0.003913913
Warm B,272500,1646,1645,1176,678,1,-0.004479369
Warm B,274386,1658,1657,1176,678,1,0.0087645585
Warm B,319335,1897,1896,1176,678,1,-0.0012628881
Warm B,220360,1335,1334,1176,678,0,0.011723563
Warm B,212247,1292,1291,1176,678,1,0.0014102682
Warm B,209757,1281,1280,1176,678,0,0.0058851163
Warm B,211785,1288,1287,1176,678,1,-0.004720697
Warm B,209443,1279,1278,1176,678,1,0.0050678463
Warm B,208299,1273,1272,1176,678,0,-0.008073513
Warm B,308033,1836,1835,1176,678,1,-0.0036487035
Warm B,294297,1749,1748,1176,678,1,0.008907242
Warm B,187629,1164,1163,1176,678,1,0.009045636
Warm B,184364,1147,1146,1176,678,0,0.00640319
Warm B,307426,1835,1834,1176,678,1,0.0015442987
Warm B,172629,1094,1093,1176,678,0,0.0028435958
Warm B,190906,1181,1180,1176,678,0,0.009016209
Warm B,163095,1041,1040,1176,678,1,0.0024740247
Warm B,161337,1029,1028,1176,678,1,0.00204288
Warm B,150057,966,965,1176,678,1,-0.0008789403
Warm B,246308,1489,1488,1176,678,0,-0.0030676057
Warm B,147744,952,951,1176,678,0,0.0050783623
Warm B,185275,1150,1149,1176,678,0,-0.0004471488
Warm B,141182,910,909,1176,678,0,0.006400405
Warm B,199433,1224,1223,1176,678,1,-0.0004938841
Warm B,138276,889,888,1176,678,1,0.0033761028
Warm B,124496,801,800,1176,678,1,0.008166054
Warm B,116190,752,751,1176,678,1,0.0015910584
Warm B,100838,673,672,1176,678,1,0.0013598131
Warm B,99727,666,665,1176,678,1,0.0040961658
Warm B,176931,1117,1116,1176,678,0,0.00079456076
Warm B,228253,1383,1382,1176,678,0,0.002166987
Warm B,89574,590,589,1176,678,1,0.009259484
Warm B,83110,549,548,1176,678,1,0.0038117236
Warm B,77509,524,523,1176,678,1,0.003796641
Warm B,75699,515,514,1176,678,0,0.014995977
Warm B,60397,411,410,1176,678,0,0.001780662
Warm B,201544,1242,1241,1176,678,0,-0.003752433
Warm B,269938,1635,1634,1176,678,1,0.0072705494
Warm B,133639,864,863,1176,678,1,0.0039662514
Warm B,796049,4771,4770,1176,678,0,0.00044591818
Warm B,4053,30,29,1176,678,1,0.0014147256
Warm B,739401,4418,4417,1176,678,0,0.002069641
Warm B,158178,1015,1014,1176,678,0,-0.00034874666
Warm B,467949,2885,2884,1176,678,1,-0.0024137106
Warm B,312878,1865,1864,1176,678,0,0.0022016903
Warm B,284846,1699,1698,1176,678,0,0.0076687774
Warm B,249853,1505,1504,1176,678,0,-0.0043573184
Warm B,750411,4478,4477,1176,678,1,0.009056896
Warm B,631558,3821,3820,1176,678,1,0.0069404533
Warm B,748003,4465,4464,1176,678,1,-0.0016579083
Warm B,287709,1717,1716,1176,678,1,0.009398307
Warm B,135119,874,873,1176,678,1,0.0030168802
Warm B,384473,2246,2245,1176,678,0,0.0021164832
Warm B,790417,4728,4727,1176,678,1,0.0047987476
Warm B,533307,3292,3291,1177,679,1,0.010256023
Warm B,526226,3253,3252,1177,679,1,0.0009165101
Warm B,522547,3224,3223,1177,679,1,0.0048647183
Warm B,523871,3229,3228,1177,679,1,0.012060494
Warm B,521440,3217,3216,1177,679,1,-0.0036763754
Warm B,512835,3163,3162,1177,679,1,0.016754411
Warm B,785460,4691,4690,1177,679,1,0.007178458
Warm B,574743,3518,3517,1177,679,1,0.0092025
Warm B,738151,4411,4410,1177,679,1,0.009910168
Warm B,506398,3117,3116,1177,679,1,0.0046633445
Warm B,499412,3067,3066,1177,679,1,0.004052989
Warm B,799247,4790,4789,1177,679,1,0.008864875
Warm B,869317,5251,5250,1177,679,1,0.0013428741
Warm B,490269,3017,3016,1177,679,0,0.015250178
Warm B,458917,2825,2824,1177,679,0,0.00085017475
Warm B,455832,2807,2806,1177,679,0,0.008846953
Warm B,446851,2753,2752,1177,679,1,-0.0039020767
Warm B,437943,2676,2675,1177,679,1,0.011386679
Warm B,429633,2617,2616,1177,679,0,0.012749409
Warm B,416593,2507,2506,1177,679,1,0.009057093
Warm B,402306,2402,2401,1177,679,0,0.006236088
Warm B,398250,2368,2367,1177,679,1,0.0019796626
Warm B,400389,2383,2382,1177,679,1,0.006132832
Warm B,377814,2205,2204,1177,679,0,0.005003497
Warm B,372029,2173,2172,1177,679,1,0.013041527
Warm B,357455,2092,2091,1177,679,1,0.0043654353
Warm B,335886,1980,1979,1177,679,1,0.016041297
Warm B,318648,1894,1893,1177,679,1,-0.00257185
Warm B,269511,1634,1633,1177,679,1,0.0041121966
Warm B,257214,1577,1576,1177,679,1,-0.0032022586
Warm B,332650,1962,1961,1177,679,0,0.0037607774
Warm B,226676,1374,1373,1177,679,1,-0.00053635554
Warm B,296462,1758,1757,1177,679,1,0.011894983
Warm B,276221,1671,1670,1177,679,1,0.006458454
Warm B,204027,1255,1254,1177,679,1,0.0067279227
Warm B,245279,1481,1480,1177,679,1,-0.0023697538
Warm B,279218,1680,1679,1177,679,1,0.00328667
Warm B,196045,1205,1204,1177,679,1,-0.0025474674
Warm B,187285,1162,1161,1177,679,1,0.008260878
Warm B,188966,1172,1171,1177,679,1,0.006864916
Warm B,185276,1150,1149,1177,679,1,0.013372298
Warm B,180288,1128,1127,1177,679,1,0.0020625838
Warm B,169805,1078,1077,1177,679,1,0.0077591455
Warm B,163824,1050,1049,1177,679,0,0.008600706
Warm B,162674,1038,1037,1177,679,1,0.0042398325
Warm B,158932,1016,1015,1177,679,1,0.008955138
Warm B,148741,957,956,1177,679,0,0.0045010257
Warm B,148535,956,955,1177,679,0,0.0025596996
Warm B,341168,2011,2010,1177,679,1,0.0045121606
Warm B,131150,850,849,1177,679,0,0.01565276
Warm B,128840,837,836,1177,679,0,0.008571671
Warm B,263308,1605,1604,1177,679,0,0.008528986
Warm B,107321,706,705,1177,679,1,-0.006185261
Warm B,101682,677,676,1177,679,1,-0.0038393573
Warm B,116191,752,751,1177,679,1,0.01182249
Warm B,100839,673,672,1177,679,1,0.003359941
Warm B,94584,635,634,1177,679,1,0.001169634
Warm B,93516,625,624,1177,679,1,0.010621714
Warm B,696287,4169,4168,1177,679,1,0.011716805
Warm B,151232,973,972,1177,679,0,0.013615219
Warm B,284161,1698,1697,1177,679,0,0.0077018905
Warm B,72938,493,492,1177,679,1,0.0054859724
Warm B,132461,855,854,1177,679,1,0.008958524
Warm B,61034,412,411,1177,679,1,0.0014931518
Warm B,39289,267,266,1177,679,1,-0.002724473
Warm B,35161,238,237,1177,679,0,0.013541021
Warm B,199846,1227,1226,1177,679,1,0.008613004
Warm B,26204,187,186,1177,679,1,0.005060996
Warm B,17320,136,135,1177,679,0,0.0067368997
Warm B,9018,62,61,1177,679,0,-0.0029194283
Warm B,7383,53,52,1177,679,1,0.012813653
Warm B,633238,3824,3823,1177,679,1,0.010363255
Warm B,348020,2041,2040,1177,679,1,0.010808937
Warm B,158179,1015,1014,1177,679,1,0.0030252263
Warm B,42622,293,292,1177,679,1,0.0009936783
Warm B,129402,839,838,1177,679,1,9.26482e-05
Warm B,933455,5636,5635,1177,679,0,0.007215569
Warm B,19710,149,148,1177,679,1,0.010619845
Warm B,234962,1425,1424,1177,679,1,-0.0076769507
Warm B,768712,4579,4578,1177,679,1,0.00038731657
Warm B,992884,5998,5997,1177,679,1,-0.003103808
Warm B,476350,2926,2925,1177,679,1,0.0030485508
Warm B,62925,424,423,1177,679,0,0.004918206
Warm B,739402,4418,4417,1177,679,1,0.00031136733
Warm B,831929,5001,5000,1177,679,1,0.0064923842
Warm B,187630,1164,1163,1177,679,1,0.0015654196
Warm B,790418,4728,4727,1177,679,0,0.006823212
Warm B,315924,1882,1881,1184,683,1,0.006047679
Warm B,208302,1273,1272,1184,683,1,0.005627363
Warm B,264610,1609,1608,1184,683,1,0.009539753
Warm B,307438,1835,1834,1184,683,1,0.015332113
Warm B,328116,1941,1940,1184,683,0,0.013864895
Warm B,158194,1015,1014,1184,683,0,0.0073490506
Warm B,138295,889,888,1184,683,0,0.010378356
Warm B,201551,1242,1241,1184,683,1,0.0008293297
Warm B,123110,795,794,1184,683,0,0.0033463135
Warm B,112468,731,730,1184,683,1,0.009893229
Warm B,106776,702,701,1184,683,1,0.0022846872
Warm B,100847,673,672,1184,683,1,0.0005450633
Warm B,696304,4169,4168,1184,683,1,0.007446795
Warm B,89259,588,587,1184,683,1,-0.008168801
Warm B,88816,587,586,1184,683,0,0.0034851036
Warm B,80544,534,533,1184,683,1,0.0007859736
Warm B,72942,493,492,1184,683,1,0.0013973024
Warm B,68212,457,456,1184,683,1,0.0030611218
Warm B,59010,402,401,1184,683,1,0.0071069337
Warm B,155343,1001,1000,1184,683,1,0.015849441
Warm B,228259,1383,1382,1184,683,1,0.004183804
Warm B,7397,53,52,1184,683,1,0.00580187
Warm B,27766,195,194,1184,683,0,0.003230533
Warm B,169253,1074,1073,1184,683,0,0.0026157803
Warm B,317708,1889,1888,1184,683,1,0.011404991
Warm B,565579,3475,3474,1184,683,1,0.013582623
Warm B,489609,3013,3012,1184,683,0,0.005072589
Warm B,41297,279,278,1184,683,0,0.008425342
Warm B,111653,727,726,1184,683,0,0.008247627
Warm B,241205,1451,1450,1184,683,0,0.0023446516
Warm B,193646,1194,1193,1184,683,1,0.005910974
Warm B,474694,2913,2912,1187,686,0,-0.0014660989
Warm B,879875,5317,5316,1187,686,1,0.014745528
Warm B,466816,2878,2877,1187,686,1,0.013601501
Warm B,465373,2870,2869,1187,686,1,-0.0033060124
Warm B,464636,2863,2862,1187,686,0,0.0018646411
Warm B,455837,2807,2806,1187,686,1,0.0070567923
Warm B,444087,2738,2737,1187,686,1,0.0014799952
Warm B,443822,2737,2736,1187,686,1,0.007456251
Warm B,696308,4169,4168,1187,686,1,0.006019882
Warm B,429564,2616,2615,1187,686,1,0.0076898197
Warm B,416602,2507,2506,1187,686,1,0.0062989816
Warm B,464158,2860,2859,1187,686,1,0.007570465
Warm B,398254,2368,2367,1187,686,1,0.013262677
Warm B,393107,2309,2308,1187,686,0,0.008559488
Warm B,387282,2264,2263,1187,686,1,-0.0011963195
Warm B,381323,2230,2229,1187,686,0,0.010084879
Warm B,379728,2221,2220,1187,686,0,0.0046241004
Warm B,334984,1976,1975,1187,686,0,0.0025992882
Warm B,302868,1799,1798,1187,686,0,-0.00024571526
Warm B,298096,1767,1766,1187,686,1,0.002034945
Warm B,284172,1698,1697,1187,686,1,0.0033654934
Warm B,282028,1692,1691,1187,686,1,0.0058455374
Warm B,279243,1680,1679,1187,686,1,0.0019202051
Warm B,231967,1407,1406,1187,686,1,0.00091120764
Warm B,233407,1420,1419,1187,686,1,0.002513846
Warm B,325389,1926,1925,1187,686,1,0.002315499
Warm B,319343,1897,1896,1187,686,0,0.0074103
Warm B,320090,1899,1898,1187,686,0,0.0023113731
Warm B,296468,1758,1757,1187,686,1,0.0055853827
Warm B,221342,1340,1339,1187,686,0,-0.0047310637
Warm B,218013,1322,1321,1187,686,1,0.009835809
Warm B,212067,1291,1290,1187,686,1,0.00033469475
Warm B,209759,1281,1280,1187,686,1,0.011256316
Warm B,211790,1288,1287,1187,686,0,0.0053698425
Warm B,185291,1150,1149,1187,686,0,0.0041657407
Warm B,201552,1242,1241,1187,686,0,0.011680484
Warm B,174550,1104,1103,1187,686,1,-0.0041049495
Warm B,195445,1203,1202,1187,686,0,0.009405098
Warm B,168439,1069,1068,1187,686,1,0.017066227
Warm B,162678,1038,1037,1187,686,0,-0.0018433146
Warm B,158198,1015,1014,1187,686,1,0.015308892
Warm B,150061,966,965,1187,686,1,-0.002791638
Warm B,148538,956,955,1187,686,1,0.012416162
Warm B,384705,2247,2246,1187,686,1,0.0074406555
Warm B,140255,899,898,1187,686,0,0.009502394
Warm B,306371,1825,1824,1187,686,1,-0.0017669755
Warm B,111866,728,727,1187,686,0,0.008261759
Warm B,349287,2050,2049,1187,686,1,0.0037592023
Warm B,107325,706,705,1187,686,1,0.022435188
Warm B,98823,660,659,1187,686,1,0.007780623
Warm B,97840,655,654,1187,686,0,0.010897289
Warm B,94587,635,634,1187,686,1,0.00568813
Warm B,190924,1181,1180,1187,686,0,0.010803443
Warm B,238935,1448,1447,1187,686,1,0.015800428
Warm B,53340,352,351,1187,686,0,0.007485038
Warm B,52399,346,345,1187,686,1,0.008254527
Warm B,47124,319,318,1187,686,1,0.010551602
Warm B,44897,303,302,1187,686,1,0.003555371
Warm B,42634,293,292,1187,686,1,0.003601589
Warm B,39297,267,266,1187,686,1,0.008113314
Warm B,33263,225,224,1187,686,1,0.011274505
Warm B,31661,216,215,1187,686,0,0.012040824
Warm B,26213,187,186,1187,686,1,0.008937339
Warm B,21354,157,156,1187,686,1,0.0066830697
Warm B,17334,136,135,1187,686,1,0.006423153
Warm B,10072,72,71,1187,686,1,0.009560277
Warm B,357464,2092,2091,1187,686,1,0.0022498504
Warm B,153672,987,986,1187,686,1,0.0031003815
Warm B,49039,329,328,1187,686,1,0.004686836
Warm B,932542,5630,5629,1187,686,1,0.0054840324
Warm B,484316,2980,2979,1187,686,1,0.008364374
Warm B,420997,2544,2543,1187,686,0,0.0060027135
Warm B,144915,934,933,1187,686,0,0.006690136
Warm B,860093,5172,5171,1187,686,1,0.0014231892
Warm B,905301,5475,5474,1187,686,1,0.010250718
Warm B,335905,1980,1979,1187,686,1,0.006111922
Warm B,49871,331,330,1187,686,1,-0.0037214106
Warm B,287712,1717,1716,1187,686,0,0.008161585
Warm B,699680,4186,4185,1187,686,1,0.009799771
Warm B,187639,1164,1163,1187,686,1,0.005828229
Warm B,807152,4831,4830,1187,686,1,0.006624254
Warm B,293754,1748,1747,1187,686,0,0.0052037733
Warm B,790425,4728,4727,1187,686,0,0.015491834
Warm B,290210,1733,1732,1187,686,1,0.0055228015
Warm B,841127,5054,5053,1187,686,1,0.009072732
Warm B,241207,1451,1450,1187,686,1,0.007979948
Warm B,322359,1912,1911,1187,686,0,0.012758416
Warm B,443826,2737,2736,1190,689,1,0.014140192
Warm B,427637,2597,2596,1190,689,0,0.0018269522
Warm B,395882,2340,2339,1190,689,1,0.009520052
Warm B,382876,2237,2236,1190,689,1,0.003430701
Warm B,365211,2125,2124,1190,689,1,0.01087018
Warm B,364320,2122,2121,1190,689,0,0.010681011
Warm B,361639,2109,2108,1190,689,0,0.009555263
Warm B,310121,1845,1844,1190,689,1,0.010563734
Warm B,279266,1680,1679,1190,689,1,0.0048733186
Warm B,280850,1685,1684,1190,689,0,0.01314763
Warm B,296472,1758,1757,1190,689,1,0.0031050348
Warm B,209761,1281,1280,1190,689,0,0.020900317
Warm B,196513,1207,1206,1190,689,0,0.008560234
Warm B,179115,1124,1123,1190,689,1,-0.002319411
Warm B,168442,1069,1068,1190,689,0,4.1099032e-05
Warm B,159273,1017,1016,1190,689,0,0.011682438
Warm B,131164,850,849,1190,689,1,0.002618181
Warm B,119256,770,769,1190,689,0,0.010002164
Warm B,106069,699,698,1190,689,0,0.006859852
Warm B,176951,1117,1116,1190,689,1,0.0046212566
Warm B,97845,655,654,1190,689,0,0.009883244
Warm B,696324,4169,4168,1190,689,1,0.018699413
Warm B,241214,1451,1450,1190,689,0,0.007496416
Warm B,90001,593,592,1190,689,1,0.0035245805
Warm B,432141,2634,2633,1190,689,0,0.007581552
Warm B,190940,1181,1180,1190,689,0,0.009548948
Warm B,83139,549,548,1190,689,0,0.0062150005
Warm B,67191,452,451,1190,689,1,0.011055272
Warm B,201557,1242,1241,1190,689,0,0.0069689136
Warm B,38134,261,260,1190,689,1,0.0064582825
Warm B,30178,203,202,1190,689,0,0.00080470403
Warm B,24757,175,174,1190,689,1,0.013206221
Warm B,7418,53,52,1190,689,1,0.0073098824
Warm B,633268,3824,3823,1190,689,1,0.007427841
Warm B,158213,1015,1014,1190,689,1,0.015222503
Warm B,18499,146,145,1190,689,0,0.0058025615
Warm B,932544,5630,5629,1190,689,1,0.011196366
Warm B,34524,235,234,1190,689,0,0.016389444
Warm B,212070,1291,1290,1190,689,1,0.015584288
Warm B,891548,5387,5386,1190,689,1,-0.0058924546
Warm B,575816,3520,3519,1190,689,0,0.007173717
Warm B,210154,1284,1283,1190,689,1,0.008755801
Warm B,330726,1952,1951,1190,689,1,0.012091303
Warm B,129413,839,838,1190,689,0,0.01803386
Warm B,933466,5636,5635,1190,689,1,0.020831598
Warm B,882141,5329,5328,1190,689,1,0.016046198
Warm B,19752,149,148,1190,689,1,0.006668757
Warm B,843934,5074,5073,1190,689,0,0.013924809
Warm B,608626,3691,3690,1190,689,1,0.011790741
Warm B,310683,1851,1850,1190,689,0,0.007419641
Warm B,622124,3768,3767,1190,689,0,0.013770966
Warm B,365761,2129,2128,1190,689,0,0.008502907
Warm B,508220,3128,3127,1190,689,1,0.009564457
Warm B,261188,1597,1596,1190,689,0,0.0050518773
Warm B,490279,3017,3016,1190,689,0,0.009712005
Warm B,713077,4277,4276,1190,689,1,0.016195292
Warm B,457942,2820,2819,1190,689,0,0.0042812107
Warm B,317715,1889,1888,1190,689,1,-0.0003098459
Warm B,160101,1019,1018,1190,689,0,0.021098033
Warm B,511856,3158,3157,1190,689,1,0.010429746
Warm B,805701,4823,4822,1190,689,1,0.013489203
Warm B,488138,3002,3001,1190,689,1,0.0005173496
Warm B,195451,1203,1202,1190,689,0,0.007768835
Warm B,772674,4607,4606,1190,689,0,0.015293272
Warm B,285319,1701,1700,1190,689,1,0.016378906
Warm B,246870,1491,1490,1190,689,0,0.00887564
Warm B,226093,1369,1368,1190,689,1,0.013098495
Warm B,463859,2859,2858,1190,689,1,0.009678911
Warm B,116214,752,751,1190,689,0,0.025755867
Warm B,790430,4728,4727,1190,689,1,0.009405335
Warm B,768722,4579,4578,1190,689,1,0.003742909
Warm B,974327,5878,5877,1190,689,0,0.0009577498
Warm B,443828,2737,2736,1192,691,1,0.014832236
Warm B,443344,2733,2732,1192,691,1,0.0019244382
Warm B,442405,2724,2723,1192,691,1,0.014875731
Warm B,437756,2674,2673,1192,691,1,0.010619611
Warm B,416614,2507,2506,1192,691,1,0.018979007
Warm B,390702,2293,2292,1192,691,1,0.015960433
Warm B,338142,1988,1987,1192,691,0,0.026917486
Warm B,330966,1954,1953,1192,691,1,0.020456888
Warm B,295276,1753,1752,1192,691,0,0.011629874
Warm B,264150,1607,1606,1192,691,0,0.01978345
Warm B,225090,1361,1360,1192,691,1,-0.0014685974
Warm B,215320,1305,1304,1192,691,1,0.0060965554
Warm B,212071,1291,1290,1192,691,1,0.017504573
Warm B,243956,1470,1469,1192,691,0,0.034174353
Warm B,279271,1680,1679,1192,691,1,0.02040116
Warm B,158217,1015,1014,1192,691,0,0.022753865
Warm B,149005,958,957,1192,691,1,0.00010701362
Warm B,154605,998,997,1192,691,1,0.020583674
Warm B,185307,1150,1149,1192,691,0,0.021103341
Warm B,139403,891,890,1192,691,1,0.02189782
Warm B,133532,863,862,1192,691,1,0.021177184
Warm B,125374,806,805,1192,691,1,0.0033676391
Warm B,116217,752,751,1192,691,1,0.024982244
Warm B,97846,655,654,1192,691,1,0.019473903
Warm B,190945,1181,1180,1192,691,0,0.015110988
Warm B,238948,1448,1447,1192,691,1,0.02461562
Warm B,59862,408,407,1192,691,1,0.003373032
Warm B,201560,1242,1241,1192,691,0,0.018004889
Warm B,41399,281,280,1192,691,0,0.0127970185
Warm B,42046,285,284,1192,691,0,0.006832933
Warm B,34528,235,234,1192,691,1,0.02037569
Warm B,33282,225,224,1192,691,1,0.016836815
Warm B,199851,1227,1226,1192,691,1,0.012466939
Warm B,26228,187,186,1192,691,1,0.017095681
Warm B,22930,166,165,1192,691,1,0.008954198
Warm B,20317,150,149,1192,691,0,0.016448546
Warm B,306,5,4,1192,691,1,0.018656174
Warm B,500988,3079,3078,1192,691,1,0.0061500287
Warm B,102265,678,677,1192,691,1,0.018857194
Warm B,635655,3832,3831,1192,691,1,0.011448123
Warm B,464165,2860,2859,1192,691,1,0.015151381
Warm B,501302,3080,3079,1192,691,0,0.013057222
Warm B,66048,442,441,1192,691,0,0.013552941
Warm B,753285,4489,4488,1192,691,1,0.022801604
Warm B,891549,5387,5386,1192,691,1,0.005628528
Warm B,20191,149,148,1202,700,0,0.021722555
Warm B,421283,2544,2543,1202,700,0,0.017527755
Warm B,932607,5630,5629,1202,700,1,0.011642101
Warm B,249978,1505,1504,1202,700,0,0.012942279
Warm B,713431,4277,4276,1202,700,0,0.021712651
Warm B,369277,2159,2158,1202,700,1,0.012222337
Warm B,20915,151,150,1202,700,1,0.009616716
Warm B,535166,3301,3300,1202,700,0,0.0103916
Warm B,209001,1274,1273,1202,700,1,0.0110539375
Warm B,34830,235,234,1202,700,0,0.009854879
Warm B,319632,1897,1896,1202,700,0,0.019519905
Warm B,290597,1733,1732,1202,700,1,0.012846848
Warm B,638689,3841,3840,1209,707,1,0.012166074
Warm B,621400,3762,3761,1209,707,0,0.013102235
Warm B,745119,4448,4447,1209,707,1,0.015274795
Warm B,600646,3651,3650,1209,707,1,0.016121522
Warm B,598434,3641,3640,1209,707,0,0.0051743295
Warm B,597607,3635,3634,1209,707,1,0.014545327
Warm B,585904,3576,3575,1209,707,1,0.012790078
Warm B,594425,3618,3617,1209,707,0,0.007657296
Warm B,581475,3550,3549,1209,707,1,0.009837424
Warm B,572543,3507,3506,1209,707,1,0.018985378
Warm B,568836,3490,3489,1209,707,1,0.02229593
Warm B,566543,3476,3475,1209,707,1,0.003705188
Warm B,559498,3436,3435,1209,707,1,0.011255285
Warm B,553299,3403,3402,1209,707,1,0.003869811
Warm B,553072,3402,3401,1209,707,1,0.010016523
Warm B,713445,4277,4276,1209,707,1,0.016657658
Warm B,543527,3346,3345,1209,707,1,0.0074015073
Warm B,539623,3319,3318,1209,707,0,0.0042387694
Warm B,531807,3283,3282,1209,707,1,0.004354682
Warm B,530085,3272,3271,1209,707,1,0.015198087
Warm B,509290,3135,3134,1209,707,1,0.0020719646
Warm B,505361,3108,3107,1209,707,0,0.01248589
Warm B,491021,3018,3017,1209,707,1,0.025409784
Warm B,768884,4579,4578,1209,707,1,0.009376423
Warm B,484198,2978,2977,1209,707,1,0.0033884472
Warm B,479389,2941,2940,1209,707,1,0.011592493
Warm B,476951,2928,2927,1209,707,1,0.022104908
Warm B,471738,2901,2900,1209,707,0,0.012450436
Warm B,470674,2897,2896,1209,707,1,0.016477194
Warm B,474193,2909,2908,1209,707,1,0.012645366
Warm B,852747,5113,5112,1209,707,0,0.011888796
Warm B,463665,2857,2856,1209,707,0,0.0260387
Warm B,453174,2791,2790,1209,707,1,0.006636804
Warm B,445024,2744,2743,1209,707,0,1.7290935e-05
Warm B,429780,2619,2618,1209,707,1,0.01432511
Warm B,421836,2550,2549,1209,707,1,0.0074102227
Warm B,421297,2544,2543,1209,707,1,0.018235257
Warm B,427128,2592,2591,1209,707,0,0.003361144
Warm B,416996,2507,2506,1209,707,1,0.019885987
Warm B,413059,2484,2483,1209,707,0,0.0077245226
Warm B,432924,2638,2637,1209,707,1,0.016920075
Warm B,412208,2478,2477,1209,707,0,0.014475169
Warm B,390802,2293,2292,1209,707,1,0.01199197
Warm B,390225,2288,2287,1209,707,1,0.013986293
Warm B,389154,2279,2278,1209,707,1,0.008108286
Warm B,370134,2164,2163,1209,707,1,0.013834765
Warm B,365039,2124,2123,1209,707,1,0.016867574
Warm B,356581,2088,2087,1209,707,1,0.0075787143
Warm B,375757,2188,2187,1209,707,1,0.023862809
Warm B,343815,2018,2017,1209,707,0,0.012284792
Warm B,330045,1947,1946,1209,707,1,0.0103002135
Warm B,323320,1916,1915,1209,707,0,0.022048656
Warm B,325076,1925,1924,1209,707,1,0.009910062
Warm B,282419,1693,1692,1209,707,1,0.0045694546
Warm B,275771,1667,1666,1209,707,1,0.013742362
Warm B,345556,2026,2025,1209,707,1,0.0069424347
Warm B,354381,2073,2072,1209,707,0,0.014873698
Warm B,294548,1749,1748,1209,707,1,0.010273873
Warm B,237455,1446,1445,1209,707,1,0.008552233
Warm B,244790,1473,1472,1209,707,1,0.010901998
Warm B,631869,3821,3820,1209,707,1,0.012534251
Warm B,317108,1884,1883,1209,707,1,0.013369875
Warm B,284588,1698,1697,1209,707,1,0.011147586
Warm B,207405,1267,1266,1209,707,1,0.015519798
Warm B,197504,1211,1210,1209,707,1,0.0098495865
Warm B,197993,1216,1215,1209,707,1,0.009417569
Warm B,220101,1333,1332,1209,707,1,0.014394524
Warm B,307788,1835,1834,1209,707,1,0.020812262
Warm B,191563,1181,1180,1209,707,1,0.028517429
Warm B,165843,1057,1056,1209,707,0,0.003231293
Warm B,162084,1033,1032,1209,707,0,0.010307633
Warm B,162404,1034,1033,1209,707,0,0.0005922286
Warm B,160791,1021,1020,1209,707,0,0.012764564
Warm B,160495,1019,1018,1209,707,1,0.016406903
Warm B,153873,989,988,1209,707,1,0.012383706
Warm B,158755,1015,1014,1209,707,1,0.022793824
Warm B,147170,948,947,1209,707,1,0.0035382267
Warm B,144301,929,928,1209,707,1,0.02434452
Warm B,374927,2185,2184,1209,707,1,0.008460501
Warm B,141731,911,910,1209,707,0,0.013056082
Warm B,121776,783,782,1209,707,1,0.0066796653
Warm B,118894,769,768,1209,707,0,0.0025776322
Warm B,254187,1545,1544,1209,707,1,0.012620913
Warm B,101776,677,676,1209,707,1,0.010659717
Warm B,95612,639,638,1209,707,0,0.015741961
Warm B,72405,482,481,1209,707,1,0.018646076
Warm B,68931,461,460,1209,707,1,0.014772477
Warm B,65066,437,436,1209,707,0,2.1703076e-05
Warm B,59974,408,407,1209,707,1,0.0019093014
Warm B,68086,456,455,1209,707,0,0.011496357
Warm B,56502,377,376,1209,707,1,0.015348589
Warm B,240621,1449,1448,1209,707,1,0.019480936
Warm B,50912,335,334,1209,707,1,0.0075866627
Warm B,696822,4169,4168,1209,707,1,0.017546851
Warm B,99125,660,659,1209,707,1,0.012602873
Warm B,148003,953,952,1209,707,1,0.01387364
Warm B,482080,2962,2961,1209,707,0,0.023841389
Warm B,451885,2781,2780,1209,707,1,0.008164128
Warm B,9908,68,67,1209,707,0,0.0031982777
Warm B,9440,62,61,1209,707,1,0.0039475365
Warm B,55366,366,365,1209,707,1,0.0062844544
Warm B,105307,696,695,1209,707,1,0.010964519
Warm B,290608,1733,1732,1209,707,1,0.019684311
Warm B,552709,3401,3400,1209,707,1,0.017896801
Warm B,154121,993,992,1209,707,1,0.0056834775
Warm B,433323,2641,2640,1209,707,1,0.020032972
Warm B,512002,3158,3157,1209,707,1,0.022120068
Warm B,958926,5787,5786,1209,707,1,0.005196157
Warm B,322776,1912,1911,1209,707,0,0.014300777
Warm B,24538,173,172,1209,707,0,0.007822744
Warm B,371868,2172,2171,1209,707,1,0.015994329
Warm B,63478,424,423,1209,707,1,0.016218996
Warm B,906632,5484,5483,1209,707,1,0.010494275
Warm B,401098,2389,2388,1216,714,0,0.002725944
Warm B,391282,2301,2300,1216,714,0,-0.0022478425
Warm B,365313,2125,2124,1216,714,1,0.006047759
Warm B,213754,1298,1297,1216,714,1,-0.0026504686
Warm B,308994,1837,1836,1216,714,1,0.011461803
Warm B,138960,889,888,1216,714,0,0.009793367
Warm B,135923,877,876,1216,714,0,2.4497043e-05
Warm B,134777,870,869,1216,714,0,-0.002876325
Warm B,228629,1383,1382,1216,714,1,0.0032940337
Warm B,80808,536,535,1216,714,1,0.0031130672
Warm B,40574,272,271,1216,714,1,-0.0029372731
Warm B,30877,205,204,1216,714,1,0.0053447876
Warm B,4088,30,29,1216,714,1,0.0042378586
Warm B,1444,13,12,1216,714,0,0.007248917
Warm B,74339,507,506,1216,714,1,-0.0024415515
Warm B,432939,2638,2637,1216,714,0,0.01288815
Warm B,212199,1291,1290,1216,714,0,0.009683801
Warm B,78738,528,527,1216,714,0,0.0058208564
Warm B,605410,3679,3678,1216,714,0,-0.002885342
Warm B,460900,2841,2840,1216,714,1,0.0071570864
Warm B,20942,151,150,1216,714,1,0.0021980451
Warm B,187853,1164,1163,1216,714,1,0.007276962
Warm B,380983,2225,2224,1216,714,0,0.0036988063
Warm B,28460,195,194,1216,714,1,0.007646644
Warm B,589255,3592,3591,1216,714,1,0.013848212
Warm B,857921,5156,5155,1216,714,0,0.011675129
Warm B,113638,736,735,1216,714,1,0.0061703674
Warm B,319680,1897,1896,1236,732,0,0.002572075
Warm B,212220,1291,1290,1236,732,0,-0.0013868804
Warm B,209835,1281,1280,1236,732,1,0.0057708602
Warm B,209058,1274,1273,1236,732,1,0.008520788
Warm B,308255,1836,1835,1236,732,0,0.0061992346
Warm B,309031,1837,1836,1236,732,1,0.007989129
Warm B,294595,1749,1748,1236,732,1,0.0038555549
Warm B,197541,1211,1210,1236,732,1,0.0066066473
Warm B,185959,1150,1149,1236,732,1,0.017309949
Warm B,212595,1294,1293,1236,732,1,0.010132203
Warm B,307832,1835,1834,1236,732,1,0.019189887
Warm B,201867,1242,1241,1236,732,1,0.0051385425
Warm B,168765,1069,1068,1236,732,1,0.007512628
Warm B,158835,1015,1014,1236,732,1,-0.00038440234
Warm B,150307,968,967,1236,732,1,-0.004656574
Warm B,150152,966,965,1236,732,0,-0.0033909555
Warm B,298264,1767,1766,1236,732,1,0.005061093
Warm B,132791,855,854,1236,732,1,0.0020463297
Warm B,112785,731,730,1236,732,0,0.008421011
Warm B,631934,3821,3820,1236,732,0,0.0039286567
Warm B,78186,527,526,1236,732,1,0.0022206416
Warm B,70318,474,473,1236,732,0,0.0016333328
Warm B,57296,386,385,1236,732,1,-0.001815791
Warm B,33732,225,224,1236,732,1,0.003670482
Warm B,983080,5938,5937,1236,732,1,0.002345047
Warm B,773486,4610,4609,1236,732,1,-0.0019988907
Warm B,169991,1079,1078,1236,732,1,-0.001130576
Warm B,290663,1733,1732,1236,732,1,0.011871764
Warm B,20985,151,150,1236,732,1,0.007851837
Warm B,34901,235,234,1236,732,1,0.0121299215
Warm B,41293,278,277,1241,736,1,0.009475436
Warm B,158854,1015,1014,1241,736,0,0.015052885
Warm B,44883,302,301,1241,736,1,0.0038951524
Warm B,474442,2910,2909,1241,736,1,-0.001697476
Warm B,290676,1733,1732,1241,736,1,0.017659323
Warm B,329693,1943,1942,1241,736,1,0.012447776
Warm B,238443,1447,1446,1241,736,1,0.008644622
Warm B,63584,424,423,1241,736,1,0.010237529
Warm B,8904,59,58,1241,736,0,0.010038843
Warm B,879202,5312,5311,1241,736,1,0.009938387
Warm B,578884,3539,3538,1273,767,1,0.010546025
Warm B,580356,3546,3545,1273,767,1,0.006665517
Warm B,713582,4277,4276,1273,767,1,0.013121176
Warm B,593266,3618,3617,1273,767,0,0.013078691
Warm B,561763,3455,3454,1273,767,1,0.011599753
Warm B,557509,3425,3424,1273,767,1,0.006319914
Warm B,645039,3885,3884,1273,767,1,0.009675441
Warm B,543358,3346,3345,1273,767,1,0.010352922
Warm B,541932,3336,3335,1273,767,0,0.009592332
Warm B,534558,3300,3299,1273,767,0,-0.0018262871
Warm B,534252,3299,3298,1273,767,1,0.0029394925
Warm B,916843,5539,5538,1273,767,1,0.0023312485
Warm B,523170,3226,3225,1273,767,1,-0.0028507754
Warm B,521832,3220,3219,1273,767,1,0.005765981
Warm B,522095,3224,3223,1273,767,1,0.0100316405
Warm B,696983,4169,4168,1273,767,0,0.015896313
Warm B,510071,3142,3141,1273,767,1,0.0030019353
Warm B,548655,3387,3386,1273,767,0,0.0013558094
Warm B,482502,2967,2966,1273,767,0,0.008847017
Warm B,479575,2943,2942,1273,767,1,0.005959965
Warm B,474568,2913,2912,1273,767,1,0.00614171
Warm B,461958,2849,2848,1273,767,1,0.007373847
Warm B,457587,2820,2819,1273,767,1,0.0055285273
Warm B,456865,2813,2812,1273,767,1,-0.0017741412
Warm B,448306,2764,2763,1273,767,1,0.0061532487
Warm B,446259,2752,2751,1273,767,1,-0.0030413475
Warm B,445864,2750,2749,1273,767,1,0.002611611
Warm B,564102,3471,3470,1273,767,1,0.021176312
Warm B,437698,2674,2673,1273,767,1,-0.010347388
Warm B,437331,2670,2669,1273,767,0,0.0004920538
Warm B,428497,2608,2607,1273,767,1,0.005107295
Warm B,402109,2402,2401,1273,767,1,0.002783427
Warm B,383872,2243,2242,1273,767,1,0.0053829914
Warm B,385108,2251,2250,1273,767,1,-0.0013760182
Warm B,381473,2231,2230,1273,767,0,0.008864131
Warm B,371941,2173,2172,1273,767,1,0.005959453
Warm B,299319,1777,1776,1273,767,1,-0.006092854
Warm B,285862,1706,1705,1273,767,1,-0.0011040377
Warm B,292059,1741,1740,1273,767,1,0.0048043123
Warm B,284704,1699,1698,1273,767,0,0.007321523
Warm B,275977,1671,1670,1273,767,1,0.009854977
Warm B,278501,1680,1679,1273,767,0,0.012201406
Warm B,274248,1658,1657,1273,767,1,0.010986307
Warm B,264049,1607,1606,1273,767,0,0.0020690109
Warm B,631282,3821,3820,1273,767,1,0.006439563
Warm B,208172,1273,1272,1273,767,1,0.005403422
Warm B,294105,1749,1748,1273,767,1,0.009186851
Warm B,363616,2118,2117,1273,767,1,-0.0051197316
Warm B,293055,1746,1745,1273,767,1,0.010668535
Warm B,189924,1179,1178,1273,767,0,0.014879713
Warm B,212357,1294,1293,1273,767,1,0.003231369
Warm B,184767,1150,1149,1273,767,1,0.009420171
Warm B,180094,1128,1127,1273,767,0,0.0045288326
Warm B,176470,1116,1115,1273,767,1,0.0006943671
Warm B,190277,1181,1180,1273,767,0,-0.00041435985
Warm B,157666,1015,1014,1273,767,0,0.0059716552
Warm B,319787,1899,1898,1273,767,1,-0.00030600652
Warm B,151897,977,976,1273,767,0,-0.0018956931
Warm B,260795,1594,1593,1273,767,0,-0.0076991473
Warm B,137654,889,888,1273,767,0,0.013300272
Warm B,159726,1019,1018,1273,767,1,0.006279224
Warm B,130936,850,849,1273,767,1,0.0065039136
Warm B,130424,846,845,1273,767,1,0.013845352
Warm B,239572,1449,1448,1273,767,1,0.0159873
Warm B,201308,1242,1241,1273,767,1,0.0028791528
Warm B,210491,1285,1284,1273,767,0,0.008157611
Warm B,92095,613,612,1273,767,1,0.010345189
Warm B,283785,1698,1697,1273,767,1,0.00642724
Warm B,83781,550,549,1273,767,1,0.0121034365
Warm B,75638,515,514,1273,767,1,0.0052779038
Warm B,69414,466,465,1273,767,1,-0.0009719101
Warm B,62184,420,419,1273,767,1,0.0026502798
Warm B,34548,235,234,1273,767,1,-0.0023733447
Warm B,21890,161,160,1273,767,1,0.00088816136
Warm B,21386,157,156,1273,767,0,0.015091625
Warm B,370858,2168,2167,1273,767,1,0.004895168
Warm B,203632,1252,1251,1273,767,1,0.0012954653
Warm B,545945,3367,3366,1273,767,0,0.003781376
Warm B,249727,1505,1504,1273,767,1,0.008837315
Warm B,835165,5019,5018,1273,767,1,-0.0042234547
Warm B,321997,1912,1911,1273,767,0,0.008428033
Warm B,902936,5458,5457,1273,767,1,0.003582067
Warm B,193379,1194,1193,1273,767,1,-0.00406763
Warm B,289906,1733,1732,1273,767,1,0.011766391
Warm B,310499,1851,1850,1273,767,0,0.004384178
Warm B,346547,2031,2030,1273,767,0,0.0059305876
Warm B,757510,4508,4507,1279,773,0,0.014134546
Warm B,751083,4480,4479,1279,773,1,0.008254871
Warm B,741557,4430,4429,1279,773,1,0.0037154015
Warm B,744177,4447,4446,1279,773,0,0.008219811
Warm B,729602,4362,4361,1279,773,0,0.0076500783
Warm B,714630,4279,4278,1279,773,0,0.013805497
Warm B,725715,4344,4343,1279,773,0,0.0028166114
Warm B,678102,4064,4063,1279,773,0,0.0027761632
Warm B,784324,4682,4681,1279,773,1,0.007416292
Warm B,655660,3950,3949,1279,773,1,0.011191344
Warm B,670040,4028,4027,1279,773,1,0.006711342
Warm B,644378,3884,3883,1279,773,0,0.0007171326
Warm B,638841,3842,3841,1279,773,1,0.0031754388
Warm B,613807,3718,3717,1279,773,1,0.0016432548
Warm B,603539,3673,3672,1279,773,0,0.0048369076
Warm B,590614,3603,3602,1279,773,1,0.010418153
Warm B,588950,3592,3591,1279,773,0,0.0008086911
Warm B,583804,3563,3562,1279,773,1,-0.0009215652
Warm B,578892,3539,3538,1279,773,1,-0.0016994523
Warm B,580360,3546,3545,1279,773,1,0.004891013
Warm B,593273,3618,3617,1279,773,0,0.0047653276
Warm B,560308,3444,3443,1279,773,0,0.009433018
Warm B,575062,3519,3518,1279,773,1,-0.002027519
Warm B,546646,3371,3370,1279,773,1,0.0058147656
Warm B,541936,3336,3335,1279,773,0,0.0034867488
Warm B,534255,3299,3298,1279,773,1,-0.011092826
Warm B,531832,3284,3283,1279,773,1,0.0062430045
Warm B,532910,3292,3291,1279,773,1,0.0048194686
Warm B,534920,3301,3300,1279,773,0,0.009889885
Warm B,524778,3240,3239,1279,773,0,-0.0025938046
Warm B,522100,3224,3223,1279,773,1,0.00045705307
Warm B,527211,3261,3260,1279,773,1,-0.0003389041
Warm B,510410,3145,3144,1279,773,1,0.0009570797
Warm B,574560,3518,3517,1279,773,1,0.005940073
Warm B,816154,4899,4898,1279,773,1,0.0014893885
Warm B,499077,3067,3066,1279,773,0,0.006152355
Warm B,632854,3824,3823,1279,773,1,0.00057155965
Warm B,490135,3017,3016,1279,773,0,-0.0029708801
Warm B,482508,2967,2966,1279,773,0,0.0075562187
Warm B,475037,2916,2915,1279,773,1,0.0033032207
Warm B,470827,2899,2898,1279,773,1,0.0071370928
Warm B,465500,2872,2871,1279,773,0,0.003874761
Warm B,465316,2870,2869,1279,773,0,0.000100915786
Warm B,459554,2832,2831,1279,773,1,0.0045206626
Warm B,458822,2825,2824,1279,773,0,0.006137104
Warm B,457590,2820,2819,1279,773,0,0.010260837
Warm B,443666,2737,2736,1279,773,1,0.007299016
Warm B,431322,2628,2627,1279,773,1,0.003582244
Warm B,425147,2581,2580,1279,773,1,0.0049605444
Warm B,446652,2753,2752,1279,773,0,0.0025929618
Warm B,416273,2507,2506,1279,773,1,0.0050695334
Warm B,402040,2401,2400,1279,773,1,0.0087127965
Warm B,398889,2376,2375,1279,773,1,0.0034511383
Warm B,378107,2206,2205,1279,773,1,-0.00059266086
Warm B,377614,2205,2204,1279,773,0,0.0024096144
Warm B,713589,4277,4276,1279,773,1,0.0033504758
Warm B,347081,2036,2035,1279,773,1,0.0025828104
Warm B,346548,2031,2030,1279,773,1,0.0030874624
Warm B,337888,1988,1987,1279,773,0,0.007628523
Warm B,333222,1968,1967,1279,773,0,0.013406001
Warm B,335380,1980,1979,1279,773,0,0.0065411287
Warm B,304601,1812,1811,1279,773,1,0.0042920904
Warm B,286181,1709,1708,1279,773,0,0.0048320456
Warm B,285866,1706,1705,1279,773,1,0.0016348311
Warm B,284708,1699,1698,1279,773,0,0.013342927
Warm B,274254,1658,1657,1279,773,1,0.0060233967
Warm B,282495,1694,1693,1279,773,1,0.0036862972
Warm B,278510,1680,1679,1279,773,1,-0.00095593906
Warm B,268720,1632,1631,1279,773,0,-0.002192922
Warm B,256421,1565,1564,1279,773,1,-0.006619922
Warm B,231909,1407,1406,1279,773,1,0.005461283
Warm B,249418,1503,1502,1279,773,1,0.0019595844
Warm B,240901,1451,1450,1279,773,1,0.0040285047
Warm B,357171,2092,2091,1279,773,1,0.009709023
Warm B,269642,1635,1634,1279,773,1,0.0072697783
Warm B,296284,1758,1757,1279,773,1,0.0077905627
Warm B,212728,1297,1296,1279,773,1,0.0008068683
Warm B,203745,1253,1252,1279,773,0,0.006134642
Warm B,329079,1943,1942,1279,773,1,0.00429215
Warm B,184772,1150,1149,1279,773,1,0.010266511
Warm B,212358,1294,1293,1279,773,1,0.012099624
Warm B,307130,1835,1834,1279,773,1,0.0003601797
Warm B,201309,1242,1241,1279,773,0,0.0052679973
Warm B,176473,1116,1115,1279,773,1,-0.0048197545
Warm B,173451,1100,1099,1279,773,1,-0.00583225
Warm B,163614,1050,1049,1279,773,0,0.003582948
Warm B,157670,1015,1014,1279,773,0,0.00088196876
Warm B,150253,968,967,1279,773,1,0.005682432
Warm B,149996,966,965,1279,773,1,0.0015114534
Warm B,149446,963,962,1279,773,0,0.00366787
Warm B,147694,952,951,1279,773,1,0.0002800417
Warm B,142288,919,918,1279,773,1,0.0012582088
Warm B,137661,889,888,1279,773,0,0.010204143
Warm B,159731,1019,1018,1279,773,1,0.007789152
Warm B,127606,824,823,1279,773,0,-0.003602521
Warm B,112201,731,730,1279,773,0,0.002306447
Warm B,101605,677,676,1279,773,0,-0.0030560372
Warm B,100706,673,672,1279,773,0,0.0040659048
Warm B,239578,1449,1448,1279,773,1,0.00073373737
Warm B,97658,655,654,1279,773,0,0.005315169
Warm B,94519,635,634,1279,773,1,0.007094756
Warm B,631285,3821,3820,1279,773,0,0.0044066794
Warm B,696989,4169,4168,1279,773,0,0.006069424
Warm B,283792,1698,1697,1279,773,1,-0.0018524636
Warm B,322001,1912,1911,1279,773,1,0.007302994
Warm B,83790,550,549,1279,773,1,0.010296803
Warm B,190286,1181,1180,1279,773,0,0.014569596
Warm B,67678,454,453,1279,773,1,0.005299514
Warm B,70039,474,473,1279,773,1,0.0035616977
Warm B,52429,346,345,1279,773,1,0.0052983197
Warm B,51624,339,338,1279,773,1,0.0061603105
Warm B,132218,855,854,1279,773,0,0.0052289614
Warm B,31726,216,215,1279,773,0,-0.001528474
Warm B,29021,199,198,1279,773,0,0.005211757
Warm B,734519,4387,4386,1279,773,0,-0.0037692538
Warm B,860240,5172,5171,1279,773,1,0.00016821595
Warm B,17373,136,135,1279,773,1,0.0042027077
Warm B,6457,46,45,1279,773,0,0.0038582115
Warm B,7451,53,52,1279,773,1,0.007990631
Warm B,6214,45,44,1279,773,0,-0.0022658026
Warm B,337,5,4,1279,773,0,0.0023170821
Warm B,92971,623,622,1279,773,1,0.010358981
Warm B,245410,1483,1482,1279,773,1,0.004624061
Warm B,202880,1246,1245,1279,773,0,0.01053311
Warm B,76258,518,517,1279,773,1,0.002722698
Warm B,370863,2168,2167,1279,773,1,0.0034100714
Warm B,475355,2918,2917,1279,773,0,0.0049747964
Warm B,114191,743,742,1279,773,1,0.0071356646
Warm B,750568,4478,4477,1279,773,1,0.0065918537
Warm B,195181,1203,1202,1279,773,0,0.0009968099
Warm B,699860,4186,4185,1279,773,1,0.0015445775
Warm B,289914,1733,1732,1279,773,1,0.00089760334
Warm B,790623,4728,4727,1279,773,0,0.011109019
Warm B,214604,1303,1302,1279,773,0,0.010167172
Warm B,725727,4344,4343,1289,783,1,0.003125079
Warm B,717470,4298,4297,1289,783,1,-0.002279657
Warm B,711523,4269,4268,1289,783,1,0.00021359138
Warm B,702922,4215,4214,1289,783,1,0.0013226182
Warm B,678122,4064,4063,1289,783,1,0.0055005434
Warm B,669677,4026,4025,1289,783,1,0.005796478
Warm B,646987,3894,3893,1289,783,1,0.0032088328
Warm B,644389,3884,3883,1289,783,0,0.0025870092
Warm B,804433,4816,4815,1289,783,1,0.009128
Warm B,639538,3844,3843,1289,783,1,0.006114293
Warm B,634591,3829,3828,1289,783,1,0.0015965551
Warm B,630215,3811,3810,1289,783,1,-0.003597903
Warm B,629008,3808,3807,1289,783,1,0.0039317193
Warm B,625728,3782,3781,1289,783,1,0.005878998
Warm B,626154,3790,3789,1289,783,1,-0.0071015125
Warm B,623722,3773,3772,1289,783,0,0.00878725
Warm B,621859,3768,3767,1289,783,1,0.005688649
Warm B,618784,3751,3750,1289,783,0,0.011493111
Warm B,584403,3568,3567,1289,783,0,0.0040602544
Warm B,580767,3547,3546,1289,783,1,0.0051044202
Warm B,576027,3521,3520,1289,783,1,0.0018388449
Warm B,581196,3550,3549,1289,783,1,-0.0047947266
Warm B,713603,4277,4276,1289,783,1,0.005002687
Warm B,564876,3472,3471,1289,783,0,-0.0009804051
Warm B,904336,5468,5467,1289,783,1,0.003694416
Warm B,551124,3394,3393,1289,783,1,0.008859502
Warm B,549394,3390,3389,1289,783,1,0.0024854937
Warm B,543366,3346,3345,1289,783,1,-0.001744003
Warm B,580371,3546,3545,1289,783,1,0.006634174
Warm B,528479,3266,3265,1289,783,1,0.0025158706
Warm B,522115,3224,3223,1289,783,1,0.0035554692
Warm B,510419,3145,3144,1289,783,1,0.0038899132
Warm B,505512,3110,3109,1289,783,0,0.009419906
Warm B,916851,5539,5538,1289,783,1,0.0016793283
Warm B,545953,3367,3366,1289,783,1,0.0026063642
Warm B,768953,4579,4578,1289,783,1,0.006574883
Warm B,484065,2978,2977,1289,783,0,0.005273115
Warm B,479118,2941,2940,1289,783,1,0.005929258
Warm B,484766,2986,2985,1289,783,0,0.011205933
Warm B,457598,2820,2819,1289,783,0,0.008646092
Warm B,459057,2826,2825,1289,783,0,0.00023505965
Warm B,448317,2764,2763,1289,783,0,-0.0013499305
Warm B,443553,2736,2735,1289,783,0,0.009795775
Warm B,437701,2674,2673,1289,783,1,0.015247133
Warm B,439321,2684,2683,1289,783,1,-0.008841157
Warm B,437338,2670,2669,1289,783,0,0.0046308264
Warm B,424176,2572,2571,1289,783,1,0.0040863836
Warm B,415986,2506,2505,1289,783,0,0.004993451
Warm B,416290,2507,2506,1289,783,1,0.004067241
Warm B,401792,2397,2396,1289,783,0,0.001086761
Warm B,393212,2310,2309,1289,783,0,-0.00080926437
Warm B,390591,2293,2292,1289,783,1,0.009729245
Warm B,391858,2304,2303,1289,783,1,0.0045083174
Warm B,388812,2279,2278,1289,783,1,0.010600108
Warm B,377622,2205,2204,1289,783,0,0.0017000036
Warm B,371942,2173,2172,1289,783,1,-0.0006180648
Warm B,358367,2098,2097,1289,783,0,-0.0007861515
Warm B,352876,2067,2066,1289,783,1,0.009495708
Warm B,357188,2092,2091,1289,783,0,-0.0025744238
Warm B,310243,1846,1845,1289,783,1,-0.004163718
Warm B,295169,1753,1752,1289,783,1,-0.0034112497
Warm B,281957,1692,1691,1289,783,1,0.0028420037
Warm B,275359,1667,1666,1289,783,0,0.009364502
Warm B,275994,1671,1670,1289,783,0,0.0021788971
Warm B,252018,1525,1524,1289,783,1,0.0033051104
Warm B,315847,1882,1881,1289,783,1,-0.0038583246
Warm B,325167,1926,1925,1289,783,1,-2.1853019e-05
Warm B,283810,1698,1697,1289,783,1,-0.0012715543
Warm B,220776,1339,1338,1289,783,1,0.0028659517
Warm B,289144,1727,1726,1289,783,1,0.012784573
Warm B,239597,1449,1448,1289,783,0,0.00038634427
Warm B,207282,1267,1266,1289,783,1,0.010971602
Warm B,278537,1680,1679,1289,783,1,0.008474077
Warm B,294122,1749,1748,1289,783,0,0.0039402414
Warm B,190311,1181,1180,1289,783,0,0.019028714
Warm B,327502,1941,1940,1289,783,0,0.009307051
Warm B,210510,1285,1284,1289,783,1,0.010012133
Warm B,319805,1899,1898,1289,783,0,0.0007823878
Warm B,156141,1005,1004,1289,783,1,-0.0052814623
Warm B,166896,1062,1061,1289,783,1,0.01508531
Warm B,157686,1015,1014,1289,783,1,0.0003582826
Warm B,151450,975,974,1289,783,1,0.00039360323
Warm B,148947,958,957,1289,783,1,0.0012247416
Warm B,146673,946,945,1289,783,1,0.00494969
Warm B,137685,889,888,1289,783,0,-0.0003665915
Warm B,127613,824,823,1289,783,0,-0.004138207
Warm B,314883,1880,1879,1289,783,1,-0.0014227992
Warm B,108891,713,712,1289,783,0,-0.00062270183
Warm B,103767,690,689,1289,783,1,0.0024160794
Warm B,97668,655,654,1289,783,1,0.00055123866
Warm B,316553,1884,1883,1289,783,1,0.0052355034
Warm B,221982,1343,1342,1289,783,1,0.0049486924
Warm B,92100,613,612,1289,783,0,-0.00233972
Warm B,88084,580,579,1289,783,0,-3.8936734e-05
Warm B,169475,1077,1076,1289,783,0,-0.0012603004
Warm B,83812,550,549,1289,783,1,0.0043121465
Warm B,74355,508,507,1289,783,1,0.0044795717
Warm B,201313,1242,1241,1289,783,1,0.0024580027
Warm B,34067,230,229,1289,783,1,0.0012870764
Warm B,36192,245,244,1289,783,0,0.007518713
Warm B,88683,587,586,1289,783,0,0.005166821
Warm B,947692,5722,5721,1289,783,1,0.0068687145
Warm B,440054,2691,2690,1289,783,1,0.0054023145
Warm B,61705,415,414,1289,783,1,0.009873227
Warm B,17386,136,135,1289,783,1,0.007927729
Warm B,19785,149,148,1289,783,1,0.0024205386
Warm B,267808,1628,1627,1289,783,0,0.0034984509
Warm B,686395,4107,4106,1289,783,1,-0.0006214732
Warm B,24182,173,172,1289,783,1,0.0037756376
Warm B,874063,5277,5276,1289,783,0,-0.00016015209
Warm B,750576,4478,4477,1289,783,0,0.00430232
Warm B,161249,1029,1028,1289,783,1,0.003490118
Warm B,261552,1599,1598,1289,783,1,0.0033759347
Warm B,294757,1752,1751,1289,783,0,0.011538653
Warm B,325990,1930,1929,1289,783,1,0.011195274
Warm B,41302,279,278,1289,783,0,0.0055305855
Warm B,194653,1202,1201,1289,783,1,0.009711809
Warm B,840494,5049,5048,1289,783,1,-0.002493125
Warm B,372576,2176,2175,1289,783,1,0.0038781893
Warm B,193389,1194,1193,1289,783,1,0.0032918446
Warm B,195188,1203,1202,1289,783,1,0.0056358036
Warm B,825707,4958,4957,1289,783,1,0.0045940056
Warm B,506200,3114,3113,1305,799,1,0.007957442
Warm B,482701,2967,2966,1305,799,1,0.006403952
Warm B,697352,4169,4168,1305,799,0,0.014959708
Warm B,473592,2909,2908,1305,799,1,-0.00046195206
Warm B,457901,2820,2819,1305,799,0,0.004154623
Warm B,453714,2793,2792,1305,799,1,0.011693753
Warm B,446394,2752,2751,1305,799,1,0.013211969
Warm B,431392,2628,2627,1305,799,1,0.013763855
Warm B,416578,2507,2506,1305,799,1,-0.0022596954
Warm B,391259,2301,2300,1305,799,1,0.00606587
Warm B,392170,2304,2303,1305,799,1,0.019447166
Warm B,389431,2282,2281,1305,799,1,0.0009461951
Warm B,388548,2275,2274,1305,799,1,-0.0032562949
Warm B,298328,1768,1767,1305,799,1,0.0063227694
Warm B,268999,1632,1631,1305,799,1,0.013709252
Warm B,258195,1583,1582,1305,799,1,0.006825566
Warm B,216658,1316,1315,1305,799,0,0.004229169
Warm B,220350,1335,1334,1305,799,0,0.0034760863
Warm B,294285,1749,1748,1305,799,1,0.009550579
Warm B,279186,1680,1679,1305,799,1,0.011110203
Warm B,180281,1128,1127,1305,799,1,0.004094594
Warm B,346184,2030,2029,1305,799,1,0.00078860624
Warm B,246298,1489,1488,1305,799,1,-0.0013380819
Warm B,185249,1150,1149,1305,799,0,0.009370428
Warm B,138247,889,888,1305,799,0,0.010747336
Warm B,131143,850,849,1305,799,1,0.0084484
Warm B,160065,1019,1018,1305,799,1,0.010722835
Warm B,210915,1285,1284,1305,799,1,0.01048075
Warm B,240043,1449,1448,1305,799,0,0.018697832
Warm B,116173,752,751,1305,799,1,0.007797198
Warm B,101675,677,676,1305,799,1,0.0034495993
Warm B,631546,3821,3820,1305,799,1,0.0057045342
Warm B,332213,1960,1959,1305,799,1,0.00059054606
Warm B,316791,1884,1883,1305,799,0,0.007818172
Warm B,228245,1383,1382,1305,799,0,0.004424561
Warm B,99560,664,663,1305,799,0,-0.0028293794
Warm B,190883,1181,1180,1305,799,0,0.019387055
Warm B,83092,549,548,1305,799,0,0.0053079985
Warm B,75696,515,514,1305,799,1,0.014202861
Warm B,308597,1837,1836,1305,799,1,0.011294316
Warm B,58265,392,391,1305,799,0,0.018529337
Warm B,42920,293,292,1305,799,1,0.006663204
Warm B,22130,161,160,1305,799,1,0.0043831337
Warm B,916896,5539,5538,1305,799,1,0.010870641
Warm B,8031,53,52,1305,799,1,0.004519632
Warm B,357445,2092,2091,1305,799,1,0.008644285
Warm B,481805,2962,2961,1305,799,0,0.0031023063
Warm B,287705,1717,1716,1305,799,1,0.0049029603
Warm B,129387,839,838,1305,799,1,0.00855091
Warm B,203666,1252,1251,1305,799,1,0.010341287
Warm B,158156,1015,1014,1305,799,1,0.0020066625
Warm B,750649,4478,4477,1305,799,0,0.009137528
Warm B,431034,2627,2626,1305,799,0,0.0054682074
Warm B,28520,195,194,1305,799,1,0.0132110845
Warm B,901575,5450,5449,1305,799,0,0.010358131
Warm B,564394,3471,3470,1305,799,0,0.010800841
Warm B,24609,173,172,1305,799,0,-0.0033956924
Warm B,977933,5892,5891,1305,799,1,-0.0068511954
Warm B,136562,881,880,1305,799,0,0.010026511
Warm B,276213,1671,1670,1305,799,0,0.0027623023
Warm B,217027,1317,1316,1305,799,1,0.009211266
Warm B,541012,3328,3327,1306,800,1,0.0083512245
Warm B,520009,3208,3207,1306,800,1,0.014846785
Warm B,517407,3193,3192,1306,800,0,0.0076187914
Warm B,514035,3172,3171,1306,800,1,0.0023608296
Warm B,513497,3167,3166,1306,800,1,0.0008263809
Warm B,506691,3118,3117,1306,800,1,0.00946234
Warm B,505604,3110,3109,1306,800,0,0.004828149
Warm B,503305,3092,3091,1306,800,1,0.008647604
Warm B,574734,3518,3517,1306,800,0,0.018207297
Warm B,633222,3824,3823,1306,800,0,0.00512194
Warm B,483402,2971,2970,1306,800,1,-0.007932092
Warm B,852879,5113,5112,1306,800,0,0.0138504
Warm B,460665,2841,2840,1306,800,1,0.008127971
Warm B,444238,2740,2739,1306,800,1,-0.0031572613
Warm B,475490,2918,2917,1306,800,1,0.009899053
Warm B,437742,2674,2673,1306,800,0,-0.004748552
Warm B,430491,2624,2623,1306,800,1,0.008860419
Warm B,416580,2507,2506,1306,800,1,0.029270425
Warm B,411049,2466,2465,1306,800,1,0.006284939
Warm B,395571,2338,2337,1306,800,1,0.0051660226
Warm B,374058,2181,2180,1306,800,0,0.018086279
Warm B,346629,2031,2030,1306,800,1,0.008149379
Warm B,345471,2026,2025,1306,800,0,0.005328385
Warm B,310986,1852,1851,1306,800,1,0.0035130386
Warm B,300868,1784,1783,1306,800,0,-0.0001062355
Warm B,287706,1717,1716,1306,800,1,0.0057496633
Warm B,292306,1741,1740,1306,800,1,0.00032848073
Warm B,276942,1675,1674,1306,800,1,0.011535398
Warm B,270566,1637,1636,1306,800,1,0.0033297036
Warm B,279188,1680,1679,1306,800,0,0.008326185
Warm B,269001,1632,1631,1306,800,1,0.020684462
Warm B,253888,1544,1543,1306,800,0,0.005361245
Warm B,254090,1545,1544,1306,800,0,0.0186673
Warm B,251602,1522,1521,1306,800,0,0.005850518
Warm B,237170,1442,1441,1306,800,1,0.0146613605
Warm B,296453,1758,1757,1306,800,1,0.010398609
Warm B,210917,1285,1284,1306,800,0,0.017955692
Warm B,207985,1272,1271,1306,800,1,0.009423124
Warm B,204561,1260,1259,1306,800,1,0.005807098
Warm B,202023,1243,1242,1306,800,0,0.002715122
Warm B,214833,1303,1302,1306,800,0,0.016911477
Warm B,243924,1470,1469,1306,800,0,0.008030441
Warm B,185251,1150,1149,1306,800,0,0.007921506
Warm B,180282,1128,1127,1306,800,0,0.009633202
Warm B,168423,1069,1068,1306,800,0,0.012491336
Warm B,158157,1015,1014,1306,800,1,0.008571444
Warm B,149579,963,962,1306,800,0,0.014604149
Warm B,128303,830,829,1306,800,0,0.010084067
Warm B,97828,655,654,1306,800,1,0.008006445
Warm B,697353,4169,4168,1306,800,1,0.015321907
Warm B,90935,602,601,1306,800,1,0.006887844
Warm B,87443,571,570,1306,800,1,0.0023683289
Warm B,308598,1837,1836,1306,800,1,0.014273053
Warm B,86110,563,562,1306,800,0,0.007035981
Warm B,83094,549,548,1306,800,1,0.005032873
Warm B,84142,550,549,1306,800,1,0.0138663985
Warm B,74396,508,507,1306,800,1,-0.0021629215
Warm B,69851,471,470,1306,800,1,0.005245432
Warm B,63684,425,424,1306,800,1,0.016020693
Warm B,35685,241,240,1306,800,0,0.004353551
Warm B,481806,2962,2961,1306,800,0,0.004255032
Warm B,21743,157,156,1306,800,0,0.019614555
Warm B,20980,151,150,1306,800,1,0.0066071283
Warm B,107929,710,709,1306,800,0,0.009414879
Warm B,3125,23,22,1306,800,1,0.0084968265
Warm B,932685,5630,5629,1306,800,1,0.0057987957
Warm B,44864,302,301,1306,800,0,0.010286585
Warm B,129389,839,838,1306,800,0,0.012770556
Warm B,975363,5880,5879,1306,800,0,0.009780472
Warm B,241866,1457,1456,1306,800,0,0.01053985
Warm B,28522,195,194,1306,800,1,0.018830754
Warm B,290183,1733,1732,1306,800,0,0.010203056
Warm B,26690,188,187,1306,800,0,0.010788965
Warm B,868272,5242,5241,1306,800,1,0.0015064508
Warm B,806892,4829,4828,1306,800,0,-0.0003977914
Warm B,891889,5387,5386,1306,800,1,0.0077329203
Warm B,537146,3311,3310,1330,805,0,-0.007061526
Warm B,512846,3163,3162,1330,805,0,0.0018268281
Warm B,566259,3476,3475,1330,805,0,0.0061634677
Warm B,605793,3681,3680,1330,805,0,-0.005532318
Warm B,508624,3129,3128,1330,805,1,0.0004701207
Warm B,494141,3032,3031,1330,805,1,-0.0003093488
Warm B,600030,3650,3649,1330,805,0,0.003536874
Warm B,477171,2929,2928,1330,805,0,0.013155127
Warm B,467761,2883,2882,1330,805,0,-0.00017817761
Warm B,487044,2996,2995,1330,805,0,0.011502737
Warm B,463304,2857,2856,1330,805,1,0.0052138288
Warm B,450275,2776,2775,1330,805,1,0.0038219935
Warm B,426483,2590,2589,1330,805,0,-0.00408651
Warm B,377821,2205,2204,1330,805,0,0.0007033396
Warm B,359088,2101,2100,1330,805,1,-0.002604854
Warm B,331606,1958,1957,1330,805,0,-0.0012084211
Warm B,305837,1820,1819,1330,805,0,0.0024938588
Warm B,298532,1770,1769,1330,805,0,0.0007709686
Warm B,279249,1680,1679,1330,805,1,0.0059285555
Warm B,299070,1776,1775,1330,805,1,0.003956239
Warm B,259462,1587,1586,1330,805,0,-0.003752696
Warm B,247689,1496,1495,1330,805,0,-0.002354877
Warm B,227142,1377,1376,1330,805,0,0.00855165
Warm B,214087,1300,1299,1330,805,0,-0.0036853645
Warm B,240079,1449,1448,1330,805,0,0.010090647
Warm B,328120,1941,1940,1330,805,1,0.00662601
Warm B,192364,1184,1183,1330,805,0,0.004719397
Warm B,307440,1835,1834,1330,805,1,0.00815004
Warm B,176393,1115,1114,1330,805,0,0.00165274
Warm B,184000,1146,1145,1330,805,1,0.007552912
Warm B,159267,1017,1016,1330,805,0,-0.003292352
Warm B,164553,1051,1050,1330,805,1,0.010070512
Warm B,263324,1605,1604,1330,805,1,-0.0016286289
Warm B,125550,808,807,1330,805,0,-0.0004080655
Warm B,115395,749,748,1330,805,1,-0.006673325
Warm B,114090,741,740,1330,805,1,0.010302948
Warm B,104855,695,694,1330,805,1,-0.00020810636
Warm B,92754,621,620,1330,805,0,-0.001013315
Warm B,83127,549,548,1330,805,1,0.006489141
Warm B,238937,1448,1447,1330,805,0,0.00790856
Warm B,77526,524,523,1330,805,0,-0.0011334622
Warm B,57527,390,389,1330,805,0,-0.0005388005
Warm B,132468,855,854,1330,805,0,0.004914649
Warm B,41112,278,277,1330,805,0,-0.0012331126
Warm B,99846,667,666,1330,805,1,0.007194667
Warm B,432697,2638,2637,1330,805,0,-0.0014147138
Warm B,954317,5761,5760,1330,805,0,-0.0014611979
Warm B,102254,678,677,1330,805,0,0.0010619648
Warm B,556550,3420,3419,1330,805,1,-0.00547884
Warm B,750652,4478,4477,1330,805,0,-0.010616802
Warm B,335909,1980,1979,1330,805,1,0.0043377597
Warm B,473634,2909,2908,1330,805,0,-0.0020485036
Warm B,322364,1912,1911,1330,805,0,0.0014345661
Warm B,474363,2910,2909,1330,805,1,0.000728199
Warm B,62946,424,423,1330,805,0,0.011196264
Warm B,145802,937,936,1330,805,1,-0.005614945
Warm B,566261,3476,3475,1332,806,0,0.016101442
Warm B,605795,3681,3680,1332,806,1,0.0007591604
Warm B,509641,3139,3138,1332,806,0,0.012210503
Warm B,496880,3053,3052,1332,806,0,-0.0010370528
Warm B,490767,3018,3017,1332,806,1,0.0009184666
Warm B,539902,3320,3319,1332,806,0,0.0040881988
Warm B,697369,4169,4168,1332,806,0,0.013064387
Warm B,852884,5113,5112,1332,806,0,0.0029081183
Warm B,754915,4497,4496,1332,806,0,0.004353933
Warm B,463306,2857,2856,1332,806,0,0.0043947105
Warm B,457938,2820,2819,1332,806,0,-0.007959673
Warm B,446409,2752,2751,1332,806,0,0.0092354985
Warm B,426485,2590,2589,1332,806,0,-0.00058006775
Warm B,416611,2507,2506,1332,806,0,0.010345155
Warm B,374075,2181,2180,1332,806,1,0.0010280367
Warm B,364759,2124,2123,1332,806,0,-0.0039753537
Warm B,326312,1931,1930,1332,806,1,0.003917605
Warm B,305839,1820,1819,1332,806,1,0.006235854
Warm B,288268,1722,1721,1332,806,1,0.0057139834
Warm B,279253,1680,1679,1332,806,1,0.010010035
Warm B,260652,1593,1592,1332,806,0,0.0013742372
Warm B,255272,1554,1553,1332,806,0,0.013733309
Warm B,247691,1496,1495,1332,806,0,0.01981286
Warm B,232444,1412,1411,1332,806,0,0.002207329
Warm B,249515,1503,1502,1332,806,0,0.011135718
Warm B,243949,1470,1469,1332,806,0,0.0062632984
Warm B,328125,1941,1940,1332,806,0,0.011275363
Warm B,334599,1974,1973,1332,806,0,0.012345453
Warm B,184001,1146,1145,1332,806,0,0.0041682255
Warm B,159269,1017,1016,1332,806,0,0.0052154902
Warm B,158206,1015,1014,1332,806,0,0.0128136305
Warm B,151600,975,974,1332,806,1,0.007868141
Warm B,133008,858,857,1332,806,1,0.005126003
Warm B,210960,1285,1284,1332,806,1,0.0064231222
Warm B,103411,687,686,1332,806,0,0.0010454722
Warm B,84957,552,551,1332,806,0,0.0043865377
Warm B,83131,549,548,1332,806,1,0.0068594962
Warm B,238941,1448,1447,1332,806,0,-0.0004341792
Warm B,80193,533,532,1332,806,0,0.010473513
Warm B,62949,424,423,1332,806,0,0.014558947
Warm B,45136,305,304,1332,806,1,-0.0035939238
Warm B,481829,2962,2961,1332,806,1,0.006153795
Warm B,14285,117,116,1337,809,0,0.0020980611
Warm B,7264,51,50,1337,809,1,-0.0052027144
Warm B,622125,3768,3767,1337,809,1,0.0029126154
Warm B,473644,2909,2908,1337,809,0,0.014825324
Warm B,688073,4116,4115,1346,816,0,0.010776895
Warm B,707422,4238,4237,1346,816,0,0.019428764
Warm B,675465,4053,4052,1346,816,1,0.013777291
Warm B,672111,4040,4039,1346,816,0,0.006271704
Warm B,682471,4085,4084,1346,816,1,0.023079371
Warm B,663500,3998,3997,1346,816,1,0.013543796
Warm B,662817,3995,3994,1346,816,0,0.011102387
Warm B,652585,3934,3933,1346,816,0,0.013772604
Warm B,651437,3929,3928,1346,816,0,0.008567638
Warm B,647267,3896,3895,1346,816,0,-0.0016304215
Warm B,648250,3903,3902,1346,816,0,0.0032744727
Warm B,639129,3842,3841,1346,816,0,0.01516634
Warm B,628694,3807,3806,1346,816,1,0.016723668
Warm B,628167,3804,3803,1346,816,1,0.0017659327
Warm B,629481,3808,3807,1346,816,0,0.015512331
Warm B,638187,3841,3840,1346,816,1,0.012195418
Warm B,623392,3771,3770,1346,816,0,0.021211771
Warm B,615663,3727,3726,1346,816,0,0.01668897
Warm B,604849,3677,3676,1346,816,0,0.00420642
Warm B,609163,3693,3692,1346,816,1,0.018378956
Warm B,621228,3762,3761,1346,816,0,0.009719588
Warm B,745370,4448,4447,1346,816,1,0.018235128
Warm B,633287,3824,3823,1346,816,0,0.01418009
Warm B,596598,3626,3625,1346,816,0,0.010653177
Warm B,583458,3562,3561,1346,816,0,0.012174237
Warm B,577929,3529,3528,1346,816,0,0.008854276
Warm B,876215,5289,5288,1346,816,0,0.010764025
Warm B,569247,3491,3490,1346,816,1,0.007976929
Warm B,657129,3961,3960,1346,816,1,0.01743881
Warm B,533354,3292,3291,1346,816,1,0.019932196
Warm B,542231,3336,3335,1346,816,0,0.015595235
Warm B,529142,3271,3270,1346,816,0,0.019470418
Warm B,528196,3265,3264,1346,816,0,0.008336082
Warm B,518764,3201,3200,1346,816,1,0.004218121
Warm B,522588,3224,3223,1346,816,0,0.019003078
Warm B,566280,3476,3475,1346,816,0,0.013770236
Warm B,509503,3138,3137,1346,816,0,0.014158971
Warm B,505448,3109,3108,1346,816,0,0.0070581115
Warm B,501788,3081,3080,1346,816,0,0.025127713
Warm B,499446,3067,3066,1346,816,0,0.017861268
Warm B,494170,3032,3031,1346,816,1,0.01426476
Warm B,490783,3018,3017,1346,816,0,0.029101446
Warm B,697387,4169,4168,1346,816,0,0.021306492
Warm B,473661,2909,2908,1346,816,1,0.017424071
Warm B,754921,4497,4496,1346,816,0,0.002871826
Warm B,463330,2857,2856,1346,816,0,0.016856978
Warm B,462243,2852,2851,1346,816,1,0.0086779725
Warm B,457959,2820,2819,1346,816,0,0.01771015
Warm B,453767,2793,2792,1346,816,1,0.021458745
Warm B,790753,4728,4727,1346,816,1,0.012607932
Warm B,418710,2529,2528,1346,816,0,0.02006112
Warm B,415519,2503,2502,1346,816,1,0.010799711
Warm B,411573,2472,2471,1346,816,0,0.017975738
Warm B,402008,2400,2399,1346,816,0,0.0036542933
Warm B,402329,2402,2401,1346,816,0,0.016439576
Warm B,397202,2352,2351,1346,816,1,-0.0021988829
Warm B,388980,2279,2278,1346,816,1,0.010187985
Warm B,369934,2164,2163,1346,816,0,0.013200354
Warm B,350129,2055,2054,1346,816,1,0.017666254
Warm B,339414,1999,1998,1346,816,0,-0.004819666
Warm B,337033,1983,1982,1346,816,0,0.015652351
Warm B,326319,1931,1930,1346,816,1,0.016517192
Warm B,305395,1816,1815,1346,816,1,0.014990151
Warm B,300729,1781,1780,1346,816,0,0.008535191
Warm B,288279,1722,1721,1346,816,1,0.0050677205
Warm B,276983,1675,1674,1346,816,1,0.011050423
Warm B,270917,1639,1638,1346,816,1,0.012303111
Warm B,392211,2304,2303,1346,816,1,0.009059427
Warm B,350725,2059,2058,1346,816,0,0.0022029816
Warm B,242822,1465,1464,1346,816,0,0.019636115
Warm B,262240,1600,1599,1346,816,0,0.021462575
Warm B,220375,1335,1334,1346,816,0,0.013750222
Warm B,240109,1449,1448,1346,816,0,0.022229373
Warm B,200926,1238,1237,1346,816,0,0.0077883853
Warm B,328160,1941,1940,1346,816,0,0.021399684
Warm B,334612,1974,1973,1346,816,0,0.02072232
Warm B,307460,1835,1834,1346,816,1,0.017634772
Warm B,182800,1140,1139,1346,816,0,0.011735848
Warm B,179127,1124,1123,1346,816,1,0.014267722
Warm B,196521,1207,1206,1346,816,0,0.0010187612
Warm B,159282,1017,1016,1346,816,0,0.010082982
Warm B,158238,1015,1014,1346,816,1,0.018610295
Warm B,153059,984,983,1346,816,1,0.01632133
Warm B,148315,955,954,1346,816,0,0.012624779
Warm B,133870,868,867,1346,816,1,-0.0014864297
Warm B,315275,1880,1879,1346,816,0,0.015779944
Warm B,125558,808,807,1346,816,0,0.014458913
Warm B,210977,1285,1284,1346,816,1,0.012817456
Warm B,115409,749,748,1346,816,0,0.008660708
Warm B,103688,689,688,1346,816,0,-0.0036446531
Warm B,201568,1242,1241,1346,816,0,0.013564756
Warm B,97049,651,650,1346,816,1,0.011819098
Warm B,316828,1884,1883,1346,816,1,0.014527633
Warm B,174654,1105,1104,1346,816,1,0.0022071954
Warm B,190966,1181,1180,1346,816,0,0.019414946
Warm B,83157,549,548,1346,816,0,0.026410853
Warm B,77550,524,523,1346,816,1,0.011923013
Warm B,81695,543,542,1346,816,1,0.0052144583
Warm B,41127,278,277,1346,816,1,0.01510003
Warm B,37307,255,254,1346,816,1,0.0038056255
Warm B,984211,5948,5947,1346,816,1,-0.0037996608
Warm B,36163,245,244,1346,816,0,0.017971082
Warm B,29560,202,201,1346,816,0,0.018092318
Warm B,290236,1733,1732,1346,816,0,0.01917462
Warm B,553960,3410,3409,1346,816,0,0.0056792134
Warm B,365772,2129,2128,1346,816,1,0.004405921
Warm B,30978,208,207,1346,816,0,0.019201111
Warm B,622141,3768,3767,1346,816,0,0.014426927
Warm B,102281,678,677,1346,816,1,0.008399347
Warm B,760808,4520,4519,1346,816,0,0.0050705858
Warm B,62977,424,423,1346,816,0,0.015635427
Warm B,713886,4277,4276,1346,816,1,0.01787045
Warm B,575824,3520,3519,1346,816,0,0.01201582
Warm B,195463,1203,1202,1346,816,0,0.0071225287
Warm B,195469,1203,1202,1352,820,1,-0.0049735038
Warm B,145354,935,934,1352,820,0,-0.008819185
Warm B,131922,854,853,1352,820,0,-2.22472e-05
Warm B,117514,757,756,1352,820,0,-0.00059122033
Warm B,112132,730,729,1352,820,0,-0.0064491443
Warm B,106080,699,698,1352,820,0,-0.00048125884
Warm B,116239,752,751,1352,820,0,-0.006274558
Warm B,100177,669,668,1352,820,0,-0.0044509475
Warm B,98836,660,659,1352,820,0,0.0006469585
Warm B,294913,1752,1751,1352,820,0,-0.0029073118
Warm B,308649,1837,1836,1352,820,0,0.0056499257
Warm B,83164,549,548,1352,820,1,-0.0007673383
Warm B,77556,524,523,1352,820,0,-0.008993565
Warm B,697392,4169,4168,1352,820,0,0.0021847356
Warm B,38160,261,260,1352,820,0,-0.0018441831
Warm B,40199,272,271,1352,820,0,8.7626395e-06
Warm B,33305,225,224,1352,820,0,-0.004735209
Warm B,25495,181,180,1352,820,1,-0.0012467351
Warm B,16239,129,128,1352,820,0,-0.0017128764
Warm B,7459,53,52,1352,820,0,-0.0009934892
Warm B,15343,123,122,1352,820,1,0.0031450319
Warm B,37829,259,258,1352,820,0,-0.008251643
Warm B,49907,331,330,1352,820,0,0.0008436423
Warm B,960419,5792,5791,1352,820,0,-0.005117486
Warm B,564436,3471,3470,1352,820,0,0.0032216655
Warm B,893325,5394,5393,1352,820,0,-0.0023818011
Warm B,156898,1010,1009,1352,820,0,0.003067769
Warm B,287726,1717,1716,1352,820,0,-0.00070858607
Warm B,351888,2063,2062,1352,820,0,-0.0024522555
Warm B,324966,1925,1924,1352,820,1,-0.0037403656
Warm B,941713,5682,5681,1352,820,0,-0.0017655521
Warm B,215544,1306,1305,1352,820,1,-0.0043360433
Warm B,790756,4728,4727,1352,820,0,-0.005309872
Warm B,550187,3391,3390,1352,820,0,-0.0053865905
Warm B,618964,3751,3750,1353,821,0,0.0060373065
Warm B,612540,3713,3712,1353,821,1,0.011224302
Warm B,726735,4345,4344,1353,821,0,0.008057598
Warm B,845363,5081,5080,1353,821,1,0.013771787
Warm B,587023,3585,3584,1353,821,0,0.005084221
Warm B,583466,3562,3561,1353,821,0,0.002117737
Warm B,564997,3473,3472,1353,821,1,0.011844859
Warm B,575361,3519,3518,1353,821,0,0.02175686
Warm B,545716,3365,3364,1353,821,1,0.013044472
Warm B,541028,3328,3327,1353,821,0,0.0068482435
Warm B,774531,4619,4618,1353,821,0,0.006949806
Warm B,521457,3217,3216,1353,821,1,0.010747647
Warm B,511082,3151,3150,1353,821,1,9.2561124e-05
Warm B,503638,3095,3094,1353,821,1,0.00927556
Warm B,502902,3087,3086,1353,821,1,-0.0019388366
Warm B,516475,3189,3188,1353,821,0,0.008849497
Warm B,499450,3067,3066,1353,821,0,0.01276152
Warm B,494177,3032,3031,1353,821,1,0.013030575
Warm B,492759,3029,3028,1353,821,1,0.016170356
Warm B,490293,3017,3016,1353,821,0,0.003355312
Warm B,488683,3007,3006,1353,821,1,0.00026518665
Warm B,900327,5443,5442,1353,821,1,0.006094087
Warm B,478088,2934,2933,1353,821,1,0.00725496
Warm B,485071,2986,2985,1353,821,0,0.020408362
Warm B,473669,2909,2908,1353,821,0,0.00909668
Warm B,466847,2878,2877,1353,821,0,0.0018190672
Warm B,450887,2777,2776,1353,821,0,0.0025857592
Warm B,420240,2540,2539,1353,821,0,-0.0032498715
Warm B,420479,2541,2540,1353,821,1,0.010836562
Warm B,419282,2533,2532,1353,821,1,0.006572216
Warm B,404557,2419,2418,1353,821,0,0.012531466
Warm B,395893,2340,2339,1353,821,0,0.009598781
Warm B,395153,2334,2333,1353,821,1,0.008685724
Warm B,393116,2309,2308,1353,821,1,-0.0020191637
Warm B,379926,2222,2221,1353,821,1,0.0037126057
Warm B,324753,1924,1923,1353,821,1,0.01816535
Warm B,311569,1856,1855,1353,821,0,0.0032760785
Warm B,306120,1823,1822,1353,821,1,0.006189163
Warm B,286267,1709,1708,1353,821,1,0.010385321
Warm B,274400,1658,1657,1353,821,0,0.007832538
Warm B,268535,1631,1630,1353,821,1,-0.0012008041
Warm B,257130,1576,1575,1353,821,0,0.0056297784
Warm B,259489,1587,1586,1353,821,0,0.007975026
Warm B,335944,1980,1979,1353,821,0,0.02035867
Warm B,272964,1647,1646,1353,821,0,0.005429863
Warm B,203875,1254,1253,1353,821,0,0.007429176
Warm B,279316,1680,1679,1353,821,1,0.008812804
Warm B,198820,1221,1220,1353,821,1,-0.0008865432
Warm B,192375,1184,1183,1353,821,0,0.014548635
Warm B,189617,1175,1174,1353,821,1,0.0052426723
Warm B,188987,1172,1171,1353,821,0,0.0077266307
Warm B,186846,1158,1157,1353,821,1,-0.0008046166
Warm B,316274,1883,1882,1353,821,1,0.012368969
Warm B,174836,1107,1106,1353,821,1,0.014794651
Warm B,179602,1125,1124,1353,821,0,0.007766042
Warm B,173681,1100,1099,1353,821,0,-0.00074710837
Warm B,167877,1068,1067,1353,821,1,0.023342863
Warm B,328174,1941,1940,1353,821,0,0.012385238
Warm B,226110,1369,1368,1353,821,0,0.008845766
Warm B,189373,1173,1172,1353,821,0,0.006052746
Warm B,162281,1034,1033,1353,821,1,0.007996026
Warm B,143673,927,926,1353,821,0,0.007624526
Warm B,140463,901,900,1353,821,0,0.006439756
Warm B,140268,899,898,1353,821,0,0.015477062
Warm B,156899,1010,1009,1353,821,0,0.008543814
Warm B,138338,889,888,1353,821,0,0.0063225934
Warm B,380299,2223,2222,1353,821,0,0.008802016
Warm B,131924,854,853,1353,821,1,0.0067278584
Warm B,201573,1242,1241,1353,821,0,8.3324034e-05
Warm B,248843,1501,1500,1353,821,1,0.013339741
Warm B,123708,797,796,1353,821,0,0.0027811565
Warm B,123116,795,794,1353,821,0,0.0054812497
Warm B,121532,781,780,1353,821,0,0.007560306
Warm B,360805,2106,2105,1353,821,0,0.0035959887
Warm B,117838,759,758,1353,821,1,0.013056157
Warm B,111499,726,725,1353,821,1,0.007580082
Warm B,106081,699,698,1353,821,0,0.011504142
Warm B,103689,689,688,1353,821,1,0.0070853224
Warm B,98837,660,659,1353,821,0,0.006742383
Warm B,97852,655,654,1353,821,0,0.0010681343
Warm B,441956,2718,2717,1353,821,1,0.008660741
Warm B,228288,1383,1382,1353,821,0,0.011331147
Warm B,83165,549,548,1353,821,0,0.0022784444
Warm B,80728,536,535,1353,821,1,0.00865566
Warm B,76372,518,517,1353,821,0,0.01681262
Warm B,81700,543,542,1353,821,0,0.016427556
Warm B,116240,752,751,1353,821,0,0.016460642
Warm B,64689,433,432,1353,821,0,0.0020231474
Warm B,64632,432,431,1353,821,0,0.005655661
Warm B,57070,386,385,1353,821,0,-0.0017957239
Warm B,55040,363,362,1353,821,0,0.0043494524
Warm B,52434,346,345,1353,821,0,0.003808482
Warm B,78478,528,527,1353,821,1,0.006852653
Warm B,47182,319,318,1353,821,0,0.004534146
Warm B,49111,329,328,1353,821,0,0.0026333556
Warm B,61095,412,411,1353,821,1,0.008303617
Warm B,697394,4169,4168,1353,821,0,0.013545573
Warm B,363055,2116,2115,1353,821,0,0.017105246
Warm B,31734,216,215,1353,821,0,0.001375874
Warm B,29420,201,200,1353,821,1,0.0066424077
Warm B,29024,199,198,1353,821,0,0.0066247582
Warm B,21213,156,155,1353,821,1,0.010683119
Warm B,6230,45,44,1353,821,0,0.010973357
Warm B,5444,38,37,1353,821,0,0.016035076
Warm B,558219,3428,3427,1353,821,0,0.006433763
Warm B,348051,2041,2040,1353,821,1,0.013159568
Warm B,20590,151,150,1353,821,0,0.0067202207
Warm B,95450,639,638,1353,821,1,0.012191186
Warm B,240118,1449,1448,1353,821,0,0.008444866
Warm B,682479,4085,4084,1353,821,1,0.0074701696
Warm B,265110,1611,1610,1353,821,0,0.008803267
Warm B,102291,678,677,1353,821,0,0.011901473
Warm B,503832,3096,3095,1353,821,1,-0.003026062
Warm B,144932,934,933,1353,821,0,0.008508326
Warm B,293768,1748,1747,1353,821,0,0.0132179875
Warm B,489629,3013,3012,1353,821,1,0.013661682
Warm B,160126,1019,1018,1353,821,0,0.019554717
Warm B,195471,1203,1202,1353,821,0,0.010580501
Warm B,187649,1164,1163,1353,821,1,0.007848925
Warm B,545308,3363,3362,1353,821,0,0.005564031
Warm B,795604,4765,4764,1353,821,0,0.006633118
Warm B,229645,1390,1389,1353,821,0,0.008202219
Warm B,171670,1088,1087,1353,821,0,0.0064682364
Warm B,657543,3963,3962,1353,821,1,0.004611673
Warm B,52022,343,342,1353,821,1,0.010307272
Warm B,841493,5054,5053,1353,821,0,0.011243073
Warm B,451772,2781,2780,1353,821,0,0.0053239088
Warm B,193673,1194,1193,1353,821,0,0.0053092083
Warm B,31319,212,211,1355,823,0,-0.00030642631
Warm B,639137,3842,3841,1355,823,1,4.473608e-05
Warm B,22807,165,164,1355,823,1,0.0050609456
Warm B,192725,1186,1185,1355,823,1,-0.0022417544
Warm B,290248,1733,1732,1355,823,0,0.009081606
Warm B,15345,123,122,1355,823,0,0.007929142
Warm B,697396,4169,4168,1355,823,0,0.0033090706
Warm B,49909,331,330,1355,823,0,0.0057079676
Warm B,56013,372,371,1355,823,1,0.00050677505
Warm B,785841,4697,4696,1355,823,1,0.006740546
Warm B,195475,1203,1202,1355,823,0,-0.005709479
Warm B,807746,4834,4833,1355,823,0,0.0026094401
Warm B,473672,2909,2908,1355,823,0,0.0017105765
Warm B,933886,5636,5635,1355,823,0,0.00015739916
Warm B,903005,5458,5457,1355,823,0,-9.83472e-05
Warm B,93311,624,623,1355,823,0,0.0010517046
Warm B,293769,1748,1747,1355,823,0,0.0049153026
Warm B,500692,3075,3074,1361,828,1,0.0060227765
Warm B,546105,3367,3366,1361,828,1,0.015643548
Warm B,480553,2948,2947,1361,828,0,-0.0062452164
Warm B,475294,2917,2916,1361,828,1,0.012841845
Warm B,475136,2916,2915,1361,828,1,0.0073897503
Warm B,474715,2913,2912,1361,828,1,0.01030799
Warm B,471374,2900,2899,1361,828,0,0.001226054
Warm B,460711,2841,2840,1361,828,1,0.014608417
Warm B,457985,2820,2819,1361,828,1,0.009185497
Warm B,456705,2811,2810,1361,828,0,0.010937689
Warm B,459166,2826,2825,1361,828,1,0.0110610705
Warm B,441006,2700,2699,1361,828,1,0.009470599
Warm B,402839,2404,2403,1361,828,1,0.0026951237
Warm B,390714,2293,2292,1361,828,1,0.011899129
Warm B,368393,2153,2152,1361,828,1,0.0044747964
Warm B,364791,2124,2123,1361,828,1,0.022723343
Warm B,349160,2049,2048,1361,828,0,0.0028451118
Warm B,346997,2035,2034,1361,828,1,0.006365406
Warm B,340181,2008,2007,1361,828,1,0.0064707715
Warm B,342519,2015,2014,1361,828,0,0.012388146
Warm B,333141,1966,1965,1361,828,1,0.0042139073
Warm B,334167,1970,1969,1361,828,1,-0.0028712589
Warm B,334623,1974,1973,1361,828,1,0.008799398
Warm B,329356,1943,1942,1361,828,1,0.019884989
Warm B,317741,1889,1888,1361,828,0,0.012357748
Warm B,326397,1932,1931,1361,828,1,0.002381172
Warm B,299343,1777,1776,1361,828,1,0.014242189
Warm B,301524,1791,1790,1361,828,1,0.0037548773
Warm B,284221,1698,1697,1361,828,1,0.007853384
Warm B,267996,1628,1627,1361,828,1,0.0053292518
Warm B,258459,1584,1583,1361,828,1,0.006929115
Warm B,257221,1577,1576,1361,828,1,0.007977255
Warm B,255098,1552,1551,1361,828,1,0.008717824
Warm B,252534,1530,1529,1361,828,1,0.00014581485
Warm B,294333,1749,1748,1361,828,1,0.00054638274
Warm B,243248,1466,1465,1361,828,1,0.003095316
Warm B,237427,1446,1445,1361,828,0,0.008575551
Warm B,631608,3821,3820,1361,828,0,0.004999602
Warm B,232150,1408,1407,1361,828,1,0.002916462
Warm B,316844,1884,1883,1361,828,1,0.009722384
Warm B,225426,1364,1363,1361,828,1,0.006494416
Warm B,217091,1317,1316,1361,828,0,0.0037601728
Warm B,296498,1758,1757,1361,828,1,0.010109758
Warm B,215553,1306,1305,1361,828,1,0.013827951
Warm B,211003,1285,1284,1361,828,1,0.015468728
Warm B,279343,1680,1679,1361,828,1,0.0012626353
Warm B,205844,1264,1263,1361,828,1,0.0038669687
Warm B,308066,1836,1835,1361,828,1,0.0067814924
Warm B,240139,1449,1448,1361,828,1,0.002858325
Warm B,201587,1242,1241,1361,828,1,0.0035790075
Warm B,293195,1746,1745,1361,828,1,0.0076995236
Warm B,184386,1147,1146,1361,828,0,0.0023733764
Warm B,195489,1203,1202,1361,828,1,0.008915555
Warm B,166486,1059,1058,1361,828,1,0.007712812
Warm B,167884,1068,1067,1361,828,0,0.00883694
Warm B,269984,1635,1634,1361,828,1,0.0096477885
Warm B,154611,998,997,1361,828,1,0.013584355
Warm B,139412,891,890,1361,828,1,0.011068666
Warm B,133447,862,861,1361,828,1,-0.0007743251
Warm B,245803,1484,1483,1361,828,1,0.0057280185
Warm B,180326,1128,1127,1361,828,0,0.004319907
Warm B,322406,1912,1911,1361,828,1,0.004125782
Warm B,125379,806,805,1361,828,1,0.01292851
Warm B,125566,808,807,1361,828,1,-0.0008836696
Warm B,292779,1743,1742,1361,828,1,0.0055597913
Warm B,140708,904,903,1361,828,1,0.009613755
Warm B,90680,601,600,1361,828,1,0.009566708
Warm B,82263,546,545,1361,828,1,0.010756241
Warm B,82515,548,547,1361,828,1,-0.007692844
Warm B,72087,482,481,1361,828,1,0.014113855
Warm B,69381,465,464,1361,828,1,-0.0007173108
Warm B,60048,409,408,1361,828,1,0.008641688
Warm B,59882,408,407,1361,828,1,0.009465294
Warm B,53438,352,351,1361,828,1,0.012006849
Warm B,47207,319,318,1361,828,1,-0.0005322229
Warm B,25416,180,179,1361,828,1,0.0055378135
Warm B,481850,2962,2961,1361,828,0,0.015684284
Warm B,290258,1733,1732,1361,828,1,0.006325305
Warm B,148763,957,956,1361,828,1,0.017282486
Warm B,21903,161,160,1361,828,1,0.005285286
Warm B,947741,5722,5721,1361,828,1,0.004971155
Warm B,24190,173,172,1361,828,1,0.009965714
Warm B,286741,1712,1711,1361,828,0,0.009538977
Warm B,265122,1611,1610,1361,828,1,0.001725317
Warm B,784464,4682,4681,1361,828,1,0.007963851
Warm B,254870,1551,1550,1361,828,1,0.012704227
Warm B,927913,5605,5604,1361,828,1,0.01117004
Warm B,451778,2781,2780,1361,828,1,0.0004829293
Warm B,455282,2803,2802,1361,828,1,0.003116584
Warm B,312899,1865,1864,1361,828,1,0.0054111076
Warm B,908335,5493,5492,1361,828,1,0.00828323
Warm B,261196,1597,1596,1361,828,1,0.008744631
Warm B,235002,1425,1424,1361,828,1,0.0066112634
Warm B,351911,2063,2062,1361,828,0,0.010292521
Warm B,116256,752,751,1361,828,1,0.010489674
Warm B,27868,195,194,1361,828,1,0.01632608
Warm B,144387,930,929,1361,828,0,-0.0015468234
Warm B,346643,2031,2030,1361,828,1,0.003028802
Warm B,974624,5878,5877,1361,828,0,0.012762151
Warm B,292780,1743,1742,1362,829,1,0.014551258
Warm B,292346,1741,1740,1362,829,1,0.014373509
Warm B,264159,1607,1606,1362,829,0,0.017007053
Warm B,256660,1569,1568,1362,829,1,0.006237696
Warm B,346228,2030,2029,1362,829,1,0.010178078
Warm B,260107,1591,1590,1362,829,1,0.010253549
Warm B,212082,1291,1290,1362,829,1,0.009916805
Warm B,244005,1470,1469,1362,829,0,0.008265007
Warm B,199472,1224,1223,1362,829,1,0.015455961
Warm B,294334,1749,1748,1362,829,0,0.0040979916
Warm B,181003,1131,1130,1362,829,1,0.008041158
Warm B,163099,1041,1040,1362,829,1,0.005754898
Warm B,162686,1038,1037,1362,829,1,0.0064155636
Warm B,169587,1077,1076,1362,829,1,0.0012426358
Warm B,190999,1181,1180,1362,829,0,0.020027865
Warm B,185348,1150,1149,1362,829,1,0.0061388165
Warm B,141061,909,908,1362,829,1,0.004485003
Warm B,138366,889,888,1362,829,0,0.0049890927
Warm B,135038,873,872,1362,829,1,0.01504912
Warm B,240140,1449,1448,1362,829,1,0.010952756
Warm B,84222,550,549,1362,829,1,0.0029983034
Warm B,75714,515,514,1362,829,0,0.008368593
Warm B,58300,393,392,1362,829,1,0.00484405
Warm B,51632,339,338,1362,829,1,0.0029167912
Warm B,67039,451,450,1362,829,0,0.0006402137
Warm B,44914,303,302,1362,829,0,0.009203176
Warm B,537963,3312,3311,1362,829,0,0.004011755
Warm B,208811,1274,1273,1362,829,1,0.0068799285
Warm B,158270,1015,1014,1362,829,0,0.0072494997
Warm B,249867,1505,1504,1362,829,0,0.010502669
Warm B,316845,1884,1883,1362,829,1,0.01467515
Warm B,841499,5054,5053,1362,829,0,0.017394505
Warm B,319369,1897,1896,1362,829,1,0.013427419
Warm B,223071,1352,1351,1362,829,0,0.004990289
Warm B,994037,6002,6001,1362,829,1,0.0073656794
Warm B,546843,3371,3370,1362,829,1,0.008265389
Warm B,421035,2544,2543,1362,829,0,0.0054859347
Warm B,739559,4418,4417,1362,829,1,0.005101752
Warm B,256093,1561,1560,1362,829,1,0.008413166
Warm B,193685,1194,1193,1362,829,0,0.014990884
Warm B,423182,2565,2564,1363,830,1,-0.007581545
Warm B,395159,2334,2333,1363,830,0,-0.0048484914
Warm B,387298,2264,2263,1363,830,0,0.014551286
Warm B,366970,2140,2139,1363,830,0,0.0067100027
Warm B,366596,2136,2135,1363,830,0,-0.00013519172
Warm B,363070,2116,2115,1363,830,1,0.012550924
Warm B,347111,2036,2035,1363,830,0,0.00048176106
Warm B,311734,1858,1857,1363,830,0,-0.0044182334
Warm B,275124,1666,1665,1363,830,0,0.0023512454
Warm B,244006,1470,1469,1363,830,0,0.006828966
Warm B,261782,1599,1598,1363,830,0,0.00785513
Warm B,342520,2015,2014,1363,830,0,-0.0014057907
Warm B,329358,1943,1942,1363,830,1,0.0061286273
Warm B,167210,1064,1063,1363,830,0,0.0040239166
Warm B,175555,1112,1111,1363,830,0,0.0055236984
Warm B,167885,1068,1067,1363,830,0,0.006579268
Warm B,154877,999,998,1363,830,0,0.0048764404
Warm B,120434,777,776,1363,830,0,6.3825864e-05
Warm B,106092,699,698,1363,830,0,0.008630961
Warm B,179614,1125,1124,1363,830,0,-0.0025399877
Warm B,95456,639,638,1363,830,1,0.005128502
Warm B,360821,2106,2105,1363,830,0,0.002328311
Warm B,80228,533,532,1363,830,0,0.002149258
Warm B,697410,4169,4168,1363,830,0,0.0046942323
Warm B,61114,412,411,1363,830,1,0.009952848
Warm B,39455,268,267,1363,830,1,-0.0055933986
Warm B,55482,368,367,1363,830,1,-0.0008387808
Warm B,98850,660,659,1363,830,0,0.001046695
Warm B,31276,211,210,1363,830,0,-0.005666814
Warm B,30186,203,202,1363,830,0,-0.0051350617
Warm B,29034,199,198,1363,830,0,-0.0078939935
Warm B,291437,1737,1736,1363,830,0,1.5737489e-05
Warm B,153681,987,986,1363,830,1,-0.00042301393
Warm B,26257,187,186,1363,830,0,0.0035016332
Warm B,19177,148,147,1363,830,0,-0.00040477328
Warm B,9103,62,61,1363,830,0,0.00845451
Warm B,78487,528,527,1363,830,0,0.006832784
Warm B,237961,1447,1446,1363,830,0,0.0049750516
Warm B,164601,1051,1050,1363,830,1,0.008426833
Warm B,51303,338,337,1363,830,0,0.0028515407
Warm B,102306,678,677,1363,830,0,-0.0017103453
Warm B,328194,1941,1940,1363,830,0,0.0021606605
Warm B,144939,934,933,1363,830,0,-0.0032769663
Warm B,171691,1088,1087,1363,830,0,0.0069538397
Warm B,187051,1160,1159,1363,830,0,0.00010743865
Warm B,63010,424,423,1363,830,0,0.009464106
Warm B,272978,1647,1646,1363,830,0,0.003892812
Warm B,887144,5359,5358,1363,830,1,-0.01306959
Warm B,116258,752,751,1363,830,0,0.0052999603
Warm B,335967,1980,1979,1363,830,0,4.911842e-05
Warm B,713902,4277,4276,1363,830,0,0.006029688
Warm B,877524,5302,5301,1363,830,0,-0.00010825833
Warm B,382898,2237,2236,1366,831,1,0.004359653
Warm B,378739,2211,2210,1366,831,1,-0.0007453419
Warm B,375605,2188,2187,1366,831,1,0.011767443
Warm B,369068,2157,2156,1366,831,0,0.0048755324
Warm B,364795,2124,2123,1366,831,1,0.0011726071
Warm B,355758,2084,2083,1366,831,0,0.011138599
Warm B,338513,1990,1989,1366,831,0,0.0023053004
Warm B,279350,1680,1679,1366,831,1,0.010142587
Warm B,185352,1150,1149,1366,831,0,0.004704028
Warm B,168475,1069,1068,1366,831,0,0.0018728402
Warm B,221382,1340,1339,1366,831,0,0.0066194227
Warm B,146341,941,940,1366,831,0,0.010304604
Warm B,100872,673,672,1366,831,0,0.010280563
Warm B,332685,1962,1961,1366,831,0,0.006484293
Warm B,238993,1448,1447,1366,831,0,0.0047205463
Warm B,191002,1181,1180,1366,831,0,0.012710833
Warm B,77579,524,523,1366,831,1,0.018155105
Warm B,67197,452,451,1366,831,1,-0.0057204627
Warm B,360826,2106,2105,1366,831,1,0.0015134427
Warm B,288613,1724,1723,1366,831,1,0.00043492188
Warm B,697414,4169,4168,1366,831,1,0.010513632
Warm B,255536,1556,1555,1366,831,0,0.0032518166
Warm B,29039,199,198,1366,831,0,-0.00037065847
Warm B,17398,136,135,1366,831,1,0.00030808966
Warm B,16576,131,130,1366,831,1,0.0009770449
Warm B,9109,62,61,1366,831,0,0.0039815833
Warm B,79442,531,530,1366,831,0,0.010363884
Warm B,901594,5450,5449,1366,831,0,0.008646376
Warm B,457990,2820,2819,1366,831,1,0.0071840547
Warm B,354955,2077,2076,1366,831,0,0.009298458
Warm B,237965,1447,1446,1366,831,1,0.0097358525
Warm B,893333,5394,5393,1366,831,0,0.011431259
Warm B,182037,1137,1136,1366,831,1,0.0029126792
Warm B,171695,1088,1087,1366,831,0,0.0065854443
Warm B,49930,331,330,1366,831,0,0.0030745592
Warm B,734656,4387,4386,1366,831,0,0.0036697055
Warm B,927915,5605,5604,1366,831,0,0.007448218
Warm B,170885,1087,1086,1366,831,0,-0.00018611876
Warm B,160140,1019,1018,1366,831,1,0.007590131
Warm B,499470,3067,3066,1366,831,1,0.00028464128
Warm B,348063,2041,2040,1366,831,1,0.0067439284
Warm B,63012,424,423,1366,831,1,0.011242084
Warm B,235005,1425,1424,1366,831,1,0.013484479
Warm B,322409,1912,1911,1366,831,0,0.0070453817
Warm B,790766,4728,4727,1366,831,0,0.010668072
Warm B,193686,1194,1193,1366,831,1,0.010623839
Warm B,178162,1120,1119,1366,831,0,0.0119672185
Warm B,974626,5878,5877,1366,831,1,0.009048979
Warm B,536068,3308,3307,1382,845,0,0.018322246
Warm B,990224,5978,5977,1382,845,0,0.0031553349
Warm B,525089,3242,3241,1382,845,0,-0.0027122567
Warm B,520059,3208,3207,1382,845,0,0.0030111498
Warm B,516991,3191,3190,1382,845,0,0.0011291038
Warm B,497945,3056,3055,1382,845,0,0.003231701
Warm B,486313,2994,2993,1382,845,0,0.0075225467
Warm B,529780,3272,3271,1382,845,0,0.003950648
Warm B,472647,2907,2906,1382,845,0,0.012769502
Warm B,471385,2900,2899,1382,845,0,-0.008230021
Warm B,473744,2909,2908,1382,845,1,0.021296106
Warm B,468111,2886,2885,1382,845,1,0.007906539
Warm B,463372,2857,2856,1382,845,0,0.006077562
Warm B,452517,2786,2785,1382,845,0,0.018707562
Warm B,417150,2509,2508,1382,845,0,0.0114339255
Warm B,415261,2500,2499,1382,845,1,0.0075598974
Warm B,408268,2453,2452,1382,845,1,0.008624313
Warm B,449387,2771,2770,1382,845,0,0.001691018
Warm B,392263,2304,2303,1382,845,0,0.006663681
Warm B,377289,2203,2202,1382,845,1,0.02201246
Warm B,375134,2186,2185,1382,845,0,0.001457843
Warm B,370288,2165,2164,1382,845,1,0.0021016635
Warm B,367228,2143,2142,1382,845,0,-0.0031186037
Warm B,366197,2131,2130,1382,845,0,0.012198548
Warm B,359428,2102,2101,1382,845,0,0.0011021055
Warm B,313775,1873,1872,1382,845,1,0.008844973
Warm B,315322,1880,1879,1382,845,0,0.0097005805
Warm B,295297,1753,1752,1382,845,1,0.008906826
Warm B,303557,1803,1802,1382,845,0,-0.0033355015
Warm B,288919,1726,1725,1382,845,0,0.0015980529
Warm B,301786,1793,1792,1382,845,0,0.0012980038
Warm B,221416,1340,1339,1382,845,0,0.012046924
Warm B,212952,1297,1296,1382,845,0,0.008461748
Warm B,191053,1181,1180,1382,845,0,0.017534787
Warm B,170023,1080,1079,1382,845,1,0.0047905687
Warm B,168500,1069,1068,1382,845,0,0.017126255
Warm B,275582,1667,1666,1382,845,0,0.009781271
Warm B,154899,999,998,1382,845,0,0.0038578636
Warm B,185392,1150,1149,1382,845,0,0.0028924644
Warm B,156956,1010,1009,1382,845,0,0.0061525204
Warm B,277021,1675,1674,1382,845,0,0.0134048425
Warm B,136655,881,880,1382,845,0,0.005120717
Warm B,135680,877,876,1382,845,0,0.0060435515
Warm B,202540,1244,1243,1382,845,0,0.008476278
Warm B,351962,2063,2062,1382,845,0,0.0026514488
Warm B,258474,1584,1583,1382,845,0,0.0047410694
Warm B,126120,813,812,1382,845,0,0.0009207765
Warm B,121544,781,780,1382,845,0,0.010531413
Warm B,120773,778,777,1382,845,0,0.0071307053
Warm B,117534,757,756,1382,845,0,0.006063237
Warm B,114882,746,745,1382,845,0,-0.0053444393
Warm B,177005,1117,1116,1382,845,0,0.0030291944
Warm B,96439,647,646,1382,845,1,0.009720727
Warm B,150629,970,969,1382,845,0,0.006780549
Warm B,77604,524,523,1382,845,0,0.011623055
Warm B,71117,477,476,1382,845,1,0.00030644378
Warm B,68759,461,460,1382,845,0,0.011437853
Warm B,53482,352,351,1382,845,0,0.004656179
Warm B,36256,245,244,1382,845,0,0.005593423
Warm B,108046,710,709,1382,845,0,0.018551607
Warm B,198439,1219,1218,1382,845,1,0.0065445504
Warm B,354978,2077,2076,1382,845,0,0.015046406
Warm B,237990,1447,1446,1382,845,0,0.0052540484
Warm B,967376,5831,5830,1382,845,0,0.018861262
Warm B,709956,4258,4257,1382,845,0,0.0052169804
Warm B,63047,424,423,1382,845,0,0.011810428
Warm B,273017,1647,1646,1382,845,0,0.014925104
Warm B,382497,2235,2234,1390,850,0,0.002845292
Warm B,368412,2153,2152,1390,850,1,0.010240012
Warm B,363118,2116,2115,1390,850,1,0.0005850771
Warm B,356164,2087,2086,1390,850,1,0.0025317227
Warm B,361707,2109,2108,1390,850,0,0.006680457
Warm B,358912,2100,2099,1390,850,1,0.0017215572
Warm B,341962,2013,2012,1390,850,0,-0.0010456706
Warm B,340716,2010,2009,1390,850,0,0.012495695
Warm B,321811,1909,1908,1390,850,0,0.007459592
Warm B,276595,1672,1671,1390,850,0,0.0039659482
Warm B,297563,1764,1763,1390,850,0,0.001975001
Warm B,281303,1687,1686,1390,850,1,0.004895027
Warm B,267021,1623,1622,1390,850,0,0.0015520467
Warm B,264649,1609,1608,1390,850,0,0.006776111
Warm B,247196,1494,1493,1390,850,0,0.008953694
Warm B,336023,1980,1979,1390,850,0,0.0027795713
Warm B,223601,1354,1353,1390,850,1,0.0006923018
Warm B,277766,1676,1675,1390,850,0,0.014364829
Warm B,279425,1680,1679,1390,850,1,0.007361707
Warm B,198837,1221,1220,1390,850,1,-0.0029087793
Warm B,194413,1199,1198,1390,850,0,0.0053030187
Warm B,198635,1220,1219,1390,850,1,0.0065532126
Warm B,167911,1068,1067,1390,850,1,0.006193465
Warm B,328268,1941,1940,1390,850,1,0.00939388
Warm B,255546,1556,1555,1390,850,1,0.004934892
Warm B,249269,1502,1501,1390,850,1,-0.0015958042
Warm B,143691,927,926,1390,850,1,0.00018279231
Warm B,156964,1010,1009,1390,850,0,0.004544933
Warm B,136664,881,880,1390,850,0,0.0027368888
Warm B,112530,731,730,1390,850,1,0.0054773516
Warm B,106117,699,698,1390,850,0,0.0050924807
Warm B,96443,647,646,1390,850,0,0.00038977247
Warm B,92560,620,619,1390,850,0,0.0070489943
Warm B,191067,1181,1180,1390,850,0,0.007836135
Warm B,77616,524,523,1390,850,0,0.006576853
Warm B,59354,403,402,1390,850,1,0.009183923
Warm B,53511,352,351,1390,850,0,0.0044311676
Warm B,52473,346,345,1390,850,1,0.013603928
Warm B,44294,302,301,1390,850,0,0.0080012735
Warm B,697463,4169,4168,1390,850,1,0.0066235913
Warm B,31848,216,215,1390,850,1,-0.00026364147
Warm B,240183,1449,1448,1390,850,0,0.009530393
Warm B,291475,1737,1736,1390,850,0,0.017681267
Warm B,6323,45,44,1390,850,0,0.01153961
Warm B,3572,26,25,1390,850,0,-0.0019949293
Warm B,337076,1983,1982,1390,850,1,0.010236041
Warm B,354986,2077,2076,1390,850,0,0.0048375363
Warm B,626853,3792,3791,1390,850,0,0.01001093
Warm B,893366,5394,5393,1390,850,0,0.00718175
Warm B,682529,4085,4084,1390,850,1,0.0047927974
Warm B,11553,90,89,1390,850,1,0.0017936528
Warm B,79475,531,530,1390,850,0,0.011543329
Warm B,599317,3648,3647,1390,850,0,0.0071509974
Warm B,27947,195,194,1390,850,0,0.014271567
Warm B,476380,2926,2925,1390,850,0,0.0022099372
Warm B,769058,4579,4578,1390,850,0,0.006680103
Warm B,924151,5580,5579,1390,850,0,0.0063280724
Warm B,941734,5682,5681,1390,850,0,0.0015338717
Warm B,273027,1647,1646,1390,850,1,0.011100275
Warm B,116305,752,751,1390,850,0,0.0024015699
Warm B,794193,4748,4747,1390,850,0,0.005152033
Warm B,439429,2684,2683,1397,857,0,0.0053790854
Warm B,992974,5998,5997,1397,857,0,0.009756006
Warm B,974648,5878,5877,1397,857,1,0.0033082338
Warm B,773865,4611,4610,1398,858,0,0.010464751
Warm B,489661,3013,3012,1398,858,0,0.017349752
Warm B,171759,1088,1087,1398,858,0,0.014369018
Warm B,274428,1658,1657,1399,859,0,0.002454717
Warm B,279435,1680,1679,1399,859,0,-0.0058602216
Warm B,280887,1685,1684,1399,859,0,-0.0065228087
Warm B,321677,1908,1907,1399,859,1,0.009264234
Warm B,204056,1255,1254,1399,859,0,3.8916478e-05
Warm B,189625,1175,1174,1399,859,0,-0.0022978764
Warm B,328278,1941,1940,1399,859,0,0.006074737
Warm B,163888,1050,1049,1399,859,0,-0.0053111003
Warm B,348972,2047,2046,1399,859,0,0.001648956
Warm B,131209,850,849,1399,859,0,-0.0019157643
Warm B,263418,1605,1604,1399,859,0,-0.0039437194
Warm B,106125,699,698,1399,859,0,0.0042447457
Warm B,116313,752,751,1399,859,1,-0.0034211292
Warm B,100885,673,672,1399,859,0,0.0036794525
Warm B,98892,660,659,1399,859,0,-0.0034165066
Warm B,697474,4169,4168,1399,859,1,0.009769816
Warm B,191078,1181,1180,1399,859,0,-0.0023064914
Warm B,239043,1448,1447,1399,859,1,0.004197417
Warm B,69316,464,463,1399,859,0,0.0029639788
Warm B,70198,474,473,1399,859,0,-0.0028985522
Warm B,47292,319,318,1399,859,1,-7.8327954e-05
Warm B,46396,310,309,1399,859,1,0.0021642745
Warm B,360870,2106,2105,1399,859,0,-0.0010560123
Warm B,30195,203,202,1399,859,0,-0.000102691236
Warm B,26293,187,186,1399,859,1,-0.00046069245
Warm B,235048,1425,1424,1399,859,1,0.0013728046
Warm B,223608,1354,1353,1399,859,0,-0.001959254
Warm B,206945,1266,1265,1399,859,0,-0.0002454124
Warm B,27045,192,191,1399,859,1,0.0061424426
Warm B,158326,1015,1014,1399,859,1,0.008451537
Warm B,238008,1447,1446,1399,859,0,0.001213277
Warm B,497271,3054,3053,1399,859,0,0.0062589687
Warm B,171760,1088,1087,1399,859,0,-0.0010553045
Warm B,195529,1203,1202,1399,859,0,0.0027730654
Warm B,286416,1710,1709,1399,859,1,0.0016812144
Warm B,992975,5998,5997,1399,859,1,0.00031050667
Warm B,476384,2926,2925,1399,859,0,0.005524127
Warm B,769061,4579,4578,1399,859,0,0.008009047
Warm B,285363,1701,1700,1399,859,1,-0.004668072
Warm B,136671,881,880,1399,859,0,0.00473255
Warm B,739567,4418,4417,1399,859,0,0.004102546
Warm B,322461,1912,1911,1399,859,0,0.0031121671
Warm B,193721,1194,1193,1399,859,0,-0.0004188968
Warm B,974649,5878,5877,1399,859,1,-0.00218642
Warm B,610765,3705,3704,1401,860,1,0.008314628
Warm B,583795,3563,3562,1401,860,0,0.005952471
Warm B,593226,3618,3617,1401,860,0,0.01930217
Warm B,626420,3792,3791,1401,860,1,0.0028876849
Warm B,560771,3450,3449,1401,860,0,-0.003849534
Warm B,562921,3464,3463,1401,860,0,-0.0017298178
Warm B,549610,3391,3390,1401,860,0,0.0019472889
Warm B,529345,3272,3271,1401,860,1,0.010709354
Warm B,524350,3233,3232,1401,860,0,0.0029107374
Warm B,518564,3201,3200,1401,860,0,-0.00016140274
Warm B,687924,4116,4115,1401,860,1,0.0060055675
Warm B,575043,3519,3518,1401,860,0,0.0016136186
Warm B,712602,4277,4276,1401,860,1,0.0049935416
Warm B,493689,3032,3031,1401,860,1,-0.0014961924
Warm B,492400,3029,3028,1401,860,1,0.002506093
Warm B,484731,2986,2985,1401,860,0,0.015441083
Warm B,477786,2934,2933,1401,860,1,0.0011022036
Warm B,476604,2928,2927,1401,860,0,0.0047635427
Warm B,852490,5113,5112,1401,860,0,0.006172087
Warm B,462961,2857,2856,1401,860,0,-0.003979572
Warm B,453393,2793,2792,1401,860,0,0.0026741815
Warm B,444479,2743,2742,1401,860,1,0.010242968
Warm B,440689,2697,2696,1401,860,1,0.0052929767
Warm B,695671,4169,4168,1401,860,0,0.009418676
Warm B,432014,2634,2633,1401,860,0,0.00295759
Warm B,425893,2585,2584,1401,860,1,0.005639232
Warm B,420134,2540,2539,1401,860,1,0.0026940752
Warm B,417497,2518,2517,1401,860,1,0.004679769
Warm B,401849,2398,2397,1401,860,1,0.0067238915
Warm B,436049,2665,2664,1401,860,1,0.010906447
Warm B,375262,2187,2186,1401,860,1,0.011163251
Warm B,362535,2115,2114,1401,860,0,0.00019896915
Warm B,362619,2116,2115,1401,860,0,0.0077838525
Warm B,364488,2124,2123,1401,860,1,-0.0082484335
Warm B,359165,2102,2101,1401,860,0,0.0072306204
Warm B,335336,1980,1979,1401,860,0,0.011474637
Warm B,229106,1389,1388,1401,860,1,0.009693642
Warm B,224922,1360,1359,1401,860,0,0.002307395
Warm B,212708,1297,1296,1401,860,0,0.007447703
Warm B,272562,1647,1646,1401,860,1,0.0077549024
Warm B,203933,1255,1254,1401,860,0,0.00790151
Warm B,187214,1162,1161,1401,860,1,0.011268288
Warm B,329048,1943,1942,1401,860,0,0.016986147
Warm B,183442,1142,1141,1401,860,1,0.010448391
Warm B,184724,1150,1149,1401,860,0,0.0024575142
Warm B,210448,1285,1284,1401,860,1,0.0013198992
Warm B,307098,1835,1834,1401,860,1,0.005950088
Warm B,168176,1069,1068,1401,860,0,0.0016792751
Warm B,175240,1112,1111,1401,860,0,0.01669649
Warm B,327422,1941,1940,1401,860,1,-0.0021017408
Warm B,190216,1181,1180,1401,860,0,0.010084957
Warm B,156300,1008,1007,1401,860,0,-0.0013667438
Warm B,152747,984,983,1401,860,1,0.0043553384
Warm B,143219,924,923,1401,860,1,-0.0012572095
Warm B,156426,1010,1009,1401,860,0,0.0048641386
Warm B,137605,889,888,1401,860,0,0.004130707
Warm B,136188,881,880,1401,860,1,-0.008822117
Warm B,141276,911,910,1401,860,1,0.002929278
Warm B,154689,999,998,1401,860,0,0.0012176929
Warm B,778769,4653,4652,1401,860,1,0.016183266
Warm B,105783,699,698,1401,860,0,0.009751101
Warm B,299388,1778,1777,1401,860,0,0.009731917
Warm B,115754,752,751,1401,860,0,0.012886791
Warm B,100689,673,672,1401,860,0,0.00068033196
Warm B,98505,660,659,1401,860,0,0.0056471797
Warm B,94056,631,630,1401,860,1,0.0028404035
Warm B,89685,591,590,1401,860,0,0.001972651
Warm B,89048,588,587,1401,860,1,0.004177481
Warm B,82603,549,548,1401,860,1,0.004105394
Warm B,238481,1448,1447,1401,860,1,0.0071660653
Warm B,227890,1383,1382,1401,860,0,0.0063347714
Warm B,77070,524,523,1401,860,0,0.0104255825
Warm B,71683,482,481,1401,860,0,-0.00079136435
Warm B,60014,409,408,1401,860,0,-0.001899181
Warm B,57436,389,388,1401,860,1,-0.002805784
Warm B,53350,352,351,1401,860,0,0.003902835
Warm B,52406,346,345,1401,860,1,0.008919464
Warm B,49055,329,328,1401,860,0,0.0006717772
Warm B,47133,319,318,1401,860,0,0.0045626275
Warm B,360375,2106,2105,1401,860,0,-0.0068158307
Warm B,37291,255,254,1401,860,1,0.0028618295
Warm B,36123,245,244,1401,860,0,0.008779374
Warm B,23424,169,168,1401,860,1,0.005267988
Warm B,9033,62,61,1401,860,0,0.01056227
Warm B,907922,5493,5492,1401,860,0,0.008113045
Warm B,34464,234,233,1401,860,1,-0.0018653843
Warm B,129076,839,838,1401,860,1,0.0045607733
Warm B,257336,1579,1578,1401,860,0,0.0080414135
Warm B,571736,3507,3506,1401,860,0,0.0064115264
Warm B,849561,5102,5101,1401,860,1,0.005663185
Warm B,249714,1505,1504,1401,860,0,0.00064142304
Warm B,317439,1889,1888,1401,860,1,-0.0030234363
Warm B,558131,3428,3427,1401,860,1,0.0032371297
Warm B,293485,1748,1747,1401,860,1,0.00924126
Warm B,11509,90,89,1401,860,0,0.005247259
Warm B,407706,2451,2450,1401,860,1,-0.005604304
Warm B,285077,1701,1700,1401,860,0,0.010297402
Warm B,216707,1317,1316,1401,860,1,0.008596394
Warm B,553628,3410,3409,1401,860,0,-0.001975773
Warm B,801237,4802,4801,1401,860,1,0.00857047
Warm B,433441,2643,2642,1401,860,0,0.0014519382
Warm B,193356,1194,1193,1401,860,1,0.011628283
Warm B,432017,2634,2633,1404,861,1,-0.014998217
Warm B,82609,549,548,1404,861,1,-0.004941755
Warm B,198082,1218,1217,1404,861,0,-0.004502699
Warm B,190224,1181,1180,1404,861,0,-0.0029355485
Warm B,303693,1804,1803,1404,861,0,-0.0071169846
Warm B,77074,524,523,1404,861,1,-0.00020743627
Warm B,16227,129,128,1404,861,1,-0.00659932
Warm B,104052,692,691,1404,861,1,-0.0036108154
Warm B,209925,1284,1283,1404,861,0,0.0013737197
Warm B,49880,331,330,1404,861,1,0.0043760287
Warm B,286505,1712,1711,1404,861,0,-0.0010195829
Warm B,293489,1748,1747,1404,861,0,0.0005773307
Warm B,144693,934,933,1404,861,0,-0.0023805997
Warm B,204360,1260,1259,1404,861,0,-0.007371346
Warm B,309428,1842,1841,1404,861,1,-0.004612887
Warm B,772568,4607,4606,1404,861,0,-0.00434131
Warm B,321588,1908,1907,1410,866,0,0.011103544
Warm B,167610,1068,1067,1410,866,1,0.013647122
Warm B,189224,1173,1172,1410,866,0,0.012768231
Warm B,156450,1010,1009,1410,866,0,0.011723775
Warm B,201299,1242,1241,1410,866,0,0.0048815752
Warm B,332444,1962,1961,1410,866,0,0.0064804973
Warm B,154698,999,998,1410,866,0,0.009192707
Warm B,360393,2106,2105,1410,866,0,0.009888757
Warm B,115774,752,751,1410,866,0,0.01097379
Warm B,695696,4169,4168,1410,866,0,0.020903729
Warm B,238503,1448,1447,1410,866,0,0.0054761823
Warm B,190263,1181,1180,1410,866,0,0.017517084
Warm B,76081,517,516,1410,866,0,0.0059274742
Warm B,87031,569,568,1410,866,0,0.013644914
Warm B,53381,352,351,1410,866,0,0.009059333
Warm B,52420,346,345,1410,866,1,0.013502924
Warm B,47163,319,318,1410,866,0,0.014386645
Warm B,31707,216,215,1410,866,0,0.015551822
Warm B,31453,214,213,1410,866,0,0.0043016546
Warm B,299930,1779,1778,1410,866,0,0.008573179
Warm B,49087,329,328,1410,866,0,0.013601029
Warm B,79040,531,530,1410,866,1,0.021723041
Warm B,362641,2116,2115,1410,866,1,0.005055504
Warm B,682109,4085,4084,1410,866,1,0.022466078
Warm B,206591,1266,1265,1410,866,0,0.0169763
Warm B,433066,2641,2640,1410,866,0,0.007160181
Warm B,327459,1941,1940,1410,866,1,0.022914603
Warm B,618773,3751,3750,1410,866,0,0.010607251
Warm B,206219,1265,1264,1410,866,0,0.008142875
Warm B,295488,1755,1754,1410,866,1,0.003029026
Warm B,522086,3224,3223,1414,868,0,0.0008448707
Warm B,527205,3261,3260,1414,868,0,-0.0055147633
Warm B,493191,3031,3030,1414,868,1,-0.002226213
Warm B,882761,5333,5332,1414,868,0,0.00050956896
Warm B,490132,3017,3016,1414,868,0,0.0045898026
Warm B,474564,2913,2912,1414,868,1,0.00046865433
Warm B,467587,2882,2881,1414,868,1,-0.010451531
Warm B,465315,2870,2869,1414,868,1,0.0046371026
Warm B,462429,2854,2853,1414,868,0,-0.0040026475
Warm B,457580,2820,2819,1414,868,0,-0.0022684364
Warm B,449253,2771,2770,1414,868,0,-0.0013316753
Warm B,445862,2750,2749,1414,868,1,-0.0012593134
Warm B,445308,2747,2746,1414,868,1,0.003022779
Warm B,446254,2752,2751,1414,868,1,0.0003790229
Warm B,465497,2872,2871,1414,868,0,0.006160849
Warm B,440884,2700,2699,1414,868,1,-0.0076959645
Warm B,435160,2659,2658,1414,868,0,0.0008466514
Warm B,437329,2670,2669,1414,868,1,-0.008293895
Warm B,428045,2602,2601,1414,868,1,-0.00043586758
Warm B,412597,2484,2483,1414,868,1,0.0025510145
Warm B,362643,2116,2115,1414,868,0,-0.0011267951
Warm B,364505,2124,2123,1414,868,1,0.008423461
Warm B,359179,2102,2101,1414,868,1,0.00060455315
Warm B,351290,2063,2062,1414,868,0,0.00031477166
Warm B,373728,2181,2180,1414,868,0,0.0018659229
Warm B,353845,2073,2072,1414,868,0,0.007514701
Warm B,346546,2031,2030,1414,868,1,0.0059754043
Warm B,345004,2024,2023,1414,868,0,0.001423025
Warm B,343449,2018,2017,1414,868,1,-0.00014030398
Warm B,337881,1988,1987,1414,868,0,-3.880635e-05
Warm B,334392,1974,1973,1414,868,0,0.004704497
Warm B,305248,1813,1812,1414,868,1,0.0016580254
Warm B,290767,1735,1734,1414,868,1,0.0009676656
Warm B,281755,1690,1689,1414,868,1,0.0032205551
Warm B,278491,1680,1679,1414,868,1,-0.0011168001
Warm B,264045,1607,1606,1414,868,0,-0.00032084482
Warm B,321589,1908,1907,1414,868,0,0.00981737
Warm B,256420,1565,1564,1414,868,1,0.0088437805
Warm B,254978,1552,1551,1414,868,1,-0.0014516632
Warm B,247460,1496,1495,1414,868,1,0.0066714236
Warm B,227762,1381,1380,1414,868,0,-0.002829208
Warm B,229820,1391,1390,1414,868,0,-0.0039588725
Warm B,269630,1635,1634,1414,868,1,-0.0012383331
Warm B,212723,1297,1296,1414,868,1,0.0009995343
Warm B,307877,1836,1835,1414,868,1,0.00047547137
Warm B,202279,1244,1243,1414,868,1,-0.001695828
Warm B,210484,1285,1284,1414,868,1,0.001149659
Warm B,201082,1241,1240,1414,868,1,-0.0037441514
Warm B,294100,1749,1748,1414,868,0,0.00815999
Warm B,194641,1202,1201,1414,868,0,-0.0045144656
Warm B,184759,1150,1149,1414,868,0,0.0019263877
Warm B,307120,1835,1834,1414,868,1,0.0042567966
Warm B,173443,1100,1099,1414,868,1,0.0023262035
Warm B,248609,1501,1500,1414,868,0,0.00012835767
Warm B,327466,1941,1940,1414,868,1,0.00408537
Warm B,157657,1015,1014,1414,868,1,-0.001247006
Warm B,319779,1899,1898,1414,868,1,-0.0046866266
Warm B,144707,934,933,1414,868,0,0.00070223026
Warm B,147264,949,948,1414,868,1,-0.005946407
Warm B,136207,881,880,1414,868,0,0.010063802
Warm B,131695,854,853,1414,868,1,-0.0058846213
Warm B,128476,832,831,1414,868,1,0.001689364
Warm B,127464,823,822,1414,868,1,-0.0034748407
Warm B,126090,813,812,1414,868,1,-0.0016877858
Warm B,159720,1019,1018,1414,868,1,-0.00033358578
Warm B,360396,2106,2105,1414,868,0,0.0054429118
Warm B,132213,855,854,1414,868,1,-0.0022483114
Warm B,105804,699,698,1414,868,1,-0.0008785494
Warm B,341082,2011,2010,1414,868,1,0.005503896
Warm B,107610,710,709,1414,868,1,0.008322726
Warm B,104074,692,691,1414,868,1,-0.006025499
Warm B,123056,795,794,1414,868,0,-0.0034536049
Warm B,92488,620,619,1414,868,0,0.011279324
Warm B,695705,4169,4168,1414,868,1,0.003738463
Warm B,151153,973,972,1414,868,0,-0.0020603011
Warm B,85017,553,552,1414,868,1,0.0055387616
Warm B,77104,524,523,1414,868,1,2.9002316e-05
Warm B,59028,402,401,1414,868,1,0.003184002
Warm B,53389,352,351,1414,868,1,-0.0003047036
Warm B,47167,319,318,1414,868,0,-0.0032618449
Warm B,110522,721,720,1414,868,0,0.0019362355
Warm B,61079,412,411,1414,868,1,0.008833142
Warm B,330626,1952,1951,1414,868,0,0.006840718
Warm B,38152,261,260,1414,868,0,0.0023716888
Warm B,34331,232,231,1414,868,1,-0.0038198922
Warm B,859986,5172,5171,1414,868,0,0.0004711803
Warm B,49092,329,328,1414,868,0,0.00110263
Warm B,9067,62,61,1414,868,1,0.0028580264
Warm B,6208,45,44,1414,868,0,-0.006771481
Warm B,153888,990,989,1414,868,0,-0.0062016323
Warm B,545209,3363,3362,1414,868,0,0.0036927247
Warm B,10721,78,77,1414,868,1,-0.00022342592
Warm B,801248,4802,4801,1414,868,1,0.004769992
Warm B,954172,5761,5760,1414,868,0,-0.00287204
Warm B,974844,5880,5879,1414,868,1,-0.0008288333
Warm B,181801,1137,1136,1414,868,1,0.005413319
Warm B,241770,1457,1456,1414,868,1,-0.0045431405
Warm B,182998,1141,1140,1414,868,1,-0.0003509433
Warm B,966474,5831,5830,1414,868,1,0.006510459
Warm B,240890,1451,1450,1414,868,1,-0.0021005902
Warm B,101852,678,677,1414,868,0,0.0028621112
Warm B,24160,173,172,1414,868,1,-0.004732058
Warm B,258262,1584,1583,1414,868,1,0.0018785121
Warm B,699522,4186,4185,1414,868,0,0.00675133
Warm B,171159,1088,1087,1414,868,1,-0.0047326596
Warm B,941284,5682,5681,1414,868,0,-0.010547306
Warm B,413588,2489,2488,1414,868,0,-0.0048381574
Warm B,839131,5046,5045,1414,868,1,-0.0020097457
Warm B,545944,3367,3366,1419,870,0,0.0019198828
Warm B,738004,4411,4410,1419,870,1,0.007428322
Warm B,482501,2967,2966,1419,870,0,0.01161716
Warm B,481067,2955,2954,1419,870,1,0.0032033543
Warm B,478537,2936,2935,1419,870,1,0.008357325
Warm B,466549,2878,2877,1419,870,1,0.0011884957
Warm B,463972,2860,2859,1419,870,1,0.0036972386
Warm B,457586,2820,2819,1419,870,1,0.0005378835
Warm B,451442,2779,2778,1419,870,1,0.0040645897
Warm B,443303,2733,2732,1419,870,1,0.0013647706
Warm B,437868,2676,2675,1419,870,1,-0.0032285773
Warm B,424979,2579,2578,1419,870,1,-0.0016786791
Warm B,446644,2753,2752,1419,870,1,0.0013108074
Warm B,411206,2468,2467,1419,870,1,0.008412713
Warm B,401323,2393,2392,1419,870,1,0.009093987
Warm B,400846,2389,2388,1419,870,0,0.0032683765
Warm B,381472,2231,2230,1419,870,0,0.0022256642
Warm B,371940,2173,2172,1419,870,0,-0.0020930627
Warm B,352572,2064,2063,1419,870,1,0.004754726
Warm B,342987,2016,2015,1419,870,1,0.0042973496
Warm B,428726,2609,2608,1419,870,1,0.0043447614
Warm B,329935,1947,1946,1419,870,0,0.013291204
Warm B,319786,1899,1898,1419,870,1,0.0033437803
Warm B,280661,1685,1684,1419,870,1,-0.0019863767
Warm B,278500,1680,1679,1419,870,1,0.0019863867
Warm B,264048,1607,1606,1419,870,0,0.0063503664
Warm B,258176,1583,1582,1419,870,1,-0.0047240737
Warm B,353849,2073,2072,1419,870,1,0.00743929
Warm B,283784,1698,1697,1419,870,1,0.0063009565
Warm B,211733,1288,1287,1419,870,1,-0.0021072556
Warm B,220251,1335,1334,1419,870,1,0.0018294164
Warm B,199211,1224,1223,1419,870,1,0.011804077
Warm B,186307,1152,1151,1419,870,1,0.010263607
Warm B,177407,1119,1118,1419,870,1,0.0009632283
Warm B,243648,1470,1469,1419,870,0,0.012727201
Warm B,308314,1837,1836,1419,870,1,0.00037593313
Warm B,162624,1038,1037,1419,870,0,0.0009733881
Warm B,190276,1181,1180,1419,870,0,0.008539731
Warm B,151443,975,974,1419,870,1,0.010074012
Warm B,146762,948,947,1419,870,1,0.003920047
Warm B,201307,1242,1241,1419,870,1,0.0011638482
Warm B,127602,824,823,1419,870,0,0.008074812
Warm B,316534,1884,1883,1419,870,1,0.009953325
Warm B,80838,537,536,1419,870,1,0.0024393075
Warm B,81409,543,542,1419,870,1,0.0072124433
Warm B,77110,524,523,1419,870,1,0.004631257
Warm B,83780,550,549,1419,870,0,0.008956308
Warm B,69413,466,465,1419,870,1,0.0068124016
Warm B,66314,444,443,1419,870,1,0.0031113809
Warm B,54779,358,357,1419,870,1,0.01106924
Warm B,52688,347,346,1419,870,1,0.0051171547
Warm B,46588,312,311,1419,870,1,-0.00030812225
Warm B,505913,3112,3111,1419,870,0,0.002112935
Warm B,31719,216,215,1419,870,0,0.0026671942
Warm B,440044,2691,2690,1419,870,1,0.00561299
Warm B,4851,35,34,1419,870,1,0.00040616968
Warm B,357166,2092,2091,1419,870,1,0.00056252675
Warm B,206598,1266,1265,1419,870,0,-0.0042035705
Warm B,524358,3233,3232,1419,870,1,-0.006095932
Warm B,157665,1015,1014,1419,870,1,0.0053751795
Warm B,289905,1733,1732,1419,870,1,0.006478002
Warm B,801251,4802,4801,1419,870,1,0.010763895
Warm B,208532,1274,1273,1419,870,1,-0.00055893336
Warm B,10371,74,73,1419,870,1,0.008567875
Warm B,441779,2715,2714,1419,870,1,0.007767821
Warm B,293518,1748,1747,1419,870,0,0.008353748
Warm B,319082,1897,1896,1419,870,1,-0.0010090277
Warm B,993787,6002,6001,1419,870,1,0.0041322582
Warm B,546645,3371,3370,1419,870,1,0.00093954126
Warm B,27824,195,194,1419,870,1,0.012190826
Warm B,275976,1671,1670,1419,870,1,0.00421815
Warm B,370857,2168,2167,1419,870,0,0.0067877816
Warm B,240894,1451,1450,1419,870,1,0.009698699
Warm B,175921,1113,1112,1419,870,1,0.00079548615
Warm B,554991,3413,3412,1419,870,1,0.009608593
Warm B,451665,2781,2780,1419,870,1,-0.0034635877
Warm B,585073,3572,3571,1425,872,0,0.006325842
Warm B,607016,3685,3684,1425,872,1,0.008749014
Warm B,576775,3526,3525,1425,872,1,0.011810672
Warm B,580363,3546,3545,1425,872,0,0.01246997
Warm B,563972,3470,3469,1425,872,0,0.008037923
Warm B,560961,3451,3450,1425,872,0,0.0063659926
Warm B,556732,3422,3421,1425,872,0,0.007984235
Warm B,543147,3344,3343,1425,872,0,0.00057342555
Warm B,547491,3378,3377,1425,872,0,0.006290255
Warm B,541179,3329,3328,1425,872,0,0.0006024926
Warm B,532917,3292,3291,1425,872,0,0.004972622
Warm B,530769,3280,3279,1425,872,0,0.019556543
Warm B,522106,3224,3223,1425,872,1,0.0026676976
Warm B,539683,3320,3319,1425,872,1,0.0025213705
Warm B,536761,3311,3310,1425,872,1,0.011789387
Warm B,512524,3163,3162,1425,872,1,0.010565391
Warm B,816014,4899,4898,1425,872,0,-7.039984e-05
Warm B,738010,4411,4410,1425,872,0,-0.0074377856
Warm B,783906,4682,4681,1425,872,1,0.0050572464
Warm B,504335,3101,3100,1425,872,1,0.013628116
Warm B,475038,2916,2915,1425,872,0,0.0038078688
Warm B,472243,2907,2906,1425,872,1,0.0052798307
Warm B,470831,2899,2898,1425,872,1,0.011259785
Warm B,473130,2909,2908,1425,872,0,0.006658185
Warm B,467505,2881,2880,1425,872,1,0.0020071063
Warm B,447763,2761,2760,1425,872,1,0.013376351
Warm B,438735,2681,2680,1425,872,1,0.0067888405
Warm B,425046,2580,2579,1425,872,0,0.0035770005
Warm B,419560,2537,2536,1425,872,0,0.011007201
Warm B,416279,2507,2506,1425,872,0,0.008800425
Warm B,412606,2484,2483,1425,872,1,0.018694973
Warm B,400196,2383,2382,1425,872,1,0.01807375
Warm B,368233,2153,2152,1425,872,1,0.0037640901
Warm B,361357,2109,2108,1425,872,0,0.0020898539
Warm B,351311,2063,2062,1425,872,0,0.026435915
Warm B,340382,2010,2009,1425,872,0,0.008574705
Warm B,337891,1988,1987,1425,872,0,0.0042631463
Warm B,330908,1954,1953,1425,872,1,0.014848996
Warm B,314873,1880,1879,1425,872,0,0.011621275
Warm B,281111,1687,1686,1425,872,0,0.0059024785
Warm B,278520,1680,1679,1425,872,0,-0.00068268366
Warm B,268423,1631,1630,1425,872,0,0.016039506
Warm B,256422,1565,1564,1425,872,0,0.0070274845
Warm B,247473,1496,1495,1425,872,0,0.0052057416
Warm B,233579,1421,1420,1425,872,1,0.019006558
Warm B,231533,1404,1403,1425,872,1,0.013572939
Warm B,357177,2092,2091,1425,872,1,0.008419206
Warm B,335383,1980,1979,1425,872,0,0.0014962833
Warm B,223265,1354,1353,1425,872,0,0.015086609
Warm B,277347,1676,1675,1425,872,1,0.015276911
Warm B,198740,1221,1220,1425,872,0,0.0044117924
Warm B,196273,1207,1206,1425,872,0,0.02377129
Warm B,175924,1113,1112,1425,872,0,0.015764108
Warm B,173039,1097,1096,1425,872,1,0.011651538
Warm B,164205,1051,1050,1425,872,0,0.010322405
Warm B,271982,1645,1644,1425,872,1,0.0033650915
Warm B,155689,1004,1003,1425,872,0,0.015172256
Warm B,221029,1340,1339,1425,872,0,0.018188313
Warm B,148183,955,954,1425,872,0,0.008857495
Warm B,137670,889,888,1425,872,0,0.008128177
Warm B,135376,877,876,1425,872,0,0.006764404
Warm B,128481,832,831,1425,872,0,0.0037768092
Warm B,124131,800,799,1425,872,1,0.007796966
Warm B,177839,1120,1119,1425,872,0,0.009237592
Warm B,117321,757,756,1425,872,1,0.012374398
Warm B,112206,731,730,1425,872,1,0.007244398
Warm B,107625,710,709,1425,872,1,0.021210218
Warm B,105818,699,698,1425,872,1,0.012328147
Warm B,106583,702,701,1425,872,1,0.012395419
Warm B,103764,690,689,1425,872,1,0.018086063
Warm B,118207,765,764,1425,872,1,0.0007655397
Warm B,176659,1117,1116,1425,872,1,0.012133076
Warm B,97662,655,654,1425,872,0,-0.0028100181
Warm B,329084,1943,1942,1425,872,1,0.008698113
Warm B,94075,631,630,1425,872,0,-0.00037736283
Warm B,695722,4169,4168,1425,872,0,0.013123341
Warm B,283798,1698,1697,1425,872,1,0.010030031
Warm B,83798,550,549,1425,872,1,0.002591744
Warm B,238519,1448,1447,1425,872,0,0.008295675
Warm B,87032,569,568,1425,872,1,0.014149099
Warm B,70042,474,473,1425,872,0,0.014360507
Warm B,63617,425,424,1425,872,0,0.010338152
Warm B,58448,396,395,1425,872,0,0.0040322873
Warm B,626450,3792,3791,1425,872,0,0.004594242
Warm B,588952,3592,3591,1425,872,0,-0.0063331514
Warm B,638846,3842,3841,1425,872,1,0.020215658
Warm B,65126,438,437,1425,872,1,0.0064842715
Warm B,26241,187,186,1425,872,0,0.006544118
Warm B,234670,1425,1424,1425,872,1,0.008592984
Warm B,7458,53,52,1425,872,1,0.002555401
Warm B,632861,3824,3823,1425,872,0,0.01385442
Warm B,3459,26,25,1425,872,0,0.013710581
Warm B,2622,22,21,1425,872,0,0.011443583
Warm B,233829,1422,1421,1425,872,1,0.0014192688
Warm B,79054,531,530,1425,872,0,0.009018986
Warm B,709660,4258,4257,1425,872,1,0.014884137
Warm B,892765,5394,5393,1425,872,0,0.01934322
Warm B,370866,2168,2167,1425,872,1,0.018914588
Warm B,571784,3507,3506,1425,872,0,0.011154487
Warm B,362654,2116,2115,1425,872,1,0.022613978
Warm B,511759,3158,3157,1425,872,0,0.0106045855
Warm B,309444,1842,1841,1425,872,0,0.0027326571
Warm B,201909,1243,1242,1425,872,1,0.00057158864
Warm B,65881,442,441,1425,872,1,0.020277677
Warm B,878852,5312,5311,1425,872,1,0.004497217
Warm B,388002,2271,2270,1425,872,1,0.011845736
Warm B,699527,4186,4185,1425,872,0,0.01207826
Warm B,549656,3391,3390,1425,872,0,0.008143904
Warm B,337358,1984,1983,1432,875,0,-0.004519442
Warm B,222321,1345,1344,1432,875,0,0.007403195
Warm B,226929,1377,1376,1432,875,0,0.0054163435
Warm B,311428,1855,1854,1432,875,1,0.007547497
Warm B,320690,1902,1901,1432,875,0,0.004956457
Warm B,248625,1501,1500,1432,875,1,0.022849428
Warm B,171192,1088,1087,1432,875,0,0.008312216
Warm B,327510,1941,1940,1432,875,0,0.0074313236
Warm B,275361,1667,1666,1432,875,0,0.0044975765
Warm B,342142,2015,2014,1432,875,0,0.015886728
Warm B,154702,999,998,1432,875,0,0.011278978
Warm B,325728,1928,1927,1432,875,0,0.0074133663
Warm B,380092,2223,2222,1432,875,0,0.0116916485
Warm B,202284,1244,1243,1432,875,0,0.0089003695
Warm B,258274,1584,1583,1432,875,1,0.0042236047
Warm B,105825,699,698,1432,875,0,0.01773955
Warm B,96321,647,646,1432,875,0,0.010292146
Warm B,107637,710,709,1432,875,0,0.008279038
Warm B,150368,970,969,1432,875,0,0.018909566
Warm B,87620,575,574,1432,875,0,0.018305387
Warm B,81343,542,541,1432,875,0,-0.0033258146
Warm B,83816,550,549,1432,875,0,0.014428998
Warm B,77128,524,523,1432,875,0,0.021901228
Warm B,70048,474,473,1432,875,0,0.008429557
Warm B,44207,302,301,1432,875,0,0.022803243
Warm B,22309,163,162,1432,875,0,0.010469329
Warm B,269663,1635,1634,1432,875,0,0.019719671
Warm B,26989,192,191,1432,875,0,-0.00069378165
Warm B,10045,71,70,1432,875,1,0.015842006
Warm B,9100,62,61,1432,875,0,0.010487687
Warm B,17093,134,133,1432,875,0,0.014869675
Warm B,78233,528,527,1432,875,0,0.012826151
Warm B,354663,2077,2076,1432,875,0,0.019235075
Warm B,27865,195,194,1432,875,0,0.017167684
Warm B,49924,331,330,1432,875,0,0.0141762085
Warm B,300128,1780,1779,1432,875,0,0.016931336
Warm B,941292,5682,5681,1432,875,0,0.022020964
Warm B,293532,1748,1747,1432,875,0,0.018259738
Warm B,272608,1647,1646,1432,875,0,0.010681631
Warm B,549673,3391,3390,1432,875,0,0.0053713513
Warm B,183033,1141,1140,1440,877,0,0.003025199
Warm B,164231,1051,1050,1440,877,0,0.0075657773
Warm B,163627,1050,1049,1440,877,0,-0.0012931427
Warm B,332456,1962,1961,1440,877,0,-0.0018468715
Warm B,124718,802,801,1440,877,0,0.004296871
Warm B,112232,731,730,1440,877,0,0.0026790744
Warm B,105835,699,698,1440,877,1,0.0017007599
Warm B,106605,702,701,1440,877,0,0.009590619
Warm B,763751,4543,4542,1440,877,0,0.006116106
Warm B,291105,1737,1736,1440,877,0,0.0031377955
Warm B,70621,476,475,1440,877,0,0.001280427
Warm B,67315,453,452,1440,877,0,0.0053108465
Warm B,239632,1449,1448,1440,877,0,0.015659394
Warm B,107651,710,709,1440,877,0,0.007401651
Warm B,695755,4169,4168,1440,877,0,0.010864926
Warm B,237578,1447,1446,1440,877,0,0.0086246105
Warm B,133988,869,868,1440,877,0,0.005632637
Warm B,719880,4312,4311,1440,877,0,0.0027328595
Warm B,933296,5636,5635,1440,877,0,-0.00019029807
Warm B,549697,3391,3390,1440,877,0,0.008227273
Warm B,567227,3483,3482,1440,877,1,0.019266034
Warm B,499101,3067,3066,1442,879,0,0.008353283
Warm B,71742,482,481,1442,879,0,0.0026637232
Warm B,626471,3792,3791,1442,879,0,0.0056047207
Warm B,966513,5831,5830,1442,879,1,0.009261015
Warm B,272622,1647,1646,1442,879,1,0.015023189
Warm B,115817,752,751,1442,879,0,0.009781984
Warm B,183035,1141,1140,1442,879,0,0.00696784
Warm B,712679,4277,4276,1442,879,1,0.0071968753
Warm B,223019,1352,1351,1442,879,0,0.01085397
Warm B,310515,1851,1850,1442,879,0,0.005297943
Warm B,248478,1500,1499,1442,879,0,0.0005631944
Warm B,525208,3243,3242,1445,880,0,-6.3404674e-05
Warm B,510596,3147,3146,1445,880,0,0.0030549206
Warm B,516268,3189,3188,1445,880,0,-0.005563091
Warm B,504100,3099,3098,1445,880,1,0.0077738953
Warm B,496739,3052,3051,1445,880,0,0.009187428
Warm B,493752,3032,3031,1445,880,1,0.00015692663
Warm B,486523,2995,2994,1445,880,0,0.004693335
Warm B,484455,2983,2982,1445,880,0,0.0013023461
Warm B,479965,2946,2945,1445,880,0,0.008323265
Warm B,444373,2742,2741,1445,880,0,0.0018759011
Warm B,435368,2661,2660,1445,880,0,-0.0022275317
Warm B,430674,2625,2624,1445,880,0,0.009614778
Warm B,450521,2777,2776,1445,880,1,0.004275293
Warm B,420379,2541,2540,1445,880,1,-0.0068717767
Warm B,419591,2537,2536,1445,880,0,0.0022280389
Warm B,415196,2500,2499,1445,880,0,0.0067759124
Warm B,412628,2484,2483,1445,880,0,0.010967841
Warm B,383994,2244,2243,1445,880,0,0.008839558
Warm B,378895,2212,2211,1445,880,0,-0.00033961632
Warm B,366540,2136,2135,1445,880,0,0.0031901712
Warm B,355866,2085,2084,1445,880,0,0.0064623603
Warm B,362675,2116,2115,1445,880,0,-9.917794e-05
Warm B,351357,2063,2062,1445,880,0,8.557271e-05
Warm B,361383,2109,2108,1445,880,0,0.0057507944
Warm B,343949,2020,2019,1445,880,0,0.0074663246
Warm B,340398,2010,2009,1445,880,0,0.012549079
Warm B,338706,1995,1994,1445,880,0,0.0052074185
Warm B,324839,1925,1924,1445,880,0,0.0014791677
Warm B,303436,1803,1802,1445,880,0,0.012799126
Warm B,275372,1667,1666,1445,880,0,6.9736736e-05
Warm B,226936,1377,1376,1445,880,0,-0.000115097966
Warm B,269680,1635,1634,1445,880,0,0.0043273587
Warm B,218787,1327,1326,1445,880,0,0.008010311
Warm B,254995,1552,1551,1445,880,0,0.0051975995
Warm B,277378,1676,1675,1445,880,0,0.0077415276
Warm B,272623,1647,1646,1445,880,0,0.010981344
Warm B,278582,1680,1679,1445,880,0,0.008609975
Warm B,304635,1812,1811,1445,880,0,0.001195482
Warm B,219684,1333,1332,1445,880,0,0.006885034
Warm B,198558,1220,1219,1445,880,0,0.007952319
Warm B,308347,1837,1836,1445,880,0,0.012525165
Warm B,172446,1092,1091,1445,880,0,-0.0022542886
Warm B,229142,1389,1388,1445,880,0,4.862901e-06
Warm B,166822,1061,1060,1445,880,0,0.002811859
Warm B,327553,1941,1940,1445,880,0,0.0011241453
Warm B,272006,1645,1644,1445,880,1,-0.0050284592
Warm B,190351,1181,1180,1445,880,0,0.0027472926
Warm B,255421,1556,1555,1445,880,0,0.0053133033
Warm B,227532,1380,1379,1445,880,1,0.012017194
Warm B,151463,975,974,1445,880,0,0.010794435
Warm B,221058,1340,1339,1445,880,0,0.022395365
Warm B,156502,1010,1009,1445,880,0,0.0004170793
Warm B,137727,889,888,1445,880,0,0.017206147
Warm B,248637,1501,1500,1445,880,0,0.0036249678
Warm B,120233,777,776,1445,880,0,0.002021751
Warm B,118230,765,764,1445,880,1,0.004154669
Warm B,159778,1019,1018,1445,880,0,0.0012673729
Warm B,105837,699,698,1445,880,0,-0.0015074364
Warm B,98554,660,659,1445,880,0,0.003036025
Warm B,96323,647,646,1445,880,0,0.018003948
Warm B,96077,646,645,1445,880,0,0.00738441
Warm B,82704,549,548,1445,880,0,-0.000612915
Warm B,118984,770,769,1445,880,0,0.01236642
Warm B,81444,543,542,1445,880,0,-0.00062702526
Warm B,70352,475,474,1445,880,0,0.005034671
Warm B,68527,461,460,1445,880,0,0.008979581
Warm B,67148,452,451,1445,880,0,0.005319245
Warm B,87037,569,568,1445,880,1,0.0010771619
Warm B,71744,482,481,1445,880,0,0.011221098
Warm B,405928,2436,2435,1445,880,0,0.008370628
Warm B,53464,352,351,1445,880,0,0.0027148174
Warm B,52295,344,343,1445,880,0,-0.0019298501
Warm B,78245,528,527,1445,880,0,0.0037429472
Warm B,44242,302,301,1445,880,0,0.0018090191
Warm B,695764,4169,4168,1445,880,0,0.011428831
Warm B,31800,216,215,1445,880,0,0.0136399595
Warm B,336848,1983,1982,1445,880,0,0.005774187
Warm B,239638,1449,1448,1445,880,0,0.00083221705
Warm B,368248,2153,2152,1445,880,1,0.01840131
Warm B,29045,199,198,1445,880,0,0.013233094
Warm B,291107,1737,1736,1445,880,0,6.8238005e-05
Warm B,536790,3311,3310,1445,880,0,0.0042362357
Warm B,19206,148,147,1445,880,0,0.011988454
Warm B,161934,1033,1032,1445,880,0,0.016596097
Warm B,626474,3792,3791,1445,880,0,0.0044001024
Warm B,552046,3401,3400,1445,880,0,0.01097616
Warm B,383199,2239,2238,1445,880,0,-0.0027536997
Warm B,632907,3824,3823,1445,880,0,0.0060544536
Warm B,331281,1958,1957,1445,880,0,0.013419326
Warm B,45774,308,307,1445,880,0,0.009690094
Warm B,454468,2796,2795,1445,880,0,0.011668349
Warm B,171223,1088,1087,1445,880,0,0.0102443835
Warm B,931380,5626,5625,1445,880,1,0.013412537
Warm B,342161,2015,2014,1445,880,0,0.0067097475
Warm B,336639,1982,1981,1445,880,0,0.012431413
Warm B,559347,3436,3435,1445,880,0,0.012377506
Warm B,556158,3418,3417,1446,881,1,-0.0036265939
Warm B,551526,3398,3397,1446,881,1,-0.0011198693
Warm B,546670,3371,3370,1446,881,1,0.008596703
Warm B,545445,3364,3363,1446,881,1,-0.0056030303
Warm B,534268,3299,3298,1446,881,1,-0.010459745
Warm B,524593,3237,3236,1446,881,1,0.00566602
Warm B,522155,3224,3223,1446,881,1,-0.0033799298
Warm B,521320,3217,3216,1446,881,1,0.0011813306
Warm B,512557,3163,3162,1446,881,1,0.013392654
Warm B,527226,3261,3260,1446,881,1,-0.0020713569
Warm B,520486,3210,3209,1446,881,1,0.00024142861
Warm B,509203,3135,3134,1446,881,0,0.0041754204
Warm B,526166,3253,3252,1446,881,1,-0.008066401
Warm B,816021,4899,4898,1446,881,1,0.00622356
Warm B,506170,3114,3113,1446,881,1,0.007983195
Warm B,503065,3088,3087,1446,881,1,0.0060305153
Warm B,500602,3075,3074,1446,881,1,-0.0047242744
Warm B,588971,3592,3591,1446,881,1,-0.0018250919
Warm B,492473,3029,3028,1446,881,1,-0.004713336
Warm B,497056,3054,3053,1446,881,1,-0.0027603304
Warm B,484780,2986,2985,1446,881,1,0.003251032
Warm B,483350,2970,2969,1446,881,1,-0.0074077398
Warm B,695766,4169,4168,1446,881,1,0.00228548
Warm B,475046,2916,2915,1446,881,1,-0.0015412531
Warm B,879759,5317,5316,1446,881,1,0.0025887846
Warm B,466593,2878,2877,1446,881,1,0.012645872
Warm B,466148,2874,2873,1446,881,0,0.005606748
Warm B,465319,2870,2869,1446,881,1,-0.004880825
Warm B,464593,2863,2862,1446,881,1,0.0020913708
Warm B,462325,2853,2852,1446,881,1,-0.0069546634
Warm B,459563,2832,2831,1446,881,1,-0.0036688382
Warm B,443683,2737,2736,1446,881,0,0.0039333254
Warm B,442339,2724,2723,1446,881,1,-0.0014465745
Warm B,432040,2634,2633,1446,881,1,-0.00796006
Warm B,425869,2584,2583,1446,881,1,-0.0050024986
Warm B,417288,2513,2512,1446,881,1,-4.26271e-05
Warm B,386298,2259,2258,1446,881,1,-0.0010904423
Warm B,378109,2206,2205,1446,881,1,-0.0019312268
Warm B,371202,2169,2168,1446,881,0,0.0018420876
Warm B,347084,2036,2035,1446,881,1,0.004627685
Warm B,346872,2034,2033,1446,881,1,-0.005391076
Warm B,346037,2030,2029,1446,881,1,-0.0034480318
Warm B,275854,1669,1668,1446,881,1,0.005555447
Warm B,281969,1692,1691,1446,881,0,0.0013182114
Warm B,274740,1661,1660,1446,881,1,-0.011385683
Warm B,284735,1699,1698,1446,881,1,-0.00019887206
Warm B,273931,1654,1653,1446,881,1,-0.005411711
Warm B,268434,1631,1630,1446,881,1,0.003895795
Warm B,252024,1525,1524,1446,881,1,0.00016034255
Warm B,353891,2073,2072,1446,881,1,-0.005163147
Warm B,233589,1421,1420,1446,881,0,-0.00515638
Warm B,227972,1383,1382,1446,881,1,-0.0018457985
Warm B,229826,1391,1390,1446,881,1,0.0052495846
Warm B,209325,1279,1278,1446,881,0,0.00036927045
Warm B,205574,1264,1263,1446,881,1,0.001108977
Warm B,203751,1253,1252,1446,881,1,0.009639785
Warm B,213250,1298,1297,1446,881,1,0.009473501
Warm B,308350,1837,1836,1446,881,1,-0.0019649377
Warm B,206628,1266,1265,1446,881,1,-0.0020531286
Warm B,170745,1087,1086,1446,881,1,0.0099627925
Warm B,175295,1112,1111,1446,881,1,0.0023641651
Warm B,163069,1041,1040,1446,881,1,-0.00417326
Warm B,162635,1038,1037,1446,881,1,0.0010823458
Warm B,161262,1029,1028,1446,881,1,0.005887586
Warm B,151915,977,976,1446,881,1,-0.0005394821
Warm B,150311,969,968,1446,881,1,-0.0006168746
Warm B,148508,956,955,1446,881,1,0.001616572
Warm B,313698,1873,1872,1446,881,0,-0.0036549922
Warm B,154559,998,997,1446,881,1,-0.00023752777
Warm B,143797,928,927,1446,881,0,-0.00033252896
Warm B,137730,889,888,1446,881,0,-0.002512962
Warm B,201337,1242,1241,1446,881,1,0.0040397346
Warm B,130729,848,847,1446,881,1,0.0059735663
Warm B,199971,1228,1227,1446,881,1,0.00435644
Warm B,128821,837,836,1446,881,0,0.005091258
Warm B,374728,2185,2184,1446,881,0,-0.0064466186
Warm B,262966,1605,1604,1446,881,1,0.00047586346
Warm B,322045,1912,1911,1446,881,0,-0.0052203555
Warm B,134957,873,872,1446,881,1,-0.0033724038
Warm B,105385,697,696,1446,881,0,0.00021629187
Warm B,105021,696,695,1446,881,1,0.008018444
Warm B,97682,655,654,1446,881,1,-0.0012049698
Warm B,256037,1561,1560,1446,881,1,0.010258793
Warm B,151163,973,972,1446,881,0,0.0038335368
Warm B,283841,1698,1697,1446,881,1,-0.0062923525
Warm B,89527,590,589,1446,881,1,-0.0007818986
Warm B,89098,588,587,1446,881,1,-0.00026781973
Warm B,460536,2841,2840,1446,881,1,0.00736085
Warm B,319125,1897,1896,1446,881,1,-0.0013514212
Warm B,83849,550,549,1446,881,1,-0.0045037544
Warm B,77158,524,523,1446,881,1,0.009453766
Warm B,59575,404,403,1446,881,1,0.0063869487
Warm B,155206,1001,1000,1446,881,1,-0.0011347621
Warm B,46238,309,308,1446,881,1,-0.0025958042
Warm B,42946,294,293,1446,881,1,0.0058472375
Warm B,42692,293,292,1446,881,1,0.0033875117
Warm B,312769,1865,1864,1446,881,1,0.012508945
Warm B,43410,299,298,1446,881,1,-0.0022280237
Warm B,31803,216,215,1446,881,1,-0.007277776
Warm B,199799,1227,1226,1446,881,1,0.0019489236
Warm B,30787,205,204,1446,881,1,0.0031893682
Warm B,27490,193,192,1446,881,1,-0.0051612817
Warm B,21915,161,160,1446,881,1,-0.004784521
Warm B,26268,187,186,1446,881,1,-0.009104562
Warm B,287356,1716,1715,1446,881,1,0.005264312
Warm B,152403,981,980,1446,881,0,0.00858649
Warm B,12457,95,94,1446,881,1,0.00021659373
Warm B,11422,88,87,1446,881,1,-0.006082009
Warm B,133407,862,861,1446,881,1,-0.00038854545
Warm B,211638,1287,1286,1446,881,0,-0.0033863052
Warm B,10600,76,75,1446,881,1,0.004833443
Warm B,1399,13,12,1446,881,0,0.0016682777
Warm B,778,9,8,1446,881,0,0.0031986122
Warm B,479711,2944,2943,1446,881,1,0.005911094
Warm B,10739,78,77,1446,881,0,-0.0010269051
Warm B,167081,1063,1062,1446,881,1,-0.006721376
Warm B,484283,2980,2979,1446,881,0,-0.003057329
Warm B,249748,1505,1504,1446,881,1,0.0016338602
Warm B,859998,5172,5171,1446,881,1,-0.0041647824
Warm B,37836,259,258,1446,881,1,-0.006891788
Warm B,317481,1889,1888,1446,881,0,-0.0025097085
Warm B,420765,2544,2543,1446,881,0,-0.0009767918
Warm B,117142,755,754,1446,881,1,0.0056712544
Warm B,840387,5049,5048,1446,881,1,0.003425206
Warm B,178542,1121,1120,1446,881,1,0.006438259
Warm B,807557,4834,4833,1446,881,0,-0.0063063498
Warm B,208576,1274,1273,1446,881,1,-0.0071139494
Warm B,456904,2814,2813,1446,881,0,0.0015655202
Warm B,804231,4816,4815,1446,881,1,0.0069374423
Warm B,535754,3308,3307,1453,883,0,-0.005719245
Warm B,638876,3842,3841,1453,883,0,-6.3601416e-05
Warm B,540921,3328,3327,1453,883,1,-0.0028988128
Warm B,532974,3292,3291,1453,883,0,0.003189597
Warm B,522171,3224,3223,1453,883,0,-0.0071144598
Warm B,539714,3320,3319,1453,883,0,0.0006924933
Warm B,512564,3163,3162,1453,883,0,-0.010505675
Warm B,508443,3129,3128,1453,883,0,0.0011180053
Warm B,738035,4411,4410,1453,883,0,-0.0045512496
Warm B,503583,3095,3094,1453,883,1,0.00025758985
Warm B,797522,4784,4783,1453,883,0,-0.0011447687
Warm B,493759,3032,3031,1453,883,1,-0.004983593
Warm B,491940,3026,3025,1453,883,0,0.00065632444
Warm B,490150,3017,3016,1453,883,0,-0.0009535884
Warm B,794602,4753,4752,1453,883,0,0.0063405233
Warm B,472284,2907,2906,1453,883,0,-0.0034507946
Warm B,470292,2896,2895,1453,883,0,-0.0010195663
Warm B,450131,2776,2775,1453,883,0,0.0019403019
Warm B,450528,2777,2776,1453,883,0,-0.004986154
Warm B,445072,2745,2744,1453,883,0,-0.00086779066
Warm B,466602,2878,2877,1453,883,0,0.00027107622
Warm B,438750,2681,2680,1453,883,1,0.003288132
Warm B,433083,2641,2640,1453,883,0,-0.007194421
Warm B,430267,2622,2621,1453,883,1,-0.0034751806
Warm B,420381,2541,2540,1453,883,1,0.0020264215
Warm B,416000,2506,2505,1453,883,0,0.00527745
Warm B,400230,2383,2382,1453,883,1,0.0034398946
Warm B,393045,2309,2308,1453,883,0,-8.3021587e-07
Warm B,366817,2139,2138,1453,883,0,-0.00028203806
Warm B,364436,2123,2122,1453,883,1,0.00075570587
Warm B,355870,2085,2084,1453,883,0,-0.006370168
Warm B,341392,2012,2011,1453,883,0,-0.0029688245
Warm B,315764,1881,1880,1453,883,1,-0.0018597548
Warm B,293371,1747,1746,1453,883,0,0.001380808
Warm B,281137,1687,1686,1453,883,0,0.0032883636
Warm B,269472,1634,1633,1453,883,0,0.0016984902
Warm B,268438,1631,1630,1453,883,1,0.008715285
Warm B,276028,1671,1670,1453,883,1,0.0007449028
Warm B,216363,1314,1313,1453,883,1,0.0016611093
Warm B,213255,1298,1297,1453,883,1,0.004203307
Warm B,211985,1291,1290,1453,883,0,-0.0034095217
Warm B,188817,1172,1171,1453,883,1,-0.008208485
Warm B,186733,1156,1155,1453,883,0,0.0005440861
Warm B,183048,1141,1140,1453,883,1,-0.006163556
Warm B,316103,1883,1882,1453,883,0,0.006875612
Warm B,331289,1958,1957,1453,883,0,-0.0039568413
Warm B,327567,1941,1940,1453,883,0,-0.00038555358
Warm B,272010,1645,1644,1453,883,1,0.0041690664
Warm B,165422,1054,1053,1453,883,1,-0.00415959
Warm B,167652,1068,1067,1453,883,0,-0.0033549995
Warm B,143600,927,926,1453,883,0,-0.00032802345
Warm B,137743,889,888,1453,883,0,0.0012154236
Warm B,248642,1501,1500,1453,883,0,0.007424699
Warm B,360454,2106,2105,1453,883,0,-0.00022630487
Warm B,105842,699,698,1453,883,0,-0.0022123791
Warm B,103626,689,688,1453,883,0,0.0029937946
Warm B,179395,1125,1124,1453,883,0,-0.006182859
Warm B,98560,660,659,1453,883,0,-0.006996055
Warm B,96326,647,646,1453,883,0,0.0020401333
Warm B,441916,2718,2717,1453,883,0,0.0008445231
Warm B,234715,1425,1424,1453,883,0,0.0024647578
Warm B,152815,984,983,1453,883,0,0.0024802717
Warm B,87177,570,569,1453,883,0,-0.0025709497
Warm B,76092,517,516,1453,883,0,-0.0095323855
Warm B,64604,432,431,1453,883,0,0.003098473
Warm B,251050,1516,1515,1453,883,0,-0.001368039
Warm B,239649,1449,1448,1453,883,0,-0.0025540488
Warm B,78253,528,527,1453,883,0,-0.0003741067
Warm B,49187,329,328,1453,883,0,-0.0067914976
Warm B,46390,310,309,1453,883,0,0.01529503
Warm B,39470,268,267,1453,883,0,-0.00565732
Warm B,38189,261,260,1453,883,0,-0.004495197
Warm B,38781,264,263,1453,883,0,-0.0006763418
Warm B,336852,1983,1982,1453,883,0,-0.010552321
Warm B,22343,163,162,1453,883,0,-0.006172193
Warm B,783936,4682,4681,1453,883,0,0.0029874672
Warm B,6299,45,44,1453,883,0,-0.0024169772
Warm B,79096,531,530,1453,883,0,0.004070365
Warm B,471806,2903,2902,1453,883,1,-0.006297237
Warm B,354679,2077,2076,1453,883,0,0.0014063296
Warm B,362684,2116,2115,1453,883,0,-0.0002904781
Warm B,682146,4085,4084,1453,883,0,0.00489611
Warm B,51329,338,337,1453,883,0,-0.008421342
Warm B,101920,678,677,1453,883,0,0.0065716254
Warm B,144735,934,933,1453,883,0,0.0035628946
Warm B,507637,3125,3124,1453,883,0,-0.003349389
Warm B,287584,1717,1716,1453,883,0,-0.001983006
Warm B,473176,2909,2908,1453,883,0,-5.761336e-06
Warm B,262979,1605,1604,1454,884,0,0.0051103523
Warm B,283852,1698,1697,1454,884,1,0.009161553
Warm B,88133,581,580,1454,884,0,0.0063565457
Warm B,238565,1448,1447,1454,884,1,0.0053481995
Warm B,88703,587,586,1454,884,0,0.0041455883
Warm B,65159,438,437,1454,884,0,0.008268435
Warm B,57095,386,385,1454,884,0,0.008285919
Warm B,132251,855,854,1454,884,0,0.014448011
Warm B,42949,294,293,1454,884,1,-0.0012453718
Warm B,24822,175,174,1454,884,0,0.012182169
Warm B,17421,136,135,1454,884,0,0.0051458403
Warm B,206636,1266,1265,1454,884,0,0.0041033756
Warm B,892794,5394,5393,1454,884,1,0.015168174
Warm B,222545,1347,1346,1454,884,1,0.0075824894
Warm B,882009,5329,5328,1454,884,1,0.010992114
Warm B,682147,4085,4084,1454,884,0,0.010445103
Warm B,499110,3067,3066,1454,884,0,0.0075283432
Warm B,54365,355,354,1454,884,0,0.0026443345
Warm B,289945,1733,1732,1454,884,1,0.016246414
Warm B,234716,1425,1424,1454,884,1,0.0061053284
Warm B,372582,2176,2175,1454,884,0,0.004153439
Warm B,329854,1946,1945,1454,884,0,0.0121704945
Warm B,869004,5250,5249,1456,885,1,0.0060547576
Warm B,171238,1088,1087,1456,885,0,0.009092302
Warm B,562390,3462,3461,1456,885,0,0.018315779
Warm B,27921,195,194,1456,885,0,0.007832776
Warm B,327604,1941,1940,1460,888,1,0.015304565
Warm B,179410,1125,1124,1460,888,0,0.009426137
Warm B,165120,1053,1052,1460,888,0,0.012189291
Warm B,342189,2015,2014,1460,888,0,0.004390874
Warm B,155730,1004,1003,1460,888,0,0.0066942237
Warm B,165426,1054,1053,1460,888,1,0.004423375
Warm B,152832,984,983,1460,888,0,0.012591031
Warm B,147883,953,952,1460,888,0,0.012417205
Warm B,184870,1150,1149,1460,888,0,0.010200332
Warm B,137778,889,888,1460,888,0,0.010527667
Warm B,262994,1605,1604,1460,888,0,0.0022763682
Warm B,124165,800,799,1460,888,0,0.009738708
Warm B,112266,731,730,1460,888,0,0.012331722
Warm B,105856,699,698,1460,888,0,0.002991882
Warm B,203457,1248,1247,1460,888,0,0.0062611974
Warm B,93739,629,628,1460,888,1,0.006291194
Warm B,85214,556,555,1460,888,0,0.009945229
Warm B,83876,550,549,1460,888,0,0.006195143
Warm B,73055,494,493,1460,888,1,0.008597542
Warm B,70063,474,473,1460,888,0,0.00574404
Warm B,65168,438,437,1460,888,0,0.010134894
Warm B,46393,310,309,1460,888,1,-0.00015053817
Warm B,638887,3842,3841,1460,888,1,0.011542218
Warm B,142133,918,917,1460,888,0,0.008446211
Warm B,10465,75,74,1460,888,1,0.0024447266
Warm B,362701,2116,2115,1460,888,0,0.0060415263
Warm B,239674,1449,1448,1460,888,0,0.00935429
Warm B,272018,1645,1644,1460,888,1,-0.0013539242
Warm B,632941,3824,3823,1460,888,0,0.0106638055
Warm B,554397,3411,3410,1460,888,0,0.003463013
Warm B,134015,869,868,1460,888,0,0.01057315
Warm B,734171,4387,4386,1460,888,0,0.011365386
Warm B,936495,5650,5649,1460,888,0,0.011145394
Warm B,877372,5302,5301,1460,888,0,0.010847835
Warm B,526448,3257,3256,1464,890,0,0.0050195064
Warm B,566975,3481,3480,1464,890,1,-0.00633592
Warm B,536824,3311,3310,1464,890,1,0.0041688415
Warm B,522198,3224,3223,1464,890,0,0.0076695876
Warm B,512376,3162,3161,1464,890,0,-0.0056428737
Warm B,510601,3147,3146,1464,890,0,0.0064444207
Warm B,476662,2928,2927,1464,890,0,0.009423846
Warm B,473213,2909,2908,1464,890,1,0.0012603276
Warm B,457652,2820,2819,1464,890,1,0.0073690214
Warm B,518618,3201,3200,1464,890,0,0.0038593537
Warm B,438951,2682,2681,1464,890,1,0.014122967
Warm B,428220,2605,2604,1464,890,0,0.009489331
Warm B,390627,2293,2292,1464,890,0,0.019147258
Warm B,389855,2288,2287,1464,890,1,0.004579392
Warm B,381921,2232,2231,1464,890,0,0.007188785
Warm B,379128,2215,2214,1464,890,0,0.00058102224
Warm B,375459,2188,2187,1464,890,0,0.012503569
Warm B,351400,2063,2062,1464,890,1,0.01241539
Warm B,301035,1788,1787,1464,890,1,0.0050109504
Warm B,289960,1733,1732,1464,890,1,0.0070992047
Warm B,282522,1694,1693,1464,890,1,0.011924429
Warm B,278645,1680,1679,1464,890,1,0.010213219
Warm B,268294,1630,1629,1464,890,0,0.013522189
Warm B,267724,1627,1626,1464,890,1,-0.0025648384
Warm B,346063,2030,2029,1464,890,1,0.011673565
Warm B,234501,1423,1422,1464,890,0,0.018452162
Warm B,224012,1356,1355,1464,890,0,0.009855923
Warm B,214650,1303,1302,1464,890,1,0.008321188
Warm B,219706,1333,1332,1464,890,0,0.0068228585
Warm B,210586,1285,1284,1464,890,0,0.0059682317
Warm B,183062,1141,1140,1464,890,1,0.0064228894
Warm B,243693,1470,1469,1464,890,0,0.0060248068
Warm B,372587,2176,2175,1464,890,0,0.009456849
Warm B,156537,1010,1009,1464,890,1,0.0074790353
Warm B,319869,1899,1898,1464,890,1,0.011325779
Warm B,157769,1015,1014,1464,890,1,0.01207247
Warm B,149477,963,962,1464,890,1,0.014343227
Warm B,184874,1150,1149,1464,890,0,0.016429486
Warm B,139338,891,890,1464,890,0,-0.0015657805
Warm B,137785,889,888,1464,890,0,0.01336308
Warm B,159819,1019,1018,1464,890,0,0.013284582
Warm B,886808,5359,5358,1464,890,1,0.0045211967
Warm B,199976,1228,1227,1464,890,0,0.0037836758
Warm B,176711,1117,1116,1464,890,1,0.005623323
Warm B,712717,4277,4276,1464,890,1,0.0019299993
Warm B,631340,3821,3820,1464,890,0,0.006707146
Warm B,283875,1698,1697,1464,890,1,0.009663569
Warm B,90543,601,600,1464,890,0,0.017232072
Warm B,77192,524,523,1464,890,1,0.0022749072
Warm B,74588,509,508,1464,890,1,0.014534227
Warm B,79998,533,532,1464,890,0,0.016981443
Warm B,60074,409,408,1464,890,1,0.015150303
Warm B,239682,1449,1448,1464,890,0,0.017413564
Warm B,53513,352,351,1464,890,1,0.014123869
Warm B,638892,3842,3841,1464,890,0,0.010735628
Warm B,695809,4169,4168,1464,890,0,0.018970381
Warm B,35763,242,241,1464,890,1,0.015153984
Warm B,33355,225,224,1464,890,0,0.014863833
Warm B,23019,166,165,1464,890,1,0.0067053307
Warm B,17431,136,135,1464,890,1,0.004627589
Warm B,505934,3112,3111,1464,890,1,0.006787273
Warm B,4472,33,32,1464,890,0,0.005691532
Warm B,380700,2225,2224,1464,890,0,0.009801391
Warm B,512590,3163,3162,1464,890,1,0.023127869
Warm B,129166,839,838,1464,890,1,-8.958392e-06
Warm B,237618,1447,1446,1464,890,1,0.013365889
Warm B,843800,5074,5073,1464,890,0,0.009761618
Warm B,548658,3387,3386,1464,890,1,0.011159294
Warm B,101948,678,677,1464,890,0,0.010420279
Warm B,632947,3824,3823,1464,890,0,0.0059952955
Warm B,309469,1842,1841,1464,890,0,0.007879926
Warm B,17741,137,136,1464,890,0,0.00919556
Warm B,879776,5317,5316,1464,890,1,0.015256494
Warm B,570920,3503,3502,1464,890,1,0.00933885
Warm B,287593,1717,1716,1464,890,1,0.0070508723
Warm B,892807,5394,5393,1464,890,0,0.015658423
Warm B,335483,1980,1979,1464,890,0,0.00976447
Warm B,474314,2910,2909,1464,890,1,0.01289987
Warm B,240969,1451,1450,1464,890,1,0.0065134456
Warm B,488991,3011,3010,1464,890,1,0.009840991
Warm B,783415,4680,4679,1464,890,0,0.007155455
Warm B,27950,195,194,1464,890,1,0.004520899
Warm B,177898,1120,1119,1464,890,0,0.0036873335
Warm B,58679,398,397,1464,890,1,0.001780577
Warm B,234733,1425,1424,1464,890,1,0.010218154
Warm B,496828,3053,3052,1465,891,0,0.010445295
Warm B,484806,2986,2985,1465,891,1,0.02132417
Warm B,477659,2933,2932,1465,891,1,0.0077019697
Warm B,471558,2901,2900,1465,891,1,0.011626595
Warm B,869963,5256,5255,1465,891,0,0.0051090997
Warm B,463044,2857,2856,1465,891,1,0.011363333
Warm B,897519,5428,5427,1465,891,1,0.014096182
Warm B,450558,2777,2776,1465,891,0,0.0031820093
Warm B,444503,2743,2742,1465,891,1,0.013043487
Warm B,440790,2699,2698,1465,891,1,0.018718278
Warm B,425907,2585,2584,1465,891,1,0.009839665
Warm B,422927,2564,2563,1465,891,1,0.005920061
Warm B,451344,2778,2777,1465,891,0,-0.00036438718
Warm B,398175,2368,2367,1465,891,1,0.008505908
Warm B,388320,2272,2271,1465,891,0,0.002142177
Warm B,386535,2261,2260,1465,891,0,0.010159327
Warm B,362706,2116,2115,1465,891,0,0.012169132
Warm B,361410,2109,2108,1465,891,0,0.009317961
Warm B,338504,1990,1989,1465,891,0,0.011479521
Warm B,334255,1972,1971,1465,891,1,0.0073580677
Warm B,318093,1890,1889,1465,891,0,0.010715605
Warm B,298643,1773,1772,1465,891,0,0.0015290237
Warm B,310043,1845,1844,1465,891,0,0.0034192835
Warm B,251515,1521,1520,1465,891,1,0.0041965153
Warm B,245689,1484,1483,1465,891,1,0.00924852
Warm B,227766,1381,1380,1465,891,0,0.006243595
Warm B,221092,1340,1339,1465,891,0,0.012819026
Warm B,278648,1680,1679,1465,891,1,0.020246243
Warm B,192962,1191,1190,1465,891,0,-0.001045129
Warm B,329128,1943,1942,1465,891,1,0.0036362847
Warm B,184878,1150,1149,1465,891,0,0.007944124
Warm B,182665,1140,1139,1465,891,1,0.0063022673
Warm B,307186,1835,1834,1465,891,1,0.0175258
Warm B,174946,1109,1108,1465,891,0,0.009131385
Warm B,172591,1094,1093,1465,891,0,0.002245411
Warm B,149478,963,962,1465,891,0,0.013705452
Warm B,323648,1920,1919,1465,891,1,0.017870612
Warm B,147700,952,951,1465,891,1,0.0006244689
Warm B,249150,1502,1501,1465,891,1,0.02185929
Warm B,141894,914,913,1465,891,0,-0.0028432496
Warm B,136272,881,880,1465,891,0,0.022177035
Warm B,125467,808,807,1465,891,0,0.017180506
Warm B,118245,765,764,1465,891,1,0.009269061
Warm B,114700,746,745,1465,891,0,-0.002782193
Warm B,107263,706,705,1465,891,0,0.0012127014
Warm B,115853,752,751,1465,891,0,0.009381494
Warm B,95804,642,641,1465,891,0,0.0021674642
Warm B,695812,4169,4168,1465,891,1,0.010727652
Warm B,283876,1698,1697,1465,891,1,0.002200271
Warm B,89954,593,592,1465,891,1,0.007024768
Warm B,432047,2634,2633,1465,891,0,0.011702336
Warm B,77193,524,523,1465,891,0,0.008858483
Warm B,238591,1448,1447,1465,891,1,0.0075628003
Warm B,68547,461,460,1465,891,1,0.02105755
Warm B,363892,2120,2119,1465,891,1,0.0017946872
Warm B,43828,301,300,1465,891,0,0.016770024
Warm B,22367,163,162,1465,891,0,0.013420261
Warm B,26287,187,186,1465,891,1,-0.002097893
Warm B,314578,1879,1878,1465,891,1,0.012134934
Warm B,129167,839,838,1465,891,1,0.0086207185
Warm B,257424,1579,1578,1465,891,1,0.011373698
Warm B,204423,1260,1259,1465,891,0,0.0028508862
Warm B,309470,1842,1841,1465,891,1,0.0132061
Warm B,285144,1701,1700,1465,891,1,0.010715344
Warm B,46764,314,313,1465,891,0,0.000740099
Warm B,941299,5682,5681,1465,891,0,0.0124114435
Warm B,531951,3285,3284,1468,893,0,-0.006615028
Warm B,518072,3197,3196,1468,893,1,-0.0027671738
Warm B,505789,3111,3110,1468,893,1,-0.0044631017
Warm B,493797,3032,3031,1468,893,1,0.0012907425
Warm B,484810,2986,2985,1468,893,0,0.0034940892
Warm B,483444,2972,2971,1468,893,1,0.0015429757
Warm B,467899,2885,2884,1468,893,1,-0.0018528457
Warm B,460186,2840,2839,1468,893,0,0.0018253354
Warm B,594688,3620,3619,1468,893,0,0.0024966672
Warm B,452935,2789,2788,1468,893,0,-0.007859417
Warm B,451933,2782,2781,1468,893,0,0.0025105942
Warm B,450562,2777,2776,1468,893,0,0.0019657712
Warm B,414435,2496,2495,1468,893,0,-0.004961901
Warm B,407985,2453,2452,1468,893,0,0.0007595357
Warm B,399411,2378,2377,1468,893,0,0.004754438
Warm B,436155,2665,2664,1468,893,0,0.010128673
Warm B,389858,2288,2287,1468,893,0,-0.0017256036
Warm B,386785,2262,2261,1468,893,0,0.0050304956
Warm B,370431,2166,2165,1468,893,0,-0.0002473644
Warm B,361415,2109,2108,1468,893,0,-0.005150063
Warm B,345027,2024,2023,1468,893,1,-0.0020951005
Warm B,343030,2016,2015,1468,893,0,-0.007332724
Warm B,306576,1828,1827,1468,893,0,0.0039043
Warm B,283430,1697,1696,1468,893,0,0.0030751978
Warm B,255222,1553,1552,1468,893,0,-0.008426648
Warm B,230904,1397,1396,1468,893,0,-0.00018529175
Warm B,227767,1381,1380,1468,893,1,-0.003843618
Warm B,224015,1356,1355,1468,893,0,0.0067482744
Warm B,289183,1727,1726,1468,893,0,0.0041834353
Warm B,296736,1759,1758,1468,893,1,0.009039855
Warm B,250301,1509,1508,1468,893,0,-0.0031323212
Warm B,313100,1866,1865,1468,893,1,0.0023848729
Warm B,243696,1470,1469,1468,893,1,0.0041705994
Warm B,205236,1263,1262,1468,893,0,0.0011874328
Warm B,294162,1749,1748,1468,893,0,0.003285844
Warm B,212392,1294,1293,1468,893,1,0.00088759186
Warm B,316123,1883,1882,1468,893,0,-0.0038416842
Warm B,172791,1096,1095,1468,893,0,-0.0046196934
Warm B,272023,1645,1644,1468,893,1,0.009624703
Warm B,151483,975,974,1468,893,0,0.0036918158
Warm B,249151,1502,1501,1468,893,0,0.009718364
Warm B,143169,923,922,1468,893,0,0.00044499245
Warm B,156541,1010,1009,1468,893,0,-0.0042887423
Warm B,137792,889,888,1468,893,0,0.0012679195
Warm B,136274,881,880,1468,893,0,0.010943193
Warm B,134964,873,872,1468,893,1,-0.0036866595
Warm B,134019,869,868,1468,893,1,-0.0014772823
Warm B,407146,2446,2445,1468,893,1,0.00906181
Warm B,121442,781,780,1468,893,1,0.0019542882
Warm B,119703,772,771,1468,893,1,0.00318043
Warm B,117348,757,756,1468,893,1,0.006943689
Warm B,103297,687,686,1468,893,0,-0.0041605243
Warm B,370890,2168,2167,1468,893,1,0.005483413
Warm B,87629,575,574,1468,893,0,-3.8221013e-05
Warm B,80519,534,533,1468,893,0,-0.001623526
Warm B,190414,1181,1180,1468,893,0,-0.004361755
Warm B,101258,676,675,1468,893,0,-0.007088729
Warm B,77196,524,523,1468,893,1,0.00023505837
Warm B,119013,770,769,1468,893,0,-0.0028375597
Warm B,81468,543,542,1468,893,0,0.005672803
Warm B,31859,216,215,1468,893,0,0.0035501919
Warm B,29076,199,198,1468,893,1,0.0021229768
Warm B,22370,163,162,1468,893,0,-0.0018467149
Warm B,49224,329,328,1468,893,0,0.00785136
Warm B,78267,528,527,1468,893,0,0.0019231124
Warm B,354704,2077,2076,1468,893,0,0.00025397283
Warm B,954181,5761,5760,1468,893,0,5.2755e-05
Warm B,326012,1930,1929,1468,893,0,-0.00026771938
Warm B,362709,2116,2115,1468,893,1,0.00064556533
Warm B,239687,1449,1448,1468,893,0,0.0004010396
Warm B,618193,3746,3745,1468,893,1,-0.0028437825
Warm B,626507,3792,3791,1468,893,0,-0.0050237617
Warm B,329131,1943,1942,1468,893,1,-0.007660506
Warm B,351403,2063,2062,1468,893,0,0.017694393
Warm B,139117,890,889,1468,893,1,0.00015745382
Warm B,565389,3475,3474,1468,893,0,-0.00071972166
Warm B,497076,3054,3053,1468,893,0,0.0040592416
Warm B,344764,2023,2022,1468,893,0,4.8694666e-05
Warm B,2512,20,19,1468,893,0,0.005423054
Warm B,103942,691,690,1468,893,1,-0.002032788
Warm B,62580,424,423,1468,893,0,0.0009444533
Warm B,272652,1647,1646,1468,893,1,0.007732385
Warm B,295534,1755,1754,1468,893,0,-0.0029583562
Warm B,96553,648,647,1468,893,0,0.010520928
Warm B,477871,2934,2933,1474,894,0,0.006065663
Warm B,472333,2907,2906,1474,894,0,0.0018877346
Warm B,473237,2909,2908,1474,894,0,0.0025317068
Warm B,450579,2777,2776,1474,894,0,0.006990782
Warm B,419630,2537,2536,1474,894,0,0.0011253278
Warm B,418459,2529,2528,1474,894,1,0.0017103732
Warm B,399413,2378,2377,1474,894,0,-0.0026717982
Warm B,391934,2304,2303,1474,894,0,0.008985368
Warm B,424108,2571,2570,1474,894,1,-0.00152427
Warm B,373826,2181,2180,1474,894,0,0.013845628
Warm B,368719,2156,2155,1474,894,0,0.0048797447
Warm B,366548,2136,2135,1474,894,0,-0.0017858159
Warm B,361421,2109,2108,1474,894,0,0.008387988
Warm B,341419,2012,2011,1474,894,0,-0.001776509
Warm B,340430,2010,2009,1474,894,0,-0.0016536794
Warm B,350887,2060,2059,1474,894,0,-0.0047790348
Warm B,297313,1764,1763,1474,894,1,0.0010001764
Warm B,281161,1687,1686,1474,894,1,0.0057410314
Warm B,269476,1634,1633,1474,894,0,-0.0019905497
Warm B,286212,1709,1708,1474,894,1,0.0048191403
Warm B,360487,2106,2105,1474,894,0,0.00023889681
Warm B,224019,1356,1355,1474,894,0,-0.0010047425
Warm B,212770,1297,1296,1474,894,0,0.006855841
Warm B,207719,1271,1270,1474,894,0,-0.0053886557
Warm B,213285,1298,1297,1474,894,1,0.0017099485
Warm B,278682,1680,1679,1474,894,0,0.0028532662
Warm B,243709,1470,1469,1474,894,0,-0.010862764
Warm B,261592,1599,1598,1474,894,1,-0.00078456104
Warm B,236300,1434,1433,1474,894,0,0.0011597732
Warm B,327645,1941,1940,1474,894,0,0.005867481
Warm B,193109,1193,1192,1474,894,0,0.001522202
Warm B,179423,1125,1124,1474,894,1,-0.001502085
Warm B,198570,1220,1219,1474,894,0,0.0018117881
Warm B,175329,1112,1111,1474,894,0,0.008770788
Warm B,272031,1645,1644,1474,894,1,0.0059885904
Warm B,342209,2015,2014,1474,894,0,0.0029776758
Warm B,165428,1054,1053,1474,894,0,-0.002860347
Warm B,144765,934,933,1474,894,0,0.0045823907
Warm B,156560,1010,1009,1474,894,0,0.0003527822
Warm B,139120,890,889,1474,894,0,-0.00013043452
Warm B,133757,866,865,1474,894,0,-0.0027126158
Warm B,248664,1501,1500,1474,894,1,0.0011580908
Warm B,124169,800,799,1474,894,0,0.004375181
Warm B,239711,1449,1448,1474,894,0,0.0027185292
Warm B,216368,1314,1313,1474,894,0,1.8363702e-05
Warm B,105871,699,698,1474,894,0,-0.00045302603
Warm B,109171,714,713,1474,894,1,0.00530848
Warm B,441922,2718,2717,1474,894,1,0.00047095562
Warm B,190443,1181,1180,1474,894,0,-7.309113e-05
Warm B,83897,550,549,1474,894,0,-0.0037736772
Warm B,299446,1778,1777,1474,894,0,0.011063259
Warm B,87042,569,568,1474,894,1,0.0012171722
Warm B,63823,426,425,1474,894,0,0.006726747
Warm B,46401,310,309,1474,894,1,-0.00024596252
Warm B,44322,302,301,1474,894,0,0.001706278
Warm B,41696,284,283,1474,894,0,-0.0063213855
Warm B,55520,368,367,1474,894,0,0.00053009833
Warm B,36309,245,244,1474,894,0,0.00062046247
Warm B,31883,216,215,1474,894,0,0.0030817762
Warm B,32862,223,222,1474,894,0,0.0030521615
Warm B,21126,155,154,1474,894,0,0.0033180434
Warm B,10468,75,74,1474,894,1,-0.002395996
Warm B,6701,48,47,1474,894,0,0.005920077
Warm B,142140,918,917,1474,894,0,-0.0017517586
Warm B,19264,148,147,1474,894,1,0.002272863
Warm B,49243,329,328,1474,894,0,0.0019705137
Warm B,354714,2077,2076,1474,894,0,0.006142784
Warm B,552102,3401,3400,1474,894,0,0.0050005103
Warm B,709692,4258,4257,1474,894,0,0.0009965558
Warm B,65185,438,437,1474,894,0,0.0039861957
Warm B,255436,1556,1555,1474,894,0,0.0007671615
Warm B,954185,5761,5760,1474,894,0,0.007710262
Warm B,27971,195,194,1474,894,0,0.0076194424
Warm B,326020,1930,1929,1474,894,0,0.0071387934
Warm B,966565,5831,5830,1474,894,0,0.0056157922
Warm B,362725,2116,2115,1474,894,1,0.0006601496
Warm B,873805,5276,5275,1474,894,0,0.0022031097
Warm B,716998,4294,4293,1474,894,0,0.005676072
Warm B,456329,2810,2809,1474,894,0,0.0033344603
Warm B,300186,1780,1779,1474,894,0,0.00873214
Warm B,941302,5682,5681,1474,894,0,-0.0021620975
Warm B,295541,1755,1754,1474,894,0,0.0011614669
Warm B,484561,2985,2984,1474,894,0,0.0033549175
Warm B,116777,753,752,1474,894,1,0.011836223
Warm B,183069,1141,1140,1474,894,0,0.0083822245
Warm B,346573,2031,2030,1474,894,0,0.002730159
Warm B,332483,1962,1961,1475,895,0,0.005608376
Warm B,283895,1698,1697,1475,895,1,0.008704247
Warm B,82776,549,548,1475,895,0,0.0053622574
Warm B,81483,543,542,1475,895,1,0.008869003
Warm B,74599,509,508,1475,895,1,0.0018010953
Warm B,155222,1001,1000,1475,895,0,0.0126476595
Warm B,288549,1724,1723,1475,895,1,0.006120717
Warm B,61188,412,411,1475,895,0,0.0016857649
Warm B,31885,216,215,1475,895,0,0.016790003
Warm B,27054,192,191,1475,895,0,0.009937711
Warm B,536846,3311,3310,1475,895,0,0.007388509
Warm B,22379,163,162,1475,895,0,0.0072284313
Warm B,76285,518,517,1475,895,0,0.009293063
Warm B,240986,1451,1450,1475,895,0,0.009269294
Warm B,27973,195,194,1475,895,0,0.010345018
Warm B,351420,2063,2062,1475,895,1,0.017477889
Warm B,795966,4771,4770,1475,895,1,0.009067427
Warm B,892814,5394,5393,1475,895,1,0.0070674936
Warm B,287597,1717,1716,1475,895,0,0.004485168
Warm B,689746,4126,4125,1475,895,0,0.011276716
Warm B,179424,1125,1124,1475,895,0,0.005863079
Warm B,882032,5329,5328,1482,899,1,0.007779495
Warm B,488103,3002,3001,1482,899,1,0.005727064
Warm B,214676,1303,1302,1482,899,0,0.012102369
Warm B,557564,3425,3424,1483,900,0,0.009218467
Warm B,578272,3533,3532,1483,900,0,0.010585213
Warm B,575135,3519,3518,1483,900,0,0.0016692292
Warm B,547325,3377,3376,1483,900,1,-0.0023234012
Warm B,645107,3885,3884,1483,900,0,0.008652447
Warm B,549798,3391,3390,1483,900,0,0.004071459
Warm B,534282,3299,3298,1483,900,1,0.018456735
Warm B,522249,3224,3223,1483,900,0,0.007557905
Warm B,498422,3060,3059,1483,900,0,0.013753582
Warm B,484844,2986,2985,1483,900,0,0.007957484
Warm B,477072,2929,2928,1483,900,0,0.0067671994
Warm B,474452,2911,2910,1483,900,0,8.702418e-05
Warm B,473261,2909,2908,1483,900,1,0.017439824
Warm B,879787,5317,5316,1483,900,0,0.005318079
Warm B,465546,2872,2871,1483,900,0,0.015676163
Warm B,458851,2825,2824,1483,900,1,-0.00694179
Warm B,457688,2820,2819,1483,900,1,0.0068295896
Warm B,430004,2621,2620,1483,900,0,-0.00032603857
Warm B,391951,2304,2303,1483,900,0,0.014475966
Warm B,385168,2251,2250,1483,900,1,0.0116795935
Warm B,375472,2188,2187,1483,900,0,0.004778237
Warm B,358396,2098,2097,1483,900,0,0.004539094
Warm B,351439,2063,2062,1483,900,1,0.005232496
Warm B,371550,2172,2171,1483,900,0,0.0049947845
Warm B,359923,2105,2104,1483,900,0,0.01120146
Warm B,301037,1788,1787,1483,900,1,-0.0034763534
Warm B,295953,1757,1756,1483,900,0,0.0061808457
Warm B,310050,1845,1844,1483,900,0,0.0066541852
Warm B,333262,1968,1967,1483,900,0,0.011744067
Warm B,301692,1793,1792,1483,900,0,0.009959824
Warm B,283912,1698,1697,1483,900,1,0.0057862927
Warm B,278711,1680,1679,1483,900,1,0.015520534
Warm B,209986,1284,1283,1483,900,0,-0.0022356387
Warm B,184933,1150,1149,1483,900,0,0.005012992
Warm B,307225,1835,1834,1483,900,0,0.013679887
Warm B,179437,1125,1124,1483,900,0,0.0062356386
Warm B,168245,1069,1068,1483,900,1,0.013469494
Warm B,190476,1181,1180,1483,900,1,0.013136564
Warm B,163665,1050,1049,1483,900,0,0.012586923
Warm B,226001,1369,1368,1483,900,0,0.0062132725
Warm B,221123,1340,1339,1483,900,0,0.00021768967
Warm B,146331,941,940,1483,900,0,0.0004679598
Warm B,136300,881,880,1483,900,0,0.0018455595
Warm B,131744,854,853,1483,900,0,0.008278143
Warm B,115896,752,751,1483,900,0,0.0076620495
Warm B,114714,746,745,1483,900,0,0.005433318
Warm B,100738,673,672,1483,900,1,0.0056621805
Warm B,239725,1449,1448,1483,900,0,0.02260684
Warm B,85741,559,558,1483,900,0,0.009494141
Warm B,238628,1448,1447,1483,900,1,0.007518369
Warm B,77228,524,523,1483,900,1,0.018167824
Warm B,74614,509,508,1483,900,1,0.0056700865
Warm B,155230,1001,1000,1483,900,1,0.008866537
Warm B,343983,2020,2019,1483,900,0,0.019639783
Warm B,47323,319,318,1483,900,0,0.016597982
Warm B,695864,4169,4168,1483,900,0,0.0125959525
Warm B,33387,225,224,1483,900,1,0.004877743
Warm B,54399,355,354,1483,900,0,0.014372731
Warm B,7588,53,52,1483,900,0,0.005659598
Warm B,632981,3824,3823,1483,900,0,0.014072308
Warm B,220644,1338,1337,1483,900,0,0.008795977
Warm B,481639,2962,2961,1483,900,0,-0.0018440522
Warm B,140621,904,903,1483,900,0,-0.00068405445
Warm B,150430,970,969,1483,900,0,0.006434494
Warm B,129201,839,838,1483,900,1,0.0063016536
Warm B,892825,5394,5393,1483,900,0,0.01340222
Warm B,362743,2116,2115,1483,900,0,0.013384869
Warm B,882034,5329,5328,1483,900,0,0.0004714129
Warm B,556499,3420,3419,1483,900,0,0.0058882823
Warm B,302007,1794,1793,1483,900,0,0.0090165045
Warm B,599064,3648,3647,1483,900,1,-0.0014400049
Warm B,350893,2060,2059,1483,900,0,0.0034512724
Warm B,460556,2841,2840,1483,900,0,0.012787599
Warm B,609567,3695,3694,1483,900,1,0.011272199
Warm B,287603,1717,1716,1483,900,1,0.011973364
Warm B,289985,1733,1732,1483,900,1,0.018412609
Warm B,171306,1088,1087,1483,900,0,0.0070598857
Warm B,324870,1925,1924,1483,900,0,-0.0037569632
Warm B,790306,4728,4727,1483,900,1,0.01140843
Warm B,526658,3259,3258,1483,900,0,0.0052449265
Warm B,202932,1246,1245,1483,900,0,0.008176341
Warm B,504010,3098,3097,1484,901,0,-0.0013452924
Warm B,500627,3075,3074,1484,901,1,-0.009137062
Warm B,490168,3017,3016,1484,901,1,0.0089749815
Warm B,484026,2977,2976,1484,901,0,0.0010109199
Warm B,475059,2916,2915,1484,901,1,-0.0009368204
Warm B,474611,2913,2912,1484,901,1,-0.0077581382
Warm B,465547,2872,2871,1484,901,1,0.0064190975
Warm B,462330,2853,2852,1484,901,1,0.002662416
Warm B,460199,2840,2839,1484,901,1,0.003535406
Warm B,430929,2627,2626,1484,901,0,0.008885732
Warm B,400885,2389,2388,1484,901,0,0.0003515915
Warm B,381932,2232,2231,1484,901,1,0.0027530435
Warm B,379138,2215,2214,1484,901,1,0.008880141
Warm B,375473,2188,2187,1484,901,0,0.004989796
Warm B,334944,1976,1975,1484,901,1,-0.004638453
Warm B,281987,1692,1691,1484,901,1,4.9158e-05
Warm B,274300,1658,1657,1484,901,1,0.0026111822
Warm B,265559,1613,1612,1484,901,1,0.0015564754
Warm B,276066,1671,1670,1484,901,1,0.007958781
Warm B,210627,1285,1284,1484,901,0,0.0037806355
Warm B,208229,1273,1272,1484,901,1,-0.0042075273
Warm B,201378,1242,1241,1484,901,1,-0.017983876
Warm B,246805,1491,1490,1484,901,1,-0.0037458625
Warm B,353418,2071,2070,1484,901,1,-3.646221e-05
Warm B,219462,1331,1330,1484,901,1,-0.001484818
Warm B,330648,1952,1951,1484,901,1,-0.0040169703
Warm B,157818,1015,1014,1484,901,1,0.006691472
Warm B,149490,963,962,1484,901,0,0.00070503633
Warm B,144500,931,930,1484,901,1,0.0076942155
Warm B,184936,1150,1149,1484,901,0,-0.0018775738
Warm B,137847,889,888,1484,901,0,-0.004541851
Warm B,263032,1605,1604,1484,901,0,0.0007348091
Warm B,111262,724,723,1484,901,0,-0.005651528
Warm B,101633,677,676,1484,901,1,0.001872891
Warm B,712758,4277,4276,1484,901,0,0.0034860421
Warm B,631367,3821,3820,1484,901,0,-0.0015664846
Warm B,283914,1698,1697,1484,901,1,-0.0073382724
Warm B,360505,2106,2105,1484,901,0,0.0035038579
Warm B,67703,454,453,1484,901,1,0.0039723935
Warm B,60098,409,408,1484,901,1,0.0017896341
Warm B,74615,509,508,1484,901,0,0.0037212805
Warm B,58312,393,392,1484,901,1,0.0006330644
Warm B,55927,371,370,1484,901,0,-0.006320744
Warm B,53568,352,351,1484,901,1,0.0057386123
Warm B,132285,855,854,1484,901,1,0.004775445
Warm B,49260,329,328,1484,901,0,0.008723868
Warm B,33388,225,224,1484,901,1,-0.0018915499
Warm B,199807,1227,1226,1484,901,1,0.0031639547
Warm B,32608,220,219,1484,901,1,-0.0007173009
Warm B,153616,987,986,1484,901,1,0.002263871
Warm B,65935,442,441,1484,901,1,0.0073469244
Warm B,351440,2063,2062,1484,901,0,0.00017514592
Warm B,416389,2507,2506,1484,901,1,-0.0004622843
Warm B,986588,5956,5955,1484,901,1,0.008453343
Warm B,548668,3387,3386,1484,901,1,0.015617279
Warm B,289986,1733,1732,1484,901,0,0.0075653302
Warm B,882817,5333,5332,1484,901,0,0.016669497
Warm B,530450,3277,3276,1484,901,1,-0.0046416824
Warm B,187502,1164,1163,1484,901,1,-0.008423751
Warm B,371551,2172,2171,1484,901,0,-0.00057850336
Warm B,459569,2832,2831,1484,901,1,-0.0011482136
Warm B,739348,4418,4417,1484,901,1,0.00292415
Warm B,346580,2031,2030,1484,901,1,0.0022529382
Warm B,974220,5878,5877,1484,901,0,-0.010242203
Warm B,726356,4345,4344,1487,903,0,0.0010786662
Warm B,593429,3618,3617,1487,903,1,0.0074599963
Warm B,588995,3592,3591,1487,903,1,0.0069197137
Warm B,570189,3499,3498,1487,903,0,0.00054150214
Warm B,575138,3519,3518,1487,903,1,-0.0052213543
Warm B,576894,3526,3525,1487,903,0,0.00058052153
Warm B,540935,3328,3327,1487,903,1,0.006747378
Warm B,535794,3308,3307,1487,903,0,0.00954737
Warm B,525551,3246,3245,1487,903,0,0.009475628
Warm B,519921,3208,3207,1487,903,0,0.0049337964
Warm B,562421,3462,3461,1487,903,0,0.008709452
Warm B,515316,3182,3181,1487,903,0,0.0065895934
Warm B,659053,3971,3970,1487,903,0,0.0028276015
Warm B,493831,3032,3031,1487,903,1,0.008895632
Warm B,477883,2934,2933,1487,903,1,0.014869282
Warm B,472357,2907,2906,1487,903,0,0.0120669585
Warm B,456342,2810,2809,1487,903,1,0.0017994996
Warm B,453522,2793,2792,1487,903,1,0.00352342
Warm B,442353,2724,2723,1487,903,0,0.0074433526
Warm B,422600,2560,2559,1487,903,1,0.0071950727
Warm B,407678,2450,2449,1487,903,0,0.005107904
Warm B,397581,2355,2354,1487,903,0,0.00820997
Warm B,393058,2309,2308,1487,903,1,0.006283565
Warm B,381546,2231,2230,1487,903,0,0.011124837
Warm B,368725,2156,2155,1487,903,0,0.005169131
Warm B,356995,2091,2090,1487,903,0,0.00948967
Warm B,350894,2060,2059,1487,903,0,0.0035153674
Warm B,337968,1988,1987,1487,903,0,0.0068682088
Warm B,340450,2010,2009,1487,903,0,-0.0013384484
Warm B,313555,1871,1870,1487,903,0,0.004875432
Warm B,295548,1755,1754,1487,903,0,0.008990832
Warm B,267483,1626,1625,1487,903,0,0.0052080145
Warm B,283446,1697,1696,1487,903,1,0.00065286434
Warm B,332493,1962,1961,1487,903,0,-0.0031149846
Warm B,242632,1465,1464,1487,903,0,-0.0023085803
Warm B,225882,1368,1367,1487,903,0,0.004763494
Warm B,224841,1359,1358,1487,903,1,-0.0015089759
Warm B,306329,1825,1824,1487,903,0,-0.006276992
Warm B,272680,1647,1646,1487,903,1,0.0015812147
Warm B,252798,1532,1531,1487,903,1,0.0078310715
Warm B,591768,3610,3609,1487,903,0,-0.0012581395
Warm B,278718,1680,1679,1487,903,0,0.011366777
Warm B,213297,1298,1297,1487,903,1,0.00789454
Warm B,342224,2015,2014,1487,903,0,0.0016812498
Warm B,189251,1173,1172,1487,903,1,0.0086627565
Warm B,186832,1158,1157,1487,903,0,0.006453062
Warm B,184941,1150,1149,1487,903,0,0.0091922805
Warm B,196332,1207,1206,1487,903,0,0.010582134
Warm B,331344,1958,1957,1487,903,1,0.005340918
Warm B,188165,1168,1167,1487,903,0,-0.0028673185
Warm B,170089,1082,1081,1487,903,1,-0.0032889042
Warm B,169760,1078,1077,1487,903,0,0.0007146213
Warm B,157824,1015,1014,1487,903,1,0.0039013727
Warm B,323667,1920,1919,1487,903,0,-0.00029931613
Warm B,221128,1340,1339,1487,903,0,0.0032797558
Warm B,156579,1010,1009,1487,903,0,0.0049288
Warm B,137856,889,888,1487,903,0,0.0060436563
Warm B,263035,1605,1604,1487,903,0,0.012980662
Warm B,115899,752,751,1487,903,0,0.0023125377
Warm B,111823,728,727,1487,903,1,0.0015963675
Warm B,110296,720,719,1487,903,0,0.0016213777
Warm B,216371,1314,1313,1487,903,1,-0.00064078183
Warm B,117375,757,756,1487,903,0,0.008667608
Warm B,121004,780,779,1487,903,0,0.0020357952
Warm B,110607,721,720,1487,903,1,-0.000551969
Warm B,695872,4169,4168,1487,903,1,0.0109976195
Warm B,90559,601,600,1487,903,0,-0.0021849
Warm B,319171,1897,1896,1487,903,0,0.006895909
Warm B,71804,482,481,1487,903,0,0.0022067353
Warm B,288555,1724,1723,1487,903,1,-0.0019405552
Warm B,46410,310,309,1487,903,0,0.001160054
Warm B,238631,1448,1447,1487,903,0,0.015048161
Warm B,40857,274,273,1487,903,0,-0.0008711789
Warm B,39501,268,267,1487,903,1,0.001522698
Warm B,55531,368,367,1487,903,0,-0.005279965
Warm B,36879,247,246,1487,903,0,0.0046068477
Warm B,29099,199,198,1487,903,0,0.00073306356
Warm B,365151,2125,2124,1487,903,1,0.011266733
Warm B,26317,187,186,1487,903,0,-0.0012175126
Warm B,7591,53,52,1487,903,1,0.014367026
Warm B,1629,15,14,1487,903,1,-0.0024124705
Warm B,79150,531,530,1487,903,0,0.011632153
Warm B,863834,5205,5204,1487,903,0,0.0024568457
Warm B,354727,2077,2076,1487,903,0,0.008518626
Warm B,139128,890,889,1487,903,1,0.005977776
Warm B,530834,3280,3279,1487,903,0,0.0106219025
Warm B,682207,4085,4084,1487,903,1,0.0054860488
Warm B,218794,1327,1326,1487,903,1,-0.008374931
Warm B,680525,4079,4078,1487,903,1,0.0034879707
Warm B,161277,1029,1028,1487,903,0,0.007255157
Warm B,11574,90,89,1487,903,1,0.0067921546
Warm B,923866,5580,5579,1487,903,1,-0.0002399832
Warm B,179439,1125,1124,1487,903,0,0.005594177
Warm B,689755,4126,4125,1487,903,0,0.003909399
Warm B,717001,4294,4293,1487,903,1,0.01389486
Warm B,285161,1701,1700,1487,903,1,0.0032824771
Warm B,171314,1088,1087,1487,903,0,0.0029924044
Warm B,52090,343,342,1487,903,1,-0.0051749996
Warm B,62622,424,423,1487,903,0,0.005355512
Warm B,193462,1194,1193,1487,903,0,0.008957285
Warm B,300205,1780,1779,1487,903,0,0.0064214845
Warm B,974223,5878,5877,1487,903,0,0.0061631934
Warm B,508042,3127,3126,1498,905,0,-0.0025857035
Warm B,738069,4411,4410,1498,905,0,0.006034235
Warm B,503593,3095,3094,1498,905,1,0.0100629795
Warm B,502037,3082,3081,1498,905,0,0.0007918582
Warm B,499178,3067,3066,1498,905,1,0.005345404
Warm B,646557,3892,3891,1498,905,0,0.020993318
Warm B,450608,2777,2776,1498,905,1,0.015557406
Warm B,450174,2776,2775,1498,905,1,0.0031633158
Warm B,444530,2743,2742,1498,905,1,0.007113663
Warm B,443720,2737,2736,1498,905,0,0.003115019
Warm B,419242,2533,2532,1498,905,0,0.010991498
Warm B,425215,2581,2580,1498,905,0,0.0033850097
Warm B,408027,2453,2452,1498,905,1,0.008770494
Warm B,402185,2402,2401,1498,905,0,0.011384238
Warm B,398956,2376,2375,1498,905,0,0.0020222212
Warm B,397312,2353,2352,1498,905,0,0.0052483752
Warm B,392768,2306,2305,1498,905,1,0.007654693
Warm B,358797,2100,2099,1498,905,1,0.008773828
Warm B,295555,1755,1754,1498,905,1,0.0043596104
Warm B,259329,1587,1586,1498,905,1,0.002993099
Warm B,332502,1962,1961,1498,905,0,0.0116898455
Warm B,203841,1254,1253,1498,905,1,0.0016894324
Warm B,209997,1284,1283,1498,905,1,0.0045742206
Warm B,278738,1680,1679,1498,905,0,0.019689918
Warm B,196014,1205,1204,1498,905,0,-0.009148284
Warm B,307235,1835,1834,1498,905,0,0.01128161
Warm B,179447,1125,1124,1498,905,0,0.0011610617
Warm B,173057,1097,1096,1498,905,0,0.01378178
Warm B,331357,1958,1957,1498,905,0,0.0018811683
Warm B,172599,1094,1093,1498,905,1,-0.004534333
Warm B,167276,1065,1064,1498,905,0,0.0043435986
Warm B,263049,1605,1604,1498,905,0,0.0131564895
Warm B,360522,2106,2105,1498,905,1,0.0030774535
Warm B,223341,1354,1353,1498,905,1,0.0041136816
Warm B,187511,1164,1163,1498,905,0,0.0037127691
Warm B,631385,3821,3820,1498,905,0,0.0064966595
Warm B,103315,687,686,1498,905,0,0.010734528
Warm B,89536,590,589,1498,905,1,0.0031054274
Warm B,87194,570,569,1498,905,0,0.008322419
Warm B,85519,558,557,1498,905,0,-0.00030383863
Warm B,238647,1448,1447,1498,905,1,0.010727925
Warm B,64461,430,429,1498,905,0,0.002335344
Warm B,61213,412,411,1498,905,1,0.011692975
Warm B,74625,509,508,1498,905,1,-0.00055288954
Warm B,48483,326,325,1498,905,0,0.008483513
Warm B,38233,261,260,1498,905,1,0.004159202
Warm B,180738,1130,1129,1498,905,0,0.0074553224
Warm B,228049,1383,1382,1498,905,0,0.007926731
Warm B,29113,199,198,1498,905,1,0.0004907786
Warm B,22424,163,162,1498,905,0,1.1108583e-05
Warm B,7610,53,52,1498,905,1,0.0009740901
Warm B,3652,26,25,1498,905,0,0.007851215
Warm B,1298,11,10,1498,905,0,0.008326915
Warm B,79164,531,530,1498,905,0,0.018194417
Warm B,157847,1015,1014,1498,905,0,0.0076545384
Warm B,695903,4169,4168,1498,905,0,0.011841645
Warm B,545237,3363,3362,1498,905,0,0.008108651
Warm B,484287,2980,2979,1498,905,0,0.00336256
Warm B,264948,1611,1610,1498,905,1,0.011162392
Warm B,439353,2684,2683,1498,905,0,0.008657743
Warm B,171335,1088,1087,1498,905,0,0.009104834
Warm B,673149,4042,4041,1498,905,1,-0.0018078398
Warm B,497567,3055,3054,1498,905,1,0.002719387
Warm B,476244,2926,2925,1498,905,0,0.001073853
Warm B,285172,1701,1700,1498,905,0,0.009994003
Warm B,136314,881,880,1498,905,0,0.018113986
Warm B,575144,3519,3518,1498,905,0,0.0011766024
Warm B,229553,1390,1389,1498,905,1,0.00821478
Warm B,833303,5011,5010,1498,905,1,0.0036658961
Warm B,193473,1194,1193,1498,905,0,0.013024587
Warm B,974233,5878,5877,1498,905,1,0.0145875765
Warm B,639143,3842,3841,1503,908,0,0.011942586
Warm B,516207,3188,3187,1503,908,0,0.01269287
Warm B,515507,3182,3181,1503,908,0,0.002599095
Warm B,508653,3129,3128,1503,908,0,0.018708387
Warm B,507243,3121,3120,1503,908,0,0.012584528
Warm B,554826,3412,3411,1503,908,0,0.01589289
Warm B,797619,4784,4783,1503,908,1,0.009547915
Warm B,494190,3032,3031,1503,908,0,0.00907559
Warm B,492078,3026,3025,1503,908,1,-0.0007477852
Warm B,488687,3007,3006,1503,908,0,-0.0024953994
Warm B,483954,2976,2975,1503,908,0,0.003970859
Warm B,472610,2907,2906,1503,908,0,0.009091852
Warm B,467769,2883,2882,1503,908,0,0.0075359507
Warm B,430088,2621,2620,1503,908,0,0.012707423
Warm B,419795,2537,2536,1503,908,0,0.014166046
Warm B,414612,2496,2495,1503,908,0,0.012314603
Warm B,399514,2378,2377,1503,908,0,0.011106937
Warm B,393735,2318,2317,1503,908,0,-0.002999715
Warm B,393462,2315,2314,1503,908,0,0.0013356563
Warm B,379366,2217,2216,1503,908,1,0.0056228745
Warm B,370498,2166,2165,1503,908,0,0.018984344
Warm B,355975,2085,2084,1503,908,0,0.0038771627
Warm B,351903,2063,2062,1503,908,0,0.0045780167
Warm B,361671,2109,2108,1503,908,1,0.0171715
Warm B,341617,2012,2011,1503,908,0,0.009225538
Warm B,340674,2010,2009,1503,908,0,0.0012721503
Warm B,293413,1747,1746,1503,908,0,0.0057738475
Warm B,281290,1687,1686,1503,908,0,0.01283364
Warm B,247723,1496,1495,1503,908,0,0.024955455
Warm B,236392,1434,1433,1503,908,0,0.0037257816
Warm B,232340,1410,1409,1503,908,0,0.007810221
Warm B,227165,1377,1376,1503,908,0,0.007713192
Warm B,223565,1354,1353,1503,908,0,0.013879791
Warm B,296817,1759,1758,1503,908,1,0.005495483
Warm B,204945,1261,1260,1503,908,1,0.0077551063
Warm B,279336,1680,1679,1503,908,0,0.0122724725
Warm B,244002,1470,1469,1503,908,1,0.017033312
Warm B,198824,1221,1220,1503,908,1,-0.0014722245
Warm B,196539,1207,1206,1503,908,0,0.015549889
Warm B,277730,1676,1675,1503,908,0,0.026932549
Warm B,183234,1141,1140,1503,908,0,0.016025584
Warm B,177364,1118,1117,1503,908,0,0.00509102
Warm B,173690,1100,1099,1503,908,0,-0.0011736045
Warm B,172891,1096,1095,1503,908,0,0.0039576334
Warm B,328186,1941,1940,1503,908,0,0.018821731
Warm B,136619,881,880,1503,908,0,0.016533185
Warm B,117518,757,756,1503,908,0,0.008739598
Warm B,119285,770,769,1503,908,0,0.010164774
Warm B,112499,731,730,1503,908,0,0.010572363
Warm B,97059,651,650,1503,908,0,0.014730726
Warm B,86660,566,565,1503,908,0,0.0046324558
Warm B,190993,1181,1180,1503,908,0,0.006972335
Warm B,76160,517,516,1503,908,0,0.0064481045
Warm B,72690,488,487,1503,908,0,0.012753623
Warm B,81706,543,542,1503,908,0,0.014017172
Warm B,238987,1448,1447,1503,908,0,0.017706007
Warm B,72083,482,481,1503,908,0,0.01383604
Warm B,65380,438,437,1503,908,0,0.011920869
Warm B,57875,392,391,1503,908,0,0.012556048
Warm B,378382,2208,2207,1503,908,0,-0.002173279
Warm B,44205,302,301,1503,908,0,0.013486391
Warm B,41642,284,283,1503,908,0,0.011053181
Warm B,537960,3312,3311,1503,908,0,0.014008902
Warm B,31755,216,215,1503,908,0,0.012855751
Warm B,291435,1737,1736,1503,908,0,-0.0017011097
Warm B,360817,2106,2105,1503,908,0,-0.0037858926
Warm B,237958,1447,1446,1503,908,0,0.019502467
Warm B,371014,2168,2167,1503,908,1,0.012395635
Warm B,860108,5172,5171,1503,908,0,0.009582402
Warm B,360100,2105,2104,1503,908,0,0.01170009
Warm B,333876,1969,1968,1503,908,0,0.006922343
Warm B,106090,699,698,1503,908,0,0.0076140594
Warm B,35023,237,236,1503,908,0,0.009529212
Warm B,602469,3665,3664,1503,908,0,0.01433363
Warm B,27862,195,194,1503,908,0,0.010390354
Warm B,116254,752,751,1503,908,0,0.020408796
Warm B,195486,1203,1202,1503,908,0,0.011551883
Warm B,134317,869,868,1503,908,0,0.012681654
Warm B,251162,1516,1515,1503,908,0,0.012933287
Warm B,501327,3080,3079,1503,908,0,0.014548446
Warm B,193682,1194,1193,1503,908,0,0.0117212115
Warm B,174176,1101,1100,1503,908,0,0.015986338
Warm B,886909,5359,5358,1503,908,1,0.0049247826
Warm B,346641,2031,2030,1503,908,0,0.011227757
Warm B,58660,398,397,1503,908,0,0.0023194482
Warm B,758634,4510,4509,1515,910,0,0.017639961
Warm B,579408,3539,3538,1515,910,1,0.0051141167
Warm B,569266,3491,3490,1515,910,0,0.0066487608
Warm B,560630,3447,3446,1515,910,0,0.002237463
Warm B,557732,3425,3424,1515,910,0,-0.005813824
Warm B,555818,3416,3415,1515,910,1,0.005503617
Warm B,771757,4600,4599,1515,910,0,0.0024923866
Warm B,645317,3885,3884,1515,910,1,0.012479497
Warm B,550219,3391,3390,1515,910,0,0.0139041245
Warm B,542256,3336,3335,1515,910,0,0.009873426
Warm B,873960,5277,5276,1515,910,0,0.012481903
Warm B,520045,3208,3207,1515,910,0,0.013200424
Warm B,537205,3311,3310,1515,910,0,0.006021053
Warm B,516979,3191,3190,1515,910,0,0.005935706
Warm B,562623,3462,3461,1515,910,0,0.0058923424
Warm B,512898,3163,3162,1515,910,0,0.008935213
Warm B,522627,3224,3223,1515,910,0,0.008706534
Warm B,499484,3067,3066,1515,910,0,0.010436262
Warm B,494209,3032,3031,1515,910,1,0.00537329
Warm B,491487,3023,3022,1515,910,0,0.009173935
Warm B,487915,3001,3000,1515,910,0,0.012011926
Warm B,529762,3272,3271,1515,910,1,0.0057153413
Warm B,480161,2946,2945,1515,910,0,0.0017377186
Warm B,478641,2937,2936,1515,910,0,0.0039062358
Warm B,472627,2907,2906,1515,910,1,0.012805572
Warm B,473710,2909,2908,1515,910,1,0.007692924
Warm B,470416,2896,2895,1515,910,1,0.003586132
Warm B,463352,2857,2856,1515,910,1,0.005998375
Warm B,453799,2793,2792,1515,910,0,0.008122831
Warm B,450916,2777,2776,1515,910,1,0.0046612835
Warm B,444681,2743,2742,1515,910,0,0.002728966
Warm B,442754,2728,2727,1515,910,0,0.0052245846
Warm B,564459,3471,3470,1515,910,0,0.010413222
Warm B,430094,2621,2620,1515,910,0,0.0005445238
Warm B,429167,2611,2610,1515,910,0,0.008165887
Warm B,422973,2564,2563,1515,910,0,-0.0022023688
Warm B,403235,2408,2407,1515,910,0,0.0042429827
Warm B,390024,2288,2287,1515,910,0,0.0053350427
Warm B,387304,2264,2263,1515,910,0,0.0073589506
Warm B,358528,2098,2097,1515,910,0,-0.0010377737
Warm B,324451,1922,1921,1515,910,0,-0.0013086682
Warm B,315305,1880,1879,1515,910,0,0.0077887047
Warm B,296086,1757,1756,1515,910,0,0.003160602
Warm B,265816,1613,1612,1515,910,0,0.0059588067
Warm B,321312,1904,1903,1515,910,0,0.0068538906
Warm B,301779,1793,1792,1515,910,0,0.0065633934
Warm B,337474,1984,1983,1515,910,0,0.0054241
Warm B,312353,1861,1860,1515,910,0,0.008465064
Warm B,209886,1283,1282,1515,910,0,0.007328503
Warm B,277746,1676,1675,1515,910,0,0.009925512
Warm B,205853,1264,1263,1515,910,0,0.011593897
Warm B,244015,1470,1469,1515,910,0,0.00047796126
Warm B,279368,1680,1679,1515,910,0,0.009510541
Warm B,213496,1298,1297,1515,910,1,0.00875104
Warm B,328215,1941,1940,1515,910,0,0.005346256
Warm B,307483,1835,1834,1515,910,0,0.01427646
Warm B,179140,1124,1123,1515,910,0,0.0037989959
Warm B,172896,1096,1095,1515,910,0,0.006377104
Warm B,170108,1082,1081,1515,910,0,0.0048433347
Warm B,168487,1069,1068,1515,910,0,0.009721001
Warm B,355446,2079,2078,1515,910,0,0.004723983
Warm B,156242,1006,1005,1515,910,0,-0.0003442727
Warm B,255540,1556,1555,1515,910,0,0.008347154
Warm B,153088,984,983,1515,910,0,0.007992477
Warm B,221389,1340,1339,1515,910,0,0.0037045877
Warm B,249259,1502,1501,1515,910,0,0.0074058794
Warm B,156932,1010,1009,1515,910,0,0.0023632098
Warm B,380313,2223,2222,1515,910,0,0.001407436
Warm B,135661,877,876,1515,910,0,0.0064046653
Warm B,154885,999,998,1515,910,0,0.0022714124
Warm B,351934,2063,2062,1515,910,0,0.013673366
Warm B,360842,2106,2105,1515,910,0,0.0065840464
Warm B,116271,752,751,1515,910,0,0.011386896
Warm B,120442,777,776,1515,910,0,0.008803861
Warm B,106101,699,698,1515,910,0,0.009283379
Warm B,108020,710,709,1515,910,0,0.010803616
Warm B,179626,1125,1124,1515,910,0,0.00022630068
Warm B,101402,676,675,1515,910,0,0.0040116794
Warm B,95462,639,638,1515,910,0,0.0037459978
Warm B,284232,1698,1697,1515,910,0,0.00671771
Warm B,363086,2116,2115,1515,910,1,0.0053149685
Warm B,299660,1778,1777,1515,910,0,0.014094561
Warm B,291448,1737,1736,1515,910,1,0.0027976485
Warm B,191019,1181,1180,1515,910,0,-0.0016827642
Warm B,234148,1422,1421,1515,910,0,0.0034921977
Warm B,77585,524,523,1515,910,0,0.009685151
Warm B,80233,533,532,1515,910,0,0.011127256
Warm B,59695,406,405,1515,910,0,0.0093381405
Warm B,47878,321,320,1515,910,1,0.0073304586
Warm B,49167,329,328,1515,910,0,0.0069962074
Warm B,44232,302,301,1515,910,0,0.0068890294
Warm B,696392,4169,4168,1515,910,0,0.011951328
Warm B,39462,268,267,1515,910,0,0.007941298
Warm B,55486,368,367,1515,910,0,0.0012787359
Warm B,98861,660,659,1515,910,0,0.0038985165
Warm B,52044,343,342,1515,910,1,-0.00057451794
Warm B,31327,212,211,1515,910,1,0.0072475933
Warm B,29043,199,198,1515,910,0,0.0026612962
Warm B,235014,1425,1424,1515,910,0,0.009204654
Warm B,22987,166,165,1515,910,0,0.007198748
Warm B,27890,195,194,1515,910,0,0.0054132016
Warm B,13387,105,104,1515,910,0,0.00074296223
Warm B,30381,204,203,1515,910,0,0.007940274
Warm B,104363,692,691,1515,910,0,0.004329104
Warm B,254394,1546,1545,1515,910,0,0.0027612909
Warm B,626822,3792,3791,1515,910,1,0.002675123
Warm B,78496,528,527,1515,910,0,0.0032938486
Warm B,354962,2077,2076,1515,910,0,0.0031400237
Warm B,552394,3401,3400,1515,910,0,0.007466389
Warm B,150620,970,969,1515,910,0,0.0214063
Warm B,237972,1447,1446,1515,910,0,0.01009839
Warm B,572191,3507,3506,1515,910,0,0.0077200215
Warm B,265127,1611,1610,1515,910,0,0.008170943
Warm B,144950,934,933,1515,910,0,-0.0016735601
Warm B,79452,531,530,1515,910,0,0.008382944
Warm B,331661,1958,1957,1515,910,1,-0.0025162685
Warm B,907654,5492,5491,1515,910,0,0.012230318
Warm B,171715,1088,1087,1515,910,0,0.00070458837
Warm B,941429,5682,5681,1515,910,0,-0.0021180296
Warm B,272992,1647,1646,1515,910,0,0.016263455
Warm B,489232,3012,3011,1515,910,0,0.0025815447
Warm B,248865,1501,1500,1526,913,0,0.01754231
Warm B,351957,2063,2062,1526,913,0,0.008530947
Warm B,332699,1962,1961,1526,913,0,0.008793191
Warm B,160158,1019,1018,1526,913,0,0.008717555
Warm B,120454,777,776,1526,913,0,0.009458288
Warm B,112522,731,730,1526,913,0,0.015515742
Warm B,106109,699,698,1526,913,0,0.00071093393
Warm B,109325,714,713,1526,913,1,0.013856374
Warm B,86682,566,565,1526,913,0,0.0055025024
Warm B,84253,550,549,1526,913,0,0.008325843
Warm B,81735,543,542,1526,913,1,0.026105776
Warm B,240166,1449,1448,1526,913,0,0.01215969
Warm B,47250,319,318,1526,913,0,0.004552569
Warm B,696412,4169,4168,1526,913,0,0.011083111
Warm B,39469,268,267,1526,913,0,0.021171747
Warm B,31818,216,215,1526,913,1,-0.0016206929
Warm B,6651,48,47,1526,913,0,0.007339965
Warm B,79462,531,530,1526,913,0,0.020037366
Warm B,354976,2077,2076,1526,913,0,-0.0050918693
Warm B,984045,5948,5947,1526,913,1,-0.0025128846
Warm B,626839,3792,3791,1526,913,0,0.0054533775
Warm B,363104,2116,2115,1526,913,0,0.008230253
Warm B,333897,1969,1968,1526,913,0,0.016962461
Warm B,331679,1958,1957,1526,913,0,0.0062220865
Warm B,489653,3013,3012,1526,913,0,0.0057287896
Warm B,257722,1579,1578,1526,913,0,0.0054244054
Warm B,342549,2015,2014,1526,913,0,0.011984972
Warm B,550247,3391,3390,1526,913,0,0.020609047
Warm B,229923,1391,1390,1535,915,0,0.01780265
Warm B,338190,1988,1987,1535,915,0,0.005976524
Warm B,330979,1954,1953,1535,915,1,0.011258963
Warm B,181006,1131,1130,1535,915,1,0.01288622
Warm B,200538,1231,1230,1535,915,1,-0.00024265284
Warm B,263411,1605,1604,1535,915,1,0.011190226
Warm B,168505,1069,1068,1535,915,0,0.011697074
Warm B,141920,914,913,1535,915,1,0.010228358
Warm B,139420,891,890,1535,915,0,0.010496888
Warm B,138422,889,888,1535,915,0,0.015903542
Warm B,223599,1354,1353,1535,915,0,0.0059241937
Warm B,305260,1813,1812,1535,915,1,0.0039343615
Warm B,112529,731,730,1535,915,0,0.021165408
Warm B,778894,4653,4652,1535,915,1,0.0059181014
Warm B,107342,706,705,1535,915,1,-0.0058514737
Warm B,100881,673,672,1535,915,0,0.0066639814
Warm B,90696,601,600,1535,915,0,0.0051042074
Warm B,89296,588,587,1535,915,1,0.0013801531
Warm B,228334,1383,1382,1535,915,0,0.00828852
Warm B,80551,534,533,1535,915,0,0.0026539173
Warm B,239032,1448,1447,1535,915,1,0.0133529585
Warm B,155374,1001,1000,1535,915,1,0.0048614666
Warm B,47279,319,318,1535,915,0,0.012919264
Warm B,49216,329,328,1535,915,0,0.013448241
Warm B,199863,1227,1226,1535,915,1,0.010076055
Warm B,26286,187,186,1535,915,1,0.005690686
Warm B,21459,157,156,1535,915,0,0.016523886
Warm B,3226,24,23,1535,915,1,0.011475985
Warm B,20361,150,149,1535,915,0,0.015752539
Warm B,260,5,4,1535,915,1,0.0064136838
Warm B,49974,331,330,1535,915,1,0.008398254
Warm B,754412,4496,4495,1535,915,1,0.010554033
Warm B,523898,3229,3228,1535,915,1,0.01040248
Warm B,785782,4697,4696,1535,915,1,0.0012487517
Warm B,467366,2880,2879,1535,915,0,0.011250995
Warm B,102351,678,677,1535,915,1,0.011542928
Warm B,421056,2544,2543,1535,915,1,0.016206568
Warm B,454635,2796,2795,1535,915,0,0.0015222584
Warm B,580945,3547,3546,1535,915,0,0.016507132
Warm B,384495,2246,2245,1535,915,1,0.0075817183
Warm B,689889,4126,4125,1535,915,0,0.014419903
Warm B,825582,4958,4957,1535,915,1,0.012894907
Warm B,550261,3391,3390,1535,915,1,0.0120517425
Warm B,16937,133,132,1545,920,1,0.013563147
Warm B,4078,30,29,1545,920,0,0.0069126543
Warm B,867248,5233,5232,1545,920,1,0.025379557
Warm B,76386,518,517,1545,920,1,0.025284393
Warm B,206954,1266,1265,1545,920,1,0.021148115
Warm B,28,1,0,1545,920,1,0.0020137187
Warm B,23564,169,168,1545,920,0,0.011563149
Warm B,964106,5812,5811,1545,920,0,0.021972373
Warm B,66091,442,441,1545,920,1,0.02271567
Warm B,523901,3229,3228,1545,920,1,0.009903727
Warm B,209491,1279,1278,1545,920,0,0.013011696
Warm B,501352,3080,3079,1545,920,0,0.013452367
Warm B,974373,5878,5877,1545,920,1,0.013294908
Warm B,110890,721,720,1550,921,0,0.007914102
Warm B,44330,302,301,1550,921,0,-0.00071846764
Warm B,29093,199,198,1550,921,1,0.012649718
Warm B,801436,4802,4801,1550,921,0,0.0038770512
Warm B,234177,1422,1421,1550,921,0,0.0026745698
Warm B,354998,2077,2076,1550,921,0,0.009392925
Warm B,238014,1447,1446,1550,921,0,0.008553767
Warm B,371031,2168,2167,1550,921,0,0.0022593646
Warm B,164653,1051,1050,1550,921,1,0.0097321905
Warm B,893011,5394,5393,1550,921,0,0.0088983085
Warm B,193730,1194,1193,1550,921,0,-0.0051187146
Warm B,738192,4411,4410,1554,923,1,0.016261645
Warm B,503261,3091,3090,1554,923,0,0.0049990406
Warm B,575421,3519,3518,1554,923,1,0.013788848
Warm B,550280,3391,3390,1554,923,1,0.012620377
Warm B,799274,4790,4789,1554,923,0,0.005316856
Warm B,902822,5458,5457,1554,923,0,0.009780013
Warm B,485128,2986,2985,1554,923,0,0.017474782
Warm B,476819,2928,2927,1554,923,1,0.027099164
Warm B,696457,4169,4168,1554,923,0,0.02679468
Warm B,879912,5317,5316,1554,923,0,0.010490024
Warm B,523904,3229,3228,1554,923,1,0.009994558
Warm B,444098,2738,2737,1554,923,0,0.01445122
Warm B,437981,2676,2675,1554,923,1,0.012346364
Warm B,411873,2476,2475,1554,923,0,-2.0799693e-05
Warm B,406595,2439,2438,1554,923,0,0.003620122
Warm B,354163,2073,2072,1554,923,1,0.025665563
Warm B,318676,1894,1893,1554,923,1,0.0012855227
Warm B,327214,1939,1938,1554,923,1,0.018738454
Warm B,323211,1916,1915,1554,923,0,0.022368936
Warm B,299346,1777,1776,1554,923,0,0.027294671
Warm B,290311,1733,1732,1554,923,0,0.016027674
Warm B,282047,1692,1691,1554,923,1,0.019387458
Warm B,292391,1741,1740,1554,923,1,0.016568191
Warm B,262271,1600,1599,1554,923,0,0.019535381
Warm B,241699,1455,1454,1554,923,1,0.0085027665
Warm B,237194,1442,1441,1554,923,1,0.012402892
Warm B,226769,1375,1374,1554,923,1,0.0027018946
Warm B,225102,1361,1360,1554,923,0,0.010339394
Warm B,212103,1291,1290,1554,923,0,0.02649453
Warm B,203883,1254,1253,1554,923,1,0.010538133
Warm B,308093,1836,1835,1554,923,0,0.01785657
Warm B,211071,1285,1284,1554,923,0,0.014550369
Warm B,214932,1303,1302,1554,923,1,0.024616329
Warm B,279463,1680,1679,1554,923,1,0.016918428
Warm B,202560,1244,1243,1554,923,1,0.008339807
Warm B,294363,1749,1748,1554,923,0,0.0042417496
Warm B,229931,1391,1390,1554,923,0,-5.7729427e-05
Warm B,185431,1150,1149,1554,923,0,0.01535851
Warm B,201625,1242,1241,1554,923,1,0.009318064
Warm B,168526,1069,1068,1554,923,1,0.010846757
Warm B,167315,1065,1064,1554,923,0,0.008032205
Warm B,334655,1974,1973,1554,923,1,0.022027455
Warm B,142449,919,918,1554,923,1,0.015114061
Warm B,138457,889,888,1554,923,1,0.021817856
Warm B,131970,854,853,1554,923,0,0.012230178
Warm B,263431,1605,1604,1554,923,0,0.017838126
Warm B,132540,855,854,1554,923,0,0.020503007
Warm B,187689,1164,1163,1554,923,0,0.013244264
Warm B,631648,3821,3820,1554,923,0,0.022717472
Warm B,100891,673,672,1554,923,1,0.007828603
Warm B,294953,1752,1751,1554,923,1,0.00965041
Warm B,92780,621,620,1554,923,0,0.01282138
Warm B,155390,1001,1000,1554,923,1,0.010938912
Warm B,48794,327,326,1554,923,1,0.020332323
Warm B,41428,281,280,1554,923,0,0.013773477
Warm B,31898,216,215,1554,923,1,0.017482879
Warm B,33386,225,224,1554,923,0,0.015921786
Warm B,21944,161,160,1554,923,1,0.011663353
Warm B,23038,166,165,1554,923,1,0.008676734
Warm B,20371,150,149,1554,923,1,0.019217404
Warm B,17449,136,135,1554,923,1,0.013478151
Warm B,7586,53,52,1554,923,1,0.010345192
Warm B,319,5,4,1554,923,0,0.01607572
Warm B,20678,151,150,1554,923,0,0.020362848
Warm B,7145,49,48,1554,923,1,0.01025356
Warm B,158346,1015,1014,1554,923,1,0.03138168
Warm B,883024,5333,5332,1554,923,1,0.014614761
Warm B,574817,3518,3517,1554,923,1,0.01704462
Warm B,893012,5394,5393,1554,923,0,0.02297297
Warm B,102368,678,677,1554,923,1,0.020505983
Warm B,116332,752,751,1554,923,1,0.018587042
Warm B,511902,3158,3157,1554,923,1,0.01338396
Warm B,223624,1354,1353,1554,923,0,0.01733867
Warm B,284283,1698,1697,1554,923,1,0.009331875
Warm B,497282,3054,3053,1554,923,1,0.022488533
Warm B,248524,1500,1499,1554,923,0,0.014764312
Warm B,256101,1561,1560,1554,923,1,0.010908277
Warm B,328296,1941,1940,1554,923,0,0.02861754
Warm B,435418,2661,2660,1592,937,1,0.004837945
Warm B,430139,2621,2620,1592,937,0,0.0065298053
Warm B,451030,2777,2776,1592,937,0,0.0028020884
Warm B,418823,2529,2528,1592,937,1,0.008514328
Warm B,417480,2517,2516,1592,937,1,0.008977542
Warm B,406474,2438,2437,1592,937,0,0.015951112
Warm B,403345,2409,2408,1592,937,0,0.00784979
Warm B,399562,2378,2377,1592,937,0,0.004893805
Warm B,376650,2198,2197,1592,937,0,0.0018887186
Warm B,352089,2063,2062,1592,937,0,0.028621737
Warm B,348719,2045,2044,1592,937,1,0.0018178021
Warm B,341705,2012,2011,1592,937,0,0.014740639
Warm B,288134,1721,1720,1592,937,0,0.0056553218
Warm B,268579,1631,1630,1592,937,0,-0.005439557
Warm B,323926,1920,1919,1592,937,0,0.007569127
Warm B,264683,1609,1608,1592,937,0,0.012527703
Warm B,247359,1495,1494,1592,937,0,0.0071448404
Warm B,224256,1356,1355,1592,937,0,0.01557083
Warm B,222769,1348,1347,1592,937,0,0.0036754943
Warm B,296852,1759,1758,1592,937,0,0.012761279
Warm B,207790,1271,1270,1592,937,1,0.009814622
Warm B,279593,1680,1679,1592,937,0,0.014457187
Warm B,236447,1434,1433,1592,937,0,0.012848592
Warm B,175201,1111,1110,1592,937,1,0.0077011995
Warm B,194293,1198,1197,1592,937,0,0.0026375647
Warm B,342643,2015,2014,1592,937,0,0.011281587
Warm B,425746,2583,2582,1592,937,1,0.0061097937
Warm B,240293,1449,1448,1592,937,0,0.018541157
Warm B,119375,770,769,1592,937,0,0.008706799
Warm B,216468,1314,1313,1592,937,0,0.0041912287
Warm B,101719,677,676,1592,937,0,0.011948553
Warm B,406156,2436,2435,1592,937,0,0.011218178
Warm B,76516,519,518,1592,937,0,-0.004458239
Warm B,73150,494,493,1592,937,1,0.006833497
Warm B,87101,569,568,1592,937,0,0.00661783
Warm B,54729,357,356,1592,937,0,-0.00041305984
Warm B,41762,284,283,1592,937,0,0.008006774
Warm B,291542,1737,1736,1592,937,0,0.012916705
Warm B,10499,75,74,1592,937,1,-0.005519061
Warm B,49355,329,328,1592,937,0,0.015011873
Warm B,142214,918,917,1592,937,0,0.006301203
Warm B,234240,1422,1421,1592,937,0,0.009831791
Warm B,386130,2258,2257,1592,937,0,-0.0021234732
Warm B,360938,2106,2105,1592,937,0,0.017367158
Warm B,328408,1941,1940,1592,937,1,0.016068097
Warm B,680717,4079,4078,1592,937,1,0.00015236577
Warm B,335206,1978,1977,1592,937,0,0.012897503
Warm B,489704,3013,3012,1592,937,0,0.009264824
Warm B,907675,5492,5491,1592,937,0,0.013587264
Warm B,717036,4294,4293,1592,937,0,0.0069450205
Warm B,376431,2195,2194,1592,937,0,0.0052279867
Warm B,877443,5302,5301,1592,937,0,0.004238375
Warm B,579535,3539,3538,1593,938,1,0.011780796
Warm B,559975,3441,3440,1593,938,0,0.013191635
Warm B,658456,3967,3966,1593,938,0,0.004052916
Warm B,550354,3391,3390,1593,938,0,0.0020116325
Warm B,532258,3285,3284,1593,938,0,0.01819178
Warm B,529867,3272,3271,1593,938,0,0.016367976
Warm B,526009,3250,3249,1593,938,0,0.0024533928
Warm B,524744,3239,3238,1593,938,0,0.0025071143
Warm B,774469,4619,4618,1593,938,0,-0.00011677656
Warm B,522751,3224,3223,1593,938,1,0.013713
Warm B,518140,3197,3196,1593,938,0,0.007831805
Warm B,517037,3191,3190,1593,938,0,0.010140814
Warm B,562695,3462,3461,1593,938,0,0.0017592397
Warm B,503668,3095,3094,1593,938,1,0.0068547484
Warm B,516562,3189,3188,1593,938,1,0.003698801
Warm B,499576,3067,3066,1593,938,0,0.0053744456
Warm B,492128,3026,3025,1593,938,0,0.009990477
Warm B,490339,3017,3016,1593,938,0,0.0036654521
Warm B,485172,2986,2985,1593,938,0,0.01128648
Warm B,478568,2936,2935,1593,938,0,0.0020019037
Warm B,472738,2907,2906,1593,938,0,0.0047116373
Warm B,471070,2899,2898,1593,938,0,0.009004383
Warm B,468548,2887,2886,1593,938,0,0.0056077093
Warm B,470065,2895,2894,1593,938,0,0.014622504
Warm B,451032,2777,2776,1593,938,1,0.0019230265
Warm B,438868,2681,2680,1593,938,0,0.0076612197
Warm B,419303,2533,2532,1593,938,0,0.0075378823
Warm B,416130,2506,2505,1593,938,1,0.00486904
Warm B,405008,2423,2422,1593,938,0,0.003164287
Warm B,404275,2418,2417,1593,938,0,-0.0013200201
Warm B,404636,2419,2418,1593,938,0,0.011098001
Warm B,368445,2153,2152,1593,938,0,0.002595817
Warm B,340793,2010,2009,1593,938,0,0.004815122
Warm B,297620,1764,1763,1593,938,0,0.015551439
Warm B,281348,1687,1686,1593,938,1,-0.015545131
Warm B,235997,1429,1428,1593,938,0,-0.006375895
Warm B,248919,1501,1500,1593,938,1,0.008011261
Warm B,336133,1980,1979,1593,938,0,0.014738273
Warm B,223665,1354,1353,1593,938,0,0.0063897762
Warm B,276346,1671,1670,1593,938,1,0.004990778
Warm B,212118,1291,1290,1593,938,0,0.010136437
Warm B,203890,1254,1253,1593,938,0,0.010779522
Warm B,321711,1908,1907,1593,938,0,0.006699738
Warm B,192421,1184,1183,1593,938,0,0.0043000244
Warm B,186778,1156,1155,1593,938,0,0.0016450338
Warm B,189050,1172,1171,1593,938,0,0.005788716
Warm B,174850,1107,1106,1593,938,1,0.00034163753
Warm B,179715,1125,1124,1593,938,0,0.005079704
Warm B,331771,1958,1957,1593,938,0,0.011711754
Warm B,188283,1168,1167,1593,938,0,-0.0021125094
Warm B,167960,1068,1067,1593,938,0,0.01669848
Warm B,328412,1941,1940,1593,938,0,0.010427596
Warm B,189431,1173,1172,1593,938,0,0.004197522
Warm B,152704,983,982,1593,938,1,0.0019677277
Warm B,221481,1340,1339,1593,938,0,0.012696078
Warm B,145004,934,933,1593,938,0,0.013759812
Warm B,164703,1051,1050,1593,938,0,0.011315077
Warm B,136741,881,880,1593,938,0,0.016937919
Warm B,134442,869,868,1593,938,0,0.0060128463
Warm B,132003,854,853,1593,938,1,-0.0015141678
Warm B,332759,1962,1961,1593,938,0,0.012544557
Warm B,352092,2063,2062,1593,938,0,0.0051416103
Warm B,263499,1605,1604,1593,938,0,0.009276215
Warm B,125311,805,804,1593,938,0,0.0007876633
Warm B,360941,2106,2105,1593,938,0,0.010904264
Warm B,112591,731,730,1593,938,0,0.007728843
Warm B,106198,699,698,1593,938,0,0.011498503
Warm B,696522,4169,4168,1593,938,0,0.013751925
Warm B,291546,1737,1736,1593,938,0,0.0045675905
Warm B,191186,1181,1180,1593,938,0,0.01069472
Warm B,80561,534,533,1593,938,1,1.495867e-05
Warm B,77692,524,523,1593,938,0,0.013969544
Warm B,64645,432,431,1593,938,0,-0.0021076892
Warm B,251206,1516,1515,1593,938,0,0.0014278269
Warm B,78564,528,527,1593,938,0,0.0058678146
Warm B,155437,1001,1000,1593,938,0,0.0043172683
Warm B,46434,310,309,1593,938,0,0.011365499
Warm B,42190,286,285,1593,938,0,0.008860514
Warm B,39529,268,267,1593,938,1,-0.0014771982
Warm B,287457,1716,1715,1593,938,0,0.009299531
Warm B,33448,225,224,1593,938,0,-0.0011783256
Warm B,29773,202,201,1593,938,0,0.0067338836
Warm B,29156,199,198,1593,938,0,0.00011113379
Warm B,21259,156,155,1593,938,0,0.008647073
Warm B,22465,163,162,1593,938,0,0.011221132
Warm B,6425,45,44,1593,938,0,-0.001792497
Warm B,5512,38,37,1593,938,0,-0.0008047656
Warm B,3736,26,25,1593,938,0,0.0030740807
Warm B,506150,3113,3112,1593,938,0,0.0089816535
Warm B,20732,151,150,1593,938,1,0.007951302
Warm B,79557,531,530,1593,938,0,0.0045760963
Warm B,626929,3792,3791,1593,938,0,0.0008831427
Warm B,363215,2116,2115,1593,938,1,0.012326854
Warm B,489706,3013,3012,1593,938,0,-0.0009392933
Warm B,272290,1645,1644,1593,938,0,0.0057509323
Warm B,317824,1889,1888,1593,938,0,0.0071239015
Warm B,102433,678,677,1593,938,0,0.0045441524
Warm B,923959,5580,5579,1593,938,0,0.0009259081
Warm B,171850,1088,1087,1593,938,0,0.0022047074
Warm B,498161,3057,3056,1593,938,0,0.00035451655
Warm B,178703,1121,1120,1593,938,0,0.0072848275
Warm B,273108,1647,1646,1593,938,0,0.0074806013
Warm B,84347,550,549,1595,940,0,0.026257312
Warm B,74966,509,508,1595,940,0,0.0037129908
Warm B,291547,1737,1736,1595,940,0,0.021870263
Warm B,79559,531,530,1595,940,0,0.01261814
Warm B,11949,92,91,1595,940,0,0.0131790945
Warm B,329459,1943,1942,1598,942,0,0.012930702
Warm B,330182,1948,1947,1598,942,0,0.008178474
Warm B,315416,1880,1879,1598,942,0,0.013370633
Warm B,265925,1613,1612,1598,942,0,0.006089216
Warm B,259571,1587,1586,1598,942,1,0.007875821
Warm B,242909,1465,1464,1598,942,1,-0.008413303
Warm B,232577,1413,1412,1598,942,0,0.005560714
Warm B,277842,1676,1675,1598,942,0,0.020874009
Warm B,250454,1509,1508,1598,942,0,0.0053195143
Warm B,279605,1680,1679,1598,942,0,-0.0025650384
Warm B,363220,2116,2115,1598,942,0,0.008079239
Warm B,185515,1150,1149,1598,942,0,0.0070358617
Warm B,170282,1084,1083,1598,942,0,-0.0028542164
Warm B,184065,1146,1145,1598,942,0,0.0075795194
Warm B,167965,1068,1067,1598,942,0,0.008211763
Warm B,163940,1050,1049,1598,942,0,0.0045056483
Warm B,181304,1133,1132,1598,942,0,0.0026498481
Warm B,275646,1667,1666,1598,942,0,0.0030281162
Warm B,221482,1340,1339,1598,942,0,0.006575842
Warm B,157055,1010,1009,1598,942,0,-0.0063515445
Warm B,405547,2429,2428,1598,942,0,-0.0019811564
Warm B,135748,877,876,1598,942,0,-0.0004988753
Warm B,154949,999,998,1598,942,0,-0.0017351564
Warm B,352096,2063,2062,1598,942,0,-0.0033763745
Warm B,124995,802,801,1598,942,1,0.0018980128
Warm B,122946,793,792,1598,942,0,0.012046205
Warm B,117587,757,756,1598,942,0,-0.0069951294
Warm B,106201,699,698,1598,942,0,0.0059980215
Warm B,116413,752,751,1598,942,0,0.00067480095
Warm B,294986,1752,1751,1598,942,0,0.017285801
Warm B,110938,721,720,1598,942,0,-0.0012052385
Warm B,109370,714,713,1598,942,1,0.0045911176
Warm B,480230,2946,2945,1598,942,0,-0.0031249698
Warm B,64308,429,428,1598,942,0,0.0063803084
Warm B,288632,1724,1723,1598,942,0,0.016216544
Warm B,46270,309,308,1598,942,0,0.013273689
Warm B,44437,302,301,1598,942,0,-0.0025563305
Warm B,41765,284,283,1598,942,0,-0.006454965
Warm B,696528,4169,4168,1598,942,0,0.008791292
Warm B,40354,272,271,1598,942,0,0.007651476
Warm B,291550,1737,1736,1598,942,1,-0.0028932947
Warm B,50098,331,330,1598,942,0,-0.0009669351
Warm B,355046,2077,2076,1598,942,0,0.009824528
Warm B,150684,970,969,1598,942,0,0.011750262
Warm B,265200,1611,1610,1598,942,0,0.014194229
Warm B,145007,934,933,1598,942,0,-0.00058807316
Warm B,79563,531,530,1598,942,0,0.0034028087
Warm B,499579,3067,3066,1598,942,0,0.0025038682
Warm B,164709,1051,1050,1598,942,0,0.00086840807
Warm B,561648,3454,3453,1598,942,0,-0.006271411
Warm B,325012,1925,1924,1598,942,0,-0.006403779
Warm B,86739,566,565,1599,943,0,0.011818276
Warm B,31207,210,209,1599,943,0,0.008226574
Warm B,22469,163,162,1599,943,0,0.010276791
Warm B,12292,93,92,1599,943,0,0.0089585995
Warm B,27129,192,191,1599,943,0,0.008641124
Warm B,552504,3401,3400,1599,943,0,0.0009852923
Warm B,893027,5394,5393,1599,943,0,0.0113280155
Warm B,104115,692,691,1600,944,1,0.01809373
Warm B,107673,710,709,1600,944,0,0.0095340125
Warm B,82731,549,548,1600,944,0,0.015715707
Warm B,77182,524,523,1600,944,1,0.024969436
Warm B,61157,412,411,1600,944,0,0.017435972
Warm B,56667,380,379,1600,944,0,0.0076462263
Warm B,55043,363,362,1600,944,0,0.00066461903
Warm B,49967,331,330,1600,944,1,0.01209762
Warm B,392834,2307,2306,1600,944,0,0.011691045
Warm B,697050,4169,4168,1600,944,0,0.016916556
Warm B,308360,1837,1836,1600,944,0,0.018688038
Warm B,29633,202,201,1600,944,0,0.018179722
Warm B,23321,167,166,1600,944,0,0.0049829027
Warm B,161938,1033,1032,1600,944,0,0.009268869
Warm B,7228,50,49,1600,944,0,0.014438339
Warm B,6310,45,44,1600,944,0,0.0046755318
Warm B,79107,531,530,1600,944,0,0.015217368
Warm B,575730,3520,3519,1600,944,0,0.012774343
Warm B,150391,970,969,1600,944,0,0.01997487
Warm B,33094,224,223,1600,944,0,0.017369699
Warm B,385968,2258,2257,1600,944,0,0.0069124545
Warm B,964343,5812,5811,1600,944,0,0.013974102
Warm B,309468,1842,1841,1600,944,1,0.010264028
Warm B,193419,1194,1193,1600,944,0,0.020572022
Warm B,115843,752,751,1601,945,0,0.010748782
Warm B,98571,660,659,1601,945,0,0.00717515
Warm B,238576,1448,1447,1601,945,1,0.006754271
Warm B,77183,524,523,1601,945,0,0.008367617
Warm B,74579,509,508,1601,945,0,0.009553175
Warm B,70633,476,475,1601,945,1,0.0038065426
Warm B,70060,474,473,1601,945,0,0.018069616
Warm B,53495,352,351,1601,945,0,0.0101247225
Warm B,697052,4169,4168,1601,945,0,0.018733097
Warm B,1826,17,16,1601,945,0,0.016771924
Warm B,129158,839,838,1601,945,0,0.008409646
Warm B,317498,1889,1888,1601,945,0,0.005438826
Warm B,499123,3067,3066,1601,945,1,0.014348421
Warm B,49968,331,330,1601,945,1,0.0056501753
Warm B,272638,1647,1646,1601,945,0,0.014045975
Warm B,342186,2015,2014,1604,947,0,-0.0011411197
Warm B,828986,4979,4978,1604,947,0,-0.0017988961
Warm B,317501,1889,1888,1604,947,0,-0.009028252
Warm B,329125,1943,1942,1604,947,0,-0.011094173
Warm B,599033,3648,3647,1604,947,1,-0.0029129717
Warm B,134013,869,868,1605,948,0,-0.0022744387
Warm B,262992,1605,1604,1605,948,0,0.0040877694
Warm B,360468,2106,2105,1605,948,0,-0.0019098243
Warm B,223302,1354,1353,1605,948,0,-0.0058569736
Warm B,105855,699,698,1605,948,0,-0.009740192
Warm B,90083,594,593,1605,948,0,-0.0044390894
Warm B,83874,550,549,1605,948,0,-0.005513764
Warm B,55116,365,364,1605,948,0,-0.0034096725
Warm B,132260,855,854,1605,948,0,-0.0020933351
Warm B,47275,319,318,1605,948,0,-0.0070057777
Warm B,697057,4169,4168,1605,948,0,-0.0056103664
Warm B,38595,263,262,1605,948,0,0.007629917
Warm B,29393,200,199,1605,948,0,0.0027959791
Warm B,29071,199,198,1605,948,0,0.0037365763
Warm B,291128,1737,1736,1605,948,0,0.004542137
Warm B,22362,163,162,1605,948,0,0.0023090749
Warm B,16069,127,126,1605,948,0,-0.0032897699
Warm B,20649,151,150,1605,948,1,0.0027832387
Warm B,157766,1015,1014,1605,948,0,0.00016361405
Warm B,354695,2077,2076,1605,948,1,-0.0010612416
Warm B,778111,4647,4646,1605,948,0,-0.010712304
Warm B,11874,92,91,1605,948,0,-0.00302477
Warm B,958996,5787,5786,1605,948,0,0.0049227793
Warm B,768962,4579,4578,1605,948,0,0.006414457
Warm B,257420,1579,1578,1605,948,0,0.0005255067
Warm B,331305,1958,1957,1605,948,0,-0.001223549
Warm B,468239,2887,2886,1605,948,0,-0.0026823934
Warm B,171255,1088,1087,1605,948,0,-0.009254642
Warm B,341406,2012,2011,1606,949,0,0.00946698
Warm B,314947,1880,1879,1606,949,0,0.008930703
Warm B,326944,1938,1937,1606,949,0,-0.0060692714
Warm B,288758,1726,1725,1606,949,0,0.005357691
Warm B,269709,1635,1634,1606,949,0,0.01384555
Warm B,263850,1606,1605,1606,949,0,0.008836
Warm B,265522,1613,1612,1606,949,0,0.011304802
Warm B,329126,1943,1942,1606,949,1,0.009371616
Warm B,337379,1984,1983,1606,949,0,0.008202105
Warm B,226955,1377,1376,1606,949,0,-0.0024494221
Warm B,221087,1340,1339,1606,949,0,0.01162849
Warm B,278634,1680,1679,1606,949,0,0.0116504105
Warm B,277411,1676,1675,1606,949,0,0.013836904
Warm B,190399,1181,1180,1606,949,0,0.0007282798
Warm B,227538,1380,1379,1606,949,0,0.0065889666
Warm B,155729,1004,1003,1606,949,0,0.011367168
Warm B,150915,971,970,1606,949,0,0.0096544735
Warm B,120977,780,779,1606,949,0,0.004657983
Warm B,120247,777,776,1606,949,0,0.0053215604
Warm B,475740,2919,2918,1606,949,1,-0.0013331337
Warm B,118243,765,764,1606,949,1,0.003796117
Warm B,202912,1246,1245,1606,949,0,0.010867577
Warm B,96896,651,650,1606,949,0,0.0016210503
Warm B,86935,567,566,1606,949,1,-0.0020391196
Warm B,119006,770,769,1606,949,0,0.0070114667
Warm B,86468,566,565,1606,949,0,0.0019076824
Warm B,81463,543,542,1606,949,1,0.011612974
Warm B,70638,476,475,1606,949,1,0.013382277
Warm B,53505,352,351,1606,949,0,0.0042604953
Warm B,51093,337,336,1606,949,1,0.00840824
Warm B,36281,245,244,1606,949,0,0.0076870373
Warm B,626500,3792,3791,1606,949,0,0.009740618
Warm B,22363,163,162,1606,949,0,0.008343137
Warm B,14389,117,116,1606,949,0,-0.00088064326
Warm B,12255,93,92,1606,949,0,-0.0040884567
Warm B,10186,73,72,1606,949,0,0.007895072
Warm B,17112,134,133,1606,949,0,-0.00037678657
Warm B,2695,22,21,1606,949,0,0.0006082712
Warm B,2103,18,17,1606,949,0,0.0045166872
Warm B,262460,1601,1600,1606,949,0,0.0048352457
Warm B,27942,195,194,1606,949,1,0.010714654
Warm B,109694,716,715,1606,949,0,0.0061471825
Warm B,237613,1447,1446,1606,949,0,0.011458821
Warm B,828987,4979,4978,1606,949,0,0.013324648
Warm B,682164,4085,4084,1606,949,1,0.011752907
Warm B,621899,3768,3767,1606,949,0,0.0066206646
Warm B,101945,678,677,1606,949,1,0.0039014649
Warm B,632940,3824,3823,1606,949,0,0.0022078468
Warm B,272645,1647,1646,1606,949,0,0.015541657
Warm B,105874,699,698,1621,959,0,0.0044778367
Warm B,179430,1125,1124,1621,959,1,0.007267832
Warm B,95806,642,641,1621,959,0,0.0031870743
Warm B,332488,1962,1961,1621,959,0,0.012981084
Warm B,90555,601,600,1621,959,0,0.0098253265
Warm B,238619,1448,1447,1621,959,1,0.00043480349
Warm B,78285,528,527,1621,959,1,0.011591114
Warm B,53553,352,351,1621,959,1,0.008699419
Warm B,333730,1969,1968,1621,959,1,0.02187913
Warm B,46777,314,313,1621,959,1,0.0141722085
Warm B,30202,203,202,1621,959,0,0.008665846
Warm B,26306,187,186,1621,959,0,0.0053027454
Warm B,15463,123,122,1621,959,1,0.013564531
Warm B,7575,53,52,1621,959,1,0.0034956704
Warm B,586,8,7,1621,959,0,0.005845993
Warm B,354722,2077,2076,1621,959,1,0.004454615
Warm B,933776,5636,5635,1621,959,0,0.016065655
Warm B,171296,1088,1087,1621,959,0,0.008763896
Warm B,360496,2106,2105,1621,959,0,0.011017521
Warm B,327660,1941,1940,1621,959,1,0.017906234
Warm B,257449,1579,1578,1621,959,0,0.01773717
Warm B,144769,934,933,1621,959,0,0.01165372
Warm B,748296,4467,4466,1621,959,0,0.0059707654
Warm B,883276,5333,5332,1621,959,0,0.008892885
Warm B,825716,4958,4957,1621,959,1,0.008925747
Warm B,497847,3056,3055,1623,960,0,0.0050683776
Warm B,659049,3971,3970,1623,960,0,0.0010792138
Warm B,493824,3032,3031,1623,960,1,0.0078365905
Warm B,490074,3016,3015,1623,960,0,0.00092963455
Warm B,429037,2611,2610,1623,960,0,0.0057486985
Warm B,426375,2590,2589,1623,960,0,0.008013383
Warm B,409491,2457,2456,1623,960,0,0.0021208306
Warm B,373837,2181,2180,1623,960,1,0.008181418
Warm B,367301,2144,2143,1623,960,1,0.013427156
Warm B,351431,2063,2062,1623,960,0,0.0066016642
Warm B,339936,2005,2004,1623,960,0,-0.005805009
Warm B,339551,2001,2000,1623,960,0,-0.0018042
Warm B,340438,2010,2009,1623,960,0,0.01106576
Warm B,323494,1919,1918,1623,960,0,-0.004395727
Warm B,297850,1765,1764,1623,960,0,0.0043784473
Warm B,277436,1676,1675,1623,960,0,0.0060375268
Warm B,278697,1680,1679,1623,960,0,0.014865631
Warm B,276793,1675,1674,1623,960,0,0.0076898467
Warm B,281761,1690,1689,1623,960,0,0.0052691987
Warm B,271393,1641,1640,1623,960,0,0.0026091733
Warm B,264324,1608,1607,1623,960,0,0.009593837
Warm B,257174,1577,1576,1623,960,0,0.005783027
Warm B,253419,1542,1541,1623,960,0,0.016047718
Warm B,247523,1496,1495,1623,960,0,0.00947996
Warm B,226344,1370,1369,1623,960,0,0.0046788203
Warm B,225535,1366,1365,1623,960,0,0.0017120752
Warm B,224429,1357,1356,1623,960,0,0.0022593862
Warm B,221870,1342,1341,1623,960,0,0.0086437045
Warm B,221782,1341,1340,1623,960,0,0.0025510262
Warm B,214042,1300,1299,1623,960,0,0.006661274
Warm B,327663,1941,1940,1623,960,0,0.011164783
Warm B,186318,1152,1151,1623,960,0,0.011105553
Warm B,196322,1207,1206,1623,960,0,0.0044414536
Warm B,183872,1146,1145,1623,960,0,0.0065039685
Warm B,175338,1112,1111,1623,960,0,0.0036914074
Warm B,159105,1017,1016,1623,960,0,0.0076891854
Warm B,314469,1878,1877,1623,960,0,0.005091778
Warm B,134789,871,870,1623,960,0,0.0066315606
Warm B,134041,869,868,1623,960,0,0.009620419
Warm B,133278,860,859,1623,960,1,-0.010412105
Warm B,132958,858,857,1623,960,0,0.005634734
Warm B,125474,808,807,1623,960,0,0.0055347895
Warm B,123808,798,797,1623,960,1,0.009890035
Warm B,122316,789,788,1623,960,0,0.00036844728
Warm B,115888,752,751,1623,960,0,0.0049028723
Warm B,107707,710,709,1623,960,0,0.009595251
Warm B,92686,621,620,1623,960,0,0.0075271716
Warm B,81492,543,542,1623,960,0,0.0033341162
Warm B,66469,445,444,1623,960,0,0.007960489
Warm B,47902,321,320,1623,960,0,0.0054866443
Warm B,43038,295,294,1623,960,0,0.008177709
Warm B,41702,284,283,1623,960,0,0.0035198908
Warm B,40283,272,271,1623,960,0,0.0039219186
Warm B,291157,1737,1736,1623,960,0,0.013551064
Warm B,299940,1779,1778,1623,960,0,0.015220643
Warm B,99800,667,666,1623,960,1,0.004483357
Warm B,22388,163,162,1623,960,0,0.003502605
Warm B,14183,116,115,1623,960,0,0.008244959
Warm B,289977,1733,1732,1623,960,0,0.0014193701
Warm B,7577,53,52,1623,960,0,0.004116324
Warm B,27984,195,194,1623,960,0,0.004152118
Warm B,11893,92,91,1623,960,0,0.006219094
Warm B,164288,1051,1050,1623,960,1,0.0067257737
Warm B,187016,1160,1159,1623,960,0,0.002488815
Warm B,608978,3693,3692,1623,960,0,0.007820016
Warm B,474319,2910,2909,1623,960,1,0.010929568
Warm B,116780,753,752,1623,960,1,0.0064137047
Warm B,718808,4305,4304,1623,960,0,-0.001350363
Warm B,232099,1408,1407,1626,962,0,-0.0065332972
Warm B,209983,1284,1283,1626,962,0,0.0042516235
Warm B,321614,1908,1907,1626,962,0,0.0037274663
Warm B,190472,1181,1180,1626,962,1,0.004798581
Warm B,184928,1150,1149,1626,962,0,0.00443379
Warm B,243718,1470,1469,1626,962,0,0.009040586
Warm B,342221,2015,2014,1626,962,0,0.007124591
Warm B,221120,1340,1339,1626,962,0,0.015448237
Warm B,156572,1010,1009,1626,962,0,0.008615596
Warm B,110602,721,720,1626,962,1,0.010300467
Warm B,713666,4277,4276,1626,962,0,0.0050552012
Warm B,91133,604,603,1626,962,0,0.01240599
Warm B,89922,592,591,1626,962,0,0.001145671
Warm B,81495,543,542,1626,962,0,-0.0026964147
Warm B,27064,192,191,1626,962,0,-0.001805139
Warm B,437209,2669,2668,1626,962,0,0.004733808
Warm B,150428,970,969,1626,962,0,0.00895521
Warm B,680524,4079,4078,1626,962,1,-0.0016535157
Warm B,599061,3648,3647,1626,962,0,0.007967779
Warm B,587708,3589,3588,1626,962,0,0.013819567
Warm B,327667,1941,1940,1626,962,0,0.012560498
Warm B,188848,1172,1171,1629,964,0,0.00573525
Warm B,176239,1114,1113,1629,964,0,0.0047185393
Warm B,173522,1100,1099,1629,964,0,0.012084143
Warm B,198573,1220,1219,1629,964,0,0.00041309814
Warm B,166317,1059,1058,1629,964,0,-0.001952249
Warm B,272041,1645,1644,1629,964,1,0.009862555
Warm B,167689,1068,1067,1629,964,0,0.0029599313
Warm B,164294,1051,1050,1629,964,0,0.005679287
Warm B,153615,987,986,1629,964,1,0.0002471879
Warm B,137844,889,888,1629,964,0,0.0132854665
Warm B,136299,881,880,1629,964,0,-0.0028210715
Warm B,380141,2223,2222,1629,964,0,-0.0017183595
Warm B,131743,854,853,1629,964,0,-0.00034560089
Warm B,128494,832,831,1629,964,0,0.00823583
Warm B,124426,801,800,1629,964,0,-0.0053316443
Warm B,123072,795,794,1629,964,0,0.006104109
Warm B,360504,2106,2105,1629,964,0,0.0027178954
Warm B,112290,731,730,1629,964,1,-0.0037602545
Warm B,176736,1117,1116,1629,964,0,-0.0034518505
Warm B,238627,1448,1447,1629,964,1,0.0016648809
Warm B,70075,474,473,1629,964,0,0.0015630489
Warm B,132282,855,854,1629,964,1,0.0031588492
Warm B,47321,319,318,1629,964,0,0.00579465
Warm B,41710,284,283,1629,964,1,-0.007933849
Warm B,26314,187,186,1629,964,1,0.0035156526
Warm B,22399,163,162,1629,964,0,0.002386164
Warm B,9190,62,61,1629,964,0,-0.0013540711
Warm B,20679,151,150,1629,964,1,-0.00076046353
Warm B,157815,1015,1014,1629,964,0,0.008742385
Warm B,385980,2258,2257,1629,964,1,-0.00983081
Warm B,362742,2116,2115,1629,964,0,0.004172498
Warm B,828997,4979,4978,1629,964,0,0.0048629316
Warm B,497090,3054,3053,1629,964,0,0.008017983
Warm B,734549,4387,4386,1629,964,0,0.004146781
Warm B,79148,531,530,1629,964,0,-0.00848417
Warm B,331342,1958,1957,1629,964,0,0.008479713
Warm B,78290,528,527,1629,964,0,0.008946731
Warm B,65934,442,441,1629,964,0,0.004499741
Warm B,171305,1088,1087,1629,964,0,0.012080753
Warm B,770093,4589,4588,1629,964,0,0.0077486765
Warm B,921108,5565,5564,1629,964,0,6.4343796e-05
Warm B,187501,1164,1163,1629,964,0,0.001122267
Warm B,52086,343,342,1629,964,1,0.0010630004
Warm B,811328,4867,4866,1629,964,1,0.0060159136
Warm B,234760,1425,1424,1629,964,1,-0.002957048
Warm B,263031,1605,1604,1629,964,1,0.0007197587
Warm B,748297,4467,4466,1629,964,0,0.0035186736
Warm B,974550,5878,5877,1629,964,1,-0.009230444
Warm B,608983,3693,3692,1629,964,0,0.0049477876
Warm B,125478,808,807,1640,968,0,0.009728428
Warm B,112117,730,729,1640,968,0,-0.0018540234
Warm B,109189,714,713,1640,968,0,0.008985317
Warm B,370903,2168,2167,1640,968,1,0.008826649
Warm B,523819,3229,3228,1640,968,0,-0.0017285966
Warm B,299469,1778,1777,1640,968,1,-3.7288293e-05
Warm B,80037,533,532,1640,968,0,0.008577903
Warm B,70668,476,475,1640,968,1,0.00083715934
Warm B,59824,407,406,1640,968,0,-0.0031056786
Warm B,59913,408,407,1640,968,0,-0.0016115736
Warm B,317535,1889,1888,1640,968,0,0.008654118
Warm B,31952,216,215,1640,968,0,-0.0022362694
Warm B,3666,26,25,1640,968,1,0.00028917805
Warm B,351464,2063,2062,1640,968,0,0.0026398485
Warm B,354736,2077,2076,1640,968,1,0.007961557
Warm B,122511,791,790,1640,968,0,0.007933863
Warm B,874078,5277,5276,1640,968,0,0.0029206937
Warm B,829006,4979,4978,1640,968,0,0.0008511073
Warm B,175958,1113,1112,1640,968,0,-0.0020368618
Warm B,159871,1019,1018,1640,968,0,0.0040406287
Warm B,905453,5475,5474,1640,968,0,-0.0017690313
Warm B,713682,4277,4276,1640,968,1,-0.0003382346
Warm B,272690,1647,1646,1640,968,0,0.011170235
Warm B,839636,5046,5045,1640,968,1,0.004237853
Warm B,74630,509,508,1642,970,0,-0.0060015405
Warm B,132299,855,854,1642,970,0,0.0025560814
Warm B,47362,319,318,1642,970,0,0.004359873
Warm B,44369,302,301,1642,970,0,0.0060065705
Warm B,312795,1865,1864,1642,970,0,0.0035016525
Warm B,697123,4169,4168,1642,970,1,0.01128673
Warm B,30211,203,202,1642,970,0,0.003617457
Warm B,983099,5938,5937,1642,970,0,0.005052461
Warm B,237664,1447,1446,1642,970,1,0.0064101117
Warm B,304698,1812,1811,1642,970,0,0.00018296472
Warm B,413644,2489,2488,1642,970,0,0.0021280597
Warm B,750600,4478,4477,1642,970,0,0.00032133516
Warm B,35051,237,236,1642,970,0,0.008102654
Warm B,599072,3648,3647,1642,970,1,0.0024390675
Warm B,236312,1434,1433,1646,974,0,-0.005167765
Warm B,225708,1367,1366,1646,974,0,0.005752109
Warm B,296743,1759,1758,1646,974,0,0.0040266667
Warm B,183707,1143,1142,1646,974,0,0.0059938794
Warm B,173532,1100,1099,1646,974,0,0.005676005
Warm B,276627,1673,1672,1646,974,1,0.0074665826
Warm B,272054,1645,1644,1646,974,0,0.0037122194
Warm B,183091,1141,1140,1646,974,0,-0.0027419748
Warm B,136323,881,880,1646,974,0,-0.0017902765
Warm B,107737,710,709,1646,974,0,0.008182398
Warm B,98623,660,659,1646,974,0,0.010092484
Warm B,96342,647,646,1646,974,1,0.013038834
Warm B,238658,1448,1447,1646,974,1,0.017012503
Warm B,70671,476,475,1646,974,1,0.009749439
Warm B,55789,369,368,1646,974,0,0.007911203
Warm B,47374,319,318,1646,974,0,0.008378356
Warm B,44385,302,301,1646,974,1,0.0025548167
Warm B,41730,284,283,1646,974,0,0.008415912
Warm B,40698,273,272,1646,974,1,0.005495413
Warm B,336897,1983,1982,1646,974,0,0.0007055525
Warm B,28749,198,197,1646,974,0,0.011391165
Warm B,233933,1422,1421,1646,974,0,0.01258382
Warm B,354742,2077,2076,1646,974,0,0.016733177
Warm B,237669,1447,1446,1646,974,0,0.014295387
Warm B,327714,1941,1940,1646,974,0,0.005216539
Warm B,924082,5580,5579,1646,974,1,0.011142649
Warm B,968277,5837,5836,1646,974,0,0.008404352
Warm B,272699,1647,1646,1646,974,0,0.0106125465
Warm B,139577,893,892,1647,975,0,0.0028175572
Warm B,135457,877,876,1647,975,0,0.00786531
Warm B,114732,746,745,1647,975,0,-0.0025632
Warm B,115928,752,751,1647,975,0,0.00663434
Warm B,98624,660,659,1647,975,0,0.006081757
Warm B,713689,4277,4276,1647,975,1,0.009198691
Warm B,110626,721,720,1647,975,0,0.0031623598
Warm B,308420,1837,1836,1647,975,0,-0.003618765
Warm B,291182,1737,1736,1647,975,0,0.00062365644
Warm B,82822,549,548,1647,975,1,0.010683224
Warm B,83930,550,549,1647,975,0,0.006084961
Warm B,47923,321,320,1647,975,0,-0.0072322874
Warm B,47376,319,318,1647,975,0,-0.0044108643
Warm B,33413,225,224,1647,975,0,-0.0036085492
Warm B,29729,202,201,1647,975,0,0.004506464
Warm B,27095,192,191,1647,975,0,0.0028181907
Warm B,16276,129,128,1647,975,1,-0.0043684375
Warm B,107738,710,709,1647,975,0,-0.010130862
Warm B,104165,692,691,1647,975,0,0.0057559386
Warm B,697129,4169,4168,1647,975,0,0.009857323
Warm B,109715,716,715,1647,975,1,-0.009195598
Warm B,210009,1284,1283,1647,975,1,0.017131854
Warm B,150442,970,969,1647,975,0,0.0066576754
Warm B,237670,1447,1446,1647,975,0,-0.0026818262
Warm B,264958,1611,1610,1647,975,1,0.0011933639
Warm B,309500,1842,1841,1647,975,1,-0.006209943
Warm B,50054,331,330,1647,975,1,-0.00040734943
Warm B,699900,4186,4185,1647,975,0,0.0022080191
Warm B,193481,1194,1193,1647,975,0,0.0037561145
Warm B,549825,3391,3390,1647,975,0,-0.0037877436
Warm B,659735,3976,3975,1648,976,1,0.011795901
Warm B,652373,3934,3933,1648,976,0,0.0011567278
Warm B,650979,3927,3926,1648,976,0,0.007624482
Warm B,672373,4041,4040,1648,976,0,0.017707616
Warm B,649671,3916,3915,1648,976,1,0.010870938
Warm B,634705,3829,3828,1648,976,1,0.022329891
Warm B,638940,3842,3841,1648,976,0,0.0141189685
Warm B,626287,3791,3790,1648,976,0,0.0005138635
Warm B,622978,3770,3769,1648,976,0,0.008591887
Warm B,617979,3745,3744,1648,976,1,0.0003375716
Warm B,794130,4748,4747,1648,976,0,0.0075345873
Warm B,703816,4220,4219,1648,976,0,0.0022732876
Warm B,597357,3631,3630,1648,976,1,0.005216423
Warm B,589295,3593,3592,1648,976,1,-0.0015050871
Warm B,579063,3539,3538,1648,976,0,0.013131478
Warm B,571912,3507,3506,1648,976,0,0.020261593
Warm B,562984,3464,3463,1648,976,0,0.017274693
Warm B,559582,3438,3437,1648,976,0,0.015157618
Warm B,553768,3410,3409,1648,976,1,0.009384038
Warm B,553576,3409,3408,1648,976,1,0.01716655
Warm B,766301,4562,4561,1648,976,1,0.010844248
Warm B,644480,3884,3883,1648,976,1,0.015523925
Warm B,549826,3391,3390,1648,976,1,0.0060158884
Warm B,545133,3362,3361,1648,976,0,0.006167203
Warm B,543100,3343,3342,1648,976,1,-0.0012998413
Warm B,904356,5468,5467,1648,976,1,0.008636007
Warm B,540614,3327,3326,1648,976,1,0.011692006
Warm B,531986,3285,3284,1648,976,0,0.012466625
Warm B,528048,3265,3264,1648,976,0,0.0058787754
Warm B,520720,3212,3211,1648,976,1,0.00084348046
Warm B,514792,3180,3179,1648,976,0,0.006663167
Warm B,507966,3126,3125,1648,976,0,-0.008425422
Warm B,506572,3118,3117,1648,976,0,0.016585447
Warm B,506178,3114,3113,1648,976,0,0.009167371
Warm B,501163,3080,3079,1648,976,1,0.019164082
Warm B,713690,4277,4276,1648,976,1,0.02323449
Warm B,490177,3017,3016,1648,976,0,0.0063486197
Warm B,484862,2986,2985,1648,976,1,0.016089704
Warm B,588365,3590,3589,1648,976,1,0.0026120706
Warm B,477085,2929,2928,1648,976,1,-0.0026292368
Warm B,475068,2916,2915,1648,976,1,0.00015164213
Warm B,474622,2913,2912,1648,976,1,0.010140768
Warm B,465560,2872,2871,1648,976,1,0.013023909
Warm B,462333,2853,2852,1648,976,0,0.002925573
Warm B,458859,2825,2824,1648,976,1,0.010349962
Warm B,564209,3471,3470,1648,976,0,0.0033691474
Warm B,424190,2572,2571,1648,976,0,0.0067239394
Warm B,416411,2507,2506,1648,976,1,0.0128647415
Warm B,400285,2383,2382,1648,976,0,0.014385535
Warm B,379145,2215,2214,1648,976,1,0.008332597
Warm B,364604,2124,2123,1648,976,1,0.013652175
Warm B,345051,2024,2023,1648,976,0,0.004857474
Warm B,274305,1658,1657,1648,976,1,0.016349766
Warm B,270763,1639,1638,1648,976,1,-0.0008831996
Warm B,267495,1626,1625,1648,976,1,0.012187134
Warm B,246816,1491,1490,1648,976,0,0.012399899
Warm B,223351,1354,1353,1648,976,1,-0.002250213
Warm B,212786,1297,1296,1648,976,1,0.0056902613
Warm B,307933,1836,1835,1648,976,1,0.012120537
Warm B,203465,1248,1247,1648,976,1,-0.002790149
Warm B,278758,1680,1679,1648,976,1,0.008634686
Warm B,214692,1303,1302,1648,976,0,0.009370369
Warm B,294184,1749,1748,1648,976,0,0.011131568
Warm B,184973,1150,1149,1648,976,1,0.01723971
Warm B,307244,1835,1834,1648,976,1,0.00833182
Warm B,173533,1100,1099,1648,976,1,0.0028407522
Warm B,183886,1146,1145,1648,976,0,0.008850897
Warm B,168263,1069,1068,1648,976,0,0.00026164064
Warm B,166334,1059,1058,1648,976,0,0.013337865
Warm B,157864,1015,1014,1648,976,1,0.011493315
Warm B,153624,987,986,1648,976,1,0.0030163564
Warm B,413649,2489,2488,1648,976,0,-0.0013745758
Warm B,145251,935,934,1648,976,0,0.012911124
Warm B,311883,1860,1859,1648,976,0,0.01244569
Warm B,137893,889,888,1648,976,0,0.010242208
Warm B,131023,850,849,1648,976,0,0.0114507135
Warm B,263061,1605,1604,1648,976,0,0.013033847
Warm B,114733,746,745,1648,976,0,0.010920396
Warm B,111267,724,723,1648,976,0,0.0020820512
Warm B,110627,721,720,1648,976,0,0.0047700233
Warm B,112314,731,730,1648,976,1,0.004359984
Warm B,779031,4653,4652,1648,976,1,0.012550182
Warm B,107033,703,702,1648,976,1,0.007698708
Warm B,103321,687,686,1648,976,1,0.0045388606
Warm B,113215,735,734,1648,976,1,0.013583643
Warm B,239758,1449,1448,1648,976,1,0.011059847
Warm B,97725,655,654,1648,976,0,0.007130841
Warm B,107739,710,709,1648,976,1,0.011953547
Warm B,697130,4169,4168,1648,976,0,0.01464761
Warm B,283937,1698,1697,1648,976,1,0.015709091
Warm B,320711,1902,1901,1648,976,1,0.012621727
Warm B,88728,587,586,1648,976,1,0.006496999
Warm B,87407,571,570,1648,976,0,-0.004233733
Warm B,82199,546,545,1648,976,1,0.014802875
Warm B,77252,524,523,1648,976,1,0.020499062
Warm B,81508,543,542,1648,976,0,0.010888642
Warm B,70084,474,473,1648,976,0,0.0032284514
Warm B,64065,428,427,1648,976,0,-0.0020496983
Warm B,74636,509,508,1648,976,1,0.011881979
Warm B,57133,386,385,1648,976,1,-0.004333944
Warm B,132304,855,854,1648,976,1,0.01153817
Warm B,33120,224,223,1648,976,0,0.006254689
Warm B,27537,193,192,1648,976,1,0.005805047
Warm B,238659,1448,1447,1648,976,1,0.013497222
Warm B,276089,1671,1670,1648,976,1,0.010758843
Warm B,7627,53,52,1648,976,1,0.0056734183
Warm B,104166,692,691,1648,976,1,0.015827522
Warm B,65947,442,441,1648,976,1,0.006596775
Warm B,330655,1952,1951,1648,976,0,0.015051431
Warm B,206695,1266,1265,1648,976,1,0.004839333
Warm B,79177,531,530,1648,976,0,0.015298308
Warm B,286591,1712,1711,1648,976,0,0.0017045517
Warm B,983100,5938,5937,1648,976,0,0.006578112
Warm B,181885,1137,1136,1648,976,1,0.008603332
Warm B,860275,5172,5171,1648,976,1,0.0029180865
Warm B,570947,3503,3502,1648,976,1,0.017957043
Warm B,290005,1733,1732,1648,976,0,0.008105888
Warm B,252416,1530,1529,1648,976,0,0.013323815
Warm B,873850,5276,5275,1648,976,0,0.011085569
Warm B,20704,151,150,1648,976,0,0.00921117
Warm B,360534,2106,2105,1648,976,1,0.0038984017
Warm B,921110,5565,5564,1648,976,0,0.008887273
Warm B,351477,2063,2062,1648,976,1,0.013003907
Warm B,499192,3067,3066,1648,976,1,0.011506926
Warm B,129226,839,838,1648,976,0,0.017630538
Warm B,476249,2926,2925,1648,976,1,0.015131338
Warm B,171351,1088,1087,1648,976,1,0.00446293
Warm B,206261,1265,1264,1648,976,1,-0.004642927
Warm B,115929,752,751,1648,976,1,0.011392427
Warm B,464048,2860,2859,1648,976,0,0.008865843
Warm B,62640,424,423,1648,976,1,0.008516631
Warm B,193482,1194,1193,1648,976,1,0.015868872
Warm B,480417,2947,2946,1648,976,1,0.013068926
Warm B,58705,398,397,1648,976,1,0.009802353
Warm B,579064,3539,3538,1649,977,1,0.0011243592
Warm B,570194,3499,3498,1649,977,1,0.0012273401
Warm B,593470,3618,3617,1649,977,0,0.002911455
Warm B,557581,3425,3424,1649,977,1,0.0072303466
Warm B,616057,3729,3728,1649,977,0,0.0066831834
Warm B,548669,3387,3386,1649,977,1,0.004716862
Warm B,549827,3391,3390,1649,977,1,0.0049248524
Warm B,645124,3885,3884,1649,977,0,0.00720096
Warm B,546707,3371,3370,1649,977,0,0.0074972534
Warm B,526670,3259,3258,1649,977,1,0.009456172
Warm B,524600,3237,3236,1649,977,1,-0.0027522703
Warm B,513900,3171,3170,1649,977,1,-0.0066624833
Warm B,510431,3145,3144,1649,977,1,0.0012129596
Warm B,510090,3142,3141,1649,977,1,0.010568795
Warm B,501164,3080,3079,1649,977,0,0.0016107198
Warm B,916869,5539,5538,1649,977,1,-0.0014710617
Warm B,546001,3367,3366,1649,977,0,0.0021872828
Warm B,483390,2971,2970,1649,977,1,-0.000964232
Warm B,482594,2967,2966,1649,977,0,3.849482e-05
Warm B,478548,2936,2935,1649,977,1,0.004778738
Warm B,476685,2928,2927,1649,977,1,0.0065479577
Warm B,475069,2916,2915,1649,977,1,0.0090516675
Warm B,475403,2918,2917,1649,977,0,0.00060563
Warm B,464604,2863,2862,1649,977,1,0.006958977
Warm B,460571,2841,2840,1649,977,1,0.0032528746
Warm B,456682,2811,2810,1649,977,0,0.00045833108
Warm B,455252,2803,2802,1649,977,1,0.01360824
Warm B,451702,2781,2780,1649,977,1,0.0028658006
Warm B,443317,2733,2732,1649,977,1,0.009625651
Warm B,442359,2724,2723,1649,977,1,0.009054258
Warm B,443568,2736,2735,1649,977,1,0.003642728
Warm B,437716,2674,2673,1649,977,1,0.011363875
Warm B,430940,2627,2626,1649,977,0,0.0053258287
Warm B,390645,2293,2292,1649,977,1,0.007060961
Warm B,379687,2221,2220,1649,977,1,0.0076673883
Warm B,340132,2008,2007,1649,977,0,0.0054070307
Warm B,343995,2020,2019,1649,977,0,0.0098254755
Warm B,334473,1974,1973,1649,977,1,0.003724277
Warm B,323092,1916,1915,1649,977,0,0.005283172
Warm B,300966,1786,1785,1649,977,1,0.0013663457
Warm B,295198,1753,1752,1649,977,1,0.0035625012
Warm B,283938,1698,1697,1649,977,0,0.0021034125
Warm B,278759,1680,1679,1649,977,1,0.0048181918
Warm B,274306,1658,1657,1649,977,1,0.014552063
Warm B,258323,1584,1583,1649,977,0,0.0008826511
Warm B,252033,1525,1524,1649,977,1,0.007488221
Warm B,251321,1517,1516,1649,977,0,0.0027510854
Warm B,252417,1530,1529,1649,977,1,-0.00021959917
Warm B,225407,1364,1363,1649,977,1,0.010856433
Warm B,220288,1335,1334,1649,977,1,0.006570759
Warm B,255021,1552,1551,1649,977,1,0.0038269479
Warm B,210657,1285,1284,1649,977,0,0.0034114162
Warm B,208641,1274,1273,1649,977,1,0.002895692
Warm B,307934,1836,1835,1649,977,1,0.003290889
Warm B,205635,1264,1263,1649,977,1,0.00998179
Warm B,239759,1449,1448,1649,977,0,0.010091747
Warm B,203466,1248,1247,1649,977,0,-0.0023733166
Warm B,201394,1242,1241,1649,977,1,-0.0013134005
Warm B,199994,1228,1227,1649,977,0,-0.0036470292
Warm B,245264,1481,1480,1649,977,1,-0.0004954131
Warm B,199308,1224,1223,1649,977,1,0.0074203718
Warm B,293104,1746,1745,1649,977,1,0.0004707378
Warm B,214693,1303,1302,1649,977,1,0.005428451
Warm B,184290,1147,1146,1649,977,1,-0.0019315152
Warm B,180977,1131,1130,1649,977,1,0.005677225
Warm B,190528,1181,1180,1649,977,1,0.014289663
Warm B,165031,1052,1051,1649,977,1,0.007320115
Warm B,166335,1059,1058,1649,977,0,0.011417899
Warm B,169512,1077,1076,1649,977,0,0.00891076
Warm B,212787,1297,1296,1649,977,1,0.009531224
Warm B,147709,952,951,1649,977,1,-0.0059107468
Warm B,267854,1628,1627,1649,977,1,0.008669478
Warm B,184974,1150,1149,1649,977,1,-0.0010754066
Warm B,143260,924,923,1649,977,1,0.004444579
Warm B,148211,955,954,1649,977,0,0.005920342
Warm B,245706,1484,1483,1649,977,0,0.0047213743
Warm B,130289,844,843,1649,977,1,0.008578138
Warm B,129227,839,838,1649,977,1,0.0023535802
Warm B,127938,826,825,1649,977,0,-0.0017440263
Warm B,134975,873,872,1649,977,1,0.0021284325
Warm B,127653,824,823,1649,977,0,0.006330041
Warm B,111268,724,723,1649,977,1,-0.0011465854
Warm B,392839,2307,2306,1649,977,1,0.0077747046
Warm B,223352,1354,1353,1649,977,1,0.008173683
Warm B,97726,655,654,1649,977,0,-0.0020666323
Warm B,89736,591,590,1649,977,1,0.008612665
Warm B,89538,590,589,1649,977,1,0.0028443872
Warm B,88491,585,584,1649,977,1,0.012354871
Warm B,64066,428,427,1649,977,1,-0.0011815594
Warm B,59915,408,407,1649,977,1,0.002740234
Warm B,589587,3596,3595,1649,977,0,0.0027711075
Warm B,44389,302,301,1649,977,0,0.004578272
Warm B,42958,294,293,1649,977,0,0.00044329918
Warm B,42740,293,292,1649,977,1,-0.0043000407
Warm B,41437,281,280,1649,977,0,0.008286804
Warm B,42076,285,284,1649,977,0,0.0054436135
Warm B,98625,660,659,1649,977,0,0.0075862277
Warm B,34676,235,234,1649,977,1,0.0019225617
Warm B,31021,208,207,1649,977,1,0.006209988
Warm B,88729,587,586,1649,977,1,0.0073880847
Warm B,24039,171,170,1649,977,1,0.003175926
Warm B,26351,187,186,1649,977,1,0.0016301884
Warm B,947708,5722,5721,1649,977,1,0.0013015359
Warm B,23058,166,165,1649,977,0,0.008115827
Warm B,152413,981,980,1649,977,1,0.0067230673
Warm B,16634,131,130,1649,977,1,0.0037406525
Warm B,11371,87,86,1649,977,0,0.0067322236
Warm B,234783,1425,1424,1649,977,1,0.010207574
Warm B,363,5,4,1649,977,1,0.00096008414
Warm B,206696,1266,1265,1649,977,0,0.0067360187
Warm B,24299,173,172,1649,977,1,0.004296902
Warm B,522280,3224,3223,1649,977,0,0.010274375
Warm B,157865,1015,1014,1649,977,1,0.008173841
Warm B,159876,1019,1018,1649,977,1,0.0067554726
Warm B,933788,5636,5635,1649,977,1,0.014848817
Warm B,241808,1457,1456,1649,977,1,-0.004848188
Warm B,249784,1505,1504,1649,977,1,0.014773092
Warm B,750602,4478,4477,1649,977,0,0.009095202
Warm B,497114,3054,3053,1649,977,0,0.0009441932
Warm B,556504,3420,3419,1649,977,0,0.0028400728
Warm B,309501,1842,1841,1649,977,1,0.007876523
Warm B,565429,3475,3474,1649,977,0,0.0019949847
Warm B,370907,2168,2167,1649,977,1,0.0058457414
Warm B,216850,1317,1316,1649,977,1,0.0048182537
Warm B,825720,4958,4957,1649,977,1,0.011479679
Warm B,839641,5046,5045,1649,977,1,0.0036289622
Warm B,372597,2176,2175,1649,977,1,0.0064974725
Warm B,329164,1943,1942,1649,977,1,0.0063976864
Warm B,937352,5654,5653,1649,977,1,0.0047396217
Warm B,124183,800,799,1654,979,0,0.011797942
Warm B,112322,731,730,1654,979,1,0.0060128104
Warm B,216376,1314,1313,1654,979,0,0.0035031368
Warm B,107146,705,704,1654,979,0,0.001771117
Warm B,94459,634,633,1654,979,1,0.014207908
Warm B,93743,629,628,1654,979,0,0.010275978
Warm B,92205,614,613,1654,979,1,0.007007735
Warm B,183097,1141,1140,1654,979,0,0.012172121
Warm B,65217,438,437,1654,979,1,0.0067295497
Warm B,38494,262,261,1654,979,1,-0.004297401
Warm B,27107,192,191,1654,979,1,0.0055727856
Warm B,17473,136,135,1654,979,0,0.012486177
Warm B,11171,83,82,1654,979,0,0.0043355487
Warm B,10489,75,74,1654,979,1,0.006477174
Warm B,2199,18,17,1654,979,1,0.0016274536
Warm B,177957,1120,1119,1654,979,1,0.015475721
Warm B,807727,4834,4833,1654,979,0,0.0049119685
Warm B,1139,10,9,1654,979,1,0.0023503597
Warm B,73797,500,499,1654,979,1,0.013004699
Warm B,922668,5571,5570,1654,979,1,0.013189087
Warm B,932656,5630,5629,1654,979,1,0.008556169
Warm B,144789,934,933,1654,979,0,0.006405184
Warm B,829990,4983,4982,1654,979,1,0.006961038
Warm B,115940,752,751,1654,979,0,0.01194072
Warm B,62654,424,423,1654,979,1,0.010528341
Warm B,832001,5001,5000,1654,979,1,0.0068613673
Warm B,439786,2688,2687,1654,979,0,0.008234769
Warm B,125484,808,807,1655,980,0,0.0111093195
Warm B,360547,2106,2105,1655,980,0,0.003135795
Warm B,108647,712,711,1655,980,0,0.0049719648
Warm B,77260,524,523,1655,980,0,0.013074116
Warm B,110635,721,720,1655,980,0,0.008513344
Warm B,41167,278,277,1655,980,1,0.005335656
Warm B,537777,3312,3311,1655,980,0,0.008650095
Warm B,234793,1425,1424,1655,980,0,0.012329549
Warm B,697141,4169,4168,1655,980,0,0.018957276
Warm B,2476,19,18,1655,980,0,-0.0013084272
Warm B,365668,2129,2128,1655,980,0,0.0010857384
Warm B,290012,1733,1732,1655,980,0,0.0099450275
Warm B,28063,195,194,1655,980,0,0.009973076
Warm B,171362,1088,1087,1655,980,0,0.0024659317
Warm B,264963,1611,1610,1655,980,0,0.0028918704
Warm B,474325,2910,2909,1655,980,1,0.010669313
Warm B,497575,3055,3054,1655,980,0,0.0051348647
Warm B,416422,2507,2506,1658,981,1,-0.009884995
Warm B,395072,2334,2333,1658,981,1,0.004533332
Warm B,351496,2063,2062,1658,981,1,-0.0043503
Warm B,375490,2188,2187,1658,981,0,0.0043429118
Warm B,371569,2172,2171,1658,981,0,-0.00016993657
Warm B,352623,2064,2063,1658,981,0,0.0015913765
Warm B,274308,1658,1657,1658,981,1,0.0039979643
Warm B,245104,1477,1476,1658,981,0,0.0030083116
Warm B,201398,1242,1241,1658,981,1,0.00122248
Warm B,184986,1150,1149,1658,981,0,2.0830543e-05
Warm B,307256,1835,1834,1658,981,1,-0.0003554644
Warm B,145258,935,934,1658,981,0,-0.0064135683
Warm B,156613,1010,1009,1658,981,0,-0.0041242894
Warm B,137910,889,888,1658,981,0,-0.0034775059
Warm B,126489,817,816,1658,981,0,-0.0007908896
Warm B,223364,1354,1353,1658,981,1,-0.00095863524
Warm B,124434,801,800,1658,981,0,-0.010434448
Warm B,105905,699,698,1658,981,0,-0.0042681447
Warm B,176768,1117,1116,1658,981,1,-0.0026282896
Warm B,110636,721,720,1658,981,0,0.0025173903
Warm B,631397,3821,3820,1658,981,0,0.00028964208
Warm B,107749,710,709,1658,981,0,0.0022779542
Warm B,283945,1698,1697,1658,981,1,-0.0031307477
Warm B,90570,601,600,1658,981,0,0.0040354803
Warm B,99529,664,663,1658,981,0,-0.00086152856
Warm B,360548,2106,2105,1658,981,1,0.0010107111
Warm B,82836,549,548,1658,981,0,-0.00472976
Warm B,86512,566,565,1658,981,0,-0.008682149
Warm B,68159,457,456,1658,981,0,0.0032800327
Warm B,697144,4169,4168,1658,981,0,-0.002706714
Warm B,290014,1733,1732,1658,981,0,-0.0043963073
Warm B,219068,1329,1328,1658,981,0,-0.011387705
Warm B,7644,53,52,1658,981,1,-0.0032720454
Warm B,5701,41,40,1658,981,1,-0.0030133799
Warm B,104172,692,691,1658,981,1,0.0017093831
Warm B,20719,151,150,1658,981,0,0.001129804
Warm B,157883,1015,1014,1658,981,0,-0.0013943234
Warm B,286595,1712,1711,1658,981,0,0.007255233
Warm B,150447,970,969,1658,981,0,-0.011042297
Warm B,844253,5074,5073,1658,981,0,-0.003836717
Warm B,241023,1451,1450,1658,981,0,-0.0060572787
Warm B,785829,4697,4696,1658,981,1,-0.006197983
Warm B,570954,3503,3502,1658,981,1,-0.0048934193
Warm B,511788,3158,3157,1658,981,1,-0.0014101416
Warm B,222553,1347,1346,1658,981,1,0.0032938027
Warm B,237685,1447,1446,1658,981,1,0.0019429941
Warm B,993683,6001,6000,1658,981,0,-0.0039139735
Warm B,893241,5394,5393,1658,981,0,-0.008027456
Warm B,62659,424,423,1658,981,0,-0.0035490314
Warm B,304713,1812,1811,1658,981,1,0.0021236353
Warm B,257485,1579,1578,1658,981,0,0.0025315986
Warm B,375861,2190,2189,1658,981,1,0.0050428864
Warm B,234794,1425,1424,1658,981,0,-0.0066623744
Warm B,295564,1755,1754,1658,981,0,0.0027161287
Warm B,171363,1088,1087,1658,981,0,0.004367647
Warm B,549843,3391,3390,1658,981,0,-0.005953799
Warm B,535823,3308,3307,1660,982,0,0.00031106547
Warm B,533102,3292,3291,1660,982,1,0.003545558
Warm B,529505,3272,3271,1660,982,1,0.0069147036
Warm B,584603,3569,3568,1660,982,1,0.0030804062
Warm B,831108,4995,4994,1660,982,1,0.0016889807
Warm B,522302,3224,3223,1660,982,0,0.0074112173
Warm B,510197,3143,3142,1660,982,0,-0.002127116
Warm B,687984,4116,4115,1660,982,1,0.0052232593
Warm B,508977,3131,3130,1660,982,1,-0.0034047836
Warm B,500196,3072,3071,1660,982,1,0.0015785005
Warm B,502829,3087,3086,1660,982,1,0.0029233785
Warm B,713704,4277,4276,1660,982,1,0.008462503
Warm B,574631,3518,3517,1660,982,1,0.006685424
Warm B,494954,3036,3035,1660,982,1,0.004094598
Warm B,477922,2934,2933,1660,982,0,0.0066331914
Warm B,567309,3483,3482,1660,982,1,0.0018902086
Warm B,469859,2895,2894,1660,982,1,0.00029640517
Warm B,463104,2857,2856,1660,982,0,0.005467407
Warm B,458866,2825,2824,1660,982,0,-0.0013679541
Warm B,440927,2700,2699,1660,982,1,0.004080684
Warm B,431356,2628,2627,1660,982,0,0.000935187
Warm B,419658,2537,2536,1660,982,0,0.00024611456
Warm B,408050,2453,2452,1660,982,0,0.002203421
Warm B,398972,2376,2375,1660,982,0,-0.0035044486
Warm B,383116,2238,2237,1660,982,1,0.0023586473
Warm B,381249,2230,2229,1660,982,0,0.0016266992
Warm B,377716,2205,2204,1660,982,1,0.0054575475
Warm B,372238,2174,2173,1660,982,0,0.004992694
Warm B,364619,2124,2123,1660,982,1,0.010436049
Warm B,350665,2059,2058,1660,982,1,0.0024523786
Warm B,353969,2073,2072,1660,982,1,0.0019156395
Warm B,334951,1976,1975,1660,982,0,-0.00014620554
Warm B,332971,1963,1962,1660,982,1,0.0020698938
Warm B,335592,1980,1979,1660,982,1,0.007979192
Warm B,333283,1968,1967,1660,982,0,0.0049741142
Warm B,309510,1842,1841,1660,982,1,0.0015485804
Warm B,280748,1685,1684,1660,982,0,0.0022164148
Warm B,267507,1626,1625,1660,982,0,-0.0032660384
Warm B,265596,1613,1612,1660,982,1,0.003165228
Warm B,283117,1696,1695,1660,982,0,0.005406699
Warm B,325264,1926,1925,1660,982,1,-0.0014959403
Warm B,319200,1897,1896,1660,982,1,0.0035748146
Warm B,209365,1279,1278,1660,982,0,-0.00572057
Warm B,272715,1647,1646,1660,982,0,0.0043312884
Warm B,203979,1255,1254,1660,982,1,-0.002906254
Warm B,307941,1836,1835,1660,982,1,0.009976665
Warm B,210023,1284,1283,1660,982,0,0.00011868836
Warm B,191781,1182,1181,1660,982,0,0.0007526863
Warm B,373887,2181,2180,1660,982,0,0.0061748913
Warm B,188074,1167,1166,1660,982,0,0.0017024579
Warm B,184999,1150,1149,1660,982,0,0.00066105183
Warm B,201401,1242,1241,1660,982,0,-0.005769171
Warm B,263084,1605,1604,1660,982,1,0.0036995935
Warm B,166934,1062,1061,1660,982,1,0.0034479916
Warm B,327750,1941,1940,1660,982,0,-0.006367789
Warm B,258328,1584,1583,1660,982,0,0.0004136148
Warm B,156623,1010,1009,1660,982,0,0.0026113207
Warm B,148677,957,956,1660,982,1,0.00013464759
Warm B,270782,1639,1638,1660,982,1,-0.0028916607
Warm B,195282,1203,1202,1660,982,0,0.0010725292
Warm B,216862,1317,1316,1660,982,1,-0.0016560103
Warm B,199317,1224,1223,1660,982,0,0.0046612425
Warm B,311890,1860,1859,1660,982,0,-0.0007849913
Warm B,136349,881,880,1660,982,0,0.0025163307
Warm B,199999,1228,1227,1660,982,1,0.006013994
Warm B,131778,854,853,1660,982,0,-0.0019169864
Warm B,121461,781,780,1660,982,0,0.0037039346
Warm B,234802,1425,1424,1660,982,1,0.0023675228
Warm B,115952,752,751,1660,982,1,0.0030192956
Warm B,127237,822,821,1660,982,1,0.00848841
Warm B,111831,728,727,1660,982,0,-0.0075471373
Warm B,107280,706,705,1660,982,0,-0.0012445245
Warm B,98637,660,659,1660,982,1,0.0062513035
Warm B,94558,635,634,1660,982,1,0.006509105
Warm B,93505,625,624,1660,982,1,0.009265376
Warm B,697151,4169,4168,1660,982,1,0.0038752798
Warm B,89972,593,592,1660,982,1,-0.006850429
Warm B,432072,2634,2633,1660,982,0,0.0045667
Warm B,85527,558,557,1660,982,1,0.001590228
Warm B,198130,1218,1217,1660,982,1,0.0010420975
Warm B,77269,524,523,1660,982,1,-0.004390327
Warm B,83952,550,549,1660,982,1,0.005647178
Warm B,73623,499,498,1660,982,1,-0.0011695947
Warm B,71376,480,479,1660,982,1,-0.0016235765
Warm B,60125,409,408,1660,982,0,0.0011429846
Warm B,50470,332,331,1660,982,1,0.0027588536
Warm B,317550,1889,1888,1660,982,0,0.004169589
Warm B,37872,259,258,1660,982,1,0.001228175
Warm B,228075,1383,1382,1660,982,1,-0.0019168113
Warm B,91929,611,610,1660,982,1,0.0039001273
Warm B,26377,187,186,1660,982,1,0.0073170383
Warm B,16959,133,132,1660,982,1,-0.0019681563
Warm B,7655,53,52,1660,982,1,-0.0023711084
Warm B,3934,28,27,1660,982,1,0.0026814935
Warm B,666,8,7,1660,982,0,-0.0028916914
Warm B,223375,1354,1353,1660,982,1,0.0023666224
Warm B,357305,2092,2091,1660,982,1,0.0031920627
Warm B,104176,692,691,1660,982,1,0.0012763864
Warm B,206712,1266,1265,1660,982,0,0.0017696433
Warm B,79196,531,530,1660,982,0,0.002020706
Warm B,233951,1422,1421,1660,982,0,0.0048014256
Warm B,157900,1015,1014,1660,982,1,0.0016141259
Warm B,609015,3693,3692,1660,982,1,0.0014577359
Warm B,181896,1137,1136,1660,982,0,0.006342898
Warm B,222555,1347,1346,1660,982,0,-0.0067371847
Warm B,50086,331,330,1660,982,1,0.004878536
Warm B,257493,1579,1578,1660,982,0,-0.002348356
Warm B,241027,1451,1450,1660,982,1,0.0017045396
Warm B,169889,1079,1078,1660,982,0,-0.0064768465
Warm B,484880,2986,2985,1660,982,1,-0.0038106593
Warm B,246822,1491,1490,1660,982,0,-0.00079338555
Warm B,992946,5998,5997,1660,982,0,-0.0025676093
Warm B,947960,5723,5722,1660,982,0,-0.0044858535
Warm B,204466,1260,1259,1660,982,1,0.008218782
Warm B,254600,1547,1546,1660,982,1,0.003950761
Warm B,832002,5001,5000,1660,982,0,-0.0006735771
Warm B,497126,3054,3053,1660,982,1,-0.005958387
Warm B,171376,1088,1087,1660,982,0,0.0044436357
Warm B,261141,1597,1596,1660,982,1,-0.0031007575
Warm B,293637,1748,1747,1661,983,0,0.0023096711
Warm B,264817,1610,1609,1661,983,0,-2.4638139e-05
Warm B,391993,2304,2303,1661,983,1,0.0046383906
Warm B,250327,1509,1508,1661,983,1,-0.0002603652
Warm B,210024,1284,1283,1661,983,1,0.010625921
Warm B,278798,1680,1679,1661,983,0,0.009049836
Warm B,183900,1146,1145,1661,983,0,0.014997342
Warm B,190561,1181,1180,1661,983,0,0.008653784
Warm B,263085,1605,1604,1661,983,0,0.005668045
Warm B,105909,699,698,1661,983,0,-0.0019707999
Warm B,176776,1117,1116,1661,983,0,0.005048055
Warm B,110645,721,720,1661,983,0,-0.007573783
Warm B,940150,5675,5674,1661,983,0,-0.0019264718
Warm B,72899,493,492,1661,983,1,0.0099651795
Warm B,67352,453,452,1661,983,0,-0.00803332
Warm B,55575,368,367,1661,983,1,0.00039340847
Warm B,40343,272,271,1661,983,1,0.0042945603
Warm B,13535,107,106,1661,983,0,0.0059737405
Warm B,15548,123,122,1661,983,1,0.0002274476
Warm B,50088,331,330,1661,983,0,0.0030297097
Warm B,150454,970,969,1661,983,0,0.0013700081
Warm B,571933,3507,3506,1661,983,0,0.009942815
Warm B,198363,1219,1218,1661,983,0,0.013629232
Warm B,317552,1889,1888,1661,983,0,0.01987986
Warm B,599092,3648,3647,1661,983,0,0.0050258795
Warm B,179468,1125,1124,1661,983,0,-0.0007992955
Warm B,327752,1941,1940,1661,983,0,0.0010503777
Warm B,331390,1958,1957,1661,983,0,0.0055431714
Warm B,424466,2575,2574,1667,985,1,0.007916914
Warm B,391999,2304,2303,1667,985,0,0.0056890678
Warm B,389897,2288,2287,1667,985,0,0.0102098975
Warm B,386792,2262,2261,1667,985,1,0.005548541
Warm B,381250,2230,2229,1667,985,1,0.0060782908
Warm B,362798,2116,2115,1667,985,1,0.0047765397
Warm B,351518,2063,2062,1667,985,0,0.005473381
Warm B,311649,1857,1856,1667,985,0,-0.0011719866
Warm B,321626,1908,1907,1667,985,0,0.006512218
Warm B,281775,1690,1689,1667,985,0,0.008966738
Warm B,288794,1726,1725,1667,985,0,0.0030895486
Warm B,278808,1680,1679,1667,985,0,0.011788352
Warm B,264534,1609,1608,1667,985,0,0.013613319
Warm B,243490,1468,1467,1667,985,0,-0.002751371
Warm B,243183,1466,1465,1667,985,0,0.004451376
Warm B,232108,1408,1407,1667,985,0,0.012816336
Warm B,270785,1639,1638,1667,985,0,0.0062447945
Warm B,213854,1299,1298,1667,985,0,0.0053853807
Warm B,360565,2106,2105,1667,985,0,0.0061487365
Warm B,193133,1193,1192,1667,985,0,0.0073294914
Warm B,187376,1163,1162,1667,985,0,-0.0055877045
Warm B,331395,1958,1957,1667,985,0,0.012831505
Warm B,168283,1069,1068,1667,985,0,0.0016134465
Warm B,165157,1053,1052,1667,985,0,0.0019428381
Warm B,344391,2021,2020,1667,985,0,0.006122226
Warm B,154762,999,998,1667,985,0,0.0036208201
Warm B,249177,1502,1501,1667,985,1,0.0006962267
Warm B,325757,1928,1927,1667,985,0,0.0074581536
Warm B,156630,1010,1009,1667,985,0,0.011489985
Warm B,136353,881,880,1667,985,0,-0.001958704
Warm B,133717,865,864,1667,985,1,0.0032382011
Warm B,202362,1244,1243,1667,985,0,0.0066190776
Warm B,779041,4653,4652,1667,985,0,0.010817134
Warm B,107762,710,709,1667,985,0,0.01170102
Warm B,121697,783,782,1667,985,0,-0.0047727446
Warm B,332532,1962,1961,1667,985,0,0.010702419
Warm B,238691,1448,1447,1667,985,0,0.008481348
Warm B,70095,474,473,1667,985,0,0.00015152898
Warm B,47419,319,318,1667,985,0,0.010724139
Warm B,110650,721,720,1667,985,0,0.008575283
Warm B,697160,4169,4168,1667,985,0,0.010329932
Warm B,145263,935,934,1667,985,0,0.011153173
Warm B,626577,3792,3791,1667,985,1,0.0125138415
Warm B,31206,210,209,1667,985,1,0.00701012
Warm B,18980,147,146,1667,985,0,-0.0015559536
Warm B,457738,2820,2819,1667,985,0,0.010430625
Warm B,354755,2077,2076,1667,985,0,0.005401714
Warm B,237701,1447,1446,1667,985,1,0.0053614997
Warm B,571940,3507,3506,1667,985,0,0.0116779655
Warm B,304723,1812,1811,1667,985,1,0.011430926
Warm B,599097,3648,3647,1667,985,0,0.00036978384
Warm B,257497,1579,1578,1667,985,0,0.007868794
Warm B,718828,4305,4304,1667,985,1,0.00013253
Warm B,157923,1015,1014,1670,986,0,0.0034028732
Warm B,246226,1489,1488,1670,986,0,0.00066371285
Warm B,137946,889,888,1670,986,0,0.008339871
Warm B,136368,881,880,1670,986,0,0.0101899365
Warm B,115976,752,751,1670,986,1,0.0052452837
Warm B,779045,4653,4652,1670,986,0,0.0060906643
Warm B,105921,699,698,1670,986,0,0.00065661
Warm B,697169,4169,4168,1670,986,0,0.010422388
Warm B,77293,524,523,1670,986,0,0.0039853817
Warm B,317568,1889,1888,1670,986,1,0.005862931
Warm B,44982,303,302,1670,986,1,7.5083226e-05
Warm B,16967,133,132,1670,986,1,0.006983066
Warm B,235505,1426,1425,1670,986,1,0.009038466
Warm B,490191,3017,3016,1670,986,1,0.0044275383
Warm B,254305,1546,1545,1670,986,1,0.0023024895
Warm B,187531,1164,1163,1670,986,0,0.003507231
Warm B,497133,3054,3053,1670,986,1,-0.00052790355
Warm B,570966,3503,3502,1670,986,1,0.00315237
Warm B,795586,4765,4764,1670,986,1,0.009329034
Warm B,362272,2111,2110,1670,986,1,-0.0036605988
Warm B,778162,4647,4646,1670,986,1,0.0093708765
Warm B,223030,1352,1351,1670,986,0,0.0061173136
Warm B,460228,2840,2839,1681,993,0,0.0107947495
Warm B,492583,3029,3028,1681,993,0,0.009126982
Warm B,435758,2664,2663,1681,993,0,0.011423959
Warm B,417082,2508,2507,1681,993,0,0.0062285075
Warm B,408079,2453,2452,1681,993,0,0.020539572
Warm B,406904,2445,2444,1681,993,0,0.008788895
Warm B,383618,2242,2241,1681,993,0,0.00924669
Warm B,376329,2195,2194,1681,993,1,0.011805469
Warm B,375042,2186,2185,1681,993,1,0.0028780831
Warm B,369628,2163,2162,1681,993,0,0.005342398
Warm B,368744,2156,2155,1681,993,0,0.023033656
Warm B,349802,2054,2053,1681,993,0,0.020571105
Warm B,361483,2109,2108,1681,993,0,0.015468063
Warm B,351559,2063,2062,1681,993,0,0.008200115
Warm B,340506,2010,2009,1681,993,0,0.012963028
Warm B,341470,2012,2011,1681,993,0,0.016644377
Warm B,336925,1983,1982,1681,993,0,0.016478373
Warm B,298652,1773,1772,1681,993,0,0.002709589
Warm B,297372,1764,1763,1681,993,0,0.012593655
Warm B,288809,1726,1725,1681,993,0,0.012825202
Warm B,265625,1613,1612,1681,993,0,0.01457624
Warm B,247574,1496,1495,1681,993,0,0.0074750604
Warm B,342295,2015,2014,1681,993,1,0.019574307
Warm B,236197,1433,1432,1681,993,0,0.00934675
Warm B,228690,1384,1383,1681,993,0,0.012854869
Warm B,337414,1984,1983,1681,993,0,-0.0030427899
Warm B,233007,1418,1417,1681,993,0,0.012811771
Warm B,227024,1377,1376,1681,993,0,0.0043653343
Warm B,224072,1356,1355,1681,993,0,0.004805892
Warm B,278857,1680,1679,1681,993,0,0.0036146836
Warm B,277502,1676,1675,1681,993,0,0.0076349913
Warm B,190622,1181,1180,1681,993,0,0.028182592
Warm B,186332,1152,1151,1681,993,0,0.014792082
Warm B,248710,1501,1500,1681,993,0,0.01468892
Warm B,175398,1112,1111,1681,993,0,0.015505075
Warm B,229200,1389,1388,1681,993,0,0.00080322404
Warm B,227562,1380,1379,1681,993,1,0.012730121
Warm B,154780,999,998,1681,993,0,0.011897547
Warm B,323391,1917,1916,1681,993,0,0.0031801732
Warm B,139143,890,889,1681,993,0,0.0050578117
Warm B,276836,1675,1674,1681,993,0,0.013962359
Warm B,135500,877,876,1681,993,0,0.018509317
Warm B,121838,785,784,1681,993,1,0.010695405
Warm B,121038,780,779,1681,993,0,0.014954419
Warm B,299503,1778,1777,1681,993,0,0.011730245
Warm B,96358,647,646,1681,993,0,0.0051798406
Warm B,329197,1943,1942,1681,993,0,0.009426461
Warm B,202979,1246,1245,1681,993,0,0.02203767
Warm B,75245,510,509,1681,993,0,0.0054721413
Warm B,70697,476,475,1681,993,0,0.008490138
Warm B,74672,509,508,1681,993,0,0.008420966
Warm B,53715,352,351,1681,993,0,0.007223938
Warm B,51147,337,336,1681,993,0,0.017353222
Warm B,44473,302,301,1681,993,0,0.011416111
Warm B,41783,284,283,1681,993,0,0.008725161
Warm B,38027,260,259,1681,993,0,-0.002054231
Warm B,537797,3312,3311,1681,993,0,0.010073764
Warm B,626598,3792,3791,1681,993,0,0.0055452734
Warm B,291233,1737,1736,1681,993,0,0.005464946
Warm B,234827,1425,1424,1681,993,0,0.009765346
Warm B,22495,163,162,1681,993,0,0.014524546
Warm B,14481,117,116,1681,993,0,0.008911371
Warm B,12302,93,92,1681,993,0,0.009457901
Warm B,362418,2114,2113,1681,993,0,0.009056224
Warm B,54474,355,354,1681,993,0,0.009923255
Warm B,49390,329,328,1681,993,0,0.013249245
Warm B,790697,4728,4727,1681,993,0,0.018524315
Warm B,102068,678,677,1681,993,0,0.017411426
Warm B,633057,3824,3823,1681,993,0,0.016641673
Warm B,39984,271,270,1681,993,0,0.0071918946
Warm B,599119,3648,3647,1681,993,0,0.0040027006
Warm B,272750,1647,1646,1681,993,0,0.012264358
Warm B,331423,1958,1957,1681,993,0,0.017010946
Warm B,461436,2847,2846,1681,993,0,0.013338765
Warm B,392024,2304,2303,1686,996,0,0.0023535772
Warm B,387689,2266,2265,1686,996,1,-0.0010326088
Warm B,382783,2237,2236,1686,996,1,-0.00026687188
Warm B,373155,2179,2178,1686,996,0,0.0028660274
Warm B,362827,2116,2115,1686,996,1,0.0043144217
Warm B,358421,2098,2097,1686,996,0,0.00090006157
Warm B,340509,2010,2009,1686,996,0,0.00940289
Warm B,295978,1757,1756,1686,996,1,-0.0027621405
Warm B,302058,1794,1793,1686,996,0,-0.004051646
Warm B,299507,1778,1777,1686,996,1,-0.001271356
Warm B,213348,1298,1297,1686,996,1,-0.0012621649
Warm B,210047,1284,1283,1686,996,0,0.0036581582
Warm B,327796,1941,1940,1686,996,1,0.0062034857
Warm B,321632,1908,1907,1686,996,1,0.0029760555
Warm B,307297,1835,1834,1686,996,0,0.006254508
Warm B,196382,1207,1206,1686,996,0,0.008061719
Warm B,275446,1667,1666,1686,996,1,0.005839619
Warm B,360594,2106,2105,1686,996,0,0.003577993
Warm B,117412,757,756,1686,996,1,-0.0016622827
Warm B,116006,752,751,1686,996,0,0.0061563617
Warm B,179490,1125,1124,1686,996,0,0.0057354756
Warm B,109217,714,713,1686,996,1,-0.001935299
Warm B,110670,721,720,1686,996,0,0.00329503
Warm B,480034,2946,2945,1686,996,0,-0.0027884203
Warm B,887105,5359,5358,1686,996,1,0.002434792
Warm B,82894,549,548,1686,996,1,0.0010831875
Warm B,204483,1260,1259,1686,996,0,0.0053487183
Warm B,59128,402,401,1686,996,0,0.0008474118
Warm B,239834,1449,1448,1686,996,0,-0.0048662685
Warm B,53718,352,351,1686,996,0,0.00055972114
Warm B,47450,319,318,1686,996,0,-0.0014887513
Warm B,638980,3842,3841,1686,996,1,0.0043822667
Warm B,42774,293,292,1686,996,0,0.0041277944
Warm B,98664,660,659,1686,996,0,0.004201507
Warm B,33475,225,224,1686,996,0,0.012539392
Warm B,7693,53,52,1686,996,1,-0.002307383
Warm B,219092,1329,1328,1686,996,0,0.002279444
Warm B,254314,1546,1545,1686,996,1,0.0044498974
Warm B,626601,3792,3791,1686,996,1,-0.003645766
Warm B,150479,970,969,1686,996,0,-0.0066338656
Warm B,65240,438,437,1686,996,0,0.0036743795
Warm B,567335,3483,3482,1686,996,1,-0.0033555406
Warm B,169895,1079,1078,1686,996,0,-0.0035146924
Warm B,476276,2926,2925,1686,996,0,0.0042405054
Warm B,331427,1958,1957,1686,996,0,-0.0017493982
Warm B,688323,4117,4116,1686,996,1,-0.0006653615
Warm B,272752,1647,1646,1686,996,1,-0.0042272946
Warm B,171408,1088,1087,1686,996,0,-0.00032775803
Warm B,62131,419,418,1686,996,0,-0.0010872658
Warm B,570979,3503,3502,1699,1003,1,0.022671038
Warm B,502680,3086,3085,1699,1003,0,0.0078292005
Warm B,799417,4790,4789,1699,1003,1,0.01768531
Warm B,491167,3020,3019,1699,1003,1,0.00519101
Warm B,496854,3053,3052,1699,1003,0,0.014980431
Warm B,497147,3054,3053,1699,1003,1,0.0051005287
Warm B,482620,2967,2966,1699,1003,0,0.01496899
Warm B,477106,2929,2928,1699,1003,1,0.0019274177
Warm B,852840,5113,5112,1699,1003,0,0.012193946
Warm B,466705,2878,2877,1699,1003,1,0.010078525
Warm B,443750,2737,2736,1699,1003,0,0.017157514
Warm B,430971,2627,2626,1699,1003,1,0.0195235
Warm B,429079,2611,2610,1699,1003,0,0.017740717
Warm B,420877,2544,2543,1699,1003,1,0.008422241
Warm B,409138,2456,2455,1699,1003,0,0.01843735
Warm B,386569,2261,2260,1699,1003,0,0.0102426205
Warm B,384449,2246,2245,1699,1003,0,0.011544261
Warm B,381958,2232,2231,1699,1003,0,0.014542615
Warm B,379158,2215,2214,1699,1003,1,0.015587449
Warm B,379697,2221,2220,1699,1003,1,0.014451956
Warm B,364656,2124,2123,1699,1003,1,0.0064489315
Warm B,359976,2105,2104,1699,1003,0,0.01885156
Warm B,348904,2047,2046,1699,1003,1,0.017236322
Warm B,337419,1984,1983,1699,1003,1,-0.0006459985
Warm B,334164,1970,1969,1699,1003,0,-0.003311982
Warm B,329962,1947,1946,1699,1003,0,0.0081327995
Warm B,326380,1932,1931,1699,1003,0,0.015781663
Warm B,292200,1741,1740,1699,1003,1,0.008463608
Warm B,267522,1626,1625,1699,1003,1,0.008654378
Warm B,255042,1552,1551,1699,1003,1,0.01929142
Warm B,251526,1521,1520,1699,1003,1,0.0068054604
Warm B,233357,1420,1419,1699,1003,1,0.012635909
Warm B,226662,1374,1373,1699,1003,0,0.0085241385
Warm B,284002,1698,1697,1699,1003,1,0.02437282
Warm B,210740,1285,1284,1699,1003,0,0.016903758
Warm B,200502,1231,1230,1699,1003,0,0.007017507
Warm B,308488,1837,1836,1699,1003,0,0.016566308
Warm B,278889,1680,1679,1699,1003,0,0.015242005
Warm B,196865,1208,1207,1699,1003,1,0.0025681048
Warm B,294214,1749,1748,1699,1003,0,0.021749023
Warm B,226820,1376,1375,1699,1003,1,0.008029418
Warm B,184309,1147,1146,1699,1003,1,0.007193074
Warm B,185062,1150,1149,1699,1003,1,0.021896206
Warm B,307306,1835,1834,1699,1003,1,0.018210184
Warm B,181421,1134,1133,1699,1003,1,0.008298061
Warm B,181254,1133,1132,1699,1003,0,0.00924602
Warm B,169370,1075,1074,1699,1003,1,0.011694284
Warm B,168327,1069,1068,1699,1003,1,-0.00025904353
Warm B,166374,1059,1058,1699,1003,0,0.010653796
Warm B,167501,1067,1066,1699,1003,1,0.0042867176
Warm B,270400,1636,1635,1699,1003,0,0.016631166
Warm B,169527,1077,1076,1699,1003,1,0.020052018
Warm B,159929,1019,1018,1699,1003,0,0.017486371
Warm B,150029,966,965,1699,1003,0,0.007933758
Warm B,148692,957,956,1699,1003,1,0.016568381
Warm B,267890,1628,1627,1699,1003,0,0.015409058
Warm B,143834,928,927,1699,1003,0,0.013431119
Warm B,138005,889,888,1699,1003,1,0.021490358
Warm B,136400,881,880,1699,1003,0,0.014029544
Warm B,117892,760,759,1699,1003,1,0.014871711
Warm B,123087,795,794,1699,1003,0,0.013718246
Warm B,107295,706,705,1699,1003,1,0.0149845285
Warm B,89552,590,589,1699,1003,1,0.012272607
Warm B,88437,584,583,1699,1003,0,0.0039313044
Warm B,78905,530,529,1699,1003,1,0.0014309996
Warm B,77330,524,523,1699,1003,1,0.022824652
Warm B,74313,507,506,1699,1003,1,0.004688116
Warm B,47958,321,320,1699,1003,1,0.00023374404
Warm B,41453,281,280,1699,1003,1,0.015756821
Warm B,111413,725,724,1699,1003,1,0.0062084664
Warm B,33495,225,224,1699,1003,0,0.016483651
Warm B,199823,1227,1226,1699,1003,1,0.014111985
Warm B,21999,161,160,1699,1003,1,0.006976532
Warm B,451715,2781,2780,1699,1003,1,0.0050903093
Warm B,18306,142,141,1699,1003,0,0.018712096
Warm B,17498,136,135,1699,1003,1,0.017295301
Warm B,9949,69,68,1699,1003,0,0.008089641
Warm B,223417,1354,1353,1699,1003,1,0.012786114
Warm B,4305,33,32,1699,1003,0,0.008970301
Warm B,129285,839,838,1699,1003,1,0.013123924
Warm B,893264,5394,5393,1699,1003,1,0.016811265
Warm B,460601,2841,2840,1699,1003,1,0.009608933
Warm B,157963,1015,1014,1699,1003,1,0.020978734
Warm B,750617,4478,4477,1699,1003,0,0.027229546
Warm B,553822,3410,3409,1699,1003,0,0.01633215
Warm B,304763,1812,1811,1699,1003,0,0.017230561
Warm B,565465,3475,3474,1699,1003,0,0.002537903
Warm B,24356,173,172,1699,1003,0,0.0085196495
Warm B,772886,4607,4606,1699,1003,1,0.021185625
Warm B,176810,1117,1116,1699,1003,0,0.014049573
Warm B,164392,1051,1050,1699,1003,0,0.019431546
Warm B,484917,2986,2985,1699,1003,0,0.017366944
Warm B,212024,1291,1290,1699,1003,1,0.017980415
Warm B,796280,4771,4770,1699,1003,0,0.014884243
Warm B,937366,5654,5653,1699,1003,1,0.021344308
Warm B,60601,411,410,1703,1006,0,0.002753461
Warm B,331717,1958,1957,1703,1006,0,0.016368357
Warm B,658434,3967,3966,1707,1008,0,0.013683911
Warm B,575430,3519,3518,1707,1008,0,0.0210691
Warm B,554527,3411,3410,1707,1008,0,0.007465308
Warm B,541058,3328,3327,1707,1008,0,0.010900781
Warm B,537269,3311,3310,1707,1008,0,0.011546981
Warm B,536098,3308,3307,1707,1008,0,0.017315198
Warm B,539965,3320,3319,1707,1008,0,0.011421766
Warm B,520082,3208,3207,1707,1008,0,0.013091533
Warm B,514970,3180,3179,1707,1008,0,0.019076362
Warm B,494273,3032,3031,1707,1008,1,0.018029153
Warm B,488713,3007,3006,1707,1008,0,0.010460849
Warm B,487590,2999,2998,1707,1008,1,0.0039590406
Warm B,476105,2923,2922,1707,1008,0,0.014501993
Warm B,472686,2907,2906,1707,1008,0,0.018895684
Warm B,470444,2896,2895,1707,1008,0,0.01401924
Warm B,456512,2810,2809,1707,1008,0,0.01217014
Warm B,448954,2767,2766,1707,1008,0,-0.0004022622
Warm B,441705,2712,2711,1707,1008,0,0.008585557
Warm B,453277,2792,2791,1707,1008,0,-6.0225837e-05
Warm B,423479,2566,2565,1707,1008,0,0.0041451547
Warm B,420506,2541,2540,1707,1008,1,0.008096842
Warm B,405632,2430,2429,1707,1008,0,-0.003069465
Warm B,399545,2378,2377,1707,1008,0,0.009052464
Warm B,398540,2371,2370,1707,1008,1,0.004089618
Warm B,393556,2316,2315,1707,1008,0,0.012552649
Warm B,392303,2304,2303,1707,1008,1,0.013261525
Warm B,390062,2288,2287,1707,1008,0,0.014959828
Warm B,370527,2166,2165,1707,1008,0,0.013473468
Warm B,365237,2125,2124,1707,1008,1,-0.007900827
Warm B,356000,2085,2084,1707,1008,0,0.007919461
Warm B,361738,2109,2108,1707,1008,0,0.012069986
Warm B,340739,2010,2009,1707,1008,0,0.015977684
Warm B,341667,2012,2011,1707,1008,0,0.017183457
Warm B,343687,2018,2017,1707,1008,0,0.0072717136
Warm B,297582,1764,1763,1707,1008,0,0.017677596
Warm B,264662,1609,1608,1707,1008,0,0.017168827
Warm B,360899,2106,2105,1707,1008,0,0.016796324
Warm B,228360,1383,1382,1707,1008,0,0.0087001
Warm B,224226,1356,1355,1707,1008,0,0.011353868
Warm B,227209,1377,1376,1707,1008,0,0.02266956
Warm B,212977,1297,1296,1707,1008,0,0.008556338
Warm B,213543,1298,1297,1707,1008,0,0.010103004
Warm B,199750,1225,1224,1707,1008,0,0.0106555205
Warm B,279481,1680,1679,1707,1008,0,0.015917452
Warm B,248415,1499,1498,1707,1008,1,0.0103239985
Warm B,328312,1941,1940,1707,1008,0,0.008251049
Warm B,173727,1100,1099,1707,1008,0,0.018323855
Warm B,227656,1380,1379,1707,1008,0,0.011378431
Warm B,342590,2015,2014,1707,1008,0,0.021793535
Warm B,155942,1004,1003,1707,1008,0,0.015193248
Warm B,165488,1054,1053,1707,1008,1,0.0067997295
Warm B,156998,1010,1009,1707,1008,0,0.0167496
Warm B,136692,881,880,1707,1008,0,0.005989632
Warm B,248894,1501,1500,1707,1008,0,0.013164548
Warm B,121202,780,779,1707,1008,0,0.017294182
Warm B,216452,1314,1313,1707,1008,0,0.0034775045
Warm B,106153,699,698,1707,1008,0,0.027642662
Warm B,109344,714,713,1707,1008,0,0.007607005
Warm B,93832,629,628,1707,1008,1,0.013838427
Warm B,83262,549,548,1707,1008,0,0.016881961
Warm B,84297,550,549,1707,1008,0,0.00703733
Warm B,299691,1778,1777,1707,1008,0,0.017129343
Warm B,73133,494,493,1707,1008,1,0.011337952
Warm B,70832,476,475,1707,1008,0,0.0117596835
Warm B,68776,461,460,1707,1008,0,0.022850735
Warm B,87092,569,568,1707,1008,1,0.004130009
Warm B,65435,438,437,1707,1008,0,0.012515888
Warm B,58314,393,392,1707,1008,0,0.0034564189
Warm B,74929,509,508,1707,1008,0,0.026532577
Warm B,240226,1449,1448,1707,1008,0,0.025742091
Warm B,46416,310,309,1707,1008,0,0.013709743
Warm B,44352,302,301,1707,1008,0,0.0077314917
Warm B,41718,284,283,1707,1008,0,0.0062888917
Warm B,31492,214,213,1707,1008,0,0.0133785205
Warm B,291497,1737,1736,1707,1008,0,0.006975182
Warm B,300425,1780,1779,1707,1008,0,0.014613608
Warm B,15012,119,118,1707,1008,1,0.0014958857
Warm B,10481,75,74,1707,1008,1,0.007978043
Warm B,49276,329,328,1707,1008,0,0.019972024
Warm B,9539,63,62,1707,1008,0,0.0013249572
Warm B,19296,148,147,1707,1008,0,0.004436251
Warm B,552449,3401,3400,1707,1008,0,0.012373397
Warm B,954332,5761,5760,1707,1008,0,0.0069350507
Warm B,386115,2258,2257,1707,1008,0,0.008380841
Warm B,363158,2116,2115,1707,1008,1,0.017803216
Warm B,79509,531,530,1707,1008,0,0.015346989
Warm B,489677,3013,3012,1707,1008,0,0.0040993514
Warm B,45852,308,307,1707,1008,0,0.021376956
Warm B,336066,1980,1979,1707,1008,0,0.02837566
Warm B,473793,2909,2908,1707,1008,0,0.01755503
Warm B,178682,1121,1120,1707,1008,0,0.017218916
Warm B,941745,5682,5681,1707,1008,0,0.014200926
Warm B,193742,1194,1193,1707,1008,0,0.011379214
Warm B,178207,1120,1119,1707,1008,0,0.018255819
Warm B,580030,3540,3539,1726,1015,0,0.00455065
Warm B,509863,3140,3139,1726,1015,0,0.0005666404
Warm B,504835,3106,3105,1726,1015,0,-0.0005631995
Warm B,483973,2976,2975,1726,1015,0,0.016680332
Warm B,474752,2913,2912,1726,1015,1,0.0009647487
Warm B,470756,2898,2897,1726,1015,0,0.0101206135
Warm B,473847,2909,2908,1726,1015,0,0.0019402127
Warm B,646753,3892,3891,1726,1015,0,0.018957684
Warm B,468533,2887,2886,1726,1015,0,0.003031137
Warm B,463886,2859,2858,1726,1015,0,0.002564367
Warm B,456092,2808,2807,1726,1015,0,0.013132416
Warm B,451009,2777,2776,1726,1015,0,-0.0010903797
Warm B,449007,2768,2767,1726,1015,0,0.0073294644
Warm B,444738,2743,2742,1726,1015,1,0.011664443
Warm B,443890,2737,2736,1726,1015,0,0.011188291
Warm B,442446,2724,2723,1726,1015,1,0.0040901955
Warm B,430817,2626,2625,1726,1015,1,0.002090035
Warm B,430129,2621,2620,1726,1015,0,0.009644249
Warm B,409256,2456,2455,1726,1015,0,0.0080160145
Warm B,398288,2368,2367,1726,1015,1,0.0022375416
Warm B,392332,2304,2303,1726,1015,1,0.014238528
Warm B,436557,2665,2664,1726,1015,0,0.0038923738
Warm B,381366,2230,2229,1726,1015,0,0.0043404186
Warm B,368436,2153,2152,1726,1015,1,0.008082282
Warm B,368857,2156,2155,1726,1015,0,-0.0063315104
Warm B,366224,2131,2130,1726,1015,1,0.0015215524
Warm B,301814,1793,1792,1726,1015,0,0.010407972
Warm B,240805,1450,1449,1726,1015,0,0.006129672
Warm B,325484,1926,1925,1726,1015,1,-0.0013320684
Warm B,219938,1333,1332,1726,1015,0,0.005217514
Warm B,226400,1370,1369,1726,1015,0,7.4736774e-05
Warm B,279547,1680,1679,1726,1015,0,0.008393805
Warm B,342617,2015,2014,1726,1015,1,-0.0012080418
Warm B,168553,1069,1068,1726,1015,0,0.0132109765
Warm B,191154,1181,1180,1726,1015,1,0.013933806
Warm B,175641,1112,1111,1726,1015,0,0.0054092193
Warm B,167224,1064,1063,1726,1015,1,0.0072337254
Warm B,153161,984,983,1726,1015,0,0.0066870027
Warm B,249292,1502,1501,1726,1015,1,-0.00256948
Warm B,136716,881,880,1726,1015,0,0.004250815
Warm B,116379,752,751,1726,1015,0,-0.002403324
Warm B,113051,733,732,1726,1015,0,0.0021606667
Warm B,120496,777,776,1726,1015,0,0.0058078635
Warm B,109861,716,715,1726,1015,1,0.0064724376
Warm B,121215,780,779,1726,1015,0,0.011840576
Warm B,108118,710,709,1726,1015,0,0.007299974
Warm B,106177,699,698,1726,1015,1,0.01371848
Warm B,100914,673,672,1726,1015,0,0.013362942
Warm B,200093,1228,1227,1726,1015,0,-0.0011259001
Warm B,177058,1117,1116,1726,1015,0,0.009252425
Warm B,91460,605,604,1726,1015,1,0.004015929
Warm B,81782,543,542,1726,1015,1,0.001135621
Warm B,239099,1448,1447,1726,1015,1,0.0021726515
Warm B,72172,482,481,1726,1015,0,0.010751131
Warm B,68797,461,460,1726,1015,0,0.007589491
Warm B,67210,452,451,1726,1015,0,0.012583472
Warm B,240266,1449,1448,1726,1015,0,-0.0020252035
Warm B,53629,352,351,1726,1015,1,0.0048217596
Warm B,355617,2082,2081,1726,1015,0,-0.010093657
Warm B,37365,255,254,1726,1015,1,0.0008042143
Warm B,36385,245,244,1726,1015,0,0.0037638743
Warm B,34106,230,229,1726,1015,1,0.009897806
Warm B,19324,148,147,1726,1015,1,0.0026433594
Warm B,796354,4771,4770,1726,1015,1,0.0025338647
Warm B,7636,53,52,1726,1015,0,0.009032721
Warm B,30457,204,203,1726,1015,0,0.004693074
Warm B,104424,692,691,1726,1015,0,0.005152363
Warm B,50066,331,330,1726,1015,0,0.0057382877
Warm B,65450,438,437,1726,1015,1,0.016662221
Warm B,238062,1447,1446,1726,1015,0,0.011328368
Warm B,28056,195,194,1726,1015,1,0.0017822033
Warm B,376426,2195,2194,1726,1015,1,0.014571568
Warm B,195578,1203,1202,1726,1015,0,0.005997221
Warm B,720554,4312,4311,1726,1015,0,0.0067951903
Warm B,257780,1579,1578,1726,1015,0,0.0049166568
Warm B,178232,1120,1119,1726,1015,0,-0.0040798015
Warm B,62118,419,418,1726,1015,0,-0.006211058
Warm B,653621,3940,3939,1730,1018,0,0.008583479
Warm B,645872,3887,3886,1730,1018,1,0.0065351846
Warm B,642816,3868,3867,1730,1018,1,0.010951517
Warm B,642204,3862,3861,1730,1018,1,0.011969562
Warm B,632535,3823,3822,1730,1018,1,0.005412802
Warm B,619257,3752,3751,1730,1018,1,-0.0021787118
Warm B,607742,3688,3687,1730,1018,1,0.004392398
Warm B,572299,3507,3506,1730,1018,1,0.01716002
Warm B,644232,3882,3881,1730,1018,1,0.0023522903
Warm B,568774,3490,3489,1730,1018,1,0.008278932
Warm B,804529,4816,4815,1730,1018,1,0.0107375095
Warm B,714017,4277,4276,1730,1018,1,0.016232332
Warm B,565018,3473,3472,1730,1018,1,0.012132641
Warm B,561281,3453,3452,1730,1018,1,0.0052129254
Warm B,546893,3371,3370,1730,1018,1,0.014373208
Warm B,545507,3364,3363,1730,1018,0,0.0009913021
Warm B,748932,4471,4470,1730,1018,0,0.0059983917
Warm B,532839,3291,3290,1730,1018,0,0.005678577
Warm B,521159,3216,3215,1730,1018,1,0.0010134187
Warm B,522743,3224,3223,1730,1018,0,0.0036295205
Warm B,519554,3205,3204,1730,1018,0,0.010013504
Warm B,509009,3131,3130,1730,1018,1,0.0070139086
Warm B,481306,2957,2956,1730,1018,1,0.01811169
Warm B,478168,2934,2933,1730,1018,0,0.014810694
Warm B,477532,2931,2930,1730,1018,0,0.0037648552
Warm B,697566,4169,4168,1730,1018,1,0.014678968
Warm B,484243,2979,2978,1730,1018,1,0.0084953215
Warm B,870563,5256,5255,1730,1018,0,0.010967096
Warm B,468543,2887,2886,1730,1018,1,0.0047215903
Warm B,465401,2870,2869,1730,1018,0,0.0068806782
Warm B,460771,2841,2840,1730,1018,1,0.010063332
Warm B,421105,2544,2543,1730,1018,0,0.0154244695
Warm B,413439,2486,2485,1730,1018,0,0.007754702
Warm B,401906,2398,2397,1730,1018,1,0.0057552475
Warm B,399922,2380,2379,1730,1018,1,0.010980426
Warm B,390735,2293,2292,1730,1018,1,0.013735654
Warm B,386395,2259,2258,1730,1018,1,0.009124517
Warm B,364865,2124,2123,1730,1018,1,0.017457467
Warm B,323226,1916,1915,1730,1018,0,0.00877085
Warm B,309948,1843,1842,1730,1018,0,0.0036128755
Warm B,306718,1829,1828,1730,1018,0,0.0061332784
Warm B,315404,1880,1879,1730,1018,1,0.014284311
Warm B,279575,1680,1679,1730,1018,1,0.013538107
Warm B,274459,1658,1657,1730,1018,0,0.007598967
Warm B,269143,1632,1631,1730,1018,0,0.007989906
Warm B,245839,1484,1483,1730,1018,1,0.010567671
Warm B,631689,3821,3820,1730,1018,1,-0.00080912875
Warm B,319450,1897,1896,1730,1018,0,0.011030454
Warm B,221471,1340,1339,1730,1018,0,0.019258328
Warm B,209512,1279,1278,1730,1018,1,0.0125674745
Warm B,308771,1837,1836,1730,1018,1,0.021872032
Warm B,219950,1333,1332,1730,1018,0,0.010715606
Warm B,177631,1119,1118,1730,1018,1,0.01051658
Warm B,172380,1090,1089,1730,1018,1,0.013826938
Warm B,168563,1069,1068,1730,1018,1,-0.00040444033
Warm B,191171,1181,1180,1730,1018,0,0.019730743
Warm B,214974,1303,1302,1730,1018,0,0.030635895
Warm B,162705,1038,1037,1730,1018,1,0.0047826297
Warm B,153173,984,983,1730,1018,1,0.013818434
Warm B,148364,955,954,1730,1018,0,0.0058747493
Warm B,195591,1203,1202,1730,1018,1,0.0070803347
Warm B,143914,928,927,1730,1018,0,0.0069898698
Warm B,157040,1010,1009,1730,1018,0,0.0035175164
Warm B,138537,889,888,1730,1018,0,0.012305729
Warm B,136730,881,880,1730,1018,0,0.011440554
Warm B,554549,3411,3410,1730,1018,0,0.008357257
Warm B,178245,1120,1119,1730,1018,1,0.0072449627
Warm B,294977,1752,1751,1730,1018,0,0.005107162
Warm B,284335,1698,1697,1730,1018,1,0.007973509
Warm B,89605,590,589,1730,1018,1,0.00908252
Warm B,239119,1448,1447,1730,1018,1,-0.0010523596
Warm B,84334,550,549,1730,1018,0,0.0155837815
Warm B,74957,509,508,1730,1018,1,-0.00013217423
Warm B,197391,1211,1210,1730,1018,1,0.018122524
Warm B,71422,480,479,1730,1018,1,0.0014859082
Warm B,67513,453,452,1730,1018,0,0.009841129
Warm B,240286,1449,1448,1730,1018,1,0.0027818526
Warm B,53648,352,351,1730,1018,1,-0.0034119533
Warm B,333940,1969,1968,1730,1018,1,0.0057081706
Warm B,43607,300,299,1730,1018,0,0.005946205
Warm B,58000,392,391,1730,1018,1,0.0017791828
Warm B,38253,261,260,1730,1018,0,0.011603476
Warm B,35257,238,237,1730,1018,1,0.008927669
Warm B,31997,216,215,1730,1018,1,0.0158728
Warm B,28074,195,194,1730,1018,1,0.01553799
Warm B,734702,4387,4386,1730,1018,1,0.00804109
Warm B,27114,192,191,1730,1018,1,0.0015341515
Warm B,148798,957,956,1730,1018,0,0.008139884
Warm B,21972,161,160,1730,1018,1,-0.0013576676
Warm B,9239,62,61,1730,1018,1,0.015831951
Warm B,665,8,7,1730,1018,1,0.0031981787
Warm B,399,5,4,1730,1018,1,0.003126896
Warm B,223656,1354,1353,1730,1018,1,0.009350337
Warm B,42751,293,292,1730,1018,1,0.0102187935
Warm B,235103,1425,1424,1730,1018,0,0.003451385
Warm B,129549,839,838,1730,1018,1,0.012248449
Warm B,986807,5956,5955,1730,1018,1,0.013364652
Warm B,158408,1015,1014,1730,1018,1,0.012956355
Warm B,326154,1930,1929,1730,1018,1,-0.0006877441
Warm B,823562,4950,4949,1730,1018,1,0.0038909672
Warm B,110925,721,720,1730,1018,0,0.012436683
Warm B,750686,4478,4477,1730,1018,1,0.020994503
Warm B,835205,5019,5018,1730,1018,1,0.008100307
Warm B,317819,1889,1888,1730,1018,1,0.005626474
Warm B,541673,3333,3332,1730,1018,0,0.005933904
Warm B,229350,1389,1388,1730,1018,1,0.006479834
Warm B,191920,1182,1181,1730,1018,1,0.0058717094
Warm B,117200,755,754,1730,1018,1,0.0050526615
Warm B,285398,1701,1700,1730,1018,1,0.015762785
Warm B,657601,3963,3962,1730,1018,1,0.01696388
Warm B,342636,2015,2014,1730,1018,0,0.008423029
Warm B,538041,3312,3311,1730,1018,0,0.018629234
Warm B,187720,1164,1163,1730,1018,1,0.015100934
Warm B,322525,1912,1911,1730,1018,0,0.009003709
Warm B,116398,752,751,1730,1018,1,0.008921577
Warm B,790819,4728,4727,1730,1018,0,0.015084367
Warm B,19342,148,147,1731,1019,1,-0.005927531
Warm B,28076,195,194,1731,1019,0,-0.004343967
Warm B,63138,424,423,1731,1019,0,-0.0009525509
Warm B,718983,4305,4304,1731,1019,0,-0.008457795
Warm B,44975,303,302,1733,1021,0,0.0053083375
Warm B,61250,412,411,1733,1021,1,0.010625008
Warm B,27543,193,192,1733,1021,1,0.004687835
Warm B,26376,187,186,1733,1021,0,0.0063519333
Warm B,34695,235,234,1733,1021,1,0.015370361
Warm B,6420,45,44,1733,1021,0,0.0034333318
Warm B,4995,35,34,1733,1021,1,0.005488311
Warm B,405,5,4,1733,1021,0,-0.00035908236
Warm B,20726,151,150,1733,1021,0,0.011522059
Warm B,485166,2986,2985,1733,1021,1,0.011105319
Warm B,158410,1015,1014,1733,1021,0,0.007824149
Warm B,76400,518,517,1733,1021,0,0.006299271
Warm B,778304,4647,4646,1733,1021,1,0.005424015
Warm B,502952,3087,3086,1733,1021,1,0.0021805523
Warm B,102424,678,677,1733,1021,0,0.006256349
Warm B,222617,1347,1346,1733,1021,0,-0.006185177
Warm B,50085,331,330,1733,1021,0,0.006458466
Warm B,739578,4418,4417,1733,1021,0,0.008064082
Warm B,305020,1812,1811,1733,1021,1,0.0057441564
Warm B,322526,1912,1911,1733,1021,0,0.0013062663
Warm B,263488,1605,1604,1733,1021,0,0.018904168
Warm B,193777,1194,1193,1733,1021,0,0.0029850309
Warm B,184067,1146,1145,1744,1024,0,0.0047501987
Warm B,249303,1502,1501,1744,1024,0,0.013323016
Warm B,145422,935,934,1744,1024,0,-0.008424461
Warm B,106204,699,698,1744,1024,0,0.012932199
Warm B,81798,543,542,1744,1024,1,0.0086551495
Warm B,50864,335,334,1744,1024,0,0.011642016
Warm B,626935,3792,3791,1744,1024,0,0.009851323
Warm B,29166,199,198,1744,1024,1,0.0036506753
Warm B,291554,1737,1736,1744,1024,1,-0.0014246536
Warm B,22478,163,162,1744,1024,0,0.009136658
Warm B,27138,192,191,1744,1024,0,0.009953171
Warm B,150687,970,969,1744,1024,0,0.014782487
Warm B,288483,1723,1722,1744,1024,1,0.022258556
Warm B,363224,2116,2115,1744,1024,0,0.024691578
Warm B,145863,937,936,1744,1024,0,0.0045047477
Warm B,331777,1958,1957,1744,1024,0,0.014676435
Warm B,714033,4277,4276,1744,1024,0,0.011075132
Warm B,52144,343,342,1750,1027,1,0.0026192986
Warm B,242372,1463,1462,1750,1027,0,0.005567878
Warm B,206416,1265,1264,1750,1027,0,0.008245849
Warm B,578542,3536,3535,1753,1029,0,0.010829732
Warm B,577354,3526,3525,1753,1029,0,0.013087831
Warm B,579554,3539,3538,1753,1029,1,0.016128829
Warm B,572318,3507,3506,1753,1029,0,0.013261669
Warm B,572923,3509,3508,1753,1029,0,0.009752328
Warm B,659213,3971,3970,1753,1029,1,0.006570164
Warm B,561291,3453,3452,1753,1029,0,0.010578194
Warm B,563155,3464,3463,1753,1029,0,0.0083249565
Warm B,542345,3336,3335,1753,1029,0,0.011943085
Warm B,538056,3312,3311,1753,1029,0,0.0037386725
Warm B,537335,3311,3310,1753,1029,0,0.006803039
Warm B,536552,3309,3308,1753,1029,1,-0.001313121
Warm B,533973,3295,3294,1753,1029,1,0.002387398
Warm B,584779,3569,3568,1753,1029,1,0.0035608108
Warm B,531166,3280,3279,1753,1029,0,0.0055526397
Warm B,519822,3207,3206,1753,1029,1,0.00361474
Warm B,575465,3519,3518,1753,1029,0,0.013958383
Warm B,517683,3195,3194,1753,1029,1,0.0056843264
Warm B,515607,3182,3181,1753,1029,1,0.009226805
Warm B,515002,3180,3179,1753,1029,0,0.003236357
Warm B,574845,3518,3517,1753,1029,0,0.005709222
Warm B,506223,3114,3113,1753,1029,0,0.0026066327
Warm B,483978,2976,2975,1753,1029,1,0.011523307
Warm B,567613,3483,3482,1753,1029,0,0.005975067
Warm B,468993,2888,2887,1753,1029,1,0.0061906455
Warm B,470467,2896,2895,1753,1029,0,0.006504782
Warm B,467992,2885,2884,1753,1029,0,0.00937404
Warm B,458114,2820,2819,1753,1029,1,0.0073072067
Warm B,487138,2996,2995,1753,1029,0,0.0068755345
Warm B,477536,2931,2930,1753,1029,1,0.0114779305
Warm B,453294,2792,2791,1753,1029,0,0.0103129735
Warm B,564583,3471,3470,1753,1029,0,0.011552297
Warm B,436586,2665,2664,1753,1029,0,0.011157031
Warm B,414297,2494,2493,1753,1029,1,-0.0008589339
Warm B,412918,2484,2483,1753,1029,0,0.00284855
Warm B,401016,2389,2388,1753,1029,1,0.014134504
Warm B,370540,2166,2165,1753,1029,1,0.009614026
Warm B,382516,2235,2234,1753,1029,1,-0.00012890203
Warm B,367973,2148,2147,1753,1029,1,-0.002556643
Warm B,368868,2156,2155,1753,1029,1,0.005025666
Warm B,352113,2063,2062,1753,1029,1,0.008920309
Warm B,342658,2015,2014,1753,1029,1,-0.0030726097
Warm B,345857,2029,2028,1753,1029,1,0.005653332
Warm B,340809,2010,2009,1753,1029,1,0.008459019
Warm B,333950,1969,1968,1753,1029,1,0.0045259255
Warm B,309341,1841,1840,1753,1029,0,0.001499251
Warm B,298723,1774,1773,1753,1029,0,-0.0058933017
Warm B,290807,1735,1734,1753,1029,1,0.0032467833
Warm B,297630,1764,1763,1753,1029,1,0.0022856179
Warm B,301339,1790,1789,1753,1029,1,0.002977245
Warm B,310156,1845,1844,1753,1029,0,-0.0021661224
Warm B,274467,1658,1657,1753,1029,1,0.0026361612
Warm B,271518,1641,1640,1753,1029,0,0.0022678184
Warm B,279624,1680,1679,1753,1029,0,0.0021276935
Warm B,273758,1650,1649,1753,1029,0,0.013219269
Warm B,268059,1628,1627,1753,1029,0,0.001497804
Warm B,266466,1616,1615,1753,1029,1,0.008445287
Warm B,251348,1517,1516,1753,1029,0,0.007038428
Warm B,247811,1496,1495,1753,1029,0,-0.0051655816
Warm B,260696,1593,1592,1753,1029,0,0.012701904
Warm B,243284,1466,1465,1753,1029,1,-0.0032978398
Warm B,236453,1434,1433,1753,1029,0,0.0070785605
Warm B,270096,1635,1634,1753,1029,0,0.005061798
Warm B,296860,1759,1758,1753,1029,1,0.0108851995
Warm B,285815,1705,1704,1753,1029,0,-0.0046809623
Warm B,277856,1676,1675,1753,1029,0,0.008940696
Warm B,250461,1509,1508,1753,1029,0,0.011832839
Warm B,205379,1263,1262,1753,1029,1,0.0010272013
Warm B,294400,1749,1748,1753,1029,0,0.0045168
Warm B,186180,1151,1150,1753,1029,1,0.0038060728
Warm B,183603,1142,1141,1753,1029,0,0.0051504085
Warm B,185533,1150,1149,1753,1029,0,0.004540987
Warm B,181473,1134,1133,1753,1029,0,-0.0042785956
Warm B,174259,1101,1100,1753,1029,0,0.0045571937
Warm B,176105,1113,1112,1753,1029,1,0.01288051
Warm B,167969,1068,1067,1753,1029,0,0.002762149
Warm B,170285,1084,1083,1753,1029,1,0.0032363469
Warm B,272298,1645,1644,1753,1029,0,0.0011857955
Warm B,230597,1395,1394,1753,1029,1,0.010852401
Warm B,203208,1246,1245,1753,1029,0,0.004897851
Warm B,195608,1203,1202,1753,1029,0,0.010041264
Warm B,136758,881,880,1753,1029,1,0.0049153324
Warm B,407357,2446,2445,1753,1029,1,0.0005589165
Warm B,116884,753,752,1753,1029,0,0.0017592045
Warm B,109376,714,713,1753,1029,0,0.0037447072
Warm B,329462,1943,1942,1753,1029,0,0.009893775
Warm B,90727,601,600,1753,1029,0,0.0096944645
Warm B,86745,566,565,1753,1029,0,0.0041047633
Warm B,291559,1737,1736,1753,1029,0,0.0026699682
Warm B,83348,549,548,1753,1029,1,0.0083491905
Warm B,81803,543,542,1753,1029,1,0.0002293745
Warm B,74972,509,508,1753,1029,0,0.009338497
Warm B,80303,533,532,1753,1029,0,0.009162254
Warm B,72203,482,481,1753,1029,0,0.013128503
Warm B,65474,438,437,1753,1029,1,0.008763139
Warm B,251211,1516,1515,1753,1029,0,0.004401802
Warm B,132576,855,854,1753,1029,0,0.009863056
Warm B,44469,302,301,1753,1029,0,0.010666337
Warm B,355625,2082,2081,1753,1029,1,-0.005304419
Warm B,39983,271,270,1753,1029,0,0.002848279
Warm B,40720,273,272,1753,1029,0,-0.0062960265
Warm B,33471,225,224,1753,1029,0,0.0030825748
Warm B,273119,1647,1646,1753,1029,1,0.0029051285
Warm B,27698,194,193,1753,1029,1,0.0062964093
Warm B,27151,192,191,1753,1029,0,0.001117695
Warm B,21017,152,151,1753,1029,1,0.00045166933
Warm B,2251,19,18,1753,1029,0,-0.0011275066
Warm B,219252,1329,1328,1753,1029,0,0.009340685
Warm B,108156,710,709,1753,1029,0,0.01068233
Warm B,1200,11,10,1753,1029,1,-0.003484643
Warm B,106522,701,700,1753,1029,0,0.0040083863
Warm B,355053,2077,2076,1753,1029,1,0.0140546635
Warm B,893426,5394,5393,1753,1029,0,-0.0028723571
Warm B,365515,2127,2126,1753,1029,0,0.0068482514
Warm B,363233,2116,2115,1753,1029,1,0.0065366463
Warm B,750691,4478,4477,1753,1029,0,0.00839852
Warm B,238100,1447,1446,1753,1029,1,0.0088358205
Warm B,829196,4979,4978,1753,1029,0,0.012478912
Warm B,846114,5084,5083,1753,1029,1,0.0151748285
Warm B,317834,1889,1888,1753,1029,0,0.012744736
Warm B,714041,4277,4276,1753,1029,0,0.0048075262
Warm B,263512,1605,1604,1753,1029,0,-0.00028878008
Warm B,757841,4508,4507,1753,1029,0,0.007877099
Warm B,927973,5605,5604,1753,1029,0,0.013710446
Warm B,599372,3648,3647,1753,1029,1,0.0067026895
Warm B,309703,1842,1841,1753,1029,0,0.007234595
Warm B,23659,169,168,1753,1029,0,0.008298653
Warm B,565691,3475,3474,1753,1029,0,0.00074107386
Warm B,134454,869,868,1753,1029,0,0.00994454
Warm B,921145,5565,5564,1753,1029,0,0.0049612476
Warm B,458721,2824,2823,1753,1029,1,0.0037762097
Warm B,771896,4600,4599,1753,1029,0,0.005202292
Warm B,160247,1019,1018,1753,1029,0,-0.0045654015
Warm B,628781,3807,3806,1753,1029,0,0.01025592
Warm B,401665,2395,2394,1753,1029,0,0.004666975
Warm B,63166,424,423,1753,1029,0,0.00067229103
Warm B,52999,349,348,1753,1029,0,0.0031333417
Warm B,331782,1958,1957,1753,1029,0,0.009821308
Warm B,580042,3540,3539,1758,1031,1,0.010812274
Warm B,402423,2402,2401,1758,1031,1,0.0075595183
Warm B,397883,2361,2360,1758,1031,1,0.0021018055
Warm B,363239,2116,2115,1758,1031,0,0.007067672
Warm B,315426,1880,1879,1758,1031,1,0.0058287843
Warm B,271021,1639,1638,1758,1031,1,0.0027650744
Warm B,262810,1603,1602,1758,1031,1,0.007401505
Warm B,242913,1465,1464,1758,1031,1,0.011923265
Warm B,325508,1926,1925,1758,1031,1,0.0029212688
Warm B,210247,1284,1283,1758,1031,1,0.0033292465
Warm B,209522,1279,1278,1758,1031,0,0.0035125788
Warm B,201681,1242,1241,1758,1031,1,0.005272003
Warm B,200553,1231,1230,1758,1031,0,0.00945081
Warm B,168577,1069,1068,1758,1031,0,0.003594555
Warm B,143719,927,926,1758,1031,1,0.002203649
Warm B,142474,919,918,1758,1031,1,0.0021706468
Warm B,130387,845,844,1758,1031,0,0.01014986
Warm B,263517,1605,1604,1758,1031,1,0.0089407535
Warm B,305040,1812,1811,1758,1031,1,0.011610098
Warm B,106211,699,698,1758,1031,0,0.015813503
Warm B,116424,752,751,1758,1031,0,0.0068012355
Warm B,631704,3821,3820,1758,1031,0,0.010380866
Warm B,87307,570,569,1758,1031,1,0.008368498
Warm B,85634,558,557,1758,1031,0,0.006634725
Warm B,84837,551,550,1758,1031,1,0.013915911
Warm B,72966,493,492,1758,1031,1,0.011401121
Warm B,113878,738,737,1758,1031,1,-0.0034473082
Warm B,58959,401,400,1758,1031,1,0.005370866
Warm B,155452,1001,1000,1758,1031,1,0.012813449
Warm B,734714,4387,4386,1758,1031,1,0.008294709
Warm B,223675,1354,1353,1758,1031,1,0.007200472
Warm B,207012,1266,1265,1758,1031,0,0.0089337425
Warm B,79577,531,530,1758,1031,1,0.016935892
Warm B,883458,5333,5332,1758,1031,1,0.006809651
Warm B,893429,5394,5393,1758,1031,1,0.01589475
Warm B,608677,3691,3690,1758,1031,1,0.014274854
Warm B,665277,4005,4004,1758,1031,1,0.009905325
Warm B,102449,678,677,1758,1031,1,0.010901943
Warm B,714046,4277,4276,1758,1031,1,0.01671192
Warm B,229358,1389,1388,1758,1031,1,0.010941178
Warm B,686601,4107,4106,1760,1032,0,-0.011770864
Warm B,653044,3935,3934,1760,1032,0,0.005199128
Warm B,661351,3988,3987,1760,1032,0,0.0040097153
Warm B,642491,3865,3864,1760,1032,0,-0.0010474365
Warm B,642828,3868,3867,1760,1032,1,0.0027677552
Warm B,629701,3808,3807,1760,1032,0,0.003937451
Warm B,638408,3841,3840,1760,1032,0,0.0128190555
Warm B,622275,3768,3767,1760,1032,0,0.0008301048
Warm B,620042,3756,3755,1760,1032,0,0.00029854197
Warm B,614873,3724,3723,1760,1032,0,0.0028505642
Warm B,613363,3716,3715,1760,1032,0,0.0076511167
Warm B,612972,3715,3714,1760,1032,0,-0.0051365313
Warm B,612070,3710,3709,1760,1032,0,0.003411959
Warm B,608363,3690,3689,1760,1032,0,0.0015371232
Warm B,626954,3792,3791,1760,1032,0,0.0021682384
Warm B,604406,3675,3674,1760,1032,0,0.016651537
Warm B,611584,3706,3705,1760,1032,0,0.0050796545
Warm B,636425,3834,3833,1760,1032,0,0.0029119453
Warm B,606638,3683,3682,1760,1032,0,0.0065583764
Warm B,616260,3729,3728,1760,1032,0,0.015383812
Warm B,585782,3576,3575,1760,1032,0,0.005700317
Warm B,579568,3539,3538,1760,1032,1,0.0006987527
Warm B,561071,3452,3451,1760,1032,0,0.002874446
Warm B,555893,3416,3415,1760,1032,0,0.0056712367
Warm B,658467,3967,3966,1760,1032,0,0.00010035513
Warm B,577370,3526,3525,1760,1032,0,0.0082020415
Warm B,546909,3371,3370,1760,1032,0,0.00732446
Warm B,545784,3365,3364,1760,1032,0,0.009695212
Warm B,537347,3311,3310,1760,1032,0,0.0025316374
Warm B,536153,3308,3307,1760,1032,0,0.0064532715
Warm B,785855,4697,4696,1760,1032,1,0.0010668484
Warm B,531175,3280,3279,1760,1032,0,-0.003385337
Warm B,538067,3312,3311,1760,1032,0,0.011405367
Warm B,540003,3320,3319,1760,1032,0,0.0050444053
Warm B,515616,3182,3181,1760,1032,0,0.01236069
Warm B,616690,3732,3731,1760,1032,0,0.013700208
Warm B,508743,3129,3128,1760,1032,0,0.0034936606
Warm B,494362,3032,3031,1760,1032,0,0.005488475
Warm B,492135,3026,3025,1760,1032,0,0.006175992
Warm B,474925,2914,2913,1760,1032,0,0.002616784
Warm B,473916,2909,2908,1760,1032,0,0.014749078
Warm B,471894,2903,2902,1760,1032,0,0.011373341
Warm B,456545,2810,2809,1760,1032,0,0.0077965213
Warm B,445647,2748,2747,1760,1032,0,0.0005579747
Warm B,406481,2438,2437,1760,1032,0,0.0036692363
Warm B,399569,2378,2377,1760,1032,0,0.0040334724
Warm B,381725,2231,2230,1760,1032,0,0.0044494816
Warm B,373528,2180,2179,1760,1032,0,0.009574486
Warm B,436602,2665,2664,1760,1032,0,0.014500748
Warm B,356021,2085,2084,1760,1032,0,0.0065733814
Warm B,354572,2076,2075,1760,1032,0,0.0040445914
Warm B,349017,2047,2046,1760,1032,0,0.00948496
Warm B,352129,2063,2062,1760,1032,0,0.0014002325
Warm B,347013,2035,2034,1760,1032,0,0.007194451
Warm B,340820,2010,2009,1760,1032,0,0.0021252492
Warm B,295706,1755,1754,1760,1032,0,0.00849563
Warm B,286474,1711,1710,1760,1032,0,0.0024094589
Warm B,259587,1587,1586,1760,1032,0,0.008920124
Warm B,224275,1356,1355,1760,1032,0,0.00085785985
Warm B,223681,1354,1353,1760,1032,1,0.0038157254
Warm B,220893,1339,1338,1760,1032,0,-0.00011072098
Warm B,592092,3610,3609,1760,1032,0,0.008475695
Warm B,185557,1150,1149,1760,1032,0,0.008095002
Warm B,211178,1285,1284,1760,1032,0,0.015111355
Warm B,179206,1124,1123,1760,1032,0,0.0112049375
Warm B,179736,1125,1124,1760,1032,0,0.009950261
Warm B,173763,1100,1099,1760,1032,0,-0.0059028715
Warm B,331795,1958,1957,1760,1032,0,0.010288363
Warm B,172947,1096,1095,1760,1032,0,0.0043205237
Warm B,167980,1068,1067,1760,1032,0,0.0062125497
Warm B,189447,1173,1172,1760,1032,0,0.011376247
Warm B,221505,1340,1339,1760,1032,0,0.016308185
Warm B,360976,2106,2105,1760,1032,0,0.006588801
Warm B,157083,1010,1009,1760,1032,0,0.0011285846
Warm B,139453,891,890,1760,1032,0,0.00627111
Warm B,138594,889,888,1760,1032,0,0.015939761
Warm B,136776,881,880,1760,1032,0,-0.0022256037
Warm B,128781,836,835,1760,1032,0,-0.0038074718
Warm B,332779,1962,1961,1760,1032,0,0.0023130681
Warm B,263525,1605,1604,1760,1032,0,0.0038353768
Warm B,124297,800,799,1760,1032,0,0.001564324
Warm B,160261,1019,1018,1760,1032,0,0.004232456
Warm B,117604,757,756,1760,1032,0,0.008337343
Warm B,120520,777,776,1760,1032,0,-0.0006042025
Warm B,109022,713,712,1760,1032,0,0.006842239
Warm B,177094,1117,1116,1760,1032,0,0.007866971
Warm B,152327,980,979,1760,1032,0,0.006884714
Warm B,329475,1943,1942,1760,1032,1,0.006281716
Warm B,90735,601,600,1760,1032,0,0.006707489
Warm B,86754,566,565,1760,1032,0,0.010936234
Warm B,77722,524,523,1760,1032,0,0.013650116
Warm B,299728,1778,1777,1760,1032,0,0.0022646585
Warm B,87105,569,568,1760,1032,0,0.010271114
Warm B,74982,509,508,1760,1032,0,-5.091657e-05
Warm B,57170,386,385,1760,1032,0,0.0027258266
Warm B,45193,305,304,1760,1032,0,0.016809735
Warm B,44493,302,301,1760,1032,0,-0.0043546334
Warm B,41793,284,283,1760,1032,0,0.009436601
Warm B,31522,214,213,1760,1032,0,-0.010620096
Warm B,33487,225,224,1760,1032,0,0.009213675
Warm B,29825,202,201,1760,1032,0,0.0066898824
Warm B,291567,1737,1736,1760,1032,0,-0.0046622735
Warm B,300012,1779,1778,1760,1032,0,0.0057638176
Warm B,262812,1603,1602,1760,1032,0,0.005618873
Warm B,17493,136,135,1760,1032,0,0.003264956
Warm B,8475,58,57,1760,1032,0,0.011460817
Warm B,7704,53,52,1760,1032,0,-0.0003542686
Warm B,4828,35,34,1760,1032,0,-0.0032806417
Warm B,21035,153,152,1760,1032,0,-0.00580342
Warm B,79586,531,530,1760,1032,0,0.004441254
Warm B,66132,442,441,1760,1032,1,0.013619131
Warm B,11328,86,85,1760,1032,1,0.0069345534
Warm B,230600,1395,1394,1760,1032,0,0.015546365
Warm B,78579,528,527,1760,1032,0,0.0013817758
Warm B,954350,5761,5760,1760,1032,0,0.001207863
Warm B,371076,2168,2167,1760,1032,0,0.0005992539
Warm B,363250,2116,2115,1760,1032,0,0.009668836
Warm B,265214,1611,1610,1760,1032,0,0.0049436768
Warm B,11979,92,91,1760,1032,0,0.010500429
Warm B,342670,2015,2014,1760,1032,0,0.015090048
Warm B,161393,1029,1028,1760,1032,0,0.006921353
Warm B,222772,1348,1347,1760,1032,0,0.012905601
Warm B,959092,5787,5786,1760,1032,0,0.026496919
Warm B,717113,4294,4293,1760,1032,0,0.00026015984
Warm B,769094,4579,4578,1760,1032,0,0.011463011
Warm B,257822,1579,1578,1760,1032,0,0.015722029
Warm B,832042,5001,5000,1760,1032,1,0.011075096
Warm B,178271,1120,1119,1760,1032,0,0.0096264575
Warm B,215003,1303,1302,1760,1032,0,0.01654822
Warm B,825803,4958,4957,1760,1032,0,0.011650749
Warm B,638462,3841,3840,1785,1040,0,-0.011468615
Warm B,625034,3778,3777,1785,1040,0,0.0054386156
Warm B,720603,4312,4311,1785,1040,1,0.012426387
Warm B,615773,3727,3726,1785,1040,1,-0.0040297452
Warm B,648752,3908,3907,1785,1040,1,0.0047613787
Warm B,621316,3762,3761,1785,1040,0,0.0024930283
Warm B,726107,4344,4343,1785,1040,1,0.0021731495
Warm B,601280,3654,3653,1785,1040,0,0.005122874
Warm B,592767,3613,3612,1785,1040,1,-0.0035813404
Warm B,585336,3574,3573,1785,1040,1,-0.0034522992
Warm B,579619,3539,3538,1785,1040,1,-9.942637e-05
Warm B,745499,4448,4447,1785,1040,1,-0.0012131061
Warm B,572379,3507,3506,1785,1040,0,-0.0104618035
Warm B,570434,3499,3498,1785,1040,1,0.0010782566
Warm B,697673,4169,4168,1785,1040,1,-0.0031928963
Warm B,550442,3391,3390,1785,1040,1,0.0082014
Warm B,580613,3546,3545,1785,1040,0,-0.0024617775
Warm B,564650,3471,3470,1785,1040,1,-0.00043538562
Warm B,534773,3300,3299,1785,1040,1,-0.006208195
Warm B,532323,3285,3284,1785,1040,1,-0.009310162
Warm B,531503,3281,3280,1785,1040,1,0.004074524
Warm B,526023,3250,3249,1785,1040,0,0.006158965
Warm B,520411,3209,3208,1785,1040,0,-0.0040710345
Warm B,519255,3203,3202,1785,1040,1,-0.004860406
Warm B,515031,3180,3179,1785,1040,0,0.0021187018
Warm B,511556,3156,3155,1785,1040,0,-0.003774804
Warm B,505271,3108,3107,1785,1040,0,0.0028212718
Warm B,504062,3098,3097,1785,1040,0,-0.009646442
Warm B,494397,3032,3031,1785,1040,1,-0.0010213277
Warm B,486382,2994,2993,1785,1040,1,0.0039424985
Warm B,482840,2967,2966,1785,1040,0,-0.007088775
Warm B,473972,2909,2908,1785,1040,1,-0.00734849
Warm B,601693,3658,3657,1785,1040,1,0.0044199554
Warm B,852954,5113,5112,1785,1040,0,-0.010370548
Warm B,622310,3768,3767,1785,1040,0,0.0030903867
Warm B,463511,2857,2856,1785,1040,0,-0.001699984
Warm B,493525,3031,3030,1785,1040,1,-0.008764675
Warm B,461003,2842,2841,1785,1040,0,-0.0034405794
Warm B,594945,3620,3619,1785,1040,0,0.0114094885
Warm B,453944,2793,2792,1785,1040,1,-0.008571457
Warm B,451537,2779,2778,1785,1040,0,-0.005216098
Warm B,441243,2701,2700,1785,1040,0,-0.0007778164
Warm B,833092,5008,5007,1785,1040,0,-0.0073275464
Warm B,426578,2590,2589,1785,1040,1,-0.001175457
Warm B,421160,2544,2543,1785,1040,0,0.0012945756
Warm B,413978,2490,2489,1785,1040,1,-0.008958422
Warm B,406608,2439,2438,1785,1040,0,0.012030496
Warm B,402462,2402,2401,1785,1040,0,-0.0059500947
Warm B,398659,2373,2372,1785,1040,1,-0.0019600065
Warm B,392440,2304,2303,1785,1040,0,-0.0134252645
Warm B,389068,2279,2278,1785,1040,0,-0.0028951643
Warm B,375185,2186,2185,1785,1040,0,-0.00074970303
Warm B,370332,2165,2164,1785,1040,1,-0.0068046576
Warm B,394271,2323,2322,1785,1040,0,-0.0013935266
Warm B,363813,2119,2118,1785,1040,1,0.00055675395
Warm B,364917,2124,2123,1785,1040,1,-0.008027745
Warm B,375692,2188,2187,1785,1040,0,-0.0026559345
Warm B,349596,2051,2050,1785,1040,0,0.0059115263
Warm B,333984,1969,1968,1785,1040,1,0.013729727
Warm B,329515,1943,1942,1785,1040,1,-0.005707763
Warm B,329824,1945,1944,1785,1040,0,0.00035495916
Warm B,303609,1803,1802,1785,1040,1,-0.0073293005
Warm B,270139,1635,1634,1785,1040,1,0.0069066724
Warm B,256380,1564,1563,1785,1040,0,-0.0030561187
Warm B,248148,1497,1496,1785,1040,0,-0.0022618643
Warm B,244749,1473,1472,1785,1040,0,0.006739729
Warm B,232179,1408,1407,1785,1040,0,-0.0032815533
Warm B,224301,1356,1355,1785,1040,1,-0.010804606
Warm B,294435,1749,1748,1785,1040,0,0.002807431
Warm B,165320,1053,1052,1785,1040,1,0.0003439281
Warm B,275223,1666,1665,1785,1040,0,-0.0075964686
Warm B,230611,1395,1394,1785,1040,0,-0.005370121
Warm B,157133,1010,1009,1785,1040,1,-0.0040769596
Warm B,185624,1150,1149,1785,1040,0,-0.002128915
Warm B,298181,1767,1766,1785,1040,1,-0.0060261814
Warm B,524457,3233,3232,1785,1040,0,0.0027071692
Warm B,112919,732,731,1785,1040,0,-0.00469314
Warm B,99012,660,659,1785,1040,0,0.0026185056
Warm B,121752,783,782,1785,1040,1,-0.0020244988
Warm B,480258,2946,2945,1785,1040,0,0.003964547
Warm B,169640,1077,1076,1785,1040,1,-0.010514743
Warm B,308845,1837,1836,1785,1040,1,-0.015973497
Warm B,83410,549,548,1785,1040,1,-0.001830959
Warm B,239201,1448,1447,1785,1040,1,-0.0003309464
Warm B,204693,1260,1259,1785,1040,0,0.0058172112
Warm B,77770,524,523,1785,1040,0,0.0014302931
Warm B,86780,566,565,1785,1040,0,0.0024984952
Warm B,197429,1211,1210,1785,1040,1,0.0063627847
Warm B,116490,752,751,1785,1040,0,0.0019929279
Warm B,80343,533,532,1785,1040,1,-0.005841921
Warm B,70248,474,473,1785,1040,1,0.0050660428
Warm B,240391,1449,1448,1785,1040,0,0.009647171
Warm B,53810,352,351,1785,1040,1,0.001920592
Warm B,45574,307,306,1785,1040,1,0.00012857188
Warm B,42408,289,288,1785,1040,1,0.0027109203
Warm B,55635,368,367,1785,1040,1,0.0018244963
Warm B,418306,2528,2527,1785,1040,0,0.0067836083
Warm B,33521,225,224,1785,1040,0,0.0020238312
Warm B,337171,1983,1982,1785,1040,1,-0.0011054839
Warm B,26451,187,186,1785,1040,1,0.009363896
Warm B,20024,149,148,1785,1040,1,-0.0069189575
Warm B,127550,823,822,1785,1040,0,-0.0029661614
Warm B,15100,120,119,1785,1040,0,-0.0065509006
Warm B,14532,117,116,1785,1040,0,0.001166857
Warm B,11382,87,86,1785,1040,0,-0.002439498
Warm B,784562,4682,4681,1785,1040,1,-0.004958649
Warm B,4358,33,32,1785,1040,0,-0.003884384
Warm B,3963,29,28,1785,1040,0,-0.0021928297
Warm B,210281,1284,1283,1785,1040,1,0.007886103
Warm B,384525,2246,2245,1785,1040,1,-0.006382766
Warm B,829224,4979,4978,1785,1040,0,-0.003770605
Warm B,485239,2986,2985,1785,1040,0,-0.00093843695
Warm B,631751,3821,3820,1785,1040,0,-0.004675055
Warm B,261247,1597,1596,1785,1040,0,-0.0016226612
Warm B,290452,1733,1732,1785,1040,1,0.004736026
Warm B,322606,1912,1911,1785,1040,0,-0.001881697
Warm B,371791,2172,2171,1785,1040,0,-0.00045233173
Warm B,160311,1019,1018,1785,1040,0,0.01023336
Warm B,941798,5682,5681,1785,1040,0,-0.004058575
Warm B,63242,424,423,1785,1040,1,0.007971145
Warm B,148825,957,956,1788,1041,1,0.009056908
Warm B,195671,1203,1202,1788,1041,1,0.015163171
Warm B,138668,889,888,1788,1041,0,0.009138639
Warm B,136833,881,880,1788,1041,0,0.0033830735
Warm B,235655,1426,1425,1788,1041,1,0.0033159093
Warm B,97946,655,654,1788,1041,1,0.005840366
Warm B,121755,783,782,1788,1041,1,-0.0015250507
Warm B,284416,1698,1697,1788,1041,1,0.016663304
Warm B,89629,590,589,1788,1041,1,0.008589086
Warm B,432212,2634,2633,1788,1041,1,0.008469471
Warm B,87011,568,567,1788,1041,0,-0.0011773929
Warm B,75735,515,514,1788,1041,0,0.00027577206
Warm B,201726,1242,1241,1788,1041,0,0.004596492
Warm B,53814,352,351,1788,1041,1,0.0054264795
Warm B,42803,293,292,1788,1041,1,0.0093908375
Warm B,35858,242,241,1788,1041,1,-0.0036727097
Warm B,200130,1228,1227,1788,1041,0,0.0022499517
Warm B,35295,238,237,1788,1041,1,0.0031838778
Warm B,21593,157,156,1788,1041,1,0.009785751
Warm B,20029,149,148,1788,1041,0,0.006418734
Warm B,258555,1584,1583,1788,1041,0,0.006430641
Warm B,152521,981,980,1788,1041,0,0.0024759215
Warm B,28212,195,194,1788,1041,1,0.0021182233
Warm B,3181,24,23,1788,1041,0,0.012276327
Warm B,349,5,4,1788,1041,0,0.00021413213
Warm B,460816,2841,2840,1788,1041,1,0.0075115305
Warm B,290456,1733,1732,1788,1041,1,0.0082972795
Warm B,245873,1484,1483,1788,1041,0,0.0019855371
Warm B,609725,3695,3694,1788,1041,1,0.014858752
Warm B,893456,5394,5393,1788,1041,1,0.009739917
Warm B,193829,1194,1193,1788,1041,1,0.0041651353
Warm B,465785,2872,2871,1794,1043,1,0.0064934376
Warm B,458981,2825,2824,1794,1043,1,0.0038241884
Warm B,456571,2810,2809,1794,1043,1,0.0027227323
Warm B,451839,2781,2780,1794,1043,1,-0.006932551
Warm B,443939,2737,2736,1794,1043,1,-0.0021379755
Warm B,446512,2752,2751,1794,1043,0,0.0036177004
Warm B,438012,2676,2675,1794,1043,1,0.0023501748
Warm B,416838,2507,2506,1794,1043,0,-0.0019676173
Warm B,404691,2419,2418,1794,1043,1,-0.0069400882
Warm B,399216,2376,2375,1794,1043,1,0.0037620566
Warm B,392729,2305,2304,1794,1043,1,0.006727244
Warm B,381388,2230,2229,1794,1043,0,-0.0016457639
Warm B,382987,2237,2236,1794,1043,0,0.0047712377
Warm B,359530,2102,2101,1794,1043,1,0.011395961
Warm B,336252,1980,1979,1794,1043,1,-0.0013921619
Warm B,330572,1951,1950,1794,1043,0,-0.004419433
Warm B,302528,1796,1795,1794,1043,1,0.008251205
Warm B,229971,1391,1390,1794,1043,0,-0.006611899
Warm B,319519,1897,1896,1794,1043,0,-0.00017898506
Warm B,215038,1303,1302,1794,1043,1,0.0065380014
Warm B,208386,1273,1272,1794,1043,1,0.0016114041
Warm B,204097,1255,1254,1794,1043,0,-0.00091228075
Warm B,203797,1253,1252,1794,1043,1,0.00081360363
Warm B,211241,1285,1284,1794,1043,1,0.012158174
Warm B,279751,1680,1679,1794,1043,0,0.0014314058
Warm B,244160,1470,1469,1794,1043,0,0.011792496
Warm B,213632,1298,1297,1794,1043,1,0.0029038475
Warm B,210289,1284,1283,1794,1043,1,0.0038973545
Warm B,186211,1151,1150,1794,1043,1,0.002660504
Warm B,185654,1150,1149,1794,1043,0,0.005514343
Warm B,212532,1294,1293,1794,1043,0,0.0031084067
Warm B,173802,1100,1099,1794,1043,0,0.007247347
Warm B,168632,1069,1068,1794,1043,1,0.00554857
Warm B,191322,1181,1180,1794,1043,0,0.0035812608
Warm B,158544,1015,1014,1794,1043,1,-0.0026131123
Warm B,244906,1474,1473,1794,1043,1,-0.003915203
Warm B,148833,957,956,1794,1043,1,0.0043967464
Warm B,147797,952,951,1794,1043,0,-0.0020257088
Warm B,146719,947,946,1794,1043,1,0.0013667769
Warm B,195683,1203,1202,1794,1043,1,-0.0012029576
Warm B,154644,998,997,1794,1043,1,-0.007342438
Warm B,157150,1010,1009,1794,1043,0,0.010747528
Warm B,138692,889,888,1794,1043,0,-0.0023792624
Warm B,313186,1866,1865,1794,1043,0,0.0013065129
Warm B,132063,854,853,1794,1043,0,0.0025019816
Warm B,131307,850,849,1794,1043,0,-0.000924235
Warm B,127552,823,822,1794,1043,0,0.0026483843
Warm B,116509,752,751,1794,1043,0,0.011597006
Warm B,112654,731,730,1794,1043,0,0.0024827998
Warm B,107372,706,705,1794,1043,1,0.0039652428
Warm B,97398,652,651,1794,1043,0,0.0077005047
Warm B,295023,1752,1751,1794,1043,1,-7.894309e-05
Warm B,697699,4169,4168,1794,1043,1,0.0061613778
Warm B,90278,595,594,1794,1043,1,0.005168541
Warm B,85651,558,557,1794,1043,1,0.006777018
Warm B,239221,1448,1447,1794,1043,0,0.0038299193
Warm B,197433,1211,1210,1794,1043,0,0.0075423354
Warm B,155489,1001,1000,1794,1043,1,0.0017337976
Warm B,57198,386,385,1794,1043,1,0.0042013973
Warm B,55942,371,370,1794,1043,0,0.010608313
Warm B,201739,1242,1241,1794,1043,0,-0.00085596787
Warm B,330797,1952,1951,1794,1043,1,0.0038479844
Warm B,50203,331,330,1794,1043,1,0.001015429
Warm B,199892,1227,1226,1794,1043,1,0.0071504237
Warm B,27582,193,192,1794,1043,1,0.0044843857
Warm B,26465,187,186,1794,1043,1,0.0052591027
Warm B,16696,131,130,1794,1043,1,0.0011935033
Warm B,9955,69,68,1794,1043,0,-0.0050109685
Warm B,369,5,4,1794,1043,0,0.010253231
Warm B,10792,78,77,1794,1043,1,0.0119157
Warm B,207072,1266,1265,1794,1043,0,0.008007219
Warm B,276396,1671,1670,1794,1043,1,0.0044762543
Warm B,271065,1639,1638,1794,1043,1,0.0003553126
Warm B,754525,4496,4495,1794,1043,1,0.0015945537
Warm B,844425,5074,5073,1794,1043,1,0.005506002
Warm B,954361,5761,5760,1794,1043,1,0.0060406416
Warm B,460824,2841,2840,1794,1043,0,0.001689821
Warm B,485255,2986,2985,1794,1043,1,0.0067977724
Warm B,204699,1260,1259,1794,1043,0,-0.007561959
Warm B,102522,678,677,1794,1043,0,0.013587188
Warm B,901627,5450,5449,1794,1043,0,0.0032199374
Warm B,170967,1087,1086,1794,1043,0,-0.0013907873
Warm B,384528,2246,2245,1794,1043,0,-0.0056204465
Warm B,905548,5475,5474,1794,1043,1,0.0023086148
Warm B,322625,1912,1911,1794,1043,0,0.0068319226
Warm B,117210,755,754,1794,1043,1,0.004427914
Warm B,823590,4950,4949,1794,1043,0,-0.0022980464
Warm B,235185,1425,1424,1794,1043,1,-0.00032081408
Warm B,739596,4418,4417,1794,1043,1,0.0006934453
Warm B,187773,1164,1163,1794,1043,0,0.00588922
Warm B,841573,5054,5053,1794,1043,0,0.0075685023
Warm B,693201,4150,4149,1797,1044,1,-0.0031363703
Warm B,691398,4139,4138,1797,1044,1,0.011847838
Warm B,677548,4060,4059,1797,1044,1,0.0073824245
Warm B,671453,4033,4032,1797,1044,1,0.004516882
Warm B,661572,3989,3988,1797,1044,1,0.0017712365
Warm B,622795,3769,3768,1797,1044,1,0.005117244
Warm B,614233,3720,3719,1797,1044,1,-0.002356194
Warm B,604456,3675,3674,1797,1044,1,0.011122241
Warm B,600889,3652,3651,1797,1044,1,0.009414069
Warm B,592657,3612,3611,1797,1044,1,0.0036803863
Warm B,818868,4918,4917,1797,1044,1,0.003967263
Warm B,605975,3681,3680,1797,1044,1,-0.0013330342
Warm B,594208,3618,3617,1797,1044,1,0.010237831
Warm B,645432,3885,3884,1797,1044,0,0.0060980385
Warm B,554589,3411,3410,1797,1044,0,0.00030502822
Warm B,527607,3261,3260,1797,1044,1,-0.0011691588
Warm B,520848,3213,3212,1797,1044,1,0.00725019
Warm B,522855,3224,3223,1797,1044,1,0.0020817867
Warm B,518871,3201,3200,1797,1044,1,0.0046902173
Warm B,659249,3971,3970,1797,1044,1,0.0060291905
Warm B,600234,3650,3649,1797,1044,1,0.0031860254
Warm B,482849,2967,2966,1797,1044,0,0.005984563
Warm B,529940,3272,3271,1797,1044,0,0.002017643
Warm B,478840,2938,2937,1797,1044,1,0.0065548043
Warm B,467003,2878,2877,1797,1044,1,0.003293546
Warm B,470112,2895,2894,1797,1044,1,0.00894576
Warm B,453952,2793,2792,1797,1044,1,0.008304648
Warm B,449765,2773,2772,1797,1044,0,0.004312826
Warm B,443167,2731,2730,1797,1044,1,0.01128681
Warm B,441095,2700,2699,1797,1044,1,0.010800003
Warm B,429260,2611,2610,1797,1044,1,3.3008342e-05
Warm B,422329,2557,2556,1797,1044,1,-0.0036033955
Warm B,410895,2465,2464,1797,1044,1,0.004165165
Warm B,390526,2291,2290,1797,1044,1,0.0072718346
Warm B,378209,2206,2205,1797,1044,1,0.008996179
Warm B,364375,2122,2121,1797,1044,1,0.004527848
Warm B,340219,2008,2007,1797,1044,1,0.011425142
Warm B,340084,2007,2006,1797,1044,1,0.007984248
Warm B,317354,1887,1886,1797,1044,1,0.0016273605
Warm B,309361,1841,1840,1797,1044,1,0.007328783
Warm B,295358,1753,1752,1797,1044,1,0.013986271
Warm B,256605,1568,1567,1797,1044,1,0.0069630295
Warm B,252073,1525,1524,1797,1044,1,0.0045055146
Warm B,247094,1492,1491,1797,1044,1,0.003827246
Warm B,336255,1980,1979,1797,1044,1,0.007298343
Warm B,284432,1698,1697,1797,1044,1,0.00732728
Warm B,221560,1340,1339,1797,1044,0,0.00829159
Warm B,289468,1727,1726,1797,1044,1,0.011392864
Warm B,211244,1285,1284,1797,1044,1,8.523208e-05
Warm B,207816,1271,1270,1797,1044,1,0.0061899982
Warm B,191327,1181,1180,1797,1044,0,0.006468879
Warm B,164003,1050,1049,1797,1044,0,0.004681347
Warm B,166596,1059,1058,1797,1044,1,0.005000469
Warm B,248301,1498,1497,1797,1044,1,0.006001338
Warm B,149400,962,961,1797,1044,1,0.0069557657
Warm B,151707,975,974,1797,1044,1,0.0010792435
Warm B,146690,946,945,1797,1044,1,0.0075327693
Warm B,154646,998,997,1797,1044,1,0.0053680465
Warm B,185659,1150,1149,1797,1044,0,0.007901698
Warm B,263594,1605,1604,1797,1044,0,0.0034336979
Warm B,322628,1912,1911,1797,1044,1,0.004239989
Warm B,235662,1426,1425,1797,1044,1,0.009415643
Warm B,106268,699,698,1797,1044,1,0.0019190972
Warm B,151298,973,972,1797,1044,1,0.0031997934
Warm B,46476,310,309,1797,1044,1,0.0048776204
Warm B,37897,259,258,1797,1044,1,0.006030199
Warm B,37756,258,257,1797,1044,1,0.0044276775
Warm B,99020,660,659,1797,1044,1,0.003056074
Warm B,32139,216,215,1797,1044,1,0.0053574536
Warm B,24933,175,174,1797,1044,1,0.0019546289
Warm B,537412,3311,3310,1797,1044,1,-0.00014945038
Warm B,24046,171,170,1797,1044,1,3.3403514e-05
Warm B,18421,144,143,1797,1044,1,0.0028395164
Warm B,127554,823,822,1797,1044,1,-0.00070812437
Warm B,6870,48,47,1797,1044,1,0.003049839
Warm B,207074,1266,1265,1797,1044,0,0.009217111
Warm B,459655,2832,2831,1797,1044,1,0.0067991354
Warm B,399970,2380,2379,1797,1044,1,0.0039785053
Warm B,65527,438,437,1797,1044,1,0.0014982824
Warm B,572400,3507,3506,1797,1044,1,0.0068968176
Warm B,265239,1611,1610,1797,1044,1,0.007897938
Warm B,240417,1449,1448,1797,1044,1,0.004352557
Warm B,622326,3768,3767,1797,1044,1,0.002184746
Warm B,550476,3391,3390,1797,1044,1,0.0065240823
Warm B,511963,3158,3157,1797,1044,1,0.006413391
Warm B,507867,3125,3124,1797,1044,1,0.0072599915
Warm B,335226,1978,1977,1797,1044,1,0.0099915825
Warm B,130007,840,839,1797,1044,1,0.0023451748
Warm B,344658,2022,2021,1797,1044,1,0.0011309437
Warm B,66157,442,441,1797,1044,1,0.013781425
Warm B,947993,5723,5722,1797,1044,0,0.0067042187
Warm B,959097,5787,5786,1797,1044,1,0.013424796
Warm B,564666,3471,3470,1797,1044,0,0.0042100213
Warm B,538123,3312,3311,1797,1044,0,0.011936349
Warm B,130587,846,845,1797,1044,1,0.009776355
Warm B,991836,5991,5990,1797,1044,0,0.004973022
Warm B,750708,4478,4477,1797,1044,0,-0.0028633873
Warm B,657636,3963,3962,1797,1044,1,0.0063507017
Warm B,371105,2168,2167,1797,1044,1,-0.0016076206
Warm B,215670,1306,1305,1797,1044,1,0.008781115
Warm B,9714,65,64,1797,1044,1,0.0020367107
Warm B,254907,1551,1550,1797,1044,1,-0.0003168895
Warm B,769116,4579,4578,1797,1044,1,0.017788483
Warm B,384530,2246,2245,1797,1044,1,0.0075492305
Warm B,662086,3992,3991,1797,1044,1,0.0002631595
Warm B,341763,2012,2011,1797,1044,1,0.005613946
Warm B,555078,3413,3412,1797,1044,1,0.0034618038
Warm B,351503,2063,2062,1804,1047,0,0.0147441905
Warm B,357302,2092,2091,1804,1047,1,0.0066438075
Warm B,340481,2010,2009,1804,1047,0,0.010451545
Warm B,335587,1980,1979,1804,1047,0,0.010143061
Warm B,275018,1666,1665,1804,1047,1,0.00937211
Warm B,258120,1581,1580,1804,1047,0,0.00331961
Warm B,242659,1465,1464,1804,1047,0,0.00784696
Warm B,323695,1920,1919,1804,1047,1,0.004298571
Warm B,188868,1172,1171,1804,1047,1,0.010995684
Warm B,184996,1150,1149,1804,1047,0,0.012927111
Warm B,210680,1285,1284,1804,1047,0,0.009772487
Warm B,172817,1096,1095,1804,1047,1,0.006708783
Warm B,170209,1084,1083,1804,1047,0,0.010677485
Warm B,168278,1069,1068,1804,1047,0,0.0045491
Warm B,190554,1181,1180,1804,1047,0,0.0069703176
Warm B,275430,1667,1666,1804,1047,1,-0.0048653283
Warm B,157896,1015,1014,1804,1047,0,0.018622806
Warm B,142340,919,918,1804,1047,0,0.0030054029
Warm B,136345,881,880,1804,1047,0,0.0031692083
Warm B,360556,2106,2105,1804,1047,0,0.006430188
Warm B,115949,752,751,1804,1047,1,0.0128464075
Warm B,114144,742,741,1804,1047,0,-5.748472e-06
Warm B,105908,699,698,1804,1047,0,0.010790234
Warm B,480016,2946,2945,1804,1047,0,0.009593269
Warm B,283949,1698,1697,1804,1047,1,0.011085597
Warm B,115300,749,748,1804,1047,0,0.005213444
Warm B,308437,1837,1836,1804,1047,0,0.014394388
Warm B,238682,1448,1447,1804,1047,0,0.014744543
Warm B,59110,402,401,1804,1047,0,0.007772225
Warm B,53650,352,351,1804,1047,0,0.003151292
Warm B,47409,319,318,1804,1047,0,0.015116803
Warm B,40338,272,271,1804,1047,0,0.0025840157
Warm B,418273,2528,2527,1804,1047,0,-0.0036614053
Warm B,33437,225,224,1804,1047,0,0.015352706
Warm B,30229,203,202,1804,1047,0,0.00035946374
Warm B,29760,202,201,1804,1047,0,0.005890122
Warm B,29146,199,198,1804,1047,0,0.008385837
Warm B,882835,5333,5332,1804,1047,0,0.017422888
Warm B,346952,2035,2034,1804,1047,1,0.000105385436
Warm B,15543,123,122,1804,1047,1,-0.00087716593
Warm B,10004,70,69,1804,1047,0,0.0034822687
Warm B,2214,18,17,1804,1047,0,-0.0071874224
Warm B,1678,15,14,1804,1047,1,0.008400356
Warm B,223371,1354,1353,1804,1047,0,-0.00022242125
Warm B,210021,1284,1283,1804,1047,1,0.007569148
Warm B,78316,528,527,1804,1047,0,0.006270562
Warm B,354750,2077,2076,1804,1047,0,0.015625075
Warm B,626569,3792,3791,1804,1047,1,0.0124858655
Warm B,50080,331,330,1804,1047,0,0.0045294897
Warm B,682244,4085,4084,1804,1047,1,0.007945841
Warm B,472389,2907,2906,1804,1047,0,0.014123453
Warm B,171372,1088,1087,1804,1047,0,0.007023433
Warm B,801327,4802,4801,1804,1047,1,0.012217332
Warm B,689769,4126,4125,1804,1047,0,0.008885626
Warm B,257489,1579,1578,1804,1047,0,0.0063136164
Warm B,587739,3589,3588,1804,1047,0,-0.00010580779
Warm B,695945,4169,4168,1804,1047,0,0.020424604
Warm B,331384,1958,1957,1804,1047,0,0.006605827
Warm B,974238,5878,5877,1804,1047,1,0.00530102
Warm B,617989,3745,3744,1806,1049,0,0.016240394
Warm B,636805,3836,3835,1806,1049,0,0.012331695
Warm B,612421,3713,3712,1806,1049,1,0.015100604
Warm B,604040,3675,3674,1806,1049,0,0.014226167
Warm B,602633,3667,3666,1806,1049,1,0.00680987
Warm B,590927,3604,3603,1806,1049,1,0.0067316256
Warm B,589015,3592,3591,1806,1049,0,0.015346792
Warm B,587741,3589,3588,1806,1049,0,0.015108149
Warm B,586710,3582,3581,1806,1049,1,0.014336456
Warm B,758431,4510,4509,1806,1049,0,0.015050948
Warm B,576935,3526,3525,1806,1049,0,0.009251527
Warm B,569703,3493,3492,1806,1049,0,0.007858859
Warm B,567863,3484,3483,1806,1049,0,0.0032870446
Warm B,556803,3422,3421,1806,1049,0,0.015527471
Warm B,638955,3842,3841,1806,1049,1,0.013224439
Warm B,535822,3308,3307,1806,1049,0,0.0164225
Warm B,529504,3272,3271,1806,1049,0,0.023487644
Warm B,523370,3227,3226,1806,1049,0,0.0042474465
Warm B,514800,3180,3179,1806,1049,0,0.008508184
Warm B,527280,3261,3260,1806,1049,0,0.014511069
Warm B,768636,4579,4578,1806,1049,0,0.014918059
Warm B,495578,3044,3043,1806,1049,1,0.012138092
Warm B,493874,3032,3031,1806,1049,1,0.013057717
Warm B,489509,3013,3012,1806,1049,1,0.0115668485
Warm B,599826,3650,3649,1806,1049,1,0.013256777
Warm B,477921,2934,2933,1806,1049,1,0.020079121
Warm B,473324,2909,2908,1806,1049,0,0.011509029
Warm B,463103,2857,2856,1806,1049,1,0.007768753
Warm B,456366,2810,2809,1806,1049,0,0.009400941
Warm B,834129,5015,5014,1806,1049,0,0.023889951
Warm B,450639,2777,2776,1806,1049,1,0.007439338
Warm B,430311,2623,2622,1806,1049,1,0.0055388454
Warm B,435537,2663,2662,1806,1049,0,0.008980365
Warm B,422938,2564,2563,1806,1049,0,0.018310968
Warm B,420409,2541,2540,1806,1049,0,0.0041644326
Warm B,418509,2529,2528,1806,1049,1,0.020687737
Warm B,412713,2484,2483,1806,1049,0,0.019527577
Warm B,409517,2457,2456,1806,1049,1,0.017059438
Warm B,408611,2454,2453,1806,1049,1,0.019779682
Warm B,399754,2380,2379,1806,1049,0,0.013565255
Warm B,392687,2305,2304,1806,1049,0,0.010924134
Warm B,376962,2202,2201,1806,1049,0,0.011092072
Warm B,373886,2181,2180,1806,1049,1,0.023626085
Warm B,364618,2124,2123,1806,1049,1,0.018690541
Warm B,387486,2265,2264,1806,1049,1,0.010974224
Warm B,341451,2012,2011,1806,1049,0,0.01244037
Warm B,324165,1921,1920,1806,1049,0,0.013504885
Warm B,325263,1926,1925,1806,1049,0,0.005931287
Warm B,286222,1709,1708,1806,1049,0,0.0060314024
Warm B,268469,1631,1630,1806,1049,1,0.007867631
Warm B,252316,1529,1528,1806,1049,0,0.0076760687
Warm B,342266,2015,2014,1806,1049,1,0.012535995
Warm B,353968,2073,2072,1806,1049,0,0.010991557
Warm B,236317,1434,1433,1806,1049,0,0.013564237
Warm B,247293,1495,1494,1806,1049,0,0.01070361
Warm B,231590,1404,1403,1806,1049,0,0.009988011
Warm B,240760,1450,1449,1806,1049,0,-0.009487901
Warm B,219743,1333,1332,1806,1049,0,0.00847538
Warm B,226351,1370,1369,1806,1049,1,0.0114116855
Warm B,207724,1271,1270,1806,1049,1,0.008761811
Warm B,250326,1509,1508,1806,1049,0,0.008537759
Warm B,198770,1221,1220,1806,1049,1,0.005574923
Warm B,277481,1676,1675,1806,1049,0,0.019791251
Warm B,191780,1182,1181,1806,1049,0,0.015592553
Warm B,331388,1958,1957,1806,1049,0,0.014680529
Warm B,173540,1100,1099,1806,1049,0,0.009619109
Warm B,198581,1220,1219,1806,1049,0,0.0026504432
Warm B,172818,1096,1095,1806,1049,0,0.0065838145
Warm B,188177,1168,1167,1806,1049,0,0.005179172
Warm B,229184,1389,1388,1806,1049,0,0.010825733
Warm B,272067,1645,1644,1806,1049,1,0.016141882
Warm B,255449,1556,1555,1806,1049,0,0.016511943
Warm B,227554,1380,1379,1806,1049,0,0.020335829
Warm B,157553,1014,1013,1806,1049,0,0.0052325684
Warm B,156622,1010,1009,1806,1049,0,0.01299396
Warm B,351510,2063,2062,1806,1049,0,0.022530407
Warm B,126496,817,816,1806,1049,1,0.020983778
Warm B,121022,780,779,1806,1049,1,0.01804623
Warm B,116795,753,752,1806,1049,1,0.008625169
Warm B,174969,1109,1108,1806,1049,0,0.00842475
Warm B,112327,731,730,1806,1049,1,0.0125274835
Warm B,763819,4543,4542,1806,1049,1,0.023981955
Warm B,93745,629,628,1806,1049,1,0.008121565
Warm B,92207,614,613,1806,1049,0,0.0070744967
Warm B,291206,1737,1736,1806,1049,0,0.018461343
Warm B,82206,546,545,1806,1049,1,0.015286258
Warm B,73066,494,493,1806,1049,0,0.0018845402
Warm B,87051,569,568,1806,1049,1,0.0021190406
Warm B,59112,402,401,1806,1049,1,0.014978137
Warm B,55797,369,368,1806,1049,0,0.012546824
Warm B,51130,337,336,1806,1049,0,0.01591675
Warm B,43375,298,297,1806,1049,0,-0.0009711506
Warm B,19343,148,147,1806,1049,1,0.01757159
Warm B,86514,566,565,1806,1049,0,0.017983582
Warm B,10496,75,74,1806,1049,1,0.011404213
Warm B,49344,329,328,1806,1049,0,0.012705923
Warm B,509,6,5,1806,1049,0,0.0012139159
Warm B,233950,1422,1421,1806,1049,0,0.016790453
Warm B,78319,528,527,1806,1049,0,0.023727193
Warm B,385992,2258,2257,1806,1049,1,0.01790787
Warm B,954189,5761,5760,1806,1049,0,0.02417324
Warm B,362793,2116,2115,1806,1049,0,0.020639526
Warm B,144792,934,933,1806,1049,0,0.014096969
Warm B,829928,4983,4982,1806,1049,0,0.01167977
Warm B,232769,1415,1414,1806,1049,0,0.010388317
Warm B,50615,333,332,1806,1049,0,0.01814733
Warm B,222722,1348,1347,1806,1049,1,0.0020999662
Warm B,974241,5878,5877,1806,1049,0,0.020940239
Warm B,294196,1749,1748,1816,1051,0,0.008246946
Warm B,185023,1150,1149,1816,1051,0,-4.910282e-05
Warm B,307281,1835,1834,1816,1051,1,0.006483969
Warm B,201415,1242,1241,1816,1051,1,0.015741015
Warm B,168295,1069,1068,1816,1051,0,0.012475016
Warm B,166355,1059,1058,1816,1051,0,0.0044282866
Warm B,164361,1051,1050,1816,1051,0,0.0051030666
Warm B,163706,1050,1049,1816,1051,0,0.0031364884
Warm B,142346,919,918,1816,1051,1,0.006351986
Warm B,131044,850,849,1816,1051,0,0.0028597862
Warm B,332538,1962,1961,1816,1051,0,0.0031823455
Warm B,111834,728,727,1816,1051,0,-0.009666763
Warm B,112334,731,730,1816,1051,1,0.021751052
Warm B,238704,1448,1447,1816,1051,0,0.011884533
Warm B,77292,524,523,1816,1051,1,0.016493354
Warm B,80067,533,532,1816,1051,0,0.011639362
Warm B,81536,543,542,1816,1051,1,0.012297396
Warm B,57156,386,385,1816,1051,0,-0.0019256319
Warm B,228089,1383,1382,1816,1051,1,0.010213127
Warm B,31211,210,209,1816,1051,1,0.004660356
Warm B,29165,199,198,1816,1051,0,0.0077445614
Warm B,26394,187,186,1816,1051,1,0.0085603595
Warm B,15568,123,122,1816,1051,0,0.01609129
Warm B,7681,53,52,1816,1051,0,0.0078659
Warm B,631416,3821,3820,1816,1051,0,0.006810639
Warm B,263099,1605,1604,1816,1051,1,0.0116339475
Warm B,79208,531,530,1816,1051,0,0.01771668
Warm B,129258,839,838,1816,1051,1,0.021601629
Warm B,892849,5394,5393,1816,1051,1,0.00905564
Warm B,750361,4478,4477,1816,1051,0,0.0015098294
Warm B,309519,1842,1841,1816,1051,1,0.013679612
Warm B,907580,5492,5491,1816,1051,1,0.012862497
Warm B,195297,1203,1202,1816,1051,0,0.002135423
Warm B,565449,3475,3474,1816,1051,0,0.0031609493
Warm B,335618,1980,1979,1816,1051,0,0.019865064
Warm B,805633,4823,4822,1816,1051,0,0.0072012125
Warm B,501187,3080,3079,1816,1051,0,0.005505801
Warm B,360576,2106,2105,1816,1051,0,0.001625007
Warm B,509760,3140,3139,1816,1051,1,0.013238962
Warm B,178579,1121,1120,1816,1051,0,0.0063709067
Warm B,33923,229,228,1816,1051,0,-0.002520333
Warm B,902753,5458,5457,1824,1053,0,0.0024468182
Warm B,532017,3285,3284,1824,1053,0,0.0053288927
Warm B,526687,3259,3258,1824,1053,0,-0.003608634
Warm B,521029,3216,3215,1824,1053,1,0.007296705
Warm B,519782,3207,3206,1824,1053,0,0.0030326415
Warm B,515362,3182,3181,1824,1053,1,0.0014189372
Warm B,513373,3166,3165,1824,1053,0,0.0015148184
Warm B,527302,3261,3260,1824,1053,0,0.009101059
Warm B,507176,3121,3120,1824,1053,0,0.002226715
Warm B,501195,3080,3079,1824,1053,0,0.000758847
Warm B,480535,2948,2947,1824,1053,0,0.0033606687
Warm B,479876,2945,2944,1824,1053,0,0.010479055
Warm B,564251,3471,3470,1824,1053,0,0.0048475014
Warm B,411503,2472,2471,1824,1053,0,0.0005515126
Warm B,393845,2320,2319,1824,1053,0,5.5254204e-05
Warm B,367860,2148,2147,1824,1053,1,0.01978444
Warm B,364644,2124,2123,1824,1053,1,0.012323737
Warm B,351554,2063,2062,1824,1053,0,0.009474593
Warm B,281196,1687,1686,1824,1053,0,0.0060153985
Warm B,264818,1610,1609,1824,1053,0,0.008583896
Warm B,304244,1807,1806,1824,1053,0,0.0117910225
Warm B,259362,1587,1586,1824,1053,0,0.0056949905
Warm B,332547,1962,1961,1824,1053,0,0.0016020645
Warm B,210715,1285,1284,1824,1053,0,0.004684315
Warm B,277498,1676,1675,1824,1053,0,0.010761673
Warm B,210043,1284,1283,1824,1053,1,0.009389303
Warm B,185043,1150,1149,1824,1053,1,0.009361362
Warm B,156657,1010,1009,1824,1053,0,0.0061260955
Warm B,128505,832,831,1824,1053,0,-0.0010151111
Warm B,124793,802,801,1824,1053,0,-0.0035079657
Warm B,306181,1824,1823,1824,1053,0,0.0023809662
Warm B,115997,752,751,1824,1053,1,0.015296881
Warm B,100088,669,668,1824,1053,1,0.0007250208
Warm B,86528,566,565,1824,1053,1,-0.0013537761
Warm B,82211,546,545,1824,1053,1,0.0069776885
Warm B,82888,549,548,1824,1053,1,0.006024531
Warm B,59123,402,401,1824,1053,0,0.007400282
Warm B,56698,380,379,1824,1053,0,0.004541361
Warm B,40376,272,271,1824,1053,1,0.0071573956
Warm B,12833,99,98,1824,1053,0,0.0018718273
Warm B,695994,4169,4168,1824,1053,0,0.0046436638
Warm B,317577,1889,1888,1824,1053,0,0.00078335253
Warm B,324884,1925,1924,1824,1053,1,0.005117262
Warm B,790327,4728,4727,1824,1053,0,0.00092700555
Warm B,283989,1698,1697,1827,1054,1,0.013967026
Warm B,210720,1285,1284,1827,1054,1,0.023808936
Warm B,205678,1264,1263,1827,1054,1,0.012130805
Warm B,202382,1244,1243,1827,1054,1,0.009738124
Warm B,293115,1746,1745,1827,1054,1,0.00631415
Warm B,165552,1055,1054,1827,1054,1,0.0053149704
Warm B,258347,1584,1583,1827,1054,1,0.0009638686
Warm B,214726,1303,1302,1827,1054,0,0.022836149
Warm B,137974,889,888,1827,1054,0,0.0086576305
Warm B,126100,813,812,1827,1054,1,0.0058527514
Warm B,116001,752,751,1827,1054,1,0.015081271
Warm B,105931,699,698,1827,1054,1,0.00545294
Warm B,370922,2168,2167,1827,1054,1,0.01890006
Warm B,97749,655,654,1827,1054,1,0.006384215
Warm B,96357,647,646,1827,1054,1,0.007818405
Warm B,631431,3821,3820,1827,1054,0,0.009008182
Warm B,92519,620,619,1827,1054,1,0.006996823
Warm B,190621,1181,1180,1827,1054,0,0.008425407
Warm B,65239,438,437,1827,1054,1,0.00062577473
Warm B,123333,796,795,1827,1054,1,0.020818936
Warm B,42966,294,293,1827,1054,0,0.002968573
Warm B,42771,293,292,1827,1054,1,0.0077382503
Warm B,31363,212,211,1827,1054,1,0.002548524
Warm B,290050,1733,1732,1827,1054,0,0.016535329
Warm B,16661,131,130,1827,1054,0,0.0026063775
Warm B,5024,36,35,1827,1054,1,0.014893267
Warm B,19970,149,148,1827,1054,1,0.01708184
Warm B,65969,442,441,1827,1054,1,0.017593259
Warm B,206733,1266,1265,1827,1054,0,0.009832045
Warm B,24335,173,172,1827,1054,1,0.0020333934
Warm B,23660,169,168,1827,1054,0,0.008798325
Warm B,254837,1551,1550,1827,1054,1,0.014530746
Warm B,783997,4682,4681,1827,1054,1,0.01468759
Warm B,309525,1842,1841,1827,1054,1,0.009573016
Warm B,947855,5723,5722,1827,1054,1,0.011388014
Warm B,712828,4277,4276,1827,1054,1,0.025045004
Warm B,322190,1912,1911,1827,1054,0,0.01688483
Warm B,28123,195,194,1827,1054,1,0.024959847
Warm B,344789,2023,2022,1827,1054,1,0.010175598
Warm B,546725,3371,3370,1827,1054,1,0.025541967
Warm B,216887,1317,1316,1827,1054,1,0.017444275
Warm B,193528,1194,1193,1827,1054,1,0.00924474
Warm B,499250,3067,3066,1836,1059,1,0.008835846
Warm B,498493,3062,3061,1836,1059,0,-0.00077489857
Warm B,493934,3032,3031,1836,1059,1,-0.003570191
Warm B,493300,3031,3030,1836,1059,1,0.011094341
Warm B,852569,5113,5112,1836,1059,0,0.003936719
Warm B,465597,2872,2871,1836,1059,1,0.0036504876
Warm B,459578,2832,2831,1836,1059,1,0.010776045
Warm B,458882,2825,2824,1836,1059,1,0.0048240055
Warm B,949473,5737,5736,1836,1059,1,0.0031345082
Warm B,431367,2628,2627,1836,1059,1,-0.0010588379
Warm B,408088,2453,2452,1836,1059,0,0.0077934223
Warm B,464079,2860,2859,1836,1059,1,0.0067750895
Warm B,404448,2419,2418,1836,1059,0,0.0062726606
Warm B,362840,2116,2115,1836,1059,0,0.008913536
Warm B,364652,2124,2123,1836,1059,1,0.0017298113
Warm B,330511,1951,1950,1836,1059,1,0.0045971284
Warm B,274627,1659,1658,1836,1059,0,0.010221634
Warm B,310074,1845,1844,1836,1059,1,0.0035652851
Warm B,274328,1658,1657,1836,1059,1,0.012109185
Warm B,309905,1843,1842,1836,1059,1,0.00033729267
Warm B,212021,1291,1290,1836,1059,1,0.008738186
Warm B,196388,1207,1206,1836,1059,0,0.004157354
Warm B,209383,1279,1278,1836,1059,0,0.007952888
Warm B,329209,1943,1942,1836,1059,1,0.002107393
Warm B,185055,1150,1149,1836,1059,0,0.0050816205
Warm B,201436,1242,1241,1836,1059,1,-0.0045772847
Warm B,166369,1059,1058,1836,1059,0,0.0074626375
Warm B,163723,1050,1049,1836,1059,0,0.014405096
Warm B,142353,919,918,1836,1059,1,0.0053926646
Warm B,263127,1605,1604,1836,1059,0,0.020018863
Warm B,116013,752,751,1836,1059,1,0.0050389324
Warm B,111844,728,727,1836,1059,0,-0.0013875305
Warm B,778833,4653,4652,1836,1059,0,0.006282615
Warm B,107291,706,705,1836,1059,0,0.005369546
Warm B,176803,1117,1116,1836,1059,0,0.008078986
Warm B,97754,655,654,1836,1059,0,0.005866146
Warm B,96020,645,644,1836,1059,0,0.0070564933
Warm B,332556,1962,1961,1836,1059,0,0.012978456
Warm B,631441,3821,3820,1836,1059,0,0.0061503975
Warm B,696014,4169,4168,1836,1059,1,0.012717729
Warm B,87215,570,569,1836,1059,0,0.005104293
Warm B,82909,549,548,1836,1059,1,0.002749996
Warm B,190638,1181,1180,1836,1059,0,0.015460083
Warm B,79237,531,530,1836,1059,0,0.007563402
Warm B,77322,524,523,1836,1059,0,0.020722963
Warm B,71883,482,481,1836,1059,0,0.006272793
Warm B,70109,474,473,1836,1059,1,0.011249079
Warm B,155275,1001,1000,1836,1059,1,0.0031597647
Warm B,53739,352,351,1836,1059,1,0.013186248
Warm B,132345,855,854,1836,1059,1,0.011456756
Warm B,29195,199,198,1836,1059,0,0.00059167726
Warm B,26416,187,186,1836,1059,0,0.002078107
Warm B,17495,136,135,1836,1059,1,0.008300567
Warm B,7708,53,52,1836,1059,1,0.0054503838
Warm B,577,8,7,1836,1059,1,-0.0030078627
Warm B,36,1,0,1836,1059,1,0.0111369975
Warm B,457771,2820,2819,1836,1059,0,0.00565474
Warm B,206741,1266,1265,1836,1059,0,0.01859881
Warm B,450069,2775,2774,1836,1059,1,0.0031041347
Warm B,157952,1015,1014,1836,1059,1,0.0050288537
Warm B,762201,4528,4527,1836,1059,1,0.0050164126
Warm B,252438,1530,1529,1836,1059,1,0.013423467
Warm B,497143,3054,3053,1836,1059,0,0.0017371451
Warm B,164385,1051,1050,1836,1059,1,0.009641839
Warm B,317587,1889,1888,1836,1059,0,0.00564793
Warm B,963933,5812,5811,1836,1059,0,0.0016394691
Warm B,302062,1794,1793,1836,1059,0,0.008828184
Warm B,200017,1228,1227,1836,1059,0,0.0005935081
Warm B,923885,5580,5579,1836,1059,1,0.0055726953
Warm B,195319,1203,1202,1836,1059,0,0.0106491875
Warm B,159925,1019,1018,1836,1059,0,0.0030390928
Warm B,62716,424,423,1836,1059,0,0.0116353575
Warm B,290059,1733,1732,1836,1059,1,0.010818443
Warm B,187550,1164,1163,1836,1059,1,0.006928616
Warm B,933380,5636,5635,1836,1059,0,0.0033534337
Warm B,537804,3312,3311,1837,1060,0,0.012573333
Warm B,183508,1142,1141,1837,1060,0,0.01258032
Warm B,768648,4579,4578,1837,1060,0,0.009783715
Warm B,473387,2909,2908,1837,1060,1,0.009193071
Warm B,132348,855,854,1839,1061,0,0.010671427
Warm B,32058,216,215,1839,1061,0,0.0058984
Warm B,142163,918,917,1839,1061,0,0.0015872967
Warm B,362843,2116,2115,1839,1061,0,0.010613717
Warm B,489525,3013,3012,1839,1061,0,0.00582045
Warm B,878939,5312,5311,1839,1061,0,0.009202691
Warm B,565463,3475,3474,1839,1061,0,-0.0033449847
Warm B,62719,424,423,1839,1061,0,0.013500176
Warm B,272760,1647,1646,1839,1061,0,0.010081084
Warm B,748816,4471,4470,1840,1062,0,-0.006934089
Warm B,534317,3299,3298,1840,1062,1,6.52583e-05
Warm B,532034,3285,3284,1840,1062,0,0.00961264
Warm B,579948,3540,3539,1840,1062,1,0.0014305082
Warm B,526199,3253,3252,1840,1062,1,-0.0017558564
Warm B,502074,3082,3081,1840,1062,0,0.0023590303
Warm B,500209,3072,3071,1840,1062,1,0.004144178
Warm B,496426,3051,3050,1840,1062,0,0.012746923
Warm B,493947,3032,3031,1840,1062,1,0.0011066785
Warm B,498265,3058,3057,1840,1062,1,0.009835225
Warm B,475435,2918,2917,1840,1062,1,0.005021966
Warm B,852575,5113,5112,1840,1062,0,0.00502818
Warm B,468323,2887,2886,1840,1062,1,0.008942646
Warm B,458886,2825,2824,1840,1062,0,-0.00029562833
Warm B,455616,2806,2805,1840,1062,0,0.008793172
Warm B,450701,2777,2776,1840,1062,1,-0.0009980258
Warm B,431368,2628,2627,1840,1062,1,0.0007608227
Warm B,420188,2540,2539,1840,1062,1,0.0026980003
Warm B,408101,2453,2452,1840,1062,0,0.004140791
Warm B,399001,2376,2375,1840,1062,0,0.0022641076
Warm B,398215,2368,2367,1840,1062,1,-0.0051614884
Warm B,388599,2276,2275,1840,1062,0,0.000690879
Warm B,386570,2261,2260,1840,1062,0,0.011755919
Warm B,378569,2210,2209,1840,1062,1,0.00014544802
Warm B,382454,2235,2234,1840,1062,0,-0.0034297158
Warm B,362853,2116,2115,1840,1062,0,0.0024776114
Warm B,359300,2102,2101,1840,1062,0,0.007354915
Warm B,340528,2010,2009,1840,1062,0,0.002499009
Warm B,316187,1883,1882,1840,1062,0,0.005745078
Warm B,314612,1879,1878,1840,1062,1,-0.00011197198
Warm B,267523,1626,1625,1840,1062,1,0.00533853
Warm B,265643,1613,1612,1840,1062,1,0.006954811
Warm B,260961,1595,1594,1840,1062,1,0.003362931
Warm B,659097,3971,3970,1840,1062,1,0.0020106635
Warm B,350682,2059,2058,1840,1062,1,0.0030399966
Warm B,332563,1962,1961,1840,1062,0,0.0020173513
Warm B,301725,1793,1792,1840,1062,1,0.0009931305
Warm B,233358,1420,1419,1840,1062,0,-0.003286277
Warm B,325293,1926,1925,1840,1062,1,0.006396568
Warm B,307966,1836,1835,1840,1062,0,0.004891554
Warm B,243794,1470,1469,1840,1062,1,0.01283331
Warm B,194367,1199,1198,1840,1062,0,0.007901795
Warm B,182455,1139,1138,1840,1062,0,0.005930418
Warm B,174058,1101,1100,1840,1062,1,0.005490628
Warm B,166376,1059,1058,1840,1062,0,-0.007311414
Warm B,334502,1974,1973,1840,1062,0,0.013913676
Warm B,163730,1050,1049,1840,1062,0,0.00066679856
Warm B,152933,984,983,1840,1062,0,0.012894968
Warm B,151532,975,974,1840,1062,0,0.0046326686
Warm B,148693,957,956,1840,1062,1,0.009574576
Warm B,199350,1224,1223,1840,1062,1,0.0051674284
Warm B,311902,1860,1859,1840,1062,0,0.010073853
Warm B,136404,881,880,1840,1062,0,0.0032126624
Warm B,127670,824,823,1840,1062,1,0.0045500626
Warm B,126851,818,817,1840,1062,0,0.008011995
Warm B,116029,752,751,1840,1062,1,0.006901292
Warm B,114773,746,745,1840,1062,0,0.0037489762
Warm B,107806,710,709,1840,1062,1,0.0051837224
Warm B,299523,1778,1777,1840,1062,1,0.006322182
Warm B,175978,1113,1112,1840,1062,0,0.008021224
Warm B,190656,1181,1180,1840,1062,0,0.0064117424
Warm B,82923,549,548,1840,1062,0,0.0095050065
Warm B,78362,528,527,1840,1062,0,0.010691148
Warm B,239856,1449,1448,1840,1062,0,0.0072709317
Warm B,53761,352,351,1840,1062,1,0.009059022
Warm B,68170,457,456,1840,1062,0,0.008543458
Warm B,42969,294,293,1840,1062,1,0.00268982
Warm B,696024,4169,4168,1840,1062,0,0.0055362154
Warm B,33948,229,228,1840,1062,1,0.0043835468
Warm B,28161,195,194,1840,1062,1,0.0046446393
Warm B,26425,187,186,1840,1062,1,0.010697785
Warm B,24909,175,174,1840,1062,1,0.006888327
Warm B,23379,168,167,1840,1062,1,-0.0008398392
Warm B,23340,167,166,1840,1062,0,-0.0014165426
Warm B,21571,157,156,1840,1062,1,0.0023460183
Warm B,16675,131,130,1840,1062,0,0.009868288
Warm B,1526,15,14,1840,1062,0,-0.0069632586
Warm B,595,8,7,1840,1062,1,0.001261989
Warm B,223421,1354,1353,1840,1062,1,0.00055836025
Warm B,104214,692,691,1840,1062,1,0.0075212307
Warm B,286624,1712,1711,1840,1062,0,0.009610992
Warm B,129288,839,838,1840,1062,1,0.0036927045
Warm B,113713,737,736,1840,1062,1,0.00865869
Warm B,933385,5636,5635,1840,1062,1,0.006658333
Warm B,233615,1421,1420,1840,1062,0,0.005806195
Warm B,50160,331,330,1840,1062,1,0.008946782
Warm B,777693,4647,4646,1840,1062,0,0.005074556
Warm B,257540,1579,1578,1840,1062,0,-0.00072015147
Warm B,497149,3054,3053,1840,1062,0,-0.0009576669
Warm B,19994,149,148,1840,1062,0,0.0057900315
Warm B,317595,1889,1888,1840,1062,0,0.015495233
Warm B,302071,1794,1793,1840,1062,0,0.0064634974
Warm B,309532,1842,1841,1840,1062,1,-0.0009915109
Warm B,290066,1733,1732,1840,1062,0,0.010379244
Warm B,626618,3792,3791,1840,1062,1,0.0035959433
Warm B,62732,424,423,1840,1062,0,0.0034053605
Warm B,336665,1982,1981,1840,1062,1,0.008862192
Warm B,941342,5682,5681,1840,1062,1,0.0063232044
Warm B,825512,4958,4957,1840,1062,1,0.0017836208
Warm B,193544,1194,1193,1840,1062,0,0.0018826765
Warm B,348905,2047,2046,1841,1063,0,0.0013240995
Warm B,295988,1757,1756,1841,1063,0,0.011826498
Warm B,265645,1613,1612,1841,1063,0,0.0050674165
Warm B,263877,1606,1605,1841,1063,1,0.014223633
Warm B,335674,1980,1979,1841,1063,0,0.010034121
Warm B,303722,1804,1803,1841,1063,0,0.0019932326
Warm B,278898,1680,1679,1841,1063,0,0.0070245066
Warm B,196394,1207,1206,1841,1063,0,-0.0009796539
Warm B,307314,1835,1834,1841,1063,0,0.004498151
Warm B,331453,1958,1957,1841,1063,1,0.01589238
Warm B,183919,1146,1145,1841,1063,0,-0.009441702
Warm B,168328,1069,1068,1841,1063,1,0.0018504938
Warm B,159933,1019,1018,1841,1063,0,0.0070220637
Warm B,145283,935,934,1841,1063,0,0.0061056213
Warm B,117427,757,756,1841,1063,0,0.012795826
Warm B,116030,752,751,1841,1063,0,-0.00010032533
Warm B,113245,735,734,1841,1063,0,0.004084806
Warm B,110686,721,720,1841,1063,0,0.0047884784
Warm B,696026,4169,4168,1841,1063,1,0.015835395
Warm B,320731,1902,1901,1841,1063,0,-0.00065928116
Warm B,190659,1181,1180,1841,1063,0,0.014792835
Warm B,82925,549,548,1841,1063,1,0.011379361
Warm B,481709,2962,2961,1841,1063,0,0.006160582
Warm B,26427,187,186,1841,1063,0,0.0041486183
Warm B,204488,1260,1259,1841,1063,0,0.005004429
Warm B,16982,133,132,1841,1063,1,0.007902404
Warm B,290067,1733,1732,1841,1063,0,0.017843679
Warm B,15611,123,122,1841,1063,0,0.00566636
Warm B,638990,3842,3841,1841,1063,1,0.0049576545
Warm B,50163,331,330,1841,1063,1,0.0026896673
Warm B,712854,4277,4276,1841,1063,1,0.011183577
Warm B,129289,839,838,1841,1063,0,0.009728819
Warm B,567347,3483,3482,1841,1063,0,0.014171708
Warm B,193545,1194,1193,1841,1063,1,0.009249101
Warm B,62735,424,423,1841,1063,1,0.0068342583
Warm B,637922,3841,3840,1848,1065,0,0.021049941
Warm B,625858,3785,3784,1848,1065,1,0.004450802
Warm B,624632,3778,3777,1848,1065,0,0.015304236
Warm B,620628,3760,3759,1848,1065,0,0.0048971055
Warm B,612856,3715,3714,1848,1065,0,0.013717383
Warm B,610126,3698,3697,1848,1065,0,-0.00035190664
Warm B,607426,3687,3686,1848,1065,0,0.010118074
Warm B,604083,3675,3674,1848,1065,0,0.00904033
Warm B,587789,3589,3588,1848,1065,0,0.0055077546
Warm B,586718,3582,3581,1848,1065,0,0.0034430688
Warm B,758478,4510,4509,1848,1065,1,0.0044635353
Warm B,573197,3511,3510,1848,1065,1,0.0028814909
Warm B,593601,3618,3617,1848,1065,0,0.003525205
Warm B,561178,3453,3452,1848,1065,0,0.009662265
Warm B,552203,3401,3400,1848,1065,1,0.0034309027
Warm B,555193,3414,3413,1848,1065,1,0.0032253875
Warm B,541616,3333,3332,1848,1065,0,-0.00042099762
Warm B,535878,3308,3307,1848,1065,0,0.004547827
Warm B,529558,3272,3271,1848,1065,1,0.009563036
Warm B,521037,3216,3215,1848,1065,0,0.00877876
Warm B,539807,3320,3319,1848,1065,1,0.0155994985
Warm B,527323,3261,3260,1848,1065,0,0.0057380283
Warm B,507185,3121,3120,1848,1065,0,0.012100892
Warm B,503390,3093,3092,1848,1065,0,0.012824846
Warm B,501704,3081,3080,1848,1065,0,0.004523497
Warm B,493954,3032,3031,1848,1065,1,0.0019614499
Warm B,484925,2986,2985,1848,1065,0,0.0011543047
Warm B,477967,2934,2933,1848,1065,0,0.009403519
Warm B,472135,2906,2905,1848,1065,1,0.0022646748
Warm B,473411,2909,2908,1848,1065,0,0.004303106
Warm B,469544,2892,2891,1848,1065,1,0.003964456
Warm B,754624,4497,4496,1848,1065,1,0.00075888215
Warm B,466713,2878,2877,1848,1065,0,-0.005557619
Warm B,455385,2804,2803,1848,1065,1,0.015246821
Warm B,444943,2744,2743,1848,1065,0,0.0054188804
Warm B,437912,2676,2675,1848,1065,1,0.017802397
Warm B,437814,2675,2674,1848,1065,0,0.014422055
Warm B,418554,2529,2528,1848,1065,1,-0.0050693303
Warm B,403607,2411,2410,1848,1065,1,0.010592637
Warm B,385678,2255,2254,1848,1065,0,0.0096227005
Warm B,384050,2244,2243,1848,1065,0,0.0055148257
Warm B,355907,2085,2084,1848,1065,0,0.004689289
Warm B,356303,2088,2087,1848,1065,0,0.0048791114
Warm B,361504,2109,2108,1848,1065,0,0.0061770254
Warm B,358824,2100,2099,1848,1065,0,0.0054876474
Warm B,341484,2012,2011,1848,1065,0,0.006555107
Warm B,335680,1980,1979,1848,1065,0,0.014802936
Warm B,331104,1956,1955,1848,1065,0,-0.0034120413
Warm B,288829,1726,1725,1848,1065,0,-0.0049926946
Warm B,286232,1709,1708,1848,1065,1,0.008250742
Warm B,323727,1920,1919,1848,1065,1,0.0074356585
Warm B,283481,1697,1696,1848,1065,1,0.009329094
Warm B,258944,1586,1585,1848,1065,1,0.014570558
Warm B,342319,2015,2014,1848,1065,0,0.004571749
Warm B,236340,1434,1433,1848,1065,0,0.012584825
Warm B,229865,1391,1390,1848,1065,0,-0.0038238808
Warm B,222347,1345,1344,1848,1065,1,0.0053101536
Warm B,216006,1311,1310,1848,1065,0,0.012503529
Warm B,216909,1317,1316,1848,1065,0,0.008468771
Warm B,296762,1759,1758,1848,1065,0,0.0022618854
Warm B,213365,1298,1297,1848,1065,0,0.016484551
Warm B,272775,1647,1646,1848,1065,0,0.008349109
Warm B,207735,1271,1270,1848,1065,1,0.010638272
Warm B,261669,1599,1598,1848,1065,0,0.016246544
Warm B,278908,1680,1679,1848,1065,0,0.022383358
Warm B,196397,1207,1206,1848,1065,0,0.012160772
Warm B,456394,2810,2809,1848,1065,0,-0.0008690588
Warm B,327841,1941,1940,1848,1065,1,-0.0024513304
Warm B,186336,1152,1151,1848,1065,0,0.010331641
Warm B,177490,1119,1118,1848,1065,1,-0.0061059734
Warm B,173571,1100,1099,1848,1065,0,0.0176591
Warm B,248727,1501,1500,1848,1065,0,0.006927838
Warm B,163410,1046,1045,1848,1065,0,0.006997779
Warm B,163149,1042,1041,1848,1065,0,0.011877364
Warm B,161967,1033,1032,1848,1065,1,0.0062189708
Warm B,227574,1380,1379,1848,1065,0,0.0017730517
Warm B,190665,1181,1180,1848,1065,0,0.0043351837
Warm B,360619,2106,2105,1848,1065,0,-0.003330897
Warm B,156690,1010,1009,1848,1065,0,0.011831248
Warm B,176374,1115,1114,1848,1065,0,0.0035584215
Warm B,123843,798,797,1848,1065,1,0.0088169025
Warm B,110318,720,719,1848,1065,0,0.0026053581
Warm B,112361,731,730,1848,1065,1,-4.1159336e-05
Warm B,93755,629,628,1848,1065,0,0.009546944
Warm B,87419,571,570,1848,1065,0,0.005291605
Warm B,85235,556,555,1848,1065,1,0.0042729573
Warm B,84944,552,551,1848,1065,0,0.005302609
Warm B,82930,549,548,1848,1065,1,0.004625703
Warm B,82070,544,543,1848,1065,1,0.0024768729
Warm B,79872,532,531,1848,1065,1,-0.003951131
Warm B,83999,550,549,1848,1065,0,-0.0004428234
Warm B,73083,494,493,1848,1065,1,0.0007612156
Warm B,66828,449,448,1848,1065,0,-0.0047029727
Warm B,65259,438,437,1848,1065,1,0.0142524885
Warm B,64529,431,430,1848,1065,0,0.00035135495
Warm B,64182,429,428,1848,1065,0,0.020007953
Warm B,39360,267,266,1848,1065,1,-0.0018193075
Warm B,33954,229,228,1848,1065,0,0.00042796275
Warm B,14075,114,113,1848,1065,1,-0.004789873
Warm B,10516,75,74,1848,1065,1,0.0073336624
Warm B,28175,195,194,1848,1065,1,0.019586269
Warm B,7739,53,52,1848,1065,0,0.006191004
Warm B,22546,163,162,1848,1065,0,0.0013449052
Warm B,233983,1422,1421,1848,1065,0,0.0016417387
Warm B,807570,4834,4833,1848,1065,1,0.0085183205
Warm B,129293,839,838,1848,1065,1,-0.00018397043
Warm B,567352,3483,3482,1848,1065,0,0.003030066
Warm B,12007,92,91,1848,1065,0,0.019256443
Warm B,427322,2594,2593,1848,1065,0,0.003464504
Warm B,178008,1120,1119,1848,1065,0,-0.0018562963
Warm B,171441,1088,1087,1848,1065,0,0.0074723344
Warm B,206281,1265,1264,1848,1065,0,0.006576736
Warm B,811043,4867,4866,1848,1065,1,0.017274145
Warm B,823252,4950,4949,1848,1065,0,0.0038855777
Warm B,484581,2985,2984,1848,1065,0,0.009285479
Warm B,638994,3842,3841,1848,1065,1,0.0063578696
Warm B,25995,184,183,1848,1065,1,0.0044514127
Warm B,286235,1709,1708,1855,1066,1,0.013522156
Warm B,259380,1587,1586,1855,1066,0,0.0041124
Warm B,335688,1980,1979,1855,1066,0,0.018513054
Warm B,262164,1600,1599,1855,1066,0,0.010914439
Warm B,261671,1599,1598,1855,1066,1,0.013645699
Warm B,278922,1680,1679,1855,1066,0,0.011525098
Warm B,187383,1163,1162,1855,1066,0,-0.0042057456
Warm B,178015,1120,1119,1855,1066,0,-0.00043158495
Warm B,243809,1470,1469,1855,1066,1,0.007549544
Warm B,179505,1125,1124,1855,1066,1,0.0031520973
Warm B,173577,1100,1099,1855,1066,0,0.005169973
Warm B,272096,1645,1644,1855,1066,1,0.0019557676
Warm B,156697,1010,1009,1855,1066,0,0.008519275
Warm B,248730,1501,1500,1855,1066,1,0.011241629
Warm B,124202,800,799,1855,1066,0,0.013975978
Warm B,360625,2106,2105,1855,1066,0,0.0093846945
Warm B,105958,699,698,1855,1066,0,0.012585005
Warm B,109230,714,713,1855,1066,1,0.0024714745
Warm B,98691,660,659,1855,1066,0,0.0030637647
Warm B,291258,1737,1736,1855,1066,0,0.0040735207
Warm B,82938,549,548,1855,1066,1,0.00745442
Warm B,84007,550,549,1855,1066,0,0.013801376
Warm B,65266,438,437,1855,1066,1,0.0118843
Warm B,58082,392,391,1855,1066,0,0.00053708395
Warm B,48264,324,323,1855,1066,0,0.0059322063
Warm B,39571,268,267,1855,1066,0,0.001114151
Warm B,32109,216,215,1855,1066,0,0.021365665
Warm B,239869,1449,1448,1855,1066,0,0.022172578
Warm B,304037,1806,1805,1855,1066,0,0.007879377
Warm B,16440,130,129,1855,1066,0,0.0008947421
Warm B,234856,1425,1424,1855,1066,0,0.009862608
Warm B,626630,3792,3791,1855,1066,0,0.003225328
Warm B,28204,195,194,1855,1066,0,0.008229655
Warm B,362868,2116,2115,1855,1066,0,-0.004932211
Warm B,784015,4682,4681,1855,1066,1,0.008407777
Warm B,682304,4085,4084,1855,1066,0,0.0072129075
Warm B,327852,1941,1940,1855,1066,0,0.0064672492
Warm B,489537,3013,3012,1855,1066,0,0.013512537
Warm B,599145,3648,3647,1855,1066,0,0.0050407164
Warm B,52169,343,342,1855,1066,1,-0.0010296328
Warm B,768654,4579,4578,1855,1066,0,0.008970904
Warm B,501209,3080,3079,1855,1066,0,0.008128043
Warm B,564280,3471,3470,1855,1066,0,0.011362594
Warm B,215453,1306,1305,1855,1066,1,0.018285198
Warm B,174064,1101,1100,1855,1066,0,0.015220432
Warm B,562485,3462,3461,1855,1066,0,0.006804372
Warm B,974258,5878,5877,1855,1066,0,0.010512985
Warm B,549939,3391,3390,1855,1066,0,0.00279985
Warm B,26448,187,186,1856,1067,1,0.0025274619
Warm B,947518,5722,5721,1856,1067,1,0.004614828
Warm B,18097,139,138,1856,1067,1,0.0053108176
Warm B,17520,136,135,1856,1067,0,0.0013057591
Warm B,372608,2176,2175,1856,1067,1,0.0031728512
Warm B,290075,1733,1732,1856,1067,0,0.005404157
Warm B,309537,1842,1841,1856,1067,1,0.007976716
Warm B,719974,4312,4311,1856,1067,0,0.0049838806
Warm B,480429,2947,2946,1856,1067,0,0.0040596607
Warm B,233619,1421,1420,1856,1067,1,0.0061528897
Warm B,974259,5878,5877,1856,1067,0,0.0020613824
Warm B,549940,3391,3390,1856,1067,1,0.010694326
Warm B,548949,3389,3388,1858,1068,0,0.012785547
Warm B,525034,3242,3241,1858,1068,0,0.008744156
Warm B,520300,3209,3208,1858,1068,0,0.006563867
Warm B,516881,3191,3190,1858,1068,0,0.005110666
Warm B,511293,3154,3153,1858,1068,0,0.014938866
Warm B,507186,3121,3120,1858,1068,0,0.013725905
Warm B,505808,3111,3110,1858,1068,0,0.0029065586
Warm B,646605,3892,3891,1858,1068,0,0.018476037
Warm B,516378,3189,3188,1858,1068,0,0.010868562
Warm B,496429,3051,3050,1858,1068,0,0.0054170154
Warm B,493964,3032,3031,1858,1068,1,0.013010601
Warm B,490654,3018,3017,1858,1068,1,0.015054597
Warm B,486577,2995,2994,1858,1068,1,0.008794149
Warm B,482628,2967,2966,1858,1068,0,0.0152766295
Warm B,471314,2900,2899,1858,1068,0,0.02185182
Warm B,468330,2887,2886,1858,1068,1,0.007141811
Warm B,468092,2886,2885,1858,1068,1,0.0114514595
Warm B,466314,2876,2875,1858,1068,1,-0.00038025167
Warm B,450716,2777,2776,1858,1068,0,0.015003936
Warm B,564281,3471,3470,1858,1068,0,0.019202905
Warm B,447878,2761,2760,1858,1068,0,0.01032548
Warm B,440944,2700,2699,1858,1068,0,-0.0024188764
Warm B,424677,2576,2575,1858,1068,1,0.0051942933
Warm B,609602,3695,3694,1858,1068,1,0.0029057092
Warm B,402664,2403,2402,1858,1068,0,0.0043148696
Warm B,400331,2383,2382,1858,1068,1,0.008651132
Warm B,383628,2242,2241,1858,1068,1,0.014236758
Warm B,370460,2166,2165,1858,1068,1,0.0029081348
Warm B,367203,2143,2142,1858,1068,1,0.016633956
Warm B,355915,2085,2084,1858,1068,1,0.007696212
Warm B,349491,2051,2050,1858,1068,0,0.0049177147
Warm B,351604,2063,2062,1858,1068,0,0.017008103
Warm B,373948,2181,2180,1858,1068,0,0.013138773
Warm B,342322,2015,2014,1858,1068,1,0.00079894904
Warm B,341490,2012,2011,1858,1068,0,0.007943688
Warm B,380753,2225,2224,1858,1068,0,0.016196534
Warm B,303489,1803,1802,1858,1068,1,0.014982764
Warm B,297395,1764,1763,1858,1068,1,0.009865286
Warm B,285913,1706,1705,1858,1068,0,0.0009719068
Warm B,289257,1727,1726,1858,1068,1,0.016756732
Warm B,288830,1726,1725,1858,1068,0,0.013663522
Warm B,282576,1694,1693,1858,1068,1,0.008181104
Warm B,269823,1635,1634,1858,1068,1,0.014215225
Warm B,358215,2097,2096,1858,1068,1,0.006368292
Warm B,257547,1579,1578,1858,1068,0,0.013492404
Warm B,256329,1564,1563,1858,1068,1,0.00614224
Warm B,329220,1943,1942,1858,1068,1,0.016376939
Warm B,231607,1404,1403,1858,1068,0,0.008957487
Warm B,227048,1377,1376,1858,1068,0,0.02132331
Warm B,296766,1759,1758,1858,1068,1,0.0060648685
Warm B,213866,1299,1298,1858,1068,1,0.0062391567
Warm B,350266,2056,2055,1858,1068,0,0.01936424
Warm B,267161,1624,1623,1858,1068,0,0.0013963189
Warm B,363915,2120,2119,1858,1068,1,0.0034582398
Warm B,175419,1112,1111,1858,1068,1,0.01272022
Warm B,327856,1941,1940,1858,1068,1,0.018836616
Warm B,344398,2021,2020,1858,1068,0,0.00088403607
Warm B,227576,1380,1379,1858,1068,0,0.0115792705
Warm B,319972,1899,1898,1858,1068,1,0.00802484
Warm B,155794,1004,1003,1858,1068,0,0.014751462
Warm B,190675,1181,1180,1858,1068,0,0.019055398
Warm B,276859,1675,1674,1858,1068,0,0.007917086
Warm B,136414,881,880,1858,1068,0,0.010185877
Warm B,135521,877,876,1858,1068,1,0.010623044
Warm B,121845,785,784,1858,1068,1,0.0012182365
Warm B,115077,747,746,1858,1068,1,0.01872902
Warm B,113251,735,734,1858,1068,0,0.015289436
Warm B,96369,647,646,1858,1068,0,0.014470908
Warm B,91602,608,607,1858,1068,0,0.00020197546
Warm B,80682,536,535,1858,1068,0,0.00053516915
Warm B,84008,550,549,1858,1068,0,0.01059543
Warm B,77345,524,523,1858,1068,0,0.02135479
Warm B,87055,569,568,1858,1068,1,0.009676217
Warm B,67375,453,452,1858,1068,0,0.011031475
Warm B,65267,438,437,1858,1068,1,0.009840535
Warm B,38040,260,259,1858,1068,0,0.008529311
Warm B,537818,3312,3311,1858,1068,0,0.011774437
Warm B,53265,351,350,1858,1068,1,0.0071819955
Warm B,35856,242,241,1858,1068,1,0.0064401175
Warm B,626631,3792,3791,1858,1068,1,0.019185392
Warm B,29222,199,198,1858,1068,0,0.017187588
Warm B,291260,1737,1736,1858,1068,0,0.018751262
Warm B,299957,1779,1778,1858,1068,1,0.0062367665
Warm B,23712,169,168,1858,1068,1,0.008465448
Warm B,22568,163,162,1858,1068,0,0.016383583
Warm B,16863,132,131,1858,1068,1,0.01946801
Warm B,12503,95,94,1858,1068,1,0.0128731895
Warm B,10269,73,72,1858,1068,1,0.00444395
Warm B,17171,134,133,1858,1068,1,0.007488493
Warm B,538433,3313,3312,1858,1068,1,0.0053317603
Warm B,552212,3401,3400,1858,1068,1,0.013459193
Warm B,104220,692,691,1858,1068,1,0.012336912
Warm B,237759,1447,1446,1858,1068,1,0.016589003
Warm B,635826,3833,3832,1858,1068,0,0.018842325
Warm B,54523,355,354,1858,1068,1,0.00653762
Warm B,475440,2918,2917,1858,1068,0,0.00891239
Warm B,130482,846,845,1858,1068,1,0.00021754112
Warm B,447305,2756,2755,1858,1068,0,0.011516193
Warm B,116042,752,751,1858,1068,0,0.018327124
Warm B,11637,90,89,1858,1068,1,0.007996952
Warm B,145751,937,936,1858,1068,0,0.009609764
Warm B,164410,1051,1050,1858,1068,0,0.016815834
Warm B,309538,1842,1841,1858,1068,1,0.020365877
Warm B,290076,1733,1732,1858,1068,0,0.013821391
Warm B,621995,3768,3767,1858,1068,0,0.01682602
Warm B,476294,2926,2925,1858,1068,0,0.010000538
Warm B,388080,2271,2270,1858,1068,0,0.004636858
Warm B,581273,3550,3549,1858,1068,1,0.013950439
Warm B,420890,2544,2543,1858,1068,1,0.011881627
Warm B,840400,5049,5048,1858,1068,1,0.008723051
Warm B,272782,1647,1646,1858,1068,0,0.023366457
Warm B,221222,1340,1339,1858,1068,0,0.008652549
Warm B,629269,3808,3807,1862,1069,0,0.014578531
Warm B,623303,3771,3770,1862,1069,0,0.0063387714
Warm B,621137,3762,3761,1862,1069,0,0.020999976
Warm B,620636,3760,3759,1862,1069,0,0.014208041
Warm B,617268,3736,3735,1862,1069,0,0.008178432
Warm B,613199,3716,3715,1862,1069,1,0.007948077
Warm B,612863,3715,3714,1862,1069,0,-0.0011465221
Warm B,599897,3650,3649,1862,1069,0,0.017918156
Warm B,584183,3565,3564,1862,1069,0,0.0026620422
Warm B,758485,4510,4509,1862,1069,0,0.027817044
Warm B,572781,3509,3508,1862,1069,0,0.00813612
Warm B,657075,3961,3960,1862,1069,0,0.01850944
Warm B,557183,3423,3422,1862,1069,0,0.002099411
Warm B,555713,3416,3415,1862,1069,0,0.011577994
Warm B,548955,3389,3388,1862,1069,0,0.015271872
Warm B,549950,3391,3390,1862,1069,0,0.017724274
Warm B,545648,3365,3364,1862,1069,1,0.01896419
Warm B,535890,3308,3307,1862,1069,0,0.0076508117
Warm B,531659,3283,3282,1862,1069,0,0.0040632742
Warm B,517383,3193,3192,1862,1069,0,0.009710595
Warm B,513683,3169,3168,1862,1069,0,0.008475411
Warm B,566127,3476,3475,1862,1069,0,0.0051028654
Warm B,507188,3121,3120,1862,1069,1,0.006936148
Warm B,516383,3189,3188,1862,1069,0,0.01465992
Warm B,589848,3599,3598,1862,1069,0,-0.004315239
Warm B,489164,3012,3011,1862,1069,0,0.0024834822
Warm B,491569,3024,3023,1862,1069,0,0.004744973
Warm B,653452,3940,3939,1862,1069,0,0.015984692
Warm B,472466,2907,2906,1862,1069,0,0.00844039
Warm B,473430,2909,2908,1862,1069,0,0.018463166
Warm B,463166,2857,2856,1862,1069,0,0.019445142
Warm B,457792,2820,2819,1862,1069,0,0.010214782
Warm B,475445,2918,2917,1862,1069,0,0.0086813625
Warm B,445534,2748,2747,1862,1069,0,0.0148673775
Warm B,438970,2682,2681,1862,1069,0,-0.00029911846
Warm B,430031,2621,2620,1862,1069,0,0.004107181
Warm B,426419,2590,2589,1862,1069,0,0.0080177635
Warm B,424678,2576,2575,1862,1069,0,0.0066010053
Warm B,409545,2457,2456,1862,1069,0,0.0068900026
Warm B,396316,2344,2343,1862,1069,0,0.0082533285
Warm B,391128,2299,2298,1862,1069,0,0.012543034
Warm B,386576,2261,2260,1862,1069,0,0.008908808
Warm B,377171,2203,2202,1862,1069,0,0.009094556
Warm B,376820,2200,2199,1862,1069,0,-0.0005496496
Warm B,370674,2167,2166,1862,1069,0,0.0059825983
Warm B,366768,2138,2137,1862,1069,1,0.0006044484
Warm B,365351,2126,2125,1862,1069,0,0.0061388635
Warm B,358438,2098,2097,1862,1069,0,0.0062014814
Warm B,351617,2063,2062,1862,1069,0,0.011858041
Warm B,340540,2010,2009,1862,1069,0,0.0097111175
Warm B,342329,2015,2014,1862,1069,0,0.014314737
Warm B,323502,1919,1918,1862,1069,0,0.006303425
Warm B,305279,1814,1813,1862,1069,0,0.012348387
Warm B,297403,1764,1763,1862,1069,1,-0.0041909656
Warm B,295438,1754,1753,1862,1069,0,0.0045468346
Warm B,293134,1746,1745,1862,1069,0,0.014076911
Warm B,288415,1723,1722,1862,1069,1,0.013441849
Warm B,275049,1666,1665,1862,1069,0,0.009509562
Warm B,277543,1676,1675,1862,1069,0,0.021634528
Warm B,276868,1675,1674,1862,1069,1,0.0063762167
Warm B,287393,1716,1715,1862,1069,0,0.01427093
Warm B,271427,1641,1640,1862,1069,0,0.014620572
Warm B,268311,1630,1629,1862,1069,0,0.015599173
Warm B,266607,1617,1616,1862,1069,0,0.013237828
Warm B,392060,2304,2303,1862,1069,1,0.0026184157
Warm B,227055,1377,1376,1862,1069,0,0.018459674
Warm B,224461,1357,1356,1862,1069,0,0.01440329
Warm B,216190,1312,1311,1862,1069,0,0.014267029
Warm B,214065,1300,1299,1862,1069,0,0.00369119
Warm B,327873,1941,1940,1862,1069,0,0.024786683
Warm B,186911,1159,1158,1862,1069,0,0.0009595421
Warm B,178823,1122,1121,1862,1069,0,0.018832866
Warm B,178023,1120,1119,1862,1069,0,0.012504381
Warm B,177501,1119,1118,1862,1069,0,0.007450307
Warm B,183931,1146,1145,1862,1069,0,0.007193134
Warm B,168337,1069,1068,1862,1069,0,0.0093250405
Warm B,157996,1015,1014,1862,1069,0,0.014681243
Warm B,436298,2665,2664,1862,1069,0,0.017632242
Warm B,147349,949,948,1862,1069,0,0.021330737
Warm B,146887,948,947,1862,1069,0,0.005311533
Warm B,190686,1181,1180,1862,1069,0,0.008224631
Warm B,156706,1010,1009,1862,1069,0,0.01571741
Warm B,215458,1306,1305,1862,1069,0,0.013989957
Warm B,135528,877,876,1862,1069,0,0.017158557
Warm B,134138,869,868,1862,1069,0,0.009943123
Warm B,138048,889,888,1862,1069,0,0.0077006295
Warm B,127066,820,819,1862,1069,0,0.009656227
Warm B,125500,808,807,1862,1069,0,0.007823231
Warm B,120340,777,776,1862,1069,0,0.012914836
Warm B,119720,772,771,1862,1069,0,0.00905724
Warm B,114074,741,740,1862,1069,1,0.0058321967
Warm B,166759,1060,1059,1862,1069,0,0.017245084
Warm B,107819,710,709,1862,1069,0,0.010523373
Warm B,99421,663,662,1862,1069,0,0.016035965
Warm B,92716,621,620,1862,1069,0,0.017019339
Warm B,91169,604,603,1862,1069,0,0.022855816
Warm B,320735,1902,1901,1862,1069,0,0.012532134
Warm B,299534,1778,1777,1862,1069,0,0.017493837
Warm B,86064,563,562,1862,1069,0,0.016789626
Warm B,82483,548,547,1862,1069,0,-0.0021463549
Warm B,362880,2116,2115,1862,1069,0,0.011124834
Warm B,68631,461,460,1862,1069,0,0.011133328
Warm B,66501,445,444,1862,1069,0,0.008641058
Warm B,53830,352,351,1862,1069,0,0.010393543
Warm B,51172,337,336,1862,1069,0,0.01840797
Warm B,51000,336,335,1862,1069,0,0.0066682277
Warm B,110702,721,720,1862,1069,1,0.016485322
Warm B,45206,305,304,1862,1069,0,0.0036342335
Warm B,41833,284,283,1862,1069,0,0.0035282476
Warm B,41208,278,277,1862,1069,1,0.0037637858
Warm B,38518,262,261,1862,1069,0,-0.0029158033
Warm B,33966,229,228,1862,1069,0,0.0063243248
Warm B,29231,199,198,1862,1069,0,0.006752529
Warm B,291265,1737,1736,1862,1069,0,0.0015101838
Warm B,99821,667,666,1862,1069,0,-0.007473354
Warm B,536992,3311,3310,1862,1069,0,0.004676897
Warm B,22582,163,162,1862,1069,0,0.014668635
Warm B,8516,58,57,1862,1069,0,0.015859038
Warm B,696063,4169,4168,1862,1069,0,0.015890108
Warm B,552219,3401,3400,1862,1069,0,0.01615176
Warm B,174067,1101,1100,1862,1069,0,0.014551474
Warm B,626643,3792,3791,1862,1069,0,0.010645434
Warm B,237772,1447,1446,1862,1069,0,0.014295278
Warm B,365698,2129,2128,1862,1069,0,0.008339709
Warm B,50199,331,330,1862,1069,0,0.008207492
Warm B,171461,1088,1087,1862,1069,0,0.013626616
Warm B,454550,2796,2795,1862,1069,0,0.0086291805
Warm B,28230,195,194,1862,1069,0,0.017460614
Warm B,310598,1851,1850,1862,1069,0,0.002696393
Warm B,811050,4867,4866,1862,1069,0,0.0100317
Warm B,221228,1340,1339,1862,1069,0,0.014891882
Warm B,891482,5387,5386,1862,1069,0,0.016942397
Warm B,977861,5892,5891,1862,1069,0,0.012283238
Warm B,206284,1265,1264,1862,1069,0,0.0032189018
Warm B,230474,1395,1394,1862,1069,0,0.012029795
Warm B,484583,2985,2984,1862,1069,1,0.003868784
Warm B,241085,1451,1450,1862,1069,0,0.016537098
Warm B,718498,4305,4304,1862,1069,0,0.0083607305
Warm B,579951,3540,3539,1863,1070,1,0.006086928
Warm B,577679,3527,3526,1863,1070,0,-0.0018929399
Warm B,617025,3735,3734,1863,1070,0,0.0021351199
Warm B,556827,3422,3421,1863,1070,0,0.008788083
Warm B,552220,3401,3400,1863,1070,0,0.00975963
Warm B,575228,3519,3518,1863,1070,0,0.013504729
Warm B,545649,3365,3364,1863,1070,0,0.013293895
Warm B,540970,3328,3327,1863,1070,0,0.005820025
Warm B,536993,3311,3310,1863,1070,0,0.013832431
Warm B,535891,3308,3307,1863,1070,0,0.007999368
Warm B,532047,3285,3284,1863,1070,0,0.017395854
Warm B,515387,3182,3181,1863,1070,0,0.0108081205
Warm B,514832,3180,3179,1863,1070,0,0.010067603
Warm B,512718,3163,3162,1863,1070,0,0.017531117
Warm B,508539,3129,3128,1863,1070,0,0.019512478
Warm B,502083,3082,3081,1863,1070,0,-0.0030320114
Warm B,516384,3189,3188,1863,1070,0,0.010630433
Warm B,493972,3032,3031,1863,1070,1,0.012755627
Warm B,492014,3026,3025,1863,1070,0,0.008083153
Warm B,473431,2909,2908,1863,1070,0,0.006516033
Warm B,467613,2882,2881,1863,1070,1,0.0078109787
Warm B,452243,2785,2784,1863,1070,0,0.007488662
Warm B,450216,2776,2775,1863,1070,0,0.0047480017
Warm B,438796,2681,2680,1863,1070,0,-0.0043603857
Warm B,430032,2621,2620,1863,1070,0,0.009685423
Warm B,450724,2777,2776,1863,1070,0,0.005982448
Warm B,412748,2484,2483,1863,1070,0,0.00993869
Warm B,405679,2432,2431,1863,1070,1,-0.0037789396
Warm B,404143,2415,2414,1863,1070,0,0.013012211
Warm B,404461,2419,2418,1863,1070,0,0.0030595297
Warm B,399458,2378,2377,1863,1070,1,0.005187453
Warm B,392062,2304,2303,1863,1070,0,0.009830453
Warm B,355918,2085,2084,1863,1070,0,0.011615379
Warm B,351618,2063,2062,1863,1070,0,0.01842042
Warm B,341496,2012,2011,1863,1070,0,0.005501406
Warm B,340541,2010,2009,1863,1070,0,0.006979576
Warm B,314616,1879,1878,1863,1070,0,0.0015915302
Warm B,299009,1776,1775,1863,1070,0,0.0064830803
Warm B,262168,1600,1599,1863,1070,0,0.0181589
Warm B,224094,1356,1355,1863,1070,0,0.003535085
Warm B,215908,1309,1308,1863,1070,1,0.010979628
Warm B,212833,1297,1296,1863,1070,0,0.010612752
Warm B,261679,1599,1598,1863,1070,0,0.009015024
Warm B,278945,1680,1679,1863,1070,0,0.005727895
Warm B,235818,1427,1426,1863,1070,0,-0.0026729514
Warm B,186912,1159,1158,1863,1070,0,0.009874996
Warm B,198597,1220,1219,1863,1070,1,0.004598122
Warm B,255476,1556,1555,1863,1070,0,0.013400013
Warm B,155799,1004,1003,1863,1070,0,0.0067366157
Warm B,156707,1010,1009,1863,1070,0,0.009247016
Warm B,136423,881,880,1863,1070,0,0.0072933044
Warm B,332574,1962,1961,1863,1070,0,0.008455448
Warm B,121480,781,780,1863,1070,0,0.0064020846
Warm B,115325,749,748,1863,1070,0,0.009157065
Warm B,299535,1778,1777,1863,1070,0,0.012068722
Warm B,118302,765,764,1863,1070,0,0.0124252355
Warm B,98697,660,659,1863,1070,0,0.0120492615
Warm B,370934,2168,2167,1863,1070,1,0.010853129
Warm B,96373,647,646,1863,1070,0,0.013459708
Warm B,631467,3821,3820,1863,1070,0,0.012856089
Warm B,190688,1181,1180,1863,1070,0,0.01186759
Warm B,119129,770,769,1863,1070,0,0.012718604
Warm B,70722,476,475,1863,1070,0,0.0059719905
Warm B,65273,438,437,1863,1070,0,0.012036997
Warm B,59447,403,402,1863,1070,1,0.014433043
Warm B,55811,369,368,1863,1070,0,0.008202793
Warm B,40027,271,270,1863,1070,0,0.0050718915
Warm B,38939,264,263,1863,1070,0,0.0050382977
Warm B,32130,216,215,1863,1070,0,0.012674807
Warm B,239880,1449,1448,1863,1070,0,0.01223432
Warm B,107820,710,709,1863,1070,0,0.013957302
Warm B,696065,4169,4168,1863,1070,0,0.0099055385
Warm B,78373,528,527,1863,1070,0,0.0076115266
Warm B,626644,3792,3791,1863,1070,0,0.009775305
Warm B,682314,4085,4084,1863,1070,0,0.014648181
Warm B,272103,1645,1644,1863,1070,1,0.007434777
Warm B,293672,1748,1747,1863,1070,0,0.008738593
Warm B,79271,531,530,1863,1070,0,0.011257213
Warm B,342330,2015,2014,1863,1070,0,0.011347026
Warm B,215459,1306,1305,1863,1070,0,0.008513571
Warm B,272791,1647,1646,1863,1070,1,0.011215234
Warm B,331471,1958,1957,1863,1070,0,0.008922181
Warm B,648956,3910,3909,1866,1071,0,0.00258587
Warm B,702374,4213,4212,1866,1071,1,0.00074017746
Warm B,642726,3868,3867,1866,1071,1,0.0037587814
Warm B,629273,3808,3807,1866,1071,1,0.003881304
Warm B,624647,3778,3777,1866,1071,0,0.017528502
Warm B,623305,3771,3770,1866,1071,0,0.007474758
Warm B,613201,3716,3715,1866,1071,1,-0.0014201379
Warm B,601151,3654,3653,1866,1071,0,0.0021528853
Warm B,596437,3626,3625,1866,1071,1,-0.0008222754
Warm B,577013,3526,3525,1866,1071,1,0.011139886
Warm B,744787,4448,4447,1866,1071,1,0.0044900263
Warm B,573857,3513,3512,1866,1071,0,0.0032253403
Warm B,591872,3610,3609,1866,1071,1,0.0020784822
Warm B,590532,3602,3601,1866,1071,0,-0.0120682
Warm B,572003,3507,3506,1866,1071,0,0.003115395
Warm B,567363,3483,3482,1866,1071,0,0.00401872
Warm B,569090,3491,3490,1866,1071,1,0.011435387
Warm B,581276,3550,3549,1866,1071,1,0.0064180833
Warm B,555715,3416,3415,1866,1071,1,0.010564428
Warm B,548957,3389,3388,1866,1071,0,0.004168273
Warm B,549952,3391,3390,1866,1071,0,0.0012524321
Warm B,536995,3311,3310,1866,1071,1,0.0058859205
Warm B,635827,3833,3832,1866,1071,1,0.005675825
Warm B,537826,3312,3311,1866,1071,1,0.025032854
Warm B,516885,3191,3190,1866,1071,1,-0.009086605
Warm B,514834,3180,3179,1866,1071,0,-0.0068143606
Warm B,508541,3129,3128,1866,1071,0,0.004778563
Warm B,506616,3118,3117,1866,1071,1,0.0033241822
Warm B,496432,3051,3050,1866,1071,0,-0.0023017968
Warm B,493974,3032,3031,1866,1071,0,0.0006880802
Warm B,491343,3022,3021,1866,1071,0,0.01717504
Warm B,477453,2931,2930,1866,1071,0,-0.00043866783
Warm B,473433,2909,2908,1866,1071,1,0.010294262
Warm B,469356,2890,2889,1866,1071,0,0.0072671496
Warm B,646609,3892,3891,1866,1071,0,0.009834833
Warm B,466318,2876,2875,1866,1071,1,0.0071735275
Warm B,463168,2857,2856,1866,1071,0,0.017807987
Warm B,460246,2840,2839,1866,1071,1,0.012386162
Warm B,486966,2996,2995,1866,1071,0,0.0045662504
Warm B,453613,2793,2792,1866,1071,1,-0.002686524
Warm B,450725,2777,2776,1866,1071,0,-1.7845654e-05
Warm B,449320,2771,2770,1866,1071,1,-0.0020575877
Warm B,447882,2761,2760,1866,1071,0,0.0054958463
Warm B,442859,2730,2729,1866,1071,1,0.000590686
Warm B,564288,3471,3470,1866,1071,0,0.016922593
Warm B,409547,2457,2456,1866,1071,0,0.012136245
Warm B,406918,2445,2444,1866,1071,1,-0.00071246084
Warm B,437667,2673,2672,1866,1071,0,-0.00016894494
Warm B,375057,2186,2185,1866,1071,0,0.0008828475
Warm B,370226,2165,2164,1866,1071,1,0.0008291672
Warm B,351622,2063,2062,1866,1071,1,0.007822053
Warm B,341497,2012,2011,1866,1071,0,0.012866176
Warm B,340543,2010,2009,1866,1071,0,0.0059893327
Warm B,299536,1778,1777,1866,1071,1,0.011130058
Warm B,288835,1726,1725,1866,1071,0,0.00012750691
Warm B,281207,1687,1686,1866,1071,1,0.001417537
Warm B,269833,1635,1634,1866,1071,0,0.014715711
Warm B,302987,1800,1799,1866,1071,0,-0.0060894797
Warm B,259387,1587,1586,1866,1071,0,0.003769116
Warm B,360631,2106,2105,1866,1071,0,0.0073972996
Warm B,253131,1538,1537,1866,1071,1,0.001181833
Warm B,243198,1466,1465,1866,1071,1,0.004188243
Warm B,283137,1696,1695,1866,1071,0,0.012617262
Warm B,329228,1943,1942,1866,1071,1,0.0071178926
Warm B,270815,1639,1638,1866,1071,0,-0.0038322965
Warm B,223435,1354,1353,1866,1071,1,0.0070964815
Warm B,311443,1855,1854,1866,1071,0,0.005444171
Warm B,296768,1759,1758,1866,1071,1,-0.0011671092
Warm B,277544,1676,1675,1866,1071,1,0.013902113
Warm B,243819,1470,1469,1866,1071,0,0.017362295
Warm B,205278,1263,1262,1866,1071,0,0.010048268
Warm B,320736,1902,1901,1866,1071,1,-0.01021876
Warm B,196406,1207,1206,1866,1071,0,0.0088518085
Warm B,193154,1193,1192,1866,1071,0,-0.0047225696
Warm B,267166,1624,1623,1866,1071,1,0.010312226
Warm B,363916,2120,2119,1866,1071,1,0.010890209
Warm B,173584,1100,1099,1866,1071,0,0.0027131666
Warm B,175426,1112,1111,1866,1071,0,0.005578672
Warm B,214510,1302,1301,1866,1071,1,-0.00024650508
Warm B,170470,1086,1085,1866,1071,0,0.0045005716
Warm B,154799,999,998,1866,1071,0,0.0061494624
Warm B,249199,1502,1501,1866,1071,1,-0.003954827
Warm B,325772,1928,1927,1866,1071,1,0.0007045665
Warm B,276870,1675,1674,1866,1071,1,0.007313734
Warm B,136424,881,880,1866,1071,0,-0.0016392408
Warm B,135529,877,876,1866,1071,0,0.0010887375
Warm B,202405,1244,1243,1866,1071,0,0.0038862696
Warm B,124815,802,801,1866,1071,1,-0.0017286058
Warm B,121848,785,784,1866,1071,1,0.005123168
Warm B,119131,770,769,1866,1071,0,0.008741513
Warm B,114778,746,745,1866,1071,0,0.0027151117
Warm B,107822,710,709,1866,1071,1,0.009066518
Warm B,100105,669,668,1866,1071,1,0.0014319399
Warm B,121707,783,782,1866,1071,0,-0.005953468
Warm B,92994,623,622,1866,1071,0,0.0010279939
Warm B,886844,5359,5358,1866,1071,0,0.0063479226
Warm B,86555,566,565,1866,1071,0,0.0018763038
Warm B,291266,1737,1736,1866,1071,0,-0.0037172968
Warm B,190690,1181,1180,1866,1071,0,0.013824739
Warm B,77354,524,523,1866,1071,0,0.006902322
Warm B,116052,752,751,1866,1071,1,0.0046504894
Warm B,67379,453,452,1866,1071,0,0.0055653076
Warm B,74718,509,508,1866,1071,0,-0.0060074567
Warm B,53836,352,351,1866,1071,0,0.0029300242
Warm B,44578,302,301,1866,1071,0,0.008800413
Warm B,29910,202,201,1866,1071,1,0.0017497621
Warm B,29235,199,198,1866,1071,1,0.0030031374
Warm B,22585,163,162,1866,1071,0,-0.012956891
Warm B,27224,192,191,1866,1071,1,0.008938057
Warm B,262495,1601,1600,1866,1071,1,0.000522217
Warm B,696068,4169,4168,1866,1071,0,0.012159783
Warm B,354789,2077,2076,1866,1071,1,0.0024006492
Warm B,104223,692,691,1866,1071,1,0.0012882636
Warm B,790354,4728,4727,1866,1071,0,0.0026412914
Warm B,109752,716,715,1866,1071,1,-0.0047691986
Warm B,362881,2116,2115,1866,1071,1,8.098036e-05
Warm B,28233,195,194,1866,1071,0,0.013569526
Warm B,943312,5689,5688,1866,1071,0,0.010511244
Warm B,470714,2898,2897,1866,1071,1,0.0098685585
Warm B,139151,890,889,1866,1071,1,-0.0070925104
Warm B,134139,869,868,1866,1071,1,0.011413539
Warm B,785760,4697,4696,1866,1071,1,-0.0010815789
Warm B,206285,1265,1264,1866,1071,0,0.004765984
Warm B,290083,1733,1732,1866,1071,0,0.015125548
Warm B,561521,3454,3453,1866,1071,0,0.019310057
Warm B,231059,1399,1398,1866,1071,0,0.004379681
Warm B,171464,1088,1087,1866,1071,0,0.004182084
Warm B,234866,1425,1424,1866,1071,0,0.0022455666
Warm B,718499,4305,4304,1866,1071,1,0.009368699
Warm B,38326,261,260,1870,1072,1,0.014208238
Warm B,299960,1779,1778,1870,1072,1,0.009026272
Warm B,223442,1354,1353,1870,1072,0,0.0034676525
Warm B,389408,2282,2281,1870,1072,0,-0.0037839445
Warm B,712895,4277,4276,1870,1072,1,0.0058428086
Warm B,161305,1029,1028,1870,1072,0,2.7202768e-05
Warm B,983006,5938,5937,1870,1072,0,0.0030445307
Warm B,682323,4085,4084,1870,1072,0,-0.0071826796
Warm B,317615,1889,1888,1870,1072,0,-0.0002459148
Warm B,456404,2810,2809,1870,1072,1,0.0030317176
Warm B,116060,752,751,1870,1072,1,0.002204976
Warm B,718502,4305,4304,1870,1072,1,-0.0050550136
Warm B,520723,3212,3211,1875,1074,1,-0.0030117093
Warm B,532058,3285,3284,1875,1074,0,0.0011479389
Warm B,490222,3017,3016,1875,1074,0,0.011434978
Warm B,475089,2916,2915,1875,1074,1,-0.0026373153
Warm B,464619,2863,2862,1875,1074,1,0.0031226198
Warm B,464462,2861,2860,1875,1074,0,0.0061800056
Warm B,462345,2853,2852,1875,1074,0,-0.00096083165
Warm B,457804,2820,2819,1875,1074,1,-0.0051059755
Warm B,696091,4169,4168,1875,1074,0,0.010210415
Warm B,428547,2608,2607,1875,1074,1,0.0014515284
Warm B,416494,2507,2506,1875,1074,1,0.0060534636
Warm B,412758,2484,2483,1875,1074,0,0.0089057665
Warm B,386499,2260,2259,1875,1074,0,0.006972715
Warm B,371999,2173,2172,1875,1074,1,0.009934169
Warm B,364682,2124,2123,1875,1074,1,0.0042151543
Warm B,347147,2037,2036,1875,1074,1,0.0013347879
Warm B,345072,2024,2023,1875,1074,0,-0.0023666483
Warm B,315098,1880,1879,1875,1074,1,0.010347439
Warm B,253132,1538,1537,1875,1074,1,0.0096165715
Warm B,631479,3821,3820,1875,1074,0,-0.0072135506
Warm B,230762,1396,1395,1875,1074,1,0.00448447
Warm B,231614,1404,1403,1875,1074,1,0.0061928285
Warm B,229870,1391,1390,1875,1074,0,-0.00080412556
Warm B,225731,1367,1366,1875,1074,1,0.0035697962
Warm B,223446,1354,1353,1875,1074,1,-0.002438215
Warm B,222356,1345,1344,1875,1074,0,0.0032768466
Warm B,214755,1303,1302,1875,1074,1,0.005057253
Warm B,276148,1671,1670,1875,1074,1,0.0050683557
Warm B,205284,1263,1262,1875,1074,0,0.0061966563
Warm B,307981,1836,1835,1875,1074,1,-0.00060443656
Warm B,202411,1244,1243,1875,1074,1,0.010487542
Warm B,278962,1680,1679,1875,1074,1,-0.00025463128
Warm B,250352,1509,1508,1875,1074,0,0.0035970223
Warm B,210073,1284,1283,1875,1074,0,0.0087105865
Warm B,199368,1224,1223,1875,1074,0,8.152891e-05
Warm B,209398,1279,1278,1875,1074,0,-0.0003980149
Warm B,192334,1184,1183,1875,1074,0,0.003642432
Warm B,188905,1172,1171,1875,1074,1,0.0018452368
Warm B,212436,1294,1293,1875,1074,1,-0.0047160317
Warm B,183144,1141,1140,1875,1074,1,0.0122975195
Warm B,185117,1150,1149,1875,1074,1,0.00072672055
Warm B,200505,1231,1230,1875,1074,0,0.0011769551
Warm B,173592,1100,1099,1875,1074,1,0.0062121954
Warm B,188197,1168,1167,1875,1074,1,-0.0003364992
Warm B,166391,1059,1058,1875,1074,0,0.001959744
Warm B,164427,1051,1050,1875,1074,1,0.0032402382
Warm B,163749,1050,1049,1875,1074,0,0.012619691
Warm B,272109,1645,1644,1875,1074,1,0.002718437
Warm B,167776,1068,1067,1875,1074,1,0.009466937
Warm B,158010,1015,1014,1875,1074,1,-0.0015934122
Warm B,153647,987,986,1875,1074,1,0.005659585
Warm B,149538,963,962,1875,1074,0,0.0008733403
Warm B,156722,1010,1009,1875,1074,0,0.005293994
Warm B,138080,889,888,1875,1074,0,0.007816926
Warm B,712903,4277,4276,1875,1074,1,0.0054193432
Warm B,131831,854,853,1875,1074,0,0.0013696371
Warm B,131086,850,849,1875,1074,1,0.0028485847
Warm B,263174,1605,1604,1875,1074,0,-0.0056516924
Warm B,360647,2106,2105,1875,1074,0,-0.001966874
Warm B,132370,855,854,1875,1074,1,-0.0041123014
Warm B,112381,731,730,1875,1074,1,0.0006778934
Warm B,370942,2168,2167,1875,1074,0,0.0024425008
Warm B,329232,1943,1942,1875,1074,1,0.006359216
Warm B,127256,822,821,1875,1074,0,0.004761819
Warm B,90606,601,600,1875,1074,0,-0.0007285653
Warm B,82230,546,545,1875,1074,1,0.009680576
Warm B,319254,1897,1896,1875,1074,0,0.0007965744
Warm B,77365,524,523,1875,1074,0,-0.005689228
Warm B,74728,509,508,1875,1074,1,0.007848038
Warm B,238776,1448,1447,1875,1074,0,0.008927777
Warm B,197286,1211,1210,1875,1074,0,-0.0018272116
Warm B,75864,516,515,1875,1074,0,0.008300617
Warm B,57204,386,385,1875,1074,0,0.0029437717
Warm B,201464,1242,1241,1875,1074,1,-0.0027877183
Warm B,51818,340,339,1875,1074,0,-0.0013282355
Warm B,312834,1865,1864,1875,1074,0,0.003918593
Warm B,33543,225,224,1875,1074,0,0.0012163519
Warm B,32159,216,215,1875,1074,0,0.000442878
Warm B,27588,193,192,1875,1074,1,0.007012952
Warm B,234874,1425,1424,1875,1074,1,0.0028131208
Warm B,49507,329,328,1875,1074,0,-0.0016682384
Warm B,6263,45,44,1875,1074,0,0.0033533897
Warm B,5132,36,35,1875,1074,0,-0.0044990247
Warm B,357359,2092,2091,1875,1074,0,0.004501518
Warm B,79281,531,530,1875,1074,0,-0.009976536
Warm B,206773,1266,1265,1875,1074,1,-0.00076968083
Warm B,65990,442,441,1875,1074,1,0.008986041
Warm B,114219,743,742,1875,1074,0,-0.0035746084
Warm B,557188,3423,3422,1875,1074,0,-0.0009843861
Warm B,974954,5880,5879,1875,1074,1,-0.005012512
Warm B,750381,4478,4477,1875,1074,0,0.0028760422
Warm B,460618,2841,2840,1875,1074,1,-0.0005213348
Warm B,252458,1530,1529,1875,1074,0,0.005684616
Warm B,170813,1087,1086,1875,1074,1,0.0026258505
Warm B,290094,1733,1732,1875,1074,0,0.002430763
Warm B,261162,1597,1596,1875,1074,0,0.0017581079
Warm B,258367,1584,1583,1875,1074,1,-0.0039446084
Warm B,259394,1587,1586,1875,1074,1,0.0067007327
Warm B,159968,1019,1018,1875,1074,0,0.0012676646
Warm B,474342,2910,2909,1875,1074,1,0.0054151043
Warm B,304791,1812,1811,1875,1074,1,0.00367325
Warm B,187577,1164,1163,1875,1074,1,0.0016483264
Warm B,62778,424,423,1875,1074,1,0.0015097344
Warm B,974266,5878,5877,1875,1074,0,0.0020303465
Warm B,12070,92,91,1881,1076,0,0.015814021
Warm B,376352,2195,2194,1881,1076,0,0.014962075
Warm B,102130,678,677,1881,1076,0,0.020828754
Warm B,405314,2427,2426,1881,1076,0,0.018281117
Warm B,171491,1088,1087,1881,1076,0,0.026203552
Warm B,473467,2909,2908,1881,1076,0,0.0025987274
Warm B,285246,1701,1700,1881,1076,0,0.0070260065
Warm B,295605,1755,1754,1881,1076,0,0.010046365
Warm B,468878,2888,2887,1897,1085,1,0.0053698365
Warm B,879842,5317,5316,1897,1085,1,0.010572868
Warm B,464625,2863,2862,1897,1085,1,0.005815153
Warm B,457317,2818,2817,1897,1085,1,0.007958918
Warm B,594776,3620,3619,1897,1085,0,0.0047590635
Warm B,790381,4728,4727,1897,1085,1,0.016571207
Warm B,431378,2628,2627,1897,1085,1,0.014236473
Warm B,397055,2351,2350,1897,1085,1,0.0059271604
Warm B,381604,2231,2230,1897,1085,1,0.008667171
Warm B,381294,2230,2229,1897,1085,0,0.011453614
Warm B,360013,2105,2104,1897,1085,0,0.0075820815
Warm B,344048,2020,2019,1897,1085,1,0.0082786055
Warm B,304818,1812,1811,1897,1085,1,-0.0010230219
Warm B,302095,1794,1793,1897,1085,0,0.004279263
Warm B,284068,1698,1697,1897,1085,1,0.0060597425
Warm B,292246,1741,1740,1897,1085,1,0.011182613
Warm B,279028,1680,1679,1897,1085,0,0.011644896
Warm B,267538,1626,1625,1897,1085,0,-0.0011025936
Warm B,259413,1587,1586,1897,1085,1,0.0039605894
Warm B,244965,1475,1474,1897,1085,0,0.0014472117
Warm B,231950,1407,1406,1897,1085,1,0.0013732417
Warm B,319277,1897,1896,1897,1085,0,0.0031686593
Warm B,565513,3475,3474,1897,1085,1,0.0113715725
Warm B,296410,1758,1757,1897,1085,1,0.0077119106
Warm B,214778,1303,1302,1897,1085,1,-0.0038952602
Warm B,208710,1274,1273,1897,1085,1,7.1535e-05
Warm B,229881,1391,1390,1897,1085,0,0.0067011444
Warm B,209415,1279,1278,1897,1085,0,0.011059501
Warm B,338074,1988,1987,1897,1085,0,0.009056916
Warm B,189333,1173,1172,1897,1085,1,-0.00076283934
Warm B,188567,1170,1169,1897,1085,1,0.003935064
Warm B,185151,1150,1149,1897,1085,0,-0.0016837697
Warm B,201483,1242,1241,1897,1085,1,0.005158931
Warm B,174482,1103,1102,1897,1085,1,0.0033194828
Warm B,179539,1125,1124,1897,1085,0,0.0076083434
Warm B,190762,1181,1180,1897,1085,0,0.008097684
Warm B,151558,975,974,1897,1085,0,0.00047348323
Warm B,195371,1203,1202,1897,1085,1,0.0015033797
Warm B,140861,905,904,1897,1085,1,0.002024464
Warm B,156754,1010,1009,1897,1085,0,0.012967801
Warm B,138127,889,888,1897,1085,0,0.0036961338
Warm B,131857,854,853,1897,1085,0,0.0070597418
Warm B,107309,706,705,1897,1085,1,0.0007908221
Warm B,103373,687,686,1897,1085,1,0.009773516
Warm B,631504,3821,3820,1897,1085,0,0.00656067
Warm B,89991,593,592,1897,1085,1,0.004660398
Warm B,432111,2634,2633,1897,1085,0,0.004206578
Warm B,89218,588,587,1897,1085,1,0.009041532
Warm B,238807,1448,1447,1897,1085,1,0.015728971
Warm B,80535,534,533,1897,1085,0,0.0032238937
Warm B,228763,1386,1385,1897,1085,1,0.01419892
Warm B,58341,393,392,1897,1085,0,0.016599396
Warm B,239942,1449,1448,1897,1085,1,0.016424477
Warm B,132393,855,854,1897,1085,0,0.006905937
Warm B,308543,1837,1836,1897,1085,1,0.010569529
Warm B,88775,587,586,1897,1085,1,0.0069409087
Warm B,22644,163,162,1897,1085,0,0.010712132
Warm B,33590,225,224,1897,1085,0,0.005789512
Warm B,111629,727,726,1897,1085,0,0.0048614433
Warm B,444,5,4,1897,1085,1,0.0027776398
Warm B,79315,531,530,1897,1085,0,0.003773624
Warm B,892912,5394,5393,1897,1085,0,0.010818416
Warm B,335763,1980,1979,1897,1085,0,0.018821247
Warm B,750387,4478,4477,1897,1085,0,0.011720609
Warm B,497179,3054,3053,1897,1085,1,-0.0032362696
Warm B,556533,3420,3419,1897,1085,1,0.0069316397
Warm B,908019,5493,5492,1897,1085,0,0.009012345
Warm B,986621,5956,5955,1897,1085,0,-0.0040209508
Warm B,739380,4418,4417,1897,1085,0,0.0014608174
Warm B,178613,1121,1120,1897,1085,1,0.005210341
Warm B,116102,752,751,1897,1085,0,0.025166526
Warm B,33997,229,228,1897,1085,0,0.010881696
Warm B,974281,5878,5877,1897,1085,0,0.01207705
Warm B,555067,3413,3412,1900,1086,1,0.0068948437
Warm B,474773,2913,2912,1904,1087,1,-0.0056506214
Warm B,465758,2872,2871,1904,1087,1,0.0029267329
Warm B,459200,2826,2825,1904,1087,0,0.0034569702
Warm B,796102,4771,4770,1904,1087,0,0.011982212
Warm B,419433,2535,2534,1904,1087,1,0.004013991
Warm B,383152,2238,2237,1904,1087,0,0.006313028
Warm B,323236,1916,1915,1904,1087,1,0.00027142372
Warm B,274716,1660,1659,1904,1087,1,-0.0026657
Warm B,279648,1680,1679,1904,1087,1,0.00075355836
Warm B,267632,1626,1625,1904,1087,0,0.008339507
Warm B,262718,1602,1601,1904,1087,1,0.0019574738
Warm B,256449,1565,1564,1904,1087,0,0.0018929644
Warm B,231723,1404,1403,1904,1087,0,0.005855654
Warm B,296544,1758,1757,1904,1087,1,0.016030867
Warm B,208370,1273,1272,1904,1087,0,-0.0044500595
Warm B,202610,1244,1243,1904,1087,0,-0.0010846672
Warm B,308793,1837,1836,1904,1087,0,0.003329428
Warm B,294409,1749,1748,1904,1087,0,0.00284787
Warm B,209526,1279,1278,1904,1087,0,0.003962134
Warm B,185552,1150,1149,1904,1087,1,0.0076134093
Warm B,307594,1835,1834,1904,1087,1,-0.001209259
Warm B,201690,1242,1241,1904,1087,0,0.0048207836
Warm B,168590,1069,1068,1904,1087,1,0.0025246097
Warm B,166557,1059,1058,1904,1087,0,-0.0037624808
Warm B,215001,1303,1302,1904,1087,1,0.008378636
Warm B,149030,958,957,1904,1087,0,-0.0073565273
Warm B,160259,1019,1018,1904,1087,0,0.0014972871
Warm B,97929,655,654,1904,1087,0,0.006005539
Warm B,631713,3821,3820,1904,1087,1,-0.00055165426
Warm B,696549,4169,4168,1904,1087,0,0.0067240125
Warm B,284365,1698,1697,1904,1087,1,-0.0014070744
Warm B,90733,601,600,1904,1087,1,0.001427314
Warm B,197400,1211,1210,1904,1087,1,0.009275373
Warm B,58521,396,395,1904,1087,1,0.005907542
Warm B,57167,386,385,1904,1087,1,-0.00025997777
Warm B,132587,855,854,1904,1087,1,0.0025034244
Warm B,33484,225,224,1904,1087,1,0.0062801465
Warm B,9947,69,68,1904,1087,0,0.00385185
Warm B,890069,5371,5370,1904,1087,1,0.00089029607
Warm B,158457,1015,1014,1904,1087,0,-0.006606105
Warm B,431133,2627,2626,1904,1087,0,0.0007103268
Warm B,187988,1165,1164,1904,1087,0,0.006302096
Warm B,964144,5812,5811,1904,1087,0,0.0004032459
Warm B,20756,151,150,1904,1087,1,0.0028261952
Warm B,905339,5475,5474,1904,1087,1,0.008629719
Warm B,232583,1413,1412,1904,1087,0,0.0076769
Warm B,475590,2918,2917,1904,1087,1,0.0012246398
Warm B,983047,5938,5937,1904,1087,0,9.7669195e-05
Warm B,388188,2271,2270,1904,1087,0,0.0048085903
Warm B,847066,5090,5089,1904,1087,1,-0.014658942
Warm B,290395,1733,1732,1904,1087,1,0.012718085
Warm B,193797,1194,1193,1904,1087,0,0.003085102
Warm B,937253,5654,5653,1904,1087,1,0.010044686
Warm B,590832,3603,3602,1913,1092,1,0.024932098
Warm B,577973,3529,3528,1913,1092,1,0.016378112
Warm B,580985,3547,3546,1913,1092,1,0.012715979
Warm B,567043,3481,3480,1913,1092,1,0.0014880439
Warm B,713249,4277,4276,1913,1092,1,0.013963671
Warm B,610663,3704,3703,1913,1092,1,0.007698361
Warm B,554111,3410,3409,1913,1092,1,0.014527909
Warm B,546914,3371,3370,1913,1092,1,0.019054279
Warm B,539599,3319,3318,1913,1092,0,0.00071844226
Warm B,539487,3318,3317,1913,1092,1,0.0009412899
Warm B,535101,3301,3300,1913,1092,0,0.009371091
Warm B,534762,3300,3299,1913,1092,1,0.008198423
Warm B,525838,3248,3247,1913,1092,0,-0.0047476524
Warm B,521176,3216,3215,1913,1092,0,0.0043975795
Warm B,514067,3172,3171,1913,1092,0,0.0067969416
Warm B,657620,3963,3962,1913,1092,1,0.016019452
Warm B,500742,3075,3074,1913,1092,0,0.015110679
Warm B,499610,3067,3066,1913,1092,1,0.01281946
Warm B,546163,3367,3366,1913,1092,1,0.021377843
Warm B,495912,3045,3044,1913,1092,1,0.0019487818
Warm B,478569,2936,2935,1913,1092,1,0.01615369
Warm B,696560,4169,4168,1913,1092,1,0.010788666
Warm B,601685,3658,3657,1913,1092,1,0.00066646095
Warm B,473933,2909,2908,1913,1092,1,0.006904215
Warm B,462681,2854,2853,1913,1092,1,0.015199834
Warm B,458136,2820,2819,1913,1092,1,0.013663064
Warm B,446944,2753,2752,1913,1092,1,0.018209955
Warm B,442099,2719,2718,1913,1092,1,0.004330786
Warm B,437997,2676,2675,1913,1092,1,0.0054239472
Warm B,433728,2643,2642,1913,1092,0,0.02031222
Warm B,428844,2609,2608,1913,1092,1,0.009187678
Warm B,425394,2581,2580,1913,1092,0,0.019903574
Warm B,414246,2493,2492,1913,1092,0,0.012734236
Warm B,405254,2426,2425,1913,1092,1,0.0021597336
Warm B,412150,2478,2477,1913,1092,0,0.011442225
Warm B,389055,2279,2278,1913,1092,0,0.015541961
Warm B,386408,2259,2258,1913,1092,1,0.008377045
Warm B,385368,2251,2250,1913,1092,0,0.011656852
Warm B,372107,2173,2172,1913,1092,1,0.006388296
Warm B,374290,2181,2180,1913,1092,0,0.019256316
Warm B,359501,2102,2101,1913,1092,0,0.0109306425
Warm B,349164,2049,2048,1913,1092,1,0.014830925
Warm B,339703,2002,2001,1913,1092,1,0.003824304
Warm B,317214,1885,1884,1913,1092,1,0.004648369
Warm B,320239,1899,1898,1913,1092,1,0.028174954
Warm B,304507,1810,1809,1913,1092,1,0.004839071
Warm B,316952,1884,1883,1913,1092,1,0.016806185
Warm B,301547,1791,1790,1913,1092,1,0.010055462
Warm B,290734,1734,1733,1913,1092,0,0.004653887
Warm B,292462,1741,1740,1913,1092,1,0.017341405
Warm B,264213,1607,1606,1913,1092,0,0.017682532
Warm B,252615,1530,1529,1913,1092,0,0.0064537157
Warm B,242240,1461,1460,1913,1092,1,0.0073486893
Warm B,631725,3821,3820,1913,1092,0,0.0141973775
Warm B,230974,1398,1397,1913,1092,1,0.004797082
Warm B,325523,1926,1925,1913,1092,0,0.00789239
Warm B,309956,1843,1842,1913,1092,1,0.0032940158
Warm B,276368,1671,1670,1913,1092,0,0.014525884
Warm B,212126,1291,1290,1913,1092,1,0.01661187
Warm B,208891,1274,1273,1913,1092,1,0.013176257
Warm B,220438,1335,1334,1913,1092,0,0.014127699
Warm B,189071,1172,1171,1913,1092,1,0.021216746
Warm B,183805,1145,1144,1913,1092,1,-3.249594e-05
Warm B,173214,1098,1097,1913,1092,1,0.010585208
Warm B,328476,1941,1940,1913,1092,0,0.0072530825
Warm B,191253,1181,1180,1913,1092,0,0.030661326
Warm B,158476,1015,1014,1913,1092,0,0.007561355
Warm B,143927,928,927,1913,1092,1,0.001749383
Warm B,185574,1150,1149,1913,1092,1,0.009859868
Warm B,138615,889,888,1913,1092,1,0.017018754
Warm B,127791,824,823,1913,1092,1,0.012717251
Warm B,315452,1880,1879,1913,1092,1,0.018511064
Warm B,125887,810,809,1913,1092,0,0.003370013
Warm B,115488,749,748,1913,1092,1,0.015304083
Warm B,198237,1218,1217,1913,1092,0,0.01566864
Warm B,100946,673,672,1913,1092,1,0.015370116
Warm B,98172,656,655,1913,1092,0,0.0057357564
Warm B,92397,617,616,1913,1092,0,0.0058065373
Warm B,169630,1077,1076,1913,1092,1,0.01687253
Warm B,319488,1897,1896,1913,1092,1,0.020862829
Warm B,77734,524,523,1913,1092,1,0.023859419
Warm B,75730,515,514,1913,1092,1,0.019053325
Warm B,66384,444,443,1913,1092,1,0.01752702
Warm B,58053,392,391,1913,1092,1,0.011450373
Warm B,145445,935,934,1913,1092,1,0.0063884477
Warm B,34124,230,229,1913,1092,1,0.0068175658
Warm B,22001,161,160,1913,1092,1,0.0035182443
Warm B,440181,2691,2690,1913,1092,1,0.021980375
Warm B,7724,53,52,1913,1092,1,0.01273811
Warm B,357612,2092,2091,1913,1092,0,0.013536834
Warm B,408344,2453,2452,1913,1092,0,0.014315881
Warm B,24363,173,172,1913,1092,1,0.012695836
Warm B,207030,1266,1265,1913,1092,1,0.011206897
Warm B,263542,1605,1604,1913,1092,1,0.012249436
Warm B,524449,3233,3232,1913,1092,0,0.0050927214
Warm B,254897,1551,1550,1913,1092,1,0.012277867
Warm B,421139,2544,2543,1913,1092,1,0.0119301975
Warm B,336181,1980,1979,1913,1092,1,0.018347055
Warm B,183297,1141,1140,1913,1092,1,0.010042919
Warm B,841208,5054,5053,1913,1092,0,0.016268771
Warm B,322573,1912,1911,1913,1092,0,0.01598885
Warm B,993897,6002,6001,1913,1092,1,0.02076794
Warm B,923968,5580,5579,1913,1092,1,0.01547714
Warm B,290414,1733,1732,1913,1092,1,0.009493744
Warm B,831953,5001,5000,1913,1092,1,0.009672042
Warm B,63202,424,423,1913,1092,1,0.018121649
Warm B,768792,4579,4578,1913,1092,1,0.022043874
Warm B,444995,2744,2743,1919,1097,0,0.005400083
Warm B,441077,2700,2699,1919,1097,1,0.0012540997
Warm B,431906,2631,2630,1919,1097,1,0.0024668276
Warm B,423507,2566,2565,1919,1097,0,0.0043803663
Warm B,422992,2564,2563,1919,1097,0,0.007952573
Warm B,420535,2541,2540,1919,1097,0,0.00084258773
Warm B,410722,2464,2463,1919,1097,0,0.002024067
Warm B,412411,2481,2480,1919,1097,0,-0.0014206755
Warm B,400089,2381,2380,1919,1097,0,0.001432306
Warm B,395216,2334,2333,1919,1097,1,0.014826282
Warm B,424139,2571,2570,1919,1097,1,0.006203979
Warm B,385746,2255,2254,1919,1097,0,0.010234099
Warm B,384214,2244,2243,1919,1097,0,0.003657123
Warm B,375677,2188,2187,1919,1097,0,0.0087292995
Warm B,362566,2115,2114,1919,1097,1,-0.004989976
Warm B,364904,2124,2123,1919,1097,1,0.01295378
Warm B,315798,1881,1880,1919,1097,1,0.006857141
Warm B,325528,1926,1925,1919,1097,1,0.010954928
Warm B,288141,1721,1720,1919,1097,0,0.00584002
Warm B,268594,1631,1630,1919,1097,0,0.004066445
Warm B,307057,1834,1833,1919,1097,0,0.0040245187
Warm B,284390,1698,1697,1919,1097,0,0.0050557423
Warm B,218082,1322,1321,1919,1097,1,0.005186512
Warm B,208377,1273,1272,1919,1097,0,0.0044670342
Warm B,236465,1434,1433,1919,1097,1,0.007826083
Warm B,194158,1196,1195,1919,1097,1,0.007976628
Warm B,183303,1141,1140,1919,1097,0,0.010763363
Warm B,167993,1068,1067,1919,1097,0,-0.00039492658
Warm B,334726,1974,1973,1919,1097,1,0.012628458
Warm B,162344,1034,1033,1919,1097,0,0.00413977
Warm B,157110,1010,1009,1919,1097,0,0.018723119
Warm B,380415,2223,2222,1919,1097,1,0.014362368
Warm B,263550,1605,1604,1919,1097,0,0.014892162
Warm B,94480,634,633,1919,1097,0,-0.0020617703
Warm B,83387,549,548,1919,1097,1,0.0027340027
Warm B,73160,494,493,1919,1097,1,0.0045579383
Warm B,69787,470,469,1919,1097,0,-0.0035438233
Warm B,69729,469,468,1919,1097,1,0.006377432
Warm B,61304,412,411,1919,1097,1,0.010103836
Warm B,258542,1584,1583,1919,1097,0,0.0020004069
Warm B,32083,216,215,1919,1097,0,0.0049305777
Warm B,15036,119,118,1919,1097,0,0.005506779
Warm B,10515,75,74,1919,1097,1,0.004737003
Warm B,49437,329,328,1919,1097,0,0.0036455817
Warm B,9768,66,65,1919,1097,0,-4.7870446e-05
Warm B,234275,1422,1421,1919,1097,0,0.0020095487
Warm B,207040,1266,1265,1919,1097,1,0.0054658465
Warm B,158490,1015,1014,1919,1097,1,0.008331662
Warm B,823344,4950,4949,1919,1097,0,0.01110512
Warm B,386145,2258,2257,1919,1097,0,0.0043340335
Warm B,317859,1889,1888,1919,1097,0,0.005347977
Warm B,410506,2462,2461,1919,1097,0,0.0089609735
Warm B,772726,4607,4606,1919,1097,0,0.010545773
Warm B,136802,881,880,1919,1097,0,0.0073413677
Warm B,403152,2407,2406,1919,1097,1,0.0053926324
Warm B,25994,184,183,1919,1097,0,0.0089519145
Warm B,322604,1912,1911,1929,1103,0,0.0112032425
Warm B,316973,1884,1883,1929,1103,1,0.009366333
Warm B,169130,1073,1072,1929,1103,1,-0.0017872094
Warm B,84846,551,550,1929,1103,0,0.008371692
Warm B,48842,327,326,1929,1103,1,-0.0005261302
Warm B,37231,253,252,1929,1103,1,0.0057679145
Warm B,43452,299,298,1929,1103,1,0.0034384928
Warm B,34738,235,234,1929,1103,1,0.0064159455
Warm B,148823,957,956,1929,1103,1,0.0043757334
Warm B,23709,169,168,1929,1103,0,0.017008182
Warm B,13548,107,106,1929,1103,1,0.0022775736
Warm B,12720,97,96,1929,1103,1,0.0030676955
Warm B,123527,796,795,1929,1103,0,0.0048956145
Warm B,592125,3610,3609,1929,1103,0,-0.0015503294
Warm B,384760,2247,2246,1929,1103,1,0.00083686505
Warm B,249930,1505,1504,1929,1103,1,0.0025194208
Warm B,106252,699,698,1929,1103,0,0.01227241
Warm B,421158,2544,2543,1929,1103,1,0.008936421
Warm B,171942,1088,1087,1929,1103,1,-0.0007056913
Warm B,285444,1701,1700,1929,1103,1,0.009651713
Warm B,992447,5996,5995,1929,1103,1,0.0077945245
Warm B,63239,424,423,1929,1103,1,0.0126931
Warm B,839406,5046,5045,1929,1103,1,0.010750865
Warm B,825607,4958,4957,1929,1103,1,0.009242967
Warm B,130002,840,839,1934,1105,1,0.008853997
Warm B,70895,476,475,1934,1105,1,0.00993857
Warm B,75990,516,515,1934,1105,1,0.016265335
Warm B,58540,396,395,1934,1105,1,-0.0014635217
Warm B,228466,1383,1382,1934,1105,1,0.0018717269
Warm B,33151,224,223,1934,1105,1,0.0034122101
Warm B,23724,169,168,1934,1105,1,0.0106847845
Warm B,12723,97,96,1934,1105,1,0.0059565525
Warm B,592137,3610,3609,1934,1105,0,0.014386015
Warm B,9316,62,61,1934,1105,1,0.011717477
Warm B,357642,2092,2091,1934,1105,0,0.010783758
Warm B,15640,123,122,1934,1105,0,0.0022485582
Warm B,388206,2271,2270,1934,1105,1,0.011876285
Warm B,322617,1912,1911,1934,1105,0,0.007548915
Warm B,821600,4940,4939,1934,1105,1,-0.0029988373
Warm B,171961,1088,1087,1934,1105,1,0.007868886
Warm B,403153,2407,2406,1934,1105,0,0.005968307
Warm B,414726,2496,2495,1935,1106,1,0.013690492
Warm B,390879,2294,2293,1935,1106,1,0.016715106
Warm B,364179,2121,2120,1935,1106,1,-0.005105941
Warm B,364922,2124,2123,1935,1106,1,0.013274705
Warm B,352994,2067,2066,1935,1106,0,0.01622094
Warm B,354260,2073,2072,1935,1106,1,0.011770058
Warm B,343733,2018,2017,1935,1106,1,0.0100794295
Warm B,269200,1632,1631,1935,1106,0,0.021687238
Warm B,361849,2109,2108,1935,1106,1,0.013783913
Warm B,346334,2030,2029,1935,1106,1,0.016570196
Warm B,242957,1465,1464,1935,1106,1,0.013208688
Warm B,228467,1383,1382,1935,1106,0,0.020506468
Warm B,249579,1503,1502,1935,1106,1,0.016717086
Warm B,325547,1926,1925,1935,1106,1,0.0025761463
Warm B,208385,1273,1272,1935,1106,1,0.013992589
Warm B,182872,1140,1139,1935,1106,1,0.010507897
Warm B,162356,1034,1033,1935,1106,1,0.0069035543
Warm B,191315,1181,1180,1935,1106,1,0.019833747
Warm B,246443,1489,1488,1935,1106,0,0.016218439
Warm B,138684,889,888,1935,1106,1,0.024070896
Warm B,84430,550,549,1935,1106,1,0.01427229
Warm B,72269,482,481,1935,1106,1,0.015113862
Warm B,35303,238,237,1935,1106,1,0.015524316
Warm B,23725,169,168,1935,1106,1,0.01901575
Warm B,148830,957,956,1935,1106,1,0.010056012
Warm B,12725,97,96,1935,1106,1,0.011349296
Warm B,123529,796,795,1935,1106,0,0.012205192
Warm B,357643,2092,2091,1935,1106,1,0.010892595
Warm B,421166,2544,2543,1935,1106,1,0.014799531
Warm B,322618,1912,1911,1935,1106,0,0.013777014
Warm B,48555,326,325,1935,1106,0,0.013164216
Warm B,158536,1015,1014,1935,1106,1,0.015578922
Warm B,348176,2041,2040,1935,1106,1,0.018811652
Warm B,256122,1561,1560,1935,1106,1,0.003704828
Warm B,208918,1274,1273,1935,1106,1,0.0074187163
Warm B,50641,333,332,1935,1106,0,0.007931235
Warm B,328543,1941,1940,1935,1106,1,0.020445548
Warm B,171962,1088,1087,1935,1106,0,0.01511278
Warm B,285452,1701,1700,1935,1106,1,0.014920813
Warm B,831960,5001,5000,1935,1106,1,0.006824866
Warm B,657630,3963,3962,1935,1106,1,0.011923445
Warm B,801481,4802,4801,1935,1106,0,0.01107764
Warm B,160322,1019,1018,1935,1106,0,0.010048919
Warm B,820909,4934,4933,1935,1106,1,0.016140599
Warm B,8819,59,58,1935,1106,1,0.0031877342
Warm B,503457,3093,3092,1935,1106,1,0.0063971803
Warm B,63251,424,423,1935,1106,1,0.017089939
Warm B,244154,1470,1469,1936,1107,0,0.0062654456
Warm B,328546,1941,1940,1936,1107,1,0.012262588
Warm B,138686,889,888,1936,1107,1,0.009774889
Warm B,459214,2826,2825,1936,1107,1,0.010780314
Warm B,103719,689,688,1936,1107,1,0.0061143166
Warm B,191317,1181,1180,1936,1107,0,0.0046051205
Warm B,69992,473,472,1936,1107,1,0.012981083
Warm B,42536,291,290,1936,1107,1,0.0032839081
Warm B,35306,238,237,1936,1107,1,0.009851877
Warm B,23726,169,168,1936,1107,0,0.013681972
Warm B,12726,97,96,1936,1107,1,0.0058999024
Warm B,348177,2041,2040,1936,1107,0,0.012128319
Warm B,639280,3842,3841,1936,1107,1,0.01024293
Warm B,322619,1912,1911,1936,1107,0,0.011200524
Warm B,554140,3410,3409,1936,1107,1,0.012027822
Warm B,171963,1088,1087,1936,1107,1,0.018343184
Warm B,931445,5626,5625,1936,1107,1,0.0033380175
Warm B,285453,1701,1700,1936,1107,1,0.018779367
Warm B,795516,4765,4764,1936,1107,1,0.0036682487
Warm B,95762,641,640,1936,1107,1,0.008066016
Warm B,336243,1980,1979,1936,1107,1,0.01943719
Warm B,748261,4467,4466,1936,1107,1,0.014384036
Warm B,22782,164,163,1937,1108,1,0.013825296
Warm B,336246,1980,1979,1937,1108,1,0.010612805
Warm B,171964,1088,1087,1937,1108,0,0.010132691
Warm B,494994,3036,3035,1938,1109,1,-0.00053094036
Warm B,463523,2857,2856,1938,1109,0,0.022149635
Warm B,458188,2820,2819,1938,1109,1,0.0010323199
Warm B,440495,2693,2692,1938,1109,0,0.004177938
Warm B,437502,2670,2669,1938,1109,1,0.00145664
Warm B,421514,2546,2545,1938,1109,1,0.0057086595
Warm B,418170,2526,2525,1938,1109,1,0.011222756
Warm B,394901,2332,2331,1938,1109,1,0.011116842
Warm B,394671,2329,2328,1938,1109,0,0.0064906576
Warm B,381387,2230,2229,1938,1109,1,-4.1988795e-05
Warm B,385384,2251,2250,1938,1109,1,-0.00072102936
Warm B,377947,2205,2204,1938,1109,0,0.012355918
Warm B,381748,2231,2230,1938,1109,1,0.0051616174
Warm B,364181,2121,2120,1938,1109,1,0.0030215501
Warm B,364924,2124,2123,1938,1109,1,0.0154854655
Warm B,347479,2038,2037,1938,1109,1,0.00047941552
Warm B,319518,1897,1896,1938,1109,0,0.007385991
Warm B,329826,1945,1944,1938,1109,0,0.006651175
Warm B,323252,1916,1915,1938,1109,1,0.0070902146
Warm B,305308,1814,1813,1938,1109,1,0.009653926
Warm B,236747,1437,1436,1938,1109,1,0.0075144656
Warm B,228474,1383,1382,1938,1109,1,0.003937197
Warm B,180420,1128,1127,1938,1109,1,0.005557105
Warm B,338289,1988,1987,1938,1109,1,0.008187776
Warm B,143935,928,927,1938,1109,1,0.0067367856
Warm B,185649,1150,1149,1938,1109,0,0.011559177
Warm B,138690,889,888,1938,1109,1,0.016938215
Warm B,318985,1896,1895,1938,1109,1,0.01299121
Warm B,127917,825,824,1938,1109,0,0.0012741663
Warm B,106884,702,701,1938,1109,1,0.017622065
Warm B,240412,1449,1448,1938,1109,1,0.0125074
Warm B,72273,482,481,1938,1109,0,0.009462048
Warm B,45584,307,306,1938,1109,1,0.0033571431
Warm B,36537,245,244,1938,1109,1,0.009453412
Warm B,35309,238,237,1938,1109,1,0.0017833393
Warm B,32134,216,215,1938,1109,1,0.0107750585
Warm B,133670,864,863,1938,1109,1,0.009925044
Warm B,148831,957,956,1938,1109,1,0.0010355033
Warm B,23730,169,168,1938,1109,0,0.010833833
Warm B,17534,136,135,1938,1109,0,0.005698638
Warm B,12728,97,96,1938,1109,1,0.007237689
Warm B,123531,796,795,1938,1109,1,0.016610831
Warm B,9320,62,61,1938,1109,1,-0.000932659
Warm B,357646,2092,2091,1938,1109,1,0.0059803594
Warm B,421169,2544,2543,1938,1109,0,0.008064397
Warm B,459653,2832,2831,1938,1109,1,0.010752903
Warm B,63257,424,423,1938,1109,1,0.011485071
Warm B,115505,749,748,1938,1109,1,0.009078242
Warm B,284916,1699,1698,1938,1109,1,0.013915192
Warm B,253220,1539,1538,1938,1109,1,0.0042573586
Warm B,158541,1015,1014,1938,1109,1,0.013637422
Warm B,217259,1317,1316,1938,1109,1,0.007781485
Warm B,316980,1884,1883,1938,1109,1,0.004858816
Warm B,412161,2478,2477,1938,1109,1,0.010759987
Warm B,24401,173,172,1938,1109,1,0.0076838383
Warm B,50643,333,332,1938,1109,1,0.008431701
Warm B,171965,1088,1087,1938,1109,1,0.014094598
Warm B,322623,1912,1911,1938,1109,0,0.01216213
Warm B,46860,314,313,1938,1109,1,0.0030332215
Warm B,343738,2018,2017,1938,1109,1,0.009565769
Warm B,336248,1980,1979,1938,1109,1,0.01621478
Warm B,984079,5948,5947,1938,1109,1,0.0066037374
Warm B,208389,1273,1272,1940,1111,1,0.0031971745
Warm B,213634,1298,1297,1940,1111,1,0.0063313833
Warm B,180422,1128,1127,1940,1111,1,0.008421079
Warm B,219534,1331,1330,1940,1111,1,0.010531101
Warm B,162358,1034,1033,1940,1111,1,0.0012547738
Warm B,185667,1150,1149,1940,1111,0,0.011972992
Warm B,138700,889,888,1940,1111,0,0.007999839
Warm B,318988,1896,1895,1940,1111,0,0.009267118
Warm B,135061,873,872,1940,1111,1,0.017394252
Warm B,94624,635,634,1940,1111,1,0.006953155
Warm B,191332,1181,1180,1940,1111,0,0.009311681
Warm B,67076,451,450,1940,1111,1,0.002414472
Warm B,45979,308,307,1940,1111,1,0.0132863885
Warm B,481982,2962,2961,1940,1111,1,-0.0025357204
Warm B,23740,169,168,1940,1111,1,0.014461744
Warm B,12731,97,96,1940,1111,1,-0.006662433
Warm B,357650,2092,2091,1940,1111,1,0.0023534405
Warm B,76422,518,517,1940,1111,1,0.008401693
Warm B,384763,2247,2246,1940,1111,1,0.0022515547
Warm B,316985,1884,1883,1940,1111,1,0.010503009
Warm B,192764,1186,1185,1940,1111,1,0.00016117189
Warm B,160333,1019,1018,1940,1111,0,0.01961023
Warm B,293911,1748,1747,1940,1111,1,0.015340746
Warm B,804079,4815,4814,1940,1111,1,0.00985045
Warm B,171979,1088,1087,1940,1111,1,0.00071664667
Warm B,111731,727,726,1940,1111,1,0.0014022486
Warm B,322631,1912,1911,1940,1111,0,0.008527161
Warm B,285462,1701,1700,1940,1111,1,0.01480868
Warm B,607774,3688,3687,1940,1111,1,0.003273528
Warm B,821603,4940,4939,1940,1111,1,0.018517278
Warm B,141647,911,910,1940,1111,1,0.007183852
Warm B,451540,2779,2778,1941,1112,1,0.010482531
Warm B,438405,2679,2678,1941,1112,1,0.012979206
Warm B,419437,2535,2534,1941,1112,1,-0.005851459
Warm B,417262,2512,2511,1941,1112,1,0.011978
Warm B,414730,2496,2495,1941,1112,1,0.009610394
Warm B,401414,2393,2392,1941,1112,1,-0.0051658633
Warm B,396205,2342,2341,1941,1112,0,0.010948207
Warm B,394673,2329,2328,1941,1112,1,-0.001972839
Warm B,381752,2231,2230,1941,1112,1,0.011249157
Warm B,352999,2067,2066,1941,1112,1,0.010838797
Warm B,317414,1888,1887,1941,1112,0,0.0073142396
Warm B,292499,1741,1740,1941,1112,1,0.004911963
Warm B,269209,1632,1631,1941,1112,1,0.0124846585
Warm B,346346,2030,2029,1941,1112,1,0.0053049633
Warm B,255756,1557,1556,1941,1112,1,0.0073056086
Warm B,294448,1749,1748,1941,1112,0,0.022553893
Warm B,194164,1196,1195,1941,1112,0,0.003196924
Warm B,182874,1140,1139,1941,1112,1,0.021527816
Warm B,178732,1121,1120,1941,1112,1,0.0065981094
Warm B,244165,1470,1469,1941,1112,0,0.008093065
Warm B,148567,956,955,1941,1112,1,0.01145825
Warm B,147077,948,947,1941,1112,1,0.005124719
Warm B,185670,1150,1149,1941,1112,0,0.0064159273
Warm B,138702,889,888,1941,1112,1,0.008433657
Warm B,235663,1426,1425,1941,1112,0,0.021690626
Warm B,121286,780,779,1941,1112,0,0.0042303167
Warm B,191334,1181,1180,1941,1112,0,0.014746231
Warm B,84437,550,549,1941,1112,0,0.004940989
Warm B,72539,484,483,1941,1112,0,0.0015319133
Warm B,48860,327,326,1941,1112,1,0.0053645796
Warm B,45588,307,306,1941,1112,0,-0.0018174655
Warm B,42537,291,290,1941,1112,1,0.0035085361
Warm B,35312,238,237,1941,1112,1,0.0043283226
Warm B,26807,190,189,1941,1112,0,0.0040478716
Warm B,23741,169,168,1941,1112,0,0.010205551
Warm B,592145,3610,3609,1941,1112,0,0.01662238
Warm B,66161,442,441,1941,1112,1,-0.01027309
Warm B,421174,2544,2543,1941,1112,1,0.009695271
Warm B,238182,1447,1446,1941,1112,0,0.007112845
Warm B,158553,1015,1014,1941,1112,1,0.0015687621
Warm B,316987,1884,1883,1941,1112,1,0.011012466
Warm B,835115,5019,5018,1941,1112,1,-0.0019100581
Warm B,18245,140,139,1941,1112,0,0.01133362
Warm B,338296,1988,1987,1941,1112,1,0.015926935
Warm B,170969,1087,1086,1941,1112,1,0.0063450844
Warm B,322633,1912,1911,1941,1112,0,0.009491534
Warm B,895331,5411,5410,1941,1112,1,0.0059535755
Warm B,768821,4579,4578,1941,1112,1,0.0017417409
Warm B,285463,1701,1700,1941,1112,0,0.006877406
Warm B,657638,3963,3962,1941,1112,1,0.018506885
Warm B,305095,1812,1811,1941,1112,0,0.009053112
Warm B,295733,1755,1754,1941,1112,0,-0.0018740008
Warm B,208921,1274,1273,1941,1112,1,0.0106677655
Warm B,438013,2676,2675,1942,1113,1,0.0063036233
Warm B,425416,2581,2580,1942,1113,1,0.0075461385
Warm B,421516,2546,2545,1942,1113,1,0.0031830056
Warm B,421176,2544,2543,1942,1113,1,0.0012132318
Warm B,419912,2537,2536,1942,1113,1,0.0016391319
Warm B,414942,2497,2496,1942,1113,1,0.0019291672
Warm B,403489,2410,2409,1942,1113,0,0.004337127
Warm B,399219,2376,2375,1942,1113,1,0.014192971
Warm B,393744,2318,2317,1942,1113,1,0.004860535
Warm B,390149,2288,2287,1942,1113,1,-0.002947018
Warm B,383504,2241,2240,1942,1113,1,0.009335906
Warm B,381753,2231,2230,1942,1113,0,0.008509433
Warm B,364930,2124,2123,1942,1113,1,0.007506869
Warm B,353000,2067,2066,1942,1113,0,0.0047840304
Warm B,346701,2031,2030,1942,1113,1,0.016468398
Warm B,357652,2092,2091,1942,1113,1,-0.0021610623
Warm B,343206,2016,2015,1942,1113,1,0.0021604886
Warm B,323256,1916,1915,1942,1113,1,0.0071321316
Warm B,282072,1692,1691,1942,1113,1,0.0012175068
Warm B,270160,1635,1634,1942,1113,1,-0.0011569699
Warm B,269212,1632,1631,1942,1113,0,0.00994467
Warm B,256561,1567,1566,1942,1113,0,0.008545757
Warm B,346347,2030,2029,1942,1113,1,0.013139576
Warm B,232354,1410,1409,1942,1113,1,0.009842699
Warm B,218098,1322,1321,1942,1113,1,0.0052799694
Warm B,213635,1298,1297,1942,1113,1,0.010473406
Warm B,206009,1264,1263,1942,1113,1,0.008118912
Warm B,199593,1224,1223,1942,1113,1,0.015126102
Warm B,294450,1749,1748,1942,1113,0,0.0065485835
Warm B,182875,1140,1139,1942,1113,0,0.012962982
Warm B,175203,1111,1110,1942,1113,1,0.0066313893
Warm B,219536,1331,1330,1942,1113,1,-0.000789237
Warm B,191337,1181,1180,1942,1113,1,0.014411658
Warm B,185673,1150,1149,1942,1113,1,0.014882062
Warm B,318989,1896,1895,1942,1113,0,0.009199616
Warm B,106888,702,701,1942,1113,1,0.016994024
Warm B,153247,984,983,1942,1113,1,0.0018835864
Warm B,67078,451,450,1942,1113,1,0.0062746303
Warm B,45589,307,306,1942,1113,1,-0.0001282948
Warm B,713297,4277,4276,1942,1113,1,0.013297606
Warm B,31378,212,211,1942,1113,1,0.0061322306
Warm B,148835,957,956,1942,1113,1,0.0027147161
Warm B,23742,169,168,1942,1113,1,0.020306828
Warm B,13556,107,106,1942,1113,1,0.00890789
Warm B,592146,3610,3609,1942,1113,0,0.0014920987
Warm B,460828,2841,2840,1942,1113,1,0.0123422565
Warm B,316988,1884,1883,1942,1113,1,0.016905516
Warm B,18246,140,139,1942,1113,0,0.0052917246
Warm B,993910,6002,6001,1942,1113,1,0.011785739
Warm B,232845,1415,1414,1942,1113,1,0.0039436114
Warm B,894929,5405,5404,1942,1113,1,0.006561802
Warm B,50651,333,332,1942,1113,1,0.008932183
Warm B,20056,149,148,1942,1113,1,0.010299157
Warm B,841225,5054,5053,1942,1113,1,0.009176789
Warm B,285464,1701,1700,1942,1113,1,0.01717288
Warm B,254908,1551,1550,1942,1113,0,0.0006044195
Warm B,293915,1748,1747,1942,1113,0,0.012661928
Warm B,322634,1912,1911,1942,1113,0,0.010433126
Warm B,171981,1088,1087,1942,1113,1,0.0030678874
Warm B,171984,1088,1087,1943,1114,0,0.008529203
Warm B,655555,3948,3947,1948,1119,0,0.0047506588
Warm B,646406,3891,3890,1948,1119,1,0.007851773
Warm B,644831,3884,3883,1948,1119,0,0.014961781
Warm B,642396,3864,3863,1948,1119,1,0.013838564
Warm B,630871,3816,3815,1948,1119,1,0.012221967
Warm B,629800,3808,3807,1948,1119,0,0.005371958
Warm B,626099,3789,3788,1948,1119,1,0.0061716055
Warm B,625061,3778,3777,1948,1119,0,0.019864112
Warm B,620757,3760,3759,1948,1119,1,0.008839168
Warm B,670416,4028,4027,1948,1119,0,0.022198385
Warm B,613978,3718,3717,1948,1119,1,0.0072632167
Warm B,611323,3705,3704,1948,1119,1,0.013066722
Warm B,609307,3693,3692,1948,1119,0,0.0048863767
Warm B,726532,4345,4344,1948,1119,0,0.0027492074
Warm B,608704,3691,3690,1948,1119,1,0.016770417
Warm B,662700,3994,3993,1948,1119,1,0.014051641
Warm B,568409,3487,3486,1948,1119,0,0.0037585907
Warm B,548062,3380,3379,1948,1119,1,0.008338988
Warm B,545812,3365,3364,1948,1119,1,0.0070666666
Warm B,533574,3292,3291,1948,1119,1,0.013320565
Warm B,521201,3216,3215,1948,1119,0,0.0063299327
Warm B,520939,3215,3214,1948,1119,1,-0.0019266895
Warm B,513077,3163,3162,1948,1119,0,0.009433668
Warm B,527612,3261,3260,1948,1119,0,-0.00013859768
Warm B,505284,3108,3107,1948,1119,1,0.013339668
Warm B,713306,4277,4276,1948,1119,0,0.014978053
Warm B,546188,3367,3366,1948,1119,1,0.003265059
Warm B,489740,3013,3012,1948,1119,1,0.017762061
Warm B,768827,4579,4578,1948,1119,1,0.00026170444
Warm B,600245,3650,3649,1948,1119,0,0.009976719
Warm B,482856,2967,2966,1948,1119,0,0.0066581843
Warm B,476885,2928,2927,1948,1119,1,0.010467454
Warm B,696648,4169,4168,1948,1119,1,0.019191591
Warm B,738232,4411,4410,1948,1119,1,0.0006274879
Warm B,471694,2901,2900,1948,1119,1,0.003438795
Warm B,494998,3036,3035,1948,1119,1,0.008077418
Warm B,467018,2878,2877,1948,1119,1,0.004916109
Warm B,466203,2874,2873,1948,1119,1,0.01042346
Warm B,462062,2849,2848,1948,1119,1,0.013170309
Warm B,460006,2837,2836,1948,1119,1,0.010091356
Warm B,455926,2807,2806,1948,1119,1,0.012575228
Warm B,452880,2788,2787,1948,1119,1,-0.0014550639
Warm B,448096,2761,2760,1948,1119,0,0.0026959004
Warm B,446977,2753,2752,1948,1119,1,0.008728867
Warm B,440756,2698,2697,1948,1119,0,0.0055129477
Warm B,427057,2592,2591,1948,1119,0,0.00941306
Warm B,422999,2564,2563,1948,1119,1,-0.0035522068
Warm B,451400,2778,2777,1948,1119,1,7.267378e-05
Warm B,419916,2537,2536,1948,1119,1,0.00991527
Warm B,410901,2465,2464,1948,1119,1,0.003042362
Warm B,398660,2373,2372,1948,1119,1,-0.004914012
Warm B,392464,2304,2303,1948,1119,0,0.0053535528
Warm B,389078,2279,2278,1948,1119,1,0.0054709557
Warm B,382414,2234,2233,1948,1119,1,0.0017302354
Warm B,381759,2231,2230,1948,1119,0,0.010109643
Warm B,378804,2211,2210,1948,1119,1,0.01509925
Warm B,377410,2203,2202,1948,1119,1,0.009478828
Warm B,356523,2088,2087,1948,1119,0,0.010633697
Warm B,345530,2026,2025,1948,1119,1,-0.0057413876
Warm B,357658,2092,2091,1948,1119,1,0.01850073
Warm B,344251,2020,2019,1948,1119,0,0.006210718
Warm B,335101,1977,1976,1948,1119,1,-0.0009162519
Warm B,320275,1899,1898,1948,1119,1,0.0076886313
Warm B,302537,1796,1795,1948,1119,1,0.0035934532
Warm B,301557,1791,1790,1948,1119,0,0.014602169
Warm B,282989,1695,1694,1948,1119,1,0.016342983
Warm B,269221,1632,1631,1948,1119,0,0.015372977
Warm B,268606,1631,1630,1948,1119,1,0.006633914
Warm B,259097,1586,1585,1948,1119,1,0.009530246
Warm B,346356,2030,2029,1948,1119,1,0.009861985
Warm B,294454,1749,1748,1948,1119,0,0.0045057354
Warm B,218104,1322,1321,1948,1119,1,0.007659683
Warm B,276411,1671,1670,1948,1119,1,0.009324998
Warm B,208395,1273,1272,1948,1119,1,0.005595375
Warm B,208086,1272,1271,1948,1119,1,0.0073207137
Warm B,213641,1298,1297,1948,1119,0,0.0054236935
Warm B,188668,1170,1169,1948,1119,1,0.008601972
Warm B,190074,1179,1178,1948,1119,1,0.010699234
Warm B,212538,1294,1293,1948,1119,1,0.006952054
Warm B,316368,1883,1882,1948,1119,0,-0.0034855967
Warm B,182879,1140,1139,1948,1119,1,0.009612425
Warm B,180428,1128,1127,1948,1119,1,0.012051936
Warm B,163117,1041,1040,1948,1119,1,-0.00399159
Warm B,167010,1062,1061,1948,1119,1,0.003827546
Warm B,153258,984,983,1948,1119,1,0.0139080845
Warm B,147086,948,947,1948,1119,1,-0.0054828925
Warm B,260889,1594,1593,1948,1119,1,0.002658313
Warm B,138713,889,888,1948,1119,1,0.0097227
Warm B,160345,1019,1018,1948,1119,0,0.020091977
Warm B,131317,850,849,1948,1119,0,0.009464152
Warm B,374885,2185,2184,1948,1119,1,0.009662714
Warm B,315503,1880,1879,1948,1119,1,0.016107347
Warm B,112667,731,730,1948,1119,1,0.017490385
Warm B,178331,1120,1119,1948,1119,1,0.002375432
Warm B,284446,1698,1697,1948,1119,1,0.01757304
Warm B,97167,651,650,1948,1119,1,0.012719482
Warm B,339268,1998,1997,1948,1119,1,0.0021567221
Warm B,84442,550,549,1948,1119,0,0.012384022
Warm B,198255,1218,1217,1948,1119,0,0.0075923908
Warm B,77019,523,522,1948,1119,1,0.006531798
Warm B,72579,485,484,1948,1119,1,-0.0023878042
Warm B,66390,444,443,1948,1119,1,0.0077392957
Warm B,64745,434,433,1948,1119,1,-0.001402331
Warm B,63747,425,424,1948,1119,1,0.010020513
Warm B,62212,420,419,1948,1119,1,0.004826461
Warm B,59640,405,404,1948,1119,1,0.009605999
Warm B,48572,326,325,1948,1119,1,-0.004517384
Warm B,45596,307,306,1948,1119,1,0.01106855
Warm B,32158,216,215,1948,1119,0,0.005835705
Warm B,23754,169,168,1948,1119,0,0.0121747125
Warm B,8088,54,53,1948,1119,0,0.005389472
Warm B,6262,45,44,1948,1119,0,0.0034656432
Warm B,48084,322,321,1948,1119,1,0.0037862887
Warm B,943,10,9,1948,1119,1,0.009701148
Warm B,858138,5157,5156,1948,1119,1,0.0040667187
Warm B,60788,411,410,1948,1119,0,0.0028729346
Warm B,421183,2544,2543,1948,1119,1,0.009762202
Warm B,801494,4802,4801,1948,1119,1,0.016839892
Warm B,94628,635,634,1948,1119,1,0.012947536
Warm B,238193,1447,1446,1948,1119,0,0.015927032
Warm B,158566,1015,1014,1948,1119,1,0.017926423
Warm B,47552,319,318,1948,1119,1,0.01692787
Warm B,170971,1087,1086,1948,1119,0,0.013256408
Warm B,312457,1861,1860,1948,1119,1,0.0063828947
Warm B,757292,4508,4507,1948,1119,0,0.012679791
Warm B,293921,1748,1747,1948,1119,0,0.02206266
Warm B,949218,5734,5733,1948,1119,1,0.00658997
Warm B,447700,2760,2759,1948,1119,1,0.0028879177
Warm B,254663,1547,1546,1948,1119,1,0.004789563
Warm B,322642,1912,1911,1948,1119,0,0.018932052
Warm B,24415,173,172,1948,1119,0,0.010240446
Warm B,657646,3963,3962,1948,1119,1,0.0054783933
Warm B,371803,2172,2171,1948,1119,0,0.01660001
Warm B,319533,1897,1896,1948,1119,1,0.0051223906
Warm B,34761,235,234,1948,1119,1,0.00011633639
Warm B,63283,424,423,1948,1119,1,0.011211099
Warm B,923981,5580,5579,1948,1119,1,0.01098265
Warm B,171991,1088,1087,1948,1119,1,0.0060735014
Warm B,766228,4562,4561,1966,1137,1,0.011706727
Warm B,751014,4480,4479,1966,1137,0,0.010808717
Warm B,746711,4456,4455,1966,1137,1,0.0012301528
Warm B,689166,4122,4121,1966,1137,1,0.005471559
Warm B,686352,4106,4105,1966,1137,0,0.009056802
Warm B,660676,3983,3982,1966,1137,0,0.0041086427
Warm B,661042,3985,3984,1966,1137,0,0.017030535
Warm B,645928,3887,3886,1966,1137,1,-0.0014715006
Warm B,635206,3829,3828,1966,1137,0,0.0071405573
Warm B,945530,5707,5706,1966,1137,1,0.00412548
Warm B,623123,3770,3769,1966,1137,1,0.0043334686
Warm B,622823,3769,3768,1966,1137,1,0.005404046
Warm B,769258,4580,4579,1966,1137,1,0.014806016
Warm B,614388,3721,3720,1966,1137,1,0.008403303
Warm B,612660,3713,3712,1966,1137,0,0.018109623
Warm B,611362,3705,3704,1966,1137,1,0.016532306
Warm B,725537,4344,4343,1966,1137,0,0.01405406
Warm B,703769,4220,4219,1966,1137,0,0.0030513639
Warm B,581024,3547,3546,1966,1137,0,0.008306114
Warm B,617168,3735,3734,1966,1137,1,0.011766019
Warm B,579715,3539,3538,1966,1137,0,0.018726936
Warm B,556116,3417,3416,1966,1137,1,0.00825366
Warm B,571503,3504,3503,1966,1137,1,0.0036911
Warm B,546975,3371,3370,1966,1137,1,0.010836562
Warm B,542997,3341,3340,1966,1137,1,0.0142741725
Warm B,904262,5468,5467,1966,1137,1,-0.007914535
Warm B,531782,3283,3282,1966,1137,1,-0.0021207146
Warm B,916766,5539,5538,1966,1137,0,0.0076535605
Warm B,883124,5333,5332,1966,1137,1,0.01691316
Warm B,523249,3226,3225,1966,1137,1,0.009002176
Warm B,522930,3224,3223,1966,1137,1,0.011671059
Warm B,510125,3142,3141,1966,1137,1,0.008153029
Warm B,501468,3080,3079,1966,1137,1,0.016315434
Warm B,500318,3072,3071,1966,1137,0,0.013516307
Warm B,490405,3017,3016,1966,1137,0,0.0020340998
Warm B,530605,3278,3277,1966,1137,0,0.0018193873
Warm B,462387,2853,2852,1966,1137,1,0.007858154
Warm B,459664,2832,2831,1966,1137,1,0.0057657585
Warm B,459233,2826,2825,1966,1137,1,0.010047615
Warm B,455943,2807,2806,1966,1137,1,0.01601182
Warm B,796149,4771,4770,1966,1137,0,0.0058977692
Warm B,464347,2860,2859,1966,1137,0,0.013129177
Warm B,451547,2779,2778,1966,1137,0,0.0034556496
Warm B,449998,2774,2773,1966,1137,1,0.012665484
Warm B,443967,2737,2736,1966,1137,1,0.0015822083
Warm B,446538,2752,2751,1966,1137,1,0.020601284
Warm B,564711,3471,3470,1966,1137,0,-0.0027314029
Warm B,696710,4169,4168,1966,1137,1,0.020758048
Warm B,432227,2634,2633,1966,1137,1,0.013735329
Warm B,421219,2544,2543,1966,1137,1,0.014703334
Warm B,416901,2507,2506,1966,1137,0,0.016898856
Warm B,394293,2323,2322,1966,1137,0,-0.0017964176
Warm B,413305,2485,2484,1966,1137,0,0.00925816
Warm B,385409,2251,2250,1966,1137,1,-0.0033698534
Warm B,377985,2205,2204,1966,1137,0,0.011680795
Warm B,372134,2173,2172,1966,1137,1,0.008180355
Warm B,358126,2096,2095,1966,1137,1,0.010025568
Warm B,360250,2105,2104,1966,1137,1,0.009136878
Warm B,347130,2036,2035,1966,1137,1,0.00861291
Warm B,346714,2031,2030,1966,1137,1,0.016283123
Warm B,319571,1897,1896,1966,1137,0,0.00879174
Warm B,302548,1796,1795,1966,1137,1,0.0020166761
Warm B,298206,1767,1766,1966,1137,1,0.016058765
Warm B,310191,1845,1844,1966,1137,1,0.002298046
Warm B,274530,1658,1657,1966,1137,1,0.012785603
Warm B,269269,1632,1631,1966,1137,1,0.021937937
Warm B,256455,1565,1564,1966,1137,1,0.00028008246
Warm B,289498,1727,1726,1966,1137,1,0.0018835077
Warm B,211327,1285,1284,1966,1137,0,-0.00045717973
Warm B,294490,1749,1748,1966,1137,1,0.010921765
Warm B,209582,1279,1278,1966,1137,0,0.006993016
Warm B,185744,1150,1149,1966,1137,1,0.009651339
Warm B,307683,1835,1834,1966,1137,1,0.012144212
Warm B,176570,1116,1115,1966,1137,1,-0.0015230261
Warm B,173838,1100,1099,1966,1137,1,0.0008554077
Warm B,188324,1168,1167,1966,1137,1,0.009589264
Warm B,166626,1059,1058,1966,1137,0,0.004678466
Warm B,160396,1019,1018,1966,1137,0,0.010983809
Warm B,158630,1015,1014,1966,1137,1,0.01336187
Warm B,147808,952,951,1966,1137,0,0.007920611
Warm B,260896,1594,1593,1966,1137,0,0.0053824205
Warm B,713362,4277,4276,1966,1137,0,0.012947126
Warm B,201778,1242,1241,1966,1137,1,0.0062128194
Warm B,132094,854,853,1966,1137,0,0.008853918
Warm B,125070,802,801,1966,1137,0,0.0012997395
Warm B,124598,801,800,1966,1137,0,-0.0058881287
Warm B,332292,1960,1959,1966,1137,0,0.017046902
Warm B,113459,735,734,1966,1137,0,0.007781407
Warm B,112692,731,730,1966,1137,1,0.010664127
Warm B,89647,590,589,1966,1137,1,0.0059448285
Warm B,89396,588,587,1966,1137,1,0.012459483
Warm B,191422,1181,1180,1966,1137,0,-0.0036422634
Warm B,82327,546,545,1966,1137,1,0.01325573
Warm B,84495,550,549,1966,1137,1,0.015455285
Warm B,75074,509,508,1966,1137,1,0.005802286
Warm B,239289,1448,1447,1966,1137,0,0.010389423
Warm B,72992,493,492,1966,1137,1,0.0042864187
Warm B,57224,386,385,1966,1137,1,-9.5306896e-05
Warm B,132673,855,854,1966,1137,1,0.0077693993
Warm B,313018,1865,1864,1966,1137,0,-0.0004695782
Warm B,37910,259,258,1966,1137,0,0.0036672228
Warm B,258595,1584,1583,1966,1137,0,0.014561222
Warm B,34389,232,231,1966,1137,1,0.0010715075
Warm B,33587,225,224,1966,1137,1,0.007886161
Warm B,228536,1383,1382,1966,1137,0,0.008042924
Warm B,17575,136,135,1966,1137,1,0.006284978
Warm B,6307,45,44,1966,1137,0,0.006713862
Warm B,3550,26,25,1966,1137,1,0.009598494
Warm B,439,5,4,1966,1137,0,0.0098775625
Warm B,458261,2820,2819,1966,1137,0,0.010307301
Warm B,66181,442,441,1966,1137,1,0.0083773285
Warm B,772083,4602,4601,1966,1137,1,-0.0014068503
Warm B,862733,5193,5192,1966,1137,1,0.010203846
Warm B,450086,2775,2774,1966,1137,1,0.0039926274
Warm B,193056,1192,1191,1966,1137,1,-0.0009946406
Warm B,762225,4528,4527,1966,1137,1,-0.004739702
Warm B,284945,1699,1698,1966,1137,1,0.004787728
Warm B,408409,2453,2452,1966,1137,0,0.015824236
Warm B,531262,3280,3279,1966,1137,1,0.0074359155
Warm B,475647,2918,2917,1966,1137,0,0.00460179
Warm B,290514,1733,1732,1966,1137,1,0.0068212645
Warm B,9898,68,67,1966,1137,1,0.0142767895
Warm B,633592,3824,3823,1966,1137,0,0.011401407
Warm B,860176,5172,5171,1966,1137,1,0.00045466376
Warm B,499705,3067,3066,1966,1137,1,0.012515366
Warm B,772755,4607,4606,1966,1137,1,0.016740536
Warm B,336330,1980,1979,1966,1137,1,0.017565597
Warm B,983063,5938,5937,1966,1137,0,0.006853574
Warm B,497396,3054,3053,1966,1137,0,0.006557514
Warm B,104002,691,690,1966,1137,1,-0.003092354
Warm B,246960,1491,1490,1966,1137,0,-4.6763686e-05
Warm B,902879,5458,5457,1966,1137,1,0.0076137916
Warm B,465807,2872,2871,1966,1137,1,0.012842452
Warm B,565775,3475,3474,1966,1137,0,0.015736025
Warm B,34786,235,234,1966,1137,1,0.007811981
Warm B,95766,641,640,1966,1137,1,0.008548718
Warm B,790529,4728,4727,1966,1137,1,0.017561834
Warm B,480492,2947,2946,1966,1137,0,0.00080656237
Warm B,682768,4085,4084,1975,1145,0,0.01024609
Warm B,666395,4009,4008,1975,1145,0,0.0086456435
Warm B,664836,4001,4000,1975,1145,1,0.008029144
Warm B,663593,3998,3997,1975,1145,0,0.011438304
Warm B,654361,3942,3941,1975,1145,0,0.013095125
Warm B,664267,3999,3998,1975,1145,0,0.008632509
Warm B,628419,3806,3805,1975,1145,0,0.008286474
Warm B,628844,3807,3806,1975,1145,0,0.000959898
Warm B,627985,3801,3800,1975,1145,1,0.004415365
Warm B,638581,3841,3840,1975,1145,0,0.009887089
Warm B,623555,3771,3770,1975,1145,0,0.007036163
Warm B,625146,3778,3777,1975,1145,0,0.009262388
Warm B,611977,3709,3708,1975,1145,0,0.0016197795
Warm B,621360,3762,3761,1975,1145,0,0.016395245
Warm B,725560,4344,4343,1975,1145,0,0.0056609083
Warm B,606730,3683,3682,1975,1145,0,0.011301909
Warm B,633625,3824,3823,1975,1145,0,0.010040402
Warm B,596895,3626,3625,1975,1145,0,0.0067439773
Warm B,589956,3599,3598,1975,1145,0,0.007708092
Warm B,572658,3508,3507,1975,1145,0,0.0014970253
Warm B,569490,3491,3490,1975,1145,1,0.010186943
Warm B,558993,3433,3432,1975,1145,0,0.008671526
Warm B,552646,3401,3400,1975,1145,0,0.01440039
Warm B,554215,3410,3409,1975,1145,0,0.005977932
Warm B,554619,3411,3410,1975,1145,0,0.009437894
Warm B,537489,3311,3310,1975,1145,0,0.0065499116
Warm B,528360,3265,3264,1975,1145,0,0.01294983
Warm B,518913,3201,3200,1975,1145,0,0.0055257143
Warm B,515719,3182,3181,1975,1145,0,0.008331228
Warm B,606047,3681,3680,1975,1145,0,0.012956156
Warm B,513149,3163,3162,1975,1145,0,0.0012590806
Warm B,508811,3129,3128,1975,1145,0,0.00881873
Warm B,718690,4305,4304,1975,1145,0,0.01042456
Warm B,494511,3032,3031,1975,1145,1,0.002559888
Warm B,540097,3320,3319,1975,1145,0,0.007852083
Warm B,469064,2888,2887,1975,1145,0,0.0051653376
Warm B,754775,4497,4496,1975,1145,0,0.0014017059
Warm B,463603,2857,2856,1975,1145,0,0.007809817
Warm B,462291,2852,2851,1975,1145,1,0.0056829476
Warm B,439678,2685,2684,1975,1145,0,0.009733238
Warm B,426621,2590,2589,1975,1145,0,0.0026819804
Warm B,411789,2474,2473,1975,1145,0,-0.0006504487
Warm B,409808,2457,2456,1975,1145,1,0.006999436
Warm B,397236,2352,2351,1975,1145,0,0.004043092
Warm B,370095,2164,2163,1975,1145,0,0.009599136
Warm B,367788,2147,2146,1975,1145,0,0.007991674
Warm B,367359,2144,2143,1975,1145,0,0.00842916
Warm B,297734,1764,1763,1975,1145,1,0.0021415183
Warm B,288341,1722,1721,1975,1145,1,-0.0029956815
Warm B,291700,1737,1736,1975,1145,0,0.0035640788
Warm B,279928,1680,1679,1975,1145,0,0.011239537
Warm B,280536,1683,1682,1975,1145,0,0.0031697485
Warm B,358299,2097,2096,1975,1145,0,0.0033501205
Warm B,247911,1496,1495,1975,1145,0,0.0034053351
Warm B,243021,1465,1464,1975,1145,0,0.0057211434
Warm B,224553,1357,1356,1975,1145,0,0.009330429
Warm B,336359,1980,1979,1975,1145,0,0.013399571
Warm B,278007,1676,1675,1975,1145,1,0.0106719555
Warm B,273275,1647,1646,1975,1145,0,0.0026326478
Warm B,350390,2056,2055,1975,1145,0,0.0100711845
Warm B,206075,1264,1263,1975,1145,0,0.0024049138
Warm B,322701,1912,1911,1975,1145,0,0.0035792743
Warm B,271122,1639,1638,1975,1145,0,0.012845213
Warm B,328714,1941,1940,1975,1145,0,0.007060608
Warm B,189130,1172,1171,1975,1145,0,0.009610276
Warm B,299232,1776,1775,1975,1145,0,0.016719496
Warm B,307711,1835,1834,1975,1145,0,0.015758215
Warm B,180469,1128,1127,1975,1145,0,0.014954143
Warm B,196752,1207,1206,1975,1145,0,0.008760691
Warm B,175098,1109,1108,1975,1145,0,0.0011214807
Warm B,165667,1056,1055,1975,1145,1,0.0018454521
Warm B,159436,1017,1016,1975,1145,0,0.009222142
Warm B,135856,877,876,1975,1145,0,0.01721821
Warm B,134598,869,868,1975,1145,0,0.006676807
Warm B,130333,844,843,1975,1145,0,0.006091263
Warm B,125644,808,807,1975,1145,0,0.0032632465
Warm B,124005,798,797,1975,1145,0,0.0027891062
Warm B,211358,1285,1284,1975,1145,0,0.00647798
Warm B,114117,741,740,1975,1145,1,0.0017228405
Warm B,107219,705,704,1975,1145,0,0.0012812791
Warm B,99486,663,662,1975,1145,0,0.0120096
Warm B,352343,2063,2062,1975,1145,0,0.0058471225
Warm B,94753,636,635,1975,1145,1,0.0047660307
Warm B,92846,621,620,1975,1145,0,0.007486617
Warm B,265289,1611,1610,1975,1145,1,0.0059226495
Warm B,140778,904,903,1975,1145,0,0.0065128766
Warm B,115549,749,748,1975,1145,1,0.00297817
Warm B,87543,572,571,1975,1145,0,-0.003990273
Warm B,77883,524,523,1975,1145,0,0.016113002
Warm B,81919,543,542,1975,1145,0,0.0050776526
Warm B,57644,390,389,1975,1145,0,0.012559844
Warm B,45232,305,304,1975,1145,0,0.006328354
Warm B,41238,278,277,1975,1145,0,0.008620133
Warm B,30010,202,201,1975,1145,0,0.009336807
Warm B,99906,667,666,1975,1145,0,-0.0036993562
Warm B,270223,1635,1634,1975,1145,0,0.008351125
Warm B,15728,123,122,1975,1145,0,0.013284158
Warm B,6468,46,45,1975,1145,1,0.010765864
Warm B,482035,2962,2961,1975,1145,0,0.0036614875
Warm B,355181,2077,2076,1975,1145,0,0.010165942
Warm B,432878,2638,2637,1975,1145,0,0.006876452
Warm B,238273,1447,1446,1975,1145,0,0.010015806
Warm B,290537,1733,1732,1975,1145,0,0.014795181
Warm B,102642,678,677,1975,1145,0,0.0040797214
Warm B,964228,5812,5811,1975,1145,0,0.005540668
Warm B,720221,4312,4311,1975,1145,0,0.01895928
Warm B,331935,1958,1957,1975,1145,0,0.018697465
Warm B,474098,2909,2908,1975,1145,1,0.009768277
Warm B,63377,424,423,1975,1145,0,0.014798415
Warm B,474409,2910,2909,1975,1145,0,0.008169053
Warm B,34287,231,230,1975,1145,0,0.009466017
Warm B,558994,3433,3432,1976,1146,0,-0.009167135
Warm B,552647,3401,3400,1976,1146,0,-0.014989568
Warm B,554216,3410,3409,1976,1146,0,0.0026013218
Warm B,554620,3411,3410,1976,1146,0,-0.00029308163
Warm B,537491,3311,3310,1976,1146,0,0.0050091986
Warm B,528361,3265,3264,1976,1146,0,0.0049953423
Warm B,654362,3942,3941,1976,1146,0,0.0017642895
Warm B,518914,3201,3200,1976,1146,0,0.011301941
Warm B,515720,3182,3181,1976,1146,0,-0.00018564891
Warm B,566487,3476,3475,1976,1146,0,-0.0063396036
Warm B,606048,3681,3680,1976,1146,0,-0.0020605186
Warm B,508812,3129,3128,1976,1146,0,0.00566925
Warm B,494512,3032,3031,1976,1146,1,-0.0019269106
Warm B,540099,3320,3319,1976,1146,0,-0.009664301
Warm B,472888,2907,2906,1976,1146,0,0.00035893684
Warm B,462292,2852,2851,1976,1146,0,-0.004215358
Warm B,450397,2776,2775,1976,1146,0,0.0021470203
Warm B,453335,2792,2791,1976,1146,0,-0.0046212906
Warm B,432331,2635,2634,1976,1146,1,-0.0004208805
Warm B,431213,2627,2626,1976,1146,0,-0.009852142
Warm B,429312,2611,2610,1976,1146,0,0.0023698225
Warm B,426622,2590,2589,1976,1146,0,-0.001338026
Warm B,414082,2491,2490,1976,1146,0,0.007868543
Warm B,411137,2466,2465,1976,1146,0,-0.004304599
Warm B,410041,2458,2457,1976,1146,0,0.0007320387
Warm B,409809,2457,2456,1976,1146,0,0.014793741
Warm B,406624,2439,2438,1976,1146,0,0.006329173
Warm B,398797,2374,2373,1976,1146,0,-0.003444035
Warm B,760237,4517,4516,1976,1146,0,-0.008742023
Warm B,385419,2251,2250,1976,1146,0,-0.0032462045
Warm B,379378,2217,2216,1976,1146,0,-0.0011748738
Warm B,370096,2164,2163,1976,1146,0,-0.002690103
Warm B,368096,2149,2148,1976,1146,0,-0.004667997
Warm B,367360,2144,2143,1976,1146,0,-0.0073920824
Warm B,366009,2130,2129,1976,1146,1,0.0004294213
Warm B,364985,2124,2123,1976,1146,0,0.0009377557
Warm B,364193,2121,2120,1976,1146,0,-0.00029301358
Warm B,356181,2087,2086,1976,1146,0,0.006828838
Warm B,352345,2063,2062,1976,1146,0,0.0034593716
Warm B,350391,2056,2055,1976,1146,1,-0.00207994
Warm B,348796,2046,2045,1976,1146,0,-0.0024671815
Warm B,348233,2041,2040,1976,1146,0,0.006604365
Warm B,342813,2015,2014,1976,1146,0,-0.0035077806
Warm B,333546,1968,1967,1976,1146,0,-0.0035004192
Warm B,324698,1923,1922,1976,1146,0,-0.0014978137
Warm B,310869,1851,1850,1976,1146,0,0.0022751396
Warm B,303641,1803,1802,1976,1146,0,0.00807976
Warm B,297735,1764,1763,1976,1146,0,0.002550391
Warm B,290538,1733,1732,1976,1146,0,0.0020358972
Warm B,286905,1712,1711,1976,1146,0,-0.0048705735
Warm B,285525,1701,1700,1976,1146,0,0.00034620753
Warm B,291701,1737,1736,1976,1146,0,9.345985e-05
Warm B,281422,1687,1686,1976,1146,0,0.0030601062
Warm B,279930,1680,1679,1976,1146,1,-0.01766398
Warm B,260744,1593,1592,1976,1146,0,-0.0011933472
Warm B,358300,2097,2096,1976,1146,0,0.008724009
Warm B,254759,1549,1548,1976,1146,0,-0.00029506302
Warm B,303352,1802,1801,1976,1146,0,0.0035362868
Warm B,250591,1510,1509,1976,1146,0,0.002560861
Warm B,247222,1494,1493,1976,1146,0,-0.004662493
Warm B,247913,1496,1495,1976,1146,0,-0.0041464604
Warm B,631826,3821,3820,1976,1146,0,-0.0032659362
Warm B,244208,1470,1469,1976,1146,0,-0.011987492
Warm B,242249,1461,1460,1976,1146,0,-0.0007879599
Warm B,237093,1441,1440,1976,1146,0,-0.00852094
Warm B,233279,1419,1418,1976,1146,0,0.004175804
Warm B,224345,1356,1355,1976,1146,0,-0.014195101
Warm B,224554,1357,1356,1976,1146,0,-0.0018498038
Warm B,220048,1333,1332,1976,1146,0,-0.0017932439
Warm B,336360,1980,1979,1976,1146,0,-0.011605376
Warm B,278009,1676,1675,1976,1146,1,-0.004055624
Warm B,273276,1647,1646,1976,1146,0,-0.00054386444
Warm B,209098,1275,1274,1976,1146,0,5.128095e-05
Warm B,322702,1912,1911,1976,1146,0,3.8230442e-05
Warm B,271123,1639,1638,1976,1146,1,0.008902436
Warm B,196753,1207,1206,1976,1146,0,-0.0005991743
Warm B,210337,1284,1283,1976,1146,0,0.00020529376
Warm B,328716,1941,1940,1976,1146,0,-0.008056997
Warm B,187183,1161,1160,1976,1146,0,-0.0037897457
Warm B,189131,1172,1171,1976,1146,0,0.0034889535
Warm B,299233,1776,1775,1976,1146,0,-0.011234606
Warm B,184139,1146,1145,1976,1146,0,-0.0025292048
Warm B,183817,1145,1144,1976,1146,0,-0.0047801337
Warm B,307712,1835,1834,1976,1146,0,-0.007213447
Warm B,182397,1138,1137,1976,1146,0,-0.0003682964
Warm B,170036,1080,1079,1976,1146,0,-0.0027777797
Warm B,162060,1033,1032,1976,1146,0,-0.000776696
Warm B,159437,1017,1016,1976,1146,0,-0.00718388
Warm B,145918,937,936,1976,1146,0,-0.00029569096
Warm B,261268,1597,1596,1976,1146,0,-0.0070910165
Warm B,157247,1010,1009,1976,1146,0,0.0022557823
Warm B,138817,889,888,1976,1146,0,0.0056136833
Warm B,134599,869,868,1976,1146,0,0.00071174
Warm B,133242,859,858,1976,1146,1,0.0005708826
Warm B,131356,850,849,1976,1146,1,-0.0039797192
Warm B,332866,1962,1961,1976,1146,0,-0.0029245068
Warm B,125645,808,807,1976,1146,0,-0.0036245012
Warm B,211359,1285,1284,1976,1146,0,0.0032336588
Warm B,114118,741,740,1976,1146,0,-0.008523823
Warm B,107220,705,704,1976,1146,0,0.0066724764
Warm B,99907,667,666,1976,1146,0,0.0038007759
Warm B,99363,662,661,1976,1146,0,0.0018274668
Warm B,92847,621,620,1976,1146,0,-0.007811123
Warm B,92438,618,617,1976,1146,0,0.0021718517
Warm B,265290,1611,1610,1976,1146,1,-0.0021474943
Warm B,115550,749,748,1976,1146,1,0.003403721
Warm B,82340,546,545,1976,1146,0,-0.00147567
Warm B,82552,548,547,1976,1146,0,-0.002771432
Warm B,73925,501,500,1976,1146,0,-0.0075888466
Warm B,74082,504,503,1976,1146,0,0.0003215638
Warm B,57645,390,389,1976,1146,0,-0.0057078083
Warm B,46062,308,307,1976,1146,0,-0.009702891
Warm B,41903,284,283,1976,1146,0,-0.00857029
Warm B,41239,278,277,1976,1146,0,-0.011362527
Warm B,37058,250,249,1976,1146,0,0.005520924
Warm B,31291,211,210,1976,1146,0,0.0020807888
Warm B,26826,190,189,1976,1146,0,-0.0008124076
Warm B,595919,3624,3623,1976,1146,0,-0.0055958163
Warm B,14141,115,114,1976,1146,0,0.0069845254
Warm B,14612,117,116,1976,1146,0,-0.011720282
Warm B,14006,113,112,1976,1146,0,-0.0009620511
Warm B,13623,108,107,1976,1146,0,0.007865325
Warm B,15729,123,122,1976,1146,0,-0.0084037045
Warm B,8233,57,56,1976,1146,0,0.0028001065
Warm B,6469,46,45,1976,1146,1,-0.0027670218
Warm B,5393,37,36,1976,1146,0,-0.007735874
Warm B,4160,31,30,1976,1146,0,-0.0024918609
Warm B,102643,678,677,1976,1146,0,-0.011424582
Warm B,482036,2962,2961,1976,1146,0,-0.003559602
Warm B,207142,1266,1265,1976,1146,0,-0.005692402
Warm B,743123,4445,4444,1976,1146,0,0.010400338
Warm B,355183,2077,2076,1976,1146,0,-0.009540991
Warm B,238275,1447,1446,1976,1146,0,0.0020148454
Warm B,964229,5812,5811,1976,1146,0,-0.002526945
Warm B,331936,1958,1957,1976,1146,0,-0.0052586826
Warm B,474100,2909,2908,1976,1146,0,0.0061229835
Warm B,63378,424,423,1976,1146,0,0.0039520473
Warm B,474410,2910,2909,1976,1146,0,-0.0036308668
Warm B,34288,231,230,1976,1146,0,0.000906111
Warm B,566488,3476,3475,1977,1147,0,0.0061738766
Warm B,718691,4305,4304,1977,1147,0,0.014680728
Warm B,494514,3032,3031,1977,1147,1,0.009182512
Warm B,540100,3320,3319,1977,1147,0,0.018046552
Warm B,462293,2852,2851,1977,1147,1,0.004934117
Warm B,444851,2743,2742,1977,1147,0,0.006094623
Warm B,453336,2792,2791,1977,1147,0,0.009247358
Warm B,432332,2635,2634,1977,1147,1,0.009196101
Warm B,429313,2611,2610,1977,1147,1,0.0038282115
Warm B,426623,2590,2589,1977,1147,0,0.004263457
Warm B,414083,2491,2490,1977,1147,0,0.00037793815
Warm B,411138,2466,2465,1977,1147,0,0.009171229
Warm B,409811,2457,2456,1977,1147,0,0.008686872
Warm B,397237,2352,2351,1977,1147,0,-0.0022233909
Warm B,379379,2217,2216,1977,1147,0,0.0020050565
Warm B,367361,2144,2143,1977,1147,0,0.0028342353
Warm B,366010,2130,2129,1977,1147,1,0.0014790986
Warm B,366288,2131,2130,1977,1147,0,0.009424191
Warm B,364986,2124,2123,1977,1147,0,0.013702127
Warm B,364194,2121,2120,1977,1147,0,-0.00039885892
Warm B,355184,2077,2076,1977,1147,0,0.01800349
Warm B,352347,2063,2062,1977,1147,0,0.013968464
Warm B,349404,2050,2049,1977,1147,0,0.0021759942
Warm B,348797,2046,2045,1977,1147,0,0.004855966
Warm B,348234,2041,2040,1977,1147,0,0.008692909
Warm B,342814,2015,2014,1977,1147,0,0.015406163
Warm B,333548,1968,1967,1977,1147,0,0.01733656
Warm B,324699,1923,1922,1977,1147,0,0.0019600466
Warm B,310870,1851,1850,1977,1147,0,0.009406173
Warm B,303642,1803,1802,1977,1147,1,0.002802366
Warm B,298730,1774,1773,1977,1147,0,0.009234328
Warm B,322704,1912,1911,1977,1147,0,0.0042596655
Warm B,285526,1701,1700,1977,1147,0,0.0075107347
Warm B,281424,1687,1686,1977,1147,0,-0.002917172
Warm B,291702,1737,1736,1977,1147,0,0.0051842853
Warm B,279934,1680,1679,1977,1147,0,0.009800201
Warm B,280537,1683,1682,1977,1147,0,0.0068465285
Warm B,266732,1617,1616,1977,1147,0,0.012160616
Warm B,261462,1598,1597,1977,1147,0,-0.0075565833
Warm B,260745,1593,1592,1977,1147,0,0.0033111027
Warm B,303353,1802,1801,1977,1147,0,0.00946072
Warm B,247914,1496,1495,1977,1147,0,0.017989544
Warm B,245901,1484,1483,1977,1147,0,0.009488019
Warm B,240530,1449,1448,1977,1147,0,0.00784008
Warm B,237094,1441,1440,1977,1147,0,0.00095911627
Warm B,233280,1419,1418,1977,1147,0,0.007824077
Warm B,224555,1357,1356,1977,1147,0,0.002528029
Warm B,220050,1333,1332,1977,1147,0,0.0048669977
Warm B,214165,1300,1299,1977,1147,1,0.0006777891
Warm B,278010,1676,1675,1977,1147,1,0.0074516246
Warm B,196755,1207,1206,1977,1147,0,0.006829487
Warm B,210338,1284,1283,1977,1147,0,0.005919683
Warm B,328720,1941,1940,1977,1147,0,0.01133811
Warm B,187184,1161,1160,1977,1147,0,0.0025796108
Warm B,189132,1172,1171,1977,1147,0,0.009273852
Warm B,299234,1776,1775,1977,1147,0,0.008780111
Warm B,184140,1146,1145,1977,1147,0,0.010992876
Warm B,307713,1835,1834,1977,1147,0,0.008308631
Warm B,182398,1138,1137,1977,1147,0,0.0028776955
Warm B,181336,1133,1132,1977,1147,0,0.0067591597
Warm B,180470,1128,1127,1977,1147,0,0.0059415307
Warm B,165668,1056,1055,1977,1147,1,0.0052261846
Warm B,159438,1017,1016,1977,1147,1,0.0048986096
Warm B,149051,958,957,1977,1147,0,0.008626253
Warm B,145919,937,936,1977,1147,0,0.0042388765
Warm B,142012,915,914,1977,1147,0,0.0006406399
Warm B,140779,904,903,1977,1147,0,-0.0011661877
Warm B,138820,889,888,1977,1147,0,0.011107918
Warm B,133243,859,858,1977,1147,1,0.008528927
Warm B,332868,1962,1961,1977,1147,0,0.0066026654
Warm B,125646,808,807,1977,1147,1,0.002272895
Warm B,124006,798,797,1977,1147,1,0.016375458
Warm B,114119,741,740,1977,1147,1,-0.0051944186
Warm B,107538,709,708,1977,1147,0,0.009527076
Warm B,107221,705,704,1977,1147,1,-0.0021577405
Warm B,99908,667,666,1977,1147,0,0.010388223
Warm B,92848,621,620,1977,1147,0,0.0044719293
Warm B,92439,618,617,1977,1147,0,0.0006218483
Warm B,265291,1611,1610,1977,1147,1,0.002431585
Warm B,115551,749,748,1977,1147,0,0.007733102
Warm B,82341,546,545,1977,1147,0,0.007111849
Warm B,73926,501,500,1977,1147,0,0.0067530093
Warm B,68888,461,460,1977,1147,0,0.009660369
Warm B,57646,390,389,1977,1147,0,-0.00019238796
Warm B,50299,331,330,1977,1147,0,0.0050083967
Warm B,46063,308,307,1977,1147,0,0.012797253
Warm B,639351,3842,3841,1977,1147,0,0.008827364
Warm B,41240,278,277,1977,1147,0,-0.0015771755
Warm B,39013,264,263,1977,1147,0,0.0094546005
Warm B,221632,1340,1339,1977,1147,0,0.010598414
Warm B,31292,211,210,1977,1147,0,0.006042045
Warm B,26827,190,189,1977,1147,0,0.0014689029
Warm B,14142,115,114,1977,1147,0,0.004170678
Warm B,14007,113,112,1977,1147,0,0.0027709207
Warm B,13624,108,107,1977,1147,0,0.005709363
Warm B,8234,57,56,1977,1147,0,0.010270457
Warm B,6470,46,45,1977,1147,1,0.0014525435
Warm B,5394,37,36,1977,1147,0,0.009212172
Warm B,47651,319,318,1977,1147,0,0.009115793
Warm B,102645,678,677,1977,1147,0,0.009576119
Warm B,482037,2962,2961,1977,1147,0,0.014639943
Warm B,207143,1266,1265,1977,1147,0,0.01071235
Warm B,743124,4445,4444,1977,1147,0,0.0025335916
Warm B,273278,1647,1646,1977,1147,0,0.006519993
Warm B,238277,1447,1446,1977,1147,0,0.014703846
Warm B,474411,2910,2909,1977,1147,0,0.007382516
Warm B,63380,424,423,1977,1147,0,0.008396952
Warm B,290539,1733,1732,1977,1147,0,0.009363625
Warm B,34289,231,230,1977,1147,0,0.0011929381
Warm B,297737,1764,1763,1978,1148,1,0.008365701
Warm B,322706,1912,1911,1978,1148,0,0.022917408
Warm B,291705,1737,1736,1978,1148,0,0.007850964
Warm B,279937,1680,1679,1978,1148,1,0.013476526
Warm B,358301,2097,2096,1978,1148,0,0.005844096
Warm B,247915,1496,1495,1978,1148,0,0.013188578
Warm B,224556,1357,1356,1978,1148,0,0.019128151
Warm B,214166,1300,1299,1978,1148,0,0.004324265
Warm B,278011,1676,1675,1978,1148,1,0.015353847
Warm B,273279,1647,1646,1978,1148,0,0.01679417
Warm B,206077,1264,1263,1978,1148,0,0.020768803
Warm B,271126,1639,1638,1978,1148,0,0.008673344
Warm B,328723,1941,1940,1978,1148,0,0.018440012
Warm B,189134,1172,1171,1978,1148,0,0.011176274
Warm B,299237,1776,1775,1978,1148,0,0.005621938
Warm B,307715,1835,1834,1978,1148,0,0.012439218
Warm B,196756,1207,1206,1978,1148,0,0.012432624
Warm B,165669,1056,1055,1978,1148,1,0.0037617467
Warm B,159439,1017,1016,1978,1148,0,0.013206758
Warm B,134603,869,868,1978,1148,0,0.020035826
Warm B,125647,808,807,1978,1148,0,0.009518843
Warm B,124007,798,797,1978,1148,0,0.008399163
Warm B,107539,709,708,1978,1148,0,0.00053299265
Warm B,107222,705,704,1978,1148,0,0.0050972076
Warm B,95233,638,637,1978,1148,0,0.007362793
Warm B,92849,621,620,1978,1148,0,0.010897109
Warm B,265293,1611,1610,1978,1148,0,0.012289553
Warm B,115552,749,748,1978,1148,0,0.008385818
Warm B,81921,543,542,1978,1148,1,0.0057207276
Warm B,57647,390,389,1978,1148,0,0.014347665
Warm B,45233,305,304,1978,1148,0,-0.0037746504
Warm B,41905,284,283,1978,1148,0,0.004549916
Warm B,41242,278,277,1978,1148,0,0.011704749
Warm B,39700,269,268,1978,1148,0,0.0025926747
Warm B,99909,667,666,1978,1148,0,0.0036562688
Warm B,14614,117,116,1978,1148,0,0.016049944
Warm B,6471,46,45,1978,1148,1,0.0058649294
Warm B,482038,2962,2961,1978,1148,0,0.011618782
Warm B,352350,2063,2062,1978,1148,0,0.019170245
Warm B,310871,1851,1850,1978,1148,0,0.0061348137
Warm B,145921,937,936,1978,1148,0,0.008189653
Warm B,130611,846,845,1978,1148,0,0.0071751415
Warm B,599482,3648,3647,1978,1148,0,0.011863906
Warm B,400006,2380,2379,1978,1148,0,0.018026253
Warm B,331939,1958,1957,1978,1148,0,0.018141573
Warm B,229756,1390,1389,1978,1148,0,0.0133287795
Warm B,348235,2041,2040,1978,1148,0,0.009763291
Warm B,207145,1266,1265,1978,1148,0,0.020214317
Warm B,519275,3203,3202,1978,1148,0,0.010233574
Warm B,285527,1701,1700,1978,1148,0,0.022666715
Warm B,474412,2910,2909,1978,1148,0,0.008528897
Warm B,63382,424,423,1978,1148,0,0.022959523
Warm B,290540,1733,1732,1978,1148,0,0.020321699
Warm B,34290,231,230,1978,1148,0,0.008850578
Warm B,409812,2457,2456,1979,1149,0,0.009097701
Warm B,367363,2144,2143,1979,1149,0,0.0010438035
Warm B,297738,1764,1763,1979,1149,1,0.016452689
Warm B,291707,1737,1736,1979,1149,0,0.008334229
Warm B,279940,1680,1679,1979,1149,0,0.010638734
Warm B,280538,1683,1682,1979,1149,0,0.004672422
Warm B,358303,2097,2096,1979,1149,0,-0.0020389238
Warm B,247916,1496,1495,1979,1149,0,0.0069589
Warm B,214167,1300,1299,1979,1149,0,0.011553602
Warm B,328726,1941,1940,1979,1149,0,0.0072660143
Warm B,189135,1172,1171,1979,1149,0,0.0093995975
Warm B,299238,1776,1775,1979,1149,0,0.0012843015
Warm B,307717,1835,1834,1979,1149,1,0.007996102
Warm B,244210,1470,1469,1979,1149,0,0.007846385
Warm B,196758,1207,1206,1979,1149,0,0.001664199
Warm B,184141,1146,1145,1979,1149,0,0.009286465
Warm B,165670,1056,1055,1979,1149,1,0.0023176065
Warm B,159440,1017,1016,1979,1149,0,0.0052591353
Warm B,125648,808,807,1979,1149,1,0.002318775
Warm B,124008,798,797,1979,1149,0,-0.002555896
Warm B,114120,741,740,1979,1149,1,0.0014315606
Warm B,107540,709,708,1979,1149,1,0.007927882
Warm B,107223,705,704,1979,1149,1,0.006096903
Warm B,92850,621,620,1979,1149,0,0.0047618872
Warm B,265294,1611,1610,1979,1149,1,0.011891076
Warm B,115553,749,748,1979,1149,0,0.00738676
Warm B,74335,507,506,1979,1149,0,-0.0038812873
Warm B,68890,461,460,1979,1149,0,0.004205658
Warm B,57648,390,389,1979,1149,0,0.019807884
Warm B,45234,305,304,1979,1149,0,-0.0014899297
Warm B,41908,284,283,1979,1149,0,0.006869892
Warm B,883143,5333,5332,1979,1149,0,0.011554932
Warm B,99910,667,666,1979,1149,0,0.004220002
Warm B,14615,117,116,1979,1149,0,0.0065565966
Warm B,6472,46,45,1979,1149,1,0.008607963
Warm B,482039,2962,2961,1979,1149,0,0.00932626
Warm B,290541,1733,1732,1979,1149,0,0.018326668
Warm B,273281,1647,1646,1979,1149,0,0.016234389
Warm B,102647,678,677,1979,1149,0,0.0066161505
Warm B,352352,2063,2062,1979,1149,0,0.009877928
Warm B,238279,1447,1446,1979,1149,0,0.009156625
Warm B,310872,1851,1850,1979,1149,0,0.0067516803
Warm B,145922,937,936,1979,1149,0,6.688014e-05
Warm B,599484,3648,3647,1979,1149,0,0.0067483457
Warm B,400008,2380,2379,1979,1149,0,0.006979652
Warm B,331941,1958,1957,1979,1149,0,0.0034903286
Warm B,348237,2041,2040,1979,1149,0,0.0007302733
Warm B,322708,1912,1911,1979,1149,0,0.010164135
Warm B,207147,1266,1265,1979,1149,0,0.013874545
Warm B,285528,1701,1700,1979,1149,0,0.007188227
Warm B,474413,2910,2909,1979,1149,0,-0.0018930119
Warm B,34291,231,230,1979,1149,0,0.008770054
Warm B,358309,2097,2096,1980,1150,0,0.019630652
Warm B,247921,1496,1495,1980,1150,0,0.0076775094
Warm B,214169,1300,1299,1980,1150,0,0.008404712
Warm B,278021,1676,1675,1980,1150,1,0.0031878785
Warm B,328748,1941,1940,1980,1150,0,0.013790356
Warm B,189144,1172,1171,1980,1150,0,0.005349053
Warm B,299241,1776,1775,1980,1150,0,0.0010590507
Warm B,196766,1207,1206,1980,1150,0,0.006333725
Warm B,184146,1146,1145,1980,1150,0,0.0118823275
Warm B,159446,1017,1016,1980,1150,0,0.0075325705
Warm B,125651,808,807,1980,1150,1,-0.00014349946
Warm B,124012,798,797,1980,1150,0,-0.0034224738
Warm B,107542,709,708,1980,1150,0,0.003652796
Warm B,107227,705,704,1980,1150,0,-0.0022592293
Warm B,92853,621,620,1980,1150,0,0.0011668972
Warm B,265303,1611,1610,1980,1150,0,0.0057851113
Warm B,115558,749,748,1980,1150,0,0.004946401
Warm B,57653,390,389,1980,1150,0,0.0018842481
Warm B,45238,305,304,1980,1150,0,0.0015245571
Warm B,41915,284,283,1980,1150,0,0.0027222333
Warm B,42861,293,292,1980,1150,0,0.011499684
Warm B,36922,248,247,1980,1150,1,0.0060825385
Warm B,99911,667,666,1980,1150,0,-0.004496772
Warm B,6474,46,45,1980,1150,1,6.861845e-05
Warm B,482044,2962,2961,1980,1150,0,-0.0004312409
Warm B,290553,1733,1732,1980,1150,0,0.0015169361
Warm B,273291,1647,1646,1980,1150,0,0.011041334
Warm B,102658,678,677,1980,1150,0,0.012342344
Warm B,352366,2063,2062,1980,1150,0,0.00091635576
Warm B,331952,1958,1957,1980,1150,0,0.011544419
Warm B,34293,231,230,1980,1150,0,0.011162041
Warm B,358310,2097,2096,1981,1151,0,0.011535986
Warm B,247922,1496,1495,1981,1151,0,0.012350298
Warm B,329590,1943,1942,1981,1151,0,0.010182926
Warm B,214170,1300,1299,1981,1151,0,-0.0022764623
Warm B,278022,1676,1675,1981,1151,1,0.012159102
Warm B,273293,1647,1646,1981,1151,0,0.008269791
Warm B,322722,1912,1911,1981,1151,0,0.0020654544
Warm B,271136,1639,1638,1981,1151,0,0.003481207
Warm B,328750,1941,1940,1981,1151,0,0.020264592
Warm B,299242,1776,1775,1981,1151,0,0.0061865347
Warm B,196767,1207,1206,1981,1151,0,0.015224609
Warm B,184147,1146,1145,1981,1151,0,0.0040206877
Warm B,170037,1080,1079,1981,1151,0,0.0064983554
Warm B,165671,1056,1055,1981,1151,1,0.0011344836
Warm B,159448,1017,1016,1981,1151,0,0.015312802
Warm B,134614,869,868,1981,1151,0,0.011614108
Warm B,125652,808,807,1981,1151,0,0.00474337
Warm B,124013,798,797,1981,1151,0,0.0062559694
Warm B,114123,741,740,1981,1151,0,0.0042439373
Warm B,107543,709,708,1981,1151,0,0.012769471
Warm B,107228,705,704,1981,1151,0,0.002289611
Warm B,94754,636,635,1981,1151,1,0.012899957
Warm B,92854,621,620,1981,1151,0,0.004266734
Warm B,265304,1611,1610,1981,1151,0,0.008846518
Warm B,115559,749,748,1981,1151,0,0.0031532613
Warm B,57654,390,389,1981,1151,0,-0.00018247496
Warm B,45239,305,304,1981,1151,0,0.004525522
Warm B,221651,1340,1339,1981,1151,0,0.0050121485
Warm B,99912,667,666,1981,1151,0,0.00311417
Warm B,482045,2962,2961,1981,1151,0,0.016703717
Warm B,306276,1824,1823,1981,1151,0,0.0025421113
Warm B,6475,46,45,1981,1151,1,0.003238046
Warm B,238294,1447,1446,1981,1151,0,0.009609766
Warm B,352369,2063,2062,1981,1151,0,0.004290427
Warm B,331954,1958,1957,1981,1151,0,0.0030929865
Warm B,893103,5394,5393,1981,1151,0,0.010293481
Warm B,290554,1733,1732,1981,1151,0,0.013060802
Warm B,145929,937,936,1981,1151,0,0.0058849268
Warm B,34294,231,230,1981,1151,0,0.0021759288
Warm B,666995,4014,4013,1983,1153,1,-0.00046134414
Warm B,666527,4011,4010,1983,1153,0,0.015866445
Warm B,663611,3998,3997,1983,1153,1,0.010458237
Warm B,680391,4078,4077,1983,1153,0,0.013218464
Warm B,662517,3993,3992,1983,1153,0,0.00719852
Warm B,651648,3929,3928,1983,1153,0,0.014907921
Warm B,648305,3903,3902,1983,1153,0,0.0042301705
Warm B,639638,3844,3843,1983,1153,1,0.0036049678
Warm B,635246,3829,3828,1983,1153,0,0.006460332
Warm B,666406,4009,4008,1983,1153,1,0.0032735618
Warm B,759898,4514,4513,1983,1153,0,0.009836549
Warm B,664285,3999,3998,1983,1153,0,0.011038308
Warm B,628859,3807,3806,1983,1153,0,0.007659424
Warm B,628225,3804,3803,1983,1153,0,0.0065506604
Warm B,627996,3801,3800,1983,1153,1,0.0033981493
Warm B,638615,3841,3840,1983,1153,0,0.017559208
Warm B,764183,4543,4542,1983,1153,0,0.03089252
Warm B,623570,3771,3770,1983,1153,0,0.007758101
Warm B,625168,3778,3777,1983,1153,0,0.010863823
Warm B,611982,3709,3708,1983,1153,0,0.01801791
Warm B,604904,3677,3676,1983,1153,0,0.0045702015
Warm B,621374,3762,3761,1983,1153,0,0.016832538
Warm B,606747,3683,3682,1983,1153,0,0.020841472
Warm B,633647,3824,3823,1983,1153,0,0.013729552
Warm B,596915,3626,3625,1983,1153,0,0.007892446
Warm B,731252,4375,4374,1983,1153,1,0.005141271
Warm B,718700,4305,4304,1983,1153,1,0.013267788
Warm B,580660,3546,3545,1983,1153,0,0.009992001
Warm B,569506,3491,3490,1983,1153,1,0.013579689
Warm B,657209,3961,3960,1983,1153,0,0.008320671
Warm B,560246,3442,3441,1983,1153,0,-0.0024319661
Warm B,554229,3410,3409,1983,1153,0,0.014036496
Warm B,551347,3394,3393,1983,1153,0,0.013638055
Warm B,554632,3411,3410,1983,1153,0,0.008532867
Warm B,544463,3356,3355,1983,1153,0,0.006623342
Warm B,537508,3311,3310,1983,1153,0,0.007824863
Warm B,528375,3265,3264,1983,1153,0,0.010548724
Warm B,654377,3942,3941,1983,1153,0,0.0157052
Warm B,515729,3182,3181,1983,1153,0,0.009656085
Warm B,508821,3129,3128,1983,1153,1,0.010814644
Warm B,494539,3032,3031,1983,1153,1,0.02099678
Warm B,484004,2976,2975,1983,1153,0,0.0017165834
Warm B,477303,2929,2928,1983,1153,0,0.019268075
Warm B,472902,2907,2906,1983,1153,0,0.011112628
Warm B,474123,2909,2908,1983,1153,1,0.013375422
Warm B,754780,4497,4496,1983,1153,0,0.011258742
Warm B,462298,2852,2851,1983,1153,0,0.012097141
Warm B,433801,2643,2642,1983,1153,0,0.01517226
Warm B,430780,2625,2624,1983,1153,0,-0.0010811065
Warm B,426632,2590,2589,1983,1153,0,0.005474105
Warm B,419005,2529,2528,1983,1153,0,0.0108095165
Warm B,425819,2583,2582,1983,1153,1,0.0054218173
Warm B,414777,2496,2495,1983,1153,0,0.0002793246
Warm B,409824,2457,2456,1983,1153,1,0.014802614
Warm B,397241,2352,2351,1983,1153,0,-0.0054298406
Warm B,383041,2237,2236,1983,1153,0,0.018946659
Warm B,374435,2181,2180,1983,1153,0,0.02314749
Warm B,370102,2164,2163,1983,1153,1,0.013604858
Warm B,367369,2144,2143,1983,1153,1,0.0034866137
Warm B,350165,2055,2054,1983,1153,1,0.0137830125
Warm B,324600,1922,1921,1983,1153,0,0.014397954
Warm B,305963,1820,1819,1983,1153,1,0.009889988
Warm B,297748,1764,1763,1983,1153,1,0.007877429
Warm B,288348,1722,1721,1983,1153,1,0.0059980885
Warm B,291717,1737,1736,1983,1153,0,0.003127213
Warm B,279976,1680,1679,1983,1153,1,0.013298221
Warm B,271138,1639,1638,1983,1153,0,0.0068539227
Warm B,247926,1496,1495,1983,1153,0,0.0045495755
Warm B,243031,1465,1464,1983,1153,0,0.008070717
Warm B,224563,1357,1356,1983,1153,0,0.007476896
Warm B,225641,1366,1365,1983,1153,1,0.011299532
Warm B,262379,1600,1599,1983,1153,0,0.012694244
Warm B,226441,1370,1369,1983,1153,0,0.0071612457
Warm B,278024,1676,1675,1983,1153,0,0.0039390326
Warm B,322724,1912,1911,1983,1153,0,0.012408094
Warm B,197076,1209,1208,1983,1153,0,-0.0040390585
Warm B,328754,1941,1940,1983,1153,0,0.02222165
Warm B,194074,1195,1194,1983,1153,1,0.014402662
Warm B,305157,1812,1811,1983,1153,0,0.019683532
Warm B,307737,1835,1834,1983,1153,0,0.011659745
Warm B,180476,1128,1127,1983,1153,0,0.009872008
Warm B,176428,1115,1114,1983,1153,0,0.013258826
Warm B,175102,1109,1108,1983,1153,0,0.0115459785
Warm B,184149,1146,1145,1983,1153,1,0.005468929
Warm B,175797,1112,1111,1983,1153,1,0.011403818
Warm B,165673,1056,1055,1983,1153,1,0.0009863584
Warm B,159454,1017,1016,1983,1153,0,0.0077273045
Warm B,134618,869,868,1983,1153,0,0.011486774
Warm B,125653,808,807,1983,1153,0,0.017294506
Warm B,124014,798,797,1983,1153,1,0.012400282
Warm B,211383,1285,1284,1983,1153,0,0.01567927
Warm B,114125,741,740,1983,1153,1,0.0023782705
Warm B,107230,705,704,1983,1153,0,-0.0049135387
Warm B,97217,651,650,1983,1153,0,0.012206018
Warm B,140787,904,903,1983,1153,1,0.007410587
Warm B,115563,749,748,1983,1153,0,0.0145004075
Warm B,234380,1422,1421,1983,1153,0,0.006532893
Warm B,68897,461,460,1983,1153,0,0.014181407
Warm B,57657,390,389,1983,1153,0,0.010755917
Warm B,45242,305,304,1983,1153,0,0.00054428744
Warm B,639363,3842,3841,1983,1153,0,0.012996508
Warm B,41919,284,283,1983,1153,0,0.014974602
Warm B,41249,278,277,1983,1153,0,-0.0015203058
Warm B,96761,649,648,1983,1153,0,-0.004520441
Warm B,99914,667,666,1983,1153,0,0.0056491997
Warm B,239353,1448,1447,1983,1153,0,0.013418498
Warm B,15746,123,122,1983,1153,0,0.005921106
Warm B,6477,46,45,1983,1153,1,0.0022429284
Warm B,6068,44,43,1983,1153,0,0.012650498
Warm B,116929,753,752,1983,1153,1,0.009104608
Warm B,432888,2638,2637,1983,1153,0,0.010130865
Warm B,238296,1447,1446,1983,1153,0,0.021972768
Warm B,967018,5831,5830,1983,1153,0,0.016310751
Warm B,365909,2129,2128,1983,1153,0,0.005447473
Warm B,265306,1611,1610,1983,1153,0,0.012451177
Warm B,299244,1776,1775,1983,1153,1,0.0058740196
Warm B,622401,3768,3767,1983,1153,0,0.008374959
Warm B,760712,4520,4519,1983,1153,0,0.00060122344
Warm B,964240,5812,5811,1983,1153,0,0.02679453
Warm B,366296,2131,2130,1983,1153,0,0.0057523153
Warm B,689995,4126,4125,1983,1153,0,0.009282567
Warm B,336385,1980,1979,1983,1153,0,0.019570082
Warm B,310877,1851,1850,1983,1153,0,0.011056689
Warm B,145931,937,936,1983,1153,0,0.004119844
Warm B,713403,4277,4276,1983,1153,0,0.012795057
Warm B,130618,846,845,1983,1153,0,0.01293898
Warm B,348247,2041,2040,1983,1153,0,0.01765574
Warm B,352372,2063,2062,1983,1153,0,0.019500608
Warm B,207162,1266,1265,1983,1153,0,0.0129995765
Warm B,474416,2910,2909,1983,1153,0,0.011973884
Warm B,63405,424,423,1983,1153,0,0.017417831
Warm B,290557,1733,1732,1983,1153,0,0.012351694
Warm B,936606,5650,5649,1983,1153,0,0.0054392666
Warm B,311388,1854,1853,1983,1153,0,-0.0048081167
Warm B,235279,1425,1424,1983,1153,0,0.020771
Warm B,297749,1764,1763,1984,1154,0,0.012869472
Warm B,322725,1912,1911,1984,1154,0,0.017306017
Warm B,291718,1737,1736,1984,1154,0,0.020075388
Warm B,279980,1680,1679,1984,1154,1,0.012862001
Warm B,277184,1675,1674,1984,1154,0,0.011522373
Warm B,247928,1496,1495,1984,1154,1,0.021669788
Warm B,225642,1366,1365,1984,1154,0,0.0074339025
Warm B,214172,1300,1299,1984,1154,0,0.011478158
Warm B,226442,1370,1369,1984,1154,0,-0.00032588188
Warm B,273295,1647,1646,1984,1154,0,0.020602074
Warm B,271139,1639,1638,1984,1154,0,0.015375616
Warm B,194075,1195,1194,1984,1154,0,0.019314315
Warm B,328758,1941,1940,1984,1154,0,0.024331264
Warm B,307740,1835,1834,1984,1154,0,0.016379382
Warm B,184150,1146,1145,1984,1154,0,0.004539225
Warm B,159455,1017,1016,1984,1154,1,0.012504006
Warm B,150236,967,966,1984,1154,0,0.01170053
Warm B,134620,869,868,1984,1154,0,0.009031127
Warm B,125654,808,807,1984,1154,0,0.0128192175
Warm B,211385,1285,1284,1984,1154,0,0.0084450105
Warm B,107231,705,704,1984,1154,0,0.010367129
Warm B,352374,2063,2062,1984,1154,0,0.02201985
Warm B,115565,749,748,1984,1154,0,0.011284781
Warm B,82346,546,545,1984,1154,0,0.004969944
Warm B,234382,1422,1421,1984,1154,0,0.0135178985
Warm B,68898,461,460,1984,1154,0,0.022979235
Warm B,57352,387,386,1984,1154,0,0.0035641138
Warm B,57658,390,389,1984,1154,1,0.0050046486
Warm B,45243,305,304,1984,1154,0,0.0015259301
Warm B,41250,278,277,1984,1154,1,0.014079144
Warm B,96762,649,648,1984,1154,0,0.0021437383
Warm B,99915,667,666,1984,1154,0,0.0067530246
Warm B,15748,123,122,1984,1154,0,0.018261518
Warm B,6478,46,45,1984,1154,1,0.007901881
Warm B,6069,44,43,1984,1154,0,0.0058964267
Warm B,265307,1611,1610,1984,1154,0,0.006753769
Warm B,299246,1776,1775,1984,1154,1,0.013474663
Warm B,102661,678,677,1984,1154,1,0.0032696438
Warm B,290558,1733,1732,1984,1154,0,0.011563468
Warm B,879159,5312,5311,1984,1154,0,0.024089959
Warm B,689996,4126,4125,1984,1154,0,0.013482189
Warm B,891708,5387,5386,1984,1154,0,0.013721187
Warm B,474417,2910,2909,1984,1154,0,0.006997021
Warm B,63407,424,423,1984,1154,0,0.025131159
Warm B,235280,1425,1424,1984,1154,0,0.016769627
Warm B,606063,3681,3680,1985,1155,0,0.0006420524
Warm B,508822,3129,3128,1985,1155,0,0.009286108
Warm B,494543,3032,3031,1985,1155,1,0.0030370124
Warm B,478679,2937,2936,1985,1155,1,0.005316775
Warm B,754781,4497,4496,1985,1155,0,0.007885221
Warm B,462300,2852,2851,1985,1155,0,0.006857839
Warm B,426635,2590,2589,1985,1155,0,0.007871495
Warm B,409826,2457,2456,1985,1155,0,0.0016086947
Warm B,406518,2438,2437,1985,1155,0,0.015084522
Warm B,397244,2352,2351,1985,1155,0,0.008967895
Warm B,374439,2181,2180,1985,1155,0,0.00842561
Warm B,370104,2164,2163,1985,1155,1,0.0057264436
Warm B,367371,2144,2143,1985,1155,1,0.0022149826
Warm B,297752,1764,1763,1985,1155,1,0.007525878
Warm B,322727,1912,1911,1985,1155,0,0.0063129636
Warm B,291719,1737,1736,1985,1155,0,0.006596043
Warm B,279984,1680,1679,1985,1155,1,0.008190097
Warm B,269306,1632,1631,1985,1155,0,0.0075169653
Warm B,247932,1496,1495,1985,1155,0,-0.0013008597
Warm B,224564,1357,1356,1985,1155,0,0.008506445
Warm B,225643,1366,1365,1985,1155,0,0.011604142
Warm B,214173,1300,1299,1985,1155,1,0.010054145
Warm B,244216,1470,1469,1985,1155,0,0.009700861
Warm B,328760,1941,1940,1985,1155,0,0.008945903
Warm B,194076,1195,1194,1985,1155,1,0.003465623
Warm B,299248,1776,1775,1985,1155,1,0.007040564
Warm B,307743,1835,1834,1985,1155,0,0.010886701
Warm B,180478,1128,1127,1985,1155,0,-0.0053647356
Warm B,196770,1207,1206,1985,1155,0,0.009238531
Warm B,175103,1109,1108,1985,1155,0,0.0049044886
Warm B,184153,1146,1145,1985,1155,0,0.008550383
Warm B,175799,1112,1111,1985,1155,0,0.003029609
Warm B,236506,1434,1433,1985,1155,1,0.006105108
Warm B,159457,1017,1016,1985,1155,0,0.00851061
Warm B,133889,868,867,1985,1155,1,-0.00026175287
Warm B,134622,869,868,1985,1155,0,0.014601652
Warm B,125656,808,807,1985,1155,0,0.0069850073
Warm B,125205,803,802,1985,1155,0,-0.004934692
Warm B,124015,798,797,1985,1155,0,0.010176592
Warm B,114126,741,740,1985,1155,1,0.0033215303
Warm B,107544,709,708,1985,1155,0,0.0056817806
Warm B,107232,705,704,1985,1155,1,0.003178368
Warm B,90808,601,600,1985,1155,0,-0.0035479032
Warm B,67884,454,453,1985,1155,0,0.013640716
Warm B,57660,390,389,1985,1155,0,0.004787082
Warm B,639365,3842,3841,1985,1155,0,0.008174219
Warm B,41920,284,283,1985,1155,0,0.011748096
Warm B,41251,278,277,1985,1155,0,0.009518556
Warm B,363429,2116,2115,1985,1155,1,0.0033101616
Warm B,99916,667,666,1985,1155,0,0.0015000859
Warm B,14010,113,112,1985,1155,0,0.0037753466
Warm B,6479,46,45,1985,1155,1,-0.0006388251
Warm B,6070,44,43,1985,1155,0,0.004748914
Warm B,552663,3401,3400,1985,1155,0,0.009176102
Warm B,265308,1611,1610,1985,1155,0,0.0030046138
Warm B,352378,2063,2062,1985,1155,0,0.010229115
Warm B,689998,4126,4125,1985,1155,0,0.0015889574
Warm B,115567,749,748,1985,1155,0,0.0001414041
Warm B,474127,2909,2908,1985,1155,0,0.00875869
Warm B,259686,1587,1586,1985,1155,0,0.0037199713
Warm B,44725,302,301,1985,1155,0,0.010052352
Warm B,226250,1369,1368,1985,1155,1,0.0005658831
Warm B,474418,2910,2909,1985,1155,1,0.010346365
Warm B,527136,3260,3259,1985,1155,0,0.0031537516
Warm B,290560,1733,1732,1985,1155,1,0.007352113
Warm B,936607,5650,5649,1985,1155,0,0.0008656825
Warm B,63408,424,423,1985,1155,0,0.006846615
Warm B,559484,3436,3435,1985,1155,0,-0.00228658
Warm B,796167,4771,4770,1985,1155,0,0.0037700364
Warm B,409827,2457,2456,1986,1156,0,0.004766333
Warm B,401249,2391,2390,1986,1156,0,0.0010636402
Warm B,397245,2352,2351,1986,1156,0,-0.009065811
Warm B,394632,2328,2327,1986,1156,1,-0.0119517315
Warm B,379381,2217,2216,1986,1156,0,0.0042779446
Warm B,374441,2181,2180,1986,1156,0,0.0040823296
Warm B,368660,2155,2154,1986,1156,1,-0.008575383
Warm B,367372,2144,2143,1986,1156,1,0.0033856165
Warm B,366012,2130,2129,1986,1156,1,-0.008489774
Warm B,366297,2131,2130,1986,1156,0,0.002757796
Warm B,364997,2124,2123,1986,1156,0,0.012468521
Warm B,364196,2121,2120,1986,1156,0,0.003338879
Warm B,352379,2063,2062,1986,1156,0,0.009691388
Warm B,337793,1986,1985,1986,1156,0,0.00470071
Warm B,324701,1923,1922,1986,1156,1,0.00066296034
Warm B,310879,1851,1850,1986,1156,0,0.005420929
Warm B,298731,1774,1773,1986,1156,0,0.013303272
Warm B,297753,1764,1763,1986,1156,1,0.007230202
Warm B,290561,1733,1732,1986,1156,0,0.009777982
Warm B,286916,1712,1711,1986,1156,0,0.013897937
Warm B,285537,1701,1700,1986,1156,0,-0.0012504007
Warm B,279986,1680,1679,1986,1156,1,0.019231085
Warm B,280539,1683,1682,1986,1156,0,0.012481001
Warm B,260750,1593,1592,1986,1156,0,0.0050536017
Warm B,244217,1470,1469,1986,1156,0,0.016152203
Warm B,237097,1441,1440,1986,1156,0,0.0031955554
Warm B,231867,1405,1404,1986,1156,0,0.0074228724
Warm B,220063,1333,1332,1986,1156,0,0.009311612
Warm B,225644,1366,1365,1986,1156,0,0.0069649196
Warm B,214174,1300,1299,1986,1156,0,0.016374582
Warm B,226443,1370,1369,1986,1156,0,0.011540967
Warm B,204327,1259,1258,1986,1156,0,0.0011497579
Warm B,322729,1912,1911,1986,1156,0,0.010806654
Warm B,196771,1207,1206,1986,1156,0,0.004786649
Warm B,210343,1284,1283,1986,1156,0,0.0026568114
Warm B,194077,1195,1194,1986,1156,1,0.009842892
Warm B,328762,1941,1940,1986,1156,0,0.0065434887
Warm B,189146,1172,1171,1986,1156,0,0.017400552
Warm B,184154,1146,1145,1986,1156,1,0.009217344
Warm B,307744,1835,1834,1986,1156,0,0.014061284
Warm B,181340,1133,1132,1986,1156,0,-0.002586479
Warm B,180480,1128,1127,1986,1156,0,0.012827351
Warm B,175801,1112,1111,1986,1156,0,0.0010519908
Warm B,159458,1017,1016,1986,1156,0,0.007450805
Warm B,145932,937,936,1986,1156,0,0.009028133
Warm B,142015,915,914,1986,1156,0,0.0032575352
Warm B,138857,889,888,1986,1156,0,0.018219225
Warm B,133246,859,858,1986,1156,1,0.0012751974
Warm B,332883,1962,1961,1986,1156,0,0.006622539
Warm B,125657,808,807,1986,1156,0,0.0012051545
Warm B,124016,798,797,1986,1156,0,0.004235116
Warm B,107233,705,704,1986,1156,0,0.015524724
Warm B,99917,667,666,1986,1156,0,0.0045235106
Warm B,92440,618,617,1986,1156,0,-0.0068309
Warm B,82347,546,545,1986,1156,0,-0.0020398037
Warm B,73928,501,500,1986,1156,0,0.0010891799
Warm B,68900,461,460,1986,1156,0,0.010014413
Warm B,57661,390,389,1986,1156,0,0.00012438954
Warm B,639368,3842,3841,1986,1156,0,0.007945787
Warm B,6480,46,45,1986,1156,1,0.0045640813
Warm B,6071,44,43,1986,1156,0,0.0008356334
Warm B,265309,1611,1610,1986,1156,0,-0.00016127632
Warm B,299249,1776,1775,1986,1156,1,0.003261118
Warm B,964241,5812,5811,1986,1156,0,0.0246392
Warm B,689999,4126,4125,1986,1156,0,0.012013771
Warm B,474420,2910,2909,1986,1156,0,0.004668073
Warm B,63411,424,423,1986,1156,0,0.018059911
Warm B,280540,1683,1682,1987,1157,0,0.015794989
Warm B,224565,1357,1356,1987,1157,0,-0.0064235367
Warm B,214175,1300,1299,1987,1157,1,0.0069493316
Warm B,226445,1370,1369,1987,1157,0,-0.009676795
Warm B,328766,1941,1940,1987,1157,0,0.0004972308
Warm B,175105,1109,1108,1987,1157,1,0.0020420603
Warm B,184156,1146,1145,1987,1157,0,0.011284779
Warm B,159460,1017,1016,1987,1157,0,0.0031750982
Warm B,134625,869,868,1987,1157,0,0.0065243165
Warm B,133247,859,858,1987,1157,1,-0.0037978897
Warm B,115570,749,748,1987,1157,0,-0.0063493047
Warm B,99488,663,662,1987,1157,0,0.007548767
Warm B,80413,533,532,1987,1157,0,0.0053471876
Warm B,57663,390,389,1987,1157,0,-0.0034304666
Warm B,45245,305,304,1987,1157,0,-0.00028820382
Warm B,41253,278,277,1987,1157,0,0.0038114057
Warm B,42867,293,292,1987,1157,0,0.0074301297
Warm B,30275,203,202,1987,1157,0,0.0034799778
Warm B,14625,117,116,1987,1157,0,-0.00092558726
Warm B,290564,1733,1732,1987,1157,0,-0.0015955288
Warm B,15752,123,122,1987,1157,0,0.011635685
Warm B,238304,1447,1446,1987,1157,0,0.008801565
Warm B,757374,4508,4507,1987,1157,0,-0.00035303854
Warm B,720236,4312,4311,1987,1157,0,-0.0028646793
Warm B,164881,1051,1050,1987,1157,0,0.0012078527
Warm B,331959,1958,1957,1987,1157,0,0.002741177
Warm B,474131,2909,2908,1987,1157,0,-0.00013312441
Warm B,44731,302,301,1987,1157,0,0.00021485519
Warm B,474422,2910,2909,1987,1157,0,0.0017508639
Warm B,63414,424,423,1987,1157,0,-0.0063023996
Warm B,497756,3055,3054,1987,1157,0,0.0028007964
Warm B,477311,2929,2928,1992,1159,0,0.0019989377
Warm B,485346,2986,2985,1992,1159,0,0.005451146
Warm B,474152,2909,2908,1992,1159,1,-0.004048033
Warm B,469074,2888,2887,1992,1159,0,-0.0013358812
Warm B,463640,2857,2856,1992,1159,0,-0.0018207969
Warm B,458315,2820,2819,1992,1159,0,-0.0003297152
Warm B,426645,2590,2589,1992,1159,0,0.004965869
Warm B,409837,2457,2456,1992,1159,0,-0.0035857128
Warm B,397253,2352,2351,1992,1159,0,0.005100065
Warm B,406833,2444,2443,1992,1159,0,-0.0036189826
Warm B,371230,2169,2168,1992,1159,1,0.003682053
Warm B,374458,2181,2180,1992,1159,0,-0.0031818254
Warm B,368661,2155,2154,1992,1159,1,-0.0012425445
Warm B,366306,2131,2130,1992,1159,0,-0.00046026916
Warm B,361945,2109,2108,1992,1159,0,0.0030474418
Warm B,323535,1919,1918,1992,1159,1,0.0019583753
Warm B,297769,1764,1763,1992,1159,1,-0.0028027706
Warm B,288354,1722,1721,1992,1159,1,-0.00020723627
Warm B,277200,1675,1674,1992,1159,0,0.006915405
Warm B,278042,1676,1675,1992,1159,0,0.0013006912
Warm B,271575,1641,1640,1992,1159,0,0.0018212425
Warm B,267684,1626,1625,1992,1159,0,0.0014917753
Warm B,332893,1962,1961,1992,1159,0,0.0016066554
Warm B,236513,1434,1433,1992,1159,1,-0.0020419518
Warm B,221938,1342,1341,1992,1159,0,0.008056108
Warm B,214178,1300,1299,1992,1159,1,0.0028183614
Warm B,213714,1298,1297,1992,1159,0,0.0015684072
Warm B,209214,1277,1276,1992,1159,0,-0.0049048434
Warm B,273308,1647,1646,1992,1159,0,0.0053446786
Warm B,244229,1470,1469,1992,1159,0,0.0029410413
Warm B,194080,1195,1194,1992,1159,0,0.003835354
Warm B,328788,1941,1940,1992,1159,0,0.009680407
Warm B,189152,1172,1171,1992,1159,0,0.004591682
Warm B,183374,1141,1140,1992,1159,0,0.0007330534
Warm B,172994,1096,1095,1992,1159,0,-0.0012741131
Warm B,175809,1112,1111,1992,1159,0,0.0029326538
Warm B,165675,1056,1055,1992,1159,0,0.001641887
Warm B,164088,1050,1049,1992,1159,0,0.008244649
Warm B,159471,1017,1016,1992,1159,0,-0.0014572855
Warm B,150239,967,966,1992,1159,0,-0.0049920063
Warm B,157288,1010,1009,1992,1159,0,0.0018709672
Warm B,135885,877,876,1992,1159,0,0.00970607
Warm B,133892,868,867,1992,1159,1,0.0017109956
Warm B,134639,869,868,1992,1159,0,-0.0019734008
Warm B,133251,859,858,1992,1159,0,-0.002611063
Warm B,138885,889,888,1992,1159,0,0.00028950197
Warm B,126760,817,816,1992,1159,0,0.0014986419
Warm B,125664,808,807,1992,1159,0,0.005903677
Warm B,114169,742,741,1992,1159,0,-0.008308873
Warm B,107547,709,708,1992,1159,0,-0.0004098909
Warm B,179863,1125,1124,1992,1159,0,-0.0019653642
Warm B,92862,621,620,1992,1159,0,0.0047181183
Warm B,86386,565,564,1992,1159,0,0.005711996
Warm B,385781,2255,2254,1992,1159,0,-0.001802334
Warm B,240578,1449,1448,1992,1159,0,-0.0013344365
Warm B,239377,1448,1447,1992,1159,0,-0.0016823537
Warm B,41529,282,281,1992,1159,0,0.005588486
Warm B,41262,278,277,1992,1159,0,0.000632329
Warm B,99923,667,666,1992,1159,0,-0.0022355663
Warm B,22691,163,162,1992,1159,0,0.0049910564
Warm B,14638,117,116,1992,1159,0,-0.0010464303
Warm B,238322,1447,1446,1992,1159,0,-0.0032662859
Warm B,365917,2129,2128,1992,1159,0,-0.004567682
Warm B,680808,4079,4078,1992,1159,0,-0.0032987306
Warm B,46100,308,307,1992,1159,0,-0.0041100867
Warm B,907730,5492,5491,1992,1159,0,0.008146006
Warm B,137273,884,883,1992,1159,0,-0.0027022078
Warm B,352401,2063,2062,1992,1159,0,0.0035027172
Warm B,290579,1733,1732,1992,1159,0,0.00079455436
Warm B,63436,424,423,1992,1159,0,0.0063041984
Warm B,329611,1943,1942,1992,1159,1,0.004825772
Warm B,474424,2910,2909,1992,1159,0,0.010285506
Warm B,295787,1755,1754,1992,1159,0,0.00024202559
Warm B,221851,1341,1340,1993,1160,0,0.0007719591
Warm B,221939,1342,1341,1993,1160,0,0.008441984
Warm B,214179,1300,1299,1993,1160,0,0.0029631173
Warm B,213716,1298,1297,1993,1160,0,-0.0040899105
Warm B,273309,1647,1646,1993,1160,0,-0.0029962796
Warm B,244231,1470,1469,1993,1160,0,0.00024096295
Warm B,194081,1195,1194,1993,1160,0,0.00023693242
Warm B,328790,1941,1940,1993,1160,0,0.0037338124
Warm B,189153,1172,1171,1993,1160,0,-0.00031977857
Warm B,183375,1141,1140,1993,1160,0,0.00073440187
Warm B,256205,1562,1561,1993,1160,0,-0.0036790494
Warm B,175812,1112,1111,1993,1160,0,-0.0001890026
Warm B,165676,1056,1055,1993,1160,0,0.003235741
Warm B,159472,1017,1016,1993,1160,0,0.0021427262
Warm B,150240,967,966,1993,1160,0,-0.001517588
Warm B,134640,869,868,1993,1160,0,0.0007029886
Warm B,138887,889,888,1993,1160,0,0.0039791297
Warm B,263731,1605,1604,1993,1160,0,0.009124173
Warm B,126761,817,816,1993,1160,0,0.0024915782
Warm B,125665,808,807,1993,1160,0,-0.008331442
Warm B,107548,709,708,1993,1160,0,0.0054649217
Warm B,179864,1125,1124,1993,1160,0,0.010524543
Warm B,92863,621,620,1993,1160,0,0.0015382543
Warm B,240581,1449,1448,1993,1160,0,9.3438604e-05
Warm B,51220,337,336,1993,1160,0,-0.0074571315
Warm B,45253,305,304,1993,1160,0,0.005038054
Warm B,41264,278,277,1993,1160,0,0.010217399
Warm B,291735,1737,1736,1993,1160,0,-0.0011458666
Warm B,99924,667,666,1993,1160,0,-7.1561895e-05
Warm B,22692,163,162,1993,1160,0,-0.0023107342
Warm B,14640,117,116,1993,1160,0,-0.0054162773
Warm B,238324,1447,1446,1993,1160,0,-0.005248715
Warm B,907731,5492,5491,1993,1160,0,0.0011043013
Warm B,137274,884,883,1993,1160,0,-0.007971862
Warm B,290581,1733,1732,1993,1160,0,0.006425837
Warm B,172126,1088,1087,1993,1160,0,0.003772826
Warm B,474425,2910,2909,1993,1160,0,-0.004193455
Warm B,651668,3929,3928,1995,1162,0,0.0037612272
Warm B,649409,3913,3912,1995,1162,0,-0.0019613341
Warm B,644907,3884,3883,1995,1162,0,-0.00021913089
Warm B,640176,3847,3846,1995,1162,0,0.0008164807
Warm B,639644,3844,3843,1995,1162,1,-0.0047051664
Warm B,639380,3842,3841,1995,1162,0,0.003161016
Warm B,759901,4514,4513,1995,1162,1,-0.005183036
Warm B,664309,3999,3998,1995,1162,0,-0.008841479
Warm B,628441,3806,3805,1995,1162,1,-0.0012289411
Warm B,628878,3807,3806,1995,1162,0,-0.0043766135
Warm B,629958,3808,3807,1995,1162,0,-0.00940262
Warm B,628006,3801,3800,1995,1162,1,0.0037550197
Warm B,638653,3841,3840,1995,1162,0,-0.000953231
Warm B,623591,3771,3770,1995,1162,0,-0.01151827
Warm B,625192,3778,3777,1995,1162,0,-0.0025618747
Warm B,613737,3717,3716,1995,1162,0,0.005359127
Warm B,612166,3711,3710,1995,1162,0,0.00012500677
Warm B,612002,3709,3708,1995,1162,0,0.00022568845
Warm B,621390,3762,3761,1995,1162,0,0.006129294
Warm B,725602,4344,4343,1995,1162,0,-0.006094883
Warm B,731261,4375,4374,1995,1162,1,0.0007230113
Warm B,584883,3569,3568,1995,1162,0,-0.0020704898
Warm B,583716,3562,3561,1995,1162,1,-0.0028783823
Warm B,577815,3528,3527,1995,1162,0,0.0066812113
Warm B,569534,3491,3490,1995,1162,0,-0.007842081
Warm B,547457,3377,3376,1995,1162,0,-0.008673447
Warm B,577576,3526,3525,1995,1162,0,0.002661464
Warm B,550644,3391,3390,1995,1162,0,-0.002265418
Warm B,537540,3311,3310,1995,1162,0,-0.007911137
Warm B,520189,3208,3207,1995,1162,0,-0.0013390468
Warm B,517137,3191,3190,1995,1162,0,0.0033347537
Warm B,515748,3182,3181,1995,1162,0,0.0035268958
Warm B,566523,3476,3475,1995,1162,0,-0.0075974595
Warm B,507595,3124,3123,1995,1162,0,-0.0032228068
Warm B,516681,3189,3188,1995,1162,1,0.004816952
Warm B,718715,4305,4304,1995,1162,0,0.0011919569
Warm B,494568,3032,3031,1995,1162,1,0.0049490198
Warm B,540127,3320,3319,1995,1162,0,-0.0010895887
Warm B,484009,2976,2975,1995,1162,0,0.0079348525
Warm B,480324,2946,2945,1995,1162,0,-0.0063719433
Warm B,478864,2938,2937,1995,1162,1,0.0025289152
Warm B,696793,4169,4168,1995,1162,0,-0.008294096
Warm B,474159,2909,2908,1995,1162,1,-0.0022844523
Warm B,879993,5317,5316,1995,1162,0,-0.0027569889
Warm B,754786,4497,4496,1995,1162,0,-0.0046480517
Warm B,462752,2854,2853,1995,1162,0,0.002904909
Warm B,437158,2668,2667,1995,1162,0,-0.011746572
Warm B,426648,2590,2589,1995,1162,0,0.0046388023
Warm B,415114,2498,2497,1995,1162,0,-0.002987552
Warm B,409841,2457,2456,1995,1162,0,-0.010508463
Warm B,397255,2352,2351,1995,1162,0,0.0028412016
Warm B,406836,2444,2443,1995,1162,0,0.007126774
Warm B,374464,2181,2180,1995,1162,0,0.009935642
Warm B,361268,2107,2106,1995,1162,0,-0.007359352
Warm B,436738,2665,2664,1995,1162,0,0.0063329684
Warm B,291006,1736,1735,1995,1162,0,0.004464944
Warm B,291740,1737,1736,1995,1162,0,-0.004247438
Warm B,280034,1680,1679,1995,1162,0,-0.0030741603
Warm B,277203,1675,1674,1995,1162,0,-0.0022894638
Warm B,280545,1683,1682,1995,1162,0,-0.005920887
Warm B,281014,1685,1684,1995,1162,0,0.013308381
Warm B,267687,1626,1625,1995,1162,0,0.00312381
Warm B,247949,1496,1495,1995,1162,0,-0.004068929
Warm B,321436,1904,1903,1995,1162,0,0.0017200529
Warm B,243042,1465,1464,1995,1162,0,-0.0031414623
Warm B,224569,1357,1356,1995,1162,0,-0.0018487712
Warm B,278049,1676,1675,1995,1162,0,-0.007565704
Warm B,209216,1277,1276,1995,1162,0,-0.0039660614
Warm B,368137,2150,2149,1995,1162,1,-0.0056169713
Warm B,215126,1303,1302,1995,1162,0,-0.0045994697
Warm B,210358,1284,1283,1995,1162,0,-0.0019382453
Warm B,328796,1941,1940,1995,1162,0,0.010266447
Warm B,307764,1835,1834,1995,1162,0,0.0039250725
Warm B,180489,1128,1127,1995,1162,0,-0.0023332145
Warm B,196786,1207,1206,1995,1162,0,-0.00033723516
Warm B,184166,1146,1145,1995,1162,0,0.0006204131
Warm B,175815,1112,1111,1995,1162,0,0.0024623913
Warm B,221674,1340,1339,1995,1162,0,-0.009098266
Warm B,162073,1033,1032,1995,1162,0,0.00082561746
Warm B,159475,1017,1016,1995,1162,0,-0.0005561812
Warm B,270256,1635,1634,1995,1162,0,0.0010772832
Warm B,217375,1317,1316,1995,1162,0,-0.00694891
Warm B,135890,877,876,1995,1162,0,-0.008290304
Warm B,134646,869,868,1995,1162,1,-0.007993154
Warm B,263736,1605,1604,1995,1162,0,-0.01055271
Warm B,125667,808,807,1995,1162,0,0.003408967
Warm B,211423,1285,1284,1995,1162,0,-0.00096885674
Warm B,113486,735,734,1995,1162,0,-0.0030307807
Warm B,93687,628,627,1995,1162,0,9.543123e-05
Warm B,90819,601,600,1995,1162,0,0.0008894049
Warm B,83583,549,548,1995,1162,0,0.0026413074
Warm B,234396,1422,1421,1995,1162,0,0.004252527
Warm B,81957,543,542,1995,1162,1,0.0040350733
Warm B,68912,461,460,1995,1162,0,0.010484027
Warm B,72384,482,481,1995,1162,0,0.0015106834
Warm B,57677,390,389,1995,1162,0,0.0033105633
Warm B,111085,721,720,1995,1162,0,0.0048992364
Warm B,49646,329,328,1995,1162,0,-0.0025338084
Warm B,41939,284,283,1995,1162,0,-0.0047163367
Warm B,41265,278,277,1995,1162,0,-0.004011006
Warm B,538217,3312,3311,1995,1162,1,-0.008087118
Warm B,240586,1449,1448,1995,1162,0,-0.0041791536
Warm B,239383,1448,1447,1995,1162,0,0.0033082536
Warm B,14224,116,115,1995,1162,1,-0.000115577364
Warm B,14644,117,116,1995,1162,0,-0.0054936125
Warm B,482063,2962,2961,1995,1162,0,-0.0044232477
Warm B,523010,3224,3223,1995,1162,0,-0.0051699765
Warm B,627125,3792,3791,1995,1162,0,-0.0059705363
Warm B,238329,1447,1446,1995,1162,0,0.0065082656
Warm B,365919,2129,2128,1995,1162,0,0.0074101635
Warm B,334078,1969,1968,1995,1162,0,-0.009317389
Warm B,299264,1776,1775,1995,1162,0,0.003368044
Warm B,164906,1051,1050,1995,1162,0,-0.0030764765
Warm B,265323,1611,1610,1995,1162,0,0.001892875
Warm B,102686,678,677,1995,1162,0,-0.010045123
Warm B,760252,4517,4516,1995,1162,0,-0.011342499
Warm B,158725,1015,1014,1995,1162,0,0.0005342815
Warm B,137276,884,883,1995,1162,0,0.0025418466
Warm B,331976,1958,1957,1995,1162,0,-0.0015322918
Warm B,760717,4520,4519,1995,1162,0,-0.003438996
Warm B,63442,424,423,1995,1162,0,-0.0066356054
Warm B,235300,1425,1424,1995,1162,0,-0.008086524
Warm B,462753,2854,2853,1996,1163,0,-0.0027529395
Warm B,426649,2590,2589,1996,1163,0,0.00070987316
Warm B,397256,2352,2351,1996,1163,0,-0.001860806
Warm B,406837,2444,2443,1996,1163,1,-0.007254753
Warm B,374465,2181,2180,1996,1163,0,0.0099946745
Warm B,297774,1764,1763,1996,1163,1,0.0030388148
Warm B,291007,1736,1735,1996,1163,0,-0.0052238647
Warm B,291742,1737,1736,1996,1163,0,0.007995521
Warm B,280036,1680,1679,1996,1163,0,0.00035726128
Warm B,277204,1675,1674,1996,1163,0,-0.0051205284
Warm B,267688,1626,1625,1996,1163,0,-0.004104735
Warm B,257047,1574,1573,1996,1163,1,0.0014119386
Warm B,333574,1968,1967,1996,1163,0,0.00881251
Warm B,247950,1496,1495,1996,1163,0,0.004013397
Warm B,321437,1904,1903,1996,1163,0,-0.0033368852
Warm B,224570,1357,1356,1996,1163,0,-0.006034658
Warm B,278051,1676,1675,1996,1163,0,-0.0013874611
Warm B,210359,1284,1283,1996,1163,0,-0.0043353257
Warm B,195989,1204,1203,1996,1163,0,-0.0028355601
Warm B,196788,1207,1206,1996,1163,0,-0.005344697
Warm B,328798,1941,1940,1996,1163,0,-0.00631522
Warm B,307765,1835,1834,1996,1163,0,-0.00025043078
Warm B,184167,1146,1145,1996,1163,0,0.0023341202
Warm B,175817,1112,1111,1996,1163,0,0.0069185994
Warm B,221675,1340,1339,1996,1163,0,0.004083738
Warm B,217377,1317,1316,1996,1163,0,-0.008871184
Warm B,135891,877,876,1996,1163,0,0.0041595763
Warm B,134647,869,868,1996,1163,0,-0.011830885
Warm B,263737,1605,1604,1996,1163,0,-0.0016451003
Warm B,125668,808,807,1996,1163,0,-0.0083509525
Warm B,90820,601,600,1996,1163,0,-0.0041444413
Warm B,81959,543,542,1996,1163,1,0.003993237
Warm B,57678,390,389,1996,1163,0,-0.0009961162
Warm B,111086,721,720,1996,1163,0,0.000133303
Warm B,49648,329,328,1996,1163,0,0.0063514663
Warm B,45255,305,304,1996,1163,0,0.0029063136
Warm B,538218,3312,3311,1996,1163,1,-0.0018170197
Warm B,239385,1448,1447,1996,1163,0,-0.008058994
Warm B,14645,117,116,1996,1163,0,-0.004679327
Warm B,207189,1266,1265,1996,1163,0,-0.0046982267
Warm B,482064,2962,2961,1996,1163,0,-0.010070652
Warm B,627126,3792,3791,1996,1163,0,0.00012608641
Warm B,238330,1447,1446,1996,1163,0,-0.0012934908
Warm B,365920,2129,2128,1996,1163,0,0.0015617744
Warm B,334079,1969,1968,1996,1163,0,0.00027301337
Warm B,164908,1051,1050,1996,1163,0,0.006448509
Warm B,265324,1611,1610,1996,1163,0,-0.0026876286
Warm B,102687,678,677,1996,1163,0,-0.0111195855
Warm B,137277,884,883,1996,1163,0,-0.0071795313
Warm B,211424,1285,1284,1996,1163,0,-0.004498071
Warm B,474161,2909,2908,1996,1163,0,-0.0062543433
Warm B,550646,3391,3390,1996,1163,0,-0.0021888558
Warm B,458322,2820,2819,1998,1165,0,0.012091154
Warm B,790554,4728,4727,1998,1165,0,0.008946444
Warm B,426651,2590,2589,1998,1165,0,0.006618657
Warm B,422203,2555,2554,1998,1165,0,-0.0006170403
Warm B,414789,2496,2495,1998,1165,0,0.006416044
Warm B,397257,2352,2351,1998,1165,0,0.0020601253
Warm B,370120,2164,2163,1998,1165,0,0.008309261
Warm B,436743,2665,2664,1998,1165,1,0.01197201
Warm B,365019,2124,2123,1998,1165,0,0.018954936
Warm B,361954,2109,2108,1998,1165,0,0.004561711
Warm B,280043,1680,1679,1998,1165,1,0.005532406
Warm B,277207,1675,1674,1998,1165,0,0.010804918
Warm B,251967,1524,1523,1998,1165,1,0.0044550844
Warm B,243047,1465,1464,1998,1165,0,0.0048667192
Warm B,224572,1357,1356,1998,1165,0,-0.0007455817
Warm B,226450,1370,1369,1998,1165,0,0.0015598435
Warm B,220486,1335,1334,1998,1165,0,0.0032733155
Warm B,244235,1470,1469,1998,1165,0,0.017906098
Warm B,294529,1749,1748,1998,1165,0,0.012268094
Warm B,328802,1941,1940,1998,1165,0,0.01118089
Warm B,215130,1303,1302,1998,1165,0,0.012704731
Warm B,177717,1119,1118,1998,1165,0,0.01065218
Warm B,308960,1837,1836,1998,1165,0,0.0015383097
Warm B,159478,1017,1016,1998,1165,0,0.009082536
Warm B,158730,1015,1014,1998,1165,0,0.010864811
Warm B,221680,1340,1339,1998,1165,0,4.0602754e-05
Warm B,366312,2131,2130,1998,1165,0,0.014808891
Warm B,131376,850,849,1998,1165,0,0.010517113
Warm B,107236,705,704,1998,1165,0,0.005259165
Warm B,140800,904,903,1998,1165,0,-0.0002762433
Warm B,394330,2323,2322,1998,1165,0,-0.0066204746
Warm B,191525,1181,1180,1998,1165,0,0.016021822
Warm B,211428,1285,1284,1998,1165,0,0.0040254327
Warm B,48029,321,320,1998,1165,0,0.0052227965
Warm B,43262,296,295,1998,1165,0,0.00769049
Warm B,41267,278,277,1998,1165,0,-6.8687135e-05
Warm B,240592,1449,1448,1998,1165,0,0.01841733
Warm B,99927,667,666,1998,1165,0,0.0059610764
Warm B,21786,158,157,1998,1165,0,0.004374145
Warm B,947639,5722,5721,1998,1165,0,0.0063235443
Warm B,239391,1448,1447,1998,1165,0,0.013798115
Warm B,174369,1101,1100,1998,1165,0,0.010353409
Warm B,365923,2129,2128,1998,1165,0,0.019926365
Warm B,300602,1780,1779,1998,1165,0,0.011869356
Warm B,28405,195,194,1998,1165,0,0.011583835
Warm B,745104,4448,4447,1998,1165,0,0.010100329
Warm B,273318,1647,1646,1998,1165,0,0.013261002
Warm B,265328,1611,1610,1998,1165,0,0.00518456
Warm B,257979,1579,1578,1998,1165,0,0.010457413
Warm B,891720,5387,5386,1998,1165,0,0.0010568108
Warm B,63449,424,423,1998,1165,0,0.01780362
Warm B,145947,937,936,1998,1165,0,-0.0011685367
Warm B,718718,4305,4304,1998,1165,0,0.012400473
Warm B,537550,3311,3310,1999,1166,0,0.0017573239
Warm B,518934,3201,3200,1999,1166,0,0.0064655915
Warm B,566527,3476,3475,1999,1166,0,0.0025986452
Warm B,509957,3140,3139,1999,1166,0,0.005000033
Warm B,507366,3121,3120,1999,1166,0,0.009860192
Warm B,516686,3189,3188,1999,1166,0,0.0051649963
Warm B,494578,3032,3031,1999,1166,0,0.00522281
Warm B,477316,2929,2928,1999,1166,0,-0.0074004624
Warm B,472936,2907,2906,1999,1166,0,0.0060776277
Warm B,485358,2986,2985,1999,1166,0,2.2095628e-06
Warm B,458323,2820,2819,1999,1166,0,0.00048529333
Warm B,790555,4728,4727,1999,1166,0,0.009578807
Warm B,441307,2702,2701,1999,1166,0,-0.0031185485
Warm B,437161,2668,2667,1999,1166,0,0.005178163
Warm B,426653,2590,2589,1999,1166,0,-0.000696796
Warm B,414790,2496,2495,1999,1166,0,0.0034349787
Warm B,397259,2352,2351,1999,1166,0,-0.0005151944
Warm B,368665,2155,2154,1999,1166,1,0.008151783
Warm B,367683,2146,2145,1999,1166,0,0.00054040505
Warm B,366314,2131,2130,1999,1166,1,0.0087404465
Warm B,436745,2665,2664,1999,1166,1,0.0080727935
Warm B,358662,2098,2097,1999,1166,1,0.006130957
Warm B,365021,2124,2123,1999,1166,1,0.007449826
Warm B,361956,2109,2108,1999,1166,0,0.007770282
Warm B,326351,1931,1930,1999,1166,0,-0.00033790083
Warm B,303659,1803,1802,1999,1166,0,0.0053243693
Warm B,288358,1722,1721,1999,1166,0,0.0033442345
Warm B,302328,1794,1793,1999,1166,0,-0.0012571719
Warm B,280046,1680,1679,1999,1166,0,0.009214958
Warm B,277210,1675,1674,1999,1166,1,-0.011444626
Warm B,271153,1639,1638,1999,1166,0,-0.0016268513
Warm B,251968,1524,1523,1999,1166,0,0.0033690296
Warm B,247953,1496,1495,1999,1166,1,0.01849397
Warm B,242286,1462,1461,1999,1166,0,-0.0015346033
Warm B,332904,1962,1961,1999,1166,0,0.0041670483
Warm B,224574,1357,1356,1999,1166,0,0.0034379442
Warm B,221942,1342,1341,1999,1166,0,0.002557938
Warm B,273319,1647,1646,1999,1166,0,0.004374096
Warm B,308961,1837,1836,1999,1166,1,0.014441115
Warm B,194538,1200,1199,1999,1166,0,-0.0009501955
Warm B,328805,1941,1940,1999,1166,0,2.3979228e-05
Warm B,215131,1303,1302,1999,1166,1,0.0037382098
Warm B,176435,1115,1114,1999,1166,0,-0.005464827
Warm B,256206,1562,1561,1999,1166,1,0.0033683255
Warm B,159481,1017,1016,1999,1166,1,-0.007391043
Warm B,221682,1340,1339,1999,1166,0,0.0146888485
Warm B,133254,859,858,1999,1166,0,0.0071434393
Warm B,131377,850,849,1999,1166,0,0.0058256458
Warm B,138898,889,888,1999,1166,0,0.012205539
Warm B,125671,808,807,1999,1166,0,-0.0024613608
Warm B,68915,461,460,1999,1166,0,0.014812581
Warm B,70297,474,473,1999,1166,0,0.0014999966
Warm B,57680,390,389,1999,1166,1,-0.00013630744
Warm B,48031,321,320,1999,1166,0,-0.00017069466
Warm B,43263,296,295,1999,1166,0,-0.0018230446
Warm B,291746,1737,1736,1999,1166,0,0.003377357
Warm B,99928,667,666,1999,1166,0,-0.0025240323
Warm B,14647,117,116,1999,1166,1,0.0070019886
Warm B,696799,4169,4168,1999,1166,0,0.011000723
Warm B,290588,1733,1732,1999,1166,0,0.010352552
Warm B,265329,1611,1610,1999,1166,0,0.0006439979
Warm B,102692,678,677,1999,1166,0,0.0014147195
Warm B,891722,5387,5386,1999,1166,0,0.0037467985
Warm B,474167,2909,2908,1999,1166,0,-0.0021110098
Warm B,28408,195,194,1999,1166,0,0.003275899
Warm B,63450,424,423,1999,1166,1,0.007553567
Warm B,241513,1451,1450,1999,1166,0,0.0039833165
Warm B,202199,1243,1242,2007,1174,0,-0.00088334194
Warm B,499781,3067,3066,2007,1174,0,0.012459
Warm B,697855,4169,4168,2007,1174,0,0.007998156
Warm B,116658,752,751,2007,1174,0,0.007860148
Warm B,860403,5172,5171,2007,1174,0,0.0037147156
Warm B,660227,3979,3978,2014,1180,1,-0.0019480009
Warm B,655575,3948,3947,2014,1180,1,0.0017125699
Warm B,652880,3934,3933,2014,1180,0,0.0029346324
Warm B,630011,3808,3807,2014,1180,0,-0.0020447276
Warm B,625237,3778,3777,2014,1180,0,0.02496983
Warm B,670505,4028,4027,2014,1180,0,0.02479333
Warm B,615022,3724,3723,2014,1180,1,0.020133495
Warm B,992768,5996,5995,2014,1180,1,0.0010932859
Warm B,604606,3675,3674,2014,1180,0,0.019749328
Warm B,726842,4345,4344,2014,1180,0,0.009633867
Warm B,576329,3521,3520,2014,1180,1,0.013551264
Warm B,562835,3462,3461,2014,1180,0,0.013055445
Warm B,559009,3433,3432,2014,1180,0,9.72132e-05
Warm B,554278,3410,3409,2014,1180,1,0.014742803
Warm B,545865,3365,3364,2014,1180,0,0.014228274
Warm B,550697,3391,3390,2014,1180,0,0.00415641
Warm B,539083,3314,3313,2014,1180,1,0.009591445
Warm B,536620,3309,3308,2014,1180,0,0.010249516
Warm B,536331,3308,3307,2014,1180,0,0.014835346
Warm B,710030,4258,4257,2014,1180,0,0.018584788
Warm B,523055,3224,3223,2014,1180,1,0.005640793
Warm B,517730,3195,3194,2014,1180,0,0.0035277002
Warm B,513232,3163,3162,2014,1180,0,0.026017625
Warm B,540157,3320,3319,2014,1180,0,0.020647597
Warm B,506085,3112,3111,2014,1180,0,0.009996852
Warm B,575641,3519,3518,2014,1180,0,0.02596175
Warm B,495781,3044,3043,2014,1180,0,0.008329975
Warm B,659319,3971,3970,2014,1180,0,0.021253448
Warm B,738575,4411,4410,2014,1180,1,0.013760452
Warm B,489814,3013,3012,2014,1180,0,0.008297637
Warm B,487635,2999,2998,2014,1180,0,0.0044233864
Warm B,600371,3650,3649,2014,1180,0,0.021970347
Warm B,482941,2967,2966,2014,1180,0,0.011167331
Warm B,697881,4169,4168,2014,1180,0,0.023495652
Warm B,472969,2907,2906,2014,1180,1,0.024569742
Warm B,468051,2885,2884,2014,1180,1,0.011605631
Warm B,419064,2529,2528,2014,1180,1,0.008030904
Warm B,464403,2860,2859,2014,1180,1,0.013839458
Warm B,400730,2386,2385,2014,1180,0,0.0040382175
Warm B,400584,2383,2382,2014,1180,1,0.019701913
Warm B,374502,2181,2180,2014,1180,0,0.022709303
Warm B,361989,2109,2108,2014,1180,0,0.013664691
Warm B,334107,1969,1968,2014,1180,0,-0.0005976758
Warm B,271666,1642,1641,2014,1180,0,0.0041471976
Warm B,255836,1559,1558,2014,1180,0,-6.0923165e-05
Warm B,346445,2030,2029,2014,1180,1,0.0129958745
Warm B,250594,1510,1509,2014,1180,0,0.00053925253
Warm B,361188,2106,2105,2014,1180,0,0.0058736186
Warm B,266154,1613,1612,2014,1180,0,0.021790534
Warm B,338421,1988,1987,2014,1180,0,0.008479188
Warm B,222994,1351,1350,2014,1180,1,0.011183774
Warm B,212195,1291,1290,2014,1180,1,0.018358845
Warm B,278087,1676,1675,2014,1180,1,0.01556158
Warm B,205033,1261,1260,2014,1180,0,0.0236515
Warm B,280103,1680,1679,2014,1180,1,0.014075987
Warm B,198930,1221,1220,2014,1180,1,0.003763964
Warm B,305199,1812,1811,2014,1180,1,0.017239934
Warm B,328850,1941,1940,2014,1180,0,0.01387023
Warm B,188467,1169,1168,2014,1180,0,0.008191439
Warm B,185888,1150,1149,2014,1180,0,0.020732662
Warm B,183391,1141,1140,2014,1180,1,0.0031302627
Warm B,168127,1068,1067,2014,1180,0,0.009429586
Warm B,166687,1059,1058,2014,1180,0,0.026983963
Warm B,337281,1983,1982,2014,1180,1,0.011567479
Warm B,324625,1922,1921,2014,1180,0,0.012694599
Warm B,249072,1501,1500,2014,1180,0,0.009975461
Warm B,127434,822,821,2014,1180,1,0.016729847
Warm B,263769,1605,1604,2014,1180,1,0.0055057677
Warm B,124354,800,799,2014,1180,1,0.011832586
Warm B,118158,764,763,2014,1180,1,0.014172871
Warm B,178453,1120,1119,2014,1180,0,0.016390026
Warm B,101042,673,672,2014,1180,0,0.0018181014
Warm B,98014,655,654,2014,1180,0,-0.0035407671
Warm B,93897,629,628,2014,1180,0,0.0012185187
Warm B,91523,606,605,2014,1180,1,0.00014630845
Warm B,86888,566,565,2014,1180,0,0.0060127405
Warm B,85366,556,555,2014,1180,1,0.0046273777
Warm B,234430,1422,1421,2014,1180,0,0.0129928915
Warm B,83621,549,548,2014,1180,0,0.009523772
Warm B,119602,770,769,2014,1180,0,0.012391914
Warm B,76819,520,519,2014,1180,1,0.012544364
Warm B,73859,500,499,2014,1180,0,0.008969329
Warm B,60387,410,409,2014,1180,0,0.014876701
Warm B,228624,1383,1382,2014,1180,0,0.01815129
Warm B,52649,346,345,2014,1180,1,0.014574162
Warm B,48917,327,326,2014,1180,0,0.00402899
Warm B,132757,855,854,2014,1180,0,0.004646657
Warm B,43713,300,299,2014,1180,1,0.008742499
Warm B,44812,302,301,2014,1180,0,0.015347566
Warm B,39074,264,263,2014,1180,0,0.018713187
Warm B,32341,216,215,2014,1180,0,0.017912686
Warm B,240633,1449,1448,2014,1180,0,0.014828916
Warm B,270295,1635,1634,2014,1180,0,0.020035038
Warm B,947811,5722,5721,2014,1180,1,0.0053907796
Warm B,23265,166,165,2014,1180,1,0.009808893
Warm B,239428,1448,1447,2014,1180,1,0.0042036073
Warm B,2181,18,17,2014,1180,0,0.0050902097
Warm B,3681,26,25,2014,1180,0,0.010296246
Warm B,686679,4107,4106,2014,1180,0,0.015534849
Warm B,482090,2962,2961,2014,1180,0,-5.561579e-05
Warm B,65630,438,437,2014,1180,1,0.0026428546
Warm B,273357,1647,1646,2014,1180,0,0.019783191
Warm B,130056,840,839,2014,1180,1,0.009255882
Warm B,241546,1451,1450,2014,1180,1,0.012251992
Warm B,164942,1051,1050,2014,1180,0,0.018486116
Warm B,102719,678,677,2014,1180,0,0.008059789
Warm B,171047,1087,1086,2014,1180,1,0.014520367
Warm B,760455,4517,4516,2014,1180,0,-0.0020607142
Warm B,633715,3824,3823,2014,1180,0,-0.003166436
Warm B,905580,5475,5474,2014,1180,1,0.013386572
Warm B,769173,4579,4578,2014,1180,0,0.011771364
Warm B,134682,869,868,2014,1180,1,0.0070635537
Warm B,501540,3080,3079,2014,1180,1,0.014129724
Warm B,700104,4186,4185,2014,1180,0,0.0146658905
Warm B,217416,1317,1316,2014,1180,0,0.0027317721
Warm B,936766,5650,5649,2014,1180,0,0.0059748623
Warm B,222807,1348,1347,2014,1180,0,0.011812875
Warm B,748360,4467,4466,2014,1180,1,0.0076137306
Warm B,825855,4958,4957,2014,1180,0,0.010849947
Warm B,616741,3732,3731,2014,1180,0,0.017252563
Warm B,396436,2344,2343,2016,1182,1,0.0004028204
Warm B,393619,2316,2315,2016,1182,0,-0.005038387
Warm B,374507,2181,2180,2016,1182,0,0.0018680883
Warm B,361995,2109,2108,2016,1182,0,-0.008968117
Warm B,293455,1747,1746,2016,1182,0,-0.0055693192
Warm B,324098,1920,1919,2016,1182,0,0.0005995231
Warm B,259727,1587,1586,2016,1182,0,-0.0008152721
Warm B,436779,2665,2664,2016,1182,0,0.011463231
Warm B,247231,1494,1493,2016,1182,1,0.005483654
Warm B,229463,1389,1388,2016,1182,0,0.0048494376
Warm B,280110,1680,1679,2016,1182,0,-0.0021469817
Warm B,197688,1214,1213,2016,1182,0,-0.0026594873
Warm B,328856,1941,1940,2016,1182,0,-0.006844139
Warm B,173892,1100,1099,2016,1182,0,0.001057795
Warm B,198713,1220,1219,2016,1182,0,0.0018842099
Warm B,255680,1556,1555,2016,1182,0,0.0028016788
Warm B,275784,1667,1666,2016,1182,0,-0.0069732517
Warm B,217419,1317,1316,2016,1182,0,-0.009445218
Warm B,249075,1501,1500,2016,1182,1,0.011495138
Warm B,119606,770,769,2016,1182,0,-0.004038722
Warm B,345563,2026,2025,2016,1182,0,-0.011453635
Warm B,714255,4277,4276,2016,1182,0,0.0020080744
Warm B,109503,714,713,2016,1182,1,0.003670426
Warm B,95626,639,638,2016,1182,1,-0.0029618493
Warm B,191593,1181,1180,2016,1182,0,-0.013190456
Warm B,82113,544,543,2016,1182,0,-0.0065062195
Warm B,234434,1422,1421,2016,1182,0,-0.008500479
Warm B,73204,494,493,2016,1182,1,-0.0022943376
Warm B,72420,482,481,2016,1182,0,-0.0061747935
Warm B,52651,346,345,2016,1182,1,-0.003298452
Warm B,32345,216,215,2016,1182,0,-0.0041131848
Warm B,239431,1448,1447,2016,1182,0,0.0006785204
Warm B,7061,48,47,2016,1182,0,-0.0016338232
Warm B,380981,2225,2224,2016,1182,0,-0.004550828
Warm B,326243,1930,1929,2016,1182,0,-0.010781579
Warm B,30685,204,203,2016,1182,0,-0.0015072149
Warm B,334111,1969,1968,2016,1182,0,-0.0130987065
Warm B,273359,1647,1646,2016,1182,0,0.0023835395
Warm B,102724,678,677,2016,1182,0,-0.004932995
Warm B,454773,2796,2795,2016,1182,0,-0.01220817
Warm B,134685,869,868,2016,1182,1,-0.00050207274
Warm B,419068,2529,2528,2016,1182,0,0.00013771956
Warm B,719067,4305,4304,2016,1182,0,-0.008268986
Warm B,137020,881,880,2016,1182,0,-0.004372257
Warm B,63506,424,423,2016,1182,1,-0.007950178
Warm B,336473,1980,1979,2016,1182,0,0.0067333165
Warm B,559504,3436,3435,2016,1182,0,-0.0013922891
Warm B,145970,937,936,2016,1182,1,-0.0084280465
Warm B,62165,419,418,2016,1182,0,0.007918852
Warm B,503913,3096,3095,2017,1183,1,-0.0001669887
Warm B,797878,4784,4783,2017,1183,1,0.005214208
Warm B,493072,3029,3028,2017,1183,1,0.006042419
Warm B,491861,3025,3024,2017,1183,0,0.0018355087
Warm B,487639,2999,2998,2017,1183,0,0.0056816945
Warm B,769175,4579,4578,2017,1183,0,0.015562467
Warm B,530100,3272,3271,2017,1183,1,0.003154493
Warm B,478356,2934,2933,2017,1183,0,0.0081248805
Warm B,697886,4169,4168,2017,1183,0,0.00784592
Warm B,467149,2878,2877,2017,1183,0,-0.0045394646
Warm B,442506,2724,2723,2017,1183,0,0.010470167
Warm B,440853,2699,2698,2017,1183,1,0.01631551
Warm B,430626,2624,2623,2017,1183,1,0.002399607
Warm B,427899,2599,2598,2017,1183,0,-0.0020625037
Warm B,422395,2558,2557,2017,1183,1,0.0021341483
Warm B,421920,2551,2550,2017,1183,0,0.009446877
Warm B,419070,2529,2528,2017,1183,0,-0.0019247434
Warm B,427140,2592,2591,2017,1183,0,0.008785618
Warm B,414175,2492,2491,2017,1183,0,0.003167589
Warm B,421430,2545,2544,2017,1183,0,-0.0072946427
Warm B,407907,2452,2451,2017,1183,0,0.0043729767
Warm B,408822,2454,2453,2017,1183,0,0.0073858923
Warm B,396538,2346,2345,2017,1183,0,0.010079732
Warm B,394679,2329,2328,2017,1183,0,-0.0025434964
Warm B,655975,3952,3951,2017,1183,1,0.007987399
Warm B,383523,2241,2240,2017,1183,0,-0.011580458
Warm B,383842,2242,2241,2017,1183,1,0.006228936
Warm B,373636,2180,2179,2017,1183,0,0.004232243
Warm B,357095,2091,2090,2017,1183,0,-0.007549299
Warm B,356596,2088,2087,2017,1183,0,0.00976099
Warm B,343266,2016,2015,2017,1183,0,0.012119003
Warm B,339810,2003,2002,2017,1183,1,0.0013551594
Warm B,336475,1980,1979,2017,1183,1,-0.0009253194
Warm B,300776,1781,1780,2017,1183,0,0.00618968
Warm B,293457,1747,1746,2017,1183,0,-0.0033612573
Warm B,289074,1726,1725,2017,1183,0,0.002967225
Warm B,281731,1689,1688,2017,1183,0,-0.0043291496
Warm B,259173,1586,1585,2017,1183,0,0.0018822689
Warm B,227381,1377,1376,2017,1183,0,0.0072156866
Warm B,320414,1899,1898,2017,1183,0,0.01880041
Warm B,218172,1322,1321,2017,1183,0,0.0042596078
Warm B,318222,1890,1889,2017,1183,0,-0.009178857
Warm B,217421,1317,1316,2017,1183,1,-0.00099454
Warm B,405169,2424,2423,2017,1183,1,0.017650662
Warm B,278092,1676,1675,2017,1183,1,0.006013455
Warm B,592259,3610,3609,2017,1183,0,0.0036362046
Warm B,328858,1941,1940,2017,1183,1,0.008966085
Warm B,185895,1150,1149,2017,1183,1,0.0057986802
Warm B,177735,1119,1118,2017,1183,0,0.01161762
Warm B,174799,1106,1105,2017,1183,1,0.007571629
Warm B,346450,2030,2029,2017,1183,0,0.009298876
Warm B,191595,1181,1180,2017,1183,0,0.007639977
Warm B,168129,1068,1067,2017,1183,0,0.0041482532
Warm B,158780,1015,1014,2017,1183,0,0.004347423
Warm B,337284,1983,1982,2017,1183,1,0.003896067
Warm B,347564,2038,2037,2017,1183,0,0.0049778023
Warm B,128804,836,835,2017,1183,1,0.001981116
Warm B,127437,822,821,2017,1183,0,0.0034626145
Warm B,124040,798,797,2017,1183,0,0.011397957
Warm B,118779,767,766,2017,1183,0,0.01096854
Warm B,126389,816,815,2017,1183,1,0.0052568833
Warm B,112759,731,730,2017,1183,0,0.0006999837
Warm B,178457,1120,1119,2017,1183,0,0.00364547
Warm B,99376,662,661,2017,1183,0,0.0065090735
Warm B,425847,2583,2582,2017,1183,0,0.0035067806
Warm B,211475,1285,1284,2017,1183,0,0.009207921
Warm B,86285,563,562,2017,1183,0,-0.009394996
Warm B,85882,560,559,2017,1183,1,0.0025725001
Warm B,396998,2350,2349,2017,1183,0,-0.002570421
Warm B,84612,550,549,2017,1183,0,-0.0031573838
Warm B,76220,517,516,2017,1183,0,0.0052970094
Warm B,65010,436,435,2017,1183,1,0.0010599734
Warm B,63508,424,423,2017,1183,1,0.005258316
Warm B,41974,284,283,2017,1183,0,0.0062485468
Warm B,73861,500,499,2017,1183,0,0.0064298837
Warm B,99138,660,659,2017,1183,0,0.003133432
Warm B,249076,1501,1500,2017,1183,0,0.0051275957
Warm B,86890,566,565,2017,1183,0,0.01107436
Warm B,10836,78,77,2017,1183,1,0.0075897607
Warm B,7985,53,52,2017,1183,0,-0.004057143
Warm B,492,6,5,2017,1183,0,-0.0013272495
Warm B,223854,1354,1353,2017,1183,0,0.01125246
Warm B,60960,411,410,2017,1183,0,0.0037220737
Warm B,95628,639,638,2017,1183,0,-0.0047174785
Warm B,552726,3401,3400,2017,1183,0,0.0030353311
Warm B,141251,910,909,2017,1183,0,0.002019657
Warm B,12164,92,91,2017,1183,1,0.004695528
Warm B,164947,1051,1050,2017,1183,1,0.0031833737
Warm B,928067,5605,5604,2017,1183,0,-0.001288756
Warm B,830032,4983,4982,2017,1183,1,-0.002470171
Warm B,50701,333,332,2017,1183,0,-0.002341981
Warm B,454775,2796,2795,2017,1183,0,0.00083173043
Warm B,6101,44,43,2017,1183,0,0.010918798
Warm B,235342,1425,1424,2017,1183,0,0.011759571
Warm B,893538,5394,5393,2017,1183,0,0.013108356
Warm B,657728,3963,3962,2017,1183,0,0.013780654
Warm B,832068,5001,5000,2017,1183,1,0.0007677111
Warm B,183393,1141,1140,2017,1183,0,0.005731864
Warm B,714256,4277,4276,2017,1183,1,-0.0040905033
Warm B,753593,4489,4488,2017,1183,0,0.010546765
Warm B,174397,1101,1100,2017,1183,1,-0.004341635
Warm B,489818,3013,3012,2017,1183,0,-0.0064512556
Warm B,519851,3207,3206,2024,1190,1,0.0025641236
Warm B,511727,3157,3156,2024,1190,0,0.009587182
Warm B,506964,3118,3117,2024,1190,1,0.014756324
Warm B,501957,3081,3080,2024,1190,0,0.005405155
Warm B,903082,5458,5457,2024,1190,1,0.004220134
Warm B,491720,3024,3023,2024,1190,0,0.0038565255
Warm B,485399,2986,2985,2024,1190,0,0.006180729
Warm B,546251,3367,3366,2024,1190,1,0.0055847727
Warm B,482958,2967,2966,2024,1190,0,-0.0021583908
Warm B,478364,2934,2933,2024,1190,0,0.0070269974
Warm B,796420,4771,4770,2024,1190,0,0.010832863
Warm B,459015,2825,2824,2024,1190,1,0.0021769158
Warm B,458370,2820,2819,2024,1190,1,0.0061779437
Warm B,441844,2715,2714,2024,1190,0,0.0074781207
Warm B,697907,4169,4168,2024,1190,1,0.0054314993
Warm B,438057,2676,2675,2024,1190,1,0.0028974381
Warm B,433846,2643,2642,2024,1190,0,0.0009180992
Warm B,424082,2570,2569,2024,1190,1,0.0076091513
Warm B,399316,2376,2375,2024,1190,1,-0.0037581248
Warm B,400594,2383,2382,2024,1190,0,0.005565044
Warm B,390484,2290,2289,2024,1190,0,0.0023914054
Warm B,385469,2251,2250,2024,1190,0,0.006569175
Warm B,379287,2215,2214,2024,1190,0,-0.0015971093
Warm B,379813,2221,2220,2024,1190,1,0.006526649
Warm B,379616,2219,2218,2024,1190,0,0.008788083
Warm B,373099,2178,2177,2024,1190,1,0.0046855863
Warm B,714276,4277,4276,2024,1190,0,0.0008320797
Warm B,343837,2018,2017,2024,1190,0,0.0022686585
Warm B,351105,2060,2059,2024,1190,0,-0.0039905673
Warm B,336498,1980,1979,2024,1190,1,0.004006829
Warm B,304515,1810,1809,2024,1190,1,0.000650067
Warm B,298248,1767,1766,2024,1190,0,0.007397372
Warm B,302365,1794,1793,2024,1190,0,0.004558622
Warm B,282834,1694,1693,2024,1190,0,0.004969757
Warm B,273557,1648,1647,2024,1190,1,5.1481882e-05
Warm B,255839,1559,1558,2024,1190,1,0.0042568645
Warm B,317136,1884,1883,2024,1190,0,0.0041950275
Warm B,232065,1407,1406,2024,1190,1,0.0062717693
Warm B,325655,1926,1925,2024,1190,1,0.0031413513
Warm B,320431,1899,1898,2024,1190,0,0.007524278
Warm B,296664,1758,1757,2024,1190,1,0.006030744
Warm B,209826,1281,1280,2024,1190,0,-0.0016223553
Warm B,206157,1264,1263,2024,1190,0,0.009414593
Warm B,202764,1244,1243,2024,1190,1,0.0041771894
Warm B,280147,1680,1679,2024,1190,1,0.0020286532
Warm B,338437,1988,1987,2024,1190,0,0.0049381545
Warm B,185918,1150,1149,2024,1190,0,0.0059153894
Warm B,180530,1128,1127,2024,1190,0,0.00652445
Warm B,177745,1119,1118,2024,1190,1,-0.0014361502
Warm B,169340,1074,1073,2024,1190,0,0.002256958
Warm B,168751,1069,1068,2024,1190,1,-0.0028586104
Warm B,165389,1053,1052,2024,1190,0,0.0043351557
Warm B,195832,1203,1202,2024,1190,0,0.007389748
Warm B,158803,1015,1014,2024,1190,1,0.0019304601
Warm B,150148,966,965,2024,1190,1,0.0038893605
Warm B,142557,919,918,2024,1190,0,0.006773399
Warm B,138983,889,888,2024,1190,0,0.0038789106
Warm B,141755,911,910,2024,1190,1,0.0017073036
Warm B,380550,2223,2222,2024,1190,0,-0.00014803652
Warm B,130343,844,843,2024,1190,1,0.0007781978
Warm B,116704,752,751,2024,1190,0,0.00927202
Warm B,132772,855,854,2024,1190,1,0.0047159586
Warm B,111947,728,727,2024,1190,0,-0.0021937839
Warm B,108406,710,709,2024,1190,0,0.010677634
Warm B,107398,706,705,2024,1190,0,0.0057159197
Warm B,105332,696,695,2024,1190,0,-0.004373001
Warm B,284626,1698,1697,2024,1190,1,-0.0012096241
Warm B,83654,549,548,2024,1190,1,0.001047746
Warm B,250546,1509,1508,2024,1190,1,0.009218547
Warm B,204823,1260,1259,2024,1190,0,0.0028808075
Warm B,63527,424,423,2024,1190,1,0.011148999
Warm B,201849,1242,1241,2024,1190,0,0.0013547759
Warm B,288680,1724,1723,2024,1190,0,0.0025669604
Warm B,33699,225,224,2024,1190,1,0.007121046
Warm B,291777,1737,1736,2024,1190,1,0.0037902468
Warm B,26592,187,186,2024,1190,1,-0.00081860344
Warm B,10880,79,78,2024,1190,1,0.0056791524
Warm B,50392,331,330,2024,1190,1,0.0043834075
Warm B,432952,2638,2637,2024,1190,0,0.0035820603
Warm B,688667,4118,4117,2024,1190,1,0.009181711
Warm B,460913,2841,2840,2024,1190,1,0.0057376814
Warm B,883558,5333,5332,2024,1190,0,0.011763928
Warm B,102747,678,677,2024,1190,1,0.01571046
Warm B,145155,934,933,2024,1190,0,0.0060872952
Warm B,322815,1912,1911,2024,1190,0,0.0040680803
Warm B,287917,1717,1716,2024,1190,1,0.0035942108
Warm B,841635,5054,5053,2024,1190,0,0.00031168247
Warm B,937786,5657,5656,2024,1190,1,0.00041597988
Warm B,517172,3191,3190,2026,1192,0,0.0036105653
Warm B,507381,3121,3120,2026,1192,0,0.010336272
Warm B,654438,3942,3941,2026,1192,0,0.012678957
Warm B,496034,3046,3045,2026,1192,0,0.007448535
Warm B,488047,3001,3000,2026,1192,0,0.0023048464
Warm B,518038,3196,3195,2026,1192,1,0.00807742
Warm B,493638,3031,3030,2026,1192,0,0.0089242365
Warm B,530120,3272,3271,2026,1192,0,0.0048938156
Warm B,463703,2857,2856,2026,1192,0,0.0094185155
Warm B,460478,2840,2839,2026,1192,0,0.0015012552
Warm B,461705,2847,2846,2026,1192,0,0.003229413
Warm B,540879,3327,3326,2026,1192,0,0.0042681284
Warm B,451287,2777,2776,2026,1192,0,0.012471854
Warm B,564834,3471,3470,2026,1192,0,0.0048480476
Warm B,426669,2590,2589,2026,1192,0,-0.0041939667
Warm B,405595,2429,2428,2026,1192,0,0.0027289528
Warm B,378071,2205,2204,2026,1192,0,0.008216456
Warm B,371888,2172,2171,2026,1192,0,0.0049429997
Warm B,374527,2181,2180,2026,1192,0,-0.0050909286
Warm B,368672,2155,2154,2026,1192,1,-0.00043809274
Warm B,363518,2116,2115,2026,1192,0,0.01657379
Warm B,358688,2098,2097,2026,1192,0,0.0061077704
Warm B,375776,2188,2187,2026,1192,0,0.010853419
Warm B,344504,2021,2020,2026,1192,1,0.0016726481
Warm B,341034,2010,2009,2026,1192,0,0.009173419
Warm B,323540,1919,1918,2026,1192,0,-0.0032637669
Warm B,306005,1820,1819,2026,1192,0,0.009841988
Warm B,297811,1764,1763,2026,1192,1,0.0037933672
Warm B,280151,1680,1679,2026,1192,0,0.003968292
Warm B,277254,1675,1674,2026,1192,0,0.012536863
Warm B,278111,1676,1675,2026,1192,1,0.011379906
Warm B,271588,1641,1640,2026,1192,0,0.009942904
Warm B,267706,1626,1625,2026,1192,0,0.012289509
Warm B,361208,2106,2105,2026,1192,0,0.009606246
Warm B,231260,1399,1398,2026,1192,0,0.014425305
Warm B,224584,1357,1356,2026,1192,0,0.0048204083
Warm B,221948,1342,1341,2026,1192,0,0.01047248
Warm B,221856,1341,1340,2026,1192,0,0.004363741
Warm B,214190,1300,1299,2026,1192,0,-0.0008846889
Warm B,214016,1299,1298,2026,1192,0,-0.0040025963
Warm B,250548,1509,1508,2026,1192,0,0.012054173
Warm B,196825,1207,1206,2026,1192,0,0.00034254708
Warm B,342920,2015,2014,2026,1192,0,0.004864508
Warm B,328889,1941,1940,2026,1192,0,0.011557319
Warm B,307813,1835,1834,2026,1192,0,0.016144913
Warm B,175123,1109,1108,2026,1192,0,0.0068183364
Warm B,184190,1146,1145,2026,1192,0,0.010496472
Warm B,168142,1068,1067,2026,1192,0,0.008583143
Warm B,159513,1017,1016,2026,1192,0,0.008260652
Warm B,158805,1015,1014,2026,1192,0,0.010648416
Warm B,145645,936,935,2026,1192,0,-0.0073018423
Warm B,134706,869,868,2026,1192,1,0.013182525
Warm B,133265,859,858,2026,1192,0,0.008311657
Warm B,352492,2063,2062,2026,1192,0,0.000993639
Warm B,138987,889,888,2026,1192,0,0.012308548
Warm B,126794,817,816,2026,1192,0,0.0014311527
Warm B,125694,808,807,2026,1192,0,0.012820672
Warm B,115054,746,745,2026,1192,1,0.0034346385
Warm B,119628,770,769,2026,1192,0,0.00012863195
Warm B,117736,757,756,2026,1192,0,0.0007412308
Warm B,108407,710,709,2026,1192,0,0.010202521
Warm B,106404,699,698,2026,1192,0,0.0066001564
Warm B,116707,752,751,2026,1192,0,0.009747447
Warm B,100387,669,668,2026,1192,1,0.007856943
Warm B,113513,735,734,2026,1192,0,0.00777817
Warm B,97424,652,651,2026,1192,0,0.0067081405
Warm B,631910,3821,3820,2026,1192,0,0.00981071
Warm B,91714,608,607,2026,1192,1,0.00965122
Warm B,82012,543,542,2026,1192,1,0.0126671605
Warm B,82564,548,547,2026,1192,0,-0.0066939555
Warm B,75181,509,508,2026,1192,0,0.021821696
Warm B,51239,337,336,2026,1192,0,0.0011381034
Warm B,48051,321,320,2026,1192,0,-0.0045305183
Warm B,132775,855,854,2026,1192,0,0.0026735903
Warm B,111133,721,720,2026,1192,0,0.01636108
Warm B,30130,202,201,2026,1192,1,0.011550335
Warm B,23284,166,165,2026,1192,0,0.005769777
Warm B,22736,163,162,2026,1192,0,0.01786738
Warm B,14696,117,116,2026,1192,0,0.0010420878
Warm B,290639,1733,1732,2026,1192,0,0.006555687
Warm B,627178,3792,3791,2026,1192,0,0.0009372353
Warm B,56142,372,371,2026,1192,1,0.004621002
Warm B,682859,4085,4084,2026,1192,0,0.009049324
Warm B,265362,1611,1610,2026,1192,0,0.009040761
Warm B,102749,678,677,2026,1192,0,0.009656301
Warm B,164964,1051,1050,2026,1192,0,0.012682508
Warm B,760876,4520,4519,2026,1192,0,0.00183107
Warm B,263785,1605,1604,2026,1192,0,-0.00034281146
Warm B,599562,3648,3647,2026,1192,0,0.012369809
Warm B,499819,3067,3066,2026,1192,0,0.013998363
Warm B,907904,5492,5491,2026,1192,0,0.018938612
Warm B,454785,2796,2795,2026,1192,0,0.0006848392
Warm B,28485,195,194,2026,1192,0,-0.0015105219
Warm B,497785,3055,3054,2026,1192,0,-0.001382245
Warm B,137288,884,883,2026,1192,1,-0.0038954471
Warm B,785874,4697,4696,2026,1192,1,0.011924591
Warm B,44838,302,301,2026,1192,0,0.006809215
Warm B,172209,1088,1087,2026,1192,0,-0.002524625
Warm B,941862,5682,5681,2026,1192,0,0.011405349
Warm B,179896,1125,1124,2026,1192,0,0.0066078063
Warm B,550732,3391,3390,2026,1192,0,0.015210303
Warm B,400595,2383,2382,2027,1193,0,0.020173123
Warm B,399634,2378,2377,2027,1193,0,0.006483949
Warm B,392626,2304,2303,2027,1193,1,0.011841306
Warm B,370605,2166,2165,2027,1193,0,0.015526591
Warm B,352493,2063,2062,2027,1193,0,0.028512305
Warm B,341035,2010,2009,2027,1193,0,0.015575724
Warm B,297813,1764,1763,2027,1193,0,0.010733985
Warm B,281463,1687,1686,2027,1193,0,0.0070646834
Warm B,259736,1587,1586,2027,1193,0,0.011988899
Warm B,309405,1841,1840,2027,1193,0,0.017805059
Warm B,247997,1496,1495,2027,1193,0,0.01767724
Warm B,342921,2015,2014,2027,1193,0,0.011011792
Warm B,236532,1434,1433,2027,1193,0,0.0038150763
Warm B,215767,1306,1305,2027,1193,0,0.01244057
Warm B,280152,1680,1679,2027,1193,0,0.013422354
Warm B,213768,1298,1297,2027,1193,0,0.013270613
Warm B,183403,1141,1140,2027,1193,0,0.023899227
Warm B,170336,1084,1083,2027,1193,0,0.012599543
Warm B,173017,1096,1095,2027,1193,0,0.010017481
Warm B,168143,1068,1067,2027,1193,0,0.0122724455
Warm B,328890,1941,1940,2027,1193,0,0.015847953
Warm B,164120,1050,1049,2027,1193,0,0.010361883
Warm B,272449,1645,1644,2027,1193,0,0.016637495
Warm B,249386,1502,1501,2027,1193,0,0.009069119
Warm B,157354,1010,1009,2027,1193,0,0.020271102
Warm B,137038,881,880,2027,1193,0,0.007656902
Warm B,117737,757,756,2027,1193,0,0.008270268
Warm B,112965,732,731,2027,1193,0,0.0147443935
Warm B,120671,777,776,2027,1193,0,0.014883433
Warm B,112771,731,730,2027,1193,1,0.017711515
Warm B,108408,710,709,2027,1193,0,0.018073412
Warm B,106405,699,698,2027,1193,0,0.010873029
Warm B,109515,714,713,2027,1193,0,0.010432053
Warm B,480365,2946,2945,2027,1193,0,0.017334126
Warm B,244273,1470,1469,2027,1193,0,0.014216995
Warm B,83660,549,548,2027,1193,0,0.023645446
Warm B,239452,1448,1447,2027,1193,0,0.019376768
Warm B,119629,770,769,2027,1193,1,0.013357658
Warm B,87142,569,568,2027,1193,1,0.0015637698
Warm B,64431,429,428,2027,1193,0,0.01624188
Warm B,57279,386,385,2027,1193,0,0.00950242
Warm B,59549,403,402,2027,1193,1,0.021254988
Warm B,40591,272,271,2027,1193,0,0.025349356
Warm B,35948,242,241,2027,1193,0,0.013467115
Warm B,31593,214,213,2027,1193,0,0.00956852
Warm B,240670,1449,1448,2027,1193,0,0.020770406
Warm B,30132,202,201,2027,1193,0,0.016118374
Warm B,219365,1329,1328,2027,1193,0,0.019962473
Warm B,49721,329,328,2027,1193,0,0.01210608
Warm B,28487,195,194,2027,1193,0,0.020810388
Warm B,5577,39,38,2027,1193,0,0.01004153
Warm B,104634,692,691,2027,1193,0,0.010468026
Warm B,697912,4169,4168,2027,1193,0,0.019082103
Warm B,50394,331,330,2027,1193,0,0.009343924
Warm B,238407,1447,1446,2027,1193,0,0.020216309
Warm B,371178,2168,2167,2027,1193,1,0.017139398
Warm B,58244,392,391,2027,1193,0,0.015069649
Warm B,363519,2116,2115,2027,1193,0,0.0119665
Warm B,102750,678,677,2027,1193,0,0.014371942
Warm B,11712,90,89,2027,1193,0,0.003555057
Warm B,79827,531,530,2027,1193,0,0.012273001
Warm B,183687,1142,1141,2027,1193,1,0.016621538
Warm B,72440,482,481,2027,1193,0,0.016517207
Warm B,458797,2824,2823,2027,1193,0,0.009483412
Warm B,700115,4186,4185,2027,1193,0,0.01742318
Warm B,860416,5172,5171,2027,1193,0,0.017000087
Warm B,193967,1194,1193,2027,1193,0,0.01743168
Warm B,719076,4305,4304,2027,1193,0,0.008593076
Warm B,427398,2594,2593,2027,1193,0,0.0055844667
Warm B,102753,678,677,2029,1195,1,0.0051616756
Warm B,363522,2116,2115,2029,1195,1,-0.00025644526
Warm B,235361,1425,1424,2029,1195,1,0.0023443
Warm B,697916,4169,4168,2029,1195,1,0.016660009
Warm B,90846,601,600,2029,1195,1,0.009894494
Warm B,75188,509,508,2029,1195,1,0.0018470807
Warm B,155541,1001,1000,2029,1195,0,0.015032353
Warm B,60983,411,410,2029,1195,0,0.011359418
Warm B,49725,329,328,2029,1195,0,0.009923597
Warm B,389,5,4,2029,1195,1,0.0070365956
Warm B,508372,3128,3127,2029,1195,0,0.0139478315
Warm B,116712,752,751,2029,1195,1,0.012841338
Warm B,893551,5394,5393,2029,1195,1,0.007022635
Warm B,276537,1671,1670,2029,1195,1,0.009589078
Warm B,841639,5054,5053,2029,1195,0,0.020122929
Warm B,263790,1605,1604,2029,1195,1,0.008199278
Warm B,164133,1050,1049,2036,1197,0,0.00752448
Warm B,227753,1380,1379,2036,1197,0,0.012270769
Warm B,342941,2015,2014,2036,1197,0,-0.0023310783
Warm B,137057,881,880,2036,1197,0,0.00738094
Warm B,134825,871,870,2036,1197,0,0.0026342692
Warm B,127448,822,821,2036,1197,1,0.00522744
Warm B,263805,1605,1604,2036,1197,0,0.011271569
Warm B,125255,804,803,2036,1197,0,0.012590444
Warm B,118787,767,766,2036,1197,0,0.00901653
Warm B,216545,1314,1313,2036,1197,0,-0.0008088425
Warm B,106417,699,698,2036,1197,0,0.00122758
Warm B,179903,1125,1124,2036,1197,1,0.0052782493
Warm B,109520,714,713,2036,1197,1,0.0015076501
Warm B,361220,2106,2105,2036,1197,0,0.008152418
Warm B,299902,1778,1777,2036,1197,0,0.008806268
Warm B,119646,770,769,2036,1197,0,0.015110504
Warm B,87144,569,568,2036,1197,0,-0.011786912
Warm B,61661,414,413,2036,1197,0,0.0037153172
Warm B,46553,310,309,2036,1197,0,0.008464974
Warm B,44866,302,301,2036,1197,0,0.012443597
Warm B,38443,261,260,2036,1197,0,0.006810311
Warm B,240701,1449,1448,2036,1197,0,0.013454799
Warm B,300062,1779,1778,2036,1197,0,0.0040798974
Warm B,79842,531,530,2036,1197,0,0.0073382817
Warm B,10579,75,74,2036,1197,1,0.013455802
Warm B,355277,2077,2076,2036,1197,0,0.008948661
Warm B,65662,438,437,2036,1197,0,0.0022976017
Warm B,238430,1447,1446,2036,1197,0,0.012781923
Warm B,363534,2116,2115,2036,1197,0,0.004849223
Warm B,272457,1645,1644,2036,1197,0,6.746547e-05
Warm B,172234,1088,1087,2036,1197,0,0.003545131
Warm B,717137,4294,4293,2036,1197,0,0.0009831745
Warm B,235372,1425,1424,2036,1197,0,0.00744979
Warm B,352521,2063,2062,2036,1197,0,0.0061381543
Warm B,877575,5302,5301,2036,1197,0,0.005776425
Warm B,461717,2847,2846,2036,1197,0,0.0065839547
Warm B,703550,4218,4217,2038,1198,0,0.0036172317
Warm B,700129,4186,4185,2038,1198,0,0.0052092527
Warm B,690508,4131,4130,2038,1198,1,0.0035604895
Warm B,707624,4238,4237,2038,1198,0,0.018717164
Warm B,677306,4058,4057,2038,1198,0,0.016477654
Warm B,674536,4048,4047,2038,1198,0,0.0053543164
Warm B,676330,4054,4053,2038,1198,0,0.01669442
Warm B,673492,4042,4041,2038,1198,0,0.01217394
Warm B,668854,4021,4020,2038,1198,0,0.0021979648
Warm B,663655,3998,3997,2038,1198,0,0.011849875
Warm B,650693,3923,3922,2038,1198,0,0.009539904
Warm B,645551,3885,3884,2038,1198,0,0.008705359
Warm B,761688,4523,4522,2038,1198,0,0.013123529
Warm B,647918,3900,3899,2038,1198,1,0.0077649886
Warm B,640308,3848,3847,2038,1198,0,0.009541836
Warm B,627802,3799,3798,2038,1198,1,0.0058259754
Warm B,625806,3783,3782,2038,1198,0,-0.0027537073
Warm B,622484,3768,3767,2038,1198,0,0.010462304
Warm B,618137,3745,3744,2038,1198,0,-0.0028774089
Warm B,615059,3724,3723,2038,1198,0,0.0064374562
Warm B,613079,3715,3714,2038,1198,1,0.0017632586
Warm B,726858,4345,4344,2038,1198,0,0.007738156
Warm B,637188,3836,3835,2038,1198,1,0.010052133
Warm B,726261,4344,4343,2038,1198,0,0.015086316
Warm B,601348,3654,3653,2038,1198,0,-0.0060890745
Warm B,595972,3624,3623,2038,1198,1,0.0038195872
Warm B,592501,3611,3610,2038,1198,0,0.004032696
Warm B,595431,3621,3620,2038,1198,0,0.007907923
Warm B,759480,4510,4509,2038,1198,1,0.015397169
Warm B,574389,3516,3515,2038,1198,1,0.009734953
Warm B,579878,3539,3538,2038,1198,0,0.0062794923
Warm B,551466,3395,3394,2038,1198,1,0.0012764724
Warm B,550758,3391,3390,2038,1198,0,0.012182675
Warm B,554684,3411,3410,2038,1198,0,0.008501231
Warm B,547692,3378,3377,2038,1198,0,0.0110853
Warm B,541568,3332,3331,2038,1198,0,0.008200977
Warm B,897069,5424,5423,2038,1198,0,0.006308642
Warm B,512257,3159,3158,2038,1198,0,0.004548081
Warm B,513284,3163,3162,2038,1198,1,0.01004295
Warm B,509610,3138,3137,2038,1198,0,0.0077262037
Warm B,523114,3224,3223,2038,1198,0,0.0026523184
Warm B,633768,3824,3823,2038,1198,0,0.0075072683
Warm B,489843,3013,3012,2038,1198,0,0.012706472
Warm B,487646,2999,2998,2038,1198,0,-0.0013098163
Warm B,479420,2941,2940,2038,1198,0,0.019617919
Warm B,476015,2921,2920,2038,1198,0,0.010822756
Warm B,461940,2848,2847,2038,1198,1,0.009308776
Warm B,459322,2827,2826,2038,1198,0,0.008336091
Warm B,421926,2551,2550,2038,1198,0,-0.0026818719
Warm B,419113,2529,2528,2038,1198,1,0.0049019167
Warm B,415182,2499,2498,2038,1198,0,0.012475539
Warm B,410233,2460,2459,2038,1198,0,0.009015893
Warm B,396446,2344,2343,2038,1198,0,-0.0020347096
Warm B,403836,2411,2410,2038,1198,0,-0.0018659155
Warm B,370824,2167,2166,2038,1198,0,-0.0021054475
Warm B,368982,2156,2155,2038,1198,0,0.010964387
Warm B,367598,2145,2144,2038,1198,1,0.0036741828
Warm B,366748,2137,2136,2038,1198,1,0.009553077
Warm B,362033,2109,2108,2038,1198,0,0.0030139312
Warm B,354428,2073,2072,2038,1198,0,0.0059687616
Warm B,325676,1926,1925,2038,1198,0,0.0093781
Warm B,292658,1741,1740,2038,1198,0,0.013795446
Warm B,274921,1665,1664,2038,1198,0,0.013367441
Warm B,361221,2106,2105,2038,1198,0,0.008652022
Warm B,277269,1675,1674,2038,1198,0,0.0081068585
Warm B,286372,1709,1708,2038,1198,1,0.0076423287
Warm B,261488,1598,1597,2038,1198,0,0.004197537
Warm B,259755,1587,1586,2038,1198,0,0.008847667
Warm B,346501,2030,2029,2038,1198,1,0.014579804
Warm B,250859,1513,1512,2038,1198,0,0.008282203
Warm B,236838,1438,1437,2038,1198,0,-0.0025637064
Warm B,363535,2116,2115,2038,1198,0,0.0072627943
Warm B,236536,1434,1433,2038,1198,0,0.0036753896
Warm B,224817,1358,1357,2038,1198,0,0.020129818
Warm B,216286,1312,1311,2038,1198,0,-0.0052783624
Warm B,405177,2424,2423,2038,1198,0,0.010922541
Warm B,216133,1311,1310,2038,1198,0,0.004263586
Warm B,273404,1647,1646,2038,1198,0,0.0139113385
Warm B,280200,1680,1679,2038,1198,1,0.013232134
Warm B,198939,1221,1220,2038,1198,1,0.0036895578
Warm B,196001,1204,1203,2038,1198,1,0.0001838638
Warm B,328933,1941,1940,2038,1198,0,0.011055961
Warm B,183421,1141,1140,2038,1198,1,0.007190195
Warm B,176342,1114,1113,2038,1198,0,0.012166321
Warm B,173911,1100,1099,2038,1198,0,0.006428485
Warm B,249102,1501,1500,2038,1198,0,0.00980873
Warm B,165397,1053,1052,2038,1198,0,0.011259876
Warm B,161476,1029,1028,2038,1198,1,0.011567192
Warm B,213165,1297,1296,2038,1198,0,0.006394136
Warm B,436827,2665,2664,2038,1198,0,0.010779643
Warm B,839960,5046,5045,2038,1198,1,0.015702778
Warm B,217461,1317,1316,2038,1198,0,0.022181597
Warm B,134727,869,868,2038,1198,0,0.0040586647
Warm B,130891,849,848,2038,1198,0,0.0043038307
Warm B,305232,1812,1811,2038,1198,0,0.006313211
Warm B,124367,800,799,2038,1198,1,0.011356929
Warm B,122413,789,788,2038,1198,0,0.00023567502
Warm B,122293,788,787,2038,1198,1,0.011237473
Warm B,120899,779,778,2038,1198,0,0.0029001478
Warm B,118168,764,763,2038,1198,1,0.010853464
Warm B,119647,770,769,2038,1198,0,0.0031364546
Warm B,240703,1449,1448,2038,1198,0,0.015422857
Warm B,178489,1120,1119,2038,1198,1,0.0056257667
Warm B,95644,639,638,2038,1198,0,0.0048101004
Warm B,109521,714,713,2038,1198,1,0.0044129393
Warm B,93919,629,628,2038,1198,0,-0.0036300244
Warm B,352523,2063,2062,2038,1198,0,0.008608198
Warm B,90407,597,596,2038,1198,0,0.019097658
Warm B,86304,563,562,2038,1198,0,0.008532904
Warm B,239474,1448,1447,2038,1198,0,-0.0007830132
Warm B,66699,445,444,2038,1198,0,0.0077931215
Warm B,65015,436,435,2038,1198,0,0.0053974506
Warm B,51044,336,335,2038,1198,1,0.0123620825
Warm B,44868,302,301,2038,1198,0,0.008907691
Warm B,332038,1958,1957,2038,1198,0,0.012750965
Warm B,26199,186,185,2038,1198,0,0.0062868176
Warm B,27417,192,191,2038,1198,0,0.014614298
Warm B,270338,1635,1634,2038,1198,0,0.022236165
Warm B,18470,145,144,2038,1198,0,0.012849114
Warm B,17683,136,135,2038,1198,1,0.008244083
Warm B,8678,58,57,2038,1198,0,0.010259186
Warm B,8032,53,52,2038,1198,1,0.0034572599
Warm B,24616,173,172,2038,1198,0,0.0025957203
Warm B,661758,3991,3990,2038,1198,1,-0.0016603748
Warm B,130650,846,845,2038,1198,0,0.013386727
Warm B,829331,4979,4978,2038,1198,0,0.01464894
Warm B,12185,92,91,2038,1198,1,0.00095782767
Warm B,272459,1645,1644,2038,1198,1,0.009225149
Warm B,52271,343,342,2038,1198,0,0.016905602
Warm B,102772,678,677,2038,1198,0,0.012362718
Warm B,415406,2501,2500,2038,1198,1,0.00995479
Warm B,489382,3012,3011,2038,1198,0,0.01136508
Warm B,116961,753,752,2038,1198,1,0.01865834
Warm B,137061,881,880,2038,1198,0,0.013239209
Warm B,13372,104,103,2038,1198,0,0.014256125
Warm B,63566,424,423,2038,1198,0,0.006477342
Warm B,230699,1395,1394,2038,1198,0,0.012381223
Warm B,341908,2012,2011,2038,1198,0,0.01204078
Warm B,590594,3602,3601,2040,1199,1,0.0010225915
Warm B,479423,2941,2940,2040,1199,1,-0.0032141018
Warm B,471221,2899,2898,2040,1199,1,-0.0021953194
Warm B,474284,2909,2908,2040,1199,0,0.0025019832
Warm B,466229,2874,2873,2040,1199,0,0.0046956614
Warm B,454152,2793,2792,2040,1199,1,-0.0016896615
Warm B,442015,2718,2717,2040,1199,1,-0.001972576
Warm B,442131,2719,2718,2040,1199,0,-0.0051258765
Warm B,420054,2537,2536,2040,1199,0,-0.0004440617
Warm B,368985,2156,2155,2040,1199,0,0.003980213
Warm B,345244,2024,2023,2040,1199,1,-0.00031202938
Warm B,343283,2016,2015,2040,1199,1,-0.0052547054
Warm B,289608,1727,1726,2040,1199,1,0.00061563775
Warm B,268658,1631,1630,2040,1199,0,-0.003912456
Warm B,324134,1920,1919,2040,1199,0,-0.0024040572
Warm B,257050,1574,1573,2040,1199,1,0.0060930084
Warm B,255843,1559,1558,2040,1199,0,0.0051582665
Warm B,247420,1495,1494,2040,1199,0,0.002937242
Warm B,336547,1980,1979,2040,1199,0,0.0032308386
Warm B,220158,1333,1332,2040,1199,0,0.0035494198
Warm B,280224,1680,1679,2040,1199,0,0.00057655945
Warm B,197114,1209,1208,2040,1199,1,-0.009922357
Warm B,328946,1941,1940,2040,1199,1,1.079822e-05
Warm B,177765,1119,1118,2040,1199,0,0.0029812024
Warm B,173916,1100,1099,2040,1199,0,0.0039029699
Warm B,249111,1501,1500,2040,1199,1,-0.00033573038
Warm B,166728,1059,1058,2040,1199,0,-0.0031434821
Warm B,272467,1645,1644,2040,1199,1,0.00656777
Warm B,255702,1556,1555,2040,1199,0,8.565956e-05
Warm B,162432,1034,1033,2040,1199,0,0.0025594889
Warm B,337321,1983,1982,2040,1199,1,0.0004807748
Warm B,147224,948,947,2040,1199,1,-0.0026105768
Warm B,185974,1150,1149,2040,1199,0,0.005116815
Warm B,217470,1317,1316,2040,1199,0,0.0050434503
Warm B,315746,1880,1879,2040,1199,0,-0.0016972015
Warm B,160577,1019,1018,2040,1199,0,0.0043775383
Warm B,93924,629,628,2040,1199,0,-0.0013064875
Warm B,191676,1181,1180,2040,1199,0,0.0056903595
Warm B,234475,1422,1421,2040,1199,0,0.006420113
Warm B,83705,549,548,2040,1199,1,-0.002840052
Warm B,119655,770,769,2040,1199,0,0.008949188
Warm B,76234,517,516,2040,1199,0,-0.006874878
Warm B,73211,494,493,2040,1199,1,-0.0019094491
Warm B,70997,476,475,2040,1199,1,0.0053888294
Warm B,69276,463,462,2040,1199,0,0.000166466
Warm B,211546,1285,1284,2040,1199,0,0.0020816764
Warm B,36830,245,244,2040,1199,0,0.0029434569
Warm B,32418,216,215,2040,1199,0,0.00070388126
Warm B,360338,2105,2104,2040,1199,0,0.0060316026
Warm B,1188,10,9,2040,1199,1,-0.0053798924
Warm B,482138,2962,2961,2040,1199,0,-0.001711377
Warm B,39128,264,263,2040,1199,0,0.00092097744
Warm B,552772,3401,3400,2040,1199,0,-0.0006943359
Warm B,334141,1969,1968,2040,1199,1,0.0044878963
Warm B,240720,1449,1448,2040,1199,0,8.837273e-05
Warm B,273411,1647,1646,2040,1199,0,-0.0021590684
Warm B,106426,699,698,2040,1199,0,-0.0008548128
Warm B,633778,3824,3823,2040,1199,0,0.0055212164
Warm B,879537,5312,5311,2040,1199,1,0.008941557
Warm B,130075,840,839,2040,1199,1,0.0026347213
Warm B,134737,869,868,2040,1199,0,-0.0021354076
Warm B,599580,3648,3647,2040,1199,0,-0.0036305664
Warm B,178495,1120,1119,2040,1199,1,-0.0002940162
Warm B,376511,2195,2194,2040,1199,0,0.00093214517
Warm B,700135,4186,4185,2040,1199,1,0.00013482256
Warm B,936775,5650,5649,2040,1199,0,-0.0028877691
Warm B,410586,2462,2461,2040,1199,0,0.0077680987
Warm B,13211,102,101,2040,1199,1,0.0032856758
Warm B,586576,3579,3578,2041,1200,0,0.0019109512
Warm B,577663,3526,3525,2041,1200,0,0.00124846
Warm B,570538,3499,3498,2041,1200,0,0.0002264436
Warm B,549363,3389,3388,2041,1200,0,0.008351577
Warm B,645564,3885,3884,2041,1200,0,0.011635199
Warm B,550774,3391,3390,2041,1200,0,0.00921398
Warm B,537626,3311,3310,2041,1200,0,0.00038618885
Warm B,531559,3281,3280,2041,1200,1,0.009406909
Warm B,584926,3569,3568,2041,1200,0,0.006283611
Warm B,513292,3163,3162,2041,1200,1,0.0013951635
Warm B,606157,3681,3680,2041,1200,0,0.0042421864
Warm B,785520,4691,4690,2041,1200,1,0.0048260326
Warm B,506106,3112,3111,2041,1200,1,-0.00018319092
Warm B,597104,3628,3627,2041,1200,0,0.0039945687
Warm B,493656,3031,3030,2041,1200,1,0.009902754
Warm B,480623,2949,2948,2041,1200,0,-0.0012682572
Warm B,467580,2881,2880,2041,1200,0,0.0063842256
Warm B,445039,2744,2743,2041,1200,0,0.0051808935
Warm B,441559,2708,2707,2041,1200,1,0.0044802483
Warm B,433036,2640,2639,2041,1200,1,0.0063346815
Warm B,423963,2568,2567,2041,1200,0,-0.00061716465
Warm B,417759,2522,2521,2041,1200,0,0.0041682813
Warm B,411374,2469,2468,2041,1200,1,0.0044703083
Warm B,407092,2445,2444,2041,1200,0,0.0029753833
Warm B,396448,2344,2343,2041,1200,0,0.003454626
Warm B,388494,2273,2272,2041,1200,1,-0.0028723269
Warm B,310957,1851,1850,2041,1200,0,0.0002086953
Warm B,311419,1854,1853,2041,1200,1,0.0027651803
Warm B,291805,1737,1736,2041,1200,0,0.0073492965
Warm B,289097,1726,1725,2041,1200,0,0.009004118
Warm B,273564,1648,1647,2041,1200,0,0.00031568058
Warm B,270347,1635,1634,2041,1200,0,0.0125946505
Warm B,252307,1528,1527,2041,1200,1,0.0014917881
Warm B,346510,2030,2029,2041,1200,0,0.0055809673
Warm B,227409,1377,1376,2041,1200,0,0.005028981
Warm B,280225,1680,1679,2041,1200,1,0.0092342235
Warm B,309041,1837,1836,2041,1200,0,0.014535923
Warm B,196003,1204,1203,2041,1200,0,0.008263484
Warm B,298635,1772,1771,2041,1200,0,0.0046410062
Warm B,183425,1141,1140,2041,1200,0,0.011951515
Warm B,203394,1246,1245,2041,1200,1,0.002325472
Warm B,180557,1128,1127,2041,1200,0,-0.0021331934
Warm B,176344,1114,1113,2041,1200,0,0.009221063
Warm B,173917,1100,1099,2041,1200,0,0.0023389156
Warm B,165401,1053,1052,2041,1200,0,0.004003289
Warm B,166218,1058,1057,2041,1200,0,0.0027551842
Warm B,156125,1004,1003,2041,1200,0,0.016793927
Warm B,151101,971,970,2041,1200,1,0.005840919
Warm B,185975,1150,1149,2041,1200,0,0.0046524988
Warm B,245387,1482,1481,2041,1200,0,0.0031349922
Warm B,277272,1675,1674,2041,1200,0,0.0035056593
Warm B,134738,869,868,2041,1200,0,0.013975062
Warm B,147600,949,948,2041,1200,0,0.0051770825
Warm B,475866,2919,2918,2041,1200,0,0.008824015
Warm B,108862,712,711,2041,1200,0,0.0012637723
Warm B,267398,1624,1623,2041,1200,0,0.0019825746
Warm B,95651,639,638,2041,1200,0,0.004186293
Warm B,85382,556,555,2041,1200,1,0.007971898
Warm B,74491,508,507,2041,1200,0,-0.00019576028
Warm B,80490,533,532,2041,1200,0,0.012510829
Warm B,44879,302,301,2041,1200,0,0.011633275
Warm B,313069,1865,1864,2041,1200,0,0.0027652532
Warm B,178496,1120,1119,2041,1200,0,0.014342777
Warm B,32419,216,215,2041,1200,0,-0.0012368637
Warm B,29414,200,199,2041,1200,1,-0.0086261295
Warm B,25291,178,177,2041,1200,0,0.0045820507
Warm B,482140,2962,2961,2041,1200,0,0.007812537
Warm B,20995,151,150,2041,1200,1,0.0056799455
Warm B,8048,53,52,2041,1200,0,0.002824192
Warm B,63579,424,423,2041,1200,1,0.0064115357
Warm B,1189,10,9,2041,1200,0,0.00030817883
Warm B,19698,148,147,2041,1200,1,0.0035883589
Warm B,530369,3274,3273,2041,1200,0,0.010919381
Warm B,432977,2638,2637,2041,1200,0,-0.0016411226
Warm B,240721,1449,1448,2041,1200,0,0.0019144291
Warm B,893570,5394,5393,2041,1200,0,0.0021396896
Warm B,54679,355,354,2041,1200,0,0.004382845
Warm B,483337,2969,2968,2041,1200,0,0.0072787446
Warm B,273412,1647,1646,2041,1200,0,0.0076584714
Warm B,305236,1812,1811,2041,1200,0,0.0066523314
Warm B,419123,2529,2528,2041,1200,0,0.009157926
Warm B,256006,1560,1559,2041,1200,0,0.0017345143
Warm B,137068,881,880,2041,1200,0,0.0067438832
Warm B,934093,5636,5635,2041,1200,0,0.008387761
Warm B,484708,2985,2984,2041,1200,1,0.0055242516
Warm B,992792,5996,5995,2042,1201,1,0.00956578
Warm B,608486,3690,3689,2042,1201,0,0.0077236556
Warm B,603143,3669,3668,2042,1201,0,0.013630751
Warm B,592296,3610,3609,2042,1201,0,0.017090166
Warm B,590346,3600,3599,2042,1201,0,0.008923154
Warm B,568177,3486,3485,2042,1201,1,0.0063122143
Warm B,573748,3512,3511,2042,1201,1,0.016585588
Warm B,573067,3509,3508,2042,1201,0,0.008224232
Warm B,658618,3967,3966,2042,1201,0,-0.0020236324
Warm B,550775,3391,3390,2042,1201,0,0.014946316
Warm B,553109,3402,3401,2042,1201,1,0.0042337542
Warm B,547695,3378,3377,2042,1201,1,0.012607338
Warm B,541166,3328,3327,2042,1201,0,0.013719751
Warm B,537627,3311,3310,2042,1201,0,0.008183992
Warm B,536373,3308,3307,2042,1201,0,0.013880327
Warm B,530146,3272,3271,2042,1201,0,0.0097288815
Warm B,540185,3320,3319,2042,1201,0,0.007130431
Warm B,515817,3182,3181,2042,1201,0,0.0028315214
Warm B,509614,3138,3137,2042,1201,0,0.00891507
Warm B,505896,3111,3110,2042,1201,0,-0.00063185184
Warm B,575684,3519,3518,2042,1201,0,0.010238558
Warm B,494667,3032,3031,2042,1201,1,0.019166544
Warm B,493123,3029,3028,2042,1201,0,0.016356569
Warm B,492235,3026,3025,2042,1201,0,0.021191418
Warm B,488810,3007,3006,2042,1201,0,0.010766637
Warm B,518048,3196,3195,2042,1201,1,0.010946026
Warm B,470571,2896,2895,2042,1201,0,0.01046554
Warm B,460492,2840,2839,2042,1201,0,0.0032825058
Warm B,461720,2847,2846,2042,1201,0,0.018840745
Warm B,487287,2996,2995,2042,1201,0,0.008937582
Warm B,455046,2800,2799,2042,1201,1,0.0053521767
Warm B,451314,2777,2776,2042,1201,0,0.001152107
Warm B,430258,2621,2620,2042,1201,0,0.007335127
Warm B,427556,2595,2594,2042,1201,0,0.009015692
Warm B,420606,2541,2540,2042,1201,1,0.001246965
Warm B,414853,2496,2495,2042,1201,0,0.0053995335
Warm B,390282,2288,2287,2042,1201,0,0.0040515084
Warm B,387427,2264,2263,2042,1201,0,0.009108853
Warm B,379659,2220,2219,2042,1201,0,0.011843482
Warm B,370609,2166,2165,2042,1201,0,0.008919532
Warm B,375793,2188,2187,2042,1201,0,0.016152605
Warm B,382561,2235,2234,2042,1201,1,0.006339098
Warm B,356108,2085,2084,2042,1201,1,0.009863364
Warm B,362039,2109,2108,2042,1201,0,0.009226817
Warm B,348679,2043,2042,2042,1201,0,0.012220126
Warm B,339817,2003,2002,2042,1201,1,0.012467581
Warm B,341058,2010,2009,2042,1201,0,0.0111895
Warm B,312573,1861,1860,2042,1201,0,0.0010624607
Warm B,297829,1764,1763,2042,1201,1,0.0055863755
Warm B,324136,1920,1919,2042,1201,1,0.0070451326
Warm B,264805,1609,1608,2042,1201,0,0.02231111
Warm B,309410,1841,1840,2042,1201,0,0.0064995196
Warm B,236539,1434,1433,2042,1201,0,0.005177876
Warm B,224409,1356,1355,2042,1201,0,0.0068874625
Warm B,227410,1377,1376,2042,1201,0,0.008233087
Warm B,213174,1297,1296,2042,1201,0,0.007088868
Warm B,278134,1676,1675,2042,1201,0,0.009567868
Warm B,280227,1680,1679,2042,1201,0,0.0033941972
Warm B,192517,1184,1183,2042,1201,0,0.005451341
Warm B,332047,1958,1957,2042,1201,0,0.022919558
Warm B,244305,1470,1469,2042,1201,0,0.010771669
Warm B,198723,1220,1219,2042,1201,0,0.008704659
Warm B,328949,1941,1940,2042,1201,0,0.009489598
Warm B,272468,1645,1644,2042,1201,1,0.012819
Warm B,255704,1556,1555,2042,1201,0,0.014025164
Warm B,342948,2015,2014,2042,1201,0,0.008204415
Warm B,165532,1054,1053,2042,1201,1,0.0021921187
Warm B,153414,984,983,2042,1201,0,0.017111378
Warm B,246574,1489,1488,2042,1201,0,0.0073576733
Warm B,145650,936,935,2042,1201,1,0.003022259
Warm B,143477,925,924,2042,1201,0,0.006155333
Warm B,157394,1010,1009,2042,1201,0,0.011476178
Warm B,137070,881,880,2042,1201,0,0.015113248
Warm B,249114,1501,1500,2042,1201,1,0.017602734
Warm B,332948,1962,1961,2042,1201,0,0.010874124
Warm B,263815,1605,1604,2042,1201,0,0.0052682124
Warm B,126803,817,816,2042,1201,1,0.014174548
Warm B,361233,2106,2105,2042,1201,0,0.017282587
Warm B,240723,1449,1448,2042,1201,0,0.010670484
Warm B,178497,1120,1119,2042,1201,0,0.0026462432
Warm B,139301,890,889,2042,1201,0,0.0028719367
Warm B,119656,770,769,2042,1201,0,0.008807477
Warm B,216547,1314,1313,2042,1201,0,-0.0032440745
Warm B,106427,699,698,2042,1201,0,0.017847063
Warm B,179908,1125,1124,2042,1201,0,0.006795692
Warm B,101588,676,675,2042,1201,0,0.0038216966
Warm B,99181,660,659,2042,1201,0,-0.0013628462
Warm B,299908,1778,1777,2042,1201,0,0.014578556
Warm B,109524,714,713,2042,1201,0,0.002867215
Warm B,93925,629,628,2042,1201,0,0.003489194
Warm B,76235,517,516,2042,1201,0,-0.0012815772
Warm B,82035,543,542,2042,1201,0,0.008464116
Warm B,69277,463,462,2042,1201,0,-0.0012406928
Warm B,87145,569,568,2042,1201,0,0.004177155
Warm B,65667,438,437,2042,1201,0,0.007018309
Warm B,63582,424,423,2042,1201,0,0.021280328
Warm B,75210,509,508,2042,1201,0,0.011168048
Warm B,56177,373,372,2042,1201,0,0.006535544
Warm B,44881,302,301,2042,1201,0,0.011703679
Warm B,58279,392,391,2042,1201,0,0.014721656
Warm B,363547,2116,2115,2042,1201,1,0.009431083
Warm B,40811,273,272,2042,1201,0,0.010261084
Warm B,32422,216,215,2042,1201,1,-0.0035049308
Warm B,273413,1647,1646,2042,1201,0,0.014325946
Warm B,54680,355,354,2042,1201,0,0.007247924
Warm B,235380,1425,1424,2042,1201,0,0.014825308
Warm B,7103,48,47,2042,1201,0,0.009923148
Warm B,3764,26,25,2042,1201,0,0.0015447792
Warm B,2240,18,17,2042,1201,0,4.9281865e-05
Warm B,79854,531,530,2042,1201,0,0.010997693
Warm B,19700,148,147,2042,1201,0,0.0040713586
Warm B,78763,528,527,2042,1201,0,0.014991334
Warm B,355286,2077,2076,2042,1201,0,0.01138977
Warm B,552774,3401,3400,2042,1201,0,0.013369555
Warm B,238441,1447,1446,2042,1201,0,0.017078223
Warm B,326269,1930,1929,2042,1201,0,0.012485102
Warm B,334142,1969,1968,2042,1201,0,0.009991672
Warm B,682884,4085,4084,2042,1201,0,0.011245015
Warm B,883570,5333,5332,2042,1201,0,0.0061751106
Warm B,376512,2195,2194,2042,1201,0,0.006322777
Warm B,172246,1088,1087,2042,1201,0,0.017601663
Warm B,102785,678,677,2042,1201,0,0.0047517805
Warm B,329692,1943,1942,2042,1201,0,0.0082030855
Warm B,335265,1978,1977,2042,1201,0,0.0083443
Warm B,489853,3013,3012,2042,1201,0,-0.0055442313
Warm B,352537,2063,2062,2042,1201,0,0.015145987
Warm B,134740,869,868,2042,1201,0,0.007285825
Warm B,116964,753,752,2042,1201,1,0.001465424
Warm B,258065,1579,1578,2042,1201,1,0.0141861895
Warm B,941870,5682,5681,2042,1201,0,0.007913467
Warm B,295823,1755,1754,2042,1201,0,0.009111082
Warm B,714314,4277,4276,2042,1201,0,0.0014296733
Warm B,467188,2878,2877,2042,1201,0,0.0029777545
Warm B,628928,3807,3806,2043,1202,1,0.004524099
Warm B,638780,3841,3840,2043,1202,1,0.0129917795
Warm B,617511,3737,3736,2043,1202,1,0.010638758
Warm B,615895,3727,3726,2043,1202,0,0.007928941
Warm B,726867,4345,4344,2043,1202,0,0.009329774
Warm B,590507,3601,3600,2043,1202,1,0.016903937
Warm B,585957,3576,3575,2043,1202,0,0.01181891
Warm B,556462,3419,3418,2043,1202,1,0.006495841
Warm B,556343,3418,3417,2043,1202,0,0.00850721
Warm B,533777,3292,3291,2043,1202,0,0.012634832
Warm B,526948,3259,3258,2043,1202,1,0.010300517
Warm B,518993,3201,3200,2043,1202,0,0.0067167804
Warm B,769195,4579,4578,2043,1202,1,0.0023143492
Warm B,571321,3503,3502,2043,1202,0,0.008354919
Warm B,797897,4784,4783,2043,1202,1,0.011991986
Warm B,479426,2941,2940,2043,1202,0,0.011527963
Warm B,697948,4169,4168,2043,1202,1,0.0077661183
Warm B,472172,2906,2905,2043,1202,0,0.004659844
Warm B,714316,4277,4276,2043,1202,1,0.016304944
Warm B,474289,2909,2908,2043,1202,0,0.011901297
Warm B,469605,2892,2891,2043,1202,1,0.009228648
Warm B,455508,2804,2803,2043,1202,1,-0.0012755168
Warm B,449194,2769,2768,2043,1202,0,0.0070861634
Warm B,448200,2761,2760,2043,1202,1,0.015075403
Warm B,427918,2599,2598,2043,1202,0,0.0029511992
Warm B,419126,2529,2528,2043,1202,1,0.009630814
Warm B,427167,2592,2591,2043,1202,0,-0.0038468135
Warm B,414185,2492,2491,2043,1202,0,0.00643334
Warm B,408835,2454,2453,2043,1202,0,0.0043083075
Warm B,393024,2308,2307,2043,1202,1,-0.0009976524
Warm B,383861,2242,2241,2043,1202,1,0.014863773
Warm B,377549,2203,2202,2043,1202,1,0.011933571
Warm B,376121,2192,2191,2043,1202,0,0.0061029703
Warm B,362260,2110,2109,2043,1202,0,0.010093343
Warm B,353053,2067,2066,2043,1202,0,0.008438675
Warm B,357824,2092,2091,2043,1202,0,0.007941505
Warm B,336550,1980,1979,2043,1202,1,0.021543546
Warm B,318523,1891,1890,2043,1202,0,0.010554099
Warm B,297120,1761,1760,2043,1202,0,-0.0008745004
Warm B,296255,1757,1756,2043,1202,1,0.0073514413
Warm B,289099,1726,1725,2043,1202,0,0.003677446
Warm B,270350,1635,1634,2043,1202,1,0.022526536
Warm B,345580,2026,2025,2043,1202,0,0.003957672
Warm B,259210,1586,1585,2043,1202,1,0.011777272
Warm B,361234,2106,2105,2043,1202,0,-0.0014717451
Warm B,230253,1392,1391,2043,1202,0,0.011028203
Warm B,324138,1920,1919,2043,1202,1,0.016984094
Warm B,216138,1311,1310,2043,1202,0,0.01593666
Warm B,217475,1317,1316,2043,1202,1,0.011184093
Warm B,278137,1676,1675,2043,1202,0,-0.0006174118
Warm B,213788,1298,1297,2043,1202,0,0.008813921
Warm B,280230,1680,1679,2043,1202,1,0.013102719
Warm B,293351,1746,1745,2043,1202,1,0.003344134
Warm B,220161,1333,1332,2043,1202,0,0.003967235
Warm B,192519,1184,1183,2043,1202,0,0.004577502
Warm B,328952,1941,1940,2043,1202,0,0.017318085
Warm B,181524,1134,1133,2043,1202,0,0.0014675074
Warm B,249116,1501,1500,2043,1202,1,0.0037492332
Warm B,168163,1068,1067,2043,1202,1,3.453344e-06
Warm B,168939,1071,1070,2043,1202,1,0.006311776
Warm B,162433,1034,1033,2043,1202,1,0.008890869
Warm B,199732,1224,1223,2043,1202,1,0.013467345
Warm B,141258,910,909,2043,1202,0,0.004198415
Warm B,277275,1675,1674,2043,1202,1,0.012984259
Warm B,141779,911,910,2043,1202,0,0.019053552
Warm B,176454,1115,1114,2043,1202,0,0.0111074895
Warm B,123649,796,795,2043,1202,1,0.016462136
Warm B,475868,2919,2918,2043,1202,1,0.004160233
Warm B,118170,764,763,2043,1202,1,0.007961584
Warm B,112797,731,730,2043,1202,0,0.005572752
Warm B,178499,1120,1119,2043,1202,1,0.006065027
Warm B,94501,634,633,2043,1202,0,-0.0004505522
Warm B,85894,560,559,2043,1202,0,0.0042306473
Warm B,85384,556,555,2043,1202,0,0.0072475793
Warm B,65020,436,435,2043,1202,0,-0.00049476465
Warm B,57504,389,388,2043,1202,0,0.0053819376
Warm B,39132,264,263,2043,1202,0,0.007994363
Warm B,36837,245,244,2043,1202,0,0.012492392
Warm B,14740,117,116,2043,1202,1,0.009570686
Warm B,12771,97,96,2043,1202,1,0.015847452
Warm B,592299,3610,3609,2043,1202,0,0.0036980945
Warm B,8052,53,52,2043,1202,0,-0.00408988
Warm B,1193,10,9,2043,1202,1,0.017723696
Warm B,234480,1422,1421,2043,1202,0,0.009049399
Warm B,95654,639,638,2043,1202,1,0.009795506
Warm B,40142,271,270,2043,1202,1,0.00047579152
Warm B,386260,2258,2257,2043,1202,1,0.0044181203
Warm B,235381,1425,1424,2043,1202,0,0.008405152
Warm B,12194,92,91,2043,1202,1,0.011553608
Warm B,830038,4983,4982,2043,1202,0,0.008880561
Warm B,6148,44,43,2043,1202,0,0.003549071
Warm B,588257,3589,3588,2043,1202,0,0.015942488
Warm B,700136,4186,4185,2043,1202,0,0.016189665
Warm B,821780,4940,4939,2043,1202,1,0.009251521
Warm B,410588,2462,2461,2043,1202,0,0.008793451
Warm B,710044,4258,4257,2043,1202,0,0.012040474
Warm B,272470,1645,1644,2043,1202,1,0.0016306955
Warm B,825877,4958,4957,2043,1202,0,0.01790461
Warm B,450065,2774,2773,2048,1204,0,0.008370041
Warm B,422008,2552,2551,2048,1204,0,0.000733386
Warm B,410592,2462,2461,2048,1204,0,0.007876832
Warm B,419131,2529,2528,2048,1204,1,0.0023251155
Warm B,385804,2255,2254,2048,1204,1,0.0017445092
Warm B,380567,2223,2222,2048,1204,0,0.010433162
Warm B,383865,2242,2241,2048,1204,1,-0.0018695157
Warm B,374579,2181,2180,2048,1204,1,0.009418512
Warm B,359048,2100,2099,2048,1204,0,0.004010983
Warm B,341919,2012,2011,2048,1204,0,0.002630343
Warm B,339818,2003,2002,2048,1204,1,0.0020065038
Warm B,334148,1969,1968,2048,1204,0,0.011186734
Warm B,327084,1938,1937,2048,1204,1,-0.0011884775
Warm B,313643,1871,1870,2048,1204,0,0.0068988204
Warm B,291032,1736,1735,2048,1204,0,0.00519735
Warm B,278144,1676,1675,2048,1204,1,0.006711865
Warm B,266208,1613,1612,2048,1204,1,0.0044815727
Warm B,346520,2030,2029,2048,1204,1,-0.0038116383
Warm B,247421,1495,1494,2048,1204,0,0.0039158743
Warm B,218740,1325,1324,2048,1204,0,-0.002271518
Warm B,216293,1312,1311,2048,1204,0,0.010696903
Warm B,214027,1299,1298,2048,1204,1,-0.007486043
Warm B,280239,1680,1679,2048,1204,1,0.0064516836
Warm B,293356,1746,1745,2048,1204,1,0.006291819
Warm B,328960,1941,1940,2048,1204,0,0.0032584155
Warm B,178507,1120,1119,2048,1204,1,0.007909046
Warm B,173920,1100,1099,2048,1204,0,0.0034470966
Warm B,175890,1112,1111,2048,1204,1,0.009592861
Warm B,168165,1068,1067,2048,1204,0,0.011207033
Warm B,165865,1057,1056,2048,1204,0,0.0030333726
Warm B,156128,1004,1003,2048,1204,0,0.004947315
Warm B,147233,948,947,2048,1204,1,0.00068812864
Warm B,277280,1675,1674,2048,1204,0,0.006549216
Warm B,134745,869,868,2048,1204,1,0.005209928
Warm B,263821,1605,1604,2048,1204,0,0.0038058823
Warm B,124371,800,799,2048,1204,1,0.009708766
Warm B,121410,780,779,2048,1204,1,-0.000637833
Warm B,216550,1314,1313,2048,1204,0,0.0021226928
Warm B,272473,1645,1644,2048,1204,1,0.0074991467
Warm B,99386,662,661,2048,1204,1,0.014717295
Warm B,329699,1943,1942,2048,1204,1,0.018610856
Warm B,109529,714,713,2048,1204,1,0.0071287714
Warm B,235388,1425,1424,2048,1204,0,0.0100277485
Warm B,162435,1034,1033,2048,1204,1,-0.0036826334
Warm B,177347,1117,1116,2048,1204,1,0.0021436615
Warm B,120687,777,776,2048,1204,0,0.0066592307
Warm B,86313,563,562,2048,1204,0,0.00300122
Warm B,85387,556,555,2048,1204,0,0.0030101445
Warm B,191688,1181,1180,2048,1204,0,0.0022642114
Warm B,83716,549,548,2048,1204,0,-0.0027957314
Warm B,80829,536,535,2048,1204,1,0.01207957
Warm B,42028,284,283,2048,1204,1,0.0054402943
Warm B,86922,566,565,2048,1204,0,0.0046187006
Warm B,15077,119,118,2048,1204,0,0.0009054118
Warm B,207262,1266,1265,2048,1204,1,0.0033477205
Warm B,79859,531,530,2048,1204,1,-0.00322241
Warm B,19705,148,147,2048,1204,1,-0.004566177
Warm B,65674,438,437,2048,1204,0,0.008379903
Warm B,222819,1348,1347,2048,1204,1,0.0072870175
Warm B,12197,92,91,2048,1204,0,0.007149432
Warm B,102793,678,677,2048,1204,1,0.0071875625
Warm B,376514,2195,2194,2048,1204,0,0.013235184
Warm B,172255,1088,1087,2048,1204,1,0.016440177
Warm B,344989,2023,2022,2048,1204,0,0.010799072
Warm B,734836,4387,4386,2048,1204,0,-0.0019709794
Warm B,609811,3695,3694,2048,1204,1,0.0034539737
Warm B,371908,2172,2171,2048,1204,1,0.0054372195
Warm B,63593,424,423,2048,1204,1,0.0021994538
Warm B,849508,5100,5099,2048,1204,1,0.005090767
Warm B,753609,4489,4488,2048,1204,0,0.008974012
Warm B,825880,4958,4957,2048,1204,0,0.008428812
Warm B,372388,2175,2174,2050,1205,0,0.0017372778
Warm B,436025,2665,2664,2050,1205,0,-0.0049309526
Warm B,345946,2030,2029,2050,1205,0,-0.0070638442
Warm B,231503,1404,1403,2050,1205,0,-0.006012544
Warm B,220756,1339,1338,2050,1205,0,-0.0071254955
Warm B,223956,1356,1355,2050,1205,0,-0.0007549188
Warm B,278406,1680,1679,2050,1205,1,-0.003639755
Warm B,269573,1635,1634,2050,1205,0,-0.0030443338
Warm B,327377,1941,1940,2050,1205,0,-0.0035619196
Warm B,248581,1501,1500,2050,1205,1,0.0030944252
Warm B,271955,1645,1644,2050,1205,1,-0.00020602031
Warm B,331204,1958,1957,2050,1205,0,-0.002313837
Warm B,152649,983,982,2050,1205,1,-0.0009638689
Warm B,184693,1150,1149,2050,1205,0,-0.006500626
Warm B,156402,1010,1009,2050,1205,0,-0.007373267
Warm B,131559,853,852,2050,1205,1,-0.0031873907
Warm B,127168,822,821,2050,1205,0,-0.00041825412
Warm B,126411,817,816,2050,1205,1,-0.007847612
Warm B,123742,798,797,2050,1205,1,0.0038139045
Warm B,120905,780,779,2050,1205,0,-0.0010348725
Warm B,177779,1120,1119,2050,1205,0,0.0061199195
Warm B,351231,2063,2062,2050,1205,0,-0.010159625
Warm B,120190,777,776,2050,1205,0,-0.0007922468
Warm B,88176,582,581,2050,1205,0,-0.0069096717
Warm B,85157,556,555,2050,1205,0,0.00080583757
Warm B,82573,549,548,2050,1205,0,0.0023370641
Warm B,73022,494,493,2050,1205,1,0.0016758328
Warm B,70326,475,474,2050,1205,0,0.002660782
Warm B,71661,482,481,2050,1205,0,0.0031129252
Warm B,25179,178,177,2050,1205,0,0.0013190403
Warm B,6518,48,47,2050,1205,0,-0.0058775092
Warm B,233765,1422,1421,2050,1205,0,-0.00091319345
Warm B,530175,3274,3273,2050,1205,0,-0.0075326543
Warm B,354612,2077,2076,2050,1205,0,-0.0023980862
Warm B,325954,1930,1929,2050,1205,0,-0.0040124105
Warm B,695647,4169,4168,2050,1205,0,-0.0047751726
Warm B,828460,4979,4978,2050,1205,0,-0.0011925901
Warm B,101799,678,677,2050,1205,0,0.0017352158
Warm B,632778,3824,3823,2050,1205,0,-0.01191043
Warm B,133908,869,868,2050,1205,0,-0.0062345015
Warm B,699500,4186,4185,2050,1205,0,-0.0048749344
Warm B,587576,3589,3588,2050,1205,0,-0.0010336007
Warm B,193342,1194,1193,2050,1205,0,-0.00928203
Warm B,515201,3182,3181,2050,1205,1,-0.0039984286
Warm B,301122,1790,1789,2051,1206,0,0.009913838
Warm B,273421,1648,1647,2051,1206,0,0.007912092
Warm B,286167,1709,1708,2051,1206,1,0.0023848978
Warm B,259215,1587,1586,2051,1206,0,0.014676165
Warm B,345947,2030,2029,2051,1206,0,0.0062943036
Warm B,229090,1389,1388,2051,1206,0,0.01282742
Warm B,269575,1635,1634,2051,1206,0,0.011528501
Warm B,219617,1333,1332,2051,1206,0,0.016123412
Warm B,278408,1680,1679,2051,1206,1,0.009348644
Warm B,327379,1941,1940,2051,1206,0,0.019318601
Warm B,173417,1100,1099,2051,1206,0,0.00035416312
Warm B,248582,1501,1500,2051,1206,0,0.012974375
Warm B,167573,1068,1067,2051,1206,0,0.016819097
Warm B,271956,1645,1644,2051,1206,1,0.0046584005
Warm B,162104,1034,1033,2051,1206,0,0.0093157105
Warm B,270659,1639,1638,2051,1206,0,0.013643367
Warm B,216685,1317,1316,2051,1206,0,0.01311834
Warm B,131560,853,852,2051,1206,1,0.008235165
Warm B,120906,780,779,2051,1206,0,0.014621821
Warm B,177780,1120,1119,2051,1206,0,0.0025906705
Warm B,96822,651,650,2051,1206,1,0.014649826
Warm B,351232,2063,2062,2051,1206,0,0.017177254
Warm B,304552,1812,1811,2051,1206,0,0.019231047
Warm B,233766,1422,1421,2051,1206,0,0.0058756145
Warm B,129830,840,839,2051,1206,1,0.014303554
Warm B,73023,494,493,2051,1206,1,0.0037409444
Warm B,71662,482,481,2051,1206,0,0.016219381
Warm B,41566,284,283,2051,1206,0,0.013847664
Warm B,31644,216,215,2051,1206,0,0.00740646
Warm B,331205,1958,1957,2051,1206,0,0.01631246
Warm B,238460,1448,1447,2051,1206,0,0.009335656
Warm B,95258,639,638,2051,1206,0,0.01940911
Warm B,354613,2077,2076,2051,1206,0,0.0094417175
Warm B,892726,5394,5393,2051,1206,0,0.009659937
Warm B,828461,4979,4978,2051,1206,0,0.019412111
Warm B,272540,1647,1646,2051,1206,0,0.020004751
Warm B,101800,678,677,2051,1206,0,0.018131394
Warm B,632779,3824,3823,2051,1206,0,0.012508667
Warm B,958711,5787,5786,2051,1206,0,0.004724126
Warm B,311178,1854,1853,2051,1206,0,0.0034007784
Warm B,193343,1194,1193,2051,1206,0,0.017336939
Warm B,562001,3458,3457,2052,1207,1,0.008343005
Warm B,573348,3512,3511,2052,1207,0,0.018519271
Warm B,550789,3392,3391,2052,1207,0,0.0055378075
Warm B,549581,3391,3390,2052,1207,0,0.009791383
Warm B,547468,3378,3377,2052,1207,0,0.012988682
Warm B,540895,3328,3327,2052,1207,0,0.007833908
Warm B,535674,3308,3307,2052,1207,1,0.02039222
Warm B,532857,3292,3291,2052,1207,1,0.01638546
Warm B,529322,3272,3271,2052,1207,1,0.021323077
Warm B,561402,3454,3453,2052,1207,0,0.01255233
Warm B,505774,3111,3110,2052,1207,0,0.0064631975
Warm B,500561,3075,3074,2052,1207,0,0.01242138
Warm B,497511,3055,3054,2052,1207,1,0.011729094
Warm B,493669,3032,3031,2052,1207,1,0.016677046
Warm B,658982,3971,3970,2052,1207,0,0.017703846
Warm B,491881,3026,3025,2052,1207,0,0.005150675
Warm B,489071,3012,3011,2052,1207,0,0.023640294
Warm B,487517,2999,2998,2052,1207,0,0.0045151105
Warm B,517750,3196,3195,2052,1207,0,0.009117686
Warm B,477767,2934,2933,2052,1207,1,0.013611797
Warm B,472178,2907,2906,2052,1207,1,0.015507173
Warm B,869889,5256,5255,2052,1207,0,0.01936116
Warm B,467875,2885,2884,2052,1207,0,0.011799272
Warm B,466506,2878,2877,2052,1207,1,0.016268272
Warm B,492377,3029,3028,2052,1207,0,0.015156802
Warm B,447724,2761,2760,2052,1207,0,0.015949924
Warm B,420353,2541,2540,2052,1207,1,0.0059519988
Warm B,419513,2537,2536,2052,1207,0,0.01533268
Warm B,419217,2533,2532,2052,1207,1,0.0044095106
Warm B,418327,2529,2528,2052,1207,1,0.017499361
Warm B,385631,2255,2254,2052,1207,0,0.008886441
Warm B,382193,2233,2232,2052,1207,0,0.009344508
Warm B,375396,2188,2187,2052,1207,0,0.010270791
Warm B,377017,2203,2202,2052,1207,1,0.013082839
Warm B,373677,2181,2180,2052,1207,0,0.020431403
Warm B,366522,2136,2135,2052,1207,1,0.007867194
Warm B,362593,2116,2115,2052,1207,1,0.012566673
Warm B,355842,2085,2084,2052,1207,0,0.017108832
Warm B,361302,2109,2108,2052,1207,1,0.017972635
Warm B,347166,2038,2037,2052,1207,0,0.0015965037
Warm B,341316,2012,2011,2052,1207,0,0.011331099
Warm B,339758,2003,2002,2052,1207,0,0.005411762
Warm B,340334,2010,2009,2052,1207,0,0.009516224
Warm B,333634,1969,1968,2052,1207,1,0.012505331
Warm B,294621,1750,1749,2052,1207,0,0.005036889
Warm B,299371,1778,1777,2052,1207,0,0.01853983
Warm B,287337,1716,1715,2052,1207,0,0.008027036
Warm B,280633,1685,1684,2052,1207,0,0.009669089
Warm B,360349,2106,2105,2052,1207,0,0.004171615
Warm B,247242,1495,1494,2052,1207,0,0.006576621
Warm B,335308,1980,1979,2052,1207,0,0.027409572
Warm B,277286,1676,1675,2052,1207,0,0.013027852
Warm B,213183,1298,1297,2052,1207,1,0.018115094
Warm B,278411,1680,1679,2052,1207,1,0.020152098
Warm B,236265,1434,1433,2052,1207,1,0.0025500553
Warm B,209289,1279,1278,2052,1207,0,0.010318853
Warm B,327382,1941,1940,2052,1207,1,0.016167693
Warm B,177781,1120,1119,2052,1207,1,0.021453805
Warm B,173418,1100,1099,2052,1207,0,0.0015038545
Warm B,172758,1096,1095,2052,1207,0,0.008352457
Warm B,163579,1050,1049,2052,1207,0,0.024079338
Warm B,271958,1645,1644,2052,1207,1,0.012437295
Warm B,189203,1173,1172,2052,1207,0,0.013387768
Warm B,227507,1380,1379,2052,1207,0,0.019129774
Warm B,167575,1068,1067,2052,1207,0,0.016283525
Warm B,149311,961,960,2052,1207,0,0.010279473
Warm B,146727,948,947,2052,1207,1,0.012553942
Warm B,137573,889,888,2052,1207,0,0.025713813
Warm B,127169,822,821,2052,1207,1,0.016510036
Warm B,126412,817,816,2052,1207,0,0.005592034
Warm B,124108,800,799,2052,1207,1,0.017542671
Warm B,116751,753,752,2052,1207,1,0.008201846
Warm B,120192,777,776,2052,1207,0,0.014459628
Warm B,112166,731,730,2052,1207,1,0.021791216
Warm B,105761,699,698,2052,1207,0,0.005858787
Warm B,109111,714,713,2052,1207,1,0.013559896
Warm B,96302,647,646,2052,1207,0,0.0068324516
Warm B,94436,634,633,2052,1207,0,-0.00053257507
Warm B,93694,629,628,2052,1207,0,0.006417255
Warm B,234618,1425,1424,2052,1207,1,0.020686708
Warm B,85158,556,555,2052,1207,0,0.010639213
Warm B,83726,550,549,2052,1207,0,0.022646703
Warm B,118910,770,769,2052,1207,0,0.01453789
Warm B,73024,494,493,2052,1207,1,0.0046179765
Warm B,79913,533,532,2052,1207,0,0.025379717
Warm B,87022,569,568,2052,1207,0,0.0124055855
Warm B,59292,403,402,2052,1207,0,0.014782297
Warm B,227869,1383,1382,2052,1207,0,0.017229099
Warm B,53321,352,351,2052,1207,0,0.015728481
Warm B,132178,855,854,2052,1207,0,0.0190859
Warm B,110489,721,720,2052,1207,0,0.018684974
Warm B,46342,310,309,2052,1207,1,0.015911127
Warm B,44112,302,301,2052,1207,0,0.010443642
Warm B,36095,245,244,2052,1207,0,0.01675568
Warm B,31645,216,215,2052,1207,0,0.009978436
Warm B,336790,1983,1982,2052,1207,1,0.024696313
Warm B,32790,223,222,2052,1207,0,0.017527573
Warm B,14974,119,118,2052,1207,0,0.008905711
Warm B,10414,75,74,2052,1207,1,0.006680509
Warm B,49026,329,328,2052,1207,0,0.016051512
Warm B,6164,45,44,2052,1207,0,0.015490459
Warm B,1949,18,17,2052,1207,0,0.011218348
Warm B,142116,918,917,2052,1207,1,0.016140845
Warm B,233767,1422,1421,2052,1207,0,0.012873637
Warm B,73770,500,499,2052,1207,1,-0.00033164362
Warm B,157590,1015,1014,2052,1207,0,0.029210813
Warm B,39839,271,270,2052,1207,1,0.014729619
Warm B,385909,2258,2257,2052,1207,1,0.009565119
Warm B,859971,5172,5171,2052,1207,1,0.014198236
Warm B,101803,678,677,2052,1207,1,0.015216541
Warm B,312121,1861,1860,2052,1207,0,0.017172316
Warm B,78999,531,530,2052,1207,0,0.016613893
Warm B,598961,3648,3647,2052,1207,0,0.018026335
Warm B,907530,5492,5491,2052,1207,0,0.013947189
Warm B,562318,3462,3461,2052,1207,0,0.009266535
Warm B,62385,424,423,2052,1207,0,0.020816019
Warm B,171091,1088,1087,2052,1207,0,0.02365292
Warm B,354615,2077,2076,2052,1207,0,0.008545179
Warm B,966438,5831,5830,2052,1207,0,0.031188563
Warm B,661763,3992,3991,2052,1207,0,0.010496605
Warm B,785730,4697,4696,2052,1207,1,0.011434458
Warm B,682066,4085,4084,2052,1207,1,0.015563009
Warm B,974166,5878,5877,2052,1207,0,0.017215058
Warm B,215956,1311,1310,2057,1210,0,0.009562802
Warm B,277291,1676,1675,2057,1210,1,0.013722237
Warm B,304562,1812,1811,2057,1210,0,0.014624185
Warm B,327396,1941,1940,2057,1210,1,0.014839314
Warm B,248587,1501,1500,2057,1210,1,0.013540178
Warm B,190197,1181,1180,2057,1210,0,0.02140781
Warm B,162111,1034,1033,2057,1210,1,0.011452646
Warm B,342068,2015,2014,2057,1210,0,0.008807347
Warm B,150885,971,970,2057,1210,1,0.0074402066
Warm B,324233,1922,1921,2057,1210,1,0.0040579354
Warm B,712590,4277,4276,2057,1210,1,0.00943725
Warm B,262868,1605,1604,2057,1210,0,0.0025073104
Warm B,130411,846,845,2057,1210,1,0.00075749354
Warm B,177791,1120,1119,2057,1210,0,0.015916843
Warm B,94774,637,636,2057,1210,1,0.00796651
Warm B,93697,629,628,2057,1210,1,-0.00644233
Warm B,85160,556,555,2057,1210,0,-0.001016426
Warm B,73214,495,494,2057,1210,0,-0.0008301907
Warm B,54888,360,359,2057,1210,1,0.0018445177
Warm B,39717,270,269,2057,1210,1,0.0020289314
Warm B,10417,75,74,2057,1210,1,0.017438503
Warm B,8274,58,57,2057,1210,1,0.010456863
Warm B,233778,1422,1421,2057,1210,0,0.014574961
Warm B,95267,639,638,2057,1210,0,0.0092885755
Warm B,385913,2258,2257,2057,1210,0,0.0060085594
Warm B,141101,910,909,2057,1210,0,0.0049516344
Warm B,632795,3824,3823,2057,1210,1,0.0066548684
Warm B,829900,4983,4982,2057,1210,1,0.0033613357
Warm B,892731,5394,5393,2057,1210,0,0.017975502
Warm B,546612,3371,3370,2057,1210,0,0.0072006183
Warm B,658985,3971,3970,2057,1210,1,0.013350109
Warm B,568886,3491,3490,2060,1213,0,0.014866243
Warm B,562924,3464,3463,2060,1213,0,0.008442298
Warm B,555586,3416,3415,2060,1213,0,0.011433851
Warm B,536737,3311,3310,2060,1213,1,0.005093741
Warm B,530746,3280,3279,2060,1213,0,0.012977993
Warm B,524772,3240,3239,2060,1213,0,0.0022112904
Warm B,514700,3180,3179,2060,1213,0,-0.009686055
Warm B,512481,3163,3162,2060,1213,1,0.007877257
Warm B,505780,3111,3110,2060,1213,1,0.005940407
Warm B,493176,3031,3030,2060,1213,1,0.006232414
Warm B,496329,3051,3050,2060,1213,0,0.002760229
Warm B,489863,3014,3013,2060,1213,0,0.0057631624
Warm B,517761,3196,3195,2060,1213,1,0.010012434
Warm B,470817,2899,2898,2060,1213,0,0.0048511582
Warm B,564077,3471,3470,2060,1213,0,0.015383378
Warm B,486839,2996,2995,2060,1213,0,0.0016002548
Warm B,450473,2777,2776,2060,1213,0,0.00772377
Warm B,429957,2621,2620,2060,1213,1,-0.0021663182
Warm B,404323,2419,2418,2060,1213,0,0.00068995636
Warm B,436051,2665,2664,2060,1213,0,0.007310358
Warm B,393929,2321,2320,2060,1213,1,-0.0015114136
Warm B,370405,2166,2165,2060,1213,1,0.015331114
Warm B,382425,2235,2234,2060,1213,1,0.0036450713
Warm B,367812,2148,2147,2060,1213,1,-0.008559533
Warm B,367176,2143,2142,2060,1213,0,0.0077630966
Warm B,355855,2085,2084,2060,1213,1,0.011832781
Warm B,351261,2063,2062,2060,1213,0,0.00770614
Warm B,348827,2047,2046,2060,1213,0,0.00012697908
Warm B,340355,2010,2009,2060,1213,0,0.012469204
Warm B,290845,1736,1735,2060,1213,0,0.0012412309
Warm B,301134,1790,1789,2060,1213,1,0.004331363
Warm B,285729,1704,1703,2060,1213,1,0.006650802
Warm B,297242,1764,1763,2060,1213,1,0.003543091
Warm B,281099,1687,1686,2060,1213,0,0.010361155
Warm B,282478,1694,1693,2060,1213,0,0.001606623
Warm B,265439,1613,1612,2060,1213,0,0.008709172
Warm B,309200,1841,1840,2060,1213,0,0.0053067086
Warm B,247445,1496,1495,2060,1213,0,0.0053266934
Warm B,223975,1356,1355,2060,1213,0,0.0021930672
Warm B,226909,1377,1376,2060,1213,0,0.013898875
Warm B,262059,1600,1599,2060,1213,0,0.002348089
Warm B,296703,1759,1758,2060,1213,1,0.02238987
Warm B,214034,1300,1299,2060,1213,1,0.0058408426
Warm B,209702,1281,1280,2060,1213,0,0.00797536
Warm B,277315,1676,1675,2060,1213,0,0.0023287851
Warm B,204860,1261,1260,2060,1213,1,0.008452607
Warm B,261516,1599,1598,2060,1213,0,0.004229282
Warm B,278454,1680,1679,2060,1213,1,0.014565884
Warm B,182985,1141,1140,2060,1213,0,0.0021624262
Warm B,178960,1124,1123,2060,1213,0,0.010710874
Warm B,243627,1470,1469,2060,1213,0,0.015424788
Warm B,173431,1100,1099,2060,1213,0,-0.0011901062
Warm B,163598,1050,1049,2060,1213,0,0.004717991
Warm B,271968,1645,1644,2060,1213,1,0.0038376236
Warm B,155668,1004,1003,2060,1213,1,0.007243522
Warm B,146203,940,939,2060,1213,1,-0.002045564
Warm B,135350,877,876,2060,1213,0,0.010061037
Warm B,127989,828,827,2060,1213,0,0.010541883
Warm B,118935,770,769,2060,1213,1,-0.004334942
Warm B,117304,757,756,2060,1213,0,0.0036379867
Warm B,113903,739,738,2060,1213,0,0.014170869
Warm B,110231,719,718,2060,1213,0,0.0037664766
Warm B,107588,710,709,2060,1213,0,0.009286595
Warm B,470268,2896,2895,2060,1213,0,0.0024317568
Warm B,101219,676,675,2060,1213,0,0.001441156
Warm B,176625,1117,1116,2060,1213,0,0.008836472
Warm B,329052,1943,1942,2060,1213,0,0.020125493
Warm B,92483,620,619,2060,1213,0,-0.0011987896
Warm B,264859,1611,1610,2060,1213,0,0.006211107
Warm B,91557,608,607,2060,1213,0,0.006826544
Warm B,283753,1698,1697,2060,1213,0,0.0053402553
Warm B,291059,1737,1736,2060,1213,1,0.01124635
Warm B,82608,549,548,2060,1213,1,0.004729138
Warm B,75224,510,509,2060,1213,1,0.008577518
Warm B,74522,509,508,2060,1213,1,0.0022358492
Warm B,81387,543,542,2060,1213,1,0.0018675909
Warm B,67284,453,452,2060,1213,0,0.0062182844
Warm B,65098,438,437,2060,1213,1,0.009551849
Warm B,59019,402,401,2060,1213,0,0.014995394
Warm B,53355,352,351,2060,1213,0,0.0104511175
Warm B,45295,306,305,2060,1213,1,0.005807667
Warm B,44138,302,301,2060,1213,1,0.0076544206
Warm B,41583,284,283,2060,1213,1,0.009192138
Warm B,43769,301,300,2060,1213,0,0.0069157686
Warm B,695676,4169,4168,2060,1213,0,0.008131538
Warm B,36126,245,244,2060,1213,0,0.010048936
Warm B,31674,216,215,2060,1213,0,0.0022112117
Warm B,31446,214,213,2060,1213,1,0.0050309217
Warm B,26929,192,191,2060,1213,0,0.009464985
Warm B,26877,191,190,2060,1213,0,0.01336688
Warm B,54291,355,354,2060,1213,1,0.009271517
Warm B,269603,1635,1634,2060,1213,1,0.012591409
Warm B,457554,2820,2819,2060,1213,0,0.0072884527
Warm B,65862,442,441,2060,1213,0,0.006016851
Warm B,157620,1015,1014,2060,1213,1,0.0099380035
Warm B,584960,3571,3570,2060,1213,1,0.009573308
Warm B,237501,1447,1446,2060,1213,0,0.014868451
Warm B,342091,2015,2014,2060,1213,0,-0.002088765
Warm B,362623,2116,2115,2060,1213,0,0.005074518
Warm B,682091,4085,4084,2060,1213,1,0.012812288
Warm B,73264,496,495,2060,1213,0,0.008588437
Warm B,317442,1889,1888,2060,1213,0,0.009240619
Warm B,537659,3312,3311,2060,1213,0,0.011794399
Warm B,11510,90,89,2060,1213,0,-0.0033248467
Warm B,159693,1019,1018,2060,1213,0,0.012626445
Warm B,712608,4277,4276,2060,1213,1,0.01617302
Warm B,907542,5492,5491,2060,1213,0,0.0072599268
Warm B,562338,3462,3461,2060,1213,0,-0.0020732784
Warm B,133935,869,868,2060,1213,1,0.009675781
Warm B,810955,4867,4866,2060,1213,1,0.0063704243
Warm B,71686,482,481,2060,1213,1,0.008675748
Warm B,982986,5938,5937,2060,1213,0,3.8768514e-05
Warm B,23428,169,168,2060,1213,0,0.014049379
Warm B,206211,1265,1264,2060,1213,0,-0.0013572888
Warm B,581172,3550,3549,2060,1213,0,0.009152286
Warm B,371474,2172,2171,2060,1213,0,0.0021758713
Warm B,375411,2188,2187,2060,1213,0,0.004597209
Warm B,233574,1421,1420,2060,1213,1,-0.0016005437
Warm B,790253,4728,4727,2060,1213,0,0.01262093
Warm B,461345,2847,2846,2060,1213,0,0.0063587655
Warm B,214574,1303,1302,2060,1213,0,0.01564585
Warm B,549615,3391,3390,2060,1213,1,0.0080475435
Warm B,52892,349,348,2060,1213,0,-0.0023641987
Warm B,335341,1980,1979,2062,1214,0,0.019467216
Warm B,882751,5333,5332,2062,1214,0,-0.0020006113
Warm B,917192,5543,5542,2062,1214,1,0.0054019634
Warm B,995897,6016,6015,2062,1214,0,0.004090186
Warm B,499046,3067,3066,2062,1214,1,0.0067729526
Warm B,187441,1164,1163,2062,1214,0,0.009132944
Warm B,831855,5001,5000,2062,1214,0,0.006231651
Warm B,178521,1121,1120,2062,1214,1,0.013283747
Warm B,171131,1088,1087,2062,1214,0,0.011655366
Warm B,33843,229,228,2062,1214,0,2.128724e-05
Warm B,364054,2121,2120,2066,1217,1,-0.0009770376
Warm B,347184,2038,2037,2066,1217,1,0.008357653
Warm B,345973,2030,2029,2066,1217,1,0.0031028546
Warm B,342008,2014,2013,2066,1217,1,0.00036880444
Warm B,339602,2002,2001,2066,1217,1,0.010734831
Warm B,325131,1926,1925,2066,1217,1,0.0055351835
Warm B,302603,1797,1796,2066,1217,1,-0.0027079612
Warm B,285859,1706,1705,2066,1217,1,0.010631111
Warm B,256497,1567,1566,2066,1217,1,0.0153876785
Warm B,303203,1802,1801,2066,1217,0,0.0039166426
Warm B,227418,1378,1377,2066,1217,1,-0.00056533155
Warm B,253235,1540,1539,2066,1217,0,0.007967919
Warm B,212609,1295,1294,2066,1217,0,0.00795689
Warm B,208165,1273,1272,2066,1217,1,0.004682162
Warm B,206578,1266,1265,2066,1217,1,0.012821194
Warm B,204247,1258,1257,2066,1217,1,0.0027187034
Warm B,192939,1191,1190,2066,1217,1,0.00651283
Warm B,180082,1128,1127,2066,1217,1,0.002778042
Warm B,190240,1181,1180,2066,1217,1,0.012345554
Warm B,165087,1053,1052,2066,1217,1,0.0005351154
Warm B,162123,1034,1033,2066,1217,1,0.0038771622
Warm B,161074,1026,1025,2066,1217,1,0.0022820982
Warm B,159703,1019,1018,2066,1217,0,0.006415707
Warm B,157632,1015,1014,2066,1217,1,0.009814613
Warm B,153841,989,988,2066,1217,1,-0.0014955513
Warm B,144449,931,930,2066,1217,0,0.0009221423
Warm B,137625,889,888,2066,1217,1,0.0024613831
Warm B,128111,829,828,2066,1217,1,-0.0034357298
Warm B,235407,1426,1425,2066,1217,0,0.0049792174
Warm B,113659,737,736,2066,1217,1,0.0050406344
Warm B,775923,4634,4633,2066,1217,1,-0.0034162472
Warm B,70595,476,475,2066,1217,1,0.004355239
Warm B,74001,504,503,2066,1217,1,0.00087585114
Warm B,45104,304,303,2066,1217,1,-0.009926995
Warm B,430857,2627,2626,2066,1217,1,0.011242355
Warm B,481551,2962,2961,2066,1217,0,-0.001044095
Warm B,13906,112,111,2066,1217,1,0.0016763676
Warm B,591642,3610,3609,2066,1217,0,0.005833668
Warm B,24131,173,172,2066,1217,0,-0.0011729805
Warm B,3781,27,26,2066,1217,1,-0.0081239855
Warm B,192625,1186,1185,2066,1217,1,0.007593436
Warm B,888452,5367,5366,2066,1217,1,-0.0024630867
Warm B,821498,4940,4939,2066,1217,0,0.0048933816
Warm B,293498,1748,1747,2066,1217,1,-0.006871888
Warm B,225939,1369,1368,2066,1217,1,0.009209946
Warm B,18500,146,145,2066,1217,0,0.0069470885
Warm B,442559,2726,2725,2068,1219,0,0.0143757975
Warm B,437860,2676,2675,2068,1219,1,0.013919788
Warm B,437694,2674,2673,2068,1219,1,0.005119389
Warm B,393206,2310,2309,2068,1219,1,0.022768095
Warm B,389793,2288,2287,2068,1219,1,0.009288557
Warm B,382678,2237,2236,2068,1219,0,0.01742611
Warm B,381456,2231,2230,2068,1219,1,0.020952258
Warm B,377602,2205,2204,2068,1219,1,0.01801472
Warm B,371929,2173,2172,2068,1219,0,0.014993314
Warm B,371241,2170,2169,2068,1219,0,0.012150645
Warm B,359170,2102,2101,2068,1219,0,0.017658483
Warm B,343436,2018,2017,2068,1219,1,0.013846435
Warm B,318585,1894,1893,2068,1219,1,2.1281186e-05
Warm B,312724,1864,1863,2068,1219,1,0.0035351198
Warm B,323002,1916,1915,2068,1219,1,0.018773165
Warm B,298277,1768,1767,2068,1219,1,0.015768081
Warm B,280648,1685,1684,2068,1219,1,0.010880162
Warm B,268693,1632,1631,2068,1219,0,0.03458356
Warm B,235981,1429,1428,2068,1219,0,0.0046129953
Warm B,631268,3821,3820,2068,1219,1,0.014643621
Warm B,325135,1926,1925,2068,1219,1,0.01915909
Warm B,275963,1671,1670,2068,1219,1,0.028801393
Warm B,211957,1291,1290,2068,1219,0,0.022169866
Warm B,207269,1267,1266,2068,1219,0,0.0019021649
Warm B,199793,1227,1226,2068,1219,1,0.016453631
Warm B,294087,1749,1748,2068,1219,0,0.018156767
Warm B,278468,1680,1679,2068,1219,0,0.026130755
Warm B,210466,1285,1284,2068,1219,1,0.026798245
Warm B,180083,1128,1127,2068,1219,1,0.01725062
Warm B,345977,2030,2029,2068,1219,1,0.019348959
Warm B,163059,1041,1040,2068,1219,1,0.009314075
Warm B,246117,1489,1488,2068,1219,1,0.016615922
Warm B,384594,2247,2246,2068,1219,1,0.009874975
Warm B,184741,1150,1149,2068,1219,0,0.026324578
Warm B,137630,889,888,2068,1219,1,0.029678803
Warm B,130921,850,849,2068,1219,1,0.017213224
Warm B,252140,1527,1526,2068,1219,0,0.014900177
Warm B,239548,1449,1448,2068,1219,1,0.028369352
Warm B,94514,635,634,2068,1219,1,0.015763028
Warm B,151148,973,972,2068,1219,0,0.024110176
Warm B,283764,1698,1697,2068,1219,1,0.025417773
Warm B,85460,558,557,2068,1219,0,0.008818184
Warm B,190245,1181,1180,2068,1219,0,0.03413463
Warm B,84698,551,550,2068,1219,1,0.018220816
Warm B,83765,550,549,2068,1219,1,0.019269515
Warm B,66760,447,446,2068,1219,1,0.009815889
Warm B,67669,454,453,2068,1219,1,0.027879573
Warm B,66939,451,450,2068,1219,1,0.011482936
Warm B,712615,4277,4276,2068,1219,1,0.031774953
Warm B,34058,230,229,2068,1219,1,0.011522824
Warm B,34529,235,234,2068,1219,1,0.023280064
Warm B,21877,161,160,2068,1219,1,0.013498133
Warm B,60434,411,410,2068,1219,0,0.022561379
Warm B,76251,518,517,2068,1219,1,0.013390471
Warm B,534911,3301,3300,2068,1219,1,0.010774182
Warm B,284694,1699,1698,2068,1219,1,0.029566668
Warm B,249720,1505,1504,2068,1219,1,0.022146244
Warm B,999871,6040,6039,2068,1219,1,0.014362887
Warm B,916541,5539,5538,2068,1219,1,0.029343275
Warm B,460514,2841,2840,2068,1219,0,0.019296126
Warm B,840953,5054,5053,2068,1219,0,0.015683232
Warm B,208515,1274,1273,2068,1219,1,0.012652861
Warm B,319069,1897,1896,2068,1219,1,0.026131637
Warm B,546629,3371,3370,2068,1219,1,0.028170086
Warm B,420693,2544,2543,2068,1219,0,0.01752574
Warm B,62431,424,423,2068,1219,1,0.030560495
Warm B,321975,1912,1911,2068,1219,0,0.022361107
Warm B,983900,5948,5947,2068,1219,1,0.020941954
Warm B,614094,3720,3719,2069,1220,1,0.006817569
Warm B,610776,3705,3704,2069,1220,0,0.021236515
Warm B,602236,3664,3663,2069,1220,1,0.004303253
Warm B,632827,3824,3823,2069,1220,0,0.0060430635
Warm B,587154,3586,3585,2069,1220,0,0.0034256265
Warm B,586890,3585,3584,2069,1220,1,0.010468342
Warm B,580754,3547,3546,2069,1220,1,0.008249935
Warm B,578072,3531,3530,2069,1220,1,0.0054074433
Warm B,583137,3562,3561,2069,1220,0,-0.000864113
Warm B,593245,3618,3617,2069,1220,0,0.0097008655
Warm B,565927,3476,3475,2069,1220,1,0.0057355966
Warm B,560423,3445,3444,2069,1220,0,0.0066846283
Warm B,549383,3390,3389,2069,1220,1,0.002102123
Warm B,712616,4277,4276,2069,1220,1,0.010890057
Warm B,539517,3319,3318,2069,1220,0,0.008871096
Warm B,541920,3336,3335,2069,1220,0,0.00386872
Warm B,532888,3292,3291,2069,1220,0,0.0052689463
Warm B,526584,3259,3258,2069,1220,0,0.011069031
Warm B,516196,3188,3187,2069,1220,1,0.0013322553
Warm B,509684,3140,3139,2069,1220,0,0.0009758142
Warm B,695686,4169,4168,2069,1220,1,0.012031456
Warm B,474561,2913,2912,2069,1220,1,0.010236582
Warm B,455692,2807,2806,2069,1220,1,-0.0063529275
Warm B,437862,2676,2675,2069,1220,1,0.0037248926
Warm B,437324,2670,2669,2069,1220,1,0.003951197
Warm B,423042,2565,2564,2069,1220,1,0.0051425938
Warm B,419186,2532,2531,2069,1220,1,0.0058744047
Warm B,416251,2507,2506,2069,1220,1,0.022097474
Warm B,463962,2860,2859,2069,1220,1,0.004847634
Warm B,398161,2368,2367,2069,1220,1,0.0039409157
Warm B,371242,2170,2169,2069,1220,1,0.0046830163
Warm B,366875,2140,2139,2069,1220,0,0.012012495
Warm B,339604,2002,2001,2069,1220,1,0.002759487
Warm B,342978,2016,2015,2069,1220,1,-0.0024246345
Warm B,335351,1980,1979,2069,1220,1,0.00089691207
Warm B,320482,1900,1899,2069,1220,1,0.0017259321
Warm B,318586,1894,1893,2069,1220,1,-0.005023132
Warm B,323004,1916,1915,2069,1220,0,0.0031108884
Warm B,298278,1768,1767,2069,1220,0,-0.0030366909
Warm B,280397,1683,1682,2069,1220,0,0.0062728524
Warm B,280650,1685,1684,2069,1220,1,0.007013631
Warm B,292049,1741,1740,2069,1220,0,0.005817122
Warm B,268695,1632,1631,2069,1220,0,0.013604182
Warm B,259963,1591,1590,2069,1220,1,0.015637472
Warm B,250032,1506,1505,2069,1220,0,0.004185042
Warm B,306307,1825,1824,2069,1220,1,0.0018309017
Warm B,278471,1680,1679,2069,1220,0,0.005657306
Warm B,326627,1937,1936,2069,1220,0,0.015218789
Warm B,373713,2181,2180,2069,1220,1,0.012653187
Warm B,254972,1552,1551,2069,1220,1,0.0003430948
Warm B,337869,1988,1987,2069,1220,0,0.009412859
Warm B,144699,934,933,2069,1220,1,0.012930915
Warm B,142276,919,918,2069,1220,1,0.0050899116
Warm B,130923,850,849,2069,1220,1,-0.0008677541
Warm B,210468,1285,1284,2069,1220,1,0.010588195
Warm B,115766,752,751,2069,1220,0,0.008503612
Warm B,100417,670,669,2069,1220,0,0.003860312
Warm B,179364,1125,1124,2069,1220,0,0.016006362
Warm B,94786,637,636,2069,1220,1,0.012174348
Warm B,190248,1181,1180,2069,1220,0,0.004291053
Warm B,537667,3312,3311,2069,1220,1,0.0076059583
Warm B,34939,236,235,2069,1220,0,0.0025099386
Warm B,269614,1635,1634,2069,1220,0,0.020956008
Warm B,238493,1448,1447,2069,1220,1,0.009008811
Warm B,9050,62,61,2069,1220,1,0.0043969746
Warm B,357149,2092,2091,2069,1220,1,0.001131041
Warm B,60437,411,410,2069,1220,0,-7.4862735e-05
Warm B,55176,366,365,2069,1220,0,-0.0041502775
Warm B,157637,1015,1014,2069,1220,1,0.001960662
Warm B,484273,2980,2979,2069,1220,1,-0.00018973544
Warm B,101838,678,677,2069,1220,0,0.0036719218
Warm B,859983,5172,5171,2069,1220,1,0.009968788
Warm B,50523,333,332,2069,1220,1,0.012997756
Warm B,319070,1897,1896,2069,1220,1,0.010426816
Warm B,275964,1671,1670,2069,1220,1,0.0065287347
Warm B,821500,4940,4939,2069,1220,0,-0.0005973503
Warm B,479696,2944,2943,2069,1220,1,0.0040679937
Warm B,304583,1812,1811,2069,1220,0,0.007938078
Warm B,554987,3413,3412,2069,1220,1,-0.0008802179
Warm B,240878,1451,1450,2069,1220,1,0.011620203
Warm B,593261,3618,3617,2071,1222,1,-0.0056374646
Warm B,562011,3458,3457,2071,1222,1,-0.0032970603
Warm B,563538,3469,3468,2071,1222,1,0.0018127866
Warm B,557507,3425,3424,2071,1222,1,0.008243174
Warm B,551741,3400,3399,2071,1222,1,0.00076464127
Warm B,541772,3334,3333,2071,1222,1,-0.007805609
Warm B,540910,3328,3327,2071,1222,1,0.006782053
Warm B,535494,3305,3304,2071,1222,1,-0.005186475
Warm B,525529,3246,3245,2071,1222,1,0.002536813
Warm B,530760,3280,3279,2071,1222,1,0.0019111026
Warm B,512506,3163,3162,2071,1222,1,0.0028728438
Warm B,558376,3430,3429,2071,1222,1,0.0031524124
Warm B,738002,4411,4410,2071,1222,1,0.001376183
Warm B,502659,3086,3085,2071,1222,1,0.006786965
Warm B,502353,3083,3082,2071,1222,1,-0.001442679
Warm B,499072,3067,3066,2071,1222,1,0.0029054475
Warm B,487775,3001,3000,2071,1222,1,0.0026095028
Warm B,484754,2986,2985,2071,1222,0,0.0014293194
Warm B,467714,2883,2882,2071,1222,0,0.0036847023
Warm B,462983,2857,2856,2071,1222,1,-0.0089968005
Warm B,462431,2854,2853,2071,1222,1,0.0039262692
Warm B,465914,2873,2872,2071,1222,0,0.00051657227
Warm B,492424,3029,3028,2071,1222,1,-0.0059394874
Warm B,440270,2692,2691,2071,1222,1,-0.0014496802
Warm B,433069,2641,2640,2071,1222,1,-0.000928815
Warm B,428989,2611,2610,2071,1222,1,-0.00076906476
Warm B,463971,2860,2859,2071,1222,1,-0.0014686608
Warm B,403407,2410,2409,2071,1222,0,0.0012495702
Warm B,401853,2398,2397,2071,1222,1,0.0010335366
Warm B,393696,2318,2317,2071,1222,1,-0.003732685
Warm B,387448,2265,2264,2071,1222,1,-0.000557889
Warm B,655925,3952,3951,2071,1222,1,0.006418734
Warm B,381215,2230,2229,2071,1222,1,0.0012441954
Warm B,382683,2237,2236,2071,1222,1,-0.0076089944
Warm B,379432,2219,2218,2071,1222,0,0.0035180054
Warm B,375269,2187,2186,2071,1222,1,-0.0009529467
Warm B,372952,2178,2177,2071,1222,1,-0.0026166523
Warm B,382427,2235,2234,2071,1222,0,0.0047348244
Warm B,369146,2158,2157,2071,1222,1,0.0030277194
Warm B,364245,2122,2121,2071,1222,0,-0.0035704146
Warm B,398576,2372,2371,2071,1222,1,-0.006328328
Warm B,335369,1980,1979,2071,1222,1,0.0015360313
Warm B,306871,1832,1831,2071,1222,1,-0.00045161368
Warm B,293365,1747,1746,2071,1222,1,0.001011532
Warm B,304206,1807,1806,2071,1222,1,-0.0034274007
Warm B,332446,1962,1961,2071,1222,1,-0.007473103
Warm B,249414,1503,1502,2071,1222,0,-0.005258212
Warm B,325148,1926,1925,2071,1222,1,-0.0017896522
Warm B,222822,1349,1348,2071,1222,0,0.007635076
Warm B,212725,1297,1296,2071,1222,0,0.007816377
Warm B,296281,1758,1757,2071,1222,1,-0.0017872942
Warm B,203941,1255,1254,2071,1222,0,-6.100291e-05
Warm B,205537,1264,1263,2071,1222,0,0.0042152167
Warm B,200963,1239,1238,2071,1222,1,0.0015859134
Warm B,278493,1680,1679,2071,1222,0,-0.0035377447
Warm B,226806,1376,1375,2071,1222,1,0.0020036967
Warm B,262914,1605,1604,2071,1222,1,-0.0035199048
Warm B,327467,1941,1940,2071,1222,0,0.007711742
Warm B,163612,1050,1049,2071,1222,0,-0.001970842
Warm B,148177,955,954,2071,1222,1,0.0036982542
Warm B,154557,998,997,2071,1222,1,-0.0028830413
Warm B,142676,921,920,2071,1222,1,0.011918438
Warm B,156456,1010,1009,2071,1222,1,0.0017524462
Warm B,416262,2507,2506,2071,1222,1,-0.007552199
Warm B,306313,1825,1824,2071,1222,0,-0.0016404664
Warm B,115779,752,751,2071,1222,1,0.0038452838
Warm B,107254,706,705,2071,1222,1,0.0047941757
Warm B,329071,1943,1942,2071,1222,1,-0.0026355046
Warm B,695707,4169,4168,2071,1222,1,-0.012100397
Warm B,90217,595,594,2071,1222,1,0.0042779683
Warm B,360397,2106,2105,2071,1222,1,-0.0053991666
Warm B,82642,549,548,2071,1222,1,-0.0006050975
Warm B,238509,1448,1447,2071,1222,1,-0.0026629646
Warm B,77106,524,523,2071,1222,1,0.001645797
Warm B,72874,493,492,2071,1222,1,0.0008231988
Warm B,73588,499,498,2071,1222,1,-0.0011504748
Warm B,71705,482,481,2071,1222,1,-0.0077060834
Warm B,78220,528,527,2071,1222,1,-0.0038902157
Warm B,239565,1449,1448,2071,1222,0,-0.0025047413
Warm B,68128,457,456,2071,1222,1,0.006514095
Warm B,47169,319,318,2071,1222,1,-0.0014813788
Warm B,35183,238,237,2071,1222,0,-0.00021108682
Warm B,31713,216,215,2071,1222,0,0.008731269
Warm B,199795,1227,1226,2071,1222,1,0.005260187
Warm B,269632,1635,1634,2071,1222,1,-0.0026608715
Warm B,26235,187,186,2071,1222,1,0.0016664721
Warm B,21886,161,160,2071,1222,1,0.0017716659
Warm B,4341,33,32,2071,1222,1,0.0017121851
Warm B,578153,3532,3531,2071,1222,1,-0.008314442
Warm B,351292,2063,2062,2071,1222,0,-0.0016256445
Warm B,257361,1579,1578,2071,1222,1,0.0023913756
Warm B,157659,1015,1014,2071,1222,1,0.0028909822
Warm B,362644,2116,2115,2071,1222,0,-0.007024994
Warm B,316530,1884,1883,2071,1222,1,0.00674013
Warm B,164190,1051,1050,2071,1222,1,0.0004833266
Warm B,549642,3391,3390,2071,1222,1,0.0042156614
Warm B,101853,678,677,2071,1222,1,0.0017949105
Warm B,420709,2544,2543,2071,1222,0,0.002360098
Warm B,712632,4277,4276,2071,1222,1,-0.0063799536
Warm B,772578,4607,4606,2071,1222,0,-0.0023712532
Warm B,960229,5792,5791,2071,1222,1,0.0019780276
Warm B,992853,5998,5997,2071,1222,0,0.0043503316
Warm B,111560,727,726,2071,1222,1,0.003950857
Warm B,285095,1701,1700,2071,1222,1,-0.0046343566
Warm B,136208,881,880,2071,1222,1,0.0002850066
Warm B,275973,1671,1670,2071,1222,1,-0.0011108487
Warm B,331252,1958,1957,2071,1222,1,-0.00059054466
Warm B,840963,5054,5053,2071,1222,0,0.0004758176
Warm B,193374,1194,1193,2071,1222,1,0.006909172
Warm B,229119,1389,1388,2071,1222,1,-0.0017427839
Warm B,60452,411,410,2071,1222,1,0.005594571
Warm B,501082,3080,3079,2073,1224,0,0.009814919
Warm B,565324,3475,3474,2073,1224,0,0.0050006392
Warm B,933275,5636,5635,2073,1224,1,0.010466676
Warm B,902716,5458,5457,2073,1224,1,0.011922866
Warm B,546643,3371,3370,2073,1224,0,0.012684851
Warm B,893789,5397,5396,2073,1224,1,0.009877448
Warm B,294104,1749,1748,2075,1225,0,0.0092516495
Warm B,207277,1267,1266,2075,1225,0,0.0032612158
Warm B,189923,1179,1178,2075,1225,1,0.007929789
Warm B,177406,1119,1118,2075,1225,1,0.00047721015
Warm B,190275,1181,1180,2075,1225,0,0.0142826615
Warm B,157664,1015,1014,2075,1225,0,0.00039718254
Warm B,148942,958,957,2075,1225,1,-0.0019068785
Warm B,146761,948,947,2075,1225,0,0.00078360573
Warm B,106576,702,701,2075,1225,1,0.0020195055
Warm B,100418,670,669,2075,1225,0,0.000314096
Warm B,88082,580,579,2075,1225,1,0.0036987313
Warm B,34064,230,229,2075,1225,0,-0.00043110456
Warm B,123234,796,795,2075,1225,0,0.011277586
Warm B,287559,1717,1716,2075,1225,1,0.0060952017
Warm B,284703,1699,1698,2075,1225,1,-0.0027498484
Warm B,934544,5643,5642,2075,1225,0,0.007314644
Warm B,511754,3158,3157,2075,1225,1,0.008253592
Warm B,430870,2627,2626,2075,1225,0,-0.010561755
Warm B,310498,1851,1850,2075,1225,0,0.006147051
Warm B,810972,4867,4866,2075,1225,1,0.0040221093
Warm B,473114,2909,2908,2075,1225,0,-0.0050126943
Warm B,532904,3292,3291,2077,1227,1,0.012883314
Warm B,505914,3112,3111,2077,1227,1,0.00826431
Warm B,493196,3031,3030,2077,1227,1,0.012828131
Warm B,768539,4579,4578,2077,1227,0,0.005489979
Warm B,486502,2995,2994,2077,1227,1,0.008502637
Warm B,488219,3003,3002,2077,1227,1,-0.0048088394
Warm B,485555,2989,2988,2077,1227,1,0.011787287
Warm B,529370,3272,3271,2077,1227,0,0.012954276
Warm B,477808,2934,2933,2077,1227,1,0.01135936
Warm B,695714,4169,4168,2077,1227,1,0.012215318
Warm B,474569,2913,2912,2077,1227,1,0.010083811
Warm B,473115,2909,2908,2077,1227,1,0.011932828
Warm B,462108,2850,2849,2077,1227,0,0.0055957427
Warm B,486855,2996,2995,2077,1227,1,0.0041742576
Warm B,465916,2873,2872,2077,1227,0,-0.00348307
Warm B,458455,2822,2821,2077,1227,1,0.0006061208
Warm B,446261,2752,2751,2077,1227,0,0.013447437
Warm B,444915,2744,2743,2077,1227,0,0.004596646
Warm B,456286,2810,2809,2077,1227,1,0.010006707
Warm B,446646,2753,2752,2077,1227,0,0.007159705
Warm B,418375,2529,2528,2077,1227,1,0.013846766
Warm B,415981,2506,2505,2077,1227,0,0.0125428215
Warm B,609531,3695,3694,2077,1227,1,0.019824315
Warm B,408559,2454,2453,2077,1227,0,0.011685271
Warm B,390581,2293,2292,2077,1227,1,0.002209825
Warm B,385646,2255,2254,2077,1227,1,0.00535302
Warm B,384846,2248,2247,2077,1227,0,0.0066657313
Warm B,372757,2177,2176,2077,1227,0,0.010611075
Warm B,375426,2188,2187,2077,1227,1,0.016544882
Warm B,366884,2140,2139,2077,1227,1,0.008147633
Warm B,387449,2265,2264,2077,1227,0,0.019991482
Warm B,353850,2073,2072,2077,1227,1,0.015058612
Warm B,333670,1969,1968,2077,1227,1,0.013433401
Warm B,327473,1941,1940,2077,1227,1,0.013745485
Warm B,290851,1736,1735,2077,1227,0,0.0086343195
Warm B,278505,1680,1679,2077,1227,1,0.007096184
Warm B,268715,1632,1631,2077,1227,0,0.007969011
Warm B,255293,1555,1554,2077,1227,0,0.008614575
Warm B,235423,1426,1425,2077,1227,0,0.021016475
Warm B,240896,1451,1450,2077,1227,1,0.014422831
Warm B,223257,1354,1353,2077,1227,1,0.01588627
Warm B,323586,1920,1919,2077,1227,0,0.013541693
Warm B,277339,1676,1675,2077,1227,0,0.012963088
Warm B,261537,1599,1598,2077,1227,0,0.015388117
Warm B,193380,1194,1193,2077,1227,1,0.009991241
Warm B,192259,1184,1183,2077,1227,1,0.004024193
Warm B,183003,1141,1140,2077,1227,0,0.014983419
Warm B,177830,1120,1119,2077,1227,0,0.017976278
Warm B,248611,1501,1500,2077,1227,1,0.010126689
Warm B,172571,1094,1093,2077,1227,1,0.008639645
Warm B,159064,1017,1016,2077,1227,1,0.0094183665
Warm B,167614,1068,1067,2077,1227,0,0.0074564163
Warm B,164195,1051,1050,2077,1227,1,0.009941613
Warm B,262920,1605,1604,2077,1227,1,0.010091573
Warm B,110274,720,719,2077,1227,0,0.011137173
Warm B,105375,697,696,2077,1227,0,0.0051149568
Warm B,100419,670,669,2077,1227,0,0.0018271913
Warm B,94797,637,636,2077,1227,1,0.007346127
Warm B,123235,796,795,2077,1227,0,0.009033345
Warm B,93714,629,628,2077,1227,0,0.0058208453
Warm B,151156,973,972,2077,1227,0,0.008361246
Warm B,283788,1698,1697,2077,1227,1,0.010105231
Warm B,775928,4634,4633,2077,1227,1,0.0040212274
Warm B,362649,2116,2115,2077,1227,0,0.01640294
Warm B,886781,5359,5358,2077,1227,1,0.00042058504
Warm B,190280,1181,1180,2077,1227,0,0.004280902
Warm B,83785,550,549,2077,1227,0,0.010524121
Warm B,68502,461,460,2077,1227,1,0.0078711165
Warm B,57851,392,391,2077,1227,0,0.017346134
Warm B,47080,318,317,2077,1227,1,0.011095928
Warm B,46699,314,313,2077,1227,1,0.005930516
Warm B,368229,2153,2152,2077,1227,0,0.0068476824
Warm B,31720,216,215,2077,1227,1,0.009135317
Warm B,14037,114,113,2077,1227,1,0.0028298027
Warm B,6002,44,43,2077,1227,1,0.0066141845
Warm B,30345,204,203,2077,1227,1,0.022740962
Warm B,233821,1422,1421,2077,1227,0,0.013142659
Warm B,877,10,9,2077,1227,0,0.0153650865
Warm B,347808,2041,2040,2077,1227,1,0.010833541
Warm B,958724,5787,5786,2077,1227,1,0.0055861557
Warm B,95287,639,638,2077,1227,1,0.016287081
Warm B,773415,4610,4609,2077,1227,0,0.010497206
Warm B,11821,92,91,2077,1227,0,0.008792445
Warm B,272585,1647,1646,2077,1227,1,0.014744237
Warm B,304597,1812,1811,2077,1227,0,0.014735933
Warm B,618168,3746,3745,2077,1227,1,0.015268913
Warm B,257367,1579,1578,2077,1227,0,0.016254695
Warm B,833257,5011,5010,2077,1227,1,0.009432671
Warm B,371492,2172,2171,2077,1227,0,0.013878182
Warm B,420715,2544,2543,2077,1227,0,0.014604059
Warm B,275979,1671,1670,2077,1227,1,0.020443872
Warm B,216735,1317,1316,2077,1227,1,0.0034081691
Warm B,479699,2944,2943,2077,1227,1,0.003401492
Warm B,974185,5878,5877,2077,1227,1,0.017535314
Warm B,137674,889,888,2084,1233,0,-0.005216705
Warm B,127192,822,821,2084,1233,1,-0.008656781
Warm B,262929,1605,1604,2084,1233,1,0.0030488395
Warm B,126444,817,816,2084,1233,0,-0.0023765694
Warm B,239586,1449,1448,2084,1233,0,0.0047626216
Warm B,223268,1354,1353,2084,1233,0,0.0026723233
Warm B,159737,1019,1018,2084,1233,0,-0.00955354
Warm B,110278,720,719,2084,1233,0,-0.0036618663
Warm B,216346,1314,1313,2084,1233,1,-0.008097995
Warm B,105821,699,698,2084,1233,0,-0.0071063126
Warm B,94448,634,633,2084,1233,1,0.016985038
Warm B,396903,2350,2349,2084,1233,1,-0.0004541627
Warm B,67682,454,453,2084,1233,0,-0.0019145524
Warm B,74545,509,508,2084,1233,0,0.012227923
Warm B,53413,352,351,2084,1233,0,-0.0004588944
Warm B,132222,855,854,2084,1233,0,-0.0076364335
Warm B,44187,302,301,2084,1233,0,0.0051493268
Warm B,73783,500,499,2084,1233,0,-0.005147906
Warm B,57858,392,391,2084,1233,0,-0.00489394
Warm B,365128,2125,2124,2084,1233,1,0.0048873755
Warm B,695723,4169,4168,2084,1233,0,-0.012241289
Warm B,123241,796,795,2084,1233,0,0.0016031095
Warm B,78229,528,527,2084,1233,1,-0.0071761026
Warm B,552011,3401,3400,2084,1233,0,-0.0019275018
Warm B,65128,438,437,2084,1233,0,-0.003210627
Warm B,251778,1524,1523,2084,1233,1,-0.0012451011
Warm B,11829,92,91,2084,1233,1,0.0056959176
Warm B,101870,678,677,2084,1233,1,0.0041324627
Warm B,183009,1141,1140,2084,1233,0,-0.0037874756
Warm B,171177,1088,1087,2084,1233,0,-0.010321666
Warm B,626451,3792,3791,2084,1233,0,0.0011982158
Warm B,206604,1266,1265,2084,1233,0,-0.0036495025
Warm B,768545,4579,4578,2084,1233,1,-0.008163194
Warm B,700437,4193,4192,2091,1239,1,0.016472852
Warm B,690060,4127,4126,2091,1239,0,0.00671955
Warm B,673900,4048,4047,2091,1239,0,-0.00741464
Warm B,668186,4021,4020,2091,1239,0,0.014494408
Warm B,665391,4006,4005,2091,1239,0,0.00918236
Warm B,663354,3998,3997,2091,1239,0,0.0069779037
Warm B,661812,3992,3991,2091,1239,1,0.015629534
Warm B,655389,3947,3946,2091,1239,1,0.0053802724
Warm B,650602,3923,3922,2091,1239,0,0.0073389285
Warm B,761324,4523,4522,2091,1239,0,0.0125999395
Warm B,625810,3784,3783,2091,1239,0,0.012679581
Warm B,616444,3731,3730,2091,1239,0,0.022436084
Warm B,612808,3715,3714,2091,1239,0,0.007852286
Warm B,595659,3624,3623,2091,1239,1,0.009621447
Warm B,595116,3621,3620,2091,1239,0,0.004320573
Warm B,587637,3589,3588,2091,1239,0,0.018214123
Warm B,585489,3576,3575,2091,1239,0,0.0069353525
Warm B,583162,3562,3561,2091,1239,0,0.003718844
Warm B,758310,4510,4509,2091,1239,1,0.011878744
Warm B,573166,3511,3510,2091,1239,0,0.0062929625
Warm B,604924,3678,3677,2091,1239,1,0.013377003
Warm B,568921,3491,3490,2091,1239,1,0.0063723214
Warm B,657031,3961,3960,2091,1239,0,0.012598993
Warm B,558942,3433,3432,2091,1239,0,-0.000692013
Warm B,553677,3410,3409,2091,1239,1,0.01349912
Warm B,550849,3393,3392,2091,1239,0,-0.0018818136
Warm B,549676,3391,3390,2091,1239,0,0.009961658
Warm B,538810,3314,3313,2091,1239,1,0.00676649
Warm B,531610,3283,3282,2091,1239,0,0.010076725
Warm B,529394,3272,3271,2091,1239,1,0.019955866
Warm B,530778,3280,3279,2091,1239,0,0.0052214647
Warm B,517575,3195,3194,2091,1239,0,0.012205134
Warm B,511008,3151,3150,2091,1239,1,0.008737224
Warm B,509707,3140,3139,2091,1239,1,0.0073785232
Warm B,539699,3320,3319,2091,1239,0,0.01904692
Warm B,507429,3123,3122,2091,1239,0,0.004500387
Warm B,493734,3032,3031,2091,1239,1,0.0052013397
Warm B,738015,4411,4410,2091,1239,1,0.013746939
Warm B,492455,3029,3028,2091,1239,0,0.02409374
Warm B,487541,2999,2998,2091,1239,0,-0.0020109322
Warm B,517786,3196,3195,2091,1239,1,0.009106717
Warm B,478598,2937,2936,2091,1239,0,0.0058813165
Warm B,472257,2907,2906,2091,1239,1,0.004858941
Warm B,470839,2899,2898,2091,1239,1,0.0033986815
Warm B,468794,2888,2887,2091,1239,1,0.014223421
Warm B,461752,2848,2847,2091,1239,1,0.015985625
Warm B,445060,2745,2744,2091,1239,0,0.0073597007
Warm B,445484,2748,2747,2091,1239,0,0.012069572
Warm B,423057,2565,2564,2091,1239,0,0.010570408
Warm B,418400,2529,2528,2091,1239,0,0.008631032
Warm B,408856,2455,2454,2091,1239,0,0.006390794
Warm B,409460,2457,2456,2091,1239,0,0.0041297046
Warm B,400204,2383,2382,2091,1239,1,0.009817248
Warm B,376953,2202,2201,2091,1239,0,0.005042343
Warm B,373304,2180,2179,2091,1239,0,0.0050021945
Warm B,370628,2167,2166,2091,1239,0,0.0009330462
Warm B,361369,2109,2108,2091,1239,0,0.019336108
Warm B,373762,2181,2180,2091,1239,0,0.010928957
Warm B,339827,2004,2003,2091,1239,0,0.0034454218
Warm B,325171,1926,1925,2091,1239,0,0.00379175
Warm B,303173,1801,1800,2091,1239,1,0.009501371
Warm B,301156,1790,1789,2091,1239,1,0.004869439
Warm B,295917,1757,1756,2091,1239,0,0.0060143494
Warm B,293074,1746,1745,2091,1239,1,0.009370232
Warm B,297273,1764,1763,2091,1239,0,0.010805572
Warm B,292080,1741,1740,2091,1239,1,0.014369374
Warm B,360423,2106,2105,2091,1239,0,0.006070853
Warm B,276763,1675,1674,2091,1239,0,0.013817674
Warm B,272611,1647,1646,2091,1239,0,0.01748221
Warm B,346016,2030,2029,2091,1239,0,0.015883865
Warm B,350622,2059,2058,2091,1239,0,0.015578039
Warm B,224610,1358,1357,2091,1239,0,0.016211277
Warm B,323609,1920,1919,2091,1239,0,0.01083333
Warm B,216163,1312,1311,2091,1239,0,0.009263925
Warm B,215975,1311,1310,2091,1239,0,0.009114122
Warm B,278546,1680,1679,2091,1239,1,0.011597557
Warm B,198745,1221,1220,2091,1239,1,0.0017826346
Warm B,213233,1298,1297,2091,1239,1,0.0065439763
Warm B,327516,1941,1940,2091,1239,0,0.015987657
Warm B,186894,1159,1158,2091,1239,0,0.0071300194
Warm B,181541,1135,1134,2091,1239,1,0.013570078
Warm B,177422,1119,1118,2091,1239,0,0.013635205
Warm B,173468,1100,1099,2091,1239,0,0.003225815
Warm B,170349,1085,1084,2091,1239,0,0.011941299
Warm B,212739,1297,1296,2091,1239,0,0.0055578216
Warm B,127199,822,821,2091,1239,1,0.015155269
Warm B,122123,788,787,2091,1239,1,0.013437765
Warm B,103623,689,688,2091,1239,1,0.001536052
Warm B,100424,670,669,2091,1239,0,0.006668219
Warm B,239606,1449,1448,2091,1239,0,0.004394294
Warm B,712666,4277,4276,2091,1239,1,0.003712296
Warm B,109149,714,713,2091,1239,1,0.013976739
Warm B,93727,629,628,2091,1239,1,0.004990668
Warm B,94454,634,633,2091,1239,0,-0.0032512818
Warm B,90883,602,601,2091,1239,1,0.003722189
Warm B,86008,563,562,2091,1239,0,0.008799632
Warm B,70617,476,475,2091,1239,0,0.010672641
Warm B,66456,445,444,2091,1239,0,0.01069187
Warm B,71727,482,481,2091,1239,0,0.012832939
Warm B,75805,516,515,2091,1239,0,0.006808226
Warm B,62495,424,423,2091,1239,0,0.011465951
Warm B,50955,336,335,2091,1239,1,0.0039372654
Warm B,45752,308,307,2091,1239,0,0.008302237
Warm B,38476,262,261,2091,1239,0,0.0021200227
Warm B,31764,216,215,2091,1239,0,0.012464738
Warm B,34574,235,234,2091,1239,1,0.0063820393
Warm B,238528,1448,1447,2091,1239,0,0.013054237
Warm B,7476,53,52,2091,1239,1,0.0049859164
Warm B,927,10,9,2091,1239,0,0.006699823
Warm B,2932,23,22,2091,1239,0,0.010555304
Warm B,233846,1422,1421,2091,1239,0,0.007921871
Warm B,104091,692,691,2091,1239,0,0.006977685
Warm B,695739,4169,4168,2091,1239,0,0.008794475
Warm B,530196,3274,3273,2091,1239,0,0.013766754
Warm B,385948,2258,2257,2091,1239,1,0.009227611
Warm B,365639,2129,2128,2091,1239,1,0.0030874105
Warm B,325993,1930,1929,2091,1239,0,0.0047200187
Warm B,333690,1969,1968,2091,1239,0,0.015069881
Warm B,101887,678,677,2091,1239,0,0.011039576
Warm B,632881,3824,3823,2091,1239,0,0.008165177
Warm B,20609,151,150,2091,1239,0,0.011557257
Warm B,454454,2796,2795,2091,1239,0,0.0069396365
Warm B,216756,1317,1316,2091,1239,1,0.0043604504
Warm B,177860,1120,1119,2091,1239,0,0.015268825
Warm B,136233,881,880,2091,1239,0,0.008989278
Warm B,489101,3012,3011,2091,1239,0,0.0054714717
Warm B,585491,3576,3575,2092,1240,0,0.007034481
Warm B,758312,4510,4509,2092,1240,1,0.013859522
Warm B,568100,3486,3485,2092,1240,0,-0.0023259118
Warm B,573390,3512,3511,2092,1240,0,0.014873095
Warm B,562014,3458,3457,2092,1240,0,0.0023758016
Warm B,558388,3430,3429,2092,1240,0,0.009325344
Warm B,551591,3399,3398,2092,1240,0,0.0068788137
Warm B,547497,3378,3377,2092,1240,0,0.0012312158
Warm B,512541,3163,3162,2092,1240,0,0.0031646967
Warm B,509709,3140,3139,2092,1240,0,0.007851371
Warm B,766000,4561,4560,2092,1240,1,0.0002409207
Warm B,493735,3032,3031,2092,1240,1,0.007497836
Warm B,489444,3013,3012,2092,1240,0,0.010856147
Warm B,456304,2810,2809,2092,1240,0,0.006777754
Warm B,445485,2748,2747,2092,1240,0,0.0059521315
Warm B,442209,2722,2721,2092,1240,0,0.0050896155
Warm B,429977,2621,2620,2092,1240,0,0.0006790217
Warm B,418402,2529,2528,2092,1240,0,0.0043130415
Warm B,409461,2457,2456,2092,1240,0,0.010967837
Warm B,373305,2180,2179,2092,1240,0,0.0031182219
Warm B,345393,2026,2025,2092,1240,0,0.0011627001
Warm B,345749,2029,2028,2092,1240,0,0.0049360353
Warm B,346937,2035,2034,2092,1240,0,0.011503501
Warm B,341376,2012,2011,2092,1240,0,0.0066871345
Warm B,340392,2010,2009,2092,1240,0,0.004579194
Warm B,362666,2116,2115,2092,1240,0,0.020269163
Warm B,321789,1909,1908,2092,1240,0,0.006476273
Warm B,321553,1907,1906,2092,1240,0,0.007883548
Warm B,314894,1880,1879,2092,1240,0,0.0070589148
Warm B,274845,1664,1663,2092,1240,0,-0.0060629705
Warm B,277364,1676,1675,2092,1240,0,0.003411493
Warm B,247274,1495,1494,2092,1240,0,0.0049536647
Warm B,218506,1325,1324,2092,1240,0,0.0027008825
Warm B,216164,1312,1311,2092,1240,0,0.00089413766
Warm B,215976,1311,1310,2092,1240,0,0.0048641004
Warm B,278547,1680,1679,2092,1240,0,0.0061545814
Warm B,272612,1647,1646,2092,1240,0,0.011532953
Warm B,591686,3610,3609,2092,1240,0,-0.006849583
Warm B,235798,1427,1426,2092,1240,0,-0.0008725885
Warm B,293075,1746,1745,2092,1240,1,0.008519815
Warm B,327518,1941,1940,2092,1240,0,0.0054129316
Warm B,183464,1142,1141,2092,1240,0,0.0036926405
Warm B,177862,1120,1119,2092,1240,0,0.00633505
Warm B,248629,1501,1500,2092,1240,0,0.008017326
Warm B,175284,1112,1111,2092,1240,0,0.0021632041
Warm B,167630,1068,1067,2092,1240,0,0.0054539144
Warm B,227529,1380,1379,2092,1240,0,0.013748844
Warm B,342146,2015,2014,2092,1240,0,0.008090812
Warm B,249140,1502,1501,2092,1240,1,0.0073100417
Warm B,137694,889,888,2092,1240,0,0.012818847
Warm B,133754,866,865,2092,1240,0,0.005811261
Warm B,133980,869,868,2092,1240,0,0.0006769623
Warm B,128754,836,835,2092,1240,1,-0.004918313
Warm B,351331,2063,2062,2092,1240,0,0.008939536
Warm B,127200,822,821,2092,1240,0,0.002364594
Warm B,262945,1605,1604,2092,1240,0,0.007394892
Warm B,126449,817,816,2092,1240,1,-0.0012205995
Warm B,125404,807,806,2092,1240,1,-0.0024655396
Warm B,124141,800,799,2092,1240,0,0.0041665314
Warm B,360425,2106,2105,2092,1240,0,0.001370054
Warm B,234688,1425,1424,2092,1240,0,0.006694099
Warm B,116772,753,752,2092,1240,1,0.0026882808
Warm B,114684,746,745,2092,1240,0,0.0055369325
Warm B,216356,1314,1313,2092,1240,0,0.0019701412
Warm B,107136,705,704,2092,1240,0,0.00034600566
Warm B,105828,699,698,2092,1240,0,0.0051214737
Warm B,99283,662,661,2092,1240,0,-0.00358905
Warm B,109150,714,713,2092,1240,0,0.0092513375
Warm B,87170,570,569,2092,1240,0,0.009783323
Warm B,81176,541,540,2092,1240,0,0.0044857273
Warm B,83820,550,549,2092,1240,0,0.00888156
Warm B,86439,566,565,2092,1240,0,0.007646957
Warm B,72742,490,489,2092,1240,0,0.0043577305
Warm B,69751,470,469,2092,1240,0,0.0019012832
Warm B,81434,543,542,2092,1240,0,0.007996367
Warm B,43797,301,300,2092,1240,0,-0.0006763501
Warm B,54335,355,354,2092,1240,0,0.005929338
Warm B,29591,202,201,2092,1240,0,0.0072602127
Warm B,365136,2125,2124,2092,1240,0,0.005633182
Warm B,14343,117,116,2092,1240,0,0.003770479
Warm B,10452,75,74,2092,1240,0,-0.0064372956
Warm B,172444,1092,1091,2092,1240,1,0.0058494452
Warm B,79071,531,530,2092,1240,0,0.007624602
Warm B,794311,4750,4749,2092,1240,1,0.0037978187
Warm B,530197,3274,3273,2092,1240,0,0.019012222
Warm B,552031,3401,3400,2092,1240,0,0.0113999285
Warm B,139108,890,889,2092,1240,1,0.009353211
Warm B,65138,438,437,2092,1240,0,0.0043843575
Warm B,358180,2097,2096,2092,1240,0,0.0061324686
Warm B,95301,639,638,2092,1240,0,0.0017592455
Warm B,385949,2258,2257,2092,1240,0,0.0013820139
Warm B,286385,1710,1709,2092,1240,0,0.0013385206
Warm B,11847,92,91,2092,1240,0,0.00039956596
Warm B,376296,2195,2194,2092,1240,0,-0.0048532235
Warm B,101888,678,677,2092,1240,0,0.0050022164
Warm B,171198,1088,1087,2092,1240,0,0.007827114
Warm B,27869,195,194,2092,1240,0,0.011928499
Warm B,222704,1348,1347,2092,1240,0,0.0030477592
Warm B,264896,1611,1610,2092,1240,0,0.003740213
Warm B,768555,4579,4578,2092,1240,0,0.010464803
Warm B,259259,1587,1586,2092,1240,0,0.009354229
Warm B,255412,1556,1555,2092,1240,0,0.005302844
Warm B,656019,3953,3952,2092,1240,0,-0.0014491235
Warm B,469790,2895,2894,2095,1243,1,1.6403385e-05
Warm B,453444,2793,2792,2095,1243,1,0.00067917304
Warm B,435683,2664,2663,2095,1243,0,0.0028237314
Warm B,416306,2507,2506,2095,1243,0,0.0045493566
Warm B,418407,2529,2528,2095,1243,0,-0.0012437447
Warm B,373769,2181,2180,2095,1243,0,-0.005182524
Warm B,361375,2109,2108,2095,1243,0,0.0007848975
Warm B,333692,1969,1968,2095,1243,1,0.0012168579
Warm B,297278,1764,1763,2095,1243,0,-0.010384876
Warm B,298932,1776,1775,2095,1243,0,0.009369287
Warm B,273441,1648,1647,2095,1243,0,0.010539275
Warm B,286191,1709,1708,2095,1243,1,-0.0010691503
Warm B,261558,1599,1598,2095,1243,1,0.00014532637
Warm B,436113,2665,2664,2095,1243,0,-0.009798851
Warm B,346023,2030,2029,2095,1243,0,-0.0024164806
Warm B,360430,2106,2105,2095,1243,0,-0.010770216
Warm B,265488,1613,1612,2095,1243,0,0.003974534
Warm B,231543,1404,1403,2095,1243,0,0.0018282151
Warm B,219676,1333,1332,2095,1243,0,0.0026380692
Warm B,278556,1680,1679,2095,1243,1,6.654952e-05
Warm B,198747,1221,1220,2095,1243,0,0.009231603
Warm B,327527,1941,1940,2095,1243,1,-0.0096234875
Warm B,188375,1169,1168,2095,1243,0,-0.0074059884
Warm B,184803,1150,1149,2095,1243,0,-0.0015907886
Warm B,173470,1100,1099,2095,1243,0,-0.01162261
Warm B,162148,1034,1033,2095,1243,0,-0.005030984
Warm B,336841,1983,1982,2095,1243,1,-0.0027793362
Warm B,216762,1317,1316,2095,1243,0,0.0025967248
Warm B,127202,822,821,2095,1243,1,0.0063743023
Warm B,314898,1880,1879,2095,1243,0,0.0010725458
Warm B,124144,800,799,2095,1243,1,0.0006868865
Warm B,262950,1605,1604,2095,1243,0,-0.00018502807
Warm B,93729,629,628,2095,1243,0,0.002551674
Warm B,351336,2063,2062,2095,1243,0,-0.010520207
Warm B,85194,556,555,2095,1243,0,0.0046586962
Warm B,233852,1422,1421,2095,1243,0,0.0068701142
Warm B,83826,550,549,2095,1243,0,-0.0006469153
Warm B,43537,300,299,2095,1243,1,0.008127436
Warm B,41303,279,278,2095,1243,0,2.9894058e-05
Warm B,192645,1186,1185,2095,1243,1,-0.0059509557
Warm B,552036,3401,3400,2095,1243,0,0.010272931
Warm B,65142,438,437,2095,1243,0,0.0053803083
Warm B,954176,5761,5760,2095,1243,0,0.0006977706
Warm B,325995,1930,1929,2095,1243,0,-0.00806405
Warm B,347832,2041,2040,2095,1243,0,0.0050284145
Warm B,130437,846,845,2095,1243,1,0.0038558675
Warm B,164224,1051,1050,2095,1243,0,-0.0067848936
Warm B,95304,639,638,2095,1243,1,-0.002826051
Warm B,257388,1579,1578,2095,1243,1,-0.001711027
Warm B,101895,678,677,2095,1243,0,0.00017367012
Warm B,632886,3824,3823,2095,1243,0,-0.013454464
Warm B,133984,869,868,2095,1243,0,-0.0022022938
Warm B,335413,1980,1979,2095,1243,0,-0.002036641
Warm B,93732,629,628,2098,1246,1,-0.005145454
Warm B,425587,2583,2582,2098,1246,1,0.0066894526
Warm B,95307,639,638,2098,1246,1,0.014747815
Warm B,233856,1422,1421,2098,1246,0,0.00089997624
Warm B,83834,550,549,2098,1246,0,0.00847883
Warm B,73048,494,493,2098,1246,1,-0.0029919231
Warm B,70620,476,475,2098,1246,0,0.0075485175
Warm B,64723,434,433,2098,1246,0,-0.0019739193
Warm B,177870,1120,1119,2098,1246,0,0.018710554
Warm B,31775,216,215,2098,1246,0,0.016265683
Warm B,13663,109,108,2098,1246,1,0.005646275
Warm B,60503,411,410,2098,1246,0,0.014327567
Warm B,216768,1317,1316,2098,1246,0,0.0001031172
Warm B,993791,6002,6001,2098,1246,1,0.00682531
Warm B,699546,4186,4185,2098,1246,0,0.012282353
Warm B,346556,2031,2030,2098,1246,1,0.0060982504
Warm B,629419,3808,3807,2102,1249,0,0.009705189
Warm B,638116,3841,3840,2102,1249,0,0.0063574677
Warm B,627506,3796,3795,2102,1249,0,0.0053107357
Warm B,670235,4028,4027,2102,1249,0,0.028584648
Warm B,612900,3715,3714,2102,1249,1,0.006349624
Warm B,992361,5996,5995,2102,1249,1,0.016970912
Warm B,604196,3675,3674,2102,1249,0,0.009889422
Warm B,595225,3621,3620,2102,1249,1,0.014541475
Warm B,593033,3615,3614,2102,1249,1,0.006840268
Warm B,587889,3589,3588,2102,1249,0,0.013373602
Warm B,728129,4354,4353,2102,1249,1,0.0011157761
Warm B,696251,4169,4168,2102,1249,1,0.008183688
Warm B,566219,3476,3475,2102,1249,0,-0.0041915304
Warm B,832960,5008,5007,2102,1249,0,0.0034450695
Warm B,550099,3391,3390,2102,1249,0,0.0029496376
Warm B,577147,3526,3525,2102,1249,0,0.011819882
Warm B,552941,3402,3401,2102,1249,1,0.013757812
Warm B,556230,3418,3417,2102,1249,0,-0.0021508634
Warm B,533289,3292,3291,2102,1249,1,0.014543398
Warm B,529678,3272,3271,2102,1249,1,0.024461918
Warm B,519481,3205,3204,2102,1249,0,0.004587813
Warm B,512814,3163,3162,2102,1249,1,0.009860573
Warm B,503817,3096,3095,2102,1249,0,0.0060815997
Warm B,500879,3077,3076,2102,1249,0,0.002561449
Warm B,713021,4277,4276,2102,1249,1,0.0125958705
Warm B,633212,3824,3823,2102,1249,1,0.010007154
Warm B,491797,3025,3024,2102,1249,0,0.0052716476
Warm B,487567,2999,2998,2102,1249,1,0.0036757363
Warm B,517861,3196,3195,2102,1249,0,0.011152117
Warm B,479246,2941,2940,2102,1249,1,0.004810248
Warm B,475881,2920,2919,2102,1249,1,-0.00045300648
Warm B,473586,2909,2908,2102,1249,0,0.01218055
Warm B,738142,4411,4410,2102,1249,0,0.0048849955
Warm B,445352,2747,2746,2102,1249,1,0.00966716
Warm B,440638,2695,2694,2102,1249,0,0.009168489
Warm B,437419,2670,2669,2102,1249,0,-0.0033260817
Warm B,427786,2599,2598,2102,1249,0,0.002121972
Warm B,429133,2611,2610,2102,1249,0,0.0040581743
Warm B,424117,2571,2570,2102,1249,1,0.0019535506
Warm B,419758,2537,2536,2102,1249,0,0.010126663
Warm B,418654,2529,2528,2102,1249,1,0.015628343
Warm B,416574,2507,2506,2102,1249,1,0.010359287
Warm B,394665,2329,2328,2102,1249,0,0.007793284
Warm B,385698,2255,2254,2102,1249,1,0.0046008117
Warm B,381638,2231,2230,2102,1249,1,0.014926516
Warm B,372827,2177,2176,2102,1249,1,0.016517382
Warm B,373426,2180,2179,2102,1249,0,0.0067356545
Warm B,374051,2181,2180,2102,1249,0,0.017383449
Warm B,369502,2162,2161,2102,1249,1,0.012668472
Warm B,367743,2147,2146,2102,1249,1,-0.0035099317
Warm B,364734,2124,2123,2102,1249,1,0.010779739
Warm B,354082,2073,2072,2102,1249,0,0.0045363745
Warm B,345798,2029,2028,2102,1249,0,0.0075707976
Warm B,345096,2024,2023,2102,1249,0,0.002359211
Warm B,341573,2012,2011,2102,1249,1,0.004602954
Warm B,333822,1969,1968,2102,1249,0,0.0062848916
Warm B,326985,1938,1937,2102,1249,0,0.0035616285
Warm B,317202,1885,1884,2102,1249,0,-0.0018276908
Warm B,323161,1916,1915,2102,1249,0,0.007512915
Warm B,310417,1850,1849,2102,1249,0,-0.00036284665
Warm B,289640,1728,1727,2102,1249,1,-0.0014032586
Warm B,285937,1706,1705,2102,1249,0,0.0060300967
Warm B,277663,1676,1675,2102,1249,1,0.018093092
Warm B,268513,1631,1630,2102,1249,1,0.00012688432
Warm B,346179,2030,2029,2102,1249,1,0.014420171
Warm B,258997,1586,1585,2102,1249,0,0.014282062
Warm B,436392,2665,2664,2102,1249,0,0.0045322655
Warm B,235568,1426,1425,2102,1249,1,0.01060022
Warm B,258413,1584,1583,2102,1249,0,0.009614594
Warm B,228928,1387,1386,2102,1249,0,0.007319453
Warm B,242782,1465,1464,2102,1249,1,0.016472165
Warm B,284137,1698,1697,2102,1249,1,0.014345455
Warm B,253275,1540,1539,2102,1249,0,0.0010616656
Warm B,218579,1325,1324,2102,1249,1,-0.0021026512
Warm B,218001,1322,1321,2102,1249,1,-0.0017133658
Warm B,318132,1890,1889,2102,1249,0,0.0088648675
Warm B,213893,1299,1298,2102,1249,1,0.014763713
Warm B,591950,3610,3609,2102,1249,0,0.010904923
Warm B,199774,1226,1225,2102,1249,1,0.00022417866
Warm B,235838,1427,1426,2102,1249,0,0.015328225
Warm B,293169,1746,1745,2102,1249,1,0.0023423887
Warm B,328071,1941,1940,2102,1249,1,0.007870439
Warm B,182775,1140,1139,2102,1249,0,0.013360112
Warm B,173644,1100,1099,2102,1249,0,-0.0032680554
Warm B,248808,1501,1500,2102,1249,1,0.0028168585
Warm B,167836,1068,1067,2102,1249,0,0.012058068
Warm B,155861,1004,1003,2102,1249,1,0.0017855123
Warm B,269920,1635,1634,2102,1249,1,0.014965878
Warm B,185242,1150,1149,2102,1249,0,0.0139926765
Warm B,276938,1675,1674,2102,1249,1,0.015150135
Warm B,347364,2038,2037,2102,1249,0,0.01653559
Warm B,138238,889,888,2102,1249,0,0.00982434
Warm B,121123,780,779,2102,1249,0,0.011194864
Warm B,240036,1449,1448,2102,1249,0,0.0068179974
Warm B,178098,1120,1119,2102,1249,1,0.0071149613
Warm B,126295,816,815,2102,1249,1,0.019891512
Warm B,112448,731,730,2102,1249,1,0.008997073
Warm B,108501,711,710,2102,1249,1,-0.0052452413
Warm B,108703,712,711,2102,1249,0,0.012810793
Warm B,98134,656,655,2102,1249,1,0.019082457
Warm B,123398,796,795,2102,1249,1,0.014141283
Warm B,93779,629,628,2102,1249,0,0.006928726
Warm B,222071,1343,1342,2102,1249,1,-0.0014724452
Warm B,339165,1998,1997,2102,1249,1,0.017670356
Warm B,85252,556,555,2102,1249,1,-0.003531985
Warm B,84135,550,549,2102,1249,1,0.011427347
Warm B,83087,549,548,2102,1249,0,0.0042308946
Warm B,396943,2350,2349,2102,1249,1,-0.009985851
Warm B,119229,770,769,2102,1249,0,0.015261862
Warm B,73472,498,497,2102,1249,1,0.0050521125
Warm B,72760,490,489,2102,1249,0,0.01063077
Warm B,274195,1657,1656,2102,1249,0,0.0047000353
Warm B,69770,470,469,2102,1249,1,0.0068703955
Warm B,66772,447,446,2102,1249,1,0.005832509
Warm B,48938,327,326,2102,1249,0,-0.0067715123
Warm B,338113,1988,1987,2102,1249,1,0.0130213685
Warm B,44087,301,300,2102,1249,1,0.009205708
Warm B,65336,438,437,2102,1249,0,0.019131126
Warm B,32395,216,215,2102,1249,0,0.015301457
Warm B,26198,186,185,2102,1249,1,0.023438096
Warm B,25283,178,177,2102,1249,0,0.004875262
Warm B,148736,957,956,2102,1249,1,0.008803409
Warm B,18192,139,138,2102,1249,0,0.0043006656
Warm B,13953,112,111,2102,1249,0,0.0069489554
Warm B,351799,2063,2062,2102,1249,0,0.017711252
Warm B,892944,5394,5393,2102,1249,0,0.008817057
Warm B,954214,5761,5760,2102,1249,0,0.011411615
Warm B,241862,1457,1456,2102,1249,0,-9.806699e-05
Warm B,12181,92,91,2102,1249,0,0.012371394
Warm B,927545,5605,5604,2102,1249,0,0.013504949
Warm B,102217,678,677,2102,1249,1,0.01825729
Warm B,161328,1029,1028,2102,1249,0,0.0036717062
Warm B,46188,308,307,2102,1249,1,0.017285142
Warm B,50717,333,332,2102,1249,1,0.011466874
Warm B,639079,3842,3841,2102,1249,1,-0.003275224
Warm B,878999,5312,5311,2102,1249,1,0.020401226
Warm B,489594,3013,3012,2102,1249,0,0.015327569
Warm B,758573,4510,4509,2106,1251,0,0.018106207
Warm B,578502,3536,3535,2106,1251,1,0.010941023
Warm B,579308,3539,3538,2106,1251,1,0.015615886
Warm B,713024,4277,4276,2106,1251,1,0.019484561
Warm B,593807,3618,3617,2106,1251,1,0.022607656
Warm B,577149,3526,3525,2106,1251,0,0.0052941283
Warm B,550103,3391,3390,2106,1251,1,0.01905723
Warm B,546796,3371,3370,2106,1251,0,0.013655005
Warm B,544683,3358,3357,2106,1251,1,0.011484889
Warm B,535984,3308,3307,2106,1251,1,0.0127382185
Warm B,608258,3690,3689,2106,1251,0,0.018313052
Warm B,527858,3263,3262,2106,1251,1,0.011514975
Warm B,526747,3259,3258,2106,1251,1,0.013807169
Warm B,519482,3205,3204,2106,1251,1,0.014223958
Warm B,521432,3217,3216,2106,1251,1,0.008812372
Warm B,658366,3967,3966,2106,1251,0,-0.0010489859
Warm B,526224,3253,3252,2106,1251,1,0.002026797
Warm B,548547,3386,3385,2106,1251,0,0.011890246
Warm B,571048,3503,3502,2106,1251,1,0.01486884
Warm B,738145,4411,4410,2106,1251,0,0.015235558
Warm B,499400,3067,3066,2106,1251,1,0.015138438
Warm B,499955,3069,3068,2106,1251,0,0.0028522098
Warm B,493370,3031,3030,2106,1251,1,0.02685828
Warm B,488341,3004,3003,2106,1251,1,0.009492566
Warm B,497209,3054,3053,2106,1251,0,0.008626724
Warm B,487890,3001,3000,2106,1251,0,0.015384296
Warm B,483072,2968,2967,2106,1251,1,0.017882813
Warm B,468411,2887,2886,2106,1251,1,0.020688394
Warm B,459927,2837,2836,2106,1251,0,0.013560109
Warm B,465987,2873,2872,2106,1251,0,0.011008216
Warm B,492708,3029,3028,2106,1251,1,0.017410332
Warm B,450842,2777,2776,2106,1251,0,0.010871207
Warm B,449352,2771,2770,2106,1251,0,0.017874036
Warm B,443811,2737,2736,2106,1251,1,0.013829962
Warm B,439929,2689,2688,2106,1251,0,0.007483502
Warm B,430488,2624,2623,2106,1251,1,0.0065529263
Warm B,430072,2621,2620,2106,1251,0,0.017349372
Warm B,412812,2484,2483,2106,1251,0,0.020073086
Warm B,408672,2454,2453,2106,1251,0,0.011567136
Warm B,404005,2414,2413,2106,1251,1,0.019280026
Warm B,395870,2340,2339,2106,1251,1,0.019200217
Warm B,386058,2258,2257,2106,1251,1,0.010958458
Warm B,384106,2244,2243,2106,1251,0,0.017341271
Warm B,375573,2188,2187,2106,1251,0,0.010965995
Warm B,351171,2062,2061,2106,1251,0,0.011612335
Warm B,351803,2063,2062,2106,1251,0,0.034501802
Warm B,335865,1980,1979,2106,1251,0,0.021268638
Warm B,330284,1949,1948,2106,1251,1,0.017547466
Warm B,330525,1951,1950,2106,1251,0,0.0013399809
Warm B,296044,1757,1756,2106,1251,1,0.013163606
Warm B,275097,1666,1665,2106,1251,0,-0.00077583827
Warm B,272176,1645,1644,2106,1251,1,0.012636857
Warm B,265751,1613,1612,2106,1251,0,0.02884762
Warm B,218810,1327,1326,2106,1251,1,0.007374449
Warm B,252836,1532,1531,2106,1251,0,0.018628651
Warm B,279183,1680,1679,2106,1251,0,0.014211794
Warm B,196496,1207,1206,2106,1251,0,0.021813516
Warm B,342447,2015,2014,2106,1251,0,0.006446643
Warm B,188959,1172,1171,2106,1251,1,0.015727596
Warm B,263293,1605,1604,2106,1251,1,0.016868066
Warm B,165997,1058,1057,2106,1251,1,0.021128455
Warm B,190881,1181,1180,2106,1251,0,0.022611365
Warm B,158154,1015,1014,2106,1251,0,0.020454934
Warm B,146939,948,947,2106,1251,0,0.0071598124
Warm B,144640,933,932,2106,1251,1,0.015652101
Warm B,138244,889,888,2106,1251,0,0.017515993
Warm B,141507,911,910,2106,1251,1,0.020938952
Warm B,136560,881,880,2106,1251,0,0.017539404
Warm B,131897,854,853,2106,1251,0,0.009082232
Warm B,178101,1120,1119,2106,1251,1,0.007631884
Warm B,116171,752,751,2106,1251,0,0.013505161
Warm B,115377,749,748,2106,1251,0,0.0046485667
Warm B,100832,673,672,2106,1251,0,0.011127723
Warm B,109282,714,713,2106,1251,1,0.016378514
Warm B,98418,659,658,2106,1251,1,0.010161376
Warm B,90642,601,600,2106,1251,0,0.004771906
Warm B,69678,468,467,2106,1251,0,0.010870211
Warm B,70157,474,473,2106,1251,0,0.021147186
Warm B,60287,409,408,2106,1251,1,0.016960341
Warm B,61481,412,411,2106,1251,1,0.01721283
Warm B,52770,347,346,2106,1251,0,0.012781802
Warm B,54139,352,351,2106,1251,0,0.008156979
Warm B,52668,346,345,2106,1251,1,0.012982242
Warm B,78447,528,527,2106,1251,1,0.014014174
Warm B,132448,855,854,2106,1251,0,0.020491604
Warm B,47779,319,318,2106,1251,0,0.022491805
Warm B,360752,2106,2105,2106,1251,0,0.0077694966
Warm B,58263,392,391,2106,1251,0,0.013657367
Warm B,89999,593,592,2106,1251,1,0.004150058
Warm B,696255,4169,4168,2106,1251,0,0.020291265
Warm B,33724,225,224,2106,1251,0,0.025038552
Warm B,26719,189,188,2106,1251,1,0.0018985061
Warm B,537116,3311,3310,2106,1251,0,0.00552472
Warm B,248813,1501,1500,2106,1251,1,0.01399195
Warm B,8028,53,52,2106,1251,1,0.011960537
Warm B,3743,26,25,2106,1251,0,0.018022316
Warm B,223522,1354,1353,2106,1251,1,0.008862754
Warm B,1329,11,10,2106,1251,0,0.011574415
Warm B,55748,368,367,2106,1251,0,0.00825175
Warm B,237882,1447,1446,2106,1251,0,0.027151946
Warm B,181986,1137,1136,2106,1251,0,0.019585963
Warm B,23924,169,168,2106,1251,0,0.010372783
Warm B,365744,2129,2128,2106,1251,0,0.015810896
Warm B,447331,2756,2755,2106,1251,1,0.011613063
Warm B,164520,1051,1050,2106,1251,0,0.026193777
Warm B,512819,3163,3162,2106,1251,1,0.020931773
Warm B,927547,5605,5604,2106,1251,1,0.02220566
Warm B,102221,678,677,2106,1251,1,0.02956193
Warm B,33229,224,223,2106,1251,0,0.009223378
Warm B,11719,90,89,2106,1251,0,0.013030679
Warm B,599233,3648,3647,2106,1251,0,0.019474654
Warm B,46193,308,307,2106,1251,1,0.012356287
Warm B,547571,3378,3377,2106,1251,1,0.0022056422
Warm B,562563,3462,3461,2106,1251,1,0.015982121
Warm B,348008,2041,2040,2106,1251,0,0.014104009
Warm B,507749,3125,3124,2106,1251,1,0.015108108
Warm B,41338,279,278,2106,1251,0,0.012957182
Warm B,977868,5892,5891,2106,1251,0,0.015031623
Warm B,561573,3454,3453,2106,1251,0,0.017863762
Warm B,657516,3963,3962,2106,1251,1,0.021801777
Warm B,537900,3312,3311,2106,1251,0,0.010831603
Warm B,293737,1748,1747,2106,1251,0,0.0094793625
Warm B,183189,1141,1140,2106,1251,0,0.013836887
Warm B,683968,4089,4088,2106,1251,1,0.020823933
Warm B,26028,184,183,2106,1251,0,0.019302513
Warm B,636903,3836,3835,2107,1252,0,0.0060088225
Warm B,629425,3808,3807,2107,1252,1,-0.00804741
Warm B,627925,3801,3800,2107,1252,1,-0.0012934972
Warm B,623359,3771,3770,2107,1252,1,0.01221027
Warm B,617288,3736,3735,2107,1252,1,-0.0015610801
Warm B,747099,4458,4457,2107,1252,0,0.0019733834
Warm B,604837,3677,3676,2107,1252,1,1.21057965e-05
Warm B,621199,3762,3761,2107,1252,0,0.0039393734
Warm B,600011,3650,3649,2107,1252,0,0.015493263
Warm B,606492,3683,3682,2107,1252,0,0.009098489
Warm B,593809,3618,3617,2107,1252,0,0.011986259
Warm B,596553,3626,3625,2107,1252,1,0.0058768755
Warm B,939902,5675,5674,2107,1252,0,0.011590151
Warm B,758574,4510,4509,2107,1252,0,0.0068400665
Warm B,569199,3491,3490,2107,1252,1,0.011508989
Warm B,555777,3416,3415,2107,1252,0,0.0010906532
Warm B,554480,3411,3410,2107,1252,0,0.014823986
Warm B,547377,3377,3376,2107,1252,0,0.00862183
Warm B,577152,3526,3525,2107,1252,0,-0.006249564
Warm B,541509,3332,3331,2107,1252,0,0.006906947
Warm B,535985,3308,3307,2107,1252,0,0.012176294
Warm B,532127,3285,3284,2107,1252,0,0.003858813
Warm B,528167,3265,3264,2107,1252,0,0.0054557356
Warm B,520008,3208,3207,2107,1252,0,0.0019141047
Warm B,516950,3191,3190,2107,1252,0,-0.001279935
Warm B,566225,3476,3475,2107,1252,0,0.008862179
Warm B,509807,3140,3139,2107,1252,0,0.002149771
Warm B,507225,3121,3120,2107,1252,1,0.011065472
Warm B,516448,3189,3188,2107,1252,0,-0.0026344908
Warm B,495996,3046,3045,2107,1252,0,-0.0018797135
Warm B,494111,3032,3031,2107,1252,0,0.010063952
Warm B,487891,3001,3000,2107,1252,0,0.004001352
Warm B,483494,2972,2971,2107,1252,0,-0.0005554911
Warm B,473591,2909,2908,2107,1252,1,0.008380064
Warm B,710146,4260,4259,2107,1252,0,0.011975156
Warm B,463283,2857,2856,2107,1252,0,0.004730406
Warm B,457900,2820,2819,2107,1252,0,0.007085307
Warm B,790409,4728,4727,2107,1252,1,0.008317641
Warm B,426467,2590,2589,2107,1252,1,0.0061572483
Warm B,415753,2504,2503,2107,1252,0,0.008163834
Warm B,409606,2457,2456,2107,1252,0,-0.004859741
Warm B,397189,2352,2351,2107,1252,0,0.0013051303
Warm B,406784,2444,2443,2107,1252,0,0.007917763
Warm B,371215,2169,2168,2107,1252,1,0.0056696814
Warm B,374056,2181,2180,2107,1252,1,0.012114671
Warm B,369910,2164,2163,2107,1252,1,-0.0024289938
Warm B,367326,2144,2143,2107,1252,1,0.0025595617
Warm B,366161,2131,2130,2107,1252,1,0.0013497379
Warm B,363009,2116,2115,2107,1252,1,0.013305627
Warm B,358490,2098,2097,2107,1252,1,0.0095373485
Warm B,361616,2109,2108,2107,1252,0,-0.001006749
Warm B,344417,2021,2020,2107,1252,0,0.0065264115
Warm B,323507,1919,1918,2107,1252,1,0.0035295803
Warm B,297479,1764,1763,2107,1252,1,-0.0057700253
Warm B,322339,1912,1911,2107,1252,0,0.0075017195
Warm B,303526,1803,1802,2107,1252,0,0.003649562
Warm B,302125,1794,1793,2107,1252,0,0.009146999
Warm B,279185,1680,1679,2107,1252,1,0.007988779
Warm B,277666,1676,1675,2107,1252,0,0.0050329613
Warm B,276941,1675,1674,2107,1252,0,0.0005200603
Warm B,271458,1641,1640,2107,1252,0,0.0015191194
Warm B,275099,1666,1665,2107,1252,0,0.0037513762
Warm B,273710,1650,1649,2107,1252,0,0.0067270244
Warm B,267558,1626,1625,2107,1252,0,0.0078039016
Warm B,392169,2304,2303,2107,1252,0,0.009573302
Warm B,360753,2106,2105,2107,1252,0,0.009503003
Warm B,236374,1434,1433,2107,1252,0,0.0014748556
Warm B,221807,1341,1340,2107,1252,1,-0.0012307956
Warm B,221894,1342,1341,2107,1252,0,0.016360832
Warm B,225574,1366,1365,2107,1252,1,0.00568587
Warm B,214083,1300,1299,2107,1252,1,0.011493334
Warm B,226381,1370,1369,2107,1252,0,0.006747584
Warm B,209195,1277,1276,2107,1252,1,-0.0002771197
Warm B,213439,1298,1297,2107,1252,1,0.0047206087
Warm B,210134,1284,1283,2107,1252,0,0.004543673
Warm B,196497,1207,1206,2107,1252,0,0.0028092903
Warm B,194024,1195,1194,2107,1252,1,0.0056803133
Warm B,328078,1941,1940,2107,1252,0,0.010175656
Warm B,183543,1142,1141,2107,1252,0,0.007992102
Warm B,210914,1285,1284,2107,1252,0,0.0054202382
Warm B,307413,1835,1834,2107,1252,0,0.0077386596
Warm B,175002,1109,1108,2107,1252,0,0.0004104562
Warm B,256185,1562,1561,2107,1252,0,0.0051723504
Warm B,183987,1146,1145,2107,1252,0,-0.0031621105
Warm B,175503,1112,1111,2107,1252,0,0.013045691
Warm B,166832,1061,1060,2107,1252,0,0.005345514
Warm B,221317,1340,1339,2107,1252,0,0.0074316147
Warm B,159243,1017,1016,2107,1252,0,0.0016428595
Warm B,217026,1317,1316,2107,1252,0,0.003907427
Warm B,156840,1010,1009,2107,1252,0,0.008315096
Warm B,134246,869,868,2107,1252,1,0.013850702
Warm B,131898,854,853,2107,1252,0,0.005499792
Warm B,351804,2063,2062,2107,1252,0,0.016714552
Warm B,138246,889,888,2107,1252,0,0.010679458
Warm B,263294,1605,1604,2107,1252,0,0.010307908
Warm B,126573,817,816,2107,1252,0,0.002757558
Warm B,125541,808,807,2107,1252,1,0.013154412
Warm B,114836,746,745,2107,1252,0,0.013519592
Warm B,114084,741,740,2107,1252,1,-0.0023058318
Warm B,117487,757,756,2107,1252,0,0.0036243633
Warm B,107175,705,704,2107,1252,0,0.0007846141
Warm B,107927,710,709,2107,1252,0,0.0021671122
Warm B,176922,1117,1116,2107,1252,0,4.024594e-05
Warm B,82499,548,547,2107,1252,0,0.0041566463
Warm B,108705,712,711,2107,1252,0,0.0014946023
Warm B,57710,390,389,2107,1252,0,0.009694003
Warm B,68204,457,456,2107,1252,0,-0.0013735604
Warm B,46550,310,309,2107,1252,1,0.0088398745
Warm B,45277,305,304,2107,1252,0,0.0023525464
Warm B,44861,302,301,2107,1252,0,0.009762272
Warm B,42013,284,283,2107,1252,0,0.0050217747
Warm B,31125,208,207,2107,1252,0,0.010832259
Warm B,291382,1737,1736,2107,1252,0,-0.0025045625
Warm B,54675,355,354,2107,1252,0,-0.008922131
Warm B,234953,1425,1424,2107,1252,1,0.0064266454
Warm B,99839,667,666,2107,1252,0,0.0044368478
Warm B,22749,163,162,2107,1252,0,0.008061405
Warm B,15850,123,122,2107,1252,0,0.0022180218
Warm B,6487,46,45,2107,1252,1,0.0082294075
Warm B,6131,44,43,2107,1252,0,0.0070076487
Warm B,116831,753,752,2107,1252,1,0.0050711483
Warm B,696257,4169,4168,2107,1252,0,0.013441187
Warm B,237884,1447,1446,2107,1252,0,0.009792647
Warm B,251864,1524,1523,2107,1252,0,0.0037904643
Warm B,365745,2129,2128,2107,1252,1,0.014325157
Warm B,290182,1733,1732,2107,1252,0,0.0036437877
Warm B,265072,1611,1610,2107,1252,0,-0.0008669582
Warm B,682420,4085,4084,2107,1252,1,0.007902529
Warm B,760656,4520,4519,2107,1252,1,0.0054147597
Warm B,79376,531,530,2107,1252,0,0.0041543287
Warm B,907637,5492,5491,2107,1252,0,0.008626063
Warm B,137226,884,883,2107,1252,0,0.012657267
Warm B,562564,3462,3461,2107,1252,0,0.014848249
Warm B,689844,4126,4125,2107,1252,0,0.0030518807
Warm B,474359,2910,2909,2107,1252,0,0.0125971055
Warm B,62906,424,423,2107,1252,1,0.0028693085
Warm B,936534,5650,5649,2107,1252,0,0.008276157
Warm B,171601,1088,1087,2107,1252,0,0.003980791
Warm B,937209,5654,5653,2107,1252,0,-5.8513135e-05
Warm B,133287,860,859,2113,1258,1,0.0080465
Warm B,133170,859,858,2113,1258,0,-0.0076684505
Warm B,125543,808,807,2113,1258,0,0.008579095
Warm B,574300,3516,3515,2113,1258,0,0.0062124575
Warm B,92746,621,620,2113,1258,0,0.0075421277
Warm B,115381,749,748,2113,1258,0,0.011084894
Warm B,81658,543,542,2113,1258,0,0.007025532
Warm B,45279,305,304,2113,1258,0,0.0049258703
Warm B,44878,302,301,2113,1258,0,0.00428776
Warm B,238913,1448,1447,2113,1258,0,0.012747863
Warm B,41291,278,277,2113,1258,0,0.0075123603
Warm B,22760,163,162,2113,1258,0,0.014699236
Warm B,14734,117,116,2113,1258,0,0.02443905
Warm B,365748,2129,2128,2113,1258,0,0.0054060137
Warm B,265076,1611,1610,2113,1258,0,0.014761195
Warm B,237892,1447,1446,2113,1258,0,0.014419895
Warm B,62914,424,423,2113,1258,0,0.016748618
Warm B,328090,1941,1940,2113,1258,0,0.02071412
Warm B,28542,195,194,2113,1258,0,0.030249294
Warm B,596561,3626,3625,2119,1264,0,0.008936346
Warm B,577745,3528,3527,2119,1264,0,0.0028713646
Warm B,569210,3491,3490,2119,1264,0,0.0067804963
Warm B,581324,3550,3549,2119,1264,0,0.009526594
Warm B,771741,4600,4599,2119,1264,0,0.009078036
Warm B,573532,3512,3511,2119,1264,0,0.01246131
Warm B,645270,3885,3884,2119,1264,0,0.003388677
Warm B,550126,3391,3390,2119,1264,0,0.010138486
Warm B,537127,3311,3310,2119,1264,0,0.0069449455
Warm B,532137,3285,3284,2119,1264,0,0.01770295
Warm B,520014,3208,3207,2119,1264,0,0.0071520987
Warm B,517636,3195,3194,2119,1264,1,0.012942042
Warm B,566238,3476,3475,2119,1264,0,0.010421286
Warm B,605782,3681,3680,2119,1264,0,0.019241583
Warm B,494123,3032,3031,2119,1264,1,0.004437669
Warm B,738147,4411,4410,2119,1264,0,0.0014930391
Warm B,486630,2995,2994,2119,1264,0,0.0038383284
Warm B,539890,3320,3319,2119,1264,0,0.016776051
Warm B,479255,2941,2940,2119,1264,0,0.0006511174
Warm B,473604,2909,2908,2119,1264,1,0.008826778
Warm B,426473,2590,2589,2119,1264,0,0.004037113
Warm B,424714,2576,2575,2119,1264,0,0.0066475053
Warm B,409615,2457,2456,2119,1264,0,0.0054043923
Warm B,409192,2456,2455,2119,1264,0,0.009126926
Warm B,412387,2481,2480,2119,1264,0,-0.002921519
Warm B,406586,2439,2438,2119,1264,0,0.0057706553
Warm B,402003,2400,2399,2119,1264,0,0.00049355486
Warm B,385270,2251,2250,2119,1264,0,-0.003319049
Warm B,367327,2144,2143,2119,1264,0,0.003490798
Warm B,375577,2188,2187,2119,1264,0,0.020037983
Warm B,348437,2042,2041,2119,1264,0,0.013442892
Warm B,305631,1819,1818,2119,1264,0,-0.0026120478
Warm B,322344,1912,1911,2119,1264,0,0.0064161564
Warm B,290919,1736,1735,2119,1264,0,0.0041557234
Warm B,291388,1737,1736,2119,1264,1,0.013127561
Warm B,279213,1680,1679,2119,1264,1,0.0062664873
Warm B,276948,1675,1674,2119,1264,0,0.0047136713
Warm B,247672,1496,1495,2119,1264,0,0.023085563
Warm B,226085,1369,1368,2119,1264,0,0.00050555286
Warm B,277675,1676,1675,2119,1264,1,0.007959322
Warm B,205797,1264,1263,2119,1264,0,0.016938208
Warm B,243930,1470,1469,2119,1264,0,0.011202574
Warm B,328094,1941,1940,2119,1264,0,0.0015630024
Warm B,307422,1835,1834,2119,1264,0,0.013215491
Warm B,183992,1146,1145,2119,1264,0,0.007196348
Warm B,160622,1020,1019,2119,1264,0,0.006722183
Warm B,159249,1017,1016,2119,1264,0,0.009405031
Warm B,221328,1340,1339,2119,1264,0,0.006183128
Warm B,134255,869,868,2119,1264,0,0.01570767
Warm B,124874,802,801,2119,1264,0,0.0075723017
Warm B,105602,698,697,2119,1264,0,0.006046959
Warm B,351819,2063,2062,2119,1264,0,0.0075495327
Warm B,92748,621,620,2119,1264,0,-0.0045942524
Warm B,140688,904,903,2119,1264,0,0.0055874186
Warm B,86954,567,566,2119,1264,1,0.0068195513
Warm B,81662,543,542,2119,1264,1,0.004147632
Warm B,82502,548,547,2119,1264,0,0.008700184
Warm B,57717,390,389,2119,1264,1,0.007461176
Warm B,240057,1449,1448,2119,1264,0,0.005099645
Warm B,45282,305,304,2119,1264,0,0.004576415
Warm B,42024,284,283,2119,1264,1,0.010433589
Warm B,41295,278,277,2119,1264,1,0.0061776796
Warm B,269935,1635,1634,2119,1264,0,0.0026310508
Warm B,639093,3842,3841,2119,1264,0,0.00664608
Warm B,238918,1448,1447,2119,1264,0,0.0042152167
Warm B,14744,117,116,2119,1264,0,0.0064589577
Warm B,299060,1776,1775,2119,1264,0,-0.003061641
Warm B,237897,1447,1446,2119,1264,0,0.006003974
Warm B,622104,3768,3767,2119,1264,0,0.0019693738
Warm B,164535,1051,1050,2119,1264,0,0.009396583
Warm B,206850,1266,1265,2119,1264,0,0.0072274692
Warm B,562570,3462,3461,2119,1264,0,0.00556711
Warm B,261183,1597,1596,2119,1264,0,0.00979971
Warm B,286708,1712,1711,2119,1264,0,0.008430149
Warm B,760657,4520,4519,2119,1264,0,0.0061996486
Warm B,310669,1851,1850,2119,1264,0,0.0005860734
Warm B,290194,1733,1732,2119,1264,0,0.006553108
Warm B,88331,583,582,2119,1264,0,0.0029296544
Warm B,3143,23,22,2119,1264,0,0.010024309
Warm B,366164,2131,2130,2119,1264,0,0.0021376135
Warm B,348018,2041,2040,2119,1264,0,0.0032269154
Warm B,454588,2796,2795,2119,1264,0,-0.009420472
Warm B,892951,5394,5393,2119,1264,0,0.008489451
Warm B,44885,302,301,2119,1264,0,0.013560889
Warm B,62921,424,423,2119,1264,0,0.008348309
Warm B,331593,1958,1957,2119,1264,0,0.010403374
Warm B,933450,5636,5635,2119,1264,0,0.0121061895
Warm B,628368,3806,3805,2148,1289,0,0.0057171187
Warm B,628693,3807,3806,2148,1289,0,-0.0010716803
Warm B,628166,3804,3803,2148,1289,0,-4.8428425e-05
Warm B,627940,3801,3800,2148,1289,1,-0.00029593043
Warm B,638186,3841,3840,2148,1289,0,0.0070812507
Warm B,625501,3780,3779,2148,1289,1,0.0036954232
Warm B,624825,3778,3777,2148,1289,0,0.0056338785
Warm B,623391,3771,3770,2148,1289,0,0.010349883
Warm B,615662,3727,3726,2148,1289,0,-0.00021827407
Warm B,607986,3689,3688,2148,1289,0,-0.0015199367
Warm B,744905,4448,4447,2148,1289,1,0.0063708257
Warm B,606530,3683,3682,2148,1289,0,-0.002497252
Warm B,633286,3824,3823,2148,1289,0,0.0063340776
Warm B,596597,3626,3625,2148,1289,1,-0.0042816345
Warm B,731193,4375,4374,2148,1289,1,0.0013687084
Warm B,583457,3562,3561,2148,1289,0,-0.008346548
Warm B,577764,3528,3527,2148,1289,0,-0.005482889
Warm B,569246,3491,3490,2148,1289,1,-0.0051462865
Warm B,584715,3569,3568,2148,1289,1,-0.0012785599
Warm B,543920,3352,3351,2148,1289,1,-0.00092102634
Warm B,571079,3503,3502,2148,1289,1,0.0015408257
Warm B,537169,3311,3310,2148,1289,0,0.003017383
Warm B,539915,3320,3319,2148,1289,0,0.0072714426
Warm B,528195,3265,3264,2148,1289,0,0.00048039365
Warm B,512872,3163,3162,2148,1289,0,0.00254011
Warm B,566279,3476,3475,2148,1289,0,-0.0033804276
Warm B,605807,3681,3680,2148,1289,0,0.0052458504
Warm B,516471,3189,3188,2148,1289,1,-0.00020658225
Warm B,501787,3081,3080,2148,1289,0,0.007835167
Warm B,718576,4305,4304,2148,1289,0,0.008814527
Warm B,641060,3853,3852,2148,1289,1,0.0075847693
Warm B,483948,2976,2975,2148,1289,0,0.0044995574
Warm B,529729,3272,3271,2148,1289,0,0.0036507165
Warm B,479272,2941,2940,2148,1289,0,0.013033513
Warm B,696342,4169,4168,2148,1289,0,0.011625361
Warm B,517890,3196,3195,2148,1289,0,-0.007687905
Warm B,469985,2895,2894,2148,1289,1,-0.009010664
Warm B,710157,4260,4259,2148,1289,1,0.003086853
Warm B,754687,4497,4496,2148,1289,1,-0.0014439982
Warm B,463329,2857,2856,2148,1289,1,0.011255216
Warm B,462242,2852,2851,2148,1289,1,0.005630932
Warm B,446418,2752,2751,2148,1289,0,0.0047639916
Warm B,426496,2590,2589,2148,1289,0,0.0019214314
Warm B,419784,2537,2536,2148,1289,1,0.0055875983
Warm B,415369,2501,2500,2148,1289,0,0.001121498
Warm B,409643,2457,2456,2148,1289,1,-0.0020315042
Warm B,397201,2352,2351,2148,1289,0,0.009465193
Warm B,368631,2155,2154,2148,1289,1,-0.006423235
Warm B,368382,2153,2152,2148,1289,0,0.0007214274
Warm B,342492,2015,2014,2148,1289,0,0.0073144557
Warm B,310992,1852,1851,2148,1289,0,-0.002083112
Warm B,298538,1770,1769,2148,1289,0,0.011543265
Warm B,288278,1722,1721,2148,1289,0,0.0012251945
Warm B,285746,1704,1703,2148,1289,0,-0.0022734478
Warm B,279296,1680,1679,2148,1289,1,-0.004743688
Warm B,277713,1676,1675,2148,1289,0,0.0017158578
Warm B,280479,1683,1682,2148,1289,0,-0.0027017945
Warm B,299084,1776,1775,2148,1289,1,0.0059275534
Warm B,267571,1626,1625,2148,1289,0,-0.0045059947
Warm B,247706,1496,1495,2148,1289,0,0.0019198225
Warm B,227155,1377,1376,2148,1289,0,0.014879534
Warm B,224498,1357,1356,2148,1289,0,0.011604839
Warm B,335934,1980,1979,2148,1289,1,0.010962328
Warm B,328159,1941,1940,2148,1289,0,0.009699782
Warm B,214877,1303,1302,2148,1289,0,0.0002651245
Warm B,307459,1835,1834,2148,1289,0,-0.0014703199
Warm B,180315,1128,1127,2148,1289,0,-0.003679371
Warm B,196520,1207,1206,2148,1289,0,-0.0019116378
Warm B,173674,1100,1099,2148,1289,0,0.0031700665
Warm B,184010,1146,1145,2148,1289,1,0.000999721
Warm B,165638,1056,1055,2148,1289,0,-8.944329e-05
Warm B,331627,1958,1957,2148,1289,0,0.0019098392
Warm B,158237,1015,1014,2148,1289,0,0.0019395552
Warm B,221364,1340,1339,2148,1289,0,-0.0039313324
Warm B,134301,869,868,2148,1289,1,0.0019114856
Warm B,263353,1605,1604,2148,1289,0,-0.0035087215
Warm B,125557,808,807,2148,1289,0,-0.0047038873
Warm B,351877,2063,2062,2148,1289,0,-0.0017118149
Warm B,140700,904,903,2148,1289,0,-0.010615152
Warm B,86650,566,565,2148,1289,0,0.009293674
Warm B,81694,543,542,2148,1289,1,0.0074680503
Warm B,82509,548,547,2148,1289,0,0.0053261574
Warm B,77549,524,523,2148,1289,0,-0.007040524
Warm B,80211,533,532,2148,1289,1,-0.007923165
Warm B,67455,453,452,2148,1289,0,-0.0035189476
Warm B,57544,390,389,2148,1289,1,0.009346294
Warm B,53399,352,351,2148,1289,0,0.0017524358
Warm B,41618,284,283,2148,1289,0,-0.009871855
Warm B,41126,278,277,2148,1289,1,0.0052504614
Warm B,36162,245,244,2148,1289,0,0.0022399821
Warm B,17996,139,138,2148,1289,0,0.0026486872
Warm B,290235,1733,1732,2148,1289,0,0.003617076
Warm B,7444,53,52,2148,1289,1,-0.007453695
Warm B,206885,1266,1265,2148,1289,0,-0.0080912
Warm B,552367,3401,3400,2148,1289,0,0.0034116767
Warm B,954227,5761,5760,2148,1289,0,-0.006168922
Warm B,365771,2129,2128,2148,1289,0,0.007855338
Warm B,106076,699,698,2148,1289,0,0.003887996
Warm B,102280,678,677,2148,1289,0,0.0071387766
Warm B,164576,1051,1050,2148,1289,0,0.0065753832
Warm B,2901,23,22,2148,1289,1,0.0074531366
Warm B,599275,3648,3647,2148,1289,0,-0.0034597088
Warm B,473660,2909,2908,2148,1289,0,0.014241726
Warm B,474367,2910,2909,2148,1289,0,0.0006501458
Warm B,62978,424,423,2148,1289,0,-0.0008675039
Warm B,550175,3391,3390,2148,1289,0,0.009625418
Warm B,424726,2576,2575,2149,1290,0,0.0009632851
Warm B,409644,2457,2456,2149,1290,0,0.010845524
Warm B,397203,2352,2351,2149,1290,0,-0.0043249624
Warm B,369935,2164,2163,2149,1290,0,0.006412683
Warm B,340044,2006,2005,2149,1290,1,-0.002522312
Warm B,297511,1764,1763,2149,1290,1,0.005846171
Warm B,298539,1770,1769,2149,1290,0,-0.0034372327
Warm B,290933,1736,1735,2149,1290,0,0.0050362954
Warm B,288280,1722,1721,2149,1290,0,0.006603089
Warm B,291419,1737,1736,2149,1290,0,-0.000964639
Warm B,279297,1680,1679,2149,1290,0,-0.0024743346
Warm B,276984,1675,1674,2149,1290,0,0.00023553474
Warm B,267572,1626,1625,2149,1290,0,0.0013457553
Warm B,247707,1496,1495,2149,1290,0,0.0025217575
Warm B,227156,1377,1376,2149,1290,0,-0.00916826
Warm B,224499,1357,1356,2149,1290,0,0.0059269746
Warm B,221902,1342,1341,2149,1290,0,0.0018278868
Warm B,277715,1676,1675,2149,1290,0,0.0020333254
Warm B,307461,1835,1834,2149,1290,0,0.0016804759
Warm B,180316,1128,1127,2149,1290,0,0.006303845
Warm B,173676,1100,1099,2149,1290,0,0.0009604255
Warm B,184011,1146,1145,2149,1290,0,-0.0045150653
Warm B,328161,1941,1940,2149,1290,0,0.007369428
Warm B,159283,1017,1016,2149,1290,1,-0.006694043
Warm B,155887,1004,1003,2149,1290,0,0.0032819242
Warm B,125559,808,807,2149,1290,0,-9.840331e-05
Warm B,351878,2063,2062,2149,1290,0,0.0063636582
Warm B,81696,543,542,2149,1290,1,-0.0071335365
Warm B,41128,278,277,2149,1290,0,0.0027428935
Warm B,36164,245,244,2149,1290,0,0.010002827
Warm B,14311,117,116,2149,1290,1,0.0060696476
Warm B,206886,1266,1265,2149,1290,0,-0.0014777496
Warm B,299085,1776,1775,2149,1290,0,-0.0020409983
Warm B,102282,678,677,2149,1290,0,0.0011193897
Warm B,2902,23,22,2149,1290,0,0.0040729158
Warm B,879033,5312,5311,2149,1290,0,0.0023939244
Warm B,62980,424,423,2149,1290,0,0.0120313
Warm B,310697,1851,1850,2149,1290,0,0.0025671157
Warm B,267216,1624,1623,2149,1290,0,0.0046773693
Warm B,335935,1980,1979,2149,1290,0,0.008036881
Warm B,290237,1733,1732,2149,1290,0,0.011111161
Warm B,156893,1010,1009,2149,1290,0,0.006746592
Warm B,136604,881,880,2149,1290,1,0.0046623414
Warm B,538528,3313,3312,2151,1292,0,0.01090773
Warm B,539920,3320,3319,2151,1292,1,0.0037882775
Warm B,515496,3182,3181,2151,1292,0,0.005501535
Warm B,514410,3177,3176,2151,1292,1,0.009037075
Warm B,512878,3163,3162,2151,1292,0,0.001292523
Warm B,500262,3072,3071,2151,1292,0,-0.003109231
Warm B,492757,3029,3028,2151,1292,0,0.01404571
Warm B,493399,3031,3030,2151,1292,1,0.007905175
Warm B,483087,2968,2967,2151,1292,1,0.0009854271
Warm B,529733,3272,3271,2151,1292,0,0.013848479
Warm B,485068,2986,2985,2151,1292,0,0.008141048
Warm B,468446,2887,2886,2151,1292,0,0.0009961448
Warm B,472597,2907,2906,2151,1292,0,0.0031134218
Warm B,466845,2878,2877,2151,1292,1,0.0019130312
Warm B,450883,2777,2776,2151,1292,1,0.0034622394
Warm B,438841,2681,2680,2151,1292,1,0.004934785
Warm B,425075,2580,2579,2151,1292,1,0.0032930064
Warm B,423177,2565,2564,2151,1292,0,0.008087706
Warm B,407544,2447,2446,2151,1292,1,-0.005036108
Warm B,392214,2304,2303,2151,1292,1,0.001568251
Warm B,375597,2188,2187,2151,1292,0,0.004387448
Warm B,368808,2156,2155,2151,1292,0,0.005637393
Warm B,364779,2124,2123,2151,1292,1,0.011420996
Warm B,346993,2035,2034,2151,1292,1,0.002452505
Warm B,298541,1770,1769,2151,1292,0,0.0033246013
Warm B,290935,1736,1735,2151,1292,0,0.0039207065
Warm B,280482,1683,1682,2151,1292,0,0.012818746
Warm B,287145,1714,1713,2151,1292,0,0.0014579161
Warm B,272960,1647,1646,2151,1292,0,0.007389034
Warm B,273493,1648,1647,2151,1292,1,7.016747e-05
Warm B,286266,1709,1708,2151,1292,1,0.0020619524
Warm B,268532,1631,1630,2151,1292,1,0.013230075
Warm B,350727,2059,2058,2151,1292,1,0.006154085
Warm B,247712,1496,1495,2151,1292,0,-0.009729644
Warm B,279309,1680,1679,2151,1292,0,-0.0026045074
Warm B,188087,1167,1166,2151,1292,0,-0.0028657152
Warm B,328169,1941,1940,2151,1292,0,0.0034825627
Warm B,272214,1645,1644,2151,1292,0,0.0016841057
Warm B,159288,1017,1016,2151,1292,0,0.0031432416
Warm B,157564,1014,1013,2151,1292,1,0.0022163445
Warm B,149945,965,964,2151,1292,1,-0.000101724174
Warm B,221366,1340,1339,2151,1292,0,0.0029774716
Warm B,185325,1150,1149,2151,1292,0,0.0075700907
Warm B,217076,1317,1316,2151,1292,1,0.009018937
Warm B,126597,817,816,2151,1292,1,-0.0059760343
Warm B,118100,764,763,2151,1292,0,-0.00078165485
Warm B,210982,1285,1284,2151,1292,0,-0.00014603895
Warm B,240115,1449,1448,2151,1292,0,-0.005405957
Warm B,105429,697,696,2151,1292,0,0.010464815
Warm B,179599,1125,1124,2151,1292,1,0.009317642
Warm B,94952,637,636,2151,1292,1,0.008521626
Warm B,351884,2063,2062,2151,1292,0,0.01224938
Warm B,228285,1383,1382,2151,1292,1,0.004337699
Warm B,190974,1181,1180,2151,1292,0,0.0021781083
Warm B,84203,550,549,2151,1292,0,0.008546053
Warm B,70446,475,474,2151,1292,0,0.002875285
Warm B,41626,284,283,2151,1292,1,0.0059985206
Warm B,35717,242,241,2151,1292,0,-0.0009960877
Warm B,626799,3792,3791,2151,1292,1,0.0014866422
Warm B,31729,216,215,2151,1292,1,-0.00413506
Warm B,66061,442,441,2151,1292,1,0.0015750718
Warm B,552373,3401,3400,2151,1292,0,0.0063918345
Warm B,892979,5394,5393,2151,1292,1,-0.0015472302
Warm B,257687,1579,1578,2151,1292,0,0.008075788
Warm B,326109,1930,1929,2151,1292,0,-0.004498173
Warm B,470737,2898,2897,2151,1292,0,0.005470616
Warm B,484612,2985,2984,2151,1292,0,-0.002429345
Warm B,718579,4305,4304,2151,1292,0,0.0058393367
Warm B,234123,1422,1421,2152,1293,0,0.002994914
Warm B,10438,75,74,2152,1293,1,0.007160946
Warm B,285330,1701,1700,2152,1293,0,0.008162823
Warm B,19152,148,147,2152,1293,1,0.0057851365
Warm B,49107,329,328,2152,1293,0,0.008063345
Warm B,335177,1978,1977,2152,1293,0,0.008422817
Warm B,489628,3013,3012,2152,1293,0,0.002796933
Warm B,907647,5492,5491,2152,1293,0,0.0037977933
Warm B,116842,753,752,2152,1293,1,0.00082564563
Warm B,658394,3967,3966,2154,1295,0,0.002224114
Warm B,575360,3519,3518,2154,1295,0,0.01417577
Warm B,577211,3526,3525,2154,1295,0,0.0031923587
Warm B,579990,3540,3539,2154,1295,0,0.008965638
Warm B,536028,3308,3307,2154,1295,0,0.016311217
Warm B,533358,3292,3291,2154,1295,0,0.018945366
Warm B,524730,3239,3238,2154,1295,1,0.008605915
Warm B,503637,3095,3094,2154,1295,1,0.0129082855
Warm B,500836,3076,3075,2154,1295,0,0.009830312
Warm B,498509,3062,3061,2154,1295,0,0.010258936
Warm B,574775,3518,3517,2154,1295,1,0.01223713
Warm B,494176,3032,3031,2154,1295,1,0.015340564
Warm B,478087,2934,2933,2154,1295,0,0.011380609
Warm B,466003,2873,2872,2154,1295,0,0.009899263
Warm B,456471,2810,2809,2154,1295,0,0.0105767315
Warm B,450885,2777,2776,2154,1295,0,0.0068894415
Warm B,445145,2745,2744,2154,1295,1,0.0052162204
Warm B,444667,2743,2742,2154,1295,0,0.005447518
Warm B,438842,2681,2680,2154,1295,0,0.011821253
Warm B,424041,2570,2569,2154,1295,0,0.005770897
Warm B,420478,2541,2540,2154,1295,0,0.009803686
Warm B,416101,2506,2505,2154,1295,1,0.0065952707
Warm B,463770,2858,2857,2154,1295,1,-0.0020672346
Warm B,408228,2453,2452,2154,1295,0,0.014838742
Warm B,464177,2860,2859,2154,1295,0,0.007963823
Warm B,404555,2419,2418,2154,1295,0,0.009446632
Warm B,395152,2334,2333,2154,1295,0,0.011693807
Warm B,393115,2309,2308,2154,1295,0,0.0039402917
Warm B,387293,2264,2263,2154,1295,0,0.0009981212
Warm B,381325,2230,2229,2154,1295,0,0.00307352
Warm B,364452,2123,2122,2154,1295,1,0.005326826
Warm B,283551,1697,1696,2154,1295,0,0.017048705
Warm B,259487,1587,1586,2154,1295,0,0.009088208
Warm B,272963,1647,1646,2154,1295,0,0.022422155
Warm B,203544,1249,1248,2154,1295,0,-0.0034470963
Warm B,279314,1680,1679,2154,1295,1,0.014625083
Warm B,192374,1184,1183,2154,1295,0,0.0037777033
Warm B,188986,1172,1171,2154,1295,0,0.010663599
Warm B,263358,1605,1604,2154,1295,1,0.013737658
Warm B,169816,1078,1077,2154,1295,1,0.012326631
Warm B,175542,1112,1111,2154,1295,0,0.025070535
Warm B,166478,1059,1058,2154,1295,0,0.010516139
Warm B,328173,1941,1940,2154,1295,0,0.013736189
Warm B,324432,1922,1921,2154,1295,0,0.015844073
Warm B,138337,889,888,2154,1295,0,0.0076853717
Warm B,124901,802,801,2154,1295,0,0.014520533
Warm B,123901,798,797,2154,1295,0,0.009223426
Warm B,123707,797,796,2154,1295,1,-0.00024953845
Warm B,223559,1354,1353,2154,1295,0,0.010329198
Warm B,111873,728,727,2154,1295,0,0.00011550228
Warm B,100861,673,672,2154,1295,0,0.018367076
Warm B,332668,1962,1961,2154,1295,0,0.008538177
Warm B,228286,1383,1382,2154,1295,0,0.008806401
Warm B,238974,1448,1447,2154,1295,0,0.0036540905
Warm B,73675,499,498,2154,1295,1,0.006680445
Warm B,59321,403,402,2154,1295,0,0.014144314
Warm B,74859,509,508,2154,1295,0,0.0068979254
Warm B,78477,528,527,2154,1295,1,0.013221076
Warm B,363054,2116,2115,2154,1295,0,0.011894932
Warm B,31139,209,208,2154,1295,0,0.004827833
Warm B,311732,1858,1857,2154,1295,1,0.012804087
Warm B,29023,199,198,2154,1295,0,0.0133864675
Warm B,26240,187,186,2154,1295,0,0.0072170356
Warm B,22301,163,162,2154,1295,0,0.01452489
Warm B,9081,62,61,2154,1295,0,0.014267326
Warm B,7456,53,52,2154,1295,1,0.005960374
Warm B,3457,26,25,2154,1295,0,0.011485968
Warm B,696350,4169,4168,2154,1295,0,0.022218725
Warm B,20589,151,150,2154,1295,0,0.013537465
Warm B,964070,5812,5811,2154,1295,0,0.011476355
Warm B,104342,692,691,2154,1295,0,0.0061889626
Warm B,531042,3280,3279,2154,1295,0,0.0188885
Warm B,330970,1954,1953,2154,1295,1,0.015624465
Warm B,51293,338,337,2154,1295,1,0.007966488
Warm B,79425,531,530,2154,1295,0,0.014278425
Warm B,242348,1463,1462,2154,1295,0,0.016649865
Warm B,565597,3475,3474,2154,1295,0,0.005765408
Warm B,793423,4744,4743,2154,1295,0,0.011464562
Warm B,33852,229,228,2154,1295,1,0.012100374
Warm B,974340,5878,5877,2154,1295,0,0.015990283
Warm B,568124,3486,3485,2162,1300,0,0.0038601032
Warm B,567503,3483,3482,2162,1300,1,0.019989647
Warm B,584731,3569,3568,2162,1300,0,0.0053564175
Warm B,562075,3458,3457,2162,1300,0,0.0055179847
Warm B,559102,3434,3433,2162,1300,0,0.009088623
Warm B,558964,3433,3432,2162,1300,0,0.00429237
Warm B,555256,3414,3413,2162,1300,1,0.007674454
Warm B,550205,3391,3390,2162,1300,0,0.018775525
Warm B,543722,3349,3348,2162,1300,1,0.003508846
Warm B,541651,3333,3332,2162,1300,0,0.019917766
Warm B,537193,3311,3310,2162,1300,0,0.004432205
Warm B,536038,3308,3307,2162,1300,0,0.008906125
Warm B,527453,3261,3260,2162,1300,0,0.012392506
Warm B,738175,4411,4410,2162,1300,0,0.0131032
Warm B,501800,3081,3080,2162,1300,0,0.014108334
Warm B,489637,3013,3012,2162,1300,0,-0.0011197801
Warm B,487580,2999,2998,2162,1300,0,0.0022108266
Warm B,472614,2907,2906,2162,1300,0,0.01988833
Warm B,468933,2888,2887,2162,1300,1,0.01718726
Warm B,466857,2878,2877,2162,1300,1,-0.00046832906
Warm B,436469,2665,2664,2162,1300,1,0.026350833
Warm B,574317,3516,3515,2162,1300,0,0.013130618
Warm B,424124,2571,2570,2162,1300,1,0.017424602
Warm B,421893,2551,2550,2162,1300,0,0.007243047
Warm B,408700,2454,2453,2162,1300,0,0.006002342
Warm B,388517,2274,2273,2162,1300,1,-0.0010561557
Warm B,384886,2248,2247,2162,1300,1,0.010253209
Warm B,383703,2242,2241,2162,1300,0,0.013960635
Warm B,373457,2180,2179,2162,1300,0,0.011995163
Warm B,371697,2172,2171,2162,1300,0,0.009358434
Warm B,369067,2157,2156,2162,1300,0,-0.0013451055
Warm B,367925,2148,2147,2162,1300,0,0.021020275
Warm B,354134,2073,2072,2162,1300,0,0.008992493
Warm B,361674,2109,2108,2162,1300,0,0.021998327
Warm B,341620,2012,2011,2162,1300,0,0.022480875
Warm B,333879,1969,1968,2162,1300,0,0.012511477
Warm B,315294,1880,1879,2162,1300,0,0.016705573
Warm B,300833,1783,1782,2162,1300,0,0.0050607356
Warm B,292705,1742,1741,2162,1300,0,0.015884824
Warm B,288899,1726,1725,2162,1300,0,0.013035825
Warm B,297523,1764,1763,2162,1300,1,0.013610773
Warm B,338873,1996,1995,2162,1300,0,0.021261938
Warm B,360820,2106,2105,2162,1300,0,0.013038429
Warm B,342517,2015,2014,2162,1300,0,0.018555682
Warm B,231464,1403,1402,2162,1300,0,0.016557993
Warm B,277733,1676,1675,2162,1300,0,0.021549586
Warm B,272977,1647,1646,2162,1300,0,0.010186795
Warm B,303882,1805,1804,2162,1300,1,0.021543544
Warm B,279341,1680,1679,2162,1300,0,0.012235692
Warm B,213487,1298,1297,2162,1300,0,0.0018093548
Warm B,328192,1941,1940,2162,1300,0,0.0059504197
Warm B,186368,1152,1151,2162,1300,0,0.0165224
Warm B,181605,1135,1134,2162,1300,1,0.0032424894
Warm B,203117,1246,1245,2162,1300,0,0.018331844
Warm B,177580,1119,1118,2162,1300,0,0.011426814
Warm B,346227,2030,2029,2162,1300,0,0.0096645
Warm B,263374,1605,1604,2162,1300,0,0.014514513
Warm B,248849,1501,1500,2162,1300,0,0.013781444
Warm B,175554,1112,1111,2162,1300,0,0.018008135
Warm B,163163,1042,1041,2162,1300,0,0.005906514
Warm B,363951,2120,2119,2162,1300,0,0.0066900905
Warm B,155895,1004,1003,2162,1300,0,0.017307635
Warm B,156913,1010,1009,2162,1300,0,0.022933979
Warm B,276995,1675,1674,2162,1300,0,0.012808472
Warm B,134319,869,868,2162,1300,0,0.01244154
Warm B,127300,822,821,2162,1300,1,0.008964106
Warm B,126605,817,816,2162,1300,0,0.008529102
Warm B,124259,800,799,2162,1300,1,0.012569696
Warm B,124076,799,798,2162,1300,0,0.0062383725
Warm B,123904,798,797,2162,1300,1,0.0132485125
Warm B,178161,1120,1119,2162,1300,0,0.012511079
Warm B,121163,780,779,2162,1300,0,0.0159531
Warm B,120433,777,776,2162,1300,0,0.016915582
Warm B,117520,757,756,2162,1300,0,0.0061289016
Warm B,175020,1109,1108,2162,1300,0,0.010025432
Warm B,114465,744,743,2162,1300,0,0.0031962963
Warm B,110370,720,719,2162,1300,0,0.015090639
Warm B,112504,731,730,2162,1300,0,0.006960881
Warm B,216431,1314,1313,2162,1300,0,0.0018808296
Warm B,100565,671,670,2162,1300,0,0.017707786
Warm B,108726,712,711,2162,1300,0,0.011635384
Warm B,87455,571,570,2162,1300,0,0.0151651595
Warm B,86139,563,562,2162,1300,0,0.009050875
Warm B,85912,561,560,2162,1300,0,0.005722602
Warm B,81708,543,542,2162,1300,0,0.0152117945
Warm B,84221,550,549,2162,1300,0,-0.0002659303
Warm B,64958,436,435,2162,1300,1,0.004760443
Warm B,65382,438,437,2162,1300,0,0.01146914
Warm B,54718,357,356,2162,1300,0,0.0076685795
Warm B,53436,352,351,2162,1300,0,0.01650429
Warm B,14340,117,116,2162,1300,0,0.02164917
Warm B,12234,93,92,2162,1300,0,0.013977544
Warm B,11148,83,82,2162,1300,0,0.011961968
Warm B,10450,75,74,2162,1300,1,0.0052168225
Warm B,7474,53,52,2162,1300,0,0.01269134
Warm B,79436,531,530,2162,1300,0,0.010127211
Warm B,73820,500,499,2162,1300,0,0.015178375
Warm B,19173,148,147,2162,1300,0,0.0028203623
Warm B,530278,3274,3273,2162,1300,0,0.007196342
Warm B,39894,271,270,2162,1300,0,0.0027107396
Warm B,49138,329,328,2162,1300,0,0.014424158
Warm B,386095,2258,2257,2162,1300,0,-0.0022115968
Warm B,11843,92,91,2162,1300,1,0.015984911
Warm B,102304,678,677,2162,1300,0,0.013824681
Warm B,139190,890,889,2162,1300,0,-0.00014889543
Warm B,310709,1851,1850,2162,1300,0,0.011367041
Warm B,499464,3067,3066,2162,1300,0,0.0142230475
Warm B,183236,1141,1140,2162,1300,0,0.013360322
Warm B,351909,2063,2062,2162,1300,0,0.016037086
Warm B,473690,2909,2908,2162,1300,0,0.007826626
Warm B,456477,2810,2809,2162,1300,1,0.0076199677
Warm B,206362,1265,1264,2162,1300,0,0.023313493
Warm B,689872,4126,4125,2162,1300,0,0.013939432
Warm B,235001,1425,1424,2162,1300,0,0.0024830839
Warm B,461524,2847,2846,2162,1300,0,0.012177985
Warm B,484615,2985,2984,2162,1300,1,0.0077160452
Warm B,272222,1645,1644,2162,1300,1,0.011851979
Warm B,211004,1285,1284,2165,1302,1,0.0057217693
Warm B,329357,1943,1942,2165,1302,1,0.009769817
Warm B,185349,1150,1149,2165,1302,1,0.0022086685
Warm B,307478,1835,1834,2165,1302,1,0.006634392
Warm B,168470,1069,1068,2165,1302,0,-0.0056210672
Warm B,166488,1059,1058,2165,1302,0,4.7676498e-05
Warm B,214893,1303,1302,2165,1302,0,0.009077216
Warm B,267997,1628,1627,2165,1302,1,0.011619714
Warm B,131183,850,849,2165,1302,1,0.005312641
Warm B,154876,999,998,2165,1302,0,0.0067817345
Warm B,176049,1113,1112,2165,1302,0,0.008436931
Warm B,179613,1125,1124,2165,1302,1,0.0046567856
Warm B,631609,3821,3820,2165,1302,0,0.00459699
Warm B,696376,4169,4168,2165,1302,0,0.007937272
Warm B,303743,1804,1803,2165,1302,0,-0.0009663501
Warm B,77576,524,523,2165,1302,1,0.010499965
Warm B,74867,509,508,2165,1302,0,0.010573812
Warm B,197352,1211,1210,2165,1302,1,0.005181926
Warm B,70183,474,473,2165,1302,1,0.013363933
Warm B,59884,408,407,2165,1302,1,0.00072106486
Warm B,60050,409,408,2165,1302,1,0.0023221443
Warm B,155352,1001,1000,2165,1302,1,0.0047828504
Warm B,52375,345,344,2165,1302,1,-0.0071876585
Warm B,132502,855,854,2165,1302,0,0.0035627033
Warm B,61113,412,411,2165,1302,1,0.009709068
Warm B,29590,202,201,2165,1302,0,-0.0021547526
Warm B,235003,1425,1424,2165,1302,1,0.008167112
Warm B,88847,587,586,2165,1302,0,-0.0003019364
Warm B,22970,166,165,2165,1302,1,0.004772152
Warm B,290259,1733,1732,2165,1302,1,-1.6534701e-05
Warm B,7478,53,52,2165,1302,1,-0.002785975
Warm B,79437,531,530,2165,1302,0,0.008673978
Warm B,892989,5394,5393,2165,1302,0,0.0063499627
Warm B,49925,331,330,2165,1302,1,0.0025330698
Warm B,777822,4647,4646,2165,1302,0,0.0104135815
Warm B,240141,1449,1448,2165,1302,1,0.008718077
Warm B,497247,3054,3053,2165,1302,1,0.0012185739
Warm B,164600,1051,1050,2165,1302,0,0.008476056
Warm B,360104,2105,2104,2165,1302,0,0.015442693
Warm B,102305,678,677,2165,1302,1,0.006585912
Warm B,160139,1019,1018,2165,1302,0,0.010080142
Warm B,176982,1117,1116,2165,1302,1,0.004726992
Warm B,992894,5998,5997,2165,1302,0,0.0052551273
Warm B,847040,5090,5089,2165,1302,0,0.009163759
Warm B,322407,1912,1911,2165,1302,0,0.00079788896
Warm B,257704,1579,1578,2165,1302,0,0.016909402
Warm B,372644,2176,2175,2165,1302,1,0.0075041256
Warm B,504828,3106,3105,2165,1302,1,0.0017127786
Warm B,550209,3391,3390,2165,1302,1,0.0023407945
Warm B,510952,3150,3149,2166,1303,1,0.0056733787
Warm B,472618,2907,2906,2166,1303,0,0.013309995
Warm B,471639,2901,2900,2166,1303,1,0.011370867
Warm B,470411,2896,2895,2166,1303,1,0.014040882
Warm B,450900,2777,2776,2166,1303,1,0.0064322655
Warm B,450293,2776,2775,2166,1303,1,0.002388927
Warm B,564449,3471,3470,2166,1303,0,0.00765876
Warm B,443595,2736,2735,2166,1303,1,0.0036253696
Warm B,425334,2581,2580,2166,1303,0,0.01890752
Warm B,416104,2506,2505,2166,1303,1,0.008250846
Warm B,408245,2453,2452,2166,1303,1,0.012377323
Warm B,768106,4578,4577,2166,1303,0,0.00869115
Warm B,393120,2309,2308,2166,1303,1,0.0025759707
Warm B,359411,2102,2101,2166,1303,0,0.010940161
Warm B,332999,1963,1962,2166,1303,1,0.008014715
Warm B,330538,1951,1950,2166,1303,1,0.012755342
Warm B,302154,1794,1793,2166,1303,0,0.010638268
Warm B,360823,2106,2105,2166,1303,0,0.008397188
Warm B,275125,1666,1665,2166,1303,0,0.0028614402
Warm B,282656,1694,1693,2166,1303,0,0.012658307
Warm B,268343,1630,1629,2166,1303,0,0.012605105
Warm B,267583,1626,1625,2166,1303,1,0.0056870123
Warm B,332682,1962,1961,2166,1303,0,0.009788182
Warm B,283200,1696,1695,2166,1303,0,0.008321139
Warm B,201158,1241,1240,2166,1303,1,0.0029507733
Warm B,279347,1680,1679,2166,1303,1,0.010760331
Warm B,196543,1207,1206,2166,1303,0,0.011463234
Warm B,338164,1988,1987,2166,1303,0,0.011540234
Warm B,363072,2116,2115,2166,1303,1,0.017291566
Warm B,182502,1139,1138,2166,1303,1,0.007902343
Warm B,307479,1835,1834,2166,1303,1,0.014376452
Warm B,331646,1958,1957,2166,1303,0,0.00925556
Warm B,168471,1069,1068,2166,1303,0,0.011865612
Warm B,163455,1047,1046,2166,1303,1,0.0035415278
Warm B,163860,1050,1049,2166,1303,0,0.013500528
Warm B,160877,1022,1021,2166,1303,1,0.010253862
Warm B,167887,1068,1067,2166,1303,1,0.013883053
Warm B,150611,970,969,2166,1303,1,0.020519696
Warm B,148764,957,956,2166,1303,1,0.003510045
Warm B,270930,1639,1638,2166,1303,1,0.006889051
Warm B,154612,998,997,2166,1303,1,0.012641465
Warm B,156914,1010,1009,2166,1303,0,0.009394415
Warm B,138367,889,888,2166,1303,0,0.014470255
Warm B,134322,869,868,2166,1303,0,0.009996528
Warm B,131938,854,853,2166,1303,1,0.0030644163
Warm B,778888,4653,4652,2166,1303,0,0.004273487
Warm B,108007,710,709,2166,1303,1,0.00021102186
Warm B,98852,660,659,2166,1303,0,0.0132673215
Warm B,81709,543,542,2166,1303,1,0.010176055
Warm B,64635,432,431,2166,1303,0,0.002423481
Warm B,63702,425,424,2166,1303,0,0.012019649
Warm B,60051,409,408,2166,1303,1,0.0017100165
Warm B,155353,1001,1000,2166,1303,1,0.007811728
Warm B,68222,457,456,2166,1303,0,0.008531474
Warm B,47211,319,318,2166,1303,0,0.012547777
Warm B,57882,392,391,2166,1303,1,0.009447652
Warm B,42453,290,289,2166,1303,0,0.002738597
Warm B,41409,281,280,2166,1303,0,0.004082092
Warm B,38172,261,260,2166,1303,1,0.012395879
Warm B,36955,249,248,2166,1303,0,0.018882357
Warm B,29592,202,201,2166,1303,0,0.01041995
Warm B,29035,199,198,2166,1303,0,0.0040350985
Warm B,22311,163,162,2166,1303,0,0.015544649
Warm B,762,9,8,2166,1303,1,0.0050382023
Warm B,104354,692,691,2166,1303,1,0.0069816513
Warm B,206908,1266,1265,2166,1303,1,0.011507914
Warm B,79439,531,530,2166,1303,0,0.010791195
Warm B,286742,1712,1711,2166,1303,0,0.008376692
Warm B,182036,1137,1136,2166,1303,1,0.0040340708
Warm B,110849,721,720,2166,1303,0,0.008572449
Warm B,696377,4169,4168,2166,1303,1,0.019771544
Warm B,567505,3483,3482,2166,1303,1,0.014750218
Warm B,497248,3054,3053,2166,1303,0,0.0014869065
Warm B,882998,5333,5332,2166,1303,0,0.006350751
Warm B,317742,1889,1888,2166,1303,1,0.006162395
Warm B,599286,3648,3647,2166,1303,0,0.004084151
Warm B,222594,1347,1346,2166,1303,1,0.0052528777
Warm B,123121,795,794,2166,1303,1,-0.0018453689
Warm B,164602,1051,1050,2166,1303,1,0.020454021
Warm B,583478,3562,3561,2166,1303,1,0.0058637485
Warm B,322408,1912,1911,2166,1303,0,0.009789579
Warm B,324970,1925,1924,2166,1303,1,0.00789737
Warm B,941423,5682,5681,2166,1303,1,0.0012167911
Warm B,96620,648,647,2166,1303,1,0.0020176654
Warm B,156917,1010,1009,2168,1305,0,0.014850281
Warm B,138369,889,888,2168,1305,0,0.01469334
Warm B,223570,1354,1353,2168,1305,0,0.0074696317
Warm B,432154,2634,2633,2168,1305,1,0.00911152
Warm B,228305,1383,1382,2168,1305,0,0.0131595675
Warm B,155354,1001,1000,2168,1305,0,0.015142427
Warm B,53445,352,351,2168,1305,0,0.012780826
Warm B,487071,2996,2995,2168,1305,0,0.016818106
Warm B,55110,365,364,2168,1305,0,0.0018443058
Warm B,78489,528,527,2168,1305,0,0.021905463
Warm B,696378,4169,4168,2168,1305,1,0.015556063
Warm B,39459,268,267,2168,1305,0,0.002245834
Warm B,30188,203,202,2168,1305,0,0.009012785
Warm B,26259,187,186,2168,1305,1,0.014741097
Warm B,6251,45,44,2168,1305,0,-0.009545423
Warm B,102311,678,677,2168,1305,0,0.013324417
Warm B,599288,3648,3647,2168,1305,0,0.0050297026
Warm B,893890,5397,5396,2168,1305,0,0.012852654
Warm B,160752,1021,1020,2168,1305,1,0.010346496
Warm B,281293,1687,1686,2169,1306,0,-0.0031734772
Warm B,314490,1878,1877,2169,1306,1,0.0017380528
Warm B,247728,1496,1495,2169,1306,0,0.005411559
Warm B,236394,1434,1433,2169,1306,0,0.0027349056
Warm B,222398,1345,1344,2169,1306,1,0.0031925836
Warm B,223572,1354,1353,2169,1306,0,0.0051995455
Warm B,296819,1759,1758,2169,1306,1,0.0046685296
Warm B,277738,1676,1675,2169,1306,1,0.0053886017
Warm B,205332,1263,1262,2169,1306,0,0.0029915143
Warm B,197353,1211,1210,2169,1306,0,0.010239309
Warm B,196546,1207,1206,2169,1306,0,0.0027264222
Warm B,191865,1182,1181,2169,1306,0,0.0019238014
Warm B,185354,1150,1149,2169,1306,0,0.0052878135
Warm B,326761,1937,1936,2169,1306,0,0.0053232764
Warm B,176051,1113,1112,2169,1306,0,0.0044139437
Warm B,653553,3940,3939,2169,1306,0,0.010833157
Warm B,328199,1941,1940,2169,1306,0,0.009854819
Warm B,272225,1645,1644,2169,1306,1,0.01034482
Warm B,160141,1019,1018,2169,1306,0,-0.00026303157
Warm B,167888,1068,1067,2169,1306,0,0.0018341299
Warm B,156241,1006,1005,2169,1306,0,0.0042948504
Warm B,149336,961,960,2169,1306,0,-0.0003821829
Warm B,156919,1010,1009,2169,1306,0,0.0103911515
Warm B,136626,881,880,2169,1306,0,0.010000978
Warm B,128556,832,831,2169,1306,0,0.0027439252
Warm B,263378,1605,1604,2169,1306,0,0.017892173
Warm B,298112,1767,1766,2169,1306,0,0.012465164
Warm B,360828,2106,2105,2169,1306,0,0.0038147625
Warm B,475792,2919,2918,2169,1306,0,0.0014939737
Warm B,116849,753,752,2169,1306,1,0.0036015697
Warm B,120438,777,776,2169,1306,0,0.005822709
Warm B,108011,710,709,2169,1306,0,0.0047836103
Warm B,109316,714,713,2169,1306,1,0.00079140393
Warm B,329361,1943,1942,2169,1306,0,-0.00036713132
Warm B,291439,1737,1736,2169,1306,0,0.017022237
Warm B,81713,543,542,2169,1306,1,0.005288623
Warm B,70185,474,473,2169,1306,0,0.0008686702
Warm B,65385,438,437,2169,1306,0,0.0023535308
Warm B,59334,403,402,2169,1306,0,0.0040475545
Warm B,57080,386,385,2169,1306,0,0.0028203079
Warm B,155355,1001,1000,2169,1306,0,0.0017146771
Warm B,53447,352,351,2169,1306,0,0.0052834162
Warm B,44218,302,301,2169,1306,0,0.015118274
Warm B,40215,272,271,2169,1306,0,0.011644116
Warm B,219185,1329,1328,2169,1306,0,0.0051440354
Warm B,29596,202,201,2169,1306,0,0.0030972748
Warm B,467641,2882,2881,2169,1306,0,0.002445134
Warm B,26996,192,191,2169,1306,0,0.00076514366
Warm B,54342,355,354,2169,1306,1,0.0019299665
Warm B,481853,2962,2961,2169,1306,0,0.0060436293
Warm B,11851,92,91,2169,1306,0,0.008878805
Warm B,235007,1425,1424,2169,1306,0,0.0041692695
Warm B,79443,531,530,2169,1306,1,0.00847849
Warm B,88207,582,581,2169,1306,1,-0.0040020198
Warm B,363075,2116,2115,2169,1306,1,0.0050914125
Warm B,265124,1611,1610,2169,1306,0,0.0017933005
Warm B,331648,1958,1957,2169,1306,0,-0.0019162234
Warm B,682496,4085,4084,2169,1306,0,0.014306481
Warm B,317743,1889,1888,2169,1306,0,0.010767465
Warm B,45761,308,307,2169,1306,0,0.005609532
Warm B,562617,3462,3461,2169,1306,0,0.012101023
Warm B,134324,869,868,2169,1306,1,0.012411486
Warm B,921042,5565,5564,2169,1306,0,0.01207909
Warm B,351917,2063,2062,2169,1306,0,-4.2689964e-05
Warm B,717025,4294,4293,2169,1306,0,0.0038013256
Warm B,290262,1733,1732,2169,1306,0,-0.0029543703
Warm B,699703,4186,4185,2169,1306,0,-0.0020908872
Warm B,892991,5394,5393,2169,1306,0,0.011196896
Warm B,272982,1647,1646,2169,1306,0,0.01115952
Warm B,171696,1088,1087,2169,1306,0,-0.0009268662
Warm B,368817,2156,2155,2170,1307,0,0.014770188
Warm B,366466,2134,2133,2170,1307,0,0.007978798
Warm B,363085,2116,2115,2170,1307,0,0.0014785272
Warm B,355981,2085,2084,2170,1307,1,0.0038872694
Warm B,355604,2082,2081,2170,1307,1,0.010505866
Warm B,356418,2088,2087,2170,1307,1,0.013152646
Warm B,349898,2054,2053,2170,1307,0,0.010908963
Warm B,361683,2109,2108,2170,1307,0,0.013760624
Warm B,351933,2063,2062,2170,1307,0,0.015549178
Warm B,345124,2024,2023,2170,1307,0,0.0009669629
Warm B,344850,2023,2022,2170,1307,1,0.009245234
Warm B,341628,2012,2011,2170,1307,0,0.009653004
Warm B,340686,2010,2009,2170,1307,0,0.0031070388
Warm B,325812,1928,1927,2170,1307,0,0.0070287124
Warm B,299096,1776,1775,2170,1307,0,0.006155138
Warm B,303545,1803,1802,2170,1307,0,-0.0021996694
Warm B,247735,1496,1495,2170,1307,0,0.0035344511
Warm B,243513,1468,1467,2170,1307,0,0.0002471779
Warm B,248401,1499,1498,2170,1307,1,0.004116786
Warm B,231673,1404,1403,2170,1307,0,0.014666761
Warm B,376396,2195,2194,2170,1307,1,0.0048614834
Warm B,337473,1984,1983,2170,1307,1,0.0030075393
Warm B,233081,1418,1417,2170,1307,0,0.0095732715
Warm B,216308,1313,1312,2170,1307,1,-0.0037205014
Warm B,277745,1676,1675,2170,1307,0,0.0075416723
Warm B,207764,1271,1270,2170,1307,1,0.015885301
Warm B,279367,1680,1679,2170,1307,0,0.018291175
Warm B,198827,1221,1220,2170,1307,1,-0.0022772588
Warm B,198631,1220,1219,2170,1307,0,0.012868897
Warm B,191017,1181,1180,2170,1307,0,0.0072029727
Warm B,183561,1142,1141,2170,1307,0,0.0064804037
Warm B,172895,1096,1095,2170,1307,0,0.009411516
Warm B,171714,1088,1087,2170,1307,0,0.012799395
Warm B,249258,1502,1501,2170,1307,0,0.009438383
Warm B,136634,881,880,2170,1307,0,0.005557841
Warm B,108018,710,709,2170,1307,1,0.008432956
Warm B,106099,699,698,2170,1307,0,0.009191666
Warm B,371022,2168,2167,2170,1307,1,0.009997029
Warm B,90684,601,600,2170,1307,0,0.0093881
Warm B,86669,566,565,2170,1307,0,0.0058952705
Warm B,81719,543,542,2170,1307,1,0.0014093234
Warm B,240152,1449,1448,2170,1307,0,0.009233728
Warm B,83194,549,548,2170,1307,0,0.007988475
Warm B,44231,302,301,2170,1307,0,0.0047803307
Warm B,37983,260,259,2170,1307,0,0.0019245686
Warm B,35735,242,241,2170,1307,0,0.00941065
Warm B,291447,1737,1736,2170,1307,0,0.009262097
Warm B,255539,1556,1555,2170,1307,0,0.0046319882
Warm B,22326,163,162,2170,1307,0,0.0057243817
Warm B,27003,192,191,2170,1307,0,0.0090757385
Warm B,235013,1425,1424,2170,1307,0,0.011571807
Warm B,10162,73,72,2170,1307,1,0.008096755
Warm B,152199,979,978,2170,1307,1,0.0059189815
Warm B,19199,148,147,2170,1307,1,0.0123721445
Warm B,49941,331,330,2170,1307,0,0.007618597
Warm B,35029,237,236,2170,1307,0,0.009082623
Warm B,11532,90,89,2170,1307,0,0.0030714965
Warm B,343657,2018,2017,2170,1307,0,0.008185834
Warm B,473709,2909,2908,2170,1307,0,0.012359984
Warm B,768739,4579,4578,2170,1307,0,0.021392014
Warm B,63021,424,423,2170,1307,0,0.017390475
Warm B,331660,1958,1957,2170,1307,0,0.006885103
Warm B,718588,4305,4304,2170,1307,0,0.01571859
Warm B,841156,5054,5053,2171,1308,0,0.012277144
Warm B,730563,4371,4370,2171,1308,1,0.0141004715
Warm B,722390,4326,4325,2171,1308,1,0.01618623
Warm B,704655,4225,4224,2171,1308,1,0.004948496
Warm B,694597,4161,4160,2171,1308,0,0.0096038245
Warm B,683463,4088,4087,2171,1308,0,0.0095869675
Warm B,661519,3989,3988,2171,1308,1,0.004760924
Warm B,660943,3985,3984,2171,1308,1,0.007312997
Warm B,659827,3976,3975,2171,1308,1,0.015361842
Warm B,652612,3934,3933,2171,1308,0,0.0153395
Warm B,641585,3858,3857,2171,1308,1,0.008147109
Warm B,640567,3850,3849,2171,1308,1,0.004542297
Warm B,648714,3908,3907,2171,1308,1,0.00082061836
Warm B,634968,3829,3828,2171,1308,1,0.01345844
Warm B,618973,3751,3750,2171,1308,0,0.006864017
Warm B,609180,3693,3692,2171,1308,1,0.009625271
Warm B,602306,3664,3663,2171,1308,1,0.00360809
Warm B,636323,3834,3833,2171,1308,0,0.0026631719
Warm B,591537,3609,3608,2171,1308,0,-0.0009855377
Warm B,589776,3598,3597,2171,1308,0,0.01219316
Warm B,589617,3596,3595,2171,1308,1,0.00847684
Warm B,588501,3590,3589,2171,1308,1,0.003107092
Warm B,585123,3572,3571,2171,1308,1,0.0040243603
Warm B,582671,3559,3558,2171,1308,1,0.0057850364
Warm B,579407,3539,3538,2171,1308,1,0.008110948
Warm B,565006,3473,3472,2171,1308,1,0.0065835454
Warm B,573907,3513,3512,2171,1308,0,0.0122712
Warm B,549487,3390,3389,2171,1308,1,0.021819778
Warm B,748845,4471,4470,2171,1308,1,0.009118367
Warm B,796083,4771,4770,2171,1308,0,0.011061628
Warm B,534381,3299,3298,2171,1308,1,0.0066735493
Warm B,916696,5539,5538,2171,1308,1,0.0067842337
Warm B,527460,3261,3260,2171,1308,0,0.012211084
Warm B,523469,3227,3226,2171,1308,0,0.006962868
Warm B,774463,4619,4618,2171,1308,1,0.007294979
Warm B,521113,3216,3215,2171,1308,1,0.01244141
Warm B,522626,3224,3223,2171,1308,1,0.01360735
Warm B,510265,3143,3142,2171,1308,0,-0.00042601454
Warm B,499483,3067,3066,2171,1308,1,0.005797676
Warm B,490306,3017,3016,2171,1308,1,-0.004196696
Warm B,485094,2986,2985,2171,1308,1,0.0107754255
Warm B,479279,2941,2940,2171,1308,1,0.008609327
Warm B,471018,2899,2898,2171,1308,1,0.017422032
Warm B,464642,2863,2862,2171,1308,1,0.010888814
Warm B,460320,2840,2839,2171,1308,1,0.010527322
Warm B,458935,2825,2824,2171,1308,1,0.008200167
Warm B,442420,2724,2723,2171,1308,1,-0.0013894981
Warm B,430331,2623,2622,2171,1308,1,0.0037674105
Warm B,422667,2561,2560,2171,1308,0,0.001436187
Warm B,425337,2581,2580,2171,1308,1,0.01262097
Warm B,416108,2506,2505,2171,1308,1,0.008882701
Warm B,400973,2389,2388,2171,1308,1,0.011530328
Warm B,392708,2305,2304,2171,1308,1,0.0036140159
Warm B,383144,2238,2237,2171,1308,1,0.0054985452
Warm B,348068,2041,2040,2171,1308,1,0.012551091
Warm B,339680,2002,2001,2171,1308,1,0.00889548
Warm B,335984,1980,1979,2171,1308,1,0.024038717
Warm B,330542,1951,1950,2171,1308,0,0.00641802
Warm B,324450,1922,1921,2171,1308,1,0.008232245
Warm B,323192,1916,1915,2171,1308,1,0.00321785
Warm B,324758,1924,1923,2171,1308,0,0.0035100775
Warm B,316285,1883,1882,2171,1308,1,0.009648403
Warm B,315304,1880,1879,2171,1308,1,0.0143647855
Warm B,304932,1812,1811,2171,1308,1,0.010390012
Warm B,316850,1884,1883,2171,1308,1,0.005577513
Warm B,274406,1658,1657,2171,1308,1,0.0075785005
Warm B,270936,1639,1638,2171,1308,0,0.011774274
Warm B,252121,1526,1525,2171,1308,1,0.007095304
Warm B,258130,1581,1580,2171,1308,1,0.0097868955
Warm B,246886,1491,1490,2171,1308,1,0.0019834992
Warm B,248276,1498,1497,2171,1308,1,0.01398724
Warm B,244977,1475,1474,2171,1308,0,0.008559719
Warm B,225386,1363,1362,2171,1308,1,-0.0013936167
Warm B,229913,1391,1390,2171,1308,0,0.007134112
Warm B,309938,1843,1842,2171,1308,1,0.005969998
Warm B,319379,1897,1896,2171,1308,0,0.016577959
Warm B,222405,1345,1344,2171,1308,1,0.0010310947
Warm B,216607,1315,1314,2171,1308,1,0.004482833
Warm B,208320,1273,1272,2171,1308,0,0.009624029
Warm B,308068,1836,1835,2171,1308,1,0.013332235
Warm B,308674,1837,1836,2171,1308,1,0.0071511893
Warm B,244014,1470,1469,2171,1308,0,0.010030446
Warm B,294339,1749,1748,2171,1308,0,0.016013274
Warm B,188244,1168,1167,2171,1308,1,0.010063909
Warm B,185367,1150,1149,2171,1308,0,0.004776921
Warm B,212485,1294,1293,2171,1308,1,0.0069628074
Warm B,199479,1224,1223,2171,1308,1,0.0068425275
Warm B,173697,1100,1099,2171,1308,0,2.1648826e-05
Warm B,168486,1069,1068,2171,1308,1,0.015979985
Warm B,191018,1181,1180,2171,1308,1,0.016057508
Warm B,167311,1065,1064,2171,1308,1,0.0055966536
Warm B,219496,1331,1330,2171,1308,1,0.0041620727
Warm B,166493,1059,1058,2171,1308,0,0.0042933724
Warm B,158944,1016,1015,2171,1308,1,0.014195434
Warm B,158284,1015,1014,2171,1308,1,0.0063684825
Warm B,311094,1853,1852,2171,1308,1,0.0075855684
Warm B,143681,927,926,2171,1308,0,0.0055084536
Warm B,138382,889,888,2171,1308,0,0.013542651
Warm B,137441,887,886,2171,1308,0,0.0021517386
Warm B,223582,1354,1353,2171,1308,0,0.012996389
Warm B,111672,727,726,2171,1308,1,0.010409028
Warm B,111503,726,725,2171,1308,1,0.00060521415
Warm B,112509,731,730,2171,1308,1,0.011974078
Warm B,778889,4653,4652,2171,1308,1,0.010176081
Warm B,111436,725,724,2171,1308,0,0.010958439
Warm B,106100,699,698,2171,1308,0,0.016249727
Warm B,284231,1698,1697,2171,1308,1,0.0055330684
Warm B,90138,594,593,2171,1308,1,-0.0014519081
Warm B,80550,534,533,2171,1308,0,0.0034988131
Warm B,84236,550,549,2171,1308,0,0.014234846
Warm B,64638,432,431,2171,1308,0,0.006233056
Warm B,64483,430,429,2171,1308,0,0.0030788174
Warm B,155362,1001,1000,2171,1308,1,0.005068565
Warm B,201594,1242,1241,2171,1308,1,0.0065022935
Warm B,132509,855,854,2171,1308,1,0.00607129
Warm B,44917,303,302,2171,1308,1,0.008078849
Warm B,42688,293,292,2171,1308,1,0.00421385
Warm B,32599,220,219,2171,1308,1,-0.0033133328
Warm B,33326,225,224,2171,1308,1,0.009377662
Warm B,24808,175,174,2171,1308,0,0.009225847
Warm B,16581,131,130,2171,1308,1,0.014473859
Warm B,5458,38,37,2171,1308,1,0.0056725773
Warm B,4890,35,34,2171,1308,1,0.004176871
Warm B,545315,3363,3362,2171,1308,0,0.0014131088
Warm B,10737,78,77,2171,1308,1,0.0046135783
Warm B,206918,1266,1265,2171,1308,0,0.009539303
Warm B,983034,5938,5937,2171,1308,0,-0.0017485683
Warm B,360841,2106,2105,2171,1308,0,0.007672295
Warm B,750442,4478,4477,2171,1308,1,0.014363816
Warm B,290268,1733,1732,2171,1308,1,0.01139303
Warm B,194878,1202,1201,2171,1308,0,0.017608177
Warm B,206368,1265,1264,2171,1308,1,0.009230968
Warm B,739415,4418,4417,2171,1308,1,-0.0033350477
Warm B,59890,408,407,2171,1308,1,0.006011131
Warm B,178658,1121,1120,2171,1308,1,0.018058952
Warm B,497252,3054,3053,2171,1308,0,0.0040908717
Warm B,474719,2913,2912,2173,1309,1,0.011078598
Warm B,484239,2979,2978,2173,1309,1,0.001046991
Warm B,754696,4497,4496,2173,1309,1,0.0033957516
Warm B,475529,2918,2917,2173,1309,1,0.009000661
Warm B,602473,3665,3664,2173,1309,1,0.00494376
Warm B,418740,2529,2528,2173,1309,1,0.018561658
Warm B,417556,2519,2518,2173,1309,1,0.0067722523
Warm B,408937,2455,2454,2173,1309,1,0.0031486584
Warm B,409223,2456,2455,2173,1309,1,0.0050142137
Warm B,392991,2308,2307,2173,1309,1,0.011540814
Warm B,392242,2304,2303,2173,1309,0,0.019176906
Warm B,387551,2265,2264,2173,1309,0,0.004807706
Warm B,370730,2167,2166,2173,1309,0,0.0134445485
Warm B,345480,2026,2025,2173,1309,0,0.0042172186
Warm B,341958,2013,2012,2173,1309,1,9.957107e-05
Warm B,333885,1969,1968,2173,1309,0,0.0017665095
Warm B,316852,1884,1883,2173,1309,0,0.012584643
Warm B,324453,1922,1921,2173,1309,0,0.0017783733
Warm B,327203,1939,1938,2173,1309,1,0.0047445507
Warm B,305638,1819,1818,2173,1309,0,-0.0011766176
Warm B,297069,1761,1760,2173,1309,0,0.0054749222
Warm B,293197,1746,1745,2173,1309,1,0.01455017
Warm B,292352,1741,1740,2173,1309,1,0.014262672
Warm B,277004,1675,1674,2173,1309,1,0.0011224877
Warm B,257065,1575,1574,2173,1309,1,0.0013953579
Warm B,251610,1522,1521,2173,1309,1,0.01881225
Warm B,253288,1540,1539,2173,1309,1,0.0066361483
Warm B,226118,1369,1368,2173,1309,1,0.0040184585
Warm B,221391,1340,1339,2173,1309,0,0.008825741
Warm B,244017,1470,1469,2173,1309,0,0.0073668994
Warm B,308676,1837,1836,2173,1309,0,0.008755311
Warm B,174184,1101,1100,2173,1309,1,0.017205583
Warm B,167894,1068,1067,2173,1309,0,0.01668564
Warm B,191022,1181,1180,2173,1309,0,0.013956457
Warm B,158287,1015,1014,2173,1309,1,0.0123079335
Warm B,225258,1362,1361,2173,1309,0,0.018162714
Warm B,233429,1420,1419,2173,1309,0,0.0058593145
Warm B,769442,4582,4581,2173,1309,1,0.010401486
Warm B,112511,731,730,2173,1309,1,0.0033528996
Warm B,99325,662,661,2173,1309,0,0.0033076815
Warm B,93623,627,626,2173,1309,1,-0.003009641
Warm B,87456,571,570,2173,1309,1,0.009487024
Warm B,85817,560,559,2173,1309,0,0.006094517
Warm B,84238,550,549,2173,1309,0,0.0110399565
Warm B,3317,25,24,2173,1309,0,0.0007276125
Warm B,1799,17,16,2173,1309,1,0.008715475
Warm B,451782,2781,2780,2173,1309,1,0.0092132315
Warm B,208818,1274,1273,2173,1309,1,0.013646919
Warm B,103982,691,690,2173,1309,1,-0.0016501241
Warm B,886518,5355,5354,2173,1309,1,0.012989625
Warm B,758638,4510,4509,2176,1311,0,0.0141950585
Warm B,576546,3524,3523,2176,1311,1,-0.0034369237
Warm B,744932,4448,4447,2176,1311,1,0.014718922
Warm B,764023,4543,4542,2176,1311,1,0.011108591
Warm B,576198,3521,3520,2176,1311,1,0.012503941
Warm B,634971,3829,3828,2176,1311,1,0.010446513
Warm B,572196,3507,3506,2176,1311,1,0.0060331677
Warm B,904221,5468,5467,2176,1311,1,-0.007487052
Warm B,696397,4169,4168,2176,1311,1,0.0076988377
Warm B,553989,3410,3409,2176,1311,1,0.0063024973
Warm B,558224,3428,3427,2176,1311,0,0.001016605
Warm B,526786,3259,3258,2176,1311,1,0.0037286216
Warm B,522634,3224,3223,2176,1311,1,0.0059350794
Warm B,506740,3118,3117,2176,1311,0,0.000717181
Warm B,768742,4579,4578,2176,1311,0,0.008043085
Warm B,495253,3039,3038,2176,1311,1,-0.0047844513
Warm B,492085,3026,3025,2176,1311,1,0.006822294
Warm B,484140,2978,2977,2176,1311,1,0.0067110024
Warm B,473718,2909,2908,2176,1311,0,0.013785239
Warm B,601643,3658,3657,2176,1311,1,0.0022693425
Warm B,459168,2826,2825,2176,1311,0,0.005740936
Warm B,458002,2820,2819,2176,1311,0,-0.0029224157
Warm B,453802,2793,2792,2176,1311,0,0.014554243
Warm B,452510,2786,2785,2176,1311,1,0.009274021
Warm B,448463,2764,2763,2176,1311,1,-0.00301531
Warm B,564466,3471,3470,2176,1311,0,0.0103297215
Warm B,446155,2751,2750,2176,1311,0,0.0006672656
Warm B,511335,3154,3153,2176,1311,1,0.0076416484
Warm B,438341,2679,2678,2176,1311,1,0.0026026233
Warm B,435479,2662,2661,2176,1311,1,0.003681011
Warm B,437451,2670,2669,2176,1311,1,-0.0047156187
Warm B,425338,2581,2580,2176,1311,1,0.005618165
Warm B,419806,2537,2536,2176,1311,1,0.0068930443
Warm B,417612,2520,2519,2176,1311,1,0.0058668945
Warm B,416665,2507,2506,2176,1311,1,0.010001332
Warm B,415072,2498,2497,2176,1311,1,0.0047863964
Warm B,414622,2496,2495,2176,1311,0,0.009625586
Warm B,394417,2324,2323,2176,1311,1,-0.001977251
Warm B,383488,2241,2240,2176,1311,0,-0.0010802158
Warm B,385307,2251,2250,2176,1311,0,0.0067214323
Warm B,380318,2223,2222,2176,1311,1,0.014859481
Warm B,369183,2158,2157,2176,1311,1,0.008775525
Warm B,364153,2121,2120,2176,1311,1,-0.004418008
Warm B,361689,2109,2108,2176,1311,1,0.0091357175
Warm B,352970,2067,2066,2176,1311,1,-0.0014870276
Warm B,353720,2072,2071,2176,1311,0,-0.002217605
Warm B,343659,2018,2017,2176,1311,1,0.008147764
Warm B,321543,1906,1905,2176,1311,1,0.00018508267
Warm B,306535,1827,1826,2176,1311,1,-0.0010001417
Warm B,279379,1680,1679,2176,1311,1,0.010101053
Warm B,273728,1650,1649,2176,1311,0,0.008993447
Warm B,221398,1340,1339,2176,1311,1,0.0058239093
Warm B,308073,1836,1835,2176,1311,1,0.010424273
Warm B,322421,1912,1911,2176,1311,1,0.008123139
Warm B,210177,1284,1283,2176,1311,0,0.002507606
Warm B,328224,1941,1940,2176,1311,1,0.0068690414
Warm B,185371,1150,1149,2176,1311,0,0.018807296
Warm B,180333,1128,1127,2176,1311,1,0.007325149
Warm B,265820,1613,1612,2176,1311,1,0.016177205
Warm B,179145,1124,1123,2176,1311,1,0.0031332215
Warm B,293792,1748,1747,2176,1311,0,0.008694933
Warm B,191030,1181,1180,2176,1311,0,0.014338699
Warm B,169591,1077,1076,2176,1311,1,0.010511004
Warm B,160150,1019,1018,2176,1311,0,0.0018768291
Warm B,162288,1034,1033,2176,1311,0,0.0031895845
Warm B,149013,958,957,2176,1311,1,0.01093867
Warm B,199481,1224,1223,2176,1311,1,0.0018415225
Warm B,131191,850,849,2176,1311,0,0.0013222942
Warm B,122611,791,790,2176,1311,1,0.011408685
Warm B,235020,1425,1424,2176,1311,1,0.014333173
Warm B,108523,711,710,2176,1311,1,0.0015227413
Warm B,108028,710,709,2176,1311,1,0.0117195025
Warm B,240159,1449,1448,2176,1311,1,0.011860823
Warm B,329371,1943,1942,2176,1311,1,0.0028921647
Warm B,316856,1884,1883,2176,1311,0,0.008503879
Warm B,94220,631,630,2176,1311,1,0.00034387643
Warm B,284239,1698,1697,2176,1311,1,0.008548971
Warm B,115421,749,748,2176,1311,0,0.0070985993
Warm B,89287,588,587,2176,1311,1,-0.0056258775
Warm B,83202,549,548,2176,1311,1,0.0058644293
Warm B,228318,1383,1382,2176,1311,1,0.012062558
Warm B,338175,1988,1987,2176,1311,0,0.006045497
Warm B,43556,300,299,2176,1311,1,0.008438772
Warm B,176992,1117,1116,2176,1311,1,0.0038208114
Warm B,46740,314,313,2176,1311,1,-0.003022119
Warm B,269995,1635,1634,2176,1311,1,0.016435614
Warm B,27492,193,192,2176,1311,1,0.012013696
Warm B,23965,170,169,2176,1311,1,0.001322482
Warm B,21916,161,160,2176,1311,1,0.0014716673
Warm B,22992,166,165,2176,1311,1,0.007894812
Warm B,464193,2860,2859,2176,1311,1,-0.0005092486
Warm B,17412,136,135,2176,1311,1,0.010462269
Warm B,16586,131,130,2176,1311,1,0.0058877915
Warm B,61730,415,414,2176,1311,1,0.0024464196
Warm B,276272,1671,1670,2176,1311,1,-0.0051034284
Warm B,592003,3610,3609,2176,1311,0,0.014867432
Warm B,8357,58,57,2176,1311,1,0.0058322586
Warm B,4423,33,32,2176,1311,0,0.0054642805
Warm B,2954,23,22,2176,1311,0,0.00829223
Warm B,206925,1266,1265,2176,1311,1,0.012451839
Warm B,481863,2962,2961,2176,1311,1,0.008158021
Warm B,15392,123,122,2176,1311,0,0.01420704
Warm B,512905,3163,3162,2176,1311,1,0.007473874
Warm B,158290,1015,1014,2176,1311,1,0.002247874
Warm B,182049,1137,1136,2176,1311,1,0.009205155
Warm B,348073,2041,2040,2176,1311,0,0.009077819
Warm B,192729,1186,1185,2176,1311,1,0.011978399
Warm B,882161,5329,5328,2176,1311,1,-0.0015491531
Warm B,234153,1422,1421,2176,1311,1,0.009526792
Warm B,51319,338,337,2176,1311,1,0.009174006
Warm B,631616,3821,3820,2176,1311,0,0.00989931
Warm B,47239,319,318,2176,1311,0,0.0033262684
Warm B,24217,173,172,2176,1311,1,0.0065997797
Warm B,618978,3751,3750,2176,1311,1,0.0044260146
Warm B,286749,1712,1711,2176,1311,0,0.017777193
Warm B,353486,2071,2070,2176,1311,0,0.011345357
Warm B,455189,2802,2801,2176,1311,1,0.0038369047
Warm B,633331,3824,3823,2176,1311,0,0.006198531
Warm B,309639,1842,1841,2176,1311,1,0.011838095
Warm B,63029,424,423,2176,1311,1,0.005688289
Warm B,565615,3475,3474,2176,1311,0,-0.00023590156
Warm B,231126,1399,1398,2176,1311,1,-0.0020878399
Warm B,892999,5394,5393,2176,1311,1,0.012683196
Warm B,113754,737,736,2176,1311,0,0.0003107409
Warm B,271795,1643,1642,2176,1311,1,0.0014900248
Warm B,254871,1551,1550,2176,1311,1,0.010238007
Warm B,34600,235,234,2176,1311,0,0.006263375
Warm B,118715,767,766,2176,1311,1,-0.0037091626
Warm B,807164,4831,4830,2176,1311,1,0.012394424
Warm B,433650,2643,2642,2176,1311,1,0.0063189357
Warm B,171720,1088,1087,2176,1311,0,0.0023464896
Warm B,315314,1880,1879,2177,1312,0,0.014736831
Warm B,112515,731,730,2177,1312,0,0.011200117
Warm B,153093,984,983,2177,1312,0,0.017782848
Warm B,97071,651,650,2177,1312,0,0.014634406
Warm B,83204,549,548,2177,1312,1,0.013686713
Warm B,211023,1285,1284,2177,1312,0,0.01684507
Warm B,44251,302,301,2177,1312,0,0.013776569
Warm B,947575,5722,5721,2177,1312,0,0.0020699415
Warm B,18573,146,145,2177,1312,0,0.004185525
Warm B,9130,62,61,2177,1312,0,0.008374436
Warm B,481865,2962,2961,2177,1312,0,0.006047533
Warm B,552402,3401,3400,2177,1312,0,0.010724854
Warm B,235021,1425,1424,2177,1312,1,0.010943697
Warm B,348075,2041,2040,2177,1312,0,0.009021115
Warm B,927592,5605,5604,2177,1312,0,0.006897944
Warm B,618979,3751,3750,2177,1312,0,0.012312889
Warm B,286751,1712,1711,2177,1312,0,-0.0033354235
Warm B,11535,90,89,2177,1312,0,0.007859372
Warm B,633333,3824,3823,2177,1312,0,0.010756085
Warm B,171721,1088,1087,2177,1312,1,0.005515198
Warm B,322423,1912,1911,2177,1312,0,0.010782342
Warm B,739416,4418,4417,2177,1312,1,0.0035246797
Warm B,324973,1925,1924,2177,1312,1,0.009211568
Warm B,226838,1376,1375,2178,1313,1,0.0126690725
Warm B,220390,1335,1334,2178,1313,1,0.019195503
Warm B,207537,1268,1267,2178,1313,1,-0.0031764326
Warm B,196556,1207,1206,2178,1313,0,0.0044515906
Warm B,279385,1680,1679,2178,1313,0,0.005247911
Warm B,328230,1941,1940,2178,1313,0,0.010459828
Warm B,326560,1935,1934,2178,1313,1,-0.00051508064
Warm B,185372,1150,1149,2178,1313,1,0.008354693
Warm B,182051,1137,1136,2178,1313,1,0.014310583
Warm B,180337,1128,1127,2178,1313,0,0.003806395
Warm B,159305,1017,1016,2178,1313,1,0.0046599153
Warm B,191033,1181,1180,2178,1313,0,0.014942819
Warm B,221401,1340,1339,2178,1313,0,0.013482018
Warm B,131193,850,849,2178,1313,0,-0.0005348488
Warm B,329372,1943,1942,2178,1313,1,0.014781703
Warm B,83206,549,548,2178,1313,1,0.0009213339
Warm B,80881,537,536,2178,1313,0,0.010252727
Warm B,77591,524,523,2178,1313,1,0.008142252
Warm B,17413,136,135,2178,1313,1,0.010613203
Warm B,7513,53,52,2178,1313,1,0.0072373203
Warm B,357510,2092,2091,2178,1313,1,0.0058035813
Warm B,4426,33,32,2178,1313,1,-0.0037873648
Warm B,481867,2962,2961,2178,1313,0,0.0028645904
Warm B,30996,208,207,2178,1313,0,0.0028948071
Warm B,18576,146,145,2178,1313,0,0.0100119
Warm B,24220,173,172,2178,1313,1,0.007738232
Warm B,633335,3824,3823,2178,1313,0,0.018762177
Warm B,744933,4448,4447,2178,1313,1,0.012203725
Warm B,473722,2909,2908,2178,1313,1,0.0064334357
Warm B,113757,737,736,2178,1313,0,0.017145447
Warm B,271796,1643,1642,2178,1313,1,0.007963915
Warm B,319383,1897,1896,2178,1313,0,0.009237788
Warm B,63033,424,423,2178,1313,1,0.014133291
Warm B,322425,1912,1911,2178,1313,1,0.004287198
Warm B,118716,767,766,2178,1313,1,0.016866148
Warm B,566306,3476,3475,2181,1314,1,0.015813982
Warm B,506747,3118,3117,2181,1314,0,0.010368535
Warm B,800136,4795,4794,2181,1314,1,0.010737769
Warm B,492092,3026,3025,2181,1314,1,0.015338509
Warm B,479287,2941,2940,2181,1314,1,0.011856243
Warm B,472642,2907,2906,2181,1314,1,0.022623828
Warm B,601647,3658,3657,2181,1314,0,0.014164768
Warm B,473736,2909,2908,2181,1314,1,0.010763558
Warm B,466881,2878,2877,2181,1314,1,0.016691811
Warm B,462623,2854,2853,2181,1314,1,0.012430675
Warm B,428818,2609,2608,2181,1314,1,0.018721795
Warm B,426237,2589,2588,2181,1314,1,0.018590663
Warm B,419810,2537,2536,2181,1314,0,0.018623175
Warm B,425342,2581,2580,2181,1314,0,0.016279824
Warm B,415077,2498,2497,2181,1314,0,0.0073810024
Warm B,400979,2389,2388,2181,1314,0,0.019499794
Warm B,384889,2248,2247,2181,1314,1,0.013872927
Warm B,381678,2231,2230,2181,1314,0,0.019490154
Warm B,377862,2205,2204,2181,1314,0,0.019112924
Warm B,378746,2211,2210,2181,1314,0,0.015403975
Warm B,366974,2140,2139,2181,1314,1,0.012684675
Warm B,361697,2109,2108,2181,1314,1,0.015576815
Warm B,353723,2072,2071,2181,1314,1,0.011519717
Warm B,356430,2088,2087,2181,1314,1,0.022201892
Warm B,352689,2064,2063,2181,1314,1,0.016567992
Warm B,279399,1680,1679,2181,1314,0,0.018092133
Warm B,250811,1513,1512,2181,1314,0,0.011947183
Warm B,322436,1912,1911,2181,1314,0,0.017534567
Warm B,207539,1268,1267,2181,1314,1,0.003385189
Warm B,210182,1284,1283,2181,1314,1,0.008402301
Warm B,328244,1941,1940,2181,1314,1,0.010972303
Warm B,188607,1170,1169,2181,1314,0,0.0117263
Warm B,185386,1150,1149,2181,1314,0,0.018253662
Warm B,184393,1147,1146,2181,1314,1,0.0060982937
Warm B,131196,850,849,2181,1314,0,0.018415494
Warm B,113760,737,736,2181,1314,0,0.020420374
Warm B,89809,591,590,2181,1314,1,0.01198536
Warm B,191047,1181,1180,2181,1314,0,0.01729567
Warm B,83214,549,548,2181,1314,1,0.011541116
Warm B,228324,1383,1382,2181,1314,0,0.0063078487
Warm B,22999,166,165,2181,1314,0,0.014455536
Warm B,17419,136,135,2181,1314,1,0.019191997
Warm B,13511,107,106,2181,1314,0,0.006627366
Warm B,276278,1671,1670,2181,1314,1,0.02017847
Warm B,481873,2962,2961,2181,1314,0,0.005830673
Warm B,18582,146,145,2181,1314,1,0.016674375
Warm B,447543,2757,2756,2181,1314,0,0.009672007
Warm B,76379,518,517,2181,1314,1,0.021313714
Warm B,158299,1015,1014,2181,1314,1,0.013174437
Warm B,182057,1137,1136,2181,1314,1,0.009185335
Warm B,348080,2041,2040,2181,1314,1,0.0066161053
Warm B,272238,1645,1644,2181,1314,1,0.012525694
Warm B,171733,1088,1087,2181,1314,1,0.0035658753
Warm B,768747,4579,4578,2181,1314,0,0.011072564
Warm B,31000,208,207,2181,1314,0,0.00996476
Warm B,63040,424,423,2181,1314,1,0.018833848
Warm B,293801,1748,1747,2181,1314,0,0.022313256
Warm B,825579,4958,4957,2181,1314,0,0.013471935
Warm B,339682,2002,2001,2182,1315,1,0.013555676
Warm B,337787,1986,1985,2182,1315,1,0.013728883
Warm B,316863,1884,1883,2182,1315,1,0.020582225
Warm B,316287,1883,1882,2182,1315,0,0.009389718
Warm B,324977,1925,1924,2182,1315,1,0.0074709365
Warm B,285962,1706,1705,2182,1315,1,0.008767885
Warm B,284869,1699,1698,2182,1315,1,0.0058098217
Warm B,256746,1570,1569,2182,1315,0,-0.0031340662
Warm B,276279,1671,1670,2182,1315,1,0.018628873
Warm B,212625,1295,1294,2182,1315,0,0.0012045419
Warm B,192997,1191,1190,2182,1315,1,0.01654928
Warm B,184394,1147,1146,2182,1315,1,0.007156287
Warm B,307500,1835,1834,2182,1315,1,0.01901451
Warm B,191048,1181,1180,2182,1315,0,0.031233728
Warm B,165243,1053,1052,2182,1315,0,0.01614634
Warm B,293802,1748,1747,2182,1315,1,0.0058881966
Warm B,160157,1019,1018,2182,1315,0,0.015620802
Warm B,158301,1015,1014,2182,1315,0,0.017464131
Warm B,138406,889,888,2182,1315,1,0.014233102
Warm B,197362,1211,1210,2182,1315,1,0.01402657
Warm B,123446,796,795,2182,1315,1,0.016698057
Warm B,118718,767,766,2182,1315,1,-0.0009834025
Warm B,97871,655,654,2182,1315,0,0.0067413086
Warm B,94593,635,634,2182,1315,1,0.0024746158
Warm B,83215,549,548,2182,1315,1,0.01578314
Warm B,57737,391,390,2182,1315,1,0.010022912
Warm B,481874,2962,2961,2182,1315,0,0.008627683
Warm B,13925,112,111,2182,1315,0,0.012060529
Warm B,592014,3610,3609,2182,1315,0,0.022984138
Warm B,237985,1447,1446,2182,1315,1,0.025651917
Warm B,744935,4448,4447,2182,1315,1,0.021996258
Warm B,271797,1643,1642,2182,1315,1,0.009397344
Warm B,322437,1912,1911,2182,1315,0,0.013436358
Warm B,473738,2909,2908,2182,1315,1,0.0092982575
Warm B,841163,5054,5053,2182,1315,0,0.012972431
Warm B,46748,314,313,2182,1315,1,0.006200216
Warm B,254873,1551,1550,2182,1315,0,0.011949491
Warm B,24227,173,172,2182,1315,0,0.011140915
Warm B,904222,5468,5467,2183,1316,1,0.010041447
Warm B,566308,3476,3475,2183,1316,1,0.0063660536
Warm B,558043,3426,3425,2183,1316,1,-0.006582151
Warm B,549489,3390,3389,2183,1316,1,0.0050464934
Warm B,546857,3371,3370,2183,1316,1,0.025691105
Warm B,533396,3292,3291,2183,1316,0,0.017981932
Warm B,511091,3151,3150,2183,1316,1,0.007236998
Warm B,513931,3171,3170,2183,1316,1,0.010731508
Warm B,522645,3224,3223,2183,1316,1,0.015849553
Warm B,768748,4579,4578,2183,1316,0,0.024038486
Warm B,492095,3026,3025,2183,1316,1,0.0078768395
Warm B,488353,3004,3003,2183,1316,1,0.0051840376
Warm B,823758,4951,4950,2183,1316,1,0.009117234
Warm B,696413,4169,4168,2183,1316,0,0.024965547
Warm B,473741,2909,2908,2183,1316,1,0.012621501
Warm B,471647,2901,2900,2183,1316,1,0.0032783856
Warm B,478972,2939,2938,2183,1316,1,0.011865832
Warm B,518788,3201,3200,2183,1316,1,0.008781626
Warm B,455868,2807,2806,2183,1316,0,0.0071342937
Warm B,452516,2786,2785,2183,1316,1,0.004639456
Warm B,448465,2764,2763,2183,1316,1,0.011496476
Warm B,511343,3154,3153,2183,1316,1,0.015324546
Warm B,438344,2679,2678,2183,1316,1,0.009600636
Warm B,425344,2581,2580,2183,1316,1,0.0154283345
Warm B,418125,2526,2525,2183,1316,1,0.01693093
Warm B,412535,2483,2482,2183,1316,1,0.00520653
Warm B,464199,2860,2859,2183,1316,1,0.0095190145
Warm B,414628,2496,2495,2183,1316,0,0.011805529
Warm B,400430,2383,2382,2183,1316,1,0.0044950144
Warm B,390037,2288,2287,2183,1316,0,0.0049928944
Warm B,384891,2248,2247,2183,1316,1,0.009038217
Warm B,377863,2205,2204,2183,1316,0,0.01044644
Warm B,361699,2109,2108,2183,1316,1,0.01831548
Warm B,353725,2072,2071,2183,1316,1,-0.002183111
Warm B,334638,1974,1973,2183,1316,0,0.017894799
Warm B,321046,1903,1902,2183,1316,1,0.014163975
Warm B,280876,1685,1684,2183,1316,1,0.004160856
Warm B,282305,1693,1692,2183,1316,0,0.017691165
Warm B,293803,1748,1747,2183,1316,1,0.012700205
Warm B,346243,2030,2029,2183,1316,0,0.017540298
Warm B,250812,1513,1512,2183,1316,0,0.0044280235
Warm B,265835,1613,1612,2183,1316,1,0.010176223
Warm B,242848,1465,1464,2183,1316,1,0.018712083
Warm B,221414,1340,1339,2183,1316,0,0.016178695
Warm B,210184,1284,1283,2183,1316,0,0.0016735034
Warm B,328248,1941,1940,2183,1316,1,0.017407183
Warm B,198633,1220,1219,2183,1316,1,0.013359595
Warm B,338181,1988,1987,2183,1316,1,0.01405507
Warm B,188609,1170,1169,2183,1316,1,0.010791536
Warm B,185389,1150,1149,2183,1316,0,0.014867876
Warm B,184396,1147,1146,2183,1316,0,-0.000845494
Warm B,180343,1128,1127,2183,1316,1,0.0071581583
Warm B,191051,1181,1180,2183,1316,0,0.02515419
Warm B,160160,1019,1018,2183,1316,1,0.020693168
Warm B,162295,1034,1033,2183,1316,1,0.010491112
Warm B,153099,984,983,2183,1316,1,0.020679623
Warm B,270006,1635,1634,2183,1316,1,0.014280273
Warm B,199487,1224,1223,2183,1316,1,0.0067585446
Warm B,201604,1242,1241,2183,1316,1,0.016412184
Warm B,127745,824,823,2183,1316,0,0.019607894
Warm B,135040,873,872,2183,1316,1,0.0068000336
Warm B,412114,2478,2477,2183,1316,1,0.023004664
Warm B,118719,767,766,2183,1316,1,0.0028173053
Warm B,235029,1425,1424,2183,1316,1,0.01830674
Warm B,223590,1354,1353,2183,1316,0,0.016599907
Warm B,240169,1449,1448,2183,1316,0,0.00933066
Warm B,108526,711,710,2183,1316,1,0.011075608
Warm B,95471,639,638,2183,1316,1,0.015584163
Warm B,303752,1804,1803,2183,1316,0,-0.0014946943
Warm B,211036,1285,1284,2183,1316,1,0.0109702125
Warm B,89290,588,587,2183,1316,1,0.007632181
Warm B,83218,549,548,2183,1316,1,0.014111744
Warm B,67479,453,452,2183,1316,1,0.017576791
Warm B,61146,412,411,2183,1316,1,0.010283933
Warm B,55221,366,365,2183,1316,1,0.014185956
Warm B,44269,302,301,2183,1316,1,0.0083579505
Warm B,177002,1117,1116,2183,1316,1,-0.00034758565
Warm B,38190,261,260,2183,1316,1,0.014214069
Warm B,28564,196,195,2183,1316,0,0.0066280705
Warm B,481875,2962,2961,2183,1316,0,0.013309596
Warm B,22815,165,164,2183,1316,1,0.009915303
Warm B,18585,146,145,2183,1316,1,0.010304265
Warm B,61739,415,414,2183,1316,1,0.015264908
Warm B,784124,4682,4681,2183,1316,1,0.00878444
Warm B,276281,1671,1670,2183,1316,1,0.01259116
Warm B,592016,3610,3609,2183,1316,0,0.018176852
Warm B,9140,62,61,2183,1316,1,0.00794477
Warm B,7527,53,52,2183,1316,1,0.0046861293
Warm B,357516,2092,2091,2183,1316,1,0.020252515
Warm B,408266,2453,2452,2183,1316,1,0.019866293
Warm B,4444,33,32,2183,1316,1,0.0154404035
Warm B,384723,2247,2246,2183,1316,1,0.011071785
Warm B,15406,123,122,2183,1316,0,0.010122174
Warm B,512920,3163,3162,2183,1316,1,0.020268563
Warm B,237988,1447,1446,2183,1316,0,0.019697193
Warm B,228326,1383,1382,2183,1316,1,0.01358028
Warm B,158304,1015,1014,2183,1316,1,0.015018056
Warm B,348083,2041,2040,2183,1316,0,0.005049066
Warm B,631624,3821,3820,2183,1316,0,0.0067772986
Warm B,713146,4277,4276,2183,1316,1,0.016766313
Warm B,622189,3768,3767,2183,1316,1,0.006623957
Warm B,618986,3751,3750,2183,1316,1,0.015810272
Warm B,453812,2793,2792,2183,1316,1,0.025444115
Warm B,171736,1088,1087,2183,1316,1,0.010659782
Warm B,484327,2980,2979,2183,1316,1,0.010699937
Warm B,558227,3428,3427,2183,1316,1,0.0086741205
Warm B,145828,937,936,2183,1316,1,0.021415064
Warm B,322440,1912,1911,2183,1316,0,0.017601363
Warm B,115425,749,748,2183,1316,1,0.009738518
Warm B,233665,1421,1420,2183,1316,0,0.005907189
Warm B,454631,2796,2795,2183,1316,0,0.016925395
Warm B,565622,3475,3474,2183,1316,0,0.009350532
Warm B,251887,1524,1523,2183,1316,1,0.0016867907
Warm B,255544,1556,1555,2183,1316,1,0.011362623
Warm B,841164,5054,5053,2183,1316,1,0.009795146
Warm B,254875,1551,1550,2183,1316,1,0.010374547
Warm B,63045,424,423,2183,1316,1,0.013141889
Warm B,709784,4258,4257,2183,1316,1,0.016315337
Warm B,718590,4305,4304,2183,1316,1,0.022187456
Warm B,506749,3118,3117,2184,1317,1,0.0010124883
Warm B,768749,4579,4578,2184,1317,1,0.002750043
Warm B,492097,3026,3025,2184,1317,1,-0.004261501
Warm B,533398,3292,3291,2184,1317,1,-0.0032866062
Warm B,479291,2941,2940,2184,1317,1,-0.009278989
Warm B,696415,4169,4168,2184,1317,1,-0.004712131
Warm B,472646,2907,2906,2184,1317,1,-0.006762175
Warm B,471648,2901,2900,2184,1317,1,-0.0073169256
Warm B,511344,3154,3153,2184,1317,1,-0.0070872926
Warm B,438346,2679,2678,2184,1317,0,0.00026896573
Warm B,428819,2609,2608,2184,1317,1,0.0051209647
Warm B,425345,2581,2580,2184,1317,1,-0.004899024
Warm B,446884,2753,2752,2184,1317,0,-0.009751686
Warm B,419813,2537,2536,2184,1317,0,-0.00042835833
Warm B,414237,2493,2492,2184,1317,1,-0.0010636253
Warm B,412536,2483,2482,2184,1317,1,0.005525292
Warm B,395591,2338,2337,2184,1317,1,0.0033441486
Warm B,390719,2293,2292,2184,1317,1,0.0058167437
Warm B,385314,2251,2250,2184,1317,0,-0.004918658
Warm B,377865,2205,2204,2184,1317,0,-0.0061031673
Warm B,374140,2181,2180,2184,1317,1,-0.004478903
Warm B,364155,2121,2120,2184,1317,0,0.00085868663
Warm B,357924,2094,2093,2184,1317,1,0.0020944146
Warm B,353726,2072,2071,2184,1317,1,0.004614343
Warm B,352690,2064,2063,2184,1317,1,-0.0020369866
Warm B,343667,2018,2017,2184,1317,1,0.007985761
Warm B,324979,1925,1924,2184,1317,0,-0.0047359085
Warm B,345487,2026,2025,2184,1317,1,-0.005484416
Warm B,293805,1748,1747,2184,1317,0,0.003776984
Warm B,256747,1570,1569,2184,1317,0,0.002585635
Warm B,346244,2030,2029,2184,1317,1,-0.0046051457
Warm B,250651,1511,1510,2184,1317,0,-0.0021984414
Warm B,316866,1884,1883,2184,1317,0,-0.00021223677
Warm B,228951,1387,1386,2184,1317,1,0.0073051117
Warm B,276283,1671,1670,2184,1317,0,-0.006049172
Warm B,320149,1899,1898,2184,1317,1,-0.0048388382
Warm B,308078,1836,1835,2184,1317,1,-0.0062858565
Warm B,279405,1680,1679,2184,1317,1,-0.00016125524
Warm B,219906,1333,1332,2184,1317,0,-0.005816608
Warm B,328251,1941,1940,2184,1317,1,-0.011374329
Warm B,188610,1170,1169,2184,1317,1,-0.006469289
Warm B,185391,1150,1149,2184,1317,0,-0.007901989
Warm B,184397,1147,1146,2184,1317,1,0.0047424957
Warm B,182819,1140,1139,2184,1317,1,0.0075670914
Warm B,167422,1066,1065,2184,1317,0,-0.0031529034
Warm B,165245,1053,1052,2184,1317,0,0.002563221
Warm B,199489,1224,1223,2184,1317,1,-0.0071325824
Warm B,138411,889,888,2184,1317,0,0.0035470182
Warm B,124274,800,799,2184,1317,1,-0.013416326
Warm B,122618,791,790,2184,1317,0,-0.008308111
Warm B,235031,1425,1424,2184,1317,1,-0.0047218907
Warm B,324464,1922,1921,2184,1317,0,-0.00452476
Warm B,240172,1449,1448,2184,1317,0,-0.0016733395
Warm B,105175,696,695,2184,1317,0,0.00029040244
Warm B,203487,1248,1247,2184,1317,1,0.00051294174
Warm B,94225,631,630,2184,1317,1,-0.004057727
Warm B,211037,1285,1284,2184,1317,1,-0.007865511
Warm B,339200,1998,1997,2184,1317,1,-0.0067119296
Warm B,83221,549,548,2184,1317,1,-0.011542075
Warm B,319390,1897,1896,2184,1317,0,-0.009964739
Warm B,75364,512,511,2184,1317,1,-0.006288481
Warm B,61147,412,411,2184,1317,1,-0.004162267
Warm B,49193,329,328,2184,1317,0,-0.00097282487
Warm B,44272,302,301,2184,1317,0,-0.0008820975
Warm B,177004,1117,1116,2184,1317,1,-0.0065024905
Warm B,108527,711,710,2184,1317,1,0.0017419794
Warm B,133647,864,863,2184,1317,0,-1.8475112e-05
Warm B,22816,165,164,2184,1317,0,-0.0025060182
Warm B,290280,1733,1732,2184,1317,0,-0.007923384
Warm B,11313,86,85,2184,1317,1,-0.0028709667
Warm B,8371,58,57,2184,1317,1,-0.003068537
Warm B,481877,2962,2961,2184,1317,0,-0.0075987303
Warm B,69076,462,461,2184,1317,1,0.005587565
Warm B,882163,5329,5328,2184,1317,1,-0.014628982
Warm B,357517,2092,2091,2184,1317,0,-0.0034005702
Warm B,24230,173,172,2184,1317,0,-0.0028978745
Warm B,618989,3751,3750,2184,1317,0,-0.0060598725
Warm B,633343,3824,3823,2184,1317,0,-0.00822443
Warm B,322442,1912,1911,2184,1317,0,-0.0026668597
Warm B,841166,5054,5053,2184,1317,1,-0.0038573002
Warm B,631625,3821,3820,2184,1317,1,-0.003078958
Warm B,271798,1643,1642,2184,1317,1,0.00586537
Warm B,63048,424,423,2184,1317,1,-0.0047550993
Warm B,699708,4186,4185,2184,1317,0,-0.0034819846
Warm B,460727,2841,2840,2184,1317,1,-0.0146627305
Warm B,984046,5948,5947,2184,1317,1,-0.0066443207
Warm B,171739,1088,1087,2184,1317,1,0.0023578699
Warm B,404586,2419,2418,2195,1322,0,0.011203626
Warm B,399530,2378,2377,2195,1322,0,0.0072301244
Warm B,397875,2361,2360,2195,1322,1,0.020415058
Warm B,392274,2304,2303,2195,1322,1,0.020689484
Warm B,375627,2188,2187,2195,1322,0,0.0050005363
Warm B,372469,2175,2174,2195,1322,1,0.005221613
Warm B,370513,2166,2165,2195,1322,1,0.017738085
Warm B,378400,2208,2207,2195,1322,0,0.005486061
Warm B,382498,2235,2234,2195,1322,0,0.011880597
Warm B,368834,2156,2155,2195,1322,0,0.00029758166
Warm B,351976,2063,2062,2195,1322,0,0.0031623342
Warm B,348970,2047,2046,2195,1322,1,0.0010954347
Warm B,341655,2012,2011,2195,1322,0,0.012295065
Warm B,340719,2010,2009,2195,1322,0,0.01225808
Warm B,297567,1764,1763,2195,1322,1,0.0076099355
Warm B,287168,1714,1713,2195,1322,0,0.010461704
Warm B,282676,1694,1693,2195,1322,0,0.002112504
Warm B,259521,1587,1586,2195,1322,0,0.0048675067
Warm B,296830,1759,1758,2195,1322,0,0.004196938
Warm B,208028,1272,1271,2195,1322,0,0.013240054
Warm B,205347,1263,1262,2195,1322,1,0.013652371
Warm B,279430,1680,1679,2195,1322,0,0.006704919
Warm B,331693,1958,1957,2195,1322,1,0.012608529
Warm B,185406,1150,1149,2195,1322,0,0.011482601
Warm B,176065,1113,1112,2195,1322,1,0.0016334746
Warm B,173714,1100,1099,2195,1322,0,-0.0054946057
Warm B,203144,1246,1245,2195,1322,1,0.021916091
Warm B,354563,2076,2075,2195,1322,0,7.217564e-05
Warm B,146263,940,939,2195,1322,0,0.00050146924
Warm B,143692,927,926,2195,1322,0,-0.0029487582
Warm B,156969,1010,1009,2195,1322,1,0.008319853
Warm B,136666,881,880,2195,1322,0,0.004630554
Warm B,160173,1019,1018,2195,1322,0,0.0004582093
Warm B,121547,781,780,2195,1322,1,0.0030197315
Warm B,119321,770,769,2195,1322,1,0.017861089
Warm B,117543,757,756,2195,1322,0,0.0041332697
Warm B,112534,731,730,2195,1322,1,0.008211563
Warm B,108060,710,709,2195,1322,0,0.0006942698
Warm B,106120,699,698,2195,1322,1,-6.5928325e-05
Warm B,329393,1943,1942,2195,1322,0,0.0068896683
Warm B,92563,620,619,2195,1322,0,-0.003647257
Warm B,299680,1778,1777,2195,1322,0,0.0044850195
Warm B,81747,543,542,2195,1322,0,0.002254352
Warm B,67486,453,452,2195,1322,1,0.011811685
Warm B,53516,352,351,2195,1322,0,0.015555781
Warm B,233670,1421,1420,2195,1322,0,-0.003780502
Warm B,44297,302,301,2195,1322,0,0.0105525
Warm B,43830,301,300,2195,1322,0,0.010709045
Warm B,537994,3312,3311,2195,1322,0,0.0071758744
Warm B,40259,272,271,2195,1322,0,0.0103415325
Warm B,41686,284,283,2195,1322,1,0.0035799348
Warm B,219208,1329,1328,2195,1322,0,0.0012109452
Warm B,31480,214,213,2195,1322,1,0.0072859004
Warm B,26767,190,189,2195,1322,0,0.013070153
Warm B,25779,182,181,2195,1322,0,0.013732018
Warm B,35767,242,241,2195,1322,1,0.008925278
Warm B,2398,19,18,2195,1322,0,0.0033290193
Warm B,439835,2688,2687,2195,1322,0,0.0100282645
Warm B,354989,2077,2076,2195,1322,0,0.017597059
Warm B,2704,22,21,2195,1322,1,0.0041151363
Warm B,238003,1447,1446,2195,1322,1,0.008571775
Warm B,371028,2168,2167,2195,1322,1,0.010293731
Warm B,342562,2015,2014,2195,1322,1,0.015055023
Warm B,363122,2116,2115,2195,1322,0,0.008445413
Warm B,134362,869,868,2195,1322,1,0.0031042262
Warm B,571108,3503,3502,2195,1322,0,0.004780217
Warm B,164643,1051,1050,2195,1322,0,0.008395297
Warm B,717028,4294,4293,2195,1322,0,-0.0023395047
Warm B,52939,349,348,2195,1322,0,0.0071872827
Warm B,581356,3550,3549,2195,1322,0,0.009179452
Warm B,171755,1088,1087,2195,1322,0,0.011959003
Warm B,371726,2172,2171,2195,1322,1,0.007013082
Warm B,600830,3652,3651,2195,1322,0,0.008080695
Warm B,461547,2847,2846,2195,1322,0,0.011036553
Warm B,550266,3391,3390,2195,1322,1,0.003071987
Warm B,162119,1034,1033,2204,1325,1,0.0018168848
Warm B,269601,1635,1634,2204,1325,1,0.012953004
Warm B,199181,1224,1223,2204,1325,1,0.0060758363
Warm B,184726,1150,1149,2204,1325,0,0.012584682
Warm B,964302,5812,5811,2204,1325,0,0.005232432
Warm B,130910,850,849,2204,1325,1,0.003097415
Warm B,197172,1211,1210,2204,1325,1,0.004112103
Warm B,139085,890,889,2204,1325,0,0.004587852
Warm B,115204,749,748,2204,1325,1,0.0025020791
Warm B,316501,1884,1883,2204,1325,1,0.0015762247
Warm B,631256,3821,3820,2204,1325,1,0.0013179907
Warm B,89687,591,590,2204,1325,1,0.009607334
Warm B,82605,549,548,2204,1325,1,0.01937117
Warm B,27450,193,192,2204,1325,0,-0.0039769704
Warm B,12628,97,96,2204,1325,1,0.0016358099
Warm B,481544,2962,2961,2204,1325,0,0.011886817
Warm B,89049,588,587,2204,1325,1,-0.007710439
Warm B,24116,173,172,2204,1325,1,0.0062856004
Warm B,181776,1137,1136,2204,1325,1,0.009962294
Warm B,745188,4448,4447,2204,1325,1,0.007962504
Warm B,18212,140,139,2204,1325,0,0.0010568015
Warm B,286504,1712,1711,2204,1325,1,0.008584011
Warm B,420682,2544,2543,2204,1325,0,0.008456055
Warm B,107586,710,709,2204,1325,1,0.0069676614
Warm B,632810,3824,3823,2204,1325,0,0.0069950377
Warm B,473077,2909,2908,2204,1325,1,0.009832598
Warm B,308291,1837,1836,2204,1325,1,0.0054813186
Warm B,546621,3371,3370,2204,1325,0,0.0026482397
Warm B,321960,1912,1911,2204,1325,0,0.00789112
Warm B,703968,4221,4220,2206,1326,1,0.0028362926
Warm B,687411,4115,4114,2206,1326,1,0.01424749
Warm B,681150,4083,4082,2206,1326,1,0.027042158
Warm B,784304,4682,4681,2206,1326,1,0.018538408
Warm B,667157,4016,4015,2206,1326,0,0.0014779759
Warm B,652253,3934,3933,2206,1326,0,0.008167194
Warm B,725697,4344,4343,2206,1326,1,0.0129305525
Warm B,637606,3841,3840,2206,1326,0,0.014774311
Warm B,606272,3683,3682,2206,1326,1,0.013349653
Warm B,621029,3762,3761,2206,1326,1,0.009731706
Warm B,593230,3618,3617,2206,1326,0,0.011695185
Warm B,589544,3596,3595,2206,1326,1,0.009509077
Warm B,570620,3501,3500,2206,1326,1,0.008889242
Warm B,571740,3507,3506,2206,1326,1,0.024301082
Warm B,696951,4169,4168,2206,1326,1,0.027547136
Warm B,553630,3410,3409,2206,1326,1,0.0128844585
Warm B,556140,3418,3417,2206,1326,1,0.0057061957
Warm B,552803,3402,3401,2206,1326,1,0.01356517
Warm B,632811,3824,3823,2206,1326,0,0.010540099
Warm B,516136,3186,3185,2206,1326,1,-0.008405033
Warm B,510994,3151,3150,2206,1326,1,0.00090027344
Warm B,506444,3118,3117,2206,1326,0,0.011197012
Warm B,495224,3039,3038,2206,1326,1,-0.004526827
Warm B,491897,3026,3025,2206,1326,1,0.007197813
Warm B,532879,3292,3291,2206,1326,1,0.01963995
Warm B,472206,2907,2906,2206,1326,0,0.00829755
Warm B,645012,3885,3884,2206,1326,1,-0.0005886704
Warm B,459042,2826,2825,2206,1326,1,0.015198169
Warm B,448289,2764,2763,2206,1326,1,0.011869842
Warm B,446626,2753,2752,2206,1326,1,0.012489972
Warm B,444147,2739,2738,2206,1326,1,0.008188967
Warm B,440608,2695,2694,2206,1326,1,-0.0042429147
Warm B,438939,2682,2681,2206,1326,1,0.022565702
Warm B,438173,2679,2678,2206,1326,1,0.016766839
Warm B,511245,3154,3153,2206,1326,1,0.017150361
Warm B,425129,2581,2580,2206,1326,1,0.0054592867
Warm B,417343,2514,2513,2206,1326,1,0.013624164
Warm B,414991,2498,2497,2206,1326,1,0.008074041
Warm B,403057,2407,2406,2206,1326,0,0.0031958988
Warm B,397537,2355,2354,2206,1326,1,0.01299954
Warm B,395322,2335,2334,2206,1326,1,0.011508059
Warm B,390565,2293,2292,2206,1326,1,0.017759128
Warm B,384839,2248,2247,2206,1326,1,0.0042403955
Warm B,373703,2181,2180,2206,1326,0,0.015759183
Warm B,364051,2121,2120,2206,1326,0,0.00862669
Warm B,361325,2109,2108,2206,1326,1,0.01390106
Warm B,353608,2072,2071,2206,1326,1,0.00895508
Warm B,343428,2018,2017,2206,1326,1,0.011483969
Warm B,318843,1896,1895,2206,1326,1,0.0076254755
Warm B,312136,1861,1860,2206,1326,1,0.0046609626
Warm B,304480,1810,1809,2206,1326,0,-0.001425611
Warm B,293488,1748,1747,2206,1326,1,0.0146917915
Warm B,282162,1693,1692,2206,1326,1,0.008437216
Warm B,345374,2026,2025,2206,1326,0,0.015934654
Warm B,256711,1570,1569,2206,1326,0,0.0013988279
Warm B,345966,2030,2029,2206,1326,1,0.007933131
Warm B,250735,1513,1512,2206,1326,1,0.0019625002
Warm B,246112,1489,1488,2206,1326,0,0.015700515
Warm B,316502,1884,1883,2206,1326,1,0.008193344
Warm B,228820,1387,1386,2206,1326,1,0.0121179
Warm B,275956,1671,1670,2206,1326,1,0.0115692355
Warm B,319752,1899,1898,2206,1326,1,0.02238392
Warm B,446059,2751,2750,2206,1326,0,0.00785963
Warm B,199023,1223,1222,2206,1326,1,0.00759139
Warm B,192936,1191,1190,2206,1326,1,0.010144468
Warm B,219638,1333,1332,2206,1326,1,0.000934571
Warm B,327426,1941,1940,2206,1326,1,0.006203258
Warm B,184728,1150,1149,2206,1326,0,0.016020965
Warm B,180077,1128,1127,2206,1326,1,0.018276582
Warm B,165083,1053,1052,2206,1326,1,0.008113703
Warm B,190223,1181,1180,2206,1326,1,0.0332275
Warm B,159692,1019,1018,2206,1326,0,0.014940388
Warm B,220995,1340,1339,2206,1326,0,0.015004088
Warm B,199183,1224,1223,2206,1326,1,0.0125070475
Warm B,144446,931,930,2206,1326,1,-2.2362918e-05
Warm B,142836,922,921,2206,1326,0,0.013068104
Warm B,140511,903,902,2206,1326,1,-0.00093514845
Warm B,137609,889,888,2206,1326,1,0.018859284
Warm B,321962,1912,1911,2206,1326,0,0.014819656
Warm B,122453,791,790,2206,1326,1,0.008192572
Warm B,120093,776,775,2206,1326,1,-0.0072915414
Warm B,115205,749,748,2206,1326,1,0.017439362
Warm B,89688,591,590,2206,1326,1,0.019542623
Warm B,89050,588,587,2206,1326,1,0.012207264
Warm B,82607,549,548,2206,1326,1,0.016066298
Warm B,227893,1383,1382,2206,1326,1,0.0072017307
Warm B,46677,314,313,2206,1326,1,0.017557226
Warm B,36125,245,244,2206,1326,1,0.01536763
Warm B,234644,1425,1424,2206,1326,1,0.0058871787
Warm B,133573,864,863,2206,1326,0,0.028877072
Warm B,18496,146,145,2206,1326,0,0.016657725
Warm B,9037,62,61,2206,1326,1,0.0039427886
Warm B,4307,33,32,2206,1326,1,0.0041101743
Warm B,481545,2962,2961,2206,1326,0,0.003046974
Warm B,380620,2225,2224,2206,1326,0,0.00770015
Warm B,457553,2820,2819,2206,1326,1,0.01827867
Warm B,24121,173,172,2206,1326,1,0.008177186
Warm B,916834,5539,5538,2206,1326,1,0.018408012
Warm B,171128,1088,1087,2206,1326,1,0.008840844
Warm B,107587,710,709,2206,1326,1,0.01777813
Warm B,62418,424,423,2206,1326,0,0.007342242
Warm B,232474,1413,1412,2206,1326,1,0.0066097127
Warm B,497009,3054,3053,2206,1326,1,0.015521485
Warm B,473079,2909,2908,2206,1326,1,0.0104492735
Warm B,565299,3475,3474,2206,1326,0,0.010599071
Warm B,22768,164,163,2206,1326,1,0.0023740558
Warm B,13093,102,101,2206,1326,1,0.0125204185
Warm B,762337,4530,4529,2208,1327,1,0.00080279866
Warm B,754231,4493,4492,2208,1327,1,0.00018870458
Warm B,744159,4447,4446,2208,1327,1,0.007858785
Warm B,711267,4268,4267,2208,1327,1,0.00578945
Warm B,701835,4207,4206,2208,1327,1,0.00014980801
Warm B,690770,4134,4133,2208,1327,0,-0.0003953037
Warm B,667158,4016,4015,2208,1327,0,0.006898409
Warm B,758943,4510,4509,2208,1327,0,0.0052025532
Warm B,638816,3842,3841,2208,1327,1,0.0061593433
Warm B,637607,3841,3840,2208,1327,1,0.009266861
Warm B,621030,3762,3761,2208,1327,0,0.013627911
Warm B,645986,3888,3887,2208,1327,1,0.009388596
Warm B,670025,4028,4027,2208,1327,0,0.011071206
Warm B,613793,3718,3717,2208,1327,0,0.014119562
Warm B,940089,5675,5674,2208,1327,1,0.0051847626
Warm B,696956,4169,4168,2208,1327,1,0.01442064
Warm B,728319,4354,4353,2208,1327,1,0.0134076085
Warm B,580341,3546,3545,2208,1327,0,-0.000104629435
Warm B,571743,3507,3506,2208,1327,1,0.012052196
Warm B,568191,3487,3486,2208,1327,1,0.013462238
Warm B,557979,3426,3425,2208,1327,1,0.0021736124
Warm B,549375,3390,3389,2208,1327,1,0.0024197951
Warm B,576740,3526,3525,2208,1327,1,0.002390634
Warm B,552804,3402,3401,2208,1327,1,0.00534582
Warm B,513860,3171,3170,2208,1327,1,0.008187676
Warm B,506445,3118,3117,2208,1327,0,0.00080441264
Warm B,768935,4579,4578,2208,1327,1,0.014348412
Warm B,496177,3049,3048,2208,1327,1,-0.0036999958
Warm B,491898,3026,3025,2208,1327,1,0.0047593545
Warm B,488298,3004,3003,2208,1327,0,-0.0010177332
Warm B,487298,2997,2996,2208,1327,0,-0.002297844
Warm B,483788,2975,2974,2208,1327,1,0.00697431
Warm B,479086,2941,2940,2208,1327,1,0.010879363
Warm B,472209,2907,2906,2208,1327,0,0.00856896
Warm B,469519,2892,2891,2208,1327,1,-0.00091013196
Warm B,466131,2874,2873,2208,1327,1,0.0034237227
Warm B,754829,4497,4496,2208,1327,1,-0.0006465048
Warm B,461952,2849,2848,2208,1327,1,-0.006426195
Warm B,457556,2820,2819,2208,1327,0,0.007851203
Warm B,448290,2764,2763,2208,1327,1,0.0126865115
Warm B,447117,2754,2753,2208,1327,1,0.012617897
Warm B,446627,2753,2752,2208,1327,1,0.0049211145
Warm B,446061,2751,2750,2208,1327,1,0.0062399767
Warm B,438940,2682,2681,2208,1327,1,0.0034596128
Warm B,438515,2680,2679,2208,1327,1,-0.0007007505
Warm B,431839,2631,2630,2208,1327,1,0.0019587735
Warm B,430848,2627,2626,2208,1327,1,0.012175883
Warm B,428716,2609,2608,2208,1327,1,0.0024781087
Warm B,414992,2498,2497,2208,1327,1,-0.0021401327
Warm B,403058,2407,2406,2208,1327,1,0.009631334
Warm B,400831,2389,2388,2208,1327,1,-0.0023720067
Warm B,411973,2478,2477,2208,1327,0,0.0043696472
Warm B,397538,2355,2354,2208,1327,1,0.0051674405
Warm B,395323,2335,2334,2208,1327,1,0.0087555945
Warm B,390566,2293,2292,2208,1327,1,0.006110966
Warm B,389783,2288,2287,2208,1327,0,0.006810756
Warm B,381448,2231,2230,2208,1327,0,0.016579967
Warm B,373704,2181,2180,2208,1327,1,0.013086408
Warm B,361327,2109,2108,2208,1327,1,0.005746771
Warm B,356642,2089,2088,2208,1327,1,0.0068186205
Warm B,353609,2072,2071,2208,1327,1,0.00861422
Warm B,347178,2038,2037,2208,1327,0,0.0044000056
Warm B,343430,2018,2017,2208,1327,1,0.010611046
Warm B,339598,2002,2001,2208,1327,1,0.008000997
Warm B,335340,1980,1979,2208,1327,1,0.013621809
Warm B,318844,1896,1895,2208,1327,1,0.0029175025
Warm B,306020,1821,1820,2208,1327,0,-0.0034627193
Warm B,316503,1884,1883,2208,1327,0,0.013672069
Warm B,286176,1709,1708,2208,1327,1,0.004407617
Warm B,293491,1748,1747,2208,1327,1,0.008196622
Warm B,275957,1671,1670,2208,1327,0,0.009456441
Warm B,268683,1632,1631,2208,1327,0,0.014937912
Warm B,345376,2026,2025,2208,1327,1,0.0013912902
Warm B,260788,1594,1593,2208,1327,1,0.0026648785
Warm B,250605,1511,1510,2208,1327,1,0.008619515
Warm B,231514,1404,1403,2208,1327,1,0.0075674206
Warm B,227416,1378,1377,2208,1327,1,0.0011481834
Warm B,228821,1387,1386,2208,1327,1,0.0049835863
Warm B,425130,2581,2580,2208,1327,1,0.012387222
Warm B,207443,1268,1267,2208,1327,1,0.006620296
Warm B,199024,1223,1222,2208,1327,1,0.0022711733
Warm B,199185,1224,1223,2208,1327,1,0.0056921206
Warm B,192937,1191,1190,2208,1327,1,0.0049532307
Warm B,327429,1941,1940,2208,1327,1,0.0071705217
Warm B,189866,1178,1177,2208,1327,0,-0.0009620264
Warm B,206570,1266,1265,2208,1327,1,0.0077371085
Warm B,212352,1294,1293,2208,1327,1,0.0004646408
Warm B,182611,1140,1139,2208,1327,1,0.0024648304
Warm B,165695,1057,1056,2208,1327,1,-0.0010522816
Warm B,165084,1053,1052,2208,1327,1,-0.0013277791
Warm B,190229,1181,1180,2208,1327,0,0.007655467
Warm B,161229,1029,1028,2208,1327,1,0.00542465
Warm B,157621,1015,1014,2208,1327,1,0.008690996
Warm B,319753,1899,1898,2208,1327,1,0.006062611
Warm B,144447,931,930,2208,1327,1,0.014169041
Warm B,137612,889,888,2208,1327,1,0.010366352
Warm B,374685,2185,2184,2208,1327,1,0.001237903
Warm B,124119,800,799,2208,1327,1,0.0036298954
Warm B,120094,776,775,2208,1327,1,-0.0013106556
Warm B,112184,731,730,2208,1327,1,0.012539294
Warm B,94057,631,630,2208,1327,1,0.013322464
Warm B,153591,987,986,2208,1327,1,-0.0007441663
Warm B,89051,588,587,2208,1327,1,0.0042626597
Warm B,82612,549,548,2208,1327,1,0.005316404
Warm B,69405,466,465,2208,1327,1,0.0009274442
Warm B,123214,796,795,2208,1327,1,0.015379913
Warm B,220996,1340,1339,2208,1327,0,0.006277594
Warm B,41345,280,279,2208,1327,0,-0.0030663798
Warm B,46679,314,313,2208,1327,0,0.0070901187
Warm B,34519,235,234,2208,1327,1,0.0065781698
Warm B,481546,2962,2961,2208,1327,0,0.004473551
Warm B,511246,3154,3153,2208,1327,0,0.0022249513
Warm B,136011,879,878,2208,1327,1,0.007874823
Warm B,12630,97,96,2208,1327,1,-0.0043665795
Warm B,591637,3610,3609,2208,1327,0,0.013786003
Warm B,4102,31,30,2208,1327,1,0.0021986053
Warm B,24122,173,172,2208,1327,1,0.009013068
Warm B,94512,635,634,2208,1327,1,0.0033754648
Warm B,192620,1186,1185,2208,1327,1,0.0060466067
Warm B,284686,1699,1698,2208,1327,1,0.0043018265
Warm B,181779,1137,1136,2208,1327,1,0.0030749212
Warm B,30962,208,207,2208,1327,0,0.0030444365
Warm B,369252,2159,2158,2208,1327,1,0.0063130674
Warm B,420683,2544,2543,2208,1327,0,0.015334956
Warm B,588283,3590,3589,2208,1327,1,0.007553394
Warm B,309429,1842,1841,2208,1327,1,0.005590529
Warm B,991811,5991,5990,2208,1327,1,0.003060047
Warm B,321965,1912,1911,2208,1327,0,-0.0012830598
Warm B,115207,749,748,2208,1327,0,0.007931168
Warm B,135106,874,873,2208,1327,1,0.004010174
Warm B,347787,2041,2040,2208,1327,1,0.010163179
Warm B,204163,1256,1255,2208,1327,1,0.0037390357
Warm B,821656,4940,4939,2208,1327,1,0.0042642914
Warm B,118628,767,766,2208,1327,1,0.00880199
Warm B,823427,4950,4949,2208,1327,1,0.011275979
Warm B,841359,5054,5053,2208,1327,1,0.014363732
Warm B,27453,193,192,2208,1327,1,0.013384406
Warm B,254801,1551,1550,2208,1327,1,-0.0023193664
Warm B,73265,496,495,2208,1327,1,0.008882821
Warm B,506462,3118,3117,2212,1328,0,0.018471146
Warm B,628472,3807,3806,2212,1328,0,0.014287069
Warm B,491906,3026,3025,2212,1328,1,0.008895898
Warm B,479100,2941,2940,2212,1328,1,0.012658869
Warm B,472227,2907,2906,2212,1328,0,0.022955347
Warm B,473107,2909,2908,2212,1328,1,0.0136682205
Warm B,518575,3201,3200,2212,1328,1,0.010487782
Warm B,511254,3154,3153,2212,1328,0,0.015320683
Warm B,437328,2670,2669,2212,1328,0,0.008388165
Warm B,428722,2609,2608,2212,1328,1,0.007993009
Warm B,419546,2537,2536,2212,1328,1,0.017904999
Warm B,425141,2581,2580,2212,1328,1,0.024246773
Warm B,414999,2498,2497,2212,1328,0,0.0076881154
Warm B,396897,2350,2349,2212,1328,1,-0.0039067147
Warm B,400189,2383,2382,2212,1328,1,0.017047089
Warm B,391297,2302,2301,2212,1328,0,0.020055111
Warm B,384845,2248,2247,2212,1328,1,0.005121261
Warm B,381468,2231,2230,2212,1328,0,0.01016087
Warm B,366880,2140,2139,2212,1328,1,0.009284008
Warm B,361347,2109,2108,2212,1328,1,0.022040816
Warm B,343447,2018,2017,2212,1328,1,0.0043601864
Warm B,306024,1821,1820,2212,1328,0,0.011467446
Warm B,345988,2030,2029,2212,1328,1,0.011075836
Warm B,246125,1489,1488,2212,1328,0,0.005129925
Warm B,316528,1884,1883,2212,1328,1,0.014220102
Warm B,321894,1911,1910,2212,1328,0,0.014409393
Warm B,243643,1470,1469,2212,1328,0,0.004990469
Warm B,327458,1941,1940,2212,1328,1,0.021886308
Warm B,184756,1150,1149,2212,1328,1,0.013201926
Warm B,180688,1130,1129,2212,1328,1,0.011239101
Warm B,169999,1080,1079,2212,1328,1,0.007963497
Warm B,190262,1181,1180,2212,1328,0,0.018678289
Warm B,199203,1224,1223,2212,1328,1,0.019734388
Warm B,130726,848,847,2212,1328,0,0.0094481
Warm B,197188,1211,1210,2212,1328,1,0.010970444
Warm B,779009,4653,4652,2212,1328,1,0.022677762
Warm B,108451,711,710,2212,1328,1,-0.0017800936
Warm B,239560,1449,1448,2212,1328,0,0.021510914
Warm B,82636,549,548,2212,1328,1,0.018026538
Warm B,61078,412,411,2212,1328,1,0.01974342
Warm B,337879,1988,1987,2212,1328,1,0.018120393
Warm B,43788,301,300,2212,1328,1,0.010672288
Warm B,31706,216,215,2212,1328,1,0.022408085
Warm B,481560,2962,2961,2212,1328,0,0.010856256
Warm B,17365,136,135,2212,1328,0,0.0021349264
Warm B,13495,107,106,2212,1328,1,0.005788072
Warm B,591655,3610,3609,2212,1328,0,0.0036128045
Warm B,9064,62,61,2212,1328,1,0.016166769
Warm B,89066,588,587,2212,1328,1,0.019963756
Warm B,380637,2225,2224,2212,1328,1,0.014809296
Warm B,24156,173,172,2212,1328,1,0.010396507
Warm B,512502,3163,3162,2212,1328,1,0.015636925
Warm B,157650,1015,1014,2212,1328,1,0.021731172
Warm B,181798,1137,1136,2212,1328,1,0.0174422
Warm B,241769,1457,1456,2212,1328,1,0.015297785
Warm B,750560,4478,4477,2212,1328,1,0.019316705
Warm B,745204,4448,4447,2212,1328,1,0.019596264
Warm B,835164,5019,5018,2212,1328,1,0.012151441
Warm B,556475,3420,3419,2212,1328,1,0.008627999
Warm B,454436,2796,2795,2212,1328,0,0.01080068
Warm B,62446,424,423,2212,1328,1,0.018091947
Warm B,18514,146,145,2212,1328,1,0.0051618516
Warm B,565319,3475,3474,2212,1328,0,0.014709448
Warm B,638827,3842,3841,2212,1328,1,0.010456108
Warm B,93152,624,623,2212,1328,0,0.022374095
Warm B,339027,1998,1997,2212,1328,0,0.011785621
Warm B,13098,102,101,2212,1328,1,0.0060253553
Warm B,73269,496,495,2212,1328,0,0.011414841
Warm B,201316,1242,1241,2238,1332,0,-0.0037326335
Warm B,130953,850,849,2238,1332,1,0.0054528946
Warm B,374712,2185,2184,2238,1332,1,-0.003067361
Warm B,101611,677,676,2238,1332,1,0.006683941
Warm B,207460,1268,1267,2238,1332,1,0.003748364
Warm B,61112,412,411,2238,1332,0,0.005713842
Warm B,210517,1285,1284,2238,1332,1,0.012029678
Warm B,51634,339,338,2238,1332,1,-0.0053199893
Warm B,42055,285,284,2238,1332,1,-0.012446087
Warm B,4874,35,34,2238,1332,1,-0.0057153357
Warm B,293534,1748,1747,2238,1332,1,-0.009347463
Warm B,451449,2779,2778,2238,1332,1,0.003058807
Warm B,860247,5172,5171,2238,1332,1,-0.00025502057
Warm B,208559,1274,1273,2238,1332,0,0.0077675
Warm B,739509,4418,4417,2238,1332,0,-0.004848065
Warm B,24192,173,172,2238,1332,1,-0.00011626724
Warm B,497042,3054,3053,2238,1332,1,0.01169873
Warm B,286459,1711,1710,2239,1333,0,0.009064021
Warm B,271604,1642,1641,2239,1333,0,0.0048429803
Warm B,214619,1303,1302,2239,1333,0,0.0066331984
Warm B,208190,1273,1272,2239,1333,1,0.0005007639
Warm B,220261,1335,1334,2239,1333,1,0.01671356
Warm B,243666,1470,1469,2239,1333,0,0.009377758
Warm B,316080,1883,1882,2239,1333,0,0.006482158
Warm B,142294,919,918,2239,1333,1,0.009253172
Warm B,260802,1594,1593,2239,1333,1,0.010258522
Warm B,137697,889,888,2239,1333,0,0.018871984
Warm B,130955,850,849,2239,1333,1,0.009090353
Warm B,130083,841,840,2239,1333,0,0.008787471
Warm B,159756,1019,1018,2239,1333,1,0.0019606273
Warm B,207461,1268,1267,2239,1333,1,0.011009852
Warm B,221986,1343,1342,2239,1333,1,0.00016736193
Warm B,190323,1181,1180,2239,1333,0,0.0053246785
Warm B,77132,524,523,2239,1333,1,0.020558637
Warm B,83821,550,549,2239,1333,0,0.01389459
Warm B,210520,1285,1284,2239,1333,1,0.009070566
Warm B,51635,339,338,2239,1333,1,0.014646942
Warm B,88687,587,586,2239,1333,0,0.007929706
Warm B,208561,1274,1273,2239,1333,1,0.0030248992
Warm B,35197,238,237,2239,1333,0,0.011210095
Warm B,4875,35,34,2239,1333,1,0.0068665585
Warm B,524364,3233,3232,2239,1333,0,-0.002876891
Warm B,234690,1425,1424,2239,1333,1,0.0037871944
Warm B,157697,1015,1014,2239,1333,1,0.006101147
Warm B,293536,1748,1747,2239,1333,1,0.01736883
Warm B,713610,4277,4276,2239,1333,1,0.01776199
Warm B,39313,267,266,2239,1333,1,-0.0021040055
Warm B,860248,5172,5171,2239,1333,1,0.010786892
Warm B,907757,5492,5491,2239,1333,0,0.008451291
Warm B,103937,691,690,2239,1333,1,0.00982101
Warm B,319102,1897,1896,2239,1333,1,0.00983237
Warm B,993989,6002,6001,2239,1333,0,0.00600754
Warm B,739510,4418,4417,2239,1333,0,0.002720642
Warm B,223017,1352,1351,2239,1333,1,0.0051585604
Warm B,457617,2820,2819,2241,1335,0,-0.0018819782
Warm B,453452,2793,2792,2241,1335,1,0.00015862903
Warm B,450125,2776,2775,2241,1335,1,-0.0011350643
Warm B,446274,2752,2751,2241,1335,0,-0.00093593996
Warm B,435688,2664,2663,2241,1335,0,0.007965847
Warm B,432517,2638,2637,2241,1335,0,0.0063497867
Warm B,400217,2383,2382,2241,1335,0,0.0063419766
Warm B,425591,2583,2582,2241,1335,1,-0.0039099595
Warm B,298499,1770,1769,2241,1335,0,-0.0038854855
Warm B,291103,1737,1736,2241,1335,0,0.0018545566
Warm B,280410,1683,1682,2241,1335,1,-0.0045121023
Warm B,281127,1687,1686,2241,1335,1,-0.00033146888
Warm B,280690,1685,1684,2241,1335,0,0.0044837636
Warm B,360437,2106,2105,2241,1335,0,-0.0025024745
Warm B,231548,1404,1403,2241,1335,0,0.0053353715
Warm B,335428,1980,1979,2241,1335,0,0.0025295825
Warm B,213245,1298,1297,2241,1335,0,-0.0020037428
Warm B,278574,1680,1679,2241,1335,0,-0.007913728
Warm B,184815,1150,1149,2241,1335,0,0.003985297
Warm B,307152,1835,1834,2241,1335,1,0.004960412
Warm B,173478,1100,1099,2241,1335,0,0.0060569784
Warm B,327544,1941,1940,2241,1335,0,0.0015095626
Warm B,162833,1040,1039,2241,1335,1,0.008721862
Warm B,347840,2041,2040,2241,1335,0,0.0062765228
Warm B,225180,1362,1361,2241,1335,0,-0.007630936
Warm B,140604,904,903,2241,1335,1,0.009051424
Warm B,137715,889,888,2241,1335,0,-0.0011348019
Warm B,202289,1244,1243,2241,1335,0,-0.006106705
Warm B,159771,1019,1018,2241,1335,0,0.0077465465
Warm B,124402,801,800,2241,1335,0,0.005951658
Warm B,124153,800,799,2241,1335,1,-0.002323635
Warm B,124717,802,801,2241,1335,1,0.0070010517
Warm B,199043,1223,1222,2241,1335,0,0.0045386283
Warm B,112821,732,731,2241,1335,1,0.002239345
Warm B,99394,663,662,2241,1335,0,-0.0020711042
Warm B,210537,1285,1284,2241,1335,0,-0.0036564912
Warm B,88277,583,582,2241,1335,0,-0.0029215533
Warm B,96875,651,650,2241,1335,0,-0.0102646835
Warm B,85483,558,557,2241,1335,0,-7.399981e-05
Warm B,82697,549,548,2241,1335,1,0.0028336404
Warm B,68389,459,458,2241,1335,0,0.0018974058
Warm B,59053,402,401,2241,1335,1,0.013256952
Warm B,57893,392,391,2241,1335,0,0.00050719385
Warm B,31789,216,215,2241,1335,1,-0.001957832
Warm B,88694,587,586,2241,1335,0,-0.005829163
Warm B,34594,235,234,2241,1335,0,-0.0056733573
Warm B,947697,5722,5721,2241,1335,0,-0.0058441474
Warm B,238544,1448,1447,2241,1335,1,0.0020461334
Warm B,12777,98,97,2241,1335,0,0.01161075
Warm B,7227,50,49,2241,1335,0,0.0014421232
Warm B,6268,45,44,2241,1335,0,0.0074507343
Warm B,2946,23,22,2241,1335,0,-0.0042060707
Warm B,233864,1422,1421,2241,1335,0,-0.0027835192
Warm B,101903,678,677,2241,1335,0,-0.0030260012
Warm B,964325,5812,5811,2241,1335,1,-0.004578896
Warm B,743140,4445,4444,2241,1335,0,0.0018776844
Warm B,575723,3520,3519,2241,1335,0,0.0014156773
Warm B,209948,1284,1283,2241,1335,1,0.0023757853
Warm B,967154,5831,5830,2241,1335,0,-0.002420196
Warm B,49161,329,328,2241,1335,0,-0.0049213003
Warm B,181829,1137,1136,2241,1335,0,0.0047729937
Warm B,310514,1851,1850,2241,1335,0,-0.0013290142
Warm B,975264,5880,5879,2241,1335,0,-0.0013807802
Warm B,317475,1889,1888,2241,1335,0,-0.009252431
Warm B,632901,3824,3823,2241,1335,0,0.0010122566
Warm B,206234,1265,1264,2241,1335,0,0.0087288655
Warm B,62519,424,423,2241,1335,0,-0.0012858559
Warm B,240935,1451,1450,2241,1335,0,0.004384542
Warm B,193402,1194,1193,2241,1335,0,0.003228368
Warm B,335447,1980,1979,2250,1341,1,0.017242463
Warm B,924060,5580,5579,2250,1341,0,0.012180889
Warm B,675803,4054,4053,2252,1342,0,0.006218769
Warm B,671009,4033,4032,2252,1342,0,0.012994262
Warm B,667230,4016,4015,2252,1342,0,0.013579295
Warm B,663734,3999,3998,2252,1342,0,0.0065396046
Warm B,664518,4001,4000,2252,1342,0,0.0013751459
Warm B,634616,3829,3828,2252,1342,0,0.017120503
Warm B,633861,3825,3824,2252,1342,0,0.0052770097
Warm B,637706,3841,3840,2252,1342,0,0.012438633
Warm B,617963,3745,3744,2252,1342,0,0.004067656
Warm B,794115,4748,4747,2252,1342,1,0.014120497
Warm B,614576,3724,3723,2252,1342,0,0.0027175667
Warm B,612374,3713,3712,2252,1342,0,0.0068071354
Warm B,726651,4345,4344,2252,1342,0,0.004878465
Warm B,608944,3693,3692,2252,1342,0,0.009812449
Warm B,603946,3675,3674,2252,1342,0,0.015438294
Warm B,725746,4344,4343,2252,1342,0,0.0059192926
Warm B,576823,3526,3525,2252,1342,0,0.001856487
Warm B,616982,3735,3734,2252,1342,0,0.0014091998
Warm B,568934,3491,3490,2252,1342,0,0.005888279
Warm B,593333,3618,3617,2252,1342,0,0.014830537
Warm B,562388,3462,3461,2252,1342,0,0.012123211
Warm B,557530,3425,3424,2252,1342,0,0.013682128
Warm B,549710,3391,3390,2252,1342,0,0.012040289
Warm B,545584,3365,3364,2252,1342,1,0.0124416
Warm B,547504,3378,3377,2252,1342,0,-0.0010778084
Warm B,904341,5468,5467,2252,1342,1,-0.0012844317
Warm B,540920,3328,3327,2252,1342,1,0.0078058597
Warm B,522168,3224,3223,2252,1342,1,0.0058934195
Warm B,516272,3189,3188,2252,1342,0,-0.00019743899
Warm B,499108,3067,3066,2252,1342,0,0.009992711
Warm B,493756,3032,3031,2252,1342,1,0.0016360716
Warm B,493220,3031,3030,2252,1342,0,0.0053069135
Warm B,478915,2939,2938,2252,1342,0,0.0086692
Warm B,484785,2986,2985,2252,1342,1,0.0069710016
Warm B,470851,2899,2898,2252,1342,1,0.013197777
Warm B,852802,5113,5112,2252,1342,0,0.00977182
Warm B,468225,2887,2886,2252,1342,1,0.0039301757
Warm B,465520,2872,2871,2252,1342,1,0.0064191055
Warm B,463015,2857,2856,2252,1342,0,0.007928251
Warm B,458836,2825,2824,2252,1342,0,0.008262017
Warm B,486878,2996,2995,2252,1342,1,0.006303064
Warm B,492479,3029,3028,2252,1342,0,0.0064876564
Warm B,450130,2776,2775,2252,1342,1,0.0024172906
Warm B,450526,2777,2776,2252,1342,0,0.00906209
Warm B,443688,2737,2736,2252,1342,0,0.0015249625
Warm B,564135,3471,3470,2252,1342,0,0.0072864876
Warm B,427730,2599,2598,2252,1342,1,0.0017219229
Warm B,422886,2563,2562,2252,1342,0,0.0018853286
Warm B,422104,2555,2554,2252,1342,0,0.003930344
Warm B,419601,2537,2536,2252,1342,0,0.005264342
Warm B,419232,2533,2532,2252,1342,0,0.0031291645
Warm B,412637,2484,2483,2252,1342,0,0.012255388
Warm B,395754,2340,2339,2252,1342,1,0.0032058074
Warm B,378293,2208,2207,2252,1342,0,0.0037889061
Warm B,368714,2156,2155,2252,1342,0,0.009752163
Warm B,369750,2164,2163,2252,1342,0,0.0020589991
Warm B,362682,2116,2115,2252,1342,1,0.007991214
Warm B,359204,2102,2101,2252,1342,0,0.010940617
Warm B,436130,2665,2664,2252,1342,0,0.009642223
Warm B,348360,2042,2041,2252,1342,0,0.014574012
Warm B,341390,2012,2011,2252,1342,0,0.0062022274
Warm B,313390,1870,1869,2252,1342,0,0.0018988167
Warm B,299420,1778,1777,2252,1342,1,0.0070412643
Warm B,297284,1764,1763,2252,1342,1,0.0087711895
Warm B,265503,1613,1612,2252,1342,0,0.00788274
Warm B,259287,1587,1586,2252,1342,0,0.012821389
Warm B,243153,1466,1465,2252,1342,0,0.011671073
Warm B,231555,1404,1403,2252,1342,0,0.010657485
Warm B,357225,2092,2091,2252,1342,1,0.0085619595
Warm B,225688,1367,1366,2252,1342,1,0.003273503
Warm B,222544,1347,1346,2252,1342,1,0.015559357
Warm B,335448,1980,1979,2252,1342,0,0.010327501
Warm B,296726,1759,1758,2252,1342,1,0.0053740595
Warm B,261565,1599,1598,2252,1342,0,-0.00048543303
Warm B,199773,1226,1225,2252,1342,0,0.0046799765
Warm B,278594,1680,1679,2252,1342,0,0.0013088046
Warm B,209330,1279,1278,2252,1342,0,0.0042267162
Warm B,304644,1812,1811,2252,1342,1,0.008570413
Warm B,194672,1202,1201,2252,1342,0,0.009424686
Warm B,184838,1150,1149,2252,1342,0,0.010274193
Warm B,182426,1139,1138,2252,1342,1,0.0052723372
Warm B,199247,1224,1223,2252,1342,1,0.0031634942
Warm B,177881,1120,1119,2252,1342,1,0.0054837
Warm B,168213,1069,1068,2252,1342,0,0.007575668
Warm B,221064,1340,1339,2252,1342,0,-0.0013873591
Warm B,136253,881,880,2252,1342,1,0.0067632934
Warm B,248641,1501,1500,2252,1342,0,0.01145613
Warm B,124727,802,801,2252,1342,1,0.0063421326
Warm B,360452,2106,2105,2252,1342,0,0.008825065
Warm B,111809,728,727,2252,1342,0,-0.0023379065
Warm B,112247,731,730,2252,1342,1,0.0063410564
Warm B,109157,714,713,2252,1342,0,0.005114911
Warm B,105840,699,698,2252,1342,0,0.006286056
Warm B,176691,1117,1116,2252,1342,0,0.0074706995
Warm B,697038,4169,4168,2252,1342,0,0.013272192
Warm B,87176,570,569,2252,1342,0,0.00042862957
Warm B,86453,566,565,2252,1342,1,0.005427748
Warm B,190363,1181,1180,2252,1342,0,0.008169167
Warm B,405932,2436,2435,2252,1342,0,0.010867653
Warm B,83856,550,549,2252,1342,0,0.007277307
Warm B,77167,524,523,2252,1342,0,0.016272234
Warm B,58471,396,395,2252,1342,0,0.0031047217
Warm B,57907,392,391,2252,1342,0,0.012895187
Warm B,44265,302,301,2252,1342,0,0.009434028
Warm B,238561,1448,1447,2252,1342,0,0.007967921
Warm B,36250,245,244,2252,1342,0,0.010000337
Warm B,336851,1983,1982,2252,1342,0,0.012046875
Warm B,32841,223,222,2252,1342,1,0.0033708117
Warm B,26274,187,186,2252,1342,1,0.008371118
Warm B,21118,155,154,2252,1342,1,0.009391782
Warm B,15403,123,122,2252,1342,0,0.004335373
Warm B,9136,62,61,2252,1342,1,0.0075772954
Warm B,7522,53,52,2252,1342,1,0.0012007649
Warm B,6298,45,44,2252,1342,0,0.0023668157
Warm B,107660,710,709,2252,1342,0,0.002460945
Warm B,79095,531,530,2252,1342,0,0.006329409
Warm B,354677,2077,2076,2252,1342,0,0.012681762
Warm B,983,10,9,2252,1342,1,0.0067908335
Warm B,65157,438,437,2252,1342,0,0.006939453
Warm B,975269,5880,5879,2252,1342,0,0.0058222017
Warm B,237592,1447,1446,2252,1342,0,0.008756524
Warm B,240945,1451,1450,2252,1342,0,0.00965745
Warm B,750586,4478,4477,2252,1342,0,0.0064392816
Warm B,133998,869,868,2252,1342,0,0.007589818
Warm B,62536,424,423,2252,1342,0,0.0052460814
Warm B,841391,5054,5053,2252,1342,0,0.002097038
Warm B,184839,1150,1149,2255,1344,0,0.013934205
Warm B,130162,843,842,2255,1344,1,0.0075888764
Warm B,210554,1285,1284,2255,1344,0,0.0066263783
Warm B,239648,1449,1448,2255,1344,0,0.0009911344
Warm B,112249,731,730,2255,1344,0,-0.0045036823
Warm B,98559,660,659,2255,1344,0,0.0035004131
Warm B,313988,1875,1874,2255,1344,0,-0.0060917977
Warm B,96882,651,650,2255,1344,1,0.0007874714
Warm B,86455,566,565,2255,1344,0,-0.0062586716
Warm B,190365,1181,1180,2255,1344,0,0.005753492
Warm B,38780,264,263,2255,1344,0,0.0055921506
Warm B,713624,4277,4276,2255,1344,0,0.0064468104
Warm B,31817,216,215,2255,1344,1,0.0053462326
Warm B,21442,157,156,2255,1344,0,0.007738231
Warm B,238563,1448,1447,2255,1344,0,-0.0055196397
Warm B,49186,329,328,2255,1344,0,-0.00468014
Warm B,101919,678,677,2255,1344,1,0.008657586
Warm B,967160,5831,5830,2255,1344,0,-0.0014832765
Warm B,958993,5787,5786,2255,1344,0,-0.0032098843
Warm B,583194,3562,3561,2261,1346,1,0.015937366
Warm B,576851,3526,3525,2261,1346,0,-0.00013638241
Warm B,568538,3489,3488,2261,1346,0,0.00013849419
Warm B,556772,3422,3421,2261,1346,1,0.015916387
Warm B,658248,3967,3966,2261,1346,0,0.005601784
Warm B,645082,3885,3884,2261,1346,1,0.010348926
Warm B,549738,3391,3390,2261,1346,1,0.016781751
Warm B,538831,3314,3313,2261,1346,1,0.0059443885
Warm B,536816,3311,3310,2261,1346,1,0.008701757
Warm B,536423,3309,3308,2261,1346,1,0.008161758
Warm B,531397,3281,3280,2261,1346,1,0.0066837915
Warm B,522191,3224,3223,2261,1346,0,0.008876136
Warm B,512581,3163,3162,2261,1346,0,0.018412061
Warm B,508456,3129,3128,2261,1346,0,0.011361664
Warm B,816167,4899,4898,2261,1346,0,0.01101177
Warm B,506173,3114,3113,2261,1346,1,0.00029108417
Warm B,490564,3018,3017,2261,1346,1,0.01568434
Warm B,710254,4260,4259,2261,1346,0,0.0072441595
Warm B,880065,5317,5316,2261,1346,1,0.017906018
Warm B,462470,2854,2853,2261,1346,0,0.0046802354
Warm B,450547,2777,2776,2261,1346,0,0.01797412
Warm B,450141,2776,2775,2261,1346,1,0.012722999
Warm B,445886,2750,2749,2261,1346,0,0.0025887026
Warm B,443018,2731,2730,2261,1346,1,0.005732525
Warm B,438754,2681,2680,2261,1346,1,0.010196589
Warm B,412657,2484,2483,2261,1346,0,0.019597832
Warm B,409478,2457,2456,2261,1346,1,0.018078089
Warm B,407527,2447,2446,2261,1346,1,0.0034304983
Warm B,404369,2419,2418,2261,1346,0,0.0113153625
Warm B,397862,2361,2360,2261,1346,0,0.0008239909
Warm B,377655,2205,2204,2261,1346,0,0.01138093
Warm B,364559,2124,2123,2261,1346,1,0.017060146
Warm B,373808,2181,2180,2261,1346,1,0.02159857
Warm B,348369,2042,2041,2261,1346,0,0.01893295
Warm B,341404,2012,2011,2261,1346,0,0.008217476
Warm B,331304,1958,1957,2261,1346,1,0.020601377
Warm B,333244,1968,1967,2261,1346,0,0.0147187095
Warm B,298508,1770,1769,2261,1346,0,0.004720774
Warm B,290867,1736,1735,2261,1346,1,0.015593806
Warm B,281150,1687,1686,2261,1346,0,0.007786077
Warm B,259301,1587,1586,2261,1346,0,0.0069348975
Warm B,274004,1655,1654,2261,1346,1,0.01512862
Warm B,247505,1496,1495,2261,1346,0,0.008770959
Warm B,283425,1697,1696,2261,1346,1,0.011848854
Warm B,446092,2751,2750,2261,1346,1,0.00735484
Warm B,205062,1262,1261,2261,1346,1,0.012925556
Warm B,278629,1680,1679,2261,1346,1,0.009474965
Warm B,308365,1837,1836,2261,1346,0,0.00856467
Warm B,188828,1172,1171,2261,1346,0,0.020426046
Warm B,307183,1835,1834,2261,1346,1,0.0029280847
Warm B,179004,1124,1123,2261,1346,1,0.011470693
Warm B,173503,1100,1099,2261,1346,0,0.0025752853
Warm B,164258,1051,1050,2261,1346,0,0.016303107
Warm B,155727,1004,1003,2261,1346,1,0.0038422232
Warm B,184867,1150,1149,2261,1346,0,0.0217098
Warm B,156529,1010,1009,2261,1346,0,0.020438474
Warm B,135414,877,876,2261,1346,1,0.019266408
Warm B,133330,861,860,2261,1346,1,0.009078058
Warm B,126465,817,816,2261,1346,0,0.0070645865
Warm B,124741,802,801,2261,1346,0,0.012455292
Warm B,118242,765,764,2261,1346,0,0.004781708
Warm B,115704,751,750,2261,1346,1,0.007290713
Warm B,113191,735,734,2261,1346,0,-0.001649494
Warm B,177894,1120,1119,2261,1346,1,0.0061288164
Warm B,272017,1645,1644,2261,1346,1,0.013737805
Warm B,107482,709,708,2261,1346,1,0.0053440984
Warm B,103778,690,689,2261,1346,1,0.01163579
Warm B,262991,1605,1604,2261,1346,0,0.020952404
Warm B,95159,638,637,2261,1346,1,0.007521628
Warm B,88710,587,586,2261,1346,0,0.0101177115
Warm B,86467,566,565,2261,1346,0,0.012889023
Warm B,360467,2106,2105,2261,1346,0,0.015642894
Warm B,70362,475,474,2261,1346,1,0.006992309
Warm B,57922,392,391,2261,1346,0,0.0028428189
Warm B,44288,302,301,2261,1346,0,0.00555522
Warm B,38202,261,260,2261,1346,0,0.0099008195
Warm B,29639,202,201,2261,1346,0,0.019946598
Warm B,25535,181,180,2261,1346,1,0.016567009
Warm B,269707,1635,1634,2261,1346,0,0.013938578
Warm B,144042,929,928,2261,1346,1,0.00780898
Warm B,4736,34,33,2261,1346,1,0.013128851
Warm B,3563,26,25,2261,1346,0,0.011625951
Warm B,65924,442,441,2261,1346,0,0.004873546
Warm B,347863,2041,2040,2261,1346,0,0.010035444
Warm B,79112,531,530,2261,1346,0,0.010870231
Warm B,237612,1447,1446,2261,1346,0,0.016808406
Warm B,605111,3679,3678,2261,1346,1,0.013970713
Warm B,954293,5761,5760,2261,1346,0,0.01019505
Warm B,258295,1584,1583,2261,1346,1,0.016180346
Warm B,317503,1889,1888,2261,1346,0,0.015486904
Warm B,101942,678,677,2261,1346,1,0.01498479
Warm B,206646,1266,1265,2261,1346,1,0.0072524874
Warm B,134012,869,868,2261,1346,0,0.01747325
Warm B,893206,5394,5393,2261,1346,0,0.00715163
Warm B,206248,1265,1264,2261,1346,0,0.006097109
Warm B,62566,424,423,2261,1346,1,0.010889607
Warm B,311210,1854,1853,2261,1346,0,0.013087777
Warm B,468238,2887,2886,2261,1346,1,0.011036027
Warm B,144352,930,929,2261,1346,1,0.002254075
Warm B,193427,1194,1193,2261,1346,0,0.0076690447
Warm B,709894,4258,4257,2261,1346,0,0.011349661
Warm B,629070,3808,3807,2263,1348,0,0.0031097513
Warm B,637732,3841,3840,2263,1348,0,0.016014915
Warm B,764328,4543,4542,2263,1348,1,0.016748935
Warm B,625409,3780,3779,2263,1348,1,0.012022892
Warm B,624480,3778,3777,2263,1348,0,0.011585409
Warm B,603974,3675,3674,2263,1348,0,0.006734916
Warm B,725763,4344,4343,2263,1348,0,0.0138973575
Warm B,632943,3824,3823,2263,1348,1,0.011719989
Warm B,590634,3603,3602,2263,1348,0,0.013580634
Warm B,583197,3562,3561,2263,1348,1,0.010057528
Warm B,580794,3547,3546,2263,1348,0,0.0062461114
Warm B,745236,4448,4447,2263,1348,1,0.016504344
Warm B,568953,3491,3490,2263,1348,0,0.008073088
Warm B,563588,3469,3468,2263,1348,1,0.006013295
Warm B,555628,3416,3415,2263,1348,1,-0.0008773443
Warm B,549744,3391,3390,2263,1348,1,0.017651185
Warm B,528016,3265,3264,2263,1348,0,0.004178845
Warm B,526642,3259,3258,2263,1348,1,0.011463628
Warm B,515289,3182,3181,2263,1348,0,0.015605266
Warm B,511445,3155,3154,2263,1348,1,0.003936165
Warm B,605580,3681,3680,2263,1348,1,0.021967236
Warm B,522193,3224,3223,2263,1348,0,0.0078084674
Warm B,503233,3091,3090,2263,1348,1,0.012025071
Warm B,575109,3519,3518,2263,1348,0,0.011137765
Warm B,499131,3067,3066,2263,1348,0,0.010877777
Warm B,495550,3044,3043,2263,1348,1,0.0012431814
Warm B,493790,3032,3031,2263,1348,1,0.005646327
Warm B,628502,3807,3806,2263,1348,0,0.013670456
Warm B,659036,3971,3970,2263,1348,0,0.012901718
Warm B,491538,3024,3023,2263,1348,0,0.0031781928
Warm B,561443,3454,3453,2263,1348,0,0.014688725
Warm B,487794,3001,3000,2263,1348,0,0.0054959496
Warm B,529435,3272,3271,2263,1348,1,0.015214719
Warm B,479983,2946,2945,2263,1348,0,0.005829177
Warm B,484801,2986,2985,2263,1348,0,0.017429428
Warm B,553720,3410,3409,2263,1348,0,0.008859852
Warm B,463038,2857,2856,2263,1348,0,0.008357273
Warm B,457648,2820,2819,2263,1348,1,0.014960974
Warm B,446293,2752,2751,2263,1348,0,0.0049076243
Warm B,564152,3471,3470,2263,1348,0,0.003145419
Warm B,433943,2645,2644,2263,1348,1,0.018861743
Warm B,432541,2638,2637,2263,1348,0,0.0038083377
Warm B,395043,2334,2333,2263,1348,1,0.011067151
Warm B,391002,2298,2297,2263,1348,0,0.009366019
Warm B,436150,2665,2664,2263,1348,1,0.01194646
Warm B,352600,2064,2063,2263,1348,0,0.010853487
Warm B,371535,2172,2171,2263,1348,0,0.0022755433
Warm B,359893,2105,2104,2263,1348,0,0.02347596
Warm B,306058,1822,1821,2263,1348,0,0.0051768627
Warm B,306516,1827,1826,2263,1348,0,0.0035684276
Warm B,301175,1790,1789,2263,1348,1,0.012955243
Warm B,291130,1737,1736,2263,1348,1,0.013956305
Warm B,306320,1825,1824,2263,1348,1,-0.0025181093
Warm B,260595,1593,1592,2263,1348,0,0.013464564
Warm B,251675,1523,1522,2263,1348,0,0.0065009594
Warm B,391914,2304,2303,2263,1348,0,0.0015902704
Warm B,296310,1758,1757,2263,1348,0,0.016884435
Warm B,277412,1676,1675,2263,1348,0,0.015245235
Warm B,205597,1264,1263,2263,1348,0,0.0121901585
Warm B,209963,1284,1283,2263,1348,0,0.0081791375
Warm B,278637,1680,1679,2263,1348,1,0.016017089
Warm B,327606,1941,1940,2263,1348,0,0.016845427
Warm B,182331,1138,1137,2263,1348,1,0.011486566
Warm B,180147,1128,1127,2263,1348,0,0.016907502
Warm B,179006,1124,1123,2263,1348,1,0.012870331
Warm B,248655,1501,1500,2263,1348,1,0.0007327413
Warm B,212759,1297,1296,2263,1348,0,0.012650596
Warm B,156533,1010,1009,2263,1348,0,0.01570607
Warm B,131724,854,853,2263,1348,1,-0.0016900683
Warm B,126092,813,812,2263,1348,0,0.00060868124
Warm B,324290,1922,1921,2263,1348,1,0.015986012
Warm B,272019,1645,1644,2263,1348,1,0.009494516
Warm B,104793,695,694,2263,1348,1,0.009715799
Warm B,115851,752,751,2263,1348,0,0.010508045
Warm B,331308,1958,1957,2263,1348,1,0.00834201
Warm B,210581,1285,1284,2263,1348,0,0.014460748
Warm B,103295,687,686,2263,1348,0,0.0108140465
Warm B,113193,735,734,2263,1348,1,0.019835465
Warm B,239676,1449,1448,2263,1348,0,0.004174834
Warm B,351396,2063,2062,2263,1348,1,0.019328801
Warm B,92681,621,620,2263,1348,0,0.0012596395
Warm B,283870,1698,1697,2263,1348,0,0.006753276
Warm B,82745,549,548,2263,1348,1,0.00816283
Warm B,75821,516,515,2263,1348,0,0.010863803
Warm B,86469,566,565,2263,1348,0,0.0061974376
Warm B,70639,476,475,2263,1348,0,0.008727455
Warm B,64783,435,434,2263,1348,0,-0.0017118542
Warm B,51094,337,336,2263,1348,1,0.0008118232
Warm B,132261,855,854,2263,1348,0,0.003138253
Warm B,110573,721,720,2263,1348,1,0.017046703
Warm B,638888,3842,3841,2263,1348,0,0.01881758
Warm B,238587,1448,1447,2263,1348,1,0.0044574644
Warm B,38801,264,263,2263,1348,1,0.0020271495
Warm B,23016,166,165,2263,1348,0,0.002950116
Warm B,15431,123,122,2263,1348,0,0.014609706
Warm B,2697,22,21,2263,1348,0,0.010101259
Warm B,104123,692,691,2263,1348,0,0.004603592
Warm B,481608,2962,2961,2263,1348,0,0.009821969
Warm B,89118,588,587,2263,1348,0,0.0059243087
Warm B,27944,195,194,2263,1348,1,0.020158961
Warm B,140612,904,903,2263,1348,0,-0.00090163155
Warm B,181852,1137,1136,2263,1348,1,0.01041082
Warm B,366061,2131,2130,2263,1348,0,-0.0036707185
Warm B,298949,1776,1775,2263,1348,1,0.0075076227
Warm B,164260,1051,1050,2263,1348,0,0.012234036
Warm B,101946,678,677,2263,1348,1,0.014927304
Warm B,262995,1605,1604,2263,1348,1,0.018419906
Warm B,79114,531,530,2263,1348,1,0.0140933115
Warm B,230436,1395,1394,2263,1348,1,0.006077987
Warm B,570918,3503,3502,2263,1348,0,0.0033050478
Warm B,322076,1912,1911,2263,1348,0,0.0152025195
Warm B,240965,1451,1450,2263,1348,0,0.007611327
Warm B,473206,2909,2908,2263,1348,0,0.013850697
Warm B,565383,3475,3474,2263,1348,0,0.007962723
Warm B,62568,424,423,2263,1348,0,0.015685497
Warm B,327609,1941,1940,2264,1349,0,-0.0039893966
Warm B,335273,1979,1978,2264,1349,0,-0.00030601805
Warm B,156534,1010,1009,2264,1349,0,0.0022935746
Warm B,154723,999,998,2264,1349,0,0.007033555
Warm B,239678,1449,1448,2264,1349,0,0.013413562
Warm B,190403,1181,1180,2264,1349,0,-0.010422754
Warm B,71772,482,481,2264,1349,0,-0.0044295057
Warm B,68544,461,460,2264,1349,0,-0.0046687415
Warm B,59707,406,405,2264,1349,0,0.0015065786
Warm B,132262,855,854,2264,1349,0,-0.0006821081
Warm B,638889,3842,3841,2264,1349,1,0.00804256
Warm B,238588,1448,1447,2264,1349,0,0.0033186444
Warm B,219032,1329,1328,2264,1349,0,0.0013182492
Warm B,7544,53,52,2264,1349,0,-0.002233723
Warm B,27945,195,194,2264,1349,1,-0.0010461751
Warm B,354698,2077,2076,2264,1349,1,-0.0040824255
Warm B,893207,5394,5393,2264,1349,0,-0.006086977
Warm B,720349,4312,4311,2264,1349,0,0.0018006195
Warm B,609554,3695,3694,2264,1349,0,0.00010576518
Warm B,933764,5636,5635,2264,1349,0,0.003656472
Warm B,699882,4186,4185,2264,1349,0,-0.0074313125
Warm B,62570,424,423,2264,1349,0,0.0029675227
Warm B,656030,3953,3952,2264,1349,0,0.00480559
Warm B,329127,1943,1942,2265,1350,0,0.015644649
Warm B,83879,550,549,2265,1350,1,0.013227103
Warm B,119010,770,769,2265,1350,0,0.015920302
Warm B,251055,1516,1515,2265,1350,0,0.011424453
Warm B,57926,392,391,2265,1350,0,0.015214894
Warm B,51095,337,336,2265,1350,0,0.011916163
Warm B,132264,855,854,2265,1350,0,0.018986404
Warm B,44293,302,301,2265,1350,0,0.008455375
Warm B,40254,272,271,2265,1350,1,0.013683482
Warm B,219034,1329,1328,2265,1350,0,0.010021418
Warm B,29646,202,201,2265,1350,0,0.019484606
Warm B,2701,22,21,2265,1350,1,0.011534484
Warm B,65926,442,441,2265,1350,0,0.016936608
Warm B,78263,528,527,2265,1350,0,0.019192744
Warm B,237617,1447,1446,2265,1350,0,0.021052156
Warm B,54379,355,354,2265,1350,0,0.0025401134
Warm B,362704,2116,2115,2265,1350,0,0.010792045
Warm B,342193,2015,2014,2265,1350,1,0.0076414524
Warm B,159816,1019,1018,2265,1350,0,0.010660769
Warm B,699883,4186,4185,2265,1350,0,0.009781569
Warm B,171257,1088,1087,2265,1350,0,0.011133974
Warm B,893209,5394,5393,2265,1350,0,0.01756522
Warm B,549748,3391,3390,2265,1350,0,0.006783376
Warm B,721384,4318,4317,2266,1351,0,0.006524045
Warm B,686272,4105,4104,2266,1351,0,0.0003136126
Warm B,679985,4077,4076,2266,1351,0,0.013807115
Warm B,678186,4064,4063,2266,1351,0,0.010502413
Warm B,677397,4060,4059,2266,1351,1,0.007788849
Warm B,673948,4048,4047,2266,1351,1,5.5580633e-05
Warm B,663753,3999,3998,2266,1351,0,0.0070297476
Warm B,660334,3981,3980,2266,1351,0,5.0710514e-06
Warm B,656816,3958,3957,2266,1351,0,0.013864605
Warm B,652332,3934,3933,2266,1351,0,0.012094079
Warm B,686416,4107,4106,2266,1351,0,0.006057265
Warm B,629077,3808,3807,2266,1351,0,0.012216782
Warm B,624484,3778,3777,2266,1351,0,0.014715849
Warm B,618824,3751,3750,2266,1351,0,0.013829951
Warm B,612385,3713,3712,2266,1351,1,0.009059585
Warm B,726658,4345,4344,2266,1351,0,-0.0059650405
Warm B,610865,3705,3704,2266,1351,0,0.0110729635
Warm B,591479,3609,3608,2266,1351,0,0.0045117144
Warm B,589376,3594,3593,2266,1351,0,0.008155724
Warm B,588979,3592,3591,2266,1351,1,-0.00082176505
Warm B,580795,3547,3546,2266,1351,1,0.01162365
Warm B,567255,3483,3482,2266,1351,0,0.011863846
Warm B,568956,3491,3490,2266,1351,1,0.008190026
Warm B,562023,3458,3457,2266,1351,0,7.933937e-06
Warm B,559804,3441,3440,2266,1351,0,0.0064606806
Warm B,573414,3512,3511,2266,1351,0,0.0142178815
Warm B,658250,3967,3966,2266,1351,0,0.005306515
Warm B,541990,3336,3335,2266,1351,0,0.007933432
Warm B,540926,3328,3327,2266,1351,1,-0.0059820833
Warm B,535769,3308,3307,2266,1351,1,0.013218005
Warm B,522197,3224,3223,2266,1351,0,-9.1210706e-05
Warm B,520258,3209,3208,2266,1351,0,-0.00034418725
Warm B,519902,3208,3207,2266,1351,0,0.016173981
Warm B,518071,3197,3196,2266,1351,0,0.0025393576
Warm B,516814,3191,3190,2266,1351,0,0.0034131096
Warm B,521335,3217,3216,2266,1351,1,0.0064635295
Warm B,512589,3163,3162,2266,1351,1,0.017848993
Warm B,542773,3340,3339,2266,1351,0,0.006353484
Warm B,502804,3087,3086,2266,1351,0,0.012593506
Warm B,516287,3189,3188,2266,1351,0,0.014175508
Warm B,549749,3391,3390,2266,1351,1,0.0033805447
Warm B,492493,3029,3028,2266,1351,1,0.0117227305
Warm B,489880,3014,3013,2266,1351,1,0.007026112
Warm B,484805,2986,2985,2266,1351,0,0.01624161
Warm B,477855,2934,2933,2266,1351,0,0.008163592
Warm B,472316,2907,2906,2266,1351,0,0.0022726322
Warm B,594685,3620,3619,2266,1351,0,0.0056677363
Warm B,453489,2793,2792,2266,1351,1,0.005458733
Warm B,452218,2785,2784,2266,1351,0,0.010229655
Warm B,450556,2777,2776,2266,1351,0,0.00604141
Warm B,445081,2745,2744,2266,1351,0,0.00090483204
Warm B,442733,2728,2727,2266,1351,0,0.007189293
Warm B,438755,2681,2680,2266,1351,0,0.0033058207
Warm B,420390,2541,2540,2266,1351,0,0.0109551735
Warm B,419235,2533,2532,2266,1351,1,0.0007687409
Warm B,416010,2506,2505,2266,1351,0,0.0044742813
Warm B,400244,2383,2382,2266,1351,0,-0.0004714341
Warm B,399410,2378,2377,2266,1351,0,0.007583092
Warm B,393836,2320,2319,2266,1351,0,0.0070190104
Warm B,418447,2529,2528,2266,1351,0,0.0036757234
Warm B,383327,2240,2239,2266,1351,1,0.0021183016
Warm B,377092,2203,2202,2266,1351,0,0.01051457
Warm B,353646,2072,2071,2266,1351,1,0.0059781093
Warm B,345026,2024,2023,2266,1351,0,0.013382041
Warm B,343028,2016,2015,2266,1351,1,0.003038681
Warm B,343506,2018,2017,2266,1351,0,0.0019578645
Warm B,350882,2060,2059,2266,1351,0,0.001650263
Warm B,312203,1861,1860,2266,1351,1,0.010635089
Warm B,295938,1757,1756,2266,1351,0,0.0070900926
Warm B,298951,1776,1775,2266,1351,0,0.009849799
Warm B,286209,1709,1708,2266,1351,0,0.01048683
Warm B,251795,1524,1523,2266,1351,0,0.0060932916
Warm B,242607,1465,1464,2266,1351,0,0.014850553
Warm B,335482,1980,1979,2266,1351,0,0.0051019313
Warm B,272650,1647,1646,2266,1351,0,0.014075834
Warm B,205598,1264,1263,2266,1351,0,0.011006879
Warm B,203833,1254,1253,2266,1351,0,0.011495056
Warm B,202309,1244,1243,2266,1351,0,0.005417205
Warm B,278644,1680,1679,2266,1351,1,0.016165871
Warm B,337942,1988,1987,2266,1351,0,0.015498709
Warm B,186735,1156,1155,2266,1351,0,0.0025672463
Warm B,175317,1112,1111,2266,1351,0,0.013602322
Warm B,167378,1066,1065,2266,1351,0,-0.0008479615
Warm B,272021,1645,1644,2266,1351,1,0.008858354
Warm B,158884,1016,1015,2266,1351,0,0.0031249998
Warm B,154561,998,997,2266,1351,0,-0.010913368
Warm B,152836,984,983,2266,1351,1,0.0057680653
Warm B,324291,1922,1921,2266,1351,0,0.010179793
Warm B,143606,927,926,2266,1351,0,0.007383462
Warm B,142311,919,918,2266,1351,0,0.0043123905
Warm B,141130,910,909,2266,1351,1,0.00867269
Warm B,137784,889,888,2266,1351,0,-0.0021606872
Warm B,380120,2223,2222,2266,1351,0,0.019089144
Warm B,134962,873,872,2266,1351,1,0.0030280675
Warm B,134018,869,868,2266,1351,0,0.005085206
Warm B,131727,854,853,2266,1351,0,0.012113028
Warm B,332473,1962,1961,2266,1351,0,0.0033729884
Warm B,123066,795,794,2266,1351,0,-0.002748945
Warm B,177897,1120,1119,2266,1351,1,0.00028658332
Warm B,360472,2106,2105,2266,1351,0,0.0027670676
Warm B,112269,731,730,2266,1351,1,0.0046694702
Warm B,103631,689,688,2266,1351,1,-0.007696458
Warm B,179413,1125,1124,2266,1351,0,0.0033232064
Warm B,176710,1117,1116,2266,1351,0,0.0046684537
Warm B,98581,660,659,2266,1351,0,0.012873712
Warm B,104127,692,691,2266,1351,0,0.006749077
Warm B,82750,549,548,2266,1351,1,0.0073093437
Warm B,101254,676,675,2266,1351,0,0.009163903
Warm B,76594,520,519,2266,1351,0,0.011384552
Warm B,87040,569,568,2266,1351,1,-0.0033038512
Warm B,78264,528,527,2266,1351,0,0.00513587
Warm B,132265,855,854,2266,1351,0,0.014709869
Warm B,697062,4169,4168,2266,1351,1,0.011506852
Warm B,38804,264,263,2266,1351,0,0.0075420802
Warm B,21231,156,155,2266,1351,0,0.012832488
Warm B,6325,45,44,2266,1351,1,0.015137903
Warm B,3573,26,25,2266,1351,0,0.006674898
Warm B,20651,151,150,2266,1351,0,0.013221292
Warm B,439778,2688,2687,2266,1351,0,0.0012329131
Warm B,354700,2077,2076,2266,1351,0,0.009765565
Warm B,889111,5367,5366,2266,1351,0,0.0016765577
Warm B,975276,5880,5879,2266,1351,0,0.014506401
Warm B,860259,5172,5171,2266,1351,0,0.001879323
Warm B,682170,4085,4084,2266,1351,1,0.005956307
Warm B,680513,4079,4078,2266,1351,0,0.0023588934
Warm B,883266,5333,5332,2266,1351,0,-0.0034668804
Warm B,144751,934,933,2266,1351,0,0.0003021059
Warm B,195220,1203,1202,2266,1351,0,0.0018157825
Warm B,986749,5956,5955,2266,1351,0,0.0104635125
Warm B,52066,343,342,2266,1351,1,0.004546946
Warm B,587678,3589,3588,2266,1351,1,0.017833464
Warm B,95698,641,640,2266,1351,1,0.0052095074
Warm B,413616,2489,2488,2266,1351,0,0.014277512
Warm B,324855,1925,1924,2266,1351,0,0.012831846
Warm B,295529,1755,1754,2266,1351,0,0.006866236
Warm B,82752,549,548,2267,1352,0,0.0044052997
Warm B,697063,4169,4168,2267,1352,1,0.0035002297
Warm B,32682,221,220,2267,1352,0,0.0034903414
Warm B,638893,3842,3841,2267,1352,0,0.0016692787
Warm B,15433,123,122,2267,1352,0,0.016266324
Warm B,206647,1266,1265,2267,1352,0,0.004751431
Warm B,481614,2962,2961,2267,1352,0,0.0062160864
Warm B,157771,1015,1014,2267,1352,0,-0.00545632
Warm B,76595,520,519,2267,1352,1,0.0021812867
Warm B,150403,970,969,2267,1352,0,0.009089019
Warm B,689743,4126,4125,2267,1352,0,0.007450535
Warm B,232496,1413,1412,2267,1352,1,0.00079741306
Warm B,49977,331,330,2267,1352,1,0.0013947629
Warm B,324856,1925,1924,2267,1352,1,-0.0011975198
Warm B,844228,5074,5073,2271,1355,1,0.011859991
Warm B,571868,3507,3506,2271,1355,0,0.013379005
Warm B,778120,4647,4646,2271,1355,1,0.0121137025
Warm B,497081,3054,3053,2271,1355,0,0.011061661
Warm B,631348,3821,3820,2271,1355,0,0.0064157713
Warm B,301991,1794,1793,2271,1355,0,0.0065072873
Warm B,335502,1980,1979,2271,1355,1,0.024876077
Warm B,960376,5792,5791,2271,1355,1,0.0052637625
Warm B,322096,1912,1911,2271,1355,0,0.0077323345
Warm B,581220,3550,3549,2271,1355,0,0.018675582
Warm B,388322,2272,2271,2271,1355,1,0.0074556055
Warm B,289965,1733,1732,2271,1355,0,0.006714227
Warm B,115867,752,751,2271,1355,1,0.011356899
Warm B,941619,5682,5681,2271,1355,1,0.011576537
Warm B,764339,4543,4542,2271,1355,0,0.0059999092
Warm B,974542,5878,5877,2271,1355,0,0.005168576
Warm B,334941,1976,1975,2272,1356,0,-0.00068348367
Warm B,328976,1942,1941,2272,1356,1,0.0064117005
Warm B,292124,1741,1740,2272,1356,1,0.015317256
Warm B,274982,1666,1665,2272,1356,0,0.0013518394
Warm B,278676,1680,1679,2272,1356,1,0.010250203
Warm B,267476,1626,1625,2272,1356,1,0.0067093903
Warm B,189244,1173,1172,2272,1356,0,0.003310056
Warm B,186806,1157,1156,2272,1356,0,0.004305394
Warm B,263009,1605,1604,2272,1356,1,0.0058092177
Warm B,168228,1069,1068,2272,1356,1,0.004939502
Warm B,167176,1064,1063,2272,1356,0,0.0047252355
Warm B,148656,957,956,2272,1356,1,-0.0022030699
Warm B,270733,1639,1638,2272,1356,1,-0.0033052084
Warm B,143245,924,923,2272,1356,1,0.005820322
Warm B,131734,854,853,2272,1356,0,0.016363315
Warm B,117155,755,754,2272,1356,1,0.009280477
Warm B,115868,752,751,2272,1356,1,0.009483376
Warm B,114702,746,745,2272,1356,1,0.0012760051
Warm B,779022,4653,4652,2272,1356,0,-0.0017882008
Warm B,105868,699,698,2272,1356,0,0.00338007
Warm B,332481,1962,1961,2272,1356,0,0.0015667749
Warm B,697083,4169,4168,2272,1356,1,0.005447152
Warm B,360483,2106,2105,2272,1356,1,0.010622669
Warm B,432052,2634,2633,2272,1356,1,0.0057076216
Warm B,85504,558,557,2272,1356,1,0.0055696513
Warm B,82772,549,548,2272,1356,0,0.00065861363
Warm B,198114,1218,1217,2272,1356,1,0.0011965218
Warm B,238608,1448,1447,2272,1356,1,0.005950339
Warm B,228017,1383,1382,2272,1356,0,0.003855813
Warm B,76599,520,519,2272,1356,0,0.0016746526
Warm B,70068,474,473,2272,1356,0,0.00990433
Warm B,155216,1001,1000,2272,1356,1,0.0047541885
Warm B,61183,412,411,2272,1356,1,0.0019567406
Warm B,31879,216,215,2272,1356,0,0.013693041
Warm B,28595,197,196,2272,1356,1,0.004724689
Warm B,13821,111,110,2272,1356,0,0.0018311088
Warm B,9180,62,61,2272,1356,1,0.01138183
Warm B,1612,15,14,2272,1356,0,0.0007222276
Warm B,578163,3532,3531,2272,1356,0,0.008116679
Warm B,223312,1354,1353,2272,1356,0,0.00021356763
Warm B,49997,331,330,2272,1356,1,-0.0023459303
Warm B,79130,531,530,2272,1356,0,0.008130403
Warm B,4502,33,32,2272,1356,0,-0.0009703515
Warm B,89127,588,587,2272,1356,0,0.013015874
Warm B,157791,1015,1014,2272,1356,1,0.009137676
Warm B,394926,2333,2332,2272,1356,1,0.004942387
Warm B,416374,2507,2506,2272,1356,0,0.004294613
Warm B,18614,146,145,2272,1356,1,0.0053108665
Warm B,713650,4277,4276,2272,1356,1,-0.0045927623
Warm B,992937,5998,5997,2272,1356,1,-0.00020864746
Warm B,285150,1701,1700,2272,1356,0,0.0030347197
Warm B,193443,1194,1193,2272,1356,1,0.0053218943
Warm B,74598,509,508,2275,1358,1,0.0062205405
Warm B,65183,438,437,2275,1358,1,0.0020482456
Warm B,289970,1733,1732,2275,1358,1,0.00916728
Warm B,561146,3453,3452,2275,1358,0,0.0023538985
Warm B,895517,5412,5411,2275,1358,1,0.007657477
Warm B,927806,5605,5604,2275,1358,0,0.014156302
Warm B,467268,2880,2879,2275,1358,1,0.010265003
Warm B,947955,5723,5722,2275,1358,0,0.011851609
Warm B,770092,4589,4588,2275,1358,0,0.011372237
Warm B,632966,3824,3823,2275,1358,0,0.009815296
Warm B,230440,1395,1394,2275,1358,1,-0.0035586716
Warm B,26304,187,186,2276,1359,0,0.004883822
Warm B,133410,862,861,2276,1359,0,0.0017807717
Warm B,223317,1354,1353,2276,1359,0,0.0027324324
Warm B,484830,2986,2985,2276,1359,0,0.0061489125
Warm B,713655,4277,4276,2276,1359,0,0.009786721
Warm B,204436,1260,1259,2276,1359,0,0.008174358
Warm B,908258,5493,5492,2276,1359,0,0.0052815117
Warm B,147887,953,952,2276,1359,1,0.012483174
Warm B,27514,193,192,2276,1359,1,0.006101452
Warm B,171282,1088,1087,2276,1359,1,0.0015193024
Warm B,364581,2124,2123,2280,1362,1,0.0071027335
Warm B,351151,2062,2061,2280,1362,1,-0.0059062424
Warm B,349458,2051,2050,2280,1362,0,-0.00036391616
Warm B,340440,2010,2009,2280,1362,0,0.004618423
Warm B,289979,1733,1732,2280,1362,0,0.0059618726
Warm B,281507,1688,1687,2280,1362,0,0.006095904
Warm B,274991,1666,1665,2280,1362,1,-0.0090527525
Warm B,304222,1807,1806,2280,1362,0,0.011395106
Warm B,259319,1587,1586,2280,1362,0,0.011434049
Warm B,337962,1988,1987,2280,1362,0,0.0011357742
Warm B,213843,1299,1298,2280,1362,0,0.0007808795
Warm B,214673,1303,1302,2280,1362,0,-0.008647917
Warm B,294169,1749,1748,2280,1362,0,0.0018083617
Warm B,327665,1941,1940,2280,1362,0,0.0013570588
Warm B,330647,1952,1951,2280,1362,0,0.0042217593
Warm B,163660,1050,1049,2280,1362,0,0.006354371
Warm B,181237,1133,1132,2280,1362,0,0.009392216
Warm B,212773,1297,1296,2280,1362,1,6.797467e-05
Warm B,195237,1203,1202,2280,1362,1,0.0057461467
Warm B,184923,1150,1149,2280,1362,0,-0.008342557
Warm B,139684,894,893,2280,1362,1,-0.0011679758
Warm B,139576,893,892,2280,1362,0,-0.011007352
Warm B,335520,1980,1979,2280,1362,1,-0.006235584
Warm B,298020,1767,1766,2280,1362,0,0.005308345
Warm B,124758,802,801,2280,1362,1,0.0044738795
Warm B,175948,1113,1112,2280,1362,1,0.008596323
Warm B,117368,757,756,2280,1362,0,0.0054157535
Warm B,114711,746,745,2280,1362,0,0.0053067952
Warm B,107709,710,709,2280,1362,0,0.009976293
Warm B,203461,1248,1247,2280,1362,0,-0.0037577136
Warm B,176733,1117,1116,2280,1362,0,0.0036969667
Warm B,110597,721,720,2280,1362,1,-0.003894017
Warm B,87556,573,572,2280,1362,1,0.0010512301
Warm B,308393,1837,1836,2280,1362,0,-0.0023315623
Warm B,77219,524,523,2280,1362,0,0.0051993635
Warm B,80023,533,532,2280,1362,1,0.0040679127
Warm B,197233,1211,1210,2280,1362,1,0.0067046164
Warm B,115890,752,751,2280,1362,1,0.0014932996
Warm B,71797,482,481,2280,1362,1,0.005505916
Warm B,427205,2593,2592,2280,1362,1,0.0029558572
Warm B,805882,4823,4822,2280,1362,0,0.00062312535
Warm B,40285,272,271,2280,1362,1,-0.0033933865
Warm B,36973,249,248,2280,1362,0,0.011180991
Warm B,33378,225,224,2280,1362,0,-0.0004645947
Warm B,22391,163,162,2280,1362,0,0.0023348683
Warm B,238622,1448,1447,2280,1362,0,0.0028972756
Warm B,13743,110,109,2280,1362,1,-0.006027593
Warm B,104148,692,691,2280,1362,1,-0.004756282
Warm B,19874,149,148,2280,1362,1,0.0010129346
Warm B,209981,1284,1283,2280,1362,1,-0.0034593544
Warm B,360499,2106,2105,2280,1362,0,0.008544889
Warm B,109706,716,715,2280,1362,1,-0.002920227
Warm B,713663,4277,4276,2280,1362,0,0.0023054741
Warm B,697096,4169,4168,2280,1362,0,0.0029247277
Warm B,784356,4682,4681,2280,1362,0,0.005063096
Warm B,772863,4607,4606,2280,1362,1,0.0016511499
Warm B,50012,331,330,2280,1362,1,0.007640315
Warm B,868261,5242,5241,2280,1362,0,0.0054424135
Warm B,499159,3067,3066,2280,1362,1,-0.002104975
Warm B,893219,5394,5393,2280,1362,0,0.0017398708
Warm B,67700,454,453,2280,1362,0,0.005616851
Warm B,304682,1812,1811,2280,1362,0,0.0014374361
Warm B,96555,648,647,2280,1362,1,0.004786463
Warm B,193454,1194,1193,2280,1362,1,-0.0020728286
Warm B,129193,839,838,2280,1362,1,0.009134447
Warm B,123071,795,794,2283,1364,0,0.0042188484
Warm B,584934,3570,3569,2290,1368,0,0.0024986188
Warm B,580273,3544,3543,2290,1368,1,0.0043888763
Warm B,576899,3526,3525,2290,1368,0,0.0077498346
Warm B,576086,3521,3520,2290,1368,0,0.004844459
Warm B,580428,3546,3545,2290,1368,0,0.004049647
Warm B,593444,3618,3617,2290,1368,0,0.0064729564
Warm B,562881,3463,3462,2290,1368,0,0.00026675162
Warm B,560324,3444,3443,2290,1368,0,-0.0010046428
Warm B,552883,3402,3401,2290,1368,0,0.014500616
Warm B,532678,3290,3289,2290,1368,0,0.009064632
Warm B,533059,3292,3291,2290,1368,0,0.012958085
Warm B,524934,3241,3240,2290,1368,0,0.0005111506
Warm B,522261,3224,3223,2290,1368,1,0.0038805222
Warm B,697111,4169,4168,2290,1368,0,0.009514146
Warm B,503378,3093,3092,2290,1368,0,0.0039137714
Warm B,924074,5580,5579,2290,1368,0,0.006606402
Warm B,499170,3067,3066,2290,1368,1,0.0061554555
Warm B,485720,2990,2989,2290,1368,0,0.008493
Warm B,484849,2986,2985,2290,1368,1,0.013001341
Warm B,482588,2967,2966,2290,1368,0,0.0045193993
Warm B,409111,2456,2455,2290,1368,0,0.014539295
Warm B,402182,2402,2401,2290,1368,0,0.010604141
Warm B,378310,2208,2207,2290,1368,1,0.0050241817
Warm B,325234,1926,1925,2290,1368,1,0.0152585935
Warm B,323081,1916,1915,2290,1368,1,0.0022663297
Warm B,280732,1685,1684,2290,1368,0,0.004546813
Warm B,268841,1632,1631,2290,1368,0,0.01426389
Warm B,260013,1591,1590,2290,1368,1,-0.00024398882
Warm B,242637,1465,1464,2290,1368,0,0.004023279
Warm B,217921,1322,1321,2290,1368,0,-0.0040131267
Warm B,220282,1335,1334,2290,1368,0,-0.00076494855
Warm B,278725,1680,1679,2290,1368,1,0.010079753
Warm B,294176,1749,1748,2290,1368,0,0.0051742624
Warm B,212401,1294,1293,2290,1368,1,-0.013139281
Warm B,176495,1116,1115,2290,1368,0,0.003410942
Warm B,319915,1899,1898,2290,1368,0,0.0052556605
Warm B,184951,1150,1149,2290,1368,0,0.0050250916
Warm B,199299,1224,1223,2290,1368,1,0.008951751
Warm B,131012,850,849,2290,1368,0,0.0088342335
Warm B,159863,1019,1018,2290,1368,1,0.0013152598
Warm B,130172,843,842,2290,1368,1,0.0031251474
Warm B,210637,1285,1284,2290,1368,1,0.0068964893
Warm B,126262,816,815,2290,1368,0,0.011341916
Warm B,887084,5359,5358,2290,1368,0,0.003804165
Warm B,88723,587,586,2290,1368,0,0.015169613
Warm B,82808,549,548,2290,1368,0,0.002878145
Warm B,190498,1181,1180,2290,1368,0,0.006778235
Warm B,83919,550,549,2290,1368,0,0.012720854
Warm B,53579,352,351,2290,1368,0,0.011470749
Warm B,47337,319,318,2290,1368,0,0.0051758005
Warm B,9203,62,61,2290,1368,0,0.0047293957
Warm B,357279,2092,2091,2290,1368,0,0.004273639
Warm B,105047,696,695,2290,1368,1,0.0034859753
Warm B,18637,146,145,2290,1368,0,0.0053619244
Warm B,370899,2168,2167,2290,1368,0,0.007236709
Warm B,249774,1505,1504,2290,1368,1,0.0020623705
Warm B,289993,1733,1732,2290,1368,0,0.012208178
Warm B,276074,1671,1670,2290,1368,1,-0.0009909826
Warm B,546697,3371,3370,2290,1368,1,0.009157323
Warm B,335543,1980,1979,2290,1368,1,0.013011485
Warm B,322127,1912,1911,2290,1368,0,0.0043022525
Warm B,697118,4169,4168,2295,1371,1,0.011917021
Warm B,82196,546,545,2295,1371,1,0.008139795
Warm B,190506,1181,1180,2295,1371,1,0.007258352
Warm B,45856,308,307,2295,1371,1,0.009535354
Warm B,54410,355,354,2295,1371,0,0.002547823
Warm B,31493,214,213,2295,1371,0,0.013731016
Warm B,21497,157,156,2295,1371,1,0.01086618
Warm B,357282,2092,2091,2295,1371,1,0.007634838
Warm B,206687,1266,1265,2295,1371,1,0.0072622076
Warm B,893227,5394,5393,2295,1371,1,0.010567468
Warm B,317532,1889,1888,2295,1371,1,0.0015776719
Warm B,171329,1088,1087,2295,1371,0,0.0049835485
Warm B,187509,1164,1163,2295,1371,1,-0.00088069984
Warm B,549812,3391,3390,2295,1371,1,0.0044373632
Warm B,450172,2776,2775,2296,1372,1,-0.0020793155
Warm B,450607,2777,2776,2296,1372,1,-0.010794396
Warm B,399423,2378,2377,2296,1372,0,-0.00061672693
Warm B,436188,2665,2664,2296,1372,1,0.011874174
Warm B,391966,2304,2303,2296,1372,0,0.0033317902
Warm B,389879,2288,2287,2296,1372,0,0.004361693
Warm B,378117,2206,2205,2296,1372,0,-0.0012893034
Warm B,375480,2188,2187,2296,1372,0,0.004428208
Warm B,370439,2166,2165,2296,1372,1,0.0039289324
Warm B,358399,2098,2097,2296,1372,0,-0.00050113234
Warm B,355882,2085,2084,2296,1372,0,0.01061061
Warm B,351455,2063,2062,2296,1372,0,0.0038315395
Warm B,345045,2024,2023,2296,1372,1,0.012453834
Warm B,341430,2012,2011,2296,1372,0,0.005850387
Warm B,297331,1764,1763,2296,1372,1,3.1737378e-05
Warm B,281169,1687,1686,2296,1372,0,0.00016745145
Warm B,271396,1641,1640,2296,1372,0,0.001112867
Warm B,275000,1666,1665,2296,1372,0,-0.006892779
Warm B,304227,1807,1806,2296,1372,0,0.004514876
Warm B,309229,1841,1840,2296,1372,0,0.0054300046
Warm B,247531,1496,1495,2296,1372,0,-0.006257923
Warm B,223339,1354,1353,2296,1372,0,0.006853406
Warm B,220285,1335,1334,2296,1372,0,0.0035707906
Warm B,296741,1759,1758,2296,1372,0,0.0053318753
Warm B,277449,1676,1675,2296,1372,1,-0.0054703653
Warm B,196337,1207,1206,2296,1372,0,-4.8591755e-05
Warm B,192291,1184,1183,2296,1372,0,-0.0034216205
Warm B,210645,1285,1284,2296,1372,0,0.0032150738
Warm B,173529,1100,1099,2296,1372,0,-0.0021020987
Warm B,172804,1096,1095,2296,1372,0,-0.010362204
Warm B,167700,1068,1067,2296,1372,0,4.8270915e-05
Warm B,166329,1059,1058,2296,1372,0,0.0020332206
Warm B,163676,1050,1049,2296,1372,0,-0.00034841997
Warm B,272048,1645,1644,2296,1372,0,-0.0053128866
Warm B,189258,1173,1172,2296,1372,0,0.00011359551
Warm B,136312,881,880,2296,1372,0,0.005156854
Warm B,131753,854,853,2296,1372,0,0.00024543772
Warm B,126096,813,812,2296,1372,0,0.0019033587
Warm B,124182,800,799,2296,1372,1,0.008871921
Warm B,117379,757,756,2296,1372,0,-0.0017914372
Warm B,112307,731,730,2296,1372,0,0.009122661
Warm B,101275,676,675,2296,1372,0,0.0005909777
Warm B,109187,714,713,2296,1372,1,0.0041899793
Warm B,370901,2168,2167,2296,1372,1,0.0052692434
Warm B,96339,647,646,2296,1372,0,0.008437651
Warm B,405964,2436,2435,2296,1372,1,0.0108685
Warm B,119041,770,769,2296,1372,1,-0.0038887328
Warm B,88725,587,586,2296,1372,0,0.0028520413
Warm B,71813,482,481,2296,1372,1,0.0012978081
Warm B,115917,752,751,2296,1372,0,0.0016108844
Warm B,70666,476,475,2296,1372,0,0.0022107621
Warm B,68574,461,460,2296,1372,0,0.0009332175
Warm B,251069,1516,1515,2296,1372,0,0.0022031255
Warm B,57121,386,385,2296,1372,0,-0.0014140853
Warm B,59382,403,402,2296,1372,0,0.0020439061
Warm B,53588,352,351,2296,1372,0,0.011158821
Warm B,52496,346,345,2296,1372,1,-0.000439832
Warm B,132293,855,854,2296,1372,0,0.001900377
Warm B,44359,302,301,2296,1372,0,0.0038414067
Warm B,41720,284,283,2296,1372,0,0.0026899418
Warm B,55540,368,367,2296,1372,0,0.0029147153
Warm B,31940,216,215,2296,1372,0,0.0045433925
Warm B,32882,223,222,2296,1372,0,0.0011132883
Warm B,291171,1737,1736,2296,1372,0,0.0051508993
Warm B,49287,329,328,2296,1372,0,0.002075482
Warm B,202938,1246,1245,2296,1372,1,0.009008149
Warm B,2437,19,18,2296,1372,0,0.0041137803
Warm B,79162,531,530,2296,1372,0,0.0027131182
Warm B,78296,528,527,2296,1372,0,0.005709256
Warm B,954297,5761,5760,2296,1372,0,0.0065384456
Warm B,362756,2116,2115,2296,1372,0,0.0003981843
Warm B,572741,3509,3508,2296,1372,0,0.004928816
Warm B,105889,699,698,2296,1372,0,-0.0032487984
Warm B,511786,3158,3157,2296,1372,0,-0.007685491
Warm B,331354,1958,1957,2296,1372,0,0.0066684876
Warm B,924075,5580,5579,2296,1372,0,0.0042918716
Warm B,195253,1203,1202,2296,1372,0,-0.011125593
Warm B,52968,349,348,2296,1372,0,0.0018821053
Warm B,183482,1142,1141,2296,1372,0,0.0029035555
Warm B,342235,2015,2014,2296,1372,0,0.0011292209
Warm B,699896,4186,4185,2296,1372,0,0.006645154
Warm B,941634,5682,5681,2296,1372,0,0.010651051
Warm B,272687,1647,1646,2296,1372,0,0.0062182564
Warm B,28022,195,194,2296,1372,0,0.0005123345
Warm B,341618,2012,2011,2306,1378,0,0.013572747
Warm B,340675,2010,2009,2306,1378,0,0.006648243
Warm B,299653,1778,1777,2306,1378,0,0.013758848
Warm B,277731,1676,1675,2306,1378,0,0.009475595
Warm B,208005,1272,1271,2306,1378,0,0.0050784005
Warm B,173692,1100,1099,2306,1378,0,0.0066044535
Warm B,172892,1096,1095,2306,1378,1,0.0038633505
Warm B,328188,1941,1940,2306,1378,0,0.009108504
Warm B,276653,1673,1672,2306,1378,1,0.0047700265
Warm B,227622,1380,1379,2306,1378,1,0.0053435974
Warm B,143677,927,926,2306,1378,0,0.004622166
Warm B,120431,777,776,2306,1378,0,0.016086599
Warm B,112501,731,730,2306,1378,0,0.007455111
Warm B,77572,524,523,2306,1378,0,0.011829604
Warm B,70803,476,475,2306,1378,1,0.009925641
Warm B,47203,319,318,2306,1378,0,0.010720711
Warm B,697407,4169,4168,2306,1378,0,0.0137972515
Warm B,31758,216,215,2306,1378,0,0.0033726338
Warm B,31465,214,213,2306,1378,0,0.0005264254
Warm B,481848,2962,2961,2306,1378,0,0.00918025
Warm B,1243,11,10,2306,1378,0,0.00876381
Warm B,371016,2168,2167,2306,1378,0,0.005800944
Warm B,363067,2116,2115,2306,1378,0,0.0064096735
Warm B,860319,5172,5171,2306,1378,1,0.0063391966
Warm B,335180,1978,1977,2306,1378,0,0.010089582
Warm B,907817,5492,5491,2306,1378,0,0.009177875
Warm B,54332,355,354,2306,1378,0,0.0126046585
Warm B,475520,2918,2917,2306,1378,1,0.0011061914
Warm B,587942,3589,3588,2306,1378,0,0.0106497295
Warm B,193683,1194,1193,2306,1378,0,0.00693608
Warm B,438612,2680,2679,2310,1379,0,0.008648651
Warm B,421038,2544,2543,2310,1379,1,0.0014537503
Warm B,413214,2485,2484,2310,1379,1,-0.0049309433
Warm B,412851,2484,2483,2310,1379,1,0.011352029
Warm B,381338,2230,2229,2310,1379,1,-0.0020982572
Warm B,375892,2190,2189,2310,1379,1,0.00023230002
Warm B,376732,2199,2198,2310,1379,1,0.011713527
Warm B,374121,2181,2180,2310,1379,1,0.0042873435
Warm B,372294,2174,2173,2310,1379,0,0.0073741656
Warm B,354137,2073,2072,2310,1379,1,0.0009840985
Warm B,361679,2109,2108,2310,1379,0,0.0062837126
Warm B,352815,2065,2064,2310,1379,1,0.0024823388
Warm B,350555,2058,2057,2310,1379,1,0.010275882
Warm B,332690,1962,1961,2310,1379,1,0.0072467737
Warm B,335975,1980,1979,2310,1379,0,-0.0049044574
Warm B,316283,1883,1882,2310,1379,0,-0.007830932
Warm B,291836,1738,1737,2310,1379,1,-0.009938956
Warm B,281816,1690,1689,2310,1379,0,0.008015946
Warm B,267585,1626,1625,2310,1379,1,0.0053261593
Warm B,264366,1608,1607,2310,1379,1,0.003955442
Warm B,256094,1561,1560,2310,1379,0,-0.0015433044
Warm B,253895,1544,1543,2310,1379,1,0.00775241
Warm B,233079,1418,1417,2310,1379,1,0.0041413917
Warm B,227629,1380,1379,2310,1379,0,0.008341948
Warm B,208814,1274,1273,2310,1379,1,0.010993872
Warm B,199475,1224,1223,2310,1379,1,-0.00871026
Warm B,200346,1230,1229,2310,1379,1,-0.0037936037
Warm B,189384,1173,1172,2310,1379,1,0.0023641149
Warm B,185360,1150,1149,2310,1379,0,0.006006461
Warm B,182503,1139,1138,2310,1379,1,0.009528306
Warm B,179923,1126,1125,2310,1379,1,-0.00032266043
Warm B,205334,1263,1262,2310,1379,1,0.010642713
Warm B,168480,1069,1068,2310,1379,0,0.00022396201
Warm B,167890,1068,1067,2310,1379,1,0.004492343
Warm B,163863,1050,1049,2310,1379,0,0.008810068
Warm B,203594,1251,1250,2310,1379,0,-0.0075378935
Warm B,160878,1022,1021,2310,1379,1,0.012687383
Warm B,148766,957,956,2310,1379,0,0.0058930824
Warm B,182039,1137,1136,2310,1379,1,0.012619562
Warm B,122347,789,788,2310,1379,0,-0.0018313457
Warm B,122035,787,786,2310,1379,0,0.0055201
Warm B,349304,2050,2049,2310,1379,0,0.00036669686
Warm B,98248,657,656,2310,1379,1,0.00077611534
Warm B,99222,661,660,2310,1379,1,0.009232684
Warm B,83188,549,548,2310,1379,0,-0.0039365496
Warm B,53453,352,351,2310,1379,1,0.0013801986
Warm B,155357,1001,1000,2310,1379,1,0.016295092
Warm B,51642,339,338,2310,1379,0,0.004756057
Warm B,35203,238,237,2310,1379,1,0.0027743513
Warm B,31781,216,215,2310,1379,1,-0.001137074
Warm B,27883,195,194,2310,1379,1,0.011682935
Warm B,500479,3074,3073,2310,1379,1,-0.0039620465
Warm B,243417,1467,1466,2310,1379,0,0.017096054
Warm B,15377,123,122,2310,1379,1,0.014794018
Warm B,238999,1448,1447,2310,1379,1,0.0020926003
Warm B,9524,63,62,2310,1379,1,0.010456518
Warm B,8212,57,56,2310,1379,0,0.00096398615
Warm B,66071,442,441,2310,1379,1,0.006259688
Warm B,49936,331,330,2310,1379,0,0.0023313027
Warm B,348066,2041,2040,2310,1379,1,0.007592924
Warm B,117048,754,753,2310,1379,0,0.005352134
Warm B,713908,4277,4276,2310,1379,1,0.0026856386
Warm B,537967,3312,3311,2310,1379,1,-0.0051565357
Warm B,365780,2129,2128,2310,1379,0,0.011878161
Warm B,285343,1701,1700,2310,1379,1,0.0024758882
Warm B,164612,1051,1050,2310,1379,1,0.00017189037
Warm B,171701,1088,1087,2310,1379,1,0.012181262
Warm B,144945,934,933,2310,1379,0,0.0026329276
Warm B,772942,4607,4606,2310,1379,1,0.0060671973
Warm B,24205,173,172,2310,1379,1,0.0068643824
Warm B,187665,1164,1163,2310,1379,0,-0.0021030146
Warm B,143526,926,925,2310,1379,1,0.0043524373
Warm B,589116,3592,3591,2310,1379,1,0.002176714
Warm B,974631,5878,5877,2310,1379,1,0.0058240746
Warm B,655947,3952,3951,2314,1383,1,0.0095132
Warm B,381339,2230,2229,2314,1383,0,0.008306202
Warm B,364800,2124,2123,2314,1383,1,0.019635033
Warm B,343134,2016,2015,2314,1383,1,0.0013567307
Warm B,299658,1778,1777,2314,1383,0,-0.000350042
Warm B,265814,1613,1612,2314,1383,0,0.012996774
Warm B,245168,1479,1478,2314,1383,0,0.011181198
Warm B,236723,1437,1436,2314,1383,1,0.016997267
Warm B,241251,1451,1450,2314,1383,1,0.005114886
Warm B,244012,1470,1469,2314,1383,1,0.008034143
Warm B,261789,1599,1598,2314,1383,1,3.763335e-05
Warm B,211014,1285,1284,2314,1383,0,0.0039019217
Warm B,404022,2414,2413,2314,1383,1,0.016388996
Warm B,200528,1231,1230,2314,1383,1,0.0054109218
Warm B,175564,1112,1111,2314,1383,1,0.011255124
Warm B,148768,957,956,2314,1383,0,-0.0008613493
Warm B,139198,890,889,2314,1383,0,0.006002321
Warm B,120441,777,776,2314,1383,0,0.0019720565
Warm B,116267,752,751,2314,1383,1,0.0059123365
Warm B,284230,1698,1697,2314,1383,0,0.00671345
Warm B,87571,573,572,2314,1383,1,0.004844679
Warm B,84969,552,551,2314,1383,1,-0.000497619
Warm B,239003,1448,1447,2314,1383,0,0.009527238
Warm B,155360,1001,1000,2314,1383,1,0.0038408265
Warm B,47223,319,318,2314,1383,1,0.010597229
Warm B,697422,4169,4168,2314,1383,1,0.014419933
Warm B,60511,411,410,2314,1383,0,0.010635583
Warm B,235011,1425,1424,2314,1383,0,-0.00074781396
Warm B,24806,175,174,2314,1383,0,0.014733851
Warm B,15983,126,125,2314,1383,0,-0.0018049837
Warm B,12653,97,96,2314,1383,1,0.0048235944
Warm B,9117,62,61,2314,1383,0,0.0027198235
Warm B,658,8,7,2314,1383,0,0.014041513
Warm B,27889,195,194,2314,1383,1,0.007071278
Warm B,967358,5831,5830,2314,1383,0,0.009336227
Warm B,182044,1137,1136,2314,1383,1,0.011962753
Warm B,49160,329,328,2314,1383,0,0.007189892
Warm B,257708,1579,1578,2314,1383,0,0.009624698
Warm B,144948,934,933,2314,1383,1,0.005135463
Warm B,964494,5812,5811,2314,1383,0,0.008575805
Warm B,160634,1020,1019,2314,1383,1,0.013900025
Warm B,375607,2188,2187,2314,1383,1,0.0075489916
Warm B,76376,518,517,2314,1383,1,0.0013865759
Warm B,171708,1088,1087,2314,1383,1,0.015834484
Warm B,621239,3762,3761,2315,1384,0,0.015372944
Warm B,596625,3626,3625,2315,1384,0,0.021496635
Warm B,587231,3586,3585,2315,1384,0,0.0045037884
Warm B,532176,3285,3284,2315,1384,0,0.0062180706
Warm B,566298,3476,3475,2315,1384,0,0.015430777
Warm B,507247,3121,3120,2315,1384,0,0.00078920356
Warm B,499481,3067,3066,2315,1384,0,0.0031419862
Warm B,494207,3032,3031,2315,1384,1,0.0021017522
Warm B,718932,4305,4304,2315,1384,1,-0.0016994255
Warm B,483512,2972,2971,2315,1384,0,0.007512074
Warm B,457995,2820,2819,2315,1384,0,0.010055196
Warm B,466866,2878,2877,2315,1384,0,0.007894136
Warm B,441290,2702,2701,2315,1384,0,0.006959874
Warm B,426510,2590,2589,2315,1384,1,0.007946761
Warm B,409657,2457,2456,2315,1384,0,0.011152338
Warm B,406793,2444,2443,2315,1384,0,0.00502889
Warm B,387303,2264,2263,2315,1384,0,0.00019688171
Warm B,371219,2169,2168,2315,1384,1,0.0067470055
Warm B,368633,2155,2154,2315,1384,1,0.013529366
Warm B,368816,2156,2155,2315,1384,0,0.008745402
Warm B,366182,2131,2130,2315,1384,0,0.011323502
Warm B,358527,2098,2097,2315,1384,1,0.005411429
Warm B,361682,2109,2108,2315,1384,0,0.00851857
Warm B,351930,2063,2062,2315,1384,0,0.008303797
Warm B,323511,1919,1918,2315,1384,1,0.0036623473
Warm B,297532,1764,1763,2315,1384,1,0.0042135078
Warm B,279364,1680,1679,2315,1384,1,0.016123952
Warm B,285805,1705,1704,2315,1384,0,0.003244741
Warm B,277743,1676,1675,2315,1384,1,0.015191485
Warm B,278251,1678,1677,2315,1384,0,0.007971138
Warm B,271477,1641,1640,2315,1384,0,0.0081045125
Warm B,231121,1399,1398,2315,1384,1,-0.00023588864
Warm B,221819,1341,1340,2315,1384,0,0.0033538782
Warm B,213493,1298,1297,2315,1384,1,0.010837039
Warm B,240150,1449,1448,2315,1384,0,0.017826848
Warm B,250406,1509,1508,2315,1384,0,0.0044612503
Warm B,210175,1284,1283,2315,1384,0,0.0052711917
Warm B,196549,1207,1206,2315,1384,0,0.012696037
Warm B,342531,2015,2014,2315,1384,0,0.015585855
Warm B,194038,1195,1194,2315,1384,0,0.0002496755
Warm B,188997,1172,1171,2315,1384,0,0.0006193062
Warm B,165642,1056,1055,2315,1384,0,0.005294625
Warm B,159300,1017,1016,2315,1384,0,0.002233628
Warm B,156931,1010,1009,2315,1384,0,0.015181554
Warm B,134329,869,868,2315,1384,1,0.00158964
Warm B,125568,808,807,2315,1384,0,0.00084419735
Warm B,223579,1354,1353,2315,1384,0,0.007101509
Warm B,114874,746,745,2315,1384,0,0.006643376
Warm B,114093,741,740,2315,1384,1,-0.00784971
Warm B,117524,757,756,2315,1384,0,0.0035682577
Warm B,107519,709,708,2315,1384,0,0.0015789298
Warm B,101695,677,676,2315,1384,0,0.008795517
Warm B,92766,621,620,2315,1384,0,0.012015306
Warm B,91635,608,607,2315,1384,1,0.0035521802
Warm B,320801,1902,1901,2315,1384,1,0.005182403
Warm B,291445,1737,1736,2315,1384,0,0.013166295
Warm B,83192,549,548,2315,1384,0,0.0043696854
Warm B,191014,1181,1180,2315,1384,1,0.022858754
Warm B,406094,2436,2435,2315,1384,0,0.008211953
Warm B,53456,352,351,2315,1384,0,0.019510198
Warm B,290265,1733,1732,2315,1384,0,0.010780845
Warm B,22324,163,162,2315,1384,0,0.008417321
Warm B,14356,117,116,2315,1384,0,0.013044289
Warm B,8348,58,57,2315,1384,0,0.009439468
Warm B,7501,53,52,2315,1384,0,0.004836375
Warm B,697423,4169,4168,2315,1384,0,0.018749202
Warm B,123437,796,795,2315,1384,0,0.008175377
Warm B,354960,2077,2076,2315,1384,0,0.0049040676
Warm B,552393,3401,3400,2315,1384,0,0.0039671385
Warm B,139199,890,889,2315,1384,1,0.004134277
Warm B,363082,2116,2115,2315,1384,0,0.0067937383
Warm B,682502,4085,4084,2315,1384,0,0.009631457
Warm B,317747,1889,1888,2315,1384,0,0.0043810913
Warm B,328212,1941,1940,2315,1384,0,0.0043018367
Warm B,760814,4520,4519,2315,1384,0,0.012470473
Warm B,907821,5492,5491,2315,1384,0,0.004181027
Warm B,335980,1980,1979,2315,1384,0,0.017611444
Warm B,960421,5792,5791,2315,1384,0,0.011456956
Warm B,362451,2114,2113,2315,1384,0,-0.000663735
Warm B,947973,5723,5722,2315,1384,0,0.007827426
Warm B,52041,343,342,2315,1384,1,0.0058455556
Warm B,135122,874,873,2315,1384,0,0.004991376
Warm B,217097,1317,1316,2315,1384,0,0.017685495
Warm B,63020,424,423,2315,1384,0,0.015039887
Warm B,171710,1088,1087,2315,1384,0,0.015220601
Warm B,179623,1125,1124,2315,1384,0,0.004174135
Warm B,894068,5397,5396,2315,1384,0,0.014212713
Warm B,745392,4448,4447,2320,1387,1,0.0058859554
Warm B,571437,3504,3503,2320,1387,1,0.0068669613
Warm B,572206,3507,3506,2320,1387,0,0.0071019665
Warm B,563094,3464,3463,2320,1387,0,0.00871366
Warm B,557740,3425,3424,2320,1387,0,0.0073074577
Warm B,553590,3409,3408,2320,1387,1,0.0012889351
Warm B,547395,3377,3376,2320,1387,1,0.0046117455
Warm B,644686,3884,3883,2320,1387,0,0.0070290337
Warm B,536062,3308,3307,2320,1387,1,0.0035802792
Warm B,532184,3285,3284,2320,1387,0,0.0088883545
Warm B,531069,3280,3279,2320,1387,0,0.0013226871
Warm B,528225,3265,3264,2320,1387,0,0.0008256333
Warm B,537222,3311,3310,2320,1387,0,0.011712054
Warm B,515525,3182,3181,2320,1387,1,-0.0007281591
Warm B,509842,3140,3139,2320,1387,1,0.015071455
Warm B,508670,3129,3128,2320,1387,0,-0.0008969002
Warm B,584739,3569,3568,2320,1387,0,0.005324262
Warm B,502176,3082,3081,2320,1387,0,0.00041330303
Warm B,499489,3067,3066,2320,1387,0,0.0009367687
Warm B,472638,2907,2906,2320,1387,0,0.008602588
Warm B,564473,3471,3470,2320,1387,0,0.013431283
Warm B,467775,2883,2882,2320,1387,0,0.009039602
Warm B,444687,2743,2742,2320,1387,1,-0.0003770562
Warm B,511339,3154,3153,2320,1387,1,0.0045883325
Warm B,438094,2677,2676,2320,1387,0,0.0043426594
Warm B,429172,2611,2610,2320,1387,1,0.009902818
Warm B,553994,3410,3409,2320,1387,0,0.0078074858
Warm B,425339,2581,2580,2320,1387,0,0.004278347
Warm B,408260,2453,2452,2320,1387,1,-0.00058809586
Warm B,464196,2860,2859,2320,1387,1,0.0036880423
Warm B,392256,2304,2303,2320,1387,0,0.01132335
Warm B,390032,2288,2287,2320,1387,0,-0.0026252617
Warm B,381342,2230,2229,2320,1387,1,-0.0005912748
Warm B,372296,2174,2173,2320,1387,0,0.0026467007
Warm B,367333,2144,2143,2320,1387,0,0.0029443642
Warm B,364808,2124,2123,2320,1387,1,0.0024837945
Warm B,359798,2104,2103,2320,1387,1,-0.005585326
Warm B,358533,2098,2097,2320,1387,1,0.011978092
Warm B,352686,2064,2063,2320,1387,1,0.00079576287
Warm B,360114,2105,2104,2320,1387,0,0.01004537
Warm B,340702,2010,2009,2320,1387,0,0.008213216
Warm B,324460,1922,1921,2320,1387,0,-0.0015874883
Warm B,290277,1733,1732,2320,1387,1,-0.0072903954
Warm B,296095,1757,1756,2320,1387,0,0.010138827
Warm B,282666,1694,1693,2320,1387,0,-0.0027392316
Warm B,275134,1666,1665,2320,1387,0,0.0008357526
Warm B,279392,1680,1679,2320,1387,0,0.005507554
Warm B,265830,1613,1612,2320,1387,0,0.0007733451
Warm B,333425,1968,1967,2320,1387,0,0.007884501
Warm B,354146,2073,2072,2320,1387,1,0.00807859
Warm B,231128,1399,1398,2320,1387,1,0.0030510072
Warm B,213513,1298,1297,2320,1387,1,0.008300125
Warm B,212947,1297,1296,2320,1387,1,0.010722915
Warm B,277757,1676,1675,2320,1387,0,0.0051191207
Warm B,273007,1647,1646,2320,1387,0,0.00878763
Warm B,204949,1261,1260,2320,1387,1,0.0085831275
Warm B,204048,1255,1254,2320,1387,0,-0.0012103047
Warm B,201161,1241,1240,2320,1387,1,0.010776914
Warm B,210181,1284,1283,2320,1387,1,-0.0031269204
Warm B,196559,1207,1206,2320,1387,0,-0.00097230356
Warm B,192569,1185,1184,2320,1387,1,-0.008182099
Warm B,328239,1941,1940,2320,1387,0,0.0072553866
Warm B,329375,1943,1942,2320,1387,0,0.0059788506
Warm B,185378,1150,1149,2320,1387,0,-0.0045796395
Warm B,183565,1142,1141,2320,1387,1,-0.0026734045
Warm B,307495,1835,1834,2320,1387,1,0.0052369707
Warm B,200529,1231,1230,2320,1387,0,0.013622255
Warm B,179633,1125,1124,2320,1387,0,5.1694806e-05
Warm B,263395,1605,1604,2320,1387,0,-0.0051358957
Warm B,184027,1146,1145,2320,1387,0,-0.0012912226
Warm B,168492,1069,1068,2320,1387,1,-0.0024895777
Warm B,163872,1050,1049,2320,1387,0,0.0102709215
Warm B,261799,1599,1598,2320,1387,1,-0.009169657
Warm B,156244,1006,1005,2320,1387,0,-0.00906346
Warm B,152133,978,977,2320,1387,1,-0.006261672
Warm B,145370,935,934,2320,1387,0,0.009689323
Warm B,135673,877,876,2320,1387,0,0.0026613453
Warm B,131947,854,853,2320,1387,0,0.0112934
Warm B,154897,999,998,2320,1387,0,0.011010957
Warm B,304943,1812,1811,2320,1387,1,-0.0012861369
Warm B,117530,757,756,2320,1387,0,0.004715869
Warm B,116286,752,751,2320,1387,0,0.0058120256
Warm B,108038,710,709,2320,1387,0,0.009545829
Warm B,98873,660,659,2320,1387,1,0.0064995782
Warm B,113348,735,734,2320,1387,0,0.0076619787
Warm B,110865,721,720,2320,1387,0,0.011680044
Warm B,92768,621,620,2320,1387,0,0.0060523283
Warm B,320808,1902,1901,2320,1387,1,0.0011439712
Warm B,84971,552,551,2320,1387,0,0.0016516496
Warm B,77595,524,523,2320,1387,0,0.007296196
Warm B,80247,533,532,2320,1387,0,0.0026070783
Warm B,72106,482,481,2320,1387,1,0.0021075595
Warm B,47884,321,320,2320,1387,0,0.0019819383
Warm B,47244,319,318,2320,1387,0,0.00029030826
Warm B,239014,1448,1447,2320,1387,0,-8.4867934e-05
Warm B,697440,4169,4168,2320,1387,1,-0.0011625562
Warm B,537978,3312,3311,2320,1387,0,0.0027031442
Warm B,33335,225,224,2320,1387,0,-0.0006527088
Warm B,27017,192,191,2320,1387,1,-0.0010357247
Warm B,54357,355,354,2320,1387,1,0.00045683875
Warm B,235024,1425,1424,2320,1387,1,0.014549525
Warm B,2674,22,21,2320,1387,0,0.003314552
Warm B,578213,3532,3531,2320,1387,0,-0.007820322
Warm B,675,8,7,2320,1387,0,0.0041149454
Warm B,206928,1266,1265,2320,1387,0,0.0016192195
Warm B,481871,2962,2961,2320,1387,1,0.014761915
Warm B,10174,73,72,2320,1387,0,0.0054483544
Warm B,567524,3483,3482,2320,1387,0,0.010142049
Warm B,363099,2116,2115,2320,1387,0,0.002073457
Warm B,257718,1579,1578,2320,1387,0,0.0020175865
Warm B,360850,2106,2105,2320,1387,0,-0.0031307368
Warm B,682515,4085,4084,2320,1387,1,0.0008307933
Warm B,335999,1980,1979,2320,1387,0,0.00410926
Warm B,622183,3768,3767,2320,1387,0,0.00080746063
Warm B,265137,1611,1610,2320,1387,1,0.0012064353
Warm B,300399,1780,1779,2320,1387,0,0.0015131244
Warm B,102333,678,677,2320,1387,1,0.00557624
Warm B,245811,1484,1483,2320,1387,0,0.0074492525
Warm B,713927,4277,4276,2320,1387,1,0.009050346
Warm B,633339,3824,3823,2320,1387,0,0.00047691818
Warm B,129456,839,838,2320,1387,1,0.0021639299
Warm B,473730,2909,2908,2320,1387,1,0.009450508
Warm B,164626,1051,1050,2320,1387,0,0.008609821
Warm B,171727,1088,1087,2320,1387,1,0.003689011
Warm B,805939,4823,4822,2320,1387,1,-0.0019216824
Warm B,688380,4117,4116,2320,1387,1,0.0071496293
Warm B,790777,4728,4727,2320,1387,0,0.017464152
Warm B,237982,1447,1446,2325,1391,0,0.004937529
Warm B,236054,1430,1429,2325,1391,1,0.007194622
Warm B,224201,1356,1355,2325,1391,1,0.008643165
Warm B,270005,1635,1634,2325,1391,1,0.014236485
Warm B,296824,1759,1758,2325,1391,0,0.012773696
Warm B,212949,1297,1296,2325,1391,1,0.011337863
Warm B,204950,1261,1260,2325,1391,1,0.0069299396
Warm B,279396,1680,1679,2325,1391,0,0.0070291786
Warm B,205343,1263,1262,2325,1391,0,0.0026745917
Warm B,181458,1134,1133,2325,1391,0,0.01355901
Warm B,176057,1113,1112,2325,1391,1,-0.0034272312
Warm B,173706,1100,1099,2325,1391,0,-0.0013075799
Warm B,172902,1096,1095,2325,1391,0,-0.002924635
Warm B,167899,1068,1067,2325,1391,1,0.0012827914
Warm B,163874,1050,1049,2325,1391,0,0.004984414
Warm B,163383,1045,1044,2325,1391,0,-0.0052870987
Warm B,230550,1395,1394,2325,1391,1,0.0008534513
Warm B,146342,941,940,2325,1391,0,0.001562923
Warm B,146261,940,939,2325,1391,0,0.0016383759
Warm B,156950,1010,1009,2325,1391,0,0.007360892
Warm B,136651,881,880,2325,1391,0,0.0066379393
Warm B,135676,877,876,2325,1391,0,0.010762671
Warm B,124932,802,801,2325,1391,0,0.009078212
Warm B,117949,761,760,2325,1391,1,0.0034347828
Warm B,96437,647,646,2325,1391,1,0.0027407948
Warm B,90691,601,600,2325,1391,0,0.0052763536
Warm B,72109,482,481,2325,1391,0,0.0062160054
Warm B,65403,438,437,2325,1391,1,0.0068143597
Warm B,155368,1001,1000,2325,1391,1,-0.0015503061
Warm B,57093,386,385,2325,1391,1,0.005280933
Warm B,53479,352,351,2325,1391,0,0.012246349
Warm B,38187,261,260,2325,1391,1,0.011763967
Warm B,537981,3312,3311,2325,1391,1,0.008379335
Warm B,53235,351,350,2325,1391,0,-0.000782809
Warm B,291466,1737,1736,2325,1391,1,0.013351476
Warm B,235026,1425,1424,2325,1391,0,0.0018357617
Warm B,108041,710,709,2325,1391,0,0.0018431363
Warm B,1257,11,10,2325,1391,0,0.0031814403
Warm B,354973,2077,2076,2325,1391,1,0.0067823376
Warm B,552413,3401,3400,2325,1391,0,0.005563068
Warm B,954324,5761,5760,2325,1391,0,0.009700429
Warm B,682517,4085,4084,2325,1391,1,0.00994641
Warm B,497257,3054,3053,2325,1391,0,0.008619634
Warm B,840889,5053,5052,2325,1391,1,0.00040217908
Warm B,328241,1941,1940,2325,1391,0,0.0047891447
Warm B,618326,3746,3745,2325,1391,0,0.0078586135
Warm B,757759,4508,4507,2325,1391,1,-0.0014285088
Warm B,351953,2063,2062,2325,1391,0,0.008825887
Warm B,45788,308,307,2325,1391,0,0.008274786
Warm B,907829,5492,5491,2325,1391,0,0.004367505
Warm B,23522,169,168,2325,1391,0,0.011534842
Warm B,811417,4867,4866,2325,1391,1,0.01821346
Warm B,458680,2824,2823,2325,1391,1,0.0043098168
Warm B,571099,3503,3502,2325,1391,0,0.005699438
Warm B,257721,1579,1578,2325,1391,0,0.0010362067
Warm B,273011,1647,1646,2325,1391,1,0.012664698
Warm B,562632,3462,3461,2325,1391,1,-0.00120313
Warm B,790780,4728,4727,2325,1391,0,0.004686149
Warm B,974638,5878,5877,2325,1391,0,0.0039629866
Warm B,271481,1641,1640,2327,1392,0,0.009267993
Warm B,247752,1496,1495,2327,1392,0,0.009705253
Warm B,245537,1483,1482,2327,1392,0,0.0053604115
Warm B,221905,1342,1341,2327,1392,0,0.0023823974
Warm B,221822,1341,1340,2327,1392,0,0.005816388
Warm B,277759,1676,1675,2327,1392,0,0.0005720656
Warm B,256191,1562,1561,2327,1392,0,0.0023396616
Warm B,184028,1146,1145,2327,1392,0,0.006928441
Warm B,165242,1053,1052,2327,1392,0,0.002264983
Warm B,159307,1017,1016,2327,1392,0,0.001804062
Warm B,139969,897,896,2327,1392,0,0.0068782573
Warm B,156951,1010,1009,2327,1392,0,0.00012202375
Warm B,134347,869,868,2327,1392,0,-0.0027763753
Warm B,133190,859,858,2327,1392,0,-0.008287344
Warm B,138404,889,888,2327,1392,0,-0.0016806435
Warm B,125573,808,807,2327,1392,0,0.0012125133
Warm B,92769,621,620,2327,1392,0,0.0040959436
Warm B,81733,543,542,2327,1392,0,0.0018310957
Warm B,57565,390,389,2327,1392,0,0.0035299952
Warm B,41142,278,277,2327,1392,1,0.009621836
Warm B,22341,163,162,2327,1392,0,0.0012270063
Warm B,15159,121,120,2327,1392,1,-0.0021101858
Warm B,14373,117,116,2327,1392,0,0.013168224
Warm B,354975,2077,2076,2327,1392,0,0.008488984
Warm B,65404,438,437,2327,1392,0,0.0072975974
Warm B,174196,1101,1100,2327,1392,0,-0.0014563301
Warm B,697444,4169,4168,2327,1392,0,0.009187145
Warm B,622187,3768,3767,2327,1392,0,0.004300399
Warm B,164630,1051,1050,2327,1392,1,0.006481651
Warm B,328243,1941,1940,2327,1392,0,-0.010540158
Warm B,760822,4520,4519,2327,1392,0,0.0033725528
Warm B,366193,2131,2130,2327,1392,0,0.005028204
Warm B,237983,1447,1446,2327,1392,0,0.0034334655
Warm B,145826,937,936,2327,1392,1,-0.0015023788
Warm B,331678,1958,1957,2327,1392,0,0.011544944
Warm B,351955,2063,2062,2327,1392,0,0.006384577
Warm B,116293,752,751,2327,1392,0,0.007138793
Warm B,136652,881,880,2327,1392,0,0.004795045
Warm B,311305,1854,1853,2327,1392,0,0.0025464555
Warm B,295669,1755,1754,2327,1392,1,0.0044231513
Warm B,628377,3806,3805,2328,1393,0,0.001832644
Warm B,628721,3807,3806,2328,1393,0,0.014557522
Warm B,628176,3804,3803,2328,1393,1,0.012003472
Warm B,636955,3836,3835,2328,1393,0,0.0102342935
Warm B,627948,3801,3800,2328,1393,0,0.0026703898
Warm B,638254,3841,3840,2328,1393,0,0.015446208
Warm B,620706,3760,3759,2328,1393,1,0.0020451676
Warm B,623420,3771,3770,2328,1393,0,0.019239206
Warm B,607998,3689,3688,2328,1393,0,0.0042921538
Warm B,713933,4277,4276,2328,1393,1,0.012613213
Warm B,600825,3652,3651,2328,1393,0,0.008614021
Warm B,596641,3626,3625,2328,1393,1,0.011747379
Warm B,583495,3562,3561,2328,1393,0,0.016572978
Warm B,759187,4510,4509,2328,1393,0,0.016754419
Warm B,576396,3522,3521,2328,1393,1,0.0068730447
Warm B,579425,3539,3538,2328,1393,1,0.0122593045
Warm B,584740,3569,3568,2328,1393,0,0.00041556195
Warm B,572864,3509,3508,2328,1393,0,0.0024005463
Warm B,555834,3416,3415,2328,1393,1,0.004637622
Warm B,536064,3308,3307,2328,1393,1,0.010050756
Warm B,542270,3336,3335,2328,1393,0,0.020723017
Warm B,561608,3454,3453,2328,1393,0,0.007347751
Warm B,511660,3157,3156,2328,1393,0,-0.0023584825
Warm B,566307,3476,3475,2328,1393,0,0.0042273477
Warm B,507253,3121,3120,2328,1393,0,0.006932065
Warm B,495677,3044,3043,2328,1393,1,0.007267835
Warm B,495495,3043,3042,2328,1393,0,0.0060482416
Warm B,472643,2907,2906,2328,1393,1,0.021241026
Warm B,473737,2909,2908,2328,1393,1,0.009912212
Warm B,463369,2857,2856,2328,1393,0,0.003939296
Warm B,540718,3327,3326,2328,1393,0,0.0067532267
Warm B,448953,2767,2766,2328,1393,0,0.007819971
Warm B,450935,2777,2776,2328,1393,0,-0.004594896
Warm B,564477,3471,3470,2328,1393,0,0.00834035
Warm B,430102,2621,2620,2328,1393,0,0.008857748
Warm B,426516,2590,2589,2328,1393,0,0.0031791474
Warm B,418752,2529,2528,2328,1393,1,0.008680129
Warm B,408946,2455,2454,2328,1393,0,0.0069908556
Warm B,406452,2438,2437,2328,1393,1,0.016479742
Warm B,406794,2444,2443,2328,1393,0,0.007210983
Warm B,374137,2181,2180,2328,1393,0,0.01591242
Warm B,368635,2155,2154,2328,1393,1,-0.0036367797
Warm B,367502,2145,2144,2328,1393,1,0.008990558
Warm B,358535,2098,2097,2328,1393,0,0.0073714
Warm B,351956,2063,2062,2328,1393,0,0.010020979
Warm B,344431,2021,2020,2328,1393,1,0.0058251075
Warm B,323513,1919,1918,2328,1393,0,0.0014710237
Warm B,297551,1764,1763,2328,1393,1,0.007941558
Warm B,305871,1820,1819,2328,1393,1,0.004550957
Warm B,290278,1733,1732,2328,1393,0,0.016095188
Warm B,303555,1803,1802,2328,1393,0,0.011068881
Warm B,281546,1688,1687,2328,1393,0,0.0046985103
Warm B,279400,1680,1679,2328,1393,0,0.005102829
Warm B,285808,1705,1704,2328,1393,0,0.004567547
Warm B,277019,1675,1674,2328,1393,0,0.011370342
Warm B,275580,1667,1666,2328,1393,0,0.012660018
Warm B,282669,1694,1693,2328,1393,0,0.0057652486
Warm B,271482,1641,1640,2328,1393,0,0.012376428
Warm B,267589,1626,1625,2328,1393,0,0.004855096
Warm B,392260,2304,2303,2328,1393,1,0.0056830635
Warm B,251885,1524,1523,2328,1393,1,0.006780969
Warm B,247753,1496,1495,2328,1393,0,0.012967998
Warm B,224507,1357,1356,2328,1393,1,0.002173069
Warm B,221823,1341,1340,2328,1393,0,0.012914464
Warm B,221906,1342,1341,2328,1393,0,0.0043430505
Warm B,214101,1300,1299,2328,1393,1,0.0075145774
Warm B,277760,1676,1675,2328,1393,0,0.019005187
Warm B,273012,1647,1646,2328,1393,0,0.014266224
Warm B,350332,2056,2055,2328,1393,0,0.004947364
Warm B,304946,1812,1811,2328,1393,1,0.017293224
Warm B,328245,1941,1940,2328,1393,0,0.006785429
Warm B,179150,1124,1123,2328,1393,0,0.007876044
Warm B,175027,1109,1108,2328,1393,0,0.009707724
Warm B,184029,1146,1145,2328,1393,0,0.0060484177
Warm B,175577,1112,1111,2328,1393,0,0.018885523
Warm B,165643,1056,1055,2328,1393,1,0.020460876
Warm B,159308,1017,1016,2328,1393,1,-0.0065621613
Warm B,158300,1015,1014,2328,1393,0,0.005507895
Warm B,156952,1010,1009,2328,1393,0,0.013366306
Warm B,136105,880,879,2328,1393,0,0.012564474
Warm B,133873,868,867,2328,1393,1,-0.0061417352
Warm B,134348,869,868,2328,1393,1,0.0029917737
Warm B,133191,859,858,2328,1393,0,0.0063763354
Warm B,138405,889,888,2328,1393,0,0.010056727
Warm B,125574,808,807,2328,1393,0,0.0060642837
Warm B,124516,801,800,2328,1393,0,-0.00037160958
Warm B,108042,710,709,2328,1393,0,0.008537941
Warm B,179636,1125,1124,2328,1393,0,0.0051125297
Warm B,92770,621,620,2328,1393,1,0.015048014
Warm B,140718,904,903,2328,1393,0,0.0076943994
Warm B,203134,1246,1245,2328,1393,0,0.018242668
Warm B,291467,1737,1736,2328,1393,1,0.0027136235
Warm B,81734,543,542,2328,1393,1,0.0109572485
Warm B,82518,548,547,2328,1393,0,-7.976079e-05
Warm B,108737,712,711,2328,1393,0,0.015925052
Warm B,74889,509,508,2328,1393,0,0.009995205
Warm B,47886,321,320,2328,1393,0,0.0077368338
Warm B,41143,278,277,2328,1393,1,0.0044767554
Warm B,697446,4169,4168,2328,1393,0,0.01350165
Warm B,38188,261,260,2328,1393,1,0.020942297
Warm B,36252,245,244,2328,1393,0,0.010959456
Warm B,29617,202,201,2328,1393,0,0.010209275
Warm B,192731,1186,1185,2328,1393,1,0.009786569
Warm B,22342,163,162,2328,1393,0,0.0102512045
Warm B,14374,117,116,2328,1393,1,0.003729285
Warm B,7524,53,52,2328,1393,0,0.0072631612
Warm B,198437,1219,1218,2328,1393,1,0.0052956883
Warm B,27917,195,194,2328,1393,1,0.010084721
Warm B,609193,3693,3692,2328,1393,0,0.015755726
Warm B,164631,1051,1050,2328,1393,0,0.010209942
Warm B,237984,1447,1446,2328,1393,0,0.017813351
Warm B,23523,169,168,2328,1393,0,0.007343227
Warm B,63042,424,423,2328,1393,0,0.014304478
Warm B,162947,1040,1039,2330,1395,1,-0.0032762922
Warm B,167907,1068,1067,2330,1395,1,0.004572858
Warm B,268012,1628,1627,2330,1395,1,0.0051428284
Warm B,185398,1150,1149,2330,1395,1,0.0017462075
Warm B,128329,830,829,2330,1395,1,0.007065029
Warm B,252185,1527,1526,2330,1395,1,-0.0104913525
Warm B,100572,671,670,2330,1395,1,0.0039270963
Warm B,201608,1242,1241,2330,1395,1,-0.0031918988
Warm B,82087,544,543,2330,1395,1,-0.004546826
Warm B,74896,509,508,2330,1395,1,-0.012326061
Warm B,59899,408,407,2330,1395,1,0.0019872177
Warm B,501344,3080,3079,2330,1395,0,0.0013966863
Warm B,48786,327,326,2330,1395,1,0.010464229
Warm B,37844,259,258,2330,1395,0,0.008190162
Warm B,34623,235,234,2330,1395,1,0.0031830962
Warm B,21930,161,160,2330,1395,1,-0.0012597945
Warm B,33350,225,224,2330,1395,1,0.003165963
Warm B,452521,2786,2785,2330,1395,1,0.008589607
Warm B,772117,4602,4601,2330,1395,0,0.005641575
Warm B,539375,3317,3316,2330,1395,1,0.006526263
Warm B,844346,5074,5073,2330,1395,1,0.0055813557
Warm B,943628,5689,5688,2330,1395,0,0.001628249
Warm B,583504,3562,3561,2330,1395,1,0.0126430085
Warm B,45798,308,307,2330,1395,1,0.013773464
Warm B,893361,5394,5393,2330,1395,1,0.008926275
Warm B,93337,624,623,2330,1395,1,0.0073983576
Warm B,778254,4647,4646,2330,1395,0,0.011137642
Warm B,489020,3011,3010,2330,1395,1,0.003035958
Warm B,261807,1599,1598,2330,1395,1,0.01234702
Warm B,825773,4958,4957,2330,1395,1,-0.0025899915
Warm B,290287,1733,1732,2330,1395,1,0.0056590447
Warm B,974641,5878,5877,2330,1395,0,0.0035000048
Warm B,678590,4064,4063,2331,1396,0,0.021051947
Warm B,713943,4277,4276,2331,1396,1,0.006828854
Warm B,661324,3988,3987,2331,1396,0,0.012546465
Warm B,648611,3907,3906,2331,1396,0,0.0070455917
Warm B,639163,3842,3841,2331,1396,0,0.0062495535
Warm B,636961,3836,3835,2331,1396,1,0.0045406297
Warm B,625337,3779,3778,2331,1396,0,0.0099282265
Warm B,611165,3705,3704,2331,1396,0,0.017095307
Warm B,604299,3675,3674,2331,1396,0,0.018038237
Warm B,585126,3572,3571,2331,1396,0,0.013664141
Warm B,580941,3547,3546,2331,1396,0,0.0035090595
Warm B,579436,3539,3538,2331,1396,1,0.014512064
Warm B,573920,3513,3512,2331,1396,1,0.01632642
Warm B,569940,3497,3496,2331,1396,1,0.008916526
Warm B,575400,3519,3518,2331,1396,1,0.020570228
Warm B,527480,3261,3260,2331,1396,1,0.017955665
Warm B,525297,3243,3242,2331,1396,0,0.0110012535
Warm B,522656,3224,3223,2331,1396,1,0.005467116
Warm B,512927,3163,3162,2331,1396,1,0.030048609
Warm B,574802,3518,3517,2331,1396,1,0.014401716
Warm B,503647,3095,3094,2331,1396,0,0.013710257
Warm B,499497,3067,3066,2331,1396,0,0.010130651
Warm B,490311,3017,3016,2331,1396,1,0.004960278
Warm B,474727,2913,2912,2331,1396,0,0.01784883
Warm B,465386,2870,2869,2331,1396,0,0.011366343
Warm B,464644,2863,2862,2331,1396,1,0.0030083545
Warm B,458021,2820,2819,2331,1396,1,0.011641653
Warm B,448008,2761,2760,2331,1396,1,0.0178999
Warm B,444698,2743,2742,2331,1396,1,-0.00023903325
Warm B,446444,2752,2751,2331,1396,0,0.008938922
Warm B,564486,3471,3470,2331,1396,0,0.012795966
Warm B,435584,2663,2662,2331,1396,0,0.0006719895
Warm B,408273,2453,2452,2331,1396,1,0.008651951
Warm B,395172,2334,2333,2331,1396,0,0.004657997
Warm B,393123,2309,2308,2331,1396,0,0.00029285834
Warm B,390042,2288,2287,2331,1396,0,0.0076451926
Warm B,382316,2233,2232,2331,1396,0,0.0030187753
Warm B,379528,2219,2218,2331,1396,0,0.01744709
Warm B,372300,2174,2173,2331,1396,1,0.0066808453
Warm B,358910,2100,2099,2331,1396,0,0.010618852
Warm B,339683,2002,2001,2331,1396,1,0.009990446
Warm B,336016,1980,1979,2331,1396,1,0.016819937
Warm B,315327,1880,1879,2331,1396,0,0.011809861
Warm B,304956,1812,1811,2331,1396,1,0.0073049767
Warm B,292370,1741,1740,2331,1396,1,0.004429363
Warm B,285964,1706,1705,2331,1396,1,0.010042632
Warm B,244980,1475,1474,2331,1396,1,-0.004339665
Warm B,231983,1407,1406,2331,1396,0,0.008674728
Warm B,357521,2092,2091,2331,1396,0,0.00572136
Warm B,222411,1345,1344,2331,1396,1,0.00827802
Warm B,289375,1727,1726,2331,1396,1,-0.00033152004
Warm B,296827,1759,1758,2331,1396,0,0.020752877
Warm B,208826,1274,1273,2331,1396,1,0.0072934665
Warm B,202546,1244,1243,2331,1396,0,0.010483772
Warm B,321908,1911,1910,2331,1396,0,-0.00689153
Warm B,188615,1170,1169,2331,1396,0,0.015328308
Warm B,185399,1150,1149,2331,1396,0,0.012362855
Warm B,174843,1107,1106,2331,1396,0,0.019004185
Warm B,188251,1168,1167,2331,1396,1,0.013267327
Warm B,169118,1073,1072,2331,1396,0,0.01616453
Warm B,167312,1065,1064,2331,1396,0,0.010559039
Warm B,163880,1050,1049,2331,1396,0,0.012912428
Warm B,167908,1068,1067,2331,1396,0,0.01699263
Warm B,153689,987,986,2331,1396,1,0.0057364064
Warm B,151632,975,974,2331,1396,0,0.009444321
Warm B,150632,970,969,2331,1396,0,0.014510937
Warm B,147762,952,951,2331,1396,1,0.0064621484
Warm B,144955,934,933,2331,1396,0,0.0089822365
Warm B,143900,928,927,2331,1396,0,0.009249724
Warm B,131955,854,853,2331,1396,0,0.0065660723
Warm B,332703,1962,1961,2331,1396,0,0.005551656
Warm B,111507,726,725,2331,1396,1,0.0069251154
Warm B,111320,724,723,2331,1396,0,0.007813043
Warm B,112526,731,730,2331,1396,1,0.012122261
Warm B,306219,1824,1823,2331,1396,1,0.009421922
Warm B,240180,1449,1448,2331,1396,0,0.018612113
Warm B,110878,721,720,2331,1396,0,0.010672964
Warm B,697457,4169,4168,2331,1396,0,0.010676399
Warm B,85607,558,557,2331,1396,0,0.007544294
Warm B,191060,1181,1180,2331,1396,0,0.011236186
Warm B,239027,1448,1447,2331,1396,1,0.007337483
Warm B,319397,1897,1896,2331,1396,1,0.009901377
Warm B,84261,550,549,2331,1396,1,0.01632854
Warm B,77609,524,523,2331,1396,1,0.024072181
Warm B,59070,402,401,2331,1396,0,0.005110474
Warm B,155371,1001,1000,2331,1396,1,0.006872245
Warm B,61159,412,411,2331,1396,1,0.0018650021
Warm B,58477,396,395,2331,1396,0,0.017525828
Warm B,228331,1383,1382,2331,1396,0,0.008359861
Warm B,49970,331,330,2331,1396,1,0.007506154
Warm B,78508,528,527,2331,1396,0,0.007991007
Warm B,132526,855,854,2331,1396,0,0.008703055
Warm B,47270,319,318,2331,1396,0,0.0085924715
Warm B,49206,329,328,2331,1396,1,0.016778933
Warm B,312914,1865,1864,2331,1396,1,0.0020531467
Warm B,31836,216,215,2331,1396,0,0.009343339
Warm B,60547,411,410,2331,1396,0,0.013355763
Warm B,337074,1983,1982,2331,1396,0,0.017546345
Warm B,21229,156,155,2331,1396,1,0.010650098
Warm B,9154,62,61,2331,1396,1,-0.00054277456
Warm B,6313,45,44,2331,1396,0,-0.0044434657
Warm B,4917,35,34,2331,1396,0,0.005854653
Warm B,79469,531,530,2331,1396,0,0.016795782
Warm B,330745,1952,1951,2331,1396,0,0.014839936
Warm B,20645,151,150,2331,1396,1,0.0019863406
Warm B,143688,927,926,2331,1396,0,0.0046063163
Warm B,860330,5172,5171,2331,1396,0,0.010399926
Warm B,485108,2986,2985,2331,1396,0,0.014886968
Warm B,964508,5812,5811,2331,1396,0,0.0048785172
Warm B,873864,5276,5275,2331,1396,0,-0.0064932457
Warm B,309648,1842,1841,2331,1396,1,0.0021710154
Warm B,11549,90,89,2331,1396,0,0.008612022
Warm B,609201,3693,3692,2331,1396,0,-0.0015881816
Warm B,179644,1125,1124,2331,1396,1,0.009415174
Warm B,223594,1354,1353,2331,1396,0,0.009436373
Warm B,413773,2489,2488,2331,1396,0,0.0118057085
Warm B,187678,1164,1163,2331,1396,1,0.0057246145
Warm B,375898,2190,2189,2331,1396,1,0.0065970295
Warm B,235037,1425,1424,2331,1396,1,0.0014658538
Warm B,464723,2864,2863,2337,1401,0,0.0017700838
Warm B,438621,2680,2679,2337,1401,0,0.010426019
Warm B,439424,2684,2683,2337,1401,0,-0.002571084
Warm B,426242,2589,2588,2337,1401,0,-0.005770386
Warm B,416680,2507,2506,2337,1401,1,0.011929779
Warm B,409234,2456,2455,2337,1401,1,0.0012167338
Warm B,464207,2860,2859,2337,1401,1,0.016530225
Warm B,363116,2116,2115,2337,1401,0,0.01470465
Warm B,351971,2063,2062,2337,1401,0,0.013084668
Warm B,294660,1750,1749,2337,1401,1,-0.003170671
Warm B,294352,1749,1748,2337,1401,1,0.01390527
Warm B,281548,1688,1687,2337,1401,0,0.007647517
Warm B,274422,1658,1657,2337,1401,0,0.0033182104
Warm B,310140,1845,1844,2337,1401,0,-0.0028356286
Warm B,279422,1680,1679,2337,1401,1,0.004820947
Warm B,280883,1685,1684,2337,1401,1,0.011007024
Warm B,264171,1607,1606,2337,1401,0,0.007834766
Warm B,244883,1474,1473,2337,1401,1,-0.0024459274
Warm B,242187,1460,1459,2337,1401,1,0.008619525
Warm B,631637,3821,3820,2337,1401,0,0.0017700319
Warm B,224207,1356,1355,2337,1401,1,0.005130848
Warm B,211594,1286,1285,2337,1401,1,-0.0033440897
Warm B,204053,1255,1254,2337,1401,0,-0.0043939967
Warm B,185402,1150,1149,2337,1401,0,0.0036816949
Warm B,263410,1605,1604,2337,1401,1,0.00961639
Warm B,168504,1069,1068,2337,1401,1,-0.0019208384
Warm B,270446,1636,1635,2337,1401,0,0.0068151904
Warm B,152135,978,977,2337,1401,1,0.0051246556
Warm B,146479,944,943,2337,1401,1,0.0020164205
Warm B,124522,801,800,2337,1401,1,0.005008484
Warm B,107341,706,705,2337,1401,1,-0.0065155723
Warm B,100880,673,672,2337,1401,1,-0.0037487193
Warm B,177012,1117,1116,2337,1401,1,0.0050081024
Warm B,90695,601,600,2337,1401,0,-0.007034462
Warm B,239031,1448,1447,2337,1401,0,0.0102251265
Warm B,360866,2106,2105,2337,1401,0,0.002313165
Warm B,34627,235,234,2337,1401,0,0.0043688514
Warm B,26285,187,186,2337,1401,1,0.011414005
Warm B,23017,166,165,2337,1401,1,0.013351184
Warm B,18439,145,144,2337,1401,0,-0.0018658042
Warm B,152488,981,980,2337,1401,0,0.006546903
Warm B,17429,136,135,2337,1401,1,-0.0059721125
Warm B,9533,63,62,2337,1401,0,0.0074864095
Warm B,259,5,4,2337,1401,1,0.0082730055
Warm B,223598,1354,1353,2337,1401,0,0.005516775
Warm B,686561,4107,4106,2337,1401,1,0.010332169
Warm B,158317,1015,1014,2337,1401,0,-0.0044836956
Warm B,893365,5394,5393,2337,1401,1,0.0105476035
Warm B,129473,839,838,2337,1401,1,0.0040788897
Warm B,844349,5074,5073,2337,1401,0,0.0011511187
Warm B,460732,2841,2840,2337,1401,0,0.012827699
Warm B,102350,678,677,2337,1401,0,0.012076853
Warm B,772955,4607,4606,2337,1401,0,0.010758081
Warm B,511892,3158,3157,2337,1401,1,0.0031272885
Warm B,187680,1164,1163,2337,1401,0,0.0027627856
Warm B,67483,453,452,2337,1401,1,0.0046068802
Warm B,287755,1717,1716,2337,1401,0,0.0014482554
Warm B,451788,2781,2780,2337,1401,0,0.00027364562
Warm B,479770,2944,2943,2337,1401,0,0.0038451173
Warm B,252553,1530,1529,2337,1401,0,0.009447271
Warm B,371723,2172,2171,2337,1401,0,0.014172228
Warm B,235041,1425,1424,2337,1401,1,0.0022902424
Warm B,535043,3301,3300,2337,1401,1,-0.0042238855
Warm B,208828,1274,1273,2337,1401,0,-0.0020243623
Warm B,96627,648,647,2337,1401,1,0.008567799
Warm B,13116,102,101,2337,1401,0,0.019210793
Warm B,279446,1680,1679,2347,1406,1,-0.0022444704
Warm B,248121,1497,1496,2347,1406,1,0.007813934
Warm B,244704,1473,1472,2347,1406,1,-0.0017174053
Warm B,283224,1696,1695,2347,1406,0,0.013903193
Warm B,241289,1451,1450,2347,1406,1,-0.0045528957
Warm B,337494,1984,1983,2347,1406,0,-0.00226362
Warm B,220686,1338,1337,2347,1406,1,-0.007090413
Warm B,713957,4277,4276,2347,1406,1,0.0054851808
Warm B,240200,1449,1448,2347,1406,1,-0.005852371
Warm B,97881,655,654,2347,1406,0,-0.00818555
Warm B,108069,710,709,2347,1406,1,0.0014273714
Warm B,480189,2946,2945,2347,1406,0,-0.010554044
Warm B,115441,749,748,2347,1406,1,-0.006637104
Warm B,228347,1383,1382,2347,1406,1,0.009551
Warm B,87913,577,576,2347,1406,1,-0.0029485063
Warm B,394237,2323,2322,2347,1406,0,0.006496888
Warm B,239051,1448,1447,2347,1406,1,0.005826761
Warm B,234173,1422,1421,2347,1406,0,-0.005680125
Warm B,86694,566,565,2347,1406,0,0.005341146
Warm B,68367,458,457,2347,1406,1,0.009917119
Warm B,61185,412,411,2347,1406,0,-0.005219438
Warm B,211061,1285,1284,2347,1406,1,-0.0045061368
Warm B,53541,352,351,2347,1406,1,0.0098061
Warm B,37549,256,255,2347,1406,1,0.008803463
Warm B,15456,123,122,2347,1406,0,-0.004633713
Warm B,11368,87,86,2347,1406,0,-0.0005348113
Warm B,485121,2986,2985,2347,1406,0,-0.002276138
Warm B,229664,1390,1389,2347,1406,1,0.0036107937
Warm B,633363,3824,3823,2347,1406,1,-0.0018830672
Warm B,298128,1767,1766,2347,1406,0,0.008569754
Warm B,156979,1010,1009,2347,1406,0,0.0019528347
Warm B,996603,6016,6015,2347,1406,0,0.003487947
Warm B,565641,3475,3474,2347,1406,1,0.0011237332
Warm B,908360,5493,5492,2347,1406,1,0.008563902
Warm B,821723,4940,4939,2347,1406,0,-0.003603524
Warm B,769308,4580,4579,2349,1408,1,0.00519065
Warm B,593982,3618,3617,2349,1408,0,0.0039288625
Warm B,589623,3596,3595,2349,1408,1,0.010395426
Warm B,576214,3521,3520,2349,1408,0,0.0067062546
Warm B,580559,3546,3545,2349,1408,1,0.0039658523
Warm B,554028,3410,3409,2349,1408,0,0.0033031965
Warm B,547991,3380,3379,2349,1408,0,0.012718156
Warm B,534729,3300,3299,2349,1408,0,0.0046095476
Warm B,522677,3224,3223,2349,1408,1,0.013820706
Warm B,513936,3171,3170,2349,1408,1,-0.004522459
Warm B,506760,3118,3117,2349,1408,1,0.013772595
Warm B,485122,2986,2985,2349,1408,1,0.013549448
Warm B,476817,2928,2927,2349,1408,0,0.017959446
Warm B,697484,4169,4168,2349,1408,1,0.011353749
Warm B,474737,2913,2912,2349,1408,1,0.010287695
Warm B,458039,2820,2819,2349,1408,0,0.0039436133
Warm B,455873,2807,2806,2349,1408,0,0.0049588825
Warm B,453832,2793,2792,2349,1408,1,0.012611732
Warm B,446453,2752,2751,2349,1408,1,0.0037527457
Warm B,446896,2753,2752,2349,1408,1,0.0065369625
Warm B,437764,2674,2673,2349,1408,1,-0.00065909466
Warm B,428401,2606,2605,2349,1408,1,0.007215256
Warm B,432167,2634,2633,2349,1408,1,0.0076604094
Warm B,419826,2537,2536,2349,1408,0,0.012175519
Warm B,403141,2407,2406,2349,1408,1,0.0081579
Warm B,402373,2402,2401,2349,1408,1,0.0029960326
Warm B,397877,2361,2360,2349,1408,1,0.0015989135
Warm B,428604,2608,2607,2349,1408,1,-2.9724557e-05
Warm B,394947,2333,2332,2349,1408,1,-0.00078223995
Warm B,389010,2279,2278,2349,1408,0,0.0032520895
Warm B,381691,2231,2230,2349,1408,0,0.015944324
Warm B,371308,2170,2169,2349,1408,1,0.010695297
Warm B,358100,2096,2095,2349,1408,0,0.00065259915
Warm B,346890,2034,2033,2349,1408,1,0.016449807
Warm B,325456,1926,1925,2349,1408,1,0.007781179
Warm B,320169,1899,1898,2349,1408,1,0.0040802145
Warm B,323207,1916,1915,2349,1408,0,0.012560076
Warm B,324991,1925,1924,2349,1408,1,-0.0023560808
Warm B,316884,1884,1883,2349,1408,1,0.0059796087
Warm B,295305,1753,1752,2349,1408,1,-0.0035509942
Warm B,284275,1698,1697,2349,1408,0,0.0018214653
Warm B,285971,1706,1705,2349,1408,0,0.008743267
Warm B,280891,1685,1684,2349,1408,1,0.009903947
Warm B,284879,1699,1698,2349,1408,1,0.012123377
Warm B,287171,1714,1713,2349,1408,1,0.004478172
Warm B,279449,1680,1679,2349,1408,1,0.008644399
Warm B,260127,1591,1590,2349,1408,1,0.0027449569
Warm B,246361,1489,1488,2349,1408,0,0.0017613163
Warm B,231685,1404,1403,2349,1408,1,-0.00544352
Warm B,357538,2092,2091,2349,1408,1,0.015499574
Warm B,217751,1321,1320,2349,1408,0,0.01107609
Warm B,208336,1273,1272,2349,1408,1,0.006771166
Warm B,220401,1335,1334,2349,1408,0,0.0023367917
Warm B,294357,1749,1748,2349,1408,0,0.005286046
Warm B,338200,1988,1987,2349,1408,0,0.010174918
Warm B,190039,1179,1178,2349,1408,0,0.014734469
Warm B,307520,1835,1834,2349,1408,0,0.0071850885
Warm B,199509,1224,1223,2349,1408,1,0.012812382
Warm B,293819,1748,1747,2349,1408,1,0.013418379
Warm B,191088,1181,1180,2349,1408,0,0.009906344
Warm B,158337,1015,1014,2349,1408,1,0.0044932663
Warm B,185425,1150,1149,2349,1408,0,0.004445177
Warm B,217131,1317,1316,2349,1408,1,0.012045322
Warm B,148347,955,954,2349,1408,1,0.0037194702
Warm B,260870,1594,1593,2349,1408,0,0.0029021245
Warm B,138446,889,888,2349,1408,1,0.006879094
Warm B,131214,850,849,2349,1408,1,-0.006627319
Warm B,374848,2185,2184,2349,1408,1,0.002168486
Warm B,298129,1767,1766,2349,1408,0,0.0024521155
Warm B,211063,1285,1284,2349,1408,1,0.016062686
Warm B,324478,1922,1921,2349,1408,1,0.0015653112
Warm B,112545,731,730,2349,1408,1,0.005811094
Warm B,106817,702,701,2349,1408,1,0.006251782
Warm B,240202,1449,1448,2349,1408,0,-0.0005074581
Warm B,314138,1875,1874,2349,1408,1,0.015270081
Warm B,222112,1343,1342,2349,1408,1,0.0048111044
Warm B,89307,588,587,2349,1408,1,0.0043442794
Warm B,83245,549,548,2349,1408,0,0.002284729
Warm B,84277,550,549,2349,1408,1,0.00031558098
Warm B,77630,524,523,2349,1408,1,-0.0029217429
Warm B,93997,630,629,2349,1408,1,0.009393291
Warm B,33372,225,224,2349,1408,0,-0.00062974484
Warm B,30803,205,204,2349,1408,0,0.014042033
Warm B,91977,611,610,2349,1408,1,-0.0030912617
Warm B,21943,161,160,2349,1408,1,0.001803989
Warm B,21480,157,156,2349,1408,1,0.01137696
Warm B,916920,5539,5538,2349,1408,0,0.009967356
Warm B,73489,498,497,2349,1408,0,-0.003737752
Warm B,7568,53,52,2349,1408,1,0.0050341208
Warm B,481895,2962,2961,2349,1408,0,-0.0031363415
Warm B,105182,696,695,2349,1408,0,0.01428284
Warm B,546117,3367,3366,2349,1408,1,0.0014646903
Warm B,490321,3017,3016,2349,1408,0,0.0024926355
Warm B,431093,2627,2626,2349,1408,1,0.0037671712
Warm B,460742,2841,2840,2349,1408,0,0.006741372
Warm B,24261,173,172,2349,1408,0,0.002524935
Warm B,290303,1733,1732,2349,1408,1,0.0027346523
Warm B,633364,3824,3823,2349,1408,0,0.003207569
Warm B,745414,4448,4447,2349,1408,1,0.0030357977
Warm B,50003,331,330,2349,1408,1,0.009158031
Warm B,208836,1274,1273,2349,1408,1,0.008572959
Warm B,249884,1505,1504,2349,1408,0,0.0038607763
Warm B,271808,1643,1642,2349,1408,1,0.019280877
Warm B,319411,1897,1896,2349,1408,1,0.010148514
Warm B,34644,235,234,2349,1408,1,-0.0064437557
Warm B,821725,4940,4939,2349,1408,1,0.005728645
Warm B,488151,3002,3001,2349,1408,1,0.0013257593
Warm B,546119,3367,3366,2351,1409,1,0.012318611
Warm B,497278,3054,3053,2351,1409,1,0.008576799
Warm B,482761,2967,2966,2351,1409,1,0.009054702
Warm B,601651,3658,3657,2351,1409,1,0.010665659
Warm B,456708,2811,2810,2351,1409,1,0.0050651925
Warm B,455875,2807,2806,2351,1409,1,0.010617968
Warm B,432168,2634,2633,2351,1409,1,0.02206743
Warm B,428606,2608,2607,2351,1409,1,0.0025582525
Warm B,368841,2156,2155,2351,1409,0,0.013028711
Warm B,364159,2121,2120,2351,1409,1,-0.00182223
Warm B,323209,1916,1915,2351,1409,1,0.009903288
Warm B,292389,1741,1740,2351,1409,1,0.025608838
Warm B,279456,1680,1679,2351,1409,0,0.017995892
Warm B,294360,1749,1748,2351,1409,1,0.009711518
Warm B,237431,1446,1445,2351,1409,0,0.022145681
Warm B,283225,1696,1695,2351,1409,1,0.019221738
Warm B,309941,1843,1842,2351,1409,1,0.0043950584
Warm B,211065,1285,1284,2351,1409,1,0.02009893
Warm B,214928,1303,1302,2351,1409,1,0.010669676
Warm B,208338,1273,1272,2351,1409,1,0.010556958
Warm B,182826,1140,1139,2351,1409,0,0.009998401
Warm B,169377,1075,1074,2351,1409,1,-0.0033246318
Warm B,191092,1181,1180,2351,1409,1,0.023323558
Warm B,162696,1038,1037,2351,1409,1,0.008575991
Warm B,160186,1019,1018,2351,1409,1,0.005832208
Warm B,158341,1015,1014,2351,1409,1,0.018864267
Warm B,169604,1077,1076,2351,1409,1,0.0033265897
Warm B,138451,889,888,2351,1409,1,0.019863274
Warm B,133451,862,861,2351,1409,1,0.020885585
Warm B,201623,1242,1241,2351,1409,1,0.011459772
Warm B,131217,850,849,2351,1409,1,0.008287128
Warm B,284278,1698,1697,2351,1409,1,0.0154838525
Warm B,67047,451,450,2351,1409,1,0.00884211
Warm B,481897,2962,2961,2351,1409,0,0.01416956
Warm B,235053,1425,1424,2351,1409,1,0.0123156775
Warm B,592036,3610,3609,2351,1409,0,0.008344284
Warm B,206957,1266,1265,2351,1409,1,0.023197807
Warm B,74326,507,506,2351,1409,0,-0.00105263
Warm B,524426,3233,3232,2351,1409,1,0.00627933
Warm B,284880,1699,1698,2351,1409,1,0.01153286
Warm B,739568,4418,4417,2351,1409,0,0.005889915
Warm B,208838,1274,1273,2351,1409,1,0.015007695
Warm B,841520,5054,5053,2351,1409,0,0.020997819
Warm B,24267,173,172,2351,1409,1,0.014249145
Warm B,508255,3128,3127,2351,1409,1,0.010693341
Warm B,290307,1733,1732,2351,1409,1,0.019163825
Warm B,322469,1912,1911,2351,1409,0,0.01522514
Warm B,59905,408,407,2351,1409,1,0.00660091
Warm B,223081,1352,1351,2351,1409,1,0.011503226
Warm B,769063,4579,4578,2351,1409,1,0.0038410015
Warm B,171772,1088,1087,2351,1409,0,0.018762302
Warm B,584750,3569,3568,2354,1412,0,0.024908949
Warm B,494261,3032,3031,2354,1412,1,0.011858461
Warm B,488708,3007,3006,2354,1412,0,0.0040672366
Warm B,487585,2999,2998,2354,1412,0,0.0025216914
Warm B,498808,3065,3064,2354,1412,0,0.01875789
Warm B,478131,2934,2933,2354,1412,0,0.026437037
Warm B,646732,3892,3891,2354,1412,0,0.023355244
Warm B,445620,2748,2747,2354,1412,1,0.014467048
Warm B,423476,2566,2565,2354,1412,0,0.011614669
Warm B,423196,2565,2564,2354,1412,0,0.01493586
Warm B,419295,2533,2532,2354,1412,0,0.007690814
Warm B,418773,2529,2528,2354,1412,1,0.015252513
Warm B,409688,2457,2456,2354,1412,1,0.022049516
Warm B,400994,2389,2388,2354,1412,1,0.018921113
Warm B,399535,2378,2377,2354,1412,0,0.007442909
Warm B,373485,2180,2179,2354,1412,0,0.01872176
Warm B,367756,2147,2146,2354,1412,0,0.017663399
Warm B,361286,2108,2107,2354,1412,0,0.008321508
Warm B,361723,2109,2108,2354,1412,0,0.020259075
Warm B,351998,2063,2062,2354,1412,0,0.026271284
Warm B,345836,2029,2028,2354,1412,0,0.005719993
Warm B,339790,2003,2002,2354,1412,1,0.00719676
Warm B,333914,1969,1968,2354,1412,1,0.013567441
Warm B,321867,1910,1909,2354,1412,1,0.005332466
Warm B,288121,1721,1720,2354,1412,0,0.009283455
Warm B,281314,1687,1686,2354,1412,0,0.015776865
Warm B,273043,1647,1646,2354,1412,1,0.029772723
Warm B,270026,1635,1634,2354,1412,1,0.029226493
Warm B,265860,1613,1612,2354,1412,0,0.027181067
Warm B,247343,1495,1494,2354,1412,0,0.00927493
Warm B,236415,1434,1433,2354,1412,1,0.014706463
Warm B,228955,1387,1386,2354,1412,0,0.01984229
Warm B,336049,1980,1979,2354,1412,0,0.02504972
Warm B,224216,1356,1355,2354,1412,0,0.008678537
Warm B,320173,1899,1898,2354,1412,0,0.02283997
Warm B,216230,1312,1311,2354,1412,0,0.015845526
Warm B,216445,1314,1313,2354,1412,0,-0.0016680316
Warm B,207772,1271,1270,2354,1412,1,0.020131756
Warm B,592039,3610,3609,2354,1412,0,0.013341423
Warm B,201170,1241,1240,2354,1412,1,0.011219082
Warm B,261821,1599,1598,2354,1412,0,0.024405092
Warm B,193218,1193,1192,2354,1412,0,0.006412694
Warm B,248884,1501,1500,2354,1412,0,0.015761938
Warm B,272255,1645,1644,2354,1412,1,0.019333038
Warm B,342574,2015,2014,2354,1412,0,0.021460434
Warm B,165483,1054,1053,2354,1412,0,0.012665525
Warm B,149250,960,959,2354,1412,0,0.018975146
Warm B,139426,891,890,2354,1412,0,0.018579876
Warm B,133773,866,865,2354,1412,0,0.0058864267
Warm B,134375,869,868,2354,1412,0,0.021189664
Warm B,332716,1962,1961,2354,1412,0,0.015678212
Warm B,127315,822,821,2354,1412,1,0.015711764
Warm B,125762,809,808,2354,1412,0,0.005331764
Warm B,124278,800,799,2354,1412,1,0.032096505
Warm B,124952,802,801,2354,1412,1,0.014143618
Warm B,120471,777,776,2354,1412,0,0.014711088
Warm B,139210,890,889,2354,1412,0,0.005572172
Warm B,163300,1044,1043,2354,1412,1,0.009764645
Warm B,102936,681,680,2354,1412,1,0.012919252
Warm B,335192,1978,1977,2354,1412,0,0.021324389
Warm B,93826,629,628,2354,1412,0,-0.001740908
Warm B,86161,563,562,2354,1412,0,0.018775387
Warm B,183261,1141,1140,2354,1412,0,0.020932032
Warm B,83251,549,548,2354,1412,1,0.016490892
Warm B,73129,494,493,2354,1412,1,0.010402818
Warm B,66850,449,448,2354,1412,0,0.002321285
Warm B,46407,310,309,2354,1412,1,0.013825283
Warm B,36854,246,245,2354,1412,1,0.0155539345
Warm B,404033,2414,2413,2354,1412,1,0.014517563
Warm B,14058,114,113,2354,1412,0,0.001521253
Warm B,15006,119,118,2354,1412,1,0.0046929494
Warm B,10470,75,74,2354,1412,1,0.009209631
Warm B,79492,531,530,2354,1412,0,0.021683216
Warm B,45334,306,305,2354,1412,0,0.028438743
Warm B,109850,716,715,2354,1412,0,0.012485769
Warm B,178199,1120,1119,2354,1412,1,0.016156554
Warm B,489669,3013,3012,2354,1412,0,0.012436169
Warm B,562654,3462,3461,2354,1412,1,0.0030702478
Warm B,717100,4294,4293,2354,1412,0,0.0037036706
Warm B,171776,1088,1087,2354,1412,0,0.01558519
Warm B,924157,5580,5579,2354,1412,0,0.024549171
Warm B,265864,1613,1612,2356,1414,0,0.020189065
Warm B,223623,1354,1353,2356,1414,0,0.010179569
Warm B,217494,1318,1317,2356,1414,1,0.0064074807
Warm B,212969,1297,1296,2356,1414,0,0.010611932
Warm B,200762,1233,1232,2356,1414,0,0.009430981
Warm B,189021,1172,1171,2356,1414,0,0.01072671
Warm B,211070,1285,1284,2356,1414,1,0.018417554
Warm B,201624,1242,1241,2356,1414,0,0.016121563
Warm B,332719,1962,1961,2356,1414,0,0.008357986
Warm B,112551,731,730,2356,1414,1,0.012987062
Warm B,97888,655,654,2356,1414,0,0.008302103
Warm B,329406,1943,1942,2356,1414,0,0.020988822
Warm B,215588,1306,1305,2356,1414,1,0.009916076
Warm B,673311,4042,4041,2356,1414,0,0.015426851
Warm B,90701,601,600,2356,1414,1,0.0077919997
Warm B,77637,524,523,2356,1414,1,0.02609348
Warm B,88865,587,586,2356,1414,0,0.010748055
Warm B,116331,752,751,2356,1414,0,0.023392543
Warm B,53565,352,351,2356,1414,1,0.018030323
Warm B,697492,4169,4168,2356,1414,0,0.02040289
Warm B,60593,411,410,2356,1414,0,0.01141259
Warm B,33385,225,224,2356,1414,0,0.020557448
Warm B,17448,136,135,2356,1414,1,0.009794566
Warm B,6358,45,44,2356,1414,0,0.01090648
Warm B,748049,4465,4464,2356,1414,0,0.0054743555
Warm B,485127,2986,2985,2356,1414,0,0.020347638
Warm B,371033,2168,2167,2356,1414,0,0.017675137
Warm B,879398,5312,5311,2356,1414,0,0.018830467
Warm B,893377,5394,5393,2356,1414,1,0.01463776
Warm B,257750,1579,1578,2356,1414,0,0.0073101074
Warm B,811427,4867,4866,2356,1414,1,0.010863897
Warm B,413235,2485,2484,2356,1414,0,0.008542796
Warm B,461556,2847,2846,2356,1414,1,0.014394531
Warm B,810421,4861,4860,2356,1414,1,0.0111256065
Warm B,841523,5054,5053,2356,1414,0,0.01101445
Warm B,863425,5198,5197,2356,1414,0,0.012806373
Warm B,479508,2942,2941,2360,1417,0,0.012278421
Warm B,546124,3367,3366,2360,1417,1,0.015856303
Warm B,475556,2918,2917,2360,1417,1,0.011829476
Warm B,880160,5317,5316,2360,1417,1,0.013507498
Warm B,465712,2872,2871,2360,1417,1,0.029809166
Warm B,458950,2825,2824,2360,1417,1,0.0063248477
Warm B,571449,3504,3503,2360,1417,1,0.018297821
Warm B,416705,2507,2506,2360,1417,1,0.022768626
Warm B,368085,2149,2148,2360,1417,1,0.020532949
Warm B,342587,2015,2014,2360,1417,0,0.00639206
Warm B,321507,1905,1904,2360,1417,1,-0.00037122384
Warm B,313343,1869,1868,2360,1417,1,0.010383155
Warm B,321054,1903,1902,2360,1417,1,0.009713086
Warm B,310323,1847,1846,2360,1417,1,0.0066882954
Warm B,290322,1733,1732,2360,1417,1,0.019984707
Warm B,269095,1632,1631,2360,1417,1,0.022412974
Warm B,262707,1602,1601,2360,1417,1,0.0067951595
Warm B,246905,1491,1490,2360,1417,1,0.0207829
Warm B,294365,1749,1748,2360,1417,1,0.0042575668
Warm B,237197,1442,1441,2360,1417,1,0.015824996
Warm B,226691,1374,1373,2360,1417,1,0.011275085
Warm B,308099,1836,1835,2360,1417,0,0.020856934
Warm B,187695,1164,1163,2360,1417,1,0.015537459
Warm B,168536,1069,1068,2360,1417,1,0.017086443
Warm B,152494,981,980,2360,1417,1,0.027239148
Warm B,150082,966,965,2360,1417,1,0.018355586
Warm B,148785,957,956,2360,1417,1,0.007533778
Warm B,147769,952,951,2360,1417,1,0.0054275184
Warm B,138469,889,888,2360,1417,1,0.015707884
Warm B,131221,850,849,2360,1417,1,0.012878142
Warm B,107349,706,705,2360,1417,0,0.005000066
Warm B,100894,673,672,2360,1417,1,0.0065815635
Warm B,97891,655,654,2360,1417,0,0.014475409
Warm B,90014,593,592,2360,1417,1,0.009417495
Warm B,889334,5367,5366,2360,1417,1,0.012576893
Warm B,45850,308,307,2360,1417,1,0.02147773
Warm B,34661,235,234,2360,1417,1,0.01381071
Warm B,33392,225,224,2360,1417,1,0.021271788
Warm B,21953,161,160,2360,1417,1,0.0076008528
Warm B,748051,4465,4464,2360,1417,1,0.0025568719
Warm B,17922,138,137,2360,1417,1,0.010185976
Warm B,24279,173,172,2360,1417,1,0.0085611055
Warm B,23589,169,168,2360,1417,0,0.022653352
Warm B,261213,1597,1596,2360,1417,1,0.017139064
Warm B,460751,2841,2840,2360,1417,1,0.01416236
Warm B,713975,4277,4276,2360,1417,1,0.03179943
Warm B,28010,195,194,2360,1417,1,0.021380516
Warm B,548717,3387,3386,2360,1417,1,0.013602479
Warm B,19889,149,148,2360,1417,1,0.01677267
Warm B,232567,1413,1412,2360,1417,1,0.011654795
Warm B,485135,2986,2985,2360,1417,0,0.032473616
Warm B,497288,3054,3053,2360,1417,1,0.017362382
Warm B,223083,1352,1351,2360,1417,1,0.0139175095
Warm B,27525,193,192,2360,1417,1,0.016744412
Warm B,116344,752,751,2360,1417,1,0.024298374
Warm B,322481,1912,1911,2360,1417,0,0.014847636
Warm B,511908,3158,3157,2360,1417,1,0.013423899
Warm B,604334,3675,3674,2361,1418,1,-0.003598548
Warm B,726017,4344,4343,2361,1418,0,-0.0004109647
Warm B,632047,3822,3821,2361,1418,0,-0.0062237303
Warm B,587990,3589,3588,2361,1418,0,0.0077011785
Warm B,586205,3578,3577,2361,1418,0,-0.0010041887
Warm B,595276,3621,3620,2361,1418,0,0.0013737681
Warm B,580566,3546,3545,2361,1418,0,0.0016912245
Warm B,610645,3704,3703,2361,1418,1,0.0039013876
Warm B,556103,3417,3416,2361,1418,1,-0.0038924878
Warm B,554035,3410,3409,2361,1418,1,-0.008099317
Warm B,613656,3717,3716,2361,1418,1,-0.00818984
Warm B,547210,3374,3373,2361,1418,0,0.0020794757
Warm B,540395,3323,3322,2361,1418,0,-0.00027223048
Warm B,536097,3308,3307,2361,1418,1,-0.0053191306
Warm B,544118,3353,3352,2361,1418,1,0.0032210967
Warm B,522699,3224,3223,2361,1418,1,-0.0008902573
Warm B,518248,3198,3197,2361,1418,1,-0.010052195
Warm B,527512,3261,3260,2361,1418,0,-0.008088911
Warm B,510470,3145,3144,2361,1418,1,-0.008719593
Warm B,508263,3128,3127,2361,1418,1,0.0044891564
Warm B,571121,3503,3502,2361,1418,0,-0.0035565249
Warm B,500276,3072,3071,2361,1418,0,-0.01099959
Warm B,482773,2967,2966,2361,1418,1,0.0037848414
Warm B,476820,2928,2927,2361,1418,0,0.0011612624
Warm B,475155,2916,2915,2361,1418,0,-0.0055999095
Warm B,601654,3658,3657,2361,1418,1,-0.0021864553
Warm B,462641,2854,2853,2361,1418,1,0.0040773074
Warm B,459413,2829,2828,2361,1418,0,0.007778165
Warm B,458052,2820,2819,2361,1418,1,-0.004243189
Warm B,439621,2685,2684,2361,1418,0,-0.0015987782
Warm B,434457,2649,2648,2361,1418,0,-0.00866452
Warm B,416708,2507,2506,2361,1418,1,-0.0073469137
Warm B,464222,2860,2859,2361,1418,1,-0.0013901587
Warm B,381695,2231,2230,2361,1418,1,-0.005687136
Warm B,394240,2323,2322,2361,1418,1,0.0003276919
Warm B,342034,2014,2013,2361,1418,1,0.0022171205
Warm B,325465,1926,1925,2361,1418,1,-0.006247893
Warm B,298348,1768,1767,2361,1418,0,0.007700447
Warm B,290324,1733,1732,2361,1418,0,0.010376293
Warm B,285976,1706,1705,2361,1418,1,-0.0049392353
Warm B,279478,1680,1679,2361,1418,1,-0.004850807
Warm B,284884,1699,1698,2361,1418,0,0.00043972628
Warm B,281319,1687,1686,2361,1418,1,-0.005126493
Warm B,274442,1658,1657,2361,1418,1,0.003310978
Warm B,280903,1685,1684,2361,1418,0,-0.0047002416
Warm B,269096,1632,1631,2361,1418,0,-0.005840347
Warm B,264180,1607,1606,2361,1418,0,-0.0058796597
Warm B,631660,3821,3820,2361,1418,0,-0.0013025845
Warm B,336065,1980,1979,2361,1418,1,-0.0070755566
Warm B,312388,1861,1860,2361,1418,0,-0.006360154
Warm B,220407,1335,1334,2361,1418,1,-0.0025840905
Warm B,308101,1836,1835,2361,1418,0,-0.012204362
Warm B,321909,1911,1910,2361,1418,0,0.0043523815
Warm B,199111,1223,1222,2361,1418,1,0.0003857942
Warm B,188093,1167,1166,2361,1418,0,0.0007329441
Warm B,190041,1179,1178,2361,1418,0,-0.0044536507
Warm B,182829,1140,1139,2361,1418,0,-0.0068204966
Warm B,173726,1100,1099,2361,1418,1,0.00085248565
Warm B,157526,1013,1012,2361,1418,0,-0.00028538425
Warm B,158359,1015,1014,2361,1418,0,0.002292911
Warm B,337093,1983,1982,2361,1418,1,-0.0068678777
Warm B,185447,1150,1149,2361,1418,0,-0.00042485888
Warm B,142454,919,918,2361,1418,1,-0.0018567017
Warm B,217148,1317,1316,2361,1418,1,-0.0036436303
Warm B,260873,1594,1593,2361,1418,0,-0.0014226664
Warm B,140298,899,898,2361,1418,0,-0.00056047726
Warm B,138473,889,888,2361,1418,0,0.0025524367
Warm B,131223,850,849,2361,1418,1,-0.0040886668
Warm B,160197,1019,1018,2361,1418,0,-0.0037266072
Warm B,112565,731,730,2361,1418,0,-0.0028759479
Warm B,284294,1698,1697,2361,1418,1,-0.0060734455
Warm B,90707,601,600,2361,1418,1,-0.00041653542
Warm B,99586,664,663,2361,1418,1,-0.00019057933
Warm B,75571,514,513,2361,1418,0,-0.0061330465
Warm B,116346,752,751,2361,1418,0,-0.0053601894
Warm B,63719,425,424,2361,1418,0,-0.0013380272
Warm B,57118,386,385,2361,1418,0,0.0047963858
Warm B,240224,1449,1448,2361,1418,1,-0.0070739314
Warm B,211081,1285,1284,2361,1418,0,-0.0015537101
Warm B,363156,2116,2115,2361,1418,0,-0.00022891734
Warm B,31924,216,215,2361,1418,0,0.00029480865
Warm B,27527,193,192,2361,1418,0,-0.0005726903
Warm B,18058,139,138,2361,1418,1,0.0056315917
Warm B,17453,136,135,2361,1418,1,-0.003703915
Warm B,16838,132,131,2361,1418,0,-0.008336034
Warm B,24864,175,174,2361,1418,0,0.004256485
Warm B,21495,157,156,2361,1418,0,-0.01355273
Warm B,713977,4277,4276,2361,1418,1,0.0002932297
Warm B,467372,2880,2879,2361,1418,1,0.0015188523
Warm B,294956,1752,1751,2361,1418,1,-0.00017833943
Warm B,924161,5580,5579,2361,1418,1,-0.013689257
Warm B,50600,333,332,2361,1418,0,0.009679333
Warm B,130553,846,845,2361,1418,1,-0.0010874216
Warm B,745427,4448,4447,2361,1418,1,0.0028363208
Warm B,310746,1851,1850,2361,1418,0,-0.00308251
Warm B,821728,4940,4939,2361,1418,1,0.0097941775
Warm B,555054,3413,3412,2361,1418,0,-0.0018477277
Warm B,748331,4467,4466,2361,1418,1,-0.0066689886
Warm B,529177,3271,3270,2364,1420,0,0.003737717
Warm B,525102,3242,3241,2364,1420,0,0.004189741
Warm B,514572,3178,3177,2364,1420,1,0.0017842846
Warm B,494274,3032,3031,2364,1420,1,0.009412186
Warm B,463399,2857,2856,2364,1420,0,0.010400938
Warm B,434458,2649,2648,2364,1420,0,0.010635922
Warm B,418135,2526,2525,2364,1420,0,0.002092111
Warm B,408954,2455,2454,2364,1420,0,-0.00019921293
Warm B,406998,2445,2444,2364,1420,0,-0.005346599
Warm B,402380,2402,2401,2364,1420,0,0.0010657258
Warm B,392304,2304,2303,2364,1420,0,0.0028196764
Warm B,370746,2167,2166,2364,1420,0,-0.0045877723
Warm B,374186,2181,2180,2364,1420,0,0.01582637
Warm B,342592,2015,2014,2364,1420,0,0.0059379074
Warm B,311581,1856,1855,2364,1420,1,0.002813819
Warm B,297080,1761,1760,2364,1420,1,0.007067482
Warm B,300426,1780,1779,2364,1420,0,0.011653961
Warm B,292398,1741,1740,2364,1420,1,0.0023999442
Warm B,288941,1726,1725,2364,1420,1,-0.003719639
Warm B,277039,1675,1674,2364,1420,0,0.00093188323
Warm B,265164,1611,1610,2364,1420,1,0.0067381524
Warm B,261413,1598,1597,2364,1420,0,0.0045981174
Warm B,244708,1473,1472,2364,1420,0,0.0095144
Warm B,242872,1465,1464,2364,1420,0,0.011797192
Warm B,336067,1980,1979,2364,1420,0,0.005887769
Warm B,273055,1647,1646,2364,1420,0,0.010296507
Warm B,279482,1680,1679,2364,1420,1,0.015246914
Warm B,307534,1835,1834,2364,1420,1,0.01650853
Warm B,276665,1673,1672,2364,1420,0,0.0034271614
Warm B,170559,1086,1085,2364,1420,1,0.015694465
Warm B,275605,1667,1666,2364,1420,0,0.004035698
Warm B,133034,858,857,2364,1420,1,0.0010829847
Warm B,123927,798,797,2364,1420,0,0.010981132
Warm B,107191,705,704,2364,1420,0,0.018880436
Warm B,97095,651,650,2364,1420,0,0.003870434
Warm B,152317,980,979,2364,1420,0,0.0028018467
Warm B,352019,2063,2062,2364,1420,0,0.009873714
Warm B,713980,4277,4276,2364,1420,0,0.007962047
Warm B,86169,563,562,2364,1420,0,0.0065836012
Warm B,84298,550,549,2364,1420,0,0.008089915
Warm B,70462,475,474,2364,1420,1,0.004055156
Warm B,70833,476,475,2364,1420,1,-0.0034685216
Warm B,72147,482,481,2364,1420,0,0.012594516
Warm B,440166,2691,2690,2364,1420,0,0.0026018214
Warm B,26124,186,185,2364,1420,1,0.0010832229
Warm B,270040,1635,1634,2364,1420,1,0.012767319
Warm B,14415,117,116,2364,1420,0,0.0068233204
Warm B,11911,92,91,2364,1420,0,0.014706472
Warm B,8414,58,57,2364,1420,1,0.008268536
Warm B,530297,3274,3273,2364,1420,0,-0.0002864832
Warm B,174220,1101,1100,2364,1420,0,0.012645515
Warm B,626879,3792,3791,2364,1420,0,0.016976874
Warm B,967407,5831,5830,2364,1420,0,0.02128894
Warm B,328313,1941,1940,2364,1420,0,0.0081213005
Warm B,596685,3626,3625,2364,1420,0,0.0013569929
Warm B,633377,3824,3823,2364,1420,0,0.009047701
Warm B,489678,3013,3012,2364,1420,0,0.004295625
Warm B,136693,881,880,2364,1420,0,0.007959215
Warm B,63084,424,423,2364,1420,0,0.012615725
Warm B,879403,5312,5311,2364,1420,1,0.011820804
Warm B,718966,4305,4304,2364,1420,0,0.011666522
Warm B,621262,3762,3761,2365,1421,0,0.009254267
Warm B,623442,3771,3770,2365,1421,0,0.014176947
Warm B,602108,3662,3661,2365,1421,0,0.007713439
Warm B,598881,3646,3645,2365,1421,0,0.009013138
Warm B,595279,3621,3620,2365,1421,0,0.013088062
Warm B,586467,3579,3578,2365,1421,1,0.0138527965
Warm B,728482,4354,4353,2365,1421,1,0.014981225
Warm B,572647,3508,3507,2365,1421,1,-0.0059416527
Warm B,657153,3961,3960,2365,1421,0,0.0017652267
Warm B,566331,3476,3475,2365,1421,0,0.003722299
Warm B,509856,3140,3139,2365,1421,0,0.0011119965
Warm B,494277,3032,3031,2365,1421,1,0.0122238565
Warm B,697512,4169,4168,2365,1421,0,0.020739943
Warm B,475956,2921,2920,2365,1421,0,0.0024925321
Warm B,472687,2907,2906,2365,1421,0,0.0174625
Warm B,463401,2857,2856,2365,1421,0,0.014063243
Warm B,457122,2816,2815,2365,1421,0,0.017939445
Warm B,411079,2466,2465,2365,1421,0,0.0025056512
Warm B,407000,2445,2444,2365,1421,1,-0.0028816513
Warm B,402382,2402,2401,2365,1421,0,-0.006321544
Warm B,389013,2279,2278,2365,1421,0,0.0052404385
Warm B,373491,2180,2179,2365,1421,0,0.014418978
Warm B,370747,2167,2166,2365,1421,0,0.0044189403
Warm B,366719,2137,2136,2365,1421,0,0.012670597
Warm B,361741,2109,2108,2365,1421,0,0.010033974
Warm B,374187,2181,2180,2365,1421,0,0.009384619
Warm B,337095,1983,1982,2365,1421,0,0.012924234
Warm B,334661,1974,1973,2365,1421,1,0.010105304
Warm B,327216,1939,1938,2365,1421,0,0.00869288
Warm B,301316,1790,1789,2365,1421,0,0.0076153344
Warm B,293223,1746,1745,2365,1421,0,0.008371118
Warm B,297584,1764,1763,2365,1421,1,0.0030712779
Warm B,300427,1780,1779,2365,1421,0,0.015372628
Warm B,285379,1701,1700,2365,1421,0,0.013980236
Warm B,269100,1632,1631,2365,1421,0,0.013414917
Warm B,265166,1611,1610,2365,1421,1,0.013969897
Warm B,261414,1598,1597,2365,1421,0,0.015131889
Warm B,436523,2665,2664,2365,1421,0,0.018564247
Warm B,244709,1473,1472,2365,1421,0,0.010454961
Warm B,224976,1360,1359,2365,1421,1,0.010081255
Warm B,267252,1624,1623,2365,1421,0,0.013179831
Warm B,216233,1312,1311,2365,1421,0,-0.0020736193
Warm B,273057,1647,1646,2365,1421,1,0.010677174
Warm B,279485,1680,1679,2365,1421,1,0.009591382
Warm B,189835,1177,1176,2365,1421,0,0.0034813075
Warm B,175616,1112,1111,2365,1421,0,0.01764907
Warm B,275607,1667,1666,2365,1421,0,0.012346423
Warm B,155944,1004,1003,2365,1421,0,0.009455343
Warm B,123929,798,797,2365,1421,0,0.0005028363
Warm B,114496,744,743,2365,1421,0,0.0077867806
Warm B,107192,705,704,2365,1421,0,0.012239987
Warm B,95491,639,638,2365,1421,0,0.016942948
Warm B,90958,602,601,2365,1421,0,0.005933799
Warm B,86170,563,562,2365,1421,0,0.014782039
Warm B,82275,546,545,2365,1421,0,0.0027529844
Warm B,78130,526,525,2365,1421,0,0.020626295
Warm B,70835,476,475,2365,1421,1,0.011677813
Warm B,70464,475,474,2365,1421,0,0.0031399063
Warm B,72149,482,481,2365,1421,1,0.014991193
Warm B,75944,516,515,2365,1421,0,0.0024044164
Warm B,53581,352,351,2365,1421,0,0.01056046
Warm B,28738,198,197,2365,1421,0,0.009321681
Warm B,15165,121,120,2365,1421,1,0.012142585
Warm B,14417,117,116,2365,1421,1,0.0041011935
Warm B,8416,58,57,2365,1421,1,0.009641776
Warm B,389465,2282,2281,2365,1421,0,0.017477008
Warm B,161372,1029,1028,2365,1421,0,0.012642951
Warm B,552452,3401,3400,2365,1421,0,0.012068686
Warm B,432770,2638,2637,2365,1421,0,0.016480222
Warm B,626881,3792,3791,2365,1421,0,0.010601401
Warm B,879404,5312,5311,2365,1421,0,0.008179467
Warm B,261214,1597,1596,2365,1421,0,0.00089005963
Warm B,514573,3178,3177,2365,1421,0,0.00046297908
Warm B,287772,1717,1716,2365,1421,1,0.0042949533
Warm B,136695,881,880,2365,1421,1,0.0059764716
Warm B,495167,3038,3037,2365,1421,1,-0.003623541
Warm B,623450,3771,3770,2370,1425,0,0.011161221
Warm B,633389,3824,3823,2370,1425,1,0.015914775
Warm B,596698,3626,3625,2370,1425,0,0.0042018434
Warm B,587998,3589,3588,2370,1425,0,0.003876439
Warm B,581788,3555,3554,2370,1425,1,0.011103373
Warm B,577958,3529,3528,2370,1425,0,-0.0064992383
Warm B,745436,4448,4447,2370,1425,1,0.0104851
Warm B,572262,3507,3506,2370,1425,0,0.018049156
Warm B,569323,3491,3490,2370,1425,1,0.00634556
Warm B,549129,3389,3388,2370,1425,0,0.0069340416
Warm B,531487,3281,3280,2370,1425,0,0.014043406
Warm B,525106,3242,3241,2370,1425,1,0.0128293615
Warm B,522712,3224,3223,2370,1425,1,0.0084547885
Warm B,539969,3320,3319,2370,1425,1,0.010044698
Warm B,521492,3217,3216,2370,1425,0,0.012313726
Warm B,490841,3018,3017,2370,1425,1,0.018478235
Warm B,529827,3272,3271,2370,1425,1,0.008983101
Warm B,753516,4489,4488,2370,1425,0,0.0098015675
Warm B,697529,4169,4168,2370,1425,0,0.02161374
Warm B,738476,4411,4410,2370,1425,0,0.008884682
Warm B,473812,2909,2908,2370,1425,1,0.020366682
Warm B,852913,5113,5112,2370,1425,0,0.0069112633
Warm B,754950,4497,4496,2370,1425,1,0.009656389
Warm B,446461,2752,2751,2370,1425,0,0.008141646
Warm B,833074,5008,5007,2370,1425,1,0.00812435
Warm B,424524,2575,2574,2370,1425,0,0.010010573
Warm B,609693,3695,3694,2370,1425,1,0.016475223
Warm B,400125,2382,2381,2370,1425,1,0.005388161
Warm B,398282,2368,2367,2370,1425,0,3.3624237e-05
Warm B,418791,2529,2528,2370,1425,0,0.011362331
Warm B,387571,2265,2264,2370,1425,1,-0.0006934209
Warm B,369977,2164,2163,2370,1425,1,0.0034102164
Warm B,356452,2088,2087,2370,1425,1,0.009606607
Warm B,380854,2225,2224,2370,1425,0,0.008791337
Warm B,298351,1768,1767,2370,1425,0,0.009540109
Warm B,290948,1736,1735,2370,1425,1,0.015051352
Warm B,292405,1741,1740,2370,1425,1,0.01663678
Warm B,289395,1727,1726,2370,1425,1,0.01387202
Warm B,269109,1632,1631,2370,1425,0,0.010662813
Warm B,350751,2059,2058,2370,1425,1,-0.009888244
Warm B,241308,1451,1450,2370,1425,0,0.004688912
Warm B,336080,1980,1979,2370,1425,0,0.011027543
Warm B,279504,1680,1679,2370,1425,0,0.017437827
Warm B,193749,1194,1193,2370,1425,1,0.0038220664
Warm B,186657,1155,1154,2370,1425,0,0.007174051
Warm B,180373,1128,1127,2370,1425,0,0.009735624
Warm B,180012,1127,1126,2370,1425,0,0.0020460142
Warm B,328336,1941,1940,2370,1425,0,0.005816305
Warm B,275613,1667,1666,2370,1425,1,0.015631974
Warm B,158376,1015,1014,2370,1425,1,0.008490216
Warm B,151014,971,970,2370,1425,0,0.008711258
Warm B,151652,975,974,2370,1425,1,0.0033053285
Warm B,142457,919,918,2370,1425,1,0.008079155
Warm B,204223,1257,1256,2370,1425,0,0.0042674867
Warm B,135709,877,876,2370,1425,0,0.016927674
Warm B,331726,1958,1957,2370,1425,0,0.010426744
Warm B,135049,873,872,2370,1425,1,0.004375659
Warm B,315367,1880,1879,2370,1425,1,0.0042605847
Warm B,211093,1285,1284,2370,1425,1,0.018248381
Warm B,320188,1899,1898,2370,1425,0,0.015604684
Warm B,98440,659,658,2370,1425,0,0.010579484
Warm B,97899,655,654,2370,1425,0,0.005072264
Warm B,85837,560,559,2370,1425,0,0.008296296
Warm B,84309,550,549,2370,1425,0,0.002185507
Warm B,80273,533,532,2370,1425,0,0.011088277
Warm B,50852,335,334,2370,1425,1,0.009722637
Warm B,42735,293,292,2370,1425,1,0.00669776
Warm B,36357,245,244,2370,1425,0,0.0064804563
Warm B,19305,148,147,2370,1425,1,0.00051828567
Warm B,2171,18,17,2370,1425,1,0.0039477292
Warm B,49294,329,328,2370,1425,0,0.00796275
Warm B,1441,13,12,2370,1425,1,0.0047236765
Warm B,18653,146,145,2370,1425,1,0.010926323
Warm B,10206,73,72,2370,1425,1,0.01041531
Warm B,249895,1505,1504,2370,1425,0,0.011281444
Warm B,102391,678,677,2370,1425,1,0.007395261
Warm B,28033,195,194,2370,1425,1,0.013921413
Warm B,964531,5812,5811,2370,1425,0,0.011887768
Warm B,903027,5458,5457,2370,1425,1,0.012473128
Warm B,63098,424,423,2370,1425,0,0.011013949
Warm B,657588,3963,3962,2370,1425,1,0.008761176
Warm B,858032,5156,5155,2370,1425,1,0.019224582
Warm B,665905,4007,4006,2373,1428,1,0.0064751348
Warm B,662034,3992,3991,2373,1428,0,0.0071293027
Warm B,651505,3929,3928,2373,1428,0,0.0036429097
Warm B,648105,3902,3901,2373,1428,1,0.0015915453
Warm B,643733,3878,3877,2373,1428,0,0.007287429
Warm B,702635,4213,4212,2373,1428,1,0.0036176355
Warm B,640061,3847,3846,2373,1428,0,0.0031144177
Warm B,637000,3836,3835,2373,1428,0,0.005339612
Warm B,726034,4344,4343,2373,1428,0,0.005842506
Warm B,629611,3808,3807,2373,1428,0,0.011965178
Warm B,624927,3778,3777,2373,1428,0,-0.0007138499
Warm B,620491,3759,3758,2373,1428,1,0.009071504
Warm B,623452,3771,3770,2373,1428,0,0.0043272823
Warm B,608659,3691,3690,2373,1428,0,-0.0036993101
Warm B,601661,3658,3657,2373,1428,0,0.001367796
Warm B,598497,3642,3641,2373,1428,0,0.0037536821
Warm B,633395,3824,3823,2373,1428,0,0.0019907549
Warm B,596702,3626,3625,2373,1428,0,0.009860449
Warm B,590797,3603,3602,2373,1428,0,0.007782479
Warm B,588000,3589,3588,2373,1428,0,0.0056490526
Warm B,586472,3579,3578,2373,1428,0,0.0021705138
Warm B,579489,3539,3538,2373,1428,0,0.00201389
Warm B,569331,3491,3490,2373,1428,0,-0.00235785
Warm B,563776,3469,3468,2373,1428,0,0.0073848516
Warm B,570374,3499,3498,2373,1428,0,0.006971596
Warm B,555291,3414,3413,2373,1428,0,0.004328138
Warm B,573595,3512,3511,2373,1428,0,0.0107775275
Warm B,538985,3314,3313,2373,1428,0,0.006401156
Warm B,537283,3311,3310,2373,1428,0,0.0009345168
Warm B,527522,3261,3260,2373,1428,0,-0.0075700674
Warm B,506780,3118,3117,2373,1428,0,-0.00081188185
Warm B,499543,3067,3066,2373,1428,0,0.004039407
Warm B,497964,3056,3055,2373,1428,0,0.005672836
Warm B,486681,2995,2994,2373,1428,1,0.0071054623
Warm B,486334,2994,2993,2373,1428,0,0.011945006
Warm B,517918,3196,3195,2373,1428,1,0.0049275495
Warm B,753517,4489,4488,2373,1428,0,0.006320636
Warm B,469692,2894,2893,2373,1428,1,-0.0058983155
Warm B,468972,2888,2887,2373,1428,1,-0.0018354376
Warm B,754951,4497,4496,2373,1428,0,0.0059200246
Warm B,459975,2837,2836,2373,1428,0,0.011539097
Warm B,455289,2803,2802,2373,1428,0,0.007445963
Warm B,594894,3620,3619,2373,1428,0,-0.001029195
Warm B,448026,2761,2760,2373,1428,0,-0.004547185
Warm B,427830,2599,2598,2373,1428,0,-0.0018568073
Warm B,425013,2579,2578,2373,1428,0,0.0012078565
Warm B,409251,2456,2455,2373,1428,0,-0.003580086
Warm B,407002,2445,2444,2373,1428,1,0.002273505
Warm B,436535,2665,2664,2373,1428,0,0.009771687
Warm B,402390,2402,2401,2373,1428,0,0.011955869
Warm B,398758,2374,2373,2373,1428,1,0.0059178607
Warm B,390070,2288,2287,2373,1428,0,0.0027433236
Warm B,389022,2279,2278,2373,1428,0,0.00048740022
Warm B,377319,2203,2202,2373,1428,1,-0.00041702058
Warm B,373495,2180,2179,2373,1428,1,0.0026397607
Warm B,368851,2156,2155,2373,1428,0,0.0015177696
Warm B,356454,2088,2087,2373,1428,0,0.009286908
Warm B,337102,1983,1982,2373,1428,0,0.0040227314
Warm B,297595,1764,1763,2373,1428,1,0.0032690968
Warm B,290950,1736,1735,2373,1428,1,0.008364349
Warm B,277049,1675,1674,2373,1428,0,0.0060112225
Warm B,291510,1737,1736,2373,1428,0,0.0021591873
Warm B,282688,1694,1693,2373,1428,0,0.00883079
Warm B,288948,1726,1725,2373,1428,0,0.0035354944
Warm B,287182,1714,1713,2373,1428,0,0.0058174087
Warm B,265883,1613,1612,2373,1428,0,0.009707347
Warm B,342600,2015,2014,2373,1428,1,0.008581517
Warm B,242882,1465,1464,2373,1428,0,0.00047381484
Warm B,227215,1377,1376,2373,1428,0,0.01307059
Warm B,221452,1340,1339,2373,1428,0,-0.010876652
Warm B,223637,1354,1353,2373,1428,0,0.0042394423
Warm B,224234,1356,1355,2373,1428,1,-0.0029790867
Warm B,208041,1272,1271,2373,1428,0,0.00092843734
Warm B,279511,1680,1679,2373,1428,0,0.006315042
Warm B,270055,1635,1634,2373,1428,0,0.0023650634
Warm B,191129,1181,1180,2373,1428,0,0.0062825414
Warm B,203174,1246,1245,2373,1428,0,-0.0100993905
Warm B,180376,1128,1127,2373,1428,0,0.0065359683
Warm B,180014,1127,1126,2373,1428,0,0.004181158
Warm B,248900,1501,1500,2373,1428,0,0.010001492
Warm B,171806,1088,1087,2373,1428,0,0.011701567
Warm B,175630,1112,1111,2373,1428,0,0.0044904007
Warm B,328344,1941,1940,2373,1428,0,0.0036424813
Warm B,168893,1071,1070,2373,1428,0,0.0007759633
Warm B,275614,1667,1666,2373,1428,0,0.0080141835
Warm B,155952,1004,1003,2373,1428,0,0.0039648893
Warm B,154929,999,998,2373,1428,0,0.00033618812
Warm B,151016,971,970,2373,1428,0,0.0009579851
Warm B,157016,1010,1009,2373,1428,0,0.008243989
Warm B,135716,877,876,2373,1428,0,0.0059389058
Warm B,315374,1880,1879,2373,1428,0,0.00915358
Warm B,263453,1605,1604,2373,1428,0,0.020715546
Warm B,122215,788,787,2373,1428,0,0.008053672
Warm B,121208,780,779,2373,1428,0,0.0029350095
Warm B,475804,2919,2918,2373,1428,0,0.010598975
Warm B,117562,757,756,2373,1428,0,0.012174185
Warm B,114499,744,743,2373,1428,0,-0.00631026
Warm B,96193,646,645,2373,1428,0,0.00104172
Warm B,480204,2946,2945,2373,1428,0,0.0039483216
Warm B,150661,970,969,2373,1428,0,0.008862357
Warm B,77661,524,523,2373,1428,0,0.010779044
Warm B,119346,770,769,2373,1428,0,0.0055261715
Warm B,86714,566,565,2373,1428,0,0.0025411705
Warm B,81768,543,542,2373,1428,1,0.0022001872
Warm B,70842,476,475,2373,1428,1,-0.0008910893
Warm B,240245,1449,1448,2373,1428,0,0.005428898
Warm B,53605,352,351,2373,1428,0,-0.00176669
Warm B,40312,272,271,2373,1428,1,0.010916652
Warm B,38845,264,263,2373,1428,0,0.0027210969
Warm B,36362,245,244,2373,1428,0,0.0072995545
Warm B,626891,3792,3791,2373,1428,0,0.008509615
Warm B,28748,198,197,2373,1428,0,-0.0005084146
Warm B,21507,157,156,2373,1428,0,0.006651858
Warm B,12277,93,92,2373,1428,0,0.0042934134
Warm B,2175,18,17,2373,1428,0,0.009338279
Warm B,49303,329,328,2373,1428,0,0.002694676
Warm B,234206,1422,1421,2373,1428,0,0.0049529793
Warm B,530302,3274,3273,2373,1428,0,0.0068708295
Warm B,829176,4979,4978,2373,1428,0,0.0022474672
Warm B,773531,4610,4609,2373,1428,0,0.012728114
Warm B,273069,1647,1646,2373,1428,0,0.009650806
Warm B,622230,3768,3767,2373,1428,0,-0.00036810967
Warm B,102395,678,677,2373,1428,0,0.010683991
Warm B,964533,5812,5811,2373,1428,0,0.005285562
Warm B,418796,2529,2528,2373,1428,0,-0.0013193914
Warm B,473822,2909,2908,2373,1428,0,0.006935139
Warm B,63103,424,423,2373,1428,0,0.00560215
Warm B,341676,2012,2011,2373,1428,0,-0.0017267222
Warm B,28040,195,194,2373,1428,0,0.00033814553
Warm B,672736,4041,4040,2377,1432,1,0.004573828
Warm B,668581,4021,4020,2377,1432,1,0.0034151617
Warm B,669112,4022,4021,2377,1432,1,-0.004412677
Warm B,667560,4016,4015,2377,1432,0,-0.0003885026
Warm B,665911,4007,4006,2377,1432,0,0.006281127
Warm B,665485,4006,4005,2377,1432,0,-0.004606241
Warm B,663538,3998,3997,2377,1432,0,-0.0003790412
Warm B,651511,3929,3928,2377,1432,0,-0.003615991
Warm B,650650,3923,3922,2377,1432,0,0.007404521
Warm B,649881,3916,3915,2377,1432,1,0.007858644
Warm B,644741,3884,3883,2377,1432,0,-0.003080144
Warm B,702637,4213,4212,2377,1432,1,0.003883816
Warm B,628757,3807,3806,2377,1432,0,0.0020381068
Warm B,629617,3808,3807,2377,1432,1,0.00015137973
Warm B,628186,3804,3803,2377,1432,0,-0.0059229885
Warm B,638334,3841,3840,2377,1432,1,-0.0072003473
Warm B,623456,3771,3770,2377,1432,0,0.0055592107
Warm B,616506,3731,3730,2377,1432,0,-0.0006065603
Warm B,726042,4344,4343,2377,1432,0,0.0041926373
Warm B,633401,3824,3823,2377,1432,1,0.0041360063
Warm B,745440,4448,4447,2377,1432,1,0.0033434387
Warm B,604992,3678,3677,2377,1432,0,-0.0014994964
Warm B,567143,3482,3481,2377,1432,1,0.007205247
Warm B,657159,3961,3960,2377,1432,0,0.0040247203
Warm B,563778,3469,3468,2377,1432,1,7.868814e-05
Warm B,557290,3423,3422,2377,1432,0,0.006598765
Warm B,552473,3401,3400,2377,1432,0,0.004619101
Warm B,645365,3885,3884,2377,1432,0,-0.0017096148
Warm B,545756,3365,3364,2377,1432,0,0.008512671
Warm B,537290,3311,3310,2377,1432,0,0.0043204823
Warm B,536110,3308,3307,2377,1432,0,0.0013535315
Warm B,538575,3313,3312,2377,1432,0,0.0058612153
Warm B,528259,3265,3264,2377,1432,0,0.0034766952
Warm B,566348,3476,3475,2377,1432,0,0.0015857933
Warm B,516545,3189,3188,2377,1432,1,-0.0065655974
Warm B,501831,3081,3080,2377,1432,0,-0.004340165
Warm B,504176,3099,3098,2377,1432,0,0.0025397239
Warm B,490850,3018,3017,2377,1432,1,0.0010763378
Warm B,697542,4169,4168,2377,1432,1,0.007389603
Warm B,475957,2921,2920,2377,1432,0,-0.015834866
Warm B,591253,3607,3606,2377,1432,0,0.0038653293
Warm B,478474,2935,2934,2377,1432,0,0.0059731584
Warm B,465182,2868,2867,2377,1432,0,0.004517854
Warm B,463416,2857,2856,2377,1432,0,0.010684268
Warm B,449629,2772,2771,2377,1432,1,-0.0006229114
Warm B,790813,4728,4727,2377,1432,0,-0.008422464
Warm B,430754,2625,2624,2377,1432,0,0.0013362248
Warm B,414242,2493,2492,2377,1432,0,-0.0020075506
Warm B,411083,2466,2465,2377,1432,0,-0.007722327
Warm B,409703,2457,2456,2377,1432,0,0.0063438825
Warm B,393345,2312,2311,2377,1432,1,0.0015767119
Warm B,389024,2279,2278,2377,1432,0,-0.0013289365
Warm B,376204,2194,2193,2377,1432,1,-0.00083257817
Warm B,374210,2181,2180,2377,1432,0,0.012996597
Warm B,356456,2088,2087,2377,1432,0,0.003397368
Warm B,345496,2026,2025,2377,1432,1,0.00075521553
Warm B,333453,1968,1967,2377,1432,0,0.0017362335
Warm B,326332,1931,1930,2377,1432,0,0.0072465967
Warm B,293229,1746,1745,2377,1432,1,-4.7716778e-05
Warm B,288303,1722,1721,2377,1432,1,0.00094798824
Warm B,288467,1723,1722,2377,1432,0,0.0037187487
Warm B,291519,1737,1736,2377,1432,1,-0.005496487
Warm B,292409,1741,1740,2377,1432,0,0.0074282982
Warm B,279525,1680,1679,2377,1432,0,0.0052078646
Warm B,277052,1675,1674,2377,1432,0,-0.0039839763
Warm B,276326,1671,1670,2377,1432,1,0.0066760806
Warm B,265176,1611,1610,2377,1432,0,0.0116599
Warm B,259867,1589,1588,2377,1432,0,0.0047433735
Warm B,259056,1586,1585,2377,1432,0,0.0063173696
Warm B,247791,1496,1495,2377,1432,0,0.004459764
Warm B,350753,2059,2058,2377,1432,1,-0.00029059127
Warm B,227220,1377,1376,2377,1432,0,0.0070678415
Warm B,224722,1358,1357,2377,1432,0,0.009645227
Warm B,224520,1357,1356,2377,1432,0,-0.0031248108
Warm B,221456,1340,1339,2377,1432,0,0.005256198
Warm B,219934,1333,1332,2377,1432,1,0.0027242424
Warm B,273078,1647,1646,2377,1432,0,0.00969512
Warm B,260141,1591,1590,2377,1432,0,0.006501815
Warm B,244065,1470,1469,2377,1432,0,0.0056613632
Warm B,214957,1303,1302,2377,1432,0,0.0073503666
Warm B,328352,1941,1940,2377,1432,0,0.0005703971
Warm B,307549,1835,1834,2377,1432,0,0.000895818
Warm B,182835,1140,1139,2377,1432,0,-0.0017161961
Warm B,181623,1135,1134,2377,1432,0,0.0040159603
Warm B,179176,1124,1123,2377,1432,0,0.0005659913
Warm B,177613,1119,1118,2377,1432,1,0.0035462168
Warm B,196608,1207,1206,2377,1432,1,-7.964228e-05
Warm B,184055,1146,1145,2377,1432,0,0.008787176
Warm B,166069,1058,1057,2377,1432,0,0.0008133976
Warm B,162029,1033,1032,2377,1432,0,0.009020863
Warm B,159338,1017,1016,2377,1432,0,0.010560999
Warm B,151018,971,970,2377,1432,0,0.008839652
Warm B,138508,889,888,2377,1432,0,8.923421e-05
Warm B,714002,4277,4276,2377,1432,0,0.006294656
Warm B,133300,860,859,2377,1432,1,-0.0063492954
Warm B,133040,858,857,2377,1432,1,0.010417804
Warm B,315379,1880,1879,2377,1432,0,0.0039081234
Warm B,122217,788,787,2377,1432,0,0.0054522557
Warm B,211109,1285,1284,2377,1432,0,0.009400686
Warm B,316907,1884,1883,2377,1432,0,0.0038146935
Warm B,90961,602,601,2377,1432,0,-0.0004986683
Warm B,86719,566,565,2377,1432,0,0.0056306217
Warm B,86176,563,562,2377,1432,0,-0.00018706918
Warm B,74432,508,507,2377,1432,0,-0.0028630884
Warm B,66590,445,444,2377,1432,0,0.004593171
Warm B,241313,1451,1450,2377,1432,0,0.0057408595
Warm B,61227,412,411,2377,1432,1,0.004863512
Warm B,41161,278,277,2377,1432,1,-0.0020720311
Warm B,37358,255,254,2377,1432,1,-0.00321563
Warm B,36368,245,244,2377,1432,0,-0.0048521245
Warm B,99871,667,666,2377,1432,0,0.009420663
Warm B,28045,195,194,2377,1432,1,0.00068843877
Warm B,12427,94,93,2377,1432,1,-0.004655026
Warm B,7626,53,52,2377,1432,1,0.0009807963
Warm B,1885,17,16,2377,1432,1,-0.004194443
Warm B,108110,710,709,2377,1432,0,0.0043607927
Warm B,129527,839,838,2377,1432,1,0.0012415766
Warm B,460763,2841,2840,2377,1432,1,0.0022081477
Warm B,365818,2129,2128,2377,1432,0,0.004766706
Warm B,102402,678,677,2377,1432,0,0.00012179953
Warm B,760836,4520,4519,2377,1432,0,-0.0028529991
Warm B,63112,424,423,2377,1432,0,0.0041549494
Warm B,811721,4868,4867,2377,1432,0,-0.0006112803
Warm B,662428,3993,3992,2380,1435,0,0.010835128
Warm B,650517,3922,3921,2380,1435,0,0.0049413294
Warm B,672741,4041,4040,2380,1435,0,0.014940297
Warm B,644747,3884,3883,2380,1435,0,0.0045854924
Warm B,647762,3900,3899,2380,1435,0,-0.0018998384
Warm B,634090,3825,3824,2380,1435,0,0.008886525
Warm B,629624,3808,3807,2380,1435,0,0.016055547
Warm B,624939,3778,3777,2380,1435,0,0.0077356454
Warm B,622239,3768,3767,2380,1435,0,0.0019127855
Warm B,620020,3756,3755,2380,1435,0,0.00990857
Warm B,614842,3724,3723,2380,1435,0,0.016017217
Warm B,636385,3834,3833,2380,1435,1,-0.00024036062
Warm B,720551,4312,4311,2380,1435,0,0.0059949663
Warm B,633407,3824,3823,2380,1435,0,0.009738042
Warm B,622746,3769,3768,2380,1435,0,0.0042647277
Warm B,583548,3562,3561,2380,1435,0,0.012716464
Warm B,613337,3716,3715,2380,1435,0,0.008055809
Warm B,577320,3526,3525,2380,1435,0,0.014073548
Warm B,579506,3539,3538,2380,1435,1,0.010473336
Warm B,581372,3550,3549,2380,1435,0,0.006402743
Warm B,570383,3499,3498,2380,1435,0,0.0060862126
Warm B,550329,3391,3390,2380,1435,0,0.008035585
Warm B,571140,3503,3502,2380,1435,0,0.0024912285
Warm B,537296,3311,3310,2380,1435,0,-0.0029733912
Warm B,536114,3308,3307,2380,1435,0,0.005664211
Warm B,539981,3320,3319,2380,1435,0,0.012596583
Warm B,520094,3208,3207,2380,1435,0,0.009388711
Warm B,515581,3182,3181,2380,1435,1,0.010835641
Warm B,514982,3180,3179,2380,1435,0,0.0024262425
Warm B,566354,3476,3475,2380,1435,0,0.004098816
Warm B,605891,3681,3680,2380,1435,0,0.007271081
Warm B,502206,3082,3081,2380,1435,0,0.019921485
Warm B,494307,3032,3031,2380,1435,0,0.012061724
Warm B,492839,3029,3028,2380,1435,0,0.0112741515
Warm B,493467,3031,3030,2380,1435,0,0.022722054
Warm B,492118,3026,3025,2380,1435,0,0.00470723
Warm B,517926,3196,3195,2380,1435,0,0.006584839
Warm B,483971,2976,2975,2380,1435,0,0.006620611
Warm B,697550,4169,4168,2380,1435,0,0.008026375
Warm B,472715,2907,2906,2380,1435,0,0.0092183985
Warm B,473842,2909,2908,2380,1435,0,-0.0019845231
Warm B,454840,2797,2796,2380,1435,0,0.003182477
Warm B,451520,2779,2778,2380,1435,0,0.0070620575
Warm B,451006,2777,2776,2380,1435,1,0.0005718629
Warm B,438862,2681,2680,2380,1435,0,0.020028822
Warm B,435134,2658,2657,2380,1435,0,-0.00043319096
Warm B,423213,2565,2564,2380,1435,0,0.0024523344
Warm B,420518,2541,2540,2380,1435,0,0.008934576
Warm B,419844,2537,2536,2380,1435,0,0.0006917452
Warm B,418805,2529,2528,2380,1435,0,0.010763218
Warm B,404624,2419,2418,2380,1435,0,0.007416658
Warm B,414661,2496,2495,2380,1435,0,-0.0034147406
Warm B,402398,2402,2401,2380,1435,0,-0.0010288411
Warm B,395377,2335,2334,2380,1435,0,0.0127570415
Warm B,392328,2304,2303,2380,1435,1,0.010293564
Warm B,436552,2665,2664,2380,1435,0,0.006391745
Warm B,355509,2080,2079,2380,1435,0,0.0031068167
Warm B,380867,2225,2224,2380,1435,0,0.012412613
Warm B,341685,2012,2011,2380,1435,0,0.009755122
Warm B,340763,2010,2009,2380,1435,0,0.0125483535
Warm B,315388,1880,1879,2380,1435,0,0.013887823
Warm B,288130,1721,1720,2380,1435,0,0.0063885665
Warm B,290954,1736,1735,2380,1435,0,0.0077780974
Warm B,291523,1737,1736,2380,1435,0,0.003090297
Warm B,281335,1687,1686,2380,1435,0,0.0025009103
Warm B,299137,1776,1775,2380,1435,0,0.004702813
Warm B,286291,1709,1708,2380,1435,0,0.015889324
Warm B,265900,1613,1612,2380,1435,0,0.008649996
Warm B,246913,1491,1490,2380,1435,0,0.013912832
Warm B,227225,1377,1376,2380,1435,0,0.010338102
Warm B,222423,1345,1344,2380,1435,0,0.012553286
Warm B,336102,1980,1979,2380,1435,0,0.02424065
Warm B,277821,1676,1675,2380,1435,0,0.012952847
Warm B,279541,1680,1679,2380,1435,0,0.016993301
Warm B,308754,1837,1836,2380,1435,0,0.012797676
Warm B,305003,1812,1811,2380,1435,0,0.010375271
Warm B,220881,1339,1338,2380,1435,0,0.0030495427
Warm B,307554,1835,1834,2380,1435,0,0.014915965
Warm B,178228,1120,1119,2380,1435,1,0.009415523
Warm B,328368,1941,1940,2380,1435,0,0.011681407
Warm B,272282,1645,1644,2380,1435,0,0.012893933
Warm B,331747,1958,1957,2380,1435,0,0.014374402
Warm B,161739,1031,1030,2380,1435,0,0.001257658
Warm B,342614,2015,2014,2380,1435,1,0.008206282
Warm B,143030,922,921,2380,1435,0,0.008691765
Warm B,141582,911,910,2380,1435,0,0.015769597
Warm B,135725,877,876,2380,1435,0,0.009913209
Warm B,134420,869,868,2380,1435,0,0.01232185
Warm B,973927,5874,5873,2380,1435,0,0.014151405
Warm B,127976,827,826,2380,1435,0,0.01792939
Warm B,125196,803,802,2380,1435,0,0.010006783
Warm B,123942,798,797,2380,1435,0,0.0044749808
Warm B,111512,726,725,2380,1435,0,1.5857862e-05
Warm B,263467,1605,1604,2380,1435,0,0.0035269475
Warm B,104886,695,694,2380,1435,0,0.0031498952
Warm B,234217,1422,1421,2380,1435,0,0.0086568175
Warm B,352056,2063,2062,2380,1435,0,0.012342202
Warm B,93668,628,627,2380,1435,0,0.0030471988
Warm B,89503,589,588,2380,1435,0,0.011613274
Warm B,120493,777,776,2380,1435,0,0.0002091428
Warm B,83296,549,548,2380,1435,0,0.012196833
Warm B,191150,1181,1180,2380,1435,0,0.012935983
Warm B,101439,676,675,2380,1435,0,0.0014760972
Warm B,119359,770,769,2380,1435,0,0.011276605
Warm B,81779,543,542,2380,1435,1,0.004038698
Warm B,70472,475,474,2380,1435,1,0.0038558785
Warm B,72170,482,481,2380,1435,0,0.006720133
Warm B,68793,461,460,2380,1435,0,0.008587347
Warm B,67503,453,452,2380,1435,0,0.012162886
Warm B,57988,392,391,2380,1435,0,0.0143145695
Warm B,44397,302,301,2380,1435,0,0.0070588198
Warm B,32892,223,222,2380,1435,1,0.007669952
Warm B,240262,1449,1448,2380,1435,0,0.009797318
Warm B,25576,181,180,2380,1435,0,-0.00065608765
Warm B,270065,1635,1634,2380,1435,0,0.011956345
Warm B,306231,1824,1823,2380,1435,0,-0.004095386
Warm B,21137,155,154,2380,1435,0,0.008963665
Warm B,239097,1448,1447,2380,1435,0,0.005822885
Warm B,15517,123,122,2380,1435,0,0.019147605
Warm B,4794,34,33,2380,1435,0,0.0077635576
Warm B,79535,531,530,2380,1435,0,0.0076072346
Warm B,66109,442,441,2380,1435,0,0.014224191
Warm B,230573,1395,1394,2380,1435,0,0.006168889
Warm B,78551,528,527,2380,1435,0,0.0098920595
Warm B,238059,1447,1446,2380,1435,0,0.023804655
Warm B,954337,5761,5760,2380,1435,0,0.010195984
Warm B,326148,1930,1929,2380,1435,0,0.0046446603
Warm B,106173,699,698,2380,1435,0,0.007869974
Warm B,273087,1647,1646,2380,1435,0,0.011793975
Warm B,265180,1611,1610,2380,1435,0,0.0025253878
Warm B,770569,4591,4590,2380,1435,0,0.0077315373
Warm B,329437,1943,1942,2380,1435,0,0.012966621
Warm B,893402,5394,5393,2380,1435,0,0.007050039
Warm B,717957,4302,4301,2380,1435,0,0.0067216964
Warm B,700003,4186,4185,2380,1435,0,0.014834482
Warm B,235090,1425,1424,2380,1435,0,0.0058554346
Warm B,622241,3768,3767,2381,1436,0,0.002296721
Warm B,611903,3709,3708,2381,1436,0,0.013493168
Warm B,720552,4312,4311,2381,1436,0,0.0073505375
Warm B,602976,3669,3668,2381,1436,0,0.010744009
Warm B,598296,3641,3640,2381,1436,0,0.0018254756
Warm B,597406,3632,3631,2381,1436,0,0.0007033368
Warm B,633409,3824,3823,2381,1436,0,0.011223681
Warm B,596714,3626,3625,2381,1436,0,0.008114081
Warm B,622747,3769,3768,2381,1436,0,0.004385676
Warm B,577322,3526,3525,2381,1436,0,0.0076614935
Warm B,579509,3539,3538,2381,1436,1,0.0034074658
Warm B,572285,3507,3506,2381,1436,0,0.005767792
Warm B,581373,3550,3549,2381,1436,0,0.007310269
Warm B,570384,3499,3498,2381,1436,0,0.014532513
Warm B,557291,3423,3422,2381,1436,0,0.00578689
Warm B,556948,3422,3421,2381,1436,0,0.011494834
Warm B,550330,3391,3390,2381,1436,0,0.0057364153
Warm B,571142,3503,3502,2381,1436,0,-0.0047628777
Warm B,537297,3311,3310,2381,1436,0,0.004111203
Warm B,536115,3308,3307,2381,1436,0,0.0046909126
Warm B,539982,3320,3319,2381,1436,0,0.0146110635
Warm B,531134,3280,3279,2381,1436,0,0.010151402
Warm B,520095,3208,3207,2381,1436,0,0.0038746581
Warm B,514983,3180,3179,2381,1436,0,0.0023479701
Warm B,566356,3476,3475,2381,1436,0,0.008634819
Warm B,502207,3082,3081,2381,1436,0,0.01078479
Warm B,494308,3032,3031,2381,1436,1,-0.0019441585
Warm B,492840,3029,3028,2381,1436,0,0.011487713
Warm B,738484,4411,4410,2381,1436,0,0.0089041535
Warm B,493468,3031,3030,2381,1436,0,0.00834266
Warm B,492119,3026,3025,2381,1436,0,0.008585712
Warm B,517927,3196,3195,2381,1436,0,0.0024732822
Warm B,483972,2976,2975,2381,1436,0,-0.0014487036
Warm B,697551,4169,4168,2381,1436,0,0.018185996
Warm B,472716,2907,2906,2381,1436,0,0.009191783
Warm B,473844,2909,2908,2381,1436,0,0.011151911
Warm B,451007,2777,2776,2381,1436,1,0.011780735
Warm B,439949,2689,2688,2381,1436,0,0.0025573743
Warm B,438863,2681,2680,2381,1436,0,0.0120978
Warm B,423214,2565,2564,2381,1436,0,0.009617725
Warm B,420519,2541,2540,2381,1436,0,0.0059598004
Warm B,419845,2537,2536,2381,1436,0,0.010208121
Warm B,418807,2529,2528,2381,1436,0,0.0033408003
Warm B,414663,2496,2495,2381,1436,0,0.005485691
Warm B,436554,2665,2664,2381,1436,0,0.009119888
Warm B,392330,2304,2303,2381,1436,1,0.010364728
Warm B,377331,2203,2202,2381,1436,0,0.007932576
Warm B,362186,2110,2109,2381,1436,0,0.0012788635
Warm B,380868,2225,2224,2381,1436,0,0.0047853696
Warm B,341686,2012,2011,2381,1436,0,0.01389421
Warm B,340765,2010,2009,2381,1436,0,0.0029658868
Warm B,326501,1934,1933,2381,1436,0,0.0079119755
Warm B,290955,1736,1735,2381,1436,0,0.019480914
Warm B,291524,1737,1736,2381,1436,0,0.006926855
Warm B,281336,1687,1686,2381,1436,0,-0.0007690829
Warm B,299138,1776,1775,2381,1436,0,0.008633271
Warm B,265901,1613,1612,2381,1436,0,0.00773436
Warm B,227226,1377,1376,2381,1436,0,0.007389436
Warm B,336104,1980,1979,2381,1436,0,0.007368575
Warm B,220882,1339,1338,2381,1436,0,0.008426357
Warm B,277822,1676,1675,2381,1436,0,0.009335854
Warm B,279544,1680,1679,2381,1436,0,0.0077064764
Warm B,305004,1812,1811,2381,1436,0,0.008738285
Warm B,192177,1183,1182,2381,1436,0,0.0075987335
Warm B,188437,1169,1168,2381,1436,0,0.0057421187
Warm B,307555,1835,1834,2381,1436,0,0.0052882247
Warm B,178229,1120,1119,2381,1436,1,0.006930057
Warm B,328370,1941,1940,2381,1436,0,0.013364611
Warm B,331748,1958,1957,2381,1436,0,0.006222849
Warm B,342615,2015,2014,2381,1436,1,0.0072582583
Warm B,152321,980,979,2381,1436,0,0.01348335
Warm B,143031,922,921,2381,1436,0,0.0071503557
Warm B,141584,911,910,2381,1436,0,0.010046405
Warm B,135727,877,876,2381,1436,0,0.020805292
Warm B,134421,869,868,2381,1436,1,-0.00060033076
Warm B,973928,5874,5873,2381,1436,0,0.008065209
Warm B,272283,1645,1644,2381,1436,0,0.014339487
Warm B,106842,702,701,2381,1436,0,0.006837256
Warm B,263468,1605,1604,2381,1436,0,0.011190771
Warm B,104887,695,694,2381,1436,0,-0.003468725
Warm B,352058,2063,2062,2381,1436,0,0.007907886
Warm B,120494,777,776,2381,1436,0,0.0063709794
Warm B,83298,549,548,2381,1436,0,0.011795008
Warm B,101440,676,675,2381,1436,0,0.0063981833
Warm B,119360,770,769,2381,1436,0,0.00829255
Warm B,81780,543,542,2381,1436,1,0.0013606582
Warm B,73142,494,493,2381,1436,0,0.0033456944
Warm B,70473,475,474,2381,1436,0,0.009724237
Warm B,70849,476,475,2381,1436,0,-0.0049648057
Warm B,67504,453,452,2381,1436,0,0.010127697
Warm B,57990,392,391,2381,1436,0,0.011145301
Warm B,44399,302,301,2381,1436,0,0.013009114
Warm B,626905,3792,3791,2381,1436,0,0.011046834
Warm B,240264,1449,1448,2381,1436,0,0.012981784
Warm B,25578,181,180,2381,1436,0,0.008939681
Warm B,21138,155,154,2381,1436,0,0.0014744645
Warm B,270066,1635,1634,2381,1436,0,0.017641844
Warm B,15520,123,122,2381,1436,0,-0.0020280208
Warm B,79536,531,530,2381,1436,1,0.0013831959
Warm B,66110,442,441,2381,1436,0,0.009044768
Warm B,230574,1395,1394,2381,1436,0,0.0065499535
Warm B,78552,528,527,2381,1436,0,0.011614377
Warm B,954338,5761,5760,2381,1436,0,0.006079836
Warm B,326149,1930,1929,2381,1436,0,0.020102382
Warm B,238060,1447,1446,2381,1436,0,0.009189786
Warm B,106174,699,698,2381,1436,0,0.010165587
Warm B,273088,1647,1646,2381,1436,0,0.010994091
Warm B,164686,1051,1050,2381,1436,0,0.009178867
Warm B,265181,1611,1610,2381,1436,0,0.0043634274
Warm B,750682,4478,4477,2381,1436,0,-0.0031206617
Warm B,893403,5394,5393,2381,1436,0,0.018939702
Warm B,709972,4258,4257,2381,1436,0,0.011861332
Warm B,558977,3433,3432,2381,1436,0,0.011844601
Warm B,235092,1425,1424,2381,1436,0,0.008906447
Warm B,543122,3343,3342,2382,1437,0,0.0017622875
Warm B,605892,3681,3680,2382,1437,0,0.0112316925
Warm B,537299,3311,3310,2382,1437,0,-0.00093649793
Warm B,536117,3308,3307,2382,1437,0,0.008085651
Warm B,539983,3320,3319,2382,1437,0,0.002474687
Warm B,531136,3280,3279,2382,1437,0,0.010889946
Warm B,520096,3208,3207,2382,1437,0,-0.0022932752
Warm B,515582,3182,3181,2382,1437,0,0.004893765
Warm B,514984,3180,3179,2382,1437,0,0.0064363717
Warm B,566357,3476,3475,2382,1437,0,0.013505617
Warm B,574833,3518,3517,2382,1437,0,0.009004854
Warm B,502944,3087,3086,2382,1437,0,0.0041745645
Warm B,492841,3029,3028,2382,1437,0,0.009921983
Warm B,738485,4411,4410,2382,1437,1,0.004255439
Warm B,492120,3026,3025,2382,1437,0,0.005345743
Warm B,473846,2909,2908,2382,1437,0,0.014308585
Warm B,487124,2996,2995,2382,1437,0,0.0012935014
Warm B,451008,2777,2776,2382,1437,1,0.005367791
Warm B,450330,2776,2775,2382,1437,0,0.005016999
Warm B,438864,2681,2680,2382,1437,0,0.013609459
Warm B,423215,2565,2564,2382,1437,0,-0.0001485045
Warm B,420520,2541,2540,2382,1437,0,-0.0014672293
Warm B,415547,2503,2502,2382,1437,0,0.013228027
Warm B,414665,2496,2495,2382,1437,0,0.007778137
Warm B,390314,2289,2288,2382,1437,0,0.006514963
Warm B,380869,2225,2224,2382,1437,0,0.010980723
Warm B,341688,2012,2011,2382,1437,0,0.0096074855
Warm B,340767,2010,2009,2382,1437,0,-0.0009625609
Warm B,290956,1736,1735,2382,1437,0,0.013409361
Warm B,291525,1737,1736,2382,1437,0,-0.0039764503
Warm B,281337,1687,1686,2382,1437,0,0.0034612033
Warm B,286292,1709,1708,2382,1437,0,0.0019475175
Warm B,436556,2665,2664,2382,1437,0,0.020007227
Warm B,265902,1613,1612,2382,1437,0,0.003549958
Warm B,246915,1491,1490,2382,1437,0,0.017338239
Warm B,220883,1339,1338,2382,1437,0,0.008601334
Warm B,215804,1307,1306,2382,1437,1,0.008880258
Warm B,277823,1676,1675,2382,1437,0,0.008268843
Warm B,279546,1680,1679,2382,1437,0,0.0115131475
Warm B,213558,1298,1297,2382,1437,0,0.010030433
Warm B,308756,1837,1836,2382,1437,0,0.015333479
Warm B,305006,1812,1811,2382,1437,0,0.01602653
Warm B,307556,1835,1834,2382,1437,0,0.010671266
Warm B,178231,1120,1119,2382,1437,1,0.0040537794
Warm B,328372,1941,1940,2382,1437,0,0.009266306
Warm B,272284,1645,1644,2382,1437,0,-0.00024399394
Warm B,342616,2015,2014,2382,1437,1,0.017747246
Warm B,143032,922,921,2382,1437,0,0.0005421825
Warm B,141586,911,910,2382,1437,0,0.018253157
Warm B,135729,877,876,2382,1437,0,0.0027836643
Warm B,134422,869,868,2382,1437,1,0.01076182
Warm B,973929,5874,5873,2382,1437,0,0.01947255
Warm B,122427,790,789,2382,1437,0,0.0008716164
Warm B,263469,1605,1604,2382,1437,0,0.0071832137
Warm B,104888,695,694,2382,1437,0,0.012000441
Warm B,352059,2063,2062,2382,1437,0,0.006370045
Warm B,120495,777,776,2382,1437,0,0.0056849495
Warm B,83300,549,548,2382,1437,0,0.012605187
Warm B,119361,770,769,2382,1437,0,0.009492394
Warm B,81781,543,542,2382,1437,0,0.011112532
Warm B,70475,475,474,2382,1437,0,0.0077046873
Warm B,68796,461,460,2382,1437,0,0.010185762
Warm B,67505,453,452,2382,1437,0,0.012105763
Warm B,44401,302,301,2382,1437,0,0.0070824134
Warm B,363190,2116,2115,2382,1437,0,0.006588705
Warm B,626906,3792,3791,2382,1437,0,0.0058542006
Warm B,240265,1449,1448,2382,1437,0,0.0146289505
Warm B,270067,1635,1634,2382,1437,0,0.008089639
Warm B,15522,123,122,2382,1437,0,0.0019771091
Warm B,4796,34,33,2382,1437,0,0.0044392203
Warm B,79537,531,530,2382,1437,1,0.005768383
Warm B,66111,442,441,2382,1437,0,0.007463309
Warm B,481920,2962,2961,2382,1437,0,0.007058884
Warm B,230576,1395,1394,2382,1437,0,0.014033619
Warm B,78553,528,527,2382,1437,0,0.017357402
Warm B,552481,3401,3400,2382,1437,0,0.018218063
Warm B,238061,1447,1446,2382,1437,0,0.017011391
Warm B,954339,5761,5760,2382,1437,0,0.010536379
Warm B,326150,1930,1929,2382,1437,0,0.00688938
Warm B,299140,1776,1775,2382,1437,0,0.0027890017
Warm B,572901,3509,3508,2382,1437,0,0.0024512655
Warm B,106176,699,698,2382,1437,0,0.0104361605
Warm B,273089,1647,1646,2382,1437,0,0.006662349
Warm B,164687,1051,1050,2382,1437,0,0.0068935
Warm B,265182,1611,1610,2382,1437,0,0.004562389
Warm B,760387,4517,4516,2382,1437,0,0.0027447762
Warm B,329438,1943,1942,2382,1437,0,0.016783632
Warm B,893404,5394,5393,2382,1437,0,0.02052289
Warm B,331749,1958,1957,2382,1437,0,0.017135065
Warm B,193763,1194,1193,2382,1437,0,0.011847695
Warm B,571148,3503,3502,2383,1438,0,0.011542259
Warm B,537302,3311,3310,2383,1438,0,0.0069545447
Warm B,536121,3308,3307,2383,1438,0,0.01154203
Warm B,539986,3320,3319,2383,1438,0,0.0075486805
Warm B,531141,3280,3279,2383,1438,0,0.009086851
Warm B,515587,3182,3181,2383,1438,0,0.004638819
Warm B,514987,3180,3179,2383,1438,0,0.005910068
Warm B,566361,3476,3475,2383,1438,0,0.0072131245
Warm B,574836,3518,3517,2383,1438,0,0.012924893
Warm B,494313,3032,3031,2383,1438,0,0.0047273026
Warm B,492845,3029,3028,2383,1438,0,0.0053938217
Warm B,738487,4411,4410,2383,1438,0,0.005071196
Warm B,492122,3026,3025,2383,1438,0,0.01465448
Warm B,487489,2998,2997,2383,1438,0,0.0074233026
Warm B,481033,2954,2953,2383,1438,0,0.009094687
Warm B,473851,2909,2908,2383,1438,0,0.006144663
Warm B,460349,2840,2839,2383,1438,0,0.008403912
Warm B,487127,2996,2995,2383,1438,0,0.004047797
Warm B,451012,2777,2776,2383,1438,1,0.013483478
Warm B,450333,2776,2775,2383,1438,0,0.01074123
Warm B,438866,2681,2680,2383,1438,0,0.006383805
Warm B,420522,2541,2540,2383,1438,0,-0.0021553664
Warm B,415548,2503,2502,2383,1438,0,0.006580352
Warm B,414669,2496,2495,2383,1438,0,0.015579997
Warm B,378426,2208,2207,2383,1438,0,0.012652931
Warm B,380872,2225,2224,2383,1438,0,0.0033813994
Warm B,341692,2012,2011,2383,1438,0,0.009039522
Warm B,340772,2010,2009,2383,1438,0,0.019705767
Warm B,290957,1736,1735,2383,1438,0,0.0059812423
Warm B,291528,1737,1736,2383,1438,0,0.018724814
Warm B,281340,1687,1686,2383,1438,0,0.011026369
Warm B,286294,1709,1708,2383,1438,0,0.0038609891
Warm B,436561,2665,2664,2383,1438,0,0.007884705
Warm B,265905,1613,1612,2383,1438,0,0.014628166
Warm B,321350,1904,1903,2383,1438,0,0.008468149
Warm B,227229,1377,1376,2383,1438,0,0.013133311
Warm B,212321,1293,1292,2383,1438,0,-0.005223374
Warm B,277826,1676,1675,2383,1438,0,0.0091533065
Warm B,244078,1470,1469,2383,1438,0,0.019827833
Warm B,279552,1680,1679,2383,1438,0,0.018848572
Warm B,308760,1837,1836,2383,1438,0,0.019972898
Warm B,305010,1812,1811,2383,1438,0,0.01740347
Warm B,186390,1152,1151,2383,1438,0,0.0018494998
Warm B,299143,1776,1775,2383,1438,0,0.014660009
Warm B,220886,1339,1338,2383,1438,0,0.009915742
Warm B,307560,1835,1834,2383,1438,0,0.009967589
Warm B,178236,1120,1119,2383,1438,0,0.008014515
Warm B,328376,1941,1940,2383,1438,0,0.007963589
Warm B,342621,2015,2014,2383,1438,0,0.007953589
Warm B,144209,929,928,2383,1438,0,0.022465603
Warm B,143035,922,921,2383,1438,0,0.017290257
Warm B,141590,911,910,2383,1438,0,0.011429774
Warm B,135732,877,876,2383,1438,0,0.013731623
Warm B,134426,869,868,2383,1438,1,0.004672568
Warm B,973931,5874,5873,2383,1438,0,0.016975366
Warm B,123944,798,797,2383,1438,0,0.021019641
Warm B,111897,728,727,2383,1438,0,-0.011475295
Warm B,104892,695,694,2383,1438,0,-0.0039854515
Warm B,352063,2063,2062,2383,1438,0,0.013441591
Warm B,83305,549,548,2383,1438,0,0.0076950938
Warm B,101443,676,675,2383,1438,0,0.0009387159
Warm B,119365,770,769,2383,1438,0,0.008147349
Warm B,81786,543,542,2383,1438,0,0.008571368
Warm B,70478,475,474,2383,1438,0,0.003062259
Warm B,68800,461,460,2383,1438,0,0.010402947
Warm B,44407,302,301,2383,1438,0,0.023039889
Warm B,42747,293,292,2383,1438,0,0.0038580406
Warm B,626911,3792,3791,2383,1438,0,0.008040169
Warm B,31986,216,215,2383,1438,0,0.0012664876
Warm B,21141,155,154,2383,1438,0,0.018024644
Warm B,15527,123,122,2383,1438,0,0.009162044
Warm B,4797,34,33,2383,1438,0,0.004405293
Warm B,79541,531,530,2383,1438,0,0.010199025
Warm B,66115,442,441,2383,1438,0,0.012513896
Warm B,230580,1395,1394,2383,1438,0,0.008035377
Warm B,78556,528,527,2383,1438,0,0.013054205
Warm B,552485,3401,3400,2383,1438,0,0.012867073
Warm B,238066,1447,1446,2383,1438,0,0.020911654
Warm B,954340,5761,5760,2383,1438,0,0.012889831
Warm B,326152,1930,1929,2383,1438,0,0.00012983545
Warm B,240270,1449,1448,2383,1438,0,0.011412581
Warm B,106181,699,698,2383,1438,0,0.00391482
Warm B,273093,1647,1646,2383,1438,0,0.0123299
Warm B,265187,1611,1610,2383,1438,0,0.0041050203
Warm B,272286,1645,1644,2383,1438,0,0.008262431
Warm B,760389,4517,4516,2383,1438,0,0.020326551
Warm B,329441,1943,1942,2383,1438,0,0.0132589005
Warm B,893405,5394,5393,2383,1438,0,0.014930315
Warm B,331754,1958,1957,2383,1438,0,0.00717722
Warm B,522735,3224,3223,2385,1440,0,0.0053968607
Warm B,517032,3191,3190,2385,1440,0,-0.0043456773
Warm B,785508,4691,4690,2385,1440,0,0.0038425156
Warm B,738488,4411,4410,2385,1440,0,-1.6990583e-05
Warm B,523507,3227,3226,2385,1440,0,0.0049844678
Warm B,502948,3087,3086,2385,1440,0,0.011157483
Warm B,499560,3067,3066,2385,1440,0,0.0038963621
Warm B,494318,3032,3031,2385,1440,0,0.005411612
Warm B,492123,3026,3025,2385,1440,0,0.0014492325
Warm B,488725,3007,3006,2385,1440,0,-0.001526352
Warm B,493472,3031,3030,2385,1440,1,0.006904054
Warm B,483975,2976,2975,2385,1440,0,-0.003405729
Warm B,482387,2966,2965,2385,1440,0,0.0032354272
Warm B,478162,2934,2933,2385,1440,0,0.0047524646
Warm B,466938,2878,2877,2385,1440,0,0.0090988
Warm B,456530,2810,2809,2385,1440,0,0.009732082
Warm B,564554,3471,3470,2385,1440,0,0.004804612
Warm B,420523,2541,2540,2385,1440,0,-0.003284757
Warm B,463786,2858,2857,2385,1440,1,0.015282038
Warm B,400463,2383,2382,2385,1440,0,0.0014020782
Warm B,399556,2378,2377,2385,1440,0,0.006405616
Warm B,384383,2245,2244,2385,1440,0,0.00077420997
Warm B,377336,2203,2202,2385,1440,0,0.010587653
Warm B,364858,2124,2123,2385,1440,1,0.0050800405
Warm B,363198,2116,2115,2385,1440,1,1.8855906e-05
Warm B,352068,2063,2062,2385,1440,0,0.003704276
Warm B,341694,2012,2011,2385,1440,0,0.0042938055
Warm B,340776,2010,2009,2385,1440,0,0.0020584236
Warm B,280500,1683,1682,2385,1440,0,0.0031098023
Warm B,297609,1764,1763,2385,1440,1,0.0067637777
Warm B,268572,1631,1630,2385,1440,0,-0.0005310406
Warm B,224246,1356,1355,2385,1440,0,0.0037187391
Warm B,336111,1980,1979,2385,1440,0,0.011134705
Warm B,223650,1354,1353,2385,1440,0,0.0013325717
Warm B,277828,1676,1675,2385,1440,0,-0.0036677306
Warm B,273095,1647,1646,2385,1440,0,0.009623159
Warm B,205925,1264,1263,2385,1440,0,0.0034423047
Warm B,279560,1680,1679,2385,1440,0,0.009129158
Warm B,305012,1812,1811,2385,1440,1,0.0009045877
Warm B,236440,1434,1433,2385,1440,0,0.00403299
Warm B,189044,1172,1171,2385,1440,0,0.0004540265
Warm B,331758,1958,1957,2385,1440,0,0.00839474
Warm B,172660,1094,1093,2385,1440,0,0.004657604
Warm B,172929,1096,1095,2385,1440,0,-0.004474475
Warm B,169832,1078,1077,2385,1440,1,0.0059835333
Warm B,167948,1068,1067,2385,1440,0,0.0024447148
Warm B,328380,1941,1940,2385,1440,0,-0.0012179947
Warm B,189427,1173,1172,2385,1440,0,0.0037347064
Warm B,149263,960,959,2385,1440,0,0.0009247181
Warm B,138527,889,888,2385,1440,0,0.008599322
Warm B,136722,881,880,2385,1440,0,0.0076653017
Warm B,134429,869,868,2385,1440,1,0.00027439184
Warm B,131248,850,849,2385,1440,1,0.009109172
Warm B,128050,828,827,2385,1440,0,0.0052544484
Warm B,360927,2106,2105,2385,1440,0,0.008606395
Warm B,111514,726,725,2385,1440,0,-0.006323523
Warm B,235098,1425,1424,2385,1440,0,0.003631079
Warm B,191160,1181,1180,2385,1440,0,0.002680072
Warm B,83311,549,548,2385,1440,0,0.0033549313
Warm B,84325,550,549,2385,1440,0,0.0105967205
Warm B,116387,752,751,2385,1440,0,-0.0012843212
Warm B,76742,520,519,2385,1440,0,0.0062895715
Warm B,58509,396,395,2385,1440,0,0.0063420627
Warm B,155424,1001,1000,2385,1440,0,0.0018335484
Warm B,50072,331,330,2385,1440,0,0.007120665
Warm B,47396,319,318,2385,1440,0,0.0046181036
Warm B,49332,329,328,2385,1440,0,0.011189816
Warm B,46429,310,309,2385,1440,1,0.0010864772
Warm B,538038,3312,3311,2385,1440,0,0.008808255
Warm B,37371,255,254,2385,1440,1,-0.0019969465
Warm B,300005,1779,1778,2385,1440,0,0.005728568
Warm B,6413,45,44,2385,1440,0,-0.007612621
Warm B,4982,35,34,2385,1440,1,-0.0004983884
Warm B,79546,531,530,2385,1440,0,0.0044900132
Warm B,158399,1015,1014,2385,1440,0,0.002796254
Warm B,626914,3792,3791,2385,1440,0,-0.002083197
Warm B,750684,4478,4477,2385,1440,0,-0.0020153553
Warm B,907849,5492,5491,2385,1440,0,0.0050057364
Warm B,195586,1203,1202,2385,1440,0,0.0066605587
Warm B,562685,3462,3461,2385,1440,1,-0.008243032
Warm B,507825,3125,3124,2385,1440,0,0.0068330895
Warm B,171831,1088,1087,2385,1440,0,-0.006648573
Warm B,832036,5001,5000,2385,1440,1,0.00025651837
Warm B,178698,1121,1120,2385,1440,1,0.0071162204
Warm B,941759,5682,5681,2385,1440,0,0.0030109284
Warm B,790818,4728,4727,2385,1440,0,0.00242469
Warm B,314967,1880,1879,2417,1467,0,0.016813016
Warm B,112280,731,730,2417,1467,1,0.02095408
Warm B,97703,655,654,2417,1467,0,0.01953104
Warm B,87851,577,576,2417,1467,0,0.013316757
Warm B,190436,1181,1180,2417,1467,0,0.018747328
Warm B,239703,1449,1448,2417,1467,0,0.023880076
Warm B,47302,319,318,2417,1467,0,0.009923022
Warm B,638902,3842,3841,2417,1467,0,0.010751549
Warm B,42068,285,284,2417,1467,0,0.01126265
Warm B,6342,45,44,2417,1467,0,0.0007416613
Warm B,211994,1291,1290,2417,1467,0,0.018674992
Warm B,335501,1980,1979,2417,1467,0,0.027520556
Warm B,276053,1671,1670,2417,1467,1,0.018586576
Warm B,974215,5878,5877,2417,1467,0,0.015004745
Warm B,376620,2198,2197,2418,1468,0,-0.00727673
Warm B,358056,2096,2095,2418,1468,0,0.0073830746
Warm B,343976,2020,2019,2418,1468,0,0.009427575
Warm B,380709,2225,2224,2418,1468,0,0.0088119935
Warm B,298515,1770,1769,2418,1468,0,0.0055900696
Warm B,280423,1683,1682,2418,1468,0,0.007038191
Warm B,350639,2059,2058,2418,1468,1,0.0069245836
Warm B,231573,1404,1403,2418,1468,1,0.0043790964
Warm B,335504,1980,1979,2418,1468,0,0.0045188805
Warm B,307918,1836,1835,2418,1468,1,-0.0009983042
Warm B,278675,1680,1679,2418,1468,1,0.0042219786
Warm B,220791,1339,1338,2418,1468,0,0.0046646073
Warm B,184902,1150,1149,2418,1468,0,0.0062074857
Warm B,331323,1958,1957,2418,1468,0,0.007629442
Warm B,319887,1899,1898,2418,1468,1,0.0033751978
Warm B,164276,1051,1050,2418,1468,0,0.00091716636
Warm B,143608,927,926,2418,1468,1,0.0022773133
Warm B,156554,1010,1009,2418,1468,0,0.003288969
Warm B,137808,889,888,2418,1468,0,0.0025574646
Warm B,159836,1019,1018,2418,1468,0,0.0023090015
Warm B,124751,802,801,2418,1468,1,0.003939004
Warm B,210607,1285,1284,2418,1468,1,0.01941296
Warm B,239705,1449,1448,2418,1468,0,-0.0014283443
Warm B,112281,731,730,2418,1468,1,0.007933159
Warm B,106644,702,701,2418,1468,1,0.009248951
Warm B,267110,1624,1623,2418,1468,1,0.008183487
Warm B,233905,1422,1421,2418,1468,1,0.0072988626
Warm B,304673,1812,1811,2418,1468,0,0.0121534895
Warm B,228016,1383,1382,2418,1468,0,0.013648405
Warm B,190438,1181,1180,2418,1468,0,0.00974865
Warm B,82771,549,548,2418,1468,1,0.010620184
Warm B,83892,550,549,2418,1468,0,-0.0013905359
Warm B,36303,245,244,2418,1468,0,0.0067264196
Warm B,21477,157,156,2418,1468,0,0.0077506676
Warm B,238607,1448,1447,2418,1468,0,0.007703375
Warm B,15453,123,122,2418,1468,1,0.00769965
Warm B,11741,91,90,2418,1468,1,0.0069491384
Warm B,882808,5333,5332,2418,1468,0,-0.0031826615
Warm B,5224,36,35,2418,1468,1,0.0032923603
Warm B,3600,26,25,2418,1468,0,0.013920108
Warm B,60576,411,410,2418,1468,0,0.0091881845
Warm B,892813,5394,5393,2418,1468,0,0.011630766
Warm B,27966,195,194,2418,1468,1,0.015937947
Warm B,237629,1447,1446,2418,1468,0,0.010000574
Warm B,144763,934,933,2418,1468,0,0.007171431
Warm B,464026,2860,2859,2418,1468,0,-0.0040952307
Warm B,157790,1015,1014,2418,1468,1,0.0022376846
Warm B,712732,4277,4276,2418,1468,1,0.005024922
Warm B,561453,3454,3453,2418,1468,0,0.008489072
Warm B,549774,3391,3390,2418,1468,0,-0.0074366434
Warm B,47304,319,318,2419,1469,0,0.0057793073
Warm B,110586,721,720,2419,1469,0,0.013396426
Warm B,276054,1671,1670,2419,1469,1,0.0015972634
Warm B,3021,23,22,2419,1469,0,0.0074021523
Warm B,481625,2962,2961,2419,1469,0,0.009105145
Warm B,140616,904,903,2419,1469,1,0.0016234615
Warm B,101967,678,677,2419,1469,1,0.009836706
Warm B,25982,184,183,2419,1469,1,0.0052656545
Warm B,413139,2485,2484,2419,1469,1,-0.0020263821
Warm B,603999,3675,3674,2429,1477,0,0.00996695
Warm B,602792,3669,3668,2429,1477,0,0.015570527
Warm B,602631,3667,3666,2429,1477,1,0.012739375
Warm B,636139,3834,3833,2429,1477,1,0.0016160093
Warm B,712754,4277,4276,2429,1477,1,0.014634454
Warm B,596334,3626,3625,2429,1477,1,0.0023486428
Warm B,590047,3600,3599,2429,1477,0,9.1758557e-07
Warm B,585542,3576,3575,2429,1477,0,0.009538987
Warm B,758390,4510,4509,2429,1477,0,0.010848792
Warm B,568987,3491,3490,2429,1477,1,0.0127160605
Warm B,555646,3416,3415,2429,1477,1,0.0060378844
Warm B,549420,3390,3389,2429,1477,0,-0.0007521075
Warm B,548889,3389,3388,2429,1477,0,0.0070221955
Warm B,576889,3526,3525,2429,1477,0,0.0026318901
Warm B,542017,3336,3335,2429,1477,0,0.0076145735
Warm B,539752,3320,3319,2429,1477,0,0.0063474057
Warm B,519033,3202,3201,2429,1477,0,0.014560696
Warm B,521354,3217,3216,2429,1477,1,-0.0020043415
Warm B,527256,3261,3260,2429,1477,0,0.012360799
Warm B,509359,3137,3136,2429,1477,0,0.0030534687
Warm B,508138,3128,3127,2429,1477,0,0.0022666852
Warm B,505028,3108,3107,2429,1477,0,0.011306133
Warm B,502816,3087,3086,2429,1477,0,0.0039959084
Warm B,493827,3032,3031,2429,1477,1,0.009729747
Warm B,489124,3012,3011,2429,1477,0,0.00589203
Warm B,487549,2999,2998,2429,1477,0,-0.003179695
Warm B,477880,2934,2933,2429,1477,1,0.008181737
Warm B,472350,2907,2906,2429,1477,0,0.010397248
Warm B,468263,2887,2886,2429,1477,0,0.0012075428
Warm B,646550,3892,3891,2429,1477,0,0.0047357273
Warm B,486904,2996,2995,2429,1477,0,0.0015795757
Warm B,456340,2810,2809,2429,1477,0,0.0048371176
Warm B,453518,2793,2792,2429,1477,1,0.008229207
Warm B,447823,2761,2760,2429,1477,0,0.007087037
Warm B,444520,2743,2742,2429,1477,0,0.011867748
Warm B,564183,3471,3470,2429,1477,0,0.010409623
Warm B,418472,2529,2528,2429,1477,1,0.013868654
Warm B,398692,2374,2373,2429,1477,1,0.006146593
Warm B,391950,2304,2303,2429,1477,0,0.0074705407
Warm B,373840,2181,2180,2429,1477,0,0.002712305
Warm B,369780,2164,2163,2429,1477,1,0.007689366
Warm B,367425,2145,2144,2429,1477,1,0.0016963305
Warm B,356268,2088,2087,2429,1477,1,0.0039550215
Warm B,340445,2010,2009,2429,1477,0,0.005246159
Warm B,318292,1891,1890,2429,1477,0,0.007379826
Warm B,266224,1614,1613,2429,1477,0,0.009858977
Warm B,263862,1606,1605,2429,1477,0,-0.0042638904
Warm B,258907,1586,1585,2429,1477,0,0.012162764
Warm B,247285,1495,1494,2429,1477,0,-0.0018243277
Warm B,225700,1367,1366,2429,1477,0,0.0029661567
Warm B,335527,1980,1979,2429,1477,0,0.025053382
Warm B,325228,1926,1925,2429,1477,1,0.006465189
Warm B,565411,3475,3474,2429,1477,0,0.0064400337
Warm B,278704,1680,1679,2429,1477,0,0.010457559
Warm B,196327,1207,1206,2429,1477,0,0.0041419864
Warm B,293096,1746,1745,2429,1477,1,0.0110065695
Warm B,327669,1941,1940,2429,1477,1,0.008719363
Warm B,331340,1958,1957,2429,1477,0,0.005465165
Warm B,186319,1152,1151,2429,1477,0,0.0029076613
Warm B,307221,1835,1834,2429,1477,1,0.0041496055
Warm B,308397,1837,1836,2429,1477,0,0.00619545
Warm B,177452,1119,1118,2429,1477,0,0.0021310635
Warm B,179436,1125,1124,2429,1477,1,0.005137766
Warm B,173520,1100,1099,2429,1477,0,0.0015654778
Warm B,248670,1501,1500,2429,1477,0,0.002238196
Warm B,168242,1069,1068,2429,1477,0,-0.001430605
Warm B,229168,1389,1388,2429,1477,0,0.0070367116
Warm B,162192,1034,1033,2429,1477,0,0.002265823
Warm B,246188,1489,1488,2429,1477,0,0.0011879685
Warm B,136297,881,880,2429,1477,0,0.0069368025
Warm B,239722,1449,1448,2429,1477,0,0.016998261
Warm B,121001,780,779,2429,1477,1,0.0077064363
Warm B,216370,1314,1313,2429,1477,0,0.0042478545
Warm B,118259,765,764,2429,1477,1,0.004753911
Warm B,98600,660,659,2429,1477,0,0.015198115
Warm B,97712,655,654,2429,1477,0,0.0046092384
Warm B,332491,1962,1961,2429,1477,0,0.0038938848
Warm B,291162,1737,1736,2429,1477,1,0.007324333
Warm B,82792,549,548,2429,1477,1,0.013417497
Warm B,233916,1422,1421,2429,1477,0,0.001222017
Warm B,83906,550,549,2429,1477,0,0.0048435605
Warm B,77224,524,523,2429,1477,0,0.0091097625
Warm B,70370,475,474,2429,1477,0,0.004274254
Warm B,74612,509,508,2429,1477,0,0.01070533
Warm B,110604,721,720,2429,1477,1,0.0032349299
Warm B,44338,302,301,2429,1477,0,-0.0039197425
Warm B,187907,1165,1164,2429,1477,0,0.002092821
Warm B,695861,4169,4168,2429,1477,0,0.016668709
Warm B,39497,268,267,2429,1477,1,0.003723557
Warm B,36329,245,244,2429,1477,0,0.016560884
Warm B,29097,199,198,2429,1477,0,-0.0032633669
Warm B,299941,1779,1778,2429,1477,0,0.0026594782
Warm B,86486,566,565,2429,1477,0,0.012786264
Warm B,15009,119,118,2429,1477,0,0.01433168
Warm B,15470,123,122,2429,1477,0,0.0018616095
Warm B,10473,75,74,2429,1477,1,0.00024515903
Warm B,27994,195,194,2429,1477,1,0.010012851
Warm B,30423,204,203,2429,1477,0,0.0068580024
Warm B,3622,26,25,2429,1477,0,1.9094732e-05
Warm B,49256,329,328,2429,1477,0,0.009075999
Warm B,594,8,7,2429,1477,0,0.0034556696
Warm B,78288,528,527,2429,1477,0,0.00045951875
Warm B,385979,2258,2257,2429,1477,0,0.0013319885
Warm B,18626,146,145,2429,1477,0,-0.0009267853
Warm B,65195,438,437,2429,1477,0,0.0076252827
Warm B,237646,1447,1446,2429,1477,0,0.007171043
Warm B,164292,1051,1050,2429,1477,0,0.012410535
Warm B,101980,678,677,2429,1477,1,0.0032796739
Warm B,171304,1088,1087,2429,1477,1,0.010905338
Warm B,144771,934,933,2429,1477,0,0.0029281748
Warm B,599062,3648,3647,2429,1477,0,0.00833407
Warm B,907568,5492,5491,2429,1477,0,0.009237845
Warm B,139126,890,889,2429,1477,1,0.012506284
Warm B,393940,2321,2320,2429,1477,0,0.008816139
Warm B,958768,5787,5786,2429,1477,0,0.015665323
Warm B,628514,3807,3806,2429,1477,1,0.00034248666
Warm B,216823,1317,1316,2429,1477,0,0.0165932
Warm B,300199,1780,1779,2429,1477,0,0.0110799465
Warm B,484563,2985,2984,2429,1477,0,-0.0007232358
Warm B,877375,5302,5301,2429,1477,0,0.009778776
Warm B,585549,3576,3575,2430,1478,0,0.019737693
Warm B,582391,3558,3557,2430,1478,0,0.015027001
Warm B,744719,4448,4447,2430,1478,1,0.0128328
Warm B,593434,3618,3617,2430,1478,0,0.008104833
Warm B,695881,4169,4168,2430,1478,1,0.0235187
Warm B,548892,3389,3388,2430,1478,0,0.007396002
Warm B,512622,3163,3162,2430,1478,0,0.0019881502
Warm B,566043,3476,3475,2430,1478,0,0.017239787
Warm B,508140,3128,3127,2430,1478,0,0.0074669346
Warm B,505034,3108,3107,2430,1478,0,0.017195348
Warm B,493833,3032,3031,2430,1478,1,0.009287895
Warm B,477885,2934,2933,2430,1478,1,0.012062305
Warm B,712764,4277,4276,2430,1478,1,0.014545305
Warm B,463076,2857,2856,2430,1478,0,0.016636174
Warm B,453527,2793,2792,2430,1478,0,0.013355141
Warm B,444934,2744,2743,2430,1478,0,0.0031873544
Warm B,564189,3471,3470,2430,1478,0,0.016464386
Warm B,418481,2529,2528,2430,1478,1,-0.0010604118
Warm B,414006,2491,2490,2430,1478,0,3.0898664e-05
Warm B,406725,2443,2442,2430,1478,0,0.01234028
Warm B,398186,2368,2367,2430,1478,1,0.011378477
Warm B,379393,2218,2217,2430,1478,1,-0.002218341
Warm B,380146,2223,2222,2430,1478,0,0.017563649
Warm B,377692,2205,2204,2430,1478,0,0.004938812
Warm B,381549,2231,2230,2430,1478,1,0.012733925
Warm B,373848,2181,2180,2430,1478,1,0.008135274
Warm B,369784,2164,2163,2430,1478,1,0.019033175
Warm B,364097,2121,2120,2430,1478,0,0.0024638693
Warm B,364595,2124,2123,2430,1478,1,0.018668365
Warm B,358192,2097,2096,2430,1478,0,0.010748502
Warm B,387477,2265,2264,2430,1478,0,0.0060006306
Warm B,356271,2088,2087,2430,1478,1,0.012366778
Warm B,352913,2067,2066,2430,1478,0,-0.0049413242
Warm B,318294,1891,1890,2430,1478,1,0.011417577
Warm B,278722,1680,1679,2430,1478,1,0.016228266
Warm B,258913,1586,1585,2430,1478,0,0.01974715
Warm B,350650,2059,2058,2430,1478,0,-0.0046449164
Warm B,247287,1495,1494,2430,1478,0,-7.7310484e-05
Warm B,325233,1926,1925,2430,1478,1,0.013326164
Warm B,220574,1337,1336,2430,1478,0,-0.0026513445
Warm B,208628,1274,1273,2430,1478,0,0.01053391
Warm B,203412,1247,1246,2430,1478,0,0.0053536994
Warm B,293100,1746,1745,2430,1478,0,0.013496786
Warm B,269748,1635,1634,2430,1478,1,0.019767156
Warm B,327683,1941,1940,2430,1478,1,0.009582378
Warm B,180172,1128,1127,2430,1478,1,0.0137313055
Warm B,173524,1100,1099,2430,1478,0,0.0061993734
Warm B,172596,1094,1093,2430,1478,0,0.0027811844
Warm B,248676,1501,1500,2430,1478,0,0.0057040066
Warm B,159111,1017,1016,2430,1478,1,0.0073373066
Warm B,137864,889,888,2430,1478,0,0.01768695
Warm B,131008,850,849,2430,1478,1,0.010133283
Warm B,110297,720,719,2430,1478,0,0.00063651823
Warm B,216372,1314,1313,2430,1478,0,0.0023244782
Warm B,102816,679,678,2430,1478,1,0.006278984
Warm B,97716,655,654,2430,1478,0,0.016304031
Warm B,96915,651,650,2430,1478,1,0.015643455
Warm B,316642,1884,1883,2430,1478,1,0.00792422
Warm B,94457,634,633,2430,1478,1,0.0020025587
Warm B,93740,629,628,2430,1478,1,0.0017301263
Warm B,152876,984,983,2430,1478,1,0.0032108568
Warm B,82805,549,548,2430,1478,0,0.016397068
Warm B,198121,1218,1217,2430,1478,0,0.0133041
Warm B,83915,550,549,2430,1478,0,0.022535268
Warm B,70664,476,475,2430,1478,1,-0.0007262456
Warm B,605130,3679,3678,2430,1478,1,0.0040802467
Warm B,187908,1165,1164,2430,1478,0,0.0019339666
Warm B,36341,245,244,2430,1478,0,0.023108527
Warm B,31913,216,215,2430,1478,0,0.005871262
Warm B,29103,199,198,2430,1478,0,0.00609898
Warm B,86496,566,565,2430,1478,0,0.008343942
Warm B,18635,146,145,2430,1478,0,0.013315021
Warm B,10478,75,74,2430,1478,1,-0.0057437117
Warm B,591777,3610,3609,2430,1478,0,0.004838902
Warm B,5645,40,39,2430,1478,1,0.003195211
Warm B,958771,5787,5786,2430,1478,0,0.009890404
Warm B,11906,92,91,2430,1478,0,0.017360467
Warm B,171319,1088,1087,2430,1478,1,0.009651802
Warm B,50599,333,332,2430,1478,0,0.011720665
Warm B,335537,1980,1979,2430,1478,0,0.0092106555
Warm B,285164,1701,1700,2430,1478,1,0.013342015
Warm B,657419,3963,3962,2430,1478,0,0.016139783
Warm B,339103,1998,1997,2430,1478,0,0.013140934
Warm B,857804,5156,5155,2430,1478,1,0.0016706297
Warm B,472361,2907,2906,2432,1480,0,0.010516856
Warm B,470316,2896,2895,2432,1480,0,0.0019419865
Warm B,468081,2886,2885,2432,1480,0,-0.0001646888
Warm B,467599,2882,2881,2432,1480,1,0.00888289
Warm B,456345,2810,2809,2432,1480,0,0.0069957874
Warm B,450599,2777,2776,2432,1480,0,0.0041878843
Warm B,444523,2743,2742,2432,1480,1,0.0039710775
Warm B,466649,2878,2877,2432,1480,0,0.009359457
Warm B,435528,2663,2662,2432,1480,0,0.005166257
Warm B,431347,2628,2627,2432,1480,0,0.008249012
Warm B,423086,2565,2564,2432,1480,0,-0.0026655565
Warm B,419401,2535,2534,2432,1480,0,0.003954829
Warm B,406378,2438,2437,2432,1480,0,-0.002971652
Warm B,404399,2419,2418,2432,1480,0,0.0060466724
Warm B,398187,2368,2367,2432,1480,1,0.006793906
Warm B,362747,2116,2115,2432,1480,1,0.00834503
Warm B,356778,2090,2089,2432,1480,0,-0.0036197093
Warm B,351446,2063,2062,2432,1480,1,0.012331484
Warm B,327684,1941,1940,2432,1480,1,0.009617953
Warm B,274624,1659,1658,2432,1480,0,-0.0024203039
Warm B,274998,1666,1665,2432,1480,0,-0.002145627
Warm B,256634,1569,1568,2432,1480,0,0.007128948
Warm B,231878,1406,1405,2432,1480,1,0.0027030655
Warm B,308403,1837,1836,2432,1480,0,0.009012785
Warm B,321616,1908,1907,2432,1480,1,0.008861544
Warm B,263040,1605,1604,2432,1480,1,0.0059738234
Warm B,188166,1168,1167,2432,1480,0,0.01195993
Warm B,170090,1082,1081,2432,1480,1,0.001315574
Warm B,167692,1068,1067,2432,1480,0,0.007760252
Warm B,175348,1112,1111,2432,1480,0,0.0046826713
Warm B,162202,1034,1033,2432,1480,1,-0.00063997786
Warm B,149204,960,959,2432,1480,0,0.0062481025
Warm B,323673,1920,1919,2432,1480,0,0.0045059975
Warm B,146396,943,942,2432,1480,1,0.008014781
Warm B,142899,922,921,2432,1480,1,-0.004094719
Warm B,360511,2106,2105,2432,1480,0,0.0070889993
Warm B,115902,752,751,2432,1480,0,0.01119208
Warm B,120276,777,776,2432,1480,0,0.0034272752
Warm B,121006,780,779,2432,1480,0,0.00537772
Warm B,107719,710,709,2432,1480,0,0.008691481
Warm B,105883,699,698,2432,1480,0,0.013951274
Warm B,101271,676,675,2432,1480,0,0.008134696
Warm B,176742,1117,1116,2432,1480,0,0.018816628
Warm B,332495,1962,1961,2432,1480,0,-0.00064780726
Warm B,87187,570,569,2432,1480,0,0.016034154
Warm B,86329,564,563,2432,1480,0,0.003549649
Warm B,291165,1737,1736,2432,1480,1,0.0059279613
Warm B,238633,1448,1447,2432,1480,1,0.0065334714
Warm B,299461,1778,1777,2432,1480,1,0.0075517083
Warm B,605131,3679,3678,2432,1480,1,0.0012952681
Warm B,47331,319,318,2432,1480,0,0.008096408
Warm B,355587,2082,2081,2432,1480,0,0.012506871
Warm B,695883,4169,4168,2432,1480,1,0.008277317
Warm B,39503,268,267,2432,1480,1,0.0013978726
Warm B,30206,203,202,2432,1480,0,0.0010855827
Warm B,29439,201,200,2432,1480,1,-0.0033732774
Warm B,26323,187,186,2432,1480,1,0.0109320935
Warm B,24862,175,174,2432,1480,1,0.00039611803
Warm B,306163,1824,1823,2432,1480,1,0.0031343512
Warm B,5492,38,37,2432,1480,0,-0.0031420186
Warm B,4768,34,33,2432,1480,1,0.00020191947
Warm B,5257,36,35,2432,1480,1,0.012071219
Warm B,79154,531,530,2432,1480,0,0.020341076
Warm B,484847,2986,2985,2432,1480,0,0.014335064
Warm B,157828,1015,1014,2432,1480,0,0.007351204
Warm B,78292,528,527,2432,1480,1,0.0044659553
Warm B,399735,2380,2379,2432,1480,0,0.010401443
Warm B,500430,3074,3073,2432,1480,1,0.011433278
Warm B,101988,678,677,2432,1480,1,0.0010522357
Warm B,689758,4126,4125,2432,1480,0,0.006114399
Warm B,331347,1958,1957,2432,1480,1,0.014841561
Warm B,164300,1051,1050,2432,1480,0,0.009921409
Warm B,907571,5492,5491,2432,1480,1,0.0018197878
Warm B,719927,4312,4311,2432,1480,0,0.009511542
Warm B,992857,5998,5997,2432,1480,0,0.0022664198
Warm B,476239,2926,2925,2432,1480,1,0.005064143
Warm B,285165,1701,1700,2432,1480,0,0.017791897
Warm B,805624,4823,4822,2432,1480,0,0.011636529
Warm B,565419,3475,3474,2432,1480,0,0.0016510217
Warm B,179441,1125,1124,2432,1480,1,0.006615801
Warm B,141381,911,910,2432,1480,1,0.010686297
Warm B,203643,1252,1251,2432,1480,1,-0.0016270415
Warm B,748212,4467,4466,2432,1480,1,0.0066797994
Warm B,193464,1194,1193,2432,1480,1,0.0041929716
Warm B,177932,1120,1119,2432,1480,0,0.0040317406
Warm B,974226,5878,5877,2432,1480,1,0.012945022
Warm B,277444,1676,1675,2435,1482,0,0.011645725
Warm B,310052,1845,1844,2435,1482,0,0.014482861
Warm B,355714,2084,2083,2435,1482,1,0.015869604
Warm B,184949,1150,1149,2435,1482,0,0.010705024
Warm B,307230,1835,1834,2435,1482,0,0.01441282
Warm B,168249,1069,1068,2435,1482,0,0.012226902
Warm B,175349,1112,1111,2435,1482,0,0.0074290885
Warm B,167694,1068,1067,2435,1482,1,0.0004772069
Warm B,163672,1050,1049,2435,1482,0,0.008257682
Warm B,337972,1988,1987,2435,1482,0,0.020074463
Warm B,267846,1628,1627,2435,1482,1,0.011915054
Warm B,107269,706,705,2435,1482,0,0.009258101
Warm B,175955,1113,1112,2435,1482,1,0.015206028
Warm B,115905,752,751,2435,1482,0,0.012067892
Warm B,283923,1698,1697,2435,1482,1,0.010816544
Warm B,90560,601,600,2435,1482,1,0.0022095742
Warm B,80031,533,532,2435,1482,0,0.009437189
Warm B,77235,524,523,2435,1482,0,0.019464385
Warm B,74617,509,508,2435,1482,1,0.0023828906
Warm B,197238,1211,1210,2435,1482,0,0.001182351
Warm B,60103,409,408,2435,1482,0,0.0043794895
Warm B,26329,187,186,2435,1482,0,-0.0002020169
Warm B,238636,1448,1447,2435,1482,1,0.005601581
Warm B,9201,62,61,2435,1482,0,0.003459922
Warm B,336890,1983,1982,2435,1482,1,0.021670375
Warm B,157830,1015,1014,2435,1482,1,0.0085805785
Warm B,933338,5636,5635,2435,1482,0,0.014753643
Warm B,631376,3821,3820,2435,1482,0,0.013732174
Warm B,519166,3203,3202,2435,1482,0,0.013981333
Warm B,801314,4802,4801,2435,1482,0,0.0053957547
Warm B,712769,4277,4276,2435,1482,0,0.020912612
Warm B,892830,5394,5393,2435,1482,0,0.014911691
Warm B,381934,2232,2231,2435,1482,0,-0.0016088043
Warm B,176743,1117,1116,2435,1482,0,-0.00022672536
Warm B,35444,239,238,2435,1482,1,0.007392315
Warm B,71809,482,481,2435,1482,0,0.0077552046
Warm B,312784,1865,1864,2435,1482,0,0.012062224
Warm B,823237,4950,4949,2435,1482,0,0.025005931
Warm B,718456,4305,4304,2435,1482,1,0.012902555
Warm B,446746,2753,2752,2436,1483,0,0.0045316136
Warm B,443713,2737,2736,2436,1483,1,0.0038123894
Warm B,442354,2724,2723,2436,1483,1,-0.0050598914
Warm B,435377,2661,2660,2436,1483,1,0.003439644
Warm B,426084,2588,2587,2436,1483,0,-0.00360577
Warm B,558432,3430,3429,2436,1483,0,0.00066595804
Warm B,419402,2535,2534,2436,1483,1,0.011970747
Warm B,416400,2507,2506,2436,1483,1,0.006624328
Warm B,464036,2860,2859,2436,1483,0,0.0035674614
Warm B,393839,2320,2319,2436,1483,1,-0.0012159464
Warm B,388683,2277,2276,2436,1483,0,-0.00082962343
Warm B,418483,2529,2528,2436,1483,0,0.0023497846
Warm B,375477,2188,2187,2436,1483,1,-0.00066902535
Warm B,362751,2116,2115,2436,1483,1,0.0073483856
Warm B,339643,2002,2001,2436,1483,1,0.013897419
Warm B,286216,1709,1708,2436,1483,1,-0.004460161
Warm B,269479,1634,1633,2436,1483,1,-0.0024213502
Warm B,268461,1631,1630,2436,1483,1,0.0033341108
Warm B,280731,1685,1684,2436,1483,1,0.009387749
Warm B,357278,2092,2091,2436,1483,1,0.0007288635
Warm B,335542,1980,1979,2436,1483,0,0.0057999706
Warm B,223335,1354,1353,2436,1483,1,0.0050225025
Warm B,321619,1908,1907,2436,1483,0,0.004710154
Warm B,174818,1107,1106,2436,1483,0,0.0010895929
Warm B,143613,927,926,2436,1483,0,-0.0027713273
Warm B,216830,1317,1316,2436,1483,1,0.007469327
Warm B,131011,850,849,2436,1483,0,0.005186547
Warm B,263043,1605,1604,2436,1483,1,0.0008882623
Warm B,360514,2106,2105,2436,1483,0,0.0032559298
Warm B,235483,1426,1425,2436,1483,1,0.0041553834
Warm B,112299,731,730,2436,1483,1,0.016768593
Warm B,110612,721,720,2436,1483,1,-0.004474378
Warm B,695889,4169,4168,2436,1483,0,0.012577231
Warm B,283925,1698,1697,2436,1483,1,0.003917371
Warm B,85022,553,552,2436,1483,1,-0.0021365345
Warm B,74618,509,508,2436,1483,0,-0.0013156678
Warm B,59720,406,405,2436,1483,0,-0.0030195331
Warm B,29442,201,200,2436,1483,0,0.0031071226
Warm B,934636,5643,5642,2436,1483,0,0.0040843263
Warm B,500431,3074,3073,2436,1483,1,-0.0014291336
Warm B,25784,182,181,2436,1483,1,0.0003610761
Warm B,10758,78,77,2436,1483,0,-0.0023767168
Warm B,49275,329,328,2436,1483,0,0.0017909482
Warm B,9202,62,61,2436,1483,1,0.008325698
Warm B,1072,10,9,2436,1483,1,-0.007012576
Warm B,206683,1266,1265,2436,1483,0,0.011573587
Warm B,42729,293,292,2436,1483,0,0.0073765884
Warm B,394931,2333,2332,2436,1483,0,-0.0040800446
Warm B,327686,1941,1940,2436,1483,1,0.0057058055
Warm B,921012,5565,5564,2436,1483,1,0.0062077064
Warm B,537753,3312,3311,2436,1483,0,0.0012590345
Warm B,969015,5841,5840,2436,1483,0,0.0048383316
Warm B,206257,1265,1264,2436,1483,0,0.003601187
Warm B,902739,5458,5457,2436,1483,1,0.00016652641
Warm B,371555,2172,2171,2436,1483,1,0.0123867635
Warm B,699583,4186,4185,2436,1483,0,-0.0016855884
Warm B,398950,2376,2375,2436,1483,1,0.0031805146
Warm B,115908,752,751,2436,1483,0,-0.00041971635
Warm B,748213,4467,4466,2436,1483,0,0.0021787982
Warm B,193465,1194,1193,2436,1483,0,-0.009964253
Warm B,638926,3842,3841,2436,1483,1,0.009808397
Warm B,575140,3519,3518,2436,1483,1,0.0040195384
Warm B,97718,655,654,2437,1484,1,0.008159695
Warm B,89964,593,592,2437,1484,1,-0.000450662
Warm B,89534,590,589,2437,1484,1,-0.0003759839
Warm B,85081,554,553,2437,1484,0,0.00018996606
Warm B,84738,551,550,2437,1484,1,-0.0014380491
Warm B,74619,509,508,2437,1484,1,0.0019543045
Warm B,155235,1001,1000,2437,1484,0,0.0045493436
Warm B,553755,3410,3409,2437,1484,1,0.0175277
Warm B,41433,281,280,2437,1484,0,0.0072814776
Warm B,26331,187,186,2437,1484,1,0.008166879
Warm B,334,5,4,2437,1484,0,0.009062586
Warm B,223336,1354,1353,2437,1484,0,0.008006365
Warm B,901373,5450,5449,2437,1484,1,0.013220849
Warm B,384650,2247,2246,2437,1484,1,0.004563322
Warm B,157834,1015,1014,2437,1484,1,0.013692582
Warm B,416403,2507,2506,2437,1484,1,0.016616967
Warm B,933341,5636,5635,2437,1484,0,0.008403165
Warm B,101990,678,677,2437,1484,1,0.0064703543
Warm B,927453,5605,5604,2437,1484,1,0.004198425
Warm B,608989,3693,3692,2437,1484,0,0.0014323192
Warm B,821547,4940,4939,2437,1484,1,0.005275932
Warm B,958773,5787,5786,2437,1484,0,0.0077539864
Warm B,511782,3158,3157,2437,1484,1,0.012030553
Warm B,193466,1194,1193,2437,1484,1,0.024600111
Warm B,974230,5878,5877,2437,1484,0,0.001883614
Warm B,608161,3690,3689,2439,1485,0,-0.0018346962
Warm B,585090,3572,3571,2439,1485,0,0.0008180118
Warm B,578690,3538,3537,2439,1485,1,0.011734875
Warm B,571898,3507,3506,2439,1485,0,0.0027377717
Warm B,644134,3882,3881,2439,1485,1,0.0013217805
Warm B,568997,3491,3490,2439,1485,1,-0.0021273308
Warm B,593450,3618,3617,2439,1485,0,0.0063793147
Warm B,557570,3425,3424,2439,1485,1,0.0016429978
Warm B,553758,3410,3409,2439,1485,1,0.009962887
Warm B,549810,3391,3390,2439,1485,1,-0.002711947
Warm B,541203,3329,3328,2439,1485,0,0.0041964822
Warm B,542025,3336,3335,2439,1485,0,-0.0009399392
Warm B,535506,3305,3304,2439,1485,1,-0.0013444264
Warm B,534290,3299,3298,2439,1485,1,0.009478838
Warm B,533064,3292,3291,2439,1485,1,0.0018837154
Warm B,531978,3285,3284,2439,1485,1,0.005777171
Warm B,529044,3271,3270,2439,1485,1,0.0037196446
Warm B,830897,4995,4994,2439,1485,1,-0.009352739
Warm B,520504,3210,3209,2439,1485,1,-0.0026725507
Warm B,519168,3203,3202,2439,1485,0,0.004193281
Warm B,526185,3253,3252,2439,1485,0,0.0077902856
Warm B,893588,5395,5394,2439,1485,1,0.017612634
Warm B,502366,3083,3082,2439,1485,1,0.013545912
Warm B,502034,3082,3081,2439,1485,0,0.0023065647
Warm B,498702,3065,3064,2439,1485,1,0.00062387437
Warm B,712772,4277,4276,2439,1485,1,0.004667968
Warm B,496836,3053,3052,2439,1485,0,-0.0027059992
Warm B,493259,3031,3030,2439,1485,1,0.027755896
Warm B,738067,4411,4410,2439,1485,0,0.00919821
Warm B,489887,3014,3013,2439,1485,1,-0.0046661263
Warm B,888558,5367,5366,2439,1485,1,0.013719153
Warm B,482590,2967,2966,2439,1485,0,-0.002378189
Warm B,480795,2952,2951,2439,1485,1,0.0129262535
Warm B,475064,2916,2915,2439,1485,1,0.017530197
Warm B,467728,2883,2882,2439,1485,1,0.0020193863
Warm B,466654,2878,2877,2439,1485,1,0.0027643312
Warm B,465554,2872,2871,2439,1485,1,0.006969973
Warm B,464601,2863,2862,2439,1485,1,0.0072667925
Warm B,458855,2825,2824,2439,1485,1,-0.0011916067
Warm B,443315,2733,2732,2439,1485,1,0.00018385146
Warm B,446315,2752,2751,2439,1485,0,-0.00051935203
Warm B,564195,3471,3470,2439,1485,0,0.008952432
Warm B,440912,2700,2699,2439,1485,1,0.011145099
Warm B,695894,4169,4168,2439,1485,0,0.010457492
Warm B,438252,2679,2678,2439,1485,0,-1.8686522e-05
Warm B,605617,3681,3680,2439,1485,0,0.008823968
Warm B,424187,2572,2571,2439,1485,1,0.009630756
Warm B,417449,2517,2516,2439,1485,0,-0.0055057267
Warm B,416407,2507,2506,2439,1485,1,0.022175703
Warm B,408022,2453,2452,2439,1485,1,-0.0007374659
Warm B,398953,2376,2375,2439,1485,1,0.0060330997
Warm B,398192,2368,2367,2439,1485,1,0.008029817
Warm B,391555,2303,2302,2439,1485,1,-0.012351744
Warm B,390902,2295,2294,2439,1485,1,0.00060866587
Warm B,389876,2288,2287,2439,1485,1,0.00252489
Warm B,388589,2276,2275,2439,1485,1,-0.007900734
Warm B,384864,2248,2247,2439,1485,1,-0.0007318803
Warm B,382741,2237,2236,2439,1485,1,0.0101008825
Warm B,368156,2151,2150,2439,1485,0,-0.0057588397
Warm B,359241,2102,2101,2439,1485,1,0.0021986323
Warm B,348876,2047,2046,2439,1485,1,0.011238657
Warm B,340280,2009,2008,2439,1485,1,0.0051682433
Warm B,337397,1984,1983,2439,1485,1,0.0072839037
Warm B,335548,1980,1979,2439,1485,1,0.0054169167
Warm B,306929,1833,1832,2439,1485,0,-0.0040431693
Warm B,326376,1932,1931,2439,1485,0,-0.0085848095
Warm B,292150,1741,1740,2439,1485,0,0.002351836
Warm B,278730,1680,1679,2439,1485,0,0.01741162
Warm B,267486,1626,1625,2439,1485,0,0.0025129677
Warm B,246811,1491,1490,2439,1485,1,0.008023596
Warm B,260605,1593,1592,2439,1485,0,0.006118161
Warm B,631381,3821,3820,2439,1485,0,0.0056594335
Warm B,226652,1374,1373,2439,1485,0,-0.0034901854
Warm B,219729,1333,1332,2439,1485,1,0.00063080713
Warm B,207923,1272,1271,2439,1485,1,-0.001973338
Warm B,307928,1836,1835,2439,1485,1,0.00021687243
Warm B,210642,1285,1284,2439,1485,0,0.010488117
Warm B,200737,1233,1232,2439,1485,1,-0.0051775323
Warm B,200612,1232,1231,2439,1485,1,0.007652966
Warm B,199304,1224,1223,2439,1485,1,0.0063140183
Warm B,184956,1150,1149,2439,1485,0,0.0073643606
Warm B,307233,1835,1834,2439,1485,1,0.019297112
Warm B,168253,1069,1068,2439,1485,1,0.009106625
Warm B,175353,1112,1111,2439,1485,0,0.00015383027
Warm B,166325,1059,1058,2439,1485,0,0.01993873
Warm B,330652,1952,1951,2439,1485,1,0.004505627
Warm B,190503,1181,1180,2439,1485,0,-0.004675885
Warm B,154050,992,991,2439,1485,0,0.0049295416
Warm B,234770,1425,1424,2439,1485,1,0.015144106
Warm B,244837,1474,1473,2439,1485,1,0.007298141
Warm B,169507,1077,1076,2439,1485,1,0.017404087
Warm B,148669,957,956,2439,1485,1,0.0012914687
Warm B,270751,1639,1638,2439,1485,0,0.0002899915
Warm B,195250,1203,1202,2439,1485,1,-0.0071605365
Warm B,154569,998,997,2439,1485,1,0.0066256695
Warm B,156587,1010,1009,2439,1485,1,0.006548756
Warm B,137873,889,888,2439,1485,0,0.00876382
Warm B,199988,1228,1227,2439,1485,1,0.014037773
Warm B,230281,1393,1392,2439,1485,1,0.010411887
Warm B,263047,1605,1604,2439,1485,0,-0.0012590545
Warm B,115913,752,751,2439,1485,0,0.00397999
Warm B,110615,721,720,2439,1485,0,0.01159244
Warm B,89965,593,592,2439,1485,1,-0.011092849
Warm B,72891,493,492,2439,1485,1,0.007748466
Warm B,71810,482,481,2439,1485,1,0.008836402
Warm B,60107,409,408,2439,1485,0,0.008666405
Warm B,68154,457,456,2439,1485,1,-0.0012298219
Warm B,60610,411,410,2439,1485,0,0.010418996
Warm B,22419,163,162,2439,1485,0,0.001088677
Warm B,359927,2105,2104,2439,1485,1,0.0039577037
Warm B,9938,69,68,2439,1485,1,-0.0045418036
Warm B,902741,5458,5457,2439,1485,0,-0.001492362
Warm B,206686,1266,1265,2439,1485,0,0.004668638
Warm B,772066,4602,4601,2439,1485,1,0.007503321
Warm B,50032,331,330,2439,1485,1,0.0021878816
Warm B,157838,1015,1014,2439,1485,1,0.006945667
Warm B,354731,2077,2076,2439,1485,1,0.013896715
Warm B,239742,1449,1448,2439,1485,0,0.0035158931
Warm B,257461,1579,1578,2439,1485,1,0.012035092
Warm B,497103,3054,3053,2439,1485,0,0.0076659992
Warm B,413640,2489,2488,2439,1485,0,0.012220825
Warm B,992859,5998,5997,2439,1485,0,0.00050259416
Warm B,47341,319,318,2439,1485,1,0.002328982
Warm B,129215,839,838,2439,1485,1,0.0078095933
Warm B,331352,1958,1957,2439,1485,0,-0.008419895
Warm B,287611,1717,1716,2439,1485,0,0.013111084
Warm B,285169,1701,1700,2439,1485,1,0.005732743
Warm B,171326,1088,1087,2439,1485,1,0.009338753
Warm B,25893,183,182,2439,1485,1,0.00014437363
Warm B,526998,3260,3259,2439,1485,0,0.0003276138
Warm B,322132,1912,1911,2439,1485,0,0.011060133
Warm B,846950,5090,5089,2439,1485,1,0.006349373
Warm B,795978,4771,4770,2439,1485,0,-0.004220537
Warm B,193470,1194,1193,2439,1485,1,0.0013892082
Warm B,62628,424,423,2439,1485,1,0.005405145
Warm B,974232,5878,5877,2439,1485,1,0.016121734
Warm B,937175,5654,5653,2439,1485,0,0.0042900736
Warm B,984521,5950,5949,2439,1485,1,0.0044746967
Warm B,428528,2608,2607,2442,1486,0,0.004376297
Warm B,425872,2584,2583,2442,1486,1,-0.007292266
Warm B,425218,2581,2580,2442,1486,1,-0.0022681225
Warm B,408029,2453,2452,2442,1486,1,0.0010187896
Warm B,398957,2376,2375,2442,1486,1,-0.0015165769
Warm B,398193,2368,2367,2442,1486,1,0.005542474
Warm B,369320,2161,2160,2442,1486,1,-0.0020476296
Warm B,359930,2105,2104,2442,1486,1,-0.0056869616
Warm B,353948,2073,2072,2442,1486,1,0.00016472174
Warm B,348880,2047,2046,2442,1486,0,0.0020922055
Warm B,335558,1980,1979,2442,1486,1,0.0035636863
Warm B,332966,1963,1962,2442,1486,1,-0.0068272343
Warm B,318611,1894,1893,2442,1486,1,0.00023540878
Warm B,323089,1916,1915,2442,1486,1,0.0031964653
Warm B,330371,1950,1949,2442,1486,1,0.002818872
Warm B,301039,1788,1787,2442,1486,1,-0.008296029
Warm B,301192,1790,1789,2442,1486,0,-0.0099856835
Warm B,278744,1680,1679,2442,1486,1,0.004035443
Warm B,268850,1632,1631,2442,1486,0,0.008907776
Warm B,267488,1626,1625,2442,1486,0,0.0028743346
Warm B,264094,1607,1606,2442,1486,0,0.0007588217
Warm B,246814,1491,1490,2442,1486,1,0.0063548815
Warm B,332503,1962,1961,2442,1486,1,0.0024848566
Warm B,325244,1926,1925,2442,1486,1,-0.00034682627
Warm B,319186,1897,1896,2442,1486,0,-0.0042775115
Warm B,296326,1758,1757,2442,1486,1,0.0027039377
Warm B,209354,1279,1278,2442,1486,1,0.004200733
Warm B,270757,1639,1638,2442,1486,1,-0.0028761504
Warm B,195255,1203,1202,2442,1486,0,0.00040420308
Warm B,169763,1078,1077,2442,1486,1,0.004566016
Warm B,168259,1069,1068,2442,1486,0,-0.008087598
Warm B,334471,1974,1973,2442,1486,0,0.00089179864
Warm B,161821,1032,1031,2442,1486,1,-0.0056322366
Warm B,160825,1022,1021,2442,1486,1,-0.0004258689
Warm B,234775,1425,1424,2442,1486,1,-0.0010365203
Warm B,150008,966,965,2442,1486,1,-0.0036507046
Warm B,149205,960,959,2442,1486,1,0.005353637
Warm B,148672,957,956,2442,1486,1,-0.007654364
Warm B,148051,954,953,2442,1486,1,-0.0050835824
Warm B,146397,943,942,2442,1486,0,-0.013612702
Warm B,143823,928,927,2442,1486,1,0.012276046
Warm B,184967,1150,1149,2442,1486,0,0.011715753
Warm B,137885,889,888,2442,1486,0,-0.002156702
Warm B,136318,881,880,2442,1486,0,0.008667123
Warm B,131020,850,849,2442,1486,1,0.009816856
Warm B,199992,1228,1227,2442,1486,1,0.0051464904
Warm B,263052,1605,1604,2442,1486,1,0.008003317
Warm B,115919,752,751,2442,1486,1,-0.0032135795
Warm B,107272,706,705,2442,1486,1,0.008148999
Warm B,105053,696,695,2442,1486,1,0.00077426643
Warm B,92907,622,621,2442,1486,1,0.009601586
Warm B,695913,4169,4168,2442,1486,1,0.0031416523
Warm B,89966,593,592,2442,1486,1,-0.0070338827
Warm B,432066,2634,2633,2442,1486,1,-0.0011865853
Warm B,169510,1077,1076,2442,1486,0,0.00048974995
Warm B,84743,551,550,2442,1486,1,0.0032285657
Warm B,74627,509,508,2442,1486,1,0.00094988104
Warm B,155241,1001,1000,2442,1486,1,-0.005068048
Warm B,132296,855,854,2442,1486,1,0.007318349
Warm B,47357,319,318,2442,1486,1,0.006195682
Warm B,61218,412,411,2442,1486,1,0.008609344
Warm B,50041,331,330,2442,1486,1,-0.0069812173
Warm B,153622,987,986,2442,1486,0,0.0066173878
Warm B,24873,175,174,2442,1486,0,-0.007937199
Warm B,26337,187,186,2442,1486,1,-0.004870522
Warm B,33405,225,224,2442,1486,1,0.004214652
Warm B,5501,38,37,2442,1486,1,0.011157822
Warm B,4086,30,29,2442,1486,0,-0.0006645667
Warm B,624,8,7,2442,1486,1,0.0057483064
Warm B,206691,1266,1265,2442,1486,1,0.0048450665
Warm B,157854,1015,1014,2442,1486,1,0.011444059
Warm B,933346,5636,5635,2442,1486,0,-0.00036807195
Warm B,573428,3512,3511,2442,1486,1,0.0070046852
Warm B,777651,4647,4646,2442,1486,1,0.0017786543
Warm B,460566,2841,2840,2442,1486,1,-0.007293344
Warm B,916618,5539,5538,2442,1486,0,0.0031747515
Warm B,484854,2986,2985,2442,1486,1,0.014907537
Warm B,189259,1173,1172,2442,1486,1,0.009923041
Warm B,772605,4607,4606,2442,1486,1,-0.0010225354
Warm B,960234,5792,5791,2442,1486,1,0.0026035723
Warm B,537760,3312,3311,2442,1486,0,0.00070591155
Warm B,992860,5998,5997,2442,1486,0,0.008231044
Warm B,71819,482,481,2442,1486,0,0.0018560514
Warm B,312791,1865,1864,2442,1486,1,-0.0003308463
Warm B,179450,1125,1124,2442,1486,1,0.005031117
Warm B,370902,2168,2167,2442,1486,0,0.0057914117
Warm B,464043,2860,2859,2442,1486,1,0.0004714913
Warm B,285174,1701,1700,2442,1486,0,0.002396009
Warm B,797947,4785,4784,2442,1486,1,-0.006351269
Warm B,977856,5892,5891,2442,1486,1,-0.0017652488
Warm B,171341,1088,1087,2442,1486,1,-0.0003628903
Warm B,806686,4829,4828,2442,1486,1,0.010656772
Warm B,34669,235,234,2442,1486,1,0.006344349
Warm B,187514,1164,1163,2442,1486,1,0.0040764627
Warm B,846953,5090,5089,2442,1486,1,-0.0015492293
Warm B,807122,4831,4830,2442,1486,1,0.008123544
Warm B,193474,1194,1193,2442,1486,0,0.008040752
Warm B,616624,3732,3731,2442,1486,1,0.001631814
Warm B,33902,229,228,2442,1486,1,0.0040342677
Warm B,937614,5657,5656,2442,1486,0,0.007760248
Warm B,385877,2257,2256,2443,1487,1,0.0024665683
Warm B,374612,2183,2182,2443,1487,0,0.0088517405
Warm B,373137,2179,2178,2443,1487,1,0.009831435
Warm B,373861,2181,2180,2443,1487,1,0.016270872
Warm B,358799,2100,2099,2443,1487,0,0.003409674
Warm B,353949,2073,2072,2443,1487,1,0.00859133
Warm B,351465,2063,2062,2443,1487,0,0.017312964
Warm B,350530,2058,2057,2443,1487,1,0.0064816973
Warm B,347900,2041,2040,2443,1487,0,0.01070638
Warm B,345605,2027,2026,2443,1487,0,0.009263953
Warm B,324730,1924,1923,2443,1487,1,0.011831668
Warm B,303710,1804,1803,2443,1487,1,0.005447178
Warm B,277454,1676,1675,2443,1487,0,0.0092030335
Warm B,282544,1694,1693,2443,1487,1,0.0061429483
Warm B,267489,1626,1625,2443,1487,1,0.01092963
Warm B,262667,1602,1601,2443,1487,1,0.002249973
Warm B,236589,1436,1435,2443,1487,1,-0.0033621597
Warm B,214262,1301,1300,2443,1487,0,0.012585959
Warm B,211747,1288,1287,2443,1487,1,0.008591957
Warm B,203843,1254,1253,2443,1487,1,0.0040686736
Warm B,200969,1239,1238,2443,1487,1,0.0020068735
Warm B,202341,1244,1243,2443,1487,1,0.013133215
Warm B,193123,1193,1192,2443,1487,1,0.012367779
Warm B,189597,1175,1174,2443,1487,1,0.007667099
Warm B,189260,1173,1172,2443,1487,0,0.0073650004
Warm B,188857,1172,1171,2443,1487,1,0.02340927
Warm B,186322,1152,1151,2443,1487,0,0.008401723
Warm B,316156,1883,1882,2443,1487,0,0.016786836
Warm B,182335,1138,1137,2443,1487,1,0.008126299
Warm B,166331,1059,1058,2443,1487,1,0.015344668
Warm B,219465,1331,1330,2443,1487,1,0.013448101
Warm B,150009,966,965,2443,1487,0,0.010960008
Warm B,246204,1489,1488,2443,1487,0,0.014468474
Warm B,137887,889,888,2443,1487,0,0.014953842
Warm B,131755,854,853,2443,1487,1,0.010813062
Warm B,128907,838,837,2443,1487,1,0.0063575776
Warm B,181884,1137,1136,2443,1487,1,0.012445183
Warm B,252154,1527,1526,2443,1487,0,0.012249496
Warm B,223342,1354,1353,2443,1487,0,0.006124892
Warm B,360525,2106,2105,2443,1487,1,0.0088184625
Warm B,176751,1117,1116,2443,1487,1,0.006998553
Warm B,97722,655,654,2443,1487,0,0.008966118
Warm B,89967,593,592,2443,1487,1,0.008805946
Warm B,74628,509,508,2443,1487,0,0.0075202044
Warm B,69368,465,464,2443,1487,0,0.0034628843
Warm B,64154,429,428,2443,1487,0,0.017737733
Warm B,42458,290,289,2443,1487,0,-1.316017e-05
Warm B,312792,1865,1864,2443,1487,0,0.003930917
Warm B,61219,412,411,2443,1487,1,0.0061271666
Warm B,33117,224,223,2443,1487,1,0.011966445
Warm B,30208,203,202,2443,1487,1,0.01114938
Warm B,26338,187,186,2443,1487,1,0.0064767427
Warm B,6390,45,44,2443,1487,1,0.004265968
Warm B,79168,531,530,2443,1487,0,0.008138134
Warm B,22176,162,161,2443,1487,1,0.002183481
Warm B,157855,1015,1014,2443,1487,0,0.019902546
Warm B,27083,192,191,2443,1487,0,0.009160202
Warm B,76295,518,517,2443,1487,1,0.005304268
Warm B,570944,3503,3502,2443,1487,0,0.010909211
Warm B,484855,2986,2985,2443,1487,0,0.01869448
Warm B,263053,1605,1604,2443,1487,1,0.006418525
Warm B,915712,5536,5535,2443,1487,1,0.017424189
Warm B,730531,4371,4370,2443,1487,1,0.013438549
Warm B,171342,1088,1087,2443,1487,0,0.007907681
Warm B,319187,1897,1896,2443,1487,0,0.014050223
Warm B,295556,1755,1754,2443,1487,0,0.008390248
Warm B,536876,3311,3310,2445,1488,0,0.0031895682
Warm B,223345,1354,1353,2445,1488,0,0.0017817821
Warm B,79171,531,530,2445,1488,0,-0.000891711
Warm B,506121,3113,3112,2445,1488,1,0.007866221
Warm B,78301,528,527,2445,1488,0,0.01428559
Warm B,169210,1074,1073,2445,1488,1,-0.009466954
Warm B,682219,4085,4084,2445,1488,0,0.0074932855
Warm B,413646,2489,2488,2445,1488,0,0.0045859204
Warm B,892833,5394,5393,2445,1488,0,0.011741677
Warm B,902744,5458,5457,2445,1488,0,0.010121978
Warm B,51390,338,337,2445,1488,0,0.0011399556
Warm B,327706,1941,1940,2445,1488,0,0.005272813
Warm B,171345,1088,1087,2445,1488,0,0.006098845
Warm B,272694,1647,1646,2445,1488,0,0.013019156
Warm B,933347,5636,5635,2446,1489,0,0.011375714
Warm B,234779,1425,1424,2446,1489,1,0.013327171
Warm B,295557,1755,1754,2446,1489,0,0.004256754
Warm B,629141,3808,3807,2448,1491,0,0.020690203
Warm B,621086,3762,3761,2448,1491,0,0.01602353
Warm B,623240,3771,3770,2448,1491,0,0.006602752
Warm B,617255,3736,3735,2448,1491,0,0.008193053
Warm B,747047,4458,4457,2448,1491,0,0.014265433
Warm B,616454,3731,3730,2448,1491,0,0.004291524
Warm B,744728,4448,4447,2448,1491,1,0.011880002
Warm B,596356,3626,3625,2448,1491,0,0.0011543902
Warm B,587722,3589,3588,2448,1491,0,0.006974944
Warm B,653994,3942,3941,2448,1491,0,0.014762981
Warm B,574264,3516,3515,2448,1491,0,0.011788057
Warm B,604933,3678,3677,2448,1491,0,0.002717709
Warm B,657047,3961,3960,2448,1491,0,0.006129959
Warm B,539346,3317,3316,2448,1491,0,0.0053823376
Warm B,536882,3311,3310,2448,1491,0,0.0058335634
Warm B,542033,3336,3335,2448,1491,0,0.010415551
Warm B,530851,3280,3279,2448,1491,0,0.006158334
Warm B,524007,3230,3229,2448,1491,1,0.0049959384
Warm B,517361,3193,3192,2448,1491,0,-0.0012174288
Warm B,566058,3476,3475,2448,1491,0,-0.0005962332
Warm B,507438,3123,3122,2448,1491,0,0.013576809
Warm B,507161,3121,3120,2448,1491,0,0.0043297475
Warm B,516319,3189,3188,2448,1491,0,0.013069942
Warm B,640970,3853,3852,2448,1491,0,0.00083421636
Warm B,491551,3024,3023,2448,1491,1,0.005359102
Warm B,472374,2907,2906,2448,1491,0,0.016196841
Warm B,473297,2909,2908,2448,1491,1,0.02025361
Warm B,463089,2857,2856,2448,1491,0,0.00957905
Warm B,462205,2852,2851,2448,1491,0,0.004373839
Warm B,461769,2848,2847,2448,1491,0,0.0049103135
Warm B,438959,2682,2681,2448,1491,0,0.017281637
Warm B,426384,2590,2589,2448,1491,0,0.011744415
Warm B,423095,2565,2564,2448,1491,1,0.013325018
Warm B,398070,2366,2365,2448,1491,0,0.01102498
Warm B,389888,2288,2287,2448,1491,0,0.005066045
Warm B,406770,2444,2443,2448,1491,0,0.013324847
Warm B,386544,2261,2260,2448,1491,0,0.0025151633
Warm B,377117,2203,2202,2448,1491,1,0.008386769
Warm B,376811,2200,2199,2448,1491,0,0.005950544
Warm B,370645,2167,2166,2448,1491,0,-0.004761155
Warm B,367428,2145,2144,2448,1491,0,0.0068446277
Warm B,366758,2138,2137,2448,1491,0,0.006777267
Warm B,366079,2131,2130,2448,1491,0,0.019265912
Warm B,365341,2126,2125,2448,1491,0,0.001566322
Warm B,358405,2098,2097,2448,1491,0,0.011502758
Warm B,351475,2063,2062,2448,1491,0,0.005276516
Warm B,340464,2010,2009,2448,1491,0,0.0011541955
Warm B,339832,2004,2003,2448,1491,0,0.008739569
Warm B,323496,1919,1918,2448,1491,0,-0.0052294796
Warm B,330374,1950,1949,2448,1491,0,0.0005565663
Warm B,324315,1922,1921,2448,1491,0,0.0054445527
Warm B,300855,1784,1783,2448,1491,0,0.0053393557
Warm B,305436,1817,1816,2448,1491,0,0.012373738
Warm B,297341,1764,1763,2448,1491,0,0.0077135144
Warm B,293103,1746,1745,2448,1491,1,0.00017799682
Warm B,303462,1803,1802,2448,1491,0,0.0068368614
Warm B,278756,1680,1679,2448,1491,0,0.013630445
Warm B,277462,1676,1675,2448,1491,0,0.018704243
Warm B,276802,1675,1674,2448,1491,0,0.0078023933
Warm B,275421,1667,1666,2448,1491,0,0.0062648715
Warm B,271399,1641,1640,2448,1491,0,0.0008344536
Warm B,267494,1626,1625,2448,1491,0,0.00056769524
Warm B,268300,1630,1629,2448,1491,0,0.0039274115
Warm B,266588,1617,1616,2448,1491,0,0.011447574
Warm B,242648,1465,1464,2448,1491,1,0.0073445197
Warm B,226008,1369,1368,2448,1491,1,0.005341738
Warm B,226983,1377,1376,2448,1491,0,0.008060463
Warm B,224627,1358,1357,2448,1491,0,0.017436914
Warm B,232990,1418,1417,2448,1491,0,0.011495391
Warm B,224435,1357,1356,2448,1491,0,0.008035924
Warm B,368284,2153,2152,2448,1491,0,0.0086166505
Warm B,221786,1341,1340,2448,1491,0,-0.0004861789
Warm B,221150,1340,1339,2448,1491,0,0.0048731873
Warm B,224045,1356,1355,2448,1491,0,0.0040599992
Warm B,214047,1300,1299,2448,1491,0,0.0056304745
Warm B,261616,1599,1598,2448,1491,0,0.000259215
Warm B,198764,1221,1220,2448,1491,1,0.0006911516
Warm B,196111,1206,1205,2448,1491,0,0.0034074099
Warm B,327713,1941,1940,2448,1491,0,0.013489187
Warm B,321621,1908,1907,2448,1491,0,0.00547461
Warm B,178814,1122,1121,2448,1491,0,0.005896992
Warm B,183885,1146,1145,2448,1491,0,0.0013127036
Warm B,150926,971,970,2448,1491,0,0.009881796
Warm B,147617,950,949,2448,1491,0,-0.0012001703
Warm B,146842,948,947,2448,1491,0,-0.00036482664
Warm B,137892,889,888,2448,1491,0,0.010225211
Warm B,137300,885,884,2448,1491,0,0.0061331126
Warm B,136073,880,879,2448,1491,0,0.011217884
Warm B,114069,741,740,2448,1491,0,-0.0012580582
Warm B,113214,735,734,2448,1491,0,0.009509241
Warm B,107736,710,709,2448,1491,0,0.016758384
Warm B,99406,663,662,2448,1491,1,0.0045623556
Warm B,87406,571,570,2448,1491,0,-0.00023893826
Warm B,308419,1837,1836,2448,1491,0,0.011114823
Warm B,86028,563,562,2448,1491,0,0.017866418
Warm B,81507,543,542,2448,1491,1,0.012434047
Warm B,250319,1509,1508,2448,1491,0,0.0006674335
Warm B,362769,2116,2115,2448,1491,0,0.0053556473
Warm B,83929,550,549,2448,1491,0,0.0007813112
Warm B,115927,752,751,2448,1491,0,0.009864862
Warm B,70374,475,474,2448,1491,1,0.007870727
Warm B,66476,445,444,2448,1491,0,0.006170796
Warm B,53610,352,351,2448,1491,0,0.009263843
Warm B,49310,329,328,2448,1491,0,0.009123493
Warm B,110625,721,720,2448,1491,0,0.00020554475
Warm B,74015,504,503,2448,1491,0,0.005836892
Warm B,45180,305,304,2448,1491,0,0.010044452
Warm B,44383,302,301,2448,1491,0,0.009059479
Warm B,695919,4169,4168,2448,1491,0,0.01137672
Warm B,291181,1737,1736,2448,1491,1,0.0070841126
Warm B,99806,667,666,2448,1491,0,0.003306833
Warm B,14429,117,116,2448,1491,0,0.012347306
Warm B,439785,2688,2687,2448,1491,0,0.010961162
Warm B,10209,73,72,2448,1491,0,0.0089301355
Warm B,202944,1246,1245,2448,1491,0,0.0022425777
Warm B,432565,2638,2637,2448,1491,0,0.007238617
Warm B,753223,4489,4488,2448,1491,0,0.00581511
Warm B,290004,1733,1732,2448,1491,0,0.012846302
Warm B,174019,1101,1100,2448,1491,0,0.00020314672
Warm B,537766,3312,3311,2448,1491,0,0.014508561
Warm B,456040,2808,2807,2448,1491,0,0.0074038086
Warm B,454508,2796,2795,2448,1491,0,0.0010859019
Warm B,195263,1203,1202,2448,1491,0,0.009950644
Warm B,310550,1851,1850,2448,1491,0,-0.00039513828
Warm B,423396,2566,2565,2448,1491,0,0.003891679
Warm B,322148,1912,1911,2448,1491,0,0.009717321
Warm B,136322,881,880,2448,1491,0,0.0128021045
Warm B,237668,1447,1446,2448,1491,0,0.013309261
Warm B,171350,1088,1087,2448,1491,0,0.0037834654
Warm B,431793,2630,2629,2451,1493,0,0.0063546514
Warm B,430685,2625,2624,2451,1493,0,0.0020724644
Warm B,426385,2590,2589,2451,1493,1,4.800805e-05
Warm B,418497,2529,2528,2451,1493,1,-0.0018024626
Warm B,408869,2455,2454,2451,1493,0,-0.00058480736
Warm B,401993,2400,2399,2451,1493,0,0.00044098275
Warm B,387195,2264,2263,2451,1493,0,-0.00077048386
Warm B,377711,2205,2204,2451,1493,0,-0.0035365908
Warm B,369792,2164,2163,2451,1493,1,-0.00322592
Warm B,305761,1820,1819,2451,1493,0,0.006273873
Warm B,291187,1737,1736,2451,1493,1,-0.002227344
Warm B,288204,1722,1721,2451,1493,1,-0.00013951503
Warm B,278766,1680,1679,2451,1493,1,-0.0048308307
Warm B,276804,1675,1674,2451,1493,0,0.003455117
Warm B,280429,1683,1682,2451,1493,0,0.0043338197
Warm B,270544,1637,1636,2451,1493,0,-0.008730413
Warm B,267497,1626,1625,2451,1493,0,6.5911096e-05
Warm B,247539,1496,1495,2451,1493,0,0.0023969477
Warm B,321204,1904,1903,2451,1493,0,0.0025902125
Warm B,242652,1465,1464,2451,1493,0,0.001240519
Warm B,224436,1357,1356,2451,1493,0,-0.0018922234
Warm B,214048,1300,1299,2451,1493,1,0.007173961
Warm B,277466,1676,1675,2451,1493,1,-0.00203697
Warm B,327719,1941,1940,2451,1493,0,-0.011113468
Warm B,307248,1835,1834,2451,1493,1,0.001251054
Warm B,180185,1128,1127,2451,1493,0,-0.0054586055
Warm B,183887,1146,1145,2451,1493,0,-0.0036791211
Warm B,161950,1033,1032,2451,1493,0,-0.0049756914
Warm B,159122,1017,1016,2451,1493,0,0.0019601895
Warm B,164322,1051,1050,2451,1493,0,0.0005686723
Warm B,150928,971,970,2451,1493,0,0.0012897133
Warm B,156602,1010,1009,2451,1493,0,-0.0020278173
Warm B,133280,860,859,2451,1493,0,-0.0032367166
Warm B,123814,798,797,2451,1493,0,0.0015523173
Warm B,351483,2063,2062,2451,1493,0,-0.0031827511
Warm B,94690,636,635,2451,1493,0,-0.007459992
Warm B,140630,904,903,2451,1493,0,0.0059204693
Warm B,57586,390,389,2451,1493,0,-0.0008877454
Warm B,53619,352,351,2451,1493,1,-3.1278236e-05
Warm B,132308,855,854,2451,1493,0,0.0011399392
Warm B,37360,255,254,2451,1493,1,-0.00079564704
Warm B,36376,245,244,2451,1493,0,-0.00974264
Warm B,239764,1449,1448,2451,1493,0,-0.01142603
Warm B,192662,1186,1185,2451,1493,1,-0.003416649
Warm B,14432,117,116,2451,1493,1,-0.0069881226
Warm B,290007,1733,1732,2451,1493,0,-0.005969235
Warm B,237674,1447,1446,2451,1493,0,-0.0044633723
Warm B,65213,438,437,2451,1493,0,-0.0015926529
Warm B,366081,2131,2130,2451,1493,1,0.00039755856
Warm B,331369,1958,1957,2451,1493,0,0.0070251855
Warm B,62644,424,423,2451,1493,0,-0.004240248
Warm B,933348,5636,5635,2451,1493,0,0.010073203
Warm B,115934,752,751,2451,1493,0,0.0045366455
Warm B,620600,3760,3759,2453,1494,0,0.008531301
Warm B,617402,3737,3736,2453,1494,1,0.007633375
Warm B,612833,3715,3714,2453,1494,1,0.0038800603
Warm B,612408,3713,3712,2453,1494,0,0.017667044
Warm B,653998,3942,3941,2453,1494,0,0.009665666
Warm B,651983,3931,3930,2453,1494,0,0.00880946
Warm B,726366,4345,4344,2453,1494,1,0.01047243
Warm B,583248,3562,3561,2453,1494,0,0.009640193
Warm B,579071,3539,3538,2453,1494,0,0.011426203
Warm B,593476,3618,3617,2453,1494,0,0.007403674
Warm B,904146,5468,5467,2453,1494,0,0.012574366
Warm B,556364,3419,3418,2453,1494,1,0.0062057944
Warm B,573436,3512,3511,2453,1494,0,0.00896403
Warm B,548903,3389,3388,2453,1494,0,0.012000474
Warm B,645127,3885,3884,2453,1494,0,0.007844762
Warm B,549836,3391,3390,2453,1494,0,0.007204995
Warm B,544332,3356,3355,2453,1494,0,0.008286935
Warm B,537771,3312,3311,2453,1494,1,0.011932578
Warm B,536891,3311,3310,2453,1494,0,0.013845551
Warm B,533086,3292,3291,2453,1494,0,0.014309719
Warm B,512645,3163,3162,2453,1494,1,0.010737748
Warm B,502046,3082,3081,2453,1494,1,0.0076261475
Warm B,797549,4784,4783,2453,1494,0,0.003453557
Warm B,493270,3031,3030,2453,1494,1,0.017900545
Warm B,738073,4411,4410,2453,1494,1,0.0041278666
Warm B,599808,3650,3649,2453,1494,0,0.011163412
Warm B,529494,3272,3271,2453,1494,1,-0.00022564596
Warm B,479184,2941,2940,2453,1494,0,0.0020050423
Warm B,477905,2934,2933,2453,1494,1,0.006399101
Warm B,462500,2854,2853,2453,1494,0,0.0030598142
Warm B,450625,2777,2776,2453,1494,0,0.01350813
Warm B,418499,2529,2528,2453,1494,1,0.01054487
Warm B,408608,2454,2453,2453,1494,0,0.011758641
Warm B,387196,2264,2263,2453,1494,0,0.0075518223
Warm B,372977,2178,2177,2453,1494,1,-0.004049047
Warm B,366919,2140,2139,2453,1494,0,0.00692697
Warm B,366824,2139,2138,2453,1494,1,0.0054405006
Warm B,364608,2124,2123,2453,1494,1,0.014111266
Warm B,355307,2078,2077,2453,1494,0,0.0070641334
Warm B,348379,2042,2041,2453,1494,1,0.007299929
Warm B,343544,2018,2017,2453,1494,0,0.008807981
Warm B,338822,1996,1995,2453,1494,1,0.008318417
Warm B,335572,1980,1979,2453,1494,1,0.005839466
Warm B,288781,1726,1725,2453,1494,0,0.018873518
Warm B,290880,1736,1735,2453,1494,0,0.011815047
Warm B,259338,1587,1586,2453,1494,0,0.013403356
Warm B,360540,2106,2105,2453,1494,0,0.0044980254
Warm B,241017,1451,1450,2453,1494,1,0.008231474
Warm B,213315,1298,1297,2453,1494,0,0.0092495885
Warm B,272705,1647,1646,2453,1494,0,0.015564004
Warm B,203971,1255,1254,2453,1494,1,0.007973358
Warm B,196941,1209,1208,2453,1494,1,0.0094453255
Warm B,263069,1605,1604,2453,1494,1,0.011507564
Warm B,163143,1042,1041,2453,1494,0,0.011328709
Warm B,161951,1033,1032,2453,1494,0,0.010746856
Warm B,157874,1015,1014,2453,1494,0,0.0077413465
Warm B,212408,1294,1293,2453,1494,1,0.006496723
Warm B,225464,1365,1364,2453,1494,0,0.0042552687
Warm B,145252,935,934,2453,1494,1,0.0045244377
Warm B,135115,874,873,2453,1494,1,0.004242306
Warm B,134068,869,868,2453,1494,0,0.0017768651
Warm B,331372,1958,1957,2453,1494,0,0.0078374585
Warm B,132967,858,857,2453,1494,1,0.011538845
Warm B,127235,822,821,2453,1494,1,0.0076803286
Warm B,123318,796,795,2453,1494,0,0.012035485
Warm B,118666,767,766,2453,1494,1,0.0058218143
Warm B,119053,770,769,2453,1494,0,0.011392679
Warm B,272059,1645,1644,2453,1494,1,0.009130506
Warm B,99293,662,661,2453,1494,0,0.006993737
Warm B,98395,659,658,2453,1494,1,0.011083925
Warm B,98301,658,657,2453,1494,0,0.00787741
Warm B,332169,1960,1959,2453,1494,1,0.0016552778
Warm B,93742,629,628,2453,1494,1,0.008972436
Warm B,87408,571,570,2453,1494,0,0.009997174
Warm B,84932,552,551,2453,1494,0,0.009199148
Warm B,82827,549,548,2453,1494,1,0.0055323225
Warm B,238668,1448,1447,2453,1494,1,0.004501381
Warm B,83935,550,549,2453,1494,0,0.0047655934
Warm B,76107,517,516,2453,1494,1,0.0037167058
Warm B,73618,499,498,2453,1494,1,0.007532038
Warm B,70675,476,475,2453,1494,0,0.007881955
Warm B,64915,436,435,2453,1494,1,0.0030776788
Warm B,64157,429,428,2453,1494,0,0.015052335
Warm B,57401,388,387,2453,1494,0,0.0034895062
Warm B,132310,855,854,2453,1494,0,-0.00015817815
Warm B,45879,308,307,2453,1494,0,0.012878714
Warm B,62647,424,423,2453,1494,0,0.013068765
Warm B,39962,271,270,2453,1494,1,0.011287622
Warm B,29129,199,198,2453,1494,0,0.0071056923
Warm B,14435,117,116,2453,1494,0,0.007605622
Warm B,11170,83,82,2453,1494,1,0.0033704774
Warm B,1134,10,9,2453,1494,1,0.0015731333
Warm B,14188,116,115,2453,1494,1,-0.003678233
Warm B,79182,531,530,2453,1494,0,0.0062658438
Warm B,19320,148,147,2453,1494,0,0.0074510705
Warm B,354745,2077,2076,2453,1494,0,0.013831804
Warm B,257479,1579,1578,2453,1494,0,0.01775901
Warm B,255719,1557,1556,2453,1494,1,0.005961458
Warm B,237677,1447,1446,2453,1494,1,0.0070197443
Warm B,11931,92,91,2453,1494,0,0.01108684
Warm B,60644,411,410,2453,1494,0,0.012454012
Warm B,164325,1051,1050,2453,1494,1,0.011928653
Warm B,95347,639,638,2453,1494,1,0.012169777
Warm B,102016,678,677,2453,1494,0,0.008945778
Warm B,28054,195,194,2453,1494,1,0.011966828
Warm B,787110,4708,4707,2453,1494,0,0.010535275
Warm B,917228,5543,5542,2453,1494,0,0.0071591577
Warm B,144784,934,933,2453,1494,0,0.014432268
Warm B,234790,1425,1424,2453,1494,0,0.017468544
Warm B,718461,4305,4304,2453,1494,0,0.0055930167
Warm B,831898,5001,5000,2453,1494,0,0.0025199542
Warm B,699591,4186,4185,2453,1494,0,0.01791
Warm B,295562,1755,1754,2453,1494,0,0.008311571
Warm B,341440,2012,2011,2453,1494,0,0.009659879
Warm B,193487,1194,1193,2453,1494,0,0.0037280018
Warm B,825497,4958,4957,2453,1494,1,0.007200753
Warm B,539769,3320,3319,2458,1499,0,0.015902855
Warm B,515332,3182,3181,2458,1499,0,0.01151424
Warm B,514797,3180,3179,2458,1499,0,0.008782661
Warm B,566067,3476,3475,2458,1499,0,0.0074955123
Warm B,508503,3129,3128,2458,1499,0,0.017369041
Warm B,504871,3107,3106,2458,1499,1,0.004203122
Warm B,493864,3032,3031,2458,1499,0,0.013104567
Warm B,491983,3026,3025,2458,1499,0,0.012120412
Warm B,472384,2907,2906,2458,1499,1,0.00437886
Warm B,469854,2895,2894,2458,1499,0,0.019733626
Warm B,564221,3471,3470,2458,1499,0,0.014414496
Warm B,467733,2883,2882,2458,1499,0,0.010580723
Warm B,452227,2785,2784,2458,1499,0,0.0064793103
Warm B,450188,2776,2775,2458,1499,0,0.007297983
Warm B,420407,2541,2540,2458,1499,0,0.013286963
Warm B,393512,2316,2315,2458,1499,0,0.011702847
Warm B,388866,2279,2278,2458,1499,0,0.008855175
Warm B,379303,2216,2215,2458,1499,0,0.004900215
Warm B,385187,2251,2250,2458,1499,0,0.011596784
Warm B,366445,2134,2133,2458,1499,1,0.0071664974
Warm B,359780,2104,2103,2458,1499,0,0.013602504
Warm B,359256,2102,2101,2458,1499,0,0.005359699
Warm B,380726,2225,2224,2458,1499,0,0.0108481515
Warm B,341447,2012,2011,2458,1499,0,0.013218662
Warm B,323094,1916,1915,2458,1499,0,0.002167729
Warm B,293382,1747,1746,2458,1499,0,0.010031293
Warm B,290882,1736,1735,2458,1499,1,0.009144604
Warm B,291198,1737,1736,2458,1499,0,0.0067351623
Warm B,265589,1613,1612,2458,1499,0,0.01898416
Warm B,205074,1262,1261,2458,1499,1,0.0033044156
Warm B,202949,1246,1245,2458,1499,0,0.015679616
Warm B,278778,1680,1679,2458,1499,0,0.012879635
Warm B,308428,1837,1836,2458,1499,0,0.014822148
Warm B,307255,1835,1834,2458,1499,1,0.012340739
Warm B,173538,1100,1099,2458,1499,0,0.010838903
Warm B,331377,1958,1957,2458,1499,0,0.014461815
Warm B,167716,1068,1067,2458,1499,0,0.013837366
Warm B,212796,1297,1296,2458,1499,0,0.0058223926
Warm B,156612,1010,1009,2458,1499,0,0.01296686
Warm B,159888,1019,1018,2458,1499,0,0.012732206
Warm B,315016,1880,1879,2458,1499,0,0.0064150044
Warm B,605634,3681,3680,2458,1499,0,0.01549442
Warm B,239773,1449,1448,2458,1499,0,0.009721633
Warm B,144069,929,928,2458,1499,0,0.01754182
Warm B,233943,1422,1421,2458,1499,0,0.008601464
Warm B,351494,2063,2062,2458,1499,0,0.022222316
Warm B,84933,552,551,2458,1499,0,0.0073196157
Warm B,82835,549,548,2458,1499,0,0.01335274
Warm B,238677,1448,1447,2458,1499,0,0.007643321
Warm B,190545,1181,1180,2458,1499,0,0.020658005
Warm B,119060,770,769,2458,1499,0,0.01438247
Warm B,81515,543,542,2458,1499,0,0.007847703
Warm B,70376,475,474,2458,1499,1,0.011139102
Warm B,71836,482,481,2458,1499,0,0.009488597
Warm B,69190,463,462,2458,1499,0,0.0033867331
Warm B,57996,392,391,2458,1499,0,0.008038553
Warm B,53636,352,351,2458,1499,0,0.007408075
Warm B,44409,302,301,2458,1499,0,0.019340098
Warm B,40329,272,271,2458,1499,1,0.015258975
Warm B,16425,130,129,2458,1499,0,0.005633088
Warm B,206703,1266,1265,2458,1499,0,0.00862072
Warm B,552148,3401,3400,2458,1499,0,0.0061175963
Warm B,105904,699,698,2458,1499,0,0.017217137
Warm B,892838,5394,5393,2458,1499,0,0.013075234
Warm B,689767,4126,4125,2458,1499,0,0.009021623
Warm B,62657,424,423,2458,1499,0,0.0150641585
Warm B,933350,5636,5635,2458,1499,0,0.0065956134
Warm B,193492,1194,1193,2458,1499,0,0.0031882748
Warm B,62121,419,418,2458,1499,0,0.0020226724
Warm B,549842,3391,3390,2458,1499,0,0.00775815
Warm B,515336,3182,3181,2460,1501,0,0.0127426945
Warm B,514014,3172,3171,2460,1501,1,0.0021729502
Warm B,516333,3189,3188,2460,1501,0,0.012511147
Warm B,566071,3476,3475,2460,1501,0,0.016494848
Warm B,509446,3138,3137,2460,1501,0,0.0054484764
Warm B,508505,3129,3128,2460,1501,0,-3.6688056e-05
Warm B,485442,2987,2986,2460,1501,0,0.004837101
Warm B,476692,2928,2927,2460,1501,0,0.0047311718
Warm B,895379,5412,5411,2460,1501,0,0.006214497
Warm B,754605,4497,4496,2460,1501,0,0.006390401
Warm B,450190,2776,2775,2460,1501,0,0.011452122
Warm B,449207,2770,2769,2460,1501,0,-0.0016204768
Warm B,453224,2792,2791,2460,1501,0,0.009909059
Warm B,433968,2645,2644,2460,1501,0,0.009971378
Warm B,430689,2625,2624,2460,1501,0,0.0012663077
Warm B,426395,2590,2589,2460,1501,1,-0.00069592334
Warm B,409513,2457,2456,2460,1501,0,0.009470617
Warm B,385189,2251,2250,2460,1501,0,0.008086898
Warm B,369800,2164,2163,2460,1501,0,-0.00070418324
Warm B,305767,1820,1819,2460,1501,0,-0.0029515196
Warm B,291202,1737,1736,2460,1501,0,0.012986135
Warm B,278790,1680,1679,2460,1501,1,0.015513822
Warm B,280430,1683,1682,2460,1501,0,0.008060454
Warm B,270778,1639,1638,2460,1501,0,0.007159951
Warm B,267502,1626,1625,2460,1501,0,0.008820455
Warm B,247551,1496,1495,2460,1501,1,0.0058848485
Warm B,350251,2056,2055,2460,1501,1,0.0007861294
Warm B,327742,1941,1940,2460,1501,0,0.005798601
Warm B,180188,1128,1127,2460,1501,0,0.0116599295
Warm B,176367,1115,1114,2460,1501,0,0.011843655
Warm B,196360,1207,1206,2460,1501,0,0.010191259
Warm B,190553,1181,1180,2460,1501,0,0.007509527
Warm B,159130,1017,1016,2460,1501,0,0.0075710625
Warm B,125487,808,807,2460,1501,0,0.01796029
Warm B,123820,798,797,2460,1501,0,0.0045385407
Warm B,210679,1285,1284,2460,1501,0,0.006885404
Warm B,107148,705,704,2460,1501,0,0.0023264624
Warm B,94694,636,635,2460,1501,1,0.009352738
Warm B,92698,621,620,2460,1501,0,-0.0014229794
Warm B,140638,904,903,2460,1501,0,0.0031695731
Warm B,82844,549,548,2460,1501,0,0.017975505
Warm B,233947,1422,1421,2460,1501,0,0.0035089096
Warm B,81518,543,542,2460,1501,0,0.006089185
Warm B,57592,390,389,2460,1501,1,0.0075200014
Warm B,41170,278,277,2460,1501,0,-0.0031102118
Warm B,14454,117,116,2460,1501,0,0.004894286
Warm B,6122,44,43,2460,1501,0,0.005351119
Warm B,432575,2638,2637,2460,1501,0,-0.0027940304
Warm B,298980,1776,1775,2460,1501,0,-0.0020322562
Warm B,237691,1447,1446,2460,1501,0,0.0093218405
Warm B,264967,1611,1610,2460,1501,0,0.0028095383
Warm B,760620,4520,4519,2460,1501,0,0.00227304
Warm B,290021,1733,1732,2460,1501,0,0.0065983036
Warm B,474327,2910,2909,2460,1501,1,0.0022740453
Warm B,62667,424,423,2460,1501,0,0.007525226
Warm B,457730,2820,2819,2460,1501,0,0.008662718
Warm B,237693,1447,1446,2461,1502,0,0.014645988
Warm B,974239,5878,5877,2461,1502,0,0.014993204
Warm B,227012,1377,1376,2472,1509,0,0.015934663
Warm B,304733,1812,1811,2472,1509,0,0.005273384
Warm B,205085,1262,1261,2472,1509,0,0.006785883
Warm B,278828,1680,1679,2472,1509,1,0.015627183
Warm B,308458,1837,1836,2472,1509,0,0.019644555
Warm B,307280,1835,1834,2472,1509,0,0.016157495
Warm B,214714,1303,1302,2472,1509,0,0.017196367
Warm B,331403,1958,1957,2472,1509,0,0.013346879
Warm B,164360,1051,1050,2472,1509,1,0.01935039
Warm B,146858,948,947,2472,1509,1,0.0020652674
Warm B,185022,1150,1149,2472,1509,0,0.016527299
Warm B,156643,1010,1009,2472,1509,0,0.018365454
Warm B,106686,702,701,2472,1509,0,0.0062838895
Warm B,239808,1449,1448,2472,1509,0,0.015754605
Warm B,283971,1698,1697,2472,1509,0,0.011075933
Warm B,362809,2116,2115,2472,1509,1,0.012696289
Warm B,190589,1181,1180,2472,1509,0,0.0055529797
Warm B,71860,482,481,2472,1509,0,0.0070276675
Warm B,53684,352,351,2472,1509,0,0.011733392
Warm B,45901,308,307,2472,1509,0,0.011564298
Warm B,43622,300,299,2472,1509,0,0.012507136
Warm B,25233,178,177,2472,1509,0,0.0072070956
Warm B,238703,1448,1447,2472,1509,0,0.013497651
Warm B,9254,62,61,2472,1509,1,0.008666405
Warm B,892848,5394,5393,2472,1509,0,0.0134419035
Warm B,744747,4448,4447,2472,1509,0,0.016202211
Warm B,257508,1579,1578,2472,1509,0,0.019398376
Warm B,633041,3824,3823,2472,1509,0,0.00922038
Warm B,473351,2909,2908,2472,1509,1,0.010696288
Warm B,136367,881,880,2472,1509,0,0.018299788
Warm B,609592,3695,3694,2472,1509,0,0.008561557
Warm B,141409,911,910,2472,1509,0,0.012378041
Warm B,549879,3391,3390,2472,1509,0,0.016913792
Warm B,664573,4001,4000,2473,1510,0,0.0023947083
Warm B,663837,3999,3998,2473,1510,0,0.0034330506
Warm B,661881,3992,3991,2473,1510,0,0.013070926
Warm B,651278,3929,3928,2473,1510,0,0.008821192
Warm B,672410,4041,4040,2473,1510,0,0.008322144
Warm B,648209,3903,3902,2473,1510,1,-0.004506643
Warm B,647627,3900,3899,2473,1510,0,-0.003209177
Warm B,629192,3808,3807,2473,1510,0,0.010808364
Warm B,625433,3780,3779,2473,1510,0,0.019317105
Warm B,623784,3773,3772,2473,1510,0,0.0063416846
Warm B,621970,3768,3767,2473,1510,0,0.009071372
Warm B,612433,3713,3712,2473,1510,0,0.013672704
Warm B,611786,3709,3708,2473,1510,0,0.010447534
Warm B,719950,4312,4311,2473,1510,0,0.010182643
Warm B,606395,3683,3682,2473,1510,0,0.0023775892
Warm B,633042,3824,3823,2473,1510,0,0.010928674
Warm B,596391,3626,3625,2473,1510,0,0.013709202
Warm B,583283,3562,3561,2473,1510,0,0.010251455
Warm B,576958,3526,3525,2473,1510,0,0.00021880551
Warm B,579108,3539,3538,2473,1510,0,0.0015821287
Warm B,571952,3507,3506,2473,1510,0,0.008193783
Warm B,570214,3499,3498,2473,1510,0,0.010435449
Warm B,560720,3449,3448,2473,1510,0,0.0022016917
Warm B,556811,3422,3421,2473,1510,0,0.0039744116
Warm B,552165,3401,3400,2473,1510,0,0.00720519
Warm B,549882,3391,3390,2473,1510,0,0.004188192
Warm B,536933,3311,3310,2473,1510,0,0.00341282
Warm B,539783,3320,3319,2473,1510,0,0.01093339
Warm B,575183,3519,3518,2473,1510,0,0.0065275035
Warm B,530874,3280,3279,2473,1510,0,0.004667679
Warm B,522322,3224,3223,2473,1510,0,0.011807881
Warm B,519178,3203,3202,2473,1510,0,0.005792232
Warm B,514803,3180,3179,2473,1510,0,0.005000651
Warm B,513453,3167,3166,2473,1510,0,0.0066757966
Warm B,605652,3681,3680,2473,1510,0,0.0018399458
Warm B,508513,3129,3128,2473,1510,0,0.014132969
Warm B,504017,3098,3097,2473,1510,0,0.0037015898
Warm B,502060,3082,3081,2473,1510,0,0.0032477784
Warm B,501694,3081,3080,2473,1510,0,0.018329788
Warm B,501188,3080,3079,2473,1510,0,0.008309191
Warm B,493898,3032,3031,2473,1510,1,0.006762726
Warm B,659079,3971,3970,2473,1510,0,0.013638662
Warm B,493287,3031,3030,2473,1510,0,0.013192825
Warm B,477933,2934,2933,2473,1510,0,0.0009357976
Warm B,695971,4169,4168,2473,1510,0,0.007944804
Warm B,472406,2907,2906,2473,1510,0,0.009197422
Warm B,468295,2887,2886,2473,1510,0,0.010981806
Warm B,455167,2802,2801,2473,1510,0,0.0064213434
Warm B,748812,4471,4470,2473,1510,0,0.009919571
Warm B,438782,2681,2680,2473,1510,1,0.011597186
Warm B,433972,2645,2644,2473,1510,0,0.002127126
Warm B,432994,2639,2638,2473,1510,0,-0.00570134
Warm B,423106,2565,2564,2473,1510,1,-0.0011462695
Warm B,420414,2541,2540,2473,1510,1,0.0065438356
Warm B,419666,2537,2536,2473,1510,0,0.0032568187
Warm B,409125,2456,2455,2473,1510,0,0.011832228
Warm B,402213,2402,2401,2473,1510,0,0.009218432
Warm B,404435,2419,2418,2473,1510,0,0.008432921
Warm B,398119,2367,2366,2473,1510,0,0.0017145401
Warm B,399765,2380,2379,2473,1510,0,0.005310633
Warm B,359961,2105,2104,2473,1510,0,0.001793717
Warm B,380739,2225,2224,2473,1510,0,0.01434055
Warm B,331404,1958,1957,2473,1510,0,0.00789498
Warm B,298651,1773,1772,2473,1510,0,-0.0009912271
Warm B,298524,1770,1769,2473,1510,0,0.013198173
Warm B,291221,1737,1736,2473,1510,0,0.00057174696
Warm B,281189,1687,1686,2473,1510,1,-0.01161039
Warm B,323709,1920,1919,2473,1510,0,-0.0007593478
Warm B,259354,1587,1586,2473,1510,0,0.008992564
Warm B,256737,1570,1569,2473,1510,0,-0.004904866
Warm B,265611,1613,1612,2473,1510,0,0.004874836
Warm B,326694,1937,1936,2473,1510,0,0.0045385184
Warm B,356791,2090,2089,2473,1510,1,-0.0003433359
Warm B,227013,1377,1376,2473,1510,0,0.0153764095
Warm B,335620,1980,1979,2473,1510,0,0.013696717
Warm B,205086,1262,1261,2473,1510,0,0.008969062
Warm B,261639,1599,1598,2473,1510,0,0.0019439573
Warm B,278830,1680,1679,2473,1510,0,0.010074714
Warm B,304734,1812,1811,2473,1510,1,0.0024729697
Warm B,213333,1298,1297,2473,1510,0,-0.00018535717
Warm B,307282,1835,1834,2473,1510,0,0.009337282
Warm B,180198,1128,1127,2473,1510,0,0.003106508
Warm B,173548,1100,1099,2473,1510,0,-0.0062978715
Warm B,248703,1501,1500,2473,1510,1,-0.00090143573
Warm B,183107,1141,1140,2473,1510,0,0.00029159826
Warm B,155769,1004,1003,2473,1510,0,0.009908147
Warm B,164362,1051,1050,2473,1510,1,0.016647939
Warm B,185024,1150,1149,2473,1510,0,-0.00015109312
Warm B,106687,702,701,2473,1510,0,0.0027286648
Warm B,263101,1605,1604,2473,1510,0,0.00940953
Warm B,233965,1422,1421,2473,1510,0,-0.00043773488
Warm B,351535,2063,2062,2473,1510,0,0.012755593
Warm B,82872,549,548,2473,1510,0,0.010157043
Warm B,190591,1181,1180,2473,1510,0,0.013134379
Warm B,119082,770,769,2473,1510,0,0.0061412966
Warm B,81537,543,542,2473,1510,0,0.0068711145
Warm B,70381,475,474,2473,1510,0,0.0028579165
Warm B,71861,482,481,2473,1510,0,0.008051457
Warm B,239810,1449,1448,2473,1510,0,0.0008120702
Warm B,53685,352,351,2473,1510,0,0.0036113278
Warm B,132327,855,854,2473,1510,0,0.002797582
Warm B,25600,181,180,2473,1510,0,0.008677232
Warm B,481683,2962,2961,2473,1510,0,0.008637289
Warm B,21545,157,156,2473,1510,0,0.0069112526
Warm B,238705,1448,1447,2473,1510,0,0.007481329
Warm B,15570,123,122,2473,1510,0,-0.0017335177
Warm B,6441,45,44,2473,1510,1,0.011094947
Warm B,3757,26,25,2473,1510,0,0.004454107
Warm B,78332,528,527,2473,1510,0,0.0054559484
Warm B,432590,2638,2637,2473,1510,0,0.014990628
Warm B,892850,5394,5393,2473,1510,0,0.0019921921
Warm B,257509,1579,1578,2473,1510,1,0.0064559346
Warm B,49374,329,328,2473,1510,0,0.0046172566
Warm B,954191,5761,5760,2473,1510,0,0.006766586
Warm B,333757,1969,1968,2473,1510,0,0.0015672885
Warm B,828593,4979,4978,2473,1510,0,0.017908454
Warm B,744748,4448,4447,2473,1510,0,0.016073886
Warm B,272732,1647,1646,2473,1510,0,0.0138970595
Warm B,102054,678,677,2473,1510,0,0.0095767975
Warm B,680547,4079,4078,2473,1510,1,0.012865563
Warm B,115977,752,751,2473,1510,0,0.013960119
Warm B,327772,1941,1940,2473,1510,0,0.010155676
Warm B,581248,3550,3549,2473,1510,0,0.014036143
Warm B,62689,424,423,2473,1510,0,0.011791427
Warm B,342281,2015,2014,2473,1510,0,0.009659243
Warm B,34702,235,234,2473,1510,0,-0.00036152476
Warm B,609027,3693,3692,2473,1510,0,0.015146931
Warm B,930343,5621,5620,2473,1510,0,0.010618415
Warm B,310570,1851,1850,2473,1510,0,0.0070037562
Warm B,145734,937,936,2473,1510,0,0.004307082
Warm B,174038,1101,1100,2473,1510,0,0.008604617
Warm B,599108,3648,3647,2473,1510,0,0.005529735
Warm B,193515,1194,1193,2473,1510,0,0.017752316
Warm B,623655,3772,3771,2475,1512,0,0.012781404
Warm B,615538,3727,3726,2475,1512,0,0.005260217
Warm B,633044,3824,3823,2475,1512,0,0.012323902
Warm B,593531,3618,3617,2475,1512,0,0.012842466
Warm B,569044,3491,3490,2475,1512,0,0.020841882
Warm B,567323,3483,3482,2475,1512,0,0.015643105
Warm B,552167,3401,3400,2475,1512,0,0.014461614
Warm B,576959,3526,3525,2475,1512,0,0.010415462
Warm B,535838,3308,3307,2475,1512,0,0.012621404
Warm B,528076,3265,3264,2475,1512,0,0.021657774
Warm B,525022,3242,3241,2475,1512,0,0.015948707
Warm B,534628,3300,3299,2475,1512,1,0.0060624415
Warm B,518652,3201,3200,2475,1512,0,0.0015077987
Warm B,522325,3224,3223,2475,1512,1,0.0052330624
Warm B,539784,3320,3319,2475,1512,0,0.011154861
Warm B,930080,5620,5619,2475,1512,0,0.01514804
Warm B,816036,4899,4898,2475,1512,0,0.012701681
Warm B,502376,3083,3082,2475,1512,0,0.0070628747
Warm B,493900,3032,3031,2475,1512,0,0.0152320545
Warm B,490621,3018,3017,2475,1512,1,0.0046267244
Warm B,486183,2994,2993,2475,1512,0,0.021909412
Warm B,695975,4169,4168,2475,1512,0,0.020065108
Warm B,754611,4497,4496,2475,1512,1,0.00045085303
Warm B,463122,2857,2856,2475,1512,0,0.016042836
Warm B,457754,2820,2819,2475,1512,0,0.0040942566
Warm B,453571,2793,2792,2475,1512,0,0.017604932
Warm B,447850,2761,2760,2475,1512,1,0.012958613
Warm B,446333,2752,2751,2475,1512,1,0.016254015
Warm B,428767,2609,2608,2475,1512,1,0.0063448297
Warm B,446771,2753,2752,2475,1512,1,0.009832671
Warm B,418526,2529,2528,2475,1512,1,0.0040026354
Warm B,426849,2592,2591,2475,1512,1,0.009182017
Warm B,409126,2456,2455,2475,1512,0,0.011864063
Warm B,404139,2415,2414,2475,1512,0,0.0026999176
Warm B,402215,2402,2401,2475,1512,0,0.010706093
Warm B,407744,2451,2450,2475,1512,0,0.015612879
Warm B,388877,2279,2278,2475,1512,1,0.00644367
Warm B,425627,2583,2582,2475,1512,1,0.009836348
Warm B,381570,2231,2230,2475,1512,0,0.01827509
Warm B,375035,2186,2185,2475,1512,0,0.011726804
Warm B,369809,2164,2163,2475,1512,1,0.0075772735
Warm B,357315,2092,2091,2475,1512,0,0.007383984
Warm B,339652,2002,2001,2475,1512,0,0.007618696
Warm B,253702,1543,1542,2475,1512,0,0.009837242
Warm B,316675,1884,1883,2475,1512,1,0.011020135
Warm B,232321,1410,1409,2475,1512,1,0.0040807747
Warm B,227014,1377,1376,2475,1512,0,0.007801351
Warm B,200739,1233,1232,2475,1512,1,0.00053271046
Warm B,278832,1680,1679,2475,1512,1,0.021813646
Warm B,219753,1333,1332,2475,1512,1,0.010222999
Warm B,192541,1185,1184,2475,1512,0,0.002310616
Warm B,165161,1053,1052,2475,1512,0,0.015913537
Warm B,275437,1667,1666,2475,1512,1,0.0060909693
Warm B,154294,996,995,2475,1512,0,0.009718038
Warm B,151521,975,974,2475,1512,1,0.015719496
Warm B,185027,1150,1149,2475,1512,0,0.025879875
Warm B,140528,903,902,2475,1512,1,0.011817847
Warm B,137949,889,888,2475,1512,0,0.018173637
Warm B,490045,3015,3014,2475,1512,0,0.00021448522
Warm B,210700,1285,1284,2475,1512,0,0.020289505
Warm B,198135,1218,1217,2475,1512,1,0.0076954206
Warm B,239812,1449,1448,2475,1512,0,0.020720866
Warm B,98652,660,659,2475,1512,0,0.006829421
Warm B,270791,1639,1638,2475,1512,1,0.010689804
Warm B,228090,1383,1382,2475,1512,0,0.01185886
Warm B,150468,970,969,2475,1512,0,0.01578838
Warm B,84937,552,551,2475,1512,1,0.006331172
Warm B,77295,524,523,2475,1512,1,0.019571982
Warm B,74020,504,503,2475,1512,0,0.008261301
Warm B,72904,493,492,2475,1512,1,0.005211008
Warm B,53688,352,351,2475,1512,1,0.010085149
Warm B,110659,721,720,2475,1512,1,0.013695047
Warm B,36430,245,244,2475,1512,0,0.012089798
Warm B,481684,2962,2961,2475,1512,0,0.009946426
Warm B,380740,2225,2224,2475,1512,0,0.015405913
Warm B,432592,2638,2637,2475,1512,0,0.020320216
Warm B,293644,1748,1747,2475,1512,0,0.014677935
Warm B,602414,3665,3664,2475,1512,1,0.008498985
Warm B,25901,183,182,2475,1512,1,0.0024258392
Warm B,324881,1925,1924,2475,1512,1,9.687431e-05
Warm B,184307,1147,1146,2488,1516,1,-0.008597112
Warm B,182705,1140,1139,2488,1516,1,0.0030272189
Warm B,159144,1017,1016,2488,1516,1,0.012432396
Warm B,157946,1015,1014,2488,1516,1,0.014389159
Warm B,151942,977,976,2488,1516,1,0.007168917
Warm B,148970,958,957,2488,1516,1,0.004634536
Warm B,137983,889,888,2488,1516,1,0.0022396522
Warm B,134100,869,868,2488,1516,1,0.0024112663
Warm B,131057,850,849,2488,1516,1,0.010084107
Warm B,128278,830,829,2488,1516,1,0.009897247
Warm B,270798,1639,1638,2488,1516,1,0.011249038
Warm B,77312,524,523,2488,1516,1,0.015955538
Warm B,74675,509,508,2488,1516,1,0.009431135
Warm B,69459,466,465,2488,1516,1,-0.00259999
Warm B,947511,5722,5721,2488,1516,1,-0.0053620352
Warm B,459112,2826,2825,2488,1516,1,0.0025694454
Warm B,481694,2962,2961,2488,1516,0,0.012432046
Warm B,480803,2952,2951,2488,1516,1,0.009364535
Warm B,24337,173,172,2488,1516,1,-0.00160519
Warm B,451471,2779,2778,2488,1516,1,0.007310527
Warm B,534960,3301,3300,2488,1516,1,0.0033059462
Warm B,631437,3821,3820,2488,1516,0,0.0094045615
Warm B,208663,1274,1273,2488,1516,1,-0.0010104764
Warm B,28128,195,194,2488,1516,1,0.0015866375
Warm B,322193,1912,1911,2488,1516,0,0.011310592
Warm B,277511,1676,1675,2491,1518,0,0.0062980317
Warm B,281779,1690,1689,2491,1518,0,0.004729511
Warm B,264338,1608,1607,2491,1518,0,0.0054380596
Warm B,252923,1533,1532,2491,1518,1,0.0002691839
Warm B,236594,1436,1435,2491,1518,1,0.0029631911
Warm B,236331,1434,1433,2491,1518,0,-0.0045206146
Warm B,233014,1418,1417,2491,1518,0,0.008392919
Warm B,225554,1366,1365,2491,1518,0,0.0055774245
Warm B,299513,1778,1777,2491,1518,0,0.008998422
Warm B,216382,1314,1313,2491,1518,1,0.0021520434
Warm B,214060,1300,1299,2491,1518,0,0.009854944
Warm B,278876,1680,1679,2491,1518,0,0.013845944
Warm B,216895,1317,1316,2491,1518,1,-0.0019926513
Warm B,188884,1172,1171,2491,1518,0,0.003421477
Warm B,186462,1153,1152,2491,1518,1,0.0052127354
Warm B,285636,1702,1701,2491,1518,1,-0.0056908363
Warm B,180754,1130,1129,2491,1518,0,0.0110471975
Warm B,205266,1263,1262,2491,1518,0,0.016096812
Warm B,172829,1096,1095,2491,1518,0,0.0042527444
Warm B,167746,1068,1067,2491,1518,0,0.016983338
Warm B,165553,1055,1054,2491,1518,0,0.015549468
Warm B,156154,1005,1004,2491,1518,0,0.009856284
Warm B,150485,970,969,2491,1518,0,0.015538607
Warm B,139916,897,896,2491,1518,1,-0.00014958275
Warm B,137991,889,888,2491,1518,0,0.012483267
Warm B,134108,869,868,2491,1518,1,0.0074014994
Warm B,131806,854,853,2491,1518,0,0.012902966
Warm B,128918,838,837,2491,1518,1,0.012714877
Warm B,128008,828,827,2491,1518,0,0.0074016075
Warm B,327811,1941,1940,2491,1518,1,0.016853763
Warm B,125735,809,808,2491,1518,1,0.004681766
Warm B,360603,2106,2105,2491,1518,0,-0.004257635
Warm B,349238,2050,2049,2491,1518,1,0.0024574692
Warm B,103641,689,688,2491,1518,0,0.0021309752
Warm B,91159,604,603,2491,1518,0,0.009313306
Warm B,190637,1181,1180,2491,1518,0,0.0145532675
Warm B,56975,385,384,2491,1518,0,0.0026301006
Warm B,78352,528,527,2491,1518,1,-0.00037027244
Warm B,29829,202,201,2491,1518,0,0.009246077
Warm B,29192,199,198,2491,1518,0,0.015243754
Warm B,6178,45,44,2491,1518,0,0.015335568
Warm B,79235,531,530,2491,1518,0,0.011922037
Warm B,88188,582,581,2491,1518,1,0.010717008
Warm B,460596,2841,2840,2491,1518,0,0.00681228
Warm B,11983,92,91,2491,1518,0,0.0138209965
Warm B,102077,678,677,2491,1518,1,0.010502748
Warm B,923884,5580,5579,2491,1518,0,0.0038072425
Warm B,907590,5492,5491,2491,1518,1,0.007910464
Warm B,335654,1980,1979,2491,1518,0,0.007226217
Warm B,187027,1160,1159,2491,1518,0,0.009449692
Warm B,561507,3454,3453,2491,1518,1,0.010140564
Warm B,831907,5001,5000,2491,1518,1,0.0068648355
Warm B,855017,5132,5131,2491,1518,0,0.00016960548
Warm B,171418,1088,1087,2491,1518,0,0.028743757
Warm B,718487,4305,4304,2491,1518,1,0.0060839974
Warm B,452686,2787,2786,2492,1519,1,0.014180851
Warm B,451606,2780,2779,2492,1519,0,0.01535158
Warm B,433977,2645,2644,2492,1519,0,0.012000958
Warm B,430315,2623,2622,2492,1519,0,0.009460296
Warm B,391019,2298,2297,2492,1519,1,0.008126924
Warm B,433122,2641,2640,2492,1519,1,0.006397382
Warm B,376700,2199,2198,2492,1519,0,0.004373304
Warm B,346821,2033,2032,2492,1519,0,0.009280208
Warm B,346599,2031,2030,2492,1519,0,0.0030701375
Warm B,339946,2005,2004,2492,1519,0,-0.0016040424
Warm B,301011,1787,1786,2492,1519,0,-0.0054938816
Warm B,306785,1831,1830,2492,1519,1,-0.0020585023
Warm B,298042,1767,1766,2492,1519,0,0.0103773065
Warm B,281780,1690,1689,2492,1519,0,0.0065503153
Warm B,264339,1608,1607,2492,1519,0,4.3358305e-05
Warm B,262674,1602,1601,2492,1519,1,0.0063625555
Warm B,256426,1565,1564,2492,1519,1,-0.00237469
Warm B,255879,1560,1559,2492,1519,1,0.014501188
Warm B,246830,1491,1490,2492,1519,0,0.0034912177
Warm B,232388,1411,1410,2492,1519,0,0.005572018
Warm B,229572,1390,1389,2492,1519,1,0.013421064
Warm B,231601,1404,1403,2492,1519,0,0.013098849
Warm B,215446,1306,1305,2492,1519,1,0.0072417483
Warm B,214061,1300,1299,2492,1519,1,0.01118557
Warm B,296758,1759,1758,2492,1519,0,0.007024399
Warm B,210729,1285,1284,2492,1519,1,0.006553807
Warm B,204896,1261,1260,2492,1519,1,0.0067706006
Warm B,200283,1230,1229,2492,1519,1,-0.0015895274
Warm B,188886,1172,1171,2492,1519,0,0.012531636
Warm B,333168,1967,1966,2492,1519,1,0.007547833
Warm B,270397,1636,1635,2492,1519,0,-0.00062965404
Warm B,163722,1050,1049,2492,1519,0,0.007638824
Warm B,203586,1251,1250,2492,1519,0,0.00026765268
Warm B,154055,992,991,2492,1519,0,0.007961292
Warm B,249194,1502,1501,2492,1519,1,0.009446977
Warm B,146333,941,940,2492,1519,0,0.019996054
Warm B,156672,1010,1009,2492,1519,0,0.009863936
Warm B,490047,3015,3014,2492,1519,0,0.0056862817
Warm B,131807,854,853,2492,1519,0,0.01784298
Warm B,205687,1264,1263,2492,1519,0,0.005797049
Warm B,88748,587,586,2492,1519,0,0.008551586
Warm B,74024,504,503,2492,1519,1,0.0025049115
Warm B,71882,482,481,2492,1519,0,0.008256922
Warm B,65973,442,441,2492,1519,0,0.0023803106
Warm B,63854,426,425,2492,1519,1,0.0037340885
Warm B,62341,423,422,2492,1519,0,0.007171679
Warm B,58962,401,400,2492,1519,0,0.003673147
Warm B,132344,855,854,2492,1519,0,0.013013048
Warm B,43086,295,294,2492,1519,0,0.010232259
Warm B,312816,1865,1864,2492,1519,1,0.0012685438
Warm B,40398,272,271,2492,1519,0,0.009527985
Warm B,31038,208,207,2492,1519,0,0.008817868
Warm B,17794,137,136,2492,1519,0,0.008880267
Warm B,6180,45,44,2492,1519,0,-0.004538645
Warm B,153908,990,989,2492,1519,0,0.00918686
Warm B,330669,1952,1951,2492,1519,0,0.01239996
Warm B,889994,5371,5370,2492,1519,0,0.0050395136
Warm B,201973,1243,1242,2492,1519,0,0.010440361
Warm B,874476,5281,5280,2492,1519,1,0.008595685
Warm B,257527,1579,1578,2492,1519,1,0.017705964
Warm B,661723,3991,3990,2492,1519,0,0.0071079284
Warm B,607064,3685,3684,2492,1519,0,0.0012972262
Warm B,773429,4610,4609,2492,1519,0,0.009303533
Warm B,507689,3125,3124,2492,1519,1,0.0037539385
Warm B,24350,173,172,2492,1519,0,0.0084687285
Warm B,360605,2106,2105,2492,1519,0,0.0058726724
Warm B,570977,3503,3502,2492,1519,0,0.012264715
Warm B,335149,1978,1977,2492,1519,1,0.010591411
Warm B,356663,2089,2088,2492,1519,1,0.012570606
Warm B,335656,1980,1979,2492,1519,1,0.015535342
Warm B,921015,5565,5564,2492,1519,0,0.009057365
Warm B,811037,4867,4866,2492,1519,1,0.01129628
Warm B,462003,2849,2848,2492,1519,0,0.0046357936
Warm B,415706,2504,2503,2492,1519,0,0.0035728635
Warm B,111613,727,726,2492,1519,1,0.0066172564
Warm B,187028,1160,1159,2492,1519,0,0.007144474
Warm B,434904,2655,2654,2492,1519,0,0.006076432
Warm B,508165,3128,3127,2492,1519,0,5.317293e-05
Warm B,336664,1982,1981,2492,1519,0,0.018051364
Warm B,323392,1917,1916,2495,1520,1,-0.001806352
Warm B,316686,1884,1883,2495,1520,0,0.0040675923
Warm B,327153,1939,1938,2495,1520,0,0.0088161845
Warm B,298303,1768,1767,2495,1520,1,0.0013920993
Warm B,293119,1746,1745,2495,1520,1,0.005373083
Warm B,288407,1723,1722,2495,1520,1,0.0060466016
Warm B,288215,1722,1721,2495,1520,1,0.0049755415
Warm B,292199,1741,1740,2495,1520,1,0.008915183
Warm B,276117,1671,1670,2495,1520,1,0.011477999
Warm B,278882,1680,1679,2495,1520,1,0.0025699958
Warm B,269803,1635,1634,2495,1520,1,0.0064789057
Warm B,268895,1632,1631,2495,1520,1,0.0048456998
Warm B,283999,1698,1697,2495,1520,1,0.011883016
Warm B,335659,1980,1979,2495,1520,1,0.01451648
Warm B,315881,1882,1881,2495,1520,1,0.0063324096
Warm B,591835,3610,3609,2495,1520,0,0.0052502677
Warm B,197713,1215,1214,2495,1520,1,0.004649824
Warm B,189975,1179,1178,2495,1520,0,0.014730252
Warm B,177484,1119,1118,2495,1520,1,0.0010970943
Warm B,165743,1057,1056,2495,1520,0,0.00143439
Warm B,212818,1297,1296,2495,1520,0,0.0033349069
Warm B,157955,1015,1014,2495,1520,1,0.007552393
Warm B,436260,2665,2664,2495,1520,0,0.015203102
Warm B,147670,951,950,2495,1520,0,0.004001768
Warm B,140849,905,904,2495,1520,1,0.0030427184
Warm B,129280,839,838,2495,1520,1,0.003285632
Warm B,226025,1369,1368,2495,1520,1,0.0035905573
Warm B,152274,980,979,2495,1520,1,0.00022338191
Warm B,90906,602,601,2495,1520,1,0.00812615
Warm B,202990,1246,1245,2495,1520,0,0.009484382
Warm B,86046,563,562,2495,1520,0,-0.0047650817
Warm B,190641,1181,1180,2495,1520,0,-0.0013764137
Warm B,83989,550,549,2495,1520,1,0.0025190306
Warm B,67721,454,453,2495,1520,1,0.0067710215
Warm B,481701,2962,2961,2495,1520,0,0.006780333
Warm B,18085,139,138,2495,1520,0,0.0053740856
Warm B,159927,1019,1018,2495,1520,0,0.013971827
Warm B,215448,1306,1305,2495,1520,1,0.004927254
Warm B,631991,3822,3821,2497,1522,0,0.004976706
Warm B,599871,3650,3649,2497,1522,0,-9.4097806e-05
Warm B,585986,3577,3576,2497,1522,0,0.008256953
Warm B,562283,3461,3460,2497,1522,0,0.0056399712
Warm B,559864,3441,3440,2497,1522,0,0.015082777
Warm B,658309,3967,3966,2497,1522,1,0.014180632
Warm B,544649,3358,3357,2497,1522,1,0.005433109
Warm B,547542,3378,3377,2497,1522,0,0.008234154
Warm B,533146,3292,3291,2497,1522,0,0.025417067
Warm B,530897,3280,3279,2497,1522,0,0.013548451
Warm B,516870,3191,3190,2497,1522,0,0.016822208
Warm B,513678,3169,3168,2497,1522,0,0.0056733945
Warm B,514212,3174,3173,2497,1522,0,0.0098518785
Warm B,503606,3095,3094,2497,1522,0,0.02039469
Warm B,502843,3087,3086,2497,1522,1,0.015100811
Warm B,488639,3007,3006,2497,1522,0,0.0015121901
Warm B,477963,2934,2933,2497,1522,0,0.0036358219
Warm B,870026,5256,5255,2497,1522,1,0.014904514
Warm B,470346,2896,2895,2497,1522,0,0.0056422707
Warm B,468316,2887,2886,2497,1522,0,0.008720718
Warm B,459400,2829,2828,2497,1522,0,0.007538268
Warm B,518666,3201,3200,2497,1522,0,0.007545057
Warm B,594736,3620,3619,2497,1522,0,0.010226992
Warm B,450696,2777,2776,2497,1522,0,-0.0015639139
Warm B,445107,2745,2744,2497,1522,0,0.011280285
Warm B,444580,2743,2742,2497,1522,1,0.0078797545
Warm B,442737,2728,2727,2497,1522,1,0.0007133607
Warm B,430025,2621,2620,2497,1522,0,0.00840831
Warm B,427571,2596,2595,2497,1522,1,0.009849825
Warm B,426860,2592,2591,2497,1522,0,0.0078815315
Warm B,423115,2565,2564,2497,1522,1,0.016025461
Warm B,421790,2550,2549,2497,1522,0,0.006198857
Warm B,419254,2533,2532,2497,1522,1,0.009776066
Warm B,463760,2858,2857,2497,1522,1,0.014047662
Warm B,404451,2419,2418,2497,1522,0,0.008075176
Warm B,402910,2405,2404,2497,1522,1,0.002402106
Warm B,398515,2371,2370,2497,1522,1,0.018864676
Warm B,395093,2334,2333,2497,1522,0,0.0034166267
Warm B,393082,2309,2308,2497,1522,0,0.007974714
Warm B,362848,2116,2115,2497,1522,1,0.002821283
Warm B,351580,2063,2062,2497,1522,1,0.019453377
Warm B,302069,1794,1793,2497,1522,0,0.0030411854
Warm B,269492,1634,1633,2497,1522,0,0.0032088608
Warm B,266904,1620,1619,2497,1522,0,0.010880448
Warm B,254317,1546,1545,2497,1522,0,0.0056739687
Warm B,264548,1609,1608,2497,1522,0,0.0065179328
Warm B,245469,1483,1482,2497,1522,0,0.0132432915
Warm B,272763,1647,1646,2497,1522,0,0.013577802
Warm B,203854,1254,1253,2497,1522,0,0.002842444
Warm B,189601,1175,1174,2497,1522,1,0.0036064254
Warm B,186745,1156,1155,2497,1522,1,0.0024475537
Warm B,188891,1172,1171,2497,1522,0,0.016422099
Warm B,321640,1908,1907,2497,1522,0,0.013389856
Warm B,183125,1141,1140,2497,1522,0,0.016533546
Warm B,331447,1958,1957,2497,1522,0,0.008728756
Warm B,175411,1112,1111,2497,1522,0,0.008236252
Warm B,334499,1974,1973,2497,1522,0,0.015208736
Warm B,163727,1050,1049,2497,1522,0,0.0039759446
Warm B,229206,1389,1388,2497,1522,0,0.00933413
Warm B,413676,2489,2488,2497,1522,0,0.013524927
Warm B,152929,984,983,2497,1522,0,0.022273786
Warm B,190648,1181,1180,2497,1522,0,0.009604376
Warm B,140197,899,898,2497,1522,0,0.0029430268
Warm B,138002,889,888,2497,1522,0,0.016401257
Warm B,131812,854,853,2497,1522,0,0.0030909423
Warm B,127251,822,821,2497,1522,0,0.007261705
Warm B,304761,1812,1811,2497,1522,0,0.016263198
Warm B,126519,817,816,2497,1522,0,0.0024340416
Warm B,123690,797,796,2497,1522,1,0.00465115
Warm B,778835,4653,4652,2497,1522,0,0.014371406
Warm B,299516,1778,1777,2497,1522,0,0.009298463
Warm B,103646,689,688,2497,1522,0,0.0038081473
Warm B,99419,663,662,2497,1522,0,-0.0060050185
Warm B,95922,644,643,2497,1522,0,0.009390967
Warm B,111614,727,726,2497,1522,1,0.017162006
Warm B,88138,581,580,2497,1522,0,0.0018173035
Warm B,228117,1383,1382,2497,1522,0,0.010539807
Warm B,73635,499,498,2497,1522,1,0.006082109
Warm B,68618,461,460,2497,1522,1,0.015849348
Warm B,64616,432,431,2497,1522,0,-0.003869516
Warm B,78360,528,527,2497,1522,1,0.01677851
Warm B,47479,319,318,2497,1522,0,0.018794548
Warm B,110683,721,720,2497,1522,1,0.0034940273
Warm B,696019,4169,4168,2497,1522,0,0.0108986255
Warm B,34480,234,233,2497,1522,1,0.0048545236
Warm B,308487,1837,1836,2497,1522,0,0.012303684
Warm B,32928,223,222,2497,1522,0,0.008496927
Warm B,29462,201,200,2497,1522,0,0.005742266
Warm B,21273,156,155,2497,1522,1,0.015550003
Warm B,838,10,9,2497,1522,1,0.00907786
Warm B,561509,3454,3453,2497,1522,0,0.011297958
Warm B,79246,531,530,2497,1522,0,0.021740314
Warm B,19412,148,147,2497,1522,1,0.008758948
Warm B,399780,2380,2379,2497,1522,0,0.025056202
Warm B,95372,639,638,2497,1522,1,0.005536719
Warm B,365459,2127,2126,2497,1522,0,0.0030800872
Warm B,149115,959,958,2497,1522,1,0.006386257
Warm B,689791,4126,4125,2497,1522,1,0.008839143
Warm B,327822,1941,1940,2497,1522,0,0.016587332
Warm B,335665,1980,1979,2497,1522,0,0.012220741
Warm B,17797,137,136,2497,1522,0,0.014987889
Warm B,300259,1780,1779,2497,1522,0,0.016342148
Warm B,71888,482,481,2497,1522,0,0.008446366
Warm B,187555,1164,1163,2497,1522,0,0.0011907583
Warm B,242317,1463,1462,2497,1522,0,0.0038162097
Warm B,241069,1451,1450,2497,1522,0,0.009561777
Warm B,473394,2909,2908,2497,1522,0,0.007014758
Warm B,285214,1701,1700,2497,1522,0,0.008106666
Warm B,831910,5001,5000,2497,1522,1,0.0050115683
Warm B,456937,2814,2813,2497,1522,0,0.0037290265
Warm B,473396,2909,2908,2498,1523,1,0.007169606
Warm B,486951,2996,2995,2498,1523,0,0.014211276
Warm B,420421,2541,2540,2498,1523,0,-0.0020452663
Warm B,418546,2529,2528,2498,1523,0,0.008368554
Warm B,382585,2236,2235,2498,1523,0,-0.0014792671
Warm B,370659,2167,2166,2498,1523,0,0.0010377592
Warm B,370458,2166,2165,2498,1523,0,0.013080066
Warm B,366765,2138,2137,2498,1523,1,0.0008015116
Warm B,366567,2136,2135,2498,1523,0,0.006506446
Warm B,358429,2098,2097,2498,1523,0,0.012021726
Warm B,356298,2088,2087,2498,1523,0,0.012370102
Warm B,351581,2063,2062,2498,1523,0,0.00958129
Warm B,373925,2181,2180,2498,1523,0,0.013796153
Warm B,361496,2109,2108,2498,1523,0,0.016465496
Warm B,339840,2004,2003,2498,1523,0,0.0045714555
Warm B,324671,1923,1922,2498,1523,0,0.008924426
Warm B,305330,1815,1814,2498,1523,0,0.010994311
Warm B,296759,1759,1758,2498,1523,0,0.0036728347
Warm B,288088,1721,1720,2498,1523,0,0.008781181
Warm B,281201,1687,1686,2498,1523,0,0.008143321
Warm B,286231,1709,1708,2498,1523,1,0.006127909
Warm B,269807,1635,1634,2498,1523,0,0.01625394
Warm B,268309,1630,1629,2498,1523,0,0.00932232
Warm B,259838,1589,1588,2498,1523,0,0.011507141
Warm B,264549,1609,1608,2498,1523,0,0.010142176
Warm B,272764,1647,1646,2498,1523,0,0.018679775
Warm B,261663,1599,1598,2498,1523,0,0.013009552
Warm B,196392,1207,1206,2498,1523,0,0.017513776
Warm B,236334,1434,1433,2498,1523,0,0.0058214813
Warm B,177999,1120,1119,2498,1523,0,0.0134935295
Warm B,173565,1100,1099,2498,1523,0,0.0061081816
Warm B,248718,1501,1500,2498,1523,0,0.0036760792
Warm B,276634,1673,1672,2498,1523,0,0.00672349
Warm B,327824,1941,1940,2498,1523,0,0.0069420515
Warm B,147624,950,949,2498,1523,0,-0.0019887963
Warm B,146870,948,947,2498,1523,0,0.006131939
Warm B,138003,889,888,2498,1523,0,0.014152652
Warm B,135245,876,875,2498,1523,0,0.008481668
Warm B,360612,2106,2105,2498,1523,0,0.016796138
Warm B,112357,731,730,2498,1523,0,0.010633897
Warm B,216386,1314,1313,2498,1523,0,-0.009611011
Warm B,107801,710,709,2498,1523,0,0.013296958
Warm B,166756,1060,1059,2498,1523,0,0.0144545045
Warm B,109226,714,713,2498,1523,0,0.012084105
Warm B,233975,1422,1421,2498,1523,0,0.008126625
Warm B,239850,1449,1448,2498,1523,0,0.013368446
Warm B,86047,563,562,2498,1523,0,0.0068427287
Warm B,73080,494,493,2498,1523,1,0.0014167915
Warm B,65251,438,437,2498,1523,0,0.008688524
Warm B,49419,329,328,2498,1523,0,0.013125115
Warm B,187920,1165,1164,2498,1523,0,0.011962621
Warm B,38509,262,261,2498,1523,0,0.011597947
Warm B,55610,368,367,2498,1523,0,0.0070249843
Warm B,27564,193,192,2498,1523,0,0.0085975975
Warm B,19413,148,147,2498,1523,0,0.010017662
Warm B,840,10,9,2498,1523,1,0.0072381804
Warm B,167093,1063,1062,2498,1523,0,0.010644998
Warm B,472438,2907,2906,2498,1523,0,0.005469111
Warm B,134115,869,868,2498,1523,1,0.010653307
Warm B,335666,1980,1979,2498,1523,0,0.012019768
Warm B,171428,1088,1087,2498,1523,0,0.013142039
Warm B,136398,881,880,2498,1523,0,0.008725199
Warm B,52156,343,342,2498,1523,0,0.0067452816
Warm B,462368,2853,2852,2500,1524,0,0.0035502072
Warm B,458046,2820,2819,2500,1524,0,0.0029774937
Warm B,450972,2777,2776,2500,1524,0,0.0074818083
Warm B,444719,2743,2742,2500,1524,0,0.006850463
Warm B,564513,3471,3470,2500,1524,0,0.004810014
Warm B,377878,2205,2204,2500,1524,0,0.0029093744
Warm B,382500,2235,2234,2500,1524,0,0.0057609947
Warm B,368844,2156,2155,2500,1524,0,0.009988898
Warm B,355996,2085,2084,2500,1524,1,0.006329352
Warm B,352008,2063,2062,2500,1524,1,0.007160888
Warm B,345135,2024,2023,2500,1524,0,-0.0008899984
Warm B,297579,1764,1763,2500,1524,0,0.0055333264
Warm B,281316,1687,1686,2500,1524,0,0.013216634
Warm B,259532,1587,1586,2500,1524,0,0.0065592257
Warm B,227792,1381,1380,2500,1524,0,0.002922719
Warm B,224224,1356,1355,2500,1524,0,0.006357554
Warm B,223629,1354,1353,2500,1524,1,0.0048413295
Warm B,212971,1297,1296,2500,1524,1,0.007871534
Warm B,279469,1680,1679,2500,1524,0,0.008533262
Warm B,185437,1150,1149,2500,1524,0,0.012870977
Warm B,173722,1100,1099,2500,1524,0,-0.0041942154
Warm B,172919,1096,1095,2500,1524,0,-0.0020243393
Warm B,175609,1112,1111,2500,1524,0,0.0060137017
Warm B,272260,1645,1644,2500,1524,1,0.0055987276
Warm B,189407,1173,1172,2500,1524,0,0.0042341743
Warm B,227653,1380,1379,2500,1524,0,0.016090529
Warm B,167922,1068,1067,2500,1524,0,0.011968321
Warm B,140953,906,905,2500,1524,0,-0.00050779805
Warm B,156990,1010,1009,2500,1524,0,0.0075120535
Warm B,136685,881,880,2500,1524,0,0.0135272145
Warm B,331712,1958,1957,2500,1524,0,0.01036589
Warm B,332724,1962,1961,2500,1524,0,0.005852269
Warm B,122354,789,788,2500,1524,0,0.007875694
Warm B,113367,735,734,2500,1524,0,0.009638604
Warm B,360889,2106,2105,2500,1524,0,0.0062977867
Warm B,221443,1340,1339,2500,1524,0,0.004618774
Warm B,939951,5675,5674,2500,1524,0,0.00017930334
Warm B,80267,533,532,2500,1524,0,0.010226276
Warm B,239061,1448,1447,2500,1524,1,0.0067208237
Warm B,116337,752,751,2500,1524,1,0.008161877
Warm B,70203,474,473,2500,1524,0,0.009416398
Warm B,251184,1516,1515,2500,1524,0,0.0028760657
Warm B,57111,386,385,2500,1524,0,-0.008314451
Warm B,538012,3312,3311,2500,1524,0,0.008303555
Warm B,54403,355,354,2500,1524,0,0.0048736227
Warm B,11904,92,91,2500,1524,0,0.01100187
Warm B,7273,51,50,2500,1524,0,0.0019406846
Warm B,633374,3824,3823,2500,1524,0,0.003600682
Warm B,79499,531,530,2500,1524,0,0.00853127
Warm B,363148,2116,2115,2500,1524,0,0.018921796
Warm B,490324,3017,3016,2500,1524,0,0.011098051
Warm B,164662,1051,1050,2500,1524,0,0.008672157
Warm B,134383,869,868,2500,1524,0,0.0054488555
Warm B,177034,1117,1116,2500,1524,0,0.00943757
Warm B,811151,4867,4866,2500,1524,0,0.0006530592
Warm B,375635,2188,2187,2500,1524,0,-0.0039964207
Warm B,290317,1733,1732,2500,1524,0,0.016871443
Warm B,336716,1982,1981,2500,1524,0,0.0050799274
Warm B,171784,1088,1087,2500,1524,0,0.0101161515
Warm B,720114,4312,4311,2504,1527,0,0.0073659355
Warm B,608318,3690,3689,2504,1527,0,-0.004707793
Warm B,604865,3677,3676,2504,1527,1,0.004191377
Warm B,600573,3651,3650,2504,1527,0,0.0018251606
Warm B,606590,3683,3682,2504,1527,0,0.0059223995
Warm B,583524,3562,3561,2504,1527,0,0.0027789036
Warm B,582170,3557,3556,2504,1527,0,0.003832627
Warm B,580957,3547,3546,2504,1527,0,0.014767347
Warm B,579472,3539,3538,2504,1527,1,0.0005136146
Warm B,569312,3491,3490,2504,1527,1,0.0032817186
Warm B,572251,3507,3506,2504,1527,0,0.0063441033
Warm B,556700,3421,3420,2504,1527,1,0.00035544264
Warm B,644720,3884,3883,2504,1527,0,0.010098317
Warm B,740567,4425,4424,2504,1527,0,-0.0031891917
Warm B,536092,3308,3307,2504,1527,1,-0.00029659667
Warm B,533426,3292,3291,2504,1527,1,-0.0024488922
Warm B,531729,3283,3282,2504,1527,0,-0.0020588397
Warm B,531103,3280,3279,2504,1527,0,0.0023975226
Warm B,522692,3224,3223,2504,1527,1,0.012508014
Warm B,562664,3462,3461,2504,1527,0,-0.003074984
Warm B,517670,3195,3194,2504,1527,1,-0.0004879632
Warm B,659190,3971,3970,2504,1527,1,0.00337661
Warm B,508696,3129,3128,2504,1527,0,0.0030144854
Warm B,574820,3518,3517,2504,1527,0,0.00037613302
Warm B,523498,3227,3226,2504,1527,1,0.004902351
Warm B,575426,3519,3518,2504,1527,0,-0.0066853683
Warm B,499526,3067,3066,2504,1527,0,-0.0031315086
Warm B,496903,3053,3052,2504,1527,0,0.0056946613
Warm B,510961,3150,3149,2504,1527,0,0.0026305546
Warm B,474529,2912,2911,2504,1527,0,0.0017343811
Warm B,564517,3471,3470,2504,1527,0,0.0037619271
Warm B,465711,2872,2871,2504,1527,0,0.0044121835
Warm B,450977,2777,2776,2504,1527,0,0.010401968
Warm B,420503,2541,2540,2504,1527,0,0.0059591327
Warm B,416701,2507,2506,2504,1527,0,0.005663352
Warm B,404601,2419,2418,2504,1527,0,0.001156622
Warm B,399542,2378,2377,2504,1527,0,-0.0014255217
Warm B,375637,2188,2187,2504,1527,0,0.012442196
Warm B,372312,2174,2173,2504,1527,0,0.003886035
Warm B,363151,2116,2115,2504,1527,0,0.00983843
Warm B,359801,2104,2103,2504,1527,1,0.002970188
Warm B,355998,2085,2084,2504,1527,1,0.0012282806
Warm B,352011,2063,2062,2504,1527,1,0.007427699
Warm B,293420,1747,1746,2504,1527,0,-0.008696235
Warm B,268561,1631,1630,2504,1527,0,0.006546119
Warm B,259536,1587,1586,2504,1527,0,-6.815884e-05
Warm B,245139,1478,1477,2504,1527,0,0.0037400692
Warm B,235062,1425,1424,2504,1527,1,-0.0015155245
Warm B,301805,1793,1792,2504,1527,0,0.0025050573
Warm B,224225,1356,1355,2504,1527,0,-2.328644e-05
Warm B,222417,1345,1344,2504,1527,1,0.0015934823
Warm B,214111,1300,1299,2504,1527,0,-0.00086105196
Warm B,296835,1759,1758,2504,1527,0,-0.00036161207
Warm B,212975,1297,1296,2504,1527,0,0.006376246
Warm B,277791,1676,1675,2504,1527,0,0.01163755
Warm B,279473,1680,1679,2504,1527,1,0.0015535312
Warm B,196589,1207,1206,2504,1527,0,0.005731709
Warm B,193221,1193,1192,2504,1527,0,0.0008914741
Warm B,189026,1172,1171,2504,1527,1,0.0044319723
Warm B,185441,1150,1149,2504,1527,0,0.00080817705
Warm B,175612,1112,1111,2504,1527,0,0.0036100394
Warm B,167924,1068,1067,2504,1527,1,-0.00041196868
Warm B,163904,1050,1049,2504,1527,1,0.0043875016
Warm B,189411,1173,1172,2504,1527,0,0.000897808
Warm B,156369,1009,1008,2504,1527,0,0.0051478148
Warm B,155396,1001,1000,2504,1527,0,-0.0020751269
Warm B,155939,1004,1003,2504,1527,0,0.0025990983
Warm B,149650,963,962,2504,1527,0,0.004794094
Warm B,134764,870,869,2504,1527,1,0.0048151854
Warm B,332728,1962,1961,2504,1527,0,0.0017254907
Warm B,154921,999,998,2504,1527,0,-0.00041266996
Warm B,128046,828,827,2504,1527,1,0.007978825
Warm B,605867,3681,3680,2504,1527,0,0.0031066302
Warm B,116341,752,751,2504,1527,1,0.009333439
Warm B,112560,731,730,2504,1527,0,-0.00038198358
Warm B,98333,658,657,2504,1527,0,-0.003222022
Warm B,673315,4042,4041,2504,1527,0,0.0045108544
Warm B,90705,601,600,2504,1527,0,0.008004199
Warm B,239065,1448,1447,2504,1527,1,0.0008558247
Warm B,77647,524,523,2504,1527,0,0.0053489082
Warm B,74053,504,503,2504,1527,1,-0.0054991147
Warm B,72141,482,481,2504,1527,0,0.0050151804
Warm B,76724,520,519,2504,1527,1,0.0038067466
Warm B,57115,386,385,2504,1527,0,0.0039020595
Warm B,47330,319,318,2504,1527,0,0.0065864706
Warm B,29105,199,198,2504,1527,0,0.00040547224
Warm B,404036,2414,2413,2504,1527,1,0.00042931107
Warm B,26321,187,186,2504,1527,1,0.0066328784
Warm B,24861,175,174,2504,1527,1,-0.0020652555
Warm B,23041,166,165,2504,1527,0,-0.0010032877
Warm B,49268,329,328,2504,1527,0,-0.003232409
Warm B,166522,1059,1058,2504,1527,0,0.001228021
Warm B,458048,2820,2819,2504,1527,0,0.008934534
Warm B,79504,531,530,2504,1527,0,0.002817905
Warm B,158354,1015,1014,2504,1527,0,-0.009174865
Warm B,709788,4258,4257,2504,1527,0,0.002535129
Warm B,413793,2489,2488,2504,1527,1,-0.0057634986
Warm B,230563,1395,1394,2504,1527,1,-0.011865651
Warm B,249888,1505,1504,2504,1527,0,0.004561259
Warm B,56316,376,375,2504,1527,0,0.0006035619
Warm B,333919,1969,1968,2504,1527,1,0.0010961099
Warm B,360894,2106,2105,2504,1527,0,0.0058990717
Warm B,682547,4085,4084,2504,1527,0,-0.0090327235
Warm B,272262,1645,1644,2504,1527,1,-0.0028693161
Warm B,73325,496,495,2504,1527,0,0.0039082933
Warm B,171788,1088,1087,2504,1527,0,-0.0018355814
Warm B,102377,678,677,2504,1527,0,0.0037688445
Warm B,45849,308,307,2504,1527,0,0.003481766
Warm B,263438,1605,1604,2504,1527,0,0.014148761
Warm B,195552,1203,1202,2504,1527,0,0.0030559795
Warm B,134386,869,868,2504,1527,0,0.0077096084
Warm B,248528,1500,1499,2504,1527,0,-0.0025262316
Warm B,986664,5956,5955,2504,1527,0,0.008454343
Warm B,476396,2926,2925,2504,1527,0,0.0013298457
Warm B,287766,1717,1716,2504,1527,1,-0.0030840742
Warm B,456509,2810,2809,2504,1527,0,0.0054383585
Warm B,907664,5492,5491,2504,1527,0,0.00052801915
Warm B,902825,5458,5457,2504,1527,0,-0.0029541436
Warm B,336060,1980,1979,2504,1527,0,-0.0034405715
Warm B,992414,5996,5995,2504,1527,1,0.0050278157
Warm B,33893,229,228,2504,1527,0,-0.0027488195
Warm B,623073,3770,3769,2506,1529,0,-0.006221564
Warm B,845327,5081,5080,2506,1529,1,0.0065525305
Warm B,590182,3600,3599,2506,1529,0,0.011190729
Warm B,587041,3585,3584,2506,1529,1,0.0075675533
Warm B,582171,3557,3556,2506,1529,1,0.013448733
Warm B,590440,3601,3600,2506,1529,1,0.010033236
Warm B,576673,3525,3524,2506,1529,1,0.0040516397
Warm B,572253,3507,3506,2506,1529,0,0.014608782
Warm B,562666,3462,3461,2506,1529,0,-0.0048377523
Warm B,559955,3441,3440,2506,1529,0,0.004464307
Warm B,658432,3967,3966,2506,1529,1,0.007863145
Warm B,547606,3378,3377,2506,1529,1,0.0023704933
Warm B,542295,3336,3335,2506,1529,0,0.008716255
Warm B,541056,3328,3327,2506,1529,0,0.00033191848
Warm B,536095,3308,3307,2506,1529,1,0.016702127
Warm B,526359,3255,3254,2506,1529,0,0.009280467
Warm B,520823,3213,3212,2506,1529,1,0.010427531
Warm B,503657,3095,3094,2506,1529,0,0.0010165134
Warm B,499529,3067,3066,2506,1529,1,0.0038965403
Warm B,659192,3971,3970,2506,1529,1,0.0035491567
Warm B,493448,3031,3030,2506,1529,1,0.014429295
Warm B,472684,2907,2906,2506,1529,0,0.00813791
Warm B,466031,2873,2872,2506,1529,1,-0.0111307055
Warm B,456510,2810,2809,2506,1529,1,0.005306079
Warm B,446161,2751,2750,2506,1529,0,0.006942739
Warm B,444724,2743,2742,2506,1529,1,-0.0014641802
Warm B,442901,2730,2729,2506,1529,0,0.004361511
Warm B,435592,2663,2662,2506,1529,1,0.0055213007
Warm B,430336,2623,2622,2506,1529,1,0.0047771586
Warm B,426097,2588,2587,2506,1529,0,0.008480692
Warm B,416120,2506,2505,2506,1529,0,0.0048304736
Warm B,412883,2484,2483,2506,1529,1,0.011647585
Warm B,405446,2428,2427,2506,1529,1,0.0060104057
Warm B,404603,2419,2418,2506,1529,0,0.008046378
Warm B,395184,2334,2333,2506,1529,1,0.016536191
Warm B,381356,2230,2229,2506,1529,1,0.001058911
Warm B,369971,2164,2163,2506,1529,0,0.0041026585
Warm B,364457,2123,2122,2506,1529,1,-0.005519042
Warm B,352015,2063,2062,2506,1529,0,0.023667421
Warm B,324763,1924,1923,2506,1529,1,0.015057457
Warm B,296985,1760,1759,2506,1529,1,0.006999231
Warm B,274852,1664,1663,2506,1529,0,0.007765293
Warm B,236423,1434,1433,2506,1529,1,0.0063279686
Warm B,209497,1279,1278,2506,1529,0,0.006802042
Warm B,189628,1175,1174,2506,1529,1,0.0079378355
Warm B,189027,1172,1171,2506,1529,1,0.00495002
Warm B,321689,1908,1907,2506,1529,1,0.00078873744
Warm B,316305,1883,1882,2506,1529,0,0.0016285714
Warm B,176291,1114,1113,2506,1529,1,0.004978887
Warm B,174499,1103,1102,2506,1529,0,0.0052104164
Warm B,331718,1958,1957,2506,1529,1,0.01793878
Warm B,263440,1605,1604,2506,1529,0,0.014720092
Warm B,168535,1069,1068,2506,1529,0,0.0044456064
Warm B,328309,1941,1940,2506,1529,1,0.009604072
Warm B,189412,1173,1172,2506,1529,1,0.019741297
Warm B,152702,983,982,2506,1529,1,0.0015912855
Warm B,150200,967,966,2506,1529,1,0.0032808508
Warm B,323893,1920,1919,2506,1529,0,0.0069584236
Warm B,270973,1639,1638,2506,1529,1,0.008526359
Warm B,140296,899,898,2506,1529,1,0.0005060852
Warm B,138468,889,888,2506,1529,0,0.012507178
Warm B,130845,849,848,2506,1529,0,0.0067225853
Warm B,128047,828,827,2506,1529,1,0.004170287
Warm B,117554,757,756,2506,1529,0,0.02057165
Warm B,778905,4653,4652,2506,1529,0,0.0034485066
Warm B,98910,660,659,2506,1529,0,0.010413745
Warm B,177037,1117,1116,2506,1529,0,0.00430532
Warm B,151269,973,972,2506,1529,0,0.007587592
Warm B,91652,608,607,2506,1529,0,0.011823831
Warm B,228357,1383,1382,2506,1529,0,0.0067998394
Warm B,87293,570,569,2506,1529,0,0.00833154
Warm B,84820,551,550,2506,1529,0,0.003548141
Warm B,69637,467,466,2506,1529,1,0.00018414995
Warm B,64692,433,432,2506,1529,0,0.0013751779
Warm B,74926,509,508,2506,1529,0,0.007980695
Warm B,52709,347,346,2506,1529,1,-0.0036758378
Warm B,55122,365,364,2506,1529,1,0.009686035
Warm B,78531,528,527,2506,1529,1,0.0146738235
Warm B,49272,329,328,2506,1529,0,0.010321805
Warm B,46414,310,309,2506,1529,1,0.008168958
Warm B,312930,1865,1864,2506,1529,1,0.005247476
Warm B,696463,4169,4168,2506,1529,0,0.012920611
Warm B,31921,216,215,2506,1529,1,0.0035766724
Warm B,337092,1983,1982,2506,1529,1,0.009312382
Warm B,26324,187,186,2506,1529,1,0.0056999587
Warm B,16837,132,131,2506,1529,0,0.0037190109
Warm B,5493,38,37,2506,1529,1,0.009325502
Warm B,1638,15,14,2506,1529,0,0.007487994
Warm B,477,6,5,2506,1529,0,0.010006101
Warm B,79507,531,530,2506,1529,0,0.021541476
Warm B,215594,1306,1305,2506,1529,0,0.0015792026
Warm B,360897,2106,2105,2506,1529,0,0.012945343
Warm B,95488,639,638,2506,1529,1,0.007241912
Warm B,240222,1449,1448,2506,1529,0,0.017509239
Warm B,251897,1524,1523,2506,1529,1,0.00715072
Warm B,144976,934,933,2506,1529,1,0.0055982694
Warm B,873824,5276,5275,2506,1529,0,-4.604226e-06
Warm B,20686,151,150,2506,1529,1,-1.0099495e-05
Warm B,171791,1088,1087,2506,1529,1,0.022816092
Warm B,699719,4186,4185,2506,1529,0,0.016581917
Warm B,116343,752,751,2506,1529,1,0.010934399
Warm B,183266,1141,1140,2506,1529,0,0.0065812096
Warm B,877435,5302,5301,2506,1529,0,0.007993022
Warm B,191120,1181,1180,2511,1530,0,0.010525302
Warm B,169607,1077,1076,2511,1530,1,-0.0016221148
Warm B,246373,1489,1488,2511,1530,0,0.0038576587
Warm B,185459,1150,1149,2511,1530,0,0.013609797
Warm B,374856,2185,2184,2511,1530,1,-0.00082314387
Warm B,106827,702,701,2511,1530,1,6.9001224e-05
Warm B,316899,1884,1883,2511,1530,1,0.003736769
Warm B,160207,1019,1018,2511,1530,0,-0.00045052823
Warm B,84305,550,549,2511,1530,0,0.0065257456
Warm B,77654,524,523,2511,1530,1,0.0061340197
Warm B,68782,461,460,2511,1530,0,0.0036499824
Warm B,3060,23,22,2511,1530,0,0.0038599002
Warm B,902828,5458,5457,2511,1530,0,0.0009552607
Warm B,24293,173,172,2511,1530,0,0.007168424
Warm B,249894,1505,1504,2511,1530,1,-0.0028931953
Warm B,319428,1897,1896,2511,1530,0,-0.0003154045
Warm B,739425,4418,4417,2511,1530,1,0.0066984706
Warm B,339224,1998,1997,2511,1530,1,0.00049635256
Warm B,293832,1748,1747,2511,1530,1,0.007238808
Warm B,768768,4579,4578,2511,1530,0,0.0028633638
Warm B,891595,5387,5386,2511,1530,0,0.008660741
Warm B,290331,1733,1732,2511,1530,1,0.0060275868
Warm B,406800,2444,2443,2514,1532,0,0.010609147
Warm B,368638,2155,2154,2514,1532,1,-0.00035974046
Warm B,366215,2131,2130,2514,1532,0,0.014564202
Warm B,361748,2109,2108,2514,1532,0,0.020936757
Warm B,358555,2098,2097,2514,1532,0,0.011195859
Warm B,344442,2021,2020,2514,1532,0,0.010360769
Warm B,323517,1919,1918,2514,1532,1,0.008286443
Warm B,279500,1680,1679,2514,1532,0,0.021941815
Warm B,277044,1675,1674,2514,1532,0,0.01617289
Warm B,277801,1676,1675,2514,1532,0,0.016545646
Warm B,271497,1641,1640,2514,1532,0,0.011785379
Warm B,267607,1626,1625,2514,1532,0,0.006905443
Warm B,236431,1434,1433,2514,1532,1,0.005909023
Warm B,224516,1357,1356,2514,1532,0,0.016141504
Warm B,221910,1342,1341,2514,1532,0,0.009294214
Warm B,213928,1299,1298,2514,1532,0,0.008339876
Warm B,240236,1449,1448,2514,1532,0,0.021453436
Warm B,328331,1941,1940,2514,1532,0,0.015579161
Warm B,196600,1207,1206,2514,1532,0,-0.00014204136
Warm B,179680,1125,1124,2514,1532,0,0.0067408863
Warm B,256195,1562,1561,2514,1532,0,0.0053633195
Warm B,184049,1146,1145,2514,1532,0,0.006213084
Warm B,175624,1112,1111,2514,1532,0,0.009298879
Warm B,165651,1056,1055,2514,1532,0,0.008792263
Warm B,159331,1017,1016,2514,1532,0,0.013919237
Warm B,150203,967,966,2514,1532,0,0.003810292
Warm B,157009,1010,1009,2514,1532,0,0.013792263
Warm B,134398,869,868,2514,1532,0,0.013788622
Warm B,133202,859,858,2514,1532,0,0.00756723
Warm B,138486,889,888,2514,1532,0,0.0120324185
Warm B,126639,817,816,2514,1532,0,0.012117714
Warm B,125587,808,807,2514,1532,0,0.015673816
Warm B,91655,608,607,2514,1532,0,0.0044047185
Warm B,291503,1737,1736,2514,1532,0,-0.0005120123
Warm B,406130,2436,2435,2514,1532,0,0.008225344
Warm B,56049,372,371,2514,1532,0,0.013459453
Warm B,54193,353,352,2514,1532,0,0.008491924
Warm B,47915,321,320,2514,1532,0,0.022209885
Warm B,45175,305,304,2514,1532,0,0.0032153958
Warm B,99868,667,666,2514,1532,0,-0.002178987
Warm B,537276,3311,3310,2514,1532,0,0.0040254667
Warm B,639193,3842,3841,2514,1532,0,0.010340976
Warm B,22428,163,162,2514,1532,0,0.016567817
Warm B,198447,1219,1218,2514,1532,0,0.0025182513
Warm B,65440,438,437,2514,1532,0,0.007855231
Warm B,365810,2129,2128,2514,1532,0,0.0018658075
Warm B,290333,1733,1732,2514,1532,0,0.012871008
Warm B,622222,3768,3767,2514,1532,0,0.0029431526
Warm B,177044,1117,1116,2514,1532,0,0.00979007
Warm B,310748,1851,1850,2514,1532,0,0.009591788
Warm B,352027,2063,2062,2514,1532,0,0.0119050555
Warm B,206974,1266,1265,2514,1532,0,0.011365746
Warm B,473809,2909,2908,2514,1532,0,0.013134549
Warm B,28030,195,194,2514,1532,0,0.005925513
Warm B,63096,424,423,2514,1532,0,0.025400817
Warm B,461563,2847,2846,2514,1532,0,0.011008587
Warm B,352979,2067,2066,2519,1535,1,0.004010953
Warm B,350139,2055,2054,2519,1535,1,0.017440554
Warm B,300739,1781,1780,2519,1535,0,0.0040382757
Warm B,288302,1722,1721,2519,1535,1,0.0012306728
Warm B,300437,1780,1779,2519,1535,1,0.0037811173
Warm B,281697,1689,1688,2519,1535,0,0.002894762
Warm B,279510,1680,1679,2519,1535,0,0.009329068
Warm B,247785,1496,1495,2519,1535,0,0.0052201375
Warm B,224518,1357,1356,2519,1535,1,0.007228201
Warm B,336087,1980,1979,2519,1535,0,0.006288901
Warm B,328343,1941,1940,2519,1535,0,0.0008427035
Warm B,176412,1115,1114,2519,1535,0,0.012541916
Warm B,175629,1112,1111,2519,1535,0,0.002815116
Warm B,159336,1017,1016,2519,1535,1,0.0019190591
Warm B,133879,868,867,2519,1535,0,0.0006033671
Warm B,114100,741,740,2519,1535,0,0.0034953086
Warm B,103850,690,689,2519,1535,0,0.011832991
Warm B,88107,580,579,2519,1535,0,0.0016192716
Warm B,363171,2116,2115,2519,1535,1,-0.0019777804
Warm B,43220,296,295,2519,1535,1,0.00017959764
Warm B,203173,1246,1245,2519,1535,0,0.009665212
Warm B,31961,216,215,2519,1535,0,-0.0065515856
Warm B,29722,202,201,2519,1535,1,0.006441241
Warm B,17463,136,135,2519,1535,1,-0.0036352102
Warm B,14428,117,116,2519,1535,1,0.0018968927
Warm B,11167,83,82,2519,1535,0,-0.00044310675
Warm B,290341,1733,1732,2519,1535,1,0.0074422504
Warm B,592058,3610,3609,2519,1535,0,-0.005583318
Warm B,552468,3401,3400,2519,1535,0,-0.00040645426
Warm B,927612,5605,5604,2519,1535,0,0.017586822
Warm B,287775,1717,1716,2519,1535,1,0.0013107418
Warm B,366218,2131,2130,2519,1535,1,0.0017539758
Warm B,473821,2909,2908,2519,1535,1,0.0023281705
Warm B,322497,1912,1911,2519,1535,0,0.0043056896
Warm B,187969,1165,1164,2519,1535,0,-0.00073733693
Warm B,718604,4305,4304,2519,1535,1,0.0012813385
Warm B,665912,4007,4006,2520,1536,0,0.0019338422
Warm B,656661,3957,3956,2520,1536,0,0.009836114
Warm B,648272,3903,3902,2520,1536,1,-0.0062643243
Warm B,643737,3878,3877,2520,1536,1,0.002534035
Warm B,643186,3873,3872,2520,1536,1,0.0036684189
Warm B,640275,3848,3847,2520,1536,0,0.0018917266
Warm B,632517,3823,3822,2520,1536,1,0.014305664
Warm B,629620,3808,3807,2520,1536,0,-0.0018719679
Warm B,638336,3841,3840,2520,1536,0,0.011515216
Warm B,623672,3772,3771,2520,1536,0,0.0036442305
Warm B,619570,3754,3753,2520,1536,1,-0.0003290946
Warm B,615721,3727,3726,2520,1536,1,0.004904148
Warm B,611220,3705,3704,2520,1536,1,0.009786764
Warm B,744966,4448,4447,2520,1536,1,0.009635195
Warm B,610449,3702,3701,2520,1536,1,0.0016635524
Warm B,594028,3618,3617,2520,1536,0,3.9539533e-05
Warm B,590192,3600,3599,2520,1536,1,0.009068075
Warm B,585754,3576,3575,2520,1536,1,0.0027879556
Warm B,577960,3529,3528,2520,1536,0,-0.0011904703
Warm B,580966,3547,3546,2520,1536,1,0.0018927436
Warm B,566690,3477,3476,2520,1536,0,-0.0041640806
Warm B,554057,3410,3409,2520,1536,1,0.0047633704
Warm B,632054,3822,3821,2520,1536,0,-0.005389477
Warm B,548007,3380,3379,2520,1536,0,0.012985769
Warm B,540239,3321,3320,2520,1536,0,0.0034567246
Warm B,639202,3842,3841,2520,1536,0,0.008218123
Warm B,529840,3272,3271,2520,1536,1,0.0036019555
Warm B,518816,3201,3200,2520,1536,0,0.008897441
Warm B,509531,3138,3137,2520,1536,0,0.011549629
Warm B,507274,3121,3120,2520,1536,0,0.0085928785
Warm B,505212,3108,3107,2520,1536,0,0.0048407456
Warm B,494302,3032,3031,2520,1536,1,-0.00034456362
Warm B,696487,4169,4168,2520,1536,0,0.006441298
Warm B,670681,4030,4029,2520,1536,1,-0.0013771378
Warm B,472710,2907,2906,2520,1536,0,-0.0007281331
Warm B,473834,2909,2908,2520,1536,1,0.010183874
Warm B,465284,2869,2868,2520,1536,0,0.0043379012
Warm B,463417,2857,2856,2520,1536,0,0.021159796
Warm B,458074,2820,2819,2520,1536,0,-0.0051823496
Warm B,449958,2774,2773,2520,1536,0,0.006074026
Warm B,442093,2719,2718,2520,1536,0,0.00018958864
Warm B,439624,2685,2684,2520,1536,0,0.011814554
Warm B,433681,2643,2642,2520,1536,1,0.008320862
Warm B,431428,2628,2627,2520,1536,0,0.006385547
Warm B,417473,2517,2516,2520,1536,0,-0.0014763933
Warm B,416736,2507,2506,2520,1536,1,0.012143944
Warm B,403009,2406,2405,2520,1536,1,0.0032573445
Warm B,397970,2363,2362,2520,1536,1,-0.0010294357
Warm B,397845,2360,2359,2520,1536,0,-0.0010184669
Warm B,396680,2348,2347,2520,1536,0,0.001881626
Warm B,393737,2318,2317,2520,1536,0,-0.0028052186
Warm B,393464,2315,2314,2520,1536,0,-0.0056682834
Warm B,392323,2304,2303,2520,1536,1,-0.0018583229
Warm B,389740,2287,2286,2520,1536,1,0.0018255486
Warm B,436544,2665,2664,2520,1536,1,0.0016942518
Warm B,387325,2264,2263,2520,1536,1,0.0011702986
Warm B,655954,3952,3951,2520,1536,0,0.0015384773
Warm B,378765,2211,2210,2520,1536,1,-0.001718189
Warm B,372870,2177,2176,2520,1536,0,-0.0007256819
Warm B,372077,2173,2172,2520,1536,0,0.004616143
Warm B,352701,2064,2063,2520,1536,0,0.004477256
Warm B,298352,1768,1767,2520,1536,0,0.001710122
Warm B,271638,1642,1641,2520,1536,1,-0.0004197415
Warm B,269117,1632,1631,2520,1536,0,0.0024491423
Warm B,260143,1591,1590,2520,1536,0,0.0058091423
Warm B,232346,1410,1409,2520,1536,0,-0.0011863011
Warm B,229941,1391,1390,2520,1536,1,0.008589652
Warm B,242889,1465,1464,2520,1536,0,0.0017641576
Warm B,279531,1680,1679,2520,1536,0,0.004380687
Warm B,197024,1209,1208,2520,1536,1,-0.0029152315
Warm B,379952,2222,2221,2520,1536,1,0.005185321
Warm B,177614,1119,1118,2520,1536,0,0.0013607386
Warm B,191912,1182,1181,2520,1536,1,-0.0021803656
Warm B,328356,1941,1940,2520,1536,0,0.013763221
Warm B,162960,1040,1039,2520,1536,1,-0.0035142736
Warm B,153152,984,983,2520,1536,0,0.004689705
Warm B,146687,946,945,2520,1536,0,0.0064105247
Warm B,199539,1224,1223,2520,1536,0,-0.00078011677
Warm B,169274,1074,1073,2520,1536,0,0.0063439063
Warm B,141580,911,910,2520,1536,1,0.0053994106
Warm B,201651,1242,1241,2520,1536,1,0.0020965287
Warm B,315381,1880,1879,2520,1536,0,0.009013526
Warm B,160220,1019,1018,2520,1536,0,0.008260978
Warm B,106839,702,701,2520,1536,0,0.0068542957
Warm B,100905,673,672,2520,1536,0,-0.00026719354
Warm B,94987,637,636,2520,1536,0,0.0050795116
Warm B,95500,639,638,2520,1536,0,0.0061547044
Warm B,130557,846,845,2520,1536,0,0.008257905
Warm B,284313,1698,1697,2520,1536,0,0.00067558326
Warm B,322506,1912,1911,2520,1536,0,0.008341424
Warm B,191140,1181,1180,2520,1536,0,-0.00018077972
Warm B,239092,1448,1447,2520,1536,1,0.0067154607
Warm B,75474,513,512,2520,1536,0,-0.003379081
Warm B,56833,382,381,2520,1536,1,0.0029462497
Warm B,211112,1285,1284,2520,1536,1,0.0101307575
Warm B,241316,1451,1450,2520,1536,1,0.0050074025
Warm B,41734,284,283,2520,1536,0,0.0077134767
Warm B,145401,935,934,2520,1536,1,0.0040238407
Warm B,98932,660,659,2520,1536,0,0.009030014
Warm B,27538,193,192,2520,1536,1,0.0037141275
Warm B,5888,42,41,2520,1536,1,-0.006173117
Warm B,60634,411,410,2520,1536,0,-0.0017031466
Warm B,55253,366,365,2520,1536,0,-0.0010338168
Warm B,552475,3401,3400,2520,1536,1,0.00580992
Warm B,300441,1780,1779,2520,1536,0,0.014909184
Warm B,680700,4079,4078,2520,1536,1,0.0037744788
Warm B,760193,4517,4516,2520,1536,0,0.008793667
Warm B,633404,3824,3823,2520,1536,0,0.00978218
Warm B,964121,5812,5811,2520,1536,1,2.0584092e-05
Warm B,357563,2092,2091,2520,1536,0,0.0020791558
Warm B,841187,5054,5053,2520,1536,1,0.0073138503
Warm B,171815,1088,1087,2520,1536,0,0.0038500875
Warm B,993890,6002,6001,2520,1536,1,-0.0038598953
Warm B,63116,424,423,2520,1536,0,0.012628657
Warm B,276327,1671,1670,2520,1536,1,0.0032124058
Warm B,25896,183,182,2520,1536,0,0.0046083583
Warm B,588005,3589,3588,2520,1536,0,0.012259494
Warm B,52108,343,342,2520,1536,1,0.0032675974
Warm B,187971,1165,1164,2520,1536,0,0.0020575004
Warm B,382939,2237,2236,2521,1537,0,0.011195437
Warm B,361758,2109,2108,2521,1537,0,0.003591342
Warm B,285983,1706,1705,2521,1537,0,-0.0003010329
Warm B,269118,1632,1631,2521,1537,0,0.006148549
Warm B,260144,1591,1590,2521,1537,0,0.008393053
Warm B,232347,1410,1409,2521,1537,0,0.0023298115
Warm B,220412,1335,1334,2521,1537,0,0.01795336
Warm B,279532,1680,1679,2521,1537,1,0.003832199
Warm B,197025,1209,1208,2521,1537,0,0.005185269
Warm B,177615,1119,1118,2521,1537,0,0.005348063
Warm B,328357,1941,1940,2521,1537,0,0.0025356095
Warm B,270993,1639,1638,2521,1537,0,0.006645892
Warm B,133735,865,864,2521,1537,1,0.0041958108
Warm B,131237,850,849,2521,1537,1,-0.0006425837
Warm B,315382,1880,1879,2521,1537,0,0.0011441268
Warm B,94988,637,636,2521,1537,0,-0.00097254664
Warm B,130558,846,845,2521,1537,0,-0.0027242694
Warm B,284314,1698,1697,2521,1537,0,0.0030495229
Warm B,153153,984,983,2521,1537,0,0.011179417
Warm B,145402,935,934,2521,1537,1,0.0007242898
Warm B,947586,5722,5721,2521,1537,0,0.0024916853
Warm B,60635,411,410,2521,1537,0,0.009918999
Warm B,47380,319,318,2521,1537,0,0.0050990693
Warm B,588006,3589,3588,2521,1537,0,0.0070896484
Warm B,279534,1680,1679,2522,1538,0,0.011550944
Warm B,197026,1209,1208,2522,1538,0,-0.003700804
Warm B,168550,1069,1068,2522,1538,1,0.00560426
Warm B,328359,1941,1940,2522,1538,0,-0.0009496631
Warm B,153154,984,983,2522,1538,0,0.01529035
Warm B,270994,1639,1638,2522,1538,0,-0.0018308572
Warm B,142462,919,918,2522,1538,0,0.008089601
Warm B,131238,850,849,2522,1538,0,0.009023929
Warm B,106840,702,701,2522,1538,0,0.0053973855
Warm B,94989,637,636,2522,1538,0,0.009974728
Warm B,95501,639,638,2522,1538,0,0.0080435
Warm B,130559,846,845,2522,1538,0,0.0043438366
Warm B,284315,1698,1697,2522,1538,0,0.011213457
Warm B,75475,513,512,2522,1538,0,0.009793056
Warm B,145403,935,934,2522,1538,1,-0.0084501505
Warm B,947587,5722,5721,2522,1538,0,-0.0002756454
Warm B,202086,1243,1242,2522,1538,0,0.004160519
Warm B,977881,5892,5891,2522,1538,0,0.0014179663
Warm B,821594,4940,4939,2522,1538,0,0.0046530925
Warm B,569345,3491,3490,2525,1540,1,0.010351181
Warm B,583547,3562,3561,2525,1540,0,0.011194479
Warm B,560199,3442,3441,2525,1540,0,0.008631287
Warm B,556947,3422,3421,2525,1540,0,0.0027442605
Warm B,549136,3389,3388,2525,1540,0,0.009694004
Warm B,546887,3371,3370,2525,1540,0,0.013468973
Warm B,525110,3242,3241,2525,1540,0,0.013851944
Warm B,566353,3476,3475,2525,1540,0,0.013751251
Warm B,506786,3118,3117,2525,1540,0,0.013622944
Warm B,498583,3063,3062,2525,1540,0,-0.007905794
Warm B,489949,3014,3013,2525,1540,0,0.005410936
Warm B,600137,3650,3649,2525,1540,0,0.013980258
Warm B,559269,3435,3434,2525,1540,0,0.0060442407
Warm B,483970,2976,2975,2525,1540,0,0.00606623
Warm B,696493,4169,4168,2525,1540,1,0.01641636
Warm B,754714,4497,4496,2525,1540,0,0.0065331906
Warm B,463424,2857,2856,2525,1540,0,0.012664007
Warm B,424767,2576,2575,2525,1540,0,0.00035946642
Warm B,422165,2555,2554,2525,1540,0,-0.0012832175
Warm B,411085,2466,2465,2525,1540,0,0.012893131
Warm B,409706,2457,2456,2525,1540,0,0.002520767
Warm B,410660,2463,2462,2525,1540,0,0.0051380526
Warm B,402397,2402,2401,2525,1540,0,0.0068108505
Warm B,407808,2451,2450,2525,1540,0,-1.7266837e-05
Warm B,384983,2249,2248,2525,1540,0,0.00063911127
Warm B,373500,2180,2179,2525,1540,0,0.0008956273
Warm B,374217,2181,2180,2525,1540,0,0.012530658
Warm B,370753,2167,2166,2525,1540,0,0.0014398681
Warm B,369985,2164,2163,2525,1540,1,0.005474177
Warm B,364852,2124,2123,2525,1540,0,0.011031742
Warm B,355464,2079,2078,2525,1540,1,0.005008501
Warm B,348481,2042,2041,2525,1540,1,0.013209462
Warm B,341966,2013,2012,2525,1540,0,-0.0013574457
Warm B,339883,2004,2003,2525,1540,0,0.004263879
Warm B,334174,1970,1969,2525,1540,0,0.0019538563
Warm B,297607,1764,1763,2525,1540,1,0.0025172795
Warm B,293230,1746,1745,2525,1540,0,0.013794403
Warm B,300444,1780,1779,2525,1540,0,0.007231403
Warm B,288304,1722,1721,2525,1540,1,0.0008695824
Warm B,292413,1741,1740,2525,1540,0,0.010921825
Warm B,289404,1727,1726,2525,1540,1,0.015154246
Warm B,279540,1680,1679,2525,1540,0,0.0102722
Warm B,288953,1726,1725,2525,1540,0,0.004098022
Warm B,268040,1628,1627,2525,1540,0,0.013873981
Warm B,267616,1626,1625,2525,1540,0,0.013058513
Warm B,436550,2665,2664,2525,1540,0,0.009647915
Warm B,254116,1545,1544,2525,1540,0,0.010027068
Warm B,247794,1496,1495,2525,1540,0,0.0045076753
Warm B,244716,1473,1472,2525,1540,0,-0.0025086396
Warm B,232349,1410,1409,2525,1540,0,0.011714857
Warm B,224521,1357,1356,2525,1540,0,-0.0034289635
Warm B,214961,1303,1302,2525,1540,1,0.012431906
Warm B,308751,1837,1836,2525,1540,0,0.013322941
Warm B,196174,1206,1205,2525,1540,0,0.011416168
Warm B,328366,1941,1940,2525,1540,0,0.008472635
Warm B,277820,1676,1675,2525,1540,0,0.0012164214
Warm B,191147,1181,1180,2525,1540,0,0.011123025
Warm B,307553,1835,1834,2525,1540,1,0.010494423
Warm B,180381,1128,1127,2525,1540,0,0.006620317
Warm B,175640,1112,1111,2525,1540,0,0.0014553708
Warm B,194289,1198,1197,2525,1540,0,0.012305416
Warm B,166070,1058,1057,2525,1540,0,0.011157625
Warm B,159341,1017,1016,2525,1540,0,0.007428644
Warm B,157025,1010,1009,2525,1540,0,0.0024072137
Warm B,138517,889,888,2525,1540,0,0.016989509
Warm B,125591,808,807,2525,1540,0,0.0049257497
Warm B,352054,2063,2062,2525,1540,0,0.014088819
Warm B,120492,777,776,2525,1540,0,0.004404355
Warm B,86723,566,565,2525,1540,0,0.004811521
Warm B,86179,563,562,2525,1540,0,0.0029027844
Warm B,70847,476,475,2525,1540,0,0.0046162754
Warm B,63121,424,423,2525,1540,0,0.005209373
Warm B,41737,284,283,2525,1540,0,0.0077259615
Warm B,41163,278,277,2525,1540,0,-0.0036824811
Warm B,36379,245,244,2525,1540,0,0.007884701
Warm B,29738,202,201,2525,1540,0,0.008169174
Warm B,25328,179,178,2525,1540,0,-0.004461118
Warm B,14434,117,116,2525,1540,0,0.003689583
Warm B,119357,770,769,2525,1540,0,0.009642084
Warm B,290351,1733,1732,2525,1540,1,0.009950487
Warm B,389472,2282,2281,2525,1540,0,0.0009440258
Warm B,863911,5205,5204,2525,1540,0,0.0028239484
Warm B,552479,3401,3400,2525,1540,0,0.0140516125
Warm B,238057,1447,1446,2525,1540,0,0.004306132
Warm B,130562,846,845,2525,1540,0,0.00713359
Warm B,451801,2781,2780,2525,1540,1,0.002914952
Warm B,760679,4520,4519,2525,1540,0,0.0063222595
Warm B,116378,752,751,2525,1540,0,0.01480966
Warm B,310754,1851,1850,2525,1540,0,0.00445241
Warm B,322510,1912,1911,2525,1540,0,0.012975719
Warm B,848179,5097,5096,2525,1540,1,0.009605797
Warm B,868221,5242,5241,2525,1540,0,0.0030455326
Warm B,25897,183,182,2525,1540,0,0.0072419606
Warm B,638342,3841,3840,2526,1541,0,0.015111131
Warm B,625341,3779,3778,2526,1541,0,0.007232956
Warm B,621276,3762,3761,2526,1541,0,0.014856325
Warm B,618068,3745,3744,2526,1541,0,-0.008581318
Warm B,613665,3717,3716,2526,1541,0,0.003143739
Warm B,607737,3688,3687,2526,1541,0,0.013853395
Warm B,604995,3678,3677,2526,1541,0,0.008610776
Warm B,657160,3961,3960,2526,1541,0,0.0019822523
Warm B,531735,3283,3282,2526,1541,0,0.0054912018
Warm B,509861,3140,3139,2526,1541,0,0.016049262
Warm B,504587,3102,3101,2526,1541,0,-0.0012890492
Warm B,738200,4411,4410,2526,1541,1,0.010943159
Warm B,488477,3005,3004,2526,1541,0,0.022507174
Warm B,475958,2921,2920,2526,1541,0,0.008974041
Warm B,463425,2857,2856,2526,1541,0,0.015946362
Warm B,458078,2820,2819,2526,1541,0,0.0052249376
Warm B,455290,2803,2802,2526,1541,0,0.015522647
Warm B,457093,2815,2814,2526,1541,0,0.0055112196
Warm B,443530,2735,2734,2526,1541,1,0.010730458
Warm B,448901,2766,2765,2526,1541,0,-0.0028667818
Warm B,415162,2499,2498,2526,1541,0,0.024637837
Warm B,401902,2398,2397,2526,1541,1,0.008757767
Warm B,401393,2393,2392,2526,1541,0,0.0032455432
Warm B,390969,2297,2296,2526,1541,1,0.013660435
Warm B,386392,2259,2258,2526,1541,0,0.0074136807
Warm B,388746,2278,2277,2526,1541,0,0.01740526
Warm B,376748,2199,2198,2526,1541,0,0.0077550206
Warm B,373501,2180,2179,2526,1541,0,0.0093047265
Warm B,370754,2167,2166,2526,1541,0,-0.009637981
Warm B,356124,2086,2085,2526,1541,0,0.009885969
Warm B,436551,2665,2664,2526,1541,0,0.015417957
Warm B,339884,2004,2003,2526,1541,0,0.003800827
Warm B,310756,1851,1850,2526,1541,0,0.006364407
Warm B,311584,1856,1855,2526,1541,1,0.007333952
Warm B,288470,1723,1722,2526,1541,1,0.0012965463
Warm B,292414,1741,1740,2526,1541,0,0.014667662
Warm B,256547,1567,1566,2526,1541,0,0.009184022
Warm B,252951,1533,1532,2526,1541,1,0.0021981765
Warm B,242892,1465,1464,2526,1541,0,0.001757449
Warm B,226851,1376,1375,2526,1541,0,0.016575083
Warm B,226161,1369,1368,2526,1541,1,0.014336215
Warm B,216661,1316,1315,2526,1541,1,0.00576075
Warm B,216236,1312,1311,2526,1541,0,0.00017311284
Warm B,211121,1285,1284,2526,1541,0,0.010365116
Warm B,328367,1941,1940,2526,1541,0,0.010291635
Warm B,178860,1122,1121,2526,1541,0,0.0046581626
Warm B,165268,1053,1052,2526,1541,0,0.006320129
Warm B,140493,902,901,2526,1541,0,0.008954854
Warm B,138518,889,888,2526,1541,0,0.01716388
Warm B,126038,812,811,2526,1541,0,0.006418112
Warm B,107093,704,703,2526,1541,0,0.010661959
Warm B,713190,4277,4276,2526,1541,0,0.02710196
Warm B,86180,563,562,2526,1541,0,0.009932035
Warm B,191149,1181,1180,2526,1541,0,0.014395757
Warm B,75951,516,515,2526,1541,0,0.008754582
Warm B,66592,445,444,2526,1541,0,0.008814112
Warm B,63123,424,423,2526,1541,0,0.018586641
Warm B,49321,329,328,2526,1541,0,0.0101655135
Warm B,363189,2116,2115,2526,1541,0,0.015200656
Warm B,5575,39,38,2526,1541,0,0.007243514
Warm B,1898,17,16,2526,1541,0,0.018511724
Warm B,530304,3274,3273,2526,1541,0,0.0073204804
Warm B,235089,1425,1424,2526,1541,0,0.021242592
Warm B,801449,4802,4801,2526,1541,0,0.016343063
Warm B,718608,4305,4304,2526,1541,1,0.016302021
Warm B,26642,188,187,2526,1541,0,0.0018859887
Warm B,136713,881,880,2526,1541,0,0.018348746
Warm B,588010,3589,3588,2526,1541,0,0.019469561
Warm B,546889,3371,3370,2526,1541,0,0.022507828
Warm B,322511,1912,1911,2526,1541,0,0.0070524076
Warm B,825591,4958,4957,2526,1541,0,0.0059749223
Warm B,432797,2638,2637,2535,1549,0,0.0046981527
Warm B,423492,2566,2565,2535,1549,0,0.0024110219
Warm B,423222,2565,2564,2535,1549,1,0.004889178
Warm B,422984,2564,2563,2535,1549,0,0.0045453375
Warm B,414681,2496,2495,2535,1549,0,0.009281731
Warm B,436570,2665,2664,2535,1549,1,-0.0006968363
Warm B,403863,2412,2411,2535,1549,0,0.00064067007
Warm B,449422,2771,2770,2535,1549,0,0.011625219
Warm B,402414,2402,2401,2535,1549,0,-0.0011833031
Warm B,392352,2304,2303,2535,1549,0,0.009570706
Warm B,389040,2279,2278,2535,1549,0,0.005814204
Warm B,370000,2164,2163,2535,1549,0,0.006269633
Warm B,357576,2092,2091,2535,1549,0,0.0017694479
Warm B,337123,1983,1982,2535,1549,0,4.3321634e-05
Warm B,330177,1948,1947,2535,1549,0,0.010256227
Warm B,289417,1727,1726,2535,1549,0,0.0052033244
Warm B,292430,1741,1740,2535,1549,1,0.007009645
Warm B,350761,2059,2058,2535,1549,0,0.011791885
Warm B,244725,1473,1472,2535,1549,0,-0.00055441307
Warm B,242901,1465,1464,2535,1549,0,-0.0019295625
Warm B,224736,1358,1357,2535,1549,0,0.0117882835
Warm B,219953,1333,1332,2535,1549,0,0.005836438
Warm B,220421,1335,1334,2535,1549,0,0.004800493
Warm B,279581,1680,1679,2535,1549,1,0.0028874832
Warm B,244089,1470,1469,2535,1549,0,-0.002727487
Warm B,197035,1209,1208,2535,1549,0,0.0041959696
Warm B,334689,1974,1973,2535,1549,0,0.0049018436
Warm B,177633,1119,1118,2535,1549,0,0.008200716
Warm B,328396,1941,1940,2535,1549,1,0.0085020885
Warm B,163106,1041,1040,2535,1549,1,0.0032598623
Warm B,271006,1639,1638,2535,1549,0,0.0063971966
Warm B,199551,1224,1223,2535,1549,1,0.0029428315
Warm B,191173,1181,1180,2535,1549,0,0.009567969
Warm B,131255,850,849,2535,1549,1,-0.011997217
Warm B,315406,1880,1879,2535,1549,1,0.007222961
Warm B,147474,949,948,2535,1549,0,0.01417398
Warm B,713209,4277,4276,2535,1549,0,0.006527307
Warm B,97118,651,650,2535,1549,0,0.010700627
Warm B,95001,637,636,2535,1549,0,0.007663576
Warm B,480224,2946,2945,2535,1549,0,0.0040859627
Warm B,284337,1698,1697,2535,1549,0,0.0010868739
Warm B,153175,984,983,2535,1549,0,0.005253895
Warm B,394253,2323,2322,2535,1549,0,0.0109092435
Warm B,85848,560,559,2535,1549,0,-0.005021418
Warm B,83324,549,548,2535,1549,0,0.008636717
Warm B,234234,1422,1421,2535,1549,0,0.006664515
Warm B,211139,1285,1284,2535,1549,0,0.0075950483
Warm B,241333,1451,1450,2535,1549,0,0.009276366
Warm B,61249,412,411,2535,1549,0,0.006835617
Warm B,12936,100,99,2535,1549,0,0.0015242103
Warm B,104436,692,691,2535,1549,0,0.0150386095
Warm B,202100,1243,1242,2535,1549,0,0.00252585
Warm B,552493,3401,3400,2535,1549,0,0.00074485294
Warm B,288479,1723,1722,2535,1549,1,0.014032004
Warm B,744980,4448,4447,2535,1549,1,0.003887212
Warm B,336122,1980,1979,2535,1549,1,-0.004424351
Warm B,841195,5054,5053,2535,1549,0,-0.005775233
Warm B,63140,424,423,2535,1549,0,0.0074803056
Warm B,235106,1425,1424,2535,1549,0,0.0049992157
Warm B,594081,3618,3617,2540,1551,0,0.005414581
Warm B,596737,3626,3625,2540,1551,0,0.007924212
Warm B,613355,3716,3715,2540,1551,1,-0.0072159516
Warm B,578059,3530,3529,2540,1551,0,0.0091359615
Warm B,577347,3526,3525,2540,1551,0,0.006194393
Warm B,584099,3564,3563,2540,1551,0,0.008736192
Warm B,558335,3429,3428,2540,1551,0,0.004680706
Warm B,549154,3389,3388,2540,1551,0,0.0111291
Warm B,537324,3311,3310,2540,1551,1,0.014184212
Warm B,561649,3454,3453,2540,1551,0,0.0062048873
Warm B,520386,3209,3208,2540,1551,0,0.011228448
Warm B,538050,3312,3311,2540,1551,0,0.013998977
Warm B,517041,3191,3190,2540,1551,0,0.009585436
Warm B,511552,3156,3155,2540,1551,1,0.008705115
Warm B,558603,3430,3429,2540,1551,0,0.0038032164
Warm B,508002,3126,3125,2540,1551,0,0.0062253354
Warm B,506806,3118,3117,2540,1551,1,0.012613245
Warm B,504483,3101,3100,2540,1551,1,0.020045407
Warm B,496575,3051,3050,2540,1551,0,0.0037592803
Warm B,799283,4790,4789,2540,1551,0,0.01013907
Warm B,718625,4305,4304,2540,1551,1,0.0064126905
Warm B,491396,3022,3021,2540,1551,0,0.005279947
Warm B,486352,2994,2993,2540,1551,0,0.0054915817
Warm B,567605,3483,3482,2540,1551,0,0.002992461
Warm B,477534,2931,2930,2540,1551,0,0.00827969
Warm B,471888,2903,2902,2540,1551,0,0.00661802
Warm B,473887,2909,2908,2540,1551,1,0.004165186
Warm B,466393,2876,2875,2540,1551,1,0.008822171
Warm B,465745,2872,2871,2540,1551,1,0.0123866405
Warm B,460999,2842,2841,2540,1551,0,0.00470852
Warm B,458963,2825,2824,2540,1551,1,0.006970574
Warm B,564574,3471,3470,2540,1551,1,0.008579357
Warm B,407020,2445,2444,2540,1551,0,0.0029425265
Warm B,464256,2860,2859,2540,1551,1,-0.0003312576
Warm B,351190,2062,2061,2540,1551,1,-0.003258333
Warm B,340798,2010,2009,2540,1551,0,0.0054661324
Warm B,337131,1983,1982,2540,1551,0,0.0071218386
Warm B,297623,1764,1763,2540,1551,1,0.0025171537
Warm B,302214,1794,1793,2540,1551,0,0.008837927
Warm B,288972,1726,1725,2540,1551,0,0.01154742
Warm B,270092,1635,1634,2540,1551,1,0.018399427
Warm B,266461,1616,1615,2540,1551,0,0.0041730995
Warm B,358266,2097,2096,2540,1551,1,0.009462903
Warm B,243530,1468,1467,2540,1551,0,0.0021825666
Warm B,232169,1408,1407,2540,1551,0,0.01011364
Warm B,231170,1399,1398,2540,1551,0,0.01665372
Warm B,227240,1377,1376,2540,1551,0,0.0059538726
Warm B,220700,1338,1337,2540,1551,1,0.010375246
Warm B,277843,1676,1675,2540,1551,1,0.004461843
Warm B,273113,1647,1646,2540,1551,0,0.020955678
Warm B,244096,1470,1469,2540,1551,1,0.004137474
Warm B,191193,1181,1180,2540,1551,1,0.013361344
Warm B,363221,2116,2115,2540,1551,0,0.008923893
Warm B,189433,1173,1172,2540,1551,0,0.015398321
Warm B,179194,1124,1123,2540,1551,0,0.012607081
Warm B,328419,1941,1940,2540,1551,0,0.01951139
Warm B,227677,1380,1379,2540,1551,0,0.0039009484
Warm B,185519,1150,1149,2540,1551,0,0.012555125
Warm B,135749,877,876,2540,1551,0,0.005468741
Warm B,202600,1244,1243,2540,1551,0,-0.00018137065
Warm B,154950,999,998,2540,1551,0,0.01191894
Warm B,298157,1767,1766,2540,1551,0,0.0014102589
Warm B,121891,785,784,2540,1551,1,0.016977869
Warm B,121235,780,779,2540,1551,1,0.009123396
Warm B,119992,774,773,2540,1551,0,0.012182213
Warm B,117588,757,756,2540,1551,0,0.014458167
Warm B,114931,746,745,2540,1551,0,-0.00025332847
Warm B,240305,1449,1448,2540,1551,0,0.011723382
Warm B,108145,710,709,2540,1551,0,0.008851558
Warm B,116414,752,751,2540,1551,0,0.012862503
Warm B,121743,783,782,2540,1551,1,0.004262802
Warm B,110940,721,720,2540,1551,0,0.0134455785
Warm B,109371,714,713,2540,1551,1,0.015916936
Warm B,204659,1260,1259,2540,1551,0,0.004338009
Warm B,84351,550,549,2540,1551,0,0.010700678
Warm B,71146,477,476,2540,1551,0,0.009125774
Warm B,155441,1001,1000,2540,1551,0,-0.0014063863
Warm B,53676,352,351,2540,1551,0,0.014252235
Warm B,51416,338,337,2540,1551,0,0.0027108
Warm B,83335,549,548,2540,1551,0,0.021911152
Warm B,40357,272,271,2540,1551,0,0.0104249045
Warm B,35653,241,240,2540,1551,0,0.012631615
Warm B,291551,1737,1736,2540,1551,1,-0.0019016431
Warm B,31208,210,209,2540,1551,1,0.012104735
Warm B,22470,163,162,2540,1551,0,0.010828728
Warm B,14193,116,115,2540,1551,1,-0.012989815
Warm B,154408,996,995,2540,1551,1,0.0037506223
Warm B,104445,692,691,2540,1551,1,0.00203935
Warm B,5352,36,35,2540,1551,1,0.013892902
Warm B,54459,355,354,2540,1551,1,0.00066479715
Warm B,238091,1447,1446,2540,1551,0,0.016716814
Warm B,886945,5359,5358,2540,1551,0,0.005295781
Warm B,290375,1733,1732,2540,1551,0,0.007222068
Warm B,360947,2106,2105,2540,1551,0,0.0025491365
Warm B,11607,90,89,2540,1551,1,0.0048070378
Warm B,907676,5492,5491,2540,1551,0,0.015797455
Warm B,502213,3082,3081,2546,1554,0,-0.0005660751
Warm B,653630,3940,3939,2546,1554,0,0.008307243
Warm B,499581,3067,3066,2546,1554,0,0.004953866
Warm B,576562,3524,3523,2546,1554,0,0.0077360095
Warm B,478178,2934,2933,2546,1554,0,0.010721723
Warm B,467663,2882,2881,2546,1554,1,0.005569008
Warm B,464732,2864,2863,2546,1554,0,0.010378301
Warm B,559979,3441,3440,2546,1554,0,0.009477474
Warm B,451040,2777,2776,2546,1554,0,-0.00025443686
Warm B,444761,2743,2742,2546,1554,0,0.0025846353
Warm B,438642,2680,2679,2546,1554,0,0.010462753
Warm B,437255,2669,2668,2546,1554,0,0.006588605
Warm B,429515,2615,2614,2546,1554,0,0.002933402
Warm B,428836,2609,2608,2546,1554,1,0.0034326853
Warm B,418830,2529,2528,2546,1554,1,0.006412851
Warm B,415418,2502,2501,2546,1554,1,0.00391631
Warm B,413264,2485,2484,2546,1554,0,0.0041087335
Warm B,424916,2577,2576,2546,1554,0,-0.00027124654
Warm B,404276,2418,2417,2546,1554,0,-0.0035034812
Warm B,398551,2371,2370,2546,1554,1,0.001221536
Warm B,397882,2361,2360,2546,1554,1,-0.0051356154
Warm B,394079,2322,2321,2546,1554,0,0.0050407215
Warm B,386671,2261,2260,2546,1554,0,0.0029373267
Warm B,381374,2230,2229,2546,1554,0,0.0047094654
Warm B,379320,2216,2215,2546,1554,0,0.0024115685
Warm B,376752,2199,2198,2546,1554,0,0.0054604257
Warm B,372333,2174,2173,2546,1554,0,0.0061883386
Warm B,368129,2150,2149,2546,1554,0,0.008713388
Warm B,358007,2095,2094,2546,1554,0,0.010318978
Warm B,354510,2075,2074,2546,1554,0,0.004947963
Warm B,354212,2073,2072,2546,1554,0,0.00620468
Warm B,350568,2058,2057,2546,1554,1,0.015605454
Warm B,349679,2052,2051,2546,1554,1,0.008366069
Warm B,348643,2043,2042,2546,1554,0,0.014921338
Warm B,347749,2040,2039,2546,1554,1,0.0060690315
Warm B,339571,2001,2000,2546,1554,1,0.004550082
Warm B,332766,1962,1961,2546,1554,0,0.003573048
Warm B,311334,1854,1853,2546,1554,1,0.012247842
Warm B,304456,1809,1808,2546,1554,0,0.010803492
Warm B,277846,1676,1675,2546,1554,0,0.010646767
Warm B,275185,1666,1665,2546,1554,0,0.0075802347
Warm B,264391,1608,1607,2546,1554,0,0.00890501
Warm B,363223,2116,2115,2546,1554,0,0.010134294
Warm B,233133,1418,1417,2546,1554,1,0.007983495
Warm B,228405,1383,1382,2546,1554,0,0.0067941295
Warm B,226855,1376,1375,2546,1554,0,0.0161158
Warm B,226774,1375,1374,2546,1554,0,0.002530185
Warm B,225598,1366,1365,2546,1554,0,0.0024786603
Warm B,213580,1298,1297,2546,1554,1,-0.0021285815
Warm B,200384,1230,1229,2546,1554,0,0.00668454
Warm B,189436,1173,1172,2546,1554,0,0.011675427
Warm B,187315,1162,1161,2546,1554,0,0.01054912
Warm B,176301,1114,1113,2546,1554,0,0.0012431921
Warm B,331776,1958,1957,2546,1554,0,0.01773496
Warm B,172383,1090,1089,2546,1554,0,-0.00067118136
Warm B,485524,2988,2987,2546,1554,0,0.016437124
Warm B,168572,1069,1068,2546,1554,0,0.012202365
Warm B,270464,1636,1635,2546,1554,0,0.009252356
Warm B,195604,1203,1202,2546,1554,1,0.010289716
Warm B,198987,1222,1221,2546,1554,0,0.012209939
Warm B,145421,935,934,2546,1554,0,0.0065664845
Warm B,157061,1010,1009,2546,1554,0,0.00674233
Warm B,132008,854,853,2546,1554,0,0.0013461626
Warm B,182111,1137,1136,2546,1554,0,0.0063675772
Warm B,128057,828,827,2546,1554,1,0.0034963354
Warm B,263507,1605,1604,2546,1554,0,0.0037153163
Warm B,126041,812,811,2546,1554,1,0.0006903184
Warm B,125312,805,804,2546,1554,1,0.001125631
Warm B,120882,779,778,2546,1554,0,-0.0043151025
Warm B,119815,773,772,2546,1554,0,0.0065261065
Warm B,116417,752,751,2546,1554,0,0.011228239
Warm B,127341,822,821,2546,1554,0,0.0028761486
Warm B,349346,2050,2049,2546,1554,1,-0.0008974954
Warm B,216474,1314,1313,2546,1554,1,-0.004882087
Warm B,106203,699,698,2546,1554,0,-0.0022746394
Warm B,109373,714,713,2546,1554,1,0.0034199704
Warm B,360949,2106,2105,2546,1554,0,0.018542659
Warm B,239132,1448,1447,2546,1554,0,0.0074159848
Warm B,68809,461,460,2546,1554,0,0.010210456
Warm B,707803,4241,4240,2546,1554,1,-0.0020921614
Warm B,47430,319,318,2546,1554,0,0.005067096
Warm B,43906,301,300,2546,1554,0,0.011779608
Warm B,312954,1865,1864,2546,1554,0,0.000100633595
Warm B,39535,268,267,2546,1554,1,0.003322946
Warm B,287460,1716,1715,2546,1554,0,0.010196109
Warm B,26395,187,186,2546,1554,1,0.0047899564
Warm B,16968,133,132,2546,1554,1,0.0058451304
Warm B,15569,123,122,2546,1554,0,0.0041832253
Warm B,11177,83,82,2546,1554,0,0.013768022
Warm B,6785,48,47,2546,1554,0,0.009469086
Warm B,5702,41,40,2546,1554,0,-0.00030851644
Warm B,76406,518,517,2546,1554,0,0.0023819248
Warm B,365833,2129,2128,2546,1554,0,0.013789462
Warm B,11959,92,91,2546,1554,0,0.011033591
Warm B,883053,5333,5332,2546,1554,0,-0.0025661346
Warm B,894922,5405,5404,2546,1554,0,0.0063074264
Warm B,79566,531,530,2546,1554,0,0.016417589
Warm B,309699,1842,1841,2546,1554,0,0.0034571434
Warm B,265203,1611,1610,2546,1554,0,0.007841535
Warm B,187072,1160,1159,2546,1554,0,0.009481891
Warm B,768781,4579,4578,2546,1554,0,0.0079541635
Warm B,206413,1265,1264,2546,1554,0,0.0013062838
Warm B,451812,2781,2780,2546,1554,0,0.003603865
Warm B,879084,5312,5311,2546,1554,0,0.01100621
Warm B,456541,2810,2809,2546,1554,1,0.010377592
Warm B,286808,1712,1711,2546,1554,0,0.0064248657
Warm B,328422,1941,1940,2546,1554,0,0.005894048
Warm B,397400,2353,2352,2546,1554,0,0.005449602
Warm B,171858,1088,1087,2546,1554,0,0.011156706
Warm B,221832,1341,1340,2548,1555,0,-0.005597577
Warm B,214126,1300,1299,2548,1555,0,0.0040706987
Warm B,273114,1647,1646,2548,1555,0,0.0103352815
Warm B,194050,1195,1194,2548,1555,1,0.0045152004
Warm B,328425,1941,1940,2548,1555,0,0.009318415
Warm B,189055,1172,1171,2548,1555,0,-9.640178e-05
Warm B,196638,1207,1206,2548,1555,0,0.009756083
Warm B,175059,1109,1108,2548,1555,0,-0.0027429133
Warm B,184068,1146,1145,2548,1555,0,-0.0016575365
Warm B,170025,1080,1079,2548,1555,0,0.009334703
Warm B,167967,1068,1067,2548,1555,0,0.0023781378
Warm B,159352,1017,1016,2548,1555,0,0.00039313687
Warm B,217200,1317,1316,2548,1555,0,0.014949288
Warm B,133880,868,867,2548,1555,1,-0.003473171
Warm B,134448,869,868,2548,1555,0,0.00450434
Warm B,133210,859,858,2548,1555,0,-0.0031345717
Warm B,131264,850,849,2548,1555,0,-0.0008934336
Warm B,138564,889,888,2548,1555,0,0.011604392
Warm B,126667,817,816,2548,1555,0,0.0037844996
Warm B,125600,808,807,2548,1555,0,-0.0021467032
Warm B,114102,741,740,2548,1555,0,-0.0074968264
Warm B,117591,757,756,2548,1555,0,0.011914546
Warm B,108147,710,709,2548,1555,0,0.0063643428
Warm B,82532,548,547,2548,1555,0,0.00013458589
Warm B,57597,390,389,2548,1555,0,-0.0063221464
Warm B,45189,305,304,2548,1555,0,-0.0007152157
Warm B,39537,268,267,2548,1555,0,-0.008425993
Warm B,538051,3312,3311,2548,1555,0,0.005665187
Warm B,291555,1737,1736,2548,1555,0,0.00017723348
Warm B,99875,667,666,2548,1555,0,0.0055942596
Warm B,22479,163,162,2548,1555,0,0.007513711
Warm B,458104,2820,2819,2548,1555,0,-5.2972347e-05
Warm B,552506,3401,3400,2548,1555,0,-0.005765111
Warm B,56070,372,371,2548,1555,1,-0.002034939
Warm B,238093,1447,1446,2548,1555,0,0.005359224
Warm B,365834,2129,2128,2548,1555,0,0.0015949905
Warm B,360950,2106,2105,2548,1555,0,-0.0046887267
Warm B,164711,1051,1050,2548,1555,0,0.0010563466
Warm B,927626,5605,5604,2548,1555,1,0.013423283
Warm B,102441,678,677,2548,1555,0,0.0025849356
Warm B,907677,5492,5491,2548,1555,0,0.0075580133
Warm B,136747,881,880,2548,1555,0,0.014484739
Warm B,474386,2910,2909,2548,1555,0,0.00541896
Warm B,179720,1125,1124,2548,1555,0,0.0044926046
Warm B,171859,1088,1087,2548,1555,0,0.0209984
Warm B,623476,3771,3770,2549,1556,0,0.01186463
Warm B,616515,3731,3730,2549,1556,0,0.010039605
Warm B,744989,4448,4447,2549,1556,0,0.0034546778
Warm B,590813,3603,3602,2549,1556,0,0.0022107947
Warm B,588040,3589,3588,2549,1556,0,0.0059970347
Warm B,577349,3526,3525,2549,1556,0,0.008745362
Warm B,579547,3539,3538,2549,1556,1,0.0013067897
Warm B,574343,3516,3515,2549,1556,1,0.008312583
Warm B,605005,3678,3677,2549,1556,0,0.0073342356
Warm B,569362,3491,3490,2549,1556,1,0.001235452
Warm B,555881,3416,3415,2549,1556,0,0.0013929917
Warm B,554556,3411,3410,2549,1556,0,0.005052265
Warm B,537329,3311,3310,2549,1556,0,0.005304573
Warm B,532263,3285,3284,2549,1556,0,-0.0008281071
Warm B,520388,3209,3208,2549,1556,0,-0.011585001
Warm B,517042,3191,3190,2549,1556,0,0.003385556
Warm B,589917,3599,3598,2549,1556,0,-0.0076475935
Warm B,514588,3178,3177,2549,1556,0,0.005668803
Warm B,738207,4411,4410,2549,1556,1,0.0036667192
Warm B,492861,3029,3028,2549,1556,1,0.011348877
Warm B,475971,2921,2920,2549,1556,0,0.007983856
Warm B,591267,3607,3606,2549,1556,0,-0.003670616
Warm B,478482,2935,2934,2549,1556,1,-0.0002791012
Warm B,462268,2852,2851,2549,1556,0,-0.0004305141
Warm B,463457,2857,2856,2549,1556,0,0.009526496
Warm B,455448,2804,2803,2549,1556,0,-0.0017204906
Warm B,444762,2743,2742,2549,1556,0,0.0065398435
Warm B,445644,2748,2747,2549,1556,1,0.0063803527
Warm B,439014,2682,2681,2549,1556,0,0.003072368
Warm B,430144,2621,2620,2549,1556,0,0.0074982597
Warm B,602502,3665,3664,2549,1556,0,0.001293407
Warm B,407021,2445,2444,2549,1556,0,0.0019382235
Warm B,396379,2344,2343,2549,1556,0,-0.0017591987
Warm B,386672,2261,2260,2549,1556,0,-0.0051632263
Warm B,376851,2200,2199,2549,1556,0,0.0028196499
Warm B,373523,2180,2179,2549,1556,0,0.015966177
Warm B,370765,2167,2166,2549,1556,0,0.0040998636
Warm B,370539,2166,2165,2549,1556,0,0.0023227632
Warm B,367529,2145,2144,2549,1556,0,-0.0056517506
Warm B,358575,2098,2097,2549,1556,0,0.0023088949
Warm B,356480,2088,2087,2549,1556,0,0.009427452
Warm B,352103,2063,2062,2549,1556,0,0.018359276
Warm B,340802,2010,2009,2549,1556,0,-0.008080978
Warm B,339898,2004,2003,2549,1556,1,0.0027822456
Warm B,337720,1985,1984,2549,1556,0,0.011724308
Warm B,293244,1746,1745,2549,1556,0,-0.0056579635
Warm B,360951,2106,2105,2549,1556,0,0.00021638395
Warm B,288974,1726,1725,2549,1556,0,0.005244258
Warm B,271514,1641,1640,2549,1556,0,-0.002354625
Warm B,268362,1630,1629,2549,1556,0,0.009188458
Warm B,261429,1598,1597,2549,1556,0,0.0032269103
Warm B,303084,1800,1799,2549,1556,0,0.0030025984
Warm B,253551,1542,1541,2549,1556,1,0.002385419
Warm B,342651,2015,2014,2549,1556,0,-0.005861455
Warm B,244729,1473,1472,2549,1556,0,-0.00015612436
Warm B,236238,1433,1432,2549,1556,1,0.0037301313
Warm B,226181,1369,1368,2549,1556,0,-0.0029621103
Warm B,227242,1377,1376,2549,1556,0,0.0005432232
Warm B,337519,1984,1983,2549,1556,0,0.008902892
Warm B,233134,1418,1417,2549,1556,0,0.00063192425
Warm B,267271,1624,1623,2549,1556,0,0.0041340543
Warm B,216475,1314,1313,2549,1556,0,-0.0056770192
Warm B,277849,1676,1675,2549,1556,0,0.006024811
Warm B,273115,1647,1646,2549,1556,0,0.010062119
Warm B,208061,1272,1271,2549,1556,0,0.005800621
Warm B,205944,1264,1263,2549,1556,0,-1.4103483e-05
Warm B,186958,1159,1158,2549,1556,0,0.004556587
Warm B,181635,1135,1134,2549,1556,1,-0.0025409528
Warm B,248925,1501,1500,2549,1556,0,0.0054099094
Warm B,171860,1088,1087,2549,1556,0,-5.6463992e-05
Warm B,227678,1380,1379,2549,1556,0,-0.00038140872
Warm B,147643,950,949,2549,1556,0,0.010759147
Warm B,314510,1878,1877,2549,1556,0,0.0074280705
Warm B,136748,881,880,2549,1556,0,0.010974549
Warm B,126668,817,816,2549,1556,0,0.0045753983
Warm B,123496,796,795,2549,1556,0,0.007091717
Warm B,121236,780,779,2549,1556,0,0.0076197674
Warm B,120512,777,776,2549,1556,0,0.012137108
Warm B,108767,712,711,2549,1556,0,-0.0010068002
Warm B,97380,652,651,2549,1556,0,0.002038839
Warm B,294988,1752,1751,2549,1556,0,0.013993658
Warm B,86197,563,562,2549,1556,0,-0.0020615782
Warm B,363226,2116,2115,2549,1556,0,-0.0007506381
Warm B,74438,508,507,2549,1556,0,0.0072693815
Warm B,86741,566,565,2549,1556,0,-0.001342939
Warm B,116418,752,751,2549,1556,0,0.0003134231
Warm B,70483,475,474,2549,1556,0,0.0031433303
Warm B,66606,445,444,2549,1556,0,0.0018798017
Warm B,51139,337,336,2549,1556,0,0.0071667824
Warm B,48981,328,327,2549,1556,0,0.0015815031
Warm B,44454,302,301,2549,1556,0,0.0071924585
Warm B,38501,262,261,2549,1556,0,0.003713525
Warm B,38022,260,259,2549,1556,0,0.008484883
Warm B,33926,229,228,2549,1556,0,0.0043321904
Warm B,22481,163,162,2549,1556,0,0.00883185
Warm B,56071,372,371,2549,1556,1,0.0074325902
Warm B,19370,148,147,2549,1556,0,0.0009094139
Warm B,14473,117,116,2549,1556,0,0.00960141
Warm B,13264,103,102,2549,1556,1,0.0004309211
Warm B,12295,93,92,2549,1556,0,-0.0023003952
Warm B,1932,17,16,2549,1556,0,0.0057242066
Warm B,312013,1860,1859,2549,1556,0,0.007737885
Warm B,883054,5333,5332,2549,1556,1,0.0037512656
Warm B,975088,5880,5879,2549,1556,0,0.0034243504
Warm B,840782,5053,5052,2549,1556,0,0.0078101708
Warm B,328426,1941,1940,2549,1556,0,0.0103515275
Warm B,497693,3055,3054,2549,1556,0,-0.00546298
Warm B,310769,1851,1850,2549,1556,0,-0.0028392775
Warm B,475578,2918,2917,2549,1556,0,0.0009160943
Warm B,221484,1340,1339,2549,1556,0,0.0011019101
Warm B,187073,1160,1159,2549,1556,0,-0.012324262
Warm B,194945,1202,1201,2549,1556,0,0.004794418
Warm B,257805,1579,1578,2549,1556,0,-0.0059822956
Warm B,376435,2195,2194,2549,1556,1,-0.008841125
Warm B,341709,2012,2011,2549,1556,0,-0.004417956
Warm B,632547,3823,3822,2550,1557,1,0.008072137
Warm B,666344,4009,4008,2550,1557,0,0.0011152625
Warm B,628391,3806,3805,2550,1557,0,0.0070053856
Warm B,628776,3807,3806,2550,1557,1,0.009346778
Warm B,638381,3841,3840,2550,1557,1,0.010164207
Warm B,623478,3771,3770,2550,1557,1,0.0024470682
Warm B,620735,3760,3759,2550,1557,0,0.01730747
Warm B,618359,3746,3745,2550,1557,1,0.01428194
Warm B,747153,4458,4457,2550,1557,1,0.0040462012
Warm B,611254,3705,3704,2550,1557,1,0.011172617
Warm B,744990,4448,4447,2550,1557,1,0.01252822
Warm B,606624,3683,3682,2550,1557,0,0.004798546
Warm B,602113,3662,3661,2550,1557,1,-0.008318909
Warm B,621293,3762,3761,2550,1557,1,0.0040161344
Warm B,597635,3636,3635,2550,1557,0,-0.0019617744
Warm B,594090,3618,3617,2550,1557,0,0.009539351
Warm B,590816,3603,3602,2550,1557,1,0.005329676
Warm B,585773,3576,3575,2550,1557,0,0.010876618
Warm B,576563,3524,3523,2550,1557,1,0.0063541094
Warm B,574205,3515,3514,2550,1557,0,-0.000677546
Warm B,566377,3476,3475,2550,1557,0,0.0053849076
Warm B,562698,3462,3461,2550,1557,1,-0.0036721928
Warm B,560581,3446,3445,2550,1557,0,0.0063144644
Warm B,549515,3390,3389,2550,1557,1,0.0069965273
Warm B,544423,3356,3355,2550,1557,1,0.01728877
Warm B,543938,3352,3351,2550,1557,1,0.010022683
Warm B,547617,3378,3377,2550,1557,1,0.013342482
Warm B,539485,3318,3317,2550,1557,0,0.012620517
Warm B,525429,3244,3243,2550,1557,1,-0.0021581766
Warm B,916723,5539,5538,2550,1557,1,0.011151386
Warm B,654254,3942,3941,2550,1557,0,0.008791462
Warm B,571161,3503,3502,2550,1557,0,0.008436773
Warm B,584777,3569,3568,2550,1557,0,0.006744962
Warm B,502507,3084,3083,2550,1557,0,0.0006723258
Warm B,500732,3075,3074,2550,1557,1,0.009302735
Warm B,494345,3032,3031,2550,1557,1,0.008300923
Warm B,626938,3792,3791,2550,1557,1,0.009529001
Warm B,768782,4579,4578,2550,1557,1,-0.006904577
Warm B,478181,2934,2933,2550,1557,0,0.021031424
Warm B,696533,4169,4168,2550,1557,1,0.019152094
Warm B,472748,2907,2906,2550,1557,0,0.007817186
Warm B,473892,2909,2908,2550,1557,1,0.017688993
Warm B,754727,4497,4496,2550,1557,0,0.0048171044
Warm B,459477,2830,2829,2550,1557,1,-0.0031524529
Warm B,458108,2820,2819,2550,1557,1,0.013110217
Warm B,430759,2625,2624,2550,1557,1,0.010022225
Warm B,425381,2581,2580,2550,1557,1,0.0034084083
Warm B,415087,2498,2497,2550,1557,0,0.002540971
Warm B,411820,2475,2474,2550,1557,0,0.007075348
Warm B,414689,2496,2495,2550,1557,0,0.002909354
Warm B,390741,2293,2292,2550,1557,1,0.010222794
Warm B,406804,2444,2443,2550,1557,1,0.0062075006
Warm B,361795,2109,2108,2550,1557,1,0.011752962
Warm B,353744,2072,2071,2550,1557,1,0.006465066
Warm B,356482,2088,2087,2550,1557,1,0.003443278
Warm B,350144,2055,2054,2550,1557,1,0.008776501
Warm B,348491,2042,2041,2550,1557,0,0.014138617
Warm B,346296,2030,2029,2550,1557,1,0.006008819
Warm B,343707,2018,2017,2550,1557,1,0.0070569185
Warm B,325702,1927,1926,2550,1557,1,0.0035669443
Warm B,326335,1931,1930,2550,1557,0,0.013887792
Warm B,305401,1816,1815,2550,1557,1,0.009761211
Warm B,299347,1777,1776,2550,1557,1,0.00779968
Warm B,297628,1764,1763,2550,1557,0,0.0046366993
Warm B,288310,1722,1721,2550,1557,1,0.002124527
Warm B,279619,1680,1679,2550,1557,1,0.006836161
Warm B,277076,1675,1674,2550,1557,0,0.011398042
Warm B,250825,1513,1512,2550,1557,0,0.0001097708
Warm B,247809,1496,1495,2550,1557,1,0.00092323474
Warm B,303309,1802,1801,2550,1557,0,0.00058025075
Warm B,224522,1357,1356,2550,1557,1,0.009831419
Warm B,214127,1300,1299,2550,1557,0,0.007882985
Warm B,213945,1299,1298,2550,1557,0,0.010281676
Warm B,276355,1671,1670,2550,1557,1,0.008342786
Warm B,322542,1912,1911,2550,1557,0,0.015370703
Warm B,244099,1470,1469,2550,1557,0,-0.0011027483
Warm B,328431,1941,1940,2550,1557,1,0.0026466977
Warm B,184424,1147,1146,2550,1557,0,0.011075579
Warm B,182849,1140,1139,2550,1557,1,-0.0016236568
Warm B,162326,1034,1033,2550,1557,0,0.004485254
Warm B,159354,1017,1016,2550,1557,1,0.00054750626
Warm B,158435,1015,1014,2550,1557,1,0.01656064
Warm B,152022,977,976,2550,1557,1,0.006695166
Warm B,246404,1489,1488,2550,1557,0,0.0048869243
Warm B,149026,958,957,2550,1557,0,0.0043522706
Warm B,727152,4350,4349,2550,1557,0,0.0106121935
Warm B,133881,868,867,2550,1557,0,0.006378117
Warm B,223670,1354,1353,2550,1557,0,0.005385349
Warm B,99876,667,666,2550,1557,0,0.0077875825
Warm B,83341,549,548,2550,1557,1,0.015538728
Warm B,79568,531,530,2550,1557,0,0.00824637
Warm B,86743,566,565,2550,1557,0,0.009817108
Warm B,72202,482,481,2550,1557,0,0.015640434
Warm B,386135,2258,2257,2550,1557,0,0.0013468594
Warm B,26792,190,189,2550,1557,1,0.005869423
Warm B,28114,195,194,2550,1557,1,0.012328854
Warm B,34710,235,234,2550,1557,1,0.007916604
Warm B,133662,864,863,2550,1557,0,0.01787309
Warm B,947596,5722,5721,2550,1557,1,0.020350669
Warm B,290379,1733,1732,2550,1557,1,0.025810588
Warm B,13540,107,106,2550,1557,0,0.0024808126
Warm B,4266,33,32,2550,1557,1,0.013241677
Warm B,3840,28,27,2550,1557,1,0.014875172
Warm B,3946,29,28,2550,1557,0,-0.004955209
Warm B,102445,678,677,2550,1557,1,0.011111911
Warm B,481939,2962,2961,2550,1557,1,0.008325031
Warm B,863914,5205,5204,2550,1557,1,0.0056634396
Warm B,76407,518,517,2550,1557,1,0.006109774
Warm B,490872,3018,3017,2550,1557,1,0.022762513
Warm B,171864,1088,1087,2550,1557,0,0.006254893
Warm B,383754,2242,2241,2550,1557,0,0.00065564923
Warm B,161388,1029,1028,2550,1557,0,0.004779685
Warm B,454663,2796,2795,2550,1557,0,-0.0008329353
Warm B,927627,5605,5604,2550,1557,1,0.004676659
Warm B,5960,44,43,2550,1557,0,0.010710695
Warm B,194948,1202,1201,2550,1557,0,0.012749299
Warm B,336144,1980,1979,2550,1557,0,0.009907769
Warm B,271821,1643,1642,2550,1557,1,0.0019847357
Warm B,993894,6002,6001,2550,1557,1,0.0031220287
Warm B,63160,424,423,2550,1557,1,0.00369448
Warm B,497694,3055,3054,2550,1557,1,0.009475512
Warm B,208875,1274,1273,2550,1557,1,0.021082368
Warm B,238096,1447,1446,2550,1557,0,0.014768862
Warm B,733003,4384,4383,2551,1558,1,0.0075962218
Warm B,743964,4447,4446,2551,1558,0,0.0053938217
Warm B,733531,4386,4385,2551,1558,0,-0.002347309
Warm B,724647,4342,4341,2551,1558,1,0.0007904633
Warm B,725447,4344,4343,2551,1558,1,-0.0065768724
Warm B,711822,4271,4270,2551,1558,0,0.0069256807
Warm B,701777,4207,4206,2551,1558,1,-0.00010439055
Warm B,723706,4335,4334,2551,1558,0,0.0056619267
Warm B,707103,4238,4237,2551,1558,0,0.004956416
Warm B,717385,4298,4297,2551,1558,1,0.009508507
Warm B,713225,4277,4276,2551,1558,1,-0.004740346
Warm B,675541,4053,4052,2551,1558,1,0.0031118607
Warm B,671964,4038,4037,2551,1558,1,-0.004040135
Warm B,720146,4312,4311,2551,1558,0,-0.0032235505
Warm B,671382,4033,4032,2551,1558,1,0.0110695
Warm B,667592,4016,4015,2551,1558,0,0.00137041
Warm B,680336,4078,4077,2551,1558,0,0.007245343
Warm B,651538,3929,3928,2551,1558,0,0.006118146
Warm B,672781,4041,4040,2551,1558,1,-0.0051518925
Warm B,644771,3884,3883,2551,1558,0,0.0030996846
Warm B,635072,3829,3828,2551,1558,1,0.008761608
Warm B,633440,3824,3823,2551,1558,0,0.00276803
Warm B,629673,3808,3807,2551,1558,1,-0.009259763
Warm B,639230,3842,3841,2551,1558,1,0.002134875
Warm B,638382,3841,3840,2551,1558,1,0.0069103925
Warm B,653632,3940,3939,2551,1558,0,-0.0068555675
Warm B,600589,3651,3650,2551,1558,1,0.008401733
Warm B,590817,3603,3602,2551,1558,0,0.0028319466
Warm B,596739,3626,3625,2551,1558,0,-0.00059112953
Warm B,583573,3562,3561,2551,1558,0,-0.0076941703
Warm B,594091,3618,3617,2551,1558,0,0.0020929212
Warm B,563154,3464,3463,2551,1558,1,7.1090646e-05
Warm B,570402,3499,3498,2551,1558,1,0.015167972
Warm B,558054,3426,3425,2551,1558,1,0.005723823
Warm B,554088,3410,3409,2551,1558,0,0.005307364
Warm B,528281,3265,3264,2551,1558,0,0.0032913717
Warm B,522760,3224,3223,2551,1558,1,0.007768891
Warm B,688145,4116,4115,2551,1558,1,0.00058019627
Warm B,515606,3182,3181,2551,1558,0,0.00059746765
Warm B,515000,3180,3179,2551,1558,0,0.004036733
Warm B,605916,3681,3680,2551,1558,0,0.0030685044
Warm B,508733,3129,3128,2551,1558,1,0.0014000717
Warm B,506810,3118,3117,2551,1558,0,-0.0005966506
Warm B,495700,3044,3043,2551,1558,0,-0.00087010826
Warm B,494346,3032,3031,2551,1558,1,0.007760021
Warm B,490873,3018,3017,2551,1558,0,0.009992639
Warm B,484159,2978,2977,2551,1558,1,0.0031800955
Warm B,482808,2967,2966,2551,1558,1,0.0024564005
Warm B,476839,2928,2927,2551,1558,1,0.00742293
Warm B,696534,4169,4168,2551,1558,1,-0.000433709
Warm B,475172,2916,2915,2551,1558,1,-0.0040550763
Warm B,458109,2820,2819,2551,1558,1,0.004047219
Warm B,457404,2818,2817,2551,1558,1,0.0004040401
Warm B,453895,2793,2792,2551,1558,1,-0.0016412549
Warm B,446482,2752,2751,2551,1558,1,0.010628638
Warm B,433706,2643,2642,2551,1558,0,0.002084311
Warm B,431433,2628,2627,2551,1558,1,0.00421478
Warm B,418832,2529,2528,2551,1558,1,-0.0004046159
Warm B,416768,2507,2506,2551,1558,0,0.0027868636
Warm B,464257,2860,2859,2551,1558,0,-0.0007620449
Warm B,401827,2397,2396,2551,1558,0,0.0005372019
Warm B,393257,2310,2309,2551,1558,0,0.002000576
Warm B,403148,2407,2406,2551,1558,1,-0.008581225
Warm B,390099,2288,2287,2551,1558,1,0.0030790188
Warm B,389045,2279,2278,2551,1558,1,-0.008225702
Warm B,385355,2251,2250,2551,1558,1,0.0060646636
Warm B,382956,2237,2236,2551,1558,0,0.0029067919
Warm B,370008,2164,2163,2551,1558,1,0.003412344
Warm B,364880,2124,2123,2551,1558,1,-0.0044783987
Warm B,359485,2102,2101,2551,1558,0,0.0096775135
Warm B,352984,2067,2066,2551,1558,0,0.009392485
Warm B,352715,2064,2063,2551,1558,1,0.004450076
Warm B,334219,1971,1970,2551,1558,1,0.00014959835
Warm B,336145,1980,1979,2551,1558,0,0.007535197
Warm B,303581,1803,1802,2551,1558,0,-0.001647771
Warm B,298357,1768,1767,2551,1558,1,0.0016602105
Warm B,279620,1680,1679,2551,1558,1,-0.00706277
Warm B,271018,1639,1638,2551,1558,1,-0.0029009045
Warm B,259574,1587,1586,2551,1558,0,-0.0006501542
Warm B,217760,1321,1320,2551,1558,0,0.0032994016
Warm B,220430,1335,1334,2551,1558,0,-0.0006729113
Warm B,205946,1264,1263,2551,1558,0,0.003560427
Warm B,308120,1836,1835,2551,1558,1,0.003352744
Warm B,214986,1303,1302,2551,1558,0,-0.0040494353
Warm B,294399,1749,1748,2551,1558,1,0.007832939
Warm B,210241,1284,1283,2551,1558,0,0.0037649814
Warm B,185529,1150,1149,2551,1558,0,0.00086475816
Warm B,174256,1101,1100,2551,1558,1,-0.0019737142
Warm B,169621,1077,1076,2551,1558,1,-0.0020408423
Warm B,159355,1017,1016,2551,1558,0,0.0057725543
Warm B,320219,1899,1898,2551,1558,1,-0.000451111
Warm B,157065,1010,1009,2551,1558,0,0.008787032
Warm B,131267,850,849,2551,1558,1,0.0040835952
Warm B,132010,854,853,2551,1558,0,-0.007637564
Warm B,315421,1880,1879,2551,1558,0,-0.004740391
Warm B,211159,1285,1284,2551,1558,1,0.006859824
Warm B,201678,1242,1241,2551,1558,0,0.0025454578
Warm B,98444,659,658,2551,1558,0,0.0031660767
Warm B,95213,638,637,2551,1558,0,-0.0069179004
Warm B,352108,2063,2062,2551,1558,0,0.010335112
Warm B,284354,1698,1697,2551,1558,0,0.0018875333
Warm B,228407,1383,1382,2551,1558,0,0.0027263686
Warm B,83342,549,548,2551,1558,1,0.0018210516
Warm B,239136,1448,1447,2551,1558,0,0.00039128354
Warm B,80302,533,532,2551,1558,0,0.0047268337
Warm B,77702,524,523,2551,1558,1,0.006268588
Warm B,53707,352,351,2551,1558,1,0.003697046
Warm B,49385,329,328,2551,1558,0,-0.0099631045
Warm B,338246,1988,1987,2551,1558,0,-0.0034426423
Warm B,38893,264,263,2551,1558,0,-0.004884852
Warm B,221488,1340,1339,2551,1558,0,-0.010976876
Warm B,34711,235,234,2551,1558,0,0.0024362262
Warm B,23094,166,165,2551,1558,0,0.008044354
Warm B,290380,1733,1732,2551,1558,1,0.00433759
Warm B,15578,123,122,2551,1558,0,0.007199753
Warm B,481940,2962,2961,2551,1558,0,-0.00081996515
Warm B,432801,2638,2637,2551,1558,0,0.0053954795
Warm B,234249,1422,1421,2551,1558,1,-0.0005507651
Warm B,129566,839,838,2551,1558,1,0.0058119977
Warm B,158436,1015,1014,2551,1558,1,0.0071052546
Warm B,744991,4448,4447,2551,1558,1,0.000107737025
Warm B,170944,1087,1086,2551,1558,0,-0.00044401595
Warm B,79569,531,530,2551,1558,0,0.0048939968
Warm B,115476,749,748,2551,1558,0,0.007337626
Warm B,271822,1643,1642,2551,1558,1,0.0056091812
Warm B,63161,424,423,2551,1558,0,0.0016272515
Warm B,805747,4823,4822,2551,1558,1,-0.0037588042
Warm B,559444,3436,3435,2551,1558,1,0.0019266699
Warm B,176103,1113,1112,2551,1558,1,-0.00031410414
Warm B,594094,3618,3617,2554,1560,0,0.014506496
Warm B,585774,3576,3575,2554,1560,1,0.0076238406
Warm B,728207,4354,4353,2554,1560,1,0.0012703487
Warm B,566379,3476,3475,2554,1560,0,0.008136487
Warm B,560506,3445,3444,2554,1560,1,0.0022460492
Warm B,558608,3430,3429,2554,1560,0,0.00912279
Warm B,554091,3410,3409,2554,1560,1,0.0028074775
Warm B,543940,3352,3351,2554,1560,0,-0.002492915
Warm B,535424,3304,3303,2554,1560,1,0.003033907
Warm B,518838,3201,3200,2554,1560,1,0.003515067
Warm B,504748,3105,3104,2554,1560,0,0.0065488135
Warm B,496776,3052,3051,2554,1560,1,0.0018970382
Warm B,496288,3050,3049,2554,1560,1,0.012471082
Warm B,495908,3045,3044,2554,1560,1,0.0049831755
Warm B,488936,3010,3009,2554,1560,1,-0.0022031874
Warm B,517937,3196,3195,2554,1560,0,0.0010060347
Warm B,696536,4169,4168,2554,1560,0,0.008200016
Warm B,475974,2921,2920,2554,1560,0,0.0068749366
Warm B,601678,3658,3657,2554,1560,1,0.0026399344
Warm B,465195,2868,2867,2554,1560,1,0.009698017
Warm B,754729,4497,4496,2554,1560,0,0.011035157
Warm B,444990,2744,2743,2554,1560,0,0.00048167852
Warm B,415088,2498,2497,2554,1560,0,-0.0009912445
Warm B,414691,2496,2495,2554,1560,0,0.0029076776
Warm B,397221,2352,2351,2554,1560,0,-0.0016158374
Warm B,395381,2335,2334,2554,1560,0,0.0066779945
Warm B,370769,2167,2166,2554,1560,1,-0.0037238547
Warm B,366396,2132,2131,2554,1560,0,0.001951507
Warm B,364882,2124,2123,2554,1560,1,0.009550785
Warm B,356701,2089,2088,2554,1560,1,-0.0013400377
Warm B,356485,2088,2087,2554,1560,0,0.009696054
Warm B,341973,2013,2012,2554,1560,0,0.0053403606
Warm B,334700,1974,1973,2554,1560,1,0.0024525605
Warm B,325505,1926,1925,2554,1560,0,0.0032758112
Warm B,297086,1761,1760,2554,1560,0,0.0067162076
Warm B,288312,1722,1721,2554,1560,1,0.010260614
Warm B,292448,1741,1740,2554,1560,1,0.0056077605
Warm B,269155,1632,1631,2554,1560,0,0.004319957
Warm B,224524,1357,1356,2554,1560,0,0.0025958356
Warm B,221491,1340,1339,2554,1560,0,0.0029068496
Warm B,328436,1941,1940,2554,1560,0,0.0025177998
Warm B,190058,1179,1178,2554,1560,1,0.0025725916
Warm B,184427,1147,1146,2554,1560,0,0.00018670969
Warm B,181639,1135,1134,2554,1560,1,0.0042450526
Warm B,159358,1017,1016,2554,1560,0,0.00066552346
Warm B,158440,1015,1014,2554,1560,1,0.009600159
Warm B,152141,978,977,2554,1560,0,0.0073728845
Warm B,138569,889,888,2554,1560,1,0.0068692435
Warm B,133882,868,867,2554,1560,1,0.0011523985
Warm B,133301,860,859,2554,1560,0,0.006110053
Warm B,133050,858,857,2554,1560,1,0.0050225407
Warm B,115478,749,748,2554,1560,0,0.013595834
Warm B,925561,5595,5594,2554,1560,0,0.0032728373
Warm B,316934,1884,1883,2554,1560,1,0.0038062404
Warm B,713227,4277,4276,2554,1560,1,0.01101504
Warm B,90975,602,601,2554,1560,0,0.010338232
Warm B,86201,563,562,2554,1560,0,-0.009953076
Warm B,82294,546,545,2554,1560,0,-0.00013038586
Warm B,83346,549,548,2554,1560,0,0.013466114
Warm B,78945,530,529,2554,1560,0,-0.0005927676
Warm B,63165,424,423,2554,1560,0,0.0057968786
Warm B,41179,278,277,2554,1560,1,0.007249934
Warm B,481943,2962,2961,2554,1560,0,0.012148136
Warm B,276357,1671,1670,2554,1560,1,0.007011816
Warm B,270095,1635,1634,2554,1560,0,0.0028195302
Warm B,1731,17,16,2554,1560,0,0.0069557177
Warm B,2849,23,22,2554,1560,0,0.0007830304
Warm B,4268,33,32,2554,1560,1,0.009211533
Warm B,552509,3401,3400,2554,1560,0,0.0124339815
Warm B,222771,1348,1347,2554,1560,1,-0.0073356805
Warm B,24334,173,172,2554,1560,1,0.0046219053
Warm B,161389,1029,1028,2554,1560,0,-0.008576552
Warm B,261869,1599,1598,2554,1560,1,0.004994217
Warm B,310774,1851,1850,2554,1560,0,-0.0038634448
Warm B,62282,422,421,2554,1560,0,0.00083065545
Warm B,699734,4186,4185,2554,1560,1,0.0054217028
Warm B,718632,4305,4304,2555,1561,0,-0.00017288607
Warm B,549159,3389,3388,2555,1561,0,0.0060440213
Warm B,547619,3378,3377,2555,1561,0,0.0071392497
Warm B,539997,3320,3319,2555,1561,0,0.01020786
Warm B,537334,3311,3310,2555,1561,0,0.009957761
Warm B,536144,3308,3307,2555,1561,0,0.002797853
Warm B,564582,3471,3470,2555,1561,0,0.008695878
Warm B,520390,3209,3208,2555,1561,0,0.0011223638
Warm B,515999,3184,3183,2555,1561,0,-0.0023989747
Warm B,515001,3180,3179,2555,1561,0,0.004536539
Warm B,509543,3138,3137,2555,1561,0,0.011534869
Warm B,509151,3134,3133,2555,1561,0,0.008922493
Warm B,797639,4784,4783,2555,1561,0,0.012246903
Warm B,496011,3046,3045,2555,1561,0,0.0056635607
Warm B,483630,2973,2972,2555,1561,0,-0.0012770209
Warm B,480607,2949,2948,2555,1561,0,0.008740647
Warm B,478182,2934,2933,2555,1561,0,0.0094539765
Warm B,655296,3946,3945,2555,1561,0,0.0042498717
Warm B,467793,2883,2882,2555,1561,0,-0.0045454027
Warm B,431817,2630,2629,2555,1561,0,0.009831798
Warm B,420527,2541,2540,2555,1561,1,0.008667438
Warm B,418833,2529,2528,2555,1561,0,0.0072244625
Warm B,417101,2508,2507,2555,1561,0,-0.0028729108
Warm B,412917,2484,2483,2555,1561,0,0.007305313
Warm B,385051,2250,2249,2555,1561,0,0.003417077
Warm B,376754,2199,2198,2555,1561,0,0.005129236
Warm B,375818,2189,2188,2555,1561,0,0.0049280925
Warm B,374259,2181,2180,2555,1561,0,0.012691082
Warm B,357049,2091,2090,2555,1561,0,0.0043844804
Warm B,358008,2095,2094,2555,1561,0,-0.0002269533
Warm B,349680,2052,2051,2555,1561,0,-0.0003985418
Warm B,348492,2042,2041,2555,1561,0,0.011987401
Warm B,352112,2063,2062,2555,1561,0,0.009662552
Warm B,341713,2012,2011,2555,1561,0,0.0030306764
Warm B,340808,2010,2009,2555,1561,0,0.0062287846
Warm B,325943,1929,1928,2555,1561,0,0.0044139493
Warm B,306828,1831,1830,2555,1561,0,0.0041445405
Warm B,291852,1738,1737,2555,1561,0,-0.00021514663
Warm B,278363,1679,1678,2555,1561,0,7.9005724e-05
Warm B,277855,1676,1675,2555,1561,0,0.0068925135
Warm B,281835,1690,1689,2555,1561,0,0.009712084
Warm B,286296,1709,1708,2555,1561,1,0.0048739817
Warm B,264392,1608,1607,2555,1561,0,0.011960898
Warm B,258166,1582,1581,2555,1561,0,0.00084610493
Warm B,254722,1548,1547,2555,1561,0,-0.0048201988
Warm B,252958,1533,1532,2555,1561,0,0.0005073745
Warm B,228409,1383,1382,2555,1561,0,0.008450934
Warm B,224265,1356,1355,2555,1561,0,0.012607003
Warm B,224879,1359,1358,2555,1561,0,-0.002838516
Warm B,214129,1300,1299,2555,1561,0,0.0013995151
Warm B,213583,1298,1297,2555,1561,0,0.008377392
Warm B,244101,1470,1469,2555,1561,0,-0.001492703
Warm B,279623,1680,1679,2555,1561,0,0.010702424
Warm B,200387,1230,1229,2555,1561,0,0.011825459
Warm B,236452,1434,1433,2555,1561,1,-0.0059029404
Warm B,193239,1193,1192,2555,1561,0,0.0077669164
Warm B,205378,1263,1262,2555,1561,0,-0.0009830804
Warm B,167968,1068,1067,2555,1561,0,0.006743634
Warm B,163946,1050,1049,2555,1561,0,0.0015092255
Warm B,150212,967,966,2555,1561,0,-0.008544897
Warm B,146346,941,940,2555,1561,0,0.005854501
Warm B,136757,881,880,2555,1561,0,-0.002413759
Warm B,134806,871,870,2555,1561,0,0.010630486
Warm B,126201,815,814,2555,1561,0,-0.0009596027
Warm B,122364,789,788,2555,1561,0,0.007696056
Warm B,108155,710,709,2555,1561,0,0.0105271675
Warm B,98340,658,657,2555,1561,0,0.0024658027
Warm B,95215,638,637,2555,1561,0,0.006903519
Warm B,92803,621,620,2555,1561,0,0.007132061
Warm B,360958,2106,2105,2555,1561,0,0.002546328
Warm B,116883,753,752,2555,1561,0,0.0069704475
Warm B,239137,1448,1447,2555,1561,0,0.010532478
Warm B,73151,494,493,2555,1561,0,-0.0068393955
Warm B,66610,445,444,2555,1561,0,0.00440967
Warm B,58868,399,398,2555,1561,0,0.0040721716
Warm B,59124,402,401,2555,1561,0,0.0025857484
Warm B,54853,359,358,2555,1561,0,0.0006343017
Warm B,54232,354,353,2555,1561,0,0.0024300152
Warm B,31146,209,208,2555,1561,0,-0.008599321
Warm B,29398,200,199,2555,1561,0,0.0070440755
Warm B,291558,1737,1736,2555,1561,0,0.007827911
Warm B,16973,133,132,2555,1561,1,0.00792544
Warm B,9556,63,62,2555,1561,0,-0.0007981295
Warm B,6795,48,47,2555,1561,0,0.0076400316
Warm B,1695,16,15,2555,1561,0,-0.0015863759
Warm B,521772,3219,3218,2555,1561,0,0.019620191
Warm B,787208,4708,4707,2555,1561,0,0.010746949
Warm B,10501,75,74,2555,1561,1,0.0035530291
Warm B,355052,2077,2076,2555,1561,0,0.006862154
Warm B,954241,5761,5760,2555,1561,0,0.014117009
Warm B,828773,4979,4978,2555,1561,0,0.0005714389
Warm B,335210,1978,1977,2555,1561,0,0.008576674
Warm B,79571,531,530,2555,1561,0,0.008140014
Warm B,907678,5492,5491,2555,1561,0,0.011057129
Warm B,328438,1941,1940,2555,1561,0,0.008193872
Warm B,717037,4294,4293,2555,1561,0,0.0066423323
Warm B,143544,926,925,2555,1561,0,0.005074419
Warm B,187075,1160,1159,2555,1561,0,0.0019647754
Warm B,52147,343,342,2555,1561,0,0.0020799171
Warm B,434932,2655,2654,2555,1561,0,0.0061141727
Warm B,255946,1560,1559,2555,1561,0,0.0058403886
Warm B,13346,104,103,2555,1561,0,-0.0018467451
Warm B,427365,2594,2593,2555,1561,0,0.0067296047
Warm B,509879,3140,3139,2555,1561,0,0.01359925
Warm B,551450,3395,3394,2560,1563,0,0.000197188
Warm B,577367,3526,3525,2560,1563,0,0.0042569223
Warm B,748014,4465,4464,2560,1563,0,0.0023222093
Warm B,536152,3308,3307,2560,1563,0,0.0055060294
Warm B,564597,3471,3470,2560,1563,0,0.009633572
Warm B,523729,3228,3227,2560,1563,0,-0.0020516198
Warm B,522000,3223,3222,2560,1563,1,-0.0060691033
Warm B,519726,3206,3205,2560,1563,1,-0.0019399073
Warm B,517461,3193,3192,2560,1563,1,-0.0032179765
Warm B,566389,3476,3475,2560,1563,0,-0.0035321738
Warm B,508005,3126,3125,2560,1563,1,-0.003936129
Warm B,507531,3123,3122,2560,1563,0,-0.0011272046
Warm B,507299,3121,3120,2560,1563,1,0.00013490103
Warm B,481169,2955,2954,2560,1563,0,0.00096932123
Warm B,472757,2907,2906,2560,1563,1,0.0029473084
Warm B,473911,2909,2908,2560,1563,1,0.0029788045
Warm B,467799,2883,2882,2560,1563,0,0.00304267
Warm B,467392,2880,2879,2560,1563,1,-3.671157e-05
Warm B,463474,2857,2856,2560,1563,1,0.013035307
Warm B,441297,2702,2701,2560,1563,1,-0.0023584554
Warm B,428840,2609,2608,2560,1563,1,-0.0071274135
Warm B,409727,2457,2456,2560,1563,0,0.0073758927
Warm B,386679,2261,2260,2560,1563,0,0.0023266915
Warm B,374270,2181,2180,2560,1563,0,0.0073765917
Warm B,354222,2073,2072,2560,1563,0,-0.0029209456
Warm B,352127,2063,2062,2560,1563,0,-0.0019786498
Warm B,344455,2021,2020,2560,1563,0,0.011494876
Warm B,339983,2005,2004,2560,1563,1,0.002750202
Warm B,340819,2010,2009,2560,1563,1,0.00018829782
Warm B,310779,1851,1850,2560,1563,0,-0.00011508004
Warm B,288713,1725,1724,2560,1563,0,0.00095320126
Warm B,297899,1765,1764,2560,1563,1,0.00906493
Warm B,277863,1676,1675,2560,1563,1,0.008449098
Warm B,278367,1679,1678,2560,1563,1,-0.0082805725
Warm B,275653,1667,1666,2560,1563,0,-0.007406792
Warm B,271522,1641,1640,2560,1563,0,-0.0034747182
Warm B,275195,1666,1665,2560,1563,1,-0.0032681134
Warm B,264397,1608,1607,2560,1563,0,-0.0006232046
Warm B,234597,1424,1423,2560,1563,1,-0.0041646715
Warm B,235128,1425,1424,2560,1563,0,0.003149148
Warm B,226406,1370,1369,2560,1563,0,-0.0012022925
Warm B,224527,1357,1356,2560,1563,0,0.0072082356
Warm B,249562,1503,1502,2560,1563,0,0.0006002403
Warm B,221833,1341,1340,2560,1563,0,-0.00038453727
Warm B,279647,1680,1679,2560,1563,1,0.010823506
Warm B,194532,1200,1199,2560,1563,1,0.007688115
Warm B,363246,2116,2115,2560,1563,1,0.005384546
Warm B,215000,1303,1302,2560,1563,0,0.0011341705
Warm B,211175,1285,1284,2560,1563,1,0.0032959005
Warm B,182854,1140,1139,2560,1563,1,0.0038784603
Warm B,175062,1109,1108,2560,1563,0,0.010094953
Warm B,168589,1069,1068,2560,1563,1,-0.0045359777
Warm B,165292,1053,1052,2560,1563,0,-0.00068452215
Warm B,270470,1636,1635,2560,1563,1,0.0042660153
Warm B,168901,1071,1070,2560,1563,1,-0.00020450982
Warm B,159363,1017,1016,2560,1563,0,-0.003656996
Warm B,158456,1015,1014,2560,1563,1,0.0021052053
Warm B,221502,1340,1339,2560,1563,0,0.0036010835
Warm B,271026,1639,1638,2560,1563,1,0.0020334523
Warm B,245368,1482,1481,2560,1563,0,-0.004008142
Warm B,157081,1010,1009,2560,1563,0,-0.001951457
Warm B,136773,881,880,2560,1563,1,0.0031436495
Warm B,135765,877,876,2560,1563,0,8.3683524e-05
Warm B,134464,869,868,2560,1563,0,-0.000610169
Warm B,133212,859,858,2560,1563,0,0.0029045332
Warm B,128996,838,837,2560,1563,1,0.004136023
Warm B,138589,889,888,2560,1563,0,0.0055389013
Warm B,128347,830,829,2560,1563,1,0.0055895345
Warm B,125601,808,807,2560,1563,0,-0.003326321
Warm B,122369,789,788,2560,1563,0,-0.003673633
Warm B,117601,757,756,2560,1563,0,0.0055092108
Warm B,116434,752,751,2560,1563,0,0.00024252012
Warm B,114103,741,740,2560,1563,1,-0.0045528496
Warm B,110407,720,719,2560,1563,0,0.008282352
Warm B,109382,714,713,2560,1563,1,0.00650251
Warm B,107099,704,703,2560,1563,1,0.02024019
Warm B,92807,621,620,2560,1563,0,0.00019251439
Warm B,886947,5359,5358,2560,1563,0,0.0002280618
Warm B,191223,1181,1180,2560,1563,0,0.008702071
Warm B,239157,1448,1447,2560,1563,1,-0.009975022
Warm B,77719,524,523,2560,1563,1,0.0015041712
Warm B,74979,509,508,2560,1563,1,-0.007303578
Warm B,64317,429,428,2560,1563,0,-0.0020143692
Warm B,53728,352,351,2560,1563,0,-2.282206e-05
Warm B,54233,354,353,2560,1563,0,0.004839978
Warm B,43083,295,294,2560,1563,0,9.8478165e-05
Warm B,41790,284,283,2560,1563,1,0.0020387175
Warm B,55869,370,369,2560,1563,0,0.0054329964
Warm B,40393,272,271,2560,1563,1,-0.00027950876
Warm B,29822,202,201,2560,1563,0,0.0049174065
Warm B,29191,199,198,2560,1563,0,0.0025099677
Warm B,411628,2472,2471,2560,1563,0,-0.0060381405
Warm B,22508,163,162,2560,1563,0,-0.0065965233
Warm B,16855,132,131,2560,1563,0,-0.0027044246
Warm B,290394,1733,1732,2560,1563,1,0.015237236
Warm B,9562,63,62,2560,1563,1,0.0054349024
Warm B,291,5,4,2560,1563,1,-0.007707479
Warm B,272305,1645,1644,2560,1563,1,0.0010918456
Warm B,238110,1447,1446,2560,1563,1,0.0013070595
Warm B,328455,1941,1940,2560,1563,0,-0.00799859
Warm B,171882,1088,1087,2560,1563,0,0.0058190497
Warm B,195620,1203,1202,2560,1563,1,0.015693303
Warm B,960301,5792,5791,2560,1563,0,0.003803365
Warm B,571165,3503,3502,2560,1563,0,0.0019450194
Warm B,187079,1160,1159,2560,1563,0,-0.0024819318
Warm B,26650,188,187,2560,1563,1,-0.012276484
Warm B,286820,1712,1711,2560,1563,0,-0.0055907536
Warm B,538066,3312,3311,2560,1563,0,0.009909076
Warm B,63183,424,423,2560,1563,1,0.00032368395
Warm B,28137,195,194,2560,1563,1,0.008051467
Warm B,319475,1897,1896,2560,1563,0,-0.0002647807
Warm B,473914,2909,2908,2561,1564,1,0.016175324
Warm B,463476,2857,2856,2561,1564,1,0.013381424
Warm B,594921,3620,3619,2561,1564,0,0.009823192
Warm B,464978,2866,2865,2561,1564,0,0.005707766
Warm B,451060,2777,2776,2561,1564,0,0.011112547
Warm B,444774,2743,2742,2561,1564,1,0.0042491965
Warm B,564599,3471,3470,2561,1564,0,0.010231741
Warm B,441066,2700,2699,2561,1564,1,0.010933895
Warm B,762745,4533,4532,2561,1564,1,0.01437354
Warm B,422827,2562,2561,2561,1564,1,0.0027702851
Warm B,416782,2507,2506,2561,1564,0,0.0074717216
Warm B,425390,2581,2580,2561,1564,0,0.006354981
Warm B,408337,2453,2452,2561,1564,1,0.016025532
Warm B,402430,2402,2401,2561,1564,0,0.020287268
Warm B,392391,2304,2303,2561,1564,1,0.023523424
Warm B,390108,2288,2287,2561,1564,0,0.0049826885
Warm B,358587,2098,2097,2561,1564,1,0.010454333
Warm B,349016,2047,2046,2561,1564,0,0.027057469
Warm B,329474,1943,1942,2561,1564,0,0.011689834
Warm B,302225,1794,1793,2561,1564,0,0.01633926
Warm B,279650,1680,1679,2561,1564,1,0.019900596
Warm B,263959,1606,1605,2561,1564,1,0.010237749
Warm B,250466,1509,1508,2561,1564,0,0.0077971406
Warm B,198465,1219,1218,2561,1564,1,0.009107146
Warm B,321719,1908,1907,2561,1564,0,0.005572824
Warm B,191227,1181,1180,2561,1564,0,0.0132296225
Warm B,163957,1050,1049,2561,1564,0,0.0027068434
Warm B,275654,1667,1666,2561,1564,0,0.004502628
Warm B,221504,1340,1339,2561,1564,0,0.011720525
Warm B,143049,922,921,2561,1564,0,0.0044651967
Warm B,194956,1202,1201,2561,1564,0,0.011060941
Warm B,117603,757,756,2561,1564,0,0.011722984
Warm B,112910,732,731,2561,1564,1,0.0060524605
Warm B,203497,1248,1247,2561,1564,0,0.0055178823
Warm B,110950,721,720,2561,1564,0,0.009600511
Warm B,631715,3821,3820,2561,1564,0,0.014421854
Warm B,480235,2946,2945,2561,1564,0,0.010799159
Warm B,108171,710,709,2561,1564,0,0.015129931
Warm B,308795,1837,1836,2561,1564,1,0.0145699475
Warm B,239160,1448,1447,2561,1564,1,0.009165209
Warm B,81816,543,542,2561,1564,0,0.003611017
Warm B,84372,550,549,2561,1564,0,0.01514026
Warm B,64319,429,428,2561,1564,0,0.008201842
Warm B,59136,402,401,2561,1564,0,0.0119951535
Warm B,155457,1001,1000,2561,1564,1,0.017056797
Warm B,53731,352,351,2561,1564,0,0.014325573
Warm B,47465,319,318,2561,1564,0,0.012354186
Warm B,42094,285,284,2561,1564,0,0.007626611
Warm B,696550,4169,4168,2561,1564,0,0.019825235
Warm B,55604,368,367,2561,1564,1,0.012940095
Warm B,38281,261,260,2561,1564,0,0.0058360617
Warm B,418301,2528,2527,2561,1564,0,0.006903347
Warm B,200112,1228,1227,2561,1564,0,0.011769941
Warm B,314402,1877,1876,2561,1564,0,0.00025055686
Warm B,16295,129,128,2561,1564,1,0.002828257
Warm B,210253,1284,1283,2561,1564,1,0.008559476
Warm B,164726,1051,1050,2561,1564,0,0.015488132
Warm B,150701,970,969,2561,1564,0,0.0144346515
Warm B,129578,839,838,2561,1564,0,0.017735634
Warm B,363249,2116,2115,2561,1564,0,0.010893171
Warm B,567626,3483,3482,2561,1564,0,0.009583609
Warm B,16108,127,126,2561,1564,1,0.010092608
Warm B,592763,3613,3612,2561,1564,1,0.0041701
Warm B,195623,1203,1202,2561,1564,0,0.016353002
Warm B,50139,331,330,2561,1564,1,0.007021859
Warm B,331794,1958,1957,2561,1564,1,0.0074275527
Warm B,902842,5458,5457,2561,1564,0,0.008526648
Warm B,609262,3693,3692,2561,1564,0,0.0024783686
Warm B,257821,1579,1578,2561,1564,0,0.015483611
Warm B,322557,1912,1911,2561,1564,0,0.018613804
Warm B,937657,5657,5656,2561,1564,1,0.016399292
Warm B,330566,1951,1950,2570,1568,1,0.010382797
Warm B,316954,1884,1883,2570,1568,1,0.014623301
Warm B,302238,1794,1793,2570,1568,1,-0.0021265596
Warm B,252124,1526,1525,2570,1568,1,0.007899342
Warm B,241707,1455,1454,2570,1568,0,0.0072129583
Warm B,308134,1836,1835,2570,1568,0,0.010371193
Warm B,191943,1182,1181,2570,1568,0,0.006501408
Warm B,188100,1167,1166,2570,1568,1,0.007222818
Warm B,316338,1883,1882,2570,1568,0,0.018768456
Warm B,174506,1103,1102,2570,1568,1,0.0040906295
Warm B,168598,1069,1068,2570,1568,0,0.0015595413
Warm B,167329,1065,1064,2570,1568,1,0.010676274
Warm B,160908,1022,1021,2570,1568,1,0.015037751
Warm B,268074,1628,1627,2570,1568,0,0.003964901
Warm B,143360,924,923,2570,1568,1,0.015346533
Warm B,138617,889,888,2570,1568,0,0.0145693235
Warm B,132031,854,853,2570,1568,0,0.020074973
Warm B,117854,759,758,2570,1568,1,-0.007674079
Warm B,112619,731,730,2570,1568,0,0.0030599032
Warm B,103714,689,688,2570,1568,0,-0.004165493
Warm B,696562,4169,4168,2570,1568,0,0.019118914
Warm B,305056,1812,1811,2570,1568,0,0.01474175
Warm B,80565,534,533,2570,1568,1,0.006847515
Warm B,54196,353,352,2570,1568,1,0.0066645434
Warm B,45000,303,302,2570,1568,1,0.012591186
Warm B,61297,412,411,2570,1568,1,0.009755751
Warm B,36039,244,243,2570,1568,1,0.010391654
Warm B,308806,1837,1836,2570,1568,0,0.018606855
Warm B,27182,192,191,2570,1568,0,0.0009215856
Warm B,18714,146,145,2570,1568,1,0.0052851043
Warm B,803763,4813,4812,2570,1568,1,0.01022451
Warm B,207032,1266,1265,2570,1568,1,0.010061756
Warm B,158479,1015,1014,2570,1568,1,0.009832563
Warm B,777891,4647,4646,2570,1568,0,0.011002533
Warm B,263544,1605,1604,2570,1568,0,0.008116942
Warm B,187750,1164,1163,2570,1568,0,0.016278211
Warm B,583591,3562,3561,2570,1568,1,0.015677236
Warm B,60725,411,410,2570,1568,0,0.007091223
Warm B,229705,1390,1389,2570,1568,1,0.013763025
Warm B,178717,1121,1120,2570,1568,1,0.006525909
Warm B,102475,678,677,2570,1568,1,0.006218476
Warm B,171907,1088,1087,2570,1568,0,0.009709348
Warm B,569396,3491,3490,2574,1571,1,0.007773471
Warm B,594150,3618,3617,2574,1571,0,-0.0017661615
Warm B,572354,3507,3506,2574,1571,0,0.0031968192
Warm B,559459,3436,3435,2574,1571,0,-3.5735196e-05
Warm B,548594,3386,3385,2574,1571,0,-0.006648615
Warm B,904239,5468,5467,2574,1571,0,-0.009901121
Warm B,902848,5458,5457,2574,1571,0,0.002872995
Warm B,541088,3328,3327,2574,1571,0,0.0027650318
Warm B,540009,3320,3319,2574,1571,0,0.008780813
Warm B,564624,3471,3470,2574,1571,0,0.013403735
Warm B,532788,3290,3289,2574,1571,0,0.0036045203
Warm B,533514,3292,3291,2574,1571,0,0.004305343
Warm B,522803,3224,3223,2574,1571,0,0.012035336
Warm B,575488,3519,3518,2574,1571,0,-0.0013935718
Warm B,517950,3196,3195,2574,1571,0,0.004017272
Warm B,512190,3159,3158,2574,1571,0,0.0066308817
Warm B,511373,3154,3153,2574,1571,1,0.013427167
Warm B,510727,3147,3146,2574,1571,0,0.0048827957
Warm B,785477,4691,4690,2574,1571,0,-0.0034684828
Warm B,509387,3137,3136,2574,1571,0,-0.0040534716
Warm B,574863,3518,3517,2574,1571,0,0.012896148
Warm B,506026,3112,3111,2574,1571,1,0.006793059
Warm B,498849,3065,3064,2574,1571,1,-0.0026474814
Warm B,493510,3031,3030,2574,1571,0,0.001240504
Warm B,488742,3007,3006,2574,1571,0,0.014266811
Warm B,483642,2973,2972,2574,1571,0,0.0021053432
Warm B,529905,3272,3271,2574,1571,1,0.004027441
Warm B,472779,2907,2906,2574,1571,1,-0.0025795058
Warm B,471094,2899,2898,2574,1571,0,-0.0012080173
Warm B,462686,2854,2853,2574,1571,0,-0.0034721578
Warm B,455206,2802,2801,2574,1571,0,-0.004861243
Warm B,451828,2781,2780,2574,1571,0,-0.011588758
Warm B,451082,2777,2776,2574,1571,0,0.009962295
Warm B,444789,2743,2742,2574,1571,1,0.010996873
Warm B,434585,2650,2649,2574,1571,0,0.006160369
Warm B,424553,2575,2574,2574,1571,1,-0.0026694527
Warm B,423237,2565,2564,2574,1571,1,0.0010064938
Warm B,422532,2559,2558,2574,1571,0,0.0029385886
Warm B,417109,2508,2507,2574,1571,1,0.0012885694
Warm B,412952,2484,2483,2574,1571,0,0.00093898224
Warm B,403744,2411,2410,2574,1571,0,0.0021256055
Warm B,401295,2392,2391,2574,1571,1,0.00610302
Warm B,436612,2665,2664,2574,1571,0,-0.0053163143
Warm B,393892,2320,2319,2574,1571,0,0.0019052732
Warm B,391078,2298,2297,2574,1571,0,0.001950057
Warm B,387835,2268,2267,2574,1571,1,0.0033279685
Warm B,378960,2212,2211,2574,1571,1,0.007872262
Warm B,380413,2223,2222,2574,1571,0,0.013386524
Warm B,376769,2199,2198,2574,1571,0,0.004214506
Warm B,370548,2166,2165,2574,1571,0,-0.0020405096
Warm B,378453,2208,2207,2574,1571,0,-0.0032513244
Warm B,363277,2116,2115,2574,1571,1,0.008336007
Warm B,356028,2085,2084,2574,1571,0,-0.00071069866
Warm B,350576,2058,2057,2574,1571,0,0.011416342
Warm B,352156,2063,2062,2574,1571,0,-0.0035979403
Warm B,345868,2029,2028,2574,1571,0,-0.0041963877
Warm B,333102,1965,1964,2574,1571,0,0.0048995977
Warm B,315797,1881,1880,2574,1571,1,0.011859946
Warm B,310795,1851,1850,2574,1571,0,0.006739825
Warm B,278182,1677,1676,2574,1571,1,0.004694137
Warm B,281372,1687,1686,2574,1571,0,-0.0015284407
Warm B,268593,1631,1630,2574,1571,0,-0.0034548761
Warm B,256269,1563,1562,2574,1571,0,0.01018942
Warm B,264701,1609,1608,2574,1571,0,-0.005364092
Warm B,252967,1533,1532,2574,1571,1,0.0034328718
Warm B,235152,1425,1424,2574,1571,0,0.007538436
Warm B,248947,1501,1500,2574,1571,0,0.005938655
Warm B,225616,1366,1365,2574,1571,0,0.0047968314
Warm B,224887,1359,1358,2574,1571,0,0.0017092549
Warm B,227261,1377,1376,2574,1571,0,0.013639138
Warm B,336190,1980,1979,2574,1571,0,0.0006775493
Warm B,296871,1759,1758,2574,1571,1,4.7816895e-05
Warm B,211815,1288,1287,2574,1571,0,0.0025421684
Warm B,204991,1261,1260,2574,1571,0,0.0017087953
Warm B,279680,1680,1679,2574,1571,1,0.009749554
Warm B,261885,1599,1598,2574,1571,1,-0.001259703
Warm B,194061,1195,1194,2574,1571,1,-0.003990061
Warm B,189463,1173,1172,2574,1571,0,0.008184819
Warm B,321729,1908,1907,2574,1571,0,0.002549259
Warm B,205398,1263,1262,2574,1571,0,-0.0021560357
Warm B,179755,1125,1124,2574,1571,0,0.012060485
Warm B,328487,1941,1940,2574,1571,0,-2.9796734e-05
Warm B,270481,1636,1635,2574,1571,0,0.0035739632
Warm B,163976,1050,1049,2574,1571,0,-0.0005215367
Warm B,272319,1645,1644,2574,1571,1,0.007042531
Warm B,162343,1034,1033,2574,1571,0,-0.0023764484
Warm B,246430,1489,1488,2574,1571,0,-0.0038813679
Warm B,145450,935,934,2574,1571,0,0.0013754275
Warm B,140471,901,900,2574,1571,0,0.0064207944
Warm B,139853,896,895,2574,1571,0,0.009859126
Warm B,134814,871,870,2574,1571,1,-0.0017425364
Warm B,134485,869,868,2574,1571,0,0.005550219
Warm B,182148,1137,1136,2574,1571,0,-0.0015165794
Warm B,128068,828,827,2574,1571,0,0.012188589
Warm B,126056,812,811,2574,1571,1,0.004216763
Warm B,121579,781,780,2574,1571,0,0.0048271385
Warm B,112625,731,730,2574,1571,0,-0.0043075243
Warm B,108194,710,709,2574,1571,0,-0.0026207808
Warm B,106227,699,698,2574,1571,0,-0.012533857
Warm B,177115,1117,1116,2574,1571,0,0.0071474086
Warm B,91295,604,603,2574,1571,0,-0.009861853
Warm B,70240,474,473,2574,1571,0,-0.0030763655
Warm B,64335,429,428,2574,1571,0,0.0034353011
Warm B,60171,409,408,2574,1571,0,-0.004073027
Warm B,58874,399,398,2574,1571,1,3.6588637e-05
Warm B,53774,352,351,2574,1571,0,0.01660783
Warm B,43101,295,294,2574,1571,0,0.0061483877
Warm B,696570,4169,4168,2574,1571,0,0.0015230251
Warm B,61302,412,411,2574,1571,1,0.0051955683
Warm B,178289,1120,1119,2574,1571,0,-0.00025683874
Warm B,54508,355,354,2574,1571,0,0.004138743
Warm B,219274,1329,1328,2574,1571,0,0.0074520945
Warm B,21577,157,156,2574,1571,1,0.013459431
Warm B,21155,155,154,2574,1571,0,-0.005198152
Warm B,17807,137,136,2574,1571,0,0.0055122757
Warm B,13355,104,103,2574,1571,0,0.008509728
Warm B,3303,25,24,2574,1571,0,0.013998074
Warm B,6832,48,47,2574,1571,0,-0.00071068946
Warm B,521783,3219,3218,2574,1571,1,-0.0125545915
Warm B,439856,2688,2687,2574,1571,0,-0.004087508
Warm B,49436,329,328,2574,1571,0,0.0024572485
Warm B,365526,2127,2126,2574,1571,1,-0.0066987094
Warm B,552536,3401,3400,2574,1571,0,0.0061877593
Warm B,56344,376,375,2574,1571,1,-0.0017333091
Warm B,238133,1447,1446,2574,1571,0,0.0063661984
Warm B,762218,4528,4527,2574,1571,0,0.001883229
Warm B,2309,19,18,2574,1571,0,-0.0003562586
Warm B,682649,4085,4084,2574,1571,0,0.00032029208
Warm B,757263,4508,4507,2574,1571,0,0.003652384
Warm B,160281,1019,1018,2574,1571,0,0.004661213
Warm B,599396,3648,3647,2574,1571,0,0.00802631
Warm B,309733,1842,1841,2574,1571,0,-0.006410352
Warm B,907689,5492,5491,2574,1571,1,0.00025552628
Warm B,768796,4579,4578,2574,1571,0,0.009460305
Warm B,60731,411,410,2574,1571,0,-0.0065925787
Warm B,257837,1579,1578,2574,1571,1,0.0026286133
Warm B,331814,1958,1957,2574,1571,0,-1.99161e-05
Warm B,193811,1194,1193,2574,1571,0,0.0031451283
Warm B,307056,1834,1833,2574,1571,1,-0.0009777099
Warm B,481361,2958,2957,2575,1572,1,0.0060794167
Warm B,480986,2953,2952,2575,1572,0,-0.0033040047
Warm B,480866,2952,2951,2575,1572,1,0.0021270087
Warm B,546165,3367,3366,2575,1572,1,0.011524505
Warm B,464659,2863,2862,2575,1572,1,0.010061192
Warm B,464489,2861,2860,2575,1572,0,0.002180993
Warm B,456715,2811,2810,2575,1572,1,0.005276642
Warm B,455207,2802,2801,2575,1572,1,0.012167128
Warm B,437770,2674,2673,2575,1572,1,0.011838071
Warm B,571178,3503,3502,2575,1572,1,0.009507097
Warm B,431442,2628,2627,2575,1572,1,0.009572554
Warm B,386410,2259,2258,2575,1572,1,0.0028071012
Warm B,384519,2246,2245,2575,1572,1,0.0065437453
Warm B,379772,2221,2220,2575,1572,1,0.006825675
Warm B,376770,2199,2198,2575,1572,1,0.0027265856
Warm B,365850,2129,2128,2575,1572,0,0.014760129
Warm B,340309,2009,2008,2575,1572,1,0.00238858
Warm B,331182,1957,1956,2575,1572,1,0.0028064973
Warm B,318694,1894,1893,2575,1572,1,0.00080136384
Warm B,312977,1865,1864,2575,1572,0,0.01045374
Warm B,302523,1796,1795,2575,1572,1,-0.0029283448
Warm B,314186,1875,1874,2575,1572,1,0.0152548645
Warm B,298468,1769,1768,2575,1572,1,0.0071068564
Warm B,281576,1688,1687,2575,1572,1,0.00482592
Warm B,292468,1741,1740,2575,1572,1,0.0072775697
Warm B,274718,1660,1659,2575,1572,1,4.8500486e-05
Warm B,274485,1658,1657,2575,1572,0,0.012690845
Warm B,266835,1618,1617,2575,1572,0,-0.0019067733
Warm B,264215,1607,1606,2575,1572,0,0.0047919885
Warm B,294421,1749,1748,2575,1572,1,0.00956771
Warm B,244900,1474,1473,2575,1572,1,0.0011658102
Warm B,319493,1897,1896,2575,1572,1,0.011342602
Warm B,200940,1238,1237,2575,1572,1,0.00063507096
Warm B,199575,1224,1223,2575,1572,1,0.009063784
Warm B,305063,1812,1811,2575,1572,1,0.02241965
Warm B,185584,1150,1149,2575,1572,0,0.011887374
Warm B,201706,1242,1241,2575,1572,1,0.013177032
Warm B,168606,1069,1068,2575,1572,1,0.013886289
Warm B,165814,1057,1056,2575,1572,1,0.00063879474
Warm B,334725,1974,1973,2575,1572,1,0.018470157
Warm B,160912,1022,1021,2575,1572,1,0.006985812
Warm B,246431,1489,1488,2575,1572,0,0.004071898
Warm B,138628,889,888,2575,1572,0,0.014318325
Warm B,312028,1860,1859,2575,1572,0,0.006151153
Warm B,133469,862,861,2575,1572,1,0.006328976
Warm B,200122,1228,1227,2575,1572,1,0.011515882
Warm B,129006,838,837,2575,1572,1,0.010229887
Warm B,107364,706,705,2575,1572,0,0.010927365
Warm B,100951,673,672,2575,1572,1,0.013269637
Warm B,114283,743,742,2575,1572,0,0.005312119
Warm B,98266,657,656,2575,1572,1,0.002267247
Warm B,97934,655,654,2575,1572,1,0.010536391
Warm B,92927,622,621,2575,1572,0,0.005367296
Warm B,89623,590,589,2575,1572,1,0.0006483701
Warm B,69328,464,463,2575,1572,0,-0.0008037343
Warm B,48836,327,326,2575,1572,1,0.0022813263
Warm B,925422,5594,5593,2575,1572,1,0.005729626
Warm B,37887,259,258,2575,1572,1,0.006861148
Warm B,33503,225,224,2575,1572,1,0.009432407
Warm B,860139,5172,5171,2575,1572,1,0.009558361
Warm B,26434,187,186,2575,1572,1,0.004678632
Warm B,187756,1164,1163,2575,1572,1,0.012389706
Warm B,16679,131,130,2575,1572,1,0.0040531782
Warm B,7737,53,52,2575,1572,1,0.009496844
Warm B,4849,35,34,2575,1572,1,0.009264196
Warm B,565029,3473,3472,2575,1572,1,0.01462839
Warm B,207039,1266,1265,2575,1572,1,0.016704673
Warm B,501005,3079,3078,2575,1572,1,0.0032447078
Warm B,344219,2020,2019,2575,1572,1,0.011391749
Warm B,966916,5831,5830,2575,1572,0,0.009490857
Warm B,631731,3821,3820,2575,1572,0,0.008324124
Warm B,750463,4478,4477,2575,1572,0,0.009929747
Warm B,163111,1041,1040,2575,1572,1,0.0007395919
Warm B,548738,3387,3386,2575,1572,1,0.0042119455
Warm B,405361,2427,2426,2575,1572,0,0.015305536
Warm B,45938,308,307,2575,1572,1,0.009638858
Warm B,999984,6040,6039,2575,1572,1,0.0084455535
Warm B,451829,2781,2780,2575,1572,1,0.00788659
Warm B,116462,752,751,2575,1572,0,0.0030487846
Warm B,13155,102,101,2575,1572,0,0.013846053
Warm B,804346,4816,4815,2575,1572,0,0.008090566
Warm B,28200,195,194,2582,1575,1,0.02213481
Warm B,635948,3833,3832,2582,1575,1,0.012422625
Warm B,65508,438,437,2582,1575,1,0.0090084355
Warm B,286435,1710,1709,2582,1575,1,0.011477735
Warm B,11633,90,89,2582,1575,1,0.0014526392
Warm B,825605,4958,4957,2582,1575,1,0.02001985
Warm B,359520,2102,2101,2587,1577,0,0.0069704195
Warm B,356038,2085,2084,2587,1577,1,0.012359822
Warm B,361837,2109,2108,2587,1577,0,0.016454466
Warm B,352187,2063,2062,2587,1577,0,0.014483944
Warm B,297671,1764,1763,2587,1577,1,0.004361039
Warm B,299759,1778,1777,2587,1577,0,0.023544595
Warm B,274498,1658,1657,2587,1577,1,0.019765478
Warm B,299174,1776,1775,2587,1577,0,0.019359075
Warm B,265983,1613,1612,2587,1577,1,0.024096584
Warm B,264708,1609,1608,2587,1577,0,0.01430043
Warm B,358282,2097,2096,2587,1577,1,0.012347004
Warm B,222447,1345,1344,2587,1577,1,0.008579322
Warm B,289459,1727,1726,2587,1577,1,0.0154577475
Warm B,205409,1263,1262,2587,1577,0,0.019536369
Warm B,198881,1221,1220,2587,1577,1,0.011146916
Warm B,173792,1100,1099,2587,1577,0,0.006085895
Warm B,255598,1556,1555,2587,1577,0,0.017159848
Warm B,189474,1173,1172,2587,1577,0,0.013103817
Warm B,143730,927,926,2587,1577,1,0.019964969
Warm B,248963,1501,1500,2587,1577,1,0.022239063
Warm B,117639,757,756,2587,1577,0,0.013889242
Warm B,631750,3821,3820,2587,1577,0,0.015259059
Warm B,83409,549,548,2587,1577,0,0.0098077
Warm B,72261,482,481,2587,1577,1,0.020609755
Warm B,333983,1969,1968,2587,1577,1,0.0031599496
Warm B,58533,396,395,2587,1577,1,0.009322871
Warm B,240390,1449,1448,2587,1577,0,0.01585994
Warm B,228457,1383,1382,2587,1577,0,0.019729132
Warm B,53809,352,351,2587,1577,0,0.0056289597
Warm B,43954,301,300,2587,1577,0,0.019208616
Warm B,55634,368,367,2587,1577,1,0.021778755
Warm B,32115,216,215,2587,1577,1,0.01162115
Warm B,31536,214,213,2587,1577,0,0.0096596535
Warm B,49460,329,328,2587,1577,0,0.01676268
Warm B,23711,169,168,2587,1577,0,0.021813817
Warm B,339522,2000,1999,2587,1577,0,0.016087625
Warm B,317872,1889,1888,2587,1577,0,0.010494091
Warm B,907696,5492,5491,2587,1577,0,0.0023462672
Warm B,771777,4600,4599,2587,1577,0,0.009633454
Warm B,331834,1958,1957,2587,1577,0,0.015507833
Warm B,295725,1755,1754,2587,1577,0,0.015197933
Warm B,28209,195,194,2587,1577,1,0.01096198
Warm B,408364,2453,2452,2589,1578,0,0.00868669
Warm B,699748,4186,4185,2589,1578,0,0.019505775
Warm B,328525,1941,1940,2589,1578,0,0.0013445374
Warm B,235173,1425,1424,2589,1578,0,0.010931957
Warm B,937270,5654,5653,2594,1579,1,0.0066058007
Warm B,263588,1605,1604,2594,1579,0,0.008402499
Warm B,557331,3423,3422,2596,1580,1,0.013672494
Warm B,559635,3438,3437,2596,1580,1,0.009625116
Warm B,567669,3483,3482,2596,1580,1,0.0091976
Warm B,713292,4277,4276,2596,1580,1,0.005570233
Warm B,537406,3311,3310,2596,1580,0,0.005214082
Warm B,536206,3308,3307,2596,1580,1,0.014991691
Warm B,532337,3285,3284,2596,1580,0,0.017641053
Warm B,524328,3232,3231,2596,1580,0,0.010119839
Warm B,514071,3172,3171,2596,1580,1,0.0009906339
Warm B,510857,3148,3147,2596,1580,1,0.01247634
Warm B,510736,3147,3146,2596,1580,1,0.001492376
Warm B,583623,3562,3561,2596,1580,0,0.01299976
Warm B,571202,3503,3502,2596,1580,1,0.0055030067
Warm B,503458,3093,3092,2596,1580,1,0.003836296
Warm B,499005,3066,3065,2596,1580,1,0.0030187103
Warm B,487980,3001,3000,2596,1580,1,0.00624838
Warm B,481976,2962,2961,2596,1580,0,0.010076189
Warm B,465784,2872,2871,2596,1580,0,0.018715076
Warm B,462703,2854,2853,2596,1580,1,0.007132392
Warm B,458191,2820,2819,2596,1580,0,-0.0020133967
Warm B,456723,2811,2810,2596,1580,0,-0.003612056
Warm B,468009,2885,2884,2596,1580,0,0.0019705808
Warm B,416837,2507,2506,2596,1580,1,0.013675104
Warm B,413456,2486,2485,2596,1580,1,0.008991194
Warm B,394276,2323,2322,2596,1580,1,0.01055946
Warm B,375697,2188,2187,2596,1580,0,0.009788186
Warm B,369209,2158,2157,2596,1580,1,0.006259639
Warm B,356041,2085,2084,2596,1580,1,0.005717673
Warm B,345177,2024,2023,2596,1580,0,-0.0033328433
Warm B,340874,2010,2009,2596,1580,0,0.009884523
Warm B,305929,1820,1819,2596,1580,0,0.00956274
Warm B,290818,1735,1734,2596,1580,0,-0.001203683
Warm B,279750,1680,1679,2596,1580,1,0.005536831
Warm B,270489,1636,1635,2596,1580,0,0.0091906395
Warm B,266488,1616,1615,2596,1580,1,0.009329585
Warm B,247091,1492,1491,2596,1580,1,0.004723669
Warm B,308158,1836,1835,2596,1580,0,0.008681633
Warm B,361031,2106,2105,2596,1580,0,0.0106808925
Warm B,271064,1639,1638,2596,1580,0,0.004290004
Warm B,157149,1010,1009,2596,1580,0,0.011764551
Warm B,136843,881,880,2596,1580,0,0.005482207
Warm B,128602,832,831,2596,1580,1,0.000800153
Warm B,119455,770,769,2596,1580,0,0.012986747
Warm B,132632,855,854,2596,1580,0,0.022877026
Warm B,114545,744,743,2596,1580,1,0.011525594
Warm B,107371,706,705,2596,1580,1,0.004353455
Warm B,103871,690,689,2596,1580,1,0.011191212
Warm B,116508,752,751,2596,1580,1,0.014511708
Warm B,432217,2634,2633,2596,1580,0,0.01042013
Warm B,77791,524,523,2596,1580,1,0.02200462
Warm B,71433,480,479,2596,1580,0,0.011413473
Warm B,333994,1969,1968,2596,1580,1,0.008319176
Warm B,40441,272,271,2596,1580,1,0.013331899
Warm B,34378,232,231,2596,1580,0,0.002753048
Warm B,33967,229,228,2596,1580,1,0.005462654
Warm B,300029,1779,1778,2596,1580,1,0.015831135
Warm B,22586,163,162,2596,1580,0,0.0074679935
Warm B,939999,5675,5674,2596,1580,0,0.003318288
Warm B,152525,981,980,2596,1580,1,0.020355644
Warm B,9578,63,62,2596,1580,1,0.0112756025
Warm B,10791,78,77,2596,1580,1,0.012706744
Warm B,262591,1601,1600,2596,1580,0,0.0045595714
Warm B,477567,2931,2930,2596,1580,1,0.001282648
Warm B,336251,1980,1979,2596,1580,1,0.012409508
Warm B,927657,5605,5604,2596,1580,1,0.0045416635
Warm B,20808,151,150,2596,1580,1,0.017055145
Warm B,352214,2063,2062,2596,1580,1,0.0170452
Warm B,134523,869,868,2596,1580,1,0.01518465
Warm B,206453,1265,1264,2596,1580,0,0.0034895672
Warm B,960310,5792,5791,2596,1580,1,0.0022718946
Warm B,879941,5317,5316,2596,1580,1,0.0016285488
Warm B,371796,2172,2171,2596,1580,0,0.011298756
Warm B,807642,4834,4833,2596,1580,0,0.004557444
Warm B,65524,438,437,2596,1580,1,0.0048543396
Warm B,290468,1733,1732,2596,1580,1,0.023623727
Warm B,67852,454,453,2596,1580,0,0.01053589
Warm B,480488,2947,2946,2596,1580,1,-0.0061261016
Warm B,171968,1088,1087,2596,1580,1,0.021674715
Warm B,63261,424,423,2596,1580,0,0.01159509
Warm B,331858,1958,1957,2597,1581,0,-0.0015517876
Warm B,907700,5492,5491,2597,1581,0,0.0048776963
Warm B,72276,482,481,2597,1581,0,0.009546827
Warm B,375698,2188,2187,2597,1581,0,0.0064554242
Warm B,360559,2106,2105,2607,1587,1,0.0016154377
Warm B,206267,1265,1264,2607,1587,1,-0.0001731473
Warm B,784379,4682,4681,2607,1587,1,0.010145121
Warm B,28078,195,194,2607,1587,1,0.005135232
Warm B,50082,331,330,2607,1587,0,0.0051283105
Warm B,484878,2986,2985,2607,1587,1,0.005062088
Warm B,234800,1425,1424,2607,1587,1,0.0052367663
Warm B,327745,1941,1940,2607,1587,1,0.011285623
Warm B,155252,1001,1000,2609,1588,1,0.01349019
Warm B,28082,195,194,2609,1588,1,0.010188928
Warm B,475413,2918,2917,2609,1588,1,-0.0010711313
Warm B,986763,5956,5955,2609,1588,1,0.016534232
Warm B,804462,4816,4815,2609,1588,1,0.0071554678
Warm B,202956,1246,1245,2609,1588,1,0.005481925
Warm B,974569,5878,5877,2609,1588,1,0.008143252
Warm B,411327,2469,2468,2611,1589,0,0.01303867
Warm B,408058,2453,2452,2611,1589,1,0.020030174
Warm B,383118,2238,2237,2611,1589,1,0.0074475626
Warm B,381252,2230,2229,2611,1589,0,0.007242577
Warm B,382767,2237,2236,2611,1589,0,0.015125737
Warm B,377721,2205,2204,2611,1589,0,0.01383123
Warm B,359955,2105,2104,2611,1589,1,0.009994661
Warm B,335604,1980,1979,2611,1589,1,0.035355005
Warm B,318617,1894,1893,2611,1589,1,0.0028534513
Warm B,280753,1685,1684,2611,1589,1,0.015631838
Warm B,267509,1626,1625,2611,1589,1,0.017018117
Warm B,266801,1618,1617,2611,1589,1,0.012870268
Warm B,242663,1465,1464,2611,1589,1,0.022105664
Warm B,296345,1758,1757,2611,1589,1,0.024131216
Warm B,212806,1297,1296,2611,1589,0,0.006576188
Warm B,209730,1281,1280,2611,1589,1,-0.00020754756
Warm B,360567,2106,2105,2611,1589,1,0.016650282
Warm B,210029,1284,1283,2611,1589,1,0.01189682
Warm B,278814,1680,1679,2611,1589,0,0.020341462
Warm B,196021,1205,1204,2611,1589,1,0.0073723253
Warm B,373892,2181,2180,2611,1589,0,0.021067955
Warm B,187528,1164,1163,2611,1589,1,0.019860879
Warm B,199322,1224,1223,2611,1589,1,0.017202098
Warm B,188180,1168,1167,2611,1589,1,0.010684196
Warm B,169774,1078,1077,2611,1589,1,0.007556536
Warm B,168289,1069,1068,2611,1589,0,0.013909601
Warm B,166350,1059,1058,2611,1589,0,0.016847683
Warm B,162649,1038,1037,2611,1589,1,0.00502061
Warm B,158900,1016,1015,2611,1589,1,0.01208758
Warm B,348890,2047,2046,2611,1589,1,0.0069033573
Warm B,246219,1489,1488,2611,1589,0,0.017216282
Warm B,149209,960,959,2611,1589,1,0.015876414
Warm B,142343,919,918,2611,1589,1,0.01602763
Warm B,200005,1228,1227,2611,1589,0,0.009448874
Warm B,349231,2050,2049,2611,1589,1,0.005662204
Warm B,779043,4653,4652,2611,1589,0,0.0058445227
Warm B,107281,706,705,2611,1589,1,0.019783173
Warm B,294819,1752,1751,2611,1589,1,0.018256959
Warm B,631408,3821,3820,2611,1589,0,0.015545722
Warm B,94134,631,630,2611,1589,1,0.020262213
Warm B,151191,973,972,2611,1589,0,0.022930652
Warm B,283963,1698,1697,2611,1589,1,0.017948806
Warm B,89746,591,590,2611,1589,1,0.010688724
Warm B,432075,2634,2633,2611,1589,1,0.0096452115
Warm B,72902,493,492,2611,1589,1,0.008718834
Warm B,155255,1001,1000,2611,1589,1,0.010606529
Warm B,47423,319,318,2611,1589,0,0.019440997
Warm B,42258,287,286,2611,1589,0,0.0010120762
Warm B,697163,4169,4168,2611,1589,1,0.027546655
Warm B,234807,1425,1424,2611,1589,1,0.016613213
Warm B,459107,2826,2825,2611,1589,1,0.0075087165
Warm B,26388,187,186,2611,1589,1,0.018939275
Warm B,201410,1242,1241,2611,1589,0,0.011331452
Warm B,215431,1306,1305,2611,1589,1,0.0148413535
Warm B,967228,5831,5830,2611,1589,1,0.023024954
Warm B,5007,35,34,2611,1589,0,0.013394639
Warm B,902975,5458,5457,2611,1589,1,0.009258186
Warm B,206719,1266,1265,2611,1589,1,0.019377546
Warm B,89166,588,587,2611,1589,1,0.032196216
Warm B,500971,3079,3078,2611,1589,0,0.0063237194
Warm B,347920,2041,2040,2611,1589,0,0.021901887
Warm B,157913,1015,1014,2611,1589,0,0.024057252
Warm B,932661,5630,5629,2611,1589,1,0.0003408742
Warm B,76308,518,517,2611,1589,1,0.013317462
Warm B,933803,5636,5635,2611,1589,1,0.016477041
Warm B,823479,4950,4949,2611,1589,1,0.025508799
Warm B,750612,4478,4477,2611,1589,0,0.014706982
Warm B,638965,3842,3841,2611,1589,1,0.026467785
Warm B,105917,699,698,2611,1589,0,0.01903002
Warm B,19946,149,148,2611,1589,1,0.023416607
Warm B,803307,4809,4808,2611,1589,1,0.016636338
Warm B,156635,1010,1009,2611,1589,1,0.021746974
Warm B,195288,1203,1202,2611,1589,1,0.0345967
Warm B,183103,1141,1140,2611,1589,1,0.0031156
Warm B,111604,727,726,2611,1589,1,0.021233637
Warm B,60674,411,410,2611,1589,0,0.012882798
Warm B,457744,2820,2819,2611,1589,1,0.013786251
Warm B,136357,881,880,2611,1589,0,0.019286847
Warm B,420857,2544,2543,2611,1589,1,0.017511822
Warm B,821684,4940,4939,2611,1589,1,0.005104745
Warm B,840505,5049,5048,2611,1589,1,0.016721262
Warm B,463833,2859,2858,2611,1589,1,0.015181605
Warm B,304725,1812,1811,2611,1589,0,0.015731715
Warm B,255453,1556,1555,2611,1589,1,0.023713587
Warm B,464056,2860,2859,2611,1589,1,0.014246346
Warm B,937359,5654,5653,2611,1589,1,0.02697976
Warm B,601564,3658,3657,2612,1590,1,0.006519599
Warm B,494955,3036,3035,2612,1590,1,0.008662207
Warm B,880091,5317,5316,2612,1590,1,0.008434823
Warm B,459108,2826,2825,2612,1590,1,0.011495727
Warm B,457745,2820,2819,2612,1590,0,0.012685384
Warm B,455771,2807,2806,2612,1590,0,0.0075238524
Warm B,446769,2753,2752,2612,1590,0,0.018847352
Warm B,440442,2693,2692,2612,1590,1,0.0005266442
Warm B,428048,2602,2601,2612,1590,1,0.009091545
Warm B,425228,2581,2580,2612,1590,1,0.017273847
Warm B,420858,2544,2543,2612,1590,1,0.013572607
Warm B,416435,2507,2506,2612,1590,1,0.018126633
Warm B,411851,2476,2475,2612,1590,0,-0.006619442
Warm B,393071,2309,2308,2612,1590,1,-0.0063288277
Warm B,398439,2370,2369,2612,1590,1,-1.6042148e-05
Warm B,383458,2241,2240,2612,1590,1,0.0029050584
Warm B,383884,2243,2242,2612,1590,1,0.009084897
Warm B,364624,2124,2123,2612,1590,1,0.0025091325
Warm B,364111,2121,2120,2612,1590,1,-0.0011129676
Warm B,352917,2067,2066,2612,1590,0,0.011198756
Warm B,353973,2073,2072,2612,1590,1,0.010153507
Warm B,346592,2031,2030,2612,1590,0,0.018193007
Warm B,335605,1980,1979,2612,1590,1,0.029117035
Warm B,278815,1680,1679,2612,1590,1,0.018980507
Warm B,256638,1569,1568,2612,1590,1,0.0066990117
Warm B,228083,1383,1382,2612,1590,1,0.006319301
Warm B,208244,1273,1272,2612,1590,1,0.0044645676
Warm B,446114,2751,2750,2612,1590,1,0.012389905
Warm B,734571,4387,4386,2612,1590,1,0.0037441878
Warm B,307946,1836,1835,2612,1590,1,0.012828857
Warm B,321905,1911,1910,2612,1590,1,0.010314319
Warm B,199066,1223,1222,2612,1590,1,0.0069923354
Warm B,199323,1224,1223,2612,1590,1,0.009421579
Warm B,373893,2181,2180,2612,1590,0,0.022350218
Warm B,180978,1131,1130,2612,1590,1,0.002433381
Warm B,190577,1181,1180,2612,1590,0,0.0129753845
Warm B,327760,1941,1940,2612,1590,1,0.017726269
Warm B,157914,1015,1014,2612,1590,1,0.014111622
Warm B,338005,1988,1987,2612,1590,1,0.013602868
Warm B,323700,1920,1919,2612,1590,0,0.010307744
Warm B,185013,1150,1149,2612,1590,0,0.007410763
Warm B,137938,889,888,2612,1590,1,0.016540078
Warm B,201411,1242,1241,2612,1590,1,0.012810069
Warm B,131037,850,849,2612,1590,1,0.013022137
Warm B,198132,1218,1217,2612,1590,1,0.017806154
Warm B,316670,1884,1883,2612,1590,1,0.012047759
Warm B,98112,656,655,2612,1590,0,0.0019615502
Warm B,115664,750,749,2612,1590,1,0.0021737998
Warm B,283964,1698,1697,2612,1590,1,0.010975568
Warm B,74658,509,508,2612,1590,1,0.014987033
Warm B,66989,451,450,2612,1590,1,0.004877789
Warm B,27552,193,192,2612,1590,1,0.013044702
Warm B,148680,957,956,2612,1590,1,0.008028211
Warm B,796268,4771,4770,2612,1590,1,0.008210242
Warm B,12708,97,96,2612,1590,1,0.007851321
Warm B,739528,4418,4417,2612,1590,1,-0.0036438028
Warm B,4639,33,32,2612,1590,1,0.007335686
Warm B,129251,839,838,2612,1590,1,0.011273761
Warm B,284780,1699,1698,2612,1590,1,0.012392452
Warm B,638966,3842,3841,2612,1590,1,0.018678661
Warm B,18239,140,139,2612,1590,1,0.0055032563
Warm B,801653,4802,4801,2612,1590,1,0.010813617
Warm B,102043,678,677,2612,1590,1,0.017503962
Warm B,191783,1182,1181,2612,1590,0,0.0032226453
Warm B,171382,1088,1087,2612,1590,1,0.0023769753
Warm B,47424,319,318,2612,1590,0,0.01627698
Warm B,52129,343,342,2612,1590,1,0.0041646874
Warm B,464057,2860,2859,2612,1590,1,0.0059572496
Warm B,841423,5054,5053,2612,1590,1,0.011334507
Warm B,276099,1671,1670,2612,1590,1,0.0121178925
Warm B,833594,5011,5010,2612,1590,1,0.023144092
Warm B,832003,5001,5000,2612,1590,1,0.0042362413
Warm B,322171,1912,1911,2612,1590,0,0.025213504
Warm B,839658,5046,5045,2612,1590,1,0.014255293
Warm B,18679,146,145,2612,1590,0,0.014321649
Warm B,96562,648,647,2612,1590,1,0.0063157394
Warm B,672403,4041,4040,2615,1592,1,0.0044236565
Warm B,668316,4021,4020,2615,1592,0,-0.001133117
Warm B,671093,4033,4032,2615,1592,0,0.012645202
Warm B,743459,4446,4445,2615,1592,0,0.009019121
Warm B,665702,4007,4006,2615,1592,0,0.007981794
Warm B,655402,3947,3946,2615,1592,1,-0.0012371433
Warm B,720394,4312,4311,2615,1592,0,0.009438622
Warm B,651271,3929,3928,2615,1592,0,0.009368156
Warm B,654008,3942,3941,2615,1592,0,0.008765471
Warm B,630735,3816,3815,2615,1592,1,0.007442524
Warm B,627705,3799,3798,2615,1592,0,0.0012558168
Warm B,603368,3672,3671,2615,1592,1,0.013724105
Warm B,633035,3824,3823,2615,1592,0,-0.0033857583
Warm B,596382,3626,3625,2615,1592,1,0.011067249
Warm B,585569,3576,3575,2615,1592,0,0.020505246
Warm B,582039,3557,3556,2615,1592,0,0.003334595
Warm B,581736,3555,3554,2615,1592,0,0.0050545605
Warm B,604938,3678,3677,2615,1592,0,0.00970497
Warm B,713713,4277,4276,2615,1592,1,0.0075891814
Warm B,560129,3442,3441,2615,1592,0,0.00318017
Warm B,555681,3416,3415,2615,1592,1,0.008932385
Warm B,545622,3365,3364,2615,1592,0,0.0025275657
Warm B,536926,3311,3310,2615,1592,0,-0.0011167581
Warm B,533113,3292,3291,2615,1592,1,0.0012010793
Warm B,521025,3216,3215,2615,1592,0,0.0075070094
Warm B,687987,4116,4115,2615,1592,0,0.00029477614
Warm B,503776,3096,3095,2615,1592,1,0.004661412
Warm B,501689,3081,3080,2615,1592,0,0.003420142
Warm B,504118,3099,3098,2615,1592,0,0.0071037114
Warm B,493889,3032,3031,2615,1592,1,0.011457393
Warm B,489141,3012,3011,2615,1592,0,-0.0009828846
Warm B,486560,2995,2994,2615,1592,0,0.011826994
Warm B,475915,2921,2920,2615,1592,0,0.011216076
Warm B,591159,3607,3606,2615,1592,0,-0.0060463836
Warm B,472400,2907,2906,2615,1592,0,0.013069297
Warm B,444388,2742,2741,2615,1592,0,-0.0003136471
Warm B,444208,2740,2739,2615,1592,1,0.002235328
Warm B,436229,2665,2664,2615,1592,1,0.010539923
Warm B,418518,2529,2528,2615,1592,1,0.003027265
Warm B,416437,2507,2506,2615,1592,0,0.008824979
Warm B,409522,2457,2456,2615,1592,0,0.009509449
Warm B,402209,2402,2401,2615,1592,0,0.0072953207
Warm B,393330,2312,2311,2615,1592,1,-0.003299079
Warm B,383608,2242,2241,2615,1592,1,0.010614825
Warm B,373354,2180,2179,2615,1592,0,0.011126014
Warm B,370655,2167,2166,2615,1592,0,0.0024998635
Warm B,356286,2088,2087,2615,1592,0,0.006523705
Warm B,349794,2054,2053,2615,1592,0,0.014968574
Warm B,373895,2181,2180,2615,1592,0,0.013492806
Warm B,348386,2042,2041,2615,1592,0,0.010442342
Warm B,339837,2004,2003,2615,1592,0,0.0055779614
Warm B,341458,2012,2011,2615,1592,0,0.009846405
Warm B,337645,1985,1984,2615,1592,0,0.004080675
Warm B,333289,1968,1967,2615,1592,0,0.003432602
Warm B,323702,1920,1919,2615,1592,0,0.007926533
Warm B,311535,1856,1855,2615,1592,1,0.0129834525
Warm B,293112,1746,1745,2615,1592,0,0.0015401825
Warm B,290888,1736,1735,2615,1592,0,0.002310533
Warm B,292177,1741,1740,2615,1592,0,0.013695346
Warm B,360571,2106,2105,2615,1592,0,0.0047935243
Warm B,276825,1675,1674,2615,1592,0,0.0033970224
Warm B,245456,1483,1482,2615,1592,1,0.015398147
Warm B,247563,1496,1495,2615,1592,0,0.0027616331
Warm B,227006,1377,1376,2615,1592,0,-0.0031578369
Warm B,226016,1369,1368,2615,1592,1,0.0048393738
Warm B,335609,1980,1979,2615,1592,0,0.00379011
Warm B,267139,1624,1623,2615,1592,0,0.006807063
Warm B,223381,1354,1353,2615,1592,0,0.0015908794
Warm B,219749,1333,1332,2615,1592,0,-0.001556206
Warm B,224062,1356,1355,2615,1592,1,0.0055152643
Warm B,261633,1599,1598,2615,1592,0,0.007104932
Warm B,243758,1470,1469,2615,1592,0,0.004802988
Warm B,327765,1941,1940,2615,1592,0,0.004900847
Warm B,304728,1812,1811,2615,1592,1,0.004012694
Warm B,307273,1835,1834,2615,1592,0,0.0038424945
Warm B,181557,1135,1134,2615,1592,1,0.0018432302
Warm B,180194,1128,1127,2615,1592,0,0.007896258
Warm B,176368,1115,1114,2615,1592,0,0.004129853
Warm B,248699,1501,1500,2615,1592,1,0.012950092
Warm B,155764,1004,1003,2615,1592,0,-0.0022370964
Warm B,152674,983,982,2615,1592,0,0.0060011763
Warm B,164352,1051,1050,2615,1592,0,0.0037552146
Warm B,151516,975,974,2615,1592,0,-0.00065773353
Warm B,190582,1181,1180,2615,1592,0,0.020946417
Warm B,225204,1362,1361,2615,1592,0,-0.0029287476
Warm B,141404,911,910,2615,1592,0,0.0067076795
Warm B,135485,877,876,2615,1592,0,0.009004019
Warm B,331396,1958,1957,2615,1592,0,0.0011811622
Warm B,123825,798,797,2615,1592,0,0.003014143
Warm B,122142,788,787,2615,1592,1,0.00931634
Warm B,118273,765,764,2615,1592,0,-0.006801505
Warm B,117397,757,756,2615,1592,0,0.0019343811
Warm B,233959,1422,1421,2615,1592,0,0.021633439
Warm B,94695,636,635,2615,1592,1,0.0018256688
Warm B,90901,602,601,2615,1592,1,-0.0063001798
Warm B,228085,1383,1382,2615,1592,0,0.007824156
Warm B,86037,563,562,2615,1592,0,0.009737172
Warm B,82864,549,548,2615,1592,0,0.0063233897
Warm B,70686,476,475,2615,1592,1,0.0029134166
Warm B,66487,445,444,2615,1592,0,0.009804453
Warm B,239800,1449,1448,2615,1592,0,0.0038860652
Warm B,53678,352,351,2615,1592,0,0.0058317324
Warm B,47013,316,315,2615,1592,0,0.02126538
Warm B,40359,272,271,2615,1592,0,0.008706306
Warm B,626583,3792,3791,2615,1592,1,-0.00030605937
Warm B,69019,462,461,2615,1592,1,0.008642236
Warm B,25335,179,178,2615,1592,0,-0.00032987422
Warm B,25231,178,177,2615,1592,1,0.0032817782
Warm B,14468,117,116,2615,1592,1,0.0031493534
Warm B,119074,770,769,2615,1592,1,0.012289686
Warm B,8462,58,57,2615,1592,0,0.015769133
Warm B,49365,329,328,2615,1592,0,0.0023136674
Warm B,481679,2962,2961,2615,1592,0,0.0055504628
Warm B,19363,148,147,2615,1592,0,0.005007685
Warm B,237707,1447,1446,2615,1592,0,-4.5473687e-05
Warm B,298985,1776,1775,2615,1592,0,0.0045447447
Warm B,840852,5053,5052,2615,1592,0,0.01615234
Warm B,102047,678,677,2615,1592,0,0.015121963
Warm B,801654,4802,4801,2615,1592,1,0.006549383
Warm B,454521,2796,2795,2615,1592,0,0.00023851736
Warm B,28097,195,194,2615,1592,0,0.0015190593
Warm B,959004,5787,5786,2615,1592,0,0.010552761
Warm B,322175,1912,1911,2615,1592,0,0.0030813627
Warm B,893250,5394,5393,2615,1592,0,0.011139991
Warm B,206270,1265,1264,2615,1592,0,-0.0033556914
Warm B,136361,881,880,2615,1592,0,0.0017828865
Warm B,794140,4748,4747,2615,1592,0,0.0031156666
Warm B,351526,2063,2062,2615,1592,0,0.004262639
Warm B,549871,3391,3390,2615,1592,1,0.00435104
Warm B,19964,149,148,2621,1595,1,0.0129056685
Warm B,386001,2258,2257,2621,1595,1,0.00292304
Warm B,907786,5492,5491,2621,1595,0,0.0059867436
Warm B,796273,4771,4770,2621,1595,1,-0.0014394955
Warm B,187537,1164,1163,2621,1595,0,0.0018186138
Warm B,290043,1733,1732,2621,1595,1,0.014047602
Warm B,509765,3140,3139,2621,1595,0,0.01337017
Warm B,215439,1306,1305,2621,1595,1,0.007854827
Warm B,115991,752,751,2621,1595,0,0.0083101075
Warm B,190614,1181,1180,2624,1597,0,0.012774437
Warm B,206730,1266,1265,2624,1597,0,0.018045722
Warm B,184302,1147,1146,2624,1597,1,-0.0041150497
Warm B,212422,1294,1293,2624,1597,1,-0.0008407731
Warm B,199335,1224,1223,2624,1597,0,0.0057276716
Warm B,174539,1104,1103,2624,1597,1,0.0037442103
Warm B,168306,1069,1068,2624,1597,1,0.0060768435
Warm B,170005,1080,1079,2624,1597,1,0.010275897
Warm B,163078,1041,1040,2624,1597,1,-0.000736263
Warm B,153856,989,988,2624,1597,1,0.00035098684
Warm B,631426,3821,3820,2624,1597,1,-0.0032015536
Warm B,151369,974,973,2624,1597,1,0.0008648734
Warm B,150021,966,965,2624,1597,0,0.004325336
Warm B,137963,889,888,2624,1597,0,0.009447724
Warm B,200012,1228,1227,2624,1597,1,0.005407189
Warm B,131794,854,853,2624,1597,1,0.0021673476
Warm B,115707,751,750,2624,1597,1,0.0033860574
Warm B,112343,731,730,2624,1597,1,0.0051170057
Warm B,100441,670,669,2624,1597,1,-0.0060538845
Warm B,92415,618,617,2624,1597,1,-0.0032205647
Warm B,286395,1710,1709,2624,1597,1,-0.002041602
Warm B,93559,626,625,2624,1597,1,2.861023e-05
Warm B,73893,501,500,2624,1597,0,-0.00010762375
Warm B,64170,429,428,2624,1597,1,0.010465836
Warm B,155263,1001,1000,2624,1597,1,0.017052472
Warm B,417599,2520,2519,2624,1597,1,0.008069315
Warm B,239828,1449,1448,2624,1597,0,0.011184104
Warm B,314332,1877,1876,2624,1597,1,-0.0035566236
Warm B,534958,3301,3300,2624,1597,1,0.009015975
Warm B,187539,1164,1163,2624,1597,0,0.006555137
Warm B,300248,1780,1779,2624,1597,1,0.0052372515
Warm B,989267,5972,5971,2624,1597,1,-0.004784512
Warm B,157940,1015,1014,2624,1597,1,0.007071199
Warm B,748039,4465,4464,2624,1597,0,0.0014947307
Warm B,50120,331,330,2624,1597,1,0.001862241
Warm B,657442,3963,3962,2624,1597,0,0.011026869
Warm B,319216,1897,1896,2624,1597,0,0.013908735
Warm B,290045,1733,1732,2624,1597,1,0.005534942
Warm B,28115,195,194,2624,1597,1,0.013774289
Warm B,893254,5394,5393,2624,1597,0,0.014683299
Warm B,175973,1113,1112,2624,1597,1,0.0004220123
Warm B,849248,5100,5099,2624,1597,1,0.0064662835
Warm B,65236,438,437,2625,1598,1,0.011097839
Warm B,28117,195,194,2625,1598,1,0.0116881495
Warm B,302051,1794,1793,2625,1598,0,0.0027389496
Warm B,933812,5636,5635,2625,1598,0,0.009780229
Warm B,272747,1647,1646,2625,1598,0,0.008637816
Warm B,304746,1812,1811,2625,1598,0,0.0023332739
Warm B,495979,3046,3045,2629,1600,0,0.009076616
Warm B,491994,3026,3025,2629,1600,0,0.012225244
Warm B,491461,3023,3022,2629,1600,0,0.005210995
Warm B,480941,2953,2952,2629,1600,0,0.0021005766
Warm B,477948,2934,2933,2629,1600,0,0.007438981
Warm B,486942,2996,2995,2629,1600,0,0.006481317
Warm B,465589,2872,2871,2629,1600,1,0.004992079
Warm B,462151,2851,2850,2629,1600,0,-0.0019793967
Warm B,444567,2743,2742,2629,1600,0,0.022968836
Warm B,438786,2681,2680,2629,1600,0,9.994977e-05
Warm B,432422,2637,2636,2629,1600,0,0.008943298
Warm B,430313,2623,2622,2629,1600,1,0.0021565594
Warm B,380183,2223,2222,2629,1600,0,0.012129052
Warm B,376698,2199,2198,2629,1600,0,0.015597912
Warm B,365685,2129,2128,2629,1600,0,0.009593016
Warm B,350536,2058,2057,2629,1600,0,0.0005111196
Warm B,361482,2109,2108,2629,1600,0,0.0051165307
Warm B,347299,2038,2037,2629,1600,0,0.00356792
Warm B,313409,1870,1869,2629,1600,0,-0.0014817086
Warm B,311244,1854,1853,2629,1600,0,0.0066492124
Warm B,298427,1769,1768,2629,1600,0,0.0022456935
Warm B,278154,1677,1676,2629,1600,1,0.0019353395
Warm B,281197,1687,1686,2629,1600,0,-0.011347833
Warm B,281777,1690,1689,2629,1600,0,-0.0015146008
Warm B,269489,1634,1633,2629,1600,0,0.00049027405
Warm B,264335,1608,1607,2629,1600,0,0.008383032
Warm B,245994,1486,1485,2629,1600,0,0.0042806785
Warm B,228101,1383,1382,2629,1600,0,0.004800421
Warm B,223400,1354,1353,2629,1600,0,0.012805132
Warm B,222343,1345,1344,2629,1600,0,0.0037861746
Warm B,360590,2106,2105,2629,1600,0,0.005498575
Warm B,304749,1812,1811,2629,1600,1,0.008100187
Warm B,192315,1184,1183,2629,1600,0,0.010617375
Warm B,189288,1173,1172,2629,1600,0,0.013194518
Warm B,174824,1107,1106,2629,1600,0,-0.00045131193
Warm B,178587,1121,1120,2629,1600,1,0.009928493
Warm B,173555,1100,1099,2629,1600,0,0.008349145
Warm B,331422,1958,1957,2629,1600,0,0.0074184486
Warm B,175397,1112,1111,2629,1600,0,0.013290028
Warm B,167739,1068,1067,2629,1600,0,0.010242396
Warm B,270394,1636,1635,2629,1600,0,0.013291162
Warm B,146549,945,944,2629,1600,1,0.0010578705
Warm B,144812,934,933,2629,1600,0,0.0061592734
Warm B,139818,896,895,2629,1600,1,0.005924613
Warm B,137972,889,888,2629,1600,0,0.005668576
Warm B,131797,854,853,2629,1600,0,-0.0025124475
Warm B,263116,1605,1604,2629,1600,0,0.004623159
Warm B,123688,797,796,2629,1600,1,-0.00039873784
Warm B,120124,776,775,2629,1600,1,0.0019223166
Warm B,117815,759,758,2629,1600,0,0.010626279
Warm B,349235,2050,2049,2629,1600,0,0.005104349
Warm B,779050,4653,4652,2629,1600,0,0.009921951
Warm B,179485,1125,1124,2629,1600,0,-0.0024780126
Warm B,98237,657,656,2629,1600,0,-0.0011837002
Warm B,91154,604,603,2629,1600,0,0.01025671
Warm B,90105,594,593,2629,1600,0,0.0014037759
Warm B,82213,546,545,2629,1600,0,0.000144789
Warm B,238723,1448,1447,2629,1600,0,0.008203737
Warm B,71875,482,481,2629,1600,0,0.0045371377
Warm B,64173,429,428,2629,1600,0,0.0053356653
Warm B,61274,412,411,2629,1600,1,0.0018045681
Warm B,155269,1001,1000,2629,1600,0,0.014427626
Warm B,46445,310,309,2629,1600,1,0.0037792341
Warm B,45190,305,304,2629,1600,0,-0.010614421
Warm B,29459,201,200,2629,1600,1,0.008321518
Warm B,306182,1824,1823,2629,1600,0,0.012000206
Warm B,23097,166,165,2629,1600,0,-0.00035891635
Warm B,15579,123,122,2629,1600,0,0.0071722143
Warm B,11180,83,82,2629,1600,1,0.005228387
Warm B,6157,45,44,2629,1600,0,0.008242764
Warm B,1696,16,15,2629,1600,0,0.0060332073
Warm B,545253,3363,3362,2629,1600,1,0.008148091
Warm B,79221,531,530,2629,1600,0,0.0015621961
Warm B,117009,754,753,2629,1600,0,0.006811964
Warm B,56333,376,375,2629,1600,0,0.013757938
Warm B,477442,2931,2930,2629,1600,0,0.0053764367
Warm B,181909,1137,1136,2629,1600,0,0.015215923
Warm B,285203,1701,1700,2629,1600,0,0.011617999
Warm B,891843,5387,5386,2629,1600,0,0.011471985
Warm B,216886,1317,1316,2629,1600,1,0.004257153
Warm B,195310,1203,1202,2629,1600,0,0.0075340313
Warm B,434903,2655,2654,2629,1600,0,0.0074163657
Warm B,295578,1755,1754,2629,1600,0,0.0065721315
Warm B,877505,5302,5301,2629,1600,0,-0.0029279543
Warm B,609849,3696,3695,2633,1601,0,0.007354022
Warm B,603377,3672,3671,2633,1601,1,0.003986446
Warm B,621106,3762,3761,2633,1601,1,0.00835784
Warm B,725824,4344,4343,2633,1601,0,0.008677517
Warm B,592825,3614,3613,2633,1601,1,0.011038549
Warm B,592355,3611,3610,2633,1601,1,0.007305827
Warm B,587198,3586,3585,2633,1601,1,-0.002283222
Warm B,697195,4169,4168,2633,1601,0,0.014309051
Warm B,585586,3576,3575,2633,1601,0,0.0073064337
Warm B,718843,4305,4304,2633,1601,0,0.008695837
Warm B,584618,3569,3568,2633,1601,0,0.004363153
Warm B,569061,3491,3490,2633,1601,0,0.005238069
Warm B,563649,3469,3468,2633,1601,1,0.0054092957
Warm B,544344,3356,3355,2633,1601,1,0.00075893407
Warm B,533132,3292,3291,2633,1601,1,0.004097089
Warm B,529539,3272,3271,2633,1601,1,0.005398522
Warm B,526689,3259,3258,2633,1601,1,0.0025407446
Warm B,566089,3476,3475,2633,1601,0,0.00722441
Warm B,509768,3140,3139,2633,1601,1,0.00036922703
Warm B,503604,3095,3094,2633,1601,1,0.008398796
Warm B,493924,3032,3031,2633,1601,1,0.0070064827
Warm B,738394,4411,4410,2633,1601,1,0.0018838897
Warm B,481100,2955,2954,2633,1601,0,0.0053841276
Warm B,477952,2934,2933,2633,1601,1,0.013204297
Warm B,472428,2907,2906,2633,1601,0,0.0067700394
Warm B,901554,5450,5449,2633,1601,0,-0.0056858137
Warm B,754870,4497,4496,2633,1601,1,0.003314235
Warm B,459444,2830,2829,2633,1601,0,0.002655964
Warm B,553816,3410,3409,2633,1601,0,-0.007628939
Warm B,445103,2745,2744,2633,1601,0,0.0023687547
Warm B,430694,2625,2624,2633,1601,1,0.01556688
Warm B,408877,2455,2454,2633,1601,0,-0.004191041
Warm B,414486,2496,2495,2633,1601,1,0.004991413
Warm B,397169,2352,2351,2633,1601,0,0.0019002138
Warm B,393077,2309,2308,2633,1601,0,-0.0020753858
Warm B,373913,2181,2180,2633,1601,1,0.005263718
Warm B,368617,2155,2154,2633,1601,1,0.009349081
Warm B,366419,2133,2132,2633,1601,0,0.0033746678
Warm B,361491,2109,2108,2633,1601,1,-0.0032549533
Warm B,356662,2089,2088,2633,1601,1,0.0044434126
Warm B,353676,2072,2071,2633,1601,1,0.008173056
Warm B,350098,2055,2054,2633,1601,1,0.00881825
Warm B,343561,2018,2017,2633,1601,1,0.004014948
Warm B,296963,1760,1759,2633,1601,1,0.004227644
Warm B,292195,1741,1740,2633,1601,1,0.0106218755
Warm B,278868,1680,1679,2633,1601,0,0.0060891532
Warm B,251376,1518,1517,2633,1601,1,0.0061415904
Warm B,227444,1378,1377,2633,1601,1,0.006457313
Warm B,242683,1465,1464,2633,1601,1,0.008519562
Warm B,224444,1357,1356,2633,1601,1,0.0041990154
Warm B,436251,2665,2664,2633,1601,0,0.016983135
Warm B,322195,1912,1911,2633,1601,0,0.00885962
Warm B,327802,1941,1940,2633,1601,1,-0.0009396998
Warm B,307301,1835,1834,2633,1601,1,0.009559403
Warm B,236327,1434,1433,2633,1601,1,-0.0011210474
Warm B,168839,1071,1070,2633,1601,1,-0.00041412748
Warm B,159147,1017,1016,2633,1601,1,-0.0008257843
Warm B,154525,997,996,2633,1601,0,0.0068034967
Warm B,150261,968,967,2633,1601,0,0.0057036593
Warm B,137988,889,888,2633,1601,0,0.0071579623
Warm B,133853,868,867,2633,1601,0,0.0024364772
Warm B,128679,834,833,2633,1601,0,0.0030475277
Warm B,103793,690,689,2633,1601,1,0.011099262
Warm B,92706,621,620,2633,1601,0,0.006419157
Warm B,207498,1268,1267,2633,1601,1,0.0035068314
Warm B,202984,1246,1245,2633,1601,1,-0.0026723896
Warm B,82902,549,548,2633,1601,1,0.012270427
Warm B,80080,533,532,2633,1601,1,0.0049863025
Warm B,74678,509,508,2633,1601,0,0.0011971663
Warm B,66278,443,442,2633,1601,1,0.015993545
Warm B,71879,482,481,2633,1601,0,0.01693599
Warm B,210724,1285,1284,2633,1601,1,0.019998934
Warm B,47949,321,320,2633,1601,0,0.008458565
Warm B,48530,326,325,2633,1601,0,0.010339873
Warm B,45192,305,304,2633,1601,1,0.008472593
Warm B,41181,278,277,2633,1601,1,0.0075544138
Warm B,35558,240,239,2633,1601,0,0.008450172
Warm B,36457,245,244,2633,1601,1,0.0034558338
Warm B,32050,216,215,2633,1601,0,-0.0068792226
Warm B,29821,202,201,2633,1601,0,0.007882551
Warm B,29190,199,198,2633,1601,0,0.0016897812
Warm B,14488,117,116,2633,1601,1,-0.0013979429
Warm B,591828,3610,3609,2633,1601,0,0.007871303
Warm B,4826,35,34,2633,1601,0,0.0097613465
Warm B,4293,33,32,2633,1601,1,0.0061117886
Warm B,2267,19,18,2633,1601,0,0.002943281
Warm B,237732,1447,1446,2633,1601,1,0.013501459
Warm B,174048,1101,1100,2633,1601,1,0.001726734
Warm B,362832,2116,2115,2633,1601,1,0.010670716
Warm B,713736,4277,4276,2633,1601,0,0.013511624
Warm B,159923,1019,1018,2633,1601,0,0.00876086
Warm B,454529,2796,2795,2633,1601,0,0.0027739953
Warm B,959010,5787,5786,2633,1601,1,0.010561517
Warm B,171413,1088,1087,2633,1601,0,0.014668767
Warm B,473379,2909,2908,2633,1601,1,0.010171813
Warm B,415703,2504,2503,2633,1601,0,0.006922037
Warm B,136386,881,880,2633,1601,0,0.0047830595
Warm B,62714,424,423,2633,1601,1,0.0027875595
Warm B,699914,4186,4185,2633,1601,0,0.010155238
Warm B,821688,4940,4939,2633,1601,0,-0.008394706
Warm B,298997,1776,1775,2633,1601,0,0.013229679
Warm B,208667,1274,1273,2633,1601,1,0.0015165503
Warm B,364650,2124,2123,2634,1602,0,-0.002990953
Warm B,349701,2053,2052,2634,1602,1,0.005070761
Warm B,322196,1912,1911,2634,1602,0,0.0068511954
Warm B,288212,1722,1721,2634,1602,1,0.008432919
Warm B,278871,1680,1679,2634,1602,0,0.0038304518
Warm B,273688,1650,1649,2634,1602,0,0.0030576237
Warm B,436253,2665,2664,2634,1602,0,0.0050274483
Warm B,242684,1465,1464,2634,1602,1,0.00252941
Warm B,224445,1357,1356,2634,1602,0,0.005692742
Warm B,182706,1140,1139,2634,1602,0,0.0076677715
Warm B,236329,1434,1433,2634,1602,1,-0.0010159174
Warm B,159148,1017,1016,2634,1602,1,-0.0012329961
Warm B,131060,850,849,2634,1602,1,0.005165687
Warm B,315052,1880,1879,2634,1602,1,-0.00017228059
Warm B,95369,639,638,2634,1602,0,0.00471533
Warm B,210726,1285,1284,2634,1602,1,0.0034240095
Warm B,130469,846,845,2634,1602,1,0.005354143
Warm B,43232,296,295,2634,1602,1,0.006859467
Warm B,41792,284,283,2634,1602,1,-0.0008956209
Warm B,41182,278,277,2634,1602,0,0.006977762
Warm B,36460,245,244,2634,1602,0,0.0003061634
Warm B,32052,216,215,2634,1602,0,0.005635954
Warm B,29824,202,201,2634,1602,0,0.004526791
Warm B,14490,117,116,2634,1602,1,-0.0004536286
Warm B,591829,3610,3609,2634,1602,0,0.0057500573
Warm B,552185,3401,3400,2634,1602,0,-0.0017946981
Warm B,48532,326,325,2634,1602,1,0.0028141085
Warm B,362834,2116,2115,2634,1602,0,0.008335183
Warm B,327805,1941,1940,2634,1602,0,0.007873434
Warm B,473381,2909,2908,2634,1602,1,-0.005246211
Warm B,479728,2944,2943,2634,1602,0,0.0004132234
Warm B,489523,3013,3012,2634,1602,0,-0.00047125388
Warm B,825731,4958,4957,2634,1602,0,-0.0058454056
Warm B,610572,3704,3703,2639,1603,1,0.004823745
Warm B,553819,3410,3409,2639,1603,1,0.010844645
Warm B,645162,3885,3884,2639,1603,1,0.009655148
Warm B,549914,3391,3390,2639,1603,1,0.005770398
Warm B,542087,3336,3335,2639,1603,0,0.0015995221
Warm B,533137,3292,3291,2639,1603,0,0.001159427
Warm B,522355,3224,3223,2639,1603,1,0.01323908
Warm B,517605,3195,3194,2639,1603,0,0.0014306167
Warm B,514815,3180,3179,2639,1603,0,-0.0046140156
Warm B,512693,3163,3162,2639,1603,1,0.00030739565
Warm B,605669,3681,3680,2639,1603,1,0.008477876
Warm B,508522,3129,3128,2639,1603,0,0.006043997
Warm B,584622,3569,3568,2639,1603,0,-0.0017952801
Warm B,502071,3082,3081,2639,1603,0,0.008936869
Warm B,575203,3519,3518,2639,1603,0,-0.0003361958
Warm B,499252,3067,3066,2639,1603,0,-0.006722912
Warm B,659093,3971,3970,2639,1603,1,-0.0072706994
Warm B,493936,3032,3031,2639,1603,1,0.008955213
Warm B,477957,2934,2933,2639,1603,0,0.002444285
Warm B,697201,4169,4168,2639,1603,1,0.002058038
Warm B,880100,5317,5316,2639,1603,0,0.002121943
Warm B,457773,2820,2819,2639,1603,0,0.003430253
Warm B,416463,2507,2506,2639,1603,1,0.007845436
Warm B,411805,2475,2474,2639,1603,1,0.0025489936
Warm B,464080,2860,2859,2639,1603,1,-0.0063891425
Warm B,403301,2409,2408,2639,1603,0,0.005553126
Warm B,402973,2406,2405,2639,1603,1,-0.0020094425
Warm B,402225,2402,2401,2639,1603,0,0.0047074985
Warm B,382787,2237,2236,2639,1603,0,4.9103517e-05
Warm B,369825,2164,2163,2639,1603,0,0.013348567
Warm B,345773,2029,2028,2639,1603,1,0.00030052173
Warm B,353992,2073,2072,2639,1603,0,0.007015929
Warm B,343563,2018,2017,2639,1603,0,0.005946785
Warm B,298302,1768,1767,2639,1603,0,-0.0012618848
Warm B,280440,1683,1682,2639,1603,1,-0.0013595629
Warm B,268893,1632,1631,2639,1603,0,-0.0026527732
Warm B,259368,1587,1586,2639,1603,0,-0.0039225314
Warm B,325289,1926,1925,2639,1603,1,0.0005336068
Warm B,203987,1255,1254,2639,1603,1,-0.0054390114
Warm B,213352,1298,1297,2639,1603,1,-0.0012131201
Warm B,294212,1749,1748,2639,1603,0,0.0064864075
Warm B,278879,1680,1679,2639,1603,1,0.00084523094
Warm B,379879,2222,2221,2639,1603,0,-0.0034794498
Warm B,327816,1941,1940,2639,1603,0,0.009201111
Warm B,160843,1022,1021,2639,1603,0,0.006672825
Warm B,164386,1051,1050,2639,1603,0,0.0050612474
Warm B,323722,1920,1919,2639,1603,0,0.007724633
Warm B,167747,1068,1067,2639,1603,0,0.0045939367
Warm B,142354,919,918,2639,1603,0,-0.0013821949
Warm B,136080,880,879,2639,1603,1,0.002682269
Warm B,159926,1019,1018,2639,1603,0,0.00630934
Warm B,123837,798,797,2639,1603,1,-0.0050567463
Warm B,120865,779,778,2639,1603,0,-0.000820135
Warm B,210731,1285,1284,2639,1603,0,0.005512519
Warm B,116015,752,751,2639,1603,0,0.008120309
Warm B,111845,728,727,2639,1603,1,0.006317805
Warm B,239842,1449,1448,2639,1603,0,0.005796142
Warm B,106699,702,701,2639,1603,0,-0.0050267642
Warm B,201437,1242,1241,2639,1603,1,0.00022330554
Warm B,98402,659,658,2639,1603,0,-0.0044709677
Warm B,95810,642,641,2639,1603,0,-0.0039366093
Warm B,304757,1812,1811,2639,1603,1,-0.0036939103
Warm B,90593,601,600,2639,1603,1,-0.0016999763
Warm B,228109,1383,1382,2639,1603,1,0.005080067
Warm B,82910,549,548,2639,1603,0,0.0046040462
Warm B,71885,482,481,2639,1603,0,0.004600754
Warm B,132346,855,854,2639,1603,0,0.013816453
Warm B,42095,285,284,2639,1603,1,0.0028828073
Warm B,25339,179,178,2639,1603,0,0.0027463832
Warm B,238732,1448,1447,2639,1603,1,0.0041180523
Warm B,35831,242,241,2639,1603,0,0.0014448327
Warm B,7710,53,52,2639,1603,1,0.0004902064
Warm B,1209,11,10,2639,1603,0,-0.009888917
Warm B,18703,146,145,2639,1603,0,-0.0007050035
Warm B,432602,2638,2637,2639,1603,0,0.008244003
Warm B,212022,1291,1290,2639,1603,0,-0.003088011
Warm B,745288,4448,4447,2639,1603,1,0.012661144
Warm B,24351,173,172,2639,1603,0,0.004663108
Warm B,556519,3420,3419,2639,1603,1,-1.3655517e-06
Warm B,964410,5812,5811,2639,1603,1,0.009698447
Warm B,47471,319,318,2639,1603,0,0.0018626547
Warm B,19981,149,148,2639,1603,1,0.011943293
Warm B,349239,2050,2049,2639,1603,1,-0.0033871804
Warm B,621982,3768,3767,2639,1603,1,0.002587934
Warm B,206742,1266,1265,2639,1603,0,0.00018009124
Warm B,195320,1203,1202,2639,1603,1,9.192247e-05
Warm B,261151,1597,1596,2639,1603,0,0.008002111
Warm B,267152,1624,1623,2639,1603,0,0.001882074
Warm B,132815,856,855,2639,1603,0,-0.009391048
Warm B,534962,3301,3300,2639,1603,1,0.0023092336
Warm B,129905,840,839,2639,1603,0,0.0038914748
Warm B,960402,5792,5791,2639,1603,1,0.0023627093
Warm B,145746,937,936,2639,1603,0,-0.0012231495
Warm B,713739,4277,4276,2639,1603,1,-0.0042781
Warm B,841437,5054,5053,2639,1603,1,0.0054684086
Warm B,628559,3807,3806,2639,1603,0,0.011579322
Warm B,916874,5539,5538,2639,1603,1,-0.0007414827
Warm B,276114,1671,1670,2639,1603,1,0.0061656283
Warm B,821689,4940,4939,2639,1603,0,-0.0058053415
Warm B,102080,678,677,2639,1603,1,0.0029458858
Warm B,193535,1194,1193,2639,1603,0,-0.008395901
Warm B,562476,3462,3461,2639,1603,0,0.005092174
Warm B,974582,5878,5877,2639,1603,0,0.007550091
Warm B,472445,2907,2906,2645,1609,0,0.0032560122
Warm B,430702,2625,2624,2645,1609,0,0.004036593
Warm B,602421,3665,3664,2645,1609,1,0.0013131883
Warm B,418550,2529,2528,2645,1609,1,0.011134607
Warm B,425635,2583,2582,2645,1609,1,0.007895418
Warm B,414495,2496,2495,2645,1609,0,0.0071131373
Warm B,397173,2352,2351,2645,1609,0,-0.0061076847
Warm B,380195,2223,2222,2645,1609,0,-0.0028120698
Warm B,371599,2172,2171,2645,1609,0,0.014051154
Warm B,373931,2181,2180,2645,1609,0,0.013073618
Warm B,317297,1887,1886,2645,1609,0,0.010467289
Warm B,288218,1722,1721,2645,1609,1,0.004587597
Warm B,278900,1680,1679,2645,1609,0,0.019755555
Warm B,276853,1675,1674,2645,1609,1,-0.0034032178
Warm B,307032,1834,1833,2645,1609,1,0.0012243264
Warm B,250782,1513,1512,2645,1609,1,0.009546977
Warm B,224451,1357,1356,2645,1609,1,0.006194298
Warm B,224086,1356,1355,2645,1609,0,0.01232077
Warm B,436270,2665,2664,2645,1609,0,0.006791811
Warm B,327833,1941,1940,2645,1609,0,0.01612968
Warm B,192972,1191,1190,2645,1609,0,0.0027841523
Warm B,159156,1017,1016,2645,1609,1,0.015616667
Warm B,146876,948,947,2645,1609,1,0.0059722345
Warm B,134120,869,868,2645,1609,0,0.0054739043
Warm B,210749,1285,1284,2645,1609,1,0.0036287976
Warm B,130478,846,845,2645,1609,1,0.001834593
Warm B,86942,567,566,2645,1609,1,0.013226595
Warm B,83994,550,549,2645,1609,0,0.019312192
Warm B,57612,390,389,2645,1609,1,0.004193502
Warm B,43237,296,295,2645,1609,0,0.005897632
Warm B,41192,278,277,2645,1609,1,0.0011674422
Warm B,36484,245,244,2645,1609,0,0.017148133
Warm B,29858,202,201,2645,1609,1,0.0026425368
Warm B,17506,136,135,2645,1609,1,-0.0008128565
Warm B,18717,146,145,2645,1609,0,0.0074417167
Warm B,14514,117,116,2645,1609,1,0.016479656
Warm B,591842,3610,3609,2645,1609,0,0.0037165761
Warm B,62737,424,423,2645,1609,1,0.01597871
Warm B,549927,3391,3390,2645,1609,0,-0.0005305121
Warm B,24365,173,172,2645,1609,1,0.009339223
Warm B,161294,1029,1028,2645,1609,0,0.0075754113
Warm B,891850,5387,5386,2645,1609,1,0.009714108
Warm B,2313,19,18,2649,1611,0,0.0031552373
Warm B,490645,3018,3017,2649,1611,1,-0.0021398845
Warm B,237752,1447,1446,2649,1611,1,0.01193255
Warm B,713751,4277,4276,2649,1611,1,0.012892237
Warm B,226033,1369,1368,2649,1611,1,0.009055041
Warm B,361508,2109,2108,2651,1612,1,0.0073922034
Warm B,339387,1999,1998,2651,1612,0,-0.00027177366
Warm B,318327,1891,1890,2651,1612,0,0.00079327915
Warm B,288224,1722,1721,2651,1612,1,-0.0077465875
Warm B,315888,1882,1881,2651,1612,1,0.010457584
Warm B,242696,1465,1464,2651,1612,1,0.002030923
Warm B,224456,1357,1356,2651,1612,1,8.396339e-06
Warm B,436280,2665,2664,2651,1612,0,0.0031571137
Warm B,203415,1247,1246,2651,1612,1,0.011322028
Warm B,326538,1935,1934,2651,1612,0,-0.004959159
Warm B,170012,1080,1079,2651,1612,1,0.0024609491
Warm B,159164,1017,1016,2651,1612,1,-0.002954848
Warm B,130479,846,845,2651,1612,1,0.0074913814
Warm B,228129,1383,1382,2651,1612,0,0.004782738
Warm B,41199,278,277,2651,1612,1,0.009515338
Warm B,36509,245,244,2651,1612,0,0.0088985795
Warm B,29881,202,201,2651,1612,0,0.0032508913
Warm B,481713,2962,2961,2651,1612,0,0.0030193685
Warm B,591849,3610,3609,2651,1612,0,0.014171061
Warm B,490649,3018,3017,2651,1612,1,-0.0076038395
Warm B,62747,424,423,2651,1612,0,0.009232282
Warm B,327846,1941,1940,2651,1612,0,0.008735154
Warm B,603382,3672,3671,2654,1613,1,0.0033641562
Warm B,608810,3692,3691,2654,1613,1,-0.0018948908
Warm B,621127,3762,3761,2654,1613,1,0.008587778
Warm B,593005,3615,3614,2654,1613,0,-0.0036831065
Warm B,585598,3576,3575,2654,1613,0,0.0042695394
Warm B,580206,3543,3542,2654,1613,0,0.003684019
Warm B,577732,3528,3527,2654,1613,0,-0.00500857
Warm B,576114,3521,3520,2654,1613,1,0.002847936
Warm B,566119,3476,3475,2654,1613,0,0.0053239265
Warm B,697220,4169,4168,2654,1613,0,0.007631584
Warm B,657066,3961,3960,2654,1613,1,-0.0078040664
Warm B,713754,4277,4276,2654,1613,1,0.0031141578
Warm B,544349,3356,3355,2654,1613,1,0.008264233
Warm B,519785,3207,3206,2654,1613,1,-0.0062047974
Warm B,584632,3569,3568,2654,1613,0,0.010061633
Warm B,493961,3032,3031,2654,1613,1,-0.0013939932
Warm B,710275,4260,4259,2654,1613,0,-0.008627198
Warm B,463156,2857,2856,2654,1613,0,-0.0030208165
Warm B,447876,2761,2760,2654,1613,1,0.009296106
Warm B,430708,2625,2624,2654,1613,0,-0.001330955
Warm B,434269,2648,2647,2654,1613,1,-0.0006771324
Warm B,427217,2593,2592,2654,1613,0,0.004452532
Warm B,419686,2537,2536,2654,1613,0,0.0044794907
Warm B,411808,2475,2474,2654,1613,1,-0.0014658491
Warm B,400910,2389,2388,2654,1613,1,0.00054930313
Warm B,414502,2496,2495,2654,1613,0,-0.000117473595
Warm B,373944,2181,2180,2654,1613,1,0.004953116
Warm B,367450,2145,2144,2654,1613,1,0.0032050917
Warm B,364121,2121,2120,2654,1613,1,0.006448475
Warm B,364667,2124,2123,2654,1613,1,0.0030772365
Warm B,361509,2109,2108,2654,1613,1,-0.00078901753
Warm B,356668,2089,2088,2654,1613,1,0.0084775025
Warm B,350102,2055,2054,2654,1613,1,-0.0015751696
Warm B,343577,2018,2017,2654,1613,0,-0.010818925
Warm B,315889,1882,1881,2654,1613,1,0.005235574
Warm B,288227,1722,1721,2654,1613,1,0.006098236
Warm B,278916,1680,1679,2654,1613,1,0.0004615062
Warm B,300268,1780,1779,2654,1613,0,0.00541671
Warm B,242698,1465,1464,2654,1613,1,0.0071421
Warm B,224458,1357,1356,2654,1613,1,-0.0031605605
Warm B,269820,1635,1634,2654,1613,1,0.008737024
Warm B,327848,1941,1940,2654,1613,1,0.0029615064
Warm B,192975,1191,1190,2654,1613,1,0.011367999
Warm B,182717,1140,1139,2654,1613,1,0.009227841
Warm B,159167,1017,1016,2654,1613,1,-0.0019424722
Warm B,318907,1896,1895,2654,1613,1,-0.0029649744
Warm B,130480,846,845,2654,1613,1,-0.0033509678
Warm B,98117,656,655,2654,1613,1,0.0022095034
Warm B,92714,621,620,2654,1613,0,0.006284369
Warm B,115321,749,748,2654,1613,0,0.0025753297
Warm B,436283,2665,2664,2654,1613,0,-0.0028567181
Warm B,80096,533,532,2654,1613,1,-0.0018942555
Warm B,74707,509,508,2654,1613,0,0.0023902603
Warm B,57614,390,389,2654,1613,1,-0.0033763894
Warm B,210758,1285,1284,2654,1613,1,0.008793962
Warm B,228130,1383,1382,2654,1613,0,0.006929301
Warm B,43240,296,295,2654,1613,1,0.004827954
Warm B,41202,278,277,2654,1613,1,0.00762376
Warm B,37268,254,253,2654,1613,1,-0.0034083785
Warm B,36512,245,244,2654,1613,1,0.0051437495
Warm B,29884,202,201,2654,1613,1,0.004739596
Warm B,481714,2962,2961,2654,1613,0,-0.0038707107
Warm B,16439,130,129,2654,1613,0,0.008123191
Warm B,591851,3610,3609,2654,1613,0,0.011240009
Warm B,490651,3018,3017,2654,1613,1,0.0038346387
Warm B,192673,1186,1185,2654,1613,1,0.002117705
Warm B,237757,1447,1446,2654,1613,0,3.594649e-05
Warm B,28199,195,194,2654,1613,1,0.006170975
Warm B,959016,5787,5786,2654,1613,1,-3.2021897e-05
Warm B,891852,5387,5386,2654,1613,1,0.009413986
Warm B,208677,1274,1273,2654,1613,1,0.0021364335
Warm B,62748,424,423,2654,1613,1,-0.00079100695
Warm B,699922,4186,4185,2654,1613,1,0.00199902
Warm B,821691,4940,4939,2654,1613,1,0.004941641
Warm B,769001,4579,4578,2656,1614,0,0.006275278
Warm B,633085,3824,3823,2656,1614,0,0.007969785
Warm B,697229,4169,4168,2660,1616,1,0.019021316
Warm B,463161,2857,2856,2660,1616,0,0.02866134
Warm B,418069,2526,2525,2660,1616,1,0.008934621
Warm B,401352,2393,2392,2660,1616,0,0.0062219533
Warm B,395348,2335,2334,2660,1616,1,0.012034855
Warm B,414505,2496,2495,2660,1616,1,0.014550621
Warm B,392055,2304,2303,2660,1616,1,0.022012742
Warm B,403613,2411,2410,2660,1616,0,0.023411686
Warm B,383464,2241,2240,2660,1616,1,0.0027127743
Warm B,385215,2251,2250,2660,1616,1,0.010591606
Warm B,377563,2204,2203,2660,1616,1,-0.00230716
Warm B,366366,2132,2131,2660,1616,0,-0.0019765282
Warm B,365348,2126,2125,2660,1616,0,0.014351953
Warm B,356311,2088,2087,2660,1616,1,0.010290762
Warm B,352926,2067,2066,2660,1616,1,0.006513027
Warm B,373955,2181,2180,2660,1616,1,0.014334243
Warm B,352634,2064,2063,2660,1616,1,0.008555565
Warm B,345444,2026,2025,2660,1616,1,0.010972106
Warm B,341941,2013,2012,2660,1616,0,0.001771634
Warm B,343579,2018,2017,2660,1616,1,0.0036641574
Warm B,339390,1999,1998,2660,1616,0,0.022808854
Warm B,311543,1856,1855,2660,1616,1,0.011511797
Warm B,293128,1746,1745,2660,1616,1,0.022370365
Warm B,288412,1723,1722,2660,1616,1,0.021823749
Warm B,315892,1882,1881,2660,1616,1,0.015873142
Warm B,292215,1741,1740,2660,1616,1,0.020090768
Warm B,288229,1722,1721,2660,1616,1,0.00307926
Warm B,274877,1665,1664,2660,1616,1,0.0028086423
Warm B,276861,1675,1674,2660,1616,1,0.009400492
Warm B,282004,1692,1691,2660,1616,1,0.012860773
Warm B,276139,1671,1670,2660,1616,1,0.01644821
Warm B,258948,1586,1585,2660,1616,1,0.019860707
Warm B,436291,2665,2664,2660,1616,1,0.024416797
Warm B,203538,1249,1248,2660,1616,1,0.0020279344
Warm B,196125,1206,1205,2660,1616,1,0.01856798
Warm B,192679,1186,1185,2660,1616,1,0.012836039
Warm B,182724,1140,1139,2660,1616,1,0.009348818
Warm B,181567,1135,1134,2660,1616,0,0.0070583913
Warm B,178819,1122,1121,2660,1616,1,0.010692029
Warm B,177497,1119,1118,2660,1616,0,0.01533102
Warm B,172611,1094,1093,2660,1616,1,0.0065564327
Warm B,147345,949,948,2660,1616,1,0.027544804
Warm B,146884,948,947,2660,1616,1,0.012712448
Warm B,128722,835,834,2660,1616,1,0.0074064983
Warm B,90910,602,601,2660,1616,1,0.004766447
Warm B,210770,1285,1284,2660,1616,1,0.03171061
Warm B,86057,563,562,2660,1616,1,0.009327581
Warm B,82227,546,545,2660,1616,0,0.009762459
Warm B,70715,476,475,2660,1616,1,0.0008310776
Warm B,62758,424,423,2660,1616,0,0.013829953
Warm B,56788,381,380,2660,1616,0,0.006356312
Warm B,48850,327,326,2660,1616,1,0.013781989
Warm B,43243,296,295,2660,1616,1,0.0052152225
Warm B,41831,284,283,2660,1616,0,0.010008527
Warm B,36529,245,244,2660,1616,0,0.017955437
Warm B,269827,1635,1634,2660,1616,1,0.014251327
Warm B,22847,165,164,2660,1616,1,0.0063293856
Warm B,481723,2962,2961,2660,1616,0,0.011240972
Warm B,591864,3610,3609,2660,1616,0,0.021225631
Warm B,3967,29,28,2660,1616,0,0.004217268
Warm B,1781,17,16,2660,1616,1,0.022605717
Warm B,357342,2092,2091,2660,1616,1,-0.0008177627
Warm B,4372,33,32,2660,1616,0,0.010824487
Warm B,713757,4277,4276,2660,1616,1,0.018647205
Warm B,456052,2808,2807,2660,1616,1,0.0095074
Warm B,171459,1088,1087,2660,1616,1,0.024168378
Warm B,290080,1733,1732,2660,1616,1,0.017872717
Warm B,538436,3313,3312,2660,1616,1,0.010628205
Warm B,906651,5484,5483,2660,1616,1,0.020635806
Warm B,473423,2909,2908,2660,1616,0,0.0048445687
Warm B,237766,1447,1446,2660,1616,0,0.010453208
Warm B,293668,1748,1747,2660,1616,1,0.008866558
Warm B,327866,1941,1940,2660,1616,0,0.0058175335
Warm B,433560,2643,2642,2660,1616,1,0.02292975
Warm B,8818,59,58,2660,1616,0,0.018469471
Warm B,311544,1856,1855,2661,1617,1,0.0073951255
Warm B,297036,1761,1760,2661,1617,0,-0.0018503147
Warm B,293129,1746,1745,2661,1617,1,0.017902091
Warm B,287653,1717,1716,2661,1617,0,0.0039429446
Warm B,292216,1741,1740,2661,1617,0,0.016323727
Warm B,276863,1675,1674,2661,1617,1,0.015609169
Warm B,276140,1671,1670,2661,1617,0,0.019034814
Warm B,261361,1598,1597,2661,1617,0,0.011185089
Warm B,197718,1215,1214,2661,1617,0,0.008072896
Warm B,327867,1941,1940,2661,1617,0,0.01248566
Warm B,189983,1179,1178,2661,1617,0,0.014113869
Warm B,182725,1140,1139,2661,1617,1,0.0046189604
Warm B,181568,1135,1134,2661,1617,1,0.0055250945
Warm B,436293,2665,2664,2661,1617,0,0.016125746
Warm B,128723,835,834,2661,1617,0,0.0055957395
Warm B,316704,1884,1883,2661,1617,1,0.012228426
Warm B,90911,602,601,2661,1617,1,0.0070480634
Warm B,86059,563,562,2661,1617,0,0.009375778
Warm B,85409,557,556,2661,1617,1,0.0044858945
Warm B,70716,476,475,2661,1617,1,0.014559037
Warm B,47021,316,315,2661,1617,0,0.013572964
Warm B,43245,296,295,2661,1617,1,-0.0010407601
Warm B,41832,284,283,2661,1617,0,0.0072703445
Warm B,36531,245,244,2661,1617,0,0.0066181347
Warm B,22848,165,164,2661,1617,1,0.012813199
Warm B,19464,148,147,2661,1617,0,0.018806003
Warm B,591866,3610,3609,2661,1617,0,0.013630101
Warm B,4373,33,32,2661,1617,1,0.0087886285
Warm B,3968,29,28,2661,1617,1,0.0011581002
Warm B,1782,17,16,2661,1617,1,0.017387442
Warm B,237767,1447,1446,2661,1617,0,0.02337958
Warm B,300271,1780,1779,2661,1617,0,0.01662716
Warm B,633094,3824,3823,2661,1617,0,0.007964648
Warm B,699925,4186,4185,2661,1617,0,0.019736659
Warm B,86065,563,562,2665,1620,0,0.0057870625
Warm B,66502,445,444,2665,1620,0,0.00028739788
Warm B,43249,296,295,2665,1620,0,0.006156941
Warm B,697234,4169,4168,2665,1620,0,0.021113968
Warm B,17532,136,135,2665,1620,1,0.010413013
Warm B,14544,117,116,2665,1620,1,0.00056072907
Warm B,49483,329,328,2665,1620,0,-0.0009589216
Warm B,19469,148,147,2665,1620,1,0.012529727
Warm B,753465,4489,4488,2665,1620,0,0.0065009594
Warm B,967265,5831,5830,2665,1620,0,0.0045402357
Warm B,276143,1671,1670,2665,1620,1,0.0134586
Warm B,412749,2484,2483,2669,1622,1,0.0041832346
Warm B,412520,2483,2482,2669,1622,1,0.005076819
Warm B,402241,2402,2401,2669,1622,0,-0.0043371487
Warm B,400106,2382,2381,2669,1622,1,0.004776113
Warm B,410804,2465,2464,2669,1622,1,0.0011778724
Warm B,412065,2478,2477,2669,1622,1,-0.0059577664
Warm B,398442,2370,2369,2669,1622,1,0.0016699552
Warm B,388087,2271,2270,2669,1622,0,0.00040954712
Warm B,388726,2278,2277,2669,1622,1,0.0028084125
Warm B,377172,2203,2202,2669,1622,1,0.0038564338
Warm B,363582,2117,2116,2669,1622,1,0.011526053
Warm B,357975,2095,2094,2669,1622,1,0.0028955273
Warm B,356118,2086,2085,2669,1622,0,0.0030708176
Warm B,357350,2092,2091,2669,1622,0,0.004210624
Warm B,352930,2067,2066,2669,1622,1,0.0041861786
Warm B,336947,1983,1982,2669,1622,1,-0.000303249
Warm B,333070,1965,1964,2669,1622,1,0.0043500294
Warm B,324901,1925,1924,2669,1622,1,0.0009331459
Warm B,310599,1851,1850,2669,1622,0,-0.007770925
Warm B,275466,1667,1666,2669,1622,1,0.0016629121
Warm B,293674,1748,1747,2669,1622,1,0.0010338668
Warm B,257190,1577,1576,2669,1622,0,-0.0053390935
Warm B,254068,1545,1544,2669,1622,0,-0.0009686857
Warm B,252927,1533,1532,2669,1622,1,0.0003344803
Warm B,242709,1465,1464,2669,1622,1,0.0066362848
Warm B,211581,1286,1285,2669,1622,1,0.0027300185
Warm B,204904,1261,1260,2669,1622,1,0.00011448178
Warm B,178824,1122,1121,2669,1622,1,-0.008954116
Warm B,146892,948,947,2669,1622,1,0.012617483
Warm B,140488,902,901,2669,1622,1,0.001932834
Warm B,126010,812,811,2669,1622,1,-0.00033240358
Warm B,198148,1218,1217,2669,1622,0,-0.0010530802
Warm B,349244,2050,2049,2669,1622,0,0.0041264077
Warm B,107068,704,703,2669,1622,1,0.004436942
Warm B,75857,516,515,2669,1622,1,0.00855349
Warm B,75323,511,510,2669,1622,0,0.0018486157
Warm B,68174,457,456,2669,1622,0,-0.0035607116
Warm B,68633,461,460,2669,1622,1,-0.002172242
Warm B,55298,366,365,2669,1622,1,0.0063290102
Warm B,42279,287,286,2669,1622,0,-0.0051289764
Warm B,591873,3610,3609,2669,1622,0,0.0032927382
Warm B,5610,40,39,2669,1622,0,0.005501346
Warm B,19473,148,147,2669,1622,1,0.0019223549
Warm B,541489,3332,3331,2669,1622,0,-0.0052193534
Warm B,136425,881,880,2669,1622,0,-0.0027219234
Warm B,722857,4328,4327,2669,1622,1,0.011198429
Warm B,587802,3589,3588,2669,1622,0,0.003928149
Warm B,697256,4169,4168,2682,1628,1,0.008657211
Warm B,284041,1698,1697,2682,1628,1,-0.0006548177
Warm B,89988,593,592,2682,1628,1,-0.0015846067
Warm B,89559,590,589,2682,1628,0,0.009789807
Warm B,77379,524,523,2682,1628,1,-0.007347405
Warm B,69926,472,471,2682,1628,1,-0.0054715862
Warm B,69298,464,463,2682,1628,1,0.006552579
Warm B,155299,1001,1000,2682,1628,1,-0.0049832016
Warm B,47579,319,318,2682,1628,1,-0.0005744924
Warm B,42828,293,292,2682,1628,1,-0.004834888
Warm B,38344,261,260,2682,1628,1,0.0014327238
Warm B,33561,225,224,2682,1628,1,-0.0031645566
Warm B,22035,161,160,2682,1628,0,0.007104663
Warm B,451732,2781,2780,2682,1628,1,-0.0015674275
Warm B,290103,1733,1732,2682,1628,1,0.0005835071
Warm B,4900,35,34,2682,1628,1,0.005653163
Warm B,206778,1266,1265,2682,1628,1,-3.635953e-05
Warm B,187579,1164,1163,2682,1628,1,0.007045801
Warm B,58125,392,391,2682,1628,1,0.0048126867
Warm B,181944,1137,1136,2682,1628,1,0.0073368195
Warm B,249816,1505,1504,2682,1628,1,0.010410065
Warm B,204510,1260,1259,2682,1628,1,0.0034766593
Warm B,242093,1458,1457,2682,1628,0,0.005975373
Warm B,50231,331,330,2682,1628,1,0.001581453
Warm B,285244,1701,1700,2682,1628,1,0.0048496258
Warm B,293685,1748,1747,2682,1628,1,0.0033215112
Warm B,460625,2841,2840,2682,1628,1,0.010003053
Warm B,241107,1451,1450,2682,1628,1,0.0033399528
Warm B,263211,1605,1604,2696,1637,1,-0.0022232456
Warm B,112408,731,730,2696,1637,0,0.001688493
Warm B,101659,677,676,2696,1637,1,0.0021440152
Warm B,85037,553,552,2696,1637,1,-0.0028368076
Warm B,61846,415,414,2696,1637,1,0.00048711966
Warm B,626689,3792,3791,2696,1637,0,0.009915343
Warm B,605185,3679,3678,2696,1637,0,0.009092987
Warm B,228180,1383,1382,2696,1637,1,0.002816486
Warm B,839027,5044,5043,2696,1637,1,-0.0043529365
Warm B,31557,214,213,2696,1637,1,0.00018651306
Warm B,16726,131,130,2696,1637,1,-0.006370934
Warm B,571580,3505,3504,2696,1637,1,-0.0020325393
Warm B,933839,5636,5635,2696,1637,0,0.0072284723
Warm B,902991,5458,5457,2696,1637,1,0.0013858802
Warm B,803315,4809,4808,2696,1637,1,0.0015161883
Warm B,475458,2918,2917,2696,1637,1,-0.002629891
Warm B,246844,1491,1490,2696,1637,0,0.0024078758
Warm B,20115,149,148,2696,1637,1,-0.003433918
Warm B,171514,1088,1087,2696,1637,1,0.007295604
Warm B,986775,5956,5955,2696,1637,1,-0.00713082
Warm B,497177,3054,3053,2696,1637,0,0.00294418
Warm B,165300,1053,1052,2714,1648,0,0.0114216255
Warm B,714078,4277,4276,2714,1648,1,0.006096108
Warm B,135190,875,874,2714,1648,1,0.008111331
Warm B,182140,1137,1136,2714,1648,0,0.0049679503
Warm B,119819,773,772,2714,1648,1,0.008965451
Warm B,103085,684,683,2714,1648,1,0.0027820747
Warm B,174691,1105,1104,2714,1648,1,0.011610126
Warm B,191251,1181,1180,2714,1648,0,0.018551117
Warm B,119410,770,769,2714,1648,1,0.015974773
Warm B,74277,506,505,2714,1648,0,0.006033878
Warm B,64328,429,428,2714,1648,0,0.013044551
Warm B,53757,352,351,2714,1648,0,0.011610661
Warm B,43095,295,294,2714,1648,0,0.0027419517
Warm B,40409,272,271,2714,1648,0,0.010487938
Warm B,29848,202,201,2714,1648,1,0.008209202
Warm B,78588,528,527,2714,1648,0,0.008436849
Warm B,286835,1712,1711,2714,1648,0,0.008481026
Warm B,285422,1701,1700,2714,1648,1,0.011836896
Warm B,11998,92,91,2714,1648,0,0.015844276
Warm B,405358,2427,2426,2714,1648,1,0.0048942547
Warm B,336178,1980,1979,2714,1648,0,0.0059906472
Warm B,475597,2918,2917,2714,1648,1,0.011775617
Warm B,187086,1160,1159,2714,1648,1,0.0073680375
Warm B,473931,2909,2908,2714,1648,0,0.0020430358
Warm B,527091,3260,3259,2714,1648,0,0.011676643
Warm B,178283,1120,1119,2714,1648,1,0.0057333577
Warm B,13153,102,101,2714,1648,0,0.0041329204
Warm B,138643,889,888,2721,1654,0,0.004811695
Warm B,133058,858,857,2721,1654,1,0.0066804336
Warm B,102488,678,677,2721,1654,1,0.003894971
Warm B,63967,426,425,2721,1654,0,0.007676626
Warm B,155476,1001,1000,2721,1654,0,0.013683982
Warm B,49446,329,328,2721,1654,0,0.0011131791
Warm B,312984,1865,1864,2721,1654,0,0.0008563625
Warm B,33510,225,224,2721,1654,0,-0.0003934193
Warm B,27571,193,192,2721,1654,1,0.012083799
Warm B,15996,126,125,2721,1654,1,0.00303121
Warm B,338,5,4,2721,1654,0,0.0068127164
Warm B,235158,1425,1424,2721,1654,1,0.017230809
Warm B,986825,5956,5955,2721,1654,0,0.0015020673
Warm B,365852,2129,2128,2721,1654,0,0.00045403407
Warm B,490363,3017,3016,2721,1654,1,0.00039454945
Warm B,497350,3054,3053,2721,1654,0,0.015483604
Warm B,20014,149,148,2721,1654,0,0.009606166
Warm B,454680,2796,2795,2721,1654,1,0.0058117127
Warm B,331005,1954,1953,2721,1654,0,0.010396706
Warm B,538091,3312,3311,2721,1654,0,0.011005205
Warm B,174288,1101,1100,2721,1654,1,0.0092006475
Warm B,384759,2247,2246,2721,1654,0,0.0018983572
Warm B,883475,5333,5332,2721,1654,1,0.0023849204
Warm B,116476,752,751,2721,1654,0,0.011868972
Warm B,841561,5054,5053,2721,1654,0,-0.0011393982
Warm B,127360,822,821,2725,1658,1,0.0051046754
Warm B,107366,706,705,2725,1658,1,0.014869837
Warm B,100957,673,672,2725,1658,1,0.0041409577
Warm B,99757,666,665,2725,1658,1,0.0070712855
Warm B,77757,524,523,2725,1658,0,0.025570482
Warm B,155479,1001,1000,2725,1658,1,0.0067674527
Warm B,47516,319,318,2725,1658,1,0.016752172
Warm B,45007,303,302,2725,1658,1,0.014959305
Warm B,41458,281,280,2725,1658,0,0.01155515
Warm B,35291,238,237,2725,1658,1,0.002931618
Warm B,26443,187,186,2725,1658,1,0.0070910593
Warm B,9952,69,68,2725,1658,0,0.00785091
Warm B,8501,58,57,2725,1658,1,0.011285555
Warm B,7757,53,52,2725,1658,0,0.009400299
Warm B,341,5,4,2725,1658,0,0.012666255
Warm B,485232,2986,2985,2725,1658,1,0.022899896
Warm B,158504,1015,1014,2725,1658,0,0.008231853
Warm B,24919,175,174,2725,1658,0,0.014399028
Warm B,336213,1980,1979,2725,1658,1,0.019094894
Warm B,750702,4478,4477,2725,1658,1,0.016019695
Warm B,460809,2841,2840,2725,1658,1,0.01927454
Warm B,483285,2969,2968,2725,1658,1,0.015441164
Warm B,102495,678,677,2725,1658,0,0.02525382
Warm B,235162,1425,1424,2725,1658,1,0.021158926
Warm B,796377,4771,4770,2725,1658,1,0.015819699
Warm B,200125,1228,1227,2725,1658,1,0.0014184989
Warm B,24376,173,172,2725,1658,1,0.0038834931
Warm B,290441,1733,1732,2725,1658,1,0.020927235
Warm B,1000169,6040,6039,2725,1658,1,0.005372302
Warm B,771906,4600,4599,2725,1658,1,0.012648449
Warm B,187764,1164,1163,2725,1658,1,0.0124095995
Warm B,116483,752,751,2725,1658,0,0.016563844
Warm B,880692,5319,5318,2725,1658,1,0.019606479
Warm B,825811,4958,4957,2725,1658,0,0.019111495
Warm B,937424,5654,5653,2725,1658,1,0.010537713
Warm B,852948,5113,5112,2726,1659,0,0.01046177
Warm B,459207,2826,2825,2726,1659,1,0.0061234212
Warm B,458159,2820,2819,2726,1659,1,0.010029714
Warm B,456718,2811,2810,2726,1659,1,0.010345263
Warm B,441379,2703,2702,2726,1659,1,0.0021941452
Warm B,438660,2680,2679,2726,1659,1,0.025800569
Warm B,431153,2627,2626,2726,1659,1,0.010038861
Warm B,416812,2507,2506,2726,1659,1,0.018053813
Warm B,411111,2466,2465,2726,1659,1,0.0071953
Warm B,398658,2373,2372,2726,1659,1,-0.0011087111
Warm B,390128,2288,2287,2726,1659,1,0.010840479
Warm B,385376,2251,2250,2726,1659,1,0.010385621
Warm B,374311,2181,2180,2726,1659,1,0.016905718
Warm B,355510,2080,2079,2726,1659,1,0.0029439316
Warm B,346318,2030,2029,2726,1659,1,0.015314486
Warm B,329507,1943,1942,2726,1659,1,0.01310837
Warm B,325029,1925,1924,2726,1659,1,0.01046368
Warm B,301550,1791,1790,2726,1659,0,0.006178124
Warm B,286003,1706,1705,2726,1659,1,0.0031363233
Warm B,273768,1650,1649,2726,1659,1,0.009213806
Warm B,256555,1567,1566,2726,1659,1,0.0042838794
Warm B,303325,1802,1801,2726,1659,1,-0.0009226133
Warm B,294430,1749,1748,2726,1659,0,0.013105974
Warm B,284405,1698,1697,2726,1659,1,0.008147912
Warm B,208902,1274,1273,2726,1659,1,0.0058410736
Warm B,197953,1216,1215,2726,1659,0,0.0005687049
Warm B,193010,1191,1190,2726,1659,1,0.003270757
Warm B,207367,1267,1266,2726,1659,1,0.0062099462
Warm B,173361,1099,1098,2726,1659,1,0.015182186
Warm B,191285,1181,1180,2726,1659,0,0.027246624
Warm B,165314,1053,1052,2726,1659,1,0.010033556
Warm B,211212,1285,1284,2726,1659,1,0.018915175
Warm B,181314,1133,1132,2726,1659,0,0.016585125
Warm B,169636,1077,1076,2726,1659,1,0.020808645
Warm B,160299,1019,1018,2726,1659,1,0.008736509
Warm B,213038,1297,1296,2726,1659,1,0.01355517
Warm B,147060,948,947,2726,1659,1,0.00660589
Warm B,185609,1150,1149,2726,1659,1,0.017732993
Warm B,141073,909,908,2726,1659,1,0.009504408
Warm B,143064,922,921,2726,1659,1,0.018303668
Warm B,138652,889,888,2726,1659,1,0.019660842
Warm B,128856,837,836,2726,1659,0,0.009542879
Warm B,128353,830,829,2726,1659,1,0.0048335874
Warm B,298177,1767,1766,2726,1659,1,0.0072875433
Warm B,240377,1449,1448,2726,1659,1,0.017145239
Warm B,316966,1884,1883,2726,1659,1,0.017879087
Warm B,77759,524,523,2726,1659,0,0.025687499
Warm B,69534,466,465,2726,1659,1,0.008840736
Warm B,501416,3080,3079,2726,1659,1,0.015075834
Warm B,74068,504,503,2726,1659,1,0.0032061941
Warm B,45571,307,306,2726,1659,1,0.004911722
Warm B,45117,304,303,2726,1659,0,-0.0058283084
Warm B,221540,1340,1339,2726,1659,1,0.02676418
Warm B,133664,864,863,2726,1659,1,0.00073440187
Warm B,592120,3610,3609,2726,1659,0,0.008472218
Warm B,2912,23,22,2726,1659,1,0.0083356295
Warm B,739591,4418,4417,2726,1659,1,0.015634798
Warm B,63233,424,423,2726,1659,1,0.011634507
Warm B,24377,173,172,2726,1659,1,0.0032137358
Warm B,238153,1447,1446,2726,1659,1,0.02164026
Warm B,284910,1699,1698,2726,1659,1,0.005832985
Warm B,437496,2670,2669,2726,1659,1,0.005269124
Warm B,290443,1733,1732,2726,1659,1,0.015709864
Warm B,883477,5333,5332,2726,1659,0,0.011429006
Warm B,894112,5397,5396,2726,1659,1,0.008942936
Warm B,271837,1643,1642,2726,1659,1,0.006649285
Warm B,105687,698,697,2726,1659,1,0.005772645
Warm B,322593,1912,1911,2726,1659,1,0.009790696
Warm B,171933,1088,1087,2726,1659,0,0.018211193
Warm B,176124,1113,1112,2726,1659,1,0.01641136
Warm B,518865,3201,3200,2730,1662,1,0.006219766
Warm B,516014,3184,3183,2730,1662,0,-0.0061675385
Warm B,510316,3143,3142,2730,1662,0,0.004471626
Warm B,558638,3430,3429,2730,1662,0,0.002050614
Warm B,505274,3108,3107,2730,1662,0,0.0016766621
Warm B,546173,3367,3366,2730,1662,1,0.006967909
Warm B,496932,3053,3052,2730,1662,1,0.007250717
Warm B,482846,2967,2966,2730,1662,1,0.0031648427
Warm B,480566,2948,2947,2730,1662,0,-0.005298549
Warm B,476870,2928,2927,2730,1662,1,0.002983342
Warm B,697684,4169,4168,2730,1662,1,0.0069033685
Warm B,852958,5113,5112,2730,1662,1,0.0068673617
Warm B,469620,2893,2892,2730,1662,0,0.0011704162
Warm B,462697,2854,2853,2730,1662,1,-0.002299659
Warm B,458180,2820,2819,2730,1662,0,0.013498416
Warm B,455568,2805,2804,2730,1662,0,0.004621224
Warm B,442100,2719,2718,2730,1662,1,0.0022412906
Warm B,564657,3471,3470,2730,1662,0,0.005140591
Warm B,438008,2676,2675,2730,1662,1,0.0045035826
Warm B,433741,2643,2642,2730,1662,1,0.0049703764
Warm B,421162,2544,2543,2730,1662,0,0.018935857
Warm B,419206,2532,2531,2730,1662,1,-0.0031105832
Warm B,416827,2507,2506,2730,1662,1,0.010535652
Warm B,414724,2496,2495,2730,1662,0,0.0069581573
Warm B,413454,2486,2485,2730,1662,0,-0.0052067884
Warm B,396696,2348,2347,2730,1662,0,0.012733867
Warm B,392447,2304,2303,2730,1662,1,-0.0006933117
Warm B,390141,2288,2287,2730,1662,1,0.010929909
Warm B,389069,2279,2278,2730,1662,0,-0.0025892225
Warm B,381739,2231,2230,2730,1662,1,0.0069730803
Warm B,377943,2205,2204,2730,1662,0,0.006227117
Warm B,372116,2173,2172,2730,1662,1,0.009666588
Warm B,357639,2092,2091,2730,1662,0,0.009967063
Warm B,323249,1916,1915,2730,1662,0,-0.0020044823
Warm B,306492,1826,1825,2730,1662,0,0.006951538
Warm B,302700,1797,1796,2730,1662,1,0.0112644
Warm B,293431,1747,1746,2730,1662,0,0.00114786
Warm B,279732,1680,1679,2730,1662,0,-0.0006210564
Warm B,280950,1685,1684,2730,1662,1,-0.0057464037
Warm B,269197,1632,1631,2730,1662,0,0.0062518446
Warm B,346329,2030,2029,2730,1662,1,0.0076111043
Warm B,350783,2059,2058,2730,1662,0,0.006035938
Warm B,236958,1440,1439,2730,1662,1,0.0006763899
Warm B,312445,1861,1860,2730,1662,0,0.0004360784
Warm B,325543,1926,1925,2730,1662,1,-0.007535636
Warm B,262330,1600,1599,2730,1662,1,0.011156309
Warm B,221554,1340,1339,2730,1662,0,0.008315936
Warm B,218089,1322,1321,2730,1662,0,-0.0016393759
Warm B,220443,1335,1334,2730,1662,0,0.009640167
Warm B,207370,1267,1266,2730,1662,1,0.006179972
Warm B,188658,1170,1169,2730,1662,1,0.012498606
Warm B,186415,1152,1151,2730,1662,1,0.0069140494
Warm B,182870,1140,1139,2730,1662,0,0.0059832283
Warm B,180415,1128,1127,2730,1662,1,0.00081413187
Warm B,308854,1837,1836,2730,1662,1,0.0061486764
Warm B,191306,1181,1180,2730,1662,0,8.8103116e-07
Warm B,160316,1019,1018,2730,1662,0,0.005405531
Warm B,320257,1899,1898,2730,1662,1,-0.003495365
Warm B,152037,977,976,2730,1662,1,0.0041910713
Warm B,149281,960,959,2730,1662,1,0.009080635
Warm B,147066,948,947,2730,1662,1,0.00084264297
Warm B,412159,2478,2477,2730,1662,1,0.004488144
Warm B,185634,1150,1149,2730,1662,0,0.0047055217
Warm B,169295,1074,1073,2730,1662,1,-0.0010809442
Warm B,143073,922,921,2730,1662,1,0.00079191395
Warm B,714106,4277,4276,2730,1662,0,0.010547323
Warm B,138676,889,888,2730,1662,1,0.003235653
Warm B,318983,1896,1895,2730,1662,1,0.011492108
Warm B,131301,850,849,2730,1662,1,0.0010547889
Warm B,315484,1880,1879,2730,1662,0,0.015394471
Warm B,240398,1449,1448,2730,1662,0,0.005429152
Warm B,106880,702,701,2730,1662,1,0.001911372
Warm B,100964,673,672,2730,1662,1,0.008467363
Warm B,284420,1698,1697,2730,1662,1,0.00016073772
Warm B,153236,984,983,2730,1662,0,0.011710774
Warm B,394273,2323,2322,2730,1662,0,0.0042328173
Warm B,169644,1077,1076,2730,1662,1,0.00950415
Warm B,85647,558,557,2730,1662,0,0.004395297
Warm B,75033,509,508,2730,1662,0,0.009033913
Warm B,71595,481,480,2730,1662,0,-0.002224063
Warm B,211230,1285,1284,2730,1662,1,8.0204336e-05
Warm B,58090,392,391,2730,1662,0,0.001902733
Warm B,197431,1211,1210,2730,1662,1,0.008114557
Warm B,34135,230,229,2730,1662,1,0.0014123251
Warm B,32121,216,215,2730,1662,0,-0.00016695901
Warm B,133665,864,863,2730,1662,1,-0.0024880888
Warm B,22016,161,160,2730,1662,0,-0.0074363234
Warm B,60761,411,410,2730,1662,0,-0.0009073743
Warm B,355101,2077,2076,2730,1662,0,0.00085266156
Warm B,552557,3401,3400,2730,1662,0,0.011141231
Warm B,203700,1252,1251,2730,1662,1,-0.0017360469
Warm B,158528,1015,1014,2730,1662,0,0.002108687
Warm B,680747,4079,4078,2730,1662,1,0.0009443187
Warm B,372688,2176,2175,2730,1662,1,0.008456074
Warm B,823588,4950,4949,2730,1662,0,0.009175656
Warm B,20035,149,148,2730,1662,1,0.012491366
Warm B,860376,5172,5171,2730,1662,0,-0.0024401208
Warm B,271840,1643,1642,2730,1662,1,0.0016837089
Warm B,563186,3464,3463,2730,1662,1,0.005080052
Warm B,195675,1203,1202,2730,1662,1,-0.007367712
Warm B,267301,1624,1623,2730,1662,0,0.0053688074
Warm B,447698,2760,2759,2730,1662,1,-0.0010350276
Warm B,841568,5054,5053,2730,1662,1,0.0010059155
Warm B,171951,1088,1087,2730,1662,1,-7.1770046e-05
Warm B,322609,1912,1911,2730,1662,0,0.0044994936
Warm B,319510,1897,1896,2730,1662,1,0.009511724
Warm B,739593,4418,4417,2730,1662,1,0.0105333
Warm B,276389,1671,1670,2730,1662,1,-0.0009840666
Warm B,562730,3462,3461,2730,1662,0,-0.0021599673
Warm B,667630,4016,4015,2731,1663,0,0.016383095
Warm B,686064,4103,4102,2731,1663,1,0.020716164
Warm B,695416,4167,4166,2731,1663,1,0.023437072
Warm B,634137,3825,3824,2731,1663,1,0.0073767044
Warm B,631755,3821,3820,2731,1663,1,0.01477946
Warm B,646082,3888,3887,2731,1663,1,0.015035264
Warm B,613969,3718,3717,2731,1663,1,0.016302343
Warm B,606672,3683,3682,2731,1663,1,0.015880452
Warm B,580617,3546,3545,2731,1663,1,0.019695578
Warm B,594191,3618,3617,2731,1663,0,0.010325984
Warm B,565224,3474,3473,2731,1663,1,0.012847798
Warm B,904444,5468,5467,2731,1663,1,0.0006144275
Warm B,551310,3394,3393,2731,1663,1,0.020706648
Warm B,546935,3371,3370,2731,1663,1,0.016226958
Warm B,548052,3380,3379,2731,1663,1,0.010911732
Warm B,553010,3402,3401,2731,1663,1,0.013631258
Warm B,542987,3341,3340,2731,1663,1,0.007200025
Warm B,535118,3301,3300,2731,1663,1,0.012400062
Warm B,533541,3292,3291,2731,1663,1,0.015643606
Warm B,523238,3226,3225,2731,1663,0,-0.0030330147
Warm B,520904,3214,3213,2731,1663,1,0.005837491
Warm B,522834,3224,3223,2731,1663,1,0.006485973
Warm B,513953,3171,3170,2731,1663,1,0.008997316
Warm B,505676,3110,3109,2731,1663,1,0.010534285
Warm B,769110,4579,4578,2731,1663,1,0.007815245
Warm B,500749,3075,3074,2731,1663,1,0.016470512
Warm B,546174,3367,3366,2731,1663,1,0.016138902
Warm B,497361,3054,3053,2731,1663,1,0.008217737
Warm B,485249,2986,2985,2731,1663,1,0.019692589
Warm B,483854,2975,2974,2731,1663,1,0.015134902
Warm B,480870,2952,2951,2731,1663,1,0.010789535
Warm B,479520,2942,2941,2731,1663,1,0.008072655
Warm B,697685,4169,4168,2731,1663,1,0.024686512
Warm B,852959,5113,5112,2731,1663,0,0.024543839
Warm B,459768,2834,2833,2731,1663,1,0.00491397
Warm B,458181,2820,2819,2731,1663,1,0.015068432
Warm B,456721,2811,2810,2731,1663,1,0.005576851
Warm B,455913,2807,2806,2731,1663,1,0.020856312
Warm B,454910,2798,2797,2731,1663,0,0.0071686395
Warm B,453166,2791,2790,2731,1663,1,0.0033298922
Warm B,448528,2764,2763,2731,1663,1,0.014259757
Warm B,438009,2676,2675,2731,1663,1,0.014343698
Warm B,421163,2544,2543,2731,1663,0,0.013086403
Warm B,398313,2368,2367,2731,1663,1,0.011320557
Warm B,392797,2306,2305,2731,1663,1,0.0029217615
Warm B,381740,2231,2230,2731,1663,0,0.009186896
Warm B,343730,2018,2017,2731,1663,1,0.011035125
Warm B,344237,2020,2019,2731,1663,0,0.014999988
Warm B,323250,1916,1915,2731,1663,1,0.011389223
Warm B,320258,1899,1898,2731,1663,1,0.011629904
Warm B,302701,1797,1796,2731,1663,1,0.009859983
Warm B,302527,1796,1795,2731,1663,1,0.0039546285
Warm B,301553,1791,1790,2731,1663,1,0.008443462
Warm B,293432,1747,1746,2731,1663,1,0.012242703
Warm B,326604,1936,1935,2731,1663,1,0.010895354
Warm B,286477,1711,1710,2731,1663,1,0.0005995501
Warm B,287829,1717,1716,2731,1663,1,0.00744816
Warm B,282744,1694,1693,2731,1663,1,0.016264759
Warm B,282354,1693,1692,2731,1663,1,0.012206095
Warm B,292492,1741,1740,2731,1663,1,0.011368923
Warm B,271058,1639,1638,2731,1663,1,0.0027052162
Warm B,264225,1607,1606,2731,1663,0,0.02344808
Warm B,256675,1569,1568,2731,1663,1,0.00663103
Warm B,256558,1567,1566,2731,1663,1,0.021682562
Warm B,294437,1749,1748,2731,1663,1,0.010535269
Warm B,228974,1387,1386,2731,1663,1,0.017301466
Warm B,325544,1926,1925,2731,1663,1,0.0231666
Warm B,211819,1288,1287,2731,1663,0,0.018250404
Warm B,208383,1273,1272,2731,1663,1,0.008519537
Warm B,207569,1268,1267,2731,1663,1,0.0037153433
Warm B,207371,1267,1266,2731,1663,1,0.01443782
Warm B,199588,1224,1223,2731,1663,1,0.017410392
Warm B,188659,1170,1169,2731,1663,1,0.019051537
Warm B,184445,1147,1146,2731,1663,0,0.002193295
Warm B,181015,1131,1130,2731,1663,1,0.011358733
Warm B,169645,1077,1076,2731,1663,1,0.0067477864
Warm B,160317,1019,1018,2731,1663,1,0.018810842
Warm B,191307,1181,1180,2731,1663,0,0.016157448
Warm B,158529,1015,1014,2731,1663,1,0.01722655
Warm B,149040,958,957,2731,1663,1,0.008157926
Warm B,222149,1343,1342,2731,1663,1,0.010938832
Warm B,135058,873,872,2731,1663,1,0.0068840794
Warm B,201730,1242,1241,2731,1663,1,0.012462687
Warm B,197432,1211,1210,2731,1663,1,0.011356723
Warm B,635953,3833,3832,2731,1663,0,0.010796698
Warm B,240399,1449,1448,2731,1663,1,0.022924727
Warm B,108542,711,710,2731,1663,1,0.0044542244
Warm B,100474,670,669,2731,1663,1,0.006066978
Warm B,99761,666,665,2731,1663,1,0.024578877
Warm B,95965,644,643,2731,1663,1,0.011717574
Warm B,77779,524,523,2731,1663,1,0.027467253
Warm B,69537,466,465,2731,1663,1,0.017554624
Warm B,501426,3080,3079,2731,1663,1,0.010799464
Warm B,440190,2691,2690,2731,1663,1,0.018621832
Warm B,48846,327,326,2731,1663,1,0.009564436
Warm B,67073,451,450,2731,1663,1,0.0046288185
Warm B,44568,302,301,2731,1663,1,0.021133732
Warm B,177146,1117,1116,2731,1663,0,0.014095517
Warm B,39786,270,269,2731,1663,1,0.008064529
Warm B,208915,1274,1273,2731,1663,1,0.021344576
Warm B,417618,2520,2519,2731,1663,1,0.005513451
Warm B,748057,4465,4464,2731,1663,1,0.0056004366
Warm B,431163,2627,2626,2731,1663,0,0.016412128
Warm B,133666,864,863,2731,1663,1,0.008793674
Warm B,23138,166,165,2731,1663,1,0.015805777
Warm B,796381,4771,4770,2731,1663,1,0.013992289
Warm B,61819,415,414,2731,1663,1,0.01224402
Warm B,592132,3610,3609,2731,1663,0,0.018499687
Warm B,4866,35,34,2731,1663,1,0.007371131
Warm B,1472,14,13,2731,1663,1,0.0073643345
Warm B,76420,518,517,2731,1663,1,0.01958882
Warm B,739594,4418,4417,2731,1663,1,0.012940817
Warm B,284913,1699,1698,2731,1663,1,0.015007311
Warm B,508307,3128,3127,2731,1663,1,0.017535428
Warm B,607770,3688,3687,2731,1663,1,0.009223699
Warm B,24390,173,172,2731,1663,1,0.010335917
Warm B,67540,453,452,2731,1663,1,0.019317325
Warm B,916214,5536,5535,2731,1663,0,0.012245411
Warm B,372689,2176,2175,2731,1663,1,0.015412459
Warm B,841569,5054,5053,2731,1663,0,0.016841918
Warm B,257859,1579,1578,2731,1663,1,0.019629043
Warm B,308855,1837,1836,2731,1663,1,0.028891599
Warm B,233712,1421,1420,2731,1663,1,0.011271267
Warm B,176129,1113,1112,2731,1663,1,0.011903001
Warm B,322610,1912,1911,2731,1663,0,0.015587205
Warm B,223105,1352,1351,2731,1663,1,0.013945504
Warm B,8817,59,58,2731,1663,0,0.013478232
Warm B,646226,3889,3888,2732,1664,1,0.010234108
Warm B,631756,3821,3820,2732,1664,1,0.004531758
Warm B,613970,3718,3717,2732,1664,1,0.002483285
Warm B,589191,3592,3591,2732,1664,1,-0.0029196239
Warm B,580618,3546,3545,2732,1664,1,0.00854171
Warm B,594193,3618,3617,2732,1664,0,0.012019647
Warm B,553011,3402,3401,2732,1664,1,0.0018264035
Warm B,549522,3390,3389,2732,1664,1,0.0053113676
Warm B,548053,3380,3379,2732,1664,1,0.008025677
Warm B,550454,3391,3390,2732,1664,1,0.009203968
Warm B,543482,3346,3345,2732,1664,1,0.0016744592
Warm B,541257,3329,3328,2732,1664,1,0.007998128
Warm B,533542,3292,3291,2732,1664,1,0.006681992
Warm B,523239,3226,3225,2732,1664,0,0.0009294782
Warm B,522835,3224,3223,2732,1664,1,-0.0007512646
Warm B,513954,3171,3170,2732,1664,1,-0.003204469
Warm B,506845,3118,3117,2732,1664,0,0.008559842
Warm B,505275,3108,3107,2732,1664,1,0.012239702
Warm B,769111,4579,4578,2732,1664,1,0.004061704
Warm B,546175,3367,3366,2732,1664,1,2.784608e-05
Warm B,738523,4411,4410,2732,1664,1,0.010307195
Warm B,491221,3020,3019,2732,1664,1,0.000517237
Warm B,479521,2942,2941,2732,1664,1,0.0040441654
Warm B,697686,4169,4168,2732,1664,1,0.0136492
Warm B,458182,2820,2819,2732,1664,0,-0.0034397119
Warm B,456722,2811,2810,2732,1664,1,-0.004647705
Warm B,452873,2788,2787,2732,1664,1,0.0010104675
Warm B,453167,2791,2790,2732,1664,1,0.0043713143
Warm B,443367,2733,2732,2732,1664,1,0.00086977985
Warm B,438010,2676,2675,2732,1664,1,0.006966593
Warm B,413455,2486,2485,2732,1664,1,0.0005055611
Warm B,411878,2476,2475,2732,1664,1,0.0016682539
Warm B,398314,2368,2367,2732,1664,1,0.003589097
Warm B,381742,2231,2230,2732,1664,1,0.0021824774
Warm B,361847,2109,2108,2732,1664,1,0.010988327
Warm B,347476,2038,2037,2732,1664,1,0.010091329
Warm B,323251,1916,1915,2732,1664,1,-0.004327175
Warm B,320259,1899,1898,2732,1664,1,0.007905536
Warm B,302702,1797,1796,2732,1664,1,0.010120966
Warm B,292493,1741,1740,2732,1664,1,-4.5180786e-05
Warm B,266888,1619,1618,2732,1664,1,0.013604114
Warm B,256677,1569,1568,2732,1664,1,0.011163041
Warm B,294439,1749,1748,2732,1664,1,-0.0049464945
Warm B,227854,1382,1381,2732,1664,1,0.009009268
Warm B,325545,1926,1925,2732,1664,1,0.0048178355
Warm B,218090,1322,1321,2732,1664,1,0.0032180478
Warm B,212135,1291,1290,2732,1664,1,0.011024354
Warm B,208916,1274,1273,2732,1664,0,0.00708389
Warm B,208384,1273,1272,2732,1664,1,0.006881944
Warm B,271060,1639,1638,2732,1664,1,0.004145441
Warm B,184446,1147,1146,2732,1664,0,0.0017522534
Warm B,180416,1128,1127,2732,1664,1,0.005295784
Warm B,163114,1041,1040,2732,1664,1,-0.005213826
Warm B,160318,1019,1018,2732,1664,0,0.011282716
Warm B,191308,1181,1180,2732,1664,0,0.005007294
Warm B,158530,1015,1014,2732,1664,0,0.010777576
Warm B,217253,1317,1316,2732,1664,1,0.0061932905
Warm B,140442,900,899,2732,1664,1,-0.005039932
Warm B,138678,889,888,2732,1664,0,0.0048707146
Warm B,201731,1242,1241,2732,1664,1,0.009867248
Warm B,127916,825,824,2732,1664,0,-0.00778993
Warm B,116496,752,751,2732,1664,0,0.014719022
Warm B,100966,673,672,2732,1664,1,-0.0010941271
Warm B,284421,1698,1697,2732,1664,1,0.010987701
Warm B,89357,588,587,2732,1664,1,0.012495203
Warm B,77780,524,523,2732,1664,1,0.008772474
Warm B,48847,327,326,2732,1664,1,0.006283148
Warm B,46650,313,312,2732,1664,1,-0.0005505735
Warm B,177147,1117,1116,2732,1664,1,0.010605874
Warm B,35300,238,237,2732,1664,0,-0.0058115683
Warm B,34742,235,234,2732,1664,1,-0.0055277687
Warm B,133667,864,863,2732,1664,0,0.009988117
Warm B,4868,35,34,2732,1664,1,0.00083693635
Warm B,739595,4418,4417,2732,1664,1,0.005447056
Warm B,421164,2544,2543,2732,1664,1,0.0007429938
Warm B,316977,1884,1883,2732,1664,1,0.00665396
Warm B,106263,699,698,2732,1664,0,0.0025937576
Warm B,616699,3732,3731,2732,1664,0,0.012006789
Warm B,607771,3688,3687,2732,1664,1,0.005855066
Warm B,24392,173,172,2732,1664,1,0.0017383939
Warm B,924189,5580,5579,2732,1664,1,0.015852371
Warm B,319511,1897,1896,2732,1664,1,0.006007872
Warm B,322611,1912,1911,2732,1664,0,0.0070643607
Warm B,700039,4186,4185,2732,1664,0,0.007260263
Warm B,176130,1113,1112,2732,1664,1,0.008964991
Warm B,171953,1088,1087,2732,1664,1,0.008407125
Warm B,223106,1352,1351,2732,1664,1,-0.0010866068
Warm B,860377,5172,5171,2732,1664,1,0.008661877
Warm B,167007,1062,1061,2738,1668,1,0.0048976275
Warm B,185647,1150,1149,2738,1668,0,0.00944879
Warm B,131305,850,849,2738,1668,0,0.009389559
Warm B,211238,1285,1284,2738,1668,0,0.0072803767
Warm B,284427,1698,1697,2738,1668,1,0.008033837
Warm B,191316,1181,1180,2738,1668,0,0.014732346
Warm B,239216,1448,1447,2738,1668,1,0.019900532
Warm B,84431,550,549,2738,1668,1,0.014585914
Warm B,76189,517,516,2738,1668,1,0.0059713516
Warm B,639279,3842,3841,2738,1668,1,-0.0008201585
Warm B,35305,238,237,2738,1668,0,0.008948996
Warm B,9318,62,61,2738,1668,0,0.004234542
Warm B,6237,45,44,2738,1668,0,0.004952369
Warm B,18734,146,145,2738,1668,0,0.007355182
Warm B,714109,4277,4276,2738,1668,1,0.008959318
Warm B,328545,1941,1940,2738,1668,0,0.0011692266
Warm B,757892,4508,4507,2738,1668,1,0.010039258
Warm B,161406,1029,1028,2738,1668,1,0.006809802
Warm B,276392,1671,1670,2738,1668,0,0.003955329
Warm B,588099,3589,3588,2741,1670,0,0.014930698
Warm B,595625,3623,3622,2748,1674,1,0.0020406255
Warm B,596824,3626,3625,2748,1674,0,0.008849008
Warm B,586764,3582,3581,2748,1674,0,0.014028827
Warm B,586513,3579,3578,2748,1674,0,0.008236766
Warm B,583629,3562,3561,2748,1674,0,0.012757569
Warm B,594226,3618,3617,2748,1674,0,-0.003919108
Warm B,616295,3729,3728,2748,1674,0,0.005556912
Warm B,552577,3401,3400,2748,1674,0,0.013403002
Warm B,549217,3389,3388,2748,1674,0,0.0023826845
Warm B,537425,3311,3310,2748,1674,0,0.008122761
Warm B,526860,3259,3258,2748,1674,1,0.0052250316
Warm B,518877,3201,3200,2748,1674,0,0.003398358
Warm B,517091,3191,3190,2748,1674,0,-0.004120157
Warm B,527610,3261,3260,2748,1674,0,0.0006695576
Warm B,509556,3138,3137,2748,1674,0,0.006169683
Warm B,502421,3083,3082,2748,1674,0,-0.008159614
Warm B,486726,2995,2994,2748,1674,0,-0.0014953217
Warm B,559284,3435,3434,2748,1674,0,0.0070731337
Warm B,697717,4169,4168,2748,1674,0,0.006854077
Warm B,738533,4411,4410,2748,1674,0,0.0060073454
Warm B,474005,2909,2908,2748,1674,1,-0.006179247
Warm B,468607,2887,2886,2748,1674,0,0.0072093075
Warm B,467819,2883,2882,2748,1674,0,-0.0007781505
Warm B,463534,2857,2856,2748,1674,0,0.00892479
Warm B,467015,2878,2877,2748,1674,0,0.0016311038
Warm B,449992,2774,2773,2748,1674,0,0.00423717
Warm B,449655,2772,2771,2748,1674,0,-0.0019623898
Warm B,418902,2529,2528,2748,1674,0,-0.00657681
Warm B,407038,2445,2444,2748,1674,0,-0.009858304
Warm B,402477,2402,2401,2748,1674,0,0.004802124
Warm B,407822,2451,2450,2748,1674,0,0.008401085
Warm B,393745,2318,2317,2748,1674,0,0.010198543
Warm B,377408,2203,2202,2748,1674,0,-0.0023659768
Warm B,375194,2186,2185,2748,1674,0,-0.0006606495
Warm B,373561,2180,2179,2748,1674,0,-0.004270355
Warm B,356520,2088,2087,2748,1674,0,-0.0008592936
Warm B,341770,2012,2011,2748,1674,1,0.0028291484
Warm B,333509,1968,1967,2748,1674,0,-0.0025721441
Warm B,293435,1747,1746,2748,1674,0,0.0006725994
Warm B,297687,1764,1763,2748,1674,1,-0.0018708447
Warm B,291634,1737,1736,2748,1674,0,-0.0037020468
Warm B,289010,1726,1725,2748,1674,0,-0.0031060132
Warm B,232355,1410,1409,2748,1674,0,0.0042868103
Warm B,356909,2090,2089,2748,1674,0,-0.00029573403
Warm B,227293,1377,1376,2748,1674,0,-0.0008873837
Warm B,336269,1980,1979,2748,1674,0,-0.012006991
Warm B,226424,1370,1369,2748,1674,0,0.009266974
Warm B,279783,1680,1679,2748,1674,0,0.0051700408
Warm B,183324,1141,1140,2748,1674,0,0.005385492
Warm B,308870,1837,1836,2748,1674,0,0.00941762
Warm B,180025,1127,1126,2748,1674,0,0.0065500597
Warm B,328573,1941,1940,2748,1674,0,0.005217258
Warm B,275702,1667,1666,2748,1674,0,0.0034251963
Warm B,156018,1004,1003,2748,1674,0,0.0051960666
Warm B,240429,1449,1448,2748,1674,0,-0.001919942
Warm B,107111,704,703,2748,1674,0,0.006719199
Warm B,113433,735,734,2748,1674,0,0.0031864147
Warm B,84990,552,551,2748,1674,1,0.006534041
Warm B,80360,533,532,2748,1674,0,0.0030082862
Warm B,68855,461,460,2748,1674,0,-0.00063206325
Warm B,130011,840,839,2748,1674,0,-0.0022171428
Warm B,38328,261,260,2748,1674,0,0.0062288647
Warm B,40451,272,271,2748,1674,0,-0.0027016543
Warm B,270164,1635,1634,2748,1674,0,0.004512408
Warm B,23348,167,166,2748,1674,0,0.008694645
Warm B,592154,3610,3609,2748,1674,0,0.0014520476
Warm B,5620,40,39,2748,1674,0,0.0052406644
Warm B,19488,148,147,2748,1674,0,0.0028083406
Warm B,530332,3274,3273,2748,1674,0,-0.003843576
Warm B,238190,1447,1446,2748,1674,0,-0.0018722978
Warm B,829236,4979,4978,2748,1674,0,0.0027210999
Warm B,102540,678,677,2748,1674,0,0.001187617
Warm B,255971,1560,1559,2748,1674,0,0.0032600977
Warm B,893472,5394,5393,2748,1674,0,0.008843834
Warm B,992715,5996,5995,2748,1674,0,0.0050683813
Warm B,305098,1812,1811,2748,1674,0,-0.0019925633
Warm B,28255,195,194,2748,1674,0,0.0015215441
Warm B,269219,1632,1631,2749,1675,0,0.018185262
Warm B,264718,1609,1608,2749,1675,0,0.011901636
Warm B,325558,1926,1925,2749,1675,1,0.012829067
Warm B,296582,1758,1757,2749,1675,0,0.003020125
Warm B,279786,1680,1679,2749,1675,1,0.025051981
Warm B,307648,1835,1834,2749,1675,0,0.020842701
Warm B,151711,975,974,2749,1675,0,0.011415226
Warm B,148403,955,954,2749,1675,0,0.01419485
Warm B,140563,903,902,2749,1675,1,0.006909995
Warm B,138711,889,888,2749,1675,1,0.020966263
Warm B,98455,659,658,2749,1675,0,0.0054314644
Warm B,97952,655,654,2749,1675,0,0.0154847335
Warm B,714128,4277,4276,2749,1675,0,0.018535411
Warm B,241407,1451,1450,2749,1675,0,0.019331735
Warm B,83441,549,548,2749,1675,1,0.021367393
Warm B,239239,1448,1447,2749,1675,0,0.024300423
Warm B,319531,1897,1896,2749,1675,0,0.01068379
Warm B,75373,512,511,2749,1675,0,-0.0004131745
Warm B,33542,225,224,2749,1675,1,0.016723465
Warm B,21290,156,155,2749,1675,1,0.00024774205
Warm B,15657,123,122,2749,1675,0,0.017165463
Warm B,89367,588,587,2749,1675,1,0.024591057
Warm B,19489,148,147,2749,1675,0,0.00041922997
Warm B,627029,3792,3791,2749,1675,0,0.01640452
Warm B,102542,678,677,2749,1675,1,0.014370903
Warm B,63280,424,423,2749,1675,0,0.018147785
Warm B,709995,4258,4257,2749,1675,0,0.028330907
Warm B,669866,4026,4025,2752,1677,0,0.0077645555
Warm B,668695,4021,4020,2752,1677,1,0.011922912
Warm B,667662,4016,4015,2752,1677,0,0.008500807
Warm B,684204,4089,4088,2752,1677,0,0.012113954
Warm B,664801,4001,4000,2752,1677,1,1.2810575e-05
Warm B,680363,4078,4077,2752,1677,0,0.016457189
Warm B,647833,3900,3899,2752,1677,0,0.012699916
Warm B,635184,3829,3828,2752,1677,0,0.009938482
Warm B,638515,3841,3840,2752,1677,1,0.015981965
Warm B,619608,3754,3753,2752,1677,0,0.0034522791
Warm B,614920,3724,3723,2752,1677,1,0.009024603
Warm B,613706,3717,3716,2752,1677,1,0.0129976785
Warm B,612647,3713,3712,2752,1677,0,0.008466683
Warm B,611333,3705,3704,2752,1677,0,0.007756791
Warm B,604888,3677,3676,2752,1677,0,-0.00093212933
Warm B,633549,3824,3823,2752,1677,0,0.014765406
Warm B,594245,3618,3617,2752,1677,0,0.019771691
Warm B,596833,3626,3625,2752,1677,0,0.0139203705
Warm B,622806,3769,3768,2752,1677,1,0.02046382
Warm B,583638,3562,3561,2752,1677,0,0.008966136
Warm B,577471,3526,3525,2752,1677,0,0.010802226
Warm B,581008,3547,3546,2752,1677,0,0.010160102
Warm B,557340,3423,3422,2752,1677,0,0.012750621
Warm B,554162,3410,3409,2752,1677,0,0.0013289037
Warm B,550512,3391,3390,2752,1677,0,0.0093473075
Warm B,539034,3314,3313,2752,1677,0,0.012627076
Warm B,542411,3336,3335,2752,1677,0,0.0074374457
Warm B,533583,3292,3291,2752,1677,1,0.010027994
Warm B,528328,3265,3264,2752,1677,0,0.0104129035
Warm B,540054,3320,3319,2752,1677,0,0.0025460722
Warm B,515679,3182,3181,2752,1677,0,0.013875115
Warm B,515059,3180,3179,2752,1677,0,0.0033719174
Warm B,506239,3114,3113,2752,1677,1,0.01399141
Warm B,529966,3272,3271,2752,1677,1,0.004212217
Warm B,478845,2938,2937,2752,1677,1,0.010939155
Warm B,697731,4169,4168,2752,1677,1,0.013276806
Warm B,472830,2907,2906,2752,1677,0,0.00021821586
Warm B,738535,4411,4410,2752,1677,0,0.0026387763
Warm B,474022,2909,2908,2752,1677,0,0.0054366174
Warm B,467031,2878,2877,2752,1677,0,0.012979686
Warm B,754987,4497,4496,2752,1677,0,0.0050758654
Warm B,458228,2820,2819,2752,1677,0,0.007663387
Warm B,452323,2785,2784,2752,1677,0,0.0037282403
Warm B,437130,2668,2667,2752,1677,0,0.021308748
Warm B,435434,2661,2660,2752,1677,1,0.0012404199
Warm B,430570,2624,2623,2752,1677,1,0.008330192
Warm B,446984,2753,2752,2752,1677,0,0.009846925
Warm B,412987,2484,2483,2752,1677,0,0.016843045
Warm B,409297,2456,2455,2752,1677,0,0.009711448
Warm B,403361,2409,2408,2752,1677,0,-8.4285624e-05
Warm B,395384,2335,2334,2752,1677,1,0.00169468
Warm B,382999,2237,2236,2752,1677,1,0.014037369
Warm B,377421,2203,2202,2752,1677,1,0.004651115
Warm B,364942,2124,2123,2752,1677,0,-0.0021672323
Warm B,256881,1571,1570,2752,1677,0,-0.00411943
Warm B,260183,1591,1590,2752,1677,1,0.018846458
Warm B,264724,1609,1608,2752,1677,0,0.009826871
Warm B,266028,1613,1612,2752,1677,0,0.0120910425
Warm B,262346,1600,1599,2752,1677,1,0.014653474
Warm B,242979,1465,1464,2752,1677,0,0.006434848
Warm B,227303,1377,1376,2752,1677,0,0.005604354
Warm B,357668,2092,2091,2752,1677,1,0.009438893
Warm B,222512,1346,1345,2752,1677,0,0.0048738867
Warm B,336289,1980,1979,2752,1677,0,0.01990656
Warm B,276423,1671,1670,2752,1677,1,0.013260721
Warm B,320285,1899,1898,2752,1677,1,0.008497202
Warm B,289484,1727,1726,2752,1677,0,-0.001103729
Warm B,206027,1264,1263,2752,1677,0,0.0075238533
Warm B,201024,1239,1238,2752,1677,0,0.015185866
Warm B,279814,1680,1679,2752,1677,1,0.014236355
Warm B,192199,1183,1182,2752,1677,1,0.010783244
Warm B,307663,1835,1834,2752,1677,1,0.015711538
Warm B,244172,1470,1469,2752,1677,0,0.008331023
Warm B,328600,1941,1940,2752,1677,0,0.00083725597
Warm B,165328,1053,1052,2752,1677,0,0.015440308
Warm B,166126,1058,1057,2752,1677,1,0.00315481
Warm B,331883,1958,1957,2752,1677,0,0.009636244
Warm B,154440,996,995,2752,1677,0,0.008138946
Warm B,149733,963,962,2752,1677,0,0.023315575
Warm B,185701,1150,1149,2752,1677,0,0.015358221
Warm B,138735,889,888,2752,1677,0,0.003714151
Warm B,130328,844,843,2752,1677,0,0.01434834
Warm B,160362,1019,1018,2752,1677,0,0.0031860508
Warm B,117661,757,756,2752,1677,0,0.008066703
Warm B,211277,1285,1284,2752,1677,0,0.011971682
Warm B,240449,1449,1448,2752,1677,0,0.017143082
Warm B,714134,4277,4276,2752,1677,0,0.0069315806
Warm B,94290,631,630,2752,1677,0,0.0012373119
Warm B,284464,1698,1697,2752,1677,0,0.019525427
Warm B,228497,1383,1382,2752,1677,0,0.0076042376
Warm B,97172,651,650,2752,1677,0,0.0047414834
Warm B,86809,566,565,2752,1677,0,0.0058302497
Warm B,191367,1181,1180,2752,1677,0,0.014679288
Warm B,84458,550,549,2752,1677,0,0.010385521
Warm B,80368,533,532,2752,1677,0,0.014523197
Warm B,68863,461,460,2752,1677,0,0.010035867
Warm B,61642,414,413,2752,1677,0,0.0068452093
Warm B,308887,1837,1836,2752,1677,0,0.016125266
Warm B,47574,319,318,2752,1677,0,0.015324499
Warm B,88936,587,586,2752,1677,0,0.00067107147
Warm B,38960,264,263,2752,1677,0,0.010113419
Warm B,32556,219,218,2752,1677,0,0.0015659898
Warm B,32176,216,215,2752,1677,0,-0.003490346
Warm B,25113,176,175,2752,1677,0,0.0076466757
Warm B,239254,1448,1447,2752,1677,0,0.01941337
Warm B,23167,166,165,2752,1677,0,0.0025312556
Warm B,9347,62,61,2752,1677,0,0.005317149
Warm B,1805,17,16,2752,1677,1,0.014026213
Warm B,60805,411,410,2752,1677,0,0.008836548
Warm B,207091,1266,1265,2752,1677,0,0.013667859
Warm B,686624,4107,4106,2752,1677,1,0.008601219
Warm B,19507,148,147,2752,1677,1,0.005224618
Warm B,49524,329,328,2752,1677,0,0.011172332
Warm B,122683,791,790,2752,1677,0,0.01258154
Warm B,954365,5761,5760,2752,1677,1,0.01599465
Warm B,572422,3507,3506,2752,1677,0,0.016549926
Warm B,79675,531,530,2752,1677,0,0.014189879
Warm B,102558,678,677,2752,1677,1,0.009923805
Warm B,431179,2627,2626,2752,1677,0,0.014572871
Warm B,263622,1605,1604,2752,1677,0,0.02701585
Warm B,136875,881,880,2752,1677,0,-0.00042788405
Warm B,63299,424,423,2752,1677,0,0.0056744595
Warm B,700046,4186,4185,2752,1677,0,0.011835556
Warm B,934015,5636,5635,2752,1677,0,0.008783276
Warm B,794227,4748,4747,2752,1677,0,0.015002669
Warm B,532522,3286,3285,2757,1678,0,0.0020631608
Warm B,528571,3266,3265,2757,1678,1,-0.0011074377
Warm B,522895,3224,3223,2757,1678,1,0.009141174
Warm B,520590,3210,3209,2757,1678,1,-0.0030865264
Warm B,503463,3093,3092,2757,1678,0,-0.0020181288
Warm B,714140,4277,4276,2757,1678,1,0.018251255
Warm B,852967,5113,5112,2757,1678,0,0.009655164
Warm B,448541,2764,2763,2757,1678,0,0.010027785
Warm B,431455,2628,2627,2757,1678,1,0.0030369381
Warm B,416159,2506,2505,2757,1678,0,0.0041152905
Warm B,413291,2485,2484,2757,1678,0,0.004927532
Warm B,464323,2860,2859,2757,1678,1,0.017464977
Warm B,403772,2411,2410,2757,1678,1,-0.005154442
Warm B,381769,2231,2230,2757,1678,0,0.012895321
Warm B,383001,2237,2236,2757,1678,1,0.0006544923
Warm B,378814,2211,2210,2757,1678,1,0.007883323
Warm B,376781,2199,2198,2757,1678,1,-0.0015255321
Warm B,374664,2184,2183,2757,1678,1,0.00088711013
Warm B,373070,2178,2177,2757,1678,1,0.0022877248
Warm B,372126,2173,2172,2757,1678,1,0.0015230962
Warm B,371324,2170,2169,2757,1678,1,-0.0010881964
Warm B,356133,2086,2085,2757,1678,0,0.00032023457
Warm B,354516,2075,2074,2757,1678,1,0.011920085
Warm B,353765,2072,2071,2757,1678,1,0.009682879
Warm B,353010,2067,2066,2757,1678,0,0.007346073
Warm B,347493,2038,2037,2757,1678,0,0.005769342
Warm B,343885,2019,2018,2757,1678,1,-0.0011418764
Warm B,339582,2001,2000,2757,1678,1,0.0052070008
Warm B,280974,1685,1684,2757,1678,0,0.011565041
Warm B,279827,1680,1679,2757,1678,1,0.0109384535
Warm B,269238,1632,1631,2757,1678,0,0.017453827
Warm B,264236,1607,1606,2757,1678,1,0.0010214825
Warm B,261018,1595,1594,2757,1678,0,0.005647823
Warm B,258213,1583,1582,2757,1678,1,0.003965716
Warm B,338322,1988,1987,2757,1678,1,0.0034837576
Warm B,259637,1587,1586,2757,1678,0,0.006159077
Warm B,228504,1383,1382,2757,1678,0,0.008452395
Warm B,217775,1321,1320,2757,1678,0,0.0025641182
Warm B,211827,1288,1287,2757,1678,1,0.0014854418
Warm B,200948,1238,1237,2757,1678,1,-0.0010540591
Warm B,298628,1772,1771,2757,1678,1,-0.0025602437
Warm B,188675,1170,1169,2757,1678,1,0.002771765
Warm B,165333,1053,1052,2757,1678,0,0.014318705
Warm B,320293,1899,1898,2757,1678,1,0.008226657
Warm B,140499,902,901,2757,1678,1,0.005778979
Warm B,140018,897,896,2757,1678,0,0.012372302
Warm B,131326,850,849,2757,1678,1,-0.0023235292
Warm B,124585,801,800,2757,1678,1,-0.0058117774
Warm B,111916,728,727,2757,1678,1,-0.007082345
Warm B,111738,727,726,2757,1678,0,0.011178328
Warm B,101194,675,674,2757,1678,0,-0.0029336326
Warm B,94634,635,634,2757,1678,1,0.012845922
Warm B,191377,1181,1180,2757,1678,0,0.011414617
Warm B,883505,5333,5332,2757,1678,0,0.019226914
Warm B,116539,752,751,2757,1678,1,0.008727508
Warm B,76784,520,519,2757,1678,1,0.0010967432
Warm B,639308,3842,3841,2757,1678,1,0.009565204
Warm B,42114,285,284,2757,1678,1,0.0052443827
Warm B,313006,1865,1864,2757,1678,1,0.004410098
Warm B,332280,1960,1959,2757,1678,1,0.005286296
Warm B,32186,216,215,2757,1678,0,0.01629933
Warm B,9354,62,61,2757,1678,1,0.013689175
Warm B,239259,1448,1447,2757,1678,0,0.022436975
Warm B,203709,1252,1251,2757,1678,1,0.00547783
Warm B,158586,1015,1014,2757,1678,0,0.017058767
Warm B,365875,2129,2128,2757,1678,1,0.0025873678
Warm B,249943,1505,1504,2757,1678,1,-0.0029048203
Warm B,317012,1884,1883,2757,1678,1,-1.776981e-05
Warm B,3211,24,23,2757,1678,1,0.010286974
Warm B,807782,4834,4833,2757,1678,1,0.011702401
Warm B,102568,678,677,2757,1678,1,0.012041638
Warm B,232852,1415,1414,2757,1678,0,0.009194636
Warm B,319547,1897,1896,2757,1678,1,0.0047146347
Warm B,25919,183,182,2757,1678,1,0.00303694
Warm B,397420,2353,2352,2757,1678,1,0.00025484024
Warm B,287323,1715,1714,2769,1684,1,0.008289662
Warm B,619084,3751,3750,2769,1684,0,0.007051605
Warm B,460847,2841,2840,2769,1684,0,0.006310514
Warm B,599462,3648,3647,2769,1684,0,0.0017359648
Warm B,388227,2271,2270,2769,1684,0,0.011561977
Warm B,908434,5493,5492,2769,1684,0,0.017602513
Warm B,451548,2779,2778,2769,1684,1,0.008559892
Warm B,355155,2077,2076,2769,1684,1,0.0068763304
Warm B,176146,1113,1112,2769,1684,0,0.010971064
Warm B,941815,5682,5681,2769,1684,0,-0.008551924
Warm B,984460,5949,5948,2769,1684,0,-0.0018045157
Warm B,807787,4834,4833,2769,1684,0,0.010615267
Warm B,172050,1088,1087,2769,1684,0,0.011226384
Warm B,352299,2063,2062,2769,1684,0,0.0135556515
Warm B,804556,4816,4815,2769,1684,0,-0.0005736875
Warm B,235238,1425,1424,2769,1684,1,0.009192461
Warm B,346715,2031,2030,2769,1684,0,0.005103747
Warm B,481001,2953,2952,2771,1686,0,-0.00423781
Warm B,470528,2896,2895,2771,1686,1,0.006554324
Warm B,665319,4005,4004,2771,1686,0,0.0016644225
Warm B,456606,2810,2809,2771,1686,1,0.013459575
Warm B,560039,3441,3440,2771,1686,1,-0.00058633555
Warm B,455139,2801,2800,2771,1686,0,-0.0084129665
Warm B,450390,2776,2775,2771,1686,0,0.004046472
Warm B,444847,2743,2742,2771,1686,1,0.0037881786
Warm B,563229,3464,3463,2771,1686,0,0.0015227464
Warm B,429532,2615,2614,2771,1686,0,0.0014706169
Warm B,407429,2446,2445,2771,1686,0,-0.00023404649
Warm B,394863,2331,2330,2771,1686,1,0.0017136133
Warm B,393681,2317,2316,2771,1686,1,0.0008472218
Warm B,433291,2641,2640,2771,1686,0,0.0039558425
Warm B,387950,2270,2269,2771,1686,0,0.002655956
Warm B,386740,2261,2260,2771,1686,0,0.007400555
Warm B,376791,2199,2198,2771,1686,0,-0.0029839673
Warm B,370576,2166,2165,2771,1686,1,-0.0031852042
Warm B,382541,2235,2234,2771,1686,0,-0.0053435815
Warm B,363402,2116,2115,2771,1686,1,0.0075608757
Warm B,358024,2095,2094,2771,1686,0,-0.00058728224
Warm B,354329,2073,2072,2771,1686,0,-0.004860344
Warm B,349688,2052,2051,2771,1686,0,0.0031734798
Warm B,348672,2043,2042,2771,1686,0,-0.0045729224
Warm B,345671,2027,2026,2771,1686,1,0.0013506818
Warm B,340004,2005,2004,2771,1686,0,0.0043226415
Warm B,336765,1982,1981,2771,1686,0,0.0066792555
Warm B,332858,1962,1961,2771,1686,0,0.0032563773
Warm B,340929,2010,2009,2771,1686,0,0.004251138
Warm B,325950,1929,1928,2771,1686,0,-0.0028125192
Warm B,311383,1854,1853,2771,1686,0,0.009112765
Warm B,306679,1828,1827,2771,1686,0,-0.0037380902
Warm B,314218,1875,1874,2771,1686,0,0.0060685575
Warm B,298480,1769,1768,2771,1686,0,0.003699043
Warm B,306859,1831,1830,2771,1686,0,-0.002956605
Warm B,278387,1679,1678,2771,1686,0,0.003934619
Warm B,275260,1666,1665,2771,1686,0,-0.0023041274
Warm B,264435,1608,1607,2771,1686,0,0.0009794754
Warm B,265277,1611,1610,2771,1686,0,-0.003250524
Warm B,256965,1572,1571,2771,1686,1,-0.0021939613
Warm B,250962,1514,1513,2771,1686,0,0.0036876285
Warm B,233197,1418,1417,2771,1686,0,-0.00084935204
Warm B,237237,1442,1441,2771,1686,0,0.00082749175
Warm B,214161,1300,1299,2771,1686,0,-0.0019802824
Warm B,194069,1195,1194,2771,1686,1,0.0024907412
Warm B,196739,1207,1206,2771,1686,0,0.0014045937
Warm B,321761,1908,1907,2771,1686,1,-0.0035988996
Warm B,189515,1173,1172,2771,1686,0,0.0029618794
Warm B,189121,1172,1171,2771,1686,0,0.010389164
Warm B,186515,1153,1152,2771,1686,0,0.008653141
Warm B,205433,1263,1262,2771,1686,0,-0.0056699575
Warm B,168681,1069,1068,2771,1686,0,-0.0011320275
Warm B,175775,1112,1111,2771,1686,0,0.002400685
Warm B,270511,1636,1635,2771,1686,0,-0.00079237926
Warm B,203616,1251,1250,2771,1686,0,0.0056342864
Warm B,151749,975,974,2771,1686,0,-0.0016822848
Warm B,221623,1340,1339,2771,1686,0,0.0026255557
Warm B,148863,957,956,2771,1686,0,0.008187121
Warm B,150795,970,969,2771,1686,1,-0.001959921
Warm B,245379,1482,1481,2771,1686,0,0.0013052006
Warm B,139862,896,895,2771,1686,0,0.0031401278
Warm B,157235,1010,1009,2771,1686,0,0.003261881
Warm B,135199,875,874,2771,1686,1,-0.0029244828
Warm B,182230,1137,1136,2771,1686,0,0.002937308
Warm B,128086,828,827,2771,1686,1,0.0027510547
Warm B,263683,1605,1604,2771,1686,0,0.0021904614
Warm B,122087,787,786,2771,1686,0,-0.0030032326
Warm B,361110,2106,2105,2771,1686,0,0.0076389783
Warm B,110448,720,719,2771,1686,1,-0.0025909757
Warm B,109451,714,713,2771,1686,1,0.005266297
Warm B,117099,754,753,2771,1686,0,0.0063563436
Warm B,101197,675,674,2771,1686,0,-0.0024461672
Warm B,87340,570,569,2771,1686,0,-0.0021085767
Warm B,239318,1448,1447,2771,1686,0,0.0028834897
Warm B,72858,492,491,2771,1686,1,-0.00040368404
Warm B,197468,1211,1210,2771,1686,1,0.0073659057
Warm B,64374,429,428,2771,1686,0,0.004173347
Warm B,61983,416,415,2771,1686,1,-0.004089126
Warm B,155509,1001,1000,2771,1686,0,0.0008419473
Warm B,43138,295,294,2771,1686,0,-8.35089e-05
Warm B,57001,385,384,2771,1686,0,0.006602469
Warm B,287500,1716,1715,2771,1686,0,-0.0024322362
Warm B,40508,272,271,2771,1686,0,0.004371603
Warm B,21088,154,153,2771,1686,0,0.0076274434
Warm B,17309,135,134,2771,1686,0,0.0029175263
Warm B,10700,77,76,2771,1686,0,-0.0014894484
Warm B,223784,1354,1353,2771,1686,0,-0.0038707363
Warm B,79722,531,530,2771,1686,0,0.0023827069
Warm B,352323,2063,2062,2771,1686,0,0.0032096913
Warm B,257934,1579,1578,2771,1686,0,-0.0042539397
Warm B,483306,2969,2968,2771,1686,1,0.005881691
Warm B,12104,92,91,2771,1686,0,-0.0033799023
Warm B,556639,3420,3419,2771,1686,1,0.0023011034
Warm B,429301,2611,2610,2771,1686,0,0.0037855916
Warm B,302296,1794,1793,2771,1686,0,0.0071044373
Warm B,541724,3333,3332,2771,1686,0,-0.003217262
Warm B,331924,1958,1957,2771,1686,0,0.00029913662
Warm B,599473,3648,3647,2771,1686,0,-0.001334808
Warm B,907883,5492,5491,2771,1686,0,-6.2411185e-05
Warm B,195745,1203,1202,2771,1686,0,0.0013848622
Warm B,496653,3051,3050,2771,1686,0,0.010644675
Warm B,476481,2926,2925,2771,1686,0,0.002447601
Warm B,235256,1425,1424,2771,1686,1,0.0008437047
Warm B,187100,1160,1159,2771,1686,0,0.0007732357
Warm B,434954,2655,2654,2771,1686,0,0.0019064466
Warm B,136927,881,880,2771,1686,0,-0.0015809841
Warm B,13364,104,103,2771,1686,0,0.0017499009
Warm B,172069,1088,1087,2771,1686,0,-0.0034419196
Warm B,902264,5453,5452,2771,1686,0,0.0006793598
Warm B,193898,1194,1193,2771,1686,0,-0.000764837
Warm B,34000,229,228,2771,1686,1,-0.00054235815
Warm B,750717,4478,4477,2774,1688,0,0.01175745
Warm B,24473,173,172,2774,1688,0,0.00084572914
Warm B,90034,593,592,2774,1688,1,0.0007558358
Warm B,880223,5317,5316,2774,1688,1,0.004383211
Warm B,665322,4005,4004,2774,1688,1,0.0036144797
Warm B,5211,36,35,2774,1688,1,0.000894855
Warm B,986834,5956,5955,2774,1688,0,0.009425984
Warm B,682762,4085,4084,2774,1688,0,0.0006636939
Warm B,231773,1404,1403,2780,1690,0,0.009703383
Warm B,224558,1357,1356,2780,1690,0,0.007338321
Warm B,328741,1941,1940,2780,1690,0,0.005462002
Warm B,182902,1140,1139,2780,1690,1,0.0010675346
Warm B,159443,1017,1016,2780,1690,1,0.0007654445
Warm B,221648,1340,1339,2780,1690,0,0.0044483775
Warm B,118148,764,763,2780,1690,1,0.0025040125
Warm B,160434,1019,1018,2780,1690,0,0.008875588
Warm B,70941,476,475,2780,1690,1,0.0027322017
Warm B,68460,460,459,2780,1690,0,-0.004602394
Warm B,69128,462,461,2780,1690,0,0.007880513
Warm B,57652,390,389,2780,1690,0,0.013979945
Warm B,63396,424,423,2780,1690,1,0.010830296
Warm B,41244,278,277,2780,1690,1,0.0062884893
Warm B,36664,245,244,2780,1690,0,0.0021699546
Warm B,26831,190,189,2780,1690,0,0.004829037
Warm B,4166,31,30,2780,1690,0,-0.0042272117
Warm B,161443,1029,1028,2780,1690,0,0.010555426
Warm B,808582,4842,4841,2780,1690,0,0.0016355936
Warm B,115556,749,748,2780,1690,0,0.0066372566
Warm B,24488,173,172,2780,1690,0,0.0074369116
Warm B,271864,1643,1642,2780,1690,0,0.002189968
Warm B,328743,1941,1940,2781,1691,0,0.009267962
Warm B,238292,1447,1446,2781,1691,0,0.019102648
Warm B,63399,424,423,2781,1691,1,0.0111694
Warm B,383039,2237,2236,2782,1692,0,0.007599783
Warm B,378015,2205,2204,2782,1692,0,-0.0046715783
Warm B,374430,2181,2180,2782,1692,1,-0.004139734
Warm B,368656,2155,2154,2782,1692,1,6.7710294e-05
Warm B,369107,2157,2156,2782,1692,1,0.003265539
Warm B,364993,2124,2123,2782,1692,1,0.007167259
Warm B,436715,2665,2664,2782,1692,1,0.010838464
Warm B,361930,2109,2108,2782,1692,1,-0.00348015
Warm B,356561,2088,2087,2782,1692,0,0.006414029
Warm B,344484,2021,2020,2782,1692,0,0.00063132215
Warm B,339430,1999,1998,2782,1692,0,-0.0063454523
Warm B,334351,1973,1972,2782,1692,0,0.000552758
Warm B,300758,1781,1780,2782,1692,1,-0.007075239
Warm B,316001,1882,1881,2782,1692,1,0.0003480917
Warm B,288345,1722,1721,2782,1692,1,0.0053358143
Warm B,224559,1357,1356,2782,1692,1,0.013046289
Warm B,328747,1941,1940,2782,1692,0,0.009448153
Warm B,182905,1140,1139,2782,1692,0,0.0105237365
Warm B,159445,1017,1016,2782,1692,1,0.0019851131
Warm B,158688,1015,1014,2782,1692,0,-0.0023573982
Warm B,324049,1920,1919,2782,1692,0,-0.0070263604
Warm B,199646,1224,1223,2782,1692,1,-0.002984736
Warm B,133887,868,867,2782,1692,1,-0.0035091883
Warm B,131364,850,849,2782,1692,1,-0.00014743209
Warm B,315604,1880,1879,2782,1692,0,0.010340815
Warm B,124344,800,799,2782,1692,1,0.006346262
Warm B,118149,764,763,2782,1692,1,0.0070082643
Warm B,115557,749,748,2782,1692,0,-0.0019615253
Warm B,75108,509,508,2782,1692,1,0.0129403975
Warm B,45237,305,304,2782,1692,1,0.008905103
Warm B,35589,240,239,2782,1692,0,0.0036134794
Warm B,714189,4277,4276,2782,1692,0,0.0010770417
Warm B,32261,216,215,2782,1692,1,-0.0031175213
Warm B,9404,62,61,2782,1692,1,0.00140876
Warm B,238293,1447,1446,2782,1692,0,0.009225207
Warm B,174351,1101,1100,2782,1692,0,-0.0014412265
Warm B,2413,19,18,2782,1692,0,0.0025647453
Warm B,490983,3018,3017,2782,1692,1,0.0013509514
Warm B,293966,1748,1747,2782,1692,0,0.0076262676
Warm B,349408,2050,2049,2782,1692,1,0.0011441181
Warm B,622399,3768,3767,2782,1692,1,0.008243523
Warm B,892024,5387,5386,2782,1692,0,0.011577787
Warm B,474121,2909,2908,2782,1692,1,0.0049920874
Warm B,24491,173,172,2782,1692,0,0.0068646776
Warm B,52230,343,342,2782,1692,1,0.005468267
Warm B,63401,424,423,2782,1692,1,0.0037646568
Warm B,241490,1451,1450,2782,1692,0,0.0125175305
Warm B,697804,4169,4168,2784,1693,1,0.020395838
Warm B,490984,3018,3017,2784,1693,1,0.00881671
Warm B,421248,2544,2543,2784,1693,0,-0.0013148151
Warm B,185800,1150,1149,2786,1694,0,0.0035457339
Warm B,122268,788,787,2786,1694,0,0.005947276
Warm B,352373,2063,2062,2786,1694,0,-0.0039464664
Warm B,83555,549,548,2786,1694,0,0.0067659393
Warm B,119544,770,769,2786,1694,0,0.012236996
Warm B,132710,855,854,2786,1694,0,0.0019629695
Warm B,239354,1448,1447,2786,1694,0,0.010681525
Warm B,8181,56,55,2786,1694,0,0.0058180466
Warm B,234381,1422,1421,2786,1694,0,0.00049741566
Warm B,299245,1776,1775,2786,1694,0,0.0022274533
Warm B,263712,1605,1604,2786,1694,0,0.01279588
Warm B,295778,1755,1754,2786,1694,1,0.008805748
Warm B,634210,3825,3824,2787,1695,0,0.014587173
Warm B,628861,3807,3806,2787,1695,0,0.010895785
Warm B,628226,3804,3803,2787,1695,0,-0.0014080715
Warm B,627998,3801,3800,2787,1695,1,-0.0036381183
Warm B,638619,3841,3840,2787,1695,0,0.0071414853
Warm B,623573,3771,3770,2787,1695,0,0.0006878928
Warm B,625171,3778,3777,2787,1695,0,0.0006968584
Warm B,745547,4448,4447,2787,1695,1,0.01081988
Warm B,633650,3824,3823,2787,1695,0,0.0088181
Warm B,596918,3626,3625,2787,1695,0,0.017089505
Warm B,654379,3942,3941,2787,1695,0,0.01708487
Warm B,584868,3569,3568,2787,1695,0,0.015665319
Warm B,759391,4510,4509,2787,1695,0,0.022862814
Warm B,577805,3528,3527,2787,1695,0,0.0064293826
Warm B,569508,3491,3490,2787,1695,1,0.014572473
Warm B,560248,3442,3441,2787,1695,0,0.0019272398
Warm B,613729,3717,3716,2787,1695,1,0.009619733
Warm B,539061,3314,3313,2787,1695,0,0.0056488654
Warm B,537512,3311,3310,2787,1695,0,0.007892033
Warm B,536289,3308,3307,2787,1695,0,0.0064624464
Warm B,528378,3265,3264,2787,1695,0,0.009919454
Warm B,566506,3476,3475,2787,1695,0,0.0031327724
Warm B,606062,3681,3680,2787,1695,1,0.008204323
Warm B,513167,3163,3162,2787,1695,0,0.012066828
Warm B,499749,3067,3066,2787,1695,0,0.006827171
Warm B,490987,3018,3017,2787,1695,0,0.00529238
Warm B,540109,3320,3319,2787,1695,0,0.012561981
Warm B,476926,2928,2927,2787,1695,0,0.012183765
Warm B,697812,4169,4168,2787,1695,0,0.022825524
Warm B,474126,2909,2908,2787,1695,1,0.007306262
Warm B,755007,4497,4496,2787,1695,0,0.0007390119
Warm B,463623,2857,2856,2787,1695,1,0.017704485
Warm B,426634,2590,2589,2787,1695,0,0.0050559444
Warm B,424837,2576,2575,2787,1695,0,3.4777448e-05
Warm B,397243,2352,2351,2787,1695,0,0.001284793
Warm B,389123,2279,2278,2787,1695,1,0.003727298
Warm B,386202,2258,2257,2787,1695,0,0.00065526867
Warm B,381158,2228,2227,2787,1695,0,0.005498828
Warm B,378018,2205,2204,2787,1695,0,0.013969676
Warm B,374438,2181,2180,2787,1695,0,0.015634758
Warm B,368938,2156,2155,2787,1695,0,0.006720987
Warm B,292716,1742,1741,2787,1695,1,-0.0053253635
Warm B,290999,1736,1735,2787,1695,0,0.0035807174
Warm B,279983,1680,1679,2787,1695,0,0.013950845
Warm B,277186,1675,1674,2787,1695,0,0.0023041535
Warm B,282787,1694,1693,2787,1695,1,0.0044546444
Warm B,267681,1626,1625,2787,1695,0,0.014375024
Warm B,257299,1578,1577,2787,1695,0,0.00713195
Warm B,247931,1496,1495,2787,1695,0,0.01970704
Warm B,321429,1904,1903,2787,1695,0,0.007692904
Warm B,213982,1299,1298,2787,1695,0,-0.0048466288
Warm B,328759,1941,1940,2787,1695,0,0.011443703
Warm B,307742,1835,1834,2787,1695,0,0.01378819
Warm B,180477,1128,1127,2787,1695,0,0.017890403
Warm B,196769,1207,1206,2787,1695,0,0.013961235
Warm B,184152,1146,1145,2787,1695,0,0.00085987966
Warm B,175798,1112,1111,2787,1695,0,0.0086908275
Warm B,159456,1017,1016,2787,1695,0,0.0023255628
Warm B,157268,1010,1009,2787,1695,0,0.00950384
Warm B,133888,868,867,2787,1695,1,0.0031645026
Warm B,233514,1420,1419,2787,1695,1,0.0071604005
Warm B,315610,1880,1879,2787,1695,0,0.0055534765
Warm B,240553,1449,1448,2787,1695,0,0.0063010515
Warm B,272398,1645,1644,2787,1695,0,0.0038834
Warm B,211387,1285,1284,2787,1695,1,0.0041332114
Warm B,92857,621,620,2787,1695,0,0.002372883
Warm B,140789,904,903,2787,1695,1,0.010177595
Warm B,81937,543,542,2787,1695,1,0.014792775
Warm B,77911,524,523,2787,1695,1,0.004045493
Warm B,80408,533,532,2787,1695,0,0.011924448
Warm B,308939,1837,1836,2787,1695,0,0.015348926
Warm B,57659,390,389,2787,1695,1,0.005810743
Warm B,132712,855,854,2787,1695,0,0.012098251
Warm B,45244,305,304,2787,1695,0,0.00033345493
Warm B,177227,1117,1116,2787,1695,0,0.02290129
Warm B,270241,1635,1634,2787,1695,1,0.021317318
Warm B,239356,1448,1447,2787,1695,1,0.0074447826
Warm B,14622,117,116,2787,1695,0,0.0051997798
Warm B,7914,53,52,2787,1695,1,0.007863857
Warm B,207164,1266,1265,2787,1695,0,0.00056507764
Warm B,864135,5205,5204,2787,1695,0,0.008646359
Warm B,552662,3401,3400,2787,1695,0,0.0076180855
Warm B,365911,2129,2128,2787,1695,0,0.005062495
Warm B,299247,1776,1775,2787,1695,0,-0.0023858454
Warm B,573007,3509,3508,2787,1695,0,0.008792494
Warm B,622402,3768,3767,2787,1695,0,0.0036888313
Warm B,102664,678,677,2787,1695,0,-0.0090457015
Warm B,317949,1889,1888,2787,1695,1,0.0057559465
Warm B,305160,1812,1811,2787,1695,0,0.013288561
Warm B,352377,2063,2062,2787,1695,0,0.018220859
Warm B,329593,1943,1942,2787,1695,0,0.00527195
Warm B,115566,749,748,2787,1695,0,0.002585291
Warm B,562802,3462,3461,2787,1695,0,-0.0029367525
Warm B,336389,1980,1979,2787,1695,0,0.00076204306
Warm B,322726,1912,1911,2787,1695,0,0.0029563783
Warm B,408444,2453,2452,2787,1695,0,0.013315299
Warm B,331956,1958,1957,2787,1695,0,0.0005350306
Warm B,63409,424,423,2787,1695,0,0.010834787
Warm B,116615,752,751,2787,1695,0,0.005297753
Warm B,588648,3590,3589,2787,1695,1,0.011452325
Warm B,710013,4258,4257,2787,1695,0,0.012939036
Warm B,235282,1425,1424,2787,1695,0,0.008712707
Warm B,629927,3808,3807,2789,1697,1,0.011276698
Warm B,628000,3801,3800,2789,1697,0,0.011337667
Warm B,638623,3841,3840,2789,1697,1,0.004806176
Warm B,623577,3771,3770,2789,1697,1,0.012882763
Warm B,619635,3754,3753,2789,1697,1,0.010578748
Warm B,615830,3727,3726,2789,1697,0,0.012411062
Warm B,745550,4448,4447,2789,1697,0,0.008338983
Warm B,603199,3670,3669,2789,1697,0,-8.1291306e-05
Warm B,621378,3762,3761,2789,1697,0,0.012831056
Warm B,719048,4305,4304,2789,1697,0,0.019795436
Warm B,577806,3528,3527,2789,1697,0,0.008503456
Warm B,569512,3491,3490,2789,1697,1,0.017684422
Warm B,584870,3569,3568,2789,1697,1,0.007769499
Warm B,554234,3410,3409,2789,1697,0,0.010036131
Warm B,537518,3311,3310,2789,1697,0,0.009192902
Warm B,524251,3231,3230,2789,1697,1,0.0036903187
Warm B,519841,3207,3206,2789,1697,1,0.009127475
Warm B,518922,3201,3200,2789,1697,0,0.006638496
Warm B,518270,3198,3197,2789,1697,1,0.0082771
Warm B,522983,3224,3223,2789,1697,0,0.008307824
Warm B,566508,3476,3475,2789,1697,0,0.013509985
Warm B,476929,2928,2927,2789,1697,0,0.012320588
Warm B,697815,4169,4168,2789,1697,0,0.01923831
Warm B,485330,2986,2985,2789,1697,0,0.009552304
Warm B,710370,4260,4259,2789,1697,0,0.013562284
Warm B,463626,2857,2856,2789,1697,0,0.017566511
Warm B,462302,2852,2851,2789,1697,0,0.0048332466
Warm B,458298,2820,2819,2789,1697,0,0.005292113
Warm B,790881,4728,4727,2789,1697,1,0.01818549
Warm B,433803,2643,2642,2789,1697,1,0.007723395
Warm B,430781,2625,2624,2789,1697,0,0.014524717
Warm B,414780,2496,2495,2789,1697,0,0.016145412
Warm B,409828,2457,2456,2789,1697,0,0.00970394
Warm B,397246,2352,2351,2789,1697,0,0.0008745014
Warm B,405578,2429,2428,2789,1697,0,0.0015410142
Warm B,389124,2279,2278,2789,1697,0,0.012735961
Warm B,406827,2444,2443,2789,1697,0,0.005628668
Warm B,386204,2258,2257,2789,1697,0,0.000610908
Warm B,383043,2237,2236,2789,1697,0,0.010913894
Warm B,378019,2205,2204,2789,1697,0,0.01586428
Warm B,370106,2164,2163,2789,1697,0,0.012233107
Warm B,357949,2094,2093,2789,1697,0,0.0098909605
Warm B,359598,2102,2101,2789,1697,0,0.01768602
Warm B,364999,2124,2123,2789,1697,1,0.011222025
Warm B,361935,2109,2108,2789,1697,0,0.0165495
Warm B,305409,1816,1815,2789,1697,1,0.013998902
Warm B,305964,1820,1819,2789,1697,0,0.009641774
Warm B,288349,1722,1721,2789,1697,0,0.0029151535
Warm B,300589,1780,1779,2789,1697,0,0.011393379
Warm B,279988,1680,1679,2789,1697,0,0.0130165145
Warm B,277187,1675,1674,2789,1697,0,0.006602505
Warm B,278295,1678,1677,2789,1697,1,0.008529123
Warm B,281001,1685,1684,2789,1697,0,0.005227865
Warm B,247935,1496,1495,2789,1697,0,0.015524261
Warm B,350814,2059,2058,2789,1697,1,0.0039756116
Warm B,243033,1465,1464,2789,1697,0,0.009173803
Warm B,226444,1370,1369,2789,1697,0,-5.2131945e-05
Warm B,436718,2665,2664,2789,1697,1,0.016021045
Warm B,213701,1298,1297,2789,1697,1,0.010883202
Warm B,294519,1749,1748,2789,1697,0,0.0053329375
Warm B,197077,1209,1208,2789,1697,0,0.014777632
Warm B,328765,1941,1940,2789,1697,0,0.0063894875
Warm B,177708,1119,1118,2789,1697,0,0.019986488
Warm B,176429,1115,1114,2789,1697,0,0.0032922188
Warm B,184155,1146,1145,2789,1697,0,-0.0003749337
Warm B,159459,1017,1016,2789,1697,0,0.0056470903
Warm B,324054,1920,1919,2789,1697,0,0.01891229
Warm B,235966,1428,1427,2789,1697,1,-0.0012617655
Warm B,133890,868,867,2789,1697,0,0.0019068224
Warm B,233515,1420,1419,2789,1697,1,0.005695975
Warm B,131367,850,849,2789,1697,1,0.0073095043
Warm B,115569,749,748,2789,1697,1,0.016994338
Warm B,130619,846,845,2789,1697,0,0.011201618
Warm B,97219,651,650,2789,1697,1,0.02394172
Warm B,95076,637,636,2789,1697,1,0.014153481
Warm B,394319,2323,2322,2789,1697,0,0.0056705372
Warm B,191485,1181,1180,2789,1697,0,0.019274741
Warm B,239358,1448,1447,2789,1697,0,0.01479464
Warm B,83558,549,548,2789,1697,1,0.016172048
Warm B,80412,533,532,2789,1697,0,0.016816653
Warm B,57662,390,389,2789,1697,1,0.009287391
Warm B,63415,424,423,2789,1697,1,0.017104153
Warm B,211391,1285,1284,2789,1697,0,0.013727469
Warm B,48022,321,320,2789,1697,1,0.019076642
Warm B,41252,278,277,2789,1697,0,0.0069936924
Warm B,41067,276,275,2789,1697,0,0.006499299
Warm B,36673,245,244,2789,1697,0,0.012579811
Warm B,99918,667,666,2789,1697,1,0.0021823803
Warm B,22869,165,164,2789,1697,1,0.0052037905
Warm B,947795,5722,5721,2789,1697,0,0.008120844
Warm B,192779,1186,1185,2789,1697,1,0.008101812
Warm B,15751,123,122,2789,1697,1,0.019384481
Warm B,7917,53,52,2789,1697,1,0.007572983
Warm B,2416,19,18,2789,1697,0,0.0041612517
Warm B,552665,3401,3400,2789,1697,0,0.009398092
Warm B,238303,1447,1446,2789,1697,0,0.017618164
Warm B,174355,1101,1100,2789,1697,0,0.007855048
Warm B,365912,2129,2128,2789,1697,0,0.008353947
Warm B,31087,208,207,2789,1697,0,0.011101423
Warm B,299250,1776,1775,2789,1697,1,0.009575808
Warm B,102666,678,677,2789,1697,0,0.012172941
Warm B,474421,2910,2909,2789,1697,0,0.00819317
Warm B,178400,1120,1119,2789,1697,1,0.018492935
Warm B,241493,1451,1450,2789,1697,0,0.004001625
Warm B,633655,3824,3823,2789,1697,0,0.014102817
Warm B,241502,1451,1450,2790,1698,0,0.0054460396
Warm B,872726,5269,5268,2798,1706,0,0.012077915
Warm B,572514,3507,3506,2798,1706,1,0.0026102266
Warm B,659301,3971,3970,2798,1706,0,0.011525441
Warm B,581457,3550,3549,2798,1706,0,0.010436921
Warm B,555982,3416,3415,2798,1706,0,0.0023851155
Warm B,557050,3422,3421,2798,1706,0,0.0070275697
Warm B,771919,4600,4599,2798,1706,0,0.00865319
Warm B,573018,3509,3508,2798,1706,0,0.013413729
Warm B,575614,3519,3518,2798,1706,0,0.0066680238
Warm B,550645,3391,3390,2798,1706,0,0.0063192556
Warm B,547670,3378,3377,2798,1706,0,0.00470606
Warm B,537541,3311,3310,2798,1706,0,0.009321467
Warm B,536300,3308,3307,2798,1706,0,0.012392286
Warm B,533997,3295,3294,2798,1706,0,0.0049332213
Warm B,584884,3569,3568,2798,1706,0,0.015308827
Warm B,519127,3202,3201,2798,1706,0,0.002468493
Warm B,532417,3285,3284,2798,1706,0,0.0072806245
Warm B,515107,3180,3179,2798,1706,0,0.0045441287
Warm B,499767,3067,3066,2798,1706,0,0.01186857
Warm B,494569,3032,3031,2798,1706,1,0.009449406
Warm B,493603,3031,3030,2798,1706,0,0.008025008
Warm B,487508,2998,2997,2798,1706,0,0.008813048
Warm B,485352,2986,2985,2798,1706,0,0.015928509
Warm B,474160,2909,2908,2798,1706,0,0.009495344
Warm B,487239,2996,2995,2798,1706,0,0.0061632106
Warm B,450414,2776,2775,2798,1706,0,0.012520008
Warm B,451233,2777,2776,2798,1706,0,0.0075001447
Warm B,420583,2541,2540,2798,1706,0,0.01280606
Warm B,419982,2537,2536,2798,1706,0,0.003584903
Warm B,399617,2378,2377,2798,1706,0,-0.0050285785
Warm B,390207,2288,2287,2798,1706,0,0.004217015
Warm B,356081,2085,2084,2798,1706,0,0.005542136
Warm B,352408,2063,2062,2798,1706,0,0.017188039
Warm B,436739,2665,2664,2798,1706,0,0.012486888
Warm B,361948,2109,2108,2798,1706,0,0.004456979
Warm B,341847,2012,2011,2798,1706,0,0.0065877885
Warm B,288164,1721,1720,2798,1706,0,-0.0001447571
Warm B,281442,1687,1686,2798,1706,1,0.0033910568
Warm B,299265,1776,1775,2798,1706,0,0.0057661505
Warm B,275283,1666,1665,2798,1706,0,0.014174347
Warm B,286352,1709,1708,2798,1706,0,0.012779556
Warm B,266112,1613,1612,2798,1706,0,0.015676398
Warm B,236098,1430,1429,2798,1706,0,0.011737354
Warm B,224360,1356,1355,2798,1706,0,0.0031921312
Warm B,213112,1297,1296,2798,1706,0,0.008150481
Warm B,278050,1676,1675,2798,1706,0,0.008796912
Warm B,261985,1599,1598,2798,1706,0,0.010289582
Warm B,280035,1680,1679,2798,1706,0,0.016254906
Warm B,213720,1298,1297,2798,1706,0,0.006520532
Warm B,196787,1207,1206,2798,1706,0,0.010920353
Warm B,236515,1434,1433,2798,1706,0,0.006399644
Warm B,179867,1125,1124,2798,1706,1,0.011735067
Warm B,175816,1112,1111,2798,1706,0,0.007797051
Warm B,328797,1941,1940,2798,1706,0,0.009245429
Warm B,164091,1050,1049,2798,1706,0,0.008864256
Warm B,272414,1645,1644,2798,1706,0,0.014208367
Warm B,164907,1051,1050,2798,1706,0,0.015045828
Warm B,136975,881,880,2798,1706,0,0.007046526
Warm B,332897,1962,1961,2798,1706,0,0.009502005
Warm B,121619,781,780,2798,1706,0,0.0016235395
Warm B,178412,1120,1119,2798,1706,0,0.008052709
Warm B,361160,2106,2105,2798,1706,0,0.0038581288
Warm B,120635,777,776,2798,1706,0,0.0066043707
Warm B,106351,699,698,2798,1706,0,0.010822544
Warm B,101544,676,675,2798,1706,0,-0.0016417261
Warm B,109475,714,713,2798,1706,0,0.008186236
Warm B,99103,660,659,2798,1706,0,0.011920895
Warm B,96520,647,646,2798,1706,0,0.007180808
Warm B,77939,524,523,2798,1706,0,0.01574847
Warm B,299847,1778,1777,2798,1706,0,0.006684578
Warm B,119566,770,769,2798,1706,0,0.003730739
Warm B,81958,543,542,2798,1706,0,0.0064202226
Warm B,73194,494,493,2798,1706,0,-0.0047617937
Warm B,87132,569,568,2798,1706,0,0.0068986304
Warm B,67597,453,452,2798,1706,0,0.011794819
Warm B,65603,438,437,2798,1706,0,0.009609571
Warm B,251276,1516,1515,2798,1706,0,0.015643783
Warm B,58204,392,391,2798,1706,0,0.0022443135
Warm B,240587,1449,1448,2798,1706,0,0.0049999338
Warm B,44758,302,301,2798,1706,0,0.013790844
Warm B,39638,268,267,2798,1706,0,0.012493985
Warm B,32293,216,215,2798,1706,0,0.0140186045
Warm B,337252,1983,1982,2798,1706,0,0.012911807
Warm B,96763,649,648,2798,1706,0,0.0066273026
Warm B,30058,202,201,2798,1706,0,0.0077616964
Warm B,291741,1737,1736,2798,1706,0,0.008478852
Warm B,235301,1425,1424,2798,1706,0,0.008029229
Warm B,49647,329,328,2798,1706,0,0.01141352
Warm B,15772,123,122,2798,1706,0,0.003432345
Warm B,3636,26,25,2798,1706,0,0.0049347933
Warm B,363452,2116,2115,2798,1706,0,0.0109943375
Warm B,329615,1943,1942,2798,1706,0,0.0057041864
Warm B,331977,1958,1957,2798,1706,0,0.009489048
Warm B,160471,1019,1018,2798,1706,0,-0.0008692371
Warm B,907888,5492,5491,2798,1706,0,0.006249426
Warm B,893522,5394,5393,2798,1706,0,0.005640244
Warm B,116936,753,752,2798,1706,1,0.0008570523
Warm B,273313,1647,1646,2798,1706,0,0.014951188
Warm B,257973,1579,1578,2798,1706,0,0.0066867894
Warm B,461668,2847,2846,2798,1706,0,0.002221711
Warm B,288165,1721,1720,2799,1707,0,0.0053632194
Warm B,281444,1687,1686,2799,1707,0,0.005342855
Warm B,266115,1613,1612,2799,1707,0,0.012231434
Warm B,224362,1356,1355,2799,1707,0,0.010915321
Warm B,296916,1759,1758,2799,1707,0,-0.004299148
Warm B,213115,1297,1296,2799,1707,0,0.0060243676
Warm B,278053,1676,1675,2799,1707,0,0.0055149514
Warm B,280039,1680,1679,2799,1707,0,0.009505629
Warm B,236516,1434,1433,2799,1707,0,0.010480752
Warm B,183667,1142,1141,2799,1707,0,0.007493655
Warm B,177253,1117,1116,2799,1707,0,0.00043537648
Warm B,178415,1120,1119,2799,1707,0,0.012992061
Warm B,175820,1112,1111,2799,1707,0,0.012311151
Warm B,136978,881,880,2799,1707,0,0.0054158247
Warm B,332900,1962,1961,2799,1707,0,0.0062248977
Warm B,361163,2106,2105,2799,1707,0,0.0015963966
Warm B,120637,777,776,2799,1707,0,0.0026460867
Warm B,106353,699,698,2799,1707,0,0.004596152
Warm B,179870,1125,1124,2799,1707,0,0.0035855605
Warm B,101546,676,675,2799,1707,0,0.0039978065
Warm B,299849,1778,1777,2799,1707,0,0.0038310948
Warm B,119568,770,769,2799,1707,0,0.005251834
Warm B,73195,494,493,2799,1707,0,0.0034891844
Warm B,87134,569,568,2799,1707,1,0.0039791
Warm B,251278,1516,1515,2799,1707,0,0.0128878765
Warm B,44762,302,301,2799,1707,0,0.012606494
Warm B,39641,268,267,2799,1707,0,-0.003645763
Warm B,240589,1449,1448,2799,1707,0,0.007752942
Warm B,96764,649,648,2799,1707,0,0.0031014623
Warm B,49650,329,328,2799,1707,0,-6.707292e-05
Warm B,363455,2116,2115,2799,1707,1,0.0012334979
Warm B,573020,3509,3508,2799,1707,0,0.005936447
Warm B,272416,1645,1644,2799,1707,0,0.017760353
Warm B,116938,753,752,2799,1707,0,0.010720614
Warm B,342856,2015,2014,2799,1707,0,0.0086584445
Warm B,273315,1647,1646,2799,1707,0,0.0065201097
Warm B,235303,1425,1424,2799,1707,0,0.015013065
Warm B,461671,2847,2846,2799,1707,0,0.008504103
Warm B,257976,1579,1578,2799,1707,0,0.008218402
Warm B,185087,1150,1149,2801,1708,0,0.011668613
Warm B,201455,1242,1241,2801,1708,1,0.00505088
Warm B,174478,1103,1102,2801,1708,0,0.0151785705
Warm B,169781,1078,1077,2801,1708,1,0.013597285
Warm B,169090,1073,1072,2801,1708,1,0.0074314987
Warm B,148251,955,954,2801,1708,0,-0.001032272
Warm B,131822,854,853,2801,1708,0,0.014371545
Warm B,131075,850,849,2801,1708,1,0.014520341
Warm B,223431,1354,1353,2801,1708,0,0.004960337
Warm B,778836,4653,4652,2801,1708,0,0.011755241
Warm B,103655,689,688,2801,1708,1,0.0074390583
Warm B,100782,673,672,2801,1708,1,-4.769885e-05
Warm B,176821,1117,1116,2801,1708,0,0.0066613173
Warm B,234860,1425,1424,2801,1708,1,0.004813306
Warm B,696052,4169,4168,2801,1708,1,0.0071233497
Warm B,155286,1001,1000,2801,1708,1,0.0046986197
Warm B,35298,238,237,2801,1708,0,0.011947797
Warm B,26459,187,186,2801,1708,1,0.007941082
Warm B,545264,3363,3362,2801,1708,1,0.014783513
Warm B,79265,531,530,2801,1708,0,0.013721982
Warm B,605166,3679,3678,2801,1708,0,0.01729578
Warm B,784017,4682,4681,2801,1708,1,0.003945588
Warm B,797281,4781,4780,2801,1708,1,0.004163092
Warm B,35086,237,236,2801,1708,0,0.0025928367
Warm B,796004,4771,4770,2801,1708,1,-0.0012209495
Warm B,195335,1203,1202,2801,1708,0,0.010626587
Warm B,187566,1164,1163,2801,1708,0,0.0064968546
Warm B,263153,1605,1604,2801,1708,1,0.016202487
Warm B,904625,5470,5469,2801,1708,0,-0.0006525045
Warm B,18728,146,145,2801,1708,0,0.009824349
Warm B,171453,1088,1087,2801,1708,0,0.012392612
Warm B,534019,3296,3295,2806,1713,1,0.014999248
Warm B,532696,3290,3289,2806,1713,0,0.005715863
Warm B,530913,3280,3279,2806,1713,0,0.0060955915
Warm B,519683,3206,3205,2806,1713,0,0.009169984
Warm B,516884,3191,3190,2806,1713,1,0.0089286305
Warm B,507187,3121,3120,2806,1713,0,0.011626243
Warm B,784018,4682,4681,2806,1713,0,0.019637592
Warm B,523395,3227,3226,2806,1713,0,0.02161976
Warm B,628583,3807,3806,2806,1713,1,0.012694501
Warm B,533170,3292,3291,2806,1713,1,0.01570818
Warm B,473422,2909,2908,2806,1713,1,0.0087315105
Warm B,470355,2896,2895,2806,1713,0,0.008265903
Warm B,461455,2847,2846,2806,1713,0,0.010003834
Warm B,456399,2810,2809,2806,1713,0,0.005661799
Warm B,455069,2801,2800,2806,1713,0,0.0041750893
Warm B,540646,3327,3326,2806,1713,0,0.008375387
Warm B,444591,2743,2742,2806,1713,0,0.008532393
Warm B,433985,2645,2644,2806,1713,0,0.0049585723
Warm B,431975,2633,2632,2806,1713,0,0.00053015514
Warm B,450721,2777,2776,2806,1713,0,0.0129521405
Warm B,389544,2283,2282,2806,1713,0,0.010899433
Warm B,386574,2261,2260,2806,1713,0,0.0050807
Warm B,378912,2212,2211,2806,1713,0,0.01446668
Warm B,380207,2223,2222,2806,1713,0,0.011304239
Warm B,373954,2181,2180,2806,1713,0,0.015439816
Warm B,354009,2073,2072,2806,1713,0,0.011838822
Warm B,361516,2109,2108,2806,1713,0,0.012009313
Warm B,348611,2043,2042,2806,1713,0,-0.0033955094
Warm B,352633,2064,2063,2806,1713,0,0.016386386
Warm B,339949,2005,2004,2806,1713,0,0.005000595
Warm B,340537,2010,2009,2806,1713,0,0.009903934
Warm B,350924,2060,2059,2806,1713,0,0.0038794354
Warm B,345781,2029,2028,2806,1713,0,0.0042254487
Warm B,314048,1875,1874,2806,1713,0,0.0066115195
Warm B,306787,1831,1830,2806,1713,0,0.008810123
Warm B,288093,1721,1720,2806,1713,0,0.01889431
Warm B,297400,1764,1763,2806,1713,1,0.018845223
Warm B,277539,1676,1675,2806,1713,0,0.016951289
Warm B,281784,1690,1689,2806,1713,0,0.0060303453
Warm B,282578,1694,1693,2806,1713,0,0.010624388
Warm B,275048,1666,1665,2806,1713,0,0.014543854
Warm B,271247,1640,1639,2806,1713,0,0.0035430542
Warm B,236596,1436,1435,2806,1713,1,0.011025896
Warm B,236344,1434,1433,2806,1713,1,0.0012902336
Warm B,225559,1366,1365,2806,1713,1,0.021042205
Warm B,224091,1356,1355,2806,1713,0,0.010433219
Warm B,222352,1345,1344,2806,1713,0,0.0006067484
Warm B,216651,1316,1315,2806,1713,0,0.012287066
Warm B,215799,1307,1306,2806,1713,1,0.0014704232
Warm B,214064,1300,1299,2806,1713,0,0.011049012
Warm B,261676,1599,1598,2806,1713,0,0.0046853437
Warm B,204903,1261,1260,2806,1713,0,0.0019517301
Warm B,278939,1680,1679,2806,1713,0,0.0128320735
Warm B,210067,1284,1283,2806,1713,1,0.0032368419
Warm B,196404,1207,1206,2806,1713,0,0.01237817
Warm B,189304,1173,1172,2806,1713,0,0.006978644
Warm B,186464,1153,1152,2806,1713,0,0.0015789778
Warm B,183514,1142,1141,2806,1713,0,0.006889238
Warm B,180762,1130,1129,2806,1713,0,0.014406694
Warm B,191806,1182,1181,2806,1713,0,0.0008480801
Warm B,205277,1263,1262,2806,1713,0,-3.6647078e-05
Warm B,173582,1100,1099,2806,1713,0,0.0035487341
Warm B,172835,1096,1095,2806,1713,0,0.015082998
Warm B,183930,1146,1145,2806,1713,0,0.0055791456
Warm B,167768,1068,1067,2806,1713,0,0.014918438
Warm B,327865,1941,1940,2806,1713,0,0.016918572
Warm B,270406,1636,1635,2806,1713,0,0.0050105937
Warm B,170469,1086,1085,2806,1713,0,0.015038891
Warm B,140531,903,902,2806,1713,0,0.009843656
Warm B,139822,896,895,2806,1713,1,0.0025441528
Warm B,137508,888,887,2806,1713,0,0.00082148414
Warm B,134136,869,868,2806,1713,1,0.011471681
Warm B,145591,936,935,2806,1713,0,0.015874822
Warm B,351612,2063,2062,2806,1713,0,0.01547754
Warm B,181926,1137,1136,2806,1713,0,0.022275371
Warm B,128013,828,827,2806,1713,0,0.009339395
Warm B,365463,2127,2126,2806,1713,0,0.004006927
Warm B,126009,812,811,2806,1713,1,-0.0010516131
Warm B,360629,2106,2105,2806,1713,0,-0.001799189
Warm B,118073,764,763,2806,1713,1,0.010902286
Warm B,117434,757,756,2806,1713,0,0.006306449
Warm B,223433,1354,1353,2806,1713,0,0.010430465
Warm B,116051,752,751,2806,1713,1,0.013780557
Warm B,114776,746,745,2806,1713,0,0.002548552
Warm B,216393,1314,1313,2806,1713,1,0.0040164012
Warm B,107067,704,703,2806,1713,0,-0.0030445314
Warm B,91168,604,603,2806,1713,0,0.009979139
Warm B,88759,587,586,2806,1713,0,0.0053853192
Warm B,174623,1105,1104,2806,1713,0,0.0023412453
Warm B,74715,509,508,2806,1713,0,0.009467973
Warm B,64187,429,428,2806,1713,0,0.011088219
Warm B,64069,428,427,2806,1713,0,0.0038694376
Warm B,47978,321,320,2806,1713,0,0.004846549
Warm B,47533,319,318,2806,1713,0,0.010979706
Warm B,49473,329,328,2806,1713,0,0.011902705
Warm B,362877,2116,2115,2806,1713,0,0.009025015
Warm B,46472,310,309,2806,1713,0,0.0085098455
Warm B,32503,218,217,2806,1713,0,0.005861904
Warm B,29901,202,201,2806,1713,0,0.0062648044
Warm B,291262,1737,1736,2806,1713,0,0.007450983
Warm B,766141,4562,4561,2806,1713,0,0.022654738
Warm B,17291,135,134,2806,1713,0,0.011854138
Warm B,15043,119,118,2806,1713,1,0.016018366
Warm B,9577,63,62,2806,1713,0,0.012337474
Warm B,22579,163,162,2806,1713,0,0.0064295535
Warm B,361,5,4,2806,1713,0,0.006791168
Warm B,79270,531,530,2806,1713,0,0.0116806775
Warm B,1236,11,10,2806,1713,0,0.0184246
Warm B,653451,3940,3939,2806,1713,0,0.003946319
Warm B,157994,1015,1014,2806,1713,0,0.022475615
Warm B,119124,770,769,2806,1713,0,0.013423292
Warm B,88189,582,581,2806,1713,0,0.0034642783
Warm B,20038,149,148,2806,1713,0,0.016916841
Warm B,370933,2168,2167,2806,1713,0,0.013907696
Warm B,110699,721,720,2806,1713,0,0.016265754
Warm B,682312,4085,4084,2806,1713,1,0.0057260115
Warm B,272101,1645,1644,2806,1713,0,0.019295156
Warm B,170805,1087,1086,2806,1713,0,0.01907735
Warm B,407203,2446,2445,2806,1713,0,0.02125
Warm B,405309,2427,2426,2806,1713,1,0.002174875
Warm B,537821,3312,3311,2806,1713,0,0.019231053
Warm B,229578,1390,1389,2806,1713,0,0.0068687266
Warm B,923893,5580,5579,2806,1713,0,0.009988039
Warm B,309542,1842,1841,2806,1713,0,0.015592875
Warm B,499276,3067,3066,2806,1713,0,0.006147463
Warm B,907601,5492,5491,2806,1713,0,0.009654371
Warm B,222728,1348,1347,2806,1713,1,0.0036365888
Warm B,719979,4312,4311,2806,1713,0,0.008801544
Warm B,143507,926,925,2806,1713,1,0.0031021796
Warm B,696059,4169,4168,2806,1713,0,0.017356161
Warm B,111621,727,726,2806,1713,0,0.012557259
Warm B,718497,4305,4304,2806,1713,1,0.00946749
Warm B,26662,188,187,2806,1713,0,0.0064556086
Warm B,255885,1560,1559,2806,1713,0,0.009182546
Warm B,688329,4117,4116,2806,1713,1,0.009475021
Warm B,96575,648,647,2806,1713,0,0.006505461
Warm B,171458,1088,1087,2806,1713,0,0.010144737
Warm B,877394,5302,5301,2806,1713,0,-0.0006526639
Warm B,263161,1605,1604,2806,1713,0,0.013709463
Warm B,267162,1624,1623,2807,1714,0,0.005498525
Warm B,224092,1356,1355,2807,1714,0,0.011341877
Warm B,277540,1676,1675,2807,1714,0,0.020099156
Warm B,190681,1181,1180,2807,1714,0,0.014257695
Warm B,179507,1125,1124,2807,1714,0,0.004815938
Warm B,436292,2665,2664,2807,1714,0,0.011404414
Warm B,216916,1317,1316,2807,1714,0,0.011289532
Warm B,156704,1010,1009,2807,1714,0,0.015407369
Warm B,138043,889,888,2807,1714,0,0.0052629337
Warm B,136416,881,880,2807,1714,0,0.017266184
Warm B,127062,820,819,2807,1714,0,0.005527605
Warm B,121846,785,784,2807,1714,1,0.008269455
Warm B,114777,746,745,2807,1714,0,0.0062633473
Warm B,114393,744,743,2807,1714,0,0.010040461
Warm B,119125,770,769,2807,1714,0,0.013678968
Warm B,96371,647,646,2807,1714,0,0.008582378
Warm B,203002,1246,1245,2807,1714,0,0.011092877
Warm B,86058,563,562,2807,1714,0,0.01209948
Warm B,250345,1509,1508,2807,1714,0,0.008351774
Warm B,74716,509,508,2807,1714,0,0.013621663
Warm B,71063,477,476,2807,1714,0,0.005545184
Warm B,537822,3312,3311,2807,1714,0,0.0100343805
Warm B,291263,1737,1736,2807,1714,0,0.00614472
Warm B,13991,113,112,2807,1714,0,0.009419601
Warm B,12330,93,92,2807,1714,0,0.0037126266
Warm B,10274,73,72,2807,1714,0,0.020759936
Warm B,8511,58,57,2807,1714,0,0.013844523
Warm B,17176,134,133,2807,1714,0,0.0028523155
Warm B,2026,18,17,2807,1714,0,0.014462341
Warm B,389404,2282,2281,2807,1714,0,0.018043574
Warm B,776846,4640,4639,2807,1714,0,0.02073658
Warm B,569713,3493,3492,2816,1717,0,0.0049787825
Warm B,570247,3499,3498,2816,1717,0,0.014295889
Warm B,556211,3418,3417,2816,1717,0,0.013522536
Warm B,555200,3414,3413,2816,1717,0,0.008251875
Warm B,545021,3361,3360,2816,1717,0,0.0028037773
Warm B,544249,3355,3354,2816,1717,0,-0.004071559
Warm B,538884,3314,3313,2816,1717,0,0.009203015
Warm B,535899,3308,3307,2816,1717,0,0.015219365
Warm B,544037,3353,3352,2816,1717,0,0.024254506
Warm B,516890,3191,3190,2816,1717,0,0.010036792
Warm B,515394,3182,3181,2816,1717,0,0.020396128
Warm B,605694,3681,3680,2816,1717,0,0.008329125
Warm B,504129,3099,3098,2816,1717,1,0.003889252
Warm B,575233,3519,3518,2816,1717,0,0.01816931
Warm B,487843,3001,3000,2816,1717,0,0.015704604
Warm B,486586,2995,2994,2816,1717,0,0.016837396
Warm B,480061,2946,2945,2816,1717,0,0.013235001
Warm B,696081,4169,4168,2816,1717,0,0.024344448
Warm B,471319,2900,2899,2816,1717,0,0.017169705
Warm B,473443,2909,2908,2816,1717,0,0.012638984
Warm B,463172,2857,2856,2816,1717,0,0.011485294
Warm B,459520,2831,2830,2816,1717,0,0.005143486
Warm B,594756,3620,3619,2816,1717,0,0.008916685
Warm B,449871,2774,2773,2816,1717,0,0.0038193315
Warm B,449322,2771,2770,2816,1717,0,0.013431829
Warm B,434400,2649,2648,2816,1717,0,0.0053833826
Warm B,423692,2567,2566,2816,1717,0,0.016353777
Warm B,415225,2500,2499,2816,1717,0,0.006298509
Warm B,412752,2484,2483,2816,1717,0,0.018535703
Warm B,388899,2279,2278,2816,1717,0,0.012655036
Warm B,375060,2186,2185,2816,1717,0,0.004600897
Warm B,373383,2180,2179,2816,1717,0,0.012680497
Warm B,357355,2092,2091,2816,1717,0,0.012669688
Warm B,297408,1764,1763,2816,1717,1,0.009038235
Warm B,290901,1736,1735,2816,1717,0,0.0062016984
Warm B,275469,1667,1666,2816,1717,0,0.012848558
Warm B,256471,1566,1565,2816,1717,0,0.006242925
Warm B,265661,1613,1612,2816,1717,0,0.020243334
Warm B,242435,1464,1463,2816,1717,0,0.0075500673
Warm B,283140,1696,1695,2816,1717,0,0.012254921
Warm B,242713,1465,1464,2816,1717,0,0.016026355
Warm B,227061,1377,1376,2816,1717,0,0.018202625
Warm B,205713,1264,1263,2816,1717,0,0.0073636845
Warm B,197868,1216,1215,2816,1717,0,0.0078468425
Warm B,190701,1181,1180,2816,1717,0,0.01838706
Warm B,307337,1835,1834,2816,1717,0,0.019571126
Warm B,180226,1128,1127,2816,1717,0,0.0088773435
Warm B,327887,1941,1940,2816,1717,0,0.01909409
Warm B,155804,1004,1003,2816,1717,0,0.0120601505
Warm B,154803,999,998,2816,1717,0,0.013445737
Warm B,148057,954,953,2816,1717,0,0.003800542
Warm B,276877,1675,1674,2816,1717,0,0.021618022
Warm B,138067,889,888,2816,1717,0,0.021860093
Warm B,202410,1244,1243,2816,1717,0,0.011587663
Warm B,118305,765,764,2816,1717,0,0.00506737
Warm B,114399,744,743,2816,1717,0,0.012590382
Warm B,106715,702,701,2816,1717,0,0.017106663
Warm B,96120,646,645,2816,1717,0,0.017912354
Warm B,294848,1752,1751,2816,1717,0,0.014286539
Warm B,88098,580,579,2816,1717,0,0.0031165595
Warm B,150508,970,969,2816,1717,0,0.013182519
Warm B,81579,543,542,2816,1717,1,0.018584564
Warm B,71067,477,476,2816,1717,0,-0.0030123442
Warm B,70402,475,474,2816,1717,0,0.008715168
Warm B,68635,461,460,2816,1717,0,0.021171559
Warm B,52338,344,343,2816,1717,0,0.006557446
Warm B,78379,528,527,2816,1717,0,0.0147395125
Warm B,40449,272,271,2816,1717,0,0.022835886
Warm B,626653,3792,3791,2816,1717,0,0.010541016
Warm B,19482,148,147,2816,1717,0,0.013392299
Warm B,12336,93,92,2816,1717,0,0.015271133
Warm B,5618,40,39,2816,1717,0,0.0028593456
Warm B,6878,48,47,2816,1717,0,0.014646023
Warm B,235535,1426,1425,2816,1717,0,0.007262298
Warm B,144095,929,928,2816,1717,0,0.012633417
Warm B,552229,3401,3400,2816,1717,0,0.014399601
Warm B,432623,2638,2637,2816,1717,0,0.004351588
Warm B,265001,1611,1610,2816,1717,0,0.0051772073
Warm B,430989,2627,2626,2816,1717,0,0.009103993
Warm B,304784,1812,1811,2816,1717,0,0.011949499
Warm B,257559,1579,1578,2816,1717,0,0.01820124
Warm B,418572,2529,2528,2816,1717,0,0.022571638
Warm B,931403,5626,5625,2816,1717,1,0.0108554475
Warm B,892896,5394,5393,2816,1717,0,0.013134444
Warm B,136431,881,880,2816,1717,0,-0.0005511362
Warm B,310605,1851,1850,2816,1717,0,0.006664493
Warm B,354799,2077,2076,2816,1717,0,0.017319428
Warm B,599160,3648,3647,2816,1717,0,0.010846124
Warm B,544038,3353,3352,2817,1718,0,0.007288196
Warm B,518677,3201,3200,2817,1718,0,0.010596627
Warm B,512724,3163,3162,2817,1718,0,0.007577997
Warm B,504130,3099,3098,2817,1718,0,0.007516929
Warm B,575234,3519,3518,2817,1718,0,0.0102954395
Warm B,498560,3063,3062,2817,1718,0,0.006312592
Warm B,487844,3001,3000,2817,1718,0,0.0150131155
Warm B,480063,2946,2945,2817,1718,0,0.016911037
Warm B,473445,2909,2908,2817,1718,0,0.0028502978
Warm B,463173,2857,2856,2817,1718,0,0.0019339644
Warm B,486970,2996,2995,2817,1718,0,0.010988988
Warm B,458527,2823,2822,2817,1718,0,0.0012080166
Warm B,430715,2625,2624,2817,1718,0,-0.0010477668
Warm B,429089,2611,2610,2817,1718,0,0.014026628
Warm B,417141,2509,2508,2817,1718,0,-0.002176127
Warm B,415227,2500,2499,2817,1718,1,0.0064907116
Warm B,412754,2484,2483,2817,1718,0,0.008911108
Warm B,407752,2451,2450,2817,1718,0,0.015548104
Warm B,393716,2318,2317,2817,1718,0,0.005286188
Warm B,392073,2304,2303,2817,1718,0,0.021296635
Warm B,384064,2244,2243,2817,1718,0,0.0081172995
Warm B,375061,2186,2185,2817,1718,0,0.0051043215
Warm B,373384,2180,2179,2817,1718,0,0.01326448
Warm B,361526,2109,2108,2817,1718,0,0.018026218
Warm B,295993,1757,1756,2817,1718,0,0.008431572
Warm B,244645,1473,1472,2817,1718,0,0.0021652658
Warm B,301730,1793,1792,2817,1718,0,0.0028687315
Warm B,232324,1410,1409,2817,1718,1,0.0053652884
Warm B,227062,1377,1376,2817,1718,0,0.010077054
Warm B,196410,1207,1206,2817,1718,0,0.0019627195
Warm B,197869,1216,1215,2817,1718,0,0.0044719693
Warm B,192546,1185,1184,2817,1718,0,-0.00089277374
Warm B,190704,1181,1180,2817,1718,0,0.019533277
Warm B,235536,1426,1425,2817,1718,0,0.002556498
Warm B,183140,1141,1140,2817,1718,0,0.01232855
Warm B,308513,1837,1836,2817,1718,0,0.015308127
Warm B,179057,1124,1123,2817,1718,0,0.0060103126
Warm B,327888,1941,1940,2817,1718,0,0.0108212605
Warm B,275471,1667,1666,2817,1718,0,0.017096968
Warm B,156718,1010,1009,2817,1718,0,0.015787687
Warm B,276878,1675,1674,2817,1718,0,0.017040852
Warm B,138070,889,888,2817,1718,0,0.01544318
Warm B,311910,1860,1859,2817,1718,0,0.0022821126
Warm B,136432,881,880,2817,1718,0,0.0064331987
Warm B,121481,781,780,2817,1718,0,-0.0005004583
Warm B,114400,744,743,2817,1718,0,0.006268224
Warm B,113868,738,737,2817,1718,0,0.012598885
Warm B,70403,475,474,2817,1718,0,0.010999158
Warm B,68637,461,460,2817,1718,0,0.003430856
Warm B,239894,1449,1448,2817,1718,0,0.015056014
Warm B,52339,344,343,2817,1718,0,-0.0018204583
Warm B,78380,528,527,2817,1718,0,0.013208279
Warm B,47023,316,315,2817,1718,1,0.012430367
Warm B,291273,1737,1736,2817,1718,0,0.0045431587
Warm B,14555,117,116,2817,1718,0,0.0055969763
Warm B,5619,40,39,2817,1718,0,0.00041919993
Warm B,6881,48,47,2817,1718,0,0.007106981
Warm B,4401,33,32,2817,1718,0,0.008146516
Warm B,696082,4169,4168,2817,1718,0,0.012167736
Warm B,144096,929,928,2817,1718,0,0.01104526
Warm B,432625,2638,2637,2817,1718,0,0.015816588
Warm B,265002,1611,1610,2817,1718,0,0.011213927
Warm B,45981,308,307,2817,1718,0,0.007980474
Warm B,931404,5626,5625,2817,1718,1,0.008611388
Warm B,559378,3436,3435,2817,1718,0,-0.0004635183
Warm B,412765,2484,2483,2828,1723,0,0.019969836
Warm B,400079,2381,2380,2828,1723,0,0.010280582
Warm B,396327,2344,2343,2828,1723,0,0.003954657
Warm B,389692,2286,2285,2828,1723,0,0.007961281
Warm B,376715,2199,2198,2828,1723,0,0.0015588223
Warm B,375805,2189,2188,2828,1723,0,0.01531031
Warm B,373981,2181,2180,2828,1723,0,0.017008271
Warm B,370470,2166,2165,2828,1723,0,0.012407237
Warm B,366575,2136,2135,2828,1723,0,0.010069232
Warm B,357010,2091,2090,2828,1723,0,-0.0023583842
Warm B,354029,2073,2072,2828,1723,0,0.0051383227
Warm B,351655,2063,2062,2828,1723,0,0.021375006
Warm B,295840,1756,1755,2828,1723,0,0.0052977307
Warm B,286239,1709,1708,2828,1723,1,0.016579475
Warm B,264348,1608,1607,2828,1723,0,0.01863221
Warm B,236809,1438,1437,2828,1723,0,0.0045338417
Warm B,224948,1360,1359,2828,1723,0,-0.00090912194
Warm B,224851,1359,1358,2828,1723,0,0.010132131
Warm B,335733,1980,1979,2828,1723,0,0.024398008
Warm B,223459,1354,1353,2828,1723,0,0.0153369075
Warm B,195908,1204,1203,2828,1723,0,0.006946823
Warm B,194122,1196,1195,2828,1723,0,0.016870555
Warm B,327910,1941,1940,2828,1723,0,0.016989017
Warm B,186467,1153,1152,2828,1723,0,0.001279904
Warm B,176257,1114,1113,2828,1723,0,0.0037048052
Warm B,198600,1220,1219,2828,1723,0,0.007871168
Warm B,165185,1053,1052,2828,1723,0,0.004599142
Warm B,168847,1071,1070,2828,1723,0,0.0075789285
Warm B,246260,1489,1488,2828,1723,0,0.019857913
Warm B,144850,934,933,2828,1723,0,0.010254418
Warm B,134163,869,868,2828,1723,0,0.007162093
Warm B,248751,1501,1500,2828,1723,0,0.0045118
Warm B,122333,789,788,2828,1723,0,0.0075118076
Warm B,112388,731,730,2828,1723,0,0.014363066
Warm B,109245,714,713,2828,1723,0,0.011225278
Warm B,82125,545,544,2828,1723,0,0.0125704985
Warm B,73090,494,493,2828,1723,0,-0.0013209386
Warm B,68645,461,460,2828,1723,0,0.014365185
Warm B,187931,1165,1164,2828,1723,0,0.009330932
Warm B,36574,245,244,2828,1723,0,0.014235972
Warm B,32179,216,215,2828,1723,0,0.013053054
Warm B,31155,209,208,2828,1723,0,-0.0042472742
Warm B,29946,202,201,2828,1723,0,0.010451371
Warm B,15670,123,122,2828,1723,0,0.014549134
Warm B,10533,75,74,2828,1723,1,0.012392238
Warm B,10023,70,69,2828,1723,0,2.7934322e-05
Warm B,1716,16,15,2828,1723,0,0.008026494
Warm B,22619,163,162,2828,1723,0,0.0128355045
Warm B,142167,918,917,2828,1723,1,0.017762842
Warm B,19512,148,147,2828,1723,1,0.015360532
Warm B,552236,3401,3400,2828,1723,0,0.0046521067
Warm B,680590,4079,4078,2828,1723,0,0.014304816
Warm B,717016,4294,4293,2828,1723,0,0.0015304146
Warm B,143511,926,925,2828,1723,0,0.004656812
Warm B,187039,1160,1159,2828,1723,0,0.009267677
Warm B,479737,2944,2943,2828,1723,0,0.009864805
Warm B,255893,1560,1559,2828,1723,0,0.018906675
Warm B,427331,2594,2593,2828,1723,0,0.010536667
Warm B,60811,411,410,2828,1723,0,0.009004222
Warm B,699628,4186,4185,2828,1723,0,0.010938494
Warm B,171487,1088,1087,2828,1723,0,0.0145999165
Warm B,492022,3026,3025,2829,1724,0,-0.001079699
Warm B,489551,3013,3012,2829,1724,0,-0.002878291
Warm B,488651,3007,3006,2829,1724,0,-0.0053298445
Warm B,486040,2993,2992,2829,1724,0,0.0062732752
Warm B,529591,3272,3271,2829,1724,0,0.015120253
Warm B,470930,2899,2898,2829,1724,1,0.009364098
Warm B,852593,5113,5112,2829,1724,0,0.008390761
Warm B,467618,2882,2881,2829,1724,1,0.010756013
Warm B,518684,3201,3200,2829,1724,0,0.0071260636
Warm B,450749,2777,2776,2829,1724,0,0.011417367
Warm B,458479,2822,2821,2829,1724,0,0.0099425595
Warm B,442383,2724,2723,2829,1724,0,0.01648353
Warm B,564316,3471,3470,2829,1724,0,0.014783952
Warm B,438802,2681,2680,2829,1724,0,0.007452409
Warm B,424901,2577,2576,2829,1724,0,0.0051107183
Warm B,414897,2497,2496,2829,1724,1,-0.0048338627
Warm B,408132,2453,2452,2829,1724,0,0.009463541
Warm B,399466,2378,2377,2829,1724,0,-3.7015183e-05
Warm B,382269,2233,2232,2829,1724,0,0.00022148609
Warm B,381284,2230,2229,2829,1724,0,0.0015406744
Warm B,369856,2164,2163,2829,1724,1,0.007024397
Warm B,325319,1926,1925,2829,1724,0,0.0074397125
Warm B,315106,1880,1879,2829,1724,0,0.011854884
Warm B,273909,1653,1652,2829,1724,0,0.015623043
Warm B,264567,1609,1608,2829,1724,0,0.0015103961
Warm B,248753,1501,1500,2829,1724,1,0.001220075
Warm B,224112,1356,1355,2829,1724,0,0.0072094873
Warm B,312275,1861,1860,2829,1724,0,0.004127982
Warm B,335736,1980,1979,2829,1724,0,0.010713305
Warm B,222361,1345,1344,2829,1724,1,0.004002929
Warm B,278979,1680,1679,2829,1724,0,0.011268165
Warm B,194775,1202,1201,2829,1724,0,0.004548329
Warm B,188911,1172,1171,2829,1724,0,0.014700305
Warm B,329241,1943,1942,2829,1724,0,0.0052747857
Warm B,210796,1285,1284,2829,1724,0,0.0073790294
Warm B,199375,1224,1223,2829,1724,0,0.014949145
Warm B,174828,1107,1106,2829,1724,1,0.0007080996
Warm B,173596,1100,1099,2829,1724,0,0.006830151
Warm B,169787,1078,1077,2829,1724,1,-0.002162464
Warm B,168359,1069,1068,2829,1724,1,0.010202933
Warm B,327913,1941,1940,2829,1724,0,0.0063464744
Warm B,189315,1173,1172,2829,1724,1,-0.0046334267
Warm B,158914,1016,1015,2829,1724,1,-0.0073630107
Warm B,164438,1051,1050,2829,1724,1,0.012237916
Warm B,152961,984,983,2829,1724,0,0.005651396
Warm B,131838,854,853,2829,1724,0,0.0022889106
Warm B,159975,1019,1018,2829,1724,0,0.012020781
Warm B,121485,781,780,2829,1724,1,0.011935683
Warm B,120356,777,776,2829,1724,0,0.0061098523
Warm B,112390,731,730,2829,1724,0,0.007713439
Warm B,105980,699,698,2829,1724,0,0.013308499
Warm B,109247,714,713,2829,1724,1,0.011162769
Warm B,98713,660,659,2829,1724,0,0.0021631764
Warm B,107840,710,709,2829,1724,1,0.010204724
Warm B,314056,1875,1874,2829,1724,1,0.016018119
Warm B,85030,553,552,2829,1724,1,0.002249282
Warm B,238787,1448,1447,2829,1724,1,0.0130631905
Warm B,190726,1181,1180,2829,1724,0,0.012000694
Warm B,73644,499,498,2829,1724,0,0.003985189
Warm B,360661,2106,2105,2829,1724,0,0.0033014426
Warm B,228166,1383,1382,2829,1724,0,0.008452684
Warm B,155300,1001,1000,2829,1724,1,0.004695148
Warm B,53878,352,351,2829,1724,1,0.010210132
Warm B,805657,4823,4822,2829,1724,0,0.009155529
Warm B,784032,4682,4681,2829,1724,0,0.014547301
Warm B,47581,319,318,2829,1724,0,0.008277703
Warm B,343595,2018,2017,2829,1724,0,0.0056289677
Warm B,61347,412,411,2829,1724,1,0.010567756
Warm B,696106,4169,4168,2829,1724,1,0.017994937
Warm B,55663,368,367,2829,1724,0,0.00015680562
Warm B,537844,3312,3311,2829,1724,0,0.0138609605
Warm B,32183,216,215,2829,1724,0,0.009279672
Warm B,336957,1983,1982,2829,1724,1,0.013603808
Warm B,31546,214,213,2829,1724,0,0.0013505649
Warm B,29477,201,200,2829,1724,1,0.0046400717
Warm B,29262,199,198,2829,1724,0,0.006396368
Warm B,27593,193,192,2829,1724,0,0.015480239
Warm B,234885,1425,1424,2829,1724,1,0.021011468
Warm B,21171,155,154,2829,1724,0,0.008748645
Warm B,6288,45,44,2829,1724,0,0.012304619
Warm B,158028,1015,1014,2829,1724,0,0.011032803
Warm B,354812,2077,2076,2829,1724,1,0.01919032
Warm B,237794,1447,1446,2829,1724,1,0.012758294
Warm B,466742,2878,2877,2829,1724,0,0.012113439
Warm B,954203,5761,5760,2829,1724,0,0.0017079001
Warm B,631488,3821,3820,2829,1724,0,0.00055627106
Warm B,484953,2986,2985,2829,1724,0,0.013590941
Warm B,923900,5580,5579,2829,1724,0,0.008608878
Warm B,565496,3475,3474,2829,1724,0,0.007347365
Warm B,496443,3051,3050,2829,1724,0,0.0049655004
Warm B,768673,4579,4578,2829,1724,0,0.019365892
Warm B,473466,2909,2908,2829,1724,0,0.014859347
Warm B,848151,5097,5096,2829,1724,1,0.010034249
Warm B,878962,5312,5311,2829,1724,1,0.018762592
Warm B,699629,4186,4185,2829,1724,0,0.014379397
Warm B,171489,1088,1087,2829,1724,1,0.0009908197
Warm B,748228,4467,4466,2829,1724,0,0.004399094
Warm B,579214,3539,3538,2836,1725,1,0.008118657
Warm B,744810,4448,4447,2836,1725,0,0.014875982
Warm B,582940,3561,3560,2836,1725,1,0.008735896
Warm B,563035,3464,3463,2836,1725,0,0.011387082
Warm B,571398,3504,3503,2836,1725,0,0.0076432806
Warm B,530934,3280,3279,2836,1725,0,0.01082818
Warm B,517391,3193,3192,2836,1725,0,0.010500523
Warm B,515409,3182,3181,2836,1725,0,0.0055437284
Warm B,657482,3963,3962,2836,1725,0,0.005244458
Warm B,499318,3067,3066,2836,1725,1,0.011932945
Warm B,549992,3391,3390,2836,1725,1,0.0024846022
Warm B,492650,3029,3028,2836,1725,0,0.015068754
Warm B,490233,3017,3016,2836,1725,0,0.00055051595
Warm B,498748,3065,3064,2836,1725,1,0.0050976374
Warm B,479884,2945,2944,2836,1725,1,0.0029868223
Warm B,470941,2899,2898,2836,1725,0,0.010947623
Warm B,571009,3503,3502,2836,1725,1,0.01068309
Warm B,467621,2882,2881,2836,1725,0,0.0063913707
Warm B,801358,4802,4801,2836,1725,1,0.018254515
Warm B,450765,2777,2776,2836,1725,1,0.007313843
Warm B,450227,2776,2775,2836,1725,0,0.0054398454
Warm B,442258,2723,2722,2836,1725,1,-0.003021999
Warm B,564326,3471,3470,2836,1725,0,0.013152063
Warm B,438808,2681,2680,2836,1725,1,0.011272626
Warm B,429439,2613,2612,2836,1725,1,0.0045865197
Warm B,404479,2419,2418,2836,1725,1,0.01066589
Warm B,392698,2305,2304,2836,1725,0,0.0018129394
Warm B,375300,2187,2186,2836,1725,1,0.010646185
Warm B,382467,2235,2234,2836,1725,1,-0.0012444411
Warm B,367883,2148,2147,2836,1725,0,-0.0023242594
Warm B,351676,2063,2062,2836,1725,0,0.0016884906
Warm B,361549,2109,2108,2836,1725,0,0.011057191
Warm B,373990,2181,2180,2836,1725,0,0.006555336
Warm B,358847,2100,2099,2836,1725,0,0.005322393
Warm B,342025,2014,2013,2836,1725,0,0.0020083447
Warm B,338588,1992,1991,2836,1725,0,0.0058443975
Warm B,340577,2010,2009,2836,1725,0,0.010811111
Warm B,330277,1949,1948,2836,1725,1,0.0084466515
Warm B,281219,1687,1686,2836,1725,0,0.007524387
Warm B,275061,1666,1665,2836,1725,0,0.0030738516
Warm B,268493,1631,1630,2836,1725,1,0.00545743
Warm B,309265,1841,1840,2836,1725,0,0.010239776
Warm B,243204,1466,1465,2836,1725,1,-0.0015593648
Warm B,236028,1430,1429,2836,1725,0,0.010812894
Warm B,240777,1450,1449,2836,1725,0,-0.0008054136
Warm B,224120,1356,1355,2836,1725,1,0.011607356
Warm B,225737,1367,1366,2836,1725,1,0.004660491
Warm B,222366,1345,1344,2836,1725,1,-0.0036850292
Warm B,223472,1354,1353,2836,1725,0,0.00028736866
Warm B,212851,1297,1296,2836,1725,1,0.014687996
Warm B,277580,1676,1675,2836,1725,0,0.01557879
Warm B,205294,1263,1262,2836,1725,0,0.009283034
Warm B,243856,1470,1469,2836,1725,0,0.013554456
Warm B,185140,1150,1149,2836,1725,0,0.004553305
Warm B,173603,1100,1099,2836,1725,0,-0.0055178236
Warm B,166404,1059,1058,2836,1725,0,0.012738042
Warm B,311067,1853,1852,2836,1725,1,0.004758328
Warm B,150186,967,966,2836,1725,0,0.011851815
Warm B,146238,940,939,2836,1725,1,0.0041510705
Warm B,712930,4277,4276,2836,1725,1,0.014624687
Warm B,136467,881,880,2836,1725,0,0.015869701
Warm B,131538,852,851,2836,1725,1,0.0029754166
Warm B,332598,1962,1961,2836,1725,0,0.008878004
Warm B,126104,813,812,2836,1725,0,0.0038188838
Warm B,123015,794,793,2836,1725,1,0.0063261236
Warm B,123097,795,794,2836,1725,0,0.0011449356
Warm B,121489,781,780,2836,1725,1,0.011674485
Warm B,119157,770,769,2836,1725,0,0.009951338
Warm B,117449,757,756,2836,1725,0,-0.00094348704
Warm B,112403,731,730,2836,1725,0,0.01137548
Warm B,175999,1113,1112,2836,1725,0,0.016601589
Warm B,113272,735,734,2836,1725,0,0.01268725
Warm B,91608,608,607,2836,1725,1,0.0071683754
Warm B,353449,2071,2070,2836,1725,1,0.009110152
Warm B,88774,587,586,2836,1725,0,0.011602098
Warm B,190748,1181,1180,2836,1725,0,0.01057229
Warm B,74750,509,508,2836,1725,0,0.0062687406
Warm B,72919,493,492,2836,1725,0,0.011023447
Warm B,57222,386,385,2836,1725,0,0.0046351524
Warm B,44659,302,301,2836,1725,0,0.018754533
Warm B,31554,214,213,2836,1725,0,0.0072328243
Warm B,49559,329,328,2836,1725,0,0.00664993
Warm B,3218,24,23,2836,1725,1,0.010608772
Warm B,158041,1015,1014,2836,1725,0,0.00878407
Warm B,354822,2077,2076,2836,1725,1,0.011714581
Warm B,365472,2127,2126,2836,1725,0,0.0059623634
Warm B,2382,19,18,2836,1725,1,0.0022276016
Warm B,362933,2116,2115,2836,1725,1,0.0074694417
Warm B,966699,5831,5830,2836,1725,1,0.01039002
Warm B,828635,4979,4978,2836,1725,0,0.017330859
Warm B,963981,5812,5811,2836,1725,0,0.01204534
Warm B,342365,2015,2014,2836,1725,1,0.0018904908
Warm B,252466,1530,1529,2836,1725,1,0.008677151
Warm B,484961,2986,2985,2836,1725,1,0.013810251
Warm B,331513,1958,1957,2836,1725,1,0.020206451
Warm B,344807,2023,2022,2836,1725,0,0.005685081
Warm B,134176,869,868,2836,1725,0,0.0082075335
Warm B,573496,3512,3511,2836,1725,0,0.013057714
Warm B,206309,1265,1264,2836,1725,0,-0.0026754255
Warm B,178609,1121,1120,2836,1725,1,0.008350885
Warm B,116093,752,751,2836,1725,0,0.012646812
Warm B,214772,1303,1302,2836,1725,0,0.013434893
Warm B,860064,5172,5171,2836,1725,1,0.0066553997
Warm B,417604,2520,2519,2844,1728,1,0.0063825846
Warm B,104256,692,691,2844,1728,1,0.008334415
Warm B,712944,4277,4276,2844,1728,1,0.009548929
Warm B,360695,2106,2105,2844,1728,0,0.006145681
Warm B,459133,2826,2825,2844,1728,0,0.0038368993
Warm B,129343,839,838,2844,1728,1,0.0034105072
Warm B,548687,3387,3386,2844,1728,0,0.0020833262
Warm B,50291,331,330,2844,1728,1,-0.00047348836
Warm B,28343,195,194,2844,1728,1,0.007738081
Warm B,763903,4543,4542,2844,1728,1,0.0032650912
Warm B,718520,4305,4304,2844,1728,0,0.0037965348
Warm B,234908,1425,1424,2844,1728,1,0.008570275
Warm B,335772,1980,1979,2844,1728,0,0.009686191
Warm B,324920,1925,1924,2844,1728,0,0.003167627
Warm B,215488,1306,1305,2844,1728,1,0.0032024172
Warm B,116110,752,751,2844,1728,0,0.001071579
Warm B,263225,1605,1604,2844,1728,0,-0.0039911
Warm B,777743,4647,4646,2844,1728,1,0.0017749534
Warm B,193586,1194,1193,2844,1728,0,0.008113085
Warm B,974286,5878,5877,2844,1728,1,0.0024723979
Warm B,58796,398,397,2844,1728,1,-0.0009355892
Warm B,825530,4958,4957,2844,1728,0,0.004945769
Warm B,171531,1088,1087,2844,1728,0,-0.0026770055
Warm B,712945,4277,4276,2846,1729,1,0.011817314
Warm B,550013,3391,3390,2846,1729,0,0.024347045
Warm B,639031,3842,3841,2846,1729,1,0.013399923
Warm B,533224,3292,3291,2846,1729,1,0.0034964925
Warm B,574698,3518,3517,2846,1729,1,0.00879574
Warm B,529096,3271,3270,2846,1729,0,0.007975766
Warm B,584658,3569,3568,2846,1729,1,0.008159555
Warm B,873928,5277,5276,2846,1729,0,0.005792276
Warm B,530949,3280,3279,2846,1729,0,0.010506595
Warm B,522446,3224,3223,2846,1729,1,0.014609981
Warm B,515974,3184,3183,2846,1729,1,0.018029891
Warm B,515868,3183,3182,2846,1729,0,0.0023042178
Warm B,605726,3681,3680,2846,1729,0,0.015497341
Warm B,771730,4600,4599,2846,1729,1,0.008258678
Warm B,502381,3083,3082,2846,1729,0,0.0030909104
Warm B,575270,3519,3518,2846,1729,0,0.0025046612
Warm B,498563,3063,3062,2846,1729,0,0.012794272
Warm B,494021,3032,3031,2846,1729,1,0.006606707
Warm B,487560,2999,2998,2846,1729,0,0.00014419248
Warm B,559240,3435,3434,2846,1729,1,0.0017141681
Warm B,480817,2952,2951,2846,1729,1,0.0065242946
Warm B,480642,2950,2949,2846,1729,0,-0.00064365077
Warm B,478017,2934,2933,2846,1729,1,0.0052435854
Warm B,472512,2907,2906,2846,1729,0,0.012882313
Warm B,467752,2883,2882,2846,1729,0,0.0063297055
Warm B,465974,2873,2872,2846,1729,1,0.009654186
Warm B,446363,2752,2751,2846,1729,1,0.018380832
Warm B,444955,2744,2743,2846,1729,0,0.008480273
Warm B,443063,2731,2730,2846,1729,1,0.006064024
Warm B,441568,2709,2708,2846,1729,1,0.013841223
Warm B,440803,2699,2698,2846,1729,1,0.0048578307
Warm B,448881,2766,2765,2846,1729,0,0.0015709179
Warm B,418600,2529,2528,2846,1729,1,0.009474831
Warm B,413704,2489,2488,2846,1729,1,0.0031341882
Warm B,403992,2414,2413,2846,1729,1,0.000885786
Warm B,407764,2451,2450,2846,1729,0,0.007658925
Warm B,390906,2295,2294,2846,1729,1,0.011649206
Warm B,389948,2288,2287,2846,1729,0,0.0075279744
Warm B,406781,2444,2443,2846,1729,1,0.007143966
Warm B,384078,2244,2243,2846,1729,0,0.010397192
Warm B,375545,2188,2187,2846,1729,0,0.011826987
Warm B,350279,2056,2055,2846,1729,0,0.010477949
Warm B,348710,2045,2044,2846,1729,1,0.0038002797
Warm B,330278,1949,1948,2846,1729,1,-0.00075144006
Warm B,293393,1747,1746,2846,1729,0,0.00820856
Warm B,290909,1736,1735,2846,1729,0,0.0038026725
Warm B,283505,1697,1696,2846,1729,1,-0.00069738226
Warm B,280275,1681,1680,2846,1729,0,0.0020017717
Warm B,256597,1568,1567,2846,1729,0,0.004596369
Warm B,360696,2106,2105,2846,1729,0,0.003033984
Warm B,232329,1410,1409,2846,1729,1,-0.0053762393
Warm B,222734,1348,1347,2846,1729,1,0.0017454196
Warm B,220581,1337,1336,2846,1729,0,0.0048806225
Warm B,320006,1899,1898,2846,1729,0,0.0022721721
Warm B,215838,1308,1307,2846,1729,0,0.008420046
Warm B,215801,1307,1306,2846,1729,1,0.0051617026
Warm B,277598,1676,1675,2846,1729,0,0.012091581
Warm B,203036,1246,1245,2846,1729,1,0.011700202
Warm B,200747,1233,1232,2846,1729,1,0.014225705
Warm B,192553,1185,1184,2846,1729,0,0.01710616
Warm B,175191,1111,1110,2846,1729,1,0.0002975267
Warm B,172860,1096,1095,2846,1729,0,-0.0008396717
Warm B,167803,1068,1067,2846,1729,0,0.012775
Warm B,162248,1034,1033,2846,1729,0,0.0043671513
Warm B,156361,1009,1008,2846,1729,0,0.015373452
Warm B,342377,2015,2014,2846,1729,0,0.011272453
Warm B,263226,1605,1604,2846,1729,1,0.014845062
Warm B,124216,800,799,2846,1729,1,0.012823553
Warm B,123858,798,797,2846,1729,1,0.015129953
Warm B,119170,770,769,2846,1729,0,0.007003425
Warm B,216408,1314,1313,2846,1729,0,-0.0054986887
Warm B,178059,1120,1119,2846,1729,1,0.009559778
Warm B,299573,1778,1777,2846,1729,0,0.015882384
Warm B,104832,695,694,2846,1729,1,0.014796078
Warm B,98315,658,657,2846,1729,0,0.0022532726
Warm B,351700,2063,2062,2846,1729,1,0.016781392
Warm B,109260,714,713,2846,1729,1,0.0018759754
Warm B,84951,552,551,2846,1729,0,0.00898858
Warm B,83012,549,548,2846,1729,1,0.004579925
Warm B,84064,550,549,2846,1729,0,0.016888108
Warm B,80131,533,532,2846,1729,1,0.012939984
Warm B,239952,1449,1448,2846,1729,0,0.007869301
Warm B,48619,326,325,2846,1729,0,0.0056453464
Warm B,132399,855,854,2846,1729,0,0.007263561
Warm B,58169,392,391,2846,1729,0,0.013167978
Warm B,362949,2116,2115,2846,1729,1,0.016490087
Warm B,537864,3312,3311,2846,1729,0,0.016161755
Warm B,238820,1448,1447,2846,1729,0,0.004741389
Warm B,23205,166,165,2846,1729,1,0.011333797
Warm B,10551,75,74,2846,1729,1,0.016065365
Warm B,8569,58,57,2846,1729,0,0.011050332
Warm B,6065,44,43,2846,1729,1,0.0043092845
Warm B,234023,1422,1421,2846,1729,0,0.0047185095
Warm B,78413,528,527,2846,1729,1,0.012414239
Warm B,386037,2258,2257,2846,1729,0,0.011383629
Warm B,257593,1579,1578,2846,1729,0,0.013357739
Warm B,171532,1088,1087,2846,1729,1,0.012882972
Warm B,680601,4079,4078,2846,1729,1,-0.003989654
Warm B,892917,5394,5393,2846,1729,0,0.0027003014
Warm B,628612,3807,3806,2846,1729,1,0.0068468596
Warm B,371626,2172,2171,2846,1729,0,0.009721622
Warm B,231079,1399,1398,2846,1729,1,0.011425994
Warm B,102155,678,677,2846,1729,1,0.0070280917
Warm B,941377,5682,5681,2846,1729,1,0.0081357
Warm B,290123,1733,1732,2846,1729,0,0.012399392
Warm B,877407,5302,5301,2846,1729,0,0.0018474999
Warm B,593719,3618,3617,2851,1730,0,0.0012027395
Warm B,563677,3469,3468,2851,1730,0,0.007417029
Warm B,657087,3961,3960,2851,1730,0,0.011756783
Warm B,557204,3423,3422,2851,1730,0,0.012527039
Warm B,555752,3416,3415,2851,1730,1,0.0073085255
Warm B,577067,3526,3525,2851,1730,0,0.00085604656
Warm B,537056,3311,3310,2851,1730,0,0.002463675
Warm B,513691,3169,3168,2851,1730,0,0.0014257528
Warm B,506645,3118,3117,2851,1730,0,-0.0024561584
Warm B,503802,3096,3095,2851,1730,1,-0.0028260082
Warm B,633144,3824,3823,2851,1730,0,0.010415668
Warm B,599956,3650,3649,2851,1730,0,0.004601392
Warm B,479231,2941,2940,2851,1730,0,0.004201427
Warm B,696157,4169,4168,2851,1730,0,0.007963407
Warm B,475929,2921,2920,2851,1730,0,0.0015062678
Warm B,591188,3607,3606,2851,1730,0,0.0019911407
Warm B,470949,2899,2898,2851,1730,1,0.001348921
Warm B,463222,2857,2856,2851,1730,0,0.016800096
Warm B,465128,2868,2867,2851,1730,0,0.0022107284
Warm B,457841,2820,2819,2851,1730,0,-0.0008074759
Warm B,436344,2665,2664,2851,1730,1,0.008277903
Warm B,423138,2565,2564,2851,1730,1,0.0077404687
Warm B,401359,2393,2392,2851,1730,0,0.000749107
Warm B,396631,2348,2347,2851,1730,0,-0.00081984606
Warm B,392112,2304,2303,2851,1730,0,0.0104343165
Warm B,388911,2279,2278,2851,1730,1,0.000110518304
Warm B,385240,2251,2250,2851,1730,0,0.0071611125
Warm B,370695,2167,2166,2851,1730,0,0.0023258128
Warm B,365356,2126,2125,2851,1730,0,0.009176726
Warm B,356347,2088,2087,2851,1730,0,0.003909628
Warm B,339860,2004,2003,2851,1730,0,-0.0079823425
Warm B,336977,1983,1982,2851,1730,1,-0.0010308223
Warm B,324175,1921,1920,2851,1730,0,0.0055055767
Warm B,293152,1746,1745,2851,1730,0,0.002862271
Warm B,292260,1741,1740,2851,1730,0,0.0075093512
Warm B,276905,1675,1674,2851,1730,0,0.0014261589
Warm B,312287,1861,1860,2851,1730,0,0.010177439
Warm B,350699,2059,2058,2851,1730,0,0.0071707745
Warm B,224668,1358,1357,2851,1730,0,0.009745578
Warm B,267184,1624,1623,2851,1730,0,0.00556719
Warm B,279053,1680,1679,2851,1730,1,0.007948801
Warm B,196451,1207,1206,2851,1730,0,0.0018932007
Warm B,194795,1202,1201,2851,1730,0,0.008090869
Warm B,327966,1941,1940,2851,1730,0,-0.002938176
Warm B,269873,1635,1634,2851,1730,0,0.00034255744
Warm B,181579,1135,1134,2851,1730,0,0.008167534
Warm B,178833,1122,1121,2851,1730,0,0.012335728
Warm B,177521,1119,1118,2851,1730,0,0.0029595825
Warm B,138147,889,888,2851,1730,0,0.010969749
Warm B,135571,877,876,2851,1730,0,-0.0015646729
Warm B,107871,710,709,2851,1730,0,0.008206315
Warm B,152984,984,983,2851,1730,0,0.0045142653
Warm B,86083,563,562,2851,1730,0,0.0030379908
Warm B,86584,566,565,2851,1730,0,-0.0021996293
Warm B,70744,476,475,2851,1730,0,0.0073824883
Warm B,66526,445,444,2851,1730,0,0.006084488
Warm B,49615,329,328,2851,1730,0,0.009160732
Warm B,41914,284,283,2851,1730,1,0.0075279255
Warm B,36662,245,244,2851,1730,0,0.0082123205
Warm B,98750,660,659,2851,1730,0,-0.0016021344
Warm B,481758,2962,2961,2851,1730,0,0.00095287943
Warm B,21648,157,156,2851,1730,0,-0.0006787381
Warm B,276168,1671,1670,2851,1730,0,-0.0032906304
Warm B,7903,53,52,2851,1730,1,0.0034505143
Warm B,201998,1243,1242,2851,1730,0,0.00045696844
Warm B,130497,846,845,2851,1730,0,0.00859434
Warm B,102162,678,677,2851,1730,0,0.0109383
Warm B,841086,5054,5053,2851,1730,0,0.015272875
Warm B,62830,424,423,2851,1730,0,0.0071537807
Warm B,237834,1447,1446,2851,1730,0,0.012443816
Warm B,234027,1422,1421,2851,1730,0,0.008846939
Warm B,351713,2063,2062,2851,1730,0,0.008860083
Warm B,489185,3012,3011,2851,1730,0,0.001565927
Warm B,623822,3773,3772,2852,1731,1,0.003453816
Warm B,725260,4344,4343,2852,1731,1,0.011152366
Warm B,611029,3705,3704,2852,1731,1,0.010276245
Warm B,608594,3691,3690,2852,1731,1,0.0029676815
Warm B,603397,3672,3671,2852,1731,1,-0.00013101404
Warm B,763908,4543,4542,2852,1731,1,0.009401004
Warm B,575782,3520,3519,2852,1731,1,0.01091575
Warm B,569144,3491,3490,2852,1731,1,0.01518359
Warm B,593720,3618,3617,2852,1731,1,0.012197584
Warm B,566166,3476,3475,2852,1731,1,0.0030488214
Warm B,567413,3483,3482,2852,1731,1,0.009899458
Warm B,548994,3389,3388,2852,1731,0,0.0018769691
Warm B,547904,3380,3379,2852,1731,0,0.006917469
Warm B,712956,4277,4276,2852,1731,1,0.0150619
Warm B,543420,3346,3345,2852,1731,1,-0.0014601764
Warm B,534655,3300,3299,2852,1731,1,0.004887632
Warm B,542153,3336,3335,2852,1731,0,0.0027552848
Warm B,533234,3292,3291,2852,1731,1,0.012298401
Warm B,529099,3271,3270,2852,1731,1,0.0009908902
Warm B,529624,3272,3271,2852,1731,1,0.0042384076
Warm B,522457,3224,3223,2852,1731,0,0.005259492
Warm B,509633,3139,3138,2852,1731,1,0.0042566163
Warm B,502105,3082,3081,2852,1731,1,0.0084142275
Warm B,494033,3032,3031,2852,1731,1,-0.000999314
Warm B,478021,2934,2933,2852,1731,1,0.0027093564
Warm B,696159,4169,4168,2852,1731,1,0.016074825
Warm B,474976,2915,2914,2852,1731,1,0.00037602452
Warm B,463224,2857,2856,2852,1731,1,0.0017701811
Warm B,457842,2820,2819,2852,1731,0,0.0024461697
Warm B,455803,2807,2806,2852,1731,1,-0.0024357447
Warm B,448409,2764,2763,2852,1731,1,0.00058931764
Warm B,443065,2731,2730,2852,1731,1,0.0043868218
Warm B,439577,2685,2684,2852,1731,1,0.008411434
Warm B,428560,2608,2607,2852,1731,1,0.004125821
Warm B,429111,2611,2610,2852,1731,1,0.0016182915
Warm B,446812,2753,2752,2852,1731,1,0.011972313
Warm B,403448,2410,2409,2852,1731,0,0.0004286575
Warm B,403310,2409,2408,2852,1731,1,0.005471387
Warm B,392114,2304,2303,2852,1731,1,0.010216178
Warm B,388913,2279,2278,2852,1731,1,0.008047981
Warm B,388338,2272,2271,2852,1731,0,0.015268473
Warm B,387781,2267,2266,2852,1731,0,-0.0011892901
Warm B,391594,2303,2302,2852,1731,1,0.001066261
Warm B,381612,2231,2230,2852,1731,1,0.008382205
Warm B,372998,2178,2177,2852,1731,1,0.011605058
Warm B,364704,2124,2123,2852,1731,1,0.00013118284
Warm B,323135,1916,1915,2852,1731,1,-0.003277205
Warm B,268944,1632,1631,2852,1731,0,0.019294407
Warm B,260054,1591,1590,2852,1731,1,0.0046302155
Warm B,300302,1780,1779,2852,1731,0,0.006660705
Warm B,242748,1465,1464,2852,1731,1,0.009320033
Warm B,260970,1595,1594,2852,1731,1,0.014919604
Warm B,325339,1926,1925,2852,1731,1,0.012260646
Warm B,217710,1321,1320,2852,1731,0,0.008340189
Warm B,396815,2349,2348,2852,1731,0,0.006212367
Warm B,255052,1552,1551,2852,1731,1,0.005053856
Warm B,180242,1128,1127,2852,1731,1,0.008164924
Warm B,219480,1331,1330,2852,1731,1,0.0071599507
Warm B,327968,1941,1940,2852,1731,1,0.0086081615
Warm B,163264,1044,1043,2852,1731,1,0.0077661555
Warm B,162666,1038,1037,2852,1731,1,0.007494004
Warm B,190785,1181,1180,2852,1731,0,0.0038772835
Warm B,320011,1899,1898,2852,1731,1,0.004617826
Warm B,199391,1224,1223,2852,1731,1,0.006653458
Warm B,143854,928,927,2852,1731,1,0.0048780153
Warm B,141474,911,910,2852,1731,1,0.008024104
Warm B,154829,999,998,2852,1731,1,0.007192622
Warm B,160007,1019,1018,2852,1731,0,-0.0023142758
Warm B,127687,824,823,2852,1731,1,0.004848306
Warm B,210837,1285,1284,2852,1731,1,0.0021544048
Warm B,239966,1449,1448,2852,1731,0,0.01238079
Warm B,106730,702,701,2852,1731,0,-0.0032527356
Warm B,98407,659,658,2852,1731,1,-0.0085679935
Warm B,98752,660,659,2852,1731,0,0.0010959026
Warm B,97517,654,653,2852,1731,0,0.020978661
Warm B,241140,1451,1450,2852,1731,1,0.0037708504
Warm B,228194,1383,1382,2852,1731,0,0.006010085
Warm B,84767,551,550,2852,1731,1,0.011344586
Warm B,68669,461,460,2852,1731,1,0.0034610387
Warm B,43682,300,299,2852,1731,1,-2.709357e-05
Warm B,39025,264,263,2852,1731,0,0.007052347
Warm B,35356,238,237,2852,1731,1,-0.004448003
Warm B,32258,216,215,2852,1731,0,0.006433664
Warm B,238831,1448,1447,2852,1731,1,-0.0050059436
Warm B,13573,107,106,2852,1731,0,0.004625968
Warm B,916651,5539,5538,2852,1731,1,-0.0045442246
Warm B,15741,123,122,2852,1731,0,0.0060021174
Warm B,4509,33,32,2852,1731,1,0.0010258607
Warm B,101,2,1,2852,1731,0,0.002002238
Warm B,357390,2092,2091,2852,1731,1,0.012204171
Warm B,432647,2638,2637,2852,1731,0,0.0091000255
Warm B,286664,1712,1711,2852,1731,1,-0.0060713994
Warm B,234029,1422,1421,2852,1731,1,0.012104
Warm B,408166,2453,2452,2852,1731,1,0.00018142117
Warm B,158071,1015,1014,2852,1731,0,0.005686204
Warm B,360022,2105,2104,2852,1731,0,0.007946875
Warm B,204525,1260,1259,2852,1731,1,0.004677294
Warm B,51527,338,337,2852,1731,1,0.010456171
Warm B,431005,2627,2626,2852,1731,0,0.02025913
Warm B,208718,1274,1273,2852,1731,1,0.0033911117
Warm B,565524,3475,3474,2852,1731,0,0.007822347
Warm B,420932,2544,2543,2852,1731,0,0.010910418
Warm B,322283,1912,1911,2852,1731,0,-0.004033129
Warm B,171541,1088,1087,2852,1731,0,-0.0022614938
Warm B,216967,1317,1316,2856,1732,1,0.004140101
Warm B,327971,1941,1940,2856,1732,0,0.008110171
Warm B,194521,1200,1199,2856,1732,0,0.0119945975
Warm B,184341,1147,1146,2856,1732,1,0.008699521
Warm B,165199,1053,1052,2856,1732,0,0.0076466203
Warm B,162776,1039,1038,2856,1732,0,0.00049498514
Warm B,148985,958,957,2856,1732,0,0.004868589
Warm B,139828,896,895,2856,1732,1,0.0037466225
Warm B,131110,850,849,2856,1732,0,0.0050447127
Warm B,126024,812,811,2856,1732,0,0.0079269875
Warm B,101663,677,676,2856,1732,0,0.0048085717
Warm B,75878,516,515,2856,1732,0,0.005831811
Warm B,74246,506,505,2856,1732,0,0.0032066407
Warm B,57011,385,384,2856,1732,0,0.013135757
Warm B,47665,319,318,2856,1732,0,0.012680868
Warm B,42129,285,284,2856,1732,1,0.008288761
Warm B,696162,4169,4168,2856,1732,0,0.015973357
Warm B,36923,248,247,2856,1732,1,0.011624829
Warm B,32523,218,217,2856,1732,0,0.007250072
Warm B,17863,137,136,2856,1732,0,0.012241339
Warm B,14223,116,115,2856,1732,0,0.005974939
Warm B,276170,1671,1670,2856,1732,0,0.016964242
Warm B,1721,16,15,2856,1732,0,0.006545306
Warm B,117027,754,753,2856,1732,0,0.003116894
Warm B,977774,5891,5890,2856,1732,1,0.009979192
Warm B,522458,3224,3223,2856,1732,1,0.0053716735
Warm B,20155,149,148,2856,1732,0,0.016824715
Warm B,115348,749,748,2856,1732,1,0.0131596085
Warm B,96590,648,647,2856,1732,0,0.011952555
Warm B,433586,2643,2642,2856,1732,1,0.0056929872
Warm B,378353,2208,2207,2860,1736,0,0.0022123004
Warm B,355946,2085,2084,2860,1736,1,0.009180656
Warm B,341147,2011,2010,2860,1736,1,0.0030372266
Warm B,340598,2010,2009,2860,1736,0,0.0069379467
Warm B,324746,1924,1923,2860,1736,0,0.005870775
Warm B,301236,1790,1789,2860,1736,0,0.0020304183
Warm B,297448,1764,1763,2860,1736,1,0.008164076
Warm B,265716,1613,1612,2860,1736,0,0.005718234
Warm B,266385,1616,1615,2860,1736,0,0.01285049
Warm B,228716,1385,1384,2860,1736,0,0.005621369
Warm B,224137,1356,1355,2860,1736,0,0.0010013788
Warm B,227095,1377,1376,2860,1736,0,0.0097271595
Warm B,222374,1345,1344,2860,1736,1,0.0041635428
Warm B,213410,1298,1297,2860,1736,1,0.009089785
Warm B,277617,1676,1675,2860,1736,1,0.013398342
Warm B,279077,1680,1679,2860,1736,1,0.0040278584
Warm B,179555,1125,1124,2860,1736,0,0.00526818
Warm B,198611,1220,1219,2860,1736,1,0.0059457393
Warm B,173619,1100,1099,2860,1736,0,0.0058037983
Warm B,169408,1076,1075,2860,1736,1,0.0018877601
Warm B,175468,1112,1111,2860,1736,0,0.008294583
Warm B,167813,1068,1067,2860,1736,0,0.011113434
Warm B,163793,1050,1049,2860,1736,0,0.019086866
Warm B,255495,1556,1555,2860,1736,1,0.011172069
Warm B,189340,1173,1172,2860,1736,0,0.013728131
Warm B,149332,961,960,2860,1736,1,0.0056682024
Warm B,712964,4277,4276,2860,1736,1,0.0015651218
Warm B,136507,881,880,2860,1736,0,0.0044052997
Warm B,407233,2446,2445,2860,1736,0,0.012867078
Warm B,351724,2063,2062,2860,1736,0,0.015083352
Warm B,106014,699,698,2860,1736,0,0.008753499
Warm B,109268,714,713,2860,1736,0,0.004804229
Warm B,239972,1449,1448,2860,1736,0,0.0122150555
Warm B,107878,710,709,2860,1736,1,0.01539536
Warm B,291329,1737,1736,2860,1736,0,0.0062146615
Warm B,190797,1181,1180,2860,1736,0,0.01873338
Warm B,83035,549,548,2860,1736,1,0.010281989
Warm B,251131,1516,1515,2860,1736,1,0.0047536762
Warm B,187938,1165,1164,2860,1736,0,0.005879755
Warm B,39627,268,267,2860,1736,0,-0.00033524772
Warm B,219139,1329,1328,2860,1736,0,0.010223385
Warm B,31569,214,213,2860,1736,0,0.0059515885
Warm B,437232,2669,2668,2860,1736,1,-0.002772647
Warm B,7003,48,47,2860,1736,0,0.008806568
Warm B,15756,123,122,2860,1736,0,0.0018825405
Warm B,2425,19,18,2860,1736,1,0.006023786
Warm B,143656,927,926,2860,1736,1,0.0049849027
Warm B,139172,890,889,2860,1736,1,0.0023915758
Warm B,169233,1074,1073,2860,1736,1,0.011953664
Warm B,370962,2168,2167,2860,1736,0,0.019777142
Warm B,974976,5880,5879,2860,1736,0,0.005629475
Warm B,362964,2116,2115,2860,1736,0,0.007908422
Warm B,777753,4647,4646,2860,1736,0,0.012699256
Warm B,682372,4085,4084,2860,1736,1,0.008102099
Warm B,78421,528,527,2860,1736,1,0.0031582215
Warm B,376364,2195,2194,2860,1736,1,0.009238144
Warm B,164472,1051,1050,2860,1736,0,0.008935065
Warm B,152189,979,978,2860,1736,1,-0.009325651
Warm B,335163,1978,1977,2860,1736,1,0.00077230646
Warm B,599201,3648,3647,2860,1736,0,0.014989807
Warm B,905278,5475,5474,2860,1736,0,-0.0018892151
Warm B,907624,5492,5491,2860,1736,0,0.004213603
Warm B,134197,869,868,2860,1736,1,0.0022242484
Warm B,234920,1425,1424,2860,1736,0,0.010816355
Warm B,941384,5682,5681,2860,1736,1,0.005303742
Warm B,53082,349,348,2860,1736,0,0.004162815
Warm B,28386,195,194,2860,1736,0,0.0070850593
Warm B,342398,2015,2014,2860,1736,1,0.001752895
Warm B,382827,2237,2236,2862,1738,0,0.007201248
Warm B,369879,2164,2163,2862,1738,0,0.012389072
Warm B,343096,2016,2015,2862,1738,1,0.0009201466
Warm B,298315,1768,1767,2862,1738,0,0.008395277
Warm B,268951,1632,1631,2862,1738,0,0.0102238525
Warm B,244864,1474,1473,2862,1738,0,0.0003954689
Warm B,242754,1465,1464,2862,1738,0,0.014435661
Warm B,262193,1600,1599,2862,1738,0,0.012177804
Warm B,279081,1680,1679,2862,1738,1,0.0039762654
Warm B,156778,1010,1009,2862,1738,0,0.018603845
Warm B,315156,1880,1879,2862,1738,0,0.007876757
Warm B,118079,764,763,2862,1738,1,0.003624103
Warm B,117469,757,756,2862,1738,0,0.0066094943
Warm B,210849,1285,1284,2862,1738,0,0.009191763
Warm B,284086,1698,1697,2862,1738,0,0.0058275703
Warm B,83037,549,548,2862,1738,1,0.009423256
Warm B,190801,1181,1180,2862,1738,0,0.0080063585
Warm B,71975,482,481,2862,1738,0,0.01186756
Warm B,68676,461,460,2862,1738,0,0.00027186773
Warm B,61412,412,411,2862,1738,0,0.0061761825
Warm B,696177,4169,4168,2862,1738,0,0.0131339
Warm B,892924,5394,5393,2862,1738,0,0.01224744
Warm B,102169,678,677,2862,1738,0,0.015406319
Warm B,720020,4312,4311,2862,1738,1,0.010405498
Warm B,571020,3503,3502,2862,1738,0,0.006680418
Warm B,18811,146,145,2862,1738,0,0.0032171027
Warm B,413185,2485,2484,2862,1738,0,0.0031953882
Warm B,96592,648,647,2862,1738,1,0.0069046044
Warm B,116127,752,751,2862,1738,0,0.017022815
Warm B,675961,4054,4053,2866,1740,1,0.011462773
Warm B,667078,4015,4014,2866,1740,0,0.020819966
Warm B,665778,4007,4006,2866,1740,1,0.012356311
Warm B,663951,3999,3998,2866,1740,0,0.011349218
Warm B,659621,3975,3974,2866,1740,0,0.008332105
Warm B,648228,3903,3902,2866,1740,0,0.0069147726
Warm B,642329,3864,3863,2866,1740,1,-0.006415758
Warm B,629362,3808,3807,2866,1740,0,0.01563468
Warm B,638050,3841,3840,2866,1740,0,0.013786351
Warm B,674986,4050,4049,2866,1740,0,0.0033991344
Warm B,619491,3754,3753,2866,1740,1,0.007478138
Warm B,617049,3735,3734,2866,1740,0,0.009533199
Warm B,615596,3727,3726,2866,1740,1,0.008080865
Warm B,614338,3721,3720,2866,1740,0,1.8494437e-05
Warm B,726436,4345,4344,2866,1740,1,0.008537438
Warm B,595207,3621,3620,2866,1740,0,-0.0014623345
Warm B,587852,3589,3588,2866,1740,0,0.016518002
Warm B,585645,3576,3575,2866,1740,1,0.012422827
Warm B,582102,3557,3556,2866,1740,1,0.007989973
Warm B,593735,3618,3617,2866,1740,0,0.01807242
Warm B,566179,3476,3475,2866,1740,1,0.009895997
Warm B,549001,3389,3388,2866,1740,0,0.0073744524
Warm B,550044,3391,3390,2866,1740,1,0.019374002
Warm B,542806,3340,3339,2866,1740,1,0.0056315046
Warm B,540221,3321,3320,2866,1740,1,0.009761382
Warm B,539551,3319,3318,2866,1740,1,-0.0023085529
Warm B,539854,3320,3319,2866,1740,0,0.011053108
Warm B,534660,3300,3299,2866,1740,0,0.00766587
Warm B,533248,3292,3291,2866,1740,1,0.016670847
Warm B,522471,3224,3223,2866,1740,1,0.0145789515
Warm B,518708,3201,3200,2866,1740,1,0.010088094
Warm B,514871,3180,3179,2866,1740,0,0.015913945
Warm B,512780,3163,3162,2866,1740,1,0.008492808
Warm B,500660,3075,3074,2866,1740,1,0.0135872075
Warm B,712972,4277,4276,2866,1740,1,0.010726276
Warm B,546060,3367,3366,2866,1740,1,0.007760238
Warm B,494050,3032,3031,2866,1740,1,0.014375924
Warm B,492676,3029,3028,2866,1740,0,0.020353211
Warm B,489914,3014,3013,2866,1740,1,0.006658269
Warm B,603598,3673,3672,2866,1740,1,0.011848404
Warm B,529635,3272,3271,2866,1740,0,0.017304756
Warm B,478024,2934,2933,2866,1740,1,0.007351889
Warm B,696181,4169,4168,2866,1740,1,0.018584248
Warm B,472528,2907,2906,2866,1740,0,0.020297166
Warm B,459139,2826,2825,2866,1740,0,0.00477115
Warm B,456194,2809,2808,2866,1740,1,0.00460821
Warm B,448416,2764,2763,2866,1740,0,0.0068883947
Warm B,446822,2753,2752,2866,1740,1,0.00550985
Warm B,443071,2731,2730,2866,1740,1,0.010788374
Warm B,441421,2704,2703,2866,1740,0,0.0023956138
Warm B,439579,2685,2684,2866,1740,0,0.0013042227
Warm B,438295,2679,2678,2866,1740,0,0.013207082
Warm B,433589,2643,2642,2866,1740,0,0.010089266
Warm B,452469,2786,2785,2866,1740,1,0.00870726
Warm B,426908,2592,2591,2866,1740,0,0.0017600474
Warm B,425284,2581,2580,2866,1740,1,0.016879005
Warm B,422612,2560,2559,2866,1740,1,0.0065069012
Warm B,414902,2497,2496,2866,1740,1,0.0069465013
Warm B,413404,2486,2485,2866,1740,0,0.01787777
Warm B,403452,2410,2409,2866,1740,0,0.01260082
Warm B,382829,2237,2236,2866,1740,1,0.0075364094
Warm B,382280,2233,2232,2866,1740,1,0.0076625976
Warm B,381619,2231,2230,2866,1740,0,0.0065114684
Warm B,372011,2173,2172,2866,1740,0,0.01084021
Warm B,361586,2109,2108,2866,1740,0,0.016842313
Warm B,335797,1980,1979,2866,1740,1,0.012992202
Warm B,323145,1916,1915,2866,1740,1,0.006899556
Warm B,292873,1744,1743,2866,1740,1,0.003247953
Warm B,295249,1753,1752,2866,1740,1,0.0026363186
Warm B,274747,1661,1660,2866,1740,1,0.0140390815
Warm B,282268,1693,1692,2866,1740,0,0.0059696743
Warm B,279086,1680,1679,2866,1740,1,0.009494012
Warm B,268954,1632,1631,2866,1740,0,0.013957313
Warm B,354057,2073,2072,2866,1740,1,0.003965158
Warm B,249492,1503,1502,2866,1740,1,0.011505723
Warm B,242758,1465,1464,2866,1740,0,0.008517673
Warm B,325345,1926,1925,2866,1740,0,0.012467976
Warm B,208726,1274,1273,2866,1740,0,0.01798919
Warm B,188576,1170,1169,2866,1740,1,0.0090963235
Warm B,210852,1285,1284,2866,1740,1,0.013448072
Warm B,190806,1181,1180,2866,1740,0,0.014433317
Warm B,158087,1015,1014,2866,1740,1,0.00866321
Warm B,320025,1899,1898,2866,1740,1,0.011443107
Warm B,839278,5046,5045,2866,1740,1,0.020321796
Warm B,338089,1988,1987,2866,1740,1,0.009934873
Warm B,270861,1639,1638,2866,1740,1,0.012314368
Warm B,146084,939,938,2866,1740,1,-0.0008620358
Warm B,222055,1343,1342,2866,1740,1,0.005887365
Warm B,185185,1150,1149,2866,1740,0,0.013607652
Warm B,216980,1317,1316,2866,1740,1,0.011604564
Warm B,156782,1010,1009,2866,1740,0,0.019150522
Warm B,138170,889,888,2866,1740,0,0.021826942
Warm B,141480,911,910,2866,1740,1,0.019820042
Warm B,412080,2478,2477,2866,1740,0,0.005563203
Warm B,198165,1218,1217,2866,1740,1,0.010497976
Warm B,178073,1120,1119,2866,1740,1,0.012900429
Warm B,105102,696,695,2866,1740,1,0.008498045
Warm B,106737,702,701,2866,1740,0,0.007472313
Warm B,94899,637,636,2866,1740,1,0.018494021
Warm B,115354,749,748,2866,1740,1,0.0042067408
Warm B,66531,445,444,2866,1740,1,0.010504056
Warm B,71535,481,480,2866,1740,1,0.006109113
Warm B,239975,1449,1448,2866,1740,0,0.014568864
Warm B,52623,346,345,2866,1740,1,0.01007186
Warm B,132416,855,854,2866,1740,0,0.011842859
Warm B,67016,451,450,2866,1740,1,0.0034896643
Warm B,43692,300,299,2866,1740,1,0.0017347503
Warm B,241153,1451,1450,2866,1740,1,0.008745667
Warm B,42560,291,290,2866,1740,1,0.009924317
Warm B,176884,1117,1116,2866,1740,1,0.0060091414
Warm B,145320,935,934,2866,1740,1,0.0027291628
Warm B,37465,255,254,2866,1740,1,0.007410456
Warm B,36691,245,244,2866,1740,1,0.010335965
Warm B,35371,238,237,2866,1740,1,0.008356674
Warm B,50337,331,330,2866,1740,1,0.016554382
Warm B,22076,161,160,2866,1740,1,-0.0033728383
Warm B,238844,1448,1447,2866,1740,1,0.008379461
Warm B,152443,981,980,2866,1740,0,0.017317528
Warm B,140668,904,903,2866,1740,1,0.0006358619
Warm B,15762,123,122,2866,1740,1,0.010288328
Warm B,18816,146,145,2866,1740,1,0.010989317
Warm B,286670,1712,1711,2866,1740,0,0.009574454
Warm B,234037,1422,1421,2866,1740,0,0.0078544915
Warm B,129360,839,838,2866,1740,1,0.0057310546
Warm B,249827,1505,1504,2866,1740,1,0.016528089
Warm B,744829,4448,4447,2866,1740,0,0.010680212
Warm B,927528,5605,5604,2866,1740,0,0.010274825
Warm B,680613,4079,4078,2866,1740,1,0.0074408017
Warm B,232792,1415,1414,2866,1740,0,0.010870453
Warm B,300310,1780,1779,2866,1740,0,0.009478937
Warm B,860074,5172,5171,2866,1740,1,0.007841369
Warm B,923907,5580,5579,2866,1740,1,0.0040251906
Warm B,565532,3475,3474,2866,1740,0,0.016812416
Warm B,47684,319,318,2866,1740,1,0.010815395
Warm B,204530,1260,1259,2866,1740,1,0.011023534
Warm B,795475,4765,4764,2866,1740,1,0.008418934
Warm B,319292,1897,1896,2866,1740,0,0.02003116
Warm B,993848,6002,6001,2866,1740,1,0.007866921
Warm B,420943,2544,2543,2866,1740,1,0.0056785382
Warm B,62850,424,423,2868,1742,0,0.010391925
Warm B,699648,4186,4185,2868,1742,0,0.004981181
Warm B,718533,4305,4304,2868,1742,0,0.0077248337
Warm B,681458,4083,4082,2870,1743,0,0.0021595783
Warm B,680030,4077,4076,2870,1743,1,-0.001184444
Warm B,674121,4048,4047,2870,1743,1,0.004947043
Warm B,669461,4024,4023,2870,1743,1,-0.00015387195
Warm B,668435,4021,4020,2870,1743,1,-0.0061825966
Warm B,667428,4016,4015,2870,1743,0,-0.0034804642
Warm B,652517,3934,3933,2870,1743,0,0.008418441
Warm B,614717,3724,3723,2870,1743,0,-0.0065626134
Warm B,744836,4448,4447,2870,1743,1,0.0012460989
Warm B,604161,3675,3674,2870,1743,0,-0.010347592
Warm B,726438,4345,4344,2870,1743,0,-0.0037970347
Warm B,636883,3836,3835,2870,1743,0,-0.0042256955
Warm B,725282,4344,4343,2870,1743,0,-0.00067803403
Warm B,597873,3639,3638,2870,1743,0,0.0030028704
Warm B,587862,3589,3588,2870,1743,1,-0.0015664713
Warm B,576530,3524,3523,2870,1743,1,-0.007265626
Warm B,567428,3483,3482,2870,1743,1,0.0037815452
Warm B,566784,3478,3477,2870,1743,0,-0.004249839
Warm B,556863,3422,3421,2870,1743,0,0.006489869
Warm B,548376,3384,3383,2870,1743,1,0.0010009069
Warm B,547917,3380,3379,2870,1743,0,-0.0011116316
Warm B,533257,3292,3291,2870,1743,1,0.0046172333
Warm B,882926,5333,5332,2870,1743,0,0.004922729
Warm B,518718,3201,3200,2870,1743,1,0.0047946544
Warm B,515978,3184,3183,2870,1743,1,-0.004847957
Warm B,510231,3143,3142,2870,1743,1,0.0065228585
Warm B,893600,5395,5394,2870,1743,0,-0.0014722378
Warm B,546064,3367,3366,2870,1743,1,0.0004589497
Warm B,494065,3032,3031,2870,1743,1,0.0035174377
Warm B,492298,3028,3027,2870,1743,0,-0.0007852174
Warm B,492043,3026,3025,2870,1743,1,-0.007252259
Warm B,768688,4579,4578,2870,1743,1,0.0017652204
Warm B,489917,3014,3013,2870,1743,0,-0.000542311
Warm B,696195,4169,4168,2870,1743,1,0.0007729097
Warm B,467755,2883,2882,2870,1743,1,0.0016525513
Warm B,466777,2878,2877,2870,1743,1,0.0057952492
Warm B,457866,2820,2819,2870,1743,0,-0.00328456
Warm B,421405,2545,2544,2870,1743,1,-0.0016689361
Warm B,419737,2537,2536,2870,1743,0,0.0036953255
Warm B,419415,2535,2534,2870,1743,1,-0.0004123412
Warm B,414904,2497,2496,2870,1743,1,-0.001110167
Warm B,398031,2365,2364,2870,1743,1,-0.0015509243
Warm B,436366,2665,2664,2870,1743,1,0.0038930746
Warm B,395129,2334,2333,2870,1743,1,-0.014861103
Warm B,392134,2304,2303,2870,1743,1,-0.00018181652
Warm B,388925,2279,2278,2870,1743,0,-0.0034211772
Warm B,403635,2411,2410,2870,1743,1,-0.00062024465
Warm B,655943,3952,3951,2870,1743,0,-0.0028510918
Warm B,383473,2241,2240,2870,1743,1,0.0024739965
Warm B,381625,2231,2230,2870,1743,0,-0.006017766
Warm B,378706,2211,2210,2870,1743,1,-0.0036275918
Warm B,377220,2203,2202,2870,1743,1,-0.010702076
Warm B,419365,2534,2533,2870,1743,0,-0.001496946
Warm B,356361,2088,2087,2870,1743,1,-0.005167694
Warm B,354063,2073,2072,2870,1743,1,0.0045951987
Warm B,347349,2038,2037,2870,1743,0,-0.0020370057
Warm B,343098,2016,2015,2870,1743,1,-0.0060614254
Warm B,313901,1874,1873,2870,1743,0,-0.004963575
Warm B,293400,1747,1746,2870,1743,0,-0.0007113264
Warm B,291900,1739,1738,2870,1743,1,0.0017353042
Warm B,299042,1776,1775,2870,1743,1,-0.00073598674
Warm B,276188,1671,1670,2870,1743,0,0.0004574412
Warm B,279106,1680,1679,2870,1743,1,0.0021803298
Warm B,264132,1607,1606,2870,1743,0,-0.007903624
Warm B,260387,1592,1591,2870,1743,0,0.011391054
Warm B,244668,1473,1472,2870,1743,0,0.008108522
Warm B,242767,1465,1464,2870,1743,1,-0.004486354
Warm B,357407,2092,2091,2870,1743,0,0.005285729
Warm B,217989,1322,1321,2870,1743,1,0.001148519
Warm B,296431,1758,1757,2870,1743,1,-0.0021953005
Warm B,308008,1836,1835,2870,1743,1,-0.0020587035
Warm B,188579,1170,1169,2870,1743,0,0.0019925882
Warm B,188411,1169,1168,2870,1743,0,-0.007927836
Warm B,183175,1141,1140,2870,1743,1,-0.0024486477
Warm B,185198,1150,1149,2870,1743,0,-0.0075061256
Warm B,180256,1128,1127,2870,1743,0,0.0018946682
Warm B,172625,1094,1093,2870,1743,0,-0.0026937518
Warm B,346166,2030,2029,2870,1743,1,0.00230574
Warm B,162254,1034,1033,2870,1743,1,0.0016813299
Warm B,320032,1899,1898,2870,1743,0,-0.0063395835
Warm B,166958,1062,1061,2870,1743,1,-0.0074435235
Warm B,146927,948,947,2870,1743,1,-0.008727726
Warm B,324394,1922,1921,2870,1743,1,0.0035577412
Warm B,222061,1343,1342,2870,1743,1,0.001655875
Warm B,141170,910,909,2870,1743,0,0.0006333672
Warm B,140457,901,900,2870,1743,1,0.003048951
Warm B,140231,899,898,2870,1743,0,-0.00030598626
Warm B,138178,889,888,2870,1743,0,-0.0052307667
Warm B,248787,1501,1500,2870,1743,0,4.8806658e-05
Warm B,131123,850,849,2870,1743,0,-0.0044965767
Warm B,374803,2185,2184,2870,1743,1,0.0039796503
Warm B,118691,767,766,2870,1743,0,-0.0015618021
Warm B,112430,731,730,2870,1743,1,0.0030363884
Warm B,95411,639,638,2870,1743,0,0.0022051474
Warm B,284096,1698,1697,2870,1743,0,-0.011969565
Warm B,153001,984,983,2870,1743,0,0.0054629482
Warm B,86600,566,565,2870,1743,1,0.0027663365
Warm B,83048,549,548,2870,1743,1,-0.0063336184
Warm B,76142,517,516,2870,1743,1,0.0019523434
Warm B,70752,476,475,2870,1743,1,-0.0013383871
Warm B,71538,481,480,2870,1743,1,0.0011525346
Warm B,64736,434,433,2870,1743,1,0.001585542
Warm B,75887,516,515,2870,1743,0,0.008131472
Warm B,123384,796,795,2870,1743,0,0.0033947716
Warm B,56753,380,379,2870,1743,1,-0.0011601467
Warm B,48654,326,325,2870,1743,0,0.0062420224
Warm B,46125,308,307,2870,1743,1,0.0048552155
Warm B,44782,302,301,2870,1743,0,0.0011340827
Warm B,32310,216,215,2870,1743,1,-0.00887458
Warm B,9435,62,61,2870,1743,1,0.0012613842
Warm B,6382,45,44,2870,1743,0,0.0071718404
Warm B,48094,322,321,2870,1743,1,-0.0034658094
Warm B,4188,31,30,2870,1743,0,-0.0063058645
Warm B,60922,411,410,2870,1743,0,-0.00045942608
Warm B,801375,4802,4801,2870,1743,1,-0.004086891
Warm B,286676,1712,1711,2870,1743,1,-0.00015021022
Warm B,843890,5074,5073,2870,1743,0,0.007207822
Warm B,966733,5831,5830,2870,1743,0,-0.0039456254
Warm B,158102,1015,1014,2870,1743,1,0.0013124044
Warm B,347989,2041,2040,2870,1743,0,0.0137563
Warm B,828662,4979,4978,2870,1743,0,-0.0047941473
Warm B,712981,4277,4276,2870,1743,0,0.010492859
Warm B,272149,1645,1644,2870,1743,1,0.007862431
Warm B,328006,1941,1940,2870,1743,0,-0.008683362
Warm B,558193,3428,3427,2870,1743,1,-0.0033098585
Warm B,565536,3475,3474,2870,1743,1,0.0008022804
Warm B,545283,3363,3362,2870,1743,1,0.0034089992
Warm B,797974,4785,4784,2870,1743,1,-0.001230669
Warm B,795478,4765,4764,2870,1743,1,-0.0016220897
Warm B,319296,1897,1896,2870,1743,1,0.0032284723
Warm B,842489,5063,5062,2870,1743,1,-0.0012028525
Warm B,171559,1088,1087,2870,1743,0,-0.0022945043
Warm B,346620,2031,2030,2870,1743,1,-0.003760423
Warm B,1099,10,9,2874,1746,1,0.008316646
Warm B,19621,148,147,2874,1746,1,0.010859659
Warm B,60936,411,410,2874,1746,0,0.009748839
Warm B,50696,333,332,2874,1746,0,0.013288822
Warm B,582759,3560,3559,2874,1746,0,0.0062824003
Warm B,489577,3013,3012,2874,1746,0,0.0010864092
Warm B,821568,4940,4939,2874,1746,1,0.017347936
Warm B,520319,3209,3208,2879,1749,1,0.0039546452
Warm B,527385,3261,3260,2879,1749,0,0.007964238
Warm B,506663,3118,3117,2879,1749,0,0.011786787
Warm B,504414,3101,3100,2879,1749,1,0.006069077
Warm B,496467,3051,3050,2879,1749,1,0.010952858
Warm B,494074,3032,3031,2879,1749,1,0.015198253
Warm B,486249,2994,2993,2879,1749,0,0.003872628
Warm B,482683,2967,2966,2879,1749,1,0.0012952466
Warm B,456951,2814,2813,2879,1749,1,0.009191957
Warm B,449892,2774,2773,2879,1749,1,0.005565493
Warm B,424701,2576,2575,2879,1749,1,-0.00047421153
Warm B,421743,2549,2548,2879,1749,0,0.0023393715
Warm B,418634,2529,2528,2879,1749,1,0.012382036
Warm B,409170,2456,2455,2879,1749,1,0.0031091233
Warm B,609631,3695,3694,2879,1749,1,0.008327844
Warm B,449343,2771,2770,2879,1749,0,0.017089538
Warm B,392138,2304,2303,2879,1749,1,0.009709415
Warm B,372440,2175,2174,2879,1749,0,0.008536726
Warm B,370481,2166,2165,2879,1749,1,0.0059009073
Warm B,367216,2143,2142,2879,1749,1,0.014786476
Warm B,366458,2134,2133,2879,1749,0,0.0011689591
Warm B,355949,2085,2084,2879,1749,0,0.002842159
Warm B,349851,2054,2053,2879,1749,0,0.014379514
Warm B,345090,2024,2023,2879,1749,0,0.006729436
Warm B,342416,2015,2014,2879,1749,1,0.007802611
Warm B,341554,2012,2011,2879,1749,0,0.011551188
Warm B,329277,1943,1942,2879,1749,0,0.018331008
Warm B,327169,1939,1938,2879,1749,1,0.0074181478
Warm B,320765,1902,1901,2879,1749,1,0.010628147
Warm B,329806,1945,1944,2879,1749,0,0.010131686
Warm B,297460,1764,1763,2879,1749,1,0.003073079
Warm B,289311,1727,1726,2879,1749,1,0.014809662
Warm B,282605,1694,1693,2879,1749,1,0.004758345
Warm B,274365,1658,1657,2879,1749,1,0.0039932
Warm B,269897,1635,1634,2879,1749,1,0.018884785
Warm B,265730,1613,1612,2879,1749,0,0.016275004
Warm B,247639,1496,1495,2879,1749,0,0.012408659
Warm B,243220,1466,1465,2879,1749,0,0.0062512523
Warm B,245496,1483,1482,2879,1749,1,0.0079293
Warm B,232671,1414,1413,2879,1749,1,0.01083808
Warm B,240781,1450,1449,2879,1749,1,0.0014460948
Warm B,296790,1759,1758,2879,1749,1,-0.0030720513
Warm B,213886,1299,1298,2879,1749,1,0.0045914343
Warm B,277635,1676,1675,2879,1749,0,0.010911022
Warm B,267195,1624,1623,2879,1749,0,0.00085201906
Warm B,192353,1184,1183,2879,1749,0,0.00043237582
Warm B,186349,1152,1151,2879,1749,0,0.012405481
Warm B,198615,1220,1219,2879,1749,0,0.011291893
Warm B,172865,1096,1095,2879,1749,0,0.009780714
Warm B,175482,1112,1111,2879,1749,0,0.011674967
Warm B,227599,1380,1379,2879,1749,0,0.0012580703
Warm B,155846,1004,1003,2879,1749,1,0.012619292
Warm B,712992,4277,4276,2879,1749,0,0.009300771
Warm B,136525,881,880,2879,1749,0,0.00885882
Warm B,135589,877,876,2879,1749,0,0.013066611
Warm B,128530,832,831,2879,1749,1,0.0012242763
Warm B,121859,785,784,2879,1749,1,0.010887204
Warm B,107895,710,709,2879,1749,1,0.018014267
Warm B,320041,1899,1898,2879,1749,1,0.016784333
Warm B,130505,846,845,2879,1749,1,0.009212772
Warm B,100139,669,668,2879,1749,1,0.012246413
Warm B,176895,1117,1116,2879,1749,0,0.018879572
Warm B,97810,655,654,2879,1749,0,0.014575571
Warm B,96399,647,646,2879,1749,0,0.017838078
Warm B,294877,1752,1751,2879,1749,0,0.0105311945
Warm B,284111,1698,1697,2879,1749,1,0.0039727082
Warm B,153925,990,989,2879,1749,1,0.012747358
Warm B,238865,1448,1447,2879,1749,0,0.0046620965
Warm B,78122,526,525,2879,1749,0,0.0013956525
Warm B,77459,524,523,2879,1749,1,0.009322342
Warm B,67417,453,452,2879,1749,0,0.009211219
Warm B,87070,569,568,2879,1749,0,-0.0043807095
Warm B,317670,1889,1888,2879,1749,1,0.016087461
Warm B,35925,242,241,2879,1749,0,0.0005038176
Warm B,626722,3792,3791,2879,1749,1,0.014060855
Warm B,873936,5277,5276,2879,1749,0,0.009550476
Warm B,32329,216,215,2879,1749,0,0.007867479
Warm B,239999,1449,1448,2879,1749,0,0.0029984387
Warm B,26076,185,184,2879,1749,0,0.008116799
Warm B,363932,2120,2119,2879,1749,0,0.0053076753
Warm B,258397,1584,1583,2879,1749,1,0.004403526
Warm B,16485,130,129,2879,1749,1,0.0078103854
Warm B,104276,692,691,2879,1749,1,0.012015941
Warm B,27367,192,191,2879,1749,0,-0.001547724
Warm B,10994,81,80,2879,1749,1,0.0043919254
Warm B,290152,1733,1732,2879,1749,0,0.0084115965
Warm B,10338,73,72,2879,1749,0,0.010733801
Warm B,17228,134,133,2879,1749,1,0.011797477
Warm B,633176,3824,3823,2879,1749,0,0.012125722
Warm B,54645,355,354,2879,1749,0,0.011267671
Warm B,255500,1556,1555,2879,1749,0,0.013231002
Warm B,974989,5880,5879,2879,1749,1,0.01199699
Warm B,362979,2116,2115,2879,1749,1,0.0049753306
Warm B,753262,4489,4488,2879,1749,1,0.0065126503
Warm B,28439,195,194,2879,1749,1,0.012319752
Warm B,490715,3018,3017,2879,1749,1,0.004661221
Warm B,241164,1451,1450,2879,1749,0,0.0078873085
Warm B,145777,937,936,2879,1749,1,0.011424986
Warm B,11694,90,89,2879,1749,1,0.008987171
Warm B,388113,2271,2270,2879,1749,0,0.005645477
Warm B,24542,173,172,2879,1749,1,0.005692545
Warm B,458652,2824,2823,2879,1749,1,-0.0037706676
Warm B,62868,424,423,2879,1749,1,0.0156115815
Warm B,272866,1647,1646,2879,1749,0,0.0026779056
Warm B,104280,692,691,2880,1750,1,0.014808118
Warm B,28456,195,194,2880,1750,0,0.0022331919
Warm B,974992,5880,5879,2880,1750,1,0.015632015
Warm B,490721,3018,3017,2880,1750,0,0.018465966
Warm B,362989,2116,2115,2880,1750,1,0.012628827
Warm B,633185,3824,3823,2880,1750,0,-0.00051812455
Warm B,11705,90,89,2880,1750,1,-0.0027350404
Warm B,290157,1733,1732,2880,1750,0,0.0062449216
Warm B,24557,173,172,2880,1750,1,0.0030467897
Warm B,458656,2824,2823,2880,1750,1,0.006035556
Warm B,145782,937,936,2880,1750,1,0.0006050307
Warm B,272875,1647,1646,2880,1750,0,0.019858725
Warm B,443525,2735,2734,2882,1752,0,0.0038026455
Warm B,432430,2637,2636,2882,1752,0,0.005926622
Warm B,401274,2392,2391,2882,1752,0,0.008740593
Warm B,397746,2358,2357,2882,1752,0,0.011037808
Warm B,396341,2344,2343,2882,1752,0,0.0026236188
Warm B,386607,2261,2260,2882,1752,0,0.0070029628
Warm B,381311,2230,2229,2882,1752,0,0.008733743
Warm B,376727,2199,2198,2882,1752,0,0.010166494
Warm B,369894,2164,2163,2882,1752,0,0.012915935
Warm B,354072,2073,2072,2882,1752,1,0.0042262874
Warm B,348627,2043,2042,2882,1752,0,0.002665773
Warm B,348425,2042,2041,2882,1752,0,-0.0004942813
Warm B,318360,1891,1890,2882,1752,0,0.008340695
Warm B,278166,1677,1676,2882,1752,1,0.0008833611
Warm B,275088,1666,1665,2882,1752,0,0.013198901
Warm B,254711,1548,1547,2882,1752,0,0.0013030802
Warm B,252992,1534,1533,2882,1752,0,0.001047476
Warm B,241631,1453,1452,2882,1752,0,0.013308218
Warm B,204930,1261,1260,2882,1752,1,0.008037609
Warm B,314485,1878,1877,2882,1752,1,0.003850507
Warm B,196476,1207,1206,2882,1752,0,0.010040859
Warm B,189352,1173,1172,2882,1752,0,0.0037099374
Warm B,321659,1908,1907,2882,1752,1,0.0055097467
Warm B,333172,1967,1966,2882,1752,0,-0.002613301
Warm B,168408,1069,1068,2882,1752,0,0.0073065106
Warm B,160865,1022,1021,2882,1752,0,0.0069634495
Warm B,313749,1873,1872,2882,1752,0,0.002174933
Warm B,145329,935,934,2882,1752,0,0.009322615
Warm B,134801,871,870,2882,1752,1,0.009570058
Warm B,178086,1120,1119,2882,1752,0,0.010244369
Warm B,110352,720,719,2882,1752,0,0.016921613
Warm B,107082,704,703,2882,1752,0,0.0050544385
Warm B,106031,699,698,2882,1752,0,0.0006537014
Warm B,100825,673,672,2882,1752,0,0.0024500357
Warm B,98780,660,659,2882,1752,0,0.022484088
Warm B,90927,602,601,2882,1752,0,0.008984676
Warm B,87255,570,569,2882,1752,0,0.0041116066
Warm B,238873,1448,1447,2882,1752,1,0.0122751575
Warm B,68691,461,460,2882,1752,1,0.011954891
Warm B,54261,354,353,2882,1752,1,0.012298184
Warm B,54076,352,351,2882,1752,0,0.015978228
Warm B,155325,1001,1000,2882,1752,0,0.0070507186
Warm B,48209,323,322,2882,1752,1,0.0043357117
Warm B,291350,1737,1736,2882,1752,0,0.010268654
Warm B,17047,133,132,2882,1752,1,0.010730958
Warm B,10709,77,76,2882,1752,0,0.01270806
Warm B,1661,15,14,2882,1752,0,-0.0034466796
Warm B,117036,754,753,2882,1752,0,0.005547467
Warm B,56390,376,375,2882,1752,1,0.008165959
Warm B,76352,518,517,2882,1752,0,0.007998548
Warm B,696218,4169,4168,2882,1752,0,0.011566354
Warm B,170839,1087,1086,2882,1752,0,0.021759467
Warm B,558198,3428,3427,2882,1752,1,0.013812836
Warm B,466788,2878,2877,2882,1752,1,0.020368585
Warm B,242336,1463,1462,2882,1752,0,0.0047721686
Warm B,136534,881,880,2882,1752,0,0.010318002
Warm B,413189,2485,2484,2882,1752,1,0.009327736
Warm B,52258,343,342,2882,1752,0,0.0049916073
Warm B,777768,4647,4646,2885,1754,0,0.0054970523
Warm B,306809,1831,1830,2888,1755,1,0.0035689534
Warm B,296973,1760,1759,2888,1755,0,0.005255626
Warm B,277648,1676,1675,2888,1755,0,-0.0017808019
Warm B,281246,1687,1686,2888,1755,1,-0.0016817241
Warm B,265058,1611,1610,2888,1755,0,0.003826587
Warm B,256240,1563,1562,2888,1755,0,0.0023865162
Warm B,255324,1555,1554,2888,1755,1,0.0120624155
Warm B,301752,1793,1792,2888,1755,0,0.0017790395
Warm B,243224,1466,1465,2888,1755,0,0.0033900947
Warm B,225573,1366,1365,2888,1755,0,0.0051286975
Warm B,224146,1356,1355,2888,1755,0,-0.0013127957
Warm B,224857,1359,1358,2888,1755,0,0.005384283
Warm B,223508,1354,1353,2888,1755,1,0.00818155
Warm B,214081,1300,1299,2888,1755,0,0.0035991366
Warm B,243909,1470,1469,2888,1755,0,0.0036350773
Warm B,236369,1434,1433,2888,1755,0,0.004854804
Warm B,186758,1156,1155,2888,1755,1,0.0006256364
Warm B,186475,1153,1152,2888,1755,0,-0.0055592265
Warm B,285647,1702,1701,2888,1755,1,-0.0064204945
Warm B,270430,1636,1635,2888,1755,0,-0.00015972345
Warm B,167828,1068,1067,2888,1755,0,-0.0032852006
Warm B,139834,896,895,2888,1755,0,0.0066215247
Warm B,138210,889,888,2888,1755,0,0.0043142806
Warm B,135599,877,876,2888,1755,0,0.0061259046
Warm B,263269,1605,1604,2888,1755,0,0.0066554733
Warm B,125300,805,804,2888,1755,1,0.008754747
Warm B,121800,784,783,2888,1755,0,0.0035179944
Warm B,360730,2106,2105,2888,1755,0,0.005197787
Warm B,95849,643,642,2888,1755,0,0.003294881
Warm B,79365,531,530,2888,1755,0,0.0057798456
Warm B,87075,569,568,2888,1755,1,-0.003663037
Warm B,64223,429,428,2888,1755,0,0.005467475
Warm B,78433,528,527,2888,1755,0,0.0005718876
Warm B,312869,1865,1864,2888,1755,1,0.0014929166
Warm B,219151,1329,1328,2888,1755,0,0.0056102294
Warm B,291357,1737,1736,2888,1755,0,0.006223484
Warm B,15071,119,118,2888,1755,0,0.009511478
Warm B,4788,34,33,2888,1755,1,-0.0010008352
Warm B,1725,16,15,2888,1755,0,2.19504e-05
Warm B,158128,1015,1014,2888,1755,0,0.006531261
Warm B,111642,727,726,2888,1755,1,0.0035076109
Warm B,238878,1448,1447,2888,1755,0,0.011730101
Warm B,257624,1579,1578,2888,1755,0,0.0070446394
Warm B,88203,582,581,2888,1755,0,-0.0015153713
Warm B,2465,19,18,2888,1755,0,-0.003108563
Warm B,682398,4085,4084,2888,1755,1,0.009472705
Warm B,12168,92,91,2888,1755,0,0.0042340886
Warm B,164498,1051,1050,2888,1755,0,0.0005207206
Warm B,405325,2427,2426,2888,1755,0,0.00011688261
Warm B,907634,5492,5491,2888,1755,0,0.009002722
Warm B,171580,1088,1087,2888,1755,0,0.00017251889
Warm B,134227,869,868,2888,1755,1,0.008238668
Warm B,209668,1280,1279,2888,1755,0,-0.00051782833
Warm B,730555,4371,4370,2888,1755,1,0.0026385272
Warm B,434918,2655,2654,2888,1755,0,0.0080336435
Warm B,718543,4305,4304,2888,1755,1,0.0037702986
Warm B,156812,1010,1009,2888,1755,0,0.0071892417
Warm B,331566,1958,1957,2888,1755,0,0.0034523518
Warm B,785771,4697,4696,2888,1755,1,0.009053068
Warm B,737123,4407,4406,2891,1758,0,0.005078856
Warm B,736066,4401,4400,2891,1758,0,-0.008978037
Warm B,691274,4139,4138,2891,1758,1,-0.00514141
Warm B,689039,4122,4121,2891,1758,0,0.012139688
Warm B,682406,4085,4084,2891,1758,1,-0.0021323126
Warm B,683958,4089,4088,2891,1758,1,0.004980388
Warm B,678459,4064,4063,2891,1758,1,-0.010622731
Warm B,677795,4062,4061,2891,1758,0,0.013009622
Warm B,671223,4033,4032,2891,1758,1,0.0068978197
Warm B,761154,4522,4521,2891,1758,1,0.010268371
Warm B,724831,4343,4342,2891,1758,0,0.006664045
Warm B,651387,3929,3928,2891,1758,0,-0.0018794432
Warm B,634880,3829,3828,2891,1758,0,0.008792232
Warm B,670229,4028,4027,2891,1758,1,0.008939827
Warm B,614170,3720,3719,2891,1758,0,-0.0044498346
Warm B,845313,5081,5080,2891,1758,1,0.0031094723
Warm B,610438,3702,3701,2891,1758,1,-0.0010293112
Warm B,615626,3727,3726,2891,1758,0,-0.0017134766
Warm B,604191,3675,3674,2891,1758,0,0.0031829025
Warm B,598592,3643,3642,2891,1758,0,-0.0043482212
Warm B,593031,3615,3614,2891,1758,1,0.004068851
Warm B,582660,3559,3558,2891,1758,1,0.003777091
Warm B,902784,5458,5457,2891,1758,1,0.0037365044
Warm B,579296,3539,3538,2891,1758,1,-0.0064060786
Warm B,563058,3464,3463,2891,1758,0,0.0074556265
Warm B,550084,3391,3390,2891,1758,1,0.007039222
Warm B,546790,3371,3370,2891,1758,0,0.00063185976
Warm B,532118,3285,3284,2891,1758,1,0.0047667488
Warm B,525980,3250,3249,2891,1758,0,0.0074799103
Warm B,524828,3240,3239,2891,1758,1,0.0065100817
Warm B,539874,3320,3319,2891,1758,0,0.005825415
Warm B,516076,3185,3184,2891,1758,1,-0.0007724842
Warm B,882118,5329,5328,2891,1758,1,-0.0033493997
Warm B,527399,3261,3260,2891,1758,0,-0.00066108885
Warm B,507403,3122,3121,2891,1758,0,-0.0012153813
Warm B,485021,2986,2985,2891,1758,1,0.0020148037
Warm B,482695,2967,2966,2891,1758,0,-0.00035364507
Warm B,474677,2913,2912,2891,1758,1,0.0027694209
Warm B,472549,2907,2906,2891,1758,0,0.0036453628
Warm B,470968,2899,2898,2891,1758,1,0.007529306
Warm B,461812,2848,2847,2891,1758,1,0.00010039797
Warm B,459611,2832,2831,2891,1758,0,0.00601225
Warm B,445932,2750,2749,2891,1758,1,-0.0046785036
Warm B,443807,2737,2736,2891,1758,0,0.0054196054
Warm B,442399,2724,2723,2891,1758,0,0.011274431
Warm B,438821,2681,2680,2891,1758,1,-0.0004940358
Warm B,432998,2639,2638,2891,1758,0,0.005456343
Warm B,404520,2419,2418,2891,1758,1,0.0030244875
Warm B,400374,2383,2382,2891,1758,0,0.012364588
Warm B,387000,2263,2262,2891,1758,0,0.0071990946
Warm B,367895,2148,2147,2891,1758,1,-0.0005929591
Warm B,355957,2085,2084,2891,1758,0,0.0018399957
Warm B,338596,1992,1991,2891,1758,1,-0.0065681813
Warm B,283525,1697,1696,2891,1758,1,-0.0027928054
Warm B,274373,1658,1657,2891,1758,0,0.0053127795
Warm B,265740,1613,1612,2891,1758,0,0.007016576
Warm B,264596,1609,1608,2891,1758,1,0.011716764
Warm B,259438,1587,1586,2891,1758,0,-0.004399569
Warm B,231961,1407,1406,2891,1758,1,-0.0013319922
Warm B,309925,1843,1842,2891,1758,0,-0.0047681197
Warm B,335851,1980,1979,2891,1758,1,0.0056097526
Warm B,222381,1345,1344,2891,1758,1,-0.00090154057
Warm B,223512,1354,1353,2891,1758,1,0.0009658553
Warm B,217013,1317,1316,2891,1758,1,0.0040922435
Warm B,296793,1759,1758,2891,1758,0,-0.003848941
Warm B,277654,1676,1675,2891,1758,1,-0.002041122
Warm B,360740,2106,2105,2891,1758,0,-3.3655087e-06
Warm B,210899,1285,1284,2891,1758,1,0.0007253272
Warm B,185234,1150,1149,2891,1758,0,-0.0005077799
Warm B,183184,1141,1140,2891,1758,1,0.0017208925
Warm B,173642,1100,1099,2891,1758,0,-0.00051873084
Warm B,167832,1068,1067,2891,1758,1,-0.0019004687
Warm B,175495,1112,1111,2891,1758,0,-0.0031295682
Warm B,166439,1059,1058,2891,1758,0,-0.00012583937
Warm B,163377,1045,1044,2891,1758,1,-0.0073416936
Warm B,214819,1303,1302,2891,1758,1,0.0024808159
Warm B,151966,977,976,2891,1758,1,-0.002233805
Warm B,125229,804,803,2891,1758,1,0.00021698396
Warm B,112443,731,730,2891,1758,0,0.0027581211
Warm B,341159,2011,2010,2891,1758,1,-0.005610222
Warm B,200053,1228,1227,2891,1758,1,-0.00050623575
Warm B,190859,1181,1180,2891,1758,1,-0.0036480392
Warm B,116164,752,751,2891,1758,1,0.00765392
Warm B,65777,440,439,2891,1758,1,-0.0036117574
Warm B,61900,415,414,2891,1758,0,0.0024991336
Warm B,155330,1001,1000,2891,1758,1,0.0036807777
Warm B,56764,380,379,2891,1758,1,0.0056442954
Warm B,132438,855,854,2891,1758,0,-0.008547035
Warm B,42911,293,292,2891,1758,0,0.0021919808
Warm B,44080,301,300,2891,1758,1,0.006691482
Warm B,312871,1865,1864,2891,1758,1,0.003094857
Warm B,60978,411,410,2891,1758,1,0.0019759554
Warm B,31592,214,213,2891,1758,0,-0.008358287
Warm B,8659,58,57,2891,1758,1,0.004077647
Warm B,206836,1266,1265,2891,1758,0,0.0050970144
Warm B,78440,528,527,2891,1758,1,-0.0013121297
Warm B,933442,5636,5635,2891,1758,1,-0.0032558772
Warm B,696237,4169,4168,2891,1758,1,0.002826455
Warm B,49720,329,328,2891,1758,0,-0.0048200963
Warm B,797286,4781,4780,2891,1758,1,0.001869175
Warm B,557220,3423,3422,2891,1758,1,0.0048920386
Warm B,607113,3685,3684,2891,1758,1,0.0032124703
Warm B,290172,1733,1732,2891,1758,0,-0.0028686149
Warm B,828678,4979,4978,2891,1758,0,0.005743684
Warm B,949190,5734,5733,2891,1758,1,-0.008841314
Warm B,169915,1079,1078,2891,1758,1,0.002916113
Warm B,317681,1889,1888,2891,1758,0,0.007778012
Warm B,102207,678,677,2891,1758,0,0.0011822451
Warm B,265062,1611,1610,2891,1758,0,-0.0044620195
Warm B,252491,1530,1529,2891,1758,1,0.009435469
Warm B,488131,3002,3001,2891,1758,1,-0.0043238415
Warm B,195412,1203,1202,2891,1758,1,-0.0007280209
Warm B,171589,1088,1087,2891,1758,1,0.0094506545
Warm B,51579,338,337,2891,1758,1,-0.00295144
Warm B,571039,3503,3502,2891,1758,1,-0.0032960088
Warm B,322327,1912,1911,2891,1758,0,0.0061784876
Warm B,206329,1265,1264,2891,1758,0,0.004154015
Warm B,107913,710,709,2891,1758,0,0.0052707316
Warm B,164506,1051,1050,2891,1758,1,0.0034766342
Warm B,699661,4186,4185,2891,1758,0,-0.0022721472
Warm B,713011,4277,4276,2891,1758,0,0.0027995068
Warm B,178627,1121,1120,2891,1758,1,0.011420339
Warm B,104291,692,691,2891,1758,0,0.004731988
Warm B,234947,1425,1424,2891,1758,0,0.0076057203
Warm B,263282,1605,1604,2891,1758,0,0.009439054
Warm B,374046,2181,2180,2898,1759,0,0.015209287
Warm B,366157,2131,2130,2898,1759,0,0.006707104
Warm B,358485,2098,2097,2898,1759,0,-0.005447722
Warm B,361612,2109,2108,2898,1759,1,0.009321442
Warm B,344415,2021,2020,2898,1759,1,0.01632249
Warm B,303523,1803,1802,2898,1759,0,0.0026126173
Warm B,288257,1722,1721,2898,1759,1,0.009999653
Warm B,279165,1680,1679,2898,1759,1,0.015852816
Warm B,276932,1675,1674,2898,1759,1,0.0048340294
Warm B,268334,1630,1629,2898,1759,0,0.0097139105
Warm B,265743,1613,1612,2898,1759,0,0.010515028
Warm B,253728,1543,1542,2898,1759,0,0.0079633575
Warm B,234583,1424,1423,2898,1759,0,-0.0073059937
Warm B,221892,1342,1341,2898,1759,0,0.0053635407
Warm B,328059,1941,1940,2898,1759,0,0.0030526752
Warm B,256184,1562,1561,2898,1759,0,-0.002256785
Warm B,183981,1146,1145,2898,1759,0,0.019207012
Warm B,175497,1112,1111,2898,1759,0,0.014188188
Warm B,165215,1053,1052,2898,1759,0,-0.00010607252
Warm B,159237,1017,1016,2898,1759,0,0.0006891987
Warm B,158140,1015,1014,2898,1759,0,0.009061939
Warm B,150972,971,970,2898,1759,0,0.011787102
Warm B,156827,1010,1009,2898,1759,0,0.014886053
Warm B,138234,889,888,2898,1759,0,0.014483914
Warm B,133168,859,858,2898,1759,0,0.007714059
Warm B,125536,808,807,2898,1759,0,0.0034940988
Warm B,107917,710,709,2898,1759,0,0.013539366
Warm B,77484,524,523,2898,1759,0,0.008976753
Warm B,81645,543,542,2898,1759,1,0.008156689
Warm B,240026,1449,1448,2898,1759,0,0.016359821
Warm B,45275,305,304,2898,1759,0,0.0054799058
Warm B,291374,1737,1736,2898,1759,0,0.0039349347
Warm B,22742,163,162,2898,1759,0,0.006638742
Warm B,290175,1733,1732,2898,1759,0,0.0039757183
Warm B,696244,4169,4168,2898,1759,0,0.0148404315
Warm B,265065,1611,1610,2898,1759,1,0.010434228
Warm B,572101,3507,3506,2898,1759,0,0.0139667615
Warm B,365742,2129,2128,2898,1759,0,0.009850609
Warm B,164509,1051,1050,2898,1759,0,0.0144312065
Warm B,102210,678,677,2898,1759,0,0.01738672
Warm B,62893,424,423,2898,1759,1,0.0013154096
Warm B,892942,5394,5393,2898,1759,0,0.021804152
Warm B,405326,2427,2426,2899,1760,1,0.0062148357
Warm B,394738,2330,2329,2899,1760,1,0.006610361
Warm B,385527,2253,2252,2899,1760,1,0.0086879255
Warm B,383475,2241,2240,2899,1760,1,0.0046177786
Warm B,384104,2244,2243,2899,1760,1,0.009753627
Warm B,381636,2231,2230,2899,1760,0,0.012393622
Warm B,364731,2124,2123,2899,1760,1,0.013428522
Warm B,362137,2110,2109,2899,1760,0,0.013549334
Warm B,348714,2045,2044,2899,1760,0,0.0014313573
Warm B,345797,2029,2028,2899,1760,0,0.0014648732
Warm B,335086,1977,1976,2899,1760,0,0.004822854
Warm B,326983,1938,1937,2899,1760,0,0.0013372039
Warm B,313575,1871,1870,2899,1760,0,0.0028488068
Warm B,268991,1632,1631,2899,1760,0,0.013771309
Warm B,343105,2016,2015,2899,1760,1,0.009392985
Warm B,312312,1861,1860,2899,1760,0,0.0090765245
Warm B,258995,1586,1585,2899,1760,0,0.0058771158
Warm B,257027,1574,1573,2899,1760,1,0.002636785
Warm B,311724,1858,1857,2899,1760,1,0.0068667093
Warm B,245278,1481,1480,2899,1760,1,0.005585363
Warm B,335854,1980,1979,2899,1760,1,0.017124193
Warm B,216206,1312,1311,2899,1760,1,0.013072179
Warm B,279167,1680,1679,2899,1760,1,0.0053833565
Warm B,591946,3610,3609,2899,1760,0,0.005463889
Warm B,243919,1470,1469,2899,1760,0,0.0100081805
Warm B,235836,1427,1426,2899,1760,0,0.005962424
Warm B,248805,1501,1500,2899,1760,1,0.008116154
Warm B,166441,1059,1058,2899,1760,1,-7.183442e-05
Warm B,167834,1068,1067,2899,1760,0,0.013174785
Warm B,158142,1015,1014,2899,1760,0,0.0043305857
Warm B,212890,1297,1296,2899,1760,1,0.00087074656
Warm B,147673,951,950,2899,1760,0,0.0069572935
Warm B,131139,850,849,2899,1760,0,0.008781954
Warm B,147390,949,948,2899,1760,1,0.009710993
Warm B,125371,806,805,2899,1760,0,0.005821348
Warm B,121119,780,779,2899,1760,1,0.007004887
Warm B,110356,720,719,2899,1760,0,0.008665475
Warm B,93776,629,628,2899,1760,0,0.00038861347
Warm B,425675,2583,2582,2899,1760,1,0.0037644594
Warm B,92211,614,613,2899,1760,0,0.004793727
Warm B,86106,563,562,2899,1760,0,0.008697679
Warm B,85251,556,555,2899,1760,0,0.0059291646
Warm B,83081,549,548,2899,1760,1,0.012187274
Warm B,80946,538,537,2899,1760,1,0.008879536
Warm B,54946,360,359,2899,1760,1,0.009401073
Warm B,48935,327,326,2899,1760,1,0.00745079
Warm B,40806,273,272,2899,1760,1,0.012112472
Warm B,32387,216,215,2899,1760,0,0.014093947
Warm B,14116,114,113,2899,1760,1,-0.0011269501
Warm B,13952,112,111,2899,1760,1,-0.0036378512
Warm B,12767,97,96,2899,1760,1,0.011371058
Warm B,10576,75,74,2899,1760,0,0.011326874
Warm B,958814,5787,5786,2899,1760,1,0.0061602048
Warm B,622084,3768,3767,2899,1760,0,0.00054479856
Warm B,768702,4579,4578,2899,1760,0,-0.0005033432
Warm B,565556,3475,3474,2899,1760,0,0.014458601
Warm B,208754,1274,1273,2899,1760,1,0.012738811
Warm B,605027,3678,3677,2900,1761,0,0.012857171
Warm B,569450,3491,3490,2900,1761,1,0.018077705
Warm B,594274,3618,3617,2900,1761,0,0.015705988
Warm B,581430,3550,3549,2900,1761,0,0.0029132753
Warm B,551458,3395,3394,2900,1761,0,0.01163789
Warm B,549234,3389,3388,2900,1761,0,0.012025714
Warm B,541714,3333,3332,2900,1761,1,0.016861536
Warm B,539041,3314,3313,2900,1761,0,0.0025819154
Warm B,531246,3280,3279,2900,1761,0,0.00788273
Warm B,523742,3228,3227,2900,1761,1,0.01315867
Warm B,519741,3206,3205,2900,1761,0,0.00057513826
Warm B,566458,3476,3475,2900,1761,0,0.01435422
Warm B,508787,3129,3128,2900,1761,1,0.0039362684
Warm B,501874,3081,3080,2900,1761,1,0.0070179296
Warm B,500039,3069,3068,2900,1761,0,0.01026102
Warm B,498004,3056,3055,2900,1761,0,0.016579688
Warm B,517977,3196,3195,2900,1761,0,0.0019088504
Warm B,474042,2909,2908,2900,1761,1,0.0057713054
Warm B,467827,2883,2882,2900,1761,1,0.010628544
Warm B,754758,4497,4496,2900,1761,0,0.005773915
Warm B,449660,2772,2771,2900,1761,1,0.012942828
Warm B,444438,2742,2741,2900,1761,1,0.0049531576
Warm B,441553,2708,2707,2900,1761,0,0.011059048
Warm B,434131,2645,2644,2900,1761,0,0.0027873132
Warm B,429527,2615,2614,2900,1761,0,0.011383779
Warm B,426601,2590,2589,2900,1761,0,0.008204899
Warm B,423527,2566,2565,2900,1761,0,0.0074116015
Warm B,409775,2457,2456,2900,1761,0,0.009408997
Warm B,402017,2400,2399,2900,1761,0,-0.0050928183
Warm B,389093,2279,2278,2900,1761,0,0.008090569
Warm B,403776,2411,2410,2900,1761,0,0.0072690938
Warm B,385403,2251,2250,2900,1761,0,0.0005964043
Warm B,376784,2199,2198,2900,1761,0,0.0006872271
Warm B,374379,2181,2180,2900,1761,0,0.011102542
Warm B,370796,2167,2166,2900,1761,1,0.008144508
Warm B,348523,2042,2041,2900,1761,0,-0.0055233124
Warm B,305940,1820,1819,2900,1761,0,0.00825824
Warm B,288329,1722,1721,2900,1761,0,-0.0007458641
Warm B,291661,1737,1736,2900,1761,0,-5.748635e-05
Warm B,292529,1741,1740,2900,1761,0,0.01209807
Warm B,279847,1680,1679,2900,1761,0,0.010817785
Warm B,277140,1675,1674,2900,1761,1,0.011327023
Warm B,280518,1683,1682,2900,1761,0,-0.006473065
Warm B,271090,1639,1638,2900,1761,0,0.016959105
Warm B,264425,1608,1607,2900,1761,0,-0.0026122446
Warm B,257254,1577,1576,2900,1761,1,-0.0010549065
Warm B,256960,1572,1571,2900,1761,0,-0.002725847
Warm B,252293,1528,1527,2900,1761,1,0.0038988502
Warm B,247885,1496,1495,2900,1761,0,0.012198767
Warm B,228520,1383,1382,2900,1761,0,0.0019177287
Warm B,240477,1449,1448,2900,1761,0,0.025753815
Warm B,198892,1221,1220,2900,1761,0,0.010230799
Warm B,196205,1206,1205,2900,1761,1,0.009594564
Warm B,328636,1941,1940,2900,1761,0,-0.005454879
Warm B,180446,1128,1127,2900,1761,0,0.0059891907
Warm B,174785,1106,1105,2900,1761,0,-0.0027154835
Warm B,184115,1146,1145,2900,1761,0,-0.0001134061
Warm B,159407,1017,1016,2900,1761,1,0.010484631
Warm B,158608,1015,1014,2900,1761,1,0.0063368245
Warm B,152148,978,977,2900,1761,0,0.006272653
Warm B,149744,963,962,2900,1761,0,0.01230804
Warm B,157196,1010,1009,2900,1761,0,0.0027649854
Warm B,134555,869,868,2900,1761,0,0.010401375
Warm B,125627,808,807,2900,1761,0,-0.00419478
Warm B,126065,812,811,2900,1761,1,0.013054922
Warm B,211305,1285,1284,2900,1761,0,0.018650733
Warm B,349389,2050,2049,2900,1761,0,0.0021345513
Warm B,352271,2063,2062,2900,1761,0,0.013367851
Warm B,713349,4277,4276,2900,1761,1,0.015409663
Warm B,92828,621,620,2900,1761,1,0.010454423
Warm B,86236,563,562,2900,1761,0,0.016587678
Warm B,81885,543,542,2900,1761,1,0.009592207
Warm B,239274,1448,1447,2900,1761,1,0.009049556
Warm B,82547,548,547,2900,1761,0,0.007442125
Warm B,70917,476,475,2900,1761,0,0.0073824744
Warm B,251248,1516,1515,2900,1761,0,0.01312666
Warm B,57629,390,389,2900,1761,0,0.006866279
Warm B,132663,855,854,2900,1761,0,0.011102401
Warm B,45215,305,304,2900,1761,0,0.006973977
Warm B,43125,295,294,2900,1761,1,0.006126159
Warm B,41225,278,277,2900,1761,0,0.00049160956
Warm B,40475,272,271,2900,1761,1,0.011867635
Warm B,36598,245,244,2900,1761,0,0.014759447
Warm B,32515,218,217,2900,1761,0,0.0023568873
Warm B,411660,2472,2471,2900,1761,0,0.00043515163
Warm B,290501,1733,1732,2900,1761,0,0.012940649
Warm B,552604,3401,3400,2900,1761,0,0.008682951
Warm B,432852,2638,2637,2900,1761,0,0.0052408082
Warm B,265260,1611,1610,2900,1761,1,0.0015225371
Warm B,354585,2076,2075,2900,1761,0,0.00495092
Warm B,572441,3507,3506,2900,1761,0,0.01787363
Warm B,365881,2129,2128,2900,1761,0,0.007524686
Warm B,541551,3332,3331,2900,1761,1,-0.002916613
Warm B,102579,678,677,2900,1761,1,0.015355153
Warm B,63322,424,423,2900,1761,0,0.01448714
Warm B,310838,1851,1850,2900,1761,0,0.008064042
Warm B,720196,4312,4311,2900,1761,0,0.013682288
Warm B,271852,1643,1642,2900,1761,1,0.0055713574
Warm B,136893,881,880,2900,1761,0,0.009762783
Warm B,342767,2015,2014,2900,1761,0,0.015079487
Warm B,116555,752,751,2900,1761,0,0.023567494
Warm B,648293,3903,3902,2902,1763,0,0.0028544844
Warm B,649504,3914,3913,2902,1763,0,0.0039718673
Warm B,639621,3844,3843,2902,1763,0,0.007836275
Warm B,664229,3999,3998,2902,1763,0,0.016818142
Warm B,628408,3806,3805,2902,1763,0,-0.0076491814
Warm B,628825,3807,3806,2902,1763,0,0.012824525
Warm B,629843,3808,3807,2902,1763,0,0.00448523
Warm B,638539,3841,3840,2902,1763,0,0.003090307
Warm B,623535,3771,3770,2902,1763,0,0.003508386
Warm B,625103,3778,3777,2902,1763,0,0.014341368
Warm B,622354,3768,3767,2902,1763,0,0.008243557
Warm B,611957,3709,3708,2902,1763,0,0.00389712
Warm B,604890,3677,3676,2902,1763,0,-0.0047186054
Warm B,621338,3762,3761,2902,1763,0,0.004881075
Warm B,606702,3683,3682,2902,1763,0,0.00946663
Warm B,633573,3824,3823,2902,1763,0,0.0068161925
Warm B,596850,3626,3625,2902,1763,0,0.0049040467
Warm B,577791,3528,3527,2902,1763,0,0.0006555752
Warm B,688196,4116,4115,2902,1763,0,0.00087734545
Warm B,557011,3422,3421,2902,1763,0,0.012119358
Warm B,547439,3377,3376,2902,1763,0,-0.0052138157
Warm B,577488,3526,3525,2902,1763,0,0.011630436
Warm B,528337,3265,3264,2902,1763,0,0.009953111
Warm B,522913,3224,3223,2902,1763,0,-0.0006505298
Warm B,511386,3154,3153,2902,1763,1,0.013954498
Warm B,566461,3476,3475,2902,1763,0,0.0023755336
Warm B,606005,3681,3680,2902,1763,0,0.007509143
Warm B,494464,3032,3031,2902,1763,1,0.010451835
Warm B,540065,3320,3319,2902,1763,0,0.004619843
Warm B,483994,2976,2975,2902,1763,0,0.0060942406
Warm B,696696,4169,4168,2902,1763,1,0.0018264477
Warm B,474045,2909,2908,2902,1763,0,0.0060131717
Warm B,754760,4497,4496,2902,1763,0,0.0045468966
Warm B,462719,2854,2853,2902,1763,0,0.0010817933
Warm B,426603,2590,2589,2902,1763,0,0.008349161
Warm B,415577,2503,2502,2902,1763,0,0.00061651395
Warm B,409304,2456,2455,2902,1763,0,0.0035760822
Warm B,397227,2352,2351,2902,1763,0,0.0033987192
Warm B,406816,2444,2443,2902,1763,0,0.0007975837
Warm B,387368,2264,2263,2902,1763,0,0.0008822025
Warm B,375203,2186,2185,2902,1763,0,-0.003665258
Warm B,374382,2181,2180,2902,1763,1,0.015407081
Warm B,370072,2164,2163,2902,1763,1,-0.0033720117
Warm B,359561,2102,2101,2902,1763,0,0.0046397764
Warm B,352748,2064,2063,2902,1763,0,0.004087847
Warm B,317360,1887,1886,2902,1763,0,-0.0013387123
Warm B,290989,1736,1735,2902,1763,0,-0.00093814835
Warm B,288333,1722,1721,2902,1763,1,0.0073539335
Warm B,291664,1737,1736,2902,1763,0,0.0056732623
Warm B,279851,1680,1679,2902,1763,1,0.009706581
Warm B,277144,1675,1674,2902,1763,0,0.0011278046
Warm B,260721,1593,1592,2902,1763,0,0.0033654873
Warm B,247888,1496,1495,2902,1763,0,0.0075769303
Warm B,224542,1357,1356,2902,1763,0,0.0050925845
Warm B,325577,1926,1925,2902,1763,0,-0.0034292464
Warm B,336312,1980,1979,2902,1763,0,0.0045445664
Warm B,270190,1635,1634,2902,1763,0,0.010706792
Warm B,240481,1449,1448,2902,1763,0,0.011142692
Warm B,210307,1284,1283,2902,1763,0,-0.009941647
Warm B,261930,1599,1598,2902,1763,0,-0.0028630234
Warm B,328640,1941,1940,2902,1763,0,0.0056501403
Warm B,307677,1835,1834,2902,1763,0,0.007239718
Warm B,196711,1207,1206,2902,1763,0,0.0032273736
Warm B,184116,1146,1145,2902,1763,0,-0.008959506
Warm B,175743,1112,1111,2902,1763,0,0.010610953
Warm B,159411,1017,1016,2902,1763,0,0.016564596
Warm B,158612,1015,1014,2902,1763,0,0.0080428915
Warm B,213075,1297,1296,2902,1763,0,0.0028947243
Warm B,150226,967,966,2902,1763,0,0.0034520943
Warm B,134556,869,868,2902,1763,0,0.012996154
Warm B,188000,1165,1164,2902,1763,0,0.0018339986
Warm B,125629,808,807,2902,1763,0,0.014767168
Warm B,123982,798,797,2902,1763,0,0.006768062
Warm B,211309,1285,1284,2902,1763,0,0.014776417
Warm B,115525,749,748,2902,1763,0,0.005651723
Warm B,112930,732,731,2902,1763,0,0.0064211898
Warm B,107209,705,704,2902,1763,0,0.011423089
Warm B,99893,667,666,2902,1763,1,0.011158124
Warm B,99478,663,662,2902,1763,0,0.0027057114
Warm B,103516,687,686,2902,1763,0,0.005304958
Warm B,95049,637,636,2902,1763,0,0.004349405
Warm B,90779,601,600,2902,1763,0,0.008211749
Warm B,83487,549,548,2902,1763,0,0.0023041016
Warm B,234331,1422,1421,2902,1763,0,0.015742186
Warm B,191403,1181,1180,2902,1763,0,0.013920051
Warm B,72317,482,481,2902,1763,0,-0.00019845145
Warm B,57631,390,389,2902,1763,0,0.003306216
Warm B,338336,1988,1987,2902,1763,0,0.006186705
Warm B,41868,284,283,2902,1763,0,0.008308915
Warm B,41226,278,277,2902,1763,0,0.004625369
Warm B,36602,245,244,2902,1763,0,-0.000150281
Warm B,482010,2962,2961,2902,1763,0,0.013949612
Warm B,238231,1447,1446,2902,1763,0,0.007973213
Warm B,365884,2129,2128,2902,1763,0,-4.2156084e-05
Warm B,102582,678,677,2902,1763,0,0.008975122
Warm B,760702,4520,4519,2902,1763,0,0.009529108
Warm B,964202,5812,5811,2902,1763,0,0.011059552
Warm B,221600,1340,1339,2902,1763,0,0.004674578
Warm B,136897,881,880,2902,1763,0,0.011197155
Warm B,44652,302,301,2902,1763,0,0.017759077
Warm B,474396,2910,2909,2902,1763,1,-0.0047993534
Warm B,63326,424,423,2902,1763,0,0.0030197655
Warm B,699766,4186,4185,2902,1763,0,0.01698155
Warm B,718672,4305,4304,2902,1763,0,-0.00068251474
Warm B,370073,2164,2163,2903,1764,0,0.01571533
Warm B,291666,1737,1736,2903,1764,0,0.02046004
Warm B,279853,1680,1679,2903,1764,0,0.013240766
Warm B,247889,1496,1495,2903,1764,0,0.009557143
Warm B,224543,1357,1356,2903,1764,0,0.0042922352
Warm B,210309,1284,1283,2903,1764,0,0.0047209607
Warm B,261932,1599,1598,2903,1764,0,0.013163167
Warm B,328642,1941,1940,2903,1764,0,0.020042986
Warm B,196712,1207,1206,2903,1764,0,0.015762337
Warm B,184118,1146,1145,2903,1764,0,0.012481317
Warm B,175744,1112,1111,2903,1764,0,0.007874732
Warm B,162506,1035,1034,2903,1764,0,0.012906411
Warm B,159412,1017,1016,2903,1764,0,0.007575057
Warm B,213076,1297,1296,2903,1764,0,0.01201732
Warm B,188001,1165,1164,2903,1764,0,0.009133291
Warm B,125630,808,807,2903,1764,0,0.0070472946
Warm B,123983,798,797,2903,1764,0,0.0024707192
Warm B,112931,732,731,2903,1764,0,0.010119494
Warm B,107210,705,704,2903,1764,0,0.007355906
Warm B,108275,710,709,2903,1764,0,0.0068516303
Warm B,104918,695,694,2903,1764,0,0.0073658694
Warm B,99479,663,662,2903,1764,0,0.010663952
Warm B,90780,601,600,2903,1764,0,0.0067843087
Warm B,83489,549,548,2903,1764,0,0.007962348
Warm B,234332,1422,1421,2903,1764,0,0.01669435
Warm B,68872,461,460,2903,1764,0,0.013527833
Warm B,45217,305,304,2903,1764,0,0.0024955627
Warm B,41227,278,277,2903,1764,0,0.0017059627
Warm B,240483,1449,1448,2903,1764,0,0.008338181
Warm B,482012,2962,2961,2903,1764,0,0.014192114
Warm B,347032,2035,2034,2903,1764,0,0.006976422
Warm B,69117,462,461,2903,1764,0,0.010172086
Warm B,102584,678,677,2903,1764,0,0.008358222
Warm B,336314,1980,1979,2903,1764,0,0.016162103
Warm B,115526,749,748,2903,1764,0,0.02066604
Warm B,474047,2909,2908,2903,1764,0,0.012069251
Warm B,474397,2910,2909,2903,1764,0,0.0040820264
Warm B,63327,424,423,2903,1764,0,0.014219656
Warm B,24445,173,172,2905,1765,1,0.012022066
Warm B,93589,626,625,2905,1765,1,0.0013132858
Warm B,770059,4589,4588,2905,1765,1,0.008182685
Warm B,223112,1352,1351,2905,1765,1,0.0014474428
Warm B,231211,1399,1398,2905,1765,1,0.0042472463
Warm B,28309,195,194,2905,1765,1,0.014673074
Warm B,290504,1733,1732,2905,1765,1,0.010238441
Warm B,215075,1303,1302,2905,1765,1,0.015925284
Warm B,208953,1274,1273,2905,1765,1,0.0095675215
Warm B,273963,1654,1653,2920,1775,1,0.001125373
Warm B,266847,1618,1617,2920,1775,1,0.007556663
Warm B,256689,1569,1568,2920,1775,1,0.004630265
Warm B,256571,1567,1566,2920,1775,0,0.00095862686
Warm B,250841,1513,1512,2920,1775,1,0.0071034674
Warm B,294511,1749,1748,2920,1775,1,0.006795302
Warm B,184467,1147,1146,2920,1775,0,0.009340879
Warm B,182899,1140,1139,2920,1775,1,0.012721911
Warm B,191463,1181,1180,2920,1775,0,0.012355277
Warm B,161206,1028,1027,2920,1775,1,0.004658776
Warm B,160427,1019,1018,2920,1775,1,0.0143881645
Warm B,158677,1015,1014,2920,1775,0,0.009361262
Warm B,149053,958,957,2920,1775,1,0.006731742
Warm B,138835,889,888,2920,1775,1,0.0061070905
Warm B,131360,850,849,2920,1775,1,9.415671e-06
Warm B,64749,434,433,2920,1775,1,0.00011022878
Warm B,46617,312,311,2920,1775,1,0.003942229
Warm B,27612,193,192,2920,1775,0,0.0017948222
Warm B,148868,957,956,2920,1775,1,0.0033410192
Warm B,592204,3610,3609,2920,1775,0,0.0037953379
Warm B,1484,14,13,2920,1775,1,-0.008057717
Warm B,739460,4418,4417,2920,1775,1,0.0032873699
Warm B,320346,1899,1898,2920,1775,1,0.017012155
Warm B,284957,1699,1698,2920,1775,1,0.010331535
Warm B,876380,5291,5290,2920,1775,1,0.0010324323
Warm B,916777,5539,5538,2920,1775,0,0.015038019
Warm B,34803,235,234,2920,1775,1,0.004833349
Warm B,571242,3503,3502,2920,1775,1,0.015083132
Warm B,369275,2159,2158,2920,1775,1,0.009503024
Warm B,24483,173,172,2920,1775,1,0.0062353187
Warm B,89414,588,587,2920,1775,1,0.01079416
Warm B,208972,1274,1273,2920,1775,1,-0.00016043847
Warm B,421239,2544,2543,2920,1775,1,0.0013899435
Warm B,104010,691,690,2920,1775,0,0.0016900203
Warm B,223117,1352,1351,2920,1775,1,0.010797296
Warm B,497417,3054,3053,2920,1775,1,0.004844427
Warm B,607798,3688,3687,2920,1775,1,0.001108425
Warm B,322713,1912,1911,2920,1775,0,0.011951296
Warm B,18803,146,145,2920,1775,1,0.010189764
Warm B,933625,5636,5635,2920,1775,1,0.012902955
Warm B,349997,2054,2053,2924,1778,1,0.016358837
Warm B,374426,2181,2180,2924,1778,1,0.019539503
Warm B,320350,1899,1898,2924,1778,1,0.015818097
Warm B,288050,1720,1719,2924,1778,1,0.005782037
Warm B,286026,1706,1705,2924,1778,1,0.009847921
Warm B,280332,1681,1680,2924,1778,0,-0.0016513176
Warm B,274545,1658,1657,2924,1778,0,0.012658201
Warm B,270237,1635,1634,2924,1778,1,0.011163933
Warm B,273795,1650,1649,2924,1778,1,0.013562689
Warm B,282785,1694,1693,2924,1778,1,0.013776159
Warm B,266512,1616,1615,2924,1778,1,0.0026710122
Warm B,259810,1588,1587,2924,1778,1,0.014628675
Warm B,257298,1578,1577,2924,1778,1,0.013727898
Warm B,252674,1530,1529,2924,1778,1,0.0027481117
Warm B,245313,1481,1480,2924,1778,1,0.011345891
Warm B,244774,1473,1472,2924,1778,0,0.004482399
Warm B,237300,1443,1442,2924,1778,0,0.0010694021
Warm B,631834,3821,3820,2924,1778,0,0.0098458845
Warm B,236769,1437,1436,2924,1778,1,0.0073954277
Warm B,244522,1472,1471,2924,1778,1,0.006210341
Warm B,221646,1340,1339,2924,1778,0,0.010033611
Warm B,208975,1274,1273,2924,1778,1,0.017615408
Warm B,206086,1264,1263,2924,1778,1,0.017213194
Warm B,199134,1223,1222,2924,1778,1,-0.0026703237
Warm B,244214,1470,1469,2924,1778,1,0.0066635064
Warm B,294514,1749,1748,2924,1778,0,-0.0016521638
Warm B,186424,1152,1151,2924,1778,1,0.016295427
Warm B,185790,1150,1149,2924,1778,0,0.01094415
Warm B,177705,1119,1118,2924,1778,1,0.022129504
Warm B,173861,1100,1099,2924,1778,1,0.011725443
Warm B,191467,1181,1180,2924,1778,1,0.019521033
Warm B,203315,1246,1245,2924,1778,1,0.01001313
Warm B,153544,985,984,2924,1778,1,0.008136545
Warm B,147138,948,947,2924,1778,1,-0.0009115124
Warm B,260906,1594,1593,2924,1778,1,0.0007888884
Warm B,217348,1317,1316,2924,1778,1,0.00824118
Warm B,157261,1010,1009,2924,1778,1,0.012831573
Warm B,138839,889,888,2924,1778,1,0.0095644705
Warm B,937027,5653,5652,2924,1778,0,0.010947969
Warm B,284532,1698,1697,2924,1778,1,0.010854466
Warm B,733608,4386,4385,2924,1778,0,0.00959716
Warm B,84534,550,549,2924,1778,0,0.010489704
Warm B,70940,476,475,2924,1778,1,0.0010257007
Warm B,66198,442,441,2924,1778,1,0.00978606
Warm B,64997,436,435,2924,1778,1,0.004337912
Warm B,605378,3679,3678,2924,1778,0,-0.0018893618
Warm B,62218,420,419,2924,1778,1,0.011813951
Warm B,57009,385,384,2924,1778,1,-0.0026375805
Warm B,58182,392,391,2924,1778,1,0.0067358324
Warm B,53285,351,350,2924,1778,1,0.007123853
Warm B,713396,4277,4276,2924,1778,0,-0.00055895
Warm B,34292,231,230,2924,1778,1,0.007617548
Warm B,30854,205,204,2924,1778,1,0.009340589
Warm B,34805,235,234,2924,1778,1,0.005505904
Warm B,12371,93,92,2924,1778,0,0.006749347
Warm B,10985,81,80,2924,1778,1,0.012035973
Warm B,23829,169,168,2924,1778,0,0.012102066
Warm B,421244,2544,2543,2924,1778,0,0.010750212
Warm B,230653,1395,1394,2924,1778,1,0.0106950905
Warm B,152541,981,980,2924,1778,1,0.0051043434
Warm B,480890,2952,2951,2924,1778,1,0.016302576
Warm B,371140,2168,2167,2924,1778,1,0.011903929
Warm B,467438,2880,2879,2924,1778,1,0.0038443562
Warm B,145926,937,936,2924,1778,1,0.0061840992
Warm B,232864,1415,1414,2924,1778,0,0.014328763
Warm B,907726,5492,5491,2924,1778,1,0.011133203
Warm B,805805,4823,4822,2924,1778,1,0.014205141
Warm B,418998,2529,2528,2924,1778,1,0.01930628
Warm B,804382,4816,4815,2924,1778,0,0.011860895
Warm B,825638,4958,4957,2924,1778,1,0.010603774
Warm B,881116,5322,5321,2924,1778,1,0.0055984817
Warm B,300585,1780,1779,2924,1778,0,0.01437165
Warm B,141698,911,910,2924,1778,0,0.015199607
Warm B,394675,2329,2328,2927,1780,0,0.0050363224
Warm B,364195,2121,2120,2927,1780,1,-0.0029686873
Warm B,346725,2031,2030,2927,1780,0,0.0061480757
Warm B,313356,1869,1868,2927,1780,1,-0.0032054784
Warm B,305673,1819,1818,2927,1780,0,0.0007655329
Warm B,302719,1797,1796,2927,1780,1,0.0055877166
Warm B,292569,1741,1740,2927,1780,1,0.0078645
Warm B,346407,2030,2029,2927,1780,1,0.012341009
Warm B,253319,1540,1539,2927,1780,1,0.0010181693
Warm B,227463,1378,1377,2927,1780,1,-0.0054995874
Warm B,228564,1383,1382,2927,1780,1,0.009635681
Warm B,229001,1387,1386,2927,1780,1,0.011916167
Warm B,218327,1323,1322,2927,1780,1,0.0022749228
Warm B,184471,1147,1146,2927,1780,1,0.0031688306
Warm B,316409,1883,1882,2927,1780,0,0.009902995
Warm B,182903,1140,1139,2927,1780,1,-0.0072521474
Warm B,219554,1331,1330,2927,1780,1,0.010205114
Warm B,191472,1181,1180,2927,1780,0,0.01440114
Warm B,144568,931,930,2927,1780,1,0.005323194
Warm B,138845,889,888,2927,1780,1,-0.0023621498
Warm B,112715,731,730,2927,1780,1,0.0107905585
Warm B,95980,644,643,2927,1780,1,0.0036994023
Warm B,86263,563,562,2927,1780,1,0.00146918
Warm B,48892,327,326,2927,1780,0,0.006421365
Warm B,11454,88,87,2927,1780,1,0.004036818
Warm B,592206,3610,3609,2927,1780,0,0.0058743977
Warm B,24490,173,172,2927,1780,1,0.004285313
Warm B,158685,1015,1014,2927,1780,1,0.009370664
Warm B,739463,4418,4417,2927,1780,1,-0.0035546683
Warm B,317061,1884,1883,2927,1780,1,0.006688804
Warm B,768865,4579,4578,2927,1780,1,0.013248234
Warm B,208976,1274,1273,2927,1780,1,0.0041834456
Warm B,421247,2544,2543,2927,1780,0,0.02170593
Warm B,823380,4950,4949,2927,1780,0,0.010389142
Warm B,276479,1671,1670,2927,1780,1,0.0003715409
Warm B,176157,1113,1112,2927,1780,1,0.0069390284
Warm B,497423,3054,3053,2927,1780,1,0.009630012
Warm B,290552,1733,1732,2927,1780,1,0.0068313563
Warm B,839470,5046,5045,2927,1780,0,0.008065617
Warm B,240547,1449,1448,2928,1781,1,0.017082304
Warm B,84876,551,550,2928,1781,1,0.015001833
Warm B,308937,1837,1836,2928,1781,1,0.015779067
Warm B,32653,220,219,2928,1781,0,0.002028726
Warm B,34809,235,234,2928,1781,0,0.009038114
Warm B,15743,123,122,2928,1781,1,0.00051979115
Warm B,229760,1390,1389,2928,1781,1,0.009837044
Warm B,408440,2453,2452,2928,1781,1,0.012148991
Warm B,129705,839,838,2928,1781,1,0.015922192
Warm B,204764,1260,1259,2928,1781,1,0.01282449
Warm B,51528,338,337,2928,1781,0,0.012450306
Warm B,328746,1941,1940,2928,1781,0,0.017615825
Warm B,211380,1285,1284,2928,1781,0,0.0060737384
Warm B,157263,1010,1009,2928,1781,0,0.007179585
Warm B,174350,1101,1100,2928,1781,1,0.028642304
Warm B,713400,4277,4276,2928,1781,1,0.009028104
Warm B,575923,3520,3519,2928,1781,0,0.013854323
Warm B,428885,2609,2608,2932,1783,1,0.010357145
Warm B,323299,1916,1915,2932,1783,0,0.0002337743
Warm B,302723,1797,1796,2932,1783,1,0.010630916
Warm B,298388,1768,1767,2932,1783,1,0.0021690582
Warm B,281007,1685,1684,2932,1783,0,-9.2129456e-05
Warm B,282100,1692,1691,2932,1783,1,0.0107134115
Warm B,273608,1649,1648,2932,1783,1,0.008376506
Warm B,346413,2030,2029,2932,1783,1,0.0131487325
Warm B,294524,1749,1748,2932,1783,1,0.0014027643
Warm B,631843,3821,3820,2932,1783,1,0.006358267
Warm B,325618,1926,1925,2932,1783,1,0.007814028
Warm B,320366,1899,1898,2932,1783,0,0.012018194
Warm B,208430,1273,1272,2932,1783,1,0.012512233
Warm B,220479,1335,1334,2932,1783,1,0.009786616
Warm B,207597,1268,1267,2932,1783,1,0.002748602
Warm B,308946,1837,1836,2932,1783,1,0.0133892875
Warm B,186255,1151,1150,2932,1783,1,0.014162181
Warm B,180483,1128,1127,2932,1783,1,0.011008128
Warm B,192005,1182,1181,2932,1783,1,0.0053681703
Warm B,191500,1181,1180,2932,1783,0,0.014417778
Warm B,222181,1343,1342,2932,1783,0,0.00799945
Warm B,713412,4277,4276,2932,1783,1,0.011615852
Warm B,138867,889,888,2932,1783,0,0.013340155
Warm B,135078,873,872,2932,1783,1,0.00025428156
Warm B,374910,2185,2184,2932,1783,1,0.0036840544
Warm B,329602,1943,1942,2932,1783,1,0.008213396
Warm B,211405,1285,1284,2932,1783,1,0.0117924865
Warm B,46089,308,307,2932,1783,0,0.008158665
Warm B,35366,238,237,2932,1783,0,0.0065269307
Warm B,12749,97,96,2932,1783,1,0.004907054
Warm B,4951,35,34,2932,1783,1,0.0022267406
Warm B,357730,2092,2091,2932,1783,1,0.017188882
Warm B,421258,2544,2543,2932,1783,0,0.014127982
Warm B,4524,33,32,2932,1783,0,0.0069252253
Warm B,284966,1699,1698,2932,1783,1,0.008864143
Warm B,607802,3688,3687,2932,1783,1,0.0070145596
Warm B,158707,1015,1014,2932,1783,1,0.011591607
Warm B,522999,3224,3223,2932,1783,1,0.0040418142
Warm B,20480,150,149,2932,1783,1,0.0073511573
Warm B,249968,1505,1504,2932,1783,0,0.009015532
Warm B,317071,1884,1883,2932,1783,1,0.0103613855
Warm B,451558,2779,2778,2932,1783,1,-1.6133301e-05
Warm B,416961,2507,2506,2932,1783,1,0.01605171
Warm B,369276,2159,2158,2932,1783,1,0.008586665
Warm B,208983,1274,1273,2932,1783,1,0.012975355
Warm B,680803,4079,4078,2932,1783,1,0.008931664
Warm B,24501,173,172,2932,1783,1,0.0073853936
Warm B,255649,1556,1555,2932,1783,1,0.016422063
Warm B,564761,3471,3470,2932,1783,0,0.016758755
Warm B,452160,2784,2783,2932,1783,1,0.003672761
Warm B,319615,1897,1896,2932,1783,1,0.010848065
Warm B,993933,6002,6001,2932,1783,0,0.007957133
Warm B,343791,2018,2017,2932,1783,1,0.008580502
Warm B,197484,1211,1210,2932,1783,1,0.0039438056
Warm B,739467,4418,4417,2932,1783,1,0.0059225983
Warm B,160455,1019,1018,2932,1783,1,0.012966046
Warm B,657693,3963,3962,2932,1783,0,0.008325403
Warm B,839482,5046,5045,2932,1783,0,0.011910271
Warm B,553056,3402,3401,2935,1784,1,0.0024954723
Warm B,551354,3394,3393,2935,1784,1,0.01432565
Warm B,533673,3292,3291,2935,1784,1,0.0043903487
Warm B,523593,3227,3226,2935,1784,1,0.0074841063
Warm B,495266,3039,3038,2935,1784,1,0.0019287702
Warm B,492203,3026,3025,2935,1784,1,0.0057203094
Warm B,497432,3054,3053,2935,1784,1,0.01592594
Warm B,482910,2967,2966,2935,1784,1,0.019417679
Warm B,530607,3278,3277,2935,1784,1,0.013350317
Warm B,462080,2849,2848,2935,1784,1,0.014926173
Warm B,459246,2826,2825,2935,1784,1,0.0076388316
Warm B,435287,2659,2658,2935,1784,1,0.0032283263
Warm B,421261,2544,2543,2935,1784,1,0.006179599
Warm B,419181,2531,2530,2935,1784,0,0.00882496
Warm B,425462,2581,2580,2935,1784,1,0.014248097
Warm B,416964,2507,2506,2935,1784,1,0.020073336
Warm B,405464,2428,2427,2935,1784,1,0.0041217525
Warm B,403171,2407,2406,2935,1784,1,0.007937315
Warm B,400556,2383,2382,2935,1784,1,0.008241571
Warm B,394676,2329,2328,2935,1784,1,0.015430304
Warm B,381809,2231,2230,2935,1784,1,0.011141185
Warm B,364198,2121,2120,2935,1784,0,-0.0014892194
Warm B,354355,2073,2072,2935,1784,1,0.013521811
Warm B,374449,2181,2180,2935,1784,0,0.018145636
Warm B,347533,2038,2037,2935,1784,1,0.0067619644
Warm B,346414,2030,2029,2935,1784,1,0.019211981
Warm B,334803,1974,1973,2935,1784,1,0.0121608805
Warm B,321092,1903,1902,2935,1784,1,0.01048753
Warm B,327268,1939,1938,2935,1784,0,0.015155876
Warm B,320368,1899,1898,2935,1784,1,0.013457593
Warm B,302724,1797,1796,2935,1784,1,-0.0012969017
Warm B,301571,1791,1790,2935,1784,0,0.014569498
Warm B,314227,1875,1874,2935,1784,1,0.019637717
Warm B,286029,1706,1705,2935,1784,1,0.0049111806
Warm B,282403,1693,1692,2935,1784,1,0.006887964
Warm B,293978,1748,1747,2935,1784,0,0.011389365
Warm B,276488,1671,1670,2935,1784,0,0.02250362
Warm B,292580,1741,1740,2935,1784,1,0.015291842
Warm B,289533,1727,1726,2935,1784,1,0.0021493277
Warm B,273798,1650,1649,2935,1784,1,0.005079048
Warm B,229004,1387,1386,2935,1784,1,0.009648636
Warm B,208985,1274,1273,2935,1784,0,0.0116295945
Warm B,208432,1273,1272,2935,1784,0,0.013532257
Warm B,199655,1224,1223,2935,1784,1,0.009994365
Warm B,193020,1191,1190,2935,1784,1,0.008811233
Warm B,184475,1147,1146,2935,1784,1,0.012880838
Warm B,316414,1883,1882,2935,1784,1,0.0059330063
Warm B,183369,1141,1140,2935,1784,1,0.0015172623
Warm B,169148,1073,1072,2935,1784,1,0.0020186445
Warm B,165061,1052,1051,2935,1784,1,0.010351839
Warm B,158708,1015,1014,2935,1784,1,0.014264183
Warm B,246499,1489,1488,2935,1784,0,0.018646566
Warm B,144570,931,930,2935,1784,1,0.015043779
Warm B,162395,1034,1033,2935,1784,1,0.000200985
Warm B,138871,889,888,2935,1784,1,0.015155967
Warm B,132910,857,856,2935,1784,1,0.011538672
Warm B,128865,837,836,2935,1784,0,0.011429291
Warm B,374912,2185,2184,2935,1784,1,0.009456171
Warm B,125386,806,805,2935,1784,1,0.013394857
Warm B,112727,731,730,2935,1784,1,0.012475109
Warm B,106340,699,698,2935,1784,1,0.01117537
Warm B,98200,656,655,2935,1784,1,0.016413376
Warm B,317074,1884,1883,2935,1784,1,0.012065685
Warm B,424433,2574,2573,2935,1784,1,0.010387092
Warm B,59960,408,407,2935,1784,1,0.014282134
Warm B,211410,1285,1284,2935,1784,1,0.010194113
Warm B,34816,235,234,2935,1784,1,0.011466164
Warm B,482055,2962,2961,2935,1784,0,0.012278335
Warm B,18810,146,145,2935,1784,0,0.002050142
Warm B,235290,1425,1424,2935,1784,1,0.01133875
Warm B,592218,3610,3609,2935,1784,0,-0.00092794397
Warm B,4176,31,30,2935,1784,1,0.007648129
Warm B,739468,4418,4417,2935,1784,1,-0.0054614292
Warm B,384799,2247,2246,2935,1784,1,0.012907751
Warm B,217362,1317,1316,2935,1784,1,0.019381821
Warm B,18253,140,139,2935,1784,0,-0.01072687
Warm B,922867,5573,5572,2935,1784,1,0.008188545
Warm B,24504,173,172,2935,1784,1,0.015066305
Warm B,635701,3832,3831,2935,1784,1,0.012335602
Warm B,991801,5991,5990,2935,1784,1,0.0079226345
Warm B,322738,1912,1911,2935,1784,0,0.006819752
Warm B,172119,1088,1087,2935,1784,1,0.018236786
Warm B,491254,3020,3019,2935,1784,1,0.0020803383
Warm B,295783,1755,1754,2935,1784,1,0.0150420405
Warm B,13189,102,101,2935,1784,1,0.009269545
Warm B,916784,5539,5538,2936,1785,1,0.0127414465
Warm B,526292,3253,3252,2936,1785,1,0.0050296476
Warm B,495267,3039,3038,2936,1785,1,-0.0073126443
Warm B,491853,3025,3024,2936,1785,1,0.016620954
Warm B,488186,3002,3001,2936,1785,1,-0.0016760733
Warm B,497433,3054,3053,2936,1785,1,0.016981926
Warm B,768870,4579,4578,2936,1785,1,0.020246413
Warm B,484193,2978,2977,2936,1785,1,0.0009244197
Warm B,476931,2928,2927,2936,1785,1,0.015380369
Warm B,530608,3278,3277,2936,1785,1,0.0008963818
Warm B,472918,2907,2906,2936,1785,0,0.010279654
Warm B,466215,2874,2873,2936,1785,0,-0.003208313
Warm B,459247,2826,2825,2936,1785,1,0.013008282
Warm B,455960,2807,2806,2936,1785,1,0.013594788
Warm B,451560,2779,2778,2936,1785,1,0.005048938
Warm B,447040,2753,2752,2936,1785,1,0.011751406
Warm B,432245,2634,2633,2936,1785,1,0.014826171
Warm B,416965,2507,2506,2936,1785,1,0.0205765
Warm B,405465,2428,2427,2936,1785,1,0.0012504831
Warm B,403172,2407,2406,2936,1785,1,0.0081961565
Warm B,385435,2251,2250,2936,1785,1,0.009727514
Warm B,381810,2231,2230,2936,1785,1,0.014303465
Warm B,419380,2534,2533,2936,1785,1,0.0057949913
Warm B,364199,2121,2120,2936,1785,0,0.00286803
Warm B,362283,2111,2110,2936,1785,1,0.019777669
Warm B,374451,2181,2180,2936,1785,1,0.017241843
Warm B,347534,2038,2037,2936,1785,0,-0.0016038751
Warm B,346728,2031,2030,2936,1785,1,0.010317491
Warm B,357735,2092,2091,2936,1785,0,0.0062781023
Warm B,345217,2024,2023,2936,1785,0,-0.00024721795
Warm B,343796,2018,2017,2936,1785,1,0.013758052
Warm B,339732,2002,2001,2936,1785,1,0.010885634
Warm B,333566,1968,1967,2936,1785,0,0.0137669
Warm B,321093,1903,1902,2936,1785,1,0.0115654655
Warm B,329832,1945,1944,2936,1785,0,0.0034496668
Warm B,313674,1872,1871,2936,1785,1,0.009780258
Warm B,302725,1797,1796,2936,1785,1,0.0043649925
Warm B,299354,1777,1776,2936,1785,1,0.013207775
Warm B,286030,1706,1705,2936,1785,1,0.010355255
Warm B,289534,1727,1726,2936,1785,1,0.01339829
Warm B,266848,1618,1617,2936,1785,0,0.00014332889
Warm B,259141,1586,1585,2936,1785,1,0.010986507
Warm B,252085,1525,1524,2936,1785,0,0.008832034
Warm B,346415,2030,2029,2936,1785,1,0.008296206
Warm B,225906,1368,1367,2936,1785,1,0.0055308165
Warm B,222802,1348,1347,2936,1785,1,0.013671876
Warm B,218149,1322,1321,2936,1785,0,0.0071040085
Warm B,209268,1278,1277,2936,1785,1,0.008768809
Warm B,208986,1274,1273,2936,1785,1,0.014131531
Warm B,208433,1273,1272,2936,1785,1,0.009811005
Warm B,199656,1224,1223,2936,1785,1,0.013953704
Warm B,213711,1298,1297,2936,1785,1,0.0053909468
Warm B,184476,1147,1146,2936,1785,1,0.0094473995
Warm B,212572,1294,1293,2936,1785,1,0.0045822673
Warm B,316416,1883,1882,2936,1785,1,0.013495835
Warm B,182912,1140,1139,2936,1785,1,0.016734857
Warm B,191506,1181,1180,2936,1785,1,0.022614311
Warm B,160459,1019,1018,2936,1785,0,0.008220784
Warm B,158711,1015,1014,2936,1785,1,0.015566921
Warm B,320370,1899,1898,2936,1785,1,0.017842147
Warm B,246500,1489,1488,2936,1785,0,0.016131233
Warm B,260910,1594,1593,2936,1785,0,0.0049643377
Warm B,138874,889,888,2936,1785,1,0.018698731
Warm B,462081,2849,2848,2936,1785,1,0.011022138
Warm B,374913,2185,2184,2936,1785,1,0.005893252
Warm B,263724,1605,1604,2936,1785,0,0.009230657
Warm B,125387,806,805,2936,1785,1,0.0034093182
Warm B,101768,677,676,2936,1785,1,0.016951963
Warm B,240569,1449,1448,2936,1785,1,0.015900325
Warm B,317075,1884,1883,2936,1785,1,0.01612435
Warm B,92936,622,621,2936,1785,1,0.00080167875
Warm B,284553,1698,1697,2936,1785,1,0.013415598
Warm B,228578,1383,1382,2936,1785,1,0.01426092
Warm B,77027,523,522,2936,1785,1,0.010862595
Warm B,69890,471,470,2936,1785,1,0.008633658
Warm B,69560,466,465,2936,1785,1,0.010122037
Warm B,34818,235,234,2936,1785,1,0.008559518
Warm B,30857,205,204,2936,1785,1,0.0115965735
Warm B,27622,193,192,2936,1785,0,0.012817344
Warm B,412192,2478,2477,2936,1785,0,0.015466971
Warm B,13575,107,106,2936,1785,0,0.006053587
Warm B,12752,97,96,2936,1785,1,0.007411638
Warm B,592220,3610,3609,2936,1785,0,0.017169304
Warm B,4177,31,30,2936,1785,0,0.0006982398
Warm B,421262,2544,2543,2936,1785,1,0.014558526
Warm B,450088,2775,2774,2936,1785,1,0.008269142
Warm B,67590,453,452,2936,1785,1,0.008961463
Warm B,18254,140,139,2936,1785,1,0.009550633
Warm B,24506,173,172,2936,1785,1,0.01618988
Warm B,174361,1101,1100,2936,1785,0,0.013414101
Warm B,195782,1203,1202,2936,1785,0,0.020299502
Warm B,293979,1748,1747,2936,1785,1,0.015982661
Warm B,127980,827,826,2936,1785,1,0.003347734
Warm B,448585,2764,2763,2936,1785,1,0.015995521
Warm B,371149,2168,2167,2936,1785,1,0.0060787457
Warm B,18812,146,145,2936,1785,1,0.0059412234
Warm B,172121,1088,1087,2936,1785,1,0.018667687
Warm B,322739,1912,1911,2936,1785,0,0.002698591
Warm B,63429,424,423,2936,1785,1,0.016495857
Warm B,958913,5787,5786,2936,1785,1,0.013592928
Warm B,877058,5300,5299,2936,1785,1,0.009013256
Warm B,381811,2231,2230,2937,1786,1,0.018800698
Warm B,419381,2534,2533,2937,1786,1,-0.00023778761
Warm B,347535,2038,2037,2937,1786,0,0.0107508395
Warm B,345551,2026,2025,2937,1786,1,0.011037651
Warm B,346416,2030,2029,2937,1786,1,0.016399922
Warm B,327269,1939,1938,2937,1786,1,0.005410811
Warm B,321094,1903,1902,2937,1786,1,0.0071807327
Warm B,301572,1791,1790,2937,1786,1,0.007184537
Warm B,229006,1387,1386,2937,1786,0,0.012044753
Warm B,320373,1899,1898,2937,1786,1,0.016438162
Warm B,208988,1274,1273,2937,1786,1,0.01887276
Warm B,199657,1224,1223,2937,1786,1,0.014239386
Warm B,184477,1147,1146,2937,1786,1,0.011895462
Warm B,212573,1294,1293,2937,1786,1,0.00392757
Warm B,316417,1883,1882,2937,1786,1,0.014732346
Warm B,405466,2428,2427,2937,1786,1,0.006591609
Warm B,165062,1052,1051,2937,1786,1,0.0047001853
Warm B,272404,1645,1644,2937,1786,1,0.0078663565
Warm B,162396,1034,1033,2937,1786,1,0.007829159
Warm B,158713,1015,1014,2937,1786,1,0.01914576
Warm B,246502,1489,1488,2937,1786,0,0.014264511
Warm B,144572,931,930,2937,1786,1,0.013752407
Warm B,138878,889,888,2937,1786,1,0.020073004
Warm B,132911,857,856,2937,1786,1,0.0030338909
Warm B,374914,2185,2184,2937,1786,1,0.011733776
Warm B,125388,806,805,2937,1786,1,0.0036218737
Warm B,112729,731,730,2937,1786,1,0.025623512
Warm B,120173,776,775,2937,1786,0,0.0006361352
Warm B,96034,645,644,2937,1786,1,0.014477545
Warm B,69561,466,465,2937,1786,1,0.0066011297
Warm B,50684,333,332,2937,1786,1,0.010164595
Warm B,34819,235,234,2937,1786,1,0.01581091
Warm B,412193,2478,2477,2937,1786,0,0.014033331
Warm B,12753,97,96,2937,1786,1,0.005221092
Warm B,739469,4418,4417,2937,1786,1,0.0094276145
Warm B,482057,2962,2961,2937,1786,0,0.013892025
Warm B,460878,2841,2840,2937,1786,0,0.015229104
Warm B,18255,140,139,2937,1786,1,0.006194034
Warm B,24508,173,172,2937,1786,1,0.005118366
Warm B,232615,1413,1412,2937,1786,1,0.008218542
Warm B,322741,1912,1911,2937,1786,0,0.013127979
Warm B,969118,5841,5840,2937,1786,1,0.015082757
Warm B,27623,193,192,2937,1786,0,0.016338687
Warm B,23842,169,168,2937,1786,1,0.013731539
Warm B,416980,2507,2506,2940,1787,1,0.017796142
Warm B,364203,2121,2120,2940,1787,0,0.0014449852
Warm B,347545,2038,2037,2940,1787,1,0.01117668
Warm B,346425,2030,2029,2940,1787,1,0.0015205642
Warm B,339734,2002,2001,2940,1787,1,-0.004057221
Warm B,335106,1977,1976,2940,1787,0,0.0103374515
Warm B,325630,1926,1925,2940,1787,1,0.007390319
Warm B,316426,1883,1882,2940,1787,1,0.005326559
Warm B,284974,1699,1698,2940,1787,1,0.0037534933
Warm B,252086,1525,1524,2940,1787,0,-0.0024475069
Warm B,245081,1476,1475,2940,1787,1,0.0013682855
Warm B,237450,1446,1445,2940,1787,1,0.0018175277
Warm B,229008,1387,1386,2940,1787,1,0.0032669646
Warm B,204272,1258,1257,2940,1787,1,0.0066608367
Warm B,165364,1053,1052,2940,1787,1,-0.00626802
Warm B,161107,1026,1025,2940,1787,0,-0.00022342359
Warm B,153872,989,988,2940,1787,1,-0.008679424
Warm B,235969,1428,1427,2940,1787,1,-0.00051691383
Warm B,144573,931,930,2940,1787,1,0.0019687966
Warm B,138910,889,888,2940,1787,0,0.0028598777
Warm B,201821,1242,1241,2940,1787,1,0.015894271
Warm B,131380,850,849,2940,1787,1,0.008210385
Warm B,128381,830,829,2940,1787,1,0.007246348
Warm B,125389,806,805,2940,1787,0,0.004456314
Warm B,379019,2213,2212,2940,1787,1,0.0028303317
Warm B,374475,2181,2180,2940,1787,1,0.010081561
Warm B,163212,1043,1042,2940,1787,1,0.0011987253
Warm B,314240,1875,1874,2940,1787,1,-0.006781422
Warm B,319631,1897,1896,2940,1787,1,0.00040171994
Warm B,61426,412,411,2940,1787,1,-0.0012214
Warm B,228600,1383,1382,2940,1787,0,0.009819955
Warm B,45120,304,303,2940,1787,1,0.0042908513
Warm B,482072,2962,2961,2940,1787,1,0.0037472046
Warm B,13946,112,111,2940,1787,1,-0.00056227774
Warm B,592236,3610,3609,2940,1787,0,-0.0023316215
Warm B,9431,62,61,2940,1787,1,-0.004520284
Warm B,739472,4418,4417,2940,1787,1,0.010283585
Warm B,384804,2247,2246,2940,1787,0,-0.0055185487
Warm B,18824,146,145,2940,1787,1,-0.0024045277
Warm B,821630,4940,4939,2940,1787,0,0.0065733525
Warm B,18257,140,139,2940,1787,0,0.0002627403
Warm B,421670,2547,2546,2940,1787,1,-0.0021286043
Warm B,421281,2544,2543,2940,1787,0,0.0021513745
Warm B,191540,1181,1180,2940,1787,0,0.00081603555
Warm B,841303,5054,5053,2940,1787,1,0.006102302
Warm B,172142,1088,1087,2940,1787,0,0.009612657
Warm B,882254,5329,5328,2940,1787,1,-0.005789246
Warm B,661607,3989,3988,2943,1790,1,0.006633956
Warm B,653758,3940,3939,2943,1790,1,0.006887864
Warm B,635286,3829,3828,2943,1790,0,0.002066761
Warm B,632701,3823,3822,2943,1790,1,0.0059130033
Warm B,638678,3841,3840,2943,1790,1,-0.00026180467
Warm B,619112,3751,3750,2943,1790,1,0.010680329
Warm B,614271,3720,3719,2943,1790,0,0.0058173295
Warm B,611440,3705,3704,2943,1790,1,0.0070108017
Warm B,597606,3635,3634,2943,1790,0,0.0024449045
Warm B,594415,3618,3617,2943,1790,0,-0.0009076176
Warm B,581058,3547,3546,2943,1790,1,0.005971168
Warm B,644287,3882,3881,2943,1790,0,0.0026319975
Warm B,713434,4277,4276,2943,1790,1,0.007938751
Warm B,554261,3410,3409,2943,1790,0,0.007834138
Warm B,549546,3390,3389,2943,1790,1,-0.0014682089
Warm B,544891,3359,3358,2943,1790,0,0.008855031
Warm B,748023,4465,4464,2943,1790,0,0.005157592
Warm B,524257,3231,3230,2943,1790,1,0.0015099102
Warm B,523030,3224,3223,2943,1790,0,-0.0040182425
Warm B,523952,3229,3228,2943,1790,1,-0.0021947948
Warm B,521594,3217,3216,2943,1790,1,0.003302137
Warm B,509960,3140,3139,2943,1790,1,0.0014765491
Warm B,509288,3135,3134,2943,1790,1,-0.006321266
Warm B,505353,3108,3107,2943,1790,1,0.0030277441
Warm B,496238,3049,3048,2943,1790,1,-0.0003457833
Warm B,485368,2986,2985,2943,1790,0,0.0066316603
Warm B,852744,5113,5112,2943,1790,0,-0.0019351419
Warm B,447053,2753,2752,2943,1790,0,-0.0076414077
Warm B,444009,2737,2736,2943,1790,0,0.0025642456
Warm B,444138,2738,2737,2943,1790,1,0.00083810586
Warm B,438045,2676,2675,2943,1790,1,0.0037183734
Warm B,424078,2570,2569,2943,1790,1,0.009548914
Warm B,422275,2556,2555,2943,1790,1,0.0009288606
Warm B,425470,2581,2580,2943,1790,1,0.00040996564
Warm B,416186,2506,2505,2943,1790,1,0.00016390043
Warm B,416988,2507,2506,2943,1790,1,2.6854686e-05
Warm B,406630,2439,2438,2943,1790,0,-0.0031334953
Warm B,398367,2368,2367,2943,1790,1,-0.0015191913
Warm B,397129,2351,2350,2943,1790,1,-0.0033439253
Warm B,396040,2340,2339,2943,1790,1,0.007725002
Warm B,392811,2306,2305,2943,1790,1,0.00259274
Warm B,323311,1916,1915,2943,1790,1,-0.0016087178
Warm B,318730,1894,1893,2943,1790,1,-0.002451633
Warm B,317097,1884,1883,2943,1790,1,0.002872983
Warm B,286481,1711,1710,2943,1790,1,0.0011544232
Warm B,310216,1845,1844,2943,1790,0,-0.00021151849
Warm B,292595,1741,1740,2943,1790,1,0.0065815803
Warm B,276501,1671,1670,2943,1790,1,-0.002012631
Warm B,258791,1585,1584,2943,1790,1,0.0032848096
Warm B,264777,1609,1608,2943,1790,0,-0.0030929744
Warm B,245082,1476,1475,2943,1790,0,-0.00020840787
Warm B,241721,1455,1454,2943,1790,1,-0.0022391214
Warm B,241526,1451,1450,2943,1790,0,0.0043183593
Warm B,319633,1897,1896,2943,1790,1,-0.00011389516
Warm B,446212,2751,2750,2943,1790,1,-6.768387e-06
Warm B,203915,1254,1253,2943,1790,1,-0.004708476
Warm B,316430,1883,1882,2943,1790,0,0.006790868
Warm B,151774,975,974,2943,1790,1,0.00604553
Warm B,148887,957,956,2943,1790,1,0.008461584
Warm B,195802,1203,1202,2943,1790,0,0.008823752
Warm B,138918,889,888,2943,1790,0,0.0024744207
Warm B,253190,1538,1537,2943,1790,1,-0.0022061155
Warm B,263749,1605,1604,2943,1790,0,0.002236234
Warm B,111381,724,723,2943,1790,0,-0.0014472967
Warm B,104018,691,690,2943,1790,1,-0.0042530694
Warm B,101028,673,672,2943,1790,1,0.004237236
Warm B,98003,655,654,2943,1790,1,0.00034278212
Warm B,94033,630,629,2943,1790,1,0.005131754
Warm B,169150,1073,1072,2943,1790,1,0.0028334246
Warm B,284576,1698,1697,2943,1790,1,0.0027429555
Warm B,432254,2634,2633,2943,1790,1,0.0083829425
Warm B,228605,1383,1382,2943,1790,1,0.0065726805
Warm B,84580,550,549,2943,1790,0,0.0031518675
Warm B,68926,461,460,2943,1790,0,0.006599901
Warm B,61430,412,411,2943,1790,1,-0.001008856
Warm B,56858,382,381,2943,1790,0,0.0048460052
Warm B,55430,367,366,2943,1790,1,0.00084268325
Warm B,54822,358,357,2943,1790,0,0.006017909
Warm B,132740,855,854,2943,1790,1,0.006213356
Warm B,51715,339,338,2943,1790,1,0.0066350643
Warm B,48907,327,326,2943,1790,1,-0.001725673
Warm B,696813,4169,4168,2943,1790,0,0.0012602769
Warm B,39401,267,266,2943,1790,0,0.00473453
Warm B,152549,981,980,2943,1790,0,0.0023585411
Warm B,16010,126,125,2943,1790,1,-0.0002862704
Warm B,9975,69,68,2943,1790,1,0.005555181
Warm B,7958,53,52,2943,1790,1,0.004274508
Warm B,170,2,1,2943,1790,1,0.0024210778
Warm B,76464,518,517,2943,1790,1,-0.00016954332
Warm B,158743,1015,1014,2943,1790,1,-0.0018967345
Warm B,167144,1063,1062,2943,1790,1,0.0055483715
Warm B,336437,1980,1979,2943,1790,1,-0.0043972633
Warm B,680822,4079,4078,2943,1790,1,0.0048608724
Warm B,803264,4809,4808,2943,1790,1,-0.00050142256
Warm B,558707,3430,3429,2943,1790,1,0.0033347304
Warm B,187842,1164,1163,2943,1790,1,0.013931664
Warm B,447708,2760,2759,2943,1790,0,0.0077353567
Warm B,801541,4802,4801,2943,1790,1,0.0047198045
Warm B,172150,1088,1087,2943,1790,1,0.0014309275
Warm B,8862,59,58,2943,1790,1,-0.0039209407
Warm B,465854,2872,2871,2952,1798,1,0.002157603
Warm B,461168,2844,2843,2952,1798,0,0.012865054
Warm B,459378,2828,2827,2952,1798,1,-0.00039677194
Warm B,458349,2820,2819,2952,1798,0,-0.0012353137
Warm B,595025,3620,3619,2952,1798,1,0.0038780875
Warm B,796184,4771,4770,2952,1798,1,0.006032885
Warm B,452625,2786,2785,2952,1798,1,0.003237439
Warm B,441398,2703,2702,2952,1798,1,0.008389408
Warm B,696834,4169,4168,2952,1798,1,0.0038750407
Warm B,439758,2687,2686,2952,1798,1,0.0014159009
Warm B,431260,2627,2626,2952,1798,1,-0.0073856264
Warm B,408496,2453,2452,2952,1798,1,-0.00095535256
Warm B,401094,2389,2388,2952,1798,0,0.005419234
Warm B,367168,2142,2141,2952,1798,1,0.013912367
Warm B,351217,2062,2061,2952,1798,1,0.0017725162
Warm B,349649,2051,2050,2952,1798,1,0.0059622717
Warm B,344324,2020,2019,2952,1798,1,0.009696931
Warm B,334108,1969,1968,2952,1798,0,0.0064276066
Warm B,329648,1943,1942,2952,1798,1,0.0066428203
Warm B,325082,1925,1924,2952,1798,1,-0.0025099185
Warm B,327280,1939,1938,2952,1798,1,0.0010361956
Warm B,298867,1775,1774,2952,1798,0,-0.0015236789
Warm B,266929,1620,1619,2952,1798,1,0.0030516735
Warm B,256908,1571,1570,2952,1798,1,-0.00031059835
Warm B,333594,1968,1967,2952,1798,0,0.0039936723
Warm B,631883,3821,3820,2952,1798,1,0.0010186568
Warm B,317121,1884,1883,2952,1798,1,0.0057669776
Warm B,220110,1333,1332,2952,1798,1,-0.00031026313
Warm B,296657,1758,1757,2952,1798,1,0.0040366515
Warm B,289568,1727,1726,2952,1798,1,0.00032675546
Warm B,206136,1264,1263,2952,1798,1,0.0058141793
Warm B,308231,1836,1835,2952,1798,1,0.007797395
Warm B,211470,1285,1284,2952,1798,1,0.0004193564
Warm B,280105,1680,1679,2952,1798,0,-0.0018585792
Warm B,192023,1182,1181,2952,1798,1,0.009193431
Warm B,186712,1155,1154,2952,1798,0,-0.011131988
Warm B,185890,1150,1149,2952,1798,0,-0.0002994109
Warm B,178785,1121,1120,2952,1798,1,-0.0006660777
Warm B,184179,1146,1145,2952,1798,0,0.0013298822
Warm B,191589,1181,1180,2952,1798,0,-0.0006303515
Warm B,158776,1015,1014,2952,1798,1,-0.0013595438
Warm B,149298,960,959,2952,1798,1,-0.0063936617
Warm B,221716,1340,1339,2952,1798,0,0.0110105155
Warm B,271172,1639,1638,2952,1798,0,0.015308969
Warm B,143966,928,927,2952,1798,1,-0.0063697053
Warm B,143397,924,923,2952,1798,1,0.009107915
Warm B,157332,1010,1009,2952,1798,0,0.006272791
Warm B,233538,1420,1419,2952,1798,0,0.0039794883
Warm B,132152,854,853,2952,1798,0,0.0035151592
Warm B,128463,831,830,2952,1798,1,1.1203345e-05
Warm B,298240,1767,1766,2952,1798,1,0.00049194554
Warm B,125121,802,801,2952,1798,1,0.011211994
Warm B,223128,1352,1351,2952,1798,0,-0.0017891743
Warm B,108377,710,709,2952,1798,1,0.0006534287
Warm B,105318,696,695,2952,1798,1,-0.004512266
Warm B,392946,2307,2306,2952,1798,1,0.0035400302
Warm B,240635,1449,1448,2952,1798,0,0.0051948866
Warm B,103558,687,686,2952,1798,0,0.0061307456
Warm B,99136,660,659,2952,1798,1,0.0054030903
Warm B,92872,621,620,2952,1798,1,0.0017058415
Warm B,92641,620,619,2952,1798,0,-0.0019743242
Warm B,89665,590,589,2952,1798,1,-0.0020890958
Warm B,236782,1437,1436,2952,1798,1,0.010756128
Warm B,308989,1837,1836,2952,1798,0,-0.001578915
Warm B,261294,1597,1596,2952,1798,0,0.0045849085
Warm B,464405,2860,2859,2952,1798,1,0.011638798
Warm B,83624,549,548,2952,1798,1,-0.0014894209
Warm B,73014,493,492,2952,1798,1,-0.00038109906
Warm B,378515,2208,2207,2952,1798,1,-0.003461165
Warm B,317999,1889,1888,2952,1798,0,-0.0018160967
Warm B,258018,1579,1578,2952,1798,1,0.0114345495
Warm B,38418,261,260,2952,1798,1,0.0017843803
Warm B,37935,259,258,2952,1798,0,0.0054064365
Warm B,33679,225,224,2952,1798,1,0.00063098245
Warm B,30874,205,204,2952,1798,0,0.00045377156
Warm B,28580,196,195,2952,1798,1,0.007817185
Warm B,16351,129,128,2952,1798,1,0.010351072
Warm B,13793,110,109,2952,1798,1,0.007205281
Warm B,7981,53,52,2952,1798,1,-0.004659343
Warm B,25018,175,174,2952,1798,1,0.002943318
Warm B,367,5,4,2952,1798,0,-0.0024664917
Warm B,805822,4823,4822,2952,1798,0,0.0020086695
Warm B,104613,692,691,2952,1798,1,0.008525589
Warm B,3070,23,22,2952,1798,0,0.005700632
Warm B,207215,1266,1265,2952,1798,1,0.016248412
Warm B,20215,149,148,2952,1798,1,0.0011319942
Warm B,50374,331,330,2952,1798,1,-0.00052956445
Warm B,470209,2895,2894,2952,1798,1,0.008307417
Warm B,286949,1712,1711,2952,1798,0,0.012013104
Warm B,129766,839,838,2952,1798,1,0.0045656334
Warm B,113833,737,736,2952,1798,1,0.005660369
Warm B,572556,3507,3506,2952,1798,1,0.0050172997
Warm B,242028,1457,1456,2952,1798,0,0.0029204523
Warm B,204807,1260,1259,2952,1798,1,0.008907897
Warm B,16176,127,126,2952,1798,0,0.0100079775
Warm B,246997,1491,1490,2952,1798,0,-0.0058369674
Warm B,203727,1252,1251,2952,1798,1,-0.0050449898
Warm B,355248,2077,2076,2952,1798,1,0.007427442
Warm B,905395,5475,5474,2952,1798,1,0.005898346
Warm B,245928,1484,1483,2952,1798,1,0.001227899
Warm B,232628,1413,1412,2952,1798,1,0.0060144407
Warm B,565847,3475,3474,2952,1798,0,0.009981703
Warm B,206513,1265,1264,2952,1798,1,0.0074188905
Warm B,361190,2106,2105,2952,1798,1,-0.0031721774
Warm B,343826,2018,2017,2952,1798,1,0.0152349565
Warm B,348284,2041,2040,2952,1798,1,-0.005283933
Warm B,893122,5394,5393,2952,1798,1,0.0034361058
Warm B,451890,2781,2780,2952,1798,1,0.0020420216
Warm B,271882,1643,1642,2952,1798,1,0.006218191
Warm B,933665,5636,5635,2952,1798,0,0.011709802
Warm B,609411,3693,3692,2952,1798,1,0.010310748
Warm B,23886,169,168,2952,1798,0,0.012503253
Warm B,144429,930,929,2952,1798,0,-0.0034375526
Warm B,290621,1733,1732,2952,1798,1,-0.0035941522
Warm B,688463,4117,4116,2952,1798,1,0.005542997
Warm B,63503,424,423,2952,1798,1,0.006266339
Warm B,238372,1447,1446,2952,1798,1,0.009007473
Warm B,160510,1019,1018,2952,1798,0,0.013605698
Warm B,233741,1421,1420,2952,1798,1,0.002632393
Warm B,116680,752,751,2952,1798,0,0.0151167
Warm B,322791,1912,1911,2952,1798,0,0.0036043618
Warm B,532453,3285,3284,2952,1798,1,-0.006519761
Warm B,372713,2176,2175,2952,1798,1,0.008538493
Warm B,564813,3471,3470,2952,1798,1,0.006867664
Warm B,215161,1303,1302,2952,1798,0,0.005387104
Warm B,215753,1306,1305,2952,1798,1,0.0005373489
Warm B,637171,3836,3835,2956,1800,1,0.012713981
Warm B,635306,3829,3828,2956,1800,0,0.0075683165
Warm B,630020,3808,3807,2956,1800,0,0.017703764
Warm B,638715,3841,3840,2956,1800,1,0.009745533
Warm B,623152,3770,3769,2956,1800,0,0.019444488
Warm B,619655,3754,3753,2956,1800,1,0.008650205
Warm B,617858,3742,3741,2956,1800,0,0.018343093
Warm B,611470,3705,3704,2956,1800,0,0.016299512
Warm B,604612,3675,3674,2956,1800,0,0.003832846
Warm B,594457,3618,3617,2956,1800,0,0.0046822703
Warm B,596987,3626,3625,2956,1800,0,0.00090264925
Warm B,588215,3589,3588,2956,1800,0,0.0071935467
Warm B,581594,3551,3550,2956,1800,1,0.0037261453
Warm B,745131,4448,4447,2956,1800,1,0.010062501
Warm B,579838,3539,3538,2956,1800,1,0.0006187253
Warm B,580699,3546,3545,2956,1800,0,0.008370123
Warm B,561984,3457,3456,2956,1800,0,-0.0039255456
Warm B,550708,3391,3390,2956,1800,0,0.011345278
Warm B,541565,3332,3331,2956,1800,0,0.007786179
Warm B,542514,3336,3335,2956,1800,0,0.0032064067
Warm B,523064,3224,3223,2956,1800,1,0.0044656415
Warm B,930161,5620,5619,2956,1800,1,0.0035373669
Warm B,494617,3032,3031,2956,1800,1,0.0077499375
Warm B,491035,3018,3017,2956,1800,0,0.012440067
Warm B,491712,3024,3023,2956,1800,0,0.009999866
Warm B,696839,4169,4168,2956,1800,1,0.013356959
Warm B,471201,2899,2898,2956,1800,1,0.00952814
Warm B,463685,2857,2856,2956,1800,0,0.0081824465
Warm B,458355,2820,2819,2956,1800,0,0.0045378963
Warm B,454105,2793,2792,2956,1800,1,0.014504435
Warm B,443221,2731,2730,2956,1800,0,-0.0023494158
Warm B,431266,2627,2626,2956,1800,0,0.011691395
Warm B,464408,2860,2859,2956,1800,0,-0.0017879708
Warm B,397902,2361,2360,2956,1800,0,0.005387185
Warm B,396871,2349,2348,2956,1800,0,0.010199083
Warm B,387644,2265,2264,2956,1800,1,0.0072681406
Warm B,359646,2102,2101,2956,1800,0,-0.00025290623
Warm B,405170,2424,2423,2956,1800,0,0.011665527
Warm B,302351,1794,1793,2956,1800,1,0.014705397
Warm B,292622,1741,1740,2956,1800,1,0.004714805
Warm B,280116,1680,1679,2956,1800,1,0.008896198
Warm B,210383,1284,1283,2956,1800,1,0.006636425
Warm B,196814,1207,1206,2956,1800,0,0.011967713
Warm B,328861,1941,1940,2956,1800,0,0.020345313
Warm B,185899,1150,1149,2956,1800,0,0.008669956
Warm B,180052,1127,1126,2956,1800,0,0.0013799169
Warm B,184182,1146,1145,2956,1800,0,0.0008452616
Warm B,218962,1328,1327,2956,1800,0,0.004982263
Warm B,275786,1667,1666,2956,1800,0,0.014524121
Warm B,154495,996,995,2956,1800,1,0.011436447
Warm B,130636,846,845,2956,1800,0,0.0011518707
Warm B,132155,854,853,2956,1800,0,0.017186806
Warm B,315678,1880,1879,2956,1800,0,0.013164488
Warm B,124042,798,797,2956,1800,0,0.009934956
Warm B,118546,765,764,2956,1800,0,-0.0010582136
Warm B,211478,1285,1284,2956,1800,0,0.0014510406
Warm B,240643,1449,1448,2956,1800,0,0.0069556907
Warm B,95111,637,636,2956,1800,0,0.00033896277
Warm B,352465,2063,2062,2956,1800,0,0.003375988
Warm B,305201,1812,1811,2956,1800,0,0.0033875783
Warm B,150843,970,969,2956,1800,1,0.0024837498
Warm B,191597,1181,1180,2956,1800,0,0.010696651
Warm B,83631,549,548,2956,1800,1,0.015337298
Warm B,198293,1218,1217,2956,1800,1,0.007797018
Warm B,239435,1448,1447,2956,1800,1,0.0069704903
Warm B,84615,550,549,2956,1800,0,0.011024071
Warm B,77992,524,523,2956,1800,0,0.018427595
Warm B,68940,461,460,2956,1800,0,0.0008816712
Warm B,72422,482,481,2956,1800,0,0.010329803
Warm B,201837,1242,1241,2956,1800,0,-0.00039617205
Warm B,47743,319,318,2956,1800,0,0.0070984913
Warm B,111117,721,720,2956,1800,0,0.0052670487
Warm B,15813,123,122,2956,1800,0,0.004507954
Warm B,7989,53,52,2956,1800,1,-0.00080474326
Warm B,482097,2962,2961,2956,1800,0,0.011915037
Warm B,102729,678,677,2956,1800,0,0.01031811
Warm B,633721,3824,3823,2956,1800,0,0.008215027
Warm B,145149,934,933,2956,1800,0,0.0077697923
Warm B,801554,4802,4801,2956,1800,0,0.0073699015
Warm B,63512,424,423,2956,1800,0,0.00864371
Warm B,421314,2544,2543,2956,1800,0,0.007525146
Warm B,7079,48,47,2965,1803,0,0.010595385
Warm B,56143,372,371,2965,1803,1,-0.004153456
Warm B,255689,1556,1555,2965,1803,0,0.0070577916
Warm B,169341,1074,1073,2965,1803,0,0.0070904773
Warm B,122754,791,790,2965,1803,0,-0.003936722
Warm B,69147,462,461,2965,1803,0,0.008520825
Warm B,719600,4310,4309,2965,1803,0,-0.0049676793
Warm B,154127,993,992,2965,1803,0,0.0038915044
Warm B,245939,1484,1483,2965,1803,0,0.0052426443
Warm B,474245,2909,2908,2965,1803,1,0.0061803483
Warm B,63536,424,423,2965,1803,0,0.0030766446
Warm B,562851,3462,3461,2965,1803,0,0.00089073984
Warm B,496974,3053,3052,2967,1805,0,0.0007245103
Warm B,495798,3044,3043,2967,1805,1,0.0053900173
Warm B,783555,4680,4679,2967,1805,1,0.0014176688
Warm B,484206,2978,2977,2967,1805,1,-0.0014095297
Warm B,482965,2967,2966,2967,1805,1,0.0027688416
Warm B,696859,4169,4168,2967,1805,1,0.014306565
Warm B,471757,2901,2900,2967,1805,1,-0.0021191128
Warm B,601755,3658,3657,2967,1805,0,0.008387727
Warm B,467162,2878,2877,2967,1805,1,0.0018975374
Warm B,462795,2854,2853,2967,1805,0,0.0024239165
Warm B,459279,2826,2825,2967,1805,0,1.4300924e-05
Warm B,428899,2609,2608,2967,1805,0,0.0061876355
Warm B,415126,2498,2497,2967,1805,1,-0.0018577996
Warm B,412557,2483,2482,2967,1805,0,0.0036433013
Warm B,412489,2482,2481,2967,1805,1,-0.003811867
Warm B,400663,2385,2384,2967,1805,0,-0.0057660383
Warm B,398643,2372,2371,2967,1805,1,0.01668273
Warm B,395301,2334,2333,2967,1805,0,0.008433845
Warm B,383526,2241,2240,2967,1805,1,0.0051323
Warm B,381849,2231,2230,2967,1805,0,0.008086311
Warm B,378076,2205,2204,2967,1805,0,0.0016830456
Warm B,378869,2211,2210,2967,1805,1,0.0021937343
Warm B,367051,2140,2139,2967,1805,1,0.009822681
Warm B,353044,2067,2066,2967,1805,0,0.008667643
Warm B,350428,2056,2055,2967,1805,0,-0.000281502
Warm B,353795,2072,2071,2967,1805,1,0.00023166975
Warm B,343270,2016,2015,2967,1805,1,0.018981412
Warm B,293461,1747,1746,2967,1805,0,0.007843001
Warm B,259741,1587,1586,2967,1805,0,0.00361179
Warm B,346474,2030,2029,2967,1805,0,0.002279189
Warm B,325664,1926,1925,2967,1805,1,0.0008041056
Warm B,280160,1680,1679,2967,1805,0,0.0022127186
Warm B,328899,1941,1940,2967,1805,0,0.0127604045
Warm B,185930,1150,1149,2967,1805,0,0.009605899
Warm B,184506,1147,1146,2967,1805,0,0.0006305864
Warm B,183407,1141,1140,2967,1805,1,0.006722573
Warm B,320438,1899,1898,2967,1805,1,0.013823417
Warm B,135092,873,872,2967,1805,1,-0.0010244453
Warm B,201854,1242,1241,2967,1805,1,0.0056336643
Warm B,131419,850,849,2967,1805,1,0.004849493
Warm B,118784,767,766,2967,1805,1,0.005961446
Warm B,107000,702,701,2967,1805,0,0.003230512
Warm B,101786,677,676,2967,1805,1,-0.00044553226
Warm B,95125,637,636,2967,1805,1,-0.0029529184
Warm B,90847,601,600,2967,1805,0,0.010798002
Warm B,85007,552,551,2967,1805,1,0.009316977
Warm B,228648,1383,1382,2967,1805,0,0.001160493
Warm B,35398,238,237,2967,1805,1,-0.003965663
Warm B,32376,216,215,2967,1805,0,-0.008405868
Warm B,592278,3610,3609,2967,1805,0,0.0037314596
Warm B,5322,36,35,2967,1805,1,0.002607679
Warm B,1152,10,9,2967,1805,1,0.008958636
Warm B,482117,2962,2961,2967,1805,1,0.007549308
Warm B,19666,148,147,2967,1805,1,-0.004735005
Warm B,458375,2820,2819,2967,1805,1,0.01079051
Warm B,48687,326,325,2967,1805,0,0.008053979
Warm B,158813,1015,1014,2967,1805,1,0.007474157
Warm B,421340,2544,2543,2967,1805,1,0.0051083663
Warm B,581080,3547,3546,2967,1805,1,0.0036027902
Warm B,294029,1748,1747,2967,1805,0,0.00013048598
Warm B,927746,5605,5604,2967,1805,1,0.004995267
Warm B,977907,5892,5891,2967,1805,1,0.004270737
Warm B,276539,1671,1670,2967,1805,1,0.01783055
Warm B,588238,3589,3588,2967,1805,0,0.0066757193
Warm B,831989,5001,5000,2967,1805,1,0.0055809533
Warm B,821637,4940,4939,2967,1805,1,0.009239744
Warm B,76481,518,517,2967,1805,1,0.0010150857
Warm B,244279,1470,1469,2969,1807,0,0.010066497
Warm B,188718,1170,1169,2969,1807,0,0.010627525
Warm B,147207,948,947,2969,1807,0,0.0041527725
Warm B,139003,889,888,2969,1807,0,0.014523889
Warm B,347579,2038,2037,2969,1807,1,0.009871643
Warm B,319028,1896,1895,2969,1807,0,0.0046537137
Warm B,132779,855,854,2969,1807,1,0.011033872
Warm B,112777,731,730,2969,1807,1,0.011902331
Warm B,66412,444,443,2969,1807,1,0.009610562
Warm B,52765,347,346,2969,1807,1,0.016109936
Warm B,51727,339,338,2969,1807,1,0.005811115
Warm B,48933,327,326,2969,1807,1,0.0037999419
Warm B,48690,326,325,2969,1807,0,0.013227667
Warm B,35400,238,237,2969,1807,1,0.008143793
Warm B,32381,216,215,2969,1807,1,0.014118385
Warm B,947656,5722,5721,2969,1807,0,0.01442837
Warm B,9982,69,68,2969,1807,1,0.0057267845
Warm B,4991,35,34,2969,1807,1,-0.0025176462
Warm B,55391,366,365,2969,1807,1,0.0026145768
Warm B,76482,518,517,2969,1807,1,0.005647455
Warm B,558733,3430,3429,2969,1807,1,0.00634671
Warm B,284998,1699,1698,2969,1807,0,0.018202879
Warm B,876386,5291,5290,2969,1807,1,0.008513069
Warm B,339341,1998,1997,2969,1807,0,0.0014843079
Warm B,20966,151,150,2969,1807,1,0.01618175
Warm B,900812,5447,5446,2969,1807,1,0.008643641
Warm B,801565,4802,4801,2969,1807,1,0.0046064584
Warm B,357799,2092,2091,2969,1807,0,0.013050734
Warm B,394914,2332,2331,2969,1807,1,0.0067421263
Warm B,319667,1897,1896,2969,1807,1,0.014046347
Warm B,657747,3963,3962,2969,1807,0,0.007943573
Warm B,302751,1797,1796,2970,1808,1,0.010643295
Warm B,298409,1768,1767,2970,1808,1,-0.0023998015
Warm B,316030,1882,1881,2970,1808,1,-0.0038952217
Warm B,292653,1741,1740,2970,1808,1,-0.0006981434
Warm B,229027,1387,1386,2970,1808,0,0.010842427
Warm B,350435,2056,2055,2970,1808,0,0.010099173
Warm B,207426,1267,1266,2970,1808,0,0.0004503925
Warm B,294589,1749,1748,2970,1808,1,-0.005478962
Warm B,309026,1837,1836,2970,1808,1,0.0067688073
Warm B,191650,1181,1180,2970,1808,0,0.013641454
Warm B,158828,1015,1014,2970,1808,0,0.0014022014
Warm B,258673,1584,1583,2970,1808,1,0.0017909815
Warm B,139024,889,888,2970,1808,0,-0.0013571663
Warm B,131426,850,849,2970,1808,0,-0.00400925
Warm B,315728,1880,1879,2970,1808,1,0.0014378787
Warm B,298258,1767,1766,2970,1808,0,-0.008164369
Warm B,147595,949,948,2970,1808,1,0.0013653636
Warm B,135095,873,872,2970,1808,1,-0.00904268
Warm B,125395,806,805,2970,1808,1,0.010823937
Warm B,211525,1285,1284,2970,1808,1,0.0023883036
Warm B,284647,1698,1697,2970,1808,1,-0.008588154
Warm B,84904,551,550,2970,1808,1,0.0062446347
Warm B,84656,550,549,2970,1808,0,0.002596954
Warm B,259948,1590,1589,2970,1808,0,-0.0031965058
Warm B,245945,1484,1483,2970,1808,1,0.006411394
Warm B,30887,205,204,2970,1808,1,0.0013510953
Warm B,25459,180,179,2970,1808,1,0.0026196216
Warm B,290657,1733,1732,2970,1808,1,-0.0039591566
Warm B,657752,3963,3962,2970,1808,0,0.0014552597
Warm B,320452,1899,1898,2970,1808,1,0.003610026
Warm B,524496,3233,3232,2970,1808,0,-0.005946611
Warm B,285007,1699,1698,2970,1808,1,-0.0071782228
Warm B,713497,4277,4276,2970,1808,1,0.0006594486
Warm B,250008,1505,1504,2970,1808,1,0.0086730635
Warm B,24607,173,172,2970,1808,1,-0.004320381
Warm B,157372,1010,1009,2970,1808,0,-0.005373179
Warm B,276548,1671,1670,2970,1808,1,-0.0035911968
Warm B,547060,3371,3370,2970,1808,0,0.0019329814
Warm B,5342,36,35,2972,1810,1,-0.00081162923
Warm B,312109,1860,1859,2972,1810,0,0.0034819301
Warm B,76485,518,517,2972,1810,1,-0.0009438838
Warm B,484386,2980,2979,2972,1810,1,0.008922253
Warm B,20270,149,148,2972,1810,1,0.0055217575
Warm B,265382,1611,1610,2974,1812,0,-0.0015712604
Warm B,907742,5492,5491,2974,1812,0,0.011229942
Warm B,523971,3229,3228,2974,1812,0,0.0026753985
Warm B,172236,1088,1087,2974,1812,0,0.006974586
Warm B,28526,195,194,2974,1812,0,0.003353296
Warm B,967078,5831,5830,2974,1812,0,0.0028827707
Warm B,718748,4305,4304,2974,1812,0,0.00059086375
Warm B,304476,1809,1808,2975,1813,0,-0.002952315
Warm B,278392,1679,1678,2975,1813,0,0.012932822
Warm B,264446,1608,1607,2975,1813,0,0.006817619
Warm B,260562,1592,1591,2975,1813,0,0.0055929525
Warm B,298632,1772,1771,2975,1813,1,0.0019894936
Warm B,189193,1172,1171,2975,1813,0,0.011492985
Warm B,226891,1376,1375,2975,1813,1,0.003921277
Warm B,183420,1141,1140,2975,1813,0,0.013230974
Warm B,263807,1605,1604,2975,1813,1,0.0033317697
Warm B,485546,2988,2987,2975,1813,0,-0.012140742
Warm B,175877,1112,1111,2975,1813,0,0.008485033
Warm B,165396,1053,1052,2975,1813,0,0.003393385
Warm B,191658,1181,1180,2975,1813,0,9.747036e-05
Warm B,151876,976,975,2975,1813,0,-0.0014480597
Warm B,145558,935,934,2975,1813,0,0.0035183895
Warm B,182306,1137,1136,2975,1813,1,0.016172498
Warm B,155084,999,998,2975,1813,1,0.017135462
Warm B,126081,812,811,2975,1813,0,-0.002927059
Warm B,125330,805,804,2975,1813,0,0.0035713513
Warm B,119837,773,772,2975,1813,1,0.0028125404
Warm B,101069,673,672,2975,1813,0,0.0058192518
Warm B,114324,743,742,2975,1813,0,0.0024114419
Warm B,98280,657,656,2975,1813,1,0.0036309569
Warm B,291795,1737,1736,2975,1813,0,0.00030445494
Warm B,83689,549,548,2975,1813,0,0.015008852
Warm B,76058,516,515,2975,1813,0,0.010973385
Warm B,74301,506,505,2975,1813,1,0.008696397
Warm B,73764,499,498,2975,1813,0,0.004414375
Warm B,70317,474,473,2975,1813,0,0.008829057
Warm B,64440,429,428,2975,1813,0,0.01127317
Warm B,155547,1001,1000,2975,1813,0,0.0067662597
Warm B,56571,378,377,2975,1813,0,0.006439466
Warm B,30295,203,202,2975,1813,0,0.0051648286
Warm B,26608,187,186,2975,1813,1,0.0042355172
Warm B,11231,83,82,2975,1813,1,0.014837938
Warm B,1728,16,15,2975,1813,1,0.003934595
Warm B,22752,163,162,2975,1813,0,0.0040202583
Warm B,521826,3219,3218,2975,1813,1,0.0014881496
Warm B,79843,531,530,2975,1813,0,0.0078078937
Warm B,314797,1879,1878,2975,1813,1,0.008817821
Warm B,778043,4647,4646,2975,1813,1,0.009445689
Warm B,823410,4950,4949,2975,1813,0,0.006961697
Warm B,285603,1701,1700,2975,1813,1,0.0030014645
Warm B,328932,1941,1940,2975,1813,0,-0.00037491415
Warm B,405394,2427,2426,2975,1813,0,0.0028623124
Warm B,92029,611,610,2975,1813,1,0.002753125
Warm B,771817,4600,4599,2975,1813,1,0.0036333804
Warm B,187110,1160,1159,2975,1813,0,0.002718277
Warm B,172237,1088,1087,2975,1813,0,0.0060998513
Warm B,561755,3454,3453,2975,1813,1,0.0069265594
Warm B,13208,102,101,2975,1813,0,0.011342812
Warm B,140968,906,905,2978,1815,0,0.010428281
Warm B,157382,1010,1009,2978,1815,0,0.017130993
Warm B,139041,889,888,2978,1815,0,0.023949867
Warm B,380563,2223,2222,2978,1815,0,0.0063633155
Warm B,134731,869,868,2978,1815,1,0.006262954
Warm B,125331,805,804,2978,1815,0,0.0021917052
Warm B,223887,1354,1353,2978,1815,0,0.012915472
Warm B,103231,685,684,2978,1815,0,0.007481844
Warm B,177334,1117,1116,2978,1815,0,0.017788721
Warm B,111148,721,720,2978,1815,1,0.015985014
Warm B,329685,1943,1942,2978,1815,0,0.016545385
Warm B,314270,1875,1874,2978,1815,0,0.008684683
Warm B,940076,5675,5674,2978,1815,0,0.016901195
Warm B,291801,1737,1736,2978,1815,1,0.0042395554
Warm B,84908,551,550,2978,1815,0,0.007656738
Warm B,75203,509,508,2978,1815,0,0.00928954
Warm B,627199,3792,3791,2978,1815,0,0.0175494
Warm B,605431,3679,3678,2978,1815,1,0.008070116
Warm B,228666,1383,1382,2978,1815,0,0.011071158
Warm B,78760,528,527,2978,1815,1,0.016884428
Warm B,22755,163,162,2978,1815,0,0.022047468
Warm B,14963,118,117,2978,1815,0,0.024752934
Warm B,15859,123,122,2978,1815,0,0.017363368
Warm B,12186,92,91,2978,1815,0,0.0064427275
Warm B,79846,531,530,2978,1815,1,0.018838834
Warm B,215784,1306,1305,2978,1815,0,0.011385161
Warm B,158840,1015,1014,2978,1815,0,0.019553851
Warm B,361225,2106,2105,2978,1815,0,0.008007164
Warm B,496714,3051,3050,2978,1815,1,0.014012914
Warm B,363539,2116,2115,2978,1815,1,0.016233139
Warm B,773487,4610,4609,2978,1815,0,0.014813727
Warm B,497498,3054,3053,2978,1815,0,0.012540983
Warm B,883201,5333,5332,2978,1815,0,0.019083891
Warm B,102776,678,677,2978,1815,0,0.018380104
Warm B,599576,3648,3647,2978,1815,0,0.019663136
Warm B,907744,5492,5491,2978,1815,1,0.018158805
Warm B,222678,1347,1346,2978,1815,1,0.008134843
Warm B,46556,310,309,2978,1815,1,0.015384146
Warm B,474440,2910,2909,2978,1815,1,0.01692127
Warm B,733072,4384,4383,2978,1815,1,0.010320129
Warm B,941569,5682,5681,2978,1815,0,0.017666275
Warm B,299303,1776,1775,2978,1815,0,0.009681685
Warm B,295822,1755,1754,2978,1815,0,0.011505679
Warm B,184534,1147,1146,2983,1816,0,0.004040866
Warm B,183745,1143,1142,2983,1816,1,0.00072759524
Warm B,181046,1131,1130,2983,1816,1,0.004864642
Warm B,191683,1181,1180,2983,1816,0,0.0022492015
Warm B,153416,984,983,2983,1816,1,0.004417907
Warm B,147231,948,947,2983,1816,1,-0.0017608562
Warm B,317174,1884,1883,2983,1816,1,0.004009172
Warm B,169739,1077,1076,2983,1816,1,-0.0013020334
Warm B,83712,549,548,2983,1816,1,-0.0010599786
Warm B,67130,451,450,2983,1816,1,0.009290183
Warm B,48712,326,325,2983,1816,0,0.0012321773
Warm B,696905,4169,4168,2983,1816,1,0.013110897
Warm B,482146,2962,2961,2983,1816,0,0.0019468677
Warm B,4650,33,32,2983,1816,1,0.01291546
Warm B,34926,235,234,2983,1816,1,0.0027945023
Warm B,24634,173,172,2983,1816,1,0.0060122595
Warm B,804117,4815,4814,2983,1816,1,0.010184552
Warm B,357828,2092,2091,2983,1816,1,0.0104841925
Warm B,933697,5636,5635,2983,1816,1,-0.00010875391
Warm B,902919,5458,5457,2983,1816,1,0.0051945252
Warm B,223150,1352,1351,2983,1816,1,0.00036293967
Warm B,381442,2231,2230,2988,1820,0,0.011164384
Warm B,371914,2173,2172,2988,1820,1,0.010514677
Warm B,371236,2170,2169,2988,1820,1,0.0046739704
Warm B,369702,2164,2163,2988,1820,0,0.006508805
Warm B,364469,2124,2123,2988,1820,1,0.01875871
Warm B,343412,2018,2017,2988,1820,1,0.0073293503
Warm B,319727,1899,1898,2988,1820,1,0.013472649
Warm B,322978,1916,1915,2988,1820,1,0.013580497
Warm B,312119,1861,1860,2988,1820,0,0.0137062585
Warm B,278396,1680,1679,2988,1820,1,0.010644191
Warm B,226741,1375,1374,2988,1820,1,0.003994025
Warm B,262048,1600,1599,2988,1820,0,0.010752877
Warm B,217649,1321,1320,2988,1820,0,0.016791698
Warm B,215928,1310,1309,2988,1820,0,0.003149644
Warm B,215312,1305,1304,2988,1820,1,0.0036194073
Warm B,243601,1470,1469,2988,1820,0,0.015494048
Warm B,182592,1140,1139,2988,1820,0,0.0048690736
Warm B,178944,1124,1123,2988,1820,1,0.013170524
Warm B,345945,2030,2029,2988,1820,1,0.0018045095
Warm B,190175,1181,1180,2988,1820,1,0.01386837
Warm B,166869,1062,1061,2988,1820,1,0.0076869046
Warm B,337843,1988,1987,2988,1820,1,0.014377809
Warm B,184688,1150,1149,2988,1820,0,0.01754989
Warm B,137563,889,888,2988,1820,0,0.021811213
Warm B,130894,850,849,2988,1820,1,0.010858118
Warm B,210417,1285,1284,2988,1820,1,0.023932405
Warm B,105364,697,696,2988,1820,0,0.0070565324
Warm B,332116,1960,1959,2988,1820,1,0.0060500344
Warm B,94505,635,634,2988,1820,1,0.008749455
Warm B,152727,984,983,2988,1820,1,0.016655624
Warm B,85448,558,557,2988,1820,0,0.0048423633
Warm B,83723,550,549,2988,1820,0,0.011565676
Warm B,77050,524,523,2988,1820,1,0.020029152
Warm B,638792,3842,3841,2988,1820,0,0.0063433684
Warm B,42031,285,284,2988,1820,0,0.013288922
Warm B,36082,245,244,2988,1820,0,0.0079608075
Warm B,21847,161,160,2988,1820,1,0.014033436
Warm B,123197,796,795,2988,1820,0,0.018071562
Warm B,357109,2092,2091,2988,1820,1,0.0028049992
Warm B,524344,3233,3232,2988,1820,1,0.00030210498
Warm B,157583,1015,1014,2988,1820,1,0.006860376
Warm B,316476,1884,1883,2988,1820,1,0.019628644
Warm B,159663,1019,1018,2988,1820,1,0.004283914
Warm B,335304,1980,1979,2988,1820,0,0.014423006
Warm B,841346,5054,5053,2988,1820,0,0.009360487
Warm B,319044,1897,1896,2988,1820,0,0.008930893
Warm B,321927,1912,1911,2988,1820,0,0.012402835
Warm B,401525,2395,2394,2988,1820,1,0.005364916
Warm B,522040,3224,3223,2996,1826,1,0.011970643
Warm B,444469,2743,2742,2996,1826,1,0.0019803646
Warm B,441900,2718,2717,2996,1826,0,0.009596948
Warm B,696937,4169,4168,2996,1826,1,0.0060844175
Warm B,437853,2676,2675,2996,1826,1,0.0033641187
Warm B,417373,2515,2514,2996,1826,1,0.005450031
Warm B,410063,2459,2458,2996,1826,0,0.00943272
Warm B,407915,2453,2452,2996,1826,1,0.011825952
Warm B,707826,4241,4240,2996,1826,1,0.0072729746
Warm B,398157,2368,2367,2996,1826,1,-0.0007875351
Warm B,397532,2355,2354,2996,1826,0,0.0008281139
Warm B,807227,4831,4830,2996,1826,0,0.008714329
Warm B,391807,2304,2303,2996,1826,0,0.008133347
Warm B,387664,2266,2265,2996,1826,1,0.0036427418
Warm B,381207,2230,2229,2996,1826,0,0.0011648523
Warm B,383537,2242,2241,2996,1826,0,0.008211476
Warm B,373113,2179,2178,2996,1826,0,0.00259224
Warm B,362601,2116,2115,2996,1826,1,-0.0021564234
Warm B,351241,2063,2062,2996,1826,0,-0.0011145961
Warm B,342070,2015,2014,2996,1826,0,0.008167232
Warm B,328966,1942,1941,2996,1826,1,0.002174436
Warm B,305422,1817,1816,2996,1826,0,0.006025387
Warm B,283368,1697,1696,2996,1826,1,0.012673407
Warm B,281743,1690,1689,2996,1826,0,0.003202992
Warm B,306300,1825,1824,2996,1826,0,0.010427387
Warm B,188765,1172,1171,2996,1826,1,0.0036815838
Warm B,321577,1908,1907,2996,1826,1,0.0059024747
Warm B,182974,1141,1140,2996,1826,0,0.010202324
Warm B,175226,1112,1111,2996,1826,0,0.006746332
Warm B,327401,1941,1940,2996,1826,1,0.007374119
Warm B,148607,957,956,2996,1826,0,-0.0019731312
Warm B,184707,1150,1149,2996,1826,0,0.0040774615
Warm B,192817,1187,1186,2996,1826,0,0.010343508
Warm B,199170,1224,1223,2996,1826,1,0.007708377
Warm B,380050,2223,2222,2996,1826,0,0.021126512
Warm B,266551,1617,1616,2996,1826,0,0.003307014
Warm B,116972,754,753,2996,1826,1,0.009493598
Warm B,105769,699,698,2996,1826,0,0.006729737
Warm B,176609,1117,1116,2996,1826,0,0.0038361854
Warm B,169047,1073,1072,2996,1826,1,0.0052582133
Warm B,86316,564,563,2996,1826,1,0.004616667
Warm B,85450,558,557,2996,1826,1,0.012235366
Warm B,57434,389,388,2996,1826,0,0.016246399
Warm B,155185,1001,1000,2996,1826,0,0.00055774907
Warm B,59619,405,404,2996,1826,0,0.002713403
Warm B,46669,314,313,2996,1826,0,0.012671026
Warm B,61045,412,411,2996,1826,0,0.008492734
Warm B,33836,229,228,2996,1826,0,0.0042812796
Warm B,71216,478,477,2996,1826,0,-0.0089527955
Warm B,29415,201,200,2996,1826,0,-0.002118023
Warm B,26212,187,186,2996,1826,1,-0.0059090634
Warm B,206547,1266,1265,2996,1826,1,0.00877358
Warm B,558352,3430,3429,2996,1826,0,0.0126954485
Warm B,111547,727,726,2996,1826,1,0.0024070176
Warm B,804125,4815,4814,2996,1826,1,0.0031691715
Warm B,927760,5605,5604,2996,1826,0,0.011937034
Warm B,360359,2106,2105,2996,1826,0,0.008703556
Warm B,499032,3067,3066,2996,1826,1,0.003487816
Warm B,879221,5312,5311,2996,1826,0,0.02010914
Warm B,384411,2246,2245,2996,1826,1,0.0039111096
Warm B,335317,1980,1979,2996,1826,0,0.013341573
Warm B,564057,3471,3470,2996,1826,0,0.008203424
Warm B,164151,1051,1050,2996,1826,1,0.009619329
Warm B,734504,4387,4386,2996,1826,0,0.01034978
Warm B,171103,1088,1087,2996,1826,1,0.0056972033
Warm B,22767,164,163,2996,1826,1,0.008719365
Warm B,95679,641,640,2996,1826,1,0.0069686845
Warm B,397272,2353,2352,2996,1826,1,0.001883169
Warm B,187431,1164,1163,2996,1826,0,0.009954431
Warm B,179341,1125,1124,2996,1826,1,0.0056901705
Warm B,842519,5063,5062,2996,1826,1,0.011641841
Warm B,877484,5302,5301,2996,1826,0,0.011448621
Warm B,804419,4816,4815,2996,1826,1,0.01867461
Warm B,558136,3428,3427,3011,1833,1,-0.0010914911
Warm B,532896,3292,3291,3011,1833,1,0.011290755
Warm B,520963,3216,3215,3011,1833,1,0.002620476
Warm B,508966,3131,3130,3011,1833,1,-0.0036339231
Warm B,580757,3547,3546,3011,1833,0,0.0129371155
Warm B,489420,3013,3012,3011,1833,0,0.0041587595
Warm B,485674,2990,2989,3011,1833,0,0.008731851
Warm B,695695,4169,4168,3011,1833,1,0.014796746
Warm B,474563,2913,2912,3011,1833,1,0.009527937
Warm B,473105,2909,2908,3011,1833,1,0.0027912895
Warm B,457577,2820,2819,3011,1833,1,0.0019871104
Warm B,453414,2793,2792,3011,1833,1,0.013824441
Warm B,452808,2788,2787,3011,1833,1,0.001705561
Warm B,446639,2753,2752,3011,1833,1,0.007084963
Warm B,421563,2547,2546,3011,1833,1,0.00068735215
Warm B,420704,2544,2543,3011,1833,0,0.0046927165
Warm B,418370,2529,2528,3011,1833,0,0.0093047535
Warm B,417997,2526,2525,3011,1833,1,0.00020436523
Warm B,417426,2516,2515,3011,1833,1,0.007478022
Warm B,411840,2476,2475,3011,1833,1,0.0072113033
Warm B,410754,2465,2464,3011,1833,1,0.0058486685
Warm B,398162,2368,2367,3011,1833,1,0.0010287712
Warm B,397674,2356,2355,3011,1833,1,0.0011261394
Warm B,414387,2496,2495,3011,1833,0,0.001213601
Warm B,386279,2259,2258,3011,1833,1,0.008416409
Warm B,381466,2231,2230,3011,1833,1,0.0084363045
Warm B,411982,2478,2477,3011,1833,1,0.0039418163
Warm B,356222,2088,2087,3011,1833,1,0.0077534653
Warm B,353843,2073,2072,3011,1833,1,0.01046906
Warm B,347194,2038,2037,3011,1833,1,0.016371645
Warm B,319775,1899,1898,3011,1833,1,0.021959618
Warm B,290695,1734,1733,3011,1833,1,0.0025588234
Warm B,268704,1632,1631,3011,1833,0,0.0075943647
Warm B,345987,2030,2029,3011,1833,1,0.011119252
Warm B,294096,1749,1748,3011,1833,0,-0.007391571
Warm B,244583,1473,1472,3011,1833,0,0.008332925
Warm B,242544,1465,1464,3011,1833,1,0.0048988694
Warm B,312152,1861,1860,3011,1833,0,0.00794844
Warm B,227914,1383,1382,3011,1833,0,0.0007672225
Warm B,325146,1926,1925,3011,1833,1,-0.0004871597
Warm B,217840,1322,1321,3011,1833,1,0.0031809923
Warm B,211730,1288,1287,3011,1833,1,0.003728776
Warm B,208526,1274,1273,3011,1833,0,0.009284064
Warm B,208170,1273,1272,3011,1833,1,0.010003667
Warm B,204167,1256,1255,3011,1833,1,0.0034466032
Warm B,188491,1170,1169,3011,1833,1,0.008449783
Warm B,169461,1077,1076,3011,1833,1,0.017834287
Warm B,166889,1062,1061,3011,1833,1,0.007223457
Warm B,152770,984,983,3011,1833,0,0.011064667
Warm B,323581,1920,1919,3011,1833,0,0.0016574546
Warm B,146757,948,947,3011,1833,0,0.01046025
Warm B,184754,1150,1149,3011,1833,0,0.007750513
Warm B,156449,1010,1009,3011,1833,0,0.0016728439
Warm B,137642,889,888,3011,1833,1,0.012695988
Warm B,318852,1896,1895,3011,1833,1,0.0057831216
Warm B,130929,850,849,3011,1833,1,0.005778658
Warm B,321987,1912,1911,3011,1833,1,0.0080504045
Warm B,106573,702,701,3011,1833,0,0.0051265443
Warm B,99198,661,660,3011,1833,1,0.004048749
Warm B,98063,656,655,3011,1833,0,0.00523405
Warm B,92252,615,614,3011,1833,1,0.0016414907
Warm B,339026,1998,1997,3011,1833,0,0.01309436
Warm B,83776,550,549,3011,1833,1,0.0052539497
Warm B,52686,347,346,3011,1833,1,0.00030595745
Warm B,51620,339,338,3011,1833,1,0.0023755145
Warm B,46587,312,311,3011,1833,0,-0.006229334
Warm B,35179,238,237,3011,1833,1,0.0025082533
Warm B,31704,216,215,3011,1833,0,0.0030536666
Warm B,22770,164,163,3011,1833,0,0.0011464024
Warm B,78778,529,528,3011,1833,0,0.008142446
Warm B,123228,796,795,3011,1833,0,0.01164597
Warm B,9063,62,61,3011,1833,1,-0.0031528343
Warm B,5996,44,43,3011,1833,0,0.0020681624
Warm B,357160,2092,2091,3011,1833,0,0.00525422
Warm B,60448,411,410,3011,1833,0,0.01622952
Warm B,801247,4802,4801,3011,1833,1,0.0012344728
Warm B,384599,2247,2246,3011,1833,1,0.013679344
Warm B,407944,2453,2452,3011,1833,1,0.0056768022
Warm B,48374,326,325,3011,1833,0,0.012983773
Warm B,157648,1015,1014,3011,1833,1,0.009907803
Warm B,347802,2041,2040,3011,1833,1,0.005420858
Warm B,316527,1884,1883,3011,1833,0,0.00655186
Warm B,50532,333,332,3011,1833,0,0.0060640397
Warm B,327455,1941,1940,3011,1833,0,0.005076655
Warm B,47161,319,318,3011,1833,1,0.000174299
Warm B,46694,314,313,3011,1833,0,-0.00081880647
Warm B,993785,6002,6001,3011,1833,1,-0.00080522534
Warm B,407711,2451,2450,3011,1833,1,0.009539471
Warm B,319075,1897,1896,3011,1833,1,0.01254691
Warm B,41118,278,277,3013,1834,1,0.008814147
Warm B,14300,117,116,3013,1834,0,0.01875021
Warm B,211635,1287,1286,3013,1834,0,0.0028144494
Warm B,289895,1733,1732,3013,1834,0,0.01048885
Warm B,632838,3824,3823,3013,1834,0,0.0076814713
Warm B,744628,4448,4447,3015,1835,1,0.009716253
Warm B,600444,3651,3650,3015,1835,1,0.011931945
Warm B,593256,3618,3617,3015,1835,0,0.018312259
Warm B,581521,3551,3550,3015,1835,1,0.0052780192
Warm B,568899,3491,3490,3015,1835,1,0.008366984
Warm B,551991,3401,3400,3015,1835,0,0.015638385
Warm B,576759,3526,3525,3015,1835,0,0.008928573
Warm B,534555,3300,3299,3015,1835,1,0.00431621
Warm B,518576,3201,3200,3015,1835,1,-0.002452855
Warm B,511000,3151,3150,3015,1835,1,0.003214548
Warm B,509417,3138,3137,3015,1835,0,0.0051231273
Warm B,522083,3224,3223,3015,1835,1,0.008565426
Warm B,509039,3132,3131,3015,1835,1,-0.0029158394
Warm B,508100,3128,3127,3015,1835,1,0.012081023
Warm B,506463,3118,3117,3015,1835,0,0.018541753
Warm B,628473,3807,3806,3015,1835,0,0.0064232294
Warm B,695697,4169,4168,3015,1835,0,0.02194188
Warm B,472228,2907,2906,3015,1835,0,0.016873654
Warm B,484752,2986,2985,3015,1835,0,0.012910342
Warm B,473109,2909,2908,3015,1835,1,0.018755283
Warm B,754553,4497,4496,3015,1835,0,0.013639477
Warm B,462977,2857,2856,3015,1835,0,0.013572505
Warm B,457578,2820,2819,3015,1835,0,0.012676365
Warm B,795939,4771,4770,3015,1835,0,0.017195903
Warm B,451600,2780,2779,3015,1835,0,-8.2923216e-05
Warm B,446066,2751,2750,3015,1835,0,0.011272734
Warm B,442025,2719,2718,3015,1835,1,0.009964893
Warm B,439531,2685,2684,3015,1835,0,0.01958402
Warm B,436072,2665,2664,3015,1835,0,0.01239451
Warm B,433455,2643,2642,3015,1835,1,0.00850645
Warm B,423966,2569,2568,3015,1835,0,0.012301795
Warm B,426759,2592,2591,3015,1835,1,0.016020507
Warm B,417344,2514,2513,3015,1835,1,0.0024020544
Warm B,425564,2583,2582,3015,1835,1,0.017031617
Warm B,414866,2497,2496,3015,1835,0,0.010857027
Warm B,414388,2496,2495,3015,1835,0,0.011730187
Warm B,397154,2352,2351,3015,1835,0,0.008018338
Warm B,388797,2279,2278,3015,1835,1,0.014232058
Warm B,387150,2264,2263,3015,1835,1,0.010056491
Warm B,382682,2237,2236,3015,1835,1,0.0044747423
Warm B,385103,2251,2250,3015,1835,1,0.0058238506
Warm B,378605,2211,2210,3015,1835,1,0.00071372837
Warm B,352570,2064,2063,3015,1835,1,0.0043621846
Warm B,329777,1945,1944,3015,1835,0,0.0034663216
Warm B,334388,1974,1973,3015,1835,0,0.015225112
Warm B,271602,1642,1641,3015,1835,0,0.0040598484
Warm B,280653,1685,1684,3015,1835,0,0.0036159842
Warm B,230030,1392,1391,3015,1835,0,0.009849992
Warm B,213215,1298,1297,3015,1835,1,0.013235558
Warm B,220247,1335,1334,3015,1835,0,0.0012658145
Warm B,200194,1229,1228,3015,1835,1,0.00446395
Warm B,209940,1284,1283,3015,1835,0,0.0038552606
Warm B,278485,1680,1679,3015,1835,1,0.009779061
Warm B,327461,1941,1940,3015,1835,1,0.018052652
Warm B,188492,1170,1169,3015,1835,1,0.0076853335
Warm B,177400,1119,1118,3015,1835,1,0.012492892
Warm B,159057,1017,1016,3015,1835,0,0.013334928
Warm B,270686,1639,1638,3015,1835,0,0.017547162
Warm B,199204,1224,1223,3015,1835,1,0.016791727
Warm B,314852,1880,1879,3015,1835,0,0.016687356
Warm B,262910,1605,1604,3015,1835,1,0.00010756287
Warm B,283777,1698,1697,3015,1835,0,0.008007746
Warm B,82638,549,548,3015,1835,1,0.025604863
Warm B,190264,1181,1180,3015,1835,0,0.013270657
Warm B,75344,512,511,3015,1835,1,-0.0045025186
Warm B,210479,1285,1284,3015,1835,1,0.010023329
Warm B,47165,319,318,3015,1835,0,0.010357648
Warm B,947468,5722,5721,3015,1835,1,0.0075899144
Warm B,22944,166,165,3015,1835,0,0.0064066397
Warm B,61689,415,414,3015,1835,1,0.01496761
Warm B,9065,62,61,3015,1835,1,0.010436358
Warm B,104072,692,691,3015,1835,0,0.004986557
Warm B,481561,2962,2961,3015,1835,0,0.014302794
Warm B,843765,5074,5073,3015,1835,0,0.005186797
Warm B,157652,1015,1014,3015,1835,1,0.014622317
Warm B,233815,1422,1421,3015,1835,0,0.012946803
Warm B,948931,5733,5732,3015,1835,0,0.007910836
Warm B,204376,1260,1259,3015,1835,1,0.010633757
Warm B,632839,3824,3823,3015,1835,0,0.017911676
Warm B,562356,3462,3461,3015,1835,1,0.010179764
Warm B,335365,1980,1979,3015,1835,1,0.015268857
Warm B,795407,4765,4764,3015,1835,0,0.01889463
Warm B,62447,424,423,3015,1835,1,0.015759064
Warm B,76255,518,517,3015,1835,1,0.01395075
Warm B,754555,4497,4496,3017,1837,0,0.016137667
Warm B,462980,2857,2856,3017,1837,0,0.012485939
Warm B,426352,2590,2589,3017,1837,0,0.007556063
Warm B,409437,2457,2456,3017,1837,0,0.013486909
Warm B,373727,2181,2180,3017,1837,0,0.013884874
Warm B,367290,2144,2143,3017,1837,0,0.00240778
Warm B,337618,1985,1984,3017,1837,0,0.012572274
Warm B,305722,1820,1819,3017,1837,0,0.010393293
Warm B,288188,1722,1721,3017,1837,0,0.006832889
Warm B,291077,1737,1736,3017,1837,0,0.008085259
Warm B,276743,1675,1674,3017,1837,0,0.014060729
Warm B,280400,1683,1682,3017,1837,0,0.006482843
Warm B,247458,1496,1495,3017,1837,0,0.01323801
Warm B,327464,1941,1940,3017,1837,0,0.0047272807
Warm B,307119,1835,1834,3017,1837,0,0.013706249
Warm B,173950,1101,1100,3017,1837,0,0.02052625
Warm B,159059,1017,1016,3017,1837,0,0.011227033
Warm B,150898,971,970,3017,1837,0,0.010449232
Warm B,133837,868,867,3017,1837,0,0.00775626
Warm B,133953,869,868,3017,1837,0,0.019848464
Warm B,130934,850,849,3017,1837,0,0.008117892
Warm B,125456,808,807,3017,1837,0,0.01454089
Warm B,123767,798,797,3017,1837,0,0.010872722
Warm B,210481,1285,1284,3017,1837,0,0.015234322
Warm B,351288,2063,2062,3017,1837,0,0.022407077
Warm B,92672,621,620,3017,1837,0,-0.0014411679
Warm B,75390,513,512,3017,1837,0,0.015092701
Warm B,57540,390,389,3017,1837,0,0.01565122
Warm B,53385,352,351,3017,1837,0,0.011903198
Warm B,41611,284,283,3017,1837,0,0.012317253
Warm B,41120,278,277,3017,1837,1,0.010317093
Warm B,238506,1448,1447,3017,1837,0,0.018941278
Warm B,14304,117,116,3017,1837,0,0.021931058
Warm B,2600,22,21,3017,1837,0,0.019397017
Warm B,206593,1266,1265,3017,1837,0,0.020757038
Warm B,551993,3401,3400,3017,1837,0,0.0044671632
Warm B,365628,2129,2128,3017,1837,0,0.012430885
Warm B,298920,1776,1775,3017,1837,0,0.009930898
Warm B,101851,678,677,3017,1837,0,0.017895622
Warm B,632841,3824,3823,3017,1837,0,0.01717923
Warm B,335367,1980,1979,3017,1837,0,0.02141154
Warm B,289899,1733,1732,3017,1837,0,0.02456432
Warm B,62449,424,423,3017,1837,0,0.022383858
Warm B,331251,1958,1957,3017,1837,0,0.015951881
Warm B,628079,3804,3803,3024,1842,0,-0.007188441
Warm B,637652,3841,3840,3024,1842,0,0.00829659
Warm B,623204,3771,3770,3024,1842,0,0.00790636
Warm B,620561,3760,3759,3024,1842,1,0.0038281628
Warm B,619405,3754,3753,3024,1842,0,-0.0053925
Warm B,621042,3762,3761,3024,1842,0,-5.0737755e-05
Warm B,725047,4344,4343,3024,1842,0,-0.0020943207
Warm B,595104,3621,3620,3024,1842,0,0.0036392638
Warm B,585467,3576,3575,3024,1842,0,-0.007855593
Warm B,577719,3528,3527,3024,1842,0,-0.0027028983
Warm B,574252,3516,3515,3024,1842,1,-0.013092933
Warm B,568909,3491,3490,3024,1842,1,-0.004542787
Warm B,657026,3961,3960,3024,1842,0,-0.0018939115
Warm B,542895,3341,3340,3024,1842,0,-0.0026968718
Warm B,520970,3216,3215,3024,1842,0,-0.0002094733
Warm B,517572,3195,3194,3024,1842,1,-0.0038247728
Warm B,565953,3476,3475,3024,1842,0,-0.006343675
Warm B,505507,3110,3109,3024,1842,0,-0.0030824638
Warm B,575063,3519,3518,3024,1842,0,0.0060656713
Warm B,695718,4169,4168,3024,1842,1,-0.005631103
Warm B,601523,3658,3657,3024,1842,0,0.0039690095
Warm B,473125,2909,2908,3024,1842,1,0.011777822
Warm B,462993,2857,2856,3024,1842,0,0.0049661943
Warm B,462194,2852,2851,3024,1842,1,-0.00011398317
Warm B,457593,2820,2819,3024,1842,0,-0.0046642385
Warm B,426359,2590,2589,3024,1842,0,-0.0021934167
Warm B,425570,2583,2582,3024,1842,0,-0.0032585121
Warm B,409445,2457,2456,3024,1842,0,-0.0066444
Warm B,388805,2279,2278,3024,1842,0,-0.0060613714
Warm B,381112,2228,2227,3024,1842,0,0.006037287
Warm B,370624,2167,2166,3024,1842,0,-0.0034865448
Warm B,366352,2132,2131,3024,1842,0,-0.0037429784
Warm B,361355,2109,2108,3024,1842,0,0.002888219
Warm B,324257,1922,1921,3024,1842,0,-0.0009781728
Warm B,325980,1930,1929,3024,1842,0,0.011324871
Warm B,310970,1852,1851,3024,1842,0,-0.009554006
Warm B,297260,1764,1763,3024,1842,0,-0.002178567
Warm B,295906,1757,1756,3024,1842,0,0.00058830297
Warm B,293062,1746,1745,3024,1842,1,-0.0002528011
Warm B,300112,1780,1779,3024,1842,0,0.0028532208
Warm B,288192,1722,1721,3024,1842,1,0.0035069822
Warm B,292068,1741,1740,3024,1842,0,-0.005599576
Warm B,278515,1680,1679,3024,1842,1,-0.00046732253
Warm B,261328,1598,1597,3024,1842,0,-0.0012512682
Warm B,247471,1496,1495,3024,1842,0,0.008008404
Warm B,236880,1440,1439,3024,1842,0,-0.0015521143
Warm B,245413,1483,1482,3024,1842,0,-0.0033483803
Warm B,224424,1357,1356,3024,1842,0,0.002733963
Warm B,221027,1340,1339,3024,1842,0,0.002632611
Warm B,216154,1312,1311,3024,1842,0,-0.0035004744
Warm B,272591,1647,1646,3024,1842,0,-0.0013445525
Warm B,538340,3313,3312,3024,1842,0,-0.0073574185
Warm B,294113,1749,1748,3024,1842,0,-0.00043930858
Warm B,196097,1206,1205,3024,1842,1,-0.004344285
Warm B,327480,1941,1940,3024,1842,0,0.0022988813
Warm B,175268,1112,1111,3024,1842,0,-0.006654935
Warm B,355400,2079,2078,3024,1842,1,-0.0011300412
Warm B,159067,1017,1016,3024,1842,0,0.005566143
Warm B,156466,1010,1009,3024,1842,0,-3.377709e-05
Warm B,436089,2665,2664,3024,1842,0,-0.004478383
Warm B,270694,1639,1638,3024,1842,0,-0.014322992
Warm B,142592,920,919,3024,1842,0,0.0017582064
Warm B,133961,869,868,3024,1842,0,-0.0019183324
Warm B,133128,859,858,3024,1842,1,0.00054315594
Warm B,132943,858,857,3024,1842,0,0.0069149416
Warm B,176359,1115,1114,3024,1842,0,-0.0061722756
Warm B,314868,1880,1879,3024,1842,0,-0.003349654
Warm B,113171,735,734,3024,1842,0,-0.0041468167
Warm B,130427,846,845,3024,1842,0,0.005735834
Warm B,99200,661,660,3024,1842,0,-0.0018177996
Warm B,351307,2063,2062,3024,1842,0,-0.004208602
Warm B,85995,563,562,3024,1842,0,-0.0058143362
Warm B,190291,1181,1180,3024,1842,0,-0.010032862
Warm B,75541,514,513,3024,1842,0,-0.0023869574
Warm B,66448,445,444,3024,1842,0,-0.005010413
Warm B,45148,305,304,3024,1842,0,0.0037066278
Warm B,41134,278,277,3024,1842,0,-0.0014310065
Warm B,98531,660,659,3024,1842,0,0.0011687465
Warm B,29567,202,201,3024,1842,0,-0.0051438166
Warm B,192634,1186,1185,3024,1842,1,0.0095996205
Warm B,14321,117,116,3024,1842,1,-0.004394157
Warm B,8317,58,57,3024,1842,0,-0.011220351
Warm B,552004,3401,3400,3024,1842,0,0.0052031567
Warm B,432502,2638,2637,3024,1842,0,0.0017590353
Warm B,234667,1425,1424,3024,1842,0,0.003070314
Warm B,289917,1733,1732,3024,1842,0,-1.6283419e-05
Warm B,27842,195,194,3024,1842,0,0.0033939676
Warm B,763736,4543,4542,3024,1842,0,-0.0038826072
Warm B,744639,4448,4447,3024,1842,0,-0.002474418
Warm B,115788,752,751,3024,1842,0,-0.009226051
Warm B,553662,3410,3409,3024,1842,0,-0.0012649813
Warm B,801253,4802,4801,3024,1842,1,0.0012667512
Warm B,879743,5317,5316,3024,1842,0,-0.0028516094
Warm B,310503,1851,1850,3024,1842,0,-0.0026634792
Warm B,621848,3768,3767,3024,1842,0,-0.00027634145
Warm B,362394,2114,2113,3024,1842,0,0.010527531
Warm B,136219,881,880,3024,1842,0,-0.0037111281
Warm B,62466,424,423,3024,1842,1,-0.00095457816
Warm B,322004,1912,1911,3024,1842,0,-0.005693464
Warm B,632858,3824,3823,3024,1842,0,-0.0021573238
Warm B,489097,3012,3011,3024,1842,0,-0.0006197692
Warm B,695719,4169,4168,3028,1843,1,0.005842275
Warm B,474574,2913,2912,3028,1843,0,0.006903599
Warm B,466556,2878,2877,3028,1843,1,-0.0013881238
Warm B,462438,2854,2853,3028,1843,1,0.0044959392
Warm B,455705,2807,2806,3028,1843,0,0.009138149
Warm B,447760,2761,2760,3028,1843,0,0.0068159727
Warm B,469783,2895,2894,3028,1843,1,-0.0031718528
Warm B,446655,2753,2752,3028,1843,0,0.0014828746
Warm B,445868,2750,2749,3028,1843,1,0.004062684
Warm B,426765,2592,2591,3028,1843,0,0.0017865715
Warm B,425899,2585,2584,3028,1843,0,0.006200894
Warm B,421447,2546,2545,3028,1843,0,0.0131070055
Warm B,419557,2537,2536,3028,1843,1,0.010295165
Warm B,418381,2529,2528,3028,1843,1,-0.00041203666
Warm B,463976,2860,2859,3028,1843,1,0.0015223688
Warm B,395725,2340,2339,3028,1843,1,-0.0038618895
Warm B,386917,2263,2262,3028,1843,0,0.0026733237
Warm B,382691,2237,2236,3028,1843,1,0.002508442
Warm B,381476,2231,2230,3028,1843,0,0.003366618
Warm B,377049,2203,2202,3028,1843,1,0.006070217
Warm B,356227,2088,2087,3028,1843,1,0.0031362255
Warm B,353855,2073,2072,3028,1843,0,-0.0027618187
Warm B,342123,2015,2014,3028,1843,1,0.0014475447
Warm B,278516,1680,1679,3028,1843,1,0.0023764833
Warm B,258852,1586,1585,3028,1843,1,0.0040269233
Warm B,436090,2665,2664,3028,1843,0,-0.0019216606
Warm B,230722,1396,1395,3028,1843,1,0.0048387893
Warm B,231530,1404,1403,3028,1843,0,-0.00492677
Warm B,357174,2092,2091,3028,1843,0,0.0051745367
Warm B,208175,1273,1272,3028,1843,1,0.0022590426
Warm B,199217,1224,1223,3028,1843,1,0.0005212993
Warm B,316067,1883,1882,3028,1843,0,0.009124357
Warm B,212360,1294,1293,3028,1843,1,0.0045025824
Warm B,182630,1140,1139,3028,1843,1,-0.0075309947
Warm B,345998,2030,2029,3028,1843,1,4.6351925e-06
Warm B,168808,1071,1070,3028,1843,1,-0.010911786
Warm B,167618,1068,1067,3028,1843,0,-0.0030945875
Warm B,271979,1645,1644,3028,1843,1,-0.0053526587
Warm B,190293,1181,1180,3028,1843,0,0.0044577634
Warm B,157672,1015,1014,3028,1843,1,-0.0018760143
Warm B,146770,948,947,3028,1843,1,0.002193331
Warm B,140119,899,898,3028,1843,1,-0.007895119
Warm B,712643,4277,4276,3028,1843,0,-0.0013482065
Warm B,137666,889,888,3028,1843,0,0.004099192
Warm B,135140,875,874,3028,1843,0,-0.0037477578
Warm B,314869,1880,1879,3028,1843,0,-0.004870592
Warm B,112203,731,730,3028,1843,1,0.0020393655
Warm B,106580,702,701,3028,1843,1,0.0060741855
Warm B,97659,655,654,3028,1843,1,-0.008978058
Warm B,339035,1998,1997,3028,1843,1,0.0035066407
Warm B,159734,1019,1018,3028,1843,0,0.0029427344
Warm B,83795,550,549,3028,1843,1,0.0028682572
Warm B,81416,543,542,3028,1843,1,-0.0010485994
Warm B,64902,436,435,3028,1843,1,0.008310817
Warm B,64719,434,433,3028,1843,1,0.0029608314
Warm B,51751,340,339,3028,1843,0,-0.0062010195
Warm B,25195,178,177,3028,1843,1,0.004537684
Warm B,19153,148,147,3028,1843,1,0.0073687113
Warm B,18005,139,138,3028,1843,0,0.004006039
Warm B,17377,136,135,3028,1843,0,0.0057619344
Warm B,13654,109,108,3028,1843,1,0.0076552317
Warm B,657349,3963,3962,3028,1843,1,-0.005848389
Warm B,6011,44,43,3028,1843,1,-0.0043195467
Warm B,4125,31,30,3028,1843,1,0.0019889204
Warm B,60468,411,410,3028,1843,1,-0.0016992646
Warm B,512521,3163,3162,3028,1843,1,0.003753045
Warm B,237543,1447,1446,3028,1843,0,-0.0004015318
Warm B,347811,2041,2040,3028,1843,0,0.01212995
Warm B,828495,4979,4978,3028,1843,1,-0.0030542775
Warm B,256025,1561,1560,3028,1843,0,-0.0047421744
Warm B,582723,3560,3559,3028,1843,1,-0.0049422914
Warm B,599000,3648,3647,3028,1843,0,-0.012235418
Warm B,141306,911,910,3028,1843,1,-0.00010833284
Warm B,820846,4934,4933,3028,1843,1,-0.0073255156
Warm B,319089,1897,1896,3028,1843,1,0.015386986
Warm B,821506,4940,4939,3028,1843,1,0.005359767
Warm B,966481,5831,5830,3028,1843,1,-0.002821879
Warm B,958726,5787,5786,3028,1843,0,-0.0011832258
Warm B,933278,5636,5635,3028,1843,0,0.0026915101
Warm B,663708,3999,3998,3029,1844,1,0.01432683
Warm B,680187,4078,4077,3029,1844,0,0.009379904
Warm B,651164,3929,3928,3029,1844,0,0.00968428
Warm B,648008,3902,3901,3029,1844,1,0.014206744
Warm B,648174,3903,3902,3029,1844,0,0.007815576
Warm B,636727,3836,3835,3029,1844,1,0.0032035694
Warm B,632859,3824,3823,3029,1844,0,0.018852051
Warm B,632187,3823,3822,3029,1844,1,0.0067177475
Warm B,630535,3815,3814,3029,1844,0,-0.0027914746
Warm B,628998,3808,3807,3029,1844,0,0.025527988
Warm B,637656,3841,3840,3029,1844,0,0.012206616
Warm B,623205,3771,3770,3029,1844,0,0.011960831
Warm B,725050,4344,4343,3029,1844,0,0.014312071
Warm B,596248,3626,3625,3029,1844,0,0.012053991
Warm B,587624,3589,3588,3029,1844,1,0.0212917
Warm B,585470,3576,3575,3029,1844,1,0.013259589
Warm B,593278,3618,3617,3029,1844,0,0.012955091
Warm B,548837,3389,3388,3029,1844,0,0.010663323
Warm B,645046,3885,3884,3029,1844,1,0.010909944
Warm B,567215,3483,3482,3029,1844,1,0.01555709
Warm B,539521,3319,3318,3029,1844,0,0.0050440636
Warm B,538800,3314,3313,3029,1844,1,0.0068951105
Warm B,536760,3311,3310,3029,1844,0,0.008233569
Warm B,534562,3300,3299,3029,1844,0,0.010852059
Warm B,530627,3279,3278,3029,1844,0,0.0048742415
Warm B,527993,3265,3264,3029,1844,0,0.0100698415
Warm B,522104,3224,3223,3029,1844,1,0.012670462
Warm B,508422,3129,3128,3029,1844,1,0.016251486
Warm B,501634,3081,3080,3029,1844,1,0.014852443
Warm B,493718,3032,3031,3029,1844,0,0.008952757
Warm B,491528,3024,3023,3029,1844,0,0.009340242
Warm B,490524,3018,3017,3029,1844,1,0.022419726
Warm B,486118,2994,2993,3029,1844,0,0.004036411
Warm B,599690,3650,3649,3029,1844,1,0.020187184
Warm B,695721,4169,4168,3029,1844,1,0.013499894
Warm B,473128,2909,2908,3029,1844,0,0.0108291395
Warm B,462995,2857,2856,3029,1844,0,0.008183741
Warm B,453427,2793,2792,3029,1844,1,0.015308992
Warm B,452384,2786,2785,3029,1844,0,0.007927016
Warm B,446264,2752,2751,3029,1844,0,0.02222599
Warm B,442995,2731,2730,3029,1844,0,0.011107725
Warm B,436092,2665,2664,3029,1844,0,0.015463775
Warm B,431323,2628,2627,3029,1844,1,0.013435397
Warm B,431533,2629,2628,3029,1844,1,0.005174928
Warm B,426360,2590,2589,3029,1844,0,0.012834102
Warm B,425572,2583,2582,3029,1844,0,0.0035033294
Warm B,415190,2500,2499,3029,1844,1,0.0006872937
Warm B,410605,2463,2462,3029,1844,0,0.0069820643
Warm B,449256,2771,2770,3029,1844,0,0.012140358
Warm B,402113,2402,2401,3029,1844,1,0.012803225
Warm B,388807,2279,2278,3029,1844,0,0.008149062
Warm B,387453,2265,2264,3029,1844,1,0.016234271
Warm B,382692,2237,2236,3029,1844,1,0.007723724
Warm B,377050,2203,2202,3029,1844,1,0.008762527
Warm B,369734,2164,2163,3029,1844,1,0.01143081
Warm B,394121,2323,2322,3029,1844,0,0.00921865
Warm B,356970,2091,2090,3029,1844,1,0.0047828453
Warm B,355401,2079,2078,3029,1844,0,0.009039376
Warm B,337622,1985,1984,3029,1844,0,-0.00054612453
Warm B,336828,1983,1982,3029,1844,0,0.015100046
Warm B,329936,1947,1946,3029,1844,0,0.020487966
Warm B,313694,1873,1872,3029,1844,0,0.008497468
Warm B,313383,1870,1869,3029,1844,0,0.012370085
Warm B,298282,1768,1767,3029,1844,0,0.004638313
Warm B,297262,1764,1763,3029,1844,1,0.019729136
Warm B,289137,1727,1726,3029,1844,1,0.015218669
Warm B,291085,1737,1736,3029,1844,0,0.011872537
Warm B,293523,1748,1747,3029,1844,1,0.007906815
Warm B,292070,1741,1740,3029,1844,0,0.014745535
Warm B,288738,1726,1725,3029,1844,0,0.02392307
Warm B,278518,1680,1679,3029,1844,1,0.005967518
Warm B,268726,1632,1631,3029,1844,0,0.01981308
Warm B,332337,1961,1960,3029,1844,0,-0.0007529715
Warm B,259972,1591,1590,3029,1844,1,0.0053097615
Warm B,248036,1497,1496,3029,1844,0,0.015241768
Warm B,350619,2059,2058,3029,1844,0,0.017621327
Warm B,283071,1696,1695,3029,1844,0,0.01591771
Warm B,356745,2090,2089,3029,1844,1,0.015903557
Warm B,226924,1377,1376,3029,1844,0,0.021234896
Warm B,230034,1392,1391,3029,1844,0,0.010697508
Warm B,270695,1639,1638,3029,1844,1,0.012986333
Warm B,323592,1920,1919,3029,1844,0,0.012577163
Warm B,219662,1333,1332,3029,1844,1,0.008294788
Warm B,220637,1338,1337,3029,1844,1,0.006705379
Warm B,214224,1301,1300,3029,1844,1,0.008440622
Warm B,267083,1624,1623,3029,1844,0,0.0072106263
Warm B,190294,1181,1180,3029,1844,0,0.016147405
Warm B,307132,1835,1834,3029,1844,1,0.013179551
Warm B,179946,1127,1126,3029,1844,0,0.008065654
Warm B,204384,1260,1259,3029,1844,1,0.013136824
Warm B,165098,1053,1052,3029,1844,1,0.0028651196
Warm B,163232,1044,1043,3029,1844,0,0.012393352
Warm B,162442,1035,1034,3029,1844,0,0.004800408
Warm B,159070,1017,1016,3029,1844,0,0.013349926
Warm B,275354,1667,1666,3029,1844,1,0.01471619
Warm B,151364,974,973,3029,1844,0,0.0038605882
Warm B,146772,948,947,3029,1844,1,4.0278304e-05
Warm B,144019,929,928,3029,1844,0,0.017026326
Warm B,156468,1010,1009,3029,1844,0,0.019839732
Warm B,712645,4277,4276,3029,1844,0,0.016068408
Warm B,137668,889,888,3029,1844,0,0.015792325
Warm B,133513,863,862,3029,1844,0,0.0062186224
Warm B,154700,999,998,3029,1844,0,0.02148059
Warm B,314871,1880,1879,3029,1844,0,0.017951585
Warm B,126440,817,816,3029,1844,0,0.018182091
Warm B,147270,949,948,3029,1844,1,0.0142526645
Warm B,124693,802,801,3029,1844,1,0.014668284
Warm B,124390,801,800,3029,1844,1,0.0058013224
Warm B,210498,1285,1284,3029,1844,1,0.012678722
Warm B,112812,732,731,3029,1844,1,0.014080675
Warm B,239582,1449,1448,3029,1844,0,0.012854721
Warm B,106581,702,701,3029,1844,1,0.0091906935
Warm B,479952,2946,2945,3029,1844,0,-0.004262343
Warm B,150362,970,969,3029,1844,0,0.014358216
Warm B,82655,549,548,3029,1844,0,0.008024532
Warm B,80646,536,535,3029,1844,0,0.012306858
Warm B,81418,543,542,3029,1844,1,0.01716381
Warm B,71018,477,476,3029,1844,0,0.010025436
Warm B,40975,275,274,3029,1844,0,0.010685354
Warm B,36180,245,244,3029,1844,0,0.0063305404
Warm B,31731,216,215,3029,1844,0,0.01566847
Warm B,19156,148,147,3029,1844,1,0.018849889
Warm B,14325,117,116,3029,1844,0,0.010002505
Warm B,15342,123,122,3029,1844,0,0.012203097
Warm B,13383,105,104,3029,1844,1,0.005550836
Warm B,552007,3401,3400,3029,1844,0,0.014799943
Warm B,687943,4116,4115,3029,1844,1,0.008883206
Warm B,62469,424,423,3029,1844,1,0.010553949
Warm B,327483,1941,1940,3029,1844,0,0.012126215
Warm B,531918,3285,3284,3029,1844,1,0.009699892
Warm B,643483,3878,3877,3036,1850,1,0.003709276
Warm B,632877,3824,3823,3036,1850,1,-0.003216723
Warm B,629013,3808,3807,3036,1850,0,0.011101099
Warm B,637672,3841,3840,3036,1850,1,0.007921321
Warm B,625391,3780,3779,3036,1850,1,0.010071581
Warm B,612203,3712,3711,3036,1850,0,0.015669027
Warm B,610807,3705,3704,3036,1850,1,0.018200092
Warm B,598036,3641,3640,3036,1850,1,0.007889802
Warm B,596258,3626,3625,3036,1850,0,0.0037702073
Warm B,583159,3562,3561,3036,1850,0,0.009462055
Warm B,580769,3547,3546,3036,1850,0,0.0043281764
Warm B,744653,4448,4447,3036,1850,1,0.012605
Warm B,568917,3491,3490,3036,1850,0,0.02455489
Warm B,563557,3469,3468,3036,1850,0,0.0064628352
Warm B,549672,3391,3390,3036,1850,0,0.0077521703
Warm B,547788,3380,3379,3036,1850,0,0.011984962
Warm B,542897,3341,3340,3036,1850,1,0.01729935
Warm B,536771,3311,3310,3036,1850,0,0.011023555
Warm B,638853,3842,3841,3036,1850,0,0.0026382143
Warm B,535734,3308,3307,3036,1850,0,0.01557258
Warm B,530775,3280,3279,3036,1850,0,0.013977261
Warm B,565970,3476,3475,3036,1850,1,0.00601838
Warm B,513423,3167,3166,3036,1850,1,0.008340672
Warm B,816015,4899,4898,3036,1850,0,0.0125265485
Warm B,505514,3110,3109,3036,1850,0,0.0072647193
Warm B,504976,3108,3107,3036,1850,1,0.006142794
Warm B,483899,2976,2975,3036,1850,1,0.011387359
Warm B,695733,4169,4168,3036,1850,0,0.009203688
Warm B,469529,2892,2891,3036,1850,0,-0.006983934
Warm B,469150,2889,2888,3036,1850,1,-0.003264628
Warm B,468213,2887,2886,3036,1850,0,0.0051676296
Warm B,453435,2793,2792,3036,1850,0,0.013449527
Warm B,447770,2761,2760,3036,1850,1,0.007585673
Warm B,564115,3471,3470,3036,1850,0,0.014323943
Warm B,433468,2643,2642,3036,1850,1,0.0135448575
Warm B,433072,2641,2640,3036,1850,1,0.0112114325
Warm B,430393,2624,2623,3036,1850,0,0.014569342
Warm B,415443,2503,2502,3036,1850,1,0.009368105
Warm B,409068,2456,2455,3036,1850,1,0.0064816065
Warm B,402122,2402,2401,3036,1850,1,0.014049452
Warm B,397822,2360,2359,3036,1850,1,-0.0019881704
Warm B,388814,2279,2278,3036,1850,0,0.0048680855
Warm B,377058,2203,2202,3036,1850,1,0.019033337
Warm B,356235,2088,2087,3036,1850,1,0.0037387058
Warm B,327106,1939,1938,3036,1850,0,-0.008006916
Warm B,318273,1891,1890,3036,1850,1,0.0070196223
Warm B,316556,1884,1883,3036,1850,1,0.015258933
Warm B,290854,1736,1735,3036,1850,0,-0.00065932574
Warm B,274739,1661,1660,3036,1850,1,-0.005018058
Warm B,289148,1727,1726,3036,1850,1,0.0052506914
Warm B,275997,1671,1670,3036,1850,1,0.009699291
Warm B,278541,1680,1679,3036,1850,1,0.021372711
Warm B,268742,1632,1631,3036,1850,0,0.01610261
Warm B,242564,1465,1464,3036,1850,0,0.011594629
Warm B,224609,1358,1357,3036,1850,0,0.0038408895
Warm B,221038,1340,1339,3036,1850,0,0.0150023345
Warm B,218504,1325,1324,3036,1850,1,0.015059279
Warm B,262078,1600,1599,3036,1850,0,-0.003546522
Warm B,217662,1321,1320,3036,1850,0,0.012425513
Warm B,214615,1303,1302,3036,1850,1,0.0047877375
Warm B,236662,1437,1436,3036,1850,1,0.007284671
Warm B,189670,1176,1175,3036,1850,1,0.020026598
Warm B,194657,1202,1201,3036,1850,0,0.00765811
Warm B,168811,1071,1070,3036,1850,1,0.018563118
Warm B,157690,1015,1014,3036,1850,0,0.00970027
Warm B,152659,983,982,3036,1850,1,-0.009410103
Warm B,839139,5046,5045,3036,1850,1,0.01704354
Warm B,151452,975,974,3036,1850,0,0.015931077
Warm B,143792,928,927,3036,1850,0,0.010546264
Warm B,156482,1010,1009,3036,1850,0,0.0029067586
Warm B,199228,1224,1223,3036,1850,1,0.021494055
Warm B,130950,850,849,3036,1850,0,-0.00013701338
Warm B,127615,824,823,3036,1850,0,0.00938683
Warm B,115243,749,748,3036,1850,0,-0.003940002
Warm B,118213,765,764,3036,1850,0,0.009863408
Warm B,98541,660,659,3036,1850,0,0.0011485503
Warm B,96863,651,650,3036,1850,1,0.015013746
Warm B,94807,637,636,3036,1850,0,0.0067441408
Warm B,94081,631,630,3036,1850,1,0.0089085875
Warm B,92101,613,612,3036,1850,0,0.0048995037
Warm B,240915,1451,1450,3036,1850,1,0.008101313
Warm B,151158,973,972,3036,1850,0,0.013428081
Warm B,283816,1698,1697,3036,1850,0,0.0066660624
Warm B,190315,1181,1180,3036,1850,0,0.0075857188
Warm B,170733,1087,1086,3036,1850,0,0.0022356464
Warm B,76960,523,522,3036,1850,0,0.008607803
Warm B,73593,499,498,3036,1850,0,0.0068060006
Warm B,259916,1590,1589,3036,1850,0,0.009327814
Warm B,71724,482,481,3036,1850,1,0.011579674
Warm B,53433,352,351,3036,1850,1,0.008655777
Warm B,51077,337,336,3036,1850,1,0.0119219115
Warm B,50823,335,334,3036,1850,0,0.0018862744
Warm B,49136,329,328,3036,1850,0,0.0093485955
Warm B,34571,235,234,3036,1850,0,0.012022214
Warm B,36205,245,244,3036,1850,0,0.017807454
Warm B,25143,177,176,3036,1850,1,0.007693569
Warm B,21413,157,156,3036,1850,1,0.020591691
Warm B,14338,117,116,3036,1850,0,0.012721043
Warm B,1389,13,12,3036,1850,0,0.006774948
Warm B,233842,1422,1421,3036,1850,0,0.020783462
Warm B,686397,4107,4106,3036,1850,1,0.00502266
Warm B,432510,2638,2637,3036,1850,0,0.0074481303
Warm B,385945,2258,2257,3036,1850,0,0.0075087254
Warm B,288391,1723,1722,3036,1850,0,0.005533591
Warm B,621862,3768,3767,3036,1850,0,0.020861363
Warm B,327509,1941,1940,3036,1850,0,0.017136218
Warm B,958735,5787,5786,3036,1850,1,0.0078348555
Warm B,229525,1390,1389,3036,1850,0,0.013379618
Warm B,24188,173,172,3036,1850,0,0.0015404839
Warm B,657361,3963,3962,3036,1850,1,0.007761198
Warm B,587634,3589,3588,3036,1850,0,0.018230408
Warm B,62489,424,423,3036,1850,1,0.020211417
Warm B,216753,1317,1316,3036,1850,1,0.010285756
Warm B,763742,4543,4542,3036,1850,1,0.015961092
Warm B,184793,1150,1149,3038,1852,0,0.009898182
Warm B,318862,1896,1895,3038,1852,1,-0.004266693
Warm B,134951,873,872,3038,1852,1,-0.005348205
Warm B,267088,1624,1623,3038,1852,1,0.0047787367
Warm B,48761,327,326,3038,1852,1,0.0013072398
Warm B,66948,451,450,3038,1852,1,-0.004274618
Warm B,46718,314,313,3038,1852,1,0.0035126726
Warm B,316559,1884,1883,3038,1852,1,0.008441158
Warm B,192640,1186,1185,3038,1852,1,-0.00019168982
Warm B,523800,3229,3228,3038,1852,0,0.0041652303
Warm B,357193,2092,2091,3038,1852,1,0.008623536
Warm B,322022,1912,1911,3038,1852,0,0.0053217937
Warm B,293533,1748,1747,3038,1852,1,-0.0006605106
Warm B,24189,173,172,3038,1852,1,0.0055419207
Warm B,351348,2063,2062,3041,1855,0,0.012303481
Warm B,82695,549,548,3041,1855,0,0.0034979668
Warm B,77149,524,523,3041,1855,0,0.0060097277
Warm B,70350,475,474,3041,1855,0,-0.00015799189
Warm B,31784,216,215,3041,1855,0,0.010651978
Warm B,239629,1449,1448,3041,1855,0,0.00904295
Warm B,25072,176,175,3041,1855,0,0.0036627885
Warm B,238542,1448,1447,3041,1855,0,0.003875324
Warm B,269677,1635,1634,3041,1855,0,0.0023269518
Warm B,432515,2638,2637,3041,1855,0,-0.0029000368
Warm B,828521,4979,4978,3041,1855,0,0.0081185065
Warm B,495116,3038,3037,3041,1855,0,0.008383511
Warm B,699550,4186,4185,3041,1855,0,-0.0037538428
Warm B,954178,5761,5760,3042,1856,0,0.0028074197
Warm B,828522,4979,4978,3042,1856,0,0.020975785
Warm B,719879,4312,4311,3042,1856,0,0.009140296
Warm B,549694,3391,3390,3042,1856,0,0.019125555
Warm B,327542,1941,1940,3042,1856,0,0.023435503
Warm B,446685,2753,2752,3045,1858,0,0.004799711
Warm B,443678,2737,2736,3045,1858,1,0.012521276
Warm B,416320,2507,2506,3045,1858,0,0.012617291
Warm B,409080,2456,2455,3045,1858,0,0.0068030646
Warm B,400220,2383,2382,3045,1858,0,0.011531426
Warm B,395746,2340,2339,3045,1858,1,0.0009584917
Warm B,393831,2320,2319,3045,1858,0,0.00080811663
Warm B,392675,2305,2304,3045,1858,0,0.0027248326
Warm B,382702,2237,2236,3045,1858,0,0.0068525653
Warm B,364543,2124,2123,3045,1858,0,0.01652209
Warm B,318597,1894,1893,3045,1858,0,0.005143108
Warm B,287050,1714,1713,3045,1858,0,0.00803283
Warm B,262090,1600,1599,3045,1858,0,0.0047556977
Warm B,259271,1587,1586,3045,1858,0,0.0037802444
Warm B,253848,1544,1543,3045,1858,0,0.010374322
Warm B,357212,2092,2091,3045,1858,0,0.019123057
Warm B,335430,1980,1979,3045,1858,0,0.020377303
Warm B,276017,1671,1670,3045,1858,0,0.012167657
Warm B,278576,1680,1679,3045,1858,1,0.012643948
Warm B,184817,1150,1149,3045,1858,0,0.0140155945
Warm B,201329,1242,1241,3045,1858,0,0.0039919275
Warm B,173479,1100,1099,3045,1858,0,0.009299537
Warm B,262961,1605,1604,3045,1858,1,0.011430787
Warm B,168208,1069,1068,3045,1858,0,0.011982126
Warm B,327545,1941,1940,3045,1858,1,0.012028936
Warm B,334417,1974,1973,3045,1858,0,0.01152339
Warm B,272002,1645,1644,3045,1858,1,0.0024322495
Warm B,324278,1922,1921,3045,1858,1,0.011913439
Warm B,130964,850,849,3045,1858,0,0.0008540454
Warm B,159772,1019,1018,3045,1858,0,0.019749112
Warm B,115814,752,751,3045,1858,1,0.015883246
Warm B,100721,673,672,3045,1858,1,0.004316129
Warm B,97674,655,654,3045,1858,1,0.014301506
Warm B,86446,566,565,3045,1858,0,0.010729369
Warm B,82699,549,548,3045,1858,0,0.0008704732
Warm B,83840,550,549,3045,1858,0,0.010489778
Warm B,53457,352,351,3045,1858,0,0.014505185
Warm B,132237,855,854,3045,1858,0,0.0030137605
Warm B,45159,305,304,3045,1858,1,0.003973932
Warm B,238546,1448,1447,3045,1858,1,0.008118558
Warm B,695756,4169,4168,3045,1858,1,0.02556726
Warm B,26265,187,186,3045,1858,1,0.00808002
Warm B,10599,76,75,3045,1858,1,0.0061084367
Warm B,49163,329,328,3045,1858,0,0.007896572
Warm B,7503,53,52,3045,1858,1,-0.0011535969
Warm B,6271,45,44,3045,1858,0,-0.00038614403
Warm B,347842,2041,2040,3045,1858,0,0.014592133
Warm B,157720,1015,1014,3045,1858,0,0.00230444
Warm B,892782,5394,5393,3045,1858,0,0.010754542
Warm B,828524,4979,4978,3045,1858,0,0.006529397
Warm B,101905,678,677,3045,1858,1,0.017564107
Warm B,201923,1243,1242,3045,1858,0,0.017024111
Warm B,195195,1203,1202,3045,1858,0,0.01160858
Warm B,878866,5312,5311,3045,1858,1,0.017638922
Warm B,992854,5998,5997,3045,1858,0,0.009188298
Warm B,388017,2271,2270,3045,1858,0,0.013464466
Warm B,285120,1701,1700,3045,1858,1,0.011920054
Warm B,857789,5156,5155,3045,1858,1,0.0055346293
Warm B,202291,1244,1243,3046,1859,0,0.008451316
Warm B,225972,1369,1368,3046,1859,1,0.0005448434
Warm B,161259,1029,1028,3046,1859,1,0.0014145948
Warm B,151461,975,974,3046,1859,1,0.0048419917
Warm B,184820,1150,1149,3046,1859,0,0.0022537452
Warm B,137719,889,888,3046,1859,0,0.0021556914
Warm B,407131,2446,2445,3046,1859,1,0.008780978
Warm B,124404,801,800,3046,1859,1,0.008370846
Warm B,123666,797,796,3046,1859,1,0.0031900858
Warm B,111480,726,725,3046,1859,1,-0.002309849
Warm B,112234,731,730,3046,1859,1,0.008057542
Warm B,228746,1386,1385,3046,1859,1,0.0012046926
Warm B,87173,570,569,3046,1859,0,-0.006656725
Warm B,319118,1897,1896,3046,1859,0,0.012293112
Warm B,74562,509,508,3046,1859,0,0.015973346
Warm B,41411,281,280,3046,1859,0,0.009312227
Warm B,31469,214,213,3046,1859,1,0.015581935
Warm B,17406,136,135,3046,1859,0,0.008445774
Warm B,393,5,4,3046,1859,0,-0.0019891055
Warm B,49166,329,328,3046,1859,0,0.013540207
Warm B,753206,4489,4488,3046,1859,1,0.007802419
Warm B,859995,5172,5171,3046,1859,1,-2.5550486e-05
Warm B,497053,3054,3053,3046,1859,0,0.004887059
Warm B,329105,1943,1942,3046,1859,0,0.009898936
Warm B,195197,1203,1202,3046,1859,1,-0.0018128655
Warm B,272004,1645,1644,3048,1860,1,0.007892215
Warm B,233868,1422,1421,3048,1860,0,0.0043553724
Warm B,79973,533,532,3048,1860,0,0.0015003667
Warm B,62523,424,423,3048,1860,0,0.010762297
Warm B,36233,245,244,3048,1860,0,-0.0042890273
Warm B,31795,216,215,3048,1860,0,0.004965863
Warm B,269679,1635,1634,3048,1860,0,0.0099205505
Warm B,65905,442,441,3048,1860,1,-0.0058695227
Warm B,101909,678,677,3048,1860,0,-0.003468537
Warm B,335435,1980,1979,3048,1860,0,0.006504962
Warm B,699552,4186,4185,3048,1860,0,0.008927564
Warm B,639847,3847,3846,3051,1861,0,0.01425546
Warm B,634613,3829,3828,3051,1861,0,0.009821849
Warm B,597846,3639,3638,3051,1861,0,0.009718431
Warm B,593330,3618,3617,3051,1861,0,0.012018222
Warm B,592803,3614,3613,3051,1861,0,0.016423212
Warm B,575094,3519,3518,3051,1861,0,0.020000663
Warm B,541191,3329,3328,3051,1861,0,0.0073387166
Warm B,522166,3224,3223,3051,1861,1,0.01323022
Warm B,574589,3518,3517,3051,1861,1,0.017122809
Warm B,462463,2854,2853,3051,1861,0,0.008708091
Warm B,456313,2810,2809,3051,1861,0,0.013583079
Warm B,455052,2801,2800,3051,1861,0,0.005536738
Warm B,432416,2637,2636,3051,1861,1,0.009518773
Warm B,431789,2630,2629,3051,1861,1,0.011867486
Warm B,413130,2485,2484,3051,1861,0,0.008887973
Warm B,466600,2878,2877,3051,1861,1,0.015148552
Warm B,404358,2419,2418,3051,1861,0,0.017274532
Warm B,380107,2223,2222,3051,1861,0,0.015685383
Warm B,376681,2199,2198,3051,1861,0,0.009347841
Warm B,365645,2129,2128,3051,1861,0,0.01029803
Warm B,349199,2050,2049,3051,1861,0,0.008680347
Warm B,345594,2027,2026,3051,1861,1,0.0047946675
Warm B,332461,1962,1961,3051,1861,0,0.007750476
Warm B,332958,1963,1962,3051,1861,1,0.0035307328
Warm B,299418,1778,1777,3051,1861,0,0.015290707
Warm B,298504,1770,1769,3051,1861,0,0.022122517
Warm B,278591,1680,1679,3051,1861,0,0.025060527
Warm B,278322,1679,1678,3051,1861,0,0.016299283
Warm B,277385,1676,1675,3051,1861,0,0.016607217
Warm B,267409,1625,1624,3051,1861,0,0.0074203406
Warm B,264316,1608,1607,3051,1861,0,0.008856188
Warm B,256224,1563,1562,3051,1861,0,0.014734467
Warm B,631319,3821,3820,3051,1861,0,0.016871221
Warm B,236584,1436,1435,3051,1861,1,0.005714274
Warm B,240943,1451,1450,3051,1861,1,0.018905632
Warm B,225529,1366,1365,3051,1861,0,0.010792863
Warm B,224838,1359,1358,3051,1861,1,0.009657933
Warm B,209329,1279,1278,3051,1861,0,0.005828541
Warm B,189230,1173,1172,3051,1861,0,0.008637628
Warm B,186452,1153,1152,3051,1861,1,-0.0047333455
Warm B,183046,1141,1140,3051,1861,0,0.014569942
Warm B,191749,1182,1181,3051,1861,0,0.0067891493
Warm B,175136,1110,1109,3051,1861,1,-0.0061552376
Warm B,169068,1073,1072,3051,1861,0,0.009981431
Warm B,485492,2988,2987,3051,1861,0,0.009434829
Warm B,175300,1112,1111,3051,1861,0,0.021778964
Warm B,270374,1636,1635,3051,1861,0,0.010158753
Warm B,160814,1022,1021,3051,1861,0,0.007921293
Warm B,155207,1001,1000,3051,1861,0,0.022578008
Warm B,246162,1489,1488,3051,1861,0,0.016899522
Warm B,151469,975,974,3051,1861,0,0.014266666
Warm B,150381,970,969,3051,1861,0,0.017572276
Warm B,146329,941,940,3051,1861,0,0.008013953
Warm B,128896,838,837,3051,1861,1,0.01331075
Warm B,181839,1137,1136,3051,1861,0,0.014173845
Warm B,127994,828,827,3051,1861,0,0.009232735
Warm B,115824,752,751,3051,1861,0,0.018275198
Warm B,216362,1314,1313,3051,1861,0,0.004219348
Warm B,105839,699,698,3051,1861,0,0.017880773
Warm B,114200,743,742,3051,1861,0,0.014825426
Warm B,98228,657,656,3051,1861,0,0.005036484
Warm B,64136,429,428,3051,1861,0,0.013145978
Warm B,44261,302,301,3051,1861,0,0.027545463
Warm B,659031,3971,3970,3051,1861,1,0.02401401
Warm B,113680,737,736,3051,1861,0,0.01777098
Warm B,30189,203,202,3051,1861,0,0.013100265
Warm B,29392,200,199,3051,1861,1,0.012197415
Warm B,291110,1737,1736,3051,1861,0,0.019729404
Warm B,16922,133,132,3051,1861,0,0.0015823427
Warm B,422,5,4,3051,1861,0,0.015194466
Warm B,223290,1354,1353,3051,1861,1,0.015514339
Warm B,6649,48,47,3051,1861,0,0.01500253
Warm B,238557,1448,1447,3051,1861,0,0.008866244
Warm B,79093,531,530,3051,1861,0,0.008109622
Warm B,15400,123,122,3051,1861,1,0.014761452
Warm B,888509,5367,5366,3051,1861,0,0.009772896
Warm B,331286,1958,1957,3051,1861,0,0.015414973
Warm B,537714,3312,3311,3051,1861,1,0.008264272
Warm B,365434,2127,2126,3051,1861,0,0.0047624162
Warm B,797278,4781,4780,3051,1861,0,0.008515416
Warm B,88283,583,582,3051,1861,1,0.0129974615
Warm B,695775,4169,4168,3051,1861,0,0.024745744
Warm B,360449,2106,2105,3051,1861,0,0.0072260024
Warm B,99796,667,666,3051,1861,1,0.004920425
Warm B,882792,5333,5332,3051,1861,0,0.018787697
Warm B,561437,3454,3453,3051,1861,1,0.008703234
Warm B,599016,3648,3647,3051,1861,0,0.014304106
Warm B,187480,1164,1163,3051,1861,0,0.006990878
Warm B,461978,2849,2848,3051,1861,0,0.0086589195
Warm B,484783,2986,2985,3051,1861,0,0.022309884
Warm B,476221,2926,2925,3051,1861,0,6.13234e-05
Warm B,322053,1912,1911,3051,1861,0,0.01116956
Warm B,768576,4579,4578,3051,1861,0,0.018163979
Warm B,434892,2655,2654,3051,1861,0,0.007829623
Warm B,206240,1265,1264,3051,1861,0,0.0048421966
Warm B,171234,1088,1087,3051,1861,1,0.015836064
Warm B,534931,3301,3300,3051,1861,0,0.00529612
Warm B,234711,1425,1424,3051,1861,1,0.018474966
Warm B,262976,1605,1604,3051,1861,0,0.010337845
Warm B,877370,5302,5301,3051,1861,0,0.003506613
Warm B,974200,5878,5877,3051,1861,1,0.009931281
Warm B,588325,3590,3589,3054,1864,0,0.0006095879
Warm B,585510,3576,3575,3054,1864,0,0.0030987642
Warm B,758335,4510,4509,3054,1864,1,0.0044790516
Warm B,573404,3512,3511,3054,1864,0,-0.002676381
Warm B,552054,3401,3400,3054,1864,0,0.008425875
Warm B,551592,3399,3398,3054,1864,0,0.0074790064
Warm B,487546,2999,2998,3054,1864,0,-0.008432984
Warm B,469162,2889,2888,3054,1864,0,0.0015079873
Warm B,486877,2996,2995,3054,1864,0,-0.0003141386
Warm B,445496,2748,2747,3054,1864,0,0.0014158358
Warm B,429985,2621,2620,3054,1864,0,0.0117402375
Warm B,409471,2457,2456,3054,1864,0,0.004460167
Warm B,418430,2529,2528,3054,1864,0,0.003247971
Warm B,383576,2242,2241,3054,1864,1,0.00336023
Warm B,373314,2180,2179,3054,1864,0,-0.0002582767
Warm B,353900,2073,2072,3054,1864,0,0.010702256
Warm B,345755,2029,2028,3054,1864,0,0.00074292254
Warm B,341389,2012,2011,3054,1864,1,0.0014183698
Warm B,310405,1850,1849,3054,1864,0,-0.005391473
Warm B,281505,1688,1687,3054,1864,0,0.0041866954
Warm B,276623,1673,1672,3054,1864,1,-0.0036804737
Warm B,277388,1676,1675,3054,1864,0,0.010907808
Warm B,269686,1635,1634,3054,1864,0,0.004539472
Warm B,247278,1495,1494,3054,1864,0,-0.0052694287
Warm B,216167,1312,1311,3054,1864,1,-0.002618068
Warm B,591710,3610,3609,3054,1864,0,0.0127791045
Warm B,250294,1509,1508,3054,1864,0,0.005625182
Warm B,293084,1746,1745,3054,1864,0,0.0011686133
Warm B,327564,1941,1940,3054,1864,0,0.010850939
Warm B,331288,1958,1957,3054,1864,0,0.01660161
Warm B,177880,1120,1119,3054,1864,0,0.002234086
Warm B,225978,1369,1368,3054,1864,0,-0.0017870731
Warm B,221997,1343,1342,3054,1864,0,-0.0049626213
Warm B,380108,2223,2222,3054,1864,0,0.0043096673
Warm B,133755,866,865,3054,1864,0,-0.0026550894
Warm B,133997,869,868,3054,1864,0,0.00015622494
Warm B,125405,807,806,3054,1864,0,-0.0056114695
Warm B,124159,800,799,3054,1864,1,-0.0063584615
Warm B,120967,780,779,3054,1864,0,0.007321938
Warm B,139110,890,889,3054,1864,1,0.0014220595
Warm B,126250,816,815,3054,1864,0,0.012332561
Warm B,107137,705,704,3054,1864,0,0.003563599
Warm B,102922,681,680,3054,1864,0,0.0028962004
Warm B,100031,669,668,3054,1864,1,0.000993993
Warm B,94824,637,636,3054,1864,0,0.0070702466
Warm B,87175,570,569,3054,1864,0,0.0037139426
Warm B,86012,563,562,3054,1864,0,0.0027817555
Warm B,75234,510,509,3054,1864,1,0.009828834
Warm B,86452,566,565,3054,1864,0,0.0022605604
Warm B,72746,490,489,3054,1864,0,-0.0005965899
Warm B,73220,495,494,3054,1864,0,0.011005574
Warm B,64522,431,430,3054,1864,0,-0.0009188844
Warm B,46389,310,309,3054,1864,0,0.0031695268
Warm B,41673,284,283,3054,1864,0,6.801402e-05
Warm B,55494,368,367,3054,1864,0,0.0018642449
Warm B,291112,1737,1736,3054,1864,0,0.0022104846
Warm B,26115,186,185,3054,1864,0,0.015602476
Warm B,14372,117,116,3054,1864,0,0.0004536272
Warm B,12246,93,92,3054,1864,0,0.003056982
Warm B,10460,75,74,3054,1864,0,0.001971579
Warm B,233872,1422,1421,3054,1864,0,0.006887214
Warm B,354676,2077,2076,3054,1864,0,-0.0026983176
Warm B,18581,146,145,3054,1864,0,0.0015319153
Warm B,56022,372,371,3054,1864,1,-0.0048196204
Warm B,358183,2097,2096,3054,1864,0,0.0056180963
Warm B,286387,1710,1709,3054,1864,0,-0.0013446683
Warm B,934582,5643,5642,3054,1864,0,0.009789702
Warm B,264912,1611,1610,3054,1864,0,0.0033109274
Warm B,101918,678,677,3054,1864,1,0.01021001
Warm B,351365,2063,2062,3054,1864,0,-0.007672578
Warm B,335130,1978,1977,3054,1864,0,0.010604489
Warm B,907557,5492,5491,3054,1864,0,0.003064439
Warm B,27915,195,194,3054,1864,1,-0.0005745669
Warm B,795434,4765,4764,3054,1864,0,0.0067566717
Warm B,136252,881,880,3054,1864,0,0.0026838323
Warm B,342168,2015,2014,3054,1864,0,-8.5716136e-05
Warm B,631321,3821,3820,3055,1865,0,0.0053219697
Warm B,115827,752,751,3055,1865,1,0.005492832
Warm B,712692,4277,4276,3055,1865,1,0.0098436065
Warm B,155209,1001,1000,3055,1865,1,0.003745675
Warm B,39747,270,269,3055,1865,1,0.0031104484
Warm B,33338,225,224,3055,1865,0,0.014855906
Warm B,19824,149,148,3055,1865,1,0.010045698
Warm B,289943,1733,1732,3055,1865,0,0.016523978
Warm B,206634,1266,1265,3055,1865,0,0.013086515
Warm B,157741,1015,1014,3055,1865,1,0.019388461
Warm B,181842,1137,1136,3055,1865,1,0.014729714
Warm B,249752,1505,1504,3055,1865,1,0.0054705106
Warm B,522169,3224,3223,3055,1865,1,0.004537274
Warm B,384431,2246,2245,3055,1865,0,0.009811082
Warm B,254823,1551,1550,3055,1865,1,0.00807248
Warm B,595664,3624,3623,3055,1865,1,0.013598227
Warm B,49957,331,330,3055,1865,1,0.008174413
Warm B,240946,1451,1450,3055,1865,1,0.0060594496
Warm B,234713,1425,1424,3055,1865,1,0.009963162
Warm B,187481,1164,1163,3055,1865,0,0.01605814
Warm B,324843,1925,1924,3055,1865,1,0.0007358568
Warm B,549711,3391,3390,3055,1865,1,0.010425661
Warm B,536814,3311,3310,3063,1869,0,0.0009212794
Warm B,506533,3118,3117,3063,1869,0,0.010489751
Warm B,549736,3391,3390,3063,1869,0,0.0071602575
Warm B,493781,3032,3031,3063,1869,0,0.010655337
Warm B,628500,3807,3806,3063,1869,0,0.0062151407
Warm B,490562,3018,3017,3063,1869,0,0.017858438
Warm B,487792,3001,3000,3063,1869,1,0.008132944
Warm B,480700,2951,2950,3063,1869,1,0.0064108255
Warm B,479981,2946,2945,3063,1869,0,0.016563598
Warm B,470296,2896,2895,3063,1869,0,0.011733712
Warm B,879774,5317,5316,3063,1869,1,0.017118335
Warm B,463034,2857,2856,3063,1869,0,0.011818403
Warm B,457646,2820,2819,3063,1869,0,0.00661471
Warm B,450545,2777,2776,3063,1869,0,0.0056634974
Warm B,443696,2737,2736,3063,1869,0,0.015849873
Warm B,564149,3471,3470,3063,1869,0,0.0063745594
Warm B,429992,2621,2620,3063,1869,0,0.0031923063
Warm B,420152,2540,2539,3063,1869,0,0.0038462142
Warm B,398922,2376,2375,3063,1869,0,0.008731023
Warm B,386934,2263,2262,3063,1869,1,0.0100629125
Warm B,373127,2179,2178,3063,1869,0,0.0064215735
Warm B,368259,2153,2152,3063,1869,0,0.0023919796
Warm B,360465,2106,2105,3063,1869,0,0.003117764
Warm B,362698,2116,2115,3063,1869,0,0.015223984
Warm B,364558,2124,2123,3063,1869,1,0.012675509
Warm B,351389,2063,2062,3063,1869,0,0.0087782405
Warm B,371532,2172,2171,3063,1869,0,0.013409423
Warm B,339374,1999,1998,3063,1869,0,0.008761711
Warm B,359890,2105,2104,3063,1869,0,0.0056051053
Warm B,301173,1790,1789,3063,1869,1,0.012398651
Warm B,295936,1757,1756,3063,1869,0,0.009303069
Warm B,274284,1658,1657,3063,1869,1,0.0067515317
Warm B,332470,1962,1961,3063,1869,1,0.015610039
Warm B,231566,1404,1403,3063,1869,0,0.013258388
Warm B,210576,1285,1284,3063,1869,0,0.0066438573
Warm B,277407,1676,1675,3063,1869,0,0.0005363362
Warm B,209962,1284,1283,3063,1869,0,0.017818142
Warm B,278627,1680,1679,3063,1869,1,0.009032688
Warm B,184865,1150,1149,3063,1869,0,0.014131571
Warm B,174442,1102,1101,3063,1869,1,0.00500918
Warm B,179409,1125,1124,3063,1869,1,0.013167052
Warm B,183861,1146,1145,3063,1869,0,0.010757711
Warm B,270716,1639,1638,3063,1869,1,0.006630617
Warm B,156527,1010,1009,3063,1869,0,0.019658646
Warm B,114697,746,745,3063,1869,0,0.008819677
Warm B,111250,724,723,3063,1869,0,0.0049368544
Warm B,176706,1117,1116,3063,1869,0,0.007851529
Warm B,110571,721,720,3063,1869,1,0.009798632
Warm B,304655,1812,1811,3063,1869,1,0.014544746
Warm B,90540,601,600,3063,1869,0,0.009975483
Warm B,82740,549,548,3063,1869,0,0.010646871
Warm B,115848,752,751,3063,1869,0,0.021982023
Warm B,70062,474,473,3063,1869,0,0.010009002
Warm B,64782,435,434,3063,1869,0,-0.00047253497
Warm B,132258,855,854,3063,1869,0,0.00364712
Warm B,337940,1988,1987,3063,1869,0,0.0040207743
Warm B,238582,1448,1447,3063,1869,0,0.007012586
Warm B,12254,93,92,3063,1869,0,0.005957586
Warm B,276038,1671,1670,3063,1869,1,0.015429413
Warm B,7541,53,52,3063,1869,1,0.0036640568
Warm B,3561,26,25,3063,1869,0,0.012877978
Warm B,107677,710,709,3063,1869,0,0.0139351
Warm B,686413,4107,4106,3063,1869,0,0.008637235
Warm B,626497,3792,3791,3063,1869,0,0.008759897
Warm B,140611,904,903,3063,1869,0,0.011306342
Warm B,150397,970,969,3063,1869,0,0.014010459
Warm B,777622,4647,4646,3063,1869,0,0.023609614
Warm B,264923,1611,1610,3063,1869,0,0.009195603
Warm B,963853,5812,5811,3063,1869,0,0.016967352
Warm B,79110,531,530,3063,1869,0,0.0053310664
Warm B,45802,308,307,3063,1869,0,0.016219322
Warm B,923848,5580,5579,3063,1869,0,0.007654207
Warm B,907559,5492,5491,3063,1869,0,0.008761162
Warm B,454480,2796,2795,3063,1869,0,-0.0034150132
Warm B,195216,1203,1202,3063,1869,0,0.011937786
Warm B,331302,1958,1957,3063,1869,0,0.020008745
Warm B,892800,5394,5393,3063,1869,0,0.026126254
Warm B,750174,4477,4476,3063,1869,0,0.01091251
Warm B,860011,5172,5171,3063,1869,0,0.008437906
Warm B,667255,4016,4015,3066,1870,0,-1.4651916e-05
Warm B,665644,4007,4006,3066,1870,0,0.011611032
Warm B,657869,3965,3964,3066,1870,1,0.00037150038
Warm B,655599,3949,3948,3066,1870,1,-0.0017354784
Warm B,651794,3930,3929,3066,1870,1,0.010612189
Warm B,648924,3910,3909,3066,1870,1,0.0054281224
Warm B,648525,3906,3905,3066,1870,1,-0.00530883
Warm B,646533,3892,3891,3066,1870,1,0.0012429918
Warm B,643525,3878,3877,3066,1870,1,0.003524459
Warm B,641999,3860,3859,3066,1870,1,-0.010725785
Warm B,633876,3825,3824,3066,1870,0,0.008920081
Warm B,637733,3841,3840,3066,1870,1,0.0032764366
Warm B,618821,3751,3750,3066,1870,0,-0.0025814925
Warm B,603975,3675,3674,3066,1870,1,0.0075865495
Warm B,744688,4448,4447,3066,1870,1,0.004714393
Warm B,693790,4156,4155,3066,1870,1,0.0030857807
Warm B,596300,3626,3625,3066,1870,1,-0.0006335537
Warm B,587676,3589,3588,3066,1870,0,-0.0011932068
Warm B,585528,3576,3575,3066,1870,1,-0.002061259
Warm B,569693,3493,3492,3066,1870,1,0.0054567573
Warm B,712714,4277,4276,3066,1870,0,0.014602819
Warm B,563589,3469,3468,3066,1870,1,0.002282776
Warm B,561141,3453,3452,3066,1870,0,-0.008789907
Warm B,553721,3410,3409,3066,1870,0,0.0050310455
Warm B,548284,3383,3382,3066,1870,1,0.009313066
Warm B,527829,3263,3262,3066,1870,1,0.0102572655
Warm B,524157,3231,3230,3066,1870,1,-0.00031000376
Warm B,566015,3476,3475,3066,1870,1,0.0027168207
Warm B,505533,3110,3109,3066,1870,1,-0.004774717
Warm B,738046,4411,4410,3066,1870,1,0.0025912067
Warm B,529437,3272,3271,3066,1870,1,-0.0034435608
Warm B,479984,2946,2945,3066,1870,1,0.0003054064
Warm B,479156,2941,2940,3066,1870,1,-2.8457493e-05
Warm B,477853,2934,2933,3066,1870,0,0.0074821287
Warm B,695805,4169,4168,3066,1870,0,0.0060065305
Warm B,473207,2909,2908,3066,1870,1,0.011315876
Warm B,463039,2857,2856,3066,1870,0,0.006551682
Warm B,439550,2685,2684,3066,1870,1,0.0046541076
Warm B,436151,2665,2664,3066,1870,1,0.013468718
Warm B,437362,2670,2669,3066,1870,1,0.0008791038
Warm B,430678,2625,2624,3066,1870,1,0.0006117986
Warm B,645083,3885,3884,3066,1870,0,-0.00034267572
Warm B,428219,2605,2604,3066,1870,0,0.0001548971
Warm B,427200,2593,2592,3066,1870,1,0.0009881054
Warm B,423650,2567,2566,3066,1870,1,0.004743745
Warm B,426800,2592,2591,3066,1870,1,0.0016400481
Warm B,425601,2583,2582,3066,1870,0,-0.0028276849
Warm B,415204,2500,2499,3066,1870,1,-0.0022633406
Warm B,412658,2484,2483,3066,1870,0,0.006855055
Warm B,402162,2402,2401,3066,1870,0,-0.0022142036
Warm B,404373,2419,2418,3066,1870,0,0.0018788748
Warm B,412025,2478,2477,3066,1870,1,-0.0011450032
Warm B,395766,2340,2339,3066,1870,1,0.009368119
Warm B,414431,2496,2495,3066,1870,1,-0.006404294
Warm B,391915,2304,2303,3066,1870,0,-0.005214096
Warm B,389735,2287,2286,3066,1870,1,-0.00426645
Warm B,393503,2316,2315,3066,1870,1,-0.003907458
Warm B,388028,2271,2270,3066,1870,1,0.0021736256
Warm B,378642,2211,2210,3066,1870,1,0.008984689
Warm B,376893,2201,2200,3066,1870,1,0.004925633
Warm B,377091,2203,2202,3066,1870,1,0.00065813656
Warm B,368154,2151,2150,3066,1870,0,0.0067390767
Warm B,350082,2055,2054,3066,1870,1,0.002553453
Warm B,357241,2092,2091,3066,1870,1,0.0006968562
Warm B,343502,2018,2017,3066,1870,1,-0.0036347825
Warm B,380698,2225,2224,3066,1870,0,-0.0022724115
Warm B,312200,1861,1860,3066,1870,0,-0.0018259014
Warm B,280704,1685,1684,3066,1870,1,0.004061798
Warm B,275383,1667,1666,3066,1870,1,0.004317664
Warm B,293574,1748,1747,3066,1870,1,0.0015755972
Warm B,363715,2119,2118,3066,1870,0,-0.0017721519
Warm B,300165,1780,1779,3066,1870,0,0.002405298
Warm B,242423,1464,1463,3066,1870,1,0.0002538266
Warm B,231568,1404,1403,3066,1870,1,0.0009022491
Warm B,242606,1465,1464,3066,1870,1,0.0048048804
Warm B,230052,1392,1391,3066,1870,1,-0.0045975763
Warm B,209337,1279,1278,3066,1870,0,0.001567327
Warm B,198565,1220,1219,3066,1870,0,0.0036980105
Warm B,334437,1974,1973,3066,1870,0,-0.0008165579
Warm B,177444,1119,1118,3066,1870,1,-0.0042262413
Warm B,229155,1389,1388,3066,1870,1,0.0020091122
Warm B,255429,1556,1555,3066,1870,0,0.0017795498
Warm B,270720,1639,1638,3066,1870,1,0.0026074047
Warm B,146818,948,947,3066,1870,1,0.0059991777
Warm B,137779,889,888,3066,1870,0,0.007057595
Warm B,314949,1880,1879,3066,1870,0,0.0029839156
Warm B,327608,1941,1940,3066,1870,0,0.00470699
Warm B,113922,739,738,3066,1870,1,-0.00187593
Warm B,239677,1449,1448,3066,1870,0,-0.00026624708
Warm B,177895,1120,1119,3066,1870,1,0.0005949219
Warm B,106631,702,701,3066,1870,0,0.00085122406
Warm B,96897,651,650,3066,1870,0,0.0024898218
Warm B,96089,646,645,3066,1870,1,0.008963652
Warm B,316605,1884,1883,3066,1870,0,0.0021371322
Warm B,94833,637,636,3066,1870,1,-0.0015774602
Warm B,283871,1698,1697,3066,1870,0,-0.0006696015
Warm B,152833,984,983,3066,1870,1,-0.0029523075
Warm B,190402,1181,1180,3066,1870,0,-0.0021453728
Warm B,71499,481,480,3066,1870,1,0.0061087576
Warm B,66332,444,443,3066,1870,0,-0.0048211943
Warm B,59706,406,405,3066,1870,1,0.004514206
Warm B,55229,366,365,3066,1870,1,0.0026781429
Warm B,210582,1285,1284,3066,1870,1,0.0041791173
Warm B,52307,344,343,3066,1870,1,0.00029816793
Warm B,45806,308,307,3066,1870,1,-0.00074327574
Warm B,38802,264,263,3066,1870,0,0.00758936
Warm B,98578,660,659,3066,1870,0,0.0002754135
Warm B,34083,230,229,3066,1870,0,0.008048699
Warm B,36286,245,244,3066,1870,1,-0.0034792067
Warm B,8925,60,59,3066,1870,1,0.0121028535
Warm B,5635,40,39,3066,1870,0,0.0062252423
Warm B,5196,36,35,3066,1870,1,0.0027578394
Warm B,1015,10,9,3066,1870,0,0.0067211064
Warm B,626503,3792,3791,3066,1870,1,-4.995882e-05
Warm B,552083,3401,3400,3066,1870,0,0.01610211
Warm B,169198,1074,1073,3066,1870,1,0.0023041412
Warm B,571848,3507,3506,3066,1870,1,0.005045064
Warm B,240966,1451,1450,3066,1870,1,0.0050269035
Warm B,204421,1260,1259,3066,1870,1,-0.00015367195
Warm B,343967,2020,2019,3066,1870,1,-0.00074626645
Warm B,152172,979,978,3066,1870,1,-0.0016901507
Warm B,632944,3824,3823,3066,1870,1,-0.0014863869
Warm B,237615,1447,1446,3066,1870,0,0.0064557903
Warm B,117150,755,754,3066,1870,0,0.005367042
Warm B,806678,4829,4828,3066,1870,1,0.00024103862
Warm B,931388,5626,5625,3066,1870,1,0.0072173695
Warm B,51346,338,337,3066,1870,1,-0.0003569168
Warm B,892805,5394,5393,3066,1870,1,0.0019343788
Warm B,9674,65,64,3066,1870,1,-0.0070523955
Warm B,47277,319,318,3066,1870,0,0.0039902665
Warm B,62569,424,423,3066,1870,1,0.00727568
Warm B,324854,1925,1924,3066,1870,0,-0.00070227357
Warm B,141351,911,910,3066,1870,1,0.004755154
Warm B,825476,4958,4957,3066,1870,1,0.007163689
Warm B,133603,864,863,3075,1877,1,0.0062412433
Warm B,237630,1447,1446,3075,1877,1,0.022420337
Warm B,157792,1015,1014,3075,1877,1,0.018131748
Warm B,430919,2627,2626,3075,1877,0,0.009710027
Warm B,24257,173,172,3075,1877,1,0.014301503
Warm B,289967,1733,1732,3075,1877,1,0.019412624
Warm B,62594,424,423,3075,1877,1,0.008977134
Warm B,319154,1897,1896,3075,1877,0,0.01579242
Warm B,322097,1912,1911,3075,1877,0,0.018619077
Warm B,217906,1322,1321,3076,1878,1,-0.0018520663
Warm B,221109,1340,1339,3076,1878,0,-0.0027730232
Warm B,188527,1170,1169,3076,1878,1,0.0045229024
Warm B,166922,1062,1061,3076,1878,1,0.0028308523
Warm B,146823,948,947,3076,1878,1,-0.0018831615
Warm B,143814,928,927,3076,1878,1,0.0014472865
Warm B,137811,889,888,3076,1878,1,0.005358992
Warm B,134849,872,871,3076,1878,1,0.0074116504
Warm B,374749,2185,2184,3076,1878,1,0.0029871808
Warm B,314970,1880,1879,3076,1878,1,0.005295464
Warm B,134966,873,872,3076,1878,0,0.0058055087
Warm B,112282,731,730,3076,1878,1,-0.005143985
Warm B,239709,1449,1448,3076,1878,0,0.007106509
Warm B,210612,1285,1284,3076,1878,0,0.0028960824
Warm B,152850,984,983,3076,1878,0,0.0035308239
Warm B,83896,550,549,3076,1878,0,0.008347791
Warm B,64729,434,433,3076,1878,0,-0.007485218
Warm B,123291,796,795,3076,1878,0,0.0065145046
Warm B,59625,405,404,3076,1878,1,0.0015927077
Warm B,55235,366,365,3076,1878,1,0.003493235
Warm B,31881,216,215,3076,1878,1,0.00458654
Warm B,25226,178,177,3076,1878,1,0.0025545973
Warm B,6344,45,44,3076,1878,0,0.004258251
Warm B,60580,411,410,3076,1878,0,0.004001925
Warm B,76284,518,517,3076,1878,1,0.0018583356
Warm B,48459,326,325,3076,1878,1,-0.0070990273
Warm B,141134,910,909,3076,1878,0,0.0041636126
Warm B,841003,5054,5053,3076,1878,1,0.00058741047
Warm B,114202,743,742,3076,1878,0,0.010737952
Warm B,208607,1274,1273,3076,1878,1,0.008631768
Warm B,319156,1897,1896,3076,1878,1,0.0048891837
Warm B,194696,1202,1201,3076,1878,1,0.001748316
Warm B,300184,1780,1779,3076,1878,0,0.005531782
Warm B,384641,2247,2246,3077,1879,1,0.0071780737
Warm B,143247,924,923,3077,1879,1,0.0055447533
Warm B,130998,850,849,3077,1879,1,-0.0011344086
Warm B,127935,826,825,3077,1879,1,0.006596894
Warm B,96017,645,644,3077,1879,1,0.005059547
Warm B,82193,546,545,3077,1879,1,0.00607352
Warm B,47308,319,318,3077,1879,1,0.0053483006
Warm B,21942,161,160,3077,1879,1,0.016739702
Warm B,26302,187,186,3077,1879,1,0.0027878827
Warm B,123292,796,795,3077,1879,1,0.01387247
Warm B,211995,1291,1290,3077,1879,1,-0.0004201755
Warm B,712735,4277,4276,3077,1879,1,0.008964097
Warm B,783949,4682,4681,3077,1879,1,0.010290969
Warm B,201944,1243,1242,3077,1879,1,0.007699087
Warm B,147886,953,952,3077,1879,1,-0.005176302
Warm B,991773,5991,5990,3077,1879,1,0.0008468138
Warm B,310537,1851,1850,3077,1879,0,0.013723155
Warm B,208608,1274,1273,3077,1879,1,0.0013918658
Warm B,19865,149,148,3077,1879,1,0.009525587
Warm B,916595,5539,5538,3077,1879,1,0.002819597
Warm B,319157,1897,1896,3077,1879,1,0.0049182405
Warm B,457671,2820,2819,3077,1879,1,-0.001971147
Warm B,865872,5222,5221,3077,1879,0,0.014048973
Warm B,464028,2860,2859,3077,1879,1,0.0053189667
Warm B,574602,3518,3517,3077,1879,1,0.015745064
Warm B,841004,5054,5053,3077,1879,1,0.0048282426
Warm B,839182,5046,5045,3077,1879,1,0.010097221
Warm B,575126,3519,3518,3077,1879,1,0.006506486
Warm B,558424,3430,3429,3078,1880,1,0.0073678205
Warm B,550794,3392,3391,3078,1880,0,0.0076001612
Warm B,683792,4089,4088,3078,1880,0,0.008477459
Warm B,545449,3364,3363,3078,1880,1,0.017969761
Warm B,543805,3350,3349,3078,1880,1,0.007529618
Warm B,682190,4085,4084,3078,1880,0,0.003779272
Warm B,605596,3681,3680,3078,1880,1,0.0028789407
Warm B,542691,3339,3338,3078,1880,0,0.00354271
Warm B,535216,3302,3301,3078,1880,0,0.0024589477
Warm B,660805,3985,3984,3078,1880,1,0.007011215
Warm B,549417,3390,3389,3078,1880,1,-0.0026069614
Warm B,533024,3292,3291,3078,1880,0,0.007892927
Warm B,527928,3264,3263,3078,1880,0,0.0018291023
Warm B,527246,3261,3260,3078,1880,0,0.008885935
Warm B,525544,3246,3245,3078,1880,1,0.0043728817
Warm B,571356,3504,3503,3078,1880,1,0.004572237
Warm B,523810,3229,3228,3078,1880,1,0.0006025308
Warm B,523998,3230,3229,3078,1880,1,0.004083123
Warm B,503371,3093,3092,3078,1880,1,0.0057887835
Warm B,502664,3086,3085,3078,1880,1,-0.000112181646
Warm B,582012,3557,3556,3078,1880,1,0.00053385645
Warm B,502450,3084,3083,3078,1880,1,0.0018497328
Warm B,500621,3075,3074,3078,1880,1,0.00458945
Warm B,712737,4277,4276,3078,1880,1,0.004331199
Warm B,477662,2933,2932,3078,1880,1,0.0071580634
Warm B,467269,2880,2879,3078,1880,1,0.0072327848
Warm B,450578,2777,2776,3078,1880,0,0.011615174
Warm B,434798,2654,2653,3078,1880,1,0.008493001
Warm B,426162,2589,2588,3078,1880,1,0.005185873
Warm B,416376,2507,2506,3078,1880,1,0.009134365
Warm B,407999,2453,2452,3078,1880,1,0.0075565292
Warm B,316132,1883,1882,3078,1880,1,0.012952991
Warm B,306874,1832,1831,3078,1880,1,0.00027884566
Warm B,283893,1698,1697,3078,1880,1,0.005171906
Warm B,360486,2106,2105,3078,1880,1,0.0011060095
Warm B,264081,1607,1606,3078,1880,0,0.013815819
Warm B,249444,1503,1502,3078,1880,0,0.003136933
Warm B,210614,1285,1284,3078,1880,0,0.0020711618
Warm B,198116,1218,1217,3078,1880,1,0.012464173
Warm B,199282,1224,1223,3078,1880,0,0.013071508
Warm B,189246,1173,1172,3078,1880,1,0.00567154
Warm B,373825,2181,2180,3078,1880,0,0.005840329
Warm B,184908,1150,1149,3078,1880,0,0.012352152
Warm B,174951,1109,1108,3078,1880,1,-0.0070692725
Warm B,169758,1078,1077,3078,1880,0,0.001093739
Warm B,168231,1069,1068,3078,1880,0,0.0059646387
Warm B,175328,1112,1111,3078,1880,1,0.010277476
Warm B,219460,1331,1330,3078,1880,0,0.002859449
Warm B,246181,1489,1488,3078,1880,0,0.0011174388
Warm B,154563,998,997,3078,1880,1,0.006473151
Warm B,139894,897,896,3078,1880,1,-0.003755962
Warm B,137813,889,888,3078,1880,0,0.011431508
Warm B,209976,1284,1283,3078,1880,1,0.005165702
Warm B,125471,808,807,3078,1880,0,0.008246999
Warm B,115873,752,751,3078,1880,0,0.01125228
Warm B,349209,2050,2049,3078,1880,1,0.008225175
Warm B,362724,2116,2115,3078,1880,1,0.0065179756
Warm B,631351,3821,3820,3078,1880,0,0.010498691
Warm B,93497,625,624,3078,1880,1,0.0061196443
Warm B,801301,4802,4801,3078,1880,1,0.0076256394
Warm B,89530,590,589,3078,1880,1,0.0027629584
Warm B,432054,2634,2633,3078,1880,1,0.00890265
Warm B,89130,588,587,3078,1880,1,0.011552479
Warm B,238612,1448,1447,3078,1880,1,0.012731149
Warm B,72883,493,492,3078,1880,1,0.004520514
Warm B,155220,1001,1000,3078,1880,0,0.008426223
Warm B,53544,352,351,3078,1880,1,0.008520112
Warm B,42712,293,292,3078,1880,1,-0.005297103
Warm B,61186,412,411,3078,1880,1,0.012201288
Warm B,37053,250,249,3078,1880,0,-0.0058517894
Warm B,29434,201,200,3078,1880,1,0.004311923
Warm B,33371,225,224,3078,1880,0,0.0053755874
Warm B,17441,136,135,3078,1880,0,0.00046107394
Warm B,11886,92,91,3078,1880,0,0.008496871
Warm B,401554,2395,2394,3078,1880,1,0.004239516
Warm B,7567,53,52,3078,1880,1,0.00895689
Warm B,88715,587,586,3078,1880,0,0.0010508485
Warm B,626526,3792,3791,3078,1880,1,0.010952001
Warm B,111583,727,726,3078,1880,1,0.003546733
Warm B,797279,4781,4780,3078,1880,1,-0.004769709
Warm B,15888,124,123,3078,1880,1,0.0024361247
Warm B,289971,1733,1732,3078,1880,1,0.0029874302
Warm B,567267,3483,3482,3078,1880,0,0.005188951
Warm B,223316,1354,1353,3078,1880,1,0.0011964812
Warm B,820559,4933,4932,3078,1880,0,0.007513779
Warm B,234745,1425,1424,3078,1880,1,0.013128063
Warm B,794604,4753,4752,3078,1880,1,-0.0039600437
Warm B,206254,1265,1264,3078,1880,1,0.004891414
Warm B,319158,1897,1896,3078,1880,0,0.007416135
Warm B,215404,1306,1305,3078,1880,1,-0.00010195188
Warm B,607623,3688,3687,3078,1880,1,0.006065046
Warm B,699573,4186,4185,3078,1880,0,0.010943234
Warm B,193446,1194,1193,3078,1880,0,0.00780276
Warm B,171281,1088,1087,3078,1880,1,0.0048583383
Warm B,719909,4312,4311,3078,1880,1,0.012624517
Warm B,527247,3261,3260,3079,1881,0,-0.0004261089
Warm B,966567,5831,5830,3079,1881,1,0.012543019
Warm B,524930,3241,3240,3079,1881,1,0.0025807666
Warm B,524596,3237,3236,3079,1881,1,0.003990444
Warm B,521005,3216,3215,3079,1881,0,0.012695696
Warm B,712739,4277,4276,3079,1881,0,0.0026556896
Warm B,896946,5424,5423,3079,1881,0,0.0028368994
Warm B,516299,3189,3188,3079,1881,0,-0.0052331127
Warm B,507394,3122,3121,3079,1881,0,0.008322935
Warm B,503947,3097,3096,3079,1881,1,0.004603479
Warm B,502451,3084,3083,3079,1881,0,-0.0008726348
Warm B,496256,3050,3049,3079,1881,1,0.0039933664
Warm B,492508,3029,3028,3079,1881,1,0.0070656994
Warm B,626527,3792,3791,3079,1881,1,0.010464904
Warm B,481628,2962,2961,3079,1881,0,0.008204601
Warm B,871846,5267,5266,3079,1881,1,0.003738882
Warm B,477872,2934,2933,3079,1881,1,0.005124976
Warm B,770913,4593,4592,3079,1881,1,0.0023125424
Warm B,983948,5948,5947,3079,1881,1,0.00011626724
Warm B,465096,2868,2867,3079,1881,1,0.0025700175
Warm B,446304,2752,2751,3079,1881,0,0.001005847
Warm B,442347,2724,2723,3079,1881,0,0.0056539783
Warm B,400256,2383,2382,3079,1881,1,-0.0012541008
Warm B,377674,2205,2204,3079,1881,0,-0.009050952
Warm B,373134,2179,2178,3079,1881,0,0.0012703985
Warm B,371964,2173,2172,3079,1881,1,-0.001608982
Warm B,335509,1980,1979,3079,1881,0,-0.0042716963
Warm B,318603,1894,1893,3079,1881,1,0.0068572694
Warm B,353926,2073,2072,3079,1881,1,0.006485492
Warm B,325216,1926,1925,3079,1881,1,-0.0038887921
Warm B,319160,1897,1896,3079,1881,1,0.009661402
Warm B,210615,1285,1284,3079,1881,1,0.014467419
Warm B,276056,1671,1670,3079,1881,1,-0.00091690326
Warm B,209344,1279,1278,3079,1881,1,-0.004467697
Warm B,188842,1172,1171,3079,1881,1,-0.004074207
Warm B,182669,1140,1139,3079,1881,1,-0.00092252414
Warm B,200493,1231,1230,3079,1881,1,0.010567245
Warm B,169759,1078,1077,3079,1881,1,0.0063973106
Warm B,168232,1069,1068,3079,1881,1,0.002642339
Warm B,190445,1181,1180,3079,1881,0,0.010979122
Warm B,334449,1974,1973,3079,1881,1,-0.002119605
Warm B,169498,1077,1076,3079,1881,0,0.010926083
Warm B,146394,943,942,3079,1881,1,-0.002710224
Warm B,490040,3015,3014,3079,1881,0,0.0024910078
Warm B,137814,889,888,3079,1881,1,0.0066882134
Warm B,107265,706,705,3079,1881,1,-0.0056055165
Warm B,283894,1698,1697,3079,1881,1,-0.00058380904
Warm B,89726,591,590,3079,1881,1,-0.0021517482
Warm B,432055,2634,2633,3079,1881,1,0.017069602
Warm B,332065,1959,1958,3079,1881,1,-0.004496
Warm B,61187,412,411,3079,1881,1,-4.053465e-05
Warm B,155221,1001,1000,3079,1881,1,0.009934364
Warm B,41425,281,280,3079,1881,1,0.0016396686
Warm B,203642,1252,1251,3079,1881,1,-0.012055576
Warm B,39762,270,269,3079,1881,1,-0.008037679
Warm B,29435,201,200,3079,1881,1,-0.0017175764
Warm B,734181,4387,4386,3079,1881,1,0.010830508
Warm B,13823,111,110,3079,1881,0,-0.0054067923
Warm B,263014,1605,1604,3079,1881,0,-0.005875291
Warm B,4244,32,31,3079,1881,1,0.006623876
Warm B,290,5,4,3079,1881,0,0.004103139
Warm B,223318,1354,1353,3079,1881,1,0.0026238086
Warm B,171283,1088,1087,3079,1881,1,0.012108667
Warm B,101971,678,677,3079,1881,1,0.002527063
Warm B,79133,531,530,3079,1881,1,0.0038607246
Warm B,337955,1988,1987,3079,1881,0,0.010153519
Warm B,360488,2106,2105,3079,1881,1,0.008578929
Warm B,78281,528,527,3079,1881,1,0.014213819
Warm B,27972,195,194,3079,1881,1,0.006604643
Warm B,460553,2841,2840,3079,1881,1,0.00025038933
Warm B,949162,5734,5733,3079,1881,1,0.019179888
Warm B,682192,4085,4084,3079,1881,1,0.013406638
Warm B,240985,1451,1450,3079,1881,1,0.0035969638
Warm B,33102,224,223,3079,1881,1,0.013452797
Warm B,232755,1415,1414,3079,1881,0,-0.0026053214
Warm B,476232,2926,2925,3079,1881,0,0.0053075203
Warm B,768603,4579,4578,3079,1881,1,0.0051710457
Warm B,60581,411,410,3079,1881,1,0.015228052
Warm B,739342,4418,4417,3079,1881,1,0.0016095755
Warm B,187495,1164,1163,3079,1881,1,0.0009711846
Warm B,877373,5302,5301,3079,1881,1,0.0063587464
Warm B,93199,624,623,3079,1881,1,0.0018604652
Warm B,115874,752,751,3079,1881,0,-0.0015761917
Warm B,748208,4467,4466,3079,1881,1,0.009402539
Warm B,860020,5172,5171,3079,1881,1,-0.004252446
Warm B,327670,1941,1940,3086,1885,1,0.0061974553
Warm B,166315,1059,1058,3086,1885,0,-0.007519334
Warm B,162193,1034,1033,3086,1885,0,-0.0034755587
Warm B,137839,889,888,3086,1885,0,0.00030614855
Warm B,248671,1501,1500,3086,1885,1,0.00020002783
Warm B,131006,850,849,3086,1885,0,0.0019327527
Warm B,88719,587,586,3086,1885,0,0.004678893
Warm B,86487,566,565,3086,1885,0,0.012488398
Warm B,80027,533,532,3086,1885,1,0.001650138
Warm B,31899,216,215,3086,1885,1,0.008218864
Warm B,32871,223,222,3086,1885,0,-0.0023522307
Warm B,234758,1425,1424,3086,1885,1,0.0024620304
Warm B,591760,3610,3609,3086,1885,0,0.0056022336
Warm B,1047,10,9,3086,1885,1,0.00046371575
Warm B,129199,839,838,3086,1885,1,0.005804314
Warm B,901371,5450,5449,3086,1885,1,-0.0015656159
Warm B,427314,2594,2593,3086,1885,1,0.0027189811
Warm B,489482,3013,3012,3086,1885,0,0.014237198
Warm B,992283,5996,5995,3086,1885,1,0.009309014
Warm B,833298,5011,5010,3086,1885,0,-0.0018657758
Warm B,821541,4940,4939,3086,1885,1,0.0044262744
Warm B,656525,3957,3956,3090,1889,1,-0.0007136755
Warm B,709120,4253,4252,3090,1889,0,-0.0019537928
Warm B,695885,4169,4168,3090,1889,1,0.008914441
Warm B,651977,3931,3930,3090,1889,1,0.0062157717
Warm B,637793,3841,3840,3090,1889,1,0.008122017
Warm B,653400,3940,3939,3090,1889,1,-0.0013449667
Warm B,726358,4345,4344,3090,1889,1,-0.006471062
Warm B,725143,4344,4343,3090,1889,1,0.0024099494
Warm B,632990,3824,3823,3090,1889,0,0.0061880616
Warm B,593439,3618,3617,3090,1889,0,-0.00041555008
Warm B,589582,3596,3595,3090,1889,1,0.0054015615
Warm B,939830,5675,5674,3090,1889,1,0.014582802
Warm B,570656,3501,3500,3090,1889,1,0.003558488
Warm B,712766,4277,4276,3090,1889,1,0.0008055733
Warm B,566044,3476,3475,3090,1889,1,0.005536463
Warm B,565131,3474,3473,3090,1889,1,0.0038560834
Warm B,610553,3704,3703,3090,1889,1,0.010950739
Warm B,560447,3445,3444,3090,1889,1,0.005516978
Warm B,616049,3729,3728,3090,1889,0,0.007334128
Warm B,551160,3394,3393,3090,1889,0,0.010941219
Warm B,840395,5049,5048,3090,1889,1,0.012144864
Warm B,534613,3300,3299,3090,1889,1,0.005037212
Warm B,503375,3093,3092,3090,1889,1,0.0042037778
Warm B,490595,3018,3017,3090,1889,1,0.0051117917
Warm B,485718,2990,2989,3090,1889,1,-0.0005048709
Warm B,482586,2967,2966,3090,1889,1,0.0032549473
Warm B,480794,2952,2951,3090,1889,1,0.007876358
Warm B,879793,5317,5316,3090,1889,1,0.009239497
Warm B,460947,2842,2841,3090,1889,1,0.007729009
Warm B,460560,2841,2840,3090,1889,1,0.0028828809
Warm B,457698,2820,2819,3090,1889,1,0.0052290726
Warm B,455758,2807,2806,3090,1889,1,0.012000787
Warm B,448359,2764,2763,3090,1889,1,0.0009416524
Warm B,446311,2752,2751,3090,1889,0,0.0035298604
Warm B,646024,3888,3887,3090,1889,1,0.0057329596
Warm B,437714,2674,2673,3090,1889,1,-0.010999314
Warm B,433516,2643,2642,3090,1889,0,0.0014200457
Warm B,421468,2546,2545,3090,1889,1,0.002278714
Warm B,420829,2544,2543,3090,1889,1,0.00536272
Warm B,413382,2486,2485,3090,1889,1,0.0031796372
Warm B,401339,2393,2392,3090,1889,0,0.006116397
Warm B,407160,2446,2445,3090,1889,1,-0.0057263062
Warm B,393223,2310,2309,3090,1889,1,0.0018690643
Warm B,383883,2243,2242,3090,1889,1,-0.0017267908
Warm B,381550,2231,2230,3090,1889,0,-0.0022721416
Warm B,364596,2124,2123,3090,1889,1,0.005927841
Warm B,358397,2098,2097,3090,1889,0,0.009479365
Warm B,299331,1777,1776,3090,1889,1,-0.0017771234
Warm B,290707,1734,1733,3090,1889,1,0.0067888703
Warm B,281990,1692,1691,3090,1889,1,-0.0077091334
Warm B,292144,1741,1740,3090,1889,1,0.005477186
Warm B,268840,1632,1631,3090,1889,0,0.00318689
Warm B,256635,1569,1568,3090,1889,1,0.0014501875
Warm B,260012,1591,1590,3090,1889,1,0.006600151
Warm B,631374,3821,3820,3090,1889,1,0.0058771246
Warm B,236018,1430,1429,3090,1889,1,0.010260145
Warm B,232230,1409,1408,3090,1889,1,-0.0034353707
Warm B,225056,1361,1360,3090,1889,1,-0.0009261088
Warm B,335540,1980,1979,3090,1889,1,0.0053054583
Warm B,219726,1333,1332,3090,1889,0,0.0025283154
Warm B,208629,1274,1273,3090,1889,1,0.008939479
Warm B,436183,2665,2664,3090,1889,1,-0.0005134229
Warm B,243722,1470,1469,3090,1889,0,-0.006141548
Warm B,189960,1179,1178,3090,1889,1,0.0049252724
Warm B,180173,1128,1127,3090,1889,1,0.0029026647
Warm B,346091,2030,2029,3090,1889,1,0.011534203
Warm B,190495,1181,1180,3090,1889,1,0.008827795
Warm B,163252,1044,1043,3090,1889,1,0.0029223927
Warm B,152878,984,983,3090,1889,1,0.0047915396
Warm B,227842,1382,1381,3090,1889,1,0.010425653
Warm B,146056,939,938,3090,1889,1,0.006058731
Warm B,131009,850,849,3090,1889,1,-0.0029733889
Warm B,127647,824,823,3090,1889,1,0.004382031
Warm B,134970,873,872,3090,1889,1,0.0038393429
Warm B,118858,769,768,3090,1889,0,-0.0030821841
Warm B,210634,1285,1284,3090,1889,1,-0.0007883576
Warm B,111591,727,726,3090,1889,1,0.006766071
Warm B,239738,1449,1448,3090,1889,1,0.0018365027
Warm B,97493,654,653,3090,1889,0,0.00534033
Warm B,96917,651,650,3090,1889,1,0.005492627
Warm B,283921,1698,1697,3090,1889,1,0.003962033
Warm B,169503,1077,1076,3090,1889,1,0.0074577816
Warm B,339104,1998,1997,3090,1889,1,0.00315083
Warm B,84737,551,550,3090,1889,1,-0.0044862404
Warm B,82807,549,548,3090,1889,1,0.010160752
Warm B,175953,1113,1112,3090,1889,1,0.0005681724
Warm B,54793,358,357,3090,1889,1,0.001438413
Warm B,51659,339,338,3090,1889,1,0.002026361
Warm B,48801,327,326,3090,1889,1,0.0038316704
Warm B,45550,307,306,3090,1889,1,0.0047493773
Warm B,42727,293,292,3090,1889,1,-0.003815577
Warm B,35236,238,237,3090,1889,1,-0.00181805
Warm B,33394,225,224,3090,1889,1,0.004859255
Warm B,245699,1484,1483,3090,1889,1,0.0014078314
Warm B,451698,2781,2780,3090,1889,1,0.00448089
Warm B,916614,5539,5538,3090,1889,1,0.0059896596
Warm B,289992,1733,1732,3090,1889,1,0.008910646
Warm B,101989,678,677,3090,1889,1,0.014051853
Warm B,384649,2247,2246,3090,1889,1,0.002809911
Warm B,225194,1362,1361,3090,1889,1,0.0034874985
Warm B,149494,963,962,3090,1889,1,-0.00012698898
Warm B,212002,1291,1290,3090,1889,1,-0.0029494131
Warm B,286582,1712,1711,3090,1889,0,-0.006053974
Warm B,157829,1015,1014,3090,1889,1,0.008778147
Warm B,943291,5689,5688,3090,1889,1,0.0024677555
Warm B,430933,2627,2626,3090,1889,1,0.008175902
Warm B,416397,2507,2506,3090,1889,1,0.0017782957
Warm B,860029,5172,5171,3090,1889,1,0.002012197
Warm B,475398,2918,2917,3090,1889,1,0.011882654
Warm B,902738,5458,5457,3090,1889,1,0.0055735894
Warm B,933337,5636,5635,3090,1889,1,-0.0038513704
Warm B,319172,1897,1896,3090,1889,1,0.0007590975
Warm B,512624,3163,3162,3090,1889,1,0.011148269
Warm B,24281,173,172,3090,1889,1,0.006760942
Warm B,293613,1748,1747,3090,1889,1,0.0072704824
Warm B,241001,1451,1450,3090,1889,1,-0.005875068
Warm B,28012,195,194,3090,1889,1,0.008313431
Warm B,600485,3651,3650,3091,1890,1,0.009217138
Warm B,869765,5255,5254,3091,1890,1,0.013989943
Warm B,589583,3596,3595,3091,1890,1,0.008958754
Warm B,580427,3546,3545,3091,1890,0,0.01750798
Warm B,580196,3543,3542,3091,1890,1,0.01202699
Warm B,571895,3507,3506,3091,1890,1,0.02143844
Warm B,570657,3501,3500,3091,1890,1,0.014066563
Warm B,712768,4277,4276,3091,1890,1,0.018780023
Warm B,565132,3474,3473,3091,1890,1,0.021726243
Warm B,561155,3453,3452,3091,1890,1,0.01296752
Warm B,560715,3449,3448,3091,1890,1,0.007620897
Warm B,550877,3393,3392,3091,1890,1,0.008057069
Warm B,544247,3355,3354,3091,1890,1,0.01053246
Warm B,543397,3346,3345,3091,1890,0,0.0066996934
Warm B,521012,3216,3215,3091,1890,1,0.013925917
Warm B,653983,3942,3941,3091,1890,0,0.017283529
Warm B,876949,5300,5299,3091,1890,1,0.017576747
Warm B,505544,3110,3109,3091,1890,1,0.017147593
Warm B,545997,3367,3366,3091,1890,1,0.014672697
Warm B,492532,3029,3028,3091,1890,1,0.015205754
Warm B,485574,2989,2988,3091,1890,1,0.0010120526
Warm B,485719,2990,2989,3091,1890,0,0.01592877
Warm B,479591,2943,2942,3091,1890,1,0.007660368
Warm B,479470,2942,2941,3091,1890,1,0.0075083347
Warm B,479176,2941,2940,3091,1890,1,0.010767851
Warm B,473276,2909,2908,3091,1890,1,0.009291121
Warm B,459396,2829,2828,3091,1890,0,0.006196089
Warm B,453144,2791,2790,3091,1890,1,0.005307938
Warm B,446745,2753,2752,3091,1890,1,0.009602994
Warm B,433517,2643,2642,3091,1890,0,0.010200526
Warm B,423662,2567,2566,3091,1890,1,0.016659644
Warm B,395531,2338,2337,3091,1890,1,0.01831825
Warm B,394392,2324,2323,3091,1890,1,0.006301874
Warm B,391245,2301,2300,3091,1890,1,0.0032951992
Warm B,389872,2288,2287,3091,1890,1,0.012935583
Warm B,371396,2171,2170,3091,1890,1,0.008449616
Warm B,369786,2164,2163,3091,1890,1,0.014261242
Warm B,368726,2156,2155,3091,1890,0,0.011457235
Warm B,334884,1975,1974,3091,1890,1,0.017293086
Warm B,319914,1899,1898,3091,1890,1,0.018924732
Warm B,292145,1741,1740,3091,1890,1,0.020497309
Warm B,272489,1646,1645,3091,1890,1,0.004278101
Warm B,282539,1694,1693,3091,1890,1,0.00834211
Warm B,258914,1586,1585,3091,1890,1,0.016607823
Warm B,256517,1567,1566,3091,1890,1,0.016597385
Warm B,346092,2030,2029,3091,1890,1,0.013362349
Warm B,248050,1497,1496,3091,1890,1,0.013095253
Warm B,218245,1323,1322,3091,1890,1,0.008434917
Warm B,209349,1279,1278,3091,1890,0,0.012448523
Warm B,207484,1268,1267,3091,1890,1,0.006282921
Warm B,243723,1470,1469,3091,1890,1,0.018623432
Warm B,197653,1214,1213,3091,1890,1,0.0061526448
Warm B,184281,1147,1146,3091,1890,1,0.0049661566
Warm B,182682,1140,1139,3091,1890,1,0.015292359
Warm B,177458,1119,1118,3091,1890,1,0.013973585
Warm B,190496,1181,1180,3091,1890,0,0.018013757
Warm B,210635,1285,1284,3091,1890,1,0.020322334
Warm B,146836,948,947,3091,1890,1,0.01590335
Warm B,199298,1224,1223,3091,1890,1,0.023094928
Warm B,137866,889,888,3091,1890,1,0.019743364
Warm B,131010,850,849,3091,1890,1,0.012084394
Warm B,314985,1880,1879,3091,1890,1,0.016446967
Warm B,134971,873,872,3091,1890,1,0.009360433
Warm B,101639,677,676,3091,1890,1,0.015189755
Warm B,115661,750,749,3091,1890,1,0.008103121
Warm B,88092,580,579,3091,1890,0,0.007155047
Warm B,147892,953,952,3091,1890,0,0.008247167
Warm B,83918,550,549,3091,1890,1,0.01568582
Warm B,48802,327,326,3091,1890,1,0.011255045
Warm B,9200,62,61,3091,1890,0,0.007850482
Warm B,8777,59,58,3091,1890,0,0.011775341
Warm B,4955,35,34,3091,1890,1,0.01025969
Warm B,481649,2962,2961,3091,1890,1,0.013132755
Warm B,300208,1780,1779,3091,1890,0,0.021254342
Warm B,129210,839,838,3091,1890,1,0.02178716
Warm B,24282,173,172,3091,1890,1,0.013826723
Warm B,175954,1113,1112,3091,1890,1,0.015007123
Warm B,308406,1837,1836,3091,1890,1,0.011847068
Warm B,95703,641,640,3091,1890,1,0.0076899067
Warm B,322125,1912,1911,3091,1890,0,0.017740678
Warm B,753221,4489,4488,3091,1890,1,0.017987147
Warm B,417793,2523,2522,3094,1892,1,0.0018519645
Warm B,416406,2507,2506,3094,1892,1,0.016339354
Warm B,464039,2860,2859,3094,1892,1,0.0017752456
Warm B,403427,2410,2409,3094,1892,0,0.009598902
Warm B,382740,2237,2236,3094,1892,1,0.021145675
Warm B,335547,1980,1979,3094,1892,1,0.017950676
Warm B,292148,1741,1740,3094,1892,1,0.013018459
Warm B,276077,1671,1670,3094,1892,1,0.013341708
Warm B,260015,1591,1590,3094,1892,1,0.016537134
Warm B,228887,1387,1386,3094,1892,1,0.014421638
Warm B,217692,1321,1320,3094,1892,1,0.001893685
Warm B,296324,1758,1757,3094,1892,1,0.019635724
Warm B,220284,1335,1334,3094,1892,0,0.0047664107
Warm B,207303,1267,1266,3094,1892,0,0.0014175524
Warm B,203967,1255,1254,3094,1892,1,0.006841855
Warm B,294179,1749,1748,3094,1892,0,-0.00071358774
Warm B,278729,1680,1679,3094,1892,0,0.011534251
Warm B,337976,1988,1987,3094,1892,0,0.022360938
Warm B,160823,1022,1021,3094,1892,1,0.0063960375
Warm B,154003,991,990,3094,1892,1,0.010091705
Warm B,246199,1489,1488,3094,1892,0,0.015607651
Warm B,146709,947,946,3094,1892,0,0.012098723
Warm B,137871,889,888,3094,1892,1,0.012887989
Warm B,123679,797,796,3094,1892,0,-0.00035199453
Warm B,123075,795,794,3094,1892,0,0.0066209063
Warm B,117889,760,759,3094,1892,1,0.011100039
Warm B,118659,767,766,3094,1892,0,0.0010006658
Warm B,85517,558,557,3094,1892,1,0.008204225
Warm B,238640,1448,1447,3094,1892,0,0.019855956
Warm B,153619,987,986,3094,1892,1,0.005977899
Warm B,17455,136,135,3094,1892,1,0.0077052354
Warm B,60608,411,410,3094,1892,0,0.012717898
Warm B,50031,331,330,3094,1892,1,0.00014578848
Warm B,101993,678,677,3094,1892,1,0.012835908
Warm B,900771,5447,5446,3094,1892,1,0.0078122225
Warm B,454498,2796,2795,3094,1892,0,-0.00010563829
Warm B,977853,5892,5891,3094,1892,1,0.003898377
Warm B,795455,4765,4764,3094,1892,0,0.0128692705
Warm B,319178,1897,1896,3094,1892,1,0.016309092
Warm B,420832,2544,2543,3094,1892,1,0.01139464
Warm B,831896,5001,5000,3094,1892,1,0.007106976
Warm B,243728,1470,1469,3096,1894,0,0.013166249
Warm B,188535,1170,1169,3096,1894,1,0.013022833
Warm B,182685,1140,1139,3096,1894,0,0.012147082
Warm B,327691,1941,1940,3096,1894,1,0.022219902
Warm B,157839,1015,1014,3096,1894,1,0.015579637
Warm B,152883,984,983,3096,1894,1,0.0137348715
Warm B,246200,1489,1488,3096,1894,0,0.018860675
Warm B,184957,1150,1149,3096,1894,0,0.020574324
Warm B,137874,889,888,3096,1894,1,0.021791685
Warm B,631382,3821,3820,3096,1894,0,0.011755507
Warm B,131015,850,849,3096,1894,1,0.0114403
Warm B,374763,2185,2184,3096,1894,1,0.004526172
Warm B,118660,767,766,3096,1894,1,0.005746404
Warm B,112302,731,730,3096,1894,1,0.019359445
Warm B,108476,711,710,3096,1894,1,0.0044475924
Warm B,106663,702,701,3096,1894,1,0.022184938
Warm B,90093,594,593,3096,1894,1,0.00933821
Warm B,57752,391,390,3096,1894,1,0.015077805
Warm B,52493,346,345,3096,1894,1,0.0085184425
Warm B,39949,271,270,3096,1894,1,0.015656205
Warm B,31936,216,215,3096,1894,0,0.010215909
Warm B,481653,2962,2961,3096,1894,0,0.009400533
Warm B,4182,31,30,3096,1894,1,0.00835106
Warm B,801316,4802,4801,3096,1894,1,0.013910994
Warm B,420834,2544,2543,3096,1894,1,0.013235682
Warm B,114207,743,742,3096,1894,0,0.018266916
Warm B,284771,1699,1698,3096,1894,1,0.01626068
Warm B,50602,333,332,3096,1894,1,0.0061336355
Warm B,657423,3963,3962,3096,1894,1,0.012970274
Warm B,208633,1274,1273,3096,1894,0,0.015484944
Warm B,821548,4940,4939,3096,1894,1,0.012454733
Warm B,958774,5787,5786,3096,1894,1,0.007538366
Warm B,27530,193,192,3096,1894,0,0.010994818
Warm B,240129,1449,1448,3103,1901,0,0.0098240115
Warm B,164591,1051,1050,3103,1901,0,0.0145965405
Warm B,335954,1980,1979,3103,1901,0,0.013128513
Warm B,136615,881,880,3103,1901,0,0.0011560799
Warm B,60483,411,410,3103,1901,0,0.007179956
Warm B,187657,1164,1163,3103,1901,1,0.008616107
Warm B,178652,1121,1120,3103,1901,1,0.01880642
Warm B,384715,2247,2246,3103,1901,1,0.0064928657
Warm B,397361,2353,2352,3109,1906,0,0.0016906855
Warm B,842494,5063,5062,3109,1906,1,0.0015197326
Warm B,974349,5878,5877,3109,1906,0,-0.0015625367
Warm B,63008,424,423,3109,1906,0,-0.003464995
Warm B,238998,1448,1447,3112,1908,1,0.01689028
Warm B,42059,285,284,3112,1908,0,0.013633346
Warm B,9863,68,67,3112,1908,1,-0.0008019679
Warm B,481856,2962,2961,3112,1908,0,0.019531466
Warm B,49156,329,328,3112,1908,0,0.0141017465
Warm B,158277,1015,1014,3112,1908,0,0.021061689
Warm B,102314,678,677,3112,1908,0,0.020263273
Warm B,160143,1019,1018,3112,1908,0,0.009885964
Warm B,319373,1897,1896,3112,1908,0,0.014453143
Warm B,974356,5878,5877,3112,1908,0,0.0074994
Warm B,175562,1112,1111,3115,1911,0,0.0074462243
Warm B,165236,1053,1052,3115,1911,0,0.0011324165
Warm B,270440,1636,1635,3115,1911,1,-0.0033962918
Warm B,246341,1489,1488,3115,1911,0,0.013697449
Warm B,128965,838,837,3115,1911,1,-0.0037693707
Warm B,116266,752,751,3115,1911,1,0.0037065907
Warm B,102318,678,677,3115,1911,1,-0.0031618695
Warm B,98858,660,659,3115,1911,0,0.0018556418
Warm B,90004,593,592,3115,1911,0,-0.0011782061
Warm B,76703,520,519,3115,1911,0,0.0076079587
Warm B,53454,352,351,3115,1911,1,0.0054510823
Warm B,155359,1001,1000,3115,1911,1,-0.0011603627
Warm B,312903,1865,1864,3115,1911,0,0.0069965944
Warm B,199858,1227,1226,3115,1911,0,0.0077534653
Warm B,26263,187,186,3115,1911,1,0.0076601184
Warm B,27887,195,194,3115,1911,1,0.0058690966
Warm B,9526,63,62,3115,1911,0,0.00030897418
Warm B,223578,1354,1353,3115,1911,1,0.006656559
Warm B,330740,1952,1951,3115,1911,0,0.0029675756
Warm B,239001,1448,1447,3115,1911,1,0.01304982
Warm B,966830,5831,5830,3115,1911,1,0.009385695
Warm B,56303,376,375,3115,1911,1,0.0064527937
Warm B,360838,2106,2105,3115,1911,1,0.0066992
Warm B,696386,4169,4168,3115,1911,0,0.009077693
Warm B,49937,331,330,3115,1911,0,0.013319703
Warm B,285345,1701,1700,3115,1911,1,0.006516996
Warm B,497250,3054,3053,3115,1911,0,-0.0016382292
Warm B,171705,1088,1087,3115,1911,1,0.0035815476
Warm B,317746,1889,1888,3115,1911,0,0.005293671
Warm B,537969,3312,3311,3115,1911,1,0.0024266816
Warm B,964087,5812,5811,3115,1911,1,-0.00040983502
Warm B,485090,2986,2985,3115,1911,1,0.007273998
Warm B,104360,692,691,3115,1911,1,0.0020752517
Warm B,499479,3067,3066,3115,1911,1,0.010817723
Warm B,713131,4277,4276,3115,1911,1,0.008425796
Warm B,203679,1252,1251,3115,1911,0,-0.0058551906
Warm B,335978,1980,1979,3115,1911,0,0.0024065045
Warm B,960286,5792,5791,3115,1911,0,0.0082967635
Warm B,235010,1425,1424,3115,1911,1,0.00883489
Warm B,473706,2909,2908,3115,1911,0,0.009357101
Warm B,105624,698,697,3115,1911,0,0.00045309844
Warm B,328211,1941,1940,3115,1911,0,0.0024144417
Warm B,532175,3285,3284,3115,1911,0,0.0048501436
Warm B,657555,3963,3962,3115,1911,1,0.0023848112
Warm B,413217,2485,2484,3115,1911,1,-0.00025664433
Warm B,311300,1854,1853,3115,1911,0,0.011105372
Warm B,96622,648,647,3115,1911,1,0.0020332937
Warm B,33868,229,228,3115,1911,0,0.0038069012
Warm B,58665,398,397,3115,1911,0,0.0053032646
Warm B,882158,5329,5328,3115,1911,1,0.01355871
Warm B,432733,2638,2637,3117,1912,0,0.0074963244
Warm B,153085,984,983,3117,1912,1,0.002553197
Warm B,285346,1701,1700,3117,1912,0,0.0007615248
Warm B,784121,4682,4681,3117,1912,1,0.0051325685
Warm B,631613,3821,3820,3117,1912,0,0.0052382816
Warm B,564457,3471,3470,3117,1912,1,0.0013040276
Warm B,19807,149,148,3117,1912,1,0.0029939855
Warm B,204605,1260,1259,3117,1912,1,0.011311766
Warm B,456482,2810,2809,3117,1912,0,0.0004975755
Warm B,263384,1605,1604,3117,1912,0,-0.0015321034
Warm B,241252,1451,1450,3117,1912,0,0.004455037
Warm B,171709,1088,1087,3117,1912,0,0.012876166
Warm B,696388,4169,4168,3117,1912,1,0.008073134
Warm B,322416,1912,1911,3118,1913,0,0.009325149
Warm B,285348,1701,1700,3118,1913,1,0.013212929
Warm B,739414,4418,4417,3118,1913,1,0.013308415
Warm B,187667,1164,1163,3118,1913,0,0.010394295
Warm B,171712,1088,1087,3118,1913,1,0.018730685
Warm B,974358,5878,5877,3118,1913,0,0.014604833
Warm B,536524,3309,3308,3120,1914,0,0.0021400326
Warm B,508669,3129,3128,3120,1914,1,0.016432632
Warm B,816072,4899,4898,3120,1914,0,0.005133962
Warm B,516502,3189,3188,3120,1914,1,0.008779608
Warm B,550238,3391,3390,3120,1914,0,0.003358733
Warm B,494225,3032,3031,3120,1914,1,0.008625772
Warm B,492791,3029,3028,3120,1914,0,0.010637141
Warm B,492090,3026,3025,3120,1914,0,0.016804915
Warm B,529776,3272,3271,3120,1914,1,0.015431885
Warm B,455007,2800,2799,3120,1914,0,0.0047682812
Warm B,450931,2777,2776,3120,1914,1,0.006289716
Warm B,445965,2750,2749,3120,1914,0,0.0032572402
Warm B,444686,2743,2742,3120,1914,1,0.0021223254
Warm B,564472,3471,3470,3120,1914,0,0.017058916
Warm B,420254,2540,2539,3120,1914,1,0.0065599033
Warm B,419478,2536,2535,3120,1914,0,0.01042266
Warm B,399523,2378,2377,3120,1914,1,0.013139724
Warm B,362170,2110,2109,3120,1914,0,-0.0026347293
Warm B,361694,2109,2108,3120,1914,0,0.004939187
Warm B,351949,2063,2062,3120,1914,1,0.0069887983
Warm B,341641,2012,2011,3120,1914,0,0.006352033
Warm B,299666,1778,1777,3120,1914,1,0.014680005
Warm B,297548,1764,1763,3120,1914,1,0.000884305
Warm B,265829,1613,1612,3120,1914,1,0.017278701
Warm B,258131,1581,1580,3120,1914,0,0.008582735
Warm B,248862,1501,1500,3120,1914,0,0.008898536
Warm B,221821,1341,1340,3120,1914,0,-0.00082895346
Warm B,304942,1812,1811,3120,1914,0,0.001971581
Warm B,277756,1676,1675,3120,1914,0,0.010720443
Warm B,193210,1193,1192,3120,1914,0,0.00897032
Warm B,183564,1142,1141,3120,1914,0,0.008590551
Warm B,173704,1100,1099,3120,1914,0,0.0002464438
Warm B,328238,1941,1940,3120,1914,0,0.006085068
Warm B,163871,1050,1049,3120,1914,0,0.00033145456
Warm B,155916,1004,1003,3120,1914,0,0.004880952
Warm B,143683,927,926,3120,1914,0,0.012139764
Warm B,156948,1010,1009,3120,1914,0,0.009617398
Warm B,125760,809,808,3120,1914,1,0.011664834
Warm B,124929,802,801,3120,1914,1,0.010842197
Warm B,121541,781,780,3120,1914,0,0.01267312
Warm B,178178,1120,1119,3120,1914,1,-0.0013499137
Warm B,119307,770,769,3120,1914,0,0.014358906
Warm B,112519,731,730,3120,1914,0,0.00030050066
Warm B,100200,669,668,3120,1914,1,0.0008711987
Warm B,176997,1117,1116,3120,1914,0,0.008183207
Warm B,98872,660,659,3120,1914,0,0.010046266
Warm B,88853,587,586,3120,1914,0,-0.0031541707
Warm B,70817,476,475,3120,1914,1,0.00837439
Warm B,65401,438,437,3120,1914,1,0.008210943
Warm B,37693,258,257,3120,1914,1,0.012441825
Warm B,31813,216,215,3120,1914,1,0.008058064
Warm B,337065,1983,1982,3120,1914,1,0.004090662
Warm B,240164,1449,1448,3120,1914,0,0.006327237
Warm B,2672,22,21,3120,1914,0,0.0074759265
Warm B,108037,710,709,3120,1914,0,0.008695531
Warm B,78501,528,527,3120,1914,0,0.012381289
Warm B,893000,5394,5393,3120,1914,0,0.009571094
Warm B,531068,3280,3279,3120,1914,0,0.0040930593
Warm B,57904,392,391,3120,1914,0,0.004668735
Warm B,102332,678,677,3120,1914,0,0.01392773
Warm B,537977,3312,3311,3120,1914,0,0.018362232
Warm B,331674,1958,1957,3120,1914,1,0.013625506
Warm B,599305,3648,3647,3120,1914,1,0.00082231965
Warm B,923946,5580,5579,3120,1914,1,0.0052031702
Warm B,245810,1484,1483,3120,1914,1,0.01515645
Warm B,293798,1748,1747,3120,1914,0,0.010076752
Warm B,618325,3746,3745,3120,1914,0,0.009191972
Warm B,561605,3454,3453,3120,1914,0,0.011290524
Warm B,342545,2015,2014,3120,1914,1,0.0061091394
Warm B,193699,1194,1193,3120,1914,0,0.013515625
Warm B,552421,3401,3400,3130,1916,0,0.008325555
Warm B,571440,3504,3503,3130,1916,0,0.010217516
Warm B,548393,3384,3383,3130,1916,0,0.0044190073
Warm B,541045,3328,3327,3130,1916,0,-0.0061630723
Warm B,575399,3519,3518,3130,1916,0,0.0026621441
Warm B,518792,3201,3200,3130,1916,0,-0.00049130735
Warm B,505189,3108,3107,3130,1916,0,0.013471833
Warm B,797624,4784,4783,3130,1916,0,0.007122611
Warm B,489657,3013,3012,3130,1916,0,0.020698044
Warm B,475144,2916,2915,3130,1916,0,-0.0017679958
Warm B,458020,2820,2819,3130,1916,0,0.016762363
Warm B,452280,2785,2784,3130,1916,0,-0.00028163707
Warm B,444697,2743,2742,3130,1916,0,0.0033173352
Warm B,421712,2548,2547,3130,1916,0,-0.001411193
Warm B,419818,2537,2536,3130,1916,0,0.012988256
Warm B,409233,2456,2455,3130,1916,0,-0.009760051
Warm B,405722,2433,2432,3130,1916,0,0.006368584
Warm B,404582,2419,2418,3130,1916,0,0.0090626385
Warm B,387311,2264,2263,3130,1916,0,0.007669756
Warm B,377295,2203,2202,3130,1916,0,0.0105681885
Warm B,350484,2057,2056,3130,1916,0,0.004016949
Warm B,341650,2012,2011,3130,1916,0,0.005457562
Warm B,275145,1666,1665,3130,1916,1,-0.001687474
Warm B,259516,1587,1586,3130,1916,0,0.010362469
Warm B,242165,1459,1458,3130,1916,0,0.0069772946
Warm B,212958,1297,1296,3130,1916,0,0.00839282
Warm B,279416,1680,1679,3130,1916,1,0.015335339
Warm B,196567,1207,1206,3130,1916,0,0.0038293768
Warm B,211045,1285,1284,3130,1916,0,0.012235179
Warm B,173711,1100,1099,3130,1916,0,-0.00082536996
Warm B,328262,1941,1940,3130,1916,0,0.008081844
Warm B,143687,927,926,3130,1916,0,0.016801164
Warm B,156961,1010,1009,3130,1916,0,0.018223071
Warm B,136658,881,880,3130,1916,0,0.010803957
Warm B,131954,854,853,3130,1916,0,0.012079093
Warm B,351969,2063,2062,3130,1916,0,0.01665832
Warm B,98884,660,659,3130,1916,0,0.01627171
Warm B,631629,3821,3820,3130,1916,0,0.010072133
Warm B,81742,543,542,3130,1916,0,0.005259028
Warm B,75469,513,512,3130,1916,0,0.0093042245
Warm B,70194,474,473,3130,1916,0,0.007390149
Warm B,53493,352,351,3130,1916,0,0.009872833
Warm B,47268,319,318,3130,1916,0,0.013009068
Warm B,38791,264,263,3130,1916,0,0.008339863
Warm B,49204,329,328,3130,1916,0,0.012108643
Warm B,3554,26,25,3130,1916,0,0.013492797
Warm B,696420,4169,4168,3130,1916,0,0.014549106
Warm B,249873,1505,1504,3130,1916,0,0.00792538
Warm B,828738,4979,4978,3130,1916,0,0.0017474829
Warm B,171745,1088,1087,3130,1916,0,0.012735585
Warm B,195521,1203,1202,3130,1916,0,0.0066617467
Warm B,134355,869,868,3130,1916,0,0.011560554
Warm B,160166,1019,1018,3130,1916,0,0.013905764
Warm B,223593,1354,1353,3130,1916,1,0.011357777
Warm B,795501,4765,4764,3130,1916,0,0.0070853494
Warm B,992405,5996,5995,3130,1916,0,0.012555047
Warm B,941433,5682,5681,3130,1916,0,0.006710523
Warm B,304955,1812,1811,3130,1916,0,0.008689623
Warm B,574111,3514,3513,3134,1917,1,0.009610405
Warm B,567028,3481,3480,3134,1917,1,-0.0018660444
Warm B,565187,3474,3473,3134,1917,1,0.002842117
Warm B,556096,3417,3416,3134,1917,1,0.004859416
Warm B,552974,3402,3401,3134,1917,1,0.0099450275
Warm B,550258,3391,3390,3134,1917,1,0.01132673
Warm B,546862,3371,3370,3134,1917,1,0.005712782
Warm B,533404,3292,3291,3134,1917,1,0.009952657
Warm B,524516,3234,3233,3134,1917,1,-0.0069729523
Warm B,523223,3226,3225,3134,1917,1,0.0062059825
Warm B,513934,3171,3170,3134,1917,1,-0.00018954766
Warm B,616675,3732,3731,3134,1917,0,0.007165624
Warm B,508248,3128,3127,3134,1917,1,0.008233985
Warm B,713150,4277,4276,3134,1917,1,0.0047210334
Warm B,738182,4411,4410,3134,1917,1,0.012970111
Warm B,484141,2978,2977,3134,1917,1,-0.0005357927
Warm B,482749,2967,2966,3134,1917,1,0.005546178
Warm B,479505,2942,2941,3134,1917,1,0.008438785
Warm B,852650,5113,5112,3134,1917,1,0.0003047064
Warm B,466190,2874,2873,3134,1917,0,-0.0017395287
Warm B,461542,2847,2846,3134,1917,1,-0.0018685126
Warm B,459411,2829,2828,3134,1917,1,0.01268599
Warm B,458022,2820,2819,3134,1917,1,0.0009880762
Warm B,455870,2807,2806,3134,1917,1,0.015292855
Warm B,448469,2764,2763,3134,1917,1,0.014093574
Warm B,446889,2753,2752,3134,1917,1,0.002335045
Warm B,413427,2486,2485,3134,1917,1,0.006440453
Warm B,403139,2407,2406,3134,1917,1,0.0043571135
Warm B,401824,2397,2396,3134,1917,1,0.0062145586
Warm B,385317,2251,2250,3134,1917,1,0.010289726
Warm B,381682,2231,2230,3134,1917,1,0.006522513
Warm B,364816,2124,2123,3134,1917,1,0.008699885
Warm B,361705,2109,2108,3134,1917,1,0.010694871
Warm B,357522,2092,2091,3134,1917,0,0.01421036
Warm B,347416,2038,2037,3134,1917,1,0.0094741825
Warm B,342557,2015,2014,3134,1917,0,0.0074076015
Warm B,321505,1905,1904,3134,1917,1,0.008394641
Warm B,318953,1896,1895,3134,1917,1,-0.004753074
Warm B,323198,1916,1915,3134,1917,0,0.008352528
Warm B,315947,1882,1881,3134,1917,1,0.00576082
Warm B,312673,1863,1862,3134,1917,1,0.0027371875
Warm B,306037,1821,1820,3134,1917,1,0.0006876036
Warm B,302681,1797,1796,3134,1917,1,0.005794537
Warm B,282309,1693,1692,3134,1917,1,0.0032381683
Warm B,292371,1741,1740,3134,1917,1,0.0049442
Warm B,293811,1748,1747,3134,1917,1,0.0012231867
Warm B,269075,1632,1631,3134,1917,1,0.0036580947
Warm B,346248,2030,2029,3134,1917,1,0.0125370575
Warm B,256662,1569,1568,3134,1917,1,0.008392396
Warm B,256544,1567,1566,3134,1917,1,0.0036747493
Warm B,303294,1802,1801,3134,1917,1,-0.0015346427
Warm B,325446,1926,1925,3134,1917,1,0.0023544347
Warm B,284254,1698,1697,3134,1917,1,0.0070515377
Warm B,320156,1899,1898,3134,1917,1,0.010875944
Warm B,218301,1323,1322,3134,1917,1,0.013501615
Warm B,199495,1224,1223,3134,1917,1,0.014897447
Warm B,374149,2181,2180,3134,1917,1,0.012584622
Warm B,334643,1974,1973,3134,1917,1,0.005369545
Warm B,184403,1147,1146,3134,1917,1,0.0037129913
Warm B,180349,1128,1127,3134,1917,1,-0.0038748323
Warm B,191061,1181,1180,3134,1917,1,0.01105256
Warm B,160168,1019,1018,3134,1917,1,0.005529584
Warm B,158313,1015,1014,3134,1917,1,0.0044284966
Warm B,152000,977,976,3134,1917,1,-0.0021534367
Warm B,149017,958,957,3134,1917,1,-0.0001266941
Warm B,227851,1382,1381,3134,1917,1,0.015856003
Warm B,222106,1343,1342,3134,1917,1,0.005910837
Warm B,143000,922,921,3134,1917,0,0.0011756164
Warm B,138419,889,888,3134,1917,1,0.00799607
Warm B,201609,1242,1241,3134,1917,1,0.007614192
Warm B,131203,850,849,3134,1917,1,0.005384906
Warm B,694982,4164,4163,3134,1917,1,0.0055921986
Warm B,374845,2185,2184,3134,1917,1,0.009830446
Warm B,106806,702,701,3134,1917,0,0.012147302
Warm B,103593,688,687,3134,1917,1,0.00898367
Warm B,329387,1943,1942,3134,1917,0,0.014225572
Warm B,115679,750,749,3134,1917,1,0.0056810793
Warm B,85608,558,557,3134,1917,1,0.011050387
Warm B,69507,466,465,3134,1917,1,0.0032829102
Warm B,605261,3679,3678,3134,1917,0,-0.0014111393
Warm B,626848,3792,3791,3134,1917,0,0.008300172
Warm B,48787,327,326,3134,1917,1,0.0065109953
Warm B,133649,864,863,3134,1917,0,0.009953143
Warm B,947577,5722,5721,3134,1917,1,0.0036389267
Warm B,592025,3610,3609,3134,1917,0,0.0019792598
Warm B,8756,59,58,3134,1917,1,0.0071534617
Warm B,607722,3688,3687,3134,1917,1,0.002861556
Warm B,739419,4418,4417,3134,1917,1,-0.003354787
Warm B,74323,507,506,3134,1917,1,0.006273342
Warm B,24243,173,172,3134,1917,1,0.0093906615
Warm B,284874,1699,1698,3134,1917,1,0.0072782105
Warm B,249874,1505,1504,3134,1917,1,0.01097163
Warm B,744937,4448,4447,3134,1917,1,0.006511039
Warm B,369269,2159,2158,3134,1917,1,0.0034578599
Warm B,287751,1717,1716,3134,1917,1,0.0017394084
Warm B,208827,1274,1273,3134,1917,1,0.009905628
Warm B,841169,5054,5053,3134,1917,0,0.010544962
Warm B,497265,3054,3053,3134,1917,1,0.009519448
Warm B,322451,1912,1911,3134,1917,0,0.005955641
Warm B,421052,2544,2543,3134,1917,1,-0.0057964004
Warm B,171746,1088,1087,3134,1917,1,0.0058506187
Warm B,324983,1925,1924,3134,1917,0,0.004885594
Warm B,916702,5539,5538,3134,1917,1,0.011330474
Warm B,27934,195,194,3134,1917,1,0.0064221146
Warm B,176061,1113,1112,3134,1917,1,0.007580482
Warm B,691909,4140,4139,3135,1918,1,0.004978746
Warm B,743925,4447,4446,3135,1918,0,-0.00087983627
Warm B,685560,4098,4097,3135,1918,0,0.004778977
Warm B,678591,4064,4063,3135,1918,1,-0.0016424402
Warm B,678007,4063,4062,3135,1918,1,0.01220317
Warm B,675502,4053,4052,3135,1918,1,0.0008579285
Warm B,667095,4015,4014,3135,1918,0,0.00010074582
Warm B,665878,4007,4006,3135,1918,1,0.0033167754
Warm B,664064,3999,3998,3135,1918,1,0.002855008
Warm B,660406,3981,3980,3135,1918,0,0.0033929688
Warm B,648259,3903,3902,3135,1918,1,0.0014589301
Warm B,639164,3842,3841,3135,1918,0,-0.0021685874
Warm B,632481,3823,3822,3135,1918,1,0.0081362985
Warm B,638270,3841,3840,3135,1918,1,0.0020596026
Warm B,653574,3940,3939,3135,1918,1,0.0045468407
Warm B,619554,3754,3753,3135,1918,1,-0.0021950942
Warm B,744938,4448,4447,3135,1918,0,-0.0078077796
Warm B,611166,3705,3704,3135,1918,1,-0.0028791465
Warm B,726492,4345,4344,3135,1918,1,-0.007355514
Warm B,595268,3621,3620,3135,1918,1,-0.003663481
Warm B,590167,3600,3599,3135,1918,1,0.004172107
Warm B,587034,3585,3584,3135,1918,1,0.0037953318
Warm B,576208,3521,3520,3135,1918,1,-0.00065785274
Warm B,569285,3491,3490,3135,1918,1,0.00047270185
Warm B,593956,3618,3617,3135,1918,0,0.007045089
Warm B,566315,3476,3475,3135,1918,1,-0.009004394
Warm B,549101,3389,3388,3135,1918,0,0.009448038
Warm B,541243,3329,3328,3135,1918,1,0.0030503445
Warm B,533405,3292,3291,3135,1918,1,0.006602388
Warm B,522657,3224,3223,3135,1918,1,0.0018367162
Warm B,520064,3208,3207,3135,1918,0,0.012332856
Warm B,510533,3146,3145,3135,1918,1,0.0014467888
Warm B,509002,3131,3130,3135,1918,0,0.0034449785
Warm B,505190,3108,3107,3135,1918,0,0.0029540155
Warm B,485797,2990,2989,3135,1918,1,-0.019431792
Warm B,482750,2967,2966,3135,1918,1,0.005253857
Warm B,696423,4169,4168,3135,1918,1,0.0013858652
Warm B,471652,2901,2900,3135,1918,1,0.007096554
Warm B,567529,3483,3482,3135,1918,1,-0.00047189818
Warm B,466887,2878,2877,3135,1918,0,0.01131098
Warm B,462629,2854,2853,3135,1918,0,0.0026613986
Warm B,459173,2826,2825,3135,1918,0,-0.005217761
Warm B,464204,2860,2859,3135,1918,1,-0.0025163563
Warm B,897611,5428,5427,3135,1918,1,-0.0059844702
Warm B,564487,3471,3470,3135,1918,0,0.015425324
Warm B,470010,2895,2894,3135,1918,1,0.0015429526
Warm B,446890,2753,2752,3135,1918,1,0.0022480707
Warm B,443350,2733,2732,3135,1918,1,-0.00023062038
Warm B,442594,2726,2725,3135,1918,1,0.0011462343
Warm B,437972,2676,2675,3135,1918,1,-0.0023623402
Warm B,433659,2643,2642,3135,1918,0,0.014841816
Warm B,428054,2602,2601,3135,1918,0,-0.0014016251
Warm B,426974,2592,2591,3135,1918,0,-0.0031142503
Warm B,419819,2537,2536,3135,1918,0,0.009008231
Warm B,418127,2526,2525,3135,1918,1,0.0019173075
Warm B,411871,2476,2475,3135,1918,1,0.010635171
Warm B,414635,2496,2495,3135,1918,0,0.004128094
Warm B,411593,2472,2471,3135,1918,1,-0.0026186332
Warm B,398270,2368,2367,3135,1918,1,-0.0005813292
Warm B,436496,2665,2664,3135,1918,1,0.0019897097
Warm B,389003,2279,2278,3135,1918,0,0.005313848
Warm B,372301,2174,2173,3135,1918,1,-0.0056005
Warm B,372060,2173,2172,3135,1918,0,-0.004140439
Warm B,369958,2164,2163,3135,1918,1,-0.0049110856
Warm B,366978,2140,2139,3135,1918,1,0.00093037635
Warm B,364817,2124,2123,3135,1918,1,-0.0035565735
Warm B,347664,2039,2038,3135,1918,1,0.0036008966
Warm B,343672,2018,2017,3135,1918,1,-0.015363352
Warm B,340187,2008,2007,3135,1918,1,0.00676702
Warm B,344140,2020,2019,3135,1918,0,0.0049949726
Warm B,332240,1960,1959,3135,1918,1,0.0015550678
Warm B,282041,1692,1691,3135,1918,1,0.0060098013
Warm B,279417,1680,1679,3135,1918,1,0.0008719831
Warm B,269076,1632,1631,3135,1918,0,0.002372989
Warm B,260121,1591,1590,3135,1918,1,0.011882443
Warm B,350741,2059,2058,3135,1918,1,0.0036496178
Warm B,283216,1696,1695,3135,1918,1,0.007264137
Warm B,312366,1861,1860,3135,1918,1,0.002278179
Warm B,205874,1264,1263,3135,1918,0,-0.005969396
Warm B,213524,1298,1297,3135,1918,1,0.0090265805
Warm B,207541,1268,1267,3135,1918,1,-8.441153e-05
Warm B,199496,1224,1223,3135,1918,1,0.0039999
Warm B,197009,1209,1208,3135,1918,0,-0.0012958888
Warm B,188616,1170,1169,3135,1918,1,-0.00049906643
Warm B,177598,1119,1118,3135,1918,1,0.007782954
Warm B,167909,1068,1067,3135,1918,1,0.007421718
Warm B,162948,1040,1039,3135,1918,1,0.0027432495
Warm B,320157,1899,1898,3135,1918,1,-0.0007805838
Warm B,153105,984,983,3135,1918,1,0.010572637
Warm B,338187,1988,1987,3135,1918,1,0.008193145
Warm B,222107,1343,1342,3135,1918,1,-0.0036717914
Warm B,713151,4277,4276,3135,1918,1,0.0014658716
Warm B,315328,1880,1879,3135,1918,0,0.0045699906
Warm B,124520,801,800,3135,1918,1,0.0026551795
Warm B,135042,873,872,3135,1918,1,0.004372025
Warm B,106807,702,701,3135,1918,0,0.0017535775
Warm B,631633,3821,3820,3135,1918,0,1.7535873e-05
Warm B,284255,1698,1697,3135,1918,1,-0.0016079145
Warm B,89814,591,590,3135,1918,1,0.006089409
Warm B,191062,1181,1180,3135,1918,0,0.0028477046
Warm B,83228,549,548,3135,1918,1,0.002708317
Warm B,228332,1383,1382,3135,1918,1,-0.0022208202
Warm B,66577,445,444,3135,1918,1,-0.0018969867
Warm B,71565,481,480,3135,1918,1,0.0012778507
Warm B,63712,425,424,3135,1918,1,0.0017250209
Warm B,211046,1285,1284,3135,1918,1,0.012187326
Warm B,53499,352,351,3135,1918,1,-0.0008696136
Warm B,241276,1451,1450,3135,1918,1,0.0060275067
Warm B,42064,285,284,3135,1918,1,-0.0021149605
Warm B,145375,935,934,3135,1918,1,-0.0015421716
Warm B,537989,3312,3311,3135,1918,1,0.0004345174
Warm B,35214,238,237,3135,1918,1,0.002243236
Warm B,27505,193,192,3135,1918,1,-0.008099228
Warm B,21931,161,160,3135,1918,1,-0.0083743
Warm B,19838,149,148,3135,1918,1,0.0012941953
Warm B,123451,796,795,3135,1918,0,0.0047809905
Warm B,20359,150,149,3135,1918,1,-0.0035129436
Warm B,357523,2092,2091,3135,1918,1,-0.00665723
Warm B,421053,2544,2543,3135,1918,1,0.0023977978
Warm B,18597,146,145,3135,1918,1,0.0033766152
Warm B,552422,3401,3400,3135,1918,0,0.007958751
Warm B,524423,3233,3232,3135,1918,1,-0.0013691828
Warm B,158314,1015,1014,3135,1918,1,0.0015930904
Warm B,249875,1505,1504,3135,1918,1,0.006430652
Warm B,339204,1998,1997,3135,1918,0,0.014773346
Warm B,383252,2239,2238,3135,1918,0,-0.0019322967
Warm B,204613,1260,1259,3135,1918,1,-0.00367505
Warm B,680684,4079,4078,3135,1918,1,-0.0013283229
Warm B,633351,3824,3823,3135,1918,0,0.009560677
Warm B,47271,319,318,3135,1918,1,0.0048274677
Warm B,841170,5054,5053,3135,1918,0,0.008444985
Warm B,384493,2246,2245,3135,1918,1,-0.0037443256
Warm B,319398,1897,1896,3135,1918,1,0.007267712
Warm B,739420,4418,4417,3135,1918,0,0.0026171224
Warm B,555048,3413,3412,3135,1918,1,-0.0021475102
Warm B,102348,678,677,3138,1919,0,0.018694174
Warm B,204615,1260,1259,3138,1919,0,0.01977326
Warm B,397927,2362,2361,3138,1919,1,0.0056741443
Warm B,764029,4543,4542,3138,1919,0,0.006766339
Warm B,111678,727,726,3138,1919,0,0.016717141
Warm B,974368,5878,5877,3138,1919,0,0.014585126
Warm B,160180,1019,1018,3141,1920,0,0.0069856877
Warm B,141557,911,910,3141,1920,1,0.009920441
Warm B,539953,3320,3319,3142,1921,1,0.024859391
Warm B,514568,3178,3177,3142,1921,0,0.011581509
Warm B,605852,3681,3680,3142,1921,1,0.016624784
Warm B,508687,3129,3128,3142,1921,1,0.018638019
Warm B,504829,3106,3105,3142,1921,0,0.007169456
Warm B,480969,2953,2952,3142,1921,0,0.013910338
Warm B,474918,2914,2913,3142,1921,1,0.0042107385
Warm B,515542,3182,3181,3142,1921,0,0.015891327
Warm B,462633,2854,2853,3142,1921,0,0.012148043
Warm B,457381,2818,2817,3142,1921,0,0.013723658
Warm B,451792,2781,2780,3142,1921,1,0.007317248
Warm B,459176,2826,2825,3142,1921,0,0.008383698
Warm B,429509,2615,2614,3142,1921,1,0.0018659369
Warm B,415947,2505,2504,3142,1921,1,0.009828804
Warm B,416688,2507,2506,3142,1921,0,0.015346278
Warm B,404590,2419,2418,3142,1921,0,0.01894396
Warm B,399132,2376,2375,3142,1921,0,0.032795727
Warm B,387036,2263,2262,3142,1921,0,0.01380714
Warm B,377874,2205,2204,3142,1921,0,0.0127692465
Warm B,369190,2158,2157,3142,1921,1,0.0007917611
Warm B,364823,2124,2123,3142,1921,1,0.012713849
Warm B,358915,2100,2099,3142,1921,1,0.016552296
Warm B,295303,1753,1752,3142,1921,1,0.013816619
Warm B,274755,1661,1660,3142,1921,1,0.010256279
Warm B,284877,1699,1698,3142,1921,0,0.020845369
Warm B,269085,1632,1631,3142,1921,0,0.021631856
Warm B,252059,1525,1524,3142,1921,0,3.887713e-05
Warm B,247198,1494,1493,3142,1921,0,0.01826717
Warm B,284267,1698,1697,3142,1921,1,0.01915374
Warm B,215323,1305,1304,3142,1921,1,0.007481229
Warm B,289383,1727,1726,3142,1921,1,0.013770577
Warm B,296514,1758,1757,3142,1921,1,0.026928231
Warm B,592031,3610,3609,3142,1921,0,0.0073429453
Warm B,197012,1209,1208,3142,1921,1,0.011942572
Warm B,214924,1303,1302,3142,1921,0,0.017166505
Warm B,307516,1835,1834,3142,1921,1,0.010526058
Warm B,226143,1369,1368,3142,1921,0,0.00751716
Warm B,212966,1297,1296,3142,1921,0,0.007831972
Warm B,221431,1340,1339,3142,1921,0,0.016649127
Warm B,133541,863,862,3142,1921,1,0.009959924
Warm B,180355,1128,1127,3142,1921,0,0.010384757
Warm B,127950,826,825,3142,1921,1,0.0032015718
Warm B,211056,1285,1284,3142,1921,1,0.02081249
Warm B,116316,752,751,3142,1921,0,0.008438732
Warm B,112890,732,731,3142,1921,1,0.012646854
Warm B,160181,1019,1018,3142,1921,0,0.0031860087
Warm B,108066,710,709,3142,1921,0,0.005907922
Warm B,239047,1448,1447,3142,1921,1,0.017746942
Warm B,83239,549,548,3142,1921,1,0.025861321
Warm B,74426,508,507,3142,1921,1,0.008789072
Warm B,201619,1242,1241,3142,1921,1,0.013205232
Warm B,45168,305,304,3142,1921,0,0.0033329774
Warm B,38210,261,260,3142,1921,1,0.008227154
Warm B,947579,5722,5721,3142,1921,0,0.0077945907
Warm B,18051,139,138,3142,1921,0,0.01870928
Warm B,9171,62,61,3142,1921,1,0.0008232384
Warm B,6691,48,47,3142,1921,1,0.002292583
Warm B,24255,173,172,3142,1921,1,0.011033376
Warm B,19254,148,147,3142,1921,1,0.015536757
Warm B,167118,1063,1062,3142,1921,1,0.0118276635
Warm B,873963,5277,5276,3142,1921,0,0.015853383
Warm B,265151,1611,1610,3142,1921,1,0.012511725
Warm B,241287,1451,1450,3142,1921,1,0.0086965095
Warm B,161369,1029,1028,3142,1921,0,0.016840296
Warm B,958851,5787,5786,3142,1921,1,0.01462307
Warm B,229662,1390,1389,3142,1921,1,0.016083177
Warm B,473765,2909,2908,3142,1921,0,0.011525959
Warm B,5218,36,35,3142,1921,1,0.01996763
Warm B,639172,3842,3841,3142,1921,0,0.012966536
Warm B,63064,424,423,3142,1921,1,0.012339793
Warm B,333921,1969,1968,3165,1934,0,0.0044160048
Warm B,634074,3825,3824,3167,1935,0,0.0025674866
Warm B,632505,3823,3822,3167,1935,1,0.0023728018
Warm B,629593,3808,3807,3167,1935,0,0.003901701
Warm B,638307,3841,3840,3167,1935,0,0.008192717
Warm B,622735,3769,3768,3167,1935,0,-0.003675714
Warm B,616218,3729,3728,3167,1935,1,-0.0032564462
Warm B,613944,3718,3717,3167,1935,1,0.0022358526
Warm B,611201,3705,3704,3167,1935,1,0.0059775896
Warm B,587042,3585,3584,3167,1935,0,-0.0059072333
Warm B,577956,3529,3528,3167,1935,0,0.0026469822
Warm B,594007,3618,3617,3167,1935,0,0.009722801
Warm B,563771,3469,3468,3167,1935,0,-0.0011489054
Warm B,549502,3390,3389,3167,1935,1,0.01896548
Warm B,632048,3822,3821,3167,1935,1,0.0037938626
Warm B,547999,3380,3379,3167,1935,0,0.00412407
Warm B,539589,3319,3318,3167,1935,0,0.0034488225
Warm B,558238,3428,3427,3167,1935,1,0.00955539
Warm B,533433,3292,3291,3167,1935,0,0.008644801
Warm B,522702,3224,3223,3167,1935,1,0.006902911
Warm B,519813,3207,3206,3167,1935,0,0.0032997974
Warm B,518802,3201,3200,3167,1935,1,0.006989235
Warm B,509527,3138,3137,3167,1935,0,0.0032716366
Warm B,505204,3108,3107,3167,1935,0,0.009168474
Warm B,797633,4784,4783,3167,1935,1,0.0023850896
Warm B,546125,3367,3366,3167,1935,1,0.007970853
Warm B,494276,3032,3031,3167,1935,1,-0.0045963526
Warm B,696467,4169,4168,3167,1935,1,0.0047941576
Warm B,794622,4753,4752,3167,1935,0,-0.005435259
Warm B,601656,3658,3657,3167,1935,0,-0.003982697
Warm B,459183,2826,2825,3167,1935,1,0.0041353684
Warm B,446906,2753,2752,3167,1935,1,-0.00010555587
Warm B,439622,2685,2684,3167,1935,0,0.005735004
Warm B,414924,2497,2496,3167,1935,1,0.003397018
Warm B,406463,2438,2437,3167,1935,1,0.0033590568
Warm B,464224,2860,2859,3167,1935,1,0.0071633956
Warm B,396678,2348,2347,3167,1935,1,0.0048870547
Warm B,389012,2279,2278,3167,1935,1,0.00067364424
Warm B,381696,2231,2230,3167,1935,0,0.0024516215
Warm B,378759,2211,2210,3167,1935,1,0.001775899
Warm B,372071,2173,2172,3167,1935,1,0.0045227027
Warm B,366987,2140,2139,3167,1935,0,0.00025676517
Warm B,364834,2124,2123,3167,1935,1,0.00399427
Warm B,359452,2102,2101,3167,1935,0,0.0055706385
Warm B,361740,2109,2108,3167,1935,0,0.008621623
Warm B,347423,2038,2037,3167,1935,1,0.011220798
Warm B,340193,2008,2007,3167,1935,1,0.0044349064
Warm B,325466,1926,1925,3167,1935,1,0.0012060528
Warm B,323215,1916,1915,3167,1935,1,0.002293304
Warm B,318409,1891,1890,3167,1935,0,0.009986391
Warm B,298349,1768,1767,3167,1935,0,0.0028436962
Warm B,291996,1740,1739,3167,1935,1,-0.003308903
Warm B,279484,1680,1679,3167,1935,1,0.0074026166
Warm B,271636,1642,1641,3167,1935,1,-0.000754823
Warm B,269099,1632,1631,3167,1935,0,-0.002093539
Warm B,259539,1587,1586,3167,1935,0,-0.00073687616
Warm B,631661,3821,3820,3167,1935,1,0.004385329
Warm B,226770,1375,1374,3167,1935,0,0.0046857223
Warm B,225104,1361,1360,3167,1935,1,-0.0019424648
Warm B,320179,1899,1898,3167,1935,1,0.0046568154
Warm B,218046,1322,1321,3167,1935,0,0.0055302726
Warm B,244050,1470,1469,3167,1935,0,-0.0021590935
Warm B,188627,1170,1169,3167,1935,1,0.005616069
Warm B,153132,984,983,3167,1935,0,-3.813207e-05
Warm B,338212,1988,1987,3167,1935,1,0.004850073
Warm B,185448,1150,1149,3167,1935,1,-0.0034837076
Warm B,138474,889,888,3167,1935,0,0.003889213
Warm B,135046,873,872,3167,1935,0,0.005552635
Warm B,201634,1242,1241,3167,1935,1,-0.0005490477
Warm B,315359,1880,1879,3167,1935,1,0.005064122
Warm B,160199,1019,1018,3167,1935,1,0.0044283518
Warm B,106822,702,701,3167,1935,0,0.015316865
Warm B,83264,549,548,3167,1935,1,0.006360869
Warm B,77650,524,523,3167,1935,1,0.006204808
Warm B,211082,1285,1284,3167,1935,1,-0.005675955
Warm B,61206,412,411,3167,1935,0,0.010820896
Warm B,145392,935,934,3167,1935,1,-0.0028948341
Warm B,46791,314,313,3167,1935,1,0.001322815
Warm B,31930,216,215,3167,1935,1,0.014174502
Warm B,88872,587,586,3167,1935,1,0.009200448
Warm B,947582,5722,5721,3167,1935,1,0.001672409
Warm B,9805,67,66,3167,1935,1,-0.001607293
Warm B,15488,123,122,3167,1935,0,0.008851582
Warm B,4540,33,32,3167,1935,0,0.0004907155
Warm B,357548,2092,2091,3167,1935,1,0.010458753
Warm B,60607,411,410,3167,1935,0,0.0016441123
Warm B,55243,366,365,3167,1935,1,0.0063947295
Warm B,56247,375,374,3167,1935,0,8.038618e-05
Warm B,458054,2820,2819,3167,1935,1,0.0047119604
Warm B,552451,3401,3400,3167,1935,0,0.0038192715
Warm B,234189,1422,1421,3167,1935,0,-0.0023616955
Warm B,843977,5074,5073,3167,1935,1,0.008922665
Warm B,158361,1015,1014,3167,1935,1,0.0046946835
Warm B,249890,1505,1504,3167,1935,1,-0.0003230886
Warm B,713175,4277,4276,3167,1935,0,0.005843655
Warm B,287771,1717,1716,3167,1935,1,0.0070113796
Warm B,841182,5054,5053,3167,1935,1,0.013917532
Warm B,319422,1897,1896,3167,1935,1,0.00044163084
Warm B,993886,6002,6001,3167,1935,0,0.008596193
Warm B,739424,4418,4417,3167,1935,0,0.0021590828
Warm B,276313,1671,1670,3167,1935,1,0.0058605806
Warm B,290325,1733,1732,3167,1935,1,0.008294212
Warm B,821592,4940,4939,3167,1935,1,0.013078629
Warm B,916712,5539,5538,3167,1935,1,0.0072913147
Warm B,63085,424,423,3167,1935,1,0.0054381024
Warm B,747945,4463,4462,3167,1935,1,0.005065256
Warm B,793428,4744,4743,3167,1935,0,0.008361025
Warm B,580022,3540,3539,3177,1942,0,0.005984826
Warm B,579492,3539,3538,3177,1942,0,0.018645756
Warm B,578530,3536,3535,3177,1942,0,-0.0030720786
Warm B,569334,3491,3490,3177,1942,0,0.008871915
Warm B,581366,3550,3549,3177,1942,1,0.013775177
Warm B,562099,3458,3457,3177,1942,0,0.011276411
Warm B,547268,3375,3374,3177,1942,1,0.0012827924
Warm B,541524,3332,3331,3177,1942,1,0.014588151
Warm B,537286,3311,3310,3177,1942,0,0.010877491
Warm B,532760,3290,3289,3177,1942,0,0.0008565409
Warm B,527525,3261,3260,3177,1942,0,0.004936609
Warm B,525487,3245,3244,3177,1942,0,0.0010370074
Warm B,521766,3219,3218,3177,1942,0,0.008065216
Warm B,518352,3199,3198,3177,1942,0,0.0079267295
Warm B,517437,3193,3192,3177,1942,1,0.006105991
Warm B,516094,3185,3184,3177,1942,0,0.0030822123
Warm B,515572,3182,3181,3177,1942,0,0.009586226
Warm B,510901,3149,3148,3177,1942,1,0.0048913313
Warm B,510385,3144,3143,3177,1942,1,0.006896925
Warm B,509080,3133,3132,3177,1942,1,-0.0035085478
Warm B,498983,3066,3065,3177,1942,0,0.010346944
Warm B,753316,4489,4488,3177,1942,0,0.007177937
Warm B,487942,3001,3000,3177,1942,0,0.0114114
Warm B,455014,2800,2799,3177,1942,0,-0.0008503415
Warm B,412895,2484,2483,3177,1942,0,0.017837262
Warm B,387043,2263,2262,3177,1942,0,0.0066362354
Warm B,384380,2245,2244,3177,1942,0,-0.005780262
Warm B,382618,2236,2235,3177,1942,0,0.0067949183
Warm B,378941,2212,2211,3177,1942,0,0.00883754
Warm B,370528,2166,2165,3177,1942,0,0.0105937915
Warm B,367956,2148,2147,3177,1942,1,0.0073051276
Warm B,355552,2081,2080,3177,1942,0,0.0048842737
Warm B,361754,2109,2108,3177,1942,0,0.0010521995
Warm B,358931,2100,2099,3177,1942,0,0.011502801
Warm B,340750,2010,2009,3177,1942,0,0.009980177
Warm B,334172,1970,1969,3177,1942,0,-0.0016503653
Warm B,363175,2116,2115,3177,1942,0,0.014187542
Warm B,321868,1910,1909,3177,1942,1,0.010957548
Warm B,306229,1824,1823,3177,1942,0,0.008771208
Warm B,304309,1807,1806,3177,1942,1,0.0019524863
Warm B,330555,1951,1950,3177,1942,0,0.015221316
Warm B,300930,1785,1784,3177,1942,0,0.004704121
Warm B,285049,1700,1699,3177,1942,1,0.0070690825
Warm B,297598,1764,1763,3177,1942,1,0.008746495
Warm B,277811,1676,1675,3177,1942,0,0.007921981
Warm B,285981,1706,1705,3177,1942,0,0.0051061194
Warm B,250932,1514,1513,3177,1942,0,0.008496748
Warm B,281915,1691,1690,3177,1942,0,0.0024781083
Warm B,296839,1759,1758,3177,1942,0,0.011654671
Warm B,204967,1261,1260,3177,1942,1,-0.0015875248
Warm B,201182,1241,1240,3177,1942,1,-0.0021168073
Warm B,173130,1097,1096,3177,1942,0,0.005299904
Warm B,163468,1047,1046,3177,1942,0,0.00792728
Warm B,230568,1395,1394,3177,1942,1,0.008416634
Warm B,146272,940,939,3177,1942,0,0.0025500087
Warm B,185470,1150,1149,3177,1942,0,0.017561816
Warm B,138501,889,888,3177,1942,0,0.013694853
Warm B,135176,875,874,3177,1942,1,-0.0044189002
Warm B,133358,861,860,3177,1942,0,0.009140019
Warm B,128574,832,831,3177,1942,0,-0.0015393418
Warm B,114916,746,745,3177,1942,0,0.010664044
Warm B,166787,1060,1059,3177,1942,1,0.008714038
Warm B,103455,687,686,3177,1942,0,0.0004886878
Warm B,100902,673,672,3177,1942,0,0.0047489824
Warm B,91658,608,607,3177,1942,0,0.008158298
Warm B,176082,1113,1112,3177,1942,0,0.0123937735
Warm B,87541,572,571,3177,1942,0,0.0044449866
Warm B,119347,770,769,3177,1942,0,0.0073174806
Warm B,81770,543,542,3177,1942,1,0.004534237
Warm B,64290,429,428,3177,1942,0,0.0009700047
Warm B,251194,1516,1515,3177,1942,0,0.017459823
Warm B,317799,1889,1888,3177,1942,0,0.02073115
Warm B,88876,587,586,3177,1942,0,0.007924559
Warm B,139225,890,889,3177,1942,1,0.0029837426
Warm B,41728,284,283,3177,1942,0,0.0053574312
Warm B,39514,268,267,3177,1942,0,0.0023693256
Warm B,40697,273,272,3177,1942,0,0.01073467
Warm B,888821,5367,5366,3177,1942,0,0.008500332
Warm B,88217,582,581,3177,1942,1,0.010295328
Warm B,433224,2641,2640,3177,1942,0,0.0028811758
Warm B,22436,163,162,3177,1942,1,0.009110769
Warm B,210213,1284,1283,3177,1942,0,0.010011034
Warm B,352040,2063,2062,3177,1942,0,0.019154284
Warm B,287314,1715,1714,3177,1942,0,0.00225488
Warm B,355021,2077,2076,3177,1942,0,0.008752957
Warm B,548573,3386,3385,3177,1942,0,-0.0015352971
Warm B,45346,306,305,3177,1942,0,0.0027427475
Warm B,55554,368,367,3177,1942,0,0.0058520557
Warm B,371050,2168,2167,3177,1942,0,0.0050941575
Warm B,622233,3768,3767,3177,1942,0,0.00967887
Warm B,290345,1733,1732,3177,1942,0,0.017655615
Warm B,273073,1647,1646,3177,1942,0,0.011797117
Warm B,272275,1645,1644,3177,1942,0,0.014901925
Warm B,78541,528,527,3177,1942,0,0.015292256
Warm B,310752,1851,1850,3177,1942,0,0.006634422
Warm B,863909,5205,5204,3177,1942,0,0.008868909
Warm B,13134,102,101,3177,1942,0,0.010086294
Warm B,933523,5636,5635,3177,1942,0,0.011498067
Warm B,476407,2926,2925,3177,1942,0,0.008187704
Warm B,136705,881,880,3177,1942,0,0.017863689
Warm B,532231,3285,3284,3177,1942,0,0.0056586335
Warm B,511180,3152,3151,3177,1942,0,-0.0005532288
Warm B,785788,4697,4696,3177,1942,1,0.0071484568
Warm B,941451,5682,5681,3177,1942,1,0.0013238005
Warm B,461569,2847,2846,3177,1942,0,0.0031108677
Warm B,83282,549,548,3177,1942,0,0.011520626
Warm B,33907,229,228,3177,1942,0,0.0046763937
Warm B,382063,2232,2231,3177,1942,0,0.009421401
Warm B,116376,752,751,3180,1945,0,0.0057245772
Warm B,32475,218,217,3180,1945,0,-0.0020365268
Warm B,31504,214,213,3180,1945,0,0.012108726
Warm B,29736,202,201,3180,1945,0,0.0025429837
Warm B,764053,4543,4542,3180,1945,0,0.0070059737
Warm B,119355,770,769,3180,1945,0,0.00838215
Warm B,363187,2116,2115,3180,1945,0,-0.0049679987
Warm B,499554,3067,3066,3180,1945,0,0.0026749042
Warm B,52980,349,348,3180,1945,0,0.008300791
Warm B,179695,1125,1124,3180,1945,0,0.00095281657
Warm B,448760,2765,2764,3181,1946,1,0.007840611
Warm B,444104,2738,2737,3181,1946,1,0.0024592313
Warm B,580029,3540,3539,3181,1946,1,-0.006439576
Warm B,574332,3516,3515,3181,1946,1,0.0061237565
Warm B,427253,2593,2592,3181,1946,1,0.004902667
Warm B,426252,2589,2588,3181,1946,1,0.0057993904
Warm B,428614,2608,2607,3181,1946,0,0.016238168
Warm B,421416,2545,2544,3181,1946,0,0.010482585
Warm B,415803,2504,2503,3181,1946,0,0.00478613
Warm B,411084,2466,2465,3181,1946,0,0.0067098886
Warm B,399157,2376,2375,3181,1946,1,0.00822986
Warm B,428155,2604,2603,3181,1946,1,-0.0042642243
Warm B,391667,2303,2302,3181,1946,1,0.0010924053
Warm B,386656,2261,2260,3181,1946,1,0.0067061596
Warm B,382941,2237,2236,3181,1946,1,0.0031044157
Warm B,372079,2173,2172,3181,1946,0,0.009677755
Warm B,340761,2010,2009,3181,1946,0,0.009328629
Warm B,337508,1984,1983,3181,1946,0,0.005283469
Warm B,360918,2106,2105,3181,1946,1,-0.0011221357
Warm B,274451,1658,1657,3181,1946,1,0.008183535
Warm B,269123,1632,1631,3181,1946,0,0.006071306
Warm B,246381,1489,1488,3181,1946,0,0.008381029
Warm B,325481,1926,1925,3181,1946,1,0.0012147715
Warm B,244072,1470,1469,3181,1946,1,0.0034335682
Warm B,294380,1749,1748,3181,1946,0,0.0023003893
Warm B,196612,1207,1206,3181,1946,1,0.008985158
Warm B,181467,1134,1133,3181,1946,1,-0.0014452009
Warm B,175046,1109,1108,3181,1946,1,0.0008903905
Warm B,263466,1605,1604,3181,1946,1,-4.9333554e-05
Warm B,168551,1069,1068,3181,1946,0,0.013533245
Warm B,153158,984,983,3181,1946,0,0.012866823
Warm B,150089,966,965,3181,1946,0,0.0073415884
Warm B,217170,1317,1316,3181,1946,1,0.008566285
Warm B,138516,889,888,3181,1946,0,0.008855882
Warm B,178227,1120,1119,3181,1946,1,0.008299651
Warm B,248418,1499,1498,3181,1946,0,0.0075105606
Warm B,115145,748,747,3181,1946,1,0.006980328
Warm B,114920,746,745,3181,1946,0,0.010661867
Warm B,223090,1352,1351,3181,1946,1,-0.0016674343
Warm B,100911,673,672,3181,1946,1,-0.0061756214
Warm B,109356,714,713,3181,1946,1,0.007015856
Warm B,177054,1117,1116,3181,1946,1,0.0047130925
Warm B,77674,524,523,3181,1946,1,0.007937847
Warm B,113876,738,737,3181,1946,0,-0.0014962138
Warm B,65449,438,437,3181,1946,1,0.004910279
Warm B,155416,1001,1000,3181,1946,1,0.014057326
Warm B,784148,4682,4681,3181,1946,1,0.009260126
Warm B,67053,451,450,3181,1946,1,-0.0028854846
Warm B,317807,1889,1888,3181,1946,0,0.010341452
Warm B,41440,281,280,3181,1946,0,0.002956707
Warm B,864248,5208,5207,3181,1946,1,0.0058228616
Warm B,34102,230,229,3181,1946,1,0.007137533
Warm B,235088,1425,1424,3181,1946,1,0.0063645793
Warm B,720129,4312,4311,3181,1946,1,0.0031747848
Warm B,153803,988,987,3181,1946,0,0.00028911885
Warm B,133457,862,861,3181,1946,0,0.004718928
Warm B,223643,1354,1353,3181,1946,1,-0.00078541343
Warm B,55257,366,365,3181,1946,1,0.004474492
Warm B,206985,1266,1265,3181,1946,0,-0.0001437185
Warm B,93046,623,622,3181,1946,1,0.008484909
Warm B,450077,2775,2774,3181,1946,1,0.008843513
Warm B,158391,1015,1014,3181,1946,1,0.005905118
Warm B,808550,4842,4841,3181,1946,1,0.0046411897
Warm B,93350,624,623,3181,1946,0,-0.0023064525
Warm B,28051,195,194,3181,1946,1,0.014569674
Warm B,149663,963,962,3181,1946,1,0.0011877784
Warm B,34681,235,234,3181,1946,1,0.0001438777
Warm B,129529,839,838,3181,1946,1,0.005652706
Warm B,238056,1447,1446,3181,1946,1,0.018358141
Warm B,713188,4277,4276,3181,1946,0,0.020446392
Warm B,392901,2307,2306,3181,1946,1,0.020900302
Warm B,182096,1137,1136,3181,1946,1,0.018107928
Warm B,895699,5413,5412,3181,1946,0,0.0045571392
Warm B,750454,4478,4477,3181,1946,1,0.008845
Warm B,384504,2246,2245,3181,1946,1,0.0018372129
Warm B,567579,3483,3482,3181,1946,0,0.015267381
Warm B,804329,4816,4815,3181,1946,1,0.0067891893
Warm B,564543,3471,3470,3181,1946,0,0.019286785
Warm B,801448,4802,4801,3181,1946,1,0.016651567
Warm B,484335,2980,2979,3181,1946,1,-0.0004972761
Warm B,744968,4448,4447,3181,1946,1,0.012391401
Warm B,329434,1943,1942,3181,1946,1,0.021326937
Warm B,352053,2063,2062,3181,1946,0,0.002567756
Warm B,229340,1389,1388,3181,1946,1,0.009360036
Warm B,160222,1019,1018,3181,1946,1,0.010921385
Warm B,309680,1842,1841,3181,1946,1,0.006889359
Warm B,117197,755,754,3181,1946,0,0.00092531845
Warm B,195576,1203,1202,3181,1946,1,0.004946501
Warm B,772711,4607,4606,3181,1946,1,0.017446626
Warm B,206398,1265,1264,3181,1946,1,0.010468712
Warm B,211118,1285,1284,3181,1946,0,0.011810651
Warm B,841189,5054,5053,3181,1946,0,-0.0018843233
Warm B,285392,1701,1700,3181,1946,1,0.0041788183
Warm B,986669,5956,5955,3181,1946,0,0.010665571
Warm B,699723,4186,4185,3181,1946,0,0.019948676
Warm B,144393,930,929,3181,1946,0,0.015414374
Warm B,290350,1733,1732,3181,1946,1,0.0160937
Warm B,966875,5831,5830,3181,1946,1,0.01477294
Warm B,886934,5359,5358,3181,1946,0,0.009888095
Warm B,171820,1088,1087,3181,1946,1,0.019396063
Warm B,187713,1164,1163,3181,1946,1,7.8569865e-05
Warm B,193761,1194,1193,3181,1946,0,0.0048999935
Warm B,372662,2176,2175,3181,1946,1,0.0088409865
Warm B,284320,1698,1697,3182,1947,1,0.0041220374
Warm B,215324,1305,1304,3182,1947,1,0.002495091
Warm B,211120,1285,1284,3182,1947,1,0.017402962
Warm B,208855,1274,1273,3182,1947,1,0.012197185
Warm B,201653,1242,1241,3182,1947,1,0.009640351
Warm B,294382,1749,1748,3182,1947,1,0.005889207
Warm B,293231,1746,1745,3182,1947,1,0.0027110851
Warm B,214962,1303,1302,3182,1947,1,0.0106500685
Warm B,184415,1147,1146,3182,1947,1,-0.0058661597
Warm B,180382,1128,1127,3182,1947,0,0.0014283671
Warm B,308753,1837,1836,3182,1947,1,0.021478329
Warm B,301091,1789,1788,3182,1947,1,0.014690141
Warm B,246912,1491,1490,3182,1947,1,0.006160183
Warm B,155418,1001,1000,3182,1947,1,0.019497711
Warm B,733512,4386,4385,3182,1947,0,0.0121880695
Warm B,212988,1297,1296,3182,1947,1,7.9402234e-05
Warm B,149022,958,957,3182,1947,1,0.002270412
Warm B,185483,1150,1149,3182,1947,1,0.013083871
Warm B,137373,886,885,3182,1947,0,-0.0041862847
Warm B,131243,850,849,3182,1947,1,0.008364622
Warm B,200092,1228,1227,3182,1947,0,0.00017566339
Warm B,129531,839,838,3182,1947,0,0.007214372
Warm B,132559,855,854,3182,1947,1,0.0030330166
Warm B,292790,1743,1742,3182,1947,1,0.00509998
Warm B,101710,677,676,3182,1947,1,0.0037434436
Warm B,89601,590,589,3182,1947,1,0.0053962544
Warm B,53624,352,351,3182,1947,0,-0.003666704
Warm B,325482,1926,1925,3182,1947,1,0.0020920965
Warm B,88880,587,586,3182,1947,1,0.008213808
Warm B,33420,225,224,3182,1947,0,-0.00045042485
Warm B,290353,1733,1732,3182,1947,0,0.004811456
Warm B,314393,1877,1876,3182,1947,1,0.0044617048
Warm B,127534,823,822,3182,1947,1,0.00406833
Warm B,268041,1628,1627,3182,1947,1,0.005854086
Warm B,1314,11,10,3182,1947,0,0.0133823585
Warm B,239096,1448,1447,3182,1947,1,0.008239916
Warm B,344174,2020,2019,3182,1947,1,0.0072400887
Warm B,764055,4543,4542,3182,1947,1,0.0006785863
Warm B,713189,4277,4276,3182,1947,1,0.0075323405
Warm B,877019,5300,5299,3182,1947,1,0.002300838
Warm B,999975,6040,6039,3182,1947,1,0.0032008295
Warm B,176085,1113,1112,3182,1947,1,0.010194221
Warm B,18237,140,139,3182,1947,0,0.00035544496
Warm B,19915,149,148,3182,1947,1,0.013117471
Warm B,258507,1584,1583,3182,1947,0,0.0044443174
Warm B,24304,173,172,3182,1947,1,0.005650043
Warm B,47385,319,318,3182,1947,1,0.0032600178
Warm B,557778,3425,3424,3182,1947,1,-0.0038379151
Warm B,309682,1842,1841,3182,1947,1,0.00721825
Warm B,329436,1943,1942,3182,1947,1,0.010733906
Warm B,635672,3832,3831,3182,1947,0,0.0045134276
Warm B,893021,5394,5393,3182,1947,1,0.012404151
Warm B,960297,5792,5791,3182,1947,1,0.0064434772
Warm B,261221,1597,1596,3182,1947,1,-0.0073016486
Warm B,157026,1010,1009,3182,1947,0,0.00607028
Warm B,795508,4765,4764,3182,1947,1,0.008597112
Warm B,16637,131,130,3182,1947,1,-0.007510335
Warm B,105656,698,697,3182,1947,1,0.0101614315
Warm B,433684,2643,2642,3182,1947,0,0.0020764435
Warm B,63124,424,423,3182,1947,1,0.009427756
Warm B,193762,1194,1193,3182,1947,1,0.016518792
Warm B,826098,4960,4959,3182,1947,1,0.0005749187
Warm B,346662,2031,2030,3182,1947,0,0.0020386481
Warm B,550328,3391,3390,3182,1947,1,0.0060411743
Warm B,375162,2186,2185,3190,1951,0,0.0031782137
Warm B,370760,2167,2166,3190,1951,0,0.0060221395
Warm B,365996,2130,2129,3190,1951,1,0.0009291292
Warm B,363207,2116,2115,3190,1951,0,0.019164838
Warm B,355558,2081,2080,3190,1951,0,-0.0019995538
Warm B,356472,2088,2087,3190,1951,0,0.013181093
Warm B,352080,2063,2062,3190,1951,0,0.015061195
Warm B,349126,2048,2047,3190,1951,1,0.0027051126
Warm B,340783,2010,2009,3190,1951,0,0.007856227
Warm B,339894,2004,2003,3190,1951,0,0.008639671
Warm B,336610,1981,1980,3190,1951,0,-0.00030698892
Warm B,324689,1923,1922,3190,1951,0,-0.0015495488
Warm B,330175,1948,1947,3190,1951,0,0.0073474837
Warm B,324503,1922,1921,3190,1951,0,0.007232122
Warm B,309062,1838,1837,3190,1951,0,0.005809991
Warm B,305492,1817,1816,3190,1951,0,0.013691163
Warm B,300933,1785,1784,3190,1951,0,0.00411601
Warm B,298721,1774,1773,3190,1951,0,0.0015100085
Warm B,296848,1759,1758,3190,1951,0,0.00777643
Warm B,289737,1730,1729,3190,1951,0,0.000592462
Warm B,289831,1732,1731,3190,1951,0,-0.0019025163
Warm B,297613,1764,1763,3190,1951,1,0.0019673822
Warm B,290364,1733,1732,3190,1951,0,0.013046878
Warm B,275635,1667,1666,3190,1951,0,0.008910887
Warm B,277066,1675,1674,3190,1951,0,0.017087914
Warm B,271507,1641,1640,3190,1951,0,0.0053921402
Warm B,266679,1617,1616,3190,1951,0,0.008152312
Warm B,261425,1598,1597,3190,1951,0,0.0043330146
Warm B,256261,1563,1562,3190,1951,0,0.00535597
Warm B,253929,1544,1543,3190,1951,0,0.0048648994
Warm B,267623,1626,1625,3190,1951,0,0.0032995162
Warm B,246055,1487,1486,3190,1951,0,0.0026343074
Warm B,321355,1904,1903,3190,1951,0,0.01017152
Warm B,226173,1369,1368,3190,1951,0,0.016466744
Warm B,224735,1358,1357,3190,1951,0,0.008026909
Warm B,224250,1356,1355,3190,1951,0,0.0022198926
Warm B,223657,1354,1353,3190,1951,0,0.003905054
Warm B,221472,1340,1339,3190,1951,0,0.014110886
Warm B,214121,1300,1299,3190,1951,0,0.008285131
Warm B,277831,1676,1675,3190,1951,0,0.016420469
Warm B,207684,1270,1269,3190,1951,0,-0.0036351932
Warm B,204969,1261,1260,3190,1951,0,0.0025876896
Warm B,203427,1247,1246,3190,1951,0,-0.0013044555
Warm B,279578,1680,1679,3190,1951,0,0.0074879644
Warm B,235869,1427,1426,3190,1951,0,0.006346275
Warm B,196180,1206,1205,3190,1951,0,0.0034456414
Warm B,328394,1941,1940,3190,1951,0,0.00021964777
Warm B,326566,1935,1934,3190,1951,0,-0.0011738914
Warm B,171839,1088,1087,3190,1951,0,0.006837712
Warm B,194292,1198,1197,3190,1951,0,-0.00075258524
Warm B,276671,1673,1672,3190,1951,0,-0.000763185
Warm B,162036,1033,1032,3190,1951,0,0.0054646274
Warm B,156248,1006,1005,3190,1951,0,0.010741255
Warm B,150090,966,965,3190,1951,0,0.015318892
Warm B,149342,961,960,3190,1951,0,-0.0042556734
Warm B,139629,893,892,3190,1951,0,0.008579749
Warm B,138538,889,888,3190,1951,0,0.012146729
Warm B,134435,869,868,3190,1951,0,0.007824482
Warm B,182102,1137,1136,3190,1951,0,0.011334799
Warm B,127100,820,819,3190,1951,0,0.014200062
Warm B,124083,799,798,3190,1951,0,0.0059926203
Warm B,122428,790,789,3190,1951,0,0.009395175
Warm B,120504,777,776,3190,1951,0,0.0072488785
Warm B,292793,1743,1742,3190,1951,0,0.007087536
Warm B,106192,699,698,3190,1951,0,0.010813341
Warm B,864251,5208,5207,3190,1951,0,0.00875992
Warm B,250444,1509,1508,3190,1951,0,0.00093296333
Warm B,85918,561,560,3190,1951,0,0.011161348
Warm B,86190,563,562,3190,1951,0,0.00989385
Warm B,84336,550,549,3190,1951,0,0.018718274
Warm B,77684,524,523,3190,1951,0,0.012402467
Warm B,66600,445,444,3190,1951,0,0.003094225
Warm B,62279,422,421,3190,1951,0,0.00016294373
Warm B,50859,335,334,3190,1951,0,0.008390861
Warm B,49342,329,328,3190,1951,0,0.009963214
Warm B,14133,115,114,3190,1951,0,-0.00047137175
Warm B,13976,113,112,3190,1951,0,0.0036311327
Warm B,14455,117,116,3190,1951,0,0.0012016743
Warm B,8992,61,60,3190,1951,0,0.0019390185
Warm B,203192,1246,1245,3190,1951,0,0.0043274327
Warm B,713208,4277,4276,3190,1951,1,0.0144572
Warm B,481929,2962,2961,3190,1951,0,-0.0074431784
Warm B,773466,4610,4609,3190,1951,0,0.013639337
Warm B,147015,948,947,3190,1951,0,0.0002437341
Warm B,503857,3096,3095,3190,1951,0,0.008504868
Warm B,456096,2808,2807,3190,1951,1,0.005666435
Warm B,287790,1717,1716,3190,1951,0,0.0050566765
Warm B,554074,3410,3409,3190,1951,0,0.006612351
Warm B,331763,1958,1957,3190,1951,0,0.01627616
Warm B,238078,1447,1446,3190,1951,0,0.009577318
Warm B,559438,3436,3435,3190,1951,1,0.008152799
Warm B,464243,2860,2859,3190,1951,0,0.014018942
Warm B,44421,302,301,3190,1951,0,0.010021338
Warm B,673334,4042,4041,3190,1951,0,0.010585287
Warm B,231164,1399,1398,3190,1951,0,0.0016568
Warm B,299149,1776,1775,3190,1951,0,0.011673982
Warm B,235105,1425,1424,3190,1951,0,0.0033059986
Warm B,325007,1925,1924,3190,1951,1,0.00012982276
Warm B,720137,4312,4311,3190,1951,0,0.015287932
Warm B,341699,2012,2011,3190,1951,0,0.004866438
Warm B,83322,549,548,3190,1951,0,0.0033885357
Warm B,144545,931,930,3199,1956,1,0.0022198847
Warm B,347451,2038,2037,3199,1956,0,8.914666e-05
Warm B,131260,850,849,3199,1956,0,0.013056345
Warm B,90155,594,593,3199,1956,0,-4.0503073e-05
Warm B,339236,1998,1997,3199,1956,0,0.007010479
Warm B,84346,550,549,3199,1956,0,0.006372266
Warm B,21537,157,156,3199,1956,1,0.0030483557
Warm B,357583,2092,2091,3199,1956,0,0.0026014475
Warm B,94611,635,634,3199,1956,1,0.0009044943
Warm B,923960,5580,5579,3199,1956,1,0.0056307744
Warm B,958868,5787,5786,3199,1956,0,0.004007074
Warm B,841198,5054,5053,3199,1956,0,0.0030937407
Warm B,637718,3841,3840,3200,1957,1,0.0044698473
Warm B,613837,3718,3717,3200,1957,1,0.0050355517
Warm B,610852,3705,3704,3200,1957,1,0.0051247925
Warm B,615486,3727,3726,3200,1957,0,0.0058549624
Warm B,603347,3672,3671,3200,1957,1,-0.00057627284
Warm B,587663,3589,3588,3200,1957,0,0.00085992366
Warm B,585515,3576,3575,3200,1957,0,0.0058488264
Warm B,582881,3561,3560,3200,1957,0,0.0060819294
Warm B,580400,3546,3545,3200,1957,0,0.006379717
Warm B,567245,3483,3482,3200,1957,1,-0.0035466084
Warm B,713630,4277,4276,3200,1957,1,0.009227046
Warm B,566007,3476,3475,3200,1957,1,0.003976983
Warm B,547821,3380,3379,3200,1957,1,0.013101319
Warm B,541198,3329,3328,3200,1957,1,0.009243124
Warm B,540206,3321,3320,3200,1957,1,0.0021624602
Warm B,539534,3319,3318,3200,1957,0,-0.0026913877
Warm B,540342,3323,3322,3200,1957,1,-0.0011415975
Warm B,534586,3300,3299,3200,1957,1,0.0019652685
Warm B,532985,3292,3291,3200,1957,0,0.009258051
Warm B,529420,3272,3271,3200,1957,0,0.016738951
Warm B,501131,3080,3079,3200,1957,1,0.003859972
Warm B,545976,3367,3366,3200,1957,1,0.00032677548
Warm B,482555,2967,2966,3200,1957,1,-0.0022426657
Warm B,697047,4169,4168,3200,1957,1,0.0034429578
Warm B,795581,4765,4764,3200,1957,1,0.004255313
Warm B,591140,3607,3606,3200,1957,1,-0.0010829289
Warm B,461981,2849,2848,3200,1957,1,0.0072045415
Warm B,457638,2820,2819,3200,1957,1,-0.0015080327
Warm B,447794,2761,2760,3200,1957,1,0.0010870155
Warm B,440429,2693,2692,3200,1957,1,0.0029228653
Warm B,431853,2631,2630,3200,1957,1,0.004221687
Warm B,428739,2609,2608,3200,1957,1,-0.0035982532
Warm B,426794,2592,2591,3200,1957,0,-0.003116615
Warm B,416345,2507,2506,3200,1957,1,0.011347243
Warm B,412647,2484,2483,3200,1957,0,0.00904914
Warm B,381518,2231,2230,3200,1957,0,0.008058913
Warm B,371952,2173,2172,3200,1957,1,-0.0041398345
Warm B,366907,2140,2139,3200,1957,0,0.00072841905
Warm B,359208,2102,2101,3200,1957,0,0.006117954
Warm B,352596,2064,2063,3200,1957,1,0.0054327846
Warm B,347247,2038,2037,3200,1957,1,0.0004258416
Warm B,340125,2008,2007,3200,1957,1,-0.00036083558
Warm B,319860,1899,1898,3200,1957,1,0.012231273
Warm B,323054,1916,1915,3200,1957,1,0.0052683624
Warm B,312194,1861,1860,3200,1957,0,0.007889755
Warm B,285882,1706,1705,3200,1957,0,-0.00087370723
Warm B,281145,1687,1686,3200,1957,1,-0.007867268
Warm B,271607,1642,1641,3200,1957,0,0.004558027
Warm B,280700,1685,1684,3200,1957,1,0.0050701285
Warm B,253007,1535,1534,3200,1957,1,0.0026651914
Warm B,262102,1600,1599,3200,1957,0,0.0043284884
Warm B,240954,1451,1450,3200,1957,0,0.00565542
Warm B,219699,1333,1332,3200,1957,1,0.0019220572
Warm B,289172,1727,1726,3200,1957,1,-0.0016975086
Warm B,209123,1276,1275,3200,1957,1,-0.0003992765
Warm B,208211,1273,1272,3200,1957,1,-0.0032661806
Warm B,307906,1836,1835,3200,1957,1,0.009234129
Warm B,278615,1680,1679,3200,1957,1,0.0049520796
Warm B,197845,1216,1215,3200,1957,1,0.0029732115
Warm B,188517,1170,1169,3200,1957,1,0.0018318122
Warm B,187240,1162,1161,3200,1957,1,0.0064954394
Warm B,189944,1179,1178,3200,1957,1,0.009015342
Warm B,212387,1294,1293,3200,1957,1,0.011159012
Warm B,184854,1150,1149,3200,1957,0,0.009961541
Warm B,180969,1131,1130,3200,1957,1,0.0066523044
Warm B,180136,1128,1127,3200,1957,1,0.001355248
Warm B,177438,1119,1118,3200,1957,1,0.0039609317
Warm B,159806,1019,1018,3200,1957,1,2.709357e-05
Warm B,157758,1015,1014,3200,1957,1,0.011035405
Warm B,337937,1988,1987,3200,1957,0,0.0029762555
Warm B,199256,1224,1223,3200,1957,1,0.00560029
Warm B,260815,1594,1593,3200,1957,1,0.0010386594
Warm B,137761,889,888,3200,1957,0,0.010765092
Warm B,459083,2826,2825,3200,1957,1,0.0058569554
Warm B,298015,1767,1766,3200,1957,0,0.0038661081
Warm B,115261,749,748,3200,1957,1,0.003292104
Warm B,239660,1449,1448,3200,1957,1,0.011756016
Warm B,112257,731,730,3200,1957,0,0.003933111
Warm B,106623,702,701,3200,1957,0,0.013258288
Warm B,94540,635,634,3200,1957,1,0.010721499
Warm B,152825,984,983,3200,1957,1,0.0069233915
Warm B,88705,587,586,3200,1957,1,-0.0020725825
Warm B,394135,2323,2322,3200,1957,0,0.0013696351
Warm B,83866,550,549,3200,1957,0,-0.007000015
Warm B,77180,524,523,3200,1957,1,0.008858481
Warm B,74119,505,504,3200,1957,1,0.009597652
Warm B,71496,481,480,3200,1957,1,0.002462123
Warm B,55775,369,368,3200,1957,0,0.003925201
Warm B,210564,1285,1284,3200,1957,1,0.008661076
Warm B,53492,352,351,3200,1957,1,0.0060725193
Warm B,145218,935,934,3200,1957,1,0.0015093675
Warm B,35212,238,237,3200,1957,1,-0.00033463724
Warm B,31832,216,215,3200,1957,1,0.01219493
Warm B,21927,161,160,3200,1957,1,0.0031038066
Warm B,21451,157,156,3200,1957,1,-0.0031827944
Warm B,9152,62,61,3200,1957,1,-0.0008480513
Warm B,4150,31,30,3200,1957,0,-0.0031274874
Warm B,801631,4802,4801,3200,1957,1,-0.0014555417
Warm B,15416,123,122,3200,1957,0,0.004077942
Warm B,524373,3233,3232,3200,1957,0,0.009172885
Warm B,893203,5394,5393,3200,1957,0,0.0013741478
Warm B,24241,173,172,3200,1957,1,0.011554489
Warm B,289952,1733,1732,3200,1957,1,-0.0043048784
Warm B,47265,319,318,3200,1957,1,0.0072372993
Warm B,421588,2547,2546,3200,1957,1,0.001334565
Warm B,632927,3824,3823,3200,1957,0,-0.0042567416
Warm B,804136,4815,4814,3200,1957,1,0.0014445015
Warm B,473188,2909,2908,3200,1957,1,0.0023513162
Warm B,322070,1912,1911,3200,1957,0,0.005904018
Warm B,319136,1897,1896,3200,1957,0,0.0043688407
Warm B,657395,3963,3962,3200,1957,1,0.0033086347
Warm B,343496,2018,2017,3200,1957,1,-0.0023545134
Warm B,725759,4344,4343,3206,1961,0,0.0088894665
Warm B,599599,3649,3648,3206,1961,0,0.008619937
Warm B,632932,3824,3823,3206,1961,0,0.008339573
Warm B,940118,5675,5674,3206,1961,1,0.017356489
Warm B,578973,3539,3538,3206,1961,0,0.013753863
Warm B,568944,3491,3490,3206,1961,1,0.013164377
Warm B,567250,3483,3482,3206,1961,1,0.013683821
Warm B,553349,3405,3404,3206,1961,1,0.0032419395
Warm B,548344,3384,3383,3206,1961,0,0.005713811
Warm B,532988,3292,3291,3206,1961,1,0.0069659357
Warm B,541981,3336,3335,3206,1961,0,0.0136945285
Warm B,515945,3184,3183,3206,1961,0,0.018385472
Warm B,509725,3140,3139,3206,1961,1,0.0079850955
Warm B,509431,3138,3137,3206,1961,0,0.0150238555
Warm B,508450,3129,3128,3206,1961,0,0.010747783
Warm B,502363,3083,3082,3206,1961,1,0.009844055
Warm B,499124,3067,3066,3206,1961,1,0.011095437
Warm B,493773,3032,3031,3206,1961,1,0.0076543503
Warm B,490558,3018,3017,3206,1961,0,0.013632222
Warm B,510925,3150,3149,3206,1961,1,-0.0002637566
Warm B,529424,3272,3271,3206,1961,0,0.010393965
Warm B,697053,4169,4168,3206,1961,0,0.0182579
Warm B,472300,2907,2906,3206,1961,1,0.0159913
Warm B,446091,2751,2750,3206,1961,0,0.010299995
Warm B,445077,2745,2744,3206,1961,0,0.011851932
Warm B,790649,4728,4727,3206,1961,0,0.01508159
Warm B,438081,2677,2676,3206,1961,1,0.003403165
Warm B,429017,2611,2610,3206,1961,0,0.012130572
Warm B,414879,2497,2496,3206,1961,1,0.008011052
Warm B,412457,2482,2481,3206,1961,0,0.008562446
Warm B,555000,3413,3412,3206,1961,0,0.009843682
Warm B,402154,2402,2401,3206,1961,0,0.016160788
Warm B,399351,2377,2376,3206,1961,1,0.00078243925
Warm B,393702,2318,2317,3206,1961,0,0.011755152
Warm B,393440,2315,2314,3206,1961,0,0.0064766244
Warm B,388841,2279,2278,3206,1961,1,0.009188905
Warm B,384858,2248,2247,3206,1961,0,0.016412072
Warm B,353641,2072,2071,3206,1961,0,0.0022525839
Warm B,306705,1829,1828,3206,1961,0,0.0064328155
Warm B,293374,1747,1746,3206,1961,0,0.0066953227
Warm B,287059,1714,1713,3206,1961,1,0.0010324998
Warm B,232310,1410,1409,3206,1961,1,0.0020123096
Warm B,192532,1185,1184,3206,1961,1,0.017257668
Warm B,187241,1162,1161,3206,1961,1,0.019258745
Warm B,316111,1883,1882,3206,1961,0,0.0076494785
Warm B,180140,1128,1127,3206,1961,1,0.0153300995
Warm B,327591,1941,1940,3206,1961,0,0.02822579
Warm B,137767,889,888,3206,1961,0,0.012829009
Warm B,490034,3015,3014,3206,1961,1,-0.00015227403
Warm B,131719,854,853,3206,1961,0,0.016153432
Warm B,314936,1880,1879,3206,1961,0,0.0054553766
Warm B,125273,805,804,3206,1961,1,0.0011123993
Warm B,124737,802,801,3206,1961,1,0.004684137
Warm B,210571,1285,1284,3206,1961,0,0.016669292
Warm B,112826,732,731,3206,1961,1,0.009320036
Warm B,103290,687,686,3206,1961,0,0.012610208
Warm B,351383,2063,2062,3206,1961,0,0.0105353
Warm B,313993,1875,1874,3206,1961,1,0.0025156054
Warm B,227989,1383,1382,3206,1961,0,0.011219883
Warm B,56825,382,381,3206,1961,0,0.0048690485
Warm B,110567,721,720,3206,1961,0,0.0084722005
Warm B,238577,1448,1447,3206,1961,0,0.006610848
Warm B,3558,26,25,3206,1961,1,0.005948552
Warm B,552071,3401,3400,3206,1961,0,0.017069748
Warm B,432533,2638,2637,3206,1961,1,-5.2261865e-05
Warm B,264921,1611,1610,3206,1961,0,0.006190265
Warm B,239664,1449,1448,3206,1961,0,0.01148026
Warm B,187486,1164,1163,3206,1961,1,0.0032911007
Warm B,229536,1390,1389,3206,1961,1,0.007320717
Warm B,240959,1451,1450,3206,1961,1,-0.0012140386
Warm B,473194,2909,2908,3206,1961,1,-5.819043e-05
Warm B,324849,1925,1924,3206,1961,0,0.005615478
Warm B,193421,1194,1193,3206,1961,0,0.011637455
Warm B,16613,131,130,3211,1964,1,0.0011806991
Warm B,15442,123,122,3211,1964,0,-6.29453e-05
Warm B,157781,1015,1014,3211,1964,0,0.0039154785
Warm B,181860,1137,1136,3211,1964,1,-0.0012548808
Warm B,319148,1897,1896,3211,1964,1,-0.00095527014
Warm B,974540,5878,5877,3211,1964,0,0.0004519486
Warm B,393705,2318,2317,3214,1966,1,0.0005439385
Warm B,318287,1891,1890,3214,1966,0,0.0030329106
Warm B,298295,1768,1767,3214,1966,0,0.012026268
Warm B,290871,1736,1735,3214,1966,0,0.002648048
Warm B,283434,1697,1696,3214,1966,1,0.010357065
Warm B,268811,1632,1631,3214,1966,0,0.0077547375
Warm B,252113,1526,1525,3214,1966,0,0.008705153
Warm B,325208,1926,1925,3214,1966,1,0.010276139
Warm B,213276,1298,1297,3214,1966,1,0.016768815
Warm B,396798,2349,2348,3214,1966,0,-0.001412368
Warm B,196930,1209,1208,3214,1966,1,0.009418756
Warm B,192535,1185,1184,3214,1966,1,0.008309385
Warm B,327625,1941,1940,3214,1966,1,0.024068508
Warm B,190423,1181,1180,3214,1966,0,0.017613336
Warm B,150408,970,969,3214,1966,0,0.009330235
Warm B,318887,1896,1895,3214,1966,1,0.021760477
Warm B,154730,999,998,3214,1966,1,0.015368946
Warm B,314959,1880,1879,3214,1966,0,0.015903829
Warm B,124416,801,800,3214,1966,0,0.005949886
Warm B,177904,1120,1119,3214,1966,1,0.0047461945
Warm B,272027,1645,1644,3214,1966,1,0.01906981
Warm B,96093,646,645,3214,1966,1,0.0163875
Warm B,115272,749,748,3214,1966,0,0.008280385
Warm B,85500,558,557,3214,1966,0,0.0071017393
Warm B,238599,1448,1447,3214,1966,1,0.0060248473
Warm B,75405,513,512,3214,1966,1,0.019255994
Warm B,69709,469,468,3214,1966,1,0.00751374
Warm B,239692,1449,1448,3214,1966,0,0.022614984
Warm B,42395,289,288,3214,1966,0,0.005332917
Warm B,267833,1628,1627,3214,1966,0,0.014547423
Warm B,19252,148,147,3214,1966,0,0.008595971
Warm B,204428,1260,1259,3214,1966,0,0.023712303
Warm B,144757,934,933,3214,1966,0,0.0053248005
Warm B,676889,4058,4057,3214,1966,1,0.008122175
Warm B,240975,1451,1450,3214,1966,0,0.005605446
Warm B,101955,678,677,3214,1966,1,0.01824866
Warm B,673134,4042,4041,3214,1966,0,0.02111734
Warm B,294163,1749,1748,3217,1967,0,0.016332315
Warm B,256629,1569,1568,3217,1967,1,0.0026663218
Warm B,325210,1926,1925,3217,1967,1,0.0070394813
Warm B,199278,1224,1223,3217,1967,1,0.019794475
Warm B,165727,1057,1056,3217,1967,1,0.012010207
Warm B,159099,1017,1016,3217,1967,0,0.014293306
Warm B,162175,1034,1033,3217,1967,1,0.015755411
Warm B,190430,1181,1180,3217,1967,0,0.019791115
Warm B,143811,928,927,3217,1967,1,0.017074114
Warm B,184892,1150,1149,3217,1967,0,0.01976712
Warm B,130993,850,849,3217,1967,1,0.011910363
Warm B,322092,1912,1911,3217,1967,1,0.022428693
Warm B,122883,793,792,3217,1967,0,0.013827202
Warm B,107264,706,705,3217,1967,1,0.0051163724
Warm B,152843,984,983,3217,1967,0,0.016397653
Warm B,86328,564,563,3217,1967,1,0.008618921
Warm B,64728,434,433,3217,1967,1,0.008667422
Warm B,35220,238,237,3217,1967,0,0.013961421
Warm B,31867,216,215,3217,1967,0,0.010437319
Warm B,34638,235,234,3217,1967,1,0.014555583
Warm B,15989,126,125,3217,1967,0,0.016001515
Warm B,591741,3610,3609,3217,1967,0,0.012909815
Warm B,8076,54,53,3217,1967,0,0.0074467086
Warm B,206655,1266,1265,3217,1967,1,0.010658616
Warm B,739515,4418,4417,3217,1967,0,0.01063001
Warm B,420800,2544,2543,3217,1967,0,0.017984785
Warm B,56243,375,374,3217,1967,0,0.012049467
Warm B,157786,1015,1014,3217,1967,1,0.02086595
Warm B,680518,4079,4078,3217,1967,1,0.013996088
Warm B,821677,4940,4939,3217,1967,1,0.00835164
Warm B,171272,1088,1087,3217,1967,0,0.016714431
Warm B,208618,1274,1273,3224,1969,1,0.003203104
Warm B,184273,1147,1146,3224,1969,1,0.00044005224
Warm B,190460,1181,1180,3224,1969,0,0.0140674235
Warm B,161173,1028,1027,3224,1969,0,-0.0024254038
Warm B,157806,1015,1014,3224,1969,0,-0.002313505
Warm B,246184,1489,1488,3224,1969,0,0.010681904
Warm B,137828,889,888,3224,1969,0,0.0048410906
Warm B,97709,655,654,3224,1969,1,0.000873195
Warm B,245438,1483,1482,3224,1969,0,-0.009527486
Warm B,45543,307,306,3224,1969,0,-0.00024186261
Warm B,57947,392,391,3224,1969,1,0.0035273496
Warm B,522236,3224,3223,3224,1969,1,0.001841615
Warm B,257445,1579,1578,3224,1969,1,0.001277124
Warm B,24266,173,172,3224,1969,1,-0.0010627324
Warm B,283903,1698,1697,3224,1969,1,-0.0017355676
Warm B,555010,3413,3412,3224,1969,1,0.0014745105
Warm B,8767,59,58,3224,1969,1,-0.006753248
Warm B,351428,2063,2062,3225,1970,1,0.009393707
Warm B,361424,2109,2108,3225,1970,0,0.018467037
Warm B,335516,1980,1979,3225,1970,0,0.017540539
Warm B,329712,1944,1943,3225,1970,0,0.010505141
Warm B,294633,1750,1749,3225,1970,1,0.010979458
Warm B,299452,1778,1777,3225,1970,0,0.014334657
Warm B,271391,1641,1640,3225,1970,0,0.012738663
Warm B,436170,2665,2664,3225,1970,0,0.012229208
Warm B,332487,1962,1961,3225,1970,0,0.0019151941
Warm B,223325,1354,1353,3225,1970,0,0.022612829
Warm B,201047,1240,1239,3225,1970,0,0.007202877
Warm B,200263,1230,1229,3225,1970,1,0.0077129086
Warm B,192288,1184,1183,3225,1970,0,0.007943262
Warm B,187373,1163,1162,3225,1970,0,0.008133559
Warm B,163366,1045,1044,3225,1970,1,-0.0026725212
Warm B,154178,995,994,3225,1970,1,0.0001886168
Warm B,152607,982,981,3225,1970,1,0.0026245983
Warm B,246186,1489,1488,3225,1970,0,0.018669967
Warm B,139812,896,895,3225,1970,0,-0.00083367364
Warm B,137829,889,888,3225,1970,0,0.009752649
Warm B,125276,805,804,3225,1970,1,0.005122262
Warm B,124423,801,800,3225,1970,0,0.008211775
Warm B,87531,572,571,3225,1970,1,0.009725006
Warm B,64146,429,428,3225,1970,0,0.006591451
Warm B,78284,528,527,3225,1970,0,0.016717361
Warm B,132277,855,854,3225,1970,0,0.0042020623
Warm B,312776,1865,1864,3225,1970,0,0.01005212
Warm B,314326,1877,1876,3225,1970,0,0.0017871566
Warm B,263024,1605,1604,3225,1970,0,0.018137742
Warm B,270740,1639,1638,3225,1970,0,0.0114885075
Warm B,360494,2106,2105,3225,1970,0,0.0127924215
Warm B,150422,970,969,3225,1970,1,0.01158031
Warm B,557145,3423,3422,3225,1970,1,0.011830053
Warm B,60585,411,410,3225,1970,0,0.01476858
Warm B,365441,2127,2126,3225,1970,1,0.0019860081
Warm B,79140,531,530,3225,1970,0,0.012974216
Warm B,331330,1958,1957,3225,1970,0,0.02311261
Warm B,222715,1348,1347,3225,1970,0,0.00082424755
Warm B,11890,92,91,3225,1970,0,0.008364837
Warm B,405297,2427,2426,3225,1970,0,0.013452262
Warm B,20671,151,150,3225,1970,0,0.011778209
Warm B,82784,549,548,3225,1970,0,0.006099937
Warm B,110593,721,720,3225,1970,0,0.009473121
Warm B,517803,3196,3195,3225,1970,1,0.01359988
Warm B,599055,3648,3647,3225,1970,1,0.0077415034
Warm B,713661,4277,4276,3225,1970,1,0.0147746755
Warm B,255437,1556,1555,3225,1970,0,0.020234542
Warm B,499155,3067,3066,3225,1970,0,0.012340536
Warm B,134037,869,868,3225,1970,0,0.013672989
Warm B,768972,4579,4578,3225,1970,0,0.017235367
Warm B,764342,4543,4542,3225,1970,0,0.017670603
Warm B,476233,2926,2925,3225,1970,0,0.008985987
Warm B,111584,727,726,3225,1970,0,0.01731654
Warm B,46403,310,309,3225,1970,1,0.011903684
Warm B,864018,5205,5204,3225,1970,0,0.020694707
Warm B,164284,1051,1050,3225,1970,0,0.0098036155
Warm B,171295,1088,1087,3225,1970,0,0.0071002305
Warm B,354720,2077,2076,3225,1970,0,0.012862883
Warm B,785823,4697,4696,3225,1970,1,0.010681762
Warm B,575739,3520,3519,3225,1970,0,0.003688036
Warm B,295543,1755,1754,3225,1970,0,0.008183235
Warm B,877497,5302,5301,3225,1970,0,0.0018601037
Warm B,152875,984,983,3230,1971,1,0.013162749
Warm B,146055,939,938,3230,1971,0,0.006486177
Warm B,169205,1074,1073,3230,1971,1,-0.00018763798
Warm B,101638,677,676,3230,1971,1,0.011038499
Warm B,95340,639,638,3230,1971,1,0.018079262
Warm B,190491,1181,1180,3230,1971,0,0.023253277
Warm B,80857,537,536,3230,1971,1,0.01147317
Warm B,34093,230,229,3230,1971,1,0.0070834914
Warm B,30810,205,204,3230,1971,1,-0.0007606442
Warm B,13526,107,106,3230,1971,0,-0.003971114
Warm B,4534,33,32,3230,1971,1,0.0006061904
Warm B,481648,2962,2961,3230,1971,0,0.0056504947
Warm B,453526,2793,2792,3230,1971,1,0.011512319
Warm B,353420,2071,2070,3230,1971,0,0.008069711
Warm B,293610,1748,1747,3230,1971,1,0.008516325
Warm B,357277,2092,2091,3230,1971,1,0.0096962
Warm B,255444,1556,1555,3230,1971,0,0.0044475775
Warm B,464035,2860,2859,3230,1971,1,0.0064921253
Warm B,144061,929,928,3235,1972,0,0.0032862795
Warm B,635799,3833,3832,3235,1972,0,0.0170586
Warm B,829001,4979,4978,3235,1972,1,0.013471762
Warm B,105884,699,698,3235,1972,0,0.012493964
Warm B,483192,2969,2968,3235,1972,1,0.00062628416
Warm B,24277,173,172,3235,1972,0,0.00036688056
Warm B,371553,2172,2171,3235,1972,0,0.0024249852
Warm B,501154,3080,3079,3235,1972,0,0.009972619
Warm B,821680,4940,4939,3235,1972,1,0.0032913806
Warm B,941631,5682,5681,3235,1972,0,0.011786046
Warm B,745253,4448,4447,3235,1972,1,0.01992238
Warm B,592543,3612,3611,3262,1992,1,0.0048103756
Warm B,579085,3539,3538,3262,1992,0,0.008753683
Warm B,593494,3618,3617,3262,1992,0,0.00628319
Warm B,570200,3499,3498,3262,1992,0,0.0068542087
Warm B,576930,3526,3525,3262,1992,0,0.0062154625
Warm B,549849,3391,3390,3262,1992,1,0.00084998796
Warm B,904365,5468,5467,3262,1992,1,0.008828905
Warm B,534298,3299,3298,3262,1992,0,0.004808288
Warm B,532683,3290,3289,3262,1992,1,-0.0028515728
Warm B,536906,3311,3310,3262,1992,1,0.0021289883
Warm B,512658,3163,3162,3262,1992,1,0.0059219385
Warm B,574627,3518,3517,3262,1992,1,0.0006369146
Warm B,800167,4795,4794,3262,1992,0,-0.0019152533
Warm B,799404,4790,4789,3262,1992,0,-0.00019213906
Warm B,492555,3029,3028,3262,1992,1,0.014705733
Warm B,488320,3004,3003,3262,1992,1,-0.00020863814
Warm B,491556,3024,3023,3262,1992,0,0.003739874
Warm B,487336,2997,2996,3262,1992,0,-0.00784206
Warm B,553782,3410,3409,3262,1992,0,0.003956111
Warm B,451706,2781,2780,3262,1992,0,0.00398055
Warm B,440923,2700,2699,3262,1992,0,0.009869692
Warm B,420177,2540,2539,3262,1992,0,0.008229864
Warm B,415030,2498,2497,3262,1992,0,0.007753229
Warm B,400293,2383,2382,3262,1992,0,0.010668839
Warm B,414467,2496,2495,3262,1992,0,-0.0011965157
Warm B,379149,2215,2214,3262,1992,1,0.0045306566
Warm B,373882,2181,2180,3262,1992,0,0.0065469244
Warm B,369799,2164,2163,3262,1992,1,0.0016458946
Warm B,357908,2094,2093,3262,1992,1,0.005305748
Warm B,359258,2102,2101,3262,1992,0,0.0039483216
Warm B,339648,2002,2001,3262,1992,1,0.008292034
Warm B,301040,1788,1787,3262,1992,1,0.0025301464
Warm B,278329,1679,1678,3262,1992,0,-0.0006876119
Warm B,310063,1845,1844,3262,1992,0,0.00031730882
Warm B,273463,1648,1647,3262,1992,1,0.0114342775
Warm B,278788,1680,1679,3262,1992,1,0.00721058
Warm B,268303,1630,1629,3262,1992,0,0.009653909
Warm B,267727,1627,1626,3262,1992,1,-0.0016983639
Warm B,260344,1592,1591,3262,1992,0,0.008928947
Warm B,256735,1570,1569,3262,1992,0,0.012783531
Warm B,269771,1635,1634,3262,1992,1,0.00022823224
Warm B,246821,1491,1490,3262,1992,0,0.011236353
Warm B,276096,1671,1670,3262,1992,0,0.0054586204
Warm B,224054,1356,1355,3262,1992,1,0.009410354
Warm B,212799,1297,1296,3262,1992,0,0.008346227
Warm B,205650,1264,1263,3262,1992,1,0.011226387
Warm B,203977,1255,1254,3262,1992,0,0.011367768
Warm B,308436,1837,1836,3262,1992,1,0.019076638
Warm B,214703,1303,1302,3262,1992,0,0.005948837
Warm B,210678,1285,1284,3262,1992,0,0.0039138845
Warm B,307260,1835,1834,3262,1992,1,-0.0020173504
Warm B,168277,1069,1068,3262,1992,1,-0.00237315
Warm B,167385,1066,1065,3262,1992,0,0.0024135318
Warm B,166345,1059,1058,3262,1992,0,0.008713895
Warm B,165152,1053,1052,3262,1992,0,0.007925708
Warm B,327741,1941,1940,3262,1992,0,0.0018583601
Warm B,157894,1015,1014,3262,1992,0,0.009411924
Warm B,149509,963,962,3262,1992,0,0.0019584228
Warm B,246215,1489,1488,3262,1992,0,0.012156377
Warm B,184995,1150,1149,3262,1992,0,0.013198327
Warm B,139356,891,890,3262,1992,1,0.0083111115
Warm B,137919,889,888,3262,1992,0,0.015002254
Warm B,136343,881,880,3262,1992,0,0.0047200792
Warm B,135473,877,876,3262,1992,0,0.011432713
Warm B,126840,818,817,3262,1992,1,0.0026761896
Warm B,111830,728,727,3262,1992,0,-0.0037576589
Warm B,159891,1019,1018,3262,1992,0,0.0020405573
Warm B,779039,4653,4652,3262,1992,0,0.016119529
Warm B,100753,673,672,3262,1992,0,0.0052361465
Warm B,316663,1884,1883,3262,1992,0,0.016625825
Warm B,107752,710,709,3262,1992,0,0.0028691806
Warm B,283948,1698,1697,3262,1992,0,0.012163562
Warm B,90574,601,600,3262,1992,0,0.009440635
Warm B,84935,552,551,3262,1992,1,0.0037355833
Warm B,82843,549,548,3262,1992,1,0.0067692474
Warm B,190552,1181,1180,3262,1992,0,0.01985031
Warm B,80674,536,535,3262,1992,0,0.010709357
Warm B,80050,533,532,3262,1992,1,0.008937056
Warm B,74650,509,508,3262,1992,1,0.010528371
Warm B,53177,350,349,3262,1992,0,-0.0042437054
Warm B,30228,203,202,3262,1992,0,0.00966391
Warm B,26372,187,186,3262,1992,1,0.0072888713
Warm B,23076,166,165,3262,1992,1,0.0050129653
Warm B,104174,692,691,3262,1992,0,0.005903516
Warm B,380728,2225,2224,3262,1992,0,0.0037701873
Warm B,129242,839,838,3262,1992,0,-0.0041837078
Warm B,844257,5074,5073,3262,1992,0,0.0067046722
Warm B,467281,2880,2879,3262,1992,0,-0.0034702518
Warm B,199998,1228,1227,3262,1992,0,-0.005182349
Warm B,45886,308,307,3262,1992,0,0.011045329
Warm B,195278,1203,1202,3262,1992,0,0.011034151
Warm B,841421,5054,5053,3262,1992,0,0.004484251
Warm B,290019,1733,1732,3262,1992,1,0.0020982085
Warm B,167497,1067,1066,3262,1992,1,0.004494686
Warm B,174028,1101,1100,3262,1992,0,0.007015648
Warm B,959003,5787,5786,3262,1992,0,0.004290225
Warm B,62666,424,423,3262,1992,1,0.0067163883
Warm B,415696,2504,2503,3262,1992,0,0.0042310045
Warm B,115948,752,751,3262,1992,0,0.007478497
Warm B,237689,1447,1446,3262,1992,0,0.004316155
Warm B,713702,4277,4276,3262,1992,1,-0.0029436487
Warm B,893244,5394,5393,3262,1992,0,0.018207703
Warm B,58716,398,397,3262,1992,1,-0.00040533772
Warm B,551174,3394,3393,3266,1996,0,-0.0016611955
Warm B,546713,3371,3370,3266,1996,1,-0.0008797331
Warm B,645139,3885,3884,3266,1996,1,0.0040292423
Warm B,549855,3391,3390,3266,1996,1,0.0012005676
Warm B,528062,3265,3264,3266,1996,0,0.004079978
Warm B,524795,3240,3239,3266,1996,1,0.0045987675
Warm B,518083,3197,3196,3266,1996,1,0.0040733367
Warm B,513449,3167,3166,3266,1996,1,0.0063250125
Warm B,512660,3163,3162,3266,1996,1,-0.0007083815
Warm B,610564,3704,3703,3266,1996,1,0.009083125
Warm B,512311,3161,3160,3266,1996,1,0.0036740163
Warm B,508978,3131,3130,3266,1996,0,-0.00069440436
Warm B,513901,3171,3170,3266,1996,1,0.0033199326
Warm B,495849,3045,3044,3266,1996,1,0.006024728
Warm B,633027,3824,3823,3266,1996,0,-0.003952136
Warm B,493277,3031,3030,3266,1996,1,0.015038274
Warm B,482602,2967,2966,3266,1996,0,-0.0040136753
Warm B,479595,2943,2942,3266,1996,1,0.0007007525
Warm B,475071,2916,2915,3266,1996,1,0.00037631625
Warm B,852829,5113,5112,3266,1996,0,0.0022640927
Warm B,462336,2853,2852,3266,1996,1,0.0024360428
Warm B,461089,2844,2843,3266,1996,0,0.0016953745
Warm B,458867,2825,2824,3266,1996,1,0.008829462
Warm B,457285,2818,2817,3266,1996,1,0.0014813078
Warm B,457735,2820,2819,3266,1996,0,0.010793001
Warm B,441340,2703,2702,3266,1996,1,-0.002167728
Warm B,430948,2627,2626,3266,1996,0,-0.00071820826
Warm B,389894,2288,2287,3266,1996,0,0.010709684
Warm B,349479,2051,2050,3266,1996,0,0.0033130285
Warm B,342267,2015,2014,3266,1996,0,0.010412715
Warm B,310064,1845,1844,3266,1996,1,-0.0019261206
Warm B,292169,1741,1740,3266,1996,0,0.008330898
Warm B,288791,1726,1725,3266,1996,1,0.0028376947
Warm B,278799,1680,1679,3266,1996,0,0.0054250592
Warm B,269774,1635,1634,3266,1996,1,0.014503157
Warm B,254057,1545,1544,3266,1996,1,0.009228449
Warm B,247555,1496,1495,3266,1996,1,0.0045535644
Warm B,230748,1396,1395,3266,1996,1,0.011577807
Warm B,225201,1362,1361,3266,1996,0,0.008324158
Warm B,224058,1356,1355,3266,1996,1,0.00046682009
Warm B,214707,1303,1302,3266,1996,0,0.0054687425
Warm B,350252,2056,2055,3266,1996,0,0.0079301195
Warm B,294193,1749,1748,3266,1996,1,-0.0012849916
Warm B,185001,1150,1149,3266,1996,0,0.009208918
Warm B,207307,1267,1266,3266,1996,1,0.012417003
Warm B,176498,1116,1115,3266,1996,0,0.0045763543
Warm B,173542,1100,1099,3266,1996,1,0.0054143774
Warm B,168280,1069,1068,3266,1996,1,0.010177061
Warm B,159135,1017,1016,3266,1996,1,-0.00051017525
Warm B,148968,958,957,3266,1996,1,-0.00018965639
Warm B,133521,863,862,3266,1996,1,0.0020897354
Warm B,125492,808,807,3266,1996,0,-0.006684293
Warm B,239783,1449,1448,3266,1996,0,0.0010848383
Warm B,105060,696,695,3266,1996,1,0.00027528964
Warm B,121695,783,782,3266,1996,0,-0.0022136327
Warm B,92988,623,622,3266,1996,0,0.0058051706
Warm B,283953,1698,1697,3266,1996,1,0.0062107192
Warm B,169516,1077,1076,3266,1996,1,0.009740548
Warm B,308440,1837,1836,3266,1996,1,0.0029429423
Warm B,626573,3792,3791,3266,1996,0,-0.006734335
Warm B,658790,3970,3969,3266,1996,0,0.007719161
Warm B,77272,524,523,3266,1996,0,0.012212714
Warm B,75664,515,514,3266,1996,1,0.0028068093
Warm B,197256,1211,1210,3266,1996,0,0.00071841164
Warm B,69454,466,465,3266,1996,1,0.005437433
Warm B,70093,474,473,3266,1996,1,0.013011262
Warm B,200001,1228,1227,3266,1996,0,0.0017872124
Warm B,33444,225,224,3266,1996,1,-0.00091656484
Warm B,336910,1983,1982,3266,1996,1,0.0027921791
Warm B,734569,4387,4386,3266,1996,0,0.010378658
Warm B,25589,181,180,3266,1996,1,-0.010011404
Warm B,12488,95,94,3266,1996,1,0.003511663
Warm B,7656,53,52,3266,1996,1,-0.002614829
Warm B,408,5,4,3266,1996,0,-0.0019310394
Warm B,3115,23,22,3266,1996,0,-9.739259e-05
Warm B,24321,173,172,3266,1996,0,0.0030809569
Warm B,538402,3313,3312,3266,1996,1,0.0055211917
Warm B,290029,1733,1732,3266,1996,1,0.007970957
Warm B,467283,2880,2879,3266,1996,1,-0.0055384794
Warm B,107759,710,709,3266,1996,0,0.0049826656
Warm B,104178,692,691,3266,1996,0,-0.0040398026
Warm B,553785,3410,3409,3266,1996,1,-0.00061280536
Warm B,45889,308,307,3266,1996,1,0.014493082
Warm B,28084,195,194,3266,1996,1,0.008500051
Warm B,960394,5792,5791,3266,1996,1,0.008212778
Warm B,933799,5636,5635,3266,1996,0,0.0056240326
Warm B,511790,3158,3157,3266,1996,1,0.009681438
Warm B,475414,2918,2917,3266,1996,0,-0.0035376041
Warm B,561486,3454,3453,3266,1996,0,-0.00078329374
Warm B,937358,5654,5653,3266,1996,0,0.004869812
Warm B,223027,1352,1351,3266,1996,1,0.007504765
Warm B,847190,5090,5089,3266,1996,1,0.0066722995
Warm B,310563,1851,1850,3266,1996,0,0.01107126
Warm B,480421,2947,2946,3266,1996,0,0.003358683
Warm B,582403,3558,3557,3268,1998,0,0.018868767
Warm B,593500,3618,3617,3268,1998,0,0.012949891
Warm B,573828,3513,3512,3268,1998,0,0.005105053
Warm B,571935,3507,3506,3268,1998,0,0.0038152141
Warm B,549858,3391,3390,3268,1998,0,0.0061317226
Warm B,536917,3311,3310,3268,1998,0,0.0093171
Warm B,575173,3519,3518,3268,1998,0,0.014558222
Warm B,516846,3191,3190,3268,1998,0,0.003482782
Warm B,515342,3182,3181,3268,1998,0,0.0066760127
Warm B,512662,3163,3162,3268,1998,0,-0.0020076493
Warm B,502055,3082,3081,3268,1998,0,0.00038989075
Warm B,493878,3032,3031,3268,1998,0,0.010587404
Warm B,492561,3029,3028,3268,1998,0,0.0041890377
Warm B,493278,3031,3030,3268,1998,0,0.0011621233
Warm B,491987,3026,3025,3268,1998,0,0.0050409157
Warm B,488624,3007,3006,3268,1998,0,0.005706139
Warm B,599829,3650,3649,3268,1998,0,-0.0020386607
Warm B,470898,2899,2898,3268,1998,0,0.019327737
Warm B,473329,2909,2908,3268,1998,0,0.0066888463
Warm B,472393,2907,2906,3268,1998,1,0.0063867643
Warm B,463106,2857,2856,3268,1998,0,0.00980262
Warm B,486927,2996,2995,3268,1998,0,0.010620562
Warm B,477433,2931,2930,3268,1998,0,0.005597197
Warm B,450642,2777,2776,3268,1998,0,-0.010408438
Warm B,420411,2541,2540,3268,1998,0,0.0050967988
Warm B,419660,2537,2536,3268,1998,0,0.0038731485
Warm B,418512,2529,2528,3268,1998,0,0.0067549953
Warm B,403878,2413,2412,3268,1998,0,0.012419995
Warm B,399436,2378,2377,3268,1998,0,0.006211552
Warm B,395794,2340,2339,3268,1998,0,0.014113177
Warm B,389896,2288,2287,3268,1998,0,0.0052396646
Warm B,375498,2188,2187,3268,1998,0,0.0037837746
Warm B,373351,2180,2179,3268,1998,0,0.017008625
Warm B,370219,2165,2164,3268,1998,0,0.0025072088
Warm B,367853,2148,2147,3268,1998,0,0.008697299
Warm B,367192,2143,2142,3268,1998,0,0.00608954
Warm B,355897,2085,2084,3268,1998,0,0.014821502
Warm B,436222,2665,2664,3268,1998,0,0.021379668
Warm B,361463,2109,2108,3268,1998,0,0.006094121
Warm B,351513,2063,2062,3268,1998,0,0.0048736045
Warm B,340489,2010,2009,3268,1998,0,0.00027012522
Warm B,341453,2012,2011,3268,1998,0,0.0034996336
Warm B,350909,2060,2059,3268,1998,0,0.0059562884
Warm B,306588,1828,1827,3268,1998,0,0.001587138
Warm B,297352,1764,1763,3268,1998,1,0.0018332779
Warm B,303471,1803,1802,3268,1998,0,0.0033753067
Warm B,298983,1776,1775,3268,1998,0,-0.0008403505
Warm B,286223,1709,1708,3268,1998,0,0.004108894
Warm B,256316,1564,1563,3268,1998,0,-0.0016529015
Warm B,253122,1538,1537,3268,1998,0,0.0002421895
Warm B,360562,2106,2105,3268,1998,0,0.009819457
Warm B,262136,1600,1599,3268,1998,0,-0.0027436363
Warm B,236193,1433,1432,3268,1998,0,-0.0017815423
Warm B,232319,1410,1409,3268,1998,0,0.004035489
Warm B,335596,1980,1979,3268,1998,0,0.008744361
Warm B,227001,1377,1376,3268,1998,0,-0.005560558
Warm B,212803,1297,1296,3268,1998,0,0.0034099396
Warm B,278803,1680,1679,3268,1998,0,0.004572395
Warm B,174822,1107,1106,3268,1998,0,0.0012958292
Warm B,198582,1220,1219,3268,1998,1,0.0063949553
Warm B,169518,1077,1076,3268,1998,0,0.0036341785
Warm B,327754,1941,1940,3268,1998,1,0.0041365316
Warm B,161508,1030,1029,3268,1998,0,0.004360861
Warm B,189274,1173,1172,3268,1998,0,0.004701756
Warm B,275431,1667,1666,3268,1998,0,0.012407495
Warm B,342269,2015,2014,3268,1998,0,0.0037855203
Warm B,155763,1004,1003,3268,1998,0,0.009193623
Warm B,144794,934,933,3268,1998,0,0.0008546462
Warm B,276821,1675,1674,3268,1998,0,0.0039547803
Warm B,136350,881,880,3268,1998,0,0.0067045577
Warm B,202359,1244,1243,3268,1998,0,-0.0054219686
Warm B,332530,1962,1961,3268,1998,0,0.01352817
Warm B,120122,776,775,3268,1998,0,-0.007094989
Warm B,120301,777,776,3268,1998,0,0.00670262
Warm B,114741,746,745,3268,1998,0,0.0012779266
Warm B,110646,721,720,3268,1998,0,0.002865803
Warm B,101295,676,675,3268,1998,0,0.0048169964
Warm B,299490,1778,1777,3268,1998,0,0.016371395
Warm B,98639,660,659,3268,1998,0,0.0060330313
Warm B,96347,647,646,3268,1998,0,0.002332785
Warm B,95354,639,638,3268,1998,1,0.016841039
Warm B,441934,2718,2717,3268,1998,1,0.007601646
Warm B,90577,601,600,3268,1998,0,0.016326409
Warm B,238689,1448,1447,3268,1998,0,0.0029197256
Warm B,119068,770,769,3268,1998,0,0.007422854
Warm B,81523,543,542,3268,1998,0,0.019129336
Warm B,65223,438,437,3268,1998,0,-0.0055538435
Warm B,239786,1449,1448,3268,1998,0,0.0039971005
Warm B,82852,549,548,3268,1998,0,0.007796255
Warm B,44428,302,301,3268,1998,0,0.0053439895
Warm B,63842,426,425,3268,1998,1,0.0038077654
Warm B,39527,268,267,3268,1998,0,0.011124043
Warm B,38019,260,259,3268,1998,0,-0.0014376133
Warm B,255450,1556,1555,3268,1998,1,0.009288068
Warm B,32007,216,215,3268,1998,0,0.004481354
Warm B,336911,1983,1982,3268,1998,0,-0.0013797978
Warm B,28772,198,197,3268,1998,0,0.0063042096
Warm B,29150,199,198,3268,1998,0,-0.0018197307
Warm B,766307,4562,4561,3268,1998,0,-0.0011974357
Warm B,291209,1737,1736,3268,1998,0,-0.0070131226
Warm B,22460,163,162,3268,1998,0,0.013033381
Warm B,13022,101,100,3268,1998,1,0.007258961
Warm B,2543,21,20,3268,1998,0,0.008036867
Warm B,3732,26,25,3268,1998,0,0.010699235
Warm B,697157,4169,4168,3268,1998,0,0.006032302
Warm B,686441,4107,4106,3268,1998,0,0.005079342
Warm B,19347,148,147,3268,1998,0,0.009036978
Warm B,78323,528,527,3268,1998,0,0.005394669
Warm B,237699,1447,1446,3268,1998,0,0.009955218
Warm B,362795,2116,2115,3268,1998,0,0.0060674767
Warm B,152178,979,978,3268,1998,1,-0.00078135775
Warm B,383604,2242,2241,3268,1998,0,0.0072280928
Warm B,964393,5812,5811,3268,1998,0,0.015665524
Warm B,183498,1142,1141,3268,1998,0,0.0032128033
Warm B,257495,1579,1578,3268,1998,0,0.009024337
Warm B,62674,424,423,3268,1998,0,0.016092043
Warm B,329177,1943,1942,3268,1998,0,0.0013470107
Warm B,234804,1425,1424,3268,1998,0,0.010801756
Warm B,52123,343,342,3268,1998,1,-0.007378739
Warm B,609590,3695,3694,3272,2001,0,0.011225524
Warm B,605646,3681,3680,3272,2001,1,0.010257487
Warm B,600497,3651,3650,3272,2001,1,0.013052422
Warm B,598108,3641,3640,3272,2001,1,0.014896133
Warm B,606391,3683,3682,3272,2001,1,0.01648324
Warm B,596384,3626,3625,3272,2001,0,0.012633332
Warm B,587403,3588,3587,3272,2001,1,0.013172566
Warm B,759042,4510,4509,3272,2001,0,0.017324409
Warm B,593520,3618,3617,3272,2001,0,0.025104962
Warm B,579102,3539,3538,3272,2001,1,0.009430606
Warm B,570208,3499,3498,3272,2001,1,0.011182147
Warm B,571945,3507,3506,3272,2001,0,0.0072355606
Warm B,576950,3526,3525,3272,2001,1,0.002323477
Warm B,542060,3336,3335,3272,2001,0,0.0030269357
Warm B,580447,3546,3545,3272,2001,0,0.018237779
Warm B,528070,3265,3264,3272,2001,0,0.013487345
Warm B,522317,3224,3223,3272,2001,1,0.008803605
Warm B,519680,3206,3205,3272,2001,0,0.012120049
Warm B,517369,3193,3192,3272,2001,0,0.0047916593
Warm B,515960,3184,3183,3272,2001,0,0.007284222
Warm B,515347,3182,3181,3272,2001,1,0.010619141
Warm B,509218,3135,3134,3272,2001,1,-0.00012345542
Warm B,496843,3053,3052,3272,2001,0,0.014851393
Warm B,484890,2986,2985,3272,2001,0,0.023855515
Warm B,852831,5113,5112,3272,2001,0,0.01057681
Warm B,473344,2909,2908,3272,2001,1,0.004485598
Warm B,646575,3892,3891,3272,2001,0,0.015693557
Warm B,467736,2883,2882,3272,2001,0,0.010658188
Warm B,457749,2820,2819,3272,2001,1,0.013000738
Warm B,453565,2793,2792,3272,2001,1,0.015909456
Warm B,441341,2703,2702,3272,2001,0,0.005515788
Warm B,431358,2628,2627,3272,2001,0,0.0041525695
Warm B,430954,2627,2626,3272,2001,0,0.014050831
Warm B,429064,2611,2610,3272,2001,1,0.01210473
Warm B,833055,5008,5007,3272,2001,0,-0.00038917735
Warm B,409122,2456,2455,3272,2001,0,0.012471636
Warm B,408062,2453,2452,3272,2001,1,0.008238558
Warm B,407184,2446,2445,3272,2001,1,0.013541641
Warm B,402211,2402,2401,3272,2001,1,0.022855774
Warm B,392005,2304,2303,3272,2001,0,0.012499586
Warm B,369326,2161,2160,3272,2001,0,0.010014628
Warm B,364629,2124,2123,3272,2001,1,0.007504693
Warm B,359272,2102,2101,3272,2001,0,0.007335739
Warm B,349483,2051,2050,3272,2001,0,0.008835366
Warm B,310068,1845,1844,3272,2001,1,0.0059643984
Warm B,274312,1658,1657,3272,2001,1,0.01737148
Warm B,301497,1791,1790,3272,2001,1,0.0093256645
Warm B,216870,1317,1316,3272,2001,1,0.013431785
Warm B,289226,1727,1726,3272,2001,1,-0.00037495606
Warm B,204473,1260,1259,3272,2001,0,0.003458972
Warm B,214712,1303,1302,3272,2001,1,0.017993258
Warm B,199067,1223,1222,3272,2001,1,0.010120534
Warm B,357910,2094,2093,3272,2001,1,0.005176799
Warm B,278821,1680,1679,3272,2001,1,0.011536783
Warm B,197575,1212,1211,3272,2001,0,0.009580643
Warm B,235501,1426,1425,3272,2001,0,0.011619594
Warm B,185018,1150,1149,3272,2001,0,0.019069236
Warm B,210693,1285,1284,3272,2001,1,0.012880325
Warm B,307275,1835,1834,3272,2001,1,0.015120346
Warm B,168293,1069,1068,3272,2001,1,0.009004233
Warm B,165159,1053,1052,3272,2001,0,0.015102353
Warm B,181249,1133,1132,3272,2001,0,0.009190641
Warm B,212807,1297,1296,3272,2001,1,0.012359641
Warm B,157919,1015,1014,3272,2001,0,0.0056123063
Warm B,221180,1340,1339,3272,2001,0,0.01189606
Warm B,139583,893,892,3272,2001,0,0.0034625554
Warm B,131040,850,849,3272,2001,1,0.018477954
Warm B,129255,839,838,3272,2001,1,0.016002191
Warm B,298036,1767,1766,3272,2001,0,0.005811097
Warm B,115968,752,751,3272,2001,0,0.006383605
Warm B,105919,699,698,3272,2001,0,0.0062594446
Warm B,100080,669,668,3272,2001,0,0.019108413
Warm B,98649,660,659,3272,2001,1,0.008854432
Warm B,97740,655,654,3272,2001,0,0.0009046219
Warm B,316673,1884,1883,3272,2001,0,0.009357991
Warm B,480023,2946,2945,3272,2001,0,0.009542532
Warm B,283969,1698,1697,3272,2001,1,0.015393227
Warm B,308453,1837,1836,3272,2001,0,0.014083602
Warm B,159905,1019,1018,3272,2001,1,0.0063452157
Warm B,82866,549,548,3272,2001,1,0.020932686
Warm B,238698,1448,1447,3272,2001,0,0.0074396497
Warm B,190583,1181,1180,3272,2001,0,0.010191247
Warm B,83961,550,549,3272,2001,1,0.01746794
Warm B,77285,524,523,3272,2001,1,0.022184128
Warm B,80060,533,532,3272,2001,1,0.014813541
Warm B,71854,482,481,3272,2001,0,0.0088879615
Warm B,70097,474,473,3272,2001,1,0.012841339
Warm B,239802,1449,1448,3272,2001,0,0.009761977
Warm B,53679,352,351,3272,2001,0,-0.0011804204
Warm B,697167,4169,4168,3272,2001,0,0.016434878
Warm B,55584,368,367,3272,2001,1,0.007880863
Warm B,40361,272,271,3272,2001,0,0.025794344
Warm B,33462,225,224,3272,2001,1,0.010811703
Warm B,19951,149,148,3272,2001,0,0.011834929
Warm B,902976,5458,5457,3272,2001,0,0.006936399
Warm B,210031,1284,1283,3272,2001,1,0.014182367
Warm B,772104,4602,4601,3272,2001,1,-0.0035960265
Warm B,257502,1579,1578,3272,2001,1,0.01402871
Warm B,317563,1889,1888,3272,2001,0,0.013434137
Warm B,631413,3821,3820,3272,2001,0,0.01659236
Warm B,592732,3613,3612,3272,2001,0,0.011056427
Warm B,565445,3475,3474,3272,2001,0,0.007614526
Warm B,335611,1980,1979,3272,2001,1,0.016209641
Warm B,47426,319,318,3272,2001,1,0.012050131
Warm B,290036,1733,1732,3272,2001,1,0.015670568
Warm B,322177,1912,1911,3272,2001,0,0.012693174
Warm B,62683,424,423,3272,2001,1,0.010273472
Warm B,941650,5682,5681,3272,2001,0,0.018057356
Warm B,790687,4728,4727,3272,2001,1,0.02360532
Warm B,860281,5172,5171,3272,2001,0,-0.0005034129
Warm B,549873,3391,3390,3272,2001,0,0.014805291
Warm B,599107,3648,3647,3275,2004,1,0.0031861775
Warm B,22477,163,162,3275,2004,0,0.01696435
Warm B,805898,4823,4822,3275,2004,0,0.008806914
Warm B,202967,1246,1245,3275,2004,1,0.015569096
Warm B,170451,1086,1085,3275,2004,1,0.013166869
Warm B,119081,770,769,3275,2004,1,0.018456347
Warm B,286605,1712,1711,3275,2004,1,0.014451156
Warm B,28104,195,194,3275,2004,1,0.004676178
Warm B,47939,321,320,3275,2004,1,0.002803313
Warm B,460585,2841,2840,3275,2004,0,0.026041444
Warm B,144080,929,928,3275,2004,0,0.012158431
Warm B,154085,993,992,3275,2004,1,0.0016942961
Warm B,567321,3483,3482,3275,2004,1,0.005224975
Warm B,35815,242,241,3275,2004,1,0.0005767959
Warm B,500438,3074,3073,3275,2004,1,0.010921901
Warm B,20738,151,150,3275,2004,1,0.0069075855
Warm B,344785,2023,2022,3275,2004,1,0.0061772554
Warm B,19955,149,148,3275,2004,1,0.008393709
Warm B,562462,3462,3461,3275,2004,0,0.0042009517
Warm B,310569,1851,1850,3275,2004,0,0.009502571
Warm B,943569,5689,5688,3275,2004,0,0.010788409
Warm B,44450,302,301,3275,2004,0,0.013640022
Warm B,231048,1399,1398,3275,2004,0,0.0008408519
Warm B,941653,5682,5681,3275,2004,1,0.021500856
Warm B,753452,4489,4488,3275,2004,1,0.014054873
Warm B,887101,5359,5358,3275,2004,0,0.006793081
Warm B,171388,1088,1087,3275,2004,1,0.0060183937
Warm B,342280,2015,2014,3275,2004,1,0.011395715
Warm B,894037,5397,5396,3275,2004,1,0.0040923054
Warm B,713719,4277,4276,3275,2004,1,0.007908577
Warm B,62688,424,423,3275,2004,1,0.01769162
Warm B,564246,3471,3470,3275,2004,1,0.008872999
Warm B,363905,2120,2119,3286,2006,0,0.008919191
Warm B,150022,966,965,3286,2006,0,0.012740232
Warm B,194246,1198,1197,3286,2006,1,0.009802911
Warm B,137976,889,888,3286,2006,0,0.009865694
Warm B,133759,866,865,3286,2006,0,0.005439963
Warm B,384044,2244,2243,3286,2006,0,0.010670149
Warm B,266597,1617,1616,3286,2006,0,0.020670712
Warm B,130182,843,842,3286,2006,0,0.004703913
Warm B,110312,720,719,3286,2006,0,0.02073893
Warm B,100768,673,672,3286,2006,0,0.015415488
Warm B,252158,1527,1526,3286,2006,0,0.011104558
Warm B,96568,648,647,3286,2006,0,0.0148065295
Warm B,91596,608,607,3286,2006,0,0.0024518282
Warm B,82214,546,545,3286,2006,0,0.009777474
Warm B,76501,519,518,3286,2006,0,0.011435723
Warm B,56699,380,379,3286,2006,0,0.0061640986
Warm B,56608,379,378,3286,2006,1,0.0049085487
Warm B,65702,439,438,3286,2006,0,0.01724292
Warm B,55597,368,367,3286,2006,0,0.006781362
Warm B,153780,988,987,3286,2006,0,0.015308909
Warm B,445526,2748,2747,3286,2006,0,0.016259175
Warm B,44474,302,301,3286,2006,0,0.02102455
Warm B,43910,301,300,3286,2006,0,0.016450763
Warm B,43228,296,295,3286,2006,1,-0.0037750143
Warm B,41784,284,283,3286,2006,0,-0.0016647056
Warm B,37054,250,249,3286,2006,0,0.007930316
Warm B,32035,216,215,3286,2006,0,0.01264428
Warm B,183115,1141,1140,3286,2006,0,0.017145786
Warm B,25611,181,180,3286,2006,0,0.011603797
Warm B,133618,864,863,3286,2006,0,0.01308146
Warm B,22496,163,162,3286,2006,0,0.013528341
Warm B,26407,187,186,3286,2006,0,0.010821594
Warm B,947710,5722,5721,3286,2006,1,0.0072383764
Warm B,17151,134,133,3286,2006,0,0.0095069865
Warm B,439792,2688,2687,3286,2006,1,0.012720756
Warm B,8222,57,56,3286,2006,0,0.011345548
Warm B,7280,51,50,3286,2006,0,-0.0020981897
Warm B,503387,3093,3092,3286,2006,0,0.014560578
Warm B,5368,37,36,3286,2006,0,0.013802355
Warm B,4217,32,31,3286,2006,0,0.003816326
Warm B,116800,753,752,3286,2006,1,0.013026457
Warm B,540508,3326,3325,3286,2006,0,0.00479108
Warm B,211645,1287,1286,3286,2006,0,0.0072790068
Warm B,307030,1834,1833,3286,2006,0,0.008497858
Warm B,399773,2380,2379,3286,2006,0,0.020514973
Warm B,408622,2454,2453,3286,2006,0,0.010328731
Warm B,448875,2766,2765,3286,2006,0,0.00010700378
Warm B,981741,5923,5922,3286,2006,0,0.016766582
Warm B,860519,5173,5172,3286,2006,0,0.007126064
Warm B,222724,1348,1347,3286,2006,0,0.010449786
Warm B,682272,4085,4084,3286,2006,0,0.011838622
Warm B,401139,2390,2389,3286,2006,1,0.0104027055
Warm B,472418,2907,2906,3286,2006,0,0.012274224
Warm B,331424,1958,1957,3286,2006,0,0.019806644
Warm B,907787,5492,5491,3286,2006,0,0.0049466277
Warm B,562469,3462,3461,3286,2006,0,0.01233876
Warm B,413672,2489,2488,3286,2006,0,0.013055656
Warm B,310576,1851,1850,3286,2006,0,0.014344512
Warm B,351560,2063,2062,3286,2006,0,0.022839878
Warm B,62706,424,423,3286,2006,0,0.013353434
Warm B,496417,3051,3050,3286,2006,0,0.003960693
Warm B,272081,1645,1644,3286,2006,1,0.007068935
Warm B,373364,2180,2179,3287,2007,0,0.013888811
Warm B,365166,2125,2124,3287,2007,1,0.008356671
Warm B,361486,2109,2108,3287,2007,1,0.0031026043
Warm B,353431,2071,2070,3287,2007,0,0.0110964095
Warm B,337810,1987,1986,3287,2007,0,0.010314305
Warm B,311897,1860,1859,3287,2007,0,0.016668562
Warm B,305443,1817,1816,3287,2007,0,0.014604135
Warm B,330509,1951,1950,3287,2007,0,0.01054624
Warm B,288810,1726,1725,3287,2007,0,0.006445825
Warm B,286613,1712,1711,3287,2007,1,-0.0020458712
Warm B,286998,1713,1712,3287,2007,1,0.00198084
Warm B,285205,1701,1700,3287,2007,1,0.008133244
Warm B,280439,1683,1682,3287,2007,0,0.015791591
Warm B,272083,1645,1644,3287,2007,0,0.0026629092
Warm B,266598,1617,1616,3287,2007,0,0.011989804
Warm B,252814,1532,1531,3287,2007,1,0.013168951
Warm B,294206,1749,1748,3287,2007,0,0.0031868904
Warm B,242180,1460,1459,3287,2007,0,0.0010093353
Warm B,239832,1449,1448,3287,2007,0,0.023417478
Warm B,235811,1427,1426,3287,2007,0,0.005610324
Warm B,225209,1362,1361,3287,2007,0,0.0049815867
Warm B,224074,1356,1355,3287,2007,0,0.0032632742
Warm B,222557,1347,1346,3287,2007,1,0.013342397
Warm B,222252,1344,1343,3287,2007,0,0.008804817
Warm B,591822,3610,3609,3287,2007,0,0.010107064
Warm B,195896,1204,1203,3287,2007,0,0.00044786884
Warm B,229860,1391,1390,3287,2007,0,0.008997807
Warm B,294641,1750,1749,3287,2007,0,-0.0017313906
Warm B,326536,1935,1934,3287,2007,0,0.0045415773
Warm B,346114,2030,2029,3287,2007,0,0.01124052
Warm B,194247,1198,1197,3287,2007,0,0.00081312424
Warm B,162223,1034,1033,3287,2007,0,0.0020126407
Warm B,151370,974,973,3287,2007,0,0.0015839366
Warm B,137978,889,888,3287,2007,0,0.018135529
Warm B,181910,1137,1136,3287,2007,1,0.018168276
Warm B,790228,4727,4726,3287,2007,0,0.012631929
Warm B,124067,799,798,3287,2007,0,0.020407539
Warm B,111172,722,721,3287,2007,0,0.00989955
Warm B,292750,1743,1742,3287,2007,0,-0.00024010483
Warm B,94872,637,636,3287,2007,1,0.0052126893
Warm B,93749,629,628,3287,2007,1,-0.006993831
Warm B,262488,1601,1600,3287,2007,0,0.011309157
Warm B,89548,590,589,3287,2007,0,-0.0039482266
Warm B,82215,546,545,3287,2007,1,0.009945773
Warm B,79871,532,531,3287,2007,0,-0.007221121
Warm B,86530,566,565,3287,2007,0,0.002076182
Warm B,69764,470,469,3287,2007,0,-0.00024707906
Warm B,61277,412,411,3287,2007,0,0.002659929
Warm B,38898,264,263,3287,2007,0,0.014412584
Warm B,314334,1877,1876,3287,2007,1,-0.0038952923
Warm B,14482,117,116,3287,2007,0,0.0039006667
Warm B,14071,114,113,3287,2007,0,0.002416219
Warm B,3378,26,25,3287,2007,0,0.012613784
Warm B,810395,4861,4860,3287,2007,0,0.009743156
Warm B,15580,123,122,3287,2007,0,0.011051031
Warm B,139145,890,889,3287,2007,1,-0.0024048928
Warm B,393231,2310,2309,3287,2007,0,0.011869859
Warm B,545254,3363,3362,3287,2007,0,0.0077450164
Warm B,840622,5050,5049,3287,2007,0,0.0059777983
Warm B,241055,1451,1450,3287,2007,0,0.0054997266
Warm B,79223,531,530,3287,2007,1,0.022169491
Warm B,689785,4126,4125,3287,2007,0,0.01480203
Warm B,144814,934,933,3287,2007,0,0.0037737866
Warm B,879297,5312,5311,3287,2007,0,0.010572562
Warm B,523828,3229,3228,3287,2007,0,0.009201001
Warm B,877649,5304,5303,3287,2007,0,0.016216325
Warm B,399775,2380,2379,3287,2007,1,0.0065409807
Warm B,484575,2985,2984,3287,2007,0,0.011609491
Warm B,177988,1120,1119,3287,2007,1,0.0037265467
Warm B,916875,5539,5538,3299,2010,0,0.002965872
Warm B,543573,3347,3346,3299,2010,0,0.0005775009
Warm B,542697,3339,3338,3299,2010,0,-0.001692958
Warm B,533145,3292,3291,3299,2010,1,0.004563229
Warm B,532690,3290,3289,3299,2010,0,-0.0021569831
Warm B,527315,3261,3260,3299,2010,0,0.017945448
Warm B,575208,3519,3518,3299,2010,0,0.017389864
Warm B,516869,3191,3190,3299,2010,0,0.0043148613
Warm B,514368,3176,3175,3299,2010,0,0.017704438
Warm B,816642,4903,4902,3299,2010,0,-0.00038370548
Warm B,665192,4005,4004,3299,2010,0,0.016347446
Warm B,504817,3106,3105,3299,2010,0,0.014053935
Warm B,503389,3093,3092,3299,2010,0,0.006821849
Warm B,502462,3084,3083,3299,2010,0,-0.0012750338
Warm B,500644,3075,3074,3299,2010,0,0.011614888
Warm B,495484,3043,3042,3299,2010,0,0.007291267
Warm B,935243,5643,5642,3299,2010,0,0.008029696
Warm B,492595,3029,3028,3299,2010,0,0.019638764
Warm B,489526,3013,3012,3299,2010,0,0.009909738
Warm B,495327,3041,3040,3299,2010,0,-0.0004502741
Warm B,529548,3272,3271,3299,2010,0,0.013809082
Warm B,472437,2907,2906,3299,2010,0,0.011734033
Warm B,484915,2986,2985,3299,2010,0,0.011494638
Warm B,467611,2882,2881,3299,2010,0,0.011579307
Warm B,466703,2878,2877,3299,2010,0,0.009400045
Warm B,458625,2824,2823,3299,2010,0,0.0039581796
Warm B,456389,2810,2809,3299,2010,0,0.01247535
Warm B,444579,2743,2742,3299,2010,0,0.01457151
Warm B,703518,4218,4217,3299,2010,1,0.011255533
Warm B,403302,2409,2408,3299,2010,0,0.008693178
Warm B,393848,2320,2319,3299,2010,0,0.010715738
Warm B,385880,2257,2256,3299,2010,0,0.0013652853
Warm B,398587,2372,2371,3299,2010,0,0.0058124415
Warm B,382584,2236,2235,3299,2010,0,0.01128019
Warm B,376964,2202,2201,3299,2010,0,0.0057463297
Warm B,373924,2181,2180,3299,2010,0,0.0068962537
Warm B,358822,2100,2099,3299,2010,1,0.007723246
Warm B,334207,1971,1970,3299,2010,0,0.0044867243
Warm B,330512,1951,1950,3299,2010,0,0.0018918504
Warm B,294643,1750,1749,3299,2010,0,0.007488833
Warm B,315059,1880,1879,3299,2010,0,0.0067624147
Warm B,285787,1705,1704,3299,2010,0,-0.005369383
Warm B,285032,1700,1699,3299,2010,0,-0.0031162498
Warm B,278219,1678,1677,3299,2010,0,0.008732794
Warm B,263135,1605,1604,3299,2010,0,-0.0024594888
Warm B,257185,1577,1576,3299,2010,1,0.0123090055
Warm B,253708,1543,1542,3299,2010,0,0.0046116165
Warm B,253863,1544,1543,3299,2010,0,0.01369771
Warm B,332561,1962,1961,3299,2010,0,0.010443175
Warm B,321639,1908,1907,3299,2010,0,0.0027528584
Warm B,281896,1691,1690,3299,2010,0,0.0051367674
Warm B,216385,1314,1313,3299,2010,0,-0.0021031937
Warm B,243790,1470,1469,3299,2010,0,0.005821418
Warm B,189296,1173,1172,3299,2010,0,0.008808723
Warm B,187381,1163,1162,3299,2010,0,-0.004259458
Warm B,186744,1156,1155,3299,2010,0,0.009343181
Warm B,183124,1141,1140,3299,2010,0,0.0053505274
Warm B,179500,1125,1124,3299,2010,0,0.0104732625
Warm B,194250,1198,1197,3299,2010,0,0.008562606
Warm B,175410,1112,1111,3299,2010,0,0.013975501
Warm B,167753,1068,1067,3299,2010,1,0.017011493
Warm B,155279,1001,1000,3299,2010,0,0.016211923
Warm B,362847,2116,2115,3299,2010,0,0.011502976
Warm B,139820,896,895,3299,2010,0,0.006542923
Warm B,138001,889,888,3299,2010,0,0.009189017
Warm B,131811,854,853,3299,2010,0,0.010904549
Warm B,248717,1501,1500,3299,2010,0,0.012367313
Warm B,128763,836,835,3299,2010,0,0.0019331607
Warm B,145588,936,935,3299,2010,0,0.004082062
Warm B,112356,731,730,3299,2010,1,0.008671034
Warm B,239848,1449,1448,3299,2010,0,0.004846411
Warm B,228116,1383,1382,3299,2010,0,0.0121279005
Warm B,85901,561,560,3299,2010,0,0.0055318642
Warm B,73634,499,498,3299,2010,0,0.007058194
Warm B,64180,429,428,3299,2010,0,0.0028324202
Warm B,61293,412,411,3299,2010,1,0.0045093563
Warm B,39557,268,267,3299,2010,0,0.01231909
Warm B,647638,3900,3899,3299,2010,0,0.0077826185
Warm B,32064,216,215,3299,2010,0,0.0005990064
Warm B,29461,201,200,3299,2010,0,-0.0013410946
Warm B,23338,167,166,3299,2010,0,0.005764558
Warm B,26420,187,186,3299,2010,0,0.011924486
Warm B,210055,1284,1283,3299,2010,0,0.009108791
Warm B,314338,1877,1876,3299,2010,0,0.00057589635
Warm B,11281,85,84,3299,2010,0,0.0041537695
Warm B,79245,531,530,3299,2010,0,0.011791246
Warm B,150489,970,969,3299,2010,0,0.013412462
Warm B,258353,1584,1583,3299,2010,0,0.011061006
Warm B,689790,4126,4125,3299,2010,0,0.010329461
Warm B,360611,2106,2105,3299,2010,0,0.0180911
Warm B,365692,2129,2128,3299,2010,0,0.008202198
Warm B,840624,5050,5049,3299,2010,0,0.017116219
Warm B,231939,1407,1406,3299,2010,0,0.014097345
Warm B,222726,1348,1347,3299,2010,0,0.005681783
Warm B,105949,699,698,3299,2010,0,0.0063559148
Warm B,157961,1015,1014,3299,2010,0,0.0060119764
Warm B,503783,3096,3095,3299,2010,1,-0.00099764
Warm B,556521,3420,3419,3299,2010,1,0.008930902
Warm B,557173,3423,3422,3299,2010,0,-4.8020156e-05
Warm B,20766,151,150,3299,2010,0,0.004345783
Warm B,537806,3312,3311,3299,2010,0,0.018995307
Warm B,697205,4169,4168,3299,2010,0,0.013034543
Warm B,398999,2376,2375,3299,2010,0,0.016802432
Warm B,110682,721,720,3299,2010,0,0.011642318
Warm B,351579,2063,2062,3299,2010,0,0.004166333
Warm B,907790,5492,5491,3299,2010,0,0.012006582
Warm B,331446,1958,1957,3299,2010,0,0.025653213
Warm B,476287,2926,2925,3299,2010,0,0.017678153
Warm B,285213,1701,1700,3299,2010,0,0.011039998
Warm B,599130,3648,3647,3299,2010,0,-0.0026621153
Warm B,206278,1265,1264,3299,2010,0,0.0024622325
Warm B,46455,310,309,3299,2010,1,0.0063755265
Warm B,312820,1865,1864,3299,2010,0,0.008763088
Warm B,984192,5948,5947,3299,2010,0,-0.009448409
Warm B,941663,5682,5681,3299,2010,0,0.017812777
Warm B,974584,5878,5877,3299,2010,0,0.0035127448
Warm B,105652,698,697,3310,2015,1,-0.00027183886
Warm B,840536,5049,5048,3310,2015,1,0.0024384852
Warm B,547269,3375,3374,3324,2018,0,0.001391347
Warm B,592431,3611,3610,3324,2018,1,0.004148103
Warm B,545160,3362,3361,3324,2018,0,0.0014499304
Warm B,544557,3357,3356,3324,2018,1,0.009840858
Warm B,538029,3312,3311,3324,2018,1,0.009334819
Warm B,537293,3311,3310,3324,2018,0,0.0039131474
Warm B,564539,3471,3470,3324,2018,1,0.0068784403
Warm B,533452,3292,3291,3324,2018,1,0.01432579
Warm B,532235,3285,3284,3324,2018,0,0.007757186
Warm B,525489,3245,3244,3324,2018,0,0.0036560323
Warm B,524070,3230,3229,3324,2018,0,0.0053407373
Warm B,517676,3195,3194,3324,2018,1,0.006484507
Warm B,745442,4448,4447,3324,2018,1,0.009550242
Warm B,514672,3179,3178,3324,2018,0,0.0081820795
Warm B,506348,3116,3115,3324,2018,1,0.0056219767
Warm B,504049,3098,3097,3324,2018,1,0.008420251
Warm B,503441,3093,3092,3324,2018,0,0.0038828757
Warm B,502497,3084,3083,3324,2018,1,0.004554048
Warm B,502941,3087,3086,3324,2018,0,0.00071285455
Warm B,516546,3189,3188,3324,2018,0,0.011855167
Warm B,659198,3971,3970,3324,2018,1,0.0056863334
Warm B,488720,3007,3006,3324,2018,1,-0.005677458
Warm B,484415,2981,2980,3324,2018,0,0.0021774527
Warm B,476061,2922,2921,3324,2018,1,0.008344244
Warm B,473836,2909,2908,3324,2018,0,0.003909955
Warm B,472711,2907,2906,3324,2018,0,0.00836969
Warm B,467985,2885,2884,3324,2018,0,0.006615656
Warm B,811722,4868,4867,3324,2018,1,0.013828332
Warm B,459978,2837,2836,3324,2018,1,0.012787894
Warm B,457516,2819,2818,3324,2018,0,0.010754488
Warm B,451002,2777,2776,3324,2018,1,-0.0009697573
Warm B,448262,2763,2762,3324,2018,0,0.014592731
Warm B,444735,2743,2742,3324,2018,0,-0.0025044887
Warm B,443889,2737,2736,3324,2018,0,0.0011019513
Warm B,670682,4030,4029,3324,2018,1,0.009692533
Warm B,417155,2509,2508,3324,2018,0,0.004561877
Warm B,407887,2452,2451,3324,2018,0,0.013519872
Warm B,408728,2454,2453,3324,2018,0,0.012672997
Warm B,387045,2263,2262,3324,2018,1,0.0059280028
Warm B,398617,2372,2371,3324,2018,0,-0.0051908977
Warm B,384381,2245,2244,3324,2018,0,0.0022707838
Warm B,380364,2223,2222,3324,2018,0,0.0060653836
Warm B,374212,2181,2180,3324,2018,0,0.00849193
Warm B,357999,2095,2094,3324,2018,0,0.011650938
Warm B,355553,2081,2080,3324,2018,0,0.0020906655
Warm B,352047,2063,2062,3324,2018,0,0.017497864
Warm B,361759,2109,2108,3324,2018,0,0.0040896013
Warm B,348993,2047,2046,3324,2018,0,-0.003665804
Warm B,340757,2010,2009,3324,2018,0,0.004366171
Warm B,338612,1992,1991,3324,2018,0,-0.0034138458
Warm B,639203,3842,3841,3324,2018,1,-0.0025797433
Warm B,291918,1739,1738,3324,2018,0,-0.0011777893
Warm B,285050,1700,1699,3324,2018,0,-0.004574376
Warm B,297604,1764,1763,3324,2018,1,0.0076509146
Warm B,285811,1705,1704,3324,2018,0,-0.005083608
Warm B,256984,1573,1572,3324,2018,0,0.014623316
Warm B,234536,1423,1422,3324,2018,0,-0.0032017431
Warm B,223640,1354,1353,3324,2018,0,0.006918397
Warm B,217515,1319,1318,3324,2018,0,0.009548588
Warm B,281916,1691,1690,3324,2018,0,-0.0030527483
Warm B,208046,1272,1271,3324,2018,1,0.011498222
Warm B,279533,1680,1679,3324,2018,0,0.0024770482
Warm B,198850,1221,1220,3324,2018,0,0.0037983493
Warm B,195574,1203,1202,3324,2018,0,0.01768222
Warm B,201185,1241,1240,3324,2018,1,0.003912869
Warm B,187405,1163,1162,3324,2018,1,-0.00054981885
Warm B,186774,1156,1155,3324,2018,0,0.0019250053
Warm B,183589,1142,1141,3324,2018,0,0.0068663224
Warm B,173740,1100,1099,3324,2018,0,0.011677891
Warm B,162600,1037,1036,3324,2018,0,0.00621061
Warm B,162488,1035,1034,3324,2018,0,-0.006158526
Warm B,150669,970,969,3324,2018,0,0.005470244
Warm B,144203,929,928,3324,2018,1,0.0019261282
Warm B,143536,926,925,3324,2018,1,0.0052727186
Warm B,143706,927,926,3324,2018,0,0.0009935282
Warm B,134416,869,868,3324,2018,0,0.0054765604
Warm B,210217,1284,1283,3324,2018,1,0.002167712
Warm B,128777,836,835,3324,2018,0,0.0017567507
Warm B,363183,2116,2115,3324,2018,0,0.0058770594
Warm B,199114,1223,1222,3324,2018,0,0.002760711
Warm B,117570,757,756,3324,2018,0,0.014447657
Warm B,112581,731,730,3324,2018,1,0.006596443
Warm B,108111,710,709,3324,2018,0,0.009752174
Warm B,103461,687,686,3324,2018,0,0.006546152
Warm B,116373,752,751,3324,2018,0,0.006400225
Warm B,100906,673,672,3324,2018,0,0.006647419
Warm B,510964,3150,3149,3324,2018,0,0.0055279145
Warm B,99670,665,664,3324,2018,0,0.004700532
Warm B,262554,1601,1600,3324,2018,1,-0.0012092686
Warm B,89599,590,589,3324,2018,0,0.0054802964
Warm B,99590,664,663,3324,2018,1,0.00647265
Warm B,76177,517,516,3324,2018,0,0.01305761
Warm B,64292,429,428,3324,2018,0,0.0117196515
Warm B,65447,438,437,3324,2018,0,0.01643653
Warm B,317803,1889,1888,3324,2018,0,0.0052563073
Warm B,44392,302,301,3324,2018,0,0.017340906
Warm B,61230,412,411,3324,2018,1,0.0029202409
Warm B,296842,1759,1758,3324,2018,1,0.0037448276
Warm B,219229,1329,1328,3324,2018,1,0.0027255286
Warm B,22439,163,162,3324,2018,0,0.0025050854
Warm B,33416,225,224,3324,2018,0,0.0055025415
Warm B,314390,1877,1876,3324,2018,0,0.0022674627
Warm B,11274,85,84,3324,2018,1,-6.050302e-05
Warm B,328358,1941,1940,3324,2018,0,0.00016230252
Warm B,389471,2282,2281,3324,2018,1,0.008356249
Warm B,481913,2962,2961,3324,2018,0,0.0042129494
Warm B,330762,1952,1951,3324,2018,0,0.009072364
Warm B,174230,1101,1100,3324,2018,1,0.004475059
Warm B,287315,1715,1714,3324,2018,1,0.009120012
Warm B,78547,528,527,3324,2018,0,0.010438894
Warm B,548575,3386,3385,3324,2018,0,0.0072093075
Warm B,360915,2106,2105,3324,2018,0,0.018917592
Warm B,60636,411,410,3324,2018,0,0.01173386
Warm B,110912,721,720,3324,2018,0,0.002937981
Warm B,577315,3526,3525,3324,2018,0,0.011674512
Warm B,685076,4094,4093,3324,2018,0,0.0069942195
Warm B,144993,934,933,3324,2018,0,0.0059761154
Warm B,326147,1930,1929,3324,2018,1,0.0076757204
Warm B,20706,151,150,3324,2018,1,0.0154172
Warm B,697546,4169,4168,3324,2018,0,0.010536665
Warm B,499550,3067,3066,3324,2018,1,0.012646044
Warm B,807294,4831,4830,3324,2018,1,0.007741121
Warm B,139984,897,896,3324,2018,0,0.0047251135
Warm B,83291,549,548,3324,2018,1,0.004117286
Warm B,52978,349,348,3324,2018,0,0.0040280796
Warm B,496550,3051,3050,3324,2018,0,0.00011833955
Warm B,171816,1088,1087,3324,2018,0,0.011358861
Warm B,272280,1645,1644,3324,2018,1,0.0069314013
Warm B,492835,3029,3028,3324,2018,0,0.0042011025
Warm B,480470,2947,2946,3324,2018,0,0.003765813
Warm B,309120,1839,1838,3325,2019,0,0.0015095342
Warm B,304453,1809,1808,3325,2019,0,-0.00079030497
Warm B,321699,1908,1907,3325,2019,0,0.0064871707
Warm B,298718,1774,1773,3325,2019,1,-0.004340708
Warm B,360916,2106,2105,3325,2019,0,0.009458077
Warm B,294665,1750,1749,3325,2019,0,-0.00042722654
Warm B,285390,1701,1700,3325,2019,0,0.0052856836
Warm B,280499,1683,1682,3325,2019,1,0.0061997157
Warm B,278263,1678,1677,3325,2019,0,0.009823428
Warm B,273082,1647,1646,3325,2019,0,-0.0043003475
Warm B,262805,1603,1602,3325,2019,1,-0.00032202463
Warm B,256985,1573,1572,3325,2019,0,0.017536363
Warm B,256197,1562,1561,3325,2019,0,-0.0028935107
Warm B,256258,1563,1562,3325,2019,0,0.0021953154
Warm B,260686,1593,1592,3325,2019,0,-0.0009433497
Warm B,233263,1419,1418,3325,2019,0,0.0006823833
Warm B,235623,1426,1425,3325,2019,0,0.0058829673
Warm B,225594,1366,1365,3325,2019,0,0.007208525
Warm B,224238,1356,1355,3325,2019,0,-0.005346144
Warm B,224873,1359,1358,3325,2019,0,0.008322211
Warm B,222422,1345,1344,3325,2019,0,-0.005169836
Warm B,242188,1460,1459,3325,2019,0,-0.0009428179
Warm B,281917,1691,1690,3325,2019,0,-0.0027434162
Warm B,214119,1300,1299,3325,2019,0,0.013367998
Warm B,285812,1705,1704,3325,2019,0,-0.00097641733
Warm B,207682,1270,1269,3325,2019,0,0.003206078
Warm B,279535,1680,1679,3325,2019,1,0.0041814093
Warm B,195939,1204,1203,3325,2019,0,0.0026663677
Warm B,189422,1173,1172,3325,2019,0,-0.0032851181
Warm B,186775,1156,1155,3325,2019,1,-0.004994615
Warm B,186488,1153,1152,3325,2019,0,-0.0032069744
Warm B,185477,1150,1149,3325,2019,0,-2.582604e-05
Warm B,184056,1146,1145,3325,2019,0,-0.004559472
Warm B,182373,1138,1137,3325,2019,1,-0.0030632364
Warm B,179692,1125,1124,3325,2019,0,0.010386153
Warm B,175155,1110,1109,3325,2019,1,0.0036871443
Warm B,191141,1181,1180,3325,2019,0,0.005309687
Warm B,175636,1112,1111,3325,2019,0,0.006356616
Warm B,181733,1136,1135,3325,2019,0,0.011152292
Warm B,270458,1636,1635,3325,2019,0,0.008742612
Warm B,348994,2047,2046,3325,2019,0,-0.001603046
Warm B,155413,1001,1000,3325,2019,0,0.001070383
Warm B,154062,992,991,3325,2019,0,-0.001581436
Warm B,150087,966,965,3325,2019,0,0.004837173
Warm B,246379,1489,1488,3325,2019,0,-0.006402638
Warm B,146015,938,937,3325,2019,0,-0.00824534
Warm B,139843,896,895,3325,2019,0,0.0010946393
Warm B,139438,891,890,3325,2019,0,0.014017513
Warm B,273743,1650,1649,3325,2019,0,0.00048732548
Warm B,128778,836,835,3325,2019,0,0.0008250382
Warm B,182094,1137,1136,3325,2019,0,-0.0031740302
Warm B,128336,830,829,3325,2019,0,0.0049979053
Warm B,305000,1812,1811,3325,2019,1,0.00542157
Warm B,124082,799,798,3325,2019,0,-0.0037288154
Warm B,100907,673,672,3325,2019,0,0.0037873536
Warm B,99338,662,661,3325,2019,1,-0.0065941624
Warm B,137181,883,882,3325,2019,1,-0.005316695
Warm B,222612,1347,1346,3325,2019,0,0.00020212214
Warm B,96644,648,647,3325,2019,0,0.0008633424
Warm B,384180,2244,2243,3325,2019,0,0.007755318
Warm B,90330,596,595,3325,2019,0,0.0043268977
Warm B,85140,555,554,3325,2019,0,0.00010126899
Warm B,74261,506,505,3325,2019,0,-0.007103212
Warm B,69318,464,463,3325,2019,0,-0.00662372
Warm B,481914,2962,2961,3325,2019,0,0.008785959
Warm B,22440,163,162,3325,2019,0,0.0023362348
Warm B,20386,150,149,3325,2019,0,0.0034782244
Warm B,314391,1877,1876,3325,2019,0,-0.00013390253
Warm B,11275,85,84,3325,2019,0,-0.0072655603
Warm B,22180,162,161,3325,2019,0,0.0022568938
Warm B,485152,2986,2985,3325,2019,0,0.010989735
Warm B,140304,899,898,3325,2019,0,-0.0026389607
Warm B,2466,19,18,3325,2019,0,0.0056106565
Warm B,685077,4094,4093,3325,2019,1,0.005051259
Warm B,56320,376,375,3325,2019,0,0.009254632
Warm B,289701,1729,1728,3325,2019,0,0.0017208955
Warm B,784518,4682,4681,3325,2019,1,0.009559466
Warm B,12824,99,98,3325,2019,0,0.0064904215
Warm B,79531,531,530,3325,2019,0,0.002749991
Warm B,682574,4085,4084,3325,2019,0,0.0011324075
Warm B,11925,92,91,3325,2019,0,0.004744716
Warm B,102405,678,677,3325,2019,0,0.0065862406
Warm B,500496,3074,3073,3325,2019,0,0.0064793094
Warm B,20707,151,150,3325,2019,0,0.008238152
Warm B,375645,2188,2187,3325,2019,0,0.01038375
Warm B,309677,1842,1841,3325,2019,0,0.0072072716
Warm B,110913,721,720,3325,2019,0,-0.0025938447
Warm B,517925,3196,3195,3325,2019,1,0.0032616372
Warm B,554058,3410,3409,3325,2019,0,0.0047285752
Warm B,599350,3648,3647,3325,2019,0,-0.003389081
Warm B,331743,1958,1957,3325,2019,0,0.0033403188
Warm B,419429,2535,2534,3325,2019,1,0.0018945095
Warm B,499551,3067,3066,3325,2019,0,0.0078592105
Warm B,336099,1980,1979,3325,2019,0,0.00027822657
Warm B,479781,2944,2943,3325,2019,0,0.009171659
Warm B,206397,1265,1264,3325,2019,0,0.0051638205
Warm B,538030,3312,3311,3325,2019,0,0.0013423297
Warm B,328361,1941,1940,3325,2019,0,0.0058810646
Warm B,58706,398,397,3325,2019,0,0.0095838215
Warm B,785847,4697,4696,3325,2019,1,-0.0033451752
Warm B,580026,3540,3539,3326,2020,1,0.0031933847
Warm B,504050,3098,3097,3326,2020,1,0.0053636213
Warm B,503443,3093,3092,3326,2020,0,0.0014543826
Warm B,502499,3084,3083,3326,2020,1,0.007548732
Warm B,502410,3083,3082,3326,2020,0,0.001222556
Warm B,502943,3087,3086,3326,2020,0,0.0040429435
Warm B,498986,3066,3065,3326,2020,0,-0.00053758104
Warm B,641482,3857,3856,3326,2020,0,0.0045123454
Warm B,494890,3035,3034,3326,2020,0,0.013178693
Warm B,485996,2992,2991,3326,2020,0,0.009134959
Warm B,480558,2948,2947,3326,2020,1,0.0056674248
Warm B,631125,3819,3818,3326,2020,1,0.00023171189
Warm B,868172,5241,5240,3326,2020,0,0.007728462
Warm B,471055,2899,2898,3326,2020,1,0.008770913
Warm B,973594,5872,5871,3326,2020,1,-0.0011797359
Warm B,461136,2844,2843,3326,2020,0,0.011403076
Warm B,458707,2824,2823,3326,2020,1,0.012131318
Warm B,457517,2819,2818,3326,2020,1,4.4954242e-05
Warm B,382620,2236,2235,3326,2020,0,-0.0010068573
Warm B,380365,2223,2222,3326,2020,0,0.012801229
Warm B,378942,2212,2211,3326,2020,0,0.0022489012
Warm B,374214,2181,2180,3326,2020,0,0.017896008
Warm B,370752,2167,2166,3326,2020,0,0.0020749203
Warm B,365820,2129,2128,3326,2020,0,0.00865818
Warm B,358001,2095,2094,3326,2020,1,0.005562945
Warm B,358561,2098,2097,3326,2020,0,-0.0038751531
Warm B,361762,2109,2108,3326,2020,0,0.010502046
Warm B,346841,2033,2032,3326,2020,1,0.0043199514
Warm B,343164,2016,2015,3326,2020,0,0.0015244151
Warm B,340759,2010,2009,3326,2020,0,0.0050998693
Warm B,338614,1992,1991,3326,2020,0,0.0083039645
Warm B,334173,1970,1969,3326,2020,0,0.0019076299
Warm B,330878,1953,1952,3326,2020,1,0.0023042103
Warm B,321870,1910,1909,3326,2020,1,0.0041748267
Warm B,305487,1817,1816,3326,2020,0,0.013139466
Warm B,296843,1759,1758,3326,2020,0,0.012403914
Warm B,289786,1731,1730,3326,2020,0,0.011015468
Warm B,292411,1741,1740,3326,2020,0,0.012023122
Warm B,273083,1647,1646,3326,2020,1,0.0019689642
Warm B,271502,1641,1640,3326,2020,0,0.005099206
Warm B,262806,1603,1602,3326,2020,0,0.008522357
Warm B,256986,1573,1572,3326,2020,0,0.0077050747
Warm B,253925,1544,1543,3326,2020,0,0.01863356
Warm B,234537,1423,1422,3326,2020,0,0.0015800999
Warm B,281918,1691,1690,3326,2020,0,0.008867912
Warm B,215867,1308,1307,3326,2020,1,0.0028357215
Warm B,211115,1285,1284,3326,2020,0,0.0037361158
Warm B,201060,1240,1239,3326,2020,0,0.0013527232
Warm B,201187,1241,1240,3326,2020,0,0.0061198827
Warm B,186387,1152,1151,3326,2020,0,8.986797e-05
Warm B,189423,1173,1172,3326,2020,1,0.0062894095
Warm B,179694,1125,1124,3326,2020,0,0.015198128
Warm B,191143,1181,1180,3326,2020,0,0.014975524
Warm B,167223,1064,1063,3326,2020,1,0.009581633
Warm B,147460,949,948,3326,2020,0,0.0109986365
Warm B,146126,939,938,3326,2020,0,0.007836389
Warm B,135178,875,874,3326,2020,1,0.0050619496
Warm B,134418,869,868,3326,2020,1,0.007662387
Warm B,130849,849,848,3326,2020,0,0.0014770604
Warm B,202580,1244,1243,3326,2020,0,0.0039777886
Warm B,240258,1449,1448,3326,2020,0,0.016585477
Warm B,113379,735,734,3326,2020,0,0.010011925
Warm B,292789,1743,1742,3326,2020,1,0.0064644217
Warm B,108113,710,709,3326,2020,0,0.01461263
Warm B,116375,752,751,3326,2020,0,0.017664164
Warm B,100909,673,672,3326,2020,0,0.004059669
Warm B,97370,652,651,3326,2020,0,0.011143287
Warm B,162314,1034,1033,3326,2020,0,0.0038318066
Warm B,89600,590,589,3326,2020,1,0.0034226563
Warm B,86178,563,562,3326,2020,0,0.013211833
Warm B,250437,1509,1508,3326,2020,0,0.0003464712
Warm B,77672,524,523,3326,2020,0,0.02411117
Warm B,68452,460,459,3326,2020,1,0.0048225936
Warm B,64293,429,428,3326,2020,0,0.007189396
Warm B,67820,454,453,3326,2020,0,0.005324787
Warm B,317805,1889,1888,3326,2020,0,0.005808496
Warm B,46260,309,308,3326,2020,1,-0.001233693
Warm B,29125,199,198,3326,2020,0,0.0054909815
Warm B,210219,1284,1283,3326,2020,0,0.011130032
Warm B,162030,1033,1032,3326,2020,1,0.010507527
Warm B,314392,1877,1876,3326,2020,0,0.0078632515
Warm B,561928,3457,3456,3326,2020,0,0.006459828
Warm B,7631,53,52,3326,2020,1,0.012053812
Warm B,330763,1952,1951,3326,2020,0,0.00010097469
Warm B,49317,329,328,3326,2020,0,0.008304415
Warm B,287316,1715,1714,3326,2020,0,-0.0025752068
Warm B,355027,2077,2076,3326,2020,1,0.0024563142
Warm B,363186,2116,2115,3326,2020,0,0.013254771
Warm B,893663,5395,5394,3326,2020,0,0.011591468
Warm B,531132,3280,3279,3326,2020,0,0.008689197
Warm B,371053,2168,2167,3326,2020,0,0.006313744
Warm B,55560,368,367,3326,2020,1,0.0068858694
Warm B,975422,5880,5879,3326,2020,0,0.003067026
Warm B,653609,3940,3939,3326,2020,0,0.011701325
Warm B,174673,1105,1104,3326,2020,0,0.011663089
Warm B,840640,5050,5049,3326,2020,0,-0.0062524322
Warm B,79533,531,530,3326,2020,0,0.010946985
Warm B,319440,1897,1896,3326,2020,0,0.0100079235
Warm B,47382,319,318,3326,2020,0,0.02184115
Warm B,388372,2272,2271,3326,2020,1,0.004531378
Warm B,577317,3526,3525,3326,2020,0,0.01042218
Warm B,242121,1458,1457,3326,2020,0,0.01355545
Warm B,964539,5812,5811,3326,2020,0,0.01183791
Warm B,35056,237,236,3326,2020,0,0.012775779
Warm B,309679,1842,1841,3326,2020,0,0.009077631
Warm B,697549,4169,4168,3326,2020,0,0.013757478
Warm B,631680,3821,3820,3326,2020,0,0.014298234
Warm B,811438,4867,4866,3326,2020,0,0.010542392
Warm B,571137,3503,3502,3326,2020,0,0.013341103
Warm B,72167,482,481,3326,2020,0,0.0072634765
Warm B,13135,102,101,3326,2020,1,0.008028563
Warm B,158388,1015,1014,3326,2020,0,0.010913331
Warm B,492837,3029,3028,3326,2020,0,0.0017786571
Warm B,136711,881,880,3326,2020,0,0.01619484
Warm B,847260,5090,5089,3326,2020,0,0.008544926
Warm B,575860,3520,3519,3326,2020,0,0.012290814
Warm B,801765,4802,4801,3326,2020,1,0.0035212697
Warm B,33910,229,228,3326,2020,0,0.0076268055
Warm B,60640,411,410,3326,2020,0,0.010251079
Warm B,771889,4600,4599,3326,2020,0,0.005685872
Warm B,252859,1532,1531,3327,2021,0,0.0030935383
Warm B,244071,1470,1469,3327,2021,1,0.009551513
Warm B,236561,1435,1434,3327,2021,0,-0.0016426041
Warm B,231155,1399,1398,3327,2021,1,-0.00054274267
Warm B,227794,1381,1380,3327,2021,0,0.0037126446
Warm B,224240,1356,1355,3327,2021,0,-0.00045261066
Warm B,215918,1309,1308,3327,2021,1,-0.0046271603
Warm B,211117,1285,1284,3327,2021,1,0.0044232
Warm B,195940,1204,1203,3327,2021,0,0.0042122933
Warm B,326564,1935,1934,3327,2021,1,-0.0060024615
Warm B,185482,1150,1149,3327,2021,1,0.004350396
Warm B,340302,2009,2008,3327,2021,0,0.0013755311
Warm B,308750,1837,1836,3327,2021,0,0.0016954709
Warm B,226160,1369,1368,3327,2021,0,0.004857454
Warm B,159340,1017,1016,3327,2021,1,0.0058995327
Warm B,158390,1015,1014,3327,2021,0,0.0027918662
Warm B,150088,966,965,3327,2021,0,0.00051245536
Warm B,147951,953,952,3327,2021,1,-0.006246362
Warm B,268039,1628,1627,3327,2021,0,0.0041078357
Warm B,140733,904,903,3327,2021,1,0.00470857
Warm B,138515,889,888,3327,2021,0,0.0018054589
Warm B,258506,1584,1583,3327,2021,1,0.006967278
Warm B,130850,849,848,3327,2021,1,4.65184e-06
Warm B,130561,846,845,3327,2021,1,0.0018829845
Warm B,128980,838,837,3327,2021,1,0.00040143472
Warm B,182095,1137,1136,3327,2021,1,-0.0016786382
Warm B,131241,850,849,3327,2021,1,0.008785374
Warm B,306638,1828,1827,3327,2021,0,0.002123742
Warm B,118025,763,762,3327,2021,1,0.0031348309
Warm B,115091,747,746,3327,2021,1,0.0073061497
Warm B,110395,720,719,3327,2021,0,-0.0001785467
Warm B,108756,712,711,3327,2021,1,-0.0014965152
Warm B,107196,705,704,3327,2021,0,0.003039191
Warm B,120491,777,776,3327,2021,0,0.01061181
Warm B,574331,3516,3515,3327,2021,0,0.01406296
Warm B,96461,647,646,3327,2021,1,0.008251986
Warm B,332744,1962,1961,3327,2021,0,0.0036309164
Warm B,91660,608,607,3327,2021,0,0.004769176
Warm B,90717,601,600,3327,2021,1,-0.004587008
Warm B,205915,1264,1263,3327,2021,0,0.009673014
Warm B,384182,2244,2243,3327,2021,0,-0.00032130058
Warm B,320821,1902,1901,3327,2021,1,0.008116718
Warm B,82529,548,547,3327,2021,0,0.0004723873
Warm B,69319,464,463,3327,2021,0,0.009640993
Warm B,57136,386,385,3327,2021,1,0.000504754
Warm B,53621,352,351,3327,2021,1,0.0050363913
Warm B,312940,1865,1864,3327,2021,1,0.0022029923
Warm B,30816,205,204,3327,2021,1,0.003610157
Warm B,23617,169,168,3327,2021,1,0.0048156832
Warm B,947760,5722,5721,3327,2021,0,0.007539967
Warm B,13970,113,112,3327,2021,0,0.0009495613
Warm B,421089,2544,2543,3327,2021,1,0.004499769
Warm B,823908,4951,4950,3327,2021,1,-0.004695317
Warm B,432784,2638,2637,3327,2021,1,-0.0049002077
Warm B,355029,2077,2076,3327,2021,0,0.010326365
Warm B,653610,3940,3939,3327,2021,0,0.0034326825
Warm B,635918,3833,3832,3327,2021,1,0.0024437003
Warm B,252579,1530,1529,3327,2021,1,-0.0012779683
Warm B,554060,3410,3409,3327,2021,0,0.017476426
Warm B,366222,2131,2130,3327,2021,1,0.004834831
Warm B,24302,173,172,3327,2021,0,8.035451e-05
Warm B,581371,3550,3549,3327,2021,1,0.0063477317
Warm B,273085,1647,1646,3327,2021,1,0.004249315
Warm B,983135,5938,5937,3327,2021,1,0.0017827763
Warm B,778294,4647,4646,3327,2021,1,0.007650368
Warm B,329433,1943,1942,3327,2021,1,-0.0005603614
Warm B,145855,937,936,3327,2021,1,-0.004628594
Warm B,191146,1181,1180,3327,2021,1,0.0012009563
Warm B,714005,4277,4276,3327,2021,1,-0.0010145521
Warm B,941754,5682,5681,3327,2021,1,0.0063016056
Warm B,63120,424,423,3327,2021,1,0.0077982526
Warm B,28049,195,194,3327,2021,1,0.0015938254
Warm B,251908,1524,1523,3327,2021,1,0.0033480288
Warm B,764555,4543,4542,3327,2021,1,0.010391026
Warm B,408315,2453,2452,3330,2023,1,0.008136475
Warm B,398290,2368,2367,3330,2023,1,0.0002704747
Warm B,414675,2496,2495,3330,2023,0,0.014429732
Warm B,396686,2348,2347,3330,2023,0,-5.3900992e-05
Warm B,394897,2332,2331,3330,2023,1,-0.0013844531
Warm B,378771,2211,2210,3330,2023,1,0.008532691
Warm B,356466,2088,2087,3330,2023,0,0.0030215622
Warm B,269137,1632,1631,3330,2023,0,0.013179923
Warm B,259562,1587,1586,3330,2023,1,0.011038201
Warm B,346280,2030,2029,3330,2023,1,0.008013111
Warm B,294390,1749,1748,3330,2023,0,0.0026631085
Warm B,242899,1465,1464,3330,2023,1,0.0057429676
Warm B,325492,1926,1925,3330,2023,1,0.00769219
Warm B,213569,1298,1297,3330,2023,1,0.008797226
Warm B,188639,1170,1169,3330,2023,1,0.0016733138
Warm B,167953,1068,1067,3330,2023,1,0.009747573
Warm B,323919,1920,1919,3330,2023,0,0.0068642274
Warm B,714016,4277,4276,3330,2023,1,0.009222406
Warm B,318965,1896,1895,3330,2023,1,0.013029304
Warm B,131251,850,849,3330,2023,0,0.0060566403
Warm B,124543,801,800,3330,2023,1,0.0006197748
Warm B,70854,476,475,3330,2023,1,0.0046962453
Warm B,72186,482,481,3330,2023,1,0.008286947
Warm B,46810,314,313,3330,2023,1,0.0071842885
Warm B,42080,285,284,3330,2023,1,0.0028742156
Warm B,697563,4169,4168,3330,2023,1,0.0108303875
Warm B,35254,238,237,3330,2023,0,0.0006708903
Warm B,21970,161,160,3330,2023,0,0.0013217065
Warm B,187719,1164,1163,3330,2023,1,0.013725982
Warm B,15538,123,122,3330,2023,0,0.0036177582
Warm B,9236,62,61,3330,2023,1,0.0034185979
Warm B,60656,411,410,3330,2023,1,0.009600217
Warm B,312946,1865,1864,3330,2023,1,0.007336261
Warm B,24315,173,172,3330,2023,1,0.0062192325
Warm B,170936,1087,1086,3330,2023,1,0.011431743
Warm B,116397,752,751,3330,2023,1,0.018069083
Warm B,565678,3475,3474,3330,2023,0,0.011359153
Warm B,639217,3842,3841,3330,2023,1,0.015034772
Warm B,22778,164,163,3330,2023,1,-0.003663043
Warm B,421100,2544,2543,3330,2023,0,0.0038257646
Warm B,319448,1897,1896,3330,2023,1,0.0044710836
Warm B,397393,2353,2352,3330,2023,1,0.003400481
Warm B,257789,1579,1578,3330,2023,1,0.01154918
Warm B,821733,4940,4939,3330,2023,1,0.006927748
Warm B,384743,2247,2246,3330,2023,0,0.0033822025
Warm B,748334,4467,4466,3330,2023,0,0.006477017
Warm B,839806,5046,5045,3330,2023,1,0.022726396
Warm B,263483,1605,1604,3330,2023,1,0.015115915
Warm B,41173,278,277,3340,2025,0,0.0052784914
Warm B,36423,245,244,3340,2025,0,0.0011268812
Warm B,13538,107,106,3340,2025,0,0.0039899014
Warm B,592079,3610,3609,3340,2025,0,0.0088445395
Warm B,4637,33,32,3340,2025,1,0.014057355
Warm B,552505,3401,3400,3340,2025,0,0.0071179923
Warm B,238090,1447,1446,3340,2025,0,0.017228937
Warm B,901619,5450,5449,3340,2025,1,0.010033815
Warm B,161386,1029,1028,3340,2025,0,0.0028958223
Warm B,546902,3371,3370,3340,2025,0,0.011118511
Warm B,63155,424,423,3340,2025,0,0.008541537
Warm B,681634,4083,4082,3341,2026,1,0.008400413
Warm B,678692,4064,4063,3341,2026,1,0.01222793
Warm B,676120,4054,4053,3341,2026,1,0.0044620247
Warm B,668607,4021,4020,3341,2026,1,0.00024804706
Warm B,653040,3935,3934,3341,2026,0,0.015550202
Warm B,639225,3842,3841,3341,2026,1,0.012116616
Warm B,646074,3888,3887,3341,2026,1,0.01316072
Warm B,576238,3521,3520,3341,2026,1,0.00092752976
Warm B,580592,3546,3545,3341,2026,1,0.012261413
Warm B,566798,3478,3477,3341,2026,0,0.009940387
Warm B,594079,3618,3617,3341,2026,0,0.009169517
Warm B,560505,3445,3444,3341,2026,1,0.006206693
Warm B,548404,3384,3383,3341,2026,0,0.006051441
Warm B,533478,3292,3291,3341,2026,1,0.0013733386
Warm B,531746,3283,3282,3341,2026,1,0.0071439734
Warm B,916941,5539,5538,3341,2026,1,0.0058693876
Warm B,526252,3253,3252,3341,2026,1,0.016164497
Warm B,512996,3163,3162,3341,2026,1,0.013820479
Warm B,500392,3073,3072,3341,2026,0,0.013372986
Warm B,491825,3025,3024,3341,2026,1,0.0027333004
Warm B,769086,4579,4578,3341,2026,0,0.0019913309
Warm B,479515,2942,2941,3341,2026,1,0.0016729629
Warm B,478177,2934,2933,3341,2026,1,0.013453592
Warm B,697583,4169,4168,3341,2026,1,0.013600937
Warm B,530602,3278,3277,3341,2026,1,0.006231301
Warm B,601675,3658,3657,3341,2026,1,0.01435037
Warm B,462047,2849,2848,3341,2026,1,0.008983483
Warm B,455894,2807,2806,3341,2026,1,0.014200776
Warm B,455562,2805,2804,3341,2026,1,0.007477368
Warm B,448499,2764,2763,3341,2026,1,0.0014519831
Warm B,446927,2753,2752,3341,2026,1,0.0024973815
Warm B,440480,2693,2692,3341,2026,0,-0.0010098838
Warm B,435261,2659,2658,3341,2026,1,0.00409115
Warm B,431900,2631,2630,3341,2026,1,0.019049905
Warm B,417616,2520,2519,3341,2026,1,-0.00026797585
Warm B,425379,2581,2580,3341,2026,1,0.007945052
Warm B,405451,2428,2427,3341,2026,1,0.00852356
Warm B,395202,2334,2333,3341,2026,0,0.0013762594
Warm B,393886,2320,2319,3341,2026,1,0.0044922866
Warm B,390740,2293,2292,3341,2026,1,0.008425559
Warm B,403724,2411,2410,3341,2026,1,0.004125325
Warm B,380882,2225,2224,3341,2026,0,0.008185948
Warm B,381713,2231,2230,3341,2026,1,-0.0046389527
Warm B,377350,2203,2202,3341,2026,1,0.008039502
Warm B,363596,2117,2116,3341,2026,1,0.0033320517
Warm B,364172,2121,2120,3341,2026,1,-0.0021949252
Warm B,352983,2067,2066,3341,2026,0,0.005560639
Warm B,374250,2181,2180,3341,2026,1,0.010148547
Warm B,347452,2038,2037,3341,2026,1,0.0015887303
Warm B,357586,2092,2091,3341,2026,1,0.003267461
Warm B,343180,2016,2015,3341,2026,1,0.008656912
Warm B,335099,1977,1976,3341,2026,0,0.004540057
Warm B,318972,1896,1895,3341,2026,0,0.014055737
Warm B,325501,1926,1925,3341,2026,1,0.012420024
Warm B,302802,1798,1797,3341,2026,1,0.0029261073
Warm B,302692,1797,1796,3341,2026,1,-0.0027774773
Warm B,279606,1680,1679,3341,2026,1,0.011913119
Warm B,276350,1671,1670,3341,2026,1,0.011779362
Warm B,264197,1607,1606,3341,2026,0,0.0035776105
Warm B,346291,2030,2029,3341,2026,1,0.003958009
Warm B,250211,1507,1506,3341,2026,1,0.0053024003
Warm B,354210,2073,2072,3341,2026,1,0.010382519
Warm B,459194,2826,2825,3341,2026,1,0.007509271
Warm B,228402,1383,1382,3341,2026,0,0.002753539
Warm B,209156,1276,1275,3341,2026,1,0.006596991
Warm B,205373,1263,1262,3341,2026,0,0.008071738
Warm B,190157,1180,1179,3341,2026,1,0.004380609
Warm B,218309,1323,1322,3341,2026,1,0.0024046213
Warm B,316324,1883,1882,3341,2026,0,0.0019309958
Warm B,182846,1140,1139,3341,2026,0,0.0030221038
Warm B,181010,1131,1130,3341,2026,1,0.004961218
Warm B,178707,1121,1120,3341,2026,1,0.012242394
Warm B,320215,1899,1898,3341,2026,1,0.0072682584
Warm B,153864,989,988,3341,2026,1,0.0054786257
Warm B,147024,948,947,3341,2026,0,-0.0019338354
Warm B,185517,1150,1149,3341,2026,1,0.015998503
Warm B,141212,910,909,3341,2026,1,0.007182371
Warm B,138559,889,888,3341,2026,0,0.01149332
Warm B,135052,873,872,3341,2026,1,0.007489209
Warm B,201674,1242,1241,3341,2026,1,0.007158938
Warm B,131261,850,849,3341,2026,1,0.006873952
Warm B,128850,837,836,3341,2026,0,0.008416589
Warm B,374865,2185,2184,3341,2026,1,0.0106048845
Warm B,322539,1912,1911,3341,2026,0,0.010425761
Warm B,124293,800,799,3341,2026,1,0.008151686
Warm B,118734,767,766,3341,2026,1,-0.005274658
Warm B,524442,3233,3232,3341,2026,1,0.006504911
Warm B,89337,588,587,3341,2026,1,-0.005404474
Warm B,339237,1998,1997,3341,2026,1,0.001903868
Warm B,77697,524,523,3341,2026,0,0.010544393
Warm B,75964,516,515,3341,2026,1,0.005873464
Warm B,69989,473,472,3341,2026,1,0.015243264
Warm B,76748,520,519,3341,2026,1,0.015935726
Warm B,123495,796,795,3341,2026,1,0.009403015
Warm B,57768,391,390,3341,2026,1,-8.49613e-05
Warm B,41365,280,279,3341,2026,1,0.004901595
Warm B,34700,235,234,3341,2026,1,0.013375155
Warm B,171855,1088,1087,3341,2026,1,0.014016552
Warm B,12707,97,96,3341,2026,1,0.004550879
Warm B,10865,79,78,3341,2026,1,0.008630687
Warm B,6437,45,44,3341,2026,1,-0.00089458283
Warm B,4212,31,30,3341,2026,1,0.0083944285
Warm B,481936,2962,2961,3341,2026,0,0.0065813856
Warm B,15558,123,122,3341,2026,0,0.0052516675
Warm B,316929,1884,1883,3341,2026,1,0.006146793
Warm B,248924,1501,1500,3341,2026,0,0.006306734
Warm B,369272,2159,2158,3341,2026,1,0.0065807234
Warm B,421642,2547,2546,3341,2026,1,0.0013437793
Warm B,421117,2544,2543,3341,2026,1,0.0040771565
Warm B,804178,4815,4814,3341,2026,1,0.006365983
Warm B,841548,5054,5053,3341,2026,1,0.0069695325
Warm B,110939,721,720,3341,2026,1,0.0020982572
Warm B,860356,5172,5171,3341,2026,1,0.004548377
Warm B,513946,3171,3170,3341,2026,1,0.0033634664
Warm B,820977,4934,4933,3341,2026,0,0.0020039242
Warm B,141602,911,910,3341,2026,1,0.002019614
Warm B,93360,624,623,3341,2026,1,0.010271054
Warm B,611253,3705,3704,3350,2029,1,0.0080010565
Warm B,598808,3645,3644,3350,2029,0,0.0072062025
Warm B,587055,3585,3584,3350,2029,1,0.0072388607
Warm B,585772,3576,3575,3350,2029,0,0.012418056
Warm B,572315,3507,3506,3350,2029,1,0.0048310766
Warm B,568781,3490,3489,3350,2029,1,0.0110776
Warm B,553257,3403,3402,3350,2029,1,-0.003420611
Warm B,549514,3390,3389,3350,2029,1,0.0039404384
Warm B,714037,4277,4276,3350,2029,1,0.013766903
Warm B,542342,3336,3335,3350,2029,1,0.02324618
Warm B,535422,3304,3303,3350,2029,1,0.003815884
Warm B,533481,3292,3291,3350,2029,1,0.022956766
Warm B,531163,3280,3279,3350,2029,1,0.012945358
Warm B,514999,3180,3179,3350,2029,0,0.008172104
Warm B,566376,3476,3475,3350,2029,1,0.008659466
Warm B,509010,3131,3130,3350,2029,1,-0.0030345311
Warm B,505236,3108,3107,3350,2029,0,0.004776405
Warm B,487953,3001,3000,3350,2029,1,0.008103142
Warm B,483115,2968,2967,3350,2029,0,0.022912992
Warm B,479516,2942,2941,3350,2029,1,0.009772893
Warm B,478180,2934,2933,3350,2029,1,0.01723573
Warm B,462665,2854,2853,3350,2029,1,0.0055836234
Warm B,453075,2790,2789,3350,2029,1,-0.0041736607
Warm B,443606,2736,2735,3350,2029,1,-0.001639717
Warm B,421505,2546,2545,3350,2029,0,0.003106379
Warm B,419431,2535,2534,3350,2029,1,0.0048813876
Warm B,403478,2410,2409,3350,2029,1,0.0034328615
Warm B,408328,2453,2452,3350,2029,1,0.012108259
Warm B,398296,2368,2367,3350,2029,1,0.0072923684
Warm B,395205,2334,2333,3350,2029,1,0.00044196728
Warm B,381716,2231,2230,3350,2029,0,0.00949221
Warm B,378777,2211,2210,3350,2029,0,0.014213016
Warm B,364879,2124,2123,3350,2029,1,0.007850787
Warm B,356481,2088,2087,3350,2029,0,0.012317313
Warm B,354213,2073,2072,3350,2029,1,-0.0024466272
Warm B,336143,1980,1979,3350,2029,1,0.01047557
Warm B,318973,1896,1895,3350,2029,0,-0.0008118614
Warm B,280926,1685,1684,3350,2029,1,0.016041286
Warm B,256670,1569,1568,3350,2029,1,0.0041958
Warm B,346295,2030,2029,3350,2029,1,0.011922804
Warm B,233696,1421,1420,3350,2029,0,0.0110275
Warm B,342655,2015,2014,3350,2029,0,0.008155853
Warm B,374255,2181,2180,3350,2029,1,0.014741422
Warm B,244098,1470,1469,3350,2029,0,0.018635597
Warm B,328430,1941,1940,3350,2029,0,0.007788583
Warm B,162709,1038,1037,3350,2029,1,0.007963728
Warm B,149958,965,964,3350,2029,1,0.008373824
Warm B,143919,928,927,3350,2029,1,0.009955637
Warm B,185528,1150,1149,3350,2029,0,0.013511301
Warm B,263510,1605,1604,3350,2029,1,0.008977385
Warm B,240309,1449,1448,3350,2029,1,0.019430034
Warm B,101723,677,676,3350,2029,1,-0.0045349705
Warm B,85631,558,557,3350,2029,1,0.0051508434
Warm B,191201,1181,1180,3350,2029,0,0.013528276
Warm B,239135,1448,1447,3350,2029,1,0.0106983725
Warm B,67060,451,450,3350,2029,1,-0.00038080942
Warm B,46822,314,313,3350,2029,1,0.0016769241
Warm B,42527,291,290,3350,2029,1,0.0011257308
Warm B,42342,288,287,3350,2029,1,0.01645407
Warm B,697594,4169,4168,3350,2029,1,0.020646797
Warm B,35269,238,237,3350,2029,1,0.0033027497
Warm B,30824,205,204,3350,2029,0,0.0035264054
Warm B,123498,796,795,3350,2029,0,0.012350701
Warm B,8801,59,58,3350,2029,0,0.021942493
Warm B,9265,62,61,3350,2029,1,0.014532411
Warm B,60689,411,410,3350,2029,1,0.014566852
Warm B,421123,2544,2543,3350,2029,0,0.006226708
Warm B,431127,2627,2626,3350,2029,1,0.0035167881
Warm B,804180,4815,4814,3350,2029,1,0.0031102994
Warm B,24331,173,172,3350,2029,1,0.010245053
Warm B,415377,2501,2500,3350,2029,1,0.008666672
Warm B,50618,333,332,3350,2029,1,0.0101851225
Warm B,807302,4831,4830,3350,2029,1,0.008100286
Warm B,394899,2332,2331,3350,2029,1,0.006196302
Warm B,52141,343,342,3350,2029,1,0.009223159
Warm B,801779,4802,4801,3350,2029,0,0.006318963
Warm B,319462,1897,1896,3350,2029,1,0.005958921
Warm B,821736,4940,4939,3350,2029,1,0.008104565
Warm B,555065,3413,3412,3350,2029,1,0.011356752
Warm B,208874,1274,1273,3350,2029,1,0.015081717
Warm B,193788,1194,1193,3350,2029,1,0.007970847
Warm B,171863,1088,1087,3350,2029,1,0.022317737
Warm B,300472,1780,1779,3350,2029,1,0.006715587
Warm B,138570,889,888,3357,2032,0,0.013481391
Warm B,490066,3015,3014,3357,2032,1,0.0052690404
Warm B,132838,856,855,3357,2032,1,0.0070900796
Warm B,187729,1164,1163,3357,2032,1,-0.0016416879
Warm B,112599,731,730,3357,2032,1,0.013791102
Warm B,100933,673,672,3357,2032,1,0.0037002652
Warm B,660985,3985,3984,3357,2032,0,0.00970992
Warm B,256114,1561,1560,3357,2032,1,0.017460512
Warm B,207010,1266,1265,3357,2032,0,0.005949515
Warm B,90271,595,594,3357,2032,1,0.0074276337
Warm B,89615,590,589,3357,2032,1,0.009245709
Warm B,72965,493,492,3357,2032,1,0.009544903
Warm B,605302,3679,3678,3357,2032,0,0.008455468
Warm B,57601,390,389,3357,2032,0,0.015979156
Warm B,48825,327,326,3357,2032,0,0.007831864
Warm B,44988,303,302,3357,2032,1,0.00012985151
Warm B,969231,5841,5840,3357,2032,1,0.0033705612
Warm B,61799,415,414,3357,2032,1,0.009804828
Warm B,332769,1962,1961,3357,2032,0,0.006892292
Warm B,182114,1137,1136,3357,2032,0,0.020988476
Warm B,71243,478,477,3357,2032,1,0.00836796
Warm B,821254,4937,4936,3357,2032,1,0.014238843
Warm B,21988,161,160,3357,2032,1,-0.004183065
Warm B,801781,4802,4801,3357,2032,1,0.003975085
Warm B,314400,1877,1876,3357,2032,0,-0.0027543865
Warm B,471975,2904,2903,3357,2032,1,0.0029919716
Warm B,16106,127,126,3357,2032,0,0.011731393
Warm B,535088,3301,3300,3357,2032,1,0.006536752
Warm B,569634,3492,3491,3357,2032,1,0.007565419
Warm B,39355,267,266,3357,2032,1,0.00645757
Warm B,967461,5831,5830,3357,2032,1,0.018153207
Warm B,60692,411,410,3357,2032,0,0.015022999
Warm B,365836,2129,2128,3357,2032,0,0.001992668
Warm B,228408,1383,1382,3357,2032,0,0.0069978945
Warm B,198231,1218,1217,3357,2032,1,0.010639967
Warm B,771141,4593,4592,3357,2032,1,0.00592437
Warm B,964561,5812,5811,3357,2032,1,0.013506463
Warm B,298161,1767,1766,3357,2032,0,0.0132600255
Warm B,796368,4771,4770,3357,2032,0,0.0066742087
Warm B,13146,102,101,3357,2032,0,0.016145328
Warm B,199876,1227,1226,3357,2032,1,0.0076218257
Warm B,571473,3504,3503,3357,2032,1,-0.007947126
Warm B,456992,2814,2813,3357,2032,1,0.0027372735
Warm B,638407,3841,3840,3364,2039,0,0.010939602
Warm B,617132,3735,3734,3364,2039,1,-0.00274621
Warm B,611268,3705,3704,3364,2039,1,0.01169803
Warm B,604404,3675,3674,3364,2039,1,-0.00053321663
Warm B,621298,3762,3761,3364,2039,0,-0.0031924495
Warm B,597574,3635,3634,3364,2039,1,0.0022961423
Warm B,587487,3588,3587,3364,2039,1,0.010044089
Warm B,580602,3546,3545,3364,2039,1,0.012032441
Warm B,572335,3507,3506,3364,2039,1,0.0013523505
Warm B,556108,3417,3416,3364,2039,1,-0.0008791557
Warm B,551293,3394,3393,3364,2039,1,-0.0016744153
Warm B,548408,3384,3383,3364,2039,1,8.033228e-05
Warm B,714059,4277,4276,3364,2039,1,-0.0013155006
Warm B,533498,3292,3291,3364,2039,1,0.0018920475
Warm B,513014,3163,3162,3364,2039,1,0.0027191928
Warm B,482818,2967,2966,3364,2039,1,0.0029366806
Warm B,697619,4169,4168,3364,2039,1,0.0048709065
Warm B,880187,5317,5316,3364,2039,1,0.0012815048
Warm B,466961,2878,2877,3364,2039,1,-0.003556519
Warm B,441376,2703,2702,3364,2039,1,-0.0008260929
Warm B,438651,2680,2679,3364,2039,0,0.006950626
Warm B,433718,2643,2642,3364,2039,0,0.0031026737
Warm B,833086,5008,5007,3364,2039,1,0.00084761064
Warm B,427256,2593,2592,3364,2039,1,0.0033434588
Warm B,421510,2546,2545,3364,2039,1,-0.004699024
Warm B,411102,2466,2465,3364,2039,1,0.008436481
Warm B,655960,3952,3951,3364,2039,1,0.0070039434
Warm B,374273,2181,2180,3364,2039,1,0.0041609304
Warm B,364175,2121,2120,3364,2039,1,-0.006304816
Warm B,352985,2067,2066,3364,2039,1,0.01569358
Warm B,346305,2030,2029,3364,2039,1,-0.006347719
Warm B,357601,2092,2091,3364,2039,1,0.0056265797
Warm B,343186,2016,2015,3364,2039,0,0.009321744
Warm B,339702,2002,2001,3364,2039,1,-0.0004352145
Warm B,337791,1986,1985,3364,2039,1,-0.004051354
Warm B,323237,1916,1915,3364,2039,1,-0.0013202017
Warm B,293426,1747,1746,3364,2039,0,-0.00033289072
Warm B,285997,1706,1705,3364,2039,1,-0.009848092
Warm B,345511,2026,2025,3364,2039,1,0.0060989633
Warm B,237440,1446,1445,3364,2039,1,-0.0008054485
Warm B,242921,1465,1464,3364,2039,1,0.011483289
Warm B,219972,1333,1332,3364,2039,0,-0.005171606
Warm B,425391,2581,2580,3364,2039,1,0.002875698
Warm B,212628,1295,1294,3364,2039,0,0.0018950459
Warm B,207019,1266,1265,3364,2039,0,-0.00091380836
Warm B,193007,1191,1190,3364,2039,1,0.003954418
Warm B,207364,1267,1266,3364,2039,1,-0.0020273298
Warm B,165293,1053,1052,3364,2039,0,0.003542893
Warm B,275655,1667,1666,3364,2039,1,0.00618895
Warm B,144547,931,930,3364,2039,0,-0.002519569
Warm B,185556,1150,1149,3364,2039,0,0.0038416004
Warm B,138592,889,888,3364,2039,1,0.0086313
Warm B,334709,1974,1973,3364,2039,1,0.0030194314
Warm B,318976,1896,1895,3364,2039,1,-0.0012708912
Warm B,128195,829,828,3364,2039,1,0.006311032
Warm B,240331,1449,1448,3364,2039,1,0.007248462
Warm B,106454,700,699,3364,2039,1,0.012445193
Warm B,106864,702,701,3364,2039,1,0.0029354128
Warm B,316943,1884,1883,3364,2039,1,0.0018838579
Warm B,153198,984,983,3364,2039,1,0.0075657414
Warm B,169626,1077,1076,3364,2039,1,0.0050579635
Warm B,84373,550,549,3364,2039,0,-0.00025589403
Warm B,70869,476,475,3364,2039,1,0.0051012924
Warm B,68818,461,460,3364,2039,1,-0.0072559398
Warm B,57773,391,390,3364,2039,0,0.0008587912
Warm B,501392,3080,3079,3364,2039,1,0.011935573
Warm B,45566,307,306,3364,2039,1,0.008120089
Warm B,45114,304,303,3364,2039,0,-0.0014645914
Warm B,37569,256,255,3364,2039,1,-0.0036240793
Warm B,32053,216,215,3364,2039,1,-0.0017556502
Warm B,481948,2962,2961,3364,2039,1,0.013659007
Warm B,18699,146,145,3364,2039,1,-0.0054268152
Warm B,17929,138,137,3364,2039,1,0.0059549706
Warm B,592091,3610,3609,3364,2039,0,0.0011367262
Warm B,24346,173,172,3364,2039,1,0.008127505
Warm B,3777,27,26,3364,2039,1,0.009051037
Warm B,123509,796,795,3364,2039,1,0.002930954
Warm B,4296,33,32,3364,2039,1,0.0084398575
Warm B,94614,635,634,3364,2039,1,0.0020751664
Warm B,208884,1274,1273,3364,2039,1,0.0073151286
Warm B,453164,2791,2790,3364,2039,1,0.004457309
Warm B,801790,4802,4801,3364,2039,1,0.0053659193
Warm B,571167,3503,3502,3364,2039,1,0.004410964
Warm B,554562,3411,3410,3364,2039,0,0.009438813
Warm B,769093,4579,4578,3364,2039,0,0.004971534
Warm B,473915,2909,2908,3364,2039,0,0.003262854
Warm B,421131,2544,2543,3364,2039,1,0.0051654885
Warm B,113784,737,736,3364,2039,1,0.00036330032
Warm B,322558,1912,1911,3364,2039,0,0.0049344185
Warm B,491215,3020,3019,3364,2039,0,0.006619063
Warm B,176110,1113,1112,3364,2039,1,0.007819024
Warm B,388192,2271,2270,3368,2042,0,0.005781598
Warm B,473921,2909,2908,3368,2042,1,0.00962813
Warm B,136781,881,880,3368,2042,0,0.0067684106
Warm B,384905,2248,2247,3370,2043,0,0.010641024
Warm B,381729,2231,2230,3370,2043,1,0.010558977
Warm B,373058,2178,2177,3370,2043,1,0.009136716
Warm B,372106,2173,2172,3370,2043,1,-0.0044903434
Warm B,364901,2124,2123,3370,2043,0,0.0086768465
Warm B,345328,2025,2024,3370,2043,1,0.0074362345
Warm B,334718,1974,1973,3370,2043,1,0.006412187
Warm B,283608,1697,1696,3370,2043,0,0.009171514
Warm B,282064,1692,1691,3370,2043,0,0.007543441
Warm B,293884,1748,1747,3370,2043,0,0.008997524
Warm B,228437,1383,1382,3370,2043,0,0.0037404187
Warm B,197048,1209,1208,3370,2043,0,0.00062035583
Warm B,185572,1150,1149,3370,2043,0,0.003242027
Warm B,161200,1028,1027,3370,2043,0,0.0010241249
Warm B,191250,1181,1180,3370,2043,0,-0.0006234241
Warm B,89836,591,590,3370,2043,1,0.006466993
Warm B,85752,559,558,3370,2043,1,-7.95261e-05
Warm B,239169,1448,1447,3370,2043,1,0.008904031
Warm B,406170,2436,2435,3370,2043,0,0.018461194
Warm B,57405,388,387,3370,2043,0,0.0019836696
Warm B,35285,238,237,3370,2043,1,0.011100229
Warm B,13545,107,106,3370,2043,1,-0.00032162387
Warm B,3959,29,28,3370,2043,0,0.0029580975
Warm B,169292,1074,1073,3370,2043,0,0.005099874
Warm B,102471,678,677,3370,2043,1,0.0021102421
Warm B,905539,5475,5474,3370,2043,0,-0.0016312958
Warm B,1756,17,16,3375,2044,1,0.0053290436
Warm B,357618,2092,2091,3375,2044,1,0.006786426
Warm B,328484,1941,1940,3375,2044,0,0.016230255
Warm B,62288,422,421,3375,2044,1,0.009252211
Warm B,241368,1451,1450,3375,2044,1,0.01211908
Warm B,414709,2496,2495,3379,2045,0,0.009216949
Warm B,383500,2241,2240,3379,2045,1,-0.00448909
Warm B,378789,2211,2210,3379,2045,1,0.0076222764
Warm B,352990,2067,2066,3379,2045,1,0.0064986036
Warm B,274903,1665,1664,3379,2045,1,0.013417354
Warm B,252996,1534,1533,3379,2045,1,0.0027314723
Warm B,346311,2030,2029,3379,2045,0,0.016256955
Warm B,234600,1424,1423,3379,2045,1,-0.0012933442
Warm B,242937,1465,1464,3379,2045,1,0.01199043
Warm B,325529,1926,1925,3379,2045,1,0.006352539
Warm B,276375,1671,1670,3379,2045,1,0.012275428
Warm B,374299,2181,2180,3379,2045,0,0.015681261
Warm B,188654,1170,1169,3379,2045,1,0.008189281
Warm B,169008,1072,1071,3379,2045,1,-0.0012777785
Warm B,191264,1181,1180,3379,2045,0,0.018070057
Warm B,141072,909,908,3379,2045,1,0.013794806
Warm B,138630,889,888,3379,2045,0,0.022206694
Warm B,412153,2478,2477,3379,2045,1,0.009261884
Warm B,198243,1218,1217,3379,2045,1,0.014308582
Warm B,211197,1285,1284,3379,2045,1,0.009213945
Warm B,83389,549,548,3379,2045,1,0.018809339
Warm B,46846,314,313,3379,2045,1,0.004896037
Warm B,35288,238,237,3379,2045,1,-0.0010094689
Warm B,592109,3610,3609,3379,2045,0,0.00915008
Warm B,357621,2092,2091,3379,2045,1,0.009442046
Warm B,481954,2962,2961,3379,2045,1,0.013355452
Warm B,316960,1884,1883,3379,2045,1,0.01829418
Warm B,24366,173,172,3379,2045,1,0.009671517
Warm B,47498,319,318,3379,2045,1,0.013028506
Warm B,254657,1547,1546,3379,2045,1,0.008732558
Warm B,473946,2909,2908,3379,2045,1,0.017757267
Warm B,841560,5054,5053,3379,2045,0,0.00920707
Warm B,105682,698,697,3379,2045,1,0.007679406
Warm B,821741,4940,4939,3379,2045,1,-0.0027577155
Warm B,208895,1274,1273,3379,2045,1,0.01698731
Warm B,522826,3224,3223,3385,2047,0,0.014746333
Warm B,515027,3180,3179,3385,2047,0,0.00929282
Warm B,490906,3018,3017,3385,2047,0,0.01141246
Warm B,529925,3272,3271,3385,2047,0,0.01195664
Warm B,697668,4169,4168,3385,2047,0,0.029261269
Warm B,472797,2907,2906,3385,2047,0,0.014297351
Warm B,471108,2899,2898,3385,2047,1,0.012123702
Warm B,470103,2895,2894,3385,2047,0,0.014815551
Warm B,458163,2820,2819,3385,2047,0,0.0029114257
Warm B,450364,2776,2775,3385,2047,0,0.014536777
Warm B,449649,2772,2771,3385,2047,0,0.009780907
Warm B,564645,3471,3470,3385,2047,0,0.005986278
Warm B,429251,2611,2610,3385,2047,0,0.017340902
Warm B,420543,2541,2540,3385,2047,0,0.002575138
Warm B,419891,2537,2536,3385,2047,0,0.010362681
Warm B,402458,2402,2401,3385,2047,0,0.00864307
Warm B,404681,2419,2418,3385,2047,0,0.011243848
Warm B,400490,2383,2382,3385,2047,0,0.013802102
Warm B,389064,2279,2278,3385,2047,0,0.009578538
Warm B,382978,2237,2236,3385,2047,0,0.0070739305
Warm B,377384,2203,2202,3385,2047,0,0.011980809
Warm B,364178,2121,2120,3385,2047,0,-0.0031139245
Warm B,362570,2115,2114,3385,2047,0,0.0013709974
Warm B,436626,2665,2664,3385,2047,0,0.012483373
Warm B,360207,2105,2104,3385,2047,0,0.010442422
Warm B,345170,2024,2023,3385,2047,0,-0.0034949756
Warm B,380904,2225,2224,3385,2047,1,0.01796927
Warm B,331829,1958,1957,3385,2047,0,0.017056243
Warm B,290966,1736,1735,3385,2047,0,0.0073371255
Warm B,281380,1687,1686,3385,2047,0,0.0016661284
Warm B,265977,1613,1612,3385,2047,0,0.015067877
Warm B,254785,1550,1549,3385,2047,0,0.005397208
Warm B,260170,1591,1590,3385,2047,0,0.012247996
Warm B,350780,2059,2058,3385,2047,0,0.013625296
Warm B,227277,1377,1376,3385,2047,0,0.010722711
Warm B,284410,1698,1697,3385,2047,0,0.014784651
Warm B,209548,1279,1278,3385,2047,1,0.010957383
Warm B,205158,1262,1261,3385,2047,0,0.008978199
Warm B,192191,1183,1182,3385,2047,0,0.0016504627
Warm B,307625,1835,1834,3385,2047,1,0.014863401
Warm B,180410,1128,1127,3385,2047,0,0.016364792
Warm B,173787,1100,1099,3385,2047,0,0.0034192535
Warm B,248960,1501,1500,3385,2047,0,0.0038699089
Warm B,328514,1941,1940,3385,2047,0,0.026909694
Warm B,272332,1645,1644,3385,2047,1,0.008179999
Warm B,185615,1150,1149,3385,2047,0,0.02299491
Warm B,135800,877,876,3385,2047,0,0.014320295
Warm B,133368,861,860,3385,2047,0,0.005984423
Warm B,160303,1019,1018,3385,2047,0,0.02033968
Warm B,211218,1285,1284,3385,2047,0,0.008003857
Warm B,119435,770,769,3385,2047,0,0.013425357
Warm B,240384,1449,1448,3385,2047,0,0.014894304
Warm B,352181,2063,2062,3385,2047,0,0.013804805
Warm B,94277,631,630,3385,2047,0,0.010803122
Warm B,228453,1383,1382,3385,2047,0,0.019173512
Warm B,83404,549,548,3385,2047,1,0.0039913687
Warm B,191290,1181,1180,3385,2047,0,0.00599213
Warm B,80339,533,532,3385,2047,0,0.018176945
Warm B,70504,475,474,3385,2047,1,0.015473281
Warm B,72256,482,481,3385,2047,0,0.010831219
Warm B,70886,476,475,3385,2047,0,0.00069488934
Warm B,68837,461,460,3385,2047,0,0.014517548
Warm B,48546,326,325,3385,2047,0,0.010276674
Warm B,44547,302,301,3385,2047,0,0.006137059
Warm B,41825,284,283,3385,2047,0,-0.0027291775
Warm B,36516,245,244,3385,2047,0,0.02524202
Warm B,32106,216,215,3385,2047,1,0.014371609
Warm B,88913,587,586,3385,2047,0,0.0035030018
Warm B,25104,176,175,3385,2047,0,0.0041416693
Warm B,239195,1448,1447,3385,2047,1,-0.00052408874
Warm B,60749,411,410,3385,2047,0,0.0064445473
Warm B,19451,148,147,3385,2047,1,0.010042708
Warm B,432827,2638,2637,3385,2047,0,0.007987922
Warm B,238156,1447,1446,3385,2047,0,0.013862027
Warm B,954356,5761,5760,3385,2047,0,0.008200088
Warm B,572372,3507,3506,3385,2047,0,0.01855684
Warm B,829220,4979,4978,3385,2047,0,0.0153750945
Warm B,106251,699,698,3385,2047,0,0.010522794
Warm B,342703,2015,2014,3385,2047,0,0.016682789
Warm B,136824,881,880,3385,2047,0,0.0076396205
Warm B,933990,5636,5635,3385,2047,0,0.017140293
Warm B,648283,3903,3902,3387,2049,0,0.0015764739
Warm B,640117,3847,3846,3387,2049,0,0.011209534
Warm B,634131,3825,3824,3387,2049,0,0.018157989
Warm B,630602,3815,3814,3387,2049,0,0.0058538057
Warm B,625030,3778,3777,3387,2049,0,0.022356454
Warm B,622308,3768,3767,3387,2049,0,0.010883712
Warm B,621708,3766,3765,3387,2049,0,0.0016277274
Warm B,611933,3709,3708,3387,2049,0,0.0053835353
Warm B,611683,3708,3707,3387,2049,0,0.0035979548
Warm B,611295,3705,3704,3387,2049,1,0.0050161392
Warm B,726791,4345,4344,3387,2049,0,0.007864142
Warm B,720600,4312,4311,3387,2049,0,0.015425798
Warm B,603024,3669,3668,3387,2049,0,0.017904205
Warm B,633498,3824,3823,3387,2049,0,0.0063819243
Warm B,616280,3729,3728,3387,2049,0,0.0126936585
Warm B,596792,3626,3625,3387,2049,0,0.010453798
Warm B,577414,3526,3525,3387,2049,0,0.0015540691
Warm B,576256,3521,3520,3387,2049,0,0.0074889376
Warm B,574485,3517,3516,3387,2049,0,0.005028549
Warm B,572374,3507,3506,3387,2049,0,0.009834098
Warm B,552550,3401,3400,3387,2049,0,0.007443261
Warm B,545802,3365,3364,3387,2049,0,0.011269505
Warm B,571189,3503,3502,3387,2049,1,0.011211939
Warm B,537388,3311,3310,3387,2049,0,0.008685608
Warm B,517694,3195,3194,3387,2049,0,0.009411177
Warm B,515642,3182,3181,3387,2049,0,0.010137418
Warm B,515029,3180,3179,3387,2049,0,-0.002532903
Warm B,501857,3081,3080,3387,2049,1,0.006327962
Warm B,494391,3032,3031,3387,2049,1,0.0039424333
Warm B,493522,3031,3030,3387,2049,1,0.0023680474
Warm B,529929,3272,3271,3387,2049,1,0.010365333
Warm B,472798,2907,2906,3387,2049,1,0.010621151
Warm B,470105,2895,2894,3387,2049,1,0.006350607
Warm B,470491,2896,2895,3387,2049,1,0.003697526
Warm B,453942,2793,2792,3387,2049,0,0.012848127
Warm B,451105,2777,2776,3387,2049,0,0.0046551093
Warm B,438879,2681,2680,3387,2049,0,0.006922103
Warm B,435924,2664,2663,3387,2049,0,0.013803765
Warm B,429253,2611,2610,3387,2049,0,0.0036067974
Warm B,420544,2541,2540,3387,2049,1,0.008861468
Warm B,415562,2503,2502,3387,2049,0,0.0076379674
Warm B,407384,2446,2445,3387,2049,1,0.01472925
Warm B,402460,2402,2401,3387,2049,0,0.0029679828
Warm B,404683,2419,2418,3387,2049,0,0.0061051967
Warm B,397885,2361,2360,3387,2049,1,0.00840631
Warm B,436627,2665,2664,3387,2049,0,0.012923911
Warm B,389066,2279,2278,3387,2049,0,0.008094443
Warm B,377386,2203,2202,3387,2049,0,-0.00026075414
Warm B,360210,2105,2104,3387,2049,0,0.0047446825
Warm B,380906,2225,2224,3387,2049,0,0.012930487
Warm B,341745,2012,2011,3387,2049,0,0.007685069
Warm B,297668,1764,1763,3387,2049,1,0.0017172364
Warm B,286310,1709,1708,3387,2049,0,0.011066277
Warm B,299172,1776,1775,3387,2049,0,0.009415101
Warm B,281382,1687,1686,3387,2049,0,0.007963311
Warm B,265980,1613,1612,3387,2049,0,0.015195928
Warm B,277908,1676,1675,3387,2049,0,0.00806021
Warm B,279714,1680,1679,3387,2049,1,0.015583297
Warm B,308841,1837,1836,3387,2049,0,0.013799205
Warm B,261896,1599,1598,3387,2049,0,0.0036257035
Warm B,213620,1298,1297,3387,2049,1,0.011417887
Warm B,180413,1128,1127,3387,2049,0,0.011970428
Warm B,178306,1120,1119,3387,2049,1,0.005402907
Warm B,174783,1106,1105,3387,2049,0,-0.0016286266
Warm B,173789,1100,1099,3387,2049,0,0.0073331515
Warm B,248961,1501,1500,3387,2049,0,0.024514636
Warm B,328518,1941,1940,3387,2049,0,0.007827772
Warm B,185618,1150,1149,3387,2049,0,0.013930231
Warm B,217244,1317,1316,3387,2049,0,0.0120079
Warm B,157130,1010,1009,3387,2049,0,0.00358504
Warm B,160308,1019,1018,3387,2049,0,0.011377113
Warm B,126694,817,816,3387,2049,0,0.009671107
Warm B,117637,757,756,3387,2049,0,0.011360218
Warm B,119437,770,769,3387,2049,0,0.011214897
Warm B,112918,732,731,3387,2049,1,0.004099428
Warm B,272333,1645,1644,3387,2049,1,0.017750159
Warm B,365530,2127,2126,3387,2049,0,0.001710512
Warm B,352183,2063,2062,3387,2049,0,0.016562263
Warm B,228454,1383,1382,3387,2049,0,0.007696568
Warm B,86777,566,565,3387,2049,0,0.014206195
Warm B,191295,1181,1180,3387,2049,1,0.016072914
Warm B,406187,2436,2435,3387,2049,0,0.014486458
Warm B,101483,676,675,3387,2049,0,0.011424726
Warm B,77765,524,523,3387,2049,0,0.01969183
Warm B,81840,543,542,3387,2049,0,0.0057280445
Warm B,80341,533,532,3387,2049,0,0.007573205
Warm B,70505,475,474,3387,2049,1,0.00838628
Warm B,68839,461,460,3387,2049,0,0.012879798
Warm B,67536,453,452,3387,2049,0,0.00872436
Warm B,58083,392,391,3387,2049,0,0.01025506
Warm B,53804,352,351,3387,2049,0,-0.0041874507
Warm B,295017,1752,1751,3387,2049,0,0.008595929
Warm B,639269,3842,3841,3387,2049,0,0.005754524
Warm B,177140,1117,1116,3387,2049,0,0.013938958
Warm B,32110,216,215,3387,2049,1,0.0044466257
Warm B,240386,1449,1448,3387,2049,0,0.012520533
Warm B,29890,202,201,3387,2049,0,0.0026719787
Warm B,25637,181,180,3387,2049,0,0.0037180649
Warm B,25105,176,175,3387,2049,0,0.010186404
Warm B,4693,34,33,3387,2049,0,0.004325277
Warm B,15628,123,122,3387,2049,0,0.0039175
Warm B,60752,411,410,3387,2049,0,0.008419686
Warm B,79628,531,530,3387,2049,0,0.010198612
Warm B,355094,2077,2076,3387,2049,0,0.0029451028
Warm B,627001,3792,3791,3387,2049,0,0.009616902
Warm B,750703,4478,4477,3387,2049,0,0.00792597
Warm B,893453,5394,5393,3387,2049,0,0.004163556
Warm B,418873,2529,2528,3387,2049,0,0.012939467
Warm B,473968,2909,2908,3387,2049,0,0.010534968
Warm B,848247,5097,5096,3387,2049,0,-0.004112252
Warm B,496618,3051,3050,3387,2049,1,0.006867961
Warm B,235169,1425,1424,3387,2049,0,0.01036749
Warm B,550438,3391,3390,3387,2049,0,0.0068190107
Warm B,377395,2203,2202,3391,2051,0,0.013939636
Warm B,363664,2118,2117,3391,2051,0,0.01070548
Warm B,343731,2018,2017,3391,2051,0,0.009650644
Warm B,341754,2012,2011,3391,2051,0,0.015370961
Warm B,290970,1736,1735,3391,2051,0,0.010171082
Warm B,212137,1291,1290,3391,2051,0,0.01734995
Warm B,446179,2751,2750,3391,2051,0,0.011127267
Warm B,279737,1680,1679,3391,2051,1,0.01017563
Warm B,168009,1068,1067,3391,2051,0,0.012514867
Warm B,166585,1059,1058,3391,2051,0,0.015119918
Warm B,164765,1051,1050,3391,2051,0,0.017511014
Warm B,185640,1150,1149,3391,2051,0,0.014817415
Warm B,142491,919,918,3391,2051,0,0.010162848
Warm B,331845,1958,1957,3391,2051,0,0.010053458
Warm B,160320,1019,1018,3391,2051,0,0.020361433
Warm B,112921,732,731,3391,2051,1,0.01242397
Warm B,272340,1645,1644,3391,2051,1,0.0067033498
Warm B,201734,1242,1241,3391,2051,0,0.009433795
Warm B,352206,2063,2062,3391,2051,1,0.016846715
Warm B,83419,549,548,3391,2051,0,0.015522702
Warm B,116500,752,751,3391,2051,0,0.015926953
Warm B,228463,1383,1382,3391,2051,0,0.010803711
Warm B,52559,346,345,3391,2051,1,0.016352162
Warm B,538114,3312,3311,3391,2051,0,0.019613447
Warm B,240403,1449,1448,3391,2051,0,0.010458411
Warm B,25108,176,175,3391,2051,1,0.007728557
Warm B,306252,1824,1823,3391,2051,0,0.014357343
Warm B,239212,1448,1447,3391,2051,0,0.015910545
Warm B,79641,531,530,3391,2051,0,0.015589349
Warm B,432831,2638,2637,3391,2051,0,0.013662938
Warm B,333990,1969,1968,3391,2051,0,0.011911131
Warm B,102514,678,677,3391,2051,0,0.018123504
Warm B,328538,1941,1940,3391,2051,0,0.014910383
Warm B,378582,2210,2209,3391,2051,0,-0.0008791536
Warm B,967503,5831,5830,3391,2051,0,0.020935848
Warm B,825813,4958,4957,3391,2051,0,0.011900699
Warm B,572390,3507,3506,3392,2052,0,0.017009458
Warm B,557329,3423,3422,3392,2052,0,0.008166106
Warm B,554137,3410,3409,3392,2052,0,0.015904464
Warm B,550460,3391,3390,3392,2052,0,-0.0023851125
Warm B,537400,3311,3310,3392,2052,0,0.0030101503
Warm B,536202,3308,3307,3392,2052,0,0.006034601
Warm B,529936,3272,3271,3392,2052,1,0.014902968
Warm B,529223,3271,3270,3392,2052,0,0.009136406
Warm B,540029,3320,3319,3392,2052,0,0.009301864
Warm B,531214,3280,3279,3392,2052,0,0.007988242
Warm B,532333,3285,3284,3392,2052,0,0.0047364226
Warm B,521535,3217,3216,3392,2052,0,0.013505025
Warm B,508764,3129,3128,3392,2052,0,0.010846674
Warm B,506233,3114,3113,3392,2052,0,0.0026236647
Warm B,494406,3032,3031,3392,2052,0,0.010883905
Warm B,738524,4411,4410,3392,2052,1,0.0052030454
Warm B,485253,2986,2985,3392,2052,0,0.021272294
Warm B,517963,3196,3195,3392,2052,0,0.0054295943
Warm B,697689,4169,4168,3392,2052,0,0.018722419
Warm B,472808,2907,2906,3392,2052,0,0.008242308
Warm B,473984,2909,2908,3392,2052,0,0.013983937
Warm B,458184,2820,2819,3392,2052,0,-0.0018448168
Warm B,451119,2777,2776,3392,2052,0,0.0008899057
Warm B,449983,2774,2773,3392,2052,0,-0.0068320464
Warm B,437117,2668,2667,3392,2052,0,0.0006129879
Warm B,435427,2661,2660,3392,2052,0,0.015586309
Warm B,434487,2649,2648,3392,2052,0,0.0042328876
Warm B,423248,2565,2564,3392,2052,1,0.0073778816
Warm B,400496,2383,2382,3392,2052,1,0.016037352
Warm B,436637,2665,2664,3392,2052,0,0.019235594
Warm B,389071,2279,2278,3392,2052,0,0.014932072
Warm B,382984,2237,2236,3392,2052,0,0.008322785
Warm B,341756,2012,2011,3392,2052,0,0.007684887
Warm B,340872,2010,2009,3392,2052,0,-0.0020824308
Warm B,298559,1770,1769,3392,2052,0,0.0010243509
Warm B,290972,1736,1735,3392,2052,0,0.015060458
Warm B,291621,1737,1736,3392,2052,0,0.0048000813
Warm B,301364,1790,1789,3392,2052,0,0.0021116857
Warm B,277920,1676,1675,3392,2052,0,0.010100653
Warm B,280508,1683,1682,3392,2052,0,0.017641386
Warm B,281387,1687,1686,3392,2052,0,0.008270152
Warm B,265411,1612,1611,3392,2052,0,0.010529413
Warm B,259607,1587,1586,3392,2052,0,-0.0013015794
Warm B,256989,1573,1572,3392,2052,0,0.005361852
Warm B,251941,1524,1523,3392,2052,0,-0.009068137
Warm B,336240,1980,1979,3392,2052,0,0.013565685
Warm B,361025,2106,2105,3392,2052,0,0.012028385
Warm B,205160,1262,1261,3392,2052,0,0.0017753469
Warm B,279739,1680,1679,3392,2052,1,0.010900793
Warm B,244150,1470,1469,3392,2052,1,0.014983841
Warm B,308860,1837,1836,3392,2052,0,0.014915546
Warm B,316358,1883,1882,3392,2052,0,0.0111108795
Warm B,164766,1051,1050,3392,2052,1,0.007403554
Warm B,185642,1150,1149,3392,2052,0,0.018292777
Warm B,142494,919,918,3392,2052,0,0.01310117
Warm B,331847,1958,1957,3392,2052,0,0.009865257
Warm B,126701,817,816,3392,2052,0,0.0017892157
Warm B,141643,911,910,3392,2052,0,0.019583711
Warm B,263582,1605,1604,3392,2052,0,0.0011050226
Warm B,201736,1242,1241,3392,2052,0,0.0069060614
Warm B,352208,2063,2062,3392,2052,0,0.019285161
Warm B,97157,651,650,3392,2052,0,0.013072636
Warm B,101488,676,675,3392,2052,0,0.011083642
Warm B,228464,1383,1382,3392,2052,0,0.012371966
Warm B,132626,855,854,3392,2052,0,0.025196321
Warm B,47534,319,318,3392,2052,0,0.009489197
Warm B,44572,302,301,3392,2052,0,0.0086245155
Warm B,219292,1329,1328,3392,2052,0,0.012688583
Warm B,29904,202,201,3392,2052,0,0.009188611
Warm B,25109,176,175,3392,2052,0,0.0036016633
Warm B,239214,1448,1447,3392,2052,0,0.010715365
Warm B,23141,166,165,3392,2052,0,0.0046439823
Warm B,17531,136,135,3392,2052,0,0.0058399444
Warm B,60772,411,410,3392,2052,0,0.024310406
Warm B,108231,710,709,3392,2052,0,0.013019726
Warm B,79642,531,530,3392,2052,1,0.014123985
Warm B,355105,2077,2076,3392,2052,0,0.009679957
Warm B,552560,3401,3400,3392,2052,0,0.009034567
Warm B,49479,329,328,3392,2052,0,0.00052138884
Warm B,58095,392,391,3392,2052,0,0.014978008
Warm B,328540,1941,1940,3392,2052,0,0.017673947
Warm B,116502,752,751,3392,2052,0,0.0027722681
Warm B,145052,934,933,3392,2052,0,0.012357615
Warm B,924190,5580,5579,3392,2052,0,0.012024197
Warm B,562733,3462,3461,3392,2052,0,0.009818005
Warm B,348175,2041,2040,3392,2052,0,0.01375374
Warm B,599419,3648,3647,3392,2052,0,-0.004486397
Warm B,499647,3067,3066,3392,2052,1,0.0005695411
Warm B,302806,1798,1797,3392,2052,0,0.0038465937
Warm B,34746,235,234,3392,2052,0,0.011740662
Warm B,310812,1851,1850,3392,2052,0,0.0006903709
Warm B,207067,1266,1265,3392,2052,0,0.008782693
Warm B,206451,1265,1264,3392,2052,0,0.0027089047
Warm B,285451,1701,1700,3392,2052,0,0.011552962
Warm B,28229,195,194,3392,2052,0,0.023488127
Warm B,300508,1780,1779,3392,2052,0,0.014593563
Warm B,719024,4305,4304,3392,2052,0,0.022299476
Warm B,168014,1068,1067,3399,2057,0,0.013785255
Warm B,342722,2015,2014,3399,2057,1,0.014260456
Warm B,164774,1051,1050,3399,2057,1,0.015240096
Warm B,128603,832,831,3399,2057,1,0.0013114428
Warm B,127369,822,821,3399,2057,1,0.010089134
Warm B,263591,1605,1604,3399,2057,0,0.017403625
Warm B,124312,800,799,3399,2057,1,0.023093406
Warm B,118127,764,763,3399,2057,1,0.010840877
Warm B,216498,1314,1313,3399,2057,1,0.0010228569
Warm B,120560,777,776,3399,2057,0,0.0146650225
Warm B,83427,549,548,3399,2057,0,0.010089583
Warm B,119456,770,769,3399,2057,0,0.011396991
Warm B,53189,350,349,3399,2057,0,0.0007714899
Warm B,52565,346,345,3399,2057,1,0.006641583
Warm B,132633,855,854,3399,2057,0,0.015248214
Warm B,306253,1824,1823,3399,2057,0,0.005751002
Warm B,23144,166,165,3399,2057,1,0.0019608517
Warm B,5377,37,36,3399,2057,1,0.004821891
Warm B,2032,18,17,3399,2057,1,0.0026367262
Warm B,79648,531,530,3399,2057,0,0.015777636
Warm B,355114,2077,2076,3399,2057,0,0.021673992
Warm B,552567,3401,3400,3399,2057,0,0.007644896
Warm B,893463,5394,5393,3399,2057,0,0.012143732
Warm B,102524,678,677,3399,2057,0,0.012734457
Warm B,161410,1029,1028,3399,2057,0,0.009766204
Warm B,344912,2023,2022,3399,2057,1,0.01680018
Warm B,328555,1941,1940,3399,2057,0,0.020062681
Warm B,486555,2995,2994,3401,2058,0,0.011591573
Warm B,466671,2878,2877,3401,2058,0,0.0038874892
Warm B,444385,2742,2741,3401,2058,0,-0.003849175
Warm B,422363,2558,2557,3401,2058,1,0.004346379
Warm B,415469,2503,2502,3401,2058,0,0.004332933
Warm B,402197,2402,2401,3401,2058,0,0.0071172686
Warm B,388867,2279,2278,3401,2058,0,0.010870624
Warm B,375021,2186,2185,3401,2058,0,0.0066115265
Warm B,371570,2172,2171,3401,2058,0,0.02216054
Warm B,356279,2088,2087,3401,2058,0,0.012544079
Warm B,373875,2181,2180,3401,2058,0,0.022866013
Warm B,348383,2042,2041,3401,2058,0,0.012232045
Warm B,339835,2004,2003,3401,2058,0,0.006677715
Warm B,341448,2012,2011,3401,2058,0,0.0031720554
Warm B,333280,1968,1967,3401,2058,0,0.011725958
Warm B,293383,1747,1746,3401,2058,0,0.0052808425
Warm B,290883,1736,1735,3401,2058,0,0.0052170083
Warm B,276813,1675,1674,3401,2058,0,0.0022117097
Warm B,247548,1496,1495,3401,2058,0,0.006360636
Warm B,221165,1340,1339,3401,2058,0,0.015078088
Warm B,277474,1676,1675,3401,2058,0,0.0059983158
Warm B,198769,1221,1220,3401,2058,1,-0.00038340886
Warm B,308430,1837,1836,3401,2058,0,-0.0013724684
Warm B,327733,1941,1940,3401,2058,0,0.017359857
Warm B,192302,1184,1183,3401,2058,0,0.0058200737
Warm B,346104,2030,2029,3401,2058,0,0.010390147
Warm B,164334,1051,1050,3401,2058,0,0.012051208
Warm B,141145,910,909,3401,2058,0,-0.004310469
Warm B,137913,889,888,3401,2058,0,0.012627122
Warm B,263075,1605,1604,3401,2058,0,0.013687405
Warm B,118859,769,768,3401,2058,0,0.0074971635
Warm B,351498,2063,2062,3401,2058,0,0.019593928
Warm B,86034,563,562,3401,2058,0,0.006715304
Warm B,84934,552,551,3401,2058,1,0.0021951464
Warm B,83943,550,549,3401,2058,0,0.008767193
Warm B,77262,524,523,3401,2058,0,0.009726701
Warm B,76109,517,516,3401,2058,0,0.0033867464
Warm B,80046,533,532,3401,2058,0,0.0051420317
Warm B,36401,245,244,3401,2058,0,0.00057720277
Warm B,25334,179,178,3401,2058,0,0.0016032818
Warm B,269768,1635,1634,3401,2058,0,0.010440074
Warm B,23072,166,165,3401,2058,0,0.003929397
Warm B,119061,770,769,3401,2058,0,0.0051942472
Warm B,223365,1354,1353,3401,2058,0,0.0051643546
Warm B,432573,2638,2637,3401,2058,0,0.0017944151
Warm B,129235,839,838,3401,2058,0,0.011240037
Warm B,549845,3391,3390,3401,2058,0,0.0023750856
Warm B,102026,678,677,3401,2058,0,0.005688783
Warm B,206706,1266,1265,3401,2058,0,0.00554798
Warm B,331378,1958,1957,3401,2058,0,0.007575695
Warm B,322159,1912,1911,3401,2058,0,0.008090406
Warm B,62660,424,423,3401,2058,0,0.010298061
Warm B,234795,1425,1424,3401,2058,0,0.00864596
Warm B,527835,3263,3262,3405,2060,1,0.0051144566
Warm B,526189,3253,3252,3405,2060,0,0.008185474
Warm B,522294,3224,3223,3405,2060,1,0.00058320747
Warm B,513674,3169,3168,3405,2060,0,0.005911941
Warm B,768632,4579,4578,3405,2060,0,0.01283819
Warm B,500934,3078,3077,3405,2060,0,-4.7174515e-05
Warm B,546005,3367,3366,3405,2060,1,0.0043112338
Warm B,485727,2990,2989,3405,2060,1,0.0036709777
Warm B,533095,3292,3291,3405,2060,0,0.0072751585
Warm B,479594,2943,2942,3405,2060,1,0.0061797844
Warm B,477914,2934,2933,3405,2060,1,0.012097349
Warm B,695941,4169,4168,3405,2060,1,0.013147123
Warm B,466672,2878,2877,3405,2060,1,0.015708532
Warm B,459760,2834,2833,3405,2060,1,0.0007200466
Warm B,447837,2761,2760,3405,2060,1,0.007390232
Warm B,433536,2643,2642,3405,2060,1,0.0040251506
Warm B,426838,2592,2591,3405,2060,1,0.008636832
Warm B,418054,2526,2525,3405,2060,1,0.020671828
Warm B,417252,2512,2511,3405,2060,0,0.0054726056
Warm B,412517,2483,2482,3405,2060,1,-0.0011153516
Warm B,388064,2271,2270,3405,2060,1,0.013050845
Warm B,378664,2211,2210,3405,2060,1,0.008073551
Warm B,364110,2121,2120,3405,2060,1,0.008799287
Warm B,357299,2092,2091,3405,2060,1,0.0049270997
Warm B,356999,2091,2090,3405,2060,1,0.012614861
Warm B,356281,2088,2087,3405,2060,1,0.016348956
Warm B,353095,2068,2067,3405,2060,1,0.003972638
Warm B,343548,2018,2017,3405,2060,1,0.011778039
Warm B,324732,1924,1923,3405,2060,1,-0.0012709768
Warm B,305610,1819,1818,3405,2060,0,0.0023263076
Warm B,289215,1727,1726,3405,2060,1,0.016245795
Warm B,280584,1684,1683,3405,2060,1,0.012011468
Warm B,292166,1741,1740,3405,2060,1,0.0068948176
Warm B,262668,1602,1601,3405,2060,1,0.009589063
Warm B,343051,2016,2015,3405,2060,1,0.005068859
Warm B,346105,2030,2029,3405,2060,1,0.010928595
Warm B,350663,2059,2058,3405,2060,1,0.008441825
Warm B,353963,2073,2072,3405,2060,1,0.0054255314
Warm B,228069,1383,1382,3405,2060,1,0.008299034
Warm B,232996,1418,1417,3405,2060,1,0.0058328453
Warm B,436214,2665,2664,3405,2060,1,0.021798406
Warm B,213321,1298,1297,3405,2060,1,0.018005654
Warm B,373877,2181,2180,3405,2060,1,0.0254656
Warm B,182696,1140,1139,3405,2060,0,0.0026231296
Warm B,327736,1941,1940,3405,2060,0,0.012571747
Warm B,321623,1908,1907,3405,2060,0,0.0035783728
Warm B,159128,1017,1016,3405,2060,1,0.015599165
Warm B,275426,1667,1666,3405,2060,1,0.0077702026
Warm B,155116,1000,999,3405,2060,1,0.0057803625
Warm B,146849,948,947,3405,2060,1,0.0025967828
Warm B,347288,2038,2037,3405,2060,0,-0.0058890823
Warm B,137915,889,888,3405,2060,0,0.014691712
Warm B,341119,2011,2010,3405,2060,1,0.0071198046
Warm B,130291,844,843,3405,2060,1,0.010809034
Warm B,125485,808,807,3405,2060,0,0.012870779
Warm B,332172,1960,1959,3405,2060,1,0.002896128
Warm B,778822,4653,4652,3405,2060,0,0.012853412
Warm B,96104,646,645,3405,2060,0,0.020344136
Warm B,316661,1884,1883,3405,2060,1,0.012138295
Warm B,94862,637,636,3405,2060,1,0.0008913216
Warm B,94557,635,634,3405,2060,1,-0.00054625707
Warm B,210674,1285,1284,3405,2060,1,0.018554777
Warm B,339116,1998,1997,3405,2060,1,0.011107581
Warm B,85937,562,561,3405,2060,1,0.0065574846
Warm B,85525,558,557,3405,2060,1,0.0032495195
Warm B,198127,1218,1217,3405,2060,1,0.0003052589
Warm B,37558,256,255,3405,2060,1,0.0036022495
Warm B,36403,245,244,3405,2060,1,0.005228049
Warm B,46811,314,313,3405,2060,1,0.0008353605
Warm B,35255,238,237,3405,2060,0,0.007949472
Warm B,18665,146,145,3405,2060,1,0.013264753
Warm B,15540,123,122,3405,2060,1,0.0047721406
Warm B,269769,1635,1634,3405,2060,1,0.010412359
Warm B,591804,3610,3609,3405,2060,0,0.009497523
Warm B,4043,29,28,3405,2060,1,0.009419265
Warm B,19336,148,147,3405,2060,0,0.016437668
Warm B,362785,2116,2115,3405,2060,1,0.004788136
Warm B,181891,1137,1136,3405,2060,0,0.0067548933
Warm B,60657,411,410,3405,2060,0,0.016842674
Warm B,208646,1274,1273,3405,2060,1,0.009425413
Warm B,841030,5054,5053,3405,2060,1,0.0113308085
Warm B,657430,3963,3962,3405,2060,1,0.014655056
Warm B,831900,5001,5000,3405,2060,1,0.0076499362
Warm B,293631,1748,1747,3405,2060,1,0.0149865225
Warm B,343052,2016,2015,3406,2061,1,0.0023561576
Warm B,319933,1899,1898,3406,2061,1,0.0015291868
Warm B,318308,1891,1890,3406,2061,1,0.024100278
Warm B,289216,1727,1726,3406,2061,1,0.011702046
Warm B,292167,1741,1740,3406,2061,1,0.018713567
Warm B,275428,1667,1666,3406,2061,1,0.015709285
Warm B,293632,1748,1747,3406,2061,1,0.013440831
Warm B,254056,1545,1544,3406,2061,0,0.005474562
Warm B,248056,1497,1496,3406,2061,1,0.009304222
Warm B,350664,2059,2058,3406,2061,1,0.013717351
Warm B,241024,1451,1450,3406,2061,1,0.01241616
Warm B,189965,1179,1178,3406,2061,1,0.020274516
Warm B,182697,1140,1139,3406,2061,1,0.008327579
Warm B,165150,1053,1052,3406,2061,0,0.00828704
Warm B,161680,1031,1030,3406,2061,1,-0.009617122
Warm B,168832,1071,1070,3406,2061,1,-0.0062353644
Warm B,147897,953,952,3406,2061,1,0.009740025
Warm B,146850,948,947,3406,2061,1,0.016193455
Warm B,134978,873,872,3406,2061,1,-0.002150605
Warm B,147317,949,948,3406,2061,1,0.0052071023
Warm B,123322,796,795,3406,2061,0,0.017876863
Warm B,105057,696,695,3406,2061,0,0.016387977
Warm B,106675,702,701,3406,2061,1,0.00582819
Warm B,152904,984,983,3406,2061,1,0.020535043
Warm B,78114,526,525,3406,2061,0,0.011333232
Warm B,61635,414,413,3406,2061,1,0.0030782216
Warm B,57763,391,390,3406,2061,1,0.011120988
Warm B,55263,366,365,3406,2061,1,0.016204461
Warm B,54798,358,357,3406,2061,1,0.005314456
Warm B,52814,348,347,3406,2061,1,0.003922587
Warm B,52316,344,343,3406,2061,1,0.0066527734
Warm B,45560,307,306,3406,2061,0,0.017759264
Warm B,16426,130,129,3406,2061,1,0.0121569615
Warm B,14838,118,117,3406,2061,1,0.017220523
Warm B,5666,40,39,3406,2061,1,0.016721781
Warm B,357300,2092,2091,3406,2061,1,0.0018707181
Warm B,388065,2271,2270,3406,2061,0,0.008985258
Warm B,931394,5626,5625,3406,2061,1,0.0037383134
Warm B,254598,1547,1546,3406,2061,0,0.015980422
Warm B,795459,4765,4764,3406,2061,0,0.00065702666
Warm B,587738,3589,3588,3406,2061,0,0.0024306607
Warm B,833308,5011,5010,3406,2061,0,0.003622418
Warm B,420848,2544,2543,3406,2061,1,0.015424455
Warm B,295566,1755,1754,3406,2061,0,0.0059805494
Warm B,27540,193,192,3406,2061,0,0.011477495
Warm B,675877,4054,4053,3412,2064,0,0.01142652
Warm B,668313,4021,4020,3412,2064,1,0.014014325
Warm B,783983,4682,4681,3412,2064,1,0.007974346
Warm B,667329,4016,4015,3412,2064,0,0.0025817426
Warm B,654722,3945,3944,3412,2064,0,-0.0011599488
Warm B,654007,3942,3941,3412,2064,0,0.0035882364
Warm B,630227,3811,3810,3412,2064,1,0.0030567346
Warm B,637856,3841,3840,3412,2064,0,0.005976952
Warm B,627632,3797,3796,3412,2064,1,0.0034451843
Warm B,620608,3760,3759,3412,2064,0,0.0010652514
Warm B,614646,3724,3723,3412,2064,0,-0.0010772762
Warm B,612222,3712,3711,3412,2064,0,0.0040332954
Warm B,587748,3589,3588,3412,2064,0,-0.0017576339
Warm B,583274,3562,3561,3412,2064,0,0.010039902
Warm B,593514,3618,3617,3412,2064,0,0.008498819
Warm B,574426,3517,3516,3412,2064,1,-0.000640773
Warm B,744743,4448,4447,3412,2064,1,0.008884295
Warm B,574638,3518,3517,3412,2064,0,-0.003014199
Warm B,548918,3389,3388,3412,2064,0,-0.0021708535
Warm B,548357,3384,3383,3412,2064,0,0.0028216667
Warm B,549865,3391,3390,3412,2064,0,0.0032851568
Warm B,570960,3503,3502,3412,2064,0,0.009573162
Warm B,533106,3292,3291,3412,2064,1,0.0013281889
Warm B,584605,3569,3568,3412,2064,0,-0.00032858877
Warm B,526681,3259,3258,3412,2064,1,0.0046284613
Warm B,528067,3265,3264,3412,2064,0,-0.0041929074
Warm B,539779,3320,3319,3412,2064,1,0.011030147
Warm B,512666,3163,3162,3412,2064,1,0.009142145
Warm B,527288,3261,3260,3412,2064,1,0.005198277
Warm B,505053,3108,3107,3412,2064,1,0.0067898612
Warm B,575177,3519,3518,3412,2064,0,0.011388848
Warm B,497579,3055,3054,3412,2064,1,0.00055685686
Warm B,599833,3650,3649,3412,2064,0,0.00013964856
Warm B,559230,3435,3434,3412,2064,1,-0.000767499
Warm B,529514,3272,3271,3412,2064,1,0.008908006
Warm B,753230,4489,4488,3412,2064,0,0.0047456115
Warm B,695957,4169,4168,3412,2064,0,0.002872534
Warm B,472398,2907,2906,3412,2064,0,0.0021291408
Warm B,467735,2883,2882,3412,2064,0,0.007266065
Warm B,457743,2820,2819,3412,2064,0,0.0062042875
Warm B,486930,2996,2995,3412,2064,1,0.0067179324
Warm B,465944,2873,2872,3412,2064,0,-0.00034870626
Warm B,450647,2777,2776,3412,2064,0,0.0044624656
Warm B,448373,2764,2763,3412,2064,1,0.004524123
Warm B,447845,2761,2760,3412,2064,0,-0.0011905637
Warm B,442573,2726,2725,3412,2064,1,0.0005891784
Warm B,564238,3471,3470,3412,2064,0,-0.00035870005
Warm B,433540,2643,2642,3412,2064,1,0.006392085
Warm B,422243,2556,2555,3412,2064,1,-0.00024643517
Warm B,413663,2489,2488,3412,2064,1,0.0061272634
Warm B,375027,2186,2185,3412,2064,0,0.0014894779
Warm B,394157,2323,2322,3412,2064,1,0.0035321899
Warm B,353972,2073,2072,3412,2064,0,0.003229827
Warm B,332349,1961,1960,3412,2064,1,-0.0003150265
Warm B,333287,1968,1967,3412,2064,0,0.008081304
Warm B,316669,1884,1883,3412,2064,0,0.006415604
Warm B,290887,1736,1735,3412,2064,1,-0.0043989187
Warm B,280752,1685,1684,3412,2064,1,-0.007867847
Warm B,278813,1680,1679,3412,2064,1,-0.0019052487
Warm B,258929,1586,1585,3412,2064,1,-0.0014686612
Warm B,265602,1613,1612,3412,2064,0,0.0043378384
Warm B,261632,1599,1598,3412,2064,0,0.0031389089
Warm B,222024,1343,1342,3412,2064,0,-0.004961545
Warm B,217699,1321,1320,3412,2064,0,0.0074950997
Warm B,224061,1356,1355,3412,2064,0,0.0069792266
Warm B,213330,1298,1297,3412,2064,1,0.0020194524
Warm B,209367,1279,1278,3412,2064,1,0.004872667
Warm B,208651,1274,1273,3412,2064,0,-0.0003155059
Warm B,220293,1335,1334,3412,2064,0,0.007701128
Warm B,258719,1585,1584,3412,2064,0,0.00042580767
Warm B,456368,2810,2809,3412,2064,0,-0.0014317036
Warm B,277486,1676,1675,3412,2064,0,0.012160862
Warm B,308449,1837,1836,3412,2064,1,0.0020398009
Warm B,177968,1120,1119,3412,2064,0,0.0066270856
Warm B,243754,1470,1469,3412,2064,0,0.004600549
Warm B,248698,1501,1500,3412,2064,0,-0.0037175415
Warm B,164349,1051,1050,3412,2064,1,-0.0003940186
Warm B,149511,963,962,3412,2064,0,-0.0011413496
Warm B,185012,1150,1149,3412,2064,0,0.0031069627
Warm B,141148,910,909,3412,2064,1,0.0039704824
Warm B,258332,1584,1583,3412,2064,1,0.0061159674
Warm B,141403,911,910,3412,2064,1,-0.0046030516
Warm B,134981,873,872,3412,2064,1,0.0051426077
Warm B,127658,824,823,3412,2064,0,0.005612379
Warm B,263089,1605,1604,3412,2064,1,0.003208313
Warm B,110305,720,719,3412,2064,0,-0.0035603
Warm B,299493,1778,1777,3412,2064,1,0.003212274
Warm B,94865,637,636,3412,2064,1,0.004332694
Warm B,190576,1181,1180,3412,2064,0,0.0034580538
Warm B,80677,536,535,3412,2064,1,0.004143784
Warm B,68591,461,460,3412,2064,1,0.00021434994
Warm B,333754,1969,1968,3412,2064,0,0.007915893
Warm B,47422,319,318,3412,2064,1,0.0025433972
Warm B,38262,261,260,3412,2064,1,0.005307854
Warm B,21539,157,156,3412,2064,1,-0.0059578097
Warm B,23084,166,165,3412,2064,0,0.0019525066
Warm B,17485,136,135,3412,2064,1,0.0039275875
Warm B,5671,40,39,3412,2064,0,-0.0063574007
Warm B,19359,148,147,3412,2064,0,0.0034494142
Warm B,385994,2258,2257,3412,2064,0,0.011344496
Warm B,237704,1447,1446,3412,2064,1,0.0061840108
Warm B,257499,1579,1578,3412,2064,0,0.0046236366
Warm B,65227,438,437,3412,2064,1,-0.0009593244
Warm B,750358,4478,4477,3412,2064,0,0.0020566327
Warm B,621963,3768,3767,3412,2064,1,0.0044486504
Warm B,901381,5450,5449,3412,2064,0,0.004684301
Warm B,760102,4517,4516,3412,2064,0,-0.0008558999
Warm B,865887,5222,5221,3412,2064,0,0.0058212765
Warm B,6135,44,43,3412,2064,0,0.003617711
Warm B,111603,727,726,3412,2064,1,-0.00053122966
Warm B,407741,2451,2450,3412,2064,0,0.0046977564
Warm B,657433,3963,3962,3412,2064,1,-0.0014199056
Warm B,941323,5682,5681,3412,2064,1,0.009170832
Warm B,311235,1854,1853,3412,2064,0,0.011097755
Warm B,351522,2063,2062,3412,2064,0,0.0051028975
Warm B,128913,838,837,3417,2065,1,0.0065347184
Warm B,128831,837,836,3417,2065,1,-0.0013803099
Warm B,128719,835,834,3417,2065,0,0.0098779015
Warm B,147322,949,948,3417,2065,1,0.006564503
Warm B,106682,702,701,3417,2065,1,0.012209285
Warm B,68592,461,460,3417,2065,0,0.00045887893
Warm B,27553,193,192,3417,2065,0,0.0008514498
Warm B,481678,2962,2961,3417,2065,0,0.0056820586
Warm B,14467,117,116,3417,2065,0,0.00031175418
Warm B,5672,40,39,3417,2065,1,-0.00014724291
Warm B,1928,17,16,3417,2065,1,0.008486842
Warm B,1461,13,12,3417,2065,0,0.0031795762
Warm B,293641,1748,1747,3417,2065,0,-0.00091671234
Warm B,681934,4084,4083,3420,2067,1,0.00039237482
Warm B,681342,4083,4082,3420,2067,0,0.014965645
Warm B,712817,4277,4276,3420,2067,1,0.0150196375
Warm B,675350,4053,4052,3420,2067,1,0.009220887
Warm B,668964,4022,4021,3420,2067,0,0.0065645967
Warm B,667345,4016,4015,3420,2067,0,0.01562498
Warm B,660042,3978,3977,3420,2067,1,-0.0017233121
Warm B,659490,3974,3973,3420,2067,1,0.007751476
Warm B,783992,4682,4681,3420,2067,1,0.008941777
Warm B,656294,3955,3954,3420,2067,1,0.00056610093
Warm B,650719,3924,3923,3420,2067,1,0.008127078
Warm B,641409,3856,3855,3420,2067,0,-2.1535554e-05
Warm B,640247,3848,3847,3420,2067,1,0.004865289
Warm B,632306,3823,3822,3420,2067,1,0.009159835
Warm B,637876,3841,3840,3420,2067,1,0.008049009
Warm B,653433,3940,3939,3420,2067,1,0.0067644357
Warm B,624597,3778,3777,3420,2067,0,0.017739765
Warm B,623656,3772,3771,3420,2067,1,-0.0036848595
Warm B,618505,3747,3746,3420,2067,1,0.0046392367
Warm B,616082,3729,3728,3420,2067,0,0.012096388
Warm B,615541,3727,3726,3420,2067,1,0.009179153
Warm B,614656,3724,3723,3420,2067,0,0.003939135
Warm B,610955,3705,3704,3420,2067,0,0.016348386
Warm B,613556,3717,3716,3420,2067,1,0.0030167582
Warm B,725181,4344,4343,3420,2067,0,0.010155224
Warm B,631986,3822,3821,3420,2067,1,0.0016097589
Warm B,593543,3618,3617,3420,2067,0,0.00796172
Warm B,590076,3600,3599,3420,2067,1,0.003979722
Warm B,581542,3551,3550,3420,2067,0,-0.010361271
Warm B,567328,3483,3482,3420,2067,1,0.018056149
Warm B,569053,3491,3490,3420,2067,1,0.01715592
Warm B,566645,3477,3476,3420,2067,1,-0.0066549773
Warm B,576967,3526,3525,3420,2067,0,0.0015512616
Warm B,532602,3289,3288,3420,2067,1,-0.00256893
Warm B,531646,3283,3282,3420,2067,1,0.012246854
Warm B,529068,3271,3270,3420,2067,1,0.0025289983
Warm B,534631,3300,3299,3420,2067,1,-0.003959081
Warm B,524937,3241,3240,3420,2067,1,0.0051174406
Warm B,518654,3201,3200,3420,2067,1,0.007979261
Warm B,516201,3188,3187,3420,2067,1,-0.003220753
Warm B,509452,3138,3137,3420,2067,0,0.012792481
Warm B,816037,4899,4898,3420,2067,0,0.009805307
Warm B,508516,3129,3128,3420,2067,1,0.007386404
Warm B,930082,5620,5619,3420,2067,1,0.010468838
Warm B,489894,3014,3013,3420,2067,1,2.7399044e-05
Warm B,484898,2986,2985,3420,2067,1,0.010607377
Warm B,481390,2959,2958,3420,2067,1,0.011123754
Warm B,480031,2946,2945,3420,2067,0,0.010911971
Warm B,477942,2934,2933,3420,2067,1,0.017688807
Warm B,695984,4169,4168,3420,2067,0,0.014393566
Warm B,473365,2909,2908,3420,2067,1,0.0051468927
Warm B,467737,2883,2882,3420,2067,0,-0.0011471959
Warm B,879810,5317,5316,3420,2067,1,0.004144806
Warm B,463128,2857,2856,3420,2067,0,0.014312731
Warm B,455255,2803,2802,3420,2067,0,0.0070588165
Warm B,469872,2895,2894,3420,2067,1,0.0024563456
Warm B,435756,2664,2663,3420,2067,1,0.0032086782
Warm B,419194,2532,2531,3420,2067,1,0.00027884194
Warm B,426855,2592,2591,3420,2067,0,0.00602085
Warm B,425235,2581,2580,3420,2067,1,0.013043176
Warm B,404140,2415,2414,3420,2067,1,-0.0017228336
Warm B,400078,2381,2380,3420,2067,0,-0.0017942535
Warm B,396609,2348,2347,3420,2067,0,-0.0014220311
Warm B,393712,2318,2317,3420,2067,1,0.007552768
Warm B,393449,2315,2314,3420,2067,1,-0.0034784856
Warm B,389904,2288,2287,3420,2067,0,-4.4634333e-05
Warm B,388880,2279,2278,3420,2067,1,0.0119105615
Warm B,385200,2251,2250,3420,2067,0,-0.0042471895
Warm B,381573,2231,2230,3420,2067,0,0.014199707
Warm B,369816,2164,2163,3420,2067,0,0.013448651
Warm B,394160,2323,2322,3420,2067,1,0.0041284785
Warm B,364637,2124,2123,3420,2067,1,0.007227199
Warm B,358419,2098,2097,3420,2067,1,0.000121790916
Warm B,359280,2102,2101,3420,2067,1,-0.0055650934
Warm B,352624,2064,2063,3420,2067,0,0.008786267
Warm B,320994,1903,1902,3420,2067,0,0.008838601
Warm B,297950,1766,1765,3420,2067,0,-0.004878659
Warm B,301499,1791,1790,3420,2067,0,0.009903869
Warm B,292977,1745,1744,3420,2067,1,0.00805741
Warm B,271611,1642,1641,3420,2067,0,0.0074639134
Warm B,270793,1639,1638,3420,2067,1,0.0054957424
Warm B,268877,1632,1631,3420,2067,0,0.015618979
Warm B,232322,1410,1409,3420,2067,1,-0.0040449547
Warm B,296356,1758,1757,3420,2067,1,-0.0030107016
Warm B,221192,1340,1339,3420,2067,0,0.015869003
Warm B,226355,1370,1369,3420,2067,0,0.010801896
Warm B,200740,1233,1232,3420,2067,1,0.0064893933
Warm B,199818,1227,1226,3420,2067,0,0.007877103
Warm B,210041,1284,1283,3420,2067,1,0.008728158
Warm B,278844,1680,1679,3420,2067,1,0.016948283
Warm B,196948,1209,1208,3420,2067,1,0.010001012
Warm B,192542,1185,1184,3420,2067,0,0.006560727
Warm B,177472,1119,1118,3420,2067,1,0.0057548676
Warm B,190606,1181,1180,3420,2067,0,0.0136396615
Warm B,141414,911,910,3420,2067,1,0.014875948
Warm B,148232,955,954,3420,2067,0,0.0037242707
Warm B,131050,850,849,3420,2067,0,0.0074574123
Warm B,154777,999,998,3420,2067,0,0.004946133
Warm B,115311,749,748,3420,2067,0,0.011437977
Warm B,239821,1449,1448,3420,2067,0,0.014870552
Warm B,283980,1698,1697,3420,2067,0,0.0081920065
Warm B,90452,599,598,3420,2067,1,-0.0026835068
Warm B,350463,2057,2056,3420,2067,1,0.005146618
Warm B,84938,552,551,3420,2067,1,0.003589735
Warm B,82882,549,548,3420,2067,1,0.010467103
Warm B,77304,524,523,3420,2067,1,0.008757041
Warm B,74022,504,503,3420,2067,1,0.002796313
Warm B,71870,482,481,3420,2067,0,0.011894422
Warm B,65700,439,438,3420,2067,1,0.011015153
Warm B,210709,1285,1284,3420,2067,1,0.0056025926
Warm B,47439,319,318,3420,2067,1,0.010055432
Warm B,338013,1988,1987,3420,2067,0,0.01523876
Warm B,61269,412,411,3420,2067,1,0.016549792
Warm B,238717,1448,1447,3420,2067,1,0.0075266585
Warm B,145271,935,934,3420,2067,1,0.016333133
Warm B,36885,247,246,3420,2067,1,0.012928543
Warm B,46821,314,313,3420,2067,1,0.003034722
Warm B,35268,238,237,3420,2067,1,0.006448703
Warm B,36439,245,244,3420,2067,0,0.013940893
Warm B,9261,62,61,3420,2067,0,0.004944709
Warm B,437216,2669,2668,3420,2067,1,-0.0004961842
Warm B,104196,692,691,3420,2067,1,0.0076923827
Warm B,2845,23,22,3420,2067,0,0.0030788076
Warm B,481687,2962,2961,3420,2067,0,0.01782244
Warm B,43437,299,298,3420,2067,1,0.008101892
Warm B,18686,146,145,3420,2067,1,-0.0010612858
Warm B,552176,3401,3400,3420,2067,1,0.003249876
Warm B,150473,970,969,3420,2067,1,-0.0015078185
Warm B,157933,1015,1014,3420,2067,0,0.005924264
Warm B,181905,1137,1136,3420,2067,0,0.006764739
Warm B,873907,5277,5276,3420,2067,0,0.009816304
Warm B,56330,376,375,3420,2067,1,0.0076566236
Warm B,519180,3203,3202,3420,2067,1,0.0075070513
Warm B,24330,173,172,3420,2067,0,-0.001720712
Warm B,633052,3824,3823,3420,2067,0,0.01005764
Warm B,309522,1842,1841,3420,2067,1,0.010337718
Warm B,25903,183,182,3420,2067,1,0.0018630719
Warm B,324883,1925,1924,3420,2067,0,0.0020332807
Warm B,857809,5156,5155,3420,2067,1,0.009291759
Warm B,80074,533,532,3423,2070,0,0.012334686
Warm B,53704,352,351,3423,2070,1,0.0030397614
Warm B,41780,284,283,3423,2070,0,0.0012914431
Warm B,25607,181,180,3423,2070,0,0.0066592884
Warm B,293652,1748,1747,3423,2070,0,0.009473595
Warm B,16657,131,130,3423,2070,1,0.004459597
Warm B,9264,62,61,3423,2070,0,0.009062514
Warm B,3371,26,25,3423,2070,0,0.00847648
Warm B,129266,839,838,3423,2070,0,0.0076272134
Warm B,261147,1597,1596,3423,2070,0,-0.0011376032
Warm B,357321,2092,2091,3423,2070,0,0.0018523472
Warm B,215438,1306,1305,3423,2070,1,0.0048033367
Warm B,311241,1854,1853,3423,2070,0,0.008800254
Warm B,62701,424,423,3423,2070,1,0.004458013
Warm B,239827,1449,1448,3425,2072,0,0.014140822
Warm B,53705,352,351,3425,2072,0,0.013529591
Warm B,39354,267,266,3425,2072,0,0.006747343
Warm B,26403,187,186,3425,2072,1,0.004004726
Warm B,24899,175,174,3425,2072,1,0.008462908
Warm B,557,8,7,3425,2072,0,0.0044845706
Warm B,89178,588,587,3425,2072,1,0.008427721
Warm B,157938,1015,1014,3425,2072,0,0.015463364
Warm B,42769,293,292,3425,2072,0,0.00094623864
Warm B,933372,5636,5635,3425,2072,0,0.01036896
Warm B,892855,5394,5393,3425,2072,0,0.0064922054
Warm B,216883,1317,1316,3425,2072,1,0.0180309
Warm B,712821,4277,4276,3425,2072,0,0.013812351
Warm B,241050,1451,1450,3425,2072,1,0.012197716
Warm B,195305,1203,1202,3425,2072,1,-0.0010360964
Warm B,475426,2918,2917,3425,2072,0,0.0010931215
Warm B,115994,752,751,3425,2072,0,0.007984221
Warm B,33930,229,228,3425,2072,1,0.0022627707
Warm B,300247,1780,1779,3425,2072,0,0.019546114
Warm B,212812,1297,1296,3427,2074,1,0.010921476
Warm B,146864,948,947,3427,2074,1,0.0068201567
Warm B,185041,1150,1149,3427,2074,0,0.012244602
Warm B,239829,1449,1448,3427,2074,0,0.023413148
Warm B,144085,929,928,3427,2074,0,0.01471249
Warm B,210714,1285,1284,3427,2074,1,0.01570284
Warm B,48522,326,325,3427,2074,0,0.0028658248
Warm B,32031,216,215,3427,2074,0,0.012631149
Warm B,123331,796,795,3427,2074,0,0.012185164
Warm B,129269,839,838,3427,2074,1,0.003713024
Warm B,638977,3842,3841,3427,2074,0,0.0107449945
Warm B,567332,3483,3482,3427,2074,0,0.010706864
Warm B,204479,1260,1259,3427,2074,0,0.013909105
Warm B,420868,2544,2543,3427,2074,0,0.0074809305
Warm B,262152,1600,1599,3431,2077,0,-0.0056274263
Warm B,242682,1465,1464,3431,2077,0,0.009754208
Warm B,227027,1377,1376,3431,2077,0,0.0029738196
Warm B,278866,1680,1679,3431,2077,0,0.004408775
Warm B,261654,1599,1598,3431,2077,0,0.0051011625
Warm B,190630,1181,1180,3431,2077,0,0.014807654
Warm B,186594,1155,1154,3431,2077,0,0.0051739197
Warm B,307298,1835,1834,3431,2077,0,0.0016719525
Warm B,275449,1667,1666,3431,2077,0,0.01052724
Warm B,123831,798,797,3431,2077,0,0.01121118
Warm B,112851,732,731,3431,2077,1,0.008331438
Warm B,106695,702,701,3431,2077,0,0.004347793
Warm B,93751,629,628,3431,2077,0,-0.0005542
Warm B,480037,2946,2945,3431,2077,0,0.0059538586
Warm B,75423,513,512,3431,2077,0,-0.00014431775
Warm B,64797,435,434,3431,2077,0,0.005918228
Warm B,239837,1449,1448,3431,2077,0,-0.00069386116
Warm B,40385,272,271,3431,2077,0,-0.0019084713
Warm B,32694,221,220,3431,2077,0,0.0013729527
Warm B,19391,148,147,3431,2077,0,0.009656035
Warm B,269797,1635,1634,3431,2077,0,0.007925459
Warm B,237729,1447,1446,3431,2077,0,0.006985739
Warm B,680557,4079,4078,3431,2077,1,0.008523583
Warm B,633062,3824,3823,3431,2077,0,0.0039022272
Warm B,62711,424,423,3431,2077,0,0.01327702
Warm B,75424,513,512,3432,2078,0,0.009676646
Warm B,68611,461,460,3432,2078,0,0.012648011
Warm B,239838,1449,1448,3432,2078,0,0.0179842
Warm B,40387,272,271,3432,2078,0,0.008045537
Warm B,33758,226,225,3432,2078,0,0.0002801153
Warm B,19392,148,147,3432,2078,0,0.010613608
Warm B,237730,1447,1446,3432,2078,0,0.01673188
Warm B,828605,4979,4978,3432,2078,0,0.015759597
Warm B,342302,2015,2014,3432,2078,0,0.013836778
Warm B,680558,4079,4078,3432,2078,1,0.00957359
Warm B,599124,3648,3647,3432,2078,0,-0.005210767
Warm B,62712,424,423,3432,2078,0,0.013503364
Warm B,533134,3292,3291,3436,2080,0,0.01310822
Warm B,524714,3239,3238,3436,2080,1,0.017533261
Warm B,514210,3174,3173,3436,2080,1,-0.0004813025
Warm B,493926,3032,3031,3436,2080,0,0.0024212757
Warm B,477953,2934,2933,3436,2080,0,0.008148705
Warm B,418540,2529,2528,3436,2080,0,0.0022888903
Warm B,393078,2309,2308,3436,2080,1,-0.001947894
Warm B,385879,2257,2256,3436,2080,1,0.0016610234
Warm B,382784,2237,2236,3436,2080,0,0.006846631
Warm B,377149,2203,2202,3436,2080,1,0.008960723
Warm B,364441,2123,2122,3436,2080,1,-0.0015609363
Warm B,351570,2063,2062,3436,2080,0,0.0061338507
Warm B,343562,2018,2017,3436,2080,0,0.0042825937
Warm B,301010,1787,1786,3436,2080,0,-0.0020364397
Warm B,290894,1736,1735,3436,2080,0,-0.00021657813
Warm B,264544,1609,1608,3436,2080,0,0.014402845
Warm B,227031,1377,1376,3436,2080,0,0.014763845
Warm B,203853,1254,1253,3436,2080,1,-0.0012014224
Warm B,278870,1680,1679,3436,2080,0,0.010707421
Warm B,316184,1883,1882,3436,2080,0,0.0011408877
Warm B,179494,1125,1124,3436,2080,0,0.004656275
Warm B,331434,1958,1957,3436,2080,0,0.016987722
Warm B,168320,1069,1068,3436,2080,0,0.008643999
Warm B,156357,1009,1008,3436,2080,0,0.0030719975
Warm B,150482,970,969,3436,2080,0,0.0027248831
Warm B,137989,889,888,3436,2080,0,0.002876332
Warm B,380188,2223,2222,3436,2080,0,0.0056050844
Warm B,141419,911,910,3436,2080,1,0.0059115062
Warm B,131803,854,853,3436,2080,0,0.0013718084
Warm B,327804,1941,1940,3436,2080,1,-0.0008891467
Warm B,111842,728,727,3436,2080,0,-0.0007906676
Warm B,103343,687,686,3436,2080,0,0.009482987
Warm B,332554,1962,1961,3436,2080,0,0.0056741578
Warm B,228106,1383,1382,3436,2080,0,0.0036912272
Warm B,87212,570,569,3436,2080,0,0.010342803
Warm B,238728,1448,1447,3436,2080,1,0.013586728
Warm B,76121,517,516,3436,2080,0,0.010296213
Warm B,64465,430,429,3436,2080,0,0.010411698
Warm B,74680,509,508,3436,2080,0,0.001855464
Warm B,132342,855,854,3436,2080,0,0.009805245
Warm B,47462,319,318,3436,2080,0,0.009371018
Warm B,696010,4169,4168,3436,2080,0,0.0074587986
Warm B,39551,268,267,3436,2080,1,-0.0005603151
Warm B,537800,3312,3311,3436,2080,0,0.007453031
Warm B,38904,264,263,3436,2080,0,0.0106226
Warm B,32921,223,222,3436,2080,0,0.008186655
Warm B,29823,202,201,3436,2080,1,0.0056372313
Warm B,16977,133,132,3436,2080,1,0.011283415
Warm B,6174,45,44,3436,2080,0,0.0050691757
Warm B,30501,204,203,3436,2080,0,0.0067286645
Warm B,223406,1354,1353,3436,2080,0,0.0069311215
Warm B,20758,151,150,3436,2080,0,0.007375207
Warm B,79231,531,530,3436,2080,0,0.005332197
Warm B,143628,927,926,3436,2080,0,0.012256035
Warm B,19398,148,147,3436,2080,0,0.0037982317
Warm B,50137,331,330,3436,2080,0,-0.00016561279
Warm B,682281,4085,4084,3436,2080,0,0.0062510036
Warm B,164380,1051,1050,3436,2080,0,0.008567261
Warm B,304754,1812,1811,3436,2080,0,0.0014115251
Warm B,102073,678,677,3436,2080,1,0.016270682
Warm B,144818,934,933,3436,2080,0,-2.405257e-05
Warm B,454531,2796,2795,3436,2080,0,0.0065617617
Warm B,335650,1980,1979,3436,2080,0,0.005862537
Warm B,408084,2453,2452,3436,2080,1,0.012391779
Warm B,545255,3363,3362,3436,2080,1,0.008331447
Warm B,699606,4186,4185,3436,2080,0,0.0028028714
Warm B,760111,4517,4516,3436,2080,0,0.0042242203
Warm B,193532,1194,1193,3436,2080,0,0.008611159
Warm B,645750,3887,3886,3440,2083,0,0.0036818993
Warm B,628560,3807,3806,3440,2083,0,-0.0012888038
Warm B,624277,3777,3776,3440,2083,0,-0.0070684548
Warm B,612851,3715,3714,3440,2083,0,-0.0010519867
Warm B,654036,3942,3941,3440,2083,0,0.0022687383
Warm B,636198,3834,3833,3440,2083,1,-0.0002657771
Warm B,712848,4277,4276,3440,2083,0,0.003902373
Warm B,600741,3652,3651,3440,2083,0,0.002410253
Warm B,586378,3579,3578,3440,2083,0,0.00069688587
Warm B,576985,3526,3525,3440,2083,0,0.00073285727
Warm B,573846,3513,3512,3440,2083,0,0.0053118723
Warm B,570234,3499,3498,3440,2083,0,0.0046522114
Warm B,591839,3610,3609,3440,2083,0,-0.0005216249
Warm B,584624,3569,3568,3440,2083,0,0.0012746048
Warm B,572773,3509,3508,3440,2083,0,-0.008223328
Warm B,555190,3414,3413,3440,2083,0,0.0014323308
Warm B,550900,3393,3392,3440,2083,0,0.0008831995
Warm B,548941,3389,3388,3440,2083,0,0.006666439
Warm B,546459,3370,3369,3440,2083,0,0.00335099
Warm B,536967,3311,3310,3440,2083,0,0.0018364929
Warm B,535871,3308,3307,3440,2083,0,0.006944872
Warm B,544030,3353,3352,3440,2083,0,0.009346826
Warm B,530898,3280,3279,3440,2083,0,0.0082763685
Warm B,520298,3209,3208,3440,2083,0,0.004692171
Warm B,496057,3047,3046,3440,2083,0,0.0015165224
Warm B,493941,3032,3031,3440,2083,1,0.0054899575
Warm B,492597,3029,3028,3440,2083,0,0.004275253
Warm B,517829,3196,3195,3440,2083,0,0.0016912783
Warm B,469655,2894,2893,3440,2083,1,0.0013426256
Warm B,470347,2896,2895,3440,2083,0,-0.0018899874
Warm B,486953,2996,2995,3440,2083,0,0.00805719
Warm B,477448,2931,2930,3440,2083,0,0.007879352
Warm B,430026,2621,2620,3440,2083,0,0.005235959
Warm B,408629,2454,2453,3440,2083,0,-0.0040860567
Warm B,375048,2186,2185,3440,2083,0,-0.008222955
Warm B,373371,2180,2179,3440,2083,0,0.0067566745
Warm B,371594,2172,2171,3440,2083,0,-0.0056687375
Warm B,369828,2164,2163,3440,2083,0,-0.0025366254
Warm B,367314,2144,2143,3440,2083,0,0.0047288365
Warm B,368750,2156,2155,3440,2083,0,0.011551561
Warm B,349809,2054,2053,3440,2083,0,-0.0041923453
Warm B,361497,2109,2108,3440,2083,0,-0.00823254
Warm B,340524,2010,2009,3440,2083,0,0.005392669
Warm B,341477,2012,2011,3440,2083,0,0.0031757457
Warm B,330113,1948,1947,3440,2083,0,0.003299999
Warm B,300703,1781,1780,3440,2083,0,-0.0044911834
Warm B,297386,1764,1763,3440,2083,1,0.00052804966
Warm B,288821,1726,1725,3440,2083,0,-0.0006358791
Warm B,269808,1635,1634,3440,2083,0,0.009758364
Warm B,299518,1778,1777,3440,2083,0,0.0009620446
Warm B,358208,2097,2096,3440,2083,0,-0.0005772754
Warm B,256326,1564,1563,3440,2083,0,0.00684347
Warm B,302984,1800,1799,3440,2083,0,-0.0071520684
Warm B,309250,1841,1840,3440,2083,0,0.009651712
Warm B,338838,1996,1995,3440,2083,0,0.0012493962
Warm B,360613,2106,2105,3440,2083,0,0.0020385347
Warm B,321229,1904,1903,3440,2083,0,0.0016508917
Warm B,236202,1433,1432,3440,2083,0,0.002876477
Warm B,233017,1418,1417,3440,2083,0,0.003435696
Warm B,216001,1311,1310,3440,2083,0,0.005326968
Warm B,224082,1356,1355,3440,2083,0,0.0021142042
Warm B,277515,1676,1675,3440,2083,0,-0.0030781508
Warm B,272765,1647,1646,3440,2083,0,-0.0013433741
Warm B,278891,1680,1679,3440,2083,0,0.007123581
Warm B,342311,2015,2014,3440,2083,0,-0.0036158226
Warm B,327825,1941,1940,3440,2083,0,0.0063647404
Warm B,178001,1120,1119,3440,2083,0,-0.0038937952
Warm B,173567,1100,1099,3440,2083,0,-0.00020649727
Warm B,171430,1088,1087,3440,2083,0,-0.003877743
Warm B,166757,1060,1059,3440,2083,0,0.0013211453
Warm B,163147,1042,1041,3440,2083,0,0.0015309989
Warm B,363911,2120,2119,3440,2083,0,0.004211652
Warm B,150944,971,970,3440,2083,0,0.0030098571
Warm B,249197,1502,1501,3440,2083,0,0.01573138
Warm B,216902,1317,1316,3440,2083,0,0.0076090125
Warm B,156681,1010,1009,3440,2083,0,0.00041445612
Warm B,276845,1675,1674,3440,2083,0,0.0067243394
Warm B,134116,869,868,3440,2083,0,-0.0041029574
Warm B,145589,936,935,3440,2083,0,0.0035347696
Warm B,263136,1605,1604,3440,2083,0,-0.0039966544
Warm B,126520,817,816,3440,2083,0,0.0040652687
Warm B,124196,800,799,3440,2083,0,0.0005348972
Warm B,121475,781,780,3440,2083,0,0.008384673
Warm B,121047,780,779,3440,2083,0,0.00015787827
Warm B,120326,777,776,3440,2083,0,0.0016078358
Warm B,116806,753,752,3440,2083,1,0.006898368
Warm B,119109,770,769,3440,2083,0,-0.0029233494
Warm B,105950,699,698,3440,2083,0,0.0008379435
Warm B,99301,662,661,3440,2083,0,-0.00376736
Warm B,176811,1117,1116,3440,2083,0,-0.008287499
Warm B,362850,2116,2115,3440,2083,1,0.0007639271
Warm B,109227,714,713,3440,2083,0,-0.006157463
Warm B,93754,629,628,3440,2083,0,0.0040193703
Warm B,108664,712,711,3440,2083,0,0.0023253798
Warm B,86048,563,562,3440,2083,0,-0.0065062204
Warm B,81202,541,540,3440,2083,0,0.005493469
Warm B,70703,476,475,3440,2083,1,0.0050624916
Warm B,64924,436,435,3440,2083,0,-0.0020604734
Warm B,65252,438,437,3440,2083,0,0.0009869892
Warm B,41804,284,283,3440,2083,0,-0.002719416
Warm B,38510,262,261,3440,2083,0,0.0004024672
Warm B,202992,1246,1245,3440,2083,0,-0.005572546
Warm B,40733,273,272,3440,2083,1,-0.0060831513
Warm B,626612,3792,3791,3440,2083,0,0.0023748241
Warm B,33946,229,228,3440,2083,0,0.008483591
Warm B,54498,355,354,3440,2083,0,0.00074776646
Warm B,22531,163,162,3440,2083,0,0.002350138
Warm B,19418,148,147,3440,2083,1,-0.00071142707
Warm B,14504,117,116,3440,2083,0,0.0014108331
Warm B,13032,101,100,3440,2083,1,-0.00033897156
Warm B,12312,93,92,3440,2083,0,0.0030658008
Warm B,27175,192,191,3440,2083,0,0.0057669086
Warm B,10250,73,72,3440,2083,0,0.00041467499
Warm B,1978,18,17,3440,2083,0,0.0054133725
Warm B,79248,531,530,3440,2083,0,-0.0029808823
Warm B,530226,3274,3273,3440,2083,1,-0.00027038867
Warm B,69027,462,461,3440,2083,0,0.0030164565
Warm B,42785,293,292,3440,2083,0,-0.0004055833
Warm B,255470,1556,1555,3440,2083,0,0.0112607125
Warm B,237744,1447,1446,3440,2083,0,0.007714312
Warm B,251834,1524,1523,3440,2083,0,-0.006863621
Warm B,290064,1733,1732,3440,2083,0,-0.0043478208
Warm B,264988,1611,1610,3440,2083,0,0.007913509
Warm B,599133,3648,3647,3440,2083,0,0.011626074
Warm B,689792,4126,4125,3440,2083,0,0.0053948513
Warm B,234842,1425,1424,3440,2083,0,-0.001350652
Warm B,468318,2887,2886,3440,2083,0,-0.005138791
Warm B,383623,2242,2241,3440,2083,0,0.002814922
Warm B,629244,3808,3807,3445,2086,0,0.01050836
Warm B,637910,3841,3840,3445,2086,1,0.01747679
Warm B,619464,3754,3753,3445,2086,0,0.014188671
Warm B,611666,3708,3707,3445,2086,0,0.013973927
Warm B,604078,3675,3674,3445,2086,0,0.016890077
Warm B,601879,3660,3659,3445,2086,0,0.013080432
Warm B,601400,3656,3655,3445,2086,1,0.009128379
Warm B,597050,3627,3626,3445,2086,0,0.0068858676
Warm B,869770,5255,5254,3445,2086,1,0.008838078
Warm B,594554,3619,3618,3445,2086,1,0.0110598095
Warm B,593595,3618,3617,3445,2086,0,0.027888648
Warm B,590687,3603,3602,3445,2086,1,0.016259767
Warm B,576109,3521,3520,3445,2086,0,0.009806716
Warm B,634780,3829,3828,3445,2086,0,0.016467607
Warm B,696025,4169,4168,3445,2086,0,0.023151837
Warm B,562050,3458,3457,3445,2086,0,0.008329598
Warm B,552197,3401,3400,3445,2086,0,0.020352751
Warm B,576987,3526,3525,3445,2086,0,0.013655355
Warm B,645168,3885,3884,3445,2086,1,0.017711332
Warm B,543407,3346,3345,3445,2086,0,0.0087192925
Warm B,540964,3328,3327,3445,2086,1,0.010200435
Warm B,532691,3290,3289,3445,2086,0,0.010722164
Warm B,530644,3279,3278,3445,2086,0,0.0014796616
Warm B,522367,3224,3223,3445,2086,1,0.009635174
Warm B,518667,3201,3200,3445,2086,0,0.006679929
Warm B,628564,3807,3806,3445,2086,0,0.0096868295
Warm B,718490,4305,4304,3445,2086,1,0.013144521
Warm B,529554,3272,3271,3445,2086,0,0.022007797
Warm B,463152,2857,2856,3445,2086,0,0.017379886
Warm B,453598,2793,2792,3445,2086,1,0.01716033
Warm B,436267,2665,2664,3445,2086,0,0.02600585
Warm B,430272,2622,2621,3445,2086,1,2.2546155e-05
Warm B,428771,2609,2608,3445,2086,1,0.008148181
Warm B,425634,2583,2582,3445,2086,1,0.010015343
Warm B,414493,2496,2495,3445,2086,0,0.009901864
Warm B,464084,2860,2859,3445,2086,1,0.016653297
Warm B,388890,2279,2278,3445,2086,1,0.0073425053
Warm B,385563,2254,2253,3445,2086,0,0.008002115
Warm B,381581,2231,2230,3445,2086,0,0.011731451
Warm B,353678,2072,2071,3445,2086,1,0.01308146
Warm B,352627,2064,2063,3445,2086,0,0.0126684755
Warm B,335672,1980,1979,3445,2086,0,0.022582887
Warm B,317296,1887,1886,3445,2086,0,0.008076104
Warm B,304499,1810,1809,3445,2086,1,0.0045807688
Warm B,260355,1592,1591,3445,2086,0,0.010645073
Warm B,250781,1513,1512,3445,2086,1,0.011636477
Warm B,246239,1489,1488,3445,2086,0,0.015809875
Warm B,242691,1465,1464,3445,2086,1,0.021317137
Warm B,218258,1323,1322,3445,2086,0,0.009028585
Warm B,220305,1335,1334,3445,2086,0,0.02026184
Warm B,270805,1639,1638,3445,2086,0,0.01528199
Warm B,278896,1680,1679,3445,2086,0,0.018769309
Warm B,327830,1941,1940,3445,2086,1,0.019515753
Warm B,177488,1119,1118,3445,2086,1,0.015994992
Warm B,165171,1053,1052,3445,2086,0,0.01245863
Warm B,334503,1974,1973,3445,2086,0,0.020229861
Warm B,190657,1181,1180,3445,2086,0,0.022326743
Warm B,157966,1015,1014,3445,2086,0,0.019120276
Warm B,151533,975,974,3445,2086,0,0.008129393
Warm B,138010,889,888,3445,2086,0,0.01623975
Warm B,131067,850,849,3445,2086,0,0.008288521
Warm B,315067,1880,1879,3445,2086,0,0.019621179
Warm B,115316,749,748,3445,2086,0,0.011463193
Warm B,324355,1922,1921,3445,2086,0,0.023815386
Warm B,425245,2581,2580,3445,2086,0,0.010166234
Warm B,203468,1248,1247,3445,2086,0,0.009183968
Warm B,316690,1884,1883,3445,2086,1,0.012370726
Warm B,222031,1343,1342,3445,2086,1,0.012714525
Warm B,77334,524,523,3445,2086,0,0.03143363
Warm B,86543,566,565,3445,2086,0,0.016520035
Warm B,76628,520,519,3445,2086,1,0.027706852
Warm B,210746,1285,1284,3445,2086,1,0.024637518
Warm B,47488,319,318,3445,2086,0,0.021270204
Warm B,61808,415,414,3445,2086,0,0.014645154
Warm B,481707,2962,2961,3445,2086,0,0.013340364
Warm B,457780,2820,2819,3445,2086,1,0.019775165
Warm B,744771,4448,4447,3445,2086,0,0.030814338
Warm B,993827,6002,6001,3445,2086,0,0.015193236
Warm B,62733,424,423,3445,2086,0,0.015475191
Warm B,46842,314,313,3447,2087,1,0.006108502
Warm B,32075,216,215,3447,2087,1,0.015053678
Warm B,141901,914,913,3447,2087,1,0.0028068766
Warm B,591841,3610,3609,3447,2087,0,0.0068746684
Warm B,293662,1748,1747,3447,2087,0,0.012494653
Warm B,868,10,9,3447,2087,1,0.010334169
Warm B,191799,1182,1181,3447,2087,0,0.007090987
Warm B,846968,5090,5089,3447,2087,1,0.0077297664
Warm B,370928,2168,2167,3447,2087,0,0.01957262
Warm B,322208,1912,1911,3447,2087,0,0.019385867
Warm B,841051,5054,5053,3447,2087,0,0.013513658
Warm B,171435,1088,1087,3447,2087,0,0.00854564
Warm B,40904,274,273,3453,2092,0,-0.0035495907
Warm B,27704,194,193,3453,2092,1,-5.9442827e-05
Warm B,23343,167,166,3453,2092,0,-0.0022305467
Warm B,314340,1877,1876,3453,2092,0,-0.0016239686
Warm B,79260,531,530,3453,2092,0,0.015208662
Warm B,684982,4094,4093,3453,2092,1,0.005313692
Warm B,12840,99,98,3453,2092,0,0.010915019
Warm B,399785,2380,2379,3453,2092,0,0.008813662
Warm B,365462,2127,2126,3453,2092,0,0.0037645577
Warm B,12019,92,91,3453,2092,0,0.010911589
Warm B,882875,5333,5332,3453,2092,0,0.014785888
Warm B,405306,2427,2426,3453,2092,0,0.0073356237
Warm B,110690,721,720,3453,2092,1,-0.0033254
Warm B,599143,3648,3647,3453,2092,0,-0.009757014
Warm B,456396,2810,2809,3453,2092,0,0.020256989
Warm B,335686,1980,1979,3453,2092,0,0.017569344
Warm B,351595,2063,2062,3453,2092,1,0.0122115845
Warm B,719973,4312,4311,3453,2092,0,0.009901798
Warm B,474457,2911,2910,3453,2092,0,0.007568055
Warm B,434907,2655,2654,3453,2092,0,0.0099044815
Warm B,171449,1088,1087,3453,2092,0,0.0015768694
Warm B,312824,1865,1864,3453,2092,0,0.010140721
Warm B,699614,4186,4185,3453,2092,0,0.003721936
Warm B,336667,1982,1981,3453,2092,0,0.012185656
Warm B,583319,3562,3561,3453,2092,0,0.002026892
Warm B,941345,5682,5681,3453,2092,0,0.008023895
Warm B,82934,549,548,3453,2092,0,0.009189448
Warm B,877393,5302,5301,3453,2092,0,0.0081858765
Warm B,33958,229,228,3453,2092,1,0.0046523176
Warm B,322218,1912,1911,3456,2093,1,0.006524495
Warm B,378571,2210,2209,3456,2093,1,0.0068739206
Warm B,208676,1274,1273,3456,2093,1,0.0068110847
Warm B,28198,195,194,3456,2093,1,0.01342359
Warm B,795998,4771,4770,3456,2093,0,0.008892728
Warm B,252758,1531,1530,3457,2094,0,-0.0024683326
Warm B,250179,1507,1506,3457,2094,1,0.0068400055
Warm B,631458,3821,3820,3457,2094,0,0.007262256
Warm B,245191,1480,1479,3457,2094,0,-0.007069764
Warm B,227485,1379,1378,3457,2094,0,0.006047519
Warm B,337421,1984,1983,3457,2094,0,0.0018748231
Warm B,225214,1362,1361,3457,2094,1,0.0023322857
Warm B,222350,1345,1344,3457,2094,0,0.0028250716
Warm B,212829,1297,1296,3457,2094,1,-0.003709236
Warm B,212241,1292,1291,3457,2094,0,-0.0003927413
Warm B,220307,1335,1334,3457,2094,0,0.0077361222
Warm B,203416,1247,1246,3457,2094,0,0.0021796697
Warm B,250342,1509,1508,3457,2094,0,-0.0029197
Warm B,200199,1229,1228,3457,2094,0,-0.0020668525
Warm B,216911,1317,1316,3457,2094,0,0.0021774275
Warm B,278917,1680,1679,3457,2094,1,-0.00031993538
Warm B,189806,1177,1176,3457,2094,0,0.0010383525
Warm B,189301,1173,1172,3457,2094,0,0.010988387
Warm B,166383,1059,1058,3457,2094,0,0.0032769816
Warm B,190674,1181,1180,3457,2094,0,-0.0067431396
Warm B,362865,2116,2115,3457,2094,0,0.006485544
Warm B,157979,1015,1014,3457,2094,0,0.003363512
Warm B,150501,970,969,3457,2094,0,0.0063757277
Warm B,150032,966,965,3457,2094,0,0.0003070942
Warm B,246243,1489,1488,3457,2094,0,0.009869223
Warm B,148695,957,956,3457,2094,1,0.006306337
Warm B,194554,1201,1200,3457,2094,1,0.004288102
Warm B,812279,4875,4874,3457,2094,0,0.0035867088
Warm B,138028,889,888,3457,2094,0,0.006875176
Warm B,315072,1880,1879,3457,2094,0,0.0052456567
Warm B,128925,838,837,3457,2094,1,-0.007221937
Warm B,128280,830,829,3457,2094,1,0.0063486677
Warm B,126008,812,811,3457,2094,0,0.004248488
Warm B,125738,809,808,3457,2094,0,-0.00013156375
Warm B,132355,855,854,3457,2094,0,-0.0038781208
Warm B,187563,1164,1163,3457,2094,1,0.0007711961
Warm B,113554,736,735,3457,2094,0,-0.0011813566
Warm B,104818,695,694,3457,2094,0,0.0041082012
Warm B,270808,1639,1638,3457,2094,1,0.0021066715
Warm B,805646,4823,4822,3457,2094,0,0.0026534637
Warm B,228131,1383,1382,3457,2094,0,-0.0030445987
Warm B,86053,563,562,3457,2094,1,0.0024426505
Warm B,681939,4084,4083,3457,2094,1,0.010395728
Warm B,181919,1137,1136,3457,2094,1,0.0013986325
Warm B,49817,330,329,3457,2094,1,0.0027251742
Warm B,43379,298,297,3457,2094,0,-0.0020555004
Warm B,43950,301,300,3457,2094,1,0.0064434037
Warm B,332572,1962,1961,3457,2094,0,0.0049517867
Warm B,33517,225,224,3457,2094,1,0.0030418104
Warm B,32633,220,219,3457,2094,0,0.002895346
Warm B,29886,202,201,3457,2094,0,-0.00052754604
Warm B,365176,2125,2124,3457,2094,1,0.0047347406
Warm B,270627,1638,1637,3457,2094,1,0.005958044
Warm B,314343,1877,1876,3457,2094,0,0.0035772687
Warm B,554758,3412,3411,3457,2094,0,0.002680742
Warm B,1770,17,16,3457,2094,0,0.0063553164
Warm B,203649,1252,1251,3457,2094,1,0.006499863
Warm B,882876,5333,5332,3457,2094,1,-0.00079092896
Warm B,637531,3840,3839,3457,2094,0,0.002581586
Warm B,44546,302,301,3457,2094,0,0.0019983603
Warm B,712868,4277,4276,3457,2094,1,0.0017193777
Warm B,873917,5277,5276,3457,2094,0,0.0050952793
Warm B,733358,4386,4385,3457,2094,1,0.0035730237
Warm B,750374,4478,4477,3457,2094,0,0.005740907
Warm B,777703,4647,4646,3457,2094,0,-0.0029199324
Warm B,204490,1260,1259,3457,2094,0,-0.0025856844
Warm B,164406,1051,1050,3457,2094,0,0.0039363555
Warm B,500445,3074,3073,3457,2094,1,-0.0016599196
Warm B,405308,2427,2426,3457,2094,1,0.003748177
Warm B,760120,4517,4516,3457,2094,1,0.0034328823
Warm B,27206,192,191,3457,2094,1,0.004569785
Warm B,116039,752,751,3457,2094,1,0.0067936596
Warm B,50188,331,330,3457,2094,0,0.002478202
Warm B,960249,5792,5791,3457,2094,0,0.0014247947
Warm B,475439,2918,2917,3457,2094,1,0.0022661192
Warm B,171451,1088,1087,3457,2094,1,0.0084376875
Warm B,312825,1865,1864,3457,2094,1,0.006653224
Warm B,79261,531,530,3457,2094,0,-0.002432738
Warm B,699615,4186,4185,3457,2094,0,0.011262793
Warm B,202998,1246,1245,3457,2094,0,-0.002904994
Warm B,62749,424,423,3457,2094,1,0.0005345375
Warm B,102099,678,677,3459,2095,1,0.014712805
Warm B,241079,1451,1450,3459,2095,0,0.008926103
Warm B,184325,1147,1146,3470,2102,1,0.0039540967
Warm B,308510,1837,1836,3470,2102,0,0.022281216
Warm B,173199,1098,1097,3470,2102,1,0.010421399
Warm B,151540,975,974,3470,2102,1,0.013114488
Warm B,199364,1224,1223,3470,2102,1,0.0087902425
Warm B,140426,900,899,3470,2102,1,0.002634412
Warm B,436304,2665,2664,3470,2102,0,0.018399248
Warm B,138064,889,888,3470,2102,1,0.013243895
Warm B,318913,1896,1895,3470,2102,0,0.012410153
Warm B,134861,872,871,3470,2102,1,0.009437445
Warm B,130485,846,845,3470,2102,1,0.0054405504
Warm B,105082,696,695,3470,2102,1,0.0039446736
Warm B,233363,1420,1419,3470,2102,1,0.016510926
Warm B,84023,550,549,3470,2102,1,0.016517336
Warm B,75324,511,510,3470,2102,1,0.009867446
Warm B,66348,444,443,3470,2102,1,0.010879625
Warm B,67731,454,453,3470,2102,1,0.004691309
Warm B,54811,358,357,3470,2102,1,0.0056174677
Warm B,48857,327,326,3470,2102,1,0.007275196
Warm B,30840,205,204,3470,2102,1,0.0060805744
Warm B,21164,155,154,3470,2102,1,0.0008035926
Warm B,573474,3512,3511,3470,2102,1,0.01628761
Warm B,460611,2841,2840,3470,2102,1,0.012305117
Warm B,100538,671,670,3470,2102,1,0.012358617
Warm B,24406,173,172,3470,2102,1,0.0040862877
Warm B,522395,3224,3223,3470,2102,1,0.005655426
Warm B,923895,5580,5579,3470,2102,1,0.00676068
Warm B,319246,1897,1896,3470,2102,0,0.017681036
Warm B,197282,1211,1210,3470,2102,1,0.013428807
Warm B,175988,1113,1112,3470,2102,1,0.009413716
Warm B,895389,5412,5411,3470,2102,1,0.0041409396
Warm B,223036,1352,1351,3470,2102,1,0.008566917
Warm B,696084,4169,4168,3475,2104,1,0.013100111
Warm B,462531,2854,2853,3475,2104,1,0.005604087
Warm B,457800,2820,2819,3475,2104,1,0.0063946317
Warm B,454887,2798,2797,3475,2104,1,0.01497073
Warm B,420904,2544,2543,3475,2104,1,0.012353368
Warm B,419168,2531,2530,3475,2104,1,0.0024848194
Warm B,417255,2512,2511,3475,2104,1,0.012128709
Warm B,416054,2506,2505,3475,2104,1,-0.002426722
Warm B,416491,2507,2506,3475,2104,0,0.006210444
Warm B,464095,2860,2859,3475,2104,1,0.005209903
Warm B,389931,2288,2287,3475,2104,0,0.008745241
Warm B,384065,2244,2243,3475,2104,1,0.0077529075
Warm B,364680,2124,2123,3475,2104,1,0.012727437
Warm B,364126,2121,2120,3475,2104,0,0.0028184855
Warm B,354017,2073,2072,3475,2104,1,0.013882822
Warm B,347321,2038,2037,3475,2104,1,0.006277703
Warm B,335715,1980,1979,3475,2104,1,0.017612502
Warm B,323118,1916,1915,3475,2104,1,0.0043962863
Warm B,316713,1884,1883,3475,2104,1,0.0021398852
Warm B,286465,1711,1710,3475,2104,0,0.00019979174
Warm B,292231,1741,1740,3475,2104,1,0.01128012
Warm B,268916,1632,1631,3475,2104,0,0.006453372
Warm B,346138,2030,2029,3475,2104,1,0.0075321514
Warm B,242715,1465,1464,3475,2104,1,0.011753822
Warm B,217965,1322,1321,3475,2104,1,0.008973809
Warm B,211763,1288,1287,3475,2104,0,0.0030608112
Warm B,192978,1191,1190,3475,2104,1,0.0043435977
Warm B,338052,1988,1987,3475,2104,1,0.011751765
Warm B,189882,1178,1177,3475,2104,1,0.00010944414
Warm B,218260,1323,1322,3475,2104,0,0.009541756
Warm B,188558,1170,1169,3475,2104,1,0.007804309
Warm B,184326,1147,1146,3475,2104,1,0.0015961286
Warm B,316205,1883,1882,3475,2104,0,0.0052238856
Warm B,182735,1140,1139,3475,2104,0,0.010312369
Warm B,180982,1131,1130,3475,2104,1,-0.005320836
Warm B,169092,1073,1072,3475,2104,1,0.00095790485
Warm B,327892,1941,1940,3475,2104,1,0.011144605
Warm B,159967,1019,1018,3475,2104,0,0.010503372
Warm B,158005,1015,1014,3475,2104,1,0.0061741383
Warm B,146896,948,947,3475,2104,0,-0.0013214864
Warm B,185111,1150,1149,3475,2104,0,0.013645403
Warm B,142933,922,921,3475,2104,1,0.005335874
Warm B,140210,899,898,3475,2104,1,0.0064905807
Warm B,138074,889,888,3475,2104,1,0.007989802
Warm B,318914,1896,1895,3475,2104,1,0.010905553
Warm B,131083,850,849,3475,2104,1,0.0103617385
Warm B,322235,1912,1911,3475,2104,1,0.00991169
Warm B,118679,767,766,3475,2104,1,-0.006136584
Warm B,117822,759,758,3475,2104,0,0.011448644
Warm B,187574,1164,1163,3475,2104,1,0.0005973672
Warm B,239895,1449,1448,3475,2104,1,0.009875366
Warm B,115667,750,749,3475,2104,1,-0.0025284467
Warm B,69466,466,465,3475,2104,1,0.0079437625
Warm B,71919,482,481,3475,2104,0,0.01789758
Warm B,58543,396,395,3475,2104,0,0.011136443
Warm B,48863,327,326,3475,2104,1,0.005344139
Warm B,67003,451,450,3475,2104,1,0.0050074114
Warm B,46866,314,313,3475,2104,0,0.00013074954
Warm B,42539,291,290,3475,2104,0,0.008703676
Warm B,23745,169,168,3475,2104,1,0.009808231
Warm B,462008,2849,2848,3475,2104,1,0.01413123
Warm B,89204,588,587,3475,2104,0,0.011439143
Warm B,408122,2453,2452,3475,2104,1,0.0031064856
Warm B,192685,1186,1185,3475,2104,1,0.005799901
Warm B,284801,1699,1698,3475,2104,1,0.01254101
Warm B,128153,829,828,3475,2104,1,0.007980345
Warm B,922813,5573,5572,3475,2104,0,0.013822898
Warm B,607663,3688,3687,3475,2104,1,0.006407139
Warm B,171473,1088,1087,3475,2104,1,-0.0045549483
Warm B,24409,173,172,3475,2104,1,0.005771434
Warm B,339138,1998,1997,3475,2104,1,0.012143189
Warm B,208689,1274,1273,3475,2104,1,0.003987409
Warm B,491173,3020,3019,3475,2104,1,0.0024333985
Warm B,62772,424,423,3475,2104,1,0.012553644
Warm B,569110,3491,3490,3480,2109,1,-0.0025209368
Warm B,593651,3618,3617,3480,2109,0,-0.008420302
Warm B,573485,3512,3511,3480,2109,0,-0.005113759
Warm B,549973,3391,3390,3480,2109,1,-0.007311116
Warm B,645198,3885,3884,3480,2109,0,0.00073902146
Warm B,544659,3358,3357,3480,2109,1,-0.00471522
Warm B,539827,3320,3319,3480,2109,0,0.0033172532
Warm B,526712,3259,3258,3480,2109,1,0.0001135855
Warm B,575247,3519,3518,3480,2109,0,0.0030921698
Warm B,522410,3224,3223,3480,2109,1,-3.3389195e-05
Warm B,816047,4899,4898,3480,2109,1,0.0012074269
Warm B,528902,3270,3269,3480,2109,0,0.0060832785
Warm B,493991,3032,3031,3480,2109,1,-0.00047577452
Warm B,493325,3031,3030,3480,2109,1,0.0069273147
Warm B,738111,4411,4410,3480,2109,1,-0.0037514537
Warm B,490670,3018,3017,3480,2109,0,0.0012810226
Warm B,457310,2818,2817,3480,2109,1,0.005117161
Warm B,450746,2777,2776,3480,2109,1,0.000830404
Warm B,564310,3471,3470,3480,2109,0,-0.009521306
Warm B,436314,2665,2664,3480,2109,1,-0.0040712114
Warm B,433137,2641,2640,3480,2109,1,-0.0032968447
Warm B,403983,2414,2413,3480,2109,1,-0.0004558022
Warm B,400340,2383,2382,3480,2109,1,0.0062230043
Warm B,382268,2233,2232,3480,2109,0,0.00024187705
Warm B,369854,2164,2163,3480,2109,1,-0.0026214207
Warm B,364684,2124,2123,3480,2109,1,-0.0011841
Warm B,360001,2105,2104,3480,2109,0,0.0006727469
Warm B,330275,1949,1948,3480,2109,0,-0.0032709409
Warm B,307983,1836,1835,3480,2109,1,-0.0052376725
Warm B,290905,1736,1735,3480,2109,1,-0.00085226947
Warm B,292867,1744,1743,3480,2109,0,0.00018953509
Warm B,280451,1683,1682,3480,2109,1,0.0050092964
Warm B,278972,1680,1679,3480,2109,1,0.0008574438
Warm B,268923,1632,1631,3480,2109,0,0.0044262162
Warm B,259399,1587,1586,3480,2109,0,-0.0008441296
Warm B,251849,1524,1523,3480,2109,1,0.0023346415
Warm B,244410,1472,1471,3480,2109,0,0.0014755554
Warm B,251422,1519,1518,3480,2109,1,0.0024071992
Warm B,296402,1758,1757,3480,2109,1,-0.010824606
Warm B,205721,1264,1263,3480,2109,0,0.00077059655
Warm B,213382,1298,1297,3480,2109,1,-0.002423096
Warm B,196961,1209,1208,3480,2109,1,-0.011384618
Warm B,179060,1124,1123,3480,2109,1,-0.0002015254
Warm B,167782,1068,1067,3480,2109,0,-0.0031852704
Warm B,214758,1303,1302,3480,2109,0,-0.000678194
Warm B,164433,1051,1050,3480,2109,1,-0.0007262423
Warm B,142708,921,920,3480,2109,0,-0.0034739715
Warm B,331493,1958,1957,3480,2109,1,0.0025043376
Warm B,126192,815,814,3480,2109,0,-0.0007635793
Warm B,124462,801,800,3480,2109,0,-0.013301421
Warm B,116075,752,751,3480,2109,0,0.0019207944
Warm B,111848,728,727,3480,2109,1,-0.0010134457
Warm B,272114,1645,1644,3480,2109,1,0.0013474659
Warm B,263184,1605,1604,3480,2109,1,-0.0063961847
Warm B,101331,676,675,3480,2109,1,0.01084687
Warm B,98406,659,658,3480,2109,1,-0.00074475864
Warm B,94157,631,630,3480,2109,1,0.0035223286
Warm B,360656,2106,2105,3480,2109,0,-0.004902112
Warm B,238782,1448,1447,3480,2109,0,-0.0073190522
Warm B,77374,524,523,3480,2109,1,-0.005978401
Warm B,308526,1837,1836,3480,2109,1,0.0067395526
Warm B,239909,1449,1448,3480,2109,0,-0.017551765
Warm B,53874,352,351,3480,2109,1,-0.004318284
Warm B,49825,330,329,3480,2109,1,0.004796872
Warm B,132377,855,854,3480,2109,1,-0.0041592713
Warm B,317627,1889,1888,3480,2109,1,0.004258452
Warm B,41015,275,274,3480,2109,1,-0.0012070937
Warm B,537838,3312,3311,3480,2109,0,-0.00068123033
Warm B,54556,355,354,3480,2109,1,-0.0042414595
Warm B,33555,225,224,3480,2109,1,0.00518868
Warm B,26156,186,185,3480,2109,0,0.0063952445
Warm B,25358,179,178,3480,2109,0,-0.0016815572
Warm B,23766,169,168,3480,2109,1,-0.0065909843
Warm B,23166,166,165,3480,2109,0,-0.007773877
Warm B,14570,117,116,3480,2109,0,-0.003917589
Warm B,65993,442,441,3480,2109,1,0.0018191182
Warm B,18758,146,145,3480,2109,1,-0.00059648184
Warm B,432631,2638,2637,3480,2109,1,0.00064766826
Warm B,60801,411,410,3480,2109,0,0.0029348587
Warm B,327904,1941,1940,3480,2109,0,0.0024051552
Warm B,963971,5812,5811,3480,2109,0,-0.0031883446
Warm B,5155,36,35,3480,2109,1,-0.005946857
Warm B,79288,531,530,3480,2109,0,-0.0024925605
Warm B,335730,1980,1979,3480,2109,1,-0.006023214
Warm B,343593,2018,2017,3480,2109,1,0.0003537999
Warm B,204508,1260,1259,3480,2109,1,-0.003810211
Warm B,111625,727,726,3480,2109,0,0.00598809
Warm B,322245,1912,1911,3480,2109,0,0.00072884606
Warm B,62785,424,423,3480,2109,1,-0.0029990384
Warm B,241104,1451,1450,3480,2109,1,-0.0010544409
Warm B,193566,1194,1193,3480,2109,0,0.003819115
Warm B,709725,4258,4257,3480,2109,1,0.0053282934
Warm B,562505,3462,3461,3480,2109,0,0.0103290845
Warm B,974270,5878,5877,3480,2109,1,0.0001422331
Warm B,234882,1425,1424,3480,2109,1,0.0003290933
Warm B,529088,3271,3270,3483,2111,1,0.00052777096
Warm B,525461,3245,3244,3483,2111,0,0.0022170446
Warm B,519449,3205,3204,3483,2111,0,0.012862784
Warm B,511302,3154,3153,3483,2111,1,0.009142469
Warm B,506630,3118,3117,3483,2111,0,0.011792211
Warm B,504395,3101,3100,3483,2111,0,0.012125682
Warm B,502858,3087,3086,3483,2111,1,0.016337752
Warm B,478758,2938,2937,3483,2111,0,0.0053090733
Warm B,457160,2817,2816,3483,2111,1,0.009485688
Warm B,444953,2744,2743,3483,2111,0,0.0070117144
Warm B,444599,2743,2742,3483,2111,0,-0.0017278637
Warm B,372807,2177,2176,3483,2111,0,0.015718322
Warm B,365185,2125,2124,3483,2111,1,0.01527546
Warm B,345785,2029,2028,3483,2111,0,0.0057689473
Warm B,331109,1956,1955,3483,2111,0,0.0074030682
Warm B,237155,1442,1441,3483,2111,0,0.005357893
Warm B,224850,1359,1358,3483,2111,0,0.0046688537
Warm B,284040,1698,1697,3483,2111,1,0.007567825
Warm B,222732,1348,1347,3483,2111,1,-0.0011972054
Warm B,188740,1171,1170,3483,2111,1,-0.004900885
Warm B,201122,1241,1240,3483,2111,1,0.011587512
Warm B,326543,1935,1934,3483,2111,0,0.00023527723
Warm B,175437,1112,1111,3483,2111,0,0.009175576
Warm B,165756,1057,1056,3483,2111,0,0.011238726
Warm B,162241,1034,1033,3483,2111,1,0.00580158
Warm B,150516,970,969,3483,2111,1,0.013528
Warm B,148706,957,956,3483,2111,0,0.0070284745
Warm B,146081,939,938,3483,2111,0,-8.029863e-05
Warm B,143510,926,925,3483,2111,1,0.0042665163
Warm B,379895,2222,2221,3483,2111,0,0.008437886
Warm B,973748,5874,5873,3483,2111,0,0.009586939
Warm B,134161,869,868,3483,2111,1,0.006456715
Warm B,228761,1386,1385,3483,2111,0,0.0055084354
Warm B,121072,780,779,3483,2111,0,0.013428382
Warm B,179521,1125,1124,3483,2111,0,0.006643639
Warm B,93764,629,628,3483,2111,1,0.0023276533
Warm B,85134,555,554,3483,2111,0,0.0015436606
Warm B,84037,550,549,3483,2111,1,0.014142772
Warm B,72755,490,489,3483,2111,0,-0.0025343187
Warm B,102126,678,677,3483,2111,0,0.01576269
Warm B,23771,169,168,3483,2111,1,0.0020965384
Warm B,362910,2116,2115,3483,2111,0,0.007268141
Warm B,314351,1877,1876,3483,2111,0,-0.002750115
Warm B,15050,119,118,3483,2111,0,0.004001028
Warm B,10872,79,78,3483,2111,0,0.011416084
Warm B,10531,75,74,3483,2111,1,0.0049215825
Warm B,7242,50,49,3483,2111,0,0.0035017952
Warm B,6912,48,47,3483,2111,0,0.008644108
Warm B,540511,3326,3325,3483,2111,1,0.004287583
Warm B,142166,918,917,3483,2111,0,0.003592213
Warm B,353446,2071,2070,3483,2111,0,-0.0023278645
Warm B,171485,1088,1087,3483,2111,0,-0.00399903
Warm B,285243,1701,1700,3483,2111,0,0.010451331
Warm B,239913,1449,1448,3483,2111,0,0.0125126
Warm B,194011,1195,1194,3483,2111,0,0.007904274
Warm B,143644,927,926,3483,2111,0,0.011907995
Warm B,584981,3571,3570,3483,2111,1,-0.0021244492
Warm B,18760,146,145,3483,2111,1,0.0055742944
Warm B,176843,1117,1116,3483,2111,1,0.010916508
Warm B,341138,2011,2010,3483,2111,1,0.006483769
Warm B,119141,770,769,3483,2111,0,0.005529088
Warm B,846597,5087,5086,3483,2111,0,0.0054935394
Warm B,512096,3159,3158,3483,2111,0,0.010603288
Warm B,223458,1354,1353,3483,2111,1,0.007602453
Warm B,339142,1998,1997,3483,2111,1,0.006140681
Warm B,183520,1142,1141,3483,2111,0,0.0071323966
Warm B,386031,2258,2257,3483,2111,0,0.00622948
Warm B,934721,5643,5642,3483,2111,1,0.012252651
Warm B,109758,716,715,3483,2111,1,0.009418851
Warm B,521728,3219,3218,3483,2111,0,0.008003337
Warm B,365708,2129,2128,3483,2111,0,-0.00039388821
Warm B,707781,4241,4240,3483,2111,1,0.006660693
Warm B,882084,5329,5328,3483,2111,1,0.010610569
Warm B,30570,204,203,3483,2111,1,0.010803318
Warm B,744805,4448,4447,3483,2111,1,0.016938835
Warm B,234005,1422,1421,3483,2111,0,0.010017089
Warm B,12066,92,91,3483,2111,1,0.0046001785
Warm B,567381,3483,3482,3483,2111,1,0.021919
Warm B,712914,4277,4276,3483,2111,0,0.013491575
Warm B,195353,1203,1202,3483,2111,0,0.0023136875
Warm B,28860,198,197,3483,2111,0,0.012343998
Warm B,917246,5543,5542,3483,2111,1,0.008751536
Warm B,360658,2106,2105,3483,2111,0,0.0073371995
Warm B,465122,2868,2867,3483,2111,0,0.0034224687
Warm B,429096,2611,2610,3483,2111,1,0.009617345
Warm B,511818,3158,3157,3483,2111,0,0.010359246
Warm B,79291,531,530,3483,2111,0,0.007292958
Warm B,110723,721,720,3483,2111,0,0.0051585482
Warm B,829938,4983,4982,3483,2111,1,0.012798546
Warm B,768672,4579,4578,3483,2111,0,0.0013556934
Warm B,484300,2980,2979,3483,2111,0,0.007223812
Warm B,351652,2063,2062,3483,2111,0,0.010664294
Warm B,730546,4371,4370,3483,2111,0,0.010355398
Warm B,418581,2529,2528,3483,2111,0,0.012394307
Warm B,187038,1160,1159,3483,2111,0,0.0005379764
Warm B,682336,4085,4084,3483,2111,1,0.0054841526
Warm B,206300,1265,1264,3483,2111,0,-0.0024047408
Warm B,136445,881,880,3483,2111,0,0.013071676
Warm B,427330,2594,2593,3483,2111,1,0.005828982
Warm B,561536,3454,3453,3483,2111,0,0.0010550875
Warm B,376350,2195,2194,3483,2111,0,0.0020150775
Warm B,926124,5598,5597,3483,2111,0,0.0030715978
Warm B,327907,1941,1940,3483,2111,0,0.016668422
Warm B,537841,3312,3311,3483,2111,0,0.007843029
Warm B,295603,1755,1754,3483,2111,0,0.0025388333
Warm B,895392,5412,5411,3483,2111,1,-0.0055365106
Warm B,381972,2232,2231,3483,2111,1,0.0040548854
Warm B,434274,2648,2647,3483,2111,0,0.0015666891
Warm B,113107,734,733,3487,2113,1,0.008496577
Warm B,95389,639,638,3487,2113,1,0.01631426
Warm B,68646,461,460,3487,2113,0,0.014334219
Warm B,56900,384,383,3487,2113,0,0.0003519517
Warm B,696107,4169,4168,3487,2113,0,0.02597999
Warm B,36583,245,244,3487,2113,1,0.017053876
Warm B,552238,3401,3400,3487,2113,1,0.01147995
Warm B,141454,911,910,3487,2113,1,0.022448553
Warm B,82992,549,548,3491,2115,1,0.01688081
Warm B,36609,245,244,3491,2115,0,0.00897048
Warm B,238795,1448,1447,3491,2115,1,0.0076324567
Warm B,14587,117,116,3491,2115,1,0.014113458
Warm B,102139,678,677,3491,2115,1,0.012227619
Warm B,933411,5636,5635,3491,2115,0,0.0044378275
Warm B,231624,1404,1403,3497,2117,0,0.009192573
Warm B,269860,1635,1634,3497,2117,0,0.014751617
Warm B,335756,1980,1979,3497,2117,0,0.015657065
Warm B,217975,1322,1321,3497,2117,0,0.0073051187
Warm B,220826,1339,1338,3497,2117,0,0.011109583
Warm B,360685,2106,2105,3497,2117,0,0.004442411
Warm B,205098,1262,1261,3497,2117,0,0.0044837813
Warm B,307988,1836,1835,3497,2117,1,0.008397464
Warm B,243861,1470,1469,3497,2117,0,0.013485111
Warm B,279018,1680,1679,3497,2117,1,0.007668745
Warm B,308539,1837,1836,3497,2117,1,0.01255337
Warm B,327940,1941,1940,3497,2117,0,0.011360855
Warm B,185144,1150,1149,3497,2117,0,0.01986242
Warm B,141164,910,909,3497,2117,1,0.011086478
Warm B,124832,802,801,3497,2117,1,0.017404819
Warm B,141459,911,910,3497,2117,1,0.022306383
Warm B,190757,1181,1180,3497,2117,0,0.007613183
Warm B,82997,549,548,3497,2117,1,0.020806558
Warm B,68654,461,460,3497,2117,0,0.012355069
Warm B,239935,1449,1448,3497,2117,0,0.020458166
Warm B,43670,300,299,3497,2117,1,0.016310787
Warm B,626688,3792,3791,3497,2117,0,0.010095626
Warm B,23797,169,168,3497,2117,1,0.016058443
Warm B,21631,157,156,3497,2117,0,0.018170435
Warm B,238800,1448,1447,3497,2117,0,0.017141573
Warm B,144107,929,928,3497,2117,0,0.014107099
Warm B,15703,123,122,3497,2117,1,0.015230434
Warm B,102143,678,677,3497,2117,0,0.012039959
Warm B,680598,4079,4078,3497,2117,0,0.007881168
Warm B,963983,5812,5811,3497,2117,0,0.009386699
Warm B,144860,934,933,3497,2117,0,0.013223814
Warm B,206312,1265,1264,3497,2117,0,0.009045051
Warm B,293695,1748,1747,3497,2117,0,0.001059285
Warm B,699634,4186,4185,3497,2117,0,0.010555536
Warm B,300292,1780,1779,3497,2117,0,0.009299287
Warm B,857817,5156,5155,3497,2117,1,0.009395601
Warm B,620498,3759,3758,3500,2120,0,0.0030470514
Warm B,670372,4028,4027,3500,2120,0,-0.0005602421
Warm B,614865,3724,3723,3500,2120,0,-0.0005577598
Warm B,611260,3705,3704,3500,2120,0,0.011723721
Warm B,604390,3675,3674,3500,2120,0,0.010743944
Warm B,637037,3836,3835,3500,2120,0,0.005291646
Warm B,725450,4344,4343,3500,2120,0,0.0024504338
Warm B,596744,3626,3625,3500,2120,1,0.010542585
Warm B,588561,3590,3589,3500,2120,1,0.011393578
Warm B,580596,3546,3545,3500,2120,0,0.0043476657
Warm B,644239,3882,3881,3500,2120,1,-0.0043012593
Warm B,594101,3618,3617,3500,2120,0,0.015988966
Warm B,560379,3444,3443,3500,2120,0,-0.0025921664
Warm B,557804,3425,3424,3500,2120,0,0.008551187
Warm B,556964,3422,3421,3500,2120,0,0.0068211854
Warm B,577361,3526,3525,3500,2120,0,-0.0058861407
Warm B,545778,3365,3364,3500,2120,0,0.014347873
Warm B,536149,3308,3307,3500,2120,0,0.008513121
Warm B,533485,3292,3291,3500,2120,0,0.0018422308
Warm B,531171,3280,3279,3500,2120,0,-0.0040519894
Warm B,525674,3246,3245,3500,2120,0,-0.004186848
Warm B,539998,3320,3319,3500,2120,0,0.01659507
Warm B,502218,3082,3081,3500,2120,0,0.00630399
Warm B,550377,3391,3390,3500,2120,1,0.0097887125
Warm B,493495,3031,3030,3500,2120,0,0.006778064
Warm B,600179,3650,3649,3500,2120,0,0.011053313
Warm B,485190,2986,2985,3500,2120,0,-0.0012789653
Warm B,870182,5256,5255,3500,2120,0,-0.002760223
Warm B,455898,2807,2806,3500,2120,0,0.0071643055
Warm B,451623,2780,2779,3500,2120,0,-0.0009134454
Warm B,451053,2777,2776,3500,2120,0,0.009690169
Warm B,446933,2753,2752,3500,2120,0,0.00454295
Warm B,443907,2737,2736,3500,2120,0,0.011615459
Warm B,442454,2724,2723,3500,2120,0,0.011047775
Warm B,406739,2443,2442,3500,2120,0,0.0005915307
Warm B,464260,2860,2859,3500,2120,0,0.006169818
Warm B,404646,2419,2418,3500,2120,0,0.012355447
Warm B,399181,2376,2375,3500,2120,0,0.006587982
Warm B,398299,2368,2367,3500,2120,0,0.004119886
Warm B,395942,2340,2339,3500,2120,0,-0.00144553
Warm B,392381,2304,2303,3500,2120,1,0.007939138
Warm B,436589,2665,2664,3500,2120,0,0.0062016277
Warm B,370011,2164,2163,3500,2120,0,0.0121852085
Warm B,349941,2054,2053,3500,2120,0,0.010003999
Warm B,345646,2027,2026,3500,2120,1,0.007870785
Warm B,345158,2024,2023,3500,2120,0,-0.0012247039
Warm B,343710,2018,2017,3500,2120,0,0.010790852
Warm B,345860,2029,2028,3500,2120,0,0.002315962
Warm B,275192,1666,1665,3500,2120,0,0.005350644
Warm B,282713,1694,1693,3500,2120,0,0.0069228048
Warm B,265931,1613,1612,3500,2120,0,0.002127041
Warm B,336153,1980,1979,3500,2120,0,0.018403761
Warm B,213011,1297,1296,3500,2120,0,0.0023911183
Warm B,279632,1680,1679,3500,2120,0,0.009523579
Warm B,213589,1298,1297,3500,2120,0,-0.004896762
Warm B,192424,1184,1183,3500,2120,0,0.002457582
Warm B,199564,1224,1223,3500,2120,1,6.880332e-05
Warm B,178265,1120,1119,3500,2120,1,0.014864916
Warm B,168582,1069,1068,3500,2120,0,-0.0038923614
Warm B,163951,1050,1049,3500,2120,0,0.00994595
Warm B,366237,2131,2130,3500,2120,0,0.00801479
Warm B,157072,1010,1009,3500,2120,0,0.013106402
Warm B,136765,881,880,3500,2120,0,0.008429278
Warm B,132018,854,853,3500,2120,0,0.011909047
Warm B,248931,1501,1500,3500,2120,0,0.00901382
Warm B,352119,2063,2062,3500,2120,0,-0.0027415939
Warm B,160252,1019,1018,3500,2120,0,0.0061165434
Warm B,121571,781,780,3500,2120,0,0.012187475
Warm B,111903,728,727,3500,2120,1,-0.010939037
Warm B,112603,731,730,3500,2120,1,-0.0005215015
Warm B,106212,699,698,3500,2120,0,-0.012140229
Warm B,100249,669,668,3500,2120,0,-0.002897269
Warm B,127343,822,821,3500,2120,0,0.010951713
Warm B,88890,587,586,3500,2120,0,-0.00032923953
Warm B,86749,566,565,3500,2120,1,0.0037555387
Warm B,191211,1181,1180,3500,2120,0,-0.001432071
Warm B,83353,549,548,3500,2120,0,0.010881352
Warm B,234254,1422,1421,3500,2120,0,-0.00251187
Warm B,239147,1448,1447,3500,2120,0,0.006973491
Warm B,406161,2436,2435,3500,2120,1,0.0041796677
Warm B,84364,550,549,3500,2120,0,0.008865487
Warm B,72209,482,481,3500,2120,0,0.0034211676
Warm B,71581,481,480,3500,2120,0,-0.0038720812
Warm B,626944,3792,3791,3500,2120,0,0.009621156
Warm B,54995,362,361,3500,2120,1,0.011561269
Warm B,228416,1383,1382,3500,2120,0,0.007261266
Warm B,53721,352,351,3500,2120,1,0.0067364112
Warm B,288636,1724,1723,3500,2120,1,0.00450921
Warm B,46969,315,314,3500,2120,0,0.005882974
Warm B,44991,303,302,3500,2120,0,0.0063206954
Warm B,61279,412,411,3500,2120,1,0.005031459
Warm B,696538,4169,4168,3500,2120,0,0.009625021
Warm B,31364,212,211,3500,2120,1,0.0011017127
Warm B,29814,202,201,3500,2120,0,0.0007940042
Warm B,29185,199,198,3500,2120,1,0.0016029959
Warm B,26411,187,186,3500,2120,1,-0.00017596595
Warm B,537340,3311,3310,3500,2120,0,0.0041857185
Warm B,21152,155,154,3500,2120,1,0.001263483
Warm B,133663,864,863,3500,2120,0,-0.0039181304
Warm B,7698,53,52,3500,2120,0,-0.0036586397
Warm B,30494,204,203,3500,2120,0,-0.002526641
Warm B,3385,26,25,3500,2120,0,0.002322088
Warm B,818,10,9,3500,2120,1,0.0026292705
Warm B,568,8,7,3500,2120,0,0.0055180322
Warm B,223677,1354,1353,3500,2120,0,-0.0014029631
Warm B,207015,1266,1265,3500,2120,0,0.0067052403
Warm B,158446,1015,1014,3500,2120,0,0.012348232
Warm B,285670,1702,1701,3500,2120,1,-0.0022666801
Warm B,879085,5312,5311,3500,2120,1,0.01230327
Warm B,476428,2926,2925,3500,2120,0,0.008450463
Warm B,215629,1306,1305,3500,2120,1,0.009077051
Warm B,63171,424,423,3500,2120,1,0.009306142
Warm B,355055,2077,2076,3500,2120,0,-0.005336366
Warm B,713228,4277,4276,3500,2120,0,0.014487113
Warm B,519247,3203,3202,3500,2120,1,0.0063394005
Warm B,141606,911,910,3500,2120,0,0.00493919
Warm B,860132,5172,5171,3500,2120,0,0.0045605297
Warm B,132582,855,854,3502,2122,0,0.0032642363
Warm B,47453,319,318,3502,2122,1,0.005609003
Warm B,360967,2106,2105,3502,2122,0,0.013842868
Warm B,39359,267,266,3502,2122,1,0.007821203
Warm B,39546,268,267,3502,2122,1,0.0024192757
Warm B,55602,368,367,3502,2122,1,0.0057687787
Warm B,30244,203,202,3502,2122,0,0.0039505754
Warm B,19387,148,147,3502,2122,0,0.0009291214
Warm B,30495,204,203,3502,2122,1,0.007169526
Warm B,3389,26,25,3502,2122,1,0.0060800603
Warm B,696540,4169,4168,3502,2122,1,0.013153151
Warm B,207016,1266,1265,3502,2122,1,0.013713795
Warm B,355056,2077,2076,3502,2122,1,0.007684006
Warm B,893030,5394,5393,3502,2122,1,0.0069198636
Warm B,182116,1137,1136,3502,2122,0,0.009320174
Warm B,187733,1164,1163,3502,2122,0,0.0071436325
Warm B,489710,3013,3012,3502,2122,0,0.0017345625
Warm B,145018,934,933,3502,2122,0,0.0033548898
Warm B,79579,531,530,3502,2122,0,0.01256326
Warm B,599377,3648,3647,3502,2122,1,0.0009540417
Warm B,907680,5492,5491,3502,2122,1,0.0061954567
Warm B,28130,195,194,3502,2122,1,0.008050955
Warm B,229697,1390,1389,3502,2122,1,0.0047539365
Warm B,231175,1399,1398,3502,2122,0,0.0016401429
Warm B,699736,4186,4185,3502,2122,0,0.012792977
Warm B,941465,5682,5681,3502,2122,1,0.0032564965
Warm B,193792,1194,1193,3502,2122,0,0.007019397
Warm B,550379,3391,3390,3502,2122,1,0.009740815
Warm B,535426,3304,3303,3503,2123,0,0.007681155
Warm B,534754,3300,3299,3503,2123,0,0.0008913523
Warm B,534431,3299,3298,3503,2123,0,0.0003147917
Warm B,533487,3292,3291,3503,2123,0,0.005852543
Warm B,567039,3481,3480,3503,2123,1,0.0043117665
Warm B,513731,3169,3168,3503,2123,0,0.0041856533
Warm B,877027,5300,5299,3503,2123,0,0.008876503
Warm B,509264,3135,3134,3503,2123,1,-0.0019125101
Warm B,505657,3110,3109,3503,2123,0,-0.0029990808
Warm B,582209,3557,3556,3503,2123,1,-0.0061906716
Warm B,495910,3045,3044,3503,2123,1,0.005943872
Warm B,626946,3792,3791,3503,2123,0,0.0062819603
Warm B,479318,2941,2940,3503,2123,0,0.0010407238
Warm B,476843,2928,2927,3503,2123,1,0.0029366612
Warm B,696541,4169,4168,3503,2123,1,0.0017399979
Warm B,475975,2921,2920,3503,2123,0,0.0031163194
Warm B,460789,2841,2840,3503,2123,0,0.005094962
Warm B,459415,2829,2828,3503,2123,1,-0.000714625
Warm B,458119,2820,2819,3503,2123,0,0.0018910398
Warm B,456101,2808,2807,3503,2123,1,0.0062670866
Warm B,449967,2774,2773,3503,2123,0,-0.007186137
Warm B,571163,3503,3502,3503,2123,1,-0.0043810653
Warm B,411101,2466,2465,3503,2123,0,-0.002899793
Warm B,390101,2288,2287,3503,2123,1,0.0030313018
Warm B,366397,2132,2131,3503,2123,0,0.0014296034
Warm B,365384,2126,2125,3503,2123,0,0.00061180885
Warm B,346299,2030,2029,3503,2123,1,0.0060324254
Warm B,305654,1819,1818,3503,2123,1,-0.00045226328
Warm B,297087,1761,1760,3503,2123,1,-0.00020682428
Warm B,299348,1777,1776,3503,2123,1,0.0082140565
Warm B,293249,1746,1745,3503,2123,1,0.00991619
Warm B,292451,1741,1740,3503,2123,1,0.0044528586
Warm B,279635,1680,1679,3503,2123,0,0.0020130877
Warm B,274469,1658,1657,3503,2123,0,0.00024365494
Warm B,269161,1632,1631,3503,2123,0,-0.0017963704
Warm B,253939,1544,1543,3503,2123,0,-0.0014396202
Warm B,294405,1749,1748,3503,2123,1,0.0055068913
Warm B,233461,1420,1419,3503,2123,0,0.00480776
Warm B,226190,1369,1368,3503,2123,0,-0.0004840335
Warm B,219964,1333,1332,3503,2123,1,0.003811502
Warm B,207362,1267,1266,3503,2123,0,-0.0037710657
Warm B,190059,1179,1178,3503,2123,0,-0.00014000456
Warm B,184430,1147,1146,3503,2123,1,-0.009023744
Warm B,181640,1135,1134,3503,2123,0,0.006565219
Warm B,178870,1122,1121,3503,2123,0,0.0011980485
Warm B,244107,1470,1469,3503,2123,0,-0.0022684806
Warm B,308790,1837,1836,3503,2123,0,0.0023573155
Warm B,167535,1067,1066,3503,2123,1,0.0041181915
Warm B,152025,977,976,3503,2123,1,0.00052998215
Warm B,246409,1489,1488,3503,2123,0,0.007910312
Warm B,221496,1340,1339,3503,2123,0,-0.0022536619
Warm B,147959,953,952,3503,2123,1,-0.0041696536
Warm B,197397,1211,1210,3503,2123,1,0.007091851
Warm B,128346,830,829,3503,2123,1,-0.001425703
Warm B,315430,1880,1879,3503,2123,1,0.0054201237
Warm B,240320,1449,1448,3503,2123,1,-0.005444397
Warm B,316938,1884,1883,3503,2123,0,0.0007297435
Warm B,90976,602,601,3503,2123,0,0.001304382
Warm B,86203,563,562,3503,2123,0,0.0020311938
Warm B,34120,230,229,3503,2123,1,-0.0005972553
Warm B,30827,205,204,3503,2123,1,0.012527557
Warm B,1739,17,16,3503,2123,1,0.003613398
Warm B,2859,23,22,3503,2123,0,-0.00083616737
Warm B,862712,5193,5192,3503,2123,1,0.00070680724
Warm B,174262,1101,1100,3503,2123,0,0.002228837
Warm B,129571,839,838,3503,2123,0,0.006412791
Warm B,203212,1246,1245,3503,2123,0,-0.0032774243
Warm B,28131,195,194,3503,2123,1,7.249531e-05
Warm B,991791,5991,5990,3503,2123,0,0.009427032
Warm B,166089,1058,1057,3503,2123,0,0.0015975233
Warm B,223098,1352,1351,3503,2123,1,-0.0036397958
Warm B,322547,1912,1911,3503,2123,0,0.0026308605
Warm B,810333,4861,4860,3503,2123,0,-0.0027983687
Warm B,375922,2190,2189,3503,2123,1,3.596529e-05
Warm B,290389,1733,1732,3503,2123,1,0.0026762104
Warm B,195616,1203,1202,3503,2123,1,0.002447167
Warm B,141609,911,910,3503,2123,1,0.0057260008
Warm B,769446,4582,4581,3503,2123,1,0.000570902
Warm B,254893,1551,1550,3503,2123,1,0.0046569584
Warm B,63173,424,423,3503,2123,1,0.0022985968
Warm B,208877,1274,1273,3503,2123,1,-0.0025042593
Warm B,770351,4591,4590,3503,2123,1,0.0005943626
Warm B,158448,1015,1014,3503,2123,0,6.953813e-05
Warm B,630592,3815,3814,3506,2126,1,0.006644849
Warm B,629691,3808,3807,3506,2126,0,-1.9897474e-05
Warm B,638396,3841,3840,3506,2126,1,0.0059371814
Warm B,624982,3778,3777,3506,2126,0,0.012341529
Warm B,619589,3754,3753,3506,2126,1,0.007021115
Warm B,611262,3705,3704,3506,2126,1,0.0048038946
Warm B,608019,3689,3688,3506,2126,1,0.0061071096
Warm B,604395,3675,3674,3506,2126,1,-0.0021221447
Warm B,632066,3822,3821,3506,2126,0,0.00046896562
Warm B,598325,3641,3640,3506,2126,1,-4.976499e-05
Warm B,590211,3600,3599,3506,2126,0,0.012721224
Warm B,607182,3685,3684,3506,2126,0,-0.008687443
Warm B,594109,3618,3617,3506,2126,0,-0.0025739437
Warm B,556965,3422,3421,3506,2126,0,0.006732093
Warm B,540244,3321,3320,3506,2126,1,-0.003278289
Warm B,539595,3319,3318,3506,2126,0,0.0041083097
Warm B,540404,3323,3322,3506,2126,0,-0.0051802183
Warm B,533490,3292,3291,3506,2126,0,-0.00040381262
Warm B,521172,3216,3215,3506,2126,0,0.0015869099
Warm B,558615,3430,3429,3506,2126,1,0.008473601
Warm B,508738,3129,3128,3506,2126,0,0.009794757
Warm B,534756,3300,3299,3506,2126,1,-0.004716238
Warm B,930125,5620,5619,3506,2126,1,0.0068650283
Warm B,494355,3032,3031,3506,2126,1,0.002587938
Warm B,489713,3013,3012,3506,2126,0,0.0028836424
Warm B,486360,2994,2993,3506,2126,0,0.0036976275
Warm B,600184,3650,3649,3506,2126,1,-0.008263716
Warm B,529880,3272,3271,3506,2126,0,0.01033762
Warm B,696545,4169,4168,3506,2126,1,0.005645344
Warm B,474769,2913,2912,3506,2126,0,-0.0011764467
Warm B,463470,2857,2856,3506,2126,0,0.017152922
Warm B,464974,2866,2865,3506,2126,1,-0.0037518677
Warm B,452304,2785,2784,3506,2126,0,0.0010380964
Warm B,439643,2685,2684,3506,2126,0,-0.0034306801
Warm B,436593,2665,2664,3506,2126,1,-0.003838893
Warm B,435906,2664,2663,3506,2126,1,0.011324168
Warm B,416776,2507,2506,3506,2126,1,0.010091185
Warm B,412925,2484,2483,3506,2126,0,0.010016735
Warm B,404652,2419,2418,3506,2126,0,-0.004895555
Warm B,395943,2340,2339,3506,2126,1,0.0056129373
Warm B,389050,2279,2278,3506,2126,1,-0.0039496566
Warm B,403730,2411,2410,3506,2126,1,-0.012912023
Warm B,381719,2231,2230,3506,2126,1,0.0019972974
Warm B,377354,2203,2202,3506,2126,1,0.00894054
Warm B,372099,2173,2172,3506,2126,0,-0.0059358827
Warm B,370014,2164,2163,3506,2126,1,0.0050553833
Warm B,362192,2110,2109,3506,2126,0,-0.0005727459
Warm B,364888,2124,2123,3506,2126,1,0.00817544
Warm B,359491,2102,2101,3506,2126,1,-0.0016879211
Warm B,352719,2064,2063,3506,2126,0,-0.005693079
Warm B,336159,1980,1979,3506,2126,0,0.0036894334
Warm B,312416,1861,1860,3506,2126,1,0.0009745185
Warm B,298359,1768,1767,3506,2126,0,-0.0056878077
Warm B,281357,1687,1686,3506,2126,1,-0.0067460868
Warm B,271645,1642,1641,3506,2126,1,0.00811629
Warm B,269163,1632,1631,3506,2126,0,0.010746671
Warm B,323939,1920,1919,3506,2126,0,-0.009869779
Warm B,260159,1591,1590,3506,2126,0,0.008178785
Warm B,231718,1404,1403,3506,2126,0,0.006918333
Warm B,242915,1465,1464,3506,2126,0,0.004228902
Warm B,283262,1696,1695,3506,2126,1,-0.003222192
Warm B,357596,2092,2091,3506,2126,0,0.011025766
Warm B,218069,1322,1321,3506,2126,1,0.005497074
Warm B,219967,1333,1332,3506,2126,1,-0.0014037075
Warm B,208366,1273,1272,3506,2126,0,0.00839678
Warm B,279640,1680,1679,3506,2126,1,0.009038897
Warm B,197041,1209,1208,3506,2126,0,0.0030680252
Warm B,188646,1170,1169,3506,2126,1,0.0015898411
Warm B,328450,1941,1940,3506,2126,0,0.011318343
Warm B,162330,1034,1033,3506,2126,1,-0.00480954
Warm B,337139,1983,1982,3506,2126,1,0.0054095574
Warm B,153192,984,983,3506,2126,1,0.0030108881
Warm B,138582,889,888,3506,2126,0,-0.004063883
Warm B,127783,824,823,3506,2126,0,-0.0005084621
Warm B,315433,1880,1879,3506,2126,0,0.00033556996
Warm B,115481,749,748,3506,2126,0,0.012588723
Warm B,240324,1449,1448,3506,2126,0,0.009974057
Warm B,106858,702,701,3506,2126,0,0.01168677
Warm B,140744,904,903,3506,2126,0,0.0063616233
Warm B,97125,651,650,3506,2126,1,-0.0069842637
Warm B,234255,1422,1421,3506,2126,0,0.01193996
Warm B,72215,482,481,3506,2126,0,0.012755133
Warm B,211169,1285,1284,3506,2126,1,0.005681782
Warm B,63177,424,423,3506,2126,1,0.008349294
Warm B,58039,392,391,3506,2126,1,-7.617986e-05
Warm B,61284,412,411,3506,2126,1,0.009965938
Warm B,145428,935,934,3506,2126,1,-0.0038291914
Warm B,38901,264,263,3506,2126,0,-0.0046675694
Warm B,36452,245,244,3506,2126,0,0.0021887622
Warm B,98977,660,659,3506,2126,0,0.009857711
Warm B,32044,216,215,3506,2126,1,0.0072873738
Warm B,29189,199,198,3506,2126,0,-0.0014013603
Warm B,25614,181,180,3506,2126,1,0.01100333
Warm B,947598,5722,5721,3506,2126,1,0.0030340797
Warm B,239153,1448,1447,3506,2126,1,0.0002708477
Warm B,3394,26,25,3506,2126,1,0.0018610139
Warm B,60701,411,410,3506,2126,0,0.0022833962
Warm B,202113,1243,1242,3506,2126,0,0.016045678
Warm B,31036,208,207,3506,2126,1,0.00080478936
Warm B,828777,4979,4978,3506,2126,1,-0.0030511338
Warm B,964143,5812,5811,3506,2126,0,0.006028802
Warm B,261234,1597,1596,3506,2126,0,0.013284955
Warm B,111712,727,726,3506,2126,1,-0.004988363
Warm B,102454,678,677,3506,2126,0,0.0033270144
Warm B,319471,1897,1896,3506,2126,1,0.001758025
Warm B,993896,6002,6001,3506,2126,1,-0.0006351236
Warm B,722749,4328,4327,3506,2126,1,0.007169934
Warm B,124085,799,798,3509,2129,1,0.0031605805
Warm B,330776,1952,1951,3509,2129,1,0.0073406836
Warm B,89617,590,589,3509,2129,0,0.0037842528
Warm B,939979,5675,5674,3509,2129,0,0.009575933
Warm B,682014,4084,4083,3509,2129,1,3.3297343e-05
Warm B,77720,524,523,3509,2129,0,0.00864836
Warm B,64318,429,428,3509,2129,1,0.008252293
Warm B,48832,327,326,3509,2129,0,0.0025165994
Warm B,33485,225,224,3509,2129,0,0.009571969
Warm B,31521,214,213,3509,2129,0,0.0069158627
Warm B,23335,167,166,3509,2129,0,0.00043363997
Warm B,947599,5722,5721,3509,2129,0,0.014048751
Warm B,16976,133,132,3509,2129,1,0.008617387
Warm B,561939,3457,3456,3509,2129,0,0.00028140482
Warm B,7235,50,49,3509,2129,0,0.004192346
Warm B,7702,53,52,3509,2129,1,0.009997467
Warm B,713239,4277,4276,3509,2129,1,0.011591345
Warm B,210251,1284,1283,3509,2129,0,0.006271122
Warm B,24345,173,172,3509,2129,0,0.006952616
Warm B,15592,123,122,3509,2129,0,0.0068693077
Warm B,174268,1101,1100,3509,2129,1,0.003949003
Warm B,271027,1639,1638,3509,2129,1,0.0050982027
Warm B,289704,1729,1728,3509,2129,0,0.0069677485
Warm B,360973,2106,2105,3509,2129,1,0.0094249565
Warm B,176109,1113,1112,3509,2129,0,0.007583797
Warm B,195621,1203,1202,3509,2129,1,0.014736854
Warm B,984063,5948,5947,3509,2129,1,0.004908516
Warm B,287803,1717,1716,3509,2129,0,0.010712434
Warm B,206423,1265,1264,3509,2129,1,0.0070436154
Warm B,764074,4543,4542,3509,2129,0,0.017062824
Warm B,235129,1425,1424,3509,2129,0,0.0018404567
Warm B,777883,4647,4646,3509,2129,0,0.0151441945
Warm B,907683,5492,5491,3511,2131,0,0.012799539
Warm B,626962,3792,3791,3511,2131,0,-0.0014864798
Warm B,941469,5682,5681,3511,2131,0,-5.2871183e-06
Warm B,83372,549,548,3511,2131,0,0.009477238
Warm B,342678,2015,2014,3511,2131,0,0.019985799
Warm B,235138,1425,1424,3511,2131,0,0.0052769226
Warm B,713245,4277,4276,3514,2134,1,0.0070921183
Warm B,770356,4591,4590,3514,2134,0,0.01882051
Warm B,376582,2197,2196,3515,2135,0,0.0026764064
Warm B,713247,4277,4276,3515,2135,1,0.016727863
Warm B,366429,2133,2132,3515,2135,0,0.0012019326
Warm B,366000,2130,2129,3515,2135,1,0.0120840445
Warm B,346847,2033,2032,3515,2135,1,0.002902396
Warm B,334716,1974,1973,3515,2135,1,0.013531712
Warm B,334178,1970,1969,3515,2135,0,0.0023049277
Warm B,335015,1976,1975,3515,2135,1,0.0041650515
Warm B,329003,1942,1941,3515,2135,0,0.0074466215
Warm B,324692,1923,1922,3515,2135,0,0.007089952
Warm B,326457,1933,1932,3515,2135,1,0.014162679
Warm B,300982,1786,1785,3515,2135,1,0.009884583
Warm B,329748,1944,1943,3515,2135,1,0.014086051
Warm B,281076,1686,1685,3515,2135,0,0.0035120666
Warm B,281366,1687,1686,3515,2135,1,0.007097257
Warm B,274654,1659,1658,3515,2135,0,0.0047222394
Warm B,268589,1631,1630,3515,2135,1,0.004491534
Warm B,267758,1627,1626,3515,2135,0,0.0066199694
Warm B,261434,1598,1597,3515,2135,0,0.009001728
Warm B,252766,1531,1530,3515,2135,0,0.003143378
Warm B,242280,1462,1461,3515,2135,1,-0.0013330493
Warm B,240818,1450,1449,3515,2135,1,-0.0054149623
Warm B,236459,1434,1433,3515,2135,0,0.016727207
Warm B,236565,1435,1434,3515,2135,0,0.014523222
Warm B,234550,1423,1422,3515,2135,0,0.004742435
Warm B,225293,1362,1361,3515,2135,1,0.013701707
Warm B,217519,1319,1318,3515,2135,1,0.00957291
Warm B,212260,1292,1291,3515,2135,1,0.0042124065
Warm B,244121,1470,1469,3515,2135,0,0.022121854
Warm B,205392,1263,1262,3515,2135,1,0.020709727
Warm B,294414,1749,1748,3515,2135,0,0.010507254
Warm B,207028,1266,1265,3515,2135,1,0.009898187
Warm B,326568,1935,1934,3515,2135,1,0.0139200045
Warm B,188296,1168,1167,3515,2135,1,0.0013628991
Warm B,167536,1067,1066,3515,2135,1,0.012000761
Warm B,164734,1051,1050,3515,2135,1,0.02803344
Warm B,162337,1034,1033,3515,2135,0,-0.0022432609
Warm B,161137,1027,1026,3515,2135,0,0.008242778
Warm B,159371,1017,1016,3515,2135,0,0.009814829
Warm B,155468,1001,1000,3515,2135,1,0.008260914
Warm B,154065,992,991,3515,2135,1,0.011535005
Warm B,150103,966,965,3515,2135,0,0.010905929
Warm B,146369,942,941,3515,2135,0,0.0013416074
Warm B,146017,938,937,3515,2135,0,0.00017803442
Warm B,145872,937,936,3515,2135,0,-0.0005748794
Warm B,812306,4875,4874,3515,2135,0,0.007757283
Warm B,139850,896,895,3515,2135,1,0.0057109296
Warm B,138610,889,888,3515,2135,0,0.0078040455
Warm B,137131,882,881,3515,2135,1,0.004797643
Warm B,135991,878,877,3515,2135,1,0.0042862883
Warm B,130096,841,840,3515,2135,0,0.01240832
Warm B,252199,1527,1526,3515,2135,0,0.0076783565
Warm B,124088,799,798,3515,2135,0,0.006986361
Warm B,114050,740,739,3515,2135,0,0.01425424
Warm B,113606,736,735,3515,2135,1,0.020530034
Warm B,778921,4653,4652,3515,2135,1,0.004061981
Warm B,105229,696,695,3515,2135,1,0.017609753
Warm B,110172,718,717,3515,2135,0,0.02000945
Warm B,103480,687,686,3515,2135,0,0.006127028
Warm B,100945,673,672,3515,2135,0,0.00829405
Warm B,316951,1884,1883,3515,2135,1,0.00770574
Warm B,222628,1347,1346,3515,2135,1,0.011532773
Warm B,89620,590,589,3515,2135,1,0.003092722
Warm B,232586,1413,1412,3515,2135,0,0.009738634
Warm B,69877,471,470,3515,2135,0,0.0017419336
Warm B,69326,464,463,3515,2135,1,0.0062043313
Warm B,66621,445,444,3515,2135,0,0.013462621
Warm B,57608,390,389,3515,2135,0,0.008811666
Warm B,55058,363,362,3515,2135,1,0.010468094
Warm B,503981,3097,3096,3515,2135,1,-0.0014461945
Warm B,583037,3561,3560,3515,2135,1,0.01912175
Warm B,43378,298,297,3515,2135,0,0.0106725255
Warm B,43235,296,295,3515,2135,0,0.0026804982
Warm B,182138,1137,1136,3515,2135,1,0.0061727827
Warm B,30512,204,203,3515,2135,0,0.0180235
Warm B,29846,202,201,3515,2135,1,0.017497132
Warm B,28569,196,195,3515,2135,1,0.004479263
Warm B,365254,2125,2124,3515,2135,1,0.010407859
Warm B,23339,167,166,3515,2135,1,-0.0021188585
Warm B,599390,3648,3647,3515,2135,0,0.011609876
Warm B,22533,163,162,3515,2135,0,0.015998995
Warm B,304127,1806,1805,3515,2135,0,0.0044634766
Warm B,17283,135,134,3515,2135,0,0.0038363244
Warm B,314407,1877,1876,3515,2135,1,-0.0055356342
Warm B,16115,127,126,3515,2135,1,0.013421949
Warm B,104701,693,692,3515,2135,1,0.0032540201
Warm B,133467,862,861,3515,2135,1,0.014601313
Warm B,631723,3821,3820,3515,2135,0,0.00520374
Warm B,623941,3773,3772,3515,2135,0,0.014004627
Warm B,28157,195,194,3515,2135,1,0.021465436
Warm B,860476,5173,5172,3515,2135,0,0.0028936118
Warm B,685102,4094,4093,3515,2135,1,0.0045294296
Warm B,12838,99,98,3515,2135,0,0.011535659
Warm B,548590,3386,3385,3515,2135,0,0.0074152523
Warm B,150711,970,969,3515,2135,0,0.0102585945
Warm B,761183,4522,4521,3515,2135,0,0.00623584
Warm B,204677,1260,1259,3515,2135,0,0.008077804
Warm B,522787,3224,3223,3515,2135,1,0.012673394
Warm B,531183,3280,3279,3515,2135,0,0.011541897
Warm B,344211,2020,2019,3515,2135,1,0.0193056
Warm B,989142,5972,5971,3515,2135,0,0.01103454
Warm B,635682,3832,3831,3515,2135,0,0.0061574928
Warm B,232015,1407,1406,3515,2135,1,0.010227294
Warm B,877638,5304,5303,3515,2135,0,0.014317513
Warm B,11995,92,91,3515,2135,0,0.021265449
Warm B,567633,3483,3482,3515,2135,0,0.015338657
Warm B,927637,5605,5604,3515,2135,0,0.013813336
Warm B,104467,692,691,3515,2135,1,0.011601016
Warm B,317853,1889,1888,3515,2135,0,0.01776566
Warm B,47484,319,318,3515,2135,0,0.013650231
Warm B,20771,151,150,3515,2135,1,0.01261853
Warm B,964149,5812,5811,3515,2135,0,0.0067200256
Warm B,263540,1605,1604,3515,2135,1,0.014018867
Warm B,299159,1776,1775,3515,2135,0,0.009473458
Warm B,517943,3196,3195,3515,2135,1,0.00092800683
Warm B,499608,3067,3066,3515,2135,1,0.015770094
Warm B,784169,4682,4681,3515,2135,1,0.019738583
Warm B,116449,752,751,3515,2135,0,0.013629135
Warm B,310788,1851,1850,3515,2135,0,0.012151215
Warm B,187749,1164,1163,3515,2135,0,0.012708077
Warm B,312969,1865,1864,3515,2135,1,0.009295052
Warm B,485209,2986,2985,3515,2135,0,0.031051021
Warm B,319484,1897,1896,3515,2135,0,0.009249857
Warm B,840785,5053,5052,3515,2135,1,0.013519309
Warm B,696556,4169,4168,3515,2135,1,0.020856848
Warm B,132840,856,855,3515,2135,0,0.0017685851
Warm B,67839,454,453,3515,2135,1,0.019969417
Warm B,364363,2122,2121,3515,2135,1,0.012199948
Warm B,339246,1998,1997,3515,2135,0,0.01848903
Warm B,401676,2395,2394,3515,2135,0,0.0077687884
Warm B,480478,2947,2946,3515,2135,1,0.0018642829
Warm B,241360,1451,1450,3515,2135,1,0.017399497
Warm B,680732,4079,4078,3519,2137,1,0.0020219043
Warm B,681664,4083,4082,3519,2137,0,0.0023036539
Warm B,675554,4053,4052,3519,2137,1,0.006090532
Warm B,674814,4049,4048,3519,2137,0,0.0003531609
Warm B,676145,4054,4053,3519,2137,0,0.004689329
Warm B,668637,4021,4020,3519,2137,0,-0.0017876539
Warm B,667951,4018,4017,3519,2137,1,0.008581854
Warm B,664158,3999,3998,3519,2137,1,0.00598099
Warm B,663245,3997,3996,3519,2137,1,0.0015965849
Warm B,655633,3949,3948,3519,2137,1,0.011213454
Warm B,761447,4523,4522,3519,2137,1,0.008109024
Warm B,642089,3860,3859,3519,2137,0,0.008943042
Warm B,629717,3808,3807,3519,2137,0,0.0048301127
Warm B,638430,3841,3840,3519,2137,0,0.0109013645
Warm B,623098,3770,3769,3519,2137,0,0.0027487215
Warm B,619596,3754,3753,3519,2137,1,0.014034977
Warm B,619046,3751,3750,3519,2137,0,0.005578598
Warm B,623491,3771,3770,3519,2137,0,-0.0016177692
Warm B,745006,4448,4447,3519,2137,1,0.010464641
Warm B,601268,3654,3653,3519,2137,0,0.005171058
Warm B,595317,3621,3620,3519,2137,0,0.0061108405
Warm B,585791,3576,3575,3519,2137,0,0.006503171
Warm B,569770,3493,3492,3519,2137,0,0.010786401
Warm B,569388,3491,3490,3519,2137,1,0.007836465
Warm B,713253,4277,4276,3519,2137,0,0.0046115154
Warm B,561305,3453,3452,3519,2137,0,0.009186418
Warm B,577385,3526,3525,3519,2137,1,0.0062264088
Warm B,527884,3263,3262,3519,2137,1,-0.00035425927
Warm B,525127,3242,3241,3519,2137,1,0.0063626617
Warm B,521956,3222,3221,3519,2137,1,0.006380527
Warm B,518852,3201,3200,3519,2137,0,0.0052802563
Warm B,491654,3024,3023,3519,2137,0,0.0035380581
Warm B,486702,2995,2994,3519,2137,1,0.0041158455
Warm B,486371,2994,2993,3519,2137,1,0.0040768525
Warm B,600199,3650,3649,3519,2137,0,0.004940767
Warm B,480242,2946,2945,3519,2137,0,0.017970808
Warm B,479322,2941,2940,3519,2137,0,0.0025163272
Warm B,696564,4169,4168,3519,2137,0,0.0070211547
Warm B,473936,2909,2908,3519,2137,1,0.0063398187
Warm B,601686,3658,3657,3519,2137,0,-0.0038665251
Warm B,463488,2857,2856,3519,2137,1,-0.006358738
Warm B,453921,2793,2792,3519,2137,1,0.012611301
Warm B,448068,2761,2760,3519,2137,0,0.0024237784
Warm B,439652,2685,2684,3519,2137,0,0.006406077
Warm B,434674,2651,2650,3519,2137,0,0.010051658
Warm B,452557,2786,2785,3519,2137,1,0.0032810555
Warm B,433730,2643,2642,3519,2137,0,0.0023196777
Warm B,430765,2625,2624,3519,2137,1,-0.0002448564
Warm B,430559,2624,2623,3519,2137,1,0.0032466121
Warm B,645404,3885,3884,3519,2137,1,0.0022841434
Warm B,423823,2567,2566,3519,2137,1,0.0043710014
Warm B,427029,2592,2591,3519,2137,0,0.009445023
Warm B,425757,2583,2582,3519,2137,1,-0.0036321077
Warm B,412948,2484,2483,3519,2137,0,0.009685886
Warm B,407026,2445,2444,3519,2137,1,0.009815612
Warm B,405255,2426,2425,3519,2137,0,-0.0023406763
Warm B,403864,2412,2411,3519,2137,0,0.0024848334
Warm B,401828,2397,2396,3519,2137,0,0.0145452
Warm B,395953,2340,2339,3519,2137,1,0.0034676825
Warm B,392409,2304,2303,3519,2137,1,0.011982527
Warm B,389057,2279,2278,3519,2137,0,0.0025202134
Warm B,388194,2271,2270,3519,2137,0,0.00458702
Warm B,387595,2265,2264,3519,2137,0,0.0019995219
Warm B,378788,2211,2210,3519,2137,0,0.009831244
Warm B,376923,2201,2200,3519,2137,1,0.0033358976
Warm B,363270,2116,2115,3519,2137,0,0.006058179
Warm B,350150,2055,2054,3519,2137,0,0.010740159
Warm B,436609,2665,2664,3519,2137,1,0.009243866
Warm B,357615,2092,2091,3519,2137,0,0.0038289318
Warm B,305058,1812,1811,3519,2137,1,0.007993491
Warm B,289440,1727,1726,3519,2137,0,0.014561981
Warm B,292463,1741,1740,3519,2137,0,-0.00047490234
Warm B,288985,1726,1725,3519,2137,0,0.008581819
Warm B,275667,1667,1666,3519,2137,0,0.0065505244
Warm B,273861,1651,1650,3519,2137,1,0.0045910114
Warm B,293888,1748,1747,3519,2137,0,0.011432648
Warm B,271649,1642,1641,3519,2137,1,0.0051877727
Warm B,269177,1632,1631,3519,2137,0,0.0049508214
Warm B,345515,2026,2025,3519,2137,0,0.016251631
Warm B,242480,1464,1463,3519,2137,0,-0.00033473957
Warm B,244737,1473,1472,3519,2137,0,0.011742033
Warm B,283268,1696,1695,3519,2137,1,0.0033472807
Warm B,235643,1426,1425,3519,2137,0,0.016366825
Warm B,242933,1465,1464,3519,2137,1,0.0074667297
Warm B,224748,1358,1357,3519,2137,1,-0.00097515644
Warm B,219979,1333,1332,3519,2137,0,0.011453217
Warm B,216078,1311,1310,3519,2137,1,0.0035959082
Warm B,197948,1216,1215,3519,2137,1,0.0070340647
Warm B,267285,1624,1623,3519,2137,0,-0.0032768496
Warm B,307605,1835,1834,3519,2137,0,0.0025045825
Warm B,179214,1124,1123,3519,2137,1,0.005588154
Warm B,177651,1119,1118,3519,2137,0,-3.6914367e-05
Warm B,328479,1941,1940,3519,2137,0,0.0024370681
Warm B,165302,1053,1052,3519,2137,0,0.005611074
Warm B,163308,1044,1043,3519,2137,1,0.009337289
Warm B,161754,1031,1030,3519,2137,1,0.002213595
Warm B,160277,1019,1018,3519,2137,0,0.006165776
Warm B,147052,948,947,3519,2137,1,0.0054254653
Warm B,138618,889,888,3519,2137,0,0.012249777
Warm B,315454,1880,1879,3519,2137,0,0.0070226886
Warm B,147494,949,948,3519,2137,1,0.0062570493
Warm B,125014,802,801,3519,2137,1,0.0031719347
Warm B,123514,796,795,3519,2137,0,0.0014200145
Warm B,109028,713,712,3519,2137,1,-0.00055820006
Warm B,106871,702,701,3519,2137,0,-0.0045078355
Warm B,95018,637,636,3519,2137,1,0.0011927639
Warm B,316955,1884,1883,3519,2137,1,0.017387103
Warm B,96217,646,645,3519,2137,0,0.004047506
Warm B,81066,539,538,3519,2137,1,0.004920018
Warm B,234271,1422,1421,3519,2137,0,0.0050261687
Warm B,78135,526,525,3519,2137,1,0.010598259
Warm B,71152,477,476,3519,2137,1,0.007052281
Warm B,68824,461,460,3519,2137,0,-0.0004381605
Warm B,64853,435,434,3519,2137,1,0.0009757668
Warm B,52824,348,347,3519,2137,0,0.0034298156
Warm B,52329,344,343,3519,2137,0,-0.005261112
Warm B,93370,624,623,3519,2137,1,0.0011244065
Warm B,41322,279,278,3519,2137,0,-0.002982447
Warm B,38295,261,260,3519,2137,0,0.0018928037
Warm B,98993,660,659,3519,2137,0,0.010118139
Warm B,34126,230,229,3519,2137,1,0.0066579916
Warm B,19428,148,147,3519,2137,0,0.0014566309
Warm B,162045,1033,1032,3519,2137,0,-0.0020042849
Warm B,16435,130,129,3519,2137,1,0.006825439
Warm B,5738,42,41,3519,2137,1,0.013448262
Warm B,5597,40,39,3519,2137,0,-0.0016988901
Warm B,380895,2225,2224,3519,2137,0,0.0046269246
Warm B,626969,3792,3791,3519,2137,1,0.015662663
Warm B,552532,3401,3400,3519,2137,0,0.0042259684
Warm B,989143,5972,5971,3519,2137,1,0.010639504
Warm B,95532,639,638,3519,2137,1,0.012623206
Warm B,241364,1451,1450,3519,2137,1,0.009890405
Warm B,633472,3824,3823,3519,2137,0,0.00441459
Warm B,760685,4520,4519,3519,2137,1,0.005526731
Warm B,255955,1560,1559,3519,2137,1,0.004015412
Warm B,571174,3503,3502,3519,2137,0,0.008014718
Warm B,588063,3589,3588,3519,2137,0,0.0014678645
Warm B,421142,2544,2543,3519,2137,0,0.008441155
Warm B,21573,157,156,3519,2137,1,0.016155671
Warm B,775800,4632,4631,3521,2138,0,0.006817916
Warm B,781601,4666,4665,3521,2138,1,0.0133509915
Warm B,756275,4506,4505,3521,2138,1,0.0091936365
Warm B,757266,4508,4507,3521,2138,1,0.022510372
Warm B,745980,4451,4450,3521,2138,1,0.0029679448
Warm B,747160,4458,4457,3521,2138,1,-0.0012524789
Warm B,741222,4426,4425,3521,2138,0,0.011192811
Warm B,743977,4447,4446,3521,2138,1,0.0055483505
Warm B,717391,4298,4297,3521,2138,1,0.0068257404
Warm B,709424,4254,4253,3521,2138,0,-0.0022213613
Warm B,691045,4137,4136,3521,2138,1,0.0061204853
Warm B,678741,4064,4063,3521,2138,0,0.0010425895
Warm B,644801,3884,3883,3521,2138,0,0.0077520926
Warm B,639258,3842,3841,3521,2138,1,0.008901853
Warm B,633484,3824,3823,3521,2138,1,0.008148812
Warm B,626092,3789,3788,3521,2138,1,0.010301128
Warm B,613963,3718,3717,3521,2138,1,0.013532454
Warm B,725463,4344,4343,3521,2138,1,0.0077398075
Warm B,603665,3673,3672,3521,2138,0,0.0032005787
Warm B,595561,3622,3621,3521,2138,1,0.0043087704
Warm B,575880,3520,3519,3521,2138,1,0.008881068
Warm B,579604,3539,3538,3521,2138,1,0.0070368857
Warm B,580609,3546,3545,3521,2138,0,0.0063631274
Warm B,713265,4277,4276,3521,2138,1,0.0065976274
Warm B,570424,3499,3498,3521,2138,1,0.004688086
Warm B,554120,3410,3409,3521,2138,1,0.0112931635
Warm B,645416,3885,3884,3521,2138,1,0.012608467
Warm B,534767,3300,3299,3521,2138,0,0.006424716
Warm B,916729,5539,5538,3521,2138,1,0.009354192
Warm B,513950,3171,3170,3521,2138,1,0.00431823
Warm B,501411,3080,3079,3521,2138,1,0.005490802
Warm B,496929,3053,3052,3521,2138,1,0.0037723847
Warm B,484166,2978,2977,3521,2138,1,0.00058218173
Warm B,482829,2967,2966,3521,2138,0,0.013603137
Warm B,480868,2952,2951,3521,2138,1,-0.0058908733
Warm B,475188,2916,2915,3521,2138,1,0.0026401174
Warm B,474784,2913,2912,3521,2138,1,0.007932634
Warm B,475609,2918,2917,3521,2138,1,-0.0028422214
Warm B,458151,2820,2819,3521,2138,0,0.0029370103
Warm B,456876,2813,2812,3521,2138,1,0.007066354
Warm B,451535,2779,2778,3521,2138,1,0.004360026
Warm B,458500,2822,2821,3521,2138,1,0.0045766113
Warm B,446496,2752,2751,3521,2138,1,0.01157736
Warm B,437772,2674,2673,3521,2138,1,0.01586153
Warm B,439458,2684,2683,3521,2138,1,0.010071106
Warm B,431447,2628,2627,3521,2138,0,0.006499951
Warm B,431148,2627,2626,3521,2138,1,0.0050835893
Warm B,832985,5008,5007,3521,2138,1,0.005929741
Warm B,409278,2456,2455,3521,2138,1,-0.0013002632
Warm B,393260,2310,2309,3521,2138,1,-0.012137829
Warm B,391273,2301,2300,3521,2138,1,0.0049512535
Warm B,419375,2534,2533,3521,2138,0,0.010310298
Warm B,364908,2124,2123,3521,2138,1,0.020033455
Warm B,357627,2092,2091,3521,2138,1,0.0056293085
Warm B,340212,2008,2007,3521,2138,1,0.013902261
Warm B,329502,1943,1942,3521,2138,1,-0.0011948878
Warm B,286002,1706,1705,3521,2138,1,0.01256263
Warm B,274492,1658,1657,3521,2138,1,0.0039265295
Warm B,280939,1685,1684,3521,2138,1,0.0038867688
Warm B,292477,1741,1740,3521,2138,1,0.0151373
Warm B,284906,1699,1698,3521,2138,1,0.021407286
Warm B,276377,1671,1670,3521,2138,1,-7.8737736e-05
Warm B,279695,1680,1679,3521,2138,1,0.004342397
Warm B,246432,1489,1488,3521,2138,0,-0.0071643023
Warm B,338275,1988,1987,3521,2138,1,0.011990741
Warm B,237442,1446,1445,3521,2138,1,0.013725504
Warm B,230838,1396,1395,3521,2138,1,0.00923112
Warm B,208378,1273,1272,3521,2138,1,0.015338258
Warm B,308142,1836,1835,3521,2138,1,0.0043897047
Warm B,294426,1749,1748,3521,2138,0,0.006425558
Warm B,308827,1837,1836,3521,2138,0,0.008904001
Warm B,197419,1211,1210,3521,2138,1,0.009372901
Warm B,296558,1758,1757,3521,2138,1,-0.0022434727
Warm B,209541,1279,1278,3521,2138,1,0.013597486
Warm B,185600,1150,1149,3521,2138,1,0.009162019
Warm B,307618,1835,1834,3521,2138,1,0.007052536
Warm B,207366,1267,1266,3521,2138,1,0.010649135
Warm B,160291,1019,1018,3521,2138,1,0.010291331
Warm B,158499,1015,1014,3521,2138,1,0.0063133906
Warm B,154428,996,995,3521,2138,1,0.010474378
Warm B,213032,1297,1296,3521,2138,1,-0.0021805326
Warm B,149035,958,957,3521,2138,1,0.00017256895
Warm B,260885,1594,1593,3521,2138,0,0.013600633
Warm B,138642,889,888,3521,2138,0,0.018437734
Warm B,131288,850,849,3521,2138,1,0.006214901
Warm B,374872,2185,2184,3521,2138,1,0.022346094
Warm B,252203,1527,1526,3521,2138,0,0.0022824523
Warm B,123034,794,793,3521,2138,0,0.002454468
Warm B,211205,1285,1284,3521,2138,1,-0.002141012
Warm B,524453,3233,3232,3521,2138,1,0.0036980375
Warm B,130582,846,845,3521,2138,1,0.0122582875
Warm B,240367,1449,1448,3521,2138,1,0.009206439
Warm B,105450,697,696,3521,2138,0,-0.0042034932
Warm B,200123,1228,1227,3521,2138,1,0.008481028
Warm B,100277,669,668,3521,2138,1,0.007368496
Warm B,201715,1242,1241,3521,2138,1,0.010251799
Warm B,295009,1752,1751,3521,2138,1,0.006026499
Warm B,284397,1698,1697,3521,2138,1,0.013327077
Warm B,69531,466,465,3521,2138,1,0.008770797
Warm B,67846,454,453,3521,2138,1,0.0055798227
Warm B,61811,415,414,3521,2138,1,-0.0018647703
Warm B,57188,386,385,3521,2138,0,-0.0024494533
Warm B,132604,855,854,3521,2138,1,0.020703858
Warm B,34733,235,234,3521,2138,1,0.016191192
Warm B,33509,225,224,3521,2138,1,0.007339214
Warm B,24915,175,174,3521,2138,1,0.014041115
Warm B,22009,161,160,3521,2138,1,0.010071676
Warm B,13617,108,107,3521,2138,1,-0.0007844202
Warm B,73511,498,497,3521,2138,0,0.0021509675
Warm B,2905,23,22,3521,2138,0,0.008795873
Warm B,76416,518,517,3521,2138,1,0.00660779
Warm B,421150,2544,2543,3521,2138,0,0.015932735
Warm B,114284,743,742,3521,2138,1,0.0012911865
Warm B,245571,1483,1482,3521,2138,1,0.014505909
Warm B,287823,1717,1716,3521,2138,1,0.0027312054
Warm B,466986,2878,2877,3521,2138,0,-0.0012204149
Warm B,954244,5761,5760,3521,2138,0,-0.0032520962
Warm B,467402,2880,2879,3521,2138,0,0.011900097
Warm B,868228,5242,5241,3521,2138,1,0.0027805418
Warm B,249925,1505,1504,3521,2138,1,-0.0013950369
Warm B,375683,2188,2187,3521,2138,1,0.008899911
Warm B,93374,624,623,3521,2138,1,0.015465353
Warm B,290435,1733,1732,3521,2138,1,0.006332283
Warm B,772727,4607,4606,3521,2138,0,0.007918886
Warm B,328497,1941,1940,3521,2138,0,0.008232193
Warm B,902850,5458,5457,3521,2138,1,0.004369996
Warm B,958876,5787,5786,3521,2138,1,0.009086981
Warm B,63222,424,423,3521,2138,1,0.009163927
Warm B,724654,4342,4341,3529,2144,1,-0.0013944341
Warm B,725470,4344,4343,3529,2144,0,0.008337659
Warm B,722755,4328,4327,3529,2144,1,0.0030259904
Warm B,719114,4306,4305,3529,2144,0,0.0050194124
Warm B,705277,4227,4226,3529,2144,1,0.008792121
Warm B,700539,4193,4192,3529,2144,0,0.007828558
Warm B,695409,4167,4166,3529,2144,0,0.0061389757
Warm B,694017,4156,4155,3529,2144,0,0.015389651
Warm B,681683,4083,4082,3529,2144,1,0.014610645
Warm B,713275,4277,4276,3529,2144,1,0.005802283
Warm B,678750,4064,4063,3529,2144,0,0.007760287
Warm B,669161,4022,4021,3529,2144,0,0.013831729
Warm B,667622,4016,4015,3529,2144,0,0.007809569
Warm B,660096,3978,3977,3529,2144,1,0.00474279
Warm B,654964,3945,3944,3529,2144,0,0.008752207
Warm B,651574,3929,3928,3529,2144,0,0.011382123
Warm B,649498,3914,3913,3529,2144,0,0.0002537421
Warm B,643775,3878,3877,3529,2144,1,0.012132255
Warm B,702459,4213,4212,3529,2144,1,0.0089853965
Warm B,632585,3823,3822,3529,2144,0,0.009129189
Warm B,629748,3808,3807,3529,2144,0,-0.0011875129
Warm B,638455,3841,3840,3529,2144,0,0.012970723
Warm B,619598,3754,3753,3529,2144,1,0.001606498
Warm B,840079,5047,5046,3529,2144,0,0.004935324
Warm B,611293,3705,3704,3529,2144,1,0.016096883
Warm B,598348,3641,3640,3529,2144,1,0.009575081
Warm B,594174,3618,3617,3529,2144,0,0.006096697
Warm B,596788,3626,3625,3529,2144,1,0.0132714175
Warm B,758741,4510,4509,3529,2144,0,0.021021428
Warm B,580994,3547,3546,3529,2144,0,0.011861607
Warm B,557838,3425,3424,3529,2144,1,0.010493863
Warm B,546930,3371,3370,3529,2144,0,0.010917053
Warm B,542380,3336,3335,3529,2144,0,0.004152052
Warm B,533527,3292,3291,3529,2144,1,0.010191386
Warm B,522824,3224,3223,3529,2144,1,0.00038883497
Warm B,688170,4116,4115,3529,2144,1,0.016610572
Warm B,566414,3476,3475,3529,2144,1,0.0056715775
Warm B,509893,3140,3139,3529,2144,0,-0.0036771437
Warm B,508759,3129,3128,3529,2144,1,0.008645596
Warm B,505265,3108,3107,3529,2144,1,0.0047880104
Warm B,494389,3032,3031,3529,2144,1,0.011434684
Warm B,482833,2967,2966,3529,2144,0,0.013826008
Warm B,480257,2946,2945,3529,2144,0,0.016917272
Warm B,696592,4169,4168,3529,2144,0,0.007554132
Warm B,852682,5113,5112,3529,2144,0,0.0026349379
Warm B,473963,2909,2908,3529,2144,1,0.0056235613
Warm B,453937,2793,2792,3529,2144,1,0.016825188
Warm B,446505,2752,2751,3529,2144,1,0.0043906895
Warm B,440485,2693,2692,3529,2144,1,0.007541929
Warm B,428846,2609,2608,3529,2144,1,0.0059219906
Warm B,420283,2540,2539,3529,2144,1,-0.004913615
Warm B,427044,2592,2591,3529,2144,0,0.008969841
Warm B,425402,2581,2580,3529,2144,1,0.010627234
Warm B,415094,2498,2497,3529,2144,0,0.008232811
Warm B,414718,2496,2495,3529,2144,0,0.0037886996
Warm B,402457,2402,2401,3529,2144,1,0.011869582
Warm B,395964,2340,2339,3529,2144,1,0.0056819078
Warm B,381733,2231,2230,3529,2144,0,0.004594416
Warm B,364914,2124,2123,3529,2144,0,0.0041749794
Warm B,352729,2064,2063,3529,2144,0,-0.0029212167
Warm B,219990,1333,1332,3529,2144,1,0.013169043
Warm B,211215,1285,1284,3529,2144,1,0.020585291
Warm B,220441,1335,1334,3529,2144,0,0.013483192
Warm B,210277,1284,1283,3529,2144,1,0.01028834
Warm B,279710,1680,1679,3529,2144,1,0.007924736
Warm B,185611,1150,1149,3529,2144,0,0.017936174
Warm B,180409,1128,1127,3529,2144,0,0.0063852407
Warm B,191287,1181,1180,3529,2144,0,0.014989739
Warm B,275681,1667,1666,3529,2144,0,0.0011803926
Warm B,158509,1015,1014,3529,2144,0,0.017145272
Warm B,151698,975,974,3529,2144,1,0.010352027
Warm B,132049,854,853,3529,2144,0,0.002353618
Warm B,131294,850,849,3529,2144,1,0.007401103
Warm B,315473,1880,1879,3529,2144,1,0.0048411116
Warm B,97147,651,650,3529,2144,1,0.0043179085
Warm B,316968,1884,1883,3529,2144,1,0.01174918
Warm B,425762,2583,2582,3529,2144,1,0.01365556
Warm B,89354,588,587,3529,2144,0,0.014953399
Warm B,85952,562,561,3529,2144,0,0.001963608
Warm B,83401,549,548,3529,2144,0,0.012700891
Warm B,84416,550,549,3529,2144,0,0.011835279
Warm B,71592,481,480,3529,2144,0,0.0046280148
Warm B,76768,520,519,3529,2144,1,0.007114634
Warm B,240380,1449,1448,3529,2144,0,0.0074296314
Warm B,639266,3842,3841,3529,2144,1,0.0015072754
Warm B,39782,270,269,3529,2144,1,-0.00060023717
Warm B,99005,660,659,3529,2144,0,0.01477522
Warm B,481962,2962,2961,3529,2144,1,0.0045010126
Warm B,239193,1448,1447,3529,2144,0,0.00734789
Warm B,15625,123,122,3529,2144,1,0.004212144
Warm B,123525,796,795,3529,2144,0,0.009572007
Warm B,9303,62,61,3529,2144,0,0.009456592
Warm B,801475,4802,4801,3529,2144,1,0.004300641
Warm B,908126,5493,5492,3529,2144,0,0.008972399
Warm B,217242,1317,1316,3529,2144,1,0.009010957
Warm B,760211,4517,4516,3538,2148,0,0.015981924
Warm B,660548,3982,3981,3538,2148,0,0.0020229395
Warm B,390756,2293,2292,3538,2148,1,0.006796502
Warm B,389323,2281,2280,3538,2148,1,0.0089672925
Warm B,389249,2280,2279,3538,2148,1,0.0010095872
Warm B,460821,2841,2840,3538,2148,0,0.021460671
Warm B,368091,2149,2148,3538,2148,0,0.020816363
Warm B,364919,2124,2123,3538,2148,1,0.014066717
Warm B,357879,2093,2092,3538,2148,1,0.00850202
Warm B,329006,1942,1941,3538,2148,1,0.00753544
Warm B,326461,1933,1932,3538,2148,1,-0.003911032
Warm B,319513,1897,1896,3538,2148,1,0.021676881
Warm B,313253,1867,1866,3538,2148,0,0.007409415
Warm B,309958,1843,1842,3538,2148,0,0.012574581
Warm B,302805,1798,1797,3538,2148,1,0.006549117
Warm B,276390,1671,1670,3538,2148,1,0.007990715
Warm B,280952,1685,1684,3538,2148,1,0.005656693
Warm B,268602,1631,1630,3538,2148,1,0.0050715622
Warm B,266837,1618,1617,3538,2148,1,0.007829438
Warm B,256678,1569,1568,3538,2148,1,0.0029765079
Warm B,313185,1866,1865,3538,2148,1,0.003044237
Warm B,253097,1537,1536,3538,2148,0,0.01818724
Warm B,246947,1491,1490,3538,2148,0,0.009289041
Warm B,294442,1749,1748,3538,2148,0,0.010533103
Warm B,236864,1439,1438,3538,2148,0,-0.0060036867
Warm B,234554,1423,1422,3538,2148,1,-0.0015527993
Warm B,232595,1413,1412,3538,2148,0,0.007615418
Warm B,225304,1362,1361,3538,2148,1,0.009071131
Warm B,224308,1356,1355,3538,2148,0,0.016747072
Warm B,222449,1345,1344,3538,2148,1,0.0175793
Warm B,216620,1315,1314,3538,2148,1,-0.0017675827
Warm B,296572,1758,1757,3538,2148,1,0.015672674
Warm B,211234,1285,1284,3538,2148,0,0.016743246
Warm B,202142,1243,1242,3538,2148,1,0.013005417
Warm B,201735,1242,1241,3538,2148,0,0.0012972131
Warm B,195679,1203,1202,3538,2148,1,0.015646148
Warm B,229970,1391,1390,3538,2148,1,0.014510355
Warm B,189584,1174,1173,3538,2148,1,0.012617983
Warm B,189478,1173,1172,3538,2148,0,0.009407342
Warm B,188310,1168,1167,3538,2148,0,0.0039466056
Warm B,207066,1266,1265,3538,2148,1,0.01163906
Warm B,212531,1294,1293,3538,2148,1,0.014635398
Warm B,183762,1144,1143,3538,2148,1,0.007166534
Warm B,174913,1108,1107,3538,2148,1,0.0077773063
Warm B,166587,1059,1058,3538,2148,0,0.0027795583
Warm B,161882,1032,1031,3538,2148,0,0.012708543
Warm B,155488,1001,1000,3538,2148,1,0.02253173
Warm B,153717,987,986,3538,2148,1,0.010695901
Warm B,150111,966,965,3538,2148,1,0.018049743
Warm B,147796,952,951,3538,2148,0,0.009102379
Warm B,146138,939,938,3538,2148,1,0.006416784
Warm B,142493,919,918,3538,2148,1,0.003319539
Warm B,964171,5812,5811,3538,2148,0,0.019008419
Warm B,138682,889,888,3538,2148,0,0.018004531
Warm B,312041,1860,1859,3538,2148,0,0.0066689197
Warm B,916737,5539,5538,3538,2148,1,0.009128388
Warm B,133473,862,861,3538,2148,1,0.0043128505
Warm B,132842,856,855,3538,2148,0,0.0098706605
Warm B,200132,1228,1227,3538,2148,0,0.007905338
Warm B,631759,3821,3820,3538,2148,0,0.010542546
Warm B,112648,731,730,3538,2148,1,0.015495731
Warm B,100968,673,672,3538,2148,1,0.006986468
Warm B,661013,3985,3984,3538,2148,0,0.0051466683
Warm B,93072,623,622,3538,2148,1,0.007431365
Warm B,574881,3518,3517,3538,2148,1,0.016703002
Warm B,465213,2868,2867,3538,2148,1,0.0072599496
Warm B,89633,590,589,3538,2148,1,0.00272288
Warm B,78182,527,526,3538,2148,1,-0.0057038465
Warm B,75738,515,514,3538,2148,1,0.009014421
Warm B,69331,464,463,3538,2148,1,-0.006035244
Warm B,949497,5737,5736,3538,2148,1,0.008920594
Warm B,61324,412,411,3538,2148,1,0.0011804933
Warm B,60771,411,410,3538,2148,0,0.011553539
Warm B,58094,392,391,3538,2148,0,0.0128915375
Warm B,503984,3097,3096,3538,2148,1,0.0045933328
Warm B,198056,1217,1216,3538,2148,1,0.012380486
Warm B,45965,308,307,3538,2148,0,0.014545089
Warm B,43380,298,297,3538,2148,1,0.00165359
Warm B,61821,415,414,3538,2148,1,0.009472252
Warm B,332813,1962,1961,3538,2148,0,0.011119958
Warm B,182172,1137,1136,3538,2148,1,0.020646464
Warm B,88920,587,586,3538,2148,0,0.004266248
Warm B,30938,207,206,3538,2148,1,0.01603353
Warm B,28598,197,196,3538,2148,1,0.0048710136
Warm B,883090,5333,5332,3538,2148,0,0.017641496
Warm B,45012,303,302,3538,2148,1,0.0026734525
Warm B,133669,864,863,3538,2148,1,-0.0030419864
Warm B,397942,2362,2361,3538,2148,0,0.011592354
Warm B,152523,981,980,3538,2148,1,0.029677927
Warm B,314410,1877,1876,3538,2148,1,-0.00014590367
Warm B,16122,127,126,3538,2148,0,0.0021992808
Warm B,15044,119,118,3538,2148,0,0.006172397
Warm B,17530,136,135,3538,2148,1,0.0027931614
Warm B,784185,4682,4681,3538,2148,1,0.01183166
Warm B,657629,3963,3962,3538,2148,0,0.007997207
Warm B,28228,195,194,3538,2148,1,0.011355825
Warm B,75589,514,513,3538,2148,1,0.012958737
Warm B,399214,2376,2375,3538,2148,1,0.016936658
Warm B,353527,2071,2070,3538,2148,0,0.011714544
Warm B,846673,5087,5086,3538,2148,0,0.008490751
Warm B,722541,4327,4326,3538,2148,0,0.0057915784
Warm B,447565,2757,2756,3538,2148,1,0.0075102714
Warm B,548603,3386,3385,3538,2148,1,0.0025729185
Warm B,258563,1584,1583,3538,2148,0,0.006074758
Warm B,365865,2129,2128,3538,2148,0,0.004514579
Warm B,475624,2918,2917,3538,2148,1,0.0022460958
Warm B,882201,5329,5328,3538,2148,1,0.011135656
Warm B,405368,2427,2426,3538,2148,1,0.0037274528
Warm B,29471,201,200,3538,2148,0,0.008313632
Warm B,495385,3041,3040,3538,2148,1,-0.0027331477
Warm B,254903,1551,1550,3538,2148,0,0.011486793
Warm B,965883,5825,5824,3538,2148,1,0.0057990206
Warm B,739435,4418,4417,3538,2148,1,0.0079723615
Warm B,912836,5520,5519,3538,2148,1,0.010390924
Warm B,179779,1125,1124,3538,2148,0,0.011049714
Warm B,223107,1352,1351,3538,2148,1,0.008951362
Warm B,392456,2304,2303,3544,2150,0,0.0053192065
Warm B,385387,2251,2250,3544,2150,1,0.015551064
Warm B,356048,2085,2084,3544,2150,0,-0.0032239743
Warm B,361856,2109,2108,3544,2150,0,0.008405783
Warm B,341768,2012,2011,3544,2150,0,0.005911558
Warm B,340884,2010,2009,3544,2150,0,0.0050795656
Warm B,281396,1687,1686,3544,2150,0,0.0039597033
Warm B,282750,1694,1693,3544,2150,0,0.0087355245
Warm B,268102,1628,1627,3544,2150,1,0.008367283
Warm B,247869,1496,1495,3544,2150,0,0.011540454
Warm B,289470,1727,1726,3544,2150,1,0.004717945
Warm B,308162,1836,1835,3544,2150,0,0.00014421984
Warm B,279771,1680,1679,3544,2150,0,0.009468677
Warm B,179228,1124,1123,3544,2150,0,0.0056423917
Warm B,173809,1100,1099,3544,2150,0,0.012040776
Warm B,158551,1015,1014,3544,2150,0,0.0074817836
Warm B,135812,877,876,3544,2150,1,0.011273645
Warm B,352227,2063,2062,3544,2150,0,0.018703774
Warm B,160332,1019,1018,3544,2150,0,0.0042069135
Warm B,112659,731,730,3544,2150,1,0.008499758
Warm B,108243,710,709,3544,2150,0,0.009386307
Warm B,96491,647,646,3544,2150,1,0.008295126
Warm B,88927,587,586,3544,2150,1,0.008903531
Warm B,406198,2436,2435,3544,2150,1,0.012721553
Warm B,80358,533,532,3544,2150,1,0.0046637314
Warm B,116517,752,751,3544,2150,1,0.0031066253
Warm B,70260,474,473,3544,2150,0,0.010226387
Warm B,41839,284,283,3544,2150,1,0.0017937499
Warm B,34381,232,231,3544,2150,0,0.0024048463
Warm B,337182,1983,1982,3544,2150,1,0.012315813
Warm B,633524,3824,3823,3544,2150,0,0.017743642
Warm B,860155,5172,5171,3544,2150,0,0.004899428
Warm B,828799,4979,4978,3544,2150,0,0.02086434
Warm B,252636,1530,1529,3544,2150,0,0.010039011
Warm B,45977,308,307,3544,2150,0,0.0009330277
Warm B,67855,454,453,3544,2150,1,0.010545487
Warm B,310821,1851,1850,3544,2150,0,-0.0022460697
Warm B,80899,537,536,3547,2153,1,-0.00034791045
Warm B,63271,424,423,3547,2153,0,-0.010073152
Warm B,33539,225,224,3547,2153,0,-0.0039919987
Warm B,796123,4771,4770,3547,2153,1,-0.0028613722
Warm B,421177,2544,2543,3547,2153,1,-0.0072327545
Warm B,284923,1699,1698,3547,2153,1,-0.008667698
Warm B,158555,1015,1014,3547,2153,0,-0.009299336
Warm B,526547,3258,3257,3547,2153,0,0.0056982003
Warm B,901464,5450,5449,3547,2153,0,-0.008556047
Warm B,309756,1842,1841,3547,2153,1,-0.010986659
Warm B,50211,331,330,3547,2153,1,-0.006649625
Warm B,841226,5054,5053,3547,2153,1,-0.0032975571
Warm B,103997,691,690,3547,2153,1,-0.009045637
Warm B,319525,1897,1896,3547,2153,1,-0.0063818586
Warm B,241404,1451,1450,3547,2153,1,-0.00013224449
Warm B,933568,5636,5635,3547,2153,0,-0.0053991484
Warm B,24408,173,172,3547,2153,1,-0.0014700803
Warm B,675583,4053,4052,3550,2156,1,0.005223458
Warm B,672168,4040,4039,3550,2156,1,0.006969228
Warm B,676177,4054,4053,3550,2156,1,0.007455578
Warm B,664799,4001,4000,3550,2156,0,0.005658205
Warm B,680361,4078,4077,3550,2156,1,0.008232688
Warm B,652784,3934,3933,3550,2156,0,0.0043194937
Warm B,647084,3894,3893,3550,2156,0,0.00061241793
Warm B,639300,3842,3841,3550,2156,1,0.0025395774
Warm B,635182,3829,3828,3550,2156,0,0.0067464607
Warm B,633542,3824,3823,3550,2156,0,0.0010947646
Warm B,628212,3804,3803,3550,2156,1,0.007561627
Warm B,629811,3808,3807,3550,2156,1,0.004637529
Warm B,627974,3801,3800,3550,2156,0,-0.0022395684
Warm B,638512,3841,3840,3550,2156,0,0.009158967
Warm B,623523,3771,3770,3550,2156,0,0.0073212944
Warm B,615787,3727,3726,3550,2156,0,-0.001586372
Warm B,606688,3683,3682,3550,2156,0,0.018291011
Warm B,577789,3528,3527,3550,2156,0,-0.0036741064
Warm B,581006,3547,3546,3550,2156,1,-0.0012597241
Warm B,576273,3521,3520,3550,2156,1,0.0068953605
Warm B,574901,3518,3517,3550,2156,0,-0.0031143017
Warm B,579677,3539,3538,3550,2156,0,0.0071734646
Warm B,569436,3491,3490,3550,2156,0,0.011300385
Warm B,657193,3961,3960,3550,2156,1,0.0027717343
Warm B,560231,3442,3441,3550,2156,0,0.006307859
Warm B,645443,3885,3884,3550,2156,0,-0.0019662594
Warm B,544442,3356,3355,3550,2156,1,0.0064318446
Warm B,543949,3352,3351,3550,2156,1,0.0059427614
Warm B,543489,3346,3345,3550,2156,1,0.00486919
Warm B,670779,4031,4030,3550,2156,0,0.0040149144
Warm B,519833,3207,3206,3550,2156,0,0.0023179522
Warm B,518263,3198,3197,3550,2156,1,-0.0012067253
Warm B,522882,3224,3223,3550,2156,1,9.437837e-05
Warm B,566443,3476,3475,3550,2156,0,0.007923659
Warm B,506863,3118,3117,3550,2156,1,0.007621928
Warm B,654318,3942,3941,3550,2156,1,0.0009782691
Warm B,501865,3081,3080,3550,2156,1,0.0017083664
Warm B,490925,3018,3017,3550,2156,0,0.01212699
Warm B,696663,4169,4168,3550,2156,0,0.008532617
Warm B,477267,2929,2928,3550,2156,0,-0.0025090103
Warm B,474801,2913,2912,3550,2156,0,0.0070417896
Warm B,754748,4497,4496,3550,2156,1,0.01788324
Warm B,463549,2857,2856,3550,2156,0,0.008821127
Warm B,458225,2820,2819,3550,2156,0,0.007534694
Warm B,453970,2793,2792,3550,2156,1,-0.0020179949
Warm B,790512,4728,4727,3550,2156,1,0.009946748
Warm B,437129,2668,2667,3550,2156,1,0.011009339
Warm B,415567,2503,2502,3550,2156,1,0.006178582
Warm B,409764,2457,2456,3550,2156,0,0.01552027
Warm B,409295,2456,2455,3550,2156,1,0.0045625595
Warm B,464315,2860,2859,3550,2156,0,0.0017595631
Warm B,402485,2402,2401,3550,2156,0,0.0046552713
Warm B,389080,2279,2278,3550,2156,0,0.004233168
Warm B,377966,2205,2204,3550,2156,0,0.006675687
Warm B,370054,2164,2163,3550,2156,0,0.002271349
Warm B,394281,2323,2322,3550,2156,0,0.0026013437
Warm B,364940,2124,2123,3550,2156,0,-0.0055266647
Warm B,326341,1931,1930,3550,2156,1,-0.0012514399
Warm B,334006,1969,1968,3550,2156,1,0.0061652735
Warm B,288325,1722,1721,3550,2156,1,-0.0053133797
Warm B,270493,1636,1635,3550,2156,1,-0.0011245867
Warm B,280966,1685,1684,3550,2156,1,0.004578711
Warm B,264232,1607,1606,3550,2156,1,0.0045271935
Warm B,225436,1364,1363,3550,2156,0,-0.0005916519
Warm B,224540,1357,1356,3550,2156,0,0.0024799486
Warm B,325562,1926,1925,3550,2156,1,0.007337036
Warm B,240443,1449,1448,3550,2156,0,0.015289822
Warm B,207576,1268,1267,3550,2156,1,0.0014745742
Warm B,294460,1749,1748,3550,2156,1,-0.0021508888
Warm B,215053,1303,1302,3550,2156,0,0.006120271
Warm B,307659,1835,1834,3550,2156,1,-0.00084334146
Warm B,182883,1140,1139,3550,2156,0,-0.0034386725
Warm B,211824,1288,1287,3550,2156,1,-0.0017688465
Warm B,169383,1075,1074,3550,2156,0,0.0021484043
Warm B,163315,1044,1043,3550,2156,0,0.0004133489
Warm B,159398,1017,1016,3550,2156,0,0.005699095
Warm B,158579,1015,1014,3550,2156,1,0.008875147
Warm B,131321,850,849,3550,2156,1,0.004308422
Warm B,315514,1880,1879,3550,2156,0,0.0015878172
Warm B,124579,801,800,3550,2156,1,0.00038584054
Warm B,105251,696,695,3550,2156,0,0.004101298
Warm B,201757,1242,1241,3550,2156,1,0.003415494
Warm B,211271,1285,1284,3550,2156,1,0.011490145
Warm B,191363,1181,1180,3550,2156,0,0.017763872
Warm B,81875,543,542,3550,2156,1,0.0020273523
Warm B,83457,549,548,3550,2156,0,0.00658597
Warm B,63293,424,423,3550,2156,0,0.0089839045
Warm B,41219,278,277,3550,2156,0,0.004697122
Warm B,36567,245,244,3550,2156,0,0.008522516
Warm B,7819,53,52,3550,2156,1,0.006249835
Warm B,18755,146,145,3550,2156,0,0.00599621
Warm B,28274,195,194,3550,2156,1,0.008809151
Warm B,365873,2129,2128,3550,2156,0,-0.0029260304
Warm B,713319,4277,4276,3550,2156,0,0.007334322
Warm B,328593,1941,1940,3550,2156,0,0.012517583
Warm B,290492,1733,1732,3550,2156,0,0.013556102
Warm B,229727,1390,1389,3550,2156,0,0.00078799063
Warm B,271846,1643,1642,3550,2156,1,0.00054872176
Warm B,241417,1451,1450,3550,2156,1,0.002701426
Warm B,821614,4940,4939,3550,2156,0,0.0023739152
Warm B,844037,5074,5073,3553,2159,0,0.009017963
Warm B,33166,224,223,3553,2159,0,0.008713907
Warm B,12852,99,98,3553,2159,0,0.0013785245
Warm B,895717,5413,5412,3553,2159,0,0.0016756349
Warm B,431178,2627,2626,3553,2159,0,0.0008444707
Warm B,263619,1605,1604,3553,2159,0,0.00726957
Warm B,682706,4085,4084,3553,2159,1,0.0022190372
Warm B,564684,3471,3470,3553,2159,0,0.02207445
Warm B,401178,2390,2389,3553,2159,0,0.0048631076
Warm B,684202,4089,4088,3553,2159,0,0.009117159
Warm B,309763,1842,1841,3553,2159,0,0.006115204
Warm B,907707,5492,5491,3553,2159,0,0.0068391887
Warm B,336288,1980,1979,3553,2159,0,0.0049869963
Warm B,164801,1051,1050,3553,2159,0,0.014868569
Warm B,883103,5333,5332,3553,2159,0,0.008675635
Warm B,158581,1015,1014,3553,2159,0,0.0078586545
Warm B,206462,1265,1264,3553,2159,0,0.0070707565
Warm B,313004,1865,1864,3553,2159,0,0.0042920755
Warm B,718664,4305,4304,3553,2159,1,0.014589239
Warm B,713322,4277,4276,3553,2159,1,0.0056539983
Warm B,413866,2489,2488,3553,2159,0,-0.003630077
Warm B,877459,5302,5301,3553,2159,0,0.0003879274
Warm B,120160,776,775,3554,2160,1,0.005554835
Warm B,119826,773,772,3554,2160,1,0.003566221
Warm B,116533,752,751,3554,2160,0,0.02043979
Warm B,111360,724,723,3554,2160,1,0.007243718
Warm B,100983,673,672,3554,2160,0,0.0048778253
Warm B,129022,838,837,3554,2160,1,0.008025017
Warm B,335228,1978,1977,3554,2160,0,0.014658907
Warm B,583637,3562,3561,3554,2160,1,0.011031033
Warm B,89638,590,589,3554,2160,1,0.012242213
Warm B,66777,447,446,3554,2160,1,-0.008190302
Warm B,64356,429,428,3554,2160,1,0.01676431
Warm B,51488,338,337,3554,2160,1,0.0038735927
Warm B,48875,327,326,3554,2160,1,0.01426992
Warm B,317900,1889,1888,3554,2160,0,0.0131206885
Warm B,145480,935,934,3554,2160,0,0.0007796611
Warm B,117089,754,753,3554,2160,1,0.0136669455
Warm B,713323,4277,4276,3554,2160,1,0.014884865
Warm B,500517,3074,3073,3554,2160,1,0.011662544
Warm B,23351,167,166,3554,2160,1,0.012475159
Warm B,12061,92,91,3554,2160,0,0.022090193
Warm B,7289,51,50,3554,2160,0,0.0075793867
Warm B,437271,2669,2668,3554,2160,1,0.015945012
Warm B,4071,30,29,3554,2160,1,-0.00043407478
Warm B,172006,1088,1087,3554,2160,1,0.024070255
Warm B,804361,4816,4815,3554,2160,1,0.010439815
Warm B,255612,1556,1555,3554,2160,0,0.0067111645
Warm B,24425,173,172,3554,2160,0,0.007087373
Warm B,883104,5333,5332,3554,2160,1,-0.000966399
Warm B,733568,4386,4385,3554,2160,1,0.016351188
Warm B,548607,3386,3385,3554,2160,1,0.0010923892
Warm B,228496,1383,1382,3554,2160,1,0.0077937925
Warm B,575538,3519,3518,3554,2160,1,0.017100012
Warm B,574904,3518,3517,3554,2160,0,0.007548459
Warm B,71435,480,479,3554,2160,0,0.009455289
Warm B,801500,4802,4801,3554,2160,0,0.014520037
Warm B,20073,149,148,3554,2160,1,0.0068084286
Warm B,127380,822,821,3554,2160,1,0.0066832346
Warm B,405373,2427,2426,3554,2160,1,0.014195947
Warm B,195704,1203,1202,3554,2160,1,0.008189593
Warm B,59465,403,402,3554,2160,0,0.004241452
Warm B,83463,549,548,3554,2160,0,0.014671888
Warm B,561685,3454,3453,3554,2160,0,0.011998808
Warm B,879953,5317,5316,3554,2160,1,0.004685153
Warm B,13168,102,101,3554,2160,1,0.009388411
Warm B,241420,1451,1450,3554,2160,1,0.011103447
Warm B,352252,2063,2062,3554,2160,1,0.02013113
Warm B,111737,727,726,3554,2160,1,0.019497227
Warm B,203704,1252,1251,3554,2160,0,-0.005662228
Warm B,474021,2909,2908,3554,2160,0,0.01132955
Warm B,965885,5825,5824,3554,2160,1,0.0054822415
Warm B,60803,411,410,3554,2160,0,0.010332489
Warm B,421191,2544,2543,3554,2160,0,0.006243213
Warm B,926159,5598,5597,3554,2160,1,0.008057246
Warm B,527107,3260,3259,3554,2160,0,0.0106054405
Warm B,215683,1306,1305,3554,2160,1,0.011921023
Warm B,178736,1121,1120,3554,2160,1,0.017880652
Warm B,491235,3020,3019,3554,2160,1,0.00060251774
Warm B,33980,229,228,3554,2160,1,0.0010672533
Warm B,739442,4418,4417,3554,2160,1,0.0043634195
Warm B,517100,3191,3190,3557,2163,0,0.013634907
Warm B,521547,3217,3216,3557,2163,0,0.017107341
Warm B,498441,3060,3059,3557,2163,1,-0.0006475118
Warm B,489315,3012,3011,3557,2163,0,0.011189779
Warm B,480276,2946,2945,3557,2163,0,0.009162778
Warm B,879956,5317,5316,3557,2163,0,0.022262666
Warm B,463553,2857,2856,3557,2163,0,0.016871054
Warm B,458230,2820,2819,3557,2163,0,0.011385497
Warm B,444827,2743,2742,3557,2163,0,0.0053831805
Warm B,467038,2878,2877,3557,2163,0,0.0054478953
Warm B,431718,2629,2628,3557,2163,0,0.006592005
Warm B,416873,2507,2506,3557,2163,0,0.016411688
Warm B,408389,2453,2452,3557,2163,0,0.008248723
Warm B,373228,2179,2178,3557,2163,0,0.00545442
Warm B,358629,2098,2097,3557,2163,0,0.009249812
Warm B,352255,2063,2062,3557,2163,0,0.013248369
Warm B,371813,2172,2171,3557,2163,0,0.013259311
Warm B,296176,1757,1756,3557,2163,0,0.015364166
Warm B,565752,3475,3474,3557,2163,1,0.013785153
Warm B,279821,1680,1679,3557,2163,1,0.010616677
Warm B,328608,1941,1940,3557,2163,0,0.009379355
Warm B,185708,1150,1149,3557,2163,0,0.010607031
Warm B,184112,1146,1145,3557,2163,0,0.0013997194
Warm B,221583,1340,1339,3557,2163,0,0.0073821936
Warm B,145483,935,934,3557,2163,0,0.006264503
Warm B,361064,2106,2105,3557,2163,0,0.005701635
Warm B,223745,1354,1353,3557,2163,0,0.020186618
Warm B,111361,724,723,3557,2163,0,0.013923004
Warm B,103507,687,686,3557,2163,1,0.009496102
Warm B,99044,660,659,3557,2163,0,0.01254854
Warm B,240456,1449,1448,3557,2163,0,0.007979058
Warm B,111020,721,720,3557,2163,0,0.016019534
Warm B,631785,3821,3820,3557,2163,0,0.011803605
Warm B,696671,4169,4168,3557,2163,1,0.018267393
Warm B,83469,549,548,3557,2163,1,0.014849279
Warm B,191372,1181,1180,3557,2163,0,0.014669808
Warm B,77823,524,523,3557,2163,0,0.025830653
Warm B,239256,1448,1447,3557,2163,1,0.0057992907
Warm B,15669,123,122,3557,2163,0,0.014325028
Warm B,276428,1671,1670,3557,2163,0,0.016618602
Warm B,9351,62,61,3557,2163,0,0.010973876
Warm B,7824,53,52,3557,2163,1,0.011555612
Warm B,108259,710,709,3557,2163,1,0.01769374
Warm B,104520,692,691,3557,2163,0,0.014540367
Warm B,50230,331,330,3557,2163,0,0.006262305
Warm B,355135,2077,2076,3557,2163,0,0.008267166
Warm B,150762,970,969,3557,2163,0,0.012756014
Warm B,79679,531,530,3557,2163,0,0.014844025
Warm B,476462,2926,2925,3557,2163,0,0.012274271
Warm B,178739,1121,1120,3557,2163,1,-0.0026573725
Warm B,475635,2918,2917,3557,2163,0,0.0046914397
Warm B,532359,3285,3284,3557,2163,0,0.01380439
Warm B,608709,3691,3690,3557,2163,1,0.008112083
Warm B,179801,1125,1124,3557,2163,0,0.010374306
Warm B,325041,1925,1924,3557,2163,1,0.019352954
Warm B,941505,5682,5681,3557,2163,0,0.017213387
Warm B,298476,1769,1768,3564,2164,0,-0.00079184293
Warm B,286015,1706,1705,3564,2164,0,0.0065213405
Warm B,278284,1678,1677,3564,2164,0,0.0056950734
Warm B,271559,1641,1640,3564,2164,0,-0.011697151
Warm B,264429,1608,1607,3564,2164,0,-0.00023940112
Warm B,256990,1573,1572,3564,2164,0,-0.0027521844
Warm B,251947,1524,1523,3564,2164,0,-0.0016651646
Warm B,236491,1434,1433,3564,2164,0,-0.0012702886
Warm B,225630,1366,1365,3564,2164,0,-0.0012052865
Warm B,224897,1359,1358,3564,2164,0,0.0063703833
Warm B,220216,1334,1333,3564,2164,0,0.007697442
Warm B,200687,1232,1231,3564,2164,0,0.010833614
Warm B,279863,1680,1679,3564,2164,0,-0.0020861216
Warm B,186509,1153,1152,3564,2164,0,-0.0012303923
Warm B,326573,1935,1934,3564,2164,0,-0.0036108573
Warm B,180030,1127,1126,3564,2164,0,0.005105746
Warm B,179812,1125,1124,3564,2164,0,-0.00030696695
Warm B,167451,1066,1065,3564,2164,0,0.005790478
Warm B,270501,1636,1635,3564,2164,0,0.0013547649
Warm B,162606,1037,1036,3564,2164,0,0.002833507
Warm B,246464,1489,1488,3564,2164,0,-0.0011720066
Warm B,151735,975,974,3564,2164,0,0.0018337336
Warm B,148853,957,956,3564,2164,0,0.0025059106
Warm B,146492,944,943,3564,2164,0,-0.0019499226
Warm B,134561,869,868,3564,2164,0,0.00024937373
Warm B,128792,836,835,3564,2164,0,-0.0024287011
Warm B,182204,1137,1136,3564,2164,0,0.002115685
Warm B,126068,812,811,3564,2164,0,0.003982315
Warm B,114561,744,743,3564,2164,0,0.004840205
Warm B,100992,673,672,3564,2164,0,-0.0025618782
Warm B,95053,637,636,3564,2164,0,-0.009761425
Warm B,93869,629,628,3564,2164,0,0.0012506181
Warm B,116916,753,752,3564,2164,0,-0.0075606066
Warm B,88167,581,580,3564,2164,0,0.0020717834
Warm B,73177,494,493,3564,2164,0,-0.0016161699
Warm B,58878,399,398,3564,2164,0,0.004188396
Warm B,55671,368,367,3564,2164,0,0.0038645286
Warm B,49832,330,329,3564,2164,0,0.0020962267
Warm B,41871,284,283,3564,2164,0,0.002548811
Warm B,647848,3900,3899,3564,2164,0,-0.002607626
Warm B,32204,216,215,3564,2164,0,0.002037291
Warm B,30592,204,203,3564,2164,0,0.0074597406
Warm B,25659,181,180,3564,2164,0,0.002674046
Warm B,9002,61,60,3564,2164,0,0.0010026682
Warm B,142235,918,917,3564,2164,0,0.0056227385
Warm B,483299,2969,2968,3564,2164,0,-0.0007268945
Warm B,249000,1501,1500,3564,2164,0,0.0019031051
Warm B,102592,678,677,3564,2164,0,-0.0024907496
Warm B,577493,3526,3525,3564,2164,0,-0.008081693
Warm B,83496,549,548,3564,2164,0,0.00429206
Warm B,35105,237,236,3564,2164,0,-0.008000299
Warm B,111035,721,720,3564,2164,1,0.0010950526
Warm B,352285,2063,2062,3564,2164,0,0.0030131089
Warm B,907714,5492,5491,3564,2164,1,0.004564001
Warm B,415860,2504,2503,3564,2164,0,-0.0059750434
Warm B,255979,1560,1559,3564,2164,0,0.001075404
Warm B,427378,2594,2593,3564,2164,0,0.008162594
Warm B,164822,1051,1050,3564,2164,0,-0.0003445727
Warm B,60840,411,410,3564,2164,0,0.0011636347
Warm B,699767,4186,4185,3564,2164,0,0.004810859
Warm B,328650,1941,1940,3564,2164,0,0.005124432
Warm B,992466,5996,5995,3564,2164,0,0.0034528058
Warm B,488178,3002,3001,3564,2164,0,0.00063519366
Warm B,865960,5222,5221,3564,2164,0,0.000112504466
Warm B,460841,2841,2840,3564,2164,0,0.0040507587
Warm B,718673,4305,4304,3564,2164,0,-0.004427352
Warm B,470775,2898,2897,3564,2164,0,0.0029626652
Warm B,550543,3391,3390,3564,2164,0,-0.0022574612
Warm B,289801,1731,1730,3571,2167,1,0.0011072005
Warm B,278291,1678,1677,3571,2167,0,0.004351827
Warm B,267674,1626,1625,3571,2167,0,0.0120209865
Warm B,325599,1926,1925,3571,2167,1,0.023840329
Warm B,284506,1698,1697,3571,2167,0,0.008592719
Warm B,212637,1295,1294,3571,2167,0,0.008177688
Warm B,294499,1749,1748,3571,2167,0,0.006017863
Warm B,195743,1203,1202,3571,2167,0,0.021876631
Warm B,201236,1241,1240,3571,2167,1,0.0020914315
Warm B,308916,1837,1836,3571,2167,1,0.016143518
Warm B,204748,1260,1259,3571,2167,0,0.0032218562
Warm B,188330,1168,1167,3571,2167,0,0.02310845
Warm B,155507,1001,1000,3571,2167,1,0.004929693
Warm B,139651,893,892,3571,2167,1,0.008392917
Warm B,127397,822,821,3571,2167,0,0.010283634
Warm B,105273,696,695,3571,2167,0,0.009367434
Warm B,101001,673,672,3571,2167,1,-0.0035209628
Warm B,305136,1812,1811,3571,2167,1,0.016570894
Warm B,232607,1413,1412,3571,2167,1,0.0131844925
Warm B,241464,1451,1450,3571,2167,0,0.0067469385
Warm B,132685,855,854,3571,2167,1,0.0064095315
Warm B,51017,336,335,3571,2167,0,0.011146069
Warm B,100597,671,670,3571,2167,1,0.009880827
Warm B,33602,225,224,3571,2167,1,0.009718611
Warm B,314426,1877,1876,3571,2167,1,-0.005665322
Warm B,133482,862,861,3571,2167,1,0.004971616
Warm B,9900,68,67,3571,2167,1,0.0065947147
Warm B,61377,412,411,3571,2167,1,0.014610301
Warm B,7874,53,52,3571,2167,1,0.022531888
Warm B,290523,1733,1732,3571,2167,1,0.0136318
Warm B,24464,173,172,3571,2167,0,0.0069000465
Warm B,764159,4543,4542,3571,2167,1,0.017460821
Warm B,48011,321,320,3571,2167,0,0.0043902653
Warm B,447580,2757,2756,3571,2167,1,0.012994434
Warm B,212165,1291,1290,3571,2167,0,0.0064536324
Warm B,893093,5394,5393,3571,2167,1,0.019467723
Warm B,753365,4489,4488,3571,2167,1,0.017203942
Warm B,844064,5074,5073,3571,2167,1,0.01789727
Warm B,289708,1729,1728,3571,2167,0,0.01281807
Warm B,460852,2841,2840,3571,2167,1,0.0056809178
Warm B,823373,4950,4949,3571,2167,0,0.023991156
Warm B,966996,5831,5830,3571,2167,1,0.01663856
Warm B,567716,3483,3482,3571,2167,0,0.01846688
Warm B,571233,3503,3502,3571,2167,1,0.010015573
Warm B,251956,1524,1523,3571,2167,1,0.00095232925
Warm B,550572,3391,3390,3571,2167,0,0.0105219195
Warm B,684250,4089,4088,3571,2167,1,0.020750456
Warm B,964219,5812,5811,3571,2167,0,0.011672948
Warm B,636509,3834,3833,3571,2167,1,0.012458555
Warm B,207129,1266,1265,3571,2167,0,0.008682692
Warm B,768855,4579,4578,3571,2167,0,0.0159614
Warm B,25441,180,179,3571,2167,0,-0.004810624
Warm B,384542,2246,2245,3571,2167,0,0.012177811
Warm B,164841,1051,1050,3571,2167,0,0.02042637
Warm B,960338,5792,5791,3571,2167,0,0.003100962
Warm B,160406,1019,1018,3571,2167,0,0.015486133
Warm B,211341,1285,1284,3571,2167,0,0.0136695085
Warm B,187811,1164,1163,3571,2167,0,-0.0033831997
Warm B,497407,3054,3053,3571,2167,1,0.008500114
Warm B,371132,2168,2167,3571,2167,0,0.016482439
Warm B,108299,710,709,3571,2167,0,0.013217153
Warm B,313025,1865,1864,3571,2167,0,0.012630968
Warm B,633608,3824,3823,3571,2167,0,0.013861276
Warm B,235250,1425,1424,3571,2167,1,0.010859914
Warm B,575911,3520,3519,3571,2167,0,0.007928585
Warm B,375729,2188,2187,3571,2167,0,0.014226995
Warm B,825633,4958,4957,3571,2167,1,0.0021756568
Warm B,196736,1207,1206,3572,2168,0,-0.003832276
Warm B,328689,1941,1940,3572,2168,0,0.009626312
Warm B,168679,1069,1068,3572,2168,0,0.005517116
Warm B,159425,1017,1016,3572,2168,0,-0.0026598545
Warm B,126737,817,816,3572,2168,1,0.004327391
Warm B,125634,808,807,3572,2168,0,0.004847695
Warm B,114113,741,740,3572,2168,0,-0.0061498154
Warm B,107533,709,708,3572,2168,0,0.013507035
Warm B,234357,1422,1421,3572,2168,0,0.0042423527
Warm B,86252,563,562,3572,2168,0,0.008490376
Warm B,84510,550,549,3572,2168,0,0.010504108
Warm B,41232,278,277,3572,2168,1,0.0022586004
Warm B,38533,262,261,3572,2168,0,0.0014300277
Warm B,696732,4169,4168,3572,2168,0,0.0088472385
Warm B,312060,1860,1859,3572,2168,0,0.0025791237
Warm B,365896,2129,2128,3572,2168,0,0.00276563
Warm B,290525,1733,1732,3572,2168,0,0.0071721645
Warm B,195750,1203,1202,3579,2171,0,0.0051262956
Warm B,388397,2272,2271,3579,2171,1,0.0061481954
Warm B,111062,721,720,3579,2171,1,0.004151429
Warm B,352342,2063,2062,3579,2171,0,0.01342665
Warm B,291941,1739,1738,3579,2171,0,-0.0045228694
Warm B,313031,1865,1864,3579,2171,0,0.00049410784
Warm B,583687,3562,3561,3579,2171,0,0.009269755
Warm B,413316,2485,2484,3579,2171,0,0.008074431
Warm B,635244,3829,3828,3584,2172,0,0.0061122887
Warm B,629911,3808,3807,3584,2172,0,0.015113113
Warm B,638602,3841,3840,3584,2172,0,0.011904882
Warm B,611402,3705,3704,3584,2172,0,0.0140945185
Warm B,725578,4344,4343,3584,2172,0,0.016009456
Warm B,598406,3641,3640,3584,2172,1,0.003978039
Warm B,633641,3824,3823,3584,2172,0,0.004503498
Warm B,594351,3618,3617,3584,2172,0,0.01110478
Warm B,592924,3614,3613,3584,2172,0,0.0036245743
Warm B,567734,3483,3482,3584,2172,1,0.029646438
Warm B,547454,3377,3376,3584,2172,1,-9.296555e-05
Warm B,542465,3336,3335,3584,2172,0,0.008189421
Warm B,533658,3292,3291,3584,2172,0,0.005065088
Warm B,531288,3280,3279,3584,2172,0,-0.0024548527
Warm B,525157,3242,3241,3584,2172,0,0.005750769
Warm B,522978,3224,3223,3584,2172,0,0.0076393317
Warm B,494531,3032,3031,3584,2172,1,0.00628538
Warm B,489997,3014,3013,3584,2172,0,0.003937573
Warm B,480311,2946,2945,3584,2172,0,0.013994576
Warm B,458293,2820,2819,3584,2172,0,0.008414475
Warm B,438110,2677,2676,3584,2172,0,0.005130836
Warm B,431476,2628,2627,3584,2172,1,0.012234348
Warm B,431746,2629,2628,3584,2172,0,0.00025284942
Warm B,419000,2529,2528,3584,2172,0,0.021103378
Warm B,414959,2497,2496,3584,2172,0,0.017083507
Warm B,464372,2860,2859,3584,2172,0,-0.00388056
Warm B,403036,2406,2405,3584,2172,1,-0.00075737014
Warm B,402524,2402,2401,3584,2172,0,0.015335064
Warm B,381802,2231,2230,3584,2172,0,0.02110919
Warm B,350594,2058,2057,3584,2172,0,0.013388588
Warm B,269303,1632,1631,3584,2172,0,0.016113566
Warm B,262378,1600,1599,3584,2172,0,0.011195784
Warm B,244776,1473,1472,3584,2172,0,0.006647798
Warm B,227340,1377,1376,3584,2172,0,0.0073938263
Warm B,336382,1980,1979,3584,2172,0,0.019721571
Warm B,211619,1286,1285,3584,2172,0,0.006291926
Warm B,213699,1298,1297,3584,2172,1,-0.00087401294
Warm B,279967,1680,1679,3584,2172,1,0.009764248
Warm B,328745,1941,1940,3584,2172,0,0.013341645
Warm B,191475,1181,1180,3584,2172,0,0.01626676
Warm B,185795,1150,1149,3584,2172,0,0.015030798
Warm B,316410,1883,1882,3584,2172,0,0.012423501
Warm B,307735,1835,1834,3584,2172,0,0.012091496
Warm B,180039,1127,1126,3584,2172,0,0.009670936
Warm B,169859,1078,1077,3584,2172,1,-0.0017781218
Warm B,138847,889,888,3584,2172,0,0.019756736
Warm B,211379,1285,1284,3584,2172,0,0.010081419
Warm B,114000,739,738,3584,2172,1,0.003011574
Warm B,112945,732,731,3584,2172,1,0.009989567
Warm B,106936,702,701,3584,2172,0,0.014063444
Warm B,201806,1242,1241,3584,2172,0,0.011086002
Warm B,97215,651,650,3584,2172,1,0.016165756
Warm B,150806,970,969,3584,2172,0,0.0038762186
Warm B,83553,549,548,3584,2172,1,0.020670988
Warm B,239347,1448,1447,3584,2172,1,0.008827845
Warm B,77904,524,523,3584,2172,0,0.02494068
Warm B,76804,520,519,3584,2172,0,0.0063202735
Warm B,74084,504,503,3584,2172,0,0.005190425
Warm B,20887,151,150,3584,2172,0,0.014087764
Warm B,19569,148,147,3584,2172,0,0.019842774
Warm B,4940,35,34,3584,2172,1,0.0066170217
Warm B,3602,26,25,3584,2172,1,0.0059601525
Warm B,482043,2962,2961,3584,2172,0,0.0074032275
Warm B,450087,2775,2774,3584,2172,1,0.016624095
Warm B,102657,678,677,3584,2172,0,0.018963518
Warm B,408439,2453,2452,3584,2172,0,0.0054965466
Warm B,136948,881,880,3584,2172,0,0.015323749
Warm B,63400,424,423,3584,2172,0,0.010419449
Warm B,874012,5277,5276,3584,2172,0,0.010911404
Warm B,377473,2203,2202,3590,2173,1,0.00185624
Warm B,281432,1687,1686,3590,2173,0,-0.003044101
Warm B,300593,1780,1779,3590,2173,0,0.005628707
Warm B,220073,1333,1332,3590,2173,0,0.011902589
Warm B,289531,1727,1726,3590,2173,1,0.0038779988
Warm B,280013,1680,1679,3590,2173,1,-0.00043073227
Warm B,213709,1298,1297,3590,2173,0,-0.00024075666
Warm B,197079,1209,1208,3590,2173,0,0.0013082349
Warm B,179270,1124,1123,3590,2173,0,0.007300496
Warm B,217360,1317,1316,3590,2173,0,0.004337156
Warm B,115576,749,748,3590,2173,0,0.011449296
Warm B,240567,1449,1448,3590,2173,0,-0.008014611
Warm B,97222,651,650,3590,2173,1,0.002272672
Warm B,394324,2323,2322,3590,2173,0,-0.004857137
Warm B,72372,482,481,3590,2173,0,0.0017852448
Warm B,211407,1285,1284,3590,2173,0,0.0012778481
Warm B,36684,245,244,3590,2173,0,-0.0072189686
Warm B,32281,216,215,3590,2173,0,0.014352891
Warm B,239371,1448,1447,3590,2173,1,0.0025254167
Warm B,3626,26,25,3590,2173,0,0.005609757
Warm B,828860,4979,4978,3590,2173,0,0.010083808
Warm B,111080,721,720,3590,2173,0,-0.00068280636
Warm B,328777,1941,1940,3590,2173,0,0.0031070202
Warm B,474142,2909,2908,3590,2173,0,0.008638536
Warm B,924012,5580,5579,3590,2173,0,0.0051110117
Warm B,353559,2071,2070,3594,2176,0,-0.0025183582
Warm B,349636,2051,2050,3594,2176,0,0.0032106428
Warm B,348801,2046,2045,3594,2176,0,-0.0033217322
Warm B,340322,2009,2008,3594,2176,1,0.00012583507
Warm B,324703,1923,1922,3594,2176,0,0.004541111
Warm B,329016,1942,1941,3594,2176,0,-0.004647799
Warm B,324790,1924,1923,3594,2176,1,0.010126588
Warm B,318567,1893,1892,3594,2176,0,0.008603355
Warm B,330889,1953,1952,3594,2176,0,-0.006506926
Warm B,306281,1824,1823,3594,2176,1,0.0001508568
Warm B,304420,1808,1807,3594,2176,1,0.002399275
Warm B,330593,1951,1950,3594,2176,1,-0.0016697999
Warm B,300990,1786,1785,3594,2176,0,0.008796381
Warm B,329762,1944,1943,3594,2176,1,0.013096545
Warm B,297927,1765,1764,3594,2176,1,-0.00079645077
Warm B,281080,1686,1685,3594,2176,1,0.0003863247
Warm B,281435,1687,1686,3594,2176,1,-0.00813062
Warm B,280543,1683,1682,3594,2176,1,0.0075220075
Warm B,302317,1794,1793,3594,2176,0,-0.0057591675
Warm B,267438,1625,1624,3594,2176,0,-0.0014285485
Warm B,263726,1605,1604,3594,2176,1,0.0035072826
Warm B,262832,1603,1602,3594,2176,1,-5.1024836e-05
Warm B,256691,1569,1568,3594,2176,1,0.007840056
Warm B,255651,1556,1555,3594,2176,0,0.002021107
Warm B,251505,1520,1519,3594,2176,1,-0.0009479005
Warm B,237333,1444,1443,3594,2176,1,0.007148232
Warm B,236510,1434,1433,3594,2176,0,0.0080669485
Warm B,224356,1356,1355,3594,2176,0,-0.0053063557
Warm B,222661,1347,1346,3594,2176,0,0.0061497176
Warm B,200442,1230,1229,3594,2176,0,-0.0066179903
Warm B,217366,1317,1316,3594,2176,0,0.006544367
Warm B,201068,1240,1239,3594,2176,1,-0.004504822
Warm B,195785,1203,1202,3594,2176,1,-0.0061772866
Warm B,456621,2810,2809,3594,2176,0,0.0055489363
Warm B,189150,1172,1171,3594,2176,0,-0.0052354117
Warm B,189529,1173,1172,3594,2176,0,0.0033557578
Warm B,207176,1266,1265,3594,2176,1,0.0006063413
Warm B,326575,1935,1934,3594,2176,0,-0.004231063
Warm B,183372,1141,1140,3594,2176,0,0.0036218078
Warm B,182403,1138,1137,3594,2176,1,0.0045906845
Warm B,244226,1470,1469,3594,2176,0,0.0032546017
Warm B,156386,1009,1008,3594,2176,1,-0.0007538097
Warm B,155519,1001,1000,3594,2176,1,-0.0030982085
Warm B,145524,935,934,3594,2176,1,-0.0058500962
Warm B,143571,926,925,3594,2176,1,0.004148473
Warm B,225329,1362,1361,3594,2176,1,-0.0014105439
Warm B,149779,963,962,3594,2176,0,-0.003933748
Warm B,140475,901,900,3594,2176,0,0.0037250044
Warm B,139658,893,892,3594,2176,0,0.0031347242
Warm B,192846,1187,1186,3594,2176,0,-0.0001378865
Warm B,138880,889,888,3594,2176,0,-0.00242138
Warm B,137380,886,885,3594,2176,1,-0.0071041994
Warm B,132848,856,855,3594,2176,0,0.0020790864
Warm B,129039,838,837,3594,2176,1,0.0023325535
Warm B,332891,1962,1961,3594,2176,0,-7.600244e-05
Warm B,182246,1137,1136,3594,2176,0,0.0022956012
Warm B,128375,830,829,3594,2176,0,0.009397135
Warm B,125426,807,806,3594,2176,1,6.8152905e-05
Warm B,240572,1449,1448,3594,2176,0,0.0032241214
Warm B,115022,746,745,3594,2176,1,0.008397335
Warm B,102677,678,677,3594,2176,1,-0.00481094
Warm B,134915,872,871,3594,2176,0,0.0032480992
Warm B,111081,721,720,3594,2176,0,-0.0016962448
Warm B,92074,612,611,3594,2176,0,0.00078268757
Warm B,384280,2244,2243,3594,2176,0,0.002031452
Warm B,90344,596,595,3594,2176,0,-0.0006911773
Warm B,89657,590,589,3594,2176,1,-0.00633194
Warm B,87544,572,571,3594,2176,0,-0.0005579213
Warm B,87350,570,569,3594,2176,1,-0.00625629
Warm B,85696,558,557,3594,2176,0,-0.0025424166
Warm B,76529,519,518,3594,2176,1,0.008534594
Warm B,76210,517,516,3594,2176,1,0.000717876
Warm B,73930,501,500,3594,2176,1,3.9475737e-05
Warm B,69999,473,472,3594,2176,1,0.00041641388
Warm B,64388,429,428,3594,2176,1,0.003975698
Warm B,503989,3097,3096,3594,2176,0,0.00029363134
Warm B,313040,1865,1864,3594,2176,1,0.0035280986
Warm B,39630,268,267,3594,2176,1,-0.0065910937
Warm B,27725,194,193,3594,2176,1,0.0017352602
Warm B,365298,2125,2124,3594,2176,0,-0.00445338
Warm B,500535,3074,3073,3594,2176,1,-0.004473936
Warm B,314433,1877,1876,3594,2176,0,-0.0004903506
Warm B,12127,92,91,3594,2176,0,-0.008230956
Warm B,7297,51,50,3594,2176,0,0.00038708607
Warm B,7250,50,49,3594,2176,0,0.0022751098
Warm B,4757,34,33,3594,2176,1,-0.001297999
Warm B,1862,17,16,3594,2176,0,-0.005958701
Warm B,877473,5302,5301,3594,2176,1,-0.012950199
Warm B,883159,5333,5332,3594,2176,1,-0.0068768663
Warm B,59512,403,402,3594,2176,0,0.00024746172
Warm B,79764,531,530,3594,2176,0,-0.0055890246
Warm B,635263,3829,3828,3594,2176,0,-0.0014283629
Warm B,78708,528,527,3594,2176,0,0.0071558515
Warm B,403373,2409,2408,3594,2176,1,0.00026755384
Warm B,768872,4579,4578,3594,2176,1,0.0038630215
Warm B,140384,899,898,3594,2176,0,-0.0038502477
Warm B,585048,3571,3570,3594,2176,1,0.0018067355
Warm B,223812,1354,1353,3594,2176,0,0.0058067897
Warm B,823802,4951,4950,3594,2176,0,0.0062184795
Warm B,33191,224,223,3594,2176,0,-0.00053853507
Warm B,287510,1716,1715,3594,2176,0,0.0024660123
Warm B,755121,4498,4497,3594,2176,1,0.004155433
Warm B,12872,99,98,3594,2176,0,-0.0017287163
Warm B,804387,4816,4815,3594,2176,1,-0.00561752
Warm B,984118,5948,5947,3594,2176,1,0.0077647865
Warm B,665332,4005,4004,3594,2176,0,0.0013135175
Warm B,682796,4085,4084,3594,2176,0,0.0004604552
Warm B,574965,3518,3517,3594,2176,0,-0.0053219856
Warm B,319620,1897,1896,3594,2176,0,0.009482255
Warm B,405385,2427,2426,3594,2176,0,0.004238003
Warm B,538211,3312,3311,3594,2176,0,-0.009050383
Warm B,145124,934,933,3594,2176,0,0.009020995
Warm B,309817,1842,1841,3594,2176,1,-0.0005458561
Warm B,308949,1837,1836,3594,2176,0,0.0068973517
Warm B,833500,5011,5010,3594,2176,1,0.0041393233
Warm B,562810,3462,3461,3594,2176,1,-0.004568625
Warm B,583708,3562,3561,3594,2176,1,-0.0029194856
Warm B,992925,5998,5997,3594,2176,0,0.0034445962
Warm B,599507,3648,3647,3594,2176,0,0.00968594
Warm B,924014,5580,5579,3594,2176,1,0.00025001646
Warm B,172122,1088,1087,3594,2176,0,-0.0058983997
Warm B,34007,229,228,3594,2176,0,0.0077604796
Warm B,704683,4225,4224,3598,2177,1,0.005585567
Warm B,699427,4184,4183,3598,2177,1,0.012399665
Warm B,694747,4161,4160,3598,2177,0,0.004756169
Warm B,717418,4298,4297,3598,2177,0,0.013796113
Warm B,678915,4064,4063,3598,2177,1,0.017409531
Warm B,668090,4020,4019,3598,2177,1,0.0062186625
Warm B,664941,4002,4001,3598,2177,1,0.0028790298
Warm B,741376,4429,4428,3598,2177,0,0.008612274
Warm B,660225,3979,3978,3598,2177,0,0.0022772495
Warm B,657294,3962,3961,3598,2177,0,-0.00085338554
Warm B,646948,3893,3892,3598,2177,0,0.0028441283
Warm B,646327,3890,3889,3598,2177,0,0.0040291874
Warm B,646418,3891,3890,3598,2177,1,0.001614498
Warm B,807929,4836,4835,3598,2177,1,0.007922651
Warm B,646102,3888,3887,3598,2177,1,0.0056630345
Warm B,617194,3735,3734,3598,2177,1,0.006525053
Warm B,614003,3718,3717,3598,2177,1,0.007610452
Warm B,726579,4345,4344,3598,2177,1,0.0123132765
Warm B,611997,3709,3708,3598,2177,1,0.0061116833
Warm B,636672,3835,3834,3598,2177,1,0.0042180195
Warm B,603697,3673,3672,3598,2177,0,0.009841194
Warm B,725600,4344,4343,3598,2177,0,0.017527273
Warm B,588177,3589,3588,3598,2177,0,0.017574977
Warm B,585346,3574,3573,3598,2177,1,0.011133428
Warm B,581116,3548,3547,3598,2177,0,-0.0020210845
Warm B,578642,3537,3536,3598,2177,0,0.011228185
Warm B,577571,3526,3525,3598,2177,0,0.0063821254
Warm B,576697,3525,3524,3598,2177,0,0.001951864
Warm B,553060,3402,3401,3598,2177,1,0.0147312395
Warm B,727895,4353,4352,3598,2177,0,0.0064874073
Warm B,508067,3127,3126,3598,2177,1,0.003932626
Warm B,464386,2860,2859,3598,2177,1,0.006461274
Warm B,447043,2753,2752,3598,2177,1,0.011485782
Warm B,443996,2737,2736,3598,2177,0,0.015108178
Warm B,413478,2486,2485,3598,2177,1,0.0088954205
Warm B,406524,2438,2437,3598,2177,0,0.009047907
Warm B,388526,2274,2273,3598,2177,1,0.00013290765
Warm B,340972,2010,2009,3598,2177,0,0.011365456
Warm B,331195,1957,1956,3598,2177,0,0.0060586035
Warm B,329763,1944,1943,3598,2177,0,0.008738157
Warm B,294678,1750,1749,3598,2177,1,0.007832039
Warm B,267685,1626,1625,3598,2177,1,0.0095558
Warm B,266740,1617,1616,3598,2177,0,0.013590905
Warm B,325620,1926,1925,3598,2177,0,0.007186927
Warm B,284559,1698,1697,3598,2177,1,0.010211162
Warm B,296640,1758,1757,3598,2177,1,0.016515404
Warm B,207692,1270,1269,3598,2177,1,0.0071283565
Warm B,220483,1335,1334,3598,2177,0,0.01064791
Warm B,189531,1173,1172,3598,2177,0,0.011633289
Warm B,207183,1266,1265,3598,2177,0,0.014790805
Warm B,160781,1021,1020,3598,2177,1,0.007416602
Warm B,156387,1009,1008,3598,2177,0,0.0059673693
Warm B,155520,1001,1000,3598,2177,1,0.00922585
Warm B,246504,1489,1488,3598,2177,0,0.004534178
Warm B,148878,957,956,3598,2177,1,0.012460656
Warm B,217370,1317,1316,3598,2177,1,0.012784291
Warm B,137381,886,885,3598,2177,1,0.009055512
Warm B,138889,889,888,3598,2177,0,0.022048892
Warm B,200166,1228,1227,3598,2177,0,0.004327516
Warm B,129040,838,837,3598,2177,1,0.005827248
Warm B,161106,1026,1025,3598,2177,1,0.0022107256
Warm B,212183,1291,1290,3598,2177,1,0.016101714
Warm B,101023,673,672,3598,2177,0,0.0068884455
Warm B,97997,655,654,3598,2177,0,0.0047929096
Warm B,158721,1015,1014,3598,2177,1,0.02343852
Warm B,82349,546,545,3598,2177,1,0.008580443
Warm B,75124,509,508,3598,2177,1,0.012457785
Warm B,48901,327,326,3598,2177,1,0.013880279
Warm B,34170,230,229,3598,2177,1,0.0088370005
Warm B,26842,190,189,3598,2177,0,0.010777246
Warm B,314434,1877,1876,3598,2177,0,0.0014897317
Warm B,79769,531,530,3598,2177,1,0.014995761
Warm B,330829,1952,1951,3598,2177,0,0.014440249
Warm B,24512,173,172,3598,2177,1,0.006712268
Warm B,201818,1242,1241,3598,2177,1,0.01372648
Warm B,289712,1729,1728,3598,2177,0,-0.0039208783
Warm B,508338,3128,3127,3598,2177,0,0.014979117
Warm B,242011,1457,1456,3598,2177,1,0.017246842
Warm B,228584,1383,1382,3598,2177,0,0.010551911
Warm B,232053,1407,1406,3598,2177,0,0.012583423
Warm B,696790,4169,4168,3598,2177,0,0.019381322
Warm B,361156,2106,2105,3598,2177,0,0.015087062
Warm B,375744,2188,2187,3598,2177,0,0.006664983
Warm B,513184,3163,3162,3598,2177,0,0.023973731
Warm B,467445,2880,2879,3598,2177,1,0.0065517966
Warm B,431233,2627,2626,3598,2177,0,0.010411104
Warm B,232616,1413,1412,3598,2177,0,0.0037347423
Warm B,28396,195,194,3598,2177,1,0.004390195
Warm B,839486,5046,5045,3598,2177,0,0.019874685
Warm B,223817,1354,1353,3598,2177,0,0.013887857
Warm B,129721,839,838,3598,2177,1,0.019279916
Warm B,195789,1203,1202,3598,2177,1,0.015018557
Warm B,684286,4089,4088,3598,2177,0,0.010271646
Warm B,682803,4085,4084,3598,2177,0,0.012743941
Warm B,773736,4611,4610,3598,2177,0,0.001622464
Warm B,631847,3821,3820,3598,2177,0,0.009140801
Warm B,161447,1029,1028,3598,2177,1,0.008542974
Warm B,141710,911,910,3598,2177,1,0.017089775
Warm B,805809,4823,4822,3598,2177,1,0.010155804
Warm B,636539,3834,3833,3598,2177,1,0.01944297
Warm B,371153,2168,2167,3598,2177,0,0.012209849
Warm B,545409,3363,3362,3598,2177,0,0.012410767
Warm B,20904,151,150,3598,2177,0,0.005962142
Warm B,164900,1051,1050,3598,2177,0,0.014851052
Warm B,115583,749,748,3598,2177,0,0.014017749
Warm B,564769,3471,3470,3598,2177,0,0.01523873
Warm B,474155,2909,2908,3598,2177,1,0.0083866855
Warm B,136972,881,880,3598,2177,0,0.008530772
Warm B,371852,2172,2171,3598,2177,0,0.016841073
Warm B,21842,160,159,3598,2177,1,0.004602032
Warm B,229436,1389,1388,3598,2177,0,0.013256082
Warm B,451563,2779,2778,3598,2177,1,0.003617374
Warm B,699798,4186,4185,3598,2177,1,0.017951846
Warm B,739470,4418,4417,3598,2177,1,0.010940731
Warm B,172127,1088,1087,3598,2177,1,0.017403668
Warm B,526901,3259,3258,3598,2177,0,0.0023941651
Warm B,34008,229,228,3598,2177,1,0.003935278
Warm B,346731,2031,2030,3598,2177,0,0.008795907
Warm B,322748,1912,1911,3598,2177,0,0.014888158
Warm B,390789,2293,2292,3599,2178,0,0.014021875
Warm B,655972,3952,3951,3599,2178,1,0.0041129678
Warm B,376668,2198,2197,3599,2178,0,0.0051690764
Warm B,364201,2121,2120,3599,2178,1,-0.0018308314
Warm B,365013,2124,2123,3599,2178,1,0.0018545703
Warm B,357086,2091,2090,3599,2178,1,0.0026950506
Warm B,343243,2016,2015,3599,2178,1,0.017986063
Warm B,316419,1883,1882,3599,2178,0,0.010485797
Warm B,284968,1699,1698,3599,2178,1,0.0028783074
Warm B,258631,1584,1583,3599,2178,0,0.009486714
Warm B,218151,1322,1321,3599,2178,1,0.003915119
Warm B,289539,1727,1726,3599,2178,1,0.011221823
Warm B,592225,3610,3609,3599,2178,0,0.006810396
Warm B,328794,1941,1940,3599,2178,1,0.02015426
Warm B,185830,1150,1149,3599,2178,0,0.013495972
Warm B,183377,1141,1140,3599,2178,1,0.0049374932
Warm B,180487,1128,1127,3599,2178,0,0.010744629
Warm B,207394,1267,1266,3599,2178,0,0.006092732
Warm B,169684,1077,1076,3599,2178,0,0.015583996
Warm B,157537,1013,1012,3599,2178,0,0.010212633
Warm B,154071,992,991,3599,2178,1,0.0034152202
Warm B,347538,2038,2037,3599,2178,0,0.0139541775
Warm B,138892,889,888,3599,2178,0,0.017020427
Warm B,314232,1875,1874,3599,2178,0,0.0040790937
Warm B,228587,1383,1382,3599,2178,0,0.012818009
Warm B,52626,346,345,3599,2178,1,0.020492591
Warm B,39209,265,264,3599,2178,1,0.0047544558
Warm B,36699,245,244,3599,2178,1,0.015839815
Warm B,10832,78,77,3599,2178,0,0.006630935
Warm B,223820,1354,1353,3599,2178,1,0.0037556095
Warm B,916786,5539,5538,3599,2178,0,0.003752079
Warm B,4532,33,32,3599,2178,0,0.0062607387
Warm B,739471,4418,4417,3599,2178,0,0.02108185
Warm B,421266,2544,2543,3599,2178,1,0.013968457
Warm B,94650,635,634,3599,2178,1,0.005630139
Warm B,320377,1899,1898,3599,2178,1,0.017485581
Warm B,18818,146,145,3599,2178,0,0.0011245101
Warm B,60908,411,410,3599,2178,0,0.008853946
Warm B,172130,1088,1087,3599,2178,1,0.011699598
Warm B,474157,2909,2908,3599,2178,1,0.0033879364
Warm B,322750,1912,1911,3599,2178,0,0.00604278
Warm B,255656,1556,1555,3599,2178,1,0.0070821587
Warm B,300597,1780,1779,3599,2178,0,0.011573618
Warm B,593611,3618,3617,3600,2179,0,0.008037869
Warm B,577001,3526,3525,3600,2179,0,0.0020479038
Warm B,545642,3365,3364,3600,2179,1,0.0048770383
Warm B,533161,3292,3291,3600,2179,1,0.010792436
Warm B,515383,3182,3181,3600,2179,0,0.008964553
Warm B,616631,3732,3731,3600,2179,0,0.005558912
Warm B,503789,3096,3095,3600,2179,1,0.007057636
Warm B,797772,4784,4783,3600,2179,0,0.0047086924
Warm B,491779,3025,3024,3600,2179,0,0.0042685764
Warm B,697224,4169,4168,3600,2179,0,0.010961269
Warm B,472458,2907,2906,3600,2179,0,0.011713885
Warm B,414894,2497,2496,3600,2179,1,0.005830628
Warm B,406704,2442,2441,3600,2179,1,0.0010579801
Warm B,395101,2334,2333,3600,2179,0,0.007232757
Warm B,390654,2293,2292,3600,2179,0,-0.0009425683
Warm B,403609,2411,2410,3600,2179,0,0.0011512218
Warm B,381585,2231,2230,3600,2179,0,0.007738885
Warm B,373380,2180,2179,3600,2179,0,0.0068883076
Warm B,356307,2088,2087,3600,2179,0,0.009946695
Warm B,345442,2026,2025,3600,2179,0,-0.002361958
Warm B,380754,2225,2224,3600,2179,1,0.0066239783
Warm B,325302,1926,1925,3600,2179,0,0.0050305002
Warm B,295588,1755,1754,3600,2179,0,0.014407378
Warm B,268485,1631,1630,3600,2179,0,0.008437815
Warm B,250181,1507,1506,3600,2179,0,-0.0012970052
Warm B,258360,1584,1583,3600,2179,0,0.0023632292
Warm B,242701,1465,1464,3600,2179,0,0.0020160074
Warm B,243810,1470,1469,3600,2179,1,0.010117766
Warm B,327858,1941,1940,3600,2179,0,0.008405417
Warm B,185085,1150,1149,3600,2179,1,0.009149302
Warm B,167762,1068,1067,3600,2179,0,0.011812935
Warm B,319976,1899,1898,3600,2179,0,0.0051566693
Warm B,323730,1920,1919,3600,2179,0,0.010193454
Warm B,347306,2038,2037,3600,2179,0,0.0055349735
Warm B,141432,911,910,3600,2179,1,0.015178003
Warm B,412058,2478,2477,3600,2179,0,0.004892503
Warm B,316698,1884,1883,3600,2179,0,0.0029075374
Warm B,95380,639,638,3600,2179,1,0.010076462
Warm B,96954,651,650,3600,2179,0,0.009291615
Warm B,626634,3792,3791,3600,2179,0,0.0065058563
Warm B,82225,546,545,3600,2179,0,0.0044967667
Warm B,82939,549,548,3600,2179,0,0.015872853
Warm B,84011,550,549,3600,2179,0,0.011192701
Warm B,64926,436,435,3600,2179,1,0.003939772
Warm B,228137,1383,1382,3600,2179,0,0.0047854646
Warm B,43242,296,295,3600,2179,1,-0.008003179
Warm B,32120,216,215,3600,2179,0,0.0046301093
Warm B,10789,78,77,3600,2179,0,0.0042751357
Warm B,9312,62,61,3600,2179,0,0.0077871922
Warm B,7774,53,52,3600,2179,1,0.011974053
Warm B,484,6,5,3600,2179,0,0.0004926836
Warm B,223430,1354,1353,3600,2179,0,0.009198537
Warm B,60759,411,410,3600,2179,0,0.006514469
Warm B,94564,635,634,3600,2179,0,0.005251838
Warm B,192676,1186,1185,3600,2179,1,-0.0053334823
Warm B,794459,4750,4749,3600,2179,0,0.0068572625
Warm B,88319,583,582,3600,2179,1,0.0018684415
Warm B,769002,4579,4578,3600,2179,0,-0.004128366
Warm B,893270,5394,5393,3600,2179,0,0.006586059
Warm B,832013,5001,5000,3600,2179,0,0.0017449887
Warm B,489539,3013,3012,3600,2179,0,0.0058504087
Warm B,593613,3618,3617,3604,2180,0,0.0013984824
Warm B,589043,3592,3591,3604,2180,1,0.011674732
Warm B,577879,3529,3528,3604,2180,1,0.014599968
Warm B,576118,3521,3520,3604,2180,1,0.006772576
Warm B,579171,3539,3538,3604,2180,1,0.0164003
Warm B,566650,3477,3476,3604,2180,1,0.0059030214
Warm B,577003,3526,3525,3604,2180,0,0.011253949
Warm B,535376,3304,3303,3604,2180,0,0.009105012
Warm B,522384,3224,3223,3604,2180,1,0.004056991
Warm B,503791,3096,3095,3604,2180,1,0.00071175327
Warm B,546030,3367,3366,3604,2180,1,-0.004015031
Warm B,491781,3025,3024,3604,2180,1,0.014735116
Warm B,769003,4579,4578,3604,2180,0,-0.0014174674
Warm B,697226,4169,4168,3604,2180,0,0.018454917
Warm B,466724,2878,2877,3604,2180,1,0.004569367
Warm B,457788,2820,2819,3604,2180,0,0.004700183
Warm B,440798,2699,2698,3604,2180,1,0.008574969
Warm B,534323,3299,3298,3604,2180,1,-0.0014044768
Warm B,396499,2346,2345,3604,2180,1,0.011012809
Warm B,396240,2343,2342,3604,2180,1,-0.0009427776
Warm B,395102,2334,2333,3604,2180,1,0.0025670012
Warm B,390655,2293,2292,3604,2180,0,0.00988962
Warm B,383463,2241,2240,3604,2180,1,0.004195706
Warm B,369264,2159,2158,3604,2180,1,0.0031253009
Warm B,356309,2088,2087,3604,2180,0,0.0022699432
Warm B,338044,1988,1987,3604,2180,1,0.007772386
Warm B,295589,1755,1754,3604,2180,0,0.004253889
Warm B,276134,1671,1670,3604,2180,1,0.0057907486
Warm B,319977,1899,1898,3604,2180,0,0.013581404
Warm B,217956,1322,1321,3604,2180,1,-0.0020556247
Warm B,591858,3610,3609,3604,2180,0,0.009416754
Warm B,278932,1680,1679,3604,2180,1,0.0069405492
Warm B,185088,1150,1149,3604,2180,0,0.015187822
Warm B,167763,1068,1067,3604,2180,1,0.012003492
Warm B,157988,1015,1014,3604,2180,1,0.019196581
Warm B,323732,1920,1919,3604,2180,0,0.0143133355
Warm B,148056,954,953,3604,2180,0,0.0110458955
Warm B,347308,2038,2037,3604,2180,0,0.008823165
Warm B,131076,850,849,3604,2180,0,0.010404788
Warm B,263154,1605,1604,3604,2180,1,0.0067684115
Warm B,178018,1120,1119,3604,2180,1,0.007799129
Warm B,316699,1884,1883,3604,2180,0,0.010338224
Warm B,85236,556,555,3604,2180,1,-8.540624e-05
Warm B,82226,546,545,3604,2180,1,0.007230322
Warm B,228138,1383,1382,3604,2180,1,0.011499341
Warm B,52827,348,347,3604,2180,1,0.003907078
Warm B,485,6,5,3604,2180,1,0.01018286
Warm B,60760,411,410,3604,2180,0,0.0063692676
Warm B,94565,635,634,3604,2180,1,0.006445258
Warm B,552213,3401,3400,3604,2180,0,0.015202353
Warm B,12030,92,91,3604,2180,1,0.009909054
Warm B,900835,5447,5446,3604,2180,1,0.014833318
Warm B,677989,4063,4062,3604,2180,1,0.010447595
Warm B,50637,333,332,3604,2180,1,0.008658677
Warm B,52173,343,342,3604,2180,1,0.013791628
Warm B,959018,5787,5786,3604,2180,0,0.0071355086
Warm B,357338,2092,2091,3604,2180,0,0.012289697
Warm B,554436,3411,3410,3604,2180,0,0.004612832
Warm B,171454,1088,1087,3604,2180,0,0.011590149
Warm B,821693,4940,4939,3604,2180,1,0.0147730205
Warm B,748303,4467,4466,3604,2180,1,0.0061856303
Warm B,18729,146,145,3604,2180,0,0.011644097
Warm B,717214,4296,4295,3606,2181,1,0.01782412
Warm B,711060,4267,4266,3606,2181,0,0.0070279907
Warm B,708088,4243,4242,3606,2181,1,0.006038904
Warm B,694469,4161,4160,3606,2181,0,0.015960827
Warm B,681380,4083,4082,3606,2181,1,0.017257608
Warm B,679177,4067,4066,3606,2181,1,0.0068290415
Warm B,670564,4029,4028,3606,2181,1,0.011007121
Warm B,697228,4169,4168,3606,2181,1,0.016426345
Warm B,646366,3891,3890,3606,2181,1,0.013970852
Warm B,618883,3751,3750,3606,2181,0,0.0076525877
Warm B,617411,3737,3736,3606,2181,1,0.011502988
Warm B,610992,3705,3704,3606,2181,0,0.014055546
Warm B,604706,3676,3675,3606,2181,1,0.008593943
Warm B,725849,4344,4343,3606,2181,0,0.016874794
Warm B,598490,3642,3641,3606,2181,0,0.00014960114
Warm B,566652,3477,3476,3606,2181,1,0.009156566
Warm B,565147,3474,3473,3606,2181,1,0.006092476
Warm B,560459,3445,3444,3606,2181,1,0.007252154
Warm B,577006,3526,3525,3606,2181,1,0.0077976175
Warm B,552901,3402,3401,3606,2181,1,0.017398199
Warm B,533165,3292,3291,3606,2181,1,0.024324728
Warm B,521637,3218,3217,3606,2181,0,0.013443595
Warm B,491783,3025,3024,3606,2181,1,0.002397968
Warm B,479211,2941,2940,3606,2181,1,0.0131397415
Warm B,476128,2924,2923,3606,2181,1,0.0059773764
Warm B,440799,2699,2698,3606,2181,1,0.016475208
Warm B,438272,2679,2678,3606,2181,0,0.009622316
Warm B,431973,2633,2632,3606,2181,1,0.009509455
Warm B,431872,2631,2630,3606,2181,1,0.0115389405
Warm B,423975,2569,2568,3606,2181,1,0.0059914086
Warm B,420892,2544,2543,3606,2181,1,0.013510651
Warm B,419690,2537,2536,3606,2181,0,0.010262688
Warm B,416479,2507,2506,3606,2181,1,0.013795073
Warm B,394662,2329,2328,3606,2181,1,0.0007636079
Warm B,390656,2293,2292,3606,2181,1,0.016295321
Warm B,388724,2278,2277,3606,2181,0,0.00013664126
Warm B,403610,2411,2410,3606,2181,1,0.015293848
Warm B,376705,2199,2198,3606,2181,1,0.0053662937
Warm B,374615,2183,2182,3606,2181,1,0.03216469
Warm B,373949,2181,2180,3606,2181,1,0.012028199
Warm B,364123,2121,2120,3606,2181,0,-0.0013060002
Warm B,357007,2091,2090,3606,2181,1,0.005748573
Warm B,412059,2478,2477,3606,2181,0,0.017661016
Warm B,352923,2067,2066,3606,2181,0,0.016098144
Warm B,350538,2058,2057,3606,2181,1,0.0073724296
Warm B,346604,2031,2030,3606,2181,1,0.020439662
Warm B,340041,2006,2005,3606,2181,1,0.0032675602
Warm B,320488,1900,1899,3606,2181,1,0.006883647
Warm B,323113,1916,1915,3606,2181,0,0.014332938
Warm B,289259,1727,1726,3606,2181,1,0.0072137127
Warm B,284796,1699,1698,3606,2181,1,0.008185809
Warm B,276135,1671,1670,3606,2181,0,0.009962182
Warm B,262676,1602,1601,3606,2181,1,0.002875675
Warm B,283487,1697,1696,3606,2181,1,0.022187116
Warm B,258185,1583,1582,3606,2181,1,0.0038271232
Warm B,255883,1560,1559,3606,2181,1,0.012451438
Warm B,246043,1487,1486,3606,2181,1,0.0007113074
Warm B,232390,1411,1410,3606,2181,0,0.0053593903
Warm B,228140,1383,1382,3606,2181,1,0.012781661
Warm B,228900,1387,1386,3606,2181,1,0.013431256
Warm B,284019,1698,1697,3606,2181,1,0.0159392
Warm B,319978,1899,1898,3606,2181,1,0.013952079
Warm B,217957,1322,1321,3606,2181,1,-0.00020780496
Warm B,591859,3610,3609,3606,2181,0,0.020143082
Warm B,327861,1941,1940,3606,2181,1,0.015546119
Warm B,190147,1180,1179,3606,2181,1,0.0038936404
Warm B,262166,1600,1599,3606,2181,1,0.021993687
Warm B,185091,1150,1149,3606,2181,1,0.012631062
Warm B,184320,1147,1146,3606,2181,1,0.0038561611
Warm B,182721,1140,1139,3606,2181,1,0.011249382
Warm B,191804,1182,1181,3606,2181,0,0.0023655796
Warm B,165172,1053,1052,3606,2181,0,0.0028192694
Warm B,161302,1029,1028,3606,2181,1,0.01570049
Warm B,157990,1015,1014,3606,2181,1,0.020481013
Warm B,143840,928,927,3606,2181,1,0.002242914
Warm B,140487,902,901,3606,2181,1,0.010963067
Warm B,347311,2038,2037,3606,2181,0,0.009349155
Warm B,131077,850,849,3606,2181,0,0.010373338
Warm B,159950,1019,1018,3606,2181,0,0.013525078
Warm B,98118,656,655,3606,2181,0,0.012033168
Warm B,316700,1884,1883,3606,2181,1,0.014006587
Warm B,169529,1077,1076,3606,2181,0,0.007816495
Warm B,210764,1285,1284,3606,2181,1,0.015192941
Warm B,52556,346,345,3606,2181,1,0.012442857
Warm B,48844,327,326,3606,2181,0,0.009705254
Warm B,87649,575,574,3606,2181,1,0.010251952
Warm B,312826,1865,1864,3606,2181,1,0.010233302
Warm B,39193,265,264,3606,2181,1,0.0013748083
Warm B,32500,218,217,3606,2181,1,0.0067857644
Warm B,27578,193,192,3606,2181,1,0.00922894
Warm B,34740,235,234,3606,2181,0,-0.0014592663
Warm B,18730,146,145,3606,2181,1,0.013079581
Warm B,10790,78,77,3606,2181,1,0.00962287
Warm B,223432,1354,1353,3606,2181,1,0.011187065
Warm B,60762,411,410,3606,2181,1,0.0069068037
Warm B,916877,5539,5538,3606,2181,0,0.003116374
Warm B,707831,4241,4240,3606,2181,1,-0.0020732665
Warm B,89198,588,587,3606,2181,0,0.006119814
Warm B,129913,840,839,3606,2181,0,0.0013289932
Warm B,18242,140,139,3606,2181,0,0.010045866
Warm B,272098,1645,1644,3606,2181,1,0.018096862
Warm B,860286,5172,5171,3606,2181,1,0.010459324
Warm B,183135,1141,1140,3606,2181,1,0.01971388
Warm B,821694,4940,4939,3606,2181,1,0.009123679
Warm B,384665,2247,2246,3606,2181,0,0.0016415615
Warm B,491169,3020,3019,3606,2181,0,-0.0010257699
Warm B,319241,1897,1896,3606,2181,0,0.008754907
Warm B,866043,5222,5221,3606,2181,0,0.016089011
Warm B,826122,4960,4959,3606,2181,1,0.009664978
Warm B,258952,1586,1585,3613,2183,1,0.0044730096
Warm B,244851,1474,1473,3613,2183,1,0.00836301
Warm B,234510,1423,1422,3613,2183,1,-0.002273297
Warm B,231611,1404,1403,3613,2183,1,0.012338417
Warm B,228151,1383,1382,3613,2183,1,0.00693878
Warm B,289264,1727,1726,3613,2183,1,0.014069899
Warm B,209133,1276,1275,3613,2183,1,-0.0035449844
Warm B,220312,1335,1334,3613,2183,0,0.008110706
Warm B,212432,1294,1293,3613,2183,1,0.008230449
Warm B,185106,1150,1149,3613,2183,0,0.018666439
Warm B,173587,1100,1099,3613,2183,1,0.0011547623
Warm B,319985,1899,1898,3613,2183,1,0.005570941
Warm B,156157,1005,1004,3613,2183,1,0.012860362
Warm B,199363,1224,1223,3613,2183,0,0.0053022397
Warm B,128517,832,831,3613,2183,0,-0.0010726862
Warm B,159962,1019,1018,3613,2183,1,0.009518891
Warm B,210777,1285,1284,3613,2183,1,0.00424401
Warm B,107496,709,708,3613,2183,1,-0.0023571937
Warm B,82955,549,548,3613,2183,1,0.0150911175
Warm B,77358,524,523,3613,2183,1,0.020999592
Warm B,259924,1590,1589,3613,2183,1,-0.0035699038
Warm B,32141,216,215,3613,2183,0,0.010181677
Warm B,916878,5539,5538,3613,2183,0,0.00023332285
Warm B,9325,62,61,3613,2183,1,-0.0015772404
Warm B,481729,2962,2961,3613,2183,0,0.0001684092
Warm B,420902,2544,2543,3613,2183,1,0.017836599
Warm B,94566,635,634,3613,2183,1,0.0069541708
Warm B,954306,5761,5760,3613,2183,1,-0.0057081757
Warm B,256066,1561,1560,3613,2183,1,0.010812521
Warm B,104227,692,691,3613,2183,1,0.013285625
Warm B,860287,5172,5171,3613,2183,1,0.0033724927
Warm B,204496,1260,1259,3613,2183,1,0.016335478
Warm B,821696,4940,4939,3613,2183,0,0.004138282
Warm B,823490,4950,4949,3613,2183,0,0.004191767
Warm B,223439,1354,1353,3616,2186,0,0.007404101
Warm B,210779,1285,1284,3616,2186,0,0.007130828
Warm B,204905,1261,1260,3616,2186,0,-0.0045124097
Warm B,255479,1556,1555,3616,2186,0,0.005459516
Warm B,189306,1173,1172,3616,2186,0,0.009917412
Warm B,326539,1935,1934,3616,2186,1,0.008806496
Warm B,173076,1097,1096,3616,2186,0,0.0038066646
Warm B,163745,1050,1049,3616,2186,0,-0.000109153334
Warm B,155289,1001,1000,3616,2186,0,0.0026629115
Warm B,139588,893,892,3616,2186,0,0.0066380766
Warm B,138063,889,888,3616,2186,0,0.0054958267
Warm B,135150,875,874,3616,2186,1,0.0031549134
Warm B,134147,869,868,3616,2186,0,0.0040857503
Warm B,128015,828,827,3616,2186,0,0.008565457
Warm B,166760,1060,1059,3616,2186,0,0.006989399
Warm B,103242,686,685,3616,2186,0,0.0055136736
Warm B,87535,572,571,3616,2186,0,-0.006020065
Warm B,85902,561,560,3616,2186,0,-0.0024367592
Warm B,64190,429,428,3616,2186,0,0.010950217
Warm B,362426,2114,2113,3616,2186,0,0.008803989
Warm B,314345,1877,1876,3616,2186,0,0.00908978
Warm B,12047,92,91,3616,2186,0,0.0054443227
Warm B,88762,587,586,3616,2186,0,-0.00035979564
Warm B,219109,1329,1328,3616,2186,0,0.009902419
Warm B,7239,50,49,3616,2186,0,0.006234543
Warm B,503392,3093,3092,3616,2186,0,0.004719712
Warm B,175987,1113,1112,3616,2186,0,0.010411344
Warm B,312830,1865,1864,3616,2186,1,0.00056021917
Warm B,109234,714,713,3616,2186,1,0.006547873
Warm B,570992,3503,3502,3616,2186,0,0.0059347693
Warm B,54540,355,354,3616,2186,1,0.0021391278
Warm B,883342,5333,5332,3616,2186,0,-0.0020093294
Warm B,403306,2409,2408,3616,2186,0,0.0031321114
Warm B,469892,2895,2894,3616,2186,0,0.010675436
Warm B,181929,1137,1136,3616,2186,0,0.0016470649
Warm B,743154,4445,4444,3616,2186,0,0.0010373876
Warm B,575766,3520,3519,3616,2186,0,0.014300739
Warm B,388330,2272,2271,3616,2186,0,0.008899059
Warm B,335709,1980,1979,3616,2186,0,0.006943252
Warm B,237779,1447,1446,3616,2186,0,0.016207408
Warm B,557184,3423,3422,3616,2186,0,0.009885244
Warm B,12847,99,98,3616,2186,0,0.0083850045
Warm B,222564,1347,1346,3616,2186,0,0.007198992
Warm B,537829,3312,3311,3616,2186,1,0.013640766
Warm B,472471,2907,2906,3616,2186,0,0.003867751
Warm B,384059,2244,2243,3616,2186,0,0.011304789
Warm B,59167,402,401,3616,2186,0,0.002132055
Warm B,659107,3971,3970,3616,2186,1,0.014846115
Warm B,713769,4277,4276,3616,2186,0,0.0026378226
Warm B,682317,4085,4084,3616,2186,0,-0.003115497
Warm B,105972,699,698,3616,2186,0,0.013761278
Warm B,206768,1266,1265,3616,2186,0,0.0070897257
Warm B,286634,1712,1711,3616,2186,0,0.0054508853
Warm B,146893,948,947,3616,2186,1,0.0038908557
Warm B,272105,1645,1644,3616,2186,1,0.005471036
Warm B,684987,4094,4093,3616,2186,0,0.008975393
Warm B,20816,151,150,3616,2186,0,0.003482183
Warm B,599157,3648,3647,3616,2186,0,0.0047687683
Warm B,116054,752,751,3616,2186,0,0.0058808653
Warm B,840866,5053,5052,3616,2186,1,0.008188913
Warm B,631474,3821,3820,3616,2186,0,0.0010344628
Warm B,79275,531,530,3616,2186,0,0.01639762
Warm B,310602,1851,1850,3616,2186,0,0.013596564
Warm B,720415,4312,4311,3616,2186,0,0.007084678
Warm B,476300,2926,2925,3616,2186,1,0.007899333
Warm B,541490,3332,3331,3616,2186,0,0.005446869
Warm B,116808,753,752,3616,2186,1,0.0018849461
Warm B,171468,1088,1087,3616,2186,0,0.007696929
Warm B,490218,3017,3016,3616,2186,0,0.0073401867
Warm B,924106,5580,5579,3616,2186,0,0.0072531886
Warm B,811360,4867,4866,3616,2186,1,0.0014434564
Warm B,941664,5682,5681,3616,2186,0,6.0278457e-05
Warm B,860288,5172,5171,3616,2186,1,0.011116863
Warm B,82958,549,548,3616,2186,0,0.0052855494
Warm B,295598,1755,1754,3616,2186,0,0.0052774684
Warm B,351631,2063,2062,3616,2186,0,0.021812685
Warm B,863393,5198,5197,3616,2186,0,0.005528695
Warm B,62768,424,423,3616,2186,0,0.011202271
Warm B,435776,2664,2663,3619,2189,1,0.0074092913
Warm B,432624,2638,2637,3619,2189,1,-0.0054484317
Warm B,420430,2541,2540,3619,2189,0,0.0019280419
Warm B,419700,2537,2536,3619,2189,0,0.0013438901
Warm B,402245,2402,2401,3619,2189,0,0.0060075745
Warm B,388900,2279,2278,3619,2189,1,0.0019257606
Warm B,377175,2203,2202,3619,2189,0,0.010153814
Warm B,369847,2164,2163,3619,2189,1,0.00025501428
Warm B,340144,2008,2007,3619,2189,1,0.003502268
Warm B,281209,1687,1686,3619,2189,1,-0.0076395255
Warm B,278956,1680,1679,3619,2189,0,0.010161856
Warm B,350688,2059,2058,3619,2189,1,0.0036698962
Warm B,218384,1324,1323,3619,2189,1,-0.0032720566
Warm B,289266,1727,1726,3619,2189,1,0.0038334345
Warm B,205095,1262,1261,3619,2189,1,0.00025572348
Warm B,243827,1470,1469,3619,2189,0,-0.0057763974
Warm B,196957,1209,1208,3619,2189,1,0.0041824915
Warm B,179056,1124,1123,3619,2189,1,-0.0042914026
Warm B,148978,958,957,3619,2189,0,-0.0014621883
Warm B,159965,1019,1018,3619,2189,0,-0.0024666968
Warm B,115329,749,748,3619,2189,0,-0.009164222
Warm B,110322,720,719,3619,2189,0,-0.008024065
Warm B,94154,631,630,3619,2189,0,0.0031110682
Warm B,88030,579,578,3619,2189,0,-0.0052138465
Warm B,96961,651,650,3619,2189,0,0.0045628618
Warm B,190703,1181,1180,3619,2189,0,-0.003055627
Warm B,32958,223,222,3619,2189,0,-0.002553523
Warm B,238769,1448,1447,3619,2189,0,0.0025555533
Warm B,15652,123,122,3619,2189,0,0.0059571113
Warm B,200,3,2,3619,2189,0,-0.0062551564
Warm B,107830,710,709,3619,2189,0,0.0009395785
Warm B,697244,4169,4168,3619,2189,0,0.006660854
Warm B,219789,1333,1332,3622,2190,0,0.0019271178
Warm B,289271,1727,1726,3622,2190,1,0.008110452
Warm B,307982,1836,1835,3622,2190,1,-0.0014806113
Warm B,316209,1883,1882,3622,2190,1,-0.00032438827
Warm B,182738,1140,1139,3622,2190,1,0.003152839
Warm B,199370,1224,1223,3622,2190,1,0.008242281
Warm B,177513,1119,1118,3622,2190,1,-0.0025941199
Warm B,190718,1181,1180,3622,2190,0,0.010287563
Warm B,158020,1015,1014,3622,2190,0,0.00042647077
Warm B,319991,1899,1898,3622,2190,1,0.013629392
Warm B,138088,889,888,3622,2190,0,0.016774258
Warm B,134155,869,868,3622,2190,0,0.006007679
Warm B,159971,1019,1018,3622,2190,0,0.004126654
Warm B,112384,731,730,3622,2190,1,0.007832757
Warm B,86563,566,565,3622,2190,0,0.0006034473
Warm B,330681,1952,1951,3622,2190,0,0.005748124
Warm B,32170,216,215,3622,2190,1,0.006731395
Warm B,947716,5722,5721,3622,2190,1,-0.00087130035
Warm B,712305,4273,4272,3622,2190,1,0.0025165565
Warm B,208694,1274,1273,3622,2190,1,0.013219855
Warm B,50658,333,332,3622,2190,0,-0.0070436867
Warm B,699934,4186,4185,3622,2190,1,0.007979007
Warm B,821699,4940,4939,3622,2190,1,0.0024412468
Warm B,657474,3963,3962,3622,2190,1,0.0073075
Warm B,287668,1717,1716,3627,2193,0,0.011511988
Warm B,278973,1680,1679,3627,2193,1,0.003538156
Warm B,239910,1449,1448,3627,2193,0,0.0049915165
Warm B,224108,1356,1355,3627,2193,1,0.007210806
Warm B,224465,1357,1356,3627,2193,1,0.015502556
Warm B,208697,1274,1273,3627,2193,1,0.006688795
Warm B,199080,1223,1222,3627,2193,1,0.00039669173
Warm B,308527,1837,1836,3627,2193,0,0.011193797
Warm B,196870,1208,1207,3627,2193,1,-0.000462614
Warm B,184330,1147,1146,3627,2193,1,0.014417514
Warm B,182740,1140,1139,3627,2193,1,-0.0007434641
Warm B,176379,1115,1114,3627,2193,0,0.0015882929
Warm B,159972,1019,1018,3627,2193,0,0.0066976547
Warm B,159186,1017,1016,3627,2193,1,-0.0017638523
Warm B,158023,1015,1014,3627,2193,1,0.012559368
Warm B,148980,958,957,3627,2193,1,0.0028457071
Warm B,235948,1428,1427,3627,2193,1,-0.0013518798
Warm B,146079,939,938,3627,2193,0,-0.001259672
Warm B,138092,889,888,3627,2193,0,0.0047807577
Warm B,374789,2185,2184,3627,2193,1,0.004735042
Warm B,132378,855,854,3627,2193,1,0.016812531
Warm B,99212,661,660,3627,2193,1,-0.0069213463
Warm B,284037,1698,1697,3627,2193,1,0.0050381934
Warm B,82974,549,548,3627,2193,1,0.006754908
Warm B,77375,524,523,3627,2193,1,0.00290775
Warm B,70126,474,473,3627,2193,1,0.0040039737
Warm B,62786,424,423,3627,2193,1,0.004327245
Warm B,41220,278,277,3627,2193,1,0.0021513654
Warm B,42825,293,292,3627,2193,0,0.003390646
Warm B,31287,211,210,3627,2193,1,-0.00952694
Warm B,99826,667,666,3627,2193,0,-4.5433408e-05
Warm B,947718,5722,5721,3627,2193,1,0.012685379
Warm B,18112,139,138,3627,2193,0,-0.0025201591
Warm B,481742,2962,2961,3627,2193,0,0.006603433
Warm B,631482,3821,3820,3627,2193,0,0.012369493
Warm B,451728,2781,2780,3627,2193,1,0.0020906227
Warm B,161308,1029,1028,3627,2193,0,0.0041244677
Warm B,415355,2501,2500,3627,2193,0,0.010974176
Warm B,24424,173,172,3627,2193,0,0.006255188
Warm B,534979,3301,3300,3627,2193,1,0.01139642
Warm B,129320,839,838,3627,2193,0,0.020348845
Warm B,252462,1530,1529,3627,2193,1,0.009167526
Warm B,322246,1912,1911,3627,2193,0,0.014619457
Warm B,327905,1941,1940,3627,2193,0,0.011331477
Warm B,497168,3054,3053,3627,2193,1,-0.00075616385
Warm B,769010,4579,4578,3627,2193,1,0.010947224
Warm B,214759,1303,1302,3627,2193,0,0.017587848
Warm B,529588,3272,3271,3628,2194,0,0.0050794473
Warm B,480072,2946,2945,3628,2194,0,0.0023357011
Warm B,473462,2909,2908,3628,2194,1,0.009520598
Warm B,645199,3885,3884,3628,2194,1,0.00476313
Warm B,456058,2808,2807,3628,2194,1,0.0069108424
Warm B,447892,2761,2760,3628,2194,0,0.013762137
Warm B,434641,2651,2650,3628,2194,0,0.0070160893
Warm B,430717,2625,2624,3628,2194,0,0.008840702
Warm B,412763,2484,2483,3628,2194,0,0.020317603
Warm B,388093,2271,2270,3628,2194,1,0.011976733
Warm B,387508,2265,2264,3628,2194,1,0.011027212
Warm B,376171,2194,2193,3628,2194,0,0.0076258862
Warm B,364127,2121,2120,3628,2194,0,0.006262899
Warm B,357364,2092,2091,3628,2194,1,0.018637817
Warm B,345449,2026,2025,3628,2194,0,0.0105322
Warm B,275479,1667,1666,3628,2194,1,0.009527126
Warm B,273853,1651,1650,3628,2194,0,0.00066391286
Warm B,293682,1748,1747,3628,2194,0,0.015983189
Warm B,350691,2059,2058,3628,2194,1,0.017514702
Warm B,242721,1465,1464,3628,2194,1,0.019007351
Warm B,246641,1490,1489,3628,2194,1,0.01758919
Warm B,219792,1333,1332,3628,2194,0,0.004843739
Warm B,203419,1247,1246,3628,2194,1,0.0057225833
Warm B,182741,1140,1139,3628,2194,0,0.0075552315
Warm B,165182,1053,1052,3628,2194,0,0.0034614878
Warm B,152958,984,983,3628,2194,1,0.00844049
Warm B,323745,1920,1919,3628,2194,1,0.008803936
Warm B,146903,948,947,3628,2194,1,0.004244419
Warm B,144100,929,928,3628,2194,0,0.014385258
Warm B,134999,873,872,3628,2194,1,-0.0019670804
Warm B,130489,846,845,3628,2194,1,0.010597064
Warm B,71070,477,476,3628,2194,0,0.01081365
Warm B,68644,461,460,3628,2194,0,0.0044339346
Warm B,57783,391,390,3628,2194,1,0.014583884
Warm B,38962,264,263,3628,2194,0,0.019044723
Warm B,36571,245,244,3628,2194,1,0.014034351
Warm B,29260,199,198,3628,2194,1,0.010926732
Warm B,591886,3610,3609,3628,2194,0,0.011279106
Warm B,5626,40,39,3628,2194,1,0.013580955
Warm B,300285,1780,1779,3628,2194,0,0.009872369
Warm B,821700,4940,4939,3628,2194,1,0.006961867
Warm B,667397,4016,4015,3634,2197,1,0.0060138265
Warm B,660375,3981,3980,3634,2197,1,0.004801062
Warm B,660049,3978,3977,3634,2197,1,0.012303667
Warm B,659503,3974,3973,3634,2197,1,0.007692892
Warm B,651826,3930,3929,3634,2197,1,0.011742704
Warm B,642322,3864,3863,3634,2197,1,0.012350911
Warm B,636624,3835,3834,3634,2197,1,0.009146173
Warm B,637995,3841,3840,3634,2197,1,0.0077003166
Warm B,621156,3762,3761,3634,2197,0,0.0095133055
Warm B,620645,3760,3759,3634,2197,0,0.004312665
Warm B,611667,3708,3707,3634,2197,1,-0.005083384
Warm B,606448,3683,3682,3634,2197,1,0.015919887
Warm B,869847,5255,5254,3634,2197,1,0.009615316
Warm B,594566,3619,3618,3634,2197,0,0.0063499296
Warm B,585247,3574,3573,3634,2197,0,0.017001562
Warm B,728412,4354,4353,3634,2197,1,0.0075688036
Warm B,764418,4543,4542,3634,2197,1,0.027434684
Warm B,567118,3482,3481,3634,2197,1,-0.00024552085
Warm B,563669,3469,3468,3634,2197,1,0.008412784
Warm B,558020,3426,3425,3634,2197,1,0.0050505744
Warm B,547894,3380,3379,3634,2197,1,0.0009669354
Warm B,506634,3118,3117,3634,2197,1,0.0073183817
Warm B,505094,3108,3107,3634,2197,1,0.009005991
Warm B,546045,3367,3366,3634,2197,1,0.004045147
Warm B,697267,4169,4168,3634,2197,1,0.01686839
Warm B,471601,2901,2900,3634,2197,1,-0.0037543345
Warm B,494961,3036,3035,3634,2197,1,0.0046341764
Warm B,460630,2841,2840,3634,2197,1,0.019331781
Warm B,455538,2805,2804,3634,2197,1,0.008153277
Warm B,442577,2726,2725,3634,2197,1,0.0015067314
Warm B,433574,2643,2642,3634,2197,0,0.005473123
Warm B,645203,3885,3884,3634,2197,1,0.0041977875
Warm B,428245,2605,2604,3634,2197,1,0.011694655
Warm B,423703,2567,2566,3634,2197,1,0.011208461
Warm B,422129,2555,2554,3634,2197,1,0.0050377487
Warm B,421610,2547,2546,3634,2197,1,0.0062542125
Warm B,421483,2546,2545,3634,2197,1,0.0092411805
Warm B,426887,2592,2591,3634,2197,1,0.014151123
Warm B,418080,2526,2525,3634,2197,1,0.0070238668
Warm B,415045,2498,2497,3634,2197,1,0.0032462336
Warm B,410816,2465,2464,3634,2197,1,0.003013805
Warm B,412070,2478,2477,3634,2197,1,0.011984188
Warm B,390961,2297,2296,3634,2197,1,0.011981205
Warm B,390865,2294,2293,3634,2197,1,0.003750988
Warm B,388906,2279,2278,3634,2197,1,0.0070842183
Warm B,385229,2251,2250,3634,2197,1,0.009316457
Warm B,381601,2231,2230,3634,2197,1,0.018270038
Warm B,378688,2211,2210,3634,2197,1,0.009218251
Warm B,353686,2072,2071,3634,2197,1,0.003536889
Warm B,356338,2088,2087,3634,2197,1,0.012749149
Warm B,347645,2039,2038,3634,2197,1,0.0007594684
Warm B,357371,2092,2091,3634,2197,0,0.009718507
Warm B,343596,2018,2017,3634,2197,1,0.0071298922
Warm B,334536,1974,1973,3634,2197,1,0.006234078
Warm B,323126,1916,1915,3634,2197,1,0.0050699045
Warm B,313331,1869,1868,3634,2197,1,0.00030637323
Warm B,311555,1856,1855,3634,2197,1,0.012634182
Warm B,293689,1748,1747,3634,2197,1,0.012794814
Warm B,250792,1513,1512,3634,2197,1,0.0059023206
Warm B,392093,2304,2303,3634,2197,1,0.015564397
Warm B,236691,1437,1436,3634,2197,1,0.013195813
Warm B,316728,1884,1883,3634,2197,1,0.014440687
Warm B,242727,1465,1464,3634,2197,1,0.009189382
Warm B,318121,1890,1889,3634,2197,1,0.0012364753
Warm B,214770,1303,1302,3634,2197,1,0.021421434
Warm B,210089,1284,1283,3634,2197,1,0.0027640406
Warm B,188563,1170,1169,3634,2197,1,0.009326548
Warm B,184334,1147,1146,3634,2197,1,0.011509872
Warm B,180984,1131,1130,3634,2197,1,0.016184509
Warm B,190745,1181,1180,3634,2197,1,0.02049531
Warm B,163087,1041,1040,3634,2197,1,-0.0020001852
Warm B,152968,984,983,3634,2197,1,0.009663446
Warm B,146908,948,947,3634,2197,1,0.0075245327
Warm B,253354,1541,1540,3634,2197,0,0.0056725913
Warm B,379896,2222,2221,3634,2197,0,0.009628121
Warm B,118864,769,768,3634,2197,0,-0.0015739072
Warm B,139163,890,889,3634,2197,0,0.0076561472
Warm B,98125,656,655,3634,2197,1,0.0066759987
Warm B,96125,646,645,3634,2197,1,0.0063218437
Warm B,76868,521,520,3634,2197,1,-0.00026853802
Warm B,55321,366,365,3634,2197,1,0.008707732
Warm B,49831,330,329,3634,2197,1,0.0029343641
Warm B,67007,451,450,3634,2197,1,0.008036088
Warm B,48600,326,325,3634,2197,0,-0.003192646
Warm B,47606,319,318,3634,2197,1,0.014778763
Warm B,98721,660,659,3634,2197,1,0.014416307
Warm B,27600,193,192,3634,2197,1,0.0075019035
Warm B,25164,177,176,3634,2197,0,0.007605834
Warm B,9371,62,61,3634,2197,1,0.020439897
Warm B,657480,3963,3962,3634,2197,0,0.010965523
Warm B,2982,23,22,3634,2197,0,0.018291086
Warm B,62801,424,423,3634,2197,1,0.0149212405
Warm B,24444,173,172,3634,2197,1,0.00826288
Warm B,141162,910,909,3634,2197,1,0.006033667
Warm B,835187,5019,5018,3634,2197,1,0.013317225
Warm B,420918,2544,2543,3634,2197,1,0.016376136
Warm B,804152,4815,4814,3634,2197,1,0.0075971857
Warm B,843630,5071,5070,3634,2197,1,0.0022514553
Warm B,485938,2991,2990,3634,2197,1,0.012238343
Warm B,254613,1547,1546,3634,2197,1,0.0027892464
Warm B,795596,4765,4764,3634,2197,1,0.0025589142
Warm B,933832,5636,5635,3634,2197,1,0.010365674
Warm B,994017,6002,6001,3634,2197,1,0.003767354
Warm B,322257,1912,1911,3634,2197,0,0.0101372395
Warm B,93246,624,623,3634,2197,1,0.009548649
Warm B,518697,3201,3200,3643,2201,0,0.00282192
Warm B,566160,3476,3475,3643,2201,0,-0.009696764
Warm B,646635,3892,3891,3643,2201,1,0.009679834
Warm B,495251,3039,3038,3643,2201,0,-0.008845137
Warm B,486235,2994,2993,3643,2201,1,0.0012820786
Warm B,529614,3272,3271,3643,2201,1,0.0116899945
Warm B,480085,2946,2945,3643,2201,0,0.005719302
Warm B,473500,2909,2908,3643,2201,1,0.010961584
Warm B,645212,3885,3884,3643,2201,1,-0.0014074151
Warm B,434647,2651,2650,3643,2201,0,0.00074678194
Warm B,430721,2625,2624,3643,2201,0,-0.0017350321
Warm B,426898,2592,2591,3643,2201,1,0.004172186
Warm B,394664,2329,2328,3643,2201,0,-0.0033633495
Warm B,388099,2271,2270,3643,2201,1,0.0034768474
Warm B,377200,2203,2202,3643,2201,1,0.0118432585
Warm B,364130,2121,2120,3643,2201,0,-0.0042449674
Warm B,345454,2026,2025,3643,2201,0,0.0019333292
Warm B,293698,1748,1747,3643,2201,0,0.011826713
Warm B,292249,1741,1740,3643,2201,1,0.0014193875
Warm B,275497,1667,1666,3643,2201,0,0.0073152585
Warm B,350695,2059,2058,3643,2201,1,0.0014325045
Warm B,244656,1473,1472,3643,2201,0,0.004091839
Warm B,242738,1465,1464,3643,2201,1,0.006827809
Warm B,246649,1490,1489,3643,2201,1,0.008562096
Warm B,220580,1337,1336,3643,2201,1,0.0049909838
Warm B,152977,984,983,3643,2201,0,0.0037633106
Warm B,323762,1920,1919,3643,2201,0,0.00851047
Warm B,146912,948,947,3643,2201,0,-0.0021705278
Warm B,131101,850,849,3643,2201,1,-0.0018400764
Warm B,123369,796,795,3643,2201,0,-0.0020820764
Warm B,118323,765,764,3643,2201,1,0.0036175402
Warm B,106723,702,701,3643,2201,1,0.012466254
Warm B,104254,692,691,3643,2201,0,0.00071570626
Warm B,71079,477,476,3643,2201,0,-0.001923868
Warm B,68660,461,460,3643,2201,0,-0.0014575007
Warm B,68008,456,455,3643,2201,0,-0.008639373
Warm B,52843,348,347,3643,2201,0,-0.00028537912
Warm B,36632,245,244,3643,2201,0,0.00403774
Warm B,591909,3610,3609,3643,2201,0,-0.0039569326
Warm B,5637,40,39,3643,2201,1,-0.0040301844
Warm B,445792,2749,2748,3643,2201,1,-0.0107079055
Warm B,334970,1976,1975,3646,2202,0,-0.0066428836
Warm B,315133,1880,1879,3646,2202,0,-0.0037820693
Warm B,330519,1951,1950,3646,2202,0,-0.010245431
Warm B,295619,1755,1754,3646,2202,0,0.006042516
Warm B,277597,1676,1675,3646,2202,1,0.0020604432
Warm B,299027,1776,1775,3646,2202,0,-0.0014938237
Warm B,271445,1641,1640,3646,2202,0,0.004642926
Warm B,256975,1573,1572,3646,2202,1,0.0016662617
Warm B,246048,1487,1486,3646,2202,0,-0.004275461
Warm B,253135,1538,1537,3646,2202,0,0.004248795
Warm B,204926,1261,1260,3646,2202,0,0.0062290314
Warm B,189336,1173,1172,3646,2202,0,0.0066254456
Warm B,201128,1241,1240,3646,2202,0,-0.0025931473
Warm B,326546,1935,1934,3646,2202,1,0.008248324
Warm B,185158,1150,1149,3646,2202,0,-0.0008129212
Warm B,182353,1138,1137,3646,2202,0,0.0012859008
Warm B,179546,1125,1124,3646,2202,1,-0.0065721325
Warm B,175460,1112,1111,3646,2202,0,0.009857028
Warm B,163779,1050,1049,3646,2202,0,-0.004534408
Warm B,162588,1037,1036,3646,2202,0,-0.0015715649
Warm B,255492,1556,1555,3646,2202,1,-0.0021722156
Warm B,149330,961,960,3646,2202,1,-0.0017604143
Warm B,380236,2223,2222,3646,2202,0,-0.004588794
Warm B,135157,875,874,3646,2202,1,0.0013716954
Warm B,122021,787,786,3646,2202,0,-0.005261131
Warm B,120066,775,774,3646,2202,0,0.0029601376
Warm B,119169,770,769,3646,2202,0,0.0081479205
Warm B,110111,718,717,3646,2202,1,-0.0005361079
Warm B,100801,673,672,3646,2202,0,-0.0024193153
Warm B,95928,644,643,3646,2202,0,-0.0004907353
Warm B,174633,1105,1104,3646,2202,0,0.0014246148
Warm B,406025,2436,2435,3646,2202,0,0.0040247166
Warm B,120369,777,776,3646,2202,0,0.00010568404
Warm B,70741,476,475,3646,2202,1,0.0029531706
Warm B,67402,453,452,3646,2202,0,0.006819769
Warm B,64209,429,428,3646,2202,0,0.0075122323
Warm B,251124,1516,1515,3646,2202,0,-0.0034151068
Warm B,57000,385,384,3646,2202,1,-0.0071137585
Warm B,407226,2446,2445,3646,2202,0,0.0015444886
Warm B,44693,302,301,3646,2202,0,0.009117737
Warm B,355595,2082,2081,3646,2202,1,-0.009180187
Warm B,39614,268,267,3646,2202,1,-0.0072771516
Warm B,88777,587,586,3646,2202,0,-0.0006524973
Warm B,481753,2962,2961,3646,2202,1,-0.006669787
Warm B,22655,163,162,3646,2202,0,0.0035404162
Warm B,26522,187,186,3646,2202,0,-0.0043348027
Warm B,210099,1284,1283,3646,2202,0,0.008084799
Warm B,45430,306,305,3646,2202,1,-0.0035294294
Warm B,433149,2641,2640,3646,2202,0,-0.0022849045
Warm B,14002,113,112,3646,2202,0,-0.0064235665
Warm B,272841,1647,1646,3646,2202,0,-0.0061622253
Warm B,9003,61,60,3646,2202,1,0.0098421695
Warm B,8231,57,56,3646,2202,0,0.0080196485
Warm B,7356,52,51,3646,2202,0,-0.011045553
Warm B,7246,50,49,3646,2202,0,0.0011194904
Warm B,90480,600,599,3646,2202,0,-0.0097637735
Warm B,399808,2380,2379,3646,2202,1,-0.0060811415
Warm B,116818,753,752,3646,2202,1,0.0004625388
Warm B,1599,15,14,3646,2202,0,0.0066853827
Warm B,211659,1287,1286,3646,2202,0,0.008164865
Warm B,238818,1448,1447,3646,2202,0,-0.0017499207
Warm B,21046,153,152,3646,2202,1,-0.009135158
Warm B,179979,1127,1126,3646,2202,0,-0.00031039864
Warm B,171530,1088,1087,3646,2202,0,0.008390799
Warm B,239950,1449,1448,3646,2202,0,-0.0059678857
Warm B,299572,1778,1777,3646,2202,0,0.0050010555
Warm B,181957,1137,1136,3646,2202,0,0.00036949455
Warm B,250369,1509,1508,3646,2202,0,0.0060935747
Warm B,743159,4445,4444,3646,2202,0,0.0014984444
Warm B,598162,3641,3640,3646,2202,0,0.0026547327
Warm B,287300,1715,1714,3646,2202,1,-0.0011665379
Warm B,354838,2077,2076,3646,2202,0,0.008035633
Warm B,19550,148,147,3646,2202,0,-0.012008891
Warm B,512763,3163,3162,3646,2202,0,0.0004905055
Warm B,575778,3520,3519,3646,2202,0,0.0048858076
Warm B,388336,2272,2271,3646,2202,1,0.0091210995
Warm B,150537,970,969,3646,2202,0,0.008785409
Warm B,930599,5621,5620,3646,2202,0,-0.0017963559
Warm B,605725,3681,3680,3646,2202,0,0.0014692257
Warm B,42850,293,292,3646,2202,0,0.0014366852
Warm B,949284,5734,5733,3646,2202,0,0.0042256024
Warm B,530948,3280,3279,3646,2202,0,0.0066989353
Warm B,14218,116,115,3646,2202,0,-0.0015594432
Warm B,12864,99,98,3646,2202,0,-0.0010474832
Warm B,521735,3219,3218,3646,2202,0,0.007177326
Warm B,12103,92,91,3646,2202,0,-0.0008918317
Warm B,437228,2669,2668,3646,2202,0,-0.001385849
Warm B,567404,3483,3482,3646,2202,0,0.004349608
Warm B,272134,1645,1644,3646,2202,1,0.0030117182
Warm B,317651,1889,1888,3646,2202,0,-0.007134948
Warm B,503800,3096,3095,3646,2202,1,-0.00516854
Warm B,242094,1458,1457,3646,2202,0,0.0073804744
Warm B,110749,721,720,3646,2202,0,-0.004122914
Warm B,335162,1978,1977,3646,2202,0,-0.00044750609
Warm B,309573,1842,1841,3646,2202,0,0.00015515741
Warm B,287682,1717,1716,3646,2202,0,-0.0018039062
Warm B,351699,2063,2062,3646,2202,0,0.002349664
Warm B,636240,3834,3833,3646,2202,0,0.002345203
Warm B,973568,5872,5871,3646,2202,0,0.0004547001
Warm B,631509,3821,3820,3646,2202,0,0.005168488
Warm B,907802,5492,5491,3646,2202,0,-0.0037929046
Warm B,255899,1560,1559,3646,2202,1,-0.00085010333
Warm B,134186,869,868,3646,2202,0,-0.0020699226
Warm B,864047,5205,5204,3646,2202,0,-0.0075329375
Warm B,47643,319,318,3646,2202,0,0.0015697714
Warm B,977930,5892,5891,3646,2202,0,-0.00013643096
Warm B,883357,5333,5332,3646,2202,0,0.00045806728
Warm B,926207,5598,5597,3646,2202,0,0.007532212
Warm B,327954,1941,1940,3646,2202,0,-0.0031856718
Warm B,164462,1051,1050,3646,2202,0,-0.0029099023
Warm B,363750,2119,2118,3646,2202,0,7.497112e-05
Warm B,564343,3471,3470,3646,2202,0,-3.5500037e-05
Warm B,941683,5682,5681,3646,2202,0,0.00050065015
Warm B,53068,349,348,3646,2202,0,-0.0016022138
Warm B,310634,1851,1850,3646,2202,0,0.0062840483
Warm B,847209,5090,5089,3646,2202,0,0.004012711
Warm B,857994,5156,5155,3646,2202,0,0.010233334
Warm B,550012,3391,3390,3646,2202,0,-0.0015188328
Warm B,466761,2878,2877,3646,2202,0,0.0052747717
Warm B,83011,549,548,3646,2202,0,-0.0031627489
Warm B,619211,3752,3751,3653,2204,1,-0.0037098667
Warm B,614336,3721,3720,3653,2204,0,0.0071960976
Warm B,611668,3708,3707,3653,2204,1,0.0059877685
Warm B,612739,3714,3713,3653,2204,1,-0.009547272
Warm B,604140,3675,3674,3653,2204,1,0.0006811508
Warm B,601409,3656,3655,3653,2204,0,0.0028773563
Warm B,598168,3641,3640,3653,2204,1,0.007013711
Warm B,597133,3629,3628,3653,2204,0,0.007346863
Warm B,869852,5255,5254,3653,2204,1,0.014606269
Warm B,594574,3619,3618,3653,2204,1,0.013366514
Warm B,585640,3576,3575,3653,2204,1,0.00365041
Warm B,585256,3574,3573,3653,2204,0,-0.0006885015
Warm B,874309,5278,5277,3653,2204,1,0.0042902073
Warm B,567896,3484,3483,3653,2204,1,0.0005055199
Warm B,561045,3452,3451,3653,2204,1,0.0027980113
Warm B,590986,3605,3604,3653,2204,1,0.009977199
Warm B,551809,3400,3399,3653,2204,1,0.007374781
Warm B,547902,3380,3379,3653,2204,1,0.012956986
Warm B,538465,3313,3312,3653,2204,0,0.012291952
Warm B,533232,3292,3291,3653,2204,1,0.006251805
Warm B,529622,3272,3271,3653,2204,0,0.018304136
Warm B,527850,3263,3262,3653,2204,1,0.00010715396
Warm B,575279,3519,3518,3653,2204,0,0.003954866
Warm B,522456,3224,3223,3653,2204,1,0.004234568
Warm B,518702,3201,3200,3653,2204,1,0.009331201
Warm B,514863,3180,3179,3653,2204,1,0.0005573565
Warm B,492662,3029,3028,3653,2204,1,0.014025559
Warm B,599955,3650,3649,3653,2204,0,0.007079658
Warm B,471610,2901,2900,3653,2204,1,0.007367804
Warm B,471331,2900,2899,3653,2204,1,0.018338528
Warm B,466764,2878,2877,3653,2204,1,0.008964142
Warm B,462554,2854,2853,3653,2204,0,0.0037002577
Warm B,449738,2773,2772,3653,2204,1,0.0021705478
Warm B,451365,2778,2777,3653,2204,1,0.011979036
Warm B,410820,2465,2464,3653,2204,1,0.009927257
Warm B,396630,2348,2347,3653,2204,0,0.0026467936
Warm B,400356,2383,2382,3653,2204,0,0.009515452
Warm B,381610,2231,2230,3653,2204,0,0.009362739
Warm B,357388,2092,2091,3653,2204,1,0.009118877
Warm B,349841,2054,2053,3653,2204,1,0.013146118
Warm B,323134,1916,1915,3653,2204,0,0.019607127
Warm B,302470,1796,1795,3653,2204,1,-0.0017747296
Warm B,295243,1753,1752,3653,2204,1,-0.0051737116
Warm B,298790,1775,1774,3653,2204,0,0.0051678517
Warm B,293703,1748,1747,3653,2204,0,-0.0024437474
Warm B,345456,2026,2025,3653,2204,0,0.0006079185
Warm B,260378,1592,1591,3653,2204,0,0.0068165604
Warm B,243875,1470,1469,3653,2204,0,0.004104415
Warm B,244660,1473,1472,3653,2204,1,-0.0045765312
Warm B,242746,1465,1464,3653,2204,1,0.004625959
Warm B,325338,1926,1925,3653,2204,1,-0.0007106853
Warm B,289291,1727,1726,3653,2204,1,0.0011611434
Warm B,293151,1746,1745,3653,2204,1,0.014150313
Warm B,197882,1216,1215,3653,2204,1,0.0030116914
Warm B,183712,1143,1142,3653,2204,1,0.009407083
Warm B,182754,1140,1139,3653,2204,0,-1.2995442e-05
Warm B,210835,1285,1284,3653,2204,1,0.007942034
Warm B,212864,1297,1296,3653,2204,1,0.0063432436
Warm B,222051,1343,1342,3653,2204,1,0.008322567
Warm B,148271,955,954,3653,2204,0,0.015616629
Warm B,713810,4277,4276,3653,2204,1,0.006752762
Warm B,147915,953,952,3653,2204,1,0.003328519
Warm B,128941,838,837,3653,2204,1,0.0009826068
Warm B,315142,1880,1879,3653,2204,1,0.008190573
Warm B,125367,806,805,3653,2204,1,0.008376593
Warm B,124842,802,801,3653,2204,1,0.013588836
Warm B,132406,855,854,3653,2204,1,0.017518584
Warm B,103957,691,690,3653,2204,1,0.010496959
Warm B,92276,615,614,3653,2204,1,0.00067465776
Warm B,152983,984,983,3653,2204,1,0.012679195
Warm B,83023,549,548,3653,2204,1,0.014746542
Warm B,57008,385,384,3653,2204,1,0.010055545
Warm B,130496,846,845,3653,2204,0,0.0059166523
Warm B,317657,1889,1888,3653,2204,0,0.0035938849
Warm B,48625,326,325,3653,2204,0,-1.6209902e-05
Warm B,34804,235,234,3653,2204,0,0.007155674
Warm B,32256,216,215,3653,2204,0,-0.0015045389
Warm B,481757,2962,2961,3653,2204,0,0.011333201
Warm B,210107,1284,1283,3653,2204,0,0.0054757963
Warm B,30635,204,203,3653,2204,0,0.011936592
Warm B,459595,2832,2831,3653,2204,1,0.012106083
Warm B,249821,1505,1504,3653,2204,1,0.0052732546
Warm B,265035,1611,1610,3653,2204,1,0.0106184725
Warm B,420930,2544,2543,3653,2204,0,0.01699568
Warm B,821705,4940,4939,3653,2204,1,0.0005910322
Warm B,657490,3963,3962,3653,2204,0,0.014866335
Warm B,322281,1912,1911,3653,2204,1,0.008815029
Warm B,96589,648,647,3653,2204,1,0.009546834
Warm B,748307,4467,4466,3653,2204,1,0.013659154
Warm B,14620,117,116,3658,2206,1,0.005920522
Warm B,1850,17,16,3658,2206,1,0.005902626
Warm B,1349,12,11,3658,2206,1,-0.0010568991
Warm B,873857,5276,5275,3658,2206,0,0.0011713663
Warm B,293705,1748,1747,3658,2206,1,0.0037817112
Warm B,927872,5605,5604,3658,2206,1,0.006821575
Warm B,473514,2909,2908,3658,2206,0,-0.0038568182
Warm B,327970,1941,1940,3658,2206,0,-0.0030405254
Warm B,28367,195,194,3658,2206,1,-0.008085119
Warm B,584665,3569,3568,3660,2207,0,0.005811696
Warm B,577737,3528,3527,3660,2207,0,-0.0031772363
Warm B,569153,3491,3490,3660,2207,1,0.0033215338
Warm B,559390,3436,3435,3660,2207,1,0.002967666
Warm B,547360,3377,3376,3660,2207,1,0.0018492173
Warm B,577077,3526,3525,3660,2207,0,0.004587154
Warm B,538902,3314,3313,3660,2207,1,0.002373008
Warm B,537064,3311,3310,3660,2207,0,0.009686149
Warm B,505582,3110,3109,3660,2207,0,0.008470287
Warm B,501733,3081,3080,3660,2207,1,0.0017487204
Warm B,494039,3032,3031,3660,2207,1,0.009498395
Warm B,483926,2976,2975,3660,2207,0,0.0012691617
Warm B,487865,3001,3000,3660,2207,1,0.0018907797
Warm B,697305,4169,4168,3660,2207,0,0.0070905974
Warm B,591192,3607,3606,3660,2207,0,0.008300986
Warm B,472522,2907,2906,3660,2207,1,0.0028055503
Warm B,463228,2857,2856,3660,2207,1,0.0012353277
Warm B,457850,2820,2819,3660,2207,0,0.012048864
Warm B,444402,2742,2741,3660,2207,0,0.0072150957
Warm B,441633,2711,2710,3660,2207,0,-0.002553118
Warm B,437047,2668,2667,3660,2207,0,0.017641244
Warm B,430723,2625,2624,3660,2207,0,0.0064187758
Warm B,426441,2590,2589,3660,2207,0,-0.0008478477
Warm B,409574,2457,2456,3660,2207,0,0.00850214
Warm B,386986,2263,2262,3660,2207,1,0.0061051473
Warm B,386043,2258,2257,3660,2207,0,0.009664908
Warm B,374017,2181,2180,3660,2207,0,-0.005074569
Warm B,370700,2167,2166,3660,2207,1,0.003381717
Warm B,369876,2164,2163,3660,2207,0,0.00021351536
Warm B,368621,2155,2154,3660,2207,1,0.0055153985
Warm B,368777,2156,2155,3660,2207,0,0.0017297028
Warm B,367321,2144,2143,3660,2207,0,0.013556138
Warm B,356353,2088,2087,3660,2207,1,0.01693777
Warm B,297447,1764,1763,3660,2207,0,0.0033676932
Warm B,299032,1776,1775,3660,2207,0,0.011126941
Warm B,288243,1722,1721,3660,2207,1,0.0036124636
Warm B,288428,1723,1722,3660,2207,0,0.014873288
Warm B,279072,1680,1679,3660,2207,0,0.014767077
Warm B,276911,1675,1674,3660,2207,0,0.008957269
Warm B,247623,1496,1495,3660,2207,0,0.01566226
Warm B,342393,2015,2014,3660,2207,1,0.008733101
Warm B,226373,1370,1369,3660,2207,0,0.0012138764
Warm B,277614,1676,1675,3660,2207,1,0.021462858
Warm B,327978,1941,1940,3660,2207,0,0.010669756
Warm B,187049,1160,1159,3660,2207,0,0.003405498
Warm B,186529,1154,1153,3660,2207,0,0.0033204095
Warm B,307376,1835,1834,3660,2207,0,0.016551523
Warm B,181580,1135,1134,3660,2207,0,0.011509993
Warm B,177525,1119,1118,3660,2207,0,0.012955666
Warm B,176385,1115,1114,3660,2207,0,0.0041250996
Warm B,196457,1207,1206,3660,2207,0,0.012160152
Warm B,165980,1058,1057,3660,2207,1,0.016236825
Warm B,159205,1017,1016,3660,2207,1,0.0075484104
Warm B,138158,889,888,3660,2207,0,0.0076251244
Warm B,134194,869,868,3660,2207,1,0.008292094
Warm B,131472,851,850,3660,2207,1,0.007011585
Warm B,315152,1880,1879,3660,2207,0,0.011986379
Warm B,125512,808,807,3660,2207,0,0.008843078
Warm B,107499,709,708,3660,2207,0,0.015784817
Warm B,104836,695,694,3660,2207,0,0.0014149685
Warm B,331543,1958,1957,3660,2207,0,0.0065825866
Warm B,99663,665,664,3660,2207,0,0.004997712
Warm B,351721,2063,2062,3660,2207,0,0.0060525956
Warm B,90923,602,601,3660,2207,0,0.0029459598
Warm B,86086,563,562,3660,2207,0,0.010091657
Warm B,81219,541,540,3660,2207,0,0.0012727263
Warm B,70413,475,474,3660,2207,0,0.010767633
Warm B,66529,445,444,3660,2207,0,0.010803372
Warm B,62840,424,423,3660,2207,0,0.0047368947
Warm B,57667,390,389,3660,2207,0,0.0025351883
Warm B,54003,352,351,3660,2207,0,0.009545367
Warm B,51023,336,335,3660,2207,1,0.0039802277
Warm B,132412,855,854,3660,2207,0,0.009598489
Warm B,45247,305,304,3660,2207,0,-0.00027703447
Warm B,639041,3842,3841,3660,2207,0,0.005256461
Warm B,41255,278,277,3660,2207,1,0.013795724
Warm B,481761,2962,2961,3660,2207,0,0.017763287
Warm B,21048,153,152,3660,2207,0,0.0077473707
Warm B,23224,166,165,3660,2207,0,0.00045020552
Warm B,119184,770,769,3660,2207,0,0.004213365
Warm B,290139,1733,1732,3660,2207,0,0.006772627
Warm B,8590,58,57,3660,2207,0,0.0043926165
Warm B,7926,53,52,3660,2207,0,0.0056606974
Warm B,2739,22,21,3660,2207,1,0.007931922
Warm B,19585,148,147,3660,2207,1,0.00088063977
Warm B,552272,3401,3400,3660,2207,0,0.01003104
Warm B,164470,1051,1050,3660,2207,0,0.0047307145
Warm B,310643,1851,1850,3660,2207,0,-0.0005802319
Warm B,158080,1015,1014,3660,2207,0,0.009277891
Warm B,366133,2131,2130,3660,2207,1,-0.0014705939
Warm B,622055,3768,3767,3660,2207,0,0.010584651
Warm B,720438,4312,4311,3660,2207,0,0.0109346
Warm B,760795,4520,4519,3660,2207,1,0.008095872
Warm B,105581,698,697,3660,2207,0,0.0118071325
Warm B,474346,2910,2909,3660,2207,1,0.0018365327
Warm B,497615,3055,3054,3660,2207,0,0.008556846
Warm B,489566,3013,3012,3660,2207,0,0.006916391
Warm B,277615,1676,1675,3661,2208,0,0.014818497
Warm B,327980,1941,1940,3661,2208,0,0.005435218
Warm B,176386,1115,1114,3661,2208,0,0.002753917
Warm B,159206,1017,1016,3661,2208,0,0.009522964
Warm B,134195,869,868,3661,2208,1,0.0048141927
Warm B,138159,889,888,3661,2208,0,0.018417064
Warm B,351722,2063,2062,3661,2208,0,0.015076581
Warm B,125513,808,807,3661,2208,0,-0.004179771
Warm B,107500,709,708,3661,2208,0,0.02075404
Warm B,99664,665,664,3661,2208,0,0.009633684
Warm B,91615,608,607,3661,2208,0,0.013045866
Warm B,308561,1837,1836,3661,2208,0,0.009031155
Warm B,86087,563,562,3661,2208,0,0.0045759548
Warm B,75881,516,515,3661,2208,0,0.010328565
Warm B,57668,390,389,3661,2208,0,0.008019675
Warm B,51216,337,336,3661,2208,0,0.010218547
Warm B,41256,278,277,3661,2208,0,0.013955589
Warm B,291327,1737,1736,3661,2208,0,0.012811912
Warm B,639042,3842,3841,3661,2208,0,0.004413931
Warm B,2740,22,21,3661,2208,1,0.0031271426
Warm B,829078,4979,4978,3661,2208,0,0.022943933
Warm B,310644,1851,1850,3661,2208,0,0.011210104
Warm B,221802,1341,1340,3662,2209,0,-0.009417107
Warm B,196139,1206,1205,3662,2209,1,0.008884482
Warm B,196459,1207,1206,3662,2209,0,0.006249707
Warm B,327983,1941,1940,3662,2209,0,0.0021497416
Warm B,159207,1017,1016,3662,2209,0,0.0026546274
Warm B,342397,2015,2014,3662,2209,0,-0.00032734603
Warm B,156775,1010,1009,3662,2209,0,0.0096442755
Warm B,138160,889,888,3662,2209,0,0.0041786972
Warm B,133859,868,867,3662,2209,1,0.00025381893
Warm B,134196,869,868,3662,2209,0,0.0044543026
Warm B,351723,2063,2062,3662,2209,0,-0.002344043
Warm B,127075,820,819,3662,2209,0,0.008143016
Warm B,125514,808,807,3662,2209,0,0.0026088501
Warm B,107501,709,708,3662,2209,1,0.003635073
Warm B,250375,1509,1508,3662,2209,0,-0.0025022642
Warm B,91616,608,607,3662,2209,0,-0.0067267315
Warm B,308562,1837,1836,3662,2209,0,0.0036804308
Warm B,86088,563,562,3662,2209,0,0.0024315927
Warm B,75882,516,515,3662,2209,0,0.0051697437
Warm B,57669,390,389,3662,2209,1,0.003584817
Warm B,51024,336,335,3662,2209,1,-3.3151824e-05
Warm B,41927,284,283,3662,2209,0,0.003937374
Warm B,41257,278,277,3662,2209,0,0.0014205324
Warm B,291328,1737,1736,3662,2209,0,-0.0013615757
Warm B,33640,225,224,3662,2209,0,-0.0007612102
Warm B,22687,163,162,3662,2209,0,0.008069348
Warm B,14630,117,116,3662,2209,0,0.007070171
Warm B,1861,17,16,3662,2209,0,-0.010140333
Warm B,11117,82,81,3662,2209,0,0.007239016
Warm B,552274,3401,3400,3662,2209,0,-0.000155719
Warm B,310645,1851,1850,3662,2209,0,0.006177703
Warm B,366135,2131,2130,3662,2209,0,0.0019274247
Warm B,237842,1447,1446,3669,2211,0,0.0036378996
Warm B,342405,2015,2014,3669,2211,0,0.003795376
Warm B,272145,1645,1644,3669,2211,0,0.005779748
Warm B,102173,678,677,3669,2211,0,0.009691454
Warm B,497618,3055,3054,3669,2211,0,0.01347154
Warm B,134207,869,868,3669,2211,1,0.008506339
Warm B,418619,2529,2528,3669,2211,0,-0.0018380312
Warm B,537876,3312,3311,3669,2211,0,0.0004256753
Warm B,967295,5831,5830,3669,2211,0,0.011549352
Warm B,234925,1425,1424,3669,2211,0,-0.0034627265
Warm B,550046,3391,3390,3669,2211,0,-0.0086295735
Warm B,533256,3292,3291,3672,2213,1,0.009685188
Warm B,530970,3280,3279,3672,2213,0,0.017223405
Warm B,522483,3224,3223,3672,2213,0,0.008731427
Warm B,518717,3201,3200,3672,2213,1,-0.00054686284
Warm B,517625,3195,3194,3672,2213,0,0.0070241466
Warm B,515435,3182,3181,3672,2213,1,0.0069381143
Warm B,527382,3261,3260,3672,2213,0,0.013628659
Warm B,510230,3143,3142,3672,2213,1,-0.005416366
Warm B,539860,3320,3319,3672,2213,0,0.024089286
Warm B,502116,3082,3081,3672,2213,1,0.0055911522
Warm B,494064,3032,3031,3672,2213,1,0.016224958
Warm B,487562,2999,2998,3672,2213,0,0.008059943
Warm B,769027,4579,4578,3672,2213,1,0.015272928
Warm B,599976,3650,3649,3672,2213,0,0.012940489
Warm B,479238,2941,2940,3672,2213,0,0.008863667
Warm B,697315,4169,4168,3672,2213,0,0.016652238
Warm B,468386,2887,2886,3672,2213,0,0.006872192
Warm B,880116,5317,5316,3672,2213,1,0.010165003
Warm B,463245,2857,2856,3672,2213,0,0.015737912
Warm B,462565,2854,2853,3672,2213,0,0.003108368
Warm B,487012,2996,2995,3672,2213,1,0.0048119407
Warm B,466776,2878,2877,3672,2213,1,0.012364838
Warm B,447323,2756,2755,3672,2213,0,-0.0015053628
Warm B,445559,2748,2747,3672,2213,0,0.0081782965
Warm B,437933,2676,2675,3672,2213,0,-0.003054987
Warm B,456433,2810,2809,3672,2213,1,0.007429774
Warm B,418627,2529,2528,3672,2213,0,0.0016566205
Warm B,417516,2518,2517,3672,2213,1,0.014683083
Warm B,425665,2583,2582,3672,2213,0,0.0038121208
Warm B,405515,2429,2428,3672,2213,1,0.011634676
Warm B,385691,2255,2254,3672,2213,1,0.0053990753
Warm B,655942,3952,3951,3672,2213,1,0.00888331
Warm B,377782,2205,2204,3672,2213,0,0.016360339
Warm B,361591,2109,2108,3672,2213,0,0.012704553
Warm B,341550,2012,2011,3672,2213,0,0.005416698
Warm B,336991,1983,1982,3672,2213,1,0.009248881
Warm B,305384,1816,1815,3672,2213,1,0.012244117
Warm B,271623,1642,1641,3672,2213,0,0.0038525793
Warm B,261726,1599,1598,3672,2213,1,0.009294309
Warm B,247317,1495,1494,3672,2213,0,-0.0019498407
Warm B,335808,1980,1979,3672,2213,0,0.014739292
Warm B,224855,1359,1358,3672,2213,0,0.00047699787
Warm B,222260,1344,1343,3672,2213,0,0.011526
Warm B,323783,1920,1919,3672,2213,0,0.0004950401
Warm B,277631,1676,1675,3672,2213,0,0.0020501805
Warm B,279105,1680,1679,3672,2213,1,0.009235481
Warm B,197663,1214,1213,3672,2213,0,0.013333259
Warm B,328005,1941,1940,3672,2213,1,0.022731597
Warm B,173626,1100,1099,3672,2213,0,0.0019329966
Warm B,248786,1501,1500,3672,2213,1,0.016686313
Warm B,342412,2015,2014,3672,2213,0,0.012117375
Warm B,324393,1922,1921,3672,2213,0,0.005676063
Warm B,204212,1257,1256,3672,2213,0,0.0014414554
Warm B,141487,911,910,3672,2213,1,0.01264153
Warm B,131598,853,852,3672,2213,0,0.010182571
Warm B,315172,1880,1879,3672,2213,0,0.020375032
Warm B,263250,1605,1604,3672,2213,0,0.01091584
Warm B,124223,800,799,3672,2213,1,0.011971419
Warm B,121102,780,779,3672,2213,1,0.011181915
Warm B,216413,1314,1313,3672,2213,0,0.003589922
Warm B,96995,651,650,3672,2213,0,0.0054282974
Warm B,94908,637,636,3672,2213,0,-0.001793794
Warm B,93769,629,628,3672,2213,1,0.0016121678
Warm B,351744,2063,2062,3672,2213,0,0.013463416
Warm B,394187,2323,2322,3672,2213,0,0.006021308
Warm B,76141,517,516,3672,2213,0,0.0075115347
Warm B,73658,499,498,3672,2213,1,0.011231903
Warm B,71296,479,478,3672,2213,0,0.0054567284
Warm B,274194,1657,1656,3672,2213,0,0.0058929166
Warm B,71987,482,481,3672,2213,0,0.008929623
Warm B,56565,378,377,3672,2213,1,0.015107611
Warm B,46124,308,307,3672,2213,0,0.0063100564
Warm B,21679,157,156,3672,2213,0,0.016662128
Warm B,23248,166,165,3672,2213,0,0.006506775
Warm B,238858,1448,1447,3672,2213,0,0.007888591
Warm B,11399,87,86,3672,2213,0,0.004226113
Warm B,8126,55,54,3672,2213,1,0.0017273151
Warm B,107889,710,709,3672,2213,0,0.0093054725
Warm B,234046,1422,1421,3672,2213,0,0.009657245
Warm B,95410,639,638,3672,2213,0,-0.0039647827
Warm B,354864,2077,2076,3672,2213,0,0.018465245
Warm B,49666,329,328,3672,2213,0,0.014656205
Warm B,333810,1969,1968,3672,2213,1,0.005767121
Warm B,272860,1647,1646,3672,2213,1,0.018847184
Warm B,241160,1451,1450,3672,2213,1,0.014672727
Warm B,102184,678,677,3672,2213,1,0.016016994
Warm B,829995,4983,4982,3672,2213,0,-0.0035603317
Warm B,959029,5787,5786,3672,2213,0,0.023622565
Warm B,720443,4312,4311,3672,2213,0,0.010143498
Warm B,344816,2023,2022,3672,2213,0,0.019010248
Warm B,473540,2909,2908,3672,2213,1,0.011585198
Warm B,823513,4950,4949,3672,2213,0,0.004940022
Warm B,407768,2451,2450,3672,2213,0,0.008666139
Warm B,105584,698,697,3672,2213,0,0.006766554
Warm B,992618,5996,5995,3672,2213,0,0.009421395
Warm B,216989,1317,1316,3672,2213,0,0.0022752397
Warm B,678435,4064,4063,3676,2215,0,0.010172562
Warm B,670760,4031,4030,3676,2215,1,0.0023698658
Warm B,666503,4011,4010,3676,2215,0,0.00949861
Warm B,664427,4000,3999,3676,2215,0,-0.0009456759
Warm B,784434,4682,4681,3676,2215,1,0.013345446
Warm B,654106,3942,3941,3676,2215,1,0.0045240973
Warm B,647250,3896,3895,3676,2215,0,-0.003012072
Warm B,639058,3842,3841,3676,2215,1,0.014534662
Warm B,653496,3940,3939,3676,2215,1,0.016206441
Warm B,633982,3825,3824,3676,2215,0,0.011944362
Warm B,630239,3811,3810,3676,2215,1,0.017394617
Warm B,628144,3804,3803,3676,2215,1,0.0063055493
Warm B,629377,3808,3807,3676,2215,0,0.0012237453
Warm B,638072,3841,3840,3676,2215,1,0.0022467622
Warm B,754485,4496,4495,3676,2215,1,0.0045880387
Warm B,959729,5788,5787,3676,2215,1,0.0044537596
Warm B,615611,3727,3726,3676,2215,0,0.0092128785
Warm B,614438,3722,3721,3676,2215,0,0.0007690176
Warm B,621183,3762,3761,3676,2215,0,0.0110571515
Warm B,589605,3596,3595,3676,2215,0,0.014648788
Warm B,581689,3554,3553,3676,2215,1,0.0056658383
Warm B,576149,3521,3520,3676,2215,0,0.0054621063
Warm B,568302,3487,3486,3676,2215,0,0.017528519
Warm B,610597,3704,3703,3676,2215,1,0.008253813
Warm B,713830,4277,4276,3676,2215,1,0.013268062
Warm B,593757,3618,3617,3676,2215,1,0.009255035
Warm B,566785,3478,3477,3676,2215,0,0.0110319825
Warm B,657099,3961,3960,3676,2215,0,0.00341992
Warm B,560622,3447,3446,3676,2215,0,-7.331604e-05
Warm B,556864,3422,3421,3676,2215,0,0.012763634
Warm B,552931,3402,3401,3676,2215,0,0.019754997
Warm B,543425,3346,3345,3676,2215,1,0.017372888
Warm B,534994,3301,3300,3676,2215,0,0.0026656012
Warm B,521948,3222,3221,3676,2215,0,0.006736029
Warm B,521858,3220,3219,3676,2215,1,0.008428192
Warm B,522486,3224,3223,3676,2215,1,0.010544531
Warm B,519794,3207,3206,3676,2215,0,0.0029546556
Warm B,518227,3198,3197,3676,2215,1,0.013192014
Warm B,514124,3173,3172,3676,2215,0,0.014014948
Warm B,513912,3171,3170,3676,2215,0,0.0072538597
Warm B,509234,3135,3134,3676,2215,1,0.0056806225
Warm B,508986,3131,3130,3676,2215,0,0.008927356
Warm B,501743,3081,3080,3676,2215,0,0.015225468
Warm B,482678,2967,2966,3676,2215,1,0.0114961825
Warm B,476744,2928,2927,3676,2215,0,0.01583647
Warm B,697317,4169,4168,3676,2215,0,0.025666285
Warm B,477147,2929,2928,3676,2215,1,0.0032329943
Warm B,473543,2909,2908,3676,2215,0,0.0067951037
Warm B,511834,3158,3157,3676,2215,1,0.011013153
Warm B,462567,2854,2853,3676,2215,1,0.009842207
Warm B,457871,2820,2819,3676,2215,1,0.0057668732
Warm B,454831,2797,2796,3676,2215,0,0.014709382
Warm B,790728,4728,4727,3676,2215,0,0.010860887
Warm B,424496,2575,2574,3676,2215,1,0.006996667
Warm B,413406,2486,2485,3676,2215,0,0.0049719866
Warm B,408912,2455,2454,3676,2215,0,0.008798897
Warm B,464125,2860,2859,3676,2215,1,0.01086578
Warm B,436369,2665,2664,3676,2215,0,0.011860082
Warm B,385251,2251,2250,3676,2215,1,0.0044408645
Warm B,369888,2164,2163,3676,2215,1,0.009432156
Warm B,394190,2323,2322,3676,2215,1,0.007872475
Warm B,364718,2124,2123,3676,2215,1,0.023981292
Warm B,359360,2102,2101,3676,2215,0,0.006466094
Warm B,350285,2056,2055,3676,2215,1,0.011322506
Warm B,352654,2064,2063,3676,2215,0,0.011825832
Warm B,348421,2042,2041,3676,2215,1,0.010813959
Warm B,346169,2030,2029,3676,2215,1,0.009294593
Warm B,344817,2023,2022,3676,2215,0,0.009981427
Warm B,326303,1931,1930,3676,2215,1,0.0025076396
Warm B,323150,1916,1915,3676,2215,0,0.001074953
Warm B,298322,1768,1767,3676,2215,1,0.0017931325
Warm B,288249,1722,1721,3676,2215,1,0.002389753
Warm B,279111,1680,1679,3676,2215,1,0.0058863885
Warm B,274363,1658,1657,3676,2215,0,0.0113439495
Warm B,268967,1632,1631,3676,2215,1,0.021496225
Warm B,247636,1496,1495,3676,2215,0,0.008638812
Warm B,294265,1749,1748,3676,2215,0,0.01710263
Warm B,236915,1440,1439,3676,2215,1,0.008958276
Warm B,224473,1357,1356,3676,2215,1,0.008676315
Warm B,309923,1843,1842,3676,2215,0,-0.00075300364
Warm B,269894,1635,1634,3676,2215,1,0.013133093
Warm B,220335,1335,1334,3676,2215,1,0.022817504
Warm B,239995,1449,1448,3676,2215,1,0.01582565
Warm B,308574,1837,1836,3676,2215,1,0.0069395867
Warm B,214805,1303,1302,3676,2215,1,0.01378374
Warm B,236701,1437,1436,3676,2215,1,0.009218276
Warm B,181101,1132,1131,3676,2215,0,0.015161329
Warm B,166428,1059,1058,3676,2215,0,0.009507902
Warm B,159220,1017,1016,3676,2215,0,0.0040738955
Warm B,158108,1015,1014,3676,2215,1,0.014185734
Warm B,320037,1899,1898,3676,2215,1,0.0014669155
Warm B,153574,986,985,3676,2215,1,0.0056883455
Warm B,151960,977,976,3676,2215,0,0.006645468
Warm B,459144,2826,2825,3676,2215,0,0.010938804
Warm B,201506,1242,1241,3676,2215,1,0.011354258
Warm B,131126,850,849,3676,2215,1,0.019704983
Warm B,128298,830,829,3676,2215,1,0.002984707
Warm B,315176,1880,1879,3676,2215,1,0.009727311
Warm B,124852,802,801,3676,2215,0,0.004330868
Warm B,116135,752,751,3676,2215,0,0.008276692
Warm B,105585,698,697,3676,2215,1,0.008874671
Warm B,96998,651,650,3676,2215,0,0.0060329586
Warm B,284104,1698,1697,3676,2215,1,0.016106326
Warm B,90629,601,600,3676,2215,0,0.0020336856
Warm B,234049,1422,1421,3676,2215,0,0.007961584
Warm B,82495,548,547,3676,2215,0,0.0055568544
Warm B,190825,1181,1180,3676,2215,0,0.007860862
Warm B,84101,550,549,3676,2215,0,0.016250502
Warm B,77455,524,523,3676,2215,1,0.014506547
Warm B,75687,515,514,3676,2215,0,0.00349455
Warm B,76657,520,519,3676,2215,1,0.019404382
Warm B,57684,390,389,3676,2215,1,0.0033354422
Warm B,210871,1285,1284,3676,2215,1,0.005442998
Warm B,132425,855,854,3676,2215,0,0.018802121
Warm B,42140,285,284,3676,2215,1,0.0055026487
Warm B,176893,1117,1116,3676,2215,1,0.006558054
Warm B,197308,1211,1210,3676,2215,1,0.004653521
Warm B,35379,238,237,3676,2215,0,-0.0010138896
Warm B,34841,235,234,3676,2215,1,0.012191368
Warm B,23253,166,165,3676,2215,1,0.0022654212
Warm B,947727,5722,5721,3676,2215,1,0.014487883
Warm B,290150,1733,1732,3676,2215,0,0.0135821495
Warm B,7966,53,52,3676,2215,1,0.0070015183
Warm B,3349,25,24,3676,2215,0,0.0098571805
Warm B,4560,33,32,3676,2215,0,0.0060535492
Warm B,890203,5371,5370,3676,2215,0,0.006204364
Warm B,289685,1729,1728,3676,2215,1,0.006876802
Warm B,284827,1699,1698,3676,2215,0,0.009056035
Warm B,933855,5636,5635,3676,2215,0,0.02052262
Warm B,467314,2880,2879,3676,2215,1,0.010813577
Warm B,894052,5397,5396,3676,2215,1,-0.0027231053
Warm B,226062,1369,1368,3676,2215,1,0.005362848
Warm B,335814,1980,1979,3676,2215,1,0.0060986015
Warm B,841469,5054,5053,3676,2215,0,0.005939575
Warm B,372624,2176,2175,3676,2215,1,0.017650345
Warm B,501258,3080,3079,3676,2215,1,0.018584218
Warm B,271764,1643,1642,3676,2215,1,0.014476586
Warm B,62862,424,423,3676,2215,0,0.0085348
Warm B,420954,2544,2543,3676,2215,0,0.007832168
Warm B,179086,1124,1123,3678,2216,0,0.0078677405
Warm B,170016,1080,1079,3678,2216,1,-0.005336623
Warm B,338096,1988,1987,3678,2216,1,0.009373384
Warm B,323790,1920,1919,3678,2216,1,0.010173666
Warm B,143865,928,927,3678,2216,1,0.0038802992
Warm B,141171,910,909,3678,2216,1,0.0047037858
Warm B,138187,889,888,3678,2216,0,0.013778707
Warm B,141490,911,910,3678,2216,1,0.015159225
Warm B,459146,2826,2825,3678,2216,0,0.011202421
Warm B,123017,794,793,3678,2216,1,0.0039183637
Warm B,122917,793,792,3678,2216,1,0.008150889
Warm B,115360,749,748,3678,2216,1,0.0008708816
Warm B,101669,677,676,3678,2216,1,0.004312693
Warm B,96142,646,645,3678,2216,1,-0.0026977276
Warm B,94577,635,634,3678,2216,1,0.005782849
Warm B,84104,550,549,3678,2216,1,0.0037383283
Warm B,74785,509,508,3678,2216,1,0.0006727674
Warm B,35381,238,237,3678,2216,0,0.002559381
Warm B,32326,216,215,3678,2216,0,0.010488125
Warm B,481774,2962,2961,3678,2216,0,0.006847317
Warm B,19625,148,147,3678,2216,1,-0.0013373643
Warm B,591935,3610,3609,3678,2216,0,0.01210415
Warm B,175,2,1,3678,2216,0,-0.0056399093
Warm B,129370,839,838,3678,2216,1,0.013048205
Warm B,369265,2159,2158,3678,2216,1,0.0052662324
Warm B,24540,173,172,3678,2216,0,0.0059138956
Warm B,50698,333,332,3678,2216,1,0.009488525
Warm B,322307,1912,1911,3678,2216,0,0.015961707
Warm B,473546,2909,2908,3678,2216,0,0.0066779614
Warm B,821708,4940,4939,3678,2216,1,0.01181985
Warm B,372626,2176,2175,3679,2217,1,0.008618429
Warm B,974602,5878,5877,3679,2217,1,0.0032933622
Warm B,513694,3169,3168,3689,2225,0,-0.005495751
Warm B,566202,3476,3475,3689,2225,0,-0.0027977712
Warm B,508592,3129,3128,3689,2225,0,-0.0018001846
Warm B,784440,4682,4681,3689,2225,0,0.010343263
Warm B,502123,3082,3081,3689,2225,0,0.009030378
Warm B,494084,3032,3031,3689,2225,1,0.0060638688
Warm B,488129,3002,3001,3689,2225,0,0.0106979795
Warm B,487565,2999,2998,3689,2225,0,-0.00023173238
Warm B,487476,2998,2997,3689,2225,0,-0.004066393
Warm B,483936,2976,2975,3689,2225,0,0.0028385615
Warm B,473561,2909,2908,3689,2225,0,0.009476863
Warm B,450823,2777,2776,3689,2225,1,0.0032912884
Warm B,450251,2776,2775,3689,2225,0,0.006457576
Warm B,449589,2772,2771,3689,2225,0,0.0011778432
Warm B,420456,2541,2540,3689,2225,0,0.014162568
Warm B,419746,2537,2536,3689,2225,0,-0.0049142092
Warm B,415495,2503,2502,3689,2225,1,-0.0037784143
Warm B,404515,2419,2418,3689,2225,0,0.0004343507
Warm B,402284,2402,2401,3689,2225,0,-0.003647244
Warm B,388938,2279,2278,3689,2225,0,0.0122530935
Warm B,382845,2237,2236,3689,2225,0,-0.0019665223
Warm B,378361,2208,2207,3689,2225,0,0.0099059595
Warm B,380788,2225,2224,3689,2225,0,0.004760138
Warm B,338658,1993,1992,3689,2225,0,-0.0056562945
Warm B,291356,1737,1736,3689,2225,0,-0.009884607
Warm B,281245,1687,1686,3689,2225,1,0.011903752
Warm B,356820,2090,2089,3689,2225,0,0.0078028315
Warm B,227111,1377,1376,3689,2225,0,0.00644722
Warm B,220669,1338,1337,3689,2225,0,-0.0027156328
Warm B,220841,1339,1338,3689,2225,0,-0.0013125823
Warm B,262211,1600,1599,3689,2225,0,-0.0078833345
Warm B,446127,2751,2750,3689,2225,0,-0.0050649997
Warm B,279138,1680,1679,3689,2225,0,0.0023230277
Warm B,308584,1837,1836,3689,2225,0,-0.0003919201
Warm B,307397,1835,1834,3689,2225,1,-0.004197784
Warm B,180267,1128,1127,3689,2225,0,-0.0024258904
Warm B,173636,1100,1099,3689,2225,0,0.011930511
Warm B,328037,1941,1940,3689,2225,0,-0.00041190512
Warm B,272161,1645,1644,3689,2225,1,0.0032122368
Warm B,144639,933,932,3689,2225,0,-0.0027232687
Warm B,123875,798,797,3689,2225,0,0.012722679
Warm B,210891,1285,1284,3689,2225,0,0.015910309
Warm B,112439,731,730,3689,2225,0,0.0048154755
Warm B,98413,659,658,3689,2225,0,0.0045655374
Warm B,234057,1422,1421,3689,2225,0,0.0030165382
Warm B,351766,2063,2062,3689,2225,0,0.008079704
Warm B,97006,651,650,3689,2225,0,-0.0029465973
Warm B,83070,549,548,3689,2225,1,0.002231835
Warm B,406047,2436,2435,3689,2225,0,0.005558935
Warm B,77472,524,523,3689,2225,0,-6.041769e-05
Warm B,119208,770,769,3689,2225,0,0.0086349035
Warm B,81635,543,542,3689,2225,1,-0.0075321817
Warm B,70422,475,474,3689,2225,0,-0.0012324745
Warm B,71999,482,481,3689,2225,0,0.0050648777
Warm B,70756,476,475,3689,2225,0,0.0044812015
Warm B,68695,461,460,3689,2225,0,-0.0012567146
Warm B,44821,302,301,3689,2225,0,0.003107775
Warm B,32354,216,215,3689,2225,0,0.0036374202
Warm B,238877,1448,1447,3689,2225,0,0.010957964
Warm B,15817,123,122,3689,2225,0,0.0037221452
Warm B,3690,26,25,3689,2225,0,0.007816706
Warm B,326075,1930,1929,3689,2225,0,0.00706766
Warm B,829096,4979,4978,3689,2225,0,0.0067285975
Warm B,967310,5831,5830,3689,2225,0,0.00042192265
Warm B,206831,1266,1265,3689,2225,0,0.0073948093
Warm B,622077,3768,3767,3689,2225,0,-0.004057181
Warm B,265057,1611,1610,3689,2225,0,0.0015443596
Warm B,342427,2015,2014,3689,2225,1,-0.0031521623
Warm B,347998,2041,2040,3689,2225,0,-0.0115499655
Warm B,102199,678,677,3689,2225,0,0.010046499
Warm B,618933,3751,3750,3689,2225,0,-0.0041160886
Warm B,286688,1712,1711,3689,2225,0,0.0006062292
Warm B,964454,5812,5811,3689,2225,0,0.00047798827
Warm B,497628,3055,3054,3689,2225,0,0.007816611
Warm B,335838,1980,1979,3689,2225,0,-0.0020711455
Warm B,322320,1912,1911,3689,2225,0,0.0021993336
Warm B,495150,3038,3037,3689,2225,0,0.0022245748
Warm B,62879,424,423,3689,2225,0,-0.0011323898
Warm B,53117,349,348,3689,2225,0,-0.0017391064
Warm B,794165,4748,4747,3689,2225,0,-0.0009351545
Warm B,559400,3436,3435,3689,2225,0,0.003401802
Warm B,508596,3129,3128,3690,2226,0,0.002387286
Warm B,784443,4682,4681,3690,2226,0,0.0152284745
Warm B,501269,3080,3079,3690,2226,0,0.00030967453
Warm B,487477,2998,2997,3690,2226,0,0.004758115
Warm B,483938,2976,2975,3690,2226,0,-0.0011689111
Warm B,473568,2909,2908,3690,2226,0,-0.0076730466
Warm B,450832,2777,2776,3690,2226,1,0.017881444
Warm B,450252,2776,2775,3690,2226,0,0.007969425
Warm B,446128,2751,2750,3690,2226,0,0.0050866925
Warm B,420459,2541,2540,3690,2226,0,0.003918536
Warm B,419750,2537,2536,3690,2226,0,-0.0016385964
Warm B,415496,2503,2502,3690,2226,0,0.0035903526
Warm B,404518,2419,2418,3690,2226,0,0.0066712503
Warm B,402986,2406,2405,3690,2226,0,0.0043637906
Warm B,402288,2402,2401,3690,2226,0,-0.0018823994
Warm B,378363,2208,2207,3690,2226,0,-0.001028388
Warm B,353116,2068,2067,3690,2226,0,-0.001324907
Warm B,380792,2225,2224,3690,2226,0,0.003044785
Warm B,285934,1706,1705,3690,2226,0,0.007711574
Warm B,291363,1737,1736,3690,2226,0,0.012248733
Warm B,281250,1687,1686,3690,2226,1,0.010574762
Warm B,299049,1776,1775,3690,2226,0,0.010196921
Warm B,262213,1600,1599,3690,2226,0,0.0058709607
Warm B,356823,2090,2089,3690,2226,0,-0.0016023428
Warm B,227117,1377,1376,3690,2226,0,-0.0060535595
Warm B,335849,1980,1979,3690,2226,0,0.009746842
Warm B,220671,1338,1337,3690,2226,0,-0.0047639078
Warm B,220843,1339,1338,3690,2226,0,0.009450179
Warm B,279149,1680,1679,3690,2226,0,0.0030625523
Warm B,255065,1552,1551,3690,2226,0,0.0072631226
Warm B,307401,1835,1834,3690,2226,0,0.0119399
Warm B,173640,1100,1099,3690,2226,0,-0.002663107
Warm B,328047,1941,1940,3690,2226,0,0.005098346
Warm B,272164,1645,1644,3690,2226,1,0.007187621
Warm B,185231,1150,1149,3690,2226,0,0.0038734137
Warm B,133286,860,859,3690,2226,0,0.013380121
Warm B,126566,817,816,3690,2226,0,0.0031347503
Warm B,234062,1422,1421,3690,2226,0,0.0047163786
Warm B,351779,2063,2062,3690,2226,0,0.0019318955
Warm B,97009,651,650,3690,2226,0,-0.005615622
Warm B,83074,549,548,3690,2226,0,-0.0006380603
Warm B,119217,770,769,3690,2226,1,-0.00014365057
Warm B,81640,543,542,3690,2226,1,-0.0066765696
Warm B,70424,475,474,3690,2226,0,-0.0031660125
Warm B,70760,476,475,3690,2226,0,-0.0051152683
Warm B,36776,245,244,3690,2226,0,0.0052877683
Warm B,32367,216,215,3690,2226,0,0.0032247005
Warm B,25386,179,178,3690,2226,0,-0.005505815
Warm B,238885,1448,1447,3690,2226,0,0.003124672
Warm B,4204,31,30,3690,2226,1,0.0026959444
Warm B,3713,26,25,3690,2226,0,-0.006508528
Warm B,432668,2638,2637,3690,2226,0,-0.0018210293
Warm B,552308,3401,3400,3690,2226,0,0.009662697
Warm B,326077,1930,1929,3690,2226,0,-0.0035978102
Warm B,265060,1611,1610,3690,2226,0,0.0018587962
Warm B,102206,678,677,3690,2226,0,-0.0048863273
Warm B,964459,5812,5811,3690,2226,0,0.013554966
Warm B,709937,4258,4257,3690,2226,0,0.0032099853
Warm B,495151,3038,3037,3690,2226,0,-0.004019317
Warm B,226070,1369,1368,3690,2226,0,0.010950126
Warm B,587879,3589,3588,3690,2226,0,0.0024637145
Warm B,967314,5831,5830,3690,2226,0,0.013331544
Warm B,666261,4009,4008,3693,2227,0,0.0012965964
Warm B,663976,3999,3998,3693,2227,0,0.006941029
Warm B,663459,3998,3997,3693,2227,0,0.0073241442
Warm B,662360,3993,3992,3693,2227,0,-0.005593043
Warm B,652538,3934,3933,3693,2227,0,0.0042238724
Warm B,644605,3884,3883,3693,2227,0,0.0016721569
Warm B,639072,3842,3841,3693,2227,1,0.0042255353
Warm B,759934,4514,4513,3693,2227,0,0.0019467878
Warm B,628345,3806,3805,3693,2227,0,-0.002062259
Warm B,628649,3807,3806,3693,2227,0,-0.0027423967
Warm B,629404,3808,3807,3693,2227,0,-0.0022811785
Warm B,627921,3801,3800,3693,2227,0,-0.0066997055
Warm B,638099,3841,3840,3693,2227,1,0.0005998621
Warm B,623349,3771,3770,3693,2227,0,0.0072908085
Warm B,619927,3756,3755,3693,2227,0,0.0016373594
Warm B,612508,3713,3712,3693,2227,0,0.006319292
Warm B,604190,3675,3674,3693,2227,0,0.0051149726
Warm B,608824,3692,3691,3693,2227,0,-0.0011937943
Warm B,601977,3661,3660,3693,2227,1,0.002804805
Warm B,621190,3762,3761,3693,2227,0,0.010944581
Warm B,633201,3824,3823,3693,2227,0,-0.0027648762
Warm B,596537,3626,3625,3693,2227,0,0.006114443
Warm B,582659,3559,3558,3693,2227,1,0.0049261423
Warm B,577135,3526,3525,3693,2227,0,0.0020908255
Warm B,617061,3735,3734,3693,2227,1,0.0024064055
Warm B,876200,5289,5288,3693,2227,0,-0.001520854
Warm B,543908,3352,3351,3693,2227,1,-0.004108423
Warm B,538922,3314,3313,3693,2227,1,-0.002611401
Warm B,535974,3308,3307,3693,2227,0,0.008042665
Warm B,647029,3894,3893,3693,2227,0,-0.0019612634
Warm B,512803,3163,3162,3693,2227,1,-0.0012495159
Warm B,508598,3129,3128,3693,2227,1,0.0006332513
Warm B,499388,3067,3066,3693,2227,0,0.0035762722
Warm B,494096,3032,3031,3693,2227,0,0.0024476992
Warm B,476752,2928,2927,3693,2227,0,0.0038110889
Warm B,477153,2929,2928,3693,2227,1,-0.0048598666
Warm B,471344,2900,2899,3693,2227,0,0.0027857122
Warm B,710299,4260,4259,3693,2227,0,0.012705301
Warm B,754903,4497,4496,3693,2227,0,0.005129655
Warm B,463268,2857,2856,3693,2227,0,0.007399405
Warm B,457890,2820,2819,3693,2227,0,0.0023250245
Warm B,449591,2772,2771,3693,2227,0,0.011108851
Warm B,430727,2625,2624,3693,2227,0,-0.0006855241
Warm B,426455,2590,2589,3693,2227,0,0.002004628
Warm B,424707,2576,2575,3693,2227,0,-0.0011973929
Warm B,410439,2462,2461,3693,2227,0,-0.0020555377
Warm B,407250,2446,2445,3693,2227,1,0.0066755624
Warm B,414558,2496,2495,3693,2227,0,8.137699e-05
Warm B,436384,2665,2664,3693,2227,0,0.005897702
Warm B,388943,2279,2278,3693,2227,0,0.0030198793
Warm B,385260,2251,2250,3693,2227,1,-0.008582275
Warm B,376181,2194,2193,3693,2227,0,0.008248601
Warm B,374043,2181,2180,3693,2227,0,0.014293283
Warm B,369901,2164,2163,3693,2227,1,0.004884955
Warm B,367469,2145,2144,3693,2227,0,-0.0030893846
Warm B,345095,2024,2023,3693,2227,0,0.00823525
Warm B,320772,1902,1901,3693,2227,0,0.0006233831
Warm B,305823,1820,1819,3693,2227,1,0.011479266
Warm B,288253,1722,1721,3693,2227,0,0.00025559543
Warm B,279157,1680,1679,3693,2227,1,0.017011486
Warm B,299051,1776,1775,3693,2227,0,-0.00086432643
Warm B,281252,1687,1686,3693,2227,0,-0.0012641873
Warm B,282616,1694,1693,3693,2227,1,0.0022991006
Warm B,267556,1626,1625,3693,2227,0,0.003950105
Warm B,265061,1611,1610,3693,2227,1,0.0028939259
Warm B,252267,1528,1527,3693,2227,1,0.0027477131
Warm B,247653,1496,1495,3693,2227,0,0.0027475688
Warm B,245500,1483,1482,3693,2227,0,-0.0020591072
Warm B,329290,1943,1942,3693,2227,0,0.00097025
Warm B,224480,1357,1356,3693,2227,0,0.00029721414
Warm B,289319,1727,1726,3693,2227,0,0.012115851
Warm B,214082,1300,1299,3693,2227,1,0.005142357
Warm B,272889,1647,1646,3693,2227,0,0.007890684
Warm B,240020,1449,1448,3693,2227,0,0.0029613152
Warm B,243914,1470,1469,3693,2227,0,0.00082118437
Warm B,198800,1221,1220,3693,2227,1,-0.007179602
Warm B,180271,1128,1127,3693,2227,0,0.00820226
Warm B,196484,1207,1206,3693,2227,0,0.00958158
Warm B,161993,1033,1032,3693,2227,0,0.009744812
Warm B,159232,1017,1016,3693,2227,0,0.002558583
Warm B,155853,1004,1003,3693,2227,0,0.007587835
Warm B,164505,1051,1050,3693,2227,0,0.008367729
Warm B,217012,1317,1316,3693,2227,0,0.003253316
Warm B,156822,1010,1009,3693,2227,0,-0.0012765946
Warm B,138224,889,888,3693,2227,0,0.010937996
Warm B,125532,808,807,3693,2227,0,0.0023380262
Warm B,114430,744,743,3693,2227,1,0.006523371
Warm B,112442,731,730,3693,2227,0,0.00363842
Warm B,107508,709,708,3693,2227,0,-0.0076506333
Warm B,105591,698,697,3693,2227,0,0.0025114377
Warm B,351783,2063,2062,3693,2227,0,0.0052621495
Warm B,94707,636,635,3693,2227,0,0.003956906
Warm B,92742,621,620,3693,2227,0,0.0037829573
Warm B,97010,651,650,3693,2227,1,0.01697522
Warm B,86614,566,565,3693,2227,0,0.008283811
Warm B,238887,1448,1447,3693,2227,0,0.0059221564
Warm B,82497,548,547,3693,2227,0,-0.0036905892
Warm B,77481,524,523,3693,2227,0,0.0071839644
Warm B,70426,475,474,3693,2227,0,0.002514764
Warm B,80162,533,532,3693,2227,0,0.0009955891
Warm B,57698,390,389,3693,2227,1,0.007860662
Warm B,45272,305,304,3693,2227,0,0.005596703
Warm B,44839,302,301,3693,2227,1,0.006611756
Warm B,36781,245,244,3693,2227,0,0.0007720486
Warm B,30131,202,201,3693,2227,0,5.169236e-05
Warm B,25732,181,180,3693,2227,1,-0.0010642612
Warm B,18184,139,138,3693,2227,0,0.0005479944
Warm B,14698,117,116,3693,2227,0,0.006032312
Warm B,290171,1733,1732,3693,2227,0,0.0027895542
Warm B,8009,53,52,3693,2227,1,0.002305303
Warm B,4602,33,32,3693,2227,0,-0.0013377469
Warm B,257629,1579,1578,3693,2227,0,0.008431928
Warm B,431021,2627,2626,3693,2227,1,0.0031454903
Warm B,258409,1584,1583,3693,2227,0,0.0014779528
Warm B,328053,1941,1940,3693,2227,0,0.0011585485
Warm B,454577,2796,2795,3693,2227,0,0.0065837647
Warm B,234946,1425,1424,3693,2227,0,0.010836818
Warm B,501270,3080,3079,3693,2227,1,0.00014145602
Warm B,565553,3475,3474,3693,2227,0,0.0021068114
Warm B,261736,1599,1598,3693,2227,0,0.0054825535
Warm B,656083,3953,3952,3693,2227,0,0.0023661691
Warm B,53128,349,348,3693,2227,0,-0.001697899
Warm B,552309,3401,3400,3694,2228,0,0.007510758
Warm B,193615,1194,1193,3694,2228,0,0.0036948295
Warm B,1912,17,16,3696,2229,0,0.009209212
Warm B,270879,1639,1638,3696,2229,1,0.0030911157
Warm B,757691,4508,4507,3696,2229,1,-0.0010243237
Warm B,290173,1733,1732,3696,2229,0,0.017144127
Warm B,473571,2909,2908,3696,2229,1,0.008318071
Warm B,288335,1722,1721,3709,2242,0,-0.00088230195
Warm B,285830,1705,1704,3709,2242,0,0.00047470164
Warm B,279859,1680,1679,3709,2242,1,0.012230858
Warm B,277147,1675,1674,3709,2242,0,0.008440727
Warm B,271558,1641,1640,3709,2242,0,-0.0017374775
Warm B,267669,1626,1625,3709,2242,0,0.010851648
Warm B,256202,1562,1561,3709,2242,0,0.0042208345
Warm B,247890,1496,1495,3709,2242,0,0.0031406428
Warm B,332839,1962,1961,3709,2242,0,0.0012395177
Warm B,224545,1357,1356,3709,2242,0,0.0015798465
Warm B,221844,1341,1340,3709,2242,0,0.011035168
Warm B,221927,1342,1341,3709,2242,0,0.009859565
Warm B,277960,1676,1675,3709,2242,0,0.008716672
Warm B,273237,1647,1646,3709,2242,0,0.003556938
Warm B,186232,1151,1150,3709,2242,0,-0.0071166297
Warm B,196713,1207,1206,3709,2242,0,0.0001119189
Warm B,331899,1958,1957,3709,2242,0,0.003905496
Warm B,184121,1146,1145,3709,2242,0,0.010062168
Warm B,159415,1017,1016,3709,2242,0,0.0006591282
Warm B,158616,1015,1014,3709,2242,0,0.0028968097
Warm B,151064,971,970,3709,2242,0,-0.003772525
Warm B,150228,967,966,3709,2242,1,0.008739818
Warm B,157206,1010,1009,3709,2242,0,0.010559528
Warm B,133233,859,858,3709,2242,0,-0.012197799
Warm B,255757,1557,1556,3709,2242,0,0.002381537
Warm B,92832,621,620,3709,2242,0,0.004213419
Warm B,91687,608,607,3709,2242,0,-0.00043862703
Warm B,81891,543,542,3709,2242,1,-0.0040848283
Warm B,239281,1448,1447,3709,2242,1,-0.0004957302
Warm B,54700,356,355,3709,2242,1,-0.006307778
Warm B,132664,855,854,3709,2242,0,0.0060884366
Warm B,45219,305,304,3709,2242,0,0.0026634405
Warm B,41229,278,277,3709,2242,0,0.0012476459
Warm B,291669,1737,1736,3709,2242,0,0.0021756976
Warm B,22632,163,162,3709,2242,0,0.00059396646
Warm B,743182,4445,4444,3709,2242,1,-0.0061352337
Warm B,598379,3641,3640,3709,2242,0,0.0012976965
Warm B,355146,2077,2076,3709,2242,0,0.0023389468
Warm B,182202,1137,1136,3709,2242,0,0.0030058094
Warm B,882468,5329,5328,3709,2242,0,0.0025599825
Warm B,310843,1851,1850,3709,2242,0,-0.0013736669
Warm B,365886,2129,2128,3709,2242,0,0.002153313
Warm B,290505,1733,1732,3709,2242,0,0.010659369
Warm B,964605,5812,5811,3709,2242,0,0.0058713746
Warm B,207101,1266,1265,3709,2242,0,0.009202517
Warm B,164819,1051,1050,3709,2242,0,0.0045006354
Warm B,102589,678,677,3709,2242,0,0.0042639966
Warm B,328648,1941,1940,3709,2242,0,-0.005036604
Warm B,177182,1117,1116,3709,2242,0,0.0018239398
Warm B,136902,881,880,3709,2242,0,-0.0043343254
Warm B,63331,424,423,3709,2242,0,0.00014974456
Warm B,700054,4186,4185,3709,2242,0,0.0015880528
Warm B,497733,3055,3054,3709,2242,0,0.011443257
Warm B,651626,3929,3928,3710,2243,0,0.010961605
Warm B,648138,3902,3901,3710,2243,1,0.011610483
Warm B,648298,3903,3902,3710,2243,0,-0.0011855362
Warm B,643826,3878,3877,3710,2243,0,0.010250496
Warm B,641148,3853,3852,3710,2243,0,0.012899457
Warm B,990286,5978,5977,3710,2243,0,0.0028067057
Warm B,625131,3778,3777,3710,2243,0,0.00989876
Warm B,623682,3772,3771,3710,2243,0,0.004566024
Warm B,622375,3768,3767,3710,2243,0,0.01565193
Warm B,623543,3771,3770,3710,2243,0,0.018988324
Warm B,617482,3737,3736,3710,2243,1,0.0113935415
Warm B,615810,3727,3726,3710,2243,0,0.013154912
Warm B,611968,3709,3708,3710,2243,0,0.0041989507
Warm B,603487,3672,3671,3710,2243,0,0.01637616
Warm B,633603,3824,3823,3710,2243,0,0.014458474
Warm B,596874,3626,3625,3710,2243,1,0.012204744
Warm B,588146,3589,3588,3710,2243,0,0.012730619
Warm B,586528,3579,3578,3710,2243,0,0.008244274
Warm B,759370,4510,4509,3710,2243,0,0.02004382
Warm B,583674,3562,3561,3710,2243,0,0.019039808
Warm B,572465,3507,3506,3710,2243,0,0.017445387
Warm B,616323,3729,3728,3710,2243,0,0.015146942
Warm B,557021,3422,3421,3710,2243,0,0.015591169
Warm B,554200,3410,3409,3710,2243,0,0.020743264
Warm B,539049,3314,3313,3710,2243,1,0.01403272
Warm B,537468,3311,3310,3710,2243,0,0.0150695415
Warm B,639336,3842,3841,3710,2243,0,0.020888424
Warm B,542443,3336,3335,3710,2243,0,0.021022528
Warm B,525150,3242,3241,3710,2243,0,0.0048103286
Warm B,517709,3195,3194,3710,2243,0,0.007745623
Warm B,517119,3191,3190,3710,2243,0,0.009665392
Warm B,515084,3180,3179,3710,2243,0,0.015358556
Warm B,513131,3163,3162,3710,2243,0,0.011171198
Warm B,606028,3681,3680,3710,2243,0,0.015934512
Warm B,504915,3107,3106,3710,2243,0,0.006658029
Warm B,498013,3056,3055,3710,2243,0,0.013024947
Warm B,550567,3391,3390,3710,2243,0,0.018643938
Warm B,494494,3032,3031,3710,2243,0,0.010745064
Warm B,486410,2994,2993,3710,2243,1,0.005007389
Warm B,600292,3650,3649,3710,2243,0,0.014083574
Warm B,483997,2976,2975,3710,2243,0,0.017180625
Warm B,480885,2952,2951,3710,2243,0,0.010086533
Warm B,697762,4169,4168,3710,2243,0,0.028130805
Warm B,474077,2909,2908,3710,2243,0,0.012072522
Warm B,468649,2887,2886,3710,2243,0,0.014228105
Warm B,467831,2883,2882,3710,2243,0,0.011220984
Warm B,463588,2857,2856,3710,2243,0,0.021518152
Warm B,434505,2649,2648,3710,2243,0,0.013808859
Warm B,429298,2611,2610,3710,2243,0,0.022262016
Warm B,419948,2537,2536,3710,2243,0,0.017051674
Warm B,418251,2527,2526,3710,2243,0,0.004287254
Warm B,407046,2445,2444,3710,2243,0,0.008855979
Warm B,449474,2771,2770,3710,2243,0,0.027140941
Warm B,400535,2383,2382,3710,2243,0,0.011258896
Warm B,405573,2429,2428,3710,2243,0,0.0066415668
Warm B,407829,2451,2450,3710,2243,0,0.010705432
Warm B,389105,2279,2278,3710,2243,0,0.00055233797
Warm B,384995,2249,2248,3710,2243,0,-0.0014480052
Warm B,370084,2164,2163,3710,2243,0,0.020312212
Warm B,359577,2102,2101,3710,2243,0,0.006517011
Warm B,341809,2012,2011,3710,2243,0,0.0064019263
Warm B,338667,1993,1992,3710,2243,0,0.0106817
Warm B,340924,2010,2009,3710,2243,0,0.0067996564
Warm B,337220,1983,1982,3710,2243,0,0.010306146
Warm B,293444,1747,1746,3710,2243,0,0.008835223
Warm B,298563,1770,1769,3710,2243,0,0.017485876
Warm B,291683,1737,1736,3710,2243,0,-7.022894e-05
Warm B,289031,1726,1725,3710,2243,0,0.015638135
Warm B,271107,1639,1638,3710,2243,0,0.015628671
Warm B,286335,1709,1708,3710,2243,0,0.0040294006
Warm B,267329,1624,1623,3710,2243,0,0.01284967
Warm B,266065,1613,1612,3710,2243,0,0.015994584
Warm B,232360,1410,1409,3710,2243,0,0.0067800367
Warm B,356920,2090,2089,3710,2243,0,0.015384257
Warm B,227325,1377,1376,3710,2243,0,0.020746358
Warm B,224779,1358,1357,3710,2243,0,0.008455714
Warm B,308913,1837,1836,3710,2243,0,0.015024655
Warm B,192594,1185,1184,3710,2243,0,-0.004332477
Warm B,191431,1181,1180,3710,2243,0,0.012347164
Warm B,186694,1155,1154,3710,2243,0,0.010239264
Warm B,180460,1128,1127,3710,2243,0,0.008034121
Warm B,180032,1127,1126,3710,2243,0,0.0127707925
Warm B,328680,1941,1940,3710,2243,0,0.01417768
Warm B,275722,1667,1666,3710,2243,0,0.014101621
Warm B,186242,1151,1150,3710,2243,0,0.017437091
Warm B,155016,999,998,3710,2243,0,0.008245157
Warm B,185759,1150,1149,3710,2243,0,0.014290152
Warm B,157225,1010,1009,3710,2243,0,0.01700873
Warm B,202682,1244,1243,3710,2243,0,0.019343002
Warm B,315566,1880,1879,3710,2243,0,0.019849442
Warm B,118761,767,766,3710,2243,1,0.006627229
Warm B,112937,732,731,3710,2243,1,0.023417056
Warm B,714163,4277,4276,3710,2243,0,0.014896652
Warm B,352313,2063,2062,3710,2243,0,0.028019257
Warm B,480297,2946,2945,3710,2243,0,0.0057844077
Warm B,150790,970,969,3710,2243,0,0.01884162
Warm B,84996,552,551,3710,2243,0,-0.0004809912
Warm B,83518,549,548,3710,2243,0,0.022305418
Warm B,239305,1448,1447,3710,2243,0,0.021240897
Warm B,119520,770,769,3710,2243,0,0.008800073
Warm B,75510,513,512,3710,2243,0,0.009355929
Warm B,81909,543,542,3710,2243,1,0.01861102
Warm B,70522,475,474,3710,2243,0,0.016601676
Warm B,70929,476,475,3710,2243,1,0.013696939
Warm B,240510,1449,1448,3710,2243,0,0.017333254
Warm B,53940,352,351,3710,2243,0,0.017602574
Warm B,40500,272,271,3710,2243,0,0.015956026
Warm B,38999,264,263,3710,2243,0,0.016602594
Warm B,221618,1340,1339,3710,2243,0,0.017068725
Warm B,627079,3792,3791,3710,2243,0,0.015120258
Warm B,32230,216,215,3710,2243,0,0.01304475
Warm B,29997,202,201,3710,2243,0,0.014026474
Warm B,25671,181,180,3710,2243,0,0.020469282
Warm B,15713,123,122,3710,2243,0,0.016732309
Warm B,10640,76,75,3710,2243,0,0.006175897
Warm B,787439,4708,4707,3710,2243,0,0.011127447
Warm B,145906,937,936,3710,2243,0,0.011591425
Warm B,599469,3648,3647,3710,2243,0,0.011029381
Warm B,564724,3471,3470,3710,2243,0,0.01770413
Warm B,299217,1776,1775,3710,2243,0,0.01001966
Warm B,967550,5831,5830,3710,2243,0,0.018968822
Warm B,193891,1194,1193,3710,2243,0,0.017104918
Warm B,63355,424,423,3710,2243,0,0.022216894
Warm B,273256,1647,1646,3710,2243,0,0.014890557
Warm B,860385,5172,5171,3710,2243,0,0.00961156
Warm B,349399,2050,2049,3713,2245,1,0.021185426
Warm B,107382,706,705,3713,2245,1,0.010396825
Warm B,100477,670,669,3713,2245,0,0.015881445
Warm B,432233,2634,2633,3713,2245,0,0.019792719
Warm B,239307,1448,1447,3713,2245,1,0.029617004
Warm B,47636,319,318,3713,2245,1,0.013470542
Warm B,35344,238,237,3713,2245,0,0.006089394
Warm B,21784,158,157,3713,2245,1,0.00461461
Warm B,1832,17,16,3713,2245,1,0.010254832
Warm B,207126,1266,1265,3713,2245,1,0.011951112
Warm B,102617,678,677,3713,2245,1,0.013063211
Warm B,336343,1980,1979,3713,2245,1,0.025723793
Warm B,992991,5998,5997,3713,2245,1,0.013516799
Warm B,554613,3411,3410,3713,2245,0,0.011008435
Warm B,474078,2909,2908,3713,2245,1,0.016418573
Warm B,285516,1701,1700,3713,2245,1,0.012644746
Warm B,739604,4418,4417,3713,2245,1,0.001221677
Warm B,554921,3412,3411,3713,2245,1,0.0126213245
Warm B,178752,1121,1120,3713,2245,1,0.016260624
Warm B,261954,1599,1598,3713,2245,1,0.01314663
Warm B,13181,102,101,3713,2245,1,0.0102446545
Warm B,384789,2247,2246,3713,2245,1,0.021547021
Warm B,616720,3732,3731,3713,2245,0,0.01692518
Warm B,293955,1748,1747,3713,2245,1,0.020219298
Warm B,974722,5878,5877,3713,2245,1,0.0051852516
Warm B,102618,678,677,3714,2246,1,-0.0038502216
Warm B,145100,934,933,3714,2246,0,0.0046230527
Warm B,115536,749,748,3714,2246,0,-0.0033981598
Warm B,609750,3695,3694,3714,2246,0,-0.0039129965
Warm B,748350,4467,4466,3714,2246,0,0.002285999
Warm B,860387,5172,5171,3714,2246,0,-0.0012912909
Warm B,217783,1321,1320,3715,2247,0,0.006184574
Warm B,215705,1306,1305,3715,2247,0,0.00067338767
Warm B,279898,1680,1679,3715,2247,1,0.0052580596
Warm B,261955,1599,1598,3715,2247,0,-0.005631582
Warm B,307696,1835,1834,3715,2247,0,0.008011483
Warm B,328684,1941,1940,3715,2247,0,0.017223787
Warm B,185763,1150,1149,3715,2247,0,-0.002987088
Warm B,142524,919,918,3715,2247,0,0.008161537
Warm B,315568,1880,1879,3715,2247,0,0.005246103
Warm B,117996,762,761,3715,2247,1,-0.0005305689
Warm B,240512,1449,1448,3715,2247,0,0.0055136853
Warm B,352315,2063,2062,3715,2247,0,0.009476688
Warm B,140768,904,903,3715,2247,0,0.010990404
Warm B,228546,1383,1382,3715,2247,0,0.0044076615
Warm B,86837,566,565,3715,2247,0,0.0033560009
Warm B,53943,352,351,3715,2247,0,-0.0019567423
Warm B,25116,176,175,3715,2247,1,0.0076454617
Warm B,239310,1448,1447,3715,2247,0,-0.0011125167
Warm B,49587,329,328,3715,2247,0,0.003924909
Warm B,331918,1958,1957,3715,2247,0,-0.0077992715
Warm B,474079,2909,2908,3715,2247,1,-0.0011052594
Warm B,63357,424,423,3715,2247,0,0.0050150184
Warm B,588147,3589,3588,3715,2247,0,0.0031317945
Warm B,992737,5996,5995,3715,2247,0,0.0074686706
Warm B,893495,5394,5393,3715,2247,0,-0.0023675705
Warm B,934026,5636,5635,3715,2247,0,0.0068522342
Warm B,193893,1194,1193,3715,2247,0,0.0017911595
Warm B,550571,3391,3390,3715,2247,0,-0.0010486424
Warm B,207128,1266,1265,3716,2248,0,0.007306192
Warm B,102620,678,677,3716,2248,1,0.011037844
Warm B,352316,2063,2062,3716,2248,0,0.006970858
Warm B,418972,2529,2528,3716,2248,1,0.005614403
Warm B,331919,1958,1957,3716,2248,0,0.010901183
Warm B,157229,1010,1009,3716,2248,0,0.0045668734
Warm B,992738,5996,5995,3716,2248,0,0.0039356668
Warm B,129687,839,838,3718,2250,0,-0.0004614042
Warm B,195765,1203,1202,3720,2251,1,-0.0013601291
Warm B,521808,3219,3218,3720,2251,0,-4.0899962e-05
Warm B,500532,3074,3073,3720,2251,0,0.0064812424
Warm B,28365,195,194,3720,2251,1,0.0067683435
Warm B,748059,4465,4464,3720,2251,0,-0.0011057544
Warm B,665327,4005,4004,3720,2251,0,0.0029775782
Warm B,17031,133,132,3720,2251,0,0.0005588468
Warm B,16152,127,126,3720,2251,0,0.0010003031
Warm B,503481,3093,3092,3720,2251,1,0.0047369907
Warm B,204761,1260,1259,3720,2251,0,0.0042103846
Warm B,564744,3471,3470,3720,2251,1,0.0025096282
Warm B,61393,412,411,3720,2251,1,0.0047307843
Warm B,29489,201,200,3720,2251,0,-0.0061804755
Warm B,803345,4809,4808,3720,2251,0,0.013673738
Warm B,146446,943,942,3720,2251,1,0.017217647
Warm B,261971,1599,1598,3720,2251,1,0.0010195998
Warm B,90036,593,592,3720,2251,1,0.0003342866
Warm B,714180,4277,4276,3720,2251,1,0.013127807
Warm B,476492,2926,2925,3720,2251,1,0.0021413043
Warm B,285534,1701,1700,3720,2251,0,0.004254403
Warm B,241487,1451,1450,3720,2251,1,0.0050812652
Warm B,565797,3475,3474,3720,2251,0,0.009313167
Warm B,336376,1980,1979,3720,2251,1,0.0023926743
Warm B,102654,678,677,3720,2251,1,0.0038926047
Warm B,235274,1425,1424,3720,2251,1,0.011484078
Warm B,172095,1088,1087,3720,2251,1,0.0039886916
Warm B,346723,2031,2030,3720,2251,1,0.0081152525
Warm B,778386,4647,4646,3724,2253,1,0.0051358356
Warm B,929295,5614,5613,3724,2253,1,-0.0062545794
Warm B,769324,4580,4579,3724,2253,1,-0.004058088
Warm B,781801,4666,4665,3724,2253,1,0.00073480234
Warm B,756553,4506,4505,3724,2253,1,-0.00287118
Warm B,749417,4472,4471,3724,2253,1,-7.6030847e-07
Warm B,752067,4482,4481,3724,2253,1,0.0023115668
Warm B,742823,4440,4439,3724,2253,1,-0.0003249778
Warm B,737807,4408,4407,3724,2253,1,0.004354258
Warm B,728550,4354,4353,3724,2253,0,0.006296604
Warm B,718340,4303,4302,3724,2253,1,-0.0027064597
Warm B,714801,4279,4278,3724,2253,1,0.0058099823
Warm B,704107,4222,4221,3724,2253,0,-0.0033479668
Warm B,701917,4207,4206,3724,2253,1,-0.008884075
Warm B,692601,4144,4143,3724,2253,0,-0.0009171337
Warm B,744517,4447,4446,3724,2253,0,0.008694402
Warm B,679746,4072,4071,3724,2253,1,-0.0077158483
Warm B,678881,4064,4063,3724,2253,0,0.000104676
Warm B,674445,4048,4047,3724,2253,1,0.0068302862
Warm B,667711,4016,4015,3724,2253,1,0.010588633
Warm B,660465,3981,3980,3724,2253,0,0.0030593923
Warm B,660108,3978,3977,3724,2253,1,-0.0019401328
Warm B,653733,3940,3939,3724,2253,1,0.0038640923
Warm B,647448,3898,3897,3724,2253,0,-0.0039787428
Warm B,643841,3878,3877,3724,2253,1,-0.00053386297
Warm B,642114,3860,3859,3724,2253,1,-0.0009482247
Warm B,632671,3823,3822,3724,2253,0,-0.0040313825
Warm B,638593,3841,3840,3724,2253,1,0.0015359423
Warm B,611395,3705,3704,3724,2253,1,-0.0010325676
Warm B,726825,4345,4344,3724,2253,0,0.0030097682
Warm B,604539,3675,3674,3724,2253,0,-0.0015567066
Warm B,590293,3600,3599,3724,2253,1,-0.0007981078
Warm B,759385,4510,4509,3724,2253,0,-0.0029780008
Warm B,714181,4277,4276,3724,2253,1,0.0017336272
Warm B,594344,3618,3617,3724,2253,0,0.0016805958
Warm B,566495,3476,3475,3724,2253,0,-8.069817e-05
Warm B,549542,3390,3389,3724,2253,1,0.0022164346
Warm B,548112,3380,3379,3724,2253,1,0.009980213
Warm B,543514,3346,3345,3724,2253,1,-0.009564753
Warm B,539615,3319,3318,3724,2253,1,0.0053228037
Warm B,533656,3292,3291,3724,2253,0,0.0022953118
Warm B,523940,3229,3228,3724,2253,0,-0.006935265
Warm B,518919,3201,3200,3724,2253,1,0.0034683459
Warm B,994091,6002,6001,3724,2253,1,-0.0025523028
Warm B,505331,3108,3107,3724,2253,1,0.0038109988
Warm B,546220,3367,3366,3724,2253,1,-0.0104291
Warm B,480309,2946,2945,3724,2253,0,-0.0028861593
Warm B,697790,4169,4168,3724,2253,1,-0.0020277975
Warm B,458288,2820,2819,3724,2253,0,-0.0067003537
Warm B,447026,2753,2752,3724,2253,1,0.0043492354
Warm B,439680,2685,2684,3724,2253,0,-0.013000126
Warm B,436711,2665,2664,3724,2253,0,-0.0022955704
Warm B,433796,2643,2642,3724,2253,0,0.0059647164
Warm B,430603,2624,2623,3724,2253,1,-0.0037957444
Warm B,428879,2609,2608,3724,2253,1,0.0012909072
Warm B,424380,2573,2572,3724,2253,0,0.004793365
Warm B,427099,2592,2591,3724,2253,1,-0.004852877
Warm B,425816,2583,2582,3724,2253,0,-0.0040665683
Warm B,414958,2497,2496,3724,2253,1,-0.009646431
Warm B,414772,2496,2495,3724,2253,0,-0.0048988997
Warm B,402520,2402,2401,3724,2253,0,0.009729545
Warm B,410925,2465,2464,3724,2253,1,-0.0034119645
Warm B,398350,2368,2367,3724,2253,1,0.0058678864
Warm B,396725,2348,2347,3724,2253,0,0.0039721965
Warm B,390784,2293,2292,3724,2253,1,0.0025567152
Warm B,389747,2287,2286,3724,2253,1,0.008162133
Warm B,383037,2237,2236,3724,2253,1,-0.0014610775
Warm B,385423,2251,2250,3724,2253,1,-0.00013843435
Warm B,377461,2203,2202,3724,2253,1,-0.018600805
Warm B,372152,2173,2172,3724,2253,0,-0.0010324516
Warm B,372913,2177,2176,3724,2253,1,-0.0042444663
Warm B,359591,2102,2101,3724,2253,0,0.0056543266
Warm B,357716,2092,2091,3724,2253,0,0.0028821607
Warm B,354344,2073,2072,3724,2253,1,-0.009339461
Warm B,352755,2064,2063,3724,2253,1,-0.009338617
Warm B,343240,2016,2015,3724,2253,1,0.000380588
Warm B,323290,1916,1915,3724,2253,1,0.0029435065
Warm B,312497,1861,1860,3724,2253,0,0.014084927
Warm B,298385,1768,1767,3724,2253,1,-0.002489958
Warm B,275737,1667,1666,3724,2253,0,-0.010605086
Warm B,271658,1642,1641,3724,2253,0,-0.002951041
Warm B,279959,1680,1679,3724,2253,1,0.002516328
Warm B,259679,1587,1586,3724,2253,0,-0.00403373
Warm B,346403,2030,2029,3724,2253,1,0.0021541212
Warm B,260211,1591,1590,3724,2253,1,-0.001741529
Warm B,231772,1404,1403,3724,2253,0,-0.0010052907
Warm B,243027,1465,1464,3724,2253,1,0.0070925094
Warm B,296630,1758,1757,3724,2253,1,0.0008921069
Warm B,211935,1290,1289,3724,2253,1,0.002066916
Warm B,199643,1224,1223,3724,2253,1,-0.0043511186
Warm B,320348,1899,1898,3724,2253,1,-0.012200406
Warm B,158679,1015,1014,3724,2253,0,-0.004459003
Warm B,153318,984,983,3724,2253,1,-0.00019333884
Warm B,324047,1920,1919,3724,2253,0,-0.0018661516
Warm B,138837,889,888,3724,2253,0,-0.00914677
Warm B,315599,1880,1879,3724,2253,0,0.00016122311
Warm B,349406,2050,2049,3724,2253,1,-0.001446971
Warm B,106934,702,701,3724,2253,0,-0.008881181
Warm B,103602,688,687,3724,2253,1,-0.004061318
Warm B,317057,1884,1883,3724,2253,1,0.0024507756
Warm B,94645,635,634,3724,2253,1,0.0060268226
Warm B,96259,646,645,3724,2253,1,0.005182241
Warm B,284531,1698,1697,3724,2253,1,-0.0036627334
Warm B,394312,2323,2322,3724,2253,0,-0.0009964313
Warm B,85688,558,557,3724,2253,1,0.0029117456
Warm B,68894,461,460,3724,2253,0,0.0129414005
Warm B,211369,1285,1284,3724,2253,1,0.0081973225
Warm B,132705,855,854,3724,2253,0,0.000582214
Warm B,61395,412,411,3724,2253,1,-0.006635363
Warm B,145512,935,934,3724,2253,1,0.0029979856
Warm B,35354,238,237,3724,2253,1,-0.0012016781
Warm B,148870,957,956,3724,2253,1,-0.0026386457
Warm B,22065,161,160,3724,2253,1,0.00015299371
Warm B,947792,5722,5721,3724,2253,1,-0.004139369
Warm B,12744,97,96,3724,2253,1,0.008382078
Warm B,9402,62,61,3724,2253,0,0.0038244529
Warm B,967565,5831,5830,3724,2253,1,-0.004562567
Warm B,60887,411,410,3724,2253,1,-0.0007595285
Warm B,15738,123,122,3724,2253,0,-0.005844946
Warm B,182238,1137,1136,3724,2253,0,-0.004144866
Warm B,328736,1941,1940,3724,2253,0,0.0056222593
Warm B,172098,1088,1087,3724,2253,1,-0.0027062483
Warm B,322715,1912,1911,3724,2253,0,0.0039806883
Warm B,841596,5054,5053,3724,2253,1,0.00442578
Warm B,795642,4765,4764,3724,2253,0,0.009603301
Warm B,319597,1897,1896,3724,2253,1,-0.0031836587
Warm B,739609,4418,4417,3724,2253,0,-0.0047827074
Warm B,276476,1671,1670,3724,2253,1,0.004392618
Warm B,160429,1019,1018,3724,2253,0,-0.011136162
Warm B,25928,183,182,3724,2253,1,-0.010536328
Warm B,776826,4639,4638,3724,2253,0,-0.0037519839
Warm B,290547,1733,1732,3724,2253,1,-0.017589277
Warm B,325057,1925,1924,3724,2253,0,0.004950284
Warm B,748353,4467,4466,3724,2253,0,-0.00036010216
Warm B,860391,5172,5171,3724,2253,1,0.0043239975
Warm B,461321,2846,2845,3725,2254,0,0.012866693
Warm B,467093,2878,2877,3725,2254,1,0.0045390385
Warm B,409818,2457,2456,3725,2254,0,0.0069234567
Warm B,402521,2402,2401,3725,2254,0,0.002496968
Warm B,390194,2288,2287,3725,2254,0,0.014593787
Warm B,384997,2249,2248,3725,2254,1,0.009377926
Warm B,378011,2205,2204,3725,2254,0,0.00236018
Warm B,371339,2170,2169,3725,2254,0,0.0011193479
Warm B,714182,4277,4276,3725,2254,1,0.0056869574
Warm B,359011,2100,2099,3725,2254,1,0.001668934
Warm B,338377,1988,1987,3725,2254,0,-0.00030776416
Warm B,335105,1977,1976,3725,2254,1,0.0146859
Warm B,293447,1747,1746,3725,2254,1,0.0013614763
Warm B,292010,1740,1739,3725,2254,1,-0.0018449286
Warm B,331028,1954,1953,3725,2254,0,0.006378834
Warm B,282096,1692,1691,3725,2254,1,-0.0014817773
Warm B,270236,1635,1634,3725,2254,0,0.0013669308
Warm B,269300,1632,1631,3725,2254,0,0.0019234105
Warm B,260520,1592,1591,3725,2254,1,-0.0047713155
Warm B,252083,1525,1524,3725,2254,0,-0.0006115304
Warm B,237241,1442,1441,3725,2254,1,0.008860746
Warm B,247400,1495,1494,3725,2254,0,-0.003819485
Warm B,226795,1375,1374,3725,2254,0,0.003970712
Warm B,279960,1680,1679,3725,2254,1,0.0009768384
Warm B,180473,1128,1127,3725,2254,0,0.012360477
Warm B,173860,1100,1099,3725,2254,0,0.008044757
Warm B,346405,2030,2029,3725,2254,0,0.002046266
Warm B,165834,1057,1056,3725,2254,0,-0.00040259678
Warm B,169673,1077,1076,3725,2254,0,0.0021460215
Warm B,147679,951,950,3725,2254,0,-0.006337297
Warm B,324597,1922,1921,3725,2254,0,0.00825001
Warm B,135201,875,874,3725,2254,1,0.001952888
Warm B,315600,1880,1879,3725,2254,0,0.0012267269
Warm B,86262,563,562,3725,2254,0,0.004371957
Warm B,83550,549,548,3725,2254,1,0.00552487
Warm B,84533,550,549,3725,2254,0,-0.0008345526
Warm B,86849,566,565,3725,2254,0,0.0054507074
Warm B,51210,337,336,3725,2254,1,0.005912463
Warm B,323445,1917,1916,3725,2254,0,0.0013988026
Warm B,32255,216,215,3725,2254,0,0.012271407
Warm B,967566,5831,5830,3725,2254,0,-0.0023602932
Warm B,4937,35,34,3725,2254,0,0.00093140476
Warm B,382142,2232,2231,3725,2254,1,0.012847624
Warm B,207155,1266,1265,3725,2254,1,0.01436613
Warm B,421242,2544,2543,3725,2254,1,0.0010668626
Warm B,317058,1884,1883,3725,2254,1,0.006387636
Warm B,572490,3507,3506,3725,2254,0,0.013922306
Warm B,160430,1019,1018,3725,2254,0,0.011821306
Warm B,639356,3842,3841,3725,2254,0,-0.001540876
Warm B,874160,5277,5276,3725,2254,0,-0.0010589801
Warm B,261271,1597,1596,3725,2254,0,0.0025279163
Warm B,959113,5787,5786,3725,2254,0,0.00846082
Warm B,271133,1639,1638,3726,2255,1,0.010175101
Warm B,312498,1861,1860,3726,2255,0,0.007722358
Warm B,259133,1586,1585,3726,2255,1,-0.00036257505
Warm B,222848,1349,1348,3726,2255,1,0.0067951092
Warm B,210341,1284,1283,3726,2255,0,0.0012924643
Warm B,328738,1941,1940,3726,2255,1,0.016902765
Warm B,267341,1624,1623,3726,2255,1,-0.0025385919
Warm B,165356,1053,1052,3726,2255,0,0.0065886686
Warm B,163335,1044,1043,3726,2255,1,0.007974574
Warm B,213098,1297,1296,3726,2255,0,0.007780579
Warm B,152062,977,976,3726,2255,0,0.009797784
Warm B,151402,974,973,3726,2255,0,0.0015265052
Warm B,129703,839,838,3726,2255,1,0.01664755
Warm B,147545,949,948,3726,2255,1,0.010872886
Warm B,114575,744,743,3726,2255,1,0.008738437
Warm B,130614,846,845,3726,2255,1,0.004675746
Warm B,97212,651,650,3726,2255,0,0.0071922634
Warm B,295068,1752,1751,3726,2255,1,0.0112094935
Warm B,394313,2323,2322,3726,2255,0,-0.003639496
Warm B,80793,536,535,3726,2255,1,-0.0006969421
Warm B,77900,524,523,3726,2255,1,0.014889863
Warm B,63394,424,423,3726,2255,1,0.015154391
Warm B,42422,289,288,3726,2255,1,0.0070807263
Warm B,451868,2781,2780,3726,2255,1,0.012974286
Warm B,15942,125,124,3726,2255,1,0.0034157687
Warm B,13572,107,106,3726,2255,1,-0.0060155084
Warm B,4002,29,28,3726,2255,1,0.0065141823
Warm B,482041,2962,2961,3726,2255,0,0.010573669
Warm B,119541,770,769,3726,2255,0,0.0068478454
Warm B,24484,173,172,3726,2255,0,0.0012635201
Warm B,293964,1748,1747,3726,2255,0,0.005497408
Warm B,388240,2271,2270,3726,2255,1,0.00066185487
Warm B,322717,1912,1911,3726,2255,0,-0.0001133522
Warm B,631833,3821,3820,3726,2255,1,0.0035643876
Warm B,238291,1447,1446,3726,2255,0,0.014313128
Warm B,415875,2504,2503,3726,2255,0,0.008967946
Warm B,290548,1733,1732,3726,2255,1,0.003250556
Warm B,195044,1202,1201,3726,2255,0,0.008996453
Warm B,560584,3446,3445,3727,2256,1,0.009859915
Warm B,549278,3389,3388,3727,2256,0,0.017310066
Warm B,714184,4277,4276,3727,2256,1,0.029519895
Warm B,645474,3885,3884,3727,2256,1,0.006533208
Warm B,544460,3356,3355,3727,2256,1,0.010154987
Warm B,719434,4309,4308,3727,2256,1,0.018661872
Warm B,547666,3378,3377,3727,2256,1,0.0013686419
Warm B,539060,3314,3313,3727,2256,1,0.015903907
Warm B,670782,4031,4030,3727,2256,0,-0.002700801
Warm B,816225,4899,4898,3727,2256,0,0.022950545
Warm B,490978,3018,3017,3727,2256,1,0.022072755
Warm B,485862,2990,2989,3727,2256,1,0.012945092
Warm B,476923,2928,2927,3727,2256,0,0.0132853575
Warm B,473038,2908,2907,3727,2256,0,-0.0027678297
Warm B,755001,4497,4496,3727,2256,1,0.01141878
Warm B,451553,2779,2778,3727,2256,1,0.005569409
Warm B,431216,2627,2626,3727,2256,0,0.0032315613
Warm B,428327,2605,2604,3727,2256,1,0.012848988
Warm B,426627,2590,2589,3727,2256,1,0.015219789
Warm B,602538,3665,3664,3727,2256,0,0.019979682
Warm B,421525,2546,2545,3727,2256,0,0.0063916333
Warm B,421245,2544,2543,3727,2256,1,0.012128586
Warm B,418999,2529,2528,3727,2256,0,0.023526419
Warm B,416940,2507,2506,3727,2256,1,0.023494255
Warm B,411824,2475,2474,3727,2256,0,-0.0026310124
Warm B,409819,2457,2456,3727,2256,1,0.017034112
Warm B,409334,2456,2455,3727,2256,1,0.005915217
Warm B,393276,2310,2309,3727,2256,1,0.016881729
Warm B,385425,2251,2250,3727,2256,1,0.018527808
Warm B,370098,2164,2163,3727,2256,1,0.018704664
Warm B,394314,2323,2322,3727,2256,1,0.018992152
Warm B,350394,2056,2055,3727,2256,1,0.0042760265
Warm B,350163,2055,2054,3727,2256,1,0.010149028
Warm B,340950,2010,2009,3727,2256,0,0.018693343
Warm B,333555,1968,1967,3727,2256,0,0.021921135
Warm B,317059,1884,1883,3727,2256,1,0.024173707
Warm B,306105,1822,1821,3727,2256,1,0.001896021
Warm B,288342,1722,1721,3727,2256,1,0.0049784854
Warm B,277178,1675,1674,3727,2256,1,0.019417197
Warm B,286341,1709,1708,3727,2256,1,0.006909595
Warm B,264259,1607,1606,3727,2256,0,0.012586764
Warm B,247920,1496,1495,3727,2256,1,0.0063866125
Warm B,284533,1698,1697,3727,2256,1,0.01345664
Warm B,217786,1321,1320,3727,2256,0,0.011412461
Warm B,209171,1276,1275,3727,2256,1,0.008407635
Warm B,279961,1680,1679,3727,2256,1,0.008398096
Warm B,328739,1941,1940,3727,2256,0,0.012255612
Warm B,187186,1161,1160,3727,2256,0,0.0060102055
Warm B,307730,1835,1834,3727,2256,1,0.009241119
Warm B,176426,1115,1114,3727,2256,1,0.0076908655
Warm B,173862,1100,1099,3727,2256,1,0.0039207237
Warm B,172317,1089,1088,3727,2256,1,0.007798008
Warm B,184144,1146,1145,3727,2256,1,0.016809972
Warm B,163336,1044,1043,3727,2256,1,0.007249384
Warm B,162065,1033,1032,3727,2256,1,0.023725258
Warm B,159442,1017,1016,3727,2256,0,0.008364573
Warm B,154467,996,995,3727,2256,1,0.010472132
Warm B,149774,963,962,3727,2256,0,0.012826944
Warm B,185791,1150,1149,3727,2256,0,0.02003314
Warm B,138840,889,888,3727,2256,0,0.023734096
Warm B,135865,877,876,3727,2256,1,0.017771168
Warm B,133305,860,859,3727,2256,1,0.009131299
Warm B,128373,830,829,3727,2256,1,0.007919537
Warm B,125650,808,807,3727,2256,1,0.0032333503
Warm B,125091,802,801,3727,2256,1,0.010424931
Warm B,211372,1285,1284,3727,2256,1,0.018905636
Warm B,292804,1743,1742,3727,2256,1,0.007886008
Warm B,97213,651,650,3727,2256,1,0.014376563
Warm B,352364,2063,2062,3727,2256,0,0.02233286
Warm B,140784,904,903,3727,2256,0,0.007917021
Warm B,80794,536,535,3727,2256,0,0.0154178105
Warm B,82553,548,547,3727,2256,1,-0.005082016
Warm B,77901,524,523,3727,2256,1,0.022275638
Warm B,66858,449,448,3727,2256,1,0.003223924
Warm B,57650,390,389,3727,2256,1,0.0011926158
Warm B,63395,424,423,3727,2256,1,0.016872022
Warm B,53980,352,351,3727,2256,1,0.010189491
Warm B,41243,278,277,3727,2256,1,0.0018836497
Warm B,15740,123,122,3727,2256,1,0.0053616483
Warm B,290549,1733,1732,3727,2256,0,0.010394352
Warm B,4508,33,32,3727,2256,0,0.0061027636
Warm B,5231,36,35,3727,2256,1,0.013491722
Warm B,432885,2638,2637,3727,2256,0,0.013631364
Warm B,773552,4610,4609,3727,2256,1,0.01528687
Warm B,102655,678,677,3727,2256,1,0.02280476
Warm B,28366,195,194,3727,2256,0,0.008239283
Warm B,366293,2131,2130,3727,2256,1,0.012300864
Warm B,959114,5787,5786,3727,2256,1,0.015428302
Warm B,527649,3261,3260,3728,2257,1,0.008740076
Warm B,528371,3265,3264,3728,2257,0,0.0017260201
Warm B,916972,5539,5538,3728,2257,1,0.0023427191
Warm B,522974,3224,3223,3728,2257,1,0.004739658
Warm B,490979,3018,3017,3728,2257,1,0.009829785
Warm B,482899,2967,2966,3728,2257,1,-0.005476377
Warm B,481206,2955,2954,3728,2257,0,0.0045983954
Warm B,466212,2874,2873,3728,2257,0,-0.0018465591
Warm B,458290,2820,2819,3728,2257,1,0.007747898
Warm B,454278,2794,2793,3728,2257,1,0.0137562
Warm B,448575,2764,2763,3728,2257,1,0.008572503
Warm B,441119,2700,2699,3728,2257,1,0.0018822979
Warm B,697793,4169,4168,3728,2257,1,0.011940187
Warm B,431218,2627,2626,3728,2257,1,0.01502889
Warm B,421246,2544,2543,3728,2257,1,0.0026533073
Warm B,415876,2504,2503,3728,2257,1,0.0027374846
Warm B,413029,2484,2483,3728,2257,0,0.0007879061
Warm B,365293,2125,2124,3728,2257,1,0.002845266
Warm B,343780,2018,2017,3728,2257,1,0.0026566633
Warm B,334794,1974,1973,3728,2257,0,0.006109708
Warm B,326427,1932,1931,3728,2257,1,0.01051574
Warm B,323291,1916,1915,3728,2257,1,0.0012760884
Warm B,325059,1925,1924,3728,2257,1,0.010457928
Warm B,310330,1847,1846,3728,2257,1,-0.0016361882
Warm B,310284,1846,1845,3728,2257,1,0.008091532
Warm B,305961,1820,1819,3728,2257,1,0.0070788944
Warm B,282097,1692,1691,3728,2257,1,0.005274793
Warm B,274765,1661,1660,3728,2257,1,0.0030917502
Warm B,279962,1680,1679,3728,2257,1,0.016128756
Warm B,271134,1639,1638,3728,2257,1,0.0045216093
Warm B,333556,1968,1967,3728,2257,1,0.013249718
Warm B,315601,1880,1879,3728,2257,1,0.010706852
Warm B,227462,1378,1377,3728,2257,1,0.0017443094
Warm B,220474,1335,1334,3728,2257,1,0.010058228
Warm B,336378,1980,1979,3728,2257,1,0.0111443605
Warm B,296631,1758,1757,3728,2257,1,0.008788988
Warm B,211374,1285,1284,3728,2257,0,0.005695679
Warm B,308935,1837,1836,3728,2257,1,0.013963761
Warm B,322718,1912,1911,3728,2257,0,0.0027548373
Warm B,185792,1150,1149,3728,2257,1,0.01334937
Warm B,307731,1835,1834,3728,2257,1,0.006232542
Warm B,172318,1089,1088,3728,2257,1,0.0005019512
Warm B,184145,1146,1145,3728,2257,0,0.005219155
Warm B,164069,1050,1049,3728,2257,0,-0.0036034554
Warm B,169674,1077,1076,3728,2257,0,0.01771649
Warm B,160432,1019,1018,3728,2257,1,0.0063471003
Warm B,153870,989,988,3728,2257,0,0.008142313
Warm B,149054,958,957,3728,2257,1,0.003052173
Warm B,191469,1181,1180,3728,2257,0,-0.006643742
Warm B,133485,862,861,3728,2257,0,0.0002547023
Warm B,111374,724,723,3728,2257,0,0.0011307385
Warm B,392933,2307,2306,3728,2257,1,0.0022625355
Warm B,295069,1752,1751,3728,2257,1,0.0052507143
Warm B,329587,1943,1942,3728,2257,1,0.004991962
Warm B,284535,1698,1697,3728,2257,1,0.008409244
Warm B,320895,1902,1901,3728,2257,1,0.008526457
Warm B,83551,549,548,3728,2257,1,0.0071118413
Warm B,77902,524,523,3728,2257,1,0.001540473
Warm B,47660,319,318,3728,2257,0,-0.0025148583
Warm B,408438,2453,2452,3728,2257,1,0.00013891212
Warm B,33625,225,224,3728,2257,1,-0.003742735
Warm B,27613,193,192,3728,2257,1,-0.0040409793
Warm B,15742,123,122,3728,2257,1,0.0012460123
Warm B,340237,2008,2007,3728,2257,1,0.004927081
Warm B,8178,56,55,3728,2257,1,-0.0010849824
Warm B,295,5,4,3728,2257,0,0.010160793
Warm B,357717,2092,2091,3728,2257,0,0.005200847
Warm B,66199,442,441,3728,2257,0,0.006455679
Warm B,207157,1266,1265,3728,2257,0,4.7197565e-05
Warm B,482042,2962,2961,3728,2257,1,0.007878628
Warm B,908441,5493,5492,3728,2257,1,0.0019667535
Warm B,158682,1015,1014,3728,2257,1,-0.0032813798
Warm B,140785,904,903,3728,2257,0,0.007237028
Warm B,24486,173,172,3728,2257,1,0.002897561
Warm B,257950,1579,1578,3728,2257,1,0.012672415
Warm B,290551,1733,1732,3728,2257,0,0.0006902402
Warm B,31084,208,207,3728,2257,1,-0.0044105826
Warm B,460865,2841,2840,3728,2257,1,-0.0016841132
Warm B,532398,3285,3284,3728,2257,1,0.0032135043
Warm B,16153,127,126,3728,2257,1,0.0031949345
Warm B,50315,331,330,3728,2257,1,0.00016356166
Warm B,940316,5675,5674,3728,2257,1,0.00018189708
Warm B,20153,149,148,3728,2257,1,0.009765485
Warm B,860392,5172,5171,3728,2257,1,0.00079196924
Warm B,380948,2225,2224,3728,2257,1,0.007932859
Warm B,739610,4418,4417,3728,2257,1,0.004827464
Warm B,204187,1256,1255,3728,2257,1,0.008864835
Warm B,550603,3391,3390,3728,2257,1,0.009444229
Warm B,211402,1285,1284,3732,2260,1,0.0030288505
Warm B,41254,278,277,3732,2260,1,-0.0020131264
Warm B,36679,245,244,3732,2260,0,0.0011559508
Warm B,639372,3842,3841,3732,2260,0,-0.0031386027
Warm B,458306,2820,2819,3732,2260,0,-0.0065360027
Warm B,490992,3018,3017,3732,2260,1,0.006152324
Warm B,102673,678,677,3732,2260,0,-0.0024383198
Warm B,714205,4277,4276,3732,2260,0,0.006034565
Warm B,967576,5831,5830,3732,2260,0,-0.0036804853
Warm B,63424,424,423,3732,2260,1,0.001592475
Warm B,241500,1451,1450,3732,2260,0,0.0037530588
Warm B,252220,1527,1526,3738,2263,0,-0.0053601246
Warm B,160458,1019,1018,3738,2263,0,0.01497884
Warm B,631844,3821,3820,3738,2263,0,0.00063412776
Warm B,50903,335,334,3738,2263,0,0.009935619
Warm B,43689,300,299,3738,2263,1,0.0005954042
Warm B,38385,261,260,3738,2263,0,0.0041265674
Warm B,947800,5722,5721,3738,2263,1,0.0050290665
Warm B,9413,62,61,3738,2263,0,0.011229834
Warm B,357734,2092,2091,3738,2263,1,0.006144202
Warm B,238316,1447,1446,3738,2263,1,0.015150933
Warm B,158710,1015,1014,3738,2263,1,0.005592947
Warm B,962012,5795,5794,3738,2263,1,0.0016942826
Warm B,841608,5054,5053,3738,2263,0,-0.002606861
Warm B,319618,1897,1896,3738,2263,1,0.009046536
Warm B,63427,424,423,3738,2263,1,0.008906209
Warm B,397442,2353,2352,3738,2263,1,-0.0063827094
Warm B,821763,4940,4939,3738,2263,0,0.0056862244
Warm B,263745,1605,1604,3743,2267,0,0.011973648
Warm B,111094,721,720,3743,2267,0,0.016071767
Warm B,907895,5492,5491,3743,2267,0,0.0150471255
Warm B,476503,2926,2925,3743,2267,0,0.006416519
Warm B,682826,4085,4084,3743,2267,0,0.013086382
Warm B,46527,310,309,3743,2267,1,0.0016793612
Warm B,313045,1865,1864,3743,2267,0,0.0054891272
Warm B,924214,5580,5579,3743,2267,1,0.007308921
Warm B,497448,3054,3053,3743,2267,0,0.0075879465
Warm B,811521,4867,4866,3743,2267,1,0.017317433
Warm B,776970,4640,4639,3743,2267,0,0.004906488
Warm B,521812,3219,3218,3743,2267,0,0.008133954
Warm B,967597,5831,5830,3743,2267,1,0.010281898
Warm B,272426,1645,1644,3743,2267,1,0.0071186926
Warm B,311398,1854,1853,3743,2267,0,0.004676656
Warm B,295795,1755,1754,3743,2267,0,0.010844355
Warm B,172144,1088,1087,3743,2267,0,0.0036929161
Warm B,996746,6016,6015,3746,2270,0,0.01220062
Warm B,209005,1274,1273,3746,2270,1,0.019234875
Warm B,801840,4802,4801,3746,2270,1,0.0075942622
Warm B,93436,624,623,3746,2270,0,0.011347406
Warm B,523955,3229,3228,3746,2270,1,0.019782668
Warm B,796403,4771,4770,3746,2270,1,0.006131963
Warm B,807798,4834,4833,3746,2270,1,0.0077770622
Warm B,223125,1352,1351,3746,2270,1,0.018834399
Warm B,28429,195,194,3746,2270,1,0.0066454727
Warm B,301577,1791,1790,3747,2271,1,0.006474508
Warm B,224371,1356,1355,3747,2271,0,-8.600816e-05
Warm B,309976,1843,1842,3747,2271,1,3.0069146e-05
Warm B,213123,1297,1296,3747,2271,1,0.0028857756
Warm B,212190,1291,1290,3747,2271,1,0.006994947
Warm B,211446,1285,1284,3747,2271,1,0.009315014
Warm B,207694,1270,1269,3747,2271,0,0.007972702
Warm B,220488,1335,1334,3747,2271,1,0.008257364
Warm B,196889,1208,1207,3747,2271,1,-0.00018710288
Warm B,232621,1413,1412,3747,2271,0,0.001814117
Warm B,201253,1241,1240,3747,2271,1,0.0038967114
Warm B,349077,2047,2046,3747,2271,1,0.009230386
Warm B,156389,1009,1008,3747,2271,1,0.008026816
Warm B,158744,1015,1014,3747,2271,1,0.010864936
Warm B,150135,966,965,3747,2271,1,0.0027288436
Warm B,225336,1362,1361,3747,2271,0,-0.0002280277
Warm B,812361,4875,4874,3747,2271,0,0.0048348224
Warm B,132849,856,855,3747,2271,1,0.004410294
Warm B,197498,1211,1210,3747,2271,1,0.003832245
Warm B,182261,1137,1136,3747,2271,0,0.0044847876
Warm B,199675,1224,1223,3747,2271,1,0.011530004
Warm B,128383,830,829,3747,2271,1,0.0037870784
Warm B,407840,2451,2450,3747,2271,0,-0.008466732
Warm B,132742,855,854,3747,2271,1,0.0051483638
Warm B,187843,1164,1163,3747,2271,1,0.005865501
Warm B,292810,1743,1742,3747,2271,0,0.0020269756
Warm B,103551,687,686,3747,2271,1,0.005075924
Warm B,101775,677,676,3747,2271,0,0.0108905565
Warm B,129043,838,837,3747,2271,1,-0.0017500578
Warm B,714237,4277,4276,3747,2271,1,0.009444775
Warm B,89661,590,589,3747,2271,1,-0.0013046602
Warm B,148001,953,952,3747,2271,1,-0.0055800644
Warm B,330834,1952,1951,3747,2271,1,-0.0032396498
Warm B,682034,4084,4083,3747,2271,1,0.0048218486
Warm B,77967,524,523,3747,2271,1,0.010813342
Warm B,64404,429,428,3747,2271,0,0.0014910884
Warm B,57683,390,389,3747,2271,1,-0.009019146
Warm B,57256,386,385,3747,2271,0,0.007753121
Warm B,46128,308,307,3747,2271,1,0.004618565
Warm B,43474,299,298,3747,2271,1,-0.0039650016
Warm B,806019,4823,4822,3747,2271,1,-0.0010968677
Warm B,33662,225,224,3747,2271,1,0.014720058
Warm B,31577,214,213,3747,2271,1,0.007362143
Warm B,452167,2784,2783,3747,2271,1,0.001360338
Warm B,965938,5825,5824,3747,2271,1,-0.00019656462
Warm B,947806,5722,5721,3747,2271,1,-0.0070340205
Warm B,192790,1186,1185,3747,2271,1,0.00017026998
Warm B,314436,1877,1876,3747,2271,1,0.00038680283
Warm B,16166,127,126,3747,2271,0,-0.0028974102
Warm B,201825,1242,1241,3747,2271,1,0.007309327
Warm B,7960,53,52,3747,2271,1,0.00018463307
Warm B,217394,1317,1316,3747,2271,1,0.009412669
Warm B,24530,173,172,3747,2271,1,0.003251079
Warm B,432257,2634,2633,3747,2271,0,0.007969156
Warm B,56381,376,375,3747,2271,0,0.0074355314
Warm B,653759,3940,3939,3747,2271,1,-0.0025992673
Warm B,761289,4522,4521,3747,2271,0,0.004576596
Warm B,204794,1260,1259,3747,2271,0,0.0023069172
Warm B,289715,1729,1728,3747,2271,0,-0.0051254947
Warm B,844464,5074,5073,3747,2271,1,0.0023129238
Warm B,400039,2380,2379,3747,2271,0,0.0035292637
Warm B,635706,3832,3831,3747,2271,0,0.005104717
Warm B,877187,5300,5299,3747,2271,1,-4.8632035e-05
Warm B,232055,1407,1406,3747,2271,1,-0.0060293875
Warm B,203722,1252,1251,3747,2271,0,0.0036430461
Warm B,319635,1897,1896,3747,2271,1,0.012556931
Warm B,258639,1584,1583,3747,2271,0,0.0030287346
Warm B,556658,3420,3419,3747,2271,1,-0.0026632869
Warm B,261284,1597,1596,3747,2271,1,0.00050468696
Warm B,500542,3074,3073,3747,2271,1,-0.0074739233
Warm B,799521,4790,4789,3747,2271,0,0.012018827
Warm B,431245,2627,2626,3747,2271,0,0.0072057415
Warm B,336440,1980,1979,3747,2271,1,-0.0019878494
Warm B,50356,331,330,3747,2271,1,-0.00036048086
Warm B,116659,752,751,3747,2271,0,0.015158407
Warm B,93091,623,622,3747,2271,1,0.004772842
Warm B,908456,5493,5492,3747,2271,1,0.006990334
Warm B,47711,319,318,3747,2271,0,0.007886876
Warm B,313046,1865,1864,3747,2271,0,0.00085187936
Warm B,284579,1698,1697,3747,2271,1,0.008795299
Warm B,235320,1425,1424,3747,2271,1,0.007951947
Warm B,67898,454,453,3747,2271,1,-0.0006514655
Warm B,847306,5090,5089,3747,2271,1,0.0014002342
Warm B,764690,4543,4542,3747,2271,0,0.0028072165
Warm B,808586,4842,4841,3747,2271,1,-0.00033205166
Warm B,346732,2031,2030,3747,2271,1,-0.0068667904
Warm B,550672,3391,3390,3747,2271,1,0.004500069
Warm B,565061,3473,3472,3747,2271,0,0.002248975
Warm B,967617,5831,5830,3758,2277,0,0.0002886029
Warm B,496303,3050,3049,3758,2277,0,0.0015948254
Warm B,480352,2946,2945,3758,2277,0,-0.0013383084
Warm B,755027,4497,4496,3758,2277,0,-0.0020397413
Warm B,463684,2857,2856,3758,2277,0,0.0059819035
Warm B,465250,2868,2867,3758,2277,0,0.005460533
Warm B,458354,2820,2819,3758,2277,0,0.0055566793
Warm B,454393,2795,2794,3758,2277,0,0.0066823284
Warm B,445734,2748,2747,3758,2277,0,-0.0042131464
Warm B,400586,2383,2382,3758,2277,0,0.004569303
Warm B,393353,2312,2311,3758,2277,0,0.006325759
Warm B,389161,2279,2278,3758,2277,1,0.0010487938
Warm B,378058,2205,2204,3758,2277,0,0.005711336
Warm B,376246,2194,2193,3758,2277,0,-0.0053970385
Warm B,371875,2172,2171,3758,2277,0,-0.00035348837
Warm B,370818,2167,2166,3758,2277,0,0.0025546108
Warm B,356598,2088,2087,3758,2277,0,0.01007125
Warm B,341013,2010,2009,3758,2277,0,0.0019539343
Warm B,324629,1922,1921,3758,2277,0,0.003078348
Warm B,299288,1776,1775,3758,2277,1,0.005186512
Warm B,293333,1746,1745,3758,2277,1,0.005398138
Warm B,291017,1736,1735,3758,2277,0,0.008600283
Warm B,292621,1741,1740,3758,2277,0,0.0031367429
Warm B,269357,1632,1631,3758,2277,0,0.0018446384
Warm B,258109,1580,1579,3758,2277,0,-0.0010441726
Warm B,333597,1968,1967,3758,2277,0,0.0051048994
Warm B,227383,1377,1376,3758,2277,0,0.0119280545
Warm B,325643,1926,1925,3758,2277,1,-0.00012262992
Warm B,220116,1333,1332,3758,2277,0,0.005785201
Warm B,278095,1676,1675,3758,2277,0,-0.0013301731
Warm B,273363,1647,1646,3758,2277,1,-0.0021286975
Warm B,206142,1264,1263,3758,2277,0,0.013357981
Warm B,215167,1303,1302,3758,2277,0,0.0008960358
Warm B,244255,1470,1469,3758,2277,0,0.009593634
Warm B,280115,1680,1679,3758,2277,1,0.0055621117
Warm B,185898,1150,1149,3758,2277,0,-0.00024665194
Warm B,181683,1135,1134,3758,2277,0,0.0101302955
Warm B,177737,1119,1118,3758,2277,0,0.0014819652
Warm B,337286,1983,1982,3758,2277,0,0.002157004
Warm B,138961,889,888,3758,2277,0,0.011978733
Warm B,315677,1880,1879,3758,2277,0,0.010490347
Warm B,141745,911,910,3758,2277,0,0.010940535
Warm B,113506,735,734,3758,2277,0,0.0055737337
Warm B,240642,1449,1448,3758,2277,0,-0.0028142673
Warm B,91010,602,601,3758,2277,0,0.007699316
Warm B,86288,563,562,3758,2277,0,-0.0031274415
Warm B,239434,1448,1447,3758,2277,0,0.01232082
Warm B,84614,550,549,3758,2277,0,-0.002960416
Warm B,54078,352,351,3758,2277,0,7.642759e-05
Warm B,132761,855,854,3758,2277,0,0.008011419
Warm B,338425,1988,1987,3758,2277,0,-0.0035758554
Warm B,23271,166,165,3758,2277,0,-0.0014138051
Warm B,17652,136,135,3758,2277,1,0.0039008972
Warm B,5884,42,41,3758,2277,1,0.002503576
Warm B,482096,2962,2961,3758,2277,0,0.0032335948
Warm B,238379,1447,1446,3758,2277,0,0.008116097
Warm B,102728,678,677,3758,2277,1,0.0010893156
Warm B,964650,5812,5811,3758,2277,0,0.004884924
Warm B,310923,1851,1850,3758,2277,0,0.007282907
Warm B,63510,424,423,3758,2277,0,0.0020445064
Warm B,721562,4318,4317,3766,2281,1,0.010198945
Warm B,694110,4156,4155,3766,2281,1,0.009016475
Warm B,691471,4139,4138,3766,2281,0,0.0069331024
Warm B,690941,4135,4134,3766,2281,1,0.010701444
Warm B,692193,4140,4139,3766,2281,0,0.0036989052
Warm B,685615,4098,4097,3766,2281,0,0.010482094
Warm B,681859,4083,4082,3766,2281,0,0.006260143
Warm B,677648,4061,4060,3766,2281,1,0.0021042605
Warm B,677294,4058,4057,3766,2281,0,0.0025948947
Warm B,674912,4049,4048,3766,2281,0,0.003723999
Warm B,673733,4045,4044,3766,2281,0,-0.0043708617
Warm B,720700,4312,4311,3766,2281,0,0.0072125834
Warm B,669932,4026,4025,3766,2281,0,0.011253372
Warm B,668833,4021,4020,3766,2281,1,0.0049365438
Warm B,666107,4007,4006,3766,2281,0,0.0027032155
Warm B,738894,4414,4413,3766,2281,0,0.005561455
Warm B,665358,4005,4004,3766,2281,0,0.011212961
Warm B,663326,3997,3996,3766,2281,1,0.0043866783
Warm B,660128,3978,3977,3766,2281,1,0.0015356219
Warm B,658110,3965,3964,3766,2281,1,-0.0028494466
Warm B,657307,3962,3961,3766,2281,1,0.0070523596
Warm B,651711,3929,3928,3766,2281,0,0.012905657
Warm B,642132,3860,3859,3766,2281,1,0.005060548
Warm B,630046,3808,3807,3766,2281,0,-0.0021723234
Warm B,638738,3841,3840,3766,2281,1,0.005892546
Warm B,625261,3778,3777,3766,2281,0,0.0043802178
Warm B,622465,3768,3767,3766,2281,0,0.0066193286
Warm B,959965,5788,5787,3766,2281,0,0.0040886058
Warm B,611490,3705,3704,3766,2281,1,0.016338559
Warm B,606813,3683,3682,3766,2281,0,0.014048879
Warm B,633740,3824,3823,3766,2281,0,0.014237589
Warm B,595421,3621,3620,3766,2281,0,0.010482155
Warm B,597007,3626,3625,3766,2281,1,-0.00033661537
Warm B,588231,3589,3588,3766,2281,0,0.006700572
Warm B,586564,3579,3578,3766,2281,0,0.005545047
Warm B,585927,3576,3575,3766,2281,0,0.011648371
Warm B,585368,3574,3573,3766,2281,1,0.004552763
Warm B,594482,3618,3617,3766,2281,0,0.009607738
Warm B,569809,3493,3492,3766,2281,0,0.007566425
Warm B,569574,3491,3490,3766,2281,0,0.008387368
Warm B,714280,4277,4276,3766,2281,0,0.0129434345
Warm B,563939,3469,3468,3766,2281,0,0.0133433435
Warm B,570520,3499,3498,3766,2281,0,0.0023685473
Warm B,559735,3439,3438,3766,2281,0,0.009409893
Warm B,572587,3507,3506,3766,2281,1,0.01484501
Warm B,552744,3401,3400,3766,2281,0,0.016788688
Warm B,551517,3397,3396,3766,2281,0,0.014895788
Warm B,577637,3526,3525,3766,2281,0,0.0077278814
Warm B,645533,3885,3884,3766,2281,0,0.009993961
Warm B,542529,3336,3335,3766,2281,0,0.009279691
Warm B,532823,3290,3289,3766,2281,0,0.0020531602
Warm B,544192,3353,3352,3766,2281,0,0.00864675
Warm B,524270,3231,3230,3766,2281,1,-0.006737985
Warm B,515150,3180,3179,3766,2281,0,0.0011402091
Warm B,697911,4169,4168,3766,2281,0,0.016432647
Warm B,513262,3163,3162,3766,2281,0,0.014074844
Warm B,606131,3681,3680,3766,2281,0,0.011508509
Warm B,494632,3032,3031,3766,2281,1,0.013459869
Warm B,488048,3001,3000,3766,2281,1,0.010906138
Warm B,486464,2994,2993,3766,2281,0,0.009065419
Warm B,600391,3650,3649,3766,2281,0,0.008086986
Warm B,480364,2946,2945,3766,2281,0,0.008768959
Warm B,474242,2909,2908,3766,2281,1,0.013275163
Warm B,470228,2895,2894,3766,2281,0,0.009795924
Warm B,463704,2857,2856,3766,2281,0,0.019172031
Warm B,518972,3201,3200,3766,2281,0,0.0028547011
Warm B,449516,2771,2770,3766,2281,0,0.011804836
Warm B,449697,2772,2771,3766,2281,1,0.008260636
Warm B,415317,2500,2499,3766,2281,0,0.007660013
Warm B,413084,2484,2483,3766,2281,1,0.014071531
Warm B,407086,2445,2444,3766,2281,0,0.015533451
Warm B,410690,2463,2462,3766,2281,0,0.003716119
Warm B,387417,2264,2263,3766,2281,0,0.0023738656
Warm B,368972,2156,2155,3766,2281,0,0.008414837
Warm B,357788,2092,2091,3766,2281,0,0.0005848947
Warm B,337302,1983,1982,3766,2281,0,0.002384812
Warm B,297812,1764,1763,3766,2281,1,0.010974552
Warm B,291022,1736,1735,3766,2281,0,0.008536074
Warm B,291778,1737,1736,3766,2281,0,-0.0021732752
Warm B,275796,1667,1666,3766,2281,0,0.009585767
Warm B,289088,1726,1725,3766,2281,0,0.0074278396
Warm B,283350,1696,1695,3766,2281,0,0.004505121
Warm B,227394,1377,1376,3766,2281,0,-0.004095505
Warm B,273380,1647,1646,3766,2281,0,0.011484765
Warm B,198934,1221,1220,3766,2281,0,0.0025336333
Warm B,191624,1181,1180,3766,2281,0,0.008904871
Warm B,186718,1155,1154,3766,2281,0,0.0069708885
Warm B,307815,1835,1834,3766,2281,0,0.010206271
Warm B,180533,1128,1127,3766,2281,0,0.00198494
Warm B,180056,1127,1126,3766,2281,0,0.0069427537
Warm B,155074,999,998,3766,2281,0,0.0013585873
Warm B,152722,983,982,3766,2281,0,0.0044444334
Warm B,277255,1675,1674,3766,2281,0,-0.0014780597
Warm B,138989,889,888,3766,2281,0,0.019711252
Warm B,315706,1880,1879,3766,2281,0,0.0038238617
Warm B,124048,798,797,3766,2281,0,0.002872568
Warm B,121918,785,784,3766,2281,0,0.00027692225
Warm B,475856,2919,2918,3766,2281,0,0.0053265034
Warm B,114611,744,743,3766,2281,0,0.006952324
Warm B,97625,654,653,3766,2281,0,-0.0011967804
Warm B,96288,646,645,3766,2281,0,0.01562482
Warm B,88122,580,579,3766,2281,0,0.0030722623
Warm B,83659,549,548,3766,2281,0,0.02315394
Warm B,71204,477,476,3766,2281,0,0.00711233
Warm B,70556,475,474,3766,2281,1,0.0077031227
Warm B,68951,461,460,3766,2281,0,0.007719651
Warm B,64886,435,434,3766,2281,1,0.004780245
Warm B,75182,509,508,3766,2281,0,0.011965292
Warm B,240668,1449,1448,3766,2281,0,0.015382749
Warm B,52364,344,343,3766,2281,0,0.0047010165
Warm B,40590,272,271,3766,2281,1,0.0076689674
Warm B,36780,245,244,3766,2281,0,0.002148371
Warm B,22737,163,162,3766,2281,0,0.011244563
Warm B,239451,1448,1447,3766,2281,0,0.011269549
Warm B,19659,148,147,3766,2281,0,0.0030984196
Warm B,18183,139,138,3766,2281,1,0.0061020562
Warm B,15829,123,122,3766,2281,0,0.007221848
Warm B,144323,929,928,3766,2281,0,0.009134412
Warm B,432954,2638,2637,3766,2281,0,-0.0016405145
Warm B,265363,1611,1610,3766,2281,0,0.009462877
Warm B,129787,839,838,3766,2281,0,0.010798213
Warm B,238406,1447,1446,3766,2281,0,0.016992068
Warm B,110006,716,715,3766,2281,1,-0.0011037657
Warm B,234449,1422,1421,3766,2281,0,0.011883126
Warm B,431280,2627,2626,3766,2281,0,0.0044407668
Warm B,116708,752,751,3766,2281,0,0.008968914
Warm B,773050,4607,4606,3766,2281,0,0.012152981
Warm B,322818,1912,1911,3766,2281,0,0.012029616
Warm B,174412,1101,1100,3766,2281,0,0.024489395
Warm B,63530,424,423,3766,2281,0,0.0046929917
Warm B,241567,1451,1450,3766,2281,0,0.013060689
Warm B,431772,2629,2628,3767,2282,0,0.0070118783
Warm B,430797,2625,2624,3767,2282,0,0.008542101
Warm B,415318,2500,2499,3767,2282,0,0.0046058595
Warm B,413085,2484,2483,3767,2282,0,0.018542003
Warm B,407087,2445,2444,3767,2282,0,0.009197404
Warm B,337303,1983,1982,3767,2282,0,0.01667532
Warm B,357790,2092,2091,3767,2282,0,0.009839848
Warm B,291024,1736,1735,3767,2282,0,0.0018699217
Warm B,291779,1737,1736,3767,2282,0,0.011789165
Warm B,275797,1667,1666,3767,2282,0,0.0031067221
Warm B,289089,1726,1725,3767,2282,0,0.005962198
Warm B,266177,1613,1612,3767,2282,0,0.011726032
Warm B,283351,1696,1695,3767,2282,0,0.013849733
Warm B,227395,1377,1376,3767,2282,0,-0.001051748
Warm B,273382,1647,1646,3767,2282,0,0.009980546
Warm B,198935,1221,1220,3767,2282,0,0.007980026
Warm B,198007,1216,1215,3767,2282,0,0.02148848
Warm B,191626,1181,1180,3767,2282,0,0.013535399
Warm B,307816,1835,1834,3767,2282,0,0.017676365
Warm B,155076,999,998,3767,2282,0,0.012328817
Warm B,270321,1635,1634,3767,2282,0,0.021671917
Warm B,277256,1675,1674,3767,2282,0,0.008893303
Warm B,138991,889,888,3767,2282,0,0.0060211495
Warm B,315708,1880,1879,3767,2282,0,0.009776417
Warm B,124050,798,797,3767,2282,0,0.020282164
Warm B,121919,785,784,3767,2282,0,0.0068352106
Warm B,475857,2919,2918,3767,2282,0,0.0067092055
Warm B,114612,744,743,3767,2282,0,0.0127521055
Warm B,83662,549,548,3767,2282,0,0.003931934
Warm B,234451,1422,1421,3767,2282,0,0.0145837795
Warm B,68953,461,460,3767,2282,0,0.0024524773
Warm B,240672,1449,1448,3767,2282,0,0.019225096
Warm B,52365,344,343,3767,2282,0,-0.001099247
Warm B,41995,284,283,3767,2282,0,0.0056842724
Warm B,363520,2116,2115,3767,2282,0,0.013261275
Warm B,40593,272,271,3767,2282,0,0.008887686
Warm B,24729,174,173,3767,2282,0,0.014610797
Warm B,19661,148,147,3767,2282,0,-0.0047147553
Warm B,432956,2638,2637,3767,2282,0,0.010059108
Warm B,238409,1447,1446,3767,2282,0,0.015192794
Warm B,10352,73,72,3767,2282,0,0.020699512
Warm B,931534,5626,5625,3767,2282,1,0.0016860878
Warm B,322820,1912,1911,3767,2282,0,0.009979719
Warm B,63532,424,423,3767,2282,0,0.006278896
Warm B,114614,744,743,3768,2283,0,0.01144063
Warm B,97276,651,650,3768,2283,0,0.00013863225
Warm B,88123,580,579,3768,2283,0,0.00981494
Warm B,70559,475,474,3768,2283,0,0.0012957163
Warm B,68955,461,460,3768,2283,0,0.0068550906
Warm B,75186,509,508,3768,2283,0,0.014191356
Warm B,240675,1449,1448,3768,2283,0,0.01213534
Warm B,52367,344,343,3768,2283,0,0.0018056701
Warm B,40596,272,271,3768,2283,0,0.0027114898
Warm B,26688,188,187,3768,2283,0,-0.0008071142
Warm B,24730,174,173,3768,2283,0,0.008049045
Warm B,19664,148,147,3768,2283,1,0.0095214015
Warm B,432958,2638,2637,3768,2283,0,0.0051208003
Warm B,265367,1611,1610,3768,2283,0,0.011056082
Warm B,238412,1447,1446,3768,2283,0,0.0073006097
Warm B,10354,73,72,3768,2283,0,0.016991176
Warm B,273384,1647,1646,3768,2283,0,0.013657467
Warm B,329668,1943,1942,3768,2283,0,0.005940042
Warm B,599565,3648,3647,3768,2283,0,0.01455914
Warm B,931536,5626,5625,3768,2283,1,-0.0010065049
Warm B,714284,4277,4276,3768,2283,0,0.006804017
Warm B,679894,4075,4074,3769,2284,1,0.011185828
Warm B,677651,4061,4060,3769,2284,0,0.009103446
Warm B,674916,4049,4048,3769,2284,1,0.00930084
Warm B,673734,4045,4044,3769,2284,0,0.00037523534
Warm B,668838,4021,4020,3769,2284,1,0.00088775624
Warm B,664378,3999,3998,3769,2284,0,0.004998084
Warm B,663331,3997,3996,3769,2284,1,0.011060156
Warm B,659581,3974,3973,3769,2284,1,-0.005258331
Warm B,657830,3964,3963,3769,2284,1,-0.004851161
Warm B,656953,3958,3957,3769,2284,1,0.015175921
Warm B,656408,3955,3954,3769,2284,1,0.0016367697
Warm B,653291,3938,3937,3769,2284,1,0.014227355
Warm B,652158,3931,3930,3769,2284,1,0.0106252795
Warm B,649119,3910,3909,3769,2284,1,0.011577987
Warm B,648579,3906,3905,3769,2284,0,0.00029375264
Warm B,646898,3892,3891,3769,2284,1,0.016681232
Warm B,643902,3878,3877,3769,2284,1,0.00829494
Warm B,658112,3965,3964,3769,2284,0,0.009582061
Warm B,634258,3825,3824,3769,2284,0,0.024293818
Warm B,632745,3823,3822,3769,2284,1,0.010494871
Warm B,630199,3810,3809,3769,2284,1,0.0034630387
Warm B,630053,3808,3807,3769,2284,1,0.0026523918
Warm B,638747,3841,3840,3769,2284,1,0.027492624
Warm B,625268,3778,3777,3769,2284,1,0.01999287
Warm B,624037,3773,3772,3769,2284,1,0.010505319
Warm B,623628,3771,3770,3769,2284,0,0.00542733
Warm B,619667,3754,3753,3769,2284,0,0.010636463
Warm B,603211,3670,3669,3769,2284,1,0.0037879716
Warm B,601458,3656,3655,3769,2284,1,-0.009160418
Warm B,598464,3641,3640,3769,2284,1,0.0059264554
Warm B,597072,3627,3626,3769,2284,1,0.0034568068
Warm B,869885,5255,5254,3769,2284,0,0.013292044
Warm B,592785,3613,3612,3769,2284,0,0.0038008112
Warm B,592944,3614,3613,3769,2284,0,0.0063785547
Warm B,588237,3589,3588,3769,2284,0,0.011928603
Warm B,586299,3578,3577,3769,2284,0,0.0071895556
Warm B,585934,3576,3575,3769,2284,1,0.01006403
Warm B,585369,3574,3573,3769,2284,1,0.003925347
Warm B,576614,3524,3523,3769,2284,1,0.011703661
Warm B,745601,4448,4447,3769,2284,1,0.014926754
Warm B,561388,3453,3452,3769,2284,0,0.00031789416
Warm B,750813,4479,4478,3769,2284,1,0.0011266144
Warm B,931537,5626,5625,3769,2284,0,0.010505705
Warm B,551395,3394,3393,3769,2284,1,0.007571092
Warm B,548326,3383,3382,3769,2284,0,0.0075846864
Warm B,632125,3822,3821,3769,2284,0,0.004721078
Warm B,545879,3365,3364,3769,2284,1,0.01142997
Warm B,533832,3293,3292,3769,2284,0,0.00791458
Warm B,530124,3272,3271,3769,2284,0,0.012663979
Warm B,525181,3242,3241,3769,2284,1,0.0061078416
Warm B,506970,3118,3117,3769,2284,0,0.0112167625
Warm B,494636,3032,3031,3769,2284,1,0.017105747
Warm B,491055,3018,3017,3769,2284,1,0.015822241
Warm B,481445,2959,2958,3769,2284,1,0.003792232
Warm B,479677,2943,2942,3769,2284,1,0.00475732
Warm B,474250,2909,2908,3769,2284,1,0.010660469
Warm B,463708,2857,2856,3769,2284,0,0.017179547
Warm B,448187,2761,2760,3769,2284,0,0.012457651
Warm B,445293,2746,2745,3769,2284,1,0.0033169999
Warm B,434709,2651,2650,3769,2284,0,0.0068492806
Warm B,432960,2638,2637,3769,2284,0,0.014036711
Warm B,420599,2541,2540,3769,2284,0,0.0073244
Warm B,425855,2583,2582,3769,2284,1,0.0017911396
Warm B,436804,2665,2664,3769,2284,1,0.036080644
Warm B,403872,2412,2411,3769,2284,0,0.0026269045
Warm B,414829,2496,2495,3769,2284,0,0.0053973747
Warm B,392630,2304,2303,3769,2284,1,0.011373527
Warm B,387652,2265,2264,3769,2284,1,0.008583128
Warm B,377530,2203,2202,3769,2284,0,0.018554814
Warm B,370156,2164,2163,3769,2284,0,0.014159237
Warm B,365066,2124,2123,3769,2284,1,0.013352656
Warm B,343841,2018,2017,3769,2284,1,0.0007010682
Warm B,380993,2225,2224,3769,2284,0,0.014930147
Warm B,337306,1983,1982,3769,2284,1,0.0097641675
Warm B,294028,1748,1747,3769,2284,0,0.013486357
Warm B,292642,1741,1740,3769,2284,0,0.011704592
Warm B,332412,1961,1960,3769,2284,0,-0.0039085546
Warm B,312555,1861,1860,3769,2284,0,0.008348424
Warm B,248198,1497,1496,3769,2284,0,0.0031707638
Warm B,244934,1474,1473,3769,2284,1,0.007451116
Warm B,244803,1473,1472,3769,2284,0,0.012347104
Warm B,283353,1696,1695,3769,2284,1,0.0099276705
Warm B,243093,1465,1464,3769,2284,0,0.014280366
Warm B,324113,1920,1919,3769,2284,0,0.00908424
Warm B,229480,1389,1388,3769,2284,1,0.014414397
Warm B,209047,1274,1273,3769,2284,0,0.02207961
Warm B,220515,1335,1334,3769,2284,0,0.0019903053
Warm B,199155,1223,1222,3769,2284,0,0.007765355
Warm B,280159,1680,1679,3769,2284,0,0.0115078315
Warm B,198010,1216,1215,3769,2284,1,0.0047160415
Warm B,197102,1209,1208,3769,2284,0,0.011461646
Warm B,174417,1101,1100,3769,2284,1,0.022835908
Warm B,328898,1941,1940,3769,2284,0,0.013469677
Warm B,215190,1303,1302,3769,2284,0,0.015759489
Warm B,275801,1667,1666,3769,2284,0,0.021692583
Warm B,347575,2038,2037,3769,2284,1,0.0018537419
Warm B,714286,4277,4276,3769,2284,1,0.012936408
Warm B,315712,1880,1879,3769,2284,1,0.0072575123
Warm B,147590,949,948,3769,2284,0,0.0065649967
Warm B,240677,1449,1448,3769,2284,0,0.021134034
Warm B,97277,651,650,3769,2284,0,0.009847029
Warm B,95124,637,636,3769,2284,1,0.007573244
Warm B,480369,2946,2945,3769,2284,0,0.0063325632
Warm B,82016,543,542,3769,2284,1,0.013926384
Warm B,81102,539,538,3769,2284,1,0.008299194
Warm B,234455,1422,1421,3769,2284,0,-0.0011759801
Warm B,204828,1260,1259,3769,2284,1,0.015990391
Warm B,71647,481,480,3769,2284,1,0.010388061
Warm B,57799,391,390,3769,2284,1,0.0071299667
Warm B,211508,1285,1284,3769,2284,1,0.015179523
Warm B,50927,335,334,3769,2284,1,0.008241187
Warm B,198300,1218,1217,3769,2284,0,0.006142966
Warm B,37606,256,255,3769,2284,0,0.002292689
Warm B,36785,245,244,3769,2284,0,0.012579331
Warm B,99157,660,659,3769,2284,1,0.006618014
Warm B,30883,205,204,3769,2284,0,0.012768494
Warm B,947821,5722,5721,3769,2284,1,0.011587566
Warm B,19665,148,147,3769,2284,0,0.0036453898
Warm B,5904,42,41,3769,2284,0,0.0015279022
Warm B,4040,29,28,3769,2284,0,0.00863452
Warm B,357796,2092,2091,3769,2284,0,0.016353669
Warm B,482116,2962,2961,3769,2284,0,0.0044024927
Warm B,202226,1243,1242,3769,2284,0,0.003305388
Warm B,903084,5458,5457,3769,2284,1,0.02439258
Warm B,287924,1717,1716,3769,2284,0,0.016571444
Warm B,996777,6016,6015,3769,2284,0,0.013587666
Warm B,934080,5636,5635,3769,2284,0,0.004859605
Warm B,137041,881,880,3769,2284,0,0.01245413
Warm B,63540,424,423,3769,2284,1,0.0077190287
Warm B,421339,2544,2543,3769,2284,1,0.009247892
Warm B,649252,3912,3911,3771,2286,1,0.009369489
Warm B,648161,3902,3901,3771,2286,1,0.009903319
Warm B,630950,3816,3815,3771,2286,1,0.024981007
Warm B,623633,3771,3770,3771,2286,0,0.010773119
Warm B,619670,3754,3753,3771,2286,0,0.015782394
Warm B,616434,3730,3729,3771,2286,0,0.0040861676
Warm B,604648,3675,3674,3771,2286,0,0.016958235
Warm B,603212,3670,3669,3771,2286,0,-0.0010983418
Warm B,595970,3624,3623,3771,2286,1,0.010885985
Warm B,594632,3619,3618,3771,2286,1,0.0057304157
Warm B,588243,3589,3588,3771,2286,0,0.020146126
Warm B,585942,3576,3575,3771,2286,0,0.009964688
Warm B,585372,3574,3573,3771,2286,0,0.0024889628
Warm B,581830,3555,3554,3771,2286,0,0.012259038
Warm B,562311,3461,3460,3771,2286,1,0.0051021823
Warm B,553558,3408,3407,3771,2286,1,0.007291219
Warm B,967643,5831,5830,3771,2286,0,0.016051063
Warm B,548490,3385,3384,3771,2286,0,0.0054457053
Warm B,541161,3328,3327,3771,2286,1,0.0027188915
Warm B,538755,3313,3312,3771,2286,1,0.014003864
Warm B,532824,3290,3289,3771,2286,0,0.0029344156
Warm B,518981,3201,3200,3771,2286,1,0.009732142
Warm B,514188,3173,3172,3771,2286,1,0.0019704048
Warm B,501969,3081,3080,3771,2286,0,0.014632635
Warm B,494649,3032,3031,3771,2286,1,0.0116275195
Warm B,491065,3018,3017,3771,2286,1,0.013797336
Warm B,530135,3272,3271,3771,2286,1,0.014459312
Warm B,479679,2943,2942,3771,2286,0,0.0053003565
Warm B,469453,2890,2889,3771,2286,0,0.017306646
Warm B,463716,2857,2856,3771,2286,0,0.01903348
Warm B,442125,2719,2718,3771,2286,1,0.0027683226
Warm B,432969,2638,2637,3771,2286,0,0.001504902
Warm B,833118,5008,5007,3771,2286,1,0.006011784
Warm B,602571,3665,3664,3771,2286,1,0.016748182
Warm B,424604,2575,2574,3771,2286,1,0.0071966583
Warm B,418230,2526,2525,3771,2286,0,0.0114607625
Warm B,407091,2445,2444,3771,2286,0,0.012040447
Warm B,419105,2529,2528,3771,2286,0,0.016553424
Warm B,377538,2203,2202,3771,2286,1,0.010773554
Warm B,367702,2146,2145,3771,2286,0,0.013490353
Warm B,368980,2156,2155,3771,2286,0,0.011820182
Warm B,356616,2088,2087,3771,2286,1,0.008932482
Warm B,341905,2012,2011,3771,2286,0,0.0032851142
Warm B,327294,1939,1938,3771,2286,0,0.015301833
Warm B,289597,1727,1726,3771,2286,1,0.014827485
Warm B,283043,1695,1694,3771,2286,0,0.017260503
Warm B,292651,1741,1740,3771,2286,1,0.009606585
Warm B,280184,1680,1679,3771,2286,1,0.005517843
Warm B,345571,2026,2025,3771,2286,0,0.0068381773
Warm B,343274,2016,2015,3771,2286,0,0.006750064
Warm B,254208,1545,1544,3771,2286,0,0.016073428
Warm B,244807,1473,1472,3771,2286,0,0.0039425497
Warm B,243103,1465,1464,3771,2286,0,0.007960151
Warm B,224915,1359,1358,3771,2286,0,0.0007046523
Warm B,318235,1890,1889,3771,2286,0,0.0146902045
Warm B,198014,1216,1215,3771,2286,1,0.013567304
Warm B,197692,1214,1213,3771,2286,0,0.0026213075
Warm B,177753,1119,1118,3771,2286,1,0.007564073
Warm B,249096,1501,1500,3771,2286,0,0.010815706
Warm B,328917,1941,1940,3771,2286,0,0.013276694
Warm B,165394,1053,1052,3771,2286,0,0.014444564
Warm B,168936,1071,1070,3771,2286,1,0.013462262
Warm B,159520,1017,1016,3771,2286,1,0.008034961
Warm B,342935,2015,2014,3771,2286,1,0.0037679551
Warm B,156121,1004,1003,3771,2286,1,0.0041498845
Warm B,271193,1639,1638,3771,2286,0,0.0020144104
Warm B,436816,2665,2664,3771,2286,0,0.021683762
Warm B,134720,869,868,3771,2286,1,0.008406457
Warm B,315726,1880,1879,3771,2286,1,0.016927086
Warm B,112102,729,728,3771,2286,0,0.012160441
Warm B,191648,1181,1180,3771,2286,0,0.012089137
Warm B,234463,1422,1421,3771,2286,0,0.012253076
Warm B,84654,550,549,3771,2286,0,0.010198645
Warm B,71209,477,476,3771,2286,0,0.011452582
Warm B,70989,476,475,3771,2286,1,0.009573045
Warm B,51839,340,339,3771,2286,0,0.011061613
Warm B,241578,1451,1450,3771,2286,1,0.003904607
Warm B,36806,245,244,3771,2286,0,0.02301939
Warm B,627191,3792,3791,3771,2286,0,0.013484484
Warm B,61912,415,414,3771,2286,1,0.0020234454
Warm B,61000,411,410,3771,2286,0,0.0077391346
Warm B,273398,1647,1646,3771,2286,0,0.0127764605
Warm B,102766,678,677,3771,2286,1,0.011889089
Warm B,171072,1087,1086,3771,2286,0,0.0024807984
Warm B,633760,3824,3823,3771,2286,1,0.00902192
Warm B,905593,5475,5474,3771,2286,1,0.013505539
Warm B,6128,44,43,3771,2286,0,0.006134481
Warm B,137051,881,880,3771,2286,0,0.010418156
Warm B,959145,5787,5786,3771,2286,0,0.019655783
Warm B,421353,2544,2543,3771,2286,1,0.023352545
Warm B,719080,4305,4304,3771,2286,1,0.01251605
Warm B,673041,4041,4040,3773,2287,0,0.0073395544
Warm B,671590,4033,4032,3773,2287,0,0.009051945
Warm B,668849,4021,4020,3773,2287,1,0.009995205
Warm B,667024,4014,4013,3773,2287,1,0.006801458
Warm B,738896,4414,4413,3773,2287,1,0.01261117
Warm B,664893,4001,4000,3773,2287,0,0.00095837144
Warm B,661093,3985,3984,3773,2287,0,0.009142105
Warm B,688472,4117,4116,3773,2287,0,-0.0017763632
Warm B,658973,3970,3969,3773,2287,1,0.0042422162
Warm B,658116,3965,3964,3773,2287,1,0.004027593
Warm B,652162,3931,3930,3773,2287,0,0.0053528547
Warm B,649124,3910,3909,3773,2287,0,0.00053765706
Warm B,646904,3892,3891,3773,2287,0,0.005057897
Warm B,643969,3879,3878,3773,2287,1,-0.00084123027
Warm B,643911,3878,3877,3773,2287,0,0.0021544292
Warm B,639656,3844,3843,3773,2287,1,0.00021398324
Warm B,989418,5972,5971,3773,2287,1,0.010083339
Warm B,630522,3814,3813,3773,2287,1,-0.0012296534
Warm B,627674,3798,3797,3773,2287,0,0.005769835
Warm B,625278,3778,3777,3773,2287,0,0.00644691
Warm B,617867,3742,3741,3773,2287,0,-0.0023345381
Warm B,640752,3850,3849,3773,2287,0,0.00025109714
Warm B,612024,3709,3708,3773,2287,0,2.8289389e-05
Warm B,609441,3693,3692,3773,2287,0,0.0024915356
Warm B,636585,3834,3833,3773,2287,1,0.013148429
Warm B,601462,3656,3655,3773,2287,0,0.0072183926
Warm B,606823,3683,3682,3773,2287,0,0.0037228595
Warm B,594633,3619,3618,3773,2287,0,0.005445452
Warm B,597024,3626,3625,3773,2287,0,0.008224838
Warm B,585374,3574,3573,3773,2287,1,0.004001572
Warm B,584289,3565,3564,3773,2287,1,0.013558905
Warm B,583775,3562,3561,3773,2287,1,0.007512861
Warm B,582327,3557,3556,3773,2287,0,0.00041837175
Warm B,617223,3735,3734,3773,2287,1,0.0054542124
Warm B,579876,3539,3538,3773,2287,1,0.005018876
Warm B,573744,3512,3511,3773,2287,0,0.0033903467
Warm B,569852,3494,3493,3773,2287,0,0.00484627
Warm B,572608,3507,3506,3773,2287,0,0.014341727
Warm B,560271,3442,3441,3773,2287,0,0.008807526
Warm B,559736,3439,3438,3773,2287,0,0.005207675
Warm B,575671,3519,3518,3773,2287,0,0.0056683132
Warm B,550753,3391,3390,3773,2287,0,0.008213165
Warm B,537613,3311,3310,3773,2287,0,0.0048417347
Warm B,534073,3296,3295,3773,2287,0,0.0033679027
Warm B,530566,3277,3276,3773,2287,0,0.0032139681
Warm B,584921,3569,3568,3773,2287,0,0.01038221
Warm B,516726,3189,3188,3773,2287,0,0.0060522826
Warm B,515808,3182,3181,3773,2287,0,0.0063977996
Warm B,505894,3111,3110,3773,2287,0,-0.0013839221
Warm B,501575,3080,3079,3773,2287,0,0.00088569836
Warm B,494652,3032,3031,3773,2287,1,0.0027792181
Warm B,451300,2777,2776,3773,2287,0,0.0034384818
Warm B,404814,2419,2418,3773,2287,0,0.0034013286
Warm B,399638,2378,2377,3773,2287,1,0.010925898
Warm B,395307,2334,2333,3773,2287,0,0.0037617688
Warm B,394031,2321,2320,3773,2287,0,0.010084048
Warm B,356105,2085,2084,3773,2287,0,0.013267494
Warm B,352518,2063,2062,3773,2287,0,0.015207457
Warm B,345238,2024,2023,3773,2287,0,-0.003410983
Warm B,341906,2012,2011,3773,2287,0,0.00032190606
Warm B,315731,1880,1879,3773,2287,0,0.0025293645
Warm B,297821,1764,1763,3773,2287,1,-0.00091944134
Warm B,274599,1658,1657,3773,2287,0,0.0029634382
Warm B,436821,2665,2664,3773,2287,1,0.0033602286
Warm B,240845,1450,1449,3773,2287,0,-0.0042872
Warm B,224401,1356,1355,3773,2287,0,0.0025521587
Warm B,289600,1727,1726,3773,2287,1,0.0051936535
Warm B,296939,1759,1758,3773,2287,1,0.008772751
Warm B,207628,1268,1267,3773,2287,0,0.007542858
Warm B,280190,1680,1679,3773,2287,0,0.0072515947
Warm B,183689,1142,1141,3773,2287,0,0.0040405327
Warm B,185952,1150,1149,3773,2287,0,0.010155865
Warm B,182586,1139,1138,3773,2287,0,0.006072928
Warm B,173909,1100,1099,3773,2287,0,0.012102883
Warm B,168151,1068,1067,3773,2287,0,0.00093591976
Warm B,272455,1645,1644,3773,2287,0,0.0037394932
Warm B,143770,927,926,3773,2287,0,0.004567405
Warm B,143210,923,922,3773,2287,1,-0.007067954
Warm B,157375,1010,1009,3773,2287,0,0.007297801
Warm B,137053,881,880,3773,2287,0,-0.0037166418
Warm B,201865,1242,1241,3773,2287,0,0.015107753
Warm B,332937,1962,1961,3773,2287,0,0.0032341497
Warm B,121641,781,780,3773,2287,0,0.004087444
Warm B,299900,1778,1777,3773,2287,0,-0.0008208606
Warm B,107006,702,701,3773,2287,1,0.009174351
Warm B,631929,3821,3820,3773,2287,0,0.0027103084
Warm B,191652,1181,1180,3773,2287,1,0.0034006643
Warm B,119642,770,769,3773,2287,0,0.009878589
Warm B,70990,476,475,3773,2287,1,0.0025068026
Warm B,69587,466,465,3773,2287,1,0.008704449
Warm B,56526,377,376,3773,2287,1,0.009515243
Warm B,54143,352,351,3773,2287,0,0.006249503
Warm B,132788,855,854,3773,2287,0,0.0023169199
Warm B,221754,1340,1339,3773,2287,1,0.002866617
Warm B,54674,355,354,3773,2287,0,-0.00089583825
Warm B,1686,15,14,3773,2287,0,0.0033405847
Warm B,78756,528,527,3773,2287,0,0.007383927
Warm B,355276,2077,2076,3773,2287,0,0.005944952
Warm B,710040,4258,4257,3773,2287,1,0.006617157
Warm B,954387,5761,5760,3773,2287,1,0.009796219
Warm B,318032,1889,1888,3773,2287,1,0.0042003137
Warm B,750750,4478,4477,3773,2287,0,0.00073958514
Warm B,263801,1605,1604,3773,2287,1,0.0111543415
Warm B,475699,2918,2917,3773,2287,1,0.009507953
Warm B,476523,2926,2925,3773,2287,1,0.0056187105
Warm B,63559,424,423,3773,2287,0,0.006943594
Warm B,273401,1647,1646,3773,2287,1,0.004988275
Warm B,342939,2015,2014,3773,2287,0,0.007993616
Warm B,193975,1194,1193,3773,2287,0,0.016175501
Warm B,564849,3471,3470,3773,2287,0,1.6567763e-05
Warm B,934086,5636,5635,3773,2287,0,0.0032810897
Warm B,710041,4258,4257,3774,2288,0,0.0072348723
Warm B,352520,2063,2062,3774,2288,0,0.006885015
Warm B,342940,2015,2014,3774,2288,0,0.0065213684
Warm B,273403,1647,1646,3774,2288,0,0.0066994447
Warm B,344358,2020,2019,3784,2290,0,0.013918761
Warm B,336553,1980,1979,3784,2290,0,0.009954501
Warm B,330609,1951,1950,3784,2290,0,0.009144134
Warm B,256997,1573,1572,3784,2290,1,0.0070381425
Warm B,253835,1543,1542,3784,2290,1,0.0041315467
Warm B,264807,1609,1608,3784,2290,0,0.009275561
Warm B,222521,1346,1345,3784,2290,1,0.00021013821
Warm B,296942,1759,1758,3784,2290,0,0.0017173667
Warm B,249117,1501,1500,3784,2290,1,0.012014002
Warm B,326585,1935,1934,3784,2290,0,-0.0013093296
Warm B,227756,1380,1379,3784,2290,0,0.0059666573
Warm B,164997,1051,1050,3784,2290,1,0.015551215
Warm B,148924,957,956,3784,2290,1,0.00065124396
Warm B,141781,911,910,3784,2290,1,0.020526437
Warm B,141259,910,909,3784,2290,1,0.0076890634
Warm B,137558,888,887,3784,2290,1,0.0045243506
Warm B,128099,828,827,3784,2290,1,0.003531328
Warm B,110226,718,717,3784,2290,1,0.012026673
Warm B,101075,673,672,3784,2290,0,-0.0019130297
Warm B,179910,1125,1124,3784,2290,1,0.005263444
Warm B,89677,590,589,3784,2290,1,0.0020024395
Warm B,228680,1383,1382,3784,2290,0,0.0002677911
Warm B,39677,268,267,3784,2290,1,0.011127346
Warm B,255706,1556,1555,3784,2290,1,0.011639962
Warm B,30739,204,203,3784,2290,0,0.011848046
Warm B,45474,306,305,3784,2290,1,0.014314379
Warm B,314454,1877,1876,3784,2290,0,-0.010517973
Warm B,866134,5222,5221,3784,2290,0,0.0060345125
Warm B,9013,61,60,3784,2290,0,0.002169359
Warm B,408837,2454,2453,3784,2290,1,0.0043252036
Warm B,877577,5302,5301,3784,2290,1,0.00044877932
Warm B,217477,1317,1316,3784,2290,0,0.010013228
Warm B,158857,1015,1014,3784,2290,0,0.02164928
Warm B,49772,329,328,3784,2290,1,0.0021564546
Warm B,40143,271,270,3784,2290,1,0.0037199687
Warm B,469606,2892,2891,3784,2290,1,0.006602977
Warm B,150877,970,969,3784,2290,0,0.020828903
Warm B,846845,5087,5086,3784,2290,0,-0.0021929615
Warm B,761298,4522,4521,3784,2290,0,0.0076384638
Warm B,271203,1639,1638,3784,2290,0,0.0045786262
Warm B,154131,993,992,3784,2290,1,-0.0008234659
Warm B,881162,5322,5321,3784,2290,1,-7.689267e-05
Warm B,371192,2168,2167,3784,2290,0,0.013168742
Warm B,12897,99,98,3784,2290,0,-0.008220418
Warm B,363551,2116,2115,3784,2290,1,0.017186774
Warm B,47811,319,318,3784,2290,0,0.0035034094
Warm B,365957,2129,2128,3784,2290,0,0.011101487
Warm B,79856,531,530,3784,2290,0,0.008858333
Warm B,338782,1995,1994,3784,2290,1,0.0074465815
Warm B,111153,721,720,3784,2290,0,0.006133117
Warm B,232077,1407,1406,3784,2290,0,-0.0054924977
Warm B,167160,1063,1062,3784,2290,1,-0.0070124827
Warm B,285614,1701,1700,3784,2290,1,0.009592481
Warm B,59283,402,401,3784,2290,0,0.0058561717
Warm B,214487,1301,1300,3784,2290,0,0.0042781085
Warm B,183428,1141,1140,3784,2290,0,0.0006391201
Warm B,804584,4816,4815,3784,2290,1,0.010804742
Warm B,274146,1655,1654,3784,2290,0,0.004851966
Warm B,842574,5063,5062,3784,2290,1,-0.0005650134
Warm B,567819,3483,3482,3784,2290,1,0.015708068
Warm B,106429,699,698,3784,2290,0,0.009099295
Warm B,207256,1266,1265,3784,2290,0,0.0059641856
Warm B,241593,1451,1450,3784,2290,0,0.0015406361
Warm B,883571,5333,5332,3784,2290,1,0.0114768995
Warm B,265389,1611,1610,3784,2290,1,0.01488665
Warm B,198528,1219,1218,3784,2290,0,0.010575146
Warm B,16196,127,126,3784,2290,1,0.0026044096
Warm B,928087,5605,5604,3784,2290,0,0.009496976
Warm B,427400,2594,2593,3784,2290,0,0.008171494
Warm B,690046,4126,4125,3784,2290,0,0.006789366
Warm B,145172,934,933,3784,2290,1,0.0069973804
Warm B,20998,151,150,3784,2290,0,0.0056653437
Warm B,361235,2106,2105,3784,2290,0,0.0074748383
Warm B,491078,3018,3017,3784,2290,1,0.017736962
Warm B,309872,1842,1841,3784,2290,1,0.00660221
Warm B,355289,2077,2076,3784,2290,1,0.001644861
Warm B,547697,3378,3377,3784,2290,0,0.00241689
Warm B,51606,338,337,3784,2290,0,0.008037938
Warm B,306298,1824,1823,3784,2290,1,0.0009090963
Warm B,234482,1422,1421,3784,2290,0,0.011661213
Warm B,352541,2063,2062,3784,2290,1,0.01676673
Warm B,258068,1579,1578,3784,2290,1,0.016399946
Warm B,102788,678,677,3784,2290,1,-0.003182714
Warm B,300676,1780,1779,3784,2290,0,0.01516782
Warm B,991841,5991,5990,3784,2290,1,0.009703425
Warm B,541570,3332,3331,3784,2290,1,0.006133477
Warm B,495406,3041,3040,3784,2290,0,0.006837491
Warm B,599582,3648,3647,3784,2290,0,0.012519511
Warm B,557406,3423,3422,3784,2290,1,0.008896761
Warm B,206532,1265,1264,3784,2290,0,0.0021820506
Warm B,407856,2451,2450,3784,2290,0,0.008599977
Warm B,313071,1865,1864,3784,2290,0,0.011112197
Warm B,332050,1958,1957,3784,2290,0,0.017617978
Warm B,61026,411,410,3784,2290,0,0.0062510627
Warm B,714318,4277,4276,3784,2290,1,0.015361834
Warm B,118790,767,766,3784,2290,1,0.0034651514
Warm B,172249,1088,1087,3784,2290,1,0.0060235937
Warm B,188026,1165,1164,3784,2290,0,0.011231736
Warm B,936776,5650,5649,3784,2290,1,0.00791731
Warm B,794268,4748,4747,3784,2290,0,0.007977797
Warm B,493126,3029,3028,3784,2290,0,0.02618692
Warm B,941871,5682,5681,3784,2290,0,0.0054427427
Warm B,803826,4813,4812,3784,2290,1,0.0035738861
Warm B,331045,1954,1953,3784,2290,1,0.0045736674
Warm B,937449,5654,5653,3784,2290,0,0.005216566
Warm B,264449,1608,1607,3786,2292,0,0.008125905
Warm B,258225,1583,1582,3786,2292,1,0.0017195344
Warm B,254742,1548,1547,3786,2292,1,-0.0025363408
Warm B,242291,1462,1461,3786,2292,1,0.006161622
Warm B,240731,1449,1448,3786,2292,0,0.012393437
Warm B,232436,1411,1410,3786,2292,0,0.010149159
Warm B,232078,1407,1406,3786,2292,1,0.011430772
Warm B,231831,1404,1403,3786,2292,0,0.013871286
Warm B,583786,3562,3561,3786,2292,1,0.016777055
Warm B,227504,1379,1378,3786,2292,0,0.005096077
Warm B,223897,1354,1353,3786,2292,0,0.0032779383
Warm B,242203,1460,1459,3786,2292,0,0.0060861274
Warm B,305243,1812,1811,3786,2292,1,0.013048472
Warm B,214193,1300,1299,3786,2292,1,0.005498214
Warm B,204158,1255,1254,3786,2292,0,-0.00094163837
Warm B,244309,1470,1469,3786,2292,1,0.016313283
Warm B,359772,2103,2102,3786,2292,1,0.009814622
Warm B,189563,1173,1172,3786,2292,0,0.00059114234
Warm B,251016,1515,1514,3786,2292,1,0.0073629767
Warm B,184536,1147,1146,3786,2292,0,0.02427088
Warm B,184204,1146,1145,3786,2292,0,0.005860367
Warm B,177344,1117,1116,3786,2292,1,0.012346981
Warm B,172254,1088,1087,3786,2292,1,0.002483644
Warm B,188355,1168,1167,3786,2292,0,0.012776205
Warm B,155552,1001,1000,3786,2292,1,-0.001801528
Warm B,148927,957,956,3786,2292,0,0.008644688
Warm B,146195,939,938,3786,2292,0,0.00748349
Warm B,225370,1362,1361,3786,2292,0,0.0026847555
Warm B,363555,2116,2115,3786,2292,1,0.00558139
Warm B,139068,889,888,3786,2292,0,0.022951504
Warm B,135216,875,874,3786,2292,1,-6.430154e-05
Warm B,407857,2451,2450,3786,2292,0,0.007138358
Warm B,129055,838,837,3786,2292,1,0.00065364386
Warm B,131443,850,849,3786,2292,1,0.011385785
Warm B,182318,1137,1136,3786,2292,1,0.011778271
Warm B,124105,799,798,3786,2292,0,0.0023888452
Warm B,122853,792,791,3786,2292,1,-0.0014699874
Warm B,114326,743,742,3786,2292,1,0.0043502795
Warm B,112800,731,730,3786,2292,1,0.01504839
Warm B,779166,4653,4652,3786,2292,0,0.0036750287
Warm B,101078,673,672,3786,2292,0,-0.0020097701
Warm B,96708,648,647,3786,2292,0,0.011389773
Warm B,452191,2784,2783,3786,2292,0,0.005858736
Warm B,90865,601,600,3786,2292,1,0.016470343
Warm B,89678,590,589,3786,2292,0,0.0061485018
Warm B,88610,585,584,3786,2292,1,0.0016624802
Warm B,74097,504,503,3786,2292,1,0.0017409337
Warm B,57719,390,389,3786,2292,1,0.008181636
Warm B,55075,363,362,3786,2292,0,-0.0061623035
Warm B,784659,4682,4681,3786,2292,1,0.01925195
Warm B,46663,313,312,3786,2292,1,-0.0019283001
Warm B,37200,252,251,3786,2292,1,0.0074058324
Warm B,34222,230,229,3786,2292,1,0.0020624874
Warm B,33747,225,224,3786,2292,0,0.009851348
Warm B,31602,214,213,3786,2292,1,0.0024318262
Warm B,766405,4562,4561,3786,2292,0,0.012680271
Warm B,27731,194,193,3786,2292,0,0.009077979
Warm B,947828,5722,5721,3786,2292,0,0.020995682
Warm B,397953,2362,2361,3786,2292,0,0.003797928
Warm B,314455,1877,1876,3786,2292,0,0.009626569
Warm B,8258,57,56,3786,2292,1,-0.0027566596
Warm B,7259,50,49,3786,2292,0,0.0022266563
Warm B,4261,32,31,3786,2292,1,0.0079630995
Warm B,211721,1287,1286,3786,2292,1,0.0017335797
Warm B,446,5,4,3786,2292,0,0.0009507844
Warm B,230703,1395,1394,3786,2292,1,0.018321998
Warm B,3145,23,22,3786,2292,1,0.016103294
Warm B,141783,911,910,3786,2292,1,0.019092433
Warm B,271204,1639,1638,3786,2292,0,0.0057682954
Warm B,54684,355,354,3786,2292,0,0.006415279
Warm B,575686,3519,3518,3786,2292,0,0.015529587
Warm B,575019,3518,3517,3786,2292,0,0.018164475
Warm B,202247,1243,1242,3786,2292,0,0.0033521517
Warm B,635354,3829,3828,3786,2292,0,0.0030557653
Warm B,161477,1029,1028,3786,2292,0,0.000997676
Warm B,501040,3079,3078,3786,2292,1,0.009485597
Warm B,761299,4522,4521,3786,2292,0,0.0004952806
Warm B,65672,438,437,3786,2292,1,0.00082894333
Warm B,238450,1447,1446,3786,2292,0,0.013017815
Warm B,289722,1729,1728,3786,2292,0,0.006843599
Warm B,635722,3832,3831,3786,2292,1,0.0042492147
Warm B,750754,4478,4477,3786,2292,1,0.0093079945
Warm B,734835,4387,4386,3786,2292,1,0.011093475
Warm B,252001,1524,1523,3786,2292,0,0.0071624527
Warm B,986853,5956,5955,3786,2292,0,0.013966286
Warm B,538296,3312,3311,3786,2292,1,0.01715484
Warm B,361240,2106,2105,3786,2292,0,0.019501591
Warm B,631949,3821,3820,3786,2292,0,0.002195868
Warm B,907909,5492,5491,3786,2292,0,0.013681376
Warm B,454805,2796,2795,3786,2292,0,0.0073780613
Warm B,336557,1980,1979,3786,2292,1,0.006336525
Warm B,352545,2063,2062,3786,2292,1,0.013745779
Warm B,921174,5565,5564,3786,2292,0,0.008191974
Warm B,72477,482,481,3786,2292,0,0.014487266
Warm B,983168,5938,5937,3786,2292,1,0.0016183729
Warm B,165000,1051,1050,3786,2292,0,0.016091067
Warm B,215792,1306,1305,3786,2292,1,0.009003051
Warm B,490471,3017,3016,3786,2292,0,0.0014544611
Warm B,764744,4543,4542,3786,2292,0,0.010302197
Warm B,719742,4310,4309,3786,2292,1,0.006356911
Warm B,187112,1160,1159,3786,2292,0,0.0027643212
Warm B,512266,3159,3158,3786,2292,0,-0.006293179
Warm B,501590,3080,3079,3786,2292,1,0.013293774
Warm B,199940,1227,1226,3786,2292,0,0.010529597
Warm B,145997,937,936,3786,2292,1,-0.00591085
Warm B,206535,1265,1264,3786,2292,0,0.011901508
Warm B,157398,1010,1009,3786,2292,0,0.0050801984
Warm B,618487,3746,3745,3786,2292,0,0.01657582
Warm B,13374,104,103,3786,2292,0,0.004552364
Warm B,231270,1399,1398,3786,2292,1,-0.0005567223
Warm B,682887,4085,4084,3786,2292,0,0.0015020575
Warm B,523132,3224,3223,3786,2292,0,0.00572554
Warm B,554332,3410,3409,3786,2292,0,0.017131055
Warm B,235386,1425,1424,3786,2292,0,0.009853935
Warm B,535206,3301,3300,3786,2292,0,0.009339048
Warm B,575975,3520,3519,3786,2292,0,0.0056463513
Warm B,116746,752,751,3786,2292,0,0.013954509
Warm B,877578,5302,5301,3786,2292,0,0.0013902322
Warm B,193987,1194,1193,3786,2292,0,0.007328655
Warm B,13213,102,101,3786,2292,0,0.00824116
Warm B,34042,229,228,3786,2292,1,0.00091882795
Warm B,5364,36,35,3786,2292,1,0.0026973733
Warm B,382192,2232,2231,3786,2292,0,0.001796337
Warm B,825879,4958,4957,3786,2292,1,0.012544323
Warm B,934094,5636,5635,3787,2293,0,0.02196117
Warm B,256169,1561,1560,3787,2293,1,0.0038639696
Warm B,847329,5090,5089,3787,2293,1,0.0089636855
Warm B,610740,3705,3704,3789,2295,1,0.009294156
Warm B,607366,3687,3686,3789,2295,1,0.012197211
Warm B,602675,3668,3667,3789,2295,1,0.014568293
Warm B,597106,3629,3628,3789,2295,1,0.011562793
Warm B,869739,5255,5254,3789,2295,1,0.016996557
Warm B,595068,3621,3620,3789,2295,1,-0.003053286
Warm B,588926,3592,3591,3789,2295,1,0.009769075
Warm B,586881,3585,3584,3789,2295,1,0.0037703107
Warm B,585058,3572,3571,3789,2295,1,0.005154322
Warm B,580325,3546,3545,3789,2295,1,0.009373199
Warm B,580164,3543,3542,3789,2295,1,0.010831643
Warm B,577822,3529,3528,3789,2295,1,0.0029600295
Warm B,593192,3618,3617,3789,2295,0,0.007183266
Warm B,558348,3430,3429,3789,2295,1,0.01288332
Warm B,552784,3402,3401,3789,2295,1,0.005589078
Warm B,938992,5667,5666,3789,2295,1,0.017110746
Warm B,551086,3394,3393,3789,2295,1,0.003701909
Warm B,712579,4277,4276,3789,2295,1,0.01822771
Warm B,545920,3367,3366,3789,2295,1,0.006832213
Warm B,547741,3380,3379,3789,2295,1,0.002608936
Warm B,541167,3329,3328,3789,2295,1,0.0069083525
Warm B,539511,3319,3318,3789,2295,0,-0.0016781297
Warm B,532578,3289,3288,3789,2295,1,0.0023911162
Warm B,532849,3292,3291,3789,2295,1,0.020058557
Warm B,534536,3300,3299,3789,2295,1,0.0074076806
Warm B,526145,3253,3252,3789,2295,1,0.0066345055
Warm B,521625,3218,3217,3789,2295,1,-0.00167702
Warm B,516130,3186,3185,3789,2295,0,-0.0020489965
Warm B,520470,3210,3209,3789,2295,1,-0.0044673034
Warm B,504932,3108,3107,3789,2295,1,0.009670585
Warm B,479431,2942,2941,3789,2295,1,0.0053811204
Warm B,466502,2878,2877,3789,2295,1,0.008687326
Warm B,455510,2805,2804,3789,2295,1,0.013378969
Warm B,599637,3650,3649,3789,2295,1,0.009855028
Warm B,446608,2753,2752,3789,2295,1,0.016396381
Warm B,441405,2704,2703,3789,2295,1,0.00069489144
Warm B,440396,2693,2692,3789,2295,1,0.0014642384
Warm B,437848,2676,2675,3789,2295,1,0.008654389
Warm B,433426,2643,2642,3789,2295,0,0.014446023
Warm B,432006,2634,2633,3789,2295,1,-3.3104094e-05
Warm B,428420,2607,2606,3789,2295,0,0.0026468548
Warm B,425113,2581,2580,3789,2295,1,0.007030185
Warm B,420656,2544,2543,3789,2295,1,0.008490536
Warm B,417976,2526,2525,3789,2295,0,0.012262816
Warm B,401309,2393,2392,3789,2295,1,0.00027295877
Warm B,398155,2368,2367,3789,2295,1,0.008254933
Warm B,396568,2348,2347,3789,2295,0,0.0052560307
Warm B,388775,2279,2278,3789,2295,1,0.017070146
Warm B,386266,2259,2258,3789,2295,1,0.0046504345
Warm B,381439,2231,2230,3789,2295,0,0.017646613
Warm B,378590,2211,2210,3789,2295,0,0.006218342
Warm B,364034,2121,2120,3789,2295,1,0.008435623
Warm B,357106,2092,2091,3789,2295,0,0.018299203
Warm B,356194,2088,2087,3789,2295,1,0.0053341347
Warm B,353181,2069,2068,3789,2295,0,0.012408944
Warm B,343410,2018,2017,3789,2295,1,-0.0016025971
Warm B,318835,1896,1895,3789,2295,1,0.0047997534
Warm B,322976,1916,1915,3789,2295,1,0.015991027
Warm B,302410,1796,1795,3789,2295,1,0.010670863
Warm B,290688,1734,1733,3789,2295,1,0.009988266
Warm B,281939,1692,1691,3789,2295,1,0.01614672
Warm B,266866,1619,1618,3789,2295,1,0.00071231206
Warm B,237370,1446,1445,3789,2295,1,0.0068423757
Warm B,236643,1437,1436,3789,2295,1,0.014796916
Warm B,631225,3821,3820,3789,2295,0,0.02054587
Warm B,242516,1465,1464,3789,2295,1,0.021210587
Warm B,211722,1288,1287,3789,2295,0,0.0147571955
Warm B,307850,1836,1835,3789,2295,1,0.0063611823
Warm B,199161,1224,1223,3789,2295,1,0.02082091
Warm B,184205,1147,1146,3789,2295,0,-0.009234538
Warm B,180945,1131,1130,3789,2295,1,0.005152547
Warm B,169161,1074,1073,3789,2295,0,0.0056270375
Warm B,146721,948,947,3789,2295,1,0.010796366
Warm B,184686,1150,1149,3789,2295,1,0.0067386096
Warm B,137357,886,885,3789,2295,0,0.0053835297
Warm B,137560,889,888,3789,2295,0,0.008394742
Warm B,127887,825,824,3789,2295,0,0.0021272022
Warm B,94503,635,634,3789,2295,1,0.011255901
Warm B,152726,984,983,3789,2295,1,0.015026942
Warm B,339001,1998,1997,3789,2295,0,0.005398042
Warm B,48718,327,326,3789,2295,1,0.013842758
Warm B,66924,451,450,3789,2295,1,-0.0011953232
Warm B,48339,326,325,3789,2295,0,0.010257208
Warm B,45476,307,306,3789,2295,1,0.011168363
Warm B,35160,238,237,3789,2295,1,0.0056088623
Warm B,269568,1635,1634,3789,2295,1,0.009536047
Warm B,947462,5722,5721,3789,2295,1,-0.00049608113
Warm B,9015,62,61,3789,2295,1,0.00601661
Warm B,316473,1884,1883,3789,2295,1,0.011236751
Warm B,24081,173,172,3789,2295,0,0.005363237
Warm B,47098,319,318,3789,2295,1,0.005993479
Warm B,485915,2991,2990,3789,2295,0,0.005883049
Warm B,254561,1547,1546,3789,2295,1,0.00400215
Warm B,657312,3963,3962,3789,2295,1,0.01675113
Warm B,993776,6002,6001,3789,2295,1,0.0071032085
Warm B,321924,1912,1911,3789,2295,0,0.011934923
Warm B,217821,1322,1321,3792,2297,1,0.011388551
Warm B,197647,1214,1213,3792,2297,1,-0.0026184358
Warm B,159671,1019,1018,3792,2297,0,0.0163197
Warm B,162105,1034,1033,3792,2297,1,0.0024566045
Warm B,134936,873,872,3792,2297,1,0.00082789955
Warm B,190186,1181,1180,3792,2297,0,0.009762212
Warm B,68471,461,460,3792,2297,0,0.011455936
Warm B,15281,123,122,3792,2297,0,0.014902691
Warm B,591614,3610,3609,3792,2297,0,0.0054792883
Warm B,101804,678,677,3792,2297,0,0.011590853
Warm B,499027,3067,3066,3792,2297,1,0.0030397316
Warm B,840938,5054,5053,3792,2297,0,0.004302878
Warm B,805576,4823,4822,3794,2299,1,0.014287376
Warm B,648636,3908,3907,3794,2299,0,0.009415347
Warm B,634539,3829,3828,3794,2299,1,0.019484632
Warm B,531879,3285,3284,3794,2299,0,0.009676914
Warm B,181760,1137,1136,3794,2299,0,0.009154689
Warm B,743077,4445,4444,3794,2299,0,0.005345963
Warm B,343897,2020,2019,3794,2299,0,0.012231534
Warm B,129065,839,838,3794,2299,0,0.014749629
Warm B,631233,3821,3820,3794,2299,0,0.01461866
Warm B,761112,4522,4521,3794,2299,1,0.014941586
Warm B,843741,5074,5073,3794,2299,1,0.004559578
Warm B,258233,1584,1583,3794,2299,0,0.00066586456
Warm B,203624,1252,1251,3794,2299,1,0.015361864
Warm B,289667,1729,1728,3794,2299,0,0.0009204333
Warm B,127172,822,821,3794,2299,1,0.0043608015
Warm B,19723,149,148,3794,2299,0,0.014658751
Warm B,867206,5233,5232,3794,2299,0,0.000967521
Warm B,370836,2168,2167,3794,2299,1,0.009990994
Warm B,898424,5433,5432,3794,2299,1,0.012228308
Warm B,261088,1597,1596,3794,2299,1,0.0042508766
Warm B,895623,5413,5412,3794,2299,1,0.008061447
Warm B,143991,929,928,3794,2299,0,0.0052551343
Warm B,132805,856,855,3794,2299,1,0.0006124284
Warm B,383934,2244,2243,3794,2299,0,0.011661977
Warm B,360354,2106,2105,3794,2299,0,0.010004449
Warm B,795925,4771,4770,3794,2299,0,0.006475515
Warm B,807539,4834,4833,3794,2299,0,0.014750328
Warm B,712587,4277,4276,3794,2299,1,0.017424077
Warm B,10587,76,75,3794,2299,0,-0.00071567437
Warm B,574526,3518,3517,3794,2299,0,0.016227989
Warm B,575028,3519,3518,3794,2299,0,0.0127292145
Warm B,799165,4790,4789,3794,2299,0,0.014661959
Warm B,756836,4508,4507,3794,2299,1,0.011062935
Warm B,553612,3410,3409,3794,2299,1,0.008877188
Warm B,335313,1980,1979,3794,2299,1,0.01638411
Warm B,881976,5329,5328,3794,2299,1,0.015122038
Warm B,60403,411,410,3794,2299,1,0.010248678
Warm B,289858,1733,1732,3794,2299,0,0.01672139
Warm B,330897,1954,1953,3794,2299,1,0.009841479
Warm B,512032,3159,3158,3794,2299,0,0.014203624
Warm B,891345,5387,5386,3794,2299,1,0.0027350988
Warm B,892729,5394,5393,3794,2299,0,0.014610317
Warm B,206200,1265,1264,3794,2299,1,0.0046232427
Warm B,475330,2918,2917,3794,2299,1,0.0017872303
Warm B,965829,5825,5824,3794,2299,0,0.009181882
Warm B,763700,4543,4542,3794,2299,1,0.00824715
Warm B,215340,1306,1305,3794,2299,1,0.011781618
Warm B,312743,1865,1864,3794,2299,0,0.016449077
Warm B,777566,4647,4646,3794,2299,1,0.0119482875
Warm B,159674,1019,1018,3794,2299,0,0.016708948
Warm B,234622,1425,1424,3794,2299,1,0.00856656
Warm B,101809,678,677,3794,2299,0,0.01584968
Warm B,846912,5090,5089,3794,2299,0,0.00639775
Warm B,259217,1587,1586,3794,2299,0,0.008440567
Warm B,534901,3301,3300,3794,2299,1,0.0041274684
Warm B,480387,2947,2946,3794,2299,0,0.0075231623
Warm B,346528,2031,2030,3794,2299,1,0.008829587
Warm B,348817,2047,2046,3794,2299,0,0.007827544
Warm B,549588,3391,3390,3794,2299,0,0.010301784
Warm B,321938,1912,1911,3794,2299,0,0.007568121
Warm B,58635,398,397,3794,2299,1,0.014966837
Warm B,907913,5493,5492,3795,2300,0,0.016085466
Warm B,262867,1605,1604,3795,2300,0,0.013662083
Warm B,93128,624,623,3795,2300,0,0.016299319
Warm B,283735,1698,1697,3795,2300,1,0.006356093
Warm B,892730,5394,5393,3795,2300,1,0.007965231
Warm B,115734,752,751,3795,2300,1,0.012399893
Warm B,128742,836,835,3799,2302,0,-0.0022381528
Warm B,125709,809,808,3799,2302,0,0.006770877
Warm B,124112,800,799,3799,2302,1,0.026626797
Warm B,115110,748,747,3799,2302,0,0.008000637
Warm B,102914,681,680,3799,2302,1,0.0007968341
Warm B,383538,2242,2241,3799,2302,0,0.01578679
Warm B,99262,662,661,3799,2302,0,0.0123436395
Warm B,332424,1962,1961,3799,2302,0,0.010597909
Warm B,87148,570,569,3799,2302,0,0.0044967704
Warm B,85976,563,562,3799,2302,0,0.01585302
Warm B,82161,546,545,3799,2302,0,0.004136521
Warm B,76491,519,518,3799,2302,0,-0.0019649211
Warm B,86400,566,565,3799,2302,0,0.012596001
Warm B,66820,449,448,3799,2302,0,-0.00013379852
Warm B,87024,569,568,3799,2302,0,0.0064070346
Warm B,55448,368,367,3799,2302,0,0.0057162964
Warm B,50946,336,335,3799,2302,0,0.012558757
Warm B,35999,244,243,3799,2302,0,0.008271177
Warm B,30308,204,203,3799,2302,0,0.022886483
Warm B,24646,174,173,3799,2302,0,0.009459158
Warm B,13956,113,112,3799,2302,0,0.010053188
Warm B,8202,57,56,3799,2302,0,0.006969449
Warm B,281,5,4,3799,2302,0,0.011007921
Warm B,357124,2092,2091,3799,2302,0,0.0042226203
Warm B,47119,319,318,3799,2302,0,0.01231312
Warm B,101814,678,677,3799,2302,0,0.012569095
Warm B,206550,1266,1265,3799,2302,0,0.014452422
Warm B,250275,1509,1508,3799,2302,1,0.0024557451
Warm B,551961,3401,3400,3799,2302,0,0.016003814
Warm B,95269,639,638,3799,2302,0,0.019362884
Warm B,341068,2011,2010,3799,2302,0,0.0132159125
Warm B,122444,791,790,3799,2302,0,0.013108062
Warm B,393200,2310,2309,3799,2302,0,0.019309428
Warm B,484264,2980,2979,3799,2302,0,0.0032745306
Warm B,907533,5492,5491,3799,2302,0,0.014374103
Warm B,264847,1611,1610,3799,2302,0,0.006743774
Warm B,418338,2529,2528,3799,2302,0,0.01841832
Warm B,716984,4294,4293,3799,2302,0,0.017120637
Warm B,342073,2015,2014,3799,2302,0,0.01685002
Warm B,96536,648,647,3799,2302,0,0.00872598
Warm B,638036,3841,3840,3801,2303,0,0.015527743
Warm B,619485,3754,3753,3801,2303,1,0.012291866
Warm B,770956,4593,4592,3801,2303,1,0.0093772635
Warm B,613898,3718,3717,3801,2303,1,0.0046181832
Warm B,606471,3683,3682,3801,2303,1,-7.767184e-05
Warm B,659408,3973,3972,3801,2303,1,0.0067364215
Warm B,601594,3658,3657,3801,2303,1,0.0102264
Warm B,595204,3621,3620,3801,2303,1,0.009861251
Warm B,585643,3576,3575,3801,2303,0,0.018150588
Warm B,585259,3574,3573,3801,2303,1,0.00039867382
Warm B,569151,3491,3490,3801,2303,1,0.0030195503
Warm B,712960,4277,4276,3801,2303,1,0.012161116
Warm B,566169,3476,3475,3801,2303,1,0.0063390946
Warm B,565157,3474,3473,3801,2303,1,-0.0006238492
Warm B,931412,5626,5625,3801,2303,1,0.0068998355
Warm B,559241,3435,3434,3801,2303,1,0.0047552274
Warm B,681950,4084,4083,3801,2303,1,0.007344071
Warm B,548373,3384,3383,3801,2303,1,0.0034641987
Warm B,548290,3383,3382,3801,2303,1,0.010483277
Warm B,547099,3372,3371,3801,2303,1,0.0028071522
Warm B,546770,3371,3370,3801,2303,0,0.01237146
Warm B,546057,3367,3366,3801,2303,1,0.0048027216
Warm B,916655,5539,5538,3801,2303,1,0.012571869
Warm B,539548,3319,3318,3801,2303,1,0.009657679
Warm B,534657,3300,3299,3801,2303,1,0.016937017
Warm B,533241,3292,3291,3801,2303,1,0.017400214
Warm B,532607,3289,3288,3801,2303,1,-0.005866331
Warm B,524940,3241,3240,3801,2303,1,0.00034336525
Warm B,523850,3229,3228,3801,2303,0,0.002451644
Warm B,521643,3218,3217,3801,2303,1,0.004936415
Warm B,521062,3216,3215,3801,2303,1,0.011311328
Warm B,520925,3215,3214,3801,2303,1,-0.0052209185
Warm B,561207,3453,3452,3801,2303,0,0.006869522
Warm B,520890,3214,3213,3801,2303,1,0.0037527708
Warm B,518705,3201,3200,3801,2303,1,0.0067525962
Warm B,785452,4691,4690,3801,2303,1,0.0007006037
Warm B,509475,3138,3137,3801,2303,0,0.0039445395
Warm B,504614,3103,3102,3801,2303,1,0.003920058
Warm B,893599,5395,5394,3801,2303,1,0.0066675157
Warm B,504030,3098,3097,3801,2303,1,0.008682519
Warm B,768685,4579,4578,3801,2303,1,0.0012863487
Warm B,502384,3083,3082,3801,2303,1,0.0041854423
Warm B,797580,4784,4783,3801,2303,1,0.01936904
Warm B,487687,3000,2999,3801,2303,0,0.01051272
Warm B,484515,2984,2983,3801,2303,1,0.0039213207
Warm B,481493,2961,2960,3801,2303,1,-0.0035541966
Warm B,473519,2909,2908,3801,2303,1,0.015625438
Warm B,466768,2878,2877,3801,2303,1,0.0037067786
Warm B,459762,2834,2833,3801,2303,1,-0.004347584
Warm B,457848,2820,2819,3801,2303,1,0.01050991
Warm B,452467,2786,2785,3801,2303,1,0.008182053
Warm B,448414,2764,2763,3801,2303,1,0.0137444055
Warm B,446816,2753,2752,3801,2303,1,0.005592393
Warm B,438981,2682,2681,3801,2303,1,0.0130775245
Warm B,438293,2679,2678,3801,2303,1,-0.00033594528
Warm B,431009,2627,2626,3801,2303,0,0.015447149
Warm B,427228,2593,2592,3801,2303,1,0.018148953
Warm B,426906,2592,2591,3801,2303,1,-0.00058800867
Warm B,425282,2581,2580,3801,2303,1,0.0012977956
Warm B,424951,2578,2577,3801,2303,0,0.0012476722
Warm B,422133,2555,2554,3801,2303,1,0.013676668
Warm B,417359,2514,2513,3801,2303,1,0.008850142
Warm B,415049,2498,2497,3801,2303,1,0.0036626116
Warm B,412526,2483,2482,3801,2303,1,0.0035045492
Warm B,412787,2484,2483,3801,2303,0,0.015583065
Warm B,411861,2476,2475,3801,2303,1,0.009658328
Warm B,403450,2410,2409,3801,2303,1,0.0076100016
Warm B,707782,4241,4240,3801,2303,1,0.013539625
Warm B,397781,2359,2358,3801,2303,1,0.011085375
Warm B,393724,2318,2317,3801,2303,1,-0.0024494058
Warm B,390678,2293,2292,3801,2303,1,0.015678225
Warm B,381616,2231,2230,3801,2303,0,0.014350367
Warm B,374015,2181,2180,3801,2303,1,0.021460488
Warm B,364135,2121,2120,3801,2303,1,0.006064252
Warm B,352937,2067,2066,3801,2303,1,0.01008142
Warm B,347342,2038,2037,3801,2303,1,0.014302762
Warm B,343606,2018,2017,3801,2303,1,0.013111047
Warm B,339665,2002,2001,3801,2303,1,0.013879261
Warm B,323140,1916,1915,3801,2303,1,0.012992873
Warm B,293396,1747,1746,3801,2303,0,0.0075728795
Warm B,293709,1748,1747,3801,2303,1,0.0054554977
Warm B,282265,1693,1692,3801,2303,1,0.013693142
Warm B,282016,1692,1691,3801,2303,1,0.0055429153
Warm B,292267,1741,1740,3801,2303,1,0.008816427
Warm B,268949,1632,1631,3801,2303,0,0.01830845
Warm B,345458,2026,2025,3801,2303,1,0.0056481576
Warm B,256742,1570,1569,3801,2303,0,0.0022316827
Warm B,346159,2030,2029,3801,2303,1,0.012134502
Warm B,316753,1884,1883,3801,2303,1,0.01755493
Warm B,242751,1465,1464,3801,2303,1,0.017127514
Warm B,228912,1387,1386,3801,2303,1,0.010294575
Warm B,227446,1378,1377,3801,2303,1,0.016975153
Warm B,276178,1671,1670,3801,2303,1,0.012520715
Warm B,216591,1315,1314,3801,2303,1,0.0071449485
Warm B,217982,1322,1321,3801,2303,0,0.0029009718
Warm B,208274,1273,1272,3801,2303,1,0.013055586
Warm B,219814,1333,1332,3801,2303,1,0.010311087
Warm B,189885,1178,1177,3801,2303,1,0.012822049
Warm B,338085,1988,1987,3801,2303,1,0.006059688
Warm B,188574,1170,1169,3801,2303,1,0.010878492
Warm B,180244,1128,1127,3801,2303,1,0.0029362114
Warm B,165200,1053,1052,3801,2303,1,0.0047135865
Warm B,219482,1331,1330,3801,2303,1,0.009744421
Warm B,190794,1181,1180,3801,2303,0,0.022014966
Warm B,160971,1023,1022,3801,2303,1,0.0076513607
Warm B,146920,948,947,3801,2303,1,0.008271782
Warm B,144515,931,930,3801,2303,1,0.007990394
Warm B,143856,928,927,3801,2303,1,0.015201183
Warm B,185177,1150,1149,3801,2303,0,0.004680775
Warm B,141475,911,910,3801,2303,1,0.019838441
Warm B,138157,889,888,3801,2303,1,0.019922785
Warm B,128159,829,828,3801,2303,1,0.008720047
Warm B,350474,2057,2056,3801,2303,1,0.0070962226
Warm B,89225,588,587,3801,2303,1,0.015090825
Warm B,83031,549,548,3801,2303,1,0.01755326
Warm B,113730,737,736,3801,2303,1,0.013139334
Warm B,319287,1897,1896,3801,2303,1,0.014181996
Warm B,67013,451,450,3801,2303,1,0.0034499348
Warm B,46907,314,313,3801,2303,1,-0.0047155423
Warm B,45613,307,306,3801,2303,1,0.020187806
Warm B,35362,238,237,3801,2303,1,0.009114098
Warm B,40778,273,272,3801,2303,1,0.0085090585
Warm B,48199,323,322,3801,2303,1,0.0029910791
Warm B,27621,193,192,3801,2303,1,0.003337362
Warm B,18279,141,140,3801,2303,1,0.008937579
Warm B,966720,5831,5830,3801,2303,1,0.021487309
Warm B,357394,2092,2091,3801,2303,1,0.01693389
Warm B,24498,173,172,3801,2303,1,0.012808178
Warm B,420938,2544,2543,3801,2303,0,0.010302885
Warm B,384685,2247,2246,3801,2303,1,0.008187604
Warm B,892921,5394,5393,3801,2303,1,0.010125079
Warm B,347983,2041,2040,3801,2303,0,0.008425161
Warm B,50681,333,332,3801,2303,0,0.013225805
Warm B,171547,1088,1087,3801,2303,1,0.02025159
Warm B,322287,1912,1911,3801,2303,0,0.010423208
Warm B,805668,4823,4822,3801,2303,1,0.015252505
Warm B,25931,183,182,3801,2303,1,0.00337226
Warm B,295625,1755,1754,3801,2303,1,0.014551796
Warm B,748234,4467,4466,3801,2303,1,0.0041092355
Warm B,432648,2638,2637,3807,2305,0,0.008485291
Warm B,423716,2567,2566,3807,2305,0,0.01260073
Warm B,406938,2445,2444,3807,2305,0,0.0077553336
Warm B,377209,2203,2202,3807,2305,1,0.013435654
Warm B,369877,2164,2163,3807,2305,0,0.006016162
Warm B,356354,2088,2087,3807,2305,1,0.006773876
Warm B,341541,2012,2011,3807,2305,0,0.007408488
Warm B,327165,1939,1938,3807,2305,0,0.004174429
Warm B,326973,1938,1937,3807,2305,0,0.004549042
Warm B,292269,1741,1740,3807,2305,1,0.006587007
Warm B,279073,1680,1679,3807,2305,1,0.0095756175
Warm B,250188,1507,1506,3807,2305,0,0.0010357233
Warm B,244664,1473,1472,3807,2305,0,0.0035834315
Warm B,241147,1451,1450,3807,2305,1,0.010060614
Warm B,244419,1472,1471,3807,2305,1,0.0022481473
Warm B,214793,1303,1302,3807,2305,1,0.008131716
Warm B,197661,1214,1213,3807,2305,0,0.006291104
Warm B,177526,1119,1118,3807,2305,1,0.010136087
Warm B,196458,1207,1206,3807,2305,1,0.010818461
Warm B,248780,1501,1500,3807,2305,0,0.0052138953
Warm B,168858,1071,1070,3807,2305,1,0.01137559
Warm B,162252,1034,1033,3807,2305,0,0.012161869
Warm B,342394,2015,2014,3807,2305,0,0.013262581
Warm B,155833,1004,1003,3807,2305,1,0.012147369
Warm B,131115,850,849,3807,2305,0,0.0047443355
Warm B,315153,1880,1879,3807,2305,0,0.008525096
Warm B,122914,793,792,3807,2305,0,0.0063857595
Warm B,86946,567,566,3807,2305,1,0.0012482698
Warm B,85800,560,559,3807,2305,1,0.00547495
Warm B,84083,550,549,3807,2305,0,0.009338078
Warm B,71082,477,476,3807,2305,0,0.0052704825
Warm B,56795,381,380,3807,2305,0,0.0073807184
Warm B,43687,300,299,3807,2305,1,0.002649502
Warm B,36681,245,244,3807,2305,0,0.009002854
Warm B,626707,3792,3791,3807,2305,0,0.0078089437
Warm B,61865,415,414,3807,2305,1,0.007122231
Warm B,5851,42,41,3807,2305,1,0.01649474
Warm B,60897,411,410,3807,2305,0,0.015180011
Warm B,102167,678,677,3807,2305,1,0.005611088
Warm B,327979,1941,1940,3807,2305,0,0.010360334
Warm B,633152,3824,3823,3807,2305,1,0.0127823455
Warm B,768686,4579,4578,3807,2305,0,0.001957845
Warm B,958802,5787,5786,3807,2305,1,0.0033346764
Warm B,62841,424,423,3807,2305,0,0.015407599
Warm B,300306,1780,1779,3807,2305,0,0.009392338
Warm B,718526,4305,4304,3807,2305,1,0.0080121895
Warm B,243894,1470,1469,3810,2307,0,0.005701853
Warm B,279098,1680,1679,3810,2307,1,0.0014832031
Warm B,196468,1207,1206,3810,2307,0,0.00081743253
Warm B,185193,1150,1149,3810,2307,0,0.0057153464
Warm B,307383,1835,1834,3810,2307,1,0.0047415597
Warm B,168400,1069,1068,3810,2307,0,0.007747017
Warm B,162467,1035,1034,3810,2307,1,0.0013841707
Warm B,136520,881,880,3810,2307,0,0.0048462586
Warm B,135585,877,876,3810,2307,0,0.014740635
Warm B,98767,660,659,3810,2307,0,0.006443319
Warm B,97342,652,651,3810,2307,0,0.011043027
Warm B,83045,549,548,3810,2307,0,0.0010191507
Warm B,68681,461,460,3810,2307,0,-0.00399023
Warm B,74783,509,508,3810,2307,0,0.0052323886
Warm B,239985,1449,1448,3810,2307,0,0.005080696
Warm B,47700,319,318,3810,2307,0,0.0046713343
Warm B,27349,192,191,3810,2307,0,0.0019962573
Warm B,481766,2962,2961,3810,2307,0,0.0034768702
Warm B,354861,2077,2076,3810,2307,1,0.00623461
Warm B,150553,970,969,3810,2307,0,0.011516912
Warm B,178620,1121,1120,3810,2307,1,0.0017339045
Warm B,271760,1643,1642,3810,2307,0,0.003618869
Warm B,193598,1194,1193,3810,2307,0,-0.0060416516
Warm B,260060,1591,1590,3813,2310,1,0.024959318
Warm B,220331,1335,1334,3813,2310,0,0.0048459116
Warm B,180252,1128,1127,3813,2310,0,0.011846049
Warm B,177532,1119,1118,3813,2310,1,0.0055848337
Warm B,149229,960,959,3813,2310,0,0.017304813
Warm B,199399,1224,1223,3813,2310,1,0.018347898
Warm B,131120,850,849,3813,2310,1,0.0088332
Warm B,160024,1019,1018,3813,2310,0,0.016558029
Warm B,239988,1449,1448,3813,2310,0,0.01640176
Warm B,190816,1181,1180,3813,2310,0,0.0073685865
Warm B,84094,550,549,3813,2310,0,0.0142419385
Warm B,34175,230,229,3813,2310,1,0.008149848
Warm B,17630,136,135,3813,2310,1,0.0033698704
Warm B,202006,1243,1242,3813,2310,0,0.0066666505
Warm B,158098,1015,1014,3813,2310,0,0.012725533
Warm B,89230,588,587,3813,2310,0,0.016017953
Warm B,860075,5172,5171,3813,2310,0,0.005826829
Warm B,50688,333,332,3813,2310,0,0.008333526
Warm B,47703,319,318,3813,2310,0,0.007270207
Warm B,639053,3842,3841,3813,2310,0,0.011278842
Warm B,420947,2544,2543,3813,2310,0,0.013500419
Warm B,739386,4418,4417,3813,2310,0,0.009440652
Warm B,322300,1912,1911,3813,2310,0,0.01095195
Warm B,810302,4861,4860,3822,2314,1,0.005699796
Warm B,520528,3210,3209,3822,2314,1,0.002402212
Warm B,146416,943,942,3822,2314,0,0.0055935797
Warm B,93271,624,623,3822,2314,0,0.008316068
Warm B,892931,5394,5393,3822,2314,1,0.022538932
Warm B,187612,1164,1163,3822,2314,1,0.013597427
Warm B,232535,1413,1412,3822,2314,1,0.0119493585
Warm B,28445,195,194,3822,2314,1,0.016954545
Warm B,882933,5333,5332,3822,2314,1,0.011840198
Warm B,114232,743,742,3822,2314,0,0.006407868
Warm B,212053,1291,1290,3823,2315,1,0.014411636
Warm B,501262,3080,3079,3823,2315,0,0.0191812
Warm B,223047,1352,1351,3823,2315,1,0.007229188
Warm B,116144,752,751,3823,2315,0,0.014041842
Warm B,237859,1447,1446,3823,2315,1,0.019059457
Warm B,319306,1897,1896,3823,2315,0,0.01778833
Warm B,91199,604,603,3824,2316,0,-0.0023043202
Warm B,99555,664,663,3824,2316,0,0.0067698974
Warm B,317672,1889,1888,3824,2316,0,0.008448956
Warm B,47733,319,318,3824,2316,0,-0.004729406
Warm B,32763,222,221,3824,2316,0,0.009617603
Warm B,17044,133,132,3824,2316,1,-0.0006370741
Warm B,314356,1877,1876,3824,2316,0,-0.010511244
Warm B,877410,5302,5301,3824,2316,0,0.0031889903
Warm B,594799,3620,3619,3824,2316,0,0.01734572
Warm B,388343,2272,2271,3824,2316,0,0.0062560886
Warm B,59532,403,402,3824,2316,0,0.009941007
Warm B,155323,1001,1000,3824,2316,0,0.008267339
Warm B,181973,1137,1136,3824,2316,0,0.004184613
Warm B,190836,1181,1180,3824,2316,0,-8.545094e-05
Warm B,399829,2380,2379,3824,2316,0,0.0051744226
Warm B,150561,970,969,3824,2316,0,0.008159627
Warm B,930380,5621,5620,3824,2316,0,0.008050932
Warm B,76350,518,517,3824,2316,0,0.011437475
Warm B,626728,3792,3791,3824,2316,0,0.004762982
Warm B,559899,3441,3440,3824,2316,0,0.0040343585
Warm B,238870,1448,1447,3824,2316,0,0.01264138
Warm B,408185,2453,2452,3824,2316,0,0.01100769
Warm B,530977,3280,3279,3824,2316,0,0.005302728
Warm B,407243,2446,2445,3824,2316,0,0.00024001044
Warm B,222580,1347,1346,3824,2316,0,0.0072212596
Warm B,285282,1701,1700,3824,2316,0,0.007028994
Warm B,351755,2063,2062,3824,2316,1,0.01310388
Warm B,79356,531,530,3824,2316,0,0.014524283
Warm B,110779,721,720,3824,2316,0,0.0075924937
Warm B,384093,2244,2243,3824,2316,0,0.0019594342
Warm B,59247,402,401,3824,2316,0,0.0090628425
Warm B,502881,3087,3086,3824,2316,0,0.011203961
Warm B,503403,3093,3092,3824,2316,0,0.0034953412
Warm B,682390,4085,4084,3824,2316,0,0.0053996714
Warm B,12153,92,91,3824,2316,0,0.006331317
Warm B,794981,4757,4756,3824,2316,0,0.0023791438
Warm B,206822,1266,1265,3824,2316,0,0.0043847887
Warm B,631533,3821,3820,3824,2316,0,0.0064849043
Warm B,930096,5620,5619,3824,2316,0,0.0039233547
Warm B,503811,3096,3095,3824,2316,1,0.0082561765
Warm B,405323,2427,2426,3824,2316,0,0.0025906921
Warm B,144887,934,933,3824,2316,0,-0.00070719
Warm B,894910,5405,5404,3824,2316,0,-0.0032257163
Warm B,476338,2926,2925,3824,2316,0,0.00972113
Warm B,474469,2911,2910,3824,2316,1,0.004605871
Warm B,286681,1712,1711,3824,2316,0,0.0021310947
Warm B,129933,840,839,3824,2316,0,0.009939183
Warm B,459604,2832,2831,3824,2316,0,0.0043169046
Warm B,255902,1560,1559,3824,2316,0,0.0002993492
Warm B,312864,1865,1864,3824,2316,0,0.0054643136
Warm B,699653,4186,4185,3824,2316,0,0.007433444
Warm B,522499,3224,3223,3824,2316,0,0.003943719
Warm B,461493,2847,2846,3824,2316,0,0.007955983
Warm B,96599,648,647,3824,2316,0,-0.0010342686
Warm B,807595,4834,4833,3824,2316,0,0.0013683634
Warm B,302114,1794,1793,3824,2316,0,0.008589704
Warm B,83060,549,548,3824,2316,0,0.005379647
Warm B,253885,1544,1543,3831,2320,0,0.013560509
Warm B,231639,1404,1403,3831,2320,1,0.014681438
Warm B,296443,1758,1757,3831,2320,1,0.018615825
Warm B,212305,1293,1292,3831,2320,1,0.0068341745
Warm B,195409,1203,1202,3831,2320,1,0.0136679495
Warm B,202016,1243,1242,3831,2320,0,0.021023246
Warm B,201139,1241,1240,3831,2320,1,0.014898441
Warm B,206835,1266,1265,3831,2320,0,0.020876296
Warm B,186760,1156,1155,3831,2320,1,0.0036975367
Warm B,185229,1150,1149,3831,2320,0,0.0134684015
Warm B,162590,1037,1036,3831,2320,1,0.00027660164
Warm B,158927,1016,1015,3831,2320,1,0.017884031
Warm B,156363,1009,1008,3831,2320,1,0.004645061
Warm B,155328,1001,1000,3831,2320,1,0.015614371
Warm B,148733,957,956,3831,2320,0,0.014072682
Warm B,154599,998,997,3831,2320,1,0.0018521973
Warm B,142956,922,921,3831,2320,0,0.016649056
Warm B,139600,893,892,3831,2320,0,0.006945162
Warm B,138217,889,888,3831,2320,0,0.014421258
Warm B,128534,832,831,3831,2320,0,0.006952317
Warm B,248383,1499,1498,3831,2320,1,0.0070186565
Warm B,108964,713,712,3831,2320,0,0.011269412
Warm B,100828,673,672,3831,2320,1,0.00760033
Warm B,123106,795,794,3831,2320,1,0.013022381
Warm B,69484,466,465,3831,2320,0,0.012193976
Warm B,55970,371,370,3831,2320,0,0.004947682
Warm B,49847,330,329,3831,2320,1,0.006957577
Warm B,37494,255,254,3831,2320,1,0.014102886
Warm B,481790,2962,2961,3831,2320,1,0.017877616
Warm B,32663,220,219,3831,2320,0,0.0070492234
Warm B,25027,175,174,3831,2320,0,0.016844086
Warm B,314359,1877,1876,3831,2320,0,-0.009161127
Warm B,290164,1733,1732,3831,2320,0,0.02214327
Warm B,783458,4680,4679,3831,2320,0,0.019127931
Warm B,399837,2380,2379,3831,2320,1,0.013497577
Warm B,4984,35,34,3831,2320,0,0.006823363
Warm B,338107,1988,1987,3831,2320,1,0.011653127
Warm B,797977,4785,4784,3831,2320,1,0.0136301
Warm B,211666,1287,1286,3831,2320,1,0.0131131355
Warm B,119928,774,773,3831,2320,0,0.014396212
Warm B,936972,5653,5652,3831,2320,1,0.013081739
Warm B,874378,5279,5278,3831,2320,0,0.007997296
Warm B,881090,5322,5321,3831,2320,1,0.0072990768
Warm B,50389,331,330,3831,2320,0,0.014378094
Warm B,807600,4834,4833,3831,2320,0,0.014252579
Warm B,156817,1010,1009,3831,2320,0,0.016508736
Warm B,285289,1701,1700,3831,2320,1,0.024095384
Warm B,140243,899,898,3831,2320,1,0.010639327
Warm B,114235,743,742,3831,2320,0,0.016149625
Warm B,471959,2904,2903,3831,2320,1,0.008254748
Warm B,39412,267,266,3831,2320,1,0.0073786946
Warm B,286690,1712,1711,3831,2320,0,0.011357008
Warm B,571582,3505,3504,3831,2320,1,0.0039264336
Warm B,804291,4816,4815,3831,2320,1,0.012426221
Warm B,330710,1952,1951,3831,2320,1,0.0037144134
Warm B,56392,376,375,3831,2320,0,0.010724756
Warm B,181981,1137,1136,3831,2320,0,0.018845549
Warm B,902782,5458,5457,3831,2320,1,0.0062734704
Warm B,784068,4682,4681,3831,2320,1,0.014009472
Warm B,258407,1584,1583,3831,2320,0,0.0126427915
Warm B,777770,4647,4646,3831,2320,1,0.012168473
Warm B,964021,5812,5811,3831,2320,1,0.012770846
Warm B,165991,1058,1057,3831,2320,1,0.021617135
Warm B,407249,2446,2445,3831,2320,0,0.014896458
Warm B,483228,2969,2968,3831,2320,1,0.017460307
Warm B,222583,1347,1346,3831,2320,1,0.01043383
Warm B,966749,5831,5830,3831,2320,1,0.023715246
Warm B,90249,595,594,3831,2320,1,0.018637016
Warm B,47756,319,318,3831,2320,0,0.01396686
Warm B,397342,2353,2352,3831,2320,1,0.011559341
Warm B,555034,3413,3412,3831,2320,1,0.014013247
Warm B,607111,3685,3684,3831,2320,1,0.014119697
Warm B,871588,5265,5264,3831,2320,1,0.015385771
Warm B,770287,4591,4590,3831,2320,1,0.017955776
Warm B,154094,993,992,3831,2320,0,0.006817014
Warm B,503406,3093,3092,3831,2320,1,0.0068524648
Warm B,696228,4169,4168,3831,2320,0,0.02755485
Warm B,357429,2092,2091,3831,2320,0,0.021088036
Warm B,559545,3437,3436,3831,2320,1,0.013551736
Warm B,567444,3483,3482,3831,2320,1,0.013981302
Warm B,933438,5636,5635,3831,2320,1,0.018915072
Warm B,330957,1954,1953,3831,2320,0,0.0067962115
Warm B,319317,1897,1896,3831,2320,0,0.020009343
Warm B,751550,4482,4481,3831,2320,1,0.015207905
Warm B,24574,173,172,3831,2320,0,0.009646516
Warm B,230504,1395,1394,3831,2320,1,0.013037266
Warm B,500466,3074,3073,3831,2320,1,0.0015896647
Warm B,403317,2409,2408,3831,2320,1,0.015167032
Warm B,20954,151,150,3831,2320,1,0.015688896
Warm B,465135,2868,2867,3831,2320,1,0.013169989
Warm B,254354,1546,1545,3831,2320,1,0.008766854
Warm B,116160,752,751,3831,2320,1,0.018229963
Warm B,161325,1029,1028,3831,2320,0,0.015832914
Warm B,309598,1842,1841,3831,2320,1,0.021991413
Warm B,60972,411,410,3831,2320,0,0.015214918
Warm B,110790,721,720,3831,2320,1,0.007589905
Warm B,354884,2077,2076,3831,2320,1,0.01772542
Warm B,545294,3363,3362,3831,2320,1,0.007355081
Warm B,423152,2565,2564,3831,2320,1,0.015740152
Warm B,499386,3067,3066,3831,2320,1,0.0074442844
Warm B,892937,5394,5393,3831,2320,0,0.020664122
Warm B,25455,180,179,3831,2320,1,0.008630865
Warm B,520532,3210,3209,3831,2320,1,-0.001899695
Warm B,335848,1980,1979,3831,2320,1,0.035832115
Warm B,129935,840,839,3831,2320,1,0.0155274365
Warm B,720035,4312,4311,3831,2320,1,0.018135246
Warm B,571036,3503,3502,3831,2320,1,0.01724448
Warm B,89998,593,592,3831,2320,0,0.0050099017
Warm B,492700,3029,3028,3831,2320,1,0.020352669
Warm B,174835,1107,1106,3831,2320,1,0.0025354696
Warm B,846620,5087,5086,3831,2320,0,0.005624994
Warm B,891520,5387,5386,3831,2320,0,0.021316942
Warm B,460659,2841,2840,3831,2320,1,0.01431375
Warm B,254854,1551,1550,3831,2320,0,0.010782464
Warm B,699658,4186,4185,3831,2320,1,0.022904504
Warm B,178626,1121,1120,3831,2320,1,0.017111957
Warm B,401608,2395,2394,3831,2320,0,0.009530995
Warm B,801385,4802,4801,3831,2320,0,0.02100895
Warm B,808539,4842,4841,3831,2320,1,0.0006088028
Warm B,193613,1194,1193,3831,2320,1,0.01457371
Warm B,178091,1120,1119,3831,2320,1,0.018061927
Warm B,234943,1425,1424,3831,2320,1,0.021305922
Warm B,34026,229,228,3831,2320,1,0.004437092
Warm B,346626,2031,2030,3831,2320,0,0.011288824
Warm B,860080,5172,5171,3831,2320,0,0.00957007
Warm B,794000,4748,4747,3831,2320,1,0.0064539993
Warm B,638092,3841,3840,3834,2321,1,0.011981256
Warm B,619504,3754,3753,3834,2321,0,0.019058187
Warm B,618027,3745,3744,3834,2321,0,-0.0008880871
Warm B,615623,3727,3726,3834,2321,0,0.006437634
Warm B,615233,3726,3725,3834,2321,0,0.011839585
Warm B,609872,3696,3695,3834,2321,0,0.0053629526
Warm B,613256,3716,3715,3834,2321,0,0.0062958873
Warm B,603171,3670,3669,3834,2321,0,0.0012749904
Warm B,725297,4344,4343,3834,2321,0,0.017160393
Warm B,601415,3656,3655,3834,2321,0,0.009398627
Warm B,597424,3633,3632,3834,2321,1,0.0052188556
Warm B,633195,3824,3823,3834,2321,1,0.01282924
Warm B,869780,5255,5254,3834,2321,1,0.0018185861
Warm B,596530,3626,3625,3834,2321,0,0.010762807
Warm B,587877,3589,3588,3834,2321,0,0.01569951
Warm B,587323,3587,3586,3834,2321,1,0.006072914
Warm B,585664,3576,3575,3834,2321,0,0.0050394326
Warm B,577907,3529,3528,3834,2321,0,0.0054638493
Warm B,573221,3511,3510,3834,2321,0,0.010073351
Warm B,593781,3618,3617,3834,2321,0,0.016441748
Warm B,563405,3467,3466,3834,2321,1,0.008380553
Warm B,931417,5626,5625,3834,2321,0,0.0030718995
Warm B,556875,3422,3421,3834,2321,0,0.015949178
Warm B,681961,4084,4083,3834,2321,1,-0.0010882034
Warm B,552306,3401,3400,3834,2321,0,0.016324991
Warm B,966750,5831,5830,3834,2321,1,0.019254696
Warm B,548296,3383,3382,3834,2321,0,0.0056801643
Warm B,547370,3377,3376,3834,2321,0,0.004601348
Warm B,577126,3526,3525,3834,2321,0,0.008326301
Warm B,598195,3641,3640,3834,2321,0,0.0029009879
Warm B,533279,3292,3291,3834,2321,1,0.013955813
Warm B,544066,3353,3352,3834,2321,0,0.009948075
Warm B,533803,3293,3292,3834,2321,0,0.007772444
Warm B,530481,3277,3276,3834,2321,0,0.01036592
Warm B,527938,3264,3263,3834,2321,0,0.0065853065
Warm B,524945,3241,3240,3834,2321,1,-0.0005964226
Warm B,521651,3218,3217,3834,2321,0,-0.0012181506
Warm B,520001,3208,3207,3834,2321,0,0.007894593
Warm B,964022,5812,5811,3834,2321,1,0.00987852
Warm B,518728,3201,3200,3834,2321,0,0.011681426
Warm B,874497,5281,5280,3834,2321,0,0.011591304
Warm B,509484,3138,3137,3834,2321,0,0.0053637596
Warm B,502884,3087,3086,3834,2321,1,0.0036315098
Warm B,501748,3081,3080,3834,2321,0,0.011953225
Warm B,494090,3032,3031,3834,2321,1,0.0031695934
Warm B,738136,4411,4410,3834,2321,0,0.011421855
Warm B,485772,2990,2989,3834,2321,0,0.011431279
Warm B,481498,2961,2960,3834,2321,0,0.004011073
Warm B,473565,2909,2908,3834,2321,0,0.013410438
Warm B,459791,2835,2834,3834,2321,0,0.011801543
Warm B,451495,2779,2778,3834,2321,1,0.0057084495
Warm B,448720,2765,2764,3834,2321,0,0.009261122
Warm B,447937,2761,2760,3834,2321,0,0.008601282
Warm B,446386,2752,2751,3834,2321,0,0.0084833205
Warm B,443805,2737,2736,3834,2321,0,0.013526873
Warm B,442745,2728,2727,3834,2321,0,-0.0034823334
Warm B,452479,2786,2785,3834,2321,0,0.013632643
Warm B,433607,2643,2642,3834,2321,0,0.010965193
Warm B,431630,2629,2628,3834,2321,0,0.0058466177
Warm B,426927,2592,2591,3834,2321,0,0.016986638
Warm B,418644,2529,2528,3834,2321,0,0.018808886
Warm B,414557,2496,2495,3834,2321,0,0.010559958
Warm B,402286,2402,2401,3834,2321,0,0.010074126
Warm B,388940,2279,2278,3834,2321,0,0.008792401
Warm B,382847,2237,2236,3834,2321,0,0.011171641
Warm B,377231,2203,2202,3834,2321,0,0.0054189833
Warm B,369898,2164,2163,3834,2321,1,0.0093449475
Warm B,387528,2265,2264,3834,2321,0,0.006825456
Warm B,357430,2092,2091,3834,2321,0,0.015630273
Warm B,327174,1939,1938,3834,2321,0,0.010416287
Warm B,324180,1921,1920,3834,2321,1,0.0013947766
Warm B,318363,1891,1890,3834,2321,0,0.006567799
Warm B,312308,1861,1860,3834,2321,0,0.0055545997
Warm B,268985,1632,1631,3834,2321,0,0.01627612
Warm B,436383,2665,2664,3834,2321,0,0.007928386
Warm B,283172,1696,1695,3834,2321,0,0.0077367644
Warm B,227116,1377,1376,3834,2321,0,0.011714371
Warm B,323798,1920,1919,3834,2321,0,0.006436418
Warm B,218000,1322,1321,3834,2321,1,0.007765093
Warm B,208749,1274,1273,3834,2321,0,-0.002853838
Warm B,279147,1680,1679,3834,2321,0,0.010415461
Warm B,196973,1209,1208,3834,2321,0,0.012219138
Warm B,194821,1202,1201,3834,2321,1,0.011495585
Warm B,180269,1128,1127,3834,2321,0,0.0067586997
Warm B,179094,1124,1123,3834,2321,0,0.014678054
Warm B,196482,1207,1206,3834,2321,0,0.008336825
Warm B,166438,1059,1058,3834,2321,0,0.017646026
Warm B,190857,1181,1180,3834,2321,0,0.011028701
Warm B,151582,975,974,3834,2321,0,0.010528493
Warm B,199417,1224,1223,3834,2321,1,0.016125072
Warm B,217010,1317,1316,3834,2321,0,0.001680444
Warm B,139544,892,891,3834,2321,0,0.0044526635
Warm B,138219,889,888,3834,2321,0,0.011242183
Warm B,315201,1880,1879,3834,2321,0,0.01419516
Warm B,118343,765,764,3834,2321,0,0.008684151
Warm B,98788,660,659,3834,2321,0,0.012075441
Warm B,94917,637,636,3834,2321,0,0.00059566833
Warm B,351777,2063,2062,3834,2321,0,0.008584408
Warm B,94182,631,630,3834,2321,0,0.0030059214
Warm B,72004,482,481,3834,2321,0,0.01198668
Warm B,48682,326,325,3834,2321,0,-0.0023687198
Warm B,639070,3842,3841,3834,2321,0,0.01491089
Warm B,42572,291,290,3834,2321,1,0.0027221036
Warm B,39089,264,263,3834,2321,0,0.0096872635
Warm B,36770,245,244,3834,2321,0,0.012015727
Warm B,25727,181,180,3834,2321,0,0.014731541
Warm B,21721,157,156,3834,2321,0,0.0026772623
Warm B,30693,204,203,3834,2321,0,0.019489335
Warm B,18861,146,145,3834,2321,1,0.0212049
Warm B,129379,839,838,3834,2321,0,0.020516291
Warm B,828676,4979,4978,3834,2321,0,0.010834885
Warm B,241174,1451,1450,3834,2321,0,0.014392313
Warm B,102204,678,677,3834,2321,1,0.014013307
Warm B,996113,6016,6015,3834,2321,1,0.0102889
Warm B,958813,5787,5786,3834,2321,0,0.015748883
Warm B,339162,1998,1997,3834,2321,0,0.0027101994
Warm B,593782,3618,3617,3835,2322,0,0.009218923
Warm B,592849,3614,3613,3835,2322,0,0.0067439536
Warm B,586607,3580,3579,3835,2322,1,0.009626874
Warm B,585403,3575,3574,3835,2322,0,0.0030517124
Warm B,585275,3574,3573,3835,2322,0,0.003084468
Warm B,584203,3565,3564,3835,2322,1,0.0039414433
Warm B,583402,3562,3561,3835,2322,0,0.015846573
Warm B,577687,3527,3526,3835,2322,1,-0.00792929
Warm B,576533,3524,3523,3835,2322,1,0.010213367
Warm B,576655,3525,3524,3835,2322,0,0.001295415
Warm B,574096,3514,3513,3835,2322,0,-0.0011453778
Warm B,563406,3467,3466,3835,2322,1,0.015837776
Warm B,563307,3465,3464,3835,2322,0,0.0031384146
Warm B,563056,3464,3463,3835,2322,1,0.012022426
Warm B,718546,4305,4304,3835,2322,1,0.014752287
Warm B,555769,3416,3415,3835,2322,0,0.011355728
Warm B,547371,3377,3376,3835,2322,0,0.0054295147
Warm B,577127,3526,3525,3835,2322,0,0.009123406
Warm B,544919,3360,3359,3835,2322,1,0.008045556
Warm B,537101,3311,3310,3835,2322,0,0.0038631093
Warm B,535972,3308,3307,3835,2322,0,0.008077018
Warm B,564380,3471,3470,3835,2322,0,0.010209016
Warm B,534033,3296,3295,3835,2322,1,0.010523908
Warm B,527939,3264,3263,3835,2322,0,0.003416165
Warm B,523686,3228,3227,3835,2322,0,0.011662206
Warm B,959348,5788,5787,3835,2322,0,0.008729137
Warm B,519063,3202,3201,3835,2322,0,0.0065755555
Warm B,519198,3203,3202,3835,2322,0,0.007515575
Warm B,517858,3196,3195,3835,2322,0,0.012351669
Warm B,516943,3191,3190,3835,2322,0,0.0050336504
Warm B,540377,3323,3322,3835,2322,1,0.009230255
Warm B,797594,4784,4783,3835,2322,0,0.006850089
Warm B,550082,3391,3390,3835,2322,0,0.012969725
Warm B,659136,3971,3970,3835,2322,1,0.0047416477
Warm B,494091,3032,3031,3835,2322,1,0.005369357
Warm B,628644,3807,3806,3835,2322,0,0.011397497
Warm B,487883,3001,3000,3835,2322,0,0.010364553
Warm B,473566,2909,2908,3835,2322,1,0.0065196184
Warm B,467942,2885,2884,3835,2322,0,0.010850442
Warm B,879859,5317,5316,3835,2322,1,0.005975385
Warm B,462231,2852,2851,3835,2322,0,0.007957523
Warm B,463263,2857,2856,3835,2322,0,0.0086454805
Warm B,462573,2854,2853,3835,2322,0,0.009331663
Warm B,460964,2842,2841,3835,2322,0,0.0052124746
Warm B,460282,2840,2839,3835,2322,0,0.009164238
Warm B,457886,2820,2819,3835,2322,0,0.00510168
Warm B,453697,2793,2792,3835,2322,0,0.009566199
Warm B,450831,2777,2776,3835,2322,0,0.0065700402
Warm B,449117,2769,2768,3835,2322,0,0.0061188536
Warm B,444337,2741,2740,3835,2322,0,0.007484888
Warm B,443806,2737,2736,3835,2322,0,0.0027018278
Warm B,442871,2730,2729,3835,2322,1,0.011577124
Warm B,406418,2438,2437,3835,2322,0,0.01674245
Warm B,383664,2242,2241,3835,2322,1,0.00953615
Warm B,378542,2209,2208,3835,2322,0,0.0046516317
Warm B,373177,2179,2178,3835,2322,0,0.005020664
Warm B,361606,2109,2108,3835,2322,0,0.016593978
Warm B,351778,2063,2062,3835,2322,0,0.010006384
Warm B,375569,2188,2187,3835,2322,0,0.013800857
Warm B,360044,2105,2104,3835,2322,0,0.011775918
Warm B,350961,2060,2059,3835,2322,0,-0.0022568197
Warm B,265739,1613,1612,3835,2322,0,0.0055784658
Warm B,250702,1512,1511,3835,2322,0,0.0066853873
Warm B,321274,1904,1903,3835,2322,0,0.008102745
Warm B,279148,1680,1679,3835,2322,0,0.009506108
Warm B,304852,1812,1811,3835,2322,1,0.0070724366
Warm B,185230,1150,1149,3835,2322,0,0.007078197
Warm B,183978,1146,1145,3835,2322,0,0.01336054
Warm B,167831,1068,1067,3835,2322,0,0.0084377015
Warm B,163812,1050,1049,3835,2322,0,0.0077598365
Warm B,164503,1051,1050,3835,2322,0,0.010311081
Warm B,145332,935,934,3835,2322,0,0.0074519957
Warm B,156818,1010,1009,3835,2322,0,0.016126161
Warm B,233389,1420,1419,3835,2322,0,0.0057856385
Warm B,263279,1605,1604,3835,2322,0,0.01247476
Warm B,360738,2106,2105,3835,2322,0,0.015224684
Warm B,223511,1354,1353,3835,2322,0,0.0115006305
Warm B,114831,746,745,3835,2322,0,0.0021103015
Warm B,119215,770,769,3835,2322,0,0.013465658
Warm B,179571,1125,1124,3835,2322,0,0.010518146
Warm B,113292,735,734,3835,2322,0,0.008209793
Warm B,299609,1778,1777,3835,2322,0,0.012429085
Warm B,110791,721,720,3835,2322,1,0.007546056
Warm B,77479,524,523,3835,2322,0,0.0133741535
Warm B,75445,513,512,3835,2322,0,0.0019627817
Warm B,70153,474,473,3835,2322,0,0.007311311
Warm B,72005,482,481,3835,2322,0,0.015732111
Warm B,74801,509,508,3835,2322,0,0.0077886647
Warm B,132436,855,854,3835,2322,0,0.0050966702
Warm B,238884,1448,1447,3835,2322,0,0.013024123
Warm B,291362,1737,1736,3835,2322,1,0.0019163894
Warm B,22891,165,164,3835,2322,0,0.0085550025
Warm B,8653,58,57,3835,2322,0,0.016156679
Warm B,8003,53,52,3835,2322,0,0.011863334
Warm B,2805,22,21,3835,2322,0,0.005409548
Warm B,3712,26,25,3835,2322,0,0.0012431374
Warm B,107911,710,709,3835,2322,0,0.014093509
Warm B,408192,2453,2452,3835,2322,1,0.013735486
Warm B,354885,2077,2076,3835,2322,0,0.009946957
Warm B,140681,904,903,3835,2322,0,-0.0040773535
Warm B,150568,970,969,3835,2322,0,0.010157151
Warm B,530986,3280,3279,3835,2322,0,0.0062413793
Warm B,682404,4085,4084,3835,2322,0,0.012878658
Warm B,102205,678,677,3835,2322,0,0.016751092
Warm B,626740,3792,3791,3835,2322,0,0.0073651685
Warm B,79369,531,530,3835,2322,0,0.007717566
Warm B,46165,308,307,3835,2322,0,0.014629781
Warm B,907635,5492,5491,3835,2322,0,0.013602724
Warm B,456444,2810,2809,3835,2322,0,0.017347844
Warm B,195410,1203,1202,3835,2322,0,0.012289469
Warm B,50391,331,330,3835,2322,0,0.0003646498
Warm B,28478,195,194,3835,2322,0,0.014783895
Warm B,892939,5394,5393,3835,2322,0,0.009377705
Warm B,234944,1425,1424,3835,2322,0,0.00788154
Warm B,699659,4186,4185,3835,2322,0,0.0097837895
Warm B,992358,5996,5995,3835,2322,0,0.009671368
Warm B,272885,1647,1646,3835,2322,0,0.0025106084
Warm B,328045,1941,1940,3835,2322,0,0.010789331
Warm B,224478,1357,1356,3837,2324,0,0.0030281453
Warm B,272886,1647,1646,3837,2324,0,-0.005228469
Warm B,328048,1941,1940,3837,2324,0,0.009015163
Warm B,307402,1835,1834,3837,2324,0,0.002035592
Warm B,161991,1033,1032,3837,2324,0,-0.009419898
Warm B,159231,1017,1016,3837,2324,1,0.008321494
Warm B,132995,858,857,3837,2324,1,0.0075870072
Warm B,125529,808,807,3837,2324,0,-0.0040196716
Warm B,92741,621,620,3837,2324,0,-0.0020906134
Warm B,140682,904,903,3837,2324,0,0.0012600363
Warm B,80705,536,535,3837,2324,1,-0.0004740212
Warm B,81641,543,542,3837,2324,1,-0.004843153
Warm B,57696,390,389,3837,2324,0,0.006334912
Warm B,54108,352,351,3837,2324,1,0.0052717724
Warm B,45269,305,304,3837,2324,1,0.00014093099
Warm B,41992,284,283,3837,2324,0,0.005491222
Warm B,41281,278,277,3837,2324,1,0.0049320124
Warm B,192702,1186,1185,3837,2324,1,-0.004121432
Warm B,12435,94,93,3837,2324,0,0.0026321595
Warm B,290165,1733,1732,3837,2324,0,-0.0048348266
Warm B,299050,1776,1775,3837,2324,0,0.0033559033
Warm B,760653,4520,4519,3837,2324,0,0.005673619
Warm B,366153,2131,2130,3837,2324,1,-0.00044281082
Warm B,115371,749,748,3837,2324,0,-0.0016761175
Warm B,24579,173,172,3837,2324,0,-0.00094524166
Warm B,136544,881,880,3837,2324,0,-0.00013222592
Warm B,474355,2910,2909,3837,2324,1,-0.0025041664
Warm B,62885,424,423,3837,2324,0,0.0034076725
Warm B,311282,1854,1853,3837,2324,0,-0.0047516767
Warm B,566218,3476,3475,3840,2325,0,0.005410594
Warm B,494107,3032,3031,3840,2325,0,0.0063646394
Warm B,488670,3007,3006,3840,2325,0,0.012161689
Warm B,471350,2900,2899,3840,2325,0,0.0070423093
Warm B,790408,4728,4727,3840,2325,0,0.008876816
Warm B,437053,2668,2667,3840,2325,0,0.011913192
Warm B,430729,2625,2624,3840,2325,0,0.0060788402
Warm B,426465,2590,2589,3840,2325,0,0.003818541
Warm B,409603,2457,2456,3840,2325,0,0.00991831
Warm B,408918,2455,2454,3840,2325,0,0.0051348275
Warm B,397188,2352,2351,3840,2325,0,0.0072007785
Warm B,369907,2164,2163,3840,2325,0,0.009218628
Warm B,288259,1722,1721,3840,2325,0,0.0012786502
Warm B,279175,1680,1679,3840,2325,1,0.0040721977
Warm B,276936,1675,1674,3840,2325,1,0.0077693923
Warm B,280462,1683,1682,3840,2325,0,0.0053721233
Warm B,247662,1496,1495,3840,2325,1,-0.0056685535
Warm B,224483,1357,1356,3840,2325,0,0.0022239292
Warm B,217489,1318,1317,3840,2325,0,0.0044453903
Warm B,226380,1370,1369,3840,2325,0,-0.0015311823
Warm B,243922,1470,1469,3840,2325,0,0.0029574153
Warm B,192705,1186,1185,3840,2325,1,-0.0035596474
Warm B,328068,1941,1940,3840,2325,0,0.003859921
Warm B,194023,1195,1194,3840,2325,0,0.005084912
Warm B,307410,1835,1834,3840,2325,0,0.00959052
Warm B,180277,1128,1127,3840,2325,0,-0.0025327536
Warm B,196494,1207,1206,3840,2325,1,0.006495381
Warm B,183986,1146,1145,3840,2325,0,-0.0039838343
Warm B,159240,1017,1016,3840,2325,0,0.0063212514
Warm B,150975,971,970,3840,2325,0,-0.00031027826
Warm B,135610,877,876,3840,2325,0,-0.0023772276
Warm B,134242,869,868,3840,2325,0,-0.00021351117
Warm B,125538,808,807,3840,2325,0,0.005449255
Warm B,107511,709,708,3840,2325,0,0.00307735
Warm B,105594,698,697,3840,2325,1,0.008065479
Warm B,351797,2063,2062,3840,2325,0,-0.00097440975
Warm B,81650,543,542,3840,2325,0,0.0043922095
Warm B,57704,390,389,3840,2325,0,0.0037594074
Warm B,41285,278,277,3840,2325,1,0.012263554
Warm B,176917,1117,1116,3840,2325,0,0.006354168
Warm B,36801,245,244,3840,2325,0,-0.0014502001
Warm B,14712,117,116,3840,2325,0,0.0022422452
Warm B,290179,1733,1732,3840,2325,0,0.009922643
Warm B,107923,710,709,3840,2325,0,0.009596482
Warm B,432674,2638,2637,3840,2325,0,0.0046610297
Warm B,265069,1611,1610,3840,2325,0,2.2928696e-05
Warm B,366160,2131,2130,3840,2325,1,0.006987598
Warm B,891526,5387,5386,3840,2325,0,0.0035049145
Warm B,322335,1912,1911,3840,2325,0,0.00311994
Warm B,473584,2909,2908,3840,2325,0,0.0026778833
Warm B,474358,2910,2909,3840,2325,0,0.003963124
Warm B,62900,424,423,3840,2325,0,0.008847138
Warm B,596552,3626,3625,3846,2328,1,0.00948328
Warm B,587894,3589,3588,3846,2328,0,0.010603333
Warm B,585282,3574,3573,3846,2328,0,0.0058882474
Warm B,577151,3526,3525,3846,2328,0,0.009630983
Warm B,576538,3524,3523,3846,2328,1,0.0022293134
Warm B,617065,3735,3734,3846,2328,1,-0.008646756
Warm B,572112,3507,3506,3846,2328,1,0.010206109
Warm B,563994,3470,3469,3846,2328,0,-0.0034804416
Warm B,563410,3467,3466,3846,2328,1,0.012825228
Warm B,552324,3401,3400,3846,2328,0,0.011120493
Warm B,547376,3377,3376,3846,2328,1,0.0041110185
Warm B,550105,3391,3390,3846,2328,1,0.005979102
Warm B,544925,3360,3359,3846,2328,0,0.0061194976
Warm B,532628,3289,3288,3846,2328,0,-0.006569543
Warm B,542199,3336,3335,3846,2328,0,0.0018031084
Warm B,575318,3519,3518,3846,2328,0,0.012722081
Warm B,518732,3201,3200,3846,2328,0,0.0062495875
Warm B,515462,3182,3181,3846,2328,1,0.011088672
Warm B,514902,3180,3179,3846,2328,1,0.0077289212
Warm B,605775,3681,3680,3846,2328,0,0.0073083756
Warm B,540380,3323,3322,3846,2328,1,0.0013568816
Warm B,508609,3129,3128,3846,2328,1,0.007482834
Warm B,503821,3096,3095,3846,2328,0,-0.0032414447
Warm B,923918,5580,5579,3846,2328,1,0.011774342
Warm B,491801,3025,3024,3846,2328,0,0.0056982394
Warm B,485029,2986,2985,3846,2328,0,0.0058553186
Warm B,480121,2946,2945,3846,2328,1,0.008470641
Warm B,470978,2899,2898,3846,2328,0,0.011834228
Warm B,469953,2895,2894,3846,2328,0,0.004826661
Warm B,461043,2843,2842,3846,2328,1,0.013175994
Warm B,460969,2842,2841,3846,2328,0,0.014879841
Warm B,453713,2793,2792,3846,2328,1,0.013076546
Warm B,452268,2785,2784,3846,2328,0,0.010152014
Warm B,450262,2776,2775,3846,2328,1,0.0021679658
Warm B,435823,2664,2663,3846,2328,1,-0.0006652889
Warm B,420465,2541,2540,3846,2328,0,-0.00113833
Warm B,407538,2447,2446,3846,2328,1,0.0017558883
Warm B,404529,2419,2418,3846,2328,1,0.00468548
Warm B,388956,2279,2278,3846,2328,0,-0.0022697896
Warm B,378154,2206,2205,3846,2328,0,0.0032969427
Warm B,436398,2665,2664,3846,2328,0,0.011296283
Warm B,380800,2225,2224,3846,2328,0,0.013995445
Warm B,291381,1737,1736,3846,2328,1,0.007114554
Warm B,280832,1685,1684,3846,2328,1,0.0013293102
Warm B,264363,1608,1607,3846,2328,0,0.00132494
Warm B,260076,1591,1590,3846,2328,1,0.0023341817
Warm B,335867,1980,1979,3846,2328,0,0.01635952
Warm B,289327,1727,1726,3846,2328,0,0.0037099351
Warm B,213438,1298,1297,3846,2328,0,-0.0014933208
Warm B,308596,1837,1836,3846,2328,1,0.0070797084
Warm B,198807,1221,1220,3846,2328,1,0.004875458
Warm B,192144,1183,1182,3846,2328,0,0.005176336
Warm B,185248,1150,1149,3846,2328,0,0.010114228
Warm B,156839,1010,1009,3846,2328,0,0.0072440584
Warm B,160064,1019,1018,3846,2328,1,0.0047629643
Warm B,315217,1880,1879,3846,2328,0,0.009307606
Warm B,210913,1285,1284,3846,2328,0,0.015171937
Warm B,112868,732,731,3846,2328,1,0.003044898
Warm B,240042,1449,1448,3846,2328,0,0.010563919
Warm B,112451,731,730,3846,2328,1,0.0022122567
Warm B,234071,1422,1421,3846,2328,0,0.009798333
Warm B,228244,1383,1382,3846,2328,0,0.013066026
Warm B,83091,549,548,3846,2328,1,0.0064715273
Warm B,75899,516,515,3846,2328,0,-0.0061898646
Warm B,54142,352,351,3846,2328,0,0.0028911773
Warm B,88802,587,586,3846,2328,1,0.011006985
Warm B,36812,245,244,3846,2328,0,0.0059455596
Warm B,23927,169,168,3846,2328,1,0.014814014
Warm B,238902,1448,1447,3846,2328,0,-0.0002458418
Warm B,3744,26,25,3846,2328,0,-0.00523398
Warm B,15849,123,122,3846,2328,0,0.013980346
Warm B,19685,148,147,3846,2328,1,0.0129435435
Warm B,432678,2638,2637,3846,2328,0,0.013080702
Warm B,102222,678,677,3846,2328,0,0.014244064
Warm B,431033,2627,2626,3846,2328,0,0.0108286925
Warm B,709745,4258,4257,3846,2328,1,0.0058054505
Warm B,62905,424,423,3846,2328,0,0.008405615
Warm B,241186,1451,1450,3846,2328,1,0.0076961312
Warm B,475494,2918,2917,3858,2330,1,0.0025742291
Warm B,312876,1865,1864,3858,2330,1,0.00817531
Warm B,105601,698,697,3858,2330,0,0.0036998317
Warm B,537908,3312,3311,3858,2330,0,0.008329393
Warm B,984325,5949,5948,3858,2330,1,0.0065876166
Warm B,744869,4448,4447,3858,2330,0,0.015459176
Warm B,460673,2841,2840,3858,2330,0,0.00393012
Warm B,863266,5198,5197,3858,2330,0,0.0052752583
Warm B,489209,3012,3011,3858,2330,0,0.003230436
Warm B,796046,4771,4770,3859,2331,1,0.008643564
Warm B,871594,5265,5264,3859,2331,1,0.0031138281
Warm B,682437,4085,4084,3859,2331,0,0.004642131
Warm B,201540,1242,1241,3859,2331,0,0.004053438
Warm B,904634,5470,5469,3859,2331,1,0.0023737
Warm B,20296,149,148,3859,2331,1,0.013725099
Warm B,251868,1524,1523,3859,2331,1,0.012813173
Warm B,683978,4089,4088,3859,2331,1,0.0050077913
Warm B,535007,3301,3300,3859,2331,1,0.010523236
Warm B,469960,2895,2894,3859,2331,1,0.014612556
Warm B,161334,1029,1028,3859,2331,1,0.012663304
Warm B,217034,1317,1316,3859,2331,1,0.010382977
Warm B,635651,3832,3831,3859,2331,1,0.0046186782
Warm B,622105,3768,3767,3859,2331,1,0.010579759
Warm B,983022,5938,5937,3859,2331,1,0.0051724855
Warm B,501286,3080,3079,3859,2331,1,0.0067718537
Warm B,460675,2841,2840,3859,2331,1,0.012238318
Warm B,384700,2247,2246,3859,2331,1,0.004970515
Warm B,346632,2031,2030,3859,2331,1,0.009459526
Warm B,475496,2918,2917,3859,2331,0,0.010670163
Warm B,891531,5387,5386,3859,2331,1,0.0055200104
Warm B,937210,5654,5653,3859,2331,1,0.005120915
Warm B,354095,2073,2072,3864,2334,0,0.006945756
Warm B,247684,1496,1495,3864,2334,0,0.0046504857
Warm B,225420,1364,1363,3864,2334,0,0.0025266528
Warm B,226089,1369,1368,3864,2334,1,0.0015259839
Warm B,215525,1306,1305,3864,2334,1,0.0105495
Warm B,243938,1470,1469,3864,2334,1,0.009889763
Warm B,359723,2103,2102,3864,2334,0,0.005715603
Warm B,236378,1434,1433,3864,2334,1,0.004717615
Warm B,277683,1676,1675,3864,2334,0,0.011257141
Warm B,294655,1750,1749,3864,2334,0,0.005211776
Warm B,326554,1935,1934,3864,2334,1,0.008387418
Warm B,172630,1094,1093,3864,2334,0,0.007129712
Warm B,164545,1051,1050,3864,2334,1,0.0075716656
Warm B,162593,1037,1036,3864,2334,0,0.0023616177
Warm B,159258,1017,1016,3864,2334,1,0.009659964
Warm B,170513,1086,1085,3864,2334,0,0.008749387
Warm B,246311,1489,1488,3864,2334,0,0.017836604
Warm B,147931,953,952,3864,2334,1,0.005085558
Warm B,142967,922,921,3864,2334,0,0.0006582303
Warm B,138286,889,888,3864,2334,0,0.005391271
Warm B,436420,2665,2664,3864,2334,0,0.012509058
Warm B,350717,2059,2058,3864,2334,1,0.0039573167
Warm B,384113,2244,2243,3864,2334,0,0.0049702777
Warm B,130521,846,845,3864,2334,1,0.0024038213
Warm B,107177,705,704,3864,2334,1,0.008713033
Warm B,166776,1060,1059,3864,2334,0,0.011388598
Warm B,100843,673,672,3864,2334,0,0.0050166044
Warm B,103409,687,686,3864,2334,0,0.00071167946
Warm B,109293,714,713,3864,2334,0,0.006033509
Warm B,92548,620,619,3864,2334,1,0.0017982482
Warm B,90325,596,595,3864,2334,0,0.0036955695
Warm B,88524,585,584,3864,2334,1,0.0096107945
Warm B,86117,563,562,3864,2334,0,0.0039107176
Warm B,72714,489,488,3864,2334,0,0.0013221384
Warm B,70435,475,474,3864,2334,0,0.007870253
Warm B,70164,474,473,3864,2334,0,0.013628099
Warm B,72034,482,481,3864,2334,0,0.008362104
Warm B,67445,453,452,3864,2334,0,0.01513406
Warm B,75908,516,515,3864,2334,0,0.010684669
Warm B,44111,302,301,3864,2334,0,0.011138409
Warm B,35690,242,241,3864,2334,1,0.0058798743
Warm B,96741,649,648,3864,2334,1,0.007372316
Warm B,219163,1329,1328,3864,2334,0,0.011977176
Warm B,29512,202,201,3864,2334,0,0.0102812685
Warm B,28613,198,197,3864,2334,0,0.0046309233
Warm B,135977,878,877,3864,2334,0,0.010354829
Warm B,11773,92,91,3864,2334,0,0.006798382
Warm B,10116,73,72,3864,2334,1,0.012545006
Warm B,8980,61,60,3864,2334,0,-0.001273264
Warm B,8198,57,56,3864,2334,0,0.013068386
Warm B,8266,58,57,3864,2334,0,0.010539797
Warm B,5369,37,36,3864,2334,0,0.0065728338
Warm B,47107,319,318,3864,2334,0,0.005828921
Warm B,351830,2063,2062,3864,2334,0,0.013605165
Warm B,227608,1380,1379,3864,2334,0,0.0128238145
Warm B,152195,979,978,3864,2334,0,0.0024579826
Warm B,743104,4445,4444,3864,2334,1,0.0008210434
Warm B,174145,1101,1100,3864,2334,0,0.0029870227
Warm B,42625,293,292,3864,2334,0,0.0065880953
Warm B,370992,2168,2167,3864,2334,1,0.0068647666
Warm B,484314,2980,2979,3864,2334,0,0.007495857
Warm B,285308,1701,1700,3864,2334,0,0.014634719
Warm B,206860,1266,1265,3864,2334,0,0.012037714
Warm B,622111,3768,3767,3864,2334,0,0.006996263
Warm B,677999,4063,4062,3864,2334,0,0.0020284196
Warm B,73301,496,495,3864,2334,1,0.0047166226
Warm B,907640,5492,5491,3864,2334,0,0.004992286
Warm B,489214,3012,3011,3864,2334,0,0.0054987166
Warm B,171621,1088,1087,3864,2334,0,0.0065229665
Warm B,908051,5493,5492,3864,2334,0,0.0066714142
Warm B,559405,3436,3435,3864,2334,1,0.004321371
Warm B,951072,5747,5746,3864,2334,0,0.0062191607
Warm B,512842,3163,3162,3864,2334,0,0.009664162
Warm B,217042,1317,1316,3864,2334,0,0.007336848
Warm B,136584,881,880,3864,2334,0,0.0057459865
Warm B,537918,3312,3311,3864,2334,0,0.0035061568
Warm B,105606,698,697,3864,2334,0,0.005177658
Warm B,600794,3652,3651,3864,2334,0,0.010044254
Warm B,811106,4867,4866,3864,2334,1,0.010047121
Warm B,526758,3259,3258,3864,2334,0,0.013067929
Warm B,396184,2342,2341,3864,2334,1,-0.00027249777
Warm B,718561,4305,4304,3864,2334,0,0.0067885853
Warm B,456961,2814,2813,3864,2334,1,6.970833e-05
Warm B,200797,1234,1233,3865,2335,1,0.011436484
Warm B,359724,2103,2102,3865,2335,0,0.0040858006
Warm B,226483,1371,1370,3865,2335,0,0.0065532723
Warm B,416599,2507,2506,3865,2335,1,0.025156593
Warm B,326555,1935,1934,3865,2335,1,0.013408357
Warm B,185285,1150,1149,3865,2335,1,0.0084626665
Warm B,181592,1135,1134,3865,2335,1,0.0076297866
Warm B,168436,1069,1068,3865,2335,0,0.012128705
Warm B,363762,2119,2118,3865,2335,0,0.005003594
Warm B,203084,1246,1245,3865,2335,1,0.0029692352
Warm B,149237,960,959,3865,2335,0,-0.0006739474
Warm B,246312,1489,1488,3865,2335,0,0.017333064
Warm B,139704,894,893,3865,2335,1,0.0033029558
Warm B,139608,893,892,3865,2335,0,0.0043196427
Warm B,139180,890,889,3865,2335,1,0.011549516
Warm B,138287,889,888,3865,2335,0,0.0071226447
Warm B,137366,886,885,3865,2335,0,0.0003729649
Warm B,135164,875,874,3865,2335,0,0.00030615646
Warm B,384114,2244,2243,3865,2335,0,0.0092821065
Warm B,133290,860,859,3865,2335,0,0.0056501534
Warm B,128954,838,837,3865,2335,1,0.012631046
Warm B,127151,821,820,3865,2335,0,-0.004989745
Warm B,125754,809,808,3865,2335,0,0.016002018
Warm B,117042,754,753,3865,2335,0,0.009939433
Warm B,115083,747,746,3865,2335,1,0.012459603
Warm B,110127,718,717,3865,2335,0,-0.0025822832
Warm B,108711,712,711,3865,2335,1,0.008017692
Warm B,107323,706,705,3865,2335,0,0.0033322293
Warm B,100844,673,672,3865,2335,0,0.010212196
Warm B,100165,669,668,3865,2335,0,0.00563337
Warm B,93786,629,628,3865,2335,0,0.00386565
Warm B,284167,1698,1697,3865,2335,1,0.01159638
Warm B,119248,770,769,3865,2335,1,0.016124105
Warm B,64238,429,428,3865,2335,1,0.0036974046
Warm B,59849,408,407,3865,2335,1,-0.0025728152
Warm B,626774,3792,3791,3865,2335,0,0.01342421
Warm B,48722,327,326,3865,2335,0,0.0019951079
Warm B,44892,303,302,3865,2335,1,0.00973037
Warm B,96742,649,648,3865,2335,1,0.009484462
Warm B,433176,2641,2640,3865,2335,1,0.008027479
Warm B,947554,5722,5721,3865,2335,1,0.0048574735
Warm B,314368,1877,1876,3865,2335,0,0.009079847
Warm B,591966,3610,3609,3865,2335,0,0.010011011
Warm B,66038,442,441,3865,2335,0,-0.0012066788
Warm B,464154,2860,2859,3865,2335,1,0.008897489
Warm B,287304,1715,1714,3865,2335,1,0.0072571067
Warm B,761157,4522,4521,3865,2335,1,0.013359121
Warm B,358241,2097,2096,3865,2335,0,0.009049505
Warm B,333837,1969,1968,3865,2335,1,0.013278263
Warm B,804301,4816,4815,3865,2335,0,0.01320302
Warm B,214324,1301,1300,3865,2335,1,0.014070029
Warm B,274043,1655,1654,3865,2335,1,0.012010936
Warm B,206862,1266,1265,3865,2335,0,0.014747502
Warm B,119935,774,773,3865,2335,0,0.007511178
Warm B,16026,127,126,3865,2335,0,0.01167365
Warm B,164547,1051,1050,3865,2335,1,0.017015487
Warm B,681967,4084,4083,3865,2335,0,0.015058838
Warm B,777791,4647,4646,3865,2335,1,0.017659618
Warm B,24092,173,172,3865,2335,0,0.00858259
Warm B,783467,4680,4679,3865,2335,0,0.0041850843
Warm B,388352,2272,2271,3865,2335,0,0.0054361047
Warm B,583430,3562,3561,3865,2335,0,0.017651426
Warm B,154351,996,995,3865,2335,0,0.018709848
Warm B,719517,4310,4309,3865,2335,1,0.004616553
Warm B,317705,1889,1888,3865,2335,0,0.020209398
Warm B,839320,5046,5045,3865,2335,1,0.0175327
Warm B,96612,648,647,3865,2335,0,0.0053530177
Warm B,330721,1952,1951,3865,2335,0,0.0060366886
Warm B,93291,624,623,3865,2335,0,0.01593264
Warm B,116201,752,751,3865,2335,1,0.016437367
Warm B,19717,149,148,3865,2335,0,0.014259831
Warm B,469968,2895,2894,3865,2335,0,0.014591888
Warm B,272923,1647,1646,3865,2335,1,0.014414735
Warm B,263317,1605,1604,3865,2335,0,0.019430138
Warm B,784090,4682,4681,3865,2335,1,0.0094223395
Warm B,330963,1954,1953,3865,2335,0,0.006751269
Warm B,475502,2918,2917,3865,2335,0,0.0059760623
Warm B,659143,3971,3970,3865,2335,1,0.00806893
Warm B,178636,1121,1120,3865,2335,0,0.017629888
Warm B,413735,2489,2488,3865,2335,1,0.009843331
Warm B,575809,3520,3519,3865,2335,0,0.00797614
Warm B,941403,5682,5681,3865,2335,1,0.022174332
Warm B,848892,5100,5099,3865,2335,0,0.019100435
Warm B,234970,1425,1424,3865,2335,0,0.01584243
Warm B,826091,4960,4959,3865,2335,1,0.0017125667
Warm B,863269,5198,5197,3865,2335,0,0.010645143
Warm B,351832,2063,2062,3865,2335,0,0.015456269
Warm B,323172,1916,1915,3872,2339,1,0.012163423
Warm B,330965,1954,1953,3872,2339,1,-0.0026656976
Warm B,318942,1896,1895,3872,2339,1,0.00094686076
Warm B,269024,1632,1631,3872,2339,0,0.008425377
Warm B,252942,1533,1532,3872,2339,1,0.01332227
Warm B,236859,1439,1438,3872,2339,1,0.008872852
Warm B,631572,3821,3820,3872,2339,0,0.020162128
Warm B,325393,1926,1925,3872,2339,0,0.0041226274
Warm B,218017,1322,1321,3872,2339,1,0.0081616705
Warm B,208777,1274,1273,3872,2339,0,0.006292238
Warm B,198181,1218,1217,3872,2339,1,0.010772942
Warm B,218286,1323,1322,3872,2339,1,0.014323264
Warm B,182786,1140,1139,3872,2339,0,0.006972924
Warm B,177560,1119,1118,3872,2339,1,0.0068481797
Warm B,161190,1028,1027,3872,2339,1,0.0045734816
Warm B,338139,1988,1987,3872,2339,1,0.0032701814
Warm B,227849,1382,1381,3872,2339,1,-0.0041503427
Warm B,185298,1150,1149,3872,2339,1,0.0063076257
Warm B,964052,5812,5811,3872,2339,1,0.012457981
Warm B,138303,889,888,3872,2339,0,0.0044965153
Warm B,98140,656,655,3872,2339,1,0.006018184
Warm B,316813,1884,1883,3872,2339,1,0.009710573
Warm B,84175,550,549,3872,2339,1,0.018730287
Warm B,67031,451,450,3872,2339,1,0.0077321865
Warm B,46583,312,311,3872,2339,1,-0.002512495
Warm B,45488,307,306,3872,2339,1,0.0046570757
Warm B,481828,2962,2961,3872,2339,1,0.010452656
Warm B,13092,102,101,3872,2339,0,0.009632211
Warm B,591969,3610,3609,3872,2339,0,0.019961394
Warm B,357469,2092,2091,3872,2339,0,0.015970679
Warm B,89265,588,587,3872,2339,1,0.017224547
Warm B,225245,1362,1361,3872,2339,1,0.013052608
Warm B,34518,235,234,3872,2339,1,0.0025724205
Warm B,289693,1729,1728,3872,2339,1,0.000114167226
Warm B,158205,1015,1014,3872,2339,1,0.016188659
Warm B,24120,173,172,3872,2339,1,0.016101688
Warm B,329323,1943,1942,3872,2339,0,0.01750542
Warm B,841131,5054,5053,3872,2339,1,0.0026347917
Warm B,276233,1671,1670,3872,2339,0,0.009772554
Warm B,657531,3963,3962,3872,2339,1,0.009620762
Warm B,27452,193,192,3872,2339,0,0.01301734
Warm B,171634,1088,1087,3872,2339,0,0.018235238
Warm B,478074,2934,2933,3877,2341,0,0.013071667
Warm B,870120,5256,5255,3877,2341,0,0.008639571
Warm B,473642,2909,2908,3877,2341,0,0.013906689
Warm B,992381,5996,5995,3877,2341,0,0.003996542
Warm B,463310,2857,2856,3877,2341,0,0.006862527
Warm B,461827,2848,2847,3877,2341,0,0.004021596
Warm B,450867,2777,2776,3877,2341,0,-6.260816e-05
Warm B,449909,2774,2773,3877,2341,0,0.005159364
Warm B,447343,2756,2755,3877,2341,0,0.0073538763
Warm B,444415,2742,2741,3877,2341,0,0.009847033
Warm B,442881,2730,2729,3877,2341,0,0.0064984206
Warm B,432307,2635,2634,3877,2341,1,0.0020413918
Warm B,430505,2624,2623,3877,2341,1,0.016652405
Warm B,429149,2611,2610,3877,2341,0,0.00847914
Warm B,427800,2599,2598,3877,2341,0,0.0073296214
Warm B,424222,2572,2571,3877,2341,0,0.0020250445
Warm B,426487,2590,2589,3877,2341,0,0.01129804
Warm B,421886,2551,2550,3877,2341,0,0.0033324168
Warm B,415510,2503,2502,3877,2341,0,0.0077501805
Warm B,411252,2468,2467,3877,2341,1,0.007189063
Warm B,406960,2445,2444,3877,2341,0,-0.00032334856
Warm B,436431,2665,2664,3877,2341,0,0.008683227
Warm B,402319,2402,2401,3877,2341,0,0.0044298014
Warm B,385288,2251,2250,3877,2341,0,0.010487528
Warm B,377258,2203,2202,3877,2341,1,0.015943516
Warm B,373436,2180,2179,3877,2341,0,0.0065353615
Warm B,371670,2172,2171,3877,2341,0,0.005138617
Warm B,369058,2157,2156,3877,2341,0,0.00095103664
Warm B,356393,2088,2087,3877,2341,0,0.010954859
Warm B,341593,2012,2011,3877,2341,0,0.008264779
Warm B,333391,1968,1967,3877,2341,0,0.0027592687
Warm B,325398,1926,1925,3877,2341,0,0.0062761963
Warm B,326993,1938,1937,3877,2341,0,0.00737656
Warm B,300724,1781,1780,3877,2341,0,0.004070523
Warm B,296058,1757,1756,3877,2341,0,0.011912877
Warm B,297497,1764,1763,3877,2341,0,0.0065259933
Warm B,288890,1726,1725,3877,2341,0,-0.0017646712
Warm B,290924,1736,1735,3877,2341,0,0.016753662
Warm B,299074,1776,1775,3877,2341,1,0.008603724
Warm B,291406,1737,1736,3877,2341,0,-0.001576728
Warm B,299633,1778,1777,3877,2341,0,0.009862876
Warm B,265779,1613,1612,3877,2341,0,0.014651226
Warm B,346209,2030,2029,3877,2341,0,0.01014811
Warm B,338864,1996,1995,3877,2341,0,3.2721786e-05
Warm B,356837,2090,2089,3877,2341,1,0.001804038
Warm B,227146,1377,1376,3877,2341,0,0.010387017
Warm B,335917,1980,1979,3877,2341,0,0.01163188
Warm B,233066,1418,1417,3877,2341,0,0.011576498
Warm B,221350,1340,1339,3877,2341,0,0.0068896995
Warm B,216037,1311,1310,3877,2341,0,0.007629825
Warm B,224164,1356,1355,3877,2341,1,-0.0027450752
Warm B,279263,1680,1679,3877,2341,0,0.010375309
Warm B,304892,1812,1811,3877,2341,1,0.0066786893
Warm B,277696,1676,1675,3877,2341,0,-0.0012022373
Warm B,269954,1635,1634,3877,2341,0,0.013451015
Warm B,190938,1181,1180,3877,2341,0,0.012114478
Warm B,180303,1128,1127,3877,2341,0,0.0063957265
Warm B,179993,1127,1126,3877,2341,0,0.00378769
Warm B,328134,1941,1940,3877,2341,0,0.023136158
Warm B,276647,1673,1672,3877,2341,0,0.0051317685
Warm B,227611,1380,1379,3877,2341,0,0.0020375769
Warm B,275549,1667,1666,3877,2341,0,0.00781645
Warm B,154864,999,998,3877,2341,0,0.005859736
Warm B,217055,1317,1316,3877,2341,0,0.012068606
Warm B,276966,1675,1674,3877,2341,0,0.0063369367
Warm B,134279,869,868,3877,2341,0,-0.0040355744
Warm B,202496,1244,1243,3877,2341,0,0.0068182014
Warm B,315256,1880,1879,3877,2341,0,0.017538937
Warm B,263333,1605,1604,3877,2341,0,0.0048492127
Warm B,121948,786,785,3877,2341,1,0.006749111
Warm B,122184,788,787,3877,2341,0,0.0067312084
Warm B,475782,2919,2918,3877,2341,0,0.01384852
Warm B,114446,744,743,3877,2341,0,0.0068254494
Warm B,112477,731,730,3877,2341,1,0.010697462
Warm B,178126,1120,1119,3877,2341,0,-0.0009859387
Warm B,116213,752,751,3877,2341,0,0.018647369
Warm B,113319,735,734,3877,2341,0,0.011198567
Warm B,93616,627,626,3877,2341,0,0.0011668459
Warm B,150595,970,969,3877,2341,0,0.002229895
Warm B,86121,563,562,3877,2341,0,0.009161294
Warm B,85262,556,555,3877,2341,0,0.0022111554
Warm B,68723,461,460,3877,2341,0,0.0067799212
Warm B,65357,438,437,3877,2341,0,0.0037012463
Warm B,53365,352,351,3877,2341,0,0.0116475085
Warm B,63895,426,425,3877,2341,0,0.012223212
Warm B,38466,262,261,3877,2341,0,-0.002669816
Warm B,40176,272,271,3877,2341,0,0.010131255
Warm B,98826,660,659,3877,2341,0,0.006994062
Warm B,408684,2454,2453,3877,2341,0,0.0049652755
Warm B,27680,194,193,3877,2341,1,0.010699636
Warm B,28638,198,197,3877,2341,0,0.010351852
Warm B,14281,117,116,3877,2341,0,0.017480083
Warm B,12213,93,92,3877,2341,0,0.013268529
Warm B,11140,83,82,3877,2341,0,0.005742915
Warm B,7416,53,52,3877,2341,0,0.0011411952
Warm B,6558,48,47,3877,2341,0,0.013744568
Warm B,1973,18,17,3877,2341,0,0.0031889132
Warm B,2876,23,22,3877,2341,0,0.010879016
Warm B,79400,531,530,3877,2341,0,0.0011984352
Warm B,19123,148,147,3877,2341,0,0.0075327912
Warm B,530266,3274,3273,3877,2341,0,0.0030524186
Warm B,27794,195,194,3877,2341,0,0.0067614834
Warm B,432702,2638,2637,3877,2341,0,0.015076272
Warm B,237920,1447,1446,3877,2341,0,0.010498492
Warm B,572836,3509,3508,3877,2341,0,0.010170464
Warm B,102261,678,677,3877,2341,1,0.008829681
Warm B,917279,5543,5542,3877,2341,0,0.0064906655
Warm B,964056,5812,5811,3877,2341,0,0.007570521
Warm B,599259,3648,3647,3877,2341,0,0.0028440359
Warm B,52004,343,342,3877,2341,0,0.0120446095
Warm B,241213,1451,1450,3877,2341,0,0.01630532
Warm B,892969,5394,5393,3877,2341,0,0.013962871
Warm B,699684,4186,4185,3877,2341,0,0.013676194
Warm B,831932,5001,5000,3877,2341,0,0.009558428
Warm B,661979,3992,3991,3877,2341,0,0.010893715
Warm B,214330,1301,1300,3877,2341,1,0.005848037
Warm B,575341,3519,3518,3877,2341,0,0.009477589
Warm B,713075,4277,4276,3877,2341,0,0.013372046
Warm B,272934,1647,1646,3877,2341,0,0.0069773784
Warm B,311288,1854,1853,3877,2341,0,0.0007798136
Warm B,193655,1194,1193,3877,2341,0,0.004043919
Warm B,272197,1645,1644,3877,2341,0,0.012017172
Warm B,216305,1313,1312,3879,2342,0,0.0015054492
Warm B,296805,1759,1758,3879,2342,1,0.007483428
Warm B,190944,1181,1180,3879,2342,0,0.00655943
Warm B,172636,1094,1093,3879,2342,0,-0.0031573672
Warm B,168443,1069,1068,3879,2342,1,-0.0032678237
Warm B,165776,1057,1056,3879,2342,0,-0.002713588
Warm B,301087,1789,1788,3879,2342,0,0.0019817473
Warm B,157416,1011,1010,3879,2342,0,0.0039266315
Warm B,149598,963,962,3879,2342,0,0.010429527
Warm B,246316,1489,1488,3879,2342,0,0.003726432
Warm B,144920,934,933,3879,2342,0,-0.0019245492
Warm B,141189,910,909,3879,2342,1,-0.0010399076
Warm B,138314,889,888,3879,2342,0,0.0065074274
Warm B,134281,869,868,3879,2342,0,0.0005656979
Warm B,384122,2244,2243,3879,2342,0,0.0031051068
Warm B,125861,810,809,3879,2342,0,-0.0039588977
Warm B,107327,706,705,3879,2342,0,0.0025009215
Warm B,107084,704,703,3879,2342,0,0.009249859
Warm B,166777,1060,1059,3879,2342,1,0.006979312
Warm B,93793,629,628,3879,2342,0,0.013920665
Warm B,87673,575,574,3879,2342,1,0.0035693033
Warm B,81355,542,541,3879,2342,1,0.0024283542
Warm B,66548,445,444,3879,2342,0,-0.0023651845
Warm B,39434,268,267,3879,2342,0,0.00590063
Warm B,33280,225,224,3879,2342,0,-0.0055058673
Warm B,23318,167,166,3879,2342,0,0.0032019156
Warm B,591975,3610,3609,3879,2342,0,-0.0030851583
Warm B,688068,4116,4115,3879,2342,0,-0.003581429
Warm B,1745,17,16,3879,2342,1,0.0017557574
Warm B,223544,1354,1353,3879,2342,0,0.0027150058
Warm B,713079,4277,4276,3879,2342,1,0.0016018318
Warm B,171645,1088,1087,3879,2342,0,-0.0020448207
Warm B,554488,3411,3410,3879,2342,0,0.009415834
Warm B,481831,2962,2961,3879,2342,0,0.00080569834
Warm B,351854,2063,2062,3879,2342,0,0.0077841
Warm B,17079,134,133,3879,2342,0,0.002959347
Warm B,45298,306,305,3879,2342,1,0.002085556
Warm B,584997,3571,3570,3879,2342,1,0.007988708
Warm B,363036,2116,2115,3879,2342,0,0.004893748
Warm B,154353,996,995,3879,2342,0,-0.0070401877
Warm B,469977,2895,2894,3879,2342,0,0.0061698793
Warm B,150596,970,969,3879,2342,0,0.011259718
Warm B,753284,4489,4488,3879,2342,1,0.0119361505
Warm B,42646,293,292,3879,2342,0,0.001470648
Warm B,182009,1137,1136,3879,2342,0,0.0058423835
Warm B,784098,4682,4681,3879,2342,0,0.0035946693
Warm B,608627,3691,3690,3879,2342,0,0.008589622
Warm B,806734,4829,4828,3879,2342,0,-0.0036895652
Warm B,310684,1851,1850,3879,2342,0,0.0032305638
Warm B,54296,355,354,3879,2342,1,0.010410821
Warm B,897599,5428,5427,3879,2342,1,0.003620036
Warm B,607128,3685,3684,3879,2342,0,0.009038521
Warm B,622126,3768,3767,3879,2342,0,-0.0058380244
Warm B,350973,2060,2059,3879,2342,0,0.014872944
Warm B,567476,3483,3482,3879,2342,0,0.010174563
Warm B,30325,204,203,3879,2342,0,0.009944254
Warm B,744891,4448,4447,3879,2342,1,0.013051336
Warm B,572837,3509,3508,3879,2342,0,0.004471015
Warm B,682455,4085,4084,3879,2342,0,0.009622142
Warm B,437239,2669,2668,3879,2342,0,0.0018837324
Warm B,564422,3471,3470,3879,2342,0,0.0073658437
Warm B,317717,1889,1888,3879,2342,0,-0.00295949
Warm B,302138,1794,1793,3879,2342,0,-0.0022746185
Warm B,685033,4094,4093,3879,2342,1,0.0041399794
Warm B,33803,228,227,3879,2342,0,0.0064643174
Warm B,116216,752,751,3879,2342,0,0.015008615
Warm B,99847,667,666,3879,2342,0,-0.00286578
Warm B,11513,90,89,3879,2342,0,-0.002229265
Warm B,230522,1395,1394,3879,2342,0,0.015956484
Warm B,502583,3085,3084,3879,2342,0,0.004819874
Warm B,863890,5205,5204,3879,2342,0,0.0044424273
Warm B,947879,5723,5722,3879,2342,0,0.0048686783
Warm B,673261,4042,4041,3879,2342,0,0.012445845
Warm B,719518,4310,4309,3879,2342,1,0.011288597
Warm B,473645,2909,2908,3879,2342,1,0.0067909
Warm B,503130,3089,3088,3879,2342,1,-0.0048560305
Warm B,26626,188,187,3879,2342,0,0.010733096
Warm B,496486,3051,3050,3879,2342,0,0.009592492
Warm B,215534,1306,1305,3879,2342,0,0.0043217866
Warm B,312886,1865,1864,3879,2342,1,0.0059794327
Warm B,537931,3312,3311,3879,2342,0,0.0019757277
Warm B,174155,1101,1100,3879,2342,0,0.013351326
Warm B,941409,5682,5681,3879,2342,0,0.011295711
Warm B,561584,3454,3453,3879,2342,0,-0.001851492
Warm B,195464,1203,1202,3889,2344,0,0.020363366
Warm B,190967,1181,1180,3889,2344,0,0.016729657
Warm B,304906,1812,1811,3889,2344,1,0.015051674
Warm B,181598,1135,1134,3889,2344,1,0.0028522294
Warm B,308643,1837,1836,3889,2344,0,0.01847227
Warm B,174165,1101,1100,3889,2344,0,0.01672407
Warm B,328163,1941,1940,3889,2344,0,0.008689877
Warm B,165228,1053,1052,3889,2344,0,0.011104727
Warm B,162010,1033,1032,3889,2344,0,0.016780432
Warm B,275554,1667,1666,3889,2344,0,0.019191492
Warm B,246328,1489,1488,3889,2344,0,0.012761436
Warm B,146962,948,947,3889,2344,0,0.0035782387
Warm B,138332,889,888,3889,2344,0,0.01572971
Warm B,134303,869,868,3889,2344,0,0.012339536
Warm B,384130,2244,2243,3889,2344,0,0.017179113
Warm B,176400,1115,1114,3889,2344,0,0.008085528
Warm B,745666,4449,4448,3889,2344,0,-0.0015222635
Warm B,126027,812,811,3889,2344,0,0.002989318
Warm B,123427,796,795,3889,2344,0,0.016429586
Warm B,121153,780,779,3889,2344,1,0.010920469
Warm B,115085,747,746,3889,2344,1,0.0051964233
Warm B,114458,744,743,3889,2344,0,0.014605668
Warm B,166779,1060,1059,3889,2344,1,0.0027039992
Warm B,102284,678,677,3889,2344,0,0.008333709
Warm B,93804,629,628,3889,2344,0,0.016115239
Warm B,92552,620,619,3889,2344,0,0.0077631483
Warm B,87081,569,568,3889,2344,0,0.005643199
Warm B,87271,570,569,3889,2344,1,0.008864552
Warm B,85909,561,560,3889,2344,1,-0.0014557607
Warm B,86132,563,562,3889,2344,0,0.019121088
Warm B,75362,512,511,3889,2344,0,-0.00077311567
Warm B,74853,509,508,3889,2344,0,0.017696999
Warm B,74410,508,507,3889,2344,0,0.00481274
Warm B,72720,489,488,3889,2344,0,0.00065166363
Warm B,67786,454,453,3889,2344,0,0.010510563
Warm B,113872,738,737,3889,2344,0,0.005531895
Warm B,66554,445,444,3889,2344,0,0.0054115825
Warm B,64954,436,435,3889,2344,0,0.002985037
Warm B,59031,402,401,3889,2344,0,0.015859732
Warm B,50815,335,334,3889,2344,0,0.008555493
Warm B,891211,5386,5385,3889,2344,0,0.0022886791
Warm B,41620,284,283,3889,2344,0,0.010582019
Warm B,38469,262,261,3889,2344,0,0.006603545
Warm B,537947,3312,3311,3889,2344,0,0.010889776
Warm B,36166,245,244,3889,2344,0,0.008183118
Warm B,537172,3311,3310,3889,2344,0,0.006486362
Warm B,22294,163,162,3889,2344,0,0.018028738
Warm B,19145,148,147,3889,2344,0,0.006243702
Warm B,12226,93,92,3889,2344,0,0.0012641582
Warm B,10078,72,71,3889,2344,0,0.007326545
Warm B,8984,61,60,3889,2344,0,0.0084007885
Warm B,2006,18,17,3889,2344,0,-0.0009823833
Warm B,530274,3274,3273,3889,2344,0,0.015709657
Warm B,2319,19,18,3889,2344,0,0.0067765354
Warm B,288446,1723,1722,3889,2344,1,0.005346142
Warm B,407784,2451,2450,3889,2344,0,0.005611022
Warm B,10142,73,72,3889,2344,1,0.016166708
Warm B,572846,3509,3508,3889,2344,1,0.009894535
Warm B,206887,1266,1265,3889,2344,0,0.017665874
Warm B,895420,5412,5411,3889,2344,0,0.014247533
Warm B,467344,2880,2879,3889,2344,0,0.010826401
Warm B,618960,3751,3750,3889,2344,0,0.010497622
Warm B,32455,218,217,3889,2344,0,0.02100211
Warm B,233649,1421,1420,3889,2344,0,0.016970256
Warm B,27830,195,194,3889,2344,0,0.012768818
Warm B,255912,1560,1559,3889,2344,1,0.002492266
Warm B,947886,5723,5722,3889,2344,0,0.0035837996
Warm B,833395,5011,5010,3889,2344,1,0.00830378
Warm B,310698,1851,1850,3889,2344,0,0.00083707424
Warm B,230529,1395,1394,3889,2344,1,0.0067078513
Warm B,383241,2239,2238,3889,2344,0,0.0063504763
Warm B,351880,2063,2062,3889,2344,0,0.023186635
Warm B,484611,2985,2984,3889,2344,1,0.009572947
Warm B,656097,3953,3952,3889,2344,0,0.014240777
Warm B,933480,5636,5635,3889,2344,0,0.01933958
Warm B,744911,4448,4447,3895,2346,0,0.0034259579
Warm B,299088,1776,1775,3895,2346,1,0.0067052795
Warm B,265111,1611,1610,3895,2346,0,0.010899827
Warm B,179603,1125,1124,3895,2346,0,0.00019904366
Warm B,682480,4085,4084,3895,2346,0,0.00097520486
Warm B,11827,92,91,3895,2346,0,0.004595801
Warm B,476169,2925,2924,3895,2346,0,0.0088447165
Warm B,206895,1266,1265,3895,2346,0,0.0016707759
Warm B,182025,1137,1136,3895,2346,0,0.005963403
Warm B,519220,3203,3202,3895,2346,0,-0.0062330123
Warm B,16049,127,126,3895,2346,0,0.0006760316
Warm B,164585,1051,1050,3895,2346,0,0.002465903
Warm B,437242,2669,2668,3895,2346,0,0.0029975711
Warm B,564438,3471,3470,3895,2346,0,0.0049968488
Warm B,272216,1645,1644,3895,2346,1,0.007103108
Warm B,19778,149,148,3895,2346,0,0.007844202
Warm B,258447,1584,1583,3895,2346,0,0.0022323383
Warm B,599281,3648,3647,3895,2346,0,0.0066462895
Warm B,532163,3285,3284,3895,2346,0,-0.0005060572
Warm B,287422,1716,1715,3895,2346,0,0.0047830017
Warm B,407786,2451,2450,3895,2346,1,0.0051040133
Warm B,302149,1794,1793,3895,2346,0,-0.0043307566
Warm B,309621,1842,1841,3895,2346,0,0.008740366
Warm B,713104,4277,4276,3895,2346,0,0.0019421551
Warm B,79426,531,530,3895,2346,0,0.012526964
Warm B,499451,3067,3066,3895,2346,0,0.004146293
Warm B,349298,2050,2049,3895,2346,0,0.0068253535
Warm B,696352,4169,4168,3895,2346,1,0.00870184
Warm B,473670,2909,2908,3895,2346,1,-0.0037122937
Warm B,495345,3041,3040,3895,2346,0,0.00061051396
Warm B,312891,1865,1864,3895,2346,0,0.005171703
Warm B,62989,424,423,3895,2346,0,0.0053964276
Warm B,171671,1088,1087,3895,2346,0,0.006983157
Warm B,906610,5484,5483,3895,2346,1,0.0069520106
Warm B,296487,1758,1757,3896,2347,1,0.017085187
Warm B,213906,1299,1298,3896,2347,0,-0.0047384817
Warm B,201154,1241,1240,3896,2347,0,0.0029561925
Warm B,243986,1470,1469,3896,2347,0,0.014315899
Warm B,200524,1231,1230,3896,2347,1,-0.0071282396
Warm B,199779,1226,1225,3896,2347,1,7.083593e-05
Warm B,197746,1215,1214,3896,2347,1,0.00745898
Warm B,197001,1209,1208,3896,2347,1,0.006206645
Warm B,195474,1203,1202,3896,2347,0,0.0074713924
Warm B,186535,1154,1153,3896,2347,1,-0.0001711211
Warm B,326558,1935,1934,3896,2347,0,0.0021411118
Warm B,185329,1150,1149,3896,2347,1,0.01535472
Warm B,181602,1135,1134,3896,2347,0,0.010457579
Warm B,181116,1132,1131,3896,2347,1,0.0037500623
Warm B,176040,1113,1112,3896,2347,1,0.0063281124
Warm B,174171,1101,1100,3896,2347,1,0.008701538
Warm B,168455,1069,1068,3896,2347,0,-0.0032918858
Warm B,246332,1489,1488,3896,2347,0,0.007374525
Warm B,147940,953,952,3896,2347,1,0.0047989096
Warm B,146111,939,938,3896,2347,1,0.012141515
Warm B,138340,889,888,3896,2347,0,0.00026412366
Warm B,134309,869,868,3896,2347,1,0.010544392
Warm B,330733,1952,1951,3896,2347,0,0.0001590962
Warm B,127155,821,820,3896,2347,0,0.0019034825
Warm B,122032,787,786,3896,2347,1,0.0071942993
Warm B,202510,1244,1243,3896,2347,1,0.0050842836
Warm B,118810,768,767,3896,2347,1,-0.0015116648
Warm B,223560,1354,1353,3896,2347,0,0.0021607676
Warm B,116242,752,751,3896,2347,1,0.006699593
Warm B,114637,745,744,3896,2347,0,0.0053016553
Warm B,778883,4653,4652,3896,2347,0,0.0058932155
Warm B,107088,704,703,3896,2347,0,0.0077489605
Warm B,100178,669,668,3896,2347,0,0.0054557924
Warm B,100562,671,670,3896,2347,1,0.011509603
Warm B,93811,629,628,3896,2347,0,0.0036157873
Warm B,91632,608,607,3896,2347,1,0.0019988818
Warm B,77559,524,523,3896,2347,0,0.0090328865
Warm B,72070,482,481,3896,2347,1,0.0077698603
Warm B,66558,445,444,3896,2347,1,-0.0062662065
Warm B,64250,429,428,3896,2347,0,0.006577363
Warm B,371009,2168,2167,3896,2347,1,0.00500388
Warm B,57071,386,385,3896,2347,0,0.011896746
Warm B,55472,368,367,3896,2347,1,0.0067696124
Warm B,40660,273,272,3896,2347,1,0.007416983
Warm B,481841,2962,2961,3896,2347,1,-0.0009358814
Warm B,33308,225,224,3896,2347,0,0.010403879
Warm B,32722,222,221,3896,2347,0,0.009443989
Warm B,31460,214,213,3896,2347,0,0.008596664
Warm B,175015,1109,1108,3896,2347,1,-0.0016112328
Warm B,13732,110,109,3896,2347,0,-0.0057923496
Warm B,469989,2895,2894,3896,2347,0,0.0044446904
Warm B,171673,1088,1087,3896,2347,1,0.0017138892
Warm B,351890,2063,2062,3896,2347,1,0.01197207
Warm B,149383,962,961,3896,2347,0,0.0016590352
Warm B,255532,1556,1555,3896,2347,0,0.004761126
Warm B,182027,1137,1136,3896,2347,0,-0.007893281
Warm B,713105,4277,4276,3896,2347,1,0.0069090994
Warm B,287306,1715,1714,3896,2347,0,0.0054627857
Warm B,49792,330,329,3896,2347,0,0.0045075
Warm B,407283,2446,2445,3896,2347,1,0.009342144
Warm B,19779,149,148,3896,2347,1,0.009639209
Warm B,286732,1712,1711,3896,2347,0,0.011410206
Warm B,696353,4169,4168,3896,2347,0,0.011563117
Warm B,119279,770,769,3896,2347,0,0.009781288
Warm B,631595,3821,3820,3896,2347,0,0.009349483
Warm B,753296,4489,4488,3896,2347,1,0.0115130665
Warm B,843946,5074,5073,3896,2347,0,0.0060073547
Warm B,204591,1260,1259,3896,2347,0,0.0072899484
Warm B,289695,1729,1728,3896,2347,0,-0.0018135291
Warm B,733470,4386,4385,3896,2347,1,0.004399629
Warm B,354938,2077,2076,3896,2347,1,0.0060151755
Warm B,498785,3065,3064,3896,2347,1,-0.00061581004
Warm B,531044,3280,3279,3896,2347,0,0.00444092
Warm B,12810,99,98,3896,2347,1,0.005018659
Warm B,607137,3685,3684,3896,2347,1,-0.0036908723
Warm B,635660,3832,3831,3896,2347,0,-0.0013049147
Warm B,895680,5413,5412,3896,2347,1,-0.0022961376
Warm B,265112,1611,1610,3896,2347,1,0.010396493
Warm B,876998,5300,5299,3896,2347,0,-0.0047867512
Warm B,750433,4478,4477,3896,2347,0,0.009163912
Warm B,828723,4979,4978,3896,2347,1,0.01117474
Warm B,254381,1546,1545,3896,2347,1,0.015160985
Warm B,240120,1449,1448,3896,2347,0,0.012084639
Warm B,682481,4085,4084,3896,2347,1,0.0100824395
Warm B,567489,3483,3482,3896,2347,1,0.002308174
Warm B,622148,3768,3767,3896,2347,0,0.009030608
Warm B,882989,5333,5332,3896,2347,0,0.0009406791
Warm B,649814,3916,3915,3896,2347,0,0.0065786564
Warm B,20591,151,150,3896,2347,1,0.008289776
Warm B,107992,710,709,3896,2347,1,0.0029779605
Warm B,104343,692,691,3896,2347,1,-0.0013049641
Warm B,535024,3301,3300,3896,2347,0,0.009623235
Warm B,2623,22,21,3896,2347,0,0.0064757895
Warm B,230533,1395,1394,3896,2347,0,0.00694169
Warm B,223066,1352,1351,3896,2347,0,0.010600548
Warm B,920105,5557,5556,3896,2347,1,-0.0014397464
Warm B,308650,1837,1836,3896,2347,0,0.006449354
Warm B,11520,90,89,3896,2347,1,-1.0085234e-05
Warm B,893886,5397,5396,3896,2347,0,0.0028039925
Warm B,784114,4682,4681,3896,2347,0,0.0013146414
Warm B,947887,5723,5722,3896,2347,1,0.0062262383
Warm B,344843,2023,2022,3896,2347,1,0.0013087341
Warm B,176970,1117,1116,3896,2347,0,0.00077533675
Warm B,720086,4312,4311,3896,2347,1,0.0076329056
Warm B,768734,4579,4578,3896,2347,0,0.0063296435
Warm B,550188,3391,3390,3896,2347,1,0.0038355181
Warm B,156900,1010,1009,3896,2347,0,0.0037115682
Warm B,473671,2909,2908,3896,2347,1,0.00098746
Warm B,333867,1969,1968,3896,2347,1,0.00077497005
Warm B,251876,1524,1523,3896,2347,0,-0.00042353082
Warm B,688371,4117,4116,3896,2347,1,-5.169632e-05
Warm B,886905,5359,5358,3896,2347,1,0.010817666
Warm B,324967,1925,1924,3896,2347,1,0.0078539075
Warm B,941416,5682,5681,3896,2347,1,-0.0031362763
Warm B,93310,624,623,3896,2347,0,0.009619566
Warm B,346637,2031,2030,3896,2347,0,0.0069454703
Warm B,382019,2232,2231,3896,2347,1,0.00536419
Warm B,974341,5878,5877,3896,2347,0,0.010428735
Warm B,984598,5950,5949,3896,2347,0,0.008496979
Warm B,32532,218,217,3901,2349,0,0.0072180177
Warm B,171059,1087,1086,3901,2349,0,0.0052880174
Warm B,254545,1546,1545,3901,2349,0,0.014268376
Warm B,532469,3285,3284,3901,2349,0,0.012495589
Warm B,364412,2122,2121,3901,2349,0,0.0023188046
Warm B,217431,1317,1316,3901,2349,1,0.009337094
Warm B,78744,528,527,3901,2349,0,0.013904419
Warm B,301116,1789,1788,3901,2349,0,0.007153942
Warm B,116693,752,751,3901,2349,1,0.010177638
Warm B,588698,3590,3589,3901,2349,0,0.015512278
Warm B,286960,1712,1711,3901,2349,0,0.017659578
Warm B,595037,3620,3619,3901,2349,0,0.02066731
Warm B,309846,1842,1841,3901,2349,0,-0.00042354217
Warm B,79823,531,530,3901,2349,0,0.0114812795
Warm B,366330,2131,2130,3901,2349,1,0.002569192
Warm B,975201,5880,5879,3901,2349,0,0.0060515245
Warm B,232886,1415,1414,3901,2349,1,0.010976184
Warm B,472985,2907,2906,3901,2349,1,0.010145144
Warm B,353576,2071,2070,3901,2349,0,0.013283858
Warm B,145976,937,936,3901,2349,0,0.0104704555
Warm B,400053,2380,2379,3901,2349,1,0.019166574
Warm B,322808,1912,1911,3901,2349,0,0.009538572
Warm B,583757,3562,3561,3901,2349,0,0.0031092812
Warm B,684339,4089,4088,3901,2349,0,0.01759327
Warm B,560073,3441,3440,3901,2349,1,0.01214901
Warm B,306293,1824,1823,3901,2349,1,0.0039184247
Warm B,20953,151,150,3901,2349,0,0.004670549
Warm B,328879,1941,1940,3901,2349,0,0.015092
Warm B,262018,1599,1598,3901,2349,1,-0.0008693441
Warm B,463936,2859,2858,3901,2349,1,0.013836612
Warm B,61458,412,411,3901,2349,1,0.00097617577
Warm B,627173,3792,3791,3901,2349,0,0.008222561
Warm B,94433,633,632,3901,2349,0,0.004703626
Warm B,258032,1579,1578,3901,2349,0,0.010781631
Warm B,285576,1701,1700,3901,2349,1,0.008768832
Warm B,29498,201,200,3901,2349,1,0.001988559
Warm B,562848,3462,3461,3901,2349,0,0.011551505
Warm B,313055,1865,1864,3901,2349,0,0.00303814
Warm B,964275,5812,5811,3901,2349,0,0.015708277
Warm B,557393,3423,3422,3901,2349,1,0.0060085556
Warm B,699818,4186,4185,3901,2349,0,0.016728897
Warm B,571530,3504,3503,3901,2349,0,0.011230194
Warm B,352480,2063,2062,3901,2349,0,0.01682093
Warm B,172199,1088,1087,3901,2349,0,0.008850427
Warm B,273374,1647,1646,3901,2349,1,0.025820559
Warm B,83646,549,548,3901,2349,0,0.014756713
Warm B,48048,321,320,3908,2350,0,-0.00092186406
Warm B,111128,721,720,3908,2350,0,0.025167212
Warm B,41987,284,283,3908,2350,0,0.009927218
Warm B,947651,5722,5721,3908,2350,0,0.016593294
Warm B,21051,153,152,3908,2350,1,0.004713378
Warm B,14153,115,114,3908,2350,0,0.008089729
Warm B,9012,61,60,3908,2350,0,-0.0015360208
Warm B,238398,1447,1446,3908,2350,0,0.024293657
Warm B,352485,2063,2062,3908,2350,0,0.025415735
Warm B,207225,1266,1265,3908,2350,0,0.020169547
Warm B,182288,1137,1136,3908,2350,0,0.014180798
Warm B,108402,710,709,3908,2350,0,0.022244236
Warm B,164960,1051,1050,3908,2350,0,0.018905804
Warm B,437295,2669,2668,3908,2350,0,0.0015787957
Warm B,927743,5605,5604,3908,2350,0,0.007967074
Warm B,309849,1842,1841,3908,2350,0,0.018827986
Warm B,328884,1941,1940,3908,2350,0,0.023393191
Warm B,177309,1117,1116,3908,2350,0,0.00885223
Warm B,730597,4371,4370,3908,2350,0,0.012877743
Warm B,115613,749,748,3908,2350,0,0.010614185
Warm B,474235,2909,2908,3908,2350,1,0.0078060078
Warm B,718737,4305,4304,3908,2350,1,0.018285984
Warm B,116956,753,752,3908,2350,1,0.0033377386
Warm B,290637,1733,1732,3908,2350,0,0.0135056
Warm B,628911,3807,3806,3908,2350,0,0.024122667
Warm B,474434,2910,2909,3908,2350,1,0.008293552
Warm B,538264,3312,3311,3908,2350,0,0.017520115
Warm B,235356,1425,1424,3908,2350,0,0.015378198
Warm B,336779,1982,1981,3908,2350,0,-0.0016064388
Warm B,322811,1912,1911,3908,2350,0,0.02106525
Warm B,575957,3520,3519,3908,2350,0,0.010892462
Warm B,172202,1088,1087,3908,2350,0,0.01836225
Warm B,456647,2810,2809,3909,2351,0,0.0062934128
Warm B,627177,3792,3791,3909,2351,0,0.008784416
Warm B,313058,1865,1864,3909,2351,0,0.0031722984
Warm B,561745,3454,3453,3909,2351,0,0.010332502
Warm B,490453,3017,3016,3909,2351,0,0.00498119
Warm B,235357,1425,1424,3909,2351,1,0.008647632
Warm B,583761,3562,3561,3909,2351,1,0.008012777
Warm B,116702,752,751,3909,2351,0,0.010437954
Warm B,215764,1306,1305,3909,2351,0,0.01164775
Warm B,319671,1897,1896,3914,2353,0,0.010835353
Warm B,841328,5054,5053,3914,2353,1,0.004138486
Warm B,116959,753,752,3914,2353,1,0.014303601
Warm B,863984,5205,5204,3914,2353,1,0.016849378
Warm B,538280,3312,3311,3914,2353,0,0.008587671
Warm B,907011,5488,5487,3914,2353,1,0.004645682
Warm B,235370,1425,1424,3914,2353,0,0.008854545
Warm B,571540,3504,3503,3914,2353,1,-0.0022594987
Warm B,27657,193,192,3914,2353,1,0.008852497
Warm B,328912,1941,1940,3914,2353,1,0.005346391
Warm B,130142,842,841,3915,2354,1,0.0047319946
Warm B,127961,826,825,3915,2354,0,-0.004815094
Warm B,610730,3704,3703,3915,2354,1,0.010026788
Warm B,127164,821,820,3915,2354,0,0.0067388737
Warm B,153583,986,985,3915,2354,1,0.0032336356
Warm B,810144,4858,4857,3915,2354,1,0.002174321
Warm B,114647,745,744,3915,2354,0,0.005661799
Warm B,778980,4653,4652,3915,2354,0,0.015278242
Warm B,104723,693,692,3915,2354,1,0.009412208
Warm B,101064,673,672,3915,2354,0,0.007983272
Warm B,100493,670,669,3915,2354,0,0.010429235
Warm B,89674,590,589,3915,2354,1,0.012369142
Warm B,76484,518,517,3915,2354,0,0.01207762
Warm B,57705,390,389,3915,2354,0,0.012431678
Warm B,57038,385,384,3915,2354,0,-0.00038261153
Warm B,50935,335,334,3915,2354,0,-0.00304153
Warm B,313063,1865,1864,3915,2354,1,0.01251753
Warm B,33720,225,224,3915,2354,0,0.01213043
Warm B,314451,1877,1876,3915,2354,0,0.015676176
Warm B,565074,3473,3472,3915,2354,1,0.014830381
Warm B,447598,2757,2756,3915,2354,0,0.012114914
Warm B,129802,839,838,3915,2354,1,0.017313842
Warm B,485413,2986,2985,3915,2354,0,0.019169725
Warm B,42917,293,292,3915,2354,0,0.008513206
Warm B,508377,3128,3127,3915,2354,1,0.0076703457
Warm B,883196,5333,5332,3915,2354,1,0.0038999617
Warm B,567804,3483,3482,3915,2354,1,0.032338493
Warm B,241575,1451,1450,3915,2354,1,0.013891662
Warm B,290653,1733,1732,3915,2354,0,0.014623127
Warm B,713492,4277,4276,3915,2354,1,0.021195736
Warm B,361217,2106,2105,3915,2354,0,0.0077525964
Warm B,500555,3074,3073,3915,2354,1,0.015046307
Warm B,583772,3562,3561,3915,2354,1,0.015430058
Warm B,28511,195,194,3915,2354,1,0.01784331
Warm B,685173,4094,4093,3915,2354,0,0.019296968
Warm B,195849,1203,1202,3915,2354,1,0.012270533
Warm B,684357,4089,4088,3915,2354,0,0.012658371
Warm B,665360,4005,4004,3915,2354,1,0.008763621
Warm B,405392,2427,2426,3915,2354,1,0.0027976825
Warm B,575006,3518,3517,3915,2354,1,0.01930536
Warm B,575669,3519,3518,3915,2354,1,0.019921552
Warm B,172229,1088,1087,3915,2354,1,0.013231581
Warm B,523105,3224,3223,3915,2354,1,0.0114733465
Warm B,358325,2097,2096,3915,2354,1,0.0068344087
Warm B,930513,5621,5620,3915,2354,1,0.017648019
Warm B,520610,3210,3209,3915,2354,1,-0.0003855786
Warm B,322836,1912,1911,3915,2354,0,0.024893021
Warm B,206526,1265,1264,3915,2354,1,0.0030319805
Warm B,13207,102,101,3915,2354,0,0.0054005063
Warm B,47776,319,318,3915,2354,0,0.012643182
Warm B,768901,4579,4578,3915,2354,0,0.0059733056
Warm B,908203,5493,5492,3915,2354,1,0.011772784
Warm B,319672,1897,1896,3915,2354,0,0.019588815
Warm B,682872,4085,4084,3915,2354,1,0.017708985
Warm B,223883,1354,1353,3915,2354,1,0.009274775
Warm B,24602,173,172,3915,2354,0,0.0046335813
Warm B,215775,1306,1305,3915,2354,1,0.011830375
Warm B,363862,2119,2118,3915,2354,1,0.0070705586
Warm B,887027,5359,5358,3915,2354,1,0.019367345
Warm B,501572,3080,3079,3915,2354,1,0.022907011
Warm B,235371,1425,1424,3915,2354,1,0.01275544
Warm B,460922,2841,2840,3915,2354,0,0.013262667
Warm B,608779,3691,3690,3915,2354,0,0.022029793
Warm B,804407,4816,4815,3915,2354,1,0.012829149
Warm B,352511,2063,2062,3915,2354,0,0.022832522
Warm B,34034,229,228,3915,2354,1,0.0076942286
Warm B,302375,1794,1793,3915,2354,0,0.004869921
Warm B,362028,2109,2108,3918,2357,0,0.006782014
Warm B,352514,2063,2062,3918,2357,1,0.014468012
Warm B,349708,2053,2052,3918,2357,0,0.0035622683
Warm B,342937,2015,2014,3918,2357,0,-0.0043439167
Warm B,334191,1970,1969,3918,2357,0,-4.8960093e-05
Warm B,328920,1941,1940,3918,2357,0,0.007671587
Warm B,326359,1931,1930,3918,2357,1,0.00644573
Warm B,324710,1923,1922,3918,2357,1,0.0044366545
Warm B,317232,1885,1884,3918,2357,0,0.007320537
Warm B,330605,1951,1950,3918,2357,0,-0.0019153967
Warm B,305696,1819,1818,3918,2357,0,0.0063487245
Warm B,305419,1816,1815,3918,2357,1,0.009448937
Warm B,303394,1802,1801,3918,2357,0,0.0012294846
Warm B,303681,1803,1802,3918,2357,0,0.007915644
Warm B,300782,1781,1780,3918,2357,1,0.0017040859
Warm B,288373,1722,1721,3918,2357,1,0.010055819
Warm B,290656,1733,1732,3918,2357,0,0.015496066
Warm B,291790,1737,1736,3918,2357,0,0.012135596
Warm B,297939,1765,1764,3918,2357,1,0.009957395
Warm B,285599,1701,1700,3918,2357,0,0.012995049
Warm B,281473,1687,1686,3918,2357,0,0.013819715
Warm B,280186,1680,1679,3918,2357,0,0.007892722
Warm B,277265,1675,1674,3918,2357,0,0.0050233332
Warm B,280359,1681,1680,3918,2357,1,-0.00019747583
Warm B,273399,1647,1646,3918,2357,0,0.008597229
Warm B,270610,1637,1636,3918,2357,0,0.0009770985
Warm B,266766,1617,1616,3918,2357,0,0.0067821164
Warm B,265377,1611,1610,3918,2357,1,0.014034934
Warm B,261485,1598,1597,3918,2357,1,0.0116448775
Warm B,260775,1593,1592,3918,2357,0,0.0042855907
Warm B,259910,1589,1588,3918,2357,0,0.010292447
Warm B,252778,1531,1530,3918,2357,0,0.0025456727
Warm B,248203,1497,1496,3918,2357,0,0.010592423
Warm B,247236,1494,1493,3918,2357,1,0.003405941
Warm B,248006,1496,1495,3918,2357,1,0.011974431
Warm B,232369,1410,1409,3918,2357,1,0.0030342361
Warm B,226462,1370,1369,3918,2357,0,0.004245094
Warm B,224400,1356,1355,3918,2357,0,0.004926009
Warm B,224586,1357,1356,3918,2357,0,0.0024418836
Warm B,220146,1333,1332,3918,2357,0,0.013626501
Warm B,212274,1292,1291,3918,2357,0,0.0070458017
Warm B,204338,1259,1258,3918,2357,0,0.005024608
Warm B,196837,1207,1206,3918,2357,0,0.0036074307
Warm B,210401,1284,1283,3918,2357,0,0.002964127
Warm B,195999,1204,1203,3918,2357,0,0.008873407
Warm B,184513,1147,1146,3918,2357,0,0.0055532823
Warm B,184197,1146,1145,3918,2357,0,0.011034852
Warm B,307829,1835,1834,3918,2357,1,0.016354216
Warm B,181372,1133,1132,3918,2357,1,0.009293039
Warm B,180059,1127,1126,3918,2357,0,0.004657382
Warm B,180544,1128,1127,3918,2357,0,0.004112305
Warm B,176451,1115,1114,3918,2357,1,0.0013546705
Warm B,169729,1077,1076,3918,2357,0,0.0048094653
Warm B,159521,1017,1016,3918,2357,1,0.009023589
Warm B,152104,977,976,3918,2357,0,0.014220534
Warm B,145989,937,936,3918,2357,0,0.0068620513
Warm B,142029,915,914,3918,2357,0,0.0027417634
Warm B,157371,1010,1009,3918,2357,0,0.0078010517
Warm B,139023,889,888,3918,2357,0,0.006382474
Warm B,135944,877,876,3918,2357,1,0.008599652
Warm B,124055,798,797,3918,2357,0,0.006287735
Warm B,122850,792,791,3918,2357,0,0.0049664937
Warm B,115180,748,747,3918,2357,0,0.004568983
Warm B,99945,667,666,3918,2357,0,0.004512149
Warm B,234464,1422,1421,3918,2357,0,0.006730323
Warm B,92884,621,620,3918,2357,0,0.010717796
Warm B,92448,618,617,3918,2357,0,0.0075999084
Warm B,86388,565,564,3918,2357,0,0.0024093548
Warm B,83681,549,548,3918,2357,0,0.008714224
Warm B,82363,546,545,3918,2357,0,0.0044075167
Warm B,239469,1448,1447,3918,2357,0,0.010286988
Warm B,73937,501,500,3918,2357,0,0.006655285
Warm B,82026,543,542,3918,2357,1,0.0029984713
Warm B,72460,482,481,3918,2357,0,0.013735387
Warm B,68967,461,460,3918,2357,0,0.0019681244
Warm B,63556,424,423,3918,2357,0,0.0028304798
Warm B,57708,390,389,3918,2357,1,0.008614257
Warm B,54138,352,351,3918,2357,1,0.0051911213
Warm B,41287,278,277,3918,2357,1,0.012890112
Warm B,36809,245,244,3918,2357,0,0.010401708
Warm B,31302,211,210,3918,2357,1,0.0019134094
Warm B,330340,1949,1948,3918,2357,0,0.0057931915
Warm B,26868,190,189,3918,2357,0,0.009282979
Warm B,595971,3624,3623,3918,2357,0,0.0058860783
Warm B,75613,514,513,3918,2357,0,0.0035587621
Warm B,310947,1851,1850,3918,2357,0,-0.0058866274
Warm B,18196,139,138,3918,2357,0,0.01626794
Warm B,14157,115,114,3918,2357,0,0.0054940907
Warm B,14722,117,116,3918,2357,1,0.0055636233
Warm B,13799,110,109,3918,2357,0,0.012506682
Warm B,28517,195,194,3918,2357,1,0.01657692
Warm B,8027,53,52,3918,2357,1,0.010090157
Warm B,299301,1776,1775,3918,2357,1,0.0052177254
Warm B,102767,678,677,3918,2357,1,0.011599834
Warm B,760739,4520,4519,3918,2357,1,0.0074658385
Warm B,597021,3626,3625,3918,2357,0,0.005789674
Warm B,158827,1015,1014,3918,2357,0,0.008070221
Warm B,622480,3768,3767,3918,2357,0,0.008297201
Warm B,14240,116,115,3918,2357,1,0.00990067
Warm B,267393,1624,1623,3918,2357,0,0.0075848335
Warm B,720284,4312,4311,3918,2357,1,0.008763279
Warm B,713496,4277,4276,3918,2357,0,0.012525264
Warm B,130649,846,845,3918,2357,0,0.0074949474
Warm B,115629,749,748,3918,2357,0,-0.0018637378
Warm B,628921,3807,3806,3918,2357,0,0.0069991257
Warm B,474438,2910,2909,3918,2357,0,0.0020955703
Warm B,238428,1447,1446,3918,2357,1,0.0071576587
Warm B,107554,709,708,3919,2358,0,0.011559224
Warm B,92885,621,620,3919,2358,0,0.00071428134
Warm B,91718,608,607,3919,2358,0,-0.0036122638
Warm B,82027,543,542,3919,2358,1,0.010180245
Warm B,72462,482,481,3919,2358,0,0.010580995
Warm B,57709,390,389,3919,2358,0,0.006566265
Warm B,54141,352,351,3919,2358,0,0.0058875084
Warm B,42012,284,283,3919,2358,0,0.006597804
Warm B,41288,278,277,3919,2358,0,0.0049941903
Warm B,291792,1737,1736,3919,2358,0,-0.00816089
Warm B,99946,667,666,3919,2358,0,-0.0030114418
Warm B,537612,3311,3310,3919,2358,0,-0.0040373737
Warm B,75614,514,513,3919,2358,0,0.0014223326
Warm B,18198,139,138,3919,2358,0,0.007889236
Warm B,15208,121,120,3919,2358,1,0.0141047295
Warm B,14725,117,116,3919,2358,0,0.0071553444
Warm B,8029,53,52,3919,2358,0,0.011466442
Warm B,696876,4169,4168,3919,2358,0,0.011756081
Warm B,552760,3401,3400,3919,2358,0,0.0070051625
Warm B,760740,4520,4519,3919,2358,0,-0.0051398934
Warm B,597023,3626,3625,3919,2358,0,-0.0012145626
Warm B,46196,308,307,3919,2358,0,0.0027001484
Warm B,720286,4312,4311,3919,2358,0,0.005373627
Warm B,628922,3807,3806,3919,2358,0,-0.00053215306
Warm B,474439,2910,2909,3919,2358,1,0.008886062
Warm B,63558,424,423,3919,2358,0,0.005528566
Warm B,893143,5394,5393,3919,2358,0,0.0050926586
Warm B,844149,5074,5073,3920,2359,0,0.0028332197
Warm B,451917,2781,2780,3920,2359,1,0.013058239
Warm B,750542,4478,4477,3920,2359,1,0.019018013
Warm B,772815,4607,4606,3920,2359,1,0.009271278
Warm B,958947,5787,5786,3920,2359,1,0.0033262505
Warm B,203393,1246,1245,3920,2359,0,0.021827094
Warm B,220157,1333,1332,3923,2360,1,0.008180384
Warm B,204339,1259,1258,3923,2360,1,0.0051150806
Warm B,204277,1258,1257,3923,2360,0,0.007089123
Warm B,196227,1206,1205,3923,2360,0,0.011885183
Warm B,194221,1197,1196,3923,2360,0,0.006583367
Warm B,190130,1179,1178,3923,2360,0,0.0045567923
Warm B,184526,1147,1146,3923,2360,0,0.0006237716
Warm B,182960,1140,1139,3923,2360,0,0.0012421317
Warm B,159530,1017,1016,3923,2360,0,0.007376125
Warm B,147222,948,947,3923,2360,0,0.0026309555
Warm B,235975,1428,1427,3923,2360,0,0.0066400133
Warm B,142030,915,914,3923,2360,0,0.009736596
Warm B,205044,1261,1260,3923,2360,1,0.004881862
Warm B,140418,899,898,3923,2360,0,0.0068941144
Warm B,139053,889,888,3923,2360,0,0.011899868
Warm B,133901,868,867,3923,2360,0,0.0030451622
Warm B,131436,850,849,3923,2360,0,0.008876517
Warm B,128738,835,834,3923,2360,0,0.0034531786
Warm B,127963,826,825,3923,2360,0,0.0009359918
Warm B,153586,986,985,3923,2360,1,-0.0047692563
Warm B,124061,798,797,3923,2360,0,0.020714186
Warm B,105485,697,696,3923,2360,0,0.014317979
Warm B,99256,661,660,3923,2360,0,0.0038308515
Warm B,713515,4277,4276,3923,2360,0,0.0087699015
Warm B,91017,602,601,3923,2360,0,0.011290223
Warm B,330858,1952,1951,3923,2360,0,0.0016482004
Warm B,244304,1470,1469,3923,2360,0,0.011356486
Warm B,82368,546,545,3923,2360,0,0.008247458
Warm B,76063,516,515,3923,2360,0,0.009537575
Warm B,67260,452,451,3923,2360,1,0.011549439
Warm B,66701,445,444,3923,2360,0,0.013412903
Warm B,47052,316,315,3923,2360,0,0.01673438
Warm B,55030,362,361,3923,2360,0,0.0021637306
Warm B,42018,284,283,3923,2360,0,0.0019039179
Warm B,191674,1181,1180,3923,2360,0,0.006009816
Warm B,41290,278,277,3923,2360,1,0.0075007943
Warm B,36828,245,244,3923,2360,0,0.01615936
Warm B,418321,2528,2527,3923,2360,0,0.004074758
Warm B,592295,3610,3609,3923,2360,0,0.0114192795
Warm B,8683,58,57,3923,2360,0,0.00590564
Warm B,552771,3401,3400,3923,2360,0,0.009720388
Warm B,753398,4489,4488,3923,2360,0,0.0044947434
Warm B,801576,4802,4801,3923,2360,0,0.00796326
Warm B,699828,4186,4185,3923,2360,0,0.0123081235
Warm B,245118,1477,1476,3925,2361,1,0.00054517365
Warm B,242290,1462,1461,3925,2361,0,0.0033828332
Warm B,241617,1452,1451,3925,2361,1,-0.0062314244
Warm B,237466,1446,1445,3925,2361,1,-0.0027533234
Warm B,240719,1449,1448,3925,2361,0,0.021329764
Warm B,631945,3821,3820,3925,2361,1,0.0077517033
Warm B,208481,1273,1272,3925,2361,1,0.0009079061
Warm B,204279,1258,1257,3925,2361,1,0.001376668
Warm B,203527,1248,1247,3925,2361,1,0.007752807
Warm B,207430,1267,1266,3925,2361,0,0.0031877207
Warm B,320471,1899,1898,3925,2361,1,0.01679549
Warm B,294605,1749,1748,3925,2361,0,0.00385935
Warm B,191675,1181,1180,3925,2361,0,0.009456821
Warm B,184527,1147,1146,3925,2361,1,0.0011312356
Warm B,212600,1294,1293,3925,2361,1,0.008366214
Warm B,185973,1150,1149,3925,2361,1,0.010239023
Warm B,176595,1116,1115,3925,2361,1,0.0006656633
Warm B,250019,1505,1504,3925,2361,1,0.008755133
Warm B,158851,1015,1014,3925,2361,1,0.0057736095
Warm B,152111,977,976,3925,2361,0,0.008403484
Warm B,246573,1489,1488,3925,2361,0,0.0048551923
Warm B,371190,2168,2167,3925,2361,1,0.0009917151
Warm B,147837,952,951,3925,2361,1,0.0033848067
Warm B,139055,889,888,3925,2361,0,0.014226566
Warm B,160576,1019,1018,3925,2361,1,0.003536759
Warm B,130654,846,845,3925,2361,1,0.0079520205
Warm B,128408,830,829,3925,2361,1,0.0019044869
Warm B,301000,1786,1785,3925,2361,1,0.005064942
Warm B,141096,909,908,3925,2361,0,0.008828002
Warm B,524502,3233,3232,3925,2361,1,-0.00046377885
Warm B,349428,2050,2049,3925,2361,0,0.008427454
Warm B,108581,711,710,3925,2361,1,0.0054991776
Warm B,105355,696,695,3925,2361,0,0.0058811763
Warm B,260925,1594,1593,3925,2361,0,0.011210697
Warm B,211545,1285,1284,3925,2361,0,0.01434601
Warm B,222224,1343,1342,3925,2361,1,0.011816945
Warm B,92187,613,612,3925,2361,1,0.00524108
Warm B,250685,1511,1510,3925,2361,0,0.0103962645
Warm B,79902,532,531,3925,2361,1,0.007562708
Warm B,78053,524,523,3925,2361,1,0.009655893
Warm B,70568,475,474,3925,2361,1,0.00093661924
Warm B,74094,504,503,3925,2361,0,0.012695986
Warm B,69592,466,465,3925,2361,1,0.00042330078
Warm B,69396,465,464,3925,2361,1,0.00943753
Warm B,68384,458,457,3925,2361,0,-0.00029819575
Warm B,57713,390,389,3925,2361,0,0.0028431253
Warm B,589661,3596,3595,3925,2361,1,0.008842144
Warm B,239486,1448,1447,3925,2361,0,0.009704299
Warm B,61497,412,411,3925,2361,1,0.0055256328
Warm B,778048,4647,4646,3925,2361,1,0.0037972697
Warm B,22140,161,160,3925,2361,1,0.014780316
Warm B,13638,108,107,3925,2361,0,0.0053248266
Warm B,916820,5539,5538,3925,2361,1,0.005606416
Warm B,482137,2962,2961,3925,2361,0,-0.0040437155
Warm B,203736,1252,1251,3925,2361,1,0.0055944985
Warm B,546271,3367,3366,3925,2361,1,0.0074641574
Warm B,823413,4950,4949,3925,2361,0,0.008876358
Warm B,639450,3842,3841,3925,2361,1,0.006274411
Warm B,24626,173,172,3925,2361,1,0.010580706
Warm B,933694,5636,5635,3925,2361,0,0.0066621727
Warm B,550772,3391,3390,3925,2361,1,0.001627479
Warm B,958948,5787,5786,3925,2361,1,0.001860331
Warm B,63578,424,423,3925,2361,1,-0.00037593208
Warm B,877082,5300,5299,3925,2361,1,0.0026814004
Warm B,381868,2231,2230,3926,2362,0,0.009034139
Warm B,377545,2203,2202,3926,2362,1,0.0036619883
Warm B,372202,2173,2172,3926,2362,0,-0.0041937293
Warm B,374566,2181,2180,3926,2362,0,0.0052688173
Warm B,370827,2167,2166,3926,2362,0,-0.004387378
Warm B,368178,2151,2150,3926,2362,0,0.0010958472
Warm B,366861,2139,2138,3926,2362,0,-0.0031711392
Warm B,366025,2130,2129,3926,2362,1,-0.0014754739
Warm B,364221,2121,2120,3926,2362,0,-0.010837256
Warm B,362257,2110,2109,3926,2362,1,-0.0060783997
Warm B,356624,2088,2087,3926,2362,1,0.0013435758
Warm B,353254,2069,2068,3926,2362,0,-0.0011745406
Warm B,349713,2053,2052,3926,2362,0,-0.0014488923
Warm B,346811,2032,2031,3926,2362,0,-0.00065590034
Warm B,343284,2016,2015,3926,2362,0,-0.015001459
Warm B,339925,2004,2003,3926,2362,1,-0.002200335
Warm B,334867,1974,1973,3926,2362,0,-0.0063936906
Warm B,334198,1970,1969,3926,2362,0,-0.00068292464
Warm B,328947,1941,1940,3926,2362,0,0.006705954
Warm B,324225,1921,1920,3926,2362,0,0.002789223
Warm B,320667,1901,1900,3926,2362,0,0.010667396
Warm B,317420,1888,1887,3926,2362,1,0.002472732
Warm B,316034,1882,1881,3926,2362,1,-0.007690127
Warm B,317384,1887,1886,3926,2362,0,-0.0034239455
Warm B,315747,1880,1879,3926,2362,0,-0.0028355785
Warm B,327299,1939,1938,3926,2362,0,0.003195027
Warm B,303685,1803,1802,3926,2362,0,-0.004042131
Warm B,287946,1717,1716,3926,2362,0,-0.0076798396
Warm B,286988,1712,1711,3926,2362,0,-0.0019791904
Warm B,292668,1741,1740,3926,2362,1,-0.0017461849
Warm B,276566,1671,1670,3926,2362,0,-0.0042315614
Warm B,275935,1670,1669,3926,2362,0,-0.0061535635
Warm B,275814,1667,1666,3926,2362,0,-0.0057285107
Warm B,289609,1727,1726,3926,2362,1,-0.009248842
Warm B,270611,1637,1636,3926,2362,1,-0.0067040175
Warm B,266269,1614,1613,3926,2362,1,0.0008748766
Warm B,261491,1598,1597,3926,2362,1,0.0065550795
Warm B,260567,1592,1591,3926,2362,1,0.0030365828
Warm B,252780,1531,1530,3926,2362,1,8.269888e-05
Warm B,250236,1507,1506,3926,2362,0,-0.00084611366
Warm B,248211,1497,1496,3926,2362,0,-0.008996179
Warm B,253341,1540,1539,3926,2362,1,-0.011496346
Warm B,245119,1477,1476,3926,2362,0,-0.0016396563
Warm B,244566,1472,1471,3926,2362,0,-0.002808464
Warm B,242253,1461,1460,3926,2362,1,-0.001929359
Warm B,237109,1441,1440,3926,2362,0,-0.003818
Warm B,231829,1404,1403,3926,2362,0,-0.0018690564
Warm B,230982,1398,1397,3926,2362,0,0.0022468702
Warm B,232373,1410,1409,3926,2362,1,0.0015704588
Warm B,312571,1861,1860,3926,2362,0,0.004354613
Warm B,224408,1356,1355,3926,2362,1,-0.0034586238
Warm B,267397,1624,1623,3926,2362,1,0.0060169785
Warm B,220620,1337,1336,3926,2362,1,-0.011458138
Warm B,215218,1303,1302,3926,2362,1,0.004815953
Warm B,213172,1297,1296,3926,2362,1,0.0008594517
Warm B,204340,1259,1258,3926,2362,1,-0.00040973513
Warm B,204280,1258,1257,3926,2362,1,0.016911888
Warm B,262039,1599,1598,3926,2362,1,-0.0059638917
Warm B,196089,1205,1204,3926,2362,0,-0.004601272
Warm B,210408,1284,1283,3926,2362,0,0.0076307096
Warm B,188728,1170,1169,3926,2362,0,0.0044396874
Warm B,184528,1147,1146,3926,2362,0,-0.0033843229
Warm B,183825,1145,1144,3926,2362,0,-0.005648469
Warm B,181694,1135,1134,3926,2362,0,-0.012078917
Warm B,180663,1129,1128,3926,2362,1,-0.00067068473
Warm B,178910,1122,1121,3926,2362,0,-0.0051205773
Warm B,177766,1119,1118,3926,2362,0,0.0037486146
Warm B,346509,2030,2029,3926,2362,0,0.0034069004
Warm B,249112,1501,1500,3926,2362,1,-0.0038158586
Warm B,166864,1061,1060,3926,2362,0,-0.0097896345
Warm B,167568,1067,1066,3926,2362,0,-0.006174206
Warm B,159531,1017,1016,3926,2362,0,-0.00031305174
Warm B,153412,984,983,3926,2362,0,-0.0073825903
Warm B,147599,949,948,3926,2362,1,-0.007833373
Warm B,147225,948,947,3926,2362,1,0.0020735017
Warm B,235976,1428,1427,3926,2362,1,0.004542108
Warm B,199730,1224,1223,3926,2362,1,-0.013232612
Warm B,145563,935,934,3926,2362,1,0.0007009022
Warm B,143406,924,923,3926,2362,1,0.0043317834
Warm B,142579,919,918,3926,2362,1,-0.0021247813
Warm B,225366,1362,1361,3926,2362,0,-0.012908009
Warm B,141777,911,910,3926,2362,1,-0.0025031434
Warm B,140821,904,903,3926,2362,0,-0.0033814372
Warm B,140479,901,900,3926,2362,1,-0.005429281
Warm B,139056,889,888,3926,2362,0,-0.012552425
Warm B,347596,2038,2037,3926,2362,1,-0.0006859973
Warm B,133902,868,867,3926,2362,0,-0.004474074
Warm B,374958,2185,2184,3926,2362,0,-0.0002882937
Warm B,103743,689,688,3926,2362,0,0.00463213
Warm B,234476,1422,1421,3926,2362,0,-0.01039798
Warm B,95650,639,638,3926,2362,1,-0.0015640799
Warm B,91018,602,601,3926,2362,1,0.0017789289
Warm B,86308,563,562,3926,2362,0,0.0008551029
Warm B,83706,549,548,3926,2362,1,-0.0062832236
Warm B,84676,550,549,3926,2362,0,0.00064309104
Warm B,76890,521,520,3926,2362,0,-0.0043791854
Warm B,76065,516,515,3926,2362,0,0.0010964815
Warm B,70998,476,475,3926,2362,1,-0.0046581905
Warm B,67261,452,451,3926,2362,1,-0.003537035
Warm B,66702,445,444,3926,2362,0,-0.007955634
Warm B,67651,453,452,3926,2362,1,-0.012383511
Warm B,52275,343,342,3926,2362,1,-0.006067197
Warm B,36831,245,244,3926,2362,0,-0.0014669526
Warm B,482139,2962,2961,3926,2362,0,-0.0071419366
Warm B,17895,137,136,3926,2362,0,0.002617281
Warm B,16505,130,129,3926,2362,1,0.0016688134
Warm B,14735,117,116,3926,2362,1,-0.001516941
Warm B,8046,53,52,3926,2362,1,-0.00024497265
Warm B,7101,48,47,3926,2362,0,0.002229509
Warm B,389532,2282,2281,3926,2362,1,0.0040479335
Warm B,300670,1780,1779,3926,2362,0,-0.006122466
Warm B,801577,4802,4801,3926,2362,1,-0.008618108
Warm B,310956,1851,1850,3926,2362,0,-0.0012314613
Warm B,538765,3313,3312,3926,2362,0,0.0012422325
Warm B,622491,3768,3767,3926,2362,0,-0.004266269
Warm B,441849,2715,2714,3926,2362,1,0.0042861826
Warm B,217471,1317,1316,3926,2362,1,-0.0026598522
Warm B,657762,3963,3962,3926,2362,0,-0.0077518243
Warm B,699829,4186,4185,3926,2362,0,-0.004068675
Warm B,821646,4940,4939,3926,2362,1,-0.0048670284
Warm B,293465,1747,1746,3929,2365,0,0.008024602
Warm B,287949,1717,1716,3929,2365,1,0.012935752
Warm B,286053,1706,1705,3929,2365,1,-0.0069799786
Warm B,294047,1748,1747,3929,2365,1,0.008016253
Warm B,276569,1671,1670,3929,2365,1,0.008535661
Warm B,289612,1727,1726,3929,2365,1,0.0034588766
Warm B,266864,1618,1617,3929,2365,1,0.0059279855
Warm B,337324,1983,1982,3929,2365,1,0.009727605
Warm B,252781,1531,1530,3929,2365,1,0.0041986
Warm B,250238,1507,1506,3929,2365,1,0.006591879
Warm B,248215,1497,1496,3929,2365,0,-0.0055323504
Warm B,245122,1477,1476,3929,2365,1,-0.00085286726
Warm B,302826,1798,1797,3929,2365,1,0.0051042465
Warm B,240726,1449,1448,3929,2365,1,0.0055211056
Warm B,236871,1439,1438,3929,2365,1,0.0021995222
Warm B,231385,1401,1400,3929,2365,1,-0.00096229254
Warm B,231830,1404,1403,3929,2365,1,0.0032133302
Warm B,232376,1410,1409,3929,2365,0,0.0047868527
Warm B,229031,1387,1386,3929,2365,0,0.009880936
Warm B,228678,1383,1382,3929,2365,0,0.0082938615
Warm B,243600,1469,1468,3929,2365,1,-0.002259106
Warm B,222225,1343,1342,3929,2365,1,0.0067795017
Warm B,218199,1322,1321,3929,2365,1,0.009534136
Warm B,218736,1325,1324,3929,2365,1,0.008414985
Warm B,216681,1316,1315,3929,2365,1,0.00505069
Warm B,204282,1258,1257,3929,2365,1,0.0067064855
Warm B,199938,1227,1226,3929,2365,1,0.0010324689
Warm B,199733,1224,1223,3929,2365,1,0.010325427
Warm B,192240,1183,1182,3929,2365,1,0.009634902
Warm B,190133,1179,1178,3929,2365,0,-0.0031409194
Warm B,184530,1147,1146,3929,2365,1,0.00552249
Warm B,174926,1108,1107,3929,2365,1,0.0038126213
Warm B,219577,1331,1330,3929,2365,1,0.0065863617
Warm B,161905,1032,1031,3929,2365,1,0.014193998
Warm B,160994,1023,1022,3929,2365,1,0.0018950435
Warm B,160579,1019,1018,3929,2365,0,-0.0051189475
Warm B,158855,1015,1014,3929,2365,1,0.016457735
Warm B,153880,989,988,3929,2365,1,0.002063084
Warm B,246576,1489,1488,3929,2365,0,0.007805813
Warm B,144592,931,930,3929,2365,0,0.007361089
Warm B,139061,889,888,3929,2365,0,0.015991049
Warm B,436840,2665,2664,3929,2365,0,0.009811893
Warm B,384350,2244,2243,3929,2365,1,0.0078000813
Warm B,132924,857,856,3929,2365,1,0.0005594446
Warm B,374961,2185,2184,3929,2365,0,0.0031895386
Warm B,128411,830,829,3929,2365,0,0.0006917054
Warm B,301002,1786,1785,3929,2365,1,0.012886306
Warm B,125396,806,805,3929,2365,1,0.004931706
Warm B,141098,909,908,3929,2365,1,-0.00052835606
Warm B,114058,740,739,3929,2365,1,0.008394735
Warm B,112798,731,730,3929,2365,1,0.0022584675
Warm B,101794,677,676,3929,2365,1,0.0026098634
Warm B,96047,645,644,3929,2365,1,0.008520262
Warm B,98221,656,655,3929,2365,0,0.0024503884
Warm B,437684,2673,2672,3929,2365,0,0.0022438022
Warm B,424437,2574,2573,3929,2365,1,-0.004580875
Warm B,99652,664,663,3929,2365,1,0.0010376732
Warm B,86918,566,565,3929,2365,0,0.011944916
Warm B,80925,537,536,3929,2365,1,-0.0048229387
Warm B,73569,498,497,3929,2365,1,-0.00095616514
Warm B,67263,452,451,3929,2365,1,0.008593593
Warm B,123650,796,795,3929,2365,0,0.0055185836
Warm B,47076,317,316,3929,2365,1,0.0005719046
Warm B,45655,307,306,3929,2365,1,0.005055442
Warm B,41392,280,279,3929,2365,1,0.0049959663
Warm B,32425,216,215,3929,2365,1,0.00576888
Warm B,27671,193,192,3929,2365,0,0.0028553153
Warm B,13600,107,106,3929,2365,1,0.012212029
Warm B,136048,879,878,3929,2365,1,0.0024877046
Warm B,592300,3610,3609,3929,2365,0,0.0037055197
Warm B,9503,62,61,3929,2365,1,0.008361522
Warm B,739490,4418,4417,3929,2365,1,0.012709175
Warm B,901518,5450,5449,3929,2365,0,0.013051018
Warm B,15869,123,122,3929,2365,0,0.0107092885
Warm B,844151,5074,5073,3929,2365,1,0.008502461
Warm B,34919,235,234,3929,2365,1,0.0034110157
Warm B,250020,1505,1504,3929,2365,1,0.003249356
Warm B,616765,3732,3731,3929,2365,0,0.010090805
Warm B,24631,173,172,3929,2365,1,0.009337299
Warm B,635721,3832,3831,3929,2365,1,0.0033648615
Warm B,474290,2909,2908,3929,2365,1,0.0029815026
Warm B,93483,624,623,3929,2365,0,0.01635268
Warm B,639453,3842,3841,3929,2365,1,0.0005157972
Warm B,322860,1912,1911,3929,2365,0,0.00514716
Warm B,176208,1113,1112,3929,2365,1,0.0044202423
Warm B,877084,5300,5299,3929,2365,1,0.012953117
Warm B,839542,5046,5045,3929,2365,1,0.011754718
Warm B,264840,1611,1610,3936,2368,1,0.0037725184
Warm B,261316,1598,1597,3936,2368,1,0.014078148
Warm B,260929,1595,1594,3936,2368,0,0.0055390857
Warm B,250133,1507,1506,3936,2368,1,0.0077843727
Warm B,248023,1497,1496,3936,2368,0,0.011633797
Warm B,250724,1513,1512,3936,2368,1,0.005563641
Warm B,253228,1540,1539,3936,2368,1,0.0029646973
Warm B,245092,1477,1476,3936,2368,1,0.011748685
Warm B,243605,1470,1469,3936,2368,1,0.004439669
Warm B,242204,1461,1460,3936,2368,1,-0.0017957299
Warm B,356733,2090,2089,3936,2368,0,0.0026456383
Warm B,232301,1410,1409,3936,2368,1,0.0024199262
Warm B,223957,1356,1355,3936,2368,1,0.009541868
Warm B,218206,1323,1322,3936,2368,1,0.005571726
Warm B,208488,1274,1273,3936,2368,0,0.007941781
Warm B,269574,1635,1634,3936,2368,1,0.015603641
Warm B,212344,1294,1293,3936,2368,1,-0.0016652404
Warm B,174928,1109,1108,3936,2368,1,0.004071527
Warm B,190182,1181,1180,3936,2368,0,0.0068956097
Warm B,160954,1023,1022,3936,2368,0,0.0047103204
Warm B,159025,1017,1016,3936,2368,0,0.0031748593
Warm B,159669,1019,1018,3936,2368,0,0.015147942
Warm B,360347,2106,2105,3936,2368,1,0.0011663581
Warm B,235930,1428,1427,3936,2368,1,0.005811597
Warm B,145653,937,936,3936,2368,1,0.009117946
Warm B,184694,1150,1149,3936,2368,0,0.0140201645
Warm B,137570,889,888,3936,2368,0,0.013211621
Warm B,134934,873,872,3936,2368,1,0.0109717995
Warm B,374674,2185,2184,3936,2368,1,0.0058754925
Warm B,153568,986,985,3936,2368,1,-0.009680426
Warm B,123743,798,797,3936,2368,1,0.005685296
Warm B,125335,806,805,3936,2368,0,0.015368773
Warm B,118034,764,763,3936,2368,1,0.009060819
Warm B,114025,740,739,3936,2368,1,0.0009211111
Warm B,112165,731,730,3936,2368,0,0.012430665
Warm B,94506,635,634,3936,2368,1,0.011947606
Warm B,339002,1998,1997,3936,2368,0,0.013324846
Warm B,100680,673,672,3936,2368,0,0.007230833
Warm B,250599,1511,1510,3936,2368,1,0.0048424904
Warm B,75781,516,515,3936,2368,1,0.01104296
Warm B,79911,533,532,3936,2368,1,0.014624041
Warm B,68979,462,461,3936,2368,0,0.0013253753
Warm B,67134,452,451,3936,2368,1,-0.0060216975
Warm B,50734,334,333,3936,2368,1,0.0070015145
Warm B,37070,251,250,3936,2368,0,0.0035818215
Warm B,713541,4277,4276,3936,2368,0,0.014336486
Warm B,12978,101,100,3936,2368,1,0.002444667
Warm B,591612,3610,3609,3936,2368,0,0.0188943
Warm B,481528,2962,2961,3936,2368,0,0.008354209
Warm B,927757,5605,5604,3936,2368,1,0.017871697
Warm B,433429,2643,2642,3936,2368,1,0.011641345
Warm B,825678,4958,4957,3936,2368,0,0.006951105
Warm B,259815,1589,1588,3937,2369,0,0.0016553411
Warm B,336789,1983,1982,3937,2369,1,0.01286547
Warm B,253229,1540,1539,3937,2369,1,0.002515154
Warm B,247425,1496,1495,3937,2369,0,0.016586334
Warm B,237009,1441,1440,3937,2369,0,-0.010835951
Warm B,232302,1410,1409,3937,2369,1,0.008629408
Warm B,226320,1370,1369,3937,2369,0,0.002414948
Warm B,226896,1377,1376,3937,2369,0,-0.0038341032
Warm B,267055,1624,1623,3937,2369,0,-0.004079748
Warm B,219618,1333,1332,3937,2369,0,0.0057706544
Warm B,214555,1303,1302,3937,2369,0,0.0049056695
Warm B,277285,1676,1675,3937,2369,0,0.013600484
Warm B,210424,1285,1284,3937,2369,0,0.0033986745
Warm B,204285,1259,1258,3937,2369,1,0.011413376
Warm B,205487,1264,1263,3937,2369,0,-0.0007357816
Warm B,308270,1837,1836,3937,2369,0,0.0064246897
Warm B,200224,1230,1229,3937,2369,0,0.0066008614
Warm B,278409,1680,1679,3937,2369,0,0.008420683
Warm B,195870,1204,1203,3937,2369,0,0.0075316643
Warm B,260575,1593,1592,3937,2369,0,0.01005401
Warm B,184212,1147,1146,3937,2369,0,0.01287724
Warm B,183828,1146,1145,3937,2369,0,-0.006215293
Warm B,180564,1129,1128,3937,2369,0,0.0023846868
Warm B,165688,1057,1056,3937,2369,0,0.004900851
Warm B,212697,1297,1296,3937,2369,0,0.009014223
Warm B,150883,971,970,3937,2369,0,-0.0018558474
Warm B,149413,963,962,3937,2369,0,0.0062216255
Warm B,147244,949,948,3937,2369,1,0.011566798
Warm B,267768,1628,1627,3937,2369,0,-0.0076413113
Warm B,150336,970,969,3937,2369,0,0.007198583
Warm B,137572,889,888,3937,2369,0,0.0062434683
Warm B,135331,877,876,3937,2369,0,0.0011005905
Warm B,133909,869,868,3937,2369,0,0.008085734
Warm B,202253,1244,1243,3937,2369,0,-0.0045988215
Warm B,252136,1527,1526,3937,2369,0,0.01039934
Warm B,314807,1880,1879,3937,2369,0,0.00421085
Warm B,124659,802,801,3937,2369,0,-0.011720566
Warm B,118174,765,764,3937,2369,0,-0.002479
Warm B,378989,2213,2212,3937,2369,0,0.004472182
Warm B,98489,660,659,3937,2369,0,0.003036925
Warm B,107559,710,709,3937,2369,0,0.00016257493
Warm B,713542,4277,4276,3937,2369,1,0.00085138343
Warm B,90871,602,601,3937,2369,0,-0.000586301
Warm B,88652,587,586,3937,2369,0,0.004923132
Warm B,88013,579,578,3937,2369,0,0.0051824334
Warm B,85970,563,562,3937,2369,0,0.0013459723
Warm B,82574,549,548,3937,2369,0,0.0027953344
Warm B,190183,1181,1180,3937,2369,0,0.015443
Warm B,74346,508,507,3937,2369,1,0.001845065
Warm B,73874,501,500,3937,2369,1,0.0017480757
Warm B,66426,445,444,3937,2369,0,0.004939031
Warm B,304553,1812,1811,3937,2369,1,-0.0002597554
Warm B,239500,1449,1448,3937,2369,0,-0.0026688175
Warm B,745173,4448,4447,3937,2369,0,0.0072968355
Warm B,38665,264,263,3937,2369,0,0.007692936
Warm B,38112,261,260,3937,2369,0,0.0117491735
Warm B,37278,255,254,3937,2369,1,0.0038636362
Warm B,37071,251,250,3937,2369,0,-0.007324027
Warm B,36093,245,244,3937,2369,0,0.0015753342
Warm B,418261,2528,2527,3937,2369,0,-9.754021e-05
Warm B,613481,3717,3716,3937,2369,1,0.0073025143
Warm B,16382,130,129,3937,2369,1,0.008737892
Warm B,8265,58,57,3937,2369,0,0.0034606731
Warm B,5710,42,41,3937,2369,0,-0.0007090438
Warm B,15278,123,122,3937,2369,0,0.0118829915
Warm B,481529,2962,2961,3937,2369,0,0.010239074
Warm B,551950,3401,3400,3937,2369,1,-0.0010400331
Warm B,129060,839,838,3937,2369,0,0.0023489883
Warm B,879213,5312,5311,3937,2369,1,0.00011831103
Warm B,840832,5053,5052,3937,2369,1,0.0139204785
Warm B,101801,678,677,3937,2369,0,0.014477145
Warm B,310465,1851,1850,3937,2369,0,-0.008558046
Warm B,136167,881,880,3937,2369,1,-0.0052315644
Warm B,699841,4186,4185,3937,2369,0,-0.0007886938
Warm B,62383,424,423,3937,2369,0,0.00070982287
Warm B,242063,1458,1457,3943,2370,0,0.0014119571
Warm B,175905,1113,1112,3943,2370,1,0.006503716
Warm B,223233,1354,1353,3943,2370,1,0.011542562
Warm B,190218,1181,1180,3943,2370,1,0.01702653
Warm B,521692,3219,3218,3943,2370,0,0.012055894
Warm B,496328,3051,3050,3943,2370,1,-0.0059317565
Warm B,372563,2176,2175,3943,2370,0,0.009646163
Warm B,197170,1211,1210,3943,2370,1,0.0061276644
Warm B,254799,1551,1550,3943,2370,1,0.003280084
Warm B,206566,1266,1265,3943,2370,0,0.0038768328
Warm B,757486,4508,4507,3943,2370,1,0.022987556
Warm B,541577,3333,3332,3943,2370,1,0.0026763268
Warm B,27779,195,194,3943,2370,1,0.0029875538
Warm B,370845,2168,2167,3943,2370,1,0.0059842523
Warm B,567185,3483,3482,3943,2370,0,0.011900617
Warm B,635621,3832,3831,3943,2370,1,0.006917227
Warm B,241758,1457,1456,3943,2370,0,0.011354312
Warm B,921096,5565,5564,3943,2370,1,0.0031738265
Warm B,272564,1647,1646,3943,2370,1,0.0036425646
Warm B,470696,2898,2897,3943,2370,0,0.0048652384
Warm B,764265,4543,4542,3943,2370,0,0.008165058
Warm B,206208,1265,1264,3943,2370,1,-0.0008376122
Warm B,319057,1897,1896,3943,2370,1,0.009215389
Warm B,257338,1579,1578,3943,2370,0,0.008751694
Warm B,360376,2106,2105,3943,2370,1,0.00072981545
Warm B,916833,5539,5538,3943,2370,0,0.006812228
Warm B,285079,1701,1700,3943,2370,0,0.009207517
Warm B,312750,1865,1864,3943,2370,1,-0.0033328128
Warm B,283750,1698,1697,3943,2370,0,0.0030839127
Warm B,801596,4802,4801,3943,2370,1,0.0046481905
Warm B,145666,937,936,3943,2370,0,0.011005221
Warm B,256015,1561,1560,3943,2370,1,0.0027132393
Warm B,820933,4934,4933,3943,2370,0,0.01533132
Warm B,193358,1194,1193,3943,2370,0,0.010348698
Warm B,33841,229,228,3943,2370,1,0.010909416
Warm B,863355,5198,5197,3943,2370,0,0.0033680378
Warm B,33274,225,224,3946,2371,0,0.012474599
Warm B,31447,214,213,3946,2371,0,0.002439785
Warm B,947677,5722,5721,3946,2371,0,-0.0063543636
Warm B,314316,1877,1876,3946,2371,0,0.004338669
Warm B,13379,105,104,3946,2371,0,-0.0033242372
Warm B,12982,101,100,3946,2371,1,-0.005788071
Warm B,211632,1287,1286,3946,2371,0,-0.011022963
Warm B,389355,2282,2281,3946,2371,0,0.0058650323
Warm B,123213,796,795,3946,2371,0,0.0018870502
Warm B,863993,5205,5204,3946,2371,0,-0.0027663945
Warm B,530747,3280,3279,3946,2371,0,0.0022274978
Warm B,399684,2380,2379,3946,2371,0,0.007892999
Warm B,388303,2272,2271,3946,2371,0,0.0046395347
Warm B,472208,2907,2906,3946,2371,0,0.0010600386
Warm B,65099,438,437,3946,2371,0,-0.003050561
Warm B,287292,1715,1714,3946,2371,0,-0.0013686917
Warm B,567188,3483,3482,3946,2371,0,-0.012221115
Warm B,206569,1266,1265,3946,2371,0,0.0012780265
Warm B,107589,710,709,3946,2371,0,0.0012177848
Warm B,469764,2895,2894,3946,2371,0,-0.0053156773
Warm B,437197,2669,2668,3946,2371,0,0.0012734786
Warm B,564078,3471,3470,3946,2371,0,0.0019636536
Warm B,992530,5996,5995,3946,2371,0,-0.0024357624
Warm B,19746,149,148,3946,2371,0,0.009591537
Warm B,10590,76,75,3946,2371,0,-0.003213496
Warm B,181778,1137,1136,3946,2371,0,0.0042062188
Warm B,27784,195,194,3946,2371,0,0.0019809373
Warm B,49881,331,330,3946,2371,0,0.00019414932
Warm B,720308,4312,4311,3946,2371,0,0.00682244
Warm B,537660,3312,3311,3946,2371,0,0.0006084739
Warm B,17076,134,133,3946,2371,0,-0.0057911994
Warm B,415639,2504,2503,3946,2371,0,0.0012564099
Warm B,26625,188,187,3946,2371,0,0.0007861559
Warm B,561417,3454,3453,3946,2371,0,-0.0011976212
Warm B,696952,4169,4168,3946,2371,0,0.0042535844
Warm B,688280,4117,4116,3946,2371,1,0.00532287
Warm B,336633,1982,1981,3946,2371,0,0.007564795
Warm B,941583,5682,5681,3946,2371,0,-0.0020074635
Warm B,496330,3051,3050,3946,2371,0,-0.009481504
Warm B,427310,2594,2593,3946,2371,0,0.0018640021
Warm C,678060,4064,4063,4,3,0,0.016753465
Warm C,673848,4048,4047,4,3,0,0.00033611944
Warm C,661206,3988,3987,4,3,1,0.0041409126
Warm C,642638,3868,3867,4,3,0,0.015176542
Warm C,634552,3829,3828,4,3,0,0.013217075
Warm C,628954,3808,3807,4,3,0,0.012985965
Warm C,618592,3749,3748,4,3,0,0.0066799256
Warm C,617875,3743,3742,4,3,0,0.011739074
Warm C,793914,4748,4747,4,3,1,0.013437035
Warm C,670020,4028,4027,4,3,0,0.017751012
Warm C,612335,3713,3712,4,3,1,0.014226507
Warm C,611704,3709,3708,4,3,0,-0.001020681
Warm C,583126,3562,3561,4,3,0,0.016348261
Warm C,580745,3547,3546,4,3,0,0.016541537
Warm C,578846,3539,3538,4,3,1,0.016527288
Warm C,571336,3504,3503,4,3,1,0.01559439
Warm C,593222,3618,3617,4,3,0,0.011146277
Warm C,557491,3425,3424,4,3,0,0.017031798
Warm C,766107,4562,4561,4,3,0,0.017279148
Warm C,575040,3519,3518,4,3,0,0.017926848
Warm C,576734,3526,3525,4,3,0,0.013590137
Warm C,549608,3391,3390,4,3,0,0.023838997
Warm C,525522,3246,3245,4,3,0,0.0024847703
Warm C,515218,3182,3181,4,3,0,0.013897933
Warm C,521281,3217,3216,4,3,1,0.00881264
Warm C,505778,3111,3110,4,3,0,0.0021111937
Warm C,502768,3087,3086,4,3,0,0.009261292
Warm C,516230,3189,3188,4,3,1,0.02112325
Warm C,500156,3072,3071,4,3,1,0.0065378733
Warm C,493688,3032,3031,4,3,1,0.015668266
Warm C,492398,3029,3028,4,3,0,0.024228642
Warm C,477784,2934,2933,4,3,0,0.0123710055
Warm C,472201,2907,2906,4,3,0,0.027064215
Warm C,852488,5113,5112,4,3,0,0.009997097
Warm C,469460,2891,2890,4,3,1,0.019353399
Warm C,879728,5317,5316,4,3,0,0.018263543
Warm C,443398,2734,2733,4,3,0,0.008664902
Warm C,431312,2628,2627,4,3,0,0.009597585
Warm C,450466,2777,2776,4,3,0,0.0031648083
Warm C,420132,2540,2539,4,3,1,0.0035775828
Warm C,416235,2507,2506,4,3,0,0.013603622
Warm C,404315,2419,2418,4,3,0,0.008384748
Warm C,399391,2378,2377,4,3,0,0.012773544
Warm C,379826,2222,2221,4,3,0,0.012852281
Warm C,366037,2131,2130,4,3,0,0.016814707
Warm C,362265,2111,2110,4,3,0,0.00307396
Warm C,355852,2085,2084,4,3,0,0.007495285
Warm C,342972,2016,2015,4,3,1,0.017638218
Warm C,314830,1880,1879,4,3,0,0.015586197
Warm C,274938,1666,1665,4,3,0,0.005879877
Warm C,268408,1631,1630,4,3,0,0.002354063
Warm C,358170,2097,2096,4,3,0,0.0045686844
Warm C,259230,1587,1586,4,3,0,0.016051674
Warm C,255259,1554,1553,4,3,0,-0.0010728671
Warm C,223972,1356,1355,4,3,0,0.00869965
Warm C,335333,1980,1979,4,3,0,0.019778553
Warm C,223232,1354,1353,4,3,0,0.011364622
Warm C,203932,1255,1254,4,3,1,0.010759833
Warm C,192250,1184,1183,4,3,0,0.01346533
Warm C,184721,1150,1149,4,3,0,0.012901306
Warm C,177805,1120,1119,4,3,0,0.010758605
Warm C,174808,1107,1106,4,3,0,0.009003249
Warm C,173428,1100,1099,4,3,0,0.003300173
Warm C,262887,1605,1604,4,3,0,0.0204969
Warm C,188133,1168,1167,4,3,0,0.018187268
Warm C,167588,1068,1067,4,3,1,0.025362492
Warm C,166239,1059,1058,4,3,0,0.008174079
Warm C,189213,1173,1172,4,3,0,0.005663766
Warm C,153590,987,986,4,3,1,-0.0049653696
Warm C,220990,1340,1339,4,3,0,0.0129665695
Warm C,136187,881,880,4,3,0,0.019412985
Warm C,332432,1962,1961,4,3,0,0.00515147
Warm C,100688,673,672,4,3,0,0.009940453
Warm C,179351,1125,1124,4,3,0,0.02221349
Warm C,93644,628,627,4,3,0,-0.0051163193
Warm C,90505,601,600,4,3,1,0.0082199825
Warm C,238479,1448,1447,4,3,1,0.010473426
Warm C,81385,543,542,4,3,0,0.013482848
Warm C,70590,476,475,4,3,1,0.0033947984
Warm C,70020,474,473,4,3,0,0.021304814
Warm C,251028,1516,1515,4,3,0,0.010440767
Warm C,52405,346,345,4,3,0,0.016574182
Warm C,48112,323,322,4,3,0,0.010879934
Warm C,132192,855,854,4,3,0,0.01204691
Warm C,695668,4169,4168,4,3,0,0.019041974
Warm C,537655,3312,3311,4,3,0,0.027553331
Warm C,31668,216,215,4,3,0,0.012593063
Warm C,33269,225,224,4,3,0,0.012860863
Warm C,30174,203,202,4,3,0,0.012453278
Warm C,28999,199,198,4,3,0,0.005136189
Warm C,26218,187,186,4,3,1,0.0058419527
Warm C,21103,155,154,4,3,0,0.013860322
Warm C,49051,329,328,4,3,0,0.00882018
Warm C,3407,26,25,4,3,0,0.019155476
Warm C,583,8,7,4,3,0,0.011067286
Warm C,79020,531,530,4,3,0,0.015914556
Warm C,78202,528,527,4,3,1,0.010748498
Warm C,333651,1969,1968,4,3,1,0.01332747
Warm C,682087,4085,4084,4,3,0,0.012422336
Warm C,51267,338,337,4,3,0,0.0116020795
Warm C,101827,678,677,4,3,0,0.01775198
Warm C,195150,1203,1202,4,3,0,0.01127915
Warm C,673073,4042,4041,4,3,0,0.020785976
Warm C,257333,1579,1578,4,3,0,0.023167651
Warm C,916533,5539,5538,4,3,0,0.015457183
Warm C,331227,1958,1957,4,3,0,0.0129839685
Warm C,115752,752,751,4,3,0,0.019362953
Warm C,777570,4647,4646,4,3,0,0.020914372
Warm C,342085,2015,2014,4,3,0,0.014158219
Warm C,193355,1194,1193,4,3,0,0.0054600714
Warm C,10127,73,72,8,7,0,0.012861881
Warm C,27782,195,194,8,7,1,0.0084326165
Warm C,354634,2077,2076,8,7,0,0.0036679597
Warm C,11790,92,91,8,7,0,0.009865832
Warm C,342089,2015,2014,8,7,0,0.0118496055
Warm C,376274,2195,2194,8,7,0,0.009015071
Warm C,807544,4834,4833,8,7,1,0.010821546
Warm C,171127,1088,1087,8,7,0,0.009352272
Warm C,269604,1635,1634,9,8,0,0.022287548
Warm C,252138,1527,1526,9,8,0,0.017305875
Warm C,309201,1841,1840,9,8,0,0.01386429
Warm C,232647,1414,1413,9,8,1,0.0045632403
Warm C,232082,1408,1407,9,8,0,0.011002913
Warm C,226910,1377,1376,9,8,0,0.02461707
Warm C,200237,1230,1229,9,8,0,0.020460052
Warm C,267070,1624,1623,9,8,0,0.016338883
Warm C,190225,1181,1180,9,8,1,0.021248309
Warm C,171129,1088,1087,9,8,0,0.024051512
Warm C,342092,2015,2014,9,8,0,0.015153905
Warm C,154691,999,998,9,8,1,0.008822003
Warm C,157442,1012,1011,9,8,0,0.0029176683
Warm C,270673,1639,1638,9,8,0,0.014861025
Warm C,156431,1010,1009,9,8,0,0.014672991
Warm C,136191,881,880,9,8,0,0.010149328
Warm C,202266,1244,1243,9,8,0,0.011486714
Warm C,147256,949,948,9,8,0,0.003020246
Warm C,121822,785,784,9,8,1,0.012849834
Warm C,105788,699,698,9,8,0,0.008370901
Warm C,150347,970,969,9,8,0,0.011010825
Warm C,238485,1448,1447,9,8,0,0.0048404587
Warm C,83754,550,549,9,8,0,0.0036764895
Warm C,77075,524,523,9,8,0,0.01260631
Warm C,118936,770,769,9,8,0,0.011706622
Warm C,82610,549,548,9,8,0,0.0068688192
Warm C,44139,302,301,9,8,0,0.016656376
Warm C,626421,3792,3791,9,8,0,0.012846915
Warm C,29000,199,198,9,8,0,0.0134078
Warm C,26034,185,184,9,8,0,0.010241516
Warm C,19745,149,148,9,8,0,0.005762534
Warm C,13218,103,102,9,8,1,0.0038724737
Warm C,26930,192,191,9,8,0,0.013318711
Warm C,10128,73,72,9,8,0,0.014141346
Warm C,30320,204,203,9,8,0,0.012157718
Warm C,354635,2077,2076,9,8,0,0.009909203
Warm C,571741,3507,3506,9,8,0,0.014190583
Warm C,237502,1447,1446,9,8,0,0.022243137
Warm C,9649,65,64,9,8,1,0.0080060605
Warm C,145667,937,936,9,8,1,0.009736636
Warm C,621817,3768,3767,9,8,0,0.0073494804
Warm C,331233,1958,1957,9,8,0,0.017107962
Warm C,518880,3201,3200,12,11,0,0.0008332806
Warm C,566441,3476,3475,12,11,0,0.0015756749
Warm C,507330,3121,3120,12,11,0,0.0028107408
Warm C,494433,3032,3031,12,11,1,0.0028583729
Warm C,472823,2907,2906,12,11,1,0.011388987
Warm C,463541,2857,2856,12,11,0,0.009547046
Warm C,430185,2621,2620,12,11,1,0.00041879434
Warm C,426593,2590,2589,12,11,0,0.005208213
Warm C,419918,2537,2536,12,11,0,0.002932136
Warm C,418907,2529,2528,12,11,0,0.014710344
Warm C,414740,2496,2495,12,11,0,0.0058433516
Warm C,400509,2383,2382,12,11,1,0.00020500389
Warm C,399590,2378,2377,12,11,0,0.0054677343
Warm C,397225,2352,2351,12,11,0,-3.3362652e-05
Warm C,406811,2444,2443,12,11,1,-0.0026645106
Warm C,374353,2181,2180,12,11,0,0.007165879
Warm C,370564,2166,2165,12,11,0,-0.0018646871
Warm C,382533,2235,2234,12,11,1,0.0067558084
Warm C,370052,2164,2163,12,11,0,0.00020103808
Warm C,368651,2155,2154,12,11,1,0.007114161
Warm C,367554,2145,2144,12,11,1,-0.0018797005
Warm C,356051,2085,2084,12,11,0,0.0030038715
Warm C,352237,2063,2062,12,11,0,0.007334379
Warm C,361866,2109,2108,12,11,0,0.007679947
Warm C,347028,2035,2034,12,11,0,0.003033382
Warm C,341775,2012,2011,12,11,0,-0.0017998737
Warm C,343743,2018,2017,12,11,0,0.009049065
Warm C,323527,1919,1918,12,11,1,0.0011862733
Warm C,288718,1725,1724,12,11,0,-0.0036107495
Warm C,279792,1680,1679,12,11,0,-0.005119522
Warm C,277937,1676,1675,12,11,0,-0.00529541
Warm C,271552,1641,1640,12,11,0,-0.00079279626
Warm C,267660,1626,1625,12,11,0,0.00010212511
Warm C,262341,1600,1599,12,11,0,0.009276206
Warm C,227297,1377,1376,12,11,0,0.00031097117
Warm C,221842,1341,1340,12,11,1,-0.0010271505
Warm C,223733,1354,1353,12,11,0,0.010149244
Warm C,213056,1297,1296,12,11,0,0.00067165913
Warm C,273200,1647,1646,12,11,1,0.0027014147
Warm C,350371,2056,2055,12,11,0,0.0009427457
Warm C,196692,1207,1206,12,11,0,0.008178254
Warm C,328581,1941,1940,12,11,1,0.0019184472
Warm C,178335,1120,1119,12,11,0,0.0040172
Warm C,175083,1109,1108,12,11,0,0.0024275102
Warm C,173816,1100,1099,12,11,0,-0.001800744
Warm C,184107,1146,1145,12,11,0,-0.0058189225
Warm C,172969,1096,1095,12,11,0,-0.002469902
Warm C,175728,1112,1111,12,11,0,0.0055726883
Warm C,272354,1645,1644,12,11,0,0.008465299
Warm C,158984,1016,1015,12,11,0,0.0037422283
Warm C,159396,1017,1016,12,11,1,-0.00020075124
Warm C,342738,2015,2014,12,11,1,0.0023754747
Warm C,150224,967,966,12,11,0,-0.0008266305
Warm C,221571,1340,1339,12,11,0,0.0039816373
Warm C,157168,1010,1009,12,11,0,0.008627106
Warm C,136863,881,880,12,11,0,-0.004076267
Warm C,134539,869,868,12,11,0,-0.0015719276
Warm C,138717,889,888,12,11,0,0.002734786
Warm C,125621,808,807,12,11,0,0.00871744
Warm C,124319,800,799,12,11,1,-0.0024704505
Warm C,299780,1778,1777,12,11,0,0.0005346532
Warm C,106279,699,698,12,11,0,0.003141494
Warm C,109417,714,713,12,11,0,0.00019500777
Warm C,99032,660,659,12,11,0,0.0061012264
Warm C,83447,549,548,12,11,0,-0.0018372994
Warm C,81869,543,542,12,11,1,0.0040383446
Warm C,87116,569,568,12,11,0,-4.169531e-06
Warm C,65535,438,437,12,11,0,-0.00496218
Warm C,47988,321,320,12,11,0,0.00033273012
Warm C,44608,302,301,12,11,0,0.00019694678
Warm C,36561,245,244,12,11,0,0.005213922
Warm C,337189,1983,1982,12,11,0,0.0017113369
Warm C,30939,207,206,12,11,0,0.0033360473
Warm C,235202,1425,1424,12,11,0,0.0047488837
Warm C,29930,202,201,12,11,0,0.003869308
Warm C,99891,667,666,12,11,0,0.0045363493
Warm C,219298,1329,1328,12,11,0,0.006026676
Warm C,192765,1186,1185,12,11,1,0.0068432963
Warm C,14568,117,116,12,11,0,-0.0005445415
Warm C,801496,4802,4801,12,11,1,0.009798516
Warm C,120569,777,776,12,11,1,0.004651367
Warm C,234302,1422,1421,12,11,0,0.0061522024
Warm C,696653,4169,4168,12,11,0,0.0031803488
Warm C,585038,3571,3570,12,11,0,-0.0030718136
Warm C,119472,770,769,12,11,0,0.011897369
Warm C,238198,1447,1446,12,11,0,0.006342537
Warm C,371109,2168,2167,12,11,1,0.01117963
Warm C,249939,1505,1504,12,11,0,0.0034553306
Warm C,28264,195,194,12,11,0,0.004718324
Warm C,102545,678,677,12,11,0,0.004123817
Warm C,35095,237,236,12,11,0,0.00026364706
Warm C,11645,90,89,12,11,0,0.007580584
Warm C,79664,531,530,12,11,0,0.009118163
Warm C,456575,2810,2809,12,11,0,-0.003599844
Warm C,891648,5387,5386,12,11,0,0.0020038513
Warm C,474010,2909,2908,12,11,0,0.004944979
Warm C,718660,4305,4304,12,11,1,-0.0055041993
Warm C,63286,424,423,12,11,0,0.0065511754
Warm C,821610,4940,4939,12,11,1,0.0116943605
Warm C,160350,1019,1018,12,11,0,0.012503803
Warm C,363336,2116,2115,13,12,0,-0.003094414
Warm C,335019,1976,1975,13,12,1,0.004192591
Warm C,277938,1676,1675,13,12,0,0.005828073
Warm C,255243,1553,1552,13,12,0,-0.006008175
Warm C,247382,1495,1494,13,12,0,0.0032292802
Warm C,223199,1353,1352,13,12,0,-0.00025466504
Warm C,279794,1680,1679,13,12,1,0.0057728128
Warm C,328582,1941,1940,13,12,1,0.0052238954
Warm C,165821,1057,1056,13,12,0,0.0053724037
Warm C,276415,1671,1670,13,12,1,-0.0015096816
Warm C,157169,1010,1009,13,12,0,0.0003974198
Warm C,277128,1675,1674,13,12,1,0.00048639392
Warm C,127809,824,823,13,12,0,-0.007422233
Warm C,126713,817,816,13,12,0,0.004431156
Warm C,125423,807,806,13,12,1,0.008375238
Warm C,102940,681,680,13,12,1,0.0059453235
Warm C,109418,714,713,13,12,1,0.0008541385
Warm C,86226,563,562,13,12,0,0.015006755
Warm C,81288,541,540,13,12,0,0.011621945
Warm C,80777,536,535,13,12,1,-0.00025099213
Warm C,14084,114,113,13,12,1,-0.00019032758
Warm C,10528,75,74,13,12,1,-0.0017417704
Warm C,7167,49,48,13,12,1,-0.0051878626
Warm C,5452,38,37,13,12,0,0.017392777
Warm C,633538,3824,3823,13,12,0,-0.0025847424
Warm C,234303,1422,1421,13,12,0,0.013772548
Warm C,552581,3401,3400,13,12,0,0.002752024
Warm C,139262,890,889,13,12,1,0.0017392954
Warm C,334002,1969,1968,13,12,1,0.009761203
Warm C,240436,1449,1448,13,12,0,0.0010550378
Warm C,376455,2195,2194,13,12,0,0.004144964
Warm C,263610,1605,1604,13,12,0,0.0067788726
Warm C,829961,4983,4982,13,12,1,0.006657645
Warm C,195695,1203,1202,13,12,0,0.0050724526
Warm C,171996,1088,1087,13,12,0,0.004600698
Warm C,352238,2063,2062,13,12,0,0.009437126
Warm C,207085,1266,1265,13,12,0,0.011435285
Warm C,821611,4940,4939,13,12,1,0.00018887082
Warm C,489310,3012,3011,13,12,0,-0.0016486824
Warm C,738235,4411,4410,14,13,0,0.012054559
Warm C,489311,3012,3011,14,13,0,0.00884905
Warm C,478236,2934,2933,14,13,0,0.013885326
Warm C,474011,2909,2908,14,13,1,0.00984721
Warm C,852693,5113,5112,14,13,0,0.0049551628
Warm C,455928,2807,2806,14,13,1,-0.002311733
Warm C,451137,2777,2776,14,13,1,0.0006689406
Warm C,696655,4169,4168,14,13,0,0.009388783
Warm C,433756,2643,2642,14,13,0,0.0017804264
Warm C,425421,2581,2580,14,13,0,0.008193768
Warm C,464311,2860,2859,14,13,1,0.0065365704
Warm C,411647,2472,2471,14,13,0,0.0114967665
Warm C,399223,2376,2375,14,13,1,0.011903728
Warm C,399973,2380,2379,14,13,1,0.007334141
Warm C,392468,2304,2303,14,13,0,0.008837672
Warm C,390157,2288,2287,14,13,1,0.004707386
Warm C,377962,2205,2204,14,13,0,0.011481509
Warm C,375366,2187,2186,14,13,0,0.0026375204
Warm C,368486,2153,2152,14,13,1,0.002525088
Warm C,359542,2102,2101,14,13,0,0.009768529
Warm C,351049,2060,2059,14,13,0,0.0063679167
Warm C,343744,2018,2017,14,13,1,0.009043964
Warm C,302894,1799,1798,14,13,1,-0.0017646926
Warm C,310181,1845,1844,14,13,0,0.003665462
Warm C,275234,1666,1665,14,13,0,0.0043534106
Warm C,280962,1685,1684,14,13,1,0.0057278303
Warm C,266923,1620,1619,14,13,1,0.008464942
Warm C,266019,1613,1612,14,13,0,-0.0017691473
Warm C,245144,1478,1477,14,13,1,-0.0012629703
Warm C,242973,1465,1464,14,13,1,0.00489019
Warm C,325560,1926,1925,14,13,1,-0.0073664235
Warm C,216622,1315,1314,14,13,0,0.0016462631
Warm C,273201,1647,1646,14,13,0,0.009142181
Warm C,204103,1255,1254,14,13,1,0.011784266
Warm C,213644,1298,1297,14,13,1,0.011773141
Warm C,211262,1285,1284,14,13,1,0.010913241
Warm C,307652,1835,1834,14,13,1,0.0050830888
Warm C,180430,1128,1127,14,13,1,0.003439946
Warm C,334744,1974,1973,14,13,1,0.014411328
Warm C,320278,1899,1898,14,13,1,0.0073236027
Warm C,323989,1920,1919,14,13,0,0.010215757
Warm C,221572,1340,1339,14,13,0,0.0071141277
Warm C,157170,1010,1009,14,13,0,0.002567574
Warm C,136864,881,880,14,13,0,-0.0038738626
Warm C,154984,999,998,14,13,0,0.0055021537
Warm C,127810,824,823,14,13,0,0.0033604752
Warm C,235666,1426,1425,14,13,0,0.008666277
Warm C,100979,673,672,14,13,0,0.0022685067
Warm C,200136,1228,1227,14,13,0,0.0019375919
Warm C,284453,1698,1697,14,13,1,0.005709025
Warm C,77808,524,523,14,13,1,0.017729525
Warm C,239241,1448,1447,14,13,1,0.015965613
Warm C,53862,352,351,14,13,1,0.0068725487
Warm C,68277,457,456,14,13,1,0.0086675985
Warm C,47558,319,318,14,13,1,0.0055674566
Warm C,45021,303,302,14,13,1,-0.0011800306
Warm C,44609,302,301,14,13,1,0.0020415466
Warm C,243450,1467,1466,14,13,1,0.00018923834
Warm C,43459,299,298,14,13,1,-0.0019974625
Warm C,38332,261,260,14,13,1,0.0078133
Warm C,26477,187,186,14,13,1,0.0075448346
Warm C,17555,136,135,14,13,1,-0.002130911
Warm C,314414,1877,1876,14,13,1,-0.00064966956
Warm C,9956,69,68,14,13,1,0.0044297297
Warm C,651,8,7,14,13,1,1.8721563e-05
Warm C,276416,1671,1670,14,13,1,0.0057075457
Warm C,15661,123,122,14,13,1,0.008673896
Warm C,412170,2478,2477,14,13,1,0.0018152606
Warm C,363337,2116,2115,14,13,1,0.0078507755
Warm C,355127,2077,2076,14,13,0,0.00938731
Warm C,129635,839,838,14,13,0,0.009759755
Warm C,762221,4528,4527,14,13,1,-0.0030544307
Warm C,300523,1780,1779,14,13,1,0.0070545347
Warm C,777928,4647,4646,14,13,1,0.010667583
Warm C,257880,1579,1578,14,13,0,0.016351813
Warm C,713314,4277,4276,14,13,1,0.009554016
Warm C,567676,3483,3482,14,13,1,0.0043448834
Warm C,558269,3428,3427,14,13,1,0.002627983
Warm C,160351,1019,1018,14,13,1,0.008083165
Warm C,204707,1260,1259,14,13,0,0.004948804
Warm C,329532,1943,1942,14,13,0,0.010159243
Warm C,532349,3285,3284,14,13,1,-0.0024470482
Warm C,195696,1203,1202,14,13,1,-0.0035987524
Warm C,992910,5998,5997,14,13,1,0.0030457405
Warm C,476456,2926,2925,14,13,1,0.006286063
Warm C,287840,1717,1716,14,13,1,0.0035843686
Warm C,285472,1701,1700,14,13,0,0.012106055
Warm C,217274,1317,1316,14,13,1,0.0076476247
Warm C,371806,2172,2171,14,13,1,0.0033441852
Warm C,226218,1369,1368,14,13,0,0.0055054575
Warm C,215676,1306,1305,14,13,1,0.00692062
Warm C,322647,1912,1911,14,13,0,0.011117084
Warm C,841236,5054,5053,14,13,1,0.010560045
Warm C,486728,2995,2994,15,14,0,0.0039044935
Warm C,485477,2987,2986,15,14,0,-0.0038358907
Warm C,483380,2970,2969,15,14,0,0.003970759
Warm C,852695,5113,5112,15,14,0,0.012682259
Warm C,474012,2909,2908,15,14,1,0.0054185
Warm C,461892,2848,2847,15,14,0,0.011248071
Warm C,460412,2840,2839,15,14,0,0.010386555
Warm C,455464,2804,2803,15,14,1,0.014351447
Warm C,448099,2761,2760,15,14,0,0.006149335
Warm C,392469,2304,2303,15,14,0,0.013086431
Warm C,377414,2203,2202,15,14,1,0.011095729
Warm C,356527,2088,2087,15,14,0,-0.003121812
Warm C,349976,2054,2053,15,14,0,0.012509806
Warm C,340890,2010,2009,15,14,0,0.013960861
Warm C,341776,2012,2011,15,14,0,0.012061693
Warm C,343211,2016,2015,15,14,1,0.011286421
Warm C,337190,1983,1982,15,14,1,0.012967599
Warm C,330199,1948,1947,15,14,0,-9.102491e-05
Warm C,315507,1880,1879,15,14,0,0.0044959295
Warm C,289477,1727,1726,15,14,0,0.0079979105
Warm C,289013,1726,1725,15,14,0,0.012382292
Warm C,256386,1564,1563,15,14,0,0.008022289
Warm C,259628,1587,1586,15,14,0,0.001152263
Warm C,241664,1454,1453,15,14,0,0.012944655
Warm C,337547,1984,1983,15,14,0,0.0045176107
Warm C,221574,1340,1339,15,14,0,0.011248025
Warm C,244168,1470,1469,15,14,0,0.003586697
Warm C,279796,1680,1679,15,14,0,0.009743024
Warm C,193282,1193,1192,15,14,0,0.0050735
Warm C,183327,1141,1140,15,14,0,0.0042223716
Warm C,196694,1207,1206,15,14,0,0.013003583
Warm C,328584,1941,1940,15,14,0,0.0077104503
Warm C,161612,1030,1029,15,14,0,0.022683918
Warm C,227704,1380,1379,15,14,0,0.0023348518
Warm C,275704,1667,1666,15,14,0,0.008137922
Warm C,342741,2015,2014,15,14,0,0.003389183
Warm C,154985,999,998,15,14,0,0.011841012
Warm C,153263,984,983,15,14,0,0.020059634
Warm C,249345,1502,1501,15,14,0,0.003771597
Warm C,140959,906,905,15,14,0,-0.0039945943
Warm C,217276,1317,1316,15,14,0,0.01324188
Warm C,277130,1675,1674,15,14,0,0.005132219
Warm C,138721,889,888,15,14,0,0.0066411416
Warm C,134540,869,868,15,14,0,0.017504407
Warm C,122250,788,787,15,14,0,0.008625768
Warm C,223735,1354,1353,15,14,1,0.011448882
Warm C,119473,770,769,15,14,0,0.01013358
Warm C,112669,731,730,15,14,1,-0.0014435295
Warm C,111009,721,720,15,14,1,0.011467231
Warm C,106280,699,698,15,14,0,0.013166092
Warm C,118481,765,764,15,14,1,0.009105624
Warm C,96494,647,646,15,14,0,0.01208668
Warm C,235204,1425,1424,15,14,0,0.01059089
Warm C,90171,594,593,15,14,0,0.002162883
Warm C,228489,1383,1382,15,14,0,0.010136334
Warm C,291641,1737,1736,15,14,1,0.009059567
Warm C,77810,524,523,15,14,0,0.019845605
Warm C,80365,533,532,15,14,0,0.012497304
Warm C,58970,401,400,15,14,0,-0.0010159522
Warm C,53865,352,351,15,14,0,0.0076888828
Warm C,50890,335,334,15,14,0,0.012295283
Warm C,83449,549,548,15,14,0,0.0041568195
Warm C,44610,302,301,15,14,0,0.017041974
Warm C,63975,426,425,15,14,0,0.009709404
Warm C,38053,260,259,15,14,1,0.0069709145
Warm C,38333,261,260,15,14,0,0.0126251
Warm C,32961,223,222,15,14,0,-0.0034411158
Warm C,19501,148,147,15,14,1,0.011472053
Warm C,13285,103,102,15,14,1,0.005027117
Warm C,12951,100,99,15,14,0,0.0023044278
Warm C,17186,134,133,15,14,0,0.0026848211
Warm C,6896,48,47,15,14,0,0.008890458
Warm C,696657,4169,4168,15,14,0,0.0023431561
Warm C,238200,1447,1446,15,14,0,0.014112349
Warm C,49513,329,328,15,14,0,0.008637921
Warm C,109919,716,715,15,14,1,0.020237435
Warm C,828805,4979,4978,15,14,0,0.01851696
Warm C,241410,1451,1450,15,14,0,0.008952122
Warm C,102546,678,677,15,14,0,0.016870681
Warm C,633539,3824,3823,15,14,0,0.0032498995
Warm C,599434,3648,3647,15,14,0,0.006195723
Warm C,609734,3695,3694,15,14,1,0.010119302
Warm C,941498,5682,5681,15,14,0,0.018456852
Warm C,311361,1854,1853,15,14,0,0.0071110865
Warm C,656152,3953,3952,15,14,0,0.0062252707
Warm C,193851,1194,1193,15,14,0,0.008816866
Warm C,713318,4277,4276,18,17,0,0.010072967
Warm C,545075,3361,3360,18,17,1,0.016006516
Warm C,542407,3336,3335,18,17,0,0.016105836
Warm C,532352,3285,3284,18,17,1,0.0026366918
Warm C,561684,3454,3453,18,17,1,0.00954788
Warm C,531231,3280,3279,18,17,1,0.008719907
Warm C,515672,3182,3181,18,17,0,0.010143808
Warm C,509655,3139,3138,18,17,0,0.014699468
Warm C,522877,3224,3223,18,17,0,0.011004567
Warm C,492943,3029,3028,18,17,0,0.003449716
Warm C,487986,3001,3000,18,17,1,0.0086430665
Warm C,689961,4126,4125,18,17,1,0.010066223
Warm C,474800,2913,2912,18,17,0,0.010969913
Warm C,879952,5317,5316,18,17,0,0.010812422
Warm C,463546,2857,2856,18,17,0,0.0046787434
Warm C,540811,3327,3326,18,17,0,0.008165723
Warm C,564679,3471,3470,18,17,1,0.010829069
Warm C,438411,2679,2678,18,17,0,0.011267902
Warm C,429526,2615,2614,18,17,0,-0.0005339531
Warm C,390159,2288,2287,18,17,0,0.009082083
Warm C,361871,2109,2108,18,17,1,0.010575343
Warm C,371807,2172,2171,18,17,0,0.0071681603
Warm C,340892,2010,2009,18,17,0,0.01276085
Warm C,281713,1689,1688,18,17,1,0.0020796834
Warm C,296173,1757,1756,18,17,0,0.008448355
Warm C,279803,1680,1679,18,17,0,0.018818902
Warm C,266023,1613,1612,18,17,1,0.01562174
Warm C,333514,1968,1967,18,17,0,0.014603144
Warm C,231205,1399,1398,18,17,1,0.017105984
Warm C,277942,1676,1675,18,17,1,0.014524481
Warm C,215051,1303,1302,18,17,0,0.015010344
Warm C,185694,1150,1149,18,17,0,0.008586425
Warm C,307656,1835,1834,18,17,0,0.008847606
Warm C,184110,1146,1145,18,17,0,0.014756768
Warm C,164015,1050,1049,18,17,0,0.0037905397
Warm C,230631,1395,1394,18,17,1,0.006964452
Warm C,213061,1297,1296,18,17,1,0.0126618985
Warm C,270171,1635,1634,18,17,0,0.021509524
Warm C,221578,1340,1339,18,17,0,0.012324226
Warm C,168031,1068,1067,18,17,0,0.00899357
Warm C,157176,1010,1009,18,17,0,0.0118286405
Warm C,135820,877,876,18,17,0,0.016227633
Warm C,233481,1420,1419,18,17,0,0.0075956397
Warm C,132074,854,853,18,17,0,0.0071607544
Warm C,352244,2063,2062,18,17,1,0.008583218
Warm C,125050,802,801,18,17,1,0.0075336406
Warm C,178337,1120,1119,18,17,1,0.0068185786
Warm C,223739,1354,1353,18,17,0,0.0066562393
Warm C,103504,687,686,18,17,1,-0.0018852261
Warm C,177170,1117,1116,18,17,1,0.00029194786
Warm C,240441,1449,1448,18,17,0,0.023503765
Warm C,108254,710,709,18,17,1,0.011036329
Warm C,631778,3821,3820,18,17,0,0.006954125
Warm C,284458,1698,1697,18,17,0,0.008155569
Warm C,90771,601,600,18,17,0,0.009358743
Warm C,320871,1902,1901,18,17,1,0.014200715
Warm C,77815,524,523,18,17,0,0.016175503
Warm C,251245,1516,1515,18,17,0,0.017249273
Warm C,75048,509,508,18,17,1,0.0056293923
Warm C,54743,357,356,18,17,1,0.0051686633
Warm C,68280,457,456,18,17,0,0.010520014
Warm C,47565,319,318,18,17,0,0.00949624
Warm C,44613,302,301,18,17,0,0.012726039
Warm C,43250,296,295,18,17,0,0.0003278153
Warm C,58120,392,391,18,17,0,0.010714299
Warm C,239248,1448,1447,18,17,0,0.004467073
Warm C,696662,4169,4168,18,17,0,0.01750513
Warm C,38337,261,260,18,17,1,0.004059857
Warm C,37236,253,252,18,17,0,0.013845585
Warm C,43460,299,298,18,17,0,0.0017701623
Warm C,404062,2414,2413,18,17,1,0.007830553
Warm C,23162,166,165,18,17,0,0.0024284944
Warm C,290489,1733,1732,18,17,0,0.008785579
Warm C,7812,53,52,18,17,1,0.004831285
Warm C,104515,692,691,18,17,1,0.008989001
Warm C,686622,4107,4106,18,17,1,0.008228839
Warm C,158576,1015,1014,18,17,0,0.0066516874
Warm C,245581,1483,1482,18,17,1,-0.008481422
Warm C,355131,2077,2076,18,17,1,0.011738242
Warm C,78640,528,527,18,17,0,0.01401116
Warm C,150757,970,969,18,17,0,0.008722838
Warm C,363340,2116,2115,18,17,0,0.004042958
Warm C,709812,4258,4257,18,17,0,0.015799956
Warm C,257883,1579,1578,18,17,0,0.012731144
Warm C,317897,1889,1888,18,17,1,0.01063317
Warm C,28270,195,194,18,17,1,0.020489994
Warm C,556618,3420,3419,18,17,1,-0.0012854353
Warm C,599437,3648,3647,18,17,0,0.00860483
Warm C,907705,5492,5491,18,17,0,0.0065521
Warm C,609736,3695,3694,18,17,0,0.0031953412
Warm C,893065,5394,5393,18,17,0,0.022231717
Warm C,565747,3475,3474,18,17,0,0.012361582
Warm C,53039,349,348,18,17,0,0.002526446
Warm C,583635,3562,3561,18,17,0,0.016322004
Warm C,235206,1425,1424,18,17,0,0.010482159
Warm C,116530,752,751,18,17,1,0.006366764
Warm C,160356,1019,1018,18,17,0,0.011166348
Warm C,558906,3432,3431,20,19,0,0.0056887832
Warm C,557006,3422,3421,20,19,0,0.007560853
Warm C,550524,3391,3390,20,19,0,0.011484337
Warm C,542415,3336,3335,20,19,0,0.0111022405
Warm C,537439,3311,3310,20,19,0,0.007823755
Warm C,520422,3209,3208,20,19,0,-0.008916135
Warm C,517102,3191,3190,20,19,0,0.00077744294
Warm C,516635,3189,3188,20,19,0,0.0056762677
Warm C,575544,3519,3518,20,19,1,0.015657961
Warm C,494456,3032,3031,20,19,1,0.0018878051
Warm C,486397,2994,2993,20,19,0,0.0033822248
Warm C,472841,2907,2906,20,19,0,0.0039875344
Warm C,474033,2909,2908,20,19,1,0.016186109
Warm C,468137,2886,2885,20,19,1,0.0008994262
Warm C,463556,2857,2856,20,19,0,0.014415365
Warm C,460418,2840,2839,20,19,0,0.010578299
Warm C,487188,2996,2995,20,19,0,0.015062913
Warm C,477577,2931,2930,20,19,0,0.00376824
Warm C,594962,3620,3619,20,19,0,0.008425698
Warm C,399593,2378,2377,20,19,0,0.002662364
Warm C,392482,2304,2303,20,19,0,0.011706015
Warm C,377431,2203,2202,20,19,1,0.007339728
Warm C,375197,2186,2185,20,19,0,0.0042453744
Warm C,368005,2148,2147,20,19,0,0.009134203
Warm C,368913,2156,2155,20,19,0,0.012004023
Warm C,361885,2109,2108,20,19,0,0.0016078608
Warm C,352259,2063,2062,20,19,0,0.017222736
Warm C,340901,2010,2009,20,19,0,0.0047026225
Warm C,297700,1764,1763,20,19,1,0.0052924366
Warm C,303621,1803,1802,20,19,1,0.009065934
Warm C,289019,1726,1725,20,19,0,0.0059835287
Warm C,275243,1666,1665,20,19,0,-0.0006367003
Warm C,271336,1640,1639,20,19,0,-0.00074792514
Warm C,257896,1579,1578,20,19,0,0.009367796
Warm C,256388,1564,1563,20,19,0,-0.00041331525
Warm C,303120,1800,1799,20,19,0,0.013445227
Warm C,244334,1471,1470,20,19,0,0.0028281147
Warm C,301862,1793,1792,20,19,0,0.008972948
Warm C,224771,1358,1357,20,19,0,0.010947505
Warm C,233187,1418,1417,20,19,0,0.019664235
Warm C,227305,1377,1376,20,19,0,0.005054152
Warm C,244178,1470,1469,20,19,0,0.01193336
Warm C,320876,1902,1901,20,19,0,0.0008691456
Warm C,191387,1181,1180,20,19,0,0.0055100285
Warm C,186687,1155,1154,20,19,0,0.001456764
Warm C,328623,1941,1940,20,19,0,0.011059089
Warm C,164022,1050,1049,20,19,0,0.017284166
Warm C,161615,1030,1029,20,19,0,0.014078534
Warm C,275710,1667,1666,20,19,0,0.0066678147
Warm C,342758,2015,2014,20,19,0,0.008612181
Warm C,154995,999,998,20,19,0,0.01159912
Warm C,136879,881,880,20,19,0,0.009138598
Warm C,135825,877,876,20,19,0,0.014658813
Warm C,202664,1244,1243,20,19,0,0.0122531
Warm C,263635,1605,1604,20,19,0,0.0041665295
Warm C,120807,778,777,20,19,0,0.0011058104
Warm C,116911,753,752,20,19,0,0.003464029
Warm C,113617,736,735,20,19,0,0.010065356
Warm C,240466,1449,1448,20,19,0,0.015385219
Warm C,299788,1778,1777,20,19,1,0.013034955
Warm C,106288,699,698,20,19,0,0.005399077
Warm C,108263,710,709,20,19,0,0.008482132
Warm C,110190,718,717,20,19,0,0.0049018487
Warm C,96240,646,645,20,19,0,0.017069085
Warm C,886973,5359,5358,20,19,0,0.0021833414
Warm C,150766,970,969,20,19,0,0.013021214
Warm C,291652,1737,1736,20,19,1,0.004598343
Warm C,239264,1448,1447,20,19,1,0.0057150433
Warm C,77827,524,523,20,19,0,0.012276921
Warm C,119488,770,769,20,19,0,0.007185468
Warm C,59762,406,405,20,19,0,0.006047245
Warm C,54745,357,356,20,19,0,0.0016931522
Warm C,53890,352,351,20,19,0,0.012600292
Warm C,334019,1969,1968,20,19,0,0.005532351
Warm C,68282,457,456,20,19,0,0.0029901718
Warm C,44638,302,301,20,19,0,0.01561195
Warm C,696681,4169,4168,20,19,0,0.015913878
Warm C,145487,935,934,20,19,0,0.005995754
Warm C,55665,368,367,20,19,0,0.010087969
Warm C,627051,3792,3791,20,19,0,0.0024231116
Warm C,219306,1329,1328,20,19,0,0.013883613
Warm C,29957,202,201,20,19,0,-0.000779103
Warm C,29266,199,198,20,19,0,0.004198084
Warm C,23353,167,166,20,19,0,0.013256427
Warm C,22626,163,162,20,19,0,0.014900519
Warm C,28293,195,194,20,19,1,0.017272009
Warm C,27258,192,191,20,19,0,0.00048750814
Warm C,17193,134,133,20,19,0,0.0076995958
Warm C,15680,123,122,20,19,0,0.0044876337
Warm C,30580,204,203,20,19,0,0.014672978
Warm C,198486,1219,1218,20,19,0,0.009037154
Warm C,355140,2077,2076,20,19,0,0.0045055044
Warm C,552599,3401,3400,20,19,0,0.0016431294
Warm C,50240,331,330,20,19,0,0.005278564
Warm C,777943,4647,4646,20,19,0,0.011244356
Warm C,538148,3312,3311,20,19,0,0.0040638605
Warm C,599442,3648,3647,20,19,0,0.016559608
Warm C,720189,4312,4311,20,19,0,0.019948527
Warm C,215688,1306,1305,20,19,1,0.0076853926
Warm C,273223,1647,1646,20,19,0,0.009088118
Warm C,688190,4116,4115,23,22,1,0.011559006
Warm C,567692,3483,3482,23,22,0,0.030716967
Warm C,487991,3001,3000,23,22,1,0.00843471
Warm C,483133,2968,2967,23,22,0,0.0050377697
Warm C,477271,2929,2928,23,22,0,0.0015190192
Warm C,472844,2907,2906,23,22,1,0.0077987416
Warm C,474038,2909,2908,23,22,0,0.009434977
Warm C,564693,3471,3470,23,22,0,0.022080328
Warm C,463559,2857,2856,23,22,0,0.008888495
Warm C,460422,2840,2839,23,22,0,0.0068308497
Warm C,492962,3029,3028,23,22,0,0.021646962
Warm C,453992,2793,2792,23,22,1,0.02060311
Warm C,451153,2777,2776,23,22,0,0.009904085
Warm C,429277,2611,2610,23,22,0,0.013876035
Warm C,410029,2458,2457,23,22,0,0.017680738
Warm C,363364,2116,2115,23,22,0,0.00327803
Warm C,359814,2104,2103,23,22,1,-0.0007180454
Warm C,358631,2098,2097,23,22,0,0.015666427
Warm C,352263,2063,2062,23,22,0,0.015521967
Warm C,358980,2100,2099,23,22,0,0.02428789
Warm C,300936,1785,1784,23,22,0,0.010326421
Warm C,296179,1757,1756,23,22,0,0.0067163096
Warm C,275245,1666,1665,23,22,1,0.005727181
Warm C,299791,1778,1777,23,22,0,0.013197508
Warm C,266039,1613,1612,23,22,0,0.02257391
Warm C,333520,1968,1967,23,22,0,0.02305035
Warm C,252767,1531,1530,23,22,0,0.0010724394
Warm C,392487,2304,2303,23,22,1,0.017359784
Warm C,218770,1326,1325,23,22,0,0.0014575176
Warm C,216089,1311,1310,23,22,0,0.0050156317
Warm C,277955,1676,1675,23,22,0,0.0017130009
Warm C,205006,1261,1260,23,22,1,0.012443048
Warm C,192590,1185,1184,23,22,0,0.017098874
Warm C,328630,1941,1940,23,22,0,0.02317433
Warm C,163485,1047,1046,23,22,0,0.014528362
Warm C,164026,1050,1049,23,22,0,0.0053310436
Warm C,191393,1181,1180,23,22,0,0.01658358
Warm C,157189,1010,1009,23,22,0,0.021116953
Warm C,118752,767,766,23,22,1,0.0037090876
Warm C,121300,780,779,23,22,0,0.01579666
Warm C,106292,699,698,23,22,0,0.0055230632
Warm C,116549,752,751,23,22,0,0.016806673
Warm C,179806,1125,1124,23,22,1,0.020313988
Warm C,100312,669,668,23,22,1,0.011904879
Warm C,111027,721,720,23,22,1,0.016252033
Warm C,108267,710,709,23,22,0,0.020706296
Warm C,77831,524,523,23,22,0,0.015924938
Warm C,55062,363,362,23,22,0,0.0073781004
Warm C,44641,302,301,23,22,0,0.021808757
Warm C,221592,1340,1339,23,22,0,0.012793143
Warm C,7243,50,49,23,22,0,0.0055714743
Warm C,104525,692,691,23,22,0,0.015540449
Warm C,109926,716,715,23,22,1,0.015887009
Warm C,696687,4169,4168,23,22,0,0.013360276
Warm C,19522,148,147,23,22,0,0.009559813
Warm C,78654,528,527,23,22,0,0.017337954
Warm C,355142,2077,2076,23,22,0,0.01648613
Warm C,399982,2380,2379,23,22,0,0.01804248
Warm C,150769,970,969,23,22,0,0.010597544
Warm C,550528,3391,3390,23,22,0,0.0093383
Warm C,317908,1889,1888,23,22,1,0.022834636
Warm C,599446,3648,3647,23,22,0,0.011910671
Warm C,238221,1447,1446,23,22,0,0.024479428
Warm C,609738,3695,3694,23,22,1,0.0142690595
Warm C,662103,3992,3991,23,22,1,0.014744533
Warm C,468627,2887,2886,23,22,0,0.0140023
Warm C,266043,1613,1612,26,25,1,0.013872387
Warm C,252209,1527,1526,26,25,0,0.0024391483
Warm C,354304,2073,2072,26,25,1,0.008669925
Warm C,232602,1413,1412,26,25,0,0.0039168876
Warm C,224322,1356,1355,26,25,0,0.016122276
Warm C,209570,1279,1278,26,25,0,0.008480818
Warm C,191976,1182,1181,26,25,0,0.01016338
Warm C,185723,1150,1149,26,25,0,0.016199673
Warm C,263641,1605,1604,26,25,0,0.020232793
Warm C,168661,1069,1068,26,25,0,0.0062444387
Warm C,195719,1203,1202,26,25,1,0.012674306
Warm C,178356,1120,1119,26,25,0,0.013174079
Warm C,115152,748,747,26,25,1,0.0087658
Warm C,216505,1314,1313,26,25,0,0.007704026
Warm C,299793,1778,1777,26,25,1,0.019883314
Warm C,97966,655,654,26,25,0,0.003998205
Warm C,151304,973,972,26,25,1,0.004372147
Warm C,77834,524,523,26,25,0,0.021622047
Warm C,51947,342,341,26,25,1,0.0037109326
Warm C,139265,890,889,26,25,0,0.004294917
Warm C,696691,4169,4168,26,25,0,0.02120144
Warm C,270183,1635,1634,26,25,1,0.012726965
Warm C,599447,3648,3647,26,25,0,0.010210207
Warm C,9962,69,68,26,25,1,0.008250689
Warm C,2073,18,17,26,25,1,0.008519372
Warm C,142231,918,917,26,25,1,0.012849763
Warm C,223754,1354,1353,26,25,0,0.005783454
Warm C,158604,1015,1014,26,25,0,0.015808322
Warm C,149739,963,962,26,25,1,0.02081514
Warm C,932591,5630,5629,26,25,1,0.007918186
Warm C,238225,1447,1446,26,25,1,0.00785931
Warm C,285491,1701,1700,26,25,1,0.018231226
Warm C,136888,881,880,26,25,0,0.01807262
Warm C,699765,4186,4185,26,25,0,0.025660692
Warm C,717052,4294,4293,26,25,0,0.007925289
Warm C,375944,2190,2189,26,25,1,0.0049228934
Warm C,295752,1755,1754,26,25,1,0.010178688
Warm C,33990,229,228,26,25,1,0.007312258
Warm C,241438,1451,1450,26,25,1,0.007565195
Warm C,550532,3391,3390,26,25,1,0.0042855954
Warm C,295753,1755,1754,27,26,0,0.004299891
Warm C,713347,4277,4276,28,27,1,0.010830298
Warm C,653695,3940,3939,28,27,1,0.0073300553
Warm C,647179,3895,3894,28,27,0,0.004775033
Warm C,637416,3838,3837,28,27,0,-0.00465032
Warm C,635467,3830,3829,28,27,0,0.0038912897
Warm C,625346,3779,3778,28,27,1,0.0041515213
Warm C,623120,3770,3769,28,27,1,0.009521765
Warm C,606236,3682,3681,28,27,1,0.011378986
Warm C,597585,3635,3634,28,27,1,0.0015870745
Warm C,595568,3622,3621,28,27,1,0.006781334
Warm C,586808,3583,3582,28,27,1,-0.0021894225
Warm C,579697,3539,3538,28,27,1,0.010762324
Warm C,570756,3501,3500,28,27,1,0.0033714403
Warm C,568808,3490,3489,28,27,0,0.004959625
Warm C,565236,3474,3473,28,27,1,0.0044786744
Warm C,560519,3445,3444,28,27,1,0.0018868982
Warm C,553030,3402,3401,28,27,0,0.009373819
Warm C,543644,3348,3347,28,27,1,0.0069910153
Warm C,522910,3224,3223,28,27,0,0.0045255213
Warm C,518525,3200,3199,28,27,1,0.0055448716
Warm C,518158,3197,3196,28,27,0,0.01478956
Warm C,513100,3163,3162,28,27,1,0.0049448954
Warm C,526279,3253,3252,28,27,1,-0.0017112555
Warm C,510327,3143,3142,28,27,1,-0.0048751286
Warm C,768841,4579,4578,28,27,0,0.0041901837
Warm C,500759,3075,3074,28,27,0,0.0062633473
Warm C,496234,3049,3048,28,27,1,0.0027409964
Warm C,490399,3017,3016,28,27,1,0.0012221623
Warm C,480669,2950,2949,28,27,1,0.0065388563
Warm C,478261,2934,2933,28,27,1,0.010330681
Warm C,466206,2874,2873,28,27,0,-0.004157391
Warm C,447003,2753,2752,28,27,1,-0.0023700995
Warm C,441583,2709,2708,28,27,1,-0.0033895602
Warm C,696693,4169,4168,28,27,0,0.018605229
Warm C,427654,2597,2596,28,27,1,0.010128235
Warm C,425019,2579,2578,28,27,1,0.0015684424
Warm C,416888,2507,2506,28,27,1,0.007688038
Warm C,401779,2396,2395,28,27,1,0.0037351083
Warm C,401831,2397,2396,28,27,1,0.008029815
Warm C,400521,2383,2382,28,27,1,0.0061645955
Warm C,386429,2259,2258,28,27,1,-0.0019475704
Warm C,383011,2237,2236,28,27,1,0.005727366
Warm C,348208,2041,2040,28,27,1,0.004077334
Warm C,330580,1951,1950,28,27,0,-0.0010193967
Warm C,324780,1924,1923,28,27,0,0.00630315
Warm C,321754,1908,1907,28,27,0,0.010469276
Warm C,317020,1884,1883,28,27,1,0.0102183
Warm C,302710,1797,1796,28,27,1,0.007264572
Warm C,282377,1693,1692,28,27,1,0.007015187
Warm C,292524,1741,1740,28,27,1,0.010846085
Warm C,269549,1634,1633,28,27,1,0.009084644
Warm C,257142,1576,1575,28,27,1,0.009614695
Warm C,241713,1455,1454,28,27,1,0.003845641
Warm C,228987,1387,1386,28,27,0,0.007770928
Warm C,225904,1368,1367,28,27,1,0.007246582
Warm C,276442,1671,1670,28,27,1,0.0015788218
Warm C,218321,1323,1322,28,27,1,0.015110842
Warm C,216623,1315,1314,28,27,1,0.010355861
Warm C,199617,1224,1223,28,27,1,0.016009662
Warm C,338334,1988,1987,28,27,1,0.0028778003
Warm C,189106,1172,1171,28,27,1,-0.0016231546
Warm C,184455,1147,1146,28,27,1,0.013963001
Warm C,316383,1883,1882,28,27,0,0.016753014
Warm C,201772,1242,1241,28,27,0,0.0052267257
Warm C,174516,1103,1102,28,27,1,-0.003992739
Warm C,169140,1073,1072,28,27,1,0.004776099
Warm C,167544,1067,1066,28,27,1,0.0024417248
Warm C,158992,1016,1015,28,27,1,0.006284223
Warm C,320303,1899,1898,28,27,1,0.013296834
Warm C,158605,1015,1014,28,27,1,-0.0022560908
Warm C,185726,1150,1149,28,27,0,0.016363842
Warm C,140351,899,898,28,27,0,0.010845521
Warm C,138756,889,888,28,27,1,0.00810802
Warm C,123723,797,796,28,27,1,-0.0044885213
Warm C,132662,855,854,28,27,1,0.012306154
Warm C,187792,1164,1163,28,27,1,0.012277071
Warm C,305267,1813,1812,28,27,1,0.0003965798
Warm C,341261,2011,2010,28,27,1,0.0078092404
Warm C,631796,3821,3820,28,27,0,0.0024854601
Warm C,98188,656,655,28,27,1,0.018891713
Warm C,85330,556,555,28,27,1,-0.002388362
Warm C,191397,1181,1180,28,27,0,0.024871726
Warm C,69334,464,463,28,27,1,0.0053582415
Warm C,820915,4934,4933,28,27,1,-0.004236443
Warm C,949223,5734,5733,28,27,1,0.0084360335
Warm C,51496,338,337,28,27,1,0.005813006
Warm C,50252,331,330,28,27,1,0.0068155834
Warm C,34777,235,234,28,27,1,0.005312235
Warm C,796141,4771,4770,28,27,0,0.008511041
Warm C,462066,2849,2848,28,27,1,9.073585e-05
Warm C,17936,138,137,28,27,1,-0.0027981508
Warm C,13467,106,105,28,27,1,-0.00063536153
Warm C,211697,1287,1286,28,27,1,-0.0012400858
Warm C,8838,59,58,28,27,0,0.01073006
Warm C,4903,35,34,28,27,1,0.010323226
Warm C,4235,32,31,28,27,0,0.011356441
Warm C,20846,151,150,28,27,1,0.016163934
Warm C,739450,4418,4417,28,27,1,0.00077259727
Warm C,127387,822,821,28,27,0,0.010263954
Warm C,263643,1605,1604,28,27,0,0.016464382
Warm C,89387,588,587,28,27,1,0.015541111
Warm C,835120,5019,5018,28,27,0,0.005799952
Warm C,9893,68,67,28,27,0,0.0026694825
Warm C,996283,6016,6015,28,27,0,0.006301921
Warm C,195720,1203,1202,28,27,1,0.01057614
Warm C,313011,1865,1864,28,27,0,0.0042382847
Warm C,319559,1897,1896,28,27,1,0.006754431
Warm C,476468,2926,2925,28,27,0,0.009819238
Warm C,206470,1265,1264,28,27,1,0.0067075174
Warm C,361076,2106,2105,28,27,1,0.0072207013
Warm C,60835,411,410,28,27,1,0.005609776
Warm C,514075,3172,3171,28,27,0,-0.003392335
Warm C,479815,2944,2943,28,27,1,0.0075018704
Warm C,795524,4765,4764,28,27,1,0.009608683
Warm C,172030,1088,1087,28,27,1,0.0050886096
Warm C,27598,193,192,28,27,1,0.0031171828
Warm C,748268,4467,4466,28,27,1,-0.0023657046
Warm C,295754,1755,1754,28,27,1,0.012057435
Warm C,974430,5878,5877,28,27,1,0.015251959
Warm C,20117,149,148,30,29,1,0.009117391
Warm C,152533,981,980,30,29,0,0.016841335
Warm C,5186,36,35,30,29,1,0.012233598
Warm C,1823,17,16,30,29,1,0.01465464
Warm C,902881,5458,5457,30,29,0,-0.0036611133
Warm C,76441,518,517,30,29,0,0.0061352076
Warm C,207117,1266,1265,30,29,0,0.0086721275
Warm C,844057,5074,5073,30,29,0,0.0062578837
Warm C,511393,3154,3153,30,29,1,0.017258704
Warm C,284946,1699,1698,30,29,0,0.0137951095
Warm C,605360,3679,3678,30,29,0,-0.0008828095
Warm C,874002,5277,5276,30,29,0,0.006988378
Warm C,249953,1505,1504,30,29,0,0.01373825
Warm C,421222,2544,2543,30,29,0,0.00768789
Warm C,575568,3519,3518,31,30,1,0.012072487
Warm C,577503,3526,3525,31,30,0,0.0048464886
Warm C,550557,3391,3390,31,30,0,-0.004200151
Warm C,542438,3336,3335,31,30,0,0.0015983996
Warm C,536259,3308,3307,31,30,0,0.003134849
Warm C,525711,3246,3245,31,30,1,-0.0031348928
Warm C,658529,3967,3966,31,30,0,-0.004210217
Warm C,508795,3129,3128,31,30,1,0.0060645468
Warm C,530007,3272,3271,31,30,0,-0.0038802137
Warm C,478275,2934,2933,31,30,0,0.0042516002
Warm C,472862,2907,2906,31,30,1,0.0029673236
Warm C,474069,2909,2908,31,30,1,0.0018664836
Warm C,467071,2878,2877,31,30,0,0.0012618303
Warm C,463583,2857,2856,31,30,0,0.00418157
Warm C,451169,2777,2776,31,30,1,0.00061515905
Warm C,444839,2743,2742,31,30,1,-0.0010581407
Warm C,443969,2737,2736,31,30,0,0.006107634
Warm C,564716,3471,3470,31,30,0,-0.003935409
Warm C,580068,3540,3539,31,30,0,-0.00012534508
Warm C,420304,2540,2539,31,30,0,0.0050442903
Warm C,399253,2376,2375,31,30,0,0.006405624
Warm C,405570,2429,2428,31,30,1,-0.0006088079
Warm C,392506,2304,2303,31,30,0,-4.789594e-05
Warm C,383799,2242,2241,31,30,1,-0.0015608368
Warm C,366274,2131,2130,31,30,0,0.0025331092
Warm C,363388,2116,2115,31,30,1,-0.006889263
Warm C,361903,2109,2108,31,30,0,0.002389298
Warm C,352304,2063,2062,31,30,0,0.0048484816
Warm C,196728,1207,1206,31,30,0,0.010038425
Warm C,321758,1908,1907,31,30,0,0.006730878
Warm C,189116,1172,1171,31,30,1,0.0057358094
Warm C,185751,1150,1149,31,30,0,-0.0021569584
Warm C,211333,1285,1284,31,30,0,0.007863665
Warm C,307687,1835,1834,31,30,0,0.010740988
Warm C,263669,1605,1604,31,30,0,0.0058977082
Warm C,172978,1096,1095,31,30,0,-0.0021050384
Warm C,168061,1068,1067,31,30,0,0.0019264113
Warm C,328672,1941,1940,31,30,1,0.0027052867
Warm C,155012,999,998,31,30,0,-0.0026289234
Warm C,116574,752,751,31,30,0,0.008729689
Warm C,120597,777,776,31,30,0,7.708155e-05
Warm C,299804,1778,1777,31,30,1,0.006537769
Warm C,106304,699,698,31,30,0,0.00421283
Warm C,101511,676,675,31,30,1,0.0037250968
Warm C,332849,1962,1961,31,30,1,0.0027267432
Warm C,92367,616,615,31,30,0,-0.0030397025
Warm C,239295,1448,1447,31,30,1,0.00050158193
Warm C,80784,536,535,31,30,0,-0.00083735515
Warm C,81903,543,542,31,30,1,0.0019252233
Warm C,77854,524,523,31,30,0,0.009810184
Warm C,76205,517,516,31,30,1,0.0008170399
Warm C,132676,855,854,31,30,0,-0.00017335161
Warm C,696718,4169,4168,31,30,0,0.00076636404
Warm C,39608,268,267,31,30,1,0.006542947
Warm C,55677,368,367,31,30,0,-0.0014869638
Warm C,32983,223,222,31,30,0,0.011831619
Warm C,30268,203,202,31,30,0,-0.00653023
Warm C,25666,181,180,31,30,1,0.0011750744
Warm C,104547,692,691,31,30,0,0.0040680207
Warm C,108291,710,709,31,30,0,0.009640608
Warm C,79708,531,530,31,30,0,0.0048045046
Warm C,78670,528,527,31,30,1,0.004945263
Warm C,399992,2380,2379,31,30,0,0.0075596147
Warm C,893085,5394,5393,31,30,0,0.010103505
Warm C,241456,1451,1450,31,30,1,-0.0018482166
Warm C,164831,1051,1050,31,30,0,-0.0023109636
Warm C,102609,678,677,31,30,1,0.0016256552
Warm C,28329,195,194,31,30,0,0.0055706427
Warm C,964214,5812,5811,31,30,0,0.0017354696
Warm C,907717,5492,5491,31,30,0,0.0021391895
Warm C,139272,890,889,31,30,1,-0.0025983416
Warm C,195732,1203,1202,31,30,1,0.001162234
Warm C,475648,2918,2917,31,30,1,0.0018175386
Warm C,960329,5792,5791,31,30,0,0.0038413284
Warm C,179821,1125,1124,31,30,0,0.0059823096
Warm C,172054,1088,1087,31,30,0,0.0026256144
Warm C,992473,5996,5995,31,30,1,0.00043978705
Warm C,235241,1425,1424,31,30,0,0.001113201
Warm C,215702,1306,1305,31,30,0,0.0044363094
Warm C,801513,4802,4801,31,30,0,0.0005388998
Warm C,937677,5657,5656,31,30,1,0.0009898269
Warm C,187807,1164,1163,35,33,1,0.009780424
Warm C,160402,1019,1018,35,33,0,0.014685504
Warm C,841261,5054,5053,35,33,0,0.020780478
Warm C,24462,173,172,35,33,0,-0.0011366972
Warm C,285511,1701,1700,35,33,0,0.016667243
Warm C,545392,3363,3362,35,33,0,0.010822291
Warm C,310853,1851,1850,35,33,0,-0.0029657357
Warm C,883132,5333,5332,35,33,0,0.013386749
Warm C,974446,5878,5877,35,33,0,0.010141163
Warm C,550563,3391,3390,35,33,0,0.008646114
Warm C,541849,3334,3333,43,38,0,0.012441051
Warm C,521684,3218,3217,43,38,1,0.009276853
Warm C,526288,3253,3252,43,38,1,-0.002284896
Warm C,738259,4411,4410,43,38,0,0.009609191
Warm C,500146,3071,3070,43,38,1,0.0042844797
Warm C,492192,3026,3025,43,38,0,0.0021415558
Warm C,485319,2986,2985,43,38,1,0.008708267
Warm C,576601,3524,3523,43,38,0,0.000658531
Warm C,481003,2953,2952,43,38,0,0.0021041634
Warm C,474832,2913,2912,43,38,1,0.004639127
Warm C,870260,5256,5255,43,38,1,0.008609234
Warm C,879983,5317,5316,43,38,1,0.0016527125
Warm C,754776,4497,4496,43,38,1,0.0077263294
Warm C,464749,2864,2863,43,38,1,-0.0036578951
Warm C,454277,2794,2793,43,38,1,0.0024551358
Warm C,453102,2790,2789,43,38,0,-0.00018338114
Warm C,442495,2724,2723,43,38,1,0.00070474367
Warm C,438682,2680,2679,43,38,0,0.01006145
Warm C,439485,2684,2683,43,38,0,5.4931268e-05
Warm C,422907,2563,2562,43,38,0,-0.0010179193
Warm C,420310,2540,2539,43,38,1,0.0038394837
Warm C,415591,2503,2502,43,38,0,-0.001038577
Warm C,415177,2499,2498,43,38,1,-0.0045312885
Warm C,464365,2860,2859,43,38,0,0.0013878957
Warm C,402517,2402,2401,43,38,0,0.009551449
Warm C,388568,2275,2274,43,38,1,0.008745563
Warm C,386747,2261,2260,43,38,0,0.0031252394
Warm C,382138,2232,2231,43,38,1,0.0052509177
Warm C,383034,2237,2236,43,38,1,0.0043421667
Warm C,365905,2129,2128,43,38,0,0.003366819
Warm C,357083,2091,2090,43,38,1,0.0012853357
Warm C,350593,2058,2057,43,38,0,0.009238619
Warm C,337237,1983,1982,43,38,0,0.0042774323
Warm C,316403,1883,1882,43,38,1,0.014219118
Warm C,318721,1894,1893,43,38,1,0.007984969
Warm C,310873,1851,1850,43,38,0,0.0045662066
Warm C,274542,1658,1657,43,38,1,0.0073546586
Warm C,279947,1680,1679,43,38,1,0.0074882666
Warm C,264437,1608,1607,43,38,0,0.00855827
Warm C,264257,1607,1606,43,38,0,0.0070125414
Warm C,262745,1602,1601,43,38,1,-0.00040029408
Warm C,256283,1563,1562,43,38,1,0.00023051794
Warm C,236636,1436,1435,43,38,1,0.0019863048
Warm C,296628,1758,1757,43,38,1,0.0031011105
Warm C,211934,1290,1289,43,38,1,-0.0063371896
Warm C,211363,1285,1284,43,38,1,0.009496365
Warm C,194474,1199,1198,43,38,0,0.012579132
Warm C,185785,1150,1149,43,38,0,0.013333598
Warm C,307721,1835,1834,43,38,1,0.009033652
Warm C,176331,1114,1113,43,38,0,0.009044287
Warm C,174916,1108,1107,43,38,1,0.0011043693
Warm C,175175,1110,1109,43,38,1,-0.001406037
Warm C,169855,1078,1077,43,38,1,-0.0049046194
Warm C,168691,1069,1068,43,38,0,0.013762689
Warm C,219553,1331,1330,43,38,1,0.0033353926
Warm C,215105,1303,1302,43,38,1,0.0068292934
Warm C,146496,944,943,43,38,0,-0.0024864823
Warm C,139801,895,894,43,38,1,0.008268555
Warm C,138827,889,888,43,38,0,0.018176682
Warm C,132845,856,855,43,38,0,0.0024906888
Warm C,263698,1605,1604,43,38,1,-0.00015124073
Warm C,349405,2050,2049,43,38,1,0.008578288
Warm C,98279,657,656,43,38,1,0.0035447315
Warm C,84873,551,550,43,38,0,0.0045702076
Warm C,83544,549,548,43,38,1,0.009638031
Warm C,234372,1422,1421,43,38,0,0.008044113
Warm C,75342,511,510,43,38,1,-0.000974464
Warm C,66748,446,445,43,38,1,0.007845593
Warm C,60881,411,410,43,38,1,0.014463777
Warm C,55101,364,363,43,38,1,0.0018749235
Warm C,47656,319,318,43,38,1,0.011049908
Warm C,241483,1451,1450,43,38,1,0.009804801
Warm C,313032,1865,1864,43,38,1,-0.0035672656
Warm C,32522,218,217,43,38,0,-0.0035535814
Warm C,48191,323,322,43,38,1,0.006020157
Warm C,28357,195,194,43,38,1,-0.00043924525
Warm C,26533,187,186,43,38,1,0.011765866
Warm C,10030,70,69,43,38,1,0.0026420471
Warm C,202181,1243,1242,43,38,1,0.005226414
Warm C,932600,5630,5629,43,38,1,0.011836287
Warm C,76451,518,517,43,38,1,0.008703095
Warm C,238283,1447,1446,43,38,1,0.015595459
Warm C,522969,3224,3223,43,38,0,0.0018057823
Warm C,158671,1015,1014,43,38,0,0.014050512
Warm C,460863,2841,2840,43,38,1,0.009584377
Warm C,171012,1087,1086,43,38,1,0.011077886
Warm C,160422,1019,1018,43,38,1,0.0052704383
Warm C,772771,4607,4606,43,38,1,0.006634311
Warm C,465234,2868,2867,43,38,1,0.012252192
Warm C,309802,1842,1841,43,38,1,0.0073253303
Warm C,195758,1203,1202,43,38,0,0.015419789
Warm C,730591,4371,4370,43,38,0,0.006014314
Warm C,550597,3391,3390,43,38,0,-0.0006769693
Warm C,287872,1717,1716,43,38,1,0.008231414
Warm C,479825,2944,2943,43,38,0,0.0013455251
Warm C,286908,1712,1711,43,38,0,0.0060122986
Warm C,348241,2041,2040,43,38,0,0.014806116
Warm C,328728,1941,1940,43,38,0,0.011537813
Warm C,384795,2247,2246,43,38,0,0.0012947265
Warm C,172087,1088,1087,43,38,0,0.010878946
Warm C,116601,752,751,43,38,0,0.0053421347
Warm C,554928,3412,3411,43,38,1,0.0077138445
Warm C,841276,5054,5053,43,38,0,0.00981565
Warm C,319593,1897,1896,43,38,0,0.0030419703
Warm C,609353,3693,3692,43,38,0,0.003077524
Warm C,974454,5878,5877,43,38,0,0.0033440697
Warm C,566725,3477,3476,46,41,1,0.0015885509
Warm C,549541,3390,3389,46,41,0,0.0078018242
Warm C,658552,3967,3966,46,41,0,-0.0056944033
Warm C,575591,3519,3518,46,41,0,-0.00013158878
Warm C,544781,3358,3357,46,41,1,0.002585176
Warm C,533652,3292,3291,46,41,0,0.0040175566
Warm C,526891,3259,3258,46,41,1,0.010637656
Warm C,774488,4619,4618,46,41,0,-0.00081289595
Warm C,509944,3140,3139,46,41,1,0.00204751
Warm C,503710,3095,3094,46,41,1,0.0027194128
Warm C,503016,3087,3086,46,41,0,-0.002870902
Warm C,516665,3189,3188,46,41,0,0.004450761
Warm C,499739,3067,3066,46,41,0,0.0015191783
Warm C,574949,3518,3517,46,41,1,0.0017156126
Warm C,659290,3971,3970,46,41,1,0.0012354071
Warm C,493581,3031,3030,46,41,1,0.011298623
Warm C,490423,3017,3016,46,41,0,-0.01055428
Warm C,478302,2934,2933,46,41,0,0.0029154024
Warm C,467089,2878,2877,46,41,1,0.0062383018
Warm C,457203,2817,2816,46,41,1,0.003239408
Warm C,451201,2777,2776,46,41,0,-0.000871146
Warm C,443986,2737,2736,46,41,0,0.004792038
Warm C,564741,3471,3470,46,41,0,0.008724535
Warm C,430296,2622,2621,46,41,0,0.0010856749
Warm C,430601,2624,2623,46,41,1,0.007820698
Warm C,423283,2565,2564,46,41,0,-0.0020898841
Warm C,419330,2533,2532,46,41,1,0.006955261
Warm C,416935,2507,2506,46,41,0,0.017688189
Warm C,413903,2489,2488,46,41,0,0.0035525756
Warm C,408434,2453,2452,46,41,0,0.006124301
Warm C,398348,2368,2367,46,41,1,-0.00081381854
Warm C,393173,2309,2308,46,41,0,0.008003297
Warm C,377460,2203,2202,46,41,1,0.007858229
Warm C,352359,2063,2062,46,41,0,0.0028869472
Warm C,259676,1587,1586,46,41,0,0.000888934
Warm C,243025,1465,1464,46,41,0,0.013406653
Warm C,207841,1271,1270,46,41,1,0.014533745
Warm C,279952,1680,1679,46,41,1,0.0070605646
Warm C,338374,1988,1987,46,41,0,0.000561201
Warm C,189650,1175,1174,46,41,1,-0.001223898
Warm C,186878,1158,1157,46,41,1,0.008399062
Warm C,189138,1172,1171,46,41,0,0.0057637556
Warm C,183362,1141,1140,46,41,0,-0.0005621752
Warm C,316405,1883,1882,46,41,0,0.009923823
Warm C,176332,1114,1113,46,41,0,-0.0020219786
Warm C,177704,1119,1118,46,41,1,0.011396195
Warm C,263701,1605,1604,46,41,0,0.0029985434
Warm C,168693,1069,1068,46,41,0,0.0061183786
Warm C,167341,1065,1064,46,41,0,-0.00039600622
Warm C,328731,1941,1940,46,41,0,0.0133001525
Warm C,226245,1369,1368,46,41,0,0.0047760634
Warm C,151757,975,974,46,41,0,0.00375786
Warm C,140378,899,898,46,41,0,0.00057632546
Warm C,140037,897,896,46,41,1,0.004707196
Warm C,138831,889,888,46,41,0,0.0030636464
Warm C,132115,854,853,46,41,0,0.005022426
Warm C,127411,822,821,46,41,1,-0.00056319125
Warm C,125324,805,804,46,41,0,-0.00045483722
Warm C,123727,797,796,46,41,0,0.0071486
Warm C,122266,788,787,46,41,0,0.013875989
Warm C,223799,1354,1353,46,41,0,0.0060233143
Warm C,116605,752,751,46,41,1,0.0017894983
Warm C,778959,4653,4652,46,41,0,0.003399922
Warm C,103730,689,688,46,41,1,0.005596171
Warm C,179844,1125,1124,46,41,0,0.0027771823
Warm C,99770,666,665,46,41,0,0.005019846
Warm C,103532,687,686,46,41,0,0.0032515633
Warm C,295065,1752,1751,46,41,0,0.004248716
Warm C,332877,1962,1961,46,41,0,-0.005252894
Warm C,83547,549,548,46,41,0,0.003979271
Warm C,191458,1181,1180,46,41,0,0.008056087
Warm C,239341,1448,1447,46,41,1,-0.0029063316
Warm C,64661,432,431,46,41,0,0.002611315
Warm C,201802,1242,1241,46,41,0,0.003719519
Warm C,240541,1449,1448,46,41,0,0.009823769
Warm C,52607,346,345,46,41,0,0.009935347
Warm C,60883,411,410,46,41,0,-0.008957133
Warm C,78693,528,527,46,41,0,0.003935083
Warm C,132701,855,854,46,41,0,0.0071927533
Warm C,49612,329,328,46,41,0,-0.00010359613
Warm C,696751,4169,4168,46,41,0,0.010950643
Warm C,39619,268,267,46,41,1,0.0077911876
Warm C,308933,1837,1836,46,41,0,0.0007048128
Warm C,29305,199,198,46,41,1,-0.004140904
Warm C,26536,187,186,46,41,0,0.0024762573
Warm C,21310,156,155,46,41,1,0.0043485723
Warm C,6339,45,44,46,41,1,0.0040193214
Warm C,5478,38,37,46,41,0,-0.00037724013
Warm C,545400,3363,3362,46,41,0,-0.0022946743
Warm C,506155,3113,3112,46,41,0,0.0027707447
Warm C,50310,331,330,46,41,0,0.004704552
Warm C,79743,531,530,46,41,0,0.001512259
Warm C,158673,1015,1014,46,41,0,0.013082518
Warm C,42858,293,292,46,41,0,0.003939443
Warm C,76452,518,517,46,41,1,0.0012932151
Warm C,386199,2258,2257,46,41,0,0.0005351921
Warm C,172091,1088,1087,46,41,0,0.0063970545
Warm C,538197,3312,3311,46,41,1,0.0014721093
Warm C,361127,2106,2105,46,41,0,0.0013406803
Warm C,996312,6016,6015,46,41,0,0.00798596
Warm C,562796,3462,3461,46,41,0,0.002132783
Warm C,187822,1164,1163,46,41,0,0.0011485209
Warm C,476489,2926,2925,46,41,1,0.001953844
Warm C,206490,1265,1264,46,41,1,0.004796385
Warm C,877470,5302,5301,46,41,1,0.004751681
Warm C,974456,5878,5877,46,41,0,0.0054049874
Warm C,209173,1276,1275,57,46,0,0.009882523
Warm C,243459,1467,1466,57,46,1,-0.0036724801
Warm C,280006,1680,1679,57,46,1,0.0063451156
Warm C,305165,1812,1811,57,46,1,-0.0024347436
Warm C,185810,1150,1149,57,46,0,-0.0024842469
Warm C,183367,1141,1140,57,46,0,-0.003816997
Warm C,307750,1835,1834,57,46,1,0.006001052
Warm C,180481,1128,1127,57,46,0,-0.0074725216
Warm C,263722,1605,1604,57,46,0,0.007563117
Warm C,168705,1069,1068,57,46,0,0.0018717907
Warm C,168095,1068,1067,57,46,1,-0.0020741504
Warm C,164085,1050,1049,57,46,0,0.010935165
Warm C,320360,1899,1898,57,46,0,-0.002549496
Warm C,157275,1010,1009,57,46,0,-0.0046255803
Warm C,361147,2106,2105,57,46,0,0.001432234
Warm C,101019,673,672,57,46,1,-0.0071609803
Warm C,177238,1117,1116,57,46,1,-0.006075553
Warm C,332889,1962,1961,57,46,0,0.0027591526
Warm C,696778,4169,4168,57,46,0,0.0064945035
Warm C,239367,1448,1447,57,46,1,0.0066400883
Warm C,77920,524,523,57,46,0,0.004241932
Warm C,73004,493,492,57,46,0,0.003207787
Warm C,132719,855,854,57,46,1,-0.0007233268
Warm C,47676,319,318,57,46,0,0.0041182614
Warm C,26552,187,186,57,46,1,0.0065468214
Warm C,235288,1425,1424,57,46,1,0.0023966185
Warm C,254516,1546,1545,57,46,1,-0.0010580934
Warm C,79761,531,530,57,46,0,-0.001069173
Warm C,355205,2077,2076,57,46,1,0.0013774864
Warm C,709842,4258,4257,57,46,0,0.0027517034
Warm C,363441,2116,2115,57,46,0,0.006260343
Warm C,164888,1051,1050,57,46,1,0.00834016
Warm C,102671,678,677,57,46,0,0.005494468
Warm C,556647,3420,3419,57,46,1,0.008710536
Warm C,245914,1484,1483,57,46,0,-0.0017051784
Warm C,134914,872,871,57,46,0,0.0017658973
Warm C,50492,332,331,57,46,0,-0.007599408
Warm C,311391,1854,1853,57,46,0,0.0040361043
Warm C,974464,5878,5877,57,46,1,-0.0053793467
Warm C,572520,3507,3506,61,49,0,0.0033209212
Warm C,363461,2116,2115,61,49,0,0.013119739
Warm C,331984,1958,1957,61,49,0,0.01005167
Warm C,499773,3067,3066,61,49,1,-0.002674316
Warm C,164914,1051,1050,61,49,0,0.0059387726
Warm C,684298,4089,4088,61,49,0,-0.0029305466
Warm C,456628,2810,2809,61,49,1,0.003885077
Warm C,390213,2288,2287,63,51,0,0.0035863891
Warm C,387101,2263,2262,63,51,0,0.00011100597
Warm C,368032,2148,2147,63,51,1,0.010504265
Warm C,356083,2085,2084,63,51,1,0.0028455234
Warm C,352416,2063,2062,63,51,1,0.004489206
Warm C,361960,2109,2108,63,51,0,0.00820791
Warm C,344952,2023,2022,63,51,1,-0.0021714414
Warm C,340981,2010,2009,63,51,0,0.012234389
Warm C,314767,1879,1878,63,51,0,0.009933188
Warm C,297778,1764,1763,63,51,0,0.00985417
Warm C,259703,1587,1586,63,51,0,0.0016447818
Warm C,247954,1496,1495,63,51,0,0.009297414
Warm C,236099,1430,1429,63,51,0,0.007821367
Warm C,224365,1356,1355,63,51,0,0.013136644
Warm C,278057,1676,1675,63,51,0,0.009783461
Warm C,202725,1244,1243,63,51,0,0.007936395
Warm C,274127,1655,1654,63,51,1,-0.00016414013
Warm C,244237,1470,1469,63,51,0,0.018013993
Warm C,193320,1193,1192,63,51,0,0.014948218
Warm C,176164,1113,1112,63,51,0,0.014230198
Warm C,165678,1056,1055,63,51,1,-0.005082536
Warm C,272417,1645,1644,63,51,1,-0.0016915444
Warm C,150243,967,966,63,51,0,0.009487225
Warm C,268160,1628,1627,63,51,0,0.0027963785
Warm C,157301,1010,1009,63,51,0,-0.0010151896
Warm C,136983,881,880,63,51,0,0.017539883
Warm C,121621,781,780,63,51,1,0.009579085
Warm C,299854,1778,1777,63,51,0,0.007805679
Warm C,329620,1943,1942,63,51,1,0.0011427372
Warm C,284566,1698,1697,63,51,0,0.011121314
Warm C,90822,601,600,63,51,0,0.010161746
Warm C,77949,524,523,63,51,0,0.014452899
Warm C,88989,587,586,63,51,1,0.009069521
Warm C,81966,543,542,63,51,1,0.013007995
Warm C,70953,476,475,63,51,0,0.009808983
Warm C,59520,403,402,63,51,1,0.011285143
Warm C,599514,3648,3647,63,51,0,0.010730382
Warm C,592228,3610,3609,63,51,0,0.012549319
Warm C,954269,5761,5760,63,51,0,0.00733871
Warm C,334084,1969,1968,63,51,0,0.011115786
Warm C,106358,699,698,63,51,0,-0.0012506335
Warm C,750517,4478,4477,63,51,0,0.026288345
Warm C,290589,1733,1732,63,51,0,0.010473739
Warm C,11691,90,89,63,51,1,0.005415368
Warm C,134653,869,868,63,51,0,0.012974866
Warm C,371157,2168,2167,63,51,1,0.005400339
Warm C,273322,1647,1646,63,51,0,0.012507513
Warm C,461675,2847,2846,63,51,1,0.009153126
Warm C,342863,2015,2014,63,51,0,0.0045060855
Warm C,893113,5394,5393,63,51,0,0.01956236
Warm C,215735,1306,1305,63,51,0,0.0030662753
Warm C,132138,854,853,64,52,0,-0.0013152361
Warm C,112737,731,730,64,52,0,-0.0015087954
Warm C,106359,699,698,64,52,0,0.0014507859
Warm C,332907,1962,1961,64,52,0,0.0032250914
Warm C,235308,1425,1424,64,52,1,0.008479229
Warm C,361168,2106,2105,64,52,0,-0.0018578861
Warm C,77950,524,523,64,52,0,0.0058412226
Warm C,239397,1448,1447,64,52,0,-0.002581353
Warm C,52631,346,345,64,52,0,0.004849215
Warm C,55146,365,364,64,52,0,0.0020361047
Warm C,132734,855,854,64,52,0,-0.0050298744
Warm C,30065,202,201,64,52,0,0.005279881
Warm C,22699,163,162,64,52,0,0.001824057
Warm C,5495,38,37,64,52,0,-0.0009318935
Warm C,3647,26,25,64,52,0,0.0015477274
Warm C,79784,531,530,64,52,0,0.0013675904
Warm C,682819,4085,4084,64,52,0,-0.004575059
Warm C,964255,5812,5811,64,52,0,0.0072106016
Warm C,479835,2944,2943,64,52,1,-0.0085495
Warm C,497444,3054,3053,65,53,0,0.0051700305
Warm C,472939,2907,2906,65,53,0,0.019110464
Warm C,466103,2873,2872,65,53,0,0.0019335398
Warm C,461676,2847,2846,65,53,0,0.010690537
Warm C,487243,2996,2995,65,53,0,0.008688243
Warm C,435983,2664,2663,65,53,0,0.011256057
Warm C,430220,2621,2620,65,53,0,0.013993071
Warm C,420588,2541,2540,65,53,0,0.0038226978
Warm C,417123,2508,2507,65,53,0,0.012143448
Warm C,404771,2419,2418,65,53,0,0.008070504
Warm C,399620,2378,2377,65,53,0,0.0011083715
Warm C,375750,2188,2187,65,53,0,0.014167108
Warm C,356085,2085,2084,65,53,1,0.013589881
Warm C,361961,2109,2108,65,53,0,0.0073477547
Warm C,341851,2012,2011,65,53,0,0.014057633
Warm C,340982,2010,2009,65,53,0,0.024108056
Warm C,351085,2060,2059,65,53,0,0.008407851
Warm C,330594,1951,1950,65,53,0,0.0096998075
Warm C,315634,1880,1879,65,53,0,0.016519595
Warm C,259705,1587,1586,65,53,0,0.017502422
Warm C,309392,1841,1840,65,53,0,0.015394474
Warm C,224366,1356,1355,65,53,0,0.013383869
Warm C,213117,1297,1296,65,53,0,0.0067264303
Warm C,278058,1676,1675,65,53,0,0.014843277
Warm C,261990,1599,1598,65,53,1,0.0112622995
Warm C,244238,1470,1469,65,53,0,0.023921942
Warm C,178418,1120,1119,65,53,1,0.017843246
Warm C,198705,1220,1219,65,53,0,0.0059655304
Warm C,168106,1068,1067,65,53,0,0.021400558
Warm C,328807,1941,1940,65,53,0,0.014050631
Warm C,164096,1050,1049,65,53,0,0.022137146
Warm C,272418,1645,1644,65,53,1,0.013665053
Warm C,249375,1502,1501,65,53,0,0.008808559
Warm C,157302,1010,1009,65,53,0,0.010993065
Warm C,136984,881,880,65,53,0,0.01308812
Warm C,124348,800,799,65,53,1,0.015062433
Warm C,361169,2106,2105,65,53,0,0.01197831
Warm C,108348,710,709,65,53,0,0.010145636
Warm C,106360,699,698,65,53,0,0.004414635
Warm C,101550,676,675,65,53,0,0.0087824175
Warm C,85000,552,551,65,53,0,0.01053128
Warm C,77951,524,523,65,53,0,0.016259983
Warm C,299855,1778,1777,65,53,0,0.0064298557
Warm C,119570,770,769,65,53,0,0.008969313
Warm C,81967,543,542,65,53,0,0.0076677823
Warm C,72388,482,481,65,53,0,0.01339295
Warm C,65610,438,437,65,53,1,0.017585816
Warm C,251280,1516,1515,65,53,0,0.011433272
Warm C,57251,386,385,65,53,0,0.0013208049
Warm C,240595,1449,1448,65,53,0,0.018294517
Warm C,44771,302,301,65,53,0,0.01603866
Warm C,538223,3312,3311,65,53,0,0.01073839
Warm C,37474,255,254,65,53,0,-0.0015737053
Warm C,368519,2153,2152,65,53,0,0.009275053
Warm C,30066,202,201,65,53,0,0.01494424
Warm C,54632,355,354,65,53,0,0.01467617
Warm C,26904,191,190,65,53,0,0.0037092674
Warm C,270261,1635,1634,65,53,0,0.024115136
Warm C,235309,1425,1424,65,53,0,0.011190454
Warm C,592229,3610,3609,65,53,1,0.018347388
Warm C,7026,48,47,65,53,0,0.007935075
Warm C,78716,528,527,65,53,0,0.009465261
Warm C,2756,22,21,65,53,0,0.010853313
Warm C,371158,2168,2167,65,53,0,0.01244613
Warm C,342864,2015,2014,65,53,1,0.01466302
Warm C,363465,2116,2115,65,53,0,0.006866848
Warm C,846035,5084,5083,65,53,0,0.008475575
Warm C,102693,678,677,65,53,0,0.010565916
Warm C,35129,237,236,65,53,0,0.013973746
Warm C,352417,2063,2062,65,53,0,0.019106397
Warm C,335244,1978,1977,65,53,1,0.0051258933
Warm C,160477,1019,1018,65,53,0,0.013040604
Warm C,924019,5580,5579,65,53,0,0.007291993
Warm C,336427,1980,1979,65,53,0,0.019133339
Warm C,164916,1051,1050,65,53,0,0.020779677
Warm C,628885,3807,3806,65,53,0,0.007701738
Warm C,310897,1851,1850,65,53,0,0.013955508
Warm C,564780,3471,3470,65,53,0,0.015088375
Warm C,933646,5636,5635,65,53,0,0.012173291
Warm C,290590,1733,1732,65,53,0,0.011554107
Warm C,599515,3648,3647,65,53,0,0.008962717
Warm C,575621,3519,3518,65,53,0,0.014366433
Warm C,53090,349,348,65,53,0,0.010392034
Warm C,231235,1399,1398,66,54,0,0.0016031414
Warm C,227362,1377,1376,66,54,0,0.012718849
Warm C,233210,1418,1417,66,54,0,0.012066174
Warm C,224367,1356,1355,66,54,0,0.010128563
Warm C,214182,1300,1299,66,54,0,0.015922466
Warm C,278059,1676,1675,66,54,0,0.011942564
Warm C,200445,1230,1229,66,54,0,0.011925627
Warm C,196794,1207,1206,66,54,0,0.01495151
Warm C,280052,1680,1679,66,54,0,0.01725452
Warm C,342866,2015,2014,66,54,0,0.0074738907
Warm C,173001,1096,1095,66,54,0,0.0028271303
Warm C,157432,1011,1010,66,54,0,0.008704736
Warm C,217383,1317,1316,66,54,0,0.0025202064
Warm C,138902,889,888,66,54,0,0.012000653
Warm C,136985,881,880,66,54,0,0.001391221
Warm C,127127,820,819,66,54,0,0.00591576
Warm C,126768,817,816,66,54,0,0.020366818
Warm C,122276,788,787,66,54,0,0.0055513037
Warm C,119571,770,769,66,54,0,0.015119471
Warm C,113488,735,734,66,54,0,0.023670275
Warm C,121358,780,779,66,54,0,0.009038005
Warm C,86865,566,565,66,54,0,0.010371292
Warm C,86269,563,562,66,54,0,0.0009834534
Warm C,81969,543,542,66,54,1,0.008121534
Warm C,51026,336,335,66,54,0,0.0022995828
Warm C,291748,1737,1736,66,54,0,0.010656594
Warm C,482066,2962,2961,66,54,0,0.011682741
Warm C,14649,117,116,66,54,0,0.0056051053
Warm C,10331,73,72,66,54,0,0.0076151197
Warm C,8606,58,57,66,54,0,0.0075324187
Warm C,7027,48,47,66,54,0,0.013427524
Warm C,5858,42,41,66,54,0,0.017826967
Warm C,805811,4823,4822,66,54,0,0.008198817
Warm C,552691,3401,3400,66,54,0,0.011450195
Warm C,718722,4305,4304,66,54,0,0.011765671
Warm C,23856,169,168,66,54,0,0.01668989
Warm C,328808,1941,1940,66,54,0,0.0065966183
Warm C,155059,999,998,71,57,0,0.011633071
Warm C,135910,877,876,71,57,0,0.0073000984
Warm C,111105,721,720,71,57,1,0.0034650974
Warm C,108369,710,709,71,57,0,0.01971804
Warm C,106376,699,698,71,57,0,0.012548123
Warm C,713449,4277,4276,71,57,0,0.0091595175
Warm C,150836,970,969,71,57,0,0.013930695
Warm C,81990,543,542,71,57,0,0.011088841
Warm C,77977,524,523,71,57,0,0.006353011
Warm C,119595,770,769,71,57,0,0.018355252
Warm C,71195,477,476,71,57,0,0.008695325
Warm C,501533,3080,3079,71,57,0,0.0047786953
Warm C,44802,302,301,71,57,0,0.016714215
Warm C,30092,202,201,71,57,0,0.0021412128
Warm C,29341,199,198,71,57,1,0.008524053
Warm C,22712,163,162,71,57,0,0.0056849876
Warm C,13069,101,100,71,57,1,0.0067916904
Warm C,27371,192,191,71,57,0,0.0028435995
Warm C,290612,1733,1732,71,57,0,0.010390565
Warm C,15799,123,122,71,57,0,0.017940937
Warm C,690019,4126,4125,71,57,0,0.008989284
Warm C,250534,1509,1508,71,57,0,-0.0022427826
Warm C,598435,3641,3640,71,57,0,0.012696406
Warm C,182267,1137,1136,71,57,0,0.014786201
Warm C,882261,5329,5328,71,57,0,0.011602224
Warm C,564804,3471,3470,71,57,0,0.019634185
Warm C,310909,1851,1850,71,57,0,0.008490679
Warm C,294002,1748,1747,71,57,0,0.014348922
Warm C,363486,2116,2115,71,57,0,0.013621124
Warm C,384298,2244,2243,71,57,0,0.008080963
Warm C,145139,934,933,71,57,0,0.00019135652
Warm C,160501,1019,1018,71,57,0,0.011654973
Warm C,72408,482,481,71,57,0,0.012983441
Warm C,599539,3648,3647,71,57,0,0.0163439
Warm C,63486,424,423,71,57,0,0.009425852
Warm C,550686,3391,3390,71,57,0,0.013708522
Warm C,185878,1150,1149,72,58,0,0.010716945
Warm C,212582,1294,1293,72,58,1,0.0075857705
Warm C,211458,1285,1284,72,58,1,0.008673262
Warm C,307792,1835,1834,72,58,1,0.010978312
Warm C,201831,1242,1241,72,58,1,0.009491433
Warm C,168731,1069,1068,72,58,1,0.004569181
Warm C,140930,905,904,72,58,0,-0.0062283995
Warm C,132751,855,854,72,58,1,0.016981669
Warm C,100375,669,668,72,58,1,0.012114609
Warm C,92639,620,619,72,58,0,0.0056585306
Warm C,84598,550,549,72,58,0,0.02208371
Warm C,69568,466,465,72,58,1,0.0033883322
Warm C,57263,386,385,72,58,1,0.014922893
Warm C,883170,5333,5332,72,58,0,-0.005300989
Warm C,313050,1865,1864,72,58,1,0.0016106144
Warm C,29343,199,198,72,58,1,0.0061391937
Warm C,482084,2962,2961,72,58,0,0.015555655
Warm C,26575,187,186,72,58,1,0.013505898
Warm C,310910,1851,1850,72,58,0,0.0032161283
Warm C,66232,442,441,72,58,1,0.00088306726
Warm C,10835,78,77,72,58,0,0.00068292115
Warm C,450089,2775,2774,72,58,1,0.010434729
Warm C,217407,1317,1316,72,58,1,0.007821888
Warm C,20926,151,150,72,58,0,0.016036542
Warm C,35472,239,238,72,58,1,0.0069581834
Warm C,116670,752,751,72,58,1,0.009964343
Warm C,232623,1413,1412,72,58,1,-0.001415958
Warm C,336458,1980,1979,72,58,1,0.011158396
Warm C,499793,3067,3066,72,58,1,0.018002909
Warm C,479838,2944,2943,72,58,1,0.0055328654
Warm C,290613,1733,1732,72,58,1,0.011386633
Warm C,753383,4489,4488,72,58,1,0.015871992
Warm C,63488,424,423,72,58,1,0.008892033
Warm C,435646,2663,2662,74,60,1,0.009289005
Warm C,420594,2541,2540,74,60,1,0.011312611
Warm C,419339,2533,2532,74,60,1,0.01382328
Warm C,417970,2525,2524,74,60,1,0.0056562764
Warm C,408488,2453,2452,74,60,1,0.01320599
Warm C,398570,2371,2370,74,60,1,0.006019045
Warm C,400043,2380,2379,74,60,0,0.008796694
Warm C,393185,2309,2308,74,60,0,-0.0042864243
Warm C,377505,2203,2202,74,60,1,0.011155633
Warm C,359030,2100,2099,74,60,1,0.012567172
Warm C,348280,2041,2040,74,60,0,0.013967482
Warm C,334231,1971,1970,74,60,1,0.00859792
Warm C,314776,1879,1878,74,60,1,-0.0005858524
Warm C,302345,1794,1793,74,60,0,0.005870653
Warm C,259722,1587,1586,74,60,0,0.020566683
Warm C,225908,1368,1367,74,60,0,0.0077823526
Warm C,306441,1825,1824,74,60,1,0.015947878
Warm C,281599,1688,1687,74,60,1,0.01732729
Warm C,244249,1470,1469,74,60,0,0.020953134
Warm C,280092,1680,1679,74,60,0,0.008669393
Warm C,192502,1184,1183,74,60,0,-0.0002590625
Warm C,338415,1988,1987,74,60,0,0.006419059
Warm C,189657,1175,1174,74,60,1,0.0072216606
Warm C,263762,1605,1604,74,60,0,0.013238287
Warm C,168732,1069,1068,74,60,0,-0.00058933115
Warm C,167252,1064,1063,74,60,0,0.012572549
Warm C,154216,995,994,74,60,1,0.0060768393
Warm C,140397,899,898,74,60,1,0.01513567
Warm C,138943,889,888,74,60,0,0.016985893
Warm C,132147,854,853,74,60,0,0.013963979
Warm C,122282,788,787,74,60,1,0.008701907
Warm C,118771,767,766,74,60,1,0.0071141236
Warm C,223845,1354,1353,74,60,0,0.007392553
Warm C,101038,673,672,74,60,0,0.012545828
Warm C,101561,676,675,74,60,0,-0.0019605574
Warm C,103555,687,686,74,60,0,0.0027758079
Warm C,98365,658,657,74,60,0,-0.0009892988
Warm C,87364,570,569,74,60,0,0.011185927
Warm C,76215,517,516,74,60,1,-0.004660166
Warm C,132752,855,854,74,60,0,0.003864619
Warm C,239421,1448,1447,74,60,1,0.00556262
Warm C,39650,268,267,74,60,1,0.010320913
Warm C,40792,273,272,74,60,1,0.016510878
Warm C,30285,203,202,74,60,0,0.0117159635
Warm C,6393,45,44,74,60,0,0.01126796
Warm C,5502,38,37,74,60,0,0.003849229
Warm C,3668,26,25,74,60,1,0.014697448
Warm C,20928,151,150,74,60,0,0.0031375685
Warm C,79802,531,530,74,60,0,0.015314722
Warm C,844110,5074,5073,74,60,0,0.008458455
Warm C,95616,639,638,74,60,1,0.0034578454
Warm C,361183,2106,2105,74,60,0,0.007277072
Warm C,182268,1137,1136,74,60,0,0.01964071
Warm C,145141,934,933,74,60,0,0.012616111
Warm C,907733,5492,5491,74,60,0,0.0062520923
Warm C,336460,1980,1979,74,60,0,0.015886638
Warm C,575636,3519,3518,74,60,0,0.01573588
Warm C,187850,1164,1163,74,60,0,0.0066494592
Warm C,111774,727,726,74,60,1,0.017158216
Warm C,47730,319,318,74,60,0,0.012286548
Warm C,625229,3778,3777,76,61,0,-0.006806775
Warm C,621404,3762,3761,76,61,0,-0.0038816454
Warm C,840124,5047,5046,76,61,0,0.008359986
Warm C,604597,3675,3674,76,61,0,0.0021646384
Warm C,601743,3658,3657,76,61,1,0.0035763974
Warm C,725626,4344,4343,76,61,0,0.007977692
Warm C,594440,3618,3617,76,61,0,0.004694322
Warm C,590897,3603,3602,76,61,0,0.000587072
Warm C,598707,3643,3642,76,61,0,0.0028639352
Warm C,588203,3589,3588,76,61,0,-0.0030775545
Warm C,584278,3565,3564,76,61,0,0.009664342
Warm C,758875,4510,4509,76,61,0,-0.0051634163
Warm C,579829,3539,3538,76,61,0,0.0052694688
Warm C,556005,3416,3415,76,61,0,0.004036617
Warm C,537573,3311,3310,76,61,0,0.0025134222
Warm C,589972,3599,3598,76,61,0,0.0010488157
Warm C,524118,3230,3229,76,61,0,-0.00057187554
Warm C,517507,3193,3192,76,61,1,-0.0034750914
Warm C,566550,3476,3475,76,61,0,0.0073473784
Warm C,513764,3169,3168,76,61,0,-9.405083e-05
Warm C,507372,3121,3120,76,61,0,0.0020320232
Warm C,504227,3099,3098,76,61,0,-0.0019260378
Warm C,516703,3189,3188,76,61,0,-0.0007378919
Warm C,633706,3824,3823,76,61,0,0.0040051895
Warm C,494604,3032,3031,76,61,0,0.0013105099
Warm C,488959,3010,3009,76,61,1,0.0049471464
Warm C,518024,3196,3195,76,61,1,-0.0041753687
Warm C,474199,2909,2908,76,61,1,0.0012657539
Warm C,462306,2852,2851,76,61,1,0.010038151
Warm C,463672,2857,2856,76,61,0,0.0016079219
Warm C,454388,2795,2794,76,61,0,0.0032041199
Warm C,564806,3471,3470,76,61,0,-0.0019483552
Warm C,427892,2599,2598,76,61,0,0.00049411727
Warm C,426659,2590,2589,76,61,0,0.003295352
Warm C,392591,2304,2303,76,61,1,0.0024179274
Warm C,384299,2244,2243,76,61,0,0.007310273
Warm C,422577,2559,2558,76,61,0,0.00586967
Warm C,377506,2203,2202,76,61,0,0.011838798
Warm C,376872,2200,2199,76,61,0,0.011696624
Warm C,370815,2167,2166,76,61,0,0.009103043
Warm C,367796,2147,2146,76,61,0,0.004861622
Warm C,365404,2126,2125,76,61,0,0.0057175504
Warm C,359143,2101,2100,76,61,0,0.0018694565
Warm C,358669,2098,2097,76,61,0,-0.0038792288
Warm C,356585,2088,2087,76,61,0,0.0015308956
Warm C,352450,2063,2062,76,61,0,0.008840516
Warm C,349646,2051,2050,76,61,0,-0.0062227193
Warm C,341989,2013,2012,76,61,0,-0.0038932245
Warm C,341003,2010,2009,76,61,1,0.0013480753
Warm C,311621,1856,1855,76,61,1,0.0018735188
Warm C,305314,1814,1813,76,61,0,0.00079524145
Warm C,305986,1820,1819,76,61,0,0.005064632
Warm C,299279,1776,1775,76,61,0,-0.0016549404
Warm C,293325,1746,1745,76,61,0,0.002381319
Warm C,296228,1757,1756,76,61,0,-0.0022681681
Warm C,287899,1717,1716,76,61,0,0.004371167
Warm C,292610,1741,1740,76,61,0,0.0031926471
Warm C,282816,1694,1693,76,61,0,-0.0017964187
Warm C,277230,1675,1674,76,61,0,0.00018715276
Warm C,271581,1641,1640,76,61,0,-0.00046315556
Warm C,280093,1680,1679,76,61,1,0.0029230106
Warm C,270288,1635,1634,76,61,0,0.008047879
Warm C,299869,1778,1777,76,61,0,0.0077371895
Warm C,268395,1630,1629,76,61,0,0.00048479345
Warm C,253639,1542,1541,76,61,0,0.0037038827
Warm C,250536,1509,1508,76,61,1,-0.008267
Warm C,200453,1230,1229,76,61,0,0.0021815288
Warm C,210374,1284,1283,76,61,0,-0.0058060577
Warm C,195081,1202,1201,76,61,0,0.0028934397
Warm C,328841,1941,1940,76,61,0,0.007430597
Warm C,178898,1122,1121,76,61,0,0.00983947
Warm C,196806,1207,1206,76,61,0,0.006579091
Warm C,184176,1146,1145,76,61,0,-0.00017885398
Warm C,168733,1069,1068,76,61,1,0.014888611
Warm C,166181,1058,1057,76,61,0,0.003068164
Warm C,154488,996,995,76,61,1,0.00031167665
Warm C,149792,963,962,76,61,0,0.00396305
Warm C,138945,889,888,76,61,0,0.0039572488
Warm C,137010,881,880,76,61,1,-0.002784898
Warm C,134675,869,868,76,61,0,0.004742011
Warm C,131516,851,850,76,61,1,-0.00084244064
Warm C,127133,820,819,76,61,0,-0.00012537488
Warm C,119784,772,771,76,61,0,-0.0029816972
Warm C,105734,698,697,76,61,1,-0.0030427559
Warm C,106379,699,698,76,61,1,0.014483913
Warm C,100376,669,668,76,61,0,-0.0005647879
Warm C,203355,1246,1245,76,61,0,0.0006219178
Warm C,108371,710,709,76,61,0,0.0024046488
Warm C,713453,4277,4276,76,61,0,-0.007871181
Warm C,91005,602,601,76,61,0,0.0020774645
Warm C,87516,571,570,76,61,0,-0.0008430758
Warm C,86276,563,562,76,61,0,0.006825678
Warm C,291759,1737,1736,76,61,1,0.0135461
Warm C,191576,1181,1180,76,61,0,-0.00049140304
Warm C,84599,550,549,76,61,0,-0.0043514026
Warm C,74476,508,507,76,61,0,0.0035727082
Warm C,70542,475,474,76,61,0,0.008303953
Warm C,66674,445,444,76,61,0,0.0042587444
Warm C,76044,516,515,76,61,0,0.0050234357
Warm C,605404,3679,3678,76,61,1,-0.00024100865
Warm C,54061,352,351,76,61,0,0.0059688645
Warm C,51233,337,336,76,61,1,0.0063317697
Warm C,440226,2691,2690,76,61,1,0.0053362306
Warm C,49682,329,328,76,61,0,0.00050956313
Warm C,36741,245,244,76,61,0,0.0053634876
Warm C,34187,230,229,76,61,0,-0.003779207
Warm C,290614,1733,1732,76,61,0,0.0062628784
Warm C,28444,195,194,76,61,1,0.018126866
Warm C,12150,92,91,76,61,0,0.008124543
Warm C,7973,53,52,76,61,1,-0.00030349265
Warm C,1882,17,16,76,61,1,-0.0033674524
Warm C,2449,19,18,76,61,0,0.00047647592
Warm C,3062,23,22,76,61,0,0.0023141992
Warm C,482085,2962,2961,76,61,0,-0.008536126
Warm C,214549,1302,1301,76,61,1,-0.009995318
Warm C,172172,1088,1087,76,61,1,0.006384815
Warm C,238363,1447,1446,76,61,0,-0.0007147789
Warm C,609403,3693,3692,76,61,0,0.0013431124
Warm C,454096,2793,2792,79,62,1,0.015227571
Warm C,451267,2777,2776,79,62,0,0.0050481353
Warm C,444886,2743,2742,79,62,0,0.014009265
Warm C,444018,2737,2736,79,62,1,0.014328017
Warm C,431762,2629,2628,79,62,0,0.007548808
Warm C,399300,2376,2375,79,62,0,0.0116347745
Warm C,398372,2368,2367,79,62,1,0.010421521
Warm C,385454,2251,2250,79,62,0,0.014649439
Warm C,368141,2150,2149,79,62,0,0.0075803446
Warm C,358670,2098,2097,79,62,0,0.010204523
Warm C,360299,2105,2104,79,62,0,0.016910546
Warm C,243065,1465,1464,79,62,1,0.011360719
Warm C,321776,1908,1907,79,62,0,0.016127478
Warm C,210376,1284,1283,79,62,0,0.012702498
Warm C,185881,1150,1149,79,62,0,0.013301045
Warm C,211459,1285,1284,79,62,1,0.008714513
Warm C,331999,1958,1957,79,62,0,0.01633968
Warm C,184177,1146,1145,79,62,0,0.011375273
Warm C,168734,1069,1068,79,62,0,0.008706251
Warm C,175842,1112,1111,79,62,0,0.010259245
Warm C,249379,1502,1501,79,62,0,0.013009223
Warm C,145536,935,934,79,62,1,0.008598957
Warm C,140398,899,898,79,62,0,0.008949835
Warm C,155060,999,998,79,62,0,0.012510947
Warm C,352451,2063,2062,79,62,0,0.012209102
Warm C,361184,2106,2105,79,62,0,0.007387802
Warm C,117723,757,756,79,62,0,0.009715574
Warm C,120655,777,776,79,62,0,0.008736983
Warm C,106380,699,698,79,62,0,0.0051603513
Warm C,116672,752,751,79,62,0,0.017233284
Warm C,101562,676,675,79,62,0,0.012864017
Warm C,99132,660,659,79,62,0,0.012674584
Warm C,240626,1449,1448,79,62,0,0.015129879
Warm C,299870,1778,1777,79,62,0,0.011377182
Warm C,87365,570,569,79,62,0,0.011455016
Warm C,77979,524,523,79,62,0,0.022185005
Warm C,70302,474,473,79,62,0,0.003936763
Warm C,408817,2454,2453,79,62,1,0.010236736
Warm C,47731,319,318,79,62,0,0.007744601
Warm C,239423,1448,1447,79,62,0,0.015783362
Warm C,39651,268,267,79,62,0,0.00573988
Warm C,30096,202,201,79,62,0,0.009301602
Warm C,16761,131,130,79,62,0,0.0037093195
Warm C,9444,62,61,79,62,0,0.0152749885
Warm C,104607,692,691,79,62,0,0.013788534
Warm C,801549,4802,4801,79,62,0,0.016058404
Warm C,696828,4169,4168,79,62,0,0.022276169
Warm C,79803,531,530,79,62,0,0.013366788
Warm C,254535,1546,1545,79,62,0,0.015295437
Warm C,150837,970,969,79,62,0,0.014011158
Warm C,50368,331,330,79,62,0,0.012825298
Warm C,271878,1643,1642,79,62,1,0.010137098
Warm C,790566,4728,4727,79,62,0,0.010277929
Warm C,941556,5682,5681,79,62,0,0.014477206
Warm C,579846,3539,3538,81,63,1,0.0033918326
Warm C,572575,3507,3506,81,63,1,0.0020813153
Warm C,768221,4578,4577,81,63,1,0.0037564095
Warm C,565067,3473,3472,81,63,0,0.009569959
Warm C,557946,3425,3424,81,63,1,-0.0020802226
Warm C,550720,3391,3390,81,63,1,0.0029632486
Warm C,542523,3336,3335,81,63,1,-0.0024479548
Warm C,536344,3308,3307,81,63,1,0.00079566403
Warm C,541155,3328,3327,81,63,0,0.008242091
Warm C,533916,3294,3293,81,63,1,-0.002574493
Warm C,609422,3693,3692,81,63,0,-0.005791447
Warm C,528429,3265,3264,81,63,0,0.010347711
Warm C,774497,4619,4618,81,63,0,0.005457985
Warm C,523076,3224,3223,81,63,0,0.0032558446
Warm C,519135,3202,3201,81,63,0,0.0041285804
Warm C,517513,3193,3192,81,63,0,-0.0021783763
Warm C,505376,3108,3107,81,63,0,0.005164709
Warm C,503723,3095,3094,81,63,1,0.0071253967
Warm C,499811,3067,3066,81,63,0,0.013349589
Warm C,494627,3032,3031,81,63,0,-0.00038316753
Warm C,493632,3031,3030,81,63,1,0.010932012
Warm C,498922,3065,3064,81,63,1,0.007153387
Warm C,471750,2901,2900,81,63,1,-0.00018944225
Warm C,852757,5113,5112,81,63,0,0.00081468606
Warm C,474226,2909,2908,81,63,1,0.005410863
Warm C,463695,2857,2856,81,63,0,0.0058084843
Warm C,461017,2842,2841,81,63,1,-0.00029019453
Warm C,460055,2837,2836,81,63,0,0.0047395225
Warm C,595036,3620,3619,81,63,0,-0.00035258057
Warm C,453357,2792,2791,81,63,0,-0.0078837555
Warm C,454114,2793,2792,81,63,1,0.0059378836
Warm C,441145,2700,2699,81,63,0,0.008715515
Warm C,833012,5008,5007,81,63,0,-0.00017365208
Warm C,427144,2592,2591,81,63,0,0.005538678
Warm C,423906,2567,2566,81,63,1,0.0068342024
Warm C,416193,2506,2505,81,63,0,-0.0028793323
Warm C,399308,2376,2375,81,63,1,0.0040128888
Warm C,392618,2304,2303,81,63,1,-0.005762002
Warm C,390250,2288,2287,81,63,0,0.0058041317
Warm C,359654,2102,2101,81,63,0,0.006768559
Warm C,349652,2051,2050,81,63,1,0.00902861
Warm C,375768,2188,2187,81,63,1,0.002022116
Warm C,371882,2172,2171,81,63,1,0.00038377056
Warm C,345359,2025,2024,81,63,0,-0.0042022234
Warm C,341022,2010,2009,81,63,0,-0.0013233826
Warm C,296237,1757,1756,81,63,1,0.0075193555
Warm C,274583,1658,1657,81,63,0,0.004458831
Warm C,280132,1680,1679,81,63,0,0.0033116392
Warm C,266169,1613,1612,81,63,0,0.004409778
Warm C,283343,1696,1695,81,63,1,0.0023847441
Warm C,296661,1758,1757,81,63,1,0.011136837
Warm C,213145,1297,1296,81,63,1,0.006635136
Warm C,208135,1272,1271,81,63,0,0.013379099
Warm C,206150,1264,1263,81,63,0,-0.0004884135
Warm C,196819,1207,1206,81,63,0,0.0033229114
Warm C,185910,1150,1149,81,63,0,0.0031853341
Warm C,307805,1835,1834,81,63,1,0.01105793
Warm C,179308,1124,1123,81,63,1,0.0023029635
Warm C,195097,1202,1201,81,63,0,0.0037265436
Warm C,168740,1069,1068,81,63,0,0.001544086
Warm C,181361,1133,1132,81,63,0,-0.0098350765
Warm C,162521,1035,1034,81,63,0,-0.0017086205
Warm C,151790,975,974,81,63,0,-0.0049915817
Warm C,144316,929,928,81,63,1,0.0036697628
Warm C,139737,894,893,81,63,1,0.011351209
Warm C,138972,889,888,81,63,0,0.00070811715
Warm C,134695,869,868,81,63,0,0.00018371781
Warm C,352476,2063,2062,81,63,0,0.009147395
Warm C,115610,749,748,81,63,1,0.0069373623
Warm C,778974,4653,4652,81,63,0,0.0041976776
Warm C,108395,710,709,81,63,1,0.0049155857
Warm C,103740,689,688,81,63,0,-0.0014187172
Warm C,267382,1624,1623,81,63,1,0.014821758
Warm C,99146,660,659,81,63,0,0.011823216
Warm C,295120,1752,1751,81,63,0,-0.0010868115
Warm C,104626,692,691,81,63,1,0.0025011199
Warm C,111124,721,720,81,63,0,0.0090031605
Warm C,480357,2946,2945,81,63,0,0.003029573
Warm C,309003,1837,1836,81,63,1,0.009981163
Warm C,78008,524,523,81,63,1,0.010208938
Warm C,59260,402,401,81,63,0,-0.0013543298
Warm C,54098,352,351,81,63,1,0.0029285508
Warm C,696844,4169,4168,81,63,1,-0.0015810918
Warm C,38426,261,260,81,63,0,0.0052561476
Warm C,40581,272,271,81,63,0,0.01088062
Warm C,30123,202,201,81,63,0,0.0062416177
Warm C,22729,163,162,81,63,0,0.003925368
Warm C,16360,129,128,81,63,1,-0.0056197774
Warm C,20235,149,148,81,63,1,0.014400143
Warm C,15821,123,122,81,63,1,0.011455413
Warm C,16773,131,130,81,63,0,0.0040944647
Warm C,8001,53,52,81,63,1,0.001429503
Warm C,633730,3824,3823,81,63,1,0.005708504
Warm C,2793,22,21,81,63,1,0.010054223
Warm C,20951,151,150,81,63,1,-0.003205069
Warm C,513250,3163,3162,81,63,0,0.010504071
Warm C,318009,1889,1888,81,63,0,-0.0003318875
Warm C,592782,3613,3612,81,63,0,-0.0016251914
Warm C,195827,1203,1202,81,63,0,0.0014703518
Warm C,322806,1912,1911,81,63,0,0.0094611095
Warm C,408502,2453,2452,81,63,0,0.0036999353
Warm C,59989,408,407,81,63,0,0.0008964791
Warm C,325088,1925,1924,81,63,0,0.007692943
Warm C,860209,5172,5171,81,63,1,0.006595405
Warm C,941563,5682,5681,81,63,1,0.001035438
Warm C,215762,1306,1305,81,63,1,0.0071543874
Warm C,162758,1038,1037,82,64,1,-0.0025930367
Warm C,160989,1023,1022,82,64,1,0.00444681
Warm C,135089,873,872,82,64,1,0.0036773104
Warm C,124633,801,800,82,64,1,-0.004523306
Warm C,107395,706,705,82,64,0,-0.0048355176
Warm C,101048,673,672,82,64,1,0.003384869
Warm C,98022,655,654,82,64,0,0.0039028367
Warm C,696845,4169,4168,82,64,1,0.0049196584
Warm C,284617,1698,1697,82,64,1,-0.0046533705
Warm C,78009,524,523,82,64,0,0.00606222
Warm C,67912,454,453,82,64,1,0.00040885573
Warm C,51721,339,338,82,64,0,0.0037086695
Warm C,883180,5333,5332,82,64,0,0.009118968
Warm C,27644,193,192,82,64,1,0.0007379968
Warm C,10109,72,71,82,64,1,6.960076e-05
Warm C,9461,62,61,82,64,1,-0.0031785602
Warm C,207222,1266,1265,82,64,1,-0.0009999436
Warm C,42907,293,292,82,64,0,-0.010942975
Warm C,249996,1505,1504,82,64,1,0.0032133614
Warm C,556666,3420,3419,82,64,1,0.0004234605
Warm C,116689,752,751,82,64,1,-0.0005133925
Warm C,59661,405,404,82,64,1,0.0014337033
Warm C,893129,5394,5393,82,64,1,0.0016312031
Warm C,93457,624,623,82,64,0,0.011950808
Warm C,575649,3519,3518,82,64,0,0.009242722
Warm C,287914,1717,1716,82,64,1,-0.0003294209
Warm C,187857,1164,1163,82,64,1,0.0026434239
Warm C,460907,2841,2840,82,64,1,0.0041891006
Warm C,860210,5172,5171,82,64,1,-0.0023332292
Warm C,626383,3791,3790,85,65,0,0.00469767
Warm C,625351,3779,3778,85,65,1,0.00053222524
Warm C,622882,3769,3768,85,65,1,0.017033461
Warm C,620827,3760,3759,85,65,0,0.0074401507
Warm C,614025,3718,3717,85,65,1,0.0038337125
Warm C,609789,3695,3694,85,65,1,0.011178747
Warm C,602357,3664,3663,85,65,0,0.005012957
Warm C,589657,3596,3595,85,65,1,0.0049496293
Warm C,587129,3585,3584,85,65,0,0.0112721305
Warm C,579847,3539,3538,85,65,1,0.013903643
Warm C,568473,3487,3486,85,65,0,0.005297851
Warm C,554290,3410,3409,85,65,0,0.015409063
Warm C,899553,5437,5436,85,65,1,0.011071706
Warm C,545541,3364,3363,85,65,1,0.013343995
Warm C,904302,5468,5467,85,65,0,0.0074130585
Warm C,534860,3300,3299,85,65,1,0.003450504
Warm C,831041,4995,4994,85,65,1,-0.00048914726
Warm C,520910,3214,3213,85,65,1,-0.001477581
Warm C,523078,3224,3223,85,65,0,0.011346087
Warm C,523965,3229,3228,85,65,0,0.0050349412
Warm C,518545,3200,3199,85,65,1,0.0020252462
Warm C,516033,3184,3183,85,65,0,0.0027989398
Warm C,513251,3163,3162,85,65,1,0.011559372
Warm C,506957,3118,3117,85,65,0,0.0069391094
Warm C,554964,3412,3411,85,65,0,0.006013126
Warm C,501552,3080,3079,85,65,0,0.0066962508
Warm C,500346,3072,3071,85,65,0,0.008876356
Warm C,499812,3067,3066,85,65,1,0.0036043306
Warm C,496966,3053,3052,85,65,1,0.0028414545
Warm C,496241,3049,3048,85,65,1,0.0044867396
Warm C,574993,3518,3517,85,65,1,0.012050988
Warm C,799348,4790,4789,85,65,0,0.006239114
Warm C,490451,3017,3016,85,65,0,0.013764396
Warm C,488399,3004,3003,85,65,1,0.0033893832
Warm C,497480,3054,3053,85,65,0,0.0027350022
Warm C,482954,2967,2966,85,65,1,0.014280597
Warm C,475237,2916,2915,85,65,0,0.010055061
Warm C,474855,2913,2912,85,65,0,0.0045954967
Warm C,457491,2818,2817,85,65,1,0.008333739
Warm C,447077,2753,2752,85,65,0,0.0101746665
Warm C,444142,2738,2737,85,65,1,0.0058405185
Warm C,696847,4169,4168,85,65,0,0.0167542
Warm C,416194,2506,2505,85,65,0,0.0023252275
Warm C,402575,2402,2401,85,65,1,0.0040524947
Warm C,399309,2376,2375,85,65,1,0.016520344
Warm C,395296,2334,2333,85,65,1,0.012955291
Warm C,392619,2304,2303,85,65,1,0.013602458
Warm C,655977,3952,3951,85,65,0,-0.009496947
Warm C,381433,2230,2229,85,65,1,0.0031813437
Warm C,383848,2242,2241,85,65,1,0.011203492
Warm C,379811,2221,2220,85,65,1,0.014030113
Warm C,377520,2203,2202,85,65,0,0.016053796
Warm C,353790,2072,2071,85,65,0,0.001619959
Warm C,336487,1980,1979,85,65,0,0.003237763
Warm C,316447,1883,1882,85,65,0,0.0055893585
Warm C,318737,1894,1893,85,65,1,0.0032764843
Warm C,327287,1939,1938,85,65,1,0.0042501763
Warm C,297966,1766,1765,85,65,0,0.004622
Warm C,310226,1845,1844,85,65,0,0.007822156
Warm C,269368,1632,1631,85,65,0,0.014441645
Warm C,264284,1607,1606,85,65,1,0.010670829
Warm C,230876,1396,1395,85,65,0,-0.0043831347
Warm C,228637,1383,1382,85,65,0,0.0140662305
Warm C,276528,1671,1670,85,65,1,0.008521844
Warm C,218337,1323,1322,85,65,0,0.004523568
Warm C,215176,1303,1302,85,65,1,0.012991661
Warm C,280133,1680,1679,85,65,1,0.009094884
Warm C,230011,1391,1390,85,65,1,0.012069674
Warm C,185913,1150,1149,85,65,0,0.013721009
Warm C,211489,1285,1284,85,65,1,0.010008926
Warm C,180523,1128,1127,85,65,1,0.0056938673
Warm C,201845,1242,1241,85,65,1,0.010441823
Warm C,195828,1203,1202,85,65,0,0.016669726
Warm C,169867,1078,1077,85,65,1,0.00437986
Warm C,168743,1069,1068,85,65,1,-0.0014998452
Warm C,167346,1065,1064,85,65,0,0.008679341
Warm C,334843,1974,1973,85,65,0,0.005030412
Warm C,160990,1023,1022,85,65,1,0.0006343324
Warm C,324635,1922,1921,85,65,1,0.00997716
Warm C,148591,956,955,85,65,0,0.0065194517
Warm C,148902,957,956,85,65,0,0.017420124
Warm C,146453,943,942,85,65,0,0.013488902
Warm C,217428,1317,1316,85,65,1,0.004817229
Warm C,138973,889,888,85,65,0,0.01470175
Warm C,135090,873,872,85,65,1,0.010363677
Warm C,116690,752,751,85,65,1,0.024033548
Warm C,187858,1164,1163,85,65,1,0.011824152
Warm C,111385,724,723,85,65,0,0.0047355983
Warm C,112766,731,730,85,65,1,0.006860758
Warm C,107396,706,705,85,65,1,0.001464639
Warm C,98023,655,654,85,65,0,-0.000543499
Warm C,235353,1425,1424,85,65,1,0.014252358
Warm C,284618,1698,1697,85,65,1,0.013817002
Warm C,432268,2634,2633,85,65,1,0.016667245
Warm C,191611,1181,1180,85,65,0,0.011926755
Warm C,84892,551,550,85,65,1,0.005622122
Warm C,80591,534,533,85,65,0,0.007921461
Warm C,76221,517,516,85,65,1,0.002838286
Warm C,197524,1211,1210,85,65,1,0.011471901
Warm C,76828,520,519,85,65,1,0.0074587036
Warm C,52761,347,346,85,65,0,0.0056207357
Warm C,784261,4682,4681,85,65,1,0.013208542
Warm C,318010,1889,1888,85,65,0,0.0119630415
Warm C,41498,281,280,85,65,1,0.019085273
Warm C,35388,238,237,85,65,1,0.0048353644
Warm C,309004,1837,1836,85,65,0,0.011414139
Warm C,26590,187,186,85,65,1,0.00916558
Warm C,22110,161,160,85,65,1,-0.00076528406
Warm C,9979,69,68,85,65,0,0.009862613
Warm C,9462,62,61,85,65,0,0.009688214
Warm C,803778,4813,4812,85,65,1,0.012045904
Warm C,357781,2092,2091,85,65,1,2.9346673e-05
Warm C,20952,151,150,85,65,0,0.0059258435
Warm C,1315,11,10,85,65,0,0.0046480526
Warm C,158795,1015,1014,85,65,1,0.0051000463
Warm C,203729,1252,1251,85,65,1,0.0038712507
Warm C,893130,5394,5393,85,65,1,0.016103748
Warm C,263779,1605,1604,85,65,0,0.00883569
Warm C,249997,1505,1504,85,65,0,0.010236412
Warm C,460908,2841,2840,85,65,0,0.010190889
Warm C,796189,4771,4770,85,65,0,0.0064530396
Warm C,245934,1484,1483,85,65,1,0.007923094
Warm C,565861,3475,3474,85,65,1,-0.004851792
Warm C,28474,195,194,85,65,1,0.0134228505
Warm C,167563,1067,1066,85,65,1,-0.006285078
Warm C,421326,2544,2543,85,65,1,0.0042442326
Warm C,739481,4418,4417,85,65,1,0.0069100163
Warm C,174405,1101,1100,85,65,0,0.011354011
Warm C,18858,146,145,85,65,0,0.0056041908
Warm C,287915,1717,1716,85,65,0,-0.00014789077
Warm C,790577,4728,4727,85,65,1,-0.0013152944
Warm C,841319,5054,5053,85,65,0,0.009240461
Warm C,172196,1088,1087,85,65,0,0.012405962
Warm C,974479,5878,5877,85,65,0,0.0127225835
Warm C,152570,981,980,87,67,0,0.0061329664
Warm C,263781,1605,1604,87,67,0,-0.007954682
Warm C,83644,549,548,87,67,0,0.013961274
Warm C,84630,550,549,87,67,0,-0.0074032266
Warm C,73206,494,493,87,67,0,0.007111016
Warm C,32361,216,215,87,67,0,-0.011984242
Warm C,10572,75,74,87,67,1,-0.0025715146
Warm C,235354,1425,1424,87,67,0,-0.00461562
Warm C,954271,5761,5760,87,67,0,0.0023183578
Warm C,365575,2127,2126,87,67,0,0.002391711
Warm C,294016,1748,1747,87,67,1,-0.0070497887
Warm C,79821,531,530,87,67,0,0.0065437015
Warm C,907737,5492,5491,87,67,0,0.0066309567
Warm C,717065,4294,4293,87,67,0,0.0011519305
Warm C,575650,3519,3518,87,67,0,-0.0016456319
Warm C,310929,1851,1850,87,67,0,0.0046073366
Warm C,606123,3681,3680,88,68,1,0.026824486
Warm C,600383,3650,3649,88,68,0,0.018420815
Warm C,597335,3630,3629,88,68,0,0.011450594
Warm C,597000,3626,3625,88,68,1,0.018899694
Warm C,592269,3610,3609,88,68,1,0.01113903
Warm C,588697,3590,3589,88,68,1,0.014487822
Warm C,582315,3557,3556,88,68,1,0.012933511
Warm C,572577,3507,3506,88,68,0,0.017066829
Warm C,659327,3971,3970,88,68,1,0.026887426
Warm C,658604,3967,3966,88,68,0,0.009673754
Warm C,550721,3391,3390,88,68,1,0.011541298
Warm C,537593,3311,3310,88,68,1,0.017008172
Warm C,536346,3308,3307,88,68,0,0.0152103435
Warm C,531340,3280,3279,88,68,0,0.017630203
Warm C,520220,3208,3207,88,68,0,0.020667914
Warm C,532467,3285,3284,88,68,0,0.018687751
Warm C,515143,3180,3179,88,68,0,0.01636381
Warm C,505889,3111,3110,88,68,1,0.00019214535
Warm C,502323,3082,3081,88,68,0,-0.001019632
Warm C,516715,3189,3188,88,68,0,0.014247902
Warm C,498354,3058,3057,88,68,0,0.011855385
Warm C,496967,3053,3052,88,68,0,0.011397622
Warm C,496698,3051,3050,88,68,1,0.0032643704
Warm C,493633,3031,3030,88,68,1,0.023708992
Warm C,492226,3026,3025,88,68,0,0.010946891
Warm C,480685,2950,2949,88,68,0,-0.00060847425
Warm C,476087,2922,2921,88,68,1,0.015954724
Warm C,470565,2896,2895,88,68,1,0.013819821
Warm C,457492,2818,2817,88,68,0,0.010558794
Warm C,487275,2996,2995,88,68,0,0.0042111166
Warm C,493086,3029,3028,88,68,0,0.015710996
Warm C,451978,2782,2781,88,68,0,-0.00020764023
Warm C,451282,2777,2776,88,68,1,0.004620437
Warm C,450435,2776,2775,88,68,0,0.003257402
Warm C,430241,2621,2620,88,68,0,0.01167189
Warm C,404800,2419,2418,88,68,0,0.004007824
Warm C,405592,2429,2428,88,68,0,0.010249041
Warm C,396057,2340,2339,88,68,0,0.018051406
Warm C,385465,2251,2250,88,68,0,0.016517308
Warm C,375769,2188,2187,88,68,0,0.0063381633
Warm C,378521,2208,2207,88,68,0,0.009706741
Warm C,382557,2235,2234,88,68,1,0.0032370202
Warm C,368541,2153,2152,88,68,0,0.008575221
Warm C,364030,2120,2119,88,68,1,0.017148094
Warm C,359655,2102,2101,88,68,0,0.020563358
Warm C,356101,2085,2084,88,68,1,0.0103982845
Warm C,362009,2109,2108,88,68,0,0.015376405
Warm C,352478,2063,2062,88,68,0,0.029660502
Warm C,341025,2010,2009,88,68,0,0.014167324
Warm C,326249,1930,1929,88,68,1,0.017937211
Warm C,315694,1880,1879,88,68,0,0.028990611
Warm C,297810,1764,1763,88,68,1,0.0127974525
Warm C,281460,1687,1686,88,68,1,0.00889105
Warm C,299293,1776,1775,88,68,1,0.014612306
Warm C,275307,1666,1665,88,68,0,0.0036277794
Warm C,266171,1613,1612,88,68,0,0.017064579
Warm C,436789,2665,2664,88,68,1,0.020101804
Warm C,309404,1841,1840,88,68,0,0.010391552
Warm C,247992,1496,1495,88,68,0,0.022573467
Warm C,237107,1441,1440,88,68,1,0.0073697846
Warm C,224390,1356,1355,88,68,0,0.013724245
Warm C,223861,1354,1353,88,68,0,0.022041481
Warm C,213146,1297,1296,88,68,0,0.013414647
Warm C,278106,1676,1675,88,68,0,0.019511878
Warm C,280136,1680,1679,88,68,0,0.01830599
Warm C,193331,1193,1192,88,68,0,0.015659925
Warm C,189182,1172,1171,88,68,0,0.01434385
Warm C,332019,1958,1957,88,68,0,0.021101512
Warm C,173016,1096,1095,88,68,0,0.011058063
Warm C,272446,1645,1644,88,68,1,0.016671717
Warm C,143768,927,926,88,68,0,0.012789961
Warm C,137032,881,880,88,68,0,0.010551374
Warm C,249084,1501,1500,88,68,0,0.018308964
Warm C,365576,2127,2126,88,68,0,0.0049592857
Warm C,332926,1962,1961,88,68,0,0.008246986
Warm C,160529,1019,1018,88,68,0,0.017055184
Warm C,121634,781,780,88,68,1,0.010271187
Warm C,178468,1120,1119,88,68,1,0.003982968
Warm C,119620,770,769,88,68,1,0.010222218
Warm C,106400,699,698,88,68,0,0.014098939
Warm C,106985,702,701,88,68,0,0.015857803
Warm C,103052,683,682,88,68,0,0.004551704
Warm C,101576,676,675,88,68,0,0.0124637075
Warm C,109509,714,713,88,68,1,0.01498011
Warm C,96530,647,646,88,68,1,0.012565168
Warm C,329660,1943,1942,88,68,0,0.011950841
Warm C,78011,524,523,88,68,0,0.014595908
Warm C,299887,1778,1777,88,68,0,0.020435095
Warm C,72430,482,481,88,68,0,0.007856463
Warm C,65644,438,437,88,68,0,0.019473474
Warm C,251292,1516,1515,88,68,0,0.014079361
Warm C,58998,401,400,88,68,0,0.016569497
Warm C,58240,392,391,88,68,0,0.012646129
Warm C,59546,403,402,88,68,1,0.01697652
Warm C,240659,1449,1448,88,68,0,0.017384943
Warm C,291771,1737,1736,88,68,0,0.011477727
Warm C,54663,355,354,88,68,0,0.015417362
Warm C,300059,1779,1778,88,68,0,0.013746065
Warm C,23279,166,165,88,68,1,0.008983251
Warm C,15822,123,122,88,68,0,0.008937905
Warm C,49711,329,328,88,68,0,0.014288127
Warm C,79822,531,530,88,68,1,0.0071062017
Warm C,66240,442,441,88,68,1,0.014456773
Warm C,1317,11,10,88,68,1,0.0066692913
Warm C,78743,528,527,88,68,0,0.018638369
Warm C,355259,2077,2076,88,68,0,0.007915738
Warm C,238394,1447,1446,88,68,0,0.017259171
Warm C,954272,5761,5760,88,68,0,0.009500167
Warm C,88412,583,582,88,68,0,0.00572087
Warm C,363511,2116,2115,88,68,0,0.017987495
Warm C,828887,4979,4978,88,68,0,0.018977314
Warm C,497481,3054,3053,88,68,0,0.0033147552
Warm C,342914,2015,2014,88,68,1,0.014210791
Warm C,618465,3746,3745,88,68,0,0.013078406
Warm C,116692,752,751,88,68,0,0.017523255
Warm C,35147,237,236,88,68,0,0.0120040225
Warm C,907738,5492,5491,88,68,0,0.011153514
Warm C,134696,869,868,88,68,1,0.0019073542
Warm C,475687,2918,2917,88,68,0,0.0120985545
Warm C,476518,2926,2925,88,68,0,0.008263231
Warm C,893131,5394,5393,88,68,0,0.022129377
Warm C,53121,349,348,88,68,0,0.013243794
Warm C,273373,1647,1646,88,68,0,0.02045834
Warm C,599558,3648,3647,88,68,1,0.01201468
Warm C,433335,2641,2640,88,68,0,0.018111244
Warm C,311407,1854,1853,88,68,0,0.010286195
Warm C,461700,2847,2846,88,68,0,0.008850944
Warm C,941564,5682,5681,88,68,0,0.016594425
Warm C,310930,1851,1850,88,68,0,0.006641923
Warm C,713474,4277,4276,88,68,0,0.0202584
Warm C,116955,753,752,88,68,1,0.010360241
Warm C,515791,3182,3181,88,68,1,0.01823062
Warm C,196833,1207,1206,92,70,0,-0.0014826306
Warm C,322833,1912,1911,92,70,0,0.003361411
Warm C,332031,1958,1957,92,70,0,0.0022181377
Warm C,184193,1146,1145,92,70,0,0.002678271
Warm C,168755,1069,1068,92,70,0,0.0054976773
Warm C,133310,860,859,92,70,0,0.0014293017
Warm C,132164,854,853,92,70,0,-0.0011315492
Warm C,116721,752,751,92,70,0,0.004505662
Warm C,115059,746,745,92,70,0,0.0017292365
Warm C,240687,1449,1448,92,70,0,0.00059741724
Warm C,111139,721,720,92,70,0,0.007920553
Warm C,78034,524,523,92,70,1,-0.0038174542
Warm C,72452,482,481,92,70,0,0.005479099
Warm C,75196,509,508,92,70,0,-0.00064114435
Warm C,696863,4169,4168,92,70,0,0.00674387
Warm C,5510,38,37,92,70,0,0.0023766551
Warm C,79836,531,530,92,70,0,0.00083640456
Warm C,50407,331,330,92,70,0,0.004659045
Warm C,627186,3792,3791,92,70,0,-0.0044815033
Warm C,150864,970,969,92,70,0,0.0063333553
Warm C,28505,195,194,92,70,1,0.0020882608
Warm C,238423,1447,1446,92,70,0,0.011202666
Warm C,102761,678,677,92,70,0,0.0028625547
Warm C,902914,5458,5457,92,70,0,-0.0042017126
Warm C,217449,1317,1316,92,70,0,-0.00056005176
Warm C,179901,1125,1124,92,70,0,0.0021417155
Warm C,325098,1925,1924,92,70,0,0.010631839
Warm C,974485,5878,5877,92,70,0,0.003991124
Warm C,137047,881,880,93,71,0,0.007800485
Warm C,134715,869,868,93,71,0,0.00792194
Warm C,328909,1941,1940,93,71,0,0.004995551
Warm C,107249,705,704,93,71,0,0.0053571803
Warm C,108418,710,709,93,71,0,0.011940083
Warm C,99165,660,659,93,71,0,0.006087707
Warm C,92882,621,620,93,71,0,0.007867277
Warm C,119639,770,769,93,71,0,0.002494807
Warm C,74208,505,504,93,71,0,0.0054522967
Warm C,82022,543,542,93,71,1,0.00601371
Warm C,70987,476,475,93,71,1,0.0071482398
Warm C,65656,438,437,93,71,0,0.01260967
Warm C,240688,1449,1448,93,71,0,0.001972596
Warm C,51242,337,336,93,71,0,0.010775313
Warm C,42005,284,283,93,71,0,0.0060944404
Warm C,36798,245,244,93,71,0,0.014905151
Warm C,337310,1983,1982,93,71,0,0.003942052
Warm C,30144,202,201,93,71,0,0.0010519656
Warm C,28506,195,194,93,71,1,0.0143027855
Warm C,7374,52,51,93,71,0,-0.0006501874
Warm C,696864,4169,4168,93,71,0,0.0108609395
Warm C,828896,4979,4978,93,71,0,0.012388678
Warm C,750538,4478,4477,93,71,0,0.012695286
Warm C,332032,1958,1957,93,71,0,0.014358638
Warm C,230695,1395,1394,93,71,0,0.013283482
Warm C,713487,4277,4276,93,71,0,0.015706722
Warm C,310941,1851,1850,93,71,0,0.000533486
Warm C,564843,3471,3470,93,71,0,0.005648289
Warm C,718742,4305,4304,93,71,0,0.0053476794
Warm C,563270,3464,3463,94,72,1,0.007814365
Warm C,557081,3422,3421,94,72,0,0.008709109
Warm C,557958,3425,3424,94,72,1,0.008525797
Warm C,556028,3416,3415,94,72,0,0.010391461
Warm C,574057,3513,3512,94,72,1,0.015558553
Warm C,575665,3519,3518,94,72,1,0.00761884
Warm C,550747,3391,3390,94,72,1,0.0008052308
Warm C,531358,3280,3279,94,72,1,0.010513706
Warm C,519649,3205,3204,94,72,0,0.00321502
Warm C,504082,3098,3097,94,72,0,0.0038036332
Warm C,575004,3518,3517,94,72,0,-0.0023295106
Warm C,797698,4784,4783,94,72,1,-0.003325256
Warm C,498541,3062,3061,94,72,0,6.948132e-06
Warm C,496976,3053,3052,94,72,0,0.013162421
Warm C,659334,3971,3970,94,72,1,0.009493749
Warm C,493645,3031,3030,94,72,1,0.012158886
Warm C,485409,2986,2985,94,72,1,0.003963871
Warm C,498929,3065,3064,94,72,1,0.0084450375
Warm C,468060,2885,2884,94,72,1,0.00024972402
Warm C,867272,5233,5232,94,72,1,-0.006637857
Warm C,431500,2628,2627,94,72,1,0.0062129847
Warm C,425501,2581,2580,94,72,1,0.0027808794
Warm C,404810,2419,2418,94,72,1,0.007134405
Warm C,399327,2376,2375,94,72,0,0.008719384
Warm C,413345,2485,2484,94,72,1,0.012539996
Warm C,381437,2230,2229,94,72,0,0.014210256
Warm C,383089,2237,2236,94,72,1,0.009834919
Warm C,372549,2175,2174,94,72,1,0.0032228953
Warm C,363527,2116,2115,94,72,0,0.004836228
Warm C,352508,2063,2062,94,72,1,0.010497646
Warm C,301450,1790,1789,94,72,0,0.008549351
Warm C,275315,1666,1665,94,72,1,0.0036485232
Warm C,268199,1628,1627,94,72,1,0.017878395
Warm C,259749,1587,1586,94,72,1,0.0048018033
Warm C,253654,1542,1541,94,72,0,0.0073435586
Warm C,246029,1486,1485,94,72,1,0.0024041878
Warm C,247007,1491,1490,94,72,0,0.001591031
Warm C,354421,2073,2072,94,72,1,-0.00031198934
Warm C,241573,1451,1450,94,72,1,0.00029648142
Warm C,296675,1758,1757,94,72,0,0.008835201
Warm C,209632,1279,1278,94,72,1,0.013331972
Warm C,211518,1285,1284,94,72,1,-0.0022848342
Warm C,280178,1680,1679,94,72,1,0.0059683495
Warm C,185944,1150,1149,94,72,0,0.0057792803
Warm C,307826,1835,1834,94,72,1,0.013902053
Warm C,201860,1242,1241,94,72,0,-0.010200126
Warm C,170680,1086,1085,94,72,1,-0.0018700338
Warm C,168756,1069,1068,94,72,0,0.0056106504
Warm C,164128,1050,1049,94,72,0,0.007007996
Warm C,139014,889,888,94,72,0,-0.0035079464
Warm C,380558,2223,2222,94,72,0,0.0062377583
Warm C,134779,870,869,94,72,1,0.001544645
Warm C,263795,1605,1604,94,72,1,0.009711731
Warm C,134716,869,868,94,72,1,0.0049026795
Warm C,116722,752,751,94,72,1,0.010824917
Warm C,101058,673,672,94,72,0,0.004011019
Warm C,101582,676,675,94,72,1,0.010737494
Warm C,98372,658,657,94,72,0,0.0018898518
Warm C,177326,1117,1116,94,72,1,0.0056503625
Warm C,98034,655,654,94,72,0,0.001878179
Warm C,295133,1752,1751,94,72,0,0.007190416
Warm C,332935,1962,1961,94,72,0,0.01467132
Warm C,631922,3821,3820,94,72,0,0.01675388
Warm C,696865,4169,4168,94,72,1,0.017188145
Warm C,87377,570,569,94,72,1,0.0003279033
Warm C,361213,2106,2105,94,72,1,0.012135208
Warm C,191644,1181,1180,94,72,0,0.013033034
Warm C,83676,549,548,94,72,1,0.0050109695
Warm C,82023,543,542,94,72,1,0.0035861519
Warm C,84650,550,549,94,72,1,0.014660826
Warm C,76228,517,516,94,72,1,0.0025947166
Warm C,72453,482,481,94,72,1,0.0037743975
Warm C,70314,474,473,94,72,1,0.009419469
Warm C,78752,528,527,94,72,0,0.010579739
Warm C,60284,409,408,94,72,1,0.0016293288
Warm C,59000,401,400,94,72,0,0.019008249
Warm C,54126,352,351,94,72,1,0.013898408
Warm C,52393,345,344,94,72,0,-0.0041179443
Warm C,132783,855,854,94,72,1,0.008771522
Warm C,47773,319,318,94,72,1,0.0042586485
Warm C,45080,303,302,94,72,1,0.0063897003
Warm C,239465,1448,1447,94,72,0,0.0054828566
Warm C,61473,412,411,94,72,0,0.003689276
Warm C,99166,660,659,94,72,1,-0.004383663
Warm C,417629,2520,2519,94,72,1,0.0058059776
Warm C,29371,199,198,94,72,1,0.007288253
Warm C,306295,1824,1823,94,72,0,0.0077889636
Warm C,17960,138,137,94,72,1,-0.006740921
Warm C,15844,123,122,94,72,1,0.011589035
Warm C,8020,53,52,94,72,1,0.0028467467
Warm C,633756,3824,3823,94,72,1,0.018107235
Warm C,3727,26,25,94,72,0,0.0075134
Warm C,50408,331,330,94,72,1,-0.0017509575
Warm C,79837,531,530,94,72,0,0.00799481
Warm C,158822,1015,1014,94,72,1,0.0028806939
Warm C,129798,839,838,94,72,1,0.00011703046
Warm C,238424,1447,1446,94,72,1,0.0018179575
Warm C,974056,5875,5874,94,72,1,0.0053309216
Warm C,572603,3507,3506,94,72,0,0.013772956
Warm C,242044,1457,1456,94,72,1,0.012426817
Warm C,943492,5689,5688,94,72,0,0.006081757
Warm C,223879,1354,1353,94,72,0,0.004154878
Warm C,249093,1501,1500,94,72,0,-0.00029006717
Warm C,164976,1051,1050,94,72,1,0.005724743
Warm C,556675,3420,3419,94,72,1,0.008499002
Warm C,145158,934,933,94,72,0,0.006086536
Warm C,309862,1842,1841,94,72,1,-0.0014373721
Warm C,206522,1265,1264,94,72,1,-0.0020592096
Warm C,805833,4823,4822,94,72,0,0.0032938495
Warm C,893138,5394,5393,94,72,1,0.010829296
Warm C,172225,1088,1087,94,72,0,0.0010924203
Warm C,285594,1701,1700,94,72,1,0.01001312
Warm C,286978,1712,1711,94,72,0,-0.0010208888
Warm C,187869,1164,1163,94,72,1,-0.003437707
Warm C,790585,4728,4727,94,72,0,0.006025431
Warm C,748282,4467,4466,94,72,0,0.00036378542
Warm C,229792,1390,1389,94,72,1,-0.0009457667
Warm C,881119,5322,5321,94,72,1,-0.0010894367
Warm C,480516,2947,2946,94,72,1,-0.0012314124
Warm C,295818,1755,1754,94,72,1,0.008280478
Warm C,63550,424,423,94,72,1,0.0052516554
Warm C,564844,3471,3470,94,72,0,0.00091806706
Warm C,688117,4116,4115,100,74,1,0.0037690601
Warm C,512966,3163,3162,100,74,1,0.015907789
Warm C,508708,3129,3128,100,74,0,0.0006900695
Warm C,499541,3067,3066,100,74,0,0.0020406602
Warm C,494293,3032,3031,100,74,1,0.007947786
Warm C,590557,3602,3601,100,74,0,0.008517865
Warm C,485142,2986,2985,100,74,0,0.01636493
Warm C,477218,2929,2928,100,74,0,0.019380733
Warm C,465721,2872,2871,100,74,0,0.021594668
Warm C,463411,2857,2856,100,74,0,0.020373896
Warm C,458954,2825,2824,100,74,0,0.005870543
Warm C,453856,2793,2792,100,74,1,0.01369844
Warm C,431678,2629,2628,100,74,1,0.010722075
Warm C,431425,2628,2627,100,74,1,0.004661837
Warm C,416723,2507,2506,100,74,1,0.01688612
Warm C,414051,2491,2490,100,74,1,0.004144941
Warm C,408298,2453,2452,100,74,0,0.018164195
Warm C,399150,2376,2375,100,74,0,0.013081824
Warm C,373202,2179,2178,100,74,0,0.007873606
Warm C,358556,2098,2097,100,74,1,0.019572409
Warm C,359460,2102,2101,100,74,0,0.0044833645
Warm C,275838,1668,1667,100,74,0,-0.0019970103
Warm C,296126,1757,1756,100,74,0,0.016969722
Warm C,265881,1613,1612,100,74,0,0.010134289
Warm C,283236,1696,1695,100,74,0,0.007845499
Warm C,205906,1264,1263,100,74,0,0.004390792
Warm C,210209,1284,1283,100,74,0,0.009951473
Warm C,321694,1908,1907,100,74,1,0.007851954
Warm C,172374,1090,1089,100,74,0,0.0023853888
Warm C,168544,1069,1068,100,74,1,0.007244568
Warm C,167933,1068,1067,100,74,0,0.018616825
Warm C,163914,1050,1049,100,74,0,0.015986636
Warm C,145397,935,934,100,74,0,0.00270696
Warm C,157014,1010,1009,100,74,0,0.010904404
Warm C,136702,881,880,100,74,0,0.018441068
Warm C,131983,854,853,100,74,0,0.018663475
Warm C,779107,4653,4652,100,74,0,0.0139955655
Warm C,116359,752,751,100,74,0,0.019896915
Warm C,98921,660,659,100,74,0,0.0037230763
Warm C,108101,710,709,100,74,1,0.013897033
Warm C,113593,736,735,100,74,0,0.013915402
Warm C,207550,1268,1267,100,74,1,0.0024890895
Warm C,83280,549,548,100,74,1,0.011112979
Warm C,47365,319,318,100,74,0,0.020798463
Warm C,239083,1448,1447,100,74,0,0.010553567
Warm C,697532,4169,4168,100,74,0,0.021955503
Warm C,55550,368,367,100,74,1,0.014130236
Warm C,27088,192,191,100,74,0,0.0025096075
Warm C,19308,148,147,100,74,0,-0.00026847015
Warm C,16628,131,130,100,74,0,0.015221709
Warm C,9220,62,61,100,74,0,0.00924212
Warm C,7619,53,52,100,74,1,0.009261923
Warm C,104413,692,691,100,74,1,0.015212063
Warm C,79520,531,530,100,74,0,0.009522339
Warm C,481910,2962,2961,100,74,0,0.0030946035
Warm C,254427,1546,1545,100,74,1,0.0045169583
Warm C,158378,1015,1014,100,74,0,0.013768897
Warm C,50046,331,330,100,74,0,0.0063602473
Warm C,150659,970,969,100,74,0,0.013968106
Warm C,240244,1449,1448,100,74,0,0.01433886
Warm C,874129,5277,5276,100,74,0,0.007317058
Warm C,317795,1889,1888,100,74,0,0.003938332
Warm C,19902,149,148,100,74,1,0.008727818
Warm C,309671,1842,1841,100,74,0,0.0030376865
Warm C,894088,5397,5396,100,74,0,0.012188366
Warm C,473819,2909,2908,100,74,1,0.019133482
Warm C,941748,5682,5681,100,74,0,0.006541749
Warm C,790808,4728,4727,100,74,0,0.021382157
Warm C,34689,235,234,117,82,1,0.0006592744
Warm C,33431,225,224,117,82,0,0.009283324
Warm C,19930,149,148,117,82,1,-0.0052278717
Warm C,16641,131,130,117,82,1,0.004688278
Warm C,206994,1266,1265,117,82,0,-0.0010687627
Warm C,239113,1448,1447,117,82,1,-0.0007259934
Warm C,901614,5450,5449,117,82,0,0.005474123
Warm C,458088,2820,2819,117,82,0,-0.0016308313
Warm C,416750,2507,2506,117,82,1,0.0039009373
Warm C,226168,1369,1368,117,82,1,0.002057934
Warm C,309688,1842,1841,117,82,1,-0.007523521
Warm C,245838,1484,1483,117,82,1,-0.0004435687
Warm C,290362,1733,1732,117,82,0,0.008484881
Warm C,512985,3163,3162,117,82,1,0.00820227
Warm C,371748,2172,2171,117,82,1,0.0041295197
Warm C,233691,1421,1420,117,82,1,-0.011432136
Warm C,893409,5394,5393,117,82,0,0.0036945194
Warm C,778301,4647,4646,117,82,0,0.004282564
Warm C,193774,1194,1193,117,82,0,0.0024185583
Warm C,386128,2258,2257,118,83,1,-0.0009991336
Warm C,967441,5831,5830,118,83,1,0.012522853
Warm C,682589,4085,4084,118,83,1,0.020262474
Warm C,352078,2063,2062,118,83,1,0.023657242
Warm C,259561,1587,1586,118,83,0,0.02007431
Warm C,116395,752,751,118,83,0,0.018383197
Warm C,331762,1958,1957,118,83,0,0.020326143
Warm C,178242,1120,1119,118,83,0,0.015207063
Warm C,635056,3829,3828,122,84,1,0.0021784185
Warm C,726065,4344,4343,122,84,1,0.014624702
Warm C,624959,3778,3777,122,84,0,0.014442768
Warm C,720566,4312,4311,122,84,0,0.013099382
Warm C,618074,3745,3744,122,84,0,0.0042469976
Warm C,614857,3724,3723,122,84,0,-0.0032568292
Warm C,611911,3709,3708,122,84,0,0.006195398
Warm C,608347,3690,3689,122,84,0,0.012309726
Warm C,605910,3681,3680,122,84,1,0.017207503
Warm C,609704,3695,3694,122,84,0,0.016102917
Warm C,636402,3834,3833,122,84,1,0.006382618
Warm C,596732,3626,3625,122,84,0,0.01229525
Warm C,592074,3610,3609,122,84,0,0.011922241
Warm C,591558,3609,3608,122,84,0,0.0028187763
Warm C,588853,3591,3590,122,84,0,0.01926873
Warm C,583563,3562,3561,122,84,1,0.016686985
Warm C,582200,3557,3556,122,84,0,0.0072652707
Warm C,580234,3543,3542,122,84,0,-0.0034469464
Warm C,617123,3735,3734,122,84,0,0.0032031478
Warm C,579533,3539,3538,122,84,0,0.020646062
Warm C,572304,3507,3506,122,84,0,0.026751103
Warm C,659209,3971,3970,122,84,0,0.0112416735
Warm C,562693,3462,3461,122,84,0,0.016081408
Warm C,559974,3441,3440,122,84,0,0.012611436
Warm C,556960,3422,3421,122,84,0,0.012652006
Warm C,571467,3504,3503,122,84,0,0.009210814
Warm C,658454,3967,3966,122,84,0,0.0048763277
Warm C,548403,3384,3383,122,84,1,0.0045308955
Warm C,542976,3341,3340,122,84,0,0.0048947167
Warm C,547615,3378,3377,122,84,0,0.005008754
Warm C,541425,3331,3330,122,84,0,0.0057380367
Warm C,542333,3336,3335,122,84,0,0.014115137
Warm C,537318,3311,3310,122,84,0,0.009840863
Warm C,536134,3308,3307,122,84,0,0.014835613
Warm C,531156,3280,3279,122,84,0,-0.0017868136
Warm C,522749,3224,3223,122,84,0,0.013817858
Warm C,517036,3191,3190,122,84,0,0.013489731
Warm C,508729,3129,3128,122,84,0,0.01689791
Warm C,516561,3189,3188,122,84,1,0.015305733
Warm C,499574,3067,3066,122,84,0,0.0052198214
Warm C,494335,3032,3031,122,84,1,0.015141305
Warm C,493480,3031,3030,122,84,0,0.017927025
Warm C,492127,3026,3025,122,84,0,0.003317983
Warm C,489705,3013,3012,122,84,1,0.008470411
Warm C,488364,3004,3003,122,84,1,-0.0058174836
Warm C,870564,5256,5255,122,84,0,0.010087603
Warm C,473879,2909,2908,122,84,0,0.009329245
Warm C,470463,2896,2895,122,84,1,0.019477235
Warm C,468989,2888,2887,122,84,0,0.017749216
Warm C,460357,2840,2839,122,84,0,0.0029978068
Warm C,594913,3620,3619,122,84,0,0.020029083
Warm C,444757,2743,2742,122,84,1,0.014278177
Warm C,443898,2737,2736,122,84,0,0.011325824
Warm C,564567,3471,3470,122,84,0,0.012689596
Warm C,419856,2537,2536,122,84,0,0.019604491
Warm C,412911,2484,2483,122,84,0,0.019178784
Warm C,404634,2419,2418,122,84,0,0.015205724
Warm C,394521,2326,2325,122,84,1,-0.004408424
Warm C,393135,2309,2308,122,84,1,0.0010758073
Warm C,393989,2321,2320,122,84,1,0.009107912
Warm C,390091,2288,2287,122,84,0,0.0005858792
Warm C,377905,2205,2204,122,84,0,0.009595215
Warm C,361783,2109,2108,122,84,0,0.01647884
Warm C,352090,2063,2062,122,84,0,0.0110747125
Warm C,371750,2172,2171,122,84,0,0.014447979
Warm C,348129,2041,2040,122,84,0,0.024367891
Warm C,344190,2020,2019,122,84,0,0.022660283
Warm C,330561,1951,1950,122,84,0,0.011506679
Warm C,315412,1880,1879,122,84,0,0.0069304956
Warm C,299713,1778,1777,122,84,1,0.009699571
Warm C,265919,1613,1612,122,84,0,0.013342046
Warm C,259567,1587,1586,122,84,0,0.011358052
Warm C,224257,1356,1355,122,84,0,0.018088397
Warm C,277837,1676,1675,122,84,0,0.009878091
Warm C,273107,1647,1646,122,84,0,0.014384167
Warm C,205935,1264,1263,122,84,0,0.0114618875
Warm C,279594,1680,1679,122,84,1,0.011474645
Warm C,244093,1470,1469,122,84,1,0.026884388
Warm C,214978,1303,1302,122,84,0,0.008016898
Warm C,198861,1221,1220,122,84,0,0.011279895
Warm C,196633,1207,1206,122,84,0,0.012073732
Warm C,193235,1193,1192,122,84,0,0.0060474253
Warm C,192420,1184,1183,122,84,0,0.0022586323
Warm C,307575,1835,1834,122,84,1,0.01574393
Warm C,173749,1100,1099,122,84,0,0.0045193452
Warm C,176095,1113,1112,122,84,0,0.016760416
Warm C,189430,1173,1172,122,84,0,0.015622204
Warm C,167958,1068,1067,122,84,0,0.017012507
Warm C,153804,988,987,122,84,0,0.0011665378
Warm C,221480,1340,1339,122,84,0,0.020772673
Warm C,157048,1010,1009,122,84,0,0.015652876
Warm C,138548,889,888,122,84,0,0.019854426
Warm C,263496,1605,1604,122,84,0,0.016817192
Warm C,328409,1941,1940,122,84,0,0.010949254
Warm C,117850,759,758,122,84,0,-0.0029129703
Warm C,112589,731,730,122,84,1,0.018099107
Warm C,216469,1314,1313,122,84,0,-0.001625933
Warm C,106196,699,698,122,84,0,0.0038997317
Warm C,106850,702,701,122,84,0,0.0019510323
Warm C,98339,658,657,122,84,0,0.0010713376
Warm C,87303,570,569,122,84,0,0.007785511
Warm C,291543,1737,1736,122,84,0,0.0048322584
Warm C,82285,546,545,122,84,0,0.02103686
Warm C,81795,543,542,122,84,1,0.012640214
Warm C,70862,476,475,122,84,1,0.007271862
Warm C,58953,401,400,122,84,0,0.00590491
Warm C,53662,352,351,122,84,0,0.013654052
Warm C,132567,855,854,122,84,0,0.0059070485
Warm C,288630,1724,1723,122,84,0,0.015484447
Warm C,110933,721,720,122,84,0,0.0032590209
Warm C,179713,1125,1124,122,84,0,0.009715115
Warm C,44977,303,302,122,84,1,0.010003416
Warm C,43899,301,300,122,84,0,0.018938914
Warm C,538048,3312,3311,122,84,0,0.009959431
Warm C,36420,245,244,122,84,0,0.016012859
Warm C,35449,239,238,122,84,0,0.0002581193
Warm C,22463,163,162,122,84,0,0.012599985
Warm C,9246,62,61,122,84,0,0.011556055
Warm C,3735,26,25,122,84,0,0.013095641
Warm C,78563,528,527,122,84,0,0.017302524
Warm C,893415,5394,5393,122,84,0,0.017355498
Warm C,874136,5277,5276,122,84,1,0.008202581
Warm C,860352,5172,5171,122,84,0,0.0028341794
Warm C,829188,4979,4978,122,84,0,0.012404526
Warm C,240294,1449,1448,122,84,0,0.008604312
Warm C,682596,4085,4084,122,84,1,0.020239305
Warm C,317822,1889,1888,122,84,0,0.012316215
Warm C,924172,5580,5579,122,84,1,0.0041085863
Warm C,134440,869,868,122,84,0,0.010937025
Warm C,476420,2926,2925,122,84,0,0.02215001
Warm C,257797,1579,1578,122,84,0,0.021967482
Warm C,748335,4467,4466,122,84,1,0.011824508
Warm C,193781,1194,1193,122,84,0,0.0037623805
Warm C,550352,3391,3390,122,84,0,0.017242968
Warm C,482805,2967,2966,123,85,1,0.007368424
Warm C,480859,2952,2951,123,85,1,0.004657117
Warm C,458960,2825,2824,123,85,1,0.008176844
Warm C,571158,3503,3502,123,85,1,0.0033115
Warm C,448496,2764,2763,123,85,1,0.010027815
Warm C,425377,2581,2580,123,85,1,0.012757566
Warm C,422319,2557,2556,123,85,0,0.009490363
Warm C,357932,2094,2093,123,85,1,0.0027007908
Warm C,329818,1945,1944,123,85,1,0.012444529
Warm C,292438,1741,1740,123,85,1,0.0142781865
Warm C,267626,1626,1625,123,85,0,0.012020486
Warm C,264193,1607,1606,123,85,0,0.017492414
Warm C,231419,1402,1401,123,85,0,0.013285211
Warm C,214980,1303,1302,123,85,0,0.014046829
Warm C,209518,1279,1278,123,85,1,0.01677585
Warm C,203891,1254,1253,123,85,1,0.0110708
Warm C,308777,1837,1836,123,85,1,0.011843873
Warm C,173751,1100,1099,123,85,1,0.0063116075
Warm C,320210,1899,1898,123,85,1,0.01929533
Warm C,186174,1151,1150,123,85,1,0.0029431866
Warm C,147777,952,951,123,85,1,0.006124841
Warm C,138549,889,888,123,85,0,0.019365916
Warm C,200100,1228,1227,123,85,0,0.004400522
Warm C,328413,1941,1940,123,85,0,0.009664229
Warm C,240297,1449,1448,123,85,1,0.01586784
Warm C,107359,706,705,123,85,1,0.0072372323
Warm C,284344,1698,1697,123,85,1,0.013283406
Warm C,198226,1218,1217,123,85,1,0.0014420414
Warm C,80562,534,533,123,85,0,0.006198437
Warm C,70220,474,473,123,85,1,0.01188601
Warm C,56969,385,384,123,85,1,0.005931054
Warm C,201668,1242,1241,123,85,1,0.013569245
Warm C,53664,352,351,123,85,1,0.00572583
Warm C,132569,855,854,123,85,1,0.018582154
Warm C,33449,225,224,123,85,1,0.012943289
Warm C,133660,864,863,123,85,0,0.010115446
Warm C,7667,53,52,123,85,1,0.014053155
Warm C,4996,35,34,123,85,1,0.00953082
Warm C,421113,2544,2543,123,85,0,0.009458534
Warm C,74330,507,506,123,85,1,-0.0027904573
Warm C,176097,1113,1112,123,85,1,0.02175105
Warm C,805967,4823,4822,123,85,1,0.004499899
Warm C,290370,1733,1732,123,85,1,0.009971354
Warm C,967450,5831,5830,123,85,1,0.023199406
Warm C,19941,149,148,123,85,1,0.021662325
Warm C,964554,5812,5811,123,85,1,0.013240682
Warm C,10385,74,73,123,85,0,0.009214767
Warm C,893417,5394,5393,123,85,1,0.017493734
Warm C,160240,1019,1018,123,85,0,0.016889215
Warm C,609705,3695,3694,123,85,1,0.0048090615
Warm C,179716,1125,1124,123,85,0,-7.021369e-05
Warm C,933961,5636,5635,123,85,0,0.013342873
Warm C,959081,5787,5786,123,85,1,0.009079292
Warm C,116408,752,751,123,85,0,0.01148197
Warm C,322534,1912,1911,123,85,0,0.018102089
Warm C,273110,1647,1646,126,87,0,0.026105456
Warm C,279603,1680,1679,126,87,0,0.014225676
Warm C,186398,1152,1151,126,87,0,0.015636232
Warm C,182377,1138,1137,126,87,0,0.009463076
Warm C,248921,1501,1500,126,87,0,0.016219858
Warm C,328416,1941,1940,126,87,0,0.019370764
Warm C,163167,1042,1041,126,87,0,0.0009048523
Warm C,363978,2120,2119,126,87,0,0.009290628
Warm C,342646,2015,2014,126,87,0,0.017084863
Warm C,155971,1004,1003,126,87,0,0.014684992
Warm C,157053,1010,1009,126,87,0,0.020059843
Warm C,277072,1675,1674,126,87,0,0.023592765
Warm C,134445,869,868,126,87,0,0.021466041
Warm C,121232,780,779,126,87,0,0.023412893
Warm C,175056,1109,1108,126,87,0,0.007941565
Warm C,114517,744,743,126,87,0,0.018447038
Warm C,110402,720,719,126,87,0,0.020497173
Warm C,112593,731,730,126,87,0,0.022115786
Warm C,216471,1314,1313,126,87,0,0.0043431153
Warm C,108766,712,711,126,87,0,0.01622651
Warm C,86195,563,562,126,87,0,0.018434465
Warm C,85919,561,560,126,87,0,0.01446199
Warm C,64977,436,435,126,87,0,0.0155226495
Warm C,54731,357,356,126,87,0,0.015074879
Warm C,46436,310,309,126,87,1,0.016252516
Warm C,41764,284,283,126,87,0,0.010667867
Warm C,40709,273,272,126,87,1,0.01564582
Warm C,7670,53,52,126,87,0,0.016681882
Warm C,73828,500,499,126,87,0,0.01704878
Warm C,49361,329,328,126,87,0,0.016619913
Warm C,386132,2258,2257,126,87,0,0.011323963
Warm C,333947,1969,1968,126,87,0,0.014769904
Warm C,11951,92,91,126,87,0,0.023064464
Warm C,139236,890,889,126,87,0,0.014182169
Warm C,352094,2063,2062,126,87,0,0.029725023
Warm C,206411,1265,1264,126,87,0,0.013445761
Warm C,63151,424,423,126,87,0,0.019956738
Warm C,28095,195,194,126,87,0,0.016466541
Warm C,484648,2985,2984,126,87,0,0.011661483
Warm C,275647,1667,1666,132,88,0,0.011518015
Warm C,226404,1370,1369,132,88,0,0.012808513
Warm C,196640,1207,1206,132,88,0,0.021230306
Warm C,279616,1680,1679,132,88,1,0.013776707
Warm C,185525,1150,1149,132,88,0,0.011838941
Warm C,184070,1146,1145,132,88,0,0.013105464
Warm C,157064,1010,1009,132,88,0,0.019156305
Warm C,114932,746,745,132,88,0,0.017502708
Warm C,179723,1125,1124,132,88,0,0.014840443
Warm C,83340,549,548,132,88,1,0.012558519
Warm C,72201,482,481,132,88,0,0.009859618
Warm C,74971,509,508,132,88,0,0.020140164
Warm C,254443,1546,1545,132,88,0,0.01560157
Warm C,98969,660,659,132,88,0,0.009677526
Warm C,27142,192,191,132,88,0,0.0094349515
Warm C,19959,149,148,132,88,0,0.015708938
Warm C,9258,62,61,132,88,0,0.0081628505
Warm C,108151,710,709,132,88,0,0.01300597
Warm C,697588,4169,4168,132,88,0,0.029868092
Warm C,626937,3792,3791,132,88,0,0.021400563
Warm C,355048,2077,2076,132,88,0,0.013869121
Warm C,150688,970,969,132,88,0,0.012496338
Warm C,363229,2116,2115,132,88,0,0.021344129
Warm C,778314,4647,4646,132,88,0,0.023027506
Warm C,265205,1611,1610,132,88,0,0.018023735
Warm C,66126,442,441,132,88,0,0.014813787
Warm C,993738,6001,6000,132,88,0,0.0073164874
Warm C,63158,424,423,132,88,1,0.017257765
Warm C,328428,1941,1940,132,88,0,0.0134774
Warm C,790828,4728,4727,132,88,0,0.014900697
Warm C,550366,3391,3390,132,88,0,0.018594425
Warm C,392371,2304,2303,135,89,0,0.013791325
Warm C,377351,2203,2202,135,89,0,0.017425437
Warm C,382515,2235,2234,135,89,0,0.0012704236
Warm C,370314,2165,2164,135,89,1,0.006473923
Warm C,368448,2153,2152,135,89,1,0.00309811
Warm C,366626,2136,2135,135,89,0,-0.0004294142
Warm C,356015,2085,2084,135,89,1,0.012822311
Warm C,341710,2012,2011,135,89,0,0.0040104426
Warm C,340805,2010,2009,135,89,0,0.01023253
Warm C,297627,1764,1763,135,89,1,0.0011243103
Warm C,281352,1687,1686,135,89,0,0.002864718
Warm C,268581,1631,1630,135,89,0,0.008749322
Warm C,323933,1920,1919,135,89,1,0.004613036
Warm C,252194,1527,1526,135,89,0,0.0072892597
Warm C,262306,1600,1599,135,89,0,0.0035472964
Warm C,296857,1759,1758,135,89,1,0.0054329885
Warm C,277852,1676,1675,135,89,0,0.0032704202
Warm C,198863,1221,1220,135,89,1,0.0024306015
Warm C,178260,1120,1119,135,89,1,0.004987339
Warm C,172942,1096,1095,135,89,0,0.013074487
Warm C,175663,1112,1111,135,89,0,0.018514296
Warm C,328429,1941,1940,135,89,0,0.014976686
Warm C,272294,1645,1644,135,89,1,0.0062628146
Warm C,155975,1004,1003,135,89,0,0.007125335
Warm C,153184,984,983,135,89,1,0.0024769264
Warm C,221487,1340,1339,135,89,0,0.004958798
Warm C,249304,1502,1501,135,89,1,1.6059319e-05
Warm C,136751,881,880,135,89,0,0.0073185535
Warm C,248927,1501,1500,135,89,0,0.0034829888
Warm C,101454,676,675,135,89,0,0.0095342295
Warm C,764575,4543,4542,135,89,0,0.01087158
Warm C,109375,714,713,135,89,1,0.011860551
Warm C,98970,660,659,135,89,0,0.005793688
Warm C,191200,1181,1180,135,89,0,0.0014485475
Warm C,77701,524,523,135,89,0,0.010366468
Warm C,299722,1778,1777,135,89,0,0.005293347
Warm C,81800,543,542,135,89,1,0.004334685
Warm C,68810,461,460,135,89,0,0.0065459814
Warm C,87102,569,568,135,89,1,-0.0041027227
Warm C,58028,392,391,135,89,0,0.007831662
Warm C,44461,302,301,135,89,0,0.015231784
Warm C,41778,284,283,135,89,1,0.0048718937
Warm C,697591,4169,4168,135,89,0,0.008204932
Warm C,538054,3312,3311,135,89,1,-0.0032855498
Warm C,219250,1329,1328,135,89,0,0.008024587
Warm C,32914,223,222,135,89,1,0.008237131
Warm C,291557,1737,1736,135,89,0,0.000107741915
Warm C,235119,1425,1424,135,89,0,0.009390253
Warm C,3762,26,25,135,89,0,0.006415802
Warm C,35821,242,241,135,89,0,0.014475152
Warm C,78569,528,527,135,89,0,0.021871703
Warm C,355049,2077,2076,135,89,0,0.010919119
Warm C,552508,3401,3400,135,89,0,0.004270426
Warm C,255578,1556,1555,135,89,0,0.010996191
Warm C,893425,5394,5393,135,89,0,0.013276776
Warm C,954345,5761,5760,135,89,0,0.01243738
Warm C,531162,3280,3279,135,89,0,0.011377269
Warm C,371066,2168,2167,135,89,0,0.0054662586
Warm C,342654,2015,2014,135,89,1,0.0010854914
Warm C,363230,2116,2115,135,89,0,0.0079023335
Warm C,567609,3483,3482,135,89,0,0.0054476284
Warm C,106206,699,698,135,89,0,0.005128161
Warm C,145010,934,933,135,89,0,0.0038704786
Warm C,35068,237,236,135,89,0,0.002318762
Warm C,352107,2063,2062,135,89,0,0.0037055335
Warm C,134451,869,868,135,89,0,0.0050342614
Warm C,305035,1812,1811,135,89,0,0.0015887944
Warm C,700018,4186,4185,135,89,0,0.0040511284
Warm C,588042,3589,3588,135,89,1,0.008907104
Warm C,273117,1647,1646,135,89,1,0.0030717084
Warm C,246928,1491,1490,135,89,0,0.0096853245
Warm C,52996,349,348,135,89,0,0.0025231473
Warm C,820979,4934,4933,135,89,0,0.006799717
Warm C,774544,4619,4618,140,90,0,0.0068036066
Warm C,658459,3967,3966,140,90,0,0.01518379
Warm C,513003,3163,3162,140,90,0,0.002714526
Warm C,503672,3095,3094,140,90,0,0.0011509606
Warm C,499588,3067,3066,140,90,0,0.0026710588
Warm C,550372,3391,3390,140,90,0,0.008705176
Warm C,494351,3032,3031,140,90,1,0.012151316
Warm C,493493,3031,3030,140,90,1,0.009428187
Warm C,490346,3017,3016,140,90,0,0.004161856
Warm C,478184,2934,2933,140,90,0,0.012526268
Warm C,852935,5113,5112,140,90,0,0.0039798124
Warm C,467666,2882,2881,140,90,1,0.0061707813
Warm C,463464,2857,2856,140,90,1,0.0027782568
Warm C,492865,3029,3028,140,90,1,0.00929766
Warm C,451048,2777,2776,140,90,0,0.006897493
Warm C,445180,2745,2744,140,90,1,0.0042923996
Warm C,431435,2628,2627,140,90,1,0.010877943
Warm C,427587,2596,2595,140,90,1,-0.002942516
Warm C,423226,2565,2564,140,90,1,0.003026749
Warm C,419307,2533,2532,140,90,1,0.0062864143
Warm C,404643,2419,2418,140,90,0,0.0038347568
Warm C,399179,2376,2375,140,90,0,0.014021006
Warm C,398552,2371,2370,140,90,1,0.0018951236
Warm C,398297,2368,2367,140,90,1,0.005059461
Warm C,393141,2309,2308,140,90,1,-0.006341233
Warm C,363237,2116,2115,140,90,1,0.006735546
Warm C,302219,1794,1793,140,90,0,0.008298846
Warm C,257137,1576,1575,140,90,0,0.0032290227
Warm C,301829,1793,1792,140,90,0,0.0016819672
Warm C,305039,1812,1811,140,90,1,-0.0014986644
Warm C,321717,1908,1907,140,90,0,0.0015767985
Warm C,192423,1184,1183,140,90,1,0.009691487
Warm C,189634,1175,1174,140,90,1,0.0067299297
Warm C,189058,1172,1171,140,90,1,0.011372074
Warm C,316326,1883,1882,140,90,0,0.0063095023
Warm C,176303,1114,1113,140,90,0,0.012296881
Warm C,153704,987,986,140,90,1,0.0086101
Warm C,140316,899,898,140,90,1,0.009909631
Warm C,138576,889,888,140,90,0,0.011205359
Warm C,380388,2223,2222,140,90,0,0.0064706085
Warm C,132015,854,853,140,90,0,0.0073492415
Warm C,352116,2063,2062,140,90,0,-0.00014847238
Warm C,125313,805,804,140,90,1,0.0023984695
Warm C,360962,2106,2105,140,90,0,0.0032721087
Warm C,117852,759,758,140,90,1,0.009415703
Warm C,109021,713,712,140,90,0,0.009710145
Warm C,121240,780,779,140,90,0,0.008016214
Warm C,106209,699,698,140,90,0,-0.0013487122
Warm C,103711,689,688,140,90,0,0.0071480772
Warm C,100934,673,672,140,90,0,0.0011697912
Warm C,332771,1962,1961,140,90,0,0.004513491
Warm C,228413,1383,1382,140,90,0,0.008749282
Warm C,239142,1448,1447,140,90,1,0.013581706
Warm C,81805,543,542,140,90,1,0.009317602
Warm C,77708,524,523,140,90,0,0.015257001
Warm C,78572,528,527,140,90,1,0.0043263603
Warm C,155451,1001,1000,140,90,0,0.0010485982
Warm C,697602,4169,4168,140,90,1,0.006037181
Warm C,39543,268,267,140,90,1,0.0068853605
Warm C,98973,660,659,140,90,0,0.0070514223
Warm C,33473,225,224,140,90,0,0.0038193963
Warm C,30241,203,202,140,90,0,0.009904213
Warm C,29181,199,198,140,90,0,0.0031678085
Warm C,21267,156,155,140,90,1,0.015953014
Warm C,22499,163,162,140,90,0,0.007667167
Warm C,6159,45,44,140,90,1,0.0065498636
Warm C,20750,151,150,140,90,0,0.013748249
Warm C,79574,531,530,140,90,1,0.0068198424
Warm C,240315,1449,1448,140,90,0,0.006290028
Warm C,164719,1051,1050,140,90,0,0.004728779
Warm C,145015,934,933,140,90,0,0.010361462
Warm C,456217,2809,2808,140,90,0,0.0043030223
Warm C,401666,2395,2394,140,90,1,0.0064937314
Warm C,328441,1941,1940,140,90,1,0.013907333
Warm C,195612,1203,1202,140,90,0,0.0051598954
Warm C,336150,1980,1979,140,90,0,0.013904733
Warm C,473899,2909,2908,140,90,1,0.013749072
Warm C,259576,1587,1586,140,90,0,0.00015929504
Warm C,916944,5539,5538,140,90,0,0.012847058
Warm C,638389,3841,3840,147,94,0,0.02489607
Warm C,624978,3778,3777,147,94,1,0.016863445
Warm C,616254,3729,3728,147,94,1,0.015400507
Warm C,610318,3700,3699,147,94,1,0.017330445
Warm C,600178,3650,3649,147,94,0,0.012307792
Warm C,598320,3641,3640,147,94,1,0.018382829
Warm C,606626,3683,3682,147,94,0,0.0056379903
Warm C,597374,3631,3630,147,94,1,0.012622802
Warm C,654258,3942,3941,147,94,1,0.00850345
Warm C,589784,3598,3597,147,94,0,0.012537212
Warm C,582791,3560,3559,147,94,1,0.0066628605
Warm C,582207,3557,3556,147,94,1,0.007136355
Warm C,578764,3538,3537,147,94,1,0.019229008
Warm C,570824,3502,3501,147,94,1,0.01247572
Warm C,572322,3507,3506,147,94,1,0.024445996
Warm C,590564,3602,3601,147,94,1,0.012869807
Warm C,594100,3618,3617,147,94,0,0.019267112
Warm C,563157,3464,3463,147,94,1,0.01048581
Warm C,573613,3512,3511,147,94,1,0.02266359
Warm C,536148,3308,3307,147,94,1,0.01677333
Warm C,535089,3301,3300,147,94,0,0.009552019
Warm C,531170,3280,3279,147,94,1,0.017369788
Warm C,515005,3180,3179,147,94,0,0.010026248
Warm C,658461,3967,3966,147,94,0,0.017714899
Warm C,513005,3163,3162,147,94,1,0.017303364
Warm C,508735,3129,3128,147,94,0,0.022424802
Warm C,504900,3107,3106,147,94,1,0.011671146
Warm C,893666,5395,5394,147,94,1,0.017094806
Warm C,584782,3569,3568,147,94,1,0.015840769
Warm C,502217,3082,3081,147,94,0,0.011980879
Warm C,574847,3518,3517,147,94,1,0.008389388
Warm C,485189,2986,2985,147,94,1,0.013694322
Warm C,517939,3196,3195,147,94,1,0.014768574
Warm C,498834,3065,3064,147,94,1,0.015691258
Warm C,478658,2937,2936,147,94,1,0.010539629
Warm C,467795,2883,2882,147,94,1,0.007874943
Warm C,466953,2878,2877,147,94,1,0.00710494
Warm C,465753,2872,2871,147,94,0,0.011511621
Warm C,460366,2840,2839,147,94,1,0.007952437
Warm C,458967,2825,2824,147,94,1,0.0035902797
Warm C,492867,3029,3028,147,94,1,0.011335112
Warm C,451052,2777,2776,147,94,0,0.007867802
Warm C,443906,2737,2736,147,94,1,0.007746497
Warm C,446484,2752,2751,147,94,0,0.025216011
Warm C,431436,2628,2627,147,94,1,0.011766251
Warm C,429222,2611,2610,147,94,0,0.019620227
Warm C,416772,2507,2506,147,94,0,0.021916404
Warm C,408331,2453,2452,147,94,1,0.019451525
Warm C,398298,2368,2367,147,94,1,0.00716313
Warm C,372336,2174,2173,147,94,0,-0.0011335053
Warm C,372097,2173,2172,147,94,0,0.015475951
Warm C,368869,2156,2155,147,94,1,0.014273388
Warm C,364886,2124,2123,147,94,0,0.020446949
Warm C,349940,2054,2053,147,94,0,0.016864153
Warm C,340814,2010,2009,147,94,0,0.018345457
Warm C,275191,1666,1665,147,94,1,0.008764752
Warm C,280928,1685,1684,147,94,1,0.012070504
Warm C,267631,1626,1625,147,94,1,0.015612887
Warm C,259579,1587,1586,147,94,0,0.009339538
Warm C,294403,1749,1748,147,94,0,0.0060089915
Warm C,631706,3821,3820,147,94,0,0.018998137
Warm C,220702,1338,1337,147,94,1,0.0018449917
Warm C,213588,1298,1297,147,94,1,0.01024594
Warm C,213010,1297,1296,147,94,1,0.009712743
Warm C,207361,1267,1266,147,94,0,0.004279753
Warm C,244105,1470,1469,147,94,0,0.020199247
Warm C,308788,1837,1836,147,94,1,0.012549201
Warm C,279630,1680,1679,147,94,0,0.016597314
Warm C,189060,1172,1171,147,94,1,0.009133453
Warm C,185539,1150,1149,147,94,0,0.009480532
Warm C,179728,1125,1124,147,94,0,0.010129785
Warm C,263519,1605,1604,147,94,0,0.018859126
Warm C,168579,1069,1068,147,94,0,0.012898428
Warm C,167972,1068,1067,147,94,1,0.0054288628
Warm C,271022,1639,1638,147,94,0,0.011843018
Warm C,222135,1343,1342,147,94,0,0.014885798
Warm C,217204,1317,1316,147,94,1,0.018236995
Warm C,157071,1010,1009,147,94,1,0.020730942
Warm C,352118,2063,2062,147,94,0,0.026275394
Warm C,101725,677,676,147,94,1,0.011043303
Warm C,100936,673,672,147,94,0,0.012057022
Warm C,294991,1752,1751,147,94,0,0.025396504
Warm C,697607,4169,4168,147,94,0,0.019087205
Warm C,92144,613,612,147,94,0,0.015134643
Warm C,265210,1611,1610,147,94,1,0.009432435
Warm C,90729,601,600,147,94,0,0.01236381
Warm C,239146,1448,1447,147,94,1,0.02128983
Warm C,76183,517,516,147,94,0,0.0032710375
Warm C,197396,1211,1210,147,94,0,0.0028583058
Warm C,70225,474,473,147,94,1,0.012962979
Warm C,68256,457,456,147,94,0,0.0025644058
Warm C,363240,2116,2115,147,94,1,0.0077441186
Warm C,30243,203,202,147,94,0,0.01517057
Warm C,16667,131,130,147,94,0,0.0028947126
Warm C,512176,3159,3158,147,94,1,0.0031390756
Warm C,276358,1671,1670,147,94,1,0.01795027
Warm C,207014,1266,1265,147,94,0,0.017520664
Warm C,55601,368,367,147,94,1,0.011988461
Warm C,158445,1015,1014,147,94,0,0.0138752675
Warm C,286813,1712,1711,147,94,0,0.011306329
Warm C,65476,438,437,147,94,0,0.0100677265
Warm C,365517,2127,2126,147,94,1,0.010629817
Warm C,360966,2106,2105,147,94,0,0.005559793
Warm C,254446,1546,1545,147,94,0,0.019891998
Warm C,556596,3420,3419,147,94,1,0.0044860383
Warm C,801784,4802,4801,147,94,0,0.022325557
Warm C,115479,749,748,147,94,1,0.0069015417
Warm C,677146,4058,4057,147,94,1,0.01856168
Warm C,189440,1173,1172,147,94,1,0.015454478
Warm C,475585,2918,2917,147,94,1,0.016430482
Warm C,960442,5792,5791,147,94,1,0.0052385367
Warm C,72207,482,481,147,94,0,0.018853147
Warm C,171872,1088,1087,147,94,0,0.026452694
Warm C,371763,2172,2171,147,94,1,0.010440625
Warm C,565697,3475,3474,147,94,1,0.010887876
Warm C,941774,5682,5681,147,94,1,0.014708623
Warm C,555066,3413,3412,147,94,1,0.0076800664
Warm C,194950,1202,1201,147,94,1,0.012804331
Warm C,550376,3391,3390,147,94,1,0.017783921
Warm C,974681,5878,5877,147,94,1,0.018519597
Warm C,714049,4277,4276,147,94,1,0.011754271
Warm C,34721,235,234,152,97,0,0.005862771
Warm C,22524,163,162,152,97,0,0.013946781
Warm C,933978,5636,5635,152,97,0,0.0145571865
Warm C,161395,1029,1028,152,97,0,-0.0026895208
Warm C,464270,2860,2859,152,97,1,0.006197724
Warm C,63193,424,423,152,97,1,0.009832677
Warm C,290403,1733,1732,152,97,1,0.006353165
Warm C,821740,4940,4939,152,97,0,-0.0009563451
Warm C,974687,5878,5877,152,97,1,0.0062528634
Warm C,548032,3380,3379,154,99,0,0.0018407581
Warm C,546911,3371,3370,154,99,1,0.011855375
Warm C,533505,3292,3291,154,99,1,0.010368245
Warm C,525837,3248,3247,154,99,0,0.015518213
Warm C,524519,3234,3233,154,99,1,0.0019986306
Warm C,522778,3224,3223,154,99,1,0.007953599
Warm C,518847,3201,3200,154,99,1,0.0056838323
Warm C,513020,3163,3162,154,99,1,0.017006408
Warm C,658470,3967,3966,154,99,0,0.0015041837
Warm C,513948,3171,3170,154,99,1,0.0013522978
Warm C,509265,3135,3134,154,99,1,0.0135464985
Warm C,505249,3108,3107,154,99,1,0.016707089
Warm C,500288,3072,3071,154,99,0,0.0139350975
Warm C,546160,3367,3366,154,99,1,0.0046229307
Warm C,496923,3053,3052,154,99,1,0.0044248863
Warm C,491216,3020,3019,154,99,1,0.010209092
Warm C,466971,2878,2877,154,99,1,-0.003741682
Warm C,460375,2840,2839,154,99,0,0.010018494
Warm C,460795,2841,2840,154,99,1,0.0055999625
Warm C,458130,2820,2819,154,99,0,0.008036207
Warm C,456714,2811,2810,154,99,0,0.0057585444
Warm C,458499,2822,2821,154,99,0,0.004939747
Warm C,485203,2986,2985,154,99,1,0.011095386
Warm C,426266,2589,2588,154,99,1,0.012341699
Warm C,381727,2231,2230,154,99,0,0.005906002
Warm C,377922,2205,2204,154,99,0,0.0008803266
Warm C,371431,2171,2170,154,99,1,0.010643849
Warm C,364899,2124,2123,154,99,1,0.011525132
Warm C,412149,2478,2477,154,99,0,0.012314526
Warm C,356491,2088,2087,154,99,1,0.016119424
Warm C,360189,2105,2104,154,99,0,0.0099718515
Warm C,332265,1960,1959,154,99,1,0.008793939
Warm C,320238,1899,1898,154,99,1,0.016095292
Warm C,323238,1916,1915,154,99,1,0.009636266
Warm C,306040,1821,1820,154,99,1,0.006768506
Warm C,302696,1797,1796,154,99,1,0.0053788093
Warm C,274717,1660,1659,154,99,1,-0.001185748
Warm C,269172,1632,1631,154,99,0,0.02155072
Warm C,245303,1481,1480,154,99,0,0.0014634945
Warm C,294412,1749,1748,154,99,1,0.013903158
Warm C,244735,1473,1472,154,99,0,0.00043772673
Warm C,237441,1446,1445,154,99,1,0.020074341
Warm C,303316,1802,1801,154,99,1,0.0031825632
Warm C,231865,1405,1404,154,99,1,0.0009082755
Warm C,325516,1926,1925,154,99,1,0.009707112
Warm C,213597,1298,1297,154,99,1,0.0032966316
Warm C,211813,1288,1287,154,99,1,0.004470932
Warm C,207561,1268,1267,154,99,1,0.009729825
Warm C,204268,1258,1257,154,99,1,2.9115938e-05
Warm C,184433,1147,1146,154,99,1,0.012212317
Warm C,191240,1181,1180,154,99,0,0.0232541
Warm C,163963,1050,1049,154,99,0,0.0065868488
Warm C,160268,1019,1018,154,99,0,0.003847443
Warm C,338261,1988,1987,154,99,1,0.0028459553
Warm C,147045,948,947,154,99,0,0.002847829
Warm C,185565,1150,1149,154,99,1,0.02185738
Warm C,714069,4277,4276,154,99,0,0.005952416
Warm C,133465,862,861,154,99,1,0.00926524
Warm C,201695,1242,1241,154,99,1,0.015677871
Warm C,131279,850,849,154,99,0,0.0041147494
Warm C,263534,1605,1604,154,99,0,0.019291433
Warm C,119404,770,769,154,99,0,0.016730959
Warm C,631719,3821,3820,154,99,1,0.014349868
Warm C,100942,673,672,154,99,1,0.009381052
Warm C,211186,1285,1284,154,99,1,0.010697721
Warm C,284373,1698,1697,154,99,1,0.016574994
Warm C,80893,537,536,154,99,1,0.0093148155
Warm C,84381,550,549,154,99,1,0.010962709
Warm C,74990,509,508,154,99,1,0.0126158055
Warm C,69876,471,470,154,99,1,0.001703599
Warm C,69524,466,465,154,99,1,0.019097563
Warm C,42097,285,284,154,99,0,0.0029612428
Warm C,41063,276,275,154,99,0,0.01006547
Warm C,43444,299,298,154,99,1,0.0031706393
Warm C,34723,235,234,154,99,1,0.007305811
Warm C,32066,216,215,154,99,1,0.008069739
Warm C,21998,161,160,154,99,1,-0.00045895088
Warm C,17798,137,136,154,99,1,0.009135344
Warm C,4831,35,34,154,99,1,0.005385918
Warm C,4304,33,32,154,99,0,0.0132335685
Warm C,607757,3688,3687,154,99,1,0.018163498
Warm C,76409,518,517,154,99,1,0.009321552
Warm C,558620,3430,3429,154,99,1,0.011684879
Warm C,245565,1483,1482,154,99,0,0.01573119
Warm C,149696,963,962,154,99,0,0.0059403824
Warm C,893440,5394,5393,154,99,0,0.01847295
Warm C,158467,1015,1014,154,99,1,0.014806328
Warm C,316949,1884,1883,154,99,1,0.005494992
Warm C,734724,4387,4386,154,99,1,0.0019330066
Warm C,416787,2507,2506,154,99,1,0.009579068
Warm C,571170,3503,3502,154,99,1,0.014286002
Warm C,290406,1733,1732,154,99,1,0.013595137
Warm C,59637,405,404,154,99,1,-0.003943193
Warm C,384517,2246,2245,154,99,0,0.012342995
Warm C,489721,3013,3012,154,99,0,0.0015146995
Warm C,117203,755,754,154,99,1,0.007912382
Warm C,665281,4005,4004,154,99,0,0.009750115
Warm C,287807,1717,1716,154,99,1,0.0063999267
Warm C,24355,173,172,154,99,1,0.01488529
Warm C,501395,3080,3079,154,99,1,0.020628707
Warm C,207023,1266,1265,154,99,1,0.009435389
Warm C,322567,1912,1911,154,99,0,0.007468928
Warm C,362280,2111,2110,154,99,1,0.011310139
Warm C,310782,1851,1850,154,99,0,0.0004388122
Warm C,319480,1897,1896,154,99,1,0.010469059
Warm C,739589,4418,4417,154,99,0,-0.0017483463
Warm C,657618,3963,3962,154,99,0,0.0050438093
Warm C,171894,1088,1087,154,99,1,0.013204651
Warm C,279658,1680,1679,155,100,0,0.0153974015
Warm C,168594,1069,1068,155,100,0,0.005661305
Warm C,158468,1015,1014,155,100,0,0.013920283
Warm C,151681,975,974,155,100,1,0.013223853
Warm C,154634,998,997,155,100,1,0.015649289
Warm C,185566,1150,1149,155,100,0,0.019191356
Warm C,140000,897,896,155,100,0,0.015531262
Warm C,138604,889,888,155,100,0,0.022752848
Warm C,125008,802,801,155,100,1,0.013235485
Warm C,432195,2634,2633,155,100,1,0.020904675
Warm C,84982,552,551,155,100,1,0.0031470284
Warm C,228430,1383,1382,155,100,0,0.013900613
Warm C,197405,1211,1210,155,100,0,0.023070645
Warm C,162041,1033,1032,155,100,0,0.011807797
Warm C,4832,35,34,155,100,0,0.0063017868
Warm C,908406,5493,5492,155,100,0,0.008393314
Warm C,187744,1164,1163,155,100,0,0.0122065665
Warm C,249916,1505,1504,155,100,0,0.0010546065
Warm C,309721,1842,1841,155,100,1,0.007271164
Warm C,41320,279,278,155,100,0,-0.00073774497
Warm C,287808,1717,1716,155,100,1,0.009818433
Warm C,628786,3807,3806,155,100,1,0.009052959
Warm C,284374,1698,1697,155,100,1,0.01432566
Warm C,790840,4728,4727,155,100,0,0.0027021687
Warm C,555069,3413,3412,155,100,0,0.012171805
Warm C,193802,1194,1193,155,100,1,0.014893304
Warm C,974689,5878,5877,155,100,1,0.019169476
Warm C,309722,1842,1841,156,101,0,0.0088601
Warm C,160269,1019,1018,156,101,0,0.014205088
Warm C,45925,308,307,156,101,0,0.012412855
Warm C,893441,5394,5393,156,101,0,0.009833671
Warm C,177101,1117,1116,156,101,0,0.013801138
Warm C,284375,1698,1697,156,101,0,0.010934694
Warm C,577379,3526,3525,157,102,0,0.008793484
Warm C,541086,3328,3327,157,102,1,0.0018319304
Warm C,537354,3311,3310,157,102,0,0.009961676
Warm C,536562,3309,3308,157,102,0,0.012682054
Warm C,530385,3275,3274,157,102,0,0.0023775175
Warm C,525330,3243,3242,157,102,1,0.004968379
Warm C,522780,3224,3223,157,102,0,0.009789338
Warm C,515014,3180,3179,157,102,0,0.0064936476
Warm C,513551,3167,3166,157,102,0,0.015078525
Warm C,510717,3147,3146,157,102,0,0.015753962
Warm C,795349,4763,4762,157,102,1,0.00547659
Warm C,571171,3503,3502,157,102,1,0.015576042
Warm C,504188,3099,3098,157,102,1,0.011309614
Warm C,523523,3227,3226,157,102,0,0.015466763
Warm C,492878,3029,3028,157,102,1,0.012725519
Warm C,487960,3001,3000,157,102,1,0.016458947
Warm C,471086,2899,2898,157,102,1,0.006120986
Warm C,463483,2857,2856,157,102,0,0.006452813
Warm C,458131,2820,2819,157,102,0,0.005412583
Warm C,452308,2785,2784,157,102,0,0.0034116076
Warm C,435913,2664,2663,157,102,0,0.008834664
Warm C,430153,2621,2620,157,102,1,0.007779883
Warm C,645401,3885,3884,157,102,1,0.011276135
Warm C,420530,2541,2540,157,102,0,0.009020122
Warm C,419875,2537,2536,157,102,0,0.011941767
Warm C,418848,2529,2528,157,102,1,0.020242238
Warm C,412939,2484,2483,157,102,0,0.008804541
Warm C,409269,2456,2455,157,102,0,0.009960382
Warm C,400476,2383,2382,157,102,0,0.012960159
Warm C,392402,2304,2303,157,102,0,0.018094419
Warm C,384209,2244,2243,157,102,0,0.01057579
Warm C,385366,2251,2250,157,102,0,0.005738389
Warm C,377363,2203,2202,157,102,0,0.011452453
Warm C,351193,2062,2061,157,102,1,0.0067712544
Warm C,363259,2116,2115,157,102,0,0.011868047
Warm C,352138,2063,2062,157,102,0,0.012715736
Warm C,345327,2025,2024,157,102,0,0.0017359608
Warm C,340825,2010,2009,157,102,0,0.010354654
Warm C,343190,2016,2015,157,102,0,0.011488679
Warm C,341722,2012,2011,157,102,0,0.011730092
Warm C,296148,1757,1756,157,102,0,0.0132363215
Warm C,275664,1667,1666,157,102,0,0.011111347
Warm C,281364,1687,1686,157,102,0,0.0050662123
Warm C,272519,1646,1645,157,102,0,0.0064066374
Warm C,269537,1634,1633,157,102,1,0.0023937346
Warm C,269173,1632,1631,157,102,0,0.0122495685
Warm C,266974,1622,1621,157,102,0,0.007314555
Warm C,247823,1496,1495,157,102,0,0.008276586
Warm C,218827,1327,1326,157,102,1,-0.0020049382
Warm C,216075,1311,1310,157,102,0,0.002080726
Warm C,209530,1279,1278,157,102,1,0.012216782
Warm C,277873,1676,1675,157,102,0,0.01230124
Warm C,350354,2056,2055,157,102,1,0.008185908
Warm C,279660,1680,1679,157,102,0,0.011283172
Warm C,198659,1220,1219,157,102,1,0.0048938477
Warm C,219976,1333,1332,157,102,0,0.0121485405
Warm C,191242,1181,1180,157,102,1,0.013055387
Warm C,188441,1169,1168,157,102,0,0.009279525
Warm C,178279,1120,1119,157,102,1,0.014821956
Warm C,188295,1168,1167,157,102,0,0.0060372753
Warm C,328468,1941,1940,157,102,0,0.01463385
Warm C,255582,1556,1555,157,102,0,0.009697467
Warm C,153709,987,986,157,102,1,0.01109758
Warm C,152211,979,978,157,102,1,-0.0024950139
Warm C,138605,889,888,157,102,0,0.013735484
Warm C,136785,881,880,157,102,1,0.0071575884
Warm C,131280,850,849,157,102,1,0.006799571
Warm C,126048,812,811,157,102,0,0.0077817272
Warm C,160270,1019,1018,157,102,0,0.010574728
Warm C,120525,777,776,157,102,0,0.015393086
Warm C,106221,699,698,157,102,0,0.0072909836
Warm C,108179,710,709,157,102,0,0.012984902
Warm C,97136,651,650,157,102,1,0.013121278
Warm C,96470,647,646,157,102,1,0.009893179
Warm C,284376,1698,1697,157,102,0,0.009450813
Warm C,83369,549,548,157,102,0,0.011810456
Warm C,77727,524,523,157,102,0,0.017543776
Warm C,119405,770,769,157,102,0,0.011297762
Warm C,70490,475,474,157,102,0,0.008219343
Warm C,72225,482,481,157,102,0,0.015483113
Warm C,67526,453,452,157,102,1,0.013410505
Warm C,65484,438,437,157,102,1,0.008216883
Warm C,53751,352,351,157,102,0,0.0063580377
Warm C,52539,346,345,157,102,1,0.010644946
Warm C,197406,1211,1210,157,102,0,0.012108065
Warm C,32067,216,215,157,102,1,0.014371483
Warm C,29841,202,201,157,102,0,0.01413505
Warm C,23677,169,168,157,102,0,0.0115002
Warm C,3295,25,24,157,102,0,0.008688757
Warm C,439854,2688,2687,157,102,0,0.007954773
Warm C,144229,929,928,157,102,0,0.01104293
Warm C,355070,2077,2076,157,102,0,0.0061674975
Warm C,238118,1447,1446,157,102,1,0.011798207
Warm C,762242,4528,4527,157,102,0,0.0074290307
Warm C,169290,1074,1073,157,102,0,0.0039326763
Warm C,371078,2168,2167,157,102,0,0.012048574
Warm C,572342,3507,3506,157,102,0,0.013267593
Warm C,386140,2258,2257,157,102,0,0.007917082
Warm C,342676,2015,2014,157,102,1,0.0039115762
Warm C,109892,716,715,157,102,0,0.017866313
Warm C,249917,1505,1504,157,102,1,0.011343399
Warm C,829208,4979,4978,157,102,0,0.021475986
Warm C,28153,195,194,157,102,0,0.0043268
Warm C,804187,4815,4814,157,102,0,0.014385823
Warm C,310783,1851,1850,157,102,0,0.007982014
Warm C,20768,151,150,157,102,0,0.009575129
Warm C,290407,1733,1732,157,102,0,0.01675829
Warm C,515622,3182,3181,157,102,1,0.009729184
Warm C,286829,1712,1711,157,102,0,0.011022679
Warm C,309723,1842,1841,157,102,1,0.010546258
Warm C,673353,4042,4041,157,102,0,0.00661249
Warm C,293880,1748,1747,157,102,0,0.011197055
Warm C,273136,1647,1646,157,102,0,0.00816785
Warm C,989354,5972,5971,157,102,0,0.014062406
Warm C,19986,149,148,157,102,1,0.013352977
Warm C,14197,116,115,157,102,1,0.004571616
Warm C,207024,1266,1265,157,102,0,0.017076747
Warm C,245858,1484,1483,157,102,0,0.0052360827
Warm C,34724,235,234,157,102,1,0.013601718
Warm C,475595,2918,2917,157,102,0,0.0077757784
Warm C,251215,1516,1515,157,102,0,0.012927904
Warm C,501396,3080,3079,157,102,0,0.005335727
Warm C,53011,349,348,157,102,0,0.009172246
Warm C,217222,1317,1316,157,102,0,0.012272125
Warm C,575481,3519,3518,157,102,0,0.011404956
Warm C,825805,4958,4957,157,102,0,0.004157744
Warm C,550393,3391,3390,157,102,0,0.0155757405
Warm C,460376,2840,2839,159,104,0,0.0051659956
Warm C,458972,2825,2824,159,104,1,0.0011441747
Warm C,453916,2793,2792,159,104,1,0.0091023445
Warm C,443913,2737,2736,159,104,1,-0.0034660725
Warm C,433723,2643,2642,159,104,0,0.0046039466
Warm C,431137,2627,2626,159,104,1,0.016828846
Warm C,402435,2402,2401,159,104,0,0.0019747713
Warm C,389707,2286,2285,159,104,0,0.0029976561
Warm C,385367,2251,2250,159,104,1,0.011738465
Warm C,359498,2102,2101,159,104,0,0.0023751084
Warm C,340827,2010,2009,159,104,0,0.0042763436
Warm C,315447,1880,1879,159,104,0,0.0086815115
Warm C,310161,1845,1844,159,104,0,0.00012286671
Warm C,267635,1626,1625,159,104,1,0.0036682389
Warm C,296548,1758,1757,159,104,1,0.001646883
Warm C,213019,1297,1296,159,104,0,0.0104113575
Warm C,211187,1285,1284,159,104,0,0.012682779
Warm C,374279,2181,2180,159,104,0,0.00962399
Warm C,329484,1943,1942,159,104,1,0.0093019875
Warm C,185567,1150,1149,159,104,0,0.01013563
Warm C,179210,1124,1123,159,104,0,0.008260365
Warm C,168595,1069,1068,159,104,1,0.015073001
Warm C,166560,1059,1058,159,104,1,0.003419342
Warm C,215008,1303,1302,159,104,0,0.008865931
Warm C,161876,1032,1031,159,104,0,0.0070672026
Warm C,221514,1340,1339,159,104,0,0.0006720938
Warm C,148809,957,956,159,104,1,0.0041560475
Warm C,157090,1010,1009,159,104,0,0.0057579963
Warm C,714072,4277,4276,159,104,0,0.0029530853
Warm C,136786,881,880,159,104,0,0.002325437
Warm C,100258,669,668,159,104,1,0.005933361
Warm C,101463,676,675,159,104,0,0.003382966
Warm C,177102,1117,1116,159,104,0,0.012396682
Warm C,697634,4169,4168,159,104,0,0.013584774
Warm C,284378,1698,1697,159,104,0,0.0015716765
Warm C,83370,549,548,159,104,0,0.0039166715
Warm C,77729,524,523,159,104,1,0.0136826
Warm C,75486,513,512,159,104,1,0.0082422225
Warm C,59740,406,405,159,104,0,-0.0009760882
Warm C,240340,1449,1448,159,104,0,0.010160442
Warm C,53752,352,351,159,104,1,0.0029103626
Warm C,38291,261,260,159,104,0,0.0031898418
Warm C,55613,368,367,159,104,1,-0.0045566997
Warm C,152510,981,980,159,104,0,0.011923486
Warm C,16673,131,130,159,104,1,0.0071702874
Warm C,7161,49,48,159,104,1,0.0036813342
Warm C,639248,3842,3841,159,104,1,0.012157537
Warm C,113787,737,736,159,104,1,0.0014357206
Warm C,129584,839,838,159,104,1,0.0038931435
Warm C,257826,1579,1578,159,104,0,0.005513531
Warm C,317848,1889,1888,159,104,0,0.00359242
Warm C,116442,752,751,159,104,0,0.007091424
Warm C,382083,2232,2231,159,104,1,0.0032494734
Warm C,191243,1181,1180,159,104,1,-0.0022295287
Warm C,63195,424,423,159,104,0,0.009027697
Warm C,290408,1733,1732,159,104,1,0.014146344
Warm C,550423,3391,3390,166,111,0,0.00896737
Warm C,435614,2663,2662,169,113,0,0.0060828985
Warm C,456560,2810,2809,169,113,0,0.011911881
Warm C,418860,2529,2528,169,113,0,0.018674972
Warm C,414713,2496,2495,169,113,0,0.009298502
Warm C,390525,2291,2290,169,113,0,0.0075869467
Warm C,373539,2180,2179,169,113,0,0.00989075
Warm C,366430,2133,2132,169,113,0,0.0066590877
Warm C,354246,2073,2072,169,113,0,0.006346342
Warm C,361825,2109,2108,169,113,0,0.0068678623
Warm C,334910,1975,1974,169,113,0,0.009698116
Warm C,320613,1901,1900,169,113,0,0.009831473
Warm C,323962,1920,1919,169,113,0,0.010667822
Warm C,297661,1764,1763,169,113,1,0.00623037
Warm C,263974,1606,1605,169,113,0,0.019156547
Warm C,361003,2106,2105,169,113,0,0.006940446
Warm C,301846,1793,1792,169,113,0,0.004869526
Warm C,219985,1333,1332,169,113,0,0.0077166725
Warm C,277897,1676,1675,169,113,0,0.01829809
Warm C,213614,1298,1297,169,113,0,0.0071227527
Warm C,279694,1680,1679,169,113,0,0.016013777
Warm C,186409,1152,1151,169,113,0,0.005869067
Warm C,183305,1141,1140,169,113,0,0.023203146
Warm C,342696,2015,2014,169,113,0,0.013210444
Warm C,249328,1502,1501,169,113,0,0.016276117
Warm C,136813,881,880,169,113,0,0.01428419
Warm C,134492,869,868,169,113,0,0.01218179
Warm C,175071,1109,1108,169,113,0,0.001940921
Warm C,216490,1314,1313,169,113,0,0.005530424
Warm C,299750,1778,1777,169,113,0,0.020101033
Warm C,106241,699,698,169,113,0,0.0076051755
Warm C,100956,673,672,169,113,0,0.006007916
Warm C,95020,637,636,169,113,0,0.012159832
Warm C,84405,550,549,169,113,0,0.01329395
Warm C,70880,476,475,169,113,0,0.008142501
Warm C,72247,482,481,169,113,0,0.017767472
Warm C,67225,452,451,169,113,0,0.0037408706
Warm C,75011,509,508,169,113,0,0.0065820334
Warm C,51164,337,336,169,113,0,0.0029924707
Warm C,46463,310,309,169,113,0,0.003339717
Warm C,291598,1737,1736,169,113,0,0.016887957
Warm C,54514,355,354,169,113,0,0.0050374027
Warm C,26441,187,186,169,113,0,0.009744968
Warm C,235157,1425,1424,169,113,0,-0.00023821648
Warm C,592113,3610,3609,169,113,0,-0.00078862207
Warm C,10519,75,74,169,113,0,-0.0033155573
Warm C,30527,204,203,169,113,0,0.023536082
Warm C,79619,531,530,169,113,0,0.009825071
Warm C,19442,148,147,169,113,0,0.005290153
Warm C,78604,528,527,169,113,0,0.012032663
Warm C,65502,438,437,169,113,0,0.009996658
Warm C,12013,92,91,169,113,0,0.01709002
Warm C,328496,1941,1940,169,113,0,0.012300973
Warm C,907870,5492,5491,169,113,0,0.007561436
Warm C,230613,1395,1394,171,115,1,0.008483402
Warm C,185626,1150,1149,171,115,0,0.030134834
Warm C,306408,1825,1824,171,115,1,0.009229582
Warm C,125033,802,801,171,115,1,0.012903795
Warm C,123718,797,796,171,115,1,0.0022435281
Warm C,177143,1117,1116,171,115,1,0.012688011
Warm C,104493,692,691,171,115,1,0.015638363
Warm C,697676,4169,4168,171,115,1,0.024766497
Warm C,90752,601,600,171,115,1,0.010167362
Warm C,86783,566,565,171,115,0,0.017177975
Warm C,82310,546,545,171,115,1,0.006502662
Warm C,58534,396,395,171,115,0,0.022953624
Warm C,132616,855,854,171,115,0,0.022734497
Warm C,312991,1865,1864,171,115,1,0.017398907
Warm C,258554,1584,1583,171,115,1,0.017171375
Warm C,199889,1227,1226,171,115,1,0.008546685
Warm C,368472,2153,2152,171,115,0,0.019529378
Warm C,26453,187,186,171,115,1,0.008931406
Warm C,20426,150,149,171,115,1,0.02316324
Warm C,15997,126,125,171,115,0,0.014434272
Warm C,17524,136,135,171,115,0,0.017555889
Warm C,49464,329,328,171,115,0,0.020605225
Warm C,158520,1015,1014,171,115,0,0.016719706
Warm C,513052,3163,3162,171,115,1,0.025577517
Warm C,975465,5880,5879,171,115,0,0.022132637
Warm C,102505,678,677,171,115,1,0.02749107
Warm C,901626,5450,5449,171,115,0,0.02438405
Warm C,964584,5812,5811,171,115,0,0.018358331
Warm C,538106,3312,3311,171,115,0,0.022109969
Warm C,464289,2860,2859,171,115,1,0.00024498173
Warm C,790855,4728,4727,171,115,0,0.034499124
Warm C,841566,5054,5053,171,115,1,0.021671508
Warm C,235175,1425,1424,171,115,0,0.013652946
Warm C,119448,770,769,174,118,0,0.012310839
Warm C,81848,543,542,174,118,0,0.009395307
Warm C,70892,476,475,174,118,0,0.0129487645
Warm C,65517,438,437,174,118,1,0.010637109
Warm C,251234,1516,1515,174,118,0,0.017264748
Warm C,132618,855,854,174,118,0,0.012273632
Warm C,44561,302,301,174,118,0,0.009199392
Warm C,37644,257,256,174,118,0,0.010513656
Warm C,32950,223,222,174,118,0,0.019058201
Warm C,29897,202,201,174,118,0,0.0053300974
Warm C,235177,1425,1424,174,118,0,0.012834007
Warm C,78617,528,527,174,118,0,0.015047235
Warm C,238168,1447,1446,174,118,0,0.010615934
Warm C,342713,2015,2014,174,118,1,0.013873771
Warm C,363310,2116,2115,174,118,0,0.007036767
Warm C,760416,4517,4516,174,118,0,0.008614484
Warm C,538110,3312,3311,174,118,0,0.006287313
Warm C,79635,531,530,174,118,0,0.006378961
Warm C,331839,1958,1957,174,118,0,0.014195707
Warm C,924188,5580,5579,174,118,0,0.0060802666
Warm C,171950,1088,1087,174,118,0,0.013365036
Warm C,561947,3457,3456,177,121,0,0.010050163
Warm C,560225,3442,3441,177,121,0,0.0031819846
Warm C,555926,3416,3415,177,121,1,-0.0052071637
Warm C,550452,3391,3390,177,121,0,0.013297249
Warm C,536197,3308,3307,177,121,0,0.012743522
Warm C,528313,3265,3264,177,121,0,0.0047716703
Warm C,608699,3691,3690,177,121,0,0.009662127
Warm C,566418,3476,3475,177,121,0,-0.00089781673
Warm C,513058,3163,3162,177,121,1,0.0070212265
Warm C,507321,3121,3120,177,121,1,0.00034106057
Warm C,516608,3189,3188,177,121,0,0.012449298
Warm C,501859,3081,3080,177,121,0,0.009465057
Warm C,484444,2982,2981,177,121,0,0.001660848
Warm C,483558,2972,2971,177,121,1,0.010723783
Warm C,476869,2928,2927,177,121,0,0.017816264
Warm C,710357,4260,4259,177,121,0,0.006002765
Warm C,487176,2996,2995,177,121,0,0.009144183
Warm C,463521,2857,2856,177,121,0,0.007900117
Warm C,458179,2820,2819,177,121,0,0.007178631
Warm C,540799,3327,3326,177,121,1,0.013858136
Warm C,444808,2743,2742,177,121,1,0.008251147
Warm C,564656,3471,3470,177,121,0,0.0026946182
Warm C,440577,2694,2693,177,121,1,0.0019461107
Warm C,430768,2625,2624,177,121,1,0.007989638
Warm C,426581,2590,2589,177,121,1,0.013637683
Warm C,408978,2455,2454,177,121,0,0.007359788
Warm C,374326,2181,2180,177,121,0,0.021042554
Warm C,370044,2164,2163,177,121,1,0.012196839
Warm C,352199,2063,2062,177,121,0,0.0073693045
Warm C,361845,2109,2108,177,121,0,0.010112347
Warm C,344467,2021,2020,177,121,1,0.009651522
Warm C,340869,2010,2009,177,121,0,0.004178717
Warm C,297676,1764,1763,177,121,0,0.007904926
Warm C,303613,1803,1802,177,121,0,0.004841495
Warm C,279731,1680,1679,177,121,0,0.016868845
Warm C,277114,1675,1674,177,121,0,0.00720697
Warm C,271542,1641,1640,177,121,0,0.002696448
Warm C,267653,1626,1625,177,121,0,0.0014166101
Warm C,247853,1496,1495,177,121,0,0.016449057
Warm C,221837,1341,1340,177,121,0,0.005485887
Warm C,277917,1676,1675,177,121,1,0.01166895
Warm C,328532,1941,1940,177,121,0,0.013782446
Warm C,215033,1303,1302,177,121,0,0.007661278
Warm C,184098,1146,1145,177,121,0,-0.004533178
Warm C,159384,1017,1016,177,121,1,0.0070577394
Warm C,158526,1015,1014,177,121,0,0.01412883
Warm C,221553,1340,1339,177,121,0,0.013704052
Warm C,157141,1010,1009,177,121,0,0.001512158
Warm C,135804,877,876,177,121,0,0.008771496
Warm C,134512,869,868,177,121,1,0.00017971266
Warm C,126700,817,816,177,121,1,0.010170999
Warm C,125615,808,807,177,121,1,0.008200772
Warm C,114108,741,740,177,121,0,-0.00872202
Warm C,108227,710,709,177,121,0,-0.002397072
Warm C,100289,669,668,177,121,0,0.0068202824
Warm C,92817,621,620,177,121,0,0.006659736
Warm C,203252,1246,1245,177,121,0,0.0036907094
Warm C,81849,543,542,177,121,1,0.009682771
Warm C,77778,524,523,177,121,1,0.016821897
Warm C,53820,352,351,177,121,0,0.007172781
Warm C,47977,321,320,177,121,0,0.016938973
Warm C,132621,855,854,177,121,0,0.007979363
Warm C,45204,305,304,177,121,0,0.0024384442
Warm C,44564,302,301,177,121,0,0.0020764377
Warm C,41206,278,277,177,121,1,0.0145422695
Warm C,697681,4169,4168,177,121,1,0.024900328
Warm C,36525,245,244,177,121,0,0.015403056
Warm C,29898,202,201,177,121,0,0.001751265
Warm C,291618,1737,1736,177,121,0,0.0055916957
Warm C,192761,1186,1185,177,121,1,0.012944173
Warm C,14536,117,116,177,121,0,0.007872728
Warm C,290461,1733,1732,177,121,0,0.018150501
Warm C,7773,53,52,177,121,1,0.0074455305
Warm C,28218,195,194,177,121,1,0.01390744
Warm C,56102,372,371,177,121,1,0.007816272
Warm C,102508,678,677,177,121,1,0.012086753
Warm C,179777,1125,1124,177,121,0,0.0038135136
Warm C,230617,1395,1394,177,121,0,0.0042505665
Warm C,63248,424,423,177,121,0,0.016560309
Warm C,178321,1120,1119,181,123,0,0.0072246976
Warm C,179783,1125,1124,181,123,0,0.0046665464
Warm C,172965,1096,1095,181,123,0,0.0013698945
Warm C,171973,1088,1087,181,123,0,0.008458602
Warm C,342726,2015,2014,181,123,0,0.0014923308
Warm C,165509,1054,1053,181,123,0,0.0095607545
Warm C,246447,1489,1488,181,123,0,0.0027082118
Warm C,277119,1675,1674,181,123,0,0.007872876
Warm C,136849,881,880,181,123,0,0.010394057
Warm C,263596,1605,1604,181,123,0,0.010501956
Warm C,126705,817,816,181,123,0,0.016877491
Warm C,93630,627,626,181,123,0,0.005803234
Warm C,325881,1928,1927,181,123,0,0.007848524
Warm C,44586,302,301,181,123,0,0.005215027
Warm C,38048,260,259,181,123,0,0.005340755
Warm C,627022,3792,3791,181,123,0,0.0036260018
Warm C,291629,1737,1736,181,123,0,0.012016206
Warm C,31236,210,209,181,123,0,0.0049742437
Warm C,19476,148,147,181,123,0,0.0055123335
Warm C,27228,192,191,181,123,0,-0.0014858635
Warm C,10525,75,74,181,123,1,0.004991245
Warm C,198482,1219,1218,181,123,0,0.0027015707
Warm C,552569,3401,3400,181,123,0,0.022357164
Warm C,829230,4979,4978,181,123,0,0.012016352
Warm C,207076,1266,1265,181,123,0,0.0020416738
Warm C,273186,1647,1646,181,123,0,0.0056744674
Warm C,102528,678,677,181,123,1,0.013054512
Warm C,418892,2529,2528,181,123,0,0.009473997
Warm C,717123,4294,4293,181,123,0,0.013828544
Warm C,795628,4765,4764,181,123,0,-0.0021621862
Warm C,116905,753,752,181,123,0,0.006170395
Warm C,235190,1425,1424,181,123,0,0.0055432096
Warm C,941804,5682,5681,181,123,0,0.008037392
Warm C,259616,1587,1586,187,126,0,0.008892414
Warm C,260713,1593,1592,187,126,0,0.0023476328
Warm C,231747,1404,1403,187,126,1,0.005312646
Warm C,212138,1291,1290,187,126,0,0.00430177
Warm C,276400,1671,1670,187,126,1,0.008932851
Warm C,252880,1532,1531,187,126,1,0.003373614
Warm C,202652,1244,1243,187,126,1,0.0046810275
Warm C,294445,1749,1748,187,126,0,0.0058876434
Warm C,185664,1150,1149,187,126,0,0.01295418
Warm C,166597,1059,1058,187,126,0,0.008896509
Warm C,149724,963,962,187,126,0,0.0090769455
Warm C,201744,1242,1241,187,126,1,0.012889217
Warm C,332818,1962,1961,187,126,0,0.012807682
Warm C,694988,4164,4163,187,126,0,0.0028386386
Warm C,112658,731,730,187,126,1,0.01637438
Warm C,100299,669,668,187,126,0,0.01409371
Warm C,88925,587,586,187,126,0,0.008355949
Warm C,82312,546,545,187,126,1,0.0004281894
Warm C,83431,549,548,187,126,1,0.014124911
Warm C,81862,543,542,187,126,1,0.014857017
Warm C,116516,752,751,187,126,0,0.010793267
Warm C,64497,430,429,187,126,0,0.006581077
Warm C,75996,516,515,187,126,0,0.010526044
Warm C,132641,855,854,187,126,0,0.012083014
Warm C,33535,225,224,187,126,1,0.0016798745
Warm C,337179,1983,1982,187,126,0,0.019886773
Warm C,26468,187,186,187,126,1,0.00936207
Warm C,2931,23,22,187,126,0,0.0061857137
Warm C,114293,743,742,187,126,0,0.013520205
Warm C,506153,3113,3112,187,126,0,0.0034637402
Warm C,42812,293,292,187,126,0,0.005792161
Warm C,522857,3224,3223,187,126,0,0.0031017577
Warm C,361042,2106,2105,187,126,0,0.011880411
Warm C,431169,2627,2626,187,126,0,0.013843047
Warm C,102532,678,677,187,126,0,0.020035822
Warm C,290477,1733,1732,187,126,1,0.008492602
Warm C,263602,1605,1604,187,126,1,0.01710875
Warm C,921155,5565,5564,187,126,0,0.01545026
Warm C,983154,5938,5937,187,126,1,0.008628621
Warm C,476453,2926,2925,187,126,1,0.006225127
Warm C,464299,2860,2859,187,126,1,0.007164276
Warm C,206457,1265,1264,187,126,0,-0.001863057
Warm C,739597,4418,4417,187,126,1,0.0034225967
Warm C,575893,3520,3519,187,126,0,0.0027188475
Warm C,882459,5329,5328,187,126,1,0.018162094
Warm C,677549,4060,4059,188,127,1,0.010084838
Warm C,663565,3998,3997,188,127,1,0.010443006
Warm C,661695,3990,3989,188,127,1,0.011838209
Warm C,660267,3980,3979,188,127,0,0.010095814
Warm C,719430,4309,4308,188,127,1,0.010240647
Warm C,665995,4007,4006,188,127,1,0.018277384
Warm C,640672,3850,3849,188,127,0,-0.001567116
Warm C,640130,3847,3846,188,127,0,0.006598069
Warm C,639617,3844,3843,188,127,1,0.0048677837
Warm C,639286,3842,3841,188,127,1,0.012306973
Warm C,632601,3823,3822,188,127,1,0.012143213
Warm C,628400,3806,3805,188,127,1,0.005997749
Warm C,628808,3807,3806,188,127,0,0.0063935868
Warm C,628208,3804,3803,188,127,1,0.013695219
Warm C,627969,3801,3800,188,127,0,-4.8947288e-05
Warm C,638481,3841,3840,188,127,0,0.011117209
Warm C,623513,3771,3770,188,127,1,0.014815651
Warm C,619283,3752,3751,188,127,0,0.008802053
Warm C,714117,4277,4276,188,127,1,0.019517489
Warm C,621320,3762,3761,188,127,1,0.015027528
Warm C,745511,4448,4447,188,127,1,0.015221565
Warm C,605978,3681,3680,188,127,1,0.02372695
Warm C,588599,3590,3589,188,127,1,0.0101443585
Warm C,579656,3539,3538,188,127,1,0.017394863
Warm C,572404,3507,3506,188,127,1,0.025973473
Warm C,584123,3564,3563,188,127,1,0.006630437
Warm C,566426,3476,3475,188,127,0,0.002309677
Warm C,584818,3569,3568,188,127,0,0.0068061985
Warm C,560227,3442,3441,188,127,0,0.01049174
Warm C,555936,3416,3415,188,127,1,0.012699282
Warm C,965934,5825,5824,188,127,0,0.0009940891
Warm C,543945,3352,3351,188,127,1,0.003874063
Warm C,547642,3378,3377,188,127,1,0.0037331856
Warm C,540807,3327,3326,188,127,0,0.021021098
Warm C,536213,3308,3307,188,127,1,0.007931274
Warm C,532343,3285,3284,188,127,0,0.0005713329
Warm C,519830,3207,3206,188,127,1,0.010073816
Warm C,554902,3412,3411,188,127,1,0.005429727
Warm C,514072,3172,3171,188,127,0,0.011089795
Warm C,508941,3130,3129,188,127,0,0.011186627
Warm C,507327,3121,3120,188,127,0,0.005780511
Warm C,516619,3189,3188,188,127,0,0.026349388
Warm C,495722,3044,3043,188,127,1,0.0046902774
Warm C,550483,3391,3390,188,127,1,0.012259122
Warm C,517966,3196,3195,188,127,0,-0.002910895
Warm C,473035,2908,2907,188,127,0,0.00476962
Warm C,471445,2900,2899,188,127,1,0.019156637
Warm C,469026,2888,2887,188,127,1,0.010392141
Warm C,463530,2857,2856,188,127,0,0.013790327
Warm C,458198,2820,2819,188,127,0,0.00847822
Warm C,457428,2818,2817,188,127,0,0.009462009
Warm C,433748,2643,2642,188,127,0,0.01142151
Warm C,430769,2625,2624,188,127,0,0.012975276
Warm C,426588,2590,2589,188,127,1,0.015469565
Warm C,418896,2529,2528,188,127,1,0.02135568
Warm C,412266,2479,2478,188,127,1,0.012355028
Warm C,402014,2400,2399,188,127,0,0.004122204
Warm C,406809,2444,2443,188,127,0,0.0040483866
Warm C,371801,2172,2171,188,127,1,0.016719248
Warm C,374340,2181,2180,188,127,0,0.02487003
Warm C,368195,2152,2151,188,127,0,-0.0011444425
Warm C,358616,2098,2097,188,127,1,0.008495952
Warm C,352226,2063,2062,188,127,0,0.011345103
Warm C,345339,2025,2024,188,127,1,0.010633832
Warm C,344471,2021,2020,188,127,0,0.004902159
Warm C,340883,2010,2009,188,127,0,0.008425905
Warm C,303617,1803,1802,188,127,0,0.007104662
Warm C,279767,1680,1679,188,127,1,0.0083778445
Warm C,277123,1675,1674,188,127,1,0.010193203
Warm C,275229,1666,1665,188,127,0,0.006262022
Warm C,271550,1641,1640,188,127,0,0.010241952
Warm C,267658,1626,1625,188,127,1,0.009373404
Warm C,392455,2304,2303,188,127,1,0.014394168
Warm C,247867,1496,1495,188,127,0,0.01486708
Warm C,245578,1483,1482,188,127,1,0.0021574204
Warm C,332819,1962,1961,188,127,0,0.004506858
Warm C,234601,1424,1423,188,127,0,0.0042693694
Warm C,303334,1802,1801,188,127,0,0.002550429
Warm C,225435,1364,1363,188,127,1,0.014679984
Warm C,224535,1357,1356,188,127,0,0.003248333
Warm C,221924,1342,1341,188,127,0,0.006222479
Warm C,221839,1341,1340,188,127,0,0.012864029
Warm C,226422,1370,1369,188,127,0,0.009475583
Warm C,206007,1264,1263,188,127,0,0.010405673
Warm C,211246,1285,1284,188,127,0,0.013159352
Warm C,314524,1878,1877,188,127,1,-0.0017425106
Warm C,328563,1941,1940,188,127,1,0.016030412
Warm C,178324,1120,1119,188,127,1,0.0063918703
Warm C,176421,1115,1114,188,127,1,0.0012949388
Warm C,179787,1125,1124,188,127,0,0.019272054
Warm C,256200,1562,1561,188,127,0,0.00489568
Warm C,165661,1056,1055,188,127,1,0.014369434
Warm C,230626,1395,1394,188,127,1,0.00986498
Warm C,159390,1017,1016,188,127,0,0.010652996
Warm C,157158,1010,1009,188,127,0,0.010177655
Warm C,131308,850,849,188,127,0,-0.0012518838
Warm C,125618,808,807,188,127,1,0.005167393
Warm C,475827,2919,2918,188,127,1,0.008851807
Warm C,100300,669,668,188,127,1,0.011404712
Warm C,99672,665,664,188,127,0,0.008107392
Warm C,177161,1117,1116,188,127,0,0.0029901748
Warm C,97161,651,650,188,127,0,0.01337203
Warm C,92820,621,620,188,127,0,0.009526701
Warm C,90765,601,600,188,127,0,0.015287915
Warm C,83432,549,548,188,127,1,0.0079369
Warm C,81863,543,542,188,127,1,0.0135498755
Warm C,239228,1448,1447,188,127,0,0.0053977296
Warm C,77798,524,523,188,127,1,0.02023121
Warm C,63268,424,423,188,127,0,0.0077408953
Warm C,51177,337,336,188,127,0,0.012946256
Warm C,47982,321,320,188,127,1,0.0060407305
Warm C,111000,721,720,188,127,0,0.008664573
Warm C,32956,223,222,188,127,1,0.005419369
Warm C,291633,1737,1736,188,127,1,-0.0013023883
Warm C,270158,1635,1634,188,127,1,0.022996284
Warm C,22596,163,162,188,127,0,0.015536376
Warm C,290478,1733,1732,188,127,0,0.010696575
Warm C,7792,53,52,188,127,1,0.010491416
Warm C,633520,3824,3823,188,127,0,0.01756648
Warm C,697707,4169,4168,188,127,0,0.025750507
Warm C,28245,195,194,188,127,0,0.016558873
Warm C,365869,2129,2128,188,127,0,0.013008881
Warm C,360220,2105,2104,188,127,0,0.013541831
Warm C,317888,1889,1888,188,127,1,0.004447716
Warm C,102533,678,677,188,127,0,0.01130163
Warm C,238181,1447,1446,188,127,0,0.018048283
Warm C,497721,3055,3054,188,127,0,0.006326318
Warm C,164780,1051,1050,188,127,0,0.012477361
Warm C,760857,4520,4519,188,127,0,0.018864684
Warm C,764623,4543,4542,188,127,0,-0.002007877
Warm C,131318,850,849,190,128,1,0.0063250056
Warm C,128358,830,829,190,128,1,0.008160185
Warm C,96671,648,647,190,128,0,0.009638102
Warm C,295029,1752,1751,190,128,1,0.010464772
Warm C,284452,1698,1697,190,128,1,0.010270609
Warm C,89635,590,589,190,128,1,0.003979656
Warm C,87580,573,572,190,128,1,-0.00013276795
Warm C,87497,571,570,190,128,1,0.0061041643
Warm C,77807,524,523,190,128,0,0.013892343
Warm C,70263,474,473,190,128,0,0.01789935
Warm C,501440,3080,3079,190,128,1,0.0054736105
Warm C,48871,327,326,190,128,0,0.012351128
Warm C,308875,1837,1836,190,128,1,0.0076202643
Warm C,33547,225,224,190,128,1,0.0052634873
Warm C,212143,1291,1290,190,128,1,0.004619917
Warm C,481990,2962,2961,190,128,1,-0.0007689677
Warm C,23158,166,165,190,128,1,0.006071084
Warm C,16707,131,130,190,128,0,0.010049079
Warm C,340221,2008,2007,190,128,0,0.007038383
Warm C,133475,862,861,190,128,1,0.012094188
Warm C,7806,53,52,190,128,1,0.01062684
Warm C,207086,1266,1265,190,128,0,0.012775151
Warm C,20826,151,150,190,128,0,0.008082945
Warm C,158570,1015,1014,190,128,1,0.008284121
Warm C,191353,1181,1180,190,128,1,0.008966755
Warm C,287839,1717,1716,190,128,1,0.009677648
Warm C,232599,1413,1412,190,128,0,0.0024960262
Warm C,261252,1597,1596,190,128,1,0.007587929
Warm C,310822,1851,1850,190,128,0,0.016687823
Warm C,772997,4607,4606,190,128,1,0.016784407
Warm C,535125,3301,3300,190,128,1,0.008892719
Warm C,882461,5329,5328,190,128,1,0.0021510278
Warm C,223109,1352,1351,190,128,0,0.003658335
Warm C,263611,1605,1604,190,128,1,0.015580921
Warm C,271844,1643,1642,190,128,1,0.005739464
Warm C,336275,1980,1979,190,128,1,0.02580735
Warm C,34763,235,234,190,128,1,0.0064265104
Warm C,144411,930,929,190,128,1,-0.005114334
Warm C,290488,1733,1732,190,128,1,0.0020549563
Warm C,171997,1088,1087,190,128,0,0.009104624
Warm C,68859,461,460,191,129,0,0.011803203
Warm C,240437,1449,1448,191,129,0,0.012484625
Warm C,53864,352,351,191,129,1,0.0038058327
Warm C,239243,1448,1447,191,129,1,0.0045246975
Warm C,29932,202,201,191,129,0,0.012726497
Warm C,291640,1737,1736,191,129,0,0.013214717
Warm C,104510,692,691,191,129,0,0.0151016135
Warm C,79665,531,530,191,129,0,0.00868261
Warm C,302266,1794,1793,191,129,0,0.011341244
Warm C,893473,5394,5393,191,129,0,0.025542274
Warm C,458218,2820,2819,191,129,0,0.002687945
Warm C,145892,937,936,191,129,0,0.012965972
Warm C,310824,1851,1850,191,129,0,0.014007433
Warm C,78636,528,527,191,129,0,0.014163532
Warm C,790863,4728,4727,191,129,0,0.019225258
Warm C,577465,3526,3525,195,132,0,0.016017105
Warm C,579673,3539,3538,195,132,0,0.012417947
Warm C,566709,3477,3476,195,132,0,0.014654243
Warm C,557002,3422,3421,195,132,0,0.005754805
Warm C,658502,3967,3966,195,132,0,0.01610434
Warm C,550503,3391,3390,195,132,0,0.015324358
Warm C,541105,3328,3327,195,132,1,0.004077955
Warm C,575533,3519,3518,195,132,0,0.00869396
Warm C,774551,4619,4618,195,132,0,0.0069877356
Warm C,522878,3224,3223,195,132,0,0.008810578
Warm C,514255,3174,3173,195,132,0,0.010852101
Warm C,503693,3095,3094,195,132,0,0.0062711835
Warm C,502990,3087,3086,195,132,1,0.010062359
Warm C,516627,3189,3188,195,132,0,0.011284729
Warm C,494438,3032,3031,195,132,1,0.012261275
Warm C,490389,3017,3016,195,132,0,0.012324251
Warm C,562745,3462,3461,195,132,0,-0.00069557456
Warm C,529961,3272,3271,195,132,1,0.018798461
Warm C,478241,2934,2933,195,132,0,0.007808266
Warm C,468613,2887,2886,195,132,0,0.017939327
Warm C,452321,2785,2784,195,132,0,0.0075247195
Warm C,451143,2777,2776,195,132,0,0.008393802
Warm C,437127,2668,2667,195,132,0,0.002877689
Warm C,431453,2628,2627,195,132,0,0.011045406
Warm C,420555,2541,2540,195,132,1,0.006163212
Warm C,419315,2533,2532,195,132,0,0.002525628
Warm C,419496,2536,2535,195,132,0,-0.0061276765
Warm C,416157,2506,2505,195,132,0,-0.0008979244
Warm C,411284,2468,2467,195,132,1,0.013832237
Warm C,406495,2438,2437,195,132,0,0.010370812
Warm C,404286,2418,2417,195,132,1,0.00413663
Warm C,398325,2368,2367,195,132,1,0.0040041828
Warm C,399977,2380,2379,195,132,0,0.012643497
Warm C,368002,2148,2147,195,132,0,0.011750391
Warm C,363341,2116,2115,195,132,0,0.012118846
Warm C,356052,2085,2084,195,132,0,0.0032612188
Warm C,361872,2109,2108,195,132,0,0.014924865
Warm C,358975,2100,2099,195,132,1,0.006986107
Warm C,324778,1924,1923,195,132,0,0.010676997
Warm C,268610,1631,1630,195,132,1,0.0016755473
Warm C,256879,1571,1570,195,132,1,0.008926179
Warm C,321749,1908,1907,195,132,0,0.0018284887
Warm C,264722,1609,1608,195,132,0,0.005616602
Warm C,222457,1345,1344,195,132,1,0.00872806
Warm C,212540,1294,1293,195,132,0,0.0059907977
Warm C,203504,1248,1247,195,132,0,0.002670275
Warm C,192456,1184,1183,195,132,1,0.010751259
Warm C,338314,1988,1987,195,132,0,0.0097522475
Warm C,189487,1173,1172,195,132,0,0.007895561
Warm C,189099,1172,1171,195,132,0,0.017916813
Warm C,307657,1835,1834,195,132,1,0.014323942
Warm C,331878,1958,1957,195,132,0,0.009080315
Warm C,263616,1605,1604,195,132,0,0.011314521
Warm C,168032,1068,1067,195,132,0,0.016262278
Warm C,328589,1941,1940,195,132,0,0.014196679
Warm C,164797,1051,1050,195,132,1,0.015696775
Warm C,164016,1050,1049,195,132,0,0.0066444557
Warm C,150758,970,969,195,132,0,0.012715068
Warm C,145068,934,933,195,132,0,0.013526923
Warm C,140346,899,898,195,132,0,0.017914198
Warm C,157177,1010,1009,195,132,0,0.01599939
Warm C,138726,889,888,195,132,0,0.011515286
Warm C,380447,2223,2222,195,132,0,0.019440413
Warm C,132075,854,853,195,132,0,-0.00076206354
Warm C,332825,1962,1961,195,132,0,0.0005275889
Warm C,123167,795,794,195,132,0,0.0035897044
Warm C,121596,781,780,195,132,0,0.008318675
Warm C,361055,2106,2105,195,132,0,0.0045171976
Warm C,117859,759,758,195,132,0,0.00920585
Warm C,112672,731,730,195,132,0,0.006080455
Warm C,121294,780,779,195,132,0,0.017425474
Warm C,299783,1778,1777,195,132,0,0.011717523
Warm C,113440,735,734,195,132,0,0.0061516664
Warm C,103505,687,686,195,132,0,0.007329042
Warm C,99037,660,659,195,132,0,0.01304188
Warm C,314203,1875,1874,195,132,1,0.007038953
Warm C,697721,4169,4168,195,132,0,0.0111422725
Warm C,239249,1448,1447,195,132,0,0.0045789517
Warm C,191360,1181,1180,195,132,0,0.008755928
Warm C,77816,524,523,195,132,0,0.0074157226
Warm C,76779,520,519,195,132,0,0.01038275
Warm C,69648,467,466,195,132,0,0.0002637771
Warm C,60197,409,408,195,132,0,0.008664396
Warm C,201755,1242,1241,195,132,0,0.017092496
Warm C,228493,1383,1382,195,132,0,0.011104694
Warm C,78641,528,527,195,132,1,0.012532583
Warm C,47566,319,318,195,132,1,0.0064758416
Warm C,39592,268,267,195,132,1,-0.00096409954
Warm C,22609,163,162,195,132,0,0.012969399
Warm C,6270,45,44,195,132,0,0.018328603
Warm C,3498,26,25,195,132,0,0.007425098
Warm C,79670,531,530,195,132,0,0.0103006065
Warm C,659256,3971,3970,195,132,1,0.016281484
Warm C,893475,5394,5393,195,132,0,0.008280245
Warm C,122681,791,790,195,132,0,0.006176528
Warm C,682703,4085,4084,195,132,1,0.00734119
Warm C,102551,678,677,195,132,0,0.010310985
Warm C,883497,5333,5332,195,132,0,-0.004364997
Warm C,336281,1980,1979,195,132,0,0.011183187
Warm C,187785,1164,1163,195,132,1,0.016345046
Warm C,116531,752,751,195,132,1,0.011262557
Warm C,295744,1755,1754,195,132,0,0.0016399173
Warm C,193856,1194,1193,195,132,1,0.0041247886
Warm C,974713,5878,5877,195,132,1,0.011026397
Warm C,354284,2073,2072,199,135,1,0.0037924778
Warm C,258581,1584,1583,199,135,0,0.009096202
Warm C,225119,1361,1360,199,135,1,-0.000971434
Warm C,325561,1926,1925,199,135,1,0.011510595
Warm C,218108,1322,1321,199,135,1,0.0038142644
Warm C,207089,1266,1265,199,135,1,0.0032174904
Warm C,592161,3610,3609,199,135,0,0.014076993
Warm C,308171,1836,1835,199,135,1,0.003544293
Warm C,308884,1837,1836,199,135,1,0.0067336583
Warm C,185696,1150,1149,199,135,1,0.011607893
Warm C,182882,1140,1139,199,135,0,0.00084139744
Warm C,168651,1069,1068,199,135,1,0.011510874
Warm C,270492,1636,1635,199,135,0,-0.001957676
Warm C,158578,1015,1014,199,135,1,0.008147493
Warm C,153578,986,985,199,135,1,-0.0013161134
Warm C,144556,931,930,199,135,0,0.001479631
Warm C,138729,889,888,199,135,0,0.009534033
Warm C,318995,1896,1895,199,135,0,-0.0019719247
Warm C,131320,850,849,199,135,1,0.010340448
Warm C,240442,1449,1448,199,135,1,0.022720145
Warm C,779135,4653,4652,199,135,0,0.009704476
Warm C,107376,706,705,199,135,1,0.006843218
Warm C,100982,673,672,199,135,0,-0.0035424281
Warm C,317003,1884,1883,199,135,1,0.012370262
Warm C,432221,2634,2633,199,135,1,0.0068926867
Warm C,59942,408,407,199,135,1,-0.0023218028
Warm C,41469,281,280,199,135,0,0.0077106506
Warm C,35323,238,237,199,135,0,0.009361432
Warm C,199894,1227,1226,199,135,0,0.004126928
Warm C,365268,2125,2124,199,135,1,0.006456406
Warm C,26486,187,186,199,135,1,0.011683047
Warm C,34764,235,234,199,135,1,0.013073612
Warm C,21168,155,154,199,135,1,-0.0038388118
Warm C,133673,864,863,199,135,1,0.0068733077
Warm C,10802,78,77,199,135,1,0.008832087
Warm C,7817,53,52,199,135,1,0.009500068
Warm C,506,6,5,199,135,1,0.006616921
Warm C,76427,518,517,199,135,1,0.009677667
Warm C,276420,1671,1670,199,135,1,0.015610472
Warm C,94630,635,634,199,135,1,0.0029441682
Warm C,605340,3679,3678,199,135,0,-0.00097201974
Warm C,284929,1699,1698,199,135,1,-0.0013624677
Warm C,484352,2980,2979,199,135,1,0.0031763287
Warm C,631779,3821,3820,199,135,0,0.014299973
Warm C,421189,2544,2543,199,135,0,0.0091756815
Warm C,161417,1029,1028,199,135,1,0.0026663162
Warm C,801809,4802,4801,199,135,1,0.010609001
Warm C,535128,3301,3300,199,135,1,0.0022567953
Warm C,978821,5902,5901,199,135,1,0.0012235881
Warm C,287843,1717,1716,199,135,1,0.012635292
Warm C,322651,1912,1911,199,135,0,0.014634171
Warm C,208933,1274,1273,199,135,1,0.013111173
Warm C,916961,5539,5538,199,135,1,0.011214753
Warm C,384770,2247,2246,199,135,1,0.011539716
Warm C,841577,5054,5053,199,135,0,0.01320716
Warm C,769118,4579,4578,199,135,1,0.007626917
Warm C,8830,59,58,199,135,0,0.009366972
Warm C,348892,2047,2046,205,138,1,0.01186767
Warm C,144804,934,933,205,138,1,0.021641865
Warm C,199330,1224,1223,205,138,0,0.015051801
Warm C,360581,2106,2105,205,138,1,0.013403172
Warm C,127243,822,821,205,138,1,0.0058731725
Warm C,329186,1943,1942,205,138,1,0.0024273498
Warm C,695979,4169,4168,205,138,0,0.023209833
Warm C,183111,1141,1140,205,138,0,0.011172184
Warm C,233968,1422,1421,205,138,0,0.010575898
Warm C,238710,1448,1447,205,138,1,0.009863068
Warm C,44984,303,302,205,138,1,0.010751293
Warm C,50114,331,330,205,138,1,0.0036668116
Warm C,26398,187,186,205,138,1,-0.0013485353
Warm C,795984,4771,4770,205,138,0,0.011784187
Warm C,274687,1660,1659,205,138,1,-0.0018017589
Warm C,49378,329,328,205,138,0,0.015220144
Warm C,6442,45,44,205,138,0,0.010290059
Warm C,10774,78,77,205,138,0,0.0038525634
Warm C,89174,588,587,205,138,1,0.001788504
Warm C,157927,1015,1014,205,138,0,0.007495566
Warm C,901384,5450,5449,205,138,0,0.010258866
Warm C,878930,5312,5311,205,138,1,0.013235988
Warm C,206272,1265,1264,205,138,0,0.011459939
Warm C,739362,4418,4417,205,138,1,0.0113076465
Warm C,804252,4816,4815,205,138,1,0.015063974
Warm C,157929,1015,1014,206,139,1,0.012756746
Warm C,185032,1150,1149,206,139,1,0.019920418
Warm C,139360,891,890,206,139,0,0.008505683
Warm C,127939,826,825,206,139,0,0.006543602
Warm C,119088,770,769,206,139,0,0.019916076
Warm C,82208,546,545,206,139,1,0.0018942907
Warm C,238711,1448,1447,206,139,1,0.015072135
Warm C,589591,3596,3595,206,139,1,0.011396119
Warm C,132331,855,854,206,139,0,0.016322464
Warm C,42087,285,284,206,139,0,0.008397687
Warm C,34705,235,234,206,139,0,0.0026963924
Warm C,33465,225,224,206,139,0,0.020705625
Warm C,24040,171,170,206,139,1,0.0023489299
Warm C,133616,864,863,206,139,1,0.006642288
Warm C,210038,1284,1283,206,139,0,0.005184111
Warm C,18082,139,138,206,139,1,0.0106204515
Warm C,317571,1889,1888,206,139,1,0.011781595
Warm C,115986,752,751,206,139,1,0.015522724
Warm C,287633,1717,1716,206,139,1,0.0015045467
Warm C,329189,1943,1942,206,139,1,0.013846626
Warm C,234820,1425,1424,206,139,1,0.016594918
Warm C,891457,5387,5386,206,139,0,0.009975204
Warm C,437910,2676,2675,213,142,1,0.0027898252
Warm C,432087,2634,2633,213,142,1,0.016474422
Warm C,428538,2608,2607,213,142,0,0.006709244
Warm C,422245,2556,2555,213,142,1,0.008954871
Warm C,420870,2544,2543,213,142,1,0.012457625
Warm C,411852,2476,2475,213,142,1,0.0066746636
Warm C,422298,2557,2556,213,142,1,0.0024856562
Warm C,413159,2485,2484,213,142,0,0.006576601
Warm C,390649,2293,2292,213,142,1,0.02078338
Warm C,386320,2259,2258,213,142,1,0.012049064
Warm C,383122,2238,2237,213,142,0,0.0053224443
Warm C,371398,2171,2170,213,142,1,0.0070592547
Warm C,347092,2036,2035,213,142,1,-0.005199937
Warm C,342297,2015,2014,213,142,0,0.024432767
Warm C,325281,1926,1925,213,142,1,0.014758362
Warm C,318626,1894,1893,213,142,1,0.0012101922
Warm C,316179,1883,1882,213,142,1,0.009395778
Warm C,283991,1698,1697,213,142,1,0.015975073
Warm C,262673,1602,1601,213,142,1,0.0038837073
Warm C,256810,1571,1570,213,142,0,0.0019454572
Warm C,256521,1567,1566,213,142,0,0.011537772
Warm C,565459,3475,3474,213,142,1,0.015873859
Warm C,222889,1350,1349,213,142,0,0.0062941494
Warm C,218257,1323,1322,213,142,1,0.013649553
Warm C,209736,1281,1280,213,142,0,0.002211511
Warm C,200196,1229,1228,213,142,1,0.004596466
Warm C,243782,1470,1469,213,142,0,0.0142426025
Warm C,294207,1749,1748,213,142,0,0.013798161
Warm C,195313,1203,1202,213,142,1,0.01814718
Warm C,307295,1835,1834,213,142,1,0.019846264
Warm C,180207,1128,1127,213,142,1,0.012082723
Warm C,199340,1224,1223,213,142,1,0.0163446
Warm C,201427,1242,1241,213,142,1,0.009853078
Warm C,168313,1069,1068,213,142,0,0.015016345
Warm C,163551,1049,1048,213,142,1,-0.001108685
Warm C,163715,1050,1049,213,142,0,0.01119975
Warm C,163079,1041,1040,213,142,1,-0.0011568123
Warm C,227845,1382,1381,213,142,1,0.004397284
Warm C,147717,952,951,213,142,1,0.008288718
Warm C,154576,998,997,213,142,1,0.011298435
Warm C,140847,905,904,213,142,1,0.012258479
Warm C,100770,673,672,213,142,1,0.005834001
Warm C,176796,1117,1116,213,142,1,0.012742349
Warm C,97752,655,654,213,142,0,0.01903193
Warm C,75669,515,514,213,142,1,0.009518381
Warm C,72907,493,492,213,142,1,0.006394063
Warm C,66720,446,445,213,142,1,0.013717197
Warm C,111410,725,724,213,142,1,0.008977149
Warm C,39357,267,266,213,142,0,0.017158763
Warm C,37877,259,258,213,142,1,0.0147347795
Warm C,33472,225,224,213,142,1,0.007874442
Warm C,17927,138,137,213,142,1,0.00260886
Warm C,810292,4861,4860,213,142,1,0.018656816
Warm C,167091,1063,1062,213,142,1,-0.008377212
Warm C,605155,3679,3678,213,142,0,0.0069797263
Warm C,249797,1505,1504,213,142,0,0.007491419
Warm C,835082,5019,5018,213,142,1,0.01094384
Warm C,312813,1865,1864,213,142,1,0.019107515
Warm C,319225,1897,1896,213,142,1,0.010412479
Warm C,287639,1717,1716,213,142,0,0.016400136
Warm C,256062,1561,1560,213,142,1,0.009176496
Warm C,241057,1451,1450,213,142,1,0.007973427
Warm C,790330,4728,4727,213,142,1,0.016704096
Warm C,574652,3518,3517,215,143,1,0.0063410187
Warm C,659088,3971,3970,215,143,1,0.013637008
Warm C,493298,3031,3030,215,143,1,0.015496306
Warm C,490203,3017,3016,215,143,0,0.0101298615
Warm C,484905,2986,2985,215,143,0,0.0026064385
Warm C,475077,2916,2915,215,143,1,0.007997993
Warm C,474642,2913,2912,215,143,1,0.005415764
Warm C,852566,5113,5112,215,143,1,0.00652055
Warm C,465594,2872,2871,215,143,0,0.00066923257
Warm C,462515,2854,2853,215,143,0,0.006655801
Warm C,458881,2825,2824,215,143,1,0.0044042915
Warm C,559854,3441,3440,215,143,0,0.0073110587
Warm C,450681,2777,2776,215,143,1,0.013988309
Warm C,449857,2774,2773,215,143,0,0.0054410724
Warm C,458474,2822,2821,215,143,1,0.0020720097
Warm C,444066,2738,2737,215,143,1,0.010216581
Warm C,439368,2684,2683,215,143,0,0.0034590792
Warm C,433121,2641,2640,215,143,1,-0.00237691
Warm C,416457,2507,2506,215,143,1,0.020023907
Warm C,408081,2453,2452,215,143,1,0.008000169
Warm C,392772,2306,2305,215,143,1,0.010500651
Warm C,330510,1951,1950,215,143,0,0.009301009
Warm C,332977,1963,1962,215,143,1,0.0044376734
Warm C,286464,1711,1710,215,143,1,-0.0038345868
Warm C,326700,1937,1936,215,143,1,-0.00260568
Warm C,285785,1705,1704,215,143,1,0.005319549
Warm C,310072,1845,1844,215,143,0,0.010475728
Warm C,267516,1626,1625,215,143,1,0.0102606695
Warm C,235516,1426,1425,215,143,1,0.00871779
Warm C,214728,1303,1302,215,143,1,0.0018272793
Warm C,210722,1285,1284,215,143,1,0.008916644
Warm C,200815,1235,1234,215,143,1,0.005279086
Warm C,202383,1244,1243,215,143,1,0.009399015
Warm C,308475,1837,1836,215,143,1,0.014415729
Warm C,194115,1196,1195,215,143,1,0.0050285202
Warm C,338018,1988,1987,215,143,1,-0.0023564193
Warm C,373908,2181,2180,215,143,0,0.013753323
Warm C,185048,1150,1149,215,143,0,0.0108816335
Warm C,316181,1883,1882,215,143,0,-0.0032852895
Warm C,307296,1835,1834,215,143,1,0.011676798
Warm C,179965,1127,1126,215,143,1,0.001035161
Warm C,201431,1242,1241,215,143,0,0.0027269304
Warm C,174476,1103,1102,215,143,1,0.012304911
Warm C,263121,1605,1604,215,143,0,0.0104651805
Warm C,168316,1069,1068,215,143,1,0.010016538
Warm C,334494,1974,1973,215,143,1,0.011774294
Warm C,190625,1181,1180,215,143,1,0.014902685
Warm C,186055,1151,1150,215,143,1,0.01620046
Warm C,154183,995,994,215,143,1,0.0017897955
Warm C,143273,924,923,215,143,1,0.015302023
Warm C,140848,905,904,215,143,1,0.011709494
Warm C,139364,891,890,215,143,1,0.00043987122
Warm C,137982,889,888,215,143,0,0.011354747
Warm C,131800,854,853,215,143,1,-0.0014774492
Warm C,351564,2063,2062,215,143,0,0.017782405
Warm C,187546,1164,1163,215,143,1,0.011253703
Warm C,283992,1698,1697,215,143,1,0.0043704603
Warm C,432088,2634,2633,215,143,1,0.014495458
Warm C,85232,556,555,215,143,1,0.007900484
Warm C,77311,524,523,215,143,1,0.015794788
Warm C,83981,550,549,215,143,1,0.0068690353
Warm C,299506,1778,1777,215,143,1,0.013005067
Warm C,72908,493,492,215,143,1,0.006214012
Warm C,132338,855,854,215,143,1,0.0070000663
Warm C,50128,331,330,215,143,1,0.005591832
Warm C,88746,587,586,215,143,0,0.0015279376
Warm C,33474,225,224,215,143,0,0.009665388
Warm C,228103,1383,1382,215,143,0,0.014826667
Warm C,22501,163,162,215,143,0,0.009141757
Warm C,111611,727,726,215,143,1,0.0069299443
Warm C,6160,45,44,215,143,0,-0.0013706221
Warm C,5423,38,37,215,143,0,0.012813411
Warm C,270,5,4,215,143,0,0.0037681954
Warm C,79226,531,530,215,143,0,0.006389962
Warm C,157945,1015,1014,215,143,1,0.009509503
Warm C,286614,1712,1711,215,143,0,0.013460286
Warm C,129272,839,838,215,143,1,0.00710652
Warm C,203648,1252,1251,215,143,1,0.007324948
Warm C,892859,5394,5393,215,143,1,0.012251295
Warm C,241058,1451,1450,215,143,1,0.018617174
Warm C,20752,151,150,215,143,1,0.004149112
Warm C,129903,840,839,215,143,1,0.004037421
Warm C,45911,308,307,215,143,0,0.008547364
Warm C,795990,4771,4770,215,143,0,0.013621934
Warm C,154086,993,992,215,143,0,0.017355932
Warm C,222558,1347,1346,215,143,1,0.011459367
Warm C,561879,3457,3456,215,143,0,0.0045974744
Warm C,312814,1865,1864,215,143,0,0.011674274
Warm C,290052,1733,1732,215,143,1,0.0136658475
Warm C,475431,2918,2917,215,143,1,0.011246495
Warm C,344791,2023,2022,215,143,1,0.011296848
Warm C,561501,3454,3453,215,143,1,0.015798816
Warm C,335644,1980,1979,215,143,1,0.01548023
Warm C,178588,1121,1120,215,143,1,0.00488214
Warm C,256063,1561,1560,215,143,1,0.0008864717
Warm C,27558,193,192,215,143,1,0.007340174
Warm C,261652,1599,1598,215,143,0,0.0007319973
Warm C,114215,743,742,215,143,1,0.008901688
Warm C,777680,4647,4646,215,143,0,0.010058515
Warm C,491165,3020,3019,215,143,0,0.001971829
Warm C,948956,5733,5732,217,145,0,0.010276958
Warm C,331430,1958,1957,217,145,0,0.0043061925
Warm C,129904,840,839,217,145,0,0.0010376275
Warm C,295580,1755,1754,217,145,0,0.009909834
Warm C,677735,4062,4061,218,146,0,-0.0055036293
Warm C,664582,4001,4000,218,146,1,0.0041066515
Warm C,660358,3981,3980,218,146,0,0.005885997
Warm C,660842,3985,3984,218,146,0,0.011843989
Warm C,656547,3957,3956,218,146,0,0.009394599
Warm C,661255,3988,3987,218,146,1,-0.005618675
Warm C,642706,3868,3867,218,146,0,0.0061773886
Warm C,647635,3900,3899,218,146,0,0.0034733035
Warm C,634761,3829,3828,218,146,0,0.003447303
Warm C,633927,3825,3824,218,146,0,0.010731367
Warm C,629217,3808,3807,218,146,0,0.0033091768
Warm C,637884,3841,3840,218,146,0,-0.0033984957
Warm C,621469,3763,3762,218,146,0,0.004101242
Warm C,734897,4388,4387,218,146,1,0.007060192
Warm C,612445,3713,3712,218,146,1,0.010644267
Warm C,726384,4345,4344,218,146,0,0.009372369
Warm C,725191,4344,4343,218,146,0,0.008290177
Warm C,589029,3592,3591,218,146,1,-0.0028537926
Warm C,579137,3539,3538,218,146,1,0.0057697794
Warm C,575200,3519,3518,218,146,1,0.0010869529
Warm C,562473,3462,3461,218,146,0,-0.0010751472
Warm C,542081,3336,3335,218,146,0,0.0012717429
Warm C,535854,3308,3307,218,146,0,0.0014976112
Warm C,533129,3292,3291,218,146,0,0.013529707
Warm C,522348,3224,3223,218,146,1,-0.0023501678
Warm C,574653,3518,3517,218,146,1,0.011324103
Warm C,502839,3087,3086,218,146,1,0.009536
Warm C,499246,3067,3066,218,146,1,0.009658907
Warm C,797555,4784,4783,218,146,0,0.0005225658
Warm C,496849,3053,3052,218,146,0,0.016993625
Warm C,659090,3971,3970,218,146,1,0.00018351356
Warm C,489522,3013,3012,218,146,1,0.010109294
Warm C,488634,3007,3006,218,146,1,0.004503889
Warm C,484907,2986,2985,218,146,0,0.012749752
Warm C,529537,3272,3271,218,146,0,-0.0028908947
Warm C,475078,2916,2915,218,146,0,-0.0018140392
Warm C,879813,5317,5316,218,146,0,0.004225013
Warm C,456386,2810,2809,218,146,0,0.015759964
Warm C,450684,2777,2776,218,146,0,0.002162893
Warm C,446115,2751,2750,218,146,0,-0.00578935
Warm C,444571,2743,2742,218,146,0,0.0020253859
Warm C,443744,2737,2736,218,146,0,0.0012594978
Warm C,438787,2681,2680,218,146,0,0.015112502
Warm C,437025,2668,2667,218,146,1,0.0018220431
Warm C,418538,2529,2528,218,146,0,0.005117349
Warm C,404447,2419,2418,218,146,0,0.008625193
Warm C,398993,2376,2375,218,146,0,0.007927669
Warm C,398209,2368,2367,218,146,1,0.0028161856
Warm C,395089,2334,2333,218,146,0,0.009244492
Warm C,393847,2320,2319,218,146,0,-3.3355318e-05
Warm C,389911,2288,2287,218,146,0,0.0036758292
Warm C,385204,2251,2250,218,146,0,0.0031000506
Warm C,372249,2174,2173,218,146,1,-0.0047492757
Warm C,362831,2116,2115,218,146,1,0.0102775805
Warm C,355902,2085,2084,218,146,1,0.0030393433
Warm C,355314,2078,2077,218,146,0,0.0014118918
Warm C,358818,2100,2099,218,146,1,0.0061900187
Warm C,285786,1705,1704,218,146,1,-0.0018168538
Warm C,286228,1709,1708,218,146,0,0.016025743
Warm C,259366,1587,1586,218,146,0,0.0074082096
Warm C,264543,1609,1608,218,146,0,0.0014473719
Warm C,237037,1441,1440,218,146,1,0.001426332
Warm C,231599,1404,1403,218,146,0,-0.0016111843
Warm C,335647,1980,1979,218,146,0,-0.0025010717
Warm C,289240,1727,1726,218,146,1,0.0027884566
Warm C,360597,2106,2105,218,146,0,0.0022173503
Warm C,278863,1680,1679,218,146,0,0.0003503514
Warm C,304753,1812,1811,218,146,1,-0.0015966363
Warm C,192316,1184,1183,218,146,0,0.00572592
Warm C,188881,1172,1171,218,146,0,-0.0013001296
Warm C,185050,1150,1149,218,146,0,-0.00049816957
Warm C,201432,1242,1241,218,146,0,0.0138634145
Warm C,179491,1125,1124,218,146,1,0.0011469482
Warm C,331432,1958,1957,218,146,0,0.010819739
Warm C,263124,1605,1604,218,146,1,0.009022253
Warm C,168317,1069,1068,218,146,0,-0.0028952365
Warm C,167744,1068,1067,218,146,0,0.012528973
Warm C,327798,1941,1940,218,146,1,-0.0006451984
Warm C,163717,1050,1049,218,146,0,0.0033932761
Warm C,272085,1645,1644,218,146,1,0.010473836
Warm C,189291,1173,1172,218,146,0,0.0033704652
Warm C,160840,1022,1021,218,146,1,-0.011615688
Warm C,153635,987,986,218,146,1,0.0029103006
Warm C,270800,1639,1638,218,146,1,0.009230338
Warm C,137985,889,888,218,146,0,-0.0077189477
Warm C,351567,2063,2062,218,146,1,0.010153778
Warm C,124448,801,800,218,146,0,-0.0023833434
Warm C,112349,731,730,218,146,0,0.007514317
Warm C,103031,683,682,218,146,0,0.0051070494
Warm C,116008,752,751,218,146,0,0.008650045
Warm C,97753,655,654,218,146,0,0.0017314854
Warm C,332552,1962,1961,218,146,0,-0.0014305247
Warm C,90233,595,594,218,146,1,0.0010969877
Warm C,85536,558,557,218,146,0,0.0010187649
Warm C,291238,1737,1736,218,146,0,-0.0074527212
Warm C,82216,546,545,218,146,1,0.0045041675
Warm C,228104,1383,1382,218,146,1,-0.0021348346
Warm C,77315,524,523,218,146,1,0.0065140105
Warm C,76120,517,516,218,146,1,0.0060305633
Warm C,238726,1448,1447,218,146,1,0.009293426
Warm C,70108,474,473,218,146,0,0.00156393
Warm C,60341,410,409,218,146,0,0.013654751
Warm C,251094,1516,1515,218,146,0,-0.003434765
Warm C,59130,402,401,218,146,0,-0.00352173
Warm C,56251,375,374,218,146,0,0.007031936
Warm C,333765,1969,1968,218,146,1,0.009166175
Warm C,132340,855,854,218,146,0,0.007812508
Warm C,696003,4169,4168,218,146,0,0.005492611
Warm C,39544,268,267,218,146,1,0.009889515
Warm C,29183,199,198,218,146,0,0.0045494083
Warm C,26410,187,186,218,146,1,0.0013173898
Warm C,234832,1425,1424,218,146,1,-0.00045171846
Warm C,500441,3074,3073,218,146,1,-0.0010451581
Warm C,16975,133,132,218,146,1,0.004738125
Warm C,49395,329,328,218,146,1,0.006390387
Warm C,6162,45,44,218,146,0,0.0057975603
Warm C,79229,531,530,218,146,0,-0.0023703417
Warm C,276111,1671,1670,218,146,0,0.001713261
Warm C,157947,1015,1014,218,146,0,0.0026075845
Warm C,78347,528,527,218,146,0,0.00067631085
Warm C,892861,5394,5393,218,146,0,0.003996635
Warm C,241061,1451,1450,218,146,0,0.010703966
Warm C,416458,2507,2506,218,146,0,0.00084680726
Warm C,102071,678,677,218,146,1,0.006975724
Warm C,88309,583,582,218,146,0,0.00040398212
Warm C,134103,869,868,218,146,1,-0.0019212186
Warm C,476278,2926,2925,218,146,0,0.0051055728
Warm C,216891,1317,1316,218,146,1,0.0043119243
Warm C,916628,5539,5538,218,146,0,-0.00069638214
Warm C,657445,3963,3962,218,146,1,0.0051163533
Warm C,193531,1194,1193,218,146,0,0.0043322644
Warm C,171411,1088,1087,218,146,0,-0.0072306073
Warm C,769431,4582,4581,218,146,1,0.010198969
Warm C,974251,5878,5877,218,146,0,0.0049659526
Warm C,860046,5172,5171,218,146,0,0.0039731828
Warm C,497877,3056,3055,227,151,0,0.0048930147
Warm C,493940,3032,3031,227,151,1,0.0025438059
Warm C,472439,2907,2906,227,151,0,0.0023744
Warm C,473397,2909,2908,227,151,1,0.0008798726
Warm C,486952,2996,2995,227,151,0,0.011846703
Warm C,463146,2857,2856,227,151,0,0.007020223
Warm C,453593,2793,2792,227,151,0,-0.00045203604
Warm C,450698,2777,2776,227,151,0,0.0029930514
Warm C,447865,2761,2760,227,151,0,0.0075540636
Warm C,441680,2712,2711,227,151,1,-0.0038762805
Warm C,429833,2620,2619,227,151,0,0.0032130615
Warm C,427446,2595,2594,227,151,1,0.011119787
Warm C,423411,2566,2565,227,151,0,0.004766172
Warm C,408096,2453,2452,227,151,0,0.002553952
Warm C,394494,2326,2325,227,151,0,0.005550557
Warm C,392039,2304,2303,227,151,1,0.008249049
Warm C,375047,2186,2185,227,151,1,0.008895107
Warm C,349490,2051,2050,227,151,0,0.007511495
Warm C,340522,2010,2009,227,151,0,0.0048268302
Warm C,321796,1909,1908,227,151,0,0.002771401
Warm C,315060,1880,1879,227,151,0,0.0061072325
Warm C,297385,1764,1763,227,151,1,0.000333664
Warm C,288820,1726,1725,227,151,0,0.0069151353
Warm C,265636,1613,1612,227,151,0,0.007759238
Warm C,244635,1473,1472,227,151,0,0.00041427277
Warm C,235814,1427,1426,227,151,0,0.0011028708
Warm C,244398,1472,1471,227,151,0,0.00312266
Warm C,227038,1377,1376,227,151,0,0.012005573
Warm C,220651,1338,1337,227,151,0,0.0025133532
Warm C,217558,1320,1319,227,151,0,0.009507118
Warm C,221209,1340,1339,227,151,0,0.004063733
Warm C,243792,1470,1469,227,151,0,0.019360214
Warm C,193150,1193,1192,227,151,0,0.0041806214
Warm C,192322,1184,1183,227,151,0,0.008384349
Warm C,190650,1181,1180,227,151,0,0.0059151733
Warm C,173073,1097,1096,227,151,0,0.0070294356
Warm C,171429,1088,1087,227,151,0,-0.0013066807
Warm C,154788,999,998,227,151,0,0.009912973
Warm C,157458,1012,1011,227,151,0,0.003572976
Warm C,276844,1675,1674,227,151,0,0.013317021
Warm C,136399,881,880,227,151,0,0.01096972
Warm C,135511,877,876,227,151,0,0.006630804
Warm C,202390,1244,1243,227,151,0,0.00035917526
Warm C,121840,785,784,227,151,0,0.0083994325
Warm C,120325,777,776,227,151,0,0.005897225
Warm C,114772,746,745,227,151,0,0.0022322743
Warm C,96365,647,646,227,151,0,0.008586923
Warm C,712846,4277,4276,227,151,0,-0.0012633782
Warm C,480046,2946,2945,227,151,0,0.0010500997
Warm C,91161,604,603,227,151,0,0.0018735924
Warm C,150491,970,969,227,151,0,0.0013311659
Warm C,291248,1737,1736,227,151,1,-0.0026866666
Warm C,77329,524,523,227,151,0,0.014279356
Warm C,80086,533,532,227,151,0,0.0053650374
Warm C,68619,461,460,227,151,0,0.0018928912
Warm C,70115,474,473,227,151,1,0.0041250642
Warm C,239851,1449,1448,227,151,0,0.007612597
Warm C,51448,338,337,227,151,0,0.005060226
Warm C,55612,368,367,227,151,0,0.00049066683
Warm C,38031,260,259,227,151,0,0.006009733
Warm C,29199,199,198,227,151,1,0.0015561474
Warm C,19415,148,147,227,151,1,0.004019281
Warm C,27174,192,191,227,151,0,0.0042245444
Warm C,30509,204,203,227,151,0,0.003211265
Warm C,78361,528,527,227,151,0,0.01271213
Warm C,599132,3648,3647,227,151,1,-0.0016455138
Warm C,62725,424,423,227,151,0,0.010414856
Warm C,587782,3589,3588,227,151,1,0.010335363
Warm C,941340,5682,5681,227,151,0,0.0052080033
Warm C,359294,2102,2101,229,152,0,0.0046109753
Warm C,359977,2105,2104,229,152,1,0.013983112
Warm C,335668,1980,1979,229,152,0,0.01185661
Warm C,282569,1694,1693,229,152,1,0.0025052065
Warm C,282240,1693,1692,229,152,0,-9.9391094e-05
Warm C,278890,1680,1679,229,152,1,0.011295336
Warm C,333310,1968,1967,229,152,0,0.005677334
Warm C,296373,1758,1757,229,152,1,3.098417e-05
Warm C,211758,1288,1287,229,152,0,0.01121361
Warm C,203994,1255,1254,229,152,1,0.008403703
Warm C,210741,1285,1284,229,152,1,0.002752469
Warm C,210056,1284,1283,229,152,0,-0.0016595465
Warm C,185063,1150,1149,229,152,1,0.0032477824
Warm C,307307,1835,1834,229,152,1,0.008043315
Warm C,183918,1146,1145,229,152,1,0.004081717
Warm C,163729,1050,1049,229,152,0,0.008936238
Warm C,159930,1019,1018,229,152,0,0.006879013
Warm C,131814,854,853,229,152,0,0.011759856
Warm C,223418,1354,1353,229,152,0,-0.00051100994
Warm C,107296,706,705,229,152,0,0.007975518
Warm C,696022,4169,4168,229,152,0,0.008965369
Warm C,284003,1698,1697,229,152,1,0.0041613723
Warm C,89185,588,587,229,152,1,0.011509046
Warm C,77331,524,523,229,152,1,0.016773667
Warm C,72910,493,492,229,152,1,0.008205456
Warm C,71890,482,481,229,152,0,0.0053359945
Warm C,98679,660,659,229,152,0,0.0072309873
Warm C,221210,1340,1339,229,152,0,-0.00043827668
Warm C,28152,195,194,229,152,1,0.007771031
Warm C,5051,36,35,229,152,1,-0.0032038735
Warm C,296,5,4,229,152,0,0.0069776233
Warm C,164393,1051,1050,229,152,1,0.007396471
Warm C,863851,5205,5204,229,152,0,0.0049121985
Warm C,140655,904,903,229,152,0,-0.0011759151
Warm C,892871,5394,5393,229,152,0,0.011055859
Warm C,110685,721,720,229,152,0,0.010579879
Warm C,828614,4979,4978,229,152,0,0.0063640536
Warm C,256064,1561,1560,229,152,1,0.011420788
Warm C,241071,1451,1450,229,152,1,0.0008448404
Warm C,169899,1079,1078,229,152,0,0.00067809277
Warm C,484918,2986,2985,229,152,0,-0.0031952704
Warm C,245731,1484,1483,229,152,1,-0.0018579866
Warm C,156680,1010,1009,229,152,0,0.0063920626
Warm C,285215,1701,1700,229,152,1,0.0019821408
Warm C,62726,424,423,229,152,1,0.0017584052
Warm C,895651,5413,5412,229,152,1,0.0066390354
Warm C,790341,4728,4727,229,152,1,0.0038380844
Warm C,841050,5054,5053,229,152,0,0.0035588103
Warm C,550798,3392,3391,234,157,1,-0.0006945167
Warm C,575217,3519,3518,234,157,0,0.01230129
Warm C,549933,3391,3390,234,157,0,0.014102058
Warm C,542100,3336,3335,234,157,0,0.01308728
Warm C,536978,3311,3310,234,157,0,-0.0038813553
Warm C,535879,3308,3307,234,157,1,0.0065627275
Warm C,514823,3180,3179,234,157,0,0.0063064797
Warm C,508533,3129,3128,234,157,0,0.0076436247
Warm C,574663,3518,3517,234,157,0,0.0042975172
Warm C,502077,3082,3081,234,157,0,0.007495165
Warm C,467922,2885,2884,234,157,0,0.010354999
Warm C,459401,2829,2828,234,157,0,0.0026754476
Warm C,450708,2777,2776,234,157,1,0.0010866723
Warm C,450210,2776,2775,234,157,0,0.0112053845
Warm C,444585,2743,2742,234,157,0,0.009944145
Warm C,435770,2664,2663,234,157,0,0.019347114
Warm C,420424,2541,2540,234,157,1,0.018268637
Warm C,419255,2533,2532,234,157,1,0.0061897314
Warm C,399452,2378,2377,234,157,1,0.0066688494
Warm C,392045,2304,2303,234,157,1,0.006721685
Warm C,385212,2251,2250,234,157,0,0.013304036
Warm C,377159,2203,2202,234,157,0,0.009095441
Warm C,368308,2153,2152,234,157,0,0.008413525
Warm C,362858,2116,2115,234,157,0,0.012922554
Warm C,359307,2102,2101,234,157,0,0.0091061685
Warm C,355908,2085,2084,234,157,0,0.004105635
Warm C,361505,2109,2108,234,157,0,0.005427539
Warm C,340531,2010,2009,234,157,0,0.0024699927
Warm C,350923,2060,2059,234,157,1,-0.0009849994
Warm C,287091,1714,1713,234,157,1,0.006340006
Warm C,297393,1764,1763,234,157,0,0.0028371457
Warm C,262162,1600,1599,234,157,0,-0.0044544567
Warm C,230074,1392,1391,234,157,0,0.012395813
Warm C,223422,1354,1353,234,157,0,0.0023262529
Warm C,289252,1727,1726,234,157,0,0.0073497426
Warm C,212827,1297,1296,234,157,0,0.010780528
Warm C,277524,1676,1675,234,157,0,0.0101948315
Warm C,205271,1263,1262,234,157,0,0.007923656
Warm C,278910,1680,1679,234,157,1,0.0069899824
Warm C,243801,1470,1469,234,157,1,0.0008950571
Warm C,193152,1193,1192,234,157,0,0.016633376
Warm C,188893,1172,1171,234,157,0,0.0076658064
Warm C,327842,1941,1940,234,157,0,0.016786542
Warm C,161968,1033,1032,234,157,0,0.0039204666
Warm C,189298,1173,1172,234,157,0,0.0054049934
Warm C,156692,1010,1009,234,157,0,0.00694306
Warm C,136408,881,880,234,157,0,0.007529873
Warm C,135517,877,876,234,157,0,0.01188754
Warm C,332567,1962,1961,234,157,0,0.014030065
Warm C,124198,800,799,234,157,0,0.00769009
Warm C,360620,2106,2105,234,157,0,0.0069539184
Warm C,112362,731,730,234,157,0,0.019234005
Warm C,107810,710,709,234,157,0,0.005310693
Warm C,98685,660,659,234,157,0,0.00997789
Warm C,96367,647,646,234,157,0,0.0028375606
Warm C,314045,1875,1874,234,157,0,0.008693226
Warm C,631455,3821,3820,234,157,0,0.007887893
Warm C,82931,549,548,234,157,1,0.019564867
Warm C,190669,1181,1180,234,157,0,0.014338654
Warm C,77339,524,523,234,157,0,0.017523902
Warm C,119116,770,769,234,157,0,0.0036941334
Warm C,81564,543,542,234,157,1,0.012933332
Warm C,68625,461,460,234,157,0,0.012843656
Warm C,65260,438,437,234,157,1,0.0057158708
Warm C,251100,1516,1515,234,157,0,0.016094444
Warm C,57185,386,385,234,157,0,-0.00066684885
Warm C,132352,855,854,234,157,0,0.012828823
Warm C,696038,4169,4168,234,157,0,0.017124254
Warm C,32087,216,215,234,157,0,0.008393789
Warm C,299956,1779,1778,234,157,0,0.005986004
Warm C,3431,26,25,234,157,0,0.01224215
Warm C,6837,48,47,234,157,0,0.014425266
Warm C,354786,2077,2076,234,157,0,0.003695229
Warm C,966657,5831,5830,234,157,0,0.0186512
Warm C,326047,1930,1929,234,157,0,0.007149576
Warm C,974941,5880,5879,234,157,0,0.010593844
Warm C,264992,1611,1610,234,157,0,0.014776108
Warm C,102094,678,677,234,157,0,0.009819135
Warm C,537813,3312,3311,234,157,0,0.0029908996
Warm C,79256,531,530,234,157,0,0.017721217
Warm C,159942,1019,1018,234,157,0,0.0072986903
Warm C,71898,482,481,234,157,0,0.018993855
Warm C,331457,1958,1957,234,157,0,0.004940324
Warm C,930357,5621,5620,234,157,1,0.00929725
Warm C,310586,1851,1850,234,157,0,0.005858207
Warm C,923887,5580,5579,234,157,0,0.008364003
Warm C,234849,1425,1424,234,157,0,0.00022610347
Warm C,758479,4510,4509,239,161,1,0.008312417
Warm C,579164,3539,3538,239,161,1,0.020980937
Warm C,744777,4448,4447,239,161,0,0.013563778
Warm C,570241,3499,3498,239,161,1,0.018678125
Warm C,562482,3462,3461,239,161,0,0.009121345
Warm C,557177,3423,3422,239,161,0,0.0078965
Warm C,553181,3403,3402,239,161,0,0.0069734943
Warm C,554432,3411,3410,239,161,0,0.008527781
Warm C,689793,4126,4125,239,161,1,0.00051585655
Warm C,543227,3345,3344,239,161,0,0.011117142
Warm C,532693,3290,3289,239,161,0,0.008686442
Warm C,530645,3279,3278,239,161,0,0.0069868197
Warm C,509458,3138,3137,239,161,0,0.008390682
Warm C,493956,3032,3031,239,161,1,0.013948333
Warm C,492005,3026,3025,239,161,0,0.007032195
Warm C,487555,2999,2998,239,161,0,0.0031098374
Warm C,477969,2934,2933,239,161,1,0.00777847
Warm C,477449,2931,2930,239,161,0,0.008619316
Warm C,473414,2909,2908,239,161,0,0.017028246
Warm C,423118,2565,2564,239,161,0,0.010498455
Warm C,420615,2542,2541,239,161,1,0.009284789
Warm C,419683,2537,2536,239,161,0,0.012143633
Warm C,414318,2495,2494,239,161,0,0.0072536715
Warm C,399453,2378,2377,239,161,0,0.010505425
Warm C,389920,2288,2287,239,161,0,0.005876936
Warm C,418558,2529,2528,239,161,1,0.017428257
Warm C,379883,2222,2221,239,161,1,0.0015157082
Warm C,373377,2180,2179,239,161,0,0.008264335
Warm C,358827,2100,2099,239,161,0,0.009186334
Warm C,345777,2029,2028,239,161,0,0.0018950044
Warm C,341485,2012,2011,239,161,0,0.011690464
Warm C,339469,2000,1999,239,161,1,0.017004812
Warm C,362862,2116,2115,239,161,1,0.009448831
Warm C,326963,1938,1937,239,161,1,0.013595844
Warm C,288090,1721,1720,239,161,0,-0.0060352245
Warm C,277529,1676,1675,239,161,1,0.006509698
Warm C,272778,1647,1646,239,161,1,0.015059389
Warm C,257023,1574,1573,239,161,0,-0.0030012515
Warm C,256596,1568,1567,239,161,1,0.009790708
Warm C,309251,1841,1840,239,161,0,0.007169215
Warm C,360622,2106,2105,239,161,0,0.008875148
Warm C,321235,1904,1903,239,161,0,0.008174845
Warm C,247305,1495,1494,239,161,0,0.0040586498
Warm C,216187,1312,1311,239,161,0,0.012612176
Warm C,216390,1314,1313,239,161,0,0.003937539
Warm C,278914,1680,1679,239,161,1,0.01813876
Warm C,207736,1271,1270,239,161,0,0.012732029
Warm C,213367,1298,1297,239,161,0,0.008937161
Warm C,235815,1427,1426,239,161,0,0.015210268
Warm C,236341,1434,1433,239,161,0,0.006700399
Warm C,327844,1941,1940,239,161,0,0.009043001
Warm C,183132,1141,1140,239,161,0,0.00145604
Warm C,178011,1120,1119,239,161,1,0.0056853346
Warm C,172833,1096,1095,239,161,0,0.006246728
Warm C,272093,1645,1644,239,161,0,0.011130676
Warm C,155790,1004,1003,239,161,0,0.009971239
Warm C,165443,1054,1053,239,161,1,0.013314394
Warm C,146226,940,939,239,161,0,0.0008376995
Warm C,144832,934,933,239,161,0,0.012893068
Warm C,164403,1051,1050,239,161,1,0.024809344
Warm C,156694,1010,1009,239,161,0,0.013662532
Warm C,276855,1675,1674,239,161,0,0.00566141
Warm C,138022,889,888,239,161,0,0.010220069
Warm C,137304,885,884,239,161,1,0.0064071696
Warm C,136411,881,880,239,161,0,0.007695846
Warm C,133760,866,865,239,161,0,0.002096436
Warm C,134126,869,868,239,161,1,0.0011051903
Warm C,263144,1605,1604,239,161,0,0.010107867
Warm C,126524,817,816,239,161,1,0.013303715
Warm C,124200,800,799,239,161,1,0.014671814
Warm C,121052,780,779,239,161,0,0.006178951
Warm C,234852,1425,1424,239,161,0,0.009370027
Warm C,107158,705,704,239,161,0,0.00925581
Warm C,109229,714,713,239,161,1,0.010038828
Warm C,94461,634,633,239,161,0,0.0035237798
Warm C,92209,614,613,239,161,1,0.009786
Warm C,91501,606,605,239,161,0,0.0055159563
Warm C,87221,570,569,239,161,0,0.014422605
Warm C,81204,541,540,239,161,0,0.007971115
Warm C,84004,550,549,239,161,0,0.0066665765
Warm C,75248,510,509,239,161,1,0.013813213
Warm C,73084,494,493,239,161,0,0.0018628751
Warm C,69613,467,466,239,161,0,0.0021261885
Warm C,87054,569,568,239,161,0,0.008552831
Warm C,65262,438,437,239,161,0,0.010903629
Warm C,64467,430,429,239,161,1,0.013852799
Warm C,41818,284,283,239,161,0,0.0048881723
Warm C,38304,261,260,239,161,0,0.013262446
Warm C,365175,2125,2124,239,161,0,0.010996234
Warm C,21783,158,157,239,161,1,0.008202043
Warm C,22553,163,162,239,161,0,0.017149635
Warm C,269819,1635,1634,239,161,0,0.0162065
Warm C,10518,75,74,239,161,1,0.00048550416
Warm C,6842,48,47,239,161,0,0.01700034
Warm C,233985,1422,1421,239,161,0,0.014184554
Warm C,439797,2688,2687,239,161,0,0.011909213
Warm C,19440,148,147,239,161,1,0.002054753
Warm C,552205,3401,3400,239,161,1,0.0166607
Warm C,139150,890,889,239,161,1,0.002086117
Warm C,28186,195,194,239,161,1,0.016873341
Warm C,12011,92,91,239,161,1,0.011207355
Warm C,376339,2195,2194,239,161,0,0.013977085
Warm C,40011,271,270,239,161,0,0.006600513
Warm C,344799,2023,2022,239,161,1,0.014479054
Warm C,54513,355,354,239,161,0,0.004284948
Warm C,456395,2810,2809,239,161,0,0.005350006
Warm C,171445,1088,1087,239,161,0,0.015721884
Warm C,865892,5222,5221,239,161,0,0.011191886
Warm C,117893,760,759,242,162,1,0.019096348
Warm C,116043,752,751,242,162,0,0.019581668
Warm C,91941,611,610,242,162,0,0.00815796
Warm C,288571,1724,1723,242,162,1,0.0072571626
Warm C,74709,509,508,242,162,0,0.008154935
Warm C,132357,855,854,242,162,0,0.009013439
Warm C,696049,4169,4168,242,162,1,0.015704734
Warm C,34134,230,229,242,162,1,0.01219403
Warm C,199826,1227,1226,242,162,1,-0.00054047303
Warm C,734231,4387,4386,242,162,0,0.0057583204
Warm C,26452,187,186,242,162,1,0.005636005
Warm C,17522,136,135,242,162,1,0.011929868
Warm C,7763,53,52,242,162,0,0.016964577
Warm C,94563,635,634,242,162,1,0.0025120259
Warm C,932510,5630,5629,242,162,1,0.008950552
Warm C,20025,149,148,242,162,1,0.015612535
Warm C,607654,3688,3687,242,162,1,0.00065909466
Warm C,17821,137,136,242,162,1,0.015529016
Warm C,287650,1717,1716,242,162,1,0.0051602423
Warm C,52171,343,342,242,162,1,0.007133361
Warm C,467924,2885,2884,248,165,0,0.0017758904
Warm C,465347,2870,2869,248,165,0,0.007841242
Warm C,492611,3029,3028,248,165,0,0.010006897
Warm C,450717,2777,2776,248,165,1,-0.0021436857
Warm C,444589,2743,2742,248,165,1,-0.008321032
Warm C,466722,2878,2877,248,165,0,0.0010830811
Warm C,564283,3471,3470,248,165,0,-0.0030504994
Warm C,420426,2541,2540,248,165,1,0.0017378344
Warm C,420193,2540,2539,248,165,1,-0.0025196355
Warm C,419689,2537,2536,248,165,0,0.0044365777
Warm C,419258,2533,2532,248,165,0,-0.0056612534
Warm C,417933,2525,2524,248,165,0,0.00343748
Warm C,416477,2507,2506,248,165,1,-0.006481142
Warm C,384963,2249,2248,248,165,0,-0.0023262808
Warm C,379886,2222,2221,248,165,0,0.0014610419
Warm C,377745,2205,2204,248,165,0,-0.0066952803
Warm C,375518,2188,2187,248,165,0,0.003275959
Warm C,370461,2166,2165,248,165,0,-0.0008505052
Warm C,366570,2136,2135,248,165,0,-0.0004759439
Warm C,355916,2085,2084,248,165,0,-0.0009655608
Warm C,361512,2109,2108,248,165,0,0.0031081676
Warm C,358829,2100,2099,248,165,0,0.005373936
Warm C,345067,2024,2023,248,165,1,0.0080924
Warm C,297396,1764,1763,248,165,0,0.0046249055
Warm C,281205,1687,1686,248,165,1,0.0069358638
Warm C,278929,1680,1679,248,165,1,-0.0044467873
Warm C,264555,1609,1608,248,165,1,-0.004172612
Warm C,309252,1841,1840,248,165,0,0.008609079
Warm C,237042,1441,1440,248,165,0,-0.0039374554
Warm C,217955,1322,1321,248,165,1,0.004716439
Warm C,210063,1284,1283,248,165,0,0.00018345774
Warm C,198784,1221,1220,248,165,0,0.00090136204
Warm C,185083,1150,1149,248,165,0,0.0035769804
Warm C,173578,1100,1099,248,165,0,-0.0018713241
Warm C,163739,1050,1049,248,165,0,-0.001659662
Warm C,189302,1173,1172,248,165,0,-0.00805204
Warm C,165445,1054,1053,248,165,0,0.0026616629
Warm C,164412,1051,1050,248,165,0,0.0016372232
Warm C,136415,881,880,248,165,0,0.006022206
Warm C,351606,2063,2062,248,165,0,-0.0015208442
Warm C,124811,802,801,248,165,0,0.003336875
Warm C,360626,2106,2105,248,165,0,0.008784356
Warm C,112371,731,730,248,165,1,0.00758935
Warm C,105961,699,698,248,165,0,-0.0063881036
Warm C,299530,1778,1777,248,165,0,-0.00037338352
Warm C,239872,1449,1448,248,165,0,0.006108524
Warm C,86550,566,565,248,165,0,0.003614036
Warm C,119120,770,769,248,165,0,0.0020535504
Warm C,70713,476,475,248,165,1,0.0012617486
Warm C,65269,438,437,248,165,0,0.0021327808
Warm C,626633,3792,3791,248,165,0,5.949498e-05
Warm C,228136,1383,1382,248,165,0,0.0038858482
Warm C,52555,346,345,248,165,1,0.0023782665
Warm C,51811,340,339,248,165,1,0.0021442133
Warm C,132359,855,854,248,165,0,0.00091417425
Warm C,44562,302,301,248,165,0,0.009717445
Warm C,39575,268,267,248,165,0,0.0032388999
Warm C,38318,261,260,248,165,1,0.003735554
Warm C,32118,216,215,248,165,0,0.0030830624
Warm C,27708,194,193,248,165,1,0.0051886803
Warm C,3455,26,25,248,165,0,0.01007649
Warm C,2619,22,21,248,165,0,0.009736266
Warm C,545263,3363,3362,248,165,1,-0.00091153337
Warm C,896,10,9,248,165,1,-0.0009625335
Warm C,107814,710,709,248,165,0,0.0053312685
Warm C,237761,1447,1446,248,165,0,0.0040914677
Warm C,362871,2116,2115,248,165,0,0.0021716403
Warm C,567359,3483,3482,248,165,0,0.006474578
Warm C,144835,934,933,248,165,0,0.0003173931
Warm C,331463,1958,1957,248,165,0,0.013099278
Warm C,599147,3648,3647,248,165,0,-0.0056176884
Warm C,327857,1941,1940,248,165,0,0.006746618
Warm C,251104,1516,1515,248,165,0,0.010944385
Warm C,28217,195,194,248,165,1,0.00033758627
Warm C,354788,2077,2076,248,165,1,-0.008491473
Warm C,272784,1647,1646,248,165,0,0.0008897553
Warm C,295587,1755,1754,248,165,0,0.0020917077
Warm C,272097,1645,1644,248,165,1,-0.0029713423
Warm C,354792,2077,2076,255,169,0,0.016724244
Warm C,709722,4258,4257,255,169,0,0.011206107
Warm C,326052,1930,1929,255,169,0,0.013996923
Warm C,342333,2015,2014,255,169,1,0.007155154
Warm C,28240,195,194,255,169,0,0.0156071065
Warm C,351626,2063,2062,255,169,0,0.009119361
Warm C,358440,2098,2097,257,171,0,0.0091054905
Warm C,349822,2054,2053,257,171,0,0.010969776
Warm C,351628,2063,2062,257,171,0,0.011646905
Warm C,298653,1773,1772,257,171,1,0.0042495234
Warm C,295594,1755,1754,257,171,1,0.009938243
Warm C,265655,1613,1612,257,171,0,0.013282151
Warm C,315086,1880,1879,257,171,0,0.017490214
Warm C,264558,1609,1608,257,171,0,0.0073860586
Warm C,277549,1676,1675,257,171,0,0.0130904615
Warm C,254325,1546,1545,257,171,1,0.008845929
Warm C,278953,1680,1679,257,171,0,0.010785948
Warm C,193553,1194,1193,257,171,1,0.0054370966
Warm C,219783,1333,1332,257,171,0,0.008744398
Warm C,331478,1958,1957,257,171,1,0.00593635
Warm C,183933,1146,1145,257,171,0,0.007887922
Warm C,165175,1053,1052,257,171,0,0.0066141495
Warm C,170216,1084,1083,257,171,0,0.008696105
Warm C,185103,1150,1149,257,171,0,0.00529812
Warm C,216919,1317,1316,257,171,0,0.0129965525
Warm C,138058,889,888,257,171,0,0.0115879215
Warm C,174989,1109,1108,257,171,0,0.0032472836
Warm C,105971,699,698,257,171,1,0.008914611
Warm C,107824,710,709,257,171,0,0.01662131
Warm C,100108,669,668,257,171,0,0.010015636
Warm C,176828,1117,1116,257,171,0,0.010674906
Warm C,239886,1449,1448,257,171,0,0.009076197
Warm C,110708,721,720,257,171,1,0.008941119
Warm C,299539,1778,1777,257,171,1,0.0077604577
Warm C,291270,1737,1736,257,171,1,0.010306895
Warm C,190695,1181,1180,257,171,0,0.01214152
Warm C,77356,524,523,257,171,0,0.017077645
Warm C,75358,512,511,257,171,1,-0.0023907353
Warm C,44589,302,301,257,171,0,0.012242522
Warm C,56987,385,384,257,171,0,0.008561078
Warm C,27230,192,191,257,171,0,0.0022353944
Warm C,2636,22,21,257,171,0,0.0061252587
Warm C,1553,15,14,257,171,0,0.001363667
Warm C,578191,3532,3531,257,171,1,0.001561984
Warm C,104225,692,691,257,171,0,0.008038871
Warm C,696073,4169,4168,257,171,0,0.01040254
Warm C,481728,2962,2961,257,171,0,0.006715099
Warm C,19478,148,147,257,171,1,0.0024142936
Warm C,50207,331,330,257,171,0,0.0050092638
Warm C,167095,1063,1062,257,171,0,0.004083731
Warm C,439117,2683,2682,257,171,1,0.014874248
Warm C,150505,970,969,257,171,0,0.014367451
Warm C,567366,3483,3482,257,171,1,0.012082858
Warm C,413687,2489,2488,257,171,0,0.013493561
Warm C,11642,90,89,257,171,1,0.0058933953
Warm C,476299,2926,2925,257,171,0,0.009437067
Warm C,473439,2909,2908,257,171,1,0.011613118
Warm C,561524,3454,3453,257,171,0,0.012694525
Warm C,941356,5682,5681,257,171,1,0.017772129
Warm C,468340,2887,2886,257,171,0,0.015452748
Warm C,581747,3555,3554,258,172,0,0.0052519925
Warm C,573198,3511,3510,258,172,1,0.008208891
Warm C,573472,3512,3511,258,172,0,0.007817534
Warm C,559061,3434,3433,258,172,0,0.008655467
Warm C,553326,3404,3403,258,172,1,0.0037757144
Warm C,548959,3389,3388,258,172,0,0.012214536
Warm C,589849,3599,3598,258,172,0,-0.0030656355
Warm C,504126,3099,3098,258,172,0,0.008630282
Warm C,492016,3026,3025,258,172,0,0.0055782683
Warm C,489542,3013,3012,258,172,0,0.014727689
Warm C,517836,3196,3195,258,172,1,0.017731072
Warm C,471317,2900,2899,258,172,0,0.008553124
Warm C,466734,2878,2877,258,172,0,0.008564376
Warm C,492622,3029,3028,258,172,0,0.009793623
Warm C,474972,2915,2914,258,172,0,0.0019225172
Warm C,438973,2682,2681,258,172,0,0.004608574
Warm C,450731,2777,2776,258,172,0,0.008946235
Warm C,423418,2566,2565,258,172,0,0.00555789
Warm C,463762,2858,2857,258,172,1,0.0049829413
Warm C,396317,2344,2343,258,172,0,-7.213652e-05
Warm C,391129,2299,2298,258,172,0,0.00318944
Warm C,389928,2288,2287,258,172,0,0.010482606
Warm C,389588,2284,2283,258,172,0,0.0042121494
Warm C,384058,2244,2243,258,172,0,0.0048813205
Warm C,376967,2202,2201,258,172,0,0.00736759
Warm C,370680,2167,2166,258,172,0,0.004121086
Warm C,370463,2166,2165,258,172,0,0.0077331997
Warm C,348403,2042,2041,258,172,0,0.00826322
Warm C,339778,2003,2002,258,172,0,0.003363601
Warm C,300708,1781,1780,258,172,0,0.0058686445
Warm C,268313,1630,1629,258,172,0,0.005409424
Warm C,260364,1592,1591,258,172,1,0.004125618
Warm C,247307,1495,1494,258,172,0,0.0027862196
Warm C,227059,1377,1376,258,172,0,0.018425906
Warm C,224097,1356,1355,258,172,0,0.0046337624
Warm C,212835,1297,1296,258,172,0,0.005212107
Warm C,272796,1647,1646,258,172,0,0.011031305
Warm C,243822,1470,1469,258,172,0,0.015652701
Warm C,236347,1434,1433,258,172,0,-0.0009950856
Warm C,198598,1220,1219,258,172,0,0.004456248
Warm C,327882,1941,1940,258,172,0,0.0015491415
Warm C,248738,1501,1500,258,172,1,0.006957611
Warm C,168340,1069,1068,258,172,0,0.007078665
Warm C,276638,1673,1672,258,172,0,0.0059257224
Warm C,227578,1380,1379,258,172,0,0.013192461
Warm C,165448,1054,1053,258,172,0,0.012187557
Warm C,146227,940,939,258,172,0,0.013082744
Warm C,138059,889,888,258,172,0,0.0064584236
Warm C,134144,869,868,258,172,0,0.010046436
Warm C,123849,798,797,258,172,1,0.0046583917
Warm C,123352,796,795,258,172,0,0.005418677
Warm C,120344,777,776,258,172,0,0.011953128
Warm C,360637,2106,2105,258,172,0,0.006082152
Warm C,216395,1314,1313,258,172,0,0.005648427
Warm C,299540,1778,1777,258,172,0,0.014323512
Warm C,362886,2116,2115,258,172,0,0.011523227
Warm C,96116,646,645,258,172,1,0.0061856876
Warm C,93758,629,628,258,172,1,0.0019046682
Warm C,85789,560,559,258,172,1,0.0038075936
Warm C,85237,556,555,258,172,0,-0.0019272186
Warm C,70725,476,475,258,172,0,0.00038342713
Warm C,69766,470,469,258,172,1,-0.0018362646
Warm C,65276,438,437,258,172,0,0.0068928846
Warm C,75858,516,515,258,172,0,0.0012848331
Warm C,56106,372,371,258,172,1,0.010242381
Warm C,58105,392,391,258,172,0,0.0022328724
Warm C,29240,199,198,258,172,1,0.002778411
Warm C,19479,148,147,258,172,0,0.009479848
Warm C,15045,119,118,258,172,0,0.008939075
Warm C,10526,75,74,258,172,1,0.010269787
Warm C,5612,40,39,258,172,0,-0.00013053045
Warm C,237776,1447,1446,258,172,0,0.0057447366
Warm C,954201,5761,5760,258,172,0,0.004744853
Warm C,12045,92,91,258,172,0,0.012185475
Warm C,241089,1451,1450,258,172,0,0.0132030565
Warm C,376343,2195,2194,258,172,0,0.006886094
Warm C,454552,2796,2795,258,172,0,0.00843335
Warm C,310601,1851,1850,258,172,0,0.0020680344
Warm C,40031,271,270,258,172,0,-0.0056854784
Warm C,255478,1556,1555,258,172,0,0.012616489
Warm C,456401,2810,2809,258,172,0,0.013234413
Warm C,206288,1265,1264,258,172,0,0.0017065611
Warm C,52182,343,342,258,172,1,0.0042241607
Warm C,171467,1088,1087,258,172,0,0.0068261866
Warm C,324903,1925,1924,259,173,1,-0.0015463238
Warm C,295991,1757,1756,259,173,0,0.0020453914
Warm C,265656,1613,1612,259,173,0,0.0045107673
Warm C,185104,1150,1149,259,173,0,-0.00029721484
Warm C,307333,1835,1834,259,173,0,-0.0074404883
Warm C,210776,1285,1284,259,173,1,0.005371147
Warm C,183934,1146,1145,259,173,0,-0.00280889
Warm C,168341,1069,1068,259,173,0,0.002582095
Warm C,275468,1667,1666,259,173,0,0.00757897
Warm C,221231,1340,1339,259,173,0,-0.00072460715
Warm C,270817,1639,1638,259,173,0,0.004386885
Warm C,156715,1010,1009,259,173,1,0.006277946
Warm C,335706,1980,1979,259,173,0,0.002901313
Warm C,126533,817,816,259,173,0,0.009407191
Warm C,360638,2106,2105,259,173,0,-0.0020429771
Warm C,100109,669,668,259,173,0,0.008777283
Warm C,239887,1449,1448,259,173,0,0.004225992
Warm C,631471,3821,3820,259,173,0,0.00086197443
Warm C,696074,4169,4168,259,173,0,-0.002904866
Warm C,104226,692,691,259,173,0,0.0011213999
Warm C,308508,1837,1836,259,173,1,-0.0074146576
Warm C,82954,549,548,259,173,1,-0.004879802
Warm C,77357,524,523,259,173,1,0.0006078016
Warm C,197280,1211,1210,259,173,1,-0.0017102616
Warm C,66279,443,442,259,173,0,-0.0010684906
Warm C,64188,429,428,259,173,0,-0.0056615383
Warm C,44592,302,301,259,173,0,0.00568385
Warm C,29919,202,201,259,173,0,0.006059082
Warm C,291271,1737,1736,259,173,0,0.0027266375
Warm C,27232,192,191,259,173,0,0.001563374
Warm C,7791,53,52,259,173,1,0.0106994575
Warm C,15646,123,122,259,173,0,-0.0070959087
Warm C,354794,2077,2076,259,173,0,-0.0011708494
Warm C,150506,970,969,259,173,0,0.0008763252
Warm C,892893,5394,5393,259,173,0,-0.0019769187
Warm C,966677,5831,5830,259,173,0,-0.000273559
Warm C,264998,1611,1610,259,173,0,-0.004648328
Warm C,413688,2489,2488,259,173,0,-0.0001611535
Warm C,245737,1484,1483,259,173,1,0.004732734
Warm C,50208,331,330,259,173,0,0.002370361
Warm C,322231,1912,1911,259,173,0,0.0014282763
Warm C,549955,3391,3390,259,173,0,0.013142293
Warm C,651331,3929,3928,262,176,0,0.010342356
Warm C,641554,3858,3857,262,176,1,0.0074455184
Warm C,630752,3816,3815,262,176,1,0.010387613
Warm C,726409,4345,4344,262,176,1,0.0032732687
Warm C,602637,3667,3666,262,176,1,0.0029880097
Warm C,591074,3606,3605,262,176,1,0.002344924
Warm C,582752,3560,3559,262,176,1,0.0058453847
Warm C,579190,3539,3538,262,176,0,0.0055618705
Warm C,563666,3469,3468,262,176,1,0.005458168
Warm C,535909,3308,3307,262,176,0,0.007734983
Warm C,533190,3292,3291,262,176,1,0.011374973
Warm C,825524,4958,4957,262,176,0,0.0070753144
Warm C,830916,4995,4994,262,176,1,0.008138658
Warm C,524514,3234,3233,262,176,1,0.0039746007
Warm C,522405,3224,3223,262,176,1,0.0052512586
Warm C,512730,3163,3162,262,176,1,0.011574967
Warm C,506629,3118,3117,262,176,1,0.001178711
Warm C,502853,3087,3086,262,176,1,0.003492904
Warm C,712906,4277,4276,262,176,1,0.006626021
Warm C,766012,4561,4560,262,176,1,0.0020469553
Warm C,633110,3824,3823,262,176,1,0.0059371553
Warm C,485744,2990,2989,262,176,1,-0.0012429738
Warm C,477989,2934,2933,262,176,1,0.008133758
Warm C,478756,2938,2937,262,176,1,0.005141658
Warm C,465967,2873,2872,262,176,0,0.0017174974
Warm C,455794,2807,2806,262,176,1,0.007959248
Warm C,466740,2878,2877,262,176,1,0.018338937
Warm C,450741,2777,2776,262,176,0,0.0009954356
Warm C,444949,2744,2743,262,176,0,0.006556153
Warm C,478554,2936,2935,262,176,1,0.00999026
Warm C,696095,4169,4168,262,176,0,0.0056425724
Warm C,437920,2676,2675,262,176,1,0.001530328
Warm C,410423,2462,2461,262,176,1,0.00821697
Warm C,401763,2396,2395,262,176,0,0.005814949
Warm C,400919,2389,2388,262,176,1,0.010209382
Warm C,400339,2383,2382,262,176,1,0.009046997
Warm C,406779,2444,2443,262,176,1,0.0026082797
Warm C,381280,2230,2229,262,176,0,-0.0025270458
Warm C,377756,2205,2204,262,176,0,0.0070788544
Warm C,354024,2073,2072,262,176,1,0.0025382722
Warm C,339781,2003,2002,262,176,1,0.0024083457
Warm C,315101,1880,1879,262,176,1,0.011683188
Warm C,292866,1744,1743,262,176,1,0.010419907
Warm C,282251,1693,1692,262,176,0,0.006577148
Warm C,236856,1439,1438,262,176,1,-0.00041262025
Warm C,348918,2047,2046,262,176,1,0.012761774
Warm C,231881,1406,1405,262,176,1,-0.0064843646
Warm C,225734,1367,1366,262,176,1,0.007549763
Warm C,228161,1383,1382,262,176,0,0.0073898244
Warm C,222730,1348,1347,262,176,1,0.0123355165
Warm C,319256,1897,1896,262,176,1,0.014703986
Warm C,283496,1697,1696,262,176,1,0.007024008
Warm C,213381,1298,1297,262,176,1,0.010032147
Warm C,194120,1196,1195,262,176,1,0.013439776
Warm C,185121,1150,1149,262,176,0,0.0014391085
Warm C,183787,1145,1144,262,176,1,0.0016247816
Warm C,177511,1119,1118,262,176,1,0.017535986
Warm C,263179,1605,1604,262,176,1,0.006063518
Warm C,169786,1078,1077,262,176,0,-0.0007599968
Warm C,168350,1069,1068,262,176,1,0.0021665539
Warm C,334525,1974,1973,262,176,1,0.007523579
Warm C,159185,1017,1016,262,176,0,0.008960117
Warm C,319989,1899,1898,262,176,1,0.007963212
Warm C,166947,1062,1061,262,176,1,-0.0024419958
Warm C,360652,2106,2105,262,176,0,0.0018454976
Warm C,384673,2247,2246,262,176,0,-0.002989805
Warm C,129314,839,838,262,176,1,0.0050499532
Warm C,124208,800,799,262,176,0,0.0077981437
Warm C,349251,2050,2049,262,176,1,0.0055536414
Warm C,112383,731,730,262,176,1,0.010036491
Warm C,292755,1743,1742,262,176,1,0.011064908
Warm C,93762,629,628,262,176,1,0.0061349296
Warm C,169093,1073,1072,262,176,1,0.005319203
Warm C,85903,561,560,262,176,1,-0.006295322
Warm C,85240,556,555,262,176,0,-0.0021853351
Warm C,84761,551,550,262,176,0,0.0068527213
Warm C,84029,550,549,262,176,0,-0.0046631186
Warm C,274191,1657,1656,262,176,1,0.005293872
Warm C,76638,520,519,262,176,1,0.0075957538
Warm C,70123,474,473,262,176,1,0.009503139
Warm C,64931,436,435,262,176,1,0.008771423
Warm C,62781,424,423,262,176,1,0.013665079
Warm C,823723,4951,4950,262,176,1,0.0039948416
Warm C,19500,148,147,262,176,1,0.0035276175
Warm C,10527,75,74,262,176,1,0.014052564
Warm C,2055,18,17,262,176,1,0.012994299
Warm C,104233,692,691,262,176,0,0.0029202774
Warm C,206776,1266,1265,262,176,1,0.01631673
Warm C,28265,195,194,262,176,1,0.0058353413
Warm C,347965,2041,2040,262,176,1,0.0010325657
Warm C,73804,500,499,262,176,1,0.009044636
Warm C,158015,1015,1014,262,176,0,0.008212409
Warm C,932513,5630,5629,262,176,1,-0.00340564
Warm C,181937,1137,1136,262,176,1,0.008591623
Warm C,30561,204,203,262,176,1,0.0068646017
Warm C,333785,1969,1968,262,176,1,0.0026357723
Warm C,734247,4387,4386,262,176,0,0.007501598
Warm C,829937,4983,4982,262,176,1,0.00068391114
Warm C,272810,1647,1646,262,176,1,0.016244292
Warm C,309553,1842,1841,262,176,1,0.0050807456
Warm C,907609,5492,5491,262,176,1,0.012270434
Warm C,312836,1865,1864,262,176,1,-0.000638084
Warm C,183148,1141,1140,262,176,0,0.009974347
Warm C,456409,2810,2809,262,176,0,0.007067631
Warm C,322240,1912,1911,262,176,0,0.006083834
Warm C,795469,4765,4764,262,176,1,0.0019413319
Warm C,206297,1265,1264,262,176,1,0.006292727
Warm C,739376,4418,4417,262,176,1,0.00898755
Warm C,768669,4579,4578,262,176,0,0.015406301
Warm C,472034,2905,2904,262,176,1,0.0071386676
Warm C,882895,5333,5332,262,176,0,0.013039721
Warm C,26000,184,183,262,176,1,0.0024054947
Warm C,613213,3716,3715,267,179,1,0.014827332
Warm C,605702,3681,3680,267,179,0,0.023294762
Warm C,616110,3729,3728,267,179,0,0.0071504493
Warm C,596455,3626,3625,267,179,1,0.009504501
Warm C,591506,3609,3608,267,179,0,0.0051485067
Warm C,731161,4375,4374,267,179,1,0.011574171
Warm C,578613,3537,3536,267,179,1,0.0075055864
Warm C,579192,3539,3538,267,179,1,0.01359849
Warm C,567377,3483,3482,267,179,0,0.0060830773
Warm C,528635,3267,3266,267,179,0,0.008314312
Warm C,532061,3285,3284,267,179,0,0.012919571
Warm C,537010,3311,3310,267,179,0,0.010378839
Warm C,515401,3182,3181,267,179,0,0.0073962137
Warm C,514846,3180,3179,267,179,0,-0.0053328834
Warm C,502085,3082,3081,267,179,0,0.0012417729
Warm C,516399,3189,3188,267,179,0,0.012454329
Warm C,493990,3032,3031,267,179,1,0.008065404
Warm C,492020,3026,3025,267,179,0,0.0033686254
Warm C,472479,2907,2906,267,179,0,0.0026843445
Warm C,496440,3051,3050,267,179,0,-0.0006029508
Warm C,518681,3201,3200,267,179,0,0.0052351197
Warm C,456410,2810,2809,267,179,1,0.009321252
Warm C,465969,2873,2872,267,179,0,0.013362052
Warm C,434402,2649,2648,267,179,0,0.0067626857
Warm C,450744,2777,2776,267,179,0,0.015191196
Warm C,420432,2541,2540,267,179,1,0.007994818
Warm C,409555,2457,2456,267,179,0,0.0033296347
Warm C,399463,2378,2377,267,179,0,0.006224798
Warm C,355924,2085,2084,267,179,0,0.017709125
Warm C,351645,2063,2062,267,179,0,0.025747593
Warm C,341507,2012,2011,267,179,0,0.0010187238
Warm C,340558,2010,2009,267,179,0,0.01249901
Warm C,323744,1920,1919,267,179,1,0.008055682
Warm C,358219,2097,2096,267,179,0,4.4370303e-05
Warm C,227068,1377,1376,267,179,0,0.009759663
Warm C,213875,1299,1298,267,179,0,-0.0014697427
Warm C,289270,1727,1726,267,179,0,0.00711738
Warm C,277564,1676,1675,267,179,0,0.009113723
Warm C,205285,1263,1262,267,179,1,0.014191691
Warm C,261687,1599,1598,267,179,0,0.011530224
Warm C,278970,1680,1679,267,179,0,0.016205136
Warm C,243838,1470,1469,267,179,0,0.010865934
Warm C,236351,1434,1433,267,179,1,0.0030606424
Warm C,173593,1100,1099,267,179,0,0.013435369
Warm C,167780,1068,1067,267,179,1,0.016201053
Warm C,255483,1556,1555,267,179,0,0.014132447
Warm C,155807,1004,1003,267,179,0,-0.0015273476
Warm C,121484,781,780,267,179,0,0.011307202
Warm C,105977,699,698,267,179,0,0.019055117
Warm C,109240,714,713,267,179,1,1.7891638e-05
Warm C,98708,660,659,267,179,0,0.0129619725
Warm C,360653,2106,2105,267,179,0,0.0011818577
Warm C,93763,629,628,267,179,0,0.013879288
Warm C,190717,1181,1180,267,179,1,0.01432655
Warm C,81586,543,542,267,179,0,-0.0063280943
Warm C,73089,494,493,267,179,1,0.0024879859
Warm C,87060,569,568,267,179,1,0.001094867
Warm C,63663,425,424,267,179,0,0.01939318
Warm C,57208,386,385,267,179,0,0.01205058
Warm C,239905,1449,1448,267,179,0,0.00929124
Warm C,36563,245,244,267,179,0,0.020059388
Warm C,336953,1983,1982,267,179,0,0.011294555
Warm C,54553,355,354,267,179,1,0.008254031
Warm C,234879,1425,1424,267,179,0,0.016637404
Warm C,3497,26,25,267,179,0,0.0032083413
Warm C,6900,48,47,267,179,0,0.0029585855
Warm C,389410,2282,2281,267,179,0,0.0071301493
Warm C,78388,528,527,267,179,0,0.0037398743
Warm C,354805,2077,2076,267,179,0,0.018291535
Warm C,152428,981,980,267,179,0,0.005911082
Warm C,139157,890,889,267,179,1,0.00499193
Warm C,28269,195,194,267,179,1,0.019349195
Warm C,342344,2015,2014,267,179,0,0.011398707
Warm C,362904,2116,2115,267,179,0,0.004547518
Warm C,376348,2195,2194,267,179,1,0.026901755
Warm C,680589,4079,4078,267,179,0,0.0042878934
Warm C,134154,869,868,267,179,1,0.010381992
Warm C,717014,4294,4293,267,179,0,0.010765473
Warm C,892901,5394,5393,267,179,0,0.023582574
Warm C,272812,1647,1646,267,179,0,0.0054963566
Warm C,152612,982,981,270,180,1,0.0030025498
Warm C,150521,970,969,270,180,0,0.020323513
Warm C,146005,938,937,270,180,0,0.0111742765
Warm C,195363,1203,1202,270,180,0,0.008370274
Warm C,138104,889,888,270,180,0,0.024082936
Warm C,131846,854,853,270,180,0,0.005879954
Warm C,123693,797,796,270,180,1,-0.002625905
Warm C,778842,4653,4652,270,180,0,0.011089869
Warm C,100120,669,668,270,180,0,0.011797983
Warm C,696113,4169,4168,270,180,0,0.020595117
Warm C,153652,987,986,270,180,1,0.0060269656
Warm C,304803,1812,1811,270,180,1,0.017097011
Warm C,82986,549,548,270,180,0,0.02078932
Warm C,228170,1383,1382,270,180,0,0.016999146
Warm C,239924,1449,1448,270,180,0,0.025034845
Warm C,261696,1599,1598,270,180,0,0.009912644
Warm C,79301,531,530,270,180,0,0.015780017
Warm C,354818,2077,2076,270,180,0,0.02075366
Warm C,144853,934,933,270,180,0,0.013820795
Warm C,499313,3067,3066,271,181,1,-0.004605341
Warm C,565501,3475,3474,271,181,0,0.0010939359
Warm C,790374,4728,4727,271,181,0,9.826152e-06
Warm C,696119,4169,4168,275,184,0,0.01495194
Warm C,29965,202,201,275,184,0,0.015480883
Warm C,79304,531,530,275,184,0,0.0063435505
Warm C,981,10,9,275,184,1,0.012647163
Warm C,354821,2077,2076,275,184,0,0.013390581
Warm C,370955,2168,2167,275,184,1,0.006562276
Warm C,234895,1425,1424,275,184,0,0.008174054
Warm C,102137,678,677,275,184,0,0.013954049
Warm C,134173,869,868,275,184,0,0.009080616
Warm C,206308,1265,1264,275,184,0,0.019004151
Warm C,183161,1141,1140,275,184,0,0.011660529
Warm C,571008,3503,3502,275,184,0,0.005663465
Warm C,599175,3648,3647,275,184,0,0.0043113297
Warm C,286650,1712,1711,275,184,0,0.006090653
Warm C,136464,881,880,275,184,0,0.0018832125
Warm C,232526,1413,1412,275,184,0,0.00896941
Warm C,310626,1851,1850,275,184,0,0.012491094
Warm C,178047,1120,1119,275,184,0,0.007060804
Warm C,214769,1303,1302,275,184,0,0.013893103
Warm C,549989,3391,3390,275,184,0,0.0034770416
Warm C,870059,5256,5255,277,186,0,0.0006805523
Warm C,468356,2887,2886,277,186,0,0.008675665
Warm C,456420,2810,2809,277,186,0,0.002111328
Warm C,443436,2734,2733,277,186,1,-0.0013621314
Warm C,466749,2878,2877,277,186,0,0.005061363
Warm C,441484,2706,2705,277,186,1,-0.00012954167
Warm C,423131,2565,2564,277,186,0,-0.004825501
Warm C,421958,2552,2551,277,186,1,-0.0033839217
Warm C,418591,2529,2528,277,186,1,0.0014665772
Warm C,414519,2496,2495,277,186,0,-0.0012276149
Warm C,436324,2665,2664,277,186,1,0.0024861996
Warm C,387242,2264,2263,277,186,0,-0.0017316728
Warm C,382813,2237,2236,277,186,1,0.008235654
Warm C,361546,2109,2108,277,186,0,-0.0026405882
Warm C,321860,1910,1909,277,186,0,0.0049347784
Warm C,257026,1574,1573,277,186,1,-0.0010684213
Warm C,255224,1553,1552,277,186,0,-0.0026431894
Warm C,306356,1825,1824,277,186,0,0.0039984556
Warm C,261701,1599,1598,277,186,1,0.0027827462
Warm C,203539,1249,1248,277,186,0,-0.00027393992
Warm C,278998,1680,1679,277,186,0,0.008826784
Warm C,342361,2015,2014,277,186,0,-0.002648613
Warm C,198605,1220,1219,277,186,0,0.0026625788
Warm C,210806,1285,1284,277,186,0,-0.0071379016
Warm C,179064,1124,1123,277,186,0,0.005910506
Warm C,243854,1470,1469,277,186,1,0.0044771666
Warm C,172855,1096,1095,277,186,0,0.008891816
Warm C,167793,1068,1067,277,186,0,0.00553988
Warm C,159190,1017,1016,277,186,0,0.0057730544
Warm C,149123,959,958,277,186,1,-0.0012789217
Warm C,561197,3453,3452,277,186,0,-0.005065615
Warm C,347970,2041,2040,277,186,0,-0.0012645498
Warm C,145305,935,934,277,186,0,-0.0032389234
Warm C,144635,933,932,277,186,1,-0.003019332
Warm C,142942,922,921,277,186,0,0.006294453
Warm C,204920,1261,1260,277,186,0,-0.010281881
Warm C,225227,1362,1361,277,186,0,-0.0075585204
Warm C,138109,889,888,277,186,0,-0.0009486312
Warm C,380225,2223,2222,277,186,1,-0.001246733
Warm C,135155,875,874,277,186,0,7.6148426e-05
Warm C,202429,1244,1243,277,186,0,0.0018839389
Warm C,179977,1127,1126,277,186,0,-0.004120074
Warm C,131848,854,853,277,186,0,-0.0047500636
Warm C,332597,1962,1961,277,186,1,0.00030981377
Warm C,178048,1120,1119,277,186,0,0.0038777497
Warm C,199083,1223,1222,277,186,0,-0.0048972936
Warm C,121081,780,779,277,186,1,-0.0021228415
Warm C,120131,776,775,277,186,0,0.0009262435
Warm C,113936,739,738,277,186,1,0.00068980095
Warm C,107459,708,707,277,186,1,0.00031416863
Warm C,107308,706,705,277,186,1,-0.012948571
Warm C,107035,703,702,277,186,0,0.0015748553
Warm C,379002,2213,2212,277,186,1,-0.0043894323
Warm C,106721,702,701,277,186,0,-0.0039694505
Warm C,103243,686,685,277,186,0,0.006674307
Warm C,99307,662,661,277,186,0,-0.0026101826
Warm C,360677,2106,2105,277,186,0,0.0009322978
Warm C,314063,1875,1874,277,186,0,0.0020222024
Warm C,222570,1347,1346,277,186,0,-0.0019937577
Warm C,88322,583,582,277,186,1,0.00325345
Warm C,626674,3792,3791,277,186,1,-0.0023553635
Warm C,291296,1737,1736,277,186,0,0.0047002076
Warm C,82990,549,548,277,186,1,0.00040905713
Warm C,190743,1181,1180,277,186,0,0.0029875818
Warm C,73898,501,500,277,186,1,-0.0019816477
Warm C,71941,482,481,277,186,1,0.0023249618
Warm C,69043,462,461,277,186,0,0.00701498
Warm C,67174,452,451,277,186,1,-0.0076387897
Warm C,78402,528,527,277,186,1,-0.0056525366
Warm C,64933,436,435,277,186,0,0.0019652294
Warm C,56617,379,378,277,186,1,0.0057591232
Warm C,48595,326,325,277,186,0,-0.009951206
Warm C,46971,315,314,277,186,1,-0.009030709
Warm C,46017,308,307,277,186,0,0.0006175367
Warm C,43997,301,300,277,186,0,-0.00062575773
Warm C,39200,265,264,277,186,1,-0.0005075513
Warm C,39598,268,267,277,186,1,-0.004574921
Warm C,181949,1137,1136,277,186,1,-0.0011425873
Warm C,30263,203,202,277,186,1,0.005296395
Warm C,28869,198,197,277,186,1,-0.0006637473
Warm C,24048,171,170,277,186,0,-0.0054310337
Warm C,24000,170,169,277,186,1,0.0037151864
Warm C,23354,167,166,277,186,1,0.0029658875
Warm C,595732,3624,3623,277,186,0,-0.00032988237
Warm C,947528,5722,5721,277,186,0,-0.0009779155
Warm C,19525,148,147,277,186,1,-0.004455041
Warm C,263204,1605,1604,277,186,1,0.0046573915
Warm C,9833,67,66,277,186,1,0.0050161714
Warm C,6934,48,47,277,186,0,0.0019449417
Warm C,540512,3326,3325,277,186,1,0.00425689
Warm C,984,10,9,277,186,0,-0.0030924687
Warm C,142169,918,917,277,186,0,0.0064232047
Warm C,492647,3029,3028,277,186,1,0.0038110395
Warm C,102138,678,677,277,186,0,-0.00015105342
Warm C,79305,531,530,277,186,0,-0.0013435523
Warm C,11286,85,84,277,186,0,0.0021601105
Warm C,170480,1086,1085,277,186,0,0.00409321
Warm C,250364,1509,1508,277,186,0,-0.0040721456
Warm C,18767,146,145,277,186,1,0.005943857
Warm C,552244,3401,3400,277,186,0,0.0019468802
Warm C,210088,1284,1283,277,186,1,-7.8606885e-05
Warm C,237806,1447,1446,277,186,0,0.0062383725
Warm C,122552,791,790,277,186,0,-0.004663284
Warm C,171508,1088,1087,277,186,0,-0.0070628244
Warm C,599176,3648,3647,277,186,0,0.0056262426
Warm C,565502,3475,3474,277,186,1,-0.0030367456
Warm C,375538,2188,2187,277,186,0,0.0019376285
Warm C,327926,1941,1940,277,186,1,0.0036049376
Warm C,272827,1647,1646,277,186,0,-0.001108492
Warm C,193576,1194,1193,277,186,1,-0.008543693
Warm C,840582,5050,5049,289,191,1,0.005531586
Warm C,529094,3271,3270,289,191,0,0.0039251484
Warm C,522442,3224,3223,289,191,0,0.00178011
Warm C,963990,5812,5811,289,191,0,0.0074543688
Warm C,516916,3191,3190,289,191,0,0.0069230017
Warm C,512758,3163,3162,289,191,1,0.012411278
Warm C,519188,3203,3202,289,191,1,0.0012914904
Warm C,505966,3112,3111,289,191,1,0.0021005902
Warm C,503619,3095,3094,289,191,1,0.005342005
Warm C,523414,3227,3226,289,191,0,-0.0031938697
Warm C,516416,3189,3188,289,191,1,0.0072368914
Warm C,499330,3067,3066,289,191,0,0.00069023715
Warm C,494016,3032,3031,289,191,1,0.014005905
Warm C,492033,3026,3025,289,191,1,0.0019470314
Warm C,489558,3013,3012,289,191,0,0.0034924564
Warm C,490236,3017,3016,289,191,0,0.01147715
Warm C,510943,3150,3149,289,191,1,0.0028493875
Warm C,480640,2950,2949,289,191,0,-0.001862444
Warm C,472508,2907,2906,289,191,1,0.004180268
Warm C,484974,2986,2985,289,191,0,0.01061574
Warm C,486997,2996,2995,289,191,0,0.00595941
Warm C,450781,2777,2776,289,191,0,0.008540353
Warm C,444619,2743,2742,289,191,1,0.007222194
Warm C,430466,2624,2623,289,191,0,-0.00023796258
Warm C,425066,2580,2579,289,191,1,0.00723077
Warm C,420443,2541,2540,289,191,1,0.010776354
Warm C,419265,2533,2532,289,191,1,-0.004304873
Warm C,416065,2506,2505,289,191,1,0.0058946065
Warm C,416521,2507,2506,289,191,0,0.0020748577
Warm C,410107,2459,2458,289,191,0,0.00055824954
Warm C,404992,2423,2422,289,191,0,0.0047389753
Warm C,401147,2390,2389,289,191,1,0.00488862
Warm C,395120,2334,2333,289,191,1,-0.0010370212
Warm C,393097,2309,2308,289,191,0,-0.006857757
Warm C,374591,2182,2181,289,191,0,0.0031425369
Warm C,362944,2116,2115,289,191,0,0.0023519653
Warm C,347334,2038,2037,289,191,1,0.0074869944
Warm C,358852,2100,2099,289,191,0,0.007250839
Warm C,334209,1971,1970,289,191,1,0.008303696
Warm C,324742,1924,1923,289,191,1,2.1054526e-05
Warm C,315129,1880,1879,289,191,0,0.0032294036
Warm C,289683,1729,1728,289,191,0,0.0043248935
Warm C,326714,1937,1936,289,191,1,0.0055408385
Warm C,269505,1634,1633,289,191,1,0.003617396
Warm C,265703,1613,1612,289,191,0,0.011763773
Warm C,321653,1908,1907,289,191,0,0.0056077586
Warm C,248769,1501,1500,289,191,1,0.00063873734
Warm C,335767,1980,1979,289,191,0,0.012698049
Warm C,222370,1345,1344,289,191,1,0.0063452437
Warm C,289285,1727,1726,289,191,1,0.0088183405
Warm C,360690,2106,2105,289,191,0,0.008546359
Warm C,203862,1254,1253,289,191,1,-0.0013247784
Warm C,192343,1184,1183,289,191,0,0.0060125142
Warm C,188928,1172,1171,289,191,1,0.009753462
Warm C,186842,1158,1157,289,191,0,0.0015026755
Warm C,164458,1051,1050,289,191,0,0.008124857
Warm C,144868,934,933,289,191,0,0.006902441
Warm C,138131,889,888,289,191,0,0.0038547288
Warm C,136482,881,880,289,191,1,0.0038822792
Warm C,134183,869,868,289,191,1,0.011791423
Warm C,131862,854,853,289,191,1,0.008366344
Warm C,332608,1962,1961,289,191,0,0.007917683
Warm C,351692,2063,2062,289,191,0,0.010291614
Warm C,304820,1812,1811,289,191,1,0.010259477
Warm C,117827,759,758,289,191,0,0.009153072
Warm C,223482,1354,1353,289,191,1,-0.0030407282
Warm C,103377,687,686,289,191,0,0.012973493
Warm C,176866,1117,1116,289,191,0,0.0071608485
Warm C,190766,1181,1180,289,191,0,0.0005904677
Warm C,81024,539,538,289,191,0,0.012665352
Warm C,84059,550,549,289,191,0,0.00155413
Warm C,299568,1778,1777,289,191,1,0.0051044086
Warm C,73650,499,498,289,191,1,0.0024528701
Warm C,238812,1448,1447,289,191,1,0.017553512
Warm C,64623,432,431,289,191,0,-0.0043055993
Warm C,228186,1383,1382,289,191,0,0.012446862
Warm C,696140,4169,4168,289,191,1,0.006806071
Warm C,61374,412,411,289,191,1,0.0048001055
Warm C,32229,216,215,289,191,0,-4.0588435e-05
Warm C,29996,202,201,289,191,1,0.0071997843
Warm C,6322,45,44,289,191,1,0.006784186
Warm C,330689,1952,1951,289,191,0,0.007417006
Warm C,20870,151,150,289,191,0,0.014558423
Warm C,79320,531,530,289,191,1,0.007817216
Warm C,439124,2683,2682,289,191,1,0.008525314
Warm C,76337,518,517,289,191,1,0.010534556
Warm C,106001,699,698,289,191,0,0.0050342903
Warm C,882914,5333,5332,289,191,0,0.012460252
Warm C,263219,1605,1604,289,191,0,0.0024386395
Warm C,908023,5493,5492,289,191,1,-0.0011353702
Warm C,331526,1958,1957,289,191,0,0.0042025377
Warm C,327949,1941,1940,289,191,0,0.0048142495
Warm C,187589,1164,1163,289,191,0,-0.0045187185
Warm C,476320,2926,2925,289,191,0,0.006423291
Warm C,768678,4579,4578,289,191,0,0.0125597315
Warm C,179542,1125,1124,289,191,0,0.0051120594
Warm C,52217,343,342,289,191,1,0.0010067739
Warm C,295617,1755,1754,289,191,1,0.0063411053
Warm C,580209,3543,3542,290,192,0,-0.006378026
Warm C,764983,4551,4550,290,192,0,0.00024839852
Warm C,578094,3531,3530,290,192,1,0.007931141
Warm C,644175,3882,3881,290,192,1,0.0047651296
Warm C,593712,3618,3617,290,192,0,0.0069095064
Warm C,547287,3376,3375,290,192,1,0.010852344
Warm C,542938,3341,3340,290,192,0,0.0018841322
Warm C,539470,3318,3317,290,192,1,0.0029069546
Warm C,538896,3314,3313,290,192,0,0.008992996
Warm C,916649,5539,5538,290,192,1,0.0035298886
Warm C,519792,3207,3206,290,192,0,-6.3397456e-06
Warm C,781834,4667,4666,290,192,1,0.0053927787
Warm C,510224,3143,3142,290,192,1,0.005987355
Warm C,520522,3210,3209,290,192,0,0.0011461764
Warm C,800123,4795,4794,290,192,1,0.0062160967
Warm C,810098,4858,4857,290,192,0,-0.003458736
Warm C,503071,3088,3087,290,192,1,-0.0029004766
Warm C,499336,3067,3066,290,192,1,0.0069632484
Warm C,567408,3483,3482,290,192,1,0.007739318
Warm C,477372,2930,2929,290,192,1,0.00607076
Warm C,457839,2820,2819,290,192,0,0.0031480396
Warm C,594783,3620,3619,290,192,1,0.0067816726
Warm C,455540,2805,2804,290,192,1,0.0061246376
Warm C,796023,4771,4770,290,192,0,0.0053760284
Warm C,453657,2793,2792,290,192,1,0.007555793
Warm C,452079,2784,2783,290,192,1,0.0010863205
Warm C,448950,2767,2766,290,192,1,-0.00019479217
Warm C,937198,5654,5653,290,192,0,0.009432132
Warm C,441347,2703,2702,290,192,1,0.0065994337
Warm C,440740,2698,2697,290,192,1,0.011103554
Warm C,696150,4169,4168,290,192,1,0.0128082
Warm C,433151,2641,2640,290,192,1,0.0021153134
Warm C,390673,2293,2292,290,192,1,0.004016551
Warm C,386336,2259,2258,290,192,1,0.00080802524
Warm C,383891,2243,2242,290,192,1,0.010641386
Warm C,361567,2109,2108,290,192,0,0.017627995
Warm C,340290,2009,2008,290,192,1,-0.003841012
Warm C,340075,2007,2006,290,192,1,0.0066478574
Warm C,332358,1961,1960,290,192,1,0.008647519
Warm C,327162,1939,1938,290,192,0,-0.00024084235
Warm C,312654,1863,1862,290,192,1,-6.261445e-05
Warm C,306884,1832,1831,290,192,1,0.00011704455
Warm C,295240,1753,1752,290,192,1,0.0014062468
Warm C,284072,1698,1697,290,192,1,0.0053519066
Warm C,274696,1660,1659,290,192,1,0.00017408328
Warm C,292255,1741,1740,290,192,1,0.0071336376
Warm C,268941,1632,1631,290,192,0,0.001194003
Warm C,241135,1451,1450,290,192,1,0.010865164
Warm C,237342,1445,1444,290,192,1,0.010162735
Warm C,231349,1401,1400,290,192,1,-0.003551362
Warm C,296420,1758,1757,290,192,1,0.012087223
Warm C,209749,1281,1280,290,192,1,0.002590624
Warm C,208271,1273,1272,290,192,1,0.0072551584
Warm C,204255,1258,1257,290,192,1,0.0021871552
Warm C,243872,1470,1469,290,192,0,0.0060341195
Warm C,538462,3313,3312,290,192,0,0.0064265644
Warm C,308551,1837,1836,290,192,0,0.009980593
Warm C,194793,1202,1201,290,192,1,0.011805801
Warm C,186612,1155,1154,290,192,1,0.011818878
Warm C,185163,1150,1149,290,192,1,0.003684862
Warm C,286086,1707,1706,290,192,1,0.0062364647
Warm C,263229,1605,1604,290,192,1,0.0041448814
Warm C,168383,1069,1068,290,192,0,0.0132637005
Warm C,190778,1181,1180,290,192,0,0.006414304
Warm C,158066,1015,1014,290,192,0,0.0077752843
Warm C,150047,966,965,290,192,1,0.0052036326
Warm C,154592,998,997,290,192,1,-0.0004938517
Warm C,138142,889,888,290,192,0,0.008441249
Warm C,133429,862,861,290,192,0,0.007347542
Warm C,117899,760,759,290,192,1,0.012348324
Warm C,117256,756,755,290,192,1,-0.005867431
Warm C,124471,801,800,290,192,1,-0.0074430443
Warm C,107310,706,705,290,192,0,0.0092249
Warm C,239958,1449,1448,290,192,1,0.013908992
Warm C,100802,673,672,290,192,0,-0.0036371173
Warm C,100451,670,669,290,192,1,-0.008903433
Warm C,92120,613,612,290,192,1,0.0063080117
Warm C,84068,550,549,290,192,0,0.005533026
Warm C,75681,515,514,290,192,0,0.01219322
Warm C,59954,408,407,290,192,1,0.005108754
Warm C,33618,225,224,290,192,1,0.01794042
Warm C,26530,187,186,290,192,1,0.009354823
Warm C,22665,163,162,290,192,0,0.012768859
Warm C,20143,149,148,290,192,1,0.006396274
Warm C,17940,138,137,290,192,1,-0.008895268
Warm C,211660,1287,1286,290,192,0,0.0032769633
Warm C,73463,498,497,290,192,1,-0.004195792
Warm C,24478,173,172,290,192,0,0.007549024
Warm C,7894,53,52,290,192,1,0.015391664
Warm C,20881,151,150,290,192,1,0.0050814
Warm C,93006,623,622,290,192,1,0.0084638605
Warm C,420927,2544,2543,290,192,0,0.0068992726
Warm C,43468,299,298,290,192,1,0.008850217
Warm C,532562,3288,3287,290,192,1,0.00076957094
Warm C,733392,4386,4385,290,192,1,0.008293962
Warm C,451484,2779,2778,290,192,1,0.0016800913
Warm C,484982,2986,2985,290,192,1,0.006371419
Warm C,16148,127,126,290,192,1,0.006850349
Warm C,129344,839,838,290,192,0,0.009366012
Warm C,50304,331,330,290,192,1,0.0034449445
Warm C,319279,1897,1896,290,192,1,0.008866946
Warm C,285265,1701,1700,290,192,0,0.007877373
Warm C,799581,4791,4790,290,192,0,0.0077637234
Warm C,501241,3080,3079,290,192,1,0.002638
Warm C,18798,146,145,290,192,1,0.0063281492
Warm C,790385,4728,4727,290,192,0,0.0045938697
Warm C,176005,1113,1112,290,192,1,0.004848193
Warm C,804276,4816,4815,290,192,0,0.0051802616
Warm C,453661,2793,2792,299,196,0,0.008673266
Warm C,451743,2781,2780,299,196,1,0.011270419
Warm C,443788,2737,2736,299,196,1,0.004962613
Warm C,443333,2733,2732,299,196,1,-0.0023926517
Warm C,439384,2684,2683,299,196,0,0.00614327
Warm C,432428,2637,2636,299,196,1,-0.000981628
Warm C,428559,2608,2607,299,196,1,-0.00021251198
Warm C,416529,2507,2506,299,196,1,0.005420746
Warm C,401885,2398,2397,299,196,1,-0.0042297193
Warm C,401598,2395,2394,299,196,1,0.0090504475
Warm C,399043,2376,2375,299,196,1,0.017148618
Warm C,397742,2358,2357,299,196,1,0.010600693
Warm C,365723,2129,2128,299,196,1,0.012229435
Warm C,335783,1980,1979,299,196,1,0.011118418
Warm C,320497,1900,1899,299,196,1,0.01704395
Warm C,310638,1851,1850,299,196,0,-0.004795612
Warm C,292989,1745,1744,299,196,1,0.0066336896
Warm C,291833,1738,1737,299,196,1,0.010480792
Warm C,267541,1626,1625,299,196,1,-0.0059645036
Warm C,264357,1608,1607,299,196,0,-0.0037194628
Warm C,264129,1607,1606,299,196,1,0.010483286
Warm C,262685,1602,1601,299,196,1,0.0017905717
Warm C,258193,1583,1582,299,196,1,0.008101394
Warm C,321655,1908,1907,299,196,0,0.00645491
Warm C,256182,1562,1561,299,196,0,0.006431649
Warm C,254709,1548,1547,299,196,1,0.0032122503
Warm C,244862,1474,1473,299,196,1,0.007263191
Warm C,237160,1442,1441,299,196,1,0.013375441
Warm C,319281,1897,1896,299,196,0,0.019588951
Warm C,284076,1698,1697,299,196,1,0.011108245
Warm C,306357,1825,1824,299,196,1,0.009310227
Warm C,211586,1286,1285,299,196,1,-0.00060122664
Warm C,211775,1288,1287,299,196,0,0.0076571433
Warm C,204011,1255,1254,299,196,1,0.005656958
Warm C,279050,1680,1679,299,196,1,0.002500358
Warm C,294251,1749,1748,299,196,0,0.00878532
Warm C,210833,1285,1284,299,196,1,0.0014431197
Warm C,307370,1835,1834,299,196,1,0.0044919793
Warm C,168387,1069,1068,299,196,0,0.009125944
Warm C,334547,1974,1973,299,196,1,0.010239681
Warm C,161316,1029,1028,299,196,1,0.013183486
Warm C,230492,1395,1394,299,196,1,0.01013913
Warm C,160861,1022,1021,299,196,0,0.012360219
Warm C,198974,1222,1221,299,196,1,0.0029516455
Warm C,267928,1628,1627,299,196,0,0.0058831098
Warm C,154594,998,997,299,196,1,0.006294186
Warm C,139381,891,890,299,196,1,0.018777786
Warm C,130737,848,847,299,196,1,-0.0026408818
Warm C,200039,1228,1227,299,196,1,0.021337237
Warm C,181960,1137,1136,299,196,0,0.0009079701
Warm C,117900,760,759,299,196,1,0.000917973
Warm C,107312,706,705,299,196,1,0.0021964414
Warm C,100805,673,672,299,196,1,0.0074156
Warm C,95931,644,643,299,196,0,0.004496853
Warm C,94409,633,632,299,196,1,0.0090580555
Warm C,90240,595,594,299,196,1,0.00076369103
Warm C,85561,558,557,299,196,1,0.013049755
Warm C,238830,1448,1447,299,196,1,0.0040097693
Warm C,190783,1181,1180,299,196,0,0.009245733
Warm C,70141,474,473,299,196,0,0.012416771
Warm C,155313,1001,1000,299,196,1,0.010357399
Warm C,312856,1865,1864,299,196,1,-0.0017655978
Warm C,199836,1227,1226,299,196,1,0.0052233296
Warm C,23216,166,165,299,196,1,0.0063448767
Warm C,20474,150,149,299,196,1,0.002721801
Warm C,289,5,4,299,196,0,0.00078913686
Warm C,276167,1671,1670,299,196,1,0.01215532
Warm C,158070,1015,1014,299,196,0,0.0076301326
Warm C,50314,331,330,299,196,0,0.006163919
Warm C,239964,1449,1448,299,196,0,0.0152580645
Warm C,290130,1733,1732,299,196,0,0.00780725
Warm C,102161,678,677,299,196,1,0.0026365402
Warm C,772641,4607,4606,299,196,0,0.0083679445
Warm C,744821,4448,4447,299,196,1,0.003121626
Warm C,302104,1794,1793,299,196,0,0.0027816826
Warm C,245755,1484,1483,299,196,0,0.005402101
Warm C,992877,5998,5997,299,196,0,-0.0070478683
Warm C,384683,2247,2246,299,196,0,0.006873735
Warm C,234915,1425,1424,299,196,1,0.004966473
Warm C,546764,3371,3370,299,196,0,0.008950181
Warm C,187596,1164,1163,299,196,1,0.0041651786
Warm C,263234,1605,1604,299,196,0,0.0077360906
Warm C,434277,2648,2647,299,196,1,0.0052763885
Warm C,279683,1680,1679,302,198,1,0.009133425
Warm C,294419,1749,1748,302,198,0,0.00428785
Warm C,316342,1883,1882,302,198,1,-0.004405302
Warm C,286119,1707,1706,302,198,1,0.0051770797
Warm C,174508,1103,1102,302,198,1,0.004136414
Warm C,168605,1069,1068,302,198,0,0.0072087063
Warm C,160911,1022,1021,302,198,1,0.013362466
Warm C,167992,1068,1067,302,198,1,0.0045668376
Warm C,138627,889,888,302,198,0,0.0010811205
Warm C,107363,706,705,302,198,1,-0.0019305274
Warm C,129995,840,839,302,198,1,0.004713809
Warm C,949213,5734,5733,302,198,0,0.0042507844
Warm C,32081,216,215,302,198,0,0.00058014155
Warm C,23116,166,165,302,198,0,0.0012487257
Warm C,7736,53,52,302,198,1,0.00013655215
Warm C,1991,18,17,302,198,1,0.011577352
Warm C,158489,1015,1014,302,198,1,-0.002587901
Warm C,76413,518,517,302,198,1,0.003914441
Warm C,222632,1347,1346,302,198,1,0.0068900506
Warm C,382090,2232,2231,302,198,1,0.004141391
Warm C,312976,1865,1864,302,198,1,-0.0013082251
Warm C,831956,5001,5000,302,198,1,-0.0008567779
Warm C,273151,1647,1646,302,198,1,0.0152035095
Warm C,96661,648,647,302,198,1,-0.0010118373
Warm C,52166,343,342,302,198,1,0.001084351
Warm C,8812,59,58,302,198,0,0.004324573
Warm C,560382,3444,3443,305,200,1,-0.0013105867
Warm C,555904,3416,3415,305,200,0,0.017168824
Warm C,531192,3280,3279,305,200,0,0.011270371
Warm C,515633,3182,3181,305,200,0,-0.0014431379
Warm C,738216,4411,4410,305,200,0,0.008034824
Warm C,575490,3519,3518,305,200,0,0.014468355
Warm C,550413,3391,3390,305,200,0,0.011461849
Warm C,485219,2986,2985,305,200,1,0.008173622
Warm C,484418,2981,2980,305,200,1,0.013832917
Warm C,475185,2916,2915,305,200,1,0.010186658
Warm C,646789,3892,3891,305,200,0,0.010169009
Warm C,796109,4771,4770,305,200,1,0.004691226
Warm C,446950,2753,2752,305,200,0,0.0048753466
Warm C,420279,2540,2539,305,200,0,0.008725343
Warm C,416796,2507,2506,305,200,1,0.01481916
Warm C,409275,2456,2455,305,200,0,0.00693029
Warm C,464274,2860,2859,305,200,0,0.0034156337
Warm C,382970,2237,2236,305,200,1,0.0054723695
Warm C,377372,2203,2202,305,200,0,0.009034578
Warm C,341731,2012,2011,305,200,0,0.0145285055
Warm C,351036,2060,2059,305,200,0,0.004087053
Warm C,310166,1845,1844,305,200,0,0.020512948
Warm C,274486,1658,1657,305,200,0,0.006431033
Warm C,265962,1613,1612,305,200,0,0.007688432
Warm C,223697,1354,1353,305,200,0,0.003430662
Warm C,218083,1322,1321,305,200,1,0.001996594
Warm C,321731,1908,1907,305,200,0,0.0037543122
Warm C,174857,1107,1106,305,200,0,0.011901006
Warm C,167994,1068,1067,305,200,1,0.013882937
Warm C,189464,1173,1172,305,200,0,0.0029374005
Warm C,135784,877,876,305,200,0,0.0063078245
Warm C,201707,1242,1241,305,200,0,-0.0013703005
Warm C,332796,1962,1961,305,200,0,0.0055254623
Warm C,352160,2063,2062,305,200,0,0.0040544244
Warm C,263553,1605,1604,305,200,0,-0.005695195
Warm C,112629,731,730,305,200,0,0.008909642
Warm C,106231,699,698,305,200,0,0.015254369
Warm C,108196,710,709,305,200,0,0.0144515475
Warm C,97936,655,654,305,200,0,7.5879274e-05
Warm C,329496,1943,1942,305,200,1,0.00928593
Warm C,82303,546,545,305,200,0,0.011331795
Warm C,191265,1181,1180,305,200,0,0.012965923
Warm C,84393,550,549,305,200,0,0.003302812
Warm C,77743,524,523,305,200,0,0.00431436
Warm C,75003,509,508,305,200,1,0.0015376313
Warm C,88903,587,586,305,200,0,0.010406346
Warm C,57183,386,385,305,200,0,0.015535207
Warm C,47499,319,318,305,200,0,0.0069510676
Warm C,696577,4169,4168,305,200,0,0.021572713
Warm C,39563,268,267,305,200,0,0.002064605
Warm C,96752,649,648,305,200,0,0.0050446475
Warm C,23689,169,168,305,200,0,0.000958676
Warm C,6204,45,44,305,200,0,-0.0031419168
Warm C,79613,531,530,305,200,0,0.004906048
Warm C,158492,1015,1014,305,200,0,0.007343157
Warm C,78598,528,527,305,200,0,0.010966229
Warm C,238137,1447,1446,305,200,0,0.012897716
Warm C,975102,5880,5879,305,200,0,0.0027082586
Warm C,508297,3128,3127,305,200,0,0.00873287
Warm C,828785,4979,4978,305,200,0,0.009099396
Warm C,272321,1645,1644,305,200,0,0.0032090738
Warm C,665288,4005,4004,305,200,0,0.013159065
Warm C,195645,1203,1202,305,200,0,0.0064110165
Warm C,287816,1717,1716,305,200,1,0.0076751546
Warm C,501404,3080,3079,305,200,0,0.016392399
Warm C,63215,424,423,305,200,0,0.010172164
Warm C,860140,5172,5171,305,200,0,0.001432702
Warm C,178305,1120,1119,312,204,1,0.015923088
Warm C,244141,1470,1469,312,204,0,0.0054871878
Warm C,173788,1100,1099,312,204,0,0.008531607
Warm C,328517,1941,1940,312,204,0,0.014750358
Warm C,161880,1032,1031,312,204,0,0.009570903
Warm C,141219,910,909,312,204,1,0.009585513
Warm C,380429,2223,2222,312,204,0,0.0094849365
Warm C,136826,881,880,312,204,0,0.0060874987
Warm C,375690,2188,2187,312,204,1,0.0048631933
Warm C,371790,2172,2171,312,204,0,0.0056483694
Warm C,132052,854,853,312,204,0,0.004827911
Warm C,124304,800,799,312,204,0,0.011609264
Warm C,160307,1019,1018,312,204,0,0.006424241
Warm C,108215,710,709,312,204,0,0.0033107775
Warm C,100473,670,669,312,204,0,-5.209539e-05
Warm C,101482,676,675,312,204,0,0.0068756165
Warm C,764092,4543,4542,312,204,0,0.015900537
Warm C,371098,2168,2167,312,204,1,9.7187236e-05
Warm C,314190,1875,1874,312,204,0,0.006842621
Warm C,104490,692,691,312,204,0,0.015472299
Warm C,86776,566,565,312,204,0,0.018656347
Warm C,77764,524,523,312,204,0,0.004288303
Warm C,72258,482,481,312,204,0,0.006946424
Warm C,65510,438,437,312,204,0,0.008720819
Warm C,53803,352,351,312,204,0,0.012409769
Warm C,47522,319,318,312,204,0,0.004102243
Warm C,44551,302,301,312,204,0,0.008487103
Warm C,43952,301,300,312,204,1,0.015119012
Warm C,363300,2116,2115,312,204,0,0.00913527
Warm C,219285,1329,1328,312,204,1,0.0038231546
Warm C,337170,1983,1982,312,204,0,0.015180957
Warm C,29889,202,201,312,204,0,0.005065931
Warm C,88914,587,586,312,204,0,0.00666091
Warm C,25807,182,181,312,204,0,0.0012649673
Warm C,16861,132,131,312,204,1,0.012694503
Warm C,2613,22,21,312,204,0,0.007511218
Warm C,954248,5761,5760,312,204,0,0.0062969085
Warm C,342704,2015,2014,312,204,0,0.013057095
Warm C,828793,4979,4978,312,204,0,0.016079478
Warm C,164755,1051,1050,312,204,0,0.0073071746
Warm C,207055,1266,1265,312,204,0,0.0060481154
Warm C,618381,3746,3745,312,204,0,0.011975635
Warm C,290450,1733,1732,312,204,0,0.01023267
Warm C,88370,583,582,312,204,0,0.009582668
Warm C,309746,1842,1841,312,204,1,0.0013699485
Warm C,331831,1958,1957,312,204,0,0.0042963526
Warm C,145882,937,936,312,204,0,-0.00054289645
Warm C,66148,442,441,312,204,0,0.008971714
Warm C,245871,1484,1483,312,204,1,0.0036997993
Warm C,235168,1425,1424,312,204,0,0.01539461
Warm C,916733,5539,5538,312,204,1,-0.0006129369
Warm C,295722,1755,1754,312,204,0,0.007257945
Warm C,603028,3669,3668,315,206,0,0.012676498
Warm C,636458,3834,3833,315,206,1,0.0072418507
Warm C,713281,4277,4276,315,206,0,0.006495831
Warm C,600220,3650,3649,315,206,1,0.014997019
Warm C,588089,3589,3588,315,206,0,0.012711241
Warm C,758745,4510,4509,315,206,0,0.004956465
Warm C,583612,3562,3561,315,206,0,0.014373429
Warm C,582551,3558,3557,315,206,1,0.007997271
Warm C,745023,4448,4447,315,206,1,0.013705362
Warm C,592127,3610,3609,315,206,1,0.0074996613
Warm C,549199,3389,3388,315,206,0,0.0023234317
Warm C,544750,3358,3357,315,206,0,0.00076609245
Warm C,542385,3336,3335,315,206,0,0.012338365
Warm C,536189,3308,3307,315,206,0,0.019538939
Warm C,531207,3280,3279,315,206,0,0.0058748466
Warm C,520412,3209,3208,315,206,0,0.0040211054
Warm C,520136,3208,3207,315,206,0,0.010435943
Warm C,517079,3191,3190,315,206,0,0.0052486053
Warm C,515645,3182,3181,315,206,0,0.017703233
Warm C,516603,3189,3188,315,206,0,0.008070566
Warm C,499002,3066,3065,315,206,1,0.0061079394
Warm C,494398,3032,3031,315,206,1,0.0012835944
Warm C,486383,2994,2993,315,206,0,0.005196316
Warm C,529931,3272,3271,315,206,1,0.01142882
Warm C,473973,2909,2908,315,206,1,0.00475628
Warm C,463512,2857,2856,315,206,0,0.0045188665
Warm C,487173,2996,2995,315,206,0,0.017707486
Warm C,455455,2804,2803,315,206,1,0.0059152115
Warm C,423244,2565,2564,315,206,1,0.004939801
Warm C,408362,2453,2452,315,206,1,0.020654742
Warm C,407031,2445,2444,315,206,0,-0.003002035
Warm C,399964,2380,2379,315,206,0,0.0045939097
Warm C,392441,2304,2303,315,206,1,0.006974737
Warm C,377389,2203,2202,315,206,1,0.010072395
Warm C,340861,2010,2009,315,206,0,0.008031318
Warm C,295345,1753,1752,315,206,1,0.006262276
Warm C,297672,1764,1763,315,206,1,-0.0033725551
Warm C,303610,1803,1802,315,206,0,0.0034739566
Warm C,302256,1794,1793,315,206,0,0.0068592494
Warm C,289000,1726,1725,315,206,0,0.0028234501
Warm C,265984,1613,1612,315,206,0,0.014133554
Warm C,244750,1473,1472,315,206,0,-0.0034549572
Warm C,283278,1696,1695,315,206,0,0.003910304
Warm C,227279,1377,1376,315,206,0,0.0018823281
Warm C,299760,1778,1777,315,206,0,0.008222625
Warm C,279721,1680,1679,315,206,0,0.014513392
Warm C,320858,1902,1901,315,206,0,0.008691277
Warm C,191300,1181,1180,315,206,0,0.008096561
Warm C,186679,1155,1154,315,206,0,0.0008960457
Warm C,173363,1099,1098,315,206,0,-0.002118499
Warm C,328522,1941,1940,315,206,0,0.012211226
Warm C,275686,1667,1666,315,206,0,0.0015737653
Warm C,154972,999,998,315,206,0,0.0010670973
Warm C,140754,904,903,315,206,0,0.0038259798
Warm C,157134,1010,1009,315,206,0,0.014219133
Warm C,277108,1675,1674,315,206,0,0.014557015
Warm C,136829,881,880,315,206,0,0.0044526597
Warm C,202639,1244,1243,315,206,0,0.0024696116
Warm C,96483,647,646,315,206,0,0.0031191804
Warm C,480259,2946,2945,315,206,0,0.00094366726
Warm C,150736,970,969,315,206,0,0.02079743
Warm C,291612,1737,1736,315,206,1,0.010671725
Warm C,84421,550,549,315,206,0,0.018533168
Warm C,77771,524,523,315,206,0,0.018176334
Warm C,119441,770,769,315,206,0,0.008650255
Warm C,70249,474,473,315,206,0,0.008398106
Warm C,240392,1449,1448,315,206,0,0.014762563
Warm C,53811,352,351,315,206,0,0.0069810525
Warm C,44553,302,301,315,206,0,0.010719122
Warm C,145462,935,934,315,206,1,0.0054964316
Warm C,55636,368,367,315,206,0,0.0048171105
Warm C,38315,261,260,315,206,0,0.0019172044
Warm C,221546,1340,1339,315,206,0,0.0073553063
Warm C,29891,202,201,315,206,0,0.010339723
Warm C,29223,199,198,315,206,0,0.0074136844
Warm C,28825,198,197,315,206,1,0.008279373
Warm C,22569,163,162,315,206,0,0.005527862
Warm C,30537,204,203,315,206,1,0.013796102
Warm C,3452,26,25,315,206,0,0.008421384
Warm C,696602,4169,4168,315,206,0,0.02049557
Warm C,439222,2683,2682,315,206,1,0.005818
Warm C,238161,1447,1446,315,206,0,0.0117893955
Warm C,777909,4647,4646,315,206,0,0.004169874
Warm C,106254,699,698,315,206,0,-0.0006049101
Warm C,352188,2063,2062,315,206,0,0.010118408
Warm C,72262,482,481,315,206,0,0.0070960918
Warm C,599410,3648,3647,315,206,0,0.009341434
Warm C,930454,5621,5620,315,206,0,0.009244577
Warm C,986680,5956,5955,315,206,0,0.006097365
Warm C,941484,5682,5681,315,206,0,0.005678756
Warm C,193828,1194,1193,315,206,0,0.010669244
Warm C,804352,4816,4815,315,206,1,0.006242926
Warm C,550443,3391,3390,315,206,0,0.012173254
Warm C,461617,2847,2846,321,211,1,0.0074543254
Warm C,796120,4771,4770,326,213,1,0.024291143
Warm C,608703,3691,3690,328,215,0,0.015910149
Warm C,507326,3121,3120,328,215,0,0.018501665
Warm C,550477,3391,3390,328,215,0,0.014765439
Warm C,494416,3032,3031,328,215,1,0.011738578
Warm C,517965,3196,3195,328,215,0,0.01739985
Warm C,483561,2972,2971,328,215,1,0.0061815684
Warm C,496627,3051,3050,328,215,0,0.016417367
Warm C,710180,4260,4259,328,215,1,0.0023412332
Warm C,463526,2857,2856,328,215,1,0.018017672
Warm C,462280,2852,2851,328,215,1,0.011872496
Warm C,444815,2743,2742,328,215,0,0.007078703
Warm C,426585,2590,2589,328,215,1,0.009529345
Warm C,424805,2576,2575,328,215,1,0.010206689
Warm C,414728,2496,2495,328,215,0,0.007344925
Warm C,409757,2457,2456,328,215,0,0.012702246
Warm C,408980,2455,2454,328,215,0,0.013027494
Warm C,397224,2352,2351,328,215,0,0.00650725
Warm C,374338,2181,2180,328,215,1,0.017463556
Warm C,368648,2155,2154,328,215,1,0.009521116
Warm C,363325,2116,2115,328,215,1,0.0060324273
Warm C,358613,2098,2097,328,215,1,0.0045467312
Warm C,352221,2063,2062,328,215,1,0.008283774
Warm C,361854,2109,2108,328,215,0,0.019007262
Warm C,344469,2021,2020,328,215,1,0.015955556
Warm C,351047,2060,2059,328,215,1,0.008182881
Warm C,326340,1931,1930,328,215,0,0.011595884
Warm C,323525,1919,1918,328,215,0,-0.0025450736
Warm C,333506,1968,1967,328,215,0,0.005686863
Warm C,330443,1950,1949,328,215,0,0.01572808
Warm C,297683,1764,1763,328,215,1,0.008923793
Warm C,279761,1680,1679,328,215,1,0.020051703
Warm C,277120,1675,1674,328,215,0,0.012091825
Warm C,285827,1705,1704,328,215,0,0.0023523949
Warm C,277926,1676,1675,328,215,0,0.019255595
Warm C,271547,1641,1640,328,215,0,0.014899287
Warm C,267657,1626,1625,328,215,0,0.00669416
Warm C,247863,1496,1495,328,215,1,0.015651533
Warm C,303333,1802,1801,328,215,0,0.006810531
Warm C,358289,2097,2096,328,215,0,0.004784632
Warm C,231201,1399,1398,328,215,0,4.0220562e-05
Warm C,224534,1357,1356,328,215,0,0.009753671
Warm C,221838,1341,1340,328,215,1,0.0035475616
Warm C,221923,1342,1341,328,215,0,0.0066374764
Warm C,273187,1647,1646,328,215,0,0.015894732
Warm C,350368,2056,2055,328,215,1,0.022566535
Warm C,192763,1186,1185,328,215,1,0.006692441
Warm C,328560,1941,1940,328,215,0,0.011421496
Warm C,189091,1172,1171,328,215,0,0.015008695
Warm C,186214,1151,1150,328,215,1,0.0105766095
Warm C,184101,1146,1145,328,215,1,0.012587272
Warm C,175721,1112,1111,328,215,0,0.012682871
Warm C,159389,1017,1016,328,215,0,0.008872276
Warm C,151052,971,970,328,215,0,0.012211103
Warm C,271069,1639,1638,328,215,0,0.009128168
Warm C,133302,860,859,328,215,1,0.0028289622
Warm C,138696,889,888,328,215,0,0.017687974
Warm C,263597,1605,1604,328,215,0,0.015824402
Warm C,126706,817,816,328,215,1,0.015073561
Warm C,125617,808,807,328,215,1,0.0059192367
Warm C,123967,798,797,328,215,0,0.008191444
Warm C,113882,738,737,328,215,0,8.645735e-05
Warm C,117652,757,756,328,215,0,0.013422611
Warm C,97399,652,651,328,215,0,0.012153927
Warm C,92819,621,620,328,215,0,0.010591186
Warm C,203259,1246,1245,328,215,0,0.015826315
Warm C,108796,712,711,328,215,1,0.014489578
Warm C,81858,543,542,328,215,1,0.0062870616
Warm C,77795,524,523,328,215,1,0.027426768
Warm C,51174,337,336,328,215,1,0.015079546
Warm C,41211,278,277,328,215,1,0.006148701
Warm C,42810,293,292,328,215,0,0.0120956395
Warm C,291630,1737,1736,328,215,0,0.017234936
Warm C,22594,163,162,328,215,0,0.0060514957
Warm C,14550,117,116,328,215,0,0.015097555
Warm C,290473,1733,1732,328,215,0,0.021618288
Warm C,238178,1447,1446,328,215,0,0.013527527
Warm C,28239,195,194,328,215,1,0.024666278
Warm C,164777,1051,1050,328,215,0,0.019104037
Warm C,251943,1524,1523,328,215,1,0.005828861
Warm C,195687,1203,1202,328,215,0,0.025885906
Warm C,134527,869,868,328,215,0,0.02326057
Warm C,136850,881,880,328,215,1,0.0089701535
Warm C,474393,2910,2909,328,215,1,0.007192228
Warm C,63264,424,423,328,215,0,0.019795008
Warm C,532347,3285,3284,330,217,0,-0.0013215109
Warm C,515664,3182,3181,330,217,0,0.005954577
Warm C,566437,3476,3475,330,217,0,0.009568611
Warm C,507328,3121,3120,330,217,0,0.005668004
Warm C,506855,3118,3117,330,217,0,0.008432707
Warm C,784191,4682,4681,330,217,0,0.007523597
Warm C,494428,3032,3031,330,217,1,0.012444687
Warm C,477261,2929,2928,330,217,0,0.009283559
Warm C,463536,2857,2856,330,217,0,0.0044167233
Warm C,446010,2750,2749,330,217,1,0.009962268
Warm C,444819,2743,2742,330,217,0,0.0017008232
Warm C,790506,4728,4727,330,217,0,0.0138436565
Warm C,426591,2590,2589,330,217,0,0.0018714413
Warm C,419915,2537,2536,330,217,0,0.007663594
Warm C,409761,2457,2456,330,217,1,0.009826724
Warm C,392462,2304,2303,330,217,0,0.0094021475
Warm C,377959,2205,2204,330,217,0,0.0096251955
Warm C,368650,2155,2154,330,217,1,0.0035013203
Warm C,364936,2124,2123,330,217,0,0.0036775642
Warm C,361862,2109,2108,330,217,0,0.009524565
Warm C,352232,2063,2062,330,217,0,0.010090688
Warm C,348517,2042,2041,330,217,0,0.008922167
Warm C,344473,2021,2020,330,217,0,0.016183183
Warm C,345185,2024,2023,330,217,0,0.005979603
Warm C,340886,2010,2009,330,217,0,0.0011256915
Warm C,323526,1919,1918,330,217,1,0.0057815425
Warm C,288323,1722,1721,330,217,0,0.0026882105
Warm C,279785,1680,1679,330,217,1,0.0052375165
Warm C,285828,1705,1704,330,217,0,-0.003284903
Warm C,247872,1496,1495,330,217,0,0.002414711
Warm C,358290,2097,2096,330,217,1,0.0011492602
Warm C,224538,1357,1356,330,217,0,0.0002627445
Warm C,224314,1356,1355,330,217,0,0.0015255588
Warm C,221840,1341,1340,330,217,1,0.008986614
Warm C,221925,1342,1341,330,217,1,0.0004075435
Warm C,277932,1676,1675,330,217,0,0.009491393
Warm C,209211,1277,1276,330,217,0,-0.0018216963
Warm C,273196,1647,1646,330,217,0,0.0138178645
Warm C,211255,1285,1284,330,217,0,0.0035170938
Warm C,196689,1207,1206,330,217,0,0.0055279946
Warm C,173813,1100,1099,330,217,0,-0.007172913
Warm C,272350,1645,1644,330,217,1,0.0032234297
Warm C,159393,1017,1016,330,217,0,0.004328153
Warm C,342734,2015,2014,330,217,1,0.011613626
Warm C,271070,1639,1638,330,217,0,0.007822476
Warm C,136858,881,880,330,217,0,-0.0066221533
Warm C,134534,869,868,330,217,0,0.006117539
Warm C,133226,859,858,330,217,0,0.006574744
Warm C,126711,817,816,330,217,1,-0.002812846
Warm C,125619,808,807,330,217,1,0.015557596
Warm C,122823,792,791,330,217,0,0.0041745896
Warm C,115151,748,747,330,217,0,0.008160506
Warm C,108246,710,709,330,217,0,0.0066532805
Warm C,177164,1117,1116,330,217,0,0.00038087065
Warm C,441983,2718,2717,330,217,0,0.00042794424
Warm C,92823,621,620,330,217,1,0.008563809
Warm C,91681,608,607,330,217,0,-0.0015349393
Warm C,86801,566,565,330,217,0,0.00013541989
Warm C,291635,1737,1736,330,217,0,0.0060801436
Warm C,81866,543,542,330,217,0,0.015127849
Warm C,80776,536,535,330,217,0,0.007912317
Warm C,108798,712,711,330,217,0,-0.0027376045
Warm C,78951,530,529,330,217,1,0.0014554532
Warm C,77804,524,523,330,217,1,0.008491427
Warm C,75999,516,515,330,217,0,0.0036809524
Warm C,80361,533,532,330,217,0,0.012386715
Warm C,123540,796,795,330,217,0,0.010545146
Warm C,53852,352,351,330,217,0,0.0038576475
Warm C,51181,337,336,330,217,0,0.006889414
Warm C,132646,855,854,330,217,0,0.009002168
Warm C,41216,278,277,330,217,1,0.008716523
Warm C,257875,1579,1578,330,217,0,0.0069835917
Warm C,40452,272,271,330,217,0,0.006198391
Warm C,36552,245,244,330,217,0,0.0023546778
Warm C,337186,1983,1982,330,217,1,0.01861703
Warm C,99890,667,666,330,217,0,0.0045306096
Warm C,22599,163,162,330,217,0,0.018870775
Warm C,10979,81,80,330,217,0,0.0034611202
Warm C,7801,53,52,330,217,0,0.011298112
Warm C,2649,22,21,330,217,0,0.0061554364
Warm C,2348,19,18,330,217,1,0.0026275374
Warm C,238192,1447,1446,330,217,0,0.0013076975
Warm C,174304,1101,1100,330,217,0,0.0060324697
Warm C,954252,5761,5760,330,217,0,0.00607158
Warm C,328576,1941,1940,330,217,0,0.00952939
Warm C,164790,1051,1050,330,217,0,0.011584023
Warm C,941494,5682,5681,330,217,0,0.0013259505
Warm C,28257,195,194,330,217,1,0.0010187849
Warm C,489306,3012,3011,330,217,0,0.0025616814
Warm C,637084,3836,3835,332,218,0,0.014915346
Warm C,638504,3841,3840,332,218,0,0.0061175087
Warm C,617338,3736,3735,332,218,0,0.005346296
Warm C,596825,3626,3625,332,218,0,0.0058863075
Warm C,590849,3603,3602,332,218,0,0.012752296
Warm C,576686,3525,3524,332,218,0,0.0012708989
Warm C,569426,3491,3490,332,218,1,0.0053000553
Warm C,566438,3476,3475,332,218,0,0.00756173
Warm C,507546,3123,3122,332,218,0,0.004614523
Warm C,902866,5458,5457,332,218,0,0.01009841
Warm C,547646,3378,3377,332,218,0,0.0070313904
Warm C,496630,3051,3050,332,218,0,0.0077095525
Warm C,641127,3853,3852,332,218,0,0.0034450192
Warm C,495725,3044,3043,332,218,1,0.0035729213
Warm C,494431,3032,3031,332,218,0,0.014942672
Warm C,488941,3010,3009,332,218,0,0.008223231
Warm C,517971,3196,3195,332,218,0,0.000100714155
Warm C,463538,2857,2856,332,218,1,0.005878701
Warm C,444820,2743,2742,332,218,0,0.010717209
Warm C,430183,2621,2620,332,218,0,0.009116571
Warm C,426592,2590,2589,332,218,0,0.0074766744
Warm C,415848,2504,2503,332,218,1,0.009265283
Warm C,392465,2304,2303,332,218,0,0.008552889
Warm C,391167,2299,2298,332,218,0,0.0032877582
Warm C,377411,2203,2202,332,218,0,0.012502212
Warm C,374351,2181,2180,332,218,0,0.0064912383
Warm C,370788,2167,2166,332,218,0,0.006517865
Warm C,367779,2147,2146,332,218,0,-2.8064009e-05
Warm C,366400,2132,2131,332,218,0,0.008765631
Warm C,359130,2101,2100,332,218,0,0.014817977
Warm C,358620,2098,2097,332,218,0,-0.004318228
Warm C,356524,2088,2087,332,218,0,0.014143553
Warm C,361864,2109,2108,332,218,0,0.008548825
Warm C,375704,2188,2187,332,218,0,0.013561404
Warm C,344474,2021,2020,332,218,1,0.004972634
Warm C,325559,1926,1925,332,218,0,-0.00055050664
Warm C,311604,1856,1855,332,218,1,0.0015423852
Warm C,305309,1814,1813,332,218,0,0.0017374109
Warm C,300749,1781,1780,332,218,1,0.008106317
Warm C,330446,1950,1949,332,218,0,0.01246152
Warm C,292506,1741,1740,332,218,0,0.007157196
Warm C,279788,1680,1679,332,218,1,0.010158802
Warm C,277127,1675,1674,332,218,0,0.017296646
Warm C,277933,1676,1675,332,218,0,0.019070664
Warm C,361048,2106,2105,332,218,0,0.010907425
Warm C,271551,1641,1640,332,218,0,0.013899345
Warm C,268381,1630,1629,332,218,0,0.0049913563
Warm C,234602,1424,1423,332,218,0,-0.004567781
Warm C,230927,1397,1396,332,218,0,0.003835884
Warm C,233181,1418,1417,332,218,0,-0.0010641846
Warm C,221926,1342,1341,332,218,0,0.006190257
Warm C,221841,1341,1340,332,218,0,-0.00019553548
Warm C,267311,1624,1623,332,218,0,0.0034132367
Warm C,270167,1635,1634,332,218,0,0.014930714
Warm C,261912,1599,1598,332,218,1,0.0004905207
Warm C,196198,1206,1205,332,218,0,0.007404731
Warm C,328578,1941,1940,332,218,0,0.01875225
Warm C,181654,1135,1134,332,218,0,0.009774102
Warm C,191967,1182,1181,332,218,0,0.003978281
Warm C,331871,1958,1957,332,218,0,0.019096062
Warm C,184105,1146,1145,332,218,0,0.007902157
Warm C,175725,1112,1111,332,218,0,0.01074573
Warm C,166122,1058,1057,332,218,0,0.005588727
Warm C,159394,1017,1016,332,218,0,0.013250068
Warm C,150222,967,966,332,218,0,0.0019818712
Warm C,153259,984,983,332,218,0,0.009616463
Warm C,147087,948,947,332,218,0,0.006314539
Warm C,133227,859,858,332,218,0,0.005981833
Warm C,133068,858,857,332,218,0,0.0051505957
Warm C,352233,2063,2062,332,218,0,0.009807276
Warm C,125620,808,807,332,218,0,0.0037365062
Warm C,114111,741,740,332,218,0,-0.008784708
Warm C,103721,689,688,332,218,1,0.0064983424
Warm C,108799,712,711,332,218,0,-0.0009599568
Warm C,179789,1125,1124,332,218,0,0.020194873
Warm C,316998,1884,1883,332,218,1,0.0031194433
Warm C,94745,636,635,332,218,0,0.0016653058
Warm C,235199,1425,1424,332,218,0,0.0020994388
Warm C,90987,602,601,332,218,0,0.011693356
Warm C,308871,1837,1836,332,218,0,0.010918059
Warm C,86225,563,562,332,218,0,0.0033280244
Warm C,250497,1509,1508,332,218,0,0.0071239565
Warm C,84443,550,549,332,218,0,0.0006850478
Warm C,66644,445,444,332,218,0,0.007849032
Warm C,51182,337,336,332,218,0,0.0027899786
Warm C,45212,305,304,332,218,0,0.0056564817
Warm C,41217,278,277,332,218,0,0.0034415517
Warm C,22602,163,162,332,218,0,0.008705914
Warm C,14563,117,116,332,218,0,0.019757245
Warm C,290485,1733,1732,332,218,0,0.007375425
Warm C,458213,2820,2819,332,218,0,0.0029868074
Warm C,19493,148,147,332,218,0,0.007740399
Warm C,355125,2077,2076,332,218,0,0.008631332
Warm C,552578,3401,3400,332,218,0,0.011473685
Warm C,238194,1447,1446,332,218,0,0.019001726
Warm C,52188,343,342,332,218,1,0.010510386
Warm C,474007,2909,2908,332,218,1,0.011633643
Warm C,171992,1088,1087,332,218,0,0.011534133
Warm C,136859,881,880,332,218,0,0.00869272
Warm C,63282,424,423,332,218,0,0.017247412
Warm C,489307,3012,3011,332,218,0,0.0082301805
Warm C,442472,2724,2723,334,220,1,0.0068908758
Warm C,696652,4169,4168,334,220,1,-0.00841143
Warm C,421185,2544,2543,334,220,1,0.005018189
Warm C,416856,2507,2506,334,220,1,0.01056684
Warm C,381391,2230,2229,334,220,0,0.0028129534
Warm C,310180,1845,1844,334,220,1,0.00518707
Warm C,292509,1741,1740,334,220,1,0.0050279777
Warm C,276414,1671,1670,334,220,1,0.011958508
Warm C,284450,1698,1697,334,220,1,0.01101683
Warm C,319536,1897,1896,334,220,1,-0.002758646
Warm C,209798,1281,1280,334,220,1,-0.00047552492
Warm C,206019,1264,1263,334,220,1,0.0068696886
Warm C,201022,1239,1238,334,220,0,0.012957966
Warm C,211259,1285,1284,334,220,0,0.01505215
Warm C,244167,1470,1469,334,220,0,-0.0012936346
Warm C,308874,1837,1836,334,220,0,0.0027580261
Warm C,296585,1758,1757,334,220,1,0.008045448
Warm C,329531,1943,1942,334,220,1,0.010800985
Warm C,185686,1150,1149,334,220,1,0.0015160083
Warm C,307650,1835,1834,334,220,0,0.010615766
Warm C,201751,1242,1241,334,220,1,0.009228094
Warm C,168641,1069,1068,334,220,1,0.007146865
Warm C,191352,1181,1180,334,220,1,0.006729675
Warm C,320277,1899,1898,334,220,1,0.0059337807
Warm C,153868,989,988,334,220,1,-0.00045907614
Warm C,147799,952,951,334,220,1,-0.00056308764
Warm C,142501,919,918,334,220,1,0.0033880672
Warm C,199600,1224,1223,334,220,1,0.0070959544
Warm C,138716,889,888,334,220,1,0.0013943068
Warm C,374886,2185,2184,334,220,1,-0.00081763044
Warm C,97953,655,654,334,220,1,-0.000522197
Warm C,84446,550,549,334,220,1,0.003925578
Warm C,72984,493,492,334,220,0,0.003440593
Warm C,45020,303,302,334,220,1,0.0053366036
Warm C,860158,5172,5171,334,220,1,0.010602542
Warm C,431171,2627,2626,334,220,0,0.0010848951
Warm C,22028,161,160,334,220,1,-0.00040920917
Warm C,20063,149,148,334,220,0,0.01144712
Warm C,3878,28,27,334,220,1,-0.0046761716
Warm C,357661,2092,2091,334,220,0,-0.0021720654
Warm C,89371,588,587,334,220,1,0.010333803
Warm C,158568,1015,1014,334,220,1,0.004263781
Warm C,42818,293,292,334,220,0,0.006082055
Warm C,484350,2980,2979,334,220,1,0.00053701946
Warm C,467416,2880,2879,334,220,1,-0.0002473211
Warm C,772740,4607,4606,334,220,0,0.00033879536
Warm C,475631,2918,2917,334,220,1,0.009263797
Warm C,847952,5096,5095,334,220,1,0.0025892123
Warm C,447701,2760,2759,334,220,0,0.0040618335
Warm C,287838,1717,1716,334,220,0,-0.00023066346
Warm C,739440,4418,4417,334,220,1,-0.0035069548
Warm C,27590,193,192,334,220,0,0.0054795137
Warm C,208931,1274,1273,334,220,1,0.0068876185
Warm C,160349,1019,1018,334,220,1,0.0026860186
Warm C,696677,4169,4168,340,224,0,-0.0008436744
Warm C,87328,570,569,340,224,1,-0.009195237
Warm C,361067,2106,2105,340,224,0,0.0060233003
Warm C,191382,1181,1180,340,224,0,0.0055853045
Warm C,240463,1449,1448,340,224,1,-0.0016142586
Warm C,53885,352,351,340,224,1,-0.0049207965
Warm C,239262,1448,1447,340,224,1,-0.0033730234
Warm C,40047,271,270,340,224,1,-0.0029566707
Warm C,19028,147,146,340,224,1,0.0116586825
Warm C,6921,48,47,340,224,0,-0.008332934
Warm C,1808,17,16,340,224,0,0.0052469405
Warm C,104522,692,691,340,224,1,-0.0013348483
Warm C,268110,1628,1627,340,224,0,0.00066345744
Warm C,349048,2047,2046,340,224,0,-0.0064233616
Warm C,355138,2077,2076,340,224,1,0.0010867645
Warm C,386171,2258,2257,340,224,0,0.005253855
Warm C,286871,1712,1711,340,224,1,-0.00931181
Warm C,28288,195,194,340,224,1,0.003050615
Warm C,169962,1079,1078,340,224,0,-0.0019224031
Warm C,145074,934,933,340,224,0,-0.00046614115
Warm C,893071,5394,5393,340,224,0,0.005204211
Warm C,527112,3260,3259,340,224,1,0.005928978
Warm C,116542,752,751,340,224,0,-0.0035617342
Warm C,974423,5878,5877,340,224,1,0.005917468
Warm C,458241,2820,2819,346,228,0,-0.004460295
Warm C,443959,2737,2736,346,228,0,0.010312853
Warm C,442300,2723,2722,346,228,1,-0.008485094
Warm C,429278,2611,2610,346,228,1,0.008107454
Warm C,416885,2507,2506,346,228,1,0.0042127776
Warm C,410317,2461,2460,346,228,1,0.0013972209
Warm C,404713,2419,2418,346,228,1,0.007015151
Warm C,402496,2402,2401,346,228,1,-0.0014989213
Warm C,401053,2389,2388,346,228,0,2.1654181e-05
Warm C,376586,2197,2196,346,228,1,-0.012615591
Warm C,375716,2188,2187,346,228,0,0.008416295
Warm C,364948,2124,2123,346,228,1,-0.00067198835
Warm C,338331,1988,1987,346,228,1,0.010911704
Warm C,315531,1880,1879,346,228,0,0.006450129
Warm C,276439,1671,1670,346,228,1,0.0040399632
Warm C,266040,1613,1612,346,228,1,0.0001635201
Warm C,259107,1586,1585,346,228,1,0.011439309
Warm C,247213,1494,1493,346,228,1,0.00038686162
Warm C,631793,3821,3820,346,228,0,0.0018885648
Warm C,228514,1383,1382,346,228,0,-0.0027067717
Warm C,296601,1758,1757,346,228,1,0.006207841
Warm C,213660,1298,1297,346,228,1,0.015502896
Warm C,211296,1285,1284,346,228,0,-0.0039016875
Warm C,592172,3610,3609,346,228,0,-0.004490735
Warm C,185719,1150,1149,346,228,0,-0.0021681315
Warm C,307668,1835,1834,346,228,1,0.007165828
Warm C,263640,1605,1604,346,228,0,0.0021084894
Warm C,168657,1069,1068,346,228,0,0.013138229
Warm C,164027,1050,1049,346,228,0,0.010324931
Warm C,158599,1015,1014,346,228,1,0.0012321789
Warm C,217300,1317,1316,346,228,1,0.006152849
Warm C,139475,891,890,346,228,1,0.003599558
Warm C,138753,889,888,346,228,0,0.005146977
Warm C,136884,881,880,346,228,0,-0.005226792
Warm C,134770,870,869,346,228,1,0.0041564004
Warm C,132083,854,853,346,228,0,0.008836847
Warm C,160377,1019,1018,346,228,0,0.00896287
Warm C,452145,2784,2783,346,228,1,-0.0011729023
Warm C,696688,4169,4168,346,228,1,0.008336345
Warm C,239268,1448,1447,346,228,1,0.014808324
Warm C,132660,855,854,346,228,0,0.013400169
Warm C,45214,305,304,346,228,0,-0.0063693253
Warm C,300539,1780,1779,346,228,0,-0.011561353
Warm C,23174,166,165,346,228,0,0.012945842
Warm C,6930,48,47,346,228,0,0.0050753006
Warm C,108268,710,709,346,228,1,0.0013054456
Warm C,95566,639,638,346,228,1,-0.0012671872
Warm C,286875,1712,1711,346,228,1,-0.0017225891
Warm C,257899,1579,1578,346,228,0,0.0106734745
Warm C,844047,5074,5073,346,228,1,0.009482123
Warm C,460838,2841,2840,346,228,1,0.0072896397
Warm C,750487,4478,4477,346,228,0,0.010260675
Warm C,265256,1611,1610,346,228,1,0.0042741396
Warm C,20092,149,148,346,228,1,-0.005972709
Warm C,50664,333,332,346,228,0,0.0019406283
Warm C,958891,5787,5786,346,228,1,0.015891802
Warm C,554602,3411,3410,346,228,0,0.0018012878
Warm C,371816,2172,2171,346,228,0,-0.0005627704
Warm C,739448,4418,4417,346,228,1,0.00811157
Warm C,923994,5580,5579,346,228,1,-0.004608989
Warm C,474819,2913,2912,352,233,1,0.0041284864
Warm C,460433,2840,2839,352,233,0,0.0060738763
Warm C,696714,4169,4168,352,233,0,0.013690384
Warm C,433781,2643,2642,352,233,0,0.017425366
Warm C,397116,2351,2350,352,233,0,0.021678247
Warm C,382537,2235,2234,352,233,1,0.010909403
Warm C,369217,2158,2157,352,233,1,-0.0026677775
Warm C,368010,2148,2147,352,233,0,0.0035595456
Warm C,366481,2134,2133,352,233,1,0.0107793445
Warm C,356059,2085,2084,352,233,0,0.009873378
Warm C,355377,2078,2077,352,233,0,0.008204099
Warm C,338352,1988,1987,352,233,0,0.0079425555
Warm C,259656,1587,1586,352,233,1,0.011514037
Warm C,303125,1800,1799,352,233,0,0.0016747222
Warm C,241455,1451,1450,352,233,1,0.014224591
Warm C,231762,1404,1403,352,233,0,0.01265241
Warm C,233498,1420,1419,352,233,0,0.0042473343
Warm C,220926,1339,1338,352,233,0,0.0033658454
Warm C,308186,1836,1835,352,233,0,0.004198828
Warm C,211331,1285,1284,352,233,1,0.00978513
Warm C,279882,1680,1679,352,233,0,0.009976752
Warm C,188454,1169,1168,352,233,0,0.010147015
Warm C,212555,1294,1293,352,233,1,-0.005390751
Warm C,185750,1150,1149,352,233,0,0.00086947996
Warm C,166629,1059,1058,352,233,0,0.0064538033
Warm C,364011,2120,2119,352,233,1,0.008430017
Warm C,152051,977,976,352,233,0,0.012876647
Warm C,221609,1340,1339,352,233,0,0.016548835
Warm C,149753,963,962,352,233,0,0.010061025
Warm C,138783,889,888,352,233,0,0.0022886614
Warm C,713366,4277,4276,352,233,0,0.003255913
Warm C,130715,847,846,352,233,0,0.008845493
Warm C,129677,839,838,352,233,1,0.018262547
Warm C,298207,1767,1766,352,233,1,0.0041297968
Warm C,117274,756,755,352,233,0,0.0048996247
Warm C,96679,648,647,352,233,0,0.0059402804
Warm C,89507,589,588,352,233,0,0.007856192
Warm C,88952,587,586,352,233,0,0.0070948377
Warm C,197458,1211,1210,352,233,1,0.011939601
Warm C,70923,476,475,352,233,1,0.0030683354
Warm C,116572,752,751,352,233,1,0.016982932
Warm C,70276,474,473,352,233,0,0.009124217
Warm C,59194,402,401,352,233,1,0.0010986552
Warm C,53928,352,351,352,233,0,0.012652829
Warm C,317922,1889,1888,352,233,0,0.00834642
Warm C,40494,272,271,352,233,0,0.008566778
Warm C,26820,190,189,352,233,0,0.002034125
Warm C,24965,175,174,352,233,1,0.006554193
Warm C,21632,157,156,352,233,1,0.004057279
Warm C,49575,329,328,352,233,0,0.011882179
Warm C,257918,1579,1578,352,233,0,0.019800324
Warm C,575566,3519,3518,352,233,0,0.015235362
Warm C,485295,2986,2985,352,233,0,0.0103398785
Warm C,499709,3067,3066,352,233,1,0.0039482466
Warm C,195730,1203,1202,352,233,0,0.007719825
Warm C,882228,5329,5328,352,233,1,0.010059714
Warm C,565778,3475,3474,352,233,1,0.011129152
Warm C,893083,5394,5393,352,233,1,0.014896037
Warm C,974441,5878,5877,352,233,1,0.014836266
Warm C,933604,5636,5635,354,235,0,0.018817969
Warm C,249954,1505,1504,354,235,0,0.008040503
Warm C,777961,4647,4646,354,235,0,0.010961194
Warm C,309784,1842,1841,354,235,1,0.023640405
Warm C,255628,1556,1555,354,235,0,0.012625946
Warm C,105713,698,697,354,235,1,0.0061855763
Warm C,941517,5682,5681,354,235,1,0.0063065314
Warm C,600290,3650,3649,358,239,0,0.016832544
Warm C,594983,3620,3619,358,239,0,0.0125542525
Warm C,583957,3563,3562,358,239,0,0.0041641924
Warm C,872560,5269,5268,358,239,0,0.0063084424
Warm C,579726,3539,3538,358,239,1,0.013127241
Warm C,572463,3507,3506,358,239,1,0.009256443
Warm C,563224,3464,3463,358,239,1,0.0062559987
Warm C,557880,3425,3424,358,239,0,0.018658824
Warm C,542743,3339,3338,358,239,0,0.011560347
Warm C,536265,3308,3307,358,239,0,0.01249343
Warm C,561697,3454,3453,358,239,1,-0.0026432816
Warm C,527639,3261,3260,358,239,1,0.014148617
Warm C,522012,3223,3222,358,239,0,0.0045299316
Warm C,537466,3311,3310,358,239,0,0.013077776
Warm C,635972,3833,3832,358,239,1,0.013192059
Warm C,515082,3180,3179,358,239,0,0.009868021
Warm C,502272,3082,3081,358,239,1,0.014388416
Warm C,550565,3391,3390,358,239,1,0.005447286
Warm C,492988,3029,3028,358,239,0,0.013531487
Warm C,485300,2986,2985,358,239,1,0.00027883844
Warm C,483996,2976,2975,358,239,0,0.009387637
Warm C,471712,2901,2900,358,239,1,0.011331746
Warm C,455030,2800,2799,358,239,0,0.013128278
Warm C,451176,2777,2776,358,239,1,0.0014423579
Warm C,448560,2764,2763,358,239,0,0.010286017
Warm C,564722,3471,3470,358,239,0,0.017556408
Warm C,440378,2692,2691,358,239,1,0.017303348
Warm C,404732,2419,2418,358,239,0,0.005387473
Warm C,393317,2311,2310,358,239,0,0.0038773208
Warm C,390185,2288,2287,358,239,0,0.006122031
Warm C,359575,2102,2101,358,239,0,0.011511674
Warm C,340921,2010,2009,358,239,0,0.014802026
Warm C,288047,1720,1719,358,239,0,0.007373028
Warm C,259661,1587,1586,358,239,0,0.01227752
Warm C,299809,1778,1777,358,239,1,0.010340639
Warm C,296613,1758,1757,358,239,0,0.0027023135
Warm C,308911,1837,1836,358,239,0,0.01568312
Warm C,263676,1605,1604,358,239,0,-0.00030005723
Warm C,168676,1069,1068,358,239,0,0.009247261
Warm C,164046,1050,1049,358,239,0,0.01374201
Warm C,162510,1035,1034,358,239,1,0.0134112295
Warm C,136921,881,880,358,239,0,0.01589714
Warm C,155015,999,998,358,239,1,0.012517644
Warm C,352310,2063,2062,358,239,0,0.0123432875
Warm C,126953,818,817,358,239,0,0.0006850655
Warm C,110445,720,719,358,239,0,0.015967332
Warm C,329562,1943,1942,358,239,0,0.012238122
Warm C,92837,621,620,358,239,0,0.0158353
Warm C,91692,608,607,358,239,1,0.00056140404
Warm C,90033,593,592,358,239,1,0.0019344664
Warm C,239302,1448,1447,358,239,1,0.016847286
Warm C,77863,524,523,358,239,0,0.026255948
Warm C,197464,1211,1210,358,239,0,0.0055667236
Warm C,68292,457,456,358,239,0,0.016392246
Warm C,67573,453,452,358,239,0,0.0074616866
Warm C,60214,409,408,358,239,0,0.0017279682
Warm C,784227,4682,4681,358,239,1,-0.0012823166
Warm C,27290,192,191,358,239,0,0.0067347065
Warm C,7871,53,52,358,239,1,0.006505408
Warm C,262602,1601,1600,358,239,1,0.0073561417
Warm C,45425,306,305,358,239,1,0.012113987
Warm C,893089,5394,5393,358,239,0,0.015862107
Warm C,257926,1579,1578,358,239,0,0.01146381
Warm C,241461,1451,1450,358,239,0,0.013480124
Warm C,317928,1889,1888,358,239,0,0.020391533
Warm C,88957,587,586,358,239,0,0.003875966
Warm C,433286,2641,2640,358,239,1,0.0069291973
Warm C,145905,937,936,358,239,1,0.015869964
Warm C,973498,5872,5871,358,239,0,0.015336558
Warm C,907720,5492,5491,358,239,0,0.008767532
Warm C,20124,149,148,358,239,0,0.012236703
Warm C,207124,1266,1265,358,239,0,0.0085656345
Warm C,575909,3520,3519,358,239,0,0.009378631
Warm C,134577,869,868,358,239,1,0.009780392
Warm C,757337,4508,4507,358,239,0,0.009316907
Warm C,960335,5792,5791,358,239,0,0.011641125
Warm C,322685,1912,1911,358,239,0,0.007169126
Warm C,941521,5682,5681,358,239,1,0.013151221
Warm C,273253,1647,1646,358,239,0,0.025348173
Warm C,554920,3412,3411,358,239,1,0.009583017
Warm C,974448,5878,5877,358,239,0,0.0009407415
Warm C,377455,2203,2202,360,240,1,0.010102253
Warm C,369685,2163,2162,360,240,1,-0.00022117211
Warm C,352346,2063,2062,360,240,0,0.012570746
Warm C,361920,2109,2108,360,240,0,0.01697272
Warm C,340939,2010,2009,360,240,0,0.015502502
Warm C,289039,1726,1725,360,240,0,0.0040961187
Warm C,299821,1778,1777,360,240,0,0.0118923625
Warm C,266080,1613,1612,360,240,0,0.007885523
Warm C,264751,1609,1608,360,240,0,0.00859575
Warm C,361119,2106,2105,360,240,0,0.0070246262
Warm C,245074,1476,1475,360,240,0,0.00097292894
Warm C,356925,2090,2089,360,240,0,0.0059618577
Warm C,336362,1980,1979,360,240,0,0.020856647
Warm C,233201,1418,1417,360,240,0,0.010309998
Warm C,223792,1354,1353,360,240,0,0.0006847803
Warm C,279932,1680,1679,360,240,0,0.016468402
Warm C,320889,1902,1901,360,240,1,0.012594546
Warm C,196754,1207,1206,360,240,0,0.005886306
Warm C,192481,1184,1183,360,240,0,0.009469778
Warm C,186873,1158,1157,360,240,1,0.015347598
Warm C,328718,1941,1940,360,240,0,0.009033683
Warm C,164057,1050,1049,360,240,0,0.011295842
Warm C,275731,1667,1666,360,240,0,0.012946234
Warm C,155022,999,998,360,240,0,0.010595862
Warm C,152718,983,982,360,240,1,0.007888395
Warm C,325895,1928,1927,360,240,1,0.009164717
Warm C,157248,1010,1009,360,240,0,0.009584328
Warm C,202695,1244,1243,360,240,0,0.011451942
Warm C,131511,851,850,360,240,1,0.003399942
Warm C,249025,1501,1500,360,240,0,0.020041354
Warm C,332867,1962,1961,360,240,0,0.006726651
Warm C,125084,802,801,360,240,1,0.0036443155
Warm C,123181,795,794,360,240,0,0.0033768932
Warm C,240529,1449,1448,360,240,0,0.019166455
Warm C,111064,721,720,360,240,0,0.010635041
Warm C,106320,699,698,360,240,0,0.0058726426
Warm C,179836,1125,1124,360,240,0,0.004093939
Warm C,99074,660,659,360,240,0,0.013667949
Warm C,314223,1875,1874,360,240,0,0.011963239
Warm C,84521,550,549,360,240,1,0.01604798
Warm C,77887,524,523,360,240,0,0.027422823
Warm C,73735,499,498,360,240,1,0.0069089783
Warm C,71180,477,476,360,240,0,0.014035607
Warm C,334060,1969,1968,360,240,0,0.01246172
Warm C,47649,319,318,360,240,0,0.013726676
Warm C,145508,935,934,360,240,0,0.0047929846
Warm C,627092,3792,3791,360,240,0,0.017327063
Warm C,32244,216,215,360,240,0,0.021190602
Warm C,30013,202,201,360,240,0,0.011349363
Warm C,29294,199,198,360,240,0,0.013858804
Warm C,22662,163,162,360,240,0,0.017335467
Warm C,13054,101,100,360,240,1,0.015636254
Warm C,9393,62,61,360,240,0,0.010298428
Warm C,6972,48,47,360,240,0,0.012075302
Warm C,108308,710,709,360,240,0,0.011032164
Warm C,696744,4169,4168,360,240,0,0.016931053
Warm C,78688,528,527,360,240,0,-0.0032873563
Warm C,238276,1447,1446,360,240,0,0.009507749
Warm C,363412,2116,2115,360,240,0,0.005338075
Warm C,12110,92,91,360,240,0,0.0072217863
Warm C,272393,1645,1644,360,240,1,0.008664076
Warm C,35115,237,236,360,240,0,0.015852315
Warm C,79735,531,530,360,240,0,0.023486365
Warm C,907722,5492,5491,360,240,0,0.012708384
Warm C,134600,869,868,360,240,0,0.0052060075
Warm C,599481,3648,3647,360,240,0,0.010491077
Warm C,699788,4186,4185,360,240,0,0.012218887
Warm C,535151,3301,3300,363,243,1,0.0061448663
Warm C,805799,4823,4822,363,243,1,0.020872109
Warm C,29300,199,198,365,245,1,0.00061401166
Warm C,26532,187,186,365,245,1,0.0072093913
Warm C,19562,148,147,365,245,0,0.008278862
Warm C,7896,53,52,365,245,0,0.00030688033
Warm C,96759,649,648,365,245,0,0.0021748464
Warm C,241482,1451,1450,365,245,1,0.0011026585
Warm C,265296,1611,1610,365,245,1,0.009907402
Warm C,329581,1943,1942,365,245,0,-0.004945985
Warm C,195757,1203,1202,365,245,1,0.011989581
Warm C,287871,1717,1716,365,245,1,-0.014217789
Warm C,967008,5831,5830,365,245,1,-0.0054415436
Warm C,636534,3834,3833,374,253,1,0.0078106886
Warm C,600326,3650,3649,374,253,0,0.008469334
Warm C,590295,3600,3599,374,253,0,0.009059159
Warm C,731253,4375,4374,374,253,0,0.0036491118
Warm C,582281,3557,3556,374,253,1,0.009342771
Warm C,758841,4510,4509,374,253,1,0.015774721
Warm C,573011,3509,3508,374,253,0,0.020769821
Warm C,557039,3422,3421,374,253,0,0.0031024239
Warm C,550622,3391,3390,374,253,0,0.011143963
Warm C,547668,3378,3377,374,253,0,-0.0044008954
Warm C,541136,3328,3327,374,253,0,0.0026987235
Warm C,537525,3311,3310,374,253,0,0.010388294
Warm C,536293,3308,3307,374,253,0,0.015623707
Warm C,531292,3280,3279,374,253,0,-0.004617935
Warm C,522989,3224,3223,374,253,0,0.004936586
Warm C,540113,3320,3319,374,253,0,0.014295291
Warm C,515098,3180,3179,374,253,0,0.01243705
Warm C,508827,3129,3128,374,253,0,-0.0013070358
Warm C,502291,3082,3081,374,253,0,0.0053946692
Warm C,516671,3189,3188,374,253,0,0.0072409343
Warm C,499756,3067,3066,374,253,0,0.00469407
Warm C,494552,3032,3031,374,253,1,0.0024665222
Warm C,492200,3026,3025,374,253,0,-0.0035868897
Warm C,489781,3013,3012,374,253,0,0.0031529288
Warm C,487631,2999,2998,374,253,0,0.007311858
Warm C,478314,2934,2933,374,253,1,-0.00027452438
Warm C,472912,2907,2906,374,253,0,0.013745835
Warm C,470539,2896,2895,374,253,0,0.006939371
Warm C,456619,2810,2809,374,253,0,0.0058650114
Warm C,450405,2776,2775,374,253,0,0.0065784436
Warm C,451218,2777,2776,374,253,0,-0.003975488
Warm C,444867,2743,2742,374,253,0,-0.0037287301
Warm C,427537,2595,2594,374,253,0,0.0021692219
Warm C,420573,2541,2540,374,253,1,0.0051721158
Warm C,419974,2537,2536,374,253,0,0.0010544441
Warm C,399613,2378,2377,374,253,0,0.0067936815
Warm C,397654,2355,2354,374,253,0,-0.0016628172
Warm C,383819,2242,2241,374,253,0,0.004549979
Warm C,380011,2222,2221,374,253,0,-0.005561582
Warm C,379598,2219,2218,374,253,0,0.007826925
Warm C,382546,2235,2234,374,253,1,0.008082783
Warm C,356075,2085,2084,374,253,0,-0.0033617765
Warm C,361938,2109,2108,374,253,0,0.0135711795
Warm C,352386,2063,2062,374,253,0,0.0110631585
Warm C,436721,2665,2664,374,253,0,0.015413428
Warm C,341837,2012,2011,374,253,0,0.015105278
Warm C,297760,1764,1763,374,253,1,0.010196723
Warm C,288162,1721,1720,374,253,0,0.0073006
Warm C,271349,1640,1639,374,253,0,-0.0012486964
Warm C,361141,2106,2105,374,253,0,0.0073355148
Warm C,236507,1434,1433,374,253,0,-0.00033401372
Warm C,278033,1676,1675,374,253,0,0.011268007
Warm C,226446,1370,1369,374,253,0,-0.005862724
Warm C,261975,1599,1598,374,253,0,0.014677528
Warm C,279999,1680,1679,374,253,0,0.015430872
Warm C,213703,1298,1297,374,253,1,0.008923121
Warm C,328772,1941,1940,374,253,0,-0.00462579
Warm C,331962,1958,1957,374,253,0,0.0043217
Warm C,178403,1120,1119,374,253,1,0.020283574
Warm C,173867,1100,1099,374,253,0,-3.481604e-05
Warm C,172991,1096,1095,374,253,0,0.002962894
Warm C,168092,1068,1067,374,253,0,0.005318246
Warm C,162791,1039,1038,374,253,0,0.0042821635
Warm C,255647,1556,1555,374,253,0,0.0011975924
Warm C,189525,1173,1172,374,253,0,0.0025658659
Warm C,342835,2015,2014,374,253,0,0.008279021
Warm C,165517,1054,1053,374,253,1,0.014636513
Warm C,153325,984,983,374,253,0,0.01014978
Warm C,249369,1502,1501,374,253,0,0.0017311277
Warm C,145118,934,933,374,253,0,0.00923405
Warm C,164885,1051,1050,374,253,0,0.014341041
Warm C,136961,881,880,374,253,0,0.005802017
Warm C,249036,1501,1500,374,253,0,0.0024280192
Warm C,126753,817,816,374,253,0,0.006299605
Warm C,124346,800,799,374,253,0,0.006017387
Warm C,117693,757,756,374,253,0,-0.0011544747
Warm C,216524,1314,1313,374,253,0,-0.00077700475
Warm C,106334,699,698,374,253,0,-0.00043636316
Warm C,108328,710,709,374,253,0,0.014141434
Warm C,179854,1125,1124,374,253,0,0.004464343
Warm C,109468,714,713,374,253,0,0.0021722477
Warm C,99091,660,659,374,253,0,0.011163689
Warm C,177235,1117,1116,374,253,0,0.0012263987
Warm C,96516,647,646,374,253,0,0.008454592
Warm C,93889,629,628,374,253,1,0.009493273
Warm C,425820,2583,2582,374,253,0,0.011155384
Warm C,191492,1181,1180,374,253,0,0.012328528
Warm C,406245,2436,2435,374,253,1,0.011427442
Warm C,84550,550,549,374,253,0,-0.0021884057
Warm C,299838,1778,1777,374,253,0,0.010731701
Warm C,119553,770,769,374,253,0,0.020769862
Warm C,73187,494,493,374,253,0,0.0047508236
Warm C,116621,752,751,374,253,0,0.0152305905
Warm C,68906,461,460,374,253,0,0.007928132
Warm C,87127,569,568,374,253,0,-0.007051032
Warm C,75116,509,508,374,253,0,0.006108625
Warm C,55144,365,364,374,253,0,0.009710313
Warm C,240560,1449,1448,374,253,0,0.011327978
Warm C,44734,302,301,374,253,0,0.012054264
Warm C,32272,216,215,374,253,0,0.0155400485
Warm C,291725,1737,1736,374,253,0,0.005211817
Warm C,235286,1425,1424,374,253,0,0.015464464
Warm C,49628,329,328,374,253,0,0.0041685523
Warm C,6998,48,47,374,253,0,0.0022367996
Warm C,142245,918,917,374,253,0,0.0017207116
Warm C,19580,148,147,374,253,0,0.002283613
Warm C,585047,3571,3570,374,253,0,-0.008859585
Warm C,552667,3401,3400,374,253,0,0.014965152
Warm C,65590,438,437,374,253,0,0.0026957826
Warm C,238309,1447,1446,374,253,0,0.014804415
Warm C,954267,5761,5760,374,253,0,0.00441737
Warm C,326221,1930,1929,374,253,0,0.011592606
Warm C,386205,2258,2257,374,253,0,0.009501385
Warm C,363436,2116,2115,374,253,1,0.002722933
Warm C,334071,1969,1968,374,253,0,0.013083742
Warm C,272402,1645,1644,374,253,1,0.011742436
Warm C,376481,2195,2194,374,253,0,0.007582069
Warm C,28379,195,194,374,253,0,0.017774038
Warm C,79758,531,530,374,253,0,0.014463151
Warm C,172112,1088,1087,374,253,0,0.0016280641
Warm C,795535,4765,4764,374,253,0,0.00955409
Warm C,484684,2985,2984,374,253,0,0.014755815
Warm C,699795,4186,4185,374,253,0,0.013361969
Warm C,577561,3526,3525,378,256,0,0.0021366922
Warm C,541139,3328,3327,378,256,1,0.009597896
Warm C,537527,3311,3310,378,256,0,0.0069394913
Warm C,529271,3271,3270,378,256,0,0.013355339
Warm C,522993,3224,3223,378,256,1,0.017220866
Warm C,519625,3205,3204,378,256,0,0.013982873
Warm C,540116,3320,3319,378,256,0,0.021094328
Warm C,503714,3095,3094,378,256,1,0.004884215
Warm C,503025,3087,3086,378,256,0,0.01389467
Warm C,495763,3044,3043,378,256,1,0.010921442
Warm C,489782,3013,3012,378,256,1,0.015170492
Warm C,480676,2950,2949,378,256,0,0.00970467
Warm C,530049,3272,3271,378,256,0,0.0059593613
Warm C,968849,5840,5839,378,256,0,0.01693793
Warm C,472915,2907,2906,378,256,0,0.021899324
Warm C,451222,2777,2776,378,256,0,0.010027875
Warm C,437151,2668,2667,378,256,0,0.013963646
Warm C,434517,2649,2648,378,256,1,0.00983946
Warm C,419336,2533,2532,378,256,0,-0.0060117193
Warm C,419504,2536,2535,378,256,0,-0.0015823108
Warm C,404297,2418,2417,378,256,0,0.0017081703
Warm C,401185,2390,2389,378,256,1,0.009940644
Warm C,393175,2309,2308,378,256,1,0.0029301601
Warm C,380012,2222,2221,378,256,0,0.010196777
Warm C,369578,2162,2161,378,256,1,0.01943239
Warm C,324789,1924,1923,378,256,0,0.0022537494
Warm C,299840,1778,1777,378,256,0,0.005956854
Warm C,302312,1794,1793,378,256,0,0.01039857
Warm C,286346,1709,1708,378,256,0,0.0071845707
Warm C,266103,1613,1612,378,256,0,0.017901381
Warm C,246975,1491,1490,378,256,0,0.007744242
Warm C,227348,1377,1376,378,256,0,0.010940641
Warm C,336400,1980,1979,378,256,0,0.014295169
Warm C,222479,1345,1344,378,256,0,0.0016903421
Warm C,361146,2106,2105,378,256,0,-0.00095909595
Warm C,203912,1254,1253,378,256,1,0.009174634
Warm C,280005,1680,1679,378,256,0,0.019725319
Warm C,192487,1184,1183,378,256,0,0.007699028
Warm C,189653,1175,1174,378,256,0,0.012889747
Warm C,189148,1172,1171,378,256,0,0.018713359
Warm C,174878,1107,1106,378,256,0,0.0069921715
Warm C,188336,1168,1167,378,256,0,0.012525661
Warm C,175805,1112,1111,378,256,0,0.004887611
Warm C,164084,1050,1049,378,256,0,0.0076929918
Warm C,140382,899,898,378,256,0,0.014493409
Warm C,138862,889,888,378,256,0,0.016018514
Warm C,380499,2223,2222,378,256,0,0.015577233
Warm C,134631,869,868,378,256,0,0.010492359
Warm C,132128,854,853,378,256,0,0.010048516
Warm C,249039,1501,1500,378,256,1,-0.0027961428
Warm C,263721,1605,1604,378,256,0,0.020502562
Warm C,119555,770,769,378,256,0,0.0053053987
Warm C,117866,759,758,378,256,0,0.0067098415
Warm C,112725,731,730,378,256,1,0.014080699
Warm C,103732,689,688,378,256,0,0.013696915
Warm C,90299,595,594,378,256,0,0.011130235
Warm C,77919,524,523,378,256,0,0.02166114
Warm C,239366,1448,1447,378,256,0,0.013417633
Warm C,70943,476,475,378,256,0,0.011935407
Warm C,72369,482,481,378,256,0,0.017748103
Warm C,64663,432,431,378,256,0,0.016137972
Warm C,627109,3792,3791,378,256,0,0.022346364
Warm C,53999,352,351,378,256,0,0.008293522
Warm C,59652,405,404,378,256,1,0.009304447
Warm C,78705,528,527,378,256,1,0.0057962136
Warm C,61406,412,411,378,256,1,0.013454916
Warm C,30043,202,201,378,256,0,0.012236786
Warm C,27334,192,191,378,256,0,0.010791816
Warm C,21316,156,155,378,256,1,0.010910944
Warm C,22685,163,162,378,256,0,0.008334097
Warm C,6356,45,44,378,256,0,0.017102417
Warm C,3618,26,25,378,256,1,0.014890893
Warm C,545407,3363,3362,378,256,1,0.00978089
Warm C,108331,710,709,378,256,0,0.009107933
Warm C,374444,2181,2180,378,256,1,0.01621143
Warm C,143755,927,926,378,256,0,0.010969104
Warm C,400020,2380,2379,378,256,0,0.014784888
Warm C,317958,1889,1888,378,256,1,0.019220473
Warm C,136965,881,880,378,256,0,0.006605602
Warm C,206499,1265,1264,378,256,0,0.008494057
Warm C,297779,1764,1763,387,262,1,0.004389092
Warm C,290832,1735,1734,387,262,0,0.004286955
Warm C,301416,1790,1789,387,262,1,-0.0001566126
Warm C,289542,1727,1726,387,262,0,0.010442087
Warm C,286033,1706,1705,387,262,0,0.0078711435
Warm C,280051,1680,1679,387,262,1,0.01722071
Warm C,271353,1640,1639,387,262,0,0.004304449
Warm C,266122,1613,1612,387,262,0,0.012115421
Warm C,236255,1433,1432,387,262,0,0.006529131
Warm C,233209,1418,1417,387,262,1,0.008136211
Warm C,227361,1377,1376,387,262,0,0.0003589415
Warm C,220081,1333,1332,387,262,0,-0.004156154
Warm C,320905,1902,1901,387,262,0,0.013573522
Warm C,267355,1624,1623,387,262,0,0.0027242568
Warm C,185845,1150,1149,387,262,0,0.004325213
Warm C,176165,1113,1112,387,262,0,0.00043646898
Warm C,173879,1100,1099,387,262,0,0.004826796
Warm C,275755,1667,1666,387,262,0,0.0029754601
Warm C,155044,999,998,387,262,0,0.0031887721
Warm C,221685,1340,1339,387,262,0,0.00944231
Warm C,157303,1010,1009,387,262,0,-0.0030425903
Warm C,134654,869,868,387,262,0,0.004331342
Warm C,202726,1244,1243,387,262,0,0.0026140464
Warm C,407455,2446,2445,387,262,1,0.004823502
Warm C,128625,832,831,387,262,0,0.0027662204
Warm C,120826,778,777,387,262,0,0.009789505
Warm C,106361,699,698,387,262,0,0.021564148
Warm C,96522,647,646,387,262,0,0.00960505
Warm C,150827,970,969,387,262,0,0.011643531
Warm C,81968,543,542,387,262,1,0.0012909559
Warm C,239398,1448,1447,387,262,0,0.004791692
Warm C,77952,524,523,387,262,0,0.013667954
Warm C,299856,1778,1777,387,262,1,0.014100394
Warm C,70954,476,475,387,262,1,0.003721062
Warm C,240596,1449,1448,387,262,0,0.010085292
Warm C,713425,4277,4276,387,262,0,0.00474488
Warm C,24710,174,173,387,262,0,0.0008213968
Warm C,389517,2282,2281,387,262,0,0.0057674563
Warm C,15781,123,122,387,262,0,0.009520173
Warm C,408471,2453,2452,387,262,0,0.006299537
Warm C,599516,3648,3647,387,262,0,-0.0020346593
Warm C,718721,4305,4304,387,262,0,0.009965248
Warm C,287328,1715,1714,388,263,0,-0.0031712286
Warm C,280053,1680,1679,388,263,1,0.015781458
Warm C,319626,1897,1896,388,263,1,0.012681301
Warm C,296645,1758,1757,388,263,1,0.00451207
Warm C,213728,1298,1297,388,263,1,0.011306372
Warm C,212188,1291,1290,388,263,0,0.0028133707
Warm C,204137,1255,1254,388,263,1,-0.0036547054
Warm C,199667,1224,1223,388,263,1,0.0025323234
Warm C,196795,1207,1206,388,263,0,0.010824244
Warm C,185846,1150,1149,388,263,0,0.0144634135
Warm C,268161,1628,1627,388,263,1,-0.0023248396
Warm C,143392,924,923,388,263,1,0.0072678197
Warm C,124619,801,800,388,263,1,0.004661727
Warm C,107391,706,705,388,263,0,0.007530711
Warm C,295089,1752,1751,388,263,1,0.008161596
Warm C,89660,590,589,388,263,1,0.00030604634
Warm C,155523,1001,1000,388,263,1,0.008644272
Warm C,54033,352,351,388,263,1,0.0058169933
Warm C,49655,329,328,388,263,1,0.008596092
Warm C,47699,319,318,388,263,1,0.0042316485
Warm C,198278,1218,1217,388,263,1,0.007588633
Warm C,199915,1227,1226,388,263,1,0.007166449
Warm C,26566,187,186,388,263,1,0.0023795203
Warm C,30663,204,203,388,263,0,0.015091562
Warm C,207196,1266,1265,388,263,1,0.0045143673
Warm C,158736,1015,1014,388,263,0,0.00948458
Warm C,572524,3507,3506,388,263,1,0.00971867
Warm C,317085,1884,1883,388,263,1,0.01479926
Warm C,50349,331,330,388,263,1,0.007999027
Warm C,102694,678,677,388,263,1,0.0025903345
Warm C,160478,1019,1018,388,263,0,0.00608294
Warm C,309822,1842,1841,388,263,1,0.0028080323
Warm C,499775,3067,3066,388,263,1,0.009661929
Warm C,260757,1593,1592,388,263,0,0.004346435
Warm C,187839,1164,1163,388,263,0,-0.00017389108
Warm C,116644,752,751,388,263,0,0.0061715757
Warm C,300605,1780,1779,388,263,0,0.017494315
Warm C,337583,1984,1983,393,264,0,0.007109906
Warm C,233217,1418,1417,393,264,0,0.0050638565
Warm C,227374,1377,1376,393,264,0,0.013393593
Warm C,216277,1312,1311,393,264,0,0.010353014
Warm C,221708,1340,1339,393,264,0,0.010872865
Warm C,299866,1778,1777,393,264,0,0.004606738
Warm C,224378,1356,1355,393,264,0,0.003196959
Warm C,244248,1470,1469,393,264,0,0.004147769
Warm C,191573,1181,1180,393,264,0,0.017187895
Warm C,179295,1124,1123,393,264,0,0.01035601
Warm C,249063,1501,1500,393,264,1,-0.0007246514
Warm C,172170,1088,1087,393,264,0,0.0049632774
Warm C,175840,1112,1111,393,264,0,0.013710549
Warm C,342892,2015,2014,393,264,0,0.0036896225
Warm C,155058,999,998,393,264,0,0.0066371514
Warm C,277228,1675,1674,393,264,0,0.011341382
Warm C,137007,881,880,393,264,0,0.004198838
Warm C,178445,1120,1119,393,264,0,0.011876749
Warm C,120653,777,776,393,264,0,0.0026855534
Warm C,106375,699,698,393,264,0,-0.0027159308
Warm C,177282,1117,1116,393,264,0,0.0071072467
Warm C,96525,647,646,393,264,0,-0.0017654649
Warm C,203354,1246,1245,393,264,0,0.01600127
Warm C,85962,562,561,393,264,0,0.0028307533
Warm C,119594,770,769,393,264,0,0.017496888
Warm C,81989,543,542,393,264,0,0.010035923
Warm C,501532,3080,3079,393,264,0,0.008207724
Warm C,44801,302,301,393,264,0,0.010867486
Warm C,41963,284,283,393,264,0,-0.00030348916
Warm C,31262,210,209,393,264,0,0.00353525
Warm C,14667,117,116,393,264,0,0.006939197
Warm C,13313,103,102,393,264,1,0.010208176
Warm C,49679,329,328,393,264,0,0.0064996174
Warm C,20208,149,148,393,264,0,0.010009981
Warm C,623,8,7,393,264,0,0.018900285
Warm C,40105,271,270,393,264,0,0.003655442
Warm C,238361,1447,1446,393,264,0,0.020475563
Warm C,546363,3368,3367,393,264,0,0.005400902
Warm C,286451,1710,1709,393,264,0,0.012033366
Warm C,376497,2195,2194,393,264,0,-0.00018280558
Warm C,596973,3626,3625,393,264,0,0.0112144
Warm C,581477,3550,3549,393,264,0,0.008161503
Warm C,599538,3648,3647,393,264,0,0.010086899
Warm C,63487,424,423,393,264,0,0.013605302
Warm C,235328,1425,1424,393,264,0,0.0053322837
Warm C,666235,4009,4008,407,266,0,0.009122524
Warm C,697248,4169,4168,407,266,1,0.016373008
Warm C,654067,3942,3941,407,266,0,0.0056886896
Warm C,652462,3934,3933,407,266,0,0.0021729
Warm C,650804,3925,3924,407,266,0,0.013920828
Warm C,651330,3929,3928,407,266,0,0.010068802
Warm C,645767,3887,3886,407,266,0,0.0032447297
Warm C,640786,3851,3850,407,266,0,0.00065966416
Warm C,639560,3844,3843,407,266,1,0.0060247057
Warm C,634801,3829,3828,407,266,0,0.0061476356
Warm C,628327,3806,3805,407,266,1,0.009464063
Warm C,628133,3804,3803,407,266,0,0.0059056617
Warm C,629288,3808,3807,407,266,0,-0.0024457779
Warm C,627906,3801,3800,407,266,1,0.0011772205
Warm C,623310,3771,3770,407,266,0,0.0028921242
Warm C,617999,3745,3744,407,266,0,0.01222757
Warm C,606433,3683,3682,407,266,0,0.003675647
Warm C,725859,4344,4343,407,266,0,0.010351472
Warm C,597750,3638,3637,407,266,0,0.008931666
Warm C,593646,3618,3617,407,266,0,0.004474989
Warm C,590979,3605,3604,407,266,1,0.0060372623
Warm C,584978,3571,3570,407,266,1,0.0010201724
Warm C,579188,3539,3538,407,266,0,0.008730089
Warm C,569102,3491,3490,407,266,0,0.01429702
Warm C,581284,3550,3549,407,266,0,0.004050788
Warm C,558019,3426,3425,407,266,0,-0.00015919097
Warm C,555726,3416,3415,407,266,1,0.009488248
Warm C,573482,3512,3511,407,266,1,0.01905759
Warm C,551427,3395,3394,407,266,1,0.002197234
Warm C,645196,3885,3884,407,266,1,0.015698068
Warm C,554767,3412,3411,407,266,1,-0.0012672062
Warm C,541624,3333,3332,407,266,1,0.01465795
Warm C,540654,3327,3326,407,266,0,0.010015477
Warm C,535908,3308,3307,407,266,0,0.009759638
Warm C,528113,3265,3264,407,266,0,0.008343001
Warm C,526708,3259,3258,407,266,0,0.0088572465
Warm C,519685,3206,3205,407,266,1,0.006160438
Warm C,516898,3191,3190,407,266,0,0.012962464
Warm C,566139,3476,3475,407,266,0,0.009864714
Warm C,506628,3118,3117,407,266,0,0.0118657695
Warm C,516397,3189,3188,407,266,0,0.00921013
Warm C,501718,3081,3080,407,266,1,0.0018658773
Warm C,499926,3069,3068,407,266,1,0.012880987
Warm C,486590,2995,2994,407,266,1,-0.00066586887
Warm C,576509,3524,3523,407,266,1,2.1866988e-05
Warm C,477118,2929,2928,407,266,0,0.007936116
Warm C,754884,4497,4496,407,266,0,0.0016013455
Warm C,462534,2854,2853,407,266,0,0.00557616
Warm C,438577,2680,2679,407,266,0,0.0077261627
Warm C,428244,2605,2604,407,266,0,0.009499726
Warm C,426425,2590,2589,407,266,1,0.012794089
Warm C,424683,2576,2575,407,266,1,-0.004903538
Warm C,386028,2258,2257,407,266,0,0.0077911215
Warm C,379165,2215,2214,407,266,0,0.010620802
Warm C,376711,2199,2198,407,266,0,0.0057229702
Warm C,373974,2181,2180,407,266,0,0.01055308
Warm C,358446,2098,2097,407,266,0,0.010077576
Warm C,354021,2073,2072,407,266,0,0.014841981
Warm C,351642,2063,2062,407,266,1,0.017409686
Warm C,344402,2021,2020,407,266,1,-0.00028471462
Warm C,339951,2005,2004,407,266,1,0.0055837696
Warm C,324909,1925,1924,407,266,1,0.011833754
Warm C,333328,1968,1967,407,266,0,0.0038771685
Warm C,310611,1851,1850,407,266,0,0.0049451147
Warm C,305795,1820,1819,407,266,1,0.008361933
Warm C,306791,1831,1830,407,266,0,0.006308607
Warm C,303494,1803,1802,407,266,0,0.016761377
Warm C,278966,1680,1679,407,266,1,0.008583638
Warm C,277563,1676,1675,407,266,1,0.010974391
Warm C,276885,1675,1674,407,266,1,0.000656439
Warm C,271434,1641,1640,407,266,0,0.014211815
Warm C,262678,1602,1601,407,266,0,0.008592173
Warm C,247598,1496,1495,407,266,1,0.010504935
Warm C,329235,1943,1942,407,266,0,0.018532798
Warm C,231067,1399,1398,407,266,0,0.003852911
Warm C,226363,1370,1369,407,266,0,0.0016610454
Warm C,221883,1342,1341,407,266,0,0.009207392
Warm C,221796,1341,1340,407,266,0,0.0041018943
Warm C,272809,1647,1646,407,266,0,0.013701783
Warm C,350271,2056,2055,407,266,1,0.0046442393
Warm C,250354,1509,1508,407,266,0,-0.002025899
Warm C,195904,1204,1203,407,266,0,-0.00095639797
Warm C,186078,1151,1150,407,266,0,0.0017647208
Warm C,176378,1115,1114,407,266,0,0.0005945461
Warm C,183940,1146,1145,407,266,0,-0.009063048
Warm C,165179,1053,1052,407,266,0,0.00037824246
Warm C,159184,1017,1016,407,266,0,0.0057005845
Warm C,158013,1015,1014,407,266,0,0.0073337303
Warm C,267908,1628,1627,407,266,0,0.004336723
Warm C,146470,944,943,407,266,0,-0.0062808455
Warm C,156726,1010,1009,407,266,0,0.0064600236
Warm C,136087,880,879,407,266,0,0.0056057055
Warm C,135536,877,876,407,266,0,0.008645108
Warm C,134153,869,868,407,266,0,0.012855917
Warm C,133155,859,858,407,266,0,0.0098709585
Warm C,126537,817,816,407,266,1,0.010572516
Warm C,125506,808,807,407,266,0,0.0015740929
Warm C,119724,772,771,407,266,1,0.0054292916
Warm C,114078,741,740,407,266,0,0.0001407793
Warm C,349249,2050,2049,407,266,1,-0.0010434829
Warm C,107071,704,703,407,266,0,9.26496e-05
Warm C,100113,669,668,407,266,1,0.00286448
Warm C,176836,1117,1116,407,266,0,0.011425855
Warm C,97331,652,651,407,266,1,0.0005551836
Warm C,82970,549,548,407,266,1,-0.0034974962
Warm C,81584,543,542,407,266,1,-0.004060127
Warm C,190714,1181,1180,407,266,0,0.0014390498
Warm C,77367,524,523,407,266,0,0.0033328433
Warm C,74731,509,508,407,266,1,0.0030721198
Warm C,62780,424,423,407,266,1,0.017074523
Warm C,74027,504,503,407,266,1,0.010326516
Warm C,53858,352,351,407,266,0,0.0057927817
Warm C,132371,855,854,407,266,0,0.0031325973
Warm C,36560,245,244,407,266,0,0.008018684
Warm C,32698,221,220,407,266,0,0.0056287027
Warm C,22606,163,162,407,266,0,0.0064986935
Warm C,290097,1733,1732,407,266,0,0.011383999
Warm C,14567,117,116,407,266,0,0.0002889186
Warm C,354803,2077,2076,407,266,0,0.0032856967
Warm C,689804,4126,4125,407,266,1,0.0059914
Warm C,596452,3626,3625,407,266,0,0.0050070523
Warm C,429092,2611,2610,407,266,0,0.0070156534
Warm C,599164,3648,3647,407,266,1,0.013992063
Warm C,356673,2089,2088,407,266,0,0.004563234
Warm C,309552,1842,1841,407,266,1,0.009640386
Warm C,959022,5787,5786,407,266,0,0.0041657006
Warm C,415724,2504,2503,407,266,0,0.007836327
Warm C,187035,1160,1159,407,266,0,0.007514609
Warm C,136441,881,880,407,266,1,0.0037098075
Warm C,105572,698,697,407,266,1,0.00534082
Warm C,28263,195,194,407,266,0,0.016014794
Warm C,941667,5682,5681,407,266,0,-0.00066547794
Warm C,633109,3824,3823,407,266,0,0.015418949
Warm C,697249,4169,4168,408,267,0,0.012709482
Warm C,29931,202,201,408,267,0,0.0056331623
Warm C,19499,148,147,408,267,1,0.00080449786
Warm C,223450,1354,1353,408,267,0,-0.0054313415
Warm C,102122,678,677,408,267,1,0.012547734
Warm C,116067,752,751,408,267,0,0.01739325
Warm C,144846,934,933,408,267,0,0.0041136337
Warm C,263178,1605,1604,408,267,0,0.024011705
Warm C,562501,3462,3461,408,267,1,0.005313826
Warm C,71922,482,481,408,267,0,0.016537027
Warm C,136443,881,880,408,267,0,0.0011055763
Warm C,193563,1194,1193,408,267,0,0.009634659
Warm C,136455,881,880,414,271,0,0.0005902145
Warm C,248757,1501,1500,414,271,1,0.0002634572
Warm C,121488,781,780,414,271,0,0.00012316753
Warm C,360667,2106,2105,414,271,0,0.0026685423
Warm C,86571,566,565,414,271,0,-0.0058571883
Warm C,406016,2436,2435,414,271,0,0.012049819
Warm C,87063,569,568,414,271,1,-0.0037441873
Warm C,67391,453,452,414,271,0,-0.003996906
Warm C,64470,430,429,414,271,0,0.004978801
Warm C,239920,1449,1448,414,271,0,0.0069804117
Warm C,440107,2691,2690,414,271,0,-6.5173954e-05
Warm C,44634,302,301,414,271,0,-0.004212507
Warm C,32968,223,222,414,271,1,0.0043944414
Warm C,29955,202,201,414,271,0,-0.003697844
Warm C,49536,329,328,414,271,0,-0.0049043037
Warm C,30578,204,203,414,271,1,0.0043607345
Warm C,399800,2380,2379,414,271,0,0.0049268054
Warm C,860294,5172,5171,414,271,1,-0.002907163
Warm C,237801,1447,1446,414,271,0,0.0017113641
Warm C,304800,1812,1811,414,271,1,0.0047531035
Warm C,376354,2195,2194,414,271,1,0.005040924
Warm C,331502,1958,1957,414,271,0,0.016336884
Warm C,599171,3648,3647,414,271,0,0.004225968
Warm C,335742,1980,1979,414,271,0,0.0018079313
Warm C,176848,1117,1116,414,271,0,-0.0046018707
Warm C,370952,2168,2167,414,271,0,-0.0014516411
Warm C,342353,2015,2014,414,271,0,-0.0011727564
Warm C,699936,4186,4185,414,271,0,0.009842278
Warm C,171496,1088,1087,414,271,0,-0.008600138
Warm C,272821,1647,1646,414,271,1,0.004377345
Warm C,596465,3626,3625,415,272,1,0.0075252894
Warm C,591512,3609,3608,415,272,0,0.013442635
Warm C,759083,4510,4509,415,272,0,0.010268453
Warm C,572795,3509,3508,415,272,0,0.004647432
Warm C,572032,3507,3506,415,272,0,0.015217043
Warm C,556839,3422,3421,415,272,0,0.0063356753
Warm C,547348,3377,3376,415,272,0,0.00020170596
Warm C,577039,3526,3525,415,272,0,0.0051950114
Warm C,549984,3391,3390,415,272,0,0.010307316
Warm C,545658,3365,3364,415,272,0,0.007932199
Warm C,537023,3311,3310,415,272,0,0.011667982
Warm C,533204,3292,3291,415,272,1,0.0032528117
Warm C,525250,3243,3242,415,272,0,0.0026661628
Warm C,539832,3320,3319,415,272,0,0.016678534
Warm C,516906,3191,3190,415,272,0,0.00433531
Warm C,512741,3163,3162,415,272,0,0.016165026
Warm C,508552,3129,3128,415,272,0,0.0144259455
Warm C,502087,3082,3081,415,272,0,0.011242383
Warm C,516409,3189,3188,415,272,0,0.008891758
Warm C,493998,3032,3031,415,272,0,0.010074571
Warm C,492643,3029,3028,415,272,1,0.010842396
Warm C,718877,4305,4304,415,272,1,0.0087988265
Warm C,487850,3001,3000,415,272,0,0.006858251
Warm C,487471,2998,2997,415,272,0,0.009256686
Warm C,529597,3272,3271,415,272,1,0.010850072
Warm C,480073,2946,2945,415,272,0,0.020153834
Warm C,472490,2907,2906,415,272,0,0.014346115
Warm C,470937,2899,2898,415,272,1,0.005958661
Warm C,473473,2909,2908,415,272,1,0.0023576717
Warm C,467749,2883,2882,415,272,0,0.0065257736
Warm C,880107,5317,5316,415,272,0,0.0062923543
Warm C,469905,2895,2894,415,272,0,0.019715283
Warm C,452248,2785,2784,415,272,0,-0.00019909651
Warm C,450756,2777,2776,415,272,0,0.0056566447
Warm C,444607,2743,2742,415,272,1,0.0100908885
Warm C,442257,2723,2722,415,272,0,0.0031838233
Warm C,438806,2681,2680,415,272,0,0.0015507702
Warm C,429100,2611,2610,415,272,0,0.0081617255
Warm C,420434,2541,2540,415,272,0,0.006804847
Warm C,419709,2537,2536,415,272,0,0.015465466
Warm C,409559,2457,2456,415,272,0,0.0114198215
Warm C,399470,2378,2377,415,272,0,0.0035118873
Warm C,393854,2320,2319,415,272,0,0.009489746
Warm C,392089,2304,2303,415,272,0,0.015849557
Warm C,362923,2116,2115,415,272,1,0.008201798
Warm C,358452,2098,2097,415,272,0,0.007485833
Warm C,355930,2085,2084,415,272,0,0.01577127
Warm C,343084,2016,2015,415,272,0,0.005155904
Warm C,341516,2012,2011,415,272,0,0.004325698
Warm C,340572,2010,2009,415,272,0,0.0160807
Warm C,350933,2060,2059,415,272,0,0.005147003
Warm C,315113,1880,1879,415,272,0,0.014455443
Warm C,290907,1736,1735,415,272,0,0.008172201
Warm C,297427,1764,1763,415,272,1,0.007916126
Warm C,281215,1687,1686,415,272,0,0.011371587
Warm C,265682,1613,1612,415,272,0,0.018814677
Warm C,248760,1501,1500,415,272,0,0.006377493
Warm C,236356,1434,1433,415,272,1,0.0026778225
Warm C,229589,1390,1389,415,272,0,0.010740734
Warm C,227074,1377,1376,415,272,0,0.0082674455
Warm C,335746,1980,1979,415,272,0,0.019568503
Warm C,217511,1319,1318,415,272,1,0.0063793324
Warm C,591895,3610,3609,415,272,0,0.0129221985
Warm C,278989,1680,1679,415,272,0,0.0076330923
Warm C,210083,1284,1283,415,272,0,0.011304969
Warm C,196428,1207,1206,415,272,0,0.00099374
Warm C,342355,2015,2014,415,272,1,0.011125638
Warm C,327920,1941,1940,415,272,0,0.014554093
Warm C,307350,1835,1834,415,272,0,0.014050303
Warm C,172415,1091,1090,415,272,0,0.003102518
Warm C,172850,1096,1095,415,272,0,0.00779247
Warm C,183946,1146,1145,415,272,0,0.00400583
Warm C,163765,1050,1049,415,272,0,0.013749324
Warm C,189321,1173,1172,415,272,0,0.013164738
Warm C,164445,1051,1050,415,272,1,0.014242897
Warm C,145303,935,934,415,272,0,0.004405704
Warm C,156739,1010,1009,415,272,0,0.009743739
Warm C,136456,881,880,415,272,0,0.0015649153
Warm C,351666,2063,2062,415,272,0,0.015621165
Warm C,453634,2793,2792,415,272,0,0.009544586
Warm C,119150,770,769,415,272,0,0.007559999
Warm C,112396,731,730,415,272,0,0.0128596835
Warm C,105986,699,698,415,272,1,0.006779655
Warm C,106720,702,701,415,272,0,0.009641884
Warm C,103366,687,686,415,272,0,0.004520652
Warm C,98715,660,659,415,272,0,0.004894417
Warm C,176851,1117,1116,415,272,0,0.011885375
Warm C,86572,566,565,415,272,0,0.015602899
Warm C,190735,1181,1180,415,272,0,0.010986622
Warm C,406017,2436,2435,415,272,0,0.012479973
Warm C,84045,550,549,415,272,0,0.014003319
Warm C,77387,524,523,415,272,0,0.016236514
Warm C,70734,476,475,415,272,0,0.0052464176
Warm C,71934,482,481,415,272,0,0.011932403
Warm C,64804,435,434,415,272,0,0.00818097
Warm C,74744,509,508,415,272,0,0.007122716
Warm C,49541,329,328,415,272,0,0.018450819
Warm C,338064,1988,1987,415,272,0,0.0075290613
Warm C,44637,302,301,415,272,0,0.007919844
Warm C,697260,4169,4168,415,272,0,0.016685978
Warm C,239923,1449,1448,415,272,0,0.019658484
Warm C,219123,1329,1328,415,272,0,0.015370523
Warm C,7833,53,52,415,272,0,0.012008678
Warm C,15679,123,122,415,272,0,0.009143546
Warm C,104240,692,691,415,272,0,0.014663056
Warm C,354817,2077,2076,415,272,0,0.012680009
Warm C,552241,3401,3400,415,272,0,-0.000831723
Warm C,150519,970,969,415,272,0,0.016124923
Warm C,237803,1447,1446,415,272,0,0.010613727
Warm C,360670,2106,2105,415,272,0,0.010849487
Warm C,102135,678,677,415,272,0,0.010900266
Warm C,171500,1088,1087,415,272,0,0.02366519
Warm C,206307,1265,1264,415,272,0,0.004669368
Warm C,924111,5580,5579,415,272,0,0.014569099
Warm C,941672,5682,5681,415,272,0,0.008429911
Warm C,310623,1851,1850,415,272,0,0.011230283
Warm C,973563,5872,5871,415,272,0,0.0072823986
Warm C,116088,752,751,415,272,0,0.013200187
Warm C,682345,4085,4084,415,272,1,0.008250432
Warm C,591896,3610,3609,416,273,0,0.013068894
Warm C,210085,1284,1283,416,273,0,0.008632692
Warm C,278990,1680,1679,416,273,1,0.013520237
Warm C,197876,1216,1215,416,273,0,0.0180154
Warm C,307351,1835,1834,416,273,0,0.017234096
Warm C,178922,1123,1122,416,273,0,-0.0029614565
Warm C,275482,1667,1666,416,273,0,0.009605946
Warm C,351669,2063,2062,416,273,0,0.015604598
Warm C,263195,1605,1604,416,273,0,0.0032833684
Warm C,105988,699,698,416,273,0,0.00939368
Warm C,107849,710,709,416,273,0,0.0048313406
Warm C,713786,4277,4276,416,273,0,0.0059895986
Warm C,308533,1837,1836,416,273,0,0.014739811
Warm C,81592,543,542,416,273,1,0.010401482
Warm C,77389,524,523,416,273,0,0.012228782
Warm C,68649,461,460,416,273,0,0.009749025
Warm C,51492,338,337,416,273,0,0.01295115
Warm C,132386,855,854,416,273,0,0.021517457
Warm C,697261,4169,4168,416,273,0,0.014233832
Warm C,537024,3311,3310,416,273,0,0.009538161
Warm C,15683,123,122,416,273,0,0.0152910575
Warm C,3524,26,25,416,273,0,0.008360006
Warm C,241113,1451,1450,416,273,0,0.013928264
Warm C,907800,5492,5491,416,273,0,0.004478102
Warm C,959024,5787,5786,416,273,0,0.0090169115
Warm C,71936,482,481,416,273,0,0.015535837
Warm C,136457,881,880,416,273,0,0.010104535
Warm C,231073,1399,1398,416,273,0,0.0071958336
Warm C,527012,3260,3259,416,273,0,-0.0024827947
Warm C,540983,3328,3327,419,275,0,-0.00062168203
Warm C,537026,3311,3310,419,275,0,0.007503081
Warm C,518688,3201,3200,419,275,0,-0.0008637081
Warm C,509466,3138,3137,419,275,0,-0.00018546544
Warm C,505817,3111,3110,419,275,1,-0.0073943846
Warm C,554777,3412,3411,419,275,0,0.008122463
Warm C,502089,3082,3081,419,275,0,-0.0025194772
Warm C,500375,3073,3072,419,275,0,0.0042175134
Warm C,495988,3046,3045,419,275,0,-0.0033972175
Warm C,492645,3029,3028,419,275,0,-0.0038139536
Warm C,493330,3031,3030,419,275,0,0.0045587686
Warm C,472493,2907,2906,419,275,0,0.0075516393
Warm C,456418,2810,2809,419,275,0,0.010731431
Warm C,458480,2822,2821,419,275,0,0.0063838847
Warm C,435783,2664,2663,419,275,0,-0.007495708
Warm C,450761,2777,2776,419,275,0,0.0035213288
Warm C,420436,2541,2540,419,275,1,-0.003393035
Warm C,419711,2537,2536,419,275,0,0.0031764188
Warm C,399471,2378,2377,419,275,0,0.0013320049
Warm C,385228,2251,2250,419,275,0,0.0003637406
Warm C,370474,2166,2165,419,275,0,0.0010250986
Warm C,355932,2085,2084,419,275,0,0.0031309763
Warm C,351672,2063,2062,419,275,0,0.00684876
Warm C,361543,2109,2108,419,275,0,0.0043561356
Warm C,341517,2012,2011,419,275,0,0.01258814
Warm C,340574,2010,2009,419,275,0,0.008353233
Warm C,310312,1847,1846,419,275,0,0.013513461
Warm C,288095,1721,1720,419,275,0,0.0035458324
Warm C,281217,1687,1686,419,275,0,0.0051872963
Warm C,269500,1634,1633,419,275,0,-0.0035875067
Warm C,265683,1613,1612,419,275,0,0.013211255
Warm C,309263,1841,1840,419,275,0,0.0027405687
Warm C,262180,1600,1599,419,275,0,0.008447224
Warm C,224118,1356,1355,419,275,0,0.005008215
Warm C,227078,1377,1376,419,275,0,0.0041172653
Warm C,335750,1980,1979,419,275,0,0.0061191516
Warm C,219795,1333,1332,419,275,0,0.0016299145
Warm C,213388,1298,1297,419,275,0,0.007872992
Warm C,277577,1676,1675,419,275,0,0.0050816284
Warm C,261700,1599,1598,419,275,0,0.016440306
Warm C,278996,1680,1679,419,275,0,0.0096265245
Warm C,178046,1120,1119,419,275,1,0.01001693
Warm C,179531,1125,1124,419,275,0,0.0043610674
Warm C,173602,1100,1099,419,275,0,-0.0019129792
Warm C,172852,1096,1095,419,275,0,0.003560538
Warm C,163768,1050,1049,419,275,0,0.008182903
Warm C,272124,1645,1644,419,275,0,4.6365894e-06
Warm C,164448,1051,1050,419,275,0,0.0075095184
Warm C,136462,881,880,419,275,0,-0.00030897092
Warm C,131091,850,849,419,275,0,-0.0023814566
Warm C,126020,812,811,419,275,0,0.0025597606
Warm C,360673,2106,2105,419,275,0,0.010105323
Warm C,111418,725,724,419,275,0,-0.0032023513
Warm C,120361,777,776,419,275,0,0.0076706945
Warm C,105992,699,698,419,275,0,0.0022997037
Warm C,109251,714,713,419,275,1,0.0039486466
Warm C,96382,647,646,419,275,0,0.0066566137
Warm C,299554,1778,1777,419,275,0,0.010842117
Warm C,284053,1698,1697,419,275,0,0.005574893
Warm C,82989,549,548,419,275,0,0.0022034682
Warm C,190740,1181,1180,419,275,0,0.012063727
Warm C,77392,524,523,419,275,0,0.009352154
Warm C,119153,770,769,419,275,0,0.007536671
Warm C,71938,482,481,419,275,0,0.0040519796
Warm C,68650,461,460,419,275,0,0.015011175
Warm C,87064,569,568,419,275,0,0.0014244206
Warm C,64471,430,429,419,275,0,0.012228416
Warm C,65292,438,437,419,275,0,-0.0019088562
Warm C,48326,325,324,419,275,0,-0.005844336
Warm C,44642,302,301,419,275,0,0.012397461
Warm C,41863,284,283,419,275,0,0.0025129714
Warm C,36593,245,244,419,275,0,0.005417836
Warm C,32972,223,222,419,275,0,0.008576743
Warm C,239926,1449,1448,419,275,0,0.0037731356
Warm C,291293,1737,1736,419,275,0,0.01049101
Warm C,234893,1425,1424,419,275,0,0.011988781
Warm C,49547,329,328,419,275,0,0.0041801534
Warm C,6931,48,47,419,275,0,0.0013090763
Warm C,19523,148,147,419,275,0,0.006201526
Warm C,78401,528,527,419,275,0,-0.00056869234
Warm C,141849,913,912,419,275,0,-0.0062960186
Warm C,342359,2015,2014,419,275,1,0.010845777
Warm C,362927,2116,2115,419,275,1,0.0042176154
Warm C,263200,1605,1604,419,275,0,0.015420448
Warm C,489555,3013,3012,419,275,0,0.010860644
Warm C,46013,308,307,419,275,0,0.0069725625
Warm C,924113,5580,5579,419,275,0,0.008557159
Warm C,473475,2909,2908,419,275,0,-0.0073387874
Warm C,259405,1587,1586,419,275,0,-0.001503767
Warm C,52203,343,342,419,275,1,0.0040128846
Warm C,407761,2451,2450,419,275,0,0.0010739753
Warm C,171504,1088,1087,419,275,0,0.00637699
Warm C,272825,1647,1646,419,275,0,0.009701042
Warm C,295609,1755,1754,419,275,0,0.0041140136
Warm C,794152,4748,4747,419,275,0,-0.0008700052
Warm C,623814,3773,3772,419,275,0,0.012195959
Warm C,400350,2383,2382,421,277,1,0.0236172
Warm C,395118,2334,2333,421,277,1,0.009389142
Warm C,346967,2035,2034,421,277,0,0.0097198
Warm C,343088,2016,2015,421,277,0,0.005877745
Warm C,326062,1930,1929,421,277,0,0.01954322
Warm C,315120,1880,1879,421,277,1,0.020978939
Warm C,276159,1671,1670,421,277,1,0.019025829
Warm C,229237,1389,1388,421,277,0,0.022923479
Warm C,225077,1361,1360,421,277,1,0.010574013
Warm C,221251,1340,1339,421,277,0,0.011227891
Warm C,320000,1899,1898,421,277,1,0.011783766
Warm C,279013,1680,1679,421,277,1,0.013669006
Warm C,324380,1922,1921,421,277,0,0.01529378
Warm C,216954,1317,1316,421,277,1,0.01107326
Warm C,131095,850,849,421,277,1,0.009877129
Warm C,127684,824,823,421,277,0,0.011889812
Warm C,110334,720,719,421,277,0,0.016684555
Warm C,93767,629,628,421,277,0,0.0025348554
Warm C,190754,1181,1180,421,277,0,0.01312684
Warm C,70738,476,475,421,277,0,0.0072419187
Warm C,46500,310,309,421,277,0,0.016842447
Warm C,44664,302,301,421,277,0,0.019782739
Warm C,26816,190,189,421,277,1,0.014649279
Warm C,591901,3610,3609,421,277,0,0.014878668
Warm C,5630,40,39,421,277,0,0.010928682
Warm C,30600,204,203,421,277,1,0.03807715
Warm C,2094,18,17,421,277,1,0.0042293756
Warm C,1412,13,12,421,277,1,0.011211817
Warm C,49564,329,328,421,277,0,0.018299207
Warm C,622037,3768,3767,421,277,0,0.015905626
Warm C,829992,4983,4982,421,277,1,0.006092849
Warm C,769020,4579,4578,421,277,1,0.0074418
Warm C,136472,881,880,421,277,1,0.0076905917
Warm C,311261,1854,1853,421,277,0,0.015359772
Warm C,29280,199,198,424,279,0,0.003248776
Warm C,26901,191,190,424,279,0,0.009807253
Warm C,3552,26,25,424,279,0,0.015622905
Warm C,354830,2077,2076,424,279,0,0.005115591
Warm C,78407,528,527,424,279,0,-0.00095580705
Warm C,893289,5394,5393,424,279,0,0.014562286
Warm C,50268,331,330,424,279,1,0.0026095975
Warm C,778188,4647,4646,424,279,0,-0.00077638344
Warm C,801692,4802,4801,424,279,0,0.007940631
Warm C,599180,3648,3647,424,279,0,-0.0034206975
Warm C,476318,2926,2925,424,279,0,-0.0025958568
Warm C,257583,1579,1578,424,279,0,0.014963098
Warm C,272833,1647,1646,424,279,0,-0.0028268257
Warm C,468365,2887,2886,424,279,0,0.0123366015
Warm C,193581,1194,1193,424,279,0,-0.0062268106
Warm C,264124,1607,1606,425,280,0,0.023727626
Warm C,258086,1580,1579,425,280,1,0.0016430116
Warm C,325327,1926,1925,425,280,1,0.0128564
Warm C,243865,1470,1469,425,280,0,0.0032807314
Warm C,279025,1680,1679,425,280,1,0.0064772596
Warm C,192981,1191,1190,425,280,0,0.0060906406
Warm C,189332,1173,1172,425,280,1,0.00801459
Warm C,188565,1170,1169,425,280,1,0.016952833
Warm C,185149,1150,1149,425,280,0,0.017586986
Warm C,180235,1128,1127,425,280,0,0.007696727
Warm C,169096,1073,1072,425,280,1,0.002833797
Warm C,168371,1069,1068,425,280,1,-0.006865871
Warm C,151557,975,974,425,280,0,0.014172547
Warm C,150045,966,965,425,280,1,0.010432027
Warm C,246267,1489,1488,425,280,0,0.02161383
Warm C,148712,957,956,425,280,0,0.004633514
Warm C,144862,934,933,425,280,0,0.008507676
Warm C,143289,924,923,425,280,1,0.0031809967
Warm C,138123,889,888,425,280,0,0.009149947
Warm C,252170,1527,1526,425,280,0,0.01463565
Warm C,111850,728,727,425,280,0,-0.0008234824
Warm C,103667,689,688,425,280,1,0.0043618656
Warm C,163192,1043,1042,425,280,1,0.012871606
Warm C,103371,687,686,425,280,1,0.0037809424
Warm C,697278,4169,4168,425,280,1,0.0072541344
Warm C,284066,1698,1697,425,280,1,0.013907725
Warm C,80534,534,533,425,280,0,0.0041991225
Warm C,77403,524,523,425,280,0,0.011642139
Warm C,76132,517,516,425,280,1,0.009571724
Warm C,72922,493,492,425,280,0,-0.0010565473
Warm C,61848,415,414,425,280,1,0.005139887
Warm C,317645,1889,1888,425,280,0,0.0010445076
Warm C,22050,161,160,425,280,1,0.0064385645
Warm C,20859,151,150,425,280,1,2.8186128e-05
Warm C,89217,588,587,425,280,1,0.0055933073
Warm C,181951,1137,1136,425,280,0,0.0007809084
Warm C,778189,4647,4646,425,280,1,0.01747268
Warm C,293696,1748,1747,425,280,0,0.0055018854
Warm C,439380,2684,2683,425,280,1,-0.0024904902
Warm C,3223,24,23,425,280,1,0.013236807
Warm C,523845,3229,3228,425,280,1,0.006805289
Warm C,992956,5998,5997,425,280,0,0.0007898968
Warm C,507719,3125,3124,425,280,0,0.005451138
Warm C,285258,1701,1700,425,280,1,0.0073402566
Warm C,322266,1912,1911,425,280,0,0.0055045644
Warm C,693880,4156,4155,427,282,1,0.024696568
Warm C,599943,3650,3649,427,282,1,0.017448097
Warm C,606455,3683,3682,427,282,0,0.014159316
Warm C,593694,3618,3617,427,282,0,0.02478186
Warm C,588418,3590,3589,427,282,1,0.014768617
Warm C,581687,3554,3553,427,282,0,0.00020774733
Warm C,745321,4448,4447,427,282,1,0.027804168
Warm C,579223,3539,3538,427,282,0,0.020382658
Warm C,563039,3464,3463,427,282,0,0.018522317
Warm C,570256,3499,3498,427,282,0,0.025382254
Warm C,718884,4305,4304,427,282,0,0.020315118
Warm C,548370,3384,3383,427,282,0,0.006736411
Warm C,550005,3391,3390,427,282,0,0.024855971
Warm C,904389,5468,5467,427,282,0,-0.0005400353
Warm C,537856,3312,3311,427,282,1,0.020545738
Warm C,542139,3336,3335,427,282,0,0.01808479
Warm C,525606,3246,3245,427,282,0,0.014676829
Warm C,575266,3519,3518,427,282,0,0.01517142
Warm C,539842,3320,3319,427,282,0,0.018479744
Warm C,738417,4411,4410,427,282,0,0.009064449
Warm C,796293,4771,4770,427,282,0,0.01103662
Warm C,499327,3067,3066,427,282,0,0.015406828
Warm C,496863,3053,3052,427,282,0,0.013231287
Warm C,488659,3007,3006,427,282,1,0.007389512
Warm C,491579,3024,3023,427,282,0,0.0075047244
Warm C,478012,2934,2933,427,282,0,0.026342094
Warm C,852854,5113,5112,427,282,0,0.018138435
Warm C,473494,2909,2908,427,282,1,0.02137571
Warm C,823507,4950,4949,427,282,0,0.018424165
Warm C,445121,2745,2744,427,282,1,0.012350378
Warm C,440957,2700,2699,427,282,0,0.013370708
Warm C,790717,4728,4727,427,282,0,0.01995986
Warm C,434276,2648,2647,427,282,0,0.015724787
Warm C,431942,2632,2631,427,282,0,-0.004630916
Warm C,426894,2592,2591,427,282,0,0.01636697
Warm C,418596,2529,2528,427,282,1,0.02422202
Warm C,425272,2581,2580,427,282,0,0.024633382
Warm C,416064,2506,2505,427,282,0,0.005717231
Warm C,415730,2504,2503,427,282,0,0.020611744
Warm C,408148,2453,2452,427,282,0,0.021424916
Warm C,379173,2215,2214,427,282,0,0.009870312
Warm C,377197,2203,2202,427,282,1,0.026106931
Warm C,358461,2098,2097,427,282,0,0.011950773
Warm C,360014,2105,2104,427,282,0,0.015272066
Warm C,335764,1980,1979,427,282,0,0.021913936
Warm C,350937,2060,2059,427,282,0,0.0071364422
Warm C,275067,1666,1665,427,282,0,0.0109686535
Warm C,268322,1630,1629,427,282,0,0.019355021
Warm C,242734,1465,1464,427,282,0,0.018864606
Warm C,228184,1383,1382,427,282,0,0.011293134
Warm C,262186,1600,1599,427,282,0,0.012772386
Warm C,270846,1639,1638,427,282,0,0.012302568
Warm C,210096,1284,1283,427,282,0,0.014742176
Warm C,279029,1680,1679,427,282,0,0.017311305
Warm C,196438,1207,1206,427,282,0,0.020207115
Warm C,185152,1150,1149,427,282,0,0.020486278
Warm C,183954,1146,1145,427,282,0,0.014787291
Warm C,165195,1053,1052,427,282,0,0.016419858
Warm C,158050,1015,1014,427,282,0,0.009818139
Warm C,221258,1340,1339,427,282,0,0.022034967
Warm C,142378,919,918,427,282,0,0.013696554
Warm C,138128,889,888,427,282,0,0.022344481
Warm C,135558,877,876,427,282,0,0.02162192
Warm C,131858,854,853,427,282,0,0.0006552562
Warm C,351689,2063,2062,427,282,1,0.024008699
Warm C,124215,800,799,427,282,0,0.027559247
Warm C,103669,689,688,427,282,0,0.00936069
Warm C,179540,1125,1124,427,282,0,0.017883874
Warm C,103374,687,686,427,282,0,0.014061721
Warm C,98314,658,657,427,282,0,0.010102463
Warm C,98733,660,659,427,282,0,0.016100382
Warm C,107422,707,706,427,282,0,0.012105528
Warm C,332606,1962,1961,427,282,0,0.0066722715
Warm C,90617,601,600,427,282,1,0.009777866
Warm C,90113,594,593,427,282,0,0.009081593
Warm C,89219,588,587,427,282,1,0.0120428605
Warm C,83002,549,548,427,282,1,0.019449525
Warm C,74759,509,508,427,282,1,0.020352107
Warm C,53932,352,351,427,282,0,0.015362376
Warm C,344049,2020,2019,427,282,0,0.0078630345
Warm C,47627,319,318,427,282,0,0.017681256
Warm C,110745,721,720,427,282,0,0.020140592
Warm C,42125,285,284,427,282,1,0.014859694
Warm C,56997,385,384,427,282,0,0.019419834
Warm C,29987,202,201,427,282,0,0.025509162
Warm C,291308,1737,1736,427,282,0,0.0125851715
Warm C,23192,166,165,427,282,0,0.015004946
Warm C,7864,53,52,427,282,0,0.018852483
Warm C,633134,3824,3823,427,282,0,0.014496509
Warm C,79316,531,530,427,282,0,0.023068888
Warm C,198157,1218,1217,427,282,0,0.017187325
Warm C,150533,970,969,427,282,0,0.021033153
Warm C,682358,4085,4084,427,282,0,0.019748168
Warm C,102148,678,677,427,282,0,0.020963002
Warm C,206797,1266,1265,427,282,0,0.024864968
Warm C,241127,1451,1450,427,282,0,0.01818318
Warm C,145766,937,936,427,282,1,0.017639201
Warm C,20862,151,150,427,282,0,0.012756175
Warm C,562517,3462,3461,427,282,0,0.0014299473
Warm C,893292,5394,5393,427,282,0,0.024351895
Warm C,322268,1912,1911,427,282,0,0.020468537
Warm C,271752,1643,1642,427,282,0,0.018255243
Warm C,116103,752,751,427,282,0,0.022312935
Warm C,237820,1447,1446,427,282,0,0.026375506
Warm C,554782,3412,3411,427,282,1,0.013406836
Warm C,559388,3436,3435,427,282,1,0.007367242
Warm C,731323,4375,4374,429,284,0,0.0015682429
Warm C,583357,3562,3561,429,284,0,0.0077985805
Warm C,582087,3557,3556,429,284,1,0.015028449
Warm C,617038,3735,3734,429,284,0,-0.0039718095
Warm C,590537,3602,3601,429,284,1,0.0036624689
Warm C,572048,3507,3506,429,284,0,0.00893507
Warm C,569133,3491,3490,429,284,0,-0.007662057
Warm C,559596,3438,3437,429,284,0,0.0023005484
Warm C,556847,3422,3421,429,284,0,-0.000670447
Warm C,771861,4600,4599,429,284,0,-0.001479072
Warm C,550007,3391,3390,429,284,1,0.0075609824
Warm C,537040,3311,3310,429,284,0,0.011850057
Warm C,530942,3280,3279,429,284,0,0.004354544
Warm C,539843,3320,3319,429,284,0,-0.001551443
Warm C,518694,3201,3200,429,284,0,0.0026412131
Warm C,532076,3285,3284,429,284,0,0.003327372
Warm C,515414,3182,3181,429,284,0,0.008515172
Warm C,512756,3163,3162,429,284,0,-0.003819532
Warm C,510220,3143,3142,429,284,0,0.0056573413
Warm C,508562,3129,3128,429,284,1,0.008258824
Warm C,505822,3111,3110,429,284,0,-0.00985335
Warm C,502097,3082,3081,429,284,0,0.0007380792
Warm C,501236,3080,3079,429,284,1,0.0040348032
Warm C,498504,3062,3061,429,284,0,-0.0022871145
Warm C,493336,3031,3030,429,284,1,0.0053626657
Warm C,472507,2907,2906,429,284,1,0.011094099
Warm C,470945,2899,2898,429,284,0,0.006449964
Warm C,469915,2895,2894,429,284,0,0.00071855553
Warm C,457829,2820,2819,429,284,0,-0.003259813
Warm C,450779,2777,2776,429,284,0,-0.00941452
Warm C,420208,2540,2539,429,284,0,-0.008885105
Warm C,420442,2541,2540,429,284,0,0.0023374143
Warm C,419718,2537,2536,429,284,0,0.0094034895
Warm C,397056,2351,2350,429,284,0,-0.0010422703
Warm C,436335,2665,2664,429,284,0,0.012811681
Warm C,375543,2188,2187,429,284,0,0.000119154574
Warm C,378348,2208,2207,429,284,1,-0.008557009
Warm C,368326,2153,2152,429,284,1,0.004451561
Warm C,367886,2148,2147,429,284,0,0.0017666547
Warm C,361557,2109,2108,429,284,0,-0.0032367234
Warm C,341527,2012,2011,429,284,0,0.0019116749
Warm C,350938,2060,2059,429,284,0,0.00055663195
Warm C,325330,1926,1925,429,284,0,0.00476369
Warm C,288097,1721,1720,429,284,0,-0.0014396854
Warm C,282593,1694,1693,429,284,0,-0.0042157173
Warm C,297436,1764,1763,429,284,0,-0.0018127117
Warm C,281224,1687,1686,429,284,0,-0.005448483
Warm C,299026,1776,1775,429,284,0,-0.003392637
Warm C,269504,1634,1633,429,284,0,-0.014607094
Warm C,259414,1587,1586,429,284,1,-0.00060748553
Warm C,243208,1466,1465,429,284,0,-0.0036073257
Warm C,247613,1496,1495,429,284,0,0.0011365567
Warm C,237413,1446,1445,429,284,1,0.0023411177
Warm C,229239,1389,1388,429,284,0,0.0059351446
Warm C,223480,1354,1353,429,284,0,0.010036169
Warm C,289282,1727,1726,429,284,0,0.0055263564
Warm C,296413,1758,1757,429,284,0,-0.0037209094
Warm C,212858,1297,1296,429,284,0,-0.00425897
Warm C,277593,1676,1675,429,284,0,0.00477365
Warm C,261708,1599,1598,429,284,1,-0.0029000444
Warm C,279031,1680,1679,429,284,0,0.0029295192
Warm C,196440,1207,1206,429,284,1,0.008592336
Warm C,209416,1279,1278,429,284,0,0.011084328
Warm C,194788,1202,1201,429,284,0,0.0061481306
Warm C,183528,1142,1141,429,284,0,0.0018326283
Warm C,185155,1150,1149,429,284,0,-0.007249751
Warm C,179069,1124,1123,429,284,0,-0.0055834493
Warm C,178055,1120,1119,429,284,0,0.0083032455
Warm C,174096,1101,1100,429,284,0,0.005499067
Warm C,173608,1100,1099,429,284,0,-0.0008595423
Warm C,172859,1096,1095,429,284,0,0.00078459835
Warm C,188211,1168,1167,429,284,1,-0.002832869
Warm C,163776,1050,1049,429,284,0,0.0050063874
Warm C,214779,1303,1302,429,284,1,-0.0017723958
Warm C,272130,1645,1644,429,284,1,0.0020452747
Warm C,216959,1317,1316,429,284,0,-0.0032500513
Warm C,136480,881,880,429,284,1,-0.004272829
Warm C,135559,877,876,429,284,0,-0.00564481
Warm C,407223,2446,2445,429,284,0,0.0076170694
Warm C,131098,850,849,429,284,1,0.0063052317
Warm C,351690,2063,2062,429,284,0,0.004013804
Warm C,263218,1605,1604,429,284,0,0.0044298945
Warm C,159993,1019,1018,429,284,1,0.0024314742
Warm C,121495,781,780,429,284,0,-0.007101694
Warm C,299567,1778,1777,429,284,0,0.008172368
Warm C,106000,699,698,429,284,0,-3.7736958e-05
Warm C,107861,710,709,429,284,0,0.011707137
Warm C,98737,660,659,429,284,0,-0.0058562467
Warm C,92537,620,619,429,284,0,0.0033079945
Warm C,284069,1698,1697,429,284,0,0.0008273199
Warm C,83005,549,548,429,284,0,-0.004664585
Warm C,119166,770,769,429,284,0,0.0033700143
Warm C,87068,569,568,429,284,0,-0.011277173
Warm C,67400,453,452,429,284,1,0.008248936
Warm C,251122,1516,1515,429,284,0,0.0052462816
Warm C,58156,392,391,429,284,0,0.0015169906
Warm C,47629,319,318,429,284,0,0.0030982385
Warm C,44679,302,301,429,284,0,0.007949328
Warm C,44014,301,300,429,284,0,-9.990245e-05
Warm C,29993,202,201,429,284,0,-0.010222919
Warm C,54589,355,354,429,284,0,0.0017271508
Warm C,234904,1425,1424,429,284,0,0.003092336
Warm C,49581,329,328,429,284,0,0.0025115209
Warm C,3556,26,25,429,284,0,0.0012093189
Warm C,6959,48,47,429,284,0,-0.0020985622
Warm C,354835,2077,2076,429,284,0,-0.014082443
Warm C,2692,22,21,429,284,1,0.0089573935
Warm C,552257,3401,3400,429,284,0,0.010786037
Warm C,237821,1447,1446,429,284,1,-0.0041303113
Warm C,35890,242,241,429,284,0,-0.006950253
Warm C,370959,2168,2167,429,284,1,0.010333853
Warm C,342373,2015,2014,429,284,0,0.010715163
Warm C,829068,4979,4978,429,284,0,0.0052933814
Warm C,750631,4478,4477,429,284,1,0.011951889
Warm C,144867,934,933,429,284,0,-0.00037337933
Warm C,329257,1943,1942,429,284,0,0.006756496
Warm C,331524,1958,1957,429,284,0,-0.0033492714
Warm C,599184,3648,3647,429,284,0,-0.0013260255
Warm C,46045,308,307,429,284,0,0.0066997893
Warm C,335765,1980,1979,429,284,0,-0.0014128317
Warm C,475463,2918,2917,429,284,1,-0.00050562574
Warm C,456425,2810,2809,429,284,0,-0.00783778
Warm C,62816,424,423,429,284,0,0.0076499246
Warm C,699945,4186,4185,429,284,0,-0.0021261428
Warm C,327948,1941,1940,429,284,0,-0.0018435232
Warm C,713804,4277,4276,429,284,0,0.008612262
Warm C,894047,5397,5396,429,284,0,0.00013982569
Warm C,555747,3416,3415,436,289,1,0.015439761
Warm C,547355,3377,3376,436,289,1,-0.0005461229
Warm C,577061,3526,3525,436,289,1,0.0020163767
Warm C,550020,3391,3390,436,289,0,0.013598834
Warm C,542148,3336,3335,436,289,0,0.012339504
Warm C,533229,3292,3291,436,289,0,0.012652834
Warm C,532084,3285,3284,436,289,0,0.009831977
Warm C,523675,3228,3227,436,289,0,0.0058991853
Warm C,522449,3224,3223,436,289,1,0.0040668263
Warm C,496457,3051,3050,436,289,0,0.0072741653
Warm C,494027,3032,3031,436,289,1,0.012928252
Warm C,490686,3018,3017,436,289,1,0.0013857819
Warm C,487861,3001,3000,436,289,1,0.022489008
Warm C,484981,2986,2985,436,289,0,0.017698389
Warm C,480088,2946,2945,436,289,0,0.0023445548
Warm C,463216,2857,2856,436,289,1,0.0016776582
Warm C,453656,2793,2792,436,289,0,0.019430261
Warm C,444622,2743,2742,436,289,0,0.0072832745
Warm C,420212,2540,2539,436,289,1,0.00027748244
Warm C,426901,2592,2591,436,289,1,0.0011478714
Warm C,399040,2376,2375,436,289,0,0.008086156
Warm C,381298,2230,2229,436,289,0,0.0052100625
Warm C,385237,2251,2250,436,289,0,0.0012262117
Warm C,310636,1851,1850,436,289,0,0.0035890462
Warm C,265709,1613,1612,436,289,0,0.01510936
Warm C,262191,1600,1599,436,289,0,0.0049167844
Warm C,259419,1587,1586,436,289,0,0.011190049
Warm C,315137,1880,1879,436,289,0,0.008549886
Warm C,218890,1328,1327,436,289,1,0.010235226
Warm C,296419,1758,1757,436,289,0,0.011276384
Warm C,279044,1680,1679,436,289,0,0.0027967466
Warm C,210103,1284,1283,436,289,0,0.00994123
Warm C,327961,1941,1940,436,289,1,0.005443152
Warm C,185162,1150,1149,436,289,0,0.007834814
Warm C,307366,1835,1834,436,289,0,0.014423121
Warm C,183957,1146,1145,436,289,0,0.0051891254
Warm C,175462,1112,1111,436,289,0,0.008304496
Warm C,168382,1069,1068,436,289,0,0.0090799155
Warm C,160003,1019,1018,436,289,0,0.002821295
Warm C,269869,1635,1634,436,289,0,0.0049344487
Warm C,146243,940,939,436,289,0,0.0075409194
Warm C,156764,1010,1009,436,289,0,-0.003692557
Warm C,135567,877,876,436,289,0,0.008934338
Warm C,117461,757,756,436,289,0,0.012931268
Warm C,114807,746,745,436,289,0,0.010405773
Warm C,111852,728,727,436,289,0,0.0013417377
Warm C,107867,710,709,436,289,0,0.0074328315
Warm C,299578,1778,1777,436,289,0,0.0045516174
Warm C,103382,687,686,436,289,0,0.007211978
Warm C,110752,721,720,436,289,0,0.0142499
Warm C,332616,1962,1961,436,289,0,0.0001604046
Warm C,83019,549,548,436,289,1,0.012551479
Warm C,190777,1181,1180,436,289,0,0.011099542
Warm C,303728,1804,1803,436,289,0,0.007220988
Warm C,77422,524,523,436,289,0,0.016989011
Warm C,68664,461,460,436,289,0,0.015030737
Warm C,71963,482,481,436,289,0,0.009223081
Warm C,59772,406,405,436,289,0,0.018549198
Warm C,74767,509,508,436,289,1,0.00095037324
Warm C,132401,855,854,436,289,0,0.01198401
Warm C,288584,1724,1723,436,289,1,0.0129288295
Warm C,697292,4169,4168,436,289,0,0.009180808
Warm C,30017,202,201,436,289,0,0.014555916
Warm C,27308,192,191,436,289,0,-0.002963921
Warm C,537051,3311,3310,436,289,0,0.0032718591
Warm C,7893,53,52,436,289,0,0.025625246
Warm C,15731,123,122,436,289,0,-0.0002865987
Warm C,104258,692,691,436,289,0,0.0116247395
Warm C,471954,2904,2903,436,289,0,0.004817147
Warm C,158065,1015,1014,436,289,0,0.012330872
Warm C,50303,331,330,436,289,0,0.010161068
Warm C,150539,970,969,436,289,0,0.023444025
Warm C,237831,1447,1446,436,289,0,0.006258755
Warm C,265031,1611,1610,436,289,0,0.008752787
Warm C,102159,678,677,436,289,0,0.013121029
Warm C,234912,1425,1424,436,289,0,0.012947579
Warm C,331534,1958,1957,436,289,0,0.011958855
Warm C,907803,5492,5491,436,289,0,0.014249928
Warm C,805913,4823,4822,436,289,0,0.0072457674
Warm C,322277,1912,1911,436,289,0,0.009153316
Warm C,351706,2063,2062,436,289,1,0.01614566
Warm C,134189,869,868,437,290,0,0.013601726
Warm C,342382,2015,2014,437,290,0,0.017864786
Warm C,821704,4940,4939,437,290,0,0.0066924784
Warm C,550021,3391,3390,437,290,0,0.015060797
Warm C,550023,3391,3390,438,291,0,0.0105121285
Warm C,542149,3336,3335,438,291,0,0.017828997
Warm C,540992,3328,3327,438,291,0,0.013049349
Warm C,544048,3353,3352,438,291,0,0.0155928945
Warm C,522450,3224,3223,438,291,0,0.021446643
Warm C,539849,3320,3319,438,291,0,0.02160744
Warm C,520314,3209,3208,438,291,0,0.0036856956
Warm C,523846,3229,3228,438,291,0,0.0032134955
Warm C,575275,3519,3518,438,291,0,0.01278108
Warm C,532085,3285,3284,438,291,0,0.014181289
Warm C,516920,3191,3190,438,291,0,0.008153863
Warm C,562524,3462,3461,438,291,0,0.018180061
Warm C,508569,3129,3128,438,291,0,0.022450525
Warm C,505824,3111,3110,438,291,0,-0.003402653
Warm C,738420,4411,4410,438,291,0,0.012640079
Warm C,484983,2986,2985,438,291,0,0.020312034
Warm C,484468,2983,2982,438,291,1,0.0033349632
Warm C,473507,2909,2908,438,291,0,0.026401063
Warm C,461802,2848,2847,438,291,0,0.01030871
Warm C,594784,3620,3619,438,291,0,0.012989901
Warm C,450788,2777,2776,438,291,1,0.016422719
Warm C,441194,2701,2700,438,291,0,0.0038445105
Warm C,438810,2681,2680,438,291,0,0.008976224
Warm C,435795,2664,2663,438,291,0,0.006590753
Warm C,420447,2541,2540,438,291,0,0.012252844
Warm C,408161,2453,2452,438,291,1,0.0277954
Warm C,399480,2378,2377,438,291,0,0.008068714
Warm C,375548,2188,2187,438,291,0,0.017508654
Warm C,351709,2063,2062,438,291,0,0.02360092
Warm C,361569,2109,2108,438,291,0,0.012351275
Warm C,358853,2100,2099,438,291,1,0.0097487625
Warm C,340588,2010,2009,438,291,0,0.009849152
Warm C,341535,2012,2011,438,291,0,0.0038004005
Warm C,350944,2060,2059,438,291,0,0.010516818
Warm C,318347,1891,1890,438,291,0,0.020436909
Warm C,297440,1764,1763,438,291,1,0.0048337476
Warm C,303510,1803,1802,438,291,0,0.012468761
Warm C,281655,1689,1688,438,291,1,0.01730705
Warm C,281227,1687,1686,438,291,1,0.0072404905
Warm C,288857,1726,1725,438,291,0,0.010317259
Warm C,303004,1800,1799,438,291,0,0.022928318
Warm C,236207,1433,1432,438,291,0,0.0045657614
Warm C,242743,1465,1464,438,291,0,0.019902386
Warm C,335779,1980,1979,438,291,0,0.020668782
Warm C,224666,1358,1357,438,291,1,0.010868797
Warm C,227089,1377,1376,438,291,0,0.018088214
Warm C,277604,1676,1675,438,291,0,0.019127581
Warm C,243873,1470,1469,438,291,0,0.0055448064
Warm C,196448,1207,1206,438,291,0,0.016693579
Warm C,173612,1100,1099,438,291,0,0.0062999185
Warm C,173085,1097,1096,438,291,0,0.030659366
Warm C,327962,1941,1940,438,291,0,0.019459054
Warm C,163785,1050,1049,438,291,0,0.017900094
Warm C,272137,1645,1644,438,291,1,0.008240458
Warm C,275502,1667,1666,438,291,1,0.020324439
Warm C,154825,999,998,438,291,0,0.009050112
Warm C,156765,1010,1009,438,291,0,0.014084326
Warm C,276903,1675,1674,438,291,0,0.016189374
Warm C,141470,911,910,438,291,1,0.016963003
Warm C,136493,881,880,438,291,0,0.0197464
Warm C,263230,1605,1604,438,291,0,0.013449673
Warm C,239960,1449,1448,438,291,0,0.02022029
Warm C,107079,704,703,438,291,1,0.00835825
Warm C,110112,718,717,438,291,0,0.0124165965
Warm C,98746,660,659,438,291,0,0.024123466
Warm C,96389,647,646,438,291,0,0.00875088
Warm C,207510,1268,1267,438,291,0,0.013498378
Warm C,480089,2946,2945,438,291,0,0.020670008
Warm C,91190,604,603,438,291,0,0.013855489
Warm C,77423,524,523,438,291,0,0.02573531
Warm C,119175,770,769,438,291,0,0.016735299
Warm C,80134,533,532,438,291,0,0.024947349
Warm C,53972,352,351,438,291,0,0.015466208
Warm C,52606,346,345,438,291,1,0.029029712
Warm C,41910,284,283,438,291,0,0.014107341
Warm C,145314,935,934,438,291,0,0.010095438
Warm C,38070,260,259,438,291,0,0.0104823895
Warm C,37458,255,254,438,291,1,0.014083343
Warm C,32994,223,222,438,291,0,0.012486413
Warm C,306195,1824,1823,438,291,0,0.02226391
Warm C,22667,163,162,438,291,0,0.020320907
Warm C,11393,87,86,438,291,0,0.006701212
Warm C,78416,528,527,438,291,1,0.018895047
Warm C,552265,3401,3400,438,291,0,0.020440519
Warm C,790721,4728,4727,438,291,0,0.024176195
Warm C,362955,2116,2115,438,291,0,0.020761184
Warm C,682364,4085,4084,438,291,1,0.010428713
Warm C,342383,2015,2014,438,291,0,0.010572551
Warm C,116113,752,751,438,291,0,0.029660774
Warm C,79328,531,530,438,291,0,0.019534271
Warm C,160004,1019,1018,438,291,0,0.008777322
Warm C,599192,3648,3647,438,291,0,0.017992008
Warm C,112418,731,730,444,295,0,0.0043785577
Warm C,779068,4653,4652,444,295,0,0.00406273
Warm C,103675,689,688,444,295,0,0.010948329
Warm C,97800,655,654,444,295,0,-0.002421354
Warm C,314074,1875,1874,444,295,0,0.00399148
Warm C,90624,601,600,444,295,0,-0.00586789
Warm C,90115,594,593,444,295,0,-0.0039163334
Warm C,228198,1383,1382,444,295,0,0.0015359218
Warm C,83030,549,548,444,295,0,0.00014117942
Warm C,84079,550,549,444,295,0,-0.009088105
Warm C,66834,449,448,444,295,0,-0.0071993554
Warm C,74774,509,508,444,295,1,0.0062943436
Warm C,308558,1837,1836,444,295,0,-0.0110971015
Warm C,32270,216,215,444,295,0,0.0016231516
Warm C,697301,4169,4168,444,295,0,-0.009007349
Warm C,167099,1063,1062,444,295,0,-0.0023206973
Warm C,631520,3821,3820,444,295,0,-0.0023977864
Warm C,680609,4079,4078,444,295,1,-0.0037946661
Warm C,326067,1930,1929,444,295,0,-0.0010390063
Warm C,195382,1203,1202,444,295,0,-4.954124e-05
Warm C,720437,4312,4311,444,295,0,0.003708073
Warm C,399483,2378,2377,445,296,1,0.002422266
Warm C,364709,2124,2123,445,296,0,0.008529322
Warm C,351718,2063,2062,445,296,0,0.022407573
Warm C,281231,1687,1686,445,296,0,0.012729339
Warm C,279065,1680,1679,445,296,0,0.0130215045
Warm C,236696,1437,1436,445,296,1,0.014610654
Warm C,230090,1392,1391,445,296,0,0.0110953385
Warm C,227093,1377,1376,445,296,0,0.016038883
Warm C,277613,1676,1675,445,296,0,0.009505954
Warm C,202450,1244,1243,445,296,0,0.012823165
Warm C,197582,1212,1211,445,296,1,0.0002546308
Warm C,261718,1599,1598,445,296,0,0.0058470075
Warm C,196456,1207,1206,445,296,0,0.0064115166
Warm C,193175,1193,1192,445,296,1,0.012074016
Warm C,173617,1100,1099,445,296,0,0.0084984135
Warm C,164468,1051,1050,445,296,0,0.02279782
Warm C,136502,881,880,445,296,0,0.013418998
Warm C,135575,877,876,445,296,0,0.013426532
Warm C,112419,731,730,445,296,0,0.011746074
Warm C,299587,1778,1777,445,296,0,0.015497577
Warm C,101353,676,675,445,296,0,0.020418119
Warm C,96394,647,646,445,296,0,0.006113379
Warm C,314075,1875,1874,445,296,1,0.008994342
Warm C,90625,601,600,445,296,0,0.0050709187
Warm C,86590,566,565,445,296,0,0.010121493
Warm C,190793,1181,1180,445,296,0,0.024545263
Warm C,77435,524,523,445,296,0,0.013087323
Warm C,119183,770,769,445,296,0,0.020269997
Warm C,88782,587,586,445,296,0,0.01702789
Warm C,81614,543,542,445,296,0,0.016153935
Warm C,70747,476,475,445,296,0,0.0040730583
Warm C,65312,438,437,445,296,0,0.014790847
Warm C,35907,242,241,445,296,0,0.012131184
Warm C,368336,2153,2152,445,296,1,0.013921664
Warm C,9408,62,61,445,296,0,0.012726404
Warm C,3610,26,25,445,296,0,0.013948187
Warm C,829076,4979,4978,445,296,1,0.01869915
Warm C,331542,1958,1957,445,296,0,0.016784769
Warm C,160013,1019,1018,445,296,0,0.016858632
Warm C,46082,308,307,445,296,0,0.008925075
Warm C,354848,2077,2076,449,299,1,-0.0047539966
Warm C,588428,3590,3589,449,299,1,-0.002734545
Warm C,129357,839,838,449,299,0,0.004400784
Warm C,109771,716,715,449,299,1,0.005262801
Warm C,58190,392,391,449,299,0,0.0014095753
Warm C,829077,4979,4978,449,299,1,0.0026438176
Warm C,257604,1579,1578,449,299,0,-0.0008713633
Warm C,46086,308,307,449,299,0,0.0048157857
Warm C,933850,5636,5635,449,299,0,0.0032869526
Warm C,476328,2926,2925,449,299,1,0.008882772
Warm C,286409,1710,1709,449,299,1,-0.0017815434
Warm C,416542,2507,2506,451,301,1,0.005313658
Warm C,414217,2493,2492,451,301,1,0.0006982131
Warm C,375307,2187,2186,451,301,0,0.0026220449
Warm C,335800,1980,1979,451,301,0,0.009720299
Warm C,304501,1810,1809,451,301,1,-0.0032804338
Warm C,316758,1884,1883,451,301,0,0.0068758773
Warm C,279093,1680,1679,451,301,1,0.008709348
Warm C,268331,1630,1629,451,301,0,-0.0013591079
Warm C,246853,1491,1490,451,301,0,0.0023895814
Warm C,237320,1444,1443,451,301,0,0.0024014164
Warm C,212045,1291,1290,451,301,0,0.0027894117
Warm C,210114,1284,1283,451,301,1,0.0068494854
Warm C,194806,1202,1201,451,301,1,0.013960198
Warm C,189886,1178,1177,451,301,1,-0.007883998
Warm C,226833,1376,1375,451,301,0,0.010500643
Warm C,185188,1150,1149,451,301,0,0.016085671
Warm C,316232,1883,1882,451,301,0,0.0071629616
Warm C,243891,1470,1469,451,301,0,-0.0046276674
Warm C,174900,1108,1107,451,301,0,0.004044056
Warm C,165204,1053,1052,451,301,0,0.010664401
Warm C,158092,1015,1014,451,301,1,0.009192411
Warm C,138174,889,888,451,301,0,0.012544161
Warm C,135581,877,876,451,301,0,0.009820642
Warm C,124475,801,800,451,301,0,0.0026285984
Warm C,103389,687,686,451,301,0,0.0011596035
Warm C,98763,660,659,451,301,0,0.0069506145
Warm C,107424,707,706,451,301,0,-0.0032585762
Warm C,713823,4277,4276,451,301,1,0.019102048
Warm C,697307,4169,4168,451,301,1,0.012526559
Warm C,228208,1383,1382,451,301,0,0.008739574
Warm C,87250,570,569,451,301,0,0.0017601433
Warm C,86093,563,562,451,301,1,0.010651348
Warm C,80696,536,535,451,301,0,-0.0031096488
Warm C,77445,524,523,451,301,1,0.012274977
Warm C,71981,482,481,451,301,0,0.007764073
Warm C,54020,352,351,451,301,0,-0.0021522131
Warm C,110766,721,720,451,301,0,0.0036245175
Warm C,238849,1448,1447,451,301,1,0.0046950523
Warm C,308568,1837,1836,451,301,0,0.0013761087
Warm C,32700,221,220,451,301,1,-2.4299137e-05
Warm C,30922,206,205,451,301,0,-0.00090614264
Warm C,15770,123,122,451,301,0,-0.0010224025
Warm C,11119,82,81,451,301,0,0.000881888
Warm C,9419,62,61,451,301,0,0.0036392494
Warm C,524400,3233,3232,451,301,0,0.0039929706
Warm C,187606,1164,1163,451,301,0,0.0037381537
Warm C,354856,2077,2076,453,302,0,0.0016048858
Warm C,78423,528,527,453,302,0,0.016736496
Warm C,362972,2116,2115,453,302,0,0.011765324
Warm C,237846,1447,1446,453,302,0,0.012305499
Warm C,272146,1645,1644,453,302,1,0.0100392
Warm C,134210,869,868,453,302,0,0.008872658
Warm C,550050,3391,3390,453,302,0,0.009295828
Warm C,245762,1484,1483,456,305,1,0.01741765
Warm C,241157,1451,1450,456,305,1,0.01996143
Warm C,631526,3821,3820,456,305,0,0.016301742
Warm C,210858,1285,1284,456,305,0,0.02578025
Warm C,202455,1244,1243,456,305,1,0.0146635
Warm C,374025,2181,2180,456,305,1,0.031528432
Warm C,170015,1080,1079,456,305,1,0.009363286
Warm C,168399,1069,1068,456,305,1,0.01450939
Warm C,216984,1317,1316,456,305,1,0.026467975
Warm C,156789,1010,1009,456,305,0,0.020314291
Warm C,154838,999,998,456,305,1,0.01854275
Warm C,124478,801,800,456,305,1,0.007506744
Warm C,135005,873,872,456,305,1,0.010943624
Warm C,89566,590,589,456,305,1,0.01007464
Warm C,77448,524,523,456,305,1,0.031780906
Warm C,238853,1448,1447,456,305,1,0.02282391
Warm C,70149,474,473,456,305,1,0.030881952
Warm C,54026,352,351,456,305,1,0.0096872365
Warm C,33652,225,224,456,305,1,0.025288573
Warm C,599206,3648,3647,456,305,0,0.018366791
Warm C,20182,149,148,456,305,1,0.0325708
Warm C,7945,53,52,456,305,1,0.022048082
Warm C,357399,2092,2091,456,305,1,0.022260018
Warm C,262513,1601,1600,456,305,1,0.015391281
Warm C,908309,5493,5492,456,305,1,0.023000577
Warm C,286672,1712,1711,456,305,0,0.027334591
Warm C,181965,1137,1136,456,305,0,0.020997807
Warm C,319293,1897,1896,456,305,1,0.028420731
Warm C,24514,173,172,456,305,0,0.014816072
Warm C,335802,1980,1979,456,305,1,0.033867393
Warm C,203046,1246,1245,456,305,1,0.033357583
Warm C,839701,5046,5045,456,305,1,0.034459084
Warm C,804485,4816,4815,456,305,1,0.020221453
Warm C,147920,953,952,458,307,0,0.011222605
Warm C,136518,881,880,458,307,0,0.0010368634
Warm C,328002,1941,1940,458,307,0,8.0794096e-05
Warm C,110347,720,719,458,307,0,0.013131198
Warm C,98766,660,659,458,307,0,0.006924785
Warm C,94904,637,636,458,307,0,0.0068288133
Warm C,713827,4277,4276,458,307,1,0.010115344
Warm C,697311,4169,4168,458,307,0,0.009570981
Warm C,87252,570,569,458,307,0,-0.00039614277
Warm C,308571,1837,1836,458,307,0,0.00017690635
Warm C,84092,550,549,458,307,0,-3.8922764e-05
Warm C,71985,482,481,458,307,0,0.0077206707
Warm C,68679,461,460,458,307,1,0.009596043
Warm C,67181,452,451,458,307,1,0.0016742584
Warm C,54031,352,351,458,307,0,0.010781882
Warm C,15780,123,122,458,307,0,0.006103283
Warm C,28410,195,194,458,307,1,0.008803906
Warm C,380780,2225,2224,458,307,0,-0.0037769377
Warm C,572079,3507,3506,458,307,1,0.011623605
Warm C,239984,1449,1448,458,307,1,0.008154427
Warm C,451750,2781,2780,458,307,1,-0.0013745434
Warm C,507732,3125,3124,458,307,1,0.0037853927
Warm C,195391,1203,1202,458,307,0,5.6396937e-05
Warm C,959027,5787,5786,458,307,0,0.0077252034
Warm C,476333,2926,2925,458,307,0,0.008628133
Warm C,473535,2909,2908,458,307,1,0.0065845796
Warm C,468384,2887,2886,458,307,0,0.011276365
Warm C,535530,3305,3304,459,308,1,0.0017041422
Warm C,544057,3353,3352,459,308,1,0.0053340276
Warm C,561561,3454,3453,459,308,0,0.0054875063
Warm C,532099,3285,3284,459,308,0,0.0089818975
Warm C,525763,3247,3246,459,308,0,0.0030460218
Warm C,525057,3242,3241,459,308,0,-0.0023794882
Warm C,520318,3209,3208,459,308,0,0.0011219794
Warm C,519992,3208,3207,459,308,0,0.0029187729
Warm C,518714,3201,3200,459,308,1,0.0006740454
Warm C,512786,3163,3162,459,308,1,0.011093412
Warm C,805918,4823,4822,459,308,0,0.0040589957
Warm C,507213,3121,3120,459,308,0,0.005583657
Warm C,494061,3032,3031,459,308,1,0.0050569302
Warm C,490706,3018,3017,459,308,0,0.0010661774
Warm C,486246,2994,2993,459,308,0,0.0057878797
Warm C,471618,2901,2900,459,308,0,0.0036869324
Warm C,473536,2909,2908,459,308,1,0.0010309042
Warm C,435807,2664,2663,459,308,1,0.008606459
Warm C,433595,2643,2642,459,308,1,0.0038031181
Warm C,426912,2592,2591,459,308,0,0.000772113
Warm C,415240,2500,2499,459,308,0,-0.0018526558
Warm C,405800,2435,2434,459,308,0,-8.949207e-05
Warm C,387523,2265,2264,459,308,0,0.0067136637
Warm C,377216,2203,2202,459,308,1,0.00878628
Warm C,362975,2116,2115,459,308,0,0.0053820815
Warm C,343609,2018,2017,459,308,0,0.0067255883
Warm C,314637,1879,1878,459,308,1,0.0030699552
Warm C,312297,1861,1860,459,308,0,0.012589529
Warm C,297457,1764,1763,459,308,1,0.011698784
Warm C,292278,1741,1740,459,308,0,0.013658349
Warm C,288864,1726,1725,459,308,0,0.0048503247
Warm C,262199,1600,1599,459,308,0,-0.0010812893
Warm C,358232,2097,2096,459,308,0,-0.002003606
Warm C,303012,1800,1799,459,308,0,0.006121322
Warm C,299595,1778,1777,459,308,1,0.008903684
Warm C,232132,1408,1407,459,308,0,0.0034459354
Warm C,227102,1377,1376,459,308,0,0.0071029854
Warm C,221288,1340,1339,459,308,0,0.0094979275
Warm C,243893,1470,1469,459,308,0,0.025379006
Warm C,220834,1339,1338,459,308,1,0.01276956
Warm C,196467,1207,1206,459,308,0,0.0028524345
Warm C,176012,1113,1112,459,308,0,0.000992038
Warm C,179561,1125,1124,459,308,0,0.005107159
Warm C,275512,1667,1666,459,308,1,0.0059971884
Warm C,342410,2015,2014,459,308,0,0.006821738
Warm C,155841,1004,1003,459,308,0,0.0042165094
Warm C,152997,984,983,459,308,0,0.0020835912
Warm C,158095,1015,1014,459,308,0,0.0016824971
Warm C,140672,904,903,459,308,1,0.0032283945
Warm C,136519,881,880,459,308,0,0.012966229
Warm C,135584,877,876,459,308,0,0.0061114216
Warm C,202457,1244,1243,459,308,0,0.009344885
Warm C,114817,746,745,459,308,0,-0.00031815632
Warm C,631527,3821,3820,459,308,0,0.0018258444
Warm C,480100,2946,2945,459,308,0,0.000506351
Warm C,91198,604,603,459,308,0,0.0044122385
Warm C,150552,970,969,459,308,0,0.0059273443
Warm C,81624,543,542,459,308,1,0.0037258482
Warm C,77450,524,523,459,308,0,0.007744806
Warm C,119192,770,769,459,308,0,0.01215001
Warm C,68680,461,460,459,308,0,0.00074642967
Warm C,54032,352,351,459,308,0,0.0055206083
Warm C,697312,4169,4168,459,308,0,0.0144207645
Warm C,55714,368,367,459,308,1,0.004675167
Warm C,22700,163,162,459,308,0,0.0052116867
Warm C,23242,166,165,459,308,0,-0.00047154957
Warm C,19606,148,147,459,308,0,0.0048183305
Warm C,19060,147,146,459,308,0,0.012249338
Warm C,1434,13,12,459,308,0,-0.0031270077
Warm C,158,2,1,459,308,0,0.005586054
Warm C,354860,2077,2076,459,308,1,0.005318328
Warm C,109778,716,715,459,308,1,-0.0014004405
Warm C,237849,1447,1446,459,308,0,0.011349462
Warm C,567426,3483,3482,459,308,1,0.0010017976
Warm C,317667,1889,1888,459,308,1,0.0075953533
Warm C,453675,2793,2792,459,308,0,0.0050774664
Warm C,145775,937,936,459,308,0,0.0006436091
Warm C,331552,1958,1957,459,308,0,0.010607448
Warm C,351742,2063,2062,459,308,0,0.012065411
Warm C,335804,1980,1979,459,308,0,0.009666521
Warm C,599208,3648,3647,459,308,0,0.008352937
Warm C,587857,3589,3588,459,308,0,0.0021737583
Warm C,550054,3391,3390,459,308,0,0.007971043
Warm C,279121,1680,1679,461,309,1,0.02173663
Warm C,316241,1883,1882,461,309,0,0.009829399
Warm C,201509,1242,1241,461,309,1,0.022039358
Warm C,174114,1101,1100,461,309,1,0.015089167
Warm C,195396,1203,1202,461,309,1,0.01014039
Warm C,168403,1069,1068,461,309,1,0.0025578262
Warm C,161186,1028,1027,461,309,0,0.002900013
Warm C,139385,891,890,461,309,0,0.0037141019
Warm C,138190,889,888,461,309,0,0.012742724
Warm C,123698,797,796,461,309,0,0.0011266633
Warm C,90630,601,600,461,309,0,0.0069087762
Warm C,238866,1448,1447,461,309,1,0.01299331
Warm C,49676,329,328,461,309,0,0.016730124
Warm C,33669,225,224,461,309,0,0.012255671
Warm C,26571,187,186,461,309,1,0.008970345
Warm C,23256,166,165,461,309,0,0.014175735
Warm C,16013,126,125,461,309,0,0.0006497202
Warm C,352,5,4,461,309,0,0.0076305056
Warm C,245765,1484,1483,461,309,0,0.02299628
Warm C,132823,856,855,461,309,0,0.008217907
Warm C,523858,3229,3228,461,309,0,0.0019169811
Warm C,991825,5991,5990,461,309,0,-0.00059206923
Warm C,310650,1851,1850,461,309,0,0.0032014651
Warm C,287697,1717,1716,461,309,1,-0.0016334676
Warm C,276195,1671,1670,461,309,0,0.017052846
Warm C,18839,146,145,461,309,0,0.007310737
Warm C,411037,2466,2465,465,311,0,0.00964717
Warm C,404186,2416,2415,465,311,0,0.010897048
Warm C,393533,2316,2315,465,311,1,0.010070562
Warm C,381310,2230,2229,465,311,0,0.013611348
Warm C,335822,1980,1979,465,311,0,0.021467088
Warm C,322955,1915,1914,465,311,1,-0.007415739
Warm C,275516,1667,1666,465,311,0,0.0065087937
Warm C,272497,1646,1645,465,311,0,0.013438546
Warm C,270428,1636,1635,465,311,1,0.007070524
Warm C,332635,1962,1961,465,311,0,0.014026522
Warm C,230098,1392,1391,465,311,0,0.011466721
Warm C,241166,1451,1450,465,311,1,0.005877044
Warm C,337441,1984,1983,465,311,0,-0.001307189
Warm C,272870,1647,1646,465,311,0,0.022282995
Warm C,279123,1680,1679,465,311,0,0.015847363
Warm C,220838,1339,1338,465,311,1,0.020562902
Warm C,185210,1150,1149,465,311,0,0.018306077
Warm C,331558,1958,1957,465,311,1,0.02651513
Warm C,168406,1069,1068,465,311,0,0.011600825
Warm C,167197,1064,1063,465,311,0,0.013691113
Warm C,141172,910,909,465,311,1,0.009138906
Warm C,138192,889,888,465,311,0,0.019412756
Warm C,121715,783,782,465,311,1,0.011958104
Warm C,97811,655,654,465,311,0,0.0143864285
Warm C,697322,4169,4168,465,311,0,0.02190239
Warm C,284114,1698,1697,465,311,0,0.014746382
Warm C,83055,549,548,465,311,1,0.01471613
Warm C,238868,1448,1447,465,311,1,0.018495925
Warm C,80538,534,533,465,311,0,0.004205252
Warm C,190833,1181,1180,465,311,0,0.02214573
Warm C,84108,550,549,465,311,1,0.0148270335
Warm C,77463,524,523,465,311,0,0.027559232
Warm C,55720,368,367,465,311,1,0.0030963512
Warm C,54056,352,351,465,311,1,0.015631085
Warm C,38410,261,260,465,311,0,0.020641405
Warm C,35927,242,241,465,311,0,0.014120436
Warm C,31261,210,209,465,311,0,0.00034996658
Warm C,22710,163,162,465,311,0,0.011657165
Warm C,9442,62,61,465,311,1,0.011193528
Warm C,620,8,7,465,311,1,0.018324317
Warm C,12147,92,91,465,311,0,0.007877851
Warm C,266391,1616,1615,465,311,0,0.009228358
Warm C,195398,1203,1202,465,311,1,0.0218964
Warm C,179564,1125,1124,465,311,1,0.01483776
Warm C,902997,5458,5457,465,311,0,0.00948649
Warm C,89238,588,587,469,314,1,0.032190897
Warm C,499367,3067,3066,469,314,1,0.01756617
Warm C,195400,1203,1202,469,314,0,0.014343761
Warm C,187611,1164,1163,469,314,0,0.020998385
Warm C,179567,1125,1124,469,314,1,0.014743083
Warm C,832022,5001,5000,469,314,0,-0.0020104828
Warm C,171571,1088,1087,469,314,0,0.013118427
Warm C,986778,5956,5955,469,314,0,0.010161322
Warm C,295632,1755,1754,469,314,0,0.018047724
Warm C,529667,3272,3271,473,316,0,-0.005597442
Warm C,512800,3163,3162,473,316,0,0.004027023
Warm C,499950,3069,3068,473,316,0,0.00530719
Warm C,487881,3001,3000,473,316,0,-0.0020559197
Warm C,860529,5173,5172,473,316,0,0.0028892206
Warm C,476343,2926,2925,473,316,0,-0.005220498
Warm C,472547,2907,2906,473,316,0,0.005548523
Warm C,463260,2857,2856,473,316,0,0.005789716
Warm C,462572,2854,2853,473,316,0,-0.0011765733
Warm C,487021,2996,2995,473,316,0,0.0002679932
Warm C,450829,2777,2776,473,316,0,0.0014750618
Warm C,430067,2621,2620,473,316,0,0.005943265
Warm C,423151,2565,2564,473,316,0,-0.004979865
Warm C,420458,2541,2540,473,316,1,-0.008329263
Warm C,412805,2484,2483,473,316,0,0.0062046945
Warm C,408663,2454,2453,473,316,0,-0.0023859916
Warm C,384098,2244,2243,473,316,0,0.01314864
Warm C,375568,2188,2187,473,316,0,0.0019916627
Warm C,382477,2235,2234,473,316,0,0.0026850663
Warm C,359369,2102,2101,473,316,0,0.00866794
Warm C,355955,2085,2084,473,316,0,0.00047480804
Warm C,351167,2062,2061,473,316,0,0.0058095227
Warm C,362993,2116,2115,473,316,0,0.0024198866
Warm C,436382,2665,2664,473,316,0,0.008653986
Warm C,351771,2063,2062,473,316,0,-0.005064059
Warm C,340615,2010,2009,473,316,0,0.008345733
Warm C,330283,1949,1948,473,316,0,0.009273098
Warm C,330522,1951,1950,473,316,0,-0.002436235
Warm C,281247,1687,1686,473,316,1,0.0032517249
Warm C,282614,1694,1693,473,316,0,0.0052018445
Warm C,265737,1613,1612,473,316,0,-0.0033418946
Warm C,261068,1596,1595,473,316,0,-0.0012196042
Warm C,309281,1841,1840,473,316,0,0.011134634
Warm C,315196,1880,1879,473,316,0,0.0046163164
Warm C,227114,1377,1376,473,316,0,-0.0033913068
Warm C,218807,1327,1326,473,316,0,-0.0032136925
Warm C,296441,1758,1757,473,316,0,-0.004128872
Warm C,277651,1676,1675,473,316,0,0.00464424
Warm C,272881,1647,1646,473,316,0,0.003572619
Warm C,213427,1298,1297,473,316,0,-0.006296169
Warm C,279142,1680,1679,473,316,0,0.0009148838
Warm C,193185,1193,1192,473,316,0,-0.00017528282
Warm C,219833,1333,1332,473,316,0,0.00095090736
Warm C,198616,1220,1219,473,316,0,0.007213808
Warm C,308585,1837,1836,473,316,0,-0.0026451866
Warm C,179570,1125,1124,473,316,0,0.0014937196
Warm C,163808,1050,1049,473,316,0,0.004201445
Warm C,164499,1051,1050,473,316,0,0.0033154418
Warm C,249232,1502,1501,473,316,0,-0.0058979504
Warm C,138213,889,888,473,316,0,0.0069868257
Warm C,136540,881,880,473,316,0,-0.0061183735
Warm C,248800,1501,1500,473,316,0,0.004208614
Warm C,263274,1605,1604,473,316,0,0.005904497
Warm C,120390,777,776,473,316,0,0.004591247
Warm C,160049,1019,1018,473,316,0,0.0045916876
Warm C,299606,1778,1777,473,316,0,0.0032891708
Warm C,106035,699,698,473,316,0,-0.0042020837
Warm C,100460,670,669,473,316,0,0.008692292
Warm C,91621,608,607,473,316,0,0.00117014
Warm C,360735,2106,2105,473,316,0,0.007790749
Warm C,77474,524,523,473,316,0,-0.00067752204
Warm C,119212,770,769,473,316,0,0.0120817935
Warm C,70758,476,475,473,316,0,0.0054865596
Warm C,87076,569,568,473,316,1,-0.008548702
Warm C,72002,482,481,473,316,0,0.009554382
Warm C,67423,453,452,473,316,0,-0.0020477553
Warm C,65329,438,437,473,316,1,-0.0146018695
Warm C,251137,1516,1515,473,316,0,0.012817977
Warm C,78437,528,527,473,316,0,0.0015217066
Warm C,58239,392,391,473,316,0,-0.0037151095
Warm C,36766,245,244,473,316,0,0.0061502047
Warm C,30120,202,201,473,316,0,-0.00040416094
Warm C,29359,199,198,473,316,1,-0.001690851
Warm C,291360,1737,1736,473,316,0,-0.006549213
Warm C,23277,166,165,473,316,0,0.0059628827
Warm C,3359,25,24,473,316,0,0.006195032
Warm C,2790,22,21,473,316,0,0.009044107
Warm C,49709,329,328,473,316,0,0.0036019755
Warm C,255505,1556,1555,473,316,0,-0.0021512741
Warm C,237866,1447,1446,473,316,0,0.009730084
Warm C,386053,2258,2257,473,316,0,-0.0016327848
Warm C,342432,2015,2014,473,316,1,0.010657586
Warm C,171585,1088,1087,473,316,0,0.0020944069
Warm C,750643,4478,4477,473,316,0,0.005107102
Warm C,331567,1958,1957,473,316,0,0.008751487
Warm C,924126,5580,5579,473,316,0,0.009282779
Warm C,907808,5492,5491,473,316,0,0.011798384
Warm C,893308,5394,5393,473,316,0,-0.0022736527
Warm C,473563,2909,2908,473,316,0,-0.0020345177
Warm C,328040,1941,1940,473,316,0,0.005504952
Warm C,234940,1425,1424,473,316,0,0.002099335
Warm C,589081,3592,3591,477,319,1,0.019856524
Warm C,583401,3562,3561,477,319,1,-0.0028886474
Warm C,580886,3547,3546,477,319,0,0.008135383
Warm C,579292,3539,3538,477,319,1,0.008423301
Warm C,558510,3430,3429,477,319,1,0.003368387
Warm C,577124,3526,3525,477,319,0,-0.00044459238
Warm C,547932,3380,3379,477,319,0,-0.0030402187
Warm C,535971,3308,3307,477,319,0,0.012716638
Warm C,535532,3305,3304,477,319,1,-0.0050584287
Warm C,525628,3246,3245,477,319,1,0.0030767475
Warm C,518461,3200,3199,477,319,0,0.00031003635
Warm C,514890,3180,3179,477,319,0,0.012364149
Warm C,658362,3967,3966,477,319,0,-0.0046494137
Warm C,508595,3129,3128,477,319,0,0.008822376
Warm C,500241,3072,3071,477,319,0,0.004806148
Warm C,499385,3067,3066,477,319,1,0.0025891438
Warm C,498767,3065,3064,477,319,1,0.00037882663
Warm C,799440,4790,4789,477,319,1,0.011660412
Warm C,494089,3032,3031,477,319,1,0.0074063726
Warm C,478047,2934,2933,477,319,0,0.0072546676
Warm C,477477,2931,2930,477,319,0,-5.326094e-05
Warm C,457884,2820,2819,477,319,0,0.0023558533
Warm C,492699,3029,3028,477,319,0,0.0035316383
Warm C,446840,2753,2752,477,319,1,0.006398213
Warm C,444082,2738,2737,477,319,1,-0.0006596688
Warm C,443803,2737,2736,477,319,0,0.003270312
Warm C,446385,2752,2751,477,319,0,0.00578608
Warm C,442216,2722,2721,477,319,0,0.0031791553
Warm C,697335,4169,4168,477,319,1,0.008870386
Warm C,429629,2617,2616,477,319,1,-0.007838434
Warm C,429127,2611,2610,477,319,1,0.002213394
Warm C,422613,2560,2559,477,319,1,-0.0056541204
Warm C,420222,2540,2539,477,319,1,0.011231937
Warm C,408191,2453,2452,477,319,1,0.0039279694
Warm C,464136,2860,2859,477,319,1,0.0012312927
Warm C,402285,2402,2401,477,319,0,0.0053439727
Warm C,398244,2368,2367,477,319,1,0.007768611
Warm C,413191,2485,2484,477,319,1,0.0039241603
Warm C,388607,2276,2275,477,319,0,-0.0043153
Warm C,387704,2266,2265,477,319,1,0.011909667
Warm C,383663,2242,2241,477,319,1,0.0021051574
Warm C,366152,2131,2130,477,319,0,-0.007547808
Warm C,362299,2112,2111,477,319,0,-0.004019893
Warm C,361605,2109,2108,477,319,0,0.010346673
Warm C,354075,2073,2072,477,319,1,0.00078187697
Warm C,345698,2028,2027,477,319,1,0.0021754233
Warm C,346978,2035,2034,477,319,0,0.00060945854
Warm C,398595,2372,2371,477,319,1,0.0027503492
Warm C,343103,2016,2015,477,319,1,-0.007390241
Warm C,333361,1968,1967,477,319,0,0.004958338
Warm C,315198,1880,1879,477,319,1,-0.0046426537
Warm C,310106,1845,1844,477,319,0,0.0012249076
Warm C,279144,1680,1679,477,319,1,0.0055107865
Warm C,268507,1631,1630,477,319,1,-0.0021059173
Warm C,264137,1607,1606,477,319,0,0.00045802514
Warm C,260645,1593,1592,477,319,0,0.007117751
Warm C,242780,1465,1464,477,319,1,0.0007619393
Warm C,332641,1962,1961,477,319,0,0.005068509
Warm C,236919,1440,1439,477,319,0,0.00996964
Warm C,231959,1407,1406,477,319,0,-0.0008045323
Warm C,231292,1400,1399,477,319,1,-0.005460484
Warm C,224150,1356,1355,477,319,0,0.008589482
Warm C,217999,1322,1321,477,319,0,-0.0042889444
Warm C,214311,1301,1300,477,319,1,0.012162589
Warm C,212055,1291,1290,477,319,0,0.005200465
Warm C,209754,1281,1280,477,319,1,-0.006173442
Warm C,272883,1647,1646,477,319,1,0.0061838436
Warm C,204022,1255,1254,477,319,1,-0.002267293
Warm C,252834,1532,1531,477,319,0,-0.00024737953
Warm C,308020,1836,1835,477,319,1,0.0002042033
Warm C,200989,1239,1238,477,319,0,0.008131505
Warm C,196481,1207,1206,477,319,0,0.0018993556
Warm C,213429,1298,1297,477,319,1,-0.00087768026
Warm C,342434,2015,2014,477,319,0,0.0006288523
Warm C,188083,1167,1166,477,319,1,-0.003404577
Warm C,185228,1150,1149,477,319,0,0.007886736
Warm C,331569,1958,1957,477,319,1,0.012917511
Warm C,263277,1605,1604,477,319,1,0.005358152
Warm C,328042,1941,1940,477,319,1,0.006282988
Warm C,330709,1952,1951,477,319,0,0.0030659693
Warm C,163811,1050,1049,477,319,0,-0.002401883
Warm C,160866,1022,1021,477,319,1,0.010236559
Warm C,162263,1034,1033,477,319,0,0.0094412165
Warm C,320053,1899,1898,477,319,1,2.4871435e-05
Warm C,338106,1988,1987,477,319,0,0.010076057
Warm C,148732,957,956,477,319,1,-0.0032246893
Warm C,324402,1922,1921,477,319,1,0.005999705
Warm C,199416,1224,1223,477,319,1,-0.00012846733
Warm C,138216,889,888,477,319,0,0.003317175
Warm C,131891,854,853,477,319,0,-0.00058863603
Warm C,124487,801,800,477,319,1,-0.00490661
Warm C,123876,798,797,477,319,1,0.00023093756
Warm C,114830,746,745,477,319,1,0.0029046426
Warm C,107320,706,705,477,319,0,0.0012071768
Warm C,101672,677,676,477,319,0,-0.0025010328
Warm C,452085,2784,2783,477,319,0,-0.0072045694
Warm C,90634,601,600,477,319,1,0.009479282
Warm C,80539,534,533,477,319,0,-0.0024172002
Warm C,238883,1448,1447,477,319,1,0.0025573329
Warm C,77477,524,523,477,319,1,0.0064697647
Warm C,52654,346,345,477,319,1,0.0062938165
Warm C,47753,319,318,477,319,0,-0.000112697715
Warm C,39411,267,266,477,319,0,-0.0020587957
Warm C,35991,243,242,477,319,0,-0.01181153
Warm C,33695,225,224,477,319,1,0.008473921
Warm C,30288,203,202,477,319,0,0.0067224335
Warm C,26587,187,186,477,319,0,-0.0019490409
Warm C,91956,611,610,477,319,1,-0.0065061003
Warm C,13888,111,110,477,319,1,-0.0039637038
Warm C,223510,1354,1353,477,319,1,-0.0022093912
Warm C,104288,692,691,477,319,1,0.00041957083
Warm C,206834,1266,1265,477,319,1,-0.004953059
Warm C,102202,678,677,477,319,1,-0.0043513766
Warm C,79368,531,530,477,319,0,0.009153482
Warm C,348002,2041,2040,477,319,1,0.0119185615
Warm C,158133,1015,1014,477,319,1,0.003646202
Warm C,354882,2077,2076,477,319,1,0.0048750252
Warm C,257627,1579,1578,477,319,1,0.007852007
Warm C,164501,1051,1050,477,319,1,0.004549229
Warm C,553904,3410,3409,477,319,0,0.0077487505
Warm C,558200,3428,3427,477,319,1,0.0057579055
Warm C,11711,90,89,477,319,0,0.005270576
Warm C,860308,5172,5171,477,319,1,0.0015871599
Warm C,582763,3560,3559,477,319,1,0.0035344698
Warm C,335846,1980,1979,477,319,1,0.003603191
Warm C,992959,5998,5997,477,319,0,0.007031374
Warm C,537891,3312,3311,477,319,0,-0.0079363035
Warm C,285288,1701,1700,477,319,1,0.004723595
Warm C,847216,5090,5089,477,319,0,0.0001730523
Warm C,217009,1317,1316,477,319,1,0.010555366
Warm C,739548,4418,4417,477,319,0,0.0021390095
Warm C,807269,4831,4830,477,319,0,0.012533415
Warm C,796300,4771,4770,477,319,1,0.0043899324
Warm C,193612,1194,1193,477,319,0,0.006683979
Warm C,974607,5878,5877,477,319,0,0.0031884988
Warm C,579293,3539,3538,479,320,1,0.0032712729
Warm C,570281,3499,3498,479,320,0,0.0022374
Warm C,584055,3564,3563,479,320,0,-0.003906459
Warm C,768344,4578,4577,479,320,1,-0.0006161475
Warm C,569184,3491,3490,479,320,0,-0.0047664954
Warm C,581315,3550,3549,479,320,0,0.006618861
Warm C,559082,3434,3433,479,320,0,0.0053774696
Warm C,556874,3422,3421,479,320,0,0.001633307
Warm C,549016,3389,3388,479,320,0,-0.0046812934
Warm C,550081,3391,3390,479,320,0,0.0009264883
Warm C,537100,3311,3310,479,320,0,-0.009556478
Warm C,532115,3285,3284,479,320,1,0.008055089
Warm C,528154,3265,3264,479,320,0,0.0007543785
Warm C,589873,3599,3598,479,320,0,0.0046006674
Warm C,520329,3209,3208,479,320,0,-0.0020825139
Warm C,486258,2994,2993,479,320,0,0.0051816693
Warm C,468400,2887,2886,479,320,1,-0.0016827583
Warm C,487023,2996,2995,479,320,1,-0.0029924882
Warm C,463262,2857,2856,479,320,0,0.005007947
Warm C,477478,2931,2930,479,320,0,-0.0013069932
Warm C,594806,3620,3619,479,320,0,-0.0011246016
Warm C,444642,2743,2742,479,320,1,0.00962838
Warm C,375089,2186,2185,479,320,1,0.002103875
Warm C,369897,2164,2163,479,320,1,0.009831794
Warm C,349859,2054,2053,479,320,0,0.008301869
Warm C,351775,2063,2062,479,320,0,0.0027499024
Warm C,340617,2010,2009,479,320,0,-0.0031063007
Warm C,315199,1880,1879,479,320,0,0.008500455
Warm C,297468,1764,1763,479,320,1,-0.0027663554
Warm C,303520,1803,1802,479,320,1,-0.0021232427
Warm C,292294,1741,1740,479,320,0,0.007109931
Warm C,288872,1726,1725,479,320,0,0.0021040933
Warm C,267946,1628,1627,479,320,0,0.0028899517
Warm C,360737,2106,2105,479,320,0,-0.0028413855
Warm C,247649,1496,1495,479,320,0,0.0009928822
Warm C,243226,1466,1465,479,320,0,-0.0033688007
Warm C,321273,1904,1903,479,320,0,0.006257268
Warm C,356822,2090,2089,479,320,0,0.0030814142
Warm C,233053,1418,1417,479,320,1,-0.0024458212
Warm C,320771,1902,1901,479,320,1,0.0070901886
Warm C,154848,999,998,479,320,0,0.007998114
Warm C,140680,904,903,479,320,0,-0.0016937443
Warm C,156816,1010,1009,479,320,0,0.011124687
Warm C,276925,1675,1674,479,320,0,0.0050325776
Warm C,136543,881,880,479,320,1,0.0013528864
Warm C,202469,1244,1243,479,320,0,0.004490999
Warm C,121511,781,780,479,320,0,0.0022398066
Warm C,120747,778,777,479,320,0,-0.0013644819
Warm C,107909,710,709,479,320,0,-0.002606806
Warm C,90928,602,601,479,320,0,-0.0015048462
Warm C,270877,1639,1638,479,320,1,-7.6634344e-05
Warm C,81638,543,542,479,320,0,0.0055172853
Warm C,77478,524,523,479,320,0,0.005939574
Warm C,86612,566,565,479,320,0,-0.005467342
Warm C,240016,1449,1448,479,320,0,-0.0031950492
Warm C,132435,855,854,479,320,0,0.015148891
Warm C,37602,256,255,479,320,0,-0.0007000307
Warm C,26024,184,183,479,320,0,-0.0007842255
Warm C,234941,1425,1424,479,320,1,-0.0040081176
Warm C,25726,181,180,479,320,1,0.0031269179
Warm C,22730,163,162,479,320,0,0.0056298696
Warm C,697337,4169,4168,479,320,0,0.0018675867
Warm C,198401,1219,1218,479,320,0,0.0013513872
Warm C,354883,2077,2076,479,320,0,-9.9080615e-05
Warm C,237869,1447,1446,479,320,1,-0.0040433835
Warm C,572096,3507,3506,479,320,0,0.005961797
Warm C,328043,1941,1940,479,320,1,-0.0036538718
Warm C,266394,1616,1615,479,320,0,0.007643344
Warm C,145787,937,936,479,320,1,-0.0008729992
Warm C,599224,3648,3647,479,320,0,0.0023977396
Warm C,460281,2840,2839,479,320,0,-0.007507354
Warm C,933864,5636,5635,479,320,0,0.008846254
Warm C,62882,424,423,479,320,0,0.00045275595
Warm C,593794,3618,3617,482,323,0,0.002389033
Warm C,592591,3612,3611,482,323,0,-0.002081397
Warm C,589766,3598,3597,482,323,0,-0.00096240244
Warm C,598596,3643,3642,482,323,1,0.00050083734
Warm C,588811,3591,3590,482,323,1,0.009156943
Warm C,585278,3574,3573,482,323,1,0.012400011
Warm C,584684,3569,3568,482,323,1,0.006657451
Warm C,576535,3524,3523,482,323,1,-0.0036696822
Warm C,872660,5269,5268,482,323,0,0.0064883432
Warm C,588447,3590,3589,482,323,1,-0.0073505044
Warm C,579301,3539,3538,482,323,1,-0.0043804804
Warm C,607116,3685,3684,482,323,1,-0.0032527451
Warm C,574097,3514,3513,482,323,1,-0.003471966
Warm C,572105,3507,3506,482,323,1,0.0012760649
Warm C,568315,3487,3486,482,323,1,-0.001076707
Warm C,553585,3409,3408,482,323,1,-0.0025945576
Warm C,547374,3377,3376,482,323,0,0.0027794149
Warm C,645255,3885,3884,482,323,1,0.0019941148
Warm C,552939,3402,3401,482,323,0,0.004845311
Warm C,530482,3277,3276,482,323,1,0.0030518332
Warm C,525895,3249,3248,482,323,1,-0.0006771828
Warm C,528163,3265,3264,482,323,0,-0.000984608
Warm C,514897,3180,3179,482,323,0,-0.0022986159
Warm C,515456,3182,3181,482,323,1,-0.001628649
Warm C,514034,3172,3171,482,323,0,-0.0063559376
Warm C,513495,3167,3166,482,323,1,0.0031808729
Warm C,805925,4823,4822,482,323,0,0.0021871051
Warm C,507982,3126,3125,482,323,1,0.004258651
Warm C,507222,3121,3120,482,323,1,0.009443133
Warm C,501755,3081,3080,482,323,1,-0.000871683
Warm C,575801,3520,3519,482,323,0,0.0033493354
Warm C,482697,2967,2966,482,323,0,0.005421333
Warm C,480115,2946,2945,482,323,1,-0.0018627598
Warm C,471628,2901,2900,482,323,1,0.0030652701
Warm C,478443,2935,2934,482,323,0,0.0059123714
Warm C,467527,2881,2880,482,323,1,0.006765188
Warm C,463276,2857,2856,482,323,0,-0.0053149024
Warm C,457336,2818,2817,482,323,1,-0.006746605
Warm C,443809,2737,2736,482,323,1,0.0026142993
Warm C,446389,2752,2751,482,323,1,0.0077742287
Warm C,438597,2680,2679,482,323,0,0.0040051765
Warm C,434769,2653,2652,482,323,0,-0.007818791
Warm C,431026,2627,2626,482,323,0,-0.0032618556
Warm C,428262,2605,2604,482,323,1,-0.004128153
Warm C,426462,2590,2589,482,323,0,0.002284776
Warm C,423731,2567,2566,482,323,0,0.009458797
Warm C,420974,2544,2543,482,323,0,-7.618114e-05
Warm C,417809,2523,2522,482,323,1,0.0020787902
Warm C,413974,2490,2489,482,323,1,0.0038198335
Warm C,413724,2489,2488,482,323,0,-0.0036093858
Warm C,411741,2473,2472,482,323,0,0.0034793438
Warm C,411047,2466,2465,482,323,1,-0.0027954136
Warm C,409602,2457,2456,482,323,0,0.00066266116
Warm C,407256,2446,2445,482,323,1,-0.0035930458
Warm C,388949,2279,2278,482,323,1,0.008643083
Warm C,392872,2307,2306,482,323,1,0.0024157926
Warm C,379190,2215,2214,482,323,1,0.0018627646
Warm C,378365,2208,2207,482,323,0,0.0049090614
Warm C,358488,2098,2097,482,323,0,0.0072830264
Warm C,351792,2063,2062,482,323,0,0.003447175
Warm C,298082,1767,1766,482,323,0,0.0069919797
Warm C,296041,1757,1756,482,323,1,0.0009778189
Warm C,282620,1694,1693,482,323,0,-0.0008399874
Warm C,274376,1658,1657,482,323,0,-0.0032152745
Warm C,265745,1613,1612,482,323,0,0.0058550164
Warm C,264138,1607,1606,482,323,0,0.005830707
Warm C,333366,1968,1967,482,323,0,0.0010429808
Warm C,251333,1517,1516,482,323,0,-0.0018290114
Warm C,231097,1399,1398,482,323,1,0.004301927
Warm C,296447,1758,1757,482,323,1,-0.00086663454
Warm C,210905,1285,1284,482,323,0,0.0043190653
Warm C,205780,1264,1263,482,323,0,0.0017147239
Warm C,210131,1284,1283,482,323,0,0.00013340567
Warm C,185238,1150,1149,482,323,1,-0.0052689663
Warm C,307407,1835,1834,482,323,1,-0.0008746865
Warm C,204554,1260,1259,482,323,0,0.0026680452
Warm C,411776,2474,2473,482,323,0,-0.0004876078
Warm C,183984,1146,1145,482,323,0,0.00016289344
Warm C,160057,1019,1018,482,323,0,-0.0044752546
Warm C,159239,1017,1016,482,323,1,0.0018757292
Warm C,156830,1010,1009,482,323,0,0.0014459864
Warm C,233394,1420,1419,482,323,1,-0.0017706292
Warm C,116167,752,751,482,323,1,0.0007296061
Warm C,100152,669,668,482,323,0,0.0015211459
Warm C,240029,1449,1448,482,323,0,-0.001035314
Warm C,107920,710,709,482,323,1,0.00518755
Warm C,110795,721,720,482,323,0,0.0035826452
Warm C,91625,608,607,482,323,0,-0.0030755934
Warm C,77486,524,523,482,323,0,0.0024022493
Warm C,70155,474,473,482,323,1,-0.0065163993
Warm C,72010,482,481,482,323,0,0.0004744043
Warm C,74808,509,508,482,323,0,0.0013626576
Warm C,501272,3080,3079,482,323,0,-0.0017306248
Warm C,55742,368,367,482,323,1,-0.0019073595
Warm C,32389,216,215,482,323,0,0.008751987
Warm C,20260,149,148,482,323,1,0.005128002
Warm C,290178,1733,1732,482,323,0,-0.0060983687
Warm C,11007,81,80,482,323,0,-0.0018508646
Warm C,8018,53,52,482,323,1,0.001505729
Warm C,104296,692,691,482,323,1,-0.0036153977
Warm C,109790,716,715,482,323,1,0.004748706
Warm C,267949,1628,1627,482,323,0,0.001609896
Warm C,481799,2962,2961,482,323,0,0.0023301737
Warm C,158144,1015,1014,482,323,0,0.0006942797
Warm C,154340,996,995,482,323,0,-3.053341e-05
Warm C,140685,904,903,482,323,1,0.0008802046
Warm C,129383,839,838,482,323,1,0.00014786003
Warm C,265067,1611,1610,482,323,1,0.0041838647
Warm C,317686,1889,1888,482,323,1,0.0045476826
Warm C,195416,1203,1202,482,323,0,0.0031051869
Warm C,470731,2898,2897,482,323,1,-0.004519664
Warm C,983123,5938,5937,482,323,1,-0.010653727
Warm C,893313,5394,5393,482,323,1,-0.0004864768
Warm C,718907,4305,4304,482,323,1,0.009581828
Warm C,62896,424,423,482,323,0,0.004759836
Warm C,550092,3391,3390,482,323,0,0.00014394592
Warm C,211668,1287,1286,483,324,1,-0.006347519
Warm C,223517,1354,1353,483,324,1,0.010427213
Warm C,158146,1015,1014,483,324,1,-0.0009219488
Warm C,241860,1457,1456,483,324,1,0.0028654533
Warm C,160059,1019,1018,483,324,0,0.011903599
Warm C,42916,293,292,483,324,1,-7.843459e-05
Warm C,360746,2106,2105,483,324,1,0.0038607763
Warm C,50406,331,330,483,324,1,-0.0011596931
Warm C,319322,1897,1896,483,324,0,0.001158875
Warm C,476346,2926,2925,483,324,0,-0.0037115742
Warm C,322334,1912,1911,483,324,0,0.0031749723
Warm C,194828,1202,1201,483,324,1,0.0024965624
Warm C,59994,408,407,483,324,1,-0.011628283
Warm C,550094,3391,3390,483,324,1,0.0013565265
Warm C,699961,4186,4185,486,326,0,0.007387369
Warm C,52265,343,342,486,326,1,0.01170183
Warm C,171595,1088,1087,486,326,0,0.0130294375
Warm C,877517,5302,5301,486,326,0,0.0011883448
Warm C,473582,2909,2908,487,327,0,0.009021109
Warm C,136556,881,880,487,327,0,0.0025970042
Warm C,189358,1173,1172,489,328,0,0.019886829
Warm C,156833,1010,1009,489,328,0,0.012494305
Warm C,125415,807,806,489,328,0,0.0028137872
Warm C,121516,781,780,489,328,0,0.009193959
Warm C,111180,722,721,489,328,0,0.014253067
Warm C,441947,2718,2717,489,328,0,0.00037021225
Warm C,697346,4169,4168,489,328,0,0.018305141
Warm C,360749,2106,2105,489,328,0,0.010098707
Warm C,291377,1737,1736,489,328,0,0.010820896
Warm C,190872,1181,1180,489,328,0,0.02371534
Warm C,84133,550,549,489,328,0,0.009473223
Warm C,238895,1448,1447,489,328,1,0.014345709
Warm C,67431,453,452,489,328,0,0.0005179015
Warm C,132444,855,854,489,328,0,0.016067907
Warm C,784449,4682,4681,489,328,1,0.012421356
Warm C,32392,216,215,489,328,0,0.00026664173
Warm C,31597,214,213,489,328,0,0.008458829
Warm C,240033,1449,1448,489,328,0,0.019061284
Warm C,368353,2153,2152,489,328,0,0.004499975
Warm C,6421,45,44,489,328,0,0.0036011233
Warm C,78443,528,527,489,328,0,0.0078599565
Warm C,354892,2077,2076,489,328,1,0.014458386
Warm C,333821,1969,1968,489,328,0,0.0039044851
Warm C,272172,1645,1644,489,328,1,0.009170918
Warm C,102215,678,677,489,328,0,0.013468331
Warm C,964463,5812,5811,489,328,0,0.012908711
Warm C,331577,1958,1957,489,328,0,0.004519396
Warm C,689840,4126,4125,489,328,0,0.012737624
Warm C,889251,5367,5366,489,328,0,0.017492168
Warm C,562558,3462,3461,489,328,0,0.00885246
Warm C,335859,1980,1979,489,328,0,0.016132168
Warm C,328066,1941,1940,489,328,0,0.017591622
Warm C,272898,1647,1646,489,328,0,0.012838623
Warm C,178096,1120,1119,489,328,0,0.007821526
Warm C,771869,4600,4599,489,328,0,0.0028767772
Warm C,550097,3391,3390,489,328,0,0.011209515
Warm C,62172,419,418,489,328,0,0.0042395755
Warm C,550110,3391,3390,490,329,1,0.0038972532
Warm C,539187,3315,3314,490,329,1,0.007056004
Warm C,535988,3308,3307,490,329,0,0.0095881475
Warm C,542203,3336,3335,490,329,0,0.006808583
Warm C,532129,3285,3284,490,329,1,0.0023181126
Warm C,526749,3259,3258,490,329,0,0.00269904
Warm C,883380,5333,5332,490,329,1,0.0018662243
Warm C,688055,4116,4115,490,329,1,0.0023894391
Warm C,521434,3217,3216,490,329,0,0.009134144
Warm C,522532,3224,3223,490,329,0,0.009204891
Warm C,507752,3125,3124,490,329,1,0.0032688293
Warm C,503251,3091,3090,490,329,1,0.009303004
Warm C,499404,3067,3066,490,329,1,0.004437608
Warm C,494116,3032,3031,490,329,1,0.004353697
Warm C,718910,4305,4304,490,329,1,0.003027657
Warm C,487892,3001,3000,490,329,0,0.006025322
Warm C,485032,2986,2985,490,329,0,0.0113020055
Warm C,880126,5317,5316,490,329,1,0.0049446
Warm C,457908,2820,2819,490,329,0,0.003209506
Warm C,453044,2790,2789,490,329,1,0.00845631
Warm C,450846,2777,2776,490,329,1,0.004257695
Warm C,431635,2629,2628,490,329,1,0.0066939364
Warm C,420225,2540,2539,490,329,1,-0.005325608
Warm C,402990,2406,2405,490,329,1,0.0021219
Warm C,400760,2387,2386,490,329,0,-0.008221284
Warm C,382858,2237,2236,490,329,1,-0.0003189016
Warm C,379191,2215,2214,490,329,0,0.0017060583
Warm C,377804,2205,2204,490,329,0,0.009946009
Warm C,373181,2179,2178,490,329,0,0.001773272
Warm C,363013,2116,2115,490,329,0,0.0076425197
Warm C,358493,2098,2097,490,329,0,0.0027671466
Warm C,351808,2063,2062,490,329,0,0.0057257717
Warm C,343633,2018,2017,490,329,1,0.0018407505
Warm C,344603,2022,2021,490,329,1,0.0011131661
Warm C,360057,2105,2104,490,329,0,0.011927493
Warm C,565566,3475,3474,490,329,1,0.0056302766
Warm C,210921,1285,1284,490,329,0,0.008246343
Warm C,279194,1680,1679,490,329,0,0.006279894
Warm C,185257,1150,1149,490,329,0,0.00031543453
Warm C,183989,1146,1145,490,329,0,-0.0007407372
Warm C,163821,1050,1049,490,329,0,0.0031339491
Warm C,320072,1899,1898,490,329,1,0.008517967
Warm C,221321,1340,1339,490,329,0,0.0043856967
Warm C,267956,1628,1627,490,329,1,6.621005e-05
Warm C,348012,2041,2040,490,329,0,0.016772004
Warm C,146097,939,938,490,329,0,-0.0010248609
Warm C,145340,935,934,490,329,1,0.0061638993
Warm C,225238,1362,1361,490,329,1,0.00824585
Warm C,138257,889,888,490,329,0,0.006578114
Warm C,266634,1617,1616,490,329,1,0.0038445366
Warm C,202482,1244,1243,490,329,0,-0.00140343
Warm C,132825,856,855,490,329,0,-0.0022375784
Warm C,233400,1420,1419,490,329,0,0.0031523535
Warm C,131901,854,853,490,329,1,0.005360801
Warm C,374817,2185,2184,490,329,0,0.0067521976
Warm C,332645,1962,1961,490,329,0,-0.0018324128
Warm C,128167,829,828,490,329,1,0.004970789
Warm C,349281,2050,2049,490,329,1,0.00026148185
Warm C,153030,984,983,490,329,0,0.002520166
Warm C,109283,714,713,490,329,1,0.0042247605
Warm C,379005,2213,2212,490,329,1,0.005044404
Warm C,117489,757,756,490,329,1,0.0034772512
Warm C,107932,710,709,490,329,0,0.008244008
Warm C,100159,669,668,490,329,0,0.004302228
Warm C,99725,666,665,490,329,0,0.00807344
Warm C,98806,660,659,490,329,0,0.0022915183
Warm C,97533,654,653,490,329,0,0.0049180137
Warm C,110803,721,720,490,329,1,0.014965756
Warm C,92421,618,617,490,329,0,-0.003653594
Warm C,697355,4169,4168,490,329,1,0.008475243
Warm C,480122,2946,2945,490,329,0,-0.007677951
Warm C,92052,612,611,490,329,0,-0.0021506157
Warm C,320779,1902,1901,490,329,0,0.003907371
Warm C,83099,549,548,490,329,1,-0.0036741279
Warm C,190888,1181,1180,490,329,0,-0.00025332347
Warm C,77498,524,523,490,329,1,0.0078010135
Warm C,238907,1448,1447,490,329,1,-0.0039141607
Warm C,68712,461,460,490,329,1,0.012679331
Warm C,74815,509,508,490,329,1,-0.0011768425
Warm C,404150,2415,2414,490,329,0,-0.00012815115
Warm C,47799,319,318,490,329,0,0.0076071965
Warm C,582968,3561,3560,490,329,1,0.004157803
Warm C,338120,1988,1987,490,329,1,0.00304659
Warm C,254364,1546,1545,490,329,1,0.0016383292
Warm C,55757,368,367,490,329,1,-8.160609e-05
Warm C,36822,245,244,490,329,1,0.0019998832
Warm C,181988,1137,1136,490,329,1,0.007904351
Warm C,31303,211,210,490,329,1,0.005441664
Warm C,23367,167,166,490,329,0,-0.002378339
Warm C,947732,5722,5721,490,329,0,0.01194452
Warm C,21339,156,155,490,329,1,0.0073448317
Warm C,18284,141,140,490,329,1,0.0015079029
Warm C,15969,125,124,490,329,1,0.008050397
Warm C,290185,1733,1732,490,329,0,0.0023918194
Warm C,5516,38,37,490,329,0,0.010405934
Warm C,382002,2232,2231,490,329,0,0.0023843078
Warm C,206844,1266,1265,490,329,1,0.004940566
Warm C,481808,2962,2961,490,329,0,-0.0015956056
Warm C,158162,1015,1014,490,329,0,0.010078289
Warm C,250392,1509,1508,490,329,0,0.004590012
Warm C,50427,331,330,490,329,0,0.004592254
Warm C,743167,4445,4444,490,329,0,0.0090585165
Warm C,354899,2077,2076,490,329,0,-0.005664183
Warm C,453718,2793,2792,490,329,1,0.002934201
Warm C,575803,3520,3519,490,329,0,0.012892166
Warm C,150578,970,969,490,329,0,-0.0005675703
Warm C,76358,518,517,490,329,1,0.008724382
Warm C,844317,5074,5073,490,329,0,0.0030607414
Warm C,310666,1851,1850,490,329,0,0.0036387774
Warm C,293744,1748,1747,490,329,1,0.0098684225
Warm C,365746,2129,2128,490,329,0,0.0033486392
Warm C,460668,2841,2840,490,329,1,0.008611363
Warm C,169917,1079,1078,490,329,0,0.0029484704
Warm C,164526,1051,1050,490,329,0,0.012795942
Warm C,265074,1611,1610,490,329,0,0.009332759
Warm C,51599,338,337,490,329,1,0.0019509508
Warm C,317695,1889,1888,490,329,0,-0.002239508
Warm C,79379,531,530,490,329,0,0.010762307
Warm C,328082,1941,1940,490,329,0,0.008767694
Warm C,609643,3695,3694,490,329,0,0.0032032134
Warm C,331585,1958,1957,490,329,0,0.0065345867
Warm C,473594,2909,2908,490,329,1,0.011557424
Warm C,322340,1912,1911,490,329,0,0.008672467
Warm C,116177,752,751,490,329,0,0.0036223687
Warm C,790743,4728,4727,490,329,0,0.0058989795
Warm C,206069,1264,1263,501,336,1,0.0062275426
Warm C,308197,1836,1835,501,336,1,0.010661522
Warm C,185773,1150,1149,501,336,1,0.008095461
Warm C,307705,1835,1834,501,336,1,0.0011716189
Warm C,201793,1242,1241,501,336,1,-0.0037508425
Warm C,169665,1077,1076,501,336,0,-0.006236149
Warm C,168682,1069,1068,501,336,1,0.0036911797
Warm C,330821,1952,1951,501,336,1,0.008823012
Warm C,138807,889,888,501,336,0,0.007436577
Warm C,133484,862,861,501,336,0,-0.0037238174
Warm C,200155,1228,1227,501,336,0,0.0035456573
Warm C,111929,728,727,501,336,0,-0.0036802678
Warm C,107385,706,705,501,336,0,-0.0017249361
Warm C,101003,673,672,501,336,1,-1.1357013e-05
Warm C,528579,3266,3265,501,336,1,0.0019352383
Warm C,89653,590,589,501,336,1,0.0036055015
Warm C,33609,225,224,501,336,0,0.004763612
Warm C,199903,1227,1226,501,336,1,0.0031726484
Warm C,431209,2627,2626,501,336,0,0.008599537
Warm C,152539,981,980,501,336,0,0.006193448
Warm C,274728,1660,1659,501,336,1,0.0018981046
Warm C,7882,53,52,501,336,1,-0.005124592
Warm C,272,5,4,501,336,0,-0.0038614667
Warm C,421232,2544,2543,501,336,0,-0.00012750179
Warm C,158655,1015,1014,501,336,0,-0.0029570702
Warm C,129691,839,838,501,336,0,0.0044293404
Warm C,23814,169,168,501,336,0,0.0101034995
Warm C,322694,1912,1911,501,336,0,0.010322566
Warm C,561964,3457,3456,501,336,0,-0.00037794374
Warm C,497411,3054,3053,501,336,1,0.00025138864
Warm C,290532,1733,1732,501,336,1,0.0037286906
Warm C,187815,1164,1163,501,336,0,-0.0014590556
Warm C,821759,4940,4939,501,336,0,0.0033196774
Warm C,790875,4728,4727,501,336,1,-0.0026460486
Warm C,536276,3308,3307,502,337,0,0.017651012
Warm C,544164,3353,3352,502,337,0,0.016508773
Warm C,531278,3280,3279,502,337,0,0.011534663
Warm C,520430,3209,3208,502,337,0,0.0139901955
Warm C,517123,3191,3190,502,337,0,0.010434005
Warm C,502283,3082,3081,502,337,0,0.014633535
Warm C,575581,3519,3518,502,337,0,0.028652038
Warm C,494506,3032,3031,502,337,0,0.011814386
Warm C,486416,2994,2993,502,337,0,0.0076504913
Warm C,478290,2934,2933,502,337,0,0.013436611
Warm C,472880,2907,2906,502,337,0,0.023485461
Warm C,474093,2909,2908,502,337,0,0.005987876
Warm C,487214,2996,2995,502,337,0,0.0071266023
Warm C,456610,2810,2809,502,337,0,0.013615078
Warm C,560042,3441,3440,502,337,0,0.016922118
Warm C,430202,2621,2620,502,337,0,0.018207908
Warm C,373595,2180,2179,502,337,0,0.008462975
Warm C,370089,2164,2163,502,337,0,0.017523006
Warm C,367356,2144,2143,502,337,1,0.009079706
Warm C,366283,2131,2130,502,337,0,0.014569182
Warm C,361917,2109,2108,502,337,0,0.02428941
Warm C,340934,2010,2009,502,337,0,0.017915597
Warm C,341819,2012,2011,502,337,0,0.015736066
Warm C,337229,1983,1982,502,337,0,0.017649382
Warm C,297728,1764,1763,502,337,1,0.014769279
Warm C,303637,1803,1802,502,337,0,0.016927103
Warm C,289035,1726,1725,502,337,0,0.017603926
Warm C,274538,1658,1657,502,337,1,0.026361154
Warm C,262371,1600,1599,502,337,0,0.012121871
Warm C,309379,1841,1840,502,337,0,0.008847278
Warm C,361116,2106,2105,502,337,0,0.009231582
Warm C,236252,1433,1432,502,337,0,0.00051523745
Warm C,301876,1793,1792,502,337,0,0.010773754
Warm C,356923,2090,2089,502,337,1,0.014282888
Warm C,376476,2195,2194,502,337,1,0.011962084
Warm C,233198,1418,1417,502,337,0,0.005073236
Warm C,224343,1356,1355,502,337,0,0.009718454
Warm C,278000,1676,1675,502,337,0,0.016683213
Warm C,279922,1680,1679,502,337,0,0.01889082
Warm C,213688,1298,1297,502,337,0,0.013638216
Warm C,328707,1941,1940,502,337,0,0.020583512
Warm C,191442,1181,1180,502,337,0,0.020778881
Warm C,235704,1426,1425,502,337,0,0.009986443
Warm C,173382,1099,1098,502,337,0,0.011682049
Warm C,170159,1083,1082,502,337,1,0.0023976169
Warm C,172982,1096,1095,502,337,0,0.0127853835
Warm C,227718,1380,1379,502,337,0,0.0106644705
Warm C,342806,2015,2014,502,337,0,0.01438864
Warm C,156056,1004,1003,502,337,0,0.010238624
Warm C,164855,1051,1050,502,337,0,0.018317413
Warm C,157241,1010,1009,502,337,0,0.013017225
Warm C,277168,1675,1674,502,337,0,0.015533844
Warm C,145634,936,935,502,337,0,0.015263296
Warm C,263690,1605,1604,502,337,0,0.0135130435
Warm C,126740,817,816,502,337,0,0.009346984
Warm C,121609,781,780,502,337,0,0.008209093
Warm C,115004,746,745,502,337,0,0.012857305
Warm C,114570,744,743,502,337,0,0.013484634
Warm C,104766,694,693,502,337,0,0.004273421
Warm C,480301,2946,2945,502,337,0,0.02330872
Warm C,299815,1778,1777,502,337,0,0.021966234
Warm C,239325,1448,1447,502,337,0,0.0100868065
Warm C,119530,770,769,502,337,0,0.01141024
Warm C,68884,461,460,502,337,0,0.020486657
Warm C,75092,509,508,502,337,0,0.006534763
Warm C,408792,2454,2453,502,337,0,0.01225515
Warm C,53957,352,351,502,337,0,0.013111409
Warm C,334057,1969,1968,502,337,0,0.015180529
Warm C,46303,309,308,502,337,0,0.013974389
Warm C,46511,310,309,502,337,0,0.0062196804
Warm C,38068,260,259,502,337,0,-0.00533171
Warm C,538188,3312,3311,502,337,0,0.013762264
Warm C,627088,3792,3791,502,337,0,0.018467253
Warm C,29292,199,198,502,337,0,0.01903719
Warm C,291696,1737,1736,502,337,0,0.017058495
Warm C,31247,210,209,502,337,1,0.005141993
Warm C,22657,163,162,502,337,0,0.014764681
Warm C,19553,148,147,502,337,0,0.008290462
Warm C,12362,93,92,502,337,0,0.013683526
Warm C,27299,192,191,502,337,0,0.010387296
Warm C,10552,75,74,502,337,0,0.00932076
Warm C,389508,2282,2281,502,337,0,0.011423978
Warm C,198497,1219,1218,502,337,0,0.013090421
Warm C,40075,271,270,502,337,0,0.012678561
Warm C,78685,528,527,502,337,0,0.021181125
Warm C,829263,4979,4978,502,337,0,0.028475823
Warm C,682764,4085,4084,502,337,0,0.015292755
Warm C,102637,678,677,502,337,0,0.007007187
Warm C,331931,1958,1957,502,337,0,0.01725644
Warm C,599476,3648,3647,502,337,0,0.011883066
Warm C,581441,3550,3549,502,337,0,0.01634888
Warm C,700069,4186,4185,502,337,0,0.024391849
Warm C,877563,5302,5301,502,337,0,0.009107581
Warm C,193903,1194,1193,502,337,0,0.025714427
Warm C,273270,1647,1646,502,337,0,0.021993008
Warm C,669213,4022,4021,504,338,0,0.012382587
Warm C,667704,4016,4015,504,338,1,0.008557124
Warm C,714175,4277,4276,504,338,1,0.007228483
Warm C,651641,3929,3928,504,338,0,0.008573794
Warm C,666042,4007,4006,504,338,0,0.014651648
Warm C,702672,4213,4212,504,338,1,0.01078169
Warm C,641155,3853,3852,504,338,1,0.00079923845
Warm C,641927,3859,3858,504,338,1,0.013684681
Warm C,664266,3999,3998,504,338,0,0.004549515
Warm C,638580,3841,3840,504,338,1,-0.0026749917
Warm C,618415,3746,3745,504,338,1,0.015826972
Warm C,623554,3771,3770,504,338,0,0.009682958
Warm C,615390,3726,3725,504,338,0,0.019334793
Warm C,613037,3715,3714,504,338,1,0.005994527
Warm C,654360,3942,3941,504,338,0,0.010114403
Warm C,598694,3643,3642,504,338,1,0.021209247
Warm C,605035,3678,3677,504,338,0,0.0100145405
Warm C,555965,3416,3415,504,338,0,0.0032808874
Warm C,549268,3389,3388,504,338,0,0.006380129
Warm C,904457,5468,5467,504,338,0,-0.0016740831
Warm C,537488,3311,3310,504,338,0,0.013643717
Warm C,531791,3283,3282,504,338,1,0.012030112
Warm C,517127,3191,3190,504,338,0,0.013782999
Warm C,589955,3599,3598,504,338,1,0.009957791
Warm C,500909,3077,3076,504,338,1,0.010303904
Warm C,498020,3056,3055,504,338,0,0.009145614
Warm C,633624,3824,3823,504,338,0,0.01658026
Warm C,486419,2994,2993,504,338,0,0.005355046
Warm C,484494,2983,2982,504,338,1,0.013788702
Warm C,472885,2907,2906,504,338,1,0.022545537
Warm C,591314,3607,3606,504,338,0,0.012582425
Warm C,487217,2996,2995,504,338,0,0.010613505
Warm C,451191,2777,2776,504,338,0,-0.0065094917
Warm C,445016,2744,2743,504,338,1,-0.0010221959
Warm C,564737,3471,3470,504,338,0,0.012843329
Warm C,424830,2576,2575,504,338,0,0.0030883378
Warm C,426620,2590,2589,504,338,0,0.005376011
Warm C,422855,2562,2561,504,338,1,0.0125507135
Warm C,408428,2453,2452,504,338,0,0.0081223715
Warm C,392523,2304,2303,504,338,1,0.006219664
Warm C,386744,2261,2260,504,338,0,0.0044868626
Warm C,376869,2200,2199,504,338,0,0.0151748555
Warm C,370805,2167,2166,504,338,0,0.004418641
Warm C,358648,2098,2097,504,338,0,0.0029561673
Warm C,356557,2088,2087,504,338,0,0.006532917
Warm C,340937,2010,2009,504,338,0,0.008564558
Warm C,333545,1968,1967,504,338,0,0.012543958
Warm C,305955,1820,1819,504,338,0,0.007734129
Warm C,305527,1817,1816,504,338,0,0.008412845
Warm C,297733,1764,1763,504,338,1,0.016703608
Warm C,296206,1757,1756,504,338,0,0.012074405
Warm C,303640,1803,1802,504,338,0,0.0049404236
Warm C,292557,1741,1740,504,338,0,0.01949949
Warm C,289038,1726,1725,504,338,0,0.0034984543
Warm C,268389,1630,1629,504,338,0,0.008801321
Warm C,266731,1617,1616,504,338,0,0.014805651
Warm C,266079,1613,1612,504,338,0,0.0065005706
Warm C,303132,1800,1799,504,338,0,0.0075747184
Warm C,253610,1542,1541,504,338,0,0.0011971458
Warm C,244771,1473,1472,504,338,0,0.014902137
Warm C,283305,1696,1695,504,338,1,0.008225015
Warm C,232189,1408,1407,504,338,0,0.008876325
Warm C,227333,1377,1376,504,338,0,0.009235695
Warm C,221932,1342,1341,504,338,1,0.008265169
Warm C,267337,1624,1623,504,338,0,0.014178354
Warm C,220047,1333,1332,504,338,0,0.0021346537
Warm C,278006,1676,1675,504,338,0,0.006476681
Warm C,206074,1264,1263,504,338,0,0.017216746
Warm C,303941,1805,1804,504,338,1,0.0061093573
Warm C,320888,1902,1901,504,338,0,0.0037582503
Warm C,186989,1159,1158,504,338,0,-0.0020218214
Warm C,177700,1119,1118,504,338,0,0.019165915
Warm C,191992,1182,1181,504,338,0,0.013617283
Warm C,164056,1050,1049,504,338,0,0.0073517943
Warm C,275730,1667,1666,504,338,0,0.011036822
Warm C,155021,999,998,504,338,0,0.020247543
Warm C,225325,1362,1361,504,338,0,0.005481873
Warm C,157246,1010,1009,504,338,0,0.005246541
Warm C,138815,889,888,504,338,0,-0.0015471366
Warm C,136934,881,880,504,338,0,0.0084330905
Warm C,135855,877,876,504,338,0,0.0132650025
Warm C,202694,1244,1243,504,338,0,0.010467567
Warm C,131510,851,850,504,338,1,0.0072943317
Warm C,352341,2063,2062,504,338,0,0.015896767
Warm C,126742,817,816,504,338,0,0.014421915
Warm C,120817,778,777,504,338,0,0.00905006
Warm C,106316,699,698,504,338,0,0.009894861
Warm C,97410,652,651,504,338,0,0.0011345379
Warm C,90999,602,601,504,338,0,0.005370251
Warm C,308924,1837,1836,504,338,1,0.01234994
Warm C,86258,563,562,504,338,0,0.0059513524
Warm C,81918,543,542,504,338,1,0.0121663585
Warm C,77882,524,523,504,338,1,0.0064587705
Warm C,68887,461,460,504,338,1,0.007576431
Warm C,66663,445,444,504,338,0,0.0063293045
Warm C,76028,516,515,504,338,0,0.012940318
Warm C,53962,352,351,504,338,0,0.022105481
Warm C,44702,302,301,504,338,0,0.0042062774
Warm C,697779,4169,4168,504,338,0,0.007797293
Warm C,36646,245,244,504,338,0,0.00824951
Warm C,31249,210,209,504,338,0,0.0037493275
Warm C,27303,192,191,504,338,0,0.009165449
Warm C,364391,2122,2121,504,338,0,0.002917775
Warm C,552645,3401,3400,504,338,1,0.0063689854
Warm C,432877,2638,2637,504,338,1,0.008911093
Warm C,238272,1447,1446,504,338,1,0.017545218
Warm C,572480,3507,3506,504,338,0,0.005665047
Warm C,109952,716,715,504,338,1,0.0129878
Warm C,51521,338,337,504,338,1,0.007264344
Warm C,342811,2015,2014,504,338,0,0.0067969076
Warm C,689987,4126,4125,504,338,1,0.009329773
Warm C,328713,1941,1940,504,338,0,0.010661059
Warm C,454032,2793,2792,504,338,1,0.006974102
Warm C,145917,937,936,504,338,1,0.0057754554
Warm C,599480,3648,3647,504,338,0,0.017463649
Warm C,497747,3055,3054,504,338,0,0.006893676
Warm C,893505,5394,5393,504,338,0,0.021601912
Warm C,195038,1202,1201,504,338,0,0.018073965
Warm C,79734,531,530,505,339,1,0.0135731
Warm C,697780,4169,4168,505,339,0,0.017464552
Warm C,49602,329,328,505,339,0,0.011675546
Warm C,238274,1447,1446,505,339,1,0.01973017
Warm C,352344,2063,2062,505,339,0,0.022905214
Warm C,700071,4186,4185,505,339,0,0.013397511
Warm C,413317,2485,2484,505,339,0,0.0061487295
Warm C,172081,1088,1087,505,339,0,0.014000505
Warm C,342812,2015,2014,505,339,0,0.010388103
Warm C,369400,2161,2160,506,340,1,0.015124762
Warm C,336361,1980,1979,506,340,0,0.014632505
Warm C,326216,1930,1929,506,340,1,0.011063925
Warm C,318539,1892,1891,506,340,0,-0.006210677
Warm C,310197,1845,1844,506,340,1,0.00014234404
Warm C,325604,1926,1925,506,340,1,-0.0052414667
Warm C,296623,1758,1757,506,340,1,0.011035645
Warm C,212170,1291,1290,506,340,1,0.0056775566
Warm C,279931,1680,1679,506,340,0,0.0058086375
Warm C,209591,1279,1278,506,340,0,0.0021610584
Warm C,185779,1150,1149,506,340,0,0.007582405
Warm C,263692,1605,1604,506,340,0,0.010559908
Warm C,169853,1078,1077,506,340,1,0.004681928
Warm C,167552,1067,1066,506,340,1,0.009724169
Warm C,168684,1069,1068,506,340,1,0.015235725
Warm C,328717,1941,1940,506,340,0,0.023745503
Warm C,195751,1203,1202,506,340,1,0.010280889
Warm C,221631,1340,1339,506,340,0,0.014929991
Warm C,199638,1224,1223,506,340,1,-0.0011655423
Warm C,138818,889,888,506,340,0,0.01497093
Warm C,116595,752,751,506,340,1,0.01350287
Warm C,101007,673,672,506,340,0,0.007960805
Warm C,97984,655,654,506,340,1,-5.734712e-05
Warm C,631827,3821,3820,506,340,0,0.010728969
Warm C,697782,4169,4168,506,340,0,0.0154059585
Warm C,241478,1451,1450,506,340,1,0.009592629
Warm C,284517,1698,1697,506,340,1,7.813523e-05
Warm C,89411,588,587,506,340,1,0.0010941117
Warm C,239331,1448,1447,506,340,1,0.0031272536
Warm C,77886,524,523,506,340,0,0.02244781
Warm C,80397,533,532,506,340,1,0.021772455
Warm C,197473,1211,1210,506,340,0,0.0013927603
Warm C,201798,1242,1241,506,340,0,-0.0050265873
Warm C,23820,169,168,506,340,0,0.012766687
Warm C,17595,136,135,506,340,1,0.0061407518
Warm C,16734,131,130,506,340,1,0.011835057
Warm C,14101,114,113,506,340,1,0.0041191494
Warm C,7890,53,52,506,340,1,0.007964935
Warm C,324593,1922,1921,506,340,1,0.012577351
Warm C,563,8,7,506,340,0,0.011942054
Warm C,274,5,4,506,340,1,0.0035825414
Warm C,158663,1015,1014,506,340,1,0.019230533
Warm C,416927,2507,2506,506,340,1,0.010690471
Warm C,934032,5636,5635,506,340,1,0.011156163
Warm C,485312,2986,2985,506,340,1,0.01359195
Warm C,160417,1019,1018,506,340,0,0.008707896
Warm C,251263,1516,1515,506,340,1,0.0037515727
Warm C,415873,2504,2503,506,340,0,0.010565291
Warm C,287868,1717,1716,506,340,1,0.015740126
Warm C,60878,411,410,506,340,1,0.013683685
Warm C,276469,1671,1670,506,340,0,0.009332297
Warm C,509940,3140,3139,506,340,0,0.021371141
Warm C,700072,4186,4185,506,340,1,0.014950562
Warm C,841592,5054,5053,506,340,0,0.0046076667
Warm C,539267,3315,3314,511,344,1,0.008094923
Warm C,537505,3311,3310,511,344,0,0.006350654
Warm C,554932,3412,3411,511,344,1,0.009832475
Warm C,515728,3182,3181,511,344,0,0.003554568
Warm C,508819,3129,3128,511,344,0,0.009687876
Warm C,589959,3599,3598,511,344,0,0.0022382243
Warm C,502288,3082,3081,511,344,0,0.004383672
Warm C,550607,3391,3390,511,344,1,0.0034001584
Warm C,494535,3032,3031,511,344,1,0.018763348
Warm C,486425,2994,2993,511,344,0,0.0033958692
Warm C,463619,2857,2856,511,344,0,0.009540821
Warm C,487227,2996,2995,511,344,1,0.009227894
Warm C,452599,2786,2785,511,344,0,0.0022098501
Warm C,451207,2777,2776,511,344,1,0.010061422
Warm C,448580,2764,2763,511,344,0,0.002258143
Warm C,564747,3471,3470,511,344,0,0.011317928
Warm C,437284,2669,2668,511,344,0,0.010476739
Warm C,435968,2664,2663,511,344,0,0.0063041486
Warm C,417747,2522,2521,511,344,0,0.006814545
Warm C,406341,2437,2436,511,344,1,0.011687634
Warm C,404747,2419,2418,511,344,0,0.014595939
Warm C,402527,2402,2401,511,344,0,0.0008989442
Warm C,400013,2380,2379,511,344,0,0.0028099848
Warm C,390196,2288,2287,511,344,0,0.0070781554
Warm C,377464,2203,2202,511,344,0,0.0069175065
Warm C,375216,2186,2185,511,344,1,0.014254665
Warm C,370099,2164,2163,511,344,0,0.002056742
Warm C,349631,2051,2050,511,344,0,0.008876439
Warm C,342823,2015,2014,511,344,0,0.006964515
Warm C,340952,2010,2009,511,344,0,0.010369312
Warm C,314755,1879,1878,511,344,1,0.008318946
Warm C,315606,1880,1879,511,344,0,-3.1135394e-05
Warm C,297184,1762,1761,511,344,0,0.0011035693
Warm C,295379,1753,1752,511,344,0,-0.0018821876
Warm C,297747,1764,1763,511,344,1,-0.0016779569
Warm C,285758,1704,1703,511,344,1,0.012524555
Warm C,303946,1805,1804,511,344,0,0.010163041
Warm C,304360,1807,1806,511,344,0,0.0049072
Warm C,256398,1564,1563,511,344,0,0.002821568
Warm C,303139,1800,1799,511,344,0,0.008246003
Warm C,253099,1537,1536,511,344,1,0.009541325
Warm C,244777,1473,1472,511,344,0,0.0047559612
Warm C,356928,2090,2089,511,344,0,0.0034603975
Warm C,221652,1340,1339,511,344,0,0.020770134
Warm C,202703,1244,1243,511,344,0,0.013474587
Warm C,182570,1139,1138,511,344,0,0.016586572
Warm C,249032,1501,1500,511,344,1,-0.0027237036
Warm C,155029,999,998,511,344,1,0.011030259
Warm C,148872,957,956,511,344,0,0.007219338
Warm C,136950,881,880,511,344,0,0.0036780657
Warm C,134615,869,868,511,344,1,0.001889865
Warm C,110455,720,719,511,344,1,0.012729014
Warm C,240549,1449,1448,511,344,0,0.0055235317
Warm C,109958,716,715,511,344,0,0.010070628
Warm C,101533,676,675,511,344,0,0.011122864
Warm C,299830,1778,1777,511,344,1,0.010017877
Warm C,150807,970,969,511,344,1,0.0044166245
Warm C,81933,543,542,511,344,1,0.0005263705
Warm C,239350,1448,1447,511,344,1,0.0032828636
Warm C,191477,1181,1180,511,344,0,0.020495884
Warm C,77906,524,523,511,344,0,0.006187947
Warm C,119543,770,769,511,344,0,0.02142459
Warm C,72356,482,481,511,344,0,0.006280416
Warm C,67883,454,453,511,344,0,0.007130752
Warm C,75109,509,508,511,344,0,0.0038204533
Warm C,58184,392,391,511,344,0,0.012996823
Warm C,44717,302,301,511,344,0,0.010248587
Warm C,145514,935,934,511,344,1,-0.002525108
Warm C,35902,242,241,511,344,0,0.008210926
Warm C,33628,225,224,511,344,0,0.018158924
Warm C,29309,199,198,511,344,0,0.017270118
Warm C,27320,192,191,511,344,0,0.010035638
Warm C,54614,355,354,511,344,1,-0.0005379894
Warm C,25826,182,181,511,344,1,0.0064604674
Warm C,25684,181,180,511,344,0,0.004398491
Warm C,270238,1635,1634,511,344,0,0.01704568
Warm C,22676,163,162,511,344,0,0.010986163
Warm C,16331,129,128,511,344,1,0.0044138366
Warm C,10314,73,72,511,344,0,0.0064224713
Warm C,7359,52,51,511,344,1,0.005544523
Warm C,17215,134,133,511,344,0,0.0025649932
Warm C,30637,204,203,511,344,0,0.014094777
Warm C,3603,26,25,511,344,1,0.014573715
Warm C,106534,701,700,511,344,1,0.008201275
Warm C,50318,331,330,511,344,0,0.011287686
Warm C,682780,4085,4084,511,344,1,0.01122364
Warm C,157264,1010,1009,511,344,0,0.008084565
Warm C,599494,3648,3647,511,344,0,0.0060429927
Warm C,893509,5394,5393,511,344,0,0.022415735
Warm C,63402,424,423,511,344,0,0.010369703
Warm C,941824,5682,5681,511,344,1,0.006947294
Warm C,193914,1194,1193,511,344,1,0.0024767579
Warm C,637133,3836,3835,512,345,0,0.006267723
Warm C,627994,3801,3800,512,345,1,0.013410547
Warm C,638613,3841,3840,512,345,0,0.021530904
Warm C,623569,3771,3770,512,345,0,0.010743086
Warm C,652138,3931,3930,512,345,0,0.0116937
Warm C,621373,3762,3761,512,345,0,0.008497356
Warm C,726181,4344,4343,512,345,0,0.018459968
Warm C,590878,3603,3602,512,345,0,0.007431441
Warm C,584476,3568,3567,512,345,0,0.014604701
Warm C,555973,3416,3415,512,345,0,0.000785639
Warm C,537507,3311,3310,512,345,0,0.014148531
Warm C,530038,3272,3271,512,345,0,0.007161569
Warm C,523942,3229,3228,512,345,0,0.0060337572
Warm C,517502,3193,3192,512,345,0,0.0113653075
Warm C,514165,3173,3172,512,345,0,3.515929e-05
Warm C,506903,3118,3117,512,345,0,0.009585048
Warm C,505709,3110,3109,512,345,0,0.014154859
Warm C,501904,3081,3080,512,345,0,0.015928503
Warm C,589960,3599,3598,512,345,1,-0.003951656
Warm C,497754,3055,3054,512,345,0,0.016935721
Warm C,641160,3853,3852,512,345,0,-0.003416524
Warm C,494537,3032,3031,512,345,1,0.012367105
Warm C,500052,3069,3068,512,345,0,0.0018408529
Warm C,489338,3012,3011,512,345,0,0.012561668
Warm C,486758,2995,2994,512,345,1,0.0075302934
Warm C,489777,3013,3012,512,345,1,0.010703053
Warm C,479373,2941,2940,512,345,0,0.0075589805
Warm C,591315,3607,3606,512,345,0,0.008674354
Warm C,710367,4260,4259,512,345,0,0.012161831
Warm C,467100,2878,2877,512,345,1,0.0079168845
Warm C,465295,2869,2868,512,345,1,0.001813161
Warm C,463621,2857,2856,512,345,1,0.0073153507
Warm C,464374,2860,2859,512,345,1,0.0023744677
Warm C,458296,2820,2819,512,345,0,0.009808979
Warm C,440591,2694,2693,512,345,1,0.003947529
Warm C,427875,2599,2598,512,345,1,0.011242079
Warm C,426631,2590,2589,512,345,0,-0.0033542756
Warm C,419004,2529,2528,512,345,0,0.009498803
Warm C,411140,2466,2465,512,345,0,0.01134895
Warm C,395388,2335,2334,512,345,0,0.010844838
Warm C,384274,2244,2243,512,345,0,0.011234381
Warm C,385429,2251,2250,512,345,0,0.004721091
Warm C,374433,2181,2180,512,345,0,0.007835509
Warm C,370806,2167,2166,512,345,1,0.0005934539
Warm C,368658,2155,2154,512,345,1,0.010624342
Warm C,366804,2138,2137,512,345,1,-0.0010609124
Warm C,358651,2098,2097,512,345,0,-0.0011682714
Warm C,356562,2088,2087,512,345,1,0.010691974
Warm C,361932,2109,2108,512,345,0,0.0046564154
Warm C,346726,2031,2030,512,345,0,0.011294434
Warm C,344485,2021,2020,512,345,1,0.012534148
Warm C,340953,2010,2009,512,345,0,0.0061503053
Warm C,342825,2015,2014,512,345,1,0.0110629685
Warm C,333558,1968,1967,512,345,0,0.005132823
Warm C,330457,1950,1949,512,345,0,0.0141831
Warm C,323533,1919,1918,512,345,0,0.0032624821
Warm C,317063,1884,1883,512,345,0,-0.0002728633
Warm C,300761,1781,1780,512,345,1,0.0041849934
Warm C,305530,1817,1816,512,345,0,0.0062258174
Warm C,293312,1746,1745,512,345,0,0.007455225
Warm C,292570,1741,1740,512,345,0,0.013945294
Warm C,279974,1680,1679,512,345,0,0.0058994247
Warm C,277182,1675,1674,512,345,0,0.007893713
Warm C,278023,1676,1675,512,345,1,0.011322217
Warm C,272525,1646,1645,512,345,0,0.017327538
Warm C,271570,1641,1640,512,345,0,0.0032844204
Warm C,268390,1630,1629,512,345,0,0.012284075
Warm C,315609,1880,1879,512,345,0,-0.0017062547
Warm C,247924,1496,1495,512,345,0,0.012637062
Warm C,234604,1424,1423,512,345,0,0.004130682
Warm C,224562,1357,1356,512,345,0,0.0053599617
Warm C,221934,1342,1341,512,345,0,-0.0029223443
Warm C,220060,1333,1332,512,345,0,0.018313736
Warm C,200437,1230,1229,512,345,0,0.012427757
Warm C,196213,1206,1205,512,345,0,0.0043330938
Warm C,195047,1202,1201,512,345,0,0.009937303
Warm C,328752,1941,1940,512,345,0,0.005261411
Warm C,177707,1119,1118,512,345,0,0.015224316
Warm C,166153,1058,1057,512,345,0,0.018870369
Warm C,165836,1057,1056,512,345,0,0.004834637
Warm C,159451,1017,1016,512,345,1,-0.00031866715
Warm C,147141,948,947,512,345,1,0.004925228
Warm C,141021,908,907,512,345,0,0.0028253137
Warm C,157265,1010,1009,512,345,0,0.01983299
Warm C,136152,880,879,512,345,1,0.0041062706
Warm C,134617,869,868,512,345,1,0.015589552
Warm C,131512,851,850,512,345,0,0.012198651
Warm C,138849,889,888,512,345,0,0.008668598
Warm C,352371,2063,2062,512,345,0,0.013387891
Warm C,114124,741,740,512,345,1,0.001927543
Warm C,117690,757,756,512,345,0,0.010323762
Warm C,250523,1509,1508,512,345,1,0.0017082253
Warm C,91000,602,601,512,345,0,0.005300968
Warm C,86264,563,562,512,345,0,0.010645147
Warm C,291716,1737,1736,512,345,1,0.0043245004
Warm C,81313,541,540,512,345,0,0.008592452
Warm C,84538,550,549,512,345,0,0.012557478
Warm C,66665,445,444,512,345,0,0.006472963
Warm C,76033,516,515,512,345,0,0.017032493
Warm C,53982,352,351,512,345,0,0.01572407
Warm C,51211,337,336,512,345,0,0.014866543
Warm C,49618,329,328,512,345,0,0.011572587
Warm C,45241,305,304,512,345,0,0.00088531664
Warm C,41248,278,277,512,345,1,-0.0016428821
Warm C,697803,4169,4168,512,345,1,0.0111064585
Warm C,36667,245,244,512,345,0,0.008674481
Warm C,19572,148,147,512,345,1,0.00874324
Warm C,18139,139,138,512,345,0,0.0071123526
Warm C,290556,1733,1732,512,345,0,0.0056717377
Warm C,17216,134,133,512,345,0,-0.0005191129
Warm C,552660,3401,3400,512,345,0,0.007367717
Warm C,366295,2131,2130,512,345,0,0.010524601
Warm C,329591,1943,1942,512,345,0,0.0050302334
Warm C,310876,1851,1850,512,345,0,0.010198861
Warm C,158693,1015,1014,512,345,0,0.009643312
Warm C,271865,1643,1642,512,345,1,0.007284251
Warm C,215721,1306,1305,512,345,0,0.009338997
Warm C,460868,2841,2840,512,345,1,0.0050672507
Warm C,195769,1203,1202,512,345,0,0.008818552
Warm C,7912,53,52,513,346,1,0.003299791
Warm C,6987,48,47,513,346,0,0.00974065
Warm C,238297,1447,1446,513,346,0,0.014207521
Warm C,129706,839,838,513,346,0,0.0116958
Warm C,328756,1941,1940,513,346,1,0.012570085
Warm C,136951,881,880,513,346,1,0.015164055
Warm C,719047,4305,4304,513,346,0,0.014897434
Warm C,574956,3518,3517,518,351,1,0.013432375
Warm C,784611,4682,4681,518,351,0,0.0072306925
Warm C,501500,3080,3079,518,351,0,0.006357277
Warm C,499752,3067,3066,518,351,1,0.007031859
Warm C,493021,3029,3028,518,351,0,0.009931314
Warm C,492197,3026,3025,518,351,0,0.0064991945
Warm C,518007,3196,3195,518,351,1,0.019338295
Warm C,530045,3272,3271,518,351,0,0.009505007
Warm C,475216,2916,2915,518,351,0,0.006034341
Warm C,646844,3892,3891,518,351,0,0.008060631
Warm C,448963,2767,2766,518,351,0,-0.0015276126
Warm C,451215,2777,2776,518,351,1,0.017884508
Warm C,438915,2681,2680,518,351,0,0.0018243773
Warm C,423288,2565,2564,518,351,1,-0.0019339037
Warm C,419335,2533,2532,518,351,0,-0.0026009523
Warm C,464377,2860,2859,518,351,0,0.004040059
Warm C,409338,2456,2455,518,351,1,0.00045290566
Warm C,404750,2419,2418,518,351,0,0.0078737065
Warm C,400553,2383,2382,518,351,0,0.013141785
Warm C,392547,2304,2303,518,351,1,0.009061461
Warm C,389570,2283,2282,518,351,0,0.01013815
Warm C,379596,2219,2218,518,351,0,0.016510427
Warm C,363433,2116,2115,518,351,0,0.013122274
Warm C,356073,2085,2084,518,351,1,-0.0004506245
Warm C,361936,2109,2108,518,351,0,0.013081627
Warm C,352383,2063,2062,518,351,0,0.0018974729
Warm C,341835,2012,2011,518,351,0,0.017767973
Warm C,340960,2010,2009,518,351,0,0.013986487
Warm C,287253,1714,1713,518,351,0,0.0051872465
Warm C,276607,1672,1671,518,351,0,0.005530943
Warm C,336394,1980,1979,518,351,0,0.010587455
Warm C,213101,1297,1296,518,351,0,0.0062331893
Warm C,278030,1676,1675,518,351,0,0.016206881
Warm C,279993,1680,1679,518,351,0,0.014581595
Warm C,244220,1470,1469,518,351,0,0.016556261
Warm C,196776,1207,1206,518,351,0,0.0095223505
Warm C,188460,1169,1168,518,351,0,0.010777996
Warm C,178401,1120,1119,518,351,0,0.009694616
Warm C,179268,1124,1123,518,351,1,0.006168675
Warm C,173866,1100,1099,518,351,0,0.0076958328
Warm C,168089,1068,1067,518,351,1,0.010944961
Warm C,156072,1004,1003,518,351,0,0.011814287
Warm C,164882,1051,1050,518,351,1,0.011541861
Warm C,145116,934,933,518,351,0,0.0058611794
Warm C,136959,881,880,518,351,0,0.020692129
Warm C,135874,877,876,518,351,0,0.01778428
Warm C,132123,854,853,518,351,0,0.011328654
Warm C,120622,777,776,518,351,0,0.0071746986
Warm C,112722,731,730,518,351,0,0.0050791632
Warm C,108323,710,709,518,351,0,0.015579019
Warm C,86852,566,565,518,351,0,0.0077321003
Warm C,406242,2436,2435,518,351,1,0.014580861
Warm C,84546,550,549,518,351,0,0.0058767316
Warm C,119550,770,769,518,351,0,0.007981998
Warm C,81941,543,542,518,351,0,0.010512769
Warm C,72361,482,481,518,351,0,0.011229958
Warm C,251270,1516,1515,518,351,0,0.009417602
Warm C,44036,301,300,518,351,0,0.009389351
Warm C,697816,4169,4168,518,351,0,0.014925916
Warm C,404090,2414,2413,518,351,0,0.008153764
Warm C,219331,1329,1328,518,351,0,0.012856474
Warm C,337245,1983,1982,518,351,1,0.0044574286
Warm C,31568,214,213,518,351,0,0.0068541975
Warm C,300043,1779,1778,518,351,1,0.013641278
Warm C,3609,26,25,518,351,0,0.0020165197
Warm C,6997,48,47,518,351,0,0.011927251
Warm C,28375,195,194,518,351,1,0.015108072
Warm C,79755,531,530,518,351,0,0.008019044
Warm C,158698,1015,1014,518,351,0,0.00785022
Warm C,78702,528,527,518,351,0,0.0078613125
Warm C,238306,1447,1446,518,351,0,0.004803407
Warm C,531289,3280,3279,518,351,0,0.014138962
Warm C,371145,2168,2167,518,351,1,0.015695775
Warm C,572499,3507,3506,518,351,0,0.010858973
Warm C,567740,3483,3482,518,351,0,0.013274444
Warm C,342832,2015,2014,518,351,0,-0.00010206015
Warm C,317953,1889,1888,518,351,0,0.01651135
Warm C,160447,1019,1018,518,351,0,-0.0021119849
Warm C,599501,3648,3647,518,351,0,0.008375004
Warm C,134626,869,868,518,351,0,0.0043148943
Warm C,63418,424,423,518,351,0,0.012126262
Warm C,509948,3140,3139,518,351,0,0.012284437
Warm C,295779,1755,1754,518,351,0,0.0072525837
Warm C,714201,4277,4276,518,351,0,0.017087406
Warm C,748355,4467,4466,518,351,0,-0.001664078
Warm C,193918,1194,1193,518,351,0,0.0057121497
Warm C,357722,2092,2091,518,351,0,0.011714535
Warm C,633658,3824,3823,518,351,0,0.0034854831
Warm C,562804,3462,3461,518,351,0,0.030623805
Warm C,441124,2700,2699,521,354,1,0.0064917677
Warm C,431231,2627,2626,521,354,1,0.0031517886
Warm C,427277,2593,2592,521,354,1,0.0033857
Warm C,609768,3695,3694,521,354,0,0.0037694846
Warm C,408458,2453,2452,521,354,0,0.012636479
Warm C,379273,2215,2214,521,354,1,0.0044178935
Warm C,349637,2051,2050,521,354,0,-0.00085391756
Warm C,325065,1925,1924,521,354,1,0.0015027253
Warm C,302319,1794,1793,521,354,0,-0.005500866
Warm C,338393,1988,1987,521,354,0,0.0023403426
Warm C,206102,1264,1263,521,354,0,0.0013518822
Warm C,280024,1680,1679,521,354,1,-0.009308236
Warm C,185822,1150,1149,521,354,1,0.010527172
Warm C,211416,1285,1284,521,354,1,0.00874724
Warm C,184164,1146,1145,521,354,0,0.004130496
Warm C,160464,1019,1018,521,354,0,0.0066153267
Warm C,158718,1015,1014,521,354,0,0.0095366575
Warm C,144278,929,928,521,354,1,0.0065675327
Warm C,144421,930,929,521,354,0,-0.0020992344
Warm C,157286,1010,1009,521,354,1,0.0059378603
Warm C,135883,877,876,521,354,0,0.011139927
Warm C,352398,2063,2062,521,354,0,-0.0017823419
Warm C,124099,799,798,521,354,0,-0.0067491843
Warm C,115580,749,748,521,354,1,0.007088447
Warm C,240576,1449,1448,521,354,1,0.0024556573
Warm C,100355,669,668,521,354,1,-0.00022969139
Warm C,99102,660,659,521,354,0,0.0052747414
Warm C,320903,1902,1901,521,354,1,0.011497077
Warm C,88172,581,580,521,354,0,-0.003945526
Warm C,308951,1837,1836,521,354,0,-0.0021380074
Warm C,191513,1181,1180,521,354,0,0.010134618
Warm C,83574,549,548,521,354,1,0.005991472
Warm C,77933,524,523,521,354,1,0.008205572
Warm C,70294,474,473,521,354,1,0.0037334342
Warm C,72379,482,481,521,354,1,0.0074608414
Warm C,76808,520,519,521,354,1,0.0018070573
Warm C,49640,329,328,521,354,0,0.0010274549
Warm C,697832,4169,4168,521,354,0,0.0028958335
Warm C,38391,261,260,521,354,0,0.0033161575
Warm C,290577,1733,1732,521,354,0,0.012971876
Warm C,154472,996,995,521,354,1,0.00017961371
Warm C,20174,149,148,521,354,1,0.011415462
Warm C,9416,62,61,521,354,1,-0.0021301259
Warm C,7934,53,52,521,354,1,0.008082735
Warm C,104580,692,691,521,354,1,0.010449819
Warm C,3037,23,22,521,354,0,0.0123768225
Warm C,210355,1284,1283,521,354,1,0.0032868625
Warm C,482059,2962,2961,521,354,0,0.0041055065
Warm C,355211,2077,2076,521,354,0,-0.000104316045
Warm C,150818,970,969,521,354,0,0.008254156
Warm C,109966,716,715,521,354,1,0.0057877363
Warm C,567752,3483,3482,521,354,1,0.0054540914
Warm C,195788,1203,1202,521,354,0,0.0027383354
Warm C,50338,331,330,521,354,0,0.0018675206
Warm C,310887,1851,1850,521,354,0,-0.0024398502
Warm C,174364,1101,1100,521,354,0,0.004362158
Warm C,959117,5787,5786,521,354,1,-0.004231226
Warm C,310889,1851,1850,522,355,0,0.015993388
Warm C,13628,108,107,522,355,0,0.014366422
Warm C,8239,57,56,522,355,1,0.0061518853
Warm C,7936,53,52,522,355,1,0.011401787
Warm C,20176,149,148,522,355,1,0.023439817
Warm C,743188,4445,4444,522,355,0,-0.00041986606
Warm C,416967,2507,2506,522,355,1,0.025836978
Warm C,265318,1611,1610,522,355,1,0.018182361
Warm C,790885,4728,4727,522,355,1,0.02578647
Warm C,166162,1058,1057,522,355,1,0.024142526
Warm C,937141,5653,5652,522,355,0,0.011822896
Warm C,467444,2880,2879,522,355,1,0.0036483628
Warm C,526900,3259,3258,522,355,1,0.01865787
Warm C,673441,4042,4041,522,355,0,0.013683608
Warm C,960467,5792,5791,522,355,1,0.010636122
Warm C,571254,3503,3502,522,355,1,0.01533033
Warm C,136971,881,880,522,355,0,0.013858827
Warm C,223122,1352,1351,522,355,0,0.00822515
Warm C,144422,930,929,522,355,0,0.0034711093
Warm C,59964,408,407,522,355,1,0.01046776
Warm C,290580,1733,1732,522,355,1,0.020740673
Warm C,191516,1181,1180,522,355,0,0.026106644
Warm C,116632,752,751,522,355,0,0.026455348
Warm C,408459,2453,2452,523,356,0,0.008471755
Warm C,393280,2310,2309,523,356,1,0.0073588407
Warm C,383176,2238,2237,523,356,1,-0.002339365
Warm C,381420,2230,2229,523,356,0,0.0021578204
Warm C,373249,2179,2178,523,356,0,0.0023676984
Warm C,336413,1980,1979,523,356,1,0.01769542
Warm C,324606,1922,1921,523,356,1,0.007314044
Warm C,333029,1963,1962,523,356,1,0.0056693377
Warm C,306726,1829,1828,523,356,0,0.0048177
Warm C,316004,1882,1881,523,356,1,0.012217478
Warm C,302907,1799,1798,523,356,1,0.011118811
Warm C,302321,1794,1793,523,356,0,0.004746357
Warm C,274767,1661,1660,523,356,1,0.014394319
Warm C,280029,1680,1679,523,356,1,0.011277692
Warm C,264266,1607,1606,523,356,0,0.0036876765
Warm C,226723,1374,1373,523,356,1,0.00074984203
Warm C,296639,1758,1757,523,356,1,-0.0045401426
Warm C,209818,1281,1280,523,356,1,-0.009215089
Warm C,201034,1239,1238,523,356,0,0.010046317
Warm C,209607,1279,1278,523,356,1,0.007799848
Warm C,199659,1224,1223,523,356,0,0.0095399525
Warm C,286137,1707,1706,523,356,1,0.011364138
Warm C,168714,1069,1068,523,356,1,0.00083723944
Warm C,151403,974,973,523,356,0,-0.00025627413
Warm C,151765,975,974,523,356,1,-0.00093278335
Warm C,144423,930,929,523,356,0,-0.0030168628
Warm C,154666,998,997,523,356,1,-0.0076869964
Warm C,384801,2247,2246,523,356,1,0.009793424
Warm C,128377,830,829,523,356,0,0.0071819024
Warm C,322747,1912,1911,523,356,1,0.005149686
Warm C,258629,1584,1583,523,356,0,0.012107018
Warm C,124615,801,800,523,356,1,-0.0005421955
Warm C,123185,795,794,523,356,0,0.01574482
Warm C,111764,727,726,523,356,0,-0.0027081582
Warm C,295082,1752,1751,523,356,1,0.00530759
Warm C,241506,1451,1450,523,356,1,0.011471527
Warm C,432247,2634,2633,523,356,1,0.010424312
Warm C,197487,1211,1210,523,356,0,0.002048193
Warm C,61417,412,411,523,356,1,0.015622081
Warm C,92018,611,610,523,356,0,0.0024492603
Warm C,22077,161,160,523,356,1,0.008843574
Warm C,26557,187,186,523,356,1,0.016744033
Warm C,33647,225,224,523,356,1,0.0043203705
Warm C,158720,1015,1014,523,356,1,0.010626077
Warm C,574966,3518,3517,523,356,0,0.012251744
Warm C,575612,3519,3518,523,356,0,0.0066454783
Warm C,680810,4079,4078,523,356,1,-0.0033964673
Warm C,160467,1019,1018,523,356,0,0.014507536
Warm C,246978,1491,1490,523,356,1,0.007546542
Warm C,565813,3475,3474,523,356,0,-0.0011032864
Warm C,535162,3301,3300,523,356,1,0.009407814
Warm C,313041,1865,1864,523,356,1,0.00829346
Warm C,259696,1587,1586,523,356,1,0.0057630623
Warm C,460880,2841,2840,523,356,1,-0.0041481517
Warm C,187832,1164,1163,523,356,1,0.0107152285
Warm C,290582,1733,1732,523,356,1,0.017440476
Warm C,193932,1194,1193,523,356,1,0.010512009
Warm C,310896,1851,1850,528,359,0,0.010377762
Warm C,951441,5747,5746,528,359,0,-0.0020406772
Warm C,160474,1019,1018,528,359,0,-0.0004953421
Warm C,215734,1306,1305,528,359,1,0.0074257776
Warm C,206506,1265,1264,528,359,0,0.011240986
Warm C,217381,1317,1316,528,359,0,0.01234566
Warm C,700087,4186,4185,528,359,0,0.007835556
Warm C,550653,3391,3390,528,359,0,-6.4950436e-05
Warm C,611473,3705,3704,540,369,0,0.005859272
Warm C,606116,3681,3680,540,369,0,0.011503652
Warm C,604915,3677,3676,540,369,0,0.004577621
Warm C,637173,3836,3835,540,369,0,0.009205071
Warm C,600377,3650,3649,540,369,0,0.0007520593
Warm C,594459,3618,3617,540,369,0,0.00889416
Warm C,590903,3603,3602,540,369,0,0.0099759735
Warm C,731420,4375,4374,540,369,1,0.0059304214
Warm C,583752,3562,3561,540,369,0,0.0126518505
Warm C,759441,4510,4509,540,369,0,0.009590074
Warm C,940340,5675,5674,540,369,0,0.004191693
Warm C,579842,3539,3538,540,369,0,0.008630617
Warm C,572568,3507,3506,540,369,0,0.009903603
Warm C,557941,3425,3424,540,369,0,0.016309427
Warm C,556013,3416,3415,540,369,0,0.009593923
Warm C,771925,4600,4599,540,369,0,0.008370787
Warm C,550712,3391,3390,540,369,0,0.0039544646
Warm C,904478,5468,5467,540,369,0,0.00918533
Warm C,536338,3308,3307,540,369,0,0.0021554402
Warm C,542517,3336,3335,540,369,0,0.013324291
Warm C,528852,3269,3268,540,369,0,0.005771737
Warm C,532461,3285,3284,540,369,0,0.01148949
Warm C,688248,4116,4115,540,369,0,0.0060588773
Warm C,537585,3311,3310,540,369,0,0.012138825
Warm C,517166,3191,3190,540,369,0,0.0046504806
Warm C,521600,3217,3216,540,369,0,0.010783232
Warm C,523069,3224,3223,540,369,0,0.008882601
Warm C,659322,3971,3970,540,369,0,0.010436995
Warm C,494621,3032,3031,540,369,1,0.0033467354
Warm C,628907,3807,3806,540,369,0,0.010188846
Warm C,492222,3026,3025,540,369,0,0.008457121
Warm C,496692,3051,3050,540,369,0,0.0036770063
Warm C,530104,3272,3271,540,369,0,0.010640768
Warm C,480354,2946,2945,540,369,0,0.0026674222
Warm C,463689,2857,2856,540,369,0,0.0061324127
Warm C,458357,2820,2819,540,369,0,0.007907242
Warm C,493079,3029,3028,540,369,0,0.008197595
Warm C,415122,2498,2497,540,369,0,0.006342985
Warm C,399306,2376,2375,540,369,0,0.009833276
Warm C,391232,2300,2299,540,369,1,0.0054203467
Warm C,379283,2215,2214,540,369,0,0.00448931
Warm C,385461,2251,2250,540,369,0,0.009255223
Warm C,358679,2098,2097,540,369,0,-0.0026099142
Warm C,352468,2063,2062,540,369,0,0.012766349
Warm C,362000,2109,2108,540,369,0,0.011488035
Warm C,345229,2024,2023,540,369,0,-0.0025606381
Warm C,360307,2105,2104,540,369,0,0.005453459
Warm C,335299,1979,1978,540,369,0,0.0069566523
Warm C,304546,1811,1810,540,369,0,0.0035460466
Warm C,295401,1753,1752,540,369,0,0.0029350165
Warm C,275305,1666,1665,540,369,0,0.012301262
Warm C,333601,1968,1967,540,369,0,0.010814527
Warm C,253193,1538,1537,540,369,0,0.0037424336
Warm C,315683,1880,1879,540,369,0,0.007415086
Warm C,237363,1445,1444,540,369,0,0.008793741
Warm C,321462,1904,1903,540,369,0,0.004330211
Warm C,262412,1600,1599,540,369,0,0.01283006
Warm C,299881,1778,1777,540,369,0,0.015320579
Warm C,278100,1676,1675,540,369,0,0.014382286
Warm C,210385,1284,1283,540,369,1,0.008178791
Warm C,280121,1680,1679,540,369,1,0.0012444237
Warm C,328865,1941,1940,540,369,0,0.004386042
Warm C,185902,1150,1149,540,369,0,0.0072997105
Warm C,211483,1285,1284,540,369,0,0.0011270721
Warm C,181194,1132,1131,540,369,1,0.005359191
Warm C,174460,1102,1101,540,369,1,0.0056368057
Warm C,179889,1125,1124,540,369,0,0.0047726175
Warm C,184184,1146,1145,540,369,0,0.004043353
Warm C,175858,1112,1111,540,369,0,0.016467303
Warm C,164115,1050,1049,540,369,0,0.005088983
Warm C,164952,1051,1050,540,369,0,0.010060284
Warm C,168133,1068,1067,540,369,0,0.011327751
Warm C,145540,935,934,540,369,0,-0.0015785305
Warm C,223858,1354,1353,540,369,0,0.0111487815
Warm C,115045,746,745,540,369,0,0.0045415987
Warm C,114133,741,740,540,369,0,-0.0002386996
Warm C,106392,699,698,540,369,0,0.015224509
Warm C,108387,710,709,540,369,0,0.012205502
Warm C,103561,687,686,540,369,0,1.0320102e-05
Warm C,177300,1117,1116,540,369,0,-0.00077451835
Warm C,97619,654,653,540,369,0,0.009515813
Warm C,240649,1449,1448,540,369,0,0.0048887655
Warm C,111119,721,720,540,369,0,0.006466612
Warm C,83635,549,548,540,369,0,0.0054970067
Warm C,191602,1181,1180,540,369,0,0.018712915
Warm C,77998,524,523,540,369,0,0.016954385
Warm C,68941,461,460,540,369,0,0.0017240299
Warm C,72425,482,481,540,369,0,0.0082773715
Warm C,64882,435,434,540,369,0,0.0048001525
Warm C,75170,509,508,540,369,0,0.0078045116
Warm C,132764,855,854,540,369,0,0.0044908635
Warm C,47745,319,318,540,369,0,0.0067595933
Warm C,239439,1448,1447,540,369,0,0.005481318
Warm C,697892,4169,4168,540,369,0,0.011863079
Warm C,3688,26,25,540,369,0,0.01053827
Warm C,471985,2904,2903,540,369,0,0.0034130057
Warm C,50383,331,330,540,369,0,0.0066601494
Warm C,355253,2077,2076,540,369,0,0.008537434
Warm C,150844,970,969,540,369,0,0.012277652
Warm C,363503,2116,2115,540,369,0,0.00686178
Warm C,51568,338,337,540,369,0,0.00682703
Warm C,102733,678,677,540,369,0,0.013334905
Warm C,79816,531,530,540,369,0,0.007939486
Warm C,565856,3475,3474,540,369,1,0.0066926586
Warm C,474218,2909,2908,540,369,0,-0.0012565278
Warm C,271887,1643,1642,540,369,0,0.0052914
Warm C,235346,1425,1424,540,369,1,0.0029075383
Warm C,903077,5458,5457,540,369,0,0.0060887495
Warm C,893541,5394,5393,540,369,0,0.009902952
Warm C,528427,3265,3264,544,373,0,-0.0035865153
Warm C,589974,3599,3598,544,373,1,0.0022582589
Warm C,525174,3242,3241,544,373,0,0.006068861
Warm C,520454,3209,3208,544,373,0,-0.0041432693
Warm C,521602,3217,3216,544,373,0,0.0068176966
Warm C,491041,3018,3017,544,373,1,0.004691825
Warm C,496696,3051,3050,544,373,0,0.0038152873
Warm C,474222,2909,2908,544,373,1,0.010969504
Warm C,487272,2996,2995,544,373,0,0.0009789709
Warm C,477610,2931,2930,544,373,0,-0.004310082
Warm C,451278,2777,2776,544,373,1,-0.00051751593
Warm C,407078,2445,2444,544,373,0,-0.0076147392
Warm C,392613,2304,2303,544,373,1,0.0069542155
Warm C,367277,2143,2142,544,373,0,0.0041503985
Warm C,363507,2116,2115,544,373,0,0.005369699
Warm C,350033,2054,2053,544,373,0,0.0014615139
Warm C,346810,2032,2031,544,373,1,0.00071547646
Warm C,343403,2017,2016,544,373,0,0.0117388815
Warm C,315688,1880,1879,544,373,0,-0.00015865196
Warm C,297805,1764,1763,544,373,1,-0.003954659
Warm C,289578,1727,1726,544,373,0,0.00196146
Warm C,303159,1800,1799,544,373,0,0.004956758
Warm C,253826,1543,1542,544,373,0,0.00018491829
Warm C,224808,1358,1357,544,373,0,5.7340134e-05
Warm C,227385,1377,1376,544,373,0,0.010583308
Warm C,221728,1340,1339,544,373,0,0.0016008734
Warm C,244258,1470,1469,544,373,0,0.0049165403
Warm C,280127,1680,1679,544,373,0,0.001552198
Warm C,191606,1181,1180,544,373,0,0.0052959328
Warm C,172430,1091,1090,544,373,0,0.0017799586
Warm C,328871,1941,1940,544,373,0,4.536519e-05
Warm C,161796,1031,1030,544,373,1,0.0027383117
Warm C,155068,999,998,544,373,1,0.0033999125
Warm C,141088,909,908,544,373,0,0.00091081293
Warm C,140809,904,903,544,373,0,0.0051594395
Warm C,157341,1010,1009,544,373,0,0.0022459987
Warm C,380541,2223,2222,544,373,0,0.0073880395
Warm C,137028,881,880,544,373,0,0.013572282
Warm C,973972,5874,5873,544,373,0,0.011536505
Warm C,202754,1244,1243,544,373,0,0.004927472
Warm C,240653,1449,1448,544,373,0,0.0031678877
Warm C,106395,699,698,544,373,0,0.0028375853
Warm C,179891,1125,1124,544,373,0,0.0023673193
Warm C,96529,647,646,544,373,1,0.0014860496
Warm C,96777,649,648,544,373,0,-0.001928924
Warm C,480355,2946,2945,544,373,0,-0.0069976053
Warm C,91357,604,603,544,373,0,0.0050635813
Warm C,83640,549,548,544,373,0,0.0008771308
Warm C,82006,543,542,544,373,0,0.00861538
Warm C,239442,1448,1447,544,373,1,0.010281615
Warm C,78004,524,523,544,373,0,0.008571312
Warm C,119617,770,769,544,373,0,0.011194214
Warm C,68943,461,460,544,373,0,0.006430367
Warm C,111121,721,720,544,373,0,0.007173945
Warm C,145542,935,934,544,373,0,0.0026505587
Warm C,37600,256,255,544,373,0,0.010475073
Warm C,22726,163,162,544,373,0,0.0027984926
Warm C,270308,1635,1634,544,373,0,0.008966268
Warm C,262635,1601,1600,544,373,1,0.006583134
Warm C,15818,123,122,544,373,0,0.012251304
Warm C,355257,2077,2076,544,373,0,-0.0048613413
Warm C,104623,692,691,544,373,0,0.0025404145
Warm C,238388,1447,1446,544,373,0,0.0041486355
Warm C,773562,4610,4609,544,373,0,0.0047504436
Warm C,102737,678,677,544,373,0,-0.004091975
Warm C,680843,4079,4078,544,373,1,-0.00039720256
Warm C,145974,937,936,544,373,0,0.0026503706
Warm C,599554,3648,3647,544,373,0,0.007459291
Warm C,332014,1958,1957,544,373,0,-0.0086747315
Warm C,498353,3058,3057,547,375,1,0.014550007
Warm C,471749,2901,2900,547,375,0,0.010809958
Warm C,469104,2888,2887,547,375,0,0.016978059
Warm C,472982,2907,2906,547,375,1,0.025446516
Warm C,463693,2857,2856,547,375,0,0.023131497
Warm C,487273,2996,2995,547,375,0,0.01929266
Warm C,455497,2804,2803,547,375,0,0.02241815
Warm C,444894,2743,2742,547,375,0,0.024002459
Warm C,564824,3471,3470,547,375,0,0.019513804
Warm C,429935,2620,2619,547,375,0,0.0037856223
Warm C,415313,2500,2499,547,375,0,-0.0019331609
Warm C,407080,2445,2444,547,375,0,0.007493055
Warm C,392616,2304,2303,547,375,1,0.019907547
Warm C,377519,2203,2202,547,375,1,0.021404533
Warm C,375241,2186,2185,547,375,0,0.016666768
Warm C,370382,2165,2164,547,375,1,0.016798086
Warm C,368044,2148,2147,547,375,1,0.014012453
Warm C,359653,2102,2101,547,375,0,0.010160426
Warm C,352475,2063,2062,547,375,0,0.014937457
Warm C,362007,2109,2108,547,375,0,0.025385497
Warm C,343405,2017,2016,547,375,0,0.016314842
Warm C,341020,2010,2009,547,375,0,0.019449305
Warm C,314787,1879,1878,547,375,0,0.0103878975
Warm C,297808,1764,1763,547,375,1,0.005523253
Warm C,296236,1757,1756,547,375,0,0.012739155
Warm C,247991,1496,1495,547,375,0,0.019980263
Warm C,240657,1449,1448,547,375,1,0.012680033
Warm C,243364,1466,1465,547,375,0,0.009857909
Warm C,283341,1696,1695,547,375,0,0.01720969
Warm C,227387,1377,1376,547,375,0,0.027836531
Warm C,250545,1509,1508,547,375,1,0.007931881
Warm C,280130,1680,1679,547,375,0,0.019678326
Warm C,202756,1244,1243,547,375,0,0.01847551
Warm C,270311,1635,1634,547,375,0,0.031406876
Warm C,185909,1150,1149,547,375,0,0.01673837
Warm C,184186,1146,1145,547,375,0,0.019736538
Warm C,344501,2021,2020,547,375,1,0.012257033
Warm C,160671,1020,1019,547,375,1,0.012673004
Warm C,157344,1010,1009,547,375,0,0.022041243
Warm C,263778,1605,1604,547,375,1,0.003931098
Warm C,121633,781,780,547,375,0,0.008954862
Warm C,116954,753,752,547,375,0,0.018264014
Warm C,119619,770,769,547,375,0,0.014967161
Warm C,106398,699,698,547,375,0,0.006383798
Warm C,99144,660,659,547,375,1,0.015730986
Warm C,92880,621,620,547,375,0,0.019835135
Warm C,109999,716,715,547,375,1,0.01622983
Warm C,83643,549,548,547,375,0,0.021094253
Warm C,82009,543,542,547,375,0,0.019900188
Warm C,70554,475,474,547,375,0,0.01849752
Warm C,70979,476,475,547,375,1,0.008859364
Warm C,54096,352,351,547,375,0,0.019152882
Warm C,50921,335,334,547,375,0,0.020057544
Warm C,334118,1969,1968,547,375,1,0.024110068
Warm C,697900,4169,4168,547,375,0,0.03470758
Warm C,627169,3792,3791,547,375,0,0.016196039
Warm C,27390,192,191,547,375,0,0.014563853
Warm C,290634,1733,1732,547,375,0,0.020609751
Warm C,45463,306,305,547,375,1,0.018765103
Warm C,238392,1447,1446,547,375,0,0.028226538
Warm C,408501,2453,2452,547,375,1,0.030342082
Warm C,599556,3648,3647,547,375,0,0.021564148
Warm C,507934,3125,3124,547,375,0,0.026229195
Warm C,559507,3436,3435,547,375,0,0.009078276
Warm C,595035,3620,3619,548,376,0,0.0070412895
Warm C,451280,2777,2776,548,376,0,0.008269202
Warm C,564825,3471,3470,548,376,0,0.01158557
Warm C,415314,2500,2499,548,376,1,0.008233033
Warm C,392617,2304,2303,548,376,1,0.0069699856
Warm C,363509,2116,2115,548,376,0,0.0045104283
Warm C,342913,2015,2014,548,376,0,0.008819487
Warm C,341021,2010,2009,548,376,0,0.006702023
Warm C,337293,1983,1982,548,376,0,0.0071574626
Warm C,330334,1949,1948,548,376,0,0.004468255
Warm C,315692,1880,1879,548,376,0,0.010855438
Warm C,330231,1948,1947,548,376,0,0.002421314
Warm C,297809,1764,1763,548,376,0,0.010577755
Warm C,302357,1794,1793,548,376,0,0.0011648941
Warm C,289079,1726,1725,548,376,0,0.0127478875
Warm C,271360,1640,1639,548,376,0,0.008670628
Warm C,262418,1600,1599,548,376,0,0.0040613143
Warm C,266168,1613,1612,548,376,0,0.012993254
Warm C,248191,1497,1496,548,376,0,0.006036306
Warm C,236257,1433,1432,548,376,0,0.0077243005
Warm C,283342,1696,1695,548,376,0,0.0030971086
Warm C,244548,1472,1471,548,376,0,-0.006167439
Warm C,233223,1418,1417,548,376,0,0.014093407
Warm C,227388,1377,1376,548,376,0,0.012702222
Warm C,221731,1340,1339,548,376,0,0.010119874
Warm C,299886,1778,1777,548,376,1,0.010521013
Warm C,200463,1230,1229,548,376,1,0.0016836862
Warm C,280131,1680,1679,548,376,0,0.010005145
Warm C,191609,1181,1180,548,376,0,0.0064760107
Warm C,173403,1099,1098,548,376,0,0.010518609
Warm C,328875,1941,1940,548,376,0,0.017950077
Warm C,218964,1328,1327,548,376,0,0.010448758
Warm C,148473,955,954,548,376,0,0.0048711486
Warm C,137031,881,880,548,376,0,0.009908778
Warm C,135927,877,876,548,376,0,0.01920461
Warm C,202757,1244,1243,548,376,0,0.0107272975
Warm C,714268,4277,4276,548,376,0,0.009817524
Warm C,254543,1546,1545,548,376,0,0.0052266405
Warm C,240658,1449,1448,548,376,0,0.006478004
Warm C,134926,872,871,548,376,0,0.0011827562
Warm C,99145,660,659,548,376,0,0.0070516216
Warm C,295119,1752,1751,548,376,0,0.009205956
Warm C,480356,2946,2945,548,376,0,0.0042427303
Warm C,104625,692,691,548,376,0,-0.0022721458
Warm C,150848,970,969,548,376,0,0.0061322637
Warm C,291770,1737,1736,548,376,1,0.020304054
Warm C,82010,543,542,548,376,1,0.0032708226
Warm C,84627,550,549,548,376,0,0.0051697316
Warm C,78007,524,523,548,376,0,0.020577691
Warm C,111123,721,720,548,376,1,0.009888952
Warm C,44831,302,301,548,376,0,0.016020576
Warm C,42905,293,292,548,376,0,-0.0009594604
Warm C,40799,273,272,548,376,0,0.013340837
Warm C,627170,3792,3791,548,376,0,0.006586455
Warm C,30122,202,201,548,376,0,0.0074595893
Warm C,29361,199,198,548,376,0,0.009225467
Warm C,22728,163,162,548,376,0,0.01175644
Warm C,19648,148,147,548,376,1,0.008404908
Warm C,27391,192,191,548,376,0,0.0031513872
Warm C,17238,134,133,548,376,0,0.009514689
Warm C,30692,204,203,548,376,0,0.021965757
Warm C,108394,710,709,548,376,0,0.017872062
Warm C,176193,1113,1112,548,376,0,0.0056186314
Warm C,238393,1447,1446,548,376,0,0.013584599
Warm C,778430,4647,4646,548,376,0,0.0038607363
Warm C,51574,338,337,548,376,0,0.0047028074
Warm C,599557,3648,3647,548,376,0,0.004610681
Warm C,322805,1912,1911,548,376,0,0.0116919335
Warm C,164957,1051,1050,548,376,0,0.004046533
Warm C,145975,937,936,548,376,0,0.008828309
Warm C,496697,3051,3050,548,376,0,0.003350373
Warm C,332017,1958,1957,548,376,0,0.0026741512
Warm C,311406,1854,1853,548,376,0,0.0052091978
Warm C,941858,5682,5681,548,376,1,0.008960341
Warm C,294015,1748,1747,548,376,0,0.008135349
Warm C,673476,4042,4041,548,376,0,0.0009021064
Warm C,53120,349,348,548,376,0,0.008850085
Warm C,607832,3688,3687,549,377,1,0.009053783
Warm C,595413,3621,3620,549,377,1,0.0067611896
Warm C,569987,3497,3496,549,377,1,0.008702157
Warm C,566564,3476,3475,549,377,0,0.016267095
Warm C,553089,3402,3401,549,377,1,0.007933622
Warm C,548160,3380,3379,549,377,0,0.0043484387
Warm C,904481,5468,5467,549,377,1,-0.002687639
Warm C,536707,3310,3309,549,377,0,0.0034476302
Warm C,535638,3306,3305,549,377,0,-0.00374891
Warm C,535182,3301,3300,549,377,0,0.01103489
Warm C,527693,3261,3260,549,377,0,0.007667283
Warm C,523155,3225,3224,549,377,1,-0.001138936
Warm C,523077,3224,3223,549,377,1,0.0074896095
Warm C,513603,3167,3166,549,377,1,0.012314871
Warm C,546250,3367,3366,549,377,1,0.010458211
Warm C,482953,2967,2966,549,377,0,0.004596113
Warm C,479406,2941,2940,549,377,1,0.008258812
Warm C,474854,2913,2912,549,377,1,0.010118587
Warm C,475686,2918,2917,549,377,1,0.008903615
Warm C,464694,2863,2862,549,377,1,0.006566254
Warm C,460906,2841,2840,549,377,1,0.011623023
Warm C,493085,3029,3028,549,377,1,0.012583641
Warm C,452908,2788,2787,549,377,1,0.011229102
Warm C,444023,2737,2736,549,377,0,0.007201644
Warm C,437561,2670,2669,549,377,0,0.00881926
Warm C,421325,2544,2543,549,377,0,0.01448351
Warm C,417017,2507,2506,549,377,1,0.012215506
Warm C,401841,2397,2396,549,377,1,0.0029012945
Warm C,394868,2331,2330,549,377,1,0.0034440774
Warm C,390813,2293,2292,549,377,1,0.013565984
Warm C,379810,2221,2220,549,377,1,0.004744236
Warm C,378065,2205,2204,549,377,0,0.0085352985
Warm C,369416,2161,2160,549,377,1,0.0071612513
Warm C,340095,2007,2006,549,377,1,0.0023859127
Warm C,323334,1916,1915,549,377,1,0.002727086
Warm C,302568,1796,1795,549,377,1,0.0034606473
Warm C,258031,1579,1578,549,377,1,0.013804737
Warm C,252093,1525,1524,549,377,0,0.010058604
Warm C,246537,1489,1488,549,377,1,0.018882379
Warm C,225445,1364,1363,549,377,1,0.0012323358
Warm C,225393,1363,1362,549,377,1,0.004592603
Warm C,284616,1698,1697,549,377,1,0.002357989
Warm C,220506,1335,1334,549,377,1,0.011754841
Warm C,215331,1305,1304,549,377,1,0.003595765
Warm C,211488,1285,1284,549,377,1,0.006728342
Warm C,208456,1273,1272,549,377,1,0.0033268617
Warm C,308242,1836,1835,549,377,1,0.0069471104
Warm C,201843,1242,1241,549,377,0,-0.004761129
Warm C,199700,1224,1223,549,377,1,0.004738713
Warm C,197523,1211,1210,549,377,1,-0.0013801511
Warm C,189180,1172,1171,549,377,1,0.0014818481
Warm C,184499,1147,1146,549,377,1,0.008139807
Warm C,316446,1883,1882,549,377,0,0.011517115
Warm C,191610,1181,1180,549,377,0,0.010883601
Warm C,161900,1032,1031,549,377,1,0.005040222
Warm C,320424,1899,1898,549,377,1,0.010516783
Warm C,158794,1015,1014,549,377,1,0.0054064346
Warm C,149303,960,959,549,377,1,0.0025781882
Warm C,185911,1150,1149,549,377,1,0.013669876
Warm C,812364,4875,4874,549,377,1,0.008199917
Warm C,139515,891,890,549,377,1,0.014743156
Warm C,131407,850,849,549,377,1,0.0019022224
Warm C,127956,826,825,549,377,1,0.0029878994
Warm C,127864,824,823,549,377,0,0.0030524475
Warm C,125391,806,805,549,377,1,-0.0017877843
Warm C,254199,1545,1544,549,377,1,0.0065253656
Warm C,98021,655,654,549,377,0,0.0039122286
Warm C,82359,546,545,549,377,0,0.005920647
Warm C,84628,550,549,549,377,1,0.012897319
Warm C,75767,515,514,549,377,0,0.0062242504
Warm C,54828,358,357,549,377,1,0.0084439125
Warm C,506091,3112,3111,549,377,0,0.01300033
Warm C,45637,307,306,549,377,0,-0.005538071
Warm C,34869,235,234,549,377,1,0.013038719
Warm C,33694,225,224,549,377,0,0.010189226
Warm C,199921,1227,1226,549,377,1,0.01259779
Warm C,133696,864,863,549,377,1,0.0072939023
Warm C,22108,161,160,549,377,1,0.0005391077
Warm C,947817,5722,5721,549,377,1,0.0065390375
Warm C,20236,149,148,549,377,1,0.008637307
Warm C,17660,136,135,549,377,1,0.006473173
Warm C,890274,5371,5370,549,377,1,0.003639334
Warm C,984283,5948,5947,549,377,1,0.0072766193
Warm C,986846,5956,5955,549,377,1,0.011343526
Warm C,284993,1699,1698,549,377,1,0.005125444
Warm C,455224,2802,2801,549,377,1,0.0056280857
Warm C,892057,5387,5386,549,377,0,0.0096792495
Warm C,89456,588,587,549,377,0,0.0035120156
Warm C,24572,173,172,549,377,0,0.0018094876
Warm C,160528,1019,1018,549,377,0,0.013016425
Warm C,295121,1752,1751,549,377,0,0.0057594255
Warm C,631897,3821,3820,549,377,0,0.0044653304
Warm C,46162,308,307,549,377,1,0.0071440414
Warm C,287913,1717,1716,549,377,1,0.010358013
Warm C,821772,4940,4939,549,377,1,-0.002169807
Warm C,770638,4591,4590,549,377,0,0.01727641
Warm C,937443,5654,5653,549,377,1,0.0055715945
Warm C,659330,3971,3970,550,378,1,-0.00097638054
Warm C,563268,3464,3463,550,378,0,0.015777905
Warm C,573735,3512,3511,550,378,0,0.0037179715
Warm C,544804,3358,3357,550,378,1,0.0088290535
Warm C,904485,5468,5467,550,378,0,-0.0011680278
Warm C,542532,3336,3335,550,378,0,-0.0022327295
Warm C,536356,3308,3307,550,378,1,0.010919331
Warm C,529305,3271,3270,550,378,0,-0.0025031911
Warm C,526378,3255,3254,550,378,0,0.00028015533
Warm C,524765,3239,3238,550,378,1,0.0037144788
Warm C,518179,3197,3196,550,378,1,0.0017003905
Warm C,513268,3163,3162,550,378,0,0.0066106506
Warm C,511234,3153,3152,550,378,1,-0.0007145812
Warm C,509982,3140,3139,550,378,1,0.0069081564
Warm C,505892,3111,3110,550,378,0,0.002359974
Warm C,503727,3095,3094,550,378,0,0.0008835308
Warm C,502331,3082,3081,550,378,1,-0.0096862195
Warm C,499824,3067,3066,550,378,1,0.006959574
Warm C,493100,3029,3028,550,378,0,0.0064775324
Warm C,492228,3026,3025,550,378,0,0.006989303
Warm C,488808,3007,3006,550,378,1,0.00249007
Warm C,490458,3017,3016,550,378,0,-0.00569358
Warm C,497490,3054,3053,550,378,0,-0.0039706714
Warm C,485405,2986,2985,550,378,1,0.015877277
Warm C,469108,2888,2887,550,378,1,-0.0013848727
Warm C,468057,2885,2884,550,378,1,0.0148504805
Warm C,880250,5317,5316,550,378,1,-0.0029533615
Warm C,461022,2842,2841,550,378,0,0.0028166778
Warm C,453360,2792,2791,550,378,0,0.011249299
Warm C,451290,2777,2776,550,378,1,0.0011381389
Warm C,428900,2609,2608,550,378,1,0.004371534
Warm C,417033,2507,2506,550,378,0,0.0030050136
Warm C,408513,2453,2452,550,378,1,0.0070429277
Warm C,401193,2390,2389,550,378,0,-0.0058945217
Warm C,404807,2419,2418,550,378,1,-0.004271253
Warm C,375779,2188,2187,550,378,0,0.015642244
Warm C,358740,2099,2098,550,378,0,-0.0013043208
Warm C,352500,2063,2062,550,378,1,0.006632328
Warm C,362018,2109,2108,550,378,0,0.003657085
Warm C,359035,2100,2099,550,378,1,-0.0036130163
Warm C,360322,2105,2104,550,378,0,0.0070842677
Warm C,323344,1916,1915,550,378,1,0.0111247795
Warm C,299895,1778,1777,550,378,0,0.00046449178
Warm C,302369,1794,1793,550,378,0,0.0033473312
Warm C,296242,1757,1756,550,378,1,0.016120646
Warm C,287280,1714,1713,550,378,1,0.007408878
Warm C,281467,1687,1686,550,378,1,0.0018637548
Warm C,306445,1825,1824,550,378,1,-0.0006854781
Warm C,266541,1616,1615,550,378,0,0.010276286
Warm C,259742,1587,1586,550,378,0,0.0020306078
Warm C,243369,1466,1465,550,378,0,0.0013226138
Warm C,262426,1600,1599,550,378,0,0.010582923
Warm C,253195,1538,1537,550,378,1,0.0040083705
Warm C,231811,1404,1403,550,378,0,0.0027396404
Warm C,336509,1980,1979,550,378,0,0.00399278
Warm C,276541,1671,1670,550,378,0,0.002690022
Warm C,289591,1727,1726,550,378,1,-0.0059133787
Warm C,296670,1758,1757,550,378,0,0.00423006
Warm C,326892,1937,1936,550,378,0,0.007194383
Warm C,206166,1264,1263,550,378,1,-0.0032016502
Warm C,203920,1254,1253,550,378,0,-0.009680407
Warm C,280164,1680,1679,550,378,1,-0.0016688281
Warm C,215193,1303,1302,550,378,0,-0.0009534196
Warm C,305221,1812,1811,550,378,1,-0.0007372671
Warm C,189187,1172,1171,550,378,0,0.0064859395
Warm C,328902,1941,1940,550,378,0,0.010201735
Warm C,164122,1050,1049,550,378,1,0.010758325
Warm C,189552,1173,1172,550,378,0,0.011475741
Warm C,164970,1051,1050,550,378,1,0.003532811
Warm C,150860,970,969,550,378,0,-0.00090683904
Warm C,142565,919,918,550,378,1,-0.0021019233
Warm C,140409,899,898,550,378,0,0.0037988385
Warm C,139002,889,888,550,378,0,-0.0027361708
Warm C,135936,877,876,550,378,0,0.012931846
Warm C,332931,1962,1961,550,378,1,0.005224248
Warm C,125329,805,804,550,378,0,0.0041221795
Warm C,361210,2106,2105,550,378,0,0.010839168
Warm C,108413,710,709,550,378,0,0.008161217
Warm C,101200,675,674,550,378,0,0.0054402095
Warm C,235362,1425,1424,550,378,1,0.007395675
Warm C,90849,601,600,550,378,0,0.006663609
Warm C,90306,595,594,550,378,1,0.0074567967
Warm C,87374,570,569,550,378,0,0.0062397374
Warm C,86905,566,565,550,378,0,0.0007438846
Warm C,78026,524,523,550,378,0,0.010325824
Warm C,82017,543,542,550,378,0,0.0036750636
Warm C,72446,482,481,550,378,0,0.0109533565
Warm C,69273,463,462,550,378,0,0.0088354815
Warm C,65651,438,437,550,378,1,0.0049654813
Warm C,75190,509,508,550,378,0,0.0063824262
Warm C,50399,331,330,550,378,0,-0.0035372714
Warm C,78749,528,527,550,378,0,0.0082300585
Warm C,132778,855,854,550,378,0,0.0024718323
Warm C,89015,587,586,550,378,0,0.00591908
Warm C,288682,1724,1723,550,378,0,0.0025174934
Warm C,49730,329,328,550,378,0,0.0056144493
Warm C,4799,34,33,550,378,1,-0.00027026108
Warm C,3715,26,25,550,378,0,-0.00094056467
Warm C,207232,1266,1265,550,378,0,0.0011705408
Warm C,79829,531,530,550,378,1,0.008458984
Warm C,893552,5394,5393,550,378,0,0.0021399038
Warm C,572594,3507,3506,550,378,0,0.006887622
Warm C,750747,4478,4477,550,378,1,0.0018597513
Warm C,318023,1889,1888,550,378,0,0.008319422
Warm C,102756,678,677,550,378,1,0.0106075965
Warm C,383852,2242,2241,550,378,0,0.010530186
Warm C,20964,151,150,550,378,0,0.0047386307
Warm C,290645,1733,1732,550,378,0,-0.00013190764
Warm C,195840,1203,1202,550,378,0,0.0057043536
Warm C,286972,1712,1711,550,378,0,0.0076345685
Warm C,841642,5054,5053,550,378,0,0.0055981535
Warm C,964660,5812,5811,550,378,0,-0.0021430538
Warm C,454790,2796,2795,550,378,0,0.007508539
Warm C,497787,3055,3054,550,378,0,0.002392276
Warm C,501564,3080,3079,550,378,0,-0.00022240868
Warm C,295813,1755,1754,550,378,0,0.009406599
Warm C,193970,1194,1193,550,378,0,0.0067352927
Warm C,550739,3391,3390,550,378,0,0.0057935393
Warm C,470235,2895,2894,556,383,1,0.011767935
Warm C,464697,2863,2862,556,383,1,0.009937264
Warm C,462940,2856,2855,556,383,0,-4.774856e-05
Warm C,461172,2844,2843,556,383,1,-0.0030268123
Warm C,460484,2840,2839,556,383,1,0.009837827
Warm C,459688,2832,2831,556,383,1,-0.013023822
Warm C,454135,2793,2792,556,383,1,0.009575462
Warm C,444029,2737,2736,556,383,1,0.010865277
Warm C,443389,2733,2732,556,383,1,0.017115422
Warm C,437797,2674,2673,556,383,1,-0.0021407767
Warm C,428357,2605,2604,556,383,1,0.012191319
Warm C,417041,2507,2506,556,383,1,0.016740948
Warm C,406294,2436,2435,556,383,1,0.014663115
Warm C,397141,2351,2350,556,383,1,-0.00022682201
Warm C,463939,2859,2858,556,383,1,0.006582255
Warm C,369419,2161,2160,556,383,1,0.011839799
Warm C,334354,1973,1972,556,383,1,0.00060312636
Warm C,323348,1916,1915,556,383,1,0.009055072
Warm C,302572,1796,1795,556,383,1,0.012900862
Warm C,298255,1767,1766,556,383,1,0.018353367
Warm C,295411,1753,1752,556,383,1,0.003490464
Warm C,294033,1748,1747,556,383,0,0.0001971533
Warm C,280174,1680,1679,556,383,1,0.011145129
Warm C,254792,1550,1549,556,383,1,-0.0038557863
Warm C,303165,1800,1799,556,383,1,0.003010838
Warm C,232211,1408,1407,556,383,1,0.012720687
Warm C,329675,1943,1942,556,383,1,0.0093105985
Warm C,225447,1364,1363,556,383,1,0.01171043
Warm C,336519,1980,1979,556,383,1,0.011630226
Warm C,284643,1698,1697,556,383,1,0.011783646
Warm C,215332,1305,1304,556,383,1,0.0020129972
Warm C,211517,1285,1284,556,383,1,0.013246818
Warm C,207857,1271,1270,556,383,1,0.0012359312
Warm C,201859,1242,1241,556,383,1,0.009971255
Warm C,293343,1746,1745,556,383,1,0.014615072
Warm C,316458,1883,1882,556,383,1,0.017221743
Warm C,164127,1050,1049,556,383,1,0.006453014
Warm C,226302,1369,1368,556,383,1,0.00735987
Warm C,149077,958,957,556,383,0,0.010349892
Warm C,148596,956,955,556,383,1,0.00520026
Warm C,154674,998,997,556,383,1,0.0050194194
Warm C,185943,1150,1149,556,383,0,0.0134349195
Warm C,130348,844,843,556,383,0,0.0049811164
Warm C,129797,839,838,556,383,1,0.010685162
Warm C,125393,806,805,556,383,1,0.007908539
Warm C,82565,548,547,556,383,1,0.005247206
Warm C,78033,524,523,556,383,1,0.009725966
Warm C,116720,752,751,556,383,1,0.01707002
Warm C,58257,392,391,556,383,1,0.02049493
Warm C,47771,319,318,556,383,1,-8.0629135e-05
Warm C,45079,303,302,556,383,1,0.0057579326
Warm C,33715,225,224,556,383,1,0.009097774
Warm C,32390,216,215,556,383,0,0.008438503
Warm C,31411,212,211,556,383,1,0.0067714434
Warm C,199928,1227,1226,556,383,1,0.0011062678
Warm C,22123,161,160,556,383,1,0.007013279
Warm C,26604,187,186,556,383,1,0.004857923
Warm C,43488,299,298,556,383,1,-0.0062946826
Warm C,16785,131,130,556,383,1,0.012842687
Warm C,7210,49,48,556,383,1,0.0030758977
Warm C,3109,23,22,556,383,0,0.001744163
Warm C,160551,1019,1018,556,383,0,0.014161171
Warm C,932740,5630,5629,556,383,1,0.008975506
Warm C,65655,438,437,556,383,1,0.0028564683
Warm C,285003,1699,1698,556,383,1,0.013658099
Warm C,460919,2841,2840,556,383,1,0.014893248
Warm C,182298,1137,1136,556,383,1,0.0132603515
Warm C,250005,1505,1504,556,383,1,0.017661875
Warm C,111784,727,726,556,383,1,0.008542026
Warm C,287930,1717,1716,556,383,0,0.013747787
Warm C,5328,36,35,556,383,1,0.009770023
Warm C,34887,235,234,556,383,1,0.0042467024
Warm C,445751,2748,2747,558,384,0,0.011238815
Warm C,444460,2742,2741,558,384,0,0.0057556275
Warm C,437846,2675,2674,558,384,0,0.009060267
Warm C,424155,2571,2570,558,384,0,0.012073833
Warm C,419100,2529,2528,558,384,1,0.007826748
Warm C,409879,2457,2456,558,384,0,0.016749881
Warm C,403831,2411,2410,558,384,0,0.008006577
Warm C,373656,2180,2179,558,384,0,0.017220035
Warm C,370607,2166,2165,558,384,0,0.011540266
Warm C,363526,2116,2115,558,384,0,0.016110446
Warm C,354420,2073,2072,558,384,0,0.004950751
Warm C,362023,2109,2108,558,384,0,0.008119466
Warm C,327075,1938,1937,558,384,0,0.019807216
Warm C,331148,1956,1955,558,384,0,0.0056078364
Warm C,311679,1857,1856,558,384,1,0.0014684233
Warm C,300781,1781,1780,558,384,0,0.016808499
Warm C,278117,1676,1675,558,384,0,0.010151581
Warm C,253653,1542,1541,558,384,0,0.008655275
Warm C,236259,1433,1432,558,384,0,0.0055287825
Warm C,247414,1495,1494,558,384,0,0.0070814174
Warm C,376506,2195,2194,558,384,0,0.012277876
Warm C,216543,1314,1313,558,384,0,-0.0061431415
Warm C,280175,1680,1679,558,384,1,0.016671468
Warm C,273392,1647,1646,558,384,0,0.013906775
Warm C,207858,1271,1270,558,384,1,0.013213221
Warm C,250552,1509,1508,558,384,0,0.012425667
Warm C,213772,1298,1297,558,384,0,0.010810529
Warm C,235923,1427,1426,558,384,0,0.0034259143
Warm C,177750,1119,1118,558,384,0,0.008903806
Warm C,249092,1501,1500,558,384,1,0.010714095
Warm C,227749,1380,1379,558,384,0,0.010199821
Warm C,364032,2120,2119,558,384,0,0.0019493212
Warm C,342930,2015,2014,558,384,0,-0.00038865674
Warm C,165531,1054,1053,558,384,0,0.0062975483
Warm C,314538,1878,1877,558,384,0,0.010423251
Warm C,143152,922,921,558,384,0,0.016761916
Warm C,157366,1010,1009,558,384,0,0.014177414
Warm C,277261,1675,1674,558,384,0,0.016020216
Warm C,134824,871,870,558,384,0,0.004440255
Warm C,134714,869,868,558,384,1,0.01033839
Warm C,127446,822,821,558,384,0,-0.005199652
Warm C,126799,817,816,558,384,0,0.016716339
Warm C,124053,798,797,558,384,0,0.01861711
Warm C,235367,1425,1424,558,384,0,0.015773488
Warm C,166812,1060,1059,558,384,0,0.011689154
Warm C,99383,662,661,558,384,0,0.009937601
Warm C,152366,980,979,558,384,0,0.011187165
Warm C,93911,629,628,558,384,1,0.0022527836
Warm C,92241,614,613,558,384,1,0.0076347627
Warm C,87524,571,570,558,384,0,0.005804713
Warm C,87376,570,569,558,384,0,0.011648542
Warm C,86297,563,562,558,384,0,0.013908774
Warm C,80820,536,535,558,384,0,0.009470289
Warm C,84649,550,549,558,384,0,0.011183288
Warm C,71207,477,476,558,384,0,0.002061523
Warm C,62259,421,420,558,384,1,0.006148535
Warm C,49736,329,328,558,384,0,0.0025437416
Warm C,40128,271,270,558,384,1,0.019741282
Warm C,31268,210,209,558,384,1,-0.0005814908
Warm C,56147,372,371,558,384,0,0.009898486
Warm C,19673,148,147,558,384,0,0.0052987887
Warm C,11228,83,82,558,384,0,0.007302738
Warm C,10577,75,74,558,384,1,0.0022223417
Warm C,30712,204,203,558,384,0,0.015298283
Warm C,28504,195,194,558,384,1,0.016527595
Warm C,79835,531,530,558,384,0,0.017473381
Warm C,552755,3401,3400,558,384,0,0.007872277
Warm C,139297,890,889,558,384,1,0.0069829095
Warm C,386252,2258,2257,558,384,0,0.0064691044
Warm C,222812,1348,1347,558,384,0,0.003699367
Warm C,12178,92,91,558,384,0,0.014087882
Warm C,959143,5787,5786,558,384,0,0.009946055
Warm C,344979,2023,2022,558,384,0,0.016687494
Warm C,178483,1120,1119,558,384,0,-0.0044446397
Warm C,690041,4126,4125,558,384,1,0.012079967
Warm C,948029,5723,5722,565,386,0,0.016672743
Warm C,255701,1556,1555,569,387,1,0.010289768
Warm C,324133,1920,1919,569,387,1,0.022505745
Warm C,361232,2106,2105,569,387,0,-0.00018438837
Warm C,145169,934,933,569,387,1,0.013162813
Warm C,157392,1010,1009,569,387,0,0.012087376
Warm C,141776,911,910,569,387,1,0.01599044
Warm C,263814,1605,1604,569,387,0,0.012913761
Warm C,126802,817,816,569,387,0,0.0079597095
Warm C,240717,1449,1448,569,387,0,0.008215008
Warm C,106425,699,698,569,387,0,-0.011087274
Warm C,99179,660,659,569,387,0,0.010840997
Warm C,93922,629,628,569,387,0,0.006836554
Warm C,78052,524,523,569,387,1,0.012654051
Warm C,70996,476,475,569,387,1,0.0064014085
Warm C,65666,438,437,569,387,0,0.0072820606
Warm C,75209,509,508,569,387,0,0.0025499067
Warm C,59563,403,402,569,387,0,0.00085322186
Warm C,325923,1928,1927,569,387,0,-0.00038043223
Warm C,58276,392,391,569,387,0,0.009719864
Warm C,38457,261,260,569,387,1,0.003489143
Warm C,145649,936,935,569,387,1,0.017507315
Warm C,30161,202,201,569,387,0,0.009525649
Warm C,27425,192,191,569,387,0,0.0072646835
Warm C,12190,92,91,569,387,0,0.0074992497
Warm C,7098,48,47,569,387,0,0.009522206
Warm C,518,6,5,569,387,1,0.0073491717
Warm C,21052,153,152,569,387,0,0.0104079945
Warm C,348319,2041,2040,569,387,0,0.013102064
Warm C,4643,33,32,569,387,0,0.0027083491
Warm C,355285,2077,2076,569,387,0,0.0076421346
Warm C,78762,528,527,569,387,0,-0.0012030774
Warm C,363546,2116,2115,569,387,0,0.011090636
Warm C,238440,1447,1446,569,387,0,0.006342613
Warm C,879536,5312,5311,569,387,0,0.009786312
Warm C,134736,869,868,569,387,0,0.0020557605
Warm C,344986,2023,2022,569,387,1,0.0066441945
Warm C,215788,1306,1305,569,387,1,0.0031247241
Warm C,341911,2012,2011,569,387,0,0.0082550105
Warm C,174433,1101,1100,569,387,0,0.013474697
Warm C,116963,753,752,569,387,1,0.0069064656
Warm C,702750,4215,4214,574,388,0,0.011757081
Warm C,695002,4165,4164,574,388,1,-0.00487178
Warm C,692891,4150,4149,574,388,0,0.0075291996
Warm C,688915,4122,4121,574,388,1,0.004388131
Warm C,732904,4384,4383,574,388,1,0.005340541
Warm C,683268,4088,4087,574,388,0,0.0022773955
Warm C,681131,4083,4082,574,388,0,0.004683587
Warm C,683672,4089,4088,574,388,0,0.008725062
Warm C,676346,4055,4054,574,388,0,0.0139124775
Warm C,675732,4054,4053,574,388,1,0.0058835084
Warm C,747417,4459,4458,574,388,1,0.008481199
Warm C,685965,4103,4102,574,388,1,0.009133533
Warm C,661199,3988,3987,574,388,0,-0.0032506047
Warm C,670006,4028,4027,574,388,1,0.0060108528
Warm C,643441,3878,3877,574,388,0,0.0062706964
Warm C,617943,3745,3744,574,388,1,0.0032908658
Warm C,614291,3721,3720,574,388,0,0.0023751517
Warm C,610744,3705,3704,574,388,1,0.011629897
Warm C,603829,3675,3674,574,388,0,0.0109360535
Warm C,590597,3603,3602,574,388,0,0.00069825514
Warm C,583790,3563,3562,574,388,1,0.0037129715
Warm C,581946,3557,3556,574,388,0,0.004231727
Warm C,578826,3539,3538,574,388,1,0.016379658
Warm C,575691,3520,3519,574,388,1,0.007777928
Warm C,568622,3490,3489,574,388,0,0.0033328002
Warm C,593199,3618,3617,574,388,0,0.0055862777
Warm C,560955,3451,3450,574,388,1,-0.005454728
Warm C,556134,3418,3417,574,388,1,0.0035950337
Warm C,549577,3391,3390,574,388,1,0.004695856
Warm C,546605,3371,3370,574,388,1,0.007198953
Warm C,542880,3341,3340,574,388,0,0.004426146
Warm C,522028,3224,3223,574,388,1,0.0041865217
Warm C,515200,3182,3181,574,388,0,0.0041920138
Warm C,514684,3180,3179,574,388,0,-0.0012726177
Warm C,501979,3082,3081,574,388,0,0.0049075047
Warm C,501045,3080,3079,574,388,1,0.010854581
Warm C,499026,3067,3066,574,388,1,0.012068004
Warm C,486100,2994,2993,574,388,0,0.005241337
Warm C,484714,2986,2985,574,388,1,0.013117735
Warm C,482473,2967,2966,574,388,0,0.00944061
Warm C,465474,2872,2871,574,388,1,0.0033722594
Warm C,464583,2863,2862,574,388,1,0.0060462896
Warm C,458810,2825,2824,574,388,1,-0.0031056525
Warm C,457531,2820,2819,574,388,1,0.005975485
Warm C,795923,4771,4770,574,388,1,-0.0019305702
Warm C,443643,2737,2736,574,388,1,0.007976742
Warm C,440865,2700,2699,574,388,1,0.0047257114
Warm C,433902,2645,2644,574,388,0,0.0032477845
Warm C,407911,2453,2452,574,388,1,-0.001185623
Warm C,372210,2174,2173,574,388,1,0.0048063938
Warm C,358742,2100,2099,574,388,1,0.0133772865
Warm C,320672,1902,1901,574,388,1,0.007455745
Warm C,310018,1845,1844,574,388,1,0.0061852694
Warm C,287020,1714,1713,574,388,1,0.0008875076
Warm C,281088,1687,1686,574,388,1,0.0040094126
Warm C,278401,1680,1679,574,388,0,0.017152665
Warm C,268401,1631,1630,574,388,1,-0.0053426055
Warm C,267448,1626,1625,574,388,1,0.005612734
Warm C,258229,1584,1583,574,388,0,0.008556483
Warm C,259214,1587,1586,574,388,0,0.002964998
Warm C,304191,1807,1806,574,388,0,0.00058722286
Warm C,246762,1491,1490,574,388,0,0.008403255
Warm C,301646,1793,1792,574,388,0,-0.004912471
Warm C,296262,1758,1757,574,388,1,0.007943784
Warm C,212695,1297,1296,574,388,1,0.0032736766
Warm C,205486,1264,1263,574,388,1,0.0067596687
Warm C,307852,1836,1835,574,388,1,-0.003498097
Warm C,210421,1285,1284,574,388,1,0.014332078
Warm C,294058,1749,1748,574,388,0,0.002152517
Warm C,185989,1151,1150,574,388,1,0.007965738
Warm C,184691,1150,1149,574,388,1,0.01369127
Warm C,201268,1242,1241,574,388,1,0.0052987016
Warm C,176455,1116,1115,574,388,1,-0.007867121
Warm C,163578,1050,1049,574,388,0,0.0046056826
Warm C,225916,1369,1368,574,388,1,0.0065303445
Warm C,230396,1395,1394,574,388,0,0.0036796723
Warm C,157586,1015,1014,574,388,1,0.009125434
Warm C,142261,919,918,574,388,1,0.0057380255
Warm C,712581,4277,4276,574,388,0,0.008286502
Warm C,311827,1860,1859,574,388,1,0.016433673
Warm C,199942,1228,1227,574,388,1,0.013952583
Warm C,159666,1019,1018,574,388,0,0.015166782
Warm C,97637,655,654,574,388,0,-0.0016465934
Warm C,294713,1752,1751,574,388,1,0.00814314
Warm C,631228,3821,3820,574,388,0,0.008407908
Warm C,695644,4169,4168,574,388,0,0.011947256
Warm C,283722,1698,1697,574,388,1,0.004496641
Warm C,88650,587,586,574,388,0,0.0035154626
Warm C,291037,1737,1736,574,388,0,0.01020624
Warm C,238459,1448,1447,574,388,1,0.0023274561
Warm C,77054,524,523,574,388,0,0.012766765
Warm C,79908,533,532,574,388,1,0.011115609
Warm C,69398,466,465,574,388,1,0.007874856
Warm C,67133,452,451,574,388,1,0.010919232
Warm C,132176,855,854,574,388,0,0.010743707
Warm C,31639,216,215,574,388,0,-0.0028648297
Warm C,33249,225,224,574,388,1,0.008555414
Warm C,22905,166,165,574,388,0,0.009087718
Warm C,16517,131,130,574,388,1,0.011797087
Warm C,65846,442,441,574,388,0,0.0020489132
Warm C,92948,623,622,574,388,1,0.0062912256
Warm C,892725,5394,5393,574,388,0,0.014263528
Warm C,289852,1733,1732,574,388,1,0.0051132953
Warm C,828459,4979,4978,574,388,0,0.0046943654
Warm C,20535,151,150,574,388,0,0.006115816
Warm C,195130,1203,1202,574,388,1,0.0103876125
Warm C,960218,5792,5791,574,388,0,-0.0007201567
Warm C,321929,1912,1911,574,388,0,0.007658887
Warm C,509675,3140,3139,574,388,0,0.0009988095
Warm C,115728,752,751,574,388,0,0.0070895525
Warm C,62377,424,423,574,388,1,0.0023480137
Warm C,857775,5156,5155,574,388,1,0.0075086104
Warm C,214554,1303,1302,574,388,0,0.016553631
Warm C,974165,5878,5877,574,388,0,0.012413377
Warm C,489070,3012,3011,574,388,0,0.015359145
Warm C,322980,1916,1915,575,389,0,0.0065749907
Warm C,288060,1721,1720,575,389,0,-0.00299981
Warm C,360345,2106,2105,575,389,0,0.0017725425
Warm C,247241,1495,1494,575,389,0,0.007469806
Warm C,223955,1356,1355,575,389,0,0.001007908
Warm C,277284,1676,1675,575,389,0,0.00015336089
Warm C,205207,1263,1262,575,389,0,0.0014438202
Warm C,261498,1599,1598,575,389,1,0.0013535426
Warm C,213181,1298,1297,575,389,1,0.00774897
Warm C,278402,1680,1679,575,389,0,-0.00086152926
Warm C,236264,1434,1433,575,389,0,0.0052210325
Warm C,188356,1169,1168,575,389,0,-0.005606476
Warm C,177778,1120,1119,575,389,0,-0.0031966602
Warm C,173416,1100,1099,575,389,0,0.0067261127
Warm C,198532,1220,1219,575,389,1,0.0054480117
Warm C,255369,1556,1555,575,389,0,0.0042969296
Warm C,165406,1054,1053,575,389,1,0.0008643693
Warm C,380043,2223,2222,575,389,0,-0.0025838395
Warm C,248580,1501,1500,575,389,1,0.01224387
Warm C,262861,1605,1604,575,389,0,0.0019541145
Warm C,239499,1449,1448,575,389,0,-0.0013985897
Warm C,105759,699,698,575,389,0,0.0048061684
Warm C,179335,1125,1124,575,389,0,0.00091586716
Warm C,109110,714,713,575,389,0,0.0014642848
Warm C,73021,494,493,575,389,1,-0.00025607948
Warm C,70575,476,475,575,389,1,-0.00059183594
Warm C,87021,569,568,575,389,0,-0.000615894
Warm C,74498,509,508,575,389,0,0.0052644718
Warm C,46339,310,309,575,389,1,0.0027651272
Warm C,41561,284,283,575,389,0,0.0033264642
Warm C,695645,4169,4168,575,389,0,0.008045206
Warm C,336786,1983,1982,575,389,0,0.0008769296
Warm C,32786,223,222,575,389,0,-0.0012858349
Warm C,234615,1425,1424,575,389,0,0.0015718511
Warm C,10410,75,74,575,389,1,0.0010273554
Warm C,27741,195,194,575,389,1,-0.0026495242
Warm C,6516,48,47,575,389,0,0.013260836
Warm C,233763,1422,1421,575,389,0,0.0029229878
Warm C,78997,531,530,575,389,0,0.008888625
Warm C,19089,148,147,575,389,1,0.0004924082
Warm C,362590,2116,2115,575,389,1,-0.00019726902
Warm C,171087,1088,1087,575,389,0,0.004389407
Warm C,335306,1980,1979,575,389,1,0.0018588331
Warm C,716982,4294,4293,575,389,0,0.012189225
Warm C,342058,2015,2014,575,389,0,0.0025485787
Warm C,257311,1579,1578,575,389,0,-0.0005233516
Warm C,877341,5302,5301,575,389,0,0.0073648794
Warm C,699505,4186,4185,580,390,0,0.01688608
Warm C,748190,4467,4466,580,390,0,0.008386015
Warm C,503161,3090,3089,581,391,0,-5.986041e-05
Warm C,545927,3367,3366,581,391,1,-0.00013704179
Warm C,454414,2796,2795,581,391,0,0.0025811247
Warm C,443650,2737,2736,581,391,1,-0.00086066825
Warm C,695660,4169,4168,581,391,1,0.0123881195
Warm C,790243,4728,4727,581,391,0,0.005315241
Warm C,437691,2674,2673,581,391,1,0.0060256356
Warm C,428190,2605,2604,581,391,1,0.00652743
Warm C,420673,2544,2543,581,391,1,0.005290184
Warm C,416226,2507,2506,581,391,1,0.01079992
Warm C,390563,2293,2292,581,391,1,0.013331414
Warm C,368995,2157,2156,581,391,0,0.0009037341
Warm C,351122,2061,2060,581,391,1,0.0060716486
Warm C,337851,1988,1987,581,391,1,0.002382518
Warm C,330900,1954,1953,581,391,1,0.0073217633
Warm C,297978,1767,1766,581,391,1,0.012590017
Warm C,278435,1680,1679,581,391,1,0.0027516875
Warm C,280641,1685,1684,581,391,1,0.008900747
Warm C,275950,1671,1670,581,391,1,0.012753472
Warm C,273633,1650,1649,581,391,1,0.015165002
Warm C,268675,1632,1631,581,391,0,0.013629381
Warm C,228816,1387,1386,581,391,1,0.005517261
Warm C,220232,1335,1334,581,391,1,0.015072531
Warm C,289111,1727,1726,581,391,1,0.0031543616
Warm C,210441,1285,1284,581,391,1,0.0069833463
Warm C,316042,1883,1882,581,391,1,-4.18094e-06
Warm C,327406,1941,1940,581,391,0,0.004371082
Warm C,165005,1052,1051,581,391,0,0.0016900618
Warm C,166232,1059,1058,581,391,1,0.0034101056
Warm C,225928,1369,1368,581,391,0,0.010878443
Warm C,319745,1899,1898,581,391,1,0.004710938
Warm C,212703,1297,1296,581,391,1,0.0037220414
Warm C,148932,958,957,581,391,1,0.003934456
Warm C,154547,998,997,581,391,1,-0.0062641227
Warm C,184713,1150,1149,581,391,0,0.012470007
Warm C,141102,910,909,581,391,1,0.00092044333
Warm C,139310,891,890,581,391,1,0.0015354133
Warm C,130906,850,849,581,391,1,0.00220966
Warm C,127930,826,825,581,391,1,0.0042103995
Warm C,115744,752,751,581,391,1,0.00569469
Warm C,132185,855,854,581,391,1,0.010396097
Warm C,329040,1943,1942,581,391,1,0.004194434
Warm C,631241,3821,3820,581,391,0,0.000317913
Warm C,89515,590,589,581,391,1,-0.0030516614
Warm C,238472,1448,1447,581,391,1,0.0054810788
Warm C,69361,465,464,581,391,1,-0.0056495187
Warm C,59854,408,407,581,391,1,0.007423136
Warm C,201276,1242,1241,581,391,0,0.002568708
Warm C,47125,319,318,581,391,1,0.0017837945
Warm C,42940,294,293,581,391,1,-0.0055584237
Warm C,42036,285,284,581,391,1,0.0065714153
Warm C,33264,225,224,581,391,1,0.0055001853
Warm C,27442,193,192,581,391,1,0.0046996074
Warm C,133572,864,863,581,391,1,0.0026107654
Warm C,795927,4771,4770,581,391,1,0.0040252563
Warm C,17971,139,138,581,391,1,0.005502231
Warm C,17335,136,135,581,391,0,0.008138077
Warm C,7405,53,52,581,391,1,0.003769294
Warm C,286,5,4,581,391,0,-0.0016192326
Warm C,101818,678,677,581,391,1,0.01628724
Warm C,206555,1266,1265,581,391,1,0.007462457
Warm C,4286,33,32,581,391,1,0.0003107231
Warm C,384587,2247,2246,581,391,1,-0.00045204442
Warm C,49040,329,328,581,391,0,0.00030733738
Warm C,310479,1851,1850,581,391,0,0.002775686
Warm C,514453,3178,3177,581,391,1,0.0045904885
Warm C,262876,1605,1604,581,391,0,0.0018689979
Warm C,580743,3547,3546,581,391,1,0.002804239
Warm C,635619,3832,3831,581,391,1,0.008416706
Warm C,208500,1274,1273,581,391,1,0.0038719713
Warm C,34510,235,234,581,391,1,-0.0018885159
Warm C,763701,4543,4542,581,391,1,0.0118978005
Warm C,840940,5054,5053,581,391,1,0.012196986
Warm C,335323,1980,1979,581,391,1,0.008825411
Warm C,5034,36,35,581,391,1,0.0058805663
Warm C,549598,3391,3390,581,391,1,0.008056629
Warm C,233568,1421,1420,581,391,1,0.00019083032
Warm C,497000,3054,3053,581,391,0,0.00047368894
Warm C,974168,5878,5877,581,391,0,0.008300293
Warm C,891346,5387,5386,581,391,1,0.0058226734
Warm C,825431,4958,4957,581,391,1,0.01180055
Warm C,250380,1509,1508,606,406,0,0.014846196
Warm C,194021,1195,1194,606,406,0,0.015392855
Warm C,328019,1941,1940,606,406,0,0.013872955
Warm C,188946,1172,1171,606,406,0,0.014361599
Warm C,256183,1562,1561,606,406,0,0.009631873
Warm C,183971,1146,1145,606,406,0,0.009403746
Warm C,165634,1056,1055,606,406,0,0.0036861643
Warm C,159223,1017,1016,606,406,0,0.014166532
Warm C,133861,868,867,606,406,1,0.009189577
Warm C,138189,889,888,606,406,0,0.018378498
Warm C,263259,1605,1604,606,406,0,0.008523103
Warm C,126560,817,816,606,406,0,0.0074889907
Warm C,125526,808,807,606,406,0,0.015491375
Warm C,299598,1778,1777,606,406,0,0.020968579
Warm C,92737,621,620,606,406,0,0.009396114
Warm C,115361,749,748,606,406,0,0.007331667
Warm C,81629,543,542,606,406,0,0.01470189
Warm C,51231,337,336,606,406,0,0.015681501
Warm C,48038,321,320,606,406,1,0.0048809424
Warm C,45264,305,304,606,406,0,0.011618052
Warm C,291344,1737,1736,606,406,0,0.006226316
Warm C,99835,667,666,606,406,0,-0.0013754551
Warm C,481776,2962,2961,606,406,0,0.0198966
Warm C,14665,117,116,606,406,0,0.016207933
Warm C,696210,4169,4168,606,406,0,0.019944336
Warm C,164487,1051,1050,606,406,0,0.016288623
Warm C,964012,5812,5811,606,406,0,0.023032939
Warm C,171565,1088,1087,606,406,0,0.016586259
Warm C,366146,2131,2130,606,406,0,0.02199535
Warm C,79350,531,530,606,406,0,0.0071895323
Warm C,136524,881,880,606,406,0,0.01757561
Warm C,474353,2910,2909,606,406,0,0.008548895
Warm C,311279,1854,1853,606,406,0,0.010947804
Warm C,3660,26,25,609,408,0,0.024205036
Warm C,206819,1266,1265,609,408,0,0.023217581
Warm C,552296,3401,3400,609,408,0,0.020822693
Warm C,768696,4579,4578,609,408,0,0.014175858
Warm C,599214,3648,3647,609,408,0,0.01701526
Warm C,272868,1647,1646,609,408,0,0.030855402
Warm C,171568,1088,1087,609,408,0,0.0104034515
Warm C,360729,2106,2105,612,411,0,0.0076476163
Warm C,80703,536,535,612,411,0,-0.00029034726
Warm C,101362,676,675,612,411,0,0.01000644
Warm C,119206,770,769,612,411,0,0.0058097476
Warm C,626734,3792,3791,612,411,0,0.007296824
Warm C,58578,396,395,612,411,0,0.014259761
Warm C,54085,352,351,612,411,0,0.014349266
Warm C,330706,1952,1951,612,411,1,0.006737198
Warm C,234936,1425,1424,612,411,0,0.004598521
Warm C,49699,329,328,612,411,0,0.0076095155
Warm C,3686,26,25,612,411,0,0.0029950708
Warm C,153665,987,986,612,411,1,0.0020824354
Warm C,506134,3113,3112,612,411,0,0.004115157
Warm C,158126,1015,1014,612,411,0,0.013757184
Warm C,892934,5394,5393,612,411,0,0.010085733
Warm C,106033,699,698,612,411,0,0.0076370677
Warm C,317675,1889,1888,612,411,0,0.0055352133
Warm C,476339,2926,2925,612,411,0,0.0043436936
Warm C,468397,2887,2886,612,411,0,0.009034468
Warm C,151580,975,974,613,412,0,0.007199521
Warm C,138208,889,888,613,412,0,-0.0007661008
Warm C,223506,1354,1353,613,412,0,0.0013149031
Warm C,103678,689,688,613,412,1,0.0053659948
Warm C,100826,673,672,613,412,0,-0.0027371454
Warm C,696223,4169,4168,613,412,1,0.0013183975
Warm C,228228,1383,1382,613,412,0,0.005318324
Warm C,71997,482,481,613,412,1,0.006941798
Warm C,74796,509,508,613,412,0,-0.009954245
Warm C,51567,338,337,613,412,1,0.00062072
Warm C,50789,334,333,613,412,1,0.0057681724
Warm C,60965,411,410,613,412,1,0.0026957286
Warm C,26581,187,186,613,412,1,0.0073643504
Warm C,149128,959,958,613,412,1,-0.0014161291
Warm C,891518,5387,5386,613,412,0,-0.0009909393
Warm C,144891,934,933,613,412,0,0.006191397
Warm C,796036,4771,4770,613,412,1,0.0039455253
Warm C,499380,3067,3066,613,412,1,0.011056281
Warm C,187617,1164,1163,613,412,0,-0.000341633
Warm C,79363,531,530,613,412,0,0.008020764
Warm C,739394,4418,4417,613,412,1,0.012555953
Warm C,974302,5878,5877,613,412,1,0.000866401
Warm C,605203,3679,3678,615,413,0,0.012756811
Warm C,42901,293,292,615,413,1,0.00545457
Warm C,249841,1505,1504,615,413,1,0.024453532
Warm C,160046,1019,1018,615,413,1,0.011580976
Warm C,10408,74,73,615,413,1,0.0018831698
Warm C,319314,1897,1896,615,413,0,0.013439278
Warm C,739395,4418,4417,615,413,0,0.006870554
Warm C,431024,2627,2626,627,415,0,0.0077485917
Warm C,426460,2590,2589,627,415,0,0.0015879853
Warm C,399065,2376,2375,627,415,0,0.010142577
Warm C,379188,2215,2214,627,415,1,-0.0059465524
Warm C,368352,2153,2152,627,415,1,0.0060684243
Warm C,349862,2054,2053,627,415,0,0.006056645
Warm C,285292,1701,1700,627,415,1,0.007394665
Warm C,285744,1704,1703,627,415,1,0.007024374
Warm C,279168,1680,1679,627,415,1,0.0056829434
Warm C,205110,1262,1261,627,415,0,-0.0021790978
Warm C,214823,1303,1302,627,415,0,0.00651903
Warm C,374048,2181,2180,627,415,0,-0.002393992
Warm C,329293,1943,1942,627,415,0,0.008794342
Warm C,185236,1150,1149,627,415,1,0.0008638974
Warm C,176021,1113,1112,627,415,0,0.0050015124
Warm C,183982,1146,1145,627,415,0,0.00053734146
Warm C,168419,1069,1068,627,415,0,0.0054879147
Warm C,167201,1064,1063,627,415,0,0.00050921855
Warm C,163815,1050,1049,627,415,1,-0.006061602
Warm C,230512,1395,1394,627,415,1,-0.00024038239
Warm C,148997,958,957,627,415,0,-0.001006183
Warm C,136551,881,880,627,415,0,0.0048512183
Warm C,233392,1420,1419,627,415,1,0.0043391148
Warm C,124863,802,801,627,415,1,0.015010046
Warm C,360743,2106,2105,627,415,0,0.007979844
Warm C,116166,752,751,627,415,1,0.010795133
Warm C,100151,669,668,627,415,1,0.006278156
Warm C,176913,1117,1116,627,415,1,0.0031917267
Warm C,107919,710,709,627,415,0,0.002031126
Warm C,696247,4169,4168,627,415,1,0.0044940193
Warm C,320775,1902,1901,627,415,1,0.010797886
Warm C,60282,409,408,627,415,1,-0.002694766
Warm C,238891,1448,1447,627,415,1,-0.004582832
Warm C,98795,660,659,627,415,0,0.0050531547
Warm C,32388,216,215,627,415,0,0.0021797598
Warm C,88799,587,586,627,415,1,-0.0038159287
Warm C,290177,1733,1732,627,415,0,0.0067127296
Warm C,28501,195,194,627,415,1,0.008705738
Warm C,16782,131,130,627,415,0,0.010521671
Warm C,104295,692,691,627,415,1,0.01246839
Warm C,354889,2077,2076,627,415,1,0.007263645
Warm C,286692,1712,1711,627,415,1,0.003252556
Warm C,65334,438,437,627,415,1,0.0016043466
Warm C,326080,1930,1929,627,415,0,0.008474488
Warm C,682410,4085,4084,627,415,1,0.0055446764
Warm C,497206,3054,3053,627,415,0,-0.00013188575
Warm C,46182,308,307,627,415,1,0.0041014976
Warm C,309601,1842,1841,627,415,1,-0.001781008
Warm C,454581,2796,2795,627,415,0,-0.003989662
Warm C,245775,1484,1483,627,415,1,0.008780295
Warm C,50401,331,330,627,415,1,0.0013706998
Warm C,992882,5998,5997,627,415,0,-0.0062725516
Warm C,763940,4543,4542,627,415,0,0.013878414
Warm C,187621,1164,1163,627,415,1,0.00071109645
Warm C,328061,1941,1940,627,415,1,0.011164007
Warm C,193619,1194,1193,627,415,1,0.010896163
Warm C,234949,1425,1424,627,415,1,0.010122413
Warm C,335855,1980,1979,627,415,0,0.008888034
Warm C,346628,2031,2030,627,415,0,0.005912522
Warm C,575800,3520,3519,627,415,0,0.0051693497
Warm C,261180,1597,1596,627,415,0,0.0007850437
Warm C,80604,535,534,631,417,0,-0.009767314
Warm C,84147,550,549,631,417,0,0.001964762
Warm C,76507,519,518,631,417,1,-0.0076870453
Warm C,46555,310,309,631,417,1,-0.001445216
Warm C,17685,136,135,631,417,0,0.0050943224
Warm C,10580,75,74,631,417,1,-0.0033990927
Warm C,79378,531,530,631,417,0,0.003447558
Warm C,552328,3401,3400,631,417,0,0.010600564
Warm C,183191,1141,1140,631,417,0,0.008030508
Warm C,265073,1611,1610,631,417,0,0.004537435
Warm C,206843,1266,1265,631,417,0,0.0008609607
Warm C,376373,2195,2194,631,417,0,-0.0032649916
Warm C,171604,1088,1087,631,417,0,0.0069140433
Warm C,285299,1701,1700,631,417,0,0.0034176048
Warm C,456449,2810,2809,631,417,0,-0.006988038
Warm C,696267,4169,4168,635,418,1,0.014329229
Warm C,151226,973,972,635,418,0,0.005293807
Warm C,238906,1448,1447,635,418,1,0.0056796907
Warm C,68436,460,459,635,418,0,-0.00020721566
Warm C,47795,319,318,635,418,0,0.012406968
Warm C,363012,2116,2115,635,418,0,0.01924472
Warm C,69058,462,461,635,418,0,0.008252039
Warm C,626759,3792,3791,635,418,0,0.0025566304
Warm C,843911,5074,5073,635,418,1,0.013694742
Warm C,370983,2168,2167,635,418,1,0.00981156
Warm C,342453,2015,2014,635,418,1,0.012583792
Warm C,50426,331,330,635,418,1,0.005270369
Warm C,713029,4277,4276,635,418,0,0.0073404084
Warm C,28533,195,194,635,418,1,0.009954115
Warm C,286701,1712,1711,635,418,1,0.015158825
Warm C,293742,1748,1747,635,418,0,0.00516822
Warm C,245779,1484,1483,635,418,0,0.0016139257
Warm C,537120,3311,3310,637,419,0,0.005363332
Warm C,515465,3182,3181,637,419,0,-0.0023502754
Warm C,516451,3189,3188,637,419,0,0.0016091464
Warm C,488674,3007,3006,637,419,0,-0.0020695438
Warm C,529684,3272,3271,637,419,0,0.0030890154
Warm C,472561,2907,2906,637,419,1,0.01612854
Warm C,870099,5256,5255,637,419,0,0.011375824
Warm C,487033,2996,2995,637,419,0,0.00506988
Warm C,452486,2786,2785,637,419,0,0.00843711
Warm C,450848,2777,2776,637,419,1,0.0012159005
Warm C,448437,2764,2763,637,419,0,0.00398116
Warm C,430074,2621,2620,637,419,0,0.0013749711
Warm C,420467,2541,2540,637,419,1,0.0025072326
Warm C,416582,2507,2506,637,419,0,0.0068480545
Warm C,382480,2235,2234,637,419,1,0.0026676857
Warm C,363015,2116,2115,637,419,1,0.0038086204
Warm C,355963,2085,2084,637,419,0,0.0049889246
Warm C,351810,2063,2062,637,419,0,0.012001859
Warm C,341578,2012,2011,637,419,0,0.005103628
Warm C,340626,2010,2009,637,419,0,0.0015715514
Warm C,281258,1687,1686,637,419,0,0.007151559
Warm C,282628,1694,1693,637,419,0,-0.0012270345
Warm C,268516,1631,1630,637,419,0,0.0006162459
Warm C,265755,1613,1612,637,419,0,0.0052994024
Warm C,309287,1841,1840,637,419,0,0.006286558
Warm C,247668,1496,1495,637,419,0,0.007702048
Warm C,231646,1404,1403,637,419,0,0.011951484
Warm C,269927,1635,1634,637,419,0,0.00520132
Warm C,296796,1759,1758,637,419,1,-0.0012184652
Warm C,261749,1599,1598,637,419,0,0.005016409
Warm C,279196,1680,1679,637,419,0,0.0014801233
Warm C,192359,1184,1183,637,419,0,0.009208771
Warm C,198619,1220,1219,637,419,1,0.01084904
Warm C,172872,1096,1095,637,419,1,0.0021961457
Warm C,328084,1941,1940,637,419,0,0.0025085765
Warm C,272179,1645,1644,637,419,1,0.0053387783
Warm C,255510,1556,1555,637,419,0,0.0013938791
Warm C,167840,1068,1067,637,419,0,0.0049645174
Warm C,136567,881,880,637,419,0,0.0048331353
Warm C,135615,877,876,637,419,0,-0.0012854626
Warm C,248818,1501,1500,637,419,1,0.0040336675
Warm C,128539,832,831,637,419,1,0.0043738517
Warm C,125854,810,809,637,419,0,0.004357892
Warm C,121519,781,780,637,419,0,-0.0034168814
Warm C,112129,730,729,637,419,0,0.0008603543
Warm C,112455,731,730,637,419,0,0.014789305
Warm C,107933,710,709,637,419,0,0.016138662
Warm C,101372,676,675,637,419,0,0.0023541572
Warm C,109285,714,713,637,419,1,0.00021630665
Warm C,97830,655,654,637,419,0,0.005172643
Warm C,96409,647,646,637,419,1,0.004890467
Warm C,329300,1943,1942,637,419,0,0.013179256
Warm C,92545,620,619,637,419,0,0.003907104
Warm C,190890,1181,1180,637,419,0,-0.0035100633
Warm C,84148,550,549,637,419,0,0.0170074
Warm C,77499,524,523,637,419,0,0.010123464
Warm C,72021,482,481,637,419,0,0.0023391056
Warm C,87078,569,568,637,419,1,0.0032124417
Warm C,65340,438,437,637,419,1,-0.0010799149
Warm C,52675,346,345,637,419,1,0.006614695
Warm C,696268,4169,4168,637,419,0,0.01289839
Warm C,39124,264,263,637,419,0,0.006517469
Warm C,98807,660,659,637,419,0,-0.0014113709
Warm C,32413,216,215,637,419,0,0.007552856
Warm C,30159,202,201,637,419,0,0.008477621
Warm C,54678,355,354,637,419,0,-0.00041259825
Warm C,300341,1780,1779,637,419,0,0.008354816
Warm C,21192,155,154,637,419,0,0.00052635
Warm C,304065,1806,1805,637,419,0,0.0058618807
Warm C,9784,66,65,637,419,0,-0.0032404133
Warm C,78449,528,527,637,419,0,0.0040859845
Warm C,119235,770,769,637,419,0,0.0041905637
Warm C,370984,2168,2167,637,419,1,0.0071182973
Warm C,572115,3507,3506,637,419,0,0.010789506
Warm C,106050,699,698,637,419,0,0.01643411
Warm C,383236,2239,2238,637,419,0,0.002650139
Warm C,342454,2015,2014,637,419,0,0.0033952508
Warm C,160070,1019,1018,637,419,1,0.012997048
Warm C,717021,4294,4293,637,419,1,-0.0051569687
Warm C,912805,5520,5519,637,419,0,0.006587683
Warm C,109580,715,714,639,420,0,0.007783586
Warm C,90644,601,600,639,420,1,0.0039944476
Warm C,88807,587,586,639,420,0,0.005690122
Warm C,101373,676,675,639,420,0,0.011895388
Warm C,57300,386,385,639,420,0,0.006130309
Warm C,32415,216,215,639,420,0,0.01158369
Warm C,21759,157,156,639,420,1,0.012215566
Warm C,34911,235,234,639,420,0,0.004208033
Warm C,552329,3401,3400,639,420,0,0.007827189
Warm C,241869,1457,1456,639,420,1,0.01708292
Warm C,860086,5172,5171,639,420,0,0.0052317013
Warm C,777779,4647,4646,639,420,0,0.014077895
Warm C,229622,1390,1389,639,420,0,0.008048242
Warm C,257643,1579,1578,639,420,0,0.012312566
Warm C,331587,1958,1957,639,420,1,0.0023058495
Warm C,902787,5458,5457,639,420,0,0.011480353
Warm C,609129,3693,3692,639,420,0,0.008817911
Warm C,550113,3391,3390,639,420,0,0.0030985156
Warm C,54181,352,351,640,421,0,-0.00884811
Warm C,288602,1724,1723,640,421,0,-0.0050195623
Warm C,696285,4169,4168,640,421,0,-0.0012054145
Warm C,537911,3312,3311,640,421,0,0.011503434
Warm C,9511,62,61,640,421,0,0.006395002
Warm C,104309,692,691,640,421,0,-0.0008084633
Warm C,150583,970,969,640,421,0,-0.0013700142
Warm C,363018,2116,2115,640,421,0,-0.0044830265
Warm C,777786,4647,4646,640,421,0,0.0032001047
Warm C,511851,3158,3157,640,421,0,0.0031007454
Warm C,195432,1203,1202,640,421,0,0.004083221
Warm C,263321,1605,1604,650,424,0,0.015843438
Warm C,169809,1078,1077,650,424,1,0.009251462
Warm C,168438,1069,1068,650,424,0,0.015222784
Warm C,195443,1203,1202,650,424,0,0.016818844
Warm C,138294,889,888,650,424,0,0.01164851
Warm C,124500,801,800,650,424,0,0.0061512096
Warm C,111864,728,727,650,424,0,0.011129058
Warm C,778872,4653,4652,650,424,0,0.011263149
Warm C,100846,673,672,650,424,0,-0.0016008326
Warm C,97839,655,654,650,424,0,0.01425788
Warm C,84168,550,549,650,424,0,0.0155180255
Warm C,53332,352,351,650,424,0,0.0065837945
Warm C,35165,238,237,650,424,0,0.008641404
Warm C,24743,175,174,650,424,1,0.012802642
Warm C,8703,59,58,650,424,0,0.011920669
Warm C,3844,28,27,650,424,0,0.0013503716
Warm C,567,8,7,650,424,1,0.014595282
Warm C,276226,1671,1670,650,424,1,0.016394714
Warm C,76362,518,517,650,424,1,0.016000211
Warm C,567470,3483,3482,650,424,1,0.012784552
Warm C,499425,3067,3066,650,424,1,0.0104068965
Warm C,72040,482,481,650,424,1,0.019156206
Warm C,564414,3471,3470,650,424,0,0.012491456
Warm C,302793,1798,1797,650,424,0,0.004225941
Warm C,202032,1243,1242,650,424,1,0.013781623
Warm C,310680,1851,1850,650,424,0,0.00048825552
Warm C,223534,1354,1353,650,424,1,0.0091261985
Warm C,171625,1088,1087,650,424,1,0.008920034
Warm C,974320,5878,5877,650,424,1,0.006074515
Warm C,567480,3483,3482,662,427,1,0.006597434
Warm C,879882,5317,5316,662,427,0,0.012168162
Warm C,464168,2860,2859,662,427,0,0.0060176747
Warm C,404849,2420,2419,662,427,1,0.003232093
Warm C,411567,2472,2471,662,427,0,0.0015058711
Warm C,364768,2124,2123,662,427,1,0.0069772955
Warm C,349530,2051,2050,662,427,0,0.0016683706
Warm C,361644,2109,2108,662,427,0,0.003551333
Warm C,360078,2105,2104,662,427,0,0.002976148
Warm C,350974,2060,2059,662,427,1,-0.0043202103
Warm C,340649,2010,2009,662,427,0,0.002007768
Warm C,281271,1687,1686,662,427,1,-0.0010071432
Warm C,263914,1606,1605,662,427,1,0.013832042
Warm C,253736,1543,1542,662,427,0,0.0043514003
Warm C,277701,1676,1675,662,427,1,0.008662518
Warm C,214866,1303,1302,662,427,0,0.008438325
Warm C,279277,1680,1679,662,427,0,0.011140933
Warm C,328140,1941,1940,662,427,1,0.00071899436
Warm C,185312,1150,1149,662,427,0,0.009929438
Warm C,307448,1835,1834,662,427,0,0.00888535
Warm C,170055,1081,1080,662,427,0,0.00840951
Warm C,184006,1146,1145,662,427,0,0.0029706897
Warm C,167864,1068,1067,662,427,0,0.011404559
Warm C,156238,1006,1005,662,427,0,0.006549377
Warm C,156876,1010,1009,662,427,0,-5.4473407e-05
Warm C,233410,1420,1419,662,427,0,0.002714935
Warm C,351860,2063,2062,662,427,0,0.009529833
Warm C,263338,1605,1604,662,427,0,0.012072865
Warm C,114852,746,745,662,427,0,0.0015385285
Warm C,107970,710,709,662,427,0,0.008676468
Warm C,116221,752,751,662,427,0,0.0004148574
Warm C,100171,669,668,662,427,0,0.0022717009
Warm C,104327,692,691,662,427,0,0.004698769
Warm C,110825,721,720,662,427,1,0.013040057
Warm C,631579,3821,3820,662,427,0,0.0061273277
Warm C,320786,1902,1901,662,427,0,0.008688926
Warm C,299636,1778,1777,662,427,0,0.009491306
Warm C,360786,2106,2105,662,427,0,0.0063806684
Warm C,291410,1737,1736,662,427,1,-0.0023632029
Warm C,81682,543,542,662,427,1,0.003734434
Warm C,238953,1448,1447,662,427,1,0.001661784
Warm C,72053,482,481,662,427,1,0.002199105
Warm C,74842,509,508,662,427,0,0.0089423675
Warm C,240095,1449,1448,662,427,0,0.0074528093
Warm C,132478,855,854,662,427,0,-0.0035085613
Warm C,33286,225,224,662,427,1,-0.0031196566
Warm C,54301,355,354,662,427,0,0.0095263515
Warm C,115401,749,748,662,427,0,0.00804843
Warm C,270909,1639,1638,662,427,0,0.006334968
Warm C,481832,2962,2961,662,427,0,0.008300571
Warm C,354922,2077,2076,662,427,1,-0.005311137
Warm C,140697,904,903,662,427,0,7.95559e-06
Warm C,688566,4118,4117,662,427,1,0.0041087223
Warm C,363040,2116,2115,662,427,0,0.0072879465
Warm C,265095,1611,1610,662,427,0,0.012148645
Warm C,164562,1051,1050,662,427,0,0.015279166
Warm C,171649,1088,1087,662,427,0,-0.002173357
Warm C,556556,3420,3419,662,427,1,-0.00094379374
Warm C,79407,531,530,662,427,1,-0.00035043713
Warm C,599263,3648,3647,662,427,1,-0.002083987
Warm C,309613,1842,1841,662,427,0,0.009465748
Warm C,907642,5492,5491,662,427,0,0.0011854748
Warm C,331615,1958,1957,662,427,0,0.008089659
Warm C,473648,2909,2908,662,427,0,0.0044164807
Warm C,882976,5333,5332,662,427,0,-0.0015809671
Warm C,290225,1733,1732,662,427,0,0.0028585799
Warm C,62961,424,423,662,427,1,0.005519471
Warm C,468437,2887,2886,662,427,0,0.012863981
Warm C,421027,2544,2543,680,433,0,0.01675456
Warm C,208804,1274,1273,680,433,0,0.0107682105
Warm C,322397,1912,1911,680,433,0,0.015151655
Warm C,372641,2176,2175,680,433,1,0.00905491
Warm C,420486,2541,2540,691,435,1,-0.0020645126
Warm C,463771,2858,2857,691,435,1,0.0024574674
Warm C,395161,2334,2333,691,435,1,-0.001004558
Warm C,393868,2320,2319,691,435,0,-0.0022299483
Warm C,364455,2123,2122,691,435,1,-0.0018948736
Warm C,363079,2116,2115,691,435,0,0.0036784392
Warm C,283561,1697,1696,691,435,1,0.015752513
Warm C,268544,1631,1630,691,435,0,0.0116957985
Warm C,255274,1554,1553,691,435,0,0.0061690407
Warm C,259501,1587,1586,691,435,0,0.012111867
Warm C,222401,1345,1344,691,435,1,0.0036277412
Warm C,277740,1676,1675,691,435,0,0.014779301
Warm C,279355,1680,1679,691,435,1,-0.0019712106
Warm C,236397,1434,1433,691,435,1,0.002716066
Warm C,189620,1175,1174,691,435,1,-0.0037385619
Warm C,186768,1156,1155,691,435,1,0.010669508
Warm C,188994,1172,1171,691,435,1,0.012426486
Warm C,316281,1883,1882,691,435,0,0.008470857
Warm C,201590,1242,1241,691,435,0,0.008498624
Warm C,174839,1107,1106,691,435,0,0.011029489
Warm C,188242,1168,1167,691,435,0,0.008758989
Warm C,169818,1078,1077,691,435,0,0.0098689385
Warm C,328203,1941,1940,691,435,1,0.0017716191
Warm C,164607,1051,1050,691,435,0,0.01414933
Warm C,189381,1173,1172,691,435,0,0.011298263
Warm C,324446,1922,1921,691,435,0,0.006919192
Warm C,144942,934,933,691,435,0,0.016173946
Warm C,140277,899,898,691,435,0,0.017896205
Warm C,156922,1010,1009,691,435,0,0.007044734
Warm C,134325,869,868,691,435,0,0.009588729
Warm C,360832,2106,2105,691,435,0,0.004016146
Warm C,117840,759,758,691,435,0,0.005996396
Warm C,120143,776,775,691,435,1,0.008637502
Warm C,92553,620,619,691,435,0,0.0026753126
Warm C,244009,1470,1469,691,435,0,0.015986301
Warm C,291441,1737,1736,691,435,1,-0.00052956166
Warm C,198193,1218,1217,691,435,0,0.0046583298
Warm C,76699,520,519,691,435,1,0.004673052
Warm C,68743,461,460,691,435,0,0.012235867
Warm C,64636,432,431,691,435,1,0.0031877868
Warm C,626817,3792,3791,691,435,0,0.0042988635
Warm C,78490,528,527,691,435,0,0.008903052
Warm C,47219,319,318,691,435,0,0.005346393
Warm C,110852,721,720,691,435,0,0.0030515185
Warm C,49153,329,328,691,435,0,0.014534038
Warm C,6257,45,44,691,435,1,-0.0045200186
Warm C,5448,38,37,691,435,0,-0.0052123303
Warm C,79446,531,530,691,435,0,0.013215909
Warm C,20613,151,150,691,435,0,0.014932705
Warm C,335972,1980,1979,691,435,0,0.026799023
Warm C,682497,4085,4084,691,435,1,0.009011914
Warm C,882999,5333,5332,691,435,0,-0.0010805142
Warm C,489640,3013,3012,691,435,0,0.006682585
Warm C,45766,308,307,691,435,0,0.013902955
Warm C,331651,1958,1957,691,435,0,0.01620433
Warm C,52038,343,342,691,435,1,0.0034218086
Warm C,476370,2926,2925,691,435,0,0.006181283
Warm C,206364,1265,1264,691,435,0,0.0029827626
Warm C,507782,3125,3124,691,435,1,0.0051259813
Warm C,831939,5001,5000,691,435,1,0.0061361836
Warm C,310710,1851,1850,691,435,0,0.009188937
Warm C,376837,2200,2199,692,436,0,-0.005128248
Warm C,370728,2167,2166,692,436,0,-0.0016667477
Warm C,366180,2131,2130,692,436,0,0.0026262368
Warm C,340681,2010,2009,692,436,0,0.0018002926
Warm C,341625,2012,2011,692,436,0,-0.0009164099
Warm C,297528,1764,1763,692,436,1,0.0062151058
Warm C,292348,1741,1740,692,436,0,-0.003075404
Warm C,276998,1675,1674,692,436,0,6.6510634e-05
Warm C,271475,1641,1640,692,436,0,-0.0013221824
Warm C,268344,1630,1629,692,436,0,0.001092212
Warm C,247731,1496,1495,692,436,0,0.0011378749
Warm C,376393,2195,2194,692,436,1,0.001834479
Warm C,227169,1377,1376,692,436,0,-0.005048818
Warm C,233076,1418,1417,692,436,0,0.0013591354
Warm C,267223,1624,1623,692,436,0,-0.007198032
Warm C,200345,1230,1229,692,436,0,0.00022260938
Warm C,328204,1941,1940,692,436,0,0.0026597874
Warm C,191005,1181,1180,692,436,0,-0.004619263
Warm C,227627,1380,1379,692,436,0,0.010834625
Warm C,314491,1878,1877,692,436,0,-0.010717974
Warm C,156923,1010,1009,692,436,0,0.0043289075
Warm C,138372,889,888,692,436,0,-0.0053440467
Warm C,136628,881,880,692,436,0,0.0019064955
Warm C,121871,785,784,692,436,1,0.009851742
Warm C,120440,777,776,692,436,0,-0.007304811
Warm C,108728,712,711,692,436,0,0.0030757203
Warm C,99322,662,661,692,436,0,-0.005758159
Warm C,713125,4277,4276,692,436,0,-0.003978443
Warm C,86140,563,562,692,436,0,0.0072801607
Warm C,74415,508,507,692,436,0,-0.0051085297
Warm C,70807,476,475,692,436,1,0.00077624083
Warm C,51081,337,336,692,436,0,0.0005485052
Warm C,44224,302,301,692,436,0,0.009888624
Warm C,36225,245,244,692,436,0,0.0022444185
Warm C,35730,242,241,692,436,0,0.008747373
Warm C,291442,1737,1736,692,436,0,-0.003908358
Warm C,25311,179,178,692,436,0,-7.831887e-05
Warm C,22317,163,162,692,436,0,-0.001803434
Warm C,27880,195,194,692,436,1,0.010338687
Warm C,27000,192,191,692,436,0,-0.0030322159
Warm C,10160,73,72,692,436,1,-0.00047437905
Warm C,311966,1860,1859,692,436,0,0.0106423125
Warm C,56018,372,371,692,436,1,0.0028132554
Warm C,237968,1447,1446,692,436,0,0.0024262983
Warm C,109821,716,715,692,436,0,0.00058395835
Warm C,272985,1647,1646,692,436,0,-0.00089901127
Warm C,515513,3182,3181,694,437,0,0.006629673
Warm C,502169,3082,3081,694,437,0,0.015254513
Warm C,497931,3056,3055,694,437,0,0.009873745
Warm C,494204,3032,3031,694,437,1,-0.004296976
Warm C,486295,2994,2993,694,437,0,0.0041552195
Warm C,473700,2909,2908,694,437,1,0.011416696
Warm C,469681,2894,2893,694,437,0,-0.005198763
Warm C,463348,2857,2856,694,437,0,0.009472361
Warm C,460317,2840,2839,694,437,0,0.006131205
Warm C,415258,2500,2499,694,437,1,0.010608537
Warm C,436472,2665,2664,694,437,1,0.012772972
Warm C,387549,2265,2264,694,437,0,-0.0035087909
Warm C,377276,2203,2202,694,437,1,0.017509516
Warm C,375118,2186,2185,694,437,0,0.0058552865
Warm C,370277,2165,2164,694,437,1,0.012493506
Warm C,367225,2143,2142,694,437,0,0.0033058685
Warm C,351923,2063,2062,694,437,0,0.014567029
Warm C,337046,1983,1982,694,437,1,0.012255712
Warm C,297529,1764,1763,694,437,0,0.009129084
Warm C,288903,1726,1725,694,437,0,0.008124258
Warm C,312350,1861,1860,694,437,0,0.005624975
Warm C,303033,1800,1799,694,437,0,0.009285543
Warm C,360834,2106,2105,694,437,0,0.0077267047
Warm C,242834,1465,1464,694,437,0,0.011067199
Warm C,232678,1414,1413,694,437,0,0.004921503
Warm C,283203,1696,1695,694,437,0,0.013336403
Warm C,356849,2090,2089,694,437,1,0.011231159
Warm C,244447,1472,1471,694,437,0,0.01415886
Warm C,337471,1984,1983,694,437,0,0.012017689
Warm C,233078,1418,1417,694,437,0,0.007975767
Warm C,227170,1377,1376,694,437,0,0.010956553
Warm C,267225,1624,1623,694,437,0,0.004111429
Warm C,179138,1124,1123,694,437,0,0.0066833002
Warm C,173113,1097,1096,694,437,0,0.015776917
Warm C,248854,1501,1500,694,437,1,0.0076602222
Warm C,328205,1941,1940,694,437,0,0.0022436162
Warm C,167889,1068,1067,694,437,0,0.002953418
Warm C,170251,1084,1083,694,437,0,0.014457395
Warm C,189382,1173,1172,694,437,0,0.012099855
Warm C,227628,1380,1379,694,437,0,0.012932073
Warm C,155901,1004,1003,694,437,0,0.013732917
Warm C,154881,999,998,694,437,0,0.0122701265
Warm C,153082,984,983,694,437,0,0.016574478
Warm C,191006,1181,1180,694,437,0,0.01427738
Warm C,156925,1010,1009,694,437,0,0.013082942
Warm C,277000,1675,1674,694,437,0,0.01184462
Warm C,136630,881,880,694,437,0,0.010155572
Warm C,107465,708,707,694,437,0,-0.00023942906
Warm C,104865,695,694,694,437,0,-0.0018490737
Warm C,99323,662,661,694,437,1,0.0119245015
Warm C,98855,660,659,694,437,0,0.0042806068
Warm C,713126,4277,4276,694,437,0,0.007702732
Warm C,886914,5359,5358,694,437,0,0.009086949
Warm C,238996,1448,1447,694,437,0,0.011424294
Warm C,77581,524,523,694,437,1,0.025935583
Warm C,119290,770,769,694,437,0,0.0033149887
Warm C,68744,461,460,694,437,0,0.0096910335
Warm C,240145,1449,1448,694,437,0,0.021640658
Warm C,132505,855,854,694,437,0,0.016572285
Warm C,37981,260,259,694,437,1,0.010946365
Warm C,35731,242,241,694,437,0,0.0057173045
Warm C,29041,199,198,694,437,0,0.011134881
Warm C,31175,210,209,694,437,1,0.0013325736
Warm C,22319,163,162,694,437,0,0.005272697
Warm C,14167,116,115,694,437,1,0.003044391
Warm C,14352,117,116,694,437,1,0.0070397854
Warm C,27001,192,191,694,437,0,0.007811087
Warm C,7495,53,52,694,437,0,0.014444621
Warm C,3482,26,25,694,437,0,0.005699203
Warm C,389447,2282,2281,694,437,1,0.01135665
Warm C,696379,4169,4168,694,437,0,0.018150706
Warm C,790449,4728,4727,694,437,0,0.0041828714
Warm C,342528,2015,2014,694,437,0,0.009263844
Warm C,682498,4085,4084,694,437,0,0.016826812
Warm C,106096,699,698,694,437,1,0.0111409975
Warm C,599291,3648,3647,694,437,0,0.007117225
Warm C,293781,1748,1747,694,437,0,0.011001201
Warm C,195494,1203,1202,694,437,0,0.02275375
Warm C,509830,3140,3139,694,437,0,0.009487237
Warm C,966826,5831,5830,694,437,0,0.012565795
Warm C,272986,1647,1646,694,437,0,0.015271323
Warm C,560867,3450,3449,695,438,0,0.004927499
Warm C,555814,3416,3415,695,438,0,0.010711327
Warm C,577236,3526,3525,695,438,0,0.0006040669
Warm C,502170,3082,3081,695,438,0,0.015097357
Warm C,498433,3060,3059,695,438,0,0.0036548013
Warm C,495888,3045,3044,695,438,0,0.011476717
Warm C,473701,2909,2908,695,438,1,0.0047815014
Warm C,463349,2857,2856,695,438,1,0.017558465
Warm C,490800,3018,3017,695,438,0,0.00036018481
Warm C,450295,2776,2775,695,438,0,0.0143636335
Warm C,449000,2768,2767,695,438,1,0.00861794
Warm C,450910,2777,2776,695,438,1,0.015524175
Warm C,444676,2743,2742,695,438,1,0.0032394286
Warm C,441010,2700,2699,695,438,1,-0.0029967292
Warm C,438993,2682,2681,695,438,0,0.012238993
Warm C,431949,2632,2631,695,438,1,-0.0042732484
Warm C,428595,2608,2607,695,438,0,0.0068781055
Warm C,425336,2581,2580,695,438,1,0.013665082
Warm C,416105,2506,2505,695,438,1,-0.0012405391
Warm C,416653,2507,2506,695,438,0,0.008595993
Warm C,408251,2453,2452,695,438,1,0.017974716
Warm C,406680,2441,2440,695,438,1,-1.5890691e-05
Warm C,411582,2472,2471,695,438,0,0.005584318
Warm C,401227,2391,2390,695,438,1,0.0053557027
Warm C,399106,2376,2375,695,438,0,0.0030332026
Warm C,422496,2559,2558,695,438,0,0.006674902
Warm C,378383,2208,2207,695,438,0,0.00334637
Warm C,369520,2162,2161,695,438,1,0.009603948
Warm C,367132,2142,2141,695,438,0,0.0086919535
Warm C,351924,2063,2062,695,438,0,0.008890736
Warm C,329363,1943,1942,695,438,0,0.009497251
Warm C,281815,1690,1689,695,438,1,0.013486769
Warm C,263921,1606,1605,695,438,1,0.0023752644
Warm C,251545,1521,1520,695,438,0,-4.5148365e-05
Warm C,279357,1680,1679,695,438,1,0.011778329
Warm C,210172,1284,1283,695,438,0,0.0068402626
Warm C,196547,1207,1206,695,438,0,0.011245231
Warm C,219889,1333,1332,695,438,0,0.0046317503
Warm C,185355,1150,1149,695,438,0,0.011657243
Warm C,178656,1121,1120,695,438,1,0.012335813
Warm C,331652,1958,1957,695,438,1,0.008290503
Warm C,184022,1146,1145,695,438,0,0.019493496
Warm C,165234,1053,1052,695,438,1,0.011311846
Warm C,186134,1151,1150,695,438,0,0.0069092107
Warm C,337047,1983,1982,695,438,1,0.015379202
Warm C,149619,963,962,695,438,0,0.0049851583
Warm C,221384,1340,1339,695,438,0,0.016932795
Warm C,147943,953,952,695,438,1,0.0026846002
Warm C,195495,1203,1202,695,438,0,0.011594592
Warm C,145362,935,934,695,438,0,-0.00026126066
Warm C,140541,903,902,695,438,0,0.0038697114
Warm C,138373,889,888,695,438,0,0.0116497725
Warm C,126883,818,817,695,438,0,0.0073259445
Warm C,175022,1109,1108,695,438,0,0.01118377
Warm C,110132,718,717,695,438,0,-0.004726627
Warm C,203486,1248,1247,695,438,0,0.0023073768
Warm C,113336,735,734,695,438,0,0.01294331
Warm C,250404,1509,1508,695,438,0,0.011199425
Warm C,81715,543,542,695,438,1,0.00034383452
Warm C,115416,749,748,695,438,0,0.007216461
Warm C,53451,352,351,695,438,0,0.014796103
Warm C,110854,721,720,695,438,0,0.001042303
Warm C,46236,309,308,695,438,0,0.0139312
Warm C,32679,221,220,695,438,0,0.0055942643
Warm C,22320,163,162,695,438,0,0.014795707
Warm C,8344,58,57,695,438,1,0.014678472
Warm C,481854,2962,2961,695,438,0,0.008793168
Warm C,76700,520,519,695,438,0,0.004064279
Warm C,453793,2793,2792,695,438,0,0.014240555
Warm C,150615,970,969,695,438,0,0.0062055914
Warm C,164610,1051,1050,695,438,0,0.01523334
Warm C,548707,3387,3386,695,438,0,0.0067970403
Warm C,807616,4834,4833,695,438,1,0.0036773751
Warm C,156926,1010,1009,695,438,0,0.008502858
Warm C,193688,1194,1193,695,438,1,0.010545003
Warm C,331653,1958,1957,697,439,0,0.015847117
Warm C,116262,752,751,697,439,0,0.009297868
Warm C,332689,1962,1961,697,439,0,0.006089372
Warm C,228307,1383,1382,697,439,0,0.01375045
Warm C,87279,570,569,697,439,0,0.0006712964
Warm C,72090,482,481,697,439,1,0.004558141
Warm C,76701,520,519,697,439,0,0.016298171
Warm C,74870,509,508,697,439,1,-0.0011870791
Warm C,53452,352,351,697,439,0,0.008290277
Warm C,52449,346,345,697,439,0,0.00687977
Warm C,78492,528,527,697,439,0,0.016350627
Warm C,696380,4169,4168,697,439,0,0.018728577
Warm C,98856,660,659,697,439,0,0.0036848704
Warm C,308670,1837,1836,697,439,0,0.013109605
Warm C,26262,187,186,697,439,1,0.0023746716
Warm C,22321,163,162,697,439,0,0.008713546
Warm C,7496,53,52,697,439,1,0.01098285
Warm C,6261,45,44,697,439,0,0.00262897
Warm C,360835,2106,2105,697,439,0,0.004696967
Warm C,506141,3113,3112,697,439,0,0.0012405366
Warm C,892992,5394,5393,697,439,0,0.012551355
Warm C,66070,442,441,697,439,0,0.020063242
Warm C,195496,1203,1202,697,439,0,0.012485409
Warm C,720098,4312,4311,697,439,0,0.012091172
Warm C,324971,1925,1924,697,439,0,0.01408045
Warm C,537616,3311,3310,700,440,1,0.011416553
Warm C,536363,3308,3307,700,440,1,0.020240877
Warm C,520232,3208,3207,700,440,1,0.017992053
Warm C,493647,3031,3030,700,440,1,0.022821695
Warm C,471513,2900,2899,700,440,0,0.015039137
Warm C,469309,2889,2888,700,440,1,0.011432588
Warm C,458557,2823,2822,700,440,0,0.0068577835
Warm C,455675,2806,2805,700,440,0,0.0111248335
Warm C,451302,2777,2776,700,440,1,0.00882926
Warm C,447233,2755,2754,700,440,1,0.009714828
Warm C,445430,2747,2746,700,440,1,0.010152266
Warm C,446594,2752,2751,700,440,0,0.01151069
Warm C,440394,2692,2691,700,440,0,0.018235631
Warm C,419110,2529,2528,700,440,0,0.007024682
Warm C,417494,2517,2516,700,440,0,0.010455878
Warm C,405599,2429,2428,700,440,0,0.006372579
Warm C,390270,2288,2287,700,440,0,0.008780203
Warm C,385011,2249,2248,700,440,1,0.012943583
Warm C,369598,2162,2161,700,440,1,0.014509998
Warm C,345239,2024,2023,700,440,0,0.004354974
Warm C,344981,2023,2022,700,440,1,0.014463287
Warm C,341048,2010,2009,700,440,0,0.0065825833
Warm C,338647,1992,1991,700,440,0,0.0058897873
Warm C,325921,1928,1927,700,440,0,0.011222031
Warm C,290838,1735,1734,700,440,0,0.003866842
Warm C,283703,1697,1696,700,440,0,0.01320618
Warm C,297822,1764,1763,700,440,1,0.014681053
Warm C,259753,1587,1586,700,440,0,0.009096869
Warm C,260776,1593,1592,700,440,1,0.007317261
Warm C,231816,1404,1403,700,440,0,0.008482144
Warm C,213776,1298,1297,700,440,0,0.011085812
Warm C,213163,1297,1296,700,440,0,0.014277754
Warm C,278121,1676,1675,700,440,1,0.021906361
Warm C,205476,1263,1262,700,440,0,0.015634818
Warm C,309029,1837,1836,700,440,0,0.017764427
Warm C,184518,1147,1146,700,440,0,0.0029813908
Warm C,173021,1096,1095,700,440,0,0.009730232
Warm C,164981,1051,1050,700,440,1,0.0226713
Warm C,185955,1150,1149,700,440,0,0.014231021
Warm C,137056,881,880,700,440,0,0.023087718
Warm C,332939,1962,1961,700,440,0,0.011245538
Warm C,263803,1605,1604,700,440,0,0.009708164
Warm C,119645,770,769,700,440,0,0.015124558
Warm C,111543,726,725,700,440,1,0.003958433
Warm C,106416,699,698,700,440,1,0.015076606
Warm C,100396,669,668,700,440,1,0.010475228
Warm C,101583,676,675,700,440,0,0.0045153033
Warm C,764237,4543,4542,700,440,0,0.023769353
Warm C,631930,3821,3820,700,440,0,0.00901223
Warm C,83685,549,548,700,440,1,0.020037409
Warm C,84661,550,549,700,440,0,0.008872423
Warm C,78039,524,523,700,440,1,0.013925369
Warm C,72509,483,482,700,440,1,0.0112429205
Warm C,116728,752,751,700,440,1,0.009143433
Warm C,67645,453,452,700,440,0,0.009234896
Warm C,64438,429,428,700,440,1,0.008003023
Warm C,57293,386,385,700,440,1,0.012086181
Warm C,51981,342,341,700,440,0,0.0058208224
Warm C,132789,855,854,700,440,0,0.012579186
Warm C,46552,310,309,700,440,1,0.009213246
Warm C,44865,302,301,700,440,0,0.019630015
Warm C,40132,271,270,700,440,1,0.014718248
Warm C,33728,225,224,700,440,1,0.0015505347
Warm C,337315,1983,1982,700,440,1,0.016820878
Warm C,240699,1449,1448,700,440,0,0.02074892
Warm C,180935,1130,1129,700,440,1,0.011158641
Warm C,54676,355,354,700,440,1,0.009758104
Warm C,239470,1448,1447,700,440,1,0.011241637
Warm C,10578,75,74,700,440,1,0.012601812
Warm C,421360,2544,2543,700,440,1,0.004939917
Warm C,179324,1124,1123,700,440,1,0.009807781
Warm C,65661,438,437,700,440,0,0.013491821
Warm C,363533,2116,2115,700,440,0,0.016087074
Warm C,58267,392,391,700,440,1,0.02002902
Warm C,680858,4079,4078,700,440,1,0.008283349
Warm C,964290,5812,5811,700,440,1,0.020462926
Warm C,332037,1958,1957,700,440,0,0.022177726
Warm C,599573,3648,3647,700,440,0,0.018407375
Warm C,134722,869,868,700,440,1,0.020794293
Warm C,251302,1516,1515,700,440,0,0.016669065
Warm C,61007,411,410,700,440,0,0.017266199
Warm C,479850,2944,2943,700,440,1,0.0049281027
Warm C,461716,2847,2846,700,440,0,0.012657375
Warm C,550755,3391,3390,700,440,1,0.014020717
Warm C,974489,5878,5877,700,440,0,0.018644352
Warm C,451311,2777,2776,709,443,0,0.010153735
Warm C,448625,2764,2763,709,443,0,0.0023847967
Warm C,445758,2748,2747,709,443,0,-0.0003449315
Warm C,422882,2562,2561,709,443,1,0.007337136
Warm C,415623,2503,2502,709,443,0,0.007733725
Warm C,409890,2457,2456,709,443,0,0.00229164
Warm C,396543,2346,2345,709,443,0,0.0065991185
Warm C,419121,2529,2528,709,443,1,0.0055389553
Warm C,385803,2255,2254,709,443,0,0.0045652194
Warm C,374561,2181,2180,709,443,0,0.014961637
Warm C,369135,2157,2156,709,443,0,0.00077987445
Warm C,367800,2147,2146,709,443,0,0.0006704964
Warm C,345940,2029,2028,709,443,0,0.0023352986
Warm C,359044,2100,2099,709,443,0,0.011591157
Warm C,354435,2073,2072,709,443,1,0.009305831
Warm C,347073,2035,2034,709,443,0,0.0052064103
Warm C,339815,2003,2002,709,443,0,-0.003544509
Warm C,327080,1938,1937,709,443,0,0.008416234
Warm C,321122,1903,1902,709,443,0,0.0063824765
Warm C,313641,1871,1870,709,443,0,-0.0034990225
Warm C,310460,1850,1849,709,443,1,-2.8033974e-05
Warm C,289664,1728,1727,709,443,1,0.0040963795
Warm C,283711,1697,1696,709,443,1,0.004660153
Warm C,278132,1676,1675,709,443,1,0.00652809
Warm C,280217,1680,1679,709,443,0,0.013943958
Warm C,270346,1635,1634,709,443,0,0.009796167
Warm C,269412,1632,1631,709,443,0,0.0026037283
Warm C,266203,1613,1612,709,443,0,0.006539072
Warm C,346508,2030,2029,709,443,0,0.008648828
Warm C,300668,1780,1779,709,443,0,0.0069558253
Warm C,361230,2106,2105,709,443,0,0.004597065
Warm C,247419,1495,1494,709,443,0,-0.002567092
Warm C,237265,1442,1441,709,443,0,0.006195547
Warm C,224917,1359,1358,709,443,0,0.0057483255
Warm C,222816,1348,1347,709,443,1,-0.0024114551
Warm C,218734,1325,1324,709,443,0,0.012684663
Warm C,216288,1312,1311,709,443,0,0.0063173445
Warm C,299906,1778,1777,709,443,1,0.0019080538
Warm C,328942,1941,1940,709,443,0,0.00991966
Warm C,249108,1501,1500,709,443,1,-0.0016599782
Warm C,168160,1068,1067,709,443,0,0.008155575
Warm C,353591,2071,2070,709,443,0,0.00964676
Warm C,175884,1112,1111,709,443,1,0.009450611
Warm C,165861,1057,1056,709,443,0,0.007031228
Warm C,134735,869,868,709,443,0,0.013336837
Warm C,128810,836,835,709,443,0,0.004705983
Warm C,124370,800,799,709,443,1,0.0059034675
Warm C,123002,793,792,709,443,1,0.006467565
Warm C,115068,746,745,709,443,0,-0.0008018643
Warm C,272463,1645,1644,709,443,1,-0.00291978
Warm C,102950,681,680,709,443,0,0.008351947
Warm C,352534,2063,2062,709,443,0,0.007698392
Warm C,109523,714,713,709,443,1,0.0063107237
Warm C,93921,629,628,709,443,0,0.0018291716
Warm C,425864,2583,2582,709,443,0,0.0066424278
Warm C,363545,2116,2115,709,443,1,0.0055349427
Warm C,86307,563,562,709,443,0,0.00815376
Warm C,80825,536,535,709,443,1,0.011618573
Warm C,84674,550,549,709,443,1,0.012972196
Warm C,75315,510,509,709,443,1,0.00079909526
Warm C,65665,438,437,709,443,1,0.00095039187
Warm C,51841,340,339,709,443,0,-0.0025241878
Warm C,15074,119,118,709,443,0,0.010014949
Warm C,10583,75,74,709,443,1,-0.004018786
Warm C,207251,1266,1265,709,443,0,0.0058372896
Warm C,79852,531,530,709,443,1,0.007394162
Warm C,139300,890,889,709,443,1,0.0033088098
Warm C,605434,3679,3678,709,443,1,0.004826764
Warm C,386259,2258,2257,709,443,0,0.009504558
Warm C,110014,716,715,709,443,1,-0.003334607
Warm C,688684,4118,4117,709,443,1,0.0054501174
Warm C,334140,1969,1968,709,443,1,-0.0033621946
Warm C,240716,1449,1448,709,443,0,0.011142869
Warm C,12188,92,91,709,443,0,0.01411894
Warm C,164993,1051,1050,709,443,1,0.0073891454
Warm C,102782,678,677,709,443,1,0.009005582
Warm C,12896,99,98,709,443,0,0.006575042
Warm C,344985,2023,2022,709,443,1,0.008616921
Warm C,28537,195,194,709,443,0,0.007831916
Warm C,795556,4765,4764,709,443,0,0.0066047683
Warm C,178494,1120,1119,709,443,0,0.003874111
Warm C,893146,5394,5393,709,443,0,0.0130898245
Warm C,26030,184,183,709,443,0,-0.0025694007
Warm C,887031,5359,5358,709,443,0,0.0039393236
Warm C,40145,271,270,711,444,0,0.00885869
Warm C,222818,1348,1347,711,444,0,0.0040792106
Warm C,535207,3301,3300,714,445,1,0.011762012
Warm C,527720,3261,3260,714,445,0,0.012642693
Warm C,584931,3569,3568,714,445,1,0.022436453
Warm C,514094,3172,3171,714,445,1,0.012414917
Warm C,816138,4899,4898,714,445,1,0.010792853
Warm C,506992,3118,3117,714,445,1,0.007988361
Warm C,505772,3110,3109,714,445,1,0.010784222
Warm C,501593,3080,3079,714,445,0,0.008486326
Warm C,513622,3167,3166,714,445,1,0.011521183
Warm C,497797,3055,3054,714,445,1,-0.0031903556
Warm C,497510,3054,3053,714,445,0,0.00464956
Warm C,696913,4169,4168,714,445,0,0.020298526
Warm C,474880,2913,2912,714,445,1,0.008828909
Warm C,889037,5367,5366,714,445,1,0.029364698
Warm C,460939,2841,2840,714,445,1,0.025496332
Warm C,458560,2823,2822,714,445,0,0.010172546
Warm C,445042,2744,2743,714,445,0,0.0016939335
Warm C,417071,2507,2506,714,445,1,0.017254997
Warm C,371912,2172,2171,714,445,0,0.017470233
Warm C,375798,2188,2187,714,445,0,0.014841177
Warm C,369423,2161,2160,714,445,0,0.00970604
Warm C,369249,2158,2157,714,445,1,-0.004206257
Warm C,366495,2134,2133,714,445,1,0.0028773285
Warm C,325105,1925,1924,714,445,1,0.004400188
Warm C,305247,1812,1811,714,445,1,0.013999131
Warm C,289103,1726,1725,714,445,1,0.009001437
Warm C,284674,1698,1697,714,445,1,0.010853385
Warm C,274615,1658,1657,714,445,0,0.011320388
Warm C,270360,1635,1634,714,445,0,0.02737132
Warm C,251372,1517,1516,714,445,1,0.010521229
Warm C,233565,1420,1419,714,445,1,0.0023967144
Warm C,206194,1264,1263,714,445,1,0.0142231975
Warm C,308265,1836,1835,714,445,1,0.0047528767
Warm C,213793,1298,1297,714,445,1,0.013881005
Warm C,321923,1911,1910,714,445,0,0.010861701
Warm C,294616,1749,1748,714,445,0,0.009259779
Warm C,309047,1837,1836,714,445,0,0.003789999
Warm C,197553,1211,1210,714,445,0,0.014934737
Warm C,184537,1147,1146,714,445,1,0.009577237
Warm C,181528,1134,1133,714,445,1,0.01596959
Warm C,204851,1260,1259,714,445,1,0.0084852725
Warm C,162100,1033,1032,714,445,1,0.008811955
Warm C,169743,1077,1076,714,445,1,0.022182042
Warm C,230706,1395,1394,714,445,1,0.010588309
Warm C,160588,1019,1018,714,445,1,0.019755825
Warm C,157403,1010,1009,714,445,1,0.013436884
Warm C,158866,1015,1014,714,445,1,0.013420471
Warm C,152116,977,976,714,445,0,0.015277116
Warm C,185987,1150,1149,714,445,0,0.022086084
Warm C,139077,889,888,714,445,1,0.021821324
Warm C,352549,2063,2062,714,445,1,0.022834059
Warm C,240737,1449,1448,714,445,0,0.019683138
Warm C,117940,760,759,714,445,1,0.0085914545
Warm C,223899,1354,1353,714,445,0,0.016950337
Warm C,93118,623,622,714,445,0,0.010011047
Warm C,79904,532,531,714,445,1,0.0041923663
Warm C,239494,1448,1447,714,445,0,0.02628562
Warm C,67924,454,453,714,445,1,0.022261605
Warm C,70324,474,473,714,445,1,0.008295032
Warm C,60002,408,407,714,445,1,0.009449292
Warm C,57305,386,385,714,445,1,0.023681259
Warm C,54183,352,351,714,445,0,0.01683102
Warm C,108440,710,709,714,445,1,0.017167237
Warm C,440261,2691,2690,714,445,1,0.013986703
Warm C,42938,293,292,714,445,1,0.0028068316
Warm C,33751,225,224,714,445,0,0.025393954
Warm C,32783,222,221,714,445,1,0.010914467
Warm C,16806,131,130,714,445,0,0.018514423
Warm C,562000,3457,3456,714,445,0,0.013768541
Warm C,290687,1733,1732,714,445,1,0.018125754
Warm C,451,5,4,714,445,1,0.014657283
Warm C,104660,692,691,714,445,1,0.017367892
Warm C,458421,2820,2819,714,445,1,0.00040014274
Warm C,890144,5371,5370,714,445,1,0.002586083
Warm C,743133,4445,4444,714,445,0,0.0060787685
Warm C,285022,1699,1698,714,445,1,0.0139550585
Warm C,286995,1712,1711,714,445,0,0.0149303265
Warm C,330861,1952,1951,714,445,0,0.008249057
Warm C,238456,1447,1446,714,445,1,0.021215063
Warm C,564869,3471,3470,714,445,1,0.025918584
Warm C,285619,1701,1700,714,445,0,0.0140129635
Warm C,250025,1505,1504,714,445,0,0.017873012
Warm C,130658,846,845,714,445,1,0.0118284635
Warm C,439521,2684,2683,714,445,1,0.0063544065
Warm C,567826,3483,3482,714,445,1,0.0076230783
Warm C,451921,2781,2780,714,445,1,-0.003555093
Warm C,745167,4448,4447,714,445,1,0.014377399
Warm C,287955,1717,1716,714,445,1,0.014564723
Warm C,475714,2918,2917,714,445,1,0.010948072
Warm C,958954,5787,5786,714,445,1,0.02002929
Warm C,371197,2168,2167,714,445,1,0.02480204
Warm C,137078,881,880,714,445,0,0.011278562
Warm C,421384,2544,2543,714,445,1,0.023526292
Warm C,163586,1050,1049,725,449,0,0.0135268215
Warm C,227512,1380,1379,725,449,0,0.01177351
Warm C,136178,881,880,725,449,0,0.015022679
Warm C,351247,2063,2062,725,449,0,0.025026083
Warm C,126083,813,812,725,449,0,0.008323593
Warm C,120196,777,776,725,449,0,0.021617629
Warm C,105773,699,698,725,449,0,0.018161241
Warm C,98500,660,659,725,449,0,0.008382656
Warm C,329038,1943,1942,725,449,0,0.01671774
Warm C,82589,549,548,725,449,1,0.016744118
Warm C,81377,543,542,725,449,1,0.010678263
Warm C,77062,524,523,725,449,0,0.015828267
Warm C,70582,476,475,725,449,1,0.0089799985
Warm C,67274,453,452,725,449,0,0.019243816
Warm C,53336,352,351,725,449,0,0.0066457707
Warm C,43755,301,300,725,449,0,0.0050588464
Warm C,696938,4169,4168,725,449,0,0.016480276
Warm C,54279,355,354,725,449,1,0.012308998
Warm C,336800,1983,1982,725,449,1,0.014829647
Warm C,626408,3792,3791,725,449,0,0.014676085
Warm C,27769,195,194,725,449,0,0.018049773
Warm C,384412,2246,2245,725,449,1,0.011501981
Warm C,342076,2015,2014,725,449,0,0.01347295
Warm C,784302,4682,4681,725,449,1,0.021196142
Warm C,115742,752,751,725,449,0,0.01652728
Warm C,598969,3648,3647,725,449,0,0.0027556748
Warm C,62404,424,423,725,449,0,0.01365326
Warm C,682079,4085,4084,725,449,1,0.020664996
Warm C,370838,2168,2167,725,449,0,0.015792968
Warm C,941581,5682,5681,725,449,0,0.017933793
Warm C,272553,1647,1646,725,449,0,0.013460893
Warm C,282487,1694,1693,735,452,1,0.004226308
Warm C,267459,1626,1625,735,452,1,0.008415786
Warm C,247451,1496,1495,735,452,1,0.00072654686
Warm C,234493,1423,1422,735,452,0,-0.0013734614
Warm C,221777,1341,1340,735,452,0,0.013491863
Warm C,199029,1223,1222,735,452,0,-0.0005896031
Warm C,294089,1749,1748,735,452,0,0.007821122
Warm C,196256,1207,1206,735,452,0,0.0064333295
Warm C,327444,1941,1940,735,452,1,0.006815847
Warm C,293049,1746,1745,735,452,1,-0.00291467
Warm C,186006,1151,1150,735,452,0,0.008195791
Warm C,211728,1288,1287,735,452,1,0.0071953516
Warm C,184745,1150,1149,735,452,0,0.008565644
Warm C,176467,1116,1115,735,452,0,0.009504244
Warm C,176351,1115,1114,735,452,1,-0.002357814
Warm C,174528,1104,1103,735,452,0,-0.000899617
Warm C,173438,1100,1099,735,452,1,0.007474414
Warm C,169458,1077,1076,735,452,0,0.008830531
Warm C,157497,1013,1012,735,452,1,-0.0027982655
Warm C,146750,948,947,735,452,0,0.0006670996
Warm C,128253,830,829,735,452,1,-0.0024772517
Warm C,125451,808,807,735,452,0,0.0006637308
Warm C,92668,621,620,735,452,1,-0.00027059455
Warm C,140594,904,903,735,452,0,0.013279953
Warm C,283768,1698,1697,735,452,1,0.0043363078
Warm C,178969,1124,1123,735,452,1,0.004735619
Warm C,81395,543,542,735,452,1,0.010172768
Warm C,77091,524,523,735,452,1,0.012277741
Warm C,238495,1448,1447,735,452,0,-0.007883279
Warm C,67140,452,451,735,452,1,0.005934216
Warm C,57536,390,389,735,452,1,0.0063132336
Warm C,51064,337,336,735,452,1,0.004176951
Warm C,41117,278,277,735,452,1,-0.0011804602
Warm C,299927,1779,1778,735,452,1,0.005541201
Warm C,34534,235,234,735,452,0,0.010292511
Warm C,17985,139,138,735,452,1,0.0038595367
Warm C,7424,53,52,735,452,1,-0.008661048
Warm C,365622,2129,2128,735,452,0,0.0066000796
Warm C,757497,4508,4507,735,452,1,0.0014917362
Warm C,289891,1733,1732,735,452,1,-0.0030319486
Warm C,497519,3055,3054,735,452,0,0.0064056236
Warm C,628289,3806,3805,742,456,0,-0.001090158
Warm C,628478,3807,3806,742,456,0,0.008591225
Warm C,627883,3801,3800,742,456,1,0.007428774
Warm C,623201,3771,3770,742,456,0,0.005436115
Warm C,627814,3800,3799,742,456,1,0.007873185
Warm C,840146,5047,5046,742,456,0,0.008845381
Warm C,617243,3736,3735,742,456,1,0.010324473
Warm C,608111,3690,3689,742,456,0,0.008218241
Warm C,607876,3689,3688,742,456,0,0.0065928455
Warm C,636074,3834,3833,742,456,1,0.014081819
Warm C,621039,3762,3761,742,456,0,0.009125773
Warm C,593269,3618,3617,742,456,0,0.009149224
Warm C,596242,3626,3625,742,456,0,0.0059107
Warm C,590613,3603,3602,742,456,0,0.0077430643
Warm C,584531,3569,3568,742,456,0,0.006695618
Warm C,758957,4510,4509,742,456,0,0.012609276
Warm C,578889,3539,3538,742,456,1,0.021994203
Warm C,584011,3564,3563,742,456,0,0.00496783
Warm C,613498,3717,3716,742,456,1,0.0124791805
Warm C,547308,3377,3376,742,456,1,0.010841986
Warm C,576766,3526,3525,742,456,0,0.0044036373
Warm C,544977,3361,3360,742,456,0,-0.005177133
Warm C,543884,3352,3351,742,456,1,-0.0018571408
Warm C,535712,3308,3307,742,456,0,0.00030064397
Warm C,515244,3182,3181,742,456,0,0.008632954
Warm C,565950,3476,3475,742,456,0,0.015449685
Warm C,507136,3121,3120,742,456,0,0.01276477
Warm C,517774,3196,3195,742,456,0,-0.0010519726
Warm C,710244,4260,4259,742,456,0,0.008691031
Warm C,464704,2864,2863,742,456,0,-0.0018525877
Warm C,462989,2857,2856,742,456,1,0.018843949
Warm C,440046,2691,2690,742,456,0,0.006375069
Warm C,790620,4728,4727,742,456,0,0.013159117
Warm C,426356,2590,2589,742,456,0,0.010911518
Warm C,398887,2376,2375,742,456,0,0.020125791
Warm C,397156,2352,2351,742,456,0,-0.001485406
Warm C,385110,2251,2250,742,456,0,-0.0076948414
Warm C,368607,2155,2154,742,456,1,0.01753775
Warm C,368230,2153,2152,742,456,0,0.013211664
Warm C,358361,2098,2097,742,456,0,0.0068287165
Warm C,361352,2109,2108,742,456,0,0.008713534
Warm C,351300,2063,2062,742,456,0,0.013519121
Warm C,344371,2021,2020,742,456,1,0.01196919
Warm C,323491,1919,1918,742,456,0,0.005005696
Warm C,297256,1764,1763,742,456,1,0.006642914
Warm C,276747,1675,1674,742,456,0,-0.002360866
Warm C,277340,1676,1675,742,456,0,0.0055233715
Warm C,271381,1641,1640,742,456,0,0.006137618
Warm C,267466,1626,1625,742,456,0,0.007023776
Warm C,265459,1613,1612,742,456,0,0.006027892
Warm C,247465,1496,1495,742,456,0,0.0103640985
Warm C,321153,1904,1903,742,456,0,0.009632877
Warm C,242552,1465,1464,742,456,0,0.0009916287
Warm C,232224,1409,1408,742,456,0,0.012357666
Warm C,224422,1357,1356,742,456,0,-0.0032956284
Warm C,221866,1342,1341,742,456,0,-0.0004789951
Warm C,221778,1341,1340,742,456,0,0.0082948655
Warm C,214495,1302,1301,742,456,1,0.011203463
Warm C,214038,1300,1299,742,456,0,-0.0010380577
Warm C,269639,1635,1634,742,456,0,0.017087752
Warm C,272587,1647,1646,742,456,0,0.017272662
Warm C,250288,1509,1508,742,456,1,0.013493368
Warm C,209942,1284,1283,742,456,1,0.006632768
Warm C,327475,1941,1940,742,456,0,0.013211392
Warm C,183458,1142,1141,742,456,0,0.0089851
Warm C,176356,1115,1114,742,456,0,-0.0033567012
Warm C,256173,1562,1561,742,456,0,0.001374859
Warm C,331255,1958,1957,742,456,0,0.008435961
Warm C,183846,1146,1145,742,456,0,0.002865516
Warm C,165618,1056,1055,742,456,0,0.0086376015
Warm C,164196,1051,1050,742,456,0,0.0065131974
Warm C,150165,967,966,742,456,1,0.0047636195
Warm C,135371,877,876,742,456,0,0.008563144
Warm C,133838,868,867,742,456,1,0.009912246
Warm C,133956,869,868,742,456,0,0.009665403
Warm C,133127,859,858,742,456,0,0.005493172
Warm C,131697,854,853,742,456,0,0.007015551
Warm C,137656,889,888,742,456,0,0.017102329
Warm C,125459,808,807,742,456,0,0.009623262
Warm C,115227,749,748,742,456,0,0.0039399993
Warm C,114675,746,745,742,456,0,0.010155451
Warm C,114062,741,740,742,456,0,0.008001223
Warm C,117316,757,756,742,456,0,0.01143706
Warm C,107615,710,709,742,456,0,0.0067253024
Warm C,113169,735,734,742,456,0,0.004953444
Warm C,110525,721,720,742,456,1,0.007998623
Warm C,108615,712,711,742,456,0,0.019145222
Warm C,77112,524,523,742,456,0,0.012653967
Warm C,238515,1448,1447,742,456,0,0.0063692494
Warm C,71712,482,481,742,456,0,0.0139256865
Warm C,51071,337,336,742,456,1,0.011956547
Warm C,47867,321,320,742,456,0,0.0014480385
Warm C,49099,329,328,742,456,0,0.016998067
Warm C,45146,305,304,742,456,0,0.0037046284
Warm C,41131,278,277,742,456,1,0.0066919103
Warm C,55469,368,367,742,456,0,0.0016027063
Warm C,22296,163,162,742,456,0,0.01158818
Warm C,15150,121,120,742,456,0,0.0058256984
Warm C,289911,1733,1732,742,456,0,0.003395076
Warm C,552000,3401,3400,742,456,0,0.015747154
Warm C,56010,372,371,742,456,1,0.015808595
Warm C,264876,1611,1610,742,456,1,0.009322028
Warm C,251774,1524,1523,742,456,0,0.008807848
Warm C,571776,3507,3506,742,456,0,0.019196484
Warm C,365633,2129,2128,742,456,0,0.009571094
Warm C,101861,678,677,742,456,1,0.01400164
Warm C,366050,2131,2130,742,456,0,0.013984284
Warm C,79048,531,530,742,456,0,0.01544781
Warm C,565326,3475,3474,742,456,0,0.0065426477
Warm C,473117,2909,2908,742,456,1,0.006955714
Warm C,699858,4186,4185,742,456,1,0.008045607
Warm C,171165,1088,1087,742,456,0,0.013925456
Warm C,324826,1925,1924,742,456,0,0.0061584306
Warm C,771825,4600,4599,742,456,0,-0.0002672301
Warm C,309209,1841,1840,743,457,0,0.012247543
Warm C,247466,1496,1495,743,457,0,0.012884924
Warm C,296715,1759,1758,743,457,1,-0.0039358893
Warm C,278508,1680,1679,743,457,0,0.005230619
Warm C,177832,1120,1119,743,457,0,0.0043444103
Warm C,176472,1116,1115,743,457,0,-0.0036242637
Warm C,172775,1096,1095,743,457,1,0.004433588
Warm C,175264,1112,1111,743,457,0,0.0072623272
Warm C,271977,1645,1644,743,457,0,-0.0020669966
Warm C,155684,1004,1003,743,457,0,0.0141839925
Warm C,156464,1010,1009,743,457,0,0.008250229
Warm C,136214,881,880,743,457,0,0.009361192
Warm C,115230,749,748,743,457,1,0.0031176799
Warm C,105810,699,698,743,457,0,-0.0039938423
Warm C,107618,710,709,743,457,0,0.011512014
Warm C,176653,1117,1116,743,457,0,0.009990236
Warm C,98527,660,659,743,457,0,-0.006029022
Warm C,370861,2168,2167,743,457,1,0.004915734
Warm C,96317,647,646,743,457,0,0.007080694
Warm C,329077,1943,1942,743,457,0,0.002049684
Warm C,92489,620,619,743,457,0,0.006371323
Warm C,190284,1181,1180,743,457,0,0.008417099
Warm C,83788,550,549,743,457,0,0.01369145
Warm C,73038,494,493,743,457,1,0.003963864
Warm C,71479,481,480,743,457,1,0.0091628255
Warm C,65122,438,437,743,457,1,-0.009371767
Warm C,110527,721,720,743,457,1,0.003902811
Warm C,44171,302,301,743,457,0,0.005373946
Warm C,696985,4169,4168,743,457,0,0.018783335
Warm C,291080,1737,1736,743,457,0,-0.0070684846
Warm C,234663,1425,1424,743,457,0,0.0056647845
Warm C,6584,48,47,743,457,0,0.0075321174
Warm C,880,10,9,743,457,0,0.005242112
Warm C,354652,2077,2076,743,457,0,-0.0006132759
Warm C,626446,3792,3791,743,457,0,0.009468648
Warm C,237537,1447,1446,743,457,0,-0.0024785849
Warm C,49101,329,328,743,457,0,0.0028294318
Warm C,362650,2116,2115,743,457,0,0.009018493
Warm C,828959,4979,4978,743,457,0,-0.000719512
Warm C,27833,195,194,743,457,0,0.0006562099
Warm C,680473,4079,4078,743,457,0,9.876012e-05
Warm C,750566,4478,4477,743,457,0,-0.00018037716
Warm C,35018,237,236,743,457,0,-0.0022144648
Warm C,11519,90,89,743,457,0,0.00433919
Warm C,598997,3648,3647,743,457,0,-0.002385918
Warm C,62461,424,423,743,457,0,0.0048229606
Warm C,171168,1088,1087,743,457,0,0.00771092
Warm C,473156,2909,2908,761,461,0,0.0056023225
Warm C,463007,2857,2856,761,461,0,-0.0034583863
Warm C,447778,2761,2760,761,461,0,-0.001515846
Warm C,429981,2621,2620,761,461,0,-0.0024441099
Warm C,409075,2456,2455,761,461,0,-0.005835558
Warm C,393768,2319,2318,761,461,0,-0.0010638143
Warm C,391874,2304,2303,761,461,0,0.0047126054
Warm C,383573,2242,2241,761,461,1,-0.0017598771
Warm C,362075,2110,2109,761,461,1,0.010317966
Warm C,355407,2079,2078,761,461,0,-0.009193758
Warm C,356240,2088,2087,761,461,0,0.0051605245
Warm C,351340,2063,2062,761,461,0,0.00705874
Warm C,312632,1863,1862,761,461,0,0.0028141183
Warm C,314902,1880,1879,761,461,0,0.0010076538
Warm C,263844,1606,1605,761,461,0,-0.0026991698
Warm C,299412,1778,1777,761,461,0,-0.0015305206
Warm C,247486,1496,1495,761,461,0,0.003760686
Warm C,342152,2015,2014,761,461,1,0.0028214506
Warm C,335417,1980,1979,761,461,0,0.002633405
Warm C,221050,1340,1339,761,461,0,0.00059677707
Warm C,314571,1879,1878,761,461,0,-0.0015237955
Warm C,277371,1676,1675,761,461,0,0.0066012833
Warm C,269673,1635,1634,761,461,0,-0.0018446146
Warm C,186311,1152,1151,761,461,0,-0.0036838122
Warm C,308334,1837,1836,761,461,0,0.0032751672
Warm C,190334,1181,1180,761,461,0,0.015925525
Warm C,168814,1071,1070,761,461,1,-0.006507151
Warm C,162150,1034,1033,761,461,1,0.0051378133
Warm C,131574,853,852,761,461,1,0.0047318926
Warm C,120963,780,779,761,461,0,0.0004404866
Warm C,118222,765,764,761,461,0,-0.00015481678
Warm C,100025,669,668,761,461,1,0.00021975301
Warm C,349755,2054,2053,761,461,0,-0.0028773686
Warm C,283827,1698,1697,761,461,1,-0.0010190564
Warm C,82686,549,548,761,461,1,0.00094571244
Warm C,83830,550,549,761,461,1,-0.003823068
Warm C,77141,524,523,761,461,0,0.003368338
Warm C,74116,505,504,761,461,0,-0.00513778
Warm C,71271,479,478,761,461,0,-0.0024999613
Warm C,70348,475,474,761,461,0,0.0030725144
Warm C,62507,424,423,761,461,0,0.0038548717
Warm C,50826,335,334,761,461,0,-0.0017491837
Warm C,43803,301,300,761,461,0,-0.0048686056
Warm C,44219,302,301,761,461,0,-0.00041133678
Warm C,34585,235,234,761,461,1,0.002379381
Warm C,36219,245,244,761,461,0,-0.00034879637
Warm C,32833,223,222,761,461,0,0.00038532028
Warm C,26997,192,191,761,461,0,0.002714783
Warm C,234697,1425,1424,761,461,1,-0.0022033057
Warm C,30374,204,203,761,461,0,-0.001843798
Warm C,49149,329,328,761,461,0,-0.004941459
Warm C,219015,1329,1328,761,461,0,0.0066800592
Warm C,354668,2077,2076,761,461,1,0.0046123685
Warm C,552040,3401,3400,761,461,0,-0.005419532
Warm C,27874,195,194,761,461,0,0.0035006169
Warm C,632889,3824,3823,761,461,0,0.0065586087
Warm C,958986,5787,5786,761,461,0,0.0041356394
Warm C,73275,496,495,761,461,1,0.0042998935
Warm C,171210,1088,1087,761,461,0,0.009590507
Warm C,52917,349,348,761,461,0,0.005412434
Warm C,293546,1748,1747,761,461,0,0.0021298288
Warm C,179387,1125,1124,761,461,0,-0.0048690774
Warm C,295508,1755,1754,761,461,0,0.004699462
Warm C,22982,166,165,764,463,0,0.004584243
Warm C,16577,131,130,764,463,1,0.008623116
Warm C,7491,53,52,764,463,1,0.009674296
Warm C,1244,11,10,764,463,1,0.00085065025
Warm C,22316,163,162,764,463,0,0.01148068
Warm C,206620,1266,1265,764,463,0,0.008460504
Warm C,883249,5333,5332,764,463,0,0.0032177428
Warm C,157714,1015,1014,764,463,1,0.013412478
Warm C,778094,4647,4646,764,463,1,-0.0009025384
Warm C,796238,4771,4770,764,463,1,0.004323301
Warm C,245676,1484,1483,764,463,0,-0.0029175747
Warm C,893196,5394,5393,764,463,0,0.008856747
Warm C,285116,1701,1700,764,463,1,0.007805084
Warm C,193399,1194,1193,764,463,0,0.0068729874
Warm C,636107,3834,3833,765,464,1,-0.000599512
Warm C,599712,3650,3649,765,464,0,0.0072731823
Warm C,596272,3626,3625,765,464,0,0.009039586
Warm C,591475,3609,3608,765,464,0,0.0037331171
Warm C,590022,3600,3599,765,464,0,0.0045447964
Warm C,568534,3489,3488,765,464,0,0.010977817
Warm C,593314,3618,3617,765,464,0,0.0015433603
Warm C,562015,3458,3457,765,464,1,0.0048968564
Warm C,575080,3519,3518,765,464,0,0.0031601517
Warm C,541957,3336,3335,765,464,0,0.007827485
Warm C,535746,3308,3307,765,464,1,-0.0052061332
Warm C,532954,3292,3291,765,464,0,0.0018309075
Warm C,536781,3311,3310,765,464,0,0.011048533
Warm C,514735,3180,3179,765,464,0,0.0057041785
Warm C,505786,3111,3110,765,464,0,0.00092477223
Warm C,502004,3082,3081,765,464,0,-0.006483033
Warm C,516264,3189,3188,765,464,0,0.0028596441
Warm C,493746,3032,3031,765,464,1,-0.010030696
Warm C,491926,3026,3025,765,464,0,0.010278192
Warm C,489450,3013,3012,765,464,0,-0.0040592086
Warm C,529406,3272,3271,765,464,1,0.013920445
Warm C,456309,2810,2809,765,464,1,0.006263007
Warm C,434360,2649,2648,765,464,0,-0.002929939
Warm C,430302,2623,2622,765,464,0,0.006554627
Warm C,450513,2777,2776,765,464,1,0.002365192
Warm C,423062,2565,2564,765,464,1,0.011145639
Warm C,419581,2537,2536,765,464,0,0.0059578717
Warm C,402133,2402,2401,765,464,0,0.005787932
Warm C,382218,2233,2232,765,464,1,-0.0020420225
Warm C,375439,2188,2187,765,464,0,0.0058000935
Warm C,370423,2166,2165,765,464,0,0.0042316304
Warm C,382433,2235,2234,765,464,1,0.0069939247
Warm C,351345,2063,2062,765,464,0,0.0068739876
Warm C,350877,2060,2059,765,464,0,0.0019139741
Warm C,305323,1815,1814,765,464,0,0.0022050822
Warm C,314911,1880,1879,765,464,0,0.0058212867
Warm C,274622,1659,1658,765,464,1,0.0057713613
Warm C,281122,1687,1686,765,464,0,-0.0025459505
Warm C,265492,1613,1612,765,464,0,0.006441347
Warm C,309215,1841,1840,765,464,0,0.00043810764
Warm C,299415,1778,1777,765,464,0,0.0065667857
Warm C,236290,1434,1433,765,464,1,-0.0022784292
Warm C,335424,1980,1979,765,464,0,0.00011507189
Warm C,277376,1676,1675,765,464,0,0.009386356
Warm C,213243,1298,1297,765,464,0,0.016073972
Warm C,278568,1680,1679,765,464,0,0.006291737
Warm C,196289,1207,1206,765,464,0,0.008136239
Warm C,193091,1193,1192,765,464,0,0.005697879
Warm C,192270,1184,1183,765,464,0,0.007388415
Warm C,188151,1168,1167,765,464,0,0.0066470075
Warm C,188804,1172,1171,765,464,0,0.009675268
Warm C,183031,1141,1140,765,464,0,0.008513754
Warm C,179390,1125,1124,765,464,0,-0.00012203795
Warm C,172783,1096,1095,765,464,0,0.003133373
Warm C,168206,1069,1068,765,464,0,0.0015990365
Warm C,175292,1112,1111,765,464,0,0.0037681574
Warm C,167638,1068,1067,765,464,0,0.0056205373
Warm C,163430,1047,1046,765,464,1,0.0027707156
Warm C,155712,1004,1003,765,464,0,0.004523899
Warm C,156494,1010,1009,765,464,0,-0.00014885236
Warm C,380101,2223,2222,765,464,0,0.0075785774
Warm C,248634,1501,1500,765,464,0,0.013692693
Warm C,332453,1962,1961,765,464,0,0.009403731
Warm C,154706,999,998,765,464,0,0.0012364774
Warm C,159768,1019,1018,765,464,0,0.0032957692
Warm C,177872,1120,1119,765,464,0,0.004624048
Warm C,115811,752,751,765,464,0,-0.002970086
Warm C,105833,699,698,765,464,0,0.006859307
Warm C,100719,673,672,765,464,0,0.006200386
Warm C,101243,676,675,765,464,0,0.003263357
Warm C,109153,714,713,765,464,1,0.008747324
Warm C,360435,2106,2105,765,464,0,0.00081340945
Warm C,83839,550,549,765,464,0,0.013983699
Warm C,81441,543,542,765,464,1,0.0037677009
Warm C,73049,494,493,765,464,1,0.0031317885
Warm C,65149,438,437,765,464,1,0.00415403
Warm C,59335,403,402,765,464,0,0.0022216695
Warm C,405925,2436,2435,765,464,0,0.0105094835
Warm C,57890,392,391,765,464,0,0.0057606786
Warm C,239627,1449,1448,765,464,0,0.00013797171
Warm C,227961,1383,1382,765,464,0,0.0023742956
Warm C,697023,4169,4168,765,464,0,0.008649407
Warm C,38177,261,260,765,464,0,0.0068368614
Warm C,31780,216,215,765,464,1,0.0015729382
Warm C,31467,214,213,765,464,0,0.00023571844
Warm C,54346,355,354,765,464,0,0.003419294
Warm C,234699,1425,1424,765,464,0,0.0051501202
Warm C,49155,329,328,765,464,0,0.0134143345
Warm C,3479,26,25,765,464,0,0.004409494
Warm C,6624,48,47,765,464,0,-0.001623298
Warm C,938,10,9,765,464,1,0.014762938
Warm C,883250,5333,5332,765,464,0,-0.0033374229
Warm C,439777,2688,2687,765,464,0,-0.002768429
Warm C,335129,1978,1977,765,464,0,0.00644069
Warm C,27879,195,194,765,464,0,0.013929602
Warm C,354670,2077,2076,765,464,0,-0.002529319
Warm C,233862,1422,1421,765,464,0,0.0133022
Warm C,237576,1447,1446,765,464,0,0.008832709
Warm C,342157,2015,2014,765,464,0,0.008004255
Warm C,362674,2116,2115,765,464,0,0.0050444338
Warm C,333697,1969,1968,765,464,1,0.0074549103
Warm C,682134,4085,4084,765,464,1,0.006161387
Warm C,272000,1645,1644,765,464,0,0.006139487
Warm C,11530,90,89,765,464,0,0.00054896134
Warm C,717069,4294,4293,765,464,0,0.010087064
Warm C,331277,1958,1957,765,464,0,-0.0049311104
Warm C,521701,3219,3218,765,464,1,0.00456284
Warm C,171217,1088,1087,765,464,0,0.008086327
Warm C,699871,4186,4185,765,464,0,0.0030539506
Warm C,272621,1647,1646,765,464,0,0.010132315
Warm C,468220,2887,2886,765,464,0,0.011130509
Warm C,337913,1988,1987,766,465,0,0.012640504
Warm C,267813,1628,1627,766,465,0,0.015056603
Warm C,351346,2063,2062,766,465,0,0.021371175
Warm C,262957,1605,1604,766,465,0,0.022002982
Warm C,107259,706,705,766,465,0,-0.007676988
Warm C,97673,655,654,766,465,0,0.0027307323
Warm C,332454,1962,1961,766,465,0,0.014958412
Warm C,283834,1698,1697,766,465,1,0.015030103
Warm C,90533,601,600,766,465,0,0.011432994
Warm C,432036,2634,2633,766,465,0,0.01345056
Warm C,238539,1448,1447,766,465,1,0.0106269065
Warm C,77147,524,523,766,465,1,0.022299863
Warm C,74559,509,508,766,465,1,0.005238782
Warm C,197209,1211,1210,766,465,1,0.014204404
Warm C,69285,464,463,766,465,0,0.0034193422
Warm C,234700,1425,1424,766,465,1,0.015607819
Warm C,24804,175,174,766,465,1,-0.00044521992
Warm C,21910,161,160,766,465,1,0.0032525943
Warm C,26261,187,186,766,465,1,0.0033792765
Warm C,22983,166,165,766,465,1,0.013547523
Warm C,16578,131,130,766,465,1,0.008339524
Warm C,7494,53,52,766,465,1,0.012297807
Warm C,206621,1266,1265,766,465,1,0.008173236
Warm C,276015,1671,1670,766,465,1,0.0063274135
Warm C,157716,1015,1014,766,465,1,0.0200557
Warm C,129136,839,838,766,465,1,0.012643525
Warm C,252384,1530,1529,766,465,0,0.009874349
Warm C,261115,1597,1596,766,465,1,0.0057183933
Warm C,713618,4277,4276,766,465,1,0.011410393
Warm C,439328,2684,2683,766,465,0,0.011793409
Warm C,796240,4771,4770,766,465,1,0.016285148
Warm C,245678,1484,1483,766,465,1,0.0077614575
Warm C,562379,3462,3461,766,465,1,0.014774563
Warm C,475364,2918,2917,766,465,1,0.009135384
Warm C,960371,5792,5791,766,465,0,0.006359523
Warm C,287577,1717,1716,766,465,0,0.013085602
Warm C,371510,2172,2171,766,465,1,0.01338875
Warm C,193400,1194,1193,766,465,1,0.01842818
Warm C,480403,2947,2946,766,465,0,0.0042815786
Warm C,33867,229,228,766,465,1,0.017597768
Warm C,267472,1626,1625,781,468,0,0.005135094
Warm C,259293,1587,1586,781,468,0,0.0034739017
Warm C,209333,1279,1278,781,468,0,0.0010029816
Warm C,188822,1172,1171,781,468,1,0.0028925708
Warm C,184849,1150,1149,781,468,0,0.003952339
Warm C,180133,1128,1127,781,468,1,-0.0015789084
Warm C,270712,1639,1638,781,468,1,0.0012969273
Warm C,114693,746,745,781,468,0,0.0013000652
Warm C,100728,673,672,781,468,1,0.006932212
Warm C,179400,1125,1124,781,468,0,-0.0043639187
Warm C,100035,669,668,781,468,1,0.0043389373
Warm C,176698,1117,1116,781,468,1,0.00034568622
Warm C,97689,655,654,781,468,0,-0.0045484575
Warm C,332465,1962,1961,781,468,0,0.005491805
Warm C,631329,3821,3820,781,468,0,0.0013320063
Warm C,151165,973,972,781,468,1,0.0017014351
Warm C,87178,570,569,781,468,1,0.004183076
Warm C,190377,1181,1180,781,468,0,0.009930435
Warm C,81451,543,542,781,468,1,0.013729195
Warm C,201350,1242,1241,781,468,1,-0.0035283342
Warm C,784343,4682,4681,781,468,1,0.002563487
Warm C,47261,319,318,781,468,0,0.00059678266
Warm C,697041,4169,4168,781,468,1,0.0030621039
Warm C,33346,225,224,781,468,1,-0.012436703
Warm C,26280,187,186,781,468,1,-6.6613546e-05
Warm C,16602,131,130,781,468,0,0.0066614943
Warm C,632922,3824,3823,781,468,0,-0.0018808991
Warm C,79101,531,530,781,468,0,-0.0007850925
Warm C,506117,3113,3112,781,468,0,0.001165756
Warm C,935161,5643,5642,781,468,0,0.005659126
Warm C,262984,1605,1604,781,468,1,0.0065776166
Warm C,804438,4816,4815,781,468,1,0.009443799
Warm C,317493,1889,1888,781,468,1,0.00804829
Warm C,159801,1019,1018,781,468,0,0.006007629
Warm C,713626,4277,4276,781,468,0,0.009558064
Warm C,195208,1203,1202,781,468,0,0.0035728244
Warm C,967164,5831,5830,781,468,0,0.004040466
Warm C,739513,4418,4417,781,468,0,-0.005736444
Warm C,992553,5996,5995,781,468,1,0.008609956
Warm C,115834,752,751,781,468,1,0.0028555947
Warm C,295525,1755,1754,781,468,1,0.0033203517
Warm C,748293,4467,4466,781,468,0,0.0011922945
Warm C,860257,5172,5171,781,468,1,-0.0025006798
Warm C,562946,3464,3463,782,469,0,0.006577559
Warm C,557534,3425,3424,782,469,0,0.012916451
Warm C,771832,4600,4599,782,469,0,0.006934521
Warm C,547311,3377,3376,782,469,1,0.0049517145
Warm C,576834,3526,3525,782,469,0,0.004023956
Warm C,535758,3308,3307,782,469,0,0.009748545
Warm C,531940,3285,3284,782,469,0,0.013027547
Warm C,518606,3201,3200,782,469,0,0.006724893
Warm C,536800,3311,3310,782,469,0,0.010755945
Warm C,521329,3217,3216,782,469,0,0.0108981235
Warm C,515277,3182,3181,782,469,1,0.0071523897
Warm C,659033,3971,3970,782,469,1,0.013909031
Warm C,493764,3032,3031,782,469,1,0.0045107105
Warm C,628492,3807,3806,782,469,0,0.011971552
Warm C,479970,2946,2945,782,469,0,0.012298012
Warm C,472293,2907,2906,782,469,0,0.0025555484
Warm C,473182,2909,2908,782,469,1,0.005743577
Warm C,463021,2857,2856,782,469,0,0.013419883
Warm C,460177,2840,2839,782,469,0,0.014344511
Warm C,457634,2820,2819,782,469,0,0.0013117664
Warm C,453472,2793,2792,782,469,1,0.020340467
Warm C,450533,2777,2776,782,469,0,0.008590944
Warm C,564140,3471,3470,782,469,0,0.012988908
Warm C,439547,2685,2684,782,469,0,0.009083429
Warm C,420149,2540,2539,782,469,1,0.0077720424
Warm C,404363,2419,2418,782,469,0,0.010311399
Warm C,398918,2376,2375,782,469,0,0.011393728
Warm C,386929,2263,2262,782,469,1,0.007964615
Warm C,385025,2250,2249,782,469,0,-0.00069584785
Warm C,362689,2116,2115,782,469,0,0.003759828
Warm C,350079,2055,2054,782,469,0,0.0055962284
Warm C,361395,2109,2108,782,469,0,0.008067995
Warm C,330920,1954,1953,782,469,0,0.006575802
Warm C,300901,1785,1784,782,469,0,0.0032699422
Warm C,378295,2208,2207,782,469,0,0.017656524
Warm C,295929,1757,1756,782,469,1,0.0035417643
Warm C,274969,1666,1665,782,469,0,0.009655513
Warm C,260594,1593,1592,782,469,0,0.006071526
Warm C,261571,1599,1598,782,469,1,0.008517998
Warm C,242593,1465,1464,782,469,1,0.0071772635
Warm C,277395,1676,1675,782,469,0,-0.00081322016
Warm C,591719,3610,3609,782,469,0,0.007920496
Warm C,250296,1509,1508,782,469,0,0.006169063
Warm C,209956,1284,1283,782,469,0,0.009675078
Warm C,278609,1680,1679,782,469,1,0.012560788
Warm C,342173,2015,2014,782,469,0,0.011574991
Warm C,327579,1941,1940,782,469,0,0.013179762
Warm C,183857,1146,1145,782,469,0,0.006875668
Warm C,175307,1112,1111,782,469,0,0.012208451
Warm C,170189,1084,1083,782,469,0,0.0016603181
Warm C,145217,935,934,782,469,0,0.010704111
Warm C,131715,854,853,782,469,0,0.004881935
Warm C,351373,2063,2062,782,469,0,0.018348444
Warm C,114694,746,745,782,469,0,0.010081289
Warm C,120237,777,776,782,469,0,0.011357378
Warm C,105847,699,698,782,469,0,0.02214836
Warm C,115835,752,751,782,469,0,0.008970711
Warm C,103287,687,686,782,469,0,-0.0043111546
Warm C,299424,1778,1777,782,469,0,0.003775627
Warm C,110563,721,720,782,469,0,0.014180411
Warm C,631331,3821,3820,782,469,0,0.007821008
Warm C,190379,1181,1180,782,469,0,0.010661646
Warm C,77175,524,523,782,469,0,0.010587142
Warm C,79985,533,532,782,469,0,0.013596464
Warm C,68533,461,460,782,469,0,0.008639611
Warm C,70056,474,473,782,469,0,0.0048288843
Warm C,71758,482,481,782,469,0,0.011192786
Warm C,238569,1448,1447,782,469,1,0.009298696
Warm C,221073,1340,1339,782,469,0,0.012646699
Warm C,219025,1329,1328,782,469,0,0.0059553958
Warm C,9149,62,61,782,469,0,0.0025654822
Warm C,626485,3792,3791,782,469,1,0.007977154
Warm C,552063,3401,3400,782,469,0,0.009015843
Warm C,150385,970,969,782,469,0,0.0114385495
Warm C,237599,1447,1446,782,469,0,0.02247415
Warm C,697042,4169,4168,782,469,0,0.02468025
Warm C,682150,4085,4084,782,469,1,0.00052386755
Warm C,264915,1611,1610,782,469,0,0.015612131
Warm C,599023,3648,3647,782,469,0,0.0010242853
Warm C,215395,1306,1305,782,469,0,0.010063563
Warm C,136258,881,880,782,469,0,0.009163671
Warm C,324847,1925,1924,782,469,0,0.008521881
Warm C,272632,1647,1646,782,469,0,0.014499165
Warm C,331293,1958,1957,782,469,0,0.020779211
Warm C,974530,5878,5877,782,469,0,0.007132067
Warm C,374079,2181,2180,801,478,0,0.02271691
Warm C,355967,2085,2084,801,478,1,0.0070410892
Warm C,361636,2109,2108,801,478,0,0.026283093
Warm C,345106,2024,2023,801,478,0,0.005359729
Warm C,398602,2372,2371,801,478,1,0.013464152
Warm C,340644,2010,2009,801,478,0,0.016460013
Warm C,333842,1969,1968,801,478,0,0.007499586
Warm C,286261,1709,1708,801,478,1,0.008643549
Warm C,268526,1631,1630,801,478,0,0.0040651187
Warm C,360779,2106,2105,801,478,0,0.01101826
Warm C,236380,1434,1433,801,478,1,-0.00020195573
Warm C,247327,1495,1494,801,478,0,0.005972706
Warm C,222745,1348,1347,801,478,1,0.012512889
Warm C,320098,1899,1898,801,478,0,0.008981986
Warm C,220849,1339,1338,801,478,0,0.011071276
Warm C,283537,1697,1696,801,478,1,0.010405225
Warm C,205319,1263,1262,801,478,0,0.021419423
Warm C,213461,1298,1297,801,478,0,0.009805758
Warm C,279259,1680,1679,801,478,1,0.014565298
Warm C,198812,1221,1220,801,478,1,0.010976769
Warm C,212475,1294,1293,801,478,1,0.0013695429
Warm C,183210,1141,1140,801,478,1,0.014283141
Warm C,178123,1120,1119,801,478,1,0.0038910694
Warm C,172634,1094,1093,801,478,0,0.0060064676
Warm C,172877,1096,1095,801,478,0,0.0031627228
Warm C,272195,1645,1644,801,478,1,0.013498807
Warm C,153673,987,986,801,478,1,0.0010000513
Warm C,165462,1054,1053,801,478,0,0.013801329
Warm C,249245,1502,1501,801,478,0,-0.0026707102
Warm C,149596,963,962,801,478,0,0.011860775
Warm C,136592,881,880,801,478,0,0.0132803265
Warm C,263330,1605,1604,801,478,1,0.012921694
Warm C,116837,753,752,801,478,0,0.007642302
Warm C,112475,731,730,801,478,1,0.020739667
Warm C,94933,637,636,801,478,0,0.018117698
Warm C,234978,1425,1424,801,478,0,0.008220743
Warm C,93789,629,628,801,478,1,-0.00060125976
Warm C,92212,614,613,801,478,1,-0.0027280888
Warm C,86638,566,565,801,478,0,0.011018809
Warm C,84181,550,549,801,478,0,0.021134663
Warm C,73110,494,493,801,478,1,0.0021398976
Warm C,46355,310,309,801,478,1,0.006475505
Warm C,10425,75,74,801,478,1,0.0063076066
Warm C,79397,531,530,801,478,0,0.010439221
Warm C,206870,1266,1265,801,478,0,0.013241439
Warm C,19121,148,147,801,478,1,-4.5666355e-05
Warm C,922677,5571,5570,801,478,0,0.0050401143
Warm C,552353,3401,3400,801,478,0,0.021032147
Warm C,386072,2258,2257,801,478,0,0.0024757031
Warm C,363033,2116,2115,801,478,0,0.014058186
Warm C,328130,1941,1940,801,478,0,0.01445671
Warm C,413739,2489,2488,801,478,1,0.015110398
Warm C,144918,934,933,801,478,0,0.0156106595
Warm C,489616,3013,3012,801,478,1,0.004976933
Warm C,134276,869,868,801,478,0,0.0033719274
Warm C,717091,4294,4293,801,478,0,0.0061065066
Warm C,370997,2168,2167,801,478,0,0.01185361
Warm C,206343,1265,1264,801,478,1,0.0018398406
Warm C,171640,1088,1087,801,478,0,0.01412265
Warm C,468433,2887,2886,801,478,0,0.0053264163
Warm C,351848,2063,2062,801,478,0,0.01713848
Warm C,340653,2010,2009,809,482,0,0.002602883
Warm C,337028,1983,1982,809,482,0,0.00849004
Warm C,297502,1764,1763,809,482,0,0.0005395524
Warm C,292328,1741,1740,809,482,0,0.008938755
Warm C,358243,2097,2096,809,482,0,-0.0020170654
Warm C,253085,1537,1536,809,482,0,-0.00021080463
Warm C,299638,1778,1777,809,482,0,0.007037419
Warm C,248099,1497,1496,809,482,0,0.005072359
Warm C,360789,2106,2105,809,482,0,0.0023096935
Warm C,356840,2090,2089,809,482,0,-0.003087841
Warm C,233069,1418,1417,809,482,0,0.002134929
Warm C,262236,1600,1599,809,482,0,0.017217591
Warm C,243963,1470,1469,809,482,0,0.0014274566
Warm C,320787,1902,1901,809,482,0,-0.012662231
Warm C,202503,1244,1243,809,482,0,0.0055940207
Warm C,277705,1676,1675,809,482,0,0.0053996453
Warm C,186359,1152,1151,809,482,0,0.0076559447
Warm C,186123,1151,1150,809,482,0,-0.00553695
Warm C,203097,1246,1245,809,482,0,0.008878283
Warm C,160626,1020,1019,809,482,0,-0.007086261
Warm C,167867,1068,1067,809,482,0,0.0039216015
Warm C,154868,999,998,809,482,0,0.003196579
Warm C,134288,869,868,809,482,0,0.0040712915
Warm C,114855,746,745,809,482,0,-0.0031945216
Warm C,240098,1449,1448,809,482,0,0.003652569
Warm C,106074,699,698,809,482,0,0.0036449141
Warm C,480146,2946,2945,809,482,0,0.0021123625
Warm C,150600,970,969,809,482,0,0.005764952
Warm C,81685,543,542,809,482,1,-0.005118291
Warm C,77540,524,523,809,482,0,0.008194631
Warm C,86645,566,565,809,482,0,0.011152343
Warm C,70787,476,475,809,482,1,-0.002333343
Warm C,58366,394,393,809,482,0,-0.0047030384
Warm C,50809,335,334,809,482,0,0.00029451866
Warm C,145350,935,934,809,482,0,0.0020324728
Warm C,40185,272,271,809,482,0,0.0047251023
Warm C,29009,199,198,809,482,0,0.007458564
Warm C,26947,192,191,809,482,0,-0.00756351
Warm C,31168,210,209,809,482,0,0.012351124
Warm C,22281,163,162,809,482,0,0.005712796
Warm C,567482,3483,3482,809,482,0,0.00093188055
Warm C,342483,2015,2014,809,482,0,0.002472942
Warm C,266406,1616,1615,809,482,0,0.009325111
Warm C,599266,3648,3647,809,482,1,0.010936738
Warm C,941709,5682,5681,809,482,0,0.011091027
Warm C,378375,2208,2207,810,483,0,0.008964476
Warm C,436447,2665,2664,810,483,0,0.011854686
Warm C,351875,2063,2062,810,483,0,0.00921221
Warm C,361654,2109,2108,810,483,0,0.020244323
Warm C,341603,2012,2011,810,483,0,0.01592379
Warm C,340659,2010,2009,810,483,0,0.0065931873
Warm C,314489,1878,1877,810,483,0,0.0093808295
Warm C,300727,1781,1780,810,483,0,0.006779858
Warm C,296072,1757,1756,810,483,0,0.0042252745
Warm C,297510,1764,1763,810,483,0,0.011696269
Warm C,288107,1721,1720,810,483,0,0.01501295
Warm C,264620,1609,1608,810,483,0,0.017423231
Warm C,309290,1841,1840,810,483,0,0.0012942553
Warm C,248395,1499,1498,810,483,0,-0.0003439563
Warm C,338869,1996,1995,810,483,0,0.019207822
Warm C,360797,2106,2105,810,483,0,0.011232762
Warm C,236385,1434,1433,810,483,0,0.00989106
Warm C,224171,1356,1355,810,483,0,0.006281805
Warm C,269968,1635,1634,810,483,0,0.013342286
Warm C,216043,1311,1310,810,483,0,0.008983341
Warm C,272950,1647,1646,810,483,0,0.0107194325
Warm C,261769,1599,1598,810,483,0,0.009239528
Warm C,303875,1805,1804,810,483,0,0.009683089
Warm C,279293,1680,1679,810,483,0,0.016363222
Warm C,243973,1470,1469,810,483,0,0.024971496
Warm C,219873,1333,1332,810,483,0,0.0016143196
Warm C,342490,2015,2014,810,483,0,0.015327645
Warm C,188427,1169,1168,810,483,0,0.021237653
Warm C,186361,1152,1151,810,483,0,0.016062591
Warm C,172880,1096,1095,810,483,0,0.009642933
Warm C,272207,1645,1644,810,483,0,0.010696616
Warm C,363945,2120,2119,810,483,0,0.0108674085
Warm C,337032,1983,1982,810,483,0,0.011857547
Warm C,165465,1054,1053,810,483,0,0.011384238
Warm C,323414,1917,1916,810,483,0,0.0060234945
Warm C,156889,1010,1009,810,483,0,0.015657483
Warm C,134299,869,868,810,483,0,0.014919059
Warm C,126593,817,816,810,483,0,0.014418451
Warm C,116840,753,752,810,483,0,-0.0006629941
Warm C,110366,720,719,810,483,0,0.006962504
Warm C,107981,710,709,810,483,0,0.0171215
Warm C,118378,765,764,810,483,0,0.0032818136
Warm C,110833,721,720,810,483,0,0.012538806
Warm C,87539,572,571,810,483,0,-0.0005657803
Warm C,86131,563,562,810,483,0,0.010859996
Warm C,81692,543,542,810,483,0,0.0071699526
Warm C,299644,1778,1777,810,483,0,0.009654988
Warm C,70795,476,475,810,483,1,0.010594297
Warm C,64953,436,435,810,483,0,0.007911614
Warm C,67454,453,452,810,483,0,0.013614614
Warm C,65368,438,437,810,483,0,0.01127754
Warm C,291418,1737,1736,810,483,0,0.002533509
Warm C,255528,1556,1555,810,483,0,0.020596994
Warm C,954318,5761,5760,810,483,0,0.011135316
Warm C,11819,92,91,810,483,0,0.015293299
Warm C,27821,195,194,810,483,0,0.017192721
Warm C,717092,4294,4293,810,483,0,0.01174296
Warm C,171662,1088,1087,810,483,0,0.018667025
Warm C,206352,1265,1264,810,483,0,0.002123186
Warm C,310695,1851,1850,810,483,0,0.0051058372
Warm C,617084,3735,3734,818,484,0,0.008436727
Warm C,537174,3311,3310,818,484,0,0.0076107476
Warm C,536026,3308,3307,818,484,1,0.007816809
Warm C,561594,3454,3453,818,484,0,0.0016718488
Warm C,525641,3246,3245,818,484,0,0.0025105278
Warm C,562599,3462,3461,818,484,0,0.018665943
Warm C,508642,3129,3128,818,484,0,0.0070634414
Warm C,574772,3518,3517,818,484,0,0.010348568
Warm C,502154,3082,3081,818,484,0,0.0030482481
Warm C,738442,4411,4410,818,484,0,0.016092177
Warm C,493397,3031,3030,818,484,1,0.0068820873
Warm C,870491,5256,5255,818,484,0,0.014406827
Warm C,467635,2882,2881,818,484,0,0.0041358843
Warm C,469986,2895,2894,818,484,0,0.00931697
Warm C,456469,2810,2809,818,484,0,0.008006413
Warm C,450284,2776,2775,818,484,0,0.002078814
Warm C,438839,2681,2680,818,484,0,0.006721151
Warm C,434741,2652,2651,818,484,0,0.006999769
Warm C,450881,2777,2776,818,484,0,0.0037152518
Warm C,425529,2582,2581,818,484,0,0.0064172638
Warm C,420477,2541,2540,818,484,0,0.014382325
Warm C,419279,2533,2532,818,484,0,-0.0028136298
Warm C,411337,2469,2468,818,484,0,-0.003972495
Warm C,404553,2419,2418,818,484,0,0.0021737847
Warm C,399505,2378,2377,818,484,0,0.0016861969
Warm C,398835,2375,2374,818,484,0,0.0014423414
Warm C,390010,2288,2287,818,484,0,0.0059149954
Warm C,385296,2251,2250,818,484,0,0.0071511576
Warm C,382484,2235,2234,818,484,0,0.0008579866
Warm C,368383,2153,2152,818,484,0,0.0018362587
Warm C,355971,2085,2084,818,484,1,0.001061116
Warm C,436451,2665,2664,818,484,0,0.0019646813
Warm C,340660,2010,2009,818,484,0,0.0072581884
Warm C,350977,2060,2059,818,484,1,-0.0010889885
Warm C,290791,1735,1734,818,484,0,0.0025915557
Warm C,299646,1778,1777,818,484,0,0.00916183
Warm C,310123,1845,1844,818,484,0,-0.00045262906
Warm C,297514,1764,1763,818,484,0,0.0015982883
Warm C,323849,1920,1919,818,484,0,0.006184948
Warm C,259483,1587,1586,818,484,0,0.0039253514
Warm C,284203,1698,1697,818,484,0,0.010847341
Warm C,276249,1671,1670,818,484,0,0.005342115
Warm C,212914,1297,1296,818,484,0,0.0023697105
Warm C,277718,1676,1675,818,484,0,0.0067621022
Warm C,261772,1599,1598,818,484,0,0.011798751
Warm C,279304,1680,1679,818,484,1,0.012803416
Warm C,198817,1221,1220,818,484,0,0.0033260323
Warm C,213475,1298,1297,818,484,1,0.009361487
Warm C,193199,1193,1192,818,484,0,0.010886209
Warm C,188429,1169,1168,818,484,1,0.005468964
Warm C,210979,1285,1284,818,484,0,0.0070160637
Warm C,181724,1136,1135,818,484,0,0.00876354
Warm C,173678,1100,1099,818,484,0,0.0036687937
Warm C,172882,1096,1095,818,484,0,-5.3406693e-06
Warm C,328166,1941,1940,818,484,1,0.007861203
Warm C,163843,1050,1049,818,484,0,0.003138578
Warm C,162594,1037,1036,818,484,0,0.0024173022
Warm C,161852,1032,1031,818,484,0,0.0017719981
Warm C,159592,1018,1017,818,484,0,-0.00094307266
Warm C,167875,1068,1067,818,484,0,0.007239925
Warm C,164580,1051,1050,818,484,1,0.0055888216
Warm C,156894,1010,1009,818,484,0,0.0069360496
Warm C,380295,2223,2222,818,484,0,0.011051675
Warm C,135639,877,876,818,484,1,0.016467307
Warm C,263356,1605,1604,818,484,0,0.012347548
Warm C,124255,800,799,818,484,0,0.0072765844
Warm C,178143,1120,1119,818,484,1,0.009345608
Warm C,360800,2106,2105,818,484,0,0.0016939961
Warm C,119273,770,769,818,484,0,0.009313237
Warm C,112490,731,730,818,484,1,0.005081684
Warm C,216427,1314,1313,818,484,0,0.0018817851
Warm C,106078,699,698,818,484,0,0.0030740602
Warm C,96421,647,646,818,484,1,0.0042547043
Warm C,631588,3821,3820,818,484,0,0.0036108382
Warm C,153676,987,986,818,484,1,0.0036184415
Warm C,89794,591,590,818,484,0,-0.0034998816
Warm C,190970,1181,1180,818,484,0,0.012754891
Warm C,101389,676,675,818,484,0,0.012923477
Warm C,74855,509,508,818,484,0,0.006226087
Warm C,68732,461,460,818,484,0,0.008228932
Warm C,70171,474,473,818,484,1,0.004917584
Warm C,65370,438,437,818,484,0,0.01031878
Warm C,57067,386,385,818,484,0,-0.00016739313
Warm C,52430,346,345,818,484,1,0.014381784
Warm C,47178,319,318,818,484,0,0.0062581697
Warm C,44174,302,301,818,484,1,0.010156741
Warm C,43288,297,296,818,484,0,0.0131906625
Warm C,43791,301,300,818,484,0,0.012627725
Warm C,31727,216,215,818,484,0,0.013721066
Warm C,291422,1737,1736,818,484,0,0.011537853
Warm C,22955,166,165,818,484,0,0.010687093
Warm C,17374,136,135,818,484,1,0.0040533384
Warm C,234990,1425,1424,818,484,0,0.007019559
Warm C,49103,329,328,818,484,0,0.0058599934
Warm C,9765,66,65,818,484,0,0.010615796
Warm C,3443,26,25,818,484,0,0.008747276
Warm C,6586,48,47,818,484,0,0.0065826504
Warm C,2606,22,21,818,484,1,0.012369314
Warm C,79421,531,530,818,484,0,0.014926162
Warm C,354935,2077,2076,818,484,1,0.0092175435
Warm C,552369,3401,3400,818,484,0,0.005176897
Warm C,893324,5394,5393,818,484,0,0.016559273
Warm C,237940,1447,1446,818,484,0,0.0071231686
Warm C,954319,5761,5760,818,484,1,0.013932594
Warm C,326106,1930,1929,818,484,0,0.0045471406
Warm C,363051,2116,2115,818,484,0,0.00061217323
Warm C,57854,392,391,818,484,0,0.0035784403
Warm C,829127,4979,4978,818,484,0,0.0010985382
Warm C,272211,1645,1644,818,484,1,0.0029079872
Warm C,102285,678,677,818,484,0,0.009660821
Warm C,331629,1958,1957,818,484,0,0.0021480871
Warm C,599277,3648,3647,818,484,0,0.008058694
Warm C,116235,752,751,818,484,0,0.01442231
Warm C,139186,890,889,818,484,0,-0.0033880528
Warm C,195466,1203,1202,818,484,0,0.0072462754
Warm C,879359,5312,5311,818,484,1,0.010909056
Warm C,134305,869,868,818,484,1,0.008094629
Warm C,335937,1980,1979,818,484,0,0.006640834
Warm C,251156,1516,1515,818,484,0,0.001592849
Warm C,717093,4294,4293,818,484,0,0.006079071
Warm C,322388,1912,1911,818,484,0,0.009221695
Warm C,479760,2944,2943,818,484,1,0.0016032315
Warm C,501316,3080,3079,818,484,0,-0.0007376614
Warm C,342497,2015,2014,818,484,0,0.0014362457
Warm C,537949,3312,3311,818,484,0,0.0072830655
Warm C,272956,1647,1646,818,484,1,0.010698803
Warm C,193668,1194,1193,818,484,0,0.0045685037
Warm C,639132,3842,3841,818,484,0,0.0018191098
Warm C,550180,3391,3390,818,484,1,0.0029239508
Warm C,456475,2810,2809,829,485,0,0.007408028
Warm C,443455,2734,2733,829,485,0,0.0011288242
Warm C,442410,2724,2723,829,485,1,0.009431947
Warm C,790761,4728,4727,829,485,0,0.007799496
Warm C,430086,2621,2620,829,485,0,0.00043211982
Warm C,420481,2541,2540,829,485,0,0.003782245
Warm C,404562,2419,2418,829,485,0,0.014999345
Warm C,399509,2378,2377,829,485,0,-0.0024929312
Warm C,392221,2304,2303,829,485,0,0.012267147
Warm C,351895,2063,2062,829,485,0,0.015232664
Warm C,358897,2100,2099,829,485,1,0.00650093
Warm C,341612,2012,2011,829,485,0,0.008919451
Warm C,340668,2010,2009,829,485,0,-0.00047942344
Warm C,281286,1687,1686,829,485,0,-0.0021158578
Warm C,286268,1709,1708,829,485,1,0.0023031067
Warm C,268537,1631,1630,829,485,0,0.0077224546
Warm C,265799,1613,1612,829,485,0,0.0061985673
Warm C,296814,1759,1758,829,485,1,-0.0012232349
Warm C,212922,1297,1296,829,485,0,0.004341254
Warm C,277726,1676,1675,829,485,0,-0.0033698035
Warm C,591986,3610,3609,829,485,0,-0.0033783128
Warm C,213481,1298,1297,829,485,0,0.0027202396
Warm C,196529,1207,1206,829,485,0,0.008145389
Warm C,328177,1941,1940,829,485,0,0.013488987
Warm C,188988,1172,1171,829,485,0,0.008689018
Warm C,179608,1125,1124,829,485,0,0.004542524
Warm C,173684,1100,1099,829,485,0,0.0011005191
Warm C,172889,1096,1095,829,485,0,0.010960016
Warm C,189375,1173,1172,829,485,0,0.009268385
Warm C,155890,1004,1003,829,485,1,0.0021518697
Warm C,249254,1502,1501,829,485,0,0.00568933
Warm C,138348,889,888,829,485,0,0.010809043
Warm C,136613,881,880,829,485,0,0.0072963648
Warm C,135645,877,876,829,485,0,0.007119175
Warm C,128770,836,835,829,485,0,0.002990447
Warm C,360811,2106,2105,829,485,0,0.008315285
Warm C,234997,1425,1424,829,485,0,0.010926308
Warm C,223563,1354,1353,829,485,1,0.00840454
Warm C,120427,777,776,829,485,0,0.012689797
Warm C,110368,720,719,829,485,0,0.0020909093
Warm C,121156,780,779,829,485,1,0.009605895
Warm C,90675,601,600,829,485,0,0.0015923412
Warm C,76918,522,521,829,485,0,0.009524479
Warm C,70176,474,473,829,485,0,0.0053816657
Warm C,65374,438,437,829,485,1,-0.0061947946
Warm C,251158,1516,1515,829,485,0,0.009191235
Warm C,74864,509,508,829,485,0,0.01901222
Warm C,57867,392,391,829,485,0,0.0064423797
Warm C,47189,319,318,829,485,0,0.011408035
Warm C,45154,305,304,829,485,0,-0.0037447547
Warm C,55474,368,367,829,485,0,0.005209285
Warm C,269976,1635,1634,829,485,0,0.0069543365
Warm C,22302,163,162,829,485,0,0.015244404
Warm C,27853,195,194,829,485,1,0.0036021452
Warm C,14332,117,116,829,485,0,0.0038175287
Warm C,49122,329,328,829,485,0,0.0035461034
Warm C,7467,53,52,829,485,1,0.008547522
Warm C,6606,48,47,829,485,0,-0.00020734919
Warm C,172457,1092,1091,829,485,0,0.0039202943
Warm C,697402,4169,4168,829,485,1,0.016059808
Warm C,265117,1611,1610,829,485,0,0.0056668366
Warm C,11837,92,91,829,485,1,0.0061654337
Warm C,618309,3746,3745,829,485,0,0.009259727
Warm C,964485,5812,5811,829,485,0,0.021694288
Warm C,161350,1029,1028,829,485,0,0.010960412
Warm C,129957,840,839,829,485,0,0.008007506
Warm C,45738,308,307,829,485,0,0.006497345
Warm C,454611,2796,2795,829,485,0,0.00083708647
Warm C,134312,869,868,829,485,0,0.0045484565
Warm C,717095,4294,4293,829,485,0,0.0010064687
Warm C,342507,2015,2014,829,485,0,0.0073080007
Warm C,65384,438,437,833,488,0,0.0056478465
Warm C,251164,1516,1515,833,488,0,0.004768913
Warm C,697413,4169,4168,833,488,0,0.002346042
Warm C,54341,355,354,833,488,0,-0.0028230168
Warm C,299983,1779,1778,833,488,0,-0.005735613
Warm C,235006,1425,1424,833,488,0,-0.0018678812
Warm C,35728,242,241,833,488,0,-0.0068268757
Warm C,49146,329,328,833,488,0,0.00015939958
Warm C,2645,22,21,833,488,0,-0.0027044555
Warm C,354956,2077,2076,833,488,0,0.0044305567
Warm C,626814,3792,3791,833,488,0,0.00073582557
Warm C,42678,293,292,833,488,0,0.003711834
Warm C,893334,5394,5393,833,488,0,0.0030489871
Warm C,237966,1447,1446,833,488,0,0.0028706794
Warm C,371017,2168,2167,833,488,0,-1.1248165e-05
Warm C,363074,2116,2115,833,488,0,-0.0017004448
Warm C,342524,2015,2014,833,488,0,0.005280203
Warm C,272981,1647,1646,833,488,0,-0.0017955246
Warm C,496502,3051,3050,835,489,0,0.006174006
Warm C,984425,5949,5948,835,489,1,0.0046982598
Warm C,494200,3032,3031,835,489,1,0.0009473548
Warm C,478103,2934,2933,835,489,1,0.009386662
Warm C,457365,2818,2817,835,489,0,0.0055876933
Warm C,453791,2793,2792,835,489,1,0.001370087
Warm C,564452,3471,3470,835,489,0,0.0047676945
Warm C,433646,2643,2642,835,489,0,0.009864364
Warm C,404019,2414,2413,835,489,1,-0.0042234524
Warm C,401897,2398,2397,835,489,0,-0.002824267
Warm C,392232,2304,2303,835,489,0,0.0069198264
Warm C,375327,2187,2186,835,489,1,0.013196291
Warm C,373190,2179,2178,835,489,1,-0.0028812883
Warm C,375606,2188,2187,835,489,0,-0.007916054
Warm C,368394,2153,2152,835,489,1,0.0078108497
Warm C,274405,1658,1657,835,489,0,0.008006332
Warm C,242833,1465,1464,835,489,0,0.007584288
Warm C,308667,1837,1836,835,489,0,0.017564673
Warm C,279353,1680,1679,835,489,0,0.011840299
Warm C,261784,1599,1598,835,489,0,0.006902183
Warm C,177581,1119,1118,835,489,0,-0.005643896
Warm C,168477,1069,1068,835,489,0,0.0028672486
Warm C,323861,1920,1919,835,489,1,0.012778233
Warm C,156921,1010,1009,835,489,0,-0.0026155328
Warm C,351919,2063,2062,835,489,0,0.0019315566
Warm C,94963,637,636,835,489,0,0.007864043
Warm C,332687,1962,1961,835,489,0,0.006406378
Warm C,631610,3821,3820,835,489,0,0.0012567821
Warm C,238994,1448,1447,835,489,1,0.005002694
Warm C,63704,425,424,835,489,1,0.0104665365
Warm C,360830,2106,2105,835,489,0,-2.0964071e-06
Warm C,51080,337,336,835,489,1,0.017839244
Warm C,132503,855,854,835,489,0,0.0081283385
Warm C,33866,229,228,835,489,1,0.0002171155
Warm C,33076,224,223,835,489,0,0.0059399563
Warm C,6621,48,47,835,489,0,0.000483491
Warm C,206910,1266,1265,835,489,0,0.008263446
Warm C,42682,293,292,835,489,1,0.005828472
Warm C,179619,1125,1124,835,489,0,0.0008792295
Warm C,499471,3067,3066,835,489,1,0.011821704
Warm C,371699,2172,2171,835,489,0,0.00965642
Warm C,974627,5878,5877,835,489,0,0.002872637
Warm C,720488,4312,4311,835,489,0,0.0076948074
Warm C,537199,3311,3310,839,493,0,0.0073673287
Warm C,528210,3265,3264,839,493,0,0.013430261
Warm C,531059,3280,3279,839,493,0,0.0059549697
Warm C,635894,3833,3832,839,493,0,0.009393115
Warm C,515512,3182,3181,839,493,0,0.004460646
Warm C,554829,3412,3411,839,493,1,0.0023832582
Warm C,575380,3519,3518,839,493,0,0.010460101
Warm C,496503,3051,3050,839,493,0,0.00538326
Warm C,494203,3032,3031,839,493,1,0.0102012865
Warm C,541408,3331,3330,839,493,0,-0.001229347
Warm C,487913,3001,3000,839,493,0,0.00481084
Warm C,473699,2909,2908,839,493,1,0.0065998733
Warm C,468107,2886,2885,839,493,0,0.0038956935
Warm C,463347,2857,2856,839,493,0,0.008507965
Warm C,415070,2498,2497,839,493,0,0.0046701203
Warm C,408250,2453,2452,839,493,0,0.0038394611
Warm C,406971,2445,2444,839,493,0,0.011993628
Warm C,392234,2304,2303,839,493,0,0.015124852
Warm C,375117,2186,2185,839,493,0,0.00036888605
Warm C,373459,2180,2179,839,493,1,0.0146911815
Warm C,367928,2148,2147,839,493,0,0.012230435
Warm C,351922,2063,2062,839,493,0,0.008729689
Warm C,361678,2109,2108,839,493,0,0.0022777144
Warm C,371700,2172,2171,839,493,0,0.010584524
Warm C,306081,1822,1821,839,493,0,0.0032340924
Warm C,285656,1702,1701,839,493,1,0.00064294157
Warm C,288902,1726,1725,839,493,0,0.0064666383
Warm C,269055,1632,1631,839,493,0,-0.002300319
Warm C,269987,1635,1634,839,493,0,0.005379975
Warm C,265811,1613,1612,839,493,0,0.008670612
Warm C,233077,1418,1417,839,493,0,0.016248334
Warm C,224189,1356,1355,839,493,0,-0.0036512327
Warm C,261785,1599,1598,839,493,0,0.008987365
Warm C,172645,1094,1093,839,493,1,0.0026852377
Warm C,175559,1112,1111,839,493,0,0.016967423
Warm C,161563,1030,1029,839,493,1,0.006882354
Warm C,154880,999,998,839,493,0,0.013420589
Warm C,156924,1010,1009,839,493,0,0.008337354
Warm C,276999,1675,1674,839,493,0,0.008864714
Warm C,136629,881,880,839,493,0,0.0104490295
Warm C,202520,1244,1243,839,493,0,-0.002922866
Warm C,121872,785,784,839,493,1,0.024291398
Warm C,223575,1354,1353,839,493,0,0.011509767
Warm C,267224,1624,1623,839,493,0,0.010199445
Warm C,887146,5359,5358,839,493,0,0.014738467
Warm C,84230,550,549,839,493,0,0.012671471
Warm C,72691,488,487,839,493,0,0.00051770057
Warm C,81714,543,542,839,493,0,0.0057513914
Warm C,75462,513,512,839,493,0,0.008912922
Warm C,74869,509,508,839,493,0,0.010764447
Warm C,344124,2020,2019,839,493,0,0.0067407317
Warm C,41655,284,283,839,493,0,0.007896059
Warm C,37980,260,259,839,493,0,0.0043402053
Warm C,31174,210,209,839,493,1,-0.008313697
Warm C,22318,163,162,839,493,0,0.010352525
Warm C,21011,152,151,839,493,1,0.0014862814
Warm C,12238,93,92,839,493,0,0.0126352
Warm C,2046,18,17,839,493,0,0.0033029807
Warm C,164609,1051,1050,839,493,0,0.0043979674
Warm C,109822,716,715,839,493,1,0.012495307
Warm C,139195,890,889,839,493,0,0.0007595809
Warm C,27881,195,194,839,493,0,0.0012501152
Warm C,265125,1611,1610,839,493,0,0.006276767
Warm C,599290,3648,3647,839,493,0,-0.00530851
Warm C,102313,678,677,839,493,0,0.00780501
Warm C,206914,1266,1265,839,493,0,0.01794086
Warm C,95459,639,638,839,493,0,0.023907637
Warm C,145816,937,936,839,493,0,0.008926242
Warm C,429164,2611,2610,839,493,0,0.0032260646
Warm C,72089,482,481,839,493,0,0.0149645815
Warm C,537966,3312,3311,839,493,0,0.012927165
Warm C,300386,1780,1779,839,493,0,0.009863399
Warm C,461528,2847,2846,839,493,0,0.009272927
Warm C,790767,4728,4727,839,493,0,0.014472434
Warm C,974630,5878,5877,839,493,0,0.0108869895
Warm C,550231,3391,3390,842,494,0,0.00043851486
Warm C,537216,3311,3310,842,494,0,0.008171119
Warm C,509840,3140,3139,842,494,0,0.007817421
Warm C,507990,3126,3125,842,494,0,0.0049853926
Warm C,507251,3121,3120,842,494,0,0.013574515
Warm C,497671,3055,3054,842,494,0,0.01455533
Warm C,494218,3032,3031,842,494,1,0.0072356854
Warm C,517902,3196,3195,842,494,0,0.0014063728
Warm C,477196,2929,2928,842,494,0,0.011477082
Warm C,471643,2901,2900,842,494,1,0.0046882983
Warm C,473721,2909,2908,842,494,0,0.009130508
Warm C,441291,2702,2701,842,494,0,0.010116139
Warm C,430098,2621,2620,842,494,0,0.0033568838
Warm C,426512,2590,2589,842,494,0,0.0026172553
Warm C,414625,2496,2495,842,494,0,0.0062021976
Warm C,409664,2457,2456,842,494,0,0.006664023
Warm C,406451,2438,2437,842,494,0,0.020732675
Warm C,397207,2352,2351,842,494,0,0.0026729475
Warm C,374132,2181,2180,842,494,0,0.019923259
Warm C,368634,2155,2154,842,494,1,0.008904582
Warm C,368404,2153,2152,842,494,1,0.013250039
Warm C,351943,2063,2062,842,494,0,0.010591982
Warm C,350989,2060,2059,842,494,1,-0.0015207015
Warm C,340696,2010,2009,842,494,0,0.0056241388
Warm C,323512,1919,1918,842,494,1,0.00465092
Warm C,300737,1781,1780,842,494,1,0.0060866303
Warm C,330413,1950,1949,842,494,1,0.013226624
Warm C,297542,1764,1763,842,494,0,0.0044827475
Warm C,303550,1803,1802,842,494,0,-9.071815e-05
Warm C,288291,1722,1721,842,494,1,-0.0025179693
Warm C,279384,1680,1679,842,494,0,0.020256173
Warm C,277011,1675,1674,842,494,0,0.010720143
Warm C,277752,1676,1675,842,494,0,0.010979481
Warm C,273729,1650,1649,842,494,0,0.0072647436
Warm C,271479,1641,1640,842,494,0,0.005168468
Warm C,392251,2304,2303,842,494,0,0.01222261
Warm C,309300,1841,1840,842,494,0,0.010276349
Warm C,247744,1496,1495,842,494,0,0.0014508644
Warm C,234592,1424,1423,842,494,0,0.0051817633
Warm C,358248,2097,2096,842,494,1,0.004454758
Warm C,231127,1399,1398,842,494,0,0.0036523328
Warm C,221820,1341,1340,842,494,1,0.005126165
Warm C,273001,1647,1646,842,494,0,0.015098185
Warm C,350329,2056,2055,842,494,0,0.009158324
Warm C,200900,1237,1236,842,494,0,0.003342718
Warm C,314494,1878,1877,842,494,1,0.011115204
Warm C,328229,1941,1940,842,494,0,0.0028046109
Warm C,189000,1172,1171,842,494,0,0.010526292
Warm C,184025,1146,1145,842,494,0,0.013328322
Warm C,175572,1112,1111,842,494,0,0.01180163
Warm C,159304,1017,1016,842,494,0,0.0057217693
Warm C,134340,869,868,842,494,1,0.014182686
Warm C,138391,889,888,842,494,0,0.01262041
Warm C,126613,817,816,842,494,1,0.0064654127
Warm C,125570,808,807,842,494,0,0.008292139
Warm C,114094,741,740,842,494,0,0.0021281866
Warm C,107521,709,708,842,494,0,0.0053999894
Warm C,105631,698,697,842,494,1,0.009739317
Warm C,108031,710,709,842,494,0,0.010332375
Warm C,100195,669,668,842,494,1,0.0154117495
Warm C,97356,652,651,842,494,0,0.009751998
Warm C,631617,3821,3820,842,494,0,0.009725701
Warm C,91637,608,607,842,494,1,0.009406025
Warm C,291458,1737,1736,842,494,0,0.0034061107
Warm C,82517,548,547,842,494,0,0.010400706
Warm C,81726,543,542,842,494,1,0.014991282
Warm C,77590,524,523,842,494,1,0.014280271
Warm C,67199,452,451,842,494,1,0.010755572
Warm C,51085,337,336,842,494,0,-0.0010077849
Warm C,47881,321,320,842,494,0,0.014187176
Warm C,45160,305,304,842,494,0,0.009674195
Warm C,41141,278,277,842,494,1,0.0054623317
Warm C,697432,4169,4168,842,494,0,0.021453835
Warm C,42694,293,292,842,494,0,0.007493222
Warm C,192730,1186,1185,842,494,1,0.0040937862
Warm C,22329,163,162,842,494,0,0.010102142
Warm C,290273,1733,1732,842,494,0,0.0033260395
Warm C,2361,19,18,842,494,0,0.008484612
Warm C,458006,2820,2819,842,494,0,0.0043794904
Warm C,552404,3401,3400,842,494,0,0.015048826
Warm C,27903,195,194,842,494,0,-0.00022390939
Warm C,65398,438,437,842,494,0,0.006282541
Warm C,237976,1447,1446,842,494,0,0.010994974
Warm C,174191,1101,1100,842,494,0,0.0068402216
Warm C,572198,3507,3506,842,494,0,0.006974784
Warm C,164621,1051,1050,842,494,0,0.0108667575
Warm C,760818,4520,4519,842,494,0,0.010013274
Warm C,195507,1203,1202,842,494,0,0.012081558
Warm C,476373,2926,2925,842,494,0,0.0043272423
Warm C,63030,424,423,842,494,0,0.013494215
Warm C,562627,3462,3461,842,494,0,-0.00069626584
Warm C,626836,3792,3791,848,495,1,-0.0006565866
Warm C,589120,3592,3591,848,495,1,0.0031233362
Warm C,579422,3539,3538,848,495,1,0.008015282
Warm C,566301,3476,3475,848,495,1,0.00035031931
Warm C,563093,3464,3463,848,495,1,0.0049681305
Warm C,551545,3398,3397,848,495,0,0.011704028
Warm C,542267,3336,3335,848,495,0,0.006206153
Warm C,535408,3304,3303,848,495,0,-0.00015908643
Warm C,527470,3261,3260,848,495,0,0.008462984
Warm C,525648,3246,3245,848,495,1,0.012029257
Warm C,524214,3231,3230,848,495,1,0.0029242008
Warm C,522638,3224,3223,848,495,1,-0.0013890532
Warm C,519522,3205,3204,848,495,1,0.009957086
Warm C,574794,3518,3517,848,495,1,0.009891418
Warm C,542821,3340,3339,848,495,1,-0.0010139309
Warm C,575389,3519,3518,848,495,0,0.00930031
Warm C,498795,3065,3064,848,495,1,0.009769928
Warm C,502918,3087,3086,848,495,0,0.009689807
Warm C,490307,3017,3016,848,495,0,0.00085394725
Warm C,478115,2934,2933,848,495,1,0.012468485
Warm C,472636,2907,2906,848,495,1,0.008154454
Warm C,471645,2901,2900,848,495,1,0.0049513094
Warm C,477694,2933,2932,848,495,1,0.0061173663
Warm C,450930,2777,2776,848,495,1,-0.01054934
Warm C,408259,2453,2452,848,495,1,0.008598172
Warm C,464195,2860,2859,848,495,0,0.002310107
Warm C,398267,2368,2367,848,495,1,-0.002428327
Warm C,392254,2304,2303,848,495,1,0.008164107
Warm C,381341,2230,2229,848,495,1,0.0023906163
Warm C,376574,2197,2196,848,495,1,-0.0019597262
Warm C,364807,2124,2123,848,495,1,0.011234836
Warm C,361692,2109,2108,848,495,0,0.0055861957
Warm C,324198,1921,1920,848,495,0,0.006696186
Warm C,330293,1949,1948,848,495,1,0.008700127
Warm C,280491,1683,1682,848,495,0,0.00264577
Warm C,280873,1685,1684,848,495,0,0.0075320834
Warm C,332696,1962,1961,848,495,0,0.0012590676
Warm C,229307,1389,1388,848,495,0,0.0067668622
Warm C,306383,1825,1824,848,495,1,-0.005582609
Warm C,196051,1205,1204,848,495,0,0.004048126
Warm C,213512,1298,1297,848,495,0,0.0043102647
Warm C,193698,1194,1193,848,495,1,-0.003397008
Warm C,188090,1167,1166,848,495,0,-0.00031430123
Warm C,189001,1172,1171,848,495,0,0.012567555
Warm C,185377,1150,1149,848,495,0,0.0084633175
Warm C,201598,1242,1241,848,495,1,0.00881157
Warm C,263394,1605,1604,848,495,1,-0.003006401
Warm C,168490,1069,1068,848,495,0,0.0102735795
Warm C,166498,1059,1058,848,495,0,0.019227399
Warm C,328236,1941,1940,848,495,0,0.00678029
Warm C,159306,1017,1016,848,495,1,0.0059926705
Warm C,124271,800,799,848,495,0,0.010048342
Warm C,360849,2106,2105,848,495,0,0.008983205
Warm C,116285,752,751,848,495,0,-0.0016791443
Warm C,779090,4653,4652,848,495,0,0.0065260776
Warm C,107335,706,705,848,495,0,0.0060238275
Warm C,106799,702,701,848,495,0,0.0044364654
Warm C,697438,4169,4168,848,495,0,0.0076668076
Warm C,89805,591,590,848,495,1,0.018225476
Warm C,239013,1448,1447,848,495,1,0.014971029
Warm C,197360,1211,1210,848,495,0,0.0033351192
Warm C,64484,430,429,848,495,0,0.005371838
Warm C,59342,403,402,848,495,1,0.0029762066
Warm C,47243,319,318,848,495,0,0.00079554005
Warm C,317757,1889,1888,848,495,0,0.0049320124
Warm C,41669,284,283,848,495,0,0.0028941396
Warm C,221408,1340,1339,848,495,0,0.018323943
Warm C,33333,225,224,848,495,0,-0.0006263475
Warm C,21919,161,160,848,495,1,0.017636264
Warm C,15399,123,122,848,495,1,0.00096969283
Warm C,9135,62,61,848,495,1,0.0066604502
Warm C,223588,1354,1353,848,495,1,0.0050104614
Warm C,206927,1266,1265,848,495,0,0.005526669
Warm C,79459,531,530,848,495,0,0.005070246
Warm C,890223,5371,5370,848,495,0,-0.00040499773
Warm C,42695,293,292,848,495,1,0.0011527496
Warm C,512913,3163,3162,848,495,1,0.00900675
Warm C,653566,3940,3939,848,495,1,0.0066543124
Warm C,182053,1137,1136,848,495,1,0.0023186505
Warm C,49951,331,330,848,495,0,0.0039534643
Warm C,682514,4085,4084,848,495,1,0.006651029
Warm C,106106,699,698,848,495,1,-0.0029463756
Warm C,556576,3420,3419,848,495,0,-0.006647895
Warm C,232817,1415,1414,848,495,1,0.005874752
Warm C,93331,624,623,848,495,0,0.006177482
Warm C,72105,482,481,848,495,0,0.01235792
Warm C,285351,1701,1700,848,495,1,0.00064568967
Warm C,883408,5333,5332,848,495,1,0.0047330167
Warm C,660537,3982,3981,848,495,1,-0.0052657863
Warm C,335998,1980,1979,848,495,1,0.009734105
Warm C,537976,3312,3311,848,495,0,0.005766847
Warm C,171724,1088,1087,848,495,1,0.0018226607
Warm C,554839,3412,3411,848,495,1,0.006088905
Warm C,33872,229,228,848,495,1,0.005694445
Warm C,718942,4305,4304,848,495,1,0.013916693
Warm C,550236,3391,3390,848,495,1,-0.0019550268
Warm C,550253,3391,3390,851,497,1,0.020998297
Warm C,574800,3518,3517,851,497,1,-0.008169075
Warm C,480848,2952,2951,851,497,1,0.002108707
Warm C,475143,2916,2915,851,497,1,0.009691215
Warm C,646720,3892,3891,851,497,0,0.022272885
Warm C,467777,2883,2882,851,497,0,0.014219293
Warm C,453814,2793,2792,851,497,1,0.01330041
Warm C,443855,2737,2736,851,497,1,0.006970793
Warm C,437970,2676,2675,851,497,0,0.010341204
Warm C,431414,2628,2627,851,497,1,0.013218729
Warm C,420256,2540,2539,851,497,1,0.016302198
Warm C,408269,2453,2452,851,497,0,0.015259758
Warm C,768375,4578,4577,851,497,0,0.021064915
Warm C,351963,2063,2062,851,497,0,0.01581952
Warm C,310138,1845,1844,851,497,0,0.0014889445
Warm C,325443,1926,1925,851,497,1,0.013605009
Warm C,213519,1298,1297,851,497,0,0.011101662
Warm C,212954,1297,1296,851,497,1,0.004542185
Warm C,204050,1255,1254,851,497,0,0.0054742456
Warm C,308694,1837,1836,851,497,1,0.014043351
Warm C,279408,1680,1679,851,497,0,0.012649449
Warm C,185395,1150,1149,851,497,0,0.012173666
Warm C,211038,1285,1284,851,497,1,0.002884678
Warm C,201606,1242,1241,851,497,1,0.004465724
Warm C,169823,1078,1077,851,497,0,-0.00086408854
Warm C,167904,1068,1067,851,497,1,0.0073925974
Warm C,166506,1059,1058,851,497,0,0.007420319
Warm C,214912,1303,1302,851,497,0,-0.0052804304
Warm C,320151,1899,1898,851,497,1,-0.0024324385
Warm C,100877,673,672,851,497,0,0.004752636
Warm C,97873,655,654,851,497,0,0.0021084344
Warm C,697449,4169,4168,851,497,0,0.026202757
Warm C,83223,549,548,851,497,1,0.0033367642
Warm C,70193,474,473,851,497,0,0.015139725
Warm C,51649,339,338,851,497,0,0.013725322
Warm C,132523,855,854,851,497,0,0.010591833
Warm C,26279,187,186,851,497,1,0.0015257741
Warm C,24824,175,174,851,497,1,0.005888393
Warm C,152485,981,980,851,497,0,0.018417273
Warm C,223592,1354,1353,851,497,1,0.00852396
Warm C,158309,1015,1014,851,497,0,0.011262986
Warm C,42698,293,292,851,497,1,0.0071578817
Warm C,893356,5394,5393,851,497,1,0.004094281
Warm C,55497,368,367,851,497,0,0.011804571
Warm C,257727,1579,1578,851,497,0,0.012006628
Warm C,497262,3054,3053,851,497,0,0.0053886753
Warm C,372651,2176,2175,851,497,1,0.011227813
Warm C,511889,3158,3157,851,497,1,0.017361598
Warm C,27924,195,194,851,497,0,0.011167384
Warm C,475538,2918,2917,851,497,1,0.0106970705
Warm C,129467,839,838,851,497,1,0.007175315
Warm C,286757,1712,1711,851,497,0,0.004312315
Warm C,284249,1698,1697,851,497,0,0.009024421
Warm C,290283,1733,1732,851,497,1,0.019015815
Warm C,187676,1164,1163,851,497,1,0.002838378
Warm C,235033,1425,1424,851,497,1,0.015297374
Warm C,287748,1717,1716,851,497,0,0.0015749454
Warm C,847242,5090,5089,851,497,1,0.0023773152
Warm C,174200,1101,1100,851,497,1,0.012955608
Warm C,310728,1851,1850,851,497,0,0.006554754
Warm C,261202,1597,1596,851,497,0,0.00843504
Warm C,753506,4489,4488,851,497,0,0.01273242
Warm C,193705,1194,1193,851,497,1,0.0048013926
Warm C,319393,1897,1896,851,497,1,0.0116849225
Warm C,195518,1203,1202,851,497,0,0.025564963
Warm C,13111,102,101,851,497,0,0.014468042
Warm C,974640,5878,5877,851,497,1,0.008226926
Warm C,122352,789,788,881,504,0,0.00853106
Warm C,106138,699,698,881,504,0,0.011006504
Warm C,93830,629,628,881,504,0,-0.0020662444
Warm C,70830,476,475,881,504,1,0.00048576877
Warm C,65428,438,437,881,504,0,0.0091379685
Warm C,56041,372,371,881,504,1,0.0101535935
Warm C,312926,1865,1864,881,504,0,0.009638378
Warm C,386110,2258,2257,881,504,0,0.011983953
Warm C,363144,2116,2115,881,504,0,0.016750446
Warm C,376415,2195,2194,881,504,0,0.0047694277
Warm C,139213,890,889,881,504,1,0.0032991797
Warm C,134380,869,868,881,504,0,0.008335305
Warm C,717103,4294,4293,881,504,0,0.015617623
Warm C,222761,1348,1347,881,504,1,0.0024843647
Warm C,877535,5302,5301,881,504,0,0.0022491945
Warm C,273046,1647,1646,881,504,0,0.015380206
Warm C,974657,5878,5877,881,504,0,0.0060663717
Warm C,288936,1726,1725,886,505,0,0.008732318
Warm C,303061,1800,1799,886,505,0,-0.00068752863
Warm C,247770,1496,1495,886,505,0,-0.0009693024
Warm C,329410,1943,1942,886,505,0,0.003906632
Warm C,337499,1984,1983,886,505,0,-0.012649915
Warm C,233109,1418,1417,886,505,0,0.00246636
Warm C,227206,1377,1376,886,505,0,-0.0031206617
Warm C,592043,3610,3609,886,505,1,0.004862288
Warm C,344439,2021,2020,886,505,1,0.0059398147
Warm C,170266,1084,1083,886,505,0,0.0029575871
Warm C,342581,2015,2014,886,505,1,0.004277361
Warm C,154918,999,998,886,505,0,0.003499818
Warm C,121555,781,780,886,505,0,0.0078117955
Warm C,114899,746,745,886,505,0,-0.0015836315
Warm C,119334,770,769,886,505,0,0.0031635987
Warm C,106141,699,698,886,505,0,0.0065199104
Warm C,299689,1778,1777,886,505,0,0.013745257
Warm C,713969,4277,4276,886,505,0,0.0038866936
Warm C,150651,970,969,886,505,0,0.004654537
Warm C,291493,1737,1736,886,505,1,0.0006575952
Warm C,81757,543,542,886,505,1,0.007209776
Warm C,77639,524,523,886,505,0,0.008271276
Warm C,44345,302,301,886,505,0,0.0054498613
Warm C,355610,2082,2081,886,505,1,-0.0016744065
Warm C,55532,368,367,886,505,0,0.0025606581
Warm C,38007,260,259,886,505,0,-0.003888969
Warm C,29101,199,198,886,505,1,0.002644831
Warm C,54401,355,354,886,505,0,0.0019002532
Warm C,22403,163,162,886,505,0,0.011383947
Warm C,27069,192,191,886,505,0,0.00847606
Warm C,7327,52,51,886,505,1,-0.006308357
Warm C,109340,714,713,886,505,1,0.003620699
Warm C,78524,528,527,886,505,0,0.0038232352
Warm C,355004,2077,2076,886,505,0,0.002985386
Warm C,109853,716,715,886,505,1,0.012086681
Warm C,11903,92,91,886,505,1,0.0046327948
Warm C,907836,5492,5491,886,505,0,0.0058369683
Warm C,191898,1182,1181,886,505,0,0.008358995
Warm C,599331,3648,3647,886,505,0,0.0054281047
Warm C,550283,3391,3390,886,505,0,0.0057384325
Warm C,521759,3219,3218,886,505,1,0.0074379207
Warm C,893380,5394,5393,886,505,0,0.0041107223
Warm C,273047,1647,1646,886,505,0,0.010006015
Warm C,62112,419,418,886,505,0,-0.011492215
Warm C,507268,3121,3120,891,506,0,0.014943183
Warm C,718971,4305,4304,891,506,0,0.00723235
Warm C,494284,3032,3031,891,506,1,0.01668274
Warm C,488924,3010,3009,891,506,0,0.0072111245
Warm C,487941,3001,3000,891,506,0,0.012215976
Warm C,483525,2972,2971,891,506,1,0.011455886
Warm C,480200,2946,2945,891,506,0,0.022123234
Warm C,463406,2857,2856,891,506,0,0.011021775
Warm C,460987,2842,2841,891,506,0,0.012391757
Warm C,450318,2776,2775,891,506,0,0.0125807775
Warm C,444727,2743,2742,891,506,0,8.190237e-05
Warm C,444343,2741,2740,891,506,0,0.0027409461
Warm C,453279,2792,2791,891,506,0,0.0076608043
Warm C,441294,2702,2701,891,506,0,0.0013949849
Warm C,429199,2611,2610,891,506,0,0.009253312
Warm C,426536,2590,2589,891,506,0,0.0053331894
Warm C,411080,2466,2465,891,506,0,0.0033367453
Warm C,409694,2457,2456,891,506,0,0.016401337
Warm C,406597,2439,2438,891,506,0,0.00013910187
Warm C,401232,2391,2390,891,506,0,-0.0040902556
Warm C,397214,2352,2351,891,506,0,-0.00044501014
Warm C,394618,2328,2327,891,506,1,0.0007853528
Warm C,387920,2270,2269,891,506,0,0.001202239
Warm C,379368,2217,2216,891,506,0,0.014644967
Warm C,371222,2169,2168,891,506,1,0.00051933224
Warm C,374192,2181,2180,891,506,0,0.020238558
Warm C,369976,2164,2163,891,506,0,0.001050591
Warm C,368636,2155,2154,891,506,1,-0.008182494
Warm C,367341,2144,2143,891,506,0,0.011791391
Warm C,365991,2130,2129,891,506,1,-0.0022182055
Warm C,366213,2131,2130,891,506,0,0.0022756376
Warm C,364839,2124,2123,891,506,0,0.006607369
Warm C,364162,2121,2120,891,506,1,0.011251547
Warm C,362364,2113,2112,891,506,0,0.008217394
Warm C,362180,2110,2109,891,506,0,0.008497205
Warm C,352024,2063,2062,891,506,0,0.0118912095
Warm C,361746,2109,2108,891,506,0,0.0031596925
Warm C,345641,2027,2026,891,506,0,0.0071071107
Warm C,344441,2021,2020,891,506,1,0.006165595
Warm C,324686,1923,1922,891,506,1,0.0052431985
Warm C,328992,1942,1941,891,506,0,0.0047862325
Warm C,323516,1919,1918,891,506,0,-0.00562133
Warm C,317253,1886,1885,891,506,0,0.0065228394
Warm C,297585,1764,1763,891,506,1,0.0051023858
Warm C,289736,1730,1729,891,506,0,0.005876534
Warm C,286783,1712,1711,891,506,0,0.014721649
Warm C,279493,1680,1679,891,506,0,0.0074405577
Warm C,296124,1757,1756,891,506,0,0.0031470319
Warm C,261415,1598,1597,891,506,0,0.005575102
Warm C,260684,1593,1592,891,506,0,0.010406636
Warm C,303301,1802,1801,891,506,0,0.010051423
Warm C,250585,1510,1509,891,506,0,0.005477176
Warm C,244052,1470,1469,891,506,0,0.016039278
Warm C,237063,1441,1440,891,506,0,0.00968757
Warm C,332733,1962,1961,891,506,0,0.0005506878
Warm C,233262,1419,1418,891,506,0,0.012877973
Warm C,224228,1356,1355,891,506,0,0.013400958
Warm C,224514,1357,1356,891,506,0,0.007871468
Warm C,221828,1341,1340,891,506,0,-0.0063022175
Warm C,225589,1366,1365,891,506,0,0.012345761
Warm C,214944,1303,1302,891,506,1,0.015936937
Warm C,214112,1300,1299,891,506,0,0.008666769
Warm C,277799,1676,1675,891,506,0,0.009528775
Warm C,204310,1259,1258,891,506,0,0.0059824013
Warm C,210205,1284,1283,891,506,0,0.0056180116
Warm C,196597,1207,1206,891,506,0,0.008131086
Warm C,328324,1941,1940,891,506,0,0.01779212
Warm C,189031,1172,1171,891,506,0,0.0030229068
Warm C,184047,1146,1145,891,506,1,0.0110367285
Warm C,182370,1138,1137,891,506,0,-0.00027311483
Warm C,177040,1117,1116,891,506,1,0.004941601
Warm C,174778,1106,1105,891,506,0,0.007758838
Warm C,256194,1562,1561,891,506,0,0.009684762
Warm C,175621,1112,1111,891,506,0,0.0067545967
Warm C,236429,1434,1433,891,506,0,0.0027645691
Warm C,159328,1017,1016,891,506,0,0.0060713305
Warm C,151012,971,970,891,506,0,0.0039490904
Warm C,150202,967,966,891,506,1,0.004048541
Warm C,149020,958,957,891,506,1,0.0050012656
Warm C,141985,915,914,891,506,0,-0.0014421057
Warm C,204962,1261,1260,891,506,0,0.0004171962
Warm C,140729,904,903,891,506,0,-0.0034958809
Warm C,138479,889,888,891,506,0,0.011314735
Warm C,134394,869,868,891,506,0,0.009559783
Warm C,133299,860,859,891,506,0,-0.00012800889
Warm C,133201,859,858,891,506,1,0.0020747876
Warm C,131979,854,853,891,506,0,0.0048428862
Warm C,126638,817,816,891,506,0,-0.001102722
Warm C,125584,808,807,891,506,0,0.005055299
Warm C,175040,1109,1108,891,506,0,0.008412781
Warm C,114099,741,740,891,506,1,-0.0006866758
Warm C,349329,2050,2049,891,506,0,-0.0018678233
Warm C,107525,709,708,891,506,0,-0.009257707
Warm C,107195,705,704,891,506,0,0.007329547
Warm C,99865,667,666,891,506,0,0.015108283
Warm C,99337,662,661,891,506,1,0.001129596
Warm C,82277,546,545,891,506,0,-0.0011334966
Warm C,74055,504,503,891,506,0,0.012626408
Warm C,57581,390,389,891,506,0,0.0056964196
Warm C,51111,337,336,891,506,0,-0.002600499
Warm C,45858,308,307,891,506,0,0.008599379
Warm C,43219,296,295,891,506,0,0.013010163
Warm C,31281,211,210,891,506,0,-0.0043604886
Warm C,291500,1737,1736,891,506,0,0.0074729924
Warm C,26777,190,189,891,506,0,0.002644202
Warm C,22425,163,162,891,506,0,0.014404183
Warm C,14422,117,116,891,506,0,0.009252204
Warm C,13968,113,112,891,506,0,0.01336674
Warm C,8219,57,56,891,506,0,0.0024317398
Warm C,6482,46,45,891,506,1,0.00071530975
Warm C,6082,44,43,891,506,0,0.001776719
Warm C,47349,319,318,891,506,0,0.0087368805
Warm C,102387,678,677,891,506,0,0.006791124
Warm C,206973,1266,1265,891,506,0,0.014549888
Warm C,552457,3401,3400,891,506,0,-0.0012576167
Warm C,265169,1611,1610,891,506,0,0.0059305043
Warm C,290330,1733,1732,891,506,0,0.0062490636
Warm C,596692,3626,3625,891,506,0,0.012909921
Warm C,689909,4126,4125,891,506,0,0.014349563
Warm C,473801,2909,2908,891,506,1,0.005936571
Warm C,474379,2910,2909,891,506,0,0.009500612
Warm C,238035,1447,1446,891,506,0,0.014129142
Warm C,63091,424,423,891,506,0,0.00939863
Warm C,579483,3539,3538,892,507,1,0.031825494
Warm C,569949,3497,3496,892,507,1,0.0120759765
Warm C,562095,3458,3457,892,507,1,0.019376932
Warm C,570370,3499,3498,892,507,1,0.024159271
Warm C,554041,3410,3409,892,507,0,0.02255873
Warm C,658438,3967,3966,892,507,0,0.010453174
Warm C,543640,3348,3347,892,507,1,0.0047732717
Warm C,531730,3283,3282,892,507,1,0.017758504
Warm C,521145,3216,3215,892,507,0,0.011715931
Warm C,512957,3163,3162,892,507,1,0.032959484
Warm C,496225,3049,3048,892,507,1,0.013609337
Warm C,624918,3778,3777,892,507,0,0.02936178
Warm C,489683,3013,3012,892,507,1,0.012160722
Warm C,474747,2913,2912,892,507,1,0.018909514
Warm C,466915,2878,2877,892,507,1,0.025422156
Warm C,446912,2753,2752,892,507,1,0.013334308
Warm C,443879,2737,2736,892,507,0,0.018700968
Warm C,442439,2724,2723,892,507,0,0.014999055
Warm C,697516,4169,4168,892,507,1,0.038578026
Warm C,434459,2649,2648,892,507,0,0.009129798
Warm C,427645,2597,2596,892,507,1,-0.0011958614
Warm C,416713,2507,2506,892,507,1,0.021786291
Warm C,411268,2468,2467,892,507,0,0.015130875
Warm C,409246,2456,2455,892,507,0,0.027708663
Warm C,399904,2380,2379,892,507,1,0.026532644
Warm C,400448,2383,2382,892,507,1,0.017390475
Warm C,439435,2684,2683,892,507,0,0.016074836
Warm C,382931,2237,2236,892,507,1,0.022341967
Warm C,366614,2136,2135,892,507,1,0.013008088
Warm C,348107,2041,2040,892,507,0,0.028322652
Warm C,343159,2016,2015,892,507,1,0.01651251
Warm C,318680,1894,1893,892,507,1,0.003977483
Warm C,312933,1865,1864,892,507,1,0.015290381
Warm C,306631,1828,1827,892,507,0,0.005766143
Warm C,301051,1788,1787,892,507,1,0.0061411182
Warm C,316895,1884,1883,892,507,1,0.023468968
Warm C,326781,1937,1936,892,507,1,0.012431767
Warm C,292401,1741,1740,892,507,1,0.024691774
Warm C,275161,1666,1665,892,507,0,0.018485324
Warm C,241700,1455,1454,892,507,0,0.0061530443
Warm C,230820,1396,1395,892,507,1,0.017085772
Warm C,229938,1391,1390,892,507,0,0.010988018
Warm C,218048,1322,1321,892,507,0,0.011004119
Warm C,211801,1288,1287,892,507,1,0.01107184
Warm C,209153,1276,1275,892,507,1,0.015688222
Warm C,208347,1273,1272,892,507,1,0.020570572
Warm C,252856,1532,1531,892,507,0,0.017524293
Warm C,279494,1680,1679,892,507,0,0.018602483
Warm C,200662,1232,1231,892,507,1,0.0057989787
Warm C,189032,1172,1171,892,507,1,0.023414325
Warm C,188094,1167,1166,892,507,0,0.0069758394
Warm C,167318,1065,1064,892,507,1,0.01500172
Warm C,272266,1645,1644,892,507,1,0.008642597
Warm C,203167,1246,1245,892,507,0,0.029801548
Warm C,152495,981,980,892,507,1,0.029243188
Warm C,148354,955,954,892,507,1,0.02249135
Warm C,146605,945,944,892,507,0,0.018282704
Warm C,144650,933,932,892,507,0,0.004065183
Warm C,139431,891,890,892,507,1,0.013170458
Warm C,138480,889,888,892,507,0,0.025976405
Warm C,374854,2185,2184,892,507,1,0.0131849
Warm C,263446,1605,1604,892,507,1,0.013939807
Warm C,160203,1019,1018,892,507,0,0.026869524
Warm C,187700,1164,1163,892,507,1,0.01655217
Warm C,112570,731,730,892,507,1,0.028313313
Warm C,341211,2011,2010,892,507,1,0.020534478
Warm C,100897,673,672,892,507,0,0.013549199
Warm C,97896,655,654,892,507,0,0.011230566
Warm C,314151,1875,1874,892,507,1,0.023454448
Warm C,256104,1561,1560,892,507,1,0.0119729955
Warm C,90149,594,593,892,507,1,0.013434219
Warm C,88154,581,580,892,507,1,0.008486852
Warm C,85049,553,552,892,507,1,0.0004368066
Warm C,84304,550,549,892,507,1,0.02165864
Warm C,83271,549,548,892,507,1,0.024588658
Warm C,198214,1218,1217,892,507,1,0.017954955
Warm C,319426,1897,1896,892,507,0,0.025097655
Warm C,64642,432,431,892,507,0,0.0058755903
Warm C,60619,411,410,892,507,0,0.028799526
Warm C,37860,259,258,892,507,1,0.01638138
Warm C,935605,5644,5643,892,507,1,0.007140269
Warm C,14825,118,117,892,507,1,0.018910486
Warm C,30441,204,203,892,507,0,0.026048966
Warm C,158368,1015,1014,892,507,1,0.021920456
Warm C,238036,1447,1446,892,507,0,0.034479663
Warm C,339220,1998,1997,892,507,1,0.028919144
Warm C,750673,4478,4477,892,507,1,0.023897622
Warm C,50038,331,330,892,507,1,0.02300433
Warm C,891944,5387,5386,892,507,1,0.012589429
Warm C,720535,4312,4311,892,507,0,0.025291257
Warm C,565654,3475,3474,892,507,0,0.016287938
Warm C,63092,424,423,892,507,1,0.02603795
Warm C,128333,830,829,893,508,1,0.0015146869
Warm C,100898,673,672,893,508,1,-0.0041146236
Warm C,92060,612,611,893,508,0,0.0034520857
Warm C,284300,1698,1697,893,508,1,0.004615508
Warm C,86172,563,562,893,508,1,-0.0014658073
Warm C,53592,352,351,893,508,1,0.003029256
Warm C,697517,4169,4168,893,508,1,0.007765884
Warm C,7612,53,52,893,508,1,0.009961521
Warm C,245826,1484,1483,893,508,0,0.00088190613
Warm C,388167,2271,2270,897,509,1,-0.00090313004
Warm C,364163,2121,2120,897,509,1,-0.0004215911
Warm C,362181,2110,2109,897,509,1,0.008656043
Warm C,387570,2265,2264,897,509,0,0.009047756
Warm C,357552,2092,2091,897,509,0,0.004999259
Warm C,356451,2088,2087,897,509,0,0.0064838384
Warm C,345493,2026,2025,897,509,0,0.0014490176
Warm C,343691,2018,2017,897,509,1,0.0027604222
Warm C,318413,1891,1890,897,509,1,0.008199436
Warm C,316896,1884,1883,897,509,1,-0.004182421
Warm C,275610,1667,1666,897,509,0,0.014765879
Warm C,293830,1748,1747,897,509,0,0.0086105475
Warm C,269105,1632,1631,897,509,0,0.009572023
Warm C,250816,1513,1512,897,509,1,0.011024831
Warm C,354173,2073,2072,897,509,0,0.004092075
Warm C,242877,1465,1464,897,509,1,0.00759614
Warm C,218049,1322,1321,897,509,1,0.011944935
Warm C,158369,1015,1014,897,509,1,0.00400942
Warm C,138482,889,888,897,509,0,0.009396644
Warm C,153138,984,983,897,509,1,-0.0018545636
Warm C,244054,1470,1469,897,509,1,0.007494056
Warm C,191116,1181,1180,897,509,0,0.02215431
Warm C,68780,461,460,897,509,0,0.016275566
Warm C,57755,391,390,897,509,1,0.013056701
Warm C,211089,1285,1284,897,509,1,0.012792178
Warm C,177042,1117,1116,897,509,1,0.005319979
Warm C,31947,216,215,897,509,1,0.0024511837
Warm C,5652,40,39,897,509,1,0.00025997893
Warm C,15496,123,122,897,509,1,0.0031374912
Warm C,713985,4277,4276,897,509,1,0.01708873
Warm C,607734,3688,3687,897,509,1,0.005900705
Warm C,931512,5626,5625,897,509,1,0.0027442917
Warm C,322487,1912,1911,897,509,0,0.00791561
Warm C,473802,2909,2908,897,509,0,-0.0033554144
Warm C,421081,2544,2543,897,509,0,-0.0035945005
Warm C,171798,1088,1087,897,509,1,0.009071026
Warm C,324994,1925,1924,897,509,0,0.0032706726
Warm C,339221,1998,1997,897,509,0,0.010072568
Warm C,580269,3544,3543,901,513,1,0.004922606
Warm C,578912,3539,3538,901,513,1,0.015321348
Warm C,580373,3546,3545,901,513,1,0.0069041345
Warm C,566754,3478,3477,901,513,1,0.010335953
Warm C,593294,3618,3617,901,513,0,0.004006223
Warm C,566621,3477,3476,901,513,1,0.0044800704
Warm C,576791,3526,3525,901,513,0,0.0018287917
Warm C,556153,3418,3417,901,513,1,0.0080373
Warm C,535338,3304,3303,901,513,1,-0.0021547358
Warm C,532935,3292,3291,901,513,1,0.0077144257
Warm C,522120,3224,3223,901,513,1,0.004725437
Warm C,521309,3217,3216,901,513,1,0.002456598
Warm C,512538,3163,3162,901,513,1,0.012184944
Warm C,509706,3140,3139,901,513,1,0.0062370715
Warm C,616585,3732,3731,901,513,1,0.003778868
Warm C,768553,4579,4578,901,513,1,0.016249936
Warm C,916556,5539,5538,901,513,1,0.003015892
Warm C,545958,3367,3366,901,513,1,0.011791118
Warm C,491919,3026,3025,901,513,1,0.013071941
Warm C,491748,3025,3024,901,513,0,0.00078782847
Warm C,599700,3650,3649,901,513,0,0.016070284
Warm C,479124,2941,2940,901,513,1,0.0069909203
Warm C,477823,2934,2933,901,513,0,0.010009434
Warm C,695737,4169,4168,901,513,1,0.01614531
Warm C,466571,2878,2877,901,513,1,0.008988539
Warm C,712664,4277,4276,901,513,0,0.013869843
Warm C,438202,2679,2678,901,513,0,0.013422413
Warm C,418399,2529,2528,901,513,0,0.0074332254
Warm C,416297,2507,2506,901,513,1,0.015340876
Warm C,406696,2442,2441,901,513,0,0.010087248
Warm C,395017,2334,2333,901,513,1,0.0069645355
Warm C,356976,2091,2090,901,513,1,0.009616053
Warm C,352879,2067,2066,901,513,0,-0.0007823979
Warm C,345392,2026,2025,901,513,0,0.005007541
Warm C,343466,2018,2017,901,513,1,0.006613382
Warm C,340030,2006,2005,901,513,1,0.004205337
Warm C,339612,2002,2001,901,513,0,0.012618721
Warm C,334408,1974,1973,901,513,1,0.015788628
Warm C,325170,1926,1925,901,513,1,0.013619548
Warm C,294631,1750,1749,901,513,1,0.007175117
Warm C,295502,1755,1754,901,513,1,0.0071363817
Warm C,278544,1680,1679,901,513,1,0.014578961
Warm C,276000,1671,1670,901,513,0,0.015224924
Warm C,268744,1632,1631,901,513,0,0.0072948337
Warm C,268426,1631,1630,901,513,1,0.0006890418
Warm C,258868,1586,1585,901,513,1,0.019730328
Warm C,259257,1587,1586,901,513,0,0.009623809
Warm C,353872,2073,2072,901,513,1,0.0059763324
Warm C,262080,1600,1599,901,513,1,0.011604181
Warm C,217862,1322,1321,901,513,1,0.0055667395
Warm C,208558,1274,1273,901,513,0,0.008935491
Warm C,591685,3610,3609,901,513,0,0.015366022
Warm C,327514,1941,1940,901,513,1,0.004727741
Warm C,184794,1150,1149,901,513,1,0.016799372
Warm C,316077,1883,1882,901,513,0,0.0058428533
Warm C,212368,1294,1293,901,513,0,0.0027569248
Warm C,183021,1141,1140,901,513,1,0.01021718
Warm C,173196,1098,1097,901,513,1,0.00093956967
Warm C,163402,1046,1045,901,513,1,-0.0022060322
Warm C,159077,1017,1016,901,513,0,0.0075735208
Warm C,157692,1015,1014,901,513,1,0.004601587
Warm C,336836,1983,1982,901,513,1,0.010479001
Warm C,319811,1899,1898,901,513,1,0.01076846
Warm C,149923,965,964,901,513,0,0.0025363583
Warm C,323608,1920,1919,901,513,0,0.0038252927
Warm C,144464,931,930,901,513,1,-0.0018228653
Warm C,140130,899,898,901,513,1,0.012734319
Warm C,347211,2038,2037,901,513,0,0.0071767466
Warm C,137691,889,888,901,513,1,0.015797835
Warm C,374711,2185,2184,901,513,1,0.0032904209
Warm C,124395,801,800,901,513,0,0.01795955
Warm C,132228,855,854,901,513,1,0.00438584
Warm C,159751,1019,1018,901,513,0,0.011326749
Warm C,112218,731,730,901,513,1,0.012291469
Warm C,316560,1884,1883,901,513,1,0.01681932
Warm C,339050,1998,1997,901,513,1,0.011150465
Warm C,85190,556,555,901,513,0,0.006438247
Warm C,118973,770,769,901,513,1,0.018235002
Warm C,73044,494,493,901,513,1,0.00556129
Warm C,69964,473,472,901,513,0,0.00888815
Warm C,61710,415,414,901,513,1,0.014387675
Warm C,201315,1242,1241,901,513,1,0.0056962445
Warm C,227946,1383,1382,901,513,1,0.010689074
Warm C,78234,528,527,901,513,0,0.0043598963
Warm C,46719,314,313,901,513,0,0.00703115
Warm C,31762,216,215,901,513,0,0.0049033253
Warm C,28674,198,197,901,513,0,0.015207484
Warm C,34573,235,234,901,513,1,0.012010265
Warm C,24796,175,174,901,513,1,0.010629568
Warm C,481575,2962,2961,901,513,0,0.012733804
Warm C,18546,146,145,901,513,1,0.0077669714
Warm C,10733,78,77,901,513,1,0.004194381
Warm C,7475,53,52,901,513,1,0.006983606
Warm C,4137,31,30,901,513,0,0.0011368442
Warm C,3870,28,27,901,513,0,-0.0006618914
Warm C,6612,48,47,901,513,1,0.00599737
Warm C,357194,2092,2091,901,513,0,0.012088598
Warm C,79068,531,530,901,513,1,0.010291078
Warm C,89080,588,587,901,513,1,0.0111683635
Warm C,949139,5734,5733,901,513,1,0.0046474687
Warm C,249735,1505,1504,901,513,0,0.015549508
Warm C,11846,92,91,901,513,0,0.0143351685
Warm C,60493,411,410,901,513,1,0.01942306
Warm C,618788,3751,3750,901,513,0,0.007401988
Warm C,773581,4611,4610,901,513,1,0.010020976
Warm C,206612,1266,1265,901,513,1,0.017717112
Warm C,50553,333,332,901,513,1,0.005266673
Warm C,454452,2796,2795,901,513,0,0.0068522887
Warm C,489441,3013,3012,901,513,0,-6.3273124e-05
Warm C,495113,3038,3037,901,513,1,0.0045361905
Warm C,831868,5001,5000,901,513,1,0.004664943
Warm C,62493,424,423,901,513,1,0.010130491
Warm C,76262,518,517,901,513,1,0.0046163583
Warm C,8735,59,58,901,513,0,0.00036818988
Warm C,622545,3769,3768,906,518,1,0.01418869
Warm C,621050,3762,3761,906,518,0,0.008482989
Warm C,600453,3651,3650,906,518,1,0.008481696
Warm C,576035,3521,3520,906,518,0,0.005890319
Warm C,566758,3478,3477,906,518,0,0.0076840003
Warm C,695746,4169,4168,906,518,1,0.019654945
Warm C,553685,3410,3409,906,518,1,0.017071698
Warm C,549400,3390,3389,906,518,1,0.0016574659
Warm C,576795,3526,3525,906,518,0,0.015959233
Warm C,543375,3346,3345,906,518,0,0.008346807
Warm C,916561,5539,5538,906,518,1,0.0033200907
Warm C,521313,3217,3216,906,518,1,0.0098939985
Warm C,518592,3201,3200,906,518,1,0.012177454
Warm C,515843,3183,3182,906,518,1,0.013278147
Warm C,506501,3118,3117,906,518,0,0.017755179
Warm C,768560,4579,4578,906,518,1,0.010887951
Warm C,495227,3039,3038,906,518,1,-0.005288669
Warm C,482531,2967,2966,906,518,1,0.021350581
Warm C,645058,3885,3884,906,518,1,0.019385926
Warm C,494933,3036,3035,906,518,1,-0.0041370722
Warm C,879751,5317,5316,906,518,1,0.020974115
Warm C,466145,2874,2873,906,518,0,0.0027977338
Warm C,459067,2826,2825,906,518,1,0.015422902
Warm C,457611,2820,2819,906,518,0,0.0021848683
Warm C,455519,2805,2804,906,518,0,0.006528663
Warm C,448323,2764,2763,906,518,1,0.011834469
Warm C,425157,2581,2580,906,518,1,0.016752785
Warm C,446677,2753,2752,906,518,1,0.0105391
Warm C,420748,2544,2543,906,518,0,0.012428538
Warm C,419574,2537,2536,906,518,1,0.014532945
Warm C,418408,2529,2528,906,518,1,0.027898144
Warm C,416308,2507,2506,906,518,1,0.019822758
Warm C,397559,2355,2354,906,518,1,0.005241857
Warm C,395333,2335,2334,906,518,1,0.014527358
Warm C,394650,2329,2328,906,518,0,0.007195885
Warm C,381221,2230,2229,906,518,1,0.0053029098
Warm C,385123,2251,2250,906,518,1,0.025081757
Warm C,377629,2205,2204,906,518,0,0.015692841
Warm C,372767,2177,2176,906,518,1,0.010170708
Warm C,365587,2128,2127,906,518,1,0.0101740565
Warm C,364069,2121,2120,906,518,0,-0.0011413675
Warm C,357900,2094,2093,906,518,1,0.0057595624
Warm C,412004,2478,2477,906,518,0,0.010146113
Warm C,353626,2072,2071,906,518,1,0.011228987
Warm C,352583,2064,2063,906,518,1,0.009044772
Warm C,346555,2031,2030,906,518,1,0.009328404
Warm C,343473,2018,2017,906,518,1,0.008795025
Warm C,339616,2002,2001,906,518,1,0.013403432
Warm C,339370,1999,1998,906,518,1,0.0114822965
Warm C,318867,1896,1895,906,518,1,0.0057288376
Warm C,313277,1868,1867,906,518,1,0.0017475677
Warm C,304485,1810,1809,906,518,1,0.0052325064
Warm C,313970,1875,1874,906,518,1,0.010533732
Warm C,293543,1748,1747,906,518,1,0.010131436
Warm C,268754,1632,1631,906,518,0,0.02761447
Warm C,345398,2026,2025,906,518,0,0.012709336
Warm C,258079,1580,1579,906,518,0,0.00023137918
Warm C,269670,1635,1634,906,518,1,0.021006485
Warm C,250758,1513,1512,906,518,1,0.012600799
Warm C,240924,1451,1450,906,518,1,0.019762788
Warm C,631304,3821,3820,906,518,1,0.014227511
Warm C,316568,1884,1883,906,518,1,0.017597934
Warm C,230954,1398,1397,906,518,1,0.007956995
Warm C,227424,1378,1377,906,518,1,0.010294441
Warm C,228847,1387,1386,906,518,1,0.01811952
Warm C,225402,1364,1363,906,518,1,0.009828018
Warm C,222879,1350,1349,906,518,1,0.0044501373
Warm C,318080,1890,1889,906,518,1,0.0059712245
Warm C,196101,1206,1205,906,518,1,0.0005226254
Warm C,192950,1191,1190,906,518,1,0.016530043
Warm C,327528,1941,1940,906,518,1,0.015994834
Warm C,337906,1988,1987,906,518,1,0.016641816
Warm C,183027,1141,1140,906,518,1,0.028466636
Warm C,182643,1140,1139,906,518,1,0.012294752
Warm C,165106,1053,1052,906,518,1,0.0032344423
Warm C,190332,1181,1180,906,518,1,0.016139403
Warm C,162632,1038,1037,906,518,1,0.015879115
Warm C,159080,1017,1016,906,518,1,0.0007961788
Warm C,373770,2181,2180,906,518,1,0.014413834
Warm C,157705,1015,1014,906,518,1,0.007292852
Warm C,323612,1920,1919,906,518,0,0.011736269
Warm C,199236,1224,1223,906,518,1,0.015030811
Warm C,144468,931,930,906,518,1,0.0046575377
Warm C,184804,1150,1149,906,518,0,0.010906088
Warm C,137703,889,888,906,518,1,0.014081001
Warm C,347219,2038,2037,906,518,1,0.0128690405
Warm C,124145,800,799,906,518,1,0.02615739
Warm C,120104,776,775,906,518,1,0.0144179035
Warm C,118644,767,766,906,518,1,0.011862736
Warm C,101613,677,676,906,518,1,0.0034539758
Warm C,239617,1449,1448,906,518,1,0.015309729
Warm C,94089,631,630,906,518,1,0.020622067
Warm C,89087,588,587,906,518,1,0.009052892
Warm C,82683,549,548,906,518,1,0.016754672
Warm C,319107,1897,1896,906,518,1,0.017813252
Warm C,227955,1383,1382,906,518,0,0.012461055
Warm C,51761,340,339,906,518,1,0.016802013
Warm C,638859,3842,3841,906,518,1,0.022620331
Warm C,141885,914,913,906,518,1,0.0023232768
Warm C,34584,235,234,906,518,1,0.011694947
Warm C,133588,864,863,906,518,1,0.011052398
Warm C,463988,2860,2859,906,518,1,0.007760633
Warm C,61715,415,414,906,518,1,0.013155984
Warm C,12649,97,96,906,518,1,0.0096510155
Warm C,591691,3610,3609,906,518,0,0.012633934
Warm C,9111,62,61,906,518,1,0.009858852
Warm C,3874,28,27,906,518,1,0.0038799075
Warm C,24197,173,172,906,518,1,0.009691148
Warm C,481581,2962,2961,906,518,0,0.010207245
Warm C,15371,123,122,906,518,1,0.020500813
Warm C,466580,2878,2877,906,518,1,0.015894871
Warm C,129129,839,838,906,518,1,0.016404133
Warm C,284723,1699,1698,906,518,1,0.008897424
Warm C,181823,1137,1136,906,518,1,0.015601639
Warm C,347834,2041,2040,906,518,1,0.009995906
Warm C,56299,376,375,906,518,1,0.004820004
Warm C,249740,1505,1504,906,518,1,0.008109838
Warm C,18219,140,139,906,518,1,0.0073959497
Warm C,62504,424,423,906,518,1,0.016316239
Warm C,499091,3067,3066,906,518,1,0.01301435
Warm C,322033,1912,1911,906,518,0,0.0034987542
Warm C,259263,1587,1586,906,518,0,0.015576389
Warm C,795422,4765,4764,906,518,1,0.022817671
Warm C,339058,1998,1997,906,518,1,0.00887079
Warm C,171207,1088,1087,906,518,1,0.02295118
Warm C,13104,102,101,906,518,1,0.015168368
Warm C,616589,3732,3731,906,518,1,0.011292817
Warm C,295509,1755,1754,907,519,1,0.009764625
Warm C,276011,1671,1670,907,519,0,0.017117927
Warm C,246151,1489,1488,907,519,1,0.009773608
Warm C,283828,1698,1697,907,519,1,0.0084880125
Warm C,319826,1899,1898,907,519,0,0.019500412
Warm C,217869,1322,1321,907,519,1,0.015622715
Warm C,218514,1325,1324,907,519,1,0.015510501
Warm C,326643,1937,1936,907,519,0,0.008375227
Warm C,591694,3610,3609,907,519,0,0.021683678
Warm C,243668,1470,1469,907,519,0,0.015998796
Warm C,250621,1511,1510,907,519,1,0.008494468
Warm C,327533,1941,1940,907,519,0,0.016415466
Warm C,184805,1150,1149,907,519,0,0.022678383
Warm C,212373,1294,1293,907,519,1,0.012440581
Warm C,176227,1114,1113,907,519,1,0.00932593
Warm C,162151,1034,1033,907,519,1,0.010996625
Warm C,347221,2038,2037,907,519,0,0.0069666216
Warm C,137707,889,888,907,519,1,0.020059206
Warm C,374718,2185,2184,907,519,1,0.00030929316
Warm C,159763,1019,1018,907,519,1,0.012827035
Warm C,112224,731,730,907,519,1,0.015745908
Warm C,778783,4653,4652,907,519,1,0.0026476085
Warm C,373774,2181,2180,907,519,1,0.018937806
Warm C,90067,594,593,907,519,1,0.0033690506
Warm C,227957,1383,1382,907,519,1,0.021518342
Warm C,69967,473,472,907,519,1,0.012783401
Warm C,61717,415,414,907,519,1,0.013452804
Warm C,59888,408,407,907,519,1,0.0015013083
Warm C,52799,348,347,907,519,1,0.001322302
Warm C,52448,346,345,907,519,1,0.009698058
Warm C,60502,411,410,907,519,0,0.016239185
Warm C,12651,97,96,907,519,1,0.012951326
Warm C,4395,33,32,907,519,0,0.0077353017
Warm C,739327,4418,4417,907,519,1,0.0073406897
Warm C,420752,2544,2543,907,519,1,0.02430704
Warm C,558394,3430,3429,907,519,1,0.015729547
Warm C,24199,173,172,907,519,0,0.023148157
Warm C,50559,333,332,907,519,1,0.00845966
Warm C,454464,2796,2795,907,519,0,0.02141576
Warm C,171212,1088,1087,907,519,1,0.017408198
Warm C,978749,5902,5901,907,519,1,0.00894055
Warm C,322034,1912,1911,907,519,0,0.011606198
Warm C,795424,4765,4764,907,519,1,0.011404876
Warm C,821517,4940,4939,907,519,1,0.003280092
Warm C,403081,2407,2406,907,519,1,0.008016519
Warm C,85207,556,555,917,529,0,0.0029020617
Warm C,274186,1657,1656,917,529,1,0.007985968
Warm C,132246,855,854,917,529,1,0.017842658
Warm C,41667,284,283,917,529,0,0.018188613
Warm C,31333,212,211,917,529,1,0.017409012
Warm C,591706,3610,3609,917,529,0,0.027411511
Warm C,104105,692,691,917,529,1,0.02093272
Warm C,206630,1266,1265,917,529,1,0.016415056
Warm C,882790,5333,5332,917,529,1,0.012729095
Warm C,95313,639,638,917,529,1,0.022670452
Warm C,712688,4277,4276,917,529,0,0.029574675
Warm C,79089,531,530,917,529,0,0.019529019
Warm C,454474,2796,2795,917,529,0,0.0104964245
Warm C,537711,3312,3311,917,529,0,0.021725096
Warm C,831878,5001,5000,917,529,1,0.0010135742
Warm C,272625,1647,1646,917,529,1,0.02705773
Warm C,860002,5172,5171,917,529,0,0.001864379
Warm C,673924,4048,4047,918,530,1,0.014129008
Warm C,670556,4029,4028,918,530,1,0.010065648
Warm C,682930,4086,4085,918,530,1,0.010715015
Warm C,651785,3930,3929,918,530,1,0.016651383
Warm C,597116,3629,3628,918,530,1,-0.001384251
Warm C,585508,3576,3575,918,530,0,0.021528324
Warm C,576051,3521,3520,918,530,1,0.014699456
Warm C,566627,3477,3476,918,530,1,0.007964004
Warm C,695773,4169,4168,918,530,1,0.01747927
Warm C,563573,3469,3468,918,530,1,0.0023347093
Warm C,550861,3393,3392,918,530,0,0.0029804253
Warm C,548341,3384,3383,918,530,0,0.0075182808
Warm C,576820,3526,3525,918,530,0,0.002228891
Warm C,556160,3418,3417,918,530,1,0.0095317215
Warm C,552854,3402,3401,918,530,1,0.012352713
Warm C,535348,3304,3303,918,530,1,0.004062835
Warm C,532971,3292,3291,918,530,1,0.009451722
Warm C,522163,3224,3223,918,530,1,0.0022813464
Warm C,916574,5539,5538,918,530,0,0.0026183596
Warm C,565998,3476,3475,918,530,1,0.018362591
Warm C,616600,3732,3731,918,530,0,0.016391486
Warm C,503761,3096,3095,918,530,1,0.0064132754
Warm C,738032,4411,4410,918,530,1,0.011318939
Warm C,491762,3025,3024,918,530,1,0.009087315
Warm C,768574,4579,4578,918,530,1,0.0072489656
Warm C,569601,3492,3491,918,530,1,0.006935166
Warm C,968740,5840,5839,918,530,1,0.013680006
Warm C,466598,2878,2877,918,530,0,0.010747873
Warm C,455727,2807,2806,918,530,1,0.004492194
Warm C,564131,3471,3470,918,530,0,0.0098803
Warm C,440785,2699,2698,918,530,1,0.004624863
Warm C,440425,2693,2692,918,530,0,0.0063208602
Warm C,790278,4728,4727,918,530,0,0.02235683
Warm C,435461,2662,2661,918,530,0,0.005815856
Warm C,416331,2507,2506,918,530,1,0.018423917
Warm C,415410,2502,2501,918,530,1,0.008054746
Warm C,406698,2442,2441,918,530,1,0.008547148
Warm C,405650,2431,2430,918,530,1,0.0071616527
Warm C,400867,2389,2388,918,530,1,0.017093174
Warm C,410774,2465,2464,918,530,0,0.0018119789
Warm C,396236,2343,2342,918,530,1,0.01980777
Warm C,394653,2329,2328,918,530,1,0.00982493
Warm C,395034,2334,2333,918,530,1,0.009272095
Warm C,390615,2293,2292,918,530,1,0.009459769
Warm C,383430,2241,2240,918,530,1,0.007291994
Warm C,384852,2248,2247,918,530,1,0.007563613
Warm C,381172,2229,2228,918,530,0,0.0113114
Warm C,385137,2251,2250,918,530,1,0.00089475326
Warm C,376560,2197,2196,918,530,1,-0.003263196
Warm C,373312,2180,2179,918,530,0,0.011044191
Warm C,364075,2121,2120,918,530,1,0.0007775267
Warm C,356982,2091,2090,918,530,1,0.011937258
Warm C,352892,2067,2066,918,530,0,0.0052331826
Warm C,385962,2258,2257,918,530,0,-0.001576249
Warm C,353897,2073,2072,918,530,0,0.014923455
Warm C,340033,2006,2005,918,530,1,-0.0005802559
Warm C,323045,1916,1915,918,530,0,0.0048401766
Warm C,295518,1755,1754,918,530,1,0.0043652914
Warm C,281971,1692,1691,918,530,1,0.010043316
Warm C,283417,1697,1696,918,530,1,0.013762103
Warm C,276026,1671,1670,918,530,0,0.012012813
Warm C,268774,1632,1631,918,530,0,0.016458992
Warm C,346042,2030,2029,918,530,1,0.00995541
Warm C,258884,1586,1585,918,530,0,0.0098235635
Warm C,259283,1587,1586,918,530,1,0.00060201436
Warm C,246160,1489,1488,918,530,0,0.017160289
Warm C,258286,1584,1583,918,530,0,0.009798332
Warm C,227479,1379,1378,918,530,0,0.005789699
Warm C,228860,1387,1386,918,530,0,0.008127649
Warm C,226578,1373,1372,918,530,1,0.0077666854
Warm C,283844,1698,1697,918,530,1,0.010653153
Warm C,319846,1899,1898,918,530,0,0.014963428
Warm C,217884,1322,1321,918,530,1,0.006037073
Warm C,318087,1890,1889,918,530,0,0.010824741
Warm C,327560,1941,1940,918,530,1,0.019954499
Warm C,334421,1974,1973,918,530,1,0.012339555
Warm C,184834,1150,1149,918,530,0,0.013330697
Warm C,184254,1147,1146,918,530,1,0.0036286125
Warm C,207290,1267,1266,918,530,1,0.012147064
Warm C,162157,1034,1033,918,530,1,0.0109105045
Warm C,157735,1015,1014,918,530,1,0.011104165
Warm C,152812,984,983,918,530,0,0.0017459096
Warm C,323627,1920,1919,918,530,1,0.012672368
Warm C,140144,899,898,918,530,1,0.015055705
Warm C,347238,2038,2037,918,530,0,0.006980803
Warm C,127207,822,821,918,530,1,0.012686044
Warm C,262973,1605,1604,918,530,0,0.002456369
Warm C,239643,1449,1448,918,530,0,0.012938833
Warm C,316586,1884,1883,918,530,0,0.0076758116
Warm C,98090,656,655,918,530,0,0.0030985982
Warm C,339072,1998,1997,918,530,1,0.010077085
Warm C,69970,473,472,918,530,0,0.003313426
Warm C,227977,1383,1382,918,530,0,0.0024142594
Warm C,52461,346,345,918,530,1,0.014145889
Warm C,51771,340,339,918,530,1,0.009515847
Warm C,45526,307,306,918,530,1,0.0060558245
Warm C,45783,308,307,918,530,1,0.009312162
Warm C,73791,500,499,918,530,1,0.004526575
Warm C,39166,265,264,918,530,1,0.00990172
Warm C,46744,314,313,918,530,0,-0.0014875098
Warm C,34425,233,232,918,530,1,0.014663454
Warm C,27494,193,192,918,530,1,0.005904015
Warm C,34604,235,234,918,530,0,0.0066156937
Warm C,463998,2860,2859,918,530,1,0.002362188
Warm C,18578,146,145,918,530,0,0.00869795
Warm C,18033,139,138,918,530,0,0.0008084465
Warm C,12659,97,96,918,530,1,0.019524612
Warm C,10742,78,77,918,530,1,0.008743912
Warm C,591707,3610,3609,918,530,0,0.0035501218
Warm C,4897,35,34,918,530,1,0.004229468
Warm C,965,10,9,918,530,1,0.013038677
Warm C,739333,4418,4417,918,530,1,0.008847027
Warm C,420771,2544,2543,918,530,1,0.013678912
Warm C,94537,635,634,918,530,1,0.00024099468
Warm C,111572,727,726,918,530,0,0.012072517
Warm C,248639,1501,1500,918,530,1,0.0069078207
Warm C,18222,140,139,918,530,1,0.010862567
Warm C,329110,1943,1942,918,530,1,0.008712517
Warm C,50571,333,332,918,530,0,-0.0015819645
Warm C,958747,5787,5786,918,530,1,0.01519403
Warm C,183044,1141,1140,918,530,1,0.014781167
Warm C,892791,5394,5393,918,530,0,0.017520044
Warm C,978754,5902,5901,918,530,1,0.0040829177
Warm C,171230,1088,1087,918,530,1,0.008760535
Warm C,831879,5001,5000,918,530,1,0.00091362203
Warm C,322050,1912,1911,918,530,0,0.006470257
Warm C,491142,3020,3019,918,530,1,0.006998398
Warm C,234708,1425,1424,918,530,1,0.01152105
Warm C,489456,3013,3012,918,530,0,0.009782782
Warm C,153997,991,990,927,538,0,0.006067919
Warm C,112998,733,732,927,538,1,0.0005958695
Warm C,112253,731,730,927,538,1,0.010312695
Warm C,98096,656,655,927,538,1,0.002787814
Warm C,90538,601,600,927,538,0,0.001820484
Warm C,89112,588,587,927,538,1,0.014332863
Warm C,69438,466,465,927,538,1,0.0076112906
Warm C,58475,396,395,927,538,1,-0.0007862868
Warm C,45531,307,306,927,538,1,0.002794972
Warm C,39255,266,265,927,538,1,0.0067768553
Warm C,34619,235,234,927,538,1,0.0048350985
Warm C,591717,3610,3609,927,538,0,0.01138844
Warm C,657393,3963,3962,927,538,0,0.0056768754
Warm C,4450,33,32,927,538,0,0.0065194797
Warm C,457632,2820,2819,927,538,1,0.0084506385
Warm C,49198,329,328,927,538,0,-0.00016254839
Warm C,18590,146,145,927,538,0,0.011972461
Warm C,416342,2507,2506,927,538,1,0.0048173876
Warm C,421586,2547,2546,927,538,1,0.005339043
Warm C,101928,678,677,927,538,1,0.011971936
Warm C,327577,1941,1940,927,538,1,0.002017383
Warm C,840991,5054,5053,927,538,1,0.008525832
Warm C,96551,648,647,927,538,1,0.0025463495
Warm C,821525,4940,4939,927,538,1,2.473453e-05
Warm C,219697,1333,1332,929,540,1,0.0028007277
Warm C,182657,1140,1139,929,540,0,0.00450645
Warm C,180135,1128,1127,929,540,1,0.0069879633
Warm C,190380,1181,1180,929,540,0,0.012958795
Warm C,159803,1019,1018,929,540,0,0.003816602
Warm C,148961,958,957,929,540,0,0.013633185
Warm C,199255,1224,1223,929,540,1,0.0078630615
Warm C,184851,1150,1149,929,540,0,0.011216622
Warm C,374740,2185,2184,929,540,1,0.010829322
Warm C,134960,873,872,929,540,0,0.00564632
Warm C,82723,549,548,929,540,1,0.014497282
Warm C,48783,327,326,929,540,0,0.0021889673
Warm C,45533,307,306,929,540,1,-0.0008645102
Warm C,27503,193,192,929,540,0,0.0038154207
Warm C,13516,107,106,929,540,1,-0.0013133648
Warm C,591720,3610,3609,929,540,0,0.0044999337
Warm C,9150,62,61,929,540,1,0.0008041293
Warm C,357233,2092,2091,929,540,0,0.0003867098
Warm C,420781,2544,2543,929,540,0,0.0007021415
Warm C,481601,2962,2961,929,540,0,0.012516403
Warm C,24239,173,172,929,540,1,-0.00027201232
Warm C,253209,1539,1538,929,540,1,0.004369297
Warm C,157753,1015,1014,929,540,1,0.010666469
Warm C,181848,1137,1136,929,540,1,0.013040946
Warm C,192648,1186,1185,929,540,1,0.0030229553
Warm C,18225,140,139,929,540,0,-0.0012732558
Warm C,983939,5948,5947,929,540,1,0.0050744656
Warm C,475375,2918,2917,929,540,0,0.010754757
Warm C,322065,1912,1911,929,540,1,0.0007872544
Warm C,473183,2909,2908,929,540,0,0.00329767
Warm C,171244,1088,1087,929,540,1,0.011953417
Warm C,327580,1941,1940,929,540,1,0.022314891
Warm C,933302,5636,5635,929,540,1,0.011697775
Warm C,618825,3751,3750,932,543,1,0.0013002201
Warm C,726342,4345,4344,932,543,1,0.013899649
Warm C,586924,3585,3584,932,543,1,0.0043365546
Warm C,586793,3583,3582,932,543,1,-0.0012403929
Warm C,576484,3524,3523,932,543,1,-0.0009144149
Warm C,583199,3562,3561,932,543,1,0.013558903
Warm C,566631,3477,3476,932,543,1,0.01268998
Warm C,566016,3476,3475,932,543,1,0.007445856
Warm C,556689,3421,3420,932,543,1,0.01138674
Warm C,658251,3967,3966,932,543,0,0.01858297
Warm C,545447,3364,3363,932,543,1,0.005445062
Warm C,638894,3842,3841,932,543,1,0.0076091075
Warm C,532999,3292,3291,932,543,1,0.007827404
Warm C,529031,3271,3270,932,543,1,0.013819441
Warm C,521336,3217,3216,932,543,1,0.00741377
Warm C,520882,3214,3213,932,543,1,-0.004449162
Warm C,522200,3224,3223,932,543,1,0.008131485
Warm C,515949,3184,3183,932,543,0,0.01059958
Warm C,509730,3140,3139,932,543,1,0.01292558
Warm C,506537,3118,3117,932,543,0,0.0014308756
Warm C,768591,4579,4578,932,543,0,0.00932868
Warm C,502364,3083,3082,932,543,1,-0.0003882181
Warm C,797529,4784,4783,932,543,1,0.010057308
Warm C,496829,3053,3052,932,543,0,0.00422126
Warm C,488851,3009,3008,932,543,1,0.002718729
Warm C,487467,2998,2997,932,543,1,0.001162035
Warm C,484025,2977,2976,932,543,1,-0.00035268557
Warm C,480787,2952,2951,932,543,1,0.010687594
Warm C,479159,2941,2940,932,543,0,-0.0059939367
Warm C,478729,2938,2937,932,543,0,0.008951826
Warm C,477857,2934,2933,932,543,1,0.013398478
Warm C,695813,4169,4168,932,543,1,0.01644559
Warm C,474514,2912,2911,932,543,1,0.0025473
Warm C,852539,5113,5112,932,543,0,0.0020615617
Warm C,465934,2873,2872,932,543,1,-0.0032191095
Warm C,834091,5015,5014,932,543,0,0.011922125
Warm C,449084,2769,2768,932,543,1,0.0056143478
Warm C,458464,2822,2821,932,543,0,0.01460371
Warm C,445082,2745,2744,932,543,1,0.007898882
Warm C,426803,2592,2591,932,543,0,0.0033924435
Warm C,419393,2535,2534,932,543,1,0.0065066335
Warm C,418448,2529,2528,932,543,1,-0.0035443497
Warm C,425189,2581,2580,932,543,1,0.0010185356
Warm C,416361,2507,2506,932,543,0,0.0061292765
Warm C,414884,2497,2496,932,543,1,0.0033303564
Warm C,412504,2483,2482,932,543,0,0.004714906
Warm C,404978,2423,2422,932,543,1,0.0019118313
Warm C,398502,2371,2370,932,543,1,-0.0035840338
Warm C,395044,2334,2333,932,543,1,0.0071117217
Warm C,394043,2322,2321,932,543,1,-0.0028314302
Warm C,393052,2309,2308,932,543,0,0.0049526775
Warm C,392763,2306,2305,932,543,1,0.010699682
Warm C,384861,2248,2247,932,543,0,0.008539196
Warm C,383438,2241,2240,932,543,1,-0.0033064936
Warm C,378643,2211,2210,932,543,1,0.016158711
Warm C,353648,2072,2071,932,543,1,0.006564073
Warm C,352602,2064,2063,932,543,1,0.0043304274
Warm C,343029,2016,2015,932,543,0,0.014435023
Warm C,295530,1755,1754,932,543,1,0.009618101
Warm C,259304,1587,1586,932,543,0,0.015599814
Warm C,265528,1613,1612,932,543,1,0.017872036
Warm C,232314,1410,1409,932,543,1,0.008912153
Warm C,242608,1465,1464,932,543,1,0.012879673
Warm C,225049,1361,1360,932,543,1,0.007924385
Warm C,200735,1233,1232,932,543,1,-0.005112131
Warm C,192282,1184,1183,932,543,1,0.0026496453
Warm C,190143,1180,1179,932,543,1,0.002086986
Warm C,337945,1988,1987,932,543,1,0.0017238498
Warm C,188830,1172,1171,932,543,1,0.01460257
Warm C,316119,1883,1882,932,543,1,0.005430814
Warm C,180151,1128,1127,932,543,0,0.0074089216
Warm C,175187,1111,1110,932,543,1,-0.00088537985
Warm C,327614,1941,1940,932,543,1,0.0025551873
Warm C,154048,992,991,932,543,1,0.0017295529
Warm C,141131,910,909,932,543,1,0.0141494535
Warm C,141354,911,910,932,543,1,0.0063093957
Warm C,137788,889,888,932,543,0,0.017100552
Warm C,490038,3015,3014,932,543,1,-0.002594743
Warm C,201354,1242,1241,932,543,1,0.018212011
Warm C,130987,850,849,932,543,1,0.010380064
Warm C,118653,767,766,932,543,0,0.002683076
Warm C,117796,759,758,932,543,1,0.010363899
Warm C,239683,1449,1448,932,543,0,0.0074572144
Warm C,262997,1605,1604,932,543,1,0.012138734
Warm C,177899,1120,1119,932,543,0,0.011696268
Warm C,98297,658,657,932,543,1,0.010492386
Warm C,95805,642,641,932,543,0,0.002539874
Warm C,314000,1875,1874,932,543,1,0.0112458505
Warm C,93956,630,629,932,543,1,0.0117681
Warm C,227999,1383,1382,932,543,1,0.009547614
Warm C,190409,1181,1180,932,543,0,0.010947137
Warm C,198111,1218,1217,932,543,0,0.0054158554
Warm C,76499,519,518,932,543,1,0.00825703
Warm C,76098,517,516,932,543,1,0.0022903578
Warm C,69975,473,472,932,543,1,0.007618295
Warm C,56594,379,378,932,543,1,0.0079835905
Warm C,949158,5734,5733,932,543,1,0.008187792
Warm C,52477,346,345,932,543,0,0.012274517
Warm C,417594,2520,2519,932,543,0,0.0031736118
Warm C,13679,109,108,932,543,1,0.0071684318
Warm C,591731,3610,3609,932,543,0,0.006509787
Warm C,9164,62,61,932,543,0,0.016763506
Warm C,4475,33,32,932,543,0,0.011251783
Warm C,1017,10,9,932,543,0,-0.0004035954
Warm C,373812,2181,2180,932,543,0,0.014891007
Warm C,19243,148,147,932,543,0,0.0114960065
Warm C,76280,518,517,932,543,1,0.015154781
Warm C,339086,1998,1997,932,543,1,0.006058916
Warm C,157772,1015,1014,932,543,1,0.009400029
Warm C,181855,1137,1136,932,543,0,0.0005491874
Warm C,347868,2041,2040,932,543,0,0.018448211
Warm C,183063,1141,1140,932,543,0,0.0068371175
Warm C,60561,411,410,932,543,1,0.0017217232
Warm C,51350,338,337,932,543,1,0.012877355
Warm C,18604,146,145,932,543,0,0.013825487
Warm C,79117,531,530,932,543,0,0.011315996
Warm C,187488,1164,1163,932,543,1,0.006008392
Warm C,882801,5333,5332,932,543,1,0.008884829
Warm C,840998,5054,5053,932,543,1,0.007113764
Warm C,399721,2380,2379,932,543,1,0.0005835688
Warm C,901365,5450,5449,932,543,1,0.0071929973
Warm C,821531,4940,4939,932,543,1,0.014297834
Warm C,62575,424,423,932,543,1,0.016313178
Warm C,553728,3410,3409,932,543,1,0.012867242
Warm C,322080,1912,1911,932,543,0,0.012784675
Warm C,825479,4958,4957,932,543,0,0.008348195
Warm C,842475,5063,5062,932,543,1,0.0018117772
Warm C,272022,1645,1644,932,543,1,0.01769676
Warm C,62100,419,418,932,543,1,0.0036988743
Warm C,144490,931,930,935,546,1,0.005254008
Warm C,137794,889,888,935,546,1,-0.0019540873
Warm C,339090,1998,1997,935,546,0,0.006482062
Warm C,61755,415,414,935,546,0,0.004776338
Warm C,43210,296,295,935,546,0,0.007726442
Warm C,50585,333,332,935,546,1,-0.00934833
Warm C,841000,5054,5053,935,546,1,0.0075244326
Warm C,322085,1912,1911,935,546,0,0.00656672
Warm C,821533,4940,4939,935,546,1,0.0024795847
Warm C,171265,1088,1087,935,546,0,0.0026894044
Warm C,18609,146,145,935,546,1,0.007895152
Warm C,530582,3278,3277,936,547,0,0.0037129507
Warm C,474599,2913,2912,936,547,1,0.011049746
Warm C,795445,4765,4764,936,547,1,0.007421571
Warm C,461987,2849,2848,936,547,1,0.011996081
Warm C,455745,2807,2806,936,547,1,0.028800368
Warm C,446720,2753,2752,936,547,1,0.018364506
Warm C,441623,2711,2710,936,547,1,0.0036636735
Warm C,645088,3885,3884,936,547,1,0.015854888
Warm C,419621,2537,2536,936,547,0,0.012850035
Warm C,464019,2860,2859,936,547,1,0.019341487
Warm C,405413,2428,2427,936,547,1,0.0126013765
Warm C,395768,2340,2339,936,547,1,0.020335821
Warm C,383441,2241,2240,936,547,1,0.006141322
Warm C,381533,2231,2230,936,547,1,0.011441417
Warm C,356652,2089,2088,936,547,1,0.0039627333
Warm C,353650,2072,2071,936,547,1,0.0024331156
Warm C,346067,2030,2029,936,547,1,0.022295963
Warm C,343509,2018,2017,936,547,1,0.015723342
Warm C,380703,2225,2224,936,547,0,0.023293162
Warm C,320979,1903,1902,936,547,1,0.011962883
Warm C,329787,1945,1944,936,547,0,0.001547656
Warm C,325207,1926,1925,936,547,1,0.020908006
Warm C,313284,1868,1867,936,547,0,0.00646178
Warm C,319875,1899,1898,936,547,1,0.023050996
Warm C,306030,1821,1820,936,547,1,0.0053749247
Warm C,302441,1796,1795,936,547,1,-0.0029790595
Warm C,316612,1884,1883,936,547,1,0.019525632
Warm C,285886,1706,1705,936,547,1,0.013720648
Warm C,284754,1699,1698,936,547,1,0.014996562
Warm C,292120,1741,1740,936,547,1,0.028865065
Warm C,264077,1607,1606,936,547,0,0.01104971
Warm C,303225,1802,1801,936,547,0,0.014213029
Warm C,631344,3821,3820,936,547,1,0.009222002
Warm C,228873,1387,1386,936,547,0,0.008414175
Warm C,243576,1469,1468,936,547,1,0.013707451
Warm C,218240,1323,1322,936,547,1,0.015128475
Warm C,216805,1317,1316,936,547,1,0.013191603
Warm C,289184,1727,1726,936,547,1,0.020017244
Warm C,208599,1274,1273,936,547,1,0.012280591
Warm C,207298,1267,1266,936,547,1,0.012239968
Warm C,192963,1191,1190,936,547,1,0.009112974
Warm C,316125,1883,1882,936,547,0,0.009727737
Warm C,199274,1224,1223,936,547,1,0.023469053
Warm C,190415,1181,1180,936,547,0,0.023410833
Warm C,327618,1941,1940,936,547,1,0.0085473005
Warm C,165725,1057,1056,936,547,1,0.01178636
Warm C,159825,1019,1018,936,547,1,0.02175429
Warm C,144491,931,930,936,547,1,0.014420813
Warm C,184884,1150,1149,936,547,0,0.011447992
Warm C,137795,889,888,936,547,1,0.024471708
Warm C,347258,2038,2037,936,547,1,0.016988482
Warm C,130989,850,849,936,547,0,0.008991083
Warm C,374745,2185,2184,936,547,1,0.017156292
Warm C,125353,806,805,936,547,1,0.010177749
Warm C,154000,991,990,936,547,1,0.010931036
Warm C,112274,731,730,936,547,1,0.02513054
Warm C,92899,622,621,936,547,1,-0.0019508274
Warm C,129882,840,839,936,547,1,0.014473587
Warm C,66333,444,443,936,547,1,0.009903794
Warm C,54988,362,361,936,547,0,-0.0064073238
Warm C,133602,864,863,936,547,0,0.004709881
Warm C,12673,97,96,936,547,1,0.014857967
Warm C,591735,3610,3609,936,547,0,0.0077386205
Warm C,739340,4418,4417,936,547,1,0.00905984
Warm C,420795,2544,2543,936,547,1,0.01415073
Warm C,459089,2826,2825,936,547,1,0.017237157
Warm C,111578,727,726,936,547,1,0.012350499
Warm C,171266,1088,1087,936,547,1,0.019381866
Warm C,322086,1912,1911,936,547,0,0.01680725
Warm C,508128,3128,3127,936,547,1,0.025486179
Warm C,52072,343,342,936,547,1,0.0064835194
Warm C,223915,1355,1354,936,547,1,0.016561583
Warm C,726344,4345,4344,938,548,0,0.008007821
Warm C,595489,3622,3621,938,548,1,0.007462449
Warm C,593374,3618,3617,938,548,1,0.014823822
Warm C,622572,3769,3768,938,548,1,0.00045683607
Warm C,588982,3592,3591,938,548,1,-0.0034322178
Warm C,580272,3544,3543,938,548,1,0.0016252815
Warm C,578990,3539,3538,938,548,1,-0.0016728188
Warm C,568047,3485,3484,938,548,1,-0.004371038
Warm C,566632,3477,3476,938,548,1,0.0020852939
Warm C,550871,3393,3392,938,548,0,0.00073234085
Warm C,554400,3411,3410,938,548,0,0.0045677936
Warm C,556169,3418,3417,938,548,0,-0.00050368544
Warm C,526648,3259,3258,938,548,1,-0.00272075
Warm C,522205,3224,3223,938,548,1,-0.0009859069
Warm C,521343,3217,3216,938,548,1,0.01101535
Warm C,916592,5539,5538,938,548,0,0.0040800096
Warm C,509734,3140,3139,938,548,1,0.0041121356
Warm C,512596,3163,3162,938,548,1,0.0013072919
Warm C,503768,3096,3095,938,548,1,0.004182247
Warm C,768597,4579,4578,938,548,1,-0.0010080115
Warm C,545983,3367,3366,938,548,1,0.0031599638
Warm C,493798,3032,3031,938,548,1,0.0013766834
Warm C,738049,4411,4410,938,548,1,-0.002254338
Warm C,491769,3025,3024,938,548,1,-0.00090425997
Warm C,489471,3013,3012,938,548,1,0.006762637
Warm C,533006,3292,3291,938,548,1,0.008198129
Warm C,477861,2934,2933,938,548,0,-0.002744746
Warm C,695820,4169,4168,938,548,1,-0.0022095097
Warm C,469167,2889,2888,938,548,0,0.007546608
Warm C,466619,2878,2877,938,548,0,-0.0011388585
Warm C,464519,2862,2861,938,548,0,-0.008855607
Warm C,442346,2724,2723,938,548,0,0.0035170862
Warm C,440733,2698,2697,938,548,0,0.002947311
Warm C,440791,2699,2698,938,548,1,0.0013292581
Warm C,427201,2593,2592,938,548,1,0.002364264
Warm C,418450,2529,2528,938,548,0,0.0018026037
Warm C,406701,2442,2441,938,548,0,0.0053696577
Warm C,396238,2343,2342,938,548,1,0.0062143733
Warm C,395047,2334,2333,938,548,1,-0.0007031993
Warm C,390859,2294,2293,938,548,1,-0.00047924544
Warm C,390631,2293,2292,938,548,0,-0.005820432
Warm C,381228,2230,2229,938,548,0,0.008619467
Warm C,382717,2237,2236,938,548,1,0.0054308656
Warm C,377660,2205,2204,938,548,1,0.008189034
Warm C,378645,2211,2210,938,548,0,0.0029946594
Warm C,358053,2096,2095,938,548,1,-0.0058092987
Warm C,356988,2091,2090,938,548,1,0.005424246
Warm C,345414,2026,2025,938,548,0,-8.970313e-05
Warm C,340037,2006,2005,938,548,0,0.0037635916
Warm C,323062,1916,1915,938,548,0,0.0011951257
Warm C,330499,1951,1950,938,548,1,0.00057181646
Warm C,302442,1796,1795,938,548,1,-0.008694823
Warm C,284755,1699,1698,938,548,1,0.006199146
Warm C,276046,1671,1670,938,548,0,0.0026302242
Warm C,346068,2030,2029,938,548,1,0.009356134
Warm C,259307,1587,1586,938,548,1,-0.0041017085
Warm C,246038,1487,1486,938,548,1,0.0009967597
Warm C,228874,1387,1386,938,548,1,0.013602957
Warm C,242610,1465,1464,938,548,1,-0.0013091611
Warm C,226582,1373,1372,938,548,0,0.0027674017
Warm C,319876,1899,1898,938,548,0,-0.0020628376
Warm C,218533,1325,1324,938,548,1,-0.003549804
Warm C,217901,1322,1321,938,548,1,-0.0016625798
Warm C,211990,1291,1290,938,548,1,0.004115144
Warm C,209717,1281,1280,938,548,0,0.004879134
Warm C,591736,3610,3609,938,548,0,-0.002806905
Warm C,322087,1912,1911,938,548,0,0.0076367604
Warm C,218241,1323,1322,938,548,1,-0.0021377876
Warm C,168962,1072,1071,938,548,1,0.0047156992
Warm C,190416,1181,1180,938,548,0,0.0035132589
Warm C,157778,1015,1014,938,548,1,0.0019070366
Warm C,152840,984,983,938,548,1,-0.007190323
Warm C,323651,1920,1919,938,548,1,0.002179349
Warm C,167671,1068,1067,938,548,1,0.00076546986
Warm C,144492,931,930,938,548,1,-0.0048502055
Warm C,184885,1150,1149,938,548,0,-0.0022935444
Warm C,140157,899,898,938,548,1,0.00026720169
Warm C,347260,2038,2037,938,548,1,0.004729622
Warm C,318886,1896,1895,938,548,1,-0.004404558
Warm C,141357,911,910,938,548,1,0.0019172002
Warm C,134965,873,872,938,548,0,0.0006152296
Warm C,177902,1120,1119,938,548,1,-0.0034214142
Warm C,316613,1884,1883,938,548,1,-0.00013505016
Warm C,314002,1875,1874,938,548,1,0.0018018284
Warm C,110578,721,720,938,548,1,0.0029777363
Warm C,339091,1998,1997,938,548,1,0.0033379619
Warm C,85217,556,555,938,548,1,-0.0057974597
Warm C,82066,544,543,938,548,1,0.0044437805
Warm C,228005,1383,1382,938,548,1,-0.004920592
Warm C,69759,470,469,938,548,1,0.0056038406
Warm C,76597,520,519,938,548,1,-0.0031349855
Warm C,337949,1988,1987,938,548,0,0.0013003377
Warm C,39175,265,264,938,548,1,0.0045613796
Warm C,537729,3312,3311,938,548,0,0.0011283341
Warm C,46769,314,313,938,548,1,0.0026175315
Warm C,31863,216,215,938,548,0,0.0011128911
Warm C,34634,235,234,938,548,0,0.0039353184
Warm C,25223,178,177,938,548,1,-0.005323589
Warm C,23549,169,168,938,548,0,-0.0013619172
Warm C,10751,78,77,938,548,0,-0.008162399
Warm C,4926,35,34,938,548,0,0.0029966899
Warm C,1019,10,9,938,548,1,0.007517591
Warm C,11,1,0,938,548,1,-0.005668638
Warm C,357247,2092,2091,938,548,0,0.00041993381
Warm C,381924,2232,2231,938,548,1,-0.0041686553
Warm C,420796,2544,2543,938,548,1,0.005892736
Warm C,94546,635,634,938,548,1,0.0018271494
Warm C,49226,329,328,938,548,0,0.0048815226
Warm C,400247,2383,2382,938,548,1,-0.00052489806
Warm C,863828,5205,5204,938,548,0,0.00090920646
Warm C,949160,5734,5733,938,548,1,-0.0060011335
Warm C,712723,4277,4276,938,548,0,0.0122175235
Warm C,60569,411,410,938,548,1,0.004142829
Warm C,171267,1088,1087,938,548,1,-0.007880516
Warm C,79121,531,530,938,548,0,0.003992771
Warm C,327619,1941,1940,938,548,1,-0.009165611
Warm C,958759,5787,5786,938,548,1,0.0049083945
Warm C,441793,2715,2714,938,548,1,0.0002003808
Warm C,978758,5902,5901,938,548,0,0.006290582
Warm C,841001,5054,5053,938,548,1,0.0025997697
Warm C,18610,146,145,938,548,0,0.0059504122
Warm C,52073,343,342,938,548,1,0.0024576937
Warm C,831887,5001,5000,938,548,1,-0.0015388038
Warm C,62581,424,423,938,548,1,0.0014494155
Warm C,748207,4467,4466,938,548,1,-0.0072412407
Warm C,8763,59,58,938,548,1,-0.0027102754
Warm C,222714,1348,1347,938,548,0,-0.0038676593
Warm C,456330,2810,2809,941,550,1,0.019445185
Warm C,602409,3665,3664,941,550,0,0.017281553
Warm C,418460,2529,2528,941,550,1,0.021849688
Warm C,394712,2330,2329,941,550,0,0.0049050692
Warm C,390633,2293,2292,941,550,0,0.021470858
Warm C,402904,2405,2404,941,550,0,0.012138001
Warm C,384018,2244,2243,941,550,1,0.014681097
Warm C,377673,2205,2204,941,550,1,0.017900683
Warm C,373336,2180,2179,941,550,0,0.010904919
Warm C,364087,2121,2120,941,550,1,0.0022915876
Warm C,362092,2110,2109,941,550,0,0.014693109
Warm C,356266,2088,2087,941,550,1,0.021881444
Warm C,352903,2067,2066,941,550,1,0.005167365
Warm C,300187,1780,1779,941,550,0,0.02017166
Warm C,266875,1619,1618,941,550,0,0.006602747
Warm C,346073,2030,2029,941,550,1,0.018132633
Warm C,221110,1340,1339,941,550,0,0.022286981
Warm C,208610,1274,1273,941,550,1,0.012941663
Warm C,208220,1273,1272,941,550,0,0.013137095
Warm C,192286,1184,1183,941,550,1,0.010955006
Warm C,198571,1220,1219,941,550,1,0.017815605
Warm C,436165,2665,2664,941,550,0,0.01844367
Warm C,162180,1034,1033,941,550,1,0.009741783
Warm C,152853,984,983,941,550,1,0.02296188
Warm C,184909,1150,1149,941,550,0,0.023000307
Warm C,147296,949,948,941,550,1,0.018563012
Warm C,316622,1884,1883,941,550,1,0.014543034
Warm C,190444,1181,1180,941,550,1,0.026929181
Warm C,80936,538,537,941,550,1,0.018562783
Warm C,70652,476,475,941,550,0,0.0144037
Warm C,68561,461,460,941,550,1,0.02369686
Warm C,57746,391,390,941,550,0,0.013707677
Warm C,59364,403,402,941,550,1,0.013421686
Warm C,51783,340,339,941,550,1,0.016141925
Warm C,43583,300,299,941,550,1,0.021008795
Warm C,34428,233,232,941,550,0,0.009439115
Warm C,39761,270,269,941,550,1,0.01438142
Warm C,31884,216,215,941,550,1,0.015720474
Warm C,30804,205,204,941,550,0,0.013445099
Warm C,14817,118,117,941,550,1,0.00476778
Warm C,11241,84,83,941,550,0,0.003734603
Warm C,591747,3610,3609,941,550,0,0.014096068
Warm C,335139,1978,1977,941,550,0,0.013804538
Warm C,327646,1941,1940,941,550,0,0.015093256
Warm C,473238,2909,2908,941,550,0,0.02637741
Warm C,709445,4255,4254,943,552,1,0.008184297
Warm C,704340,4224,4223,943,552,1,0.0050725006
Warm C,704911,4227,4226,943,552,1,0.0162381
Warm C,701945,4208,4207,943,552,1,0.0054334993
Warm C,700298,4190,4189,943,552,1,0.009814689
Warm C,673963,4048,4047,943,552,1,0.02345756
Warm C,675833,4054,4053,943,552,1,0.01641169
Warm C,721805,4322,4321,943,552,0,0.011454364
Warm C,693689,4155,4154,943,552,0,0.013884503
Warm C,637764,3841,3840,943,552,1,0.026038572
Warm C,625316,3779,3778,943,552,1,0.012062611
Warm C,636770,3836,3835,943,552,1,0.012683731
Warm C,726349,4345,4344,943,552,1,0.012920705
Warm C,597512,3635,3634,943,552,0,0.0036491384
Warm C,587178,3586,3585,943,552,1,0.009339325
Warm C,586929,3585,3584,943,552,0,0.0119432
Warm C,585538,3576,3575,943,552,0,0.023690764
Warm C,576073,3521,3520,943,552,1,0.020434802
Warm C,566030,3476,3475,943,552,0,0.0131018525
Warm C,695842,4169,4168,943,552,1,0.016216755
Warm C,559225,3435,3434,943,552,1,0.006967849
Warm C,533027,3292,3291,943,552,1,0.0115885995
Warm C,513894,3171,3170,943,552,1,0.016144004
Warm C,506549,3118,3117,943,552,0,0.02007446
Warm C,504688,3105,3104,943,552,1,0.0061289715
Warm C,545989,3367,3366,943,552,1,0.010820461
Warm C,496196,3049,3048,943,552,1,0.0047619427
Warm C,495237,3039,3038,943,552,1,-0.00020531274
Warm C,474606,2913,2912,943,552,0,0.013731433
Warm C,472336,2907,2906,943,552,1,0.018478068
Warm C,601548,3658,3657,943,552,1,0.002898138
Warm C,645100,3885,3884,943,552,1,0.012930034
Warm C,463062,2857,2856,943,552,0,0.0077160913
Warm C,466633,2878,2877,943,552,1,0.026287468
Warm C,455364,2804,2803,943,552,1,0.014241657
Warm C,435193,2659,2658,943,552,1,0.010761371
Warm C,437371,2670,2669,943,552,1,0.004690739
Warm C,433509,2643,2642,943,552,1,0.0106358575
Warm C,418462,2529,2528,943,552,0,0.005055226
Warm C,404979,2423,2422,943,552,1,0.0021425707
Warm C,400259,2383,2382,943,552,1,0.022925993
Warm C,394657,2329,2328,943,552,1,0.006758349
Warm C,393054,2309,2308,943,552,1,-0.00033769745
Warm C,390635,2293,2292,943,552,1,0.025930032
Warm C,387187,2264,2263,943,552,1,0.007272679
Warm C,382235,2233,2232,943,552,1,-0.0026607923
Warm C,364089,2121,2120,943,552,0,0.004735303
Warm C,364575,2124,2123,943,552,1,0.009708219
Warm C,352905,2067,2066,943,552,1,0.0040793484
Warm C,353654,2072,2071,943,552,1,-0.0004204947
Warm C,375467,2188,2187,943,552,0,0.0049074646
Warm C,346576,2031,2030,943,552,0,0.018617563
Warm C,343515,2018,2017,943,552,1,-0.0006944097
Warm C,292128,1741,1740,943,552,1,0.021671578
Warm C,217908,1322,1321,943,552,1,0.016154356
Warm C,208612,1274,1273,943,552,1,0.010690437
Warm C,312214,1861,1860,943,552,1,0.013188038
Warm C,203411,1247,1246,943,552,1,0.0034309642
Warm C,183071,1141,1140,943,552,1,0.014683088
Warm C,316134,1883,1882,943,552,1,0.008368252
Warm C,177448,1119,1118,943,552,1,0.008013061
Warm C,327649,1941,1940,943,552,1,0.020337347
Warm C,166310,1059,1058,943,552,0,0.026023384
Warm C,168826,1071,1070,943,552,1,-0.00066920277
Warm C,190449,1181,1180,943,552,1,0.020620909
Warm C,152854,984,983,943,552,1,0.014074894
Warm C,144496,931,930,943,552,1,-0.0018266625
Warm C,184912,1150,1149,943,552,0,0.014784343
Warm C,162183,1034,1033,943,552,1,0.008356446
Warm C,137820,889,888,943,552,1,0.01832265
Warm C,127640,824,823,943,552,1,0.015492819
Warm C,123676,797,796,943,552,1,-0.0003012839
Warm C,122886,793,792,943,552,0,0.021410067
Warm C,117797,759,758,943,552,1,0.017346827
Warm C,112283,731,730,943,552,1,0.019406274
Warm C,94549,635,634,943,552,1,-0.001076331
Warm C,228022,1383,1382,943,552,1,0.016844342
Warm C,85219,556,555,943,552,1,0.0065354193
Warm C,82779,549,548,943,552,1,0.021083716
Warm C,238614,1448,1447,943,552,0,0.015055738
Warm C,69976,473,472,943,552,1,0.0076776436
Warm C,51784,340,339,943,552,1,0.0038059982
Warm C,60582,411,410,943,552,0,0.01832945
Warm C,45541,307,306,943,552,1,0.0010775286
Warm C,177916,1120,1119,943,552,1,0.017874682
Warm C,36312,245,244,943,552,0,0.016302206
Warm C,31887,216,215,943,552,1,0.017955393
Warm C,30805,205,204,943,552,1,0.009696612
Warm C,21778,158,157,943,552,1,-0.0029929262
Warm C,19267,148,147,943,552,1,0.022384495
Warm C,12677,97,96,943,552,1,0.008153679
Warm C,123294,796,795,943,552,0,0.005427325
Warm C,591750,3610,3609,943,552,0,0.018568516
Warm C,6345,45,44,943,552,0,0.009236235
Warm C,1037,10,9,943,552,1,0.015467768
Warm C,339094,1998,1997,943,552,1,0.01399448
Warm C,522229,3224,3223,943,552,1,0.015222155
Warm C,734183,4387,4386,943,552,0,0.009765911
Warm C,454488,2796,2795,943,552,0,0.027608206
Warm C,307025,1834,1833,943,552,1,0.0066211424
Warm C,357259,2092,2091,943,552,1,0.012497593
Warm C,499151,3067,3066,943,552,1,0.012907308
Warm C,495126,3038,3037,943,552,1,0.008262916
Warm C,22776,164,163,943,552,1,0.010748221
Warm C,420809,2544,2543,943,552,1,0.010552246
Warm C,657406,3963,3962,943,552,1,0.010273153
Warm C,13122,102,101,943,552,1,0.00630232
Warm C,76286,518,517,943,552,1,0.008795665
Warm C,171287,1088,1087,943,552,1,0.0076372977
Warm C,8765,59,58,943,552,0,0.018362934
Warm C,272033,1645,1644,943,552,1,0.009770643
Warm C,177449,1119,1118,944,553,1,0.01285957
Warm C,167681,1068,1067,944,553,1,0.006201082
Warm C,327650,1941,1940,944,553,0,0.011201331
Warm C,162184,1034,1033,944,553,1,-0.00011301413
Warm C,190450,1181,1180,944,553,0,0.011648747
Warm C,137821,889,888,944,553,0,0.0011074217
Warm C,318891,1896,1895,944,553,1,0.010957088
Warm C,322101,1912,1911,944,553,1,0.007593454
Warm C,134034,869,868,944,553,0,0.014887139
Warm C,103782,690,689,944,553,1,0.009371255
Warm C,101629,677,676,944,553,1,0.0008528583
Warm C,98100,656,655,944,553,1,0.004144974
Warm C,90359,597,596,944,553,0,0.006729451
Warm C,82780,549,548,944,553,1,0.011559931
Warm C,83899,550,549,944,553,1,0.014025876
Warm C,66974,451,450,944,553,1,0.006667111
Warm C,257441,1579,1578,944,553,0,0.0036637736
Warm C,36313,245,244,944,553,1,0.010922661
Warm C,35225,238,237,944,553,0,0.0015404981
Warm C,31888,216,215,944,553,1,-0.0028640616
Warm C,269733,1635,1634,944,553,1,0.0042317724
Warm C,27976,195,194,944,553,1,-0.0009869691
Warm C,12678,97,96,944,553,1,-0.0015132627
Warm C,123295,796,795,944,553,0,0.012318021
Warm C,591751,3610,3609,944,553,0,0.009901335
Warm C,437208,2669,2668,944,553,0,0.008407086
Warm C,19268,148,147,944,553,0,0.004566475
Warm C,181867,1137,1136,944,553,1,0.0018362878
Warm C,316624,1884,1883,944,553,1,0.011596755
Warm C,337957,1988,1987,944,553,1,0.009449478
Warm C,801303,4802,4801,944,553,1,0.005030062
Warm C,357260,2092,2091,944,553,0,0.016446564
Warm C,208613,1274,1273,944,553,1,0.011092181
Warm C,420810,2544,2543,944,553,0,0.009799086
Warm C,276058,1671,1670,944,553,1,0.010825617
Warm C,916602,5539,5538,944,553,1,-0.012059077
Warm C,171288,1088,1087,944,553,1,0.014312072
Warm C,649650,3916,3915,946,555,1,-0.0035313978
Warm C,640962,3853,3852,946,555,1,0.003938534
Warm C,617396,3737,3736,946,555,0,0.0042460756
Warm C,670109,4028,4027,946,555,0,0.012102927
Warm C,595147,3621,3620,946,555,0,0.0061464556
Warm C,728043,4354,4353,946,555,1,0.002652903
Warm C,573809,3513,3512,946,555,0,0.0015212051
Warm C,566032,3476,3475,946,555,1,-0.0029962268
Warm C,565126,3474,3473,946,555,1,0.007837935
Warm C,563600,3469,3468,946,555,1,0.0051111635
Warm C,695846,4169,4168,946,555,1,0.011175326
Warm C,551153,3394,3393,946,555,0,0.0079872785
Warm C,552872,3402,3401,946,555,1,-0.0026852419
Warm C,533030,3292,3291,946,555,1,0.010226157
Warm C,527249,3261,3260,946,555,1,-0.00041797454
Warm C,508134,3128,3127,946,555,1,0.0029791503
Warm C,506553,3118,3117,946,555,1,0.0028043438
Warm C,768607,4579,4578,946,555,1,0.0012074967
Warm C,495238,3039,3038,946,555,1,0.0023138584
Warm C,493819,3032,3031,946,555,1,-0.0033521461
Warm C,476669,2928,2927,946,555,1,0.0054989005
Warm C,461990,2849,2848,946,555,1,0.00029304426
Warm C,457676,2820,2819,946,555,0,0.0011744536
Warm C,447817,2761,2760,946,555,1,0.002578472
Warm C,443026,2731,2730,946,555,0,0.0019086335
Warm C,438549,2680,2679,946,555,1,-0.0006857361
Warm C,429034,2611,2610,946,555,1,0.0059895986
Warm C,446730,2753,2752,946,555,0,-0.0011168753
Warm C,418464,2529,2528,946,555,1,0.0003686255
Warm C,405415,2428,2427,946,555,1,0.0077395174
Warm C,403098,2407,2406,946,555,0,0.0050244764
Warm C,412031,2478,2477,946,555,1,-0.0011792493
Warm C,397579,2355,2354,946,555,1,0.00879393
Warm C,390637,2293,2292,946,555,1,0.0058124475
Warm C,388039,2271,2270,946,555,1,-0.0004314077
Warm C,380712,2225,2224,946,555,1,0.006562937
Warm C,381542,2231,2230,946,555,1,0.0072203297
Warm C,372407,2175,2174,946,555,0,0.0059317625
Warm C,364090,2121,2120,946,555,1,-0.00023921696
Warm C,357261,2092,2091,946,555,0,-0.0066581774
Warm C,347267,2038,2037,946,555,1,0.0018492668
Warm C,373833,2181,2180,946,555,1,0.0056958967
Warm C,346577,2031,2030,946,555,1,0.00017860468
Warm C,345423,2026,2025,946,555,1,-4.4804765e-05
Warm C,346077,2030,2029,946,555,1,0.013411682
Warm C,343517,2018,2017,946,555,1,-0.001968746
Warm C,335072,1977,1976,946,555,1,0.0005955931
Warm C,320982,1903,1902,946,555,1,0.000565659
Warm C,323070,1916,1915,946,555,0,0.0031088884
Warm C,319895,1899,1898,946,555,1,0.0045812055
Warm C,286213,1709,1708,946,555,0,0.0031008627
Warm C,283440,1697,1696,946,555,1,0.004380988
Warm C,293595,1748,1747,946,555,0,0.0068807765
Warm C,275402,1667,1666,946,555,0,0.0019041908
Warm C,284760,1699,1698,946,555,1,0.0050281268
Warm C,292130,1741,1740,946,555,1,0.009021984
Warm C,289197,1727,1726,946,555,1,0.00395684
Warm C,250168,1507,1506,946,555,1,0.008654946
Warm C,230738,1396,1395,946,555,0,0.005513908
Warm C,228025,1383,1382,946,555,1,0.009265557
Warm C,217911,1322,1321,946,555,1,0.0014026184
Warm C,208222,1273,1272,946,555,1,0.004739554
Warm C,192102,1183,1182,946,555,1,0.005332149
Warm C,189955,1179,1178,946,555,1,0.0020042143
Warm C,316136,1883,1882,946,555,1,-0.0030594086
Warm C,184915,1150,1149,946,555,0,0.00842236
Warm C,182672,1140,1139,946,555,1,0.0012937916
Warm C,176491,1116,1115,946,555,1,0.0005022482
Warm C,173516,1100,1099,946,555,0,-0.0030849616
Warm C,190453,1181,1180,946,555,0,0.002973199
Warm C,137824,889,888,946,555,1,0.014450694
Warm C,159843,1019,1018,946,555,1,0.0050083594
Warm C,374752,2185,2184,946,555,1,0.0024215714
Warm C,124171,800,799,946,555,1,0.0017480461
Warm C,112285,731,730,946,555,1,0.0014631923
Warm C,89132,588,587,946,555,1,0.0003227177
Warm C,86481,566,565,946,555,0,-0.003007474
Warm C,57748,391,390,946,555,1,0.0040181093
Warm C,66976,451,450,946,555,1,-0.0005248962
Warm C,47311,319,318,946,555,0,0.008693295
Warm C,45830,308,307,946,555,1,0.002732365
Warm C,27516,193,192,946,555,0,0.0044650035
Warm C,34646,235,234,946,555,1,-1.9790023e-05
Warm C,12680,97,96,946,555,1,-0.0023522484
Warm C,591754,3610,3609,946,555,0,0.011059882
Warm C,4163,31,30,946,555,0,0.0032779463
Warm C,974897,5880,5879,946,555,0,-0.00256101
Warm C,445780,2749,2748,946,555,0,-0.0026178104
Warm C,18230,140,139,946,555,1,0.0018455219
Warm C,208615,1274,1273,946,555,1,0.0043196874
Warm C,958765,5787,5786,946,555,1,-0.0048036296
Warm C,460554,2841,2840,946,555,1,-0.001976741
Warm C,41312,279,278,946,555,0,0.004692576
Warm C,127220,822,821,946,555,1,0.0011672676
Warm C,657408,3963,3962,946,555,0,0.00074492
Warm C,699574,4186,4185,946,555,1,0.0027704474
Warm C,587699,3589,3588,946,555,0,0.0021096827
Warm C,831890,5001,5000,946,555,1,0.0020160116
Warm C,322103,1912,1911,946,555,0,0.0020528894
Warm C,583217,3562,3561,946,555,1,0.0069166683
Warm C,339096,1998,1997,946,555,0,-0.0009083325
Warm C,681277,4083,4082,947,556,0,0.01943969
Warm C,669301,4023,4022,947,556,1,0.0057751923
Warm C,668259,4021,4020,947,556,1,0.011999864
Warm C,758379,4510,4509,947,556,1,0.012714052
Warm C,660164,3979,3978,947,556,1,-0.004619279
Warm C,783951,4682,4681,947,556,1,0.018226398
Warm C,637767,3841,3840,947,556,0,0.018405356
Warm C,670110,4028,4027,947,556,0,0.02078313
Warm C,589577,3596,3595,947,556,1,0.011216307
Warm C,695847,4169,4168,947,556,1,0.027874608
Warm C,574172,3515,3514,947,556,1,0.0070590973
Warm C,580414,3546,3545,947,556,0,0.006734685
Warm C,568682,3490,3489,947,556,1,0.022331921
Warm C,552873,3402,3401,947,556,1,0.011802984
Warm C,551154,3394,3393,947,556,1,0.021177318
Warm C,556172,3418,3417,947,556,1,0.0097049065
Warm C,544323,3356,3355,947,556,1,0.009387359
Warm C,541199,3329,3328,947,556,1,0.00677331
Warm C,533031,3292,3291,947,556,1,0.017436333
Warm C,526316,3254,3253,947,556,1,0.0041971644
Warm C,526176,3253,3252,947,556,1,0.0072758356
Warm C,513442,3167,3166,947,556,1,0.016453927
Warm C,506554,3118,3117,947,556,1,0.011665296
Warm C,768608,4579,4578,947,556,1,0.013318108
Warm C,657409,3963,3962,947,556,0,0.017835192
Warm C,491772,3025,3024,947,556,1,0.0044394634
Warm C,530584,3278,3277,947,556,1,-0.000647482
Warm C,461991,2849,2848,947,556,1,0.014783778
Warm C,459095,2826,2825,947,556,1,0.015677951
Warm C,457677,2820,2819,947,556,0,0.015022311
Warm C,455750,2807,2806,947,556,1,0.012564169
Warm C,453509,2793,2792,947,556,1,0.023350466
Warm C,447818,2761,2760,947,556,1,0.014294129
Warm C,458466,2822,2821,947,556,1,0.0028542425
Warm C,446731,2753,2752,947,556,1,0.02439319
Warm C,442049,2719,2718,947,556,1,0.012047505
Warm C,435194,2659,2658,947,556,1,0.015133646
Warm C,431859,2631,2630,947,556,1,0.014145478
Warm C,616612,3732,3731,947,556,0,0.012709597
Warm C,403099,2407,2406,947,556,1,0.010235364
Warm C,707778,4241,4240,947,556,1,0.0019815369
Warm C,397580,2355,2354,947,556,1,0.01211798
Warm C,400262,2383,2382,947,556,1,0.018515501
Warm C,393222,2310,2309,947,556,1,0.018175347
Warm C,390638,2293,2292,947,556,1,0.015278144
Warm C,388040,2271,2270,947,556,1,0.018124808
Warm C,383444,2241,2240,947,556,1,0.005228123
Warm C,382236,2233,2232,947,556,1,0.010059795
Warm C,363573,2117,2116,947,556,1,-0.0039433236
Warm C,373834,2181,2180,947,556,1,0.024494145
Warm C,346078,2030,2029,947,556,1,0.017315948
Warm C,334453,1974,1973,947,556,1,0.014445597
Warm C,323071,1916,1915,947,556,0,0.015030158
Warm C,319896,1899,1898,947,556,1,0.017411206
Warm C,313889,1874,1873,947,556,0,0.0039329794
Warm C,305747,1820,1819,947,556,1,0.011324205
Warm C,302637,1797,1796,947,556,1,0.007682519
Warm C,301489,1791,1790,947,556,0,0.0114739435
Warm C,293596,1748,1747,947,556,1,0.020549657
Warm C,284761,1699,1698,947,556,1,0.013020251
Warm C,268451,1631,1630,947,556,1,0.01042028
Warm C,268821,1632,1631,947,556,0,0.021477364
Warm C,250169,1507,1506,947,556,0,0.016283844
Warm C,631353,3821,3820,947,556,0,0.020364385
Warm C,246183,1489,1488,947,556,0,0.019820288
Warm C,228881,1387,1386,947,556,1,0.019738555
Warm C,219399,1330,1329,947,556,1,0.006961075
Warm C,217912,1322,1321,947,556,1,0.007431281
Warm C,221113,1340,1339,947,556,1,0.017317627
Warm C,208223,1273,1272,947,556,1,0.008787868
Warm C,189956,1179,1178,947,556,0,0.016967759
Warm C,184271,1147,1146,947,556,1,0.009367427
Warm C,316137,1883,1882,947,556,0,0.01858134
Warm C,184916,1150,1149,947,556,0,0.016429992
Warm C,182673,1140,1139,947,556,1,0.007419603
Warm C,190454,1181,1180,947,556,1,0.022502478
Warm C,327653,1941,1940,947,556,1,0.020084908
Warm C,272034,1645,1644,947,556,1,0.0142454
Warm C,162186,1034,1033,947,556,1,0.0068948846
Warm C,157802,1015,1014,947,556,1,0.030137967
Warm C,152856,984,983,947,556,1,0.010819913
Warm C,144498,931,930,947,556,1,0.011416546
Warm C,137825,889,888,947,556,1,0.015778854
Warm C,131000,850,849,947,556,1,-0.0005277728
Warm C,374753,2185,2184,947,556,1,0.013599341
Warm C,127902,825,824,947,556,0,0.0013802605
Warm C,125355,806,805,947,556,1,0.0022275886
Warm C,124172,800,799,947,556,1,0.021014465
Warm C,154001,991,990,947,556,1,0.011130208
Warm C,332158,1960,1959,947,556,1,0.012915059
Warm C,112286,731,730,947,556,1,0.021279447
Warm C,120113,776,775,947,556,1,0.0012408517
Warm C,114203,743,742,947,556,0,0.01898536
Warm C,316626,1884,1883,947,556,1,0.013331601
Warm C,98101,656,655,947,556,0,0.015638342
Warm C,80853,537,536,947,556,1,0.017601596
Warm C,69443,466,465,947,556,1,0.009419269
Warm C,66977,451,450,947,556,1,0.00946545
Warm C,412032,2478,2477,947,556,0,0.014943014
Warm C,39937,271,270,947,556,1,0.011118147
Warm C,34647,235,234,947,556,1,0.007944184
Warm C,481631,2962,2961,947,556,0,0.007103592
Warm C,13522,107,106,947,556,0,0.008802933
Warm C,136018,879,878,947,556,1,0.0034289977
Warm C,12681,97,96,947,556,1,0.014435256
Warm C,11742,91,90,947,556,1,0.013935011
Warm C,591755,3610,3609,947,556,0,0.007457235
Warm C,420812,2544,2543,947,556,0,0.014628772
Warm C,4165,31,30,947,556,1,0.020650107
Warm C,3810,27,26,947,556,1,0.007961862
Warm C,94550,635,634,947,556,1,0.010151926
Warm C,216815,1317,1316,947,556,1,0.01736251
Warm C,108472,711,710,947,556,1,0.0020874515
Warm C,854162,5125,5124,947,556,1,0.015314331
Warm C,739344,4418,4417,947,556,1,0.015548292
Warm C,966572,5831,5830,947,556,1,0.025437664
Warm C,171291,1088,1087,947,556,1,0.019962106
Warm C,312216,1861,1860,947,556,1,0.01253395
Warm C,50589,333,332,947,556,1,0.0041493988
Warm C,232502,1413,1412,947,556,1,0.012243237
Warm C,473244,2909,2908,947,556,0,0.022191232
Warm C,322104,1912,1911,947,556,0,0.014671421
Warm C,823227,4950,4949,947,556,1,0.012151354
Warm C,820859,4934,4933,947,556,0,0.009782959
Warm C,208616,1274,1273,947,556,1,0.016865594
Warm C,958766,5787,5786,947,556,1,0.012790943
Warm C,876946,5300,5299,947,556,1,0.0073916777
Warm C,891425,5387,5386,947,556,1,0.01160896
Warm C,502452,3084,3083,948,557,0,0.0075708567
Warm C,768609,4579,4578,948,557,1,0.0039529717
Warm C,502812,3087,3086,948,557,1,0.008532081
Warm C,545990,3367,3366,948,557,1,0.0023201192
Warm C,484084,2978,2977,948,557,0,0.011085904
Warm C,477873,2934,2933,948,557,0,8.245569e-05
Warm C,695848,4169,4168,948,557,0,0.014652636
Warm C,469171,2889,2888,948,557,1,0.0035569468
Warm C,466635,2878,2877,948,557,0,0.017536618
Warm C,459756,2834,2833,948,557,1,0.0083762035
Warm C,457678,2820,2819,948,557,0,0.004478736
Warm C,438243,2679,2678,948,557,1,0.009115954
Warm C,412508,2483,2482,948,557,0,0.009897998
Warm C,414444,2496,2495,948,557,1,0.004502482
Warm C,398182,2368,2367,948,557,1,0.0014351143
Warm C,395052,2334,2333,948,557,1,0.009658955
Warm C,383445,2241,2240,948,557,1,-0.0022797808
Warm C,377679,2205,2204,948,557,0,0.016113725
Warm C,352906,2067,2066,948,557,0,0.009004021
Warm C,268822,1632,1631,948,557,0,0.01749409
Warm C,256630,1569,1568,948,557,1,0.021516029
Warm C,346079,2030,2029,948,557,1,0.012692032
Warm C,350641,2059,2058,948,557,0,0.009980937
Warm C,242622,1465,1464,948,557,1,0.008156281
Warm C,325221,1926,1925,948,557,1,0.013124873
Warm C,188528,1170,1169,948,557,1,0.011575481
Warm C,327654,1941,1940,948,557,1,0.021132922
Warm C,162187,1034,1033,948,557,1,0.0073976666
Warm C,337958,1988,1987,948,557,0,0.009830577
Warm C,323662,1920,1919,948,557,1,0.016002867
Warm C,221114,1340,1339,948,557,0,0.009212458
Warm C,137826,889,888,948,557,0,0.008812988
Warm C,131001,850,849,948,557,1,0.013738006
Warm C,124421,801,800,948,557,1,0.006783437
Warm C,115879,752,751,948,557,1,0.017318597
Warm C,778805,4653,4652,948,557,1,0.0012769699
Warm C,94839,637,636,948,557,1,0.011222146
Warm C,283899,1698,1697,948,557,1,0.008644702
Warm C,88295,583,582,948,557,1,0.011909981
Warm C,190455,1181,1180,948,557,0,0.011210881
Warm C,82782,549,548,948,557,1,0.007754748
Warm C,51656,339,338,948,557,1,0.0087412065
Warm C,48460,326,325,948,557,0,0.007974891
Warm C,46774,314,313,948,557,1,-0.002395343
Warm C,39764,270,269,948,557,1,0.01597684
Warm C,23566,169,168,948,557,1,0.011865336
Warm C,23031,166,165,948,557,1,0.012636144
Warm C,18619,146,145,948,557,0,0.013816075
Warm C,234749,1425,1424,948,557,1,0.006847569
Warm C,4938,35,34,948,557,0,-0.0037134849
Warm C,15458,123,122,948,557,1,0.011188824
Warm C,552106,3401,3400,948,557,0,0.0063811895
Warm C,129187,839,838,948,557,1,0.014715414
Warm C,289672,1729,1728,948,557,0,0.0030831178
Warm C,157803,1015,1014,948,557,1,0.011768457
Warm C,316627,1884,1883,948,557,1,0.014592107
Warm C,934616,5643,5642,948,557,1,0.014705718
Warm C,339097,1998,1997,948,557,1,0.014713983
Warm C,50590,333,332,948,557,0,0.005375365
Warm C,607624,3688,3687,948,557,1,0.010729931
Warm C,171292,1088,1087,948,557,1,0.009246176
Warm C,335512,1980,1979,948,557,1,0.01123266
Warm C,570930,3503,3502,948,557,1,0.0047812923
Warm C,159844,1019,1018,948,557,0,0.013343403
Warm C,841011,5054,5053,948,557,1,0.006577098
Warm C,322105,1912,1911,948,557,0,0.009252775
Warm C,62601,424,423,948,557,1,0.019128991
Warm C,821539,4940,4939,948,557,1,0.020251632
Warm C,825484,4958,4957,948,557,0,0.0031703552
Warm C,893809,5397,5396,948,557,1,0.005937512
Warm C,243733,1470,1469,973,569,0,0.011382316
Warm C,162212,1034,1033,973,569,1,0.0011982919
Warm C,159119,1017,1016,973,569,0,0.006962152
Warm C,190530,1181,1180,973,569,1,0.0060952133
Warm C,199310,1224,1223,973,569,1,0.011929823
Warm C,137896,889,888,973,569,1,0.015055098
Warm C,374768,2185,2184,973,569,1,-0.0017761379
Warm C,118664,767,766,973,569,1,0.0034187685
Warm C,106670,702,701,973,569,1,0.0097363945
Warm C,18657,146,145,973,569,0,0.0019735922
Warm C,61778,415,414,973,569,1,0.005964132
Warm C,12700,97,96,973,569,1,0.0026161217
Warm C,123315,796,795,973,569,1,0.0030063177
Warm C,10965,81,80,973,569,1,0.00802255
Warm C,9808,67,66,973,569,1,0.0016841684
Warm C,591792,3610,3609,973,569,0,0.0050096223
Warm C,552136,3401,3400,973,569,1,0.007263326
Warm C,916620,5539,5538,973,569,1,0.010507121
Warm C,89157,588,587,973,569,1,-0.0006345962
Warm C,628524,3807,3806,973,569,1,0.00028562406
Warm C,499193,3067,3066,973,569,1,0.0035949834
Warm C,793962,4748,4747,973,569,0,0.015449517
Warm C,264096,1607,1606,978,570,0,0.013322068
Warm C,256518,1567,1566,978,570,1,0.01829672
Warm C,294185,1749,1748,978,570,1,0.010825301
Warm C,631393,3821,3820,978,570,1,0.012767918
Warm C,273674,1650,1649,978,570,1,0.0048432685
Warm C,283939,1698,1697,978,570,1,0.015852863
Warm C,208239,1273,1272,978,570,1,0.009118766
Warm C,207306,1267,1266,978,570,1,-0.0026184274
Warm C,187141,1161,1160,978,570,1,0.0048599374
Warm C,182692,1140,1139,978,570,1,0.018581867
Warm C,190532,1181,1180,978,570,1,0.014819704
Warm C,162214,1034,1033,978,570,0,0.0038472032
Warm C,137899,889,888,978,570,1,0.016737932
Warm C,108478,711,710,978,570,1,0.00021699374
Warm C,626555,3792,3791,978,570,0,0.011669123
Warm C,176757,1117,1116,978,570,1,0.011603592
Warm C,208643,1274,1273,978,570,1,0.0096503375
Warm C,34679,235,234,978,570,1,0.007976066
Warm C,133613,864,863,978,570,0,0.007234632
Warm C,10966,81,80,978,570,1,0.005906811
Warm C,591795,3610,3609,978,570,0,0.010111437
Warm C,8789,59,58,978,570,0,0.015288738
Warm C,23611,169,168,978,570,0,0.015694145
Warm C,166336,1059,1058,978,570,0,0.009333611
Warm C,457716,2820,2819,978,570,0,0.012671398
Warm C,739356,4418,4417,978,570,1,0.008478825
Warm C,412040,2478,2477,978,570,0,0.014923558
Warm C,605136,3679,3678,978,570,0,0.004407665
Warm C,284776,1699,1698,978,570,1,0.016490802
Warm C,934648,5643,5642,978,570,0,0.012993217
Warm C,901377,5450,5449,978,570,1,0.019858776
Warm C,164318,1051,1050,978,570,1,0.021101754
Warm C,804021,4815,4814,978,570,1,0.0048095817
Warm C,633004,3824,3823,978,570,1,0.001475078
Warm C,983974,5948,5947,978,570,1,-0.00028218958
Warm C,322152,1912,1911,978,570,0,0.0050245076
Warm C,916621,5539,5538,978,570,1,0.011677873
Warm C,460572,2841,2840,978,570,1,0.010900022
Warm C,18658,146,145,978,570,1,0.016428707
Warm C,900934,5448,5447,978,570,0,0.011592502
Warm C,182695,1140,1139,982,571,0,0.0023579614
Warm C,177465,1119,1118,982,571,1,-0.00083060877
Warm C,166932,1062,1061,982,571,1,0.0019413043
Warm C,131031,850,849,982,571,1,0.00082180835
Warm C,412042,2478,2477,982,571,0,0.012847379
Warm C,198126,1218,1217,982,571,1,0.005698081
Warm C,92694,621,620,982,571,1,0.009756253
Warm C,46809,314,313,982,571,1,0.0006075344
Warm C,103,2,1,982,571,1,0.005920383
Warm C,15535,123,122,982,571,0,0.005758728
Warm C,157884,1015,1014,982,571,0,0.011269878
Warm C,680539,4079,4078,982,571,1,0.0023942697
Warm C,293629,1748,1747,982,571,0,0.0073587424
Warm C,768630,4579,4578,982,571,0,0.006614186
Warm C,50613,333,332,982,571,0,0.003938724
Warm C,102024,678,677,982,571,1,0.008148672
Warm C,171364,1088,1087,982,571,1,0.007094032
Warm C,841029,5054,5053,982,571,1,-0.0035748521
Warm C,322158,1912,1911,982,571,0,0.0070067514
Warm C,384654,2247,2246,982,571,1,0.008175172
Warm C,433534,2643,2642,982,571,0,0.010006222
Warm C,638951,3842,3841,988,573,0,0.0019814232
Warm C,828584,4979,4978,988,573,0,0.006216082
Warm C,960236,5792,5791,988,573,1,0.0057511944
Warm C,164333,1051,1050,988,573,1,0.01160077
Warm C,34690,235,234,988,573,1,0.0065262974
Warm C,187521,1164,1163,988,573,0,0.00051591103
Warm C,215423,1306,1305,988,573,1,0.00425857
Warm C,159889,1019,1018,988,573,0,0.0005905009
Warm C,877382,5302,5301,988,573,1,0.0016296636
Warm C,561168,3453,3452,991,574,0,0.0070748827
Warm C,561872,3457,3456,991,574,0,-0.0025404987
Warm C,558451,3430,3429,991,574,0,-0.00076985476
Warm C,557594,3425,3424,991,574,0,-0.00068310695
Warm C,576944,3526,3525,991,574,0,0.010115301
Warm C,539778,3320,3319,991,574,1,0.006813584
Warm C,534300,3299,3298,991,574,1,0.0043340065
Warm C,532600,3289,3288,991,574,1,0.00020391564
Warm C,533105,3292,3291,991,574,1,0.0111526
Warm C,532002,3285,3284,991,574,0,0.006473029
Warm C,526680,3259,3258,991,574,1,0.006919043
Warm C,525571,3246,3245,991,574,0,0.0023467964
Warm C,530867,3280,3279,991,574,0,0.004417842
Warm C,522310,3224,3223,991,574,0,0.008867548
Warm C,512076,3159,3158,991,574,1,0.0022452716
Warm C,993820,6002,6001,991,574,1,0.00058274774
Warm C,738079,4411,4410,991,574,1,0.0021568795
Warm C,505554,3110,3109,991,574,0,0.0051057013
Warm C,505050,3108,3107,991,574,0,0.016879871
Warm C,492564,3029,3028,991,574,1,0.010507363
Warm C,474630,2913,2912,991,574,0,0.009155112
Warm C,473337,2909,2908,991,574,1,0.003366248
Warm C,463109,2857,2856,991,574,0,0.011610972
Warm C,453560,2793,2792,991,574,1,0.0044046165
Warm C,453226,2792,2791,991,574,1,0.0151088
Warm C,442143,2720,2719,991,574,0,-0.002818638
Warm C,695952,4169,4168,991,574,0,0.01847693
Warm C,435746,2664,2663,991,574,1,0.0048671714
Warm C,432582,2638,2637,991,574,1,0.0020681093
Warm C,430434,2624,2623,991,574,1,0.0063377107
Warm C,422448,2559,2558,991,574,1,0.018478282
Warm C,408054,2453,2452,991,574,1,0.007807657
Warm C,398975,2376,2375,991,574,0,0.013343106
Warm C,398199,2368,2367,991,574,0,0.0068605505
Warm C,391561,2303,2302,991,574,1,0.0050859847
Warm C,388068,2271,2270,991,574,1,-0.000470842
Warm C,386552,2261,2260,991,574,1,0.005787703
Warm C,362800,2116,2115,991,574,0,0.008916358
Warm C,359266,2102,2101,991,574,0,0.0014392671
Warm C,350095,2055,2054,991,574,0,0.0011217026
Warm C,335601,1980,1979,991,574,0,0.01814662
Warm C,312241,1861,1860,991,574,0,0.007934855
Warm C,315030,1880,1879,991,574,0,0.004705638
Warm C,293639,1748,1747,991,574,0,0.010998664
Warm C,241033,1451,1450,991,574,1,0.008202426
Warm C,230284,1393,1392,991,574,1,0.004868183
Warm C,228894,1387,1386,991,574,0,0.012729658
Warm C,218795,1327,1326,991,574,0,0.012706488
Warm C,205079,1262,1261,991,574,1,0.0020594215
Warm C,258718,1585,1584,991,574,1,0.010546055
Warm C,213328,1298,1297,991,574,1,0.010761658
Warm C,278810,1680,1679,991,574,0,0.011361935
Warm C,196019,1205,1204,991,574,1,-0.009706676
Warm C,193134,1193,1192,991,574,1,0.011578095
Warm C,219746,1333,1332,991,574,0,0.004609339
Warm C,338003,1988,1987,991,574,1,0.014493222
Warm C,188870,1172,1171,991,574,1,-0.01080328
Warm C,210688,1285,1284,991,574,0,0.011130108
Warm C,307268,1835,1834,991,574,1,0.0010049978
Warm C,181416,1134,1133,991,574,1,0.006577825
Warm C,180191,1128,1127,991,574,0,0.006673969
Warm C,229187,1389,1388,991,574,1,0.010448337
Warm C,168284,1069,1068,991,574,1,0.007885174
Warm C,275020,1666,1665,991,574,1,0.00765545
Warm C,319941,1899,1898,991,574,0,0.006085165
Warm C,152911,984,983,991,574,1,0.0010971494
Warm C,157909,1015,1014,991,574,0,0.005959275
Warm C,249178,1502,1501,991,574,1,0.010581074
Warm C,235944,1428,1427,991,574,0,-0.0032235412
Warm C,156632,1010,1009,991,574,1,0.012475352
Warm C,139358,891,890,991,574,0,0.017467061
Warm C,137934,889,888,991,574,0,0.011759006
Warm C,141401,911,910,991,574,1,0.020658638
Warm C,136355,881,880,991,574,1,0.0072699804
Warm C,263087,1605,1604,991,574,1,0.011871012
Warm C,778825,4653,4652,991,574,0,0.003090857
Warm C,98643,660,659,991,574,1,0.008204425
Warm C,104181,692,691,991,574,0,0.003986505
Warm C,89973,593,592,991,574,1,-0.008733638
Warm C,432073,2634,2633,991,574,0,0.006092159
Warm C,190571,1181,1180,991,574,0,0.011751091
Warm C,233956,1422,1421,991,574,0,0.011757024
Warm C,80526,534,533,991,574,1,-0.00047868886
Warm C,77277,524,523,991,574,0,0.010631673
Warm C,69674,468,467,991,574,1,0.003646444
Warm C,201405,1242,1241,991,574,0,0.009374276
Warm C,53670,352,351,991,574,1,0.009729547
Warm C,21980,161,160,991,574,1,0.0093975905
Warm C,248697,1501,1500,991,574,1,0.0054580835
Warm C,16099,127,126,991,574,0,0.01425783
Warm C,6777,48,47,991,574,0,0.009296086
Warm C,50099,331,330,991,574,1,-0.0014463309
Warm C,79198,531,530,991,574,0,0.01071379
Warm C,399758,2380,2379,991,574,1,0.004832906
Warm C,65225,438,437,991,574,1,0.0023988532
Warm C,129249,839,838,991,574,1,0.008518016
Warm C,194727,1202,1201,991,574,0,0.011365037
Warm C,174031,1101,1100,991,574,0,0.012601602
Warm C,460581,2841,2840,991,574,1,-0.00049129664
Warm C,567316,3483,3482,991,574,1,0.011883873
Warm C,309512,1842,1841,991,574,1,0.007276646
Warm C,499219,3067,3066,991,574,1,0.009391955
Warm C,245715,1484,1483,991,574,0,-0.0005729784
Warm C,195284,1203,1202,991,574,0,0.018426675
Warm C,322167,1912,1911,991,574,0,0.0065666474
Warm C,285185,1701,1700,991,574,1,0.00910422
Warm C,283960,1698,1697,991,574,1,0.015708596
Warm C,770929,4593,4592,991,574,0,0.00884585
Warm C,115959,752,751,991,574,0,0.008248546
Warm C,941319,5682,5681,991,574,1,-0.00051223394
Warm C,156634,1010,1009,998,577,0,-0.003678272
Warm C,202364,1244,1243,998,577,0,0.005152456
Warm C,360566,2106,2105,998,577,0,0.0047520557
Warm C,121026,780,779,998,577,0,0.0004006708
Warm C,119886,774,773,998,577,0,0.0027684737
Warm C,117004,754,753,998,577,0,-0.0046948018
Warm C,114743,746,745,998,577,0,-0.0033294891
Warm C,239796,1449,1448,998,577,0,0.00062524434
Warm C,105916,699,698,998,577,0,-0.006100662
Warm C,299492,1778,1777,998,577,0,-0.00038345158
Warm C,121699,783,782,998,577,0,-0.0027294424
Warm C,109205,714,713,998,577,1,-0.0011543315
Warm C,90580,601,600,998,577,1,0.007535667
Warm C,150460,970,969,998,577,1,0.00054090796
Warm C,82859,549,548,998,577,0,0.0077642323
Warm C,238692,1448,1447,998,577,1,0.002245871
Warm C,77280,524,523,998,577,0,0.00061149336
Warm C,64165,429,428,998,577,0,0.0069466503
Warm C,53673,352,351,998,577,1,-0.00646688
Warm C,51135,337,336,998,577,0,0.0058531994
Warm C,638963,3842,3841,998,577,1,-0.004479263
Warm C,55580,368,367,998,577,0,0.009715229
Warm C,40355,272,271,998,577,0,0.0069312323
Warm C,33454,225,224,998,577,1,-0.0067624543
Warm C,15557,123,122,998,577,0,0.0055999053
Warm C,45363,306,305,998,577,1,0.0033655455
Warm C,336657,1982,1981,998,577,0,0.004556413
Warm C,161285,1029,1028,998,577,0,0.0025736047
Warm C,19945,149,148,998,577,0,0.0021729032
Warm C,599099,3648,3647,998,577,0,-0.004634822
Warm C,13345,104,103,998,577,0,0.001448283
Warm C,941321,5682,5681,998,577,0,-0.00041627523
Warm C,79199,531,530,998,577,0,0.0014052298
Warm C,444818,2743,2742,1003,579,0,0.0138027575
Warm C,564670,3471,3470,1003,579,0,0.018977921
Warm C,433749,2643,2642,1003,579,0,0.012595205
Warm C,415847,2504,2503,1003,579,0,0.0020134924
Warm C,363329,2116,2115,1003,579,0,0.008193464
Warm C,358618,2098,2097,1003,579,0,0.007983903
Warm C,359537,2102,2101,1003,579,0,0.010537404
Warm C,360221,2105,2104,1003,579,0,0.009329194
Warm C,304543,1811,1810,1003,579,0,0.004383768
Warm C,321741,1908,1907,1003,579,1,0.0070398934
Warm C,293912,1748,1747,1003,579,0,0.0075036343
Warm C,315495,1880,1879,1003,579,0,0.010399347
Warm C,266010,1613,1612,1003,579,1,0.018198993
Warm C,259618,1587,1586,1003,579,1,0.010374688
Warm C,392457,2304,2303,1003,579,1,0.009818296
Warm C,250496,1509,1508,1003,579,0,0.0026703766
Warm C,279772,1680,1679,1003,579,1,0.00686271
Warm C,185668,1150,1149,1003,579,0,0.013886286
Warm C,184103,1146,1145,1003,579,0,0.009178423
Warm C,168019,1068,1067,1003,579,0,0.010574684
Warm C,164007,1050,1049,1003,579,0,0.007805043
Warm C,170302,1084,1083,1003,579,0,0.0068775536
Warm C,162499,1035,1034,1003,579,0,0.0069513386
Warm C,221565,1340,1339,1003,579,0,0.011130064
Warm C,145474,935,934,1003,579,0,0.0038542943
Warm C,136855,881,880,1003,579,0,0.012630157
Warm C,154982,999,998,1003,579,0,0.0030140958
Warm C,125044,802,801,1003,579,1,0.009766521
Warm C,117654,757,756,1003,579,0,0.006036955
Warm C,116518,752,751,1003,579,0,0.012938758
Warm C,108244,710,709,1003,579,1,0.015197912
Warm C,106271,699,698,1003,579,0,0.009146446
Warm C,100974,673,672,1003,579,0,0.0031992027
Warm C,109414,714,713,1003,579,1,0.007708269
Warm C,97401,652,651,1003,579,0,0.009609233
Warm C,329527,1943,1942,1003,579,1,0.017637819
Warm C,111002,721,720,1003,579,1,0.018411167
Warm C,697708,4169,4168,1003,579,0,0.019061957
Warm C,83435,549,548,1003,579,1,0.01964864
Warm C,77799,524,523,1003,579,1,0.018170789
Warm C,239231,1448,1447,1003,579,0,0.013560422
Warm C,60191,409,408,1003,579,1,-0.00429539
Warm C,53848,352,351,1003,579,0,0.012638949
Warm C,270159,1635,1634,1003,579,1,0.014017797
Warm C,3481,26,25,1003,579,0,0.016323842
Warm C,104504,692,691,1003,579,1,0.011557955
Warm C,207079,1266,1265,1003,579,0,0.00092955795
Warm C,50209,331,330,1003,579,0,0.0038102858
Warm C,355122,2077,2076,1003,579,0,0.012038638
Warm C,150752,970,969,1003,579,0,0.012642551
Warm C,352228,2063,2062,1003,579,0,0.009132966
Warm C,265242,1611,1610,1003,579,0,0.008946741
Warm C,164783,1051,1050,1003,579,0,0.00885507
Warm C,145061,934,933,1003,579,0,0.0047562663
Warm C,79656,531,530,1003,579,0,0.0015224048
Warm C,993751,6001,6000,1003,579,0,0.011734108
Warm C,688435,4117,4116,1003,579,0,0.010988051
Warm C,325036,1925,1924,1003,579,0,0.0071538654
Warm C,331867,1958,1957,1003,579,0,0.0040133335
Warm C,468603,2887,2886,1003,579,0,0.011561822
Warm C,193843,1194,1193,1003,579,0,0.014279364
Warm C,460408,2840,2839,1004,580,0,0.0022023416
Warm C,458204,2820,2819,1004,580,0,0.0014928656
Warm C,430180,2621,2620,1004,580,0,0.018118171
Warm C,415290,2500,2499,1004,580,1,0.010002913
Warm C,408375,2453,2452,1004,580,1,0.010286988
Warm C,392458,2304,2303,1004,580,0,0.01039985
Warm C,375193,2186,2185,1004,580,0,0.010695806
Warm C,358619,2098,2097,1004,580,0,0.0036748978
Warm C,352229,2063,2062,1004,580,0,0.013231827
Warm C,321742,1908,1907,1004,580,0,0.0115782935
Warm C,303618,1803,1802,1004,580,0,-0.0044023404
Warm C,266011,1613,1612,1004,580,0,0.009056809
Warm C,315497,1880,1879,1004,580,0,0.010185088
Warm C,242242,1461,1460,1004,580,0,-0.0020358758
Warm C,227290,1377,1376,1004,580,0,0.015031325
Warm C,279774,1680,1679,1004,580,0,0.02477799
Warm C,342729,2015,2014,1004,580,0,0.005644552
Warm C,193279,1193,1192,1004,580,0,0.014708072
Warm C,191335,1181,1180,1004,580,0,0.022581432
Warm C,185671,1150,1149,1004,580,0,0.0044553713
Warm C,275697,1667,1666,1004,580,0,0.00809113
Warm C,154983,999,998,1004,580,0,0.0110632125
Warm C,157161,1010,1009,1004,580,0,0.00015522074
Warm C,277124,1675,1674,1004,580,0,0.009633243
Warm C,202654,1244,1243,1004,580,0,-0.006396331
Warm C,147517,949,948,1004,580,0,0.00032565324
Warm C,114981,746,745,1004,580,0,0.006432657
Warm C,111004,721,720,1004,580,0,0.004296107
Warm C,106272,699,698,1004,580,0,0.011086208
Warm C,96492,647,646,1004,580,1,0.007434557
Warm C,91312,604,603,1004,580,0,0.00011969032
Warm C,81864,543,542,1004,580,1,0.0055046906
Warm C,77800,524,523,1004,580,0,0.005494847
Warm C,86797,566,565,1004,580,0,0.009146098
Warm C,145475,935,934,1004,580,0,0.0045959386
Warm C,19020,147,146,1004,580,0,0.016193721
Warm C,27235,192,191,1004,580,0,0.0036756005
Warm C,10281,73,72,1004,580,0,0.011251747
Warm C,30553,204,203,1004,580,0,0.011304611
Warm C,109917,716,715,1004,580,1,0.004784927
Warm C,198484,1219,1218,1004,580,1,0.0064358963
Warm C,575525,3519,3518,1005,581,0,0.0064033116
Warm C,494423,3032,3031,1005,581,1,0.0024352032
Warm C,492155,3026,3025,1005,581,0,0.00404236
Warm C,489738,3013,3012,1005,581,0,0.015542468
Warm C,488757,3007,3006,1005,581,0,-0.0022822118
Warm C,517967,3196,3195,1005,581,1,0.00088879
Warm C,470498,2896,2895,1005,581,0,0.00021826732
Warm C,461621,2847,2846,1005,581,0,0.0034829497
Warm C,451132,2777,2776,1005,581,0,-0.005361992
Warm C,467009,2878,2877,1005,581,0,0.01850157
Warm C,430181,2621,2620,1005,581,0,0.0034755878
Warm C,420549,2541,2540,1005,581,1,0.010958451
Warm C,390150,2288,2287,1005,581,0,0.009527221
Warm C,374343,2181,2180,1005,581,0,0.013987766
Warm C,356049,2085,2084,1005,581,1,-0.002931308
Warm C,313001,1865,1864,1005,581,0,0.0056275856
Warm C,268604,1631,1630,1005,581,0,-0.0013618139
Warm C,323980,1920,1919,1005,581,1,0.008360756
Warm C,261078,1596,1595,1005,581,0,0.001795237
Warm C,266012,1613,1612,1005,581,0,0.010843199
Warm C,309363,1841,1840,1005,581,0,0.0029631965
Warm C,242195,1460,1459,1005,581,0,0.0015354031
Warm C,361043,2106,2105,1005,581,0,-0.0056339144
Warm C,248977,1501,1500,1005,581,1,0.0147960745
Warm C,236481,1434,1433,1005,581,0,0.009360472
Warm C,227291,1377,1376,1005,581,0,0.004519204
Warm C,296888,1759,1758,1005,581,0,0.011349855
Warm C,213054,1297,1296,1005,581,0,0.0057667852
Warm C,277930,1676,1675,1005,581,0,0.012125883
Warm C,279776,1680,1679,1005,581,0,0.00356384
Warm C,196687,1207,1206,1005,581,0,0.0070012305
Warm C,198671,1220,1219,1005,581,0,0.0020855688
Warm C,272347,1645,1644,1005,581,1,0.019358832
Warm C,342730,2015,2014,1005,581,0,-0.005488366
Warm C,165510,1054,1053,1005,581,0,0.012092672
Warm C,255604,1556,1555,1005,581,0,0.007049431
Warm C,246450,1489,1488,1005,581,0,0.0014192928
Warm C,157162,1010,1009,1005,581,0,0.0076612774
Warm C,136856,881,880,1005,581,0,-0.002526429
Warm C,133885,868,867,1005,581,0,-0.006009819
Warm C,263603,1605,1604,1005,581,0,0.009067237
Warm C,126709,817,816,1005,581,0,0.014901962
Warm C,139260,890,889,1005,581,0,0.0029369923
Warm C,119464,770,769,1005,581,0,0.009308113
Warm C,216500,1314,1313,1005,581,0,0.0030476393
Warm C,106274,699,698,1005,581,0,-0.0040847147
Warm C,101491,676,675,1005,581,0,0.0043412363
Warm C,371106,2168,2167,1005,581,0,0.004899642
Warm C,299774,1778,1777,1005,581,0,0.0046829768
Warm C,441982,2718,2717,1005,581,1,-0.0012021522
Warm C,93854,629,628,1005,581,0,-0.0010702047
Warm C,76192,517,516,1005,581,0,0.005611933
Warm C,69389,465,464,1005,581,0,-0.00324251
Warm C,68851,461,460,1005,581,0,0.0025122594
Warm C,87114,569,568,1005,581,0,0.0032591522
Warm C,65530,438,437,1005,581,0,0.016697146
Warm C,75040,509,508,1005,581,0,-0.004675053
Warm C,57203,386,385,1005,581,0,0.0033109314
Warm C,52570,346,345,1005,581,1,-0.0010842094
Warm C,44598,302,301,1005,581,0,0.014625933
Warm C,39583,268,267,1005,581,0,-0.0011915001
Warm C,363330,2116,2115,1005,581,0,0.008354833
Warm C,145629,936,935,1005,581,1,0.0060079657
Warm C,32149,216,215,1005,581,0,0.013527034
Warm C,273191,1647,1646,1005,581,0,0.015339171
Warm C,240424,1449,1448,1005,581,0,0.005305402
Warm C,21040,153,152,1005,581,0,0.005926011
Warm C,6879,48,47,1005,581,0,0.0055382126
Warm C,2047,18,17,1005,581,0,0.011289836
Warm C,234295,1422,1421,1005,581,0,0.010843499
Warm C,78631,528,527,1005,581,0,0.0007736627
Warm C,552573,3401,3400,1005,581,0,-0.0083992295
Warm C,326183,1930,1929,1005,581,0,0.00092951674
Warm C,58110,392,391,1005,581,0,0.00073080836
Warm C,333998,1969,1968,1005,581,0,0.012662722
Warm C,883491,5333,5332,1005,581,0,0.004830296
Warm C,376452,2195,2194,1005,581,1,0.00718241
Warm C,171982,1088,1087,1005,581,0,0.0033032026
Warm C,335227,1978,1977,1005,581,0,-0.0097095445
Warm C,599430,3648,3647,1005,581,0,0.015708784
Warm C,134530,869,868,1005,581,0,0.0014427332
Warm C,257871,1579,1578,1005,581,1,-0.004200304
Warm C,117655,757,756,1006,582,0,0.0040897396
Warm C,106275,699,698,1006,582,0,0.012688335
Warm C,697711,4169,4168,1006,582,0,0.028031591
Warm C,361044,2106,2105,1006,582,0,0.004938717
Warm C,191339,1181,1180,1006,582,0,0.011433943
Warm C,239234,1448,1447,1006,582,0,0.011394799
Warm C,578241,3532,3531,1006,582,1,0.0031172088
Warm C,355123,2077,2076,1006,582,0,0.0034863707
Warm C,50212,331,330,1006,582,0,0.0071263695
Warm C,682693,4085,4084,1006,582,0,0.018825818
Warm C,300517,1780,1779,1006,582,0,0.0179745
Warm C,331868,1958,1957,1006,582,1,0.00813685
Warm C,206458,1265,1264,1006,582,0,0.0055892747
Warm C,407821,2451,2450,1006,582,0,0.010064952
Warm C,561679,3454,3453,1006,582,0,0.01752602
Warm C,116520,752,751,1006,582,0,0.012470678
Warm C,468605,2887,2886,1006,582,0,0.020135649
Warm C,193844,1194,1193,1006,582,1,0.0062753675
Warm C,353006,2067,2066,1008,584,0,0.0003792951
Warm C,345529,2026,2025,1008,584,0,0.0024531423
Warm C,275701,1667,1666,1008,584,0,0.014214486
Warm C,316995,1884,1883,1008,584,0,0.017311893
Warm C,242968,1465,1464,1008,584,1,0.017482746
Warm C,246710,1490,1489,1008,584,1,0.006019973
Warm C,318181,1890,1889,1008,584,0,0.009495939
Warm C,213638,1298,1297,1008,584,0,0.01038101
Warm C,197680,1214,1213,1008,584,0,0.003559852
Warm C,188665,1170,1169,1008,584,1,0.010967143
Warm C,182878,1140,1139,1008,584,0,0.0164418
Warm C,172677,1094,1093,1008,584,1,0.0010367858
Warm C,225488,1365,1364,1008,584,0,0.009049036
Warm C,153256,984,983,1008,584,0,0.01380023
Warm C,199595,1224,1223,1008,584,1,0.023427615
Warm C,141224,910,909,1008,584,0,0.010383841
Warm C,328572,1941,1940,1008,584,1,0.0152539
Warm C,118129,764,763,1008,584,1,0.011395587
Warm C,254152,1545,1544,1008,584,0,0.014151663
Warm C,178328,1120,1119,1008,584,0,0.015751021
Warm C,95548,639,638,1008,584,1,0.015498948
Warm C,191346,1181,1180,1008,584,0,0.020567697
Warm C,82096,544,543,1008,584,1,0.009634046
Warm C,68854,461,460,1008,584,0,0.015312284
Warm C,71599,481,480,1008,584,1,0.012372268
Warm C,55305,366,365,1008,584,0,0.0058555203
Warm C,52836,348,347,1008,584,1,0.008047968
Warm C,592153,3610,3609,1008,584,0,0.012944361
Warm C,19487,148,147,1008,584,0,0.009263761
Warm C,234298,1422,1421,1008,584,0,0.010475952
Warm C,388212,2271,2270,1008,584,1,0.0117315855
Warm C,474004,2909,2908,1008,584,1,0.009326077
Warm C,293919,1748,1747,1008,584,0,0.011002449
Warm C,722913,4328,4327,1008,584,0,0.009135068
Warm C,447413,2756,2755,1008,584,0,0.0110681895
Warm C,821750,4940,4939,1008,584,1,0.01442622
Warm C,893471,5394,5393,1008,584,0,0.02457666
Warm C,582563,3558,3557,1011,587,0,0.011036594
Warm C,554597,3411,3410,1011,587,0,0.0019523427
Warm C,550510,3391,3390,1011,587,0,0.001457579
Warm C,536231,3308,3307,1011,587,0,0.0038964157
Warm C,531772,3283,3282,1011,587,0,-0.0020828766
Warm C,515678,3182,3181,1011,587,1,0.012857707
Warm C,575536,3519,3518,1011,587,0,0.00861969
Warm C,494443,3032,3031,1011,587,1,0.00038642902
Warm C,487610,2999,2998,1011,587,0,0.007568825
Warm C,483990,2976,2975,1011,587,0,0.001227515
Warm C,472829,2907,2906,1011,587,0,-0.0035852985
Warm C,471131,2899,2898,1011,587,1,0.007415293
Warm C,474020,2909,2908,1011,587,0,0.002282578
Warm C,467029,2878,2877,1011,587,0,0.008749077
Warm C,361877,2109,2108,1011,587,0,0.0060729356
Warm C,352740,2064,2063,1011,587,0,0.0035410076
Warm C,341780,2012,2011,1011,587,0,0.0017034486
Warm C,345885,2029,2028,1011,587,0,-0.0015434632
Warm C,337193,1983,1982,1011,587,1,0.009525118
Warm C,326189,1930,1929,1011,587,0,0.0026753014
Warm C,282365,1693,1692,1011,587,0,0.00045906485
Warm C,273523,1648,1647,1011,587,0,-0.0010627559
Warm C,286321,1709,1708,1011,587,1,-0.0010084868
Warm C,323994,1920,1919,1011,587,0,0.0032836092
Warm C,260493,1592,1591,1011,587,0,0.0005504824
Warm C,436653,2665,2664,1011,587,0,0.0059243003
Warm C,346360,2030,2029,1011,587,0,0.0033894975
Warm C,231753,1404,1403,1011,587,0,0.004368601
Warm C,336287,1980,1979,1011,587,0,0.006283803
Warm C,220009,1333,1332,1011,587,0,-0.0038981736
Warm C,296592,1758,1757,1011,587,0,0.003429256
Warm C,279811,1680,1679,1011,587,1,0.0064683296
Warm C,197682,1214,1213,1011,587,0,-0.003893428
Warm C,328597,1941,1940,1011,587,1,0.004309948
Warm C,177669,1119,1118,1011,587,0,0.004751952
Warm C,173821,1100,1099,1011,587,0,-0.00033400883
Warm C,248987,1501,1500,1011,587,0,0.005356962
Warm C,255611,1556,1555,1011,587,0,0.0070920023
Warm C,162364,1034,1033,1011,587,0,0.005364548
Warm C,217282,1317,1316,1011,587,0,0.0011362587
Warm C,131648,853,852,1011,587,1,0.0095510725
Warm C,121296,780,779,1011,587,0,0.0003805845
Warm C,178341,1120,1119,1011,587,0,0.0031814561
Warm C,97171,651,650,1011,587,1,0.0025523785
Warm C,352250,2063,2062,1011,587,0,0.010104424
Warm C,425776,2583,2582,1011,587,1,-0.0011225482
Warm C,284463,1698,1697,1011,587,0,0.0050594006
Warm C,85321,556,555,1011,587,0,-0.004074797
Warm C,234310,1422,1421,1011,587,0,0.008635039
Warm C,73172,494,493,1011,587,1,0.0031148826
Warm C,71327,479,478,1011,587,0,0.006127992
Warm C,70907,476,475,1011,587,0,0.010695675
Warm C,72302,482,481,1011,587,0,0.0010517692
Warm C,32173,216,215,1011,587,0,0.009289444
Warm C,28858,198,197,1011,587,0,-0.0004189877
Warm C,331882,1958,1957,1011,587,0,-0.008721382
Warm C,270175,1635,1634,1011,587,0,0.014090501
Warm C,24690,174,173,1011,587,0,-0.003861419
Warm C,360231,2105,2104,1011,587,0,0.010295181
Warm C,239252,1448,1447,1011,587,0,-0.0005212759
Warm C,13044,101,100,1011,587,1,0.004320721
Warm C,6908,48,47,1011,587,0,0.003045041
Warm C,95554,639,638,1011,587,0,0.005047981
Warm C,893479,5394,5393,1011,587,0,0.009608119
Warm C,408385,2453,2452,1011,587,0,0.010406619
Warm C,829239,4979,4978,1011,587,0,0.0042829067
Warm C,273210,1647,1646,1011,587,0,0.0080900565
Warm C,102556,678,677,1011,587,0,0.0050031235
Warm C,633547,3824,3823,1011,587,0,0.0028574723
Warm C,130014,840,839,1011,587,1,0.0038161248
Warm C,134544,869,868,1011,587,0,0.0055611487
Warm C,495183,3038,3037,1011,587,1,-0.0013258245
Warm C,588114,3589,3588,1011,587,0,0.005897889
Warm C,936737,5650,5649,1011,587,0,0.004600151
Warm C,656153,3953,3952,1011,587,1,-0.002303707
Warm C,492946,3029,3028,1014,590,0,0.014081257
Warm C,487501,2998,2997,1014,590,1,0.011819223
Warm C,748058,4465,4464,1014,590,0,0.008270598
Warm C,478247,2934,2933,1014,590,0,0.019308344
Warm C,697732,4169,4168,1014,590,1,0.017308772
Warm C,472833,2907,2906,1014,590,0,0.006694236
Warm C,467035,2878,2877,1014,590,0,0.015127387
Warm C,438019,2676,2675,1014,590,1,0.011513343
Warm C,418917,2529,2528,1014,590,0,0.00870684
Warm C,416871,2507,2506,1014,590,0,0.017839745
Warm C,405459,2428,2427,1014,590,1,0.0042785574
Warm C,414746,2496,2495,1014,590,0,0.0072852895
Warm C,395246,2334,2333,1014,590,1,0.007585373
Warm C,390318,2289,2288,1014,590,1,-0.005456239
Warm C,387357,2264,2263,1014,590,1,0.0197151
Warm C,382359,2233,2232,1014,590,1,0.009576909
Warm C,379989,2222,2221,1014,590,0,0.012639394
Warm C,374364,2181,2180,1014,590,0,0.015021247
Warm C,368908,2156,2155,1014,590,0,0.012072602
Warm C,334012,1969,1968,1014,590,0,0.009969971
Warm C,317415,1888,1887,1014,590,1,0.006340648
Warm C,325564,1926,1925,1014,590,1,0.0056746174
Warm C,269233,1632,1631,1014,590,0,0.013929492
Warm C,268613,1631,1630,1014,590,1,0.005433904
Warm C,323998,1920,1919,1014,590,0,0.0096416725
Warm C,361060,2106,2105,1014,590,0,0.015863933
Warm C,236485,1434,1433,1014,590,0,0.0055460986
Warm C,242981,1465,1464,1014,590,0,0.009207403
Warm C,222785,1348,1347,1014,590,0,0.0046718665
Warm C,220599,1337,1336,1014,590,0,-0.0009880487
Warm C,320289,1899,1898,1014,590,0,0.026083183
Warm C,276426,1671,1670,1014,590,1,0.012488584
Warm C,279817,1680,1679,1014,590,0,0.018063854
Warm C,244174,1470,1469,1014,590,0,0.018817794
Warm C,328605,1941,1940,1014,590,1,0.020531893
Warm C,188450,1169,1168,1014,590,0,0.016718011
Warm C,186784,1156,1155,1014,590,0,0.013027169
Warm C,316376,1883,1882,1014,590,1,0.006026923
Warm C,212542,1294,1293,1014,590,0,0.005192274
Warm C,175205,1111,1110,1014,590,1,0.0011674749
Warm C,346364,2030,2029,1014,590,1,0.01315011
Warm C,168036,1068,1067,1014,590,1,0.01860828
Warm C,272360,1645,1644,1014,590,1,0.009956346
Warm C,127383,822,821,1014,590,1,0.006234423
Warm C,263625,1605,1604,1014,590,1,0.0058231177
Warm C,124322,800,799,1014,590,1,0.011096564
Warm C,118132,764,763,1014,590,1,0.011521084
Warm C,112676,731,730,1014,590,0,0.01610171
Warm C,178345,1120,1119,1014,590,1,0.0009809681
Warm C,100985,673,672,1014,590,0,-0.004913427
Warm C,363350,2116,2115,1014,590,0,0.00981793
Warm C,93859,629,628,1014,590,1,-0.0033500078
Warm C,95557,639,638,1014,590,1,0.004857977
Warm C,425779,2583,2582,1014,590,1,0.0065882104
Warm C,85323,556,555,1014,590,1,0.00011244323
Warm C,84461,550,549,1014,590,0,0.01710657
Warm C,73173,494,493,1014,590,1,0.0028256727
Warm C,64746,434,433,1014,590,0,0.008952151
Warm C,627044,3792,3791,1014,590,1,0.016765803
Warm C,63301,424,423,1014,590,1,0.01570439
Warm C,41858,284,283,1014,590,0,0.009929947
Warm C,14086,114,113,1014,590,1,0.0006202691
Warm C,6285,45,44,1014,590,1,0.0055128057
Warm C,60808,411,410,1014,590,1,0.0146747865
Warm C,552589,3401,3400,1014,590,0,0.01449341
Warm C,76430,518,517,1014,590,1,0.011727419
Warm C,300530,1780,1779,1014,590,0,0.018255679
Warm C,102563,678,677,1014,590,0,0.019894667
Warm C,336291,1980,1979,1014,590,0,0.013800057
Warm C,769121,4579,4578,1014,590,1,0.0049527627
Warm C,562749,3462,3461,1014,590,0,0.0053346492
Warm C,134546,869,868,1014,590,1,0.011647255
Warm C,217286,1317,1316,1014,590,1,0.008901909
Warm C,714136,4277,4276,1014,590,1,0.012123299
Warm C,208939,1274,1273,1014,590,1,0.011649924
Warm C,384772,2247,2246,1014,590,1,0.003161321
Warm C,769123,4579,4578,1016,592,0,0.00892154
Warm C,500308,3072,3071,1016,592,0,0.0031663324
Warm C,495730,3044,3043,1016,592,0,0.010701578
Warm C,550518,3391,3390,1016,592,0,0.01639098
Warm C,494449,3032,3031,1016,592,1,0.011837032
Warm C,489747,3013,3012,1016,592,1,0.014334038
Warm C,487613,2999,2998,1016,592,0,0.0034496165
Warm C,697734,4169,4168,1016,592,1,0.019164067
Warm C,472836,2907,2906,1016,592,0,0.017095199
Warm C,467040,2878,2877,1016,592,1,0.012120409
Warm C,450084,2775,2774,1016,592,0,0.00977841
Warm C,426714,2591,2590,1016,592,0,0.006805908
Warm C,419929,2537,2536,1016,592,0,0.013662406
Warm C,418920,2529,2528,1016,592,1,0.020166047
Warm C,427069,2592,2591,1016,592,1,0.007938655
Warm C,400719,2386,2385,1016,592,0,0.0070515885
Warm C,387359,2264,2263,1016,592,1,0.00342081
Warm C,383509,2241,2240,1016,592,0,0.009600613
Warm C,376926,2201,2200,1016,592,1,0.006146603
Warm C,376661,2198,2197,1016,592,0,0.011593921
Warm C,377424,2203,2202,1016,592,1,0.0148166325
Warm C,374367,2181,2180,1016,592,0,0.021166129
Warm C,368909,2156,2155,1016,592,0,0.015608733
Warm C,345189,2024,2023,1016,592,0,0.0005321584
Warm C,334015,1969,1968,1016,592,1,0.014152684
Warm C,313671,1872,1871,1016,592,1,0.012434581
Warm C,297695,1764,1763,1016,592,1,0.008477125
Warm C,299194,1776,1775,1016,592,0,0.010913374
Warm C,286322,1709,1708,1016,592,1,0.008702927
Warm C,268614,1631,1630,1016,592,1,0.0075281723
Warm C,267433,1625,1624,1016,592,0,-0.010533541
Warm C,345535,2026,2025,1016,592,0,0.0045332927
Warm C,436657,2665,2664,1016,592,0,0.027177704
Warm C,266032,1613,1612,1016,592,1,0.0071076173
Warm C,231754,1404,1403,1016,592,0,0.0073180096
Warm C,242984,1465,1464,1016,592,0,0.0054735034
Warm C,225437,1364,1363,1016,592,0,-0.004811704
Warm C,225823,1367,1366,1016,592,0,0.005022566
Warm C,357674,2092,2091,1016,592,0,0.003845612
Warm C,305107,1812,1811,1016,592,1,0.017377432
Warm C,276429,1671,1670,1016,592,1,0.015893731
Warm C,279824,1680,1679,1016,592,1,0.0061664325
Warm C,328610,1941,1940,1016,592,1,0.009896764
Warm C,188451,1169,1168,1016,592,0,0.011387885
Warm C,316377,1883,1882,1016,592,0,0.0060861013
Warm C,346367,2030,2029,1016,592,0,0.012971995
Warm C,272361,1645,1644,1016,592,1,0.008295647
Warm C,337196,1983,1982,1016,592,1,0.004026347
Warm C,130871,849,848,1016,592,0,0.008303979
Warm C,248991,1501,1500,1016,592,1,0.012692998
Warm C,127384,822,821,1016,592,1,0.008325076
Warm C,315521,1880,1879,1016,592,0,0.010989407
Warm C,124323,800,799,1016,592,1,0.0059678247
Warm C,361065,2106,2105,1016,592,0,0.01250739
Warm C,118133,764,763,1016,592,0,0.0033098136
Warm C,115519,749,748,1016,592,0,0.011864155
Warm C,263628,1605,1604,1016,592,0,0.010041328
Warm C,178348,1120,1119,1016,592,1,0.00672668
Warm C,109424,714,713,1016,592,1,0.0073886355
Warm C,93861,629,628,1016,592,1,0.0030944156
Warm C,284467,1698,1697,1016,592,0,0.015508993
Warm C,153273,984,983,1016,592,0,0.0154128
Warm C,86812,566,565,1016,592,0,0.0057459306
Warm C,85324,556,555,1016,592,1,0.0066238493
Warm C,191374,1181,1180,1016,592,0,0.018186431
Warm C,83471,549,548,1016,592,1,0.017751124
Warm C,84464,550,549,1016,592,1,0.016976051
Warm C,119481,770,769,1016,592,0,0.016457623
Warm C,70909,476,475,1016,592,1,0.0062546623
Warm C,627045,3792,3791,1016,592,0,0.012020229
Warm C,46002,308,307,1016,592,0,0.009437656
Warm C,38963,264,263,1016,592,0,0.012379978
Warm C,32181,216,215,1016,592,1,0.0067543415
Warm C,368489,2153,2152,1016,592,0,0.008195679
Warm C,28861,198,197,1016,592,0,0.014700133
Warm C,270177,1635,1634,1016,592,1,0.014209654
Warm C,17296,135,134,1016,592,0,-0.0016877309
Warm C,592166,3610,3609,1016,592,0,0.0073192213
Warm C,8090,54,53,1016,592,0,0.006884682
Warm C,6287,45,44,1016,592,0,0.011238864
Warm C,6916,48,47,1016,592,0,0.010363504
Warm C,972,10,9,1016,592,1,0.01216298
Warm C,234316,1422,1421,1016,592,0,0.014113689
Warm C,19514,148,147,1016,592,0,0.007711692
Warm C,326190,1930,1929,1016,592,0,0.012014711
Warm C,348198,2041,2040,1016,592,0,0.017692203
Warm C,273216,1647,1646,1016,592,0,0.012538163
Warm C,60813,411,410,1016,592,0,0.009719751
Warm C,622341,3768,3767,1016,592,0,0.009053376
Warm C,257892,1579,1578,1016,592,1,0.012691365
Warm C,830019,4983,4982,1016,592,0,0.00033056887
Warm C,905553,5475,5474,1016,592,1,0.016675506
Warm C,134547,869,868,1016,592,0,0.0068516666
Warm C,217289,1317,1316,1016,592,0,0.0033088075
Warm C,235213,1425,1424,1016,592,0,0.006844696
Warm C,709996,4258,4257,1016,592,1,0.007980049
Warm C,462716,2854,2853,1018,594,0,0.019882372
Warm C,430577,2624,2623,1018,594,1,0.016045284
Warm C,446992,2753,2752,1018,594,0,0.01615465
Warm C,418924,2529,2528,1018,594,1,0.019712634
Warm C,383511,2241,2240,1018,594,0,-0.00024290918
Warm C,377427,2203,2202,1018,594,1,0.019345677
Warm C,368911,2156,2155,1018,594,0,0.014932621
Warm C,345536,2026,2025,1018,594,0,0.0058768117
Warm C,341785,2012,2011,1018,594,0,0.014412118
Warm C,340899,2010,2009,1018,594,0,0.003025353
Warm C,295746,1755,1754,1018,594,0,0.013350519
Warm C,286323,1709,1708,1018,594,1,0.011187727
Warm C,273526,1648,1647,1018,594,0,0.0057795504
Warm C,268615,1631,1630,1018,594,1,0.011568159
Warm C,236486,1434,1433,1018,594,0,0.0017340651
Warm C,222950,1350,1349,1018,594,1,0.008098183
Warm C,276431,1671,1670,1018,594,1,0.018475953
Warm C,273220,1647,1646,1018,594,0,0.024763668
Warm C,279828,1680,1679,1018,594,1,0.013318873
Warm C,220015,1333,1332,1018,594,0,0.013957155
Warm C,328615,1941,1940,1018,594,1,0.023911687
Warm C,189897,1178,1177,1018,594,0,0.0067396117
Warm C,173823,1100,1099,1018,594,0,-0.00072217593
Warm C,346370,2030,2029,1018,594,0,0.022709556
Warm C,165334,1053,1052,1018,594,0,0.012612754
Warm C,272363,1645,1644,1018,594,1,0.013673354
Warm C,342756,2015,2014,1018,594,0,0.028268956
Warm C,156024,1004,1003,1018,594,0,0.009956621
Warm C,162369,1034,1033,1018,594,0,0.009644634
Warm C,185710,1150,1149,1018,594,0,0.026673695
Warm C,138743,889,888,1018,594,0,0.02575367
Warm C,127385,822,821,1018,594,1,0.015946647
Warm C,263630,1605,1604,1018,594,0,0.019730985
Warm C,124325,800,799,1018,594,1,0.021870963
Warm C,112677,731,730,1018,594,1,0.019820033
Warm C,178351,1120,1119,1018,594,1,0.021342155
Warm C,211287,1285,1284,1018,594,1,0.018654156
Warm C,714141,4277,4276,1018,594,1,0.016020397
Warm C,363355,2116,2115,1018,594,1,0.023299754
Warm C,109427,714,713,1018,594,1,0.01655712
Warm C,93863,629,628,1018,594,1,0.0014031943
Warm C,95561,639,638,1018,594,0,0.015444759
Warm C,284470,1698,1697,1018,594,1,0.017808383
Warm C,153276,984,983,1018,594,0,0.02688441
Warm C,85326,556,555,1018,594,1,0.010400255
Warm C,191379,1181,1180,1018,594,0,0.014567371
Warm C,82318,546,545,1018,594,0,0.02263347
Warm C,119483,770,769,1018,594,0,0.014759294
Warm C,73174,494,493,1018,594,1,0.0050638695
Warm C,70910,476,475,1018,594,1,0.009575572
Warm C,64747,434,433,1018,594,0,0.0033879408
Warm C,228506,1383,1382,1018,594,0,0.02406799
Warm C,36582,245,244,1018,594,0,0.020313442
Warm C,14088,114,113,1018,594,1,0.005112566
Warm C,13696,109,108,1018,594,0,0.0052081533
Warm C,10535,75,74,1018,594,1,0.0061898325
Warm C,6289,45,44,1018,594,0,0.00895809
Warm C,60818,411,410,1018,594,0,0.01879473
Warm C,240461,1449,1448,1018,594,0,0.024629792
Warm C,633558,3824,3823,1018,594,0,0.022933511
Warm C,115521,749,748,1018,594,0,0.013474286
Warm C,134549,869,868,1018,594,0,0.019034173
Warm C,697737,4169,4168,1018,594,1,0.0355165
Warm C,533622,3292,3291,1024,600,1,0.009440131
Warm C,529997,3272,3271,1024,600,1,0.0043223193
Warm C,697752,4169,4168,1024,600,1,0.013305452
Warm C,456593,2810,2809,1024,600,1,-0.0041013015
Warm C,418948,2529,2528,1024,600,0,0.0091187265
Warm C,373580,2180,2179,1024,600,0,0.0055350913
Warm C,368923,2156,2155,1024,600,0,0.016303644
Warm C,364189,2121,2120,1024,600,0,-0.0008412476
Warm C,353017,2067,2066,1024,600,1,0.00775872
Warm C,341801,2012,2011,1024,600,0,0.0011471417
Warm C,335102,1977,1976,1024,600,1,-0.00024791347
Warm C,327042,1938,1937,1024,600,0,0.003051937
Warm C,300553,1780,1779,1024,600,0,0.008695675
Warm C,277968,1676,1675,1024,600,1,0.0053251926
Warm C,269262,1632,1631,1024,600,0,0.012106518
Warm C,343229,2016,2015,1024,600,1,0.017517375
Warm C,235233,1425,1424,1024,600,1,0.006070556
Warm C,237230,1442,1441,1024,600,0,-0.0002079606
Warm C,216093,1311,1310,1024,600,1,0.0077433656
Warm C,213970,1299,1298,1024,600,1,0.0041900924
Warm C,279869,1680,1679,1024,600,1,0.0043721916
Warm C,273241,1647,1646,1024,600,0,0.012957373
Warm C,592179,3610,3609,1024,600,0,0.0041718055
Warm C,235889,1427,1426,1024,600,0,0.015251499
Warm C,293293,1746,1745,1024,600,0,0.0073553794
Warm C,328658,1941,1940,1024,600,0,0.014121801
Warm C,196719,1207,1206,1024,600,1,0.007295256
Warm C,173834,1100,1099,1024,600,0,0.003926306
Warm C,346384,2030,2029,1024,600,0,0.01568708
Warm C,249005,1501,1500,1024,600,1,0.008869746
Warm C,168053,1068,1067,1024,600,0,0.013877056
Warm C,162380,1034,1033,1024,600,0,0.0092949895
Warm C,156036,1004,1003,1024,600,0,0.0045714537
Warm C,277151,1675,1674,1024,600,1,0.0027141138
Warm C,134566,869,868,1024,600,1,-0.008036332
Warm C,128793,836,835,1024,600,0,0.0057179565
Warm C,263655,1605,1604,1024,600,0,0.00016183872
Warm C,121313,780,779,1024,600,0,0.0020992022
Warm C,99355,662,661,1024,600,0,0.0025476816
Warm C,152341,980,979,1024,600,1,-0.004847359
Warm C,109435,714,713,1024,600,1,0.0021886444
Warm C,93871,629,628,1024,600,0,0.0033964391
Warm C,94486,634,633,1024,600,1,0.00044518407
Warm C,92227,614,613,1024,600,0,-0.001245458
Warm C,86244,563,562,1024,600,0,0.009806331
Warm C,85333,556,555,1024,600,1,-0.0020052372
Warm C,84489,550,549,1024,600,1,0.008995532
Warm C,132669,855,854,1024,600,0,0.0007983707
Warm C,26166,186,185,1024,600,1,0.00021165656
Warm C,18120,139,138,1024,600,0,0.0050088596
Warm C,13943,112,111,1024,600,0,0.003626874
Warm C,10811,78,77,1024,600,1,0.0052783834
Warm C,234341,1422,1421,1024,600,0,0.010320586
Warm C,251949,1524,1523,1024,600,0,0.004230417
Warm C,326199,1930,1929,1024,600,0,0.001761015
Warm C,386177,2258,2257,1024,600,1,0.0044226903
Warm C,12083,92,91,1024,600,0,0.0008429354
Warm C,102598,678,677,1024,600,1,-0.0018676706
Warm C,50665,333,332,1024,600,1,0.0061886525
Warm C,40056,271,270,1024,600,1,0.0069884574
Warm C,959106,5787,5786,1024,600,0,0.013942827
Warm C,285501,1701,1700,1024,600,0,0.012617448
Warm C,255622,1556,1555,1024,600,0,0.00609241
Warm C,352292,2063,2062,1024,600,1,0.008318104
Warm C,657664,3963,3962,1024,600,1,0.009413153
Warm C,700059,4186,4185,1024,600,0,0.021913534
Warm C,609753,3695,3694,1034,609,1,0.005578428
Warm C,608056,3689,3688,1034,609,0,0.006249353
Warm C,598397,3641,3640,1034,609,1,0.01179855
Warm C,594987,3620,3619,1034,609,1,0.007038691
Warm C,590871,3603,3602,1034,609,0,-0.0028807744
Warm C,759379,4510,4509,1034,609,1,0.009655123
Warm C,570096,3498,3497,1034,609,1,-0.0009074953
Warm C,569981,3497,3496,1034,609,1,0.012534285
Warm C,557887,3425,3424,1034,609,0,9.37439e-05
Warm C,555961,3416,3415,1034,609,1,0.0027383473
Warm C,536274,3308,3307,1034,609,1,0.0005744612
Warm C,528353,3265,3264,1034,609,0,0.0011395838
Warm C,524109,3230,3229,1034,609,0,0.0083421515
Warm C,518163,3197,3196,1034,609,1,0.006102882
Warm C,567057,3481,3480,1034,609,1,0.0039532008
Warm C,500773,3075,3074,1034,609,0,0.0036853775
Warm C,714170,4277,4276,1034,609,1,0.012936467
Warm C,496655,3051,3050,1034,609,0,0.0033930878
Warm C,482890,2967,2966,1034,609,1,0.00577668
Warm C,475312,2917,2916,1034,609,0,0.005089032
Warm C,474091,2909,2908,1034,609,0,0.002454253
Warm C,471465,2900,2899,1034,609,1,0.0150890965
Warm C,880221,5317,5316,1034,609,1,0.009526769
Warm C,458273,2820,2819,1034,609,1,0.0041268086
Warm C,446546,2752,2751,1034,609,1,0.0009114193
Warm C,441389,2703,2702,1034,609,0,0.006979588
Warm C,833101,5008,5007,1034,609,0,0.008406194
Warm C,413019,2484,2483,1034,609,0,0.017336383
Warm C,408424,2453,2452,1034,609,1,0.0026860884
Warm C,403889,2413,2412,1034,609,0,0.010145346
Warm C,402513,2402,2401,1034,609,0,0.007435713
Warm C,400782,2387,2386,1034,609,0,0.0069291275
Warm C,394302,2323,2322,1034,609,1,0.010669584
Warm C,390188,2288,2287,1034,609,1,0.009543154
Warm C,378493,2208,2207,1034,609,0,0.009456726
Warm C,372698,2176,2175,1034,609,1,0.007219777
Warm C,368503,2153,2152,1034,609,1,0.00018303539
Warm C,364981,2124,2123,1034,609,1,0.009951601
Warm C,349627,2051,2050,1034,609,1,0.016315226
Warm C,340933,2010,2009,1034,609,0,0.0014769994
Warm C,329573,1943,1942,1034,609,1,0.0066821296
Warm C,313922,1874,1873,1034,609,1,-0.0028578122
Warm C,323287,1916,1915,1034,609,1,0.00633603
Warm C,300939,1785,1784,1034,609,0,0.0004945623
Warm C,287866,1717,1716,1034,609,1,0.005735755
Warm C,284512,1698,1697,1034,609,1,0.004460588
Warm C,282091,1692,1691,1034,609,1,0.004626295
Warm C,279916,1680,1679,1034,609,1,0.0032467186
Warm C,274537,1658,1657,1034,609,1,0.012066128
Warm C,262606,1601,1600,1034,609,1,0.012019161
Warm C,236092,1430,1429,1034,609,1,0.009866264
Warm C,209264,1278,1277,1034,609,0,0.00929158
Warm C,208965,1274,1273,1034,609,1,0.005255776
Warm C,215098,1303,1302,1034,609,1,0.009429768
Warm C,271118,1639,1638,1034,609,1,-0.0014171185
Warm C,357947,2094,2093,1034,609,1,0.004305823
Warm C,308920,1837,1836,1034,609,1,0.007959161
Warm C,186696,1155,1154,1034,609,1,0.007761136
Warm C,181333,1133,1132,1034,609,0,0.0069159046
Warm C,168074,1068,1067,1034,609,1,0.014000079
Warm C,157240,1010,1009,1034,609,1,0.0059453556
Warm C,158654,1015,1014,1034,609,1,0.0064742686
Warm C,147127,948,947,1034,609,1,0.008158801
Warm C,185772,1150,1149,1034,609,0,0.014609937
Warm C,133483,862,861,1034,609,1,-0.000369412
Warm C,131352,850,849,1034,609,0,0.0048336578
Warm C,352331,2063,2062,1034,609,0,0.016530503
Warm C,127832,824,823,1034,609,1,0.0029535186
Warm C,132690,855,854,1034,609,0,0.010421401
Warm C,115003,746,745,1034,609,0,0.01260445
Warm C,105279,696,695,1034,609,1,-0.00037471275
Warm C,100332,669,668,1034,609,1,0.010267902
Warm C,295055,1752,1751,1034,609,1,0.009944228
Warm C,111057,721,720,1034,609,1,0.0046660947
Warm C,91696,608,607,1034,609,0,0.0052828593
Warm C,115544,749,748,1034,609,0,0.00408581
Warm C,191440,1181,1180,1034,609,0,0.019047258
Warm C,77875,524,523,1034,609,1,0.0059898114
Warm C,197470,1211,1210,1034,609,1,0.0070146876
Warm C,116590,752,751,1034,609,1,0.0015829152
Warm C,68883,461,460,1034,609,0,0.007155212
Warm C,64376,429,428,1034,609,0,0.006407623
Warm C,59206,402,401,1034,609,0,0.0047897836
Warm C,48887,327,326,1034,609,0,0.00594566
Warm C,317937,1889,1888,1034,609,0,0.002874513
Warm C,44697,302,301,1034,609,0,0.00861414
Warm C,42127,285,284,1034,609,1,-0.0010706277
Warm C,26523,187,186,1034,609,1,-0.0006082915
Warm C,33608,225,224,1034,609,0,0.009503912
Warm C,224341,1356,1355,1034,609,1,0.00029193098
Warm C,437281,2669,2668,1034,609,1,0.0008184132
Warm C,795051,4757,4756,1034,609,0,0.0010134255
Warm C,558680,3430,3429,1034,609,0,0.0047548986
Warm C,24472,173,172,1034,609,0,-0.0010132983
Warm C,771917,4600,4599,1034,609,1,0.011913165
Warm C,416922,2507,2506,1034,609,1,0.008609825
Warm C,460855,2841,2840,1034,609,1,0.0057282057
Warm C,290531,1733,1732,1034,609,0,6.2830746e-05
Warm C,164852,1051,1050,1034,609,1,0.00037236977
Warm C,2709,22,21,1034,609,1,0.0045836526
Warm C,309795,1842,1841,1034,609,1,0.012275023
Warm C,238266,1447,1446,1034,609,1,0.008567566
Warm C,513143,3163,3162,1034,609,1,0.006847462
Warm C,941819,5682,5681,1034,609,1,-0.0045638294
Warm C,261962,1599,1598,1034,609,0,0.0111019425
Warm C,193902,1194,1193,1034,609,0,0.0042111888
Warm C,172076,1088,1087,1034,609,0,0.0052895634
Warm C,937433,5654,5653,1034,609,1,0.00010899617
Warm C,550582,3391,3390,1034,609,1,-0.0011871406
Warm C,408441,2453,2452,1043,615,0,0.013513114
Warm C,404746,2419,2418,1043,615,0,0.007046045
Warm C,379593,2219,2218,1043,615,0,0.00432506
Warm C,364465,2123,2122,1043,615,1,-0.0049260133
Warm C,352367,2063,2062,1043,615,1,0.015405301
Warm C,279970,1680,1679,1043,615,0,0.009704972
Warm C,338379,1988,1987,1043,615,0,0.00036080717
Warm C,189651,1175,1174,1043,615,0,0.004439474
Warm C,186791,1156,1155,1043,615,0,0.0025119842
Warm C,185796,1150,1149,1043,615,0,0.006644766
Warm C,331953,1958,1957,1043,615,0,0.0084091015
Warm C,263710,1605,1604,1043,615,0,0.011825479
Warm C,221649,1340,1339,1043,615,0,0.0021615284
Warm C,138848,889,888,1043,615,0,0.019105714
Warm C,136949,881,880,1043,615,0,0.012762818
Warm C,132121,854,853,1043,615,0,0.0056689056
Warm C,223803,1354,1353,1043,615,0,0.003195086
Warm C,103534,687,686,1043,615,0,0.007225085
Warm C,361132,2106,2105,1043,615,0,0.0033333842
Warm C,87346,570,569,1043,615,1,0.006013687
Warm C,239348,1448,1447,1043,615,0,0.013450666
Warm C,78698,528,527,1043,615,1,0.0065621166
Warm C,132708,855,854,1043,615,0,0.012952523
Warm C,697799,4169,4168,1043,615,1,0.012428575
Warm C,39622,268,267,1043,615,0,0.008493365
Warm C,199907,1227,1226,1043,615,1,0.0040757474
Warm C,26541,187,186,1043,615,1,-0.0020392546
Warm C,21312,156,155,1043,615,1,0.009781837
Warm C,7907,53,52,1043,615,1,-0.0040514516
Warm C,6346,45,44,1043,615,0,0.0152247455
Warm C,470,6,5,1043,615,1,-0.0038069235
Warm C,20888,151,150,1043,615,0,0.0053388095
Warm C,79749,531,530,1043,615,0,0.0074542314
Warm C,682779,4085,4084,1043,615,0,0.0075396392
Warm C,164874,1051,1050,1043,615,0,0.009058148
Warm C,145113,934,933,1043,615,0,-0.0011984282
Warm C,204765,1260,1259,1043,615,0,0.010916702
Warm C,195768,1203,1202,1043,615,0,0.016581688
Warm C,336383,1980,1979,1043,615,0,0.002227705
Warm C,720654,4312,4311,1043,615,0,0.005708574
Warm C,476494,2926,2925,1043,615,0,0.005819505
Warm C,565799,3475,3474,1043,615,0,0.0046168906
Warm C,769148,4579,4578,1043,615,0,0.0066588265
Warm C,545404,3363,3362,1043,615,1,0.012059566
Warm C,217350,1317,1316,1043,615,0,0.0034888028
Warm C,832060,5001,5000,1043,615,1,0.004169126
Warm C,877565,5302,5301,1043,615,0,0.0023118583
Warm C,719046,4305,4304,1043,615,0,0.023577414
Warm C,307738,1835,1834,1046,616,1,0.02313648
Warm C,181670,1135,1134,1046,616,1,0.009113387
Warm C,258615,1584,1583,1046,616,1,0.014376108
Warm C,139496,891,890,1046,616,0,0.016339727
Warm C,138851,889,888,1046,616,1,0.025433587
Warm C,133092,858,857,1046,616,1,0.018716767
Warm C,117930,760,759,1046,616,1,0.011868123
Warm C,101017,673,672,1046,616,1,0.004936387
Warm C,88111,580,579,1046,616,0,0.011503689
Warm C,85691,558,557,1046,616,1,0.011335929
Warm C,49620,329,328,1046,616,0,0.021083513
Warm C,33631,225,224,1046,616,1,0.023688868
Warm C,199908,1227,1226,1046,616,1,0.0143577615
Warm C,23218,166,165,1046,616,1,0.013440807
Warm C,16007,126,125,1046,616,1,0.008262719
Warm C,7911,53,52,1046,616,1,0.013049624
Warm C,300,5,4,1046,616,1,0.014049671
Warm C,785867,4697,4696,1046,616,1,0.004814547
Warm C,796395,4771,4770,1046,616,1,0.025770398
Warm C,206494,1265,1264,1046,616,1,0.019918857
Warm C,361133,2106,2105,1046,616,1,0.021080645
Warm C,23831,169,168,1046,616,0,0.027493432
Warm C,261273,1597,1596,1046,616,0,0.013091123
Warm C,24494,173,172,1046,616,0,0.018862907
Warm C,116930,753,752,1046,616,1,0.010359568
Warm C,454742,2796,2795,1046,616,1,0.012977772
Warm C,328755,1941,1940,1046,616,1,0.022834033
Warm C,331031,1954,1953,1046,616,1,0.0071838945
Warm C,907106,5488,5487,1046,616,1,0.021839455
Warm C,27616,193,192,1046,616,0,0.0146943
Warm C,580669,3546,3545,1050,619,0,0.02216382
Warm C,513967,3171,3170,1050,619,1,0.0071869725
Warm C,548625,3386,3385,1050,619,0,-0.0010033322
Warm C,506910,3118,3117,1050,619,1,0.013534239
Warm C,505713,3110,3109,1050,619,0,0.00754663
Warm C,493592,3031,3030,1050,619,1,0.008137743
Warm C,475220,2916,2915,1050,619,1,0.008069726
Warm C,454384,2795,2794,1050,619,1,0.0034568752
Warm C,442500,2724,2723,1050,619,1,0.010240033
Warm C,431481,2628,2627,1050,619,0,0.0077406587
Warm C,428668,2608,2607,1050,619,0,0.0035037263
Warm C,429324,2611,2610,1050,619,1,0.0070830914
Warm C,413476,2486,2485,1050,619,1,0.003920914
Warm C,388655,2276,2275,1050,619,1,-0.0014704538
Warm C,372163,2173,2172,1050,619,1,0.008873619
Warm C,352391,2063,2062,1050,619,1,0.019648977
Warm C,346727,2031,2030,1050,619,1,0.008722948
Warm C,357733,2092,2091,1050,619,0,0.010819148
Warm C,333186,1967,1966,1050,619,1,0.0023756083
Warm C,334804,1974,1973,1050,619,1,0.013682166
Warm C,325064,1925,1924,1050,619,1,0.00065489206
Warm C,282101,1692,1691,1050,619,1,0.008439481
Warm C,276489,1671,1670,1050,619,0,0.007320583
Warm C,267682,1626,1625,1050,619,1,0.0056914757
Warm C,304170,1806,1805,1050,619,1,0.0013468032
Warm C,303144,1800,1799,1050,619,1,0.004208682
Warm C,232196,1408,1407,1050,619,0,0.00700084
Warm C,229005,1387,1386,1050,619,1,0.01647707
Warm C,329603,1943,1942,1050,619,1,0.010952648
Warm C,320369,1899,1898,1050,619,1,-0.00030759058
Warm C,221665,1340,1339,1050,619,0,0.009687092
Warm C,211411,1285,1284,1050,619,1,0.010446939
Warm C,206101,1264,1263,1050,619,1,0.008369145
Warm C,200700,1232,1231,1050,619,1,0.0016050681
Warm C,342842,2015,2014,1050,619,1,0.0066386494
Warm C,374450,2181,2180,1050,619,1,0.01862046
Warm C,185817,1150,1149,1050,619,1,0.019786455
Warm C,316415,1883,1882,1050,619,1,0.003238786
Warm C,183370,1141,1140,1050,619,1,0.003915878
Warm C,307754,1835,1834,1050,619,1,0.018293919
Warm C,188338,1168,1167,1050,619,1,0.0030445033
Warm C,168709,1069,1068,1050,619,1,0.0028597575
Warm C,191504,1181,1180,1050,619,1,0.013531437
Warm C,244920,1474,1473,1050,619,1,0.004872231
Warm C,158709,1015,1014,1050,619,1,0.0043846713
Warm C,270247,1635,1634,1050,619,1,0.01027092
Warm C,139499,891,890,1050,619,1,0.0042317566
Warm C,138872,889,888,1050,619,1,0.012085742
Warm C,147991,953,952,1050,619,1,0.004147182
Warm C,245917,1484,1483,1050,619,0,-0.0014496064
Warm C,180485,1128,1127,1050,619,0,0.0038266792
Warm C,127954,826,825,1050,619,1,-0.0076165036
Warm C,116626,752,751,1050,619,1,0.011313286
Warm C,106341,699,698,1050,619,1,0.0075715166
Warm C,223810,1354,1353,1050,619,1,-0.0022842602
Warm C,100351,669,668,1050,619,1,8.776784e-05
Warm C,97995,655,654,1050,619,1,0.004750805
Warm C,84555,550,549,1050,619,0,0.010585543
Warm C,77926,524,523,1050,619,1,0.013317274
Warm C,197486,1211,1210,1050,619,1,-0.0027088653
Warm C,72374,482,481,1050,619,1,0.002889008
Warm C,54820,358,357,1050,619,0,0.008182406
Warm C,46911,314,313,1050,619,0,0.006127367
Warm C,34817,235,234,1050,619,0,0.008041346
Warm C,32757,222,221,1050,619,1,0.00917811
Warm C,440215,2691,2690,1050,619,1,0.0074212337
Warm C,26555,187,186,1050,619,1,0.001168749
Warm C,947799,5722,5721,1050,619,0,-0.0048297285
Warm C,33641,225,224,1050,619,1,0.012490126
Warm C,210350,1284,1283,1050,619,0,0.0038879914
Warm C,211705,1287,1286,1050,619,1,0.0015523678
Warm C,9412,62,61,1050,619,1,-0.0013345198
Warm C,24505,173,172,1050,619,1,0.0028809852
Warm C,160457,1019,1018,1050,619,1,0.013144351
Warm C,286921,1712,1711,1050,619,0,0.002953552
Warm C,967577,5831,5830,1050,619,1,0.0060464763
Warm C,249969,1505,1504,1050,619,1,0.0067933653
Warm C,460876,2841,2840,1050,619,1,0.0049470495
Warm C,265315,1611,1610,1050,619,1,0.00382188
Warm C,309814,1842,1841,1050,619,1,0.002866233
Warm C,229434,1389,1388,1050,619,1,0.007183265
Warm C,285543,1701,1700,1050,619,0,0.004607516
Warm C,217363,1317,1316,1050,619,1,0.015954772
Warm C,172120,1088,1087,1050,619,1,0.011707095
Warm C,739616,4418,4417,1050,619,0,0.00060082716
Warm C,461664,2847,2846,1050,619,0,0.013080458
Warm C,179271,1124,1123,1051,620,1,0.0040394333
Warm C,168710,1069,1068,1051,620,1,0.012492383
Warm C,258626,1584,1583,1051,620,1,0.0074725393
Warm C,191507,1181,1180,1051,620,0,0.010310983
Warm C,320371,1899,1898,1051,620,0,0.015675299
Warm C,221666,1340,1339,1051,620,0,0.0036952225
Warm C,271146,1639,1638,1051,620,1,0.0030224174
Warm C,195783,1203,1202,1051,620,1,0.0030103119
Warm C,157278,1010,1009,1051,620,1,0.0074392008
Warm C,714208,4277,4276,1051,620,1,0.00063309027
Warm C,138875,889,888,1051,620,0,0.0068096207
Warm C,263725,1605,1604,1051,620,0,0.0076665003
Warm C,779144,4653,4652,1051,620,0,0.0013319673
Warm C,697827,4169,4168,1051,620,0,0.01161205
Warm C,83570,549,548,1051,620,1,0.012958298
Warm C,77927,524,523,1051,620,1,0.011595577
Warm C,72375,482,481,1051,620,1,0.013996806
Warm C,70291,474,473,1051,620,1,0.0030266782
Warm C,240570,1449,1448,1051,620,1,0.0077947336
Warm C,132721,855,854,1051,620,1,0.0088998405
Warm C,41556,283,282,1051,620,1,0.0023641833
Warm C,38386,261,260,1051,620,0,0.008360779
Warm C,33642,225,224,1051,620,1,0.011459037
Warm C,23227,166,165,1051,620,0,0.005736598
Warm C,7928,53,52,1051,620,0,0.0062316293
Warm C,207173,1266,1265,1051,620,0,0.009209691
Warm C,50334,331,330,1051,620,1,-0.007132613
Warm C,158712,1015,1014,1051,620,1,0.009050339
Warm C,65594,438,437,1051,620,1,0.0011016859
Warm C,129717,839,838,1051,620,1,0.012940261
Warm C,893512,5394,5393,1051,620,0,0.012613898
Warm C,778396,4647,4646,1051,620,0,0.0049331393
Warm C,497434,3054,3053,1051,620,0,0.0070650503
Warm C,960465,5792,5791,1051,620,1,0.0042385827
Warm C,375742,2188,2187,1051,620,0,0.004616029
Warm C,59962,408,407,1051,620,1,-0.002461972
Warm C,633667,3824,3823,1051,620,0,0.0056811734
Warm C,290573,1733,1732,1051,620,1,0.006331941
Warm C,697833,4169,4168,1054,621,1,0.026782032
Warm C,87352,570,569,1054,621,0,0.009693546
Warm C,191512,1181,1180,1054,621,0,0.023785159
Warm C,77932,524,523,1054,621,1,0.030260723
Warm C,60237,409,408,1054,621,0,0.010054551
Warm C,59226,402,401,1054,621,1,0.008724997
Warm C,54014,352,351,1054,621,1,0.022268398
Warm C,47686,319,318,1054,621,0,0.010617212
Warm C,45057,303,302,1054,621,1,0.011060663
Warm C,257967,1579,1578,1054,621,0,0.022412322
Warm C,35372,238,237,1054,621,1,0.008132571
Warm C,88982,587,586,1054,621,0,0.022600327
Warm C,29320,199,198,1054,621,0,0.0046559554
Warm C,26556,187,186,1054,621,1,0.004349162
Warm C,7190,49,48,1054,621,1,0.0055308454
Warm C,223816,1354,1353,1054,621,1,0.011498451
Warm C,158717,1015,1014,1054,621,0,0.017904457
Warm C,242010,1457,1456,1054,621,1,0.016204156
Warm C,116630,752,751,1054,621,1,0.025502209
Warm C,245921,1484,1483,1054,621,1,0.00037494325
Warm C,215729,1306,1305,1054,621,1,0.01208118
Warm C,597608,3635,3634,1066,627,1,0.008652315
Warm C,697865,4169,4168,1066,627,1,0.010911665
Warm C,586035,3577,3576,1066,627,1,-0.0030353507
Warm C,586290,3578,3577,1066,627,1,0.0044042277
Warm C,580294,3544,3543,1066,627,1,0.003336825
Warm C,567068,3481,3480,1066,627,1,-0.0024909242
Warm C,560541,3445,3444,1066,627,1,0.00012312643
Warm C,553073,3402,3401,1066,627,1,0.0035125837
Warm C,544951,3360,3359,1066,627,1,0.009927485
Warm C,533706,3292,3291,1066,627,1,0.0058547733
Warm C,529287,3271,3270,1066,627,0,0.0041007614
Warm C,524261,3231,3230,1066,627,1,0.002495516
Warm C,616737,3732,3731,1066,627,0,0.000324863
Warm C,506937,3118,3117,1066,627,1,0.0035311363
Warm C,769165,4579,4578,1066,627,0,0.00082136784
Warm C,496239,3049,3048,1066,627,1,0.009007992
Warm C,492215,3026,3025,1066,627,1,0.01548687
Warm C,491859,3025,3024,1066,627,1,-0.002693957
Warm C,479019,2939,2938,1066,627,1,0.006258046
Warm C,530612,3278,3277,1066,627,1,0.0025342829
Warm C,474847,2913,2912,1066,627,1,0.014668401
Warm C,469294,2889,2888,1066,627,1,0.0048705037
Warm C,755023,4497,4496,1066,627,0,0.0007871883
Warm C,459261,2826,2825,1066,627,1,0.01178602
Warm C,455975,2807,2806,1066,627,1,0.001098495
Warm C,448593,2764,2763,1066,627,1,0.012608003
Warm C,447060,2753,2752,1066,627,1,0.0024976102
Warm C,446036,2750,2749,1066,627,1,-0.001836272
Warm C,444013,2737,2736,1066,627,0,0.004032691
Warm C,439982,2689,2688,1066,627,1,0.0024980665
Warm C,431921,2631,2630,1066,627,1,0.026004834
Warm C,416999,2507,2506,1066,627,1,0.0083544105
Warm C,413484,2486,2485,1066,627,0,0.005602373
Warm C,403894,2413,2412,1066,627,0,-0.0014738019
Warm C,908457,5493,5492,1066,627,1,-0.0029692384
Warm C,400575,2383,2382,1066,627,1,0.0061728256
Warm C,396046,2340,2339,1066,627,1,0.007015279
Warm C,390944,2296,2295,1066,627,1,0.0042423424
Warm C,390803,2293,2292,1066,627,1,0.0049521765
Warm C,367270,2143,2142,1066,627,1,0.005394523
Warm C,357093,2091,2090,1066,627,1,0.0031192852
Warm C,353784,2072,2071,1066,627,1,0.009330094
Warm C,374491,2181,2180,1066,627,1,0.007863825
Warm C,347139,2036,2035,1066,627,1,0.0030628615
Warm C,346901,2034,2033,1066,627,1,0.007157996
Warm C,343817,2018,2017,1066,627,1,0.007577101
Warm C,342890,2015,2014,1066,627,0,0.013544888
Warm C,327275,1939,1938,1066,627,1,0.016874103
Warm C,295802,1755,1754,1066,627,1,-0.00029356172
Warm C,286036,1706,1705,1066,627,1,0.011892017
Warm C,284979,1699,1698,1066,627,1,0.004160146
Warm C,257149,1576,1575,1066,627,1,-0.0038436488
Warm C,259163,1586,1585,1066,627,1,0.003326457
Warm C,252087,1525,1524,1066,627,1,0.000808313
Warm C,252132,1526,1525,1066,627,1,-0.004707699
Warm C,244539,1472,1471,1066,627,1,-0.00021292595
Warm C,246518,1489,1488,1066,627,1,0.014535907
Warm C,258643,1584,1583,1066,627,0,-0.0027600722
Warm C,229012,1387,1386,1066,627,1,0.0046227826
Warm C,228613,1383,1382,1066,627,1,0.0068642776
Warm C,225442,1364,1363,1066,627,1,0.006666817
Warm C,218162,1322,1321,1066,627,1,-0.0017155921
Warm C,318215,1890,1889,1066,627,1,0.003379623
Warm C,209618,1279,1278,1066,627,1,0.0054761996
Warm C,209013,1274,1273,1066,627,0,0.0066896435
Warm C,206126,1264,1263,1066,627,0,0.0071213567
Warm C,203916,1254,1253,1066,627,1,0.012691334
Warm C,592243,3610,3609,1066,627,0,0.009608394
Warm C,199680,1224,1223,1066,627,1,0.0030894326
Warm C,193022,1191,1190,1066,627,1,0.0054605156
Warm C,212580,1294,1293,1066,627,1,-0.0041897404
Warm C,176582,1116,1115,1066,627,1,-0.0014375858
Warm C,169152,1073,1072,1066,627,1,0.001470637
Warm C,165844,1057,1056,1066,627,1,0.0014636887
Warm C,165065,1052,1051,1066,627,1,0.008357279
Warm C,162405,1034,1033,1066,627,1,0.0037774006
Warm C,156094,1004,1003,1066,627,0,0.007261655
Warm C,153874,989,988,1066,627,1,-0.0016428689
Warm C,144576,931,930,1066,627,1,0.000111323316
Warm C,185871,1150,1149,1066,627,1,0.008834741
Warm C,191566,1181,1180,1066,627,0,0.014147269
Warm C,347556,2038,2037,1066,627,0,0.014597604
Warm C,138934,889,888,1066,627,1,0.0044906056
Warm C,436766,2665,2664,1066,627,0,0.010637234
Warm C,319019,1896,1895,1066,627,1,-0.0026102643
Warm C,131390,850,849,1066,627,1,0.0072875256
Warm C,374928,2185,2184,1066,627,1,0.0027297833
Warm C,240624,1449,1448,1066,627,1,0.012306299
Warm C,112748,731,730,1066,627,1,0.0031394316
Warm C,583739,3562,3561,1066,627,0,0.0039967666
Warm C,105310,696,695,1066,627,1,0.006334504
Warm C,317110,1884,1883,1066,627,1,0.010056834
Warm C,314245,1875,1874,1066,627,1,0.011330154
Warm C,89890,591,590,1066,627,1,0.011155721
Warm C,89442,588,587,1066,627,1,0.005547147
Warm C,70001,473,472,1066,627,1,0.007031353
Warm C,61884,415,414,1066,627,1,0.0068348125
Warm C,56628,379,378,1066,627,1,-0.0025010293
Warm C,52862,348,347,1066,627,1,0.0069695474
Warm C,52639,346,345,1066,627,1,0.0043100365
Warm C,48913,327,326,1066,627,0,0.0009592157
Warm C,48205,323,322,1066,627,1,-0.0018062873
Warm C,12758,97,96,1066,627,1,0.006207306
Warm C,949318,5734,5733,1066,627,0,0.0063381996
Warm C,320402,1899,1898,1066,627,1,0.009932012
Warm C,421299,2544,2543,1066,627,1,0.0012281258
Warm C,171041,1087,1086,1066,627,1,0.001823632
Warm C,773920,4611,4610,1066,627,1,-0.003125854
Warm C,161456,1029,1028,1066,627,1,-0.0028336807
Warm C,10405,74,73,1066,627,1,-0.007137982
Warm C,287895,1717,1716,1066,627,1,0.0051673646
Warm C,172165,1088,1087,1066,627,1,0.0030390918
Warm C,748358,4467,4466,1066,627,1,0.0033709034
Warm C,63484,424,423,1066,627,1,0.007837003
Warm C,8867,59,58,1066,627,1,0.004474346
Warm C,441397,2703,2702,1069,628,1,0.0018111832
Warm C,438695,2680,2679,1069,628,1,0.0106618805
Warm C,421534,2546,2545,1069,628,0,0.00078284787
Warm C,420001,2537,2536,1069,628,1,0.008538757
Warm C,418211,2526,2525,1069,628,1,0.0021220436
Warm C,397448,2353,2352,1069,628,1,0.0075864424
Warm C,394677,2329,2328,1069,628,0,0.012318771
Warm C,390804,2293,2292,1069,628,1,0.0030511075
Warm C,379417,2218,2217,1069,628,1,0.0025839573
Warm C,364208,2121,2120,1069,628,1,0.00039723946
Warm C,353247,2069,2068,1069,628,1,0.0063073547
Warm C,357764,2092,2091,1069,628,1,-0.003973926
Warm C,342047,2014,2013,1069,628,1,0.002603167
Warm C,339736,2002,2001,1069,628,1,-0.0019018191
Warm C,323322,1916,1915,1069,628,0,0.0006117165
Warm C,229014,1387,1386,1069,628,1,0.0049369484
Warm C,208445,1273,1272,1069,628,1,0.009741439
Warm C,204274,1258,1257,1069,628,1,0.005886578
Warm C,193024,1191,1190,1069,628,1,0.0056807185
Warm C,182933,1140,1139,1069,628,1,0.00040608458
Warm C,181502,1134,1133,1069,628,1,0.012537701
Warm C,191570,1181,1180,1069,628,0,0.010175303
Warm C,165372,1053,1052,1069,628,1,0.008210094
Warm C,162406,1034,1033,1069,628,1,-0.0019246475
Warm C,161110,1026,1025,1069,628,0,-0.0005381332
Warm C,246519,1489,1488,1069,628,0,0.009220885
Warm C,144578,931,930,1069,628,1,0.0046703476
Warm C,138937,889,888,1069,628,1,0.0037075144
Warm C,80616,535,534,1069,628,0,-0.0059520663
Warm C,70966,476,475,1069,628,1,0.0038013656
Warm C,57792,391,390,1069,628,1,0.0074922196
Warm C,74087,504,503,1069,628,1,-0.00092341984
Warm C,45625,307,306,1069,628,1,0.008671504
Warm C,45122,304,303,1069,628,1,-0.003464034
Warm C,714244,4277,4276,1069,628,1,0.001466905
Warm C,25937,183,182,1069,628,0,-0.005015658
Warm C,482081,2962,2961,1069,628,0,0.0006231078
Warm C,13947,112,111,1069,628,1,0.0014198187
Warm C,12759,97,96,1069,628,1,0.0017120716
Warm C,592245,3610,3609,1069,628,0,-0.009673286
Warm C,1880,17,16,1069,628,1,0.0076104384
Warm C,253224,1539,1538,1069,628,1,-0.0018588646
Warm C,821769,4940,4939,1069,628,1,-0.007955752
Warm C,24545,173,172,1069,628,1,0.0041297004
Warm C,454763,2796,2795,1069,628,0,-0.0050131013
Warm C,388263,2271,2270,1069,628,1,0.0021396426
Warm C,421301,2544,2543,1069,628,1,0.0070215706
Warm C,172167,1088,1087,1069,628,0,0.00928175
Warm C,294001,1748,1747,1069,628,1,0.0042372956
Warm C,322780,1912,1911,1069,628,0,-0.003966147
Warm C,611496,3705,3704,1082,635,1,0.01625584
Warm C,595425,3621,3620,1082,635,1,0.0017251647
Warm C,590333,3600,3599,1082,635,1,0.0073621036
Warm C,581081,3547,3546,1082,635,0,0.0030169734
Warm C,714287,4277,4276,1082,635,1,0.005157613
Warm C,632126,3822,3821,1082,635,0,-0.007930929
Warm C,547049,3371,3370,1082,635,1,0.0014618608
Warm C,543546,3346,3345,1082,635,1,0.003732621
Warm C,539629,3319,3318,1082,635,0,0.0011039618
Warm C,534872,3300,3299,1082,635,1,0.006441078
Warm C,533746,3292,3291,1082,635,1,0.0072104344
Warm C,525748,3246,3245,1082,635,1,0.0032612775
Warm C,520949,3215,3214,1082,635,1,0.00019958965
Warm C,546257,3367,3366,1082,635,0,0.007643204
Warm C,485894,2990,2989,1082,635,0,-0.0012734412
Warm C,697918,4169,4168,1082,635,1,0.01731626
Warm C,477348,2929,2928,1082,635,1,0.010440288
Warm C,474858,2913,2912,1082,635,1,0.0023008904
Warm C,853019,5113,5112,1082,635,0,0.007744962
Warm C,467163,2878,2877,1082,635,0,0.0038924501
Warm C,459280,2826,2825,1082,635,1,0.004133814
Warm C,458377,2820,2819,1082,635,1,0.007708371
Warm C,450049,2774,2773,1082,635,1,0.00061477674
Warm C,442123,2719,2718,1082,635,1,0.0017248315
Warm C,420030,2537,2536,1082,635,0,0.008393876
Warm C,425496,2581,2580,1082,635,1,0.010615362
Warm C,414973,2497,2496,1082,635,1,0.007880412
Warm C,399321,2376,2375,1082,635,1,0.007219391
Warm C,394681,2329,2328,1082,635,0,-0.0021677315
Warm C,392631,2304,2303,1082,635,1,0.006560066
Warm C,402943,2405,2404,1082,635,1,-0.002022131
Warm C,388770,2278,2277,1082,635,1,-0.00072808354
Warm C,385472,2251,2250,1082,635,1,0.0005377625
Warm C,381851,2231,2230,1082,635,0,0.008105299
Warm C,378077,2205,2204,1082,635,0,0.0057124496
Warm C,372187,2173,2172,1082,635,0,0.010917495
Warm C,370158,2164,2163,1082,635,0,0.0120032355
Warm C,365068,2124,2123,1082,635,0,0.008372273
Warm C,344341,2020,2019,1082,635,0,0.013030004
Warm C,323343,1916,1915,1082,635,1,0.003722916
Warm C,320661,1901,1900,1082,635,1,0.0074826237
Warm C,281043,1685,1684,1082,635,1,0.0046777586
Warm C,280162,1680,1679,1082,635,1,0.006035767
Warm C,274592,1658,1657,1082,635,1,0.005884273
Warm C,269386,1632,1631,1082,635,0,0.00526017
Warm C,346476,2030,2029,1082,635,1,0.011427389
Warm C,260250,1591,1590,1082,635,1,0.0015880894
Warm C,243095,1465,1464,1082,635,1,0.011755125
Warm C,230241,1392,1391,1082,635,0,0.012735933
Warm C,206164,1264,1263,1082,635,1,0.008077249
Warm C,192232,1183,1182,1082,635,0,0.009389024
Warm C,219569,1331,1330,1082,635,1,0.0043792985
Warm C,191635,1181,1180,1082,635,0,-0.0015996527
Warm C,320440,1899,1898,1082,635,1,0.010862123
Warm C,153393,984,983,1082,635,1,0.0065894546
Warm C,222216,1343,1342,1082,635,1,0.008144504
Warm C,185932,1150,1149,1082,635,0,0.0090877535
Warm C,143150,922,921,1082,635,1,0.017745923
Warm C,139000,889,888,1082,635,1,0.012879668
Warm C,141761,911,910,1082,635,1,0.013449226
Warm C,127874,824,823,1082,635,0,0.009700486
Warm C,108411,710,709,1082,635,1,0.009666882
Warm C,329669,1943,1942,1082,635,1,0.005342897
Warm C,284635,1698,1697,1082,635,1,-0.0013532243
Warm C,85717,558,557,1082,635,1,0.0061318106
Warm C,83667,549,548,1082,635,1,0.015261997
Warm C,66691,445,444,1082,635,0,0.0029773295
Warm C,55389,366,365,1082,635,1,0.0059759878
Warm C,240679,1449,1448,1082,635,0,0.008424672
Warm C,211510,1285,1284,1082,635,1,0.0070950203
Warm C,51726,339,338,1082,635,1,-0.0030009877
Warm C,58247,392,391,1082,635,1,0.019325787
Warm C,145552,935,934,1082,635,1,0.006934451
Warm C,35399,238,237,1082,635,1,-0.0014641908
Warm C,32378,216,215,1082,635,0,-0.002867396
Warm C,61905,415,414,1082,635,1,0.009284036
Warm C,9475,62,61,1082,635,1,-0.0024659326
Warm C,166709,1059,1058,1082,635,1,0.006313111
Warm C,421342,2544,2543,1082,635,1,0.009802896
Warm C,890281,5371,5370,1082,635,1,0.0023044997
Warm C,18869,146,145,1082,635,1,0.010682543
Warm C,180926,1130,1129,1082,635,1,0.0058982586
Warm C,65650,438,437,1082,635,1,-0.007677383
Warm C,823642,4950,4949,1082,635,0,0.013192354
Warm C,60985,411,410,1082,635,1,0.009233317
Warm C,633748,3824,3823,1082,635,0,0.007650626
Warm C,145157,934,933,1082,635,0,0.0077343015
Warm C,894155,5397,5396,1082,635,0,0.0039013592
Warm C,47766,319,318,1082,635,1,0.006154683
Warm C,204830,1260,1259,1082,635,1,0.0016589703
Warm C,322826,1912,1911,1082,635,0,0.011555193
Warm C,195107,1202,1201,1082,635,1,0.015220115
Warm C,286970,1712,1711,1082,635,0,0.0023289642
Warm C,319665,1897,1896,1082,635,0,0.016599908
Warm C,544803,3358,3357,1083,636,1,0.008651126
Warm C,533748,3292,3291,1083,636,0,0.015773816
Warm C,530716,3279,3278,1083,636,1,0.006176792
Warm C,523094,3224,3223,1083,636,1,0.010908233
Warm C,527698,3261,3260,1083,636,0,0.013938508
Warm C,509981,3140,3139,1083,636,1,0.020229982
Warm C,503920,3096,3095,1083,636,1,0.0052198777
Warm C,501961,3081,3080,1083,636,1,0.016363973
Warm C,546258,3367,3366,1083,636,0,0.00820913
Warm C,738583,4411,4410,1083,636,1,0.010539885
Warm C,491868,3025,3024,1083,636,1,0.008412976
Warm C,697919,4169,4168,1083,636,0,0.018235985
Warm C,467165,2878,2877,1083,636,0,0.008567007
Warm C,423580,2566,2565,1083,636,0,0.0070428904
Warm C,421846,2550,2549,1083,636,0,0.022054335
Warm C,420031,2537,2536,1083,636,0,0.0034640965
Warm C,419095,2529,2528,1083,636,0,0.01987942
Warm C,412229,2478,2477,1083,636,1,0.015748998
Warm C,410232,2460,2459,1083,636,0,-0.0027268103
Warm C,414830,2496,2495,1083,636,0,0.009226748
Warm C,405475,2428,2427,1083,636,1,0.00925003
Warm C,396757,2348,2347,1083,636,0,0.0053787045
Warm C,396263,2343,2342,1083,636,1,0.0054160645
Warm C,392633,2304,2303,1083,636,0,0.02059024
Warm C,390821,2293,2292,1083,636,0,0.0145049635
Warm C,383527,2241,2240,1083,636,1,0.0030418937
Warm C,381853,2231,2230,1083,636,0,0.014798543
Warm C,375999,2191,2190,1083,636,1,-0.0049927067
Warm C,377532,2203,2202,1083,636,1,0.016115615
Warm C,436807,2665,2664,1083,636,0,0.033002786
Warm C,362250,2110,2109,1083,636,0,-0.00010995555
Warm C,357099,2091,2090,1083,636,1,0.015238907
Warm C,356611,2088,2087,1083,636,1,0.014375004
Warm C,345568,2026,2025,1083,636,0,0.005280425
Warm C,320442,1899,1898,1083,636,0,0.023895938
Warm C,317379,1887,1886,1083,636,1,0.016868453
Warm C,297116,1761,1760,1083,636,1,0.0046587233
Warm C,297816,1764,1763,1083,636,1,0.002279669
Warm C,268650,1631,1630,1083,636,0,0.0067144963
Warm C,259192,1586,1585,1083,636,1,0.021576144
Warm C,255253,1553,1552,1083,636,1,0.011492614
Warm C,251745,1523,1522,1083,636,0,0.0070614163
Warm C,243096,1465,1464,1083,636,1,0.022122636
Warm C,244558,1472,1471,1083,636,1,0.014929199
Warm C,357798,2092,2091,1083,636,0,0.013914784
Warm C,218187,1322,1321,1083,636,1,0.011623543
Warm C,326891,1937,1936,1083,636,0,0.009514329
Warm C,289590,1727,1726,1083,636,1,0.013134567
Warm C,592279,3610,3609,1083,636,0,0.000907948
Warm C,264794,1609,1608,1083,636,0,0.0137975365
Warm C,363689,2118,2117,1083,636,0,0.0113620935
Warm C,185934,1150,1149,1083,636,0,0.008959536
Warm C,316455,1883,1882,1083,636,0,0.017073637
Warm C,183409,1141,1140,1083,636,1,0.002931547
Warm C,328901,1941,1940,1083,636,0,0.008497809
Warm C,272452,1645,1644,1083,636,1,0.0080777025
Warm C,162422,1034,1033,1083,636,0,0.0062432475
Warm C,337308,1983,1982,1083,636,1,0.02001578
Warm C,156117,1004,1003,1083,636,1,0.011199703
Warm C,167048,1062,1061,1083,636,0,0.00967987
Warm C,153394,984,983,1083,636,0,0.018086117
Warm C,147206,948,947,1083,636,1,0.008101475
Warm C,347578,2038,2037,1083,636,0,0.008204642
Warm C,249090,1501,1500,1083,636,1,0.013245492
Warm C,374947,2185,2184,1083,636,1,0.0145149175
Warm C,315714,1880,1879,1083,636,1,0.015226774
Warm C,115620,749,748,1083,636,1,0.014760677
Warm C,112776,731,730,1083,636,1,0.021575183
Warm C,107001,702,701,1083,636,1,0.023475878
Warm C,103918,690,689,1083,636,1,0.017942
Warm C,116714,752,751,1083,636,1,0.019116672
Warm C,95635,639,638,1083,636,0,0.012704246
Warm C,99646,664,663,1083,636,1,0.0088358335
Warm C,86904,566,565,1083,636,0,0.016900867
Warm C,82115,544,543,1083,636,1,0.02247143
Warm C,80475,533,532,1083,636,1,0.011486996
Warm C,61469,412,411,1083,636,1,0.016544739
Warm C,52872,348,347,1083,636,1,0.0016428188
Warm C,39225,265,264,1083,636,1,0.018005319
Warm C,36789,245,244,1083,636,0,0.00808845
Warm C,33225,224,223,1083,636,0,0.008883903
Warm C,32380,216,215,1083,636,0,0.010058811
Warm C,25279,178,177,1083,636,1,0.016140705
Warm C,14704,117,116,1083,636,1,0.012567299
Warm C,15835,123,122,1083,636,0,0.012481341
Warm C,6418,45,44,1083,636,0,0.0027877158
Warm C,60987,411,410,1083,636,0,0.008668998
Warm C,234456,1422,1421,1083,636,0,0.008140398
Warm C,94664,635,634,1083,636,1,0.005167665
Warm C,552750,3401,3400,1083,636,1,0.018005678
Warm C,141252,910,909,1083,636,0,0.0059522376
Warm C,841641,5054,5053,1083,636,1,0.015374908
Warm C,410578,2462,2461,1083,636,1,0.013335265
Warm C,633750,3824,3823,1083,636,0,0.018591287
Warm C,801857,4802,4801,1083,636,1,0.016625948
Warm C,50714,333,332,1083,636,0,0.012499766
Warm C,134708,869,868,1083,636,0,0.016352706
Warm C,489829,3013,3012,1083,636,0,0.021180145
Warm C,24587,173,172,1083,636,0,0.009925496
Warm C,930740,5621,5620,1083,636,0,0.01697633
Warm C,63542,424,423,1083,636,1,0.012079565
Warm C,714288,4277,4276,1083,636,1,0.012905585
Warm C,352499,2063,2062,1083,636,0,0.019522745
Warm C,748363,4467,4466,1083,636,0,0.0022432837
Warm C,548173,3380,3379,1085,638,1,-0.0033579282
Warm C,533751,3292,3291,1085,638,1,0.004391277
Warm C,530128,3272,3271,1085,638,1,-0.00908532
Warm C,520609,3210,3209,1085,638,1,-0.005953853
Warm C,521611,3217,3216,1085,638,1,-0.0035438333
Warm C,566577,3476,3475,1085,638,0,0.009681186
Warm C,505390,3108,3107,1085,638,1,0.000795898
Warm C,500349,3072,3071,1085,638,1,0.0021034046
Warm C,498606,3063,3062,1085,638,1,0.00071155094
Warm C,546261,3367,3366,1085,638,1,0.0016261066
Warm C,697922,4169,4168,1085,638,1,-0.0022880314
Warm C,467168,2878,2877,1085,638,1,-0.0019622794
Warm C,462797,2854,2853,1085,638,0,8.7463995e-05
Warm C,714291,4277,4276,1085,638,1,-0.0036464217
Warm C,440527,2693,2692,1085,638,1,-0.013289463
Warm C,438065,2676,2675,1085,638,1,0.0010337741
Warm C,427909,2599,2598,1085,638,0,-0.007296002
Warm C,447092,2753,2752,1085,638,0,0.005960529
Warm C,418227,2526,2525,1085,638,0,-0.0034716348
Warm C,414093,2491,2490,1085,638,1,-0.0015953681
Warm C,412558,2483,2482,1085,638,1,-0.0051897923
Warm C,403511,2410,2409,1085,638,1,-0.0073042368
Warm C,414833,2496,2495,1085,638,0,-0.005918487
Warm C,392637,2304,2303,1085,638,1,0.00061843055
Warm C,390824,2293,2292,1085,638,1,0.0006105227
Warm C,377533,2203,2202,1085,638,1,-6.2929e-05
Warm C,378873,2211,2210,1085,638,0,0.001073862
Warm C,362251,2110,2109,1085,638,0,-0.00811154
Warm C,387654,2265,2264,1085,638,0,0.006511596
Warm C,356613,2088,2087,1085,638,1,-0.0057735248
Warm C,353046,2067,2066,1085,638,0,0.0017320223
Warm C,352786,2064,2063,1085,638,1,0.008321518
Warm C,357801,2092,2091,1085,638,0,0.002965813
Warm C,318513,1891,1890,1085,638,1,0.0025881105
Warm C,317147,1884,1883,1085,638,1,0.0031283777
Warm C,289592,1727,1726,1085,638,1,0.013652356
Warm C,269390,1632,1631,1085,638,0,-0.003454133
Warm C,254206,1545,1544,1085,638,0,0.0030063766
Warm C,243099,1465,1464,1085,638,1,0.0013835132
Warm C,273387,1647,1646,1085,638,1,0.010689411
Warm C,262028,1599,1598,1085,638,1,0.008328881
Warm C,170042,1080,1079,1085,638,1,0.0041747093
Warm C,153396,984,983,1085,638,1,0.0056262007
Warm C,147209,948,947,1085,638,1,-0.007191451
Warm C,185937,1150,1149,1085,638,0,0.00092277396
Warm C,139006,889,888,1085,638,0,-0.0075466353
Warm C,141764,911,910,1085,638,1,-0.0049817935
Warm C,155079,999,998,1085,638,1,0.0051525226
Warm C,118165,764,763,1085,638,0,-0.0094403075
Warm C,123636,796,795,1085,638,1,-0.0024958323
Warm C,94352,631,630,1085,638,1,-0.005108916
Warm C,228651,1383,1382,1085,638,1,0.007390353
Warm C,68961,461,460,1085,638,1,0.0020967613
Warm C,35401,238,237,1085,638,0,-0.0004875362
Warm C,39828,270,269,1085,638,1,0.0049456907
Warm C,32383,216,215,1085,638,1,0.0021033776
Warm C,440247,2691,2690,1085,638,0,-0.004100832
Warm C,451906,2781,2780,1085,638,0,-0.0014702418
Warm C,5665,40,39,1085,638,1,0.0021494033
Warm C,7083,48,47,1085,638,0,-1.1970464e-05
Warm C,4609,33,32,1085,638,0,0.007766363
Warm C,4041,29,28,1085,638,1,0.0072030653
Warm C,242040,1457,1456,1085,638,1,0.0022048736
Warm C,294031,1748,1747,1085,638,0,0.0048664114
Warm C,312556,1861,1860,1085,638,1,0.0089075565
Warm C,172218,1088,1087,1085,638,1,0.006671522
Warm C,50716,333,332,1085,638,1,-0.005132621
Warm C,24591,173,172,1085,638,0,-0.0025153616
Warm C,285590,1701,1700,1085,638,1,0.004044528
Warm C,795660,4765,4764,1085,638,1,0.008314148
Warm C,433854,2643,2642,1085,638,1,-0.0026930352
Warm C,630486,3813,3812,1099,650,1,-0.00024034316
Warm C,619332,3752,3751,1099,650,0,-0.0013452175
Warm C,610095,3697,3696,1099,650,0,0.004793663
Warm C,726866,4345,4344,1099,650,1,0.006764196
Warm C,587304,3586,3585,1099,650,1,0.0047895918
Warm C,697945,4169,4168,1099,650,1,0.010906639
Warm C,567090,3481,3480,1099,650,1,0.0036163158
Warm C,594522,3618,3617,1099,650,1,0.0031174938
Warm C,566817,3478,3477,1099,650,1,-0.0117786005
Warm C,553316,3403,3402,1099,650,1,0.0034366702
Warm C,552770,3401,3400,1099,650,1,0.013571423
Warm C,540183,3320,3319,1099,650,1,0.0025591303
Warm C,533775,3292,3291,1099,650,0,0.009844858
Warm C,525862,3248,3247,1099,650,1,-0.0027129832
Warm C,538764,3313,3312,1099,650,0,0.0035039727
Warm C,518992,3201,3200,1099,650,1,0.0038102465
Warm C,509612,3138,3137,1099,650,0,0.000678963
Warm C,506985,3118,3117,1099,650,1,0.0004707016
Warm C,506105,3112,3111,1099,650,0,-0.00046474207
Warm C,495807,3044,3043,1099,650,1,-0.0012613747
Warm C,738591,4411,4410,1099,650,1,0.0020488815
Warm C,493120,3029,3028,1099,650,1,0.0071988627
Warm C,489849,3013,3012,1099,650,1,-0.0034955298
Warm C,627203,3792,3791,1099,650,0,0.005584589
Warm C,478382,2934,2933,1099,650,1,0.0012818679
Warm C,473012,2907,2906,1099,650,1,0.007531337
Warm C,474283,2909,2908,1099,650,0,0.017391691
Warm C,468740,2887,2886,1099,650,1,0.007479139
Warm C,755044,4497,4496,1099,650,0,0.0076014427
Warm C,460491,2840,2839,1099,650,1,0.010461133
Warm C,467183,2878,2877,1099,650,1,0.007070601
Warm C,449192,2769,2768,1099,650,1,0.0135957375
Warm C,443246,2731,2730,1099,650,1,0.00061053084
Warm C,433871,2643,2642,1099,650,1,0.011248305
Warm C,423328,2565,2564,1099,650,1,0.012726139
Warm C,421372,2544,2543,1099,650,1,0.0026564253
Warm C,419346,2533,2532,1099,650,1,0.003613818
Warm C,420053,2537,2536,1099,650,1,0.0061756354
Warm C,419122,2529,2528,1099,650,0,0.0020305263
Warm C,414980,2497,2496,1099,650,1,-0.0019445182
Warm C,414848,2496,2495,1099,650,1,-0.00602972
Warm C,404128,2414,2413,1099,650,1,0.0021193703
Warm C,403514,2410,2409,1099,650,1,-0.0020123757
Warm C,401117,2389,2388,1099,650,1,-0.0038125087
Warm C,458406,2820,2819,1099,650,0,-0.004295188
Warm C,382399,2233,2232,1099,650,0,0.006495926
Warm C,365085,2124,2123,1099,650,1,0.010652514
Warm C,347074,2035,2034,1099,650,1,0.011365473
Warm C,357821,2092,2091,1099,650,1,-0.00052510994
Warm C,345574,2026,2025,1099,650,0,0.0030822458
Warm C,343853,2018,2017,1099,650,1,0.00086006126
Warm C,343280,2016,2015,1099,650,1,0.0036231983
Warm C,336544,1980,1979,1099,650,1,0.0038217574
Warm C,318745,1894,1893,1099,650,1,0.0054516224
Warm C,292959,1744,1743,1099,650,1,-0.003055336
Warm C,286484,1711,1710,1099,650,0,0.0064639677
Warm C,283712,1697,1696,1099,650,1,0.0072430763
Warm C,282141,1692,1691,1099,650,1,0.0052318936
Warm C,269413,1632,1631,1099,650,0,0.0038630343
Warm C,354436,2073,2072,1099,650,1,0.0032682968
Warm C,241589,1451,1450,1099,650,1,0.019397488
Warm C,231384,1401,1400,1099,650,0,-0.0013983159
Warm C,230981,1398,1397,1099,650,1,0.0044892477
Warm C,243116,1465,1464,1099,650,1,0.011377429
Warm C,228674,1383,1382,1099,650,1,0.008007262
Warm C,251484,1519,1518,1099,650,1,0.0067409975
Warm C,218198,1322,1321,1099,650,1,0.0065193386
Warm C,273410,1647,1646,1099,650,1,0.010776177
Warm C,342946,2015,2014,1099,650,0,0.0063735726
Warm C,380036,2222,2221,1099,650,0,0.012854015
Warm C,374562,2181,2180,1099,650,1,0.0152169205
Warm C,184524,1147,1146,1099,650,0,-0.01142208
Warm C,180939,1130,1129,1099,650,1,-0.005217681
Warm C,168161,1068,1067,1099,650,1,0.00846736
Warm C,175885,1112,1111,1099,650,1,0.0121243065
Warm C,166727,1059,1058,1099,650,0,0.005373357
Warm C,328944,1941,1940,1099,650,1,0.008342655
Warm C,160805,1021,1020,1099,650,0,0.0157475
Warm C,159528,1017,1016,1099,650,1,0.009796444
Warm C,158848,1015,1014,1099,650,1,0.009675561
Warm C,152590,981,980,1099,650,1,0.0050163567
Warm C,324132,1920,1919,1099,650,1,0.008233216
Warm C,714311,4277,4276,1099,650,1,0.0135681
Warm C,139048,889,888,1099,650,1,0.0027108546
Warm C,137353,885,884,1099,650,1,0.005803855
Warm C,131434,850,849,1099,650,1,0.007379425
Warm C,200190,1228,1227,1099,650,1,0.0027891845
Warm C,130268,843,842,1099,650,1,0.00093972986
Warm C,107017,702,701,1099,650,1,0.007226377
Warm C,263813,1605,1604,1099,650,1,0.0036335606
Warm C,101792,677,676,1099,650,1,0.011562416
Warm C,95136,637,636,1099,650,1,-0.0005450477
Warm C,94357,631,630,1099,650,1,0.00054857566
Warm C,339353,1998,1997,1099,650,1,0.010418983
Warm C,83703,549,548,1099,650,1,0.00487475
Warm C,239485,1448,1447,1099,650,0,0.005500206
Warm C,84675,550,549,1099,650,0,0.005865159
Warm C,66758,446,445,1099,650,1,0.0023283104
Warm C,65018,436,435,1099,650,0,0.0068795295
Warm C,332114,1959,1958,1099,650,1,0.002944997
Warm C,64757,434,433,1099,650,1,0.010279021
Warm C,37513,255,254,1099,650,0,0.009443634
Warm C,209066,1274,1273,1099,650,1,0.00012254086
Warm C,36825,245,244,1099,650,1,0.00057492824
Warm C,30160,202,201,1099,650,1,0.004712912
Warm C,26872,190,189,1099,650,1,0.004157611
Warm C,18888,146,145,1099,650,0,0.005339652
Warm C,12189,92,91,1099,650,0,0.012467929
Warm C,11014,81,80,1099,650,1,0.005568414
Warm C,592293,3610,3609,1099,650,0,0.016453153
Warm C,9499,62,61,1099,650,1,0.014012268
Warm C,198305,1218,1217,1099,650,1,0.0030390304
Warm C,28538,195,194,1099,650,1,0.016774235
Warm C,558748,3430,3429,1099,650,1,0.012094873
Warm C,352535,2063,2062,1099,650,0,0.013340653
Warm C,169348,1074,1073,1099,650,1,-0.0010604758
Warm C,688685,4118,4117,1099,650,1,0.006957695
Warm C,242051,1457,1456,1099,650,1,0.0018255436
Warm C,250017,1505,1504,1099,650,1,0.0100973295
Warm C,95646,639,638,1099,650,1,0.00698001
Warm C,639449,3842,3841,1099,650,1,-0.00065149646
Warm C,300669,1780,1779,1099,650,0,0.010837777
Warm C,745615,4448,4447,1099,650,1,0.01502054
Warm C,928085,5605,5604,1099,650,0,0.01699822
Warm C,760467,4517,4516,1099,650,0,0.01721204
Warm C,116742,752,751,1099,650,0,0.009227093
Warm C,79853,531,530,1099,650,1,0.008164469
Warm C,454801,2796,2795,1099,650,0,0.018717859
Warm C,255700,1556,1555,1099,650,1,0.011214046
Warm C,930748,5621,5620,1099,650,1,0.0075207143
Warm C,371903,2172,2171,1099,650,0,0.008479061
Warm C,430257,2621,2620,1099,650,0,0.0018726452
Warm C,63577,424,423,1099,650,1,0.0125158625
Warm C,984292,5948,5947,1099,650,1,0.011691664
Warm C,274354,1658,1657,1111,655,1,0.018144524
Warm C,279052,1680,1679,1111,655,0,0.017589696
Warm C,268324,1630,1629,1111,655,1,0.016448274
Warm C,631515,3821,3820,1111,655,0,0.004233071
Warm C,228908,1387,1386,1111,655,1,0.0063093845
Warm C,220327,1335,1334,1111,655,0,0.016023481
Warm C,210834,1285,1284,1111,655,1,0.019754771
Warm C,213404,1298,1297,1111,655,1,0.0163137
Warm C,293150,1746,1745,1111,655,1,0.009807014
Warm C,186615,1155,1154,1111,655,1,0.007014915
Warm C,148984,958,957,1111,655,1,0.012907947
Warm C,267929,1628,1627,1111,655,1,0.018827531
Warm C,200040,1228,1227,1111,655,1,0.015192392
Warm C,127942,826,825,1111,655,1,-0.009068667
Warm C,127686,824,823,1111,655,1,0.011192832
Warm C,116117,752,751,1111,655,1,0.017072866
Warm C,132405,855,854,1111,655,1,0.01055007
Warm C,100452,670,669,1111,655,0,0.012707049
Warm C,99717,666,665,1111,655,1,0.0064422344
Warm C,97798,655,654,1111,655,1,0.010249675
Warm C,59956,408,407,1111,655,1,0.00800701
Warm C,201493,1242,1241,1111,655,0,0.015831094
Warm C,54819,358,357,1111,655,1,0.007903749
Warm C,24050,171,170,1111,655,1,0.0031190717
Warm C,947533,5722,5721,1111,655,1,0.0063799825
Warm C,152437,981,980,1111,655,0,0.014244459
Warm C,17606,136,135,1111,655,1,0.009900126
Warm C,234916,1425,1424,1111,655,1,0.02444738
Warm C,459594,2832,2831,1111,655,1,0.014124324
Warm C,553874,3410,3409,1111,655,0,0.013059755
Warm C,420929,2544,2543,1111,655,0,0.017235167
Warm C,309575,1842,1841,1111,655,1,0.012494356
Warm C,287685,1717,1716,1111,655,1,0.01530015
Warm C,825533,4958,4957,1111,655,1,0.018933557
Warm C,639049,3842,3841,1128,661,0,0.013169295
Warm C,633160,3824,3823,1128,661,0,0.010518065
Warm C,663953,3999,3998,1128,661,0,0.0065359483
Warm C,628338,3806,3805,1128,661,0,0.0060528987
Warm C,628628,3807,3806,1128,661,1,0.00383951
Warm C,628142,3804,3803,1128,661,0,0.0005773944
Warm C,629365,3808,3807,1128,661,0,0.012255563
Warm C,638053,3841,3840,1128,661,1,0.010274997
Warm C,625463,3780,3779,1128,661,1,0.0064939857
Warm C,623335,3771,3770,1128,661,0,0.0066300095
Warm C,620655,3760,3759,1128,661,0,0.011983012
Warm C,615599,3727,3726,1128,661,0,0.004562701
Warm C,614436,3722,3721,1128,661,1,-0.005349598
Warm C,604828,3677,3676,1128,661,1,-0.002974182
Warm C,621176,3762,3761,1128,661,0,0.012680558
Warm C,583378,3562,3561,1128,661,0,0.010058061
Warm C,577739,3528,3527,1128,661,0,0.004748797
Warm C,580873,3547,3546,1128,661,0,-0.0026212186
Warm C,569161,3491,3490,1128,661,1,0.014352355
Warm C,657094,3961,3960,1128,661,1,0.0049356706
Warm C,543905,3352,3351,1128,661,0,-0.0020809057
Warm C,518222,3198,3197,1128,661,1,-0.0023322245
Warm C,566182,3476,3475,1128,661,0,0.0025260625
Warm C,506653,3118,3117,1128,661,0,0.006738677
Warm C,718532,4305,4304,1128,661,0,0.006331252
Warm C,494053,3032,3031,1128,661,1,0.00896328
Warm C,490702,3018,3017,1128,661,1,0.0062062196
Warm C,529638,3272,3271,1128,661,0,0.015759202
Warm C,696184,4169,4168,1128,661,0,0.016963126
Warm C,477140,2929,2928,1128,661,0,0.008978972
Warm C,472529,2907,2906,1128,661,1,0.008914782
Warm C,754656,4497,4496,1128,661,0,-0.0030352464
Warm C,463236,2857,2856,1128,661,0,0.0052223722
Warm C,457857,2820,2819,1128,661,0,0.005421186
Warm C,449582,2772,2771,1128,661,0,0.005736296
Warm C,433592,2643,2642,1128,661,0,-0.00089776237
Warm C,430724,2625,2624,1128,661,1,0.0039917156
Warm C,426444,2590,2589,1128,661,0,0.0019837767
Warm C,418621,2529,2528,1128,661,0,0.010786457
Warm C,425658,2583,2582,1128,661,1,0.0046348763
Warm C,413712,2489,2488,1128,661,0,0.0017294418
Warm C,414540,2496,2495,1128,661,0,0.0077165766
Warm C,408907,2455,2454,1128,661,0,0.008022168
Warm C,397184,2352,2351,1128,661,0,9.852741e-05
Warm C,388919,2279,2278,1128,661,0,0.0056666983
Warm C,378702,2211,2210,1128,661,1,0.00019957311
Warm C,377779,2205,2204,1128,661,0,0.002719569
Warm C,374023,2181,2180,1128,661,1,0.005093787
Warm C,436356,2665,2664,1128,661,0,0.017855842
Warm C,305808,1820,1819,1128,661,1,0.015137708
Warm C,288246,1722,1721,1128,661,1,0.008860061
Warm C,300312,1780,1779,1128,661,0,0.010968894
Warm C,279089,1680,1679,1128,661,1,0.0072012595
Warm C,276915,1675,1674,1128,661,0,0.009244815
Warm C,267544,1626,1625,1128,661,0,0.010597038
Warm C,392126,2304,2303,1128,661,0,0.0065085962
Warm C,247628,1496,1495,1128,661,1,0.005234597
Warm C,224470,1357,1356,1128,661,0,0.012850955
Warm C,239978,1449,1448,1128,661,0,0.0052437074
Warm C,327995,1941,1940,1128,661,0,0.013315725
Warm C,194804,1202,1201,1128,661,0,0.00092775514
Warm C,334557,1974,1973,1128,661,0,-0.001572358
Warm C,182761,1140,1139,1128,661,0,-0.0040277005
Warm C,176387,1115,1114,1128,661,0,0.010224223
Warm C,196462,1207,1206,1128,661,0,0.0037343968
Warm C,175473,1112,1111,1128,661,0,0.013555525
Warm C,159214,1017,1016,1128,661,1,0.008353537
Warm C,158090,1015,1014,1128,661,0,0.0031515649
Warm C,221283,1340,1339,1128,661,0,0.01732527
Warm C,156785,1010,1009,1128,661,0,0.0042667445
Warm C,133283,860,859,1128,661,0,0.00039817253
Warm C,131119,850,849,1128,661,0,0.010201864
Warm C,123864,798,797,1128,661,0,-0.002132906
Warm C,114082,741,740,1128,661,1,0.0035233498
Warm C,210855,1285,1284,1128,661,0,0.005940281
Warm C,96990,651,650,1128,661,0,0.0076735606
Warm C,107883,710,709,1128,661,1,0.0046668816
Warm C,351733,2063,2062,1128,661,0,0.00801916
Warm C,92735,621,620,1128,661,0,0.005485166
Warm C,140669,904,903,1128,661,0,0.0030285828
Warm C,284088,1698,1697,1128,661,0,0.0010944987
Warm C,190808,1181,1180,1128,661,0,0.010653615
Warm C,234040,1422,1421,1128,661,0,0.0039860355
Warm C,385688,2255,2254,1128,661,0,-0.0030464414
Warm C,62849,424,423,1128,661,1,0.011442722
Warm C,57673,390,389,1128,661,0,0.007232744
Warm C,41936,284,283,1128,661,0,0.00855667
Warm C,41263,278,277,1128,661,1,0.007985355
Warm C,36695,245,244,1128,661,0,0.0051510185
Warm C,30054,202,201,1128,661,1,0.0068343277
Warm C,14639,117,116,1128,661,0,0.009278603
Warm C,290143,1733,1732,1128,661,0,0.013028268
Warm C,863874,5205,5204,1128,661,1,0.007717031
Warm C,552281,3401,3400,1128,661,0,0.00793292
Warm C,432654,2638,2637,1128,661,0,0.009142673
Warm C,265044,1611,1610,1128,661,1,0.0075706923
Warm C,237843,1447,1446,1128,661,0,0.009871053
Warm C,174106,1101,1100,1128,661,0,0.0022179063
Warm C,966726,5831,5830,1128,661,0,0.018314848
Warm C,927529,5605,5604,1128,661,0,0.013113088
Warm C,102175,678,677,1128,661,1,0.0045845276
Warm C,760646,4520,4519,1128,661,0,-0.0010509279
Warm C,964005,5812,5811,1128,661,0,0.0019812617
Warm C,366140,2131,2130,1128,661,1,-0.0010400228
Warm C,335799,1980,1979,1128,661,0,0.017643869
Warm C,322294,1912,1911,1128,661,0,-0.0009376893
Warm C,473530,2909,2908,1128,661,0,0.010721719
Warm C,497619,3055,3054,1128,661,0,0.009298271
Warm C,821567,4940,4939,1128,661,0,-0.0004045316
Warm C,712974,4277,4276,1128,661,1,0.011468862
Warm C,678456,4064,4063,1150,670,0,0.011995338
Warm C,646046,3888,3887,1150,670,1,0.0046894806
Warm C,613908,3718,3717,1150,670,0,0.003651809
Warm C,611066,3705,3704,1150,670,1,0.00947281
Warm C,626742,3792,3791,1150,670,0,0.008339865
Warm C,580887,3547,3546,1150,670,1,0.004572917
Warm C,574727,3518,3517,1150,670,0,0.0014018874
Warm C,713008,4277,4276,1150,670,1,0.00913653
Warm C,593784,3618,3617,1150,670,1,-0.0016494496
Warm C,547934,3380,3379,1150,670,1,0.0031869784
Warm C,543432,3346,3345,1150,670,0,0.000676916
Warm C,539563,3319,3318,1150,670,0,0.012538353
Warm C,534675,3300,3299,1150,670,1,0.0037953039
Warm C,533281,3292,3291,1150,670,1,0.0069864285
Warm C,528523,3266,3265,1150,670,1,-0.0045424495
Warm C,525815,3248,3247,1150,670,0,-0.0016743231
Warm C,521949,3222,3221,1150,670,0,0.0006008919
Warm C,521074,3216,3215,1150,670,1,0.0006859274
Warm C,522514,3224,3223,1150,670,1,0.007970449
Warm C,696233,4169,4168,1150,670,1,0.008650289
Warm C,513491,3167,3166,1150,670,1,0.009822226
Warm C,508988,3131,3130,1150,670,0,-0.0021208148
Warm C,506678,3118,3117,1150,670,0,0.005388113
Warm C,503407,3093,3092,1150,670,1,0.0036105393
Warm C,738138,4411,4410,1150,670,1,0.0035759648
Warm C,490055,3015,3014,1150,670,1,-0.0050930777
Warm C,487361,2997,2996,1150,670,1,0.010138762
Warm C,466182,2874,2873,1150,670,0,0.006310798
Warm C,457888,2820,2819,1150,670,0,0.0096142255
Warm C,455818,2807,2806,1150,670,1,0.003136693
Warm C,454219,2794,2793,1150,670,1,0.005783279
Warm C,453699,2793,2792,1150,670,1,0.0031702179
Warm C,428574,2608,2607,1150,670,1,0.013319782
Warm C,446841,2753,2752,1150,670,1,0.013473628
Warm C,404002,2414,2413,1150,670,0,0.008657523
Warm C,403121,2407,2406,1150,670,1,0.003911753
Warm C,393786,2319,2318,1150,670,1,0.011933228
Warm C,393371,2313,2312,1150,670,1,0.004709147
Warm C,391256,2301,2300,1150,670,0,0.007101366
Warm C,386355,2259,2258,1150,670,1,0.005666461
Warm C,382848,2237,2236,1150,670,1,0.0062896525
Warm C,381634,2231,2230,1150,670,1,0.015083676
Warm C,378717,2211,2210,1150,670,1,-0.0018171279
Warm C,377794,2205,2204,1150,670,0,0.004876934
Warm C,368784,2156,2155,1150,670,1,0.006649391
Warm C,352949,2067,2066,1150,670,0,0.0079505835
Warm C,302479,1796,1795,1150,670,1,0.0069696703
Warm C,282022,1692,1691,1150,670,1,0.0063443934
Warm C,292295,1741,1740,1150,670,1,0.009081524
Warm C,246292,1489,1488,1150,670,0,0.007119571
Warm C,260976,1595,1594,1150,670,1,0.005972595
Warm C,325362,1926,1925,1150,670,1,0.007060737
Warm C,219409,1330,1329,1150,670,1,0.004681407
Warm C,320054,1899,1898,1150,670,1,0.016220357
Warm C,218276,1323,1322,1150,670,1,0.0028063944
Warm C,304853,1812,1811,1150,670,1,0.0037174448
Warm C,212056,1291,1290,1150,670,1,0.008181782
Warm C,208750,1274,1273,1150,670,1,0.004383439
Warm C,203770,1253,1252,1150,670,1,0.011688817
Warm C,294277,1749,1748,1150,670,0,0.004788104
Warm C,214817,1303,1302,1150,670,1,0.0076166894
Warm C,158134,1015,1014,1150,670,0,0.001407143
Warm C,199418,1224,1223,1150,670,1,0.009699305
Warm C,142395,919,918,1150,670,1,-0.0020111215
Warm C,160052,1019,1018,1150,670,0,0.012447205
Warm C,315203,1880,1879,1150,670,1,0.0065626344
Warm C,263280,1605,1604,1150,670,0,0.009190087
Warm C,124488,801,800,1150,670,1,0.004294165
Warm C,210897,1285,1284,1150,670,1,0.0067862356
Warm C,115673,750,749,1150,670,1,0.009804356
Warm C,105416,697,696,1150,670,0,0.005277021
Warm C,97821,655,654,1150,670,1,0.007549991
Warm C,94579,635,634,1150,670,1,0.006570854
Warm C,91819,610,609,1150,670,0,0.0029590563
Warm C,228234,1383,1382,1150,670,1,0.0034420416
Warm C,169558,1077,1076,1150,670,0,0.007394606
Warm C,75693,515,514,1150,670,1,0.0029579257
Warm C,69306,464,463,1150,670,1,0.012784219
Warm C,66771,447,446,1150,670,1,0.0014072193
Warm C,66358,444,443,1150,670,1,0.012080669
Warm C,605205,3679,3678,1150,670,0,0.0092078075
Warm C,55386,366,365,1150,670,1,0.00373742
Warm C,52762,347,346,1150,670,1,-8.299807e-05
Warm C,35393,238,237,1150,670,0,0.0022385195
Warm C,34199,230,229,1150,670,1,0.0067866463
Warm C,33701,225,224,1150,670,1,0.0010260465
Warm C,34875,235,234,1150,670,1,0.007322057
Warm C,88798,587,586,1150,670,0,0.009710281
Warm C,76353,518,517,1150,670,1,-0.0054318514
Warm C,481791,2962,2961,1150,670,0,0.0111755
Warm C,524406,3233,3232,1150,670,1,0.005002119
Warm C,316782,1884,1883,1150,670,1,0.007000316
Warm C,111644,727,726,1150,670,1,0.0032307142
Warm C,420970,2544,2543,1150,670,1,0.007497238
Warm C,319318,1897,1896,1150,670,1,0.008315327
Warm C,233640,1421,1420,1150,670,0,-0.0034292738
Warm C,821570,4940,4939,1150,670,1,0.008509525
Warm C,116161,752,751,1150,670,0,0.0075046504
Warm C,354087,2073,2072,1161,671,1,0.00711051
Warm C,280835,1685,1684,1161,671,1,0.00045946194
Warm C,279190,1680,1679,1161,671,1,0.0050076954
Warm C,269003,1632,1631,1161,671,0,0.0017591448
Warm C,264143,1607,1606,1161,671,1,-0.0014398992
Warm C,346187,2030,2029,1161,671,1,0.009989848
Warm C,631547,3821,3820,1161,671,1,0.0012952785
Warm C,220352,1335,1334,1161,671,1,0.004284766
Warm C,207327,1267,1266,1161,671,1,-0.0009591668
Warm C,180995,1131,1130,1161,671,1,-0.0033590565
Warm C,190887,1181,1180,1161,671,0,-0.00260799
Warm C,338118,1988,1987,1161,671,1,0.0043941317
Warm C,315221,1880,1879,1161,671,1,0.0098446645
Warm C,105127,696,695,1161,671,1,0.003464053
Warm C,84145,550,549,1161,671,1,0.0037982364
Warm C,210920,1285,1284,1161,671,1,0.0038354662
Warm C,42160,285,284,1161,671,1,-0.007122072
Warm C,145339,935,934,1161,671,1,0.0045015863
Warm C,34213,230,229,1161,671,1,0.0007542494
Warm C,9488,62,61,1161,671,1,0.0077691413
Warm C,420983,2544,2543,1161,671,1,0.005182662
Warm C,203075,1246,1245,1161,671,0,-0.0004977721
Warm C,843910,5074,5073,1161,671,1,0.012218424
Warm C,129392,839,838,1161,671,1,0.004631358
Warm C,158160,1015,1014,1161,671,1,0.00844964
Warm C,12894,99,98,1161,671,0,-0.0012612892
Warm C,713028,4277,4276,1161,671,1,0.005629739
Warm C,208761,1274,1273,1161,671,0,-4.7132256e-05
Warm C,633224,3824,3823,1161,671,0,0.008912525
Warm C,28525,195,194,1161,671,1,0.0015205177
Warm C,357447,2092,2091,1161,671,1,0.0066665225
Warm C,226082,1369,1368,1161,671,1,0.0036675204
Warm C,993860,6002,6001,1161,671,0,0.0018029828
Warm C,879002,5312,5311,1161,671,1,0.0017530151
Warm C,182779,1140,1139,1162,672,1,0.009016731
Warm C,286093,1707,1706,1162,672,1,-0.0011244353
Warm C,178631,1121,1120,1162,672,1,-0.0003928456
Warm C,160069,1019,1018,1162,672,0,0.0039046754
Warm C,153029,984,983,1162,672,1,7.965835e-06
Warm C,246302,1489,1488,1162,672,0,0.0031148822
Warm C,146942,948,947,1162,672,1,-0.00036711944
Warm C,185255,1150,1149,1162,672,0,0.0009880215
Warm C,138252,889,888,1162,672,0,0.006383878
Warm C,374816,2185,2184,1162,672,1,-0.005619172
Warm C,315222,1880,1879,1162,672,1,0.01076545
Warm C,298085,1767,1766,1162,672,0,0.00292638
Warm C,112454,731,730,1162,672,1,0.00010168133
Warm C,100833,673,672,1162,672,1,0.0022551534
Warm C,460666,2841,2840,1162,672,1,0.006897673
Warm C,87444,571,570,1162,672,1,-0.005230131
Warm C,84146,550,549,1162,672,1,0.014018431
Warm C,75902,516,515,1162,672,0,0.006555737
Warm C,48945,327,326,1162,672,1,0.006856333
Warm C,784075,4682,4681,1162,672,1,0.005060179
Warm C,47788,319,318,1162,672,1,0.008581456
Warm C,41390,280,279,1162,672,0,-0.0030429475
Warm C,5003,35,34,1162,672,0,0.00065801805
Warm C,763948,4543,4542,1162,672,1,0.0078079975
Warm C,158161,1015,1014,1162,672,0,0.0117081115
Warm C,21750,157,156,1162,672,0,0.004906246
Warm C,420984,2544,2543,1162,672,1,0.009176098
Warm C,804038,4815,4814,1162,672,1,0.0040993704
Warm C,841113,5054,5053,1162,672,0,0.0046471753
Warm C,860085,5172,5171,1162,672,0,0.010682337
Warm C,129938,840,839,1162,672,1,-0.0010469101
Warm C,489601,3013,3012,1162,672,1,0.01735629
Warm C,319329,1897,1896,1162,672,1,0.0059597385
Warm C,657519,3963,3962,1162,672,1,-0.0008657961
Warm C,958818,5787,5786,1162,672,1,0.006561999
Warm C,27664,193,192,1162,672,0,0.011078026
Warm C,275100,1666,1665,1167,673,0,0.0039267954
Warm C,220846,1339,1338,1167,673,0,0.0077483635
Warm C,277669,1676,1675,1167,673,0,0.011921969
Warm C,261747,1599,1598,1167,673,1,0.008161252
Warm C,304868,1812,1811,1167,673,0,0.009750039
Warm C,173649,1100,1099,1167,673,0,0.010269135
Warm C,248817,1501,1500,1167,673,0,0.0056429114
Warm C,272178,1645,1644,1167,673,1,0.004217323
Warm C,155866,1004,1003,1167,673,0,0.005686513
Warm C,249236,1502,1501,1167,673,1,-0.00034485222
Warm C,144904,934,933,1167,673,0,0.009746384
Warm C,143665,927,926,1167,673,0,0.009930125
Warm C,136565,881,880,1167,673,0,0.0045235874
Warm C,332644,1962,1961,1167,673,0,0.012063114
Warm C,124234,800,799,1167,673,0,0.0062026987
Warm C,360755,2106,2105,1167,673,0,0.010650313
Warm C,120401,777,776,1167,673,0,0.002384671
Warm C,106047,699,698,1167,673,0,0.006724423
Warm C,83098,549,548,1167,673,0,0.0098009575
Warm C,77497,524,523,1167,673,0,0.014124392
Warm C,61492,412,411,1167,673,1,0.011503028
Warm C,337014,1983,1982,1167,673,1,0.0065295007
Warm C,269926,1635,1634,1167,673,0,0.017555363
Warm C,13599,107,106,1167,673,0,0.005286145
Warm C,354898,2077,2076,1167,673,0,0.010014675
Warm C,234955,1425,1424,1167,673,0,0.0037513012
Warm C,363011,2116,2115,1167,673,0,-0.00017690464
Warm C,567457,3483,3482,1167,673,0,0.008619325
Warm C,331584,1958,1957,1167,673,0,0.01032538
Warm C,102225,678,677,1167,673,0,0.018181782
Warm C,476347,2926,2925,1167,673,0,0.010853393
Warm C,259451,1587,1586,1167,673,0,0.00964535
Warm C,376374,2195,2194,1167,673,1,0.010598995
Warm C,718551,4305,4304,1167,673,1,0.010193954
Warm C,666687,4013,4012,1173,676,0,-0.002993373
Warm C,680290,4078,4077,1173,676,0,0.013444638
Warm C,661304,3988,3987,1173,676,0,-0.0015955614
Warm C,633235,3824,3823,1173,676,1,0.0023217828
Warm C,632422,3823,3822,1173,676,0,0.002824552
Warm C,629440,3808,3807,1173,676,1,0.0022988904
Warm C,625746,3782,3781,1173,676,1,0.0020848983
Warm C,622676,3769,3768,1173,676,1,0.0047469004
Warm C,611087,3705,3704,1173,676,0,0.002539666
Warm C,744870,4448,4447,1173,676,1,0.007875685
Warm C,589092,3592,3591,1173,676,1,0.00041007577
Warm C,583881,3563,3562,1173,676,1,0.012867107
Warm C,583419,3562,3561,1173,676,0,0.007686757
Warm C,607122,3685,3684,1173,676,1,0.009328213
Warm C,579326,3539,3538,1173,676,1,0.009290629
Warm C,569211,3491,3490,1173,676,1,0.0069453605
Warm C,593832,3618,3617,1173,676,0,0.012671797
Warm C,570302,3499,3498,1173,676,0,-0.00075495726
Warm C,549471,3390,3389,1173,676,0,0.007506569
Warm C,533306,3292,3291,1173,676,0,0.0047954055
Warm C,532730,3290,3289,1173,676,1,-0.0035966225
Warm C,542209,3336,3335,1173,676,0,0.0062093292
Warm C,530485,3277,3276,1173,676,0,0.008551426
Warm C,558207,3428,3427,1173,676,1,0.0054462054
Warm C,526753,3259,3258,1173,676,1,0.0018933901
Warm C,531004,3280,3279,1173,676,0,0.012439973
Warm C,518736,3201,3200,1173,676,0,0.0070214015
Warm C,513498,3167,3166,1173,676,1,0.0016888985
Warm C,512833,3163,3162,1173,676,1,0.007524444
Warm C,510248,3143,3142,1173,676,0,0.00846065
Warm C,512119,3159,3158,1173,676,1,-0.003991806
Warm C,509239,3135,3134,1173,676,0,0.002247331
Warm C,511317,3154,3153,1173,676,1,0.0055777114
Warm C,738149,4411,4410,1173,676,1,0.0039042025
Warm C,482707,2967,2966,1173,676,0,0.0071583465
Warm C,476767,2928,2927,1173,676,1,0.004503594
Warm C,696284,4169,4168,1173,676,0,0.007456678
Warm C,474687,2913,2912,1173,676,1,0.007835907
Warm C,852626,5113,5112,1173,676,0,0.0065876995
Warm C,469961,2895,2894,1173,676,1,0.0072414055
Warm C,879867,5317,5316,1173,676,1,0.005692254
Warm C,463292,2857,2856,1173,676,0,0.003452748
Warm C,453727,2793,2792,1173,676,1,0.010474963
Warm C,449903,2774,2773,1173,676,0,0.0024482855
Warm C,436958,2667,2666,1173,676,0,0.008783727
Warm C,431396,2628,2627,1173,676,1,-0.0045237523
Warm C,428801,2609,2608,1173,676,1,0.005856528
Warm C,451374,2778,2777,1173,676,1,-0.0032533205
Warm C,416591,2507,2506,1173,676,1,0.0028144068
Warm C,414909,2497,2496,1173,676,1,-0.003029567
Warm C,414574,2496,2495,1173,676,1,0.0029762778
Warm C,409194,2456,2455,1173,676,1,0.005018043
Warm C,406423,2438,2437,1173,676,1,0.0024837428
Warm C,465145,2868,2867,1173,676,1,0.003736355
Warm C,400388,2383,2382,1173,676,0,0.0036718836
Warm C,391262,2301,2300,1173,676,1,0.0067125955
Warm C,392175,2304,2303,1173,676,0,0.0069474243
Warm C,385272,2251,2250,1173,676,0,0.016328208
Warm C,394201,2323,2322,1173,676,0,0.008046746
Warm C,366953,2140,2139,1173,676,0,0.0017363518
Warm C,375578,2188,2187,1173,676,1,0.0077573676
Warm C,360065,2105,2104,1173,676,0,0.012488577
Warm C,280467,1683,1682,1173,676,0,-0.0028562462
Warm C,280841,1685,1684,1173,676,0,0.0065470873
Warm C,279215,1680,1679,1173,676,0,0.007913544
Warm C,269010,1632,1631,1173,676,0,-0.0013968614
Warm C,262224,1600,1599,1173,676,0,0.007824494
Warm C,296461,1758,1757,1173,676,1,0.0075494624
Warm C,212063,1291,1290,1173,676,1,0.009503823
Warm C,226383,1370,1369,1173,676,0,0.004880626
Warm C,209144,1276,1275,1173,676,0,0.0063254028
Warm C,220358,1335,1334,1173,676,1,0.003806898
Warm C,204026,1255,1254,1173,676,1,0.0053692586
Warm C,294296,1749,1748,1173,676,0,0.007016434
Warm C,374064,2181,2180,1173,676,0,0.009632932
Warm C,255074,1552,1551,1173,676,0,0.0029771957
Warm C,346191,2030,2029,1173,676,1,0.008251376
Warm C,214847,1303,1302,1173,676,0,0.0067324196
Warm C,190904,1181,1180,1173,676,0,0.016445793
Warm C,320081,1899,1898,1173,676,1,0.0031449688
Warm C,142409,919,918,1173,676,1,0.0013434675
Warm C,313760,1873,1872,1173,676,0,0.006356666
Warm C,135024,873,872,1173,676,1,0.010322775
Warm C,131149,850,849,1173,676,0,-0.00082078204
Warm C,315234,1880,1879,1173,676,0,0.0026256011
Warm C,125855,810,809,1173,676,1,0.0058364114
Warm C,124875,802,801,1173,676,1,0.008635335
Warm C,122796,792,791,1173,676,0,0.0018376375
Warm C,210935,1285,1284,1173,676,1,0.005408532
Warm C,116188,752,751,1173,676,1,0.010117596
Warm C,179579,1125,1124,1173,676,0,0.004457202
Warm C,201542,1242,1241,1173,676,1,0.0041822027
Warm C,93515,625,624,1173,676,0,0.0064899097
Warm C,284159,1698,1697,1173,676,1,0.011320862
Warm C,228252,1383,1382,1173,676,1,0.008927839
Warm C,77507,524,523,1173,676,1,0.012774876
Warm C,72028,482,481,1173,676,0,0.008321193
Warm C,76674,520,519,1173,676,1,0.010530099
Warm C,61604,413,412,1173,676,1,0.01064604
Warm C,54180,352,351,1173,676,0,0.012913792
Warm C,48295,324,323,1173,676,0,7.320568e-05
Warm C,61505,412,411,1173,676,0,0.012434531
Warm C,42168,285,284,1173,676,1,0.0022590102
Warm C,34930,235,234,1173,676,1,0.002959713
Warm C,91960,611,610,1173,676,0,0.0045901835
Warm C,152460,981,980,1173,676,0,0.006964679
Warm C,784084,4682,4681,1173,676,1,-0.0037528311
Warm C,9510,62,61,1173,676,0,0.013327941
Warm C,8060,53,52,1173,676,0,0.0005570499
Warm C,15876,123,122,1173,676,0,0.01269201
Warm C,686512,4107,4106,1173,676,1,0.008393566
Warm C,129401,839,838,1173,676,0,0.0014480624
Warm C,237900,1447,1446,1173,676,1,0.008763287
Warm C,892954,5394,5393,1173,676,1,0.014975456
Warm C,335884,1980,1979,1173,676,1,0.009162818
Warm C,828694,4979,4978,1173,676,0,0.011702325
Warm C,439398,2684,2683,1173,676,1,0.005259803
Warm C,895408,5412,5411,1173,676,0,0.0038944217
Warm C,631557,3821,3820,1173,676,1,0.0077417083
Warm C,882127,5329,5328,1173,676,1,0.0068076807
Warm C,24639,173,172,1173,676,0,0.0043904786
Warm C,901416,5450,5449,1173,676,1,0.0005286494
Warm C,763960,4543,4542,1173,676,0,0.013590078
Warm C,310670,1851,1850,1173,676,0,0.005613143
Warm C,456070,2808,2807,1173,676,1,-0.0027359328
Warm C,290195,1733,1732,1173,676,1,0.007356775
Warm C,939908,5675,5674,1173,676,0,0.014847517
Warm C,511850,3158,3157,1173,676,1,0.012644256
Warm C,110810,721,720,1173,676,0,0.007607536
Warm C,923921,5580,5579,1173,676,0,0.004368071
Warm C,475498,2918,2917,1173,676,0,0.008046923
Warm C,208766,1274,1273,1173,676,1,0.006232351
Warm C,689847,4126,4125,1173,676,0,0.006097448
Warm C,609647,3695,3694,1173,676,1,0.008156946
Warm C,62923,424,423,1173,676,0,0.0051060114
Warm C,546806,3371,3370,1173,676,0,0.0106490385
Warm C,223052,1352,1351,1173,676,0,0.005690586
Warm C,882955,5333,5332,1173,676,0,-0.0007773547
Warm C,546081,3367,3366,1176,678,1,0.0047611156
Warm C,474688,2913,2912,1176,678,0,0.0016702083
Warm C,852628,5113,5112,1176,678,0,0.0022971747
Warm C,464634,2863,2862,1176,678,0,-0.0013444193
Warm C,459407,2829,2828,1176,678,0,0.00055045355
Warm C,460678,2841,2840,1176,678,1,0.0061889114
Warm C,449904,2774,2773,1176,678,1,0.001852898
Warm C,437748,2674,2673,1176,678,1,0.011950655
Warm C,422256,2556,2555,1176,678,1,-0.006310411
Warm C,371414,2171,2170,1176,678,1,0.0040761707
Warm C,318532,1892,1891,1176,678,1,0.00097244023
Warm C,315921,1882,1881,1176,678,1,0.007524058
Warm C,310117,1845,1844,1176,678,1,0.0066636717
Warm C,292314,1741,1740,1176,678,1,0.008920647
Warm C,274703,1660,1659,1176,678,1,0.0039766002
Warm C,272500,1646,1645,1176,678,1,-0.0036147516
Warm C,274386,1658,1657,1176,678,1,0.010500642
Warm C,319335,1897,1896,1176,678,1,0.0010549766
Warm C,220360,1335,1334,1176,678,0,0.013562795
Warm C,212247,1292,1291,1176,678,1,0.0017522452
Warm C,209757,1281,1280,1176,678,0,0.0068604555
Warm C,211785,1288,1287,1176,678,1,-0.0038222051
Warm C,209443,1279,1278,1176,678,1,0.0064958576
Warm C,208299,1273,1272,1176,678,0,-0.0064537125
Warm C,308033,1836,1835,1176,678,1,-0.0020935172
Warm C,294297,1749,1748,1176,678,1,0.010279829
Warm C,187629,1164,1163,1176,678,1,0.010699092
Warm C,184364,1147,1146,1176,678,0,0.007079279
Warm C,307426,1835,1834,1176,678,1,0.0036087567
Warm C,172629,1094,1093,1176,678,0,0.0038236696
Warm C,190906,1181,1180,1176,678,0,0.011127639
Warm C,163095,1041,1040,1176,678,1,0.0033273879
Warm C,161337,1029,1028,1176,678,1,0.0034309593
Warm C,150057,966,965,1176,678,1,1.8851832e-05
Warm C,246308,1489,1488,1176,678,0,-0.0016197554
Warm C,147744,952,951,1176,678,0,0.0050302558
Warm C,185275,1150,1149,1176,678,0,0.0015412639
Warm C,141182,910,909,1176,678,0,0.0077348584
Warm C,199433,1224,1223,1176,678,1,0.0013860539
Warm C,138276,889,888,1176,678,1,0.0055483193
Warm C,124496,801,800,1176,678,1,0.009097649
Warm C,116190,752,751,1176,678,1,0.0039405134
Warm C,100838,673,672,1176,678,1,0.0018591983
Warm C,99727,666,665,1176,678,1,0.0047522094
Warm C,176931,1117,1116,1176,678,0,0.0024754782
Warm C,228253,1383,1382,1176,678,0,0.0037315506
Warm C,89574,590,589,1176,678,1,0.00994858
Warm C,83110,549,548,1176,678,1,0.006088104
Warm C,77509,524,523,1176,678,1,0.006352925
Warm C,75699,515,514,1176,678,0,0.016529132
Warm C,60397,411,410,1176,678,0,0.0033925485
Warm C,201544,1242,1241,1176,678,0,-0.0022084378
Warm C,269938,1635,1634,1176,678,1,0.009658238
Warm C,133639,864,863,1176,678,1,0.004479437
Warm C,796049,4771,4770,1176,678,0,0.001826305
Warm C,4053,30,29,1176,678,1,0.002617256
Warm C,739401,4418,4417,1176,678,0,0.003327663
Warm C,158178,1015,1014,1176,678,0,0.0017439966
Warm C,467949,2885,2884,1176,678,1,-0.0011722201
Warm C,312878,1865,1864,1176,678,0,0.0033429097
Warm C,284846,1699,1698,1176,678,0,0.009377938
Warm C,249853,1505,1504,1176,678,0,-0.0024089327
Warm C,750411,4478,4477,1176,678,1,0.011161192
Warm C,631558,3821,3820,1176,678,1,0.008622693
Warm C,748003,4465,4464,1176,678,1,-0.000925113
Warm C,287709,1717,1716,1176,678,1,0.010844215
Warm C,135119,874,873,1176,678,1,0.0038958394
Warm C,384473,2246,2245,1176,678,0,0.002907269
Warm C,790417,4728,4727,1176,678,1,0.0066926125
Warm C,533307,3292,3291,1177,679,1,0.012544291
Warm C,526226,3253,3252,1177,679,1,0.0022351865
Warm C,522547,3224,3223,1177,679,1,0.0055729635
Warm C,523871,3229,3228,1177,679,1,0.013293176
Warm C,521440,3217,3216,1177,679,1,-0.0023728805
Warm C,512835,3163,3162,1177,679,1,0.01905821
Warm C,785460,4691,4690,1177,679,1,0.0077547254
Warm C,574743,3518,3517,1177,679,1,0.010876469
Warm C,738151,4411,4410,1177,679,1,0.011092162
Warm C,506398,3117,3116,1177,679,1,0.00581855
Warm C,499412,3067,3066,1177,679,1,0.0053501893
Warm C,799247,4790,4789,1177,679,1,0.009945738
Warm C,869317,5251,5250,1177,679,1,0.002242988
Warm C,490269,3017,3016,1177,679,0,0.016093306
Warm C,458917,2825,2824,1177,679,0,0.0011814443
Warm C,455832,2807,2806,1177,679,0,0.010742109
Warm C,446851,2753,2752,1177,679,1,-0.0021584562
Warm C,437943,2676,2675,1177,679,1,0.012705566
Warm C,429633,2617,2616,1177,679,0,0.012978374
Warm C,416593,2507,2506,1177,679,1,0.011688697
Warm C,402306,2402,2401,1177,679,0,0.008455479
Warm C,398250,2368,2367,1177,679,1,0.0031013726
Warm C,400389,2383,2382,1177,679,1,0.008348827
Warm C,377814,2205,2204,1177,679,0,0.0067312545
Warm C,372029,2173,2172,1177,679,1,0.014063134
Warm C,357455,2092,2091,1177,679,1,0.006096806
Warm C,335886,1980,1979,1177,679,1,0.018824222
Warm C,318648,1894,1893,1177,679,1,-0.0021845861
Warm C,269511,1634,1633,1177,679,1,0.00419374
Warm C,257214,1577,1576,1177,679,1,-0.0021668896
Warm C,332650,1962,1961,1177,679,0,0.0046114363
Warm C,226676,1374,1373,1177,679,1,0.00025328214
Warm C,296462,1758,1757,1177,679,1,0.013617572
Warm C,276221,1671,1670,1177,679,1,0.008767353
Warm C,204027,1255,1254,1177,679,1,0.0079697445
Warm C,245279,1481,1480,1177,679,1,-0.001563922
Warm C,279218,1680,1679,1177,679,1,0.0052892026
Warm C,196045,1205,1204,1177,679,1,-0.002101291
Warm C,187285,1162,1161,1177,679,1,0.009727292
Warm C,188966,1172,1171,1177,679,1,0.009060157
Warm C,185276,1150,1149,1177,679,1,0.015133664
Warm C,180288,1128,1127,1177,679,1,0.0035080514
Warm C,169805,1078,1077,1177,679,1,0.00828493
Warm C,163824,1050,1049,1177,679,0,0.01013085
Warm C,162674,1038,1037,1177,679,1,0.0045044855
Warm C,158932,1016,1015,1177,679,1,0.009644753
Warm C,148741,957,956,1177,679,0,0.00569629
Warm C,148535,956,955,1177,679,0,0.003921671
Warm C,341168,2011,2010,1177,679,1,0.005539051
Warm C,131150,850,849,1177,679,0,0.017225068
Warm C,128840,837,836,1177,679,0,0.009189022
Warm C,263308,1605,1604,1177,679,0,0.009929519
Warm C,107321,706,705,1177,679,1,-0.005345175
Warm C,101682,677,676,1177,679,1,-0.0023201809
Warm C,116191,752,751,1177,679,1,0.013718405
Warm C,100839,673,672,1177,679,1,0.0042134
Warm C,94584,635,634,1177,679,1,0.0025112233
Warm C,93516,625,624,1177,679,1,0.01119875
Warm C,696287,4169,4168,1177,679,1,0.014648905
Warm C,151232,973,972,1177,679,0,0.014895666
Warm C,284161,1698,1697,1177,679,0,0.009121966
Warm C,72938,493,492,1177,679,1,0.006592613
Warm C,132461,855,854,1177,679,1,0.010515739
Warm C,61034,412,411,1177,679,1,0.0027775422
Warm C,39289,267,266,1177,679,1,-0.0014378768
Warm C,35161,238,237,1177,679,0,0.014263865
Warm C,199846,1227,1226,1177,679,1,0.0096397335
Warm C,26204,187,186,1177,679,1,0.0061492184
Warm C,17320,136,135,1177,679,0,0.0075534834
Warm C,9018,62,61,1177,679,0,-0.0018052885
Warm C,7383,53,52,1177,679,1,0.0144859385
Warm C,633238,3824,3823,1177,679,1,0.011887253
Warm C,348020,2041,2040,1177,679,1,0.012989369
Warm C,158179,1015,1014,1177,679,1,0.0052259574
Warm C,42622,293,292,1177,679,1,0.0020361603
Warm C,129402,839,838,1177,679,1,0.0018978536
Warm C,933455,5636,5635,1177,679,0,0.008552534
Warm C,19710,149,148,1177,679,1,0.012298772
Warm C,234962,1425,1424,1177,679,1,-0.006165538
Warm C,768712,4579,4578,1177,679,1,0.002245415
Warm C,992884,5998,5997,1177,679,1,-0.0021763253
Warm C,476350,2926,2925,1177,679,1,0.0037275897
Warm C,62925,424,423,1177,679,0,0.006779922
Warm C,739402,4418,4417,1177,679,1,0.0010351173
Warm C,831929,5001,5000,1177,679,1,0.0073538437
Warm C,187630,1164,1163,1177,679,1,0.0022086962
Warm C,790418,4728,4727,1177,679,0,0.008897288
Warm C,315924,1882,1881,1184,683,1,0.00712899
Warm C,208302,1273,1272,1184,683,1,0.006919395
Warm C,264610,1609,1608,1184,683,1,0.01090784
Warm C,307438,1835,1834,1184,683,1,0.017142221
Warm C,328116,1941,1940,1184,683,0,0.015972449
Warm C,158194,1015,1014,1184,683,0,0.009035688
Warm C,138295,889,888,1184,683,0,0.012311579
Warm C,201551,1242,1241,1184,683,1,0.0021081972
Warm C,123110,795,794,1184,683,0,0.004059634
Warm C,112468,731,730,1184,683,1,0.011803246
Warm C,106776,702,701,1184,683,1,0.0037804635
Warm C,100847,673,672,1184,683,1,0.0016266436
Warm C,696304,4169,4168,1184,683,1,0.010577357
Warm C,89259,588,587,1184,683,1,-0.006336854
Warm C,88816,587,586,1184,683,0,0.004715335
Warm C,80544,534,533,1184,683,1,0.0013311331
Warm C,72942,493,492,1184,683,1,0.0027387156
Warm C,68212,457,456,1184,683,1,0.0044078846
Warm C,59010,402,401,1184,683,1,0.008548319
Warm C,155343,1001,1000,1184,683,1,0.017630443
Warm C,228259,1383,1382,1184,683,1,0.0053059794
Warm C,7397,53,52,1184,683,1,0.0070183934
Warm C,27766,195,194,1184,683,0,0.005128556
Warm C,169253,1074,1073,1184,683,0,0.0033029544
Warm C,317708,1889,1888,1184,683,1,0.012895504
Warm C,565579,3475,3474,1184,683,1,0.014841636
Warm C,489609,3013,3012,1184,683,0,0.006041708
Warm C,41297,279,278,1184,683,0,0.008981843
Warm C,111653,727,726,1184,683,0,0.010156199
Warm C,241205,1451,1450,1184,683,0,0.004156373
Warm C,193646,1194,1193,1184,683,1,0.0076247314
Warm C,474694,2913,2912,1187,686,0,-0.00054198655
Warm C,879875,5317,5316,1187,686,1,0.01660286
Warm C,466816,2878,2877,1187,686,1,0.014579983
Warm C,465373,2870,2869,1187,686,1,-0.0026502027
Warm C,464636,2863,2862,1187,686,0,0.0023920166
Warm C,455837,2807,2806,1187,686,1,0.008510621
Warm C,444087,2738,2737,1187,686,1,0.0024716496
Warm C,443822,2737,2736,1187,686,1,0.00914842
Warm C,696308,4169,4168,1187,686,1,0.008795474
Warm C,429564,2616,2615,1187,686,1,0.00851412
Warm C,416602,2507,2506,1187,686,1,0.008366967
Warm C,464158,2860,2859,1187,686,1,0.0085514635
Warm C,398254,2368,2367,1187,686,1,0.013812598
Warm C,393107,2309,2308,1187,686,0,0.009216845
Warm C,387282,2264,2263,1187,686,1,-0.00025673653
Warm C,381323,2230,2229,1187,686,0,0.01108378
Warm C,379728,2221,2220,1187,686,0,0.0054544974
Warm C,334984,1976,1975,1187,686,0,0.0037547448
Warm C,302868,1799,1798,1187,686,0,0.00039897882
Warm C,298096,1767,1766,1187,686,1,0.0033856437
Warm C,284172,1698,1697,1187,686,1,0.0051173675
Warm C,282028,1692,1691,1187,686,1,0.007383122
Warm C,279243,1680,1679,1187,686,1,0.003277923
Warm C,231967,1407,1406,1187,686,1,0.0019346285
Warm C,233407,1420,1419,1187,686,1,0.003737284
Warm C,325389,1926,1925,1187,686,1,0.0036088903
Warm C,319343,1897,1896,1187,686,0,0.009403313
Warm C,320090,1899,1898,1187,686,0,0.004370792
Warm C,296468,1758,1757,1187,686,1,0.007339633
Warm C,221342,1340,1339,1187,686,0,-0.0031695243
Warm C,218013,1322,1321,1187,686,1,0.011165423
Warm C,212067,1291,1290,1187,686,1,0.002266941
Warm C,209759,1281,1280,1187,686,1,0.012488719
Warm C,211790,1288,1287,1187,686,0,0.0065566124
Warm C,185291,1150,1149,1187,686,0,0.0057834378
Warm C,201552,1242,1241,1187,686,0,0.013239513
Warm C,174550,1104,1103,1187,686,1,-0.0035475455
Warm C,195445,1203,1202,1187,686,0,0.010784477
Warm C,168439,1069,1068,1187,686,1,0.018320546
Warm C,162678,1038,1037,1187,686,0,-0.0008246973
Warm C,158198,1015,1014,1187,686,1,0.017178837
Warm C,150061,966,965,1187,686,1,-0.0012617316
Warm C,148538,956,955,1187,686,1,0.013282463
Warm C,384705,2247,2246,1187,686,1,0.008550346
Warm C,140255,899,898,1187,686,0,0.0111864
Warm C,306371,1825,1824,1187,686,1,-0.0011357223
Warm C,111866,728,727,1187,686,0,0.008290639
Warm C,349287,2050,2049,1187,686,1,0.0047756024
Warm C,107325,706,705,1187,686,1,0.023499824
Warm C,98823,660,659,1187,686,1,0.009370446
Warm C,97840,655,654,1187,686,0,0.011841914
Warm C,94587,635,634,1187,686,1,0.006700501
Warm C,190924,1181,1180,1187,686,0,0.0127182035
Warm C,238935,1448,1447,1187,686,1,0.01729005
Warm C,53340,352,351,1187,686,0,0.008824944
Warm C,52399,346,345,1187,686,1,0.009801671
Warm C,47124,319,318,1187,686,1,0.011948377
Warm C,44897,303,302,1187,686,1,0.0045256405
Warm C,42634,293,292,1187,686,1,0.0045404015
Warm C,39297,267,266,1187,686,1,0.009594067
Warm C,33263,225,224,1187,686,1,0.013182454
Warm C,31661,216,215,1187,686,0,0.013352634
Warm C,26213,187,186,1187,686,1,0.009656564
Warm C,21354,157,156,1187,686,1,0.0081130825
Warm C,17334,136,135,1187,686,1,0.0073944265
Warm C,10072,72,71,1187,686,1,0.010162383
Warm C,357464,2092,2091,1187,686,1,0.0040073656
Warm C,153672,987,986,1187,686,1,0.0040557734
Warm C,49039,329,328,1187,686,1,0.006124146
Warm C,932542,5630,5629,1187,686,1,0.0066955937
Warm C,484316,2980,2979,1187,686,1,0.009264238
Warm C,420997,2544,2543,1187,686,0,0.0078505
Warm C,144915,934,933,1187,686,0,0.007858256
Warm C,860093,5172,5171,1187,686,1,0.002804717
Warm C,905301,5475,5474,1187,686,1,0.011869801
Warm C,335905,1980,1979,1187,686,1,0.008144956
Warm C,49871,331,330,1187,686,1,-0.0027711235
Warm C,287712,1717,1716,1187,686,0,0.009386741
Warm C,699680,4186,4185,1187,686,1,0.011593702
Warm C,187639,1164,1163,1187,686,1,0.006958655
Warm C,807152,4831,4830,1187,686,1,0.008423066
Warm C,293754,1748,1747,1187,686,0,0.0068154195
Warm C,790425,4728,4727,1187,686,0,0.017484318
Warm C,290210,1733,1732,1187,686,1,0.0072564865
Warm C,841127,5054,5053,1187,686,1,0.010348026
Warm C,241207,1451,1450,1187,686,1,0.009743805
Warm C,322359,1912,1911,1187,686,0,0.014310548
Warm C,443826,2737,2736,1190,689,1,0.015103327
Warm C,427637,2597,2596,1190,689,0,0.002011946
Warm C,395882,2340,2339,1190,689,1,0.01076855
Warm C,382876,2237,2236,1190,689,1,0.004582391
Warm C,365211,2125,2124,1190,689,1,0.011551021
Warm C,364320,2122,2121,1190,689,0,0.011901939
Warm C,361639,2109,2108,1190,689,0,0.010900227
Warm C,310121,1845,1844,1190,689,1,0.011644295
Warm C,279266,1680,1679,1190,689,1,0.006167492
Warm C,280850,1685,1684,1190,689,0,0.013849684
Warm C,296472,1758,1757,1190,689,1,0.004336848
Warm C,209761,1281,1280,1190,689,0,0.021844137
Warm C,196513,1207,1206,1190,689,0,0.009775438
Warm C,179115,1124,1123,1190,689,1,-0.0013092589
Warm C,168442,1069,1068,1190,689,0,0.00067095924
Warm C,159273,1017,1016,1190,689,0,0.012919611
Warm C,131164,850,849,1190,689,1,0.0038402323
Warm C,119256,770,769,1190,689,0,0.01137349
Warm C,106069,699,698,1190,689,0,0.00786048
Warm C,176951,1117,1116,1190,689,1,0.0055925627
Warm C,97845,655,654,1190,689,0,0.010671575
Warm C,696324,4169,4168,1190,689,1,0.02153518
Warm C,241214,1451,1450,1190,689,0,0.008648116
Warm C,90001,593,592,1190,689,1,0.0038868105
Warm C,432141,2634,2633,1190,689,0,0.009026113
Warm C,190940,1181,1180,1190,689,0,0.011004737
Warm C,83139,549,548,1190,689,0,0.007830495
Warm C,67191,452,451,1190,689,1,0.011484461
Warm C,201557,1242,1241,1190,689,0,0.008206509
Warm C,38134,261,260,1190,689,1,0.0077882474
Warm C,30178,203,202,1190,689,0,0.002352885
Warm C,24757,175,174,1190,689,1,0.014044909
Warm C,7418,53,52,1190,689,1,0.008273065
Warm C,633268,3824,3823,1190,689,1,0.0086774565
Warm C,158213,1015,1014,1190,689,1,0.016636575
Warm C,18499,146,145,1190,689,0,0.0070658987
Warm C,932544,5630,5629,1190,689,1,0.012126477
Warm C,34524,235,234,1190,689,0,0.017506404
Warm C,212070,1291,1290,1190,689,1,0.016836077
Warm C,891548,5387,5386,1190,689,1,-0.004870568
Warm C,575816,3520,3519,1190,689,0,0.008372685
Warm C,210154,1284,1283,1190,689,1,0.009377283
Warm C,330726,1952,1951,1190,689,1,0.013701377
Warm C,129413,839,838,1190,689,0,0.019415954
Warm C,933466,5636,5635,1190,689,1,0.022337496
Warm C,882141,5329,5328,1190,689,1,0.017128857
Warm C,19752,149,148,1190,689,1,0.008142949
Warm C,843934,5074,5073,1190,689,0,0.015431573
Warm C,608626,3691,3690,1190,689,1,0.012699466
Warm C,310683,1851,1850,1190,689,0,0.007925981
Warm C,622124,3768,3767,1190,689,0,0.0149818845
Warm C,365761,2129,2128,1190,689,0,0.00959095
Warm C,508220,3128,3127,1190,689,1,0.010684037
Warm C,261188,1597,1596,1190,689,0,0.005723373
Warm C,490279,3017,3016,1190,689,0,0.011147618
Warm C,713077,4277,4276,1190,689,1,0.017694667
Warm C,457942,2820,2819,1190,689,0,0.005288924
Warm C,317715,1889,1888,1190,689,1,0.0010714531
Warm C,160101,1019,1018,1190,689,0,0.022247583
Warm C,511856,3158,3157,1190,689,1,0.011860336
Warm C,805701,4823,4822,1190,689,1,0.014464061
Warm C,488138,3002,3001,1190,689,1,0.0010960018
Warm C,195451,1203,1202,1190,689,0,0.00931764
Warm C,772674,4607,4606,1190,689,0,0.016690455
Warm C,285319,1701,1700,1190,689,1,0.017293844
Warm C,246870,1491,1490,1190,689,0,0.009684781
Warm C,226093,1369,1368,1190,689,1,0.013926194
Warm C,463859,2859,2858,1190,689,1,0.010592189
Warm C,116214,752,751,1190,689,0,0.026994197
Warm C,790430,4728,4727,1190,689,1,0.010419766
Warm C,768722,4579,4578,1190,689,1,0.0049590776
Warm C,974327,5878,5877,1190,689,0,0.0018466576
Warm C,443828,2737,2736,1192,691,1,0.016409695
Warm C,443344,2733,2732,1192,691,1,0.0027464295
Warm C,442405,2724,2723,1192,691,1,0.01630361
Warm C,437756,2674,2673,1192,691,1,0.011300031
Warm C,416614,2507,2506,1192,691,1,0.022013586
Warm C,390702,2293,2292,1192,691,1,0.018199362
Warm C,338142,1988,1987,1192,691,0,0.029282436
Warm C,330966,1954,1953,1192,691,1,0.022188975
Warm C,295276,1753,1752,1192,691,0,0.012362906
Warm C,264150,1607,1606,1192,691,0,0.022728348
Warm C,225090,1361,1360,1192,691,1,-0.0003829205
Warm C,215320,1305,1304,1192,691,1,0.0067494535
Warm C,212071,1291,1290,1192,691,1,0.01967729
Warm C,243956,1470,1469,1192,691,0,0.036517832
Warm C,279271,1680,1679,1192,691,1,0.022895876
Warm C,158217,1015,1014,1192,691,0,0.024712618
Warm C,149005,958,957,1192,691,1,0.0006843102
Warm C,154605,998,997,1192,691,1,0.022161495
Warm C,185307,1150,1149,1192,691,0,0.023393683
Warm C,139403,891,890,1192,691,1,0.024075191
Warm C,133532,863,862,1192,691,1,0.021983303
Warm C,125374,806,805,1192,691,1,0.0041924124
Warm C,116217,752,751,1192,691,1,0.02689461
Warm C,97846,655,654,1192,691,1,0.021180412
Warm C,190945,1181,1180,1192,691,0,0.017187564
Warm C,238948,1448,1447,1192,691,1,0.02609239
Warm C,59862,408,407,1192,691,1,0.004172372
Warm C,201560,1242,1241,1192,691,0,0.019447755
Warm C,41399,281,280,1192,691,0,0.013990458
Warm C,42046,285,284,1192,691,0,0.007822015
Warm C,34528,235,234,1192,691,1,0.022551423
Warm C,33282,225,224,1192,691,1,0.01861179
Warm C,199851,1227,1226,1192,691,1,0.0135695785
Warm C,26228,187,186,1192,691,1,0.018166263
Warm C,22930,166,165,1192,691,1,0.010293392
Warm C,20317,150,149,1192,691,0,0.01843106
Warm C,306,5,4,1192,691,1,0.019898143
Warm C,500988,3079,3078,1192,691,1,0.007000639
Warm C,102265,678,677,1192,691,1,0.020765696
Warm C,635655,3832,3831,1192,691,1,0.0129500795
Warm C,464165,2860,2859,1192,691,1,0.016093574
Warm C,501302,3080,3079,1192,691,0,0.014917534
Warm C,66048,442,441,1192,691,0,0.0153677575
Warm C,753285,4489,4488,1192,691,1,0.025125483
Warm C,891549,5387,5386,1192,691,1,0.007444862
Warm C,20191,149,148,1202,700,0,0.023587316
Warm C,421283,2544,2543,1202,700,0,0.018957615
Warm C,932607,5630,5629,1202,700,1,0.012706595
Warm C,249978,1505,1504,1202,700,0,0.014647706
Warm C,713431,4277,4276,1202,700,0,0.02405376
Warm C,369277,2159,2158,1202,700,1,0.013217478
Warm C,20915,151,150,1202,700,1,0.011292841
Warm C,535166,3301,3300,1202,700,0,0.012100742
Warm C,209001,1274,1273,1202,700,1,0.012703481
Warm C,34830,235,234,1202,700,0,0.011580256
Warm C,319632,1897,1896,1202,700,0,0.021226387
Warm C,290597,1733,1732,1202,700,1,0.014714842
Warm C,638689,3841,3840,1209,707,1,0.014691617
Warm C,621400,3762,3761,1209,707,0,0.015125124
Warm C,745119,4448,4447,1209,707,1,0.017517481
Warm C,600646,3651,3650,1209,707,1,0.017756104
Warm C,598434,3641,3640,1209,707,0,0.0063231355
Warm C,597607,3635,3634,1209,707,1,0.01608966
Warm C,585904,3576,3575,1209,707,1,0.014726123
Warm C,594425,3618,3617,1209,707,0,0.01001033
Warm C,581475,3550,3549,1209,707,1,0.011573121
Warm C,572543,3507,3506,1209,707,1,0.021295328
Warm C,568836,3490,3489,1209,707,1,0.024660364
Warm C,566543,3476,3475,1209,707,1,0.0056239874
Warm C,559498,3436,3435,1209,707,1,0.012240768
Warm C,553299,3403,3402,1209,707,1,0.005033441
Warm C,553072,3402,3401,1209,707,1,0.011956736
Warm C,713445,4277,4276,1209,707,1,0.01909075
Warm C,543527,3346,3345,1209,707,1,0.008390348
Warm C,539623,3319,3318,1209,707,0,0.005357352
Warm C,531807,3283,3282,1209,707,1,0.0058954395
Warm C,530085,3272,3271,1209,707,1,0.017566096
Warm C,509290,3135,3134,1209,707,1,0.003462229
Warm C,505361,3108,3107,1209,707,0,0.014552623
Warm C,491021,3018,3017,1209,707,1,0.027128916
Warm C,768884,4579,4578,1209,707,1,0.011750504
Warm C,484198,2978,2977,1209,707,1,0.004425326
Warm C,479389,2941,2940,1209,707,1,0.012934586
Warm C,476951,2928,2927,1209,707,1,0.024102263
Warm C,471738,2901,2900,1209,707,0,0.01350791
Warm C,470674,2897,2896,1209,707,1,0.017526066
Warm C,474193,2909,2908,1209,707,1,0.014665926
Warm C,852747,5113,5112,1209,707,0,0.013526195
Warm C,463665,2857,2856,1209,707,0,0.028252222
Warm C,453174,2791,2790,1209,707,1,0.008141606
Warm C,445024,2744,2743,1209,707,0,0.0011107095
Warm C,429780,2619,2618,1209,707,1,0.01546116
Warm C,421836,2550,2549,1209,707,1,0.008125549
Warm C,421297,2544,2543,1209,707,1,0.020549249
Warm C,427128,2592,2591,1209,707,0,0.004679381
Warm C,416996,2507,2506,1209,707,1,0.0227628
Warm C,413059,2484,2483,1209,707,0,0.009837106
Warm C,432924,2638,2637,1209,707,1,0.01884463
Warm C,412208,2478,2477,1209,707,0,0.01582217
Warm C,390802,2293,2292,1209,707,1,0.013725108
Warm C,390225,2288,2287,1209,707,1,0.015423231
Warm C,389154,2279,2278,1209,707,1,0.008965793
Warm C,370134,2164,2163,1209,707,1,0.015113617
Warm C,365039,2124,2123,1209,707,1,0.018790256
Warm C,356581,2088,2087,1209,707,1,0.009509102
Warm C,375757,2188,2187,1209,707,1,0.025637716
Warm C,343815,2018,2017,1209,707,0,0.0139345415
Warm C,330045,1947,1946,1209,707,1,0.0111738
Warm C,323320,1916,1915,1209,707,0,0.023684517
Warm C,325076,1925,1924,1209,707,1,0.010819483
Warm C,282419,1693,1692,1209,707,1,0.006067294
Warm C,275771,1667,1666,1209,707,1,0.016052697
Warm C,345556,2026,2025,1209,707,1,0.007841207
Warm C,354381,2073,2072,1209,707,0,0.016568543
Warm C,294548,1749,1748,1209,707,1,0.010901543
Warm C,237455,1446,1445,1209,707,1,0.009913939
Warm C,244790,1473,1472,1209,707,1,0.012044502
Warm C,631869,3821,3820,1209,707,1,0.013934851
Warm C,317108,1884,1883,1209,707,1,0.015084162
Warm C,284588,1698,1697,1209,707,1,0.012480028
Warm C,207405,1267,1266,1209,707,1,0.016490553
Warm C,197504,1211,1210,1209,707,1,0.011248055
Warm C,197993,1216,1215,1209,707,1,0.010423051
Warm C,220101,1333,1332,1209,707,1,0.015915824
Warm C,307788,1835,1834,1209,707,1,0.02304839
Warm C,191563,1181,1180,1209,707,1,0.03102869
Warm C,165843,1057,1056,1209,707,0,0.0046044593
Warm C,162084,1033,1032,1209,707,0,0.0118471235
Warm C,162404,1034,1033,1209,707,0,0.0017272668
Warm C,160791,1021,1020,1209,707,0,0.014057502
Warm C,160495,1019,1018,1209,707,1,0.01804243
Warm C,153873,989,988,1209,707,1,0.012470122
Warm C,158755,1015,1014,1209,707,1,0.02450539
Warm C,147170,948,947,1209,707,1,0.0047024274
Warm C,144301,929,928,1209,707,1,0.02646346
Warm C,374927,2185,2184,1209,707,1,0.009609135
Warm C,141731,911,910,1209,707,0,0.015528463
Warm C,121776,783,782,1209,707,1,0.007453612
Warm C,118894,769,768,1209,707,0,0.004119861
Warm C,254187,1545,1544,1209,707,1,0.014129089
Warm C,101776,677,676,1209,707,1,0.012063035
Warm C,95612,639,638,1209,707,0,0.017354833
Warm C,72405,482,481,1209,707,1,0.020766769
Warm C,68931,461,460,1209,707,1,0.016441714
Warm C,65066,437,436,1209,707,0,0.0012134747
Warm C,59974,408,407,1209,707,1,0.0028690821
Warm C,68086,456,455,1209,707,0,0.012881867
Warm C,56502,377,376,1209,707,1,0.017241813
Warm C,240621,1449,1448,1209,707,1,0.022077378
Warm C,50912,335,334,1209,707,1,0.00861477
Warm C,696822,4169,4168,1209,707,1,0.020924754
Warm C,99125,660,659,1209,707,1,0.014367197
Warm C,148003,953,952,1209,707,1,0.0150847025
Warm C,482080,2962,2961,1209,707,0,0.025652591
Warm C,451885,2781,2780,1209,707,1,0.009191373
Warm C,9908,68,67,1209,707,0,0.0035905368
Warm C,9440,62,61,1209,707,1,0.0049758097
Warm C,55366,366,365,1209,707,1,0.007553884
Warm C,105307,696,695,1209,707,1,0.0124555025
Warm C,290608,1733,1732,1209,707,1,0.021399654
Warm C,552709,3401,3400,1209,707,1,0.020030119
Warm C,154121,993,992,1209,707,1,0.00642569
Warm C,433323,2641,2640,1209,707,1,0.021737559
Warm C,512002,3158,3157,1209,707,1,0.023747936
Warm C,958926,5787,5786,1209,707,1,0.0075953715
Warm C,322776,1912,1911,1209,707,0,0.016371017
Warm C,24538,173,172,1209,707,0,0.008885639
Warm C,371868,2172,2171,1209,707,1,0.017481565
Warm C,63478,424,423,1209,707,1,0.018358218
Warm C,906632,5484,5483,1209,707,1,0.010564057
Warm C,401098,2389,2388,1216,714,0,0.004146006
Warm C,391282,2301,2300,1216,714,0,-0.0016649995
Warm C,365313,2125,2124,1216,714,1,0.0072290283
Warm C,213754,1298,1297,1216,714,1,-0.001615129
Warm C,308994,1837,1836,1216,714,1,0.013173286
Warm C,138960,889,888,1216,714,0,0.011849007
Warm C,135923,877,876,1216,714,0,0.002127658
Warm C,134777,870,869,1216,714,0,-0.0018100725
Warm C,228629,1383,1382,1216,714,1,0.004918394
Warm C,80808,536,535,1216,714,1,0.0047440683
Warm C,40574,272,271,1216,714,1,-0.00082327216
Warm C,30877,205,204,1216,714,1,0.006660862
Warm C,4088,30,29,1216,714,1,0.005218652
Warm C,1444,13,12,1216,714,0,0.008600764
Warm C,74339,507,506,1216,714,1,-0.0017491416
Warm C,432939,2638,2637,1216,714,0,0.014462028
Warm C,212199,1291,1290,1216,714,0,0.011303518
Warm C,78738,528,527,1216,714,0,0.00774612
Warm C,605410,3679,3678,1216,714,0,-0.0015873332
Warm C,460900,2841,2840,1216,714,1,0.00938645
Warm C,20942,151,150,1216,714,1,0.0039184424
Warm C,187853,1164,1163,1216,714,1,0.008519988
Warm C,380983,2225,2224,1216,714,0,0.005339613
Warm C,28460,195,194,1216,714,1,0.009760507
Warm C,589255,3592,3591,1216,714,1,0.014898612
Warm C,857921,5156,5155,1216,714,0,0.013400845
Warm C,113638,736,735,1216,714,1,0.0077997036
Warm C,319680,1897,1896,1236,732,0,0.004989475
Warm C,212220,1291,1290,1236,732,0,0.001437214
Warm C,209835,1281,1280,1236,732,1,0.007949252
Warm C,209058,1274,1273,1236,732,1,0.0099945925
Warm C,308255,1836,1835,1236,732,0,0.008096946
Warm C,309031,1837,1836,1236,732,1,0.010280946
Warm C,294595,1749,1748,1236,732,1,0.005011931
Warm C,197541,1211,1210,1236,732,1,0.008078607
Warm C,185959,1150,1149,1236,732,1,0.01925579
Warm C,212595,1294,1293,1236,732,1,0.01082745
Warm C,307832,1835,1834,1236,732,1,0.02150989
Warm C,201867,1242,1241,1236,732,1,0.006398515
Warm C,168765,1069,1068,1236,732,1,0.008970028
Warm C,158835,1015,1014,1236,732,1,0.0010002939
Warm C,150307,968,967,1236,732,1,-0.0034889583
Warm C,150152,966,965,1236,732,0,-0.0024160712
Warm C,298264,1767,1766,1236,732,1,0.0073389355
Warm C,132791,855,854,1236,732,1,0.004185388
Warm C,112785,731,730,1236,732,0,0.010292667
Warm C,631934,3821,3820,1236,732,0,0.0057171085
Warm C,78186,527,526,1236,732,1,0.00242835
Warm C,70318,474,473,1236,732,0,0.004184348
Warm C,57296,386,385,1236,732,1,-0.0006411399
Warm C,33732,225,224,1236,732,1,0.005944926
Warm C,983080,5938,5937,1236,732,1,0.0029125586
Warm C,773486,4610,4609,1236,732,1,-0.00079931796
Warm C,169991,1079,1078,1236,732,1,0.000102195656
Warm C,290663,1733,1732,1236,732,1,0.013436635
Warm C,20985,151,150,1236,732,1,0.010034364
Warm C,34901,235,234,1236,732,1,0.014237165
Warm C,41293,278,277,1241,736,1,0.010514578
Warm C,158854,1015,1014,1241,736,0,0.016989037
Warm C,44883,302,301,1241,736,1,0.005446428
Warm C,474442,2910,2909,1241,736,1,-0.0007366268
Warm C,290676,1733,1732,1241,736,1,0.019243153
Warm C,329693,1943,1942,1241,736,1,0.014101994
Warm C,238443,1447,1446,1241,736,1,0.01048331
Warm C,63584,424,423,1241,736,1,0.0119722765
Warm C,8904,59,58,1241,736,0,0.011601381
Warm C,879202,5312,5311,1241,736,1,0.011440447
Warm C,578884,3539,3538,1273,767,1,0.012406802
Warm C,580356,3546,3545,1273,767,1,0.007934313
Warm C,713582,4277,4276,1273,767,1,0.015112309
Warm C,593266,3618,3617,1273,767,0,0.014859938
Warm C,561763,3455,3454,1273,767,1,0.012394572
Warm C,557509,3425,3424,1273,767,1,0.0072885496
Warm C,645039,3885,3884,1273,767,1,0.011032508
Warm C,543358,3346,3345,1273,767,1,0.011355039
Warm C,541932,3336,3335,1273,767,0,0.0111694075
Warm C,534558,3300,3299,1273,767,0,-0.000794281
Warm C,534252,3299,3298,1273,767,1,0.004227629
Warm C,916843,5539,5538,1273,767,1,0.0032938346
Warm C,523170,3226,3225,1273,767,1,-0.0024618588
Warm C,521832,3220,3219,1273,767,1,0.006378515
Warm C,522095,3224,3223,1273,767,1,0.011589011
Warm C,696983,4169,4168,1273,767,0,0.018662702
Warm C,510071,3142,3141,1273,767,1,0.004030144
Warm C,548655,3387,3386,1273,767,0,0.0018809591
Warm C,482502,2967,2966,1273,767,0,0.010106469
Warm C,479575,2943,2942,1273,767,1,0.0064824396
Warm C,474568,2913,2912,1273,767,1,0.007573245
Warm C,461958,2849,2848,1273,767,1,0.008241707
Warm C,457587,2820,2819,1273,767,1,0.006374327
Warm C,456865,2813,2812,1273,767,1,-0.0013715753
Warm C,448306,2764,2763,1273,767,1,0.007420254
Warm C,446259,2752,2751,1273,767,1,-0.0014753877
Warm C,445864,2750,2749,1273,767,1,0.0036427781
Warm C,564102,3471,3470,1273,767,1,0.023283552
Warm C,437698,2674,2673,1273,767,1,-0.009864808
Warm C,437331,2670,2669,1273,767,0,0.00096062967
Warm C,428497,2608,2607,1273,767,1,0.006388832
Warm C,402109,2402,2401,1273,767,1,0.0041312827
Warm C,383872,2243,2242,1273,767,1,0.006444347
Warm C,385108,2251,2250,1273,767,1,-6.0554186e-05
Warm C,381473,2231,2230,1273,767,0,0.010540911
Warm C,371941,2173,2172,1273,767,1,0.0066631683
Warm C,299319,1777,1776,1273,767,1,-0.00555454
Warm C,285862,1706,1705,1273,767,1,-0.00038677896
Warm C,292059,1741,1740,1273,767,1,0.0063789273
Warm C,284704,1699,1698,1273,767,0,0.008425217
Warm C,275977,1671,1670,1273,767,1,0.011186419
Warm C,278501,1680,1679,1273,767,0,0.013474941
Warm C,274248,1658,1657,1273,767,1,0.0124938935
Warm C,264049,1607,1606,1273,767,0,0.003826008
Warm C,631282,3821,3820,1273,767,1,0.007865828
Warm C,208172,1273,1272,1273,767,1,0.006684753
Warm C,294105,1749,1748,1273,767,1,0.010423318
Warm C,363616,2118,2117,1273,767,1,-0.004764272
Warm C,293055,1746,1745,1273,767,1,0.011755703
Warm C,189924,1179,1178,1273,767,0,0.01649341
Warm C,212357,1294,1293,1273,767,1,0.003888552
Warm C,184767,1150,1149,1273,767,1,0.010775003
Warm C,180094,1128,1127,1273,767,0,0.006181447
Warm C,176470,1116,1115,1273,767,1,0.0020343577
Warm C,190277,1181,1180,1273,767,0,0.0014952775
Warm C,157666,1015,1014,1273,767,0,0.008175346
Warm C,319787,1899,1898,1273,767,1,0.0013259887
Warm C,151897,977,976,1273,767,0,-0.00061096763
Warm C,260795,1594,1593,1273,767,0,-0.007134198
Warm C,137654,889,888,1273,767,0,0.015128086
Warm C,159726,1019,1018,1273,767,1,0.0077103777
Warm C,130936,850,849,1273,767,1,0.007630103
Warm C,130424,846,845,1273,767,1,0.014962453
Warm C,239572,1449,1448,1273,767,1,0.018134357
Warm C,201308,1242,1241,1273,767,1,0.0040930696
Warm C,210491,1285,1284,1273,767,0,0.009439334
Warm C,92095,613,612,1273,767,1,0.011636896
Warm C,283785,1698,1697,1273,767,1,0.0077864965
Warm C,83781,550,549,1273,767,1,0.013930446
Warm C,75638,515,514,1273,767,1,0.0062935213
Warm C,69414,466,465,1273,767,1,7.7952864e-05
Warm C,62184,420,419,1273,767,1,0.0037319055
Warm C,34548,235,234,1273,767,1,-0.0009542869
Warm C,21890,161,160,1273,767,1,0.0017651361
Warm C,21386,157,156,1273,767,0,0.016793434
Warm C,370858,2168,2167,1273,767,1,0.0063392143
Warm C,203632,1252,1251,1273,767,1,0.0021915443
Warm C,545945,3367,3366,1273,767,0,0.0049123457
Warm C,249727,1505,1504,1273,767,1,0.010033604
Warm C,835165,5019,5018,1273,767,1,-0.003007409
Warm C,321997,1912,1911,1273,767,0,0.010364077
Warm C,902936,5458,5457,1273,767,1,0.004855807
Warm C,193379,1194,1193,1273,767,1,-0.0021373555
Warm C,289906,1733,1732,1273,767,1,0.013389614
Warm C,310499,1851,1850,1273,767,0,0.00544547
Warm C,346547,2031,2030,1273,767,0,0.007144143
Warm C,757510,4508,4507,1279,773,0,0.016395267
Warm C,751083,4480,4479,1279,773,1,0.010336517
Warm C,741557,4430,4429,1279,773,1,0.0044520022
Warm C,744177,4447,4446,1279,773,0,0.010211907
Warm C,729602,4362,4361,1279,773,0,0.009210467
Warm C,714630,4279,4278,1279,773,0,0.015399709
Warm C,725715,4344,4343,1279,773,0,0.005079941
Warm C,678102,4064,4063,1279,773,0,0.0048373267
Warm C,784324,4682,4681,1279,773,1,0.009600302
Warm C,655660,3950,3949,1279,773,1,0.012125324
Warm C,670040,4028,4027,1279,773,1,0.00852732
Warm C,644378,3884,3883,1279,773,0,0.0029793428
Warm C,638841,3842,3841,1279,773,1,0.0050456813
Warm C,613807,3718,3717,1279,773,1,0.0029259324
Warm C,603539,3673,3672,1279,773,0,0.0063539203
Warm C,590614,3603,3602,1279,773,1,0.011417901
Warm C,588950,3592,3591,1279,773,0,0.0021127618
Warm C,583804,3563,3562,1279,773,1,-0.0007557189
Warm C,578892,3539,3538,1279,773,1,0.0006235577
Warm C,580360,3546,3545,1279,773,1,0.00719297
Warm C,593273,3618,3617,1279,773,0,0.0068937545
Warm C,560308,3444,3443,1279,773,0,0.010578968
Warm C,575062,3519,3518,1279,773,1,-2.1950575e-05
Warm C,546646,3371,3370,1279,773,1,0.008323191
Warm C,541936,3336,3335,1279,773,0,0.0052558444
Warm C,534255,3299,3298,1279,773,1,-0.00979442
Warm C,531832,3284,3283,1279,773,1,0.0074763
Warm C,532910,3292,3291,1279,773,1,0.0070805745
Warm C,534920,3301,3300,1279,773,0,0.011676896
Warm C,524778,3240,3239,1279,773,0,-0.001432165
Warm C,522100,3224,3223,1279,773,1,0.0011466104
Warm C,527211,3261,3260,1279,773,1,0.0013611205
Warm C,510410,3145,3144,1279,773,1,0.0015195606
Warm C,574560,3518,3517,1279,773,1,0.0080399625
Warm C,816154,4899,4898,1279,773,1,0.0026970073
Warm C,499077,3067,3066,1279,773,0,0.007835406
Warm C,632854,3824,3823,1279,773,1,0.0023016683
Warm C,490135,3017,3016,1279,773,0,-0.0019345961
Warm C,482508,2967,2966,1279,773,0,0.009302031
Warm C,475037,2916,2915,1279,773,1,0.00413563
Warm C,470827,2899,2898,1279,773,1,0.008484893
Warm C,465500,2872,2871,1279,773,0,0.006433243
Warm C,465316,2870,2869,1279,773,0,0.0014516404
Warm C,459554,2832,2831,1279,773,1,0.00607708
Warm C,458822,2825,2824,1279,773,0,0.0070842537
Warm C,457590,2820,2819,1279,773,0,0.011227559
Warm C,443666,2737,2736,1279,773,1,0.008767476
Warm C,431322,2628,2627,1279,773,1,0.005114304
Warm C,425147,2581,2580,1279,773,1,0.0068195015
Warm C,446652,2753,2752,1279,773,0,0.004371939
Warm C,416273,2507,2506,1279,773,1,0.0072984365
Warm C,402040,2401,2400,1279,773,1,0.010192048
Warm C,398889,2376,2375,1279,773,1,0.0060195858
Warm C,378107,2206,2205,1279,773,1,0.0003112713
Warm C,377614,2205,2204,1279,773,0,0.0040274067
Warm C,713589,4277,4276,1279,773,1,0.005707278
Warm C,347081,2036,2035,1279,773,1,0.0030606189
Warm C,346548,2031,2030,1279,773,1,0.004607249
Warm C,337888,1988,1987,1279,773,0,0.009430587
Warm C,333222,1968,1967,1279,773,0,0.015290889
Warm C,335380,1980,1979,1279,773,0,0.009033324
Warm C,304601,1812,1811,1279,773,1,0.0056290166
Warm C,286181,1709,1708,1279,773,0,0.005941421
Warm C,285866,1706,1705,1279,773,1,0.0025558984
Warm C,284708,1699,1698,1279,773,0,0.01502838
Warm C,274254,1658,1657,1279,773,1,0.007593305
Warm C,282495,1694,1693,1279,773,1,0.005414252
Warm C,278510,1680,1679,1279,773,1,0.0007274073
Warm C,268720,1632,1631,1279,773,0,0.00031039584
Warm C,256421,1565,1564,1279,773,1,-0.0068510305
Warm C,231909,1407,1406,1279,773,1,0.0060256384
Warm C,249418,1503,1502,1279,773,1,0.0040184157
Warm C,240901,1451,1450,1279,773,1,0.005843945
Warm C,357171,2092,2091,1279,773,1,0.011279
Warm C,269642,1635,1634,1279,773,1,0.009609728
Warm C,296284,1758,1757,1279,773,1,0.009056041
Warm C,212728,1297,1296,1279,773,1,0.0019988972
Warm C,203745,1253,1252,1279,773,0,0.0073665422
Warm C,329079,1943,1942,1279,773,1,0.006275348
Warm C,184772,1150,1149,1279,773,1,0.013335035
Warm C,212358,1294,1293,1279,773,1,0.013657029
Warm C,307130,1835,1834,1279,773,1,0.0022844234
Warm C,201309,1242,1241,1279,773,0,0.0066598263
Warm C,176473,1116,1115,1279,773,1,-0.0033759023
Warm C,173451,1100,1099,1279,773,1,-0.0047856607
Warm C,163614,1050,1049,1279,773,0,0.0052570165
Warm C,157670,1015,1014,1279,773,0,0.0029872805
Warm C,150253,968,967,1279,773,1,0.006473501
Warm C,149996,966,965,1279,773,1,0.0034343977
Warm C,149446,963,962,1279,773,0,0.005257137
Warm C,147694,952,951,1279,773,1,0.001016567
Warm C,142288,919,918,1279,773,1,0.0022970056
Warm C,137661,889,888,1279,773,0,0.0123686455
Warm C,159731,1019,1018,1279,773,1,0.009798229
Warm C,127606,824,823,1279,773,0,-0.002019097
Warm C,112201,731,730,1279,773,0,0.003889701
Warm C,101605,677,676,1279,773,0,-0.0019877448
Warm C,100706,673,672,1279,773,0,0.0051402985
Warm C,239578,1449,1448,1279,773,1,0.0034606755
Warm C,97658,655,654,1279,773,0,0.006593133
Warm C,94519,635,634,1279,773,1,0.0077999765
Warm C,631285,3821,3820,1279,773,0,0.005968886
Warm C,696989,4169,4168,1279,773,0,0.009182624
Warm C,283792,1698,1697,1279,773,1,0.00013227644
Warm C,322001,1912,1911,1279,773,1,0.009060157
Warm C,83790,550,549,1279,773,1,0.011995098
Warm C,190286,1181,1180,1279,773,0,0.017219536
Warm C,67678,454,453,1279,773,1,0.0075775427
Warm C,70039,474,473,1279,773,1,0.0050625717
Warm C,52429,346,345,1279,773,1,0.0073219067
Warm C,51624,339,338,1279,773,1,0.00729297
Warm C,132218,855,854,1279,773,0,0.0069156075
Warm C,31726,216,215,1279,773,0,-9.744428e-06
Warm C,29021,199,198,1279,773,0,0.0065641766
Warm C,734519,4387,4386,1279,773,0,-0.0020683133
Warm C,860240,5172,5171,1279,773,1,0.0015421608
Warm C,17373,136,135,1279,773,1,0.0052795513
Warm C,6457,46,45,1279,773,0,0.004712701
Warm C,7451,53,52,1279,773,1,0.009296361
Warm C,6214,45,44,1279,773,0,-0.0009878733
Warm C,337,5,4,1279,773,0,0.0032972044
Warm C,92971,623,622,1279,773,1,0.011386697
Warm C,245410,1483,1482,1279,773,1,0.0063466104
Warm C,202880,1246,1245,1279,773,0,0.012415631
Warm C,76258,518,517,1279,773,1,0.0040430143
Warm C,370863,2168,2167,1279,773,1,0.0049912496
Warm C,475355,2918,2917,1279,773,0,0.0062403586
Warm C,114191,743,742,1279,773,1,0.008491019
Warm C,750568,4478,4477,1279,773,1,0.008350192
Warm C,195181,1203,1202,1279,773,0,0.0028468189
Warm C,699860,4186,4185,1279,773,1,0.00351849
Warm C,289914,1733,1732,1279,773,1,0.0026660261
Warm C,790623,4728,4727,1279,773,0,0.013460715
Warm C,214604,1303,1302,1279,773,0,0.012451086
Warm C,725727,4344,4343,1289,783,1,0.0051757838
Warm C,717470,4298,4297,1289,783,1,-0.00079742493
Warm C,711523,4269,4268,1289,783,1,0.0017747465
Warm C,702922,4215,4214,1289,783,1,0.0031818962
Warm C,678122,4064,4063,1289,783,1,0.008225139
Warm C,669677,4026,4025,1289,783,1,0.00810104
Warm C,646987,3894,3893,1289,783,1,0.004575579
Warm C,644389,3884,3883,1289,783,0,0.0047463183
Warm C,804433,4816,4815,1289,783,1,0.010537027
Warm C,639538,3844,3843,1289,783,1,0.0067367745
Warm C,634591,3829,3828,1289,783,1,0.002817608
Warm C,630215,3811,3810,1289,783,1,-0.0022501787
Warm C,629008,3808,3807,1289,783,1,0.005886027
Warm C,625728,3782,3781,1289,783,1,0.007014986
Warm C,626154,3790,3789,1289,783,1,-0.0064106295
Warm C,623722,3773,3772,1289,783,0,0.010855837
Warm C,621859,3768,3767,1289,783,1,0.0064498116
Warm C,618784,3751,3750,1289,783,0,0.012210894
Warm C,584403,3568,3567,1289,783,0,0.005033055
Warm C,580767,3547,3546,1289,783,1,0.006760708
Warm C,576027,3521,3520,1289,783,1,0.0036366445
Warm C,581196,3550,3549,1289,783,1,-0.0030269865
Warm C,713603,4277,4276,1289,783,1,0.0073917084
Warm C,564876,3472,3471,1289,783,0,-0.000307329
Warm C,904336,5468,5467,1289,783,1,0.004518162
Warm C,551124,3394,3393,1289,783,1,0.011205478
Warm C,549394,3390,3389,1289,783,1,0.0032564253
Warm C,543366,3346,3345,1289,783,1,-0.0004960082
Warm C,580371,3546,3545,1289,783,1,0.008679427
Warm C,528479,3266,3265,1289,783,1,0.0035499446
Warm C,522115,3224,3223,1289,783,1,0.0051367623
Warm C,510419,3145,3144,1289,783,1,0.004741473
Warm C,505512,3110,3109,1289,783,0,0.011227684
Warm C,916851,5539,5538,1289,783,1,0.0032171123
Warm C,545953,3367,3366,1289,783,1,0.003761438
Warm C,768953,4579,4578,1289,783,1,0.009328432
Warm C,484065,2978,2977,1289,783,0,0.006340602
Warm C,479118,2941,2940,1289,783,1,0.008039735
Warm C,484766,2986,2985,1289,783,0,0.013477781
Warm C,457598,2820,2819,1289,783,0,0.009680593
Warm C,459057,2826,2825,1289,783,0,0.0017655538
Warm C,448317,2764,2763,1289,783,0,-0.00049214624
Warm C,443553,2736,2735,1289,783,0,0.010434189
Warm C,437701,2674,2673,1289,783,1,0.015534032
Warm C,439321,2684,2683,1289,783,1,-0.0076579205
Warm C,437338,2670,2669,1289,783,0,0.0053983307
Warm C,424176,2572,2571,1289,783,1,0.005079438
Warm C,415986,2506,2505,1289,783,0,0.006032562
Warm C,416290,2507,2506,1289,783,1,0.0064211274
Warm C,401792,2397,2396,1289,783,0,0.0024637643
Warm C,393212,2310,2309,1289,783,0,0.0006694766
Warm C,390591,2293,2292,1289,783,1,0.011931207
Warm C,391858,2304,2303,1289,783,1,0.00711663
Warm C,388812,2279,2278,1289,783,1,0.011965525
Warm C,377622,2205,2204,1289,783,0,0.0034547686
Warm C,371942,2173,2172,1289,783,1,0.00011580193
Warm C,358367,2098,2097,1289,783,0,0.00012347789
Warm C,352876,2067,2066,1289,783,1,0.009991956
Warm C,357188,2092,2091,1289,783,0,-0.00046345615
Warm C,310243,1846,1845,1289,783,1,-0.0029235596
Warm C,295169,1753,1752,1289,783,1,-0.002314616
Warm C,281957,1692,1691,1289,783,1,0.0041321497
Warm C,275359,1667,1666,1289,783,0,0.0112134535
Warm C,275994,1671,1670,1289,783,0,0.0038536987
Warm C,252018,1525,1524,1289,783,1,0.003708035
Warm C,315847,1882,1881,1289,783,1,-0.0024278513
Warm C,325167,1926,1925,1289,783,1,0.0014758613
Warm C,283810,1698,1697,1289,783,1,0.00030757743
Warm C,220776,1339,1338,1289,783,1,0.0040143495
Warm C,289144,1727,1726,1289,783,1,0.014868788
Warm C,239597,1449,1448,1289,783,0,0.0025509086
Warm C,207282,1267,1266,1289,783,1,0.0117067415
Warm C,278537,1680,1679,1289,783,1,0.010848738
Warm C,294122,1749,1748,1289,783,0,0.0051465826
Warm C,190311,1181,1180,1289,783,0,0.021411639
Warm C,327502,1941,1940,1289,783,0,0.011176435
Warm C,210510,1285,1284,1289,783,1,0.012044705
Warm C,319805,1899,1898,1289,783,0,0.0028077501
Warm C,156141,1005,1004,1289,783,1,-0.003821044
Warm C,166896,1062,1061,1289,783,1,0.016922388
Warm C,157686,1015,1014,1289,783,1,0.0020005594
Warm C,151450,975,974,1289,783,1,0.00185228
Warm C,148947,958,957,1289,783,1,0.0024182666
Warm C,146673,946,945,1289,783,1,0.0056647826
Warm C,137685,889,888,1289,783,0,0.0021057143
Warm C,127613,824,823,1289,783,0,-0.0030304785
Warm C,314883,1880,1879,1289,783,1,0.0007081069
Warm C,108891,713,712,1289,783,0,0.0011943374
Warm C,103767,690,689,1289,783,1,0.0049068355
Warm C,97668,655,654,1289,783,1,0.0021217698
Warm C,316553,1884,1883,1289,783,1,0.0071050813
Warm C,221982,1343,1342,1289,783,1,0.0059318
Warm C,92100,613,612,1289,783,0,-0.0012432192
Warm C,88084,580,579,1289,783,0,0.0005915039
Warm C,169475,1077,1076,1289,783,0,0.00017636258
Warm C,83812,550,549,1289,783,1,0.0065020826
Warm C,74355,508,507,1289,783,1,0.00537402
Warm C,201313,1242,1241,1289,783,1,0.004156008
Warm C,34067,230,229,1289,783,1,0.0024546513
Warm C,36192,245,244,1289,783,0,0.009242209
Warm C,88683,587,586,1289,783,0,0.0066496762
Warm C,947692,5722,5721,1289,783,1,0.008329408
Warm C,440054,2691,2690,1289,783,1,0.0068773283
Warm C,61705,415,414,1289,783,1,0.01130227
Warm C,17386,136,135,1289,783,1,0.008750191
Warm C,19785,149,148,1289,783,1,0.0046249214
Warm C,267808,1628,1627,1289,783,0,0.0054150326
Warm C,686395,4107,4106,1289,783,1,0.001368162
Warm C,24182,173,172,1289,783,1,0.005244076
Warm C,874063,5277,5276,1289,783,0,0.0015226435
Warm C,750576,4478,4477,1289,783,0,0.005926907
Warm C,161249,1029,1028,1289,783,1,0.0050805984
Warm C,261552,1599,1598,1289,783,1,0.0046131313
Warm C,294757,1752,1751,1289,783,0,0.013691492
Warm C,325990,1930,1929,1289,783,1,0.01240682
Warm C,41302,279,278,1289,783,0,0.0063392874
Warm C,194653,1202,1201,1289,783,1,0.011564301
Warm C,840494,5049,5048,1289,783,1,-0.0010488208
Warm C,372576,2176,2175,1289,783,1,0.005043598
Warm C,193389,1194,1193,1289,783,1,0.004735657
Warm C,195188,1203,1202,1289,783,1,0.0075922804
Warm C,825707,4958,4957,1289,783,1,0.0063239606
Warm C,506200,3114,3113,1305,799,1,0.008971992
Warm C,482701,2967,2966,1305,799,1,0.007639145
Warm C,697352,4169,4168,1305,799,0,0.016904071
Warm C,473592,2909,2908,1305,799,1,0.00045950618
Warm C,457901,2820,2819,1305,799,0,0.0046311393
Warm C,453714,2793,2792,1305,799,1,0.0135641
Warm C,446394,2752,2751,1305,799,1,0.01450629
Warm C,431392,2628,2627,1305,799,1,0.014594742
Warm C,416578,2507,2506,1305,799,1,-0.0009558955
Warm C,391259,2301,2300,1305,799,1,0.0064863423
Warm C,392170,2304,2303,1305,799,1,0.021109356
Warm C,389431,2282,2281,1305,799,1,0.0022134238
Warm C,388548,2275,2274,1305,799,1,-0.0029922784
Warm C,298328,1768,1767,1305,799,1,0.0069756936
Warm C,268999,1632,1631,1305,799,1,0.014896777
Warm C,258195,1583,1582,1305,799,1,0.006977942
Warm C,216658,1316,1315,1305,799,0,0.0045813452
Warm C,220350,1335,1334,1305,799,0,0.004766074
Warm C,294285,1749,1748,1305,799,1,0.010449728
Warm C,279186,1680,1679,1305,799,1,0.013072081
Warm C,180281,1128,1127,1305,799,1,0.0051751304
Warm C,346184,2030,2029,1305,799,1,0.0021085409
Warm C,246298,1489,1488,1305,799,1,0.000101937214
Warm C,185249,1150,1149,1305,799,0,0.010905754
Warm C,138247,889,888,1305,799,0,0.012522237
Warm C,131143,850,849,1305,799,1,0.009386592
Warm C,160065,1019,1018,1305,799,1,0.012076726
Warm C,210915,1285,1284,1305,799,1,0.010957563
Warm C,240043,1449,1448,1305,799,0,0.020379469
Warm C,116173,752,751,1305,799,1,0.008964234
Warm C,101675,677,676,1305,799,1,0.0043123467
Warm C,631546,3821,3820,1305,799,1,0.006893118
Warm C,332213,1960,1959,1305,799,1,0.0018244023
Warm C,316791,1884,1883,1305,799,0,0.009404048
Warm C,228245,1383,1382,1305,799,0,0.005109446
Warm C,99560,664,663,1305,799,0,-0.0021567608
Warm C,190883,1181,1180,1305,799,0,0.02108651
Warm C,83092,549,548,1305,799,0,0.006411288
Warm C,75696,515,514,1305,799,1,0.015170502
Warm C,308597,1837,1836,1305,799,1,0.013010874
Warm C,58265,392,391,1305,799,0,0.019902317
Warm C,42920,293,292,1305,799,1,0.0076187346
Warm C,22130,161,160,1305,799,1,0.005103366
Warm C,916896,5539,5538,1305,799,1,0.011778459
Warm C,8031,53,52,1305,799,1,0.005043861
Warm C,357445,2092,2091,1305,799,1,0.010097944
Warm C,481805,2962,2961,1305,799,0,0.00414793
Warm C,287705,1717,1716,1305,799,1,0.005482874
Warm C,129387,839,838,1305,799,1,0.00947023
Warm C,203666,1252,1251,1305,799,1,0.010880906
Warm C,158156,1015,1014,1305,799,1,0.002983715
Warm C,750649,4478,4477,1305,799,0,0.010428484
Warm C,431034,2627,2626,1305,799,0,0.0065175965
Warm C,28520,195,194,1305,799,1,0.014351881
Warm C,901575,5450,5449,1305,799,0,0.012070997
Warm C,564394,3471,3470,1305,799,0,0.01193875
Warm C,24609,173,172,1305,799,0,-0.0026903534
Warm C,977933,5892,5891,1305,799,1,-0.006218766
Warm C,136562,881,880,1305,799,0,0.011141232
Warm C,276213,1671,1670,1305,799,0,0.004291186
Warm C,217027,1317,1316,1305,799,1,0.010404855
Warm C,541012,3328,3327,1306,800,1,0.009736868
Warm C,520009,3208,3207,1306,800,1,0.016585892
Warm C,517407,3193,3192,1306,800,0,0.00907013
Warm C,514035,3172,3171,1306,800,1,0.0028749795
Warm C,513497,3167,3166,1306,800,1,0.0022916629
Warm C,506691,3118,3117,1306,800,1,0.011544602
Warm C,505604,3110,3109,1306,800,0,0.006330689
Warm C,503305,3092,3091,1306,800,1,0.009332806
Warm C,574734,3518,3517,1306,800,0,0.019877069
Warm C,633222,3824,3823,1306,800,0,0.0072808983
Warm C,483402,2971,2970,1306,800,1,-0.0076263575
Warm C,852879,5113,5112,1306,800,0,0.0152498605
Warm C,460665,2841,2840,1306,800,1,0.010488277
Warm C,444238,2740,2739,1306,800,1,-0.0020769243
Warm C,475490,2918,2917,1306,800,1,0.011255632
Warm C,437742,2674,2673,1306,800,0,-0.004006383
Warm C,430491,2624,2623,1306,800,1,0.010459576
Warm C,416580,2507,2506,1306,800,1,0.031543165
Warm C,411049,2466,2465,1306,800,1,0.007470323
Warm C,395571,2338,2337,1306,800,1,0.0065734745
Warm C,374058,2181,2180,1306,800,0,0.020874336
Warm C,346629,2031,2030,1306,800,1,0.009600855
Warm C,345471,2026,2025,1306,800,0,0.0068147024
Warm C,310986,1852,1851,1306,800,1,0.0044353977
Warm C,300868,1784,1783,1306,800,0,0.0009364635
Warm C,287706,1717,1716,1306,800,1,0.0073870295
Warm C,292306,1741,1740,1306,800,1,0.0025524804
Warm C,276942,1675,1674,1306,800,1,0.013427921
Warm C,270566,1637,1636,1306,800,1,0.0042492948
Warm C,279188,1680,1679,1306,800,0,0.010536704
Warm C,269001,1632,1631,1306,800,1,0.023171274
Warm C,253888,1544,1543,1306,800,0,0.006849979
Warm C,254090,1545,1544,1306,800,0,0.020632502
Warm C,251602,1522,1521,1306,800,0,0.0074525313
Warm C,237170,1442,1441,1306,800,1,0.015959416
Warm C,296453,1758,1757,1306,800,1,0.012057584
Warm C,210917,1285,1284,1306,800,0,0.019647434
Warm C,207985,1272,1271,1306,800,1,0.011195081
Warm C,204561,1260,1259,1306,800,1,0.007202063
Warm C,202023,1243,1242,1306,800,0,0.003973335
Warm C,214833,1303,1302,1306,800,0,0.018930474
Warm C,243924,1470,1469,1306,800,0,0.010148221
Warm C,185251,1150,1149,1306,800,0,0.010857541
Warm C,180282,1128,1127,1306,800,0,0.011319
Warm C,168423,1069,1068,1306,800,0,0.01390559
Warm C,158157,1015,1014,1306,800,1,0.0106329955
Warm C,149579,963,962,1306,800,0,0.0158563
Warm C,128303,830,829,1306,800,0,0.011328747
Warm C,97828,655,654,1306,800,1,0.0093525965
Warm C,697353,4169,4168,1306,800,1,0.018388778
Warm C,90935,602,601,1306,800,1,0.008331597
Warm C,87443,571,570,1306,800,1,0.0033094431
Warm C,308598,1837,1836,1306,800,1,0.016269926
Warm C,86110,563,562,1306,800,0,0.008574507
Warm C,83094,549,548,1306,800,1,0.0072060367
Warm C,84142,550,549,1306,800,1,0.015981501
Warm C,74396,508,507,1306,800,1,-0.000863533
Warm C,69851,471,470,1306,800,1,0.0063318703
Warm C,63684,425,424,1306,800,1,0.01750245
Warm C,35685,241,240,1306,800,0,0.0053462964
Warm C,481806,2962,2961,1306,800,0,0.006102572
Warm C,21743,157,156,1306,800,0,0.021589484
Warm C,20980,151,150,1306,800,1,0.008571446
Warm C,107929,710,709,1306,800,0,0.011591795
Warm C,3125,23,22,1306,800,1,0.010259086
Warm C,932685,5630,5629,1306,800,1,0.0074518765
Warm C,44864,302,301,1306,800,0,0.012576151
Warm C,129389,839,838,1306,800,0,0.014857817
Warm C,975363,5880,5879,1306,800,0,0.011640356
Warm C,241866,1457,1456,1306,800,0,0.012388676
Warm C,28522,195,194,1306,800,1,0.020928714
Warm C,290183,1733,1732,1306,800,0,0.012432406
Warm C,26690,188,187,1306,800,0,0.011414339
Warm C,868272,5242,5241,1306,800,1,0.0034998197
Warm C,806892,4829,4828,1306,800,0,0.0019509387
Warm C,891889,5387,5386,1306,800,1,0.009620423
Warm C,537146,3311,3310,1330,805,0,-0.00601016
Warm C,512846,3163,3162,1330,805,0,0.0033725533
Warm C,566259,3476,3475,1330,805,0,0.007855674
Warm C,605793,3681,3680,1330,805,0,-0.004422875
Warm C,508624,3129,3128,1330,805,1,0.0015362697
Warm C,494141,3032,3031,1330,805,1,0.0008055612
Warm C,600030,3650,3649,1330,805,0,0.005057278
Warm C,477171,2929,2928,1330,805,0,0.01450221
Warm C,467761,2883,2882,1330,805,0,0.0006398917
Warm C,487044,2996,2995,1330,805,0,0.0124777695
Warm C,463304,2857,2856,1330,805,1,0.006678615
Warm C,450275,2776,2775,1330,805,1,0.004582987
Warm C,426483,2590,2589,1330,805,0,-0.0033225017
Warm C,377821,2205,2204,1330,805,0,0.0015443112
Warm C,359088,2101,2100,1330,805,1,-0.0020701713
Warm C,331606,1958,1957,1330,805,0,0.00020943722
Warm C,305837,1820,1819,1330,805,0,0.003600829
Warm C,298532,1770,1769,1330,805,0,0.0019383591
Warm C,279249,1680,1679,1330,805,1,0.0074425577
Warm C,299070,1776,1775,1330,805,1,0.0047945445
Warm C,259462,1587,1586,1330,805,0,-0.0027671116
Warm C,247689,1496,1495,1330,805,0,-0.000982777
Warm C,227142,1377,1376,1330,805,0,0.009880851
Warm C,214087,1300,1299,1330,805,0,-0.0028894602
Warm C,240079,1449,1448,1330,805,0,0.011815011
Warm C,328120,1941,1940,1330,805,1,0.008162709
Warm C,192364,1184,1183,1330,805,0,0.005322141
Warm C,307440,1835,1834,1330,805,1,0.009983294
Warm C,176393,1115,1114,1330,805,0,0.0021986808
Warm C,184000,1146,1145,1330,805,1,0.008460788
Warm C,159267,1017,1016,1330,805,0,-0.0023609076
Warm C,164553,1051,1050,1330,805,1,0.011566118
Warm C,263324,1605,1604,1330,805,1,-0.00047854177
Warm C,125550,808,807,1330,805,0,0.00092836143
Warm C,115395,749,748,1330,805,1,-0.0058827745
Warm C,114090,741,740,1330,805,1,0.010350997
Warm C,104855,695,694,1330,805,1,0.00011379126
Warm C,92754,621,620,1330,805,0,-0.00015891274
Warm C,83127,549,548,1330,805,1,0.0079753045
Warm C,238937,1448,1447,1330,805,0,0.008893483
Warm C,77526,524,523,1330,805,0,0.00072041247
Warm C,57527,390,389,1330,805,0,9.949086e-05
Warm C,132468,855,854,1330,805,0,0.006189864
Warm C,41112,278,277,1330,805,0,-0.00044710492
Warm C,99846,667,666,1330,805,1,0.007356801
Warm C,432697,2638,2637,1330,805,0,-0.00033638324
Warm C,954317,5761,5760,1330,805,0,-0.00027634762
Warm C,102254,678,677,1330,805,0,0.0025512108
Warm C,556550,3420,3419,1330,805,1,-0.0047099055
Warm C,750652,4478,4477,1330,805,0,-0.009442681
Warm C,335909,1980,1979,1330,805,1,0.0058013694
Warm C,473634,2909,2908,1330,805,0,-0.0008174918
Warm C,322364,1912,1911,1330,805,0,0.0025911895
Warm C,474363,2910,2909,1330,805,1,0.0016262145
Warm C,62946,424,423,1330,805,0,0.01256557
Warm C,145802,937,936,1330,805,1,-0.005240064
Warm C,566261,3476,3475,1332,806,0,0.01772232
Warm C,605795,3681,3680,1332,806,1,0.0020492782
Warm C,509641,3139,3138,1332,806,0,0.013017338
Warm C,496880,3053,3052,1332,806,0,-0.0001675766
Warm C,490767,3018,3017,1332,806,1,0.002404505
Warm C,539902,3320,3319,1332,806,0,0.0057783173
Warm C,697369,4169,4168,1332,806,0,0.015505361
Warm C,852884,5113,5112,1332,806,0,0.004037954
Warm C,754915,4497,4496,1332,806,0,0.0053426838
Warm C,463306,2857,2856,1332,806,0,0.0055379616
Warm C,457938,2820,2819,1332,806,0,-0.007536025
Warm C,446409,2752,2751,1332,806,0,0.011094764
Warm C,426485,2590,2589,1332,806,0,0.00062617834
Warm C,416611,2507,2506,1332,806,0,0.0122456895
Warm C,374075,2181,2180,1332,806,1,0.0029882318
Warm C,364759,2124,2123,1332,806,0,-0.0025561855
Warm C,326312,1931,1930,1332,806,1,0.0046030767
Warm C,305839,1820,1819,1332,806,1,0.007554903
Warm C,288268,1722,1721,1332,806,1,0.0063866694
Warm C,279253,1680,1679,1332,806,1,0.011370176
Warm C,260652,1593,1592,1332,806,0,0.002021778
Warm C,255272,1554,1553,1332,806,0,0.014378585
Warm C,247691,1496,1495,1332,806,0,0.020823464
Warm C,232444,1412,1411,1332,806,0,0.0025321497
Warm C,249515,1503,1502,1332,806,0,0.012234837
Warm C,243949,1470,1469,1332,806,0,0.008119095
Warm C,328125,1941,1940,1332,806,0,0.012957938
Warm C,334599,1974,1973,1332,806,0,0.013569931
Warm C,184001,1146,1145,1332,806,0,0.004988525
Warm C,159269,1017,1016,1332,806,0,0.0062221196
Warm C,158206,1015,1014,1332,806,0,0.0137848575
Warm C,151600,975,974,1332,806,1,0.009185232
Warm C,133008,858,857,1332,806,1,0.006139339
Warm C,210960,1285,1284,1332,806,1,0.0075104623
Warm C,103411,687,686,1332,806,0,0.002276226
Warm C,84957,552,551,1332,806,0,0.00502287
Warm C,83131,549,548,1332,806,1,0.008535594
Warm C,238941,1448,1447,1332,806,0,0.0008696157
Warm C,80193,533,532,1332,806,0,0.012443138
Warm C,62949,424,423,1332,806,0,0.016144522
Warm C,45136,305,304,1332,806,1,-0.0030038012
Warm C,481829,2962,2961,1332,806,1,0.0073153223
Warm C,14285,117,116,1337,809,0,0.0045090094
Warm C,7264,51,50,1337,809,1,-0.005026716
Warm C,622125,3768,3767,1337,809,1,0.0045819506
Warm C,473644,2909,2908,1337,809,0,0.017454786
Warm C,688073,4116,4115,1346,816,0,0.011709017
Warm C,707422,4238,4237,1346,816,0,0.02119032
Warm C,675465,4053,4052,1346,816,1,0.014904948
Warm C,672111,4040,4039,1346,816,0,0.0066280253
Warm C,682471,4085,4084,1346,816,1,0.02467572
Warm C,663500,3998,3997,1346,816,1,0.014884952
Warm C,662817,3995,3994,1346,816,0,0.012124725
Warm C,652585,3934,3933,1346,816,0,0.014946433
Warm C,651437,3929,3928,1346,816,0,0.0094967615
Warm C,647267,3896,3895,1346,816,0,-0.0012898073
Warm C,648250,3903,3902,1346,816,0,0.0040407977
Warm C,639129,3842,3841,1346,816,0,0.01645497
Warm C,628694,3807,3806,1346,816,1,0.017711608
Warm C,628167,3804,3803,1346,816,1,0.0025942437
Warm C,629481,3808,3807,1346,816,0,0.016479688
Warm C,638187,3841,3840,1346,816,1,0.013827378
Warm C,623392,3771,3770,1346,816,0,0.02243884
Warm C,615663,3727,3726,1346,816,0,0.017703028
Warm C,604849,3677,3676,1346,816,0,0.004956021
Warm C,609163,3693,3692,1346,816,1,0.019695938
Warm C,621228,3762,3761,1346,816,0,0.011343409
Warm C,745370,4448,4447,1346,816,1,0.019835124
Warm C,633287,3824,3823,1346,816,0,0.015740106
Warm C,596598,3626,3625,1346,816,0,0.011869475
Warm C,583458,3562,3561,1346,816,0,0.013756713
Warm C,577929,3529,3528,1346,816,0,0.009579095
Warm C,876215,5289,5288,1346,816,0,0.011086112
Warm C,569247,3491,3490,1346,816,1,0.008984893
Warm C,657129,3961,3960,1346,816,1,0.018622704
Warm C,533354,3292,3291,1346,816,1,0.021665085
Warm C,542231,3336,3335,1346,816,0,0.01698804
Warm C,529142,3271,3270,1346,816,0,0.020163232
Warm C,528196,3265,3264,1346,816,0,0.009438044
Warm C,518764,3201,3200,1346,816,1,0.005017843
Warm C,522588,3224,3223,1346,816,0,0.020488277
Warm C,566280,3476,3475,1346,816,0,0.015332143
Warm C,509503,3138,3137,1346,816,0,0.014725472
Warm C,505448,3109,3108,1346,816,0,0.008023719
Warm C,501788,3081,3080,1346,816,0,0.026540957
Warm C,499446,3067,3066,1346,816,0,0.01900063
Warm C,494170,3032,3031,1346,816,1,0.015698098
Warm C,490783,3018,3017,1346,816,0,0.030590504
Warm C,697387,4169,4168,1346,816,0,0.024366865
Warm C,473661,2909,2908,1346,816,1,0.019015526
Warm C,754921,4497,4496,1346,816,0,0.003924329
Warm C,463330,2857,2856,1346,816,0,0.01828013
Warm C,462243,2852,2851,1346,816,1,0.009292785
Warm C,457959,2820,2819,1346,816,0,0.018532688
Warm C,453767,2793,2792,1346,816,1,0.02314666
Warm C,790753,4728,4727,1346,816,1,0.013883237
Warm C,418710,2529,2528,1346,816,0,0.021630427
Warm C,415519,2503,2502,1346,816,1,0.011843018
Warm C,411573,2472,2471,1346,816,0,0.019082366
Warm C,402008,2400,2399,1346,816,0,0.004076966
Warm C,402329,2402,2401,1346,816,0,0.017374104
Warm C,397202,2352,2351,1346,816,1,-0.0016676076
Warm C,388980,2279,2278,1346,816,1,0.011230248
Warm C,369934,2164,2163,1346,816,0,0.014227416
Warm C,350129,2055,2054,1346,816,1,0.018525321
Warm C,339414,1999,1998,1346,816,0,-0.0044725575
Warm C,337033,1983,1982,1346,816,0,0.01688372
Warm C,326319,1931,1930,1346,816,1,0.017201241
Warm C,305395,1816,1815,1346,816,1,0.015639879
Warm C,300729,1781,1780,1346,816,0,0.009153523
Warm C,288279,1722,1721,1346,816,1,0.005595325
Warm C,276983,1675,1674,1346,816,1,0.012192616
Warm C,270917,1639,1638,1346,816,1,0.013330905
Warm C,392211,2304,2303,1346,816,1,0.010783989
Warm C,350725,2059,2058,1346,816,0,0.0033307464
Warm C,242822,1465,1464,1346,816,0,0.02086071
Warm C,262240,1600,1599,1346,816,0,0.022780944
Warm C,220375,1335,1334,1346,816,0,0.015192944
Warm C,240109,1449,1448,1346,816,0,0.023576505
Warm C,200926,1238,1237,1346,816,0,0.008043546
Warm C,328160,1941,1940,1346,816,0,0.022659421
Warm C,334612,1974,1973,1346,816,0,0.022125952
Warm C,307460,1835,1834,1346,816,1,0.019118717
Warm C,182800,1140,1139,1346,816,0,0.012423198
Warm C,179127,1124,1123,1346,816,1,0.015047684
Warm C,196521,1207,1206,1346,816,0,0.0019191687
Warm C,159282,1017,1016,1346,816,0,0.01075151
Warm C,158238,1015,1014,1346,816,1,0.019663278
Warm C,153059,984,983,1346,816,1,0.017705502
Warm C,148315,955,954,1346,816,0,0.013655987
Warm C,133870,868,867,1346,816,1,-0.0012568771
Warm C,315275,1880,1879,1346,816,0,0.01724308
Warm C,125558,808,807,1346,816,0,0.015333796
Warm C,210977,1285,1284,1346,816,1,0.013674645
Warm C,115409,749,748,1346,816,0,0.009450063
Warm C,103688,689,688,1346,816,0,-0.0033719444
Warm C,201568,1242,1241,1346,816,0,0.01421153
Warm C,97049,651,650,1346,816,1,0.013456405
Warm C,316828,1884,1883,1346,816,1,0.015565608
Warm C,174654,1105,1104,1346,816,1,0.0033483123
Warm C,190966,1181,1180,1346,816,0,0.020695701
Warm C,83157,549,548,1346,816,0,0.02766306
Warm C,77550,524,523,1346,816,1,0.013400879
Warm C,81695,543,542,1346,816,1,0.0063626408
Warm C,41127,278,277,1346,816,1,0.015906591
Warm C,37307,255,254,1346,816,1,0.0044261473
Warm C,984211,5948,5947,1346,816,1,-0.003038284
Warm C,36163,245,244,1346,816,0,0.019194257
Warm C,29560,202,201,1346,816,0,0.019218829
Warm C,290236,1733,1732,1346,816,0,0.020512892
Warm C,553960,3410,3409,1346,816,0,0.0069283135
Warm C,365772,2129,2128,1346,816,1,0.005211821
Warm C,30978,208,207,1346,816,0,0.020048816
Warm C,622141,3768,3767,1346,816,0,0.015236044
Warm C,102281,678,677,1346,816,1,0.00951326
Warm C,760808,4520,4519,1346,816,0,0.00589228
Warm C,62977,424,423,1346,816,0,0.016758608
Warm C,713886,4277,4276,1346,816,1,0.019546583
Warm C,575824,3520,3519,1346,816,0,0.01286766
Warm C,195463,1203,1202,1346,816,0,0.008376779
Warm C,195469,1203,1202,1352,820,1,-0.003064211
Warm C,145354,935,934,1352,820,0,-0.0076571526
Warm C,131922,854,853,1352,820,0,0.00068461313
Warm C,117514,757,756,1352,820,0,0.00040565804
Warm C,112132,730,729,1352,820,0,-0.0058318595
Warm C,106080,699,698,1352,820,0,0.0010398261
Warm C,116239,752,751,1352,820,0,-0.003993352
Warm C,100177,669,668,1352,820,0,-0.0031410686
Warm C,98836,660,659,1352,820,0,0.0021997606
Warm C,294913,1752,1751,1352,820,0,-0.0013575808
Warm C,308649,1837,1836,1352,820,0,0.0071711466
Warm C,83164,549,548,1352,820,1,0.00070171955
Warm C,77556,524,523,1352,820,0,-0.0067867166
Warm C,697392,4169,4168,1352,820,0,0.0049698795
Warm C,38160,261,260,1352,820,0,-0.00011016865
Warm C,40199,272,271,1352,820,0,0.0019671519
Warm C,33305,225,224,1352,820,0,-0.0030373745
Warm C,25495,181,180,1352,820,1,-0.00011875213
Warm C,16239,129,128,1352,820,0,-0.0010069441
Warm C,7459,53,52,1352,820,0,0.00038851565
Warm C,15343,123,122,1352,820,1,0.0040022274
Warm C,37829,259,258,1352,820,0,-0.006623105
Warm C,49907,331,330,1352,820,0,0.0017900239
Warm C,960419,5792,5791,1352,820,0,-0.0044080317
Warm C,564436,3471,3470,1352,820,0,0.005334713
Warm C,893325,5394,5393,1352,820,0,-0.00020991801
Warm C,156898,1010,1009,1352,820,0,0.004776585
Warm C,287726,1717,1716,1352,820,0,3.2454845e-05
Warm C,351888,2063,2062,1352,820,0,-0.0005309589
Warm C,324966,1925,1924,1352,820,1,-0.0025546036
Warm C,941713,5682,5681,1352,820,0,-0.0006097476
Warm C,215544,1306,1305,1352,820,1,-0.0029949062
Warm C,790756,4728,4727,1352,820,0,-0.0036709479
Warm C,550187,3391,3390,1352,820,0,-0.0034528302
Warm C,618964,3751,3750,1353,821,0,0.0066085556
Warm C,612540,3713,3712,1353,821,1,0.012545108
Warm C,726735,4345,4344,1353,821,0,0.009161726
Warm C,845363,5081,5080,1353,821,1,0.014473324
Warm C,587023,3585,3584,1353,821,0,0.0056070434
Warm C,583466,3562,3561,1353,821,0,0.0036302698
Warm C,564997,3473,3472,1353,821,1,0.013112654
Warm C,575361,3519,3518,1353,821,0,0.022931116
Warm C,545716,3365,3364,1353,821,1,0.014183279
Warm C,541028,3328,3327,1353,821,0,0.008230116
Warm C,774531,4619,4618,1353,821,0,0.007428814
Warm C,521457,3217,3216,1353,821,1,0.01150897
Warm C,511082,3151,3150,1353,821,1,0.00042091915
Warm C,503638,3095,3094,1353,821,1,0.010416631
Warm C,502902,3087,3086,1353,821,1,-0.0010591939
Warm C,516475,3189,3188,1353,821,0,0.009890644
Warm C,499450,3067,3066,1353,821,0,0.013809585
Warm C,494177,3032,3031,1353,821,1,0.013769062
Warm C,492759,3029,3028,1353,821,1,0.017712332
Warm C,490293,3017,3016,1353,821,0,0.004363152
Warm C,488683,3007,3006,1353,821,1,0.0006745376
Warm C,900327,5443,5442,1353,821,1,0.006961614
Warm C,478088,2934,2933,1353,821,1,0.008512072
Warm C,485071,2986,2985,1353,821,0,0.02157776
Warm C,473669,2909,2908,1353,821,0,0.010185881
Warm C,466847,2878,2877,1353,821,0,0.00308611
Warm C,450887,2777,2776,1353,821,0,0.0032807295
Warm C,420240,2540,2539,1353,821,0,-0.0025876411
Warm C,420479,2541,2540,1353,821,1,0.011301272
Warm C,419282,2533,2532,1353,821,1,0.0066517303
Warm C,404557,2419,2418,1353,821,0,0.013402065
Warm C,395893,2340,2339,1353,821,0,0.010760622
Warm C,395153,2334,2333,1353,821,1,0.009333714
Warm C,393116,2309,2308,1353,821,1,-0.0019551164
Warm C,379926,2222,2221,1353,821,1,0.0045982655
Warm C,324753,1924,1923,1353,821,1,0.018744875
Warm C,311569,1856,1855,1353,821,0,0.003895963
Warm C,306120,1823,1822,1353,821,1,0.0069406205
Warm C,286267,1709,1708,1353,821,1,0.011423701
Warm C,274400,1658,1657,1353,821,0,0.00900594
Warm C,268535,1631,1630,1353,821,1,-0.0008595966
Warm C,257130,1576,1575,1353,821,0,0.0058937315
Warm C,259489,1587,1586,1353,821,0,0.00924497
Warm C,335944,1980,1979,1353,821,0,0.022255365
Warm C,272964,1647,1646,1353,821,0,0.0069905333
Warm C,203875,1254,1253,1353,821,0,0.007965244
Warm C,279316,1680,1679,1353,821,1,0.01043325
Warm C,198820,1221,1220,1353,821,1,-0.0005395346
Warm C,192375,1184,1183,1353,821,0,0.015004497
Warm C,189617,1175,1174,1353,821,1,0.005344204
Warm C,188987,1172,1171,1353,821,0,0.009319983
Warm C,186846,1158,1157,1353,821,1,-0.00028385094
Warm C,316274,1883,1882,1353,821,1,0.013380044
Warm C,174836,1107,1106,1353,821,1,0.015682042
Warm C,179602,1125,1124,1353,821,0,0.008288184
Warm C,173681,1100,1099,1353,821,0,9.943824e-05
Warm C,167877,1068,1067,1353,821,1,0.024295475
Warm C,328174,1941,1940,1353,821,0,0.013569757
Warm C,226110,1369,1368,1353,821,0,0.009563211
Warm C,189373,1173,1172,1353,821,0,0.006704731
Warm C,162281,1034,1033,1353,821,1,0.008610358
Warm C,143673,927,926,1353,821,0,0.008495239
Warm C,140463,901,900,1353,821,0,0.007252631
Warm C,140268,899,898,1353,821,0,0.016343268
Warm C,156899,1010,1009,1353,821,0,0.009662849
Warm C,138338,889,888,1353,821,0,0.00795678
Warm C,380299,2223,2222,1353,821,0,0.010063674
Warm C,131924,854,853,1353,821,1,0.0075330804
Warm C,201573,1242,1241,1353,821,0,0.001178161
Warm C,248843,1501,1500,1353,821,1,0.014354895
Warm C,123708,797,796,1353,821,0,0.0024610183
Warm C,123116,795,794,1353,821,0,0.0061183483
Warm C,121532,781,780,1353,821,0,0.008347739
Warm C,360805,2106,2105,1353,821,0,0.004753815
Warm C,117838,759,758,1353,821,1,0.0134911295
Warm C,111499,726,725,1353,821,1,0.007989112
Warm C,106081,699,698,1353,821,0,0.0127470875
Warm C,103689,689,688,1353,821,1,0.007714634
Warm C,98837,660,659,1353,821,0,0.0071681933
Warm C,97852,655,654,1353,821,0,0.0012907505
Warm C,441956,2718,2717,1353,821,1,0.009886701
Warm C,228288,1383,1382,1353,821,0,0.012260465
Warm C,83165,549,548,1353,821,0,0.0031534769
Warm C,80728,536,535,1353,821,1,0.009446926
Warm C,76372,518,517,1353,821,0,0.017580273
Warm C,81700,543,542,1353,821,0,0.017633174
Warm C,116240,752,751,1353,821,0,0.017612329
Warm C,64689,433,432,1353,821,0,0.0025886209
Warm C,64632,432,431,1353,821,0,0.0065567335
Warm C,57070,386,385,1353,821,0,-0.0010055486
Warm C,55040,363,362,1353,821,0,0.004658654
Warm C,52434,346,345,1353,821,0,0.0049913903
Warm C,78478,528,527,1353,821,1,0.008223902
Warm C,47182,319,318,1353,821,0,0.0057316115
Warm C,49111,329,328,1353,821,0,0.0035786014
Warm C,61095,412,411,1353,821,1,0.009318265
Warm C,697394,4169,4168,1353,821,0,0.015863266
Warm C,363055,2116,2115,1353,821,0,0.01835706
Warm C,31734,216,215,1353,821,0,0.0021112948
Warm C,29420,201,200,1353,821,1,0.0069052684
Warm C,29024,199,198,1353,821,0,0.007723536
Warm C,21213,156,155,1353,821,1,0.011836091
Warm C,6230,45,44,1353,821,0,0.011700349
Warm C,5444,38,37,1353,821,0,0.016753219
Warm C,558219,3428,3427,1353,821,0,0.007049261
Warm C,348051,2041,2040,1353,821,1,0.015067898
Warm C,20590,151,150,1353,821,0,0.007706604
Warm C,95450,639,638,1353,821,1,0.01304992
Warm C,240118,1449,1448,1353,821,0,0.01003556
Warm C,682479,4085,4084,1353,821,1,0.008980261
Warm C,265110,1611,1610,1353,821,0,0.009909746
Warm C,102291,678,677,1353,821,0,0.01331136
Warm C,503832,3096,3095,1353,821,1,-0.0022624584
Warm C,144932,934,933,1353,821,0,0.009559415
Warm C,293768,1748,1747,1353,821,0,0.014104117
Warm C,489629,3013,3012,1353,821,1,0.014362537
Warm C,160126,1019,1018,1353,821,0,0.020475242
Warm C,195471,1203,1202,1353,821,0,0.011938229
Warm C,187649,1164,1163,1353,821,1,0.00838947
Warm C,545308,3363,3362,1353,821,0,0.00653911
Warm C,795604,4765,4764,1353,821,0,0.007396904
Warm C,229645,1390,1389,1353,821,0,0.00895237
Warm C,171670,1088,1087,1353,821,0,0.007392662
Warm C,657543,3963,3962,1353,821,1,0.0057561365
Warm C,52022,343,342,1353,821,1,0.01083497
Warm C,841493,5054,5053,1353,821,0,0.012079407
Warm C,451772,2781,2780,1353,821,0,0.006512427
Warm C,193673,1194,1193,1353,821,0,0.006240649
Warm C,31319,212,211,1355,823,0,0.0005233849
Warm C,639137,3842,3841,1355,823,1,0.0014349727
Warm C,22807,165,164,1355,823,1,0.005779476
Warm C,192725,1186,1185,1355,823,1,-0.0016603165
Warm C,290248,1733,1732,1355,823,0,0.010537413
Warm C,15345,123,122,1355,823,0,0.008891452
Warm C,697396,4169,4168,1355,823,0,0.0058507277
Warm C,49909,331,330,1355,823,0,0.0066096066
Warm C,56013,372,371,1355,823,1,0.0018772979
Warm C,785841,4697,4696,1355,823,1,0.007569167
Warm C,195475,1203,1202,1355,823,0,-0.004092869
Warm C,807746,4834,4833,1355,823,0,0.0036308418
Warm C,473672,2909,2908,1355,823,0,0.002921093
Warm C,933886,5636,5635,1355,823,0,0.0012870753
Warm C,903005,5458,5457,1355,823,0,0.0009382791
Warm C,93311,624,623,1355,823,0,0.002302502
Warm C,293769,1748,1747,1355,823,0,0.0060788337
Warm C,500692,3075,3074,1361,828,1,0.007957838
Warm C,546105,3367,3366,1361,828,1,0.017132305
Warm C,480553,2948,2947,1361,828,0,-0.005173479
Warm C,475294,2917,2916,1361,828,1,0.014724458
Warm C,475136,2916,2915,1361,828,1,0.008934695
Warm C,474715,2913,2912,1361,828,1,0.01194915
Warm C,471374,2900,2899,1361,828,0,0.0032404226
Warm C,460711,2841,2840,1361,828,1,0.0162119
Warm C,457985,2820,2819,1361,828,1,0.0105261495
Warm C,456705,2811,2810,1361,828,0,0.011860039
Warm C,459166,2826,2825,1361,828,1,0.012639629
Warm C,441006,2700,2699,1361,828,1,0.010699939
Warm C,402839,2404,2403,1361,828,1,0.0035297908
Warm C,390714,2293,2292,1361,828,1,0.013807123
Warm C,368393,2153,2152,1361,828,1,0.006255216
Warm C,364791,2124,2123,1361,828,1,0.024581525
Warm C,349160,2049,2048,1361,828,0,0.0034528025
Warm C,346997,2035,2034,1361,828,1,0.007652969
Warm C,340181,2008,2007,1361,828,1,0.007853793
Warm C,342519,2015,2014,1361,828,0,0.014239355
Warm C,333141,1966,1965,1361,828,1,0.004414183
Warm C,334167,1970,1969,1361,828,1,-0.0022737205
Warm C,334623,1974,1973,1361,828,1,0.010919012
Warm C,329356,1943,1942,1361,828,1,0.021820692
Warm C,317741,1889,1888,1361,828,0,0.014186624
Warm C,326397,1932,1931,1361,828,1,0.0035214247
Warm C,299343,1777,1776,1361,828,1,0.015110185
Warm C,301524,1791,1790,1361,828,1,0.004959213
Warm C,284221,1698,1697,1361,828,1,0.009567456
Warm C,267996,1628,1627,1361,828,1,0.0070082042
Warm C,258459,1584,1583,1361,828,1,0.008352219
Warm C,257221,1577,1576,1361,828,1,0.009164999
Warm C,255098,1552,1551,1361,828,1,0.010275438
Warm C,252534,1530,1529,1361,828,1,0.0013674123
Warm C,294333,1749,1748,1361,828,1,0.0021436764
Warm C,243248,1466,1465,1361,828,1,0.003995745
Warm C,237427,1446,1445,1361,828,0,0.009584852
Warm C,631608,3821,3820,1361,828,0,0.007026557
Warm C,232150,1408,1407,1361,828,1,0.0043189665
Warm C,316844,1884,1883,1361,828,1,0.011686313
Warm C,225426,1364,1363,1361,828,1,0.008105868
Warm C,217091,1317,1316,1361,828,0,0.0059639965
Warm C,296498,1758,1757,1361,828,1,0.0123035
Warm C,215553,1306,1305,1361,828,1,0.014995085
Warm C,211003,1285,1284,1361,828,1,0.01771907
Warm C,279343,1680,1679,1361,828,1,0.0036992945
Warm C,205844,1264,1263,1361,828,1,0.0057734894
Warm C,308066,1836,1835,1361,828,1,0.0084387185
Warm C,240139,1449,1448,1361,828,1,0.005455195
Warm C,201587,1242,1241,1361,828,1,0.005216101
Warm C,293195,1746,1745,1361,828,1,0.009570714
Warm C,184386,1147,1146,1361,828,0,0.0028568122
Warm C,195489,1203,1202,1361,828,1,0.010966787
Warm C,166486,1059,1058,1361,828,1,0.009405941
Warm C,167884,1068,1067,1361,828,0,0.010917844
Warm C,269984,1635,1634,1361,828,1,0.012469342
Warm C,154611,998,997,1361,828,1,0.015327723
Warm C,139412,891,890,1361,828,1,0.013202008
Warm C,133447,862,861,1361,828,1,0.00033513713
Warm C,245803,1484,1483,1361,828,1,0.007133307
Warm C,180326,1128,1127,1361,828,0,0.0059684375
Warm C,322406,1912,1911,1361,828,1,0.0059247487
Warm C,125379,806,805,1361,828,1,0.013663775
Warm C,125566,808,807,1361,828,1,-1.8195715e-05
Warm C,292779,1743,1742,1361,828,1,0.006673447
Warm C,140708,904,903,1361,828,1,0.01044642
Warm C,90680,601,600,1361,828,1,0.011043025
Warm C,82263,546,545,1361,828,1,0.012049946
Warm C,82515,548,547,1361,828,1,-0.007382293
Warm C,72087,482,481,1361,828,1,0.015839048
Warm C,69381,465,464,1361,828,1,0.0001370295
Warm C,60048,409,408,1361,828,1,0.009662683
Warm C,59882,408,407,1361,828,1,0.010662758
Warm C,53438,352,351,1361,828,1,0.013716999
Warm C,47207,319,318,1361,828,1,0.0012066744
Warm C,25416,180,179,1361,828,1,0.0063454993
Warm C,481850,2962,2961,1361,828,0,0.01713914
Warm C,290258,1733,1732,1361,828,1,0.0079473825
Warm C,148763,957,956,1361,828,1,0.018830508
Warm C,21903,161,160,1361,828,1,0.006749778
Warm C,947741,5722,5721,1361,828,1,0.006413158
Warm C,24190,173,172,1361,828,1,0.011046888
Warm C,286741,1712,1711,1361,828,0,0.010963874
Warm C,265122,1611,1610,1361,828,1,0.0038302888
Warm C,784464,4682,4681,1361,828,1,0.010197796
Warm C,254870,1551,1550,1361,828,1,0.014312007
Warm C,927913,5605,5604,1361,828,1,0.013252553
Warm C,451778,2781,2780,1361,828,1,0.002354966
Warm C,455282,2803,2802,1361,828,1,0.0045167217
Warm C,312899,1865,1864,1361,828,1,0.0067353495
Warm C,908335,5493,5492,1361,828,1,0.00971006
Warm C,261196,1597,1596,1361,828,1,0.0099381525
Warm C,235002,1425,1424,1361,828,1,0.008249631
Warm C,351911,2063,2062,1361,828,0,0.012554232
Warm C,116256,752,751,1361,828,1,0.012303471
Warm C,27868,195,194,1361,828,1,0.018338338
Warm C,144387,930,929,1361,828,0,-0.0012575518
Warm C,346643,2031,2030,1361,828,1,0.0048173154
Warm C,974624,5878,5877,1361,828,0,0.014342346
Warm C,292780,1743,1742,1362,829,1,0.0155849345
Warm C,292346,1741,1740,1362,829,1,0.015711948
Warm C,264159,1607,1606,1362,829,0,0.01875919
Warm C,256660,1569,1568,1362,829,1,0.0067578685
Warm C,346228,2030,2029,1362,829,1,0.011511677
Warm C,260107,1591,1590,1362,829,1,0.012310908
Warm C,212082,1291,1290,1362,829,1,0.011727768
Warm C,244005,1470,1469,1362,829,0,0.010233916
Warm C,199472,1224,1223,1362,829,1,0.016407844
Warm C,294334,1749,1748,1362,829,0,0.004842614
Warm C,181003,1131,1130,1362,829,1,0.008915076
Warm C,163099,1041,1040,1362,829,1,0.006213324
Warm C,162686,1038,1037,1362,829,1,0.007888639
Warm C,169587,1077,1076,1362,829,1,0.0028987366
Warm C,190999,1181,1180,1362,829,0,0.022616759
Warm C,185348,1150,1149,1362,829,1,0.0077718496
Warm C,141061,909,908,1362,829,1,0.0051088426
Warm C,138366,889,888,1362,829,0,0.0067039146
Warm C,135038,873,872,1362,829,1,0.01571464
Warm C,240140,1449,1448,1362,829,1,0.012659146
Warm C,84222,550,549,1362,829,1,0.0043237135
Warm C,75714,515,514,1362,829,0,0.009302015
Warm C,58300,393,392,1362,829,1,0.004973246
Warm C,51632,339,338,1362,829,1,0.0036528304
Warm C,67039,451,450,1362,829,0,0.0012935137
Warm C,44914,303,302,1362,829,0,0.010088958
Warm C,537963,3312,3311,1362,829,0,0.005871098
Warm C,208811,1274,1273,1362,829,1,0.008041881
Warm C,158270,1015,1014,1362,829,0,0.008701903
Warm C,249867,1505,1504,1362,829,0,0.011632171
Warm C,316845,1884,1883,1362,829,1,0.015648076
Warm C,841499,5054,5053,1362,829,0,0.019171
Warm C,319369,1897,1896,1362,829,1,0.01507708
Warm C,223071,1352,1351,1362,829,0,0.005963361
Warm C,994037,6002,6001,1362,829,1,0.008251167
Warm C,546843,3371,3370,1362,829,1,0.009882238
Warm C,421035,2544,2543,1362,829,0,0.006777765
Warm C,739559,4418,4417,1362,829,1,0.0061390037
Warm C,256093,1561,1560,1362,829,1,0.009063015
Warm C,193685,1194,1193,1362,829,0,0.017027095
Warm C,423182,2565,2564,1363,830,1,-0.006551942
Warm C,395159,2334,2333,1363,830,0,-0.0039160443
Warm C,387298,2264,2263,1363,830,0,0.014789956
Warm C,366970,2140,2139,1363,830,0,0.0075879074
Warm C,366596,2136,2135,1363,830,0,0.0006706994
Warm C,363070,2116,2115,1363,830,1,0.013600672
Warm C,347111,2036,2035,1363,830,0,0.00057315826
Warm C,311734,1858,1857,1363,830,0,-0.0031533574
Warm C,275124,1666,1665,1363,830,0,0.0027891984
Warm C,244006,1470,1469,1363,830,0,0.0081662405
Warm C,261782,1599,1598,1363,830,0,0.008342475
Warm C,342520,2015,2014,1363,830,0,-0.0005386146
Warm C,329358,1943,1942,1363,830,1,0.0075426516
Warm C,167210,1064,1063,1363,830,0,0.004794132
Warm C,175555,1112,1111,1363,830,0,0.006938925
Warm C,167885,1068,1067,1363,830,0,0.0077074044
Warm C,154877,999,998,1363,830,0,0.00603252
Warm C,120434,777,776,1363,830,0,0.0012236075
Warm C,106092,699,698,1363,830,0,0.00990414
Warm C,179614,1125,1124,1363,830,0,-0.0020646097
Warm C,95456,639,638,1363,830,1,0.006492072
Warm C,360821,2106,2105,1363,830,0,0.0032804955
Warm C,80228,533,532,1363,830,0,0.003369436
Warm C,697410,4169,4168,1363,830,0,0.006810628
Warm C,61114,412,411,1363,830,1,0.010633398
Warm C,39455,268,267,1363,830,1,-0.005235601
Warm C,55482,368,367,1363,830,1,-0.00021270243
Warm C,98850,660,659,1363,830,0,0.00224344
Warm C,31276,211,210,1363,830,0,-0.005491442
Warm C,30186,203,202,1363,830,0,-0.0038593747
Warm C,29034,199,198,1363,830,0,-0.006885926
Warm C,291437,1737,1736,1363,830,0,0.00047356472
Warm C,153681,987,986,1363,830,1,-5.583465e-05
Warm C,26257,187,186,1363,830,0,0.0040371045
Warm C,19177,148,147,1363,830,0,0.0005259699
Warm C,9103,62,61,1363,830,0,0.009411352
Warm C,78487,528,527,1363,830,0,0.0076739965
Warm C,237961,1447,1446,1363,830,0,0.006338878
Warm C,164601,1051,1050,1363,830,1,0.010199948
Warm C,51303,338,337,1363,830,0,0.003973029
Warm C,102306,678,677,1363,830,0,-0.00045247283
Warm C,328194,1941,1940,1363,830,0,0.0033967479
Warm C,144939,934,933,1363,830,0,-0.0022057246
Warm C,171691,1088,1087,1363,830,0,0.008034015
Warm C,187051,1160,1159,1363,830,0,0.00070674566
Warm C,63010,424,423,1363,830,0,0.010865006
Warm C,272978,1647,1646,1363,830,0,0.005566844
Warm C,887144,5359,5358,1363,830,1,-0.012159667
Warm C,116258,752,751,1363,830,0,0.0064118803
Warm C,335967,1980,1979,1363,830,0,0.0014434004
Warm C,713902,4277,4276,1363,830,0,0.007572328
Warm C,877524,5302,5301,1363,830,0,1.2311619e-05
Warm C,382898,2237,2236,1366,831,1,0.0053221937
Warm C,378739,2211,2210,1366,831,1,0.00037710147
Warm C,375605,2188,2187,1366,831,1,0.013018545
Warm C,369068,2157,2156,1366,831,0,0.005235558
Warm C,364795,2124,2123,1366,831,1,0.0025880947
Warm C,355758,2084,2083,1366,831,0,0.011875125
Warm C,338513,1990,1989,1366,831,0,0.0029938184
Warm C,279350,1680,1679,1366,831,1,0.0116550885
Warm C,185352,1150,1149,1366,831,0,0.0064947624
Warm C,168475,1069,1068,1366,831,0,0.0032077767
Warm C,221382,1340,1339,1366,831,0,0.007941003
Warm C,146341,941,940,1366,831,0,0.011280197
Warm C,100872,673,672,1366,831,0,0.010875585
Warm C,332685,1962,1961,1366,831,0,0.0073090335
Warm C,238993,1448,1447,1366,831,0,0.006348652
Warm C,191002,1181,1180,1366,831,0,0.014806172
Warm C,77579,524,523,1366,831,1,0.02035189
Warm C,67197,452,451,1366,831,1,-0.0049724868
Warm C,360826,2106,2105,1366,831,1,0.002142842
Warm C,288613,1724,1723,1366,831,1,0.0013583736
Warm C,697414,4169,4168,1366,831,1,0.013143446
Warm C,255536,1556,1555,1366,831,0,0.004485764
Warm C,29039,199,198,1366,831,0,0.0008266317
Warm C,17398,136,135,1366,831,1,0.0011835125
Warm C,16576,131,130,1366,831,1,0.0020058397
Warm C,9109,62,61,1366,831,0,0.004898459
Warm C,79442,531,530,1366,831,0,0.01191065
Warm C,901594,5450,5449,1366,831,0,0.009956114
Warm C,457990,2820,2819,1366,831,1,0.007984976
Warm C,354955,2077,2076,1366,831,0,0.010869744
Warm C,237965,1447,1446,1366,831,1,0.0115674045
Warm C,893333,5394,5393,1366,831,0,0.013396209
Warm C,182037,1137,1136,1366,831,1,0.004392
Warm C,171695,1088,1087,1366,831,0,0.008010482
Warm C,49930,331,330,1366,831,0,0.0039810706
Warm C,734656,4387,4386,1366,831,0,0.0050530983
Warm C,927915,5605,5604,1366,831,0,0.008998446
Warm C,170885,1087,1086,1366,831,0,0.0014775423
Warm C,160140,1019,1018,1366,831,1,0.008799121
Warm C,499470,3067,3066,1366,831,1,0.0013322346
Warm C,348063,2041,2040,1366,831,1,0.008671919
Warm C,63012,424,423,1366,831,1,0.012961053
Warm C,235005,1425,1424,1366,831,1,0.01500428
Warm C,322409,1912,1911,1366,831,0,0.008896138
Warm C,790766,4728,4727,1366,831,0,0.011906897
Warm C,193686,1194,1193,1366,831,1,0.012593335
Warm C,178162,1120,1119,1366,831,0,0.012805868
Warm C,974626,5878,5877,1366,831,1,0.010258358
Warm C,536068,3308,3307,1382,845,0,0.019776653
Warm C,990224,5978,5977,1382,845,0,0.0042841085
Warm C,525089,3242,3241,1382,845,0,-0.0019754907
Warm C,520059,3208,3207,1382,845,0,0.0042096744
Warm C,516991,3191,3190,1382,845,0,0.002202938
Warm C,497945,3056,3055,1382,845,0,0.004499068
Warm C,486313,2994,2993,1382,845,0,0.008425718
Warm C,529780,3272,3271,1382,845,0,0.005528642
Warm C,472647,2907,2906,1382,845,0,0.013806863
Warm C,471385,2900,2899,1382,845,0,-0.006878632
Warm C,473744,2909,2908,1382,845,1,0.022380166
Warm C,468111,2886,2885,1382,845,1,0.008109383
Warm C,463372,2857,2856,1382,845,0,0.007501619
Warm C,452517,2786,2785,1382,845,0,0.019430067
Warm C,417150,2509,2508,1382,845,0,0.01227773
Warm C,415261,2500,2499,1382,845,1,0.0082212
Warm C,408268,2453,2452,1382,845,1,0.009883167
Warm C,449387,2771,2770,1382,845,0,0.0028065066
Warm C,392263,2304,2303,1382,845,0,0.008004181
Warm C,377289,2203,2202,1382,845,1,0.023240503
Warm C,375134,2186,2185,1382,845,0,0.0021348083
Warm C,370288,2165,2164,1382,845,1,0.0032325778
Warm C,367228,2143,2142,1382,845,0,-0.0019356036
Warm C,366197,2131,2130,1382,845,0,0.013395077
Warm C,359428,2102,2101,1382,845,0,0.0020788922
Warm C,313775,1873,1872,1382,845,1,0.009478189
Warm C,315322,1880,1879,1382,845,0,0.011032578
Warm C,295297,1753,1752,1382,845,1,0.009175044
Warm C,303557,1803,1802,1382,845,0,-0.002499871
Warm C,288919,1726,1725,1382,845,0,0.002544823
Warm C,301786,1793,1792,1382,845,0,0.0022333227
Warm C,221416,1340,1339,1382,845,0,0.013508864
Warm C,212952,1297,1296,1382,845,0,0.0092321085
Warm C,191053,1181,1180,1382,845,0,0.019203357
Warm C,170023,1080,1079,1382,845,1,0.0053486996
Warm C,168500,1069,1068,1382,845,0,0.018032625
Warm C,275582,1667,1666,1382,845,0,0.0110452175
Warm C,154899,999,998,1382,845,0,0.00495334
Warm C,185392,1150,1149,1382,845,0,0.004241326
Warm C,156956,1010,1009,1382,845,0,0.0075382628
Warm C,277021,1675,1674,1382,845,0,0.014581626
Warm C,136655,881,880,1382,845,0,0.006403452
Warm C,135680,877,876,1382,845,0,0.0077371644
Warm C,202540,1244,1243,1382,845,0,0.009304797
Warm C,351962,2063,2062,1382,845,0,0.004037253
Warm C,258474,1584,1583,1382,845,0,0.005514101
Warm C,126120,813,812,1382,845,0,0.0015211991
Warm C,121544,781,780,1382,845,0,0.011487123
Warm C,120773,778,777,1382,845,0,0.008065654
Warm C,117534,757,756,1382,845,0,0.0068291407
Warm C,114882,746,745,1382,845,0,-0.0044681444
Warm C,177005,1117,1116,1382,845,0,0.0041247383
Warm C,96439,647,646,1382,845,1,0.010859957
Warm C,150629,970,969,1382,845,0,0.008057903
Warm C,77604,524,523,1382,845,0,0.01328597
Warm C,71117,477,476,1382,845,1,0.0013107858
Warm C,68759,461,460,1382,845,0,0.012853453
Warm C,53482,352,351,1382,845,0,0.006224649
Warm C,36256,245,244,1382,845,0,0.0070281476
Warm C,108046,710,709,1382,845,0,0.019853443
Warm C,198439,1219,1218,1382,845,1,0.0073867314
Warm C,354978,2077,2076,1382,845,0,0.015757628
Warm C,237990,1447,1446,1382,845,0,0.0068234405
Warm C,967376,5831,5830,1382,845,0,0.020416362
Warm C,709956,4258,4257,1382,845,0,0.0064282394
Warm C,63047,424,423,1382,845,0,0.013293029
Warm C,273017,1647,1646,1382,845,0,0.01659171
Warm C,382497,2235,2234,1390,850,0,0.0034862806
Warm C,368412,2153,2152,1390,850,1,0.0119641395
Warm C,363118,2116,2115,1390,850,1,0.0019454763
Warm C,356164,2087,2086,1390,850,1,0.0029248246
Warm C,361707,2109,2108,1390,850,0,0.008660592
Warm C,358912,2100,2099,1390,850,1,0.0029369514
Warm C,341962,2013,2012,1390,850,0,-0.00028445048
Warm C,340716,2010,2009,1390,850,0,0.013584427
Warm C,321811,1909,1908,1390,850,0,0.00862608
Warm C,276595,1672,1671,1390,850,0,0.0049742702
Warm C,297563,1764,1763,1390,850,0,0.0033166455
Warm C,281303,1687,1686,1390,850,1,0.006148103
Warm C,267021,1623,1622,1390,850,0,0.002632612
Warm C,264649,1609,1608,1390,850,0,0.0077987164
Warm C,247196,1494,1493,1390,850,0,0.010052735
Warm C,336023,1980,1979,1390,850,0,0.005382883
Warm C,223601,1354,1353,1390,850,1,0.0016897693
Warm C,277766,1676,1675,1390,850,0,0.015744377
Warm C,279425,1680,1679,1390,850,1,0.009592164
Warm C,198837,1221,1220,1390,850,1,-0.0023289057
Warm C,194413,1199,1198,1390,850,0,0.0066963043
Warm C,198635,1220,1219,1390,850,1,0.007786028
Warm C,167911,1068,1067,1390,850,1,0.008016269
Warm C,328268,1941,1940,1390,850,1,0.011017891
Warm C,255546,1556,1555,1390,850,1,0.006367149
Warm C,249269,1502,1501,1390,850,1,-0.00021662982
Warm C,143691,927,926,1390,850,1,0.0009962198
Warm C,156964,1010,1009,1390,850,0,0.005889555
Warm C,136664,881,880,1390,850,0,0.0045200833
Warm C,112530,731,730,1390,850,1,0.0069020656
Warm C,106117,699,698,1390,850,0,0.0065860734
Warm C,96443,647,646,1390,850,0,0.0012508899
Warm C,92560,620,619,1390,850,0,0.008041466
Warm C,191067,1181,1180,1390,850,0,0.010158477
Warm C,77616,524,523,1390,850,0,0.009169123
Warm C,59354,403,402,1390,850,1,0.010695894
Warm C,53511,352,351,1390,850,0,0.0054801474
Warm C,52473,346,345,1390,850,1,0.01556266
Warm C,44294,302,301,1390,850,0,0.009333818
Warm C,697463,4169,4168,1390,850,1,0.009351307
Warm C,31848,216,215,1390,850,1,0.0014311386
Warm C,240183,1449,1448,1390,850,0,0.012280756
Warm C,291475,1737,1736,1390,850,0,0.01869288
Warm C,6323,45,44,1390,850,0,0.013329243
Warm C,3572,26,25,1390,850,0,-0.0005812063
Warm C,337076,1983,1982,1390,850,1,0.012061374
Warm C,354986,2077,2076,1390,850,0,0.0063158926
Warm C,626853,3792,3791,1390,850,0,0.011999352
Warm C,893366,5394,5393,1390,850,0,0.009596912
Warm C,682529,4085,4084,1390,850,1,0.0062336545
Warm C,11553,90,89,1390,850,1,0.0029863901
Warm C,79475,531,530,1390,850,0,0.013280066
Warm C,599317,3648,3647,1390,850,0,0.008881349
Warm C,27947,195,194,1390,850,0,0.015650153
Warm C,476380,2926,2925,1390,850,0,0.0035703122
Warm C,769058,4579,4578,1390,850,0,0.008607855
Warm C,924151,5580,5579,1390,850,0,0.0077430354
Warm C,941734,5682,5681,1390,850,0,0.002238904
Warm C,273027,1647,1646,1390,850,1,0.013917346
Warm C,116305,752,751,1390,850,0,0.0044554505
Warm C,794193,4748,4747,1390,850,0,0.006274778
Warm C,439429,2684,2683,1397,857,0,0.0070278244
Warm C,992974,5998,5997,1397,857,0,0.011104845
Warm C,974648,5878,5877,1397,857,1,0.0045858417
Warm C,773865,4611,4610,1398,858,0,0.011030468
Warm C,489661,3013,3012,1398,858,0,0.019217504
Warm C,171759,1088,1087,1398,858,0,0.01616038
Warm C,274428,1658,1657,1399,859,0,0.003514343
Warm C,279435,1680,1679,1399,859,0,-0.004345491
Warm C,280887,1685,1684,1399,859,0,-0.005500523
Warm C,321677,1908,1907,1399,859,1,0.009854275
Warm C,204056,1255,1254,1399,859,0,0.0005695624
Warm C,189625,1175,1174,1399,859,0,-0.0016951386
Warm C,328278,1941,1940,1399,859,0,0.007626118
Warm C,163888,1050,1049,1399,859,0,-0.0039700195
Warm C,348972,2047,2046,1399,859,0,0.0028851826
Warm C,131209,850,849,1399,859,0,-0.00091102865
Warm C,263418,1605,1604,1399,859,0,-0.0025864502
Warm C,106125,699,698,1399,859,0,0.005654321
Warm C,116313,752,751,1399,859,1,-0.001956507
Warm C,100885,673,672,1399,859,0,0.0051741884
Warm C,98892,660,659,1399,859,0,-0.001851134
Warm C,697474,4169,4168,1399,859,1,0.012482332
Warm C,191078,1181,1180,1399,859,0,-0.00032299676
Warm C,239043,1448,1447,1399,859,1,0.0063841743
Warm C,69316,464,463,1399,859,0,0.0037145088
Warm C,70198,474,473,1399,859,0,-0.001598387
Warm C,47292,319,318,1399,859,1,0.0013420829
Warm C,46396,310,309,1399,859,1,0.003613859
Warm C,360870,2106,2105,1399,859,0,0.00044381584
Warm C,30195,203,202,1399,859,0,0.0017236762
Warm C,26293,187,186,1399,859,1,0.0007078552
Warm C,235048,1425,1424,1399,859,1,0.0024682754
Warm C,223608,1354,1353,1399,859,0,-0.0010271346
Warm C,206945,1266,1265,1399,859,0,0.0008913686
Warm C,27045,192,191,1399,859,1,0.007273833
Warm C,158326,1015,1014,1399,859,1,0.01032155
Warm C,238008,1447,1446,1399,859,0,0.0031317465
Warm C,497271,3054,3053,1399,859,0,0.0077976445
Warm C,171760,1088,1087,1399,859,0,0.00044578267
Warm C,195529,1203,1202,1399,859,0,0.004045958
Warm C,286416,1710,1709,1399,859,1,0.0024044376
Warm C,992975,5998,5997,1399,859,1,0.0013058992
Warm C,476384,2926,2925,1399,859,0,0.007096421
Warm C,769061,4579,4578,1399,859,0,0.009890618
Warm C,285363,1701,1700,1399,859,1,-0.0025598693
Warm C,136671,881,880,1399,859,0,0.006075398
Warm C,739567,4418,4417,1399,859,0,0.0047687534
Warm C,322461,1912,1911,1399,859,0,0.004954607
Warm C,193721,1194,1193,1399,859,0,0.0015227778
Warm C,974649,5878,5877,1399,859,1,-0.00078815175
Warm C,610765,3705,3704,1401,860,1,0.010184063
Warm C,583795,3563,3562,1401,860,0,0.0072941883
Warm C,593226,3618,3617,1401,860,0,0.02072411
Warm C,626420,3792,3791,1401,860,1,0.0043100193
Warm C,560771,3450,3449,1401,860,0,-0.0027842731
Warm C,562921,3464,3463,1401,860,0,-0.00055765884
Warm C,549610,3391,3390,1401,860,0,0.0031386057
Warm C,529345,3272,3271,1401,860,1,0.012132245
Warm C,524350,3233,3232,1401,860,0,0.003711677
Warm C,518564,3201,3200,1401,860,0,0.00057141273
Warm C,687924,4116,4115,1401,860,1,0.007385028
Warm C,575043,3519,3518,1401,860,0,0.0032466138
Warm C,712602,4277,4276,1401,860,1,0.0070513617
Warm C,493689,3032,3031,1401,860,1,-0.0008084881
Warm C,492400,3029,3028,1401,860,1,0.0040297583
Warm C,484731,2986,2985,1401,860,0,0.016817532
Warm C,477786,2934,2933,1401,860,1,0.0021528867
Warm C,476604,2928,2927,1401,860,0,0.006450058
Warm C,852490,5113,5112,1401,860,0,0.007727886
Warm C,462961,2857,2856,1401,860,0,-0.0026575928
Warm C,453393,2793,2792,1401,860,0,0.004207344
Warm C,444479,2743,2742,1401,860,1,0.011090464
Warm C,440689,2697,2696,1401,860,1,0.0063160756
Warm C,695671,4169,4168,1401,860,0,0.011583834
Warm C,432014,2634,2633,1401,860,0,0.004363167
Warm C,425893,2585,2584,1401,860,1,0.006333519
Warm C,420134,2540,2539,1401,860,1,0.0034752148
Warm C,417497,2518,2517,1401,860,1,0.0053974353
Warm C,401849,2398,2397,1401,860,1,0.008023511
Warm C,436049,2665,2664,1401,860,1,0.012348783
Warm C,375262,2187,2186,1401,860,1,0.012283244
Warm C,362535,2115,2114,1401,860,0,0.0006889622
Warm C,362619,2116,2115,1401,860,0,0.008881024
Warm C,364488,2124,2123,1401,860,1,-0.006941133
Warm C,359165,2102,2101,1401,860,0,0.008521337
Warm C,335336,1980,1979,1401,860,0,0.013707432
Warm C,229106,1389,1388,1401,860,1,0.010967976
Warm C,224922,1360,1359,1401,860,0,0.0031896047
Warm C,212708,1297,1296,1401,860,0,0.008560527
Warm C,272562,1647,1646,1401,860,1,0.009925276
Warm C,203933,1255,1254,1401,860,0,0.008643094
Warm C,187214,1162,1161,1401,860,1,0.012118449
Warm C,329048,1943,1942,1401,860,0,0.018452149
Warm C,183442,1142,1141,1401,860,1,0.011407132
Warm C,184724,1150,1149,1401,860,0,0.0040534325
Warm C,210448,1285,1284,1401,860,1,0.0034448488
Warm C,307098,1835,1834,1401,860,1,0.007089871
Warm C,168176,1069,1068,1401,860,0,0.0027902578
Warm C,175240,1112,1111,1401,860,0,0.018333897
Warm C,327422,1941,1940,1401,860,1,-0.0005667602
Warm C,190216,1181,1180,1401,860,0,0.011978375
Warm C,156300,1008,1007,1401,860,0,-0.0006810905
Warm C,152747,984,983,1401,860,1,0.0053261234
Warm C,143219,924,923,1401,860,1,-0.00028250273
Warm C,156426,1010,1009,1401,860,0,0.00653586
Warm C,137605,889,888,1401,860,0,0.006001464
Warm C,136188,881,880,1401,860,1,-0.007665334
Warm C,141276,911,910,1401,860,1,0.0043286593
Warm C,154689,999,998,1401,860,0,0.0025266088
Warm C,778769,4653,4652,1401,860,1,0.017163588
Warm C,105783,699,698,1401,860,0,0.010260567
Warm C,299388,1778,1777,1401,860,0,0.010954315
Warm C,115754,752,751,1401,860,0,0.014284229
Warm C,100689,673,672,1401,860,0,0.0016091475
Warm C,98505,660,659,1401,860,0,0.00704807
Warm C,94056,631,630,1401,860,1,0.0041026208
Warm C,89685,591,590,1401,860,0,0.0027930494
Warm C,89048,588,587,1401,860,1,0.005262983
Warm C,82603,549,548,1401,860,1,0.005737664
Warm C,238481,1448,1447,1401,860,1,0.008522376
Warm C,227890,1383,1382,1401,860,0,0.007600938
Warm C,77070,524,523,1401,860,0,0.013265493
Warm C,71683,482,481,1401,860,0,0.00041753822
Warm C,60014,409,408,1401,860,0,-0.0008830959
Warm C,57436,389,388,1401,860,1,-0.002462303
Warm C,53350,352,351,1401,860,0,0.0047517065
Warm C,52406,346,345,1401,860,1,0.010336049
Warm C,49055,329,328,1401,860,0,0.0018781177
Warm C,47133,319,318,1401,860,0,0.0056579653
Warm C,360375,2106,2105,1401,860,0,-0.0063696876
Warm C,37291,255,254,1401,860,1,0.0032002395
Warm C,36123,245,244,1401,860,0,0.00993032
Warm C,23424,169,168,1401,860,1,0.0064498642
Warm C,9033,62,61,1401,860,0,0.011574462
Warm C,907922,5493,5492,1401,860,0,0.009140329
Warm C,34464,234,233,1401,860,1,-0.0011418532
Warm C,129076,839,838,1401,860,1,0.0060351
Warm C,257336,1579,1578,1401,860,0,0.009323373
Warm C,571736,3507,3506,1401,860,0,0.008435574
Warm C,849561,5102,5101,1401,860,1,0.0070856656
Warm C,249714,1505,1504,1401,860,0,0.0015985314
Warm C,317439,1889,1888,1401,860,1,-0.0020792831
Warm C,558131,3428,3427,1401,860,1,0.004082951
Warm C,293485,1748,1747,1401,860,1,0.010645122
Warm C,11509,90,89,1401,860,0,0.0061786193
Warm C,407706,2451,2450,1401,860,1,-0.0046968088
Warm C,285077,1701,1700,1401,860,0,0.011543769
Warm C,216707,1317,1316,1401,860,1,0.009781816
Warm C,553628,3410,3409,1401,860,0,-0.00040610146
Warm C,801237,4802,4801,1401,860,1,0.009762296
Warm C,433441,2643,2642,1401,860,0,0.0024077806
Warm C,193356,1194,1193,1401,860,1,0.013760066
Warm C,432017,2634,2633,1404,861,1,-0.013122739
Warm C,82609,549,548,1404,861,1,-0.002712837
Warm C,198082,1218,1217,1404,861,0,-0.002814149
Warm C,190224,1181,1180,1404,861,0,-0.00046849868
Warm C,303693,1804,1803,1404,861,0,-0.0061631594
Warm C,77074,524,523,1404,861,1,0.0029723519
Warm C,16227,129,128,1404,861,1,-0.005950919
Warm C,104052,692,691,1404,861,1,-0.0019293287
Warm C,209925,1284,1283,1404,861,0,0.002800164
Warm C,49880,331,330,1404,861,1,0.0052465014
Warm C,286505,1712,1711,1404,861,0,0.0006819451
Warm C,293489,1748,1747,1404,861,0,0.0023796265
Warm C,144693,934,933,1404,861,0,-0.00090179895
Warm C,204360,1260,1259,1404,861,0,-0.005605975
Warm C,309428,1842,1841,1404,861,1,-0.0025667276
Warm C,772568,4607,4606,1404,861,0,-0.002241178
Warm C,321588,1908,1907,1410,866,0,0.012166182
Warm C,167610,1068,1067,1410,866,1,0.015159328
Warm C,189224,1173,1172,1410,866,0,0.014490191
Warm C,156450,1010,1009,1410,866,0,0.012848815
Warm C,201299,1242,1241,1410,866,0,0.006595939
Warm C,332444,1962,1961,1410,866,0,0.007414887
Warm C,154698,999,998,1410,866,0,0.010025308
Warm C,360393,2106,2105,1410,866,0,0.011017667
Warm C,115774,752,751,1410,866,0,0.011816304
Warm C,695696,4169,4168,1410,866,0,0.02343246
Warm C,238503,1448,1447,1410,866,0,0.006777604
Warm C,190263,1181,1180,1410,866,0,0.01950833
Warm C,76081,517,516,1410,866,0,0.0066971327
Warm C,87031,569,568,1410,866,0,0.014340669
Warm C,53381,352,351,1410,866,0,0.009831034
Warm C,52420,346,345,1410,866,1,0.014728187
Warm C,47163,319,318,1410,866,0,0.015806384
Warm C,31707,216,215,1410,866,0,0.016681856
Warm C,31453,214,213,1410,866,0,0.0051836437
Warm C,299930,1779,1778,1410,866,0,0.009418134
Warm C,49087,329,328,1410,866,0,0.015207376
Warm C,79040,531,530,1410,866,1,0.023624416
Warm C,362641,2116,2115,1410,866,1,0.00598325
Warm C,682109,4085,4084,1410,866,1,0.024028905
Warm C,206591,1266,1265,1410,866,0,0.018294647
Warm C,433066,2641,2640,1410,866,0,0.008205209
Warm C,327459,1941,1940,1410,866,1,0.024411026
Warm C,618773,3751,3750,1410,866,0,0.011347676
Warm C,206219,1265,1264,1410,866,0,0.008389426
Warm C,295488,1755,1754,1410,866,1,0.0038988944
Warm C,522086,3224,3223,1414,868,0,0.0018841922
Warm C,527205,3261,3260,1414,868,0,-0.0041679353
Warm C,493191,3031,3030,1414,868,1,-0.0007729037
Warm C,882761,5333,5332,1414,868,0,0.0014605876
Warm C,490132,3017,3016,1414,868,0,0.005510564
Warm C,474564,2913,2912,1414,868,1,0.0017653652
Warm C,467587,2882,2881,1414,868,1,-0.009546467
Warm C,465315,2870,2869,1414,868,1,0.005405428
Warm C,462429,2854,2853,1414,868,0,-0.0031234303
Warm C,457580,2820,2819,1414,868,0,-0.0016148691
Warm C,449253,2771,2770,1414,868,0,-7.2664116e-05
Warm C,445862,2750,2749,1414,868,1,-0.000502144
Warm C,445308,2747,2746,1414,868,1,0.004089349
Warm C,446254,2752,2751,1414,868,1,0.0019430609
Warm C,465497,2872,2871,1414,868,0,0.007958516
Warm C,440884,2700,2699,1414,868,1,-0.006454542
Warm C,435160,2659,2658,1414,868,0,0.0018481738
Warm C,437329,2670,2669,1414,868,1,-0.007920109
Warm C,428045,2602,2601,1414,868,1,4.176027e-05
Warm C,412597,2484,2483,1414,868,1,0.0036180324
Warm C,362643,2116,2115,1414,868,0,-0.0002558371
Warm C,364505,2124,2123,1414,868,1,0.009825632
Warm C,359179,2102,2101,1414,868,1,0.0014517857
Warm C,351290,2063,2062,1414,868,0,0.0017915452
Warm C,373728,2181,2180,1414,868,0,0.0034210673
Warm C,353845,2073,2072,1414,868,0,0.008377807
Warm C,346546,2031,2030,1414,868,1,0.006762836
Warm C,345004,2024,2023,1414,868,0,0.0017400598
Warm C,343449,2018,2017,1414,868,1,0.00044201524
Warm C,337881,1988,1987,1414,868,0,0.00077314023
Warm C,334392,1974,1973,1414,868,0,0.006427235
Warm C,305248,1813,1812,1414,868,1,0.0022617886
Warm C,290767,1735,1734,1414,868,1,0.001629747
Warm C,281755,1690,1689,1414,868,1,0.004289706
Warm C,278491,1680,1679,1414,868,1,-0.00017687911
Warm C,264045,1607,1606,1414,868,0,0.00084909657
Warm C,321589,1908,1907,1414,868,0,0.0108344015
Warm C,256420,1565,1564,1414,868,1,0.009109266
Warm C,254978,1552,1551,1414,868,1,-0.0005601649
Warm C,247460,1496,1495,1414,868,1,0.008007111
Warm C,227762,1381,1380,1414,868,0,-0.001959415
Warm C,229820,1391,1390,1414,868,0,-0.0027724623
Warm C,269630,1635,1634,1414,868,1,0.0007125037
Warm C,212723,1297,1296,1414,868,1,0.0019462544
Warm C,307877,1836,1835,1414,868,1,0.0014691572
Warm C,202279,1244,1243,1414,868,1,-0.000572521
Warm C,210484,1285,1284,1414,868,1,0.0023330082
Warm C,201082,1241,1240,1414,868,1,-0.0029750816
Warm C,294100,1749,1748,1414,868,0,0.00902962
Warm C,194641,1202,1201,1414,868,0,-0.0031972565
Warm C,184759,1150,1149,1414,868,0,0.002985341
Warm C,307120,1835,1834,1414,868,1,0.0055822656
Warm C,173443,1100,1099,1414,868,1,0.002811751
Warm C,248609,1501,1500,1414,868,0,0.0010426878
Warm C,327466,1941,1940,1414,868,1,0.005336118
Warm C,157657,1015,1014,1414,868,1,-9.047799e-05
Warm C,319779,1899,1898,1414,868,1,-0.0031711063
Warm C,144707,934,933,1414,868,0,0.0021131067
Warm C,147264,949,948,1414,868,1,-0.0050781495
Warm C,136207,881,880,1414,868,0,0.011073922
Warm C,131695,854,853,1414,868,1,-0.0048576267
Warm C,128476,832,831,1414,868,1,0.0023410055
Warm C,127464,823,822,1414,868,1,-0.0025172697
Warm C,126090,813,812,1414,868,1,-0.0011428683
Warm C,159720,1019,1018,1414,868,1,0.0007782122
Warm C,360396,2106,2105,1414,868,0,0.0059187394
Warm C,132213,855,854,1414,868,1,-0.0011312971
Warm C,105804,699,698,1414,868,1,0.00017361541
Warm C,341082,2011,2010,1414,868,1,0.0061749723
Warm C,107610,710,709,1414,868,1,0.009833824
Warm C,104074,692,691,1414,868,1,-0.0048655565
Warm C,123056,795,794,1414,868,0,-0.002778761
Warm C,92488,620,619,1414,868,0,0.011906375
Warm C,695705,4169,4168,1414,868,1,0.0056261355
Warm C,151153,973,972,1414,868,0,-0.0009751393
Warm C,85017,553,552,1414,868,1,0.006132824
Warm C,77104,524,523,1414,868,1,0.0016485895
Warm C,59028,402,401,1414,868,1,0.0040026023
Warm C,53389,352,351,1414,868,1,0.00080522057
Warm C,47167,319,318,1414,868,0,-0.0020403499
Warm C,110522,721,720,1414,868,0,0.0030944129
Warm C,61079,412,411,1414,868,1,0.009518221
Warm C,330626,1952,1951,1414,868,0,0.0075604226
Warm C,38152,261,260,1414,868,0,0.0039403164
Warm C,34331,232,231,1414,868,1,-0.0032329694
Warm C,859986,5172,5171,1414,868,0,0.0015200456
Warm C,49092,329,328,1414,868,0,0.002276687
Warm C,9067,62,61,1414,868,1,0.0037696245
Warm C,6208,45,44,1414,868,0,-0.0063537946
Warm C,153888,990,989,1414,868,0,-0.0052039316
Warm C,545209,3363,3362,1414,868,0,0.0044305907
Warm C,10721,78,77,1414,868,1,0.00023792963
Warm C,801248,4802,4801,1414,868,1,0.006498711
Warm C,954172,5761,5760,1414,868,0,-0.0022368329
Warm C,974844,5880,5879,1414,868,1,0.00016838824
Warm C,181801,1137,1136,1414,868,1,0.00671571
Warm C,241770,1457,1456,1414,868,1,-0.0034657363
Warm C,182998,1141,1140,1414,868,1,0.00094107445
Warm C,966474,5831,5830,1414,868,1,0.008067954
Warm C,240890,1451,1450,1414,868,1,-0.00054717064
Warm C,101852,678,677,1414,868,0,0.0039839623
Warm C,24160,173,172,1414,868,1,-0.0041200984
Warm C,258262,1584,1583,1414,868,1,0.0025355392
Warm C,699522,4186,4185,1414,868,0,0.007902381
Warm C,171159,1088,1087,1414,868,1,-0.003359253
Warm C,941284,5682,5681,1414,868,0,-0.009264375
Warm C,413588,2489,2488,1414,868,0,-0.0038259209
Warm C,839131,5046,5045,1414,868,1,-8.1223436e-05
Warm C,545944,3367,3366,1419,870,0,0.0036705574
Warm C,738004,4411,4410,1419,870,1,0.008977488
Warm C,482501,2967,2966,1419,870,0,0.013488432
Warm C,481067,2955,2954,1419,870,1,0.0041948366
Warm C,478537,2936,2935,1419,870,1,0.009544203
Warm C,466549,2878,2877,1419,870,1,0.0024894387
Warm C,463972,2860,2859,1419,870,1,0.0042210664
Warm C,457586,2820,2819,1419,870,1,0.002175902
Warm C,451442,2779,2778,1419,870,1,0.0054017776
Warm C,443303,2733,2732,1419,870,1,0.0024369843
Warm C,437868,2676,2675,1419,870,1,-0.0022017355
Warm C,424979,2579,2578,1419,870,1,-0.0007213019
Warm C,446644,2753,2752,1419,870,1,0.0031254417
Warm C,411206,2468,2467,1419,870,1,0.00997936
Warm C,401323,2393,2392,1419,870,1,0.01032868
Warm C,400846,2389,2388,1419,870,0,0.004909478
Warm C,381472,2231,2230,1419,870,0,0.0041826973
Warm C,371940,2173,2172,1419,870,0,-0.000908006
Warm C,352572,2064,2063,1419,870,1,0.006067423
Warm C,342987,2016,2015,1419,870,1,0.006171456
Warm C,428726,2609,2608,1419,870,1,0.0054308074
Warm C,329935,1947,1946,1419,870,0,0.014639994
Warm C,319786,1899,1898,1419,870,1,0.0056431685
Warm C,280661,1685,1684,1419,870,1,-0.0009592832
Warm C,278500,1680,1679,1419,870,1,0.0040861797
Warm C,264048,1607,1606,1419,870,0,0.008373499
Warm C,258176,1583,1582,1419,870,1,-0.004046411
Warm C,353849,2073,2072,1419,870,1,0.009337509
Warm C,283784,1698,1697,1419,870,1,0.008192094
Warm C,211733,1288,1287,1419,870,1,0.00046760077
Warm C,220251,1335,1334,1419,870,1,0.003272157
Warm C,199211,1224,1223,1419,870,1,0.0138476845
Warm C,186307,1152,1151,1419,870,1,0.011955725
Warm C,177407,1119,1118,1419,870,1,0.0030252282
Warm C,243648,1470,1469,1419,870,0,0.0144889215
Warm C,308314,1837,1836,1419,870,1,0.002866169
Warm C,162624,1038,1037,1419,870,0,0.0023879616
Warm C,190276,1181,1180,1419,870,0,0.010767875
Warm C,151443,975,974,1419,870,1,0.01149801
Warm C,146762,948,947,1419,870,1,0.0047490215
Warm C,201307,1242,1241,1419,870,1,0.0031192447
Warm C,127602,824,823,1419,870,0,0.009483027
Warm C,316534,1884,1883,1419,870,1,0.012378469
Warm C,80838,537,536,1419,870,1,0.0032098573
Warm C,81409,543,542,1419,870,1,0.008761246
Warm C,77110,524,523,1419,870,1,0.007947619
Warm C,83780,550,549,1419,870,0,0.011746366
Warm C,69413,466,465,1419,870,1,0.008269933
Warm C,66314,444,443,1419,870,1,0.0040590195
Warm C,54779,358,357,1419,870,1,0.012181569
Warm C,52688,347,346,1419,870,1,0.0065092966
Warm C,46588,312,311,1419,870,1,0.00060097885
Warm C,505913,3112,3111,1419,870,0,0.0036065835
Warm C,31719,216,215,1419,870,0,0.004103701
Warm C,440044,2691,2690,1419,870,1,0.007190386
Warm C,4851,35,34,1419,870,1,0.0015590368
Warm C,357166,2092,2091,1419,870,1,0.002526959
Warm C,206598,1266,1265,1419,870,0,-0.0026677651
Warm C,524358,3233,3232,1419,870,1,-0.004654291
Warm C,157665,1015,1014,1419,870,1,0.007358668
Warm C,289905,1733,1732,1419,870,1,0.0086509
Warm C,801251,4802,4801,1419,870,1,0.013238264
Warm C,208532,1274,1273,1419,870,1,0.0017210846
Warm C,10371,74,73,1419,870,1,0.009113003
Warm C,441779,2715,2714,1419,870,1,0.008827554
Warm C,293518,1748,1747,1419,870,0,0.009679419
Warm C,319082,1897,1896,1419,870,1,0.0019106213
Warm C,993787,6002,6001,1419,870,1,0.0047589047
Warm C,546645,3371,3370,1419,870,1,0.0027689578
Warm C,27824,195,194,1419,870,1,0.014170408
Warm C,275976,1671,1670,1419,870,1,0.0063644936
Warm C,370857,2168,2167,1419,870,0,0.008365652
Warm C,240894,1451,1450,1419,870,1,0.011370841
Warm C,175921,1113,1112,1419,870,1,0.0025055814
Warm C,554991,3413,3412,1419,870,1,0.010491928
Warm C,451665,2781,2780,1419,870,1,-0.0023157154
Warm C,585073,3572,3571,1425,872,0,0.007299646
Warm C,607016,3685,3684,1425,872,1,0.01031882
Warm C,576775,3526,3525,1425,872,1,0.01311575
Warm C,580363,3546,3545,1425,872,0,0.014322279
Warm C,563972,3470,3469,1425,872,0,0.008761341
Warm C,560961,3451,3450,1425,872,0,0.007574862
Warm C,556732,3422,3421,1425,872,0,0.009966819
Warm C,543147,3344,3343,1425,872,0,0.0012002909
Warm C,547491,3378,3377,1425,872,0,0.007525688
Warm C,541179,3329,3328,1425,872,0,0.0016884764
Warm C,532917,3292,3291,1425,872,0,0.0070845108
Warm C,530769,3280,3279,1425,872,0,0.021537516
Warm C,522106,3224,3223,1425,872,1,0.0044005117
Warm C,539683,3320,3319,1425,872,1,0.004557279
Warm C,536761,3311,3310,1425,872,1,0.013287405
Warm C,512524,3163,3162,1425,872,1,0.012800543
Warm C,816014,4899,4898,1425,872,0,0.0011108993
Warm C,738010,4411,4410,1425,872,0,-0.0059470623
Warm C,783906,4682,4681,1425,872,1,0.006887349
Warm C,504335,3101,3100,1425,872,1,0.0155047
Warm C,475038,2916,2915,1425,872,0,0.0052739414
Warm C,472243,2907,2906,1425,872,1,0.0075244824
Warm C,470831,2899,2898,1425,872,1,0.012878438
Warm C,473130,2909,2908,1425,872,0,0.008390547
Warm C,467505,2881,2880,1425,872,1,0.0033827894
Warm C,447763,2761,2760,1425,872,1,0.015219923
Warm C,438735,2681,2680,1425,872,1,0.008312652
Warm C,425046,2580,2579,1425,872,0,0.0046179807
Warm C,419560,2537,2536,1425,872,0,0.012864418
Warm C,416279,2507,2506,1425,872,0,0.011350391
Warm C,412606,2484,2483,1425,872,1,0.02089563
Warm C,400196,2383,2382,1425,872,1,0.020368727
Warm C,368233,2153,2152,1425,872,1,0.005783192
Warm C,361357,2109,2108,1425,872,0,0.0040441393
Warm C,351311,2063,2062,1425,872,0,0.028945433
Warm C,340382,2010,2009,1425,872,0,0.010181676
Warm C,337891,1988,1987,1425,872,0,0.006163429
Warm C,330908,1954,1953,1425,872,1,0.016136592
Warm C,314873,1880,1879,1425,872,0,0.013907074
Warm C,281111,1687,1686,1425,872,0,0.0070055574
Warm C,278520,1680,1679,1425,872,0,0.0012455862
Warm C,268423,1631,1630,1425,872,0,0.017048854
Warm C,256422,1565,1564,1425,872,0,0.008066516
Warm C,247473,1496,1495,1425,872,0,0.00747231
Warm C,233579,1421,1420,1425,872,1,0.020736743
Warm C,231533,1404,1403,1425,872,1,0.015434947
Warm C,357177,2092,2091,1425,872,1,0.010206355
Warm C,335383,1980,1979,1425,872,0,0.0039294017
Warm C,223265,1354,1353,1425,872,0,0.016603181
Warm C,277347,1676,1675,1425,872,1,0.017424328
Warm C,198740,1221,1220,1425,872,0,0.0053976183
Warm C,196273,1207,1206,1425,872,0,0.025699973
Warm C,175924,1113,1112,1425,872,0,0.017644791
Warm C,173039,1097,1096,1425,872,1,0.013427615
Warm C,164205,1051,1050,1425,872,0,0.012444479
Warm C,271982,1645,1644,1425,872,1,0.0050672474
Warm C,155689,1004,1003,1425,872,0,0.016880829
Warm C,221029,1340,1339,1425,872,0,0.020098124
Warm C,148183,955,954,1425,872,0,0.010632898
Warm C,137670,889,888,1425,872,0,0.010553421
Warm C,135376,877,876,1425,872,0,0.008968685
Warm C,128481,832,831,1425,872,0,0.0041019823
Warm C,124131,800,799,1425,872,1,0.010215804
Warm C,177839,1120,1119,1425,872,0,0.011282846
Warm C,117321,757,756,1425,872,1,0.013955785
Warm C,112206,731,730,1425,872,1,0.009289107
Warm C,107625,710,709,1425,872,1,0.023061287
Warm C,105818,699,698,1425,872,1,0.013624763
Warm C,106583,702,701,1425,872,1,0.014126442
Warm C,103764,690,689,1425,872,1,0.020403355
Warm C,118207,765,764,1425,872,1,0.0020423029
Warm C,176659,1117,1116,1425,872,1,0.0135298865
Warm C,97662,655,654,1425,872,0,-0.001432606
Warm C,329084,1943,1942,1425,872,1,0.010938751
Warm C,94075,631,630,1425,872,0,0.00064910075
Warm C,695722,4169,4168,1425,872,0,0.016693972
Warm C,283798,1698,1697,1425,872,1,0.012155807
Warm C,83798,550,549,1425,872,1,0.0044349832
Warm C,238519,1448,1447,1425,872,0,0.010108014
Warm C,87032,569,568,1425,872,1,0.014901906
Warm C,70042,474,473,1425,872,0,0.016762484
Warm C,63617,425,424,1425,872,0,0.012416666
Warm C,58448,396,395,1425,872,0,0.005627155
Warm C,626450,3792,3791,1425,872,0,0.0066089877
Warm C,588952,3592,3591,1425,872,0,-0.0050067278
Warm C,638846,3842,3841,1425,872,1,0.022127395
Warm C,65126,438,437,1425,872,1,0.007698175
Warm C,26241,187,186,1425,872,0,0.0074727666
Warm C,234670,1425,1424,1425,872,1,0.010191876
Warm C,7458,53,52,1425,872,1,0.0040591788
Warm C,632861,3824,3823,1425,872,0,0.015636569
Warm C,3459,26,25,1425,872,0,0.01564271
Warm C,2622,22,21,1425,872,0,0.013221825
Warm C,233829,1422,1421,1425,872,1,0.0031980393
Warm C,79054,531,530,1425,872,0,0.011149061
Warm C,709660,4258,4257,1425,872,1,0.016809836
Warm C,892765,5394,5393,1425,872,0,0.021686908
Warm C,370866,2168,2167,1425,872,1,0.020837016
Warm C,571784,3507,3506,1425,872,0,0.014108928
Warm C,362654,2116,2115,1425,872,1,0.02453475
Warm C,511759,3158,3157,1425,872,0,0.012657734
Warm C,309444,1842,1841,1425,872,0,0.0041192938
Warm C,201909,1243,1242,1425,872,1,0.0022392417
Warm C,65881,442,441,1425,872,1,0.022090865
Warm C,878852,5312,5311,1425,872,1,0.007128394
Warm C,388002,2271,2270,1425,872,1,0.013148947
Warm C,699527,4186,4185,1425,872,0,0.013974637
Warm C,549656,3391,3390,1425,872,0,0.0101475855
Warm C,337358,1984,1983,1432,875,0,-0.003521976
Warm C,222321,1345,1344,1432,875,0,0.008278797
Warm C,226929,1377,1376,1432,875,0,0.0070373924
Warm C,311428,1855,1854,1432,875,1,0.0088831615
Warm C,320690,1902,1901,1432,875,0,0.0061496384
Warm C,248625,1501,1500,1432,875,1,0.023975994
Warm C,171192,1088,1087,1432,875,0,0.010362675
Warm C,327510,1941,1940,1432,875,0,0.008693027
Warm C,275361,1667,1666,1432,875,0,0.006197772
Warm C,342142,2015,2014,1432,875,0,0.017139496
Warm C,154702,999,998,1432,875,0,0.012690088
Warm C,325728,1928,1927,1432,875,0,0.008397039
Warm C,380092,2223,2222,1432,875,0,0.013239942
Warm C,202284,1244,1243,1432,875,0,0.01003381
Warm C,258274,1584,1583,1432,875,1,0.005527378
Warm C,105825,699,698,1432,875,0,0.018921651
Warm C,96321,647,646,1432,875,0,0.011568693
Warm C,107637,710,709,1432,875,0,0.009187905
Warm C,150368,970,969,1432,875,0,0.020387126
Warm C,87620,575,574,1432,875,0,0.01928788
Warm C,81343,542,541,1432,875,0,-0.002771974
Warm C,83816,550,549,1432,875,0,0.015697155
Warm C,77128,524,523,1432,875,0,0.023565121
Warm C,70048,474,473,1432,875,0,0.010098647
Warm C,44207,302,301,1432,875,0,0.024072936
Warm C,22309,163,162,1432,875,0,0.01230423
Warm C,269663,1635,1634,1432,875,0,0.021483252
Warm C,26989,192,191,1432,875,0,0.00041073665
Warm C,10045,71,70,1432,875,1,0.016470866
Warm C,9100,62,61,1432,875,0,0.01165831
Warm C,17093,134,133,1432,875,0,0.015595961
Warm C,78233,528,527,1432,875,0,0.014357595
Warm C,354663,2077,2076,1432,875,0,0.020697024
Warm C,27865,195,194,1432,875,0,0.01829039
Warm C,49924,331,330,1432,875,0,0.01524039
Warm C,300128,1780,1779,1432,875,0,0.018157125
Warm C,941292,5682,5681,1432,875,0,0.023107558
Warm C,293532,1748,1747,1432,875,0,0.019207757
Warm C,272608,1647,1646,1432,875,0,0.012846594
Warm C,549673,3391,3390,1432,875,0,0.007355428
Warm C,183033,1141,1140,1440,877,0,0.004833821
Warm C,164231,1051,1050,1440,877,0,0.010686642
Warm C,163627,1050,1049,1440,877,0,0.00027944043
Warm C,332456,1962,1961,1440,877,0,-0.00060887507
Warm C,124718,802,801,1440,877,0,0.0058225323
Warm C,112232,731,730,1440,877,0,0.00521856
Warm C,105835,699,698,1440,877,1,0.0034862212
Warm C,106605,702,701,1440,877,0,0.011526357
Warm C,763751,4543,4542,1440,877,0,0.009226075
Warm C,291105,1737,1736,1440,877,0,0.00517871
Warm C,70621,476,475,1440,877,0,0.0029215533
Warm C,67315,453,452,1440,877,0,0.0069449833
Warm C,239632,1449,1448,1440,877,0,0.01856705
Warm C,107651,710,709,1440,877,0,0.0096188355
Warm C,695755,4169,4168,1440,877,0,0.014637841
Warm C,237578,1447,1446,1440,877,0,0.011144986
Warm C,133988,869,868,1440,877,0,0.007384894
Warm C,719880,4312,4311,1440,877,0,0.00558766
Warm C,933296,5636,5635,1440,877,0,0.0020240322
Warm C,549697,3391,3390,1440,877,0,0.011051459
Warm C,567227,3483,3482,1440,877,1,0.021847725
Warm C,499101,3067,3066,1442,879,0,0.009724067
Warm C,71742,482,481,1442,879,0,0.004044301
Warm C,626471,3792,3791,1442,879,0,0.006920197
Warm C,966513,5831,5830,1442,879,1,0.010901435
Warm C,272622,1647,1646,1442,879,1,0.016770279
Warm C,115817,752,751,1442,879,0,0.011067956
Warm C,183035,1141,1140,1442,879,0,0.008124942
Warm C,712679,4277,4276,1442,879,1,0.008773689
Warm C,223019,1352,1351,1442,879,0,0.0116238035
Warm C,310515,1851,1850,1442,879,0,0.0061265165
Warm C,248478,1500,1499,1442,879,0,0.0012955702
Warm C,525208,3243,3242,1445,880,0,0.0010559694
Warm C,510596,3147,3146,1445,880,0,0.0042955866
Warm C,516268,3189,3188,1445,880,0,-0.0041386783
Warm C,504100,3099,3098,1445,880,1,0.009016628
Warm C,496739,3052,3051,1445,880,0,0.010189831
Warm C,493752,3032,3031,1445,880,1,0.0014843331
Warm C,486523,2995,2994,1445,880,0,0.0062447516
Warm C,484455,2983,2982,1445,880,0,0.0021824252
Warm C,479965,2946,2945,1445,880,0,0.009394741
Warm C,444373,2742,2741,1445,880,0,0.002627193
Warm C,435368,2661,2660,1445,880,0,-0.0015385575
Warm C,430674,2625,2624,1445,880,0,0.010841334
Warm C,450521,2777,2776,1445,880,1,0.0055312114
Warm C,420379,2541,2540,1445,880,1,-0.0059893755
Warm C,419591,2537,2536,1445,880,0,0.0039004716
Warm C,415196,2500,2499,1445,880,0,0.0074881334
Warm C,412628,2484,2483,1445,880,0,0.012739096
Warm C,383994,2244,2243,1445,880,0,0.010305193
Warm C,378895,2212,2211,1445,880,0,0.0006469276
Warm C,366540,2136,2135,1445,880,0,0.0037280638
Warm C,355866,2085,2084,1445,880,0,0.0073864195
Warm C,362675,2116,2115,1445,880,0,0.0011317309
Warm C,351357,2063,2062,1445,880,0,0.0024899216
Warm C,361383,2109,2108,1445,880,0,0.0077267606
Warm C,343949,2020,2019,1445,880,0,0.009235472
Warm C,340398,2010,2009,1445,880,0,0.013824897
Warm C,338706,1995,1994,1445,880,0,0.005646278
Warm C,324839,1925,1924,1445,880,0,0.0028458918
Warm C,303436,1803,1802,1445,880,0,0.014242766
Warm C,275372,1667,1666,1445,880,0,0.0016517758
Warm C,226936,1377,1376,1445,880,0,0.0018905939
Warm C,269680,1635,1634,1445,880,0,0.0062838066
Warm C,218787,1327,1326,1445,880,0,0.008885333
Warm C,254995,1552,1551,1445,880,0,0.0068950527
Warm C,277378,1676,1675,1445,880,0,0.00914468
Warm C,272623,1647,1646,1445,880,0,0.013406374
Warm C,278582,1680,1679,1445,880,0,0.01017554
Warm C,304635,1812,1811,1445,880,0,0.0027663833
Warm C,219684,1333,1332,1445,880,0,0.008466585
Warm C,198558,1220,1219,1445,880,0,0.008964589
Warm C,308347,1837,1836,1445,880,0,0.014600083
Warm C,172446,1092,1091,1445,880,0,-0.0014282633
Warm C,229142,1389,1388,1445,880,0,0.001522258
Warm C,166822,1061,1060,1445,880,0,0.0037962701
Warm C,327553,1941,1940,1445,880,0,0.0026142239
Warm C,272006,1645,1644,1445,880,1,-0.0038184505
Warm C,190351,1181,1180,1445,880,0,0.0050769495
Warm C,255421,1556,1555,1445,880,0,0.0068210694
Warm C,227532,1380,1379,1445,880,1,0.014146052
Warm C,151463,975,974,1445,880,0,0.012166498
Warm C,221058,1340,1339,1445,880,0,0.024395783
Warm C,156502,1010,1009,1445,880,0,0.0019180351
Warm C,137727,889,888,1445,880,0,0.019601924
Warm C,248637,1501,1500,1445,880,0,0.004863864
Warm C,120233,777,776,1445,880,0,0.0035811707
Warm C,118230,765,764,1445,880,1,0.005342043
Warm C,159778,1019,1018,1445,880,0,0.0028120482
Warm C,105837,699,698,1445,880,0,-0.00018326426
Warm C,98554,660,659,1445,880,0,0.004409103
Warm C,96323,647,646,1445,880,0,0.019494016
Warm C,96077,646,645,1445,880,0,0.008950872
Warm C,82704,549,548,1445,880,0,0.0010813577
Warm C,118984,770,769,1445,880,0,0.01430467
Warm C,81444,543,542,1445,880,0,0.0008291262
Warm C,70352,475,474,1445,880,0,0.0062913727
Warm C,68527,461,460,1445,880,0,0.011151754
Warm C,67148,452,451,1445,880,0,0.0065015545
Warm C,87037,569,568,1445,880,1,0.0020956341
Warm C,71744,482,481,1445,880,0,0.012622248
Warm C,405928,2436,2435,1445,880,0,0.009979532
Warm C,53464,352,351,1445,880,0,0.0042913295
Warm C,52295,344,343,1445,880,0,-0.0008164004
Warm C,78245,528,527,1445,880,0,0.005469189
Warm C,44242,302,301,1445,880,0,0.0036364847
Warm C,695764,4169,4168,1445,880,0,0.014184917
Warm C,31800,216,215,1445,880,0,0.015258603
Warm C,336848,1983,1982,1445,880,0,0.007220076
Warm C,239638,1449,1448,1445,880,0,0.0032336684
Warm C,368248,2153,2152,1445,880,1,0.020267028
Warm C,29045,199,198,1445,880,0,0.014722563
Warm C,291107,1737,1736,1445,880,0,0.001120015
Warm C,536790,3311,3310,1445,880,0,0.0056911353
Warm C,19206,148,147,1445,880,0,0.013500437
Warm C,161934,1033,1032,1445,880,0,0.018008504
Warm C,626474,3792,3791,1445,880,0,0.005663887
Warm C,552046,3401,3400,1445,880,0,0.012823788
Warm C,383199,2239,2238,1445,880,0,-0.0020801302
Warm C,632907,3824,3823,1445,880,0,0.008064833
Warm C,331281,1958,1957,1445,880,0,0.015450395
Warm C,45774,308,307,1445,880,0,0.011338115
Warm C,454468,2796,2795,1445,880,0,0.013449612
Warm C,171223,1088,1087,1445,880,0,0.01204125
Warm C,931380,5626,5625,1445,880,1,0.014116848
Warm C,342161,2015,2014,1445,880,0,0.008287675
Warm C,336639,1982,1981,1445,880,0,0.0138894245
Warm C,559347,3436,3435,1445,880,0,0.013580605
Warm C,556158,3418,3417,1446,881,1,-0.002933193
Warm C,551526,3398,3397,1446,881,1,0.00064920634
Warm C,546670,3371,3370,1446,881,1,0.010677846
Warm C,545445,3364,3363,1446,881,1,-0.0037990515
Warm C,534268,3299,3298,1446,881,1,-0.008821991
Warm C,524593,3237,3236,1446,881,1,0.0065257987
Warm C,522155,3224,3223,1446,881,1,-0.0014553596
Warm C,521320,3217,3216,1446,881,1,0.0025389467
Warm C,512557,3163,3162,1446,881,1,0.016215716
Warm C,527226,3261,3260,1446,881,1,0.00046271103
Warm C,520486,3210,3209,1446,881,1,0.0011410743
Warm C,509203,3135,3134,1446,881,0,0.0050995024
Warm C,526166,3253,3252,1446,881,1,-0.0068819122
Warm C,816021,4899,4898,1446,881,1,0.007868571
Warm C,506170,3114,3113,1446,881,1,0.0092376005
Warm C,503065,3088,3087,1446,881,1,0.0064057903
Warm C,500602,3075,3074,1446,881,1,-0.003486916
Warm C,588971,3592,3591,1446,881,1,0.000548257
Warm C,492473,3029,3028,1446,881,1,-0.0018113884
Warm C,497056,3054,3053,1446,881,1,-0.00082133524
Warm C,484780,2986,2985,1446,881,1,0.005980788
Warm C,483350,2970,2969,1446,881,1,-0.005766893
Warm C,695766,4169,4168,1446,881,1,0.0058078077
Warm C,475046,2916,2915,1446,881,1,-0.0007661439
Warm C,879759,5317,5316,1446,881,1,0.0046125036
Warm C,466593,2878,2877,1446,881,1,0.014220569
Warm C,466148,2874,2873,1446,881,0,0.0065273545
Warm C,465319,2870,2869,1446,881,1,-0.0035999694
Warm C,464593,2863,2862,1446,881,1,0.0032729518
Warm C,462325,2853,2852,1446,881,1,-0.0055282163
Warm C,459563,2832,2831,1446,881,1,-0.001799061
Warm C,443683,2737,2736,1446,881,0,0.006486737
Warm C,442339,2724,2723,1446,881,1,0.0007870735
Warm C,432040,2634,2633,1446,881,1,-0.006141831
Warm C,425869,2584,2583,1446,881,1,-0.004222591
Warm C,417288,2513,2512,1446,881,1,0.0007696268
Warm C,386298,2259,2258,1446,881,1,0.00045865076
Warm C,378109,2206,2205,1446,881,1,-0.0008243355
Warm C,371202,2169,2168,1446,881,0,0.0028542613
Warm C,347084,2036,2035,1446,881,1,0.004429398
Warm C,346872,2034,2033,1446,881,1,-0.0046060877
Warm C,346037,2030,2029,1446,881,1,-0.0010382925
Warm C,275854,1669,1668,1446,881,1,0.0069745565
Warm C,281969,1692,1691,1446,881,0,0.003059572
Warm C,274740,1661,1660,1446,881,1,-0.010741434
Warm C,284735,1699,1698,1446,881,1,0.002093296
Warm C,273931,1654,1653,1446,881,1,-0.0052509108
Warm C,268434,1631,1630,1446,881,1,0.0047689024
Warm C,252024,1525,1524,1446,881,1,0.0017708445
Warm C,353891,2073,2072,1446,881,1,-0.003179144
Warm C,233589,1421,1420,1446,881,0,-0.0034081014
Warm C,227972,1383,1382,1446,881,1,0.00014295103
Warm C,229826,1391,1390,1446,881,1,0.005453703
Warm C,209325,1279,1278,1446,881,0,0.0020999587
Warm C,205574,1264,1263,1446,881,1,0.003846739
Warm C,203751,1253,1252,1446,881,1,0.011089468
Warm C,213250,1298,1297,1446,881,1,0.010626865
Warm C,308350,1837,1836,1446,881,1,0.00016486738
Warm C,206628,1266,1265,1446,881,1,-0.0003447081
Warm C,170745,1087,1086,1446,881,1,0.011950404
Warm C,175295,1112,1111,1446,881,1,0.0038296953
Warm C,163069,1041,1040,1446,881,1,-0.0030727284
Warm C,162635,1038,1037,1446,881,1,0.0026182737
Warm C,161262,1029,1028,1446,881,1,0.007605455
Warm C,151915,977,976,1446,881,1,0.0013727364
Warm C,150311,969,968,1446,881,1,0.0002905756
Warm C,148508,956,955,1446,881,1,0.0029050459
Warm C,313698,1873,1872,1446,881,0,-0.0021458997
Warm C,154559,998,997,1446,881,1,0.0012374229
Warm C,143797,928,927,1446,881,0,0.0012268771
Warm C,137730,889,888,1446,881,0,7.574214e-05
Warm C,201337,1242,1241,1446,881,1,0.005504378
Warm C,130729,848,847,1446,881,1,0.0071297986
Warm C,199971,1228,1227,1446,881,1,0.005988724
Warm C,128821,837,836,1446,881,0,0.0068490095
Warm C,374728,2185,2184,1446,881,0,-0.0048398115
Warm C,262966,1605,1604,1446,881,1,0.0031767106
Warm C,322045,1912,1911,1446,881,0,-0.0028799237
Warm C,134957,873,872,1446,881,1,-0.0023586792
Warm C,105385,697,696,1446,881,0,0.0013041426
Warm C,105021,696,695,1446,881,1,0.009811186
Warm C,97682,655,654,1446,881,1,0.0006392058
Warm C,256037,1561,1560,1446,881,1,0.011533921
Warm C,151163,973,972,1446,881,0,0.005612594
Warm C,283841,1698,1697,1446,881,1,-0.00413121
Warm C,89527,590,589,1446,881,1,8.981547e-05
Warm C,89098,588,587,1446,881,1,0.0015291802
Warm C,460536,2841,2840,1446,881,1,0.009747282
Warm C,319125,1897,1896,1446,881,1,0.000446653
Warm C,83849,550,549,1446,881,1,-0.0021371734
Warm C,77158,524,523,1446,881,1,0.012306716
Warm C,59575,404,403,1446,881,1,0.006959548
Warm C,155206,1001,1000,1446,881,1,-1.0489253e-05
Warm C,46238,309,308,1446,881,1,-0.0013415923
Warm C,42946,294,293,1446,881,1,0.00618945
Warm C,42692,293,292,1446,881,1,0.0043003447
Warm C,312769,1865,1864,1446,881,1,0.013785089
Warm C,43410,299,298,1446,881,1,-0.001745062
Warm C,31803,216,215,1446,881,1,-0.005198701
Warm C,199799,1227,1226,1446,881,1,0.0038269693
Warm C,30787,205,204,1446,881,1,0.004680552
Warm C,27490,193,192,1446,881,1,-0.003057964
Warm C,21915,161,160,1446,881,1,-0.0030185583
Warm C,26268,187,186,1446,881,1,-0.00829951
Warm C,287356,1716,1715,1446,881,1,0.006182491
Warm C,152403,981,980,1446,881,0,0.011150008
Warm C,12457,95,94,1446,881,1,0.0017109687
Warm C,11422,88,87,1446,881,1,-0.0056655593
Warm C,133407,862,861,1446,881,1,0.00088445796
Warm C,211638,1287,1286,1446,881,0,-0.0033100343
Warm C,10600,76,75,1446,881,1,0.0057527544
Warm C,1399,13,12,1446,881,0,0.0038832885
Warm C,778,9,8,1446,881,0,0.004549061
Warm C,479711,2944,2943,1446,881,1,0.0070585115
Warm C,10739,78,77,1446,881,0,-0.00010281103
Warm C,167081,1063,1062,1446,881,1,-0.005500977
Warm C,484283,2980,2979,1446,881,0,-0.0020982623
Warm C,249748,1505,1504,1446,881,1,0.0037020124
Warm C,859998,5172,5171,1446,881,1,-0.0025538171
Warm C,37836,259,258,1446,881,1,-0.005057264
Warm C,317481,1889,1888,1446,881,0,-0.00022214605
Warm C,420765,2544,2543,1446,881,0,0.0019147445
Warm C,117142,755,754,1446,881,1,0.007473159
Warm C,840387,5049,5048,1446,881,1,0.004757573
Warm C,178542,1121,1120,1446,881,1,0.008557103
Warm C,807557,4834,4833,1446,881,0,-0.0041708355
Warm C,208576,1274,1273,1446,881,1,-0.0048418688
Warm C,456904,2814,2813,1446,881,0,0.0026046494
Warm C,804231,4816,4815,1446,881,1,0.008952338
Warm C,535754,3308,3307,1453,883,0,-0.004429003
Warm C,638876,3842,3841,1453,883,0,0.0014011413
Warm C,540921,3328,3327,1453,883,1,-0.0019907043
Warm C,532974,3292,3291,1453,883,0,0.0046792068
Warm C,522171,3224,3223,1453,883,0,-0.006038471
Warm C,539714,3320,3319,1453,883,0,0.002528125
Warm C,512564,3163,3162,1453,883,0,-0.009035235
Warm C,508443,3129,3128,1453,883,0,0.002602825
Warm C,738035,4411,4410,1453,883,0,-0.0036682053
Warm C,503583,3095,3094,1453,883,1,0.0012810326
Warm C,797522,4784,4783,1453,883,0,-0.0003231587
Warm C,493759,3032,3031,1453,883,1,-0.004244239
Warm C,491940,3026,3025,1453,883,0,0.0011685719
Warm C,490150,3017,3016,1453,883,0,-5.02686e-05
Warm C,794602,4753,4752,1453,883,0,0.0066999546
Warm C,472284,2907,2906,1453,883,0,-0.0023585188
Warm C,470292,2896,2895,1453,883,0,4.0757935e-05
Warm C,450131,2776,2775,1453,883,0,0.00247624
Warm C,450528,2777,2776,1453,883,0,-0.003576223
Warm C,445072,2745,2744,1453,883,0,-0.00016690244
Warm C,466602,2878,2877,1453,883,0,0.0012336643
Warm C,438750,2681,2680,1453,883,1,0.0044512507
Warm C,433083,2641,2640,1453,883,0,-0.005885609
Warm C,430267,2622,2621,1453,883,1,-0.002786058
Warm C,420381,2541,2540,1453,883,1,0.0029950845
Warm C,416000,2506,2505,1453,883,0,0.006130945
Warm C,400230,2383,2382,1453,883,1,0.0045542424
Warm C,393045,2309,2308,1453,883,0,0.00055179984
Warm C,366817,2139,2138,1453,883,0,0.0003138762
Warm C,364436,2123,2122,1453,883,1,0.00087487535
Warm C,355870,2085,2084,1453,883,0,-0.0058440613
Warm C,341392,2012,2011,1453,883,0,-0.0017317559
Warm C,315764,1881,1880,1453,883,1,-0.0010796734
Warm C,293371,1747,1746,1453,883,0,0.0018583161
Warm C,281137,1687,1686,1453,883,0,0.004169371
Warm C,269472,1634,1633,1453,883,0,0.001779702
Warm C,268438,1631,1630,1453,883,1,0.009247102
Warm C,276028,1671,1670,1453,883,1,0.0017599761
Warm C,216363,1314,1313,1453,883,1,0.0022133905
Warm C,213255,1298,1297,1453,883,1,0.0054019736
Warm C,211985,1291,1290,1453,883,0,-0.0024360106
Warm C,188817,1172,1171,1453,883,1,-0.007155817
Warm C,186733,1156,1155,1453,883,0,0.00042413612
Warm C,183048,1141,1140,1453,883,1,-0.005004494
Warm C,316103,1883,1882,1453,883,0,0.00759019
Warm C,331289,1958,1957,1453,883,0,-0.0027718623
Warm C,327567,1941,1940,1453,883,0,0.00014256313
Warm C,272010,1645,1644,1453,883,1,0.005337824
Warm C,165422,1054,1053,1453,883,1,-0.0036392831
Warm C,167652,1068,1067,1453,883,0,-0.0023347111
Warm C,143600,927,926,1453,883,0,0.001005081
Warm C,137743,889,888,1453,883,0,0.0027982206
Warm C,248642,1501,1500,1453,883,0,0.008412586
Warm C,360454,2106,2105,1453,883,0,0.00050739385
Warm C,105842,699,698,1453,883,0,-0.0013244193
Warm C,103626,689,688,1453,883,0,0.0033714233
Warm C,179395,1125,1124,1453,883,0,-0.006002644
Warm C,98560,660,659,1453,883,0,-0.0059899124
Warm C,96326,647,646,1453,883,0,0.003077707
Warm C,441916,2718,2717,1453,883,0,0.0012021612
Warm C,234715,1425,1424,1453,883,0,0.0039547384
Warm C,152815,984,983,1453,883,0,0.0039009117
Warm C,87177,570,569,1453,883,0,-0.0017966544
Warm C,76092,517,516,1453,883,0,-0.009001582
Warm C,64604,432,431,1453,883,0,0.003765367
Warm C,251050,1516,1515,1453,883,0,-0.00020382565
Warm C,239649,1449,1448,1453,883,0,-0.0006766319
Warm C,78253,528,527,1453,883,0,0.0009292001
Warm C,49187,329,328,1453,883,0,-0.0057780454
Warm C,46390,310,309,1453,883,0,0.016594848
Warm C,39470,268,267,1453,883,0,-0.0051550623
Warm C,38189,261,260,1453,883,0,-0.0029481757
Warm C,38781,264,263,1453,883,0,0.00047387904
Warm C,336852,1983,1982,1453,883,0,-0.009351734
Warm C,22343,163,162,1453,883,0,-0.0052623963
Warm C,783936,4682,4681,1453,883,0,0.003926093
Warm C,6299,45,44,1453,883,0,-0.0018464114
Warm C,79096,531,530,1453,883,0,0.0052686376
Warm C,471806,2903,2902,1453,883,1,-0.005479783
Warm C,354679,2077,2076,1453,883,0,0.0023041766
Warm C,362684,2116,2115,1453,883,0,0.00067321176
Warm C,682146,4085,4084,1453,883,0,0.0064250864
Warm C,51329,338,337,1453,883,0,-0.0074492246
Warm C,101920,678,677,1453,883,0,0.00805174
Warm C,144735,934,933,1453,883,0,0.004688148
Warm C,507637,3125,3124,1453,883,0,-0.0023290464
Warm C,287584,1717,1716,1453,883,0,-0.0007409067
Warm C,473176,2909,2908,1453,883,0,0.000884614
Warm C,262979,1605,1604,1454,884,0,0.006683592
Warm C,283852,1698,1697,1454,884,1,0.010177153
Warm C,88133,581,580,1454,884,0,0.006977725
Warm C,238565,1448,1447,1454,884,1,0.0064004147
Warm C,88703,587,586,1454,884,0,0.0050219465
Warm C,65159,438,437,1454,884,0,0.009231783
Warm C,57095,386,385,1454,884,0,0.008686132
Warm C,132251,855,854,1454,884,0,0.01573146
Warm C,42949,294,293,1454,884,1,-0.0010007789
Warm C,24822,175,174,1454,884,0,0.013074996
Warm C,17421,136,135,1454,884,0,0.006092905
Warm C,206636,1266,1265,1454,884,0,0.0054447493
Warm C,892794,5394,5393,1454,884,1,0.017043019
Warm C,222545,1347,1346,1454,884,1,0.00824661
Warm C,882009,5329,5328,1454,884,1,0.011985043
Warm C,682147,4085,4084,1454,884,0,0.01183649
Warm C,499110,3067,3066,1454,884,0,0.008585071
Warm C,54365,355,354,1454,884,0,0.0033746883
Warm C,289945,1733,1732,1454,884,1,0.017553322
Warm C,234716,1425,1424,1454,884,1,0.006949692
Warm C,372582,2176,2175,1454,884,0,0.004905406
Warm C,329854,1946,1945,1454,884,0,0.013054076
Warm C,869004,5250,5249,1456,885,1,0.006869109
Warm C,171238,1088,1087,1456,885,0,0.010943804
Warm C,562390,3462,3461,1456,885,0,0.019391757
Warm C,27921,195,194,1456,885,0,0.009564806
Warm C,327604,1941,1940,1460,888,1,0.017135702
Warm C,179410,1125,1124,1460,888,0,0.010061076
Warm C,165120,1053,1052,1460,888,0,0.013588687
Warm C,342189,2015,2014,1460,888,0,0.0058652684
Warm C,155730,1004,1003,1460,888,0,0.008041471
Warm C,165426,1054,1053,1460,888,1,0.005682988
Warm C,152832,984,983,1460,888,0,0.014412913
Warm C,147883,953,952,1460,888,0,0.013496849
Warm C,184870,1150,1149,1460,888,0,0.012548864
Warm C,137778,889,888,1460,888,0,0.012719249
Warm C,262994,1605,1604,1460,888,0,0.0042649806
Warm C,124165,800,799,1460,888,0,0.011947678
Warm C,112266,731,730,1460,888,0,0.0142629845
Warm C,105856,699,698,1460,888,0,0.00474619
Warm C,203457,1248,1247,1460,888,0,0.007080988
Warm C,93739,629,628,1460,888,1,0.0070495764
Warm C,85214,556,555,1460,888,0,0.010747919
Warm C,83876,550,549,1460,888,0,0.0081003625
Warm C,73055,494,493,1460,888,1,0.008799985
Warm C,70063,474,473,1460,888,0,0.007130609
Warm C,65168,438,437,1460,888,0,0.011393521
Warm C,46393,310,309,1460,888,1,0.0015608562
Warm C,638887,3842,3841,1460,888,1,0.013347313
Warm C,142133,918,917,1460,888,0,0.00944707
Warm C,10465,75,74,1460,888,1,0.0030269355
Warm C,362701,2116,2115,1460,888,0,0.00727746
Warm C,239674,1449,1448,1460,888,0,0.011437762
Warm C,272018,1645,1644,1460,888,1,-8.144649e-05
Warm C,632941,3824,3823,1460,888,0,0.012171598
Warm C,554397,3411,3410,1460,888,0,0.0051763775
Warm C,134015,869,868,1460,888,0,0.011885299
Warm C,734171,4387,4386,1460,888,0,0.012772834
Warm C,936495,5650,5649,1460,888,0,0.012444844
Warm C,877372,5302,5301,1460,888,0,0.011825236
Warm C,526448,3257,3256,1464,890,0,0.005704933
Warm C,566975,3481,3480,1464,890,1,-0.0057085296
Warm C,536824,3311,3310,1464,890,1,0.0055570304
Warm C,522198,3224,3223,1464,890,0,0.00905801
Warm C,512376,3162,3161,1464,890,0,-0.0047888127
Warm C,510601,3147,3146,1464,890,0,0.007568393
Warm C,476662,2928,2927,1464,890,0,0.011229085
Warm C,473213,2909,2908,1464,890,1,0.0024828205
Warm C,457652,2820,2819,1464,890,1,0.008365457
Warm C,518618,3201,3200,1464,890,0,0.0048408257
Warm C,438951,2682,2681,1464,890,1,0.015212287
Warm C,428220,2605,2604,1464,890,0,0.010009405
Warm C,390627,2293,2292,1464,890,0,0.020245925
Warm C,389855,2288,2287,1464,890,1,0.005851052
Warm C,381921,2232,2231,1464,890,0,0.008082209
Warm C,379128,2215,2214,1464,890,0,0.0012945612
Warm C,375459,2188,2187,1464,890,0,0.013952455
Warm C,351400,2063,2062,1464,890,1,0.014497023
Warm C,301035,1788,1787,1464,890,1,0.005490465
Warm C,289960,1733,1732,1464,890,1,0.00885607
Warm C,282522,1694,1693,1464,890,1,0.013201021
Warm C,278645,1680,1679,1464,890,1,0.011552352
Warm C,268294,1630,1629,1464,890,0,0.014976094
Warm C,267724,1627,1626,1464,890,1,-0.0019638818
Warm C,346063,2030,2029,1464,890,1,0.013138464
Warm C,234501,1423,1422,1464,890,0,0.018896352
Warm C,224012,1356,1355,1464,890,0,0.010988811
Warm C,214650,1303,1302,1464,890,1,0.010315216
Warm C,219706,1333,1332,1464,890,0,0.008295232
Warm C,210586,1285,1284,1464,890,0,0.0075394837
Warm C,183062,1141,1140,1464,890,1,0.007752508
Warm C,243693,1470,1469,1464,890,0,0.0077681066
Warm C,372587,2176,2175,1464,890,0,0.0107322475
Warm C,156537,1010,1009,1464,890,1,0.008990919
Warm C,319869,1899,1898,1464,890,1,0.013061726
Warm C,157769,1015,1014,1464,890,1,0.013685234
Warm C,149477,963,962,1464,890,1,0.01572101
Warm C,184874,1150,1149,1464,890,0,0.018175747
Warm C,139338,891,890,1464,890,0,-0.000516827
Warm C,137785,889,888,1464,890,0,0.014919832
Warm C,159819,1019,1018,1464,890,0,0.014649138
Warm C,886808,5359,5358,1464,890,1,0.005786934
Warm C,199976,1228,1227,1464,890,0,0.004478998
Warm C,176711,1117,1116,1464,890,1,0.007134549
Warm C,712717,4277,4276,1464,890,1,0.0036083246
Warm C,631340,3821,3820,1464,890,0,0.008009553
Warm C,283875,1698,1697,1464,890,1,0.010859679
Warm C,90543,601,600,1464,890,0,0.018052308
Warm C,77192,524,523,1464,890,1,0.0044166045
Warm C,74588,509,508,1464,890,1,0.01575301
Warm C,79998,533,532,1464,890,0,0.01885809
Warm C,60074,409,408,1464,890,1,0.016158506
Warm C,239682,1449,1448,1464,890,0,0.019255776
Warm C,53513,352,351,1464,890,1,0.015693676
Warm C,638892,3842,3841,1464,890,0,0.0120614525
Warm C,695809,4169,4168,1464,890,0,0.021637443
Warm C,35763,242,241,1464,890,1,0.016465073
Warm C,33355,225,224,1464,890,0,0.0162903
Warm C,23019,166,165,1464,890,1,0.007823837
Warm C,17431,136,135,1464,890,1,0.005375255
Warm C,505934,3112,3111,1464,890,1,0.007693738
Warm C,4472,33,32,1464,890,0,0.0063074017
Warm C,380700,2225,2224,1464,890,0,0.011029633
Warm C,512590,3163,3162,1464,890,1,0.025537089
Warm C,129166,839,838,1464,890,1,0.0016652881
Warm C,237618,1447,1446,1464,890,1,0.015303237
Warm C,843800,5074,5073,1464,890,0,0.010958925
Warm C,548658,3387,3386,1464,890,1,0.012346003
Warm C,101948,678,677,1464,890,0,0.011834775
Warm C,632947,3824,3823,1464,890,0,0.0075581316
Warm C,309469,1842,1841,1464,890,0,0.008909159
Warm C,17741,137,136,1464,890,0,0.010564679
Warm C,879776,5317,5316,1464,890,1,0.016640387
Warm C,570920,3503,3502,1464,890,1,0.010740351
Warm C,287593,1717,1716,1464,890,1,0.008001536
Warm C,892807,5394,5393,1464,890,0,0.017588694
Warm C,335483,1980,1979,1464,890,0,0.011629842
Warm C,474314,2910,2909,1464,890,1,0.013940499
Warm C,240969,1451,1450,1464,890,1,0.007896291
Warm C,488991,3011,3010,1464,890,1,0.011177528
Warm C,783415,4680,4679,1464,890,0,0.008586545
Warm C,27950,195,194,1464,890,1,0.0062864656
Warm C,177898,1120,1119,1464,890,0,0.0051706117
Warm C,58679,398,397,1464,890,1,0.0026897043
Warm C,234733,1425,1424,1464,890,1,0.011448059
Warm C,496828,3053,3052,1465,891,0,0.011755075
Warm C,484806,2986,2985,1465,891,1,0.02257166
Warm C,477659,2933,2932,1465,891,1,0.0086713955
Warm C,471558,2901,2900,1465,891,1,0.012631112
Warm C,869963,5256,5255,1465,891,0,0.0061919773
Warm C,463044,2857,2856,1465,891,1,0.013164958
Warm C,897519,5428,5427,1465,891,1,0.015498266
Warm C,450558,2777,2776,1465,891,0,0.0045051244
Warm C,444503,2743,2742,1465,891,1,0.0140813915
Warm C,440790,2699,2698,1465,891,1,0.019779071
Warm C,425907,2585,2584,1465,891,1,0.010622554
Warm C,422927,2564,2563,1465,891,1,0.0065669143
Warm C,451344,2778,2777,1465,891,0,0.0005967461
Warm C,398175,2368,2367,1465,891,1,0.008791827
Warm C,388320,2272,2271,1465,891,0,0.002950293
Warm C,386535,2261,2260,1465,891,0,0.011022479
Warm C,362706,2116,2115,1465,891,0,0.013656534
Warm C,361410,2109,2108,1465,891,0,0.010676427
Warm C,338504,1990,1989,1465,891,0,0.012292921
Warm C,334255,1972,1971,1465,891,1,0.008076396
Warm C,318093,1890,1889,1465,891,0,0.01175112
Warm C,298643,1773,1772,1465,891,0,0.0021178767
Warm C,310043,1845,1844,1465,891,0,0.00456043
Warm C,251515,1521,1520,1465,891,1,0.0047290684
Warm C,245689,1484,1483,1465,891,1,0.010091557
Warm C,227766,1381,1380,1465,891,0,0.0070814253
Warm C,221092,1340,1339,1465,891,0,0.0140915485
Warm C,278648,1680,1679,1465,891,1,0.021159006
Warm C,192962,1191,1190,1465,891,0,-0.00011914689
Warm C,329128,1943,1942,1465,891,1,0.004907297
Warm C,184878,1150,1149,1465,891,0,0.009499773
Warm C,182665,1140,1139,1465,891,1,0.006929498
Warm C,307186,1835,1834,1465,891,1,0.018935956
Warm C,174946,1109,1108,1465,891,0,0.00981619
Warm C,172591,1094,1093,1465,891,0,0.0029784772
Warm C,149478,963,962,1465,891,0,0.014784769
Warm C,323648,1920,1919,1465,891,1,0.01879283
Warm C,147700,952,951,1465,891,1,0.0012318554
Warm C,249150,1502,1501,1465,891,1,0.022228653
Warm C,141894,914,913,1465,891,0,-0.0024985517
Warm C,136272,881,880,1465,891,0,0.023444511
Warm C,125467,808,807,1465,891,0,0.017766073
Warm C,118245,765,764,1465,891,1,0.010073101
Warm C,114700,746,745,1465,891,0,-0.0018010228
Warm C,107263,706,705,1465,891,0,0.0019659894
Warm C,115853,752,751,1465,891,0,0.010666696
Warm C,95804,642,641,1465,891,0,0.0025943306
Warm C,695812,4169,4168,1465,891,1,0.013088695
Warm C,283876,1698,1697,1465,891,1,0.00323743
Warm C,89954,593,592,1465,891,1,0.00700254
Warm C,432047,2634,2633,1465,891,0,0.013390464
Warm C,77193,524,523,1465,891,0,0.01088225
Warm C,238591,1448,1447,1465,891,1,0.0086380225
Warm C,68547,461,460,1465,891,1,0.02212413
Warm C,363892,2120,2119,1465,891,1,0.002922215
Warm C,43828,301,300,1465,891,0,0.017596936
Warm C,22367,163,162,1465,891,0,0.014690536
Warm C,26287,187,186,1465,891,1,-0.0010686492
Warm C,314578,1879,1878,1465,891,1,0.012736237
Warm C,129167,839,838,1465,891,1,0.010030565
Warm C,257424,1579,1578,1465,891,1,0.012767751
Warm C,204423,1260,1259,1465,891,0,0.0040108394
Warm C,309470,1842,1841,1465,891,1,0.014266717
Warm C,285144,1701,1700,1465,891,1,0.012154112
Warm C,46764,314,313,1465,891,0,0.0020895023
Warm C,941299,5682,5681,1465,891,0,0.013170503
Warm C,531951,3285,3284,1468,893,0,-0.0051781395
Warm C,518072,3197,3196,1468,893,1,-0.0021779148
Warm C,505789,3111,3110,1468,893,1,-0.0041674925
Warm C,493797,3032,3031,1468,893,1,0.002926631
Warm C,484810,2986,2985,1468,893,0,0.0055922274
Warm C,483444,2972,2971,1468,893,1,0.0021927052
Warm C,467899,2885,2884,1468,893,1,-0.0006069811
Warm C,460186,2840,2839,1468,893,0,0.0028514226
Warm C,594688,3620,3619,1468,893,0,0.0042420663
Warm C,452935,2789,2788,1468,893,0,-0.0071511455
Warm C,451933,2782,2781,1468,893,0,0.0024269733
Warm C,450562,2777,2776,1468,893,0,0.0025682435
Warm C,414435,2496,2495,1468,893,0,-0.0034836265
Warm C,407985,2453,2452,1468,893,0,0.0023650094
Warm C,399411,2378,2377,1468,893,0,0.0054783197
Warm C,436155,2665,2664,1468,893,0,0.012357936
Warm C,389858,2288,2287,1468,893,0,-0.00035806137
Warm C,386785,2262,2261,1468,893,0,0.0057583116
Warm C,370431,2166,2165,1468,893,0,0.00046474673
Warm C,361415,2109,2108,1468,893,0,-0.004080321
Warm C,345027,2024,2023,1468,893,1,-0.001492684
Warm C,343030,2016,2015,1468,893,0,-0.006403953
Warm C,306576,1828,1827,1468,893,0,0.0043077464
Warm C,283430,1697,1696,1468,893,0,0.0052705193
Warm C,255222,1553,1552,1468,893,0,-0.007863995
Warm C,230904,1397,1396,1468,893,0,0.00050588325
Warm C,227767,1381,1380,1468,893,1,-0.0032033399
Warm C,224015,1356,1355,1468,893,0,0.008100973
Warm C,289183,1727,1726,1468,893,0,0.0053415904
Warm C,296736,1759,1758,1468,893,1,0.009987591
Warm C,250301,1509,1508,1468,893,0,-0.0023180298
Warm C,313100,1866,1865,1468,893,1,0.003213273
Warm C,243696,1470,1469,1468,893,1,0.005684915
Warm C,205236,1263,1262,1468,893,0,0.00233434
Warm C,294162,1749,1748,1468,893,0,0.004876892
Warm C,212392,1294,1293,1468,893,1,0.0017621655
Warm C,316123,1883,1882,1468,893,0,-0.0023007796
Warm C,172791,1096,1095,1468,893,0,-0.0034438083
Warm C,272023,1645,1644,1468,893,1,0.010831498
Warm C,151483,975,974,1468,893,0,0.005162488
Warm C,249151,1502,1501,1468,893,0,0.010954611
Warm C,143169,923,922,1468,893,0,0.0008585928
Warm C,156541,1010,1009,1468,893,0,-0.0025962961
Warm C,137792,889,888,1468,893,0,0.0029326517
Warm C,136274,881,880,1468,893,0,0.012110762
Warm C,134964,873,872,1468,893,1,-0.0031402535
Warm C,134019,869,868,1468,893,1,-0.0005248429
Warm C,407146,2446,2445,1468,893,1,0.010739867
Warm C,121442,781,780,1468,893,1,0.0032006658
Warm C,119703,772,771,1468,893,1,0.003736583
Warm C,117348,757,756,1468,893,1,0.008105801
Warm C,103297,687,686,1468,893,0,-0.0033207242
Warm C,370890,2168,2167,1468,893,1,0.0070071984
Warm C,87629,575,574,1468,893,0,0.00088442327
Warm C,80519,534,533,1468,893,0,-0.001108554
Warm C,190414,1181,1180,1468,893,0,-0.0024159406
Warm C,101258,676,675,1468,893,0,-0.0058268984
Warm C,77196,524,523,1468,893,1,0.0021918723
Warm C,119013,770,769,1468,893,0,-0.00049628026
Warm C,81468,543,542,1468,893,0,0.0069886274
Warm C,31859,216,215,1468,893,0,0.004716248
Warm C,29076,199,198,1468,893,1,0.0032911904
Warm C,22370,163,162,1468,893,0,-0.000113741495
Warm C,49224,329,328,1468,893,0,0.009059424
Warm C,78267,528,527,1468,893,0,0.0030573502
Warm C,354704,2077,2076,1468,893,0,0.0014255301
Warm C,954181,5761,5760,1468,893,0,0.0008359428
Warm C,326012,1930,1929,1468,893,0,0.0010431507
Warm C,362709,2116,2115,1468,893,1,0.0016206629
Warm C,239687,1449,1448,1468,893,0,0.0026689759
Warm C,618193,3746,3745,1468,893,1,-0.0009054714
Warm C,626507,3792,3791,1468,893,0,-0.003628679
Warm C,329131,1943,1942,1468,893,1,-0.0064819474
Warm C,351403,2063,2062,1468,893,0,0.019579273
Warm C,139117,890,889,1468,893,1,0.0011445095
Warm C,565389,3475,3474,1468,893,0,0.0003431167
Warm C,497076,3054,3053,1468,893,0,0.005424115
Warm C,344764,2023,2022,1468,893,0,0.0016623458
Warm C,2512,20,19,1468,893,0,0.0060573537
Warm C,103942,691,690,1468,893,1,-0.0012234896
Warm C,62580,424,423,1468,893,0,0.0026246798
Warm C,272652,1647,1646,1468,893,1,0.009740522
Warm C,295534,1755,1754,1468,893,0,-0.0019176858
Warm C,96553,648,647,1468,893,0,0.011091667
Warm C,477871,2934,2933,1474,894,0,0.007585677
Warm C,472333,2907,2906,1474,894,0,0.0040173293
Warm C,473237,2909,2908,1474,894,0,0.0041104658
Warm C,450579,2777,2776,1474,894,0,0.0077639967
Warm C,419630,2537,2536,1474,894,0,0.0029282605
Warm C,418459,2529,2528,1474,894,1,0.0039838403
Warm C,399413,2378,2377,1474,894,0,-0.0014358889
Warm C,391934,2304,2303,1474,894,0,0.011401378
Warm C,424108,2571,2570,1474,894,1,-0.0006473748
Warm C,373826,2181,2180,1474,894,0,0.016013937
Warm C,368719,2156,2155,1474,894,0,0.0063003125
Warm C,366548,2136,2135,1474,894,0,-0.0011020551
Warm C,361421,2109,2108,1474,894,0,0.010324402
Warm C,341419,2012,2011,1474,894,0,-0.00014781707
Warm C,340430,2010,2009,1474,894,0,-0.00024677673
Warm C,350887,2060,2059,1474,894,0,-0.0042248024
Warm C,297313,1764,1763,1474,894,1,0.0018676638
Warm C,281161,1687,1686,1474,894,1,0.0066589937
Warm C,269476,1634,1633,1474,894,0,-0.0016710104
Warm C,286212,1709,1708,1474,894,1,0.0059718136
Warm C,360487,2106,2105,1474,894,0,0.0019747457
Warm C,224019,1356,1355,1474,894,0,0.0005585267
Warm C,212770,1297,1296,1474,894,0,0.007908899
Warm C,207719,1271,1270,1474,894,0,-0.0040984433
Warm C,213285,1298,1297,1474,894,1,0.002836416
Warm C,278682,1680,1679,1474,894,0,0.004745299
Warm C,243709,1470,1469,1474,894,0,-0.008635905
Warm C,261592,1599,1598,1474,894,1,0.00030678976
Warm C,236300,1434,1433,1474,894,0,0.001730222
Warm C,327645,1941,1940,1474,894,0,0.007821928
Warm C,193109,1193,1192,1474,894,0,0.003350221
Warm C,179423,1125,1124,1474,894,1,-0.00029317662
Warm C,198570,1220,1219,1474,894,0,0.002986222
Warm C,175329,1112,1111,1474,894,0,0.010917151
Warm C,272031,1645,1644,1474,894,1,0.0074443016
Warm C,342209,2015,2014,1474,894,0,0.0044299914
Warm C,165428,1054,1053,1474,894,0,-0.0015883101
Warm C,144765,934,933,1474,894,0,0.00627006
Warm C,156560,1010,1009,1474,894,0,0.0021427441
Warm C,139120,890,889,1474,894,0,0.0007082913
Warm C,133757,866,865,1474,894,0,-0.0018229466
Warm C,248664,1501,1500,1474,894,1,0.0025313715
Warm C,124169,800,799,1474,894,0,0.006376041
Warm C,239711,1449,1448,1474,894,0,0.0049965526
Warm C,216368,1314,1313,1474,894,0,0.00026510563
Warm C,105871,699,698,1474,894,0,0.0011374152
Warm C,109171,714,713,1474,894,1,0.006373033
Warm C,441922,2718,2717,1474,894,1,0.0016060567
Warm C,190443,1181,1180,1474,894,0,0.0022698552
Warm C,83897,550,549,1474,894,0,-0.0018546546
Warm C,299446,1778,1777,1474,894,0,0.01280681
Warm C,87042,569,568,1474,894,1,0.0015470337
Warm C,63823,426,425,1474,894,0,0.007968837
Warm C,46401,310,309,1474,894,1,0.0010190043
Warm C,44322,302,301,1474,894,0,0.003316058
Warm C,41696,284,283,1474,894,0,-0.005425976
Warm C,55520,368,367,1474,894,0,0.0015666534
Warm C,36309,245,244,1474,894,0,0.0021662056
Warm C,31883,216,215,1474,894,0,0.0046045473
Warm C,32862,223,222,1474,894,0,0.0044831983
Warm C,21126,155,154,1474,894,0,0.0047771754
Warm C,10468,75,74,1474,894,1,-0.0014970182
Warm C,6701,48,47,1474,894,0,0.007278101
Warm C,142140,918,917,1474,894,0,-0.00076458126
Warm C,19264,148,147,1474,894,1,0.0035007326
Warm C,49243,329,328,1474,894,0,0.0033450266
Warm C,354714,2077,2076,1474,894,0,0.0074734413
Warm C,552102,3401,3400,1474,894,0,0.0068793637
Warm C,709692,4258,4257,1474,894,0,0.0028315685
Warm C,65185,438,437,1474,894,0,0.004950093
Warm C,255436,1556,1555,1474,894,0,0.0023114132
Warm C,954185,5761,5760,1474,894,0,0.00904464
Warm C,27971,195,194,1474,894,0,0.0094602
Warm C,326020,1930,1929,1474,894,0,0.009275014
Warm C,966565,5831,5830,1474,894,0,0.0077990703
Warm C,362725,2116,2115,1474,894,1,0.0022525433
Warm C,873805,5276,5275,1474,894,0,0.0027984614
Warm C,716998,4294,4293,1474,894,0,0.0066231852
Warm C,456329,2810,2809,1474,894,0,0.004713088
Warm C,300186,1780,1779,1474,894,0,0.010568246
Warm C,941302,5682,5681,1474,894,0,-0.0009540408
Warm C,295541,1755,1754,1474,894,0,0.0025617834
Warm C,484561,2985,2984,1474,894,0,0.0046209544
Warm C,116777,753,752,1474,894,1,0.01324276
Warm C,183069,1141,1140,1474,894,0,0.009153543
Warm C,346573,2031,2030,1474,894,0,0.004090073
Warm C,332483,1962,1961,1475,895,0,0.006610822
Warm C,283895,1698,1697,1475,895,1,0.010772584
Warm C,82776,549,548,1475,895,0,0.007449233
Warm C,81483,543,542,1475,895,1,0.009681899
Warm C,74599,509,508,1475,895,1,0.0034382078
Warm C,155222,1001,1000,1475,895,0,0.013917328
Warm C,288549,1724,1723,1475,895,1,0.0073188283
Warm C,61188,412,411,1475,895,0,0.0031935945
Warm C,31885,216,215,1475,895,0,0.018310051
Warm C,27054,192,191,1475,895,0,0.011747138
Warm C,536846,3311,3310,1475,895,0,0.009351833
Warm C,22379,163,162,1475,895,0,0.008469326
Warm C,76285,518,517,1475,895,0,0.0114577655
Warm C,240986,1451,1450,1475,895,0,0.011336818
Warm C,27973,195,194,1475,895,0,0.012404941
Warm C,351420,2063,2062,1475,895,1,0.020132132
Warm C,795966,4771,4770,1475,895,1,0.0104582235
Warm C,892814,5394,5393,1475,895,1,0.009889381
Warm C,287597,1717,1716,1475,895,0,0.0058739604
Warm C,689746,4126,4125,1475,895,0,0.012603334
Warm C,179424,1125,1124,1475,895,0,0.0067545613
Warm C,882032,5329,5328,1482,899,1,0.008784203
Warm C,488103,3002,3001,1482,899,1,0.0063565727
Warm C,214676,1303,1302,1482,899,0,0.013443157
Warm C,557564,3425,3424,1483,900,0,0.010121638
Warm C,578272,3533,3532,1483,900,0,0.011205955
Warm C,575135,3519,3518,1483,900,0,0.0036116943
Warm C,547325,3377,3376,1483,900,1,-0.0017590577
Warm C,645107,3885,3884,1483,900,0,0.010369201
Warm C,549798,3391,3390,1483,900,0,0.0052224454
Warm C,534282,3299,3298,1483,900,1,0.019463439
Warm C,522249,3224,3223,1483,900,0,0.009000433
Warm C,498422,3060,3059,1483,900,0,0.014313323
Warm C,484844,2986,2985,1483,900,0,0.009781529
Warm C,477072,2929,2928,1483,900,0,0.0077772588
Warm C,474452,2911,2910,1483,900,0,0.0009061764
Warm C,473261,2909,2908,1483,900,1,0.018494934
Warm C,879787,5317,5316,1483,900,0,0.006552745
Warm C,465546,2872,2871,1483,900,0,0.017186826
Warm C,458851,2825,2824,1483,900,1,-0.0064074285
Warm C,457688,2820,2819,1483,900,1,0.007881919
Warm C,430004,2621,2620,1483,900,0,0.0009955829
Warm C,391951,2304,2303,1483,900,0,0.016129548
Warm C,385168,2251,2250,1483,900,1,0.012709677
Warm C,375472,2188,2187,1483,900,0,0.0059931558
Warm C,358396,2098,2097,1483,900,0,0.005154643
Warm C,351439,2063,2062,1483,900,1,0.0070148427
Warm C,371550,2172,2171,1483,900,0,0.0060993363
Warm C,359923,2105,2104,1483,900,0,0.012640903
Warm C,301037,1788,1787,1483,900,1,-0.0030579823
Warm C,295953,1757,1756,1483,900,0,0.00727072
Warm C,310050,1845,1844,1483,900,0,0.0074615413
Warm C,333262,1968,1967,1483,900,0,0.012923176
Warm C,301692,1793,1792,1483,900,0,0.011119353
Warm C,283912,1698,1697,1483,900,1,0.0071057207
Warm C,278711,1680,1679,1483,900,1,0.017263317
Warm C,209986,1284,1283,1483,900,0,-0.001244515
Warm C,184933,1150,1149,1483,900,0,0.006686354
Warm C,307225,1835,1834,1483,900,0,0.015516153
Warm C,179437,1125,1124,1483,900,0,0.0073347054
Warm C,168245,1069,1068,1483,900,1,0.014152564
Warm C,190476,1181,1180,1483,900,1,0.014894506
Warm C,163665,1050,1049,1483,900,0,0.013353932
Warm C,226001,1369,1368,1483,900,0,0.007055176
Warm C,221123,1340,1339,1483,900,0,0.002099087
Warm C,146331,941,940,1483,900,0,0.0015146947
Warm C,136300,881,880,1483,900,0,0.003107966
Warm C,131744,854,853,1483,900,0,0.009196602
Warm C,115896,752,751,1483,900,0,0.009321989
Warm C,114714,746,745,1483,900,0,0.0066130213
Warm C,100738,673,672,1483,900,1,0.0061385008
Warm C,239725,1449,1448,1483,900,0,0.02460088
Warm C,85741,559,558,1483,900,0,0.00978884
Warm C,238628,1448,1447,1483,900,1,0.008625854
Warm C,77228,524,523,1483,900,1,0.020292737
Warm C,74614,509,508,1483,900,1,0.0066223354
Warm C,155230,1001,1000,1483,900,1,0.010266811
Warm C,343983,2020,2019,1483,900,0,0.021089729
Warm C,47323,319,318,1483,900,0,0.017830823
Warm C,695864,4169,4168,1483,900,0,0.01517889
Warm C,33387,225,224,1483,900,1,0.0065463544
Warm C,54399,355,354,1483,900,0,0.015287727
Warm C,7588,53,52,1483,900,0,0.006778951
Warm C,632981,3824,3823,1483,900,0,0.014984131
Warm C,220644,1338,1337,1483,900,0,0.009453062
Warm C,481639,2962,2961,1483,900,0,-0.0006884169
Warm C,140621,904,903,1483,900,0,0.00010253303
Warm C,150430,970,969,1483,900,0,0.0077286703
Warm C,129201,839,838,1483,900,1,0.0077163917
Warm C,892825,5394,5393,1483,900,0,0.0154360095
Warm C,362743,2116,2115,1483,900,0,0.014604831
Warm C,882034,5329,5328,1483,900,0,0.0017805437
Warm C,556499,3420,3419,1483,900,0,0.006573537
Warm C,302007,1794,1793,1483,900,0,0.009759631
Warm C,599064,3648,3647,1483,900,1,-0.00033534708
Warm C,350893,2060,2059,1483,900,0,0.003990126
Warm C,460556,2841,2840,1483,900,0,0.014543872
Warm C,609567,3695,3694,1483,900,1,0.0127878
Warm C,287603,1717,1716,1483,900,1,0.013257196
Warm C,289985,1733,1732,1483,900,1,0.020048972
Warm C,171306,1088,1087,1483,900,0,0.008441815
Warm C,324870,1925,1924,1483,900,0,-0.0029741155
Warm C,790306,4728,4727,1483,900,1,0.012668228
Warm C,526658,3259,3258,1483,900,0,0.0065764342
Warm C,202932,1246,1245,1483,900,0,0.0098549295
Warm C,504010,3098,3097,1484,901,0,-0.0005070835
Warm C,500627,3075,3074,1484,901,1,-0.0076338053
Warm C,490168,3017,3016,1484,901,1,0.01004032
Warm C,484026,2977,2976,1484,901,0,0.00075236196
Warm C,475059,2916,2915,1484,901,1,0.0009514645
Warm C,474611,2913,2912,1484,901,1,-0.0067602526
Warm C,465547,2872,2871,1484,901,1,0.009023555
Warm C,462330,2853,2852,1484,901,1,0.0030215
Warm C,460199,2840,2839,1484,901,1,0.004152268
Warm C,430929,2627,2626,1484,901,0,0.011344092
Warm C,400885,2389,2388,1484,901,0,0.0017594493
Warm C,381932,2232,2231,1484,901,1,0.0035623382
Warm C,379138,2215,2214,1484,901,1,0.010064803
Warm C,375473,2188,2187,1484,901,0,0.007571514
Warm C,334944,1976,1975,1484,901,1,-0.0028102114
Warm C,281987,1692,1691,1484,901,1,0.0012358463
Warm C,274300,1658,1657,1484,901,1,0.004881845
Warm C,265559,1613,1612,1484,901,1,0.0038687615
Warm C,276066,1671,1670,1484,901,1,0.01001676
Warm C,210627,1285,1284,1484,901,0,0.006076715
Warm C,208229,1273,1272,1484,901,1,-0.0023783674
Warm C,201378,1242,1241,1484,901,1,-0.016954415
Warm C,246805,1491,1490,1484,901,1,-0.00244083
Warm C,353418,2071,2070,1484,901,1,0.0013716568
Warm C,219462,1331,1330,1484,901,1,-0.00013282802
Warm C,330648,1952,1951,1484,901,1,-0.0028744945
Warm C,157818,1015,1014,1484,901,1,0.008182323
Warm C,149490,963,962,1484,901,0,0.0018780502
Warm C,144500,931,930,1484,901,1,0.008800301
Warm C,184936,1150,1149,1484,901,0,0.00036229566
Warm C,137847,889,888,1484,901,0,-0.002730417
Warm C,263032,1605,1604,1484,901,0,0.0028471502
Warm C,111262,724,723,1484,901,0,-0.0043395315
Warm C,101633,677,676,1484,901,1,0.0028119592
Warm C,712758,4277,4276,1484,901,0,0.0057969703
Warm C,631367,3821,3820,1484,901,0,0.0002478453
Warm C,283914,1698,1697,1484,901,1,-0.005440601
Warm C,360505,2106,2105,1484,901,0,0.0052066483
Warm C,67703,454,453,1484,901,1,0.005368632
Warm C,60098,409,408,1484,901,1,0.0034271495
Warm C,74615,509,508,1484,901,0,0.0048743645
Warm C,58312,393,392,1484,901,1,0.00091571757
Warm C,55927,371,370,1484,901,0,-0.0051354305
Warm C,53568,352,351,1484,901,1,0.0077163586
Warm C,132285,855,854,1484,901,1,0.0066907015
Warm C,49260,329,328,1484,901,0,0.010269287
Warm C,33388,225,224,1484,901,1,0.00041058566
Warm C,199807,1227,1226,1484,901,1,0.0042782323
Warm C,32608,220,219,1484,901,1,0.00033877848
Warm C,153616,987,986,1484,901,1,0.0038043568
Warm C,65935,442,441,1484,901,1,0.008985431
Warm C,351440,2063,2062,1484,901,0,0.002858297
Warm C,416389,2507,2506,1484,901,1,0.0023367545
Warm C,986588,5956,5955,1484,901,1,0.010132544
Warm C,548668,3387,3386,1484,901,1,0.016568964
Warm C,289986,1733,1732,1484,901,0,0.009999665
Warm C,882817,5333,5332,1484,901,0,0.017376706
Warm C,530450,3277,3276,1484,901,1,-0.0032917932
Warm C,187502,1164,1163,1484,901,1,-0.0073808646
Warm C,371551,2172,2171,1484,901,0,0.0016018933
Warm C,459569,2832,2831,1484,901,1,-7.457589e-05
Warm C,739348,4418,4417,1484,901,1,0.004735977
Warm C,346580,2031,2030,1484,901,1,0.0037142534
Warm C,974220,5878,5877,1484,901,0,-0.007822961
Warm C,726356,4345,4344,1487,903,0,0.001420565
Warm C,593429,3618,3617,1487,903,1,0.008144325
Warm C,588995,3592,3591,1487,903,1,0.008132984
Warm C,570189,3499,3498,1487,903,0,0.0017652782
Warm C,575138,3519,3518,1487,903,1,-0.0041775852
Warm C,576894,3526,3525,1487,903,0,0.0012277148
Warm C,540935,3328,3327,1487,903,1,0.0074567217
Warm C,535794,3308,3307,1487,903,0,0.010884028
Warm C,525551,3246,3245,1487,903,0,0.010614745
Warm C,519921,3208,3207,1487,903,0,0.006408618
Warm C,562421,3462,3461,1487,903,0,0.009544472
Warm C,515316,3182,3181,1487,903,0,0.0075803455
Warm C,659053,3971,3970,1487,903,0,0.004083379
Warm C,493831,3032,3031,1487,903,1,0.0103988135
Warm C,477883,2934,2933,1487,903,1,0.016580788
Warm C,472357,2907,2906,1487,903,0,0.013407586
Warm C,456342,2810,2809,1487,903,1,0.0026673926
Warm C,453522,2793,2792,1487,903,1,0.0051023657
Warm C,442353,2724,2723,1487,903,0,0.008772536
Warm C,422600,2560,2559,1487,903,1,0.0077746194
Warm C,407678,2450,2449,1487,903,0,0.006152655
Warm C,397581,2355,2354,1487,903,0,0.009276651
Warm C,393058,2309,2308,1487,903,1,0.0070521566
Warm C,381546,2231,2230,1487,903,0,0.012575529
Warm C,368725,2156,2155,1487,903,0,0.0063884733
Warm C,356995,2091,2090,1487,903,0,0.010726014
Warm C,350894,2060,2059,1487,903,0,0.004291766
Warm C,337968,1988,1987,1487,903,0,0.007811874
Warm C,340450,2010,2009,1487,903,0,-0.0004275581
Warm C,313555,1871,1870,1487,903,0,0.0056377673
Warm C,295548,1755,1754,1487,903,0,0.010039784
Warm C,267483,1626,1625,1487,903,0,0.0062366906
Warm C,283446,1697,1696,1487,903,1,0.0022513126
Warm C,332493,1962,1961,1487,903,0,-0.0028010744
Warm C,242632,1465,1464,1487,903,0,-0.0009125223
Warm C,225882,1368,1367,1487,903,0,0.004749294
Warm C,224841,1359,1358,1487,903,1,-0.001229855
Warm C,306329,1825,1824,1487,903,0,-0.00646819
Warm C,272680,1647,1646,1487,903,1,0.0029147812
Warm C,252798,1532,1531,1487,903,1,0.00897211
Warm C,591768,3610,3609,1487,903,0,-0.0006933743
Warm C,278718,1680,1679,1487,903,0,0.012654392
Warm C,213297,1298,1297,1487,903,1,0.008667776
Warm C,342224,2015,2014,1487,903,0,0.0026251217
Warm C,189251,1173,1172,1487,903,1,0.009553329
Warm C,186832,1158,1157,1487,903,0,0.00703148
Warm C,184941,1150,1149,1487,903,0,0.010449638
Warm C,196332,1207,1206,1487,903,0,0.011605576
Warm C,331344,1958,1957,1487,903,1,0.006475283
Warm C,188165,1168,1167,1487,903,0,-0.0024941685
Warm C,170089,1082,1081,1487,903,1,-0.0025226637
Warm C,169760,1078,1077,1487,903,0,0.0011892966
Warm C,157824,1015,1014,1487,903,1,0.005325294
Warm C,323667,1920,1919,1487,903,0,0.00052850624
Warm C,221128,1340,1339,1487,903,0,0.004722982
Warm C,156579,1010,1009,1487,903,0,0.0060643926
Warm C,137856,889,888,1487,903,0,0.0077702813
Warm C,263035,1605,1604,1487,903,0,0.014328916
Warm C,115899,752,751,1487,903,0,0.0036385772
Warm C,111823,728,727,1487,903,1,0.0019086096
Warm C,110296,720,719,1487,903,0,0.0029100706
Warm C,216371,1314,1313,1487,903,1,-0.00027145562
Warm C,117375,757,756,1487,903,0,0.009453716
Warm C,121004,780,779,1487,903,0,0.003407314
Warm C,110607,721,720,1487,903,1,0.0006225072
Warm C,695872,4169,4168,1487,903,1,0.013013627
Warm C,90559,601,600,1487,903,0,-0.0015829784
Warm C,319171,1897,1896,1487,903,0,0.008020039
Warm C,71804,482,481,1487,903,0,0.0032043061
Warm C,288555,1724,1723,1487,903,1,-0.0013062387
Warm C,46410,310,309,1487,903,0,0.0019160153
Warm C,238631,1448,1447,1487,903,0,0.016450915
Warm C,40857,274,273,1487,903,0,-0.00042828755
Warm C,39501,268,267,1487,903,1,0.0017451935
Warm C,55531,368,367,1487,903,0,-0.0047156294
Warm C,36879,247,246,1487,903,0,0.005517647
Warm C,29099,199,198,1487,903,0,0.0016571807
Warm C,365151,2125,2124,1487,903,1,0.01164038
Warm C,26317,187,186,1487,903,0,-0.0005018066
Warm C,7591,53,52,1487,903,1,0.015818655
Warm C,1629,15,14,1487,903,1,-0.0016551865
Warm C,79150,531,530,1487,903,0,0.012863593
Warm C,863834,5205,5204,1487,903,0,0.0036122212
Warm C,354727,2077,2076,1487,903,0,0.010252706
Warm C,139128,890,889,1487,903,1,0.007260782
Warm C,530834,3280,3279,1487,903,0,0.011486026
Warm C,682207,4085,4084,1487,903,1,0.00678564
Warm C,218794,1327,1326,1487,903,1,-0.0075494167
Warm C,680525,4079,4078,1487,903,1,0.0042982795
Warm C,161277,1029,1028,1487,903,0,0.008316527
Warm C,11574,90,89,1487,903,1,0.0077599483
Warm C,923866,5580,5579,1487,903,1,0.0006594765
Warm C,179439,1125,1124,1487,903,0,0.0061320974
Warm C,689755,4126,4125,1487,903,0,0.0045440746
Warm C,717001,4294,4293,1487,903,1,0.014384251
Warm C,285161,1701,1700,1487,903,1,0.004428875
Warm C,171314,1088,1087,1487,903,0,0.004421671
Warm C,52090,343,342,1487,903,1,-0.0044760993
Warm C,62622,424,423,1487,903,0,0.0066138203
Warm C,193462,1194,1193,1487,903,0,0.01025215
Warm C,300205,1780,1779,1487,903,0,0.0075343805
Warm C,974223,5878,5877,1487,903,0,0.0071173636
Warm C,508042,3127,3126,1498,905,0,-0.0018854113
Warm C,738069,4411,4410,1498,905,0,0.0071692774
Warm C,503593,3095,3094,1498,905,1,0.011225085
Warm C,502037,3082,3081,1498,905,0,0.001364243
Warm C,499178,3067,3066,1498,905,1,0.006537241
Warm C,646557,3892,3891,1498,905,0,0.022694357
Warm C,450608,2777,2776,1498,905,1,0.017034817
Warm C,450174,2776,2775,1498,905,1,0.004635509
Warm C,444530,2743,2742,1498,905,1,0.007985431
Warm C,443720,2737,2736,1498,905,0,0.004201781
Warm C,419242,2533,2532,1498,905,0,0.012055646
Warm C,425215,2581,2580,1498,905,0,0.005054677
Warm C,408027,2453,2452,1498,905,1,0.010238394
Warm C,402185,2402,2401,1498,905,0,0.0127031915
Warm C,398956,2376,2375,1498,905,0,0.0030093174
Warm C,397312,2353,2352,1498,905,0,0.006090989
Warm C,392768,2306,2305,1498,905,1,0.008750953
Warm C,358797,2100,2099,1498,905,1,0.009625947
Warm C,295555,1755,1754,1498,905,1,0.005394836
Warm C,259329,1587,1586,1498,905,1,0.0041781357
Warm C,332502,1962,1961,1498,905,0,0.012697352
Warm C,203841,1254,1253,1498,905,1,0.002507411
Warm C,209997,1284,1283,1498,905,1,0.0055730706
Warm C,278738,1680,1679,1498,905,0,0.021403607
Warm C,196014,1205,1204,1498,905,0,-0.00842699
Warm C,307235,1835,1834,1498,905,0,0.01324472
Warm C,179447,1125,1124,1498,905,0,0.0022941998
Warm C,173057,1097,1096,1498,905,0,0.014997503
Warm C,331357,1958,1957,1498,905,0,0.0030052094
Warm C,172599,1094,1093,1498,905,1,-0.0037919432
Warm C,167276,1065,1064,1498,905,0,0.005476904
Warm C,263049,1605,1604,1498,905,0,0.014484305
Warm C,360522,2106,2105,1498,905,1,0.0039614253
Warm C,223341,1354,1353,1498,905,1,0.005372002
Warm C,187511,1164,1163,1498,905,0,0.005032082
Warm C,631385,3821,3820,1498,905,0,0.007473128
Warm C,103315,687,686,1498,905,0,0.011589924
Warm C,89536,590,589,1498,905,1,0.003442833
Warm C,87194,570,569,1498,905,0,0.009022081
Warm C,85519,558,557,1498,905,0,0.00044785644
Warm C,238647,1448,1447,1498,905,1,0.0121107595
Warm C,64461,430,429,1498,905,0,0.0032446207
Warm C,61213,412,411,1498,905,1,0.012927901
Warm C,74625,509,508,1498,905,1,0.00076454843
Warm C,48483,326,325,1498,905,0,0.009425564
Warm C,38233,261,260,1498,905,1,0.00573677
Warm C,180738,1130,1129,1498,905,0,0.008596184
Warm C,228049,1383,1382,1498,905,0,0.00930336
Warm C,29113,199,198,1498,905,1,0.0013672814
Warm C,22424,163,162,1498,905,0,0.001599509
Warm C,7610,53,52,1498,905,1,0.0022153007
Warm C,3652,26,25,1498,905,0,0.009145724
Warm C,1298,11,10,1498,905,0,0.009506999
Warm C,79164,531,530,1498,905,0,0.019752491
Warm C,157847,1015,1014,1498,905,0,0.008990196
Warm C,695903,4169,4168,1498,905,0,0.014605559
Warm C,545237,3363,3362,1498,905,0,0.009158146
Warm C,484287,2980,2979,1498,905,0,0.0040411437
Warm C,264948,1611,1610,1498,905,1,0.012288418
Warm C,439353,2684,2683,1498,905,0,0.009620639
Warm C,171335,1088,1087,1498,905,0,0.010888262
Warm C,673149,4042,4041,1498,905,1,-0.00027461047
Warm C,497567,3055,3054,1498,905,1,0.0038250403
Warm C,476244,2926,2925,1498,905,0,0.00217731
Warm C,285172,1701,1700,1498,905,0,0.011501986
Warm C,136314,881,880,1498,905,0,0.019305708
Warm C,575144,3519,3518,1498,905,0,0.0028314241
Warm C,229553,1390,1389,1498,905,1,0.009720786
Warm C,833303,5011,5010,1498,905,1,0.005403159
Warm C,193473,1194,1193,1498,905,0,0.014404011
Warm C,974233,5878,5877,1498,905,1,0.016259585
Warm C,639143,3842,3841,1503,908,0,0.013616283
Warm C,516207,3188,3187,1503,908,0,0.013022536
Warm C,515507,3182,3181,1503,908,0,0.0034660574
Warm C,508653,3129,3128,1503,908,0,0.020576237
Warm C,507243,3121,3120,1503,908,0,0.014190192
Warm C,554826,3412,3411,1503,908,0,0.01668945
Warm C,797619,4784,4783,1503,908,1,0.010810939
Warm C,494190,3032,3031,1503,908,0,0.009739218
Warm C,492078,3026,3025,1503,908,1,7.4370066e-05
Warm C,488687,3007,3006,1503,908,0,-0.0018080579
Warm C,483954,2976,2975,1503,908,0,0.0050630113
Warm C,472610,2907,2906,1503,908,0,0.010602868
Warm C,467769,2883,2882,1503,908,0,0.0083863605
Warm C,430088,2621,2620,1503,908,0,0.013546726
Warm C,419795,2537,2536,1503,908,0,0.015798047
Warm C,414612,2496,2495,1503,908,0,0.013494231
Warm C,399514,2378,2377,1503,908,0,0.011972185
Warm C,393735,2318,2317,1503,908,0,-0.0031503793
Warm C,393462,2315,2314,1503,908,0,0.0010230895
Warm C,379366,2217,2216,1503,908,1,0.006110942
Warm C,370498,2166,2165,1503,908,0,0.020461386
Warm C,355975,2085,2084,1503,908,0,0.0047724475
Warm C,351903,2063,2062,1503,908,0,0.006703995
Warm C,361671,2109,2108,1503,908,1,0.01866794
Warm C,341617,2012,2011,1503,908,0,0.010669833
Warm C,340674,2010,2009,1503,908,0,0.002719788
Warm C,293413,1747,1746,1503,908,0,0.0068042316
Warm C,281290,1687,1686,1503,908,0,0.013875594
Warm C,247723,1496,1495,1503,908,0,0.02638691
Warm C,236392,1434,1433,1503,908,0,0.0043827808
Warm C,232340,1410,1409,1503,908,0,0.008565928
Warm C,227165,1377,1376,1503,908,0,0.009509312
Warm C,223565,1354,1353,1503,908,0,0.015213039
Warm C,296817,1759,1758,1503,908,1,0.0073744226
Warm C,204945,1261,1260,1503,908,1,0.00837293
Warm C,279336,1680,1679,1503,908,0,0.014696436
Warm C,244002,1470,1469,1503,908,1,0.019067094
Warm C,198824,1221,1220,1503,908,1,-0.0010728056
Warm C,196539,1207,1206,1503,908,0,0.01623299
Warm C,277730,1676,1675,1503,908,0,0.028748952
Warm C,183234,1141,1140,1503,908,0,0.017459184
Warm C,177364,1118,1117,1503,908,0,0.0057708067
Warm C,173690,1100,1099,1503,908,0,-0.0006406058
Warm C,172891,1096,1095,1503,908,0,0.0045224605
Warm C,328186,1941,1940,1503,908,0,0.02022887
Warm C,136619,881,880,1503,908,0,0.017999407
Warm C,117518,757,756,1503,908,0,0.010339094
Warm C,119285,770,769,1503,908,0,0.011270132
Warm C,112499,731,730,1503,908,0,0.011993482
Warm C,97059,651,650,1503,908,0,0.016863342
Warm C,86660,566,565,1503,908,0,0.0058872425
Warm C,190993,1181,1180,1503,908,0,0.008594902
Warm C,76160,517,516,1503,908,0,0.0065474114
Warm C,72690,488,487,1503,908,0,0.013388793
Warm C,81706,543,542,1503,908,0,0.015374677
Warm C,238987,1448,1447,1503,908,0,0.019029008
Warm C,72083,482,481,1503,908,0,0.015315571
Warm C,65380,438,437,1503,908,0,0.013109786
Warm C,57875,392,391,1503,908,0,0.013855251
Warm C,378382,2208,2207,1503,908,0,-0.00037031295
Warm C,44205,302,301,1503,908,0,0.014882671
Warm C,41642,284,283,1503,908,0,0.011950422
Warm C,537960,3312,3311,1503,908,0,0.01604575
Warm C,31755,216,215,1503,908,0,0.014519857
Warm C,291435,1737,1736,1503,908,0,-0.0010025543
Warm C,360817,2106,2105,1503,908,0,-0.0027270336
Warm C,237958,1447,1446,1503,908,0,0.021804526
Warm C,371014,2168,2167,1503,908,1,0.013648843
Warm C,860108,5172,5171,1503,908,0,0.010721738
Warm C,360100,2105,2104,1503,908,0,0.013196456
Warm C,333876,1969,1968,1503,908,0,0.008643232
Warm C,106090,699,698,1503,908,0,0.008658817
Warm C,35023,237,236,1503,908,0,0.010061376
Warm C,602469,3665,3664,1503,908,0,0.01570291
Warm C,27862,195,194,1503,908,0,0.011839353
Warm C,116254,752,751,1503,908,0,0.021571517
Warm C,195486,1203,1202,1503,908,0,0.013370044
Warm C,134317,869,868,1503,908,0,0.014294228
Warm C,251162,1516,1515,1503,908,0,0.015040007
Warm C,501327,3080,3079,1503,908,0,0.01611259
Warm C,193682,1194,1193,1503,908,0,0.013304822
Warm C,174176,1101,1100,1503,908,0,0.017343655
Warm C,886909,5359,5358,1503,908,1,0.0061116526
Warm C,346641,2031,2030,1503,908,0,0.01215805
Warm C,58660,398,397,1503,908,0,0.003290811
Warm C,758634,4510,4509,1515,910,0,0.020204572
Warm C,579408,3539,3538,1515,910,1,0.007164058
Warm C,569266,3491,3490,1515,910,0,0.008724412
Warm C,560630,3447,3446,1515,910,0,0.003113613
Warm C,557732,3425,3424,1515,910,0,-0.004191732
Warm C,555818,3416,3415,1515,910,1,0.0065599615
Warm C,771757,4600,4599,1515,910,0,0.0043237964
Warm C,645317,3885,3884,1515,910,1,0.014185974
Warm C,550219,3391,3390,1515,910,0,0.015970461
Warm C,542256,3336,3335,1515,910,0,0.011597049
Warm C,873960,5277,5276,1515,910,0,0.01375697
Warm C,520045,3208,3207,1515,910,0,0.014964452
Warm C,537205,3311,3310,1515,910,0,0.007520162
Warm C,516979,3191,3190,1515,910,0,0.007249642
Warm C,562623,3462,3461,1515,910,0,0.0070866584
Warm C,512898,3163,3162,1515,910,0,0.010521361
Warm C,522627,3224,3223,1515,910,0,0.010468034
Warm C,499484,3067,3066,1515,910,0,0.011962425
Warm C,494209,3032,3031,1515,910,1,0.0064694015
Warm C,491487,3023,3022,1515,910,0,0.009856409
Warm C,487915,3001,3000,1515,910,0,0.013632672
Warm C,529762,3272,3271,1515,910,1,0.0076496806
Warm C,480161,2946,2945,1515,910,0,0.0036229882
Warm C,478641,2937,2936,1515,910,0,0.0048156334
Warm C,472627,2907,2906,1515,910,1,0.014795983
Warm C,473710,2909,2908,1515,910,1,0.0091472035
Warm C,470416,2896,2895,1515,910,1,0.0049349805
Warm C,463352,2857,2856,1515,910,1,0.007620807
Warm C,453799,2793,2792,1515,910,0,0.009890261
Warm C,450916,2777,2776,1515,910,1,0.0052684993
Warm C,444681,2743,2742,1515,910,0,0.003775301
Warm C,442754,2728,2727,1515,910,0,0.00618618
Warm C,564459,3471,3470,1515,910,0,0.012167507
Warm C,430094,2621,2620,1515,910,0,0.0015154551
Warm C,429167,2611,2610,1515,910,0,0.009541726
Warm C,422973,2564,2563,1515,910,0,-0.00097267237
Warm C,403235,2408,2407,1515,910,0,0.0045603127
Warm C,390024,2288,2287,1515,910,0,0.0072306907
Warm C,387304,2264,2263,1515,910,0,0.008410401
Warm C,358528,2098,2097,1515,910,0,-0.00014187885
Warm C,324451,1922,1921,1515,910,0,3.1740754e-05
Warm C,315305,1880,1879,1515,910,0,0.009774892
Warm C,296086,1757,1756,1515,910,0,0.0045759007
Warm C,265816,1613,1612,1515,910,0,0.008112991
Warm C,321312,1904,1903,1515,910,0,0.008036043
Warm C,301779,1793,1792,1515,910,0,0.0077569364
Warm C,337474,1984,1983,1515,910,0,0.00614931
Warm C,312353,1861,1860,1515,910,0,0.009548342
Warm C,209886,1283,1282,1515,910,0,0.008511972
Warm C,277746,1676,1675,1515,910,0,0.011584071
Warm C,205853,1264,1263,1515,910,0,0.0132272765
Warm C,244015,1470,1469,1515,910,0,0.0018885036
Warm C,279368,1680,1679,1515,910,0,0.011097826
Warm C,213496,1298,1297,1515,910,1,0.009644315
Warm C,328215,1941,1940,1515,910,0,0.0067817187
Warm C,307483,1835,1834,1515,910,0,0.016090725
Warm C,179140,1124,1123,1515,910,0,0.005250307
Warm C,172896,1096,1095,1515,910,0,0.007583847
Warm C,170108,1082,1081,1515,910,0,0.005555534
Warm C,168487,1069,1068,1515,910,0,0.011499565
Warm C,355446,2079,2078,1515,910,0,0.0053688767
Warm C,156242,1006,1005,1515,910,0,0.00057457574
Warm C,255540,1556,1555,1515,910,0,0.009633351
Warm C,153088,984,983,1515,910,0,0.009747444
Warm C,221389,1340,1339,1515,910,0,0.00561546
Warm C,249259,1502,1501,1515,910,0,0.008720238
Warm C,156932,1010,1009,1515,910,0,0.0040981234
Warm C,380313,2223,2222,1515,910,0,0.0030052196
Warm C,135661,877,876,1515,910,0,0.0088557135
Warm C,154885,999,998,1515,910,0,0.003584167
Warm C,351934,2063,2062,1515,910,0,0.015652476
Warm C,360842,2106,2105,1515,910,0,0.0070613883
Warm C,116271,752,751,1515,910,0,0.013484699
Warm C,120442,777,776,1515,910,0,0.010264164
Warm C,106101,699,698,1515,910,0,0.009965194
Warm C,108020,710,709,1515,910,0,0.012292877
Warm C,179626,1125,1124,1515,910,0,0.0017271128
Warm C,101402,676,675,1515,910,0,0.0054366784
Warm C,95462,639,638,1515,910,0,0.005480619
Warm C,284232,1698,1697,1515,910,0,0.008224086
Warm C,363086,2116,2115,1515,910,1,0.0067378734
Warm C,299660,1778,1777,1515,910,0,0.015995719
Warm C,291448,1737,1736,1515,910,1,0.004034849
Warm C,191019,1181,1180,1515,910,0,0.0004913274
Warm C,234148,1422,1421,1515,910,0,0.0049677566
Warm C,77585,524,523,1515,910,0,0.012147132
Warm C,80233,533,532,1515,910,0,0.013128265
Warm C,59695,406,405,1515,910,0,0.010421278
Warm C,47878,321,320,1515,910,1,0.008576648
Warm C,49167,329,328,1515,910,0,0.008474993
Warm C,44232,302,301,1515,910,0,0.008787315
Warm C,696392,4169,4168,1515,910,0,0.014777624
Warm C,39462,268,267,1515,910,0,0.008595787
Warm C,55486,368,367,1515,910,0,0.0025661616
Warm C,98861,660,659,1515,910,0,0.005540505
Warm C,52044,343,342,1515,910,1,0.00059788715
Warm C,31327,212,211,1515,910,1,0.008477082
Warm C,29043,199,198,1515,910,0,0.0039647548
Warm C,235014,1425,1424,1515,910,0,0.01103238
Warm C,22987,166,165,1515,910,0,0.008325644
Warm C,27890,195,194,1515,910,0,0.007248828
Warm C,13387,105,104,1515,910,0,0.0021824688
Warm C,30381,204,203,1515,910,0,0.009884531
Warm C,104363,692,691,1515,910,0,0.0056745894
Warm C,254394,1546,1545,1515,910,0,0.003989929
Warm C,626822,3792,3791,1515,910,1,0.004505439
Warm C,78496,528,527,1515,910,0,0.004715579
Warm C,354962,2077,2076,1515,910,0,0.0045043984
Warm C,552394,3401,3400,1515,910,0,0.009293045
Warm C,150620,970,969,1515,910,0,0.023683678
Warm C,237972,1447,1446,1515,910,0,0.012063708
Warm C,572191,3507,3506,1515,910,0,0.009967225
Warm C,265127,1611,1610,1515,910,0,0.009209266
Warm C,144950,934,933,1515,910,0,-0.00076678535
Warm C,79452,531,530,1515,910,0,0.00995354
Warm C,331661,1958,1957,1515,910,1,-0.0009741392
Warm C,907654,5492,5491,1515,910,0,0.013978794
Warm C,171715,1088,1087,1515,910,0,0.002906445
Warm C,941429,5682,5681,1515,910,0,-0.00089731
Warm C,272992,1647,1646,1515,910,0,0.018194048
Warm C,489232,3012,3011,1515,910,0,0.004142781
Warm C,248865,1501,1500,1526,913,0,0.01845516
Warm C,351957,2063,2062,1526,913,0,0.009978106
Warm C,332699,1962,1961,1526,913,0,0.0091410875
Warm C,160158,1019,1018,1526,913,0,0.009705652
Warm C,120454,777,776,1526,913,0,0.010151439
Warm C,112522,731,730,1526,913,0,0.016643945
Warm C,106109,699,698,1526,913,0,0.0015284447
Warm C,109325,714,713,1526,913,1,0.014849334
Warm C,86682,566,565,1526,913,0,0.0066725155
Warm C,84253,550,549,1526,913,0,0.0090005165
Warm C,81735,543,542,1526,913,1,0.02667996
Warm C,240166,1449,1448,1526,913,0,0.013484237
Warm C,47250,319,318,1526,913,0,0.0053978562
Warm C,696412,4169,4168,1526,913,0,0.013117465
Warm C,39469,268,267,1526,913,0,0.02146203
Warm C,31818,216,215,1526,913,1,-0.00088891236
Warm C,6651,48,47,1526,913,0,0.007774399
Warm C,79462,531,530,1526,913,0,0.02083487
Warm C,354976,2077,2076,1526,913,0,-0.0044294344
Warm C,984045,5948,5947,1526,913,1,-0.0027349403
Warm C,626839,3792,3791,1526,913,0,0.0067070997
Warm C,363104,2116,2115,1526,913,0,0.009357067
Warm C,333897,1969,1968,1526,913,0,0.017674197
Warm C,331679,1958,1957,1526,913,0,0.0074795033
Warm C,489653,3013,3012,1526,913,0,0.0065267533
Warm C,257722,1579,1578,1526,913,0,0.006732599
Warm C,342549,2015,2014,1526,913,0,0.013305463
Warm C,550247,3391,3390,1526,913,0,0.02069493
Warm C,229923,1391,1390,1535,915,0,0.018385768
Warm C,338190,1988,1987,1535,915,0,0.007925978
Warm C,330979,1954,1953,1535,915,1,0.012481724
Warm C,181006,1131,1130,1535,915,1,0.014012912
Warm C,200538,1231,1230,1535,915,1,0.0002938212
Warm C,263411,1605,1604,1535,915,1,0.01268452
Warm C,168505,1069,1068,1535,915,0,0.013188582
Warm C,141920,914,913,1535,915,1,0.0103402175
Warm C,139420,891,890,1535,915,0,0.011586973
Warm C,138422,889,888,1535,915,0,0.017756235
Warm C,223599,1354,1353,1535,915,0,0.0069832327
Warm C,305260,1813,1812,1535,915,1,0.0039084395
Warm C,112529,731,730,1535,915,0,0.022699371
Warm C,778894,4653,4652,1535,915,1,0.0071038636
Warm C,107342,706,705,1535,915,1,-0.0047546495
Warm C,100881,673,672,1535,915,0,0.008046772
Warm C,90696,601,600,1535,915,0,0.0062456494
Warm C,89296,588,587,1535,915,1,0.0026081416
Warm C,228334,1383,1382,1535,915,0,0.009460061
Warm C,80551,534,533,1535,915,0,0.0031320849
Warm C,239032,1448,1447,1535,915,1,0.014997944
Warm C,155374,1001,1000,1535,915,1,0.0060323845
Warm C,47279,319,318,1535,915,0,0.014231667
Warm C,49216,329,328,1535,915,0,0.014809312
Warm C,199863,1227,1226,1535,915,1,0.011077655
Warm C,26286,187,186,1535,915,1,0.0063599506
Warm C,21459,157,156,1535,915,0,0.017748833
Warm C,3226,24,23,1535,915,1,0.012656721
Warm C,20361,150,149,1535,915,0,0.016910566
Warm C,260,5,4,1535,915,1,0.0076990547
Warm C,49974,331,330,1535,915,1,0.008993695
Warm C,754412,4496,4495,1535,915,1,0.011153514
Warm C,523898,3229,3228,1535,915,1,0.011635231
Warm C,785782,4697,4696,1535,915,1,0.0022141782
Warm C,467366,2880,2879,1535,915,0,0.012327243
Warm C,102351,678,677,1535,915,1,0.0132349115
Warm C,421056,2544,2543,1535,915,1,0.017664742
Warm C,454635,2796,2795,1535,915,0,0.0027695098
Warm C,580945,3547,3546,1535,915,0,0.017639015
Warm C,384495,2246,2245,1535,915,1,0.008513778
Warm C,689889,4126,4125,1535,915,0,0.01575011
Warm C,825582,4958,4957,1535,915,1,0.014154997
Warm C,550261,3391,3390,1535,915,1,0.0136898225
Warm C,16937,133,132,1545,920,1,0.013768695
Warm C,4078,30,29,1545,920,0,0.008082444
Warm C,867248,5233,5232,1545,920,1,0.02601296
Warm C,76386,518,517,1545,920,1,0.02679151
Warm C,206954,1266,1265,1545,920,1,0.022537086
Warm C,28,1,0,1545,920,1,0.0025461754
Warm C,23564,169,168,1545,920,0,0.012954863
Warm C,964106,5812,5811,1545,920,0,0.023214698
Warm C,66091,442,441,1545,920,1,0.023717651
Warm C,523901,3229,3228,1545,920,1,0.011000389
Warm C,209491,1279,1278,1545,920,0,0.014262781
Warm C,501352,3080,3079,1545,920,0,0.014433474
Warm C,974373,5878,5877,1545,920,1,0.014369483
Warm C,110890,721,720,1550,921,0,0.0096089505
Warm C,44330,302,301,1550,921,0,0.0012360923
Warm C,29093,199,198,1550,921,1,0.014197618
Warm C,801436,4802,4801,1550,921,0,0.005816538
Warm C,234177,1422,1421,1550,921,0,0.0038968823
Warm C,354998,2077,2076,1550,921,0,0.0109012425
Warm C,238014,1447,1446,1550,921,0,0.010857975
Warm C,371031,2168,2167,1550,921,0,0.0039999406
Warm C,164653,1051,1050,1550,921,1,0.012026106
Warm C,893011,5394,5393,1550,921,0,0.011156135
Warm C,193730,1194,1193,1550,921,0,-0.0027883593
Warm C,738192,4411,4410,1554,923,1,0.016614921
Warm C,503261,3091,3090,1554,923,0,0.005535896
Warm C,575421,3519,3518,1554,923,1,0.014928157
Warm C,550280,3391,3390,1554,923,1,0.013397133
Warm C,799274,4790,4789,1554,923,0,0.00558878
Warm C,902822,5458,5457,1554,923,0,0.011013265
Warm C,485128,2986,2985,1554,923,0,0.018411782
Warm C,476819,2928,2927,1554,923,1,0.028030857
Warm C,696457,4169,4168,1554,923,0,0.028752163
Warm C,879912,5317,5316,1554,923,0,0.011421593
Warm C,523904,3229,3228,1554,923,1,0.010788586
Warm C,444098,2738,2737,1554,923,0,0.014403103
Warm C,437981,2676,2675,1554,923,1,0.013257836
Warm C,411873,2476,2475,1554,923,0,0.0002256459
Warm C,406595,2439,2438,1554,923,0,0.00411584
Warm C,354163,2073,2072,1554,923,1,0.026567325
Warm C,318676,1894,1893,1554,923,1,0.001600524
Warm C,327214,1939,1938,1554,923,1,0.019377142
Warm C,323211,1916,1915,1554,923,0,0.023252498
Warm C,299346,1777,1776,1554,923,0,0.027688451
Warm C,290311,1733,1732,1554,923,0,0.017385071
Warm C,282047,1692,1691,1554,923,1,0.01978608
Warm C,292391,1741,1740,1554,923,1,0.017462678
Warm C,262271,1600,1599,1554,923,0,0.020167306
Warm C,241699,1455,1454,1554,923,1,0.008958694
Warm C,237194,1442,1441,1554,923,1,0.013383282
Warm C,226769,1375,1374,1554,923,1,0.0029280637
Warm C,225102,1361,1360,1554,923,0,0.010728479
Warm C,212103,1291,1290,1554,923,0,0.027120715
Warm C,203883,1254,1253,1554,923,1,0.011399375
Warm C,308093,1836,1835,1554,923,0,0.018767212
Warm C,211071,1285,1284,1554,923,0,0.01560904
Warm C,214932,1303,1302,1554,923,1,0.025245627
Warm C,279463,1680,1679,1554,923,1,0.018020988
Warm C,202560,1244,1243,1554,923,1,0.008978187
Warm C,294363,1749,1748,1554,923,0,0.0049474062
Warm C,229931,1391,1390,1554,923,0,0.0003948235
Warm C,185431,1150,1149,1554,923,0,0.016060486
Warm C,201625,1242,1241,1554,923,1,0.00967425
Warm C,168526,1069,1068,1554,923,1,0.011128325
Warm C,167315,1065,1064,1554,923,0,0.008425128
Warm C,334655,1974,1973,1554,923,1,0.02269632
Warm C,142449,919,918,1554,923,1,0.015454698
Warm C,138457,889,888,1554,923,1,0.022593748
Warm C,131970,854,853,1554,923,0,0.012944056
Warm C,263431,1605,1604,1554,923,0,0.018852156
Warm C,132540,855,854,1554,923,0,0.021476068
Warm C,187689,1164,1163,1554,923,0,0.014013411
Warm C,631648,3821,3820,1554,923,0,0.023714906
Warm C,100891,673,672,1554,923,1,0.008169435
Warm C,294953,1752,1751,1554,923,1,0.010566275
Warm C,92780,621,620,1554,923,0,0.013830241
Warm C,155390,1001,1000,1554,923,1,0.011592977
Warm C,48794,327,326,1554,923,1,0.020369258
Warm C,41428,281,280,1554,923,0,0.014469691
Warm C,31898,216,215,1554,923,1,0.018081259
Warm C,33386,225,224,1554,923,0,0.016860344
Warm C,21944,161,160,1554,923,1,0.0122263925
Warm C,23038,166,165,1554,923,1,0.00940293
Warm C,20371,150,149,1554,923,1,0.019823033
Warm C,17449,136,135,1554,923,1,0.01396998
Warm C,7586,53,52,1554,923,1,0.011079305
Warm C,319,5,4,1554,923,0,0.016620474
Warm C,20678,151,150,1554,923,0,0.021161795
Warm C,7145,49,48,1554,923,1,0.01049628
Warm C,158346,1015,1014,1554,923,1,0.032092113
Warm C,883024,5333,5332,1554,923,1,0.015222162
Warm C,574817,3518,3517,1554,923,1,0.017958388
Warm C,893012,5394,5393,1554,923,0,0.024120215
Warm C,102368,678,677,1554,923,1,0.021525435
Warm C,116332,752,751,1554,923,1,0.019600322
Warm C,511902,3158,3157,1554,923,1,0.014420736
Warm C,223624,1354,1353,1554,923,0,0.017802158
Warm C,284283,1698,1697,1554,923,1,0.010267055
Warm C,497282,3054,3053,1554,923,1,0.023056572
Warm C,248524,1500,1499,1554,923,0,0.015228569
Warm C,256101,1561,1560,1554,923,1,0.011375744
Warm C,328296,1941,1940,1554,923,0,0.029841645
Warm C,435418,2661,2660,1592,937,1,0.0057861763
Warm C,430139,2621,2620,1592,937,0,0.0077724736
Warm C,451030,2777,2776,1592,937,0,0.0037300293
Warm C,418823,2529,2528,1592,937,1,0.010060711
Warm C,417480,2517,2516,1592,937,1,0.009783812
Warm C,406474,2438,2437,1592,937,0,0.01736047
Warm C,403345,2409,2408,1592,937,0,0.009210162
Warm C,399562,2378,2377,1592,937,0,0.006020274
Warm C,376650,2198,2197,1592,937,0,0.0025260884
Warm C,352089,2063,2062,1592,937,0,0.03125219
Warm C,348719,2045,2044,1592,937,1,0.0020281528
Warm C,341705,2012,2011,1592,937,0,0.016273497
Warm C,288134,1721,1720,1592,937,0,0.006306068
Warm C,268579,1631,1630,1592,937,0,-0.0048289807
Warm C,323926,1920,1919,1592,937,0,0.008540811
Warm C,264683,1609,1608,1592,937,0,0.014120346
Warm C,247359,1495,1494,1592,937,0,0.0078106457
Warm C,224256,1356,1355,1592,937,0,0.016983587
Warm C,222769,1348,1347,1592,937,0,0.00448047
Warm C,296852,1759,1758,1592,937,0,0.013718458
Warm C,207790,1271,1270,1592,937,1,0.011129195
Warm C,279593,1680,1679,1592,937,0,0.016227629
Warm C,236447,1434,1433,1592,937,0,0.014011877
Warm C,175201,1111,1110,1592,937,1,0.008134391
Warm C,194293,1198,1197,1592,937,0,0.0033321446
Warm C,342643,2015,2014,1592,937,0,0.013347328
Warm C,425746,2583,2582,1592,937,1,0.0077115493
Warm C,240293,1449,1448,1592,937,0,0.020967657
Warm C,119375,770,769,1592,937,0,0.010930054
Warm C,216468,1314,1313,1592,937,0,0.004437278
Warm C,101719,677,676,1592,937,0,0.013040869
Warm C,406156,2436,2435,1592,937,0,0.012707284
Warm C,76516,519,518,1592,937,0,-0.0044091404
Warm C,73150,494,493,1592,937,1,0.007118604
Warm C,87101,569,568,1592,937,0,0.0066963565
Warm C,54729,357,356,1592,937,0,0.0003554115
Warm C,41762,284,283,1592,937,0,0.008815541
Warm C,291542,1737,1736,1592,937,0,0.014061318
Warm C,10499,75,74,1592,937,1,-0.0044540856
Warm C,49355,329,328,1592,937,0,0.016688922
Warm C,142214,918,917,1592,937,0,0.006745698
Warm C,234240,1422,1421,1592,937,0,0.011584682
Warm C,386130,2258,2257,1592,937,0,-0.0010583434
Warm C,360938,2106,2105,1592,937,0,0.018915106
Warm C,328408,1941,1940,1592,937,1,0.017897949
Warm C,680717,4079,4078,1592,937,1,0.001164364
Warm C,335206,1978,1977,1592,937,0,0.0140735535
Warm C,489704,3013,3012,1592,937,0,0.010585364
Warm C,907675,5492,5491,1592,937,0,0.015255927
Warm C,717036,4294,4293,1592,937,0,0.008103098
Warm C,376431,2195,2194,1592,937,0,0.0068033556
Warm C,877443,5302,5301,1592,937,0,0.0047001257
Warm C,579535,3539,3538,1593,938,1,0.013858472
Warm C,559975,3441,3440,1593,938,0,0.014856588
Warm C,658456,3967,3966,1593,938,0,0.005363923
Warm C,550354,3391,3390,1593,938,0,0.0032154988
Warm C,532258,3285,3284,1593,938,0,0.019273572
Warm C,529867,3272,3271,1593,938,0,0.01810709
Warm C,526009,3250,3249,1593,938,0,0.0038141268
Warm C,524744,3239,3238,1593,938,0,0.003484019
Warm C,774469,4619,4618,1593,938,0,0.0008029597
Warm C,522751,3224,3223,1593,938,1,0.015477177
Warm C,518140,3197,3196,1593,938,0,0.009177185
Warm C,517037,3191,3190,1593,938,0,0.011708159
Warm C,562695,3462,3461,1593,938,0,0.0026644198
Warm C,503668,3095,3094,1593,938,1,0.008061101
Warm C,516562,3189,3188,1593,938,1,0.005291569
Warm C,499576,3067,3066,1593,938,0,0.00723322
Warm C,492128,3026,3025,1593,938,0,0.011128621
Warm C,490339,3017,3016,1593,938,0,0.004643583
Warm C,485172,2986,2985,1593,938,0,0.013235164
Warm C,478568,2936,2935,1593,938,0,0.0026779398
Warm C,472738,2907,2906,1593,938,0,0.006314668
Warm C,471070,2899,2898,1593,938,0,0.010580956
Warm C,468548,2887,2886,1593,938,0,0.007102644
Warm C,470065,2895,2894,1593,938,0,0.016369624
Warm C,451032,2777,2776,1593,938,1,0.003241289
Warm C,438868,2681,2680,1593,938,0,0.009121733
Warm C,419303,2533,2532,1593,938,0,0.008046294
Warm C,416130,2506,2505,1593,938,1,0.0059084697
Warm C,405008,2423,2422,1593,938,0,0.0039222715
Warm C,404275,2418,2417,1593,938,0,-0.00063500926
Warm C,404636,2419,2418,1593,938,0,0.01261794
Warm C,368445,2153,2152,1593,938,0,0.003928503
Warm C,340793,2010,2009,1593,938,0,0.0059533
Warm C,297620,1764,1763,1593,938,0,0.016474295
Warm C,281348,1687,1686,1593,938,1,-0.014264701
Warm C,235997,1429,1428,1593,938,0,-0.005885538
Warm C,248919,1501,1500,1593,938,1,0.009301623
Warm C,336133,1980,1979,1593,938,0,0.017268531
Warm C,223665,1354,1353,1593,938,0,0.0077001518
Warm C,276346,1671,1670,1593,938,1,0.0064027784
Warm C,212118,1291,1290,1593,938,0,0.011173878
Warm C,203890,1254,1253,1593,938,0,0.011632262
Warm C,321711,1908,1907,1593,938,0,0.00773672
Warm C,192421,1184,1183,1593,938,0,0.005421053
Warm C,186778,1156,1155,1593,938,0,0.0025553769
Warm C,189050,1172,1171,1593,938,0,0.0073257294
Warm C,174850,1107,1106,1593,938,1,0.0013725492
Warm C,179715,1125,1124,1593,938,0,0.006256354
Warm C,331771,1958,1957,1593,938,0,0.013250277
Warm C,188283,1168,1167,1593,938,0,-0.0010770862
Warm C,167960,1068,1067,1593,938,0,0.01820271
Warm C,328412,1941,1940,1593,938,0,0.01190363
Warm C,189431,1173,1172,1593,938,0,0.00552811
Warm C,152704,983,982,1593,938,1,0.002766848
Warm C,221481,1340,1339,1593,938,0,0.014121796
Warm C,145004,934,933,1593,938,0,0.015008536
Warm C,164703,1051,1050,1593,938,0,0.013483708
Warm C,136741,881,880,1593,938,0,0.017555982
Warm C,134442,869,868,1593,938,0,0.00739675
Warm C,132003,854,853,1593,938,1,-0.00028000586
Warm C,332759,1962,1961,1593,938,0,0.013243282
Warm C,352092,2063,2062,1593,938,0,0.007241756
Warm C,263499,1605,1604,1593,938,0,0.011565811
Warm C,125311,805,804,1593,938,0,0.0011071316
Warm C,360941,2106,2105,1593,938,0,0.011895265
Warm C,112591,731,730,1593,938,0,0.009489094
Warm C,106198,699,698,1593,938,0,0.012961013
Warm C,696522,4169,4168,1593,938,0,0.017086629
Warm C,291546,1737,1736,1593,938,0,0.0060215527
Warm C,191186,1181,1180,1593,938,0,0.012714762
Warm C,80561,534,533,1593,938,1,0.0007527999
Warm C,77692,524,523,1593,938,0,0.01641608
Warm C,64645,432,431,1593,938,0,-0.001101716
Warm C,251206,1516,1515,1593,938,0,0.0032997048
Warm C,78564,528,527,1593,938,0,0.007301725
Warm C,155437,1001,1000,1593,938,0,0.005155484
Warm C,46434,310,309,1593,938,0,0.012639408
Warm C,42190,286,285,1593,938,0,0.0098511055
Warm C,39529,268,267,1593,938,1,-0.0007459186
Warm C,287457,1716,1715,1593,938,0,0.010353597
Warm C,33448,225,224,1593,938,0,0.00035106414
Warm C,29773,202,201,1593,938,0,0.0081343
Warm C,29156,199,198,1593,938,0,0.0011317623
Warm C,21259,156,155,1593,938,0,0.010052688
Warm C,22465,163,162,1593,938,0,0.013037225
Warm C,6425,45,44,1593,938,0,-0.0008783974
Warm C,5512,38,37,1593,938,0,0.00027938117
Warm C,3736,26,25,1593,938,0,0.004618904
Warm C,506150,3113,3112,1593,938,0,0.009381104
Warm C,20732,151,150,1593,938,1,0.009369636
Warm C,79557,531,530,1593,938,0,0.0064139804
Warm C,626929,3792,3791,1593,938,0,0.0026402217
Warm C,363215,2116,2115,1593,938,1,0.013627993
Warm C,489706,3013,3012,1593,938,0,0.00073420024
Warm C,272290,1645,1644,1593,938,0,0.0069868225
Warm C,317824,1889,1888,1593,938,0,0.008580391
Warm C,102433,678,677,1593,938,0,0.0061396603
Warm C,923959,5580,5579,1593,938,0,0.002249234
Warm C,171850,1088,1087,1593,938,0,0.003851192
Warm C,498161,3057,3056,1593,938,0,0.0013450901
Warm C,178703,1121,1120,1593,938,0,0.008833535
Warm C,273108,1647,1646,1593,938,0,0.00931038
Warm C,84347,550,549,1595,940,0,0.027561452
Warm C,74966,509,508,1595,940,0,0.004271289
Warm C,291547,1737,1736,1595,940,0,0.022273999
Warm C,79559,531,530,1595,940,0,0.013609927
Warm C,11949,92,91,1595,940,0,0.0139187155
Warm C,329459,1943,1942,1598,942,0,0.014254329
Warm C,330182,1948,1947,1598,942,0,0.009339023
Warm C,315416,1880,1879,1598,942,0,0.014798675
Warm C,265925,1613,1612,1598,942,0,0.0082753915
Warm C,259571,1587,1586,1598,942,1,0.008997412
Warm C,242909,1465,1464,1598,942,1,-0.006651352
Warm C,232577,1413,1412,1598,942,0,0.0070679057
Warm C,277842,1676,1675,1598,942,0,0.022040334
Warm C,250454,1509,1508,1598,942,0,0.0059846547
Warm C,279605,1680,1679,1598,942,0,-0.0008794432
Warm C,363220,2116,2115,1598,942,0,0.009239046
Warm C,185515,1150,1149,1598,942,0,0.00838221
Warm C,170282,1084,1083,1598,942,0,-0.0020401971
Warm C,184065,1146,1145,1598,942,0,0.008525987
Warm C,167965,1068,1067,1598,942,0,0.009634858
Warm C,163940,1050,1049,1598,942,0,0.005885747
Warm C,181304,1133,1132,1598,942,0,0.0035934052
Warm C,275646,1667,1666,1598,942,0,0.0046400605
Warm C,221482,1340,1339,1598,942,0,0.008289143
Warm C,157055,1010,1009,1598,942,0,-0.004709784
Warm C,405547,2429,2428,1598,942,0,-0.0015175357
Warm C,135748,877,876,1598,942,0,0.0011890903
Warm C,154949,999,998,1598,942,0,-0.00044140103
Warm C,352096,2063,2062,1598,942,0,-0.0010494415
Warm C,124995,802,801,1598,942,1,0.0029090669
Warm C,122946,793,792,1598,942,0,0.013186045
Warm C,117587,757,756,1598,942,0,-0.0061380006
Warm C,106201,699,698,1598,942,0,0.0073592667
Warm C,116413,752,751,1598,942,0,0.0021570718
Warm C,294986,1752,1751,1598,942,0,0.019131407
Warm C,110938,721,720,1598,942,0,8.445652e-05
Warm C,109370,714,713,1598,942,1,0.005795348
Warm C,480230,2946,2945,1598,942,0,-0.0015674846
Warm C,64308,429,428,1598,942,0,0.0074685123
Warm C,288632,1724,1723,1598,942,0,0.01672614
Warm C,46270,309,308,1598,942,0,0.0139494715
Warm C,44437,302,301,1598,942,0,-0.00096155284
Warm C,41765,284,283,1598,942,0,-0.0058060684
Warm C,696528,4169,4168,1598,942,0,0.011723891
Warm C,40354,272,271,1598,942,0,0.009282265
Warm C,291550,1737,1736,1598,942,1,-0.0016895086
Warm C,50098,331,330,1598,942,0,-2.7746893e-05
Warm C,355046,2077,2076,1598,942,0,0.011187568
Warm C,150684,970,969,1598,942,0,0.013282966
Warm C,265200,1611,1610,1598,942,0,0.015496598
Warm C,145007,934,933,1598,942,0,0.0010052535
Warm C,79563,531,530,1598,942,0,0.0048918743
Warm C,499579,3067,3066,1598,942,0,0.0039819162
Warm C,164709,1051,1050,1598,942,0,0.0028986258
Warm C,561648,3454,3453,1598,942,0,-0.004982935
Warm C,325012,1925,1924,1598,942,0,-0.0049911747
Warm C,86739,566,565,1599,943,0,0.013440698
Warm C,31207,210,209,1599,943,0,0.008714989
Warm C,22469,163,162,1599,943,0,0.011792637
Warm C,12292,93,92,1599,943,0,0.009696598
Warm C,27129,192,191,1599,943,0,0.0092653865
Warm C,552504,3401,3400,1599,943,0,0.0025330232
Warm C,893027,5394,5393,1599,943,0,0.013063655
Warm C,104115,692,691,1600,944,1,0.019307137
Warm C,107673,710,709,1600,944,0,0.011270982
Warm C,82731,549,548,1600,944,0,0.016912077
Warm C,77182,524,523,1600,944,1,0.027432146
Warm C,61157,412,411,1600,944,0,0.018870428
Warm C,56667,380,379,1600,944,0,0.008566796
Warm C,55043,363,362,1600,944,0,0.0015107845
Warm C,49967,331,330,1600,944,1,0.012969935
Warm C,392834,2307,2306,1600,944,0,0.012903957
Warm C,697050,4169,4168,1600,944,0,0.020284243
Warm C,308360,1837,1836,1600,944,0,0.020878822
Warm C,29633,202,201,1600,944,0,0.019465363
Warm C,23321,167,166,1600,944,0,0.005443563
Warm C,161938,1033,1032,1600,944,0,0.010413926
Warm C,7228,50,49,1600,944,0,0.015011575
Warm C,6310,45,44,1600,944,0,0.0059453975
Warm C,79107,531,530,1600,944,0,0.016864136
Warm C,575730,3520,3519,1600,944,0,0.014000999
Warm C,150391,970,969,1600,944,0,0.02174339
Warm C,33094,224,223,1600,944,0,0.018552722
Warm C,385968,2258,2257,1600,944,0,0.007378549
Warm C,964343,5812,5811,1600,944,0,0.0159108
Warm C,309468,1842,1841,1600,944,1,0.011745582
Warm C,193419,1194,1193,1600,944,0,0.0218671
Warm C,115843,752,751,1601,945,0,0.012693617
Warm C,98571,660,659,1601,945,0,0.008397104
Warm C,238576,1448,1447,1601,945,1,0.008384233
Warm C,77183,524,523,1601,945,0,0.01044837
Warm C,74579,509,508,1601,945,0,0.010925569
Warm C,70633,476,475,1601,945,1,0.004694472
Warm C,70060,474,473,1601,945,0,0.019419784
Warm C,53495,352,351,1601,945,0,0.011345585
Warm C,697052,4169,4168,1601,945,0,0.021482691
Warm C,1826,17,16,1601,945,0,0.01826046
Warm C,129158,839,838,1601,945,0,0.010034712
Warm C,317498,1889,1888,1601,945,0,0.0067448365
Warm C,499123,3067,3066,1601,945,1,0.015519418
Warm C,49968,331,330,1601,945,1,0.0066662496
Warm C,272638,1647,1646,1601,945,0,0.016051594
Warm C,342186,2015,2014,1604,947,0,0.00057057594
Warm C,828986,4979,4978,1604,947,0,0.0007260549
Warm C,317501,1889,1888,1604,947,0,-0.007050235
Warm C,329125,1943,1942,1604,947,0,-0.008958861
Warm C,599033,3648,3647,1604,947,1,-0.0010363227
Warm C,134013,869,868,1605,948,0,-0.0008448493
Warm C,262992,1605,1604,1605,948,0,0.0060641845
Warm C,360468,2106,2105,1605,948,0,-0.00043369923
Warm C,223302,1354,1353,1605,948,0,-0.0046558417
Warm C,105855,699,698,1605,948,0,-0.008023405
Warm C,90083,594,593,1605,948,0,-0.0036577957
Warm C,83874,550,549,1605,948,0,-0.0041000163
Warm C,55116,365,364,1605,948,0,-0.0029619867
Warm C,132260,855,854,1605,948,0,-0.00070182234
Warm C,47275,319,318,1605,948,0,-0.0052614277
Warm C,697057,4169,4168,1605,948,0,-0.0030471683
Warm C,38595,263,262,1605,948,0,0.00916348
Warm C,29393,200,199,1605,948,0,0.003305403
Warm C,29071,199,198,1605,948,0,0.0052128453
Warm C,291128,1737,1736,1605,948,0,0.005630792
Warm C,22362,163,162,1605,948,0,0.004321815
Warm C,16069,127,126,1605,948,0,-0.0024815742
Warm C,20649,151,150,1605,948,1,0.004131521
Warm C,157766,1015,1014,1605,948,0,0.002087322
Warm C,354695,2077,2076,1605,948,1,0.0006669471
Warm C,778111,4647,4646,1605,948,0,-0.00850708
Warm C,11874,92,91,1605,948,0,-0.0019900813
Warm C,958996,5787,5786,1605,948,0,0.00630764
Warm C,768962,4579,4578,1605,948,0,0.007995098
Warm C,257420,1579,1578,1605,948,0,0.0028501232
Warm C,331305,1958,1957,1605,948,0,0.0010085334
Warm C,468239,2887,2886,1605,948,0,-0.0006355336
Warm C,171255,1088,1087,1605,948,0,-0.0076692374
Warm C,341406,2012,2011,1606,949,0,0.01070019
Warm C,314947,1880,1879,1606,949,0,0.010586681
Warm C,326944,1938,1937,1606,949,0,-0.0050295633
Warm C,288758,1726,1725,1606,949,0,0.006267257
Warm C,269709,1635,1634,1606,949,0,0.015965695
Warm C,263850,1606,1605,1606,949,0,0.00994814
Warm C,265522,1613,1612,1606,949,0,0.013321864
Warm C,329126,1943,1942,1606,949,1,0.010723047
Warm C,337379,1984,1983,1606,949,0,0.009095876
Warm C,226955,1377,1376,1606,949,0,-0.0006859184
Warm C,221087,1340,1339,1606,949,0,0.013690086
Warm C,278634,1680,1679,1606,949,0,0.0131508
Warm C,277411,1676,1675,1606,949,0,0.01531526
Warm C,190399,1181,1180,1606,949,0,0.0025443546
Warm C,227538,1380,1379,1606,949,0,0.008355228
Warm C,155729,1004,1003,1606,949,0,0.012339929
Warm C,150915,971,970,1606,949,0,0.010930568
Warm C,120977,780,779,1606,949,0,0.0062537
Warm C,120247,777,776,1606,949,0,0.0069200797
Warm C,475740,2919,2918,1606,949,1,-0.00037461263
Warm C,118243,765,764,1606,949,1,0.004800245
Warm C,202912,1246,1245,1606,949,0,0.012848875
Warm C,96896,651,650,1606,949,0,0.003929152
Warm C,86935,567,566,1606,949,1,-0.0010165891
Warm C,119006,770,769,1606,949,0,0.008598665
Warm C,86468,566,565,1606,949,0,0.0032260397
Warm C,81463,543,542,1606,949,1,0.013306528
Warm C,70638,476,475,1606,949,1,0.014554975
Warm C,53505,352,351,1606,949,0,0.0056806216
Warm C,51093,337,336,1606,949,1,0.009827934
Warm C,36281,245,244,1606,949,0,0.009382959
Warm C,626500,3792,3791,1606,949,0,0.011086857
Warm C,22363,163,162,1606,949,0,0.0101112425
Warm C,14389,117,116,1606,949,0,0.00084657944
Warm C,12255,93,92,1606,949,0,-0.0029282223
Warm C,10186,73,72,1606,949,0,0.009320305
Warm C,17112,134,133,1606,949,0,0.00037967437
Warm C,2695,22,21,1606,949,0,0.002020819
Warm C,2103,18,17,1606,949,0,0.0056556016
Warm C,262460,1601,1600,1606,949,0,0.0056275884
Warm C,27942,195,194,1606,949,1,0.012201775
Warm C,109694,716,715,1606,949,0,0.0071573295
Warm C,237613,1447,1446,1606,949,0,0.013116021
Warm C,828987,4979,4978,1606,949,0,0.015132625
Warm C,682164,4085,4084,1606,949,1,0.012810631
Warm C,621899,3768,3767,1606,949,0,0.008027332
Warm C,101945,678,677,1606,949,1,0.0056040185
Warm C,632940,3824,3823,1606,949,0,0.0036992007
Warm C,272645,1647,1646,1606,949,0,0.017474255
Warm C,105874,699,698,1621,959,0,0.0060599525
Warm C,179430,1125,1124,1621,959,1,0.008698577
Warm C,95806,642,641,1621,959,0,0.0036747744
Warm C,332488,1962,1961,1621,959,0,0.013707625
Warm C,90555,601,600,1621,959,0,0.010942759
Warm C,238619,1448,1447,1621,959,1,0.0016603756
Warm C,78285,528,527,1621,959,1,0.012855487
Warm C,53553,352,351,1621,959,1,0.009500131
Warm C,333730,1969,1968,1621,959,1,0.023026073
Warm C,46777,314,313,1621,959,1,0.015305398
Warm C,30202,203,202,1621,959,0,0.009551851
Warm C,26306,187,186,1621,959,0,0.005973745
Warm C,15463,123,122,1621,959,1,0.014609443
Warm C,7575,53,52,1621,959,1,0.0045433356
Warm C,586,8,7,1621,959,0,0.006695795
Warm C,354722,2077,2076,1621,959,1,0.005889208
Warm C,933776,5636,5635,1621,959,0,0.017663956
Warm C,171296,1088,1087,1621,959,0,0.0105824005
Warm C,360496,2106,2105,1621,959,0,0.012058701
Warm C,327660,1941,1940,1621,959,1,0.01948731
Warm C,257449,1579,1578,1621,959,0,0.01975191
Warm C,144769,934,933,1621,959,0,0.01332718
Warm C,748296,4467,4466,1621,959,0,0.006512039
Warm C,883276,5333,5332,1621,959,0,0.010075126
Warm C,825716,4958,4957,1621,959,1,0.010112349
Warm C,497847,3056,3055,1623,960,0,0.0061314143
Warm C,659049,3971,3970,1623,960,0,0.0026508728
Warm C,493824,3032,3031,1623,960,1,0.00904909
Warm C,490074,3016,3015,1623,960,0,0.0018480001
Warm C,429037,2611,2610,1623,960,0,0.0071350764
Warm C,426375,2590,2589,1623,960,0,0.009113571
Warm C,409491,2457,2456,1623,960,0,0.0035571859
Warm C,373837,2181,2180,1623,960,1,0.010177606
Warm C,367301,2144,2143,1623,960,1,0.01434599
Warm C,351431,2063,2062,1623,960,0,0.008421494
Warm C,339936,2005,2004,1623,960,0,-0.005106911
Warm C,339551,2001,2000,1623,960,0,-0.00085088913
Warm C,340438,2010,2009,1623,960,0,0.012350091
Warm C,323494,1919,1918,1623,960,0,-0.0043159095
Warm C,297850,1765,1764,1623,960,0,0.0048205936
Warm C,277436,1676,1675,1623,960,0,0.007252082
Warm C,278697,1680,1679,1623,960,0,0.016304076
Warm C,276793,1675,1674,1623,960,0,0.008972496
Warm C,281761,1690,1689,1623,960,0,0.006300165
Warm C,271393,1641,1640,1623,960,0,0.0038454947
Warm C,264324,1608,1607,1623,960,0,0.010249216
Warm C,257174,1577,1576,1623,960,0,0.0064402446
Warm C,253419,1542,1541,1623,960,0,0.017119171
Warm C,247523,1496,1495,1623,960,0,0.010689806
Warm C,226344,1370,1369,1623,960,0,0.0056526093
Warm C,225535,1366,1365,1623,960,0,0.0026074867
Warm C,224429,1357,1356,1623,960,0,0.003061859
Warm C,221870,1342,1341,1623,960,0,0.00933528
Warm C,221782,1341,1340,1623,960,0,0.0027396856
Warm C,214042,1300,1299,1623,960,0,0.007409104
Warm C,327663,1941,1940,1623,960,0,0.012700066
Warm C,186318,1152,1151,1623,960,0,0.012717128
Warm C,196322,1207,1206,1623,960,0,0.0058671185
Warm C,183872,1146,1145,1623,960,0,0.007534642
Warm C,175338,1112,1111,1623,960,0,0.005228609
Warm C,159105,1017,1016,1623,960,0,0.008866713
Warm C,314469,1878,1877,1623,960,0,0.006131506
Warm C,134789,871,870,1623,960,0,0.0074901525
Warm C,134041,869,868,1623,960,0,0.0107689
Warm C,133278,860,859,1623,960,1,-0.009588213
Warm C,132958,858,857,1623,960,0,0.0067675496
Warm C,125474,808,807,1623,960,0,0.006318264
Warm C,123808,798,797,1623,960,1,0.011038892
Warm C,122316,789,788,1623,960,0,0.0006793777
Warm C,115888,752,751,1623,960,0,0.006577731
Warm C,107707,710,709,1623,960,0,0.011227695
Warm C,92686,621,620,1623,960,0,0.008362049
Warm C,81492,543,542,1623,960,0,0.00460659
Warm C,66469,445,444,1623,960,0,0.008523728
Warm C,47902,321,320,1623,960,0,0.0064982986
Warm C,43038,295,294,1623,960,0,0.009554748
Warm C,41702,284,283,1623,960,0,0.004257526
Warm C,40283,272,271,1623,960,0,0.005716353
Warm C,291157,1737,1736,1623,960,0,0.014731225
Warm C,299940,1779,1778,1623,960,0,0.01620975
Warm C,99800,667,666,1623,960,1,0.004947989
Warm C,22388,163,162,1623,960,0,0.00498238
Warm C,14183,116,115,1623,960,0,0.008940863
Warm C,289977,1733,1732,1623,960,0,0.0031033074
Warm C,7577,53,52,1623,960,0,0.0048169754
Warm C,27984,195,194,1623,960,0,0.0058282316
Warm C,11893,92,91,1623,960,0,0.007613339
Warm C,164288,1051,1050,1623,960,1,0.008513589
Warm C,187016,1160,1159,1623,960,0,0.0031909111
Warm C,608978,3693,3692,1623,960,0,0.009197105
Warm C,474319,2910,2909,1623,960,1,0.011905938
Warm C,116780,753,752,1623,960,1,0.007322714
Warm C,718808,4305,4304,1623,960,0,0.00026623998
Warm C,232099,1408,1407,1626,962,0,-0.0055139163
Warm C,209983,1284,1283,1626,962,0,0.005172187
Warm C,321614,1908,1907,1626,962,0,0.0044582365
Warm C,190472,1181,1180,1626,962,1,0.0069279233
Warm C,184928,1150,1149,1626,962,0,0.0059566894
Warm C,243718,1470,1469,1626,962,0,0.010723565
Warm C,342221,2015,2014,1626,962,0,0.008349558
Warm C,221120,1340,1339,1626,962,0,0.01727916
Warm C,156572,1010,1009,1626,962,0,0.010164337
Warm C,110602,721,720,1626,962,1,0.011465166
Warm C,713666,4277,4276,1626,962,0,0.0066383053
Warm C,91133,604,603,1626,962,0,0.0134206135
Warm C,89922,592,591,1626,962,0,0.0018137757
Warm C,81495,543,542,1626,962,0,-0.0011869855
Warm C,27064,192,191,1626,962,0,-0.0007295869
Warm C,437209,2669,2668,1626,962,0,0.0055782963
Warm C,150428,970,969,1626,962,0,0.010124719
Warm C,680524,4079,4078,1626,962,1,-0.0008409375
Warm C,599061,3648,3647,1626,962,0,0.008706086
Warm C,587708,3589,3588,1626,962,0,0.015717942
Warm C,327667,1941,1940,1626,962,0,0.013761754
Warm C,188848,1172,1171,1629,964,0,0.006975285
Warm C,176239,1114,1113,1629,964,0,0.0057794675
Warm C,173522,1100,1099,1629,964,0,0.0128694335
Warm C,198573,1220,1219,1629,964,0,0.0010974552
Warm C,166317,1059,1058,1629,964,0,-0.00090171385
Warm C,272041,1645,1644,1629,964,1,0.011092527
Warm C,167689,1068,1067,1629,964,0,0.0043525053
Warm C,164294,1051,1050,1629,964,0,0.0072244066
Warm C,153615,987,986,1629,964,1,0.0007426413
Warm C,137844,889,888,1629,964,0,0.0145419575
Warm C,136299,881,880,1629,964,0,-0.0014738948
Warm C,380141,2223,2222,1629,964,0,-0.00047366554
Warm C,131743,854,853,1629,964,0,-4.245783e-06
Warm C,128494,832,831,1629,964,0,0.008618919
Warm C,124426,801,800,1629,964,0,-0.0047549256
Warm C,123072,795,794,1629,964,0,0.00651268
Warm C,360504,2106,2105,1629,964,0,0.0036666188
Warm C,112290,731,730,1629,964,1,-0.0026576056
Warm C,176736,1117,1116,1629,964,0,-0.002531468
Warm C,238627,1448,1447,1629,964,1,0.0031278657
Warm C,70075,474,473,1629,964,0,0.0031369352
Warm C,132282,855,854,1629,964,1,0.0043627853
Warm C,47321,319,318,1629,964,0,0.0070249294
Warm C,41710,284,283,1629,964,1,-0.0071940683
Warm C,26314,187,186,1629,964,1,0.0040211296
Warm C,22399,163,162,1629,964,0,0.0036285762
Warm C,9190,62,61,1629,964,0,-0.00033628754
Warm C,20679,151,150,1629,964,1,0.00035292562
Warm C,157815,1015,1014,1629,964,0,0.00981099
Warm C,385980,2258,2257,1629,964,1,-0.0090937745
Warm C,362742,2116,2115,1629,964,0,0.005423205
Warm C,828997,4979,4978,1629,964,0,0.006457057
Warm C,497090,3054,3053,1629,964,0,0.009144968
Warm C,734549,4387,4386,1629,964,0,0.005031635
Warm C,79148,531,530,1629,964,0,-0.0071271174
Warm C,331342,1958,1957,1629,964,0,0.009823806
Warm C,78290,528,527,1629,964,0,0.010047492
Warm C,65934,442,441,1629,964,0,0.0055789496
Warm C,171305,1088,1087,1629,964,0,0.013603168
Warm C,770093,4589,4588,1629,964,0,0.008548927
Warm C,921108,5565,5564,1629,964,0,0.0010380964
Warm C,187501,1164,1163,1629,964,0,0.0022054776
Warm C,52086,343,342,1629,964,1,0.001646593
Warm C,811328,4867,4866,1629,964,1,0.0075470177
Warm C,234760,1425,1424,1629,964,1,-0.0016486066
Warm C,263031,1605,1604,1629,964,1,0.0020819362
Warm C,748297,4467,4466,1629,964,0,0.0040287217
Warm C,974550,5878,5877,1629,964,1,-0.007961517
Warm C,608983,3693,3692,1629,964,0,0.0066702263
Warm C,125478,808,807,1640,968,0,0.010845007
Warm C,112117,730,729,1640,968,0,-0.0011730847
Warm C,109189,714,713,1640,968,0,0.010554409
Warm C,370903,2168,2167,1640,968,1,0.010454468
Warm C,523819,3229,3228,1640,968,0,-0.00066205
Warm C,299469,1778,1777,1640,968,1,0.0019933975
Warm C,80037,533,532,1640,968,0,0.011124831
Warm C,70668,476,475,1640,968,1,0.0020389291
Warm C,59824,407,406,1640,968,0,-0.0026415961
Warm C,59913,408,407,1640,968,0,-0.0008756799
Warm C,317535,1889,1888,1640,968,0,0.010707544
Warm C,31952,216,215,1640,968,0,-0.00073218485
Warm C,3666,26,25,1640,968,1,0.0018761489
Warm C,351464,2063,2062,1640,968,0,0.0052868878
Warm C,354736,2077,2076,1640,968,1,0.009585487
Warm C,122511,791,790,1640,968,0,0.009855213
Warm C,874078,5277,5276,1640,968,0,0.0051182397
Warm C,829006,4979,4978,1640,968,0,0.0035960255
Warm C,175958,1113,1112,1640,968,0,-0.00017736712
Warm C,159871,1019,1018,1640,968,0,0.00589731
Warm C,905453,5475,5474,1640,968,0,0.00011897297
Warm C,713682,4277,4276,1640,968,1,0.0019624368
Warm C,272690,1647,1646,1640,968,0,0.0135393385
Warm C,839636,5046,5045,1640,968,1,0.0069704917
Warm C,74630,509,508,1642,970,0,-0.004925285
Warm C,132299,855,854,1642,970,0,0.0039229067
Warm C,47362,319,318,1642,970,0,0.005619404
Warm C,44369,302,301,1642,970,0,0.0074967616
Warm C,312795,1865,1864,1642,970,0,0.004448537
Warm C,697123,4169,4168,1642,970,1,0.013905749
Warm C,30211,203,202,1642,970,0,0.0048095654
Warm C,983099,5938,5937,1642,970,0,0.0058717704
Warm C,237664,1447,1446,1642,970,1,0.008236328
Warm C,304698,1812,1811,1642,970,0,0.0014528795
Warm C,413644,2489,2488,1642,970,0,0.0031948527
Warm C,750600,4478,4477,1642,970,0,0.001990484
Warm C,35051,237,236,1642,970,0,0.009091932
Warm C,599072,3648,3647,1642,970,1,0.0033724196
Warm C,236312,1434,1433,1646,974,0,-0.003982869
Warm C,225708,1367,1366,1646,974,0,0.007224006
Warm C,296743,1759,1758,1646,974,0,0.0060522147
Warm C,183707,1143,1142,1646,974,0,0.007156139
Warm C,173532,1100,1099,1646,974,0,0.0063042818
Warm C,276627,1673,1672,1646,974,1,0.008235589
Warm C,272054,1645,1644,1646,974,0,0.0047591995
Warm C,183091,1141,1140,1646,974,0,-0.00087003026
Warm C,136323,881,880,1646,974,0,0.00037563068
Warm C,107737,710,709,1646,974,0,0.010398413
Warm C,98623,660,659,1646,974,0,0.012022432
Warm C,96342,647,646,1646,974,1,0.014825061
Warm C,238658,1448,1447,1646,974,1,0.018993193
Warm C,70671,476,475,1646,974,1,0.011657547
Warm C,55789,369,368,1646,974,0,0.009436514
Warm C,47374,319,318,1646,974,0,0.0099322945
Warm C,44385,302,301,1646,974,1,0.005081589
Warm C,41730,284,283,1646,974,0,0.009701626
Warm C,40698,273,272,1646,974,1,0.0074819624
Warm C,336897,1983,1982,1646,974,0,0.0031929761
Warm C,28749,198,197,1646,974,0,0.014097392
Warm C,233933,1422,1421,1646,974,0,0.014470588
Warm C,354742,2077,2076,1646,974,0,0.01859399
Warm C,237669,1447,1446,1646,974,0,0.017562527
Warm C,327714,1941,1940,1646,974,0,0.0075649596
Warm C,924082,5580,5579,1646,974,1,0.0129892565
Warm C,968277,5837,5836,1646,974,0,0.009424375
Warm C,272699,1647,1646,1646,974,0,0.013541749
Warm C,139577,893,892,1647,975,0,0.0035401096
Warm C,135457,877,876,1647,975,0,0.009996381
Warm C,114732,746,745,1647,975,0,-0.00054162275
Warm C,115928,752,751,1647,975,0,0.008897731
Warm C,98624,660,659,1647,975,0,0.0077172187
Warm C,713689,4277,4276,1647,975,1,0.01146949
Warm C,110626,721,720,1647,975,0,0.0051137405
Warm C,308420,1837,1836,1647,975,0,-0.0011763608
Warm C,291182,1737,1736,1647,975,0,0.001985705
Warm C,82822,549,548,1647,975,1,0.012709601
Warm C,83930,550,549,1647,975,0,0.0087002525
Warm C,47923,321,320,1647,975,0,-0.006571017
Warm C,47376,319,318,1647,975,0,-0.0028497323
Warm C,33413,225,224,1647,975,0,-0.0016201027
Warm C,29729,202,201,1647,975,0,0.0065072146
Warm C,27095,192,191,1647,975,0,0.0040855305
Warm C,16276,129,128,1647,975,1,-0.0038036592
Warm C,107738,710,709,1647,975,0,-0.007858842
Warm C,104165,692,691,1647,975,0,0.007674492
Warm C,697129,4169,4168,1647,975,0,0.013612052
Warm C,109715,716,715,1647,975,1,-0.007571512
Warm C,210009,1284,1283,1647,975,1,0.018471286
Warm C,150442,970,969,1647,975,0,0.008882077
Warm C,237670,1447,1446,1647,975,0,9.045284e-05
Warm C,264958,1611,1610,1647,975,1,0.0030045114
Warm C,309500,1842,1841,1647,975,1,-0.0048174234
Warm C,50054,331,330,1647,975,1,0.001050213
Warm C,699900,4186,4185,1647,975,0,0.0046492335
Warm C,193481,1194,1193,1647,975,0,0.006043248
Warm C,549825,3391,3390,1647,975,0,-0.001446595
Warm C,659735,3976,3975,1648,976,1,0.013191307
Warm C,652373,3934,3933,1648,976,0,0.003150438
Warm C,650979,3927,3926,1648,976,0,0.009025512
Warm C,672373,4041,4040,1648,976,0,0.020190042
Warm C,649671,3916,3915,1648,976,1,0.012297299
Warm C,634705,3829,3828,1648,976,1,0.023649406
Warm C,638940,3842,3841,1648,976,0,0.015633365
Warm C,626287,3791,3790,1648,976,0,0.00080253824
Warm C,622978,3770,3769,1648,976,0,0.009589673
Warm C,617979,3745,3744,1648,976,1,0.0012146094
Warm C,794130,4748,4747,1648,976,0,0.009116676
Warm C,703816,4220,4219,1648,976,0,0.0035185474
Warm C,597357,3631,3630,1648,976,1,0.0064627985
Warm C,589295,3593,3592,1648,976,1,-0.0011823741
Warm C,579063,3539,3538,1648,976,0,0.014885323
Warm C,571912,3507,3506,1648,976,0,0.02260864
Warm C,562984,3464,3463,1648,976,0,0.018501133
Warm C,559582,3438,3437,1648,976,0,0.016239364
Warm C,553768,3410,3409,1648,976,1,0.010756532
Warm C,553576,3409,3408,1648,976,1,0.018315235
Warm C,766301,4562,4561,1648,976,1,0.012720756
Warm C,644480,3884,3883,1648,976,1,0.01758652
Warm C,549826,3391,3390,1648,976,1,0.00742515
Warm C,545133,3362,3361,1648,976,0,0.006727524
Warm C,543100,3343,3342,1648,976,1,-0.0011001248
Warm C,904356,5468,5467,1648,976,1,0.009050377
Warm C,540614,3327,3326,1648,976,1,0.013925645
Warm C,531986,3285,3284,1648,976,0,0.014067194
Warm C,528048,3265,3264,1648,976,0,0.007441393
Warm C,520720,3212,3211,1648,976,1,0.0013945237
Warm C,514792,3180,3179,1648,976,0,0.007459917
Warm C,507966,3126,3125,1648,976,0,-0.007951636
Warm C,506572,3118,3117,1648,976,0,0.018559515
Warm C,506178,3114,3113,1648,976,0,0.010332741
Warm C,501163,3080,3079,1648,976,1,0.020766407
Warm C,713690,4277,4276,1648,976,1,0.025285799
Warm C,490177,3017,3016,1648,976,0,0.0075118747
Warm C,484862,2986,2985,1648,976,1,0.018684864
Warm C,588365,3590,3589,1648,976,1,0.0041847443
Warm C,477085,2929,2928,1648,976,1,-0.0014997642
Warm C,475068,2916,2915,1648,976,1,0.0013813404
Warm C,474622,2913,2912,1648,976,1,0.011785222
Warm C,465560,2872,2871,1648,976,1,0.015404367
Warm C,462333,2853,2852,1648,976,0,0.0036129672
Warm C,458859,2825,2824,1648,976,1,0.011539968
Warm C,564209,3471,3470,1648,976,0,0.0054602306
Warm C,424190,2572,2571,1648,976,0,0.008109769
Warm C,416411,2507,2506,1648,976,1,0.015275209
Warm C,400285,2383,2382,1648,976,0,0.016394889
Warm C,379145,2215,2214,1648,976,1,0.00917912
Warm C,364604,2124,2123,1648,976,1,0.015324637
Warm C,345051,2024,2023,1648,976,0,0.0054142075
Warm C,274305,1658,1657,1648,976,1,0.01836378
Warm C,270763,1639,1638,1648,976,1,0.00022532837
Warm C,267495,1626,1625,1648,976,1,0.01309951
Warm C,246816,1491,1490,1648,976,0,0.013691463
Warm C,223351,1354,1353,1648,976,1,-0.0014888232
Warm C,212786,1297,1296,1648,976,1,0.00676197
Warm C,307933,1836,1835,1648,976,1,0.013236392
Warm C,203465,1248,1247,1648,976,1,-0.00202041
Warm C,278758,1680,1679,1648,976,1,0.010453831
Warm C,214692,1303,1302,1648,976,0,0.011063018
Warm C,294184,1749,1748,1648,976,0,0.012403037
Warm C,184973,1150,1149,1648,976,1,0.019337667
Warm C,307244,1835,1834,1648,976,1,0.009898437
Warm C,173533,1100,1099,1648,976,1,0.0036913413
Warm C,183886,1146,1145,1648,976,0,0.009639734
Warm C,168263,1069,1068,1648,976,0,0.0014416026
Warm C,166334,1059,1058,1648,976,0,0.014616029
Warm C,157864,1015,1014,1648,976,1,0.013125203
Warm C,153624,987,986,1648,976,1,0.0035896227
Warm C,413649,2489,2488,1648,976,0,-0.0001606514
Warm C,145251,935,934,1648,976,0,0.013522408
Warm C,311883,1860,1859,1648,976,0,0.0138014695
Warm C,137893,889,888,1648,976,0,0.012712376
Warm C,131023,850,849,1648,976,0,0.012990045
Warm C,263061,1605,1604,1648,976,0,0.0149152
Warm C,114733,746,745,1648,976,0,0.0122786
Warm C,111267,724,723,1648,976,0,0.003349612
Warm C,110627,721,720,1648,976,0,0.0058686845
Warm C,112314,731,730,1648,976,1,0.0063113435
Warm C,779031,4653,4652,1648,976,1,0.014133367
Warm C,107033,703,702,1648,976,1,0.008176841
Warm C,103321,687,686,1648,976,1,0.005435557
Warm C,113215,735,734,1648,976,1,0.01563074
Warm C,239758,1449,1448,1648,976,1,0.0131915165
Warm C,97725,655,654,1648,976,0,0.008650105
Warm C,107739,710,709,1648,976,1,0.0136904465
Warm C,697130,4169,4168,1648,976,0,0.017770864
Warm C,283937,1698,1697,1648,976,1,0.017336328
Warm C,320711,1902,1901,1648,976,1,0.013391631
Warm C,88728,587,586,1648,976,1,0.008051746
Warm C,87407,571,570,1648,976,0,-0.003025179
Warm C,82199,546,545,1648,976,1,0.015766747
Warm C,77252,524,523,1648,976,1,0.022429114
Warm C,81508,543,542,1648,976,0,0.012172537
Warm C,70084,474,473,1648,976,0,0.0045879763
Warm C,64065,428,427,1648,976,0,-0.0017916458
Warm C,74636,509,508,1648,976,1,0.013034346
Warm C,57133,386,385,1648,976,1,-0.003549539
Warm C,132304,855,854,1648,976,1,0.013568896
Warm C,33120,224,223,1648,976,0,0.0075262235
Warm C,27537,193,192,1648,976,1,0.0069333343
Warm C,238659,1448,1447,1648,976,1,0.01529376
Warm C,276089,1671,1670,1648,976,1,0.012598535
Warm C,7627,53,52,1648,976,1,0.006983992
Warm C,104166,692,691,1648,976,1,0.017508183
Warm C,65947,442,441,1648,976,1,0.008073065
Warm C,330655,1952,1951,1648,976,0,0.016678447
Warm C,206695,1266,1265,1648,976,1,0.0062741665
Warm C,79177,531,530,1648,976,0,0.016687265
Warm C,286591,1712,1711,1648,976,0,0.0028849286
Warm C,983100,5938,5937,1648,976,0,0.007407277
Warm C,181885,1137,1136,1648,976,1,0.01042391
Warm C,860275,5172,5171,1648,976,1,0.004095131
Warm C,570947,3503,3502,1648,976,1,0.019246599
Warm C,290005,1733,1732,1648,976,0,0.0101964995
Warm C,252416,1530,1529,1648,976,0,0.014749855
Warm C,873850,5276,5275,1648,976,0,0.011872096
Warm C,20704,151,150,1648,976,0,0.010980533
Warm C,360534,2106,2105,1648,976,1,0.0049521187
Warm C,921110,5565,5564,1648,976,0,0.010418338
Warm C,351477,2063,2062,1648,976,1,0.015296289
Warm C,499192,3067,3066,1648,976,1,0.012908034
Warm C,129226,839,838,1648,976,0,0.019284192
Warm C,476249,2926,2925,1648,976,1,0.01614612
Warm C,171351,1088,1087,1648,976,1,0.0061050523
Warm C,206261,1265,1264,1648,976,1,-0.0038760959
Warm C,115929,752,751,1648,976,1,0.013303781
Warm C,464048,2860,2859,1648,976,0,0.009860998
Warm C,62640,424,423,1648,976,1,0.010093556
Warm C,193482,1194,1193,1648,976,1,0.017320931
Warm C,480417,2947,2946,1648,976,1,0.01354131
Warm C,58705,398,397,1648,976,1,0.010672547
Warm C,579064,3539,3538,1649,977,1,0.0036110603
Warm C,570194,3499,3498,1649,977,1,0.0029154746
Warm C,593470,3618,3617,1649,977,0,0.004768203
Warm C,557581,3425,3424,1649,977,1,0.008476365
Warm C,616057,3729,3728,1649,977,0,0.008392375
Warm C,548669,3387,3386,1649,977,1,0.005753837
Warm C,549827,3391,3390,1649,977,1,0.0065576253
Warm C,645124,3885,3884,1649,977,0,0.008652962
Warm C,546707,3371,3370,1649,977,0,0.0094361445
Warm C,526670,3259,3258,1649,977,1,0.011460475
Warm C,524600,3237,3236,1649,977,1,-0.0022277704
Warm C,513900,3171,3170,1649,977,1,-0.0061830576
Warm C,510431,3145,3144,1649,977,1,0.0023702118
Warm C,510090,3142,3141,1649,977,1,0.011844606
Warm C,501164,3080,3079,1649,977,0,0.0030381344
Warm C,916869,5539,5538,1649,977,1,0.00038338942
Warm C,546001,3367,3366,1649,977,0,0.0025291415
Warm C,483390,2971,2970,1649,977,1,-0.0015742814
Warm C,482594,2967,2966,1649,977,0,0.0016084546
Warm C,478548,2936,2935,1649,977,1,0.004568339
Warm C,476685,2928,2927,1649,977,1,0.008471891
Warm C,475069,2916,2915,1649,977,1,0.009619296
Warm C,475403,2918,2917,1649,977,0,0.0019159908
Warm C,464604,2863,2862,1649,977,1,0.0077412087
Warm C,460571,2841,2840,1649,977,1,0.004552442
Warm C,456682,2811,2810,1649,977,0,0.0009481988
Warm C,455252,2803,2802,1649,977,1,0.014960503
Warm C,451702,2781,2780,1649,977,1,0.003926844
Warm C,443317,2733,2732,1649,977,1,0.009641607
Warm C,442359,2724,2723,1649,977,1,0.010262776
Warm C,443568,2736,2735,1649,977,1,0.0047282414
Warm C,437716,2674,2673,1649,977,1,0.012867958
Warm C,430940,2627,2626,1649,977,0,0.0067827976
Warm C,390645,2293,2292,1649,977,1,0.008550277
Warm C,379687,2221,2220,1649,977,1,0.00862767
Warm C,340132,2008,2007,1649,977,0,0.0066554146
Warm C,343995,2020,2019,1649,977,0,0.01162822
Warm C,334473,1974,1973,1649,977,1,0.005862034
Warm C,323092,1916,1915,1649,977,0,0.0067425417
Warm C,300966,1786,1785,1649,977,1,0.00153011
Warm C,295198,1753,1752,1649,977,1,0.0042828755
Warm C,283938,1698,1697,1649,977,0,0.003363292
Warm C,278759,1680,1679,1649,977,1,0.0065295435
Warm C,274306,1658,1657,1649,977,1,0.016288675
Warm C,258323,1584,1583,1649,977,0,0.0020668912
Warm C,252033,1525,1524,1649,977,1,0.007991378
Warm C,251321,1517,1516,1649,977,0,0.0040786103
Warm C,252417,1530,1529,1649,977,1,0.00018305983
Warm C,225407,1364,1363,1649,977,1,0.011524992
Warm C,220288,1335,1334,1649,977,1,0.0077175545
Warm C,255021,1552,1551,1649,977,1,0.005212971
Warm C,210657,1285,1284,1649,977,0,0.004961894
Warm C,208641,1274,1273,1649,977,1,0.00475148
Warm C,307934,1836,1835,1649,977,1,0.0051728226
Warm C,205635,1264,1263,1649,977,1,0.011782469
Warm C,239759,1449,1448,1649,977,0,0.0120351855
Warm C,203466,1248,1247,1649,977,0,-0.0017928092
Warm C,201394,1242,1241,1649,977,1,0.00012908597
Warm C,199994,1228,1227,1649,977,0,-0.0023602855
Warm C,245264,1481,1480,1649,977,1,1.6239006e-05
Warm C,199308,1224,1223,1649,977,1,0.009091744
Warm C,293104,1746,1745,1649,977,1,0.0019357093
Warm C,214693,1303,1302,1649,977,1,0.007379817
Warm C,184290,1147,1146,1649,977,1,-0.0013798206
Warm C,180977,1131,1130,1649,977,1,0.0065659154
Warm C,190528,1181,1180,1649,977,1,0.017219925
Warm C,165031,1052,1051,1649,977,1,0.008501049
Warm C,166335,1059,1058,1649,977,0,0.01274761
Warm C,169512,1077,1076,1649,977,0,0.00998914
Warm C,212787,1297,1296,1649,977,1,0.011038222
Warm C,147709,952,951,1649,977,1,-0.005756709
Warm C,267854,1628,1627,1649,977,1,0.010933831
Warm C,184974,1150,1149,1649,977,1,0.0010926827
Warm C,143260,924,923,1649,977,1,0.0058859056
Warm C,148211,955,954,1649,977,0,0.007362237
Warm C,245706,1484,1483,1649,977,0,0.006234497
Warm C,130289,844,843,1649,977,1,0.009775973
Warm C,129227,839,838,1649,977,1,0.0045370627
Warm C,127938,826,825,1649,977,0,-0.001793494
Warm C,134975,873,872,1649,977,1,0.0024094314
Warm C,127653,824,823,1649,977,0,0.007102595
Warm C,111268,724,723,1649,977,1,6.819586e-05
Warm C,392839,2307,2306,1649,977,1,0.009058404
Warm C,223352,1354,1353,1649,977,1,0.009219753
Warm C,97726,655,654,1649,977,0,-0.00069220224
Warm C,89736,591,590,1649,977,1,0.0105022285
Warm C,89538,590,589,1649,977,1,0.003632267
Warm C,88491,585,584,1649,977,1,0.014549976
Warm C,64066,428,427,1649,977,1,-0.0006188585
Warm C,59915,408,407,1649,977,1,0.0036160639
Warm C,589587,3596,3595,1649,977,0,0.0036873068
Warm C,44389,302,301,1649,977,0,0.0062814066
Warm C,42958,294,293,1649,977,0,0.0008073929
Warm C,42740,293,292,1649,977,1,-0.003986546
Warm C,41437,281,280,1649,977,0,0.009719435
Warm C,42076,285,284,1649,977,0,0.0059815617
Warm C,98625,660,659,1649,977,0,0.008977799
Warm C,34676,235,234,1649,977,1,0.0027690725
Warm C,31021,208,207,1649,977,1,0.00822092
Warm C,88729,587,586,1649,977,1,0.008554816
Warm C,24039,171,170,1649,977,1,0.0039875116
Warm C,26351,187,186,1649,977,1,0.0023861076
Warm C,947708,5722,5721,1649,977,1,0.002811592
Warm C,23058,166,165,1649,977,0,0.00900353
Warm C,152413,981,980,1649,977,1,0.009253394
Warm C,16634,131,130,1649,977,1,0.0053724605
Warm C,11371,87,86,1649,977,0,0.007959794
Warm C,234783,1425,1424,1649,977,1,0.012289482
Warm C,363,5,4,1649,977,1,0.0020208824
Warm C,206696,1266,1265,1649,977,0,0.007853908
Warm C,24299,173,172,1649,977,1,0.0050433776
Warm C,522280,3224,3223,1649,977,0,0.012112727
Warm C,157865,1015,1014,1649,977,1,0.010416336
Warm C,159876,1019,1018,1649,977,1,0.0088645285
Warm C,933788,5636,5635,1649,977,1,0.016692432
Warm C,241808,1457,1456,1649,977,1,-0.003399055
Warm C,249784,1505,1504,1649,977,1,0.016199417
Warm C,750602,4478,4477,1649,977,0,0.010695074
Warm C,497114,3054,3053,1649,977,0,0.0025468902
Warm C,556504,3420,3419,1649,977,0,0.0036926116
Warm C,309501,1842,1841,1649,977,1,0.009932765
Warm C,565429,3475,3474,1649,977,0,0.0032311683
Warm C,370907,2168,2167,1649,977,1,0.007828647
Warm C,216850,1317,1316,1649,977,1,0.006673778
Warm C,825720,4958,4957,1649,977,1,0.012998049
Warm C,839641,5046,5045,1649,977,1,0.0053852554
Warm C,372597,2176,2175,1649,977,1,0.007460274
Warm C,329164,1943,1942,1649,977,1,0.007933352
Warm C,937352,5654,5653,1649,977,1,0.006162825
Warm C,124183,800,799,1654,979,0,0.013823174
Warm C,112322,731,730,1654,979,1,0.008056542
Warm C,216376,1314,1313,1654,979,0,0.0034108069
Warm C,107146,705,704,1654,979,0,0.0021165218
Warm C,94459,634,633,1654,979,1,0.0148355365
Warm C,93743,629,628,1654,979,0,0.010985043
Warm C,92205,614,613,1654,979,1,0.007785506
Warm C,183097,1141,1140,1654,979,0,0.013072813
Warm C,65217,438,437,1654,979,1,0.007820483
Warm C,38494,262,261,1654,979,1,-0.0034333686
Warm C,27107,192,191,1654,979,1,0.0067564156
Warm C,17473,136,135,1654,979,0,0.013488303
Warm C,11171,83,82,1654,979,0,0.0054851323
Warm C,10489,75,74,1654,979,1,0.007579492
Warm C,2199,18,17,1654,979,1,0.0027590941
Warm C,177957,1120,1119,1654,979,1,0.016879683
Warm C,807727,4834,4833,1654,979,0,0.0058917934
Warm C,1139,10,9,1654,979,1,0.00366881
Warm C,73797,500,499,1654,979,1,0.014228087
Warm C,922668,5571,5570,1654,979,1,0.014636754
Warm C,932656,5630,5629,1654,979,1,0.009880381
Warm C,144789,934,933,1654,979,0,0.008002017
Warm C,829990,4983,4982,1654,979,1,0.0076697734
Warm C,115940,752,751,1654,979,0,0.013449488
Warm C,62654,424,423,1654,979,1,0.012314496
Warm C,832001,5001,5000,1654,979,1,0.007600558
Warm C,439786,2688,2687,1654,979,0,0.008873332
Warm C,125484,808,807,1655,980,0,0.0123290755
Warm C,360547,2106,2105,1655,980,0,0.004365676
Warm C,108647,712,711,1655,980,0,0.005364237
Warm C,77260,524,523,1655,980,0,0.015251527
Warm C,110635,721,720,1655,980,0,0.009752394
Warm C,41167,278,277,1655,980,1,0.0065860143
Warm C,537777,3312,3311,1655,980,0,0.009999075
Warm C,234793,1425,1424,1655,980,0,0.01387782
Warm C,697141,4169,4168,1655,980,0,0.021538176
Warm C,2476,19,18,1655,980,0,-0.0005820247
Warm C,365668,2129,2128,1655,980,0,0.0022607744
Warm C,290012,1733,1732,1655,980,0,0.011422477
Warm C,28063,195,194,1655,980,0,0.011882218
Warm C,171362,1088,1087,1655,980,0,0.0038943186
Warm C,264963,1611,1610,1655,980,0,0.0040820814
Warm C,474325,2910,2909,1655,980,1,0.011218082
Warm C,497575,3055,3054,1655,980,0,0.006132251
Warm C,416422,2507,2506,1658,981,1,-0.0076241484
Warm C,395072,2334,2333,1658,981,1,0.006169894
Warm C,351496,2063,2062,1658,981,1,-0.0018180895
Warm C,375490,2188,2187,1658,981,0,0.0058630053
Warm C,371569,2172,2171,1658,981,0,0.001500137
Warm C,352623,2064,2063,1658,981,0,0.0028228587
Warm C,274308,1658,1657,1658,981,1,0.0057865963
Warm C,245104,1477,1476,1658,981,0,0.0035917012
Warm C,201398,1242,1241,1658,981,1,0.0030198381
Warm C,184986,1150,1149,1658,981,0,0.002223193
Warm C,307256,1835,1834,1658,981,1,0.0017161574
Warm C,145258,935,934,1658,981,0,-0.0055785794
Warm C,156613,1010,1009,1658,981,0,-0.0021395711
Warm C,137910,889,888,1658,981,0,-0.0011433128
Warm C,126489,817,816,1658,981,0,0.000803655
Warm C,223364,1354,1353,1658,981,1,0.0001002443
Warm C,124434,801,800,1658,981,0,-0.009417072
Warm C,105905,699,698,1658,981,0,-0.0027133643
Warm C,176768,1117,1116,1658,981,1,-0.0013782086
Warm C,110636,721,720,1658,981,0,0.003976235
Warm C,631397,3821,3820,1658,981,0,0.0018931443
Warm C,107749,710,709,1658,981,0,0.004052227
Warm C,283945,1698,1697,1658,981,1,-0.00086875516
Warm C,90570,601,600,1658,981,0,0.0051391604
Warm C,99529,664,663,1658,981,0,0.00052100467
Warm C,360548,2106,2105,1658,981,1,0.002678678
Warm C,82836,549,548,1658,981,0,-0.0029208048
Warm C,86512,566,565,1658,981,0,-0.0069238245
Warm C,68159,457,456,1658,981,0,0.0044052303
Warm C,697144,4169,4168,1658,981,0,-0.0001825355
Warm C,290014,1733,1732,1658,981,0,-0.0025758299
Warm C,219068,1329,1328,1658,981,0,-0.009342528
Warm C,7644,53,52,1658,981,1,-0.002131708
Warm C,5701,41,40,1658,981,1,-0.0024761804
Warm C,104172,692,691,1658,981,1,0.0033836656
Warm C,20719,151,150,1658,981,0,0.0026486386
Warm C,157883,1015,1014,1658,981,0,0.0003264508
Warm C,286595,1712,1711,1658,981,0,0.008516887
Warm C,150447,970,969,1658,981,0,-0.009208081
Warm C,844253,5074,5073,1658,981,0,-0.002300404
Warm C,241023,1451,1450,1658,981,0,-0.0042434502
Warm C,785829,4697,4696,1658,981,1,-0.0052792267
Warm C,570954,3503,3502,1658,981,1,-0.0033450518
Warm C,511788,3158,3157,1658,981,1,0.00011386536
Warm C,222553,1347,1346,1658,981,1,0.004335801
Warm C,237685,1447,1446,1658,981,1,0.004316705
Warm C,993683,6001,6000,1658,981,0,-0.0033536705
Warm C,893241,5394,5393,1658,981,0,-0.0057016774
Warm C,62659,424,423,1658,981,0,-0.0017201195
Warm C,304713,1812,1811,1658,981,1,0.0036822478
Warm C,257485,1579,1578,1658,981,0,0.004687994
Warm C,375861,2190,2189,1658,981,1,0.00591931
Warm C,234794,1425,1424,1658,981,0,-0.0052191345
Warm C,295564,1755,1754,1658,981,0,0.0038019167
Warm C,171363,1088,1087,1658,981,0,0.0062741362
Warm C,549843,3391,3390,1658,981,0,-0.0040282854
Warm C,535823,3308,3307,1660,982,0,0.0018524601
Warm C,533102,3292,3291,1660,982,1,0.005915753
Warm C,529505,3272,3271,1660,982,1,0.00876725
Warm C,584603,3569,3568,1660,982,1,0.0045581628
Warm C,831108,4995,4994,1660,982,1,0.0024447981
Warm C,522302,3224,3223,1660,982,0,0.008988749
Warm C,510197,3143,3142,1660,982,0,-0.0016545324
Warm C,687984,4116,4115,1660,982,1,0.006795006
Warm C,508977,3131,3130,1660,982,1,-0.0033512001
Warm C,500196,3072,3071,1660,982,1,0.00288307
Warm C,502829,3087,3086,1660,982,1,0.004115665
Warm C,713704,4277,4276,1660,982,1,0.010465214
Warm C,574631,3518,3517,1660,982,1,0.00854603
Warm C,494954,3036,3035,1660,982,1,0.0049347803
Warm C,477922,2934,2933,1660,982,0,0.008643409
Warm C,567309,3483,3482,1660,982,1,0.004050552
Warm C,469859,2895,2894,1660,982,1,0.002188683
Warm C,463104,2857,2856,1660,982,0,0.007071684
Warm C,458866,2825,2824,1660,982,0,-0.00019974587
Warm C,440927,2700,2699,1660,982,1,0.0056775482
Warm C,431356,2628,2627,1660,982,0,0.0018329998
Warm C,419658,2537,2536,1660,982,0,0.0018991488
Warm C,408050,2453,2452,1660,982,0,0.0039917957
Warm C,398972,2376,2375,1660,982,0,-0.0015838252
Warm C,383116,2238,2237,1660,982,1,0.002990616
Warm C,381249,2230,2229,1660,982,0,0.0025241028
Warm C,377716,2205,2204,1660,982,1,0.007156996
Warm C,372238,2174,2173,1660,982,0,0.0060558477
Warm C,364619,2124,2123,1660,982,1,0.012055331
Warm C,350665,2059,2058,1660,982,1,0.003485064
Warm C,353969,2073,2072,1660,982,1,0.0029314111
Warm C,334951,1976,1975,1660,982,0,0.001084883
Warm C,332971,1963,1962,1660,982,1,0.0025726685
Warm C,335592,1980,1979,1660,982,1,0.010390463
Warm C,333283,1968,1967,1660,982,0,0.006574162
Warm C,309510,1842,1841,1660,982,1,0.0029707185
Warm C,280748,1685,1684,1660,982,0,0.0032567226
Warm C,267507,1626,1625,1660,982,0,-0.0019055852
Warm C,265596,1613,1612,1660,982,1,0.005064665
Warm C,283117,1696,1695,1660,982,0,0.006729336
Warm C,325264,1926,1925,1660,982,1,-0.00048703724
Warm C,319200,1897,1896,1660,982,1,0.0054597813
Warm C,209365,1279,1278,1660,982,0,-0.0040864246
Warm C,272715,1647,1646,1660,982,0,0.00645182
Warm C,203979,1255,1254,1660,982,1,-0.0021518273
Warm C,307941,1836,1835,1660,982,1,0.0109723825
Warm C,210023,1284,1283,1660,982,0,0.0011884959
Warm C,191781,1182,1181,1660,982,0,0.0021649015
Warm C,373887,2181,2180,1660,982,0,0.008719854
Warm C,188074,1167,1166,1660,982,0,0.0019218532
Warm C,184999,1150,1149,1660,982,0,0.002797014
Warm C,201401,1242,1241,1660,982,0,-0.0046845074
Warm C,263084,1605,1604,1660,982,1,0.0056165364
Warm C,166934,1062,1061,1660,982,1,0.004625014
Warm C,327750,1941,1940,1660,982,0,-0.0047763702
Warm C,258328,1584,1583,1660,982,0,0.0014143884
Warm C,156623,1010,1009,1660,982,0,0.0039288206
Warm C,148677,957,956,1660,982,1,0.001505599
Warm C,270782,1639,1638,1660,982,1,-0.0014968519
Warm C,195282,1203,1202,1660,982,0,0.002936109
Warm C,216862,1317,1316,1660,982,1,-2.1415297e-05
Warm C,199317,1224,1223,1660,982,0,0.006529579
Warm C,311890,1860,1859,1660,982,0,0.0004596922
Warm C,136349,881,880,1660,982,0,0.0039920043
Warm C,199999,1228,1227,1660,982,1,0.006609046
Warm C,131778,854,853,1660,982,0,-0.00048402022
Warm C,121461,781,780,1660,982,0,0.004999075
Warm C,234802,1425,1424,1660,982,1,0.0034204496
Warm C,115952,752,751,1660,982,1,0.004957062
Warm C,127237,822,821,1660,982,1,0.009502765
Warm C,111831,728,727,1660,982,0,-0.0073855086
Warm C,107280,706,705,1660,982,0,-0.000298262
Warm C,98637,660,659,1660,982,1,0.007849265
Warm C,94558,635,634,1660,982,1,0.007370656
Warm C,93505,625,624,1660,982,1,0.010191917
Warm C,697151,4169,4168,1660,982,1,0.007015642
Warm C,89972,593,592,1660,982,1,-0.006891937
Warm C,432072,2634,2633,1660,982,0,0.0061808713
Warm C,85527,558,557,1660,982,1,0.0024346597
Warm C,198130,1218,1217,1660,982,1,0.0023069887
Warm C,77269,524,523,1660,982,1,-0.0021575694
Warm C,83952,550,549,1660,982,1,0.0071548587
Warm C,73623,499,498,1660,982,1,-4.2516273e-05
Warm C,71376,480,479,1660,982,1,-0.0006552194
Warm C,60125,409,408,1660,982,0,0.002549842
Warm C,50470,332,331,1660,982,1,0.003585232
Warm C,317550,1889,1888,1660,982,0,0.0057470216
Warm C,37872,259,258,1660,982,1,0.0023753517
Warm C,228075,1383,1382,1660,982,1,-0.0003436266
Warm C,91929,611,610,1660,982,1,0.0053081103
Warm C,26377,187,186,1660,982,1,0.008437984
Warm C,16959,133,132,1660,982,1,-0.0010579188
Warm C,7655,53,52,1660,982,1,-0.001153782
Warm C,3934,28,27,1660,982,1,0.0038387184
Warm C,666,8,7,1660,982,0,-0.0019601947
Warm C,223375,1354,1353,1660,982,1,0.0033203927
Warm C,357305,2092,2091,1660,982,1,0.005059927
Warm C,104176,692,691,1660,982,1,0.002803198
Warm C,206712,1266,1265,1660,982,0,0.003502659
Warm C,79196,531,530,1660,982,0,0.0035406752
Warm C,233951,1422,1421,1660,982,0,0.006239857
Warm C,157900,1015,1014,1660,982,1,0.0029015853
Warm C,609015,3693,3692,1660,982,1,0.0033404613
Warm C,181896,1137,1136,1660,982,0,0.00828335
Warm C,222555,1347,1346,1660,982,0,-0.00595946
Warm C,50086,331,330,1660,982,1,0.0058033536
Warm C,257493,1579,1578,1660,982,0,-5.3126132e-05
Warm C,241027,1451,1450,1660,982,1,0.002972452
Warm C,169889,1079,1078,1660,982,0,-0.0055156313
Warm C,484880,2986,2985,1660,982,1,-0.0022537855
Warm C,246822,1491,1490,1660,982,0,0.00038395426
Warm C,992946,5998,5997,1660,982,0,-0.0016988271
Warm C,947960,5723,5722,1660,982,0,-0.003202713
Warm C,204466,1260,1259,1660,982,1,0.009569813
Warm C,254600,1547,1546,1660,982,1,0.005180237
Warm C,832002,5001,5000,1660,982,0,-1.8949504e-05
Warm C,497126,3054,3053,1660,982,1,-0.004633854
Warm C,171376,1088,1087,1660,982,0,0.006244922
Warm C,261141,1597,1596,1660,982,1,-0.0020508233
Warm C,293637,1748,1747,1661,983,0,0.0038499471
Warm C,264817,1610,1609,1661,983,0,0.00015109463
Warm C,391993,2304,2303,1661,983,1,0.0064510913
Warm C,250327,1509,1508,1661,983,1,0.000584358
Warm C,210024,1284,1283,1661,983,1,0.011789961
Warm C,278798,1680,1679,1661,983,0,0.010738278
Warm C,183900,1146,1145,1661,983,0,0.015127863
Warm C,190561,1181,1180,1661,983,0,0.01020197
Warm C,263085,1605,1604,1661,983,0,0.007449603
Warm C,105909,699,698,1661,983,0,-0.0007272465
Warm C,176776,1117,1116,1661,983,0,0.006165963
Warm C,110645,721,720,1661,983,0,-0.006745401
Warm C,940150,5675,5674,1661,983,0,-0.00055824406
Warm C,72899,493,492,1661,983,1,0.011053718
Warm C,67352,453,452,1661,983,0,-0.0067166304
Warm C,55575,368,367,1661,983,1,0.0016876321
Warm C,40343,272,271,1661,983,1,0.0068455255
Warm C,13535,107,106,1661,983,0,0.006315636
Warm C,15548,123,122,1661,983,1,0.001375701
Warm C,50088,331,330,1661,983,0,0.00438384
Warm C,150454,970,969,1661,983,0,0.0030275239
Warm C,571933,3507,3506,1661,983,0,0.011857074
Warm C,198363,1219,1218,1661,983,0,0.014633878
Warm C,317552,1889,1888,1661,983,0,0.021187939
Warm C,599092,3648,3647,1661,983,0,0.005973911
Warm C,179468,1125,1124,1661,983,0,0.00031221157
Warm C,327752,1941,1940,1661,983,0,0.0026622922
Warm C,331390,1958,1957,1661,983,0,0.0072945147
Warm C,424466,2575,2574,1667,985,1,0.009258052
Warm C,391999,2304,2303,1667,985,0,0.007974341
Warm C,389897,2288,2287,1667,985,0,0.011495273
Warm C,386792,2262,2261,1667,985,1,0.0065010176
Warm C,381250,2230,2229,1667,985,1,0.007486608
Warm C,362798,2116,2115,1667,985,1,0.0064650048
Warm C,351518,2063,2062,1667,985,0,0.007782175
Warm C,311649,1857,1856,1667,985,0,-0.00082657393
Warm C,321626,1908,1907,1667,985,0,0.007202925
Warm C,281775,1690,1689,1667,985,0,0.010021318
Warm C,288794,1726,1725,1667,985,0,0.004200142
Warm C,278808,1680,1679,1667,985,0,0.014447482
Warm C,264534,1609,1608,1667,985,0,0.014922838
Warm C,243490,1468,1467,1667,985,0,-0.002067105
Warm C,243183,1466,1465,1667,985,0,0.005735029
Warm C,232108,1408,1407,1667,985,0,0.014175987
Warm C,270785,1639,1638,1667,985,0,0.007811367
Warm C,213854,1299,1298,1667,985,0,0.0060221488
Warm C,360565,2106,2105,1667,985,0,0.0075610494
Warm C,193133,1193,1192,1667,985,0,0.00972373
Warm C,187376,1163,1162,1667,985,0,-0.004789582
Warm C,331395,1958,1957,1667,985,0,0.01505639
Warm C,168283,1069,1068,1667,985,0,0.0026493901
Warm C,165157,1053,1052,1667,985,0,0.003246109
Warm C,344391,2021,2020,1667,985,0,0.007385288
Warm C,154762,999,998,1667,985,0,0.0047261375
Warm C,249177,1502,1501,1667,985,1,0.0017095073
Warm C,325757,1928,1927,1667,985,0,0.008706463
Warm C,156630,1010,1009,1667,985,0,0.01291287
Warm C,136353,881,880,1667,985,0,-1.1750846e-05
Warm C,133717,865,864,1667,985,1,0.003805371
Warm C,202362,1244,1243,1667,985,0,0.007866874
Warm C,779041,4653,4652,1667,985,0,0.012448214
Warm C,107762,710,709,1667,985,0,0.013865047
Warm C,121697,783,782,1667,985,0,-0.003962293
Warm C,332532,1962,1961,1667,985,0,0.01206915
Warm C,238691,1448,1447,1667,985,0,0.010274077
Warm C,70095,474,473,1667,985,0,0.0017267806
Warm C,47419,319,318,1667,985,0,0.012441707
Warm C,110650,721,720,1667,985,0,0.010260275
Warm C,697160,4169,4168,1667,985,0,0.01426811
Warm C,145263,935,934,1667,985,0,0.012702946
Warm C,626577,3792,3791,1667,985,1,0.014723751
Warm C,31206,210,209,1667,985,1,0.007849616
Warm C,18980,147,146,1667,985,0,-0.00063505955
Warm C,457738,2820,2819,1667,985,0,0.011496846
Warm C,354755,2077,2076,1667,985,0,0.006889923
Warm C,237701,1447,1446,1667,985,1,0.007900274
Warm C,571940,3507,3506,1667,985,0,0.014235064
Warm C,304723,1812,1811,1667,985,1,0.013210174
Warm C,599097,3648,3647,1667,985,0,0.002245719
Warm C,257497,1579,1578,1667,985,0,0.010112677
Warm C,718828,4305,4304,1667,985,1,0.0020443487
Warm C,157923,1015,1014,1670,986,0,0.0051854956
Warm C,246226,1489,1488,1670,986,0,0.0025253948
Warm C,137946,889,888,1670,986,0,0.011030467
Warm C,136368,881,880,1670,986,0,0.0117471805
Warm C,115976,752,751,1670,986,1,0.007378663
Warm C,779045,4653,4652,1670,986,0,0.008033704
Warm C,105921,699,698,1670,986,0,0.0023083477
Warm C,697169,4169,4168,1670,986,0,0.013811823
Warm C,77293,524,523,1670,986,0,0.0060446006
Warm C,317568,1889,1888,1670,986,1,0.007617764
Warm C,44982,303,302,1670,986,1,0.0014280071
Warm C,16967,133,132,1670,986,1,0.008087056
Warm C,235505,1426,1425,1670,986,1,0.01069642
Warm C,490191,3017,3016,1670,986,1,0.0055515147
Warm C,254305,1546,1545,1670,986,1,0.0041580154
Warm C,187531,1164,1163,1670,986,0,0.0048933756
Warm C,497133,3054,3053,1670,986,1,0.0013064155
Warm C,570966,3503,3502,1670,986,1,0.004992995
Warm C,795586,4765,4764,1670,986,1,0.0109551195
Warm C,362272,2111,2110,1670,986,1,-0.0027219118
Warm C,778162,4647,4646,1670,986,1,0.011470912
Warm C,223030,1352,1351,1670,986,0,0.0071403347
Warm C,460228,2840,2839,1681,993,0,0.012179313
Warm C,492583,3029,3028,1681,993,0,0.010783074
Warm C,435758,2664,2663,1681,993,0,0.012484188
Warm C,417082,2508,2507,1681,993,0,0.0070093726
Warm C,408079,2453,2452,1681,993,0,0.022219382
Warm C,406904,2445,2444,1681,993,0,0.009451758
Warm C,383618,2242,2241,1681,993,0,0.010700832
Warm C,376329,2195,2194,1681,993,1,0.013112197
Warm C,375042,2186,2185,1681,993,1,0.0040454837
Warm C,369628,2163,2162,1681,993,0,0.0065071173
Warm C,368744,2156,2155,1681,993,0,0.024421964
Warm C,349802,2054,2053,1681,993,0,0.021860637
Warm C,361483,2109,2108,1681,993,0,0.017015647
Warm C,351559,2063,2062,1681,993,0,0.010162804
Warm C,340506,2010,2009,1681,993,0,0.0144562265
Warm C,341470,2012,2011,1681,993,0,0.017897025
Warm C,336925,1983,1982,1681,993,0,0.018154716
Warm C,298652,1773,1772,1681,993,0,0.00334749
Warm C,297372,1764,1763,1681,993,0,0.013718597
Warm C,288809,1726,1725,1681,993,0,0.01410612
Warm C,265625,1613,1612,1681,993,0,0.016436055
Warm C,247574,1496,1495,1681,993,0,0.009039484
Warm C,342295,2015,2014,1681,993,1,0.021338366
Warm C,236197,1433,1432,1681,993,0,0.0101141855
Warm C,228690,1384,1383,1681,993,0,0.013696974
Warm C,337414,1984,1983,1681,993,0,-0.0022558956
Warm C,233007,1418,1417,1681,993,0,0.014009619
Warm C,227024,1377,1376,1681,993,0,0.0057926374
Warm C,224072,1356,1355,1681,993,0,0.0059361393
Warm C,278857,1680,1679,1681,993,0,0.005445799
Warm C,277502,1676,1675,1681,993,0,0.008645903
Warm C,190622,1181,1180,1681,993,0,0.029629968
Warm C,186332,1152,1151,1681,993,0,0.016332569
Warm C,248710,1501,1500,1681,993,0,0.01569838
Warm C,175398,1112,1111,1681,993,0,0.01734269
Warm C,229200,1389,1388,1681,993,0,0.002468221
Warm C,227562,1380,1379,1681,993,1,0.014328004
Warm C,154780,999,998,1681,993,0,0.012961373
Warm C,323391,1917,1916,1681,993,0,0.003942316
Warm C,139143,890,889,1681,993,0,0.006265726
Warm C,276836,1675,1674,1681,993,0,0.015241243
Warm C,135500,877,876,1681,993,0,0.020491974
Warm C,121838,785,784,1681,993,1,0.011891341
Warm C,121038,780,779,1681,993,0,0.016402595
Warm C,299503,1778,1777,1681,993,0,0.013287626
Warm C,96358,647,646,1681,993,0,0.00638503
Warm C,329197,1943,1942,1681,993,0,0.0107279355
Warm C,202979,1246,1245,1681,993,0,0.023812473
Warm C,75245,510,509,1681,993,0,0.0065369317
Warm C,70697,476,475,1681,993,0,0.009129942
Warm C,74672,509,508,1681,993,0,0.009648925
Warm C,53715,352,351,1681,993,0,0.008342846
Warm C,51147,337,336,1681,993,0,0.01849856
Warm C,44473,302,301,1681,993,0,0.013239302
Warm C,41783,284,283,1681,993,0,0.009472549
Warm C,38027,260,259,1681,993,0,-0.0014384858
Warm C,537797,3312,3311,1681,993,0,0.011828489
Warm C,626598,3792,3791,1681,993,0,0.0068115117
Warm C,291233,1737,1736,1681,993,0,0.0067019495
Warm C,234827,1425,1424,1681,993,0,0.011262471
Warm C,22495,163,162,1681,993,0,0.016040381
Warm C,14481,117,116,1681,993,0,0.010058726
Warm C,12302,93,92,1681,993,0,0.0104625225
Warm C,362418,2114,2113,1681,993,0,0.010413476
Warm C,54474,355,354,1681,993,0,0.010640617
Warm C,49390,329,328,1681,993,0,0.014771396
Warm C,790697,4728,4727,1681,993,0,0.020157062
Warm C,102068,678,677,1681,993,0,0.018879162
Warm C,633057,3824,3823,1681,993,0,0.01798714
Warm C,39984,271,270,1681,993,0,0.007985843
Warm C,599119,3648,3647,1681,993,0,0.00550483
Warm C,272750,1647,1646,1681,993,0,0.014273046
Warm C,331423,1958,1957,1681,993,0,0.018267155
Warm C,461436,2847,2846,1681,993,0,0.014501835
Warm C,392024,2304,2303,1686,996,0,0.0042591966
Warm C,387689,2266,2265,1686,996,1,-0.00033069824
Warm C,382783,2237,2236,1686,996,1,0.0005104954
Warm C,373155,2179,2178,1686,996,0,0.0040201265
Warm C,362827,2116,2115,1686,996,1,0.0056413254
Warm C,358421,2098,2097,1686,996,0,0.0015863313
Warm C,340509,2010,2009,1686,996,0,0.010305355
Warm C,295978,1757,1756,1686,996,1,-0.0019729508
Warm C,302058,1794,1793,1686,996,0,-0.0028488082
Warm C,299507,1778,1777,1686,996,1,0.000493814
Warm C,213348,1298,1297,1686,996,1,-0.00052028825
Warm C,210047,1284,1283,1686,996,0,0.0043965764
Warm C,327796,1941,1940,1686,996,1,0.0075518666
Warm C,321632,1908,1907,1686,996,1,0.003744754
Warm C,307297,1835,1834,1686,996,0,0.0076897405
Warm C,196382,1207,1206,1686,996,0,0.009127953
Warm C,275446,1667,1666,1686,996,1,0.0076617086
Warm C,360594,2106,2105,1686,996,0,0.004524243
Warm C,117412,757,756,1686,996,1,-0.00018351572
Warm C,116006,752,751,1686,996,0,0.007802427
Warm C,179490,1125,1124,1686,996,0,0.006866348
Warm C,109217,714,713,1686,996,1,-0.001052076
Warm C,110670,721,720,1686,996,0,0.004702076
Warm C,480034,2946,2945,1686,996,0,-0.0015194524
Warm C,887105,5359,5358,1686,996,1,0.003703055
Warm C,82894,549,548,1686,996,1,0.0028565994
Warm C,204483,1260,1259,1686,996,0,0.0063864314
Warm C,59128,402,401,1686,996,0,0.0017182671
Warm C,239834,1449,1448,1686,996,0,-0.0031809907
Warm C,53718,352,351,1686,996,0,0.0017517179
Warm C,47450,319,318,1686,996,0,2.0359992e-05
Warm C,638980,3842,3841,1686,996,1,0.0056311097
Warm C,42774,293,292,1686,996,0,0.0051285992
Warm C,98664,660,659,1686,996,0,0.0054094666
Warm C,33475,225,224,1686,996,0,0.01404571
Warm C,7693,53,52,1686,996,1,-0.0013274808
Warm C,219092,1329,1328,1686,996,0,0.0037653174
Warm C,254314,1546,1545,1686,996,1,0.0059372163
Warm C,626601,3792,3791,1686,996,1,-0.0024096093
Warm C,150479,970,969,1686,996,0,-0.004958229
Warm C,65240,438,437,1686,996,0,0.0049064886
Warm C,567335,3483,3482,1686,996,1,-0.0014205794
Warm C,169895,1079,1078,1686,996,0,-0.0026056438
Warm C,476276,2926,2925,1686,996,0,0.005299553
Warm C,331427,1958,1957,1686,996,0,0.00039238692
Warm C,688323,4117,4116,1686,996,1,0.00024428603
Warm C,272752,1647,1646,1686,996,1,-0.0025558108
Warm C,171408,1088,1087,1686,996,0,0.001361035
Warm C,62131,419,418,1686,996,0,-0.00032979785
Warm C,570979,3503,3502,1699,1003,1,0.024382772
Warm C,502680,3086,3085,1699,1003,0,0.008855077
Warm C,799417,4790,4789,1699,1003,1,0.0185941
Warm C,491167,3020,3019,1699,1003,1,0.0060176025
Warm C,496854,3053,3052,1699,1003,0,0.015880138
Warm C,497147,3054,3053,1699,1003,1,0.0064137364
Warm C,482620,2967,2966,1699,1003,0,0.016201708
Warm C,477106,2929,2928,1699,1003,1,0.0030699233
Warm C,852840,5113,5112,1699,1003,0,0.013750554
Warm C,466705,2878,2877,1699,1003,1,0.011343751
Warm C,443750,2737,2736,1699,1003,0,0.018955043
Warm C,430971,2627,2626,1699,1003,1,0.021258287
Warm C,429079,2611,2610,1699,1003,0,0.018943893
Warm C,420877,2544,2543,1699,1003,1,0.010002769
Warm C,409138,2456,2455,1699,1003,0,0.019398559
Warm C,386569,2261,2260,1699,1003,0,0.011251178
Warm C,384449,2246,2245,1699,1003,0,0.012417156
Warm C,381958,2232,2231,1699,1003,0,0.015354911
Warm C,379158,2215,2214,1699,1003,1,0.016274758
Warm C,379697,2221,2220,1699,1003,1,0.015369205
Warm C,364656,2124,2123,1699,1003,1,0.008368509
Warm C,359976,2105,2104,1699,1003,0,0.0199054
Warm C,348904,2047,2046,1699,1003,1,0.018151984
Warm C,337419,1984,1983,1699,1003,1,5.4154545e-05
Warm C,334164,1970,1969,1699,1003,0,-0.003037839
Warm C,329962,1947,1946,1699,1003,0,0.008840771
Warm C,326380,1932,1931,1699,1003,0,0.016444718
Warm C,292200,1741,1740,1699,1003,1,0.010442847
Warm C,267522,1626,1625,1699,1003,1,0.009760283
Warm C,255042,1552,1551,1699,1003,1,0.020445146
Warm C,251526,1521,1520,1699,1003,1,0.0074947886
Warm C,233357,1420,1419,1699,1003,1,0.013495607
Warm C,226662,1374,1373,1699,1003,0,0.009168397
Warm C,284002,1698,1697,1699,1003,1,0.025810014
Warm C,210740,1285,1284,1699,1003,0,0.01834226
Warm C,200502,1231,1230,1699,1003,0,0.0076736244
Warm C,308488,1837,1836,1699,1003,0,0.018491127
Warm C,278889,1680,1679,1699,1003,0,0.017611913
Warm C,196865,1208,1207,1699,1003,1,0.003285138
Warm C,294214,1749,1748,1699,1003,0,0.022752574
Warm C,226820,1376,1375,1699,1003,1,0.008584837
Warm C,184309,1147,1146,1699,1003,1,0.0076665943
Warm C,185062,1150,1149,1699,1003,1,0.024049176
Warm C,307306,1835,1834,1699,1003,1,0.019924413
Warm C,181421,1134,1133,1699,1003,1,0.009109501
Warm C,181254,1133,1132,1699,1003,0,0.009837443
Warm C,169370,1075,1074,1699,1003,1,0.011818307
Warm C,168327,1069,1068,1699,1003,1,0.0013570063
Warm C,166374,1059,1058,1699,1003,0,0.011452686
Warm C,167501,1067,1066,1699,1003,1,0.004626151
Warm C,270400,1636,1635,1699,1003,0,0.017323576
Warm C,169527,1077,1076,1699,1003,1,0.021333423
Warm C,159929,1019,1018,1699,1003,0,0.018993236
Warm C,150029,966,965,1699,1003,0,0.008708683
Warm C,148692,957,956,1699,1003,1,0.017611641
Warm C,267890,1628,1627,1699,1003,0,0.016499314
Warm C,143834,928,927,1699,1003,0,0.014341329
Warm C,138005,889,888,1699,1003,1,0.023590084
Warm C,136400,881,880,1699,1003,0,0.015637297
Warm C,117892,760,759,1699,1003,1,0.015731528
Warm C,123087,795,794,1699,1003,0,0.014163504
Warm C,107295,706,705,1699,1003,1,0.015752174
Warm C,89552,590,589,1699,1003,1,0.013263615
Warm C,88437,584,583,1699,1003,0,0.0044472152
Warm C,78905,530,529,1699,1003,1,0.0023628613
Warm C,77330,524,523,1699,1003,1,0.025702886
Warm C,74313,507,506,1699,1003,1,0.0051808045
Warm C,47958,321,320,1699,1003,1,0.0013206769
Warm C,41453,281,280,1699,1003,1,0.01648473
Warm C,111413,725,724,1699,1003,1,0.007267715
Warm C,33495,225,224,1699,1003,0,0.017754558
Warm C,199823,1227,1226,1699,1003,1,0.01467925
Warm C,21999,161,160,1699,1003,1,0.0077003473
Warm C,451715,2781,2780,1699,1003,1,0.006282489
Warm C,18306,142,141,1699,1003,0,0.019462703
Warm C,17498,136,135,1699,1003,1,0.018255485
Warm C,9949,69,68,1699,1003,0,0.008841553
Warm C,223417,1354,1353,1699,1003,1,0.013318855
Warm C,4305,33,32,1699,1003,0,0.009725417
Warm C,129285,839,838,1699,1003,1,0.014915756
Warm C,893264,5394,5393,1699,1003,1,0.018849432
Warm C,460601,2841,2840,1699,1003,1,0.011126179
Warm C,157963,1015,1014,1699,1003,1,0.022670416
Warm C,750617,4478,4477,1699,1003,0,0.028954636
Warm C,553822,3410,3409,1699,1003,0,0.017619006
Warm C,304763,1812,1811,1699,1003,0,0.01880322
Warm C,565465,3475,3474,1699,1003,0,0.0038222186
Warm C,24356,173,172,1699,1003,0,0.009546306
Warm C,772886,4607,4606,1699,1003,1,0.022890877
Warm C,176810,1117,1116,1699,1003,0,0.015247832
Warm C,164392,1051,1050,1699,1003,0,0.020946594
Warm C,484917,2986,2985,1699,1003,0,0.019093823
Warm C,212024,1291,1290,1699,1003,1,0.019589484
Warm C,796280,4771,4770,1699,1003,0,0.015983023
Warm C,937366,5654,5653,1699,1003,1,0.022623315
Warm C,60601,411,410,1703,1006,0,0.0038366544
Warm C,331717,1958,1957,1703,1006,0,0.018430095
Warm C,658434,3967,3966,1707,1008,0,0.015235826
Warm C,575430,3519,3518,1707,1008,0,0.023028793
Warm C,554527,3411,3410,1707,1008,0,0.009221375
Warm C,541058,3328,3327,1707,1008,0,0.012352568
Warm C,537269,3311,3310,1707,1008,0,0.012916747
Warm C,536098,3308,3307,1707,1008,0,0.019400088
Warm C,539965,3320,3319,1707,1008,0,0.013496358
Warm C,520082,3208,3207,1707,1008,0,0.01472576
Warm C,514970,3180,3179,1707,1008,0,0.019867256
Warm C,494273,3032,3031,1707,1008,1,0.019599233
Warm C,488713,3007,3006,1707,1008,0,0.011488014
Warm C,487590,2999,2998,1707,1008,1,0.0050877603
Warm C,476105,2923,2922,1707,1008,0,0.014627204
Warm C,472686,2907,2906,1707,1008,0,0.020732697
Warm C,470444,2896,2895,1707,1008,0,0.015469451
Warm C,456512,2810,2809,1707,1008,0,0.013053851
Warm C,448954,2767,2766,1707,1008,0,0.00027840026
Warm C,441705,2712,2711,1707,1008,0,0.008969855
Warm C,453277,2792,2791,1707,1008,0,0.0011099734
Warm C,423479,2566,2565,1707,1008,0,0.004866728
Warm C,420506,2541,2540,1707,1008,1,0.008907653
Warm C,405632,2430,2429,1707,1008,0,-0.002013137
Warm C,399545,2378,2377,1707,1008,0,0.0105904965
Warm C,398540,2371,2370,1707,1008,1,0.004855488
Warm C,393556,2316,2315,1707,1008,0,0.013584952
Warm C,392303,2304,2303,1707,1008,1,0.015851736
Warm C,390062,2288,2287,1707,1008,0,0.01625766
Warm C,370527,2166,2165,1707,1008,0,0.01517643
Warm C,365237,2125,2124,1707,1008,1,-0.0066782595
Warm C,356000,2085,2084,1707,1008,0,0.009051439
Warm C,361738,2109,2108,1707,1008,0,0.0139335375
Warm C,340739,2010,2009,1707,1008,0,0.017481185
Warm C,341667,2012,2011,1707,1008,0,0.019205634
Warm C,343687,2018,2017,1707,1008,0,0.008339036
Warm C,297582,1764,1763,1707,1008,0,0.018893195
Warm C,264662,1609,1608,1707,1008,0,0.018250436
Warm C,360899,2106,2105,1707,1008,0,0.017814845
Warm C,228360,1383,1382,1707,1008,0,0.010437058
Warm C,224226,1356,1355,1707,1008,0,0.012730394
Warm C,227209,1377,1376,1707,1008,0,0.024585495
Warm C,212977,1297,1296,1707,1008,0,0.0097436365
Warm C,213543,1298,1297,1707,1008,0,0.011699408
Warm C,199750,1225,1224,1707,1008,0,0.011486513
Warm C,279481,1680,1679,1707,1008,0,0.018064938
Warm C,248415,1499,1498,1707,1008,1,0.011554385
Warm C,328312,1941,1940,1707,1008,0,0.01025244
Warm C,173727,1100,1099,1707,1008,0,0.019419895
Warm C,227656,1380,1379,1707,1008,0,0.013305113
Warm C,342590,2015,2014,1707,1008,0,0.023667753
Warm C,155942,1004,1003,1707,1008,0,0.016767241
Warm C,165488,1054,1053,1707,1008,1,0.007888336
Warm C,156998,1010,1009,1707,1008,0,0.018443206
Warm C,136692,881,880,1707,1008,0,0.00772226
Warm C,248894,1501,1500,1707,1008,0,0.014897899
Warm C,121202,780,779,1707,1008,0,0.018795535
Warm C,216452,1314,1313,1707,1008,0,0.0035143814
Warm C,106153,699,698,1707,1008,0,0.029096406
Warm C,109344,714,713,1707,1008,0,0.00904615
Warm C,93832,629,628,1707,1008,1,0.014362678
Warm C,83262,549,548,1707,1008,0,0.01857119
Warm C,84297,550,549,1707,1008,0,0.0087495735
Warm C,299691,1778,1777,1707,1008,0,0.018929515
Warm C,73133,494,493,1707,1008,1,0.011893641
Warm C,70832,476,475,1707,1008,0,0.0128793195
Warm C,68776,461,460,1707,1008,0,0.024871396
Warm C,87092,569,568,1707,1008,1,0.0049005803
Warm C,65435,438,437,1707,1008,0,0.013729498
Warm C,58314,393,392,1707,1008,0,0.00348469
Warm C,74929,509,508,1707,1008,0,0.028113328
Warm C,240226,1449,1448,1707,1008,0,0.028865786
Warm C,46416,310,309,1707,1008,0,0.015326414
Warm C,44352,302,301,1707,1008,0,0.0095141055
Warm C,41718,284,283,1707,1008,0,0.0076101767
Warm C,31492,214,213,1707,1008,0,0.014428902
Warm C,291497,1737,1736,1707,1008,0,0.007962918
Warm C,300425,1780,1779,1707,1008,0,0.016905863
Warm C,15012,119,118,1707,1008,1,0.0022403598
Warm C,10481,75,74,1707,1008,1,0.009223323
Warm C,49276,329,328,1707,1008,0,0.021728108
Warm C,9539,63,62,1707,1008,0,0.0026537483
Warm C,19296,148,147,1707,1008,0,0.0061768778
Warm C,552449,3401,3400,1707,1008,0,0.014022878
Warm C,954332,5761,5760,1707,1008,0,0.008595653
Warm C,386115,2258,2257,1707,1008,0,0.009174044
Warm C,363158,2116,2115,1707,1008,1,0.01923269
Warm C,79509,531,530,1707,1008,0,0.017762989
Warm C,489677,3013,3012,1707,1008,0,0.0055504935
Warm C,45852,308,307,1707,1008,0,0.023373157
Warm C,336066,1980,1979,1707,1008,0,0.030838538
Warm C,473793,2909,2908,1707,1008,0,0.01906138
Warm C,178682,1121,1120,1707,1008,0,0.01860876
Warm C,941745,5682,5681,1707,1008,0,0.015368352
Warm C,193742,1194,1193,1707,1008,0,0.012803805
Warm C,178207,1120,1119,1707,1008,0,0.019624991
Warm C,580030,3540,3539,1726,1015,0,0.004719311
Warm C,509863,3140,3139,1726,1015,0,0.0018713595
Warm C,504835,3106,3105,1726,1015,0,-0.00025291624
Warm C,483973,2976,2975,1726,1015,0,0.01761002
Warm C,474752,2913,2912,1726,1015,1,0.0020295512
Warm C,470756,2898,2897,1726,1015,0,0.010659743
Warm C,473847,2909,2908,1726,1015,0,0.0034251045
Warm C,646753,3892,3891,1726,1015,0,0.020349355
Warm C,468533,2887,2886,1726,1015,0,0.0041178036
Warm C,463886,2859,2858,1726,1015,0,0.0031507728
Warm C,456092,2808,2807,1726,1015,0,0.013627771
Warm C,451009,2777,2776,1726,1015,0,-0.00023928564
Warm C,449007,2768,2767,1726,1015,0,0.008429403
Warm C,444738,2743,2742,1726,1015,1,0.013072199
Warm C,443890,2737,2736,1726,1015,0,0.012326462
Warm C,442446,2724,2723,1726,1015,1,0.0049981787
Warm C,430817,2626,2625,1726,1015,1,0.0024015354
Warm C,430129,2621,2620,1726,1015,0,0.01003588
Warm C,409256,2456,2455,1726,1015,0,0.009016066
Warm C,398288,2368,2367,1726,1015,1,0.0027438889
Warm C,392332,2304,2303,1726,1015,1,0.015553336
Warm C,436557,2665,2664,1726,1015,0,0.0061192913
Warm C,381366,2230,2229,1726,1015,0,0.0051743896
Warm C,368436,2153,2152,1726,1015,1,0.00935305
Warm C,368857,2156,2155,1726,1015,0,-0.005181179
Warm C,366224,2131,2130,1726,1015,1,0.0023881714
Warm C,301814,1793,1792,1726,1015,0,0.011325827
Warm C,240805,1450,1449,1726,1015,0,0.005938918
Warm C,325484,1926,1925,1726,1015,1,-0.00059711304
Warm C,219938,1333,1332,1726,1015,0,0.006699752
Warm C,226400,1370,1369,1726,1015,0,0.00095223053
Warm C,279547,1680,1679,1726,1015,0,0.009871112
Warm C,342617,2015,2014,1726,1015,1,0.00011428265
Warm C,168553,1069,1068,1726,1015,0,0.01415067
Warm C,191154,1181,1180,1726,1015,1,0.015635125
Warm C,175641,1112,1111,1726,1015,0,0.0071576047
Warm C,167224,1064,1063,1726,1015,1,0.008302716
Warm C,153161,984,983,1726,1015,0,0.0077989763
Warm C,249292,1502,1501,1726,1015,1,-0.0016588118
Warm C,136716,881,880,1726,1015,0,0.00545072
Warm C,116379,752,751,1726,1015,0,-0.00088778324
Warm C,113051,733,732,1726,1015,0,0.0027614525
Warm C,120496,777,776,1726,1015,0,0.007007462
Warm C,109861,716,715,1726,1015,1,0.0074133594
Warm C,121215,780,779,1726,1015,0,0.012744212
Warm C,108118,710,709,1726,1015,0,0.009189511
Warm C,106177,699,698,1726,1015,1,0.015127385
Warm C,100914,673,672,1726,1015,0,0.014191827
Warm C,200093,1228,1227,1726,1015,0,-0.0006318082
Warm C,177058,1117,1116,1726,1015,0,0.010343451
Warm C,91460,605,604,1726,1015,1,0.004884791
Warm C,81782,543,542,1726,1015,1,0.0023825956
Warm C,239099,1448,1447,1726,1015,1,0.0035326625
Warm C,72172,482,481,1726,1015,0,0.011986168
Warm C,68797,461,460,1726,1015,0,0.008757127
Warm C,67210,452,451,1726,1015,0,0.01333648
Warm C,240266,1449,1448,1726,1015,0,-0.00026064948
Warm C,53629,352,351,1726,1015,1,0.005577792
Warm C,355617,2082,2081,1726,1015,0,-0.009511905
Warm C,37365,255,254,1726,1015,1,0.0014419362
Warm C,36385,245,244,1726,1015,0,0.005032395
Warm C,34106,230,229,1726,1015,1,0.010559123
Warm C,19324,148,147,1726,1015,1,0.003582457
Warm C,796354,4771,4770,1726,1015,1,0.0037401528
Warm C,7636,53,52,1726,1015,0,0.009965962
Warm C,30457,204,203,1726,1015,0,0.006252423
Warm C,104424,692,691,1726,1015,0,0.006459868
Warm C,50066,331,330,1726,1015,0,0.0066938763
Warm C,65450,438,437,1726,1015,1,0.017287541
Warm C,238062,1447,1446,1726,1015,0,0.013115834
Warm C,28056,195,194,1726,1015,1,0.0031675526
Warm C,376426,2195,2194,1726,1015,1,0.015398208
Warm C,195578,1203,1202,1726,1015,0,0.007493864
Warm C,720554,4312,4311,1726,1015,0,0.008262554
Warm C,257780,1579,1578,1726,1015,0,0.006675291
Warm C,178232,1120,1119,1726,1015,0,-0.0031648215
Warm C,62118,419,418,1726,1015,0,-0.0057111653
Warm C,653621,3940,3939,1730,1018,0,0.009924215
Warm C,645872,3887,3886,1730,1018,1,0.0073021543
Warm C,642816,3868,3867,1730,1018,1,0.011748506
Warm C,642204,3862,3861,1730,1018,1,0.013165921
Warm C,632535,3823,3822,1730,1018,1,0.005661545
Warm C,619257,3752,3751,1730,1018,1,-0.0015531359
Warm C,607742,3688,3687,1730,1018,1,0.005069693
Warm C,572299,3507,3506,1730,1018,1,0.019063652
Warm C,644232,3882,3881,1730,1018,1,0.0030283122
Warm C,568774,3490,3489,1730,1018,1,0.009748217
Warm C,804529,4816,4815,1730,1018,1,0.011746617
Warm C,714017,4277,4276,1730,1018,1,0.018108808
Warm C,565018,3473,3472,1730,1018,1,0.0130254375
Warm C,561281,3453,3452,1730,1018,1,0.006190239
Warm C,546893,3371,3370,1730,1018,1,0.015871748
Warm C,545507,3364,3363,1730,1018,0,0.0018720325
Warm C,748932,4471,4470,1730,1018,0,0.006636252
Warm C,532839,3291,3290,1730,1018,0,0.0057914406
Warm C,521159,3216,3215,1730,1018,1,0.0014548833
Warm C,522743,3224,3223,1730,1018,0,0.004915524
Warm C,519554,3205,3204,1730,1018,0,0.010904899
Warm C,509009,3131,3130,1730,1018,1,0.0072753085
Warm C,481306,2957,2956,1730,1018,1,0.018811684
Warm C,478168,2934,2933,1730,1018,0,0.01627907
Warm C,477532,2931,2930,1730,1018,0,0.0050140764
Warm C,697566,4169,4168,1730,1018,1,0.017393943
Warm C,484243,2979,2978,1730,1018,1,0.008978413
Warm C,870563,5256,5255,1730,1018,0,0.012650248
Warm C,468543,2887,2886,1730,1018,1,0.005783066
Warm C,465401,2870,2869,1730,1018,0,0.007904285
Warm C,460771,2841,2840,1730,1018,1,0.011268238
Warm C,421105,2544,2543,1730,1018,0,0.016659174
Warm C,413439,2486,2485,1730,1018,0,0.008549105
Warm C,401906,2398,2397,1730,1018,1,0.0066635935
Warm C,399922,2380,2379,1730,1018,1,0.012066521
Warm C,390735,2293,2292,1730,1018,1,0.014986669
Warm C,386395,2259,2258,1730,1018,1,0.01024836
Warm C,364865,2124,2123,1730,1018,1,0.018417459
Warm C,323226,1916,1915,1730,1018,0,0.009566771
Warm C,309948,1843,1842,1730,1018,0,0.0043771616
Warm C,306718,1829,1828,1730,1018,0,0.0063524824
Warm C,315404,1880,1879,1730,1018,1,0.016010953
Warm C,279575,1680,1679,1730,1018,1,0.014908035
Warm C,274459,1658,1657,1730,1018,0,0.00861915
Warm C,269143,1632,1631,1730,1018,0,0.00952792
Warm C,245839,1484,1483,1730,1018,1,0.0114624165
Warm C,631689,3821,3820,1730,1018,1,5.003414e-05
Warm C,319450,1897,1896,1730,1018,0,0.012427829
Warm C,221471,1340,1339,1730,1018,0,0.0204817
Warm C,209512,1279,1278,1730,1018,1,0.013474802
Warm C,308771,1837,1836,1730,1018,1,0.023405187
Warm C,219950,1333,1332,1730,1018,0,0.011723043
Warm C,177631,1119,1118,1730,1018,1,0.011956925
Warm C,172380,1090,1089,1730,1018,1,0.014529856
Warm C,168563,1069,1068,1730,1018,1,0.0006335187
Warm C,191171,1181,1180,1730,1018,0,0.021541558
Warm C,214974,1303,1302,1730,1018,0,0.03225795
Warm C,162705,1038,1037,1730,1018,1,0.0057765786
Warm C,153173,984,983,1730,1018,1,0.015310319
Warm C,148364,955,954,1730,1018,0,0.0068195863
Warm C,195591,1203,1202,1730,1018,1,0.008422735
Warm C,143914,928,927,1730,1018,0,0.007659577
Warm C,157040,1010,1009,1730,1018,0,0.0045578433
Warm C,138537,889,888,1730,1018,0,0.013977595
Warm C,136730,881,880,1730,1018,0,0.012422602
Warm C,554549,3411,3410,1730,1018,0,0.009674577
Warm C,178245,1120,1119,1730,1018,1,0.0077665374
Warm C,294977,1752,1751,1730,1018,0,0.0063042026
Warm C,284335,1698,1697,1730,1018,1,0.00956164
Warm C,89605,590,589,1730,1018,1,0.009071531
Warm C,239119,1448,1447,1730,1018,1,-0.00012271013
Warm C,84334,550,549,1730,1018,0,0.016989687
Warm C,74957,509,508,1730,1018,1,0.0009425576
Warm C,197391,1211,1210,1730,1018,1,0.019298729
Warm C,71422,480,479,1730,1018,1,0.0019374039
Warm C,67513,453,452,1730,1018,0,0.010691929
Warm C,240286,1449,1448,1730,1018,1,0.0045346115
Warm C,53648,352,351,1730,1018,1,-0.0022959048
Warm C,333940,1969,1968,1730,1018,1,0.006753508
Warm C,43607,300,299,1730,1018,0,0.006833844
Warm C,58000,392,391,1730,1018,1,0.002604132
Warm C,38253,261,260,1730,1018,0,0.012529818
Warm C,35257,238,237,1730,1018,1,0.009692788
Warm C,31997,216,215,1730,1018,1,0.016726049
Warm C,28074,195,194,1730,1018,1,0.017006546
Warm C,734702,4387,4386,1730,1018,1,0.009333203
Warm C,27114,192,191,1730,1018,1,0.002532635
Warm C,148798,957,956,1730,1018,0,0.008912433
Warm C,21972,161,160,1730,1018,1,-0.00078638666
Warm C,9239,62,61,1730,1018,1,0.016315773
Warm C,665,8,7,1730,1018,1,0.004061242
Warm C,399,5,4,1730,1018,1,0.003839695
Warm C,223656,1354,1353,1730,1018,1,0.010277039
Warm C,42751,293,292,1730,1018,1,0.010740418
Warm C,235103,1425,1424,1730,1018,0,0.004486181
Warm C,129549,839,838,1730,1018,1,0.013321359
Warm C,986807,5956,5955,1730,1018,1,0.014434905
Warm C,158408,1015,1014,1730,1018,1,0.013726428
Warm C,326154,1930,1929,1730,1018,1,0.00086830254
Warm C,823562,4950,4949,1730,1018,1,0.004778368
Warm C,110925,721,720,1730,1018,0,0.0133905485
Warm C,750686,4478,4477,1730,1018,1,0.022047486
Warm C,835205,5019,5018,1730,1018,1,0.008955537
Warm C,317819,1889,1888,1730,1018,1,0.006549045
Warm C,541673,3333,3332,1730,1018,0,0.0068606203
Warm C,229350,1389,1388,1730,1018,1,0.0076040165
Warm C,191920,1182,1181,1730,1018,1,0.0068344707
Warm C,117200,755,754,1730,1018,1,0.006225298
Warm C,285398,1701,1700,1730,1018,1,0.017297802
Warm C,657601,3963,3962,1730,1018,1,0.017992312
Warm C,342636,2015,2014,1730,1018,0,0.009196973
Warm C,538041,3312,3311,1730,1018,0,0.020308468
Warm C,187720,1164,1163,1730,1018,1,0.016181467
Warm C,322525,1912,1911,1730,1018,0,0.010085978
Warm C,116398,752,751,1730,1018,1,0.01017384
Warm C,790819,4728,4727,1730,1018,0,0.016188301
Warm C,19342,148,147,1731,1019,1,-0.00507599
Warm C,28076,195,194,1731,1019,0,-0.0028563077
Warm C,63138,424,423,1731,1019,0,0.0009318113
Warm C,718983,4305,4304,1731,1019,0,-0.007458836
Warm C,44975,303,302,1733,1021,0,0.0061315666
Warm C,61250,412,411,1733,1021,1,0.011537238
Warm C,27543,193,192,1733,1021,1,0.0052097957
Warm C,26376,187,186,1733,1021,0,0.007498235
Warm C,34695,235,234,1733,1021,1,0.016174424
Warm C,6420,45,44,1733,1021,0,0.004712247
Warm C,4995,35,34,1733,1021,1,0.005827162
Warm C,405,5,4,1733,1021,0,0.00037904095
Warm C,20726,151,150,1733,1021,0,0.012929944
Warm C,485166,2986,2985,1733,1021,1,0.013059883
Warm C,158410,1015,1014,1733,1021,0,0.009419199
Warm C,76400,518,517,1733,1021,0,0.007625247
Warm C,778304,4647,4646,1733,1021,1,0.0071901204
Warm C,502952,3087,3086,1733,1021,1,0.0029594332
Warm C,102424,678,677,1733,1021,0,0.007331476
Warm C,222617,1347,1346,1733,1021,0,-0.0051935464
Warm C,50085,331,330,1733,1021,0,0.0073961257
Warm C,739578,4418,4417,1733,1021,0,0.008997492
Warm C,305020,1812,1811,1733,1021,1,0.007248978
Warm C,322526,1912,1911,1733,1021,0,0.0027248086
Warm C,263488,1605,1604,1733,1021,0,0.020419506
Warm C,193777,1194,1193,1733,1021,0,0.0047690095
Warm C,184067,1146,1145,1744,1024,0,0.0058602905
Warm C,249303,1502,1501,1744,1024,0,0.013901869
Warm C,145422,935,934,1744,1024,0,-0.007102577
Warm C,106204,699,698,1744,1024,0,0.014440565
Warm C,81798,543,542,1744,1024,1,0.009553688
Warm C,50864,335,334,1744,1024,0,0.012505717
Warm C,626935,3792,3791,1744,1024,0,0.011310969
Warm C,29166,199,198,1744,1024,1,0.0047782506
Warm C,291554,1737,1736,1744,1024,1,-0.00012544048
Warm C,22478,163,162,1744,1024,0,0.011011013
Warm C,27138,192,191,1744,1024,0,0.010994068
Warm C,150687,970,969,1744,1024,0,0.015921962
Warm C,288483,1723,1722,1744,1024,1,0.023234481
Warm C,363224,2116,2115,1744,1024,0,0.0256683
Warm C,145863,937,936,1744,1024,0,0.005659125
Warm C,331777,1958,1957,1744,1024,0,0.016620252
Warm C,714033,4277,4276,1744,1024,0,0.01331812
Warm C,52144,343,342,1750,1027,1,0.0034302599
Warm C,242372,1463,1462,1750,1027,0,0.006420969
Warm C,206416,1265,1264,1750,1027,0,0.0086769
Warm C,578542,3536,3535,1753,1029,0,0.01150304
Warm C,577354,3526,3525,1753,1029,0,0.013737447
Warm C,579554,3539,3538,1753,1029,1,0.018059807
Warm C,572318,3507,3506,1753,1029,0,0.015309801
Warm C,572923,3509,3508,1753,1029,0,0.011118838
Warm C,659213,3971,3970,1753,1029,1,0.008133931
Warm C,561291,3453,3452,1753,1029,0,0.011713993
Warm C,563155,3464,3463,1753,1029,0,0.009880124
Warm C,542345,3336,3335,1753,1029,0,0.013889703
Warm C,538056,3312,3311,1753,1029,0,0.005700539
Warm C,537335,3311,3310,1753,1029,0,0.008543635
Warm C,536552,3309,3308,1753,1029,1,-0.00020280248
Warm C,533973,3295,3294,1753,1029,1,0.0030875835
Warm C,584779,3569,3568,1753,1029,1,0.0050418237
Warm C,531166,3280,3279,1753,1029,0,0.007132726
Warm C,519822,3207,3206,1753,1029,1,0.004613062
Warm C,575465,3519,3518,1753,1029,0,0.015863612
Warm C,517683,3195,3194,1753,1029,1,0.0067590284
Warm C,515607,3182,3181,1753,1029,1,0.01089057
Warm C,515002,3180,3179,1753,1029,0,0.004461442
Warm C,574845,3518,3517,1753,1029,0,0.007710319
Warm C,506223,3114,3113,1753,1029,0,0.0038760991
Warm C,483978,2976,2975,1753,1029,1,0.012701241
Warm C,567613,3483,3482,1753,1029,0,0.008183728
Warm C,468993,2888,2887,1753,1029,1,0.008111294
Warm C,470467,2896,2895,1753,1029,0,0.008080307
Warm C,467992,2885,2884,1753,1029,0,0.0103659155
Warm C,458114,2820,2819,1753,1029,1,0.008693156
Warm C,487138,2996,2995,1753,1029,0,0.008716992
Warm C,477536,2931,2930,1753,1029,1,0.012979545
Warm C,453294,2792,2791,1753,1029,0,0.010576228
Warm C,564583,3471,3470,1753,1029,0,0.013366061
Warm C,436586,2665,2664,1753,1029,0,0.013284868
Warm C,414297,2494,2493,1753,1029,1,-0.00043517328
Warm C,412918,2484,2483,1753,1029,0,0.0044855443
Warm C,401016,2389,2388,1753,1029,1,0.0151170585
Warm C,370540,2166,2165,1753,1029,1,0.011102652
Warm C,382516,2235,2234,1753,1029,1,0.00029906305
Warm C,367973,2148,2147,1753,1029,1,-0.0011620644
Warm C,368868,2156,2155,1753,1029,1,0.006293366
Warm C,352113,2063,2062,1753,1029,1,0.010992243
Warm C,342658,2015,2014,1753,1029,1,-0.0016030723
Warm C,345857,2029,2028,1753,1029,1,0.0063872933
Warm C,340809,2010,2009,1753,1029,1,0.01012733
Warm C,333950,1969,1968,1753,1029,1,0.0059357076
Warm C,309341,1841,1840,1753,1029,0,0.0025511668
Warm C,298723,1774,1773,1753,1029,0,-0.004745911
Warm C,290807,1735,1734,1753,1029,1,0.0039487616
Warm C,297630,1764,1763,1753,1029,1,0.0032212618
Warm C,301339,1790,1789,1753,1029,1,0.004515956
Warm C,310156,1845,1844,1753,1029,0,-0.0009762314
Warm C,274467,1658,1657,1753,1029,1,0.0042123394
Warm C,271518,1641,1640,1753,1029,0,0.0035353284
Warm C,279624,1680,1679,1753,1029,0,0.004303765
Warm C,273758,1650,1649,1753,1029,0,0.014738511
Warm C,268059,1628,1627,1753,1029,0,0.003285283
Warm C,266466,1616,1615,1753,1029,1,0.0098733865
Warm C,251348,1517,1516,1753,1029,0,0.0078053144
Warm C,247811,1496,1495,1753,1029,0,-0.0032282672
Warm C,260696,1593,1592,1753,1029,0,0.013810551
Warm C,243284,1466,1465,1753,1029,1,-0.002498894
Warm C,236453,1434,1433,1753,1029,0,0.0076534906
Warm C,270096,1635,1634,1753,1029,0,0.0073791933
Warm C,296860,1759,1758,1753,1029,1,0.012093935
Warm C,285815,1705,1704,1753,1029,0,-0.0037347642
Warm C,277856,1676,1675,1753,1029,0,0.010654413
Warm C,250461,1509,1508,1753,1029,0,0.012907393
Warm C,205379,1263,1262,1753,1029,1,0.0028036577
Warm C,294400,1749,1748,1753,1029,0,0.005943913
Warm C,186180,1151,1150,1753,1029,1,0.0050664637
Warm C,183603,1142,1141,1753,1029,0,0.0066943686
Warm C,185533,1150,1149,1753,1029,0,0.006614634
Warm C,181473,1134,1133,1753,1029,0,-0.0036269322
Warm C,174259,1101,1100,1753,1029,0,0.0065208087
Warm C,176105,1113,1112,1753,1029,1,0.014882269
Warm C,167969,1068,1067,1753,1029,0,0.0045090965
Warm C,170285,1084,1083,1753,1029,1,0.004552027
Warm C,272298,1645,1644,1753,1029,0,0.002586936
Warm C,230597,1395,1394,1753,1029,1,0.012413376
Warm C,203208,1246,1245,1753,1029,0,0.006982851
Warm C,195608,1203,1202,1753,1029,0,0.011922086
Warm C,136758,881,880,1753,1029,1,0.0061186263
Warm C,407357,2446,2445,1753,1029,1,0.0020891074
Warm C,116884,753,752,1753,1029,0,0.0023408886
Warm C,109376,714,713,1753,1029,0,0.00494539
Warm C,329462,1943,1942,1753,1029,0,0.011343251
Warm C,90727,601,600,1753,1029,0,0.01072509
Warm C,86745,566,565,1753,1029,0,0.005643502
Warm C,291559,1737,1736,1753,1029,0,0.0039093927
Warm C,83348,549,548,1753,1029,1,0.009513683
Warm C,81803,543,542,1753,1029,1,0.0012893898
Warm C,74972,509,508,1753,1029,0,0.010513828
Warm C,80303,533,532,1753,1029,0,0.010937348
Warm C,72203,482,481,1753,1029,0,0.014612305
Warm C,65474,438,437,1753,1029,1,0.010314006
Warm C,251211,1516,1515,1753,1029,0,0.006252678
Warm C,132576,855,854,1753,1029,0,0.011548195
Warm C,44469,302,301,1753,1029,0,0.012562011
Warm C,355625,2082,2081,1753,1029,1,-0.004748556
Warm C,39983,271,270,1753,1029,0,0.004021477
Warm C,40720,273,272,1753,1029,0,-0.004437431
Warm C,33471,225,224,1753,1029,0,0.004704044
Warm C,273119,1647,1646,1753,1029,1,0.005145021
Warm C,27698,194,193,1753,1029,1,0.007424376
Warm C,27151,192,191,1753,1029,0,0.0020038486
Warm C,21017,152,151,1753,1029,1,0.0014951648
Warm C,2251,19,18,1753,1029,0,1.8262188e-05
Warm C,219252,1329,1328,1753,1029,0,0.011112631
Warm C,108156,710,709,1753,1029,0,0.0127409585
Warm C,1200,11,10,1753,1029,1,-0.0022858013
Warm C,106522,701,700,1753,1029,0,0.0051495796
Warm C,355053,2077,2076,1753,1029,1,0.015443184
Warm C,893426,5394,5393,1753,1029,0,-0.00033316575
Warm C,365515,2127,2126,1753,1029,0,0.008382581
Warm C,363233,2116,2115,1753,1029,1,0.0076652053
Warm C,750691,4478,4477,1753,1029,0,0.010285998
Warm C,238100,1447,1446,1753,1029,1,0.010905923
Warm C,829196,4979,4978,1753,1029,0,0.0144900475
Warm C,846114,5084,5083,1753,1029,1,0.016703162
Warm C,317834,1889,1888,1753,1029,0,0.014480648
Warm C,714041,4277,4276,1753,1029,0,0.0063442476
Warm C,263512,1605,1604,1753,1029,0,0.0020430356
Warm C,757841,4508,4507,1753,1029,0,0.009867207
Warm C,927973,5605,5604,1753,1029,0,0.015200214
Warm C,599372,3648,3647,1753,1029,1,0.0075428262
Warm C,309703,1842,1841,1753,1029,0,0.008600719
Warm C,23659,169,168,1753,1029,0,0.009465603
Warm C,565691,3475,3474,1753,1029,0,0.001911958
Warm C,134454,869,868,1753,1029,0,0.011461141
Warm C,921145,5565,5564,1753,1029,0,0.0067765177
Warm C,458721,2824,2823,1753,1029,1,0.0043774014
Warm C,771896,4600,4599,1753,1029,0,0.006195658
Warm C,160247,1019,1018,1753,1029,0,-0.0031911393
Warm C,628781,3807,3806,1753,1029,0,0.011668089
Warm C,401665,2395,2394,1753,1029,0,0.005967645
Warm C,63166,424,423,1753,1029,0,0.0025108564
Warm C,52999,349,348,1753,1029,0,0.0041034454
Warm C,331782,1958,1957,1753,1029,0,0.011714983
Warm C,580042,3540,3539,1758,1031,1,0.0109613845
Warm C,402423,2402,2401,1758,1031,1,0.00829418
Warm C,397883,2361,2360,1758,1031,1,0.002770498
Warm C,363239,2116,2115,1758,1031,0,0.008744929
Warm C,315426,1880,1879,1758,1031,1,0.0076309256
Warm C,271021,1639,1638,1758,1031,1,0.0042490726
Warm C,262810,1603,1602,1758,1031,1,0.008798549
Warm C,242913,1465,1464,1758,1031,1,0.013348314
Warm C,325508,1926,1925,1758,1031,1,0.0043236166
Warm C,210247,1284,1283,1758,1031,1,0.0046219723
Warm C,209522,1279,1278,1758,1031,0,0.0053332383
Warm C,201681,1242,1241,1758,1031,1,0.006962301
Warm C,200553,1231,1230,1758,1031,0,0.01007267
Warm C,168577,1069,1068,1758,1031,0,0.0049753906
Warm C,143719,927,926,1758,1031,1,0.0033735833
Warm C,142474,919,918,1758,1031,1,0.0030343754
Warm C,130387,845,844,1758,1031,0,0.010377908
Warm C,263517,1605,1604,1758,1031,1,0.010812005
Warm C,305040,1812,1811,1758,1031,1,0.013330532
Warm C,106211,699,698,1758,1031,0,0.017495649
Warm C,116424,752,751,1758,1031,0,0.008736487
Warm C,631704,3821,3820,1758,1031,0,0.011914989
Warm C,87307,570,569,1758,1031,1,0.009731407
Warm C,85634,558,557,1758,1031,0,0.007499458
Warm C,84837,551,550,1758,1031,1,0.0152873825
Warm C,72966,493,492,1758,1031,1,0.012818798
Warm C,113878,738,737,1758,1031,1,-0.0029173056
Warm C,58959,401,400,1758,1031,1,0.006732965
Warm C,155452,1001,1000,1758,1031,1,0.014393846
Warm C,734714,4387,4386,1758,1031,1,0.009616174
Warm C,223675,1354,1353,1758,1031,1,0.00872063
Warm C,207012,1266,1265,1758,1031,0,0.010679264
Warm C,79577,531,530,1758,1031,1,0.018498125
Warm C,883458,5333,5332,1758,1031,1,0.008054995
Warm C,893429,5394,5393,1758,1031,1,0.01796849
Warm C,608677,3691,3690,1758,1031,1,0.01578971
Warm C,665277,4005,4004,1758,1031,1,0.010880036
Warm C,102449,678,677,1758,1031,1,0.0121819
Warm C,714046,4277,4276,1758,1031,1,0.018673286
Warm C,229358,1389,1388,1758,1031,1,0.01254576
Warm C,686601,4107,4106,1760,1032,0,-0.010426647
Warm C,653044,3935,3934,1760,1032,0,0.006005359
Warm C,661351,3988,3987,1760,1032,0,0.0043507474
Warm C,642491,3865,3864,1760,1032,0,-0.00036659464
Warm C,642828,3868,3867,1760,1032,1,0.0041038683
Warm C,629701,3808,3807,1760,1032,0,0.0054006665
Warm C,638408,3841,3840,1760,1032,0,0.014798086
Warm C,622275,3768,3767,1760,1032,0,0.0019281658
Warm C,620042,3756,3755,1760,1032,0,0.0015343679
Warm C,614873,3724,3723,1760,1032,0,0.003841063
Warm C,613363,3716,3715,1760,1032,0,0.008530002
Warm C,612972,3715,3714,1760,1032,0,-0.00431808
Warm C,612070,3710,3709,1760,1032,0,0.004188401
Warm C,608363,3690,3689,1760,1032,0,0.0035713576
Warm C,626954,3792,3791,1760,1032,0,0.0037345202
Warm C,604406,3675,3674,1760,1032,0,0.01782511
Warm C,611584,3706,3705,1760,1032,0,0.0060627605
Warm C,636425,3834,3833,1760,1032,0,0.00442459
Warm C,606638,3683,3682,1760,1032,0,0.008288663
Warm C,616260,3729,3728,1760,1032,0,0.016746074
Warm C,585782,3576,3575,1760,1032,0,0.0069561317
Warm C,579568,3539,3538,1760,1032,1,0.0030232358
Warm C,561071,3452,3451,1760,1032,0,0.0038007067
Warm C,555893,3416,3415,1760,1032,0,0.0069847805
Warm C,658467,3967,3966,1760,1032,0,0.0011165403
Warm C,577370,3526,3525,1760,1032,0,0.009255293
Warm C,546909,3371,3370,1760,1032,0,0.008660989
Warm C,545784,3365,3364,1760,1032,0,0.0106838085
Warm C,537347,3311,3310,1760,1032,0,0.00417668
Warm C,536153,3308,3307,1760,1032,0,0.008335666
Warm C,785855,4697,4696,1760,1032,1,0.0017591002
Warm C,531175,3280,3279,1760,1032,0,-0.0018760755
Warm C,538067,3312,3311,1760,1032,0,0.012776542
Warm C,540003,3320,3319,1760,1032,0,0.0068506
Warm C,515616,3182,3181,1760,1032,0,0.013848973
Warm C,616690,3732,3731,1760,1032,0,0.014344628
Warm C,508743,3129,3128,1760,1032,0,0.0053974716
Warm C,494362,3032,3031,1760,1032,0,0.006933499
Warm C,492135,3026,3025,1760,1032,0,0.007095922
Warm C,474925,2914,2913,1760,1032,0,0.003493377
Warm C,473916,2909,2908,1760,1032,0,0.016376551
Warm C,471894,2903,2902,1760,1032,0,0.012772789
Warm C,456545,2810,2809,1760,1032,0,0.008914736
Warm C,445647,2748,2747,1760,1032,0,0.0021058205
Warm C,406481,2438,2437,1760,1032,0,0.0049017444
Warm C,399569,2378,2377,1760,1032,0,0.004523394
Warm C,381725,2231,2230,1760,1032,0,0.005832862
Warm C,373528,2180,2179,1760,1032,0,0.010868865
Warm C,436602,2665,2664,1760,1032,0,0.01650564
Warm C,356021,2085,2084,1760,1032,0,0.006552032
Warm C,354572,2076,2075,1760,1032,0,0.0047517326
Warm C,349017,2047,2046,1760,1032,0,0.010470174
Warm C,352129,2063,2062,1760,1032,0,0.0029829193
Warm C,347013,2035,2034,1760,1032,0,0.008177333
Warm C,340820,2010,2009,1760,1032,0,0.0031949417
Warm C,295706,1755,1754,1760,1032,0,0.009915036
Warm C,286474,1711,1710,1760,1032,0,0.0026219191
Warm C,259587,1587,1586,1760,1032,0,0.010221044
Warm C,224275,1356,1355,1760,1032,0,0.0022007928
Warm C,223681,1354,1353,1760,1032,1,0.004932237
Warm C,220893,1339,1338,1760,1032,0,0.0009338523
Warm C,592092,3610,3609,1760,1032,0,0.009422936
Warm C,185557,1150,1149,1760,1032,0,0.009656463
Warm C,211178,1285,1284,1760,1032,0,0.016951885
Warm C,179206,1124,1123,1760,1032,0,0.012316364
Warm C,179736,1125,1124,1760,1032,0,0.010853293
Warm C,173763,1100,1099,1760,1032,0,-0.0045616794
Warm C,331795,1958,1957,1760,1032,0,0.011937009
Warm C,172947,1096,1095,1760,1032,0,0.005732354
Warm C,167980,1068,1067,1760,1032,0,0.0074790106
Warm C,189447,1173,1172,1760,1032,0,0.013114609
Warm C,221505,1340,1339,1760,1032,0,0.017973412
Warm C,360976,2106,2105,1760,1032,0,0.007616751
Warm C,157083,1010,1009,1760,1032,0,0.0029788
Warm C,139453,891,890,1760,1032,0,0.0071386085
Warm C,138594,889,888,1760,1032,0,0.017548742
Warm C,136776,881,880,1760,1032,0,-0.0008553122
Warm C,128781,836,835,1760,1032,0,-0.004336948
Warm C,332779,1962,1961,1760,1032,0,0.0030290964
Warm C,263525,1605,1604,1760,1032,0,0.005810331
Warm C,124297,800,799,1760,1032,0,0.003508708
Warm C,160261,1019,1018,1760,1032,0,0.005450907
Warm C,117604,757,756,1760,1032,0,0.009630956
Warm C,120520,777,776,1760,1032,0,0.0005572451
Warm C,109022,713,712,1760,1032,0,0.008609744
Warm C,177094,1117,1116,1760,1032,0,0.009234691
Warm C,152327,980,979,1760,1032,0,0.008317866
Warm C,329475,1943,1942,1760,1032,1,0.007714224
Warm C,90735,601,600,1760,1032,0,0.007634971
Warm C,86754,566,565,1760,1032,0,0.012506888
Warm C,77722,524,523,1760,1032,0,0.015665177
Warm C,299728,1778,1777,1760,1032,0,0.003562637
Warm C,87105,569,568,1760,1032,0,0.010239364
Warm C,74982,509,508,1760,1032,0,0.001127108
Warm C,57170,386,385,1760,1032,0,0.003452578
Warm C,45193,305,304,1760,1032,0,0.017466601
Warm C,44493,302,301,1760,1032,0,-0.0024193765
Warm C,41793,284,283,1760,1032,0,0.010392914
Warm C,31522,214,213,1760,1032,0,-0.010093911
Warm C,33487,225,224,1760,1032,0,0.0104641905
Warm C,29825,202,201,1760,1032,0,0.007935001
Warm C,291567,1737,1736,1760,1032,0,-0.0036917832
Warm C,300012,1779,1778,1760,1032,0,0.0070477678
Warm C,262812,1603,1602,1760,1032,0,0.006526201
Warm C,17493,136,135,1760,1032,0,0.003983677
Warm C,8475,58,57,1760,1032,0,0.013189565
Warm C,7704,53,52,1760,1032,0,0.0009285897
Warm C,4828,35,34,1760,1032,0,-0.0027086404
Warm C,21035,153,152,1760,1032,0,-0.005251188
Warm C,79586,531,530,1760,1032,0,0.0060186526
Warm C,66132,442,441,1760,1032,1,0.015213268
Warm C,11328,86,85,1760,1032,1,0.008082559
Warm C,230600,1395,1394,1760,1032,0,0.01723367
Warm C,78579,528,527,1760,1032,0,0.003220001
Warm C,954350,5761,5760,1760,1032,0,0.0022614705
Warm C,371076,2168,2167,1760,1032,0,0.0023243008
Warm C,363250,2116,2115,1760,1032,0,0.011196474
Warm C,265214,1611,1610,1760,1032,0,0.0061563775
Warm C,11979,92,91,1760,1032,0,0.011591369
Warm C,342670,2015,2014,1760,1032,0,0.016600626
Warm C,161393,1029,1028,1760,1032,0,0.007808814
Warm C,222772,1348,1347,1760,1032,0,0.01328623
Warm C,959092,5787,5786,1760,1032,0,0.027913572
Warm C,717113,4294,4293,1760,1032,0,0.00086549437
Warm C,769094,4579,4578,1760,1032,0,0.013483291
Warm C,257822,1579,1578,1760,1032,0,0.017835112
Warm C,832042,5001,5000,1760,1032,1,0.011745622
Warm C,178271,1120,1119,1760,1032,0,0.010919117
Warm C,215003,1303,1302,1760,1032,0,0.018048156
Warm C,825803,4958,4957,1760,1032,0,0.012710838
Warm C,638462,3841,3840,1785,1040,0,-0.010144144
Warm C,625034,3778,3777,1785,1040,0,0.0073819244
Warm C,720603,4312,4311,1785,1040,1,0.014367029
Warm C,615773,3727,3726,1785,1040,1,-0.0030576182
Warm C,648752,3908,3907,1785,1040,1,0.0059944596
Warm C,621316,3762,3761,1785,1040,0,0.0038036641
Warm C,726107,4344,4343,1785,1040,1,0.003679468
Warm C,601280,3654,3653,1785,1040,0,0.0061609666
Warm C,592767,3613,3612,1785,1040,1,-0.0027822931
Warm C,585336,3574,3573,1785,1040,1,-0.0020444766
Warm C,579619,3539,3538,1785,1040,1,0.0017601829
Warm C,745499,4448,4447,1785,1040,1,0.00032348197
Warm C,572379,3507,3506,1785,1040,0,-0.008701705
Warm C,570434,3499,3498,1785,1040,1,0.0026509413
Warm C,697673,4169,4168,1785,1040,1,-0.0006095234
Warm C,550442,3391,3390,1785,1040,1,0.00919278
Warm C,580613,3546,3545,1785,1040,0,-0.0009432186
Warm C,564650,3471,3470,1785,1040,1,0.0016513376
Warm C,534773,3300,3299,1785,1040,1,-0.0055405926
Warm C,532323,3285,3284,1785,1040,1,-0.008310183
Warm C,531503,3281,3280,1785,1040,1,0.0049222596
Warm C,526023,3250,3249,1785,1040,0,0.007285973
Warm C,520411,3209,3208,1785,1040,0,-0.0036167107
Warm C,519255,3203,3202,1785,1040,1,-0.004141061
Warm C,515031,3180,3179,1785,1040,0,0.0031090383
Warm C,511556,3156,3155,1785,1040,0,-0.0031088158
Warm C,505271,3108,3107,1785,1040,0,0.0043790997
Warm C,504062,3098,3097,1785,1040,0,-0.008826619
Warm C,494397,3032,3031,1785,1040,1,3.0043651e-05
Warm C,486382,2994,2993,1785,1040,1,0.0046750186
Warm C,482840,2967,2966,1785,1040,0,-0.0059121135
Warm C,473972,2909,2908,1785,1040,1,-0.0056604566
Warm C,601693,3658,3657,1785,1040,1,0.0052761645
Warm C,852954,5113,5112,1785,1040,0,-0.008643448
Warm C,622310,3768,3767,1785,1040,0,0.004475669
Warm C,463511,2857,2856,1785,1040,0,2.862583e-05
Warm C,493525,3031,3030,1785,1040,1,-0.0070465407
Warm C,461003,2842,2841,1785,1040,0,-0.0023484381
Warm C,594945,3620,3619,1785,1040,0,0.012300183
Warm C,453944,2793,2792,1785,1040,1,-0.0064440807
Warm C,451537,2779,2778,1785,1040,0,-0.004346323
Warm C,441243,2701,2700,1785,1040,0,7.186015e-05
Warm C,833092,5008,5007,1785,1040,0,-0.0067262957
Warm C,426578,2590,2589,1785,1040,1,-0.00065425836
Warm C,421160,2544,2543,1785,1040,0,0.002554085
Warm C,413978,2490,2489,1785,1040,1,-0.008066415
Warm C,406608,2439,2438,1785,1040,0,0.013040043
Warm C,402462,2402,2401,1785,1040,0,-0.0046354146
Warm C,398659,2373,2372,1785,1040,1,-0.001589037
Warm C,392440,2304,2303,1785,1040,0,-0.011449837
Warm C,389068,2279,2278,1785,1040,0,-0.0018517124
Warm C,375185,2186,2185,1785,1040,0,2.2930093e-05
Warm C,370332,2165,2164,1785,1040,1,-0.0059236656
Warm C,394271,2323,2322,1785,1040,0,-0.00014335173
Warm C,363813,2119,2118,1785,1040,1,0.0013311873
Warm C,364917,2124,2123,1785,1040,1,-0.0070050927
Warm C,375692,2188,2187,1785,1040,0,-0.0013854192
Warm C,349596,2051,2050,1785,1040,0,0.0073589417
Warm C,333984,1969,1968,1785,1040,1,0.015091543
Warm C,329515,1943,1942,1785,1040,1,-0.0041446565
Warm C,329824,1945,1944,1785,1040,0,0.00083707506
Warm C,303609,1803,1802,1785,1040,1,-0.006560178
Warm C,270139,1635,1634,1785,1040,1,0.009241957
Warm C,256380,1564,1563,1785,1040,0,-0.0023535963
Warm C,248148,1497,1496,1785,1040,0,-0.0013023084
Warm C,244749,1473,1472,1785,1040,0,0.0075418493
Warm C,232179,1408,1407,1785,1040,0,-0.0021630798
Warm C,224301,1356,1355,1785,1040,1,-0.009437319
Warm C,294435,1749,1748,1785,1040,0,0.0037930422
Warm C,165320,1053,1052,1785,1040,1,0.0016704693
Warm C,275223,1666,1665,1785,1040,0,-0.0065362575
Warm C,230611,1395,1394,1785,1040,0,-0.0036659255
Warm C,157133,1010,1009,1785,1040,1,-0.0030014405
Warm C,185624,1150,1149,1785,1040,0,-0.00024218403
Warm C,298181,1767,1766,1785,1040,1,-0.004706714
Warm C,524457,3233,3232,1785,1040,0,0.0035787707
Warm C,112919,732,731,1785,1040,0,-0.0037447186
Warm C,99012,660,659,1785,1040,0,0.004118932
Warm C,121752,783,782,1785,1040,1,-0.0012348039
Warm C,480258,2946,2945,1785,1040,0,0.005866061
Warm C,169640,1077,1076,1785,1040,1,-0.009372176
Warm C,308845,1837,1836,1785,1040,1,-0.014073552
Warm C,83410,549,548,1785,1040,1,0.00019256957
Warm C,239201,1448,1447,1785,1040,1,0.0012748695
Warm C,204693,1260,1259,1785,1040,0,0.006995294
Warm C,77770,524,523,1785,1040,0,0.0035779926
Warm C,86780,566,565,1785,1040,0,0.0036232057
Warm C,197429,1211,1210,1785,1040,1,0.0074826465
Warm C,116490,752,751,1785,1040,0,0.0035366197
Warm C,80343,533,532,1785,1040,1,-0.004105393
Warm C,70248,474,473,1785,1040,1,0.006277279
Warm C,240391,1449,1448,1785,1040,0,0.01129254
Warm C,53810,352,351,1785,1040,1,0.0029775794
Warm C,45574,307,306,1785,1040,1,0.00061081233
Warm C,42408,289,288,1785,1040,1,0.0034175124
Warm C,55635,368,367,1785,1040,1,0.0029172576
Warm C,418306,2528,2527,1785,1040,0,0.007100906
Warm C,33521,225,224,1785,1040,0,0.0033829592
Warm C,337171,1983,1982,1785,1040,1,0.0003354702
Warm C,26451,187,186,1785,1040,1,0.010271098
Warm C,20024,149,148,1785,1040,1,-0.0053853854
Warm C,127550,823,822,1785,1040,0,-0.0019261515
Warm C,15100,120,119,1785,1040,0,-0.00572036
Warm C,14532,117,116,1785,1040,0,0.0022840789
Warm C,11382,87,86,1785,1040,0,-0.002012115
Warm C,784562,4682,4681,1785,1040,1,-0.0034637721
Warm C,4358,33,32,1785,1040,0,-0.0028324146
Warm C,3963,29,28,1785,1040,0,-0.0012980602
Warm C,210281,1284,1283,1785,1040,1,0.008804664
Warm C,384525,2246,2245,1785,1040,1,-0.005640461
Warm C,829224,4979,4978,1785,1040,0,-0.0016439424
Warm C,485239,2986,2985,1785,1040,0,0.0009853886
Warm C,631751,3821,3820,1785,1040,0,-0.003250821
Warm C,261247,1597,1596,1785,1040,0,-0.0005271551
Warm C,290452,1733,1732,1785,1040,1,0.0061669396
Warm C,322606,1912,1911,1785,1040,0,-0.00028728833
Warm C,371791,2172,2171,1785,1040,0,0.000955211
Warm C,160311,1019,1018,1785,1040,0,0.011621451
Warm C,941798,5682,5681,1785,1040,0,-0.0029612973
Warm C,63242,424,423,1785,1040,1,0.009364289
Warm C,148825,957,956,1788,1041,1,0.01039228
Warm C,195671,1203,1202,1788,1041,1,0.016840428
Warm C,138668,889,888,1788,1041,0,0.011129726
Warm C,136833,881,880,1788,1041,0,0.0051446822
Warm C,235655,1426,1425,1788,1041,1,0.005362456
Warm C,97946,655,654,1788,1041,1,0.0069519323
Warm C,121755,783,782,1788,1041,1,-0.0005513432
Warm C,284416,1698,1697,1788,1041,1,0.01829673
Warm C,89629,590,589,1788,1041,1,0.009224263
Warm C,432212,2634,2633,1788,1041,1,0.010243496
Warm C,87011,568,567,1788,1041,0,0.00030692306
Warm C,75735,515,514,1788,1041,0,0.0019019628
Warm C,201726,1242,1241,1788,1041,0,0.005984243
Warm C,53814,352,351,1788,1041,1,0.006934327
Warm C,42803,293,292,1788,1041,1,0.010745736
Warm C,35858,242,241,1788,1041,1,-0.0022119018
Warm C,200130,1228,1227,1788,1041,0,0.0033736352
Warm C,35295,238,237,1788,1041,1,0.0038820435
Warm C,21593,157,156,1788,1041,1,0.011834567
Warm C,20029,149,148,1788,1041,0,0.008196811
Warm C,258555,1584,1583,1788,1041,0,0.0074153137
Warm C,152521,981,980,1788,1041,0,0.0048976787
Warm C,28212,195,194,1788,1041,1,0.0042803097
Warm C,3181,24,23,1788,1041,0,0.014658845
Warm C,349,5,4,1788,1041,0,0.0013586471
Warm C,460816,2841,2840,1788,1041,1,0.009359993
Warm C,290456,1733,1732,1788,1041,1,0.009500882
Warm C,245873,1484,1483,1788,1041,0,0.0035873447
Warm C,609725,3695,3694,1788,1041,1,0.01641416
Warm C,893456,5394,5393,1788,1041,1,0.012490213
Warm C,193829,1194,1193,1788,1041,1,0.005961698
Warm C,465785,2872,2871,1794,1043,1,0.008827638
Warm C,458981,2825,2824,1794,1043,1,0.004719829
Warm C,456571,2810,2809,1794,1043,1,0.004316619
Warm C,451839,2781,2780,1794,1043,1,-0.005612961
Warm C,443939,2737,2736,1794,1043,1,-0.00050632237
Warm C,446512,2752,2751,1794,1043,0,0.0057394505
Warm C,438012,2676,2675,1794,1043,1,0.0033390345
Warm C,416838,2507,2506,1794,1043,0,0.00015096599
Warm C,404691,2419,2418,1794,1043,1,-0.005423238
Warm C,399216,2376,2375,1794,1043,1,0.0053996146
Warm C,392729,2305,2304,1794,1043,1,0.007668766
Warm C,381388,2230,2229,1794,1043,0,-0.00058820564
Warm C,382987,2237,2236,1794,1043,0,0.0060184393
Warm C,359530,2102,2101,1794,1043,1,0.012667171
Warm C,336252,1980,1979,1794,1043,1,0.00082486914
Warm C,330572,1951,1950,1794,1043,0,-0.0029940032
Warm C,302528,1796,1795,1794,1043,1,0.008855555
Warm C,229971,1391,1390,1794,1043,0,-0.005258146
Warm C,319519,1897,1896,1794,1043,0,0.0018138187
Warm C,215038,1303,1302,1794,1043,1,0.009004867
Warm C,208386,1273,1272,1794,1043,1,0.0030455787
Warm C,204097,1255,1254,1794,1043,0,-3.0056573e-05
Warm C,203797,1253,1252,1794,1043,1,0.0029659257
Warm C,211241,1285,1284,1794,1043,1,0.01408856
Warm C,279751,1680,1679,1794,1043,0,0.003533673
Warm C,244160,1470,1469,1794,1043,0,0.013759414
Warm C,213632,1298,1297,1794,1043,1,0.0037298119
Warm C,210289,1284,1283,1794,1043,1,0.005140893
Warm C,186211,1151,1150,1794,1043,1,0.004265885
Warm C,185654,1150,1149,1794,1043,0,0.007673652
Warm C,212532,1294,1293,1794,1043,0,0.0041358466
Warm C,173802,1100,1099,1794,1043,0,0.008434627
Warm C,168632,1069,1068,1794,1043,1,0.0071519185
Warm C,191322,1181,1180,1794,1043,0,0.0061970404
Warm C,158544,1015,1014,1794,1043,1,-0.00027717964
Warm C,244906,1474,1473,1794,1043,1,-0.0026951807
Warm C,148833,957,956,1794,1043,1,0.006241519
Warm C,147797,952,951,1794,1043,0,-0.001353872
Warm C,146719,947,946,1794,1043,1,0.001858939
Warm C,195683,1203,1202,1794,1043,1,0.0005445883
Warm C,154644,998,997,1794,1043,1,-0.0060648075
Warm C,157150,1010,1009,1794,1043,0,0.01282645
Warm C,138692,889,888,1794,1043,0,0.00029935222
Warm C,313186,1866,1865,1794,1043,0,0.002054072
Warm C,132063,854,853,1794,1043,0,0.0036650037
Warm C,131307,850,849,1794,1043,0,0.00044548512
Warm C,127552,823,822,1794,1043,0,0.0038110642
Warm C,116509,752,751,1794,1043,0,0.014009998
Warm C,112654,731,730,1794,1043,0,0.0043585524
Warm C,107372,706,705,1794,1043,1,0.0058328556
Warm C,97398,652,651,1794,1043,0,0.008860946
Warm C,295023,1752,1751,1794,1043,1,0.0018432662
Warm C,697699,4169,4168,1794,1043,1,0.009124728
Warm C,90278,595,594,1794,1043,1,0.0063983095
Warm C,85651,558,557,1794,1043,1,0.007949723
Warm C,239221,1448,1447,1794,1043,0,0.005614166
Warm C,197433,1211,1210,1794,1043,0,0.009170355
Warm C,155489,1001,1000,1794,1043,1,0.0032456089
Warm C,57198,386,385,1794,1043,1,0.005329241
Warm C,55942,371,370,1794,1043,0,0.0117261745
Warm C,201739,1242,1241,1794,1043,0,0.00088047376
Warm C,330797,1952,1951,1794,1043,1,0.005498358
Warm C,50203,331,330,1794,1043,1,0.0023227285
Warm C,199892,1227,1226,1794,1043,1,0.008391256
Warm C,27582,193,192,1794,1043,1,0.005849001
Warm C,26465,187,186,1794,1043,1,0.0061137476
Warm C,16696,131,130,1794,1043,1,0.0024949978
Warm C,9955,69,68,1794,1043,0,-0.003969669
Warm C,369,5,4,1794,1043,0,0.011630067
Warm C,10792,78,77,1794,1043,1,0.012840167
Warm C,207072,1266,1265,1794,1043,0,0.00978527
Warm C,276396,1671,1670,1794,1043,1,0.006595461
Warm C,271065,1639,1638,1794,1043,1,0.002282942
Warm C,754525,4496,4495,1794,1043,1,0.0028706696
Warm C,844425,5074,5073,1794,1043,1,0.0073069306
Warm C,954361,5761,5760,1794,1043,1,0.007189217
Warm C,460824,2841,2840,1794,1043,0,0.0036119255
Warm C,485255,2986,2985,1794,1043,1,0.0088184
Warm C,204699,1260,1259,1794,1043,0,-0.006216773
Warm C,102522,678,677,1794,1043,0,0.0152512435
Warm C,901627,5450,5449,1794,1043,0,0.0056090485
Warm C,170967,1087,1086,1794,1043,0,0.00051367306
Warm C,384528,2246,2245,1794,1043,0,-0.00426556
Warm C,905548,5475,5474,1794,1043,1,0.0032537403
Warm C,322625,1912,1911,1794,1043,0,0.0086128935
Warm C,117210,755,754,1794,1043,1,0.005859199
Warm C,823590,4950,4949,1794,1043,0,-7.413549e-05
Warm C,235185,1425,1424,1794,1043,1,0.001339575
Warm C,739596,4418,4417,1794,1043,1,0.0021240793
Warm C,187773,1164,1163,1794,1043,0,0.00746868
Warm C,841573,5054,5053,1794,1043,0,0.009244892
Warm C,693201,4150,4149,1797,1044,1,-0.0020563311
Warm C,691398,4139,4138,1797,1044,1,0.012893664
Warm C,677548,4060,4059,1797,1044,1,0.008942306
Warm C,671453,4033,4032,1797,1044,1,0.006756073
Warm C,661572,3989,3988,1797,1044,1,0.0029954026
Warm C,622795,3769,3768,1797,1044,1,0.006672089
Warm C,614233,3720,3719,1797,1044,1,-0.0007836565
Warm C,604456,3675,3674,1797,1044,1,0.013229959
Warm C,600889,3652,3651,1797,1044,1,0.011723806
Warm C,592657,3612,3611,1797,1044,1,0.005151375
Warm C,818868,4918,4917,1797,1044,1,0.0047992268
Warm C,605975,3681,3680,1797,1044,1,0.000686222
Warm C,594208,3618,3617,1797,1044,1,0.012385647
Warm C,645432,3885,3884,1797,1044,0,0.007583341
Warm C,554589,3411,3410,1797,1044,0,0.0015449607
Warm C,527607,3261,3260,1797,1044,1,0.00037505385
Warm C,520848,3213,3212,1797,1044,1,0.008361271
Warm C,522855,3224,3223,1797,1044,1,0.003522091
Warm C,518871,3201,3200,1797,1044,1,0.00608062
Warm C,659249,3971,3970,1797,1044,1,0.007201613
Warm C,600234,3650,3649,1797,1044,1,0.0050067534
Warm C,482849,2967,2966,1797,1044,0,0.007808839
Warm C,529940,3272,3271,1797,1044,0,0.0034921067
Warm C,478840,2938,2937,1797,1044,1,0.008313322
Warm C,467003,2878,2877,1797,1044,1,0.0048869564
Warm C,470112,2895,2894,1797,1044,1,0.011090808
Warm C,453952,2793,2792,1797,1044,1,0.010070309
Warm C,449765,2773,2772,1797,1044,0,0.0054517663
Warm C,443167,2731,2730,1797,1044,1,0.01230518
Warm C,441095,2700,2699,1797,1044,1,0.012092496
Warm C,429260,2611,2610,1797,1044,1,0.001598266
Warm C,422329,2557,2556,1797,1044,1,-0.0027954457
Warm C,410895,2465,2464,1797,1044,1,0.00472186
Warm C,390526,2291,2290,1797,1044,1,0.007925129
Warm C,378209,2206,2205,1797,1044,1,0.009908578
Warm C,364375,2122,2121,1797,1044,1,0.005936431
Warm C,340219,2008,2007,1797,1044,1,0.012637047
Warm C,340084,2007,2006,1797,1044,1,0.009283647
Warm C,317354,1887,1886,1797,1044,1,0.002872748
Warm C,309361,1841,1840,1797,1044,1,0.00887982
Warm C,295358,1753,1752,1797,1044,1,0.015083283
Warm C,256605,1568,1567,1797,1044,1,0.007888276
Warm C,252073,1525,1524,1797,1044,1,0.0051311143
Warm C,247094,1492,1491,1797,1044,1,0.005131105
Warm C,336255,1980,1979,1797,1044,1,0.009930182
Warm C,284432,1698,1697,1797,1044,1,0.009247271
Warm C,221560,1340,1339,1797,1044,0,0.010211859
Warm C,289468,1727,1726,1797,1044,1,0.013261415
Warm C,211244,1285,1284,1797,1044,1,0.0023620636
Warm C,207816,1271,1270,1797,1044,1,0.0074454937
Warm C,191327,1181,1180,1797,1044,0,0.008830164
Warm C,164003,1050,1049,1797,1044,0,0.0067204065
Warm C,166596,1059,1058,1797,1044,1,0.0063861553
Warm C,248301,1498,1497,1797,1044,1,0.0078871455
Warm C,149400,962,961,1797,1044,1,0.0075877616
Warm C,151707,975,974,1797,1044,1,0.002191101
Warm C,146690,946,945,1797,1044,1,0.007924826
Warm C,154646,998,997,1797,1044,1,0.006643838
Warm C,185659,1150,1149,1797,1044,0,0.010188304
Warm C,263594,1605,1604,1797,1044,0,0.005706452
Warm C,322628,1912,1911,1797,1044,1,0.0059440807
Warm C,235662,1426,1425,1797,1044,1,0.011096317
Warm C,106268,699,698,1797,1044,1,0.0027257807
Warm C,151298,973,972,1797,1044,1,0.0042769285
Warm C,46476,310,309,1797,1044,1,0.0064695943
Warm C,37897,259,258,1797,1044,1,0.0070349686
Warm C,37756,258,257,1797,1044,1,0.0055597434
Warm C,99020,660,659,1797,1044,1,0.0050358744
Warm C,32139,216,215,1797,1044,1,0.0071563665
Warm C,24933,175,174,1797,1044,1,0.003555544
Warm C,537412,3311,3310,1797,1044,1,0.0013015706
Warm C,24046,171,170,1797,1044,1,0.0007668304
Warm C,18421,144,143,1797,1044,1,0.0034895914
Warm C,127554,823,822,1797,1044,1,0.0004720083
Warm C,6870,48,47,1797,1044,1,0.004441307
Warm C,207074,1266,1265,1797,1044,0,0.011084594
Warm C,459655,2832,2831,1797,1044,1,0.0079301335
Warm C,399970,2380,2379,1797,1044,1,0.005393329
Warm C,65527,438,437,1797,1044,1,0.0033014598
Warm C,572400,3507,3506,1797,1044,1,0.009419268
Warm C,265239,1611,1610,1797,1044,1,0.009168698
Warm C,240417,1449,1448,1797,1044,1,0.0067358036
Warm C,622326,3768,3767,1797,1044,1,0.0033467882
Warm C,550476,3391,3390,1797,1044,1,0.008394198
Warm C,511963,3158,3157,1797,1044,1,0.007622591
Warm C,507867,3125,3124,1797,1044,1,0.008646166
Warm C,335226,1978,1977,1797,1044,1,0.011013173
Warm C,130007,840,839,1797,1044,1,0.0031918613
Warm C,344658,2022,2021,1797,1044,1,0.0020642749
Warm C,66157,442,441,1797,1044,1,0.0147703905
Warm C,947993,5723,5722,1797,1044,0,0.008183745
Warm C,959097,5787,5786,1797,1044,1,0.015545586
Warm C,564666,3471,3470,1797,1044,0,0.0059462585
Warm C,538123,3312,3311,1797,1044,0,0.014186619
Warm C,130587,846,845,1797,1044,1,0.010768363
Warm C,991836,5991,5990,1797,1044,0,0.00576442
Warm C,750708,4478,4477,1797,1044,0,-0.0009818596
Warm C,657636,3963,3962,1797,1044,1,0.007851915
Warm C,371105,2168,2167,1797,1044,1,-0.0001503065
Warm C,215670,1306,1305,1797,1044,1,0.010391201
Warm C,9714,65,64,1797,1044,1,0.002982668
Warm C,254907,1551,1550,1797,1044,1,0.00025197736
Warm C,769116,4579,4578,1797,1044,1,0.019768447
Warm C,384530,2246,2245,1797,1044,1,0.0087059075
Warm C,662086,3992,3991,1797,1044,1,0.0019002529
Warm C,341763,2012,2011,1797,1044,1,0.0069335117
Warm C,555078,3413,3412,1797,1044,1,0.0042265346
Warm C,351503,2063,2062,1804,1047,0,0.016927302
Warm C,357302,2092,2091,1804,1047,1,0.007855549
Warm C,340481,2010,2009,1804,1047,0,0.011403469
Warm C,335587,1980,1979,1804,1047,0,0.011796818
Warm C,275018,1666,1665,1804,1047,1,0.010177142
Warm C,258120,1581,1580,1804,1047,0,0.0040345606
Warm C,242659,1465,1464,1804,1047,0,0.009432681
Warm C,323695,1920,1919,1804,1047,1,0.0052139023
Warm C,188868,1172,1171,1804,1047,1,0.012363648
Warm C,184996,1150,1149,1804,1047,0,0.014103891
Warm C,210680,1285,1284,1804,1047,0,0.011436177
Warm C,172817,1096,1095,1804,1047,1,0.007359132
Warm C,170209,1084,1083,1804,1047,0,0.011251592
Warm C,168278,1069,1068,1804,1047,0,0.0058786743
Warm C,190554,1181,1180,1804,1047,0,0.00860706
Warm C,275430,1667,1666,1804,1047,1,-0.0032527957
Warm C,157896,1015,1014,1804,1047,0,0.019839182
Warm C,142340,919,918,1804,1047,0,0.0040755114
Warm C,136345,881,880,1804,1047,0,0.0048735184
Warm C,360556,2106,2105,1804,1047,0,0.0074803573
Warm C,115949,752,751,1804,1047,1,0.014253668
Warm C,114144,742,741,1804,1047,0,0.0008465083
Warm C,105908,699,698,1804,1047,0,0.012145635
Warm C,480016,2946,2945,1804,1047,0,0.0108326785
Warm C,283949,1698,1697,1804,1047,1,0.012285902
Warm C,115300,749,748,1804,1047,0,0.0059735263
Warm C,308437,1837,1836,1804,1047,0,0.016228873
Warm C,238682,1448,1447,1804,1047,0,0.015855787
Warm C,59110,402,401,1804,1047,0,0.008301823
Warm C,53650,352,351,1804,1047,0,0.0045790337
Warm C,47409,319,318,1804,1047,0,0.016321937
Warm C,40338,272,271,1804,1047,0,0.003983923
Warm C,418273,2528,2527,1804,1047,0,-0.0029180031
Warm C,33437,225,224,1804,1047,0,0.017051738
Warm C,30229,203,202,1804,1047,0,0.0016836869
Warm C,29760,202,201,1804,1047,0,0.007396505
Warm C,29146,199,198,1804,1047,0,0.009350419
Warm C,882835,5333,5332,1804,1047,0,0.018516801
Warm C,346952,2035,2034,1804,1047,1,0.0014850115
Warm C,15543,123,122,1804,1047,1,0.0007335184
Warm C,10004,70,69,1804,1047,0,0.003922784
Warm C,2214,18,17,1804,1047,0,-0.006765571
Warm C,1678,15,14,1804,1047,1,0.00886125
Warm C,223371,1354,1353,1804,1047,0,0.0007155908
Warm C,210021,1284,1283,1804,1047,1,0.0080694705
Warm C,78316,528,527,1804,1047,0,0.007514268
Warm C,354750,2077,2076,1804,1047,0,0.016733792
Warm C,626569,3792,3791,1804,1047,1,0.014002758
Warm C,50080,331,330,1804,1047,0,0.0055396855
Warm C,682244,4085,4084,1804,1047,1,0.008910802
Warm C,472389,2907,2906,1804,1047,0,0.015951771
Warm C,171372,1088,1087,1804,1047,0,0.008505494
Warm C,801327,4802,4801,1804,1047,1,0.013813643
Warm C,689769,4126,4125,1804,1047,0,0.0098643545
Warm C,257489,1579,1578,1804,1047,0,0.007940541
Warm C,587739,3589,3588,1804,1047,0,0.0014261403
Warm C,695945,4169,4168,1804,1047,0,0.023308855
Warm C,331384,1958,1957,1804,1047,0,0.007832321
Warm C,974238,5878,5877,1804,1047,1,0.006860295
Warm C,617989,3745,3744,1806,1049,0,0.01694299
Warm C,636805,3836,3835,1806,1049,0,0.013220487
Warm C,612421,3713,3712,1806,1049,1,0.016469538
Warm C,604040,3675,3674,1806,1049,0,0.016226545
Warm C,602633,3667,3666,1806,1049,1,0.0075304704
Warm C,590927,3604,3603,1806,1049,1,0.0070392517
Warm C,589015,3592,3591,1806,1049,0,0.016690165
Warm C,587741,3589,3588,1806,1049,0,0.016672168
Warm C,586710,3582,3581,1806,1049,1,0.014446031
Warm C,758431,4510,4509,1806,1049,0,0.016742313
Warm C,576935,3526,3525,1806,1049,0,0.0100118555
Warm C,569703,3493,3492,1806,1049,0,0.0094203465
Warm C,567863,3484,3483,1806,1049,0,0.003275047
Warm C,556803,3422,3421,1806,1049,0,0.016229201
Warm C,638955,3842,3841,1806,1049,1,0.014052268
Warm C,535822,3308,3307,1806,1049,0,0.017749537
Warm C,529504,3272,3271,1806,1049,0,0.02492391
Warm C,523370,3227,3226,1806,1049,0,0.0052024703
Warm C,514800,3180,3179,1806,1049,0,0.00956884
Warm C,527280,3261,3260,1806,1049,0,0.01567851
Warm C,768636,4579,4578,1806,1049,0,0.016548915
Warm C,495578,3044,3043,1806,1049,1,0.012407089
Warm C,493874,3032,3031,1806,1049,1,0.014382392
Warm C,489509,3013,3012,1806,1049,1,0.012565489
Warm C,599826,3650,3649,1806,1049,1,0.014570083
Warm C,477921,2934,2933,1806,1049,1,0.021656057
Warm C,473324,2909,2908,1806,1049,0,0.012832125
Warm C,463103,2857,2856,1806,1049,1,0.008733987
Warm C,456366,2810,2809,1806,1049,0,0.010347854
Warm C,834129,5015,5014,1806,1049,0,0.02471687
Warm C,450639,2777,2776,1806,1049,1,0.0086839115
Warm C,430311,2623,2622,1806,1049,1,0.006264725
Warm C,435537,2663,2662,1806,1049,0,0.009567265
Warm C,422938,2564,2563,1806,1049,0,0.019385682
Warm C,420409,2541,2540,1806,1049,0,0.0054399255
Warm C,418509,2529,2528,1806,1049,1,0.02173509
Warm C,412713,2484,2483,1806,1049,0,0.020831348
Warm C,409517,2457,2456,1806,1049,1,0.018078841
Warm C,408611,2454,2453,1806,1049,1,0.020447262
Warm C,399754,2380,2379,1806,1049,0,0.014250735
Warm C,392687,2305,2304,1806,1049,0,0.0114712175
Warm C,376962,2202,2201,1806,1049,0,0.011951531
Warm C,373886,2181,2180,1806,1049,1,0.025292322
Warm C,364618,2124,2123,1806,1049,1,0.020150285
Warm C,387486,2265,2264,1806,1049,1,0.010925643
Warm C,341451,2012,2011,1806,1049,0,0.013630027
Warm C,324165,1921,1920,1806,1049,0,0.014004715
Warm C,325263,1926,1925,1806,1049,0,0.0069285333
Warm C,286222,1709,1708,1806,1049,0,0.006917029
Warm C,268469,1631,1630,1806,1049,1,0.008167097
Warm C,252316,1529,1528,1806,1049,0,0.008630637
Warm C,342266,2015,2014,1806,1049,1,0.013273992
Warm C,353968,2073,2072,1806,1049,0,0.01166912
Warm C,236317,1434,1433,1806,1049,0,0.014471105
Warm C,247293,1495,1494,1806,1049,0,0.0108512305
Warm C,231590,1404,1403,1806,1049,0,0.011527722
Warm C,240760,1450,1449,1806,1049,0,-0.009191558
Warm C,219743,1333,1332,1806,1049,0,0.009298694
Warm C,226351,1370,1369,1806,1049,1,0.011842467
Warm C,207724,1271,1270,1806,1049,1,0.009396857
Warm C,250326,1509,1508,1806,1049,0,0.008853367
Warm C,198770,1221,1220,1806,1049,1,0.0062405635
Warm C,277481,1676,1675,1806,1049,0,0.020815227
Warm C,191780,1182,1181,1806,1049,0,0.016598186
Warm C,331388,1958,1957,1806,1049,0,0.015800118
Warm C,173540,1100,1099,1806,1049,0,0.0106465565
Warm C,198581,1220,1219,1806,1049,0,0.0036771293
Warm C,172818,1096,1095,1806,1049,0,0.007111783
Warm C,188177,1168,1167,1806,1049,0,0.0065329685
Warm C,229184,1389,1388,1806,1049,0,0.012145419
Warm C,272067,1645,1644,1806,1049,1,0.017046943
Warm C,255449,1556,1555,1806,1049,0,0.017608885
Warm C,227554,1380,1379,1806,1049,0,0.020861229
Warm C,157553,1014,1013,1806,1049,0,0.0057223346
Warm C,156622,1010,1009,1806,1049,0,0.013852171
Warm C,351510,2063,2062,1806,1049,0,0.024131782
Warm C,126496,817,816,1806,1049,1,0.021925993
Warm C,121022,780,779,1806,1049,1,0.018687319
Warm C,116795,753,752,1806,1049,1,0.009140433
Warm C,174969,1109,1108,1806,1049,0,0.008576004
Warm C,112327,731,730,1806,1049,1,0.014213109
Warm C,763819,4543,4542,1806,1049,1,0.026068179
Warm C,93745,629,628,1806,1049,1,0.008980766
Warm C,92207,614,613,1806,1049,0,0.007903895
Warm C,291206,1737,1736,1806,1049,0,0.019774651
Warm C,82206,546,545,1806,1049,1,0.015521922
Warm C,73066,494,493,1806,1049,0,0.0019330534
Warm C,87051,569,568,1806,1049,1,0.0022662021
Warm C,59112,402,401,1806,1049,1,0.015732557
Warm C,55797,369,368,1806,1049,0,0.01357742
Warm C,51130,337,336,1806,1049,0,0.016177842
Warm C,43375,298,297,1806,1049,0,-0.00041796034
Warm C,19343,148,147,1806,1049,1,0.018039715
Warm C,86514,566,565,1806,1049,0,0.019211553
Warm C,10496,75,74,1806,1049,1,0.012005739
Warm C,49344,329,328,1806,1049,0,0.01361744
Warm C,509,6,5,1806,1049,0,0.0012657642
Warm C,233950,1422,1421,1806,1049,0,0.017607145
Warm C,78319,528,527,1806,1049,0,0.024662416
Warm C,385992,2258,2257,1806,1049,1,0.018863477
Warm C,954189,5761,5760,1806,1049,0,0.025353968
Warm C,362793,2116,2115,1806,1049,0,0.02117978
Warm C,144792,934,933,1806,1049,0,0.014830686
Warm C,829928,4983,4982,1806,1049,0,0.012125136
Warm C,232769,1415,1414,1806,1049,0,0.011488313
Warm C,50615,333,332,1806,1049,0,0.018853873
Warm C,222722,1348,1347,1806,1049,1,0.0028583363
Warm C,974241,5878,5877,1806,1049,0,0.021926776
Warm C,294196,1749,1748,1816,1051,0,0.009470463
Warm C,185023,1150,1149,1816,1051,0,0.001813649
Warm C,307281,1835,1834,1816,1051,1,0.008019883
Warm C,201415,1242,1241,1816,1051,1,0.018207673
Warm C,168295,1069,1068,1816,1051,0,0.013395167
Warm C,166355,1059,1058,1816,1051,0,0.0059878957
Warm C,164361,1051,1050,1816,1051,0,0.0074870894
Warm C,163706,1050,1049,1816,1051,0,0.004000327
Warm C,142346,919,918,1816,1051,1,0.0074232523
Warm C,131044,850,849,1816,1051,0,0.0041729948
Warm C,332538,1962,1961,1816,1051,0,0.0038229856
Warm C,111834,728,727,1816,1051,0,-0.009669757
Warm C,112334,731,730,1816,1051,1,0.023144621
Warm C,238704,1448,1447,1816,1051,0,0.0135017745
Warm C,77292,524,523,1816,1051,1,0.01810103
Warm C,80067,533,532,1816,1051,0,0.013024123
Warm C,81536,543,542,1816,1051,1,0.013582656
Warm C,57156,386,385,1816,1051,0,-0.0011342214
Warm C,228089,1383,1382,1816,1051,1,0.011473345
Warm C,31211,210,209,1816,1051,1,0.005304055
Warm C,29165,199,198,1816,1051,0,0.008979919
Warm C,26394,187,186,1816,1051,1,0.00977871
Warm C,15568,123,122,1816,1051,0,0.017058717
Warm C,7681,53,52,1816,1051,0,0.008955866
Warm C,631416,3821,3820,1816,1051,0,0.008753154
Warm C,263099,1605,1604,1816,1051,1,0.013192018
Warm C,79208,531,530,1816,1051,0,0.019056482
Warm C,129258,839,838,1816,1051,1,0.023271218
Warm C,892849,5394,5393,1816,1051,1,0.011188967
Warm C,750361,4478,4477,1816,1051,0,0.0031490398
Warm C,309519,1842,1841,1816,1051,1,0.014730845
Warm C,907580,5492,5491,1816,1051,1,0.014164551
Warm C,195297,1203,1202,1816,1051,0,0.003832406
Warm C,565449,3475,3474,1816,1051,0,0.0037907255
Warm C,335618,1980,1979,1816,1051,0,0.021988293
Warm C,805633,4823,4822,1816,1051,0,0.008645181
Warm C,501187,3080,3079,1816,1051,0,0.0070469687
Warm C,360576,2106,2105,1816,1051,0,0.0024841493
Warm C,509760,3140,3139,1816,1051,1,0.014364386
Warm C,178579,1121,1120,1816,1051,0,0.007886931
Warm C,33923,229,228,1816,1051,0,-0.0015444907
Warm C,902753,5458,5457,1824,1053,0,0.00400429
Warm C,532017,3285,3284,1824,1053,0,0.0067530917
Warm C,526687,3259,3258,1824,1053,0,-0.0025030528
Warm C,521029,3216,3215,1824,1053,1,0.008397892
Warm C,519782,3207,3206,1824,1053,0,0.003832315
Warm C,515362,3182,3181,1824,1053,1,0.002785334
Warm C,513373,3166,3165,1824,1053,0,0.0022033488
Warm C,527302,3261,3260,1824,1053,0,0.010665555
Warm C,507176,3121,3120,1824,1053,0,0.0037588691
Warm C,501195,3080,3079,1824,1053,0,0.0019421068
Warm C,480535,2948,2947,1824,1053,0,0.0033915616
Warm C,479876,2945,2944,1824,1053,0,0.011394618
Warm C,564251,3471,3470,1824,1053,0,0.0063253157
Warm C,411503,2472,2471,1824,1053,0,0.0019756448
Warm C,393845,2320,2319,1824,1053,0,0.00091181824
Warm C,367860,2148,2147,1824,1053,1,0.021101408
Warm C,364644,2124,2123,1824,1053,1,0.013589097
Warm C,351554,2063,2062,1824,1053,0,0.011475501
Warm C,281196,1687,1686,1824,1053,0,0.006746795
Warm C,264818,1610,1609,1824,1053,0,0.00925662
Warm C,304244,1807,1806,1824,1053,0,0.012836851
Warm C,259362,1587,1586,1824,1053,0,0.006996514
Warm C,332547,1962,1961,1824,1053,0,0.002483325
Warm C,210715,1285,1284,1824,1053,0,0.006323061
Warm C,277498,1676,1675,1824,1053,0,0.0122037735
Warm C,210043,1284,1283,1824,1053,1,0.010416586
Warm C,185043,1150,1149,1824,1053,1,0.011054663
Warm C,156657,1010,1009,1824,1053,0,0.0075935926
Warm C,128505,832,831,1824,1053,0,-0.00063196174
Warm C,124793,802,801,1824,1053,0,-0.0019481373
Warm C,306181,1824,1823,1824,1053,0,0.0038427892
Warm C,115997,752,751,1824,1053,1,0.017093508
Warm C,100088,669,668,1824,1053,1,0.001532008
Warm C,86528,566,565,1824,1053,1,0.0001122579
Warm C,82211,546,545,1824,1053,1,0.007872189
Warm C,82888,549,548,1824,1053,1,0.007423893
Warm C,59123,402,401,1824,1053,0,0.008528947
Warm C,56698,380,379,1824,1053,0,0.0054524266
Warm C,40376,272,271,1824,1053,1,0.008802934
Warm C,12833,99,98,1824,1053,0,0.0027438488
Warm C,695994,4169,4168,1824,1053,0,0.007021684
Warm C,317577,1889,1888,1824,1053,0,0.00217047
Warm C,324884,1925,1924,1824,1053,1,0.006376491
Warm C,790327,4728,4727,1824,1053,0,0.0025238164
Warm C,283989,1698,1697,1827,1054,1,0.016174855
Warm C,210720,1285,1284,1827,1054,1,0.025621966
Warm C,205678,1264,1263,1827,1054,1,0.01406538
Warm C,202382,1244,1243,1827,1054,1,0.011379959
Warm C,293115,1746,1745,1827,1054,1,0.007881245
Warm C,165552,1055,1054,1827,1054,1,0.0063591707
Warm C,258347,1584,1583,1827,1054,1,0.0024111783
Warm C,214726,1303,1302,1827,1054,0,0.024767494
Warm C,137974,889,888,1827,1054,0,0.011063247
Warm C,126100,813,812,1827,1054,1,0.0059959423
Warm C,116001,752,751,1827,1054,1,0.017414413
Warm C,105931,699,698,1827,1054,1,0.006191179
Warm C,370922,2168,2167,1827,1054,1,0.020360138
Warm C,97749,655,654,1827,1054,1,0.0074968357
Warm C,96357,647,646,1827,1054,1,0.008627123
Warm C,631431,3821,3820,1827,1054,0,0.0109522175
Warm C,92519,620,619,1827,1054,1,0.007784728
Warm C,190621,1181,1180,1827,1054,0,0.010833439
Warm C,65239,438,437,1827,1054,1,0.0014858511
Warm C,123333,796,795,1827,1054,1,0.022399776
Warm C,42966,294,293,1827,1054,0,0.002313805
Warm C,42771,293,292,1827,1054,1,0.0087112
Warm C,31363,212,211,1827,1054,1,0.0038464507
Warm C,290050,1733,1732,1827,1054,0,0.018086988
Warm C,16661,131,130,1827,1054,0,0.0034990627
Warm C,5024,36,35,1827,1054,1,0.016132101
Warm C,19970,149,148,1827,1054,1,0.01904963
Warm C,65969,442,441,1827,1054,1,0.019356005
Warm C,206733,1266,1265,1827,1054,0,0.011396879
Warm C,24335,173,172,1827,1054,1,0.0031411832
Warm C,23660,169,168,1827,1054,0,0.010519521
Warm C,254837,1551,1550,1827,1054,1,0.015741788
Warm C,783997,4682,4681,1827,1054,1,0.016709767
Warm C,309525,1842,1841,1827,1054,1,0.010670007
Warm C,947855,5723,5722,1827,1054,1,0.013116924
Warm C,712828,4277,4276,1827,1054,1,0.027525142
Warm C,322190,1912,1911,1827,1054,0,0.01851143
Warm C,28123,195,194,1827,1054,1,0.026662802
Warm C,344789,2023,2022,1827,1054,1,0.012164841
Warm C,546725,3371,3370,1827,1054,1,0.027806178
Warm C,216887,1317,1316,1827,1054,1,0.018940639
Warm C,193528,1194,1193,1827,1054,1,0.010814617
Warm C,499250,3067,3066,1836,1059,1,0.010092961
Warm C,498493,3062,3061,1836,1059,0,-0.00022175
Warm C,493934,3032,3031,1836,1059,1,-0.0026045572
Warm C,493300,3031,3030,1836,1059,1,0.012293337
Warm C,852569,5113,5112,1836,1059,0,0.005298162
Warm C,465597,2872,2871,1836,1059,1,0.0054747574
Warm C,459578,2832,2831,1836,1059,1,0.011789012
Warm C,458882,2825,2824,1836,1059,1,0.005794035
Warm C,949473,5737,5736,1836,1059,1,0.0040411935
Warm C,431367,2628,2627,1836,1059,1,7.93254e-06
Warm C,408088,2453,2452,1836,1059,0,0.009976093
Warm C,464079,2860,2859,1836,1059,1,0.007661556
Warm C,404448,2419,2418,1836,1059,0,0.007574208
Warm C,362840,2116,2115,1836,1059,0,0.009891182
Warm C,364652,2124,2123,1836,1059,1,0.0029088494
Warm C,330511,1951,1950,1836,1059,1,0.0052293446
Warm C,274627,1659,1658,1836,1059,0,0.011153225
Warm C,310074,1845,1844,1836,1059,1,0.004372884
Warm C,274328,1658,1657,1836,1059,1,0.013455024
Warm C,309905,1843,1842,1836,1059,1,0.0008402844
Warm C,212021,1291,1290,1836,1059,1,0.009853737
Warm C,196388,1207,1206,1836,1059,0,0.0057060197
Warm C,209383,1279,1278,1836,1059,0,0.009315707
Warm C,329209,1943,1942,1836,1059,1,0.0035942511
Warm C,185055,1150,1149,1836,1059,0,0.0062204683
Warm C,201436,1242,1241,1836,1059,1,-0.0035352327
Warm C,166369,1059,1058,1836,1059,0,0.008580161
Warm C,163723,1050,1049,1836,1059,0,0.016134396
Warm C,142353,919,918,1836,1059,1,0.006413431
Warm C,263127,1605,1604,1836,1059,0,0.0216825
Warm C,116013,752,751,1836,1059,1,0.0067149084
Warm C,111844,728,727,1836,1059,0,-0.0012951277
Warm C,778833,4653,4652,1836,1059,0,0.007560396
Warm C,107291,706,705,1836,1059,0,0.006615066
Warm C,176803,1117,1116,1836,1059,0,0.009424384
Warm C,97754,655,654,1836,1059,0,0.006510894
Warm C,96020,645,644,1836,1059,0,0.008163176
Warm C,332556,1962,1961,1836,1059,0,0.013680184
Warm C,631441,3821,3820,1836,1059,0,0.0076436074
Warm C,696014,4169,4168,1836,1059,1,0.01500787
Warm C,87215,570,569,1836,1059,0,0.006002401
Warm C,82909,549,548,1836,1059,1,0.0038238042
Warm C,190638,1181,1180,1836,1059,0,0.017176874
Warm C,79237,531,530,1836,1059,0,0.009123993
Warm C,77322,524,523,1836,1059,0,0.02244198
Warm C,71883,482,481,1836,1059,0,0.0076733427
Warm C,70109,474,473,1836,1059,1,0.012689363
Warm C,155275,1001,1000,1836,1059,1,0.0036209284
Warm C,53739,352,351,1836,1059,1,0.0142891845
Warm C,132345,855,854,1836,1059,1,0.012803206
Warm C,29195,199,198,1836,1059,0,0.0019173294
Warm C,26416,187,186,1836,1059,0,0.0034002126
Warm C,17495,136,135,1836,1059,1,0.009320576
Warm C,7708,53,52,1836,1059,1,0.006821545
Warm C,577,8,7,1836,1059,1,-0.0021589254
Warm C,36,1,0,1836,1059,1,0.011112396
Warm C,457771,2820,2819,1836,1059,0,0.0064541483
Warm C,206741,1266,1265,1836,1059,0,0.019558614
Warm C,450069,2775,2774,1836,1059,1,0.0039615845
Warm C,157952,1015,1014,1836,1059,1,0.0065742694
Warm C,762201,4528,4527,1836,1059,1,0.0058537307
Warm C,252438,1530,1529,1836,1059,1,0.0144191515
Warm C,497143,3054,3053,1836,1059,0,0.002906354
Warm C,164385,1051,1050,1836,1059,1,0.011263141
Warm C,317587,1889,1888,1836,1059,0,0.0068815863
Warm C,963933,5812,5811,1836,1059,0,0.0030518342
Warm C,302062,1794,1793,1836,1059,0,0.009734748
Warm C,200017,1228,1227,1836,1059,0,0.0016528568
Warm C,923885,5580,5579,1836,1059,1,0.0069012623
Warm C,195319,1203,1202,1836,1059,0,0.012124136
Warm C,159925,1019,1018,1836,1059,0,0.0042804806
Warm C,62716,424,423,1836,1059,0,0.013193497
Warm C,290059,1733,1732,1836,1059,1,0.012150753
Warm C,187550,1164,1163,1836,1059,1,0.0078031113
Warm C,933380,5636,5635,1836,1059,0,0.00477755
Warm C,537804,3312,3311,1837,1060,0,0.0140493065
Warm C,183508,1142,1141,1837,1060,0,0.013607759
Warm C,768648,4579,4578,1837,1060,0,0.011581592
Warm C,473387,2909,2908,1837,1060,1,0.011068657
Warm C,132348,855,854,1839,1061,0,0.011683766
Warm C,32058,216,215,1839,1061,0,0.006813361
Warm C,142163,918,917,1839,1061,0,0.0023058285
Warm C,362843,2116,2115,1839,1061,0,0.012365216
Warm C,489525,3013,3012,1839,1061,0,0.006818004
Warm C,878939,5312,5311,1839,1061,0,0.010606315
Warm C,565463,3475,3474,1839,1061,0,-0.002002466
Warm C,62719,424,423,1839,1061,0,0.014857027
Warm C,272760,1647,1646,1839,1061,0,0.011720073
Warm C,748816,4471,4470,1840,1062,0,-0.005789441
Warm C,534317,3299,3298,1840,1062,1,0.0015069244
Warm C,532034,3285,3284,1840,1062,0,0.01155331
Warm C,579948,3540,3539,1840,1062,1,0.0019367407
Warm C,526199,3253,3252,1840,1062,1,-0.00055175385
Warm C,502074,3082,3081,1840,1062,0,0.003626367
Warm C,500209,3072,3071,1840,1062,1,0.005832878
Warm C,496426,3051,3050,1840,1062,0,0.014522314
Warm C,493947,3032,3031,1840,1062,1,0.0028488836
Warm C,498265,3058,3057,1840,1062,1,0.011506955
Warm C,475435,2918,2917,1840,1062,1,0.0064778123
Warm C,852575,5113,5112,1840,1062,0,0.00675877
Warm C,468323,2887,2886,1840,1062,1,0.010863062
Warm C,458886,2825,2824,1840,1062,0,0.00104531
Warm C,455616,2806,2805,1840,1062,0,0.00972077
Warm C,450701,2777,2776,1840,1062,1,0.00066859904
Warm C,431368,2628,2627,1840,1062,1,0.0021052435
Warm C,420188,2540,2539,1840,1062,1,0.0037217601
Warm C,408101,2453,2452,1840,1062,0,0.006549028
Warm C,399001,2376,2375,1840,1062,0,0.0045811776
Warm C,398215,2368,2367,1840,1062,1,-0.004275427
Warm C,388599,2276,2275,1840,1062,0,0.0017315432
Warm C,386570,2261,2260,1840,1062,0,0.012681571
Warm C,378569,2210,2209,1840,1062,1,0.0011143197
Warm C,382454,2235,2234,1840,1062,0,-0.0030504242
Warm C,362853,2116,2115,1840,1062,0,0.004339576
Warm C,359300,2102,2101,1840,1062,0,0.008827616
Warm C,340528,2010,2009,1840,1062,0,0.004112514
Warm C,316187,1883,1882,1840,1062,0,0.00709121
Warm C,314612,1879,1878,1840,1062,1,0.0008455282
Warm C,267523,1626,1625,1840,1062,1,0.006536697
Warm C,265643,1613,1612,1840,1062,1,0.009261405
Warm C,260961,1595,1594,1840,1062,1,0.0041108537
Warm C,659097,3971,3970,1840,1062,1,0.0044181496
Warm C,350682,2059,2058,1840,1062,1,0.0046908082
Warm C,332563,1962,1961,1840,1062,0,0.0034254754
Warm C,301725,1793,1792,1840,1062,1,0.002699008
Warm C,233358,1420,1419,1840,1062,0,-0.0020757753
Warm C,325293,1926,1925,1840,1062,1,0.007608978
Warm C,307966,1836,1835,1840,1062,0,0.006416645
Warm C,243794,1470,1469,1840,1062,1,0.014854401
Warm C,194367,1199,1198,1840,1062,0,0.009919937
Warm C,182455,1139,1138,1840,1062,0,0.0072415527
Warm C,174058,1101,1100,1840,1062,1,0.0075686383
Warm C,166376,1059,1058,1840,1062,0,-0.0056967437
Warm C,334502,1974,1973,1840,1062,0,0.016021764
Warm C,163730,1050,1049,1840,1062,0,0.002156802
Warm C,152933,984,983,1840,1062,0,0.015130594
Warm C,151532,975,974,1840,1062,0,0.006473039
Warm C,148693,957,956,1840,1062,1,0.01127848
Warm C,199350,1224,1223,1840,1062,1,0.007208501
Warm C,311902,1860,1859,1840,1062,0,0.011594769
Warm C,136404,881,880,1840,1062,0,0.0051579922
Warm C,127670,824,823,1840,1062,1,0.0059922403
Warm C,126851,818,817,1840,1062,0,0.009816087
Warm C,116029,752,751,1840,1062,1,0.008837916
Warm C,114773,746,745,1840,1062,0,0.0052989903
Warm C,107806,710,709,1840,1062,1,0.0073106294
Warm C,299523,1778,1777,1840,1062,1,0.008618293
Warm C,175978,1113,1112,1840,1062,0,0.010107347
Warm C,190656,1181,1180,1840,1062,0,0.008953437
Warm C,82923,549,548,1840,1062,0,0.011602412
Warm C,78362,528,527,1840,1062,0,0.012762867
Warm C,239856,1449,1448,1840,1062,0,0.009793971
Warm C,53761,352,351,1840,1062,1,0.010675232
Warm C,68170,457,456,1840,1062,0,0.01009502
Warm C,42969,294,293,1840,1062,1,0.00296436
Warm C,696024,4169,4168,1840,1062,0,0.008907562
Warm C,33948,229,228,1840,1062,1,0.0057063485
Warm C,28161,195,194,1840,1062,1,0.006953766
Warm C,26425,187,186,1840,1062,1,0.012009909
Warm C,24909,175,174,1840,1062,1,0.008349499
Warm C,23379,168,167,1840,1062,1,-2.9681018e-05
Warm C,23340,167,166,1840,1062,0,-0.00071668415
Warm C,21571,157,156,1840,1062,1,0.004456359
Warm C,16675,131,130,1840,1062,0,0.011200761
Warm C,1526,15,14,1840,1062,0,-0.00589196
Warm C,595,8,7,1840,1062,1,0.0025793626
Warm C,223421,1354,1353,1840,1062,1,0.0018800942
Warm C,104214,692,691,1840,1062,1,0.009223471
Warm C,286624,1712,1711,1840,1062,0,0.011236584
Warm C,129288,839,838,1840,1062,1,0.0058475113
Warm C,113713,737,736,1840,1062,1,0.010339804
Warm C,933385,5636,5635,1840,1062,1,0.009059266
Warm C,233615,1421,1420,1840,1062,0,0.0076729413
Warm C,50160,331,330,1840,1062,1,0.010146665
Warm C,777693,4647,4646,1840,1062,0,0.007554093
Warm C,257540,1579,1578,1840,1062,0,0.0017251676
Warm C,497149,3054,3053,1840,1062,0,0.0008865773
Warm C,19994,149,148,1840,1062,0,0.007940215
Warm C,317595,1889,1888,1840,1062,0,0.017569402
Warm C,302071,1794,1793,1840,1062,0,0.007915069
Warm C,309532,1842,1841,1840,1062,1,0.000392986
Warm C,290066,1733,1732,1840,1062,0,0.012339777
Warm C,626618,3792,3791,1840,1062,1,0.00548367
Warm C,62732,424,423,1840,1062,0,0.005514286
Warm C,336665,1982,1981,1840,1062,1,0.010297721
Warm C,941342,5682,5681,1840,1062,1,0.007864334
Warm C,825512,4958,4957,1840,1062,1,0.0035351422
Warm C,193544,1194,1193,1840,1062,0,0.0041691465
Warm C,348905,2047,2046,1841,1063,0,0.002896306
Warm C,295988,1757,1756,1841,1063,0,0.012484495
Warm C,265645,1613,1612,1841,1063,0,0.0066173803
Warm C,263877,1606,1605,1841,1063,1,0.01526059
Warm C,335674,1980,1979,1841,1063,0,0.011933055
Warm C,303722,1804,1803,1841,1063,0,0.0027822913
Warm C,278898,1680,1679,1841,1063,0,0.0083861165
Warm C,196394,1207,1206,1841,1063,0,-2.0562438e-06
Warm C,307314,1835,1834,1841,1063,0,0.006135797
Warm C,331453,1958,1957,1841,1063,1,0.017370576
Warm C,183919,1146,1145,1841,1063,0,-0.008878041
Warm C,168328,1069,1068,1841,1063,1,0.0031551602
Warm C,159933,1019,1018,1841,1063,0,0.008129471
Warm C,145283,935,934,1841,1063,0,0.0067781433
Warm C,117427,757,756,1841,1063,0,0.014059967
Warm C,116030,752,751,1841,1063,0,0.0015046583
Warm C,113245,735,734,1841,1063,0,0.0054780506
Warm C,110686,721,720,1841,1063,0,0.0062514907
Warm C,696026,4169,4168,1841,1063,1,0.017972484
Warm C,320731,1902,1901,1841,1063,0,0.0007640958
Warm C,190659,1181,1180,1841,1063,0,0.016331796
Warm C,82925,549,548,1841,1063,1,0.012839106
Warm C,481709,2962,2961,1841,1063,0,0.007270835
Warm C,26427,187,186,1841,1063,0,0.0043816883
Warm C,204488,1260,1259,1841,1063,0,0.006068713
Warm C,16982,133,132,1841,1063,1,0.008429633
Warm C,290067,1733,1732,1841,1063,0,0.019206263
Warm C,15611,123,122,1841,1063,0,0.006984025
Warm C,638990,3842,3841,1841,1063,1,0.006198496
Warm C,50163,331,330,1841,1063,1,0.0033937525
Warm C,712854,4277,4276,1841,1063,1,0.01245886
Warm C,129289,839,838,1841,1063,0,0.01118225
Warm C,567347,3483,3482,1841,1063,0,0.016040066
Warm C,193545,1194,1193,1841,1063,1,0.010927789
Warm C,62735,424,423,1841,1063,1,0.008438273
Warm C,637922,3841,3840,1848,1065,0,0.02320078
Warm C,625858,3785,3784,1848,1065,1,0.0049292585
Warm C,624632,3778,3777,1848,1065,0,0.01820887
Warm C,620628,3760,3759,1848,1065,0,0.006823829
Warm C,612856,3715,3714,1848,1065,0,0.014408873
Warm C,610126,3698,3697,1848,1065,0,0.00052050705
Warm C,607426,3687,3686,1848,1065,0,0.012495065
Warm C,604083,3675,3674,1848,1065,0,0.011014843
Warm C,587789,3589,3588,1848,1065,0,0.007623791
Warm C,586718,3582,3581,1848,1065,0,0.0044879643
Warm C,758478,4510,4509,1848,1065,1,0.006896354
Warm C,573197,3511,3510,1848,1065,1,0.004039701
Warm C,593601,3618,3617,1848,1065,0,0.0060168616
Warm C,561178,3453,3452,1848,1065,0,0.010792216
Warm C,552203,3401,3400,1848,1065,1,0.0056977347
Warm C,555193,3414,3413,1848,1065,1,0.004734377
Warm C,541616,3333,3332,1848,1065,0,0.0008717277
Warm C,535878,3308,3307,1848,1065,0,0.00635323
Warm C,529558,3272,3271,1848,1065,1,0.011958696
Warm C,521037,3216,3215,1848,1065,0,0.010035102
Warm C,539807,3320,3319,1848,1065,1,0.018139303
Warm C,527323,3261,3260,1848,1065,0,0.0069998396
Warm C,507185,3121,3120,1848,1065,0,0.013643585
Warm C,503390,3093,3092,1848,1065,0,0.01418915
Warm C,501704,3081,3080,1848,1065,0,0.006749925
Warm C,493954,3032,3031,1848,1065,1,0.0034035058
Warm C,484925,2986,2985,1848,1065,0,0.0033085663
Warm C,477967,2934,2933,1848,1065,0,0.011436082
Warm C,472135,2906,2905,1848,1065,1,0.0033136292
Warm C,473411,2909,2908,1848,1065,0,0.005818181
Warm C,469544,2892,2891,1848,1065,1,0.004735656
Warm C,754624,4497,4496,1848,1065,1,0.0019987933
Warm C,466713,2878,2877,1848,1065,0,-0.0044270502
Warm C,455385,2804,2803,1848,1065,1,0.01644077
Warm C,444943,2744,2743,1848,1065,0,0.006526309
Warm C,437912,2676,2675,1848,1065,1,0.018784698
Warm C,437814,2675,2674,1848,1065,0,0.01484494
Warm C,418554,2529,2528,1848,1065,1,-0.0034235532
Warm C,403607,2411,2410,1848,1065,1,0.0116545465
Warm C,385678,2255,2254,1848,1065,0,0.010386625
Warm C,384050,2244,2243,1848,1065,0,0.007321018
Warm C,355907,2085,2084,1848,1065,0,0.005872706
Warm C,356303,2088,2087,1848,1065,0,0.0068142316
Warm C,361504,2109,2108,1848,1065,0,0.008146602
Warm C,358824,2100,2099,1848,1065,0,0.006698914
Warm C,341484,2012,2011,1848,1065,0,0.008223733
Warm C,335680,1980,1979,1848,1065,0,0.017362164
Warm C,331104,1956,1955,1848,1065,0,-0.002321531
Warm C,288829,1726,1725,1848,1065,0,-0.0036629094
Warm C,286232,1709,1708,1848,1065,1,0.009707262
Warm C,323727,1920,1919,1848,1065,1,0.008689811
Warm C,283481,1697,1696,1848,1065,1,0.01052407
Warm C,258944,1586,1585,1848,1065,1,0.01621073
Warm C,342319,2015,2014,1848,1065,0,0.006713909
Warm C,236340,1434,1433,1848,1065,0,0.013087137
Warm C,229865,1391,1390,1848,1065,0,-0.0026989034
Warm C,222347,1345,1344,1848,1065,1,0.006289322
Warm C,216006,1311,1310,1848,1065,0,0.01311448
Warm C,216909,1317,1316,1848,1065,0,0.010054639
Warm C,296762,1759,1758,1848,1065,0,0.0034359784
Warm C,213365,1298,1297,1848,1065,0,0.017676549
Warm C,272775,1647,1646,1848,1065,0,0.010333274
Warm C,207735,1271,1270,1848,1065,1,0.011629572
Warm C,261669,1599,1598,1848,1065,0,0.017934268
Warm C,278908,1680,1679,1848,1065,0,0.024236146
Warm C,196397,1207,1206,1848,1065,0,0.013809026
Warm C,456394,2810,2809,1848,1065,0,-7.264665e-05
Warm C,327841,1941,1940,1848,1065,1,-0.0004572128
Warm C,186336,1152,1151,1848,1065,0,0.011788789
Warm C,177490,1119,1118,1848,1065,1,-0.0040390207
Warm C,173571,1100,1099,1848,1065,0,0.018750405
Warm C,248727,1501,1500,1848,1065,0,0.00880909
Warm C,163410,1046,1045,1848,1065,0,0.00792274
Warm C,163149,1042,1041,1848,1065,0,0.012652086
Warm C,161967,1033,1032,1848,1065,1,0.007069953
Warm C,227574,1380,1379,1848,1065,0,0.0033412143
Warm C,190665,1181,1180,1848,1065,0,0.0068487176
Warm C,360619,2106,2105,1848,1065,0,-0.0019486856
Warm C,156690,1010,1009,1848,1065,0,0.013555792
Warm C,176374,1115,1114,1848,1065,0,0.0044262726
Warm C,123843,798,797,1848,1065,1,0.010496882
Warm C,110318,720,719,1848,1065,0,0.004169699
Warm C,112361,731,730,1848,1065,1,0.0018292516
Warm C,93755,629,628,1848,1065,0,0.010341827
Warm C,87419,571,570,1848,1065,0,0.0064686984
Warm C,85235,556,555,1848,1065,1,0.0051957592
Warm C,84944,552,551,1848,1065,0,0.0065754424
Warm C,82930,549,548,1848,1065,1,0.006583953
Warm C,82070,544,543,1848,1065,1,0.0036301294
Warm C,79872,532,531,1848,1065,1,-0.0038380316
Warm C,83999,550,549,1848,1065,0,0.00095732836
Warm C,73083,494,493,1848,1065,1,0.0008945187
Warm C,66828,449,448,1848,1065,0,-0.0045887856
Warm C,65259,438,437,1848,1065,1,0.015352477
Warm C,64529,431,430,1848,1065,0,0.0013528294
Warm C,64182,429,428,1848,1065,0,0.021733105
Warm C,39360,267,266,1848,1065,1,-0.00055765535
Warm C,33954,229,228,1848,1065,0,0.0016536845
Warm C,14075,114,113,1848,1065,1,-0.0042417077
Warm C,10516,75,74,1848,1065,1,0.008403821
Warm C,28175,195,194,1848,1065,1,0.02167873
Warm C,7739,53,52,1848,1065,0,0.0072230864
Warm C,22546,163,162,1848,1065,0,0.0032276218
Warm C,233983,1422,1421,1848,1065,0,0.0031682153
Warm C,807570,4834,4833,1848,1065,1,0.009913709
Warm C,129293,839,838,1848,1065,1,0.0015901064
Warm C,567352,3483,3482,1848,1065,0,0.0054389266
Warm C,12007,92,91,1848,1065,0,0.02094491
Warm C,427322,2594,2593,1848,1065,0,0.0048960433
Warm C,178008,1120,1119,1848,1065,0,-0.00046426198
Warm C,171441,1088,1087,1848,1065,0,0.009901558
Warm C,206281,1265,1264,1848,1065,0,0.008156913
Warm C,811043,4867,4866,1848,1065,1,0.01942693
Warm C,823252,4950,4949,1848,1065,0,0.005421621
Warm C,484581,2985,2984,1848,1065,0,0.010588104
Warm C,638994,3842,3841,1848,1065,1,0.008387901
Warm C,25995,184,183,1848,1065,1,0.0056100227
Warm C,286235,1709,1708,1855,1066,1,0.014762682
Warm C,259380,1587,1586,1855,1066,0,0.005383946
Warm C,335688,1980,1979,1855,1066,0,0.020733673
Warm C,262164,1600,1599,1855,1066,0,0.012014968
Warm C,261671,1599,1598,1855,1066,1,0.0145361135
Warm C,278922,1680,1679,1855,1066,0,0.013123697
Warm C,187383,1163,1162,1855,1066,0,-0.0036576902
Warm C,178015,1120,1119,1855,1066,0,0.00051200297
Warm C,243809,1470,1469,1855,1066,1,0.009653388
Warm C,179505,1125,1124,1855,1066,1,0.0038873954
Warm C,173577,1100,1099,1855,1066,0,0.0060867397
Warm C,272096,1645,1644,1855,1066,1,0.0034291216
Warm C,156697,1010,1009,1855,1066,0,0.009842952
Warm C,248730,1501,1500,1855,1066,1,0.012337031
Warm C,124202,800,799,1855,1066,0,0.016142353
Warm C,360625,2106,2105,1855,1066,0,0.010433732
Warm C,105958,699,698,1855,1066,0,0.014540642
Warm C,109230,714,713,1855,1066,1,0.003153833
Warm C,98691,660,659,1855,1066,0,0.0041696876
Warm C,291258,1737,1736,1855,1066,0,0.0052954876
Warm C,82938,549,548,1855,1066,1,0.008774994
Warm C,84007,550,549,1855,1066,0,0.015204301
Warm C,65266,438,437,1855,1066,1,0.013038071
Warm C,58082,392,391,1855,1066,0,0.0021497887
Warm C,48264,324,323,1855,1066,0,0.006937177
Warm C,39571,268,267,1855,1066,0,0.0018404186
Warm C,32109,216,215,1855,1066,0,0.022805864
Warm C,239869,1449,1448,1855,1066,0,0.024315802
Warm C,304037,1806,1805,1855,1066,0,0.0088340305
Warm C,16440,130,129,1855,1066,0,0.0019962583
Warm C,234856,1425,1424,1855,1066,0,0.011172877
Warm C,626630,3792,3791,1855,1066,0,0.004812945
Warm C,28204,195,194,1855,1066,0,0.010306074
Warm C,362868,2116,2115,1855,1066,0,-0.0034673568
Warm C,784015,4682,4681,1855,1066,1,0.0101663815
Warm C,682304,4085,4084,1855,1066,0,0.0087783225
Warm C,327852,1941,1940,1855,1066,0,0.007956041
Warm C,489537,3013,3012,1855,1066,0,0.014672189
Warm C,599145,3648,3647,1855,1066,0,0.005851128
Warm C,52169,343,342,1855,1066,1,-0.0004887681
Warm C,768654,4579,4578,1855,1066,0,0.010575949
Warm C,501209,3080,3079,1855,1066,0,0.009443635
Warm C,564280,3471,3470,1855,1066,0,0.012964211
Warm C,215453,1306,1305,1855,1066,1,0.01946543
Warm C,174064,1101,1100,1855,1066,0,0.016820867
Warm C,562485,3462,3461,1855,1066,0,0.00797043
Warm C,974258,5878,5877,1855,1066,0,0.012028839
Warm C,549939,3391,3390,1855,1066,0,0.0048191613
Warm C,26448,187,186,1856,1067,1,0.0031188978
Warm C,947518,5722,5721,1856,1067,1,0.0053731008
Warm C,18097,139,138,1856,1067,1,0.00649329
Warm C,17520,136,135,1856,1067,0,0.0019762847
Warm C,372608,2176,2175,1856,1067,1,0.0041922196
Warm C,290075,1733,1732,1856,1067,0,0.0068975016
Warm C,309537,1842,1841,1856,1067,1,0.0091912635
Warm C,719974,4312,4311,1856,1067,0,0.00663032
Warm C,480429,2947,2946,1856,1067,0,0.004144515
Warm C,233619,1421,1420,1856,1067,1,0.00688019
Warm C,974259,5878,5877,1856,1067,0,0.0031251314
Warm C,549940,3391,3390,1856,1067,1,0.01163649
Warm C,548949,3389,3388,1858,1068,0,0.013999955
Warm C,525034,3242,3241,1858,1068,0,0.009214038
Warm C,520300,3209,3208,1858,1068,0,0.0067615863
Warm C,516881,3191,3190,1858,1068,0,0.006096715
Warm C,511293,3154,3153,1858,1068,0,0.016440833
Warm C,507186,3121,3120,1858,1068,0,0.014740882
Warm C,505808,3111,3110,1858,1068,0,0.0033728392
Warm C,646605,3892,3891,1858,1068,0,0.020165212
Warm C,516378,3189,3188,1858,1068,0,0.012303589
Warm C,496429,3051,3050,1858,1068,0,0.006564964
Warm C,493964,3032,3031,1858,1068,1,0.014432687
Warm C,490654,3018,3017,1858,1068,1,0.016632045
Warm C,486577,2995,2994,1858,1068,1,0.009912516
Warm C,482628,2967,2966,1858,1068,0,0.016238166
Warm C,471314,2900,2899,1858,1068,0,0.023343597
Warm C,468330,2887,2886,1858,1068,1,0.008667138
Warm C,468092,2886,2885,1858,1068,1,0.01172432
Warm C,466314,2876,2875,1858,1068,1,0.0010994908
Warm C,450716,2777,2776,1858,1068,0,0.015979145
Warm C,564281,3471,3470,1858,1068,0,0.020519193
Warm C,447878,2761,2760,1858,1068,0,0.011452569
Warm C,440944,2700,2699,1858,1068,0,-0.0011260426
Warm C,424677,2576,2575,1858,1068,1,0.006170625
Warm C,609602,3695,3694,1858,1068,1,0.004099268
Warm C,402664,2403,2402,1858,1068,0,0.0047260467
Warm C,400331,2383,2382,1858,1068,1,0.0102541
Warm C,383628,2242,2241,1858,1068,1,0.015195339
Warm C,370460,2166,2165,1858,1068,1,0.00436393
Warm C,367203,2143,2142,1858,1068,1,0.017385479
Warm C,355915,2085,2084,1858,1068,1,0.009042753
Warm C,349491,2051,2050,1858,1068,0,0.005321032
Warm C,351604,2063,2062,1858,1068,0,0.019263526
Warm C,373948,2181,2180,1858,1068,0,0.015109982
Warm C,342322,2015,2014,1858,1068,1,0.0019631125
Warm C,341490,2012,2011,1858,1068,0,0.009346874
Warm C,380753,2225,2224,1858,1068,0,0.017499696
Warm C,303489,1803,1802,1858,1068,1,0.016088314
Warm C,297395,1764,1763,1858,1068,1,0.010892314
Warm C,285913,1706,1705,1858,1068,0,0.0017125872
Warm C,289257,1727,1726,1858,1068,1,0.017562676
Warm C,288830,1726,1725,1858,1068,0,0.014830818
Warm C,282576,1694,1693,1858,1068,1,0.009325879
Warm C,269823,1635,1634,1858,1068,1,0.015998362
Warm C,358215,2097,2096,1858,1068,1,0.0072858306
Warm C,257547,1579,1578,1858,1068,0,0.015168447
Warm C,256329,1564,1563,1858,1068,1,0.00719384
Warm C,329220,1943,1942,1858,1068,1,0.017661517
Warm C,231607,1404,1403,1858,1068,0,0.010691697
Warm C,227048,1377,1376,1858,1068,0,0.022805367
Warm C,296766,1759,1758,1858,1068,1,0.0074360557
Warm C,213866,1299,1298,1858,1068,1,0.0068002325
Warm C,350266,2056,2055,1858,1068,0,0.020368937
Warm C,267161,1624,1623,1858,1068,0,0.0025789551
Warm C,363915,2120,2119,1858,1068,1,0.0042161606
Warm C,175419,1112,1111,1858,1068,1,0.014591036
Warm C,327856,1941,1940,1858,1068,1,0.020232428
Warm C,344398,2021,2020,1858,1068,0,0.001732325
Warm C,227576,1380,1379,1858,1068,0,0.013140943
Warm C,319972,1899,1898,1858,1068,1,0.009906491
Warm C,155794,1004,1003,1858,1068,0,0.015708834
Warm C,190675,1181,1180,1858,1068,0,0.020590723
Warm C,276859,1675,1674,1858,1068,0,0.009242315
Warm C,136414,881,880,1858,1068,0,0.011040063
Warm C,135521,877,876,1858,1068,1,0.012243625
Warm C,121845,785,784,1858,1068,1,0.0027147874
Warm C,115077,747,746,1858,1068,1,0.018728364
Warm C,113251,735,734,1858,1068,0,0.016558422
Warm C,96369,647,646,1858,1068,0,0.015493715
Warm C,91602,608,607,1858,1068,0,0.0008172272
Warm C,80682,536,535,1858,1068,0,0.0012644492
Warm C,84008,550,549,1858,1068,0,0.011969054
Warm C,77345,524,523,1858,1068,0,0.022946063
Warm C,87055,569,568,1858,1068,1,0.010074012
Warm C,67375,453,452,1858,1068,0,0.012251385
Warm C,65267,438,437,1858,1068,1,0.010793766
Warm C,38040,260,259,1858,1068,0,0.009170126
Warm C,537818,3312,3311,1858,1068,0,0.0130976755
Warm C,53265,351,350,1858,1068,1,0.008046394
Warm C,35856,242,241,1858,1068,1,0.007745143
Warm C,626631,3792,3791,1858,1068,1,0.020544127
Warm C,29222,199,198,1858,1068,0,0.018353783
Warm C,291260,1737,1736,1858,1068,0,0.019769002
Warm C,299957,1779,1778,1858,1068,1,0.0074305534
Warm C,23712,169,168,1858,1068,1,0.009870823
Warm C,22568,163,162,1858,1068,0,0.01764943
Warm C,16863,132,131,1858,1068,1,0.020469932
Warm C,12503,95,94,1858,1068,1,0.013927027
Warm C,10269,73,72,1858,1068,1,0.0061033145
Warm C,17171,134,133,1858,1068,1,0.008163795
Warm C,538433,3313,3312,1858,1068,1,0.006563224
Warm C,552212,3401,3400,1858,1068,1,0.014593758
Warm C,104220,692,691,1858,1068,1,0.013620825
Warm C,237759,1447,1446,1858,1068,1,0.018537648
Warm C,635826,3833,3832,1858,1068,0,0.020005245
Warm C,54523,355,354,1858,1068,1,0.007400385
Warm C,475440,2918,2917,1858,1068,0,0.009805899
Warm C,130482,846,845,1858,1068,1,0.0011562018
Warm C,447305,2756,2755,1858,1068,0,0.012751822
Warm C,116042,752,751,1858,1068,0,0.019650899
Warm C,11637,90,89,1858,1068,1,0.00878276
Warm C,145751,937,936,1858,1068,0,0.010461073
Warm C,164410,1051,1050,1858,1068,0,0.01846714
Warm C,309538,1842,1841,1858,1068,1,0.021517143
Warm C,290076,1733,1732,1858,1068,0,0.015464898
Warm C,621995,3768,3767,1858,1068,0,0.018244237
Warm C,476294,2926,2925,1858,1068,0,0.010649788
Warm C,388080,2271,2270,1858,1068,0,0.005422375
Warm C,581273,3550,3549,1858,1068,1,0.015086481
Warm C,420890,2544,2543,1858,1068,1,0.013308978
Warm C,840400,5049,5048,1858,1068,1,0.009305314
Warm C,272782,1647,1646,1858,1068,0,0.024795834
Warm C,221222,1340,1339,1858,1068,0,0.010395939
Warm C,629269,3808,3807,1862,1069,0,0.016504467
Warm C,623303,3771,3770,1862,1069,0,0.007905934
Warm C,621137,3762,3761,1862,1069,0,0.022916107
Warm C,620636,3760,3759,1862,1069,0,0.016047932
Warm C,617268,3736,3735,1862,1069,0,0.009535232
Warm C,613199,3716,3715,1862,1069,1,0.009844618
Warm C,612863,3715,3714,1862,1069,0,-0.0005478668
Warm C,599897,3650,3649,1862,1069,0,0.02000033
Warm C,584183,3565,3564,1862,1069,0,0.0038905013
Warm C,758485,4510,4509,1862,1069,0,0.030119069
Warm C,572781,3509,3508,1862,1069,0,0.0098063
Warm C,657075,3961,3960,1862,1069,0,0.019929979
Warm C,557183,3423,3422,1862,1069,0,0.003184313
Warm C,555713,3416,3415,1862,1069,0,0.013102081
Warm C,548955,3389,3388,1862,1069,0,0.017198058
Warm C,549950,3391,3390,1862,1069,0,0.019581096
Warm C,545648,3365,3364,1862,1069,1,0.020235807
Warm C,535890,3308,3307,1862,1069,0,0.009684559
Warm C,531659,3283,3282,1862,1069,0,0.005372793
Warm C,517383,3193,3192,1862,1069,0,0.011083116
Warm C,513683,3169,3168,1862,1069,0,0.009638814
Warm C,566127,3476,3475,1862,1069,0,0.007034507
Warm C,507188,3121,3120,1862,1069,1,0.008589748
Warm C,516383,3189,3188,1862,1069,0,0.016365401
Warm C,589848,3599,3598,1862,1069,0,-0.003923102
Warm C,489164,3012,3011,1862,1069,0,0.0039884383
Warm C,491569,3024,3023,1862,1069,0,0.005694961
Warm C,653452,3940,3939,1862,1069,0,0.017586417
Warm C,472466,2907,2906,1862,1069,0,0.010044038
Warm C,473430,2909,2908,1862,1069,0,0.01989801
Warm C,463166,2857,2856,1862,1069,0,0.021704841
Warm C,457792,2820,2819,1862,1069,0,0.011539199
Warm C,475445,2918,2917,1862,1069,0,0.009784258
Warm C,445534,2748,2747,1862,1069,0,0.016592704
Warm C,438970,2682,2681,1862,1069,0,0.0006122836
Warm C,430031,2621,2620,1862,1069,0,0.005736473
Warm C,426419,2590,2589,1862,1069,0,0.009007151
Warm C,424678,2576,2575,1862,1069,0,0.007342733
Warm C,409545,2457,2456,1862,1069,0,0.008054533
Warm C,396316,2344,2343,1862,1069,0,0.008999901
Warm C,391128,2299,2298,1862,1069,0,0.013256919
Warm C,386576,2261,2260,1862,1069,0,0.010038835
Warm C,377171,2203,2202,1862,1069,0,0.010748982
Warm C,376820,2200,2199,1862,1069,0,0.0005425643
Warm C,370674,2167,2166,1862,1069,0,0.0061066197
Warm C,366768,2138,2137,1862,1069,1,0.0013865777
Warm C,365351,2126,2125,1862,1069,0,0.007578909
Warm C,358438,2098,2097,1862,1069,0,0.006937519
Warm C,351617,2063,2062,1862,1069,0,0.013882328
Warm C,340540,2010,2009,1862,1069,0,0.011716716
Warm C,342329,2015,2014,1862,1069,0,0.015740544
Warm C,323502,1919,1918,1862,1069,0,0.0068226983
Warm C,305279,1814,1813,1862,1069,0,0.012934508
Warm C,297403,1764,1763,1862,1069,1,-0.0028930015
Warm C,295438,1754,1753,1862,1069,0,0.005291688
Warm C,293134,1746,1745,1862,1069,0,0.015225086
Warm C,288415,1723,1722,1862,1069,1,0.01456407
Warm C,275049,1666,1665,1862,1069,0,0.0103828665
Warm C,277543,1676,1675,1862,1069,0,0.023584701
Warm C,276868,1675,1674,1862,1069,1,0.007796009
Warm C,287393,1716,1715,1862,1069,0,0.015150115
Warm C,271427,1641,1640,1862,1069,0,0.016139265
Warm C,268311,1630,1629,1862,1069,0,0.016799018
Warm C,266607,1617,1616,1862,1069,0,0.014774772
Warm C,392060,2304,2303,1862,1069,1,0.004620351
Warm C,227055,1377,1376,1862,1069,0,0.020143697
Warm C,224461,1357,1356,1862,1069,0,0.015729858
Warm C,216190,1312,1311,1862,1069,0,0.015382996
Warm C,214065,1300,1299,1862,1069,0,0.0043844692
Warm C,327873,1941,1940,1862,1069,0,0.026445996
Warm C,186911,1159,1158,1862,1069,0,0.0017611515
Warm C,178823,1122,1121,1862,1069,0,0.020121343
Warm C,178023,1120,1119,1862,1069,0,0.014096105
Warm C,177501,1119,1118,1862,1069,0,0.008732664
Warm C,183931,1146,1145,1862,1069,0,0.008247659
Warm C,168337,1069,1068,1862,1069,0,0.011014545
Warm C,157996,1015,1014,1862,1069,0,0.016254187
Warm C,436298,2665,2664,1862,1069,0,0.020054672
Warm C,147349,949,948,1862,1069,0,0.023162248
Warm C,146887,948,947,1862,1069,0,0.0060692183
Warm C,190686,1181,1180,1862,1069,0,0.010331311
Warm C,156706,1010,1009,1862,1069,0,0.017503683
Warm C,215458,1306,1305,1862,1069,0,0.014986206
Warm C,135528,877,876,1862,1069,0,0.019249894
Warm C,134138,869,868,1862,1069,0,0.011454402
Warm C,138048,889,888,1862,1069,0,0.009519083
Warm C,127066,820,819,1862,1069,0,0.011244424
Warm C,125500,808,807,1862,1069,0,0.009383136
Warm C,120340,777,776,1862,1069,0,0.014437875
Warm C,119720,772,771,1862,1069,0,0.009407248
Warm C,114074,741,740,1862,1069,1,0.0064046253
Warm C,166759,1060,1059,1862,1069,0,0.01868831
Warm C,107819,710,709,1862,1069,0,0.012450229
Warm C,99421,663,662,1862,1069,0,0.017213047
Warm C,92716,621,620,1862,1069,0,0.018261416
Warm C,91169,604,603,1862,1069,0,0.023871228
Warm C,320735,1902,1901,1862,1069,0,0.01377489
Warm C,299534,1778,1777,1862,1069,0,0.019725442
Warm C,86064,563,562,1862,1069,0,0.018153988
Warm C,82483,548,547,1862,1069,0,-0.0017034668
Warm C,362880,2116,2115,1862,1069,0,0.012529099
Warm C,68631,461,460,1862,1069,0,0.012825645
Warm C,66501,445,444,1862,1069,0,0.009689326
Warm C,53830,352,351,1862,1069,0,0.0120519325
Warm C,51172,337,336,1862,1069,0,0.019995263
Warm C,51000,336,335,1862,1069,0,0.007858707
Warm C,110702,721,720,1862,1069,1,0.017856654
Warm C,45206,305,304,1862,1069,0,0.0039415546
Warm C,41833,284,283,1862,1069,0,0.0044463677
Warm C,41208,278,277,1862,1069,1,0.0052171247
Warm C,38518,262,261,1862,1069,0,-0.002097713
Warm C,33966,229,228,1862,1069,0,0.007751571
Warm C,29231,199,198,1862,1069,0,0.00821768
Warm C,291265,1737,1736,1862,1069,0,0.0027542748
Warm C,99821,667,666,1862,1069,0,-0.006646584
Warm C,536992,3311,3310,1862,1069,0,0.006397358
Warm C,22582,163,162,1862,1069,0,0.016365979
Warm C,8516,58,57,1862,1069,0,0.017514776
Warm C,696063,4169,4168,1862,1069,0,0.01922628
Warm C,552219,3401,3400,1862,1069,0,0.017883215
Warm C,174067,1101,1100,1862,1069,0,0.016305277
Warm C,626643,3792,3791,1862,1069,0,0.012391681
Warm C,237772,1447,1446,1862,1069,0,0.016348539
Warm C,365698,2129,2128,1862,1069,0,0.009389413
Warm C,50199,331,330,1862,1069,0,0.009646887
Warm C,171461,1088,1087,1862,1069,0,0.015247179
Warm C,454550,2796,2795,1862,1069,0,0.010384141
Warm C,28230,195,194,1862,1069,0,0.019508004
Warm C,310598,1851,1850,1862,1069,0,0.0035536108
Warm C,811050,4867,4866,1862,1069,0,0.01187084
Warm C,221228,1340,1339,1862,1069,0,0.017245883
Warm C,891482,5387,5386,1862,1069,0,0.01832378
Warm C,977861,5892,5891,1862,1069,0,0.013508189
Warm C,206284,1265,1264,1862,1069,0,0.0041335705
Warm C,230474,1395,1394,1862,1069,0,0.012941065
Warm C,484583,2985,2984,1862,1069,1,0.0052126814
Warm C,241085,1451,1450,1862,1069,0,0.018327372
Warm C,718498,4305,4304,1862,1069,0,0.010114877
Warm C,579951,3540,3539,1863,1070,1,0.007186185
Warm C,577679,3527,3526,1863,1070,0,-0.001602085
Warm C,617025,3735,3734,1863,1070,0,0.0039180494
Warm C,556827,3422,3421,1863,1070,0,0.010825248
Warm C,552220,3401,3400,1863,1070,0,0.0124948695
Warm C,575228,3519,3518,1863,1070,0,0.01656047
Warm C,545649,3365,3364,1863,1070,0,0.015767345
Warm C,540970,3328,3327,1863,1070,0,0.0075552524
Warm C,536993,3311,3310,1863,1070,0,0.016762905
Warm C,535891,3308,3307,1863,1070,0,0.010938502
Warm C,532047,3285,3284,1863,1070,0,0.02010832
Warm C,515387,3182,3181,1863,1070,0,0.01265084
Warm C,514832,3180,3179,1863,1070,0,0.0115142185
Warm C,512718,3163,3162,1863,1070,0,0.02091026
Warm C,508539,3129,3128,1863,1070,0,0.02262175
Warm C,502083,3082,3081,1863,1070,0,-0.0016484349
Warm C,516384,3189,3188,1863,1070,0,0.0132367015
Warm C,493972,3032,3031,1863,1070,1,0.015862597
Warm C,492014,3026,3025,1863,1070,0,0.009666946
Warm C,473431,2909,2908,1863,1070,0,0.00865224
Warm C,467613,2882,2881,1863,1070,1,0.01010417
Warm C,452243,2785,2784,1863,1070,0,0.008728431
Warm C,450216,2776,2775,1863,1070,0,0.0066501563
Warm C,438796,2681,2680,1863,1070,0,-0.0027280003
Warm C,430032,2621,2620,1863,1070,0,0.011429584
Warm C,450724,2777,2776,1863,1070,0,0.008001579
Warm C,412748,2484,2483,1863,1070,0,0.012241852
Warm C,405679,2432,2431,1863,1070,1,-0.0024825977
Warm C,404143,2415,2414,1863,1070,0,0.013658574
Warm C,404461,2419,2418,1863,1070,0,0.005305675
Warm C,399458,2378,2377,1863,1070,1,0.006965553
Warm C,392062,2304,2303,1863,1070,0,0.013638915
Warm C,355918,2085,2084,1863,1070,0,0.013317188
Warm C,351618,2063,2062,1863,1070,0,0.021198053
Warm C,341496,2012,2011,1863,1070,0,0.008044194
Warm C,340541,2010,2009,1863,1070,0,0.009038141
Warm C,314616,1879,1878,1863,1070,0,0.003315166
Warm C,299009,1776,1775,1863,1070,0,0.008128898
Warm C,262168,1600,1599,1863,1070,0,0.02052658
Warm C,224094,1356,1355,1863,1070,0,0.0056888387
Warm C,215908,1309,1308,1863,1070,1,0.01236801
Warm C,212833,1297,1296,1863,1070,0,0.012180982
Warm C,261679,1599,1598,1863,1070,0,0.010924786
Warm C,278945,1680,1679,1863,1070,0,0.008524478
Warm C,235818,1427,1426,1863,1070,0,-0.00093527464
Warm C,186912,1159,1158,1863,1070,0,0.011687996
Warm C,198597,1220,1219,1863,1070,1,0.0063343756
Warm C,255476,1556,1555,1863,1070,0,0.0163292
Warm C,155799,1004,1003,1863,1070,0,0.008647767
Warm C,156707,1010,1009,1863,1070,0,0.011729689
Warm C,136423,881,880,1863,1070,0,0.0099641215
Warm C,332574,1962,1961,1863,1070,0,0.009731385
Warm C,121480,781,780,1863,1070,0,0.008329626
Warm C,115325,749,748,1863,1070,0,0.010665665
Warm C,299535,1778,1777,1863,1070,0,0.014546428
Warm C,118302,765,764,1863,1070,0,0.014154858
Warm C,98697,660,659,1863,1070,0,0.013776284
Warm C,370934,2168,2167,1863,1070,1,0.013590144
Warm C,96373,647,646,1863,1070,0,0.015598113
Warm C,631467,3821,3820,1863,1070,0,0.015662951
Warm C,190688,1181,1180,1863,1070,0,0.014976365
Warm C,119129,770,769,1863,1070,0,0.015975267
Warm C,70722,476,475,1863,1070,0,0.0075045377
Warm C,65273,438,437,1863,1070,0,0.014197104
Warm C,59447,403,402,1863,1070,1,0.01663071
Warm C,55811,369,368,1863,1070,0,0.009849415
Warm C,40027,271,270,1863,1070,0,0.0072132526
Warm C,38939,264,263,1863,1070,0,0.0072940746
Warm C,32130,216,215,1863,1070,0,0.014369182
Warm C,239880,1449,1448,1863,1070,0,0.015791418
Warm C,107820,710,709,1863,1070,0,0.016950872
Warm C,696065,4169,4168,1863,1070,0,0.014479263
Warm C,78373,528,527,1863,1070,0,0.009992024
Warm C,626644,3792,3791,1863,1070,0,0.012432206
Warm C,682314,4085,4084,1863,1070,0,0.017116668
Warm C,272103,1645,1644,1863,1070,1,0.009685866
Warm C,293672,1748,1747,1863,1070,0,0.0108206635
Warm C,79271,531,530,1863,1070,0,0.014048879
Warm C,342330,2015,2014,1863,1070,0,0.013824875
Warm C,215459,1306,1305,1863,1070,0,0.010052173
Warm C,272791,1647,1646,1863,1070,1,0.014654849
Warm C,331471,1958,1957,1863,1070,0,0.011808293
Warm C,648956,3910,3909,1866,1071,0,0.003943133
Warm C,702374,4213,4212,1866,1071,1,0.0026081682
Warm C,642726,3868,3867,1866,1071,1,0.004827221
Warm C,629273,3808,3807,1866,1071,1,0.0062464154
Warm C,624647,3778,3777,1866,1071,0,0.020250447
Warm C,623305,3771,3770,1866,1071,0,0.009841615
Warm C,613201,3716,3715,1866,1071,1,0.00018976285
Warm C,601151,3654,3653,1866,1071,0,0.0034855343
Warm C,596437,3626,3625,1866,1071,1,0.0015071714
Warm C,577013,3526,3525,1866,1071,1,0.01173671
Warm C,744787,4448,4447,1866,1071,1,0.0068159774
Warm C,573857,3513,3512,1866,1071,0,0.004733132
Warm C,591872,3610,3609,1866,1071,1,0.0040269187
Warm C,590532,3602,3601,1866,1071,0,-0.011394953
Warm C,572003,3507,3506,1866,1071,0,0.00565313
Warm C,567363,3483,3482,1866,1071,0,0.0062040486
Warm C,569090,3491,3490,1866,1071,1,0.013361338
Warm C,581276,3550,3549,1866,1071,1,0.007772204
Warm C,555715,3416,3415,1866,1071,1,0.011839159
Warm C,548957,3389,3388,1866,1071,0,0.0059846803
Warm C,549952,3391,3390,1866,1071,0,0.0033986946
Warm C,536995,3311,3310,1866,1071,1,0.0077459617
Warm C,635827,3833,3832,1866,1071,1,0.0074489894
Warm C,537826,3312,3311,1866,1071,1,0.026954113
Warm C,516885,3191,3190,1866,1071,1,-0.007960192
Warm C,514834,3180,3179,1866,1071,0,-0.0054919375
Warm C,508541,3129,3128,1866,1071,0,0.0064323214
Warm C,506616,3118,3117,1866,1071,1,0.0051949853
Warm C,496432,3051,3050,1866,1071,0,-0.00097149087
Warm C,493974,3032,3031,1866,1071,0,0.0019528939
Warm C,491343,3022,3021,1866,1071,0,0.018287536
Warm C,477453,2931,2930,1866,1071,0,0.001524563
Warm C,473433,2909,2908,1866,1071,1,0.012016138
Warm C,469356,2890,2889,1866,1071,0,0.00848115
Warm C,646609,3892,3891,1866,1071,0,0.012139393
Warm C,466318,2876,2875,1866,1071,1,0.0084231645
Warm C,463168,2857,2856,1866,1071,0,0.019397274
Warm C,460246,2840,2839,1866,1071,1,0.013847462
Warm C,486966,2996,2995,1866,1071,0,0.0058212397
Warm C,453613,2793,2792,1866,1071,1,-0.0006266436
Warm C,450725,2777,2776,1866,1071,0,0.0013645008
Warm C,449320,2771,2770,1866,1071,1,3.6378857e-05
Warm C,447882,2761,2760,1866,1071,0,0.0072234822
Warm C,442859,2730,2729,1866,1071,1,0.001995546
Warm C,564288,3471,3470,1866,1071,0,0.01895558
Warm C,409547,2457,2456,1866,1071,0,0.013230648
Warm C,406918,2445,2444,1866,1071,1,0.00027295016
Warm C,437667,2673,2672,1866,1071,0,0.0004963174
Warm C,375057,2186,2185,1866,1071,0,0.0021067634
Warm C,370226,2165,2164,1866,1071,1,0.0021168115
Warm C,351622,2063,2062,1866,1071,1,0.010137224
Warm C,341497,2012,2011,1866,1071,0,0.014370378
Warm C,340543,2010,2009,1866,1071,0,0.007672711
Warm C,299536,1778,1777,1866,1071,1,0.013213079
Warm C,288835,1726,1725,1866,1071,0,0.0012871432
Warm C,281207,1687,1686,1866,1071,1,0.0028358642
Warm C,269833,1635,1634,1866,1071,0,0.017159881
Warm C,302987,1800,1799,1866,1071,0,-0.0043145376
Warm C,259387,1587,1586,1866,1071,0,0.005205517
Warm C,360631,2106,2105,1866,1071,0,0.008467484
Warm C,253131,1538,1537,1866,1071,1,0.0017513222
Warm C,243198,1466,1465,1866,1071,1,0.0050764037
Warm C,283137,1696,1695,1866,1071,0,0.014266495
Warm C,329228,1943,1942,1866,1071,1,0.0087808715
Warm C,270815,1639,1638,1866,1071,0,-0.002500339
Warm C,223435,1354,1353,1866,1071,1,0.008424402
Warm C,311443,1855,1854,1866,1071,0,0.0066640307
Warm C,296768,1759,1758,1866,1071,1,-0.00031117979
Warm C,277544,1676,1675,1866,1071,1,0.01565132
Warm C,243819,1470,1469,1866,1071,0,0.019225063
Warm C,205278,1263,1262,1866,1071,0,0.011438242
Warm C,320736,1902,1901,1866,1071,1,-0.008708425
Warm C,196406,1207,1206,1866,1071,0,0.010526178
Warm C,193154,1193,1192,1866,1071,0,-0.0027357368
Warm C,267166,1624,1623,1866,1071,1,0.011377879
Warm C,363916,2120,2119,1866,1071,1,0.011842534
Warm C,173584,1100,1099,1866,1071,0,0.0035179981
Warm C,175426,1112,1111,1866,1071,0,0.0075667826
Warm C,214510,1302,1301,1866,1071,1,0.000246556
Warm C,170470,1086,1085,1866,1071,0,0.0059914887
Warm C,154799,999,998,1866,1071,0,0.0073441607
Warm C,249199,1502,1501,1866,1071,1,-0.0030856743
Warm C,325772,1928,1927,1866,1071,1,0.0018769063
Warm C,276870,1675,1674,1866,1071,1,0.009091512
Warm C,136424,881,880,1866,1071,0,0.00045263488
Warm C,135529,877,876,1866,1071,0,0.003304609
Warm C,202405,1244,1243,1866,1071,0,0.005106396
Warm C,124815,802,801,1866,1071,1,-0.00033753517
Warm C,121848,785,784,1866,1071,1,0.0061187865
Warm C,119131,770,769,1866,1071,0,0.010608021
Warm C,114778,746,745,1866,1071,0,0.0044910545
Warm C,107822,710,709,1866,1071,1,0.010813572
Warm C,100105,669,668,1866,1071,1,0.0027604022
Warm C,121707,783,782,1866,1071,0,-0.0046959864
Warm C,92994,623,622,1866,1071,0,0.0023147692
Warm C,886844,5359,5358,1866,1071,0,0.007776893
Warm C,86555,566,565,1866,1071,0,0.003493192
Warm C,291266,1737,1736,1866,1071,0,-0.0022459468
Warm C,190690,1181,1180,1866,1071,0,0.016027706
Warm C,77354,524,523,1866,1071,0,0.009174802
Warm C,116052,752,751,1866,1071,1,0.0066401195
Warm C,67379,453,452,1866,1071,0,0.0069447216
Warm C,74718,509,508,1866,1071,0,-0.004686349
Warm C,53836,352,351,1866,1071,0,0.004763527
Warm C,44578,302,301,1866,1071,0,0.011115202
Warm C,29910,202,201,1866,1071,1,0.0033270875
Warm C,29235,199,198,1866,1071,1,0.0043103485
Warm C,22585,163,162,1866,1071,0,-0.011160018
Warm C,27224,192,191,1866,1071,1,0.010271939
Warm C,262495,1601,1600,1866,1071,1,0.0015137531
Warm C,696068,4169,4168,1866,1071,0,0.015131293
Warm C,354789,2077,2076,1866,1071,1,0.0039840974
Warm C,104223,692,691,1866,1071,1,0.002988182
Warm C,790354,4728,4727,1866,1071,0,0.0044900477
Warm C,109752,716,715,1866,1071,1,-0.0035180124
Warm C,362881,2116,2115,1866,1071,1,0.0016214487
Warm C,28233,195,194,1866,1071,0,0.015712861
Warm C,943312,5689,5688,1866,1071,0,0.012298579
Warm C,470714,2898,2897,1866,1071,1,0.01091609
Warm C,139151,890,889,1866,1071,1,-0.0060948227
Warm C,134139,869,868,1866,1071,1,0.013106709
Warm C,785760,4697,4696,1866,1071,1,-9.5527386e-05
Warm C,206285,1265,1264,1866,1071,0,0.0058578043
Warm C,290083,1733,1732,1866,1071,0,0.016952742
Warm C,561521,3454,3453,1866,1071,0,0.020593986
Warm C,231059,1399,1398,1866,1071,0,0.005158525
Warm C,171464,1088,1087,1866,1071,0,0.0058981776
Warm C,234866,1425,1424,1866,1071,0,0.003684789
Warm C,718499,4305,4304,1866,1071,1,0.011266186
Warm C,38326,261,260,1870,1072,1,0.01552409
Warm C,299960,1779,1778,1870,1072,1,0.010128002
Warm C,223442,1354,1353,1870,1072,0,0.0041094543
Warm C,389408,2282,2281,1870,1072,0,-0.0022348762
Warm C,712895,4277,4276,1870,1072,1,0.0076015084
Warm C,161305,1029,1028,1870,1072,0,0.0012789869
Warm C,983006,5938,5937,1870,1072,0,0.0040319655
Warm C,682323,4085,4084,1870,1072,0,-0.0053887004
Warm C,317615,1889,1888,1870,1072,0,0.0014934083
Warm C,456404,2810,2809,1870,1072,1,0.0038598352
Warm C,116060,752,751,1870,1072,1,0.0035850215
Warm C,718502,4305,4304,1870,1072,1,-0.002844349
Warm C,520723,3212,3211,1875,1074,1,-0.0019212118
Warm C,532058,3285,3284,1875,1074,0,0.0027443473
Warm C,490222,3017,3016,1875,1074,0,0.013288213
Warm C,475089,2916,2915,1875,1074,1,-0.00089833396
Warm C,464619,2863,2862,1875,1074,1,0.0043997895
Warm C,464462,2861,2860,1875,1074,0,0.007339762
Warm C,462345,2853,2852,1875,1074,0,-0.00018799026
Warm C,457804,2820,2819,1875,1074,1,-0.0034666029
Warm C,696091,4169,4168,1875,1074,0,0.01407763
Warm C,428547,2608,2607,1875,1074,1,0.0033225454
Warm C,416494,2507,2506,1875,1074,1,0.008798428
Warm C,412758,2484,2483,1875,1074,0,0.011282731
Warm C,386499,2260,2259,1875,1074,0,0.007943877
Warm C,371999,2173,2172,1875,1074,1,0.011431011
Warm C,364682,2124,2123,1875,1074,1,0.006695228
Warm C,347147,2037,2036,1875,1074,1,0.0015263205
Warm C,345072,2024,2023,1875,1074,0,-0.0019003319
Warm C,315098,1880,1879,1875,1074,1,0.012771578
Warm C,253132,1538,1537,1875,1074,1,0.010652365
Warm C,631479,3821,3820,1875,1074,0,-0.004984018
Warm C,230762,1396,1395,1875,1074,1,0.005842285
Warm C,231614,1404,1403,1875,1074,1,0.008277965
Warm C,229870,1391,1390,1875,1074,0,0.00056953984
Warm C,225731,1367,1366,1875,1074,1,0.005202197
Warm C,223446,1354,1353,1875,1074,1,-0.0010788587
Warm C,222356,1345,1344,1875,1074,0,0.004369058
Warm C,214755,1303,1302,1875,1074,1,0.0072345915
Warm C,276148,1671,1670,1875,1074,1,0.007143865
Warm C,205284,1263,1262,1875,1074,0,0.008694069
Warm C,307981,1836,1835,1875,1074,1,0.00082295376
Warm C,202411,1244,1243,1875,1074,1,0.012123961
Warm C,278962,1680,1679,1875,1074,1,0.002116758
Warm C,250352,1509,1508,1875,1074,0,0.005100829
Warm C,210073,1284,1283,1875,1074,0,0.009762272
Warm C,199368,1224,1223,1875,1074,0,0.0020574457
Warm C,209398,1279,1278,1875,1074,0,0.0014254341
Warm C,192334,1184,1183,1875,1074,0,0.004769143
Warm C,188905,1172,1171,1875,1074,1,0.004566091
Warm C,212436,1294,1293,1875,1074,1,-0.0035356525
Warm C,183144,1141,1140,1875,1074,1,0.014645803
Warm C,185117,1150,1149,1875,1074,1,0.0031305358
Warm C,200505,1231,1230,1875,1074,0,0.0021348735
Warm C,173592,1100,1099,1875,1074,1,0.007497372
Warm C,188197,1168,1167,1875,1074,1,0.0013062744
Warm C,166391,1059,1058,1875,1074,0,0.003951248
Warm C,164427,1051,1050,1875,1074,1,0.005873802
Warm C,163749,1050,1049,1875,1074,0,0.01454599
Warm C,272109,1645,1644,1875,1074,1,0.004490303
Warm C,167776,1068,1067,1875,1074,1,0.011691665
Warm C,158010,1015,1014,1875,1074,1,0.00089197035
Warm C,153647,987,986,1875,1074,1,0.007171727
Warm C,149538,963,962,1875,1074,0,0.002334227
Warm C,156722,1010,1009,1875,1074,0,0.0075903293
Warm C,138080,889,888,1875,1074,0,0.010928409
Warm C,712903,4277,4276,1875,1074,1,0.00794652
Warm C,131831,854,853,1875,1074,0,0.0028982344
Warm C,131086,850,849,1875,1074,1,0.0047339704
Warm C,263174,1605,1604,1875,1074,0,-0.0030873301
Warm C,360647,2106,2105,1875,1074,0,-0.000430334
Warm C,132370,855,854,1875,1074,1,-0.001920427
Warm C,112381,731,730,1875,1074,1,0.0032152971
Warm C,370942,2168,2167,1875,1074,0,0.0049312897
Warm C,329232,1943,1942,1875,1074,1,0.00836009
Warm C,127256,822,821,1875,1074,0,0.006545343
Warm C,90606,601,600,1875,1074,0,0.00039697683
Warm C,82230,546,545,1875,1074,1,0.01145337
Warm C,319254,1897,1896,1875,1074,0,0.0033205757
Warm C,77365,524,523,1875,1074,0,-0.0025176497
Warm C,74728,509,508,1875,1074,1,0.009702222
Warm C,238776,1448,1447,1875,1074,0,0.01069768
Warm C,197286,1211,1210,1875,1074,0,-0.00021775626
Warm C,75864,516,515,1875,1074,0,0.010279596
Warm C,57204,386,385,1875,1074,0,0.0042989943
Warm C,201464,1242,1241,1875,1074,1,-0.0010797651
Warm C,51818,340,339,1875,1074,0,-0.00039055292
Warm C,312834,1865,1864,1875,1074,0,0.0055667404
Warm C,33543,225,224,1875,1074,0,0.0033225494
Warm C,32159,216,215,1875,1074,0,0.0022149743
Warm C,27588,193,192,1875,1074,1,0.008333465
Warm C,234874,1425,1424,1875,1074,1,0.0046368293
Warm C,49507,329,328,1875,1074,0,0.00035509217
Warm C,6263,45,44,1875,1074,0,0.0044502993
Warm C,5132,36,35,1875,1074,0,-0.002771382
Warm C,357359,2092,2091,1875,1074,0,0.006414201
Warm C,79281,531,530,1875,1074,0,-0.007523122
Warm C,206773,1266,1265,1875,1074,1,0.0009424486
Warm C,65990,442,441,1875,1074,1,0.011146807
Warm C,114219,743,742,1875,1074,0,-0.0015696215
Warm C,557188,3423,3422,1875,1074,0,0.000701322
Warm C,974954,5880,5879,1875,1074,1,-0.00331102
Warm C,750381,4478,4477,1875,1074,0,0.005285174
Warm C,460618,2841,2840,1875,1074,1,0.0017754791
Warm C,252458,1530,1529,1875,1074,0,0.007090646
Warm C,170813,1087,1086,1875,1074,1,0.0046525868
Warm C,290094,1733,1732,1875,1074,0,0.005017236
Warm C,261162,1597,1596,1875,1074,0,0.003059428
Warm C,258367,1584,1583,1875,1074,1,-0.002380067
Warm C,259394,1587,1586,1875,1074,1,0.009018621
Warm C,159968,1019,1018,1875,1074,0,0.003355244
Warm C,474342,2910,2909,1875,1074,1,0.0068117282
Warm C,304791,1812,1811,1875,1074,1,0.0062830164
Warm C,187577,1164,1163,1875,1074,1,0.0029582467
Warm C,62778,424,423,1875,1074,1,0.003856542
Warm C,974266,5878,5877,1875,1074,0,0.0042723035
Warm C,12070,92,91,1881,1076,0,0.01743023
Warm C,376352,2195,2194,1881,1076,0,0.016040154
Warm C,102130,678,677,1881,1076,0,0.021942442
Warm C,405314,2427,2426,1881,1076,0,0.018905453
Warm C,171491,1088,1087,1881,1076,0,0.02761025
Warm C,473467,2909,2908,1881,1076,0,0.0043758755
Warm C,285246,1701,1700,1881,1076,0,0.008524198
Warm C,295605,1755,1754,1881,1076,0,0.011072119
Warm C,468878,2888,2887,1897,1085,1,0.007144572
Warm C,879842,5317,5316,1897,1085,1,0.012606807
Warm C,464625,2863,2862,1897,1085,1,0.0065430533
Warm C,457317,2818,2817,1897,1085,1,0.009705191
Warm C,594776,3620,3619,1897,1085,0,0.0058817123
Warm C,790381,4728,4727,1897,1085,1,0.018136417
Warm C,431378,2628,2627,1897,1085,1,0.015617493
Warm C,397055,2351,2350,1897,1085,1,0.0075089345
Warm C,381604,2231,2230,1897,1085,1,0.01070769
Warm C,381294,2230,2229,1897,1085,0,0.011974389
Warm C,360013,2105,2104,1897,1085,0,0.008970606
Warm C,344048,2020,2019,1897,1085,1,0.009758841
Warm C,304818,1812,1811,1897,1085,1,0.0007888166
Warm C,302095,1794,1793,1897,1085,0,0.0054674037
Warm C,284068,1698,1697,1897,1085,1,0.007771207
Warm C,292246,1741,1740,1897,1085,1,0.012677768
Warm C,279028,1680,1679,1897,1085,0,0.0135325175
Warm C,267538,1626,1625,1897,1085,0,0.00029409194
Warm C,259413,1587,1586,1897,1085,1,0.005481884
Warm C,244965,1475,1474,1897,1085,0,0.0025529303
Warm C,231950,1407,1406,1897,1085,1,0.0023529
Warm C,319277,1897,1896,1897,1085,0,0.0052603194
Warm C,565513,3475,3474,1897,1085,1,0.012692847
Warm C,296410,1758,1757,1897,1085,1,0.010028871
Warm C,214778,1303,1302,1897,1085,1,-0.0019855725
Warm C,208710,1274,1273,1897,1085,1,0.0019443426
Warm C,229881,1391,1390,1897,1085,0,0.007927218
Warm C,209415,1279,1278,1897,1085,0,0.012558043
Warm C,338074,1988,1987,1897,1085,0,0.010858189
Warm C,189333,1173,1172,1897,1085,1,0.0010104185
Warm C,188567,1170,1169,1897,1085,1,0.0051233573
Warm C,185151,1150,1149,1897,1085,0,0.0005983822
Warm C,201483,1242,1241,1897,1085,1,0.006342515
Warm C,174482,1103,1102,1897,1085,1,0.004290468
Warm C,179539,1125,1124,1897,1085,0,0.008519892
Warm C,190762,1181,1180,1897,1085,0,0.010000156
Warm C,151558,975,974,1897,1085,0,0.001396809
Warm C,195371,1203,1202,1897,1085,1,0.0033089244
Warm C,140861,905,904,1897,1085,1,0.0027385354
Warm C,156754,1010,1009,1897,1085,0,0.014838476
Warm C,138127,889,888,1897,1085,0,0.005703967
Warm C,131857,854,853,1897,1085,0,0.008007113
Warm C,107309,706,705,1897,1085,1,0.0019643137
Warm C,103373,687,686,1897,1085,1,0.01080381
Warm C,631504,3821,3820,1897,1085,0,0.0082898885
Warm C,89991,593,592,1897,1085,1,0.0049193837
Warm C,432111,2634,2633,1897,1085,0,0.006203457
Warm C,89218,588,587,1897,1085,1,0.009897416
Warm C,238807,1448,1447,1897,1085,1,0.017520817
Warm C,80535,534,533,1897,1085,0,0.00389724
Warm C,228763,1386,1385,1897,1085,1,0.01549576
Warm C,58341,393,392,1897,1085,0,0.016619958
Warm C,239942,1449,1448,1897,1085,1,0.018843181
Warm C,132393,855,854,1897,1085,0,0.008272298
Warm C,308543,1837,1836,1897,1085,1,0.012623798
Warm C,88775,587,586,1897,1085,1,0.008158804
Warm C,22644,163,162,1897,1085,0,0.012529882
Warm C,33590,225,224,1897,1085,0,0.00758241
Warm C,111629,727,726,1897,1085,0,0.005911315
Warm C,444,5,4,1897,1085,1,0.0038959242
Warm C,79315,531,530,1897,1085,0,0.0057588057
Warm C,892912,5394,5393,1897,1085,0,0.013621708
Warm C,335763,1980,1979,1897,1085,0,0.021591738
Warm C,750387,4478,4477,1897,1085,0,0.013673451
Warm C,497179,3054,3053,1897,1085,1,-0.0015833939
Warm C,556533,3420,3419,1897,1085,1,0.008025413
Warm C,908019,5493,5492,1897,1085,0,0.010424854
Warm C,986621,5956,5955,1897,1085,0,-0.0029094717
Warm C,739380,4418,4417,1897,1085,0,0.0026121777
Warm C,178613,1121,1120,1897,1085,1,0.0068146395
Warm C,116102,752,751,1897,1085,0,0.027032422
Warm C,33997,229,228,1897,1085,0,0.0118214
Warm C,974281,5878,5877,1897,1085,0,0.013317879
Warm C,555067,3413,3412,1900,1086,1,0.008035263
Warm C,474773,2913,2912,1904,1087,1,-0.004702742
Warm C,465758,2872,2871,1904,1087,1,0.005343914
Warm C,459200,2826,2825,1904,1087,0,0.005460539
Warm C,796102,4771,4770,1904,1087,0,0.0142240245
Warm C,419433,2535,2534,1904,1087,1,0.005446777
Warm C,383152,2238,2237,1904,1087,0,0.0069108293
Warm C,323236,1916,1915,1904,1087,1,0.0019815632
Warm C,274716,1660,1659,1904,1087,1,-0.001833024
Warm C,279648,1680,1679,1904,1087,1,0.0031238066
Warm C,267632,1626,1625,1904,1087,0,0.009641855
Warm C,262718,1602,1601,1904,1087,1,0.0030290997
Warm C,256449,1565,1564,1904,1087,0,0.0026768092
Warm C,231723,1404,1403,1904,1087,0,0.007974871
Warm C,296544,1758,1757,1904,1087,1,0.01827613
Warm C,208370,1273,1272,1904,1087,0,-0.0034192535
Warm C,202610,1244,1243,1904,1087,0,0.00018454914
Warm C,308793,1837,1836,1904,1087,0,0.0057381354
Warm C,294409,1749,1748,1904,1087,0,0.0044105137
Warm C,209526,1279,1278,1904,1087,0,0.005794563
Warm C,185552,1150,1149,1904,1087,1,0.010394452
Warm C,307594,1835,1834,1904,1087,1,0.0014783479
Warm C,201690,1242,1241,1904,1087,0,0.006776902
Warm C,168590,1069,1068,1904,1087,1,0.003784494
Warm C,166557,1059,1058,1904,1087,0,-0.00255201
Warm C,215001,1303,1302,1904,1087,1,0.009834295
Warm C,149030,958,957,1904,1087,0,-0.0062355306
Warm C,160259,1019,1018,1904,1087,0,0.0034938045
Warm C,97929,655,654,1904,1087,0,0.007705135
Warm C,631713,3821,3820,1904,1087,1,0.0015465635
Warm C,696549,4169,4168,1904,1087,0,0.010242244
Warm C,284365,1698,1697,1904,1087,1,0.000431702
Warm C,90733,601,600,1904,1087,1,0.002440721
Warm C,197400,1211,1210,1904,1087,1,0.010228332
Warm C,58521,396,395,1904,1087,1,0.007572964
Warm C,57167,386,385,1904,1087,1,0.0007744591
Warm C,132587,855,854,1904,1087,1,0.0045586834
Warm C,33484,225,224,1904,1087,1,0.0085608605
Warm C,9947,69,68,1904,1087,0,0.0047346097
Warm C,890069,5371,5370,1904,1087,1,0.0024330874
Warm C,158457,1015,1014,1904,1087,0,-0.0045223646
Warm C,431133,2627,2626,1904,1087,0,0.0022394126
Warm C,187988,1165,1164,1904,1087,0,0.0073355883
Warm C,964144,5812,5811,1904,1087,0,0.0024163448
Warm C,20756,151,150,1904,1087,1,0.004593582
Warm C,905339,5475,5474,1904,1087,1,0.010371501
Warm C,232583,1413,1412,1904,1087,0,0.008905613
Warm C,475590,2918,2917,1904,1087,1,0.0025824069
Warm C,983047,5938,5937,1904,1087,0,0.0011977234
Warm C,388188,2271,2270,1904,1087,0,0.006196721
Warm C,847066,5090,5089,1904,1087,1,-0.01251068
Warm C,290395,1733,1732,1904,1087,1,0.015165199
Warm C,193797,1194,1193,1904,1087,0,0.0052419133
Warm C,937253,5654,5653,1904,1087,1,0.01157549
Warm C,590832,3603,3602,1913,1092,1,0.026466887
Warm C,577973,3529,3528,1913,1092,1,0.01733895
Warm C,580985,3547,3546,1913,1092,1,0.014700276
Warm C,567043,3481,3480,1913,1092,1,0.0019186216
Warm C,713249,4277,4276,1913,1092,1,0.01597314
Warm C,610663,3704,3703,1913,1092,1,0.008497146
Warm C,554111,3410,3409,1913,1092,1,0.01600892
Warm C,546914,3371,3370,1913,1092,1,0.020850316
Warm C,539599,3319,3318,1913,1092,0,0.0012384264
Warm C,539487,3318,3317,1913,1092,1,0.001932794
Warm C,535101,3301,3300,1913,1092,0,0.010462641
Warm C,534762,3300,3299,1913,1092,1,0.009102002
Warm C,525838,3248,3247,1913,1092,0,-0.0039838287
Warm C,521176,3216,3215,1913,1092,0,0.005247348
Warm C,514067,3172,3171,1913,1092,0,0.0074346447
Warm C,657620,3963,3962,1913,1092,1,0.017356265
Warm C,500742,3075,3074,1913,1092,0,0.016394095
Warm C,499610,3067,3066,1913,1092,1,0.014417056
Warm C,546163,3367,3366,1913,1092,1,0.023041567
Warm C,495912,3045,3044,1913,1092,1,0.0033659884
Warm C,478569,2936,2935,1913,1092,1,0.01712285
Warm C,696560,4169,4168,1913,1092,1,0.013965727
Warm C,601685,3658,3657,1913,1092,1,0.0010833936
Warm C,473933,2909,2908,1913,1092,1,0.008340913
Warm C,462681,2854,2853,1913,1092,1,0.016616149
Warm C,458136,2820,2819,1913,1092,1,0.014530078
Warm C,446944,2753,2752,1913,1092,1,0.019898778
Warm C,442099,2719,2718,1913,1092,1,0.005454543
Warm C,437997,2676,2675,1913,1092,1,0.0064383843
Warm C,433728,2643,2642,1913,1092,0,0.022145491
Warm C,428844,2609,2608,1913,1092,1,0.010258889
Warm C,425394,2581,2580,1913,1092,0,0.021099325
Warm C,414246,2493,2492,1913,1092,0,0.014151727
Warm C,405254,2426,2425,1913,1092,1,0.0027371892
Warm C,412150,2478,2477,1913,1092,0,0.012612699
Warm C,389055,2279,2278,1913,1092,0,0.016525717
Warm C,386408,2259,2258,1913,1092,1,0.009970471
Warm C,385368,2251,2250,1913,1092,0,0.012770711
Warm C,372107,2173,2172,1913,1092,1,0.007330497
Warm C,374290,2181,2180,1913,1092,0,0.021749193
Warm C,359501,2102,2101,1913,1092,0,0.012081281
Warm C,349164,2049,2048,1913,1092,1,0.015478413
Warm C,339703,2002,2001,1913,1092,1,0.00502317
Warm C,317214,1885,1884,1913,1092,1,0.0051015546
Warm C,320239,1899,1898,1913,1092,1,0.030073518
Warm C,304507,1810,1809,1913,1092,1,0.0052086147
Warm C,316952,1884,1883,1913,1092,1,0.018464042
Warm C,301547,1791,1790,1913,1092,1,0.010814612
Warm C,290734,1734,1733,1913,1092,0,0.0055697192
Warm C,292462,1741,1740,1913,1092,1,0.019615851
Warm C,264213,1607,1606,1913,1092,0,0.019592285
Warm C,252615,1530,1529,1913,1092,0,0.007503354
Warm C,242240,1461,1460,1913,1092,1,0.008067494
Warm C,631725,3821,3820,1913,1092,0,0.015938386
Warm C,230974,1398,1397,1913,1092,1,0.0058051106
Warm C,325523,1926,1925,1913,1092,0,0.009325411
Warm C,309956,1843,1842,1913,1092,1,0.0040658703
Warm C,276368,1671,1670,1913,1092,0,0.015793124
Warm C,212126,1291,1290,1913,1092,1,0.018573992
Warm C,208891,1274,1273,1913,1092,1,0.014509062
Warm C,220438,1335,1334,1913,1092,0,0.015408481
Warm C,189071,1172,1171,1913,1092,1,0.023052119
Warm C,183805,1145,1144,1913,1092,1,0.0005553862
Warm C,173214,1098,1097,1913,1092,1,0.011233036
Warm C,328476,1941,1940,1913,1092,0,0.008624822
Warm C,191253,1181,1180,1913,1092,0,0.03286175
Warm C,158476,1015,1014,1913,1092,0,0.00912363
Warm C,143927,928,927,1913,1092,1,0.0027418248
Warm C,185574,1150,1149,1913,1092,1,0.011767881
Warm C,138615,889,888,1913,1092,1,0.01891737
Warm C,127791,824,823,1913,1092,1,0.013916246
Warm C,315452,1880,1879,1913,1092,1,0.01993566
Warm C,125887,810,809,1913,1092,0,0.0038796142
Warm C,115488,749,748,1913,1092,1,0.01607827
Warm C,198237,1218,1217,1913,1092,0,0.01720995
Warm C,100946,673,672,1913,1092,1,0.016801856
Warm C,98172,656,655,1913,1092,0,0.007018916
Warm C,92397,617,616,1913,1092,0,0.006672733
Warm C,169630,1077,1076,1913,1092,1,0.01806628
Warm C,319488,1897,1896,1913,1092,1,0.02276202
Warm C,77734,524,523,1913,1092,1,0.026168633
Warm C,75730,515,514,1913,1092,1,0.020462137
Warm C,66384,444,443,1913,1092,1,0.01877979
Warm C,58053,392,391,1913,1092,1,0.01321213
Warm C,145445,935,934,1913,1092,1,0.0069370237
Warm C,34124,230,229,1913,1092,1,0.0074702157
Warm C,22001,161,160,1913,1092,1,0.004318455
Warm C,440181,2691,2690,1913,1092,1,0.023326624
Warm C,7724,53,52,1913,1092,1,0.013701722
Warm C,357612,2092,2091,1913,1092,0,0.015194612
Warm C,408344,2453,2452,1913,1092,0,0.016088707
Warm C,24363,173,172,1913,1092,1,0.014094011
Warm C,207030,1266,1265,1913,1092,1,0.012651072
Warm C,263542,1605,1604,1913,1092,1,0.01432549
Warm C,524449,3233,3232,1913,1092,0,0.005300386
Warm C,254897,1551,1550,1913,1092,1,0.013752449
Warm C,421139,2544,2543,1913,1092,1,0.013563253
Warm C,336181,1980,1979,1913,1092,1,0.020805083
Warm C,183297,1141,1140,1913,1092,1,0.01142936
Warm C,841208,5054,5053,1913,1092,0,0.017611098
Warm C,322573,1912,1911,1913,1092,0,0.017160468
Warm C,993897,6002,6001,1913,1092,1,0.021678826
Warm C,923968,5580,5579,1913,1092,1,0.01691824
Warm C,290414,1733,1732,1913,1092,1,0.011038383
Warm C,831953,5001,5000,1913,1092,1,0.010296906
Warm C,63202,424,423,1913,1092,1,0.019877058
Warm C,768792,4579,4578,1913,1092,1,0.023681607
Warm C,444995,2744,2743,1919,1097,0,0.0057265516
Warm C,441077,2700,2699,1919,1097,1,0.0024709678
Warm C,431906,2631,2630,1919,1097,1,0.0029360768
Warm C,423507,2566,2565,1919,1097,0,0.005099715
Warm C,422992,2564,2563,1919,1097,0,0.009065621
Warm C,420535,2541,2540,1919,1097,0,0.0015874641
Warm C,410722,2464,2463,1919,1097,0,0.0025243326
Warm C,412411,2481,2480,1919,1097,0,-0.0011110774
Warm C,400089,2381,2380,1919,1097,0,0.0016667012
Warm C,395216,2334,2333,1919,1097,1,0.015754944
Warm C,424139,2571,2570,1919,1097,1,0.0069777267
Warm C,385746,2255,2254,1919,1097,0,0.011164416
Warm C,384214,2244,2243,1919,1097,0,0.0051189447
Warm C,375677,2188,2187,1919,1097,0,0.009709738
Warm C,362566,2115,2114,1919,1097,1,-0.0051344633
Warm C,364904,2124,2123,1919,1097,1,0.014178773
Warm C,315798,1881,1880,1919,1097,1,0.0075949626
Warm C,325528,1926,1925,1919,1097,1,0.011870049
Warm C,288141,1721,1720,1919,1097,0,0.006897549
Warm C,268594,1631,1630,1919,1097,0,0.0043516015
Warm C,307057,1834,1833,1919,1097,0,0.0042043333
Warm C,284390,1698,1697,1919,1097,0,0.0066618165
Warm C,218082,1322,1321,1919,1097,1,0.0062308987
Warm C,208377,1273,1272,1919,1097,0,0.0051871743
Warm C,236465,1434,1433,1919,1097,1,0.008532538
Warm C,194158,1196,1195,1919,1097,1,0.009110838
Warm C,183303,1141,1140,1919,1097,0,0.011796057
Warm C,167993,1068,1067,1919,1097,0,0.000881062
Warm C,334726,1974,1973,1919,1097,1,0.014086778
Warm C,162344,1034,1033,1919,1097,0,0.0051084007
Warm C,157110,1010,1009,1919,1097,0,0.020112969
Warm C,380415,2223,2222,1919,1097,1,0.015847744
Warm C,263550,1605,1604,1919,1097,0,0.016589005
Warm C,94480,634,633,1919,1097,0,-0.0018701353
Warm C,83387,549,548,1919,1097,1,0.004554393
Warm C,73160,494,493,1919,1097,1,0.0049772104
Warm C,69787,470,469,1919,1097,0,-0.0026614366
Warm C,69729,469,468,1919,1097,1,0.007375939
Warm C,61304,412,411,1919,1097,1,0.011546878
Warm C,258542,1584,1583,1919,1097,0,0.0029211044
Warm C,32083,216,215,1919,1097,0,0.0060347375
Warm C,15036,119,118,1919,1097,0,0.0063958447
Warm C,10515,75,74,1919,1097,1,0.005839752
Warm C,49437,329,328,1919,1097,0,0.005347465
Warm C,9768,66,65,1919,1097,0,0.00078650424
Warm C,234275,1422,1421,1919,1097,0,0.003256773
Warm C,207040,1266,1265,1919,1097,1,0.0066292244
Warm C,158490,1015,1014,1919,1097,1,0.009910863
Warm C,823344,4950,4949,1919,1097,0,0.012030574
Warm C,386145,2258,2257,1919,1097,0,0.0053805653
Warm C,317859,1889,1888,1919,1097,0,0.0070499163
Warm C,410506,2462,2461,1919,1097,0,0.009923199
Warm C,772726,4607,4606,1919,1097,0,0.01226376
Warm C,136802,881,880,1919,1097,0,0.008875407
Warm C,403152,2407,2406,1919,1097,1,0.006745615
Warm C,25994,184,183,1919,1097,0,0.00986308
Warm C,322604,1912,1911,1929,1103,0,0.012358936
Warm C,316973,1884,1883,1929,1103,1,0.010924733
Warm C,169130,1073,1072,1929,1103,1,-0.0006717942
Warm C,84846,551,550,1929,1103,0,0.009968287
Warm C,48842,327,326,1929,1103,1,0.00012543076
Warm C,37231,253,252,1929,1103,1,0.006593016
Warm C,43452,299,298,1929,1103,1,0.0037945453
Warm C,34738,235,234,1929,1103,1,0.007921767
Warm C,148823,957,956,1929,1103,1,0.0052561183
Warm C,23709,169,168,1929,1103,0,0.018131398
Warm C,13548,107,106,1929,1103,1,0.0028364616
Warm C,12720,97,96,1929,1103,1,0.0036859422
Warm C,123527,796,795,1929,1103,0,0.0061570215
Warm C,592125,3610,3609,1929,1103,0,-0.00038881553
Warm C,384760,2247,2246,1929,1103,1,0.0016061121
Warm C,249930,1505,1504,1929,1103,1,0.0033980673
Warm C,106252,699,698,1929,1103,0,0.013203457
Warm C,421158,2544,2543,1929,1103,1,0.010585714
Warm C,171942,1088,1087,1929,1103,1,0.0005971901
Warm C,285444,1701,1700,1929,1103,1,0.011118782
Warm C,992447,5996,5995,1929,1103,1,0.009115873
Warm C,63239,424,423,1929,1103,1,0.014542971
Warm C,839406,5046,5045,1929,1103,1,0.012798808
Warm C,825607,4958,4957,1929,1103,1,0.010308622
Warm C,130002,840,839,1934,1105,1,0.010108593
Warm C,70895,476,475,1934,1105,1,0.011529384
Warm C,75990,516,515,1934,1105,1,0.017321913
Warm C,58540,396,395,1934,1105,1,-0.0002805828
Warm C,228466,1383,1382,1934,1105,1,0.0030193932
Warm C,33151,224,223,1934,1105,1,0.0049602087
Warm C,23724,169,168,1934,1105,1,0.012113494
Warm C,12723,97,96,1934,1105,1,0.006897046
Warm C,592137,3610,3609,1934,1105,0,0.015837045
Warm C,9316,62,61,1934,1105,1,0.012816318
Warm C,357642,2092,2091,1934,1105,0,0.012048967
Warm C,15640,123,122,1934,1105,0,0.0035586888
Warm C,388206,2271,2270,1934,1105,1,0.012907266
Warm C,322617,1912,1911,1934,1105,0,0.008977956
Warm C,821600,4940,4939,1934,1105,1,-0.0021646812
Warm C,171961,1088,1087,1934,1105,1,0.009683693
Warm C,403153,2407,2406,1934,1105,0,0.0070797824
Warm C,414726,2496,2495,1935,1106,1,0.014588176
Warm C,390879,2294,2293,1935,1106,1,0.017576795
Warm C,364179,2121,2120,1935,1106,1,-0.0053904597
Warm C,364922,2124,2123,1935,1106,1,0.014377935
Warm C,352994,2067,2066,1935,1106,0,0.016402127
Warm C,354260,2073,2072,1935,1106,1,0.012309773
Warm C,343733,2018,2017,1935,1106,1,0.011060933
Warm C,269200,1632,1631,1935,1106,0,0.023136623
Warm C,361849,2109,2108,1935,1106,1,0.015701054
Warm C,346334,2030,2029,1935,1106,1,0.018170081
Warm C,242957,1465,1464,1935,1106,1,0.01493058
Warm C,228467,1383,1382,1935,1106,0,0.021288032
Warm C,249579,1503,1502,1935,1106,1,0.017959543
Warm C,325547,1926,1925,1935,1106,1,0.0034794305
Warm C,208385,1273,1272,1935,1106,1,0.014742017
Warm C,182872,1140,1139,1935,1106,1,0.011238653
Warm C,162356,1034,1033,1935,1106,1,0.007832853
Warm C,191315,1181,1180,1935,1106,1,0.021436617
Warm C,246443,1489,1488,1935,1106,0,0.017956339
Warm C,138684,889,888,1935,1106,1,0.02572606
Warm C,84430,550,549,1935,1106,1,0.015354405
Warm C,72269,482,481,1935,1106,1,0.016460862
Warm C,35303,238,237,1935,1106,1,0.01612678
Warm C,23725,169,168,1935,1106,1,0.019955814
Warm C,148830,957,956,1935,1106,1,0.01112614
Warm C,12725,97,96,1935,1106,1,0.012437436
Warm C,123529,796,795,1935,1106,0,0.013308606
Warm C,357643,2092,2091,1935,1106,1,0.011767867
Warm C,421166,2544,2543,1935,1106,1,0.016081626
Warm C,322618,1912,1911,1935,1106,0,0.014811106
Warm C,48555,326,325,1935,1106,0,0.0135565465
Warm C,158536,1015,1014,1935,1106,1,0.017057253
Warm C,348176,2041,2040,1935,1106,1,0.020463483
Warm C,256122,1561,1560,1935,1106,1,0.0044453517
Warm C,208918,1274,1273,1935,1106,1,0.0085669635
Warm C,50641,333,332,1935,1106,0,0.0084068235
Warm C,328543,1941,1940,1935,1106,1,0.02159885
Warm C,171962,1088,1087,1935,1106,0,0.016703365
Warm C,285452,1701,1700,1935,1106,1,0.016264353
Warm C,831960,5001,5000,1935,1106,1,0.007372648
Warm C,657630,3963,3962,1935,1106,1,0.013219735
Warm C,801481,4802,4801,1935,1106,0,0.012658385
Warm C,160322,1019,1018,1935,1106,0,0.011272273
Warm C,820909,4934,4933,1935,1106,1,0.017182417
Warm C,8819,59,58,1935,1106,1,0.004733086
Warm C,503457,3093,3092,1935,1106,1,0.007404778
Warm C,63251,424,423,1935,1106,1,0.018523093
Warm C,244154,1470,1469,1936,1107,0,0.0074567245
Warm C,328546,1941,1940,1936,1107,1,0.013287858
Warm C,138686,889,888,1936,1107,1,0.011132898
Warm C,459214,2826,2825,1936,1107,1,0.011413997
Warm C,103719,689,688,1936,1107,1,0.0061908932
Warm C,191317,1181,1180,1936,1107,0,0.0064508454
Warm C,69992,473,472,1936,1107,1,0.013901774
Warm C,42536,291,290,1936,1107,1,0.003635943
Warm C,35306,238,237,1936,1107,1,0.010340073
Warm C,23726,169,168,1936,1107,0,0.014895308
Warm C,12726,97,96,1936,1107,1,0.00677876
Warm C,348177,2041,2040,1936,1107,0,0.01331963
Warm C,639280,3842,3841,1936,1107,1,0.011338398
Warm C,322619,1912,1911,1936,1107,0,0.011727332
Warm C,554140,3410,3409,1936,1107,1,0.013278405
Warm C,171963,1088,1087,1936,1107,1,0.019529387
Warm C,931445,5626,5625,1936,1107,1,0.0038104276
Warm C,285453,1701,1700,1936,1107,1,0.020091437
Warm C,795516,4765,4764,1936,1107,1,0.004586706
Warm C,95762,641,640,1936,1107,1,0.0083768945
Warm C,336243,1980,1979,1936,1107,1,0.021030188
Warm C,748261,4467,4466,1936,1107,1,0.014786825
Warm C,22782,164,163,1937,1108,1,0.014067937
Warm C,336246,1980,1979,1937,1108,1,0.012844814
Warm C,171964,1088,1087,1937,1108,0,0.011852947
Warm C,494994,3036,3035,1938,1109,1,-6.324821e-05
Warm C,463523,2857,2856,1938,1109,0,0.023354199
Warm C,458188,2820,2819,1938,1109,1,0.002010141
Warm C,440495,2693,2692,1938,1109,0,0.0049811024
Warm C,437502,2670,2669,1938,1109,1,0.0018265981
Warm C,421514,2546,2545,1938,1109,1,0.005902066
Warm C,418170,2526,2525,1938,1109,1,0.012437627
Warm C,394901,2332,2331,1938,1109,1,0.011646586
Warm C,394671,2329,2328,1938,1109,0,0.00662602
Warm C,381387,2230,2229,1938,1109,1,0.0012679802
Warm C,385384,2251,2250,1938,1109,1,0.000424286
Warm C,377947,2205,2204,1938,1109,0,0.013816679
Warm C,381748,2231,2230,1938,1109,1,0.007002767
Warm C,364181,2121,2120,1938,1109,1,0.003611987
Warm C,364924,2124,2123,1938,1109,1,0.016746499
Warm C,347479,2038,2037,1938,1109,1,0.0012440449
Warm C,319518,1897,1896,1938,1109,0,0.009280821
Warm C,329826,1945,1944,1938,1109,0,0.0075901365
Warm C,323252,1916,1915,1938,1109,1,0.008737442
Warm C,305308,1814,1813,1938,1109,1,0.009611247
Warm C,236747,1437,1436,1938,1109,1,0.008482947
Warm C,228474,1383,1382,1938,1109,1,0.004798053
Warm C,180420,1128,1127,1938,1109,1,0.006931631
Warm C,338289,1988,1987,1938,1109,1,0.009885859
Warm C,143935,928,927,1938,1109,1,0.007272743
Warm C,185649,1150,1149,1938,1109,0,0.0133534055
Warm C,138690,889,888,1938,1109,1,0.01900158
Warm C,318985,1896,1895,1938,1109,1,0.01363227
Warm C,127917,825,824,1938,1109,0,0.001548626
Warm C,106884,702,701,1938,1109,1,0.0185667
Warm C,240412,1449,1448,1938,1109,1,0.01409971
Warm C,72273,482,481,1938,1109,0,0.010559446
Warm C,45584,307,306,1938,1109,1,0.003855784
Warm C,36537,245,244,1938,1109,1,0.010724992
Warm C,35309,238,237,1938,1109,1,0.0021318318
Warm C,32134,216,215,1938,1109,1,0.01187158
Warm C,133670,864,863,1938,1109,1,0.0105220955
Warm C,148831,957,956,1938,1109,1,0.0024890492
Warm C,23730,169,168,1938,1109,0,0.012022819
Warm C,17534,136,135,1938,1109,0,0.0061951163
Warm C,12728,97,96,1938,1109,1,0.008112713
Warm C,123531,796,795,1938,1109,1,0.017924452
Warm C,9320,62,61,1938,1109,1,-1.5357276e-05
Warm C,357646,2092,2091,1938,1109,1,0.0073985667
Warm C,421169,2544,2543,1938,1109,0,0.008999274
Warm C,459653,2832,2831,1938,1109,1,0.011440819
Warm C,63257,424,423,1938,1109,1,0.01298381
Warm C,115505,749,748,1938,1109,1,0.009993818
Warm C,284916,1699,1698,1938,1109,1,0.015106434
Warm C,253220,1539,1538,1938,1109,1,0.0046941605
Warm C,158541,1015,1014,1938,1109,1,0.014785907
Warm C,217259,1317,1316,1938,1109,1,0.00943524
Warm C,316980,1884,1883,1938,1109,1,0.006703616
Warm C,412161,2478,2477,1938,1109,1,0.011664865
Warm C,24401,173,172,1938,1109,1,0.008527181
Warm C,50643,333,332,1938,1109,1,0.008864202
Warm C,171965,1088,1087,1938,1109,1,0.015258133
Warm C,322623,1912,1911,1938,1109,0,0.013344282
Warm C,46860,314,313,1938,1109,1,0.003755638
Warm C,343738,2018,2017,1938,1109,1,0.010395514
Warm C,336248,1980,1979,1938,1109,1,0.017862324
Warm C,984079,5948,5947,1938,1109,1,0.0070326715
Warm C,208389,1273,1272,1940,1111,1,0.0039664996
Warm C,213634,1298,1297,1940,1111,1,0.007576184
Warm C,180422,1128,1127,1940,1111,1,0.009247671
Warm C,219534,1331,1330,1940,1111,1,0.011768608
Warm C,162358,1034,1033,1940,1111,1,0.0022441722
Warm C,185667,1150,1149,1940,1111,0,0.013470907
Warm C,138700,889,888,1940,1111,0,0.010347811
Warm C,318988,1896,1895,1940,1111,0,0.0102636255
Warm C,135061,873,872,1940,1111,1,0.017999493
Warm C,94624,635,634,1940,1111,1,0.0077392613
Warm C,191332,1181,1180,1940,1111,0,0.011531802
Warm C,67076,451,450,1940,1111,1,0.0028476059
Warm C,45979,308,307,1940,1111,1,0.014231941
Warm C,481982,2962,2961,1940,1111,1,-0.0014670049
Warm C,23740,169,168,1940,1111,1,0.015811073
Warm C,12731,97,96,1940,1111,1,-0.0056874277
Warm C,357650,2092,2091,1940,1111,1,0.003130881
Warm C,76422,518,517,1940,1111,1,0.0092438515
Warm C,384763,2247,2246,1940,1111,1,0.0034137778
Warm C,316985,1884,1883,1940,1111,1,0.012056146
Warm C,192764,1186,1185,1940,1111,1,0.0012394246
Warm C,160333,1019,1018,1940,1111,0,0.020922516
Warm C,293911,1748,1747,1940,1111,1,0.01673707
Warm C,804079,4815,4814,1940,1111,1,0.011057662
Warm C,171979,1088,1087,1940,1111,1,0.0025804476
Warm C,111731,727,726,1940,1111,1,0.002525019
Warm C,322631,1912,1911,1940,1111,0,0.009806406
Warm C,285462,1701,1700,1940,1111,1,0.015920306
Warm C,607774,3688,3687,1940,1111,1,0.0041501336
Warm C,821603,4940,4939,1940,1111,1,0.019428391
Warm C,141647,911,910,1940,1111,1,0.00940264
Warm C,451540,2779,2778,1941,1112,1,0.011520201
Warm C,438405,2679,2678,1941,1112,1,0.014245435
Warm C,419437,2535,2534,1941,1112,1,-0.004874803
Warm C,417262,2512,2511,1941,1112,1,0.012809326
Warm C,414730,2496,2495,1941,1112,1,0.011062682
Warm C,401414,2393,2392,1941,1112,1,-0.004063918
Warm C,396205,2342,2341,1941,1112,0,0.011621891
Warm C,394673,2329,2328,1941,1112,1,-0.0016377205
Warm C,381752,2231,2230,1941,1112,1,0.012524417
Warm C,352999,2067,2066,1941,1112,1,0.011735097
Warm C,317414,1888,1887,1941,1112,0,0.008139545
Warm C,292499,1741,1740,1941,1112,1,0.0066220267
Warm C,269209,1632,1631,1941,1112,1,0.014359279
Warm C,346346,2030,2029,1941,1112,1,0.006858511
Warm C,255756,1557,1556,1941,1112,1,0.0075501064
Warm C,294448,1749,1748,1941,1112,0,0.02419408
Warm C,194164,1196,1195,1941,1112,0,0.0039562006
Warm C,182874,1140,1139,1941,1112,1,0.022420699
Warm C,178732,1121,1120,1941,1112,1,0.007913712
Warm C,244165,1470,1469,1941,1112,0,0.009452155
Warm C,148567,956,955,1941,1112,1,0.012426353
Warm C,147077,948,947,1941,1112,1,0.005518755
Warm C,185670,1150,1149,1941,1112,0,0.008379225
Warm C,138702,889,888,1941,1112,1,0.010545478
Warm C,235663,1426,1425,1941,1112,0,0.02309965
Warm C,121286,780,779,1941,1112,0,0.00602488
Warm C,191334,1181,1180,1941,1112,0,0.01655594
Warm C,84437,550,549,1941,1112,0,0.0068317605
Warm C,72539,484,483,1941,1112,0,0.0021989066
Warm C,48860,327,326,1941,1112,1,0.00663819
Warm C,45588,307,306,1941,1112,0,-0.0015086832
Warm C,42537,291,290,1941,1112,1,0.00440973
Warm C,35312,238,237,1941,1112,1,0.0046431357
Warm C,26807,190,189,1941,1112,0,0.005460546
Warm C,23741,169,168,1941,1112,0,0.011627382
Warm C,592145,3610,3609,1941,1112,0,0.018105766
Warm C,66161,442,441,1941,1112,1,-0.009205356
Warm C,421174,2544,2543,1941,1112,1,0.011019152
Warm C,238182,1447,1446,1941,1112,0,0.009399841
Warm C,158553,1015,1014,1941,1112,1,0.003746687
Warm C,316987,1884,1883,1941,1112,1,0.013191266
Warm C,835115,5019,5018,1941,1112,1,-0.00070347986
Warm C,18245,140,139,1941,1112,0,0.012225267
Warm C,338296,1988,1987,1941,1112,1,0.017594703
Warm C,170969,1087,1086,1941,1112,1,0.007833432
Warm C,322633,1912,1911,1941,1112,0,0.011001153
Warm C,895331,5411,5410,1941,1112,1,0.0065287864
Warm C,768821,4579,4578,1941,1112,1,0.003202424
Warm C,285463,1701,1700,1941,1112,0,0.008687168
Warm C,657638,3963,3962,1941,1112,1,0.020172995
Warm C,305095,1812,1811,1941,1112,0,0.010437596
Warm C,295733,1755,1754,1941,1112,0,-0.0006966705
Warm C,208921,1274,1273,1941,1112,1,0.012465111
Warm C,438013,2676,2675,1942,1113,1,0.0077724
Warm C,425416,2581,2580,1942,1113,1,0.00892058
Warm C,421516,2546,2545,1942,1113,1,0.0041531776
Warm C,421176,2544,2543,1942,1113,1,0.0023412872
Warm C,419912,2537,2536,1942,1113,1,0.0035137096
Warm C,414942,2497,2496,1942,1113,1,0.0024038916
Warm C,403489,2410,2409,1942,1113,0,0.0054790643
Warm C,399219,2376,2375,1942,1113,1,0.015573449
Warm C,393744,2318,2317,1942,1113,1,0.0048742145
Warm C,390149,2288,2287,1942,1113,1,-0.001684672
Warm C,383504,2241,2240,1942,1113,1,0.009998571
Warm C,381753,2231,2230,1942,1113,0,0.01022432
Warm C,364930,2124,2123,1942,1113,1,0.008433457
Warm C,353000,2067,2066,1942,1113,0,0.0053519346
Warm C,346701,2031,2030,1942,1113,1,0.017491395
Warm C,357652,2092,2091,1942,1113,1,-0.00069370726
Warm C,343206,2016,2015,1942,1113,1,0.0033791838
Warm C,323256,1916,1915,1942,1113,1,0.00834626
Warm C,282072,1692,1691,1942,1113,1,0.0027994066
Warm C,270160,1635,1634,1942,1113,1,0.00064618513
Warm C,269212,1632,1631,1942,1113,0,0.012272042
Warm C,256561,1567,1566,1942,1113,0,0.009880265
Warm C,346347,2030,2029,1942,1113,1,0.015050644
Warm C,232354,1410,1409,1942,1113,1,0.010157866
Warm C,218098,1322,1321,1942,1113,1,0.0059178383
Warm C,213635,1298,1297,1942,1113,1,0.011494128
Warm C,206009,1264,1263,1942,1113,1,0.009751892
Warm C,199593,1224,1223,1942,1113,1,0.016413987
Warm C,294450,1749,1748,1942,1113,0,0.008095387
Warm C,182875,1140,1139,1942,1113,0,0.013860305
Warm C,175203,1111,1110,1942,1113,1,0.006894065
Warm C,219536,1331,1330,1942,1113,1,0.00021021115
Warm C,191337,1181,1180,1942,1113,1,0.01601087
Warm C,185673,1150,1149,1942,1113,1,0.016657649
Warm C,318989,1896,1895,1942,1113,0,0.009878071
Warm C,106888,702,701,1942,1113,1,0.018767796
Warm C,153247,984,983,1942,1113,1,0.003528155
Warm C,67078,451,450,1942,1113,1,0.0068467096
Warm C,45589,307,306,1942,1113,1,0.0006681448
Warm C,713297,4277,4276,1942,1113,1,0.015661694
Warm C,31378,212,211,1942,1113,1,0.007129696
Warm C,148835,957,956,1942,1113,1,0.003552671
Warm C,23742,169,168,1942,1113,1,0.021748899
Warm C,13556,107,106,1942,1113,1,0.00990634
Warm C,592146,3610,3609,1942,1113,0,0.0028359923
Warm C,460828,2841,2840,1942,1113,1,0.013672098
Warm C,316988,1884,1883,1942,1113,1,0.018735442
Warm C,18246,140,139,1942,1113,0,0.006247821
Warm C,993910,6002,6001,1942,1113,1,0.0125310635
Warm C,232845,1415,1414,1942,1113,1,0.0053574955
Warm C,894929,5405,5404,1942,1113,1,0.006706151
Warm C,50651,333,332,1942,1113,1,0.009806027
Warm C,20056,149,148,1942,1113,1,0.012018448
Warm C,841225,5054,5053,1942,1113,1,0.010944771
Warm C,285464,1701,1700,1942,1113,1,0.018810675
Warm C,254908,1551,1550,1942,1113,0,0.0011968683
Warm C,293915,1748,1747,1942,1113,0,0.014289802
Warm C,322634,1912,1911,1942,1113,0,0.012077229
Warm C,171981,1088,1087,1942,1113,1,0.0042539397
Warm C,171984,1088,1087,1943,1114,0,0.010419486
Warm C,655555,3948,3947,1948,1119,0,0.006021468
Warm C,646406,3891,3890,1948,1119,1,0.009470363
Warm C,644831,3884,3883,1948,1119,0,0.017126167
Warm C,642396,3864,3863,1948,1119,1,0.015635218
Warm C,630871,3816,3815,1948,1119,1,0.013458685
Warm C,629800,3808,3807,1948,1119,0,0.0069655012
Warm C,626099,3789,3788,1948,1119,1,0.007343786
Warm C,625061,3778,3777,1948,1119,0,0.022351298
Warm C,620757,3760,3759,1948,1119,1,0.011187881
Warm C,670416,4028,4027,1948,1119,0,0.024601247
Warm C,613978,3718,3717,1948,1119,1,0.008432875
Warm C,611323,3705,3704,1948,1119,1,0.016056463
Warm C,609307,3693,3692,1948,1119,0,0.0073312633
Warm C,726532,4345,4344,1948,1119,0,0.0045309863
Warm C,608704,3691,3690,1948,1119,1,0.01821091
Warm C,662700,3994,3993,1948,1119,1,0.015311358
Warm C,568409,3487,3486,1948,1119,0,0.0053848927
Warm C,548062,3380,3379,1948,1119,1,0.009670131
Warm C,545812,3365,3364,1948,1119,1,0.009099277
Warm C,533574,3292,3291,1948,1119,1,0.015588623
Warm C,521201,3216,3215,1948,1119,0,0.007532049
Warm C,520939,3215,3214,1948,1119,1,-0.00046393485
Warm C,513077,3163,3162,1948,1119,0,0.011958834
Warm C,527612,3261,3260,1948,1119,0,0.001002908
Warm C,505284,3108,3107,1948,1119,1,0.01581759
Warm C,713306,4277,4276,1948,1119,0,0.017244512
Warm C,546188,3367,3366,1948,1119,1,0.005167405
Warm C,489740,3013,3012,1948,1119,1,0.019302122
Warm C,768827,4579,4578,1948,1119,1,0.0024913843
Warm C,600245,3650,3649,1948,1119,0,0.011988967
Warm C,482856,2967,2966,1948,1119,0,0.008552485
Warm C,476885,2928,2927,1948,1119,1,0.012613943
Warm C,696648,4169,4168,1948,1119,1,0.022981748
Warm C,738232,4411,4410,1948,1119,1,0.0020626877
Warm C,471694,2901,2900,1948,1119,1,0.0044438574
Warm C,494998,3036,3035,1948,1119,1,0.00880446
Warm C,467018,2878,2877,1948,1119,1,0.0068269596
Warm C,466203,2874,2873,1948,1119,1,0.011493238
Warm C,462062,2849,2848,1948,1119,1,0.014714008
Warm C,460006,2837,2836,1948,1119,1,0.011590498
Warm C,455926,2807,2806,1948,1119,1,0.014600309
Warm C,452880,2788,2787,1948,1119,1,-0.0006154928
Warm C,448096,2761,2760,1948,1119,0,0.0045289644
Warm C,446977,2753,2752,1948,1119,1,0.010700534
Warm C,440756,2698,2697,1948,1119,0,0.006174009
Warm C,427057,2592,2591,1948,1119,0,0.01096523
Warm C,422999,2564,2563,1948,1119,1,-0.0020279195
Warm C,451400,2778,2777,1948,1119,1,0.0003720679
Warm C,419916,2537,2536,1948,1119,1,0.01169475
Warm C,410901,2465,2464,1948,1119,1,0.0040024137
Warm C,398660,2373,2372,1948,1119,1,-0.0044339406
Warm C,392464,2304,2303,1948,1119,0,0.007703796
Warm C,389078,2279,2278,1948,1119,1,0.006947082
Warm C,382414,2234,2233,1948,1119,1,0.0020829313
Warm C,381759,2231,2230,1948,1119,0,0.011987826
Warm C,378804,2211,2210,1948,1119,1,0.016400449
Warm C,377410,2203,2202,1948,1119,1,0.011651549
Warm C,356523,2088,2087,1948,1119,0,0.012752112
Warm C,345530,2026,2025,1948,1119,1,-0.00461167
Warm C,357658,2092,2091,1948,1119,1,0.020440867
Warm C,344251,2020,2019,1948,1119,0,0.0076685483
Warm C,335101,1977,1976,1948,1119,1,7.2136754e-06
Warm C,320275,1899,1898,1948,1119,1,0.009925125
Warm C,302537,1796,1795,1948,1119,1,0.0038341328
Warm C,301557,1791,1790,1948,1119,0,0.015304796
Warm C,282989,1695,1694,1948,1119,1,0.017641956
Warm C,269221,1632,1631,1948,1119,0,0.017860342
Warm C,268606,1631,1630,1948,1119,1,0.0075626094
Warm C,259097,1586,1585,1948,1119,1,0.010798376
Warm C,346356,2030,2029,1948,1119,1,0.011517961
Warm C,294454,1749,1748,1948,1119,0,0.005440304
Warm C,218104,1322,1321,1948,1119,1,0.0087428605
Warm C,276411,1671,1670,1948,1119,1,0.011328419
Warm C,208395,1273,1272,1948,1119,1,0.0073113926
Warm C,208086,1272,1271,1948,1119,1,0.008185871
Warm C,213641,1298,1297,1948,1119,0,0.006263851
Warm C,188668,1170,1169,1948,1119,1,0.0101749245
Warm C,190074,1179,1178,1948,1119,1,0.012510832
Warm C,212538,1294,1293,1948,1119,1,0.007904684
Warm C,316368,1883,1882,1948,1119,0,-0.0019899483
Warm C,182879,1140,1139,1948,1119,1,0.010961114
Warm C,180428,1128,1127,1948,1119,1,0.013428664
Warm C,163117,1041,1040,1948,1119,1,-0.0035922793
Warm C,167010,1062,1061,1948,1119,1,0.0050235223
Warm C,153258,984,983,1948,1119,1,0.016450258
Warm C,147086,948,947,1948,1119,1,-0.0047866097
Warm C,260889,1594,1593,1948,1119,1,0.003976209
Warm C,138713,889,888,1948,1119,1,0.011838813
Warm C,160345,1019,1018,1948,1119,0,0.022490276
Warm C,131317,850,849,1948,1119,0,0.010780107
Warm C,374885,2185,2184,1948,1119,1,0.011181862
Warm C,315503,1880,1879,1948,1119,1,0.017948462
Warm C,112667,731,730,1948,1119,1,0.019622795
Warm C,178331,1120,1119,1948,1119,1,0.003894636
Warm C,284446,1698,1697,1948,1119,1,0.019539434
Warm C,97167,651,650,1948,1119,1,0.013833707
Warm C,339268,1998,1997,1948,1119,1,0.0036564462
Warm C,84442,550,549,1948,1119,0,0.014780784
Warm C,198255,1218,1217,1948,1119,0,0.009128089
Warm C,77019,523,522,1948,1119,1,0.0076441886
Warm C,72579,485,484,1948,1119,1,-0.0016324901
Warm C,66390,444,443,1948,1119,1,0.009126676
Warm C,64745,434,433,1948,1119,1,-0.0010802718
Warm C,63747,425,424,1948,1119,1,0.011955348
Warm C,62212,420,419,1948,1119,1,0.0057879845
Warm C,59640,405,404,1948,1119,1,0.010136025
Warm C,48572,326,325,1948,1119,1,-0.0032691944
Warm C,45596,307,306,1948,1119,1,0.012088245
Warm C,32158,216,215,1948,1119,0,0.0072728246
Warm C,23754,169,168,1948,1119,0,0.014095619
Warm C,8088,54,53,1948,1119,0,0.0067264144
Warm C,6262,45,44,1948,1119,0,0.004877669
Warm C,48084,322,321,1948,1119,1,0.0041834153
Warm C,943,10,9,1948,1119,1,0.010813793
Warm C,858138,5157,5156,1948,1119,1,0.004711231
Warm C,60788,411,410,1948,1119,0,0.0044122213
Warm C,421183,2544,2543,1948,1119,1,0.0117629
Warm C,801494,4802,4801,1948,1119,1,0.01920513
Warm C,94628,635,634,1948,1119,1,0.014417958
Warm C,238193,1447,1446,1948,1119,0,0.018817304
Warm C,158566,1015,1014,1948,1119,1,0.02006433
Warm C,47552,319,318,1948,1119,1,0.018216833
Warm C,170971,1087,1086,1948,1119,0,0.015221663
Warm C,312457,1861,1860,1948,1119,1,0.007624425
Warm C,757292,4508,4507,1948,1119,0,0.01467583
Warm C,293921,1748,1747,1948,1119,0,0.02377349
Warm C,949218,5734,5733,1948,1119,1,0.0081198495
Warm C,447700,2760,2759,1948,1119,1,0.0038933095
Warm C,254663,1547,1546,1948,1119,1,0.006182463
Warm C,322642,1912,1911,1948,1119,0,0.02046081
Warm C,24415,173,172,1948,1119,0,0.0117264725
Warm C,657646,3963,3962,1948,1119,1,0.0074369907
Warm C,371803,2172,2171,1948,1119,0,0.018885618
Warm C,319533,1897,1896,1948,1119,1,0.0077642077
Warm C,34761,235,234,1948,1119,1,0.0015042806
Warm C,63283,424,423,1948,1119,1,0.013126455
Warm C,923981,5580,5579,1948,1119,1,0.012572509
Warm C,171991,1088,1087,1948,1119,1,0.007864147
Warm C,766228,4562,4561,1966,1137,1,0.014011731
Warm C,751014,4480,4479,1966,1137,0,0.012977777
Warm C,746711,4456,4455,1966,1137,1,0.002248847
Warm C,689166,4122,4121,1966,1137,1,0.0069873454
Warm C,686352,4106,4105,1966,1137,0,0.01001446
Warm C,660676,3983,3982,1966,1137,0,0.0058426876
Warm C,661042,3985,3984,1966,1137,0,0.018818429
Warm C,645928,3887,3886,1966,1137,1,-0.00030437903
Warm C,635206,3829,3828,1966,1137,0,0.008815605
Warm C,945530,5707,5706,1966,1137,1,0.0053692614
Warm C,623123,3770,3769,1966,1137,1,0.005822719
Warm C,622823,3769,3768,1966,1137,1,0.0072971457
Warm C,769258,4580,4579,1966,1137,1,0.016314965
Warm C,614388,3721,3720,1966,1137,1,0.009737247
Warm C,612660,3713,3712,1966,1137,0,0.020136546
Warm C,611362,3705,3704,1966,1137,1,0.018944068
Warm C,725537,4344,4343,1966,1137,0,0.016403597
Warm C,703769,4220,4219,1966,1137,0,0.0047321483
Warm C,581024,3547,3546,1966,1137,0,0.010614745
Warm C,617168,3735,3734,1966,1137,1,0.01320021
Warm C,579715,3539,3538,1966,1137,0,0.021760002
Warm C,556116,3417,3416,1966,1137,1,0.008975331
Warm C,571503,3504,3503,1966,1137,1,0.004497531
Warm C,546975,3371,3370,1966,1137,1,0.013101545
Warm C,542997,3341,3340,1966,1137,1,0.015463051
Warm C,904262,5468,5467,1966,1137,1,-0.006886137
Warm C,531782,3283,3282,1966,1137,1,-0.00053352024
Warm C,916766,5539,5538,1966,1137,0,0.009090557
Warm C,883124,5333,5332,1966,1137,1,0.018238453
Warm C,523249,3226,3225,1966,1137,1,0.010090992
Warm C,522930,3224,3223,1966,1137,1,0.013760926
Warm C,510125,3142,3141,1966,1137,1,0.009279891
Warm C,501468,3080,3079,1966,1137,1,0.018163245
Warm C,500318,3072,3071,1966,1137,0,0.015250163
Warm C,490405,3017,3016,1966,1137,0,0.0031563859
Warm C,530605,3278,3277,1966,1137,0,0.002617316
Warm C,462387,2853,2852,1966,1137,1,0.008587961
Warm C,459664,2832,2831,1966,1137,1,0.006598633
Warm C,459233,2826,2825,1966,1137,1,0.0117491465
Warm C,455943,2807,2806,1966,1137,1,0.017335624
Warm C,796149,4771,4770,1966,1137,0,0.0074165403
Warm C,464347,2860,2859,1966,1137,0,0.014312477
Warm C,451547,2779,2778,1966,1137,0,0.004516274
Warm C,449998,2774,2773,1966,1137,1,0.014207415
Warm C,443967,2737,2736,1966,1137,1,0.0029260977
Warm C,446538,2752,2751,1966,1137,1,0.023133978
Warm C,564711,3471,3470,1966,1137,0,-0.00063836784
Warm C,696710,4169,4168,1966,1137,1,0.024554517
Warm C,432227,2634,2633,1966,1137,1,0.015715845
Warm C,421219,2544,2543,1966,1137,1,0.01680141
Warm C,416901,2507,2506,1966,1137,0,0.019692019
Warm C,394293,2323,2322,1966,1137,0,-0.00029750122
Warm C,413305,2485,2484,1966,1137,0,0.0101632755
Warm C,385409,2251,2250,1966,1137,1,-0.0014162333
Warm C,377985,2205,2204,1966,1137,0,0.013425533
Warm C,372134,2173,2172,1966,1137,1,0.009470892
Warm C,358126,2096,2095,1966,1137,1,0.011156665
Warm C,360250,2105,2104,1966,1137,1,0.011193321
Warm C,347130,2036,2035,1966,1137,1,0.009045653
Warm C,346714,2031,2030,1966,1137,1,0.017847683
Warm C,319571,1897,1896,1966,1137,0,0.010799107
Warm C,302548,1796,1795,1966,1137,1,0.0028733274
Warm C,298206,1767,1766,1966,1137,1,0.018222284
Warm C,310191,1845,1844,1966,1137,1,0.0031193483
Warm C,274530,1658,1657,1966,1137,1,0.014926299
Warm C,269269,1632,1631,1966,1137,1,0.024265375
Warm C,256455,1565,1564,1966,1137,1,0.0006090356
Warm C,289498,1727,1726,1966,1137,1,0.0038412237
Warm C,211327,1285,1284,1966,1137,0,0.0019668976
Warm C,294490,1749,1748,1966,1137,1,0.012486858
Warm C,209582,1279,1278,1966,1137,0,0.008744166
Warm C,185744,1150,1149,1966,1137,1,0.01200038
Warm C,307683,1835,1834,1966,1137,1,0.014745946
Warm C,176570,1116,1115,1966,1137,1,-2.7694274e-05
Warm C,173838,1100,1099,1966,1137,1,0.0016457969
Warm C,188324,1168,1167,1966,1137,1,0.010837507
Warm C,166626,1059,1058,1966,1137,0,0.0057111206
Warm C,160396,1019,1018,1966,1137,0,0.013171263
Warm C,158630,1015,1014,1966,1137,1,0.015112431
Warm C,147808,952,951,1966,1137,0,0.008857599
Warm C,260896,1594,1593,1966,1137,0,0.0064613195
Warm C,713362,4277,4276,1966,1137,0,0.015215455
Warm C,201778,1242,1241,1966,1137,1,0.008020428
Warm C,132094,854,853,1966,1137,0,0.010068517
Warm C,125070,802,801,1966,1137,0,0.0028975792
Warm C,124598,801,800,1966,1137,0,-0.0051400773
Warm C,332292,1960,1959,1966,1137,0,0.01889184
Warm C,113459,735,734,1966,1137,0,0.009612
Warm C,112692,731,730,1966,1137,1,0.012488784
Warm C,89647,590,589,1966,1137,1,0.006742367
Warm C,89396,588,587,1966,1137,1,0.014244781
Warm C,191422,1181,1180,1966,1137,0,-0.0011526763
Warm C,82327,546,545,1966,1137,1,0.014454009
Warm C,84495,550,549,1966,1137,1,0.017594172
Warm C,75074,509,508,1966,1137,1,0.006973677
Warm C,239289,1448,1447,1966,1137,0,0.01229783
Warm C,72992,493,492,1966,1137,1,0.0054502557
Warm C,57224,386,385,1966,1137,1,0.00074736937
Warm C,132673,855,854,1966,1137,1,0.0098437
Warm C,313018,1865,1864,1966,1137,0,0.0012487853
Warm C,37910,259,258,1966,1137,0,0.005065958
Warm C,258595,1584,1583,1966,1137,0,0.01620074
Warm C,34389,232,231,1966,1137,1,0.0015370897
Warm C,33587,225,224,1966,1137,1,0.0100495
Warm C,228536,1383,1382,1966,1137,0,0.009845165
Warm C,17575,136,135,1966,1137,1,0.00757737
Warm C,6307,45,44,1966,1137,0,0.007810227
Warm C,3550,26,25,1966,1137,1,0.0112239495
Warm C,439,5,4,1966,1137,0,0.0110781705
Warm C,458261,2820,2819,1966,1137,0,0.011843659
Warm C,66181,442,441,1966,1137,1,0.010138316
Warm C,772083,4602,4601,1966,1137,1,-0.00083864434
Warm C,862733,5193,5192,1966,1137,1,0.01164988
Warm C,450086,2775,2774,1966,1137,1,0.0052842363
Warm C,193056,1192,1191,1966,1137,1,-0.00014460576
Warm C,762225,4528,4527,1966,1137,1,-0.0036379495
Warm C,284945,1699,1698,1966,1137,1,0.0066494485
Warm C,408409,2453,2452,1966,1137,0,0.018104538
Warm C,531262,3280,3279,1966,1137,1,0.0089666
Warm C,475647,2918,2917,1966,1137,0,0.006031699
Warm C,290514,1733,1732,1966,1137,1,0.009282814
Warm C,9898,68,67,1966,1137,1,0.015193045
Warm C,633592,3824,3823,1966,1137,0,0.013350502
Warm C,860176,5172,5171,1966,1137,1,0.0016832671
Warm C,499705,3067,3066,1966,1137,1,0.0145382155
Warm C,772755,4607,4606,1966,1137,1,0.01865711
Warm C,336330,1980,1979,1966,1137,1,0.020723164
Warm C,983063,5938,5937,1966,1137,0,0.0077621797
Warm C,497396,3054,3053,1966,1137,0,0.008202346
Warm C,104002,691,690,1966,1137,1,-0.0018055309
Warm C,246960,1491,1490,1966,1137,0,0.001334073
Warm C,902879,5458,5457,1966,1137,1,0.009117873
Warm C,465807,2872,2871,1966,1137,1,0.015233136
Warm C,565775,3475,3474,1966,1137,0,0.017188504
Warm C,34786,235,234,1966,1137,1,0.009427057
Warm C,95766,641,640,1966,1137,1,0.009240432
Warm C,790529,4728,4727,1966,1137,1,0.019617822
Warm C,480492,2947,2946,1966,1137,0,0.0010862278
Warm C,682768,4085,4084,1975,1145,0,0.011784068
Warm C,666395,4009,4008,1975,1145,0,0.00871193
Warm C,664836,4001,4000,1975,1145,1,0.008715747
Warm C,663593,3998,3997,1975,1145,0,0.012414147
Warm C,654361,3942,3941,1975,1145,0,0.014181771
Warm C,664267,3999,3998,1975,1145,0,0.010058192
Warm C,628419,3806,3805,1975,1145,0,0.008037682
Warm C,628844,3807,3806,1975,1145,0,0.001675243
Warm C,627985,3801,3800,1975,1145,1,0.004312437
Warm C,638581,3841,3840,1975,1145,0,0.011796186
Warm C,623555,3771,3770,1975,1145,0,0.008331887
Warm C,625146,3778,3777,1975,1145,0,0.011097711
Warm C,611977,3709,3708,1975,1145,0,0.0021974565
Warm C,621360,3762,3761,1975,1145,0,0.017662745
Warm C,725560,4344,4343,1975,1145,0,0.0068315533
Warm C,606730,3683,3682,1975,1145,0,0.012787435
Warm C,633625,3824,3823,1975,1145,0,0.01148599
Warm C,596895,3626,3625,1975,1145,0,0.008380579
Warm C,589956,3599,3598,1975,1145,0,0.007764357
Warm C,572658,3508,3507,1975,1145,0,0.0021293403
Warm C,569490,3491,3490,1975,1145,1,0.011330593
Warm C,558993,3433,3432,1975,1145,0,0.009554787
Warm C,552646,3401,3400,1975,1145,0,0.015831416
Warm C,554215,3410,3409,1975,1145,0,0.007004181
Warm C,554619,3411,3410,1975,1145,0,0.0105382595
Warm C,537489,3311,3310,1975,1145,0,0.0077161044
Warm C,528360,3265,3264,1975,1145,0,0.014104468
Warm C,518913,3201,3200,1975,1145,0,0.0065148734
Warm C,515719,3182,3181,1975,1145,0,0.009480425
Warm C,606047,3681,3680,1975,1145,0,0.014177035
Warm C,513149,3163,3162,1975,1145,0,0.00264792
Warm C,508811,3129,3128,1975,1145,0,0.010441214
Warm C,718690,4305,4304,1975,1145,0,0.0114755975
Warm C,494511,3032,3031,1975,1145,1,0.0038298313
Warm C,540097,3320,3319,1975,1145,0,0.00919117
Warm C,469064,2888,2887,1975,1145,0,0.0060942625
Warm C,754775,4497,4496,1975,1145,0,0.0024469737
Warm C,463603,2857,2856,1975,1145,0,0.009093517
Warm C,462291,2852,2851,1975,1145,1,0.006563988
Warm C,439678,2685,2684,1975,1145,0,0.010486189
Warm C,426621,2590,2589,1975,1145,0,0.0035396933
Warm C,411789,2474,2473,1975,1145,0,-0.00022125803
Warm C,409808,2457,2456,1975,1145,1,0.0077839475
Warm C,397236,2352,2351,1975,1145,0,0.00444087
Warm C,370095,2164,2163,1975,1145,0,0.010237783
Warm C,367788,2147,2146,1975,1145,0,0.0082992725
Warm C,367359,2144,2143,1975,1145,0,0.009382857
Warm C,297734,1764,1763,1975,1145,1,0.0028876346
Warm C,288341,1722,1721,1975,1145,1,-0.0019951859
Warm C,291700,1737,1736,1975,1145,0,0.004456218
Warm C,279928,1680,1679,1975,1145,0,0.01246755
Warm C,280536,1683,1682,1975,1145,0,0.0035848948
Warm C,358299,2097,2096,1975,1145,0,0.0043619247
Warm C,247911,1496,1495,1975,1145,0,0.0046747955
Warm C,243021,1465,1464,1975,1145,0,0.0069496064
Warm C,224553,1357,1356,1975,1145,0,0.010021149
Warm C,336359,1980,1979,1975,1145,0,0.014962859
Warm C,278007,1676,1675,1975,1145,1,0.011603955
Warm C,273275,1647,1646,1975,1145,0,0.0039282897
Warm C,350390,2056,2055,1975,1145,0,0.011301644
Warm C,206075,1264,1263,1975,1145,0,0.003507168
Warm C,322701,1912,1911,1975,1145,0,0.0049449503
Warm C,271122,1639,1638,1975,1145,0,0.013526617
Warm C,328714,1941,1940,1975,1145,0,0.0076438296
Warm C,189130,1172,1171,1975,1145,0,0.010691879
Warm C,299232,1776,1775,1975,1145,0,0.017307926
Warm C,307711,1835,1834,1975,1145,0,0.017053446
Warm C,180469,1128,1127,1975,1145,0,0.015904885
Warm C,196752,1207,1206,1975,1145,0,0.009957759
Warm C,175098,1109,1108,1975,1145,0,0.0015491145
Warm C,165667,1056,1055,1975,1145,1,0.0024946549
Warm C,159436,1017,1016,1975,1145,0,0.010136579
Warm C,135856,877,876,1975,1145,0,0.018446527
Warm C,134598,869,868,1975,1145,0,0.007911071
Warm C,130333,844,843,1975,1145,0,0.006711481
Warm C,125644,808,807,1975,1145,0,0.0040503405
Warm C,124005,798,797,1975,1145,0,0.0038108237
Warm C,211358,1285,1284,1975,1145,0,0.0076448014
Warm C,114117,741,740,1975,1145,1,0.0019641682
Warm C,107219,705,704,1975,1145,0,0.0021572378
Warm C,99486,663,662,1975,1145,0,0.013126148
Warm C,352343,2063,2062,1975,1145,0,0.007333629
Warm C,94753,636,635,1975,1145,1,0.0052353283
Warm C,92846,621,620,1975,1145,0,0.008030701
Warm C,265289,1611,1610,1975,1145,1,0.0067468104
Warm C,140778,904,903,1975,1145,0,0.007051478
Warm C,115549,749,748,1975,1145,1,0.0037473417
Warm C,87543,572,571,1975,1145,0,-0.003114001
Warm C,77883,524,523,1975,1145,0,0.017488627
Warm C,81919,543,542,1975,1145,0,0.0064421217
Warm C,57644,390,389,1975,1145,0,0.013236811
Warm C,45232,305,304,1975,1145,0,0.0066045523
Warm C,41238,278,277,1975,1145,0,0.009705569
Warm C,30010,202,201,1975,1145,0,0.010305343
Warm C,99906,667,666,1975,1145,0,-0.0031630318
Warm C,270223,1635,1634,1975,1145,0,0.0099248495
Warm C,15728,123,122,1975,1145,0,0.014136458
Warm C,6468,46,45,1975,1145,1,0.011397976
Warm C,482035,2962,2961,1975,1145,0,0.004528637
Warm C,355181,2077,2076,1975,1145,0,0.010891939
Warm C,432878,2638,2637,1975,1145,0,0.00807959
Warm C,238273,1447,1446,1975,1145,0,0.011255788
Warm C,290537,1733,1732,1975,1145,0,0.015837014
Warm C,102642,678,677,1975,1145,0,0.0053809257
Warm C,964228,5812,5811,1975,1145,0,0.006881571
Warm C,720221,4312,4311,1975,1145,0,0.02027001
Warm C,331935,1958,1957,1975,1145,0,0.01941702
Warm C,474098,2909,2908,1975,1145,1,0.011527438
Warm C,63377,424,423,1975,1145,0,0.015991677
Warm C,474409,2910,2909,1975,1145,0,0.009079093
Warm C,34287,231,230,1975,1145,0,0.010119399
Warm C,558994,3433,3432,1976,1146,0,-0.008481596
Warm C,552647,3401,3400,1976,1146,0,-0.013327525
Warm C,554216,3410,3409,1976,1146,0,0.0038362532
Warm C,554620,3411,3410,1976,1146,0,0.0010356922
Warm C,537491,3311,3310,1976,1146,0,0.006254088
Warm C,528361,3265,3264,1976,1146,0,0.0064051542
Warm C,654362,3942,3941,1976,1146,0,0.0031152428
Warm C,518914,3201,3200,1976,1146,0,0.012002637
Warm C,515720,3182,3181,1976,1146,0,0.0013713641
Warm C,566487,3476,3475,1976,1146,0,-0.00512861
Warm C,606048,3681,3680,1976,1146,0,0.00025085476
Warm C,508812,3129,3128,1976,1146,0,0.007604936
Warm C,494512,3032,3031,1976,1146,1,-0.0006946577
Warm C,540099,3320,3319,1976,1146,0,-0.007502557
Warm C,472888,2907,2906,1976,1146,0,0.0015914817
Warm C,462292,2852,2851,1976,1146,0,-0.003194251
Warm C,450397,2776,2775,1976,1146,0,0.0033677472
Warm C,453335,2792,2791,1976,1146,0,-0.0042857938
Warm C,432331,2635,2634,1976,1146,1,-0.00014595687
Warm C,431213,2627,2626,1976,1146,0,-0.008514572
Warm C,429312,2611,2610,1976,1146,0,0.003684224
Warm C,426622,2590,2589,1976,1146,0,4.5564026e-05
Warm C,414082,2491,2490,1976,1146,0,0.008607421
Warm C,411137,2466,2465,1976,1146,0,-0.0036976007
Warm C,410041,2458,2457,1976,1146,0,0.0019354362
Warm C,409809,2457,2456,1976,1146,0,0.015762985
Warm C,406624,2439,2438,1976,1146,0,0.007311266
Warm C,398797,2374,2373,1976,1146,0,-0.0018351245
Warm C,760237,4517,4516,1976,1146,0,-0.00717899
Warm C,385419,2251,2250,1976,1146,0,-0.0020462214
Warm C,379378,2217,2216,1976,1146,0,-0.0004822042
Warm C,370096,2164,2163,1976,1146,0,-0.001487188
Warm C,368096,2149,2148,1976,1146,0,-0.0034723973
Warm C,367360,2144,2143,1976,1146,0,-0.0064008837
Warm C,366009,2130,2129,1976,1146,1,0.00089839357
Warm C,364985,2124,2123,1976,1146,0,0.002565976
Warm C,364193,2121,2120,1976,1146,0,-0.00053746253
Warm C,356181,2087,2086,1976,1146,0,0.0075525027
Warm C,352345,2063,2062,1976,1146,0,0.0055401805
Warm C,350391,2056,2055,1976,1146,1,-0.0005193878
Warm C,348796,2046,2045,1976,1146,0,-0.0016913351
Warm C,348233,2041,2040,1976,1146,0,0.008571079
Warm C,342813,2015,2014,1976,1146,0,-0.0019749291
Warm C,333546,1968,1967,1976,1146,0,-0.0018821496
Warm C,324698,1923,1922,1976,1146,0,-0.0012350269
Warm C,310869,1851,1850,1976,1146,0,0.0030642203
Warm C,303641,1803,1802,1976,1146,0,0.009171855
Warm C,297735,1764,1763,1976,1146,0,0.0037631646
Warm C,290538,1733,1732,1976,1146,0,0.0033880777
Warm C,286905,1712,1711,1976,1146,0,-0.0038772533
Warm C,285525,1701,1700,1976,1146,0,0.0020693894
Warm C,291701,1737,1736,1976,1146,0,0.0010329552
Warm C,281422,1687,1686,1976,1146,0,0.0035498445
Warm C,279930,1680,1679,1976,1146,1,-0.016202254
Warm C,260744,1593,1592,1976,1146,0,-0.00088969106
Warm C,358300,2097,2096,1976,1146,0,0.009646952
Warm C,254759,1549,1548,1976,1146,0,0.00018246658
Warm C,303352,1802,1801,1976,1146,0,0.004688414
Warm C,250591,1510,1509,1976,1146,0,0.0032116119
Warm C,247222,1494,1493,1976,1146,0,-0.003805162
Warm C,247913,1496,1495,1976,1146,0,-0.0028581154
Warm C,631826,3821,3820,1976,1146,0,-0.0022853122
Warm C,244208,1470,1469,1976,1146,0,-0.0108900955
Warm C,242249,1461,1460,1976,1146,0,-0.00043853233
Warm C,237093,1441,1440,1976,1146,0,-0.0085610505
Warm C,233279,1419,1418,1976,1146,0,0.004907736
Warm C,224345,1356,1355,1976,1146,0,-0.013241254
Warm C,224554,1357,1356,1976,1146,0,-0.0008429764
Warm C,220048,1333,1332,1976,1146,0,-0.0010332465
Warm C,336360,1980,1979,1976,1146,0,-0.009984186
Warm C,278009,1676,1675,1976,1146,1,-0.002871598
Warm C,273276,1647,1646,1976,1146,0,0.00165202
Warm C,209098,1275,1274,1976,1146,0,0.00036364945
Warm C,322702,1912,1911,1976,1146,0,0.0016575183
Warm C,271123,1639,1638,1976,1146,1,0.010370795
Warm C,196753,1207,1206,1976,1146,0,0.00096284435
Warm C,210337,1284,1283,1976,1146,0,0.00094418204
Warm C,328716,1941,1940,1976,1146,0,-0.006536969
Warm C,187183,1161,1160,1976,1146,0,-0.0032910435
Warm C,189131,1172,1171,1976,1146,0,0.005261123
Warm C,299233,1776,1775,1976,1146,0,-0.009846848
Warm C,184139,1146,1145,1976,1146,0,-0.0014877152
Warm C,183817,1145,1144,1976,1146,0,-0.004110519
Warm C,307712,1835,1834,1976,1146,0,-0.005188479
Warm C,182397,1138,1137,1976,1146,0,0.00052772695
Warm C,170036,1080,1079,1976,1146,0,-0.0024029608
Warm C,162060,1033,1032,1976,1146,0,0.00081745395
Warm C,159437,1017,1016,1976,1146,0,-0.0060744598
Warm C,145918,937,936,1976,1146,0,0.0007022773
Warm C,261268,1597,1596,1976,1146,0,-0.006619438
Warm C,157247,1010,1009,1976,1146,0,0.0035399022
Warm C,138817,889,888,1976,1146,0,0.006706769
Warm C,134599,869,868,1976,1146,0,0.0016577437
Warm C,133242,859,858,1976,1146,1,0.0011367113
Warm C,131356,850,849,1976,1146,1,-0.002887704
Warm C,332866,1962,1961,1976,1146,0,-0.0019680252
Warm C,125645,808,807,1976,1146,0,-0.0022807112
Warm C,211359,1285,1284,1976,1146,0,0.0048819995
Warm C,114118,741,740,1976,1146,0,-0.008734441
Warm C,107220,705,704,1976,1146,0,0.008221462
Warm C,99907,667,666,1976,1146,0,0.0042174165
Warm C,99363,662,661,1976,1146,0,0.003085902
Warm C,92847,621,620,1976,1146,0,-0.0066835987
Warm C,92438,618,617,1976,1146,0,0.002516451
Warm C,265290,1611,1610,1976,1146,1,-0.000697589
Warm C,115550,749,748,1976,1146,1,0.004488729
Warm C,82340,546,545,1976,1146,0,-0.0009112627
Warm C,82552,548,547,1976,1146,0,-0.0023280683
Warm C,73925,501,500,1976,1146,0,-0.0062937094
Warm C,74082,504,503,1976,1146,0,0.000749568
Warm C,57645,390,389,1976,1146,0,-0.0049276473
Warm C,46062,308,307,1976,1146,0,-0.00829433
Warm C,41903,284,283,1976,1146,0,-0.008409888
Warm C,41239,278,277,1976,1146,0,-0.010457246
Warm C,37058,250,249,1976,1146,0,0.006284626
Warm C,31291,211,210,1976,1146,0,0.002313614
Warm C,26826,190,189,1976,1146,0,0.00025634328
Warm C,595919,3624,3623,1976,1146,0,-0.0043093585
Warm C,14141,115,114,1976,1146,0,0.007517813
Warm C,14612,117,116,1976,1146,0,-0.010147588
Warm C,14006,113,112,1976,1146,0,0.00013825111
Warm C,13623,108,107,1976,1146,0,0.008456874
Warm C,15729,123,122,1976,1146,0,-0.006998755
Warm C,8233,57,56,1976,1146,0,0.0038103978
Warm C,6469,46,45,1976,1146,1,-0.0022732178
Warm C,5393,37,36,1976,1146,0,-0.007028223
Warm C,4160,31,30,1976,1146,0,-0.0019339202
Warm C,102643,678,677,1976,1146,0,-0.00979902
Warm C,482036,2962,2961,1976,1146,0,-0.001895937
Warm C,207142,1266,1265,1976,1146,0,-0.004572121
Warm C,743123,4445,4444,1976,1146,0,0.011458579
Warm C,355183,2077,2076,1976,1146,0,-0.008231384
Warm C,238275,1447,1446,1976,1146,0,0.004198312
Warm C,964229,5812,5811,1976,1146,0,-0.00092609366
Warm C,331936,1958,1957,1976,1146,0,-0.0037987193
Warm C,474100,2909,2908,1976,1146,0,0.0075075347
Warm C,63378,424,423,1976,1146,0,0.005725803
Warm C,474410,2910,2909,1976,1146,0,-0.002478859
Warm C,34288,231,230,1976,1146,0,0.0018430671
Warm C,566488,3476,3475,1977,1147,0,0.007914372
Warm C,718691,4305,4304,1977,1147,0,0.016298631
Warm C,494514,3032,3031,1977,1147,1,0.010339258
Warm C,540100,3320,3319,1977,1147,0,0.019974248
Warm C,462293,2852,2851,1977,1147,1,0.005671451
Warm C,444851,2743,2742,1977,1147,0,0.0072685913
Warm C,453336,2792,2791,1977,1147,0,0.009745751
Warm C,432332,2635,2634,1977,1147,1,0.00914382
Warm C,429313,2611,2610,1977,1147,1,0.0051693455
Warm C,426623,2590,2589,1977,1147,0,0.0055826167
Warm C,414083,2491,2490,1977,1147,0,0.0009319638
Warm C,411138,2466,2465,1977,1147,0,0.009668554
Warm C,409811,2457,2456,1977,1147,0,0.009794515
Warm C,397237,2352,2351,1977,1147,0,-0.0018085975
Warm C,379379,2217,2216,1977,1147,0,0.0027610746
Warm C,367361,2144,2143,1977,1147,0,0.0036009527
Warm C,366010,2130,2129,1977,1147,1,0.0016644958
Warm C,366288,2131,2130,1977,1147,0,0.010922498
Warm C,364986,2124,2123,1977,1147,0,0.015132815
Warm C,364194,2121,2120,1977,1147,0,-0.0003559878
Warm C,355184,2077,2076,1977,1147,0,0.019197363
Warm C,352347,2063,2062,1977,1147,0,0.015900953
Warm C,349404,2050,2049,1977,1147,0,0.0027864734
Warm C,348797,2046,2045,1977,1147,0,0.005682408
Warm C,348234,2041,2040,1977,1147,0,0.010192726
Warm C,342814,2015,2014,1977,1147,0,0.016991362
Warm C,333548,1968,1967,1977,1147,0,0.018668775
Warm C,324699,1923,1922,1977,1147,0,0.0023582345
Warm C,310870,1851,1850,1977,1147,0,0.010302385
Warm C,303642,1803,1802,1977,1147,1,0.0036787735
Warm C,298730,1774,1773,1977,1147,0,0.010032386
Warm C,322704,1912,1911,1977,1147,0,0.0055081756
Warm C,285526,1701,1700,1977,1147,0,0.008875901
Warm C,281424,1687,1686,1977,1147,0,-0.0023846133
Warm C,291702,1737,1736,1977,1147,0,0.006482814
Warm C,279934,1680,1679,1977,1147,0,0.011302033
Warm C,280537,1683,1682,1977,1147,0,0.007421342
Warm C,266732,1617,1616,1977,1147,0,0.013768069
Warm C,261462,1598,1597,1977,1147,0,-0.006300677
Warm C,260745,1593,1592,1977,1147,0,0.0036530509
Warm C,303353,1802,1801,1977,1147,0,0.010593075
Warm C,247914,1496,1495,1977,1147,0,0.01928937
Warm C,245901,1484,1483,1977,1147,0,0.010781655
Warm C,240530,1449,1448,1977,1147,0,0.009901454
Warm C,237094,1441,1440,1977,1147,0,0.001521168
Warm C,233280,1419,1418,1977,1147,0,0.008355858
Warm C,224555,1357,1356,1977,1147,0,0.003639785
Warm C,220050,1333,1332,1977,1147,0,0.0058651282
Warm C,214165,1300,1299,1977,1147,1,0.0019031097
Warm C,278010,1676,1675,1977,1147,1,0.008779595
Warm C,196755,1207,1206,1977,1147,0,0.008255948
Warm C,210338,1284,1283,1977,1147,0,0.00688433
Warm C,328720,1941,1940,1977,1147,0,0.01290363
Warm C,187184,1161,1160,1977,1147,0,0.0030615255
Warm C,189132,1172,1171,1977,1147,0,0.010876451
Warm C,299234,1776,1775,1977,1147,0,0.009887987
Warm C,184140,1146,1145,1977,1147,0,0.011950729
Warm C,307713,1835,1834,1977,1147,0,0.009879536
Warm C,182398,1138,1137,1977,1147,0,0.003209874
Warm C,181336,1133,1132,1977,1147,0,0.007622945
Warm C,180470,1128,1127,1977,1147,0,0.007163059
Warm C,165668,1056,1055,1977,1147,1,0.0057865772
Warm C,159438,1017,1016,1977,1147,1,0.005948929
Warm C,149051,958,957,1977,1147,0,0.009466394
Warm C,145919,937,936,1977,1147,0,0.005192141
Warm C,142012,915,914,1977,1147,0,0.0011294846
Warm C,140779,904,903,1977,1147,0,-0.0006049799
Warm C,138820,889,888,1977,1147,0,0.012534887
Warm C,133243,859,858,1977,1147,1,0.009255599
Warm C,332868,1962,1961,1977,1147,0,0.007354309
Warm C,125646,808,807,1977,1147,1,0.0034812633
Warm C,124006,798,797,1977,1147,1,0.017560873
Warm C,114119,741,740,1977,1147,1,-0.0052144234
Warm C,107538,709,708,1977,1147,0,0.010549024
Warm C,107221,705,704,1977,1147,1,-0.00097285595
Warm C,99908,667,666,1977,1147,0,0.011120753
Warm C,92848,621,620,1977,1147,0,0.005314244
Warm C,92439,618,617,1977,1147,0,0.00088541675
Warm C,265291,1611,1610,1977,1147,1,0.0034413417
Warm C,115551,749,748,1977,1147,0,0.008533534
Warm C,82341,546,545,1977,1147,0,0.0076785595
Warm C,73926,501,500,1977,1147,0,0.007577286
Warm C,68888,461,460,1977,1147,0,0.010850803
Warm C,57646,390,389,1977,1147,0,0.00075806445
Warm C,50299,331,330,1977,1147,0,0.0057668006
Warm C,46063,308,307,1977,1147,0,0.014291679
Warm C,639351,3842,3841,1977,1147,0,0.00999273
Warm C,41240,278,277,1977,1147,0,-0.0011151512
Warm C,39013,264,263,1977,1147,0,0.01102344
Warm C,221632,1340,1339,1977,1147,0,0.012200875
Warm C,31292,211,210,1977,1147,0,0.0062822974
Warm C,26827,190,189,1977,1147,0,0.0023216822
Warm C,14142,115,114,1977,1147,0,0.0044681593
Warm C,14007,113,112,1977,1147,0,0.0039127124
Warm C,13624,108,107,1977,1147,0,0.0061200345
Warm C,8234,57,56,1977,1147,0,0.01142109
Warm C,6470,46,45,1977,1147,1,0.0022641674
Warm C,5394,37,36,1977,1147,0,0.009700229
Warm C,47651,319,318,1977,1147,0,0.01043503
Warm C,102645,678,677,1977,1147,0,0.010855012
Warm C,482037,2962,2961,1977,1147,0,0.015802575
Warm C,207143,1266,1265,1977,1147,0,0.01228083
Warm C,743124,4445,4444,1977,1147,0,0.003166151
Warm C,273278,1647,1646,1977,1147,0,0.008341503
Warm C,238277,1447,1446,1977,1147,0,0.016378675
Warm C,474411,2910,2909,1977,1147,0,0.008660865
Warm C,63380,424,423,1977,1147,0,0.010163879
Warm C,290539,1733,1732,1977,1147,0,0.011169941
Warm C,34289,231,230,1977,1147,0,0.0021949117
Warm C,297737,1764,1763,1978,1148,1,0.008941976
Warm C,322706,1912,1911,1978,1148,0,0.024197085
Warm C,291705,1737,1736,1978,1148,0,0.009032313
Warm C,279937,1680,1679,1978,1148,1,0.014531624
Warm C,358301,2097,2096,1978,1148,0,0.0063653067
Warm C,247915,1496,1495,1978,1148,0,0.014401188
Warm C,224556,1357,1356,1978,1148,0,0.019923065
Warm C,214166,1300,1299,1978,1148,0,0.0053685857
Warm C,278011,1676,1675,1978,1148,1,0.016521659
Warm C,273279,1647,1646,1978,1148,0,0.01802742
Warm C,206077,1264,1263,1978,1148,0,0.022047676
Warm C,271126,1639,1638,1978,1148,0,0.010184427
Warm C,328723,1941,1940,1978,1148,0,0.020231111
Warm C,189134,1172,1171,1978,1148,0,0.0120936725
Warm C,299237,1776,1775,1978,1148,0,0.0066442844
Warm C,307715,1835,1834,1978,1148,0,0.014099693
Warm C,196756,1207,1206,1978,1148,0,0.013732875
Warm C,165669,1056,1055,1978,1148,1,0.0042556375
Warm C,159439,1017,1016,1978,1148,0,0.014342128
Warm C,134603,869,868,1978,1148,0,0.021015797
Warm C,125647,808,807,1978,1148,0,0.010620108
Warm C,124007,798,797,1978,1148,0,0.009451203
Warm C,107539,709,708,1978,1148,0,0.001502926
Warm C,107222,705,704,1978,1148,0,0.005907489
Warm C,95233,638,637,1978,1148,0,0.007915233
Warm C,92849,621,620,1978,1148,0,0.011482419
Warm C,265293,1611,1610,1978,1148,0,0.013203761
Warm C,115552,749,748,1978,1148,0,0.009345382
Warm C,81921,543,542,1978,1148,1,0.006877116
Warm C,57647,390,389,1978,1148,0,0.015258637
Warm C,45233,305,304,1978,1148,0,-0.003473672
Warm C,41905,284,283,1978,1148,0,0.0049401373
Warm C,41242,278,277,1978,1148,0,0.012499109
Warm C,39700,269,268,1978,1148,0,0.003091733
Warm C,99909,667,666,1978,1148,0,0.004319227
Warm C,14614,117,116,1978,1148,0,0.017109582
Warm C,6471,46,45,1978,1148,1,0.006610722
Warm C,482038,2962,2961,1978,1148,0,0.012512024
Warm C,352350,2063,2062,1978,1148,0,0.020844938
Warm C,310871,1851,1850,1978,1148,0,0.0072217104
Warm C,145921,937,936,1978,1148,0,0.008986921
Warm C,130611,846,845,1978,1148,0,0.008149513
Warm C,599482,3648,3647,1978,1148,0,0.012431541
Warm C,400006,2380,2379,1978,1148,0,0.019472148
Warm C,331939,1958,1957,1978,1148,0,0.019162714
Warm C,229756,1390,1389,1978,1148,0,0.014183504
Warm C,348235,2041,2040,1978,1148,0,0.01131005
Warm C,207145,1266,1265,1978,1148,0,0.02164568
Warm C,519275,3203,3202,1978,1148,0,0.01100736
Warm C,285527,1701,1700,1978,1148,0,0.024021778
Warm C,474412,2910,2909,1978,1148,0,0.009862285
Warm C,63382,424,423,1978,1148,0,0.024625242
Warm C,290540,1733,1732,1978,1148,0,0.02174406
Warm C,34290,231,230,1978,1148,0,0.009691186
Warm C,409812,2457,2456,1979,1149,0,0.01055138
Warm C,367363,2144,2143,1979,1149,0,0.0022539059
Warm C,297738,1764,1763,1979,1149,1,0.017663414
Warm C,291707,1737,1736,1979,1149,0,0.00946876
Warm C,279940,1680,1679,1979,1149,0,0.012295527
Warm C,280538,1683,1682,1979,1149,0,0.0057410947
Warm C,358303,2097,2096,1979,1149,0,-0.0008010929
Warm C,247916,1496,1495,1979,1149,0,0.008126017
Warm C,214167,1300,1299,1979,1149,0,0.012547631
Warm C,328726,1941,1940,1979,1149,0,0.008689834
Warm C,189135,1172,1171,1979,1149,0,0.010709148
Warm C,299238,1776,1775,1979,1149,0,0.002629954
Warm C,307717,1835,1834,1979,1149,1,0.009694567
Warm C,244210,1470,1469,1979,1149,0,0.009377433
Warm C,196758,1207,1206,1979,1149,0,0.0030598172
Warm C,184141,1146,1145,1979,1149,0,0.010568253
Warm C,165670,1056,1055,1979,1149,1,0.0031272748
Warm C,159440,1017,1016,1979,1149,0,0.0062382733
Warm C,125648,808,807,1979,1149,1,0.0034791282
Warm C,124008,798,797,1979,1149,0,-0.0012235343
Warm C,114120,741,740,1979,1149,1,0.0016518589
Warm C,107540,709,708,1979,1149,1,0.008912333
Warm C,107223,705,704,1979,1149,1,0.0070493803
Warm C,92850,621,620,1979,1149,0,0.0055134464
Warm C,265294,1611,1610,1979,1149,1,0.012995333
Warm C,115553,749,748,1979,1149,0,0.008434964
Warm C,74335,507,506,1979,1149,0,-0.0037816302
Warm C,68890,461,460,1979,1149,0,0.005701089
Warm C,57648,390,389,1979,1149,0,0.020616215
Warm C,45234,305,304,1979,1149,0,-0.00071853003
Warm C,41908,284,283,1979,1149,0,0.007612973
Warm C,883143,5333,5332,1979,1149,0,0.012783042
Warm C,99910,667,666,1979,1149,0,0.0051713823
Warm C,14615,117,116,1979,1149,0,0.007863179
Warm C,6472,46,45,1979,1149,1,0.009113584
Warm C,482039,2962,2961,1979,1149,0,0.010350235
Warm C,290541,1733,1732,1979,1149,0,0.019727357
Warm C,273281,1647,1646,1979,1149,0,0.017936008
Warm C,102647,678,677,1979,1149,0,0.007780606
Warm C,352352,2063,2062,1979,1149,0,0.011817991
Warm C,238279,1447,1446,1979,1149,0,0.010969865
Warm C,310872,1851,1850,1979,1149,0,0.008098003
Warm C,145922,937,936,1979,1149,0,0.0011058524
Warm C,599484,3648,3647,1979,1149,0,0.0076560546
Warm C,400008,2380,2379,1979,1149,0,0.008502995
Warm C,331941,1958,1957,1979,1149,0,0.0049829143
Warm C,348237,2041,2040,1979,1149,0,0.0023676578
Warm C,322708,1912,1911,1979,1149,0,0.011422489
Warm C,207147,1266,1265,1979,1149,0,0.015129684
Warm C,285528,1701,1700,1979,1149,0,0.008592086
Warm C,474413,2910,2909,1979,1149,0,-0.00061477954
Warm C,34291,231,230,1979,1149,0,0.009758668
Warm C,358309,2097,2096,1980,1150,0,0.02056493
Warm C,247921,1496,1495,1980,1150,0,0.009242896
Warm C,214169,1300,1299,1980,1150,0,0.009356944
Warm C,278021,1676,1675,1980,1150,1,0.004644037
Warm C,328748,1941,1940,1980,1150,0,0.015386766
Warm C,189144,1172,1171,1980,1150,0,0.00697791
Warm C,299241,1776,1775,1980,1150,0,0.0022572111
Warm C,196766,1207,1206,1980,1150,0,0.007819466
Warm C,184146,1146,1145,1980,1150,0,0.013011828
Warm C,159446,1017,1016,1980,1150,0,0.008887991
Warm C,125651,808,807,1980,1150,1,0.00045624468
Warm C,124012,798,797,1980,1150,0,-0.001956525
Warm C,107542,709,708,1980,1150,0,0.004731184
Warm C,107227,705,704,1980,1150,0,-0.0014165965
Warm C,92853,621,620,1980,1150,0,0.0016575373
Warm C,265303,1611,1610,1980,1150,0,0.006836173
Warm C,115558,749,748,1980,1150,0,0.0058420924
Warm C,57653,390,389,1980,1150,0,0.0025751614
Warm C,45238,305,304,1980,1150,0,0.001647187
Warm C,41915,284,283,1980,1150,0,0.0031082192
Warm C,42861,293,292,1980,1150,0,0.012135039
Warm C,36922,248,247,1980,1150,1,0.0071735
Warm C,99911,667,666,1980,1150,0,-0.0036698119
Warm C,6474,46,45,1980,1150,1,0.0010543917
Warm C,482044,2962,2961,1980,1150,0,0.00070858956
Warm C,290553,1733,1732,1980,1150,0,0.0026517927
Warm C,273291,1647,1646,1980,1150,0,0.012349562
Warm C,102658,678,677,1980,1150,0,0.013228409
Warm C,352366,2063,2062,1980,1150,0,0.0027866443
Warm C,331952,1958,1957,1980,1150,0,0.013104413
Warm C,34293,231,230,1980,1150,0,0.012138577
Warm C,358310,2097,2096,1981,1151,0,0.012239067
Warm C,247922,1496,1495,1981,1151,0,0.013800133
Warm C,329590,1943,1942,1981,1151,0,0.011510999
Warm C,214170,1300,1299,1981,1151,0,-0.0007735798
Warm C,278022,1676,1675,1981,1151,1,0.0132653145
Warm C,273293,1647,1646,1981,1151,0,0.009782442
Warm C,322722,1912,1911,1981,1151,0,0.0034776134
Warm C,271136,1639,1638,1981,1151,0,0.004983614
Warm C,328750,1941,1940,1981,1151,0,0.02200026
Warm C,299242,1776,1775,1981,1151,0,0.007256575
Warm C,196767,1207,1206,1981,1151,0,0.016308237
Warm C,184147,1146,1145,1981,1151,0,0.0052009816
Warm C,170037,1080,1079,1981,1151,0,0.006759301
Warm C,165671,1056,1055,1981,1151,1,0.0016392423
Warm C,159448,1017,1016,1981,1151,0,0.016755795
Warm C,134614,869,868,1981,1151,0,0.012515301
Warm C,125652,808,807,1981,1151,0,0.0056877956
Warm C,124013,798,797,1981,1151,0,0.0077057825
Warm C,114123,741,740,1981,1151,0,0.004110479
Warm C,107543,709,708,1981,1151,0,0.013612195
Warm C,107228,705,704,1981,1151,0,0.0032869023
Warm C,94754,636,635,1981,1151,1,0.013606294
Warm C,92854,621,620,1981,1151,0,0.0051260144
Warm C,265304,1611,1610,1981,1151,0,0.009952223
Warm C,115559,749,748,1981,1151,0,0.004057845
Warm C,57654,390,389,1981,1151,0,0.00081239594
Warm C,45239,305,304,1981,1151,0,0.0047994144
Warm C,221651,1340,1339,1981,1151,0,0.006285067
Warm C,99912,667,666,1981,1151,0,0.0040819314
Warm C,482045,2962,2961,1981,1151,0,0.017534623
Warm C,306276,1824,1823,1981,1151,0,0.003925711
Warm C,6475,46,45,1981,1151,1,0.0039395057
Warm C,238294,1447,1446,1981,1151,0,0.011272233
Warm C,352369,2063,2062,1981,1151,0,0.0061709452
Warm C,331954,1958,1957,1981,1151,0,0.0042756414
Warm C,893103,5394,5393,1981,1151,0,0.012297537
Warm C,290554,1733,1732,1981,1151,0,0.014389042
Warm C,145929,937,936,1981,1151,0,0.007040009
Warm C,34294,231,230,1981,1151,0,0.0032426403
Warm C,666995,4014,4013,1983,1153,1,0.0005352036
Warm C,666527,4011,4010,1983,1153,0,0.01671666
Warm C,663611,3998,3997,1983,1153,1,0.012359734
Warm C,680391,4078,4077,1983,1153,0,0.01460971
Warm C,662517,3993,3992,1983,1153,0,0.008727668
Warm C,651648,3929,3928,1983,1153,0,0.016132604
Warm C,648305,3903,3902,1983,1153,0,0.004704836
Warm C,639638,3844,3843,1983,1153,1,0.004392303
Warm C,635246,3829,3828,1983,1153,0,0.0076889526
Warm C,666406,4009,4008,1983,1153,1,0.0037697926
Warm C,759898,4514,4513,1983,1153,0,0.010690585
Warm C,664285,3999,3998,1983,1153,0,0.013388805
Warm C,628859,3807,3806,1983,1153,0,0.008702772
Warm C,628225,3804,3803,1983,1153,0,0.0072787884
Warm C,627996,3801,3800,1983,1153,1,0.0038302091
Warm C,638615,3841,3840,1983,1153,0,0.019275682
Warm C,764183,4543,4542,1983,1153,0,0.032318234
Warm C,623570,3771,3770,1983,1153,0,0.009233578
Warm C,625168,3778,3777,1983,1153,0,0.013533953
Warm C,611982,3709,3708,1983,1153,0,0.01901542
Warm C,604904,3677,3676,1983,1153,0,0.0057786056
Warm C,621374,3762,3761,1983,1153,0,0.01851935
Warm C,606747,3683,3682,1983,1153,0,0.022683848
Warm C,633647,3824,3823,1983,1153,0,0.015571622
Warm C,596915,3626,3625,1983,1153,0,0.009737122
Warm C,731252,4375,4374,1983,1153,1,0.005603538
Warm C,718700,4305,4304,1983,1153,1,0.014541002
Warm C,580660,3546,3545,1983,1153,0,0.011548181
Warm C,569506,3491,3490,1983,1153,1,0.0151678985
Warm C,657209,3961,3960,1983,1153,0,0.009318129
Warm C,560246,3442,3441,1983,1153,0,-0.0016493062
Warm C,554229,3410,3409,1983,1153,0,0.015426332
Warm C,551347,3394,3393,1983,1153,0,0.015345463
Warm C,554632,3411,3410,1983,1153,0,0.009982307
Warm C,544463,3356,3355,1983,1153,0,0.0069687977
Warm C,537508,3311,3310,1983,1153,0,0.009266483
Warm C,528375,3265,3264,1983,1153,0,0.012109788
Warm C,654377,3942,3941,1983,1153,0,0.01725975
Warm C,515729,3182,3181,1983,1153,0,0.011078515
Warm C,508821,3129,3128,1983,1153,1,0.012686246
Warm C,494539,3032,3031,1983,1153,1,0.022600543
Warm C,484004,2976,2975,1983,1153,0,0.0030687829
Warm C,477303,2929,2928,1983,1153,0,0.020658035
Warm C,472902,2907,2906,1983,1153,0,0.012220761
Warm C,474123,2909,2908,1983,1153,1,0.015035905
Warm C,754780,4497,4496,1983,1153,0,0.012358154
Warm C,462298,2852,2851,1983,1153,0,0.013081467
Warm C,433801,2643,2642,1983,1153,0,0.01708527
Warm C,430780,2625,2624,1983,1153,0,-6.0459133e-05
Warm C,426632,2590,2589,1983,1153,0,0.0065775453
Warm C,419005,2529,2528,1983,1153,0,0.012348853
Warm C,425819,2583,2582,1983,1153,1,0.0062788147
Warm C,414777,2496,2495,1983,1153,0,0.0011868579
Warm C,409824,2457,2456,1983,1153,1,0.015881212
Warm C,397241,2352,2351,1983,1153,0,-0.004780196
Warm C,383041,2237,2236,1983,1153,0,0.020250041
Warm C,374435,2181,2180,1983,1153,0,0.025591932
Warm C,370102,2164,2163,1983,1153,1,0.014505672
Warm C,367369,2144,2143,1983,1153,1,0.004189713
Warm C,350165,2055,2054,1983,1153,1,0.014299951
Warm C,324600,1922,1921,1983,1153,0,0.015601737
Warm C,305963,1820,1819,1983,1153,1,0.011231573
Warm C,297748,1764,1763,1983,1153,1,0.008899212
Warm C,288348,1722,1721,1983,1153,1,0.006511623
Warm C,291717,1737,1736,1983,1153,0,0.004185094
Warm C,279976,1680,1679,1983,1153,1,0.015177129
Warm C,271138,1639,1638,1983,1153,0,0.00794222
Warm C,247926,1496,1495,1983,1153,0,0.0060911756
Warm C,243031,1465,1464,1983,1153,0,0.009513883
Warm C,224563,1357,1356,1983,1153,0,0.0082383
Warm C,225641,1366,1365,1983,1153,1,0.012073042
Warm C,262379,1600,1599,1983,1153,0,0.013828833
Warm C,226441,1370,1369,1983,1153,0,0.0077778893
Warm C,278024,1676,1675,1983,1153,0,0.0055808085
Warm C,322724,1912,1911,1983,1153,0,0.014080179
Warm C,197076,1209,1208,1983,1153,0,-0.0032462461
Warm C,328754,1941,1940,1983,1153,0,0.023673922
Warm C,194074,1195,1194,1983,1153,1,0.015629308
Warm C,305157,1812,1811,1983,1153,0,0.020761745
Warm C,307737,1835,1834,1983,1153,0,0.013132228
Warm C,180476,1128,1127,1983,1153,0,0.010915203
Warm C,176428,1115,1114,1983,1153,0,0.0138484035
Warm C,175102,1109,1108,1983,1153,0,0.012442964
Warm C,184149,1146,1145,1983,1153,1,0.0065339664
Warm C,175797,1112,1111,1983,1153,1,0.013301384
Warm C,165673,1056,1055,1983,1153,1,0.0016470625
Warm C,159454,1017,1016,1983,1153,0,0.00903979
Warm C,134618,869,868,1983,1153,0,0.012860302
Warm C,125653,808,807,1983,1153,0,0.01846479
Warm C,124014,798,797,1983,1153,1,0.013729054
Warm C,211383,1285,1284,1983,1153,0,0.017402984
Warm C,114125,741,740,1983,1153,1,0.0022246446
Warm C,107230,705,704,1983,1153,0,-0.003677417
Warm C,97217,651,650,1983,1153,0,0.013565587
Warm C,140787,904,903,1983,1153,1,0.008164695
Warm C,115563,749,748,1983,1153,0,0.015677024
Warm C,234380,1422,1421,1983,1153,0,0.007699427
Warm C,68897,461,460,1983,1153,0,0.01563296
Warm C,57657,390,389,1983,1153,0,0.01199995
Warm C,45242,305,304,1983,1153,0,0.0011393949
Warm C,639363,3842,3841,1983,1153,0,0.01441754
Warm C,41919,284,283,1983,1153,0,0.015936881
Warm C,41249,278,277,1983,1153,0,-0.00029399013
Warm C,96761,649,648,1983,1153,0,-0.0040111123
Warm C,99914,667,666,1983,1153,0,0.0060721366
Warm C,239353,1448,1447,1983,1153,0,0.014932145
Warm C,15746,123,122,1983,1153,0,0.0070862477
Warm C,6477,46,45,1983,1153,1,0.003113402
Warm C,6068,44,43,1983,1153,0,0.013635603
Warm C,116929,753,752,1983,1153,1,0.010211764
Warm C,432888,2638,2637,1983,1153,0,0.0112504335
Warm C,238296,1447,1446,1983,1153,0,0.023619294
Warm C,967018,5831,5830,1983,1153,0,0.018237151
Warm C,365909,2129,2128,1983,1153,0,0.0064437226
Warm C,265306,1611,1610,1983,1153,0,0.013326173
Warm C,299244,1776,1775,1983,1153,1,0.0069989897
Warm C,622401,3768,3767,1983,1153,0,0.009549381
Warm C,760712,4520,4519,1983,1153,0,0.0013751795
Warm C,964240,5812,5811,1983,1153,0,0.028174397
Warm C,366296,2131,2130,1983,1153,0,0.0069361134
Warm C,689995,4126,4125,1983,1153,0,0.010498563
Warm C,336385,1980,1979,1983,1153,0,0.021768156
Warm C,310877,1851,1850,1983,1153,0,0.011880744
Warm C,145931,937,936,1983,1153,0,0.0052001867
Warm C,713403,4277,4276,1983,1153,0,0.014873352
Warm C,130618,846,845,1983,1153,0,0.014212622
Warm C,348247,2041,2040,1983,1153,0,0.01969039
Warm C,352372,2063,2062,1983,1153,0,0.021149019
Warm C,207162,1266,1265,1983,1153,0,0.014290204
Warm C,474416,2910,2909,1983,1153,0,0.012916668
Warm C,63405,424,423,1983,1153,0,0.01886095
Warm C,290557,1733,1732,1983,1153,0,0.013610089
Warm C,936606,5650,5649,1983,1153,0,0.0064379396
Warm C,311388,1854,1853,1983,1153,0,-0.003816851
Warm C,235279,1425,1424,1983,1153,0,0.021988874
Warm C,297749,1764,1763,1984,1154,0,0.013617586
Warm C,322725,1912,1911,1984,1154,0,0.018145852
Warm C,291718,1737,1736,1984,1154,0,0.021303006
Warm C,279980,1680,1679,1984,1154,1,0.014761796
Warm C,277184,1675,1674,1984,1154,0,0.012747103
Warm C,247928,1496,1495,1984,1154,1,0.023054242
Warm C,225642,1366,1365,1984,1154,0,0.008174045
Warm C,214172,1300,1299,1984,1154,0,0.012255423
Warm C,226442,1370,1369,1984,1154,0,0.0001628846
Warm C,273295,1647,1646,1984,1154,0,0.02196803
Warm C,271139,1639,1638,1984,1154,0,0.016407866
Warm C,194075,1195,1194,1984,1154,0,0.020054618
Warm C,328758,1941,1940,1984,1154,0,0.025774224
Warm C,307740,1835,1834,1984,1154,0,0.017931387
Warm C,184150,1146,1145,1984,1154,0,0.005686667
Warm C,159455,1017,1016,1984,1154,1,0.013648957
Warm C,150236,967,966,1984,1154,0,0.012573522
Warm C,134620,869,868,1984,1154,0,0.009910334
Warm C,125654,808,807,1984,1154,0,0.0137859145
Warm C,211385,1285,1284,1984,1154,0,0.00960087
Warm C,107231,705,704,1984,1154,0,0.011210801
Warm C,352374,2063,2062,1984,1154,0,0.02340763
Warm C,115565,749,748,1984,1154,0,0.012160067
Warm C,82346,546,545,1984,1154,0,0.0058700684
Warm C,234382,1422,1421,1984,1154,0,0.014916392
Warm C,68898,461,460,1984,1154,0,0.024391191
Warm C,57352,387,386,1984,1154,0,0.0042030206
Warm C,57658,390,389,1984,1154,1,0.005996137
Warm C,45243,305,304,1984,1154,0,0.0015357242
Warm C,41250,278,277,1984,1154,1,0.014892774
Warm C,96762,649,648,1984,1154,0,0.0026449175
Warm C,99915,667,666,1984,1154,0,0.0072382563
Warm C,15748,123,122,1984,1154,0,0.019128913
Warm C,6478,46,45,1984,1154,1,0.008409668
Warm C,6069,44,43,1984,1154,0,0.0069917673
Warm C,265307,1611,1610,1984,1154,0,0.007872664
Warm C,299246,1776,1775,1984,1154,1,0.01423903
Warm C,102661,678,677,1984,1154,1,0.004329321
Warm C,290558,1733,1732,1984,1154,0,0.012682855
Warm C,879159,5312,5311,1984,1154,0,0.025715657
Warm C,689996,4126,4125,1984,1154,0,0.014283029
Warm C,891708,5387,5386,1984,1154,0,0.014928806
Warm C,474417,2910,2909,1984,1154,0,0.008279938
Warm C,63407,424,423,1984,1154,0,0.026705064
Warm C,235280,1425,1424,1984,1154,0,0.017775375
Warm C,606063,3681,3680,1985,1155,0,0.0020483467
Warm C,508822,3129,3128,1985,1155,0,0.010074419
Warm C,494543,3032,3031,1985,1155,1,0.004637045
Warm C,478679,2937,2936,1985,1155,1,0.006170442
Warm C,754781,4497,4496,1985,1155,0,0.009041951
Warm C,462300,2852,2851,1985,1155,0,0.007370761
Warm C,426635,2590,2589,1985,1155,0,0.008758627
Warm C,409826,2457,2456,1985,1155,0,0.0026327707
Warm C,406518,2438,2437,1985,1155,0,0.0162016
Warm C,397244,2352,2351,1985,1155,0,0.009094652
Warm C,374439,2181,2180,1985,1155,0,0.010281096
Warm C,370104,2164,2163,1985,1155,1,0.006803966
Warm C,367371,2144,2143,1985,1155,1,0.0025896567
Warm C,297752,1764,1763,1985,1155,1,0.008193033
Warm C,322727,1912,1911,1985,1155,0,0.007251745
Warm C,291719,1737,1736,1985,1155,0,0.007483054
Warm C,279984,1680,1679,1985,1155,1,0.009800772
Warm C,269306,1632,1631,1985,1155,0,0.009142127
Warm C,247932,1496,1495,1985,1155,0,6.135553e-05
Warm C,224564,1357,1356,1985,1155,0,0.009424423
Warm C,225643,1366,1365,1985,1155,0,0.012351075
Warm C,214173,1300,1299,1985,1155,1,0.010981321
Warm C,244216,1470,1469,1985,1155,0,0.010911238
Warm C,328760,1941,1940,1985,1155,0,0.010692149
Warm C,194076,1195,1194,1985,1155,1,0.004394435
Warm C,299248,1776,1775,1985,1155,1,0.007991
Warm C,307743,1835,1834,1985,1155,0,0.012192642
Warm C,180478,1128,1127,1985,1155,0,-0.004138634
Warm C,196770,1207,1206,1985,1155,0,0.010314474
Warm C,175103,1109,1108,1985,1155,0,0.0060488274
Warm C,184153,1146,1145,1985,1155,0,0.009221623
Warm C,175799,1112,1111,1985,1155,0,0.0044892505
Warm C,236506,1434,1433,1985,1155,1,0.0067527154
Warm C,159457,1017,1016,1985,1155,0,0.009822772
Warm C,133889,868,867,1985,1155,1,-3.5453588e-05
Warm C,134622,869,868,1985,1155,0,0.015877489
Warm C,125656,808,807,1985,1155,0,0.008177756
Warm C,125205,803,802,1985,1155,0,-0.0042128633
Warm C,124015,798,797,1985,1155,0,0.010836807
Warm C,114126,741,740,1985,1155,1,0.0031483497
Warm C,107544,709,708,1985,1155,0,0.006645561
Warm C,107232,705,704,1985,1155,1,0.0039960016
Warm C,90808,601,600,1985,1155,0,-0.0030815494
Warm C,67884,454,453,1985,1155,0,0.015015828
Warm C,57660,390,389,1985,1155,0,0.005666757
Warm C,639365,3842,3841,1985,1155,0,0.009688882
Warm C,41920,284,283,1985,1155,0,0.012177252
Warm C,41251,278,277,1985,1155,0,0.010318731
Warm C,363429,2116,2115,1985,1155,1,0.004280127
Warm C,99916,667,666,1985,1155,0,0.0016493154
Warm C,14010,113,112,1985,1155,0,0.0045945197
Warm C,6479,46,45,1985,1155,1,-0.0004633955
Warm C,6070,44,43,1985,1155,0,0.006054746
Warm C,552663,3401,3400,1985,1155,0,0.010395808
Warm C,265308,1611,1610,1985,1155,0,0.003994546
Warm C,352378,2063,2062,1985,1155,0,0.011785125
Warm C,689998,4126,4125,1985,1155,0,0.0023590985
Warm C,115567,749,748,1985,1155,0,0.0006377273
Warm C,474127,2909,2908,1985,1155,0,0.010236473
Warm C,259686,1587,1586,1985,1155,0,0.004377392
Warm C,44725,302,301,1985,1155,0,0.011636177
Warm C,226250,1369,1368,1985,1155,1,0.00126439
Warm C,474418,2910,2909,1985,1155,1,0.011530958
Warm C,527136,3260,3259,1985,1155,0,0.0035798321
Warm C,290560,1733,1732,1985,1155,1,0.008744715
Warm C,936607,5650,5649,1985,1155,0,0.0020903202
Warm C,63408,424,423,1985,1155,0,0.008191334
Warm C,559484,3436,3435,1985,1155,0,-0.0015912885
Warm C,796167,4771,4770,1985,1155,0,0.0045414492
Warm C,409827,2457,2456,1986,1156,0,0.005894635
Warm C,401249,2391,2390,1986,1156,0,0.0014586914
Warm C,397245,2352,2351,1986,1156,0,-0.008037699
Warm C,394632,2328,2327,1986,1156,1,-0.011716756
Warm C,379381,2217,2216,1986,1156,0,0.004512313
Warm C,374441,2181,2180,1986,1156,0,0.0056538377
Warm C,368660,2155,2154,1986,1156,1,-0.008250354
Warm C,367372,2144,2143,1986,1156,1,0.004204087
Warm C,366012,2130,2129,1986,1156,1,-0.008127728
Warm C,366297,2131,2130,1986,1156,0,0.0034018895
Warm C,364997,2124,2123,1986,1156,0,0.013198022
Warm C,364196,2121,2120,1986,1156,0,0.003188831
Warm C,352379,2063,2062,1986,1156,0,0.011249941
Warm C,337793,1986,1985,1986,1156,0,0.005327507
Warm C,324701,1923,1922,1986,1156,1,0.000909436
Warm C,310879,1851,1850,1986,1156,0,0.0060508503
Warm C,298731,1774,1773,1986,1156,0,0.013748709
Warm C,297753,1764,1763,1986,1156,1,0.007609519
Warm C,290561,1733,1732,1986,1156,0,0.010475868
Warm C,286916,1712,1711,1986,1156,0,0.014827413
Warm C,285537,1701,1700,1986,1156,0,-4.9480237e-05
Warm C,279986,1680,1679,1986,1156,1,0.02067523
Warm C,280539,1683,1682,1986,1156,0,0.012933346
Warm C,260750,1593,1592,1986,1156,0,0.0055964133
Warm C,244217,1470,1469,1986,1156,0,0.01735733
Warm C,237097,1441,1440,1986,1156,0,0.0036293175
Warm C,231867,1405,1404,1986,1156,0,0.0076220953
Warm C,220063,1333,1332,1986,1156,0,0.01004881
Warm C,225644,1366,1365,1986,1156,0,0.007698974
Warm C,214174,1300,1299,1986,1156,0,0.016831968
Warm C,226443,1370,1369,1986,1156,0,0.012191036
Warm C,204327,1259,1258,1986,1156,0,0.0020743012
Warm C,322729,1912,1911,1986,1156,0,0.011825075
Warm C,196771,1207,1206,1986,1156,0,0.005601333
Warm C,210343,1284,1283,1986,1156,0,0.0030488828
Warm C,194077,1195,1194,1986,1156,1,0.010673467
Warm C,328762,1941,1940,1986,1156,0,0.0077019846
Warm C,189146,1172,1171,1986,1156,0,0.018625496
Warm C,184154,1146,1145,1986,1156,1,0.010267447
Warm C,307744,1835,1834,1986,1156,0,0.015314439
Warm C,181340,1133,1132,1986,1156,0,-0.0015806374
Warm C,180480,1128,1127,1986,1156,0,0.013597776
Warm C,175801,1112,1111,1986,1156,0,0.0022239275
Warm C,159458,1017,1016,1986,1156,0,0.008235541
Warm C,145932,937,936,1986,1156,0,0.009894566
Warm C,142015,915,914,1986,1156,0,0.0035953
Warm C,138857,889,888,1986,1156,0,0.019658003
Warm C,133246,859,858,1986,1156,1,0.0017934521
Warm C,332883,1962,1961,1986,1156,0,0.007237336
Warm C,125657,808,807,1986,1156,0,0.00194568
Warm C,124016,798,797,1986,1156,0,0.005162227
Warm C,107233,705,704,1986,1156,0,0.016061597
Warm C,99917,667,666,1986,1156,0,0.0049576275
Warm C,92440,618,617,1986,1156,0,-0.007022472
Warm C,82347,546,545,1986,1156,0,-0.0013992221
Warm C,73928,501,500,1986,1156,0,0.0018165291
Warm C,68900,461,460,1986,1156,0,0.011216628
Warm C,57661,390,389,1986,1156,0,0.0008405568
Warm C,639368,3842,3841,1986,1156,0,0.009135548
Warm C,6480,46,45,1986,1156,1,0.0048123365
Warm C,6071,44,43,1986,1156,0,0.0014987558
Warm C,265309,1611,1610,1986,1156,0,0.0006793522
Warm C,299249,1776,1775,1986,1156,1,0.0042791646
Warm C,964241,5812,5811,1986,1156,0,0.025788406
Warm C,689999,4126,4125,1986,1156,0,0.012968896
Warm C,474420,2910,2909,1986,1156,0,0.0055517424
Warm C,63411,424,423,1986,1156,0,0.019183997
Warm C,280540,1683,1682,1987,1157,0,0.016260702
Warm C,224565,1357,1356,1987,1157,0,-0.0054945466
Warm C,214175,1300,1299,1987,1157,1,0.007568923
Warm C,226445,1370,1369,1987,1157,0,-0.008907507
Warm C,328766,1941,1940,1987,1157,0,0.0021093944
Warm C,175105,1109,1108,1987,1157,1,0.0028462654
Warm C,184156,1146,1145,1987,1157,0,0.011917384
Warm C,159460,1017,1016,1987,1157,0,0.0044077593
Warm C,134625,869,868,1987,1157,0,0.0075575653
Warm C,133247,859,858,1987,1157,1,-0.002992405
Warm C,115570,749,748,1987,1157,0,-0.0057734083
Warm C,99488,663,662,1987,1157,0,0.0077000274
Warm C,80413,533,532,1987,1157,0,0.0070612743
Warm C,57663,390,389,1987,1157,0,-0.0027122055
Warm C,45245,305,304,1987,1157,0,-0.00019983575
Warm C,41253,278,277,1987,1157,0,0.004540463
Warm C,42867,293,292,1987,1157,0,0.008290276
Warm C,30275,203,202,1987,1157,0,0.004080953
Warm C,14625,117,116,1987,1157,0,-0.00040943688
Warm C,290564,1733,1732,1987,1157,0,-0.0006479367
Warm C,15752,123,122,1987,1157,0,0.012578809
Warm C,238304,1447,1446,1987,1157,0,0.010077866
Warm C,757374,4508,4507,1987,1157,0,0.00070598035
Warm C,720236,4312,4311,1987,1157,0,-0.0018312022
Warm C,164881,1051,1050,1987,1157,0,0.0026090527
Warm C,331959,1958,1957,1987,1157,0,0.003390717
Warm C,474131,2909,2908,1987,1157,0,0.00080876914
Warm C,44731,302,301,1987,1157,0,0.0013845386
Warm C,474422,2910,2909,1987,1157,0,0.0024312811
Warm C,63414,424,423,1987,1157,0,-0.005052194
Warm C,497756,3055,3054,1987,1157,0,0.0035576692
Warm C,477311,2929,2928,1992,1159,0,0.0026927777
Warm C,485346,2986,2985,1992,1159,0,0.007161802
Warm C,474152,2909,2908,1992,1159,1,-0.002751249
Warm C,469074,2888,2887,1992,1159,0,0.00032934314
Warm C,463640,2857,2856,1992,1159,0,-0.00039297622
Warm C,458315,2820,2819,1992,1159,0,0.0006736112
Warm C,426645,2590,2589,1992,1159,0,0.0061573815
Warm C,409837,2457,2456,1992,1159,0,-0.002026886
Warm C,397253,2352,2351,1992,1159,0,0.005681808
Warm C,406833,2444,2443,1992,1159,0,-0.0026778504
Warm C,371230,2169,2168,1992,1159,1,0.0041801063
Warm C,374458,2181,2180,1992,1159,0,-0.0012412742
Warm C,368661,2155,2154,1992,1159,1,-0.00070587755
Warm C,366306,2131,2130,1992,1159,0,0.00041151373
Warm C,361945,2109,2108,1992,1159,0,0.0047387723
Warm C,323535,1919,1918,1992,1159,1,0.002394449
Warm C,297769,1764,1763,1992,1159,1,-0.0015114008
Warm C,288354,1722,1721,1992,1159,1,0.0010822809
Warm C,277200,1675,1674,1992,1159,0,0.00836054
Warm C,278042,1676,1675,1992,1159,0,0.0027275612
Warm C,271575,1641,1640,1992,1159,0,0.00326153
Warm C,267684,1626,1625,1992,1159,0,0.0021122242
Warm C,332893,1962,1961,1992,1159,0,0.002327612
Warm C,236513,1434,1433,1992,1159,1,-0.0013278862
Warm C,221938,1342,1341,1992,1159,0,0.008902117
Warm C,214178,1300,1299,1992,1159,1,0.0038158912
Warm C,213714,1298,1297,1992,1159,0,0.0024806983
Warm C,209214,1277,1276,1992,1159,0,-0.0041154483
Warm C,273308,1647,1646,1992,1159,0,0.007927403
Warm C,244229,1470,1469,1992,1159,0,0.0046856054
Warm C,194080,1195,1194,1992,1159,0,0.004867525
Warm C,328788,1941,1940,1992,1159,0,0.011331794
Warm C,189152,1172,1171,1992,1159,0,0.0065507507
Warm C,183374,1141,1140,1992,1159,0,0.0020112689
Warm C,172994,1096,1095,1992,1159,0,-0.00069544726
Warm C,175809,1112,1111,1992,1159,0,0.0043488275
Warm C,165675,1056,1055,1992,1159,0,0.0023475022
Warm C,164088,1050,1049,1992,1159,0,0.009360071
Warm C,159471,1017,1016,1992,1159,0,0.00011086534
Warm C,150239,967,966,1992,1159,0,-0.004008824
Warm C,157288,1010,1009,1992,1159,0,0.003352949
Warm C,135885,877,876,1992,1159,0,0.011899201
Warm C,133892,868,867,1992,1159,1,0.0022848086
Warm C,134639,869,868,1992,1159,0,-0.00068566506
Warm C,133251,859,858,1992,1159,0,-0.0022261096
Warm C,138885,889,888,1992,1159,0,0.0020606248
Warm C,126760,817,816,1992,1159,0,0.0028128228
Warm C,125664,808,807,1992,1159,0,0.0073421905
Warm C,114169,742,741,1992,1159,0,-0.00767346
Warm C,107547,709,708,1992,1159,0,0.00026944606
Warm C,179863,1125,1124,1992,1159,0,-0.00078277674
Warm C,92862,621,620,1992,1159,0,0.0054661855
Warm C,86386,565,564,1992,1159,0,0.0067438865
Warm C,385781,2255,2254,1992,1159,0,-0.00088904914
Warm C,240578,1449,1448,1992,1159,0,0.00058165146
Warm C,239377,1448,1447,1992,1159,0,-0.0001448784
Warm C,41529,282,281,1992,1159,0,0.006359641
Warm C,41262,278,277,1992,1159,0,0.0017855377
Warm C,99923,667,666,1992,1159,0,-0.0011111358
Warm C,22691,163,162,1992,1159,0,0.0067563835
Warm C,14638,117,116,1992,1159,0,0.0002540243
Warm C,238322,1447,1446,1992,1159,0,-0.0010341101
Warm C,365917,2129,2128,1992,1159,0,-0.0037746537
Warm C,680808,4079,4078,1992,1159,0,-0.0022238148
Warm C,46100,308,307,1992,1159,0,-0.002587817
Warm C,907730,5492,5491,1992,1159,0,0.009733104
Warm C,137273,884,883,1992,1159,0,-0.0017889091
Warm C,352401,2063,2062,1992,1159,0,0.005601856
Warm C,290579,1733,1732,1992,1159,0,0.0024494287
Warm C,63436,424,423,1992,1159,0,0.008259984
Warm C,329611,1943,1942,1992,1159,1,0.0058671897
Warm C,474424,2910,2909,1992,1159,0,0.011392
Warm C,295787,1755,1754,1992,1159,0,0.0013684385
Warm C,221851,1341,1340,1993,1160,0,0.0014054086
Warm C,221939,1342,1341,1993,1160,0,0.009099513
Warm C,214179,1300,1299,1993,1160,0,0.003879969
Warm C,213716,1298,1297,1993,1160,0,-0.002540715
Warm C,273309,1647,1646,1993,1160,0,-0.0015098997
Warm C,244231,1470,1469,1993,1160,0,0.0017252641
Warm C,194081,1195,1194,1993,1160,0,0.0010549234
Warm C,328790,1941,1940,1993,1160,0,0.0043793367
Warm C,189153,1172,1171,1993,1160,0,0.00053582375
Warm C,183375,1141,1140,1993,1160,0,0.0018493976
Warm C,256205,1562,1561,1993,1160,0,-0.0034248133
Warm C,175812,1112,1111,1993,1160,0,0.0014974717
Warm C,165676,1056,1055,1993,1160,0,0.004226396
Warm C,159472,1017,1016,1993,1160,0,0.0029074447
Warm C,150240,967,966,1993,1160,0,-0.00097600254
Warm C,134640,869,868,1993,1160,0,0.0019106426
Warm C,138887,889,888,1993,1160,0,0.005365216
Warm C,263731,1605,1604,1993,1160,0,0.010691483
Warm C,126761,817,816,1993,1160,0,0.0036251314
Warm C,125665,808,807,1993,1160,0,-0.0074622156
Warm C,107548,709,708,1993,1160,0,0.006022457
Warm C,179864,1125,1124,1993,1160,0,0.010981429
Warm C,92863,621,620,1993,1160,0,0.0016069781
Warm C,240581,1449,1448,1993,1160,0,0.0021122731
Warm C,51220,337,336,1993,1160,0,-0.006102928
Warm C,45253,305,304,1993,1160,0,0.005364211
Warm C,41264,278,277,1993,1160,0,0.011202871
Warm C,291735,1737,1736,1993,1160,0,-0.00051445654
Warm C,99924,667,666,1993,1160,0,0.0004883114
Warm C,22692,163,162,1993,1160,0,-0.0011313774
Warm C,14640,117,116,1993,1160,0,-0.0045855725
Warm C,238324,1447,1446,1993,1160,0,-0.0037188744
Warm C,907731,5492,5491,1993,1160,0,0.0020221411
Warm C,137274,884,883,1993,1160,0,-0.007182399
Warm C,290581,1733,1732,1993,1160,0,0.007732475
Warm C,172126,1088,1087,1993,1160,0,0.0045568077
Warm C,474425,2910,2909,1993,1160,0,-0.003276409
Warm C,651668,3929,3928,1995,1162,0,0.0052614245
Warm C,649409,3913,3912,1995,1162,0,-0.0005252056
Warm C,644907,3884,3883,1995,1162,0,0.0016680164
Warm C,640176,3847,3846,1995,1162,0,0.002776146
Warm C,639644,3844,3843,1995,1162,1,-0.004157304
Warm C,639380,3842,3841,1995,1162,0,0.005057364
Warm C,759901,4514,4513,1995,1162,1,-0.0044844393
Warm C,664309,3999,3998,1995,1162,0,-0.007009406
Warm C,628441,3806,3805,1995,1162,1,-0.0010252912
Warm C,628878,3807,3806,1995,1162,0,-0.0030858018
Warm C,629958,3808,3807,1995,1162,0,-0.008031028
Warm C,628006,3801,3800,1995,1162,1,0.004168916
Warm C,638653,3841,3840,1995,1162,0,0.0011621742
Warm C,623591,3771,3770,1995,1162,0,-0.010354841
Warm C,625192,3778,3777,1995,1162,0,-0.00038528815
Warm C,613737,3717,3716,1995,1162,0,0.006628786
Warm C,612166,3711,3710,1995,1162,0,0.0011829003
Warm C,612002,3709,3708,1995,1162,0,0.0009539685
Warm C,621390,3762,3761,1995,1162,0,0.007921057
Warm C,725602,4344,4343,1995,1162,0,-0.003780773
Warm C,731261,4375,4374,1995,1162,1,0.001602739
Warm C,584883,3569,3568,1995,1162,0,-0.00023293402
Warm C,583716,3562,3561,1995,1162,1,-0.00093389116
Warm C,577815,3528,3527,1995,1162,0,0.006871849
Warm C,569534,3491,3490,1995,1162,0,-0.006163858
Warm C,547457,3377,3376,1995,1162,0,-0.007823145
Warm C,577576,3526,3525,1995,1162,0,0.0037035719
Warm C,550644,3391,3390,1995,1162,0,-0.00077931676
Warm C,537540,3311,3310,1995,1162,0,-0.0064174226
Warm C,520189,3208,3207,1995,1162,0,0.0003213284
Warm C,517137,3191,3190,1995,1162,0,0.004239012
Warm C,515748,3182,3181,1995,1162,0,0.005177279
Warm C,566523,3476,3475,1995,1162,0,-0.0060749934
Warm C,507595,3124,3123,1995,1162,0,-0.0021291445
Warm C,516681,3189,3188,1995,1162,1,0.0061711743
Warm C,718715,4305,4304,1995,1162,0,0.0026475852
Warm C,494568,3032,3031,1995,1162,1,0.00648004
Warm C,540127,3320,3319,1995,1162,0,0.0008003535
Warm C,484009,2976,2975,1995,1162,0,0.009483326
Warm C,480324,2946,2945,1995,1162,0,-0.0047849454
Warm C,478864,2938,2937,1995,1162,1,0.0035427995
Warm C,696793,4169,4168,1995,1162,0,-0.00575425
Warm C,474159,2909,2908,1995,1162,1,-0.0005265402
Warm C,879993,5317,5316,1995,1162,0,-0.0007898556
Warm C,754786,4497,4496,1995,1162,0,-0.0033564102
Warm C,462752,2854,2853,1995,1162,0,0.00415924
Warm C,437158,2668,2667,1995,1162,0,-0.010044647
Warm C,426648,2590,2589,1995,1162,0,0.0056429435
Warm C,415114,2498,2497,1995,1162,0,-0.0025570772
Warm C,409841,2457,2456,1995,1162,0,-0.009257988
Warm C,397255,2352,2351,1995,1162,0,0.0033348328
Warm C,406836,2444,2443,1995,1162,0,0.007974907
Warm C,374464,2181,2180,1995,1162,0,0.012570707
Warm C,361268,2107,2106,1995,1162,0,-0.006540375
Warm C,436738,2665,2664,1995,1162,0,0.008727126
Warm C,291006,1736,1735,1995,1162,0,0.005371839
Warm C,291740,1737,1736,1995,1162,0,-0.0029373306
Warm C,280034,1680,1679,1995,1162,0,-0.0013903603
Warm C,277203,1675,1674,1995,1162,0,-0.0007927066
Warm C,280545,1683,1682,1995,1162,0,-0.005249773
Warm C,281014,1685,1684,1995,1162,0,0.014458623
Warm C,267687,1626,1625,1995,1162,0,0.0043714503
Warm C,247949,1496,1495,1995,1162,0,-0.002579074
Warm C,321436,1904,1903,1995,1162,0,0.0033629425
Warm C,243042,1465,1464,1995,1162,0,-0.0013040397
Warm C,224569,1357,1356,1995,1162,0,-0.0006980256
Warm C,278049,1676,1675,1995,1162,0,-0.0060564936
Warm C,209216,1277,1276,1995,1162,0,-0.0036176168
Warm C,368137,2150,2149,1995,1162,1,-0.0051392694
Warm C,215126,1303,1302,1995,1162,0,-0.0030004606
Warm C,210358,1284,1283,1995,1162,0,-0.0010668179
Warm C,328796,1941,1940,1995,1162,0,0.011724314
Warm C,307764,1835,1834,1995,1162,0,0.0056998506
Warm C,180489,1128,1127,1995,1162,0,-0.0012070683
Warm C,196786,1207,1206,1995,1162,0,0.0010108829
Warm C,184166,1146,1145,1995,1162,0,0.0017657108
Warm C,175815,1112,1111,1995,1162,0,0.004989184
Warm C,221674,1340,1339,1995,1162,0,-0.007078278
Warm C,162073,1033,1032,1995,1162,0,0.002309802
Warm C,159475,1017,1016,1995,1162,0,0.00072436105
Warm C,270256,1635,1634,1995,1162,0,0.0037995488
Warm C,217375,1317,1316,1995,1162,0,-0.005278986
Warm C,135890,877,876,1995,1162,0,-0.0059850924
Warm C,134646,869,868,1995,1162,1,-0.0063252216
Warm C,263736,1605,1604,1995,1162,0,-0.008699581
Warm C,125667,808,807,1995,1162,0,0.0043969234
Warm C,211423,1285,1284,1995,1162,0,0.0012354752
Warm C,113486,735,734,1995,1162,0,-0.0013524415
Warm C,93687,628,627,1995,1162,0,0.00032560108
Warm C,90819,601,600,1995,1162,0,0.0018889022
Warm C,83583,549,548,1995,1162,0,0.0042191297
Warm C,234396,1422,1421,1995,1162,0,0.0056667086
Warm C,81957,543,542,1995,1162,1,0.0059133777
Warm C,68912,461,460,1995,1162,0,0.012083482
Warm C,72384,482,481,1995,1162,0,0.0032708244
Warm C,57677,390,389,1995,1162,0,0.004417434
Warm C,111085,721,720,1995,1162,0,0.0060449643
Warm C,49646,329,328,1995,1162,0,-0.0008101114
Warm C,41939,284,283,1995,1162,0,-0.0039023082
Warm C,41265,278,277,1995,1162,0,-0.0030692045
Warm C,538217,3312,3311,1995,1162,1,-0.0064403214
Warm C,240586,1449,1448,1995,1162,0,-0.0023992017
Warm C,239383,1448,1447,1995,1162,0,0.005092642
Warm C,14224,116,115,1995,1162,1,0.0008724937
Warm C,14644,117,116,1995,1162,0,-0.004081222
Warm C,482063,2962,2961,1995,1162,0,-0.0031910622
Warm C,523010,3224,3223,1995,1162,0,-0.0036021764
Warm C,627125,3792,3791,1995,1162,0,-0.004236584
Warm C,238329,1447,1446,1995,1162,0,0.008237181
Warm C,365919,2129,2128,1995,1162,0,0.008613719
Warm C,334078,1969,1968,1995,1162,0,-0.007929154
Warm C,299264,1776,1775,1995,1162,0,0.0045221937
Warm C,164906,1051,1050,1995,1162,0,-0.0011143107
Warm C,265323,1611,1610,1995,1162,0,0.0031730523
Warm C,102686,678,677,1995,1162,0,-0.008643338
Warm C,760252,4517,4516,1995,1162,0,-0.009609283
Warm C,158725,1015,1014,1995,1162,0,0.0021720617
Warm C,137276,884,883,1995,1162,0,0.0036898083
Warm C,331976,1958,1957,1995,1162,0,-6.0339225e-06
Warm C,760717,4520,4519,1995,1162,0,-0.0022786811
Warm C,63442,424,423,1995,1162,0,-0.004855397
Warm C,235300,1425,1424,1995,1162,0,-0.0064247986
Warm C,462753,2854,2853,1996,1163,0,-0.0016912417
Warm C,426649,2590,2589,1996,1163,0,0.0017367813
Warm C,397256,2352,2351,1996,1163,0,-0.00167254
Warm C,406837,2444,2443,1996,1163,1,-0.0067562903
Warm C,374465,2181,2180,1996,1163,0,0.011838485
Warm C,297774,1764,1763,1996,1163,1,0.0040660677
Warm C,291007,1736,1735,1996,1163,0,-0.0044037
Warm C,291742,1737,1736,1996,1163,0,0.008980259
Warm C,280036,1680,1679,1996,1163,0,0.0020771008
Warm C,277204,1675,1674,1996,1163,0,-0.004131671
Warm C,267688,1626,1625,1996,1163,0,-0.0034506647
Warm C,257047,1574,1573,1996,1163,1,0.0019989973
Warm C,333574,1968,1967,1996,1163,0,0.009919004
Warm C,247950,1496,1495,1996,1163,0,0.005430036
Warm C,321437,1904,1903,1996,1163,0,-0.0025844516
Warm C,224570,1357,1356,1996,1163,0,-0.005474385
Warm C,278051,1676,1675,1996,1163,0,-9.624753e-06
Warm C,210359,1284,1283,1996,1163,0,-0.0034100735
Warm C,195989,1204,1203,1996,1163,0,-0.0025616225
Warm C,196788,1207,1206,1996,1163,0,-0.004188519
Warm C,328798,1941,1940,1996,1163,0,-0.005198595
Warm C,307765,1835,1834,1996,1163,0,0.0014425851
Warm C,184167,1146,1145,1996,1163,0,0.0035174787
Warm C,175817,1112,1111,1996,1163,0,0.008309738
Warm C,221675,1340,1339,1996,1163,0,0.0054477416
Warm C,217377,1317,1316,1996,1163,0,-0.007484977
Warm C,135891,877,876,1996,1163,0,0.00566303
Warm C,134647,869,868,1996,1163,0,-0.010851659
Warm C,263737,1605,1604,1996,1163,0,-0.00041852845
Warm C,125668,808,807,1996,1163,0,-0.007409607
Warm C,90820,601,600,1996,1163,0,-0.0032632072
Warm C,81959,543,542,1996,1163,1,0.005096435
Warm C,57678,390,389,1996,1163,0,-0.00027261325
Warm C,111086,721,720,1996,1163,0,0.0012523481
Warm C,49648,329,328,1996,1163,0,0.0076648863
Warm C,45255,305,304,1996,1163,0,0.0035337512
Warm C,538218,3312,3311,1996,1163,1,-0.0003698913
Warm C,239385,1448,1447,1996,1163,0,-0.0068421625
Warm C,14645,117,116,1996,1163,0,-0.0035028541
Warm C,207189,1266,1265,1996,1163,0,-0.0034651235
Warm C,482064,2962,2961,1996,1163,0,-0.009322984
Warm C,627126,3792,3791,1996,1163,0,0.0012642902
Warm C,238330,1447,1446,1996,1163,0,0.0006804409
Warm C,365920,2129,2128,1996,1163,0,0.0023722008
Warm C,334079,1969,1968,1996,1163,0,0.0013945138
Warm C,164908,1051,1050,1996,1163,0,0.008221783
Warm C,265324,1611,1610,1996,1163,0,-0.0015656042
Warm C,102687,678,677,1996,1163,0,-0.009837231
Warm C,137277,884,883,1996,1163,0,-0.0066468874
Warm C,211424,1285,1284,1996,1163,0,-0.0026969747
Warm C,474161,2909,2908,1996,1163,0,-0.005172492
Warm C,550646,3391,3390,1996,1163,0,-0.0009941163
Warm C,458322,2820,2819,1998,1165,0,0.013273107
Warm C,790554,4728,4727,1998,1165,0,0.010596897
Warm C,426651,2590,2589,1998,1165,0,0.0077722077
Warm C,422203,2555,2554,1998,1165,0,0.000278607
Warm C,414789,2496,2495,1998,1165,0,0.0075384257
Warm C,397257,2352,2351,1998,1165,0,0.0023598867
Warm C,370120,2164,2163,1998,1165,0,0.009333044
Warm C,436743,2665,2664,1998,1165,1,0.014481233
Warm C,365019,2124,2123,1998,1165,0,0.020892814
Warm C,361954,2109,2108,1998,1165,0,0.006186908
Warm C,280043,1680,1679,1998,1165,1,0.007088013
Warm C,277207,1675,1674,1998,1165,0,0.012248049
Warm C,251967,1524,1523,1998,1165,1,0.0055072433
Warm C,243047,1465,1464,1998,1165,0,0.00650219
Warm C,224572,1357,1356,1998,1165,0,0.00027684635
Warm C,226450,1370,1369,1998,1165,0,0.0024674442
Warm C,220486,1335,1334,1998,1165,0,0.0050179623
Warm C,244235,1470,1469,1998,1165,0,0.020239737
Warm C,294529,1749,1748,1998,1165,0,0.0136504695
Warm C,328802,1941,1940,1998,1165,0,0.012758499
Warm C,215130,1303,1302,1998,1165,0,0.014227562
Warm C,177717,1119,1118,1998,1165,0,0.011694092
Warm C,308960,1837,1836,1998,1165,0,0.0032092545
Warm C,159478,1017,1016,1998,1165,0,0.01027696
Warm C,158730,1015,1014,1998,1165,0,0.012328206
Warm C,221680,1340,1339,1998,1165,0,0.0017854013
Warm C,366312,2131,2130,1998,1165,0,0.015691224
Warm C,131376,850,849,1998,1165,0,0.011579843
Warm C,107236,705,704,1998,1165,0,0.0062468294
Warm C,140800,904,903,1998,1165,0,0.0007469803
Warm C,394330,2323,2322,1998,1165,0,-0.005539323
Warm C,191525,1181,1180,1998,1165,0,0.017935447
Warm C,211428,1285,1284,1998,1165,0,0.005679632
Warm C,48029,321,320,1998,1165,0,0.0063184765
Warm C,43262,296,295,1998,1165,0,0.008389643
Warm C,41267,278,277,1998,1165,0,0.0009175027
Warm C,240592,1449,1448,1998,1165,0,0.020533204
Warm C,99927,667,666,1998,1165,0,0.0070640114
Warm C,21786,158,157,1998,1165,0,0.0041725663
Warm C,947639,5722,5721,1998,1165,0,0.0073803123
Warm C,239391,1448,1447,1998,1165,0,0.01510459
Warm C,174369,1101,1100,1998,1165,0,0.0122083165
Warm C,365923,2129,2128,1998,1165,0,0.020886226
Warm C,300602,1780,1779,1998,1165,0,0.013623408
Warm C,28405,195,194,1998,1165,0,0.012966613
Warm C,745104,4448,4447,1998,1165,0,0.011942152
Warm C,273318,1647,1646,1998,1165,0,0.015465805
Warm C,265328,1611,1610,1998,1165,0,0.006150594
Warm C,257979,1579,1578,1998,1165,0,0.012298383
Warm C,891720,5387,5386,1998,1165,0,0.002205639
Warm C,63449,424,423,1998,1165,0,0.019674338
Warm C,145947,937,936,1998,1165,0,1.7311424e-05
Warm C,718718,4305,4304,1998,1165,0,0.013547503
Warm C,537550,3311,3310,1999,1166,0,0.003094449
Warm C,518934,3201,3200,1999,1166,0,0.0072747143
Warm C,566527,3476,3475,1999,1166,0,0.0041636983
Warm C,509957,3140,3139,1999,1166,0,0.0061623687
Warm C,507366,3121,3120,1999,1166,0,0.011153216
Warm C,516686,3189,3188,1999,1166,0,0.006366633
Warm C,494578,3032,3031,1999,1166,0,0.0062609217
Warm C,477316,2929,2928,1999,1166,0,-0.006910296
Warm C,472936,2907,2906,1999,1166,0,0.0075284676
Warm C,485358,2986,2985,1999,1166,0,0.0015762076
Warm C,458323,2820,2819,1999,1166,0,0.00091502303
Warm C,790555,4728,4727,1999,1166,0,0.011045673
Warm C,441307,2702,2701,1999,1166,0,-0.0025887727
Warm C,437161,2668,2667,1999,1166,0,0.006619852
Warm C,426653,2590,2589,1999,1166,0,0.0004552973
Warm C,414790,2496,2495,1999,1166,0,0.0043316595
Warm C,397259,2352,2351,1999,1166,0,9.874697e-05
Warm C,368665,2155,2154,1999,1166,1,0.0083926
Warm C,367683,2146,2145,1999,1166,0,0.0014494131
Warm C,366314,2131,2130,1999,1166,1,0.010000937
Warm C,436745,2665,2664,1999,1166,1,0.009672584
Warm C,358662,2098,2097,1999,1166,1,0.0066029695
Warm C,365021,2124,2123,1999,1166,1,0.008704572
Warm C,361956,2109,2108,1999,1166,0,0.008923931
Warm C,326351,1931,1930,1999,1166,0,0.00067856465
Warm C,303659,1803,1802,1999,1166,0,0.006296251
Warm C,288358,1722,1721,1999,1166,0,0.004230696
Warm C,302328,1794,1793,1999,1166,0,-0.00047367788
Warm C,280046,1680,1679,1999,1166,0,0.011102905
Warm C,277210,1675,1674,1999,1166,1,-0.0104170125
Warm C,271153,1639,1638,1999,1166,0,-0.0005816575
Warm C,251968,1524,1523,1999,1166,0,0.0038412274
Warm C,247953,1496,1495,1999,1166,1,0.019977294
Warm C,242286,1462,1461,1999,1166,0,-0.0013050898
Warm C,332904,1962,1961,1999,1166,0,0.0048966785
Warm C,224574,1357,1356,1999,1166,0,0.0044721826
Warm C,221942,1342,1341,1999,1166,0,0.003353719
Warm C,273319,1647,1646,1999,1166,0,0.006754639
Warm C,308961,1837,1836,1999,1166,1,0.015815282
Warm C,194538,1200,1199,1999,1166,0,-0.00030098477
Warm C,328805,1941,1940,1999,1166,0,0.0016397862
Warm C,215131,1303,1302,1999,1166,1,0.0049939416
Warm C,176435,1115,1114,1999,1166,0,-0.005292374
Warm C,256206,1562,1561,1999,1166,1,0.0041660573
Warm C,159481,1017,1016,1999,1166,1,-0.005835376
Warm C,221682,1340,1339,1999,1166,0,0.016225014
Warm C,133254,859,858,1999,1166,0,0.0073833005
Warm C,131377,850,849,1999,1166,0,0.00707255
Warm C,138898,889,888,1999,1166,0,0.013833983
Warm C,125671,808,807,1999,1166,0,-0.0013985508
Warm C,68915,461,460,1999,1166,0,0.016101656
Warm C,70297,474,473,1999,1166,0,0.0030035204
Warm C,57680,390,389,1999,1166,1,0.00061103294
Warm C,48031,321,320,1999,1166,0,0.0013115846
Warm C,43263,296,295,1999,1166,0,-0.0010455595
Warm C,291746,1737,1736,1999,1166,0,0.004624306
Warm C,99928,667,666,1999,1166,0,-0.0017961306
Warm C,14647,117,116,1999,1166,1,0.0084718
Warm C,696799,4169,4168,1999,1166,0,0.013027582
Warm C,290588,1733,1732,1999,1166,0,0.011961451
Warm C,265329,1611,1610,1999,1166,0,0.0017071059
Warm C,102692,678,677,1999,1166,0,0.0029284693
Warm C,891722,5387,5386,1999,1166,0,0.0048699724
Warm C,474167,2909,2908,1999,1166,0,-0.0010388307
Warm C,28408,195,194,1999,1166,0,0.0047992626
Warm C,63450,424,423,1999,1166,1,0.0095045455
Warm C,241513,1451,1450,1999,1166,0,0.0050703934
Warm C,202199,1243,1242,2007,1174,0,0.00046702172
Warm C,499781,3067,3066,2007,1174,0,0.013915766
Warm C,697855,4169,4168,2007,1174,0,0.011429635
Warm C,116658,752,751,2007,1174,0,0.010225695
Warm C,860403,5172,5171,2007,1174,0,0.005645486
Warm C,660227,3979,3978,2014,1180,1,-0.0009359815
Warm C,655575,3948,3947,2014,1180,1,0.0026968792
Warm C,652880,3934,3933,2014,1180,0,0.00489414
Warm C,630011,3808,3807,2014,1180,0,-0.00026602903
Warm C,625237,3778,3777,2014,1180,0,0.027538706
Warm C,670505,4028,4027,2014,1180,0,0.02758678
Warm C,615022,3724,3723,2014,1180,1,0.02141282
Warm C,992768,5996,5995,2014,1180,1,0.002745707
Warm C,604606,3675,3674,2014,1180,0,0.021539036
Warm C,726842,4345,4344,2014,1180,0,0.010912018
Warm C,576329,3521,3520,2014,1180,1,0.0143739525
Warm C,562835,3462,3461,2014,1180,0,0.013983017
Warm C,559009,3433,3432,2014,1180,0,0.00078698824
Warm C,554278,3410,3409,2014,1180,1,0.016376633
Warm C,545865,3365,3364,2014,1180,0,0.015788373
Warm C,550697,3391,3390,2014,1180,0,0.005756367
Warm C,539083,3314,3313,2014,1180,1,0.010283929
Warm C,536620,3309,3308,2014,1180,0,0.011172815
Warm C,536331,3308,3307,2014,1180,0,0.01644382
Warm C,710030,4258,4257,2014,1180,0,0.020678632
Warm C,523055,3224,3223,2014,1180,1,0.007399482
Warm C,517730,3195,3194,2014,1180,0,0.0050967727
Warm C,513232,3163,3162,2014,1180,0,0.02828198
Warm C,540157,3320,3319,2014,1180,0,0.022853801
Warm C,506085,3112,3111,2014,1180,0,0.0111012515
Warm C,575641,3519,3518,2014,1180,0,0.027736224
Warm C,495781,3044,3043,2014,1180,0,0.009155858
Warm C,659319,3971,3970,2014,1180,0,0.023054216
Warm C,738575,4411,4410,2014,1180,1,0.015171215
Warm C,489814,3013,3012,2014,1180,0,0.009716169
Warm C,487635,2999,2998,2014,1180,0,0.0055191247
Warm C,600371,3650,3649,2014,1180,0,0.024147246
Warm C,482941,2967,2966,2014,1180,0,0.012106018
Warm C,697881,4169,4168,2014,1180,0,0.026212811
Warm C,472969,2907,2906,2014,1180,1,0.026147358
Warm C,468051,2885,2884,2014,1180,1,0.01284426
Warm C,419064,2529,2528,2014,1180,1,0.010022916
Warm C,464403,2860,2859,2014,1180,1,0.0151581615
Warm C,400730,2386,2385,2014,1180,0,0.0050405534
Warm C,400584,2383,2382,2014,1180,1,0.021620374
Warm C,374502,2181,2180,2014,1180,0,0.024604518
Warm C,361989,2109,2108,2014,1180,0,0.015086511
Warm C,334107,1969,1968,2014,1180,0,0.0010944584
Warm C,271666,1642,1641,2014,1180,0,0.004478339
Warm C,255836,1559,1558,2014,1180,0,0.0005300236
Warm C,346445,2030,2029,2014,1180,1,0.014973521
Warm C,250594,1510,1509,2014,1180,0,0.00065105455
Warm C,361188,2106,2105,2014,1180,0,0.0074004307
Warm C,266154,1613,1612,2014,1180,0,0.02354349
Warm C,338421,1988,1987,2014,1180,0,0.010105332
Warm C,222994,1351,1350,2014,1180,1,0.011944232
Warm C,212195,1291,1290,2014,1180,1,0.019771587
Warm C,278087,1676,1675,2014,1180,1,0.01720955
Warm C,205033,1261,1260,2014,1180,0,0.02435058
Warm C,280103,1680,1679,2014,1180,1,0.01574304
Warm C,198930,1221,1220,2014,1180,1,0.0044691004
Warm C,305199,1812,1811,2014,1180,1,0.01875061
Warm C,328850,1941,1940,2014,1180,0,0.01586334
Warm C,188467,1169,1168,2014,1180,0,0.009536613
Warm C,185888,1150,1149,2014,1180,0,0.022719987
Warm C,183391,1141,1140,2014,1180,1,0.0042082854
Warm C,168127,1068,1067,2014,1180,0,0.011207659
Warm C,166687,1059,1058,2014,1180,0,0.028182603
Warm C,337281,1983,1982,2014,1180,1,0.013375791
Warm C,324625,1922,1921,2014,1180,0,0.014498137
Warm C,249072,1501,1500,2014,1180,0,0.011130767
Warm C,127434,822,821,2014,1180,1,0.017491195
Warm C,263769,1605,1604,2014,1180,1,0.0073691383
Warm C,124354,800,799,2014,1180,1,0.013971011
Warm C,118158,764,763,2014,1180,1,0.015277885
Warm C,178453,1120,1119,2014,1180,0,0.017813625
Warm C,101042,673,672,2014,1180,0,0.0028026865
Warm C,98014,655,654,2014,1180,0,-0.0024301235
Warm C,93897,629,628,2014,1180,0,0.002230826
Warm C,91523,606,605,2014,1180,1,0.0009025944
Warm C,86888,566,565,2014,1180,0,0.0077352943
Warm C,85366,556,555,2014,1180,1,0.00571115
Warm C,234430,1422,1421,2014,1180,0,0.013960293
Warm C,83621,549,548,2014,1180,0,0.011262059
Warm C,119602,770,769,2014,1180,0,0.013955019
Warm C,76819,520,519,2014,1180,1,0.014859028
Warm C,73859,500,499,2014,1180,0,0.010026429
Warm C,60387,410,409,2014,1180,0,0.016111393
Warm C,228624,1383,1382,2014,1180,0,0.019869186
Warm C,52649,346,345,2014,1180,1,0.016004078
Warm C,48917,327,326,2014,1180,0,0.0050063017
Warm C,132757,855,854,2014,1180,0,0.006059851
Warm C,43713,300,299,2014,1180,1,0.0098533165
Warm C,44812,302,301,2014,1180,0,0.017190423
Warm C,39074,264,263,2014,1180,0,0.020454979
Warm C,32341,216,215,2014,1180,0,0.019228933
Warm C,240633,1449,1448,2014,1180,0,0.017065443
Warm C,270295,1635,1634,2014,1180,0,0.02274324
Warm C,947811,5722,5721,2014,1180,1,0.006189535
Warm C,23265,166,165,2014,1180,1,0.011001898
Warm C,239428,1448,1447,2014,1180,1,0.0058162957
Warm C,2181,18,17,2014,1180,0,0.005824076
Warm C,3681,26,25,2014,1180,0,0.0116795
Warm C,686679,4107,4106,2014,1180,0,0.0168011
Warm C,482090,2962,2961,2014,1180,0,0.00137462
Warm C,65630,438,437,2014,1180,1,0.004109441
Warm C,273357,1647,1646,2014,1180,0,0.022029951
Warm C,130056,840,839,2014,1180,1,0.0106436955
Warm C,241546,1451,1450,2014,1180,1,0.013650487
Warm C,164942,1051,1050,2014,1180,0,0.020337213
Warm C,102719,678,677,2014,1180,0,0.009342738
Warm C,171047,1087,1086,2014,1180,1,0.015861476
Warm C,760455,4517,4516,2014,1180,0,-0.000151037
Warm C,633715,3824,3823,2014,1180,0,-0.0014076349
Warm C,905580,5475,5474,2014,1180,1,0.014378575
Warm C,769173,4579,4578,2014,1180,0,0.013310259
Warm C,134682,869,868,2014,1180,1,0.0082865115
Warm C,501540,3080,3079,2014,1180,1,0.015191718
Warm C,700104,4186,4185,2014,1180,0,0.016644584
Warm C,217416,1317,1316,2014,1180,0,0.0044650096
Warm C,936766,5650,5649,2014,1180,0,0.0066829864
Warm C,222807,1348,1347,2014,1180,0,0.012510897
Warm C,748360,4467,4466,2014,1180,1,0.0080929985
Warm C,825855,4958,4957,2014,1180,0,0.0124704875
Warm C,616741,3732,3731,2014,1180,0,0.018368537
Warm C,396436,2344,2343,2016,1182,1,0.0012056119
Warm C,393619,2316,2315,2016,1182,0,-0.0038939763
Warm C,374507,2181,2180,2016,1182,0,0.0038556443
Warm C,361995,2109,2108,2016,1182,0,-0.007646159
Warm C,293455,1747,1746,2016,1182,0,-0.0049608983
Warm C,324098,1920,1919,2016,1182,0,0.0015815999
Warm C,259727,1587,1586,2016,1182,0,7.857988e-05
Warm C,436779,2665,2664,2016,1182,0,0.013666904
Warm C,247231,1494,1493,2016,1182,1,0.006098997
Warm C,229463,1389,1388,2016,1182,0,0.0061190533
Warm C,280110,1680,1679,2016,1182,0,-0.0005063561
Warm C,197688,1214,1213,2016,1182,0,-0.0024283198
Warm C,328856,1941,1940,2016,1182,0,-0.005118602
Warm C,173892,1100,1099,2016,1182,0,0.0017377035
Warm C,198713,1220,1219,2016,1182,0,0.0031248017
Warm C,255680,1556,1555,2016,1182,0,0.00429584
Warm C,275784,1667,1666,2016,1182,0,-0.0052357498
Warm C,217419,1317,1316,2016,1182,0,-0.0080854995
Warm C,249075,1501,1500,2016,1182,1,0.012454541
Warm C,119606,770,769,2016,1182,0,-0.0023020227
Warm C,345563,2026,2025,2016,1182,0,-0.010312866
Warm C,714255,4277,4276,2016,1182,0,0.003505488
Warm C,109503,714,713,2016,1182,1,0.0044880016
Warm C,95626,639,638,2016,1182,1,-0.0013920374
Warm C,191593,1181,1180,2016,1182,0,-0.010947589
Warm C,82113,544,543,2016,1182,0,-0.0053750305
Warm C,234434,1422,1421,2016,1182,0,-0.007160022
Warm C,73204,494,493,2016,1182,1,-0.0016929978
Warm C,72420,482,481,2016,1182,0,-0.0049924445
Warm C,52651,346,345,2016,1182,1,-0.002205947
Warm C,32345,216,215,2016,1182,0,-0.003039612
Warm C,239431,1448,1447,2016,1182,0,0.0016618182
Warm C,7061,48,47,2016,1182,0,-0.00014419248
Warm C,380981,2225,2224,2016,1182,0,-0.0030752134
Warm C,326243,1930,1929,2016,1182,0,-0.009541685
Warm C,30685,204,203,2016,1182,0,0.00018253387
Warm C,334111,1969,1968,2016,1182,0,-0.011686977
Warm C,273359,1647,1646,2016,1182,0,0.0040891226
Warm C,102724,678,677,2016,1182,0,-0.0034012618
Warm C,454773,2796,2795,2016,1182,0,-0.011034023
Warm C,134685,869,868,2016,1182,1,0.0007500518
Warm C,419068,2529,2528,2016,1182,0,0.0016112095
Warm C,719067,4305,4304,2016,1182,0,-0.006875669
Warm C,137020,881,880,2016,1182,0,-0.0028743553
Warm C,63506,424,423,2016,1182,1,-0.006312274
Warm C,336473,1980,1979,2016,1182,0,0.00864774
Warm C,559504,3436,3435,2016,1182,0,-0.00060992106
Warm C,145970,937,936,2016,1182,1,-0.007176052
Warm C,62165,419,418,2016,1182,0,0.008540796
Warm C,503913,3096,3095,2017,1183,1,0.00097643887
Warm C,797878,4784,4783,2017,1183,1,0.007072422
Warm C,493072,3029,3028,2017,1183,1,0.008554942
Warm C,491861,3025,3024,2017,1183,0,0.002717025
Warm C,487639,2999,2998,2017,1183,0,0.0061290083
Warm C,769175,4579,4578,2017,1183,0,0.017435502
Warm C,530100,3272,3271,2017,1183,1,0.0052917777
Warm C,478356,2934,2933,2017,1183,0,0.009723979
Warm C,697886,4169,4168,2017,1183,0,0.010586337
Warm C,467149,2878,2877,2017,1183,0,-0.0028961254
Warm C,442506,2724,2723,2017,1183,0,0.011372403
Warm C,440853,2699,2698,2017,1183,1,0.017952539
Warm C,430626,2624,2623,2017,1183,1,0.0038717226
Warm C,427899,2599,2598,2017,1183,0,-0.0014220409
Warm C,422395,2558,2557,2017,1183,1,0.0026421621
Warm C,421920,2551,2550,2017,1183,0,0.009669465
Warm C,419070,2529,2528,2017,1183,0,1.2227916e-05
Warm C,427140,2592,2591,2017,1183,0,0.009848736
Warm C,414175,2492,2491,2017,1183,0,0.0041968166
Warm C,421430,2545,2544,2017,1183,0,-0.007033713
Warm C,407907,2452,2451,2017,1183,0,0.005028688
Warm C,408822,2454,2453,2017,1183,0,0.008651234
Warm C,396538,2346,2345,2017,1183,0,0.010882372
Warm C,394679,2329,2328,2017,1183,0,-0.0019748784
Warm C,655975,3952,3951,2017,1183,1,0.008432007
Warm C,383523,2241,2240,2017,1183,0,-0.0110281985
Warm C,383842,2242,2241,2017,1183,1,0.007751151
Warm C,373636,2180,2179,2017,1183,0,0.00577493
Warm C,357095,2091,2090,2017,1183,0,-0.00631963
Warm C,356596,2088,2087,2017,1183,0,0.0115979165
Warm C,343266,2016,2015,2017,1183,0,0.013692173
Warm C,339810,2003,2002,2017,1183,1,0.0019821138
Warm C,336475,1980,1979,2017,1183,1,0.0013124502
Warm C,300776,1781,1780,2017,1183,0,0.007218902
Warm C,293457,1747,1746,2017,1183,0,-0.0026129866
Warm C,289074,1726,1725,2017,1183,0,0.0044746133
Warm C,281731,1689,1688,2017,1183,0,-0.0028632076
Warm C,259173,1586,1585,2017,1183,0,0.003437028
Warm C,227381,1377,1376,2017,1183,0,0.008939098
Warm C,320414,1899,1898,2017,1183,0,0.020502545
Warm C,218172,1322,1321,2017,1183,0,0.0051225964
Warm C,318222,1890,1889,2017,1183,0,-0.008042345
Warm C,217421,1317,1316,2017,1183,1,0.00046888692
Warm C,405169,2424,2423,2017,1183,1,0.018754568
Warm C,278092,1676,1675,2017,1183,1,0.0074622054
Warm C,592259,3610,3609,2017,1183,0,0.004897609
Warm C,328858,1941,1940,2017,1183,1,0.010686604
Warm C,185895,1150,1149,2017,1183,1,0.007483038
Warm C,177735,1119,1118,2017,1183,0,0.013100341
Warm C,174799,1106,1105,2017,1183,1,0.0077691115
Warm C,346450,2030,2029,2017,1183,0,0.011277021
Warm C,191595,1181,1180,2017,1183,0,0.009386779
Warm C,168129,1068,1067,2017,1183,0,0.005893738
Warm C,158780,1015,1014,2017,1183,0,0.0058392347
Warm C,337284,1983,1982,2017,1183,1,0.005721039
Warm C,347564,2038,2037,2017,1183,0,0.0064189965
Warm C,128804,836,835,2017,1183,1,0.0020385361
Warm C,127437,822,821,2017,1183,0,0.004515386
Warm C,124040,798,797,2017,1183,0,0.013066031
Warm C,118779,767,766,2017,1183,0,0.01179138
Warm C,126389,816,815,2017,1183,1,0.0063551795
Warm C,112759,731,730,2017,1183,0,0.002565237
Warm C,178457,1120,1119,2017,1183,0,0.004922144
Warm C,99376,662,661,2017,1183,0,0.00748746
Warm C,425847,2583,2582,2017,1183,0,0.005036257
Warm C,211475,1285,1284,2017,1183,0,0.010713842
Warm C,86285,563,562,2017,1183,0,-0.008191345
Warm C,85882,560,559,2017,1183,1,0.0034979803
Warm C,396998,2350,2349,2017,1183,0,-0.0025567552
Warm C,84612,550,549,2017,1183,0,-0.0014677076
Warm C,76220,517,516,2017,1183,0,0.006229908
Warm C,65010,436,435,2017,1183,1,0.002320383
Warm C,63508,424,423,2017,1183,1,0.0071422327
Warm C,41974,284,283,2017,1183,0,0.0072980262
Warm C,73861,500,499,2017,1183,0,0.007496532
Warm C,99138,660,659,2017,1183,0,0.0046670344
Warm C,249076,1501,1500,2017,1183,0,0.006671433
Warm C,86890,566,565,2017,1183,0,0.0125688985
Warm C,10836,78,77,2017,1183,1,0.008563489
Warm C,7985,53,52,2017,1183,0,-0.0034722043
Warm C,492,6,5,2017,1183,0,-0.00039326889
Warm C,223854,1354,1353,2017,1183,0,0.0125598665
Warm C,60960,411,410,2017,1183,0,0.005338978
Warm C,95628,639,638,2017,1183,0,-0.0031307137
Warm C,552726,3401,3400,2017,1183,0,0.004766921
Warm C,141251,910,909,2017,1183,0,0.0032672219
Warm C,12164,92,91,2017,1183,1,0.0059446376
Warm C,164947,1051,1050,2017,1183,1,0.005205812
Warm C,928067,5605,5604,2017,1183,0,0.0005097656
Warm C,830032,4983,4982,2017,1183,1,-0.0017979505
Warm C,50701,333,332,2017,1183,0,-0.0012170859
Warm C,454775,2796,2795,2017,1183,0,0.002441114
Warm C,6101,44,43,2017,1183,0,0.012293113
Warm C,235342,1425,1424,2017,1183,0,0.013186503
Warm C,893538,5394,5393,2017,1183,0,0.015182158
Warm C,657728,3963,3962,2017,1183,0,0.015413173
Warm C,832068,5001,5000,2017,1183,1,0.0012656036
Warm C,183393,1141,1140,2017,1183,0,0.0069739
Warm C,714256,4277,4276,2017,1183,1,-0.0020543677
Warm C,753593,4489,4488,2017,1183,0,0.012382965
Warm C,174397,1101,1100,2017,1183,1,-0.0020724172
Warm C,489818,3013,3012,2017,1183,0,-0.005269683
Warm C,519851,3207,3206,2024,1190,1,0.003316442
Warm C,511727,3157,3156,2024,1190,0,0.010670985
Warm C,506964,3118,3117,2024,1190,1,0.01552885
Warm C,501957,3081,3080,2024,1190,0,0.006640343
Warm C,903082,5458,5457,2024,1190,1,0.005232998
Warm C,491720,3024,3023,2024,1190,0,0.0044780048
Warm C,485399,2986,2985,2024,1190,0,0.008063977
Warm C,546251,3367,3366,2024,1190,1,0.0062048105
Warm C,482958,2967,2966,2024,1190,0,-0.0013289643
Warm C,478364,2934,2933,2024,1190,0,0.008368823
Warm C,796420,4771,4770,2024,1190,0,0.011689278
Warm C,459015,2825,2824,2024,1190,1,0.0029568905
Warm C,458370,2820,2819,2024,1190,1,0.0070515517
Warm C,441844,2715,2714,2024,1190,0,0.008285002
Warm C,697907,4169,4168,2024,1190,1,0.0073778788
Warm C,438057,2676,2675,2024,1190,1,0.0036768944
Warm C,433846,2643,2642,2024,1190,0,0.0020873928
Warm C,424082,2570,2569,2024,1190,1,0.008210514
Warm C,399316,2376,2375,2024,1190,1,-0.0021191426
Warm C,400594,2383,2382,2024,1190,0,0.007046796
Warm C,390484,2290,2289,2024,1190,0,0.0030048494
Warm C,385469,2251,2250,2024,1190,0,0.0073072733
Warm C,379287,2215,2214,2024,1190,0,-0.0004675195
Warm C,379813,2221,2220,2024,1190,1,0.0073043006
Warm C,379616,2219,2218,2024,1190,0,0.01004374
Warm C,373099,2178,2177,2024,1190,1,0.005157268
Warm C,714276,4277,4276,2024,1190,0,0.0020180822
Warm C,343837,2018,2017,2024,1190,0,0.0032015597
Warm C,351105,2060,2059,2024,1190,0,-0.0036556153
Warm C,336498,1980,1979,2024,1190,1,0.0056600003
Warm C,304515,1810,1809,2024,1190,1,0.0009766099
Warm C,298248,1767,1766,2024,1190,0,0.008508481
Warm C,302365,1794,1793,2024,1190,0,0.0053840172
Warm C,282834,1694,1693,2024,1190,0,0.006279121
Warm C,273557,1648,1647,2024,1190,1,0.0008807994
Warm C,255839,1559,1558,2024,1190,1,0.0049923826
Warm C,317136,1884,1883,2024,1190,0,0.0053672325
Warm C,232065,1407,1406,2024,1190,1,0.0071274885
Warm C,325655,1926,1925,2024,1190,1,0.0036783703
Warm C,320431,1899,1898,2024,1190,0,0.008800041
Warm C,296664,1758,1757,2024,1190,1,0.007398584
Warm C,209826,1281,1280,2024,1190,0,-0.001068265
Warm C,206157,1264,1263,2024,1190,0,0.010478302
Warm C,202764,1244,1243,2024,1190,1,0.005085158
Warm C,280147,1680,1679,2024,1190,1,0.0034875004
Warm C,338437,1988,1987,2024,1190,0,0.006035808
Warm C,185918,1150,1149,2024,1190,0,0.007149662
Warm C,180530,1128,1127,2024,1190,0,0.0076419506
Warm C,177745,1119,1118,2024,1190,1,-0.0001167329
Warm C,169340,1074,1073,2024,1190,0,0.0029664114
Warm C,168751,1069,1068,2024,1190,1,-0.0018770525
Warm C,165389,1053,1052,2024,1190,0,0.0056111924
Warm C,195832,1203,1202,2024,1190,0,0.008735108
Warm C,158803,1015,1014,2024,1190,1,0.0028731078
Warm C,150148,966,965,2024,1190,1,0.0047456017
Warm C,142557,919,918,2024,1190,0,0.007479549
Warm C,138983,889,888,2024,1190,0,0.0052587306
Warm C,141755,911,910,2024,1190,1,0.0031323368
Warm C,380550,2223,2222,2024,1190,0,0.0009955647
Warm C,130343,844,843,2024,1190,1,0.0014237526
Warm C,116704,752,751,2024,1190,0,0.010223208
Warm C,132772,855,854,2024,1190,1,0.005800495
Warm C,111947,728,727,2024,1190,0,-0.0019528815
Warm C,108406,710,709,2024,1190,0,0.012360516
Warm C,107398,706,705,2024,1190,0,0.006480923
Warm C,105332,696,695,2024,1190,0,-0.0035869705
Warm C,284626,1698,1697,2024,1190,1,-0.000365898
Warm C,83654,549,548,2024,1190,1,0.0022024978
Warm C,250546,1509,1508,2024,1190,1,0.009648562
Warm C,204823,1260,1259,2024,1190,0,0.0039055427
Warm C,63527,424,423,2024,1190,1,0.0126915295
Warm C,201849,1242,1241,2024,1190,0,0.0022669034
Warm C,288680,1724,1723,2024,1190,0,0.003312632
Warm C,33699,225,224,2024,1190,1,0.008192623
Warm C,291777,1737,1736,2024,1190,1,0.004976841
Warm C,26592,187,186,2024,1190,1,-0.00016359368
Warm C,10880,79,78,2024,1190,1,0.006773313
Warm C,50392,331,330,2024,1190,1,0.0048879953
Warm C,432952,2638,2637,2024,1190,0,0.004653069
Warm C,688667,4118,4117,2024,1190,1,0.010167527
Warm C,460913,2841,2840,2024,1190,1,0.007006366
Warm C,883558,5333,5332,2024,1190,0,0.01277465
Warm C,102747,678,677,2024,1190,1,0.016741153
Warm C,145155,934,933,2024,1190,0,0.007373052
Warm C,322815,1912,1911,2024,1190,0,0.005190262
Warm C,287917,1717,1716,2024,1190,1,0.0042471867
Warm C,841635,5054,5053,2024,1190,0,0.0017225617
Warm C,937786,5657,5656,2024,1190,1,0.0013682721
Warm C,517172,3191,3190,2026,1192,0,0.004245447
Warm C,507381,3121,3120,2026,1192,0,0.01142499
Warm C,654438,3942,3941,2026,1192,0,0.013648203
Warm C,496034,3046,3045,2026,1192,0,0.008004377
Warm C,488047,3001,3000,2026,1192,0,0.002684309
Warm C,518038,3196,3195,2026,1192,1,0.009057679
Warm C,493638,3031,3030,2026,1192,0,0.010221767
Warm C,530120,3272,3271,2026,1192,0,0.0063261627
Warm C,463703,2857,2856,2026,1192,0,0.010416908
Warm C,460478,2840,2839,2026,1192,0,0.002386544
Warm C,461705,2847,2846,2026,1192,0,0.003924037
Warm C,540879,3327,3326,2026,1192,0,0.005561105
Warm C,451287,2777,2776,2026,1192,0,0.013250977
Warm C,564834,3471,3470,2026,1192,0,0.006394347
Warm C,426669,2590,2589,2026,1192,0,-0.003292323
Warm C,405595,2429,2428,2026,1192,0,0.0037544118
Warm C,378071,2205,2204,2026,1192,0,0.009382676
Warm C,371888,2172,2171,2026,1192,0,0.006162338
Warm C,374527,2181,2180,2026,1192,0,-0.0038313353
Warm C,368672,2155,2154,2026,1192,1,-4.3462496e-05
Warm C,363518,2116,2115,2026,1192,0,0.017984567
Warm C,358688,2098,2097,2026,1192,0,0.0071321893
Warm C,375776,2188,2187,2026,1192,0,0.01177005
Warm C,344504,2021,2020,2026,1192,1,0.0022978298
Warm C,341034,2010,2009,2026,1192,0,0.010387002
Warm C,323540,1919,1918,2026,1192,0,-0.00309293
Warm C,306005,1820,1819,2026,1192,0,0.010903984
Warm C,297811,1764,1763,2026,1192,1,0.0043439083
Warm C,280151,1680,1679,2026,1192,0,0.0053434037
Warm C,277254,1675,1674,2026,1192,0,0.01365753
Warm C,278111,1676,1675,2026,1192,1,0.012980126
Warm C,271588,1641,1640,2026,1192,0,0.011255344
Warm C,267706,1626,1625,2026,1192,0,0.01327445
Warm C,361208,2106,2105,2026,1192,0,0.010294698
Warm C,231260,1399,1398,2026,1192,0,0.0152151305
Warm C,224584,1357,1356,2026,1192,0,0.0055373125
Warm C,221948,1342,1341,2026,1192,0,0.011248531
Warm C,221856,1341,1340,2026,1192,0,0.0055922926
Warm C,214190,1300,1299,2026,1192,0,-0.00029035658
Warm C,214016,1299,1298,2026,1192,0,-0.0032355809
Warm C,250548,1509,1508,2026,1192,0,0.013052016
Warm C,196825,1207,1206,2026,1192,0,0.0017507102
Warm C,342920,2015,2014,2026,1192,0,0.0055778464
Warm C,328889,1941,1940,2026,1192,0,0.012720248
Warm C,307813,1835,1834,2026,1192,0,0.017543077
Warm C,175123,1109,1108,2026,1192,0,0.0073025296
Warm C,184190,1146,1145,2026,1192,0,0.011510087
Warm C,168142,1068,1067,2026,1192,0,0.009596003
Warm C,159513,1017,1016,2026,1192,0,0.009297012
Warm C,158805,1015,1014,2026,1192,0,0.011764273
Warm C,145645,936,935,2026,1192,0,-0.006860189
Warm C,134706,869,868,2026,1192,1,0.014631579
Warm C,133265,859,858,2026,1192,0,0.008727623
Warm C,352492,2063,2062,2026,1192,0,0.0021285326
Warm C,138987,889,888,2026,1192,0,0.013756514
Warm C,126794,817,816,2026,1192,0,0.0028104042
Warm C,125694,808,807,2026,1192,0,0.013590544
Warm C,115054,746,745,2026,1192,1,0.0044569513
Warm C,119628,770,769,2026,1192,0,0.0013446223
Warm C,117736,757,756,2026,1192,0,0.0015217913
Warm C,108407,710,709,2026,1192,0,0.011372826
Warm C,106404,699,698,2026,1192,0,0.0072250967
Warm C,116707,752,751,2026,1192,0,0.011145316
Warm C,100387,669,668,2026,1192,1,0.008886155
Warm C,113513,735,734,2026,1192,0,0.008979756
Warm C,97424,652,651,2026,1192,0,0.007486425
Warm C,631910,3821,3820,2026,1192,0,0.011386743
Warm C,91714,608,607,2026,1192,1,0.010332563
Warm C,82012,543,542,2026,1192,1,0.0135818655
Warm C,82564,548,547,2026,1192,0,-0.0066978475
Warm C,75181,509,508,2026,1192,0,0.022750048
Warm C,51239,337,336,2026,1192,0,0.0024615643
Warm C,48051,321,320,2026,1192,0,-0.003762567
Warm C,132775,855,854,2026,1192,0,0.0036294274
Warm C,111133,721,720,2026,1192,0,0.017411614
Warm C,30130,202,201,2026,1192,1,0.012804363
Warm C,23284,166,165,2026,1192,0,0.006241675
Warm C,22736,163,162,2026,1192,0,0.01923145
Warm C,14696,117,116,2026,1192,0,0.0021223903
Warm C,290639,1733,1732,2026,1192,0,0.007713897
Warm C,627178,3792,3791,2026,1192,0,0.0019037013
Warm C,56142,372,371,2026,1192,1,0.005867593
Warm C,682859,4085,4084,2026,1192,0,0.01057279
Warm C,265362,1611,1610,2026,1192,0,0.01003679
Warm C,102749,678,677,2026,1192,0,0.011071093
Warm C,164964,1051,1050,2026,1192,0,0.013957281
Warm C,760876,4520,4519,2026,1192,0,0.0029432094
Warm C,263785,1605,1604,2026,1192,0,0.00060506456
Warm C,599562,3648,3647,2026,1192,0,0.013489107
Warm C,499819,3067,3066,2026,1192,0,0.015168395
Warm C,907904,5492,5491,2026,1192,0,0.020220304
Warm C,454785,2796,2795,2026,1192,0,0.0014539657
Warm C,28485,195,194,2026,1192,0,-0.0003139351
Warm C,497785,3055,3054,2026,1192,0,-0.0005413244
Warm C,137288,884,883,2026,1192,1,-0.0032171435
Warm C,785874,4697,4696,2026,1192,1,0.012388062
Warm C,44838,302,301,2026,1192,0,0.008266956
Warm C,172209,1088,1087,2026,1192,0,-0.0010142024
Warm C,941862,5682,5681,2026,1192,0,0.012254724
Warm C,179896,1125,1124,2026,1192,0,0.00739343
Warm C,550732,3391,3390,2026,1192,0,0.016638635
Warm C,400595,2383,2382,2027,1193,0,0.02114485
Warm C,399634,2378,2377,2027,1193,0,0.0073506003
Warm C,392626,2304,2303,2027,1193,1,0.012911692
Warm C,370605,2166,2165,2027,1193,0,0.016558655
Warm C,352493,2063,2062,2027,1193,0,0.030645674
Warm C,341035,2010,2009,2027,1193,0,0.016991658
Warm C,297813,1764,1763,2027,1193,0,0.011797863
Warm C,281463,1687,1686,2027,1193,0,0.007847666
Warm C,259736,1587,1586,2027,1193,0,0.012869156
Warm C,309405,1841,1840,2027,1193,0,0.018688096
Warm C,247997,1496,1495,2027,1193,0,0.019016732
Warm C,342921,2015,2014,2027,1193,0,0.012166963
Warm C,236532,1434,1433,2027,1193,0,0.0043011243
Warm C,215767,1306,1305,2027,1193,0,0.0132617885
Warm C,280152,1680,1679,2027,1193,0,0.015131044
Warm C,213768,1298,1297,2027,1193,0,0.013918617
Warm C,183403,1141,1140,2027,1193,0,0.02467295
Warm C,170336,1084,1083,2027,1193,0,0.01358665
Warm C,173017,1096,1095,2027,1193,0,0.011684505
Warm C,168143,1068,1067,2027,1193,0,0.013763254
Warm C,328890,1941,1940,2027,1193,0,0.01761932
Warm C,164120,1050,1049,2027,1193,0,0.011489173
Warm C,272449,1645,1644,2027,1193,0,0.017443135
Warm C,249386,1502,1501,2027,1193,0,0.009554334
Warm C,157354,1010,1009,2027,1193,0,0.021583224
Warm C,137038,881,880,2027,1193,0,0.008871291
Warm C,117737,757,756,2027,1193,0,0.008995982
Warm C,112965,732,731,2027,1193,0,0.015894935
Warm C,120671,777,776,2027,1193,0,0.015808985
Warm C,112771,731,730,2027,1193,1,0.018934533
Warm C,108408,710,709,2027,1193,0,0.019360334
Warm C,106405,699,698,2027,1193,0,0.011829888
Warm C,109515,714,713,2027,1193,0,0.011115652
Warm C,480365,2946,2945,2027,1193,0,0.018634504
Warm C,244273,1470,1469,2027,1193,0,0.015766721
Warm C,83660,549,548,2027,1193,0,0.025119534
Warm C,239452,1448,1447,2027,1193,0,0.02066445
Warm C,119629,770,769,2027,1193,1,0.015107717
Warm C,87142,569,568,2027,1193,1,0.0020892927
Warm C,64431,429,428,2027,1193,0,0.017707769
Warm C,57279,386,385,2027,1193,0,0.010327725
Warm C,59549,403,402,2027,1193,1,0.022815242
Warm C,40591,272,271,2027,1193,0,0.026979763
Warm C,35948,242,241,2027,1193,0,0.014292974
Warm C,31593,214,213,2027,1193,0,0.01061648
Warm C,240670,1449,1448,2027,1193,0,0.022202056
Warm C,30132,202,201,2027,1193,0,0.017823664
Warm C,219365,1329,1328,2027,1193,0,0.021163836
Warm C,49721,329,328,2027,1193,0,0.013410099
Warm C,28487,195,194,2027,1193,0,0.022559445
Warm C,5577,39,38,2027,1193,0,0.010902337
Warm C,104634,692,691,2027,1193,0,0.011800145
Warm C,697912,4169,4168,2027,1193,0,0.02185018
Warm C,50394,331,330,2027,1193,0,0.010061324
Warm C,238407,1447,1446,2027,1193,0,0.02185409
Warm C,371178,2168,2167,2027,1193,1,0.018350879
Warm C,58244,392,391,2027,1193,0,0.016698632
Warm C,363519,2116,2115,2027,1193,0,0.013046857
Warm C,102750,678,677,2027,1193,0,0.015291374
Warm C,11712,90,89,2027,1193,0,0.0043761358
Warm C,79827,531,530,2027,1193,0,0.01371895
Warm C,183687,1142,1141,2027,1193,1,0.017749293
Warm C,72440,482,481,2027,1193,0,0.017641162
Warm C,458797,2824,2823,2027,1193,0,0.010548343
Warm C,700115,4186,4185,2027,1193,0,0.018994782
Warm C,860416,5172,5171,2027,1193,0,0.01797625
Warm C,193967,1194,1193,2027,1193,0,0.01871989
Warm C,719076,4305,4304,2027,1193,0,0.010227477
Warm C,427398,2594,2593,2027,1193,0,0.0066673476
Warm C,102753,678,677,2029,1195,1,0.0063252794
Warm C,363522,2116,2115,2029,1195,1,0.0006194934
Warm C,235361,1425,1424,2029,1195,1,0.0030396138
Warm C,697916,4169,4168,2029,1195,1,0.01850319
Warm C,90846,601,600,2029,1195,1,0.010488374
Warm C,75188,509,508,2029,1195,1,0.0027762784
Warm C,155541,1001,1000,2029,1195,0,0.016320378
Warm C,60983,411,410,2029,1195,0,0.0124312
Warm C,49725,329,328,2029,1195,0,0.010794076
Warm C,389,5,4,2029,1195,1,0.007825904
Warm C,508372,3128,3127,2029,1195,0,0.014864454
Warm C,116712,752,751,2029,1195,1,0.013716688
Warm C,893551,5394,5393,2029,1195,1,0.0085671665
Warm C,276537,1671,1670,2029,1195,1,0.010407155
Warm C,841639,5054,5053,2029,1195,0,0.021034261
Warm C,263790,1605,1604,2029,1195,1,0.009599885
Warm C,164133,1050,1049,2036,1197,0,0.009496158
Warm C,227753,1380,1379,2036,1197,0,0.013785974
Warm C,342941,2015,2014,2036,1197,0,-0.0008204406
Warm C,137057,881,880,2036,1197,0,0.008892714
Warm C,134825,871,870,2036,1197,0,0.004282617
Warm C,127448,822,821,2036,1197,1,0.006328915
Warm C,263805,1605,1604,2036,1197,0,0.013267107
Warm C,125255,804,803,2036,1197,0,0.013911649
Warm C,118787,767,766,2036,1197,0,0.009796665
Warm C,216545,1314,1313,2036,1197,0,-0.00055505196
Warm C,106417,699,698,2036,1197,0,0.002711935
Warm C,179903,1125,1124,2036,1197,1,0.006714462
Warm C,109520,714,713,2036,1197,1,0.0023717913
Warm C,361220,2106,2105,2036,1197,0,0.009444763
Warm C,299902,1778,1777,2036,1197,0,0.0110727325
Warm C,119646,770,769,2036,1197,0,0.017049827
Warm C,87144,569,568,2036,1197,0,-0.011202406
Warm C,61661,414,413,2036,1197,0,0.004054737
Warm C,46553,310,309,2036,1197,0,0.009840467
Warm C,44866,302,301,2036,1197,0,0.014778897
Warm C,38443,261,260,2036,1197,0,0.008562658
Warm C,240701,1449,1448,2036,1197,0,0.015823677
Warm C,300062,1779,1778,2036,1197,0,0.0054653673
Warm C,79842,531,530,2036,1197,0,0.009106983
Warm C,10579,75,74,2036,1197,1,0.014392003
Warm C,355277,2077,2076,2036,1197,0,0.010589295
Warm C,65662,438,437,2036,1197,0,0.0038400474
Warm C,238430,1447,1446,2036,1197,0,0.015109928
Warm C,363534,2116,2115,2036,1197,0,0.0066272095
Warm C,272457,1645,1644,2036,1197,0,0.0018994315
Warm C,172234,1088,1087,2036,1197,0,0.005510806
Warm C,717137,4294,4293,2036,1197,0,0.0023556587
Warm C,235372,1425,1424,2036,1197,0,0.008970887
Warm C,352521,2063,2062,2036,1197,0,0.008633103
Warm C,877575,5302,5301,2036,1197,0,0.006632085
Warm C,461717,2847,2846,2036,1197,0,0.00740309
Warm C,703550,4218,4217,2038,1198,0,0.004332616
Warm C,700129,4186,4185,2038,1198,0,0.007289885
Warm C,690508,4131,4130,2038,1198,1,0.005454884
Warm C,707624,4238,4237,2038,1198,0,0.020529754
Warm C,677306,4058,4057,2038,1198,0,0.018247157
Warm C,674536,4048,4047,2038,1198,0,0.0065573235
Warm C,676330,4054,4053,2038,1198,0,0.018875416
Warm C,673492,4042,4041,2038,1198,0,0.013746525
Warm C,668854,4021,4020,2038,1198,0,0.003572287
Warm C,663655,3998,3997,2038,1198,0,0.0138534745
Warm C,650693,3923,3922,2038,1198,0,0.010555774
Warm C,645551,3885,3884,2038,1198,0,0.010472993
Warm C,761688,4523,4522,2038,1198,0,0.014435543
Warm C,647918,3900,3899,2038,1198,1,0.009615164
Warm C,640308,3848,3847,2038,1198,0,0.010094362
Warm C,627802,3799,3798,2038,1198,1,0.006324915
Warm C,625806,3783,3782,2038,1198,0,-0.0025845354
Warm C,622484,3768,3767,2038,1198,0,0.0119017605
Warm C,618137,3745,3744,2038,1198,0,-0.0017359304
Warm C,615059,3724,3723,2038,1198,0,0.007599727
Warm C,613079,3715,3714,2038,1198,1,0.0025631147
Warm C,726858,4345,4344,2038,1198,0,0.0086931065
Warm C,637188,3836,3835,2038,1198,1,0.011563161
Warm C,726261,4344,4343,2038,1198,0,0.016622985
Warm C,601348,3654,3653,2038,1198,0,-0.0049428046
Warm C,595972,3624,3623,2038,1198,1,0.004847216
Warm C,592501,3611,3610,2038,1198,0,0.005117093
Warm C,595431,3621,3620,2038,1198,0,0.008903582
Warm C,759480,4510,4509,2038,1198,1,0.017486181
Warm C,574389,3516,3515,2038,1198,1,0.011098862
Warm C,579878,3539,3538,2038,1198,0,0.008619181
Warm C,551466,3395,3394,2038,1198,1,0.00153162
Warm C,550758,3391,3390,2038,1198,0,0.014033738
Warm C,554684,3411,3410,2038,1198,0,0.0097453
Warm C,547692,3378,3377,2038,1198,0,0.012062949
Warm C,541568,3332,3331,2038,1198,0,0.009853833
Warm C,897069,5424,5423,2038,1198,0,0.007219727
Warm C,512257,3159,3158,2038,1198,0,0.005640859
Warm C,513284,3163,3162,2038,1198,1,0.012388706
Warm C,509610,3138,3137,2038,1198,0,0.009175672
Warm C,523114,3224,3223,2038,1198,0,0.0044229953
Warm C,633768,3824,3823,2038,1198,0,0.009160568
Warm C,489843,3013,3012,2038,1198,0,0.013886493
Warm C,487646,2999,2998,2038,1198,0,-0.00046951044
Warm C,479420,2941,2940,2038,1198,0,0.0210246
Warm C,476015,2921,2920,2038,1198,0,0.012059563
Warm C,461940,2848,2847,2038,1198,1,0.010270484
Warm C,459322,2827,2826,2038,1198,0,0.00873639
Warm C,421926,2551,2550,2038,1198,0,-0.0021789833
Warm C,419113,2529,2528,2038,1198,1,0.0068024206
Warm C,415182,2499,2498,2038,1198,0,0.01294491
Warm C,410233,2460,2459,2038,1198,0,0.010129927
Warm C,396446,2344,2343,2038,1198,0,-0.0006531081
Warm C,403836,2411,2410,2038,1198,0,-0.00084500504
Warm C,370824,2167,2166,2038,1198,0,-0.0015967815
Warm C,368982,2156,2155,2038,1198,0,0.011908428
Warm C,367598,2145,2144,2038,1198,1,0.005023362
Warm C,366748,2137,2136,2038,1198,1,0.0107276235
Warm C,362033,2109,2108,2038,1198,0,0.0048321956
Warm C,354428,2073,2072,2038,1198,0,0.0072767767
Warm C,325676,1926,1925,2038,1198,0,0.010045624
Warm C,292658,1741,1740,2038,1198,0,0.0152863795
Warm C,274921,1665,1664,2038,1198,0,0.014032138
Warm C,361221,2106,2105,2038,1198,0,0.009804277
Warm C,277269,1675,1674,2038,1198,0,0.010302469
Warm C,286372,1709,1708,2038,1198,1,0.008649689
Warm C,261488,1598,1597,2038,1198,0,0.0056152144
Warm C,259755,1587,1586,2038,1198,0,0.0101055745
Warm C,346501,2030,2029,2038,1198,1,0.016136495
Warm C,250859,1513,1512,2038,1198,0,0.009315335
Warm C,236838,1438,1437,2038,1198,0,-0.0025926966
Warm C,363535,2116,2115,2038,1198,0,0.008712844
Warm C,236536,1434,1433,2038,1198,0,0.0043621683
Warm C,224817,1358,1357,2038,1198,0,0.020883348
Warm C,216286,1312,1311,2038,1198,0,-0.004292007
Warm C,405177,2424,2423,2038,1198,0,0.011487301
Warm C,216133,1311,1310,2038,1198,0,0.005013233
Warm C,273404,1647,1646,2038,1198,0,0.016097058
Warm C,280200,1680,1679,2038,1198,1,0.014850976
Warm C,198939,1221,1220,2038,1198,1,0.0047431444
Warm C,196001,1204,1203,2038,1198,1,0.00016912381
Warm C,328933,1941,1940,2038,1198,0,0.012304464
Warm C,183421,1141,1140,2038,1198,1,0.0084955
Warm C,176342,1114,1113,2038,1198,0,0.013245309
Warm C,173911,1100,1099,2038,1198,0,0.0066766804
Warm C,249102,1501,1500,2038,1198,0,0.010429871
Warm C,165397,1053,1052,2038,1198,0,0.012616491
Warm C,161476,1029,1028,2038,1198,1,0.012640063
Warm C,213165,1297,1296,2038,1198,0,0.0075564887
Warm C,436827,2665,2664,2038,1198,0,0.013106742
Warm C,839960,5046,5045,2038,1198,1,0.017508961
Warm C,217461,1317,1316,2038,1198,0,0.023879677
Warm C,134727,869,868,2038,1198,0,0.0054837014
Warm C,130891,849,848,2038,1198,0,0.0052242894
Warm C,305232,1812,1811,2038,1198,0,0.007970942
Warm C,124367,800,799,2038,1198,1,0.01363123
Warm C,122413,789,788,2038,1198,0,0.0009229918
Warm C,122293,788,787,2038,1198,1,0.0122896535
Warm C,120899,779,778,2038,1198,0,0.0033198167
Warm C,118168,764,763,2038,1198,1,0.012513312
Warm C,119647,770,769,2038,1198,0,0.004514698
Warm C,240703,1449,1448,2038,1198,0,0.017447002
Warm C,178489,1120,1119,2038,1198,1,0.0068668793
Warm C,95644,639,638,2038,1198,0,0.0063520363
Warm C,109521,714,713,2038,1198,1,0.0054507363
Warm C,93919,629,628,2038,1198,0,-0.0032246485
Warm C,352523,2063,2062,2038,1198,0,0.011075786
Warm C,90407,597,596,2038,1198,0,0.019800972
Warm C,86304,563,562,2038,1198,0,0.009611049
Warm C,239474,1448,1447,2038,1198,0,0.0007018212
Warm C,66699,445,444,2038,1198,0,0.008751314
Warm C,65015,436,435,2038,1198,0,0.0068102377
Warm C,51044,336,335,2038,1198,1,0.013587488
Warm C,44868,302,301,2038,1198,0,0.010459849
Warm C,332038,1958,1957,2038,1198,0,0.014559539
Warm C,26199,186,185,2038,1198,0,0.006921739
Warm C,27417,192,191,2038,1198,0,0.015809817
Warm C,270338,1635,1634,2038,1198,0,0.02433743
Warm C,18470,145,144,2038,1198,0,0.013447575
Warm C,17683,136,135,2038,1198,1,0.009331588
Warm C,8678,58,57,2038,1198,0,0.011754045
Warm C,8032,53,52,2038,1198,1,0.0048408816
Warm C,24616,173,172,2038,1198,0,0.0034064385
Warm C,661758,3991,3990,2038,1198,1,-0.0010397885
Warm C,130650,846,845,2038,1198,0,0.014345786
Warm C,829331,4979,4978,2038,1198,0,0.017039161
Warm C,12185,92,91,2038,1198,1,0.0020512885
Warm C,272459,1645,1644,2038,1198,1,0.010234784
Warm C,52271,343,342,2038,1198,0,0.017472181
Warm C,102772,678,677,2038,1198,0,0.013532789
Warm C,415406,2501,2500,2038,1198,1,0.011427954
Warm C,489382,3012,3011,2038,1198,0,0.012512882
Warm C,116961,753,752,2038,1198,1,0.019620225
Warm C,137061,881,880,2038,1198,0,0.014318779
Warm C,13372,104,103,2038,1198,0,0.014882364
Warm C,63566,424,423,2038,1198,0,0.008205342
Warm C,230699,1395,1394,2038,1198,0,0.014018875
Warm C,341908,2012,2011,2038,1198,0,0.013415843
Warm C,590594,3602,3601,2040,1199,1,0.0015654054
Warm C,479423,2941,2940,2040,1199,1,-0.0019743429
Warm C,471221,2899,2898,2040,1199,1,-0.0007053177
Warm C,474284,2909,2908,2040,1199,0,0.0040131435
Warm C,466229,2874,2873,2040,1199,0,0.0051228227
Warm C,454152,2793,2792,2040,1199,1,0.00017736759
Warm C,442015,2718,2717,2040,1199,1,-0.001167462
Warm C,442131,2719,2718,2040,1199,0,-0.004158968
Warm C,420054,2537,2536,2040,1199,0,0.0012702174
Warm C,368985,2156,2155,2040,1199,0,0.005152272
Warm C,345244,2024,2023,2040,1199,1,-0.00011170877
Warm C,343283,2016,2015,2040,1199,1,-0.0037333476
Warm C,289608,1727,1726,2040,1199,1,0.0018625709
Warm C,268658,1631,1630,2040,1199,0,-0.0032077206
Warm C,324134,1920,1919,2040,1199,0,-0.0011613622
Warm C,257050,1574,1573,2040,1199,1,0.007009942
Warm C,255843,1559,1558,2040,1199,0,0.0061136363
Warm C,247420,1495,1494,2040,1199,0,0.0033091675
Warm C,336547,1980,1979,2040,1199,0,0.0058249375
Warm C,220158,1333,1332,2040,1199,0,0.00544093
Warm C,280224,1680,1679,2040,1199,0,0.0023704092
Warm C,197114,1209,1208,2040,1199,1,-0.008886853
Warm C,328946,1941,1940,2040,1199,1,0.0015744946
Warm C,177765,1119,1118,2040,1199,0,0.0044775708
Warm C,173916,1100,1099,2040,1199,0,0.004346635
Warm C,249111,1501,1500,2040,1199,1,0.000755487
Warm C,166728,1059,1058,2040,1199,0,-0.0019535548
Warm C,272467,1645,1644,2040,1199,1,0.007821637
Warm C,255702,1556,1555,2040,1199,0,0.001539834
Warm C,162432,1034,1033,2040,1199,0,0.0032813624
Warm C,337321,1983,1982,2040,1199,1,0.0024704048
Warm C,147224,948,947,2040,1199,1,-0.0019383281
Warm C,185974,1150,1149,2040,1199,0,0.0071374215
Warm C,217470,1317,1316,2040,1199,0,0.006855204
Warm C,315746,1880,1879,2040,1199,0,0.00015749293
Warm C,160577,1019,1018,2040,1199,0,0.0058863144
Warm C,93924,629,628,2040,1199,0,-0.0005135862
Warm C,191676,1181,1180,2040,1199,0,0.0077492185
Warm C,234475,1422,1421,2040,1199,0,0.0074414834
Warm C,83705,549,548,2040,1199,1,-0.0013198077
Warm C,119655,770,769,2040,1199,0,0.010905096
Warm C,76234,517,516,2040,1199,0,-0.006116271
Warm C,73211,494,493,2040,1199,1,-0.0013364496
Warm C,70997,476,475,2040,1199,1,0.006475752
Warm C,69276,463,462,2040,1199,0,0.0012334071
Warm C,211546,1285,1284,2040,1199,0,0.003928434
Warm C,36830,245,244,2040,1199,0,0.0046871724
Warm C,32418,216,215,2040,1199,0,0.0024511465
Warm C,360338,2105,2104,2040,1199,0,0.0073201377
Warm C,1188,10,9,2040,1199,1,-0.0040248306
Warm C,482138,2962,2961,2040,1199,0,-0.00065172603
Warm C,39128,264,263,2040,1199,0,0.0024643738
Warm C,552772,3401,3400,2040,1199,0,0.00057193544
Warm C,334141,1969,1968,2040,1199,1,0.005643028
Warm C,240720,1449,1448,2040,1199,0,0.0022320505
Warm C,273411,1647,1646,2040,1199,0,0.000109003624
Warm C,106426,699,698,2040,1199,0,0.00055621844
Warm C,633778,3824,3823,2040,1199,0,0.0070960987
Warm C,879537,5312,5311,2040,1199,1,0.011119574
Warm C,130075,840,839,2040,1199,1,0.0037458371
Warm C,134737,869,868,2040,1199,0,-0.00038849888
Warm C,599580,3648,3647,2040,1199,0,-0.0023240326
Warm C,178495,1120,1119,2040,1199,1,0.00095036114
Warm C,376511,2195,2194,2040,1199,0,0.0023534996
Warm C,700135,4186,4185,2040,1199,1,0.0014948505
Warm C,936775,5650,5649,2040,1199,0,-0.0014702512
Warm C,410586,2462,2461,2040,1199,0,0.008812146
Warm C,13211,102,101,2040,1199,1,0.0043351157
Warm C,586576,3579,3578,2041,1200,0,0.0031632576
Warm C,577663,3526,3525,2041,1200,0,0.0023262412
Warm C,570538,3499,3498,2041,1200,0,0.0010174299
Warm C,549363,3389,3388,2041,1200,0,0.009727882
Warm C,645564,3885,3884,2041,1200,0,0.013231881
Warm C,550774,3391,3390,2041,1200,0,0.01028092
Warm C,537626,3311,3310,2041,1200,0,0.0016500958
Warm C,531559,3281,3280,2041,1200,1,0.010605064
Warm C,584926,3569,3568,2041,1200,0,0.007992303
Warm C,513292,3163,3162,2041,1200,1,0.0031505509
Warm C,606157,3681,3680,2041,1200,0,0.0058026137
Warm C,785520,4691,4690,2041,1200,1,0.005835148
Warm C,506106,3112,3111,2041,1200,1,0.0007266201
Warm C,597104,3628,3627,2041,1200,0,0.004358504
Warm C,493656,3031,3030,2041,1200,1,0.011808619
Warm C,480623,2949,2948,2041,1200,0,-0.00048205745
Warm C,467580,2881,2880,2041,1200,0,0.007509832
Warm C,445039,2744,2743,2041,1200,0,0.0055628987
Warm C,441559,2708,2707,2041,1200,1,0.0053056255
Warm C,433036,2640,2639,2041,1200,1,0.0069223093
Warm C,423963,2568,2567,2041,1200,0,-0.00019078376
Warm C,417759,2522,2521,2041,1200,0,0.004693337
Warm C,411374,2469,2468,2041,1200,1,0.005109378
Warm C,407092,2445,2444,2041,1200,0,0.0034380676
Warm C,396448,2344,2343,2041,1200,0,0.0041625192
Warm C,388494,2273,2272,2041,1200,1,-0.0020976448
Warm C,310957,1851,1850,2041,1200,0,0.0010335484
Warm C,311419,1854,1853,2041,1200,1,0.004153838
Warm C,291805,1737,1736,2041,1200,0,0.008449156
Warm C,289097,1726,1725,2041,1200,0,0.010382711
Warm C,273564,1648,1647,2041,1200,0,0.0012742335
Warm C,270347,1635,1634,2041,1200,0,0.014587311
Warm C,252307,1528,1527,2041,1200,1,0.002369369
Warm C,346510,2030,2029,2041,1200,0,0.007142132
Warm C,227409,1377,1376,2041,1200,0,0.0068390905
Warm C,280225,1680,1679,2041,1200,1,0.0108073335
Warm C,309041,1837,1836,2041,1200,0,0.016139831
Warm C,196003,1204,1203,2041,1200,0,0.009308577
Warm C,298635,1772,1771,2041,1200,0,0.0051858444
Warm C,183425,1141,1140,2041,1200,0,0.013559927
Warm C,203394,1246,1245,2041,1200,1,0.0041214162
Warm C,180557,1128,1127,2041,1200,0,-0.00037916657
Warm C,176344,1114,1113,2041,1200,0,0.010550773
Warm C,173917,1100,1099,2041,1200,0,0.0029983534
Warm C,165401,1053,1052,2041,1200,0,0.0051525286
Warm C,166218,1058,1057,2041,1200,0,0.004131153
Warm C,156125,1004,1003,2041,1200,0,0.01784432
Warm C,151101,971,970,2041,1200,1,0.0068837656
Warm C,185975,1150,1149,2041,1200,0,0.0062062563
Warm C,245387,1482,1481,2041,1200,0,0.0036218497
Warm C,277272,1675,1674,2041,1200,0,0.004874952
Warm C,134738,869,868,2041,1200,0,0.015316957
Warm C,147600,949,948,2041,1200,0,0.0070719016
Warm C,475866,2919,2918,2041,1200,0,0.0104510365
Warm C,108862,712,711,2041,1200,0,0.0017430518
Warm C,267398,1624,1623,2041,1200,0,0.0029216823
Warm C,95651,639,638,2041,1200,0,0.005709762
Warm C,85382,556,555,2041,1200,1,0.008329243
Warm C,74491,508,507,2041,1200,0,0.0009760561
Warm C,80490,533,532,2041,1200,0,0.014994651
Warm C,44879,302,301,2041,1200,0,0.013007363
Warm C,313069,1865,1864,2041,1200,0,0.0036850383
Warm C,178496,1120,1119,2041,1200,0,0.0155038675
Warm C,32419,216,215,2041,1200,0,-0.0004221173
Warm C,29414,200,199,2041,1200,1,-0.0083554415
Warm C,25291,178,177,2041,1200,0,0.005317197
Warm C,482140,2962,2961,2041,1200,0,0.009384523
Warm C,20995,151,150,2041,1200,1,0.007032136
Warm C,8048,53,52,2041,1200,0,0.004373111
Warm C,63579,424,423,2041,1200,1,0.008076346
Warm C,1189,10,9,2041,1200,0,0.0015227564
Warm C,19698,148,147,2041,1200,1,0.005154241
Warm C,530369,3274,3273,2041,1200,0,0.012070335
Warm C,432977,2638,2637,2041,1200,0,-5.3479336e-05
Warm C,240721,1449,1448,2041,1200,0,0.0036952589
Warm C,893570,5394,5393,2041,1200,0,0.0043547004
Warm C,54679,355,354,2041,1200,0,0.0048899734
Warm C,483337,2969,2968,2041,1200,0,0.008274054
Warm C,273412,1647,1646,2041,1200,0,0.009430806
Warm C,305236,1812,1811,2041,1200,0,0.008357116
Warm C,419123,2529,2528,2041,1200,0,0.010503399
Warm C,256006,1560,1559,2041,1200,0,0.003011717
Warm C,137068,881,880,2041,1200,0,0.00814049
Warm C,934093,5636,5635,2041,1200,0,0.009885156
Warm C,484708,2985,2984,2041,1200,1,0.0069642183
Warm C,992792,5996,5995,2042,1201,1,0.010467018
Warm C,608486,3690,3689,2042,1201,0,0.009244094
Warm C,603143,3669,3668,2042,1201,0,0.01515118
Warm C,592296,3610,3609,2042,1201,0,0.018406296
Warm C,590346,3600,3599,2042,1201,0,0.009749724
Warm C,568177,3486,3485,2042,1201,1,0.0073944107
Warm C,573748,3512,3511,2042,1201,1,0.018270414
Warm C,573067,3509,3508,2042,1201,0,0.009493316
Warm C,658618,3967,3966,2042,1201,0,-0.0005791499
Warm C,550775,3391,3390,2042,1201,0,0.016306777
Warm C,553109,3402,3401,2042,1201,1,0.0055226553
Warm C,547695,3378,3377,2042,1201,1,0.013776846
Warm C,541166,3328,3327,2042,1201,0,0.014503084
Warm C,537627,3311,3310,2042,1201,0,0.0098246075
Warm C,536373,3308,3307,2042,1201,0,0.015411688
Warm C,530146,3272,3271,2042,1201,0,0.011301857
Warm C,540185,3320,3319,2042,1201,0,0.008928562
Warm C,515817,3182,3181,2042,1201,0,0.004254332
Warm C,509614,3138,3137,2042,1201,0,0.009702729
Warm C,505896,3111,3110,2042,1201,0,-0.0002959168
Warm C,575684,3519,3518,2042,1201,0,0.011890323
Warm C,494667,3032,3031,2042,1201,1,0.020904357
Warm C,493123,3029,3028,2042,1201,0,0.017587839
Warm C,492235,3026,3025,2042,1201,0,0.021809515
Warm C,488810,3007,3006,2042,1201,0,0.011777179
Warm C,518048,3196,3195,2042,1201,1,0.011867546
Warm C,470571,2896,2895,2042,1201,0,0.011833507
Warm C,460492,2840,2839,2042,1201,0,0.0044980417
Warm C,461720,2847,2846,2042,1201,0,0.019935474
Warm C,487287,2996,2995,2042,1201,0,0.010410955
Warm C,455046,2800,2799,2042,1201,1,0.00600453
Warm C,451314,2777,2776,2042,1201,0,0.0023787855
Warm C,430258,2621,2620,2042,1201,0,0.008268034
Warm C,427556,2595,2594,2042,1201,0,0.010144693
Warm C,420606,2541,2540,2042,1201,1,0.0021612397
Warm C,414853,2496,2495,2042,1201,0,0.006573573
Warm C,390282,2288,2287,2042,1201,0,0.005163139
Warm C,387427,2264,2263,2042,1201,0,0.01036739
Warm C,379659,2220,2219,2042,1201,0,0.0121618025
Warm C,370609,2166,2165,2042,1201,0,0.01005826
Warm C,375793,2188,2187,2042,1201,0,0.017211035
Warm C,382561,2235,2234,2042,1201,1,0.0062257475
Warm C,356108,2085,2084,2042,1201,1,0.0105519965
Warm C,362039,2109,2108,2042,1201,0,0.010039184
Warm C,348679,2043,2042,2042,1201,0,0.0133799175
Warm C,339817,2003,2002,2042,1201,1,0.01312351
Warm C,341058,2010,2009,2042,1201,0,0.011919083
Warm C,312573,1861,1860,2042,1201,0,0.0021322155
Warm C,297829,1764,1763,2042,1201,1,0.006388878
Warm C,324136,1920,1919,2042,1201,1,0.008120347
Warm C,264805,1609,1608,2042,1201,0,0.023371201
Warm C,309410,1841,1840,2042,1201,0,0.0074070445
Warm C,236539,1434,1433,2042,1201,0,0.0060825916
Warm C,224409,1356,1355,2042,1201,0,0.008007853
Warm C,227410,1377,1376,2042,1201,0,0.00978827
Warm C,213174,1297,1296,2042,1201,0,0.007648558
Warm C,278134,1676,1675,2042,1201,0,0.0107803885
Warm C,280227,1680,1679,2042,1201,0,0.0053902157
Warm C,192517,1184,1183,2042,1201,0,0.0060923095
Warm C,332047,1958,1957,2042,1201,0,0.024343813
Warm C,244305,1470,1469,2042,1201,0,0.012413906
Warm C,198723,1220,1219,2042,1201,0,0.009699594
Warm C,328949,1941,1940,2042,1201,0,0.01072574
Warm C,272468,1645,1644,2042,1201,1,0.014156273
Warm C,255704,1556,1555,2042,1201,0,0.015622629
Warm C,342948,2015,2014,2042,1201,0,0.009578185
Warm C,165532,1054,1053,2042,1201,1,0.0030101326
Warm C,153414,984,983,2042,1201,0,0.018557647
Warm C,246574,1489,1488,2042,1201,0,0.008567772
Warm C,145650,936,935,2042,1201,1,0.0038950178
Warm C,143477,925,924,2042,1201,0,0.006411107
Warm C,157394,1010,1009,2042,1201,0,0.012712794
Warm C,137070,881,880,2042,1201,0,0.016466223
Warm C,249114,1501,1500,2042,1201,1,0.018702444
Warm C,332948,1962,1961,2042,1201,0,0.01149172
Warm C,263815,1605,1604,2042,1201,0,0.006591455
Warm C,126803,817,816,2042,1201,1,0.015611067
Warm C,361233,2106,2105,2042,1201,0,0.0180761
Warm C,240723,1449,1448,2042,1201,0,0.012999615
Warm C,178497,1120,1119,2042,1201,0,0.003989822
Warm C,139301,890,889,2042,1201,0,0.003993008
Warm C,119656,770,769,2042,1201,0,0.010686712
Warm C,216547,1314,1313,2042,1201,0,-0.0028482932
Warm C,106427,699,698,2042,1201,0,0.01880952
Warm C,179908,1125,1124,2042,1201,0,0.007703972
Warm C,101588,676,675,2042,1201,0,0.0048202216
Warm C,99181,660,659,2042,1201,0,2.857903e-05
Warm C,299908,1778,1777,2042,1201,0,0.016043203
Warm C,109524,714,713,2042,1201,0,0.0042991564
Warm C,93925,629,628,2042,1201,0,0.004253629
Warm C,76235,517,516,2042,1201,0,-0.00053655845
Warm C,82035,543,542,2042,1201,0,0.009547871
Warm C,69277,463,462,2042,1201,0,-0.00036131125
Warm C,87145,569,568,2042,1201,0,0.0043830536
Warm C,65667,438,437,2042,1201,0,0.008353812
Warm C,63582,424,423,2042,1201,0,0.023049098
Warm C,75210,509,508,2042,1201,0,0.012344778
Warm C,56177,373,372,2042,1201,0,0.007784465
Warm C,44881,302,301,2042,1201,0,0.013246544
Warm C,58279,392,391,2042,1201,0,0.015893383
Warm C,363547,2116,2115,2042,1201,1,0.010455436
Warm C,40811,273,272,2042,1201,0,0.011985968
Warm C,32422,216,215,2042,1201,1,-0.0021512788
Warm C,273413,1647,1646,2042,1201,0,0.016136104
Warm C,54680,355,354,2042,1201,0,0.008083674
Warm C,235380,1425,1424,2042,1201,0,0.016763546
Warm C,7103,48,47,2042,1201,0,0.011119377
Warm C,3764,26,25,2042,1201,0,0.0028748163
Warm C,2240,18,17,2042,1201,0,0.0015382823
Warm C,79854,531,530,2042,1201,0,0.01244965
Warm C,19700,148,147,2042,1201,0,0.0052209715
Warm C,78763,528,527,2042,1201,0,0.016333511
Warm C,355286,2077,2076,2042,1201,0,0.012607744
Warm C,552774,3401,3400,2042,1201,0,0.015043428
Warm C,238441,1447,1446,2042,1201,0,0.019131472
Warm C,326269,1930,1929,2042,1201,0,0.013526476
Warm C,334142,1969,1968,2042,1201,0,0.011441077
Warm C,682884,4085,4084,2042,1201,0,0.012875639
Warm C,883570,5333,5332,2042,1201,0,0.0074991784
Warm C,376512,2195,2194,2042,1201,0,0.0074962685
Warm C,172246,1088,1087,2042,1201,0,0.019536756
Warm C,102785,678,677,2042,1201,0,0.0062574083
Warm C,329692,1943,1942,2042,1201,0,0.009394831
Warm C,335265,1978,1977,2042,1201,0,0.009064236
Warm C,489853,3013,3012,2042,1201,0,-0.0047403146
Warm C,352537,2063,2062,2042,1201,0,0.017233858
Warm C,134740,869,868,2042,1201,0,0.008913066
Warm C,116964,753,752,2042,1201,1,0.0019619553
Warm C,258065,1579,1578,2042,1201,1,0.01550837
Warm C,941870,5682,5681,2042,1201,0,0.008792795
Warm C,295823,1755,1754,2042,1201,0,0.010376952
Warm C,714314,4277,4276,2042,1201,0,0.0030755466
Warm C,467188,2878,2877,2042,1201,0,0.0042762435
Warm C,628928,3807,3806,2043,1202,1,0.0061496845
Warm C,638780,3841,3840,2043,1202,1,0.015169331
Warm C,617511,3737,3736,2043,1202,1,0.011687478
Warm C,615895,3727,3726,2043,1202,0,0.008590361
Warm C,726867,4345,4344,2043,1202,0,0.010380173
Warm C,590507,3601,3600,2043,1202,1,0.016790505
Warm C,585957,3576,3575,2043,1202,0,0.013792843
Warm C,556462,3419,3418,2043,1202,1,0.007825489
Warm C,556343,3418,3417,2043,1202,0,0.00962743
Warm C,533777,3292,3291,2043,1202,0,0.01457254
Warm C,526948,3259,3258,2043,1202,1,0.011639115
Warm C,518993,3201,3200,2043,1202,0,0.007855589
Warm C,769195,4579,4578,2043,1202,1,0.0035177786
Warm C,571321,3503,3502,2043,1202,0,0.0096578505
Warm C,797897,4784,4783,2043,1202,1,0.013438771
Warm C,479426,2941,2940,2043,1202,0,0.012666953
Warm C,697948,4169,4168,2043,1202,1,0.010894872
Warm C,472172,2906,2905,2043,1202,0,0.005482232
Warm C,714316,4277,4276,2043,1202,1,0.018532949
Warm C,474289,2909,2908,2043,1202,0,0.013720384
Warm C,469605,2892,2891,2043,1202,1,0.010225524
Warm C,455508,2804,2803,2043,1202,1,-0.00013058633
Warm C,449194,2769,2768,2043,1202,0,0.007825435
Warm C,448200,2761,2760,2043,1202,1,0.016464569
Warm C,427918,2599,2598,2043,1202,0,0.0040532434
Warm C,419126,2529,2528,2043,1202,1,0.0113692805
Warm C,427167,2592,2591,2043,1202,0,-0.002361669
Warm C,414185,2492,2491,2043,1202,0,0.007282583
Warm C,408835,2454,2453,2043,1202,0,0.0052894726
Warm C,393024,2308,2307,2043,1202,1,-0.000114255934
Warm C,383861,2242,2241,2043,1202,1,0.016538043
Warm C,377549,2203,2202,2043,1202,1,0.013781652
Warm C,376121,2192,2191,2043,1202,0,0.007075285
Warm C,362260,2110,2109,2043,1202,0,0.01178428
Warm C,353053,2067,2066,2043,1202,0,0.009944636
Warm C,357824,2092,2091,2043,1202,0,0.009690883
Warm C,336550,1980,1979,2043,1202,1,0.023998132
Warm C,318523,1891,1890,2043,1202,0,0.011677623
Warm C,297120,1761,1760,2043,1202,0,0.00019112974
Warm C,296255,1757,1756,2043,1202,1,0.008229113
Warm C,289099,1726,1725,2043,1202,0,0.005499112
Warm C,270350,1635,1634,2043,1202,1,0.024948236
Warm C,345580,2026,2025,2043,1202,0,0.0050005377
Warm C,259210,1586,1585,2043,1202,1,0.012903595
Warm C,361234,2106,2105,2043,1202,0,-0.0004668855
Warm C,230253,1392,1391,2043,1202,0,0.011835458
Warm C,324138,1920,1919,2043,1202,1,0.018062517
Warm C,216138,1311,1310,2043,1202,0,0.01726982
Warm C,217475,1317,1316,2043,1202,1,0.012908762
Warm C,278137,1676,1675,2043,1202,0,0.0016277096
Warm C,213788,1298,1297,2043,1202,0,0.00980942
Warm C,280230,1680,1679,2043,1202,1,0.014795983
Warm C,293351,1746,1745,2043,1202,1,0.0049219
Warm C,220161,1333,1332,2043,1202,0,0.0053045163
Warm C,192519,1184,1183,2043,1202,0,0.0060176146
Warm C,328952,1941,1940,2043,1202,0,0.019272394
Warm C,181524,1134,1133,2043,1202,0,0.0025200048
Warm C,249116,1501,1500,2043,1202,1,0.0046573505
Warm C,168163,1068,1067,2043,1202,1,0.0017306055
Warm C,168939,1071,1070,2043,1202,1,0.0073671034
Warm C,162433,1034,1033,2043,1202,1,0.010005796
Warm C,199732,1224,1223,2043,1202,1,0.015201687
Warm C,141258,910,909,2043,1202,0,0.005546704
Warm C,277275,1675,1674,2043,1202,1,0.014828678
Warm C,141779,911,910,2043,1202,0,0.020903684
Warm C,176454,1115,1114,2043,1202,0,0.01225297
Warm C,123649,796,795,2043,1202,1,0.017576922
Warm C,475868,2919,2918,2043,1202,1,0.0052514626
Warm C,118170,764,763,2043,1202,1,0.009721984
Warm C,112797,731,730,2043,1202,0,0.007599267
Warm C,178499,1120,1119,2043,1202,1,0.007389636
Warm C,94501,634,633,2043,1202,0,6.9210655e-05
Warm C,85894,560,559,2043,1202,0,0.004979634
Warm C,85384,556,555,2043,1202,0,0.0080038775
Warm C,65020,436,435,2043,1202,0,0.000675753
Warm C,57504,389,388,2043,1202,0,0.006407658
Warm C,39132,264,263,2043,1202,0,0.0093284
Warm C,36837,245,244,2043,1202,0,0.0145417955
Warm C,14740,117,116,2043,1202,1,0.010823019
Warm C,12771,97,96,2043,1202,1,0.016795143
Warm C,592299,3610,3609,2043,1202,0,0.0055759875
Warm C,8052,53,52,2043,1202,0,-0.002997428
Warm C,1193,10,9,2043,1202,1,0.018705737
Warm C,234480,1422,1421,2043,1202,0,0.009983463
Warm C,95654,639,638,2043,1202,1,0.011133729
Warm C,40142,271,270,2043,1202,1,0.0020206259
Warm C,386260,2258,2257,2043,1202,1,0.005580226
Warm C,235381,1425,1424,2043,1202,0,0.009902957
Warm C,12194,92,91,2043,1202,1,0.013334122
Warm C,830038,4983,4982,2043,1202,0,0.009382643
Warm C,6148,44,43,2043,1202,0,0.004760104
Warm C,588257,3589,3588,2043,1202,0,0.017875165
Warm C,700136,4186,4185,2043,1202,0,0.017956678
Warm C,821780,4940,4939,2043,1202,1,0.009632815
Warm C,410588,2462,2461,2043,1202,0,0.01019155
Warm C,710044,4258,4257,2043,1202,0,0.01407681
Warm C,272470,1645,1644,2043,1202,1,0.0029765456
Warm C,825877,4958,4957,2043,1202,0,0.019413281
Warm C,450065,2774,2773,2048,1204,0,0.008918538
Warm C,422008,2552,2551,2048,1204,0,0.0013753155
Warm C,410592,2462,2461,2048,1204,0,0.0089098485
Warm C,419131,2529,2528,2048,1204,1,0.0039215437
Warm C,385804,2255,2254,2048,1204,1,0.0026521876
Warm C,380567,2223,2222,2048,1204,0,0.011832467
Warm C,383865,2242,2241,2048,1204,1,-0.0007715898
Warm C,374579,2181,2180,2048,1204,1,0.011222407
Warm C,359048,2100,2099,2048,1204,0,0.0052932887
Warm C,341919,2012,2011,2048,1204,0,0.0039663073
Warm C,339818,2003,2002,2048,1204,1,0.0022425696
Warm C,334148,1969,1968,2048,1204,0,0.012009825
Warm C,327084,1938,1937,2048,1204,1,2.5318237e-05
Warm C,313643,1871,1870,2048,1204,0,0.008042458
Warm C,291032,1736,1735,2048,1204,0,0.006067895
Warm C,278144,1676,1675,2048,1204,1,0.007859743
Warm C,266208,1613,1612,2048,1204,1,0.0064790514
Warm C,346520,2030,2029,2048,1204,1,-0.0024310523
Warm C,247421,1495,1494,2048,1204,0,0.0043887375
Warm C,218740,1325,1324,2048,1204,0,-0.0013396288
Warm C,216293,1312,1311,2048,1204,0,0.0114215715
Warm C,214027,1299,1298,2048,1204,1,-0.006868561
Warm C,280239,1680,1679,2048,1204,1,0.008117575
Warm C,293356,1746,1745,2048,1204,1,0.007565485
Warm C,328960,1941,1940,2048,1204,0,0.0044784527
Warm C,178507,1120,1119,2048,1204,1,0.00895586
Warm C,173920,1100,1099,2048,1204,0,0.003663831
Warm C,175890,1112,1111,2048,1204,1,0.01099429
Warm C,168165,1068,1067,2048,1204,0,0.012447707
Warm C,165865,1057,1056,2048,1204,0,0.0037021989
Warm C,156128,1004,1003,2048,1204,0,0.0057780687
Warm C,147233,948,947,2048,1204,1,0.0010511864
Warm C,277280,1675,1674,2048,1204,0,0.007726621
Warm C,134745,869,868,2048,1204,1,0.0068644406
Warm C,263821,1605,1604,2048,1204,0,0.00529889
Warm C,124371,800,799,2048,1204,1,0.011421378
Warm C,121410,780,779,2048,1204,1,0.0009232161
Warm C,216550,1314,1313,2048,1204,0,0.0018704277
Warm C,272473,1645,1644,2048,1204,1,0.008731319
Warm C,99386,662,661,2048,1204,1,0.015456781
Warm C,329699,1943,1942,2048,1204,1,0.01964204
Warm C,109529,714,713,2048,1204,1,0.008071635
Warm C,235388,1425,1424,2048,1204,0,0.01150251
Warm C,162435,1034,1033,2048,1204,1,-0.002578063
Warm C,177347,1117,1116,2048,1204,1,0.003153284
Warm C,120687,777,776,2048,1204,0,0.007852314
Warm C,86313,563,562,2048,1204,0,0.0041951044
Warm C,85387,556,555,2048,1204,0,0.0035851984
Warm C,191688,1181,1180,2048,1204,0,0.0037918405
Warm C,83716,549,548,2048,1204,0,-0.0014968407
Warm C,80829,536,535,2048,1204,1,0.01326772
Warm C,42028,284,283,2048,1204,1,0.0063747624
Warm C,86922,566,565,2048,1204,0,0.0057914206
Warm C,15077,119,118,2048,1204,0,0.0016421161
Warm C,207262,1266,1265,2048,1204,1,0.004626346
Warm C,79859,531,530,2048,1204,1,-0.0019828181
Warm C,19705,148,147,2048,1204,1,-0.0037179925
Warm C,65674,438,437,2048,1204,0,0.009183044
Warm C,222819,1348,1347,2048,1204,1,0.008033976
Warm C,12197,92,91,2048,1204,0,0.008477276
Warm C,102793,678,677,2048,1204,1,0.008520899
Warm C,376514,2195,2194,2048,1204,0,0.014324887
Warm C,172255,1088,1087,2048,1204,1,0.017867202
Warm C,344989,2023,2022,2048,1204,0,0.012028111
Warm C,734836,4387,4386,2048,1204,0,-0.0011584688
Warm C,609811,3695,3694,2048,1204,1,0.0043434
Warm C,371908,2172,2171,2048,1204,1,0.007031128
Warm C,63593,424,423,2048,1204,1,0.0035900904
Warm C,849508,5100,5099,2048,1204,1,0.006565202
Warm C,753609,4489,4488,2048,1204,0,0.01047314
Warm C,825880,4958,4957,2048,1204,0,0.009476035
Warm C,372388,2175,2174,2050,1205,0,0.0026642
Warm C,436025,2665,2664,2050,1205,0,-0.0031731483
Warm C,345946,2030,2029,2050,1205,0,-0.005874552
Warm C,231503,1404,1403,2050,1205,0,-0.004910144
Warm C,220756,1339,1338,2050,1205,0,-0.005848918
Warm C,223956,1356,1355,2050,1205,0,0.00050781853
Warm C,278406,1680,1679,2050,1205,1,-0.00235702
Warm C,269573,1635,1634,2050,1205,0,-0.0011804143
Warm C,327377,1941,1940,2050,1205,0,-0.0024858213
Warm C,248581,1501,1500,2050,1205,1,0.003981068
Warm C,271955,1645,1644,2050,1205,1,0.0014872629
Warm C,331204,1958,1957,2050,1205,0,-0.0010181889
Warm C,152649,983,982,2050,1205,1,-0.00017669995
Warm C,184693,1150,1149,2050,1205,0,-0.0052530337
Warm C,156402,1010,1009,2050,1205,0,-0.0060402183
Warm C,131559,853,852,2050,1205,1,-0.0023045284
Warm C,127168,822,821,2050,1205,0,0.00040362577
Warm C,126411,817,816,2050,1205,1,-0.006650744
Warm C,123742,798,797,2050,1205,1,0.004903069
Warm C,120905,780,779,2050,1205,0,0.00044762244
Warm C,177779,1120,1119,2050,1205,0,0.0072543304
Warm C,351231,2063,2062,2050,1205,0,-0.008063205
Warm C,120190,777,776,2050,1205,0,0.0003751883
Warm C,88176,582,581,2050,1205,0,-0.005833256
Warm C,85157,556,555,2050,1205,0,0.0010858341
Warm C,82573,549,548,2050,1205,0,0.0037283706
Warm C,73022,494,493,2050,1205,1,0.0020230664
Warm C,70326,475,474,2050,1205,0,0.0036695178
Warm C,71661,482,481,2050,1205,0,0.0040658265
Warm C,25179,178,177,2050,1205,0,0.002297917
Warm C,6518,48,47,2050,1205,0,-0.0047137896
Warm C,233765,1422,1421,2050,1205,0,0.00028883573
Warm C,530175,3274,3273,2050,1205,0,-0.006522586
Warm C,354612,2077,2076,2050,1205,0,-0.0014475954
Warm C,325954,1930,1929,2050,1205,0,-0.0029570628
Warm C,695647,4169,4168,2050,1205,0,-0.003183126
Warm C,828460,4979,4978,2050,1205,0,0.0008327139
Warm C,101799,678,677,2050,1205,0,0.0030295537
Warm C,632778,3824,3823,2050,1205,0,-0.010402863
Warm C,133908,869,868,2050,1205,0,-0.0049655978
Warm C,699500,4186,4185,2050,1205,0,-0.0032519104
Warm C,587576,3589,3588,2050,1205,0,0.00091294025
Warm C,193342,1194,1193,2050,1205,0,-0.007918986
Warm C,515201,3182,3181,2050,1205,1,-0.002659883
Warm C,301122,1790,1789,2051,1206,0,0.011007328
Warm C,273421,1648,1647,2051,1206,0,0.00901833
Warm C,286167,1709,1708,2051,1206,1,0.0036709837
Warm C,259215,1587,1586,2051,1206,0,0.015571186
Warm C,345947,2030,2029,2051,1206,0,0.007688203
Warm C,229090,1389,1388,2051,1206,0,0.014512812
Warm C,269575,1635,1634,2051,1206,0,0.013557399
Warm C,219617,1333,1332,2051,1206,0,0.017714767
Warm C,278408,1680,1679,2051,1206,1,0.011188275
Warm C,327379,1941,1940,2051,1206,0,0.020824026
Warm C,173417,1100,1099,2051,1206,0,0.000852776
Warm C,248582,1501,1500,2051,1206,0,0.013976472
Warm C,167573,1068,1067,2051,1206,0,0.018303305
Warm C,271956,1645,1644,2051,1206,1,0.006118033
Warm C,162104,1034,1033,2051,1206,0,0.010346748
Warm C,270659,1639,1638,2051,1206,0,0.014321744
Warm C,216685,1317,1316,2051,1206,0,0.014658038
Warm C,131560,853,852,2051,1206,1,0.008978996
Warm C,120906,780,779,2051,1206,0,0.016069034
Warm C,177780,1120,1119,2051,1206,0,0.003562721
Warm C,96822,651,650,2051,1206,1,0.01644953
Warm C,351232,2063,2062,2051,1206,0,0.01930205
Warm C,304552,1812,1811,2051,1206,0,0.020227794
Warm C,233766,1422,1421,2051,1206,0,0.006972163
Warm C,129830,840,839,2051,1206,1,0.015169876
Warm C,73023,494,493,2051,1206,1,0.0042483807
Warm C,71662,482,481,2051,1206,0,0.017311275
Warm C,41566,284,283,2051,1206,0,0.014405454
Warm C,31644,216,215,2051,1206,0,0.008467864
Warm C,331205,1958,1957,2051,1206,0,0.017895447
Warm C,238460,1448,1447,2051,1206,0,0.010647856
Warm C,95258,639,638,2051,1206,0,0.021034788
Warm C,354613,2077,2076,2051,1206,0,0.010817628
Warm C,892726,5394,5393,2051,1206,0,0.011512352
Warm C,828461,4979,4978,2051,1206,0,0.021186896
Warm C,272540,1647,1646,2051,1206,0,0.021713577
Warm C,101800,678,677,2051,1206,0,0.01959967
Warm C,632779,3824,3823,2051,1206,0,0.013926772
Warm C,958711,5787,5786,2051,1206,0,0.005784603
Warm C,311178,1854,1853,2051,1206,0,0.0038978907
Warm C,193343,1194,1193,2051,1206,0,0.018161882
Warm C,562001,3458,3457,2052,1207,1,0.008654659
Warm C,573348,3512,3511,2052,1207,0,0.019937646
Warm C,550789,3392,3391,2052,1207,0,0.0055574253
Warm C,549581,3391,3390,2052,1207,0,0.011326757
Warm C,547468,3378,3377,2052,1207,0,0.013522622
Warm C,540895,3328,3327,2052,1207,0,0.0090215085
Warm C,535674,3308,3307,2052,1207,1,0.022030685
Warm C,532857,3292,3291,2052,1207,1,0.018231215
Warm C,529322,3272,3271,2052,1207,1,0.022724219
Warm C,561402,3454,3453,2052,1207,0,0.01341425
Warm C,505774,3111,3110,2052,1207,0,0.0063153394
Warm C,500561,3075,3074,2052,1207,0,0.013623802
Warm C,497511,3055,3054,2052,1207,1,0.01240642
Warm C,493669,3032,3031,2052,1207,1,0.018087726
Warm C,658982,3971,3970,2052,1207,0,0.018543806
Warm C,491881,3026,3025,2052,1207,0,0.006096773
Warm C,489071,3012,3011,2052,1207,0,0.02472795
Warm C,487517,2999,2998,2052,1207,0,0.00529437
Warm C,517750,3196,3195,2052,1207,0,0.010374519
Warm C,477767,2934,2933,2052,1207,1,0.014804119
Warm C,472178,2907,2906,2052,1207,1,0.016892467
Warm C,869889,5256,5255,2052,1207,0,0.020599237
Warm C,467875,2885,2884,2052,1207,0,0.012647729
Warm C,466506,2878,2877,2052,1207,1,0.01751911
Warm C,492377,3029,3028,2052,1207,0,0.016837457
Warm C,447724,2761,2760,2052,1207,0,0.017072765
Warm C,420353,2541,2540,2052,1207,1,0.0067783548
Warm C,419513,2537,2536,2052,1207,0,0.01697928
Warm C,419217,2533,2532,2052,1207,1,0.004855571
Warm C,418327,2529,2528,2052,1207,1,0.018971652
Warm C,385631,2255,2254,2052,1207,0,0.009367501
Warm C,382193,2233,2232,2052,1207,0,0.010209805
Warm C,375396,2188,2187,2052,1207,0,0.011627057
Warm C,377017,2203,2202,2052,1207,1,0.014260165
Warm C,373677,2181,2180,2052,1207,0,0.022165569
Warm C,366522,2136,2135,2052,1207,1,0.008461862
Warm C,362593,2116,2115,2052,1207,1,0.013451491
Warm C,355842,2085,2084,2052,1207,0,0.01846943
Warm C,361302,2109,2108,2052,1207,1,0.019559696
Warm C,347166,2038,2037,2052,1207,0,0.0025672137
Warm C,341316,2012,2011,2052,1207,0,0.012767047
Warm C,339758,2003,2002,2052,1207,0,0.0060588582
Warm C,340334,2010,2009,2052,1207,0,0.010740029
Warm C,333634,1969,1968,2052,1207,1,0.013508116
Warm C,294621,1750,1749,2052,1207,0,0.006026696
Warm C,299371,1778,1777,2052,1207,0,0.019992307
Warm C,287337,1716,1715,2052,1207,0,0.008777071
Warm C,280633,1685,1684,2052,1207,0,0.010401681
Warm C,360349,2106,2105,2052,1207,0,0.005067789
Warm C,247242,1495,1494,2052,1207,0,0.0069551193
Warm C,335308,1980,1979,2052,1207,0,0.029331312
Warm C,277286,1676,1675,2052,1207,0,0.014395125
Warm C,213183,1298,1297,2052,1207,1,0.0188426
Warm C,278411,1680,1679,2052,1207,1,0.021763392
Warm C,236265,1434,1433,2052,1207,1,0.0031485332
Warm C,209289,1279,1278,2052,1207,0,0.0114366105
Warm C,327382,1941,1940,2052,1207,1,0.017450761
Warm C,177781,1120,1119,2052,1207,1,0.02263021
Warm C,173418,1100,1099,2052,1207,0,0.0021906607
Warm C,172758,1096,1095,2052,1207,0,0.008953774
Warm C,163579,1050,1049,2052,1207,0,0.025249716
Warm C,271958,1645,1644,2052,1207,1,0.013317765
Warm C,189203,1173,1172,2052,1207,0,0.014584833
Warm C,227507,1380,1379,2052,1207,0,0.020651553
Warm C,167575,1068,1067,2052,1207,0,0.017604843
Warm C,149311,961,960,2052,1207,0,0.010706852
Warm C,146727,948,947,2052,1207,1,0.013185661
Warm C,137573,889,888,2052,1207,0,0.027221607
Warm C,127169,822,821,2052,1207,1,0.017350182
Warm C,126412,817,816,2052,1207,0,0.0067035845
Warm C,124108,800,799,2052,1207,1,0.01900741
Warm C,116751,753,752,2052,1207,1,0.009357973
Warm C,120192,777,776,2052,1207,0,0.015365723
Warm C,112166,731,730,2052,1207,1,0.023238659
Warm C,105761,699,698,2052,1207,0,0.0068741348
Warm C,109111,714,713,2052,1207,1,0.014244342
Warm C,96302,647,646,2052,1207,0,0.008001018
Warm C,94436,634,633,2052,1207,0,-0.00015936431
Warm C,93694,629,628,2052,1207,0,0.0072378516
Warm C,234618,1425,1424,2052,1207,1,0.022006609
Warm C,85158,556,555,2052,1207,0,0.011202864
Warm C,83726,550,549,2052,1207,0,0.023720559
Warm C,118910,770,769,2052,1207,0,0.016154006
Warm C,73024,494,493,2052,1207,1,0.0049475036
Warm C,79913,533,532,2052,1207,0,0.026993023
Warm C,87022,569,568,2052,1207,0,0.012711661
Warm C,59292,403,402,2052,1207,0,0.01636741
Warm C,227869,1383,1382,2052,1207,0,0.018111646
Warm C,53321,352,351,2052,1207,0,0.016889248
Warm C,132178,855,854,2052,1207,0,0.01985269
Warm C,110489,721,720,2052,1207,0,0.019697513
Warm C,46342,310,309,2052,1207,1,0.016911503
Warm C,44112,302,301,2052,1207,0,0.012066851
Warm C,36095,245,244,2052,1207,0,0.018176645
Warm C,31645,216,215,2052,1207,0,0.011100534
Warm C,336790,1983,1982,2052,1207,1,0.026161823
Warm C,32790,223,222,2052,1207,0,0.01870042
Warm C,14974,119,118,2052,1207,0,0.009676783
Warm C,10414,75,74,2052,1207,1,0.007304614
Warm C,49026,329,328,2052,1207,0,0.01743298
Warm C,6164,45,44,2052,1207,0,0.016366076
Warm C,1949,18,17,2052,1207,0,0.012124693
Warm C,142116,918,917,2052,1207,1,0.016736764
Warm C,233767,1422,1421,2052,1207,0,0.013964939
Warm C,73770,500,499,2052,1207,1,0.0004913432
Warm C,157590,1015,1014,2052,1207,0,0.030496014
Warm C,39839,271,270,2052,1207,1,0.015616121
Warm C,385909,2258,2257,2052,1207,1,0.010227039
Warm C,859971,5172,5171,2052,1207,1,0.015197975
Warm C,101803,678,677,2052,1207,1,0.016354274
Warm C,312121,1861,1860,2052,1207,0,0.01820372
Warm C,78999,531,530,2052,1207,0,0.017913364
Warm C,598961,3648,3647,2052,1207,0,0.01919606
Warm C,907530,5492,5491,2052,1207,0,0.0150079075
Warm C,562318,3462,3461,2052,1207,0,0.0102546755
Warm C,62385,424,423,2052,1207,0,0.022137728
Warm C,171091,1088,1087,2052,1207,0,0.025169512
Warm C,354615,2077,2076,2052,1207,0,0.009599711
Warm C,966438,5831,5830,2052,1207,0,0.0325059
Warm C,661763,3992,3991,2052,1207,0,0.011640702
Warm C,785730,4697,4696,2052,1207,1,0.012067106
Warm C,682066,4085,4084,2052,1207,1,0.016626736
Warm C,974166,5878,5877,2052,1207,0,0.018521884
Warm C,215956,1311,1310,2057,1210,0,0.010474542
Warm C,277291,1676,1675,2057,1210,1,0.0154548865
Warm C,304562,1812,1811,2057,1210,0,0.016214568
Warm C,327396,1941,1940,2057,1210,1,0.016595691
Warm C,248587,1501,1500,2057,1210,1,0.0151921185
Warm C,190197,1181,1180,2057,1210,0,0.0235116
Warm C,162111,1034,1033,2057,1210,1,0.012762679
Warm C,342068,2015,2014,2057,1210,0,0.010397906
Warm C,150885,971,970,2057,1210,1,0.008614646
Warm C,324233,1922,1921,2057,1210,1,0.005532304
Warm C,712590,4277,4276,2057,1210,1,0.012058193
Warm C,262868,1605,1604,2057,1210,0,0.004129565
Warm C,130411,846,845,2057,1210,1,0.0026026396
Warm C,177791,1120,1119,2057,1210,0,0.017366003
Warm C,94774,637,636,2057,1210,1,0.009313596
Warm C,93697,629,628,2057,1210,1,-0.00523623
Warm C,85160,556,555,2057,1210,0,-0.00019073556
Warm C,73214,495,494,2057,1210,0,-0.0007162895
Warm C,54888,360,359,2057,1210,1,0.0030033346
Warm C,39717,270,269,2057,1210,1,0.0030197143
Warm C,10417,75,74,2057,1210,1,0.01844753
Warm C,8274,58,57,2057,1210,1,0.012476828
Warm C,233778,1422,1421,2057,1210,0,0.01598501
Warm C,95267,639,638,2057,1210,0,0.011265627
Warm C,385913,2258,2257,2057,1210,0,0.0068368022
Warm C,141101,910,909,2057,1210,0,0.0062887585
Warm C,632795,3824,3823,2057,1210,1,0.008795102
Warm C,829900,4983,4982,2057,1210,1,0.0038602534
Warm C,892731,5394,5393,2057,1210,0,0.020055814
Warm C,546612,3371,3370,2057,1210,0,0.009431595
Warm C,658985,3971,3970,2057,1210,1,0.015275911
Warm C,568886,3491,3490,2060,1213,0,0.016145784
Warm C,562924,3464,3463,2060,1213,0,0.009781339
Warm C,555586,3416,3415,2060,1213,0,0.012413267
Warm C,536737,3311,3310,2060,1213,1,0.0061965175
Warm C,530746,3280,3279,2060,1213,0,0.014244128
Warm C,524772,3240,3239,2060,1213,0,0.0033652256
Warm C,514700,3180,3179,2060,1213,0,-0.008860348
Warm C,512481,3163,3162,2060,1213,1,0.0096852705
Warm C,505780,3111,3110,2060,1213,1,0.006272679
Warm C,493176,3031,3030,2060,1213,1,0.008062925
Warm C,496329,3051,3050,2060,1213,0,0.0034221893
Warm C,489863,3014,3013,2060,1213,0,0.006523881
Warm C,517761,3196,3195,2060,1213,1,0.011143222
Warm C,470817,2899,2898,2060,1213,0,0.0058975485
Warm C,564077,3471,3470,2060,1213,0,0.016794575
Warm C,486839,2996,2995,2060,1213,0,0.0027512542
Warm C,450473,2777,2776,2060,1213,0,0.008487796
Warm C,429957,2621,2620,2060,1213,1,-0.0012154988
Warm C,404323,2419,2418,2060,1213,0,0.0018285858
Warm C,436051,2665,2664,2060,1213,0,0.008975227
Warm C,393929,2321,2320,2060,1213,1,-0.00065688766
Warm C,370405,2166,2165,2060,1213,1,0.016080845
Warm C,382425,2235,2234,2060,1213,1,0.004058636
Warm C,367812,2148,2147,2060,1213,1,-0.00727468
Warm C,367176,2143,2142,2060,1213,0,0.008367345
Warm C,355855,2085,2084,2060,1213,1,0.012434994
Warm C,351261,2063,2062,2060,1213,0,0.00924081
Warm C,348827,2047,2046,2060,1213,0,0.0012123957
Warm C,340355,2010,2009,2060,1213,0,0.013555749
Warm C,290845,1736,1735,2060,1213,0,0.0022502174
Warm C,301134,1790,1789,2060,1213,1,0.0056698346
Warm C,285729,1704,1703,2060,1213,1,0.0075117345
Warm C,297242,1764,1763,2060,1213,1,0.004343182
Warm C,281099,1687,1686,2060,1213,0,0.011228555
Warm C,282478,1694,1693,2060,1213,0,0.0021223277
Warm C,265439,1613,1612,2060,1213,0,0.010216739
Warm C,309200,1841,1840,2060,1213,0,0.006388693
Warm C,247445,1496,1495,2060,1213,0,0.006945228
Warm C,223975,1356,1355,2060,1213,0,0.0032540078
Warm C,226909,1377,1376,2060,1213,0,0.015262854
Warm C,262059,1600,1599,2060,1213,0,0.003394259
Warm C,296703,1759,1758,2060,1213,1,0.023204781
Warm C,214034,1300,1299,2060,1213,1,0.0063624675
Warm C,209702,1281,1280,2060,1213,0,0.009062696
Warm C,277315,1676,1675,2060,1213,0,0.003919377
Warm C,204860,1261,1260,2060,1213,1,0.009015806
Warm C,261516,1599,1598,2060,1213,0,0.0049991137
Warm C,278454,1680,1679,2060,1213,1,0.016075132
Warm C,182985,1141,1140,2060,1213,0,0.0033024647
Warm C,178960,1124,1123,2060,1213,0,0.011445229
Warm C,243627,1470,1469,2060,1213,0,0.016417917
Warm C,173431,1100,1099,2060,1213,0,-0.0003815156
Warm C,163598,1050,1049,2060,1213,0,0.0057375133
Warm C,271968,1645,1644,2060,1213,1,0.004808552
Warm C,155668,1004,1003,2060,1213,1,0.008553758
Warm C,146203,940,939,2060,1213,1,-0.001132286
Warm C,135350,877,876,2060,1213,0,0.011280263
Warm C,127989,828,827,2060,1213,0,0.01137339
Warm C,118935,770,769,2060,1213,1,-0.0025243964
Warm C,117304,757,756,2060,1213,0,0.004780358
Warm C,113903,739,738,2060,1213,0,0.0148894545
Warm C,110231,719,718,2060,1213,0,0.004014359
Warm C,107588,710,709,2060,1213,0,0.010868574
Warm C,470268,2896,2895,2060,1213,0,0.0035900145
Warm C,101219,676,675,2060,1213,0,0.0029891226
Warm C,176625,1117,1116,2060,1213,0,0.009865821
Warm C,329052,1943,1942,2060,1213,0,0.021590061
Warm C,92483,620,619,2060,1213,0,-0.00044893543
Warm C,264859,1611,1610,2060,1213,0,0.0071079778
Warm C,91557,608,607,2060,1213,0,0.007339352
Warm C,283753,1698,1697,2060,1213,0,0.006522094
Warm C,291059,1737,1736,2060,1213,1,0.01202031
Warm C,82608,549,548,2060,1213,1,0.0059779547
Warm C,75224,510,509,2060,1213,1,0.009602336
Warm C,74522,509,508,2060,1213,1,0.0032747667
Warm C,81387,543,542,2060,1213,1,0.0027922755
Warm C,67284,453,452,2060,1213,0,0.0073323073
Warm C,65098,438,437,2060,1213,1,0.010510705
Warm C,59019,402,401,2060,1213,0,0.0155139305
Warm C,53355,352,351,2060,1213,0,0.011780485
Warm C,45295,306,305,2060,1213,1,0.006954468
Warm C,44138,302,301,2060,1213,1,0.009289863
Warm C,41583,284,283,2060,1213,1,0.009607345
Warm C,43769,301,300,2060,1213,0,0.007894972
Warm C,695676,4169,4168,2060,1213,0,0.010877412
Warm C,36126,245,244,2060,1213,0,0.011370223
Warm C,31674,216,215,2060,1213,0,0.003301714
Warm C,31446,214,213,2060,1213,1,0.0057661273
Warm C,26929,192,191,2060,1213,0,0.0102755595
Warm C,26877,191,190,2060,1213,0,0.014013052
Warm C,54291,355,354,2060,1213,1,0.010048217
Warm C,269603,1635,1634,2060,1213,1,0.014247913
Warm C,457554,2820,2819,2060,1213,0,0.00815605
Warm C,65862,442,441,2060,1213,0,0.006969033
Warm C,157620,1015,1014,2060,1213,1,0.010994836
Warm C,584960,3571,3570,2060,1213,1,0.010462085
Warm C,237501,1447,1446,2060,1213,0,0.016517691
Warm C,342091,2015,2014,2060,1213,0,-0.0008432409
Warm C,362623,2116,2115,2060,1213,0,0.005855227
Warm C,682091,4085,4084,2060,1213,1,0.014038471
Warm C,73264,496,495,2060,1213,0,0.009561767
Warm C,317442,1889,1888,2060,1213,0,0.010376299
Warm C,537659,3312,3311,2060,1213,0,0.012963178
Warm C,11510,90,89,2060,1213,0,-0.0024852057
Warm C,159693,1019,1018,2060,1213,0,0.013896396
Warm C,712608,4277,4276,2060,1213,1,0.01761355
Warm C,907542,5492,5491,2060,1213,0,0.0084160995
Warm C,562338,3462,3461,2060,1213,0,-0.00078532635
Warm C,133935,869,868,2060,1213,1,0.010950825
Warm C,810955,4867,4866,2060,1213,1,0.00788155
Warm C,71686,482,481,2060,1213,1,0.010216827
Warm C,982986,5938,5937,2060,1213,0,0.00071524666
Warm C,23428,169,168,2060,1213,0,0.014888089
Warm C,206211,1265,1264,2060,1213,0,-0.00047058356
Warm C,581172,3550,3549,2060,1213,0,0.0103186825
Warm C,371474,2172,2171,2060,1213,0,0.0036698896
Warm C,375411,2188,2187,2060,1213,0,0.006258889
Warm C,233574,1421,1420,2060,1213,1,-0.00053634425
Warm C,790253,4728,4727,2060,1213,0,0.01409544
Warm C,461345,2847,2846,2060,1213,0,0.0069982046
Warm C,214574,1303,1302,2060,1213,0,0.016887192
Warm C,549615,3391,3390,2060,1213,1,0.009950118
Warm C,52892,349,348,2060,1213,0,-0.0017354558
Warm C,335341,1980,1979,2062,1214,0,0.021587303
Warm C,882751,5333,5332,2062,1214,0,-0.000551783
Warm C,917192,5543,5542,2062,1214,1,0.006991612
Warm C,995897,6016,6015,2062,1214,0,0.0057731876
Warm C,499046,3067,3066,2062,1214,1,0.00804609
Warm C,187441,1164,1163,2062,1214,0,0.010286745
Warm C,831855,5001,5000,2062,1214,0,0.0066440552
Warm C,178521,1121,1120,2062,1214,1,0.014582101
Warm C,171131,1088,1087,2062,1214,0,0.01361646
Warm C,33843,229,228,2062,1214,0,0.0012974297
Warm C,364054,2121,2120,2066,1217,1,-0.0005894399
Warm C,347184,2038,2037,2066,1217,1,0.0095379315
Warm C,345973,2030,2029,2066,1217,1,0.004190388
Warm C,342008,2014,2013,2066,1217,1,0.0007424218
Warm C,339602,2002,2001,2066,1217,1,0.011977952
Warm C,325131,1926,1925,2066,1217,1,0.0063190293
Warm C,302603,1797,1796,2066,1217,1,-0.0016543078
Warm C,285859,1706,1705,2066,1217,1,0.011106217
Warm C,256497,1567,1566,2066,1217,1,0.016787093
Warm C,303203,1802,1801,2066,1217,0,0.00445318
Warm C,227418,1378,1377,2066,1217,1,0.0003125061
Warm C,253235,1540,1539,2066,1217,0,0.008677056
Warm C,212609,1295,1294,2066,1217,0,0.008292049
Warm C,208165,1273,1272,2066,1217,1,0.00608529
Warm C,206578,1266,1265,2066,1217,1,0.0144093
Warm C,204247,1258,1257,2066,1217,1,0.0034878175
Warm C,192939,1191,1190,2066,1217,1,0.006856955
Warm C,180082,1128,1127,2066,1217,1,0.0035635207
Warm C,190240,1181,1180,2066,1217,1,0.013684137
Warm C,165087,1053,1052,2066,1217,1,0.0014659945
Warm C,162123,1034,1033,2066,1217,1,0.004342456
Warm C,161074,1026,1025,2066,1217,1,0.0032186524
Warm C,159703,1019,1018,2066,1217,0,0.008397572
Warm C,157632,1015,1014,2066,1217,1,0.011627177
Warm C,153841,989,988,2066,1217,1,-0.0008976939
Warm C,144449,931,930,2066,1217,0,0.0015586421
Warm C,137625,889,888,2066,1217,1,0.004327194
Warm C,128111,829,828,2066,1217,1,-0.0027341577
Warm C,235407,1426,1425,2066,1217,0,0.00575378
Warm C,113659,737,736,2066,1217,1,0.005786152
Warm C,775923,4634,4633,2066,1217,1,-0.0029794318
Warm C,70595,476,475,2066,1217,1,0.0052161943
Warm C,74001,504,503,2066,1217,1,0.0016877293
Warm C,45104,304,303,2066,1217,1,-0.009808893
Warm C,430857,2627,2626,2066,1217,1,0.012385855
Warm C,481551,2962,2961,2066,1217,0,4.5525492e-05
Warm C,13906,112,111,2066,1217,1,0.0022942973
Warm C,591642,3610,3609,2066,1217,0,0.0064849807
Warm C,24131,173,172,2066,1217,0,-0.00019453489
Warm C,3781,27,26,2066,1217,1,-0.0075410814
Warm C,192625,1186,1185,2066,1217,1,0.008235168
Warm C,888452,5367,5366,2066,1217,1,-0.0010958719
Warm C,821498,4940,4939,2066,1217,0,0.005367147
Warm C,293498,1748,1747,2066,1217,1,-0.005761287
Warm C,225939,1369,1368,2066,1217,1,0.010472342
Warm C,18500,146,145,2066,1217,0,0.008052774
Warm C,442559,2726,2725,2068,1219,0,0.0157836
Warm C,437860,2676,2675,2068,1219,1,0.014766701
Warm C,437694,2674,2673,2068,1219,1,0.0055073886
Warm C,393206,2310,2309,2068,1219,1,0.023788651
Warm C,389793,2288,2287,2068,1219,1,0.010499798
Warm C,382678,2237,2236,2068,1219,0,0.019273194
Warm C,381456,2231,2230,2068,1219,1,0.022453811
Warm C,377602,2205,2204,2068,1219,1,0.019554839
Warm C,371929,2173,2172,2068,1219,0,0.016034048
Warm C,371241,2170,2169,2068,1219,0,0.013306126
Warm C,359170,2102,2101,2068,1219,0,0.01891813
Warm C,343436,2018,2017,2068,1219,1,0.015484296
Warm C,318585,1894,1893,2068,1219,1,0.0005320285
Warm C,312724,1864,1863,2068,1219,1,0.0038157168
Warm C,323002,1916,1915,2068,1219,1,0.020203907
Warm C,298277,1768,1767,2068,1219,1,0.016244179
Warm C,280648,1685,1684,2068,1219,1,0.0119180055
Warm C,268693,1632,1631,2068,1219,0,0.036071368
Warm C,235981,1429,1428,2068,1219,0,0.0052031768
Warm C,631268,3821,3820,2068,1219,1,0.016217373
Warm C,325135,1926,1925,2068,1219,1,0.019883078
Warm C,275963,1671,1670,2068,1219,1,0.030509245
Warm C,211957,1291,1290,2068,1219,0,0.023876492
Warm C,207269,1267,1266,2068,1219,0,0.0030553504
Warm C,199793,1227,1226,2068,1219,1,0.01766819
Warm C,294087,1749,1748,2068,1219,0,0.0194383
Warm C,278468,1680,1679,2068,1219,0,0.02811997
Warm C,210466,1285,1284,2068,1219,1,0.028081236
Warm C,180083,1128,1127,2068,1219,1,0.018714389
Warm C,345977,2030,2029,2068,1219,1,0.02097734
Warm C,163059,1041,1040,2068,1219,1,0.009823848
Warm C,246117,1489,1488,2068,1219,1,0.018529834
Warm C,384594,2247,2246,2068,1219,1,0.010938553
Warm C,184741,1150,1149,2068,1219,0,0.028538752
Warm C,137630,889,888,2068,1219,1,0.032003924
Warm C,130921,850,849,2068,1219,1,0.018324494
Warm C,252140,1527,1526,2068,1219,0,0.015858673
Warm C,239548,1449,1448,2068,1219,1,0.030544605
Warm C,94514,635,634,2068,1219,1,0.016477074
Warm C,151148,973,972,2068,1219,0,0.02567118
Warm C,283764,1698,1697,2068,1219,1,0.027179345
Warm C,85460,558,557,2068,1219,0,0.00972911
Warm C,190245,1181,1180,2068,1219,0,0.03558567
Warm C,84698,551,550,2068,1219,1,0.019456543
Warm C,83765,550,549,2068,1219,1,0.021010008
Warm C,66760,447,446,2068,1219,1,0.010734236
Warm C,67669,454,453,2068,1219,1,0.02973655
Warm C,66939,451,450,2068,1219,1,0.012254296
Warm C,712615,4277,4276,2068,1219,1,0.034155518
Warm C,34058,230,229,2068,1219,1,0.012092105
Warm C,34529,235,234,2068,1219,1,0.024634436
Warm C,21877,161,160,2068,1219,1,0.014401231
Warm C,60434,411,410,2068,1219,0,0.024056764
Warm C,76251,518,517,2068,1219,1,0.01444846
Warm C,534911,3301,3300,2068,1219,1,0.011837956
Warm C,284694,1699,1698,2068,1219,1,0.031180706
Warm C,249720,1505,1504,2068,1219,1,0.02314651
Warm C,999871,6040,6039,2068,1219,1,0.015608356
Warm C,916541,5539,5538,2068,1219,1,0.029966556
Warm C,460514,2841,2840,2068,1219,0,0.020976482
Warm C,840953,5054,5053,2068,1219,0,0.01718349
Warm C,208515,1274,1273,2068,1219,1,0.013928121
Warm C,319069,1897,1896,2068,1219,1,0.028041013
Warm C,546629,3371,3370,2068,1219,1,0.02999633
Warm C,420693,2544,2543,2068,1219,0,0.018979559
Warm C,62431,424,423,2068,1219,1,0.03198747
Warm C,321975,1912,1911,2068,1219,0,0.023973174
Warm C,983900,5948,5947,2068,1219,1,0.02179984
Warm C,614094,3720,3719,2069,1220,1,0.0072028227
Warm C,610776,3705,3704,2069,1220,0,0.022923764
Warm C,602236,3664,3663,2069,1220,1,0.0053451434
Warm C,632827,3824,3823,2069,1220,0,0.007725433
Warm C,587154,3586,3585,2069,1220,0,0.0042015626
Warm C,586890,3585,3584,2069,1220,1,0.011914921
Warm C,580754,3547,3546,2069,1220,1,0.009460297
Warm C,578072,3531,3530,2069,1220,1,0.0061847093
Warm C,583137,3562,3561,2069,1220,0,0.0008646044
Warm C,593245,3618,3617,2069,1220,0,0.011095861
Warm C,565927,3476,3475,2069,1220,1,0.0072958306
Warm C,560423,3445,3444,2069,1220,0,0.0075061955
Warm C,549383,3390,3389,2069,1220,1,0.0028937892
Warm C,712616,4277,4276,2069,1220,1,0.013153375
Warm C,539517,3319,3318,2069,1220,0,0.009875348
Warm C,541920,3336,3335,2069,1220,0,0.005178055
Warm C,532888,3292,3291,2069,1220,0,0.0071937884
Warm C,526584,3259,3258,2069,1220,0,0.012634467
Warm C,516196,3188,3187,2069,1220,1,0.001494558
Warm C,509684,3140,3139,2069,1220,0,0.0026009767
Warm C,695686,4169,4168,2069,1220,1,0.01457987
Warm C,474561,2913,2912,2069,1220,1,0.0115294345
Warm C,455692,2807,2806,2069,1220,1,-0.0055421353
Warm C,437862,2676,2675,2069,1220,1,0.004625965
Warm C,437324,2670,2669,2069,1220,1,0.004793612
Warm C,423042,2565,2564,2069,1220,1,0.0059856353
Warm C,419186,2532,2531,2069,1220,1,0.0068778256
Warm C,416251,2507,2506,2069,1220,1,0.024412341
Warm C,463962,2860,2859,2069,1220,1,0.0059116944
Warm C,398161,2368,2367,2069,1220,1,0.005057431
Warm C,371242,2170,2169,2069,1220,1,0.00569007
Warm C,366875,2140,2139,2069,1220,0,0.013112967
Warm C,339604,2002,2001,2069,1220,1,0.0040346705
Warm C,342978,2016,2015,2069,1220,1,-0.00057429285
Warm C,335351,1980,1979,2069,1220,1,0.0032744869
Warm C,320482,1900,1899,2069,1220,1,0.0024513432
Warm C,318586,1894,1893,2069,1220,1,-0.0048694545
Warm C,323004,1916,1915,2069,1220,0,0.0049209464
Warm C,298278,1768,1767,2069,1220,0,-0.0022497403
Warm C,280397,1683,1682,2069,1220,0,0.0070014023
Warm C,280650,1685,1684,2069,1220,1,0.008019184
Warm C,292049,1741,1740,2069,1220,0,0.0073322426
Warm C,268695,1632,1631,2069,1220,0,0.015468672
Warm C,259963,1591,1590,2069,1220,1,0.017016558
Warm C,250032,1506,1505,2069,1220,0,0.0053291093
Warm C,306307,1825,1824,2069,1220,1,0.0020693648
Warm C,278471,1680,1679,2069,1220,0,0.007768997
Warm C,326627,1937,1936,2069,1220,0,0.016497765
Warm C,373713,2181,2180,2069,1220,1,0.014590836
Warm C,254972,1552,1551,2069,1220,1,0.001634618
Warm C,337869,1988,1987,2069,1220,0,0.010919999
Warm C,144699,934,933,2069,1220,1,0.013952846
Warm C,142276,919,918,2069,1220,1,0.006137681
Warm C,130923,850,849,2069,1220,1,0.00029397942
Warm C,210468,1285,1284,2069,1220,1,0.012250346
Warm C,115766,752,751,2069,1220,0,0.0106532
Warm C,100417,670,669,2069,1220,0,0.004782098
Warm C,179364,1125,1124,2069,1220,0,0.017545775
Warm C,94786,637,636,2069,1220,1,0.01308461
Warm C,190248,1181,1180,2069,1220,0,0.006081875
Warm C,537667,3312,3311,2069,1220,1,0.008840222
Warm C,34939,236,235,2069,1220,0,0.0034607544
Warm C,269614,1635,1634,2069,1220,0,0.023027536
Warm C,238493,1448,1447,2069,1220,1,0.010729927
Warm C,9050,62,61,2069,1220,1,0.005243024
Warm C,357149,2092,2091,2069,1220,1,0.0029344186
Warm C,60437,411,410,2069,1220,0,0.0013763135
Warm C,55176,366,365,2069,1220,0,-0.003367232
Warm C,157637,1015,1014,2069,1220,1,0.0036275492
Warm C,484273,2980,2979,2069,1220,1,0.0006750212
Warm C,101838,678,677,2069,1220,0,0.0051630563
Warm C,859983,5172,5171,2069,1220,1,0.010931294
Warm C,50523,333,332,2069,1220,1,0.013819637
Warm C,319070,1897,1896,2069,1220,1,0.011981861
Warm C,275964,1671,1670,2069,1220,1,0.008634099
Warm C,821500,4940,4939,2069,1220,0,0.00025805738
Warm C,479696,2944,2943,2069,1220,1,0.0049689114
Warm C,304583,1812,1811,2069,1220,0,0.008984575
Warm C,554987,3413,3412,2069,1220,1,0.0003485009
Warm C,240878,1451,1450,2069,1220,1,0.01327327
Warm C,593261,3618,3617,2071,1222,1,-0.0036226325
Warm C,562011,3458,3457,2071,1222,1,-0.00205002
Warm C,563538,3469,3468,2071,1222,1,0.0031339992
Warm C,557507,3425,3424,2071,1222,1,0.010247383
Warm C,551741,3400,3399,2071,1222,1,0.0019047131
Warm C,541772,3334,3333,2071,1222,1,-0.0064084195
Warm C,540910,3328,3327,2071,1222,1,0.008896536
Warm C,535494,3305,3304,2071,1222,1,-0.004664843
Warm C,525529,3246,3245,2071,1222,1,0.0039532194
Warm C,530760,3280,3279,2071,1222,1,0.0034574904
Warm C,512506,3163,3162,2071,1222,1,0.0052822884
Warm C,558376,3430,3429,2071,1222,1,0.0052374024
Warm C,738002,4411,4410,2071,1222,1,0.002660474
Warm C,502659,3086,3085,2071,1222,1,0.008129618
Warm C,502353,3083,3082,2071,1222,1,-0.0009849006
Warm C,499072,3067,3066,2071,1222,1,0.004560319
Warm C,487775,3001,3000,2071,1222,1,0.004216532
Warm C,484754,2986,2985,2071,1222,0,0.0038041943
Warm C,467714,2883,2882,2071,1222,0,0.0045887125
Warm C,462983,2857,2856,2071,1222,1,-0.0069584064
Warm C,462431,2854,2853,2071,1222,1,0.0058178864
Warm C,465914,2873,2872,2071,1222,0,0.0013591824
Warm C,492424,3029,3028,2071,1222,1,-0.0033654107
Warm C,440270,2692,2691,2071,1222,1,0.00045329053
Warm C,433069,2641,2640,2071,1222,1,0.0005912271
Warm C,428989,2611,2610,2071,1222,1,0.0009843986
Warm C,463971,2860,2859,2071,1222,1,-0.0004031309
Warm C,403407,2410,2409,2071,1222,0,0.0017994909
Warm C,401853,2398,2397,2071,1222,1,0.0024452
Warm C,393696,2318,2317,2071,1222,1,-0.0031824983
Warm C,387448,2265,2264,2071,1222,1,0.00037745468
Warm C,655925,3952,3951,2071,1222,1,0.0076423446
Warm C,381215,2230,2229,2071,1222,1,0.0023092707
Warm C,382683,2237,2236,2071,1222,1,-0.0063975328
Warm C,379432,2219,2218,2071,1222,0,0.0049473275
Warm C,375269,2187,2186,2071,1222,1,0.0003217084
Warm C,372952,2178,2177,2071,1222,1,-0.0018776748
Warm C,382427,2235,2234,2071,1222,0,0.005196441
Warm C,369146,2158,2157,2071,1222,1,0.0032823915
Warm C,364245,2122,2121,2071,1222,0,-0.0016963524
Warm C,398576,2372,2371,2071,1222,1,-0.0054908036
Warm C,335369,1980,1979,2071,1222,1,0.0044549685
Warm C,306871,1832,1831,2071,1222,1,-0.0006261943
Warm C,293365,1747,1746,2071,1222,1,0.0019992697
Warm C,304206,1807,1806,2071,1222,1,-0.0019884186
Warm C,332446,1962,1961,2071,1222,1,-0.006084999
Warm C,249414,1503,1502,2071,1222,0,-0.0037979367
Warm C,325148,1926,1925,2071,1222,1,-0.000250026
Warm C,222822,1349,1348,2071,1222,0,0.00854624
Warm C,212725,1297,1296,2071,1222,0,0.009638028
Warm C,296281,1758,1757,2071,1222,1,-0.0002360883
Warm C,203941,1255,1254,2071,1222,0,0.0006229384
Warm C,205537,1264,1263,2071,1222,0,0.0060756756
Warm C,200963,1239,1238,2071,1222,1,0.0018879166
Warm C,278493,1680,1679,2071,1222,0,-0.001457844
Warm C,226806,1376,1375,2071,1222,1,0.0030023372
Warm C,262914,1605,1604,2071,1222,1,-0.0019179487
Warm C,327467,1941,1940,2071,1222,0,0.00960177
Warm C,163612,1050,1049,2071,1222,0,-0.00054916274
Warm C,148177,955,954,2071,1222,1,0.0051303804
Warm C,154557,998,997,2071,1222,1,-0.0018306586
Warm C,142676,921,920,2071,1222,1,0.012947889
Warm C,156456,1010,1009,2071,1222,1,0.0036328556
Warm C,416262,2507,2506,2071,1222,1,-0.0047149127
Warm C,306313,1825,1824,2071,1222,0,-0.0015130594
Warm C,115779,752,751,2071,1222,1,0.0058518955
Warm C,107254,706,705,2071,1222,1,0.0059075654
Warm C,329071,1943,1942,2071,1222,1,-0.0010657541
Warm C,695707,4169,4168,2071,1222,1,-0.009065898
Warm C,90217,595,594,2071,1222,1,0.0057463404
Warm C,360397,2106,2105,2071,1222,1,-0.0035121273
Warm C,82642,549,548,2071,1222,1,0.0015932999
Warm C,238509,1448,1447,2071,1222,1,-0.0010214311
Warm C,77106,524,523,2071,1222,1,0.004041105
Warm C,72874,493,492,2071,1222,1,0.0017328858
Warm C,73588,499,498,2071,1222,1,-1.8704799e-05
Warm C,71705,482,481,2071,1222,1,-0.0055832057
Warm C,78220,528,527,2071,1222,1,-0.002125307
Warm C,239565,1449,1448,2071,1222,0,-0.00022280216
Warm C,68128,457,456,2071,1222,1,0.0077055767
Warm C,47169,319,318,2071,1222,1,0.00014835631
Warm C,35183,238,237,2071,1222,0,0.00033660233
Warm C,31713,216,215,2071,1222,0,0.010026757
Warm C,199795,1227,1226,2071,1222,1,0.006327683
Warm C,269632,1635,1634,2071,1222,1,-0.00018279778
Warm C,26235,187,186,2071,1222,1,0.0024589268
Warm C,21886,161,160,2071,1222,1,0.002925604
Warm C,4341,33,32,2071,1222,1,0.002863774
Warm C,578153,3532,3531,2071,1222,1,-0.00735172
Warm C,351292,2063,2062,2071,1222,0,0.000983167
Warm C,257361,1579,1578,2071,1222,1,0.0048231864
Warm C,157659,1015,1014,2071,1222,1,0.0044467505
Warm C,362644,2116,2115,2071,1222,0,-0.0053440537
Warm C,316530,1884,1883,2071,1222,1,0.0084404675
Warm C,164190,1051,1050,2071,1222,1,0.0029795654
Warm C,549642,3391,3390,2071,1222,1,0.0062952666
Warm C,101853,678,677,2071,1222,1,0.003591299
Warm C,420709,2544,2543,2071,1222,0,0.0044288253
Warm C,712632,4277,4276,2071,1222,1,-0.0042797057
Warm C,772578,4607,4606,2071,1222,0,-0.0005711401
Warm C,960229,5792,5791,2071,1222,1,0.0031258436
Warm C,992853,5998,5997,2071,1222,0,0.00548027
Warm C,111560,727,726,2071,1222,1,0.005251576
Warm C,285095,1701,1700,2071,1222,1,-0.002659369
Warm C,136208,881,880,2071,1222,1,0.002123056
Warm C,275973,1671,1670,2071,1222,1,0.0010546478
Warm C,331252,1958,1957,2071,1222,1,0.0016010378
Warm C,840963,5054,5053,2071,1222,0,0.0020846326
Warm C,193374,1194,1193,2071,1222,1,0.008848687
Warm C,229119,1389,1388,2071,1222,1,0.00023883395
Warm C,60452,411,410,2071,1222,1,0.0073596295
Warm C,501082,3080,3079,2073,1224,0,0.0107892975
Warm C,565324,3475,3474,2073,1224,0,0.0060049193
Warm C,933275,5636,5635,2073,1224,1,0.012099118
Warm C,902716,5458,5457,2073,1224,1,0.013317786
Warm C,546643,3371,3370,2073,1224,0,0.015117242
Warm C,893789,5397,5396,2073,1224,1,0.011514786
Warm C,294104,1749,1748,2075,1225,0,0.010922177
Warm C,207277,1267,1266,2075,1225,0,0.004347754
Warm C,189923,1179,1178,2075,1225,1,0.009733558
Warm C,177406,1119,1118,2075,1225,1,0.001860633
Warm C,190275,1181,1180,2075,1225,0,0.016787227
Warm C,157664,1015,1014,2075,1225,0,0.0023137857
Warm C,148942,958,957,2075,1225,1,-0.0010513316
Warm C,146761,948,947,2075,1225,0,0.0016300319
Warm C,106576,702,701,2075,1225,1,0.0036515286
Warm C,100418,670,669,2075,1225,0,0.0009864802
Warm C,88082,580,579,2075,1225,1,0.004494177
Warm C,34064,230,229,2075,1225,0,0.0004853052
Warm C,123234,796,795,2075,1225,0,0.012844071
Warm C,287559,1717,1716,2075,1225,1,0.0074937358
Warm C,284703,1699,1698,2075,1225,1,-0.0011425107
Warm C,934544,5643,5642,2075,1225,0,0.009300174
Warm C,511754,3158,3157,2075,1225,1,0.009720203
Warm C,430870,2627,2626,2075,1225,0,-0.008486934
Warm C,310498,1851,1850,2075,1225,0,0.0073061124
Warm C,810972,4867,4866,2075,1225,1,0.0058386326
Warm C,473114,2909,2908,2075,1225,0,-0.0034221734
Warm C,532904,3292,3291,2077,1227,1,0.014679428
Warm C,505914,3112,3111,2077,1227,1,0.009576868
Warm C,493196,3031,3030,2077,1227,1,0.014976807
Warm C,768539,4579,4578,2077,1227,0,0.007147575
Warm C,486502,2995,2994,2077,1227,1,0.00976545
Warm C,488219,3003,3002,2077,1227,1,-0.003771408
Warm C,485555,2989,2988,2077,1227,1,0.013013843
Warm C,529370,3272,3271,2077,1227,0,0.014916871
Warm C,477808,2934,2933,2077,1227,1,0.013220913
Warm C,695714,4169,4168,2077,1227,1,0.01532377
Warm C,474569,2913,2912,2077,1227,1,0.01116387
Warm C,473115,2909,2908,2077,1227,1,0.013385149
Warm C,462108,2850,2849,2077,1227,0,0.0056359777
Warm C,486855,2996,2995,2077,1227,1,0.005524904
Warm C,465916,2873,2872,2077,1227,0,-0.0024169483
Warm C,458455,2822,2821,2077,1227,1,0.0016581782
Warm C,446261,2752,2751,2077,1227,0,0.01536032
Warm C,444915,2744,2743,2077,1227,0,0.005217104
Warm C,456286,2810,2809,2077,1227,1,0.011253081
Warm C,446646,2753,2752,2077,1227,0,0.0087546455
Warm C,418375,2529,2528,2077,1227,1,0.01568867
Warm C,415981,2506,2505,2077,1227,0,0.013367017
Warm C,609531,3695,3694,2077,1227,1,0.021517288
Warm C,408559,2454,2453,2077,1227,0,0.012691934
Warm C,390581,2293,2292,2077,1227,1,0.0038264082
Warm C,385646,2255,2254,2077,1227,1,0.00631903
Warm C,384846,2248,2247,2077,1227,0,0.007897606
Warm C,372757,2177,2176,2077,1227,0,0.01176215
Warm C,375426,2188,2187,2077,1227,1,0.017718961
Warm C,366884,2140,2139,2077,1227,1,0.009425044
Warm C,387449,2265,2264,2077,1227,0,0.021142203
Warm C,353850,2073,2072,2077,1227,1,0.01604987
Warm C,333670,1969,1968,2077,1227,1,0.014954986
Warm C,327473,1941,1940,2077,1227,1,0.015115241
Warm C,290851,1736,1735,2077,1227,0,0.009568286
Warm C,278505,1680,1679,2077,1227,1,0.008914417
Warm C,268715,1632,1631,2077,1227,0,0.009680093
Warm C,255293,1555,1554,2077,1227,0,0.009989903
Warm C,235423,1426,1425,2077,1227,0,0.022335172
Warm C,240896,1451,1450,2077,1227,1,0.015668225
Warm C,223257,1354,1353,2077,1227,1,0.016956031
Warm C,323586,1920,1919,2077,1227,0,0.014988078
Warm C,277339,1676,1675,2077,1227,0,0.014682298
Warm C,261537,1599,1598,2077,1227,0,0.016622197
Warm C,193380,1194,1193,2077,1227,1,0.011570713
Warm C,192259,1184,1183,2077,1227,1,0.0049604652
Warm C,183003,1141,1140,2077,1227,0,0.01598001
Warm C,177830,1120,1119,2077,1227,0,0.0194426
Warm C,248611,1501,1500,2077,1227,1,0.011438531
Warm C,172571,1094,1093,2077,1227,1,0.0098045105
Warm C,159064,1017,1016,2077,1227,1,0.010732661
Warm C,167614,1068,1067,2077,1227,0,0.009199198
Warm C,164195,1051,1050,2077,1227,1,0.012077687
Warm C,262920,1605,1604,2077,1227,1,0.011578462
Warm C,110274,720,719,2077,1227,0,0.012480669
Warm C,105375,697,696,2077,1227,0,0.006153973
Warm C,100419,670,669,2077,1227,0,0.002191336
Warm C,94797,637,636,2077,1227,1,0.00831324
Warm C,123235,796,795,2077,1227,0,0.010304381
Warm C,93714,629,628,2077,1227,0,0.0064478945
Warm C,151156,973,972,2077,1227,0,0.009459859
Warm C,283788,1698,1697,2077,1227,1,0.011628736
Warm C,775928,4634,4633,2077,1227,1,0.0046205544
Warm C,362649,2116,2115,2077,1227,0,0.017823203
Warm C,886781,5359,5358,2077,1227,1,0.0018238863
Warm C,190280,1181,1180,2077,1227,0,0.0066759
Warm C,83785,550,549,2077,1227,0,0.012345258
Warm C,68502,461,460,2077,1227,1,0.009387957
Warm C,57851,392,391,2077,1227,0,0.018560674
Warm C,47080,318,317,2077,1227,1,0.011738241
Warm C,46699,314,313,2077,1227,1,0.006783523
Warm C,368229,2153,2152,2077,1227,0,0.008250095
Warm C,31720,216,215,2077,1227,1,0.010187795
Warm C,14037,114,113,2077,1227,1,0.003163007
Warm C,6002,44,43,2077,1227,1,0.0077850427
Warm C,30345,204,203,2077,1227,1,0.024517016
Warm C,233821,1422,1421,2077,1227,0,0.0143671045
Warm C,877,10,9,2077,1227,0,0.016576558
Warm C,347808,2041,2040,2077,1227,1,0.012655949
Warm C,958724,5787,5786,2077,1227,1,0.0071721273
Warm C,95287,639,638,2077,1227,1,0.017951872
Warm C,773415,4610,4609,2077,1227,0,0.011874152
Warm C,11821,92,91,2077,1227,0,0.010658318
Warm C,272585,1647,1646,2077,1227,1,0.016617196
Warm C,304597,1812,1811,2077,1227,0,0.016359057
Warm C,618168,3746,3745,2077,1227,1,0.017021894
Warm C,257367,1579,1578,2077,1227,0,0.018276557
Warm C,833257,5011,5010,2077,1227,1,0.0110989185
Warm C,371492,2172,2171,2077,1227,0,0.015483775
Warm C,420715,2544,2543,2077,1227,0,0.016074609
Warm C,275979,1671,1670,2077,1227,1,0.02201891
Warm C,216735,1317,1316,2077,1227,1,0.005047418
Warm C,479699,2944,2943,2077,1227,1,0.0047485735
Warm C,974185,5878,5877,2077,1227,1,0.018955618
Warm C,137674,889,888,2084,1233,0,-0.0039316756
Warm C,127192,822,821,2084,1233,1,-0.007771948
Warm C,262929,1605,1604,2084,1233,1,0.004048704
Warm C,126444,817,816,2084,1233,0,-0.0010501654
Warm C,239586,1449,1448,2084,1233,0,0.0061336113
Warm C,223268,1354,1353,2084,1233,0,0.0035101976
Warm C,159737,1019,1018,2084,1233,0,-0.008691329
Warm C,110278,720,719,2084,1233,0,-0.0029714112
Warm C,216346,1314,1313,2084,1233,1,-0.0077629
Warm C,105821,699,698,2084,1233,0,-0.0059535834
Warm C,94448,634,633,2084,1233,1,0.017438391
Warm C,396903,2350,2349,2084,1233,1,-0.00016540452
Warm C,67682,454,453,2084,1233,0,-0.00061970204
Warm C,74545,509,508,2084,1233,0,0.013155453
Warm C,53413,352,351,2084,1233,0,0.00074692216
Warm C,132222,855,854,2084,1233,0,-0.0066971877
Warm C,44187,302,301,2084,1233,0,0.0059477035
Warm C,73783,500,499,2084,1233,0,-0.0045515215
Warm C,57858,392,391,2084,1233,0,-0.003822875
Warm C,365128,2125,2124,2084,1233,1,0.0058392966
Warm C,695723,4169,4168,2084,1233,0,-0.010740589
Warm C,123241,796,795,2084,1233,0,0.0025343595
Warm C,78229,528,527,2084,1233,1,-0.0055485764
Warm C,552011,3401,3400,2084,1233,0,-0.00057927443
Warm C,65128,438,437,2084,1233,0,-0.0019402541
Warm C,251778,1524,1523,2084,1233,1,-0.001097834
Warm C,11829,92,91,2084,1233,1,0.007035568
Warm C,101870,678,677,2084,1233,1,0.0054647424
Warm C,183009,1141,1140,2084,1233,0,-0.0026097447
Warm C,171177,1088,1087,2084,1233,0,-0.009340514
Warm C,626451,3792,3791,2084,1233,0,0.0026296019
Warm C,206604,1266,1265,2084,1233,0,-0.002264225
Warm C,768545,4579,4578,2084,1233,1,-0.0072891368
Warm C,700437,4193,4192,2091,1239,1,0.018121682
Warm C,690060,4127,4126,2091,1239,0,0.0072284103
Warm C,673900,4048,4047,2091,1239,0,-0.0060425038
Warm C,668186,4021,4020,2091,1239,0,0.016400263
Warm C,665391,4006,4005,2091,1239,0,0.009868735
Warm C,663354,3998,3997,2091,1239,0,0.008564571
Warm C,661812,3992,3991,2091,1239,1,0.017377958
Warm C,655389,3947,3946,2091,1239,1,0.0062183887
Warm C,650602,3923,3922,2091,1239,0,0.008280136
Warm C,761324,4523,4522,2091,1239,0,0.014197749
Warm C,625810,3784,3783,2091,1239,0,0.013072033
Warm C,616444,3731,3730,2091,1239,0,0.02370407
Warm C,612808,3715,3714,2091,1239,0,0.008808807
Warm C,595659,3624,3623,2091,1239,1,0.010891137
Warm C,595116,3621,3620,2091,1239,0,0.0058180857
Warm C,587637,3589,3588,2091,1239,0,0.020607155
Warm C,585489,3576,3575,2091,1239,0,0.009225972
Warm C,583162,3562,3561,2091,1239,0,0.0051106936
Warm C,758310,4510,4509,2091,1239,1,0.013819747
Warm C,573166,3511,3510,2091,1239,0,0.0074570524
Warm C,604924,3678,3677,2091,1239,1,0.0147030335
Warm C,568921,3491,3490,2091,1239,1,0.008067608
Warm C,657031,3961,3960,2091,1239,0,0.013641315
Warm C,558942,3433,3432,2091,1239,0,-0.0005770704
Warm C,553677,3410,3409,2091,1239,1,0.014771966
Warm C,550849,3393,3392,2091,1239,0,-0.0010929307
Warm C,549676,3391,3390,2091,1239,0,0.011727203
Warm C,538810,3314,3313,2091,1239,1,0.007473126
Warm C,531610,3283,3282,2091,1239,0,0.011649799
Warm C,529394,3272,3271,2091,1239,1,0.022121772
Warm C,530778,3280,3279,2091,1239,0,0.006724394
Warm C,517575,3195,3194,2091,1239,0,0.013306942
Warm C,511008,3151,3150,2091,1239,1,0.009232052
Warm C,509707,3140,3139,2091,1239,1,0.008565685
Warm C,539699,3320,3319,2091,1239,0,0.02078802
Warm C,507429,3123,3122,2091,1239,0,0.0058405143
Warm C,493734,3032,3031,2091,1239,1,0.006875539
Warm C,738015,4411,4410,2091,1239,1,0.014798224
Warm C,492455,3029,3028,2091,1239,0,0.026008043
Warm C,487541,2999,2998,2091,1239,0,-0.0013068432
Warm C,517786,3196,3195,2091,1239,1,0.010320134
Warm C,478598,2937,2936,2091,1239,0,0.0071426528
Warm C,472257,2907,2906,2091,1239,1,0.0064820107
Warm C,470839,2899,2898,2091,1239,1,0.004962815
Warm C,468794,2888,2887,2091,1239,1,0.015725091
Warm C,461752,2848,2847,2091,1239,1,0.01705602
Warm C,445060,2745,2744,2091,1239,0,0.0084139705
Warm C,445484,2748,2747,2091,1239,0,0.014049098
Warm C,423057,2565,2564,2091,1239,0,0.011362573
Warm C,418400,2529,2528,2091,1239,0,0.010563059
Warm C,408856,2455,2454,2091,1239,0,0.007484532
Warm C,409460,2457,2456,2091,1239,0,0.0053098793
Warm C,400204,2383,2382,2091,1239,1,0.011277005
Warm C,376953,2202,2201,2091,1239,0,0.006117479
Warm C,373304,2180,2179,2091,1239,0,0.006328419
Warm C,370628,2167,2166,2091,1239,0,0.0019965498
Warm C,361369,2109,2108,2091,1239,0,0.020522939
Warm C,373762,2181,2180,2091,1239,0,0.012769971
Warm C,339827,2004,2003,2091,1239,0,0.004404103
Warm C,325171,1926,1925,2091,1239,0,0.004854368
Warm C,303173,1801,1800,2091,1239,1,0.010020284
Warm C,301156,1790,1789,2091,1239,1,0.0063420814
Warm C,295917,1757,1756,2091,1239,0,0.0068983138
Warm C,293074,1746,1745,2091,1239,1,0.010895651
Warm C,297273,1764,1763,2091,1239,0,0.012368441
Warm C,292080,1741,1740,2091,1239,1,0.016920228
Warm C,360423,2106,2105,2091,1239,0,0.007601751
Warm C,276763,1675,1674,2091,1239,0,0.015564311
Warm C,272611,1647,1646,2091,1239,0,0.019562284
Warm C,346016,2030,2029,2091,1239,0,0.016978674
Warm C,350622,2059,2058,2091,1239,0,0.01644812
Warm C,224610,1358,1357,2091,1239,0,0.017285066
Warm C,323609,1920,1919,2091,1239,0,0.012055524
Warm C,216163,1312,1311,2091,1239,0,0.010215782
Warm C,215975,1311,1310,2091,1239,0,0.009996822
Warm C,278546,1680,1679,2091,1239,1,0.013721272
Warm C,198745,1221,1220,2091,1239,1,0.0026002834
Warm C,213233,1298,1297,2091,1239,1,0.007509923
Warm C,327516,1941,1940,2091,1239,0,0.01733844
Warm C,186894,1159,1158,2091,1239,0,0.007957577
Warm C,181541,1135,1134,2091,1239,1,0.014954785
Warm C,177422,1119,1118,2091,1239,0,0.015269
Warm C,173468,1100,1099,2091,1239,0,0.0037745135
Warm C,170349,1085,1084,2091,1239,0,0.013073146
Warm C,212739,1297,1296,2091,1239,0,0.006542193
Warm C,127199,822,821,2091,1239,1,0.016291866
Warm C,122123,788,787,2091,1239,1,0.015181285
Warm C,103623,689,688,2091,1239,1,0.001945029
Warm C,100424,670,669,2091,1239,0,0.006827866
Warm C,239606,1449,1448,2091,1239,0,0.0065147183
Warm C,712666,4277,4276,2091,1239,1,0.0053759054
Warm C,109149,714,713,2091,1239,1,0.015645355
Warm C,93727,629,628,2091,1239,1,0.006199006
Warm C,94454,634,633,2091,1239,0,-0.0028165074
Warm C,90883,602,601,2091,1239,1,0.004235604
Warm C,86008,563,562,2091,1239,0,0.010319543
Warm C,70617,476,475,2091,1239,0,0.012029586
Warm C,66456,445,444,2091,1239,0,0.011491473
Warm C,71727,482,481,2091,1239,0,0.0142119685
Warm C,75805,516,515,2091,1239,0,0.007985692
Warm C,62495,424,423,2091,1239,0,0.013407491
Warm C,50955,336,335,2091,1239,1,0.0051167984
Warm C,45752,308,307,2091,1239,0,0.009667958
Warm C,38476,262,261,2091,1239,0,0.0030227357
Warm C,31764,216,215,2091,1239,0,0.01369789
Warm C,34574,235,234,2091,1239,1,0.007159929
Warm C,238528,1448,1447,2091,1239,0,0.014569447
Warm C,7476,53,52,2091,1239,1,0.0063381633
Warm C,927,10,9,2091,1239,0,0.007372578
Warm C,2932,23,22,2091,1239,0,0.011529952
Warm C,233846,1422,1421,2091,1239,0,0.008899209
Warm C,104091,692,691,2091,1239,0,0.008215632
Warm C,695739,4169,4168,2091,1239,0,0.011820676
Warm C,530196,3274,3273,2091,1239,0,0.01517309
Warm C,385948,2258,2257,2091,1239,1,0.0102081
Warm C,365639,2129,2128,2091,1239,1,0.0041042985
Warm C,325993,1930,1929,2091,1239,0,0.0063210484
Warm C,333690,1969,1968,2091,1239,0,0.016651148
Warm C,101887,678,677,2091,1239,0,0.012555361
Warm C,632881,3824,3823,2091,1239,0,0.009738503
Warm C,20609,151,150,2091,1239,0,0.013209034
Warm C,454454,2796,2795,2091,1239,0,0.008205486
Warm C,216756,1317,1316,2091,1239,1,0.0063284836
Warm C,177860,1120,1119,2091,1239,0,0.016528038
Warm C,136233,881,880,2091,1239,0,0.010492471
Warm C,489101,3012,3011,2091,1239,0,0.0069694445
Warm C,585491,3576,3575,2092,1240,0,0.008107353
Warm C,758312,4510,4509,2092,1240,1,0.015613048
Warm C,568100,3486,3485,2092,1240,0,-0.0014256146
Warm C,573390,3512,3511,2092,1240,0,0.016237091
Warm C,562014,3458,3457,2092,1240,0,0.0026333826
Warm C,558388,3430,3429,2092,1240,0,0.010521479
Warm C,551591,3399,3398,2092,1240,0,0.0077825473
Warm C,547497,3378,3377,2092,1240,0,0.0017644141
Warm C,512541,3163,3162,2092,1240,0,0.0045040445
Warm C,509709,3140,3139,2092,1240,0,0.009243259
Warm C,766000,4561,4560,2092,1240,1,0.0008635713
Warm C,493735,3032,3031,2092,1240,1,0.008758376
Warm C,489444,3013,3012,2092,1240,0,0.011981802
Warm C,456304,2810,2809,2092,1240,0,0.00765536
Warm C,445485,2748,2747,2092,1240,0,0.0073592453
Warm C,442209,2722,2721,2092,1240,0,0.005187587
Warm C,429977,2621,2620,2092,1240,0,0.0013154135
Warm C,418402,2529,2528,2092,1240,0,0.0053362204
Warm C,409461,2457,2456,2092,1240,0,0.012126805
Warm C,373305,2180,2179,2092,1240,0,0.003546813
Warm C,345393,2026,2025,2092,1240,0,0.0018213904
Warm C,345749,2029,2028,2092,1240,0,0.0055288374
Warm C,346937,2035,2034,2092,1240,0,0.012040859
Warm C,341376,2012,2011,2092,1240,0,0.007936713
Warm C,340392,2010,2009,2092,1240,0,0.005183163
Warm C,362666,2116,2115,2092,1240,0,0.021078547
Warm C,321789,1909,1908,2092,1240,0,0.007341486
Warm C,321553,1907,1906,2092,1240,0,0.008462208
Warm C,314894,1880,1879,2092,1240,0,0.008374818
Warm C,274845,1664,1663,2092,1240,0,-0.0056149187
Warm C,277364,1676,1675,2092,1240,0,0.0048539173
Warm C,247274,1495,1494,2092,1240,0,0.005266266
Warm C,218506,1325,1324,2092,1240,0,0.0037909588
Warm C,216164,1312,1311,2092,1240,0,0.0018906804
Warm C,215976,1311,1310,2092,1240,0,0.0059145177
Warm C,278547,1680,1679,2092,1240,0,0.0078099165
Warm C,272612,1647,1646,2092,1240,0,0.01331155
Warm C,591686,3610,3609,2092,1240,0,-0.0055323755
Warm C,235798,1427,1426,2092,1240,0,-9.919575e-05
Warm C,293075,1746,1745,2092,1240,1,0.0095129
Warm C,327518,1941,1940,2092,1240,0,0.0067174244
Warm C,183464,1142,1141,2092,1240,0,0.004352608
Warm C,177862,1120,1119,2092,1240,0,0.0076613445
Warm C,248629,1501,1500,2092,1240,0,0.009041641
Warm C,175284,1112,1111,2092,1240,0,0.0033129696
Warm C,167630,1068,1067,2092,1240,0,0.006968949
Warm C,227529,1380,1379,2092,1240,0,0.014797829
Warm C,342146,2015,2014,2092,1240,0,0.009046376
Warm C,249140,1502,1501,2092,1240,1,0.0080184955
Warm C,137694,889,888,2092,1240,0,0.013981913
Warm C,133754,866,865,2092,1240,0,0.006214114
Warm C,133980,869,868,2092,1240,0,0.0017669038
Warm C,128754,836,835,2092,1240,1,-0.005276073
Warm C,351331,2063,2062,2092,1240,0,0.010462592
Warm C,127200,822,821,2092,1240,0,0.0031231847
Warm C,262945,1605,1604,2092,1240,0,0.008602614
Warm C,126449,817,816,2092,1240,1,-8.522952e-05
Warm C,125404,807,806,2092,1240,1,-0.0024089941
Warm C,124141,800,799,2092,1240,0,0.0056711864
Warm C,360425,2106,2105,2092,1240,0,0.0020876916
Warm C,234688,1425,1424,2092,1240,0,0.008301348
Warm C,116772,753,752,2092,1240,1,0.0029187086
Warm C,114684,746,745,2092,1240,0,0.006481615
Warm C,216356,1314,1313,2092,1240,0,0.0024522233
Warm C,107136,705,704,2092,1240,0,0.0010652205
Warm C,105828,699,698,2092,1240,0,0.0058109662
Warm C,99283,662,661,2092,1240,0,-0.0025597627
Warm C,109150,714,713,2092,1240,0,0.010231912
Warm C,87170,570,569,2092,1240,0,0.010705686
Warm C,81176,541,540,2092,1240,0,0.005353988
Warm C,83820,550,549,2092,1240,0,0.009761625
Warm C,86439,566,565,2092,1240,0,0.009009696
Warm C,72742,490,489,2092,1240,0,0.004617367
Warm C,69751,470,469,2092,1240,0,0.0022866977
Warm C,81434,543,542,2092,1240,0,0.009148656
Warm C,43797,301,300,2092,1240,0,5.2579213e-05
Warm C,54335,355,354,2092,1240,0,0.0069145113
Warm C,29591,202,201,2092,1240,0,0.0082744295
Warm C,365136,2125,2124,2092,1240,0,0.006725542
Warm C,14343,117,116,2092,1240,0,0.004683384
Warm C,10452,75,74,2092,1240,0,-0.005698298
Warm C,172444,1092,1091,2092,1240,1,0.006569328
Warm C,79071,531,530,2092,1240,0,0.008828649
Warm C,794311,4750,4749,2092,1240,1,0.0047007864
Warm C,530197,3274,3273,2092,1240,0,0.019991355
Warm C,552031,3401,3400,2092,1240,0,0.012957825
Warm C,139108,890,889,2092,1240,1,0.010249995
Warm C,65138,438,437,2092,1240,0,0.0054709148
Warm C,358180,2097,2096,2092,1240,0,0.0067391866
Warm C,95301,639,638,2092,1240,0,0.0027295006
Warm C,385949,2258,2257,2092,1240,0,0.0020845025
Warm C,286385,1710,1709,2092,1240,0,0.0014040788
Warm C,11847,92,91,2092,1240,0,0.0015464947
Warm C,376296,2195,2194,2092,1240,0,-0.0037204956
Warm C,101888,678,677,2092,1240,0,0.0059700604
Warm C,171198,1088,1087,2092,1240,0,0.009041306
Warm C,27869,195,194,2092,1240,0,0.013449727
Warm C,222704,1348,1347,2092,1240,0,0.003643735
Warm C,264896,1611,1610,2092,1240,0,0.0045632706
Warm C,768555,4579,4578,2092,1240,0,0.011601994
Warm C,259259,1587,1586,2092,1240,0,0.010481294
Warm C,255412,1556,1555,2092,1240,0,0.0064972322
Warm C,656019,3953,3952,2092,1240,0,-0.00065326854
Warm C,469790,2895,2894,2095,1243,1,0.001434429
Warm C,453444,2793,2792,2095,1243,1,0.0019680911
Warm C,435683,2664,2663,2095,1243,0,0.004051489
Warm C,416306,2507,2506,2095,1243,0,0.0063344557
Warm C,418407,2529,2528,2095,1243,0,0.00026436854
Warm C,373769,2181,2180,2095,1243,0,-0.0028378225
Warm C,361375,2109,2108,2095,1243,0,0.0025949227
Warm C,333692,1969,1968,2095,1243,1,0.0021087453
Warm C,297278,1764,1763,2095,1243,0,-0.0097004585
Warm C,298932,1776,1775,2095,1243,0,0.01033273
Warm C,273441,1648,1647,2095,1243,0,0.0116376635
Warm C,286191,1709,1708,2095,1243,1,-0.0003634449
Warm C,261558,1599,1598,2095,1243,1,0.0009656013
Warm C,436113,2665,2664,2095,1243,0,-0.008028843
Warm C,346023,2030,2029,2095,1243,0,-0.0012556572
Warm C,360430,2106,2105,2095,1243,0,-0.009887923
Warm C,265488,1613,1612,2095,1243,0,0.005605433
Warm C,231543,1404,1403,2095,1243,0,0.0026937963
Warm C,219676,1333,1332,2095,1243,0,0.0038820643
Warm C,278556,1680,1679,2095,1243,1,0.0015618174
Warm C,198747,1221,1220,2095,1243,0,0.00957143
Warm C,327527,1941,1940,2095,1243,1,-0.0081432285
Warm C,188375,1169,1168,2095,1243,0,-0.0065801484
Warm C,184803,1150,1149,2095,1243,0,-0.00035871472
Warm C,173470,1100,1099,2095,1243,0,-0.011074295
Warm C,162148,1034,1033,2095,1243,0,-0.0042407718
Warm C,336841,1983,1982,2095,1243,1,-0.0013624476
Warm C,216762,1317,1316,2095,1243,0,0.0037271134
Warm C,127202,822,821,2095,1243,1,0.007058726
Warm C,314898,1880,1879,2095,1243,0,0.0026387705
Warm C,124144,800,799,2095,1243,1,0.002396769
Warm C,262950,1605,1604,2095,1243,0,0.0010857421
Warm C,93729,629,628,2095,1243,0,0.003164018
Warm C,351336,2063,2062,2095,1243,0,-0.00883444
Warm C,85194,556,555,2095,1243,0,0.0052502006
Warm C,233852,1422,1421,2095,1243,0,0.0083002765
Warm C,83826,550,549,2095,1243,0,0.0008736951
Warm C,43537,300,299,2095,1243,1,0.009197382
Warm C,41303,279,278,2095,1243,0,0.0005172683
Warm C,192645,1186,1185,2095,1243,1,-0.0051748333
Warm C,552036,3401,3400,2095,1243,0,0.011221296
Warm C,65142,438,437,2095,1243,0,0.0062650396
Warm C,954176,5761,5760,2095,1243,0,0.0017859535
Warm C,325995,1930,1929,2095,1243,0,-0.0069010244
Warm C,347832,2041,2040,2095,1243,0,0.006358171
Warm C,130437,846,845,2095,1243,1,0.004622009
Warm C,164224,1051,1050,2095,1243,0,-0.005032026
Warm C,95304,639,638,2095,1243,1,-0.0015609299
Warm C,257388,1579,1578,2095,1243,1,-0.00023588957
Warm C,101895,678,677,2095,1243,0,0.001309261
Warm C,632886,3824,3823,2095,1243,0,-0.012271559
Warm C,133984,869,868,2095,1243,0,-0.0010324493
Warm C,335413,1980,1979,2095,1243,0,-0.00016573595
Warm C,93732,629,628,2098,1246,1,-0.0043018553
Warm C,425587,2583,2582,2098,1246,1,0.0083340835
Warm C,95307,639,638,2098,1246,1,0.01678411
Warm C,233856,1422,1421,2098,1246,0,0.0026309942
Warm C,83834,550,549,2098,1246,0,0.010298295
Warm C,73048,494,493,2098,1246,1,-0.0025508658
Warm C,70620,476,475,2098,1246,0,0.008886362
Warm C,64723,434,433,2098,1246,0,-0.0012347624
Warm C,177870,1120,1119,2098,1246,0,0.020066235
Warm C,31775,216,215,2098,1246,0,0.018138062
Warm C,13663,109,108,2098,1246,1,0.0068950276
Warm C,60503,411,410,2098,1246,0,0.016104227
Warm C,216768,1317,1316,2098,1246,0,0.0016948773
Warm C,993791,6002,6001,2098,1246,1,0.008162864
Warm C,699546,4186,4185,2098,1246,0,0.014377193
Warm C,346556,2031,2030,2098,1246,1,0.007480938
Warm C,629419,3808,3807,2102,1249,0,0.010694994
Warm C,638116,3841,3840,2102,1249,0,0.0080657145
Warm C,627506,3796,3795,2102,1249,0,0.0065751574
Warm C,670235,4028,4027,2102,1249,0,0.030805735
Warm C,612900,3715,3714,2102,1249,1,0.0072920066
Warm C,992361,5996,5995,2102,1249,1,0.018505793
Warm C,604196,3675,3674,2102,1249,0,0.012375551
Warm C,595225,3621,3620,2102,1249,1,0.01582966
Warm C,593033,3615,3614,2102,1249,1,0.008523874
Warm C,587889,3589,3588,2102,1249,0,0.015748363
Warm C,728129,4354,4353,2102,1249,1,0.002092536
Warm C,696251,4169,4168,2102,1249,1,0.011388859
Warm C,566219,3476,3475,2102,1249,0,-0.002722701
Warm C,832960,5008,5007,2102,1249,0,0.0041893045
Warm C,550099,3391,3390,2102,1249,0,0.004831132
Warm C,577147,3526,3525,2102,1249,0,0.012869837
Warm C,552941,3402,3401,2102,1249,1,0.014935551
Warm C,556230,3418,3417,2102,1249,0,-0.0014914242
Warm C,533289,3292,3291,2102,1249,1,0.016587319
Warm C,529678,3272,3271,2102,1249,1,0.02677178
Warm C,519481,3205,3204,2102,1249,0,0.0060005984
Warm C,512814,3163,3162,2102,1249,1,0.012202793
Warm C,503817,3096,3095,2102,1249,0,0.007003989
Warm C,500879,3077,3076,2102,1249,0,0.00357392
Warm C,713021,4277,4276,2102,1249,1,0.014290791
Warm C,633212,3824,3823,2102,1249,1,0.011398268
Warm C,491797,3025,3024,2102,1249,0,0.0061290395
Warm C,487567,2999,2998,2102,1249,1,0.004431882
Warm C,517861,3196,3195,2102,1249,0,0.012479001
Warm C,479246,2941,2940,2102,1249,1,0.005854886
Warm C,475881,2920,2919,2102,1249,1,0.0005597747
Warm C,473586,2909,2908,2102,1249,0,0.013969729
Warm C,738142,4411,4410,2102,1249,0,0.006276969
Warm C,445352,2747,2746,2102,1249,1,0.011496158
Warm C,440638,2695,2694,2102,1249,0,0.010522551
Warm C,437419,2670,2669,2102,1249,0,-0.0027755806
Warm C,427786,2599,2598,2102,1249,0,0.0031279468
Warm C,429133,2611,2610,2102,1249,0,0.005616184
Warm C,424117,2571,2570,2102,1249,1,0.0020493316
Warm C,419758,2537,2536,2102,1249,0,0.011940311
Warm C,418654,2529,2528,2102,1249,1,0.017750824
Warm C,416574,2507,2506,2102,1249,1,0.011946484
Warm C,394665,2329,2328,2102,1249,0,0.008589166
Warm C,385698,2255,2254,2102,1249,1,0.005307858
Warm C,381638,2231,2230,2102,1249,1,0.016481027
Warm C,372827,2177,2176,2102,1249,1,0.018202785
Warm C,373426,2180,2179,2102,1249,0,0.008351509
Warm C,374051,2181,2180,2102,1249,0,0.02014003
Warm C,369502,2162,2161,2102,1249,1,0.014576902
Warm C,367743,2147,2146,2102,1249,1,-0.0025821314
Warm C,364734,2124,2123,2102,1249,1,0.012493081
Warm C,354082,2073,2072,2102,1249,0,0.005500979
Warm C,345798,2029,2028,2102,1249,0,0.00890819
Warm C,345096,2024,2023,2102,1249,0,0.0026945597
Warm C,341573,2012,2011,2102,1249,1,0.006259616
Warm C,333822,1969,1968,2102,1249,0,0.0076611824
Warm C,326985,1938,1937,2102,1249,0,0.0050537125
Warm C,317202,1885,1884,2102,1249,0,-0.001420479
Warm C,323161,1916,1915,2102,1249,0,0.008396661
Warm C,310417,1850,1849,2102,1249,0,0.00032020616
Warm C,289640,1728,1727,2102,1249,1,-0.00051615154
Warm C,285937,1706,1705,2102,1249,0,0.0066608954
Warm C,277663,1676,1675,2102,1249,1,0.019783402
Warm C,268513,1631,1630,2102,1249,1,0.00072632916
Warm C,346179,2030,2029,2102,1249,1,0.016237887
Warm C,258997,1586,1585,2102,1249,0,0.015226503
Warm C,436392,2665,2664,2102,1249,0,0.0066517047
Warm C,235568,1426,1425,2102,1249,1,0.011790214
Warm C,258413,1584,1583,2102,1249,0,0.011221722
Warm C,228928,1387,1386,2102,1249,0,0.008776007
Warm C,242782,1465,1464,2102,1249,1,0.01810395
Warm C,284137,1698,1697,2102,1249,1,0.015999008
Warm C,253275,1540,1539,2102,1249,0,0.0018026065
Warm C,218579,1325,1324,2102,1249,1,-0.00076314854
Warm C,218001,1322,1321,2102,1249,1,-0.00071198307
Warm C,318132,1890,1889,2102,1249,0,0.009730563
Warm C,213893,1299,1298,2102,1249,1,0.015630092
Warm C,591950,3610,3609,2102,1249,0,0.012794662
Warm C,199774,1226,1225,2102,1249,1,0.00071859336
Warm C,235838,1427,1426,2102,1249,0,0.016665462
Warm C,293169,1746,1745,2102,1249,1,0.003666963
Warm C,328071,1941,1940,2102,1249,1,0.010213225
Warm C,182775,1140,1139,2102,1249,0,0.014735794
Warm C,173644,1100,1099,2102,1249,0,-0.002335528
Warm C,248808,1501,1500,2102,1249,1,0.003940343
Warm C,167836,1068,1067,2102,1249,0,0.014303407
Warm C,155861,1004,1003,2102,1249,1,0.0030212107
Warm C,269920,1635,1634,2102,1249,1,0.017252441
Warm C,185242,1150,1149,2102,1249,0,0.016357156
Warm C,276938,1675,1674,2102,1249,1,0.01669738
Warm C,347364,2038,2037,2102,1249,0,0.017453099
Warm C,138238,889,888,2102,1249,0,0.012057416
Warm C,121123,780,779,2102,1249,0,0.01252749
Warm C,240036,1449,1448,2102,1249,0,0.00849282
Warm C,178098,1120,1119,2102,1249,1,0.008378396
Warm C,126295,816,815,2102,1249,1,0.021107
Warm C,112448,731,730,2102,1249,1,0.010887852
Warm C,108501,711,710,2102,1249,1,-0.004829253
Warm C,108703,712,711,2102,1249,0,0.013977913
Warm C,98134,656,655,2102,1249,1,0.020563774
Warm C,123398,796,795,2102,1249,1,0.015124996
Warm C,93779,629,628,2102,1249,0,0.0073237787
Warm C,222071,1343,1342,2102,1249,1,-0.00032819994
Warm C,339165,1998,1997,2102,1249,1,0.019383067
Warm C,85252,556,555,2102,1249,1,-0.0028360994
Warm C,84135,550,549,2102,1249,1,0.013691042
Warm C,83087,549,548,2102,1249,0,0.005811859
Warm C,396943,2350,2349,2102,1249,1,-0.010132091
Warm C,119229,770,769,2102,1249,0,0.01673719
Warm C,73472,498,497,2102,1249,1,0.0054834024
Warm C,72760,490,489,2102,1249,0,0.01106606
Warm C,274195,1657,1656,2102,1249,0,0.0051548593
Warm C,69770,470,469,2102,1249,1,0.0078665055
Warm C,66772,447,446,2102,1249,1,0.0061851107
Warm C,48938,327,326,2102,1249,0,-0.0057189623
Warm C,338113,1988,1987,2102,1249,1,0.013590596
Warm C,44087,301,300,2102,1249,1,0.010973628
Warm C,65336,438,437,2102,1249,0,0.020994103
Warm C,32395,216,215,2102,1249,0,0.017005414
Warm C,26198,186,185,2102,1249,1,0.024745042
Warm C,25283,178,177,2102,1249,0,0.0057109296
Warm C,148736,957,956,2102,1249,1,0.010049421
Warm C,18192,139,138,2102,1249,0,0.005768298
Warm C,13953,112,111,2102,1249,0,0.007597211
Warm C,351799,2063,2062,2102,1249,0,0.02039434
Warm C,892944,5394,5393,2102,1249,0,0.010696832
Warm C,954214,5761,5760,2102,1249,0,0.012895854
Warm C,241862,1457,1456,2102,1249,0,0.0013971962
Warm C,12181,92,91,2102,1249,0,0.014200486
Warm C,927545,5605,5604,2102,1249,0,0.0153431175
Warm C,102217,678,677,2102,1249,1,0.019711748
Warm C,161328,1029,1028,2102,1249,0,0.005581773
Warm C,46188,308,307,2102,1249,1,0.018497271
Warm C,50717,333,332,2102,1249,1,0.012807873
Warm C,639079,3842,3841,2102,1249,1,-0.0015519084
Warm C,878999,5312,5311,2102,1249,1,0.022544697
Warm C,489594,3013,3012,2102,1249,0,0.01689182
Warm C,758573,4510,4509,2106,1251,0,0.020234514
Warm C,578502,3536,3535,2106,1251,1,0.0114135165
Warm C,579308,3539,3538,2106,1251,1,0.017764803
Warm C,713024,4277,4276,2106,1251,1,0.02141753
Warm C,593807,3618,3617,2106,1251,1,0.02439777
Warm C,577149,3526,3525,2106,1251,0,0.006508928
Warm C,550103,3391,3390,2106,1251,1,0.020689987
Warm C,546796,3371,3370,2106,1251,0,0.015199021
Warm C,544683,3358,3357,2106,1251,1,0.012134797
Warm C,535984,3308,3307,2106,1251,1,0.014161096
Warm C,608258,3690,3689,2106,1251,0,0.02033171
Warm C,527858,3263,3262,2106,1251,1,0.012183231
Warm C,526747,3259,3258,2106,1251,1,0.015297008
Warm C,519482,3205,3204,2106,1251,1,0.0153831085
Warm C,521432,3217,3216,2106,1251,1,0.009668032
Warm C,658366,3967,3966,2106,1251,0,-7.0523005e-05
Warm C,526224,3253,3252,2106,1251,1,0.0027197667
Warm C,548547,3386,3385,2106,1251,0,0.012406213
Warm C,571048,3503,3502,2106,1251,1,0.01652313
Warm C,738145,4411,4410,2106,1251,0,0.01658679
Warm C,499400,3067,3066,2106,1251,1,0.015850993
Warm C,499955,3069,3068,2106,1251,0,0.0041163173
Warm C,493370,3031,3030,2106,1251,1,0.02877224
Warm C,488341,3004,3003,2106,1251,1,0.01024149
Warm C,497209,3054,3053,2106,1251,0,0.0101881875
Warm C,487890,3001,3000,2106,1251,0,0.01665673
Warm C,483072,2968,2967,2106,1251,1,0.01937201
Warm C,468411,2887,2886,2106,1251,1,0.022094708
Warm C,459927,2837,2836,2106,1251,0,0.015022919
Warm C,465987,2873,2872,2106,1251,0,0.01218418
Warm C,492708,3029,3028,2106,1251,1,0.019789612
Warm C,450842,2777,2776,2106,1251,0,0.011929827
Warm C,449352,2771,2770,2106,1251,0,0.019260455
Warm C,443811,2737,2736,2106,1251,1,0.015424913
Warm C,439929,2689,2688,2106,1251,0,0.008613929
Warm C,430488,2624,2623,2106,1251,1,0.007494456
Warm C,430072,2621,2620,2106,1251,0,0.018679645
Warm C,412812,2484,2483,2106,1251,0,0.021713434
Warm C,408672,2454,2453,2106,1251,0,0.0126811825
Warm C,404005,2414,2413,2106,1251,1,0.020557526
Warm C,395870,2340,2339,2106,1251,1,0.020504963
Warm C,386058,2258,2257,2106,1251,1,0.011361606
Warm C,384106,2244,2243,2106,1251,0,0.01895294
Warm C,375573,2188,2187,2106,1251,0,0.012213785
Warm C,351171,2062,2061,2106,1251,0,0.01240924
Warm C,351803,2063,2062,2106,1251,0,0.036442295
Warm C,335865,1980,1979,2106,1251,0,0.023282165
Warm C,330284,1949,1948,2106,1251,1,0.018976524
Warm C,330525,1951,1950,2106,1251,0,0.0023604091
Warm C,296044,1757,1756,2106,1251,1,0.014234375
Warm C,275097,1666,1665,2106,1251,0,0.00030960422
Warm C,272176,1645,1644,2106,1251,1,0.01372724
Warm C,265751,1613,1612,2106,1251,0,0.030484462
Warm C,218810,1327,1326,2106,1251,1,0.008204779
Warm C,252836,1532,1531,2106,1251,0,0.019334903
Warm C,279183,1680,1679,2106,1251,0,0.015838206
Warm C,196496,1207,1206,2106,1251,0,0.022722527
Warm C,342447,2015,2014,2106,1251,0,0.0076631047
Warm C,188959,1172,1171,2106,1251,1,0.017601967
Warm C,263293,1605,1604,2106,1251,1,0.018352766
Warm C,165997,1058,1057,2106,1251,1,0.022957899
Warm C,190881,1181,1180,2106,1251,0,0.02425567
Warm C,158154,1015,1014,2106,1251,0,0.022031443
Warm C,146939,948,947,2106,1251,0,0.0078008436
Warm C,144640,933,932,2106,1251,1,0.01642249
Warm C,138244,889,888,2106,1251,0,0.01976812
Warm C,141507,911,910,2106,1251,1,0.022766871
Warm C,136560,881,880,2106,1251,0,0.018874627
Warm C,131897,854,853,2106,1251,0,0.009960391
Warm C,178101,1120,1119,2106,1251,1,0.0088745365
Warm C,116171,752,751,2106,1251,0,0.0145779345
Warm C,115377,749,748,2106,1251,0,0.005246563
Warm C,100832,673,672,2106,1251,0,0.012459746
Warm C,109282,714,713,2106,1251,1,0.017182192
Warm C,98418,659,658,2106,1251,1,0.010895085
Warm C,90642,601,600,2106,1251,0,0.005859065
Warm C,69678,468,467,2106,1251,0,0.011608461
Warm C,70157,474,473,2106,1251,0,0.02260635
Warm C,60287,409,408,2106,1251,1,0.018016314
Warm C,61481,412,411,2106,1251,1,0.018485097
Warm C,52770,347,346,2106,1251,0,0.013377057
Warm C,54139,352,351,2106,1251,0,0.009159043
Warm C,52668,346,345,2106,1251,1,0.014333259
Warm C,78447,528,527,2106,1251,1,0.015608881
Warm C,132448,855,854,2106,1251,0,0.022134528
Warm C,47779,319,318,2106,1251,0,0.023781318
Warm C,360752,2106,2105,2106,1251,0,0.009030185
Warm C,58263,392,391,2106,1251,0,0.015013971
Warm C,89999,593,592,2106,1251,1,0.0040881187
Warm C,696255,4169,4168,2106,1251,0,0.02283851
Warm C,33724,225,224,2106,1251,0,0.026450133
Warm C,26719,189,188,2106,1251,1,0.0023360369
Warm C,537116,3311,3310,2106,1251,0,0.0071773482
Warm C,248813,1501,1500,2106,1251,1,0.015204517
Warm C,8028,53,52,2106,1251,1,0.013091969
Warm C,3743,26,25,2106,1251,0,0.019311592
Warm C,223522,1354,1353,2106,1251,1,0.009772884
Warm C,1329,11,10,2106,1251,0,0.012534758
Warm C,55748,368,367,2106,1251,0,0.009150193
Warm C,237882,1447,1446,2106,1251,0,0.02919902
Warm C,181986,1137,1136,2106,1251,0,0.021524131
Warm C,23924,169,168,2106,1251,0,0.0117162075
Warm C,365744,2129,2128,2106,1251,0,0.016724272
Warm C,447331,2756,2755,2106,1251,1,0.0128730945
Warm C,164520,1051,1050,2106,1251,0,0.027728368
Warm C,512819,3163,3162,2106,1251,1,0.022769134
Warm C,927547,5605,5604,2106,1251,1,0.023948822
Warm C,102221,678,677,2106,1251,1,0.030714497
Warm C,33229,224,223,2106,1251,0,0.01060275
Warm C,11719,90,89,2106,1251,0,0.014302835
Warm C,599233,3648,3647,2106,1251,0,0.020575305
Warm C,46193,308,307,2106,1251,1,0.013768092
Warm C,547571,3378,3377,2106,1251,1,0.0031684544
Warm C,562563,3462,3461,2106,1251,1,0.017137531
Warm C,348008,2041,2040,2106,1251,0,0.01595186
Warm C,507749,3125,3124,2106,1251,1,0.016684916
Warm C,41338,279,278,2106,1251,0,0.013301918
Warm C,977868,5892,5891,2106,1251,0,0.0161506
Warm C,561573,3454,3453,2106,1251,0,0.019196115
Warm C,657516,3963,3962,2106,1251,1,0.023185238
Warm C,537900,3312,3311,2106,1251,0,0.012902999
Warm C,293737,1748,1747,2106,1251,0,0.010629429
Warm C,183189,1141,1140,2106,1251,0,0.014838426
Warm C,683968,4089,4088,2106,1251,1,0.02244452
Warm C,26028,184,183,2106,1251,0,0.020106802
Warm C,636903,3836,3835,2107,1252,0,0.007483319
Warm C,629425,3808,3807,2107,1252,1,-0.0070252726
Warm C,627925,3801,3800,2107,1252,1,-0.0012929263
Warm C,623359,3771,3770,2107,1252,1,0.013351068
Warm C,617288,3736,3735,2107,1252,1,-0.00096320733
Warm C,747099,4458,4457,2107,1252,0,0.0034533076
Warm C,604837,3677,3676,2107,1252,1,0.0011442268
Warm C,621199,3762,3761,2107,1252,0,0.0055552525
Warm C,600011,3650,3649,2107,1252,0,0.017228702
Warm C,606492,3683,3682,2107,1252,0,0.010908091
Warm C,593809,3618,3617,2107,1252,0,0.012829507
Warm C,596553,3626,3625,2107,1252,1,0.007374265
Warm C,939902,5675,5674,2107,1252,0,0.013045689
Warm C,758574,4510,4509,2107,1252,0,0.008745508
Warm C,569199,3491,3490,2107,1252,1,0.013105286
Warm C,555777,3416,3415,2107,1252,0,0.0017875591
Warm C,554480,3411,3410,2107,1252,0,0.01617254
Warm C,547377,3377,3376,2107,1252,0,0.0088515645
Warm C,577152,3526,3525,2107,1252,0,-0.0056707747
Warm C,541509,3332,3331,2107,1252,0,0.0080707185
Warm C,535985,3308,3307,2107,1252,0,0.013866641
Warm C,532127,3285,3284,2107,1252,0,0.0051459004
Warm C,528167,3265,3264,2107,1252,0,0.006806191
Warm C,520008,3208,3207,2107,1252,0,0.002799242
Warm C,516950,3191,3190,2107,1252,0,-0.0005506354
Warm C,566225,3476,3475,2107,1252,0,0.010567322
Warm C,509807,3140,3139,2107,1252,0,0.0032907696
Warm C,507225,3121,3120,2107,1252,1,0.012401531
Warm C,516448,3189,3188,2107,1252,0,-0.0015765512
Warm C,495996,3046,3045,2107,1252,0,-0.0010790126
Warm C,494111,3032,3031,2107,1252,0,0.011369479
Warm C,487891,3001,3000,2107,1252,0,0.0052612424
Warm C,483494,2972,2971,2107,1252,0,0.0006276979
Warm C,473591,2909,2908,2107,1252,1,0.009056646
Warm C,710146,4260,4259,2107,1252,0,0.0127772475
Warm C,463283,2857,2856,2107,1252,0,0.005824242
Warm C,457900,2820,2819,2107,1252,0,0.007972029
Warm C,790409,4728,4727,2107,1252,1,0.009802443
Warm C,426467,2590,2589,2107,1252,1,0.006748777
Warm C,415753,2504,2503,2107,1252,0,0.009445105
Warm C,409606,2457,2456,2107,1252,0,-0.0041889967
Warm C,397189,2352,2351,2107,1252,0,0.0018571347
Warm C,406784,2444,2443,2107,1252,0,0.008341238
Warm C,371215,2169,2168,2107,1252,1,0.0063643283
Warm C,374056,2181,2180,2107,1252,1,0.013808464
Warm C,369910,2164,2163,2107,1252,1,-0.0013865465
Warm C,367326,2144,2143,2107,1252,1,0.002804514
Warm C,366161,2131,2130,2107,1252,1,0.002796073
Warm C,363009,2116,2115,2107,1252,1,0.01406998
Warm C,358490,2098,2097,2107,1252,1,0.010109733
Warm C,361616,2109,2108,2107,1252,0,-3.4122728e-05
Warm C,344417,2021,2020,2107,1252,0,0.0072314194
Warm C,323507,1919,1918,2107,1252,1,0.0032605543
Warm C,297479,1764,1763,2107,1252,1,-0.005078291
Warm C,322339,1912,1911,2107,1252,0,0.008440835
Warm C,303526,1803,1802,2107,1252,0,0.00508314
Warm C,302125,1794,1793,2107,1252,0,0.009883108
Warm C,279185,1680,1679,2107,1252,1,0.009285905
Warm C,277666,1676,1675,2107,1252,0,0.0067252633
Warm C,276941,1675,1674,2107,1252,0,0.0018002043
Warm C,271458,1641,1640,2107,1252,0,0.0026939285
Warm C,275099,1666,1665,2107,1252,0,0.0049842745
Warm C,273710,1650,1649,2107,1252,0,0.008119646
Warm C,267558,1626,1625,2107,1252,0,0.00927219
Warm C,392169,2304,2303,2107,1252,0,0.011093292
Warm C,360753,2106,2105,2107,1252,0,0.0106128985
Warm C,236374,1434,1433,2107,1252,0,0.0020136037
Warm C,221807,1341,1340,2107,1252,1,-0.0011313179
Warm C,221894,1342,1341,2107,1252,0,0.016779095
Warm C,225574,1366,1365,2107,1252,1,0.0064930115
Warm C,214083,1300,1299,2107,1252,1,0.012464391
Warm C,226381,1370,1369,2107,1252,0,0.007431772
Warm C,209195,1277,1276,2107,1252,1,0.00010814564
Warm C,213439,1298,1297,2107,1252,1,0.005329506
Warm C,210134,1284,1283,2107,1252,0,0.005597344
Warm C,196497,1207,1206,2107,1252,0,0.0037686834
Warm C,194024,1195,1194,2107,1252,1,0.006477205
Warm C,328078,1941,1940,2107,1252,0,0.011521139
Warm C,183543,1142,1141,2107,1252,0,0.009338499
Warm C,210914,1285,1284,2107,1252,0,0.007171952
Warm C,307413,1835,1834,2107,1252,0,0.009573725
Warm C,175002,1109,1108,2107,1252,0,0.0008988539
Warm C,256185,1562,1561,2107,1252,0,0.0058301506
Warm C,183987,1146,1145,2107,1252,0,-0.0024217677
Warm C,175503,1112,1111,2107,1252,0,0.0150472745
Warm C,166832,1061,1060,2107,1252,0,0.0063760825
Warm C,221317,1340,1339,2107,1252,0,0.009398455
Warm C,159243,1017,1016,2107,1252,0,0.0030913875
Warm C,217026,1317,1316,2107,1252,0,0.00541031
Warm C,156840,1010,1009,2107,1252,0,0.0096758865
Warm C,134246,869,868,2107,1252,1,0.015281192
Warm C,131898,854,853,2107,1252,0,0.0064647035
Warm C,351804,2063,2062,2107,1252,0,0.017808193
Warm C,138246,889,888,2107,1252,0,0.012063455
Warm C,263294,1605,1604,2107,1252,0,0.011383061
Warm C,126573,817,816,2107,1252,0,0.0041249916
Warm C,125541,808,807,2107,1252,1,0.013816972
Warm C,114836,746,745,2107,1252,0,0.014085409
Warm C,114084,741,740,2107,1252,1,-0.0023939104
Warm C,117487,757,756,2107,1252,0,0.0050307508
Warm C,107175,705,704,2107,1252,0,0.0022585178
Warm C,107927,710,709,2107,1252,0,0.0036328193
Warm C,176922,1117,1116,2107,1252,0,0.0012111433
Warm C,82499,548,547,2107,1252,0,0.0043250187
Warm C,108705,712,711,2107,1252,0,0.0027073282
Warm C,57710,390,389,2107,1252,0,0.010623299
Warm C,68204,457,456,2107,1252,0,-5.605747e-06
Warm C,46550,310,309,2107,1252,1,0.009323372
Warm C,45277,305,304,2107,1252,0,0.002924257
Warm C,44861,302,301,2107,1252,0,0.011538709
Warm C,42013,284,283,2107,1252,0,0.0055958033
Warm C,31125,208,207,2107,1252,0,0.011887362
Warm C,291382,1737,1736,2107,1252,0,-0.0016734065
Warm C,54675,355,354,2107,1252,0,-0.008000124
Warm C,234953,1425,1424,2107,1252,1,0.007740766
Warm C,99839,667,666,2107,1252,0,0.0046695587
Warm C,22749,163,162,2107,1252,0,0.009265702
Warm C,15850,123,122,2107,1252,0,0.003620267
Warm C,6487,46,45,2107,1252,1,0.008909002
Warm C,6131,44,43,2107,1252,0,0.00793361
Warm C,116831,753,752,2107,1252,1,0.006016188
Warm C,696257,4169,4168,2107,1252,0,0.01556451
Warm C,237884,1447,1446,2107,1252,0,0.011281209
Warm C,251864,1524,1523,2107,1252,0,0.0048555657
Warm C,365745,2129,2128,2107,1252,1,0.015157245
Warm C,290182,1733,1732,2107,1252,0,0.0050981147
Warm C,265072,1611,1610,2107,1252,0,4.212337e-05
Warm C,682420,4085,4084,2107,1252,1,0.009383016
Warm C,760656,4520,4519,2107,1252,1,0.0066548116
Warm C,79376,531,530,2107,1252,0,0.0050980933
Warm C,907637,5492,5491,2107,1252,0,0.0100559825
Warm C,137226,884,883,2107,1252,0,0.013462272
Warm C,562564,3462,3461,2107,1252,0,0.016344827
Warm C,689844,4126,4125,2107,1252,0,0.003991346
Warm C,474359,2910,2909,2107,1252,0,0.014093418
Warm C,62906,424,423,2107,1252,1,0.004370449
Warm C,936534,5650,5649,2107,1252,0,0.009600304
Warm C,171601,1088,1087,2107,1252,0,0.0058175116
Warm C,937209,5654,5653,2107,1252,0,0.0011341413
Warm C,133287,860,859,2113,1258,1,0.008771826
Warm C,133170,859,858,2113,1258,0,-0.0068075145
Warm C,125543,808,807,2113,1258,0,0.009659037
Warm C,574300,3516,3515,2113,1258,0,0.0068069096
Warm C,92746,621,620,2113,1258,0,0.007863797
Warm C,115381,749,748,2113,1258,0,0.011526965
Warm C,81658,543,542,2113,1258,0,0.007843696
Warm C,45279,305,304,2113,1258,0,0.0053816773
Warm C,44878,302,301,2113,1258,0,0.005070758
Warm C,238913,1448,1447,2113,1258,0,0.0135984495
Warm C,41291,278,277,2113,1258,0,0.009120361
Warm C,22760,163,162,2113,1258,0,0.015845062
Warm C,14734,117,116,2113,1258,0,0.025192356
Warm C,365748,2129,2128,2113,1258,0,0.0065325364
Warm C,265076,1611,1610,2113,1258,0,0.015526107
Warm C,237892,1447,1446,2113,1258,0,0.016006606
Warm C,62914,424,423,2113,1258,0,0.018152315
Warm C,328090,1941,1940,2113,1258,0,0.021596426
Warm C,28542,195,194,2113,1258,0,0.031752452
Warm C,596561,3626,3625,2119,1264,0,0.010158651
Warm C,577745,3528,3527,2119,1264,0,0.0035064188
Warm C,569210,3491,3490,2119,1264,0,0.008404916
Warm C,581324,3550,3549,2119,1264,0,0.010600465
Warm C,771741,4600,4599,2119,1264,0,0.009979816
Warm C,573532,3512,3511,2119,1264,0,0.013971604
Warm C,645270,3885,3884,2119,1264,0,0.0048094974
Warm C,550126,3391,3390,2119,1264,0,0.0115588065
Warm C,537127,3311,3310,2119,1264,0,0.008247591
Warm C,532137,3285,3284,2119,1264,0,0.018927518
Warm C,520014,3208,3207,2119,1264,0,0.008363955
Warm C,517636,3195,3194,2119,1264,1,0.013935166
Warm C,566238,3476,3475,2119,1264,0,0.012400145
Warm C,605782,3681,3680,2119,1264,0,0.020705951
Warm C,494123,3032,3031,2119,1264,1,0.00567316
Warm C,738147,4411,4410,2119,1264,0,0.0024647927
Warm C,486630,2995,2994,2119,1264,0,0.0047707423
Warm C,539890,3320,3319,2119,1264,0,0.018215124
Warm C,479255,2941,2940,2119,1264,0,0.0013921844
Warm C,473604,2909,2908,2119,1264,1,0.009931128
Warm C,426473,2590,2589,2119,1264,0,0.005244625
Warm C,424714,2576,2575,2119,1264,0,0.0074265907
Warm C,409615,2457,2456,2119,1264,0,0.0066766627
Warm C,409192,2456,2455,2119,1264,0,0.009803135
Warm C,412387,2481,2480,2119,1264,0,-0.0023196544
Warm C,406586,2439,2438,2119,1264,0,0.006281389
Warm C,402003,2400,2399,2119,1264,0,0.00092234893
Warm C,385270,2251,2250,2119,1264,0,-0.0024745048
Warm C,367327,2144,2143,2119,1264,0,0.0040341495
Warm C,375577,2188,2187,2119,1264,0,0.021066632
Warm C,348437,2042,2041,2119,1264,0,0.014818972
Warm C,305631,1819,1818,2119,1264,0,-0.0023864168
Warm C,322344,1912,1911,2119,1264,0,0.0073675634
Warm C,290919,1736,1735,2119,1264,0,0.005133235
Warm C,291388,1737,1736,2119,1264,1,0.0140493335
Warm C,279213,1680,1679,2119,1264,1,0.00795162
Warm C,276948,1675,1674,2119,1264,0,0.0057701464
Warm C,247672,1496,1495,2119,1264,0,0.02451523
Warm C,226085,1369,1368,2119,1264,0,0.0014337183
Warm C,277675,1676,1675,2119,1264,1,0.009471837
Warm C,205797,1264,1263,2119,1264,0,0.018108571
Warm C,243930,1470,1469,2119,1264,0,0.012064033
Warm C,328094,1941,1940,2119,1264,0,0.0023533718
Warm C,307422,1835,1834,2119,1264,0,0.014718913
Warm C,183992,1146,1145,2119,1264,0,0.008575261
Warm C,160622,1020,1019,2119,1264,0,0.0071037756
Warm C,159249,1017,1016,2119,1264,0,0.010223294
Warm C,221328,1340,1339,2119,1264,0,0.007842068
Warm C,134255,869,868,2119,1264,0,0.016982224
Warm C,124874,802,801,2119,1264,0,0.008120726
Warm C,105602,698,697,2119,1264,0,0.006712491
Warm C,351819,2063,2062,2119,1264,0,0.009392899
Warm C,92748,621,620,2119,1264,0,-0.003993883
Warm C,140688,904,903,2119,1264,0,0.0063348096
Warm C,86954,567,566,2119,1264,1,0.0074319835
Warm C,81662,543,542,2119,1264,1,0.0049359407
Warm C,82502,548,547,2119,1264,0,0.008999067
Warm C,57717,390,389,2119,1264,1,0.008207545
Warm C,240057,1449,1448,2119,1264,0,0.0070179915
Warm C,45282,305,304,2119,1264,0,0.0049113194
Warm C,42024,284,283,2119,1264,1,0.011077765
Warm C,41295,278,277,2119,1264,1,0.006632502
Warm C,269935,1635,1634,2119,1264,0,0.0042325445
Warm C,639093,3842,3841,2119,1264,0,0.007663522
Warm C,238918,1448,1447,2119,1264,0,0.0052676275
Warm C,14744,117,116,2119,1264,0,0.007905321
Warm C,299060,1776,1775,2119,1264,0,-0.002440015
Warm C,237897,1447,1446,2119,1264,0,0.0076896017
Warm C,622104,3768,3767,2119,1264,0,0.0032345848
Warm C,164535,1051,1050,2119,1264,0,0.011208461
Warm C,206850,1266,1265,2119,1264,0,0.008212538
Warm C,562570,3462,3461,2119,1264,0,0.006502754
Warm C,261183,1597,1596,2119,1264,0,0.010353781
Warm C,286708,1712,1711,2119,1264,0,0.009414671
Warm C,760657,4520,4519,2119,1264,0,0.0068196603
Warm C,310669,1851,1850,2119,1264,0,0.0012266478
Warm C,290194,1733,1732,2119,1264,0,0.0078095547
Warm C,88331,583,582,2119,1264,0,0.0036518455
Warm C,3143,23,22,2119,1264,0,0.010814963
Warm C,366164,2131,2130,2119,1264,0,0.0032626987
Warm C,348018,2041,2040,2119,1264,0,0.004362097
Warm C,454588,2796,2795,2119,1264,0,-0.008380995
Warm C,892951,5394,5393,2119,1264,0,0.010214248
Warm C,44885,302,301,2119,1264,0,0.015295773
Warm C,62921,424,423,2119,1264,0,0.009487937
Warm C,331593,1958,1957,2119,1264,0,0.011812146
Warm C,933450,5636,5635,2119,1264,0,0.013295413
Warm C,628368,3806,3805,2148,1289,0,0.006089863
Warm C,628693,3807,3806,2148,1289,0,0.00036384072
Warm C,628166,3804,3803,2148,1289,0,0.00071482954
Warm C,627940,3801,3800,2148,1289,1,0.00013680058
Warm C,638186,3841,3840,2148,1289,0,0.008657727
Warm C,625501,3780,3779,2148,1289,1,0.004745755
Warm C,624825,3778,3777,2148,1289,0,0.007501154
Warm C,623391,3771,3770,2148,1289,0,0.011494016
Warm C,615662,3727,3726,2148,1289,0,0.0009829407
Warm C,607986,3689,3688,2148,1289,0,-4.8332615e-05
Warm C,744905,4448,4447,2148,1289,1,0.008206228
Warm C,606530,3683,3682,2148,1289,0,-0.00050698384
Warm C,633286,3824,3823,2148,1289,0,0.008175729
Warm C,596597,3626,3625,2148,1289,1,-0.0025345783
Warm C,731193,4375,4374,2148,1289,1,0.0019973745
Warm C,583457,3562,3561,2148,1289,0,-0.0063905222
Warm C,577764,3528,3527,2148,1289,0,-0.004814338
Warm C,569246,3491,3490,2148,1289,1,-0.0036343113
Warm C,584715,3569,3568,2148,1289,1,0.00026295008
Warm C,543920,3352,3351,2148,1289,1,-0.0009901421
Warm C,571079,3503,3502,2148,1289,1,0.0030535662
Warm C,537169,3311,3310,2148,1289,0,0.0045466796
Warm C,539915,3320,3319,2148,1289,0,0.008625619
Warm C,528195,3265,3264,2148,1289,0,0.0022913723
Warm C,512872,3163,3162,2148,1289,0,0.0046147383
Warm C,566279,3476,3475,2148,1289,0,-0.0021310446
Warm C,605807,3681,3680,2148,1289,0,0.007019079
Warm C,516471,3189,3188,2148,1289,1,0.0014481796
Warm C,501787,3081,3080,2148,1289,0,0.009911905
Warm C,718576,4305,4304,2148,1289,0,0.010637835
Warm C,641060,3853,3852,2148,1289,1,0.008555633
Warm C,483948,2976,2975,2148,1289,0,0.005379704
Warm C,529729,3272,3271,2148,1289,0,0.0054514604
Warm C,479272,2941,2940,2148,1289,0,0.014215548
Warm C,696342,4169,4168,2148,1289,0,0.014162887
Warm C,517890,3196,3195,2148,1289,0,-0.0062042624
Warm C,469985,2895,2894,2148,1289,1,-0.007194858
Warm C,710157,4260,4259,2148,1289,1,0.0046433965
Warm C,754687,4497,4496,2148,1289,1,-9.279605e-05
Warm C,463329,2857,2856,2148,1289,1,0.01273918
Warm C,462242,2852,2851,2148,1289,1,0.0063551296
Warm C,446418,2752,2751,2148,1289,0,0.0063155373
Warm C,426496,2590,2589,2148,1289,0,0.0030177203
Warm C,419784,2537,2536,2148,1289,1,0.007170178
Warm C,415369,2501,2500,2148,1289,0,0.0021450233
Warm C,409643,2457,2456,2148,1289,1,-0.00077256607
Warm C,397201,2352,2351,2148,1289,0,0.00943632
Warm C,368631,2155,2154,2148,1289,1,-0.0058923587
Warm C,368382,2153,2152,2148,1289,0,0.0022699393
Warm C,342492,2015,2014,2148,1289,0,0.008960916
Warm C,310992,1852,1851,2148,1289,0,-0.0014567953
Warm C,298538,1770,1769,2148,1289,0,0.012558248
Warm C,288278,1722,1721,2148,1289,0,0.00193475
Warm C,285746,1704,1703,2148,1289,0,-0.0016093361
Warm C,279296,1680,1679,2148,1289,1,-0.0029288463
Warm C,277713,1676,1675,2148,1289,0,0.0036176657
Warm C,280479,1683,1682,2148,1289,0,-0.0020389257
Warm C,299084,1776,1775,2148,1289,1,0.0068905978
Warm C,267571,1626,1625,2148,1289,0,-0.0029606102
Warm C,247706,1496,1495,2148,1289,0,0.0036634975
Warm C,227155,1377,1376,2148,1289,0,0.0165427
Warm C,224498,1357,1356,2148,1289,0,0.0125325415
Warm C,335934,1980,1979,2148,1289,1,0.013032498
Warm C,328159,1941,1940,2148,1289,0,0.01100423
Warm C,214877,1303,1302,2148,1289,0,0.0016477471
Warm C,307459,1835,1834,2148,1289,0,0.0007410762
Warm C,180315,1128,1127,2148,1289,0,-0.001749278
Warm C,196520,1207,1206,2148,1289,0,9.496161e-05
Warm C,173674,1100,1099,2148,1289,0,0.0036045741
Warm C,184010,1146,1145,2148,1289,1,0.0016224599
Warm C,165638,1056,1055,2148,1289,0,0.00060449913
Warm C,331627,1958,1957,2148,1289,0,0.0035966234
Warm C,158237,1015,1014,2148,1289,0,0.0036136543
Warm C,221364,1340,1339,2148,1289,0,-0.002299814
Warm C,134301,869,868,2148,1289,1,0.0036172601
Warm C,263353,1605,1604,2148,1289,0,-0.0012875104
Warm C,125557,808,807,2148,1289,0,-0.0030375565
Warm C,351877,2063,2062,2148,1289,0,0.00071808486
Warm C,140700,904,903,2148,1289,0,-0.00975839
Warm C,86650,566,565,2148,1289,0,0.010618895
Warm C,81694,543,542,2148,1289,1,0.008875878
Warm C,82509,548,547,2148,1289,0,0.005703218
Warm C,77549,524,523,2148,1289,0,-0.004698976
Warm C,80211,533,532,2148,1289,1,-0.005845506
Warm C,67455,453,452,2148,1289,0,-0.0018884465
Warm C,57544,390,389,2148,1289,1,0.0105216615
Warm C,53399,352,351,2148,1289,0,0.0027993715
Warm C,41618,284,283,2148,1289,0,-0.008830052
Warm C,41126,278,277,2148,1289,1,0.006582007
Warm C,36162,245,244,2148,1289,0,0.0036102526
Warm C,17996,139,138,2148,1289,0,0.0040351846
Warm C,290235,1733,1732,2148,1289,0,0.0055777705
Warm C,7444,53,52,2148,1289,1,-0.0055699954
Warm C,206885,1266,1265,2148,1289,0,-0.006270826
Warm C,552367,3401,3400,2148,1289,0,0.005495038
Warm C,954227,5761,5760,2148,1289,0,-0.0047666375
Warm C,365771,2129,2128,2148,1289,0,0.009507517
Warm C,106076,699,698,2148,1289,0,0.005454069
Warm C,102280,678,677,2148,1289,0,0.008912694
Warm C,164576,1051,1050,2148,1289,0,0.008458893
Warm C,2901,23,22,2148,1289,1,0.008784299
Warm C,599275,3648,3647,2148,1289,0,-0.0022158893
Warm C,473660,2909,2908,2148,1289,0,0.016144417
Warm C,474367,2910,2909,2148,1289,0,0.0014915185
Warm C,62978,424,423,2148,1289,0,0.0010285599
Warm C,550175,3391,3390,2148,1289,0,0.010919409
Warm C,424726,2576,2575,2149,1290,0,0.0020859083
Warm C,409644,2457,2456,2149,1290,0,0.0123522915
Warm C,397203,2352,2351,2149,1290,0,-0.0035523844
Warm C,369935,2164,2163,2149,1290,0,0.0077034207
Warm C,340044,2006,2005,2149,1290,1,-0.0017148862
Warm C,297511,1764,1763,2149,1290,1,0.006679086
Warm C,298539,1770,1769,2149,1290,0,-0.0030152935
Warm C,290933,1736,1735,2149,1290,0,0.0059432425
Warm C,288280,1722,1721,2149,1290,0,0.00721017
Warm C,291419,1737,1736,2149,1290,0,0.0001178442
Warm C,279297,1680,1679,2149,1290,0,-0.0010871137
Warm C,276984,1675,1674,2149,1290,0,0.0011651618
Warm C,267572,1626,1625,2149,1290,0,0.0022608093
Warm C,247707,1496,1495,2149,1290,0,0.0036059197
Warm C,227156,1377,1376,2149,1290,0,-0.0077408645
Warm C,224499,1357,1356,2149,1290,0,0.0065500545
Warm C,221902,1342,1341,2149,1290,0,0.0025668512
Warm C,277715,1676,1675,2149,1290,0,0.0031354453
Warm C,307461,1835,1834,2149,1290,0,0.0033634277
Warm C,180316,1128,1127,2149,1290,0,0.007643978
Warm C,173676,1100,1099,2149,1290,0,0.0018981854
Warm C,184011,1146,1145,2149,1290,0,-0.0038750365
Warm C,328161,1941,1940,2149,1290,0,0.0088437395
Warm C,159283,1017,1016,2149,1290,1,-0.0055598887
Warm C,155887,1004,1003,2149,1290,0,0.004352923
Warm C,125559,808,807,2149,1290,0,0.0011637849
Warm C,351878,2063,2062,2149,1290,0,0.0082775485
Warm C,81696,543,542,2149,1290,1,-0.0059721647
Warm C,41128,278,277,2149,1290,0,0.0033779736
Warm C,36164,245,244,2149,1290,0,0.01132118
Warm C,14311,117,116,2149,1290,1,0.0072350623
Warm C,206886,1266,1265,2149,1290,0,-9.308336e-06
Warm C,299085,1776,1775,2149,1290,0,-0.0008874035
Warm C,102282,678,677,2149,1290,0,0.0023421883
Warm C,2902,23,22,2149,1290,0,0.004973156
Warm C,879033,5312,5311,2149,1290,0,0.0040796464
Warm C,62980,424,423,2149,1290,0,0.013795403
Warm C,310697,1851,1850,2149,1290,0,0.00353354
Warm C,267216,1624,1623,2149,1290,0,0.0060552517
Warm C,335935,1980,1979,2149,1290,0,0.009908051
Warm C,290237,1733,1732,2149,1290,0,0.01265152
Warm C,156893,1010,1009,2149,1290,0,0.0074989717
Warm C,136604,881,880,2149,1290,1,0.005828011
Warm C,538528,3313,3312,2151,1292,0,0.012539325
Warm C,539920,3320,3319,2151,1292,1,0.005559787
Warm C,515496,3182,3181,2151,1292,0,0.006946957
Warm C,514410,3177,3176,2151,1292,1,0.010312667
Warm C,512878,3163,3162,2151,1292,0,0.0033112022
Warm C,500262,3072,3071,2151,1292,0,-0.0017965337
Warm C,492757,3029,3028,2151,1292,0,0.015771199
Warm C,493399,3031,3030,2151,1292,1,0.010318853
Warm C,483087,2968,2967,2151,1292,1,0.002118659
Warm C,529733,3272,3271,2151,1292,0,0.015114512
Warm C,485068,2986,2985,2151,1292,0,0.010204612
Warm C,468446,2887,2886,2151,1292,0,0.0023129599
Warm C,472597,2907,2906,2151,1292,0,0.0045190137
Warm C,466845,2878,2877,2151,1292,1,0.0033585178
Warm C,450883,2777,2776,2151,1292,1,0.004319423
Warm C,438841,2681,2680,2151,1292,1,0.006116989
Warm C,425075,2580,2579,2151,1292,1,0.004068091
Warm C,423177,2565,2564,2151,1292,0,0.009048763
Warm C,407544,2447,2446,2151,1292,1,-0.0036691232
Warm C,392214,2304,2303,2151,1292,1,0.0036370466
Warm C,375597,2188,2187,2151,1292,0,0.005794304
Warm C,368808,2156,2155,2151,1292,0,0.006899939
Warm C,364779,2124,2123,2151,1292,1,0.013031932
Warm C,346993,2035,2034,2151,1292,1,0.0034270047
Warm C,298541,1770,1769,2151,1292,0,0.004274022
Warm C,290935,1736,1735,2151,1292,0,0.005276571
Warm C,280482,1683,1682,2151,1292,0,0.013563497
Warm C,287145,1714,1713,2151,1292,0,0.0025047185
Warm C,272960,1647,1646,2151,1292,0,0.009382577
Warm C,273493,1648,1647,2151,1292,1,0.00070340745
Warm C,286266,1709,1708,2151,1292,1,0.0033198798
Warm C,268532,1631,1630,2151,1292,1,0.0138934385
Warm C,350727,2059,2058,2151,1292,1,0.0068918057
Warm C,247712,1496,1495,2151,1292,0,-0.008334191
Warm C,279309,1680,1679,2151,1292,0,-0.00045503036
Warm C,188087,1167,1166,2151,1292,0,-0.0022779913
Warm C,328169,1941,1940,2151,1292,0,0.004982785
Warm C,272214,1645,1644,2151,1292,0,0.0030811357
Warm C,159288,1017,1016,2151,1292,0,0.003958628
Warm C,157564,1014,1013,2151,1292,1,0.0026433028
Warm C,149945,965,964,2151,1292,1,0.00090686046
Warm C,221366,1340,1339,2151,1292,0,0.0045493795
Warm C,185325,1150,1149,2151,1292,0,0.009247204
Warm C,217076,1317,1316,2151,1292,1,0.010653461
Warm C,126597,817,816,2151,1292,1,-0.0043896157
Warm C,118100,764,763,2151,1292,0,0.0006044763
Warm C,210982,1285,1284,2151,1292,0,0.0017667107
Warm C,240115,1449,1448,2151,1292,0,-0.0033470653
Warm C,105429,697,696,2151,1292,0,0.011508457
Warm C,179599,1125,1124,2151,1292,1,0.010444575
Warm C,94952,637,636,2151,1292,1,0.009507527
Warm C,351884,2063,2062,2151,1292,0,0.014428984
Warm C,228285,1383,1382,2151,1292,1,0.0057057305
Warm C,190974,1181,1180,2151,1292,0,0.004403851
Warm C,84203,550,549,2151,1292,0,0.01011508
Warm C,70446,475,474,2151,1292,0,0.004112821
Warm C,41626,284,283,2151,1292,1,0.0069014607
Warm C,35717,242,241,2151,1292,0,-4.58071e-05
Warm C,626799,3792,3791,2151,1292,1,0.0026792954
Warm C,31729,216,215,2151,1292,1,-0.0028303894
Warm C,66061,442,441,2151,1292,1,0.0033216742
Warm C,552373,3401,3400,2151,1292,0,0.0078017106
Warm C,892979,5394,5393,2151,1292,1,0.00053365063
Warm C,257687,1579,1578,2151,1292,0,0.009814461
Warm C,326109,1930,1929,2151,1292,0,-0.0031048316
Warm C,470737,2898,2897,2151,1292,0,0.0066683046
Warm C,484612,2985,2984,2151,1292,0,-0.0012969817
Warm C,718579,4305,4304,2151,1292,0,0.00749969
Warm C,234123,1422,1421,2152,1293,0,0.004297309
Warm C,10438,75,74,2152,1293,1,0.008194768
Warm C,285330,1701,1700,2152,1293,0,0.00997825
Warm C,19152,148,147,2152,1293,1,0.0067809112
Warm C,49107,329,328,2152,1293,0,0.009758918
Warm C,335177,1978,1977,2152,1293,0,0.009730576
Warm C,489628,3013,3012,2152,1293,0,0.004030822
Warm C,907647,5492,5491,2152,1293,0,0.005212226
Warm C,116842,753,752,2152,1293,1,0.001988105
Warm C,658394,3967,3966,2154,1295,0,0.0029967749
Warm C,575360,3519,3518,2154,1295,0,0.015489389
Warm C,577211,3526,3525,2154,1295,0,0.0037299541
Warm C,579990,3540,3539,2154,1295,0,0.009140993
Warm C,536028,3308,3307,2154,1295,0,0.017581921
Warm C,533358,3292,3291,2154,1295,0,0.020448174
Warm C,524730,3239,3238,2154,1295,1,0.0090605
Warm C,503637,3095,3094,2154,1295,1,0.013755294
Warm C,500836,3076,3075,2154,1295,0,0.010541444
Warm C,498509,3062,3061,2154,1295,0,0.010648873
Warm C,574775,3518,3517,2154,1295,1,0.013276789
Warm C,494176,3032,3031,2154,1295,1,0.016520727
Warm C,478087,2934,2933,2154,1295,0,0.012179133
Warm C,466003,2873,2872,2154,1295,0,0.01065977
Warm C,456471,2810,2809,2154,1295,0,0.011391667
Warm C,450885,2777,2776,2154,1295,0,0.007718088
Warm C,445145,2745,2744,2154,1295,1,0.005616538
Warm C,444667,2743,2742,2154,1295,0,0.0061974656
Warm C,438842,2681,2680,2154,1295,0,0.011923593
Warm C,424041,2570,2569,2154,1295,0,0.0063967225
Warm C,420478,2541,2540,2154,1295,0,0.010059326
Warm C,416101,2506,2505,2154,1295,1,0.0074970135
Warm C,463770,2858,2857,2154,1295,1,-0.0013926618
Warm C,408228,2453,2452,2154,1295,0,0.016123775
Warm C,464177,2860,2859,2154,1295,0,0.008340787
Warm C,404555,2419,2418,2154,1295,0,0.010243163
Warm C,395152,2334,2333,2154,1295,0,0.012014176
Warm C,393115,2309,2308,2154,1295,0,0.0044918046
Warm C,387293,2264,2263,2154,1295,0,0.0011793238
Warm C,381325,2230,2229,2154,1295,0,0.0036457505
Warm C,364452,2123,2122,2154,1295,1,0.0056476034
Warm C,283551,1697,1696,2154,1295,0,0.018422795
Warm C,259487,1587,1586,2154,1295,0,0.009541692
Warm C,272963,1647,1646,2154,1295,0,0.023606498
Warm C,203544,1249,1248,2154,1295,0,-0.0034067186
Warm C,279314,1680,1679,2154,1295,1,0.015899384
Warm C,192374,1184,1183,2154,1295,0,0.0045709014
Warm C,188986,1172,1171,2154,1295,0,0.011406
Warm C,263358,1605,1604,2154,1295,1,0.014970498
Warm C,169816,1078,1077,2154,1295,1,0.012728052
Warm C,175542,1112,1111,2154,1295,0,0.026393108
Warm C,166478,1059,1058,2154,1295,0,0.010961425
Warm C,328173,1941,1940,2154,1295,0,0.014800854
Warm C,324432,1922,1921,2154,1295,0,0.016915252
Warm C,138337,889,888,2154,1295,0,0.009194285
Warm C,124901,802,801,2154,1295,0,0.015662555
Warm C,123901,798,797,2154,1295,0,0.009913004
Warm C,123707,797,796,2154,1295,1,-0.00023144542
Warm C,223559,1354,1353,2154,1295,0,0.011249991
Warm C,111873,728,727,2154,1295,0,-3.1158095e-05
Warm C,100861,673,672,2154,1295,0,0.019709652
Warm C,332668,1962,1961,2154,1295,0,0.009243723
Warm C,228286,1383,1382,2154,1295,0,0.009574324
Warm C,238974,1448,1447,2154,1295,0,0.004250046
Warm C,73675,499,498,2154,1295,1,0.007157905
Warm C,59321,403,402,2154,1295,0,0.015188678
Warm C,74859,509,508,2154,1295,0,0.007939044
Warm C,78477,528,527,2154,1295,1,0.014157495
Warm C,363054,2116,2115,2154,1295,0,0.01257439
Warm C,31139,209,208,2154,1295,0,0.0052986564
Warm C,311732,1858,1857,2154,1295,1,0.013582341
Warm C,29023,199,198,2154,1295,0,0.014207596
Warm C,26240,187,186,2154,1295,0,0.0080049215
Warm C,22301,163,162,2154,1295,0,0.015587384
Warm C,9081,62,61,2154,1295,0,0.01512243
Warm C,7456,53,52,2154,1295,1,0.0069080535
Warm C,3457,26,25,2154,1295,0,0.01197795
Warm C,696350,4169,4168,2154,1295,0,0.023897804
Warm C,20589,151,150,2154,1295,0,0.014525423
Warm C,964070,5812,5811,2154,1295,0,0.0128111765
Warm C,104342,692,691,2154,1295,0,0.006895692
Warm C,531042,3280,3279,2154,1295,0,0.019779291
Warm C,330970,1954,1953,2154,1295,1,0.016388934
Warm C,51293,338,337,2154,1295,1,0.009285008
Warm C,79425,531,530,2154,1295,0,0.0152083505
Warm C,242348,1463,1462,2154,1295,0,0.01744062
Warm C,565597,3475,3474,2154,1295,0,0.0066811275
Warm C,793423,4744,4743,2154,1295,0,0.012066403
Warm C,33852,229,228,2154,1295,1,0.012738353
Warm C,974340,5878,5877,2154,1295,0,0.016580697
Warm C,568124,3486,3485,2162,1300,0,0.0047218753
Warm C,567503,3483,3482,2162,1300,1,0.022644216
Warm C,584731,3569,3568,2162,1300,0,0.0075468756
Warm C,562075,3458,3457,2162,1300,0,0.0058574947
Warm C,559102,3434,3433,2162,1300,0,0.010010772
Warm C,558964,3433,3432,2162,1300,0,0.0055214195
Warm C,555256,3414,3413,2162,1300,1,0.009586515
Warm C,550205,3391,3390,2162,1300,0,0.02068812
Warm C,543722,3349,3348,2162,1300,1,0.0049984325
Warm C,541651,3333,3332,2162,1300,0,0.021076126
Warm C,537193,3311,3310,2162,1300,0,0.005604083
Warm C,536038,3308,3307,2162,1300,0,0.01099745
Warm C,527453,3261,3260,2162,1300,0,0.014040422
Warm C,738175,4411,4410,2162,1300,0,0.014829142
Warm C,501800,3081,3080,2162,1300,0,0.016110895
Warm C,489637,3013,3012,2162,1300,0,0.00038570422
Warm C,487580,2999,2998,2162,1300,0,0.0030743873
Warm C,472614,2907,2906,2162,1300,0,0.021834841
Warm C,468933,2888,2887,2162,1300,1,0.018910868
Warm C,466857,2878,2877,2162,1300,1,0.0012393782
Warm C,436469,2665,2664,2162,1300,1,0.028861292
Warm C,574317,3516,3515,2162,1300,0,0.014613469
Warm C,424124,2571,2570,2162,1300,1,0.018121555
Warm C,421893,2551,2550,2162,1300,0,0.00827125
Warm C,408700,2454,2453,2162,1300,0,0.007662517
Warm C,388517,2274,2273,2162,1300,1,-0.00030366122
Warm C,384886,2248,2247,2162,1300,1,0.011387079
Warm C,383703,2242,2241,2162,1300,0,0.015426685
Warm C,373457,2180,2179,2162,1300,0,0.013098986
Warm C,371697,2172,2171,2162,1300,0,0.010997683
Warm C,369067,2157,2156,2162,1300,0,-0.0010299908
Warm C,367925,2148,2147,2162,1300,0,0.022709822
Warm C,354134,2073,2072,2162,1300,0,0.01052247
Warm C,361674,2109,2108,2162,1300,0,0.023947282
Warm C,341620,2012,2011,2162,1300,0,0.024284236
Warm C,333879,1969,1968,2162,1300,0,0.014137213
Warm C,315294,1880,1879,2162,1300,0,0.018540667
Warm C,300833,1783,1782,2162,1300,0,0.005177265
Warm C,292705,1742,1741,2162,1300,0,0.017058238
Warm C,288899,1726,1725,2162,1300,0,0.014592003
Warm C,297523,1764,1763,2162,1300,1,0.014977171
Warm C,338873,1996,1995,2162,1300,0,0.022709865
Warm C,360820,2106,2105,2162,1300,0,0.014304931
Warm C,342517,2015,2014,2162,1300,0,0.019984163
Warm C,231464,1403,1402,2162,1300,0,0.017870588
Warm C,277733,1676,1675,2162,1300,0,0.022728434
Warm C,272977,1647,1646,2162,1300,0,0.012679363
Warm C,303882,1805,1804,2162,1300,1,0.023540253
Warm C,279341,1680,1679,2162,1300,0,0.014380059
Warm C,213487,1298,1297,2162,1300,0,0.003240934
Warm C,328192,1941,1940,2162,1300,0,0.0077861096
Warm C,186368,1152,1151,2162,1300,0,0.018498892
Warm C,181605,1135,1134,2162,1300,1,0.0044002673
Warm C,203117,1246,1245,2162,1300,0,0.020552227
Warm C,177580,1119,1118,2162,1300,0,0.01317415
Warm C,346227,2030,2029,2162,1300,0,0.011295481
Warm C,263374,1605,1604,2162,1300,0,0.01653928
Warm C,248849,1501,1500,2162,1300,0,0.015366309
Warm C,175554,1112,1111,2162,1300,0,0.020194463
Warm C,163163,1042,1041,2162,1300,0,0.0067940205
Warm C,363951,2120,2119,2162,1300,0,0.007922079
Warm C,155895,1004,1003,2162,1300,0,0.018968698
Warm C,156913,1010,1009,2162,1300,0,0.024555158
Warm C,276995,1675,1674,2162,1300,0,0.014891328
Warm C,134319,869,868,2162,1300,0,0.014185728
Warm C,127300,822,821,2162,1300,1,0.010350876
Warm C,126605,817,816,2162,1300,0,0.010081357
Warm C,124259,800,799,2162,1300,1,0.014677586
Warm C,124076,799,798,2162,1300,0,0.0069341073
Warm C,123904,798,797,2162,1300,1,0.014882168
Warm C,178161,1120,1119,2162,1300,0,0.014126499
Warm C,121163,780,779,2162,1300,0,0.017525647
Warm C,120433,777,776,2162,1300,0,0.018240636
Warm C,117520,757,756,2162,1300,0,0.0075387824
Warm C,175020,1109,1108,2162,1300,0,0.010913499
Warm C,114465,744,743,2162,1300,0,0.0045813615
Warm C,110370,720,719,2162,1300,0,0.016439231
Warm C,112504,731,730,2162,1300,0,0.009493748
Warm C,216431,1314,1313,2162,1300,0,0.0021260802
Warm C,100565,671,670,2162,1300,0,0.018886369
Warm C,108726,712,711,2162,1300,0,0.01284295
Warm C,87455,571,570,2162,1300,0,0.016053734
Warm C,86139,563,562,2162,1300,0,0.01065901
Warm C,85912,561,560,2162,1300,0,0.00686123
Warm C,81708,543,542,2162,1300,0,0.016491143
Warm C,84221,550,549,2162,1300,0,0.0018334188
Warm C,64958,436,435,2162,1300,1,0.005887664
Warm C,65382,438,437,2162,1300,0,0.012668855
Warm C,54718,357,356,2162,1300,0,0.008554833
Warm C,53436,352,351,2162,1300,0,0.018150974
Warm C,14340,117,116,2162,1300,0,0.022629578
Warm C,12234,93,92,2162,1300,0,0.0147361625
Warm C,11148,83,82,2162,1300,0,0.013311627
Warm C,10450,75,74,2162,1300,1,0.0063885334
Warm C,7474,53,52,2162,1300,0,0.014278326
Warm C,79436,531,530,2162,1300,0,0.012135042
Warm C,73820,500,499,2162,1300,0,0.016104508
Warm C,19173,148,147,2162,1300,0,0.0041111773
Warm C,530278,3274,3273,2162,1300,0,0.008396012
Warm C,39894,271,270,2162,1300,0,0.004207928
Warm C,49138,329,328,2162,1300,0,0.016136492
Warm C,386095,2258,2257,2162,1300,0,-0.0009670337
Warm C,11843,92,91,2162,1300,1,0.01765133
Warm C,102304,678,677,2162,1300,0,0.015658617
Warm C,139190,890,889,2162,1300,0,0.0012007188
Warm C,310709,1851,1850,2162,1300,0,0.01250635
Warm C,499464,3067,3066,2162,1300,0,0.015960077
Warm C,183236,1141,1140,2162,1300,0,0.014772452
Warm C,351909,2063,2062,2162,1300,0,0.018633116
Warm C,473690,2909,2908,2162,1300,0,0.009477084
Warm C,456477,2810,2809,2162,1300,1,0.008914856
Warm C,206362,1265,1264,2162,1300,0,0.024471901
Warm C,689872,4126,4125,2162,1300,0,0.015243536
Warm C,235001,1425,1424,2162,1300,0,0.0045736902
Warm C,461524,2847,2846,2162,1300,0,0.01349894
Warm C,484615,2985,2984,2162,1300,1,0.009455334
Warm C,272222,1645,1644,2162,1300,1,0.013780905
Warm C,211004,1285,1284,2165,1302,1,0.007206117
Warm C,329357,1943,1942,2165,1302,1,0.011444258
Warm C,185349,1150,1149,2165,1302,1,0.0036509621
Warm C,307478,1835,1834,2165,1302,1,0.0078671565
Warm C,168470,1069,1068,2165,1302,0,-0.004461724
Warm C,166488,1059,1058,2165,1302,0,0.0011762194
Warm C,214893,1303,1302,2165,1302,0,0.010749593
Warm C,267997,1628,1627,2165,1302,1,0.012834381
Warm C,131183,850,849,2165,1302,1,0.006203795
Warm C,154876,999,998,2165,1302,0,0.007927635
Warm C,176049,1113,1112,2165,1302,0,0.009678313
Warm C,179613,1125,1124,2165,1302,1,0.005578424
Warm C,631609,3821,3820,2165,1302,0,0.0063618114
Warm C,696376,4169,4168,2165,1302,0,0.010144455
Warm C,303743,1804,1803,2165,1302,0,-0.0007013059
Warm C,77576,524,523,2165,1302,1,0.012192047
Warm C,74867,509,508,2165,1302,0,0.011475474
Warm C,197352,1211,1210,2165,1302,1,0.00600689
Warm C,70183,474,473,2165,1302,1,0.014842967
Warm C,59884,408,407,2165,1302,1,0.0013590287
Warm C,60050,409,408,2165,1302,1,0.0031198212
Warm C,155352,1001,1000,2165,1302,1,0.006360784
Warm C,52375,345,344,2165,1302,1,-0.0065934216
Warm C,132502,855,854,2165,1302,0,0.005063935
Warm C,61113,412,411,2165,1302,1,0.010817745
Warm C,29590,202,201,2165,1302,0,-0.0008392667
Warm C,235003,1425,1424,2165,1302,1,0.009078123
Warm C,88847,587,586,2165,1302,0,0.0011662964
Warm C,22970,166,165,2165,1302,1,0.0057170494
Warm C,290259,1733,1732,2165,1302,1,0.0012012785
Warm C,7478,53,52,2165,1302,1,-0.0020505898
Warm C,79437,531,530,2165,1302,0,0.010162273
Warm C,892989,5394,5393,2165,1302,0,0.008263458
Warm C,49925,331,330,2165,1302,1,0.0035749625
Warm C,777822,4647,4646,2165,1302,0,0.011564344
Warm C,240141,1449,1448,2165,1302,1,0.010495544
Warm C,497247,3054,3053,2165,1302,1,0.0021632025
Warm C,164600,1051,1050,2165,1302,0,0.010234814
Warm C,360104,2105,2104,2165,1302,0,0.016630065
Warm C,102305,678,677,2165,1302,1,0.0077920724
Warm C,160139,1019,1018,2165,1302,0,0.011378646
Warm C,176982,1117,1116,2165,1302,1,0.005463857
Warm C,992894,5998,5997,2165,1302,0,0.005988962
Warm C,847040,5090,5089,2165,1302,0,0.010598044
Warm C,322407,1912,1911,2165,1302,0,0.0021613385
Warm C,257704,1579,1578,2165,1302,0,0.018458938
Warm C,372644,2176,2175,2165,1302,1,0.008551583
Warm C,504828,3106,3105,2165,1302,1,0.0020111615
Warm C,550209,3391,3390,2165,1302,1,0.0036034416
Warm C,510952,3150,3149,2166,1303,1,0.006615657
Warm C,472618,2907,2906,2166,1303,0,0.015155056
Warm C,471639,2901,2900,2166,1303,1,0.0127561465
Warm C,470411,2896,2895,2166,1303,1,0.015358624
Warm C,450900,2777,2776,2166,1303,1,0.007988807
Warm C,450293,2776,2775,2166,1303,1,0.0032203116
Warm C,564449,3471,3470,2166,1303,0,0.009277035
Warm C,443595,2736,2735,2166,1303,1,0.0048458003
Warm C,425334,2581,2580,2166,1303,0,0.02070015
Warm C,416104,2506,2505,2166,1303,1,0.008525314
Warm C,408245,2453,2452,2166,1303,1,0.014311738
Warm C,768106,4578,4577,2166,1303,0,0.010523208
Warm C,393120,2309,2308,2166,1303,1,0.0030800933
Warm C,359411,2102,2101,2166,1303,0,0.0124833435
Warm C,332999,1963,1962,2166,1303,1,0.0088575315
Warm C,330538,1951,1950,2166,1303,1,0.01370815
Warm C,302154,1794,1793,2166,1303,0,0.0114691015
Warm C,360823,2106,2105,2166,1303,0,0.0096288975
Warm C,275125,1666,1665,2166,1303,0,0.0039410456
Warm C,282656,1694,1693,2166,1303,0,0.013595421
Warm C,268343,1630,1629,2166,1303,0,0.014092671
Warm C,267583,1626,1625,2166,1303,1,0.007366147
Warm C,332682,1962,1961,2166,1303,0,0.0103795165
Warm C,283200,1696,1695,2166,1303,0,0.009592637
Warm C,201158,1241,1240,2166,1303,1,0.0038537818
Warm C,279347,1680,1679,2166,1303,1,0.012544373
Warm C,196543,1207,1206,2166,1303,0,0.013220172
Warm C,338164,1988,1987,2166,1303,0,0.013463798
Warm C,363072,2116,2115,2166,1303,1,0.01866789
Warm C,182502,1139,1138,2166,1303,1,0.0088617485
Warm C,307479,1835,1834,2166,1303,1,0.016243944
Warm C,331646,1958,1957,2166,1303,0,0.010669188
Warm C,168471,1069,1068,2166,1303,0,0.012934373
Warm C,163455,1047,1046,2166,1303,1,0.0050092908
Warm C,163860,1050,1049,2166,1303,0,0.01437974
Warm C,160877,1022,1021,2166,1303,1,0.011107203
Warm C,167887,1068,1067,2166,1303,1,0.01535708
Warm C,150611,970,969,2166,1303,1,0.021837257
Warm C,148764,957,956,2166,1303,1,0.0052624536
Warm C,270930,1639,1638,2166,1303,1,0.008548127
Warm C,154612,998,997,2166,1303,1,0.013028199
Warm C,156914,1010,1009,2166,1303,0,0.011171451
Warm C,138367,889,888,2166,1303,0,0.016539421
Warm C,134322,869,868,2166,1303,0,0.011462124
Warm C,131938,854,853,2166,1303,1,0.004223429
Warm C,778888,4653,4652,2166,1303,0,0.0055097877
Warm C,108007,710,709,2166,1303,1,0.0018427791
Warm C,98852,660,659,2166,1303,0,0.014597264
Warm C,81709,543,542,2166,1303,1,0.0109168105
Warm C,64635,432,431,2166,1303,0,0.003091025
Warm C,63702,425,424,2166,1303,0,0.013388796
Warm C,60051,409,408,2166,1303,1,0.0028111641
Warm C,155353,1001,1000,2166,1303,1,0.009119634
Warm C,68222,457,456,2166,1303,0,0.0094696
Warm C,47211,319,318,2166,1303,0,0.013975232
Warm C,57882,392,391,2166,1303,1,0.0112040145
Warm C,42453,290,289,2166,1303,0,0.002592932
Warm C,41409,281,280,2166,1303,0,0.005162012
Warm C,38172,261,260,2166,1303,1,0.0142281335
Warm C,36955,249,248,2166,1303,0,0.019938005
Warm C,29592,202,201,2166,1303,0,0.012357555
Warm C,29035,199,198,2166,1303,0,0.0050269663
Warm C,22311,163,162,2166,1303,0,0.017262917
Warm C,762,9,8,2166,1303,1,0.006146974
Warm C,104354,692,691,2166,1303,1,0.008602491
Warm C,206908,1266,1265,2166,1303,1,0.012879874
Warm C,79439,531,530,2166,1303,0,0.012050395
Warm C,286742,1712,1711,2166,1303,0,0.009123836
Warm C,182036,1137,1136,2166,1303,1,0.005748531
Warm C,110849,721,720,2166,1303,0,0.010057447
Warm C,696377,4169,4168,2166,1303,1,0.023024358
Warm C,567505,3483,3482,2166,1303,1,0.016937349
Warm C,497248,3054,3053,2166,1303,0,0.0033137223
Warm C,882998,5333,5332,2166,1303,0,0.0074692196
Warm C,317742,1889,1888,2166,1303,1,0.007716171
Warm C,599286,3648,3647,2166,1303,0,0.0049538654
Warm C,222594,1347,1346,2166,1303,1,0.00689249
Warm C,123121,795,794,2166,1303,1,-0.001219786
Warm C,164602,1051,1050,2166,1303,1,0.022580234
Warm C,583478,3562,3561,2166,1303,1,0.008182714
Warm C,322408,1912,1911,2166,1303,0,0.011648001
Warm C,324970,1925,1924,2166,1303,1,0.0087761115
Warm C,941423,5682,5681,2166,1303,1,0.0024142298
Warm C,96620,648,647,2166,1303,1,0.0027951386
Warm C,156917,1010,1009,2168,1305,0,0.016670253
Warm C,138369,889,888,2168,1305,0,0.01698979
Warm C,223570,1354,1353,2168,1305,0,0.008863183
Warm C,432154,2634,2633,2168,1305,1,0.011173385
Warm C,228305,1383,1382,2168,1305,0,0.014308401
Warm C,155354,1001,1000,2168,1305,0,0.016596597
Warm C,53445,352,351,2168,1305,0,0.014169201
Warm C,487071,2996,2995,2168,1305,0,0.017836366
Warm C,55110,365,364,2168,1305,0,0.0029809007
Warm C,78489,528,527,2168,1305,0,0.024052281
Warm C,696378,4169,4168,2168,1305,1,0.019016441
Warm C,39459,268,267,2168,1305,0,0.0035180605
Warm C,30188,203,202,2168,1305,0,0.01043778
Warm C,26259,187,186,2168,1305,1,0.015816668
Warm C,6251,45,44,2168,1305,0,-0.0080858525
Warm C,102311,678,677,2168,1305,0,0.014928978
Warm C,599288,3648,3647,2168,1305,0,0.0064181355
Warm C,893890,5397,5396,2168,1305,0,0.013961373
Warm C,160752,1021,1020,2168,1305,1,0.01095286
Warm C,281293,1687,1686,2169,1306,0,-0.0027320937
Warm C,314490,1878,1877,2169,1306,1,0.0020501441
Warm C,247728,1496,1495,2169,1306,0,0.007053802
Warm C,236394,1434,1433,2169,1306,0,0.0031728933
Warm C,222398,1345,1344,2169,1306,1,0.004110076
Warm C,223572,1354,1353,2169,1306,0,0.0067407116
Warm C,296819,1759,1758,2169,1306,1,0.0059408196
Warm C,277738,1676,1675,2169,1306,1,0.0072429515
Warm C,205332,1263,1262,2169,1306,0,0.004527822
Warm C,197353,1211,1210,2169,1306,0,0.011372695
Warm C,196546,1207,1206,2169,1306,0,0.003933347
Warm C,191865,1182,1181,2169,1306,0,0.0025609361
Warm C,185354,1150,1149,2169,1306,0,0.007081913
Warm C,326761,1937,1936,2169,1306,0,0.00638921
Warm C,176051,1113,1112,2169,1306,0,0.005903573
Warm C,653553,3940,3939,2169,1306,0,0.011915492
Warm C,328199,1941,1940,2169,1306,0,0.011297047
Warm C,272225,1645,1644,2169,1306,1,0.011218546
Warm C,160141,1019,1018,2169,1306,0,0.0017307489
Warm C,167888,1068,1067,2169,1306,0,0.0034844666
Warm C,156241,1006,1005,2169,1306,0,0.005103835
Warm C,149336,961,960,2169,1306,0,0.0002761071
Warm C,156919,1010,1009,2169,1306,0,0.011701614
Warm C,136626,881,880,2169,1306,0,0.01144424
Warm C,128556,832,831,2169,1306,0,0.0037753033
Warm C,263378,1605,1604,2169,1306,0,0.01937687
Warm C,298112,1767,1766,2169,1306,0,0.013735006
Warm C,360828,2106,2105,2169,1306,0,0.004971457
Warm C,475792,2919,2918,2169,1306,0,0.0022900421
Warm C,116849,753,752,2169,1306,1,0.0048486916
Warm C,120438,777,776,2169,1306,0,0.007117492
Warm C,108011,710,709,2169,1306,0,0.0062286723
Warm C,109316,714,713,2169,1306,1,0.0012272254
Warm C,329361,1943,1942,2169,1306,0,0.0012381654
Warm C,291439,1737,1736,2169,1306,0,0.017392553
Warm C,81713,543,542,2169,1306,1,0.005985505
Warm C,70185,474,473,2169,1306,0,0.0016572354
Warm C,65385,438,437,2169,1306,0,0.003070917
Warm C,59334,403,402,2169,1306,0,0.0056004585
Warm C,57080,386,385,2169,1306,0,0.004136011
Warm C,155355,1001,1000,2169,1306,0,0.0024448368
Warm C,53447,352,351,2169,1306,0,0.00623535
Warm C,44218,302,301,2169,1306,0,0.0164092
Warm C,40215,272,271,2169,1306,0,0.013111775
Warm C,219185,1329,1328,2169,1306,0,0.0064700525
Warm C,29596,202,201,2169,1306,0,0.004580939
Warm C,467641,2882,2881,2169,1306,0,0.003213102
Warm C,26996,192,191,2169,1306,0,0.0015573679
Warm C,54342,355,354,2169,1306,1,0.00303323
Warm C,481853,2962,2961,2169,1306,0,0.007631425
Warm C,11851,92,91,2169,1306,0,0.0103585515
Warm C,235007,1425,1424,2169,1306,0,0.005591329
Warm C,79443,531,530,2169,1306,1,0.009572702
Warm C,88207,582,581,2169,1306,1,-0.0032779628
Warm C,363075,2116,2115,2169,1306,1,0.0065253642
Warm C,265124,1611,1610,2169,1306,0,0.0029162918
Warm C,331648,1958,1957,2169,1306,0,-0.000433238
Warm C,682496,4085,4084,2169,1306,0,0.015742967
Warm C,317743,1889,1888,2169,1306,0,0.012420262
Warm C,45761,308,307,2169,1306,0,0.0068044267
Warm C,562617,3462,3461,2169,1306,0,0.013317428
Warm C,134324,869,868,2169,1306,1,0.014002313
Warm C,921042,5565,5564,2169,1306,0,0.013110027
Warm C,351917,2063,2062,2169,1306,0,0.0017517819
Warm C,717025,4294,4293,2169,1306,0,0.004709443
Warm C,290262,1733,1732,2169,1306,0,-0.0011851517
Warm C,699703,4186,4185,2169,1306,0,-0.0004591958
Warm C,892991,5394,5393,2169,1306,0,0.013071397
Warm C,272982,1647,1646,2169,1306,0,0.012564488
Warm C,171696,1088,1087,2169,1306,0,0.0007816637
Warm C,368817,2156,2155,2170,1307,0,0.015809987
Warm C,366466,2134,2133,2170,1307,0,0.008200022
Warm C,363085,2116,2115,2170,1307,0,0.002704868
Warm C,355981,2085,2084,2170,1307,1,0.0050113625
Warm C,355604,2082,2081,2170,1307,1,0.010846499
Warm C,356418,2088,2087,2170,1307,1,0.014317425
Warm C,349898,2054,2053,2170,1307,0,0.012696203
Warm C,361683,2109,2108,2170,1307,0,0.015458609
Warm C,351933,2063,2062,2170,1307,0,0.017176934
Warm C,345124,2024,2023,2170,1307,0,0.0012987917
Warm C,344850,2023,2022,2170,1307,1,0.009938371
Warm C,341628,2012,2011,2170,1307,0,0.010937886
Warm C,340686,2010,2009,2170,1307,0,0.0040088296
Warm C,325812,1928,1927,2170,1307,0,0.0074686734
Warm C,299096,1776,1775,2170,1307,0,0.007516821
Warm C,303545,1803,1802,2170,1307,0,-0.0015986246
Warm C,247735,1496,1495,2170,1307,0,0.0044943304
Warm C,243513,1468,1467,2170,1307,0,0.00026341656
Warm C,248401,1499,1498,2170,1307,1,0.004602786
Warm C,231673,1404,1403,2170,1307,0,0.015398005
Warm C,376396,2195,2194,2170,1307,1,0.0055796634
Warm C,337473,1984,1983,2170,1307,1,0.0036147088
Warm C,233081,1418,1417,2170,1307,0,0.010138081
Warm C,216308,1313,1312,2170,1307,1,-0.0031273537
Warm C,277745,1676,1675,2170,1307,0,0.008831525
Warm C,207764,1271,1270,2170,1307,1,0.016739607
Warm C,279367,1680,1679,2170,1307,0,0.01989852
Warm C,198827,1221,1220,2170,1307,1,-0.0019759478
Warm C,198631,1220,1219,2170,1307,0,0.013854928
Warm C,191017,1181,1180,2170,1307,0,0.009035337
Warm C,183561,1142,1141,2170,1307,0,0.0073749977
Warm C,172895,1096,1095,2170,1307,0,0.009665128
Warm C,171714,1088,1087,2170,1307,0,0.013743254
Warm C,249258,1502,1501,2170,1307,0,0.009554159
Warm C,136634,881,880,2170,1307,0,0.006989288
Warm C,108018,710,709,2170,1307,1,0.009745508
Warm C,106099,699,698,2170,1307,0,0.01023107
Warm C,371022,2168,2167,2170,1307,1,0.011132088
Warm C,90684,601,600,2170,1307,0,0.0101257805
Warm C,86669,566,565,2170,1307,0,0.007190794
Warm C,81719,543,542,2170,1307,1,0.002680673
Warm C,240152,1449,1448,2170,1307,0,0.010660113
Warm C,83194,549,548,2170,1307,0,0.009402256
Warm C,44231,302,301,2170,1307,0,0.0058787568
Warm C,37983,260,259,2170,1307,0,0.002335771
Warm C,35735,242,241,2170,1307,0,0.010185612
Warm C,291447,1737,1736,2170,1307,0,0.010363571
Warm C,255539,1556,1555,2170,1307,0,0.0055456893
Warm C,22326,163,162,2170,1307,0,0.0069858376
Warm C,27003,192,191,2170,1307,0,0.010135353
Warm C,235013,1425,1424,2170,1307,0,0.012854751
Warm C,10162,73,72,2170,1307,1,0.009300243
Warm C,152199,979,978,2170,1307,1,0.00592608
Warm C,19199,148,147,2170,1307,1,0.013252018
Warm C,49941,331,330,2170,1307,0,0.008602792
Warm C,35029,237,236,2170,1307,0,0.009811308
Warm C,11532,90,89,2170,1307,0,0.0041455925
Warm C,343657,2018,2017,2170,1307,0,0.0082755145
Warm C,473709,2909,2908,2170,1307,0,0.013647884
Warm C,768739,4579,4578,2170,1307,0,0.022681886
Warm C,63021,424,423,2170,1307,0,0.019311951
Warm C,331660,1958,1957,2170,1307,0,0.008429026
Warm C,718588,4305,4304,2170,1307,0,0.01762889
Warm C,841156,5054,5053,2171,1308,0,0.013720309
Warm C,730563,4371,4370,2171,1308,1,0.01552645
Warm C,722390,4326,4325,2171,1308,1,0.017434303
Warm C,704655,4225,4224,2171,1308,1,0.005454317
Warm C,694597,4161,4160,2171,1308,0,0.010593907
Warm C,683463,4088,4087,2171,1308,0,0.011112961
Warm C,661519,3989,3988,2171,1308,1,0.0055000777
Warm C,660943,3985,3984,2171,1308,1,0.008426077
Warm C,659827,3976,3975,2171,1308,1,0.016702415
Warm C,652612,3934,3933,2171,1308,0,0.017013911
Warm C,641585,3858,3857,2171,1308,1,0.0098663345
Warm C,640567,3850,3849,2171,1308,1,0.006292844
Warm C,648714,3908,3907,2171,1308,1,0.002253789
Warm C,634968,3829,3828,2171,1308,1,0.015181347
Warm C,618973,3751,3750,2171,1308,0,0.008246764
Warm C,609180,3693,3692,2171,1308,1,0.011494223
Warm C,602306,3664,3663,2171,1308,1,0.00461137
Warm C,636323,3834,3833,2171,1308,0,0.0040565943
Warm C,591537,3609,3608,2171,1308,0,1.1814758e-05
Warm C,589776,3598,3597,2171,1308,0,0.013498363
Warm C,589617,3596,3595,2171,1308,1,0.00955575
Warm C,588501,3590,3589,2171,1308,1,0.0048003653
Warm C,585123,3572,3571,2171,1308,1,0.004927258
Warm C,582671,3559,3558,2171,1308,1,0.0068768756
Warm C,579407,3539,3538,2171,1308,1,0.01013357
Warm C,565006,3473,3472,2171,1308,1,0.0075742174
Warm C,573907,3513,3512,2171,1308,0,0.013245445
Warm C,549487,3390,3389,2171,1308,1,0.02247627
Warm C,748845,4471,4470,2171,1308,1,0.010197347
Warm C,796083,4771,4770,2171,1308,0,0.012399657
Warm C,534381,3299,3298,2171,1308,1,0.007832517
Warm C,916696,5539,5538,2171,1308,1,0.008307362
Warm C,527460,3261,3260,2171,1308,0,0.013524291
Warm C,523469,3227,3226,2171,1308,0,0.008199478
Warm C,774463,4619,4618,2171,1308,1,0.007973983
Warm C,521113,3216,3215,2171,1308,1,0.013658466
Warm C,522626,3224,3223,2171,1308,1,0.015627906
Warm C,510265,3143,3142,2171,1308,0,-4.6618865e-05
Warm C,499483,3067,3066,2171,1308,1,0.0077910786
Warm C,490306,3017,3016,2171,1308,1,-0.0031592245
Warm C,485094,2986,2985,2171,1308,1,0.013186325
Warm C,479279,2941,2940,2171,1308,1,0.009887557
Warm C,471018,2899,2898,2171,1308,1,0.018871795
Warm C,464642,2863,2862,2171,1308,1,0.011834103
Warm C,460320,2840,2839,2171,1308,1,0.011992489
Warm C,458935,2825,2824,2171,1308,1,0.009408004
Warm C,442420,2724,2723,2171,1308,1,-0.000689561
Warm C,430331,2623,2622,2171,1308,1,0.0042451047
Warm C,422667,2561,2560,2171,1308,0,0.0018818262
Warm C,425337,2581,2580,2171,1308,1,0.014463079
Warm C,416108,2506,2505,2171,1308,1,0.009560622
Warm C,400973,2389,2388,2171,1308,1,0.013182274
Warm C,392708,2305,2304,2171,1308,1,0.0043673795
Warm C,383144,2238,2237,2171,1308,1,0.0064944704
Warm C,348068,2041,2040,2171,1308,1,0.014398886
Warm C,339680,2002,2001,2171,1308,1,0.010229113
Warm C,335984,1980,1979,2171,1308,1,0.026227582
Warm C,330542,1951,1950,2171,1308,0,0.0071795625
Warm C,324450,1922,1921,2171,1308,1,0.009519083
Warm C,323192,1916,1915,2171,1308,1,0.00449674
Warm C,324758,1924,1923,2171,1308,0,0.004534192
Warm C,316285,1883,1882,2171,1308,1,0.011134064
Warm C,315304,1880,1879,2171,1308,1,0.01623565
Warm C,304932,1812,1811,2171,1308,1,0.011487551
Warm C,316850,1884,1883,2171,1308,1,0.007077907
Warm C,274406,1658,1657,2171,1308,1,0.009661979
Warm C,270936,1639,1638,2171,1308,0,0.013213033
Warm C,252121,1526,1525,2171,1308,1,0.0077558453
Warm C,258130,1581,1580,2171,1308,1,0.010552492
Warm C,246886,1491,1490,2171,1308,1,0.0031015063
Warm C,248276,1498,1497,2171,1308,1,0.015314627
Warm C,244977,1475,1474,2171,1308,0,0.009177558
Warm C,225386,1363,1362,2171,1308,1,-0.0011344659
Warm C,229913,1391,1390,2171,1308,0,0.008039419
Warm C,309938,1843,1842,2171,1308,1,0.006853627
Warm C,319379,1897,1896,2171,1308,0,0.01872933
Warm C,222405,1345,1344,2171,1308,1,0.0017542278
Warm C,216607,1315,1314,2171,1308,1,0.0050966544
Warm C,208320,1273,1272,2171,1308,0,0.010545141
Warm C,308068,1836,1835,2171,1308,1,0.01499749
Warm C,308674,1837,1836,2171,1308,1,0.009128726
Warm C,244014,1470,1469,2171,1308,0,0.0121013485
Warm C,294339,1749,1748,2171,1308,0,0.01760231
Warm C,188244,1168,1167,2171,1308,1,0.010891198
Warm C,185367,1150,1149,2171,1308,0,0.006408108
Warm C,212485,1294,1293,2171,1308,1,0.008077482
Warm C,199479,1224,1223,2171,1308,1,0.008332746
Warm C,173697,1100,1099,2171,1308,0,0.0005451484
Warm C,168486,1069,1068,2171,1308,1,0.017233968
Warm C,191018,1181,1180,2171,1308,1,0.018331526
Warm C,167311,1065,1064,2171,1308,1,0.006671685
Warm C,219496,1331,1330,2171,1308,1,0.0051048296
Warm C,166493,1059,1058,2171,1308,0,0.005389376
Warm C,158944,1016,1015,2171,1308,1,0.014785175
Warm C,158284,1015,1014,2171,1308,1,0.008019486
Warm C,311094,1853,1852,2171,1308,1,0.008597049
Warm C,143681,927,926,2171,1308,0,0.006453898
Warm C,138382,889,888,2171,1308,0,0.015538294
Warm C,137441,887,886,2171,1308,0,0.003436591
Warm C,223582,1354,1353,2171,1308,0,0.014451973
Warm C,111672,727,726,2171,1308,1,0.01159431
Warm C,111503,726,725,2171,1308,1,0.0012215741
Warm C,112509,731,730,2171,1308,1,0.013398016
Warm C,778889,4653,4652,2171,1308,1,0.011535248
Warm C,111436,725,724,2171,1308,0,0.012420051
Warm C,106100,699,698,2171,1308,0,0.017793335
Warm C,284231,1698,1697,2171,1308,1,0.00693836
Warm C,90138,594,593,2171,1308,1,-0.0009698288
Warm C,80550,534,533,2171,1308,0,0.0038149734
Warm C,84236,550,549,2171,1308,0,0.01572983
Warm C,64638,432,431,2171,1308,0,0.006963648
Warm C,64483,430,429,2171,1308,0,0.0042062607
Warm C,155362,1001,1000,2171,1308,1,0.0065840394
Warm C,201594,1242,1241,2171,1308,1,0.007588233
Warm C,132509,855,854,2171,1308,1,0.0073095933
Warm C,44917,303,302,2171,1308,1,0.009070694
Warm C,42688,293,292,2171,1308,1,0.005146686
Warm C,32599,220,219,2171,1308,1,-0.0025046733
Warm C,33326,225,224,2171,1308,1,0.010650184
Warm C,24808,175,174,2171,1308,0,0.01074592
Warm C,16581,131,130,2171,1308,1,0.015565363
Warm C,5458,38,37,2171,1308,1,0.0069225575
Warm C,4890,35,34,2171,1308,1,0.004838388
Warm C,545315,3363,3362,2171,1308,0,0.0024176342
Warm C,10737,78,77,2171,1308,1,0.005546623
Warm C,206918,1266,1265,2171,1308,0,0.01122823
Warm C,983034,5938,5937,2171,1308,0,-0.00089107663
Warm C,360841,2106,2105,2171,1308,0,0.008428354
Warm C,750442,4478,4477,2171,1308,1,0.016233904
Warm C,290268,1733,1732,2171,1308,1,0.013201477
Warm C,194878,1202,1201,2171,1308,0,0.019349929
Warm C,206368,1265,1264,2171,1308,1,0.010241764
Warm C,739415,4418,4417,2171,1308,1,-0.0025618635
Warm C,59890,408,407,2171,1308,1,0.006873717
Warm C,178658,1121,1120,2171,1308,1,0.019375626
Warm C,497252,3054,3053,2171,1308,0,0.005619534
Warm C,474719,2913,2912,2173,1309,1,0.012106162
Warm C,484239,2979,2978,2173,1309,1,0.0021247375
Warm C,754696,4497,4496,2173,1309,1,0.004250139
Warm C,475529,2918,2917,2173,1309,1,0.010019302
Warm C,602473,3665,3664,2173,1309,1,0.0063610217
Warm C,418740,2529,2528,2173,1309,1,0.020166479
Warm C,417556,2519,2518,2173,1309,1,0.0074509718
Warm C,408937,2455,2454,2173,1309,1,0.0036715353
Warm C,409223,2456,2455,2173,1309,1,0.006003187
Warm C,392991,2308,2307,2173,1309,1,0.012280517
Warm C,392242,2304,2303,2173,1309,0,0.021060888
Warm C,387551,2265,2264,2173,1309,0,0.0055719754
Warm C,370730,2167,2166,2173,1309,0,0.014121291
Warm C,345480,2026,2025,2173,1309,0,0.0050170305
Warm C,341958,2013,2012,2173,1309,1,0.0007910654
Warm C,333885,1969,1968,2173,1309,0,0.0030891101
Warm C,316852,1884,1883,2173,1309,0,0.013935129
Warm C,324453,1922,1921,2173,1309,0,0.0030454444
Warm C,327203,1939,1938,2173,1309,1,0.005745161
Warm C,305638,1819,1818,2173,1309,0,-0.0007662892
Warm C,297069,1761,1760,2173,1309,0,0.006114562
Warm C,293197,1746,1745,2173,1309,1,0.015427724
Warm C,292352,1741,1740,2173,1309,1,0.015634876
Warm C,277004,1675,1674,2173,1309,1,0.0027399054
Warm C,257065,1575,1574,2173,1309,1,0.0021231933
Warm C,251610,1522,1521,2173,1309,1,0.019709917
Warm C,253288,1540,1539,2173,1309,1,0.007128623
Warm C,226118,1369,1368,2173,1309,1,0.0049250056
Warm C,221391,1340,1339,2173,1309,0,0.010334123
Warm C,244017,1470,1469,2173,1309,0,0.009349722
Warm C,308676,1837,1836,2173,1309,0,0.010657802
Warm C,174184,1101,1100,2173,1309,1,0.018732758
Warm C,167894,1068,1067,2173,1309,0,0.017873479
Warm C,191022,1181,1180,2173,1309,0,0.015325103
Warm C,158287,1015,1014,2173,1309,1,0.013881025
Warm C,225258,1362,1361,2173,1309,0,0.01905095
Warm C,233429,1420,1419,2173,1309,0,0.006529833
Warm C,769442,4582,4581,2173,1309,1,0.0113056945
Warm C,112511,731,730,2173,1309,1,0.0048322203
Warm C,99325,662,661,2173,1309,0,0.004167562
Warm C,93623,627,626,2173,1309,1,-0.0031502557
Warm C,87456,571,570,2173,1309,1,0.010626054
Warm C,85817,560,559,2173,1309,0,0.0067996513
Warm C,84238,550,549,2173,1309,0,0.0123917945
Warm C,3317,25,24,2173,1309,0,0.0011443917
Warm C,1799,17,16,2173,1309,1,0.009822153
Warm C,451782,2781,2780,2173,1309,1,0.009857439
Warm C,208818,1274,1273,2173,1309,1,0.014662474
Warm C,103982,691,690,2173,1309,1,-0.00039746496
Warm C,886518,5355,5354,2173,1309,1,0.0141053125
Warm C,758638,4510,4509,2176,1311,0,0.016143715
Warm C,576546,3524,3523,2176,1311,1,-0.0022876465
Warm C,744932,4448,4447,2176,1311,1,0.016543247
Warm C,764023,4543,4542,2176,1311,1,0.012696353
Warm C,576198,3521,3520,2176,1311,1,0.013465283
Warm C,634971,3829,3828,2176,1311,1,0.011893174
Warm C,572196,3507,3506,2176,1311,1,0.007866185
Warm C,904221,5468,5467,2176,1311,1,-0.0067682425
Warm C,696397,4169,4168,2176,1311,1,0.010216859
Warm C,553989,3410,3409,2176,1311,1,0.007595354
Warm C,558224,3428,3427,2176,1311,0,0.0021005399
Warm C,526786,3259,3258,2176,1311,1,0.0050249156
Warm C,522634,3224,3223,2176,1311,1,0.007317279
Warm C,506740,3118,3117,2176,1311,0,0.002262696
Warm C,768742,4579,4578,2176,1311,0,0.009263005
Warm C,495253,3039,3038,2176,1311,1,-0.0048935288
Warm C,492085,3026,3025,2176,1311,1,0.0077485065
Warm C,484140,2978,2977,2176,1311,1,0.0073526795
Warm C,473718,2909,2908,2176,1311,0,0.015221363
Warm C,601643,3658,3657,2176,1311,1,0.0030443622
Warm C,459168,2826,2825,2176,1311,0,0.0071381405
Warm C,458002,2820,2819,2176,1311,0,-0.0018795612
Warm C,453802,2793,2792,2176,1311,0,0.01643077
Warm C,452510,2786,2785,2176,1311,1,0.010187779
Warm C,448463,2764,2763,2176,1311,1,-0.0016000273
Warm C,564466,3471,3470,2176,1311,0,0.011917712
Warm C,446155,2751,2750,2176,1311,0,0.0015295199
Warm C,511335,3154,3153,2176,1311,1,0.00888812
Warm C,438341,2679,2678,2176,1311,1,0.00399031
Warm C,435479,2662,2661,2176,1311,1,0.0039358893
Warm C,437451,2670,2669,2176,1311,1,-0.0038978434
Warm C,425338,2581,2580,2176,1311,1,0.007089518
Warm C,419806,2537,2536,2176,1311,1,0.008543464
Warm C,417612,2520,2519,2176,1311,1,0.006677955
Warm C,416665,2507,2506,2176,1311,1,0.012070625
Warm C,415072,2498,2497,2176,1311,1,0.0055279084
Warm C,414622,2496,2495,2176,1311,0,0.01064077
Warm C,394417,2324,2323,2176,1311,1,-0.0013145014
Warm C,383488,2241,2240,2176,1311,0,-0.0009394825
Warm C,385307,2251,2250,2176,1311,0,0.0078374995
Warm C,380318,2223,2222,2176,1311,1,0.016660277
Warm C,369183,2158,2157,2176,1311,1,0.009767257
Warm C,364153,2121,2120,2176,1311,1,-0.004561756
Warm C,361689,2109,2108,2176,1311,1,0.010411469
Warm C,352970,2067,2066,2176,1311,1,-0.000667655
Warm C,353720,2072,2071,2176,1311,0,-0.0012230517
Warm C,343659,2018,2017,2176,1311,1,0.0092529915
Warm C,321543,1906,1905,2176,1311,1,0.0011335756
Warm C,306535,1827,1826,2176,1311,1,-9.373552e-05
Warm C,279379,1680,1679,2176,1311,1,0.012081249
Warm C,273728,1650,1649,2176,1311,0,0.01047382
Warm C,221398,1340,1339,2176,1311,1,0.007653582
Warm C,308073,1836,1835,2176,1311,1,0.011668478
Warm C,322421,1912,1911,2176,1311,1,0.009677442
Warm C,210177,1284,1283,2176,1311,0,0.0037469133
Warm C,328224,1941,1940,2176,1311,1,0.008806592
Warm C,185371,1150,1149,2176,1311,0,0.020689193
Warm C,180333,1128,1127,2176,1311,1,0.008719237
Warm C,265820,1613,1612,2176,1311,1,0.018401649
Warm C,179145,1124,1123,2176,1311,1,0.0044778897
Warm C,293792,1748,1747,2176,1311,0,0.010003623
Warm C,191030,1181,1180,2176,1311,0,0.01626603
Warm C,169591,1077,1076,2176,1311,1,0.011501056
Warm C,160150,1019,1018,2176,1311,0,0.0029077712
Warm C,162288,1034,1033,2176,1311,0,0.004052164
Warm C,149013,958,957,2176,1311,1,0.011471158
Warm C,199481,1224,1223,2176,1311,1,0.003295542
Warm C,131191,850,849,2176,1311,0,0.0025967383
Warm C,122611,791,790,2176,1311,1,0.012955974
Warm C,235020,1425,1424,2176,1311,1,0.015392105
Warm C,108523,711,710,2176,1311,1,0.00231274
Warm C,108028,710,709,2176,1311,1,0.013052218
Warm C,240159,1449,1448,2176,1311,1,0.013878562
Warm C,329371,1943,1942,2176,1311,1,0.0044972366
Warm C,316856,1884,1883,2176,1311,0,0.010128895
Warm C,94220,631,630,2176,1311,1,0.0011840019
Warm C,284239,1698,1697,2176,1311,1,0.010108823
Warm C,115421,749,748,2176,1311,0,0.007925724
Warm C,89287,588,587,2176,1311,1,-0.004222297
Warm C,83202,549,548,2176,1311,1,0.0077938195
Warm C,228318,1383,1382,2176,1311,1,0.013292795
Warm C,338175,1988,1987,2176,1311,0,0.0074679083
Warm C,43556,300,299,2176,1311,1,0.009547546
Warm C,176992,1117,1116,2176,1311,1,0.0049683694
Warm C,46740,314,313,2176,1311,1,-0.0024167262
Warm C,269995,1635,1634,2176,1311,1,0.018535461
Warm C,27492,193,192,2176,1311,1,0.013290729
Warm C,23965,170,169,2176,1311,1,0.0023144134
Warm C,21916,161,160,2176,1311,1,0.002475589
Warm C,22992,166,165,2176,1311,1,0.009117231
Warm C,464193,2860,2859,2176,1311,1,0.00030660396
Warm C,17412,136,135,2176,1311,1,0.01118472
Warm C,16586,131,130,2176,1311,1,0.007248958
Warm C,61730,415,414,2176,1311,1,0.0034765787
Warm C,276272,1671,1670,2176,1311,1,-0.003390179
Warm C,592003,3610,3609,2176,1311,0,0.015963387
Warm C,8357,58,57,2176,1311,1,0.007570509
Warm C,4423,33,32,2176,1311,0,0.006134839
Warm C,2954,23,22,2176,1311,0,0.009262025
Warm C,206925,1266,1265,2176,1311,1,0.013891437
Warm C,481863,2962,2961,2176,1311,1,0.009477217
Warm C,15392,123,122,2176,1311,0,0.015502553
Warm C,512905,3163,3162,2176,1311,1,0.008994661
Warm C,158290,1015,1014,2176,1311,1,0.0038754542
Warm C,182049,1137,1136,2176,1311,1,0.010632975
Warm C,348073,2041,2040,2176,1311,0,0.011242256
Warm C,192729,1186,1185,2176,1311,1,0.01293571
Warm C,882161,5329,5328,2176,1311,1,-0.00018961122
Warm C,234153,1422,1421,2176,1311,1,0.010802625
Warm C,51319,338,337,2176,1311,1,0.01062839
Warm C,631616,3821,3820,2176,1311,0,0.011154304
Warm C,47239,319,318,2176,1311,0,0.0047899745
Warm C,24217,173,172,2176,1311,1,0.007887781
Warm C,618978,3751,3750,2176,1311,1,0.0052438453
Warm C,286749,1712,1711,2176,1311,0,0.0190165
Warm C,353486,2071,2070,2176,1311,0,0.012642023
Warm C,455189,2802,2801,2176,1311,1,0.0045778006
Warm C,633331,3824,3823,2176,1311,0,0.007711759
Warm C,309639,1842,1841,2176,1311,1,0.012858793
Warm C,63029,424,423,2176,1311,1,0.007138929
Warm C,565615,3475,3474,2176,1311,0,0.0010796054
Warm C,231126,1399,1398,2176,1311,1,-0.001042448
Warm C,892999,5394,5393,2176,1311,1,0.014620705
Warm C,113754,737,736,2176,1311,0,0.001545409
Warm C,271795,1643,1642,2176,1311,1,0.0025430855
Warm C,254871,1551,1550,2176,1311,1,0.011112342
Warm C,34600,235,234,2176,1311,0,0.0073021464
Warm C,118715,767,766,2176,1311,1,-0.0031615784
Warm C,807164,4831,4830,2176,1311,1,0.014041156
Warm C,433650,2643,2642,2176,1311,1,0.00784316
Warm C,171720,1088,1087,2176,1311,0,0.003954768
Warm C,315314,1880,1879,2177,1312,0,0.016162546
Warm C,112515,731,730,2177,1312,0,0.012605973
Warm C,153093,984,983,2177,1312,0,0.019231278
Warm C,97071,651,650,2177,1312,0,0.015832717
Warm C,83204,549,548,2177,1312,1,0.015103236
Warm C,211023,1285,1284,2177,1312,0,0.018106794
Warm C,44251,302,301,2177,1312,0,0.0151723325
Warm C,947575,5722,5721,2177,1312,0,0.002899529
Warm C,18573,146,145,2177,1312,0,0.005219115
Warm C,9130,62,61,2177,1312,0,0.009145321
Warm C,481865,2962,2961,2177,1312,0,0.0068364674
Warm C,552402,3401,3400,2177,1312,0,0.011803266
Warm C,235021,1425,1424,2177,1312,1,0.012066991
Warm C,348075,2041,2040,2177,1312,0,0.010472277
Warm C,927592,5605,5604,2177,1312,0,0.008173279
Warm C,618979,3751,3750,2177,1312,0,0.013254717
Warm C,286751,1712,1711,2177,1312,0,-0.0023371931
Warm C,11535,90,89,2177,1312,0,0.008591508
Warm C,633333,3824,3823,2177,1312,0,0.011767076
Warm C,171721,1088,1087,2177,1312,1,0.0068699173
Warm C,322423,1912,1911,2177,1312,0,0.011936981
Warm C,739416,4418,4417,2177,1312,1,0.0044563264
Warm C,324973,1925,1924,2177,1312,1,0.010420232
Warm C,226838,1376,1375,2178,1313,1,0.013483564
Warm C,220390,1335,1334,2178,1313,1,0.020782657
Warm C,207537,1268,1267,2178,1313,1,-0.0022994913
Warm C,196556,1207,1206,2178,1313,0,0.0054669008
Warm C,279385,1680,1679,2178,1313,0,0.007213222
Warm C,328230,1941,1940,2178,1313,0,0.011267625
Warm C,326560,1935,1934,2178,1313,1,0.0004642678
Warm C,185372,1150,1149,2178,1313,1,0.010003715
Warm C,182051,1137,1136,2178,1313,1,0.01587433
Warm C,180337,1128,1127,2178,1313,0,0.0053045163
Warm C,159305,1017,1016,2178,1313,1,0.0053935763
Warm C,191033,1181,1180,2178,1313,0,0.017052213
Warm C,221401,1340,1339,2178,1313,0,0.0152390255
Warm C,131193,850,849,2178,1313,0,-0.00017546606
Warm C,329372,1943,1942,2178,1313,1,0.016603017
Warm C,83206,549,548,2178,1313,1,0.0021201633
Warm C,80881,537,536,2178,1313,0,0.011464974
Warm C,77591,524,523,2178,1313,1,0.009674241
Warm C,17413,136,135,2178,1313,1,0.011265457
Warm C,7513,53,52,2178,1313,1,0.008285651
Warm C,357510,2092,2091,2178,1313,1,0.0073301145
Warm C,4426,33,32,2178,1313,1,-0.0030233078
Warm C,481867,2962,2961,2178,1313,0,0.0039266823
Warm C,30996,208,207,2178,1313,0,0.003987823
Warm C,18576,146,145,2178,1313,0,0.011387374
Warm C,24220,173,172,2178,1313,1,0.008873196
Warm C,633335,3824,3823,2178,1313,0,0.02026989
Warm C,744933,4448,4447,2178,1313,1,0.013856388
Warm C,473722,2909,2908,2178,1313,1,0.008065092
Warm C,113757,737,736,2178,1313,0,0.018349914
Warm C,271796,1643,1642,2178,1313,1,0.0090593565
Warm C,319383,1897,1896,2178,1313,0,0.010841448
Warm C,63033,424,423,2178,1313,1,0.015743457
Warm C,322425,1912,1911,2178,1313,1,0.0056337127
Warm C,118716,767,766,2178,1313,1,0.017957125
Warm C,566306,3476,3475,2181,1314,1,0.017638575
Warm C,506747,3118,3117,2181,1314,0,0.011976603
Warm C,800136,4795,4794,2181,1314,1,0.01112843
Warm C,492092,3026,3025,2181,1314,1,0.01619095
Warm C,479287,2941,2940,2181,1314,1,0.0131794335
Warm C,472642,2907,2906,2181,1314,1,0.023955263
Warm C,601647,3658,3657,2181,1314,0,0.014636017
Warm C,473736,2909,2908,2181,1314,1,0.011955682
Warm C,466881,2878,2877,2181,1314,1,0.017479181
Warm C,462623,2854,2853,2181,1314,1,0.013856586
Warm C,428818,2609,2608,2181,1314,1,0.019619167
Warm C,426237,2589,2588,2181,1314,1,0.019887827
Warm C,419810,2537,2536,2181,1314,0,0.020244643
Warm C,425342,2581,2580,2181,1314,0,0.01799949
Warm C,415077,2498,2497,2181,1314,0,0.008555256
Warm C,400979,2389,2388,2181,1314,0,0.021214895
Warm C,384889,2248,2247,2181,1314,1,0.014613977
Warm C,381678,2231,2230,2181,1314,0,0.020976704
Warm C,377862,2205,2204,2181,1314,0,0.020695347
Warm C,378746,2211,2210,2181,1314,0,0.016651351
Warm C,366974,2140,2139,2181,1314,1,0.013715679
Warm C,361697,2109,2108,2181,1314,1,0.016983839
Warm C,353723,2072,2071,2181,1314,1,0.012515487
Warm C,356430,2088,2087,2181,1314,1,0.024214176
Warm C,352689,2064,2063,2181,1314,1,0.01750962
Warm C,279399,1680,1679,2181,1314,0,0.019614743
Warm C,250811,1513,1512,2181,1314,0,0.012919716
Warm C,322436,1912,1911,2181,1314,0,0.018931773
Warm C,207539,1268,1267,2181,1314,1,0.004656569
Warm C,210182,1284,1283,2181,1314,1,0.009449247
Warm C,328244,1941,1940,2181,1314,1,0.0124811735
Warm C,188607,1170,1169,2181,1314,0,0.012619565
Warm C,185386,1150,1149,2181,1314,0,0.020495402
Warm C,184393,1147,1146,2181,1314,1,0.0072257584
Warm C,131196,850,849,2181,1314,0,0.01960781
Warm C,113760,737,736,2181,1314,0,0.02164802
Warm C,89809,591,590,2181,1314,1,0.012841276
Warm C,191047,1181,1180,2181,1314,0,0.018970974
Warm C,83214,549,548,2181,1314,1,0.0136884395
Warm C,228324,1383,1382,2181,1314,0,0.0074352184
Warm C,22999,166,165,2181,1314,0,0.015738
Warm C,17419,136,135,2181,1314,1,0.019739037
Warm C,13511,107,106,2181,1314,0,0.0072220527
Warm C,276278,1671,1670,2181,1314,1,0.022183897
Warm C,481873,2962,2961,2181,1314,0,0.0070805135
Warm C,18582,146,145,2181,1314,1,0.017770667
Warm C,447543,2757,2756,2181,1314,0,0.010691512
Warm C,76379,518,517,2181,1314,1,0.02188647
Warm C,158299,1015,1014,2181,1314,1,0.015023477
Warm C,182057,1137,1136,2181,1314,1,0.010972917
Warm C,348080,2041,2040,2181,1314,1,0.008459214
Warm C,272238,1645,1644,2181,1314,1,0.01385596
Warm C,171733,1088,1087,2181,1314,1,0.0052337497
Warm C,768747,4579,4578,2181,1314,0,0.012441745
Warm C,31000,208,207,2181,1314,0,0.011103166
Warm C,63040,424,423,2181,1314,1,0.020290267
Warm C,293801,1748,1747,2181,1314,0,0.024001464
Warm C,825579,4958,4957,2181,1314,0,0.014644083
Warm C,339682,2002,2001,2182,1315,1,0.014607611
Warm C,337787,1986,1985,2182,1315,1,0.0143541265
Warm C,316863,1884,1883,2182,1315,1,0.021963667
Warm C,316287,1883,1882,2182,1315,0,0.011292868
Warm C,324977,1925,1924,2182,1315,1,0.008949311
Warm C,285962,1706,1705,2182,1315,1,0.00965202
Warm C,284869,1699,1698,2182,1315,1,0.006925284
Warm C,256746,1570,1569,2182,1315,0,-0.002949629
Warm C,276279,1671,1670,2182,1315,1,0.02041387
Warm C,212625,1295,1294,2182,1315,0,0.0010257448
Warm C,192997,1191,1190,2182,1315,1,0.017636266
Warm C,184394,1147,1146,2182,1315,1,0.0078029316
Warm C,307500,1835,1834,2182,1315,1,0.020248145
Warm C,191048,1181,1180,2182,1315,0,0.032965332
Warm C,165243,1053,1052,2182,1315,0,0.016882285
Warm C,293802,1748,1747,2182,1315,1,0.0073362496
Warm C,160157,1019,1018,2182,1315,0,0.017460018
Warm C,158301,1015,1014,2182,1315,0,0.018841749
Warm C,138406,889,888,2182,1315,1,0.015581233
Warm C,197362,1211,1210,2182,1315,1,0.014856288
Warm C,123446,796,795,2182,1315,1,0.01790037
Warm C,118718,767,766,2182,1315,1,-2.4440233e-05
Warm C,97871,655,654,2182,1315,0,0.007541584
Warm C,94593,635,634,2182,1315,1,0.0033326012
Warm C,83215,549,548,2182,1315,1,0.017367998
Warm C,57737,391,390,2182,1315,1,0.010585837
Warm C,481874,2962,2961,2182,1315,0,0.010106456
Warm C,13925,112,111,2182,1315,0,0.012448876
Warm C,592014,3610,3609,2182,1315,0,0.023866372
Warm C,237985,1447,1446,2182,1315,1,0.027525326
Warm C,744935,4448,4447,2182,1315,1,0.023339782
Warm C,271797,1643,1642,2182,1315,1,0.010428634
Warm C,322437,1912,1911,2182,1315,0,0.014635702
Warm C,473738,2909,2908,2182,1315,1,0.010523237
Warm C,841163,5054,5053,2182,1315,0,0.014227298
Warm C,46748,314,313,2182,1315,1,0.0069016954
Warm C,254873,1551,1550,2182,1315,0,0.012914255
Warm C,24227,173,172,2182,1315,0,0.011962067
Warm C,904222,5468,5467,2183,1316,1,0.01083041
Warm C,566308,3476,3475,2183,1316,1,0.008938836
Warm C,558043,3426,3425,2183,1316,1,-0.0057217735
Warm C,549489,3390,3389,2183,1316,1,0.005966929
Warm C,546857,3371,3370,2183,1316,1,0.02794837
Warm C,533396,3292,3291,2183,1316,0,0.020221159
Warm C,511091,3151,3150,2183,1316,1,0.008341618
Warm C,513931,3171,3170,2183,1316,1,0.012486998
Warm C,522645,3224,3223,2183,1316,1,0.017547984
Warm C,768748,4579,4578,2183,1316,0,0.026214536
Warm C,492095,3026,3025,2183,1316,1,0.009275454
Warm C,488353,3004,3003,2183,1316,1,0.0062509743
Warm C,823758,4951,4950,2183,1316,1,0.01005109
Warm C,696413,4169,4168,2183,1316,0,0.028420767
Warm C,473741,2909,2908,2183,1316,1,0.014407824
Warm C,471647,2901,2900,2183,1316,1,0.004392595
Warm C,478972,2939,2938,2183,1316,1,0.013117943
Warm C,518788,3201,3200,2183,1316,1,0.0103113
Warm C,455868,2807,2806,2183,1316,0,0.00859996
Warm C,452516,2786,2785,2183,1316,1,0.005966032
Warm C,448465,2764,2763,2183,1316,1,0.013243321
Warm C,511343,3154,3153,2183,1316,1,0.01689409
Warm C,438344,2679,2678,2183,1316,1,0.011135098
Warm C,425344,2581,2580,2183,1316,1,0.017543731
Warm C,418125,2526,2525,2183,1316,1,0.018610816
Warm C,412535,2483,2482,2183,1316,1,0.005672591
Warm C,464199,2860,2859,2183,1316,1,0.010481147
Warm C,414628,2496,2495,2183,1316,0,0.01309556
Warm C,400430,2383,2382,2183,1316,1,0.006117275
Warm C,390037,2288,2287,2183,1316,0,0.006480744
Warm C,384891,2248,2247,2183,1316,1,0.010153625
Warm C,377863,2205,2204,2183,1316,0,0.012428718
Warm C,361699,2109,2108,2183,1316,1,0.02019319
Warm C,353725,2072,2071,2183,1316,1,-0.00093875395
Warm C,334638,1974,1973,2183,1316,0,0.019545998
Warm C,321046,1903,1902,2183,1316,1,0.0157195
Warm C,280876,1685,1684,2183,1316,1,0.0050005224
Warm C,282305,1693,1692,2183,1316,0,0.019165874
Warm C,293803,1748,1747,2183,1316,1,0.014728162
Warm C,346243,2030,2029,2183,1316,0,0.019028395
Warm C,250812,1513,1512,2183,1316,0,0.005509464
Warm C,265835,1613,1612,2183,1316,1,0.0125152655
Warm C,242848,1465,1464,2183,1316,1,0.020477489
Warm C,221414,1340,1339,2183,1316,0,0.01789129
Warm C,210184,1284,1283,2183,1316,0,0.0026576002
Warm C,328248,1941,1940,2183,1316,1,0.019325085
Warm C,198633,1220,1219,2183,1316,1,0.014843078
Warm C,338181,1988,1987,2183,1316,1,0.016138937
Warm C,188609,1170,1169,2183,1316,1,0.011775187
Warm C,185389,1150,1149,2183,1316,0,0.016738521
Warm C,184396,1147,1146,2183,1316,0,-0.00022114418
Warm C,180343,1128,1127,2183,1316,1,0.009307118
Warm C,191051,1181,1180,2183,1316,0,0.027179133
Warm C,160160,1019,1018,2183,1316,1,0.022837605
Warm C,162295,1034,1033,2183,1316,1,0.011449461
Warm C,153099,984,983,2183,1316,1,0.022426859
Warm C,270006,1635,1634,2183,1316,1,0.016302414
Warm C,199487,1224,1223,2183,1316,1,0.008266386
Warm C,201604,1242,1241,2183,1316,1,0.01780209
Warm C,127745,824,823,2183,1316,0,0.02101561
Warm C,135040,873,872,2183,1316,1,0.007946713
Warm C,412114,2478,2477,2183,1316,1,0.024048144
Warm C,118719,767,766,2183,1316,1,0.003492493
Warm C,235029,1425,1424,2183,1316,1,0.020269096
Warm C,223590,1354,1353,2183,1316,0,0.018277211
Warm C,240169,1449,1448,2183,1316,0,0.01169976
Warm C,108526,711,710,2183,1316,1,0.011947134
Warm C,95471,639,638,2183,1316,1,0.017207112
Warm C,303752,1804,1803,2183,1316,0,-0.00010936707
Warm C,211036,1285,1284,2183,1316,1,0.013079599
Warm C,89290,588,587,2183,1316,1,0.009072867
Warm C,83218,549,548,2183,1316,1,0.016399574
Warm C,67479,453,452,2183,1316,1,0.019218668
Warm C,61146,412,411,2183,1316,1,0.011753904
Warm C,55221,366,365,2183,1316,1,0.015339512
Warm C,44269,302,301,2183,1316,1,0.010326295
Warm C,177002,1117,1116,2183,1316,1,0.0010767481
Warm C,38190,261,260,2183,1316,1,0.016038794
Warm C,28564,196,195,2183,1316,0,0.007547421
Warm C,481875,2962,2961,2183,1316,0,0.014743261
Warm C,22815,165,164,2183,1316,1,0.011195285
Warm C,18585,146,145,2183,1316,1,0.01175742
Warm C,61739,415,414,2183,1316,1,0.01696926
Warm C,784124,4682,4681,2183,1316,1,0.01047105
Warm C,276281,1671,1670,2183,1316,1,0.01488925
Warm C,592016,3610,3609,2183,1316,0,0.020060057
Warm C,9140,62,61,2183,1316,1,0.0090998
Warm C,7527,53,52,2183,1316,1,0.00609658
Warm C,357516,2092,2091,2183,1316,1,0.02219242
Warm C,408266,2453,2452,2183,1316,1,0.021898739
Warm C,4444,33,32,2183,1316,1,0.016448464
Warm C,384723,2247,2246,2183,1316,1,0.012359667
Warm C,15406,123,122,2183,1316,0,0.012025181
Warm C,512920,3163,3162,2183,1316,1,0.022361018
Warm C,237988,1447,1446,2183,1316,0,0.021994118
Warm C,228326,1383,1382,2183,1316,1,0.014898028
Warm C,158304,1015,1014,2183,1316,1,0.017122252
Warm C,348083,2041,2040,2183,1316,0,0.006730239
Warm C,631624,3821,3820,2183,1316,0,0.008933328
Warm C,713146,4277,4276,2183,1316,1,0.01945787
Warm C,622189,3768,3767,2183,1316,1,0.008309212
Warm C,618986,3751,3750,2183,1316,1,0.017444804
Warm C,453812,2793,2792,2183,1316,1,0.027798245
Warm C,171736,1088,1087,2183,1316,1,0.012876159
Warm C,484327,2980,2979,2183,1316,1,0.011732196
Warm C,558227,3428,3427,2183,1316,1,0.009889023
Warm C,145828,937,936,2183,1316,1,0.022673327
Warm C,322440,1912,1911,2183,1316,0,0.019474994
Warm C,115425,749,748,2183,1316,1,0.011464376
Warm C,233665,1421,1420,2183,1316,0,0.0069771213
Warm C,454631,2796,2795,2183,1316,0,0.018264443
Warm C,565622,3475,3474,2183,1316,0,0.010777065
Warm C,251887,1524,1523,2183,1316,1,0.0027030273
Warm C,255544,1556,1555,2183,1316,1,0.013147386
Warm C,841164,5054,5053,2183,1316,1,0.011559918
Warm C,254875,1551,1550,2183,1316,1,0.01130371
Warm C,63045,424,423,2183,1316,1,0.015051166
Warm C,709784,4258,4257,2183,1316,1,0.018276073
Warm C,718590,4305,4304,2183,1316,1,0.024034638
Warm C,506749,3118,3117,2184,1317,1,0.0029078024
Warm C,768749,4579,4578,2184,1317,1,0.004676892
Warm C,492097,3026,3025,2184,1317,1,-0.0025966654
Warm C,533398,3292,3291,2184,1317,1,-0.0009802748
Warm C,479291,2941,2940,2184,1317,1,-0.0073577845
Warm C,696415,4169,4168,2184,1317,1,-0.0014891637
Warm C,472646,2907,2906,2184,1317,1,-0.004887766
Warm C,471648,2901,2900,2184,1317,1,-0.0061494783
Warm C,511344,3154,3153,2184,1317,1,-0.0051961048
Warm C,438346,2679,2678,2184,1317,0,0.0022659502
Warm C,428819,2609,2608,2184,1317,1,0.0065831756
Warm C,425345,2581,2580,2184,1317,1,-0.0027798922
Warm C,446884,2753,2752,2184,1317,0,-0.008154266
Warm C,419813,2537,2536,2184,1317,0,0.0015048865
Warm C,414237,2493,2492,2184,1317,1,6.141537e-05
Warm C,412536,2483,2482,2184,1317,1,0.0061959405
Warm C,395591,2338,2337,2184,1317,1,0.0044082664
Warm C,390719,2293,2292,2184,1317,1,0.007831285
Warm C,385314,2251,2250,2184,1317,0,-0.0035466643
Warm C,377865,2205,2204,2184,1317,0,-0.0044948193
Warm C,374140,2181,2180,2184,1317,1,-0.002187512
Warm C,364155,2121,2120,2184,1317,0,0.00089997717
Warm C,357924,2094,2093,2184,1317,1,0.0030910992
Warm C,353726,2072,2071,2184,1317,1,0.0055649225
Warm C,352690,2064,2063,2184,1317,1,-0.00016853074
Warm C,343667,2018,2017,2184,1317,1,0.009050315
Warm C,324979,1925,1924,2184,1317,0,-0.0034111352
Warm C,345487,2026,2025,2184,1317,1,-0.004180738
Warm C,293805,1748,1747,2184,1317,0,0.00588808
Warm C,256747,1570,1569,2184,1317,0,0.0033644945
Warm C,346244,2030,2029,2184,1317,1,-0.0027067245
Warm C,250651,1511,1510,2184,1317,0,-0.00085713086
Warm C,316866,1884,1883,2184,1317,0,0.0019887527
Warm C,228951,1387,1386,2184,1317,1,0.008594222
Warm C,276283,1671,1670,2184,1317,0,-0.004091937
Warm C,320149,1899,1898,2184,1317,1,-0.0028113069
Warm C,308078,1836,1835,2184,1317,1,-0.0047923317
Warm C,279405,1680,1679,2184,1317,1,0.0014566958
Warm C,219906,1333,1332,2184,1317,0,-0.0040870984
Warm C,328251,1941,1940,2184,1317,1,-0.009169111
Warm C,188610,1170,1169,2184,1317,1,-0.005257846
Warm C,185391,1150,1149,2184,1317,0,-0.0060141
Warm C,184397,1147,1146,2184,1317,1,0.0055255396
Warm C,182819,1140,1139,2184,1317,1,0.008675217
Warm C,167422,1066,1065,2184,1317,0,-0.0019010745
Warm C,165245,1053,1052,2184,1317,0,0.0041545886
Warm C,199489,1224,1223,2184,1317,1,-0.0053449585
Warm C,138411,889,888,2184,1317,0,0.0060351556
Warm C,124274,800,799,2184,1317,1,-0.01123749
Warm C,122618,791,790,2184,1317,0,-0.00649942
Warm C,235031,1425,1424,2184,1317,1,-0.0027836035
Warm C,324464,1922,1921,2184,1317,0,-0.002617801
Warm C,240172,1449,1448,2184,1317,0,0.0006112796
Warm C,105175,696,695,2184,1317,0,0.0018572542
Warm C,203487,1248,1247,2184,1317,1,0.0015561299
Warm C,94225,631,630,2184,1317,1,-0.002618131
Warm C,211037,1285,1284,2184,1317,1,-0.006116194
Warm C,339200,1998,1997,2184,1317,1,-0.0049992753
Warm C,83221,549,548,2184,1317,1,-0.009237308
Warm C,319390,1897,1896,2184,1317,0,-0.0077740606
Warm C,75364,512,511,2184,1317,1,-0.00601074
Warm C,61147,412,411,2184,1317,1,-0.0027186228
Warm C,49193,329,328,2184,1317,0,0.0007169096
Warm C,44272,302,301,2184,1317,0,0.0010371101
Warm C,177004,1117,1116,2184,1317,1,-0.0049932958
Warm C,108527,711,710,2184,1317,1,0.0028494508
Warm C,133647,864,863,2184,1317,0,0.0008917486
Warm C,22816,165,164,2184,1317,0,-0.0012092916
Warm C,290280,1733,1732,2184,1317,0,-0.006299555
Warm C,11313,86,85,2184,1317,1,-0.0018660964
Warm C,8371,58,57,2184,1317,1,-0.00073383236
Warm C,481877,2962,2961,2184,1317,0,-0.006211521
Warm C,69076,462,461,2184,1317,1,0.006910661
Warm C,882163,5329,5328,2184,1317,1,-0.012830167
Warm C,357517,2092,2091,2184,1317,0,-0.0013212587
Warm C,24230,173,172,2184,1317,0,-0.001371725
Warm C,618989,3751,3750,2184,1317,0,-0.0050768624
Warm C,633343,3824,3823,2184,1317,0,-0.0064017894
Warm C,322442,1912,1911,2184,1317,0,-0.0007496772
Warm C,841166,5054,5053,2184,1317,1,-0.0019527188
Warm C,631625,3821,3820,2184,1317,1,-0.0015404988
Warm C,271798,1643,1642,2184,1317,1,0.0075056455
Warm C,63048,424,423,2184,1317,1,-0.0025415956
Warm C,699708,4186,4185,2184,1317,0,-0.001319354
Warm C,460727,2841,2840,2184,1317,1,-0.012628982
Warm C,984046,5948,5947,2184,1317,1,-0.005618636
Warm C,171739,1088,1087,2184,1317,1,0.0044019828
Warm C,404586,2419,2418,2195,1322,0,0.012648683
Warm C,399530,2378,2377,2195,1322,0,0.008055817
Warm C,397875,2361,2360,2195,1322,1,0.020690862
Warm C,392274,2304,2303,2195,1322,1,0.02225154
Warm C,375627,2188,2187,2195,1322,0,0.006003321
Warm C,372469,2175,2174,2195,1322,1,0.005853875
Warm C,370513,2166,2165,2195,1322,1,0.018997977
Warm C,378400,2208,2207,2195,1322,0,0.0065527325
Warm C,382498,2235,2234,2195,1322,0,0.012321954
Warm C,368834,2156,2155,2195,1322,0,0.0018543595
Warm C,351976,2063,2062,2195,1322,0,0.005149453
Warm C,348970,2047,2046,2195,1322,1,0.002354432
Warm C,341655,2012,2011,2195,1322,0,0.013511925
Warm C,340719,2010,2009,2195,1322,0,0.013039553
Warm C,297567,1764,1763,2195,1322,1,0.008084793
Warm C,287168,1714,1713,2195,1322,0,0.011318719
Warm C,282676,1694,1693,2195,1322,0,0.0034856643
Warm C,259521,1587,1586,2195,1322,0,0.0057189427
Warm C,296830,1759,1758,2195,1322,0,0.0050408393
Warm C,208028,1272,1271,2195,1322,0,0.013945755
Warm C,205347,1263,1262,2195,1322,1,0.015078425
Warm C,279430,1680,1679,2195,1322,0,0.008497648
Warm C,331693,1958,1957,2195,1322,1,0.01413361
Warm C,185406,1150,1149,2195,1322,0,0.013258053
Warm C,176065,1113,1112,2195,1322,1,0.0031950688
Warm C,173714,1100,1099,2195,1322,0,-0.004869514
Warm C,203144,1246,1245,2195,1322,1,0.023063805
Warm C,354563,2076,2075,2195,1322,0,0.00078821974
Warm C,146263,940,939,2195,1322,0,0.0017806515
Warm C,143692,927,926,2195,1322,0,-0.0016890438
Warm C,156969,1010,1009,2195,1322,1,0.009907606
Warm C,136666,881,880,2195,1322,0,0.0059929825
Warm C,160173,1019,1018,2195,1322,0,0.0022076315
Warm C,121547,781,780,2195,1322,1,0.0042695403
Warm C,119321,770,769,2195,1322,1,0.019452497
Warm C,117543,757,756,2195,1322,0,0.005091686
Warm C,112534,731,730,2195,1322,1,0.01018583
Warm C,108060,710,709,2195,1322,0,0.0023395051
Warm C,106120,699,698,2195,1322,1,0.0009796312
Warm C,329393,1943,1942,2195,1322,0,0.007759328
Warm C,92563,620,619,2195,1322,0,-0.0026648254
Warm C,299680,1778,1777,2195,1322,0,0.006178874
Warm C,81747,543,542,2195,1322,0,0.0035956013
Warm C,67486,453,452,2195,1322,1,0.013153268
Warm C,53516,352,351,2195,1322,0,0.016446553
Warm C,233670,1421,1420,2195,1322,0,-0.0023521734
Warm C,44297,302,301,2195,1322,0,0.012092838
Warm C,43830,301,300,2195,1322,0,0.011936162
Warm C,537994,3312,3311,2195,1322,0,0.0086420085
Warm C,40259,272,271,2195,1322,0,0.011849284
Warm C,41686,284,283,2195,1322,1,0.004067913
Warm C,219208,1329,1328,2195,1322,0,0.0028590765
Warm C,31480,214,213,2195,1322,1,0.008037971
Warm C,26767,190,189,2195,1322,0,0.014455278
Warm C,25779,182,181,2195,1322,0,0.014321806
Warm C,35767,242,241,2195,1322,1,0.0097935125
Warm C,2398,19,18,2195,1322,0,0.0039367955
Warm C,439835,2688,2687,2195,1322,0,0.010989294
Warm C,354989,2077,2076,2195,1322,0,0.01883004
Warm C,2704,22,21,2195,1322,1,0.0053011365
Warm C,238003,1447,1446,2195,1322,1,0.010538548
Warm C,371028,2168,2167,2195,1322,1,0.011839757
Warm C,342562,2015,2014,2195,1322,1,0.016548831
Warm C,363122,2116,2115,2195,1322,0,0.009968147
Warm C,134362,869,868,2195,1322,1,0.004503091
Warm C,571108,3503,3502,2195,1322,0,0.005808693
Warm C,164643,1051,1050,2195,1322,0,0.01014158
Warm C,717028,4294,4293,2195,1322,0,-0.0010729276
Warm C,52939,349,348,2195,1322,0,0.008177597
Warm C,581356,3550,3549,2195,1322,0,0.010541309
Warm C,171755,1088,1087,2195,1322,0,0.013424413
Warm C,371726,2172,2171,2195,1322,1,0.008702561
Warm C,600830,3652,3651,2195,1322,0,0.010011563
Warm C,461547,2847,2846,2195,1322,0,0.011882251
Warm C,550266,3391,3390,2195,1322,1,0.0049380274
Warm C,162119,1034,1033,2204,1325,1,0.0030190856
Warm C,269601,1635,1634,2204,1325,1,0.01505037
Warm C,199181,1224,1223,2204,1325,1,0.007496408
Warm C,184726,1150,1149,2204,1325,0,0.014023155
Warm C,964302,5812,5811,2204,1325,0,0.007422678
Warm C,130910,850,849,2204,1325,1,0.0039989343
Warm C,197172,1211,1210,2204,1325,1,0.0050866236
Warm C,139085,890,889,2204,1325,0,0.005568427
Warm C,115204,749,748,2204,1325,1,0.0036555543
Warm C,316501,1884,1883,2204,1325,1,0.003337414
Warm C,631256,3821,3820,2204,1325,1,0.0023789564
Warm C,89687,591,590,2204,1325,1,0.010626262
Warm C,82605,549,548,2204,1325,1,0.021185633
Warm C,27450,193,192,2204,1325,0,-0.0025188532
Warm C,12628,97,96,2204,1325,1,0.0024697026
Warm C,481544,2962,2961,2204,1325,0,0.013690086
Warm C,89049,588,587,2204,1325,1,-0.005907322
Warm C,24116,173,172,2204,1325,1,0.007563842
Warm C,181776,1137,1136,2204,1325,1,0.011167584
Warm C,745188,4448,4447,2204,1325,1,0.009176954
Warm C,18212,140,139,2204,1325,0,0.0022603725
Warm C,286504,1712,1711,2204,1325,1,0.009714421
Warm C,420682,2544,2543,2204,1325,0,0.010220338
Warm C,107586,710,709,2204,1325,1,0.008667854
Warm C,632810,3824,3823,2204,1325,0,0.008057735
Warm C,473077,2909,2908,2204,1325,1,0.011091763
Warm C,308291,1837,1836,2204,1325,1,0.007292229
Warm C,546621,3371,3370,2204,1325,0,0.004191475
Warm C,321960,1912,1911,2204,1325,0,0.00947887
Warm C,703968,4221,4220,2206,1326,1,0.0042853174
Warm C,687411,4115,4114,2206,1326,1,0.016647913
Warm C,681150,4083,4082,2206,1326,1,0.029797938
Warm C,784304,4682,4681,2206,1326,1,0.02088359
Warm C,667157,4016,4015,2206,1326,0,0.0034499848
Warm C,652253,3934,3933,2206,1326,0,0.009548863
Warm C,725697,4344,4343,2206,1326,1,0.014926134
Warm C,637606,3841,3840,2206,1326,0,0.017274868
Warm C,606272,3683,3682,2206,1326,1,0.014909472
Warm C,621029,3762,3761,2206,1326,1,0.010778046
Warm C,593230,3618,3617,2206,1326,0,0.014274865
Warm C,589544,3596,3595,2206,1326,1,0.010357996
Warm C,570620,3501,3500,2206,1326,1,0.010433713
Warm C,571740,3507,3506,2206,1326,1,0.026522525
Warm C,696951,4169,4168,2206,1326,1,0.03120986
Warm C,553630,3410,3409,2206,1326,1,0.014257424
Warm C,556140,3418,3417,2206,1326,1,0.0068497825
Warm C,552803,3402,3401,2206,1326,1,0.014783435
Warm C,632811,3824,3823,2206,1326,0,0.012044067
Warm C,516136,3186,3185,2206,1326,1,-0.008696707
Warm C,510994,3151,3150,2206,1326,1,0.0016680888
Warm C,506444,3118,3117,2206,1326,0,0.01330886
Warm C,495224,3039,3038,2206,1326,1,-0.0035322055
Warm C,491897,3026,3025,2206,1326,1,0.007995405
Warm C,532879,3292,3291,2206,1326,1,0.022370134
Warm C,472206,2907,2906,2206,1326,0,0.010026831
Warm C,645012,3885,3884,2206,1326,1,0.0006947981
Warm C,459042,2826,2825,2206,1326,1,0.016645093
Warm C,448289,2764,2763,2206,1326,1,0.0139155
Warm C,446626,2753,2752,2206,1326,1,0.014296022
Warm C,444147,2739,2738,2206,1326,1,0.008270693
Warm C,440608,2695,2694,2206,1326,1,-0.0032127295
Warm C,438939,2682,2681,2206,1326,1,0.023604434
Warm C,438173,2679,2678,2206,1326,1,0.018852875
Warm C,511245,3154,3153,2206,1326,1,0.01893146
Warm C,425129,2581,2580,2206,1326,1,0.0077563114
Warm C,417343,2514,2513,2206,1326,1,0.014280755
Warm C,414991,2498,2497,2206,1326,1,0.009313393
Warm C,403057,2407,2406,2206,1326,0,0.004529378
Warm C,397537,2355,2354,2206,1326,1,0.014727527
Warm C,395322,2335,2334,2206,1326,1,0.012731615
Warm C,390565,2293,2292,2206,1326,1,0.020138692
Warm C,384839,2248,2247,2206,1326,1,0.0055628475
Warm C,373703,2181,2180,2206,1326,0,0.017906744
Warm C,364051,2121,2120,2206,1326,0,0.00877514
Warm C,361325,2109,2108,2206,1326,1,0.015663981
Warm C,353608,2072,2071,2206,1326,1,0.0103166215
Warm C,343428,2018,2017,2206,1326,1,0.01262123
Warm C,318843,1896,1895,2206,1326,1,0.0089314245
Warm C,312136,1861,1860,2206,1326,1,0.006194292
Warm C,304480,1810,1809,2206,1326,0,-0.0006222839
Warm C,293488,1748,1747,2206,1326,1,0.016697608
Warm C,282162,1693,1692,2206,1326,1,0.009412799
Warm C,345374,2026,2025,2206,1326,0,0.017205693
Warm C,256711,1570,1569,2206,1326,0,0.0024016574
Warm C,345966,2030,2029,2206,1326,1,0.009579267
Warm C,250735,1513,1512,2206,1326,1,0.0029521645
Warm C,246112,1489,1488,2206,1326,0,0.017985746
Warm C,316502,1884,1883,2206,1326,1,0.009627344
Warm C,228820,1387,1386,2206,1326,1,0.013563197
Warm C,275956,1671,1670,2206,1326,1,0.013876021
Warm C,319752,1899,1898,2206,1326,1,0.02464445
Warm C,446059,2751,2750,2206,1326,0,0.008845928
Warm C,199023,1223,1222,2206,1326,1,0.008727208
Warm C,192936,1191,1190,2206,1326,1,0.010654237
Warm C,219638,1333,1332,2206,1326,1,0.0031202163
Warm C,327426,1941,1940,2206,1326,1,0.008275552
Warm C,184728,1150,1149,2206,1326,0,0.018294841
Warm C,180077,1128,1127,2206,1326,1,0.019490909
Warm C,165083,1053,1052,2206,1326,1,0.009416461
Warm C,190223,1181,1180,2206,1326,1,0.036063947
Warm C,159692,1019,1018,2206,1326,0,0.01713784
Warm C,220995,1340,1339,2206,1326,0,0.017197024
Warm C,199183,1224,1223,2206,1326,1,0.014486057
Warm C,144446,931,930,2206,1326,1,0.0010289797
Warm C,142836,922,921,2206,1326,0,0.014743281
Warm C,140511,903,902,2206,1326,1,-8.7181805e-05
Warm C,137609,889,888,2206,1326,1,0.020976383
Warm C,321962,1912,1911,2206,1326,0,0.016627382
Warm C,122453,791,790,2206,1326,1,0.010408843
Warm C,120093,776,775,2206,1326,1,-0.0064709554
Warm C,115205,749,748,2206,1326,1,0.018197142
Warm C,89688,591,590,2206,1326,1,0.020775806
Warm C,89050,588,587,2206,1326,1,0.014500448
Warm C,82607,549,548,2206,1326,1,0.01803641
Warm C,227893,1383,1382,2206,1326,1,0.009025036
Warm C,46677,314,313,2206,1326,1,0.018899407
Warm C,36125,245,244,2206,1326,1,0.017556427
Warm C,234644,1425,1424,2206,1326,1,0.007510268
Warm C,133573,864,863,2206,1326,0,0.029360984
Warm C,18496,146,145,2206,1326,0,0.017474465
Warm C,9037,62,61,2206,1326,1,0.00534183
Warm C,4307,33,32,2206,1326,1,0.0051355804
Warm C,481545,2962,2961,2206,1326,0,0.004687799
Warm C,380620,2225,2224,2206,1326,0,0.009674724
Warm C,457553,2820,2819,2206,1326,1,0.02011637
Warm C,24121,173,172,2206,1326,1,0.009829659
Warm C,916834,5539,5538,2206,1326,1,0.020069474
Warm C,171128,1088,1087,2206,1326,1,0.010603355
Warm C,107587,710,709,2206,1326,1,0.019812912
Warm C,62418,424,423,2206,1326,0,0.009309314
Warm C,232474,1413,1412,2206,1326,1,0.008234866
Warm C,497009,3054,3053,2206,1326,1,0.016993994
Warm C,473079,2909,2908,2206,1326,1,0.012145789
Warm C,565299,3475,3474,2206,1326,0,0.011635957
Warm C,22768,164,163,2206,1326,1,0.003226379
Warm C,13093,102,101,2206,1326,1,0.013652468
Warm C,762337,4530,4529,2208,1327,1,0.0013035331
Warm C,754231,4493,4492,2208,1327,1,0.0013623065
Warm C,744159,4447,4446,2208,1327,1,0.010466658
Warm C,711267,4268,4267,2208,1327,1,0.0069733937
Warm C,701835,4207,4206,2208,1327,1,0.0013305368
Warm C,690770,4134,4133,2208,1327,0,4.9783615e-05
Warm C,667158,4016,4015,2208,1327,0,0.008572942
Warm C,758943,4510,4509,2208,1327,0,0.0068715326
Warm C,638816,3842,3841,2208,1327,1,0.008046295
Warm C,637607,3841,3840,2208,1327,1,0.010859218
Warm C,621030,3762,3761,2208,1327,0,0.0155952815
Warm C,645986,3888,3887,2208,1327,1,0.0106567945
Warm C,670025,4028,4027,2208,1327,0,0.013113266
Warm C,613793,3718,3717,2208,1327,0,0.015457682
Warm C,940089,5675,5674,2208,1327,1,0.0065607354
Warm C,696956,4169,4168,2208,1327,1,0.017747179
Warm C,728319,4354,4353,2208,1327,1,0.014975241
Warm C,580341,3546,3545,2208,1327,0,0.0020519698
Warm C,571743,3507,3506,2208,1327,1,0.014613105
Warm C,568191,3487,3486,2208,1327,1,0.014979231
Warm C,557979,3426,3425,2208,1327,1,0.0025520576
Warm C,549375,3390,3389,2208,1327,1,0.003137582
Warm C,576740,3526,3525,2208,1327,1,0.0034600855
Warm C,552804,3402,3401,2208,1327,1,0.0065699057
Warm C,513860,3171,3170,2208,1327,1,0.009243787
Warm C,506445,3118,3117,2208,1327,0,0.0025284267
Warm C,768935,4579,4578,2208,1327,1,0.0165507
Warm C,496177,3049,3048,2208,1327,1,-0.002938805
Warm C,491898,3026,3025,2208,1327,1,0.006155165
Warm C,488298,3004,3003,2208,1327,0,-0.00025515188
Warm C,487298,2997,2996,2208,1327,0,-0.0017619872
Warm C,483788,2975,2974,2208,1327,1,0.008317397
Warm C,479086,2941,2940,2208,1327,1,0.012667879
Warm C,472209,2907,2906,2208,1327,0,0.010206429
Warm C,469519,2892,2891,2208,1327,1,0.00022225792
Warm C,466131,2874,2873,2208,1327,1,0.003991505
Warm C,754829,4497,4496,2208,1327,1,0.00081051176
Warm C,461952,2849,2848,2208,1327,1,-0.0051025664
Warm C,457556,2820,2819,2208,1327,0,0.009239473
Warm C,448290,2764,2763,2208,1327,1,0.013974322
Warm C,447117,2754,2753,2208,1327,1,0.013876837
Warm C,446627,2753,2752,2208,1327,1,0.006997909
Warm C,446061,2751,2750,2208,1327,1,0.007139116
Warm C,438940,2682,2681,2208,1327,1,0.004395238
Warm C,438515,2680,2679,2208,1327,1,9.6426345e-05
Warm C,431839,2631,2630,2208,1327,1,0.0026884717
Warm C,430848,2627,2626,2208,1327,1,0.014062535
Warm C,428716,2609,2608,2208,1327,1,0.0035756286
Warm C,414992,2498,2497,2208,1327,1,-0.0015303895
Warm C,403058,2407,2406,2208,1327,1,0.010885872
Warm C,400831,2389,2388,2208,1327,1,-0.00081285497
Warm C,411973,2478,2477,2208,1327,0,0.0056326874
Warm C,397538,2355,2354,2208,1327,1,0.0063148723
Warm C,395323,2335,2334,2208,1327,1,0.0103166355
Warm C,390566,2293,2292,2208,1327,1,0.007583216
Warm C,389783,2288,2287,2208,1327,0,0.0080969315
Warm C,381448,2231,2230,2208,1327,0,0.01867425
Warm C,373704,2181,2180,2208,1327,1,0.015361986
Warm C,361327,2109,2108,2208,1327,1,0.0073427404
Warm C,356642,2089,2088,2208,1327,1,0.007755635
Warm C,353609,2072,2071,2208,1327,1,0.010005778
Warm C,347178,2038,2037,2208,1327,0,0.0057871505
Warm C,343430,2018,2017,2208,1327,1,0.011875482
Warm C,339598,2002,2001,2208,1327,1,0.009589689
Warm C,335340,1980,1979,2208,1327,1,0.016147945
Warm C,318844,1896,1895,2208,1327,1,0.0044711493
Warm C,306020,1821,1820,2208,1327,0,-0.0027236626
Warm C,316503,1884,1883,2208,1327,0,0.01504951
Warm C,286176,1709,1708,2208,1327,1,0.0059583453
Warm C,293491,1748,1747,2208,1327,1,0.009851243
Warm C,275957,1671,1670,2208,1327,0,0.011019014
Warm C,268683,1632,1631,2208,1327,0,0.017060764
Warm C,345376,2026,2025,2208,1327,1,0.002663989
Warm C,260788,1594,1593,2208,1327,1,0.0032505414
Warm C,250605,1511,1510,2208,1327,1,0.0099674305
Warm C,231514,1404,1403,2208,1327,1,0.009543326
Warm C,227416,1378,1377,2208,1327,1,0.0018542649
Warm C,228821,1387,1386,2208,1327,1,0.0061647836
Warm C,425130,2581,2580,2208,1327,1,0.013731666
Warm C,207443,1268,1267,2208,1327,1,0.007494364
Warm C,199024,1223,1222,2208,1327,1,0.0032993096
Warm C,199185,1224,1223,2208,1327,1,0.007637766
Warm C,192937,1191,1190,2208,1327,1,0.005846387
Warm C,327429,1941,1940,2208,1327,1,0.009032034
Warm C,189866,1178,1177,2208,1327,0,-0.00030392664
Warm C,206570,1266,1265,2208,1327,1,0.009218056
Warm C,212352,1294,1293,2208,1327,1,0.0013338476
Warm C,182611,1140,1139,2208,1327,1,0.003049681
Warm C,165695,1057,1056,2208,1327,1,0.00012808299
Warm C,165084,1053,1052,2208,1327,1,-0.00019161729
Warm C,190229,1181,1180,2208,1327,0,0.009787085
Warm C,161229,1029,1028,2208,1327,1,0.0068115015
Warm C,157621,1015,1014,2208,1327,1,0.010643387
Warm C,319753,1899,1898,2208,1327,1,0.0077628577
Warm C,144447,931,930,2208,1327,1,0.015609417
Warm C,137612,889,888,2208,1327,1,0.012085424
Warm C,374685,2185,2184,2208,1327,1,0.0023777622
Warm C,124119,800,799,2208,1327,1,0.0054190713
Warm C,120094,776,775,2208,1327,1,-0.0009124967
Warm C,112184,731,730,2208,1327,1,0.014587287
Warm C,94057,631,630,2208,1327,1,0.014527382
Warm C,153591,987,986,2208,1327,1,4.1170162e-05
Warm C,89051,588,587,2208,1327,1,0.0063112583
Warm C,82612,549,548,2208,1327,1,0.007213027
Warm C,69405,466,465,2208,1327,1,0.002048209
Warm C,123214,796,795,2208,1327,1,0.016951878
Warm C,220996,1340,1339,2208,1327,0,0.0080390675
Warm C,41345,280,279,2208,1327,0,-0.0029553738
Warm C,46679,314,313,2208,1327,0,0.007936719
Warm C,34519,235,234,2208,1327,1,0.007952597
Warm C,481546,2962,2961,2208,1327,0,0.0060378686
Warm C,511246,3154,3153,2208,1327,0,0.0040489924
Warm C,136011,879,878,2208,1327,1,0.008259019
Warm C,12630,97,96,2208,1327,1,-0.0034326056
Warm C,591637,3610,3609,2208,1327,0,0.015187016
Warm C,4102,31,30,2208,1327,1,0.0030977572
Warm C,24122,173,172,2208,1327,1,0.010489972
Warm C,94512,635,634,2208,1327,1,0.0045863646
Warm C,192620,1186,1185,2208,1327,1,0.006860072
Warm C,284686,1699,1698,2208,1327,1,0.006040332
Warm C,181779,1137,1136,2208,1327,1,0.004503017
Warm C,30962,208,207,2208,1327,0,0.00454526
Warm C,369252,2159,2158,2208,1327,1,0.007234618
Warm C,420683,2544,2543,2208,1327,0,0.01747166
Warm C,588283,3590,3589,2208,1327,1,0.0092323
Warm C,309429,1842,1841,2208,1327,1,0.007019367
Warm C,991811,5991,5990,2208,1327,1,0.0036010183
Warm C,321965,1912,1911,2208,1327,0,0.00048914226
Warm C,115207,749,748,2208,1327,0,0.008696109
Warm C,135106,874,873,2208,1327,1,0.004642374
Warm C,347787,2041,2040,2208,1327,1,0.012238629
Warm C,204163,1256,1255,2208,1327,1,0.004001479
Warm C,821656,4940,4939,2208,1327,1,0.005239584
Warm C,118628,767,766,2208,1327,1,0.009489987
Warm C,823427,4950,4949,2208,1327,1,0.013033908
Warm C,841359,5054,5053,2208,1327,1,0.015480964
Warm C,27453,193,192,2208,1327,1,0.0147100445
Warm C,254801,1551,1550,2208,1327,1,-0.0013046956
Warm C,73265,496,495,2208,1327,1,0.010224689
Warm C,506462,3118,3117,2212,1328,0,0.019578252
Warm C,628472,3807,3806,2212,1328,0,0.014953691
Warm C,491906,3026,3025,2212,1328,1,0.010191327
Warm C,479100,2941,2940,2212,1328,1,0.014180897
Warm C,472227,2907,2906,2212,1328,0,0.02389619
Warm C,473107,2909,2908,2212,1328,1,0.014996866
Warm C,518575,3201,3200,2212,1328,1,0.011965647
Warm C,511254,3154,3153,2212,1328,0,0.016686128
Warm C,437328,2670,2669,2212,1328,0,0.008963296
Warm C,428722,2609,2608,2212,1328,1,0.008550115
Warm C,419546,2537,2536,2212,1328,1,0.019341951
Warm C,425141,2581,2580,2212,1328,1,0.025820255
Warm C,414999,2498,2497,2212,1328,0,0.0081737805
Warm C,396897,2350,2349,2212,1328,1,-0.0037849578
Warm C,400189,2383,2382,2212,1328,1,0.018508252
Warm C,391297,2302,2301,2212,1328,0,0.020807136
Warm C,384845,2248,2247,2212,1328,1,0.005906457
Warm C,381468,2231,2230,2212,1328,0,0.011654505
Warm C,366880,2140,2139,2212,1328,1,0.010167641
Warm C,361347,2109,2108,2212,1328,1,0.023223288
Warm C,343447,2018,2017,2212,1328,1,0.005418971
Warm C,306024,1821,1820,2212,1328,0,0.0116223935
Warm C,345988,2030,2029,2212,1328,1,0.0123892985
Warm C,246125,1489,1488,2212,1328,0,0.006824178
Warm C,316528,1884,1883,2212,1328,1,0.015351226
Warm C,321894,1911,1910,2212,1328,0,0.014896937
Warm C,243643,1470,1469,2212,1328,0,0.0062571857
Warm C,327458,1941,1940,2212,1328,1,0.023603067
Warm C,184756,1150,1149,2212,1328,1,0.014572309
Warm C,180688,1130,1129,2212,1328,1,0.01226617
Warm C,169999,1080,1079,2212,1328,1,0.008247985
Warm C,190262,1181,1180,2212,1328,0,0.019728737
Warm C,199203,1224,1223,2212,1328,1,0.02100544
Warm C,130726,848,847,2212,1328,0,0.009534183
Warm C,197188,1211,1210,2212,1328,1,0.011930488
Warm C,779009,4653,4652,2212,1328,1,0.023534069
Warm C,108451,711,710,2212,1328,1,-0.0012705596
Warm C,239560,1449,1448,2212,1328,0,0.023169523
Warm C,82636,549,548,2212,1328,1,0.019035507
Warm C,61078,412,411,2212,1328,1,0.020515501
Warm C,337879,1988,1987,2212,1328,1,0.019736294
Warm C,43788,301,300,2212,1328,1,0.011858786
Warm C,31706,216,215,2212,1328,1,0.024055433
Warm C,481560,2962,2961,2212,1328,0,0.011616056
Warm C,17365,136,135,2212,1328,0,0.0028146524
Warm C,13495,107,106,2212,1328,1,0.006641317
Warm C,591655,3610,3609,2212,1328,0,0.0046874583
Warm C,9064,62,61,2212,1328,1,0.017076217
Warm C,89066,588,587,2212,1328,1,0.021338433
Warm C,380637,2225,2224,2212,1328,1,0.015941735
Warm C,24156,173,172,2212,1328,1,0.011746794
Warm C,512502,3163,3162,2212,1328,1,0.017146066
Warm C,157650,1015,1014,2212,1328,1,0.023132592
Warm C,181798,1137,1136,2212,1328,1,0.018380925
Warm C,241769,1457,1456,2212,1328,1,0.016370788
Warm C,750560,4478,4477,2212,1328,1,0.020274058
Warm C,745204,4448,4447,2212,1328,1,0.021029707
Warm C,835164,5019,5018,2212,1328,1,0.0131526785
Warm C,556475,3420,3419,2212,1328,1,0.00963498
Warm C,454436,2796,2795,2212,1328,0,0.012101466
Warm C,62446,424,423,2212,1328,1,0.019516658
Warm C,18514,146,145,2212,1328,1,0.0063116685
Warm C,565319,3475,3474,2212,1328,0,0.015708856
Warm C,638827,3842,3841,2212,1328,1,0.011818436
Warm C,93152,624,623,2212,1328,0,0.023875982
Warm C,339027,1998,1997,2212,1328,0,0.012756048
Warm C,13098,102,101,2212,1328,1,0.00645017
Warm C,73269,496,495,2212,1328,0,0.012194008
Warm C,201316,1242,1241,2238,1332,0,-0.0026864375
Warm C,130953,850,849,2238,1332,1,0.005972244
Warm C,374712,2185,2184,2238,1332,1,-0.0020896816
Warm C,101611,677,676,2238,1332,1,0.0071726516
Warm C,207460,1268,1267,2238,1332,1,0.0038278531
Warm C,61112,412,411,2238,1332,0,0.007092807
Warm C,210517,1285,1284,2238,1332,1,0.013506032
Warm C,51634,339,338,2238,1332,1,-0.0044728965
Warm C,42055,285,284,2238,1332,1,-0.0118478285
Warm C,4874,35,34,2238,1332,1,-0.0049783997
Warm C,293534,1748,1747,2238,1332,1,-0.007999788
Warm C,451449,2779,2778,2238,1332,1,0.003822341
Warm C,860247,5172,5171,2238,1332,1,0.0009758683
Warm C,208559,1274,1273,2238,1332,0,0.009038003
Warm C,739509,4418,4417,2238,1332,0,-0.0037555585
Warm C,24192,173,172,2238,1332,1,0.0004957833
Warm C,497042,3054,3053,2238,1332,1,0.013397184
Warm C,286459,1711,1710,2239,1333,0,0.009334492
Warm C,271604,1642,1641,2239,1333,0,0.0057631703
Warm C,214619,1303,1302,2239,1333,0,0.008814567
Warm C,208190,1273,1272,2239,1333,1,0.0016647252
Warm C,220261,1335,1334,2239,1333,1,0.01790135
Warm C,243666,1470,1469,2239,1333,0,0.010832502
Warm C,316080,1883,1882,2239,1333,0,0.007887556
Warm C,142294,919,918,2239,1333,1,0.010359803
Warm C,260802,1594,1593,2239,1333,1,0.0109228715
Warm C,137697,889,888,2239,1333,0,0.02054374
Warm C,130955,850,849,2239,1333,1,0.009771593
Warm C,130083,841,840,2239,1333,0,0.009883679
Warm C,159756,1019,1018,2239,1333,1,0.003544852
Warm C,207461,1268,1267,2239,1333,1,0.011451222
Warm C,221986,1343,1342,2239,1333,1,0.0012692838
Warm C,190323,1181,1180,2239,1333,0,0.0073602432
Warm C,77132,524,523,2239,1333,1,0.022304863
Warm C,83821,550,549,2239,1333,0,0.015247749
Warm C,210520,1285,1284,2239,1333,1,0.010571338
Warm C,51635,339,338,2239,1333,1,0.015518673
Warm C,88687,587,586,2239,1333,0,0.008962795
Warm C,208561,1274,1273,2239,1333,1,0.004749546
Warm C,35197,238,237,2239,1333,0,0.01194619
Warm C,4875,35,34,2239,1333,1,0.007436332
Warm C,524364,3233,3232,2239,1333,0,-0.0019104519
Warm C,234690,1425,1424,2239,1333,1,0.005016377
Warm C,157697,1015,1014,2239,1333,1,0.007409916
Warm C,293536,1748,1747,2239,1333,1,0.018560577
Warm C,713610,4277,4276,2239,1333,1,0.019628633
Warm C,39313,267,266,2239,1333,1,-0.0007167873
Warm C,860248,5172,5171,2239,1333,1,0.011626903
Warm C,907757,5492,5491,2239,1333,0,0.009685157
Warm C,103937,691,690,2239,1333,1,0.011315656
Warm C,319102,1897,1896,2239,1333,1,0.011378646
Warm C,993989,6002,6001,2239,1333,0,0.006963811
Warm C,739510,4418,4417,2239,1333,0,0.003493597
Warm C,223017,1352,1351,2239,1333,1,0.0065617813
Warm C,457617,2820,2819,2241,1335,0,-0.0012380152
Warm C,453452,2793,2792,2241,1335,1,0.001787426
Warm C,450125,2776,2775,2241,1335,1,-0.0002085478
Warm C,446274,2752,2751,2241,1335,0,0.0005135583
Warm C,435688,2664,2663,2241,1335,0,0.008995148
Warm C,432517,2638,2637,2241,1335,0,0.0076703657
Warm C,400217,2383,2382,2241,1335,0,0.007743319
Warm C,425591,2583,2582,2241,1335,1,-0.0031508938
Warm C,298499,1770,1769,2241,1335,0,-0.0031266033
Warm C,291103,1737,1736,2241,1335,0,0.00255654
Warm C,280410,1683,1682,2241,1335,1,-0.0040061744
Warm C,281127,1687,1686,2241,1335,1,0.00079754274
Warm C,280690,1685,1684,2241,1335,0,0.005262912
Warm C,360437,2106,2105,2241,1335,0,-0.0012776849
Warm C,231548,1404,1403,2241,1335,0,0.0064987186
Warm C,335428,1980,1979,2241,1335,0,0.0044567827
Warm C,213245,1298,1297,2241,1335,0,-0.0007843138
Warm C,278574,1680,1679,2241,1335,0,-0.0065881554
Warm C,184815,1150,1149,2241,1335,0,0.0052719964
Warm C,307152,1835,1834,2241,1335,1,0.0063011413
Warm C,173478,1100,1099,2241,1335,0,0.0069116326
Warm C,327544,1941,1940,2241,1335,0,0.0029899066
Warm C,162833,1040,1039,2241,1335,1,0.009580219
Warm C,347840,2041,2040,2241,1335,0,0.007909252
Warm C,225180,1362,1361,2241,1335,0,-0.0071204407
Warm C,140604,904,903,2241,1335,1,0.0096794525
Warm C,137715,889,888,2241,1335,0,0.0005780804
Warm C,202289,1244,1243,2241,1335,0,-0.0052475715
Warm C,159771,1019,1018,2241,1335,0,0.009091964
Warm C,124402,801,800,2241,1335,0,0.006835914
Warm C,124153,800,799,2241,1335,1,-0.0007569222
Warm C,124717,802,801,2241,1335,1,0.008118064
Warm C,199043,1223,1222,2241,1335,0,0.005107765
Warm C,112821,732,731,2241,1335,1,0.0032854297
Warm C,99394,663,662,2241,1335,0,-0.0014362463
Warm C,210537,1285,1284,2241,1335,0,-0.002037894
Warm C,88277,583,582,2241,1335,0,-0.0021648975
Warm C,96875,651,650,2241,1335,0,-0.0089283325
Warm C,85483,558,557,2241,1335,0,0.0006798585
Warm C,82697,549,548,2241,1335,1,0.0043037813
Warm C,68389,459,458,2241,1335,0,0.0027708416
Warm C,59053,402,401,2241,1335,1,0.0140871
Warm C,57893,392,391,2241,1335,0,0.0019999896
Warm C,31789,216,215,2241,1335,1,-0.0007748875
Warm C,88694,587,586,2241,1335,0,-0.0050082477
Warm C,34594,235,234,2241,1335,0,-0.0047550285
Warm C,947697,5722,5721,2241,1335,0,-0.0048915115
Warm C,238544,1448,1447,2241,1335,1,0.0035136284
Warm C,12777,98,97,2241,1335,0,0.012041881
Warm C,7227,50,49,2241,1335,0,0.0018076412
Warm C,6268,45,44,2241,1335,0,0.008319981
Warm C,2946,23,22,2241,1335,0,-0.0030275993
Warm C,233864,1422,1421,2241,1335,0,-0.0019776025
Warm C,101903,678,677,2241,1335,0,-0.0017811775
Warm C,964325,5812,5811,2241,1335,1,-0.002885623
Warm C,743140,4445,4444,2241,1335,0,0.0024786496
Warm C,575723,3520,3519,2241,1335,0,0.0022213915
Warm C,209948,1284,1283,2241,1335,1,0.0034817765
Warm C,967154,5831,5830,2241,1335,0,-0.0006129362
Warm C,49161,329,328,2241,1335,0,-0.0036682505
Warm C,181829,1137,1136,2241,1335,0,0.0063477494
Warm C,310514,1851,1850,2241,1335,0,-0.0005656738
Warm C,975264,5880,5879,2241,1335,0,-0.00037476746
Warm C,317475,1889,1888,2241,1335,0,-0.00784668
Warm C,632901,3824,3823,2241,1335,0,0.0025673513
Warm C,206234,1265,1264,2241,1335,0,0.009617513
Warm C,62519,424,423,2241,1335,0,0.0002607326
Warm C,240935,1451,1450,2241,1335,0,0.0057353955
Warm C,193402,1194,1193,2241,1335,0,0.004796167
Warm C,335447,1980,1979,2250,1341,1,0.019036032
Warm C,924060,5580,5579,2250,1341,0,0.013158495
Warm C,675803,4054,4053,2252,1342,0,0.008053096
Warm C,671009,4033,4032,2252,1342,0,0.015058204
Warm C,667230,4016,4015,2252,1342,0,0.015026145
Warm C,663734,3999,3998,2252,1342,0,0.008672332
Warm C,664518,4001,4000,2252,1342,0,0.0021780112
Warm C,634616,3829,3828,2252,1342,0,0.018440519
Warm C,633861,3825,3824,2252,1342,0,0.0071604503
Warm C,637706,3841,3840,2252,1342,0,0.01367273
Warm C,617963,3745,3744,2252,1342,0,0.005172655
Warm C,794115,4748,4747,2252,1342,1,0.015585738
Warm C,614576,3724,3723,2252,1342,0,0.003949635
Warm C,612374,3713,3712,2252,1342,0,0.008350881
Warm C,726651,4345,4344,2252,1342,0,0.0060550002
Warm C,608944,3693,3692,2252,1342,0,0.011719417
Warm C,603946,3675,3674,2252,1342,0,0.016638394
Warm C,725746,4344,4343,2252,1342,0,0.0073899156
Warm C,576823,3526,3525,2252,1342,0,0.0029164755
Warm C,616982,3735,3734,2252,1342,0,0.0023690173
Warm C,568934,3491,3490,2252,1342,0,0.007820552
Warm C,593333,3618,3617,2252,1342,0,0.017155517
Warm C,562388,3462,3461,2252,1342,0,0.013539056
Warm C,557530,3425,3424,2252,1342,0,0.015140366
Warm C,549710,3391,3390,2252,1342,0,0.013471032
Warm C,545584,3365,3364,2252,1342,1,0.013791312
Warm C,547504,3378,3377,2252,1342,0,-0.0006978919
Warm C,904341,5468,5467,2252,1342,1,-0.00036501256
Warm C,540920,3328,3327,2252,1342,1,0.008837715
Warm C,522168,3224,3223,2252,1342,1,0.007252251
Warm C,516272,3189,3188,2252,1342,0,0.001034324
Warm C,499108,3067,3066,2252,1342,0,0.011373599
Warm C,493756,3032,3031,2252,1342,1,0.00290317
Warm C,493220,3031,3030,2252,1342,0,0.007215262
Warm C,478915,2939,2938,2252,1342,0,0.009680344
Warm C,484785,2986,2985,2252,1342,1,0.009008525
Warm C,470851,2899,2898,2252,1342,1,0.014513102
Warm C,852802,5113,5112,2252,1342,0,0.011085462
Warm C,468225,2887,2886,2252,1342,1,0.005430755
Warm C,465520,2872,2871,2252,1342,1,0.007949455
Warm C,463015,2857,2856,2252,1342,0,0.009291334
Warm C,458836,2825,2824,2252,1342,0,0.00869753
Warm C,486878,2996,2995,2252,1342,1,0.007386672
Warm C,492479,3029,3028,2252,1342,0,0.008336539
Warm C,450130,2776,2775,2252,1342,1,0.003700926
Warm C,450526,2777,2776,2252,1342,0,0.0103065595
Warm C,443688,2737,2736,2252,1342,0,0.0028869149
Warm C,564135,3471,3470,2252,1342,0,0.008964663
Warm C,427730,2599,2598,2252,1342,1,0.0022825752
Warm C,422886,2563,2562,2252,1342,0,0.002204261
Warm C,422104,2555,2554,2252,1342,0,0.0048673507
Warm C,419601,2537,2536,2252,1342,0,0.0071332273
Warm C,419232,2533,2532,2252,1342,0,0.0035228399
Warm C,412637,2484,2483,2252,1342,0,0.014185889
Warm C,395754,2340,2339,2252,1342,1,0.004738875
Warm C,378293,2208,2207,2252,1342,0,0.0049544256
Warm C,368714,2156,2155,2252,1342,0,0.011068572
Warm C,369750,2164,2163,2252,1342,0,0.0030510756
Warm C,362682,2116,2115,2252,1342,1,0.009369558
Warm C,359204,2102,2101,2252,1342,0,0.012244674
Warm C,436130,2665,2664,2252,1342,0,0.0115225185
Warm C,348360,2042,2041,2252,1342,0,0.016307825
Warm C,341390,2012,2011,2252,1342,0,0.007833598
Warm C,313390,1870,1869,2252,1342,0,0.002935905
Warm C,299420,1778,1777,2252,1342,1,0.008338317
Warm C,297284,1764,1763,2252,1342,1,0.009775071
Warm C,265503,1613,1612,2252,1342,0,0.009863278
Warm C,259287,1587,1586,2252,1342,0,0.014274272
Warm C,243153,1466,1465,2252,1342,0,0.0122813415
Warm C,231555,1404,1403,2252,1342,0,0.012121385
Warm C,357225,2092,2091,2252,1342,1,0.010128677
Warm C,225688,1367,1366,2252,1342,1,0.00474197
Warm C,222544,1347,1346,2252,1342,1,0.016601888
Warm C,335448,1980,1979,2252,1342,0,0.0122652855
Warm C,296726,1759,1758,2252,1342,1,0.006498001
Warm C,261565,1599,1598,2252,1342,0,0.00035309186
Warm C,199773,1226,1225,2252,1342,0,0.0048632845
Warm C,278594,1680,1679,2252,1342,0,0.00298215
Warm C,209330,1279,1278,2252,1342,0,0.0057860063
Warm C,304644,1812,1811,2252,1342,1,0.010138069
Warm C,194672,1202,1201,2252,1342,0,0.010877757
Warm C,184838,1150,1149,2252,1342,0,0.011793343
Warm C,182426,1139,1138,2252,1342,1,0.0064739333
Warm C,199247,1224,1223,2252,1342,1,0.0046412097
Warm C,177881,1120,1119,2252,1342,1,0.0068958825
Warm C,168213,1069,1068,2252,1342,0,0.0084455935
Warm C,221064,1340,1339,2252,1342,0,6.935606e-05
Warm C,136253,881,880,2252,1342,1,0.007923186
Warm C,248641,1501,1500,2252,1342,0,0.012710143
Warm C,124727,802,801,2252,1342,1,0.007839631
Warm C,360452,2106,2105,2252,1342,0,0.009766124
Warm C,111809,728,727,2252,1342,0,-0.0021451712
Warm C,112247,731,730,2252,1342,1,0.008151239
Warm C,109157,714,713,2252,1342,0,0.0062444448
Warm C,105840,699,698,2252,1342,0,0.007262683
Warm C,176691,1117,1116,2252,1342,0,0.008574004
Warm C,697038,4169,4168,2252,1342,0,0.01567718
Warm C,87176,570,569,2252,1342,0,0.0011953604
Warm C,86453,566,565,2252,1342,1,0.0066553066
Warm C,190363,1181,1180,2252,1342,0,0.010244694
Warm C,405932,2436,2435,2252,1342,0,0.012214899
Warm C,83856,550,549,2252,1342,0,0.008557593
Warm C,77167,524,523,2252,1342,0,0.018438663
Warm C,58471,396,395,2252,1342,0,0.0038407817
Warm C,57907,392,391,2252,1342,0,0.014170762
Warm C,44265,302,301,2252,1342,0,0.011292286
Warm C,238561,1448,1447,2252,1342,0,0.009212496
Warm C,36250,245,244,2252,1342,0,0.011445338
Warm C,336851,1983,1982,2252,1342,0,0.013583339
Warm C,32841,223,222,2252,1342,1,0.004731777
Warm C,26274,187,186,2252,1342,1,0.009053532
Warm C,21118,155,154,2252,1342,1,0.010388482
Warm C,15403,123,122,2252,1342,0,0.0053405417
Warm C,9136,62,61,2252,1342,1,0.00878699
Warm C,7522,53,52,2252,1342,1,0.002024787
Warm C,6298,45,44,2252,1342,0,0.0031667566
Warm C,107660,710,709,2252,1342,0,0.0038911728
Warm C,79095,531,530,2252,1342,0,0.008105781
Warm C,354677,2077,2076,2252,1342,0,0.014100955
Warm C,983,10,9,2252,1342,1,0.008043595
Warm C,65157,438,437,2252,1342,0,0.008073842
Warm C,975269,5880,5879,2252,1342,0,0.007023129
Warm C,237592,1447,1446,2252,1342,0,0.010675904
Warm C,240945,1451,1450,2252,1342,0,0.011102738
Warm C,750586,4478,4477,2252,1342,0,0.008000463
Warm C,133998,869,868,2252,1342,0,0.008927394
Warm C,62536,424,423,2252,1342,0,0.007052867
Warm C,841391,5054,5053,2252,1342,0,0.003438685
Warm C,184839,1150,1149,2255,1344,0,0.016149363
Warm C,130162,843,842,2255,1344,1,0.00843112
Warm C,210554,1285,1284,2255,1344,0,0.008304874
Warm C,239648,1449,1448,2255,1344,0,0.0033145086
Warm C,112249,731,730,2255,1344,0,-0.002584364
Warm C,98559,660,659,2255,1344,0,0.0048029833
Warm C,313988,1875,1874,2255,1344,0,-0.0050769267
Warm C,96882,651,650,2255,1344,1,0.0026024417
Warm C,86455,566,565,2255,1344,0,-0.0048414455
Warm C,190365,1181,1180,2255,1344,0,0.0077602235
Warm C,38780,264,263,2255,1344,0,0.0069353334
Warm C,713624,4277,4276,2255,1344,0,0.008307486
Warm C,31817,216,215,2255,1344,1,0.006835467
Warm C,21442,157,156,2255,1344,0,0.009334837
Warm C,238563,1448,1447,2255,1344,0,-0.0040469808
Warm C,49186,329,328,2255,1344,0,-0.0030343952
Warm C,101919,678,677,2255,1344,1,0.010181802
Warm C,967160,5831,5830,2255,1344,0,0.0008894191
Warm C,958993,5787,5786,2255,1344,0,-0.001412638
Warm C,583194,3562,3561,2261,1346,1,0.017725747
Warm C,576851,3526,3525,2261,1346,0,0.0011352198
Warm C,568538,3489,3488,2261,1346,0,0.0015323297
Warm C,556772,3422,3421,2261,1346,1,0.017182063
Warm C,658248,3967,3966,2261,1346,0,0.0063374303
Warm C,645082,3885,3884,2261,1346,1,0.0120192105
Warm C,549738,3391,3390,2261,1346,1,0.01823029
Warm C,538831,3314,3313,2261,1346,1,0.0071525094
Warm C,536816,3311,3310,2261,1346,1,0.01034909
Warm C,536423,3309,3308,2261,1346,1,0.009181014
Warm C,531397,3281,3280,2261,1346,1,0.007990672
Warm C,522191,3224,3223,2261,1346,0,0.010270246
Warm C,512581,3163,3162,2261,1346,0,0.020491922
Warm C,508456,3129,3128,2261,1346,0,0.013122333
Warm C,816167,4899,4898,2261,1346,0,0.011858109
Warm C,506173,3114,3113,2261,1346,1,0.0014119451
Warm C,490564,3018,3017,2261,1346,1,0.017745774
Warm C,710254,4260,4259,2261,1346,0,0.008503877
Warm C,880065,5317,5316,2261,1346,1,0.019538738
Warm C,462470,2854,2853,2261,1346,0,0.0061122174
Warm C,450547,2777,2776,2261,1346,0,0.019153563
Warm C,450141,2776,2775,2261,1346,1,0.01449506
Warm C,445886,2750,2749,2261,1346,0,0.0034165955
Warm C,443018,2731,2730,2261,1346,1,0.007035999
Warm C,438754,2681,2680,2261,1346,1,0.011957377
Warm C,412657,2484,2483,2261,1346,0,0.021443255
Warm C,409478,2457,2456,2261,1346,1,0.019806625
Warm C,407527,2447,2446,2261,1346,1,0.004545493
Warm C,404369,2419,2418,2261,1346,0,0.012738859
Warm C,397862,2361,2360,2261,1346,0,0.001657587
Warm C,377655,2205,2204,2261,1346,0,0.01288569
Warm C,364559,2124,2123,2261,1346,1,0.018257692
Warm C,373808,2181,2180,2261,1346,1,0.023745269
Warm C,348369,2042,2041,2261,1346,0,0.020316655
Warm C,341404,2012,2011,2261,1346,0,0.009877685
Warm C,331304,1958,1957,2261,1346,1,0.022325777
Warm C,333244,1968,1967,2261,1346,0,0.015887637
Warm C,298508,1770,1769,2261,1346,0,0.0059299823
Warm C,290867,1736,1735,2261,1346,1,0.017072018
Warm C,281150,1687,1686,2261,1346,0,0.008945334
Warm C,259301,1587,1586,2261,1346,0,0.008356614
Warm C,274004,1655,1654,2261,1346,1,0.016123729
Warm C,247505,1496,1495,2261,1346,0,0.010104718
Warm C,283425,1697,1696,2261,1346,1,0.013583254
Warm C,446092,2751,2750,2261,1346,1,0.008353117
Warm C,205062,1262,1261,2261,1346,1,0.013819393
Warm C,278629,1680,1679,2261,1346,1,0.0115097035
Warm C,308365,1837,1836,2261,1346,0,0.010779011
Warm C,188828,1172,1171,2261,1346,0,0.022063408
Warm C,307183,1835,1834,2261,1346,1,0.0050663576
Warm C,179004,1124,1123,2261,1346,1,0.012692718
Warm C,173503,1100,1099,2261,1346,0,0.0030557457
Warm C,164258,1051,1050,2261,1346,0,0.018424971
Warm C,155727,1004,1003,2261,1346,1,0.005468195
Warm C,184867,1150,1149,2261,1346,0,0.023518074
Warm C,156529,1010,1009,2261,1346,0,0.021525264
Warm C,135414,877,876,2261,1346,1,0.021077137
Warm C,133330,861,860,2261,1346,1,0.010143544
Warm C,126465,817,816,2261,1346,0,0.008643924
Warm C,124741,802,801,2261,1346,0,0.013964804
Warm C,118242,765,764,2261,1346,0,0.0056642285
Warm C,115704,751,750,2261,1346,1,0.007995132
Warm C,113191,735,734,2261,1346,0,0.00024478906
Warm C,177894,1120,1119,2261,1346,1,0.007458416
Warm C,272017,1645,1644,2261,1346,1,0.014834422
Warm C,107482,709,708,2261,1346,1,0.0066031134
Warm C,103778,690,689,2261,1346,1,0.013504364
Warm C,262991,1605,1604,2261,1346,0,0.022591315
Warm C,95159,638,637,2261,1346,1,0.008462492
Warm C,88710,587,586,2261,1346,0,0.0114857815
Warm C,86467,566,565,2261,1346,0,0.014430739
Warm C,360467,2106,2105,2261,1346,0,0.017108455
Warm C,70362,475,474,2261,1346,1,0.007930828
Warm C,57922,392,391,2261,1346,0,0.004488323
Warm C,44288,302,301,2261,1346,0,0.0073853303
Warm C,38202,261,260,2261,1346,0,0.011972912
Warm C,29639,202,201,2261,1346,0,0.021797877
Warm C,25535,181,180,2261,1346,1,0.017712925
Warm C,269707,1635,1634,2261,1346,0,0.016256485
Warm C,144042,929,928,2261,1346,1,0.009413317
Warm C,4736,34,33,2261,1346,1,0.014513552
Warm C,3563,26,25,2261,1346,0,0.013008157
Warm C,65924,442,441,2261,1346,0,0.0065629394
Warm C,347863,2041,2040,2261,1346,0,0.011950329
Warm C,79112,531,530,2261,1346,0,0.012546454
Warm C,237612,1447,1446,2261,1346,0,0.01884297
Warm C,605111,3679,3678,2261,1346,1,0.015396375
Warm C,954293,5761,5760,2261,1346,0,0.011633437
Warm C,258295,1584,1583,2261,1346,1,0.017321581
Warm C,317503,1889,1888,2261,1346,0,0.01715685
Warm C,101942,678,677,2261,1346,1,0.016725972
Warm C,206646,1266,1265,2261,1346,1,0.009115394
Warm C,134012,869,868,2261,1346,0,0.019148113
Warm C,893206,5394,5393,2261,1346,0,0.009541015
Warm C,206248,1265,1264,2261,1346,0,0.006973151
Warm C,62566,424,423,2261,1346,1,0.012760159
Warm C,311210,1854,1853,2261,1346,0,0.014256179
Warm C,468238,2887,2886,2261,1346,1,0.012868898
Warm C,144352,930,929,2261,1346,1,0.0029535717
Warm C,193427,1194,1193,2261,1346,0,0.009758532
Warm C,709894,4258,4257,2261,1346,0,0.013133579
Warm C,629070,3808,3807,2263,1348,0,0.0046759252
Warm C,637732,3841,3840,2263,1348,0,0.017861102
Warm C,764328,4543,4542,2263,1348,1,0.018557347
Warm C,625409,3780,3779,2263,1348,1,0.01310056
Warm C,624480,3778,3777,2263,1348,0,0.01374269
Warm C,603974,3675,3674,2263,1348,0,0.0080584
Warm C,725763,4344,4343,2263,1348,0,0.015433286
Warm C,632943,3824,3823,2263,1348,1,0.012788833
Warm C,590634,3603,3602,2263,1348,0,0.0148129165
Warm C,583197,3562,3561,2263,1348,1,0.011819464
Warm C,580794,3547,3546,2263,1348,0,0.007401839
Warm C,745236,4448,4447,2263,1348,1,0.018320411
Warm C,568953,3491,3490,2263,1348,0,0.010035918
Warm C,563588,3469,3468,2263,1348,1,0.006909672
Warm C,555628,3416,3415,2263,1348,1,-3.8429163e-05
Warm C,549744,3391,3390,2263,1348,1,0.018808803
Warm C,528016,3265,3264,2263,1348,0,0.0058419276
Warm C,526642,3259,3258,2263,1348,1,0.012289021
Warm C,515289,3182,3181,2263,1348,0,0.017074913
Warm C,511445,3155,3154,2263,1348,1,0.0043987744
Warm C,605580,3681,3680,2263,1348,1,0.023302492
Warm C,522193,3224,3223,2263,1348,0,0.008699011
Warm C,503233,3091,3090,2263,1348,1,0.012766151
Warm C,575109,3519,3518,2263,1348,0,0.012713218
Warm C,499131,3067,3066,2263,1348,0,0.011920702
Warm C,495550,3044,3043,2263,1348,1,0.001961667
Warm C,493790,3032,3031,2263,1348,1,0.007037935
Warm C,628502,3807,3806,2263,1348,0,0.014988887
Warm C,659036,3971,3970,2263,1348,0,0.014223163
Warm C,491538,3024,3023,2263,1348,0,0.0039137835
Warm C,561443,3454,3453,2263,1348,0,0.01589731
Warm C,487794,3001,3000,2263,1348,0,0.006432058
Warm C,529435,3272,3271,2263,1348,1,0.016750425
Warm C,479983,2946,2945,2263,1348,0,0.0067970827
Warm C,484801,2986,2985,2263,1348,0,0.01882403
Warm C,553720,3410,3409,2263,1348,0,0.010090481
Warm C,463038,2857,2856,2263,1348,0,0.009798647
Warm C,457648,2820,2819,2263,1348,1,0.015058258
Warm C,446293,2752,2751,2263,1348,0,0.0065880194
Warm C,564152,3471,3470,2263,1348,0,0.0048767016
Warm C,433943,2645,2644,2263,1348,1,0.020118408
Warm C,432541,2638,2637,2263,1348,0,0.004958624
Warm C,395043,2334,2333,2263,1348,1,0.01167836
Warm C,391002,2298,2297,2263,1348,0,0.010042813
Warm C,436150,2665,2664,2263,1348,1,0.013875438
Warm C,352600,2064,2063,2263,1348,0,0.011480989
Warm C,371535,2172,2171,2263,1348,0,0.0034255234
Warm C,359893,2105,2104,2263,1348,0,0.02447692
Warm C,306058,1822,1821,2263,1348,0,0.005968161
Warm C,306516,1827,1826,2263,1348,0,0.004117406
Warm C,301175,1790,1789,2263,1348,1,0.013828748
Warm C,291130,1737,1736,2263,1348,1,0.015062833
Warm C,306320,1825,1824,2263,1348,1,-0.0025305243
Warm C,260595,1593,1592,2263,1348,0,0.014315145
Warm C,251675,1523,1522,2263,1348,0,0.006645371
Warm C,391914,2304,2303,2263,1348,0,0.0029226074
Warm C,296310,1758,1757,2263,1348,0,0.01829033
Warm C,277412,1676,1675,2263,1348,0,0.016179241
Warm C,205597,1264,1263,2263,1348,0,0.013503073
Warm C,209963,1284,1283,2263,1348,0,0.00885685
Warm C,278637,1680,1679,2263,1348,1,0.017360635
Warm C,327606,1941,1940,2263,1348,0,0.018144574
Warm C,182331,1138,1137,2263,1348,1,0.011818371
Warm C,180147,1128,1127,2263,1348,0,0.017855607
Warm C,179006,1124,1123,2263,1348,1,0.013736891
Warm C,248655,1501,1500,2263,1348,1,0.0018520728
Warm C,212759,1297,1296,2263,1348,0,0.013439951
Warm C,156533,1010,1009,2263,1348,0,0.016651023
Warm C,131724,854,853,2263,1348,1,-0.001133285
Warm C,126092,813,812,2263,1348,0,0.0007885066
Warm C,324290,1922,1921,2263,1348,1,0.017131012
Warm C,272019,1645,1644,2263,1348,1,0.010517578
Warm C,104793,695,694,2263,1348,1,0.010443973
Warm C,115851,752,751,2263,1348,0,0.011791591
Warm C,331308,1958,1957,2263,1348,1,0.009668721
Warm C,210581,1285,1284,2263,1348,0,0.015961727
Warm C,103295,687,686,2263,1348,0,0.01184062
Warm C,113193,735,734,2263,1348,1,0.021111386
Warm C,239676,1449,1448,2263,1348,0,0.0056483964
Warm C,351396,2063,2062,2263,1348,1,0.0205495
Warm C,92681,621,620,2263,1348,0,0.0021256676
Warm C,283870,1698,1697,2263,1348,0,0.007894708
Warm C,82745,549,548,2263,1348,1,0.0093496805
Warm C,75821,516,515,2263,1348,0,0.011853224
Warm C,86469,566,565,2263,1348,0,0.0072903703
Warm C,70639,476,475,2263,1348,0,0.009505678
Warm C,64783,435,434,2263,1348,0,-0.00077856425
Warm C,51094,337,336,2263,1348,1,0.0012858836
Warm C,132261,855,854,2263,1348,0,0.0044031553
Warm C,110573,721,720,2263,1348,1,0.017945588
Warm C,638888,3842,3841,2263,1348,0,0.020058712
Warm C,238587,1448,1447,2263,1348,1,0.005244526
Warm C,38801,264,263,2263,1348,1,0.0031032185
Warm C,23016,166,165,2263,1348,0,0.0039135925
Warm C,15431,123,122,2263,1348,0,0.015733663
Warm C,2697,22,21,2263,1348,0,0.011208488
Warm C,104123,692,691,2263,1348,0,0.0058446694
Warm C,481608,2962,2961,2263,1348,0,0.010886989
Warm C,89118,588,587,2263,1348,0,0.006908913
Warm C,27944,195,194,2263,1348,1,0.02142983
Warm C,140612,904,903,2263,1348,0,-0.00030729268
Warm C,181852,1137,1136,2263,1348,1,0.012086649
Warm C,366061,2131,2130,2263,1348,0,-0.002529283
Warm C,298949,1776,1775,2263,1348,1,0.008520476
Warm C,164260,1051,1050,2263,1348,0,0.013285289
Warm C,101946,678,677,2263,1348,1,0.016031511
Warm C,262995,1605,1604,2263,1348,1,0.01956294
Warm C,79114,531,530,2263,1348,1,0.015109358
Warm C,230436,1395,1394,2263,1348,1,0.0073428485
Warm C,570918,3503,3502,2263,1348,0,0.0041580074
Warm C,322076,1912,1911,2263,1348,0,0.01666478
Warm C,240965,1451,1450,2263,1348,0,0.008827113
Warm C,473206,2909,2908,2263,1348,0,0.015479155
Warm C,565383,3475,3474,2263,1348,0,0.008790439
Warm C,62568,424,423,2263,1348,0,0.017075459
Warm C,327609,1941,1940,2264,1349,0,-0.0026379633
Warm C,335273,1979,1978,2264,1349,0,5.468796e-05
Warm C,156534,1010,1009,2264,1349,0,0.003668168
Warm C,154723,999,998,2264,1349,0,0.00791912
Warm C,239678,1449,1448,2264,1349,0,0.0152012445
Warm C,190403,1181,1180,2264,1349,0,-0.008264237
Warm C,71772,482,481,2264,1349,0,-0.00352191
Warm C,68544,461,460,2264,1349,0,-0.0032894784
Warm C,59707,406,405,2264,1349,0,0.0028390253
Warm C,132262,855,854,2264,1349,0,0.0007109698
Warm C,638889,3842,3841,2264,1349,1,0.009661581
Warm C,238588,1448,1447,2264,1349,0,0.0046079457
Warm C,219032,1329,1328,2264,1349,0,0.0025821999
Warm C,7544,53,52,2264,1349,0,-0.0012381466
Warm C,27945,195,194,2264,1349,1,0.000590164
Warm C,354698,2077,2076,2264,1349,1,-0.0026537513
Warm C,893207,5394,5393,2264,1349,0,-0.0038517741
Warm C,720349,4312,4311,2264,1349,0,0.0033013076
Warm C,609554,3695,3694,2264,1349,0,0.0012108737
Warm C,933764,5636,5635,2264,1349,0,0.0050396887
Warm C,699882,4186,4185,2264,1349,0,-0.005910028
Warm C,62570,424,423,2264,1349,0,0.0043642125
Warm C,656030,3953,3952,2264,1349,0,0.005783134
Warm C,329127,1943,1942,2265,1350,0,0.017066538
Warm C,83879,550,549,2265,1350,1,0.014517991
Warm C,119010,770,769,2265,1350,0,0.016735628
Warm C,251055,1516,1515,2265,1350,0,0.012925059
Warm C,57926,392,391,2265,1350,0,0.016399719
Warm C,51095,337,336,2265,1350,0,0.012630597
Warm C,132264,855,854,2265,1350,0,0.020745546
Warm C,44293,302,301,2265,1350,0,0.010378476
Warm C,40254,272,271,2265,1350,1,0.015216015
Warm C,219034,1329,1328,2265,1350,0,0.01171611
Warm C,29646,202,201,2265,1350,0,0.020856578
Warm C,2701,22,21,2265,1350,1,0.012228513
Warm C,65926,442,441,2265,1350,0,0.01809967
Warm C,78263,528,527,2265,1350,0,0.020804187
Warm C,237617,1447,1446,2265,1350,0,0.02267169
Warm C,54379,355,354,2265,1350,0,0.0038181734
Warm C,362704,2116,2115,2265,1350,0,0.012560315
Warm C,342193,2015,2014,2265,1350,1,0.009251422
Warm C,159816,1019,1018,2265,1350,0,0.012146683
Warm C,699883,4186,4185,2265,1350,0,0.011369374
Warm C,171257,1088,1087,2265,1350,0,0.012515039
Warm C,893209,5394,5393,2265,1350,0,0.019258441
Warm C,549748,3391,3390,2265,1350,0,0.007740921
Warm C,721384,4318,4317,2266,1351,0,0.008063616
Warm C,686272,4105,4104,2266,1351,0,-1.7103215e-05
Warm C,679985,4077,4076,2266,1351,0,0.014086852
Warm C,678186,4064,4063,2266,1351,0,0.0126571115
Warm C,677397,4060,4059,2266,1351,1,0.008796936
Warm C,673948,4048,4047,2266,1351,1,0.0013267403
Warm C,663753,3999,3998,2266,1351,0,0.009029116
Warm C,660334,3981,3980,2266,1351,0,0.001092596
Warm C,656816,3958,3957,2266,1351,0,0.014464993
Warm C,652332,3934,3933,2266,1351,0,0.013041772
Warm C,686416,4107,4106,2266,1351,0,0.0075340457
Warm C,629077,3808,3807,2266,1351,0,0.013808248
Warm C,624484,3778,3777,2266,1351,0,0.016977325
Warm C,618824,3751,3750,2266,1351,0,0.014837226
Warm C,612385,3713,3712,2266,1351,1,0.010443835
Warm C,726658,4345,4344,2266,1351,0,-0.0050668176
Warm C,610865,3705,3704,2266,1351,0,0.012895739
Warm C,591479,3609,3608,2266,1351,0,0.0055640154
Warm C,589376,3594,3593,2266,1351,0,0.009191077
Warm C,588979,3592,3591,2266,1351,1,0.00018957141
Warm C,580795,3547,3546,2266,1351,1,0.012880313
Warm C,567255,3483,3482,2266,1351,0,0.01333611
Warm C,568956,3491,3490,2266,1351,1,0.009413067
Warm C,562023,3458,3457,2266,1351,0,0.00045105536
Warm C,559804,3441,3440,2266,1351,0,0.007816688
Warm C,573414,3512,3511,2266,1351,0,0.015480677
Warm C,658250,3967,3966,2266,1351,0,0.006325201
Warm C,541990,3336,3335,2266,1351,0,0.009182662
Warm C,540926,3328,3327,2266,1351,1,-0.0052144798
Warm C,535769,3308,3307,2266,1351,1,0.01450561
Warm C,522197,3224,3223,2266,1351,0,0.0006727906
Warm C,520258,3209,3208,2266,1351,0,0.0004538307
Warm C,519902,3208,3207,2266,1351,0,0.017072067
Warm C,518071,3197,3196,2266,1351,0,0.003926457
Warm C,516814,3191,3190,2266,1351,0,0.004092319
Warm C,521335,3217,3216,2266,1351,1,0.006918514
Warm C,512589,3163,3162,2266,1351,1,0.019735506
Warm C,542773,3340,3339,2266,1351,0,0.0074534193
Warm C,502804,3087,3086,2266,1351,0,0.013337162
Warm C,516287,3189,3188,2266,1351,0,0.015545004
Warm C,549749,3391,3390,2266,1351,1,0.004853788
Warm C,492493,3029,3028,2266,1351,1,0.013530862
Warm C,489880,3014,3013,2266,1351,1,0.007460525
Warm C,484805,2986,2985,2266,1351,0,0.017766137
Warm C,477855,2934,2933,2266,1351,0,0.009452064
Warm C,472316,2907,2906,2266,1351,0,0.0033600829
Warm C,594685,3620,3619,2266,1351,0,0.0068659177
Warm C,453489,2793,2792,2266,1351,1,0.007198745
Warm C,452218,2785,2784,2266,1351,0,0.010708276
Warm C,450556,2777,2776,2266,1351,0,0.006874472
Warm C,445081,2745,2744,2266,1351,0,0.0015669623
Warm C,442733,2728,2727,2266,1351,0,0.008334375
Warm C,438755,2681,2680,2266,1351,0,0.0036564874
Warm C,420390,2541,2540,2266,1351,0,0.011358114
Warm C,419235,2533,2532,2266,1351,1,0.00096021174
Warm C,416010,2506,2505,2266,1351,0,0.004845161
Warm C,400244,2383,2382,2266,1351,0,0.00076002255
Warm C,399410,2378,2377,2266,1351,0,0.008268083
Warm C,393836,2320,2319,2266,1351,0,0.00810694
Warm C,418447,2529,2528,2266,1351,0,0.005105935
Warm C,383327,2240,2239,2266,1351,1,0.00302444
Warm C,377092,2203,2202,2266,1351,0,0.011921976
Warm C,353646,2072,2071,2266,1351,1,0.006922003
Warm C,345026,2024,2023,2266,1351,0,0.013570105
Warm C,343028,2016,2015,2266,1351,1,0.0043873
Warm C,343506,2018,2017,2266,1351,0,0.0035083555
Warm C,350882,2060,2059,2266,1351,0,0.0022894992
Warm C,312203,1861,1860,2266,1351,1,0.011745238
Warm C,295938,1757,1756,2266,1351,0,0.008009661
Warm C,298951,1776,1775,2266,1351,0,0.010865599
Warm C,286209,1709,1708,2266,1351,0,0.0111748185
Warm C,251795,1524,1523,2266,1351,0,0.0067180507
Warm C,242607,1465,1464,2266,1351,0,0.016475458
Warm C,335482,1980,1979,2266,1351,0,0.0073267864
Warm C,272650,1647,1646,2266,1351,0,0.015662719
Warm C,205598,1264,1263,2266,1351,0,0.0123979505
Warm C,203833,1254,1253,2266,1351,0,0.012641286
Warm C,202309,1244,1243,2266,1351,0,0.0067392397
Warm C,278644,1680,1679,2266,1351,1,0.017722335
Warm C,337942,1988,1987,2266,1351,0,0.016619936
Warm C,186735,1156,1155,2266,1351,0,0.0033083814
Warm C,175317,1112,1111,2266,1351,0,0.015179165
Warm C,167378,1066,1065,2266,1351,0,-0.00012509862
Warm C,272021,1645,1644,2266,1351,1,0.009769955
Warm C,158884,1016,1015,2266,1351,0,0.00390923
Warm C,154561,998,997,2266,1351,0,-0.01020449
Warm C,152836,984,983,2266,1351,1,0.0074476595
Warm C,324291,1922,1921,2266,1351,0,0.011366064
Warm C,143606,927,926,2266,1351,0,0.008604392
Warm C,142311,919,918,2266,1351,0,0.0050710216
Warm C,141130,910,909,2266,1351,1,0.009636954
Warm C,137784,889,888,2266,1351,0,-0.00022670766
Warm C,380120,2223,2222,2266,1351,0,0.02075817
Warm C,134962,873,872,2266,1351,1,0.0038726397
Warm C,134018,869,868,2266,1351,0,0.006438525
Warm C,131727,854,853,2266,1351,0,0.013214922
Warm C,332473,1962,1961,2266,1351,0,0.0042543625
Warm C,123066,795,794,2266,1351,0,-0.0017091014
Warm C,177897,1120,1119,2266,1351,1,0.0012319251
Warm C,360472,2106,2105,2266,1351,0,0.0037689814
Warm C,112269,731,730,2266,1351,1,0.006468912
Warm C,103631,689,688,2266,1351,1,-0.007168332
Warm C,179413,1125,1124,2266,1351,0,0.004568502
Warm C,176710,1117,1116,2266,1351,0,0.0056460714
Warm C,98581,660,659,2266,1351,0,0.013983617
Warm C,104127,692,691,2266,1351,0,0.007991661
Warm C,82750,549,548,2266,1351,1,0.008375694
Warm C,101254,676,675,2266,1351,0,0.010214538
Warm C,76594,520,519,2266,1351,0,0.012681181
Warm C,87040,569,568,2266,1351,1,-0.0030285288
Warm C,78264,528,527,2266,1351,0,0.006565066
Warm C,132265,855,854,2266,1351,0,0.015713532
Warm C,697062,4169,4168,2266,1351,1,0.013492197
Warm C,38804,264,263,2266,1351,0,0.008513759
Warm C,21231,156,155,2266,1351,0,0.01370994
Warm C,6325,45,44,2266,1351,1,0.015862862
Warm C,3573,26,25,2266,1351,0,0.007815923
Warm C,20651,151,150,2266,1351,0,0.014296017
Warm C,439778,2688,2687,2266,1351,0,0.0020832764
Warm C,354700,2077,2076,2266,1351,0,0.011022536
Warm C,889111,5367,5366,2266,1351,0,0.0031286553
Warm C,975276,5880,5879,2266,1351,0,0.015985148
Warm C,860259,5172,5171,2266,1351,0,0.00271629
Warm C,682170,4085,4084,2266,1351,1,0.0071639675
Warm C,680513,4079,4078,2266,1351,0,0.0032589524
Warm C,883266,5333,5332,2266,1351,0,-0.002147984
Warm C,144751,934,933,2266,1351,0,0.0010938346
Warm C,195220,1203,1202,2266,1351,0,0.0032128105
Warm C,986749,5956,5955,2266,1351,0,0.011433684
Warm C,52066,343,342,2266,1351,1,0.0048323413
Warm C,587678,3589,3588,2266,1351,1,0.019270577
Warm C,95698,641,640,2266,1351,1,0.005871758
Warm C,413616,2489,2488,2266,1351,0,0.015540295
Warm C,324855,1925,1924,2266,1351,0,0.013849541
Warm C,295529,1755,1754,2266,1351,0,0.007933264
Warm C,82752,549,548,2267,1352,0,0.0062950086
Warm C,697063,4169,4168,2267,1352,1,0.006813153
Warm C,32682,221,220,2267,1352,0,0.00433728
Warm C,638893,3842,3841,2267,1352,0,0.0031438249
Warm C,15433,123,122,2267,1352,0,0.01757751
Warm C,206647,1266,1265,2267,1352,0,0.006454725
Warm C,481614,2962,2961,2267,1352,0,0.006905185
Warm C,157771,1015,1014,2267,1352,0,-0.003763503
Warm C,76595,520,519,2267,1352,1,0.004578138
Warm C,150403,970,969,2267,1352,0,0.011026484
Warm C,689743,4126,4125,2267,1352,0,0.00928729
Warm C,232496,1413,1412,2267,1352,1,0.0022522274
Warm C,49977,331,330,2267,1352,1,0.0024706163
Warm C,324856,1925,1924,2267,1352,1,-6.816513e-05
Warm C,844228,5074,5073,2271,1355,1,0.013818871
Warm C,571868,3507,3506,2271,1355,0,0.015036715
Warm C,778120,4647,4646,2271,1355,1,0.01404784
Warm C,497081,3054,3053,2271,1355,0,0.012326163
Warm C,631348,3821,3820,2271,1355,0,0.007641143
Warm C,301991,1794,1793,2271,1355,0,0.0073069874
Warm C,335502,1980,1979,2271,1355,1,0.026555669
Warm C,960376,5792,5791,2271,1355,1,0.006157374
Warm C,322096,1912,1911,2271,1355,0,0.009095396
Warm C,581220,3550,3549,2271,1355,0,0.020057995
Warm C,388322,2272,2271,2271,1355,1,0.00873788
Warm C,289965,1733,1732,2271,1355,0,0.008295314
Warm C,115867,752,751,2271,1355,1,0.012968951
Warm C,941619,5682,5681,2271,1355,1,0.012517248
Warm C,764339,4543,4542,2271,1355,0,0.007562113
Warm C,974542,5878,5877,2271,1355,0,0.006431944
Warm C,334941,1976,1975,2272,1356,0,5.215197e-05
Warm C,328976,1942,1941,2272,1356,1,0.006891448
Warm C,292124,1741,1740,2272,1356,1,0.017139088
Warm C,274982,1666,1665,2272,1356,0,0.0022521003
Warm C,278676,1680,1679,2272,1356,1,0.011382878
Warm C,267476,1626,1625,2272,1356,1,0.0077001625
Warm C,189244,1173,1172,2272,1356,0,0.004392405
Warm C,186806,1157,1156,2272,1356,0,0.0048278584
Warm C,263009,1605,1604,2272,1356,1,0.0072938064
Warm C,168228,1069,1068,2272,1356,1,0.005951435
Warm C,167176,1064,1063,2272,1356,0,0.005283306
Warm C,148656,957,956,2272,1356,1,-0.0011917911
Warm C,270733,1639,1638,2272,1356,1,-0.0022929618
Warm C,143245,924,923,2272,1356,1,0.006739836
Warm C,131734,854,853,2272,1356,0,0.017247926
Warm C,117155,755,754,2272,1356,1,0.01043655
Warm C,115868,752,751,2272,1356,1,0.0111479815
Warm C,114702,746,745,2272,1356,1,0.0023098236
Warm C,779022,4653,4652,2272,1356,0,-0.0009875703
Warm C,105868,699,698,2272,1356,0,0.0044496013
Warm C,332481,1962,1961,2272,1356,0,0.0021568362
Warm C,697083,4169,4168,2272,1356,1,0.0077756536
Warm C,360483,2106,2105,2272,1356,1,0.011219403
Warm C,432052,2634,2633,2272,1356,1,0.0067970874
Warm C,85504,558,557,2272,1356,1,0.0065352665
Warm C,82772,549,548,2272,1356,0,0.0023152493
Warm C,198114,1218,1217,2272,1356,1,0.0023186323
Warm C,238608,1448,1447,2272,1356,1,0.0075399033
Warm C,228017,1383,1382,2272,1356,0,0.004893454
Warm C,76599,520,519,2272,1356,0,0.0028156159
Warm C,70068,474,473,2272,1356,0,0.011161873
Warm C,155216,1001,1000,2272,1356,1,0.005233989
Warm C,61183,412,411,2272,1356,1,0.0028927675
Warm C,31879,216,215,2272,1356,0,0.014869774
Warm C,28595,197,196,2272,1356,1,0.005464116
Warm C,13821,111,110,2272,1356,0,0.0022983458
Warm C,9180,62,61,2272,1356,1,0.012150057
Warm C,1612,15,14,2272,1356,0,0.0013722647
Warm C,578163,3532,3531,2272,1356,0,0.008854887
Warm C,223312,1354,1353,2272,1356,0,0.0011986946
Warm C,49997,331,330,2272,1356,1,-0.0016364049
Warm C,79130,531,530,2272,1356,0,0.009488044
Warm C,4502,33,32,2272,1356,0,-0.00019557215
Warm C,89127,588,587,2272,1356,0,0.014406922
Warm C,157791,1015,1014,2272,1356,1,0.010555066
Warm C,394926,2333,2332,2272,1356,1,0.005884611
Warm C,416374,2507,2506,2272,1356,0,0.0064570364
Warm C,18614,146,145,2272,1356,1,0.0064562233
Warm C,713650,4277,4276,2272,1356,1,-0.003549797
Warm C,992937,5998,5997,2272,1356,1,0.00054220343
Warm C,285150,1701,1700,2272,1356,0,0.004377345
Warm C,193443,1194,1193,2272,1356,1,0.0066833096
Warm C,74598,509,508,2275,1358,1,0.007562338
Warm C,65183,438,437,2275,1358,1,0.0033552968
Warm C,289970,1733,1732,2275,1358,1,0.010901837
Warm C,561146,3453,3452,2275,1358,0,0.0035434957
Warm C,895517,5412,5411,2275,1358,1,0.008670365
Warm C,927806,5605,5604,2275,1358,0,0.016097907
Warm C,467268,2880,2879,2275,1358,1,0.011392716
Warm C,947955,5723,5722,2275,1358,0,0.01341818
Warm C,770092,4589,4588,2275,1358,0,0.012575867
Warm C,632966,3824,3823,2275,1358,0,0.011254721
Warm C,230440,1395,1394,2275,1358,1,-0.0016557781
Warm C,26304,187,186,2276,1359,0,0.005853936
Warm C,133410,862,861,2276,1359,0,0.0034740886
Warm C,223317,1354,1353,2276,1359,0,0.0042031514
Warm C,484830,2986,2985,2276,1359,0,0.008009346
Warm C,713655,4277,4276,2276,1359,0,0.011819566
Warm C,204436,1260,1259,2276,1359,0,0.009532513
Warm C,908258,5493,5492,2276,1359,0,0.006972007
Warm C,147887,953,952,2276,1359,1,0.013701659
Warm C,27514,193,192,2276,1359,1,0.0072157825
Warm C,171282,1088,1087,2276,1359,1,0.0033621802
Warm C,364581,2124,2123,2280,1362,1,0.008771138
Warm C,351151,2062,2061,2280,1362,1,-0.004918522
Warm C,349458,2051,2050,2280,1362,0,0.0006350097
Warm C,340440,2010,2009,2280,1362,0,0.0057060164
Warm C,289979,1733,1732,2280,1362,0,0.0075531895
Warm C,281507,1688,1687,2280,1362,0,0.0071484842
Warm C,274991,1666,1665,2280,1362,1,-0.008015399
Warm C,304222,1807,1806,2280,1362,0,0.01234083
Warm C,259319,1587,1586,2280,1362,0,0.012268414
Warm C,337962,1988,1987,2280,1362,0,0.0024931738
Warm C,213843,1299,1298,2280,1362,0,0.002177178
Warm C,214673,1303,1302,2280,1362,0,-0.00732164
Warm C,294169,1749,1748,2280,1362,0,0.0031991473
Warm C,327665,1941,1940,2280,1362,0,0.003125606
Warm C,330647,1952,1951,2280,1362,0,0.005207476
Warm C,163660,1050,1049,2280,1362,0,0.007542842
Warm C,181237,1133,1132,2280,1362,0,0.010029241
Warm C,212773,1297,1296,2280,1362,1,0.0012975321
Warm C,195237,1203,1202,2280,1362,1,0.0074926745
Warm C,184923,1150,1149,2280,1362,0,-0.006453281
Warm C,139684,894,893,2280,1362,1,3.112998e-05
Warm C,139576,893,892,2280,1362,0,-0.011164643
Warm C,335520,1980,1979,2280,1362,1,-0.004466733
Warm C,298020,1767,1766,2280,1362,0,0.0070176693
Warm C,124758,802,801,2280,1362,1,0.0054747215
Warm C,175948,1113,1112,2280,1362,1,0.009949649
Warm C,117368,757,756,2280,1362,0,0.006587845
Warm C,114711,746,745,2280,1362,0,0.006348939
Warm C,107709,710,709,2280,1362,0,0.011456836
Warm C,203461,1248,1247,2280,1362,0,-0.0030118756
Warm C,176733,1117,1116,2280,1362,0,0.0048511596
Warm C,110597,721,720,2280,1362,1,-0.0019945172
Warm C,87556,573,572,2280,1362,1,0.001162647
Warm C,308393,1837,1836,2280,1362,0,-0.00068952236
Warm C,77219,524,523,2280,1362,0,0.0070185927
Warm C,80023,533,532,2280,1362,1,0.006232244
Warm C,197233,1211,1210,2280,1362,1,0.0077567385
Warm C,115890,752,751,2280,1362,1,0.0026810905
Warm C,71797,482,481,2280,1362,1,0.0070937513
Warm C,427205,2593,2592,2280,1362,1,0.0032763318
Warm C,805882,4823,4822,2280,1362,0,0.0015284701
Warm C,40285,272,271,2280,1362,1,-0.0018795417
Warm C,36973,249,248,2280,1362,0,0.012498738
Warm C,33378,225,224,2280,1362,0,0.0008770474
Warm C,22391,163,162,2280,1362,0,0.0040705195
Warm C,238622,1448,1447,2280,1362,0,0.0046140673
Warm C,13743,110,109,2280,1362,1,-0.0051008514
Warm C,104148,692,691,2280,1362,1,-0.00390278
Warm C,19874,149,148,2280,1362,1,0.0028384402
Warm C,209981,1284,1283,2280,1362,1,-0.0029277084
Warm C,360499,2106,2105,2280,1362,0,0.00961645
Warm C,109706,716,715,2280,1362,1,-0.0018532895
Warm C,713663,4277,4276,2280,1362,0,0.0040307133
Warm C,697096,4169,4168,2280,1362,0,0.004911691
Warm C,784356,4682,4681,2280,1362,0,0.006515592
Warm C,772863,4607,4606,2280,1362,1,0.0032783502
Warm C,50012,331,330,2280,1362,1,0.008154671
Warm C,868261,5242,5241,2280,1362,0,0.006605005
Warm C,499159,3067,3066,2280,1362,1,-0.0008072923
Warm C,893219,5394,5393,2280,1362,0,0.0030030245
Warm C,67700,454,453,2280,1362,0,0.007255549
Warm C,304682,1812,1811,2280,1362,0,0.0024123346
Warm C,96555,648,647,2280,1362,1,0.005782013
Warm C,193454,1194,1193,2280,1362,1,-5.8215577e-05
Warm C,129193,839,838,2280,1362,1,0.010668976
Warm C,123071,795,794,2283,1364,0,0.004978184
Warm C,584934,3570,3569,2290,1368,0,0.0022681912
Warm C,580273,3544,3543,2290,1368,1,0.0055423486
Warm C,576899,3526,3525,2290,1368,0,0.009170004
Warm C,576086,3521,3520,2290,1368,0,0.0066107777
Warm C,580428,3546,3545,2290,1368,0,0.0059584915
Warm C,593444,3618,3617,2290,1368,0,0.009031538
Warm C,562881,3463,3462,2290,1368,0,0.0012869413
Warm C,560324,3444,3443,2290,1368,0,-0.00019761967
Warm C,552883,3402,3401,2290,1368,0,0.016455218
Warm C,532678,3290,3289,2290,1368,0,0.009863344
Warm C,533059,3292,3291,2290,1368,0,0.015268421
Warm C,524934,3241,3240,2290,1368,0,0.0013214988
Warm C,522261,3224,3223,2290,1368,1,0.0060346546
Warm C,697111,4169,4168,2290,1368,0,0.012362278
Warm C,503378,3093,3092,2290,1368,0,0.005260163
Warm C,924074,5580,5579,2290,1368,0,0.008378247
Warm C,499170,3067,3066,2290,1368,1,0.0078758
Warm C,485720,2990,2989,2290,1368,0,0.010215684
Warm C,484849,2986,2985,2290,1368,1,0.015314128
Warm C,482588,2967,2966,2290,1368,0,0.005934597
Warm C,409111,2456,2455,2290,1368,0,0.015836302
Warm C,402182,2402,2401,2290,1368,0,0.012408092
Warm C,378310,2208,2207,2290,1368,1,0.006186719
Warm C,325234,1926,1925,2290,1368,1,0.01652324
Warm C,323081,1916,1915,2290,1368,1,0.0028878073
Warm C,280732,1685,1684,2290,1368,0,0.005980208
Warm C,268841,1632,1631,2290,1368,0,0.016370133
Warm C,260013,1591,1590,2290,1368,1,0.0015826207
Warm C,242637,1465,1464,2290,1368,0,0.005594533
Warm C,217921,1322,1321,2290,1368,0,-0.0030304324
Warm C,220282,1335,1334,2290,1368,0,0.0009435781
Warm C,278725,1680,1679,2290,1368,1,0.012248043
Warm C,294176,1749,1748,2290,1368,0,0.005925091
Warm C,212401,1294,1293,2290,1368,1,-0.012732869
Warm C,176495,1116,1115,2290,1368,0,0.0047408836
Warm C,319915,1899,1898,2290,1368,0,0.007098306
Warm C,184951,1150,1149,2290,1368,0,0.007120002
Warm C,199299,1224,1223,2290,1368,1,0.011011532
Warm C,131012,850,849,2290,1368,0,0.009744702
Warm C,159863,1019,1018,2290,1368,1,0.0028205318
Warm C,130172,843,842,2290,1368,1,0.004144313
Warm C,210637,1285,1284,2290,1368,1,0.008560409
Warm C,126262,816,815,2290,1368,0,0.012945769
Warm C,887084,5359,5358,2290,1368,0,0.0049811155
Warm C,88723,587,586,2290,1368,0,0.01644191
Warm C,82808,549,548,2290,1368,0,0.0047650672
Warm C,190498,1181,1180,2290,1368,0,0.008929575
Warm C,83919,550,549,2290,1368,0,0.01478441
Warm C,53579,352,351,2290,1368,0,0.013591275
Warm C,47337,319,318,2290,1368,0,0.0065748272
Warm C,9203,62,61,2290,1368,0,0.0065994994
Warm C,357279,2092,2091,2290,1368,0,0.005787731
Warm C,105047,696,695,2290,1368,1,0.00485571
Warm C,18637,146,145,2290,1368,0,0.007249588
Warm C,370899,2168,2167,2290,1368,0,0.008779815
Warm C,249774,1505,1504,2290,1368,1,0.0034640175
Warm C,289993,1733,1732,2290,1368,0,0.013467684
Warm C,276074,1671,1670,2290,1368,1,0.00033806823
Warm C,546697,3371,3370,2290,1368,1,0.011035233
Warm C,335543,1980,1979,2290,1368,1,0.015142132
Warm C,322127,1912,1911,2290,1368,0,0.006018044
Warm C,697118,4169,4168,2295,1371,1,0.014392832
Warm C,82196,546,545,2295,1371,1,0.009049397
Warm C,190506,1181,1180,2295,1371,1,0.0093704555
Warm C,45856,308,307,2295,1371,1,0.011572876
Warm C,54410,355,354,2295,1371,0,0.003747243
Warm C,31493,214,213,2295,1371,0,0.014949897
Warm C,21497,157,156,2295,1371,1,0.0122991195
Warm C,357282,2092,2091,2295,1371,1,0.009535147
Warm C,206687,1266,1265,2295,1371,1,0.0089574
Warm C,893227,5394,5393,2295,1371,1,0.012796583
Warm C,317532,1889,1888,2295,1371,1,0.0030365728
Warm C,171329,1088,1087,2295,1371,0,0.00682134
Warm C,187509,1164,1163,2295,1371,1,9.230827e-05
Warm C,549812,3391,3390,2295,1371,1,0.006130251
Warm C,450172,2776,2775,2296,1372,1,-0.0002248087
Warm C,450607,2777,2776,2296,1372,1,-0.009539412
Warm C,399423,2378,2377,2296,1372,0,0.00015197578
Warm C,436188,2665,2664,2296,1372,1,0.014188744
Warm C,391966,2304,2303,2296,1372,0,0.004577795
Warm C,389879,2288,2287,2296,1372,0,0.005757901
Warm C,378117,2206,2205,2296,1372,0,-0.00033894577
Warm C,375480,2188,2187,2296,1372,0,0.0063597956
Warm C,370439,2166,2165,2296,1372,1,0.005394064
Warm C,358399,2098,2097,2296,1372,0,0.00016844552
Warm C,355882,2085,2084,2296,1372,0,0.011437813
Warm C,351455,2063,2062,2296,1372,0,0.0064333403
Warm C,345045,2024,2023,2296,1372,1,0.012822444
Warm C,341430,2012,2011,2296,1372,0,0.0068587204
Warm C,297331,1764,1763,2296,1372,1,0.0009798156
Warm C,281169,1687,1686,2296,1372,0,0.00094702165
Warm C,271396,1641,1640,2296,1372,0,0.002695538
Warm C,275000,1666,1665,2296,1372,0,-0.0058333315
Warm C,304227,1807,1806,2296,1372,0,0.005540869
Warm C,309229,1841,1840,2296,1372,0,0.00701384
Warm C,247531,1496,1495,2296,1372,0,-0.0049803266
Warm C,223339,1354,1353,2296,1372,0,0.008226544
Warm C,220285,1335,1334,2296,1372,0,0.004963027
Warm C,296741,1759,1758,2296,1372,0,0.006626471
Warm C,277449,1676,1675,2296,1372,1,-0.0039371075
Warm C,196337,1207,1206,2296,1372,0,0.0015901481
Warm C,192291,1184,1183,2296,1372,0,-0.0022626433
Warm C,210645,1285,1284,2296,1372,0,0.0049490286
Warm C,173529,1100,1099,2296,1372,0,-0.001792169
Warm C,172804,1096,1095,2296,1372,0,-0.008851444
Warm C,167700,1068,1067,2296,1372,0,0.0018599494
Warm C,166329,1059,1058,2296,1372,0,0.003233434
Warm C,163676,1050,1049,2296,1372,0,0.0009789444
Warm C,272048,1645,1644,2296,1372,0,-0.004119168
Warm C,189258,1173,1172,2296,1372,0,0.0019125897
Warm C,136312,881,880,2296,1372,0,0.00659844
Warm C,131753,854,853,2296,1372,0,0.000995971
Warm C,126096,813,812,2296,1372,0,0.0020822203
Warm C,124182,800,799,2296,1372,1,0.010969688
Warm C,117379,757,756,2296,1372,0,-0.0005015193
Warm C,112307,731,730,2296,1372,0,0.011419512
Warm C,101275,676,675,2296,1372,0,0.0017021028
Warm C,109187,714,713,2296,1372,1,0.005516654
Warm C,370901,2168,2167,2296,1372,1,0.0068409536
Warm C,96339,647,646,2296,1372,0,0.009484239
Warm C,405964,2436,2435,2296,1372,1,0.012062917
Warm C,119041,770,769,2296,1372,1,-0.0024873156
Warm C,88725,587,586,2296,1372,0,0.004137943
Warm C,71813,482,481,2296,1372,1,0.003085222
Warm C,115917,752,751,2296,1372,0,0.0035550776
Warm C,70666,476,475,2296,1372,0,0.0031702996
Warm C,68574,461,460,2296,1372,0,0.0029087462
Warm C,251069,1516,1515,2296,1372,0,0.0040164385
Warm C,57121,386,385,2296,1372,0,-0.0006479635
Warm C,59382,403,402,2296,1372,0,0.0037487308
Warm C,53588,352,351,2296,1372,0,0.012551029
Warm C,52496,346,345,2296,1372,1,0.00079395226
Warm C,132293,855,854,2296,1372,0,0.0033375192
Warm C,44359,302,301,2296,1372,0,0.0059011504
Warm C,41720,284,283,2296,1372,0,0.0037871504
Warm C,55540,368,367,2296,1372,0,0.0036848278
Warm C,31940,216,215,2296,1372,0,0.005781135
Warm C,32882,223,222,2296,1372,0,0.0024716936
Warm C,291171,1737,1736,2296,1372,0,0.0060010375
Warm C,49287,329,328,2296,1372,0,0.0034675286
Warm C,202938,1246,1245,2296,1372,1,0.01089313
Warm C,2437,19,18,2296,1372,0,0.0050081727
Warm C,79162,531,530,2296,1372,0,0.004229539
Warm C,78296,528,527,2296,1372,0,0.007607452
Warm C,954297,5761,5760,2296,1372,0,0.007846558
Warm C,362756,2116,2115,2296,1372,0,0.0021856255
Warm C,572741,3509,3508,2296,1372,0,0.006358653
Warm C,105889,699,698,2296,1372,0,-0.0016692446
Warm C,511786,3158,3157,2296,1372,0,-0.006293797
Warm C,331354,1958,1957,2296,1372,0,0.008395307
Warm C,924075,5580,5579,2296,1372,0,0.0056218887
Warm C,195253,1203,1202,2296,1372,0,-0.009373421
Warm C,52968,349,348,2296,1372,0,0.0031425944
Warm C,183482,1142,1141,2296,1372,0,0.0042566555
Warm C,342235,2015,2014,2296,1372,0,0.0025440655
Warm C,699896,4186,4185,2296,1372,0,0.00841195
Warm C,941634,5682,5681,2296,1372,0,0.012332423
Warm C,272687,1647,1646,2296,1372,0,0.008470481
Warm C,28022,195,194,2296,1372,0,0.0020808391
Warm C,341618,2012,2011,2306,1378,0,0.015076742
Warm C,340675,2010,2009,2306,1378,0,0.007960746
Warm C,299653,1778,1777,2306,1378,0,0.015257187
Warm C,277731,1676,1675,2306,1378,0,0.010618396
Warm C,208005,1272,1271,2306,1378,0,0.005780884
Warm C,173692,1100,1099,2306,1378,0,0.007289307
Warm C,172892,1096,1095,2306,1378,1,0.0045508277
Warm C,328188,1941,1940,2306,1378,0,0.010679398
Warm C,276653,1673,1672,2306,1378,1,0.0062096333
Warm C,227622,1380,1379,2306,1378,1,0.0067115743
Warm C,143677,927,926,2306,1378,0,0.005267995
Warm C,120431,777,776,2306,1378,0,0.017089415
Warm C,112501,731,730,2306,1378,0,0.00902649
Warm C,77572,524,523,2306,1378,0,0.01386993
Warm C,70803,476,475,2306,1378,1,0.010751113
Warm C,47203,319,318,2306,1378,0,0.0119770765
Warm C,697407,4169,4168,2306,1378,0,0.016486479
Warm C,31758,216,215,2306,1378,0,0.0045976047
Warm C,31465,214,213,2306,1378,0,0.0017058295
Warm C,481848,2962,2961,2306,1378,0,0.009888531
Warm C,1243,11,10,2306,1378,0,0.009698575
Warm C,371016,2168,2167,2306,1378,0,0.006972241
Warm C,363067,2116,2115,2306,1378,0,0.007781912
Warm C,860319,5172,5171,2306,1378,1,0.007206372
Warm C,335180,1978,1977,2306,1378,0,0.01130044
Warm C,907817,5492,5491,2306,1378,0,0.010424068
Warm C,54332,355,354,2306,1378,0,0.013719429
Warm C,475520,2918,2917,2306,1378,1,0.0020854454
Warm C,587942,3589,3588,2306,1378,0,0.012474598
Warm C,193683,1194,1193,2306,1378,0,0.00866659
Warm C,438612,2680,2679,2310,1379,0,0.008840323
Warm C,421038,2544,2543,2310,1379,1,0.0028040835
Warm C,413214,2485,2484,2310,1379,1,-0.004010053
Warm C,412851,2484,2483,2310,1379,1,0.013135931
Warm C,381338,2230,2229,2310,1379,1,-0.001203578
Warm C,375892,2190,2189,2310,1379,1,0.0016150645
Warm C,376732,2199,2198,2310,1379,1,0.012522175
Warm C,374121,2181,2180,2310,1379,1,0.00589073
Warm C,372294,2174,2173,2310,1379,0,0.008251733
Warm C,354137,2073,2072,2310,1379,1,0.002154917
Warm C,361679,2109,2108,2310,1379,0,0.007937365
Warm C,352815,2065,2064,2310,1379,1,0.002985023
Warm C,350555,2058,2057,2310,1379,1,0.011240065
Warm C,332690,1962,1961,2310,1379,1,0.008270932
Warm C,335975,1980,1979,2310,1379,0,-0.002604512
Warm C,316283,1883,1882,2310,1379,0,-0.0072320285
Warm C,291836,1738,1737,2310,1379,1,-0.009021855
Warm C,281816,1690,1689,2310,1379,0,0.009061513
Warm C,267585,1626,1625,2310,1379,1,0.0060644126
Warm C,264366,1608,1607,2310,1379,1,0.0046519786
Warm C,256094,1561,1560,2310,1379,0,-0.00071060774
Warm C,253895,1544,1543,2310,1379,1,0.009139389
Warm C,233079,1418,1417,2310,1379,1,0.005429984
Warm C,227629,1380,1379,2310,1379,0,0.010026226
Warm C,208814,1274,1273,2310,1379,1,0.0122789005
Warm C,199475,1224,1223,2310,1379,1,-0.0075860256
Warm C,200346,1230,1229,2310,1379,1,-0.0023459874
Warm C,189384,1173,1172,2310,1379,1,0.0037935292
Warm C,185360,1150,1149,2310,1379,0,0.007626265
Warm C,182503,1139,1138,2310,1379,1,0.010553071
Warm C,179923,1126,1125,2310,1379,1,3.181654e-05
Warm C,205334,1263,1262,2310,1379,1,0.012119991
Warm C,168480,1069,1068,2310,1379,0,0.0015931868
Warm C,167890,1068,1067,2310,1379,1,0.0057389406
Warm C,163863,1050,1049,2310,1379,0,0.009813327
Warm C,203594,1251,1250,2310,1379,0,-0.006819531
Warm C,160878,1022,1021,2310,1379,1,0.013242835
Warm C,148766,957,956,2310,1379,0,0.0066995216
Warm C,182039,1137,1136,2310,1379,1,0.013956126
Warm C,122347,789,788,2310,1379,0,-0.0012053268
Warm C,122035,787,786,2310,1379,0,0.005855103
Warm C,349304,2050,2049,2310,1379,0,0.0011303951
Warm C,98248,657,656,2310,1379,1,0.0012827502
Warm C,99222,661,660,2310,1379,1,0.010141954
Warm C,83188,549,548,2310,1379,0,-0.002363928
Warm C,53453,352,351,2310,1379,1,0.0027169974
Warm C,155357,1001,1000,2310,1379,1,0.017561955
Warm C,51642,339,338,2310,1379,0,0.0053696763
Warm C,35203,238,237,2310,1379,1,0.0032830948
Warm C,31781,216,215,2310,1379,1,0.000119497476
Warm C,27883,195,194,2310,1379,1,0.012702982
Warm C,500479,3074,3073,2310,1379,1,-0.002911755
Warm C,243417,1467,1466,2310,1379,0,0.017759183
Warm C,15377,123,122,2310,1379,1,0.015802909
Warm C,238999,1448,1447,2310,1379,1,0.003385027
Warm C,9524,63,62,2310,1379,1,0.011833375
Warm C,8212,57,56,2310,1379,0,0.0015190023
Warm C,66071,442,441,2310,1379,1,0.0068601193
Warm C,49936,331,330,2310,1379,0,0.0031726337
Warm C,348066,2041,2040,2310,1379,1,0.009133817
Warm C,117048,754,753,2310,1379,0,0.006394458
Warm C,713908,4277,4276,2310,1379,1,0.0042859884
Warm C,537967,3312,3311,2310,1379,1,-0.0034849406
Warm C,365780,2129,2128,2310,1379,0,0.012932653
Warm C,285343,1701,1700,2310,1379,1,0.0040183547
Warm C,164612,1051,1050,2310,1379,1,0.0017665608
Warm C,171701,1088,1087,2310,1379,1,0.013630098
Warm C,144945,934,933,2310,1379,0,0.0038418798
Warm C,772942,4607,4606,2310,1379,1,0.007589644
Warm C,24205,173,172,2310,1379,1,0.008352842
Warm C,187665,1164,1163,2310,1379,0,-0.001548701
Warm C,143526,926,925,2310,1379,1,0.005684414
Warm C,589116,3592,3591,2310,1379,1,0.003138236
Warm C,974631,5878,5877,2310,1379,1,0.0069938656
Warm C,655947,3952,3951,2314,1383,1,0.010143576
Warm C,381339,2230,2229,2314,1383,0,0.009546585
Warm C,364800,2124,2123,2314,1383,1,0.021944411
Warm C,343134,2016,2015,2314,1383,1,0.003169363
Warm C,299658,1778,1777,2314,1383,0,0.002147075
Warm C,265814,1613,1612,2314,1383,0,0.015436671
Warm C,245168,1479,1478,2314,1383,0,0.012452244
Warm C,236723,1437,1436,2314,1383,1,0.018556558
Warm C,241251,1451,1450,2314,1383,1,0.0072411895
Warm C,244012,1470,1469,2314,1383,1,0.009985992
Warm C,261789,1599,1598,2314,1383,1,0.001804274
Warm C,211014,1285,1284,2314,1383,0,0.007171049
Warm C,404022,2414,2413,2314,1383,1,0.01819955
Warm C,200528,1231,1230,2314,1383,1,0.006722179
Warm C,175564,1112,1111,2314,1383,1,0.0136426445
Warm C,148768,957,956,2314,1383,0,0.00045613857
Warm C,139198,890,889,2314,1383,0,0.0072230576
Warm C,120441,777,776,2314,1383,0,0.004093198
Warm C,116267,752,751,2314,1383,1,0.008575665
Warm C,284230,1698,1697,2314,1383,0,0.008562131
Warm C,87571,573,572,2314,1383,1,0.0057285763
Warm C,84969,552,551,2314,1383,1,0.00045472954
Warm C,239003,1448,1447,2314,1383,0,0.011347593
Warm C,155360,1001,1000,2314,1383,1,0.0058022346
Warm C,47223,319,318,2314,1383,1,0.012676513
Warm C,697422,4169,4168,2314,1383,1,0.018194862
Warm C,60511,411,410,2314,1383,0,0.012555566
Warm C,235011,1425,1424,2314,1383,0,0.0013104348
Warm C,24806,175,174,2314,1383,0,0.016632523
Warm C,15983,126,125,2314,1383,0,-0.0001953002
Warm C,12653,97,96,2314,1383,1,0.006017285
Warm C,9117,62,61,2314,1383,0,0.0040728007
Warm C,658,8,7,2314,1383,0,0.015540956
Warm C,27889,195,194,2314,1383,1,0.009282485
Warm C,967358,5831,5830,2314,1383,0,0.0120249735
Warm C,182044,1137,1136,2314,1383,1,0.014362005
Warm C,49160,329,328,2314,1383,0,0.008874499
Warm C,257708,1579,1578,2314,1383,0,0.012724008
Warm C,144948,934,933,2314,1383,1,0.006830596
Warm C,964494,5812,5811,2314,1383,0,0.011769414
Warm C,160634,1020,1019,2314,1383,1,0.014905679
Warm C,375607,2188,2187,2314,1383,1,0.009428613
Warm C,76376,518,517,2314,1383,1,0.0027876552
Warm C,171708,1088,1087,2314,1383,1,0.018096564
Warm C,621239,3762,3761,2315,1384,0,0.016688965
Warm C,596625,3626,3625,2315,1384,0,0.023137756
Warm C,587231,3586,3585,2315,1384,0,0.0049083196
Warm C,532176,3285,3284,2315,1384,0,0.0074157557
Warm C,566298,3476,3475,2315,1384,0,0.016598482
Warm C,507247,3121,3120,2315,1384,0,0.0017971643
Warm C,499481,3067,3066,2315,1384,0,0.0046378956
Warm C,494207,3032,3031,2315,1384,1,0.0035607398
Warm C,718932,4305,4304,2315,1384,1,-6.524124e-05
Warm C,483512,2972,2971,2315,1384,0,0.008770823
Warm C,457995,2820,2819,2315,1384,0,0.010410329
Warm C,466866,2878,2877,2315,1384,0,0.009272443
Warm C,441290,2702,2701,2315,1384,0,0.007422611
Warm C,426510,2590,2589,2315,1384,1,0.009167246
Warm C,409657,2457,2456,2315,1384,0,0.012165224
Warm C,406793,2444,2443,2315,1384,0,0.005605744
Warm C,387303,2264,2263,2315,1384,0,0.0012597844
Warm C,371219,2169,2168,2315,1384,1,0.007395275
Warm C,368633,2155,2154,2315,1384,1,0.014248476
Warm C,368816,2156,2155,2315,1384,0,0.010229165
Warm C,366182,2131,2130,2315,1384,0,0.01272011
Warm C,358527,2098,2097,2315,1384,1,0.0061219796
Warm C,361682,2109,2108,2315,1384,0,0.010270739
Warm C,351930,2063,2062,2315,1384,0,0.009970104
Warm C,323511,1919,1918,2315,1384,1,0.0038729303
Warm C,297532,1764,1763,2315,1384,1,0.0054680165
Warm C,279364,1680,1679,2315,1384,1,0.017507263
Warm C,285805,1705,1704,2315,1384,0,0.0037698757
Warm C,277743,1676,1675,2315,1384,1,0.017255835
Warm C,278251,1678,1677,2315,1384,0,0.0089964755
Warm C,271477,1641,1640,2315,1384,0,0.009461751
Warm C,231121,1399,1398,2315,1384,1,0.00057673873
Warm C,221819,1341,1340,2315,1384,0,0.004016876
Warm C,213493,1298,1297,2315,1384,1,0.01140285
Warm C,240150,1449,1448,2315,1384,0,0.019434778
Warm C,250406,1509,1508,2315,1384,0,0.005343927
Warm C,210175,1284,1283,2315,1384,0,0.0057542063
Warm C,196549,1207,1206,2315,1384,0,0.013493529
Warm C,342531,2015,2014,2315,1384,0,0.016859304
Warm C,194038,1195,1194,2315,1384,0,0.001365244
Warm C,188997,1172,1171,2315,1384,0,0.0019876477
Warm C,165642,1056,1055,2315,1384,0,0.0062536183
Warm C,159300,1017,1016,2315,1384,0,0.003103157
Warm C,156931,1010,1009,2315,1384,0,0.016193347
Warm C,134329,869,868,2315,1384,1,0.0026756334
Warm C,125568,808,807,2315,1384,0,0.001996633
Warm C,223579,1354,1353,2315,1384,0,0.007803649
Warm C,114874,746,745,2315,1384,0,0.0074448376
Warm C,114093,741,740,2315,1384,1,-0.007897779
Warm C,117524,757,756,2315,1384,0,0.0043901857
Warm C,107519,709,708,2315,1384,0,0.0028914046
Warm C,101695,677,676,2315,1384,0,0.009601036
Warm C,92766,621,620,2315,1384,0,0.012864954
Warm C,91635,608,607,2315,1384,1,0.004123872
Warm C,320801,1902,1901,2315,1384,1,0.006210992
Warm C,291445,1737,1736,2315,1384,0,0.013990257
Warm C,83192,549,548,2315,1384,0,0.0057893693
Warm C,191014,1181,1180,2315,1384,1,0.0241074
Warm C,406094,2436,2435,2315,1384,0,0.009147076
Warm C,53456,352,351,2315,1384,0,0.020627731
Warm C,290265,1733,1732,2315,1384,0,0.012372715
Warm C,22324,163,162,2315,1384,0,0.009889963
Warm C,14356,117,116,2315,1384,0,0.014457941
Warm C,8348,58,57,2315,1384,0,0.010764654
Warm C,7501,53,52,2315,1384,0,0.005924846
Warm C,697423,4169,4168,2315,1384,0,0.02104402
Warm C,123437,796,795,2315,1384,0,0.009034521
Warm C,354960,2077,2076,2315,1384,0,0.0057480424
Warm C,552393,3401,3400,2315,1384,0,0.004838624
Warm C,139199,890,889,2315,1384,1,0.0048488183
Warm C,363082,2116,2115,2315,1384,0,0.007969726
Warm C,682502,4085,4084,2315,1384,0,0.010741735
Warm C,317747,1889,1888,2315,1384,0,0.0057035033
Warm C,328212,1941,1940,2315,1384,0,0.006035319
Warm C,760814,4520,4519,2315,1384,0,0.013517242
Warm C,907821,5492,5491,2315,1384,0,0.0050331214
Warm C,335980,1980,1979,2315,1384,0,0.019315647
Warm C,960421,5792,5791,2315,1384,0,0.012058386
Warm C,362451,2114,2113,2315,1384,0,6.7960937e-06
Warm C,947973,5723,5722,2315,1384,0,0.008851427
Warm C,52041,343,342,2315,1384,1,0.0065872595
Warm C,135122,874,873,2315,1384,0,0.0052968794
Warm C,217097,1317,1316,2315,1384,0,0.018809674
Warm C,63020,424,423,2315,1384,0,0.01649236
Warm C,171710,1088,1087,2315,1384,0,0.016465934
Warm C,179623,1125,1124,2315,1384,0,0.005166052
Warm C,894068,5397,5396,2315,1384,0,0.014877304
Warm C,745392,4448,4447,2320,1387,1,0.0073265485
Warm C,571437,3504,3503,2320,1387,1,0.0073025804
Warm C,572206,3507,3506,2320,1387,0,0.008845394
Warm C,563094,3464,3463,2320,1387,0,0.009658851
Warm C,557740,3425,3424,2320,1387,0,0.00879271
Warm C,553590,3409,3408,2320,1387,1,0.0017910034
Warm C,547395,3377,3376,2320,1387,1,0.0057818345
Warm C,644686,3884,3883,2320,1387,0,0.008375987
Warm C,536062,3308,3307,2320,1387,1,0.00494757
Warm C,532184,3285,3284,2320,1387,0,0.010137517
Warm C,531069,3280,3279,2320,1387,0,0.002467412
Warm C,528225,3265,3264,2320,1387,0,0.002348675
Warm C,537222,3311,3310,2320,1387,0,0.013035755
Warm C,515525,3182,3181,2320,1387,1,6.7517394e-06
Warm C,509842,3140,3139,2320,1387,1,0.015868425
Warm C,508670,3129,3128,2320,1387,0,0.00030408427
Warm C,584739,3569,3568,2320,1387,0,0.0066616274
Warm C,502176,3082,3081,2320,1387,0,0.0016210068
Warm C,499489,3067,3066,2320,1387,0,0.0022132155
Warm C,472638,2907,2906,2320,1387,0,0.009904214
Warm C,564473,3471,3470,2320,1387,0,0.0147894835
Warm C,467775,2883,2882,2320,1387,0,0.009552373
Warm C,444687,2743,2742,2320,1387,1,0.00074868556
Warm C,511339,3154,3153,2320,1387,1,0.005508937
Warm C,438094,2677,2676,2320,1387,0,0.0052913507
Warm C,429172,2611,2610,2320,1387,1,0.011068508
Warm C,553994,3410,3409,2320,1387,0,0.008894538
Warm C,425339,2581,2580,2320,1387,0,0.005365149
Warm C,408260,2453,2452,2320,1387,1,0.00080648344
Warm C,464196,2860,2859,2320,1387,1,0.004290259
Warm C,392256,2304,2303,2320,1387,0,0.012826933
Warm C,390032,2288,2287,2320,1387,0,-0.0014002452
Warm C,381342,2230,2229,2320,1387,1,1.1715572e-05
Warm C,372296,2174,2173,2320,1387,0,0.0034560692
Warm C,367333,2144,2143,2320,1387,0,0.0036042281
Warm C,364808,2124,2123,2320,1387,1,0.0033307164
Warm C,359798,2104,2103,2320,1387,1,-0.004807867
Warm C,358533,2098,2097,2320,1387,1,0.012115273
Warm C,352686,2064,2063,2320,1387,1,0.0019153235
Warm C,360114,2105,2104,2320,1387,0,0.011351536
Warm C,340702,2010,2009,2320,1387,0,0.0089984145
Warm C,324460,1922,1921,2320,1387,0,-0.0004381677
Warm C,290277,1733,1732,2320,1387,1,-0.006013223
Warm C,296095,1757,1756,2320,1387,0,0.010835256
Warm C,282666,1694,1693,2320,1387,0,-0.0019386108
Warm C,275134,1666,1665,2320,1387,0,0.0009795972
Warm C,279392,1680,1679,2320,1387,0,0.006760425
Warm C,265830,1613,1612,2320,1387,0,0.0022583678
Warm C,333425,1968,1967,2320,1387,0,0.008433189
Warm C,354146,2073,2072,2320,1387,1,0.008779586
Warm C,231128,1399,1398,2320,1387,1,0.0031036218
Warm C,213513,1298,1297,2320,1387,1,0.008956949
Warm C,212947,1297,1296,2320,1387,1,0.011777191
Warm C,277757,1676,1675,2320,1387,0,0.0063664597
Warm C,273007,1647,1646,2320,1387,0,0.010446301
Warm C,204949,1261,1260,2320,1387,1,0.009239698
Warm C,204048,1255,1254,2320,1387,0,-0.0003876076
Warm C,201161,1241,1240,2320,1387,1,0.0117053
Warm C,210181,1284,1283,2320,1387,1,-0.0025277515
Warm C,196559,1207,1206,2320,1387,0,-0.00019378308
Warm C,192569,1185,1184,2320,1387,1,-0.008092757
Warm C,328239,1941,1940,2320,1387,0,0.00838704
Warm C,329375,1943,1942,2320,1387,0,0.007176616
Warm C,185378,1150,1149,2320,1387,0,-0.003222718
Warm C,183565,1142,1141,2320,1387,1,-0.0017240297
Warm C,307495,1835,1834,2320,1387,1,0.006482993
Warm C,200529,1231,1230,2320,1387,0,0.013989491
Warm C,179633,1125,1124,2320,1387,0,0.00076036796
Warm C,263395,1605,1604,2320,1387,0,-0.004385639
Warm C,184027,1146,1145,2320,1387,0,-0.0005976845
Warm C,168492,1069,1068,2320,1387,1,-0.0017434605
Warm C,163872,1050,1049,2320,1387,0,0.011263064
Warm C,261799,1599,1598,2320,1387,1,-0.008274491
Warm C,156244,1006,1005,2320,1387,0,-0.008305892
Warm C,152133,978,977,2320,1387,1,-0.0056509105
Warm C,145370,935,934,2320,1387,0,0.0102578
Warm C,135673,877,876,2320,1387,0,0.0037896736
Warm C,131947,854,853,2320,1387,0,0.012031417
Warm C,154897,999,998,2320,1387,0,0.012010318
Warm C,304943,1812,1811,2320,1387,1,-0.00041410653
Warm C,117530,757,756,2320,1387,0,0.005724624
Warm C,116286,752,751,2320,1387,0,0.0069394996
Warm C,108038,710,709,2320,1387,0,0.010550477
Warm C,98873,660,659,2320,1387,1,0.007340906
Warm C,113348,735,734,2320,1387,0,0.00887448
Warm C,110865,721,720,2320,1387,0,0.012245947
Warm C,92768,621,620,2320,1387,0,0.0069010495
Warm C,320808,1902,1901,2320,1387,1,0.0019665966
Warm C,84971,552,551,2320,1387,0,0.0020618374
Warm C,77595,524,523,2320,1387,0,0.008989108
Warm C,80247,533,532,2320,1387,0,0.0040986417
Warm C,72106,482,481,2320,1387,1,0.0034155375
Warm C,47884,321,320,2320,1387,0,0.0027978916
Warm C,47244,319,318,2320,1387,0,0.0012966002
Warm C,239014,1448,1447,2320,1387,0,0.00077609497
Warm C,697440,4169,4168,2320,1387,1,0.00077668903
Warm C,537978,3312,3311,2320,1387,0,0.0038366194
Warm C,33335,225,224,2320,1387,0,0.00058071525
Warm C,27017,192,191,2320,1387,1,0.00010728405
Warm C,54357,355,354,2320,1387,1,0.00097260694
Warm C,235024,1425,1424,2320,1387,1,0.0155681465
Warm C,2674,22,21,2320,1387,0,0.004167794
Warm C,578213,3532,3531,2320,1387,0,-0.0071221963
Warm C,675,8,7,2320,1387,0,0.004716433
Warm C,206928,1266,1265,2320,1387,0,0.0029963802
Warm C,481871,2962,2961,2320,1387,1,0.0153839495
Warm C,10174,73,72,2320,1387,0,0.0067862705
Warm C,567524,3483,3482,2320,1387,0,0.011489045
Warm C,363099,2116,2115,2320,1387,0,0.0029678056
Warm C,257718,1579,1578,2320,1387,0,0.003293918
Warm C,360850,2106,2105,2320,1387,0,-0.0020663426
Warm C,682515,4085,4084,2320,1387,1,0.0020929724
Warm C,335999,1980,1979,2320,1387,0,0.005798989
Warm C,622183,3768,3767,2320,1387,0,0.0018410247
Warm C,265137,1611,1610,2320,1387,1,0.0025939413
Warm C,300399,1780,1779,2320,1387,0,0.0027110833
Warm C,102333,678,677,2320,1387,1,0.006888063
Warm C,245811,1484,1483,2320,1387,0,0.008267022
Warm C,713927,4277,4276,2320,1387,1,0.010621936
Warm C,633339,3824,3823,2320,1387,0,0.0016108202
Warm C,129456,839,838,2320,1387,1,0.0033827305
Warm C,473730,2909,2908,2320,1387,1,0.010536311
Warm C,164626,1051,1050,2320,1387,0,0.01000554
Warm C,171727,1088,1087,2320,1387,1,0.0048605744
Warm C,805939,4823,4822,2320,1387,1,-0.0007412437
Warm C,688380,4117,4116,2320,1387,1,0.0077733686
Warm C,790777,4728,4727,2320,1387,0,0.018692054
Warm C,237982,1447,1446,2325,1391,0,0.007086929
Warm C,236054,1430,1429,2325,1391,1,0.008473106
Warm C,224201,1356,1355,2325,1391,1,0.010434968
Warm C,270005,1635,1634,2325,1391,1,0.016486596
Warm C,296824,1759,1758,2325,1391,0,0.013355829
Warm C,212949,1297,1296,2325,1391,1,0.012657805
Warm C,204950,1261,1260,2325,1391,1,0.007948449
Warm C,279396,1680,1679,2325,1391,0,0.008639087
Warm C,205343,1263,1262,2325,1391,0,0.0039586537
Warm C,181458,1134,1133,2325,1391,0,0.014892935
Warm C,176057,1113,1112,2325,1391,1,-0.001967282
Warm C,173706,1100,1099,2325,1391,0,-0.0011523124
Warm C,172902,1096,1095,2325,1391,0,-0.0024593775
Warm C,167899,1068,1067,2325,1391,1,0.0031435965
Warm C,163874,1050,1049,2325,1391,0,0.0064241374
Warm C,163383,1045,1044,2325,1391,0,-0.005036082
Warm C,230550,1395,1394,2325,1391,1,0.0016793988
Warm C,146342,941,940,2325,1391,0,0.0024500256
Warm C,146261,940,939,2325,1391,0,0.0027079587
Warm C,156950,1010,1009,2325,1391,0,0.0084920935
Warm C,136651,881,880,2325,1391,0,0.007811908
Warm C,135676,877,876,2325,1391,0,0.012725033
Warm C,124932,802,801,2325,1391,0,0.010727045
Warm C,117949,761,760,2325,1391,1,0.0041873427
Warm C,96437,647,646,2325,1391,1,0.004185966
Warm C,90691,601,600,2325,1391,0,0.0064366087
Warm C,72109,482,481,2325,1391,0,0.0076943007
Warm C,65403,438,437,2325,1391,1,0.008053681
Warm C,155368,1001,1000,2325,1391,1,-0.00054307375
Warm C,57093,386,385,2325,1391,1,0.0059373127
Warm C,53479,352,351,2325,1391,0,0.013317049
Warm C,38187,261,260,2325,1391,1,0.01350667
Warm C,537981,3312,3311,2325,1391,1,0.010061671
Warm C,53235,351,350,2325,1391,0,-1.2404285e-05
Warm C,291466,1737,1736,2325,1391,1,0.014814453
Warm C,235026,1425,1424,2325,1391,0,0.0031486393
Warm C,108041,710,709,2325,1391,0,0.0032448063
Warm C,1257,11,10,2325,1391,0,0.0043956703
Warm C,354973,2077,2076,2325,1391,1,0.0081364475
Warm C,552413,3401,3400,2325,1391,0,0.0070173973
Warm C,954324,5761,5760,2325,1391,0,0.010885477
Warm C,682517,4085,4084,2325,1391,1,0.011470847
Warm C,497257,3054,3053,2325,1391,0,0.009683738
Warm C,840889,5053,5052,2325,1391,1,0.0020125746
Warm C,328241,1941,1940,2325,1391,0,0.006509714
Warm C,618326,3746,3745,2325,1391,0,0.009116224
Warm C,757759,4508,4507,2325,1391,1,0.0006991271
Warm C,351953,2063,2062,2325,1391,0,0.010964936
Warm C,45788,308,307,2325,1391,0,0.009710866
Warm C,907829,5492,5491,2325,1391,0,0.00591194
Warm C,23522,169,168,2325,1391,0,0.012778048
Warm C,811417,4867,4866,2325,1391,1,0.019811481
Warm C,458680,2824,2823,2325,1391,1,0.0051291296
Warm C,571099,3503,3502,2325,1391,0,0.0072858697
Warm C,257721,1579,1578,2325,1391,0,0.0027409643
Warm C,273011,1647,1646,2325,1391,1,0.014580145
Warm C,562632,3462,3461,2325,1391,1,0.00043105753
Warm C,790780,4728,4727,2325,1391,0,0.0064740675
Warm C,974638,5878,5877,2325,1391,0,0.005377119
Warm C,271481,1641,1640,2327,1392,0,0.011122237
Warm C,247752,1496,1495,2327,1392,0,0.011253695
Warm C,245537,1483,1482,2327,1392,0,0.006805694
Warm C,221905,1342,1341,2327,1392,0,0.003455031
Warm C,221822,1341,1340,2327,1392,0,0.00645012
Warm C,277759,1676,1675,2327,1392,0,0.0024352737
Warm C,256191,1562,1561,2327,1392,0,0.002825357
Warm C,184028,1146,1145,2327,1392,0,0.0084329685
Warm C,165242,1053,1052,2327,1392,0,0.003861594
Warm C,159307,1017,1016,2327,1392,0,0.0031969352
Warm C,139969,897,896,2327,1392,0,0.008534152
Warm C,156951,1010,1009,2327,1392,0,0.0016949894
Warm C,134347,869,868,2327,1392,0,-0.0011052
Warm C,133190,859,858,2327,1392,0,-0.0072328653
Warm C,138404,889,888,2327,1392,0,-2.7509173e-05
Warm C,125573,808,807,2327,1392,0,0.0023869083
Warm C,92769,621,620,2327,1392,0,0.005463779
Warm C,81733,543,542,2327,1392,0,0.0028364316
Warm C,57565,390,389,2327,1392,0,0.004970186
Warm C,41142,278,277,2327,1392,1,0.010870056
Warm C,22341,163,162,2327,1392,0,0.0026665654
Warm C,15159,121,120,2327,1392,1,-0.0010054213
Warm C,14373,117,116,2327,1392,0,0.01453023
Warm C,354975,2077,2076,2327,1392,0,0.010214643
Warm C,65404,438,437,2327,1392,0,0.0087824715
Warm C,174196,1101,1100,2327,1392,0,0.00021114433
Warm C,697444,4169,4168,2327,1392,0,0.011913985
Warm C,622187,3768,3767,2327,1392,0,0.005790676
Warm C,164630,1051,1050,2327,1392,1,0.008589562
Warm C,328243,1941,1940,2327,1392,0,-0.008390419
Warm C,760822,4520,4519,2327,1392,0,0.0048575904
Warm C,366193,2131,2130,2327,1392,0,0.006361936
Warm C,237983,1447,1446,2327,1392,0,0.0055190353
Warm C,145826,937,936,2327,1392,1,-3.3981167e-05
Warm C,331678,1958,1957,2327,1392,0,0.013212423
Warm C,351955,2063,2062,2327,1392,0,0.008505727
Warm C,116293,752,751,2327,1392,0,0.009229092
Warm C,136652,881,880,2327,1392,0,0.0060809096
Warm C,311305,1854,1853,2327,1392,0,0.0036050882
Warm C,295669,1755,1754,2327,1392,1,0.005685758
Warm C,628377,3806,3805,2328,1393,0,0.0025930144
Warm C,628721,3807,3806,2328,1393,0,0.015806958
Warm C,628176,3804,3803,2328,1393,1,0.012893138
Warm C,636955,3836,3835,2328,1393,0,0.012051681
Warm C,627948,3801,3800,2328,1393,0,0.0036182373
Warm C,638254,3841,3840,2328,1393,0,0.017685086
Warm C,620706,3760,3759,2328,1393,1,0.0037787003
Warm C,623420,3771,3770,2328,1393,0,0.020320423
Warm C,607998,3689,3688,2328,1393,0,0.0050834715
Warm C,713933,4277,4276,2328,1393,1,0.014990191
Warm C,600825,3652,3651,2328,1393,0,0.010304673
Warm C,596641,3626,3625,2328,1393,1,0.0134669505
Warm C,583495,3562,3561,2328,1393,0,0.018380266
Warm C,759187,4510,4509,2328,1393,0,0.019327657
Warm C,576396,3522,3521,2328,1393,1,0.0074580447
Warm C,579425,3539,3538,2328,1393,1,0.014724252
Warm C,584740,3569,3568,2328,1393,0,0.0016860303
Warm C,572864,3509,3508,2328,1393,0,0.0038084358
Warm C,555834,3416,3415,2328,1393,1,0.0060672984
Warm C,536064,3308,3307,2328,1393,1,0.011438183
Warm C,542270,3336,3335,2328,1393,0,0.022226928
Warm C,561608,3454,3453,2328,1393,0,0.008327383
Warm C,511660,3157,3156,2328,1393,0,-0.0014168385
Warm C,566307,3476,3475,2328,1393,0,0.005764811
Warm C,507253,3121,3120,2328,1393,0,0.008283002
Warm C,495677,3044,3043,2328,1393,1,0.008376628
Warm C,495495,3043,3042,2328,1393,0,0.007220735
Warm C,472643,2907,2906,2328,1393,1,0.022853611
Warm C,473737,2909,2908,2328,1393,1,0.011772819
Warm C,463369,2857,2856,2328,1393,0,0.0052071474
Warm C,540718,3327,3326,2328,1393,0,0.008499124
Warm C,448953,2767,2766,2328,1393,0,0.008239065
Warm C,450935,2777,2776,2328,1393,0,-0.004062647
Warm C,564477,3471,3470,2328,1393,0,0.010323162
Warm C,430102,2621,2620,2328,1393,0,0.009924715
Warm C,426516,2590,2589,2328,1393,0,0.0039521414
Warm C,418752,2529,2528,2328,1393,1,0.01092631
Warm C,408946,2455,2454,2328,1393,0,0.008385026
Warm C,406452,2438,2437,2328,1393,1,0.017940355
Warm C,406794,2444,2443,2328,1393,0,0.008175369
Warm C,374137,2181,2180,2328,1393,0,0.017733112
Warm C,368635,2155,2154,2328,1393,1,-0.0028396992
Warm C,367502,2145,2144,2328,1393,1,0.010308678
Warm C,358535,2098,2097,2328,1393,0,0.00791113
Warm C,351956,2063,2062,2328,1393,0,0.011963151
Warm C,344431,2021,2020,2328,1393,1,0.007184894
Warm C,323513,1919,1918,2328,1393,0,0.0017551763
Warm C,297551,1764,1763,2328,1393,1,0.009170932
Warm C,305871,1820,1819,2328,1393,1,0.006129437
Warm C,290278,1733,1732,2328,1393,0,0.01765307
Warm C,303555,1803,1802,2328,1393,0,0.011849418
Warm C,281546,1688,1687,2328,1393,0,0.005932695
Warm C,279400,1680,1679,2328,1393,0,0.0068884287
Warm C,285808,1705,1704,2328,1393,0,0.004893274
Warm C,277019,1675,1674,2328,1393,0,0.01285241
Warm C,275580,1667,1666,2328,1393,0,0.01472051
Warm C,282669,1694,1693,2328,1393,0,0.0070722154
Warm C,271482,1641,1640,2328,1393,0,0.013995865
Warm C,267589,1626,1625,2328,1393,0,0.0060609034
Warm C,392260,2304,2303,2328,1393,1,0.0076921266
Warm C,251885,1524,1523,2328,1393,1,0.008021143
Warm C,247753,1496,1495,2328,1393,0,0.014845705
Warm C,224507,1357,1356,2328,1393,1,0.003021704
Warm C,221823,1341,1340,2328,1393,0,0.013316054
Warm C,221906,1342,1341,2328,1393,0,0.005156792
Warm C,214101,1300,1299,2328,1393,1,0.00861057
Warm C,277760,1676,1675,2328,1393,0,0.020499285
Warm C,273012,1647,1646,2328,1393,0,0.016136318
Warm C,350332,2056,2055,2328,1393,0,0.0066379355
Warm C,304946,1812,1811,2328,1393,1,0.018724076
Warm C,328245,1941,1940,2328,1393,0,0.008276473
Warm C,179150,1124,1123,2328,1393,0,0.008922174
Warm C,175027,1109,1108,2328,1393,0,0.010512807
Warm C,184029,1146,1145,2328,1393,0,0.006983009
Warm C,175577,1112,1111,2328,1393,0,0.02068241
Warm C,165643,1056,1055,2328,1393,1,0.021089364
Warm C,159308,1017,1016,2328,1393,1,-0.005251359
Warm C,158300,1015,1014,2328,1393,0,0.0070906184
Warm C,156952,1010,1009,2328,1393,0,0.014921956
Warm C,136105,880,879,2328,1393,0,0.013221069
Warm C,133873,868,867,2328,1393,1,-0.0054691695
Warm C,134348,869,868,2328,1393,1,0.0041094637
Warm C,133191,859,858,2328,1393,0,0.007071508
Warm C,138405,889,888,2328,1393,0,0.012395538
Warm C,125574,808,807,2328,1393,0,0.007317489
Warm C,124516,801,800,2328,1393,0,0.00046922814
Warm C,108042,710,709,2328,1393,0,0.010050403
Warm C,179636,1125,1124,2328,1393,0,0.006127052
Warm C,92770,621,620,2328,1393,1,0.016120173
Warm C,140718,904,903,2328,1393,0,0.008237525
Warm C,203134,1246,1245,2328,1393,0,0.020509526
Warm C,291467,1737,1736,2328,1393,1,0.0036192043
Warm C,81734,543,542,2328,1393,1,0.012625795
Warm C,82518,548,547,2328,1393,0,5.88079e-05
Warm C,108737,712,711,2328,1393,0,0.016887074
Warm C,74889,509,508,2328,1393,0,0.0112774
Warm C,47886,321,320,2328,1393,0,0.008564942
Warm C,41143,278,277,2328,1393,1,0.005741409
Warm C,697446,4169,4168,2328,1393,0,0.015954461
Warm C,38188,261,260,2328,1393,1,0.022405444
Warm C,36252,245,244,2328,1393,0,0.0121991895
Warm C,29617,202,201,2328,1393,0,0.011282913
Warm C,192731,1186,1185,2328,1393,1,0.010954301
Warm C,22342,163,162,2328,1393,0,0.011843524
Warm C,14374,117,116,2328,1393,1,0.0053254627
Warm C,7524,53,52,2328,1393,0,0.008691497
Warm C,198437,1219,1218,2328,1393,1,0.006406636
Warm C,27917,195,194,2328,1393,1,0.011946165
Warm C,609193,3693,3692,2328,1393,0,0.0173646
Warm C,164631,1051,1050,2328,1393,0,0.01192902
Warm C,237984,1447,1446,2328,1393,0,0.019203011
Warm C,23523,169,168,2328,1393,0,0.008616529
Warm C,63042,424,423,2328,1393,0,0.015862275
Warm C,162947,1040,1039,2330,1395,1,-0.0018078177
Warm C,167907,1068,1067,2330,1395,1,0.0064295437
Warm C,268012,1628,1627,2330,1395,1,0.0070012733
Warm C,185398,1150,1149,2330,1395,1,0.0042643193
Warm C,128329,830,829,2330,1395,1,0.00821775
Warm C,252185,1527,1526,2330,1395,1,-0.009029792
Warm C,100572,671,670,2330,1395,1,0.0059243757
Warm C,201608,1242,1241,2330,1395,1,-0.0010421919
Warm C,82087,544,543,2330,1395,1,-0.0035552825
Warm C,74896,509,508,2330,1395,1,-0.010763211
Warm C,59899,408,407,2330,1395,1,0.002969689
Warm C,501344,3080,3079,2330,1395,0,0.0032239198
Warm C,48786,327,326,2330,1395,1,0.011806468
Warm C,37844,259,258,2330,1395,0,0.0101175485
Warm C,34623,235,234,2330,1395,1,0.0047989003
Warm C,21930,161,160,2330,1395,1,0.0004271944
Warm C,33350,225,224,2330,1395,1,0.0050528916
Warm C,452521,2786,2785,2330,1395,1,0.009667854
Warm C,772117,4602,4601,2330,1395,0,0.0064448034
Warm C,539375,3317,3316,2330,1395,1,0.0072302455
Warm C,844346,5074,5073,2330,1395,1,0.00809049
Warm C,943628,5689,5688,2330,1395,0,0.0041416436
Warm C,583504,3562,3561,2330,1395,1,0.015297636
Warm C,45798,308,307,2330,1395,1,0.015644986
Warm C,893361,5394,5393,2330,1395,1,0.011277076
Warm C,93337,624,623,2330,1395,1,0.0098604765
Warm C,778254,4647,4646,2330,1395,0,0.013315465
Warm C,489020,3011,3010,2330,1395,1,0.0045967586
Warm C,261807,1599,1598,2330,1395,1,0.013704317
Warm C,825773,4958,4957,2330,1395,1,-0.0009024327
Warm C,290287,1733,1732,2330,1395,1,0.007617649
Warm C,974641,5878,5877,2330,1395,0,0.0052581024
Warm C,678590,4064,4063,2331,1396,0,0.023770647
Warm C,713943,4277,4276,2331,1396,1,0.009381595
Warm C,661324,3988,3987,2331,1396,0,0.013631247
Warm C,648611,3907,3906,2331,1396,0,0.007943716
Warm C,639163,3842,3841,2331,1396,0,0.008131854
Warm C,636961,3836,3835,2331,1396,1,0.006522102
Warm C,625337,3779,3778,2331,1396,0,0.010662113
Warm C,611165,3705,3704,2331,1396,0,0.01970786
Warm C,604299,3675,3674,2331,1396,0,0.020378798
Warm C,585126,3572,3571,2331,1396,0,0.014823733
Warm C,580941,3547,3546,2331,1396,0,0.006273045
Warm C,579436,3539,3538,2331,1396,1,0.017165998
Warm C,573920,3513,3512,2331,1396,1,0.018163517
Warm C,569940,3497,3496,2331,1396,1,0.009783271
Warm C,575400,3519,3518,2331,1396,1,0.0226401
Warm C,527480,3261,3260,2331,1396,1,0.019447703
Warm C,525297,3243,3242,2331,1396,0,0.012074489
Warm C,522656,3224,3223,2331,1396,1,0.007290429
Warm C,512927,3163,3162,2331,1396,1,0.032579836
Warm C,574802,3518,3517,2331,1396,1,0.016650224
Warm C,503647,3095,3094,2331,1396,0,0.01551189
Warm C,499497,3067,3066,2331,1396,0,0.0123364
Warm C,490311,3017,3016,2331,1396,1,0.006649022
Warm C,474727,2913,2912,2331,1396,0,0.019771717
Warm C,465386,2870,2869,2331,1396,0,0.013253421
Warm C,464644,2863,2862,2331,1396,1,0.0048940233
Warm C,458021,2820,2819,2331,1396,1,0.012375028
Warm C,448008,2761,2760,2331,1396,1,0.019982446
Warm C,444698,2743,2742,2331,1396,1,0.0013047113
Warm C,446444,2752,2751,2331,1396,0,0.010719065
Warm C,564486,3471,3470,2331,1396,0,0.014915405
Warm C,435584,2663,2662,2331,1396,0,0.002273204
Warm C,408273,2453,2452,2331,1396,1,0.011087454
Warm C,395172,2334,2333,2331,1396,0,0.005992545
Warm C,393123,2309,2308,2331,1396,0,0.0010226485
Warm C,390042,2288,2287,2331,1396,0,0.009160867
Warm C,382316,2233,2232,2331,1396,0,0.004212874
Warm C,379528,2219,2218,2331,1396,0,0.019698137
Warm C,372300,2174,2173,2331,1396,1,0.007840179
Warm C,358910,2100,2099,2331,1396,0,0.011738259
Warm C,339683,2002,2001,2331,1396,1,0.011759814
Warm C,336016,1980,1979,2331,1396,1,0.019535655
Warm C,315327,1880,1879,2331,1396,0,0.01381884
Warm C,304956,1812,1811,2331,1396,1,0.009282933
Warm C,292370,1741,1740,2331,1396,1,0.0063373847
Warm C,285964,1706,1705,2331,1396,1,0.011192011
Warm C,244980,1475,1474,2331,1396,1,-0.0031716104
Warm C,231983,1407,1406,2331,1396,0,0.009553236
Warm C,357521,2092,2091,2331,1396,0,0.007346173
Warm C,222411,1345,1344,2331,1396,1,0.009608521
Warm C,289375,1727,1726,2331,1396,1,0.0012445372
Warm C,296827,1759,1758,2331,1396,0,0.021924563
Warm C,208826,1274,1273,2331,1396,1,0.008955979
Warm C,202546,1244,1243,2331,1396,0,0.011446463
Warm C,321908,1911,1910,2331,1396,0,-0.0061303894
Warm C,188615,1170,1169,2331,1396,0,0.017115578
Warm C,185399,1150,1149,2331,1396,0,0.015049123
Warm C,174843,1107,1106,2331,1396,0,0.020245526
Warm C,188251,1168,1167,2331,1396,1,0.014637311
Warm C,169118,1073,1072,2331,1396,0,0.01720579
Warm C,167312,1065,1064,2331,1396,0,0.011883823
Warm C,163880,1050,1049,2331,1396,0,0.01441871
Warm C,167908,1068,1067,2331,1396,0,0.01899904
Warm C,153689,987,986,2331,1396,1,0.006378322
Warm C,151632,975,974,2331,1396,0,0.010696338
Warm C,150632,970,969,2331,1396,0,0.016647745
Warm C,147762,952,951,2331,1396,1,0.006925073
Warm C,144955,934,933,2331,1396,0,0.010539166
Warm C,143900,928,927,2331,1396,0,0.010154168
Warm C,131955,854,853,2331,1396,0,0.007683256
Warm C,332703,1962,1961,2331,1396,0,0.007230254
Warm C,111507,726,725,2331,1396,1,0.007291749
Warm C,111320,724,723,2331,1396,0,0.009062157
Warm C,112526,731,730,2331,1396,1,0.014398104
Warm C,306219,1824,1823,2331,1396,1,0.010955511
Warm C,240180,1449,1448,2331,1396,0,0.021283723
Warm C,110878,721,720,2331,1396,0,0.0123129515
Warm C,697457,4169,4168,2331,1396,0,0.014284377
Warm C,85607,558,557,2331,1396,0,0.008455659
Warm C,191060,1181,1180,2331,1396,0,0.013936052
Warm C,239027,1448,1447,2331,1396,1,0.008965756
Warm C,319397,1897,1896,2331,1396,1,0.012135129
Warm C,84261,550,549,2331,1396,1,0.018351682
Warm C,77609,524,523,2331,1396,1,0.026944855
Warm C,59070,402,401,2331,1396,0,0.00629842
Warm C,155371,1001,1000,2331,1396,1,0.008218357
Warm C,61159,412,411,2331,1396,1,0.0035197109
Warm C,58477,396,395,2331,1396,0,0.018659092
Warm C,228331,1383,1382,2331,1396,0,0.009744674
Warm C,49970,331,330,2331,1396,1,0.008853875
Warm C,78508,528,527,2331,1396,0,0.01022937
Warm C,132526,855,854,2331,1396,0,0.010386652
Warm C,47270,319,318,2331,1396,0,0.009816442
Warm C,49206,329,328,2331,1396,1,0.018331869
Warm C,312914,1865,1864,2331,1396,1,0.0034894133
Warm C,31836,216,215,2331,1396,0,0.010565478
Warm C,60547,411,410,2331,1396,0,0.015285352
Warm C,337074,1983,1982,2331,1396,0,0.019645957
Warm C,21229,156,155,2331,1396,1,0.012071582
Warm C,9154,62,61,2331,1396,1,0.000617404
Warm C,6313,45,44,2331,1396,0,-0.003008448
Warm C,4917,35,34,2331,1396,0,0.006665917
Warm C,79469,531,530,2331,1396,0,0.018637372
Warm C,330745,1952,1951,2331,1396,0,0.016545892
Warm C,20645,151,150,2331,1396,1,0.0037244754
Warm C,143688,927,926,2331,1396,0,0.0057996945
Warm C,860330,5172,5171,2331,1396,0,0.011885852
Warm C,485108,2986,2985,2331,1396,0,0.017324116
Warm C,964508,5812,5811,2331,1396,0,0.006996334
Warm C,873864,5276,5275,2331,1396,0,-0.0053804293
Warm C,309648,1842,1841,2331,1396,1,0.003912656
Warm C,11549,90,89,2331,1396,0,0.010250244
Warm C,609201,3693,3692,2331,1396,0,0.00083041214
Warm C,179644,1125,1124,2331,1396,1,0.010822079
Warm C,223594,1354,1353,2331,1396,0,0.010713754
Warm C,413773,2489,2488,2331,1396,0,0.013438876
Warm C,187678,1164,1163,2331,1396,1,0.007318567
Warm C,375898,2190,2189,2331,1396,1,0.008208303
Warm C,235037,1425,1424,2331,1396,1,0.003394927
Warm C,464723,2864,2863,2337,1401,0,0.0024855712
Warm C,438621,2680,2679,2337,1401,0,0.011230418
Warm C,439424,2684,2683,2337,1401,0,-0.002077083
Warm C,426242,2589,2588,2337,1401,0,-0.0041624457
Warm C,416680,2507,2506,2337,1401,1,0.014104426
Warm C,409234,2456,2455,2337,1401,1,0.0024295244
Warm C,464207,2860,2859,2337,1401,1,0.017522532
Warm C,363116,2116,2115,2337,1401,0,0.016018715
Warm C,351971,2063,2062,2337,1401,0,0.015272866
Warm C,294660,1750,1749,2337,1401,1,-0.0027245632
Warm C,294352,1749,1748,2337,1401,1,0.015329853
Warm C,281548,1688,1687,2337,1401,0,0.008806529
Warm C,274422,1658,1657,2337,1401,0,0.005068834
Warm C,310140,1845,1844,2337,1401,0,-0.0021796522
Warm C,279422,1680,1679,2337,1401,1,0.0062818862
Warm C,280883,1685,1684,2337,1401,1,0.011843655
Warm C,264171,1607,1606,2337,1401,0,0.009305076
Warm C,244883,1474,1473,2337,1401,1,-0.0019212142
Warm C,242187,1460,1459,2337,1401,1,0.009356627
Warm C,631637,3821,3820,2337,1401,0,0.0034681452
Warm C,224207,1356,1355,2337,1401,1,0.0066544777
Warm C,211594,1286,1285,2337,1401,1,-0.0027354765
Warm C,204053,1255,1254,2337,1401,0,-0.0038636422
Warm C,185402,1150,1149,2337,1401,0,0.0058634393
Warm C,263410,1605,1604,2337,1401,1,0.011409989
Warm C,168504,1069,1068,2337,1401,1,-0.00057342835
Warm C,270446,1636,1635,2337,1401,0,0.0074086
Warm C,152135,978,977,2337,1401,1,0.005793582
Warm C,146479,944,943,2337,1401,1,0.0019420786
Warm C,124522,801,800,2337,1401,1,0.005815079
Warm C,107341,706,705,2337,1401,1,-0.005245343
Warm C,100880,673,672,2337,1401,1,-0.0030446146
Warm C,177012,1117,1116,2337,1401,1,0.0062850993
Warm C,90695,601,600,2337,1401,0,-0.005924214
Warm C,239031,1448,1447,2337,1401,0,0.011296872
Warm C,360866,2106,2105,2337,1401,0,0.004155971
Warm C,34627,235,234,2337,1401,0,0.0059586214
Warm C,26285,187,186,2337,1401,1,0.012443326
Warm C,23017,166,165,2337,1401,1,0.0145422565
Warm C,18439,145,144,2337,1401,0,-0.0012209264
Warm C,152488,981,980,2337,1401,0,0.008433657
Warm C,17429,136,135,2337,1401,1,-0.004955507
Warm C,9533,63,62,2337,1401,0,0.008496115
Warm C,259,5,4,2337,1401,1,0.00932423
Warm C,223598,1354,1353,2337,1401,0,0.0067898035
Warm C,686561,4107,4106,2337,1401,1,0.011867914
Warm C,158317,1015,1014,2337,1401,0,-0.0026451745
Warm C,893365,5394,5393,2337,1401,1,0.012621069
Warm C,129473,839,838,2337,1401,1,0.0063071297
Warm C,844349,5074,5073,2337,1401,0,0.002382718
Warm C,460732,2841,2840,2337,1401,0,0.014398162
Warm C,102350,678,677,2337,1401,0,0.013805553
Warm C,772955,4607,4606,2337,1401,0,0.012402149
Warm C,511892,3158,3157,2337,1401,1,0.0046315817
Warm C,187680,1164,1163,2337,1401,0,0.0040507093
Warm C,67483,453,452,2337,1401,1,0.0059664543
Warm C,287755,1717,1716,2337,1401,0,0.002352639
Warm C,451788,2781,2780,2337,1401,0,0.0017613845
Warm C,479770,2944,2943,2337,1401,0,0.0048454124
Warm C,252553,1530,1529,2337,1401,0,0.010422179
Warm C,371723,2172,2171,2337,1401,0,0.016295213
Warm C,235041,1425,1424,2337,1401,1,0.004138318
Warm C,535043,3301,3300,2337,1401,1,-0.0026423107
Warm C,208828,1274,1273,2337,1401,0,-0.0001580012
Warm C,96627,648,647,2337,1401,1,0.009368399
Warm C,13116,102,101,2337,1401,0,0.02044531
Warm C,279446,1680,1679,2347,1406,1,-0.00067538605
Warm C,248121,1497,1496,2347,1406,1,0.009144245
Warm C,244704,1473,1472,2347,1406,1,-0.0012923664
Warm C,283224,1696,1695,2347,1406,0,0.015187924
Warm C,241289,1451,1450,2347,1406,1,-0.0029958216
Warm C,337494,1984,1983,2347,1406,0,-0.0021270826
Warm C,220686,1338,1337,2347,1406,1,-0.0065725297
Warm C,713957,4277,4276,2347,1406,1,0.0075352597
Warm C,240200,1449,1448,2347,1406,1,-0.0036819458
Warm C,97881,655,654,2347,1406,0,-0.006885696
Warm C,108069,710,709,2347,1406,1,0.0029356238
Warm C,480189,2946,2945,2347,1406,0,-0.0091278795
Warm C,115441,749,748,2347,1406,1,-0.005595928
Warm C,228347,1383,1382,2347,1406,1,0.01074589
Warm C,87913,577,576,2347,1406,1,-0.0018074715
Warm C,394237,2323,2322,2347,1406,0,0.007402709
Warm C,239051,1448,1447,2347,1406,1,0.0073067043
Warm C,234173,1422,1421,2347,1406,0,-0.00470159
Warm C,86694,566,565,2347,1406,0,0.00682652
Warm C,68367,458,457,2347,1406,1,0.010859389
Warm C,61185,412,411,2347,1406,0,-0.0037022342
Warm C,211061,1285,1284,2347,1406,1,-0.002985088
Warm C,53541,352,351,2347,1406,1,0.011395663
Warm C,37549,256,255,2347,1406,1,0.010121646
Warm C,15456,123,122,2347,1406,0,-0.0034679929
Warm C,11368,87,86,2347,1406,0,9.481702e-05
Warm C,485121,2986,2985,2347,1406,0,-0.0006379178
Warm C,229664,1390,1389,2347,1406,1,0.005361866
Warm C,633363,3824,3823,2347,1406,1,-0.00059245573
Warm C,298128,1767,1766,2347,1406,0,0.010148071
Warm C,156979,1010,1009,2347,1406,0,0.0039173686
Warm C,996603,6016,6015,2347,1406,0,0.0051730326
Warm C,565641,3475,3474,2347,1406,1,0.0024914853
Warm C,908360,5493,5492,2347,1406,1,0.009479806
Warm C,821723,4940,4939,2347,1406,0,-0.0032493984
Warm C,769308,4580,4579,2349,1408,1,0.006528762
Warm C,593982,3618,3617,2349,1408,0,0.0065471223
Warm C,589623,3596,3595,2349,1408,1,0.0111176595
Warm C,576214,3521,3520,2349,1408,0,0.008342396
Warm C,580559,3546,3545,2349,1408,1,0.0060744393
Warm C,554028,3410,3409,2349,1408,0,0.0060087848
Warm C,547991,3380,3379,2349,1408,0,0.0147126485
Warm C,534729,3300,3299,2349,1408,0,0.005821389
Warm C,522677,3224,3223,2349,1408,1,0.015420331
Warm C,513936,3171,3170,2349,1408,1,-0.0036681392
Warm C,506760,3118,3117,2349,1408,1,0.016095754
Warm C,485122,2986,2985,2349,1408,1,0.016224407
Warm C,476817,2928,2927,2349,1408,0,0.019968696
Warm C,697484,4169,4168,2349,1408,1,0.015211925
Warm C,474737,2913,2912,2349,1408,1,0.011859108
Warm C,458039,2820,2819,2349,1408,0,0.00515962
Warm C,455873,2807,2806,2349,1408,0,0.0061031943
Warm C,453832,2793,2792,2349,1408,1,0.01465185
Warm C,446453,2752,2751,2349,1408,1,0.0059058648
Warm C,446896,2753,2752,2349,1408,1,0.008563373
Warm C,437764,2674,2673,2349,1408,1,0.00020236813
Warm C,428401,2606,2605,2349,1408,1,0.008285156
Warm C,432167,2634,2633,2349,1408,1,0.010002286
Warm C,419826,2537,2536,2349,1408,0,0.014091537
Warm C,403141,2407,2406,2349,1408,1,0.00962642
Warm C,402373,2402,2401,2349,1408,1,0.004571857
Warm C,397877,2361,2360,2349,1408,1,0.0021407523
Warm C,428604,2608,2607,2349,1408,1,0.0012381775
Warm C,394947,2333,2332,2349,1408,1,0.00090370956
Warm C,389010,2279,2278,2349,1408,0,0.004011977
Warm C,381691,2231,2230,2349,1408,0,0.018091196
Warm C,371308,2170,2169,2349,1408,1,0.012060082
Warm C,358100,2096,2095,2349,1408,0,0.0017175721
Warm C,346890,2034,2033,2349,1408,1,0.01702207
Warm C,325456,1926,1925,2349,1408,1,0.009136186
Warm C,320169,1899,1898,2349,1408,1,0.0068081506
Warm C,323207,1916,1915,2349,1408,0,0.014079982
Warm C,324991,1925,1924,2349,1408,1,-0.0007630342
Warm C,316884,1884,1883,2349,1408,1,0.007828938
Warm C,295305,1753,1752,2349,1408,1,-0.0030061686
Warm C,284275,1698,1697,2349,1408,0,0.0038821723
Warm C,285971,1706,1705,2349,1408,0,0.009456463
Warm C,280891,1685,1684,2349,1408,1,0.010714892
Warm C,284879,1699,1698,2349,1408,1,0.014197079
Warm C,287171,1714,1713,2349,1408,1,0.0062136482
Warm C,279449,1680,1679,2349,1408,1,0.01081501
Warm C,260127,1591,1590,2349,1408,1,0.0047552045
Warm C,246361,1489,1488,2349,1408,0,0.0036497219
Warm C,231685,1404,1403,2349,1408,1,-0.0034877309
Warm C,357538,2092,2091,2349,1408,1,0.01750492
Warm C,217751,1321,1320,2349,1408,0,0.012602919
Warm C,208336,1273,1272,2349,1408,1,0.008225635
Warm C,220401,1335,1334,2349,1408,0,0.00406303
Warm C,294357,1749,1748,2349,1408,0,0.006652749
Warm C,338200,1988,1987,2349,1408,0,0.012492409
Warm C,190039,1179,1178,2349,1408,0,0.01665651
Warm C,307520,1835,1834,2349,1408,0,0.009307004
Warm C,199509,1224,1223,2349,1408,1,0.0146383075
Warm C,293819,1748,1747,2349,1408,1,0.015576292
Warm C,191088,1181,1180,2349,1408,0,0.012781535
Warm C,158337,1015,1014,2349,1408,1,0.0065865777
Warm C,185425,1150,1149,2349,1408,0,0.0070860535
Warm C,217131,1317,1316,2349,1408,1,0.014083104
Warm C,148347,955,954,2349,1408,1,0.0055769216
Warm C,260870,1594,1593,2349,1408,0,0.0042922306
Warm C,138446,889,888,2349,1408,1,0.009493361
Warm C,131214,850,849,2349,1408,1,-0.0047421223
Warm C,374848,2185,2184,2349,1408,1,0.003550822
Warm C,298129,1767,1766,2349,1408,0,0.004605854
Warm C,211063,1285,1284,2349,1408,1,0.018324593
Warm C,324478,1922,1921,2349,1408,1,0.0036952707
Warm C,112545,731,730,2349,1408,1,0.008023466
Warm C,106817,702,701,2349,1408,1,0.007997937
Warm C,240202,1449,1448,2349,1408,0,0.002632333
Warm C,314138,1875,1874,2349,1408,1,0.016610608
Warm C,222112,1343,1342,2349,1408,1,0.00637314
Warm C,89307,588,587,2349,1408,1,0.006357461
Warm C,83245,549,548,2349,1408,0,0.004325415
Warm C,84277,550,549,2349,1408,1,0.0026611355
Warm C,77630,524,523,2349,1408,1,3.8486905e-06
Warm C,93997,630,629,2349,1408,1,0.01059876
Warm C,33372,225,224,2349,1408,0,0.0013395401
Warm C,30803,205,204,2349,1408,0,0.015114145
Warm C,91977,611,610,2349,1408,1,-0.0010139747
Warm C,21943,161,160,2349,1408,1,0.003167258
Warm C,21480,157,156,2349,1408,1,0.013211215
Warm C,916920,5539,5538,2349,1408,0,0.0117540555
Warm C,73489,498,497,2349,1408,0,-0.0027871344
Warm C,7568,53,52,2349,1408,1,0.006720383
Warm C,481895,2962,2961,2349,1408,0,-0.0015467526
Warm C,105182,696,695,2349,1408,0,0.015452087
Warm C,546117,3367,3366,2349,1408,1,0.002831182
Warm C,490321,3017,3016,2349,1408,0,0.0038305311
Warm C,431093,2627,2626,2349,1408,1,0.0056888545
Warm C,460742,2841,2840,2349,1408,0,0.008679411
Warm C,24261,173,172,2349,1408,0,0.004093614
Warm C,290303,1733,1732,2349,1408,1,0.0047867526
Warm C,633364,3824,3823,2349,1408,0,0.0051639117
Warm C,745414,4448,4447,2349,1408,1,0.005870858
Warm C,50003,331,330,2349,1408,1,0.0103364885
Warm C,208836,1274,1273,2349,1408,1,0.010559529
Warm C,249884,1505,1504,2349,1408,0,0.00528872
Warm C,271808,1643,1642,2349,1408,1,0.020917863
Warm C,319411,1897,1896,2349,1408,1,0.012265416
Warm C,34644,235,234,2349,1408,1,-0.0047702887
Warm C,821725,4940,4939,2349,1408,1,0.00650379
Warm C,488151,3002,3001,2349,1408,1,0.0023420514
Warm C,546119,3367,3366,2351,1409,1,0.013640573
Warm C,497278,3054,3053,2351,1409,1,0.010002688
Warm C,482761,2967,2966,2351,1409,1,0.011013746
Warm C,601651,3658,3657,2351,1409,1,0.011655096
Warm C,456708,2811,2810,2351,1409,1,0.006426984
Warm C,455875,2807,2806,2351,1409,1,0.012707592
Warm C,432168,2634,2633,2351,1409,1,0.02392169
Warm C,428606,2608,2607,2351,1409,1,0.0041140364
Warm C,368841,2156,2155,2351,1409,0,0.014017351
Warm C,364159,2121,2120,2351,1409,1,-0.0011724562
Warm C,323209,1916,1915,2351,1409,1,0.01127393
Warm C,292389,1741,1740,2351,1409,1,0.027298847
Warm C,279456,1680,1679,2351,1409,0,0.020039182
Warm C,294360,1749,1748,2351,1409,1,0.011428356
Warm C,237431,1446,1445,2351,1409,0,0.023328785
Warm C,283225,1696,1695,2351,1409,1,0.020851333
Warm C,309941,1843,1842,2351,1409,1,0.0046314737
Warm C,211065,1285,1284,2351,1409,1,0.021743234
Warm C,214928,1303,1302,2351,1409,1,0.012281089
Warm C,208338,1273,1272,2351,1409,1,0.012362991
Warm C,182826,1140,1139,2351,1409,0,0.010999522
Warm C,169377,1075,1074,2351,1409,1,-0.0033229284
Warm C,191092,1181,1180,2351,1409,1,0.025394697
Warm C,162696,1038,1037,2351,1409,1,0.010172458
Warm C,160186,1019,1018,2351,1409,1,0.007657768
Warm C,158341,1015,1014,2351,1409,1,0.020188728
Warm C,169604,1077,1076,2351,1409,1,0.004793462
Warm C,138451,889,888,2351,1409,1,0.02246888
Warm C,133451,862,861,2351,1409,1,0.02243634
Warm C,201623,1242,1241,2351,1409,1,0.013394469
Warm C,131217,850,849,2351,1409,1,0.00986522
Warm C,284278,1698,1697,2351,1409,1,0.017489951
Warm C,67047,451,450,2351,1409,1,0.009797288
Warm C,481897,2962,2961,2351,1409,0,0.015575118
Warm C,235053,1425,1424,2351,1409,1,0.013597893
Warm C,592036,3610,3609,2351,1409,0,0.00969989
Warm C,206957,1266,1265,2351,1409,1,0.024758082
Warm C,74326,507,506,2351,1409,0,-0.0009682481
Warm C,524426,3233,3232,2351,1409,1,0.007239212
Warm C,284880,1699,1698,2351,1409,1,0.012734689
Warm C,739568,4418,4417,2351,1409,0,0.0065326495
Warm C,208838,1274,1273,2351,1409,1,0.016928889
Warm C,841520,5054,5053,2351,1409,0,0.02232554
Warm C,24267,173,172,2351,1409,1,0.015089129
Warm C,508255,3128,3127,2351,1409,1,0.011977915
Warm C,290307,1733,1732,2351,1409,1,0.021083657
Warm C,322469,1912,1911,2351,1409,0,0.01758192
Warm C,59905,408,407,2351,1409,1,0.007358956
Warm C,223081,1352,1351,2351,1409,1,0.01292299
Warm C,769063,4579,4578,2351,1409,1,0.0052119666
Warm C,171772,1088,1087,2351,1409,0,0.020238288
Warm C,584750,3569,3568,2354,1412,0,0.02615164
Warm C,494261,3032,3031,2354,1412,1,0.0132275
Warm C,488708,3007,3006,2354,1412,0,0.004706298
Warm C,487585,2999,2998,2354,1412,0,0.0038519197
Warm C,498808,3065,3064,2354,1412,0,0.019824084
Warm C,478131,2934,2933,2354,1412,0,0.027863886
Warm C,646732,3892,3891,2354,1412,0,0.025365006
Warm C,445620,2748,2747,2354,1412,1,0.016309198
Warm C,423476,2566,2565,2354,1412,0,0.012398538
Warm C,423196,2565,2564,2354,1412,0,0.01613123
Warm C,419295,2533,2532,2354,1412,0,0.00857349
Warm C,418773,2529,2528,2354,1412,1,0.016933978
Warm C,409688,2457,2456,2354,1412,1,0.02353219
Warm C,400994,2389,2388,2354,1412,1,0.020393021
Warm C,399535,2378,2377,2354,1412,0,0.00852377
Warm C,373485,2180,2179,2354,1412,0,0.020193933
Warm C,367756,2147,2146,2354,1412,0,0.01784724
Warm C,361286,2108,2107,2354,1412,0,0.008940409
Warm C,361723,2109,2108,2354,1412,0,0.02188148
Warm C,351998,2063,2062,2354,1412,0,0.0283814
Warm C,345836,2029,2028,2354,1412,0,0.0066575725
Warm C,339790,2003,2002,2354,1412,1,0.008165302
Warm C,333914,1969,1968,2354,1412,1,0.0148658585
Warm C,321867,1910,1909,2354,1412,1,0.0061215144
Warm C,288121,1721,1720,2354,1412,0,0.010286315
Warm C,281314,1687,1686,2354,1412,0,0.016600166
Warm C,273043,1647,1646,2354,1412,1,0.031688783
Warm C,270026,1635,1634,2354,1412,1,0.030979294
Warm C,265860,1613,1612,2354,1412,0,0.028921323
Warm C,247343,1495,1494,2354,1412,0,0.00967239
Warm C,236415,1434,1433,2354,1412,1,0.015511606
Warm C,228955,1387,1386,2354,1412,0,0.020901643
Warm C,336049,1980,1979,2354,1412,0,0.027369328
Warm C,224216,1356,1355,2354,1412,0,0.00973525
Warm C,320173,1899,1898,2354,1412,0,0.024405943
Warm C,216230,1312,1311,2354,1412,0,0.01660408
Warm C,216445,1314,1313,2354,1412,0,-0.0014963757
Warm C,207772,1271,1270,2354,1412,1,0.021589179
Warm C,592039,3610,3609,2354,1412,0,0.014458858
Warm C,201170,1241,1240,2354,1412,1,0.0123142805
Warm C,261821,1599,1598,2354,1412,0,0.025468636
Warm C,193218,1193,1192,2354,1412,0,0.007976608
Warm C,248884,1501,1500,2354,1412,0,0.01756246
Warm C,272255,1645,1644,2354,1412,1,0.020528786
Warm C,342574,2015,2014,2354,1412,0,0.023020845
Warm C,165483,1054,1053,2354,1412,0,0.013456639
Warm C,149250,960,959,2354,1412,0,0.019937899
Warm C,139426,891,890,2354,1412,0,0.019329824
Warm C,133773,866,865,2354,1412,0,0.0065788357
Warm C,134375,869,868,2354,1412,0,0.022843868
Warm C,332716,1962,1961,2354,1412,0,0.016699342
Warm C,127315,822,821,2354,1412,1,0.016580783
Warm C,125762,809,808,2354,1412,0,0.006449351
Warm C,124278,800,799,2354,1412,1,0.033966098
Warm C,124952,802,801,2354,1412,1,0.015086957
Warm C,120471,777,776,2354,1412,0,0.015987145
Warm C,139210,890,889,2354,1412,0,0.006669483
Warm C,163300,1044,1043,2354,1412,1,0.0115474
Warm C,102936,681,680,2354,1412,1,0.013812445
Warm C,335192,1978,1977,2354,1412,0,0.022425229
Warm C,93826,629,628,2354,1412,0,-0.0006134367
Warm C,86161,563,562,2354,1412,0,0.020388763
Warm C,183261,1141,1140,2354,1412,0,0.021872342
Warm C,83251,549,548,2354,1412,1,0.018065408
Warm C,73129,494,493,2354,1412,1,0.010737425
Warm C,66850,449,448,2354,1412,0,0.002195938
Warm C,46407,310,309,2354,1412,1,0.015084766
Warm C,36854,246,245,2354,1412,1,0.016487062
Warm C,404033,2414,2413,2354,1412,1,0.015868679
Warm C,14058,114,113,2354,1412,0,0.001632303
Warm C,15006,119,118,2354,1412,1,0.0059188385
Warm C,10470,75,74,2354,1412,1,0.010308072
Warm C,79492,531,530,2354,1412,0,0.023124725
Warm C,45334,306,305,2354,1412,0,0.029534282
Warm C,109850,716,715,2354,1412,0,0.013629063
Warm C,178199,1120,1119,2354,1412,1,0.017370401
Warm C,489669,3013,3012,2354,1412,0,0.013320919
Warm C,562654,3462,3461,2354,1412,1,0.0038435091
Warm C,717100,4294,4293,2354,1412,0,0.0044954577
Warm C,171776,1088,1087,2354,1412,0,0.016838659
Warm C,924157,5580,5579,2354,1412,0,0.02554903
Warm C,265864,1613,1612,2356,1414,0,0.022668976
Warm C,223623,1354,1353,2356,1414,0,0.011139889
Warm C,217494,1318,1317,2356,1414,1,0.0074022487
Warm C,212969,1297,1296,2356,1414,0,0.011525006
Warm C,200762,1233,1232,2356,1414,0,0.010349408
Warm C,189021,1172,1171,2356,1414,0,0.012364358
Warm C,211070,1285,1284,2356,1414,1,0.020150006
Warm C,201624,1242,1241,2356,1414,0,0.01780839
Warm C,332719,1962,1961,2356,1414,0,0.009634718
Warm C,112551,731,730,2356,1414,1,0.014986118
Warm C,97888,655,654,2356,1414,0,0.008768701
Warm C,329406,1943,1942,2356,1414,0,0.023094049
Warm C,215588,1306,1305,2356,1414,1,0.01120075
Warm C,673311,4042,4041,2356,1414,0,0.016714878
Warm C,90701,601,600,2356,1414,1,0.008823752
Warm C,77637,524,523,2356,1414,1,0.028208861
Warm C,88865,587,586,2356,1414,0,0.012095658
Warm C,116331,752,751,2356,1414,0,0.025132822
Warm C,53565,352,351,2356,1414,1,0.018851945
Warm C,697492,4169,4168,2356,1414,0,0.023368077
Warm C,60593,411,410,2356,1414,0,0.013054225
Warm C,33385,225,224,2356,1414,0,0.022148537
Warm C,17448,136,135,2356,1414,1,0.010707267
Warm C,6358,45,44,2356,1414,0,0.012084249
Warm C,748049,4465,4464,2356,1414,0,0.005996726
Warm C,485127,2986,2985,2356,1414,0,0.022675943
Warm C,371033,2168,2167,2356,1414,0,0.019503105
Warm C,879398,5312,5311,2356,1414,0,0.020741807
Warm C,893377,5394,5393,2356,1414,1,0.016537458
Warm C,257750,1579,1578,2356,1414,0,0.009326723
Warm C,811427,4867,4866,2356,1414,1,0.012974691
Warm C,413235,2485,2484,2356,1414,0,0.009847293
Warm C,461556,2847,2846,2356,1414,1,0.01560461
Warm C,810421,4861,4860,2356,1414,1,0.012234482
Warm C,841523,5054,5053,2356,1414,0,0.012308385
Warm C,863425,5198,5197,2356,1414,0,0.01425195
Warm C,479508,2942,2941,2360,1417,0,0.013651456
Warm C,546124,3367,3366,2360,1417,1,0.01746333
Warm C,475556,2918,2917,2360,1417,1,0.012518971
Warm C,880160,5317,5316,2360,1417,1,0.015170885
Warm C,465712,2872,2871,2360,1417,1,0.031601824
Warm C,458950,2825,2824,2360,1417,1,0.0071397005
Warm C,571449,3504,3503,2360,1417,1,0.018998675
Warm C,416705,2507,2506,2360,1417,1,0.025270533
Warm C,368085,2149,2148,2360,1417,1,0.021744028
Warm C,342587,2015,2014,2360,1417,0,0.007976652
Warm C,321507,1905,1904,2360,1417,1,0.000120585086
Warm C,313343,1869,1868,2360,1417,1,0.011398263
Warm C,321054,1903,1902,2360,1417,1,0.010757933
Warm C,310323,1847,1846,2360,1417,1,0.0072224964
Warm C,290322,1733,1732,2360,1417,1,0.02124046
Warm C,269095,1632,1631,2360,1417,1,0.024124365
Warm C,262707,1602,1601,2360,1417,1,0.0076070526
Warm C,246905,1491,1490,2360,1417,1,0.02179525
Warm C,294365,1749,1748,2360,1417,1,0.0056347
Warm C,237197,1442,1441,2360,1417,1,0.017340036
Warm C,226691,1374,1373,2360,1417,1,0.012015191
Warm C,308099,1836,1835,2360,1417,0,0.022702519
Warm C,187695,1164,1163,2360,1417,1,0.016609073
Warm C,168536,1069,1068,2360,1417,1,0.01845752
Warm C,152494,981,980,2360,1417,1,0.028526638
Warm C,150082,966,965,2360,1417,1,0.019288644
Warm C,148785,957,956,2360,1417,1,0.008763615
Warm C,147769,952,951,2360,1417,1,0.0056981463
Warm C,138469,889,888,2360,1417,1,0.018186409
Warm C,131221,850,849,2360,1417,1,0.0142878955
Warm C,107349,706,705,2360,1417,0,0.006180358
Warm C,100894,673,672,2360,1417,1,0.0070375856
Warm C,97891,655,654,2360,1417,0,0.015810363
Warm C,90014,593,592,2360,1417,1,0.00943921
Warm C,889334,5367,5366,2360,1417,1,0.014207372
Warm C,45850,308,307,2360,1417,1,0.022614036
Warm C,34661,235,234,2360,1417,1,0.014675444
Warm C,33392,225,224,2360,1417,1,0.023171479
Warm C,21953,161,160,2360,1417,1,0.008539133
Warm C,748051,4465,4464,2360,1417,1,0.0030406653
Warm C,17922,138,137,2360,1417,1,0.010637939
Warm C,24279,173,172,2360,1417,1,0.009678783
Warm C,23589,169,168,2360,1417,0,0.024336215
Warm C,261213,1597,1596,2360,1417,1,0.017743291
Warm C,460751,2841,2840,2360,1417,1,0.015388487
Warm C,713975,4277,4276,2360,1417,1,0.03348406
Warm C,28010,195,194,2360,1417,1,0.02345048
Warm C,548717,3387,3386,2360,1417,1,0.0147127975
Warm C,19889,149,148,2360,1417,1,0.018622879
Warm C,232567,1413,1412,2360,1417,1,0.012288166
Warm C,485135,2986,2985,2360,1417,0,0.03407389
Warm C,497288,3054,3053,2360,1417,1,0.018729161
Warm C,223083,1352,1351,2360,1417,1,0.014988435
Warm C,27525,193,192,2360,1417,1,0.01784361
Warm C,116344,752,751,2360,1417,1,0.02640701
Warm C,322481,1912,1911,2360,1417,0,0.01650111
Warm C,511908,3158,3157,2360,1417,1,0.014833834
Warm C,604334,3675,3674,2361,1418,1,-0.00095555664
Warm C,726017,4344,4343,2361,1418,0,0.0018214206
Warm C,632047,3822,3821,2361,1418,0,-0.005129833
Warm C,587990,3589,3588,2361,1418,0,0.010103038
Warm C,586205,3578,3577,2361,1418,0,0.0012403784
Warm C,595276,3621,3620,2361,1418,0,0.00271647
Warm C,580566,3546,3545,2361,1418,0,0.003946597
Warm C,610645,3704,3703,2361,1418,1,0.004750784
Warm C,556103,3417,3416,2361,1418,1,-0.0031190615
Warm C,554035,3410,3409,2361,1418,1,-0.0058957804
Warm C,613656,3717,3716,2361,1418,1,-0.006374906
Warm C,547210,3374,3373,2361,1418,0,0.00315645
Warm C,540395,3323,3322,2361,1418,0,0.0015049791
Warm C,536097,3308,3307,2361,1418,1,-0.0030803215
Warm C,544118,3353,3352,2361,1418,1,0.005036131
Warm C,522699,3224,3223,2361,1418,1,0.000578247
Warm C,518248,3198,3197,2361,1418,1,-0.009058978
Warm C,527512,3261,3260,2361,1418,0,-0.005908182
Warm C,510470,3145,3144,2361,1418,1,-0.007359314
Warm C,508263,3128,3127,2361,1418,1,0.005861001
Warm C,571121,3503,3502,2361,1418,0,-0.0021959897
Warm C,500276,3072,3071,2361,1418,0,-0.008982573
Warm C,482773,2967,2966,2361,1418,1,0.005048278
Warm C,476820,2928,2927,2361,1418,0,0.0035136617
Warm C,475155,2916,2915,2361,1418,0,-0.00441047
Warm C,601654,3658,3657,2361,1418,1,-0.0012739918
Warm C,462641,2854,2853,2361,1418,1,0.0053631756
Warm C,459413,2829,2828,2361,1418,0,0.0082294075
Warm C,458052,2820,2819,2361,1418,1,-0.0029069725
Warm C,439621,2685,2684,2361,1418,0,-0.00051567564
Warm C,434457,2649,2648,2361,1418,0,-0.0072440444
Warm C,416708,2507,2506,2361,1418,1,-0.0047745574
Warm C,464222,2860,2859,2361,1418,1,-2.807565e-05
Warm C,381695,2231,2230,2361,1418,1,-0.0035525418
Warm C,394240,2323,2322,2361,1418,1,0.0015779855
Warm C,342034,2014,2013,2361,1418,1,0.0030004266
Warm C,325465,1926,1925,2361,1418,1,-0.0048202095
Warm C,298348,1768,1767,2361,1418,0,0.008911327
Warm C,290324,1733,1732,2361,1418,0,0.012171356
Warm C,285976,1706,1705,2361,1418,1,-0.004405431
Warm C,279478,1680,1679,2361,1418,1,-0.0026387367
Warm C,284884,1699,1698,2361,1418,0,0.0022295853
Warm C,281319,1687,1686,2361,1418,1,-0.0042140707
Warm C,274442,1658,1657,2361,1418,1,0.005323803
Warm C,280903,1685,1684,2361,1418,0,-0.0038098744
Warm C,269096,1632,1631,2361,1418,0,-0.00360758
Warm C,264180,1607,1606,2361,1418,0,-0.0037022864
Warm C,631660,3821,3820,2361,1418,0,0.0004016091
Warm C,336065,1980,1979,2361,1418,1,-0.0040026256
Warm C,312388,1861,1860,2361,1418,0,-0.0046861614
Warm C,220407,1335,1334,2361,1418,1,-0.001147435
Warm C,308101,1836,1835,2361,1418,0,-0.010412941
Warm C,321909,1911,1910,2361,1418,0,0.0052370103
Warm C,199111,1223,1222,2361,1418,1,0.0014085302
Warm C,188093,1167,1166,2361,1418,0,0.001411831
Warm C,190041,1179,1178,2361,1418,0,-0.0023352026
Warm C,182829,1140,1139,2361,1418,0,-0.0055740066
Warm C,173726,1100,1099,2361,1418,1,0.0010898025
Warm C,157526,1013,1012,2361,1418,0,0.0008176053
Warm C,158359,1015,1014,2361,1418,0,0.0043239845
Warm C,337093,1983,1982,2361,1418,1,-0.004671257
Warm C,185447,1150,1149,2361,1418,0,0.0016778412
Warm C,142454,919,918,2361,1418,1,-0.00074281683
Warm C,217148,1317,1316,2361,1418,1,-0.0014290907
Warm C,260873,1594,1593,2361,1418,0,-0.00083553407
Warm C,140298,899,898,2361,1418,0,0.0010434199
Warm C,138473,889,888,2361,1418,0,0.00497733
Warm C,131223,850,849,2361,1418,1,-0.0024769078
Warm C,160197,1019,1018,2361,1418,0,-0.0020187302
Warm C,112565,731,730,2361,1418,0,-0.00066347606
Warm C,284294,1698,1697,2361,1418,1,-0.004042289
Warm C,90707,601,600,2361,1418,1,0.0010198848
Warm C,99586,664,663,2361,1418,1,0.001049446
Warm C,75571,514,513,2361,1418,0,-0.0049487287
Warm C,116346,752,751,2361,1418,0,-0.003326735
Warm C,63719,425,424,2361,1418,0,0.00071650883
Warm C,57118,386,385,2361,1418,0,0.0053729117
Warm C,240224,1449,1448,2361,1418,1,-0.004788226
Warm C,211081,1285,1284,2361,1418,0,0.00047467905
Warm C,363156,2116,2115,2361,1418,0,0.001015013
Warm C,31924,216,215,2361,1418,0,0.0022294698
Warm C,27527,193,192,2361,1418,0,0.0012713629
Warm C,18058,139,138,2361,1418,1,0.0074163005
Warm C,17453,136,135,2361,1418,1,-0.0026217136
Warm C,16838,132,131,2361,1418,0,-0.007023166
Warm C,24864,175,174,2361,1418,0,0.00579991
Warm C,21495,157,156,2361,1418,0,-0.011510646
Warm C,713977,4277,4276,2361,1418,1,0.0021844928
Warm C,467372,2880,2879,2361,1418,1,0.0025975762
Warm C,294956,1752,1751,2361,1418,1,0.0017790175
Warm C,924161,5580,5579,2361,1418,1,-0.012114213
Warm C,50600,333,332,2361,1418,0,0.010650986
Warm C,130553,846,845,2361,1418,1,0.00029669562
Warm C,745427,4448,4447,2361,1418,1,0.005256015
Warm C,310746,1851,1850,2361,1418,0,-0.0013121299
Warm C,821728,4940,4939,2361,1418,1,0.010793346
Warm C,555054,3413,3412,2361,1418,0,-0.00061151956
Warm C,748331,4467,4466,2361,1418,1,-0.005762314
Warm C,529177,3271,3270,2364,1420,0,0.005343979
Warm C,525102,3242,3241,2364,1420,0,0.005188619
Warm C,514572,3178,3177,2364,1420,1,0.0028810557
Warm C,494274,3032,3031,2364,1420,1,0.010957868
Warm C,463399,2857,2856,2364,1420,0,0.0120177185
Warm C,434458,2649,2648,2364,1420,0,0.011743743
Warm C,418135,2526,2525,2364,1420,0,0.0032553577
Warm C,408954,2455,2454,2364,1420,0,0.0012022443
Warm C,406998,2445,2444,2364,1420,0,-0.005129447
Warm C,402380,2402,2401,2364,1420,0,0.0022809952
Warm C,392304,2304,2303,2364,1420,0,0.0049665924
Warm C,370746,2167,2166,2364,1420,0,-0.0039536655
Warm C,374186,2181,2180,2364,1420,0,0.01797044
Warm C,342592,2015,2014,2364,1420,0,0.0069277477
Warm C,311581,1856,1855,2364,1420,1,0.003903884
Warm C,297080,1761,1760,2364,1420,1,0.008131394
Warm C,300426,1780,1779,2364,1420,0,0.013646212
Warm C,292398,1741,1740,2364,1420,1,0.0039352854
Warm C,288941,1726,1725,2364,1420,1,-0.0022429617
Warm C,277039,1675,1674,2364,1420,0,0.002368521
Warm C,265164,1611,1610,2364,1420,1,0.007949831
Warm C,261413,1598,1597,2364,1420,0,0.0058072405
Warm C,244708,1473,1472,2364,1420,0,0.010028164
Warm C,242872,1465,1464,2364,1420,0,0.013716884
Warm C,336067,1980,1979,2364,1420,0,0.008250073
Warm C,273055,1647,1646,2364,1420,0,0.012148136
Warm C,279482,1680,1679,2364,1420,1,0.01700982
Warm C,307534,1835,1834,2364,1420,1,0.01816974
Warm C,276665,1673,1672,2364,1420,0,0.004249948
Warm C,170559,1086,1085,2364,1420,1,0.017005682
Warm C,275605,1667,1666,2364,1420,0,0.0056348615
Warm C,133034,858,857,2364,1420,1,0.0022594617
Warm C,123927,798,797,2364,1420,0,0.012302671
Warm C,107191,705,704,2364,1420,0,0.01983237
Warm C,97095,651,650,2364,1420,0,0.0057143457
Warm C,152317,980,979,2364,1420,0,0.003952281
Warm C,352019,2063,2062,2364,1420,0,0.011983372
Warm C,713980,4277,4276,2364,1420,0,0.010291917
Warm C,86169,563,562,2364,1420,0,0.007959283
Warm C,84298,550,549,2364,1420,0,0.009551702
Warm C,70462,475,474,2364,1420,1,0.0050276876
Warm C,70833,476,475,2364,1420,1,-0.0022166083
Warm C,72147,482,481,2364,1420,0,0.013894069
Warm C,440166,2691,2690,2364,1420,0,0.0038491422
Warm C,26124,186,185,2364,1420,1,0.002159757
Warm C,270040,1635,1634,2364,1420,1,0.015159132
Warm C,14415,117,116,2364,1420,0,0.008575789
Warm C,11911,92,91,2364,1420,0,0.016249869
Warm C,8414,58,57,2364,1420,1,0.00984906
Warm C,530297,3274,3273,2364,1420,0,0.0009875376
Warm C,174220,1101,1100,2364,1420,0,0.014106527
Warm C,626879,3792,3791,2364,1420,0,0.01856392
Warm C,967407,5831,5830,2364,1420,0,0.023440745
Warm C,328313,1941,1940,2364,1420,0,0.009863539
Warm C,596685,3626,3625,2364,1420,0,0.0034756113
Warm C,633377,3824,3823,2364,1420,0,0.010427271
Warm C,489678,3013,3012,2364,1420,0,0.0055182423
Warm C,136693,881,880,2364,1420,0,0.009457049
Warm C,63084,424,423,2364,1420,0,0.014234209
Warm C,879403,5312,5311,2364,1420,1,0.013649574
Warm C,718966,4305,4304,2364,1420,0,0.013131024
Warm C,621262,3762,3761,2365,1421,0,0.011092396
Warm C,623442,3771,3770,2365,1421,0,0.015899338
Warm C,602108,3662,3661,2365,1421,0,0.00837102
Warm C,598881,3646,3645,2365,1421,0,0.010130711
Warm C,595279,3621,3620,2365,1421,0,0.014281508
Warm C,586467,3579,3578,2365,1421,1,0.015361781
Warm C,728482,4354,4353,2365,1421,1,0.016506037
Warm C,572647,3508,3507,2365,1421,1,-0.0056084557
Warm C,657153,3961,3960,2365,1421,0,0.002692426
Warm C,566331,3476,3475,2365,1421,0,0.005269123
Warm C,509856,3140,3139,2365,1421,0,0.0023092548
Warm C,494277,3032,3031,2365,1421,1,0.013837266
Warm C,697512,4169,4168,2365,1421,0,0.023212692
Warm C,475956,2921,2920,2365,1421,0,0.003605335
Warm C,472687,2907,2906,2365,1421,0,0.018866442
Warm C,463401,2857,2856,2365,1421,0,0.01596171
Warm C,457122,2816,2815,2365,1421,0,0.019058464
Warm C,411079,2466,2465,2365,1421,0,0.0035997843
Warm C,407000,2445,2444,2365,1421,1,-0.0021898986
Warm C,402382,2402,2401,2365,1421,0,-0.0048881713
Warm C,389013,2279,2278,2365,1421,0,0.006848625
Warm C,373491,2180,2179,2365,1421,0,0.015868941
Warm C,370747,2167,2166,2365,1421,0,0.005178732
Warm C,366719,2137,2136,2365,1421,0,0.014137289
Warm C,361741,2109,2108,2365,1421,0,0.011673678
Warm C,374187,2181,2180,2365,1421,0,0.011401537
Warm C,337095,1983,1982,2365,1421,0,0.014131449
Warm C,334661,1974,1973,2365,1421,1,0.011691822
Warm C,327216,1939,1938,2365,1421,0,0.00988083
Warm C,301316,1790,1789,2365,1421,0,0.009295147
Warm C,293223,1746,1745,2365,1421,0,0.009487145
Warm C,297584,1764,1763,2365,1421,1,0.003694469
Warm C,300427,1780,1779,2365,1421,0,0.01768788
Warm C,285379,1701,1700,2365,1421,0,0.015690029
Warm C,269100,1632,1631,2365,1421,0,0.015213054
Warm C,265166,1611,1610,2365,1421,1,0.015271671
Warm C,261414,1598,1597,2365,1421,0,0.01679291
Warm C,436523,2665,2664,2365,1421,0,0.021298165
Warm C,244709,1473,1472,2365,1421,0,0.011537169
Warm C,224976,1360,1359,2365,1421,1,0.010680233
Warm C,267252,1624,1623,2365,1421,0,0.014533458
Warm C,216233,1312,1311,2365,1421,0,-0.0012785316
Warm C,273057,1647,1646,2365,1421,1,0.012679991
Warm C,279485,1680,1679,2365,1421,1,0.011647553
Warm C,189835,1177,1176,2365,1421,0,0.004736783
Warm C,175616,1112,1111,2365,1421,0,0.019954633
Warm C,275607,1667,1666,2365,1421,0,0.014555466
Warm C,155944,1004,1003,2365,1421,0,0.010961261
Warm C,123929,798,797,2365,1421,0,0.0017523883
Warm C,114496,744,743,2365,1421,0,0.008781415
Warm C,107192,705,704,2365,1421,0,0.013475393
Warm C,95491,639,638,2365,1421,0,0.018961377
Warm C,90958,602,601,2365,1421,0,0.007312009
Warm C,86170,563,562,2365,1421,0,0.015975568
Warm C,82275,546,545,2365,1421,0,0.0035089497
Warm C,78130,526,525,2365,1421,0,0.022450622
Warm C,70835,476,475,2365,1421,1,0.01253994
Warm C,70464,475,474,2365,1421,0,0.004041443
Warm C,72149,482,481,2365,1421,1,0.016470656
Warm C,75944,516,515,2365,1421,0,0.004176344
Warm C,53581,352,351,2365,1421,0,0.0120864315
Warm C,28738,198,197,2365,1421,0,0.010921681
Warm C,15165,121,120,2365,1421,1,0.0130988285
Warm C,14417,117,116,2365,1421,1,0.005546922
Warm C,8416,58,57,2365,1421,1,0.011340328
Warm C,389465,2282,2281,2365,1421,0,0.018947517
Warm C,161372,1029,1028,2365,1421,0,0.01376633
Warm C,552452,3401,3400,2365,1421,0,0.01395119
Warm C,432770,2638,2637,2365,1421,0,0.017852144
Warm C,626881,3792,3791,2365,1421,0,0.012050737
Warm C,879404,5312,5311,2365,1421,0,0.009648332
Warm C,261214,1597,1596,2365,1421,0,0.0016262813
Warm C,514573,3178,3177,2365,1421,0,0.0016519736
Warm C,287772,1717,1716,2365,1421,1,0.0054921885
Warm C,136695,881,880,2365,1421,1,0.0078030806
Warm C,495167,3038,3037,2365,1421,1,-0.0032989278
Warm C,623450,3771,3770,2370,1425,0,0.013336004
Warm C,633389,3824,3823,2370,1425,1,0.017074885
Warm C,596698,3626,3625,2370,1425,0,0.006403235
Warm C,587998,3589,3588,2370,1425,0,0.00590487
Warm C,581788,3555,3554,2370,1425,1,0.012409002
Warm C,577958,3529,3528,2370,1425,0,-0.005277167
Warm C,745436,4448,4447,2370,1425,1,0.012685595
Warm C,572262,3507,3506,2370,1425,0,0.020265952
Warm C,569323,3491,3490,2370,1425,1,0.00780983
Warm C,549129,3389,3388,2370,1425,0,0.00853144
Warm C,531487,3281,3280,2370,1425,0,0.015500091
Warm C,525106,3242,3241,2370,1425,1,0.0139347045
Warm C,522712,3224,3223,2370,1425,1,0.01003154
Warm C,539969,3320,3319,2370,1425,1,0.011604678
Warm C,521492,3217,3216,2370,1425,0,0.013649272
Warm C,490841,3018,3017,2370,1425,1,0.020434603
Warm C,529827,3272,3271,2370,1425,1,0.01103265
Warm C,753516,4489,4488,2370,1425,0,0.011917164
Warm C,697529,4169,4168,2370,1425,0,0.024122626
Warm C,738476,4411,4410,2370,1425,0,0.0101102255
Warm C,473812,2909,2908,2370,1425,1,0.022049792
Warm C,852913,5113,5112,2370,1425,0,0.008188261
Warm C,754950,4497,4496,2370,1425,1,0.010915736
Warm C,446461,2752,2751,2370,1425,0,0.009707264
Warm C,833074,5008,5007,2370,1425,1,0.00859298
Warm C,424524,2575,2574,2370,1425,0,0.011430731
Warm C,609693,3695,3694,2370,1425,1,0.018003862
Warm C,400125,2382,2381,2370,1425,1,0.0057065804
Warm C,398282,2368,2367,2370,1425,0,0.00075212703
Warm C,418791,2529,2528,2370,1425,0,0.013325488
Warm C,387571,2265,2264,2370,1425,1,0.0003754329
Warm C,369977,2164,2163,2370,1425,1,0.0049133766
Warm C,356452,2088,2087,2370,1425,1,0.011422044
Warm C,380854,2225,2224,2370,1425,0,0.010267533
Warm C,298351,1768,1767,2370,1425,0,0.009993949
Warm C,290948,1736,1735,2370,1425,1,0.0159119
Warm C,292405,1741,1740,2370,1425,1,0.018447893
Warm C,289395,1727,1726,2370,1425,1,0.015522398
Warm C,269109,1632,1631,2370,1425,0,0.0124140885
Warm C,350751,2059,2058,2370,1425,1,-0.0080778785
Warm C,241308,1451,1450,2370,1425,0,0.006695294
Warm C,336080,1980,1979,2370,1425,0,0.013429318
Warm C,279504,1680,1679,2370,1425,0,0.019161178
Warm C,193749,1194,1193,2370,1425,1,0.005352128
Warm C,186657,1155,1154,2370,1425,0,0.008063336
Warm C,180373,1128,1127,2370,1425,0,0.011243911
Warm C,180012,1127,1126,2370,1425,0,0.002778785
Warm C,328336,1941,1940,2370,1425,0,0.007562114
Warm C,275613,1667,1666,2370,1425,1,0.017814795
Warm C,158376,1015,1014,2370,1425,1,0.010119336
Warm C,151014,971,970,2370,1425,0,0.009966303
Warm C,151652,975,974,2370,1425,1,0.004868462
Warm C,142457,919,918,2370,1425,1,0.00914799
Warm C,204223,1257,1256,2370,1425,0,0.005822534
Warm C,135709,877,876,2370,1425,0,0.01915143
Warm C,331726,1958,1957,2370,1425,0,0.011707682
Warm C,135049,873,872,2370,1425,1,0.005119403
Warm C,315367,1880,1879,2370,1425,1,0.006245307
Warm C,211093,1285,1284,2370,1425,1,0.019696642
Warm C,320188,1899,1898,2370,1425,0,0.017400622
Warm C,98440,659,658,2370,1425,0,0.011610066
Warm C,97899,655,654,2370,1425,0,0.0058159702
Warm C,85837,560,559,2370,1425,0,0.009182318
Warm C,84309,550,549,2370,1425,0,0.004002943
Warm C,80273,533,532,2370,1425,0,0.013109238
Warm C,50852,335,334,2370,1425,1,0.010536777
Warm C,42735,293,292,2370,1425,1,0.0075755855
Warm C,36357,245,244,2370,1425,0,0.008067068
Warm C,19305,148,147,2370,1425,1,0.0015869695
Warm C,2171,18,17,2370,1425,1,0.004973653
Warm C,49294,329,328,2370,1425,0,0.009707894
Warm C,1441,13,12,2370,1425,1,0.0060714344
Warm C,18653,146,145,2370,1425,1,0.012372397
Warm C,10206,73,72,2370,1425,1,0.012166366
Warm C,249895,1505,1504,2370,1425,0,0.012077229
Warm C,102391,678,677,2370,1425,1,0.008842543
Warm C,28033,195,194,2370,1425,1,0.015420154
Warm C,964531,5812,5811,2370,1425,0,0.014057689
Warm C,903027,5458,5457,2370,1425,1,0.013710569
Warm C,63098,424,423,2370,1425,0,0.012841232
Warm C,657588,3963,3962,2370,1425,1,0.0105766
Warm C,858032,5156,5155,2370,1425,1,0.02075898
Warm C,665905,4007,4006,2373,1428,1,0.007866798
Warm C,662034,3992,3991,2373,1428,0,0.008443147
Warm C,651505,3929,3928,2373,1428,0,0.005003947
Warm C,648105,3902,3901,2373,1428,1,0.0027072513
Warm C,643733,3878,3877,2373,1428,0,0.008889649
Warm C,702635,4213,4212,2373,1428,1,0.0049433727
Warm C,640061,3847,3846,2373,1428,0,0.004535389
Warm C,637000,3836,3835,2373,1428,0,0.006561699
Warm C,726034,4344,4343,2373,1428,0,0.007154545
Warm C,629611,3808,3807,2373,1428,0,0.013931267
Warm C,624927,3778,3777,2373,1428,0,0.0018404468
Warm C,620491,3759,3758,2373,1428,1,0.009799894
Warm C,623452,3771,3770,2373,1428,0,0.005719957
Warm C,608659,3691,3690,2373,1428,0,-0.002308912
Warm C,601661,3658,3657,2373,1428,0,0.0022354447
Warm C,598497,3642,3641,2373,1428,0,0.0037512863
Warm C,633395,3824,3823,2373,1428,0,0.0035213465
Warm C,596702,3626,3625,2373,1428,0,0.01120295
Warm C,590797,3603,3602,2373,1428,0,0.008851163
Warm C,588000,3589,3588,2373,1428,0,0.007317315
Warm C,586472,3579,3578,2373,1428,0,0.0030473007
Warm C,579489,3539,3538,2373,1428,0,0.0040548015
Warm C,569331,3491,3490,2373,1428,0,-0.00086072064
Warm C,563776,3469,3468,2373,1428,0,0.00858769
Warm C,570374,3499,3498,2373,1428,0,0.008491231
Warm C,555291,3414,3413,2373,1428,0,0.0058240485
Warm C,573595,3512,3511,2373,1428,0,0.012181364
Warm C,538985,3314,3313,2373,1428,0,0.006991607
Warm C,537283,3311,3310,2373,1428,0,0.0020302157
Warm C,527522,3261,3260,2373,1428,0,-0.006268489
Warm C,506780,3118,3117,2373,1428,0,0.0005900264
Warm C,499543,3067,3066,2373,1428,0,0.005537248
Warm C,497964,3056,3055,2373,1428,0,0.0070719887
Warm C,486681,2995,2994,2373,1428,1,0.008311497
Warm C,486334,2994,2993,2373,1428,0,0.012823738
Warm C,517918,3196,3195,2373,1428,1,0.0059454227
Warm C,753517,4489,4488,2373,1428,0,0.00800512
Warm C,469692,2894,2893,2373,1428,1,-0.005213084
Warm C,468972,2888,2887,2373,1428,1,-0.00056158594
Warm C,754951,4497,4496,2373,1428,0,0.0069901403
Warm C,459975,2837,2836,2373,1428,0,0.012645964
Warm C,455289,2803,2802,2373,1428,0,0.008402322
Warm C,594894,3620,3619,2373,1428,0,0.0007944482
Warm C,448026,2761,2760,2373,1428,0,-0.0029776567
Warm C,427830,2599,2598,2373,1428,0,-0.00071032473
Warm C,425013,2579,2578,2373,1428,0,0.0019588284
Warm C,409251,2456,2455,2373,1428,0,-0.0023850566
Warm C,407002,2445,2444,2373,1428,1,0.0031051568
Warm C,436535,2665,2664,2373,1428,0,0.011731966
Warm C,402390,2402,2401,2373,1428,0,0.013177052
Warm C,398758,2374,2373,2373,1428,1,0.00719929
Warm C,390070,2288,2287,2373,1428,0,0.0037081088
Warm C,389022,2279,2278,2373,1428,0,0.0016354453
Warm C,377319,2203,2202,2373,1428,1,0.00091021485
Warm C,373495,2180,2179,2373,1428,1,0.0037879886
Warm C,368851,2156,2155,2373,1428,0,0.0029545967
Warm C,356454,2088,2087,2373,1428,0,0.011012095
Warm C,337102,1983,1982,2373,1428,0,0.005650765
Warm C,297595,1764,1763,2373,1428,1,0.00453919
Warm C,290950,1736,1735,2373,1428,1,0.00945607
Warm C,277049,1675,1674,2373,1428,0,0.007582131
Warm C,291510,1737,1736,2373,1428,0,0.0033012594
Warm C,282688,1694,1693,2373,1428,0,0.009801488
Warm C,288948,1726,1725,2373,1428,0,0.0050669247
Warm C,287182,1714,1713,2373,1428,0,0.0066288165
Warm C,265883,1613,1612,2373,1428,0,0.01138735
Warm C,342600,2015,2014,2373,1428,1,0.009661301
Warm C,242882,1465,1464,2373,1428,0,0.0020923428
Warm C,227215,1377,1376,2373,1428,0,0.01484837
Warm C,221452,1340,1339,2373,1428,0,-0.009168835
Warm C,223637,1354,1353,2373,1428,0,0.005329923
Warm C,224234,1356,1355,2373,1428,1,-0.0018387544
Warm C,208041,1272,1271,2373,1428,0,0.0016867686
Warm C,279511,1680,1679,2373,1428,0,0.0080060335
Warm C,270055,1635,1634,2373,1428,0,0.0043956544
Warm C,191129,1181,1180,2373,1428,0,0.0080553545
Warm C,203174,1246,1245,2373,1428,0,-0.007997593
Warm C,180376,1128,1127,2373,1428,0,0.008064523
Warm C,180014,1127,1126,2373,1428,0,0.005197771
Warm C,248900,1501,1500,2373,1428,0,0.01152017
Warm C,171806,1088,1087,2373,1428,0,0.012838849
Warm C,175630,1112,1111,2373,1428,0,0.0062772753
Warm C,328344,1941,1940,2373,1428,0,0.0051144767
Warm C,168893,1071,1070,2373,1428,0,0.001367009
Warm C,275614,1667,1666,2373,1428,0,0.009524854
Warm C,155952,1004,1003,2373,1428,0,0.005302484
Warm C,154929,999,998,2373,1428,0,0.0016664183
Warm C,151016,971,970,2373,1428,0,0.0018938496
Warm C,157016,1010,1009,2373,1428,0,0.009593572
Warm C,135716,877,876,2373,1428,0,0.0077089993
Warm C,315374,1880,1879,2373,1428,0,0.01087922
Warm C,263453,1605,1604,2373,1428,0,0.022165952
Warm C,122215,788,787,2373,1428,0,0.009384337
Warm C,121208,780,779,2373,1428,0,0.004406739
Warm C,475804,2919,2918,2373,1428,0,0.011758754
Warm C,117562,757,756,2373,1428,0,0.013110172
Warm C,114499,744,743,2373,1428,0,-0.005295353
Warm C,96193,646,645,2373,1428,0,0.0024794182
Warm C,480204,2946,2945,2373,1428,0,0.0055733137
Warm C,150661,970,969,2373,1428,0,0.010574775
Warm C,77661,524,523,2373,1428,0,0.012874426
Warm C,119346,770,769,2373,1428,0,0.0071206735
Warm C,86714,566,565,2373,1428,0,0.0040299045
Warm C,81768,543,542,2373,1428,1,0.0036309408
Warm C,70842,476,475,2373,1428,1,-5.715806e-05
Warm C,240245,1449,1448,2373,1428,0,0.0074273767
Warm C,53605,352,351,2373,1428,0,-0.00059036026
Warm C,40312,272,271,2373,1428,1,0.012727363
Warm C,38845,264,263,2373,1428,0,0.004003278
Warm C,36362,245,244,2373,1428,0,0.008658369
Warm C,626891,3792,3791,2373,1428,0,0.010229746
Warm C,28748,198,197,2373,1428,0,0.0011906296
Warm C,21507,157,156,2373,1428,0,0.007885769
Warm C,12277,93,92,2373,1428,0,0.0050054276
Warm C,2175,18,17,2373,1428,0,0.010200095
Warm C,49303,329,328,2373,1428,0,0.0039645936
Warm C,234206,1422,1421,2373,1428,0,0.0059501226
Warm C,530302,3274,3273,2373,1428,0,0.008279566
Warm C,829176,4979,4978,2373,1428,0,0.0045042327
Warm C,773531,4610,4609,2373,1428,0,0.013786243
Warm C,273069,1647,1646,2373,1428,0,0.011650438
Warm C,622230,3768,3767,2373,1428,0,0.0010684372
Warm C,102395,678,677,2373,1428,0,0.012367863
Warm C,964533,5812,5811,2373,1428,0,0.0071545546
Warm C,418796,2529,2528,2373,1428,0,0.00068189786
Warm C,473822,2909,2908,2373,1428,0,0.00873603
Warm C,63103,424,423,2373,1428,0,0.0074404376
Warm C,341676,2012,2011,2373,1428,0,-0.00017824862
Warm C,28040,195,194,2373,1428,0,0.0018372638
Warm C,672736,4041,4040,2377,1432,1,0.0068763476
Warm C,668581,4021,4020,2377,1432,1,0.0048407693
Warm C,669112,4022,4021,2377,1432,1,-0.0031308583
Warm C,667560,4016,4015,2377,1432,0,0.0010136301
Warm C,665911,4007,4006,2377,1432,0,0.0076544676
Warm C,665485,4006,4005,2377,1432,0,-0.003581122
Warm C,663538,3998,3997,2377,1432,0,0.0011873103
Warm C,651511,3929,3928,2377,1432,0,-0.0022085735
Warm C,650650,3923,3922,2377,1432,0,0.008173987
Warm C,649881,3916,3915,2377,1432,1,0.0093311835
Warm C,644741,3884,3883,2377,1432,0,-0.0018304118
Warm C,702637,4213,4212,2377,1432,1,0.0052706166
Warm C,628757,3807,3806,2377,1432,0,0.0031350288
Warm C,629617,3808,3807,2377,1432,1,0.0015981598
Warm C,628186,3804,3803,2377,1432,0,-0.0050608637
Warm C,638334,3841,3840,2377,1432,1,-0.005816495
Warm C,623456,3771,3770,2377,1432,0,0.0070208684
Warm C,616506,3731,3730,2377,1432,0,-7.729913e-05
Warm C,726042,4344,4343,2377,1432,0,0.006108574
Warm C,633401,3824,3823,2377,1432,1,0.0052558035
Warm C,745440,4448,4447,2377,1432,1,0.0052557485
Warm C,604992,3678,3677,2377,1432,0,-0.0007467662
Warm C,567143,3482,3481,2377,1432,1,0.007944842
Warm C,657159,3961,3960,2377,1432,0,0.0051550614
Warm C,563778,3469,3468,2377,1432,1,0.0012430239
Warm C,557290,3423,3422,2377,1432,0,0.0076350244
Warm C,552473,3401,3400,2377,1432,0,0.006307547
Warm C,645365,3885,3884,2377,1432,0,-0.00043354405
Warm C,545756,3365,3364,2377,1432,0,0.009590575
Warm C,537290,3311,3310,2377,1432,0,0.005331746
Warm C,536110,3308,3307,2377,1432,0,0.002505423
Warm C,538575,3313,3312,2377,1432,0,0.00727557
Warm C,528259,3265,3264,2377,1432,0,0.004477171
Warm C,566348,3476,3475,2377,1432,0,0.002673247
Warm C,516545,3189,3188,2377,1432,1,-0.0055525834
Warm C,501831,3081,3080,2377,1432,0,-0.0027514833
Warm C,504176,3099,3098,2377,1432,0,0.0036703965
Warm C,490850,3018,3017,2377,1432,1,0.0025556295
Warm C,697542,4169,4168,2377,1432,1,0.009845879
Warm C,475957,2921,2920,2377,1432,0,-0.0150986435
Warm C,591253,3607,3606,2377,1432,0,0.005465953
Warm C,478474,2935,2934,2377,1432,0,0.0073733167
Warm C,465182,2868,2867,2377,1432,0,0.005723893
Warm C,463416,2857,2856,2377,1432,0,0.0121415425
Warm C,449629,2772,2771,2377,1432,1,0.0004822705
Warm C,790813,4728,4727,2377,1432,0,-0.0065439455
Warm C,430754,2625,2624,2377,1432,0,0.002361307
Warm C,414242,2493,2492,2377,1432,0,-0.0010933295
Warm C,411083,2466,2465,2377,1432,0,-0.00684583
Warm C,409703,2457,2456,2377,1432,0,0.007544489
Warm C,393345,2312,2311,2377,1432,1,0.001997604
Warm C,389024,2279,2278,2377,1432,0,-0.0004208621
Warm C,376204,2194,2193,2377,1432,1,-2.6519643e-05
Warm C,374210,2181,2180,2377,1432,0,0.014947014
Warm C,356456,2088,2087,2377,1432,0,0.0050845174
Warm C,345496,2026,2025,2377,1432,1,0.0018951432
Warm C,333453,1968,1967,2377,1432,0,0.0032511246
Warm C,326332,1931,1930,2377,1432,0,0.00825082
Warm C,293229,1746,1745,2377,1432,1,0.0008173152
Warm C,288303,1722,1721,2377,1432,1,0.0014094763
Warm C,288467,1723,1722,2377,1432,0,0.0048757424
Warm C,291519,1737,1736,2377,1432,1,-0.0044822865
Warm C,292409,1741,1740,2377,1432,0,0.00884727
Warm C,279525,1680,1679,2377,1432,0,0.0068912865
Warm C,277052,1675,1674,2377,1432,0,-0.0024047429
Warm C,276326,1671,1670,2377,1432,1,0.008734284
Warm C,265176,1611,1610,2377,1432,0,0.013001178
Warm C,259867,1589,1588,2377,1432,0,0.0059294817
Warm C,259056,1586,1585,2377,1432,0,0.007660815
Warm C,247791,1496,1495,2377,1432,0,0.005776899
Warm C,350753,2059,2058,2377,1432,1,0.0008762551
Warm C,227220,1377,1376,2377,1432,0,0.008670389
Warm C,224722,1358,1357,2377,1432,0,0.010878303
Warm C,224520,1357,1356,2377,1432,0,-0.0023109973
Warm C,221456,1340,1339,2377,1432,0,0.0067890845
Warm C,219934,1333,1332,2377,1432,1,0.0038875209
Warm C,273078,1647,1646,2377,1432,0,0.011552644
Warm C,260141,1591,1590,2377,1432,0,0.008027409
Warm C,244065,1470,1469,2377,1432,0,0.007427943
Warm C,214957,1303,1302,2377,1432,0,0.009022586
Warm C,328352,1941,1940,2377,1432,0,0.0019805226
Warm C,307549,1835,1834,2377,1432,0,0.0023681347
Warm C,182835,1140,1139,2377,1432,0,-0.0007752003
Warm C,181623,1135,1134,2377,1432,0,0.004649122
Warm C,179176,1124,1123,2377,1432,0,0.0018019103
Warm C,177613,1119,1118,2377,1432,1,0.0047616046
Warm C,196608,1207,1206,2377,1432,1,0.0012157164
Warm C,184055,1146,1145,2377,1432,0,0.0099378405
Warm C,166069,1058,1057,2377,1432,0,0.002893101
Warm C,162029,1033,1032,2377,1432,0,0.010380937
Warm C,159338,1017,1016,2377,1432,0,0.011885626
Warm C,151018,971,970,2377,1432,0,0.009795446
Warm C,138508,889,888,2377,1432,0,0.0018260865
Warm C,714002,4277,4276,2377,1432,0,0.0085913
Warm C,133300,860,859,2377,1432,1,-0.005863864
Warm C,133040,858,857,2377,1432,1,0.011604659
Warm C,315379,1880,1879,2377,1432,0,0.005785238
Warm C,122217,788,787,2377,1432,0,0.0069178166
Warm C,211109,1285,1284,2377,1432,0,0.011033528
Warm C,316907,1884,1883,2377,1432,0,0.00529069
Warm C,90961,602,601,2377,1432,0,0.00050650665
Warm C,86719,566,565,2377,1432,0,0.007165092
Warm C,86176,563,562,2377,1432,0,0.0009501525
Warm C,74432,508,507,2377,1432,0,-0.0022530917
Warm C,66590,445,444,2377,1432,0,0.0053814617
Warm C,241313,1451,1450,2377,1432,0,0.007782437
Warm C,61227,412,411,2377,1432,1,0.006520252
Warm C,41161,278,277,2377,1432,1,-0.0009573521
Warm C,37358,255,254,2377,1432,1,-0.0021926379
Warm C,36368,245,244,2377,1432,0,-0.0034886203
Warm C,99871,667,666,2377,1432,0,0.010138328
Warm C,28045,195,194,2377,1432,1,0.0023597996
Warm C,12427,94,93,2377,1432,1,-0.0043664128
Warm C,7626,53,52,2377,1432,1,0.0022123582
Warm C,1885,17,16,2377,1432,1,-0.0029666824
Warm C,108110,710,709,2377,1432,0,0.005894119
Warm C,129527,839,838,2377,1432,1,0.0028503872
Warm C,460763,2841,2840,2377,1432,1,0.0037229154
Warm C,365818,2129,2128,2377,1432,0,0.0058366014
Warm C,102402,678,677,2377,1432,0,0.0017630849
Warm C,760836,4520,4519,2377,1432,0,-0.0021296742
Warm C,63112,424,423,2377,1432,0,0.0056549367
Warm C,811721,4868,4867,2377,1432,0,0.00026682368
Warm C,662428,3993,3992,2380,1435,0,0.011925314
Warm C,650517,3922,3921,2380,1435,0,0.0060390076
Warm C,672741,4041,4040,2380,1435,0,0.016729878
Warm C,644747,3884,3883,2380,1435,0,0.0060088793
Warm C,647762,3900,3899,2380,1435,0,-0.00015836349
Warm C,634090,3825,3824,2380,1435,0,0.010392285
Warm C,629624,3808,3807,2380,1435,0,0.01712198
Warm C,624939,3778,3777,2380,1435,0,0.010027805
Warm C,622239,3768,3767,2380,1435,0,0.003056851
Warm C,620020,3756,3755,2380,1435,0,0.010559918
Warm C,614842,3724,3723,2380,1435,0,0.016779624
Warm C,636385,3834,3833,2380,1435,1,0.0012575986
Warm C,720551,4312,4311,2380,1435,0,0.008030837
Warm C,633407,3824,3823,2380,1435,0,0.0105853
Warm C,622746,3769,3768,2380,1435,0,0.005561828
Warm C,583548,3562,3561,2380,1435,0,0.014336763
Warm C,613337,3716,3715,2380,1435,0,0.008985234
Warm C,577320,3526,3525,2380,1435,0,0.015465766
Warm C,579506,3539,3538,2380,1435,1,0.012012813
Warm C,581372,3550,3549,2380,1435,0,0.007957527
Warm C,570383,3499,3498,2380,1435,0,0.007878015
Warm C,550329,3391,3390,2380,1435,0,0.0095339455
Warm C,571140,3503,3502,2380,1435,0,0.0036177714
Warm C,537296,3311,3310,2380,1435,0,-0.0017019976
Warm C,536114,3308,3307,2380,1435,0,0.0072412575
Warm C,539981,3320,3319,2380,1435,0,0.0136869885
Warm C,520094,3208,3207,2380,1435,0,0.010360178
Warm C,515581,3182,3181,2380,1435,1,0.012062252
Warm C,514982,3180,3179,2380,1435,0,0.0033998154
Warm C,566354,3476,3475,2380,1435,0,0.005683081
Warm C,605891,3681,3680,2380,1435,0,0.009332618
Warm C,502206,3082,3081,2380,1435,0,0.02030792
Warm C,494307,3032,3031,2380,1435,0,0.01326136
Warm C,492839,3029,3028,2380,1435,0,0.012848863
Warm C,493467,3031,3030,2380,1435,0,0.02453743
Warm C,492118,3026,3025,2380,1435,0,0.0057768086
Warm C,517926,3196,3195,2380,1435,0,0.007677304
Warm C,483971,2976,2975,2380,1435,0,0.0075951777
Warm C,697550,4169,4168,2380,1435,0,0.0105478335
Warm C,472715,2907,2906,2380,1435,0,0.010211204
Warm C,473842,2909,2908,2380,1435,0,-0.00070321746
Warm C,454840,2797,2796,2380,1435,0,0.0036793412
Warm C,451520,2779,2778,2380,1435,0,0.0073072403
Warm C,451006,2777,2776,2380,1435,1,0.0015357789
Warm C,438862,2681,2680,2380,1435,0,0.020241465
Warm C,435134,2658,2657,2380,1435,0,6.130105e-05
Warm C,423213,2565,2564,2380,1435,0,0.0036776108
Warm C,420518,2541,2540,2380,1435,0,0.0096277
Warm C,419844,2537,2536,2380,1435,0,0.0021947357
Warm C,418805,2529,2528,2380,1435,0,0.012095567
Warm C,404624,2419,2418,2380,1435,0,0.008286087
Warm C,414661,2496,2495,2380,1435,0,-0.0021929648
Warm C,402398,2402,2401,2380,1435,0,0.0003941866
Warm C,395377,2335,2334,2380,1435,0,0.013386564
Warm C,392328,2304,2303,2380,1435,1,0.01183722
Warm C,436552,2665,2664,2380,1435,0,0.008190556
Warm C,355509,2080,2079,2380,1435,0,0.0035651491
Warm C,380867,2225,2224,2380,1435,0,0.013743454
Warm C,341685,2012,2011,2380,1435,0,0.011278739
Warm C,340763,2010,2009,2380,1435,0,0.013646781
Warm C,315388,1880,1879,2380,1435,0,0.015283298
Warm C,288130,1721,1720,2380,1435,0,0.0069155637
Warm C,290954,1736,1735,2380,1435,0,0.008771283
Warm C,291523,1737,1736,2380,1435,0,0.004743538
Warm C,281335,1687,1686,2380,1435,0,0.0034553637
Warm C,299137,1776,1775,2380,1435,0,0.0054902043
Warm C,286291,1709,1708,2380,1435,0,0.016416803
Warm C,265900,1613,1612,2380,1435,0,0.010632098
Warm C,246913,1491,1490,2380,1435,0,0.015127454
Warm C,227225,1377,1376,2380,1435,0,0.011706907
Warm C,222423,1345,1344,2380,1435,0,0.0131297
Warm C,336102,1980,1979,2380,1435,0,0.0259972
Warm C,277821,1676,1675,2380,1435,0,0.014400997
Warm C,279541,1680,1679,2380,1435,0,0.018777266
Warm C,308754,1837,1836,2380,1435,0,0.014520162
Warm C,305003,1812,1811,2380,1435,0,0.011446347
Warm C,220881,1339,1338,2380,1435,0,0.003795753
Warm C,307554,1835,1834,2380,1435,0,0.01652888
Warm C,178228,1120,1119,2380,1435,1,0.010695516
Warm C,328368,1941,1940,2380,1435,0,0.013635393
Warm C,272282,1645,1644,2380,1435,0,0.01361218
Warm C,331747,1958,1957,2380,1435,0,0.01557876
Warm C,161739,1031,1030,2380,1435,0,0.0019109063
Warm C,342614,2015,2014,2380,1435,1,0.009216057
Warm C,143030,922,921,2380,1435,0,0.009866137
Warm C,141582,911,910,2380,1435,0,0.017056314
Warm C,135725,877,876,2380,1435,0,0.0114694685
Warm C,134420,869,868,2380,1435,0,0.013288186
Warm C,973927,5874,5873,2380,1435,0,0.015228091
Warm C,127976,827,826,2380,1435,0,0.01854068
Warm C,125196,803,802,2380,1435,0,0.010913522
Warm C,123942,798,797,2380,1435,0,0.005833718
Warm C,111512,726,725,2380,1435,0,0.00038216682
Warm C,263467,1605,1604,2380,1435,0,0.005136281
Warm C,104886,695,694,2380,1435,0,0.00379469
Warm C,234217,1422,1421,2380,1435,0,0.00981509
Warm C,352056,2063,2062,2380,1435,0,0.013542518
Warm C,93668,628,627,2380,1435,0,0.0038075089
Warm C,89503,589,588,2380,1435,0,0.011907825
Warm C,120493,777,776,2380,1435,0,0.0011802645
Warm C,83296,549,548,2380,1435,0,0.01339036
Warm C,191150,1181,1180,2380,1435,0,0.014336759
Warm C,101439,676,675,2380,1435,0,0.0030713934
Warm C,119359,770,769,2380,1435,0,0.012466872
Warm C,81779,543,542,2380,1435,1,0.004931328
Warm C,70472,475,474,2380,1435,1,0.004738201
Warm C,72170,482,481,2380,1435,0,0.00814727
Warm C,68793,461,460,2380,1435,0,0.009711761
Warm C,67503,453,452,2380,1435,0,0.0134403445
Warm C,57988,392,391,2380,1435,0,0.015630318
Warm C,44397,302,301,2380,1435,0,0.008907853
Warm C,32892,223,222,2380,1435,1,0.008794893
Warm C,240262,1449,1448,2380,1435,0,0.0114498045
Warm C,25576,181,180,2380,1435,0,0.00016448507
Warm C,270065,1635,1634,2380,1435,0,0.01416401
Warm C,306231,1824,1823,2380,1435,0,-0.0028530152
Warm C,21137,155,154,2380,1435,0,0.010311656
Warm C,239097,1448,1447,2380,1435,0,0.0067511974
Warm C,15517,123,122,2380,1435,0,0.020037116
Warm C,4794,34,33,2380,1435,0,0.008461198
Warm C,79535,531,530,2380,1435,0,0.008877515
Warm C,66109,442,441,2380,1435,0,0.015833696
Warm C,230573,1395,1394,2380,1435,0,0.0074832966
Warm C,78551,528,527,2380,1435,0,0.011446464
Warm C,238059,1447,1446,2380,1435,0,0.025244676
Warm C,954337,5761,5760,2380,1435,0,0.011116695
Warm C,326148,1930,1929,2380,1435,0,0.0061679017
Warm C,106173,699,698,2380,1435,0,0.008847127
Warm C,273087,1647,1646,2380,1435,0,0.013579275
Warm C,265180,1611,1610,2380,1435,0,0.0034664187
Warm C,770569,4591,4590,2380,1435,0,0.0091155525
Warm C,329437,1943,1942,2380,1435,0,0.0140306465
Warm C,893402,5394,5393,2380,1435,0,0.008955195
Warm C,717957,4302,4301,2380,1435,0,0.007682099
Warm C,700003,4186,4185,2380,1435,0,0.016251283
Warm C,235090,1425,1424,2380,1435,0,0.006984802
Warm C,622241,3768,3767,2381,1436,0,0.0033337076
Warm C,611903,3709,3708,2381,1436,0,0.014470945
Warm C,720552,4312,4311,2381,1436,0,0.009183593
Warm C,602976,3669,3668,2381,1436,0,0.012423857
Warm C,598296,3641,3640,2381,1436,0,0.0024171374
Warm C,597406,3632,3631,2381,1436,0,0.0010931888
Warm C,633409,3824,3823,2381,1436,0,0.012772465
Warm C,596714,3626,3625,2381,1436,0,0.010164236
Warm C,622747,3769,3768,2381,1436,0,0.005496931
Warm C,577322,3526,3525,2381,1436,0,0.008320141
Warm C,579509,3539,3538,2381,1436,1,0.0056513865
Warm C,572285,3507,3506,2381,1436,0,0.007893289
Warm C,581373,3550,3549,2381,1436,0,0.008443441
Warm C,570384,3499,3498,2381,1436,0,0.015855134
Warm C,557291,3423,3422,2381,1436,0,0.0068537015
Warm C,556948,3422,3421,2381,1436,0,0.012993487
Warm C,550330,3391,3390,2381,1436,0,0.007939672
Warm C,571142,3503,3502,2381,1436,0,-0.0033843492
Warm C,537297,3311,3310,2381,1436,0,0.005337343
Warm C,536115,3308,3307,2381,1436,0,0.0062810276
Warm C,539982,3320,3319,2381,1436,0,0.016173832
Warm C,531134,3280,3279,2381,1436,0,0.011719502
Warm C,520095,3208,3207,2381,1436,0,0.0053590615
Warm C,514983,3180,3179,2381,1436,0,0.0036434105
Warm C,566356,3476,3475,2381,1436,0,0.010556633
Warm C,502207,3082,3081,2381,1436,0,0.011524899
Warm C,494308,3032,3031,2381,1436,1,-0.00059964723
Warm C,492840,3029,3028,2381,1436,0,0.013003791
Warm C,738484,4411,4410,2381,1436,0,0.00997325
Warm C,493468,3031,3030,2381,1436,0,0.010281064
Warm C,492119,3026,3025,2381,1436,0,0.009559103
Warm C,517927,3196,3195,2381,1436,0,0.0038945694
Warm C,483972,2976,2975,2381,1436,0,-0.00030457822
Warm C,697551,4169,4168,2381,1436,0,0.02051863
Warm C,472716,2907,2906,2381,1436,0,0.010641985
Warm C,473844,2909,2908,2381,1436,0,0.012395615
Warm C,451007,2777,2776,2381,1436,1,0.013210419
Warm C,439949,2689,2688,2381,1436,0,0.0034673722
Warm C,438863,2681,2680,2381,1436,0,0.013145924
Warm C,423214,2565,2564,2381,1436,0,0.010724878
Warm C,420519,2541,2540,2381,1436,0,0.007354652
Warm C,419845,2537,2536,2381,1436,0,0.011770811
Warm C,418807,2529,2528,2381,1436,0,0.0048887357
Warm C,414663,2496,2495,2381,1436,0,0.006545555
Warm C,436554,2665,2664,2381,1436,0,0.010910768
Warm C,392330,2304,2303,2381,1436,1,0.0119066145
Warm C,377331,2203,2202,2381,1436,0,0.008980202
Warm C,362186,2110,2109,2381,1436,0,0.0022017385
Warm C,380868,2225,2224,2381,1436,0,0.0062497994
Warm C,341686,2012,2011,2381,1436,0,0.0154536115
Warm C,340765,2010,2009,2381,1436,0,0.004497351
Warm C,326501,1934,1933,2381,1436,0,0.008291746
Warm C,290955,1736,1735,2381,1436,0,0.020618256
Warm C,291524,1737,1736,2381,1436,0,0.008202375
Warm C,281336,1687,1686,2381,1436,0,6.900774e-05
Warm C,299138,1776,1775,2381,1436,0,0.009676186
Warm C,265901,1613,1612,2381,1436,0,0.009650461
Warm C,227226,1377,1376,2381,1436,0,0.008955452
Warm C,336104,1980,1979,2381,1436,0,0.009284929
Warm C,220882,1339,1338,2381,1436,0,0.009635612
Warm C,277822,1676,1675,2381,1436,0,0.0107146185
Warm C,279544,1680,1679,2381,1436,0,0.009392733
Warm C,305004,1812,1811,2381,1436,0,0.009920066
Warm C,192177,1183,1182,2381,1436,0,0.008132311
Warm C,188437,1169,1168,2381,1436,0,0.007111773
Warm C,307555,1835,1834,2381,1436,0,0.0064625405
Warm C,178229,1120,1119,2381,1436,1,0.00840669
Warm C,328370,1941,1940,2381,1436,0,0.014482753
Warm C,331748,1958,1957,2381,1436,0,0.0074178427
Warm C,342615,2015,2014,2381,1436,1,0.008559985
Warm C,152321,980,979,2381,1436,0,0.014174628
Warm C,143031,922,921,2381,1436,0,0.008692903
Warm C,141584,911,910,2381,1436,0,0.01152111
Warm C,135727,877,876,2381,1436,0,0.022695992
Warm C,134421,869,868,2381,1436,1,0.0006633159
Warm C,973928,5874,5873,2381,1436,0,0.009102006
Warm C,272283,1645,1644,2381,1436,0,0.015392101
Warm C,106842,702,701,2381,1436,0,0.008053842
Warm C,263468,1605,1604,2381,1436,0,0.012725569
Warm C,104887,695,694,2381,1436,0,-0.0025549633
Warm C,352058,2063,2062,2381,1436,0,0.009708065
Warm C,120494,777,776,2381,1436,0,0.007359619
Warm C,83298,549,548,2381,1436,0,0.013279422
Warm C,101440,676,675,2381,1436,0,0.007475259
Warm C,119360,770,769,2381,1436,0,0.009619536
Warm C,81780,543,542,2381,1436,1,0.0025552516
Warm C,73142,494,493,2381,1436,0,0.0039522084
Warm C,70473,475,474,2381,1436,0,0.010878057
Warm C,70849,476,475,2381,1436,0,-0.0042467928
Warm C,67504,453,452,2381,1436,0,0.011079706
Warm C,57990,392,391,2381,1436,0,0.012478759
Warm C,44399,302,301,2381,1436,0,0.014799746
Warm C,626905,3792,3791,2381,1436,0,0.012546099
Warm C,240264,1449,1448,2381,1436,0,0.014905411
Warm C,25578,181,180,2381,1436,0,0.010194717
Warm C,21138,155,154,2381,1436,0,0.0021825857
Warm C,270066,1635,1634,2381,1436,0,0.019500399
Warm C,15520,123,122,2381,1436,0,-0.0010196764
Warm C,79536,531,530,2381,1436,1,0.002684847
Warm C,66110,442,441,2381,1436,0,0.010542968
Warm C,230574,1395,1394,2381,1436,0,0.0077037197
Warm C,78552,528,527,2381,1436,0,0.012814542
Warm C,954338,5761,5760,2381,1436,0,0.0069425637
Warm C,326149,1930,1929,2381,1436,0,0.020897187
Warm C,238060,1447,1446,2381,1436,0,0.010668214
Warm C,106174,699,698,2381,1436,0,0.011074388
Warm C,273088,1647,1646,2381,1436,0,0.012622529
Warm C,164686,1051,1050,2381,1436,0,0.010845716
Warm C,265181,1611,1610,2381,1436,0,0.0056086294
Warm C,750682,4478,4477,2381,1436,0,-0.0013667478
Warm C,893403,5394,5393,2381,1436,0,0.020827457
Warm C,709972,4258,4257,2381,1436,0,0.012946757
Warm C,558977,3433,3432,2381,1436,0,0.012914129
Warm C,235092,1425,1424,2381,1436,0,0.01024923
Warm C,543122,3343,3342,2382,1437,0,0.0020907552
Warm C,605892,3681,3680,2382,1437,0,0.012580473
Warm C,537299,3311,3310,2382,1437,0,0.00015644124
Warm C,536117,3308,3307,2382,1437,0,0.0099337995
Warm C,539983,3320,3319,2382,1437,0,0.0045122546
Warm C,531136,3280,3279,2382,1437,0,0.012298401
Warm C,520096,3208,3207,2382,1437,0,-0.00093843427
Warm C,515582,3182,3181,2382,1437,0,0.0067186393
Warm C,514984,3180,3179,2382,1437,0,0.007823937
Warm C,566357,3476,3475,2382,1437,0,0.015114643
Warm C,574833,3518,3517,2382,1437,0,0.010666452
Warm C,502944,3087,3086,2382,1437,0,0.005268588
Warm C,492841,3029,3028,2382,1437,0,0.011706101
Warm C,738485,4411,4410,2382,1437,1,0.005505739
Warm C,492120,3026,3025,2382,1437,0,0.006642566
Warm C,473846,2909,2908,2382,1437,0,0.015522761
Warm C,487124,2996,2995,2382,1437,0,0.002925519
Warm C,451008,2777,2776,2382,1437,1,0.006070537
Warm C,450330,2776,2775,2382,1437,0,0.006356132
Warm C,438864,2681,2680,2382,1437,0,0.015072437
Warm C,423215,2565,2564,2382,1437,0,0.0015447913
Warm C,420520,2541,2540,2382,1437,0,-8.862768e-05
Warm C,415547,2503,2502,2382,1437,0,0.0143103525
Warm C,414665,2496,2495,2382,1437,0,0.0088341655
Warm C,390314,2289,2288,2382,1437,0,0.007002129
Warm C,380869,2225,2224,2382,1437,0,0.012410612
Warm C,341688,2012,2011,2382,1437,0,0.011375942
Warm C,340767,2010,2009,2382,1437,0,0.00035314646
Warm C,290956,1736,1735,2382,1437,0,0.014288424
Warm C,291525,1737,1736,2382,1437,0,-0.0030406448
Warm C,281337,1687,1686,2382,1437,0,0.004702793
Warm C,286292,1709,1708,2382,1437,0,0.0028787774
Warm C,436556,2665,2664,2382,1437,0,0.022387452
Warm C,265902,1613,1612,2382,1437,0,0.0055768085
Warm C,246915,1491,1490,2382,1437,0,0.018334128
Warm C,220883,1339,1338,2382,1437,0,0.009417845
Warm C,215804,1307,1306,2382,1437,1,0.009756597
Warm C,277823,1676,1675,2382,1437,0,0.009973423
Warm C,279546,1680,1679,2382,1437,0,0.013112447
Warm C,213558,1298,1297,2382,1437,0,0.01136803
Warm C,308756,1837,1836,2382,1437,0,0.016931599
Warm C,305006,1812,1811,2382,1437,0,0.017313518
Warm C,307556,1835,1834,2382,1437,0,0.012354876
Warm C,178231,1120,1119,2382,1437,1,0.0054114033
Warm C,328372,1941,1940,2382,1437,0,0.011265829
Warm C,272284,1645,1644,2382,1437,0,0.0007519936
Warm C,342616,2015,2014,2382,1437,1,0.019568965
Warm C,143032,922,921,2382,1437,0,0.0018546567
Warm C,141586,911,910,2382,1437,0,0.020137053
Warm C,135729,877,876,2382,1437,0,0.0050836485
Warm C,134422,869,868,2382,1437,1,0.012401934
Warm C,973929,5874,5873,2382,1437,0,0.020856576
Warm C,122427,790,789,2382,1437,0,0.0013027834
Warm C,263469,1605,1604,2382,1437,0,0.008657526
Warm C,104888,695,694,2382,1437,0,0.013098083
Warm C,352059,2063,2062,2382,1437,0,0.00843711
Warm C,120495,777,776,2382,1437,0,0.006733766
Warm C,83300,549,548,2382,1437,0,0.014068456
Warm C,119361,770,769,2382,1437,0,0.011461625
Warm C,81781,543,542,2382,1437,0,0.01247623
Warm C,70475,475,474,2382,1437,0,0.008805212
Warm C,68796,461,460,2382,1437,0,0.011974032
Warm C,67505,453,452,2382,1437,0,0.013281466
Warm C,44401,302,301,2382,1437,0,0.008888701
Warm C,363190,2116,2115,2382,1437,0,0.007624639
Warm C,626906,3792,3791,2382,1437,0,0.007020606
Warm C,240265,1449,1448,2382,1437,0,0.016922796
Warm C,270067,1635,1634,2382,1437,0,0.010605012
Warm C,15522,123,122,2382,1437,0,0.0030657612
Warm C,4796,34,33,2382,1437,0,0.00522526
Warm C,79537,531,530,2382,1437,1,0.0076197875
Warm C,66111,442,441,2382,1437,0,0.009090593
Warm C,481920,2962,2961,2382,1437,0,0.008466646
Warm C,230576,1395,1394,2382,1437,0,0.01563228
Warm C,78553,528,527,2382,1437,0,0.018958772
Warm C,552481,3401,3400,2382,1437,0,0.019624561
Warm C,238061,1447,1446,2382,1437,0,0.018955221
Warm C,954339,5761,5760,2382,1437,0,0.01163615
Warm C,326150,1930,1929,2382,1437,0,0.008078509
Warm C,299140,1776,1775,2382,1437,0,0.003819464
Warm C,572901,3509,3508,2382,1437,0,0.003428979
Warm C,106176,699,698,2382,1437,0,0.011609604
Warm C,273089,1647,1646,2382,1437,0,0.008582983
Warm C,164687,1051,1050,2382,1437,0,0.008829365
Warm C,265182,1611,1610,2382,1437,0,0.0059717796
Warm C,760387,4517,4516,2382,1437,0,0.004066078
Warm C,329438,1943,1942,2382,1437,0,0.018163096
Warm C,893404,5394,5393,2382,1437,0,0.022591718
Warm C,331749,1958,1957,2382,1437,0,0.018756345
Warm C,193763,1194,1193,2382,1437,0,0.013219222
Warm C,571148,3503,3502,2383,1438,0,0.012337446
Warm C,537302,3311,3310,2383,1438,0,0.00818954
Warm C,536121,3308,3307,2383,1438,0,0.013026266
Warm C,539986,3320,3319,2383,1438,0,0.008537066
Warm C,531141,3280,3279,2383,1438,0,0.01015058
Warm C,515587,3182,3181,2383,1438,0,0.005728512
Warm C,514987,3180,3179,2383,1438,0,0.006857838
Warm C,566361,3476,3475,2383,1438,0,0.008751346
Warm C,574836,3518,3517,2383,1438,0,0.014069058
Warm C,494313,3032,3031,2383,1438,0,0.0061428878
Warm C,492845,3029,3028,2383,1438,0,0.0069769803
Warm C,738487,4411,4410,2383,1438,0,0.005913901
Warm C,492122,3026,3025,2383,1438,0,0.015509089
Warm C,487489,2998,2997,2383,1438,0,0.0079153385
Warm C,481033,2954,2953,2383,1438,0,0.009603589
Warm C,473851,2909,2908,2383,1438,0,0.0075545358
Warm C,460349,2840,2839,2383,1438,0,0.0094920825
Warm C,487127,2996,2995,2383,1438,0,0.0052461773
Warm C,451012,2777,2776,2383,1438,1,0.014670287
Warm C,450333,2776,2775,2383,1438,0,0.011554895
Warm C,438866,2681,2680,2383,1438,0,0.0073277354
Warm C,420522,2541,2540,2383,1438,0,-0.0011557236
Warm C,415548,2503,2502,2383,1438,0,0.007570056
Warm C,414669,2496,2495,2383,1438,0,0.016539931
Warm C,378426,2208,2207,2383,1438,0,0.013465261
Warm C,380872,2225,2224,2383,1438,0,0.004552624
Warm C,341692,2012,2011,2383,1438,0,0.010183007
Warm C,340772,2010,2009,2383,1438,0,0.020429814
Warm C,290957,1736,1735,2383,1438,0,0.006860875
Warm C,291528,1737,1736,2383,1438,0,0.019460343
Warm C,281340,1687,1686,2383,1438,0,0.011837287
Warm C,286294,1709,1708,2383,1438,0,0.004829661
Warm C,436561,2665,2664,2383,1438,0,0.010133446
Warm C,265905,1613,1612,2383,1438,0,0.015853751
Warm C,321350,1904,1903,2383,1438,0,0.009364295
Warm C,227229,1377,1376,2383,1438,0,0.014276808
Warm C,212321,1293,1292,2383,1438,0,-0.0044827517
Warm C,277826,1676,1675,2383,1438,0,0.010238148
Warm C,244078,1470,1469,2383,1438,0,0.021158354
Warm C,279552,1680,1679,2383,1438,0,0.02062977
Warm C,308760,1837,1836,2383,1438,0,0.021339027
Warm C,305010,1812,1811,2383,1438,0,0.018328166
Warm C,186390,1152,1151,2383,1438,0,0.0033570495
Warm C,299143,1776,1775,2383,1438,0,0.015247218
Warm C,220886,1339,1338,2383,1438,0,0.010686776
Warm C,307560,1835,1834,2383,1438,0,0.011070523
Warm C,178236,1120,1119,2383,1438,0,0.008942364
Warm C,328376,1941,1940,2383,1438,0,0.008941185
Warm C,342621,2015,2014,2383,1438,0,0.009209581
Warm C,144209,929,928,2383,1438,0,0.023456905
Warm C,143035,922,921,2383,1438,0,0.018294925
Warm C,141590,911,910,2383,1438,0,0.013004921
Warm C,135732,877,876,2383,1438,0,0.015016562
Warm C,134426,869,868,2383,1438,1,0.005661105
Warm C,973931,5874,5873,2383,1438,0,0.01781704
Warm C,123944,798,797,2383,1438,0,0.02207213
Warm C,111897,728,727,2383,1438,0,-0.011348806
Warm C,104892,695,694,2383,1438,0,-0.0031508184
Warm C,352063,2063,2062,2383,1438,0,0.015376242
Warm C,83305,549,548,2383,1438,0,0.008805141
Warm C,101443,676,675,2383,1438,0,0.0016980188
Warm C,119365,770,769,2383,1438,0,0.0095894085
Warm C,81786,543,542,2383,1438,0,0.009510042
Warm C,70478,475,474,2383,1438,0,0.0039926837
Warm C,68800,461,460,2383,1438,0,0.011857696
Warm C,44407,302,301,2383,1438,0,0.024060588
Warm C,42747,293,292,2383,1438,0,0.004600278
Warm C,626911,3792,3791,2383,1438,0,0.009442593
Warm C,31986,216,215,2383,1438,0,0.0024713627
Warm C,21141,155,154,2383,1438,0,0.01886708
Warm C,15527,123,122,2383,1438,0,0.010020065
Warm C,4797,34,33,2383,1438,0,0.005322733
Warm C,79541,531,530,2383,1438,0,0.01148347
Warm C,66115,442,441,2383,1438,0,0.013904353
Warm C,230580,1395,1394,2383,1438,0,0.009426711
Warm C,78556,528,527,2383,1438,0,0.014296683
Warm C,552485,3401,3400,2383,1438,0,0.013657359
Warm C,238066,1447,1446,2383,1438,0,0.022484276
Warm C,954340,5761,5760,2383,1438,0,0.013730307
Warm C,326152,1930,1929,2383,1438,0,0.0010833319
Warm C,240270,1449,1448,2383,1438,0,0.013348031
Warm C,106181,699,698,2383,1438,0,0.0045574335
Warm C,273093,1647,1646,2383,1438,0,0.0140647795
Warm C,265187,1611,1610,2383,1438,0,0.005208499
Warm C,272286,1645,1644,2383,1438,0,0.009117632
Warm C,760389,4517,4516,2383,1438,0,0.021370385
Warm C,329441,1943,1942,2383,1438,0,0.014473675
Warm C,893405,5394,5393,2383,1438,0,0.016525518
Warm C,331754,1958,1957,2383,1438,0,0.008322809
Warm C,522735,3224,3223,2385,1440,0,0.0058576693
Warm C,517032,3191,3190,2385,1440,0,-0.0035043312
Warm C,785508,4691,4690,2385,1440,0,0.0042755394
Warm C,738488,4411,4410,2385,1440,0,0.00077110436
Warm C,523507,3227,3226,2385,1440,0,0.00631586
Warm C,502948,3087,3086,2385,1440,0,0.01200065
Warm C,499560,3067,3066,2385,1440,0,0.004901698
Warm C,494318,3032,3031,2385,1440,0,0.0070439754
Warm C,492123,3026,3025,2385,1440,0,0.0024947969
Warm C,488725,3007,3006,2385,1440,0,-0.00081079965
Warm C,493472,3031,3030,2385,1440,1,0.008683374
Warm C,483975,2976,2975,2385,1440,0,-0.002345497
Warm C,482387,2966,2965,2385,1440,0,0.0042007845
Warm C,478162,2934,2933,2385,1440,0,0.0060937013
Warm C,466938,2878,2877,2385,1440,0,0.010387711
Warm C,456530,2810,2809,2385,1440,0,0.011109582
Warm C,564554,3471,3470,2385,1440,0,0.0061505223
Warm C,420523,2541,2540,2385,1440,0,-0.002228246
Warm C,463786,2858,2857,2385,1440,1,0.01584855
Warm C,400463,2383,2382,2385,1440,0,0.002976825
Warm C,399556,2378,2377,2385,1440,0,0.0072222846
Warm C,384383,2245,2244,2385,1440,0,0.0011693172
Warm C,377336,2203,2202,2385,1440,0,0.011658214
Warm C,364858,2124,2123,2385,1440,1,0.0061637685
Warm C,363198,2116,2115,2385,1440,1,0.0012288458
Warm C,352068,2063,2062,2385,1440,0,0.005054812
Warm C,341694,2012,2011,2385,1440,0,0.005784993
Warm C,340776,2010,2009,2385,1440,0,0.0033688215
Warm C,280500,1683,1682,2385,1440,0,0.0036014412
Warm C,297609,1764,1763,2385,1440,1,0.0073008635
Warm C,268572,1631,1630,2385,1440,0,-0.00015314063
Warm C,224246,1356,1355,2385,1440,0,0.005010902
Warm C,336111,1980,1979,2385,1440,0,0.013334021
Warm C,223650,1354,1353,2385,1440,0,0.0022769584
Warm C,277828,1676,1675,2385,1440,0,-0.002149702
Warm C,273095,1647,1646,2385,1440,0,0.011463691
Warm C,205925,1264,1263,2385,1440,0,0.0052393926
Warm C,279560,1680,1679,2385,1440,0,0.010936038
Warm C,305012,1812,1811,2385,1440,1,0.0023469897
Warm C,236440,1434,1433,2385,1440,0,0.004334649
Warm C,189044,1172,1171,2385,1440,0,0.001674694
Warm C,331758,1958,1957,2385,1440,0,0.00981788
Warm C,172660,1094,1093,2385,1440,0,0.0050820536
Warm C,172929,1096,1095,2385,1440,0,-0.00372636
Warm C,169832,1078,1077,2385,1440,1,0.006502565
Warm C,167948,1068,1067,2385,1440,0,0.0039182305
Warm C,328380,1941,1940,2385,1440,0,-0.000101319165
Warm C,189427,1173,1172,2385,1440,0,0.0051114783
Warm C,149263,960,959,2385,1440,0,0.0016739322
Warm C,138527,889,888,2385,1440,0,0.010084846
Warm C,136722,881,880,2385,1440,0,0.008572284
Warm C,134429,869,868,2385,1440,1,0.0014120331
Warm C,131248,850,849,2385,1440,1,0.009885627
Warm C,128050,828,827,2385,1440,0,0.006226693
Warm C,360927,2106,2105,2385,1440,0,0.009015527
Warm C,111514,726,725,2385,1440,0,-0.0055411793
Warm C,235098,1425,1424,2385,1440,0,0.0050085555
Warm C,191160,1181,1180,2385,1440,0,0.0044166166
Warm C,83311,549,548,2385,1440,0,0.004694675
Warm C,84325,550,549,2385,1440,0,0.011894662
Warm C,116387,752,751,2385,1440,0,0.00035662914
Warm C,76742,520,519,2385,1440,0,0.00816408
Warm C,58509,396,395,2385,1440,0,0.0072545614
Warm C,155424,1001,1000,2385,1440,0,0.0031006318
Warm C,50072,331,330,2385,1440,0,0.007874062
Warm C,47396,319,318,2385,1440,0,0.00581594
Warm C,49332,329,328,2385,1440,0,0.012739535
Warm C,46429,310,309,2385,1440,1,0.0022572337
Warm C,538038,3312,3311,2385,1440,0,0.010173484
Warm C,37371,255,254,2385,1440,1,-0.0012834975
Warm C,300005,1779,1778,2385,1440,0,0.0069467127
Warm C,6413,45,44,2385,1440,0,-0.0068605863
Warm C,4982,35,34,2385,1440,1,-0.00010447018
Warm C,79546,531,530,2385,1440,0,0.0061319745
Warm C,158399,1015,1014,2385,1440,0,0.004487321
Warm C,626914,3792,3791,2385,1440,0,-0.0010007896
Warm C,750684,4478,4477,2385,1440,0,-0.00013795937
Warm C,907849,5492,5491,2385,1440,0,0.006386691
Warm C,195586,1203,1202,2385,1440,0,0.008061788
Warm C,562685,3462,3461,2385,1440,1,-0.007394241
Warm C,507825,3125,3124,2385,1440,0,0.008053149
Warm C,171831,1088,1087,2385,1440,0,-0.004997027
Warm C,832036,5001,5000,2385,1440,1,0.00072799413
Warm C,178698,1121,1120,2385,1440,1,0.008158722
Warm C,941759,5682,5681,2385,1440,0,0.0040139826
Warm C,790818,4728,4727,2385,1440,0,0.004436765
Warm C,314967,1880,1879,2417,1467,0,0.018010207
Warm C,112280,731,730,2417,1467,1,0.022923104
Warm C,97703,655,654,2417,1467,0,0.020437483
Warm C,87851,577,576,2417,1467,0,0.014663527
Warm C,190436,1181,1180,2417,1467,0,0.020653322
Warm C,239703,1449,1448,2417,1467,0,0.02590383
Warm C,47302,319,318,2417,1467,0,0.011194876
Warm C,638902,3842,3841,2417,1467,0,0.012314003
Warm C,42068,285,284,2417,1467,0,0.012131045
Warm C,6342,45,44,2417,1467,0,0.0018963866
Warm C,211994,1291,1290,2417,1467,0,0.019957237
Warm C,335501,1980,1979,2417,1467,0,0.029742032
Warm C,276053,1671,1670,2417,1467,1,0.020285172
Warm C,974215,5878,5877,2417,1467,0,0.016615454
Warm C,376620,2198,2197,2418,1468,0,-0.0067286952
Warm C,358056,2096,2095,2418,1468,0,0.008045298
Warm C,343976,2020,2019,2418,1468,0,0.010683238
Warm C,380709,2225,2224,2418,1468,0,0.01015215
Warm C,298515,1770,1769,2418,1468,0,0.0063737077
Warm C,280423,1683,1682,2418,1468,0,0.008021488
Warm C,350639,2059,2058,2418,1468,1,0.007935719
Warm C,231573,1404,1403,2418,1468,1,0.005392783
Warm C,335504,1980,1979,2418,1468,0,0.0061223917
Warm C,307918,1836,1835,2418,1468,1,-6.963918e-05
Warm C,278675,1680,1679,2418,1468,1,0.005735093
Warm C,220791,1339,1338,2418,1468,0,0.0057052127
Warm C,184902,1150,1149,2418,1468,0,0.007868914
Warm C,331323,1958,1957,2418,1468,0,0.009214571
Warm C,319887,1899,1898,2418,1468,1,0.004779576
Warm C,164276,1051,1050,2418,1468,0,0.002489654
Warm C,143608,927,926,2418,1468,1,0.003534068
Warm C,156554,1010,1009,2418,1468,0,0.004469784
Warm C,137808,889,888,2418,1468,0,0.0041527357
Warm C,159836,1019,1018,2418,1468,0,0.0036372088
Warm C,124751,802,801,2418,1468,1,0.0051196255
Warm C,210607,1285,1284,2418,1468,1,0.020915505
Warm C,239705,1449,1448,2418,1468,0,0.00046390388
Warm C,112281,731,730,2418,1468,1,0.0097330175
Warm C,106644,702,701,2418,1468,1,0.010520592
Warm C,267110,1624,1623,2418,1468,1,0.00929323
Warm C,233905,1422,1421,2418,1468,1,0.00833736
Warm C,304673,1812,1811,2418,1468,0,0.013107326
Warm C,228016,1383,1382,2418,1468,0,0.014376644
Warm C,190438,1181,1180,2418,1468,0,0.011253037
Warm C,82771,549,548,2418,1468,1,0.012185853
Warm C,83892,550,549,2418,1468,0,7.380324e-05
Warm C,36303,245,244,2418,1468,0,0.008295947
Warm C,21477,157,156,2418,1468,0,0.009242774
Warm C,238607,1448,1447,2418,1468,0,0.009194587
Warm C,15453,123,122,2418,1468,1,0.008680164
Warm C,11741,91,90,2418,1468,1,0.0075727096
Warm C,882808,5333,5332,2418,1468,0,-0.002208978
Warm C,5224,36,35,2418,1468,1,0.0046576727
Warm C,3600,26,25,2418,1468,0,0.015211596
Warm C,60576,411,410,2418,1468,0,0.010413647
Warm C,892813,5394,5393,2418,1468,0,0.013501998
Warm C,27966,195,194,2418,1468,1,0.017210871
Warm C,237629,1447,1446,2418,1468,0,0.011877547
Warm C,144763,934,933,2418,1468,0,0.007999033
Warm C,464026,2860,2859,2418,1468,0,-0.0030475596
Warm C,157790,1015,1014,2418,1468,1,0.0037947209
Warm C,712732,4277,4276,2418,1468,1,0.0069090715
Warm C,561453,3454,3453,2418,1468,0,0.009791369
Warm C,549774,3391,3390,2418,1468,0,-0.0059563015
Warm C,47304,319,318,2419,1469,0,0.006632882
Warm C,110586,721,720,2419,1469,0,0.01426024
Warm C,276054,1671,1670,2419,1469,1,0.002879595
Warm C,3021,23,22,2419,1469,0,0.008124335
Warm C,481625,2962,2961,2419,1469,0,0.010421586
Warm C,140616,904,903,2419,1469,1,0.0022105926
Warm C,101967,678,677,2419,1469,1,0.010708791
Warm C,25982,184,183,2419,1469,1,0.006293024
Warm C,413139,2485,2484,2419,1469,1,-0.0022429046
Warm C,603999,3675,3674,2429,1477,0,0.011787774
Warm C,602792,3669,3668,2429,1477,0,0.017261894
Warm C,602631,3667,3666,2429,1477,1,0.012941983
Warm C,636139,3834,3833,2429,1477,1,0.0030773028
Warm C,712754,4277,4276,2429,1477,1,0.016505105
Warm C,596334,3626,3625,2429,1477,1,0.0038810805
Warm C,590047,3600,3599,2429,1477,0,0.001139343
Warm C,585542,3576,3575,2429,1477,0,0.010992353
Warm C,758390,4510,4509,2429,1477,0,0.012972701
Warm C,568987,3491,3490,2429,1477,1,0.014278677
Warm C,555646,3416,3415,2429,1477,1,0.006995471
Warm C,549420,3390,3389,2429,1477,0,0.00011009467
Warm C,548889,3389,3388,2429,1477,0,0.008567254
Warm C,576889,3526,3525,2429,1477,0,0.0034112998
Warm C,542017,3336,3335,2429,1477,0,0.009085004
Warm C,539752,3320,3319,2429,1477,0,0.007776692
Warm C,519033,3202,3201,2429,1477,0,0.0154987825
Warm C,521354,3217,3216,2429,1477,1,-0.0011670098
Warm C,527256,3261,3260,2429,1477,0,0.013848224
Warm C,509359,3137,3136,2429,1477,0,0.0037132427
Warm C,508138,3128,3127,2429,1477,0,0.0037206034
Warm C,505028,3108,3107,2429,1477,0,0.013138552
Warm C,502816,3087,3086,2429,1477,0,0.0049337917
Warm C,493827,3032,3031,2429,1477,1,0.0109488275
Warm C,489124,3012,3011,2429,1477,0,0.0071373046
Warm C,487549,2999,2998,2429,1477,0,-0.0025153663
Warm C,477880,2934,2933,2429,1477,1,0.009948202
Warm C,472350,2907,2906,2429,1477,0,0.012091213
Warm C,468263,2887,2886,2429,1477,0,0.0028980218
Warm C,646550,3892,3891,2429,1477,0,0.0066035236
Warm C,486904,2996,2995,2429,1477,0,0.0027028576
Warm C,456340,2810,2809,2429,1477,0,0.006021924
Warm C,453518,2793,2792,2429,1477,1,0.010160911
Warm C,447823,2761,2760,2429,1477,0,0.008684438
Warm C,444520,2743,2742,2429,1477,0,0.012909642
Warm C,564183,3471,3470,2429,1477,0,0.011977502
Warm C,418472,2529,2528,2429,1477,1,0.015407061
Warm C,398692,2374,2373,2429,1477,1,0.0073749186
Warm C,391950,2304,2303,2429,1477,0,0.009421216
Warm C,373840,2181,2180,2429,1477,0,0.004829442
Warm C,369780,2164,2163,2429,1477,1,0.008741168
Warm C,367425,2145,2144,2429,1477,1,0.0026171904
Warm C,356268,2088,2087,2429,1477,1,0.005538483
Warm C,340445,2010,2009,2429,1477,0,0.0064933854
Warm C,318292,1891,1890,2429,1477,0,0.008766293
Warm C,266224,1614,1613,2429,1477,0,0.010653004
Warm C,263862,1606,1605,2429,1477,0,-0.0030738914
Warm C,258907,1586,1585,2429,1477,0,0.013553958
Warm C,247285,1495,1494,2429,1477,0,-0.0013193003
Warm C,225700,1367,1366,2429,1477,0,0.0044541657
Warm C,335527,1980,1979,2429,1477,0,0.027073447
Warm C,325228,1926,1925,2429,1477,1,0.0073380205
Warm C,565411,3475,3474,2429,1477,0,0.007844671
Warm C,278704,1680,1679,2429,1477,0,0.012331193
Warm C,196327,1207,1206,2429,1477,0,0.005474805
Warm C,293096,1746,1745,2429,1477,1,0.011956752
Warm C,327669,1941,1940,2429,1477,1,0.010515241
Warm C,331340,1958,1957,2429,1477,0,0.0069067194
Warm C,186319,1152,1151,2429,1477,0,0.0043798634
Warm C,307221,1835,1834,2429,1477,1,0.0058322274
Warm C,308397,1837,1836,2429,1477,0,0.007901704
Warm C,177452,1119,1118,2429,1477,0,0.0033422583
Warm C,179436,1125,1124,2429,1477,1,0.0059229108
Warm C,173520,1100,1099,2429,1477,0,0.002301731
Warm C,248670,1501,1500,2429,1477,0,0.0036389693
Warm C,168242,1069,1068,2429,1477,0,-0.0003563125
Warm C,229168,1389,1388,2429,1477,0,0.008625077
Warm C,162192,1034,1033,2429,1477,0,0.003093697
Warm C,246188,1489,1488,2429,1477,0,0.0027117778
Warm C,136297,881,880,2429,1477,0,0.008211099
Warm C,239722,1449,1448,2429,1477,0,0.019057043
Warm C,121001,780,779,2429,1477,1,0.008994313
Warm C,216370,1314,1313,2429,1477,0,0.0048547573
Warm C,118259,765,764,2429,1477,1,0.005645883
Warm C,98600,660,659,2429,1477,0,0.016576895
Warm C,97712,655,654,2429,1477,0,0.005683503
Warm C,332491,1962,1961,2429,1477,0,0.0048754187
Warm C,291162,1737,1736,2429,1477,1,0.008515265
Warm C,82792,549,548,2429,1477,1,0.015097085
Warm C,233916,1422,1421,2429,1477,0,0.0027777967
Warm C,83906,550,549,2429,1477,0,0.006297866
Warm C,77224,524,523,2429,1477,0,0.011358751
Warm C,70370,475,474,2429,1477,0,0.005684425
Warm C,74612,509,508,2429,1477,0,0.012000611
Warm C,110604,721,720,2429,1477,1,0.0045087608
Warm C,44338,302,301,2429,1477,0,-0.0024089452
Warm C,187907,1165,1164,2429,1477,0,0.003206983
Warm C,695861,4169,4168,2429,1477,0,0.019777592
Warm C,39497,268,267,2429,1477,1,0.004327734
Warm C,36329,245,244,2429,1477,0,0.01800089
Warm C,29097,199,198,2429,1477,0,-0.0020483425
Warm C,299941,1779,1778,2429,1477,0,0.0040219342
Warm C,86486,566,565,2429,1477,0,0.014164599
Warm C,15009,119,118,2429,1477,0,0.01516405
Warm C,15470,123,122,2429,1477,0,0.0028524655
Warm C,10473,75,74,2429,1477,1,0.001074547
Warm C,27994,195,194,2429,1477,1,0.011535195
Warm C,30423,204,203,2429,1477,0,0.008714752
Warm C,3622,26,25,2429,1477,0,0.0012401955
Warm C,49256,329,328,2429,1477,0,0.010729587
Warm C,594,8,7,2429,1477,0,0.0041306205
Warm C,78288,528,527,2429,1477,0,0.0018594046
Warm C,385979,2258,2257,2429,1477,0,0.0020475732
Warm C,18626,146,145,2429,1477,0,0.00031126733
Warm C,65195,438,437,2429,1477,0,0.008856684
Warm C,237646,1447,1446,2429,1477,0,0.009052191
Warm C,164292,1051,1050,2429,1477,0,0.014618259
Warm C,101980,678,677,2429,1477,1,0.004653746
Warm C,171304,1088,1087,2429,1477,1,0.012808999
Warm C,144771,934,933,2429,1477,0,0.004123414
Warm C,599062,3648,3647,2429,1477,0,0.01000128
Warm C,907568,5492,5491,2429,1477,0,0.010714357
Warm C,139126,890,889,2429,1477,1,0.013764563
Warm C,393940,2321,2320,2429,1477,0,0.009719189
Warm C,958768,5787,5786,2429,1477,0,0.017296772
Warm C,628514,3807,3806,2429,1477,1,0.0012948113
Warm C,216823,1317,1316,2429,1477,0,0.018349487
Warm C,300199,1780,1779,2429,1477,0,0.013030513
Warm C,484563,2985,2984,2429,1477,0,0.0006621138
Warm C,877375,5302,5301,2429,1477,0,0.010490451
Warm C,585549,3576,3575,2430,1478,0,0.020801093
Warm C,582391,3558,3557,2430,1478,0,0.01559224
Warm C,744719,4448,4447,2430,1478,1,0.014294384
Warm C,593434,3618,3617,2430,1478,0,0.008991277
Warm C,695881,4169,4168,2430,1478,1,0.025537351
Warm C,548892,3389,3388,2430,1478,0,0.008527271
Warm C,512622,3163,3162,2430,1478,0,0.0032112673
Warm C,566043,3476,3475,2430,1478,0,0.018705836
Warm C,508140,3128,3127,2430,1478,0,0.008152892
Warm C,505034,3108,3107,2430,1478,0,0.018092941
Warm C,493833,3032,3031,2430,1478,1,0.010665864
Warm C,477885,2934,2933,2430,1478,1,0.012764819
Warm C,712764,4277,4276,2430,1478,1,0.015708245
Warm C,463076,2857,2856,2430,1478,0,0.017708113
Warm C,453527,2793,2792,2430,1478,0,0.014573499
Warm C,444934,2744,2743,2430,1478,0,0.0034607789
Warm C,564189,3471,3470,2430,1478,0,0.017340444
Warm C,418481,2529,2528,2430,1478,1,2.5892165e-05
Warm C,414006,2491,2490,2430,1478,0,0.00016519247
Warm C,406725,2443,2442,2430,1478,0,0.013079338
Warm C,398186,2368,2367,2430,1478,1,0.012208151
Warm C,379393,2218,2217,2430,1478,1,-0.0016371384
Warm C,380146,2223,2222,2430,1478,0,0.018484088
Warm C,377692,2205,2204,2430,1478,0,0.0056420052
Warm C,381549,2231,2230,2430,1478,1,0.014084045
Warm C,373848,2181,2180,2430,1478,1,0.009745721
Warm C,369784,2164,2163,2430,1478,1,0.019824902
Warm C,364097,2121,2120,2430,1478,0,0.0032584681
Warm C,364595,2124,2123,2430,1478,1,0.019819567
Warm C,358192,2097,2096,2430,1478,0,0.010976676
Warm C,387477,2265,2264,2430,1478,0,0.006343616
Warm C,356271,2088,2087,2430,1478,1,0.013029991
Warm C,352913,2067,2066,2430,1478,0,-0.004120537
Warm C,318294,1891,1890,2430,1478,1,0.012334287
Warm C,278722,1680,1679,2430,1478,1,0.017366212
Warm C,258913,1586,1585,2430,1478,0,0.020741496
Warm C,350650,2059,2058,2430,1478,0,-0.004046411
Warm C,247287,1495,1494,2430,1478,0,0.00036561582
Warm C,325233,1926,1925,2430,1478,1,0.013730712
Warm C,220574,1337,1336,2430,1478,0,-0.0023881944
Warm C,208628,1274,1273,2430,1478,0,0.011551422
Warm C,203412,1247,1246,2430,1478,0,0.005541429
Warm C,293100,1746,1745,2430,1478,0,0.014012422
Warm C,269748,1635,1634,2430,1478,1,0.02142664
Warm C,327683,1941,1940,2430,1478,1,0.010669304
Warm C,180172,1128,1127,2430,1478,1,0.014580218
Warm C,173524,1100,1099,2430,1478,0,0.0067069437
Warm C,172596,1094,1093,2430,1478,0,0.00318933
Warm C,248676,1501,1500,2430,1478,0,0.006535832
Warm C,159111,1017,1016,2430,1478,1,0.008351382
Warm C,137864,889,888,2430,1478,0,0.018903147
Warm C,131008,850,849,2430,1478,1,0.011244839
Warm C,110297,720,719,2430,1478,0,0.0014351676
Warm C,216372,1314,1313,2430,1478,0,0.0031658679
Warm C,102816,679,678,2430,1478,1,0.0068553756
Warm C,97716,655,654,2430,1478,0,0.017148837
Warm C,96915,651,650,2430,1478,1,0.016632829
Warm C,316642,1884,1883,2430,1478,1,0.008831852
Warm C,94457,634,633,2430,1478,1,0.0025273613
Warm C,93740,629,628,2430,1478,1,0.0021724678
Warm C,152876,984,983,2430,1478,1,0.0044417824
Warm C,82805,549,548,2430,1478,0,0.017351247
Warm C,198121,1218,1217,2430,1478,0,0.013979058
Warm C,83915,550,549,2430,1478,0,0.022880487
Warm C,70664,476,475,2430,1478,1,0.00019971177
Warm C,605130,3679,3678,2430,1478,1,0.0043776156
Warm C,187908,1165,1164,2430,1478,0,0.0024875796
Warm C,36341,245,244,2430,1478,0,0.024207555
Warm C,31913,216,215,2430,1478,0,0.0066962787
Warm C,29103,199,198,2430,1478,0,0.006726525
Warm C,86496,566,565,2430,1478,0,0.009233867
Warm C,18635,146,145,2430,1478,0,0.014167212
Warm C,10478,75,74,2430,1478,1,-0.0049130204
Warm C,591777,3610,3609,2430,1478,0,0.0054858057
Warm C,5645,40,39,2430,1478,1,0.003662073
Warm C,958771,5787,5786,2430,1478,0,0.01080103
Warm C,11906,92,91,2430,1478,0,0.018150855
Warm C,171319,1088,1087,2430,1478,1,0.010722286
Warm C,50599,333,332,2430,1478,0,0.012162502
Warm C,335537,1980,1979,2430,1478,0,0.010897748
Warm C,285164,1701,1700,2430,1478,1,0.014434846
Warm C,657419,3963,3962,2430,1478,0,0.01705971
Warm C,339103,1998,1997,2430,1478,0,0.013975943
Warm C,857804,5156,5155,2430,1478,1,0.002465886
Warm C,472361,2907,2906,2432,1480,0,0.011768904
Warm C,470316,2896,2895,2432,1480,0,0.0029370324
Warm C,468081,2886,2885,2432,1480,0,0.00073971157
Warm C,467599,2882,2881,2432,1480,1,0.009888104
Warm C,456345,2810,2809,2432,1480,0,0.00789853
Warm C,450599,2777,2776,2432,1480,0,0.0047362084
Warm C,444523,2743,2742,2432,1480,1,0.004865007
Warm C,466649,2878,2877,2432,1480,0,0.010666209
Warm C,435528,2663,2662,2432,1480,0,0.0060262033
Warm C,431347,2628,2627,2432,1480,0,0.009049755
Warm C,423086,2565,2564,2432,1480,0,-0.0016065727
Warm C,419401,2535,2534,2432,1480,0,0.0042387377
Warm C,406378,2438,2437,2432,1480,0,-0.0019532787
Warm C,404399,2419,2418,2432,1480,0,0.006894693
Warm C,398187,2368,2367,2432,1480,1,0.0072397683
Warm C,362747,2116,2115,2432,1480,1,0.0094863195
Warm C,356778,2090,2089,2432,1480,0,-0.002849698
Warm C,351446,2063,2062,2432,1480,1,0.014013385
Warm C,327684,1941,1940,2432,1480,1,0.011340168
Warm C,274624,1659,1658,2432,1480,0,-0.0016430449
Warm C,274998,1666,1665,2432,1480,0,-0.0017124696
Warm C,256634,1569,1568,2432,1480,0,0.007459378
Warm C,231878,1406,1405,2432,1480,1,0.0024838946
Warm C,308403,1837,1836,2432,1480,0,0.009757491
Warm C,321616,1908,1907,2432,1480,1,0.009811634
Warm C,263040,1605,1604,2432,1480,1,0.0070648175
Warm C,188166,1168,1167,2432,1480,0,0.012927587
Warm C,170090,1082,1081,2432,1480,1,0.002066535
Warm C,167692,1068,1067,2432,1480,0,0.009176169
Warm C,175348,1112,1111,2432,1480,0,0.006326221
Warm C,162202,1034,1033,2432,1480,1,4.767347e-05
Warm C,149204,960,959,2432,1480,0,0.007415394
Warm C,323673,1920,1919,2432,1480,0,0.0055887294
Warm C,146396,943,942,2432,1480,1,0.008574726
Warm C,142899,922,921,2432,1480,1,-0.0029472397
Warm C,360511,2106,2105,2432,1480,0,0.007820493
Warm C,115902,752,751,2432,1480,0,0.012506067
Warm C,120276,777,776,2432,1480,0,0.0045156083
Warm C,121006,780,779,2432,1480,0,0.006545104
Warm C,107719,710,709,2432,1480,0,0.010075623
Warm C,105883,699,698,2432,1480,0,0.015160269
Warm C,101271,676,675,2432,1480,0,0.009207362
Warm C,176742,1117,1116,2432,1480,0,0.020044511
Warm C,332495,1962,1961,2432,1480,0,-0.00014087977
Warm C,87187,570,569,2432,1480,0,0.016480083
Warm C,86329,564,563,2432,1480,0,0.0038474253
Warm C,291165,1737,1736,2432,1480,1,0.0071259583
Warm C,238633,1448,1447,2432,1480,1,0.0077255582
Warm C,299461,1778,1777,2432,1480,1,0.008740876
Warm C,605131,3679,3678,2432,1480,1,0.0023707363
Warm C,47331,319,318,2432,1480,0,0.009488238
Warm C,355587,2082,2081,2432,1480,0,0.012986491
Warm C,695883,4169,4168,2432,1480,1,0.010483182
Warm C,39503,268,267,2432,1480,1,0.0022246432
Warm C,30206,203,202,2432,1480,0,0.0023075636
Warm C,29439,201,200,2432,1480,1,-0.003317857
Warm C,26323,187,186,2432,1480,1,0.011530824
Warm C,24862,175,174,2432,1480,1,0.0010614281
Warm C,306163,1824,1823,2432,1480,1,0.004117959
Warm C,5492,38,37,2432,1480,0,-0.0019580303
Warm C,4768,34,33,2432,1480,1,0.0009619413
Warm C,5257,36,35,2432,1480,1,0.013371589
Warm C,79154,531,530,2432,1480,0,0.02190512
Warm C,484847,2986,2985,2432,1480,0,0.016710874
Warm C,157828,1015,1014,2432,1480,0,0.008199328
Warm C,78292,528,527,2432,1480,1,0.0057105757
Warm C,399735,2380,2379,2432,1480,0,0.011974188
Warm C,500430,3074,3073,2432,1480,1,0.011840669
Warm C,101988,678,677,2432,1480,1,0.0025552404
Warm C,689758,4126,4125,2432,1480,0,0.0068615023
Warm C,331347,1958,1957,2432,1480,1,0.01605897
Warm C,164300,1051,1050,2432,1480,0,0.01174305
Warm C,907571,5492,5491,2432,1480,1,0.0031032993
Warm C,719927,4312,4311,2432,1480,0,0.01148521
Warm C,992857,5998,5997,2432,1480,0,0.0032348651
Warm C,476239,2926,2925,2432,1480,1,0.0060912203
Warm C,285165,1701,1700,2432,1480,0,0.018809859
Warm C,805624,4823,4822,2432,1480,0,0.01246466
Warm C,565419,3475,3474,2432,1480,0,0.00233299
Warm C,179441,1125,1124,2432,1480,1,0.007671195
Warm C,141381,911,910,2432,1480,1,0.0118843
Warm C,203643,1252,1251,2432,1480,1,-0.0012750626
Warm C,748212,4467,4466,2432,1480,1,0.007467675
Warm C,193464,1194,1193,2432,1480,1,0.005188819
Warm C,177932,1120,1119,2432,1480,0,0.0050798645
Warm C,974226,5878,5877,2432,1480,1,0.014465787
Warm C,277444,1676,1675,2435,1482,0,0.012317114
Warm C,310052,1845,1844,2435,1482,0,0.015154519
Warm C,355714,2084,2083,2435,1482,1,0.016807623
Warm C,184949,1150,1149,2435,1482,0,0.011896154
Warm C,307230,1835,1834,2435,1482,0,0.015518531
Warm C,168249,1069,1068,2435,1482,0,0.013181329
Warm C,175349,1112,1111,2435,1482,0,0.009073049
Warm C,167694,1068,1067,2435,1482,1,0.0020293263
Warm C,163672,1050,1049,2435,1482,0,0.009067121
Warm C,337972,1988,1987,2435,1482,0,0.020739768
Warm C,267846,1628,1627,2435,1482,1,0.013550747
Warm C,107269,706,705,2435,1482,0,0.009865727
Warm C,175955,1113,1112,2435,1482,1,0.015999135
Warm C,115905,752,751,2435,1482,0,0.0131468475
Warm C,283923,1698,1697,2435,1482,1,0.012125691
Warm C,90560,601,600,2435,1482,1,0.0031281419
Warm C,80031,533,532,2435,1482,0,0.0106901005
Warm C,77235,524,523,2435,1482,0,0.020570787
Warm C,74617,509,508,2435,1482,1,0.003341522
Warm C,197238,1211,1210,2435,1482,0,0.0018509967
Warm C,60103,409,408,2435,1482,0,0.0052246414
Warm C,26329,187,186,2435,1482,0,0.0004882887
Warm C,238636,1448,1447,2435,1482,1,0.0070092226
Warm C,9201,62,61,2435,1482,0,0.004361841
Warm C,336890,1983,1982,2435,1482,1,0.022488512
Warm C,157830,1015,1014,2435,1482,1,0.010368114
Warm C,933338,5636,5635,2435,1482,0,0.016000066
Warm C,631376,3821,3820,2435,1482,0,0.014937927
Warm C,519166,3203,3202,2435,1482,0,0.014834357
Warm C,801314,4802,4801,2435,1482,0,0.0065284315
Warm C,712769,4277,4276,2435,1482,0,0.022672912
Warm C,892830,5394,5393,2435,1482,0,0.01670339
Warm C,381934,2232,2231,2435,1482,0,-0.0011839045
Warm C,176743,1117,1116,2435,1482,0,0.0003602137
Warm C,35444,239,238,2435,1482,1,0.007909448
Warm C,71809,482,481,2435,1482,0,0.008679016
Warm C,312784,1865,1864,2435,1482,0,0.012995962
Warm C,823237,4950,4949,2435,1482,0,0.026252225
Warm C,718456,4305,4304,2435,1482,1,0.014443843
Warm C,446746,2753,2752,2436,1483,0,0.005358843
Warm C,443713,2737,2736,2436,1483,1,0.0050109485
Warm C,442354,2724,2723,2436,1483,1,-0.004436241
Warm C,435377,2661,2660,2436,1483,1,0.0043176785
Warm C,426084,2588,2587,2436,1483,0,-0.0030662913
Warm C,558432,3430,3429,2436,1483,0,0.002141158
Warm C,419402,2535,2534,2436,1483,1,0.012395429
Warm C,416400,2507,2506,2436,1483,1,0.008522905
Warm C,464036,2860,2859,2436,1483,0,0.0040447004
Warm C,393839,2320,2319,2436,1483,1,-0.000119232805
Warm C,388683,2277,2276,2436,1483,0,-0.00032073527
Warm C,418483,2529,2528,2436,1483,0,0.0037290505
Warm C,375477,2188,2187,2436,1483,1,0.000806842
Warm C,362751,2116,2115,2436,1483,1,0.008706672
Warm C,339643,2002,2001,2436,1483,1,0.014799161
Warm C,286216,1709,1708,2436,1483,1,-0.0034313332
Warm C,269479,1634,1633,2436,1483,1,-0.0020773297
Warm C,268461,1631,1630,2436,1483,1,0.0038819895
Warm C,280731,1685,1684,2436,1483,1,0.010371256
Warm C,357278,2092,2091,2436,1483,1,0.0018308382
Warm C,335542,1980,1979,2436,1483,0,0.007430022
Warm C,223335,1354,1353,2436,1483,1,0.0062925667
Warm C,321619,1908,1907,2436,1483,0,0.00548778
Warm C,174818,1107,1106,2436,1483,0,0.0020786235
Warm C,143613,927,926,2436,1483,0,-0.0016678486
Warm C,216830,1317,1316,2436,1483,1,0.009070285
Warm C,131011,850,849,2436,1483,0,0.0062334426
Warm C,263043,1605,1604,2436,1483,1,0.0021862122
Warm C,360514,2106,2105,2436,1483,0,0.004316236
Warm C,235483,1426,1425,2436,1483,1,0.00540855
Warm C,112299,731,730,2436,1483,1,0.01816367
Warm C,110612,721,720,2436,1483,1,-0.0030452001
Warm C,695889,4169,4168,2436,1483,0,0.014700401
Warm C,283925,1698,1697,2436,1483,1,0.005305955
Warm C,85022,553,552,2436,1483,1,-0.0016878882
Warm C,74618,509,508,2436,1483,0,-0.00013812352
Warm C,59720,406,405,2436,1483,0,-0.001751856
Warm C,29442,201,200,2436,1483,0,0.0032969066
Warm C,934636,5643,5642,2436,1483,0,0.005882884
Warm C,500431,3074,3073,2436,1483,1,-0.00080860563
Warm C,25784,182,181,2436,1483,1,0.0009941731
Warm C,10758,78,77,2436,1483,0,-0.0015921183
Warm C,49275,329,328,2436,1483,0,0.0031468885
Warm C,9202,62,61,2436,1483,1,0.009139478
Warm C,1072,10,9,2436,1483,1,-0.0056144623
Warm C,206683,1266,1265,2436,1483,0,0.012850154
Warm C,42729,293,292,2436,1483,0,0.0082422625
Warm C,394931,2333,2332,2436,1483,0,-0.0030730953
Warm C,327686,1941,1940,2436,1483,1,0.006677964
Warm C,921012,5565,5564,2436,1483,1,0.0072717215
Warm C,537753,3312,3311,2436,1483,0,0.0027785483
Warm C,969015,5841,5840,2436,1483,0,0.0062418547
Warm C,206257,1265,1264,2436,1483,0,0.0045496086
Warm C,902739,5458,5457,2436,1483,1,0.0013589285
Warm C,371555,2172,2171,2436,1483,1,0.013715706
Warm C,699583,4186,4185,2436,1483,0,0.00017758575
Warm C,398950,2376,2375,2436,1483,1,0.004665357
Warm C,115908,752,751,2436,1483,0,0.0014804911
Warm C,748213,4467,4466,2436,1483,0,0.002662506
Warm C,193465,1194,1193,2436,1483,0,-0.008518331
Warm C,638926,3842,3841,2436,1483,1,0.011190848
Warm C,575140,3519,3518,2436,1483,1,0.0053350655
Warm C,97718,655,654,2437,1484,1,0.009477891
Warm C,89964,593,592,2437,1484,1,-4.9236463e-05
Warm C,89534,590,589,2437,1484,1,0.00083367794
Warm C,85081,554,553,2437,1484,0,0.00043813337
Warm C,84738,551,550,2437,1484,1,0.0007090999
Warm C,74619,509,508,2437,1484,1,0.0031742863
Warm C,155235,1001,1000,2437,1484,0,0.006153729
Warm C,553755,3410,3409,2437,1484,1,0.019614475
Warm C,41433,281,280,2437,1484,0,0.00824179
Warm C,26331,187,186,2437,1484,1,0.00948169
Warm C,334,5,4,2437,1484,0,0.009828875
Warm C,223336,1354,1353,2437,1484,0,0.0094773
Warm C,901373,5450,5449,2437,1484,1,0.015109306
Warm C,384650,2247,2246,2437,1484,1,0.0050360076
Warm C,157834,1015,1014,2437,1484,1,0.015653431
Warm C,416403,2507,2506,2437,1484,1,0.018808208
Warm C,933341,5636,5635,2437,1484,0,0.009833396
Warm C,101990,678,677,2437,1484,1,0.0082915295
Warm C,927453,5605,5604,2437,1484,1,0.0058273952
Warm C,608989,3693,3692,2437,1484,0,0.0031930017
Warm C,821547,4940,4939,2437,1484,1,0.0063853357
Warm C,958773,5787,5786,2437,1484,0,0.009476116
Warm C,511782,3158,3157,2437,1484,1,0.014124702
Warm C,193466,1194,1193,2437,1484,1,0.026510887
Warm C,974230,5878,5877,2437,1484,0,0.0036978014
Warm C,608161,3690,3689,2439,1485,0,-0.00022152718
Warm C,585090,3572,3571,2439,1485,0,0.0014719623
Warm C,578690,3538,3537,2439,1485,1,0.013037958
Warm C,571898,3507,3506,2439,1485,0,0.0046337973
Warm C,644134,3882,3881,2439,1485,1,0.0016937954
Warm C,568997,3491,3490,2439,1485,1,-0.00044962484
Warm C,593450,3618,3617,2439,1485,0,0.007948097
Warm C,557570,3425,3424,2439,1485,1,0.0032142643
Warm C,553758,3410,3409,2439,1485,1,0.0113513
Warm C,549810,3391,3390,2439,1485,1,-0.0013150377
Warm C,541203,3329,3328,2439,1485,0,0.004933824
Warm C,542025,3336,3335,2439,1485,0,0.00041341037
Warm C,535506,3305,3304,2439,1485,1,-0.0010342062
Warm C,534290,3299,3298,2439,1485,1,0.010881617
Warm C,533064,3292,3291,2439,1485,1,0.0038420781
Warm C,531978,3285,3284,2439,1485,1,0.0068702907
Warm C,529044,3271,3270,2439,1485,1,0.004610013
Warm C,830897,4995,4994,2439,1485,1,-0.008523939
Warm C,520504,3210,3209,2439,1485,1,-0.0023666355
Warm C,519168,3203,3202,2439,1485,0,0.005111605
Warm C,526185,3253,3252,2439,1485,0,0.008396644
Warm C,893588,5395,5394,2439,1485,1,0.018155761
Warm C,502366,3083,3082,2439,1485,1,0.013768856
Warm C,502034,3082,3081,2439,1485,0,0.002848229
Warm C,498702,3065,3064,2439,1485,1,0.0021065746
Warm C,712772,4277,4276,2439,1485,1,0.006583429
Warm C,496836,3053,3052,2439,1485,0,-0.0011250162
Warm C,493259,3031,3030,2439,1485,1,0.029477438
Warm C,738067,4411,4410,2439,1485,0,0.010030521
Warm C,489887,3014,3013,2439,1485,1,-0.0037273113
Warm C,888558,5367,5366,2439,1485,1,0.014827027
Warm C,482590,2967,2966,2439,1485,0,-0.0014696671
Warm C,480795,2952,2951,2439,1485,1,0.013596432
Warm C,475064,2916,2915,2439,1485,1,0.018558605
Warm C,467728,2883,2882,2439,1485,1,0.0027998947
Warm C,466654,2878,2877,2439,1485,1,0.0043124314
Warm C,465554,2872,2871,2439,1485,1,0.008877528
Warm C,464601,2863,2862,2439,1485,1,0.008420064
Warm C,458855,2825,2824,2439,1485,1,-0.0009848911
Warm C,443315,2733,2732,2439,1485,1,0.0009155292
Warm C,446315,2752,2751,2439,1485,0,0.0010556262
Warm C,564195,3471,3470,2439,1485,0,0.01050735
Warm C,440912,2700,2699,2439,1485,1,0.012002295
Warm C,695894,4169,4168,2439,1485,0,0.012355132
Warm C,438252,2679,2678,2439,1485,0,0.0007609776
Warm C,605617,3681,3680,2439,1485,0,0.010561783
Warm C,424187,2572,2571,2439,1485,1,0.0104017295
Warm C,417449,2517,2516,2439,1485,0,-0.004873457
Warm C,416407,2507,2506,2439,1485,1,0.02392429
Warm C,408022,2453,2452,2439,1485,1,0.0005683433
Warm C,398953,2376,2375,2439,1485,1,0.0077038975
Warm C,398192,2368,2367,2439,1485,1,0.008715487
Warm C,391555,2303,2302,2439,1485,1,-0.0110335285
Warm C,390902,2295,2294,2439,1485,1,0.0012225327
Warm C,389876,2288,2287,2439,1485,1,0.003233433
Warm C,388589,2276,2275,2439,1485,1,-0.0077682557
Warm C,384864,2248,2247,2439,1485,1,3.8362108e-05
Warm C,382741,2237,2236,2439,1485,1,0.011486306
Warm C,368156,2151,2150,2439,1485,0,-0.004946703
Warm C,359241,2102,2101,2439,1485,1,0.0029702154
Warm C,348876,2047,2046,2439,1485,1,0.012083609
Warm C,340280,2009,2008,2439,1485,1,0.005171028
Warm C,337397,1984,1983,2439,1485,1,0.007821627
Warm C,335548,1980,1979,2439,1485,1,0.007289218
Warm C,306929,1833,1832,2439,1485,0,-0.0033648962
Warm C,326376,1932,1931,2439,1485,0,-0.007239352
Warm C,292150,1741,1740,2439,1485,0,0.0042101913
Warm C,278730,1680,1679,2439,1485,0,0.019064125
Warm C,267486,1626,1625,2439,1485,0,0.0034031682
Warm C,246811,1491,1490,2439,1485,1,0.008876659
Warm C,260605,1593,1592,2439,1485,0,0.006831349
Warm C,631381,3821,3820,2439,1485,0,0.0073988084
Warm C,226652,1374,1373,2439,1485,0,-0.0024260115
Warm C,219729,1333,1332,2439,1485,1,0.0015628743
Warm C,207923,1272,1271,2439,1485,1,-0.0008456032
Warm C,307928,1836,1835,2439,1485,1,0.0013358449
Warm C,210642,1285,1284,2439,1485,0,0.012182057
Warm C,200737,1233,1232,2439,1485,1,-0.0047611003
Warm C,200612,1232,1231,2439,1485,1,0.0081042275
Warm C,199304,1224,1223,2439,1485,1,0.007937785
Warm C,184956,1150,1149,2439,1485,0,0.0084956335
Warm C,307233,1835,1834,2439,1485,1,0.020705787
Warm C,168253,1069,1068,2439,1485,1,0.010240365
Warm C,175353,1112,1111,2439,1485,0,0.0019630557
Warm C,166325,1059,1058,2439,1485,0,0.020781174
Warm C,330652,1952,1951,2439,1485,1,0.00588454
Warm C,190503,1181,1180,2439,1485,0,-0.0029849447
Warm C,154050,992,991,2439,1485,0,0.0056889374
Warm C,234770,1425,1424,2439,1485,1,0.016351165
Warm C,244837,1474,1473,2439,1485,1,0.007985355
Warm C,169507,1077,1076,2439,1485,1,0.01843826
Warm C,148669,957,956,2439,1485,1,0.0024315016
Warm C,270751,1639,1638,2439,1485,0,0.0012271474
Warm C,195250,1203,1202,2439,1485,1,-0.0057101883
Warm C,154569,998,997,2439,1485,1,0.0072829584
Warm C,156587,1010,1009,2439,1485,1,0.007777497
Warm C,137873,889,888,2439,1485,0,0.0095617045
Warm C,199988,1228,1227,2439,1485,1,0.014686701
Warm C,230281,1393,1392,2439,1485,1,0.011130585
Warm C,263047,1605,1604,2439,1485,0,0.00017906167
Warm C,115913,752,751,2439,1485,0,0.0052117007
Warm C,110615,721,720,2439,1485,0,0.01240938
Warm C,89965,593,592,2439,1485,1,-0.01072317
Warm C,72891,493,492,2439,1485,1,0.008529039
Warm C,71810,482,481,2439,1485,1,0.010383962
Warm C,60107,409,408,2439,1485,0,0.009626344
Warm C,68154,457,456,2439,1485,1,2.0652893e-05
Warm C,60610,411,410,2439,1485,0,0.011995275
Warm C,22419,163,162,2439,1485,0,0.002467725
Warm C,359927,2105,2104,2439,1485,1,0.005039286
Warm C,9938,69,68,2439,1485,1,-0.0043314025
Warm C,902741,5458,5457,2439,1485,0,-0.0004790537
Warm C,206686,1266,1265,2439,1485,0,0.0063407114
Warm C,772066,4602,4601,2439,1485,1,0.008285893
Warm C,50032,331,330,2439,1485,1,0.0031428784
Warm C,157838,1015,1014,2439,1485,1,0.007867245
Warm C,354731,2077,2076,2439,1485,1,0.015403928
Warm C,239742,1449,1448,2439,1485,0,0.0057385163
Warm C,257461,1579,1578,2439,1485,1,0.013516984
Warm C,497103,3054,3053,2439,1485,0,0.008184714
Warm C,413640,2489,2488,2439,1485,0,0.01360223
Warm C,992859,5998,5997,2439,1485,0,0.001983783
Warm C,47341,319,318,2439,1485,1,0.003414216
Warm C,129215,839,838,2439,1485,1,0.009121559
Warm C,331352,1958,1957,2439,1485,0,-0.007025701
Warm C,287611,1717,1716,2439,1485,0,0.014170323
Warm C,285169,1701,1700,2439,1485,1,0.0069499775
Warm C,171326,1088,1087,2439,1485,1,0.010721702
Warm C,25893,183,182,2439,1485,1,0.0010197619
Warm C,526998,3260,3259,2439,1485,0,0.0008986824
Warm C,322132,1912,1911,2439,1485,0,0.012454361
Warm C,846950,5090,5089,2439,1485,1,0.0077180183
Warm C,795978,4771,4770,2439,1485,0,-0.0027537039
Warm C,193470,1194,1193,2439,1485,1,0.0023453506
Warm C,62628,424,423,2439,1485,1,0.0070550325
Warm C,974232,5878,5877,2439,1485,1,0.017519606
Warm C,937175,5654,5653,2439,1485,0,0.005677124
Warm C,984521,5950,5949,2439,1485,1,0.006063277
Warm C,428528,2608,2607,2442,1486,0,0.0050603263
Warm C,425872,2584,2583,2442,1486,1,-0.0064104698
Warm C,425218,2581,2580,2442,1486,1,-0.000245644
Warm C,408029,2453,2452,2442,1486,1,0.0027559395
Warm C,398957,2376,2375,2442,1486,1,0.00035030046
Warm C,398193,2368,2367,2442,1486,1,0.0060978085
Warm C,369320,2161,2160,2442,1486,1,-0.00089588296
Warm C,359930,2105,2104,2442,1486,1,-0.0044538183
Warm C,353948,2073,2072,2442,1486,1,0.0014687448
Warm C,348880,2047,2046,2442,1486,0,0.0034745976
Warm C,335558,1980,1979,2442,1486,1,0.0060426826
Warm C,332966,1963,1962,2442,1486,1,-0.0060477424
Warm C,318611,1894,1893,2442,1486,1,0.0008738653
Warm C,323089,1916,1915,2442,1486,1,0.0045389584
Warm C,330371,1950,1949,2442,1486,1,0.0035486354
Warm C,301039,1788,1787,2442,1486,1,-0.0073249433
Warm C,301192,1790,1789,2442,1486,0,-0.008254154
Warm C,278744,1680,1679,2442,1486,1,0.00607749
Warm C,268850,1632,1631,2442,1486,0,0.011419875
Warm C,267488,1626,1625,2442,1486,0,0.0040024165
Warm C,264094,1607,1606,2442,1486,0,0.0018805254
Warm C,246814,1491,1490,2442,1486,1,0.0073607336
Warm C,332503,1962,1961,2442,1486,1,0.0034136116
Warm C,325244,1926,1925,2442,1486,1,0.0016256031
Warm C,319186,1897,1896,2442,1486,0,-0.0022953572
Warm C,296326,1758,1757,2442,1486,1,0.003984755
Warm C,209354,1279,1278,2442,1486,1,0.0058821007
Warm C,270757,1639,1638,2442,1486,1,-0.0013001289
Warm C,195255,1203,1202,2442,1486,0,0.0021987313
Warm C,169763,1078,1077,2442,1486,1,0.0052605616
Warm C,168259,1069,1068,2442,1486,0,-0.006478278
Warm C,334471,1974,1973,2442,1486,0,0.0029589906
Warm C,161821,1032,1031,2442,1486,1,-0.0047626193
Warm C,160825,1022,1021,2442,1486,1,0.00072868273
Warm C,234775,1425,1424,2442,1486,1,0.00056149
Warm C,150008,966,965,2442,1486,1,-0.0026266435
Warm C,149205,960,959,2442,1486,1,0.006500733
Warm C,148672,957,956,2442,1486,1,-0.0066687316
Warm C,148051,954,953,2442,1486,1,-0.0040066363
Warm C,146397,943,942,2442,1486,0,-0.012394013
Warm C,143823,928,927,2442,1486,1,0.013369685
Warm C,184967,1150,1149,2442,1486,0,0.013972033
Warm C,137885,889,888,2442,1486,0,0.0006538073
Warm C,136318,881,880,2442,1486,0,0.010118537
Warm C,131020,850,849,2442,1486,1,0.011288509
Warm C,199992,1228,1227,2442,1486,1,0.006517859
Warm C,263052,1605,1604,2442,1486,1,0.009647787
Warm C,115919,752,751,2442,1486,1,-0.0013403443
Warm C,107272,706,705,2442,1486,1,0.009491083
Warm C,105053,696,695,2442,1486,1,0.0018595794
Warm C,92907,622,621,2442,1486,1,0.009960442
Warm C,695913,4169,4168,2442,1486,1,0.0055997134
Warm C,89966,593,592,2442,1486,1,-0.0063951495
Warm C,432066,2634,2633,2442,1486,1,0.0008020252
Warm C,169510,1077,1076,2442,1486,0,0.0012117317
Warm C,84743,551,550,2442,1486,1,0.0045798714
Warm C,74627,509,508,2442,1486,1,0.0023586522
Warm C,155241,1001,1000,2442,1486,1,-0.0032565813
Warm C,132296,855,854,2442,1486,1,0.008901027
Warm C,47357,319,318,2442,1486,1,0.007875228
Warm C,61218,412,411,2442,1486,1,0.009950867
Warm C,50041,331,330,2442,1486,1,-0.005975048
Warm C,153622,987,986,2442,1486,0,0.007311294
Warm C,24873,175,174,2442,1486,0,-0.006276732
Warm C,26337,187,186,2442,1486,1,-0.0042266697
Warm C,33405,225,224,2442,1486,1,0.0057146023
Warm C,5501,38,37,2442,1486,1,0.012580392
Warm C,4086,30,29,2442,1486,0,0.00049386825
Warm C,624,8,7,2442,1486,1,0.0068965927
Warm C,206691,1266,1265,2442,1486,1,0.006581692
Warm C,157854,1015,1014,2442,1486,1,0.01337922
Warm C,933346,5636,5635,2442,1486,0,0.0017091245
Warm C,573428,3512,3511,2442,1486,1,0.008562373
Warm C,777651,4647,4646,2442,1486,1,0.004212088
Warm C,460566,2841,2840,2442,1486,1,-0.005395321
Warm C,916618,5539,5538,2442,1486,0,0.0047580777
Warm C,484854,2986,2985,2442,1486,1,0.016698357
Warm C,189259,1173,1172,2442,1486,1,0.011367321
Warm C,772605,4607,4606,2442,1486,1,0.0010375237
Warm C,960234,5792,5791,2442,1486,1,0.0037281252
Warm C,537760,3312,3311,2442,1486,0,0.00250519
Warm C,992860,5998,5997,2442,1486,0,0.008859163
Warm C,71819,482,481,2442,1486,0,0.003065891
Warm C,312791,1865,1864,2442,1486,1,0.0006814664
Warm C,179450,1125,1124,2442,1486,1,0.005914845
Warm C,370902,2168,2167,2442,1486,0,0.0071291234
Warm C,464043,2860,2859,2442,1486,1,0.0012479768
Warm C,285174,1701,1700,2442,1486,0,0.0040129265
Warm C,797947,4785,4784,2442,1486,1,-0.0047111195
Warm C,977856,5892,5891,2442,1486,1,-0.0009352581
Warm C,171341,1088,1087,2442,1486,1,0.0010491903
Warm C,806686,4829,4828,2442,1486,1,0.011957167
Warm C,34669,235,234,2442,1486,1,0.0076624937
Warm C,187514,1164,1163,2442,1486,1,0.0054399855
Warm C,846953,5090,5089,2442,1486,1,5.0987583e-06
Warm C,807122,4831,4830,2442,1486,1,0.010150209
Warm C,193474,1194,1193,2442,1486,0,0.009994875
Warm C,616624,3732,3731,2442,1486,1,0.002829229
Warm C,33902,229,228,2442,1486,1,0.0042990656
Warm C,937614,5657,5656,2442,1486,0,0.009083436
Warm C,385877,2257,2256,2443,1487,1,0.0033822327
Warm C,374612,2183,2182,2443,1487,0,0.009716333
Warm C,373137,2179,2178,2443,1487,1,0.010481867
Warm C,373861,2181,2180,2443,1487,1,0.018228803
Warm C,358799,2100,2099,2443,1487,0,0.0043323985
Warm C,353949,2073,2072,2443,1487,1,0.010090411
Warm C,351465,2063,2062,2443,1487,0,0.019055672
Warm C,350530,2058,2057,2443,1487,1,0.007230139
Warm C,347900,2041,2040,2443,1487,0,0.012621792
Warm C,345605,2027,2026,2443,1487,0,0.0098348
Warm C,324730,1924,1923,2443,1487,1,0.012713296
Warm C,303710,1804,1803,2443,1487,1,0.006154243
Warm C,277454,1676,1675,2443,1487,0,0.009850778
Warm C,282544,1694,1693,2443,1487,1,0.0071571083
Warm C,267489,1626,1625,2443,1487,1,0.012297353
Warm C,262667,1602,1601,2443,1487,1,0.00269573
Warm C,236589,1436,1435,2443,1487,1,-0.0023660366
Warm C,214262,1301,1300,2443,1487,0,0.014093186
Warm C,211747,1288,1287,2443,1487,1,0.010088051
Warm C,203843,1254,1253,2443,1487,1,0.004705185
Warm C,200969,1239,1238,2443,1487,1,0.0028348756
Warm C,202341,1244,1243,2443,1487,1,0.014079405
Warm C,193123,1193,1192,2443,1487,1,0.014077038
Warm C,189597,1175,1174,2443,1487,1,0.007981865
Warm C,189260,1173,1172,2443,1487,0,0.008375125
Warm C,188857,1172,1171,2443,1487,1,0.02524199
Warm C,186322,1152,1151,2443,1487,0,0.010126917
Warm C,316156,1883,1882,2443,1487,0,0.018326113
Warm C,182335,1138,1137,2443,1487,1,0.008795062
Warm C,166331,1059,1058,2443,1487,1,0.0163064
Warm C,219465,1331,1330,2443,1487,1,0.014157613
Warm C,150009,966,965,2443,1487,0,0.011993004
Warm C,246204,1489,1488,2443,1487,0,0.016013265
Warm C,137887,889,888,2443,1487,0,0.01636874
Warm C,131755,854,853,2443,1487,1,0.011659487
Warm C,128907,838,837,2443,1487,1,0.006291529
Warm C,181884,1137,1136,2443,1487,1,0.013238524
Warm C,252154,1527,1526,2443,1487,0,0.013243154
Warm C,223342,1354,1353,2443,1487,0,0.007180886
Warm C,360525,2106,2105,2443,1487,1,0.009765792
Warm C,176751,1117,1116,2443,1487,1,0.007978751
Warm C,97722,655,654,2443,1487,0,0.009621508
Warm C,89967,593,592,2443,1487,1,0.009330935
Warm C,74628,509,508,2443,1487,0,0.008544787
Warm C,69368,465,464,2443,1487,0,0.0037603865
Warm C,64154,429,428,2443,1487,0,0.018600913
Warm C,42458,290,289,2443,1487,0,0.0001491995
Warm C,312792,1865,1864,2443,1487,0,0.0050781313
Warm C,61219,412,411,2443,1487,1,0.007726559
Warm C,33117,224,223,2443,1487,1,0.013380038
Warm C,30208,203,202,2443,1487,1,0.012081431
Warm C,26338,187,186,2443,1487,1,0.0072886674
Warm C,6390,45,44,2443,1487,1,0.0054217535
Warm C,79168,531,530,2443,1487,0,0.009224834
Warm C,22176,162,161,2443,1487,1,0.0028220264
Warm C,157855,1015,1014,2443,1487,0,0.022174636
Warm C,27083,192,191,2443,1487,0,0.010052393
Warm C,76295,518,517,2443,1487,1,0.0069658104
Warm C,570944,3503,3502,2443,1487,0,0.012182234
Warm C,484855,2986,2985,2443,1487,0,0.02079164
Warm C,263053,1605,1604,2443,1487,1,0.0073130033
Warm C,915712,5536,5535,2443,1487,1,0.018069858
Warm C,730531,4371,4370,2443,1487,1,0.014738261
Warm C,171342,1088,1087,2443,1487,0,0.009323999
Warm C,319187,1897,1896,2443,1487,0,0.016077895
Warm C,295556,1755,1754,2443,1487,0,0.00930603
Warm C,536876,3311,3310,2445,1488,0,0.0046406877
Warm C,223345,1354,1353,2445,1488,0,0.0031293267
Warm C,79171,531,530,2445,1488,0,0.0008313542
Warm C,506121,3113,3112,2445,1488,1,0.008803794
Warm C,78301,528,527,2445,1488,0,0.016148709
Warm C,169210,1074,1073,2445,1488,1,-0.008390402
Warm C,682219,4085,4084,2445,1488,0,0.008682087
Warm C,413646,2489,2488,2445,1488,0,0.0061469763
Warm C,892833,5394,5393,2445,1488,0,0.014141034
Warm C,902744,5458,5457,2445,1488,0,0.011478497
Warm C,51390,338,337,2445,1488,0,0.0032536243
Warm C,327706,1941,1940,2445,1488,0,0.006949761
Warm C,171345,1088,1087,2445,1488,0,0.007954544
Warm C,272694,1647,1646,2445,1488,0,0.015073732
Warm C,933347,5636,5635,2446,1489,0,0.0126765035
Warm C,234779,1425,1424,2446,1489,1,0.014480554
Warm C,295557,1755,1754,2446,1489,0,0.005253258
Warm C,629141,3808,3807,2448,1491,0,0.022601742
Warm C,621086,3762,3761,2448,1491,0,0.017514009
Warm C,623240,3771,3770,2448,1491,0,0.008755726
Warm C,617255,3736,3735,2448,1491,0,0.008941525
Warm C,747047,4458,4457,2448,1491,0,0.016424116
Warm C,616454,3731,3730,2448,1491,0,0.005293901
Warm C,744728,4448,4447,2448,1491,1,0.0141377505
Warm C,596356,3626,3625,2448,1491,0,0.0032717972
Warm C,587722,3589,3588,2448,1491,0,0.009085159
Warm C,653994,3942,3941,2448,1491,0,0.016322378
Warm C,574264,3516,3515,2448,1491,0,0.013191417
Warm C,604933,3678,3677,2448,1491,0,0.003867221
Warm C,657047,3961,3960,2448,1491,0,0.0071460595
Warm C,539346,3317,3316,2448,1491,0,0.0061921696
Warm C,536882,3311,3310,2448,1491,0,0.0074519115
Warm C,542033,3336,3335,2448,1491,0,0.012113519
Warm C,530851,3280,3279,2448,1491,0,0.0075096576
Warm C,524007,3230,3229,2448,1491,1,0.0056804977
Warm C,517361,3193,3192,2448,1491,0,-0.00020059757
Warm C,566058,3476,3475,2448,1491,0,0.0009727131
Warm C,507438,3123,3122,2448,1491,0,0.014902637
Warm C,507161,3121,3120,2448,1491,0,0.005723973
Warm C,516319,3189,3188,2448,1491,0,0.014594719
Warm C,640970,3853,3852,2448,1491,0,0.0018552246
Warm C,491551,3024,3023,2448,1491,1,0.0062047397
Warm C,472374,2907,2906,2448,1491,0,0.018207373
Warm C,473297,2909,2908,2448,1491,1,0.021936579
Warm C,463089,2857,2856,2448,1491,0,0.011194107
Warm C,462205,2852,2851,2448,1491,0,0.005280048
Warm C,461769,2848,2847,2448,1491,0,0.005880804
Warm C,438959,2682,2681,2448,1491,0,0.018128749
Warm C,426384,2590,2589,2448,1491,0,0.013305431
Warm C,423095,2565,2564,2448,1491,1,0.014325768
Warm C,398070,2366,2365,2448,1491,0,0.011887516
Warm C,389888,2288,2287,2448,1491,0,0.0068545965
Warm C,406770,2444,2443,2448,1491,0,0.013598448
Warm C,386544,2261,2260,2448,1491,0,0.0035887945
Warm C,377117,2203,2202,2448,1491,1,0.010113483
Warm C,376811,2200,2199,2448,1491,0,0.006741188
Warm C,370645,2167,2166,2448,1491,0,-0.0043218285
Warm C,367428,2145,2144,2448,1491,0,0.008014204
Warm C,366758,2138,2137,2448,1491,0,0.0074861827
Warm C,366079,2131,2130,2448,1491,0,0.021315746
Warm C,365341,2126,2125,2448,1491,0,0.0028124712
Warm C,358405,2098,2097,2448,1491,0,0.012435993
Warm C,351475,2063,2062,2448,1491,0,0.0073978556
Warm C,340464,2010,2009,2448,1491,0,0.002676823
Warm C,339832,2004,2003,2448,1491,0,0.009918215
Warm C,323496,1919,1918,2448,1491,0,-0.0050232145
Warm C,330374,1950,1949,2448,1491,0,0.0019276168
Warm C,324315,1922,1921,2448,1491,0,0.006798393
Warm C,300855,1784,1783,2448,1491,0,0.006682092
Warm C,305436,1817,1816,2448,1491,0,0.013867529
Warm C,297341,1764,1763,2448,1491,0,0.008716398
Warm C,293103,1746,1745,2448,1491,1,0.0013250462
Warm C,303462,1803,1802,2448,1491,0,0.008145612
Warm C,278756,1680,1679,2448,1491,0,0.015631009
Warm C,277462,1676,1675,2448,1491,0,0.020634292
Warm C,276802,1675,1674,2448,1491,0,0.009471643
Warm C,275421,1667,1666,2448,1491,0,0.008353745
Warm C,271399,1641,1640,2448,1491,0,0.0020080337
Warm C,267494,1626,1625,2448,1491,0,0.0016481942
Warm C,268300,1630,1629,2448,1491,0,0.0051022107
Warm C,266588,1617,1616,2448,1491,0,0.013106346
Warm C,242648,1465,1464,2448,1491,1,0.009609917
Warm C,226008,1369,1368,2448,1491,1,0.0063070934
Warm C,226983,1377,1376,2448,1491,0,0.009794496
Warm C,224627,1358,1357,2448,1491,0,0.018531807
Warm C,232990,1418,1417,2448,1491,0,0.012360558
Warm C,224435,1357,1356,2448,1491,0,0.009584451
Warm C,368284,2153,2152,2448,1491,0,0.010213087
Warm C,221786,1341,1340,2448,1491,0,-0.00010752119
Warm C,221150,1340,1339,2448,1491,0,0.0067984224
Warm C,224045,1356,1355,2448,1491,0,0.005349137
Warm C,214047,1300,1299,2448,1491,0,0.0066669984
Warm C,261616,1599,1598,2448,1491,0,0.0012305919
Warm C,198764,1221,1220,2448,1491,1,0.0010860723
Warm C,196111,1206,1205,2448,1491,0,0.0044013094
Warm C,327713,1941,1940,2448,1491,0,0.015214982
Warm C,321621,1908,1907,2448,1491,0,0.006335915
Warm C,178814,1122,1121,2448,1491,0,0.007355427
Warm C,183885,1146,1145,2448,1491,0,0.0018617839
Warm C,150926,971,970,2448,1491,0,0.010920394
Warm C,147617,950,949,2448,1491,0,-0.0003534304
Warm C,146842,948,947,2448,1491,0,0.00013043615
Warm C,137892,889,888,2448,1491,0,0.012115962
Warm C,137300,885,884,2448,1491,0,0.007219024
Warm C,136073,880,879,2448,1491,0,0.012147846
Warm C,114069,741,740,2448,1491,0,-0.001726431
Warm C,113214,735,734,2448,1491,0,0.0109254075
Warm C,107736,710,709,2448,1491,0,0.01855611
Warm C,99406,663,662,2448,1491,1,0.0055367737
Warm C,87406,571,570,2448,1491,0,0.0010233093
Warm C,308419,1837,1836,2448,1491,0,0.013086109
Warm C,86028,563,562,2448,1491,0,0.018845038
Warm C,81507,543,542,2448,1491,1,0.013908815
Warm C,250319,1509,1508,2448,1491,0,0.0014096834
Warm C,362769,2116,2115,2448,1491,0,0.0064122733
Warm C,83929,550,549,2448,1491,0,0.0023859462
Warm C,115927,752,751,2448,1491,0,0.011777516
Warm C,70374,475,474,2448,1491,1,0.009354385
Warm C,66476,445,444,2448,1491,0,0.007399931
Warm C,53610,352,351,2448,1491,0,0.010354441
Warm C,49310,329,328,2448,1491,0,0.010250826
Warm C,110625,721,720,2448,1491,0,0.0014041092
Warm C,74015,504,503,2448,1491,0,0.006898174
Warm C,45180,305,304,2448,1491,0,0.010298198
Warm C,44383,302,301,2448,1491,0,0.011186169
Warm C,695919,4169,4168,2448,1491,0,0.013953494
Warm C,291181,1737,1736,2448,1491,1,0.008172907
Warm C,99806,667,666,2448,1491,0,0.0040173465
Warm C,14429,117,116,2448,1491,0,0.013789995
Warm C,439785,2688,2687,2448,1491,0,0.012366207
Warm C,10209,73,72,2448,1491,0,0.010532912
Warm C,202944,1246,1245,2448,1491,0,0.00402491
Warm C,432565,2638,2637,2448,1491,0,0.008519407
Warm C,753223,4489,4488,2448,1491,0,0.0073905294
Warm C,290004,1733,1732,2448,1491,0,0.014464912
Warm C,174019,1101,1100,2448,1491,0,0.0018548738
Warm C,537766,3312,3311,2448,1491,0,0.016644612
Warm C,456040,2808,2807,2448,1491,0,0.007874977
Warm C,454508,2796,2795,2448,1491,0,0.0024785027
Warm C,195263,1203,1202,2448,1491,0,0.01184237
Warm C,310550,1851,1850,2448,1491,0,0.00043658493
Warm C,423396,2566,2565,2448,1491,0,0.004434203
Warm C,322148,1912,1911,2448,1491,0,0.011182624
Warm C,136322,881,880,2448,1491,0,0.014637118
Warm C,237668,1447,1446,2448,1491,0,0.0151178315
Warm C,171350,1088,1087,2448,1491,0,0.005426376
Warm C,431793,2630,2629,2451,1493,0,0.006899364
Warm C,430685,2625,2624,2451,1493,0,0.0028291245
Warm C,426385,2590,2589,2451,1493,1,0.0012048079
Warm C,418497,2529,2528,2451,1493,1,-0.0007718026
Warm C,408869,2455,2454,2451,1493,0,-3.054645e-05
Warm C,401993,2400,2399,2451,1493,0,0.0008294586
Warm C,387195,2264,2263,2451,1493,0,1.4045974e-05
Warm C,377711,2205,2204,2451,1493,0,-0.0024071452
Warm C,369792,2164,2163,2451,1493,1,-0.0023404262
Warm C,305761,1820,1819,2451,1493,0,0.00728062
Warm C,291187,1737,1736,2451,1493,1,-0.0011264298
Warm C,288204,1722,1721,2451,1493,1,0.00059594295
Warm C,278766,1680,1679,2451,1493,1,-0.003374909
Warm C,276804,1675,1674,2451,1493,0,0.004338004
Warm C,280429,1683,1682,2451,1493,0,0.0047619264
Warm C,270544,1637,1636,2451,1493,0,-0.008140489
Warm C,267497,1626,1625,2451,1493,0,0.0008766474
Warm C,247539,1496,1495,2451,1493,0,0.0036561042
Warm C,321204,1904,1903,2451,1493,0,0.0034364662
Warm C,242652,1465,1464,2451,1493,0,0.0024799937
Warm C,224436,1357,1356,2451,1493,0,-0.0011762137
Warm C,214048,1300,1299,2451,1493,1,0.0075532263
Warm C,277466,1676,1675,2451,1493,1,-0.00079340814
Warm C,327719,1941,1940,2451,1493,0,-0.009992141
Warm C,307248,1835,1834,2451,1493,1,0.0027781473
Warm C,180185,1128,1127,2451,1493,0,-0.0045601726
Warm C,183887,1146,1145,2451,1493,0,-0.002796694
Warm C,161950,1033,1032,2451,1493,0,-0.0038253737
Warm C,159122,1017,1016,2451,1493,0,0.002703905
Warm C,164322,1051,1050,2451,1493,0,0.0021679876
Warm C,150928,971,970,2451,1493,0,0.002166518
Warm C,156602,1010,1009,2451,1493,0,-0.00071426283
Warm C,133280,860,859,2451,1493,0,-0.002904068
Warm C,123814,798,797,2451,1493,0,0.0023673922
Warm C,351483,2063,2062,2451,1493,0,-0.0019851367
Warm C,94690,636,635,2451,1493,0,-0.0070963404
Warm C,140630,904,903,2451,1493,0,0.006713546
Warm C,57586,390,389,2451,1493,0,-0.00031789485
Warm C,53619,352,351,2451,1493,1,0.0014832967
Warm C,132308,855,854,2451,1493,0,0.002425255
Warm C,37360,255,254,2451,1493,1,-0.00017628056
Warm C,36376,245,244,2451,1493,0,-0.00852119
Warm C,239764,1449,1448,2451,1493,0,-0.00989268
Warm C,192662,1186,1185,2451,1493,1,-0.0027632248
Warm C,14432,117,116,2451,1493,1,-0.005939843
Warm C,290007,1733,1732,2451,1493,0,-0.0048201745
Warm C,237674,1447,1446,2451,1493,0,-0.002875668
Warm C,65213,438,437,2451,1493,0,-0.0005703494
Warm C,366081,2131,2130,2451,1493,1,0.0015456364
Warm C,331369,1958,1957,2451,1493,0,0.00818467
Warm C,62644,424,423,2451,1493,0,-0.0028842366
Warm C,933348,5636,5635,2451,1493,0,0.011171905
Warm C,115934,752,751,2451,1493,0,0.005689862
Warm C,620600,3760,3759,2453,1494,0,0.009989347
Warm C,617402,3737,3736,2453,1494,1,0.008489858
Warm C,612833,3715,3714,2453,1494,1,0.004782004
Warm C,612408,3713,3712,2453,1494,0,0.019149229
Warm C,653998,3942,3941,2453,1494,0,0.0110669015
Warm C,651983,3931,3930,2453,1494,0,0.010509005
Warm C,726366,4345,4344,2453,1494,1,0.011220062
Warm C,583248,3562,3561,2453,1494,0,0.011098638
Warm C,579071,3539,3538,2453,1494,0,0.013511144
Warm C,593476,3618,3617,2453,1494,0,0.009765409
Warm C,904146,5468,5467,2453,1494,0,0.013099687
Warm C,556364,3419,3418,2453,1494,1,0.007319692
Warm C,573436,3512,3511,2453,1494,0,0.010666702
Warm C,548903,3389,3388,2453,1494,0,0.013288431
Warm C,645127,3885,3884,2453,1494,0,0.009341052
Warm C,549836,3391,3390,2453,1494,0,0.008874818
Warm C,544332,3356,3355,2453,1494,0,0.009466841
Warm C,537771,3312,3311,2453,1494,1,0.01352098
Warm C,536891,3311,3310,2453,1494,0,0.014851374
Warm C,533086,3292,3291,2453,1494,0,0.016301386
Warm C,512645,3163,3162,2453,1494,1,0.012396786
Warm C,502046,3082,3081,2453,1494,1,0.008702351
Warm C,797549,4784,4783,2453,1494,0,0.004835437
Warm C,493270,3031,3030,2453,1494,1,0.019371798
Warm C,738073,4411,4410,2453,1494,1,0.005564401
Warm C,599808,3650,3649,2453,1494,0,0.012818821
Warm C,529494,3272,3271,2453,1494,1,0.0014977924
Warm C,479184,2941,2940,2453,1494,0,0.003312834
Warm C,477905,2934,2933,2453,1494,1,0.007624456
Warm C,462500,2854,2853,2453,1494,0,0.004379445
Warm C,450625,2777,2776,2453,1494,0,0.014861387
Warm C,418499,2529,2528,2453,1494,1,0.011891962
Warm C,408608,2454,2453,2453,1494,0,0.012667848
Warm C,387196,2264,2263,2453,1494,0,0.008134917
Warm C,372977,2178,2177,2453,1494,1,-0.0033466835
Warm C,366919,2140,2139,2453,1494,0,0.008183483
Warm C,366824,2139,2138,2453,1494,1,0.0059869206
Warm C,364608,2124,2123,2453,1494,1,0.015497364
Warm C,355307,2078,2077,2453,1494,0,0.0076701883
Warm C,348379,2042,2041,2453,1494,1,0.009169838
Warm C,343544,2018,2017,2453,1494,0,0.009724723
Warm C,338822,1996,1995,2453,1494,1,0.009274166
Warm C,335572,1980,1979,2453,1494,1,0.008085697
Warm C,288781,1726,1725,2453,1494,0,0.02009628
Warm C,290880,1736,1735,2453,1494,0,0.012976219
Warm C,259338,1587,1586,2453,1494,0,0.014929518
Warm C,360540,2106,2105,2453,1494,0,0.0048369216
Warm C,241017,1451,1450,2453,1494,1,0.009987584
Warm C,213315,1298,1297,2453,1494,0,0.01034677
Warm C,272705,1647,1646,2453,1494,0,0.017471854
Warm C,203971,1255,1254,2453,1494,1,0.008845115
Warm C,196941,1209,1208,2453,1494,1,0.010307188
Warm C,263069,1605,1604,2453,1494,1,0.013401255
Warm C,163143,1042,1041,2453,1494,0,0.011485365
Warm C,161951,1033,1032,2453,1494,0,0.011745905
Warm C,157874,1015,1014,2453,1494,0,0.009470144
Warm C,212408,1294,1293,2453,1494,1,0.0070071486
Warm C,225464,1365,1364,2453,1494,0,0.0047686496
Warm C,145252,935,934,2453,1494,1,0.0050943885
Warm C,135115,874,873,2453,1494,1,0.0048838872
Warm C,134068,869,868,2453,1494,0,0.0032567962
Warm C,331372,1958,1957,2453,1494,0,0.008888252
Warm C,132967,858,857,2453,1494,1,0.012504393
Warm C,127235,822,821,2453,1494,1,0.008464288
Warm C,123318,796,795,2453,1494,0,0.013014203
Warm C,118666,767,766,2453,1494,1,0.0067595174
Warm C,119053,770,769,2453,1494,0,0.013054658
Warm C,272059,1645,1644,2453,1494,1,0.010437106
Warm C,99293,662,661,2453,1494,0,0.008015506
Warm C,98395,659,658,2453,1494,1,0.01195003
Warm C,98301,658,657,2453,1494,0,0.0089722425
Warm C,332169,1960,1959,2453,1494,1,0.0030420378
Warm C,93742,629,628,2453,1494,1,0.009603682
Warm C,87408,571,570,2453,1494,0,0.010747051
Warm C,84932,552,551,2453,1494,0,0.009669575
Warm C,82827,549,548,2453,1494,1,0.007385986
Warm C,238668,1448,1447,2453,1494,1,0.0064282017
Warm C,83935,550,549,2453,1494,0,0.006177009
Warm C,76107,517,516,2453,1494,1,0.0044904705
Warm C,73618,499,498,2453,1494,1,0.008562157
Warm C,70675,476,475,2453,1494,0,0.008648634
Warm C,64915,436,435,2453,1494,1,0.0042322394
Warm C,64157,429,428,2453,1494,0,0.01650694
Warm C,57401,388,387,2453,1494,0,0.0044169673
Warm C,132310,855,854,2453,1494,0,0.0016796861
Warm C,45879,308,307,2453,1494,0,0.014449288
Warm C,62647,424,423,2453,1494,0,0.014904512
Warm C,39962,271,270,2453,1494,1,0.0123696495
Warm C,29129,199,198,2453,1494,0,0.008488258
Warm C,14435,117,116,2453,1494,0,0.008976392
Warm C,11170,83,82,2453,1494,1,0.004379946
Warm C,1134,10,9,2453,1494,1,0.0027096265
Warm C,14188,116,115,2453,1494,1,-0.0029982766
Warm C,79182,531,530,2453,1494,0,0.008007041
Warm C,19320,148,147,2453,1494,0,0.008850811
Warm C,354745,2077,2076,2453,1494,0,0.014963114
Warm C,257479,1579,1578,2453,1494,0,0.019639432
Warm C,255719,1557,1556,2453,1494,1,0.0063446406
Warm C,237677,1447,1446,2453,1494,1,0.008815184
Warm C,11931,92,91,2453,1494,0,0.012282759
Warm C,60644,411,410,2453,1494,0,0.013902092
Warm C,164325,1051,1050,2453,1494,1,0.0138444975
Warm C,95347,639,638,2453,1494,1,0.013384533
Warm C,102016,678,677,2453,1494,0,0.0105244685
Warm C,28054,195,194,2453,1494,1,0.013383908
Warm C,787110,4708,4707,2453,1494,0,0.012231093
Warm C,917228,5543,5542,2453,1494,0,0.008747738
Warm C,144784,934,933,2453,1494,0,0.015570587
Warm C,234790,1425,1424,2453,1494,0,0.018524658
Warm C,718461,4305,4304,2453,1494,0,0.0073109213
Warm C,831898,5001,5000,2453,1494,0,0.003031846
Warm C,699591,4186,4185,2453,1494,0,0.019221134
Warm C,295562,1755,1754,2453,1494,0,0.009676691
Warm C,341440,2012,2011,2453,1494,0,0.011005122
Warm C,193487,1194,1193,2453,1494,0,0.005112578
Warm C,825497,4958,4957,2453,1494,1,0.008311907
Warm C,539769,3320,3319,2458,1499,0,0.017273296
Warm C,515332,3182,3181,2458,1499,0,0.013087094
Warm C,514797,3180,3179,2458,1499,0,0.009890061
Warm C,566067,3476,3475,2458,1499,0,0.008777847
Warm C,508503,3129,3128,2458,1499,0,0.01892115
Warm C,504871,3107,3106,2458,1499,1,0.0049752174
Warm C,493864,3032,3031,2458,1499,0,0.014651065
Warm C,491983,3026,3025,2458,1499,0,0.012733415
Warm C,472384,2907,2906,2458,1499,1,0.0056347214
Warm C,469854,2895,2894,2458,1499,0,0.021388238
Warm C,564221,3471,3470,2458,1499,0,0.016173985
Warm C,467733,2883,2882,2458,1499,0,0.011420885
Warm C,452227,2785,2784,2458,1499,0,0.007468256
Warm C,450188,2776,2775,2458,1499,0,0.008336442
Warm C,420407,2541,2540,2458,1499,0,0.014222527
Warm C,393512,2316,2315,2458,1499,0,0.012704659
Warm C,388866,2279,2278,2458,1499,0,0.009602687
Warm C,379303,2216,2215,2458,1499,0,0.0058923713
Warm C,385187,2251,2250,2458,1499,0,0.0125358645
Warm C,366445,2134,2133,2458,1499,1,0.008126001
Warm C,359780,2104,2103,2458,1499,0,0.014463725
Warm C,359256,2102,2101,2458,1499,0,0.0064332155
Warm C,380726,2225,2224,2458,1499,0,0.0123383235
Warm C,341447,2012,2011,2458,1499,0,0.014771911
Warm C,323094,1916,1915,2458,1499,0,0.0035315645
Warm C,293382,1747,1746,2458,1499,0,0.010917269
Warm C,290882,1736,1735,2458,1499,1,0.010064609
Warm C,291198,1737,1736,2458,1499,0,0.0077377483
Warm C,265589,1613,1612,2458,1499,0,0.020808563
Warm C,205074,1262,1261,2458,1499,1,0.0041766064
Warm C,202949,1246,1245,2458,1499,0,0.017503899
Warm C,278778,1680,1679,2458,1499,0,0.014516274
Warm C,308428,1837,1836,2458,1499,0,0.01641415
Warm C,307255,1835,1834,2458,1499,1,0.013564358
Warm C,173538,1100,1099,2458,1499,0,0.011841124
Warm C,331377,1958,1957,2458,1499,0,0.015700333
Warm C,167716,1068,1067,2458,1499,0,0.014917236
Warm C,212796,1297,1296,2458,1499,0,0.006922362
Warm C,156612,1010,1009,2458,1499,0,0.014623499
Warm C,159888,1019,1018,2458,1499,0,0.013710455
Warm C,315016,1880,1879,2458,1499,0,0.007972172
Warm C,605634,3681,3680,2458,1499,0,0.016954085
Warm C,239773,1449,1448,2458,1499,0,0.011368526
Warm C,144069,929,928,2458,1499,0,0.01916615
Warm C,233943,1422,1421,2458,1499,0,0.009807432
Warm C,351494,2063,2062,2458,1499,0,0.023818394
Warm C,84933,552,551,2458,1499,0,0.0078495145
Warm C,82835,549,548,2458,1499,0,0.01492412
Warm C,238677,1448,1447,2458,1499,0,0.008921758
Warm C,190545,1181,1180,2458,1499,0,0.022787552
Warm C,119060,770,769,2458,1499,0,0.01612361
Warm C,81515,543,542,2458,1499,0,0.009399349
Warm C,70376,475,474,2458,1499,1,0.012198832
Warm C,71836,482,481,2458,1499,0,0.010794053
Warm C,69190,463,462,2458,1499,0,0.0040082457
Warm C,57996,392,391,2458,1499,0,0.009423839
Warm C,53636,352,351,2458,1499,0,0.008945394
Warm C,44409,302,301,2458,1499,0,0.02100537
Warm C,40329,272,271,2458,1499,1,0.016792135
Warm C,16425,130,129,2458,1499,0,0.006302351
Warm C,206703,1266,1265,2458,1499,0,0.010029737
Warm C,552148,3401,3400,2458,1499,0,0.007827869
Warm C,105904,699,698,2458,1499,0,0.018312065
Warm C,892838,5394,5393,2458,1499,0,0.014669657
Warm C,689767,4126,4125,2458,1499,0,0.010268648
Warm C,62657,424,423,2458,1499,0,0.016599644
Warm C,933350,5636,5635,2458,1499,0,0.008610883
Warm C,193492,1194,1193,2458,1499,0,0.0050208047
Warm C,62121,419,418,2458,1499,0,0.002747844
Warm C,549842,3391,3390,2458,1499,0,0.009414182
Warm C,515336,3182,3181,2460,1501,0,0.014161675
Warm C,514014,3172,3171,2460,1501,1,0.0028506895
Warm C,516333,3189,3188,2460,1501,0,0.013682874
Warm C,566071,3476,3475,2460,1501,0,0.018187601
Warm C,509446,3138,3137,2460,1501,0,0.006504233
Warm C,508505,3129,3128,2460,1501,0,0.0012768535
Warm C,485442,2987,2986,2460,1501,0,0.0050540017
Warm C,476692,2928,2927,2460,1501,0,0.006450867
Warm C,895379,5412,5411,2460,1501,0,0.007275434
Warm C,754605,4497,4496,2460,1501,0,0.007583552
Warm C,450190,2776,2775,2460,1501,0,0.012656191
Warm C,449207,2770,2769,2460,1501,0,-0.0013109217
Warm C,453224,2792,2791,2460,1501,0,0.010373088
Warm C,433968,2645,2644,2460,1501,0,0.01138632
Warm C,430689,2625,2624,2460,1501,0,0.0024180766
Warm C,426395,2590,2589,2460,1501,1,0.0008640847
Warm C,409513,2457,2456,2460,1501,0,0.01085572
Warm C,385189,2251,2250,2460,1501,0,0.009039242
Warm C,369800,2164,2163,2460,1501,0,0.0005326065
Warm C,305767,1820,1819,2460,1501,0,-0.0012763141
Warm C,291202,1737,1736,2460,1501,0,0.014107292
Warm C,278790,1680,1679,2460,1501,1,0.017326793
Warm C,280430,1683,1682,2460,1501,0,0.008938454
Warm C,270778,1639,1638,2460,1501,0,0.008507137
Warm C,267502,1626,1625,2460,1501,0,0.009910112
Warm C,247551,1496,1495,2460,1501,1,0.00736128
Warm C,350251,2056,2055,2460,1501,1,0.002371545
Warm C,327742,1941,1940,2460,1501,0,0.0075785667
Warm C,180188,1128,1127,2460,1501,0,0.012674844
Warm C,176367,1115,1114,2460,1501,0,0.012456002
Warm C,196360,1207,1206,2460,1501,0,0.011702958
Warm C,190553,1181,1180,2460,1501,0,0.009096674
Warm C,159130,1017,1016,2460,1501,0,0.009075477
Warm C,125487,808,807,2460,1501,0,0.019251287
Warm C,123820,798,797,2460,1501,0,0.0057838913
Warm C,210679,1285,1284,2460,1501,0,0.009052743
Warm C,107148,705,704,2460,1501,0,0.0035686768
Warm C,94694,636,635,2460,1501,1,0.01008638
Warm C,92698,621,620,2460,1501,0,-0.00034413836
Warm C,140638,904,903,2460,1501,0,0.004177282
Warm C,82844,549,548,2460,1501,0,0.019529115
Warm C,233947,1422,1421,2460,1501,0,0.0046867235
Warm C,81518,543,542,2460,1501,0,0.007172345
Warm C,57592,390,389,2460,1501,1,0.008448493
Warm C,41170,278,277,2460,1501,0,-0.0021677392
Warm C,14454,117,116,2460,1501,0,0.0064116265
Warm C,6122,44,43,2460,1501,0,0.0070580817
Warm C,432575,2638,2637,2460,1501,0,-0.0019891844
Warm C,298980,1776,1775,2460,1501,0,-0.0011015779
Warm C,237691,1447,1446,2460,1501,0,0.011731981
Warm C,264967,1611,1610,2460,1501,0,0.004042012
Warm C,760620,4520,4519,2460,1501,0,0.003588811
Warm C,290021,1733,1732,2460,1501,0,0.008251499
Warm C,474327,2910,2909,2460,1501,1,0.0033592265
Warm C,62667,424,423,2460,1501,0,0.009413756
Warm C,457730,2820,2819,2460,1501,0,0.00930051
Warm C,237693,1447,1446,2461,1502,0,0.0173761
Warm C,974239,5878,5877,2461,1502,0,0.016417667
Warm C,227012,1377,1376,2472,1509,0,0.017111778
Warm C,304733,1812,1811,2472,1509,0,0.0065903906
Warm C,205085,1262,1261,2472,1509,0,0.007866393
Warm C,278828,1680,1679,2472,1509,1,0.017320503
Warm C,308458,1837,1836,2472,1509,0,0.021236634
Warm C,307280,1835,1834,2472,1509,0,0.017850315
Warm C,214714,1303,1302,2472,1509,0,0.018843286
Warm C,331403,1958,1957,2472,1509,0,0.014596517
Warm C,164360,1051,1050,2472,1509,1,0.020886298
Warm C,146858,948,947,2472,1509,1,0.002701896
Warm C,185022,1150,1149,2472,1509,0,0.018431831
Warm C,156643,1010,1009,2472,1509,0,0.01967297
Warm C,106686,702,701,2472,1509,0,0.0077786506
Warm C,239808,1449,1448,2472,1509,0,0.017575633
Warm C,283971,1698,1697,2472,1509,0,0.012307131
Warm C,362809,2116,2115,2472,1509,1,0.01371931
Warm C,190589,1181,1180,2472,1509,0,0.0071196104
Warm C,71860,482,481,2472,1509,0,0.008203335
Warm C,53684,352,351,2472,1509,0,0.012711002
Warm C,45901,308,307,2472,1509,0,0.0128889205
Warm C,43622,300,299,2472,1509,0,0.013331942
Warm C,25233,178,177,2472,1509,0,0.008051775
Warm C,238703,1448,1447,2472,1509,0,0.0146667715
Warm C,9254,62,61,2472,1509,1,0.009306361
Warm C,892848,5394,5393,2472,1509,0,0.015119737
Warm C,744747,4448,4447,2472,1509,0,0.017856551
Warm C,257508,1579,1578,2472,1509,0,0.021133024
Warm C,633041,3824,3823,2472,1509,0,0.010524881
Warm C,473351,2909,2908,2472,1509,1,0.011835421
Warm C,136367,881,880,2472,1509,0,0.019233663
Warm C,609592,3695,3694,2472,1509,0,0.00953499
Warm C,141409,911,910,2472,1509,0,0.013804857
Warm C,549879,3391,3390,2472,1509,0,0.018609202
Warm C,664573,4001,4000,2473,1510,0,0.0033369279
Warm C,663837,3999,3998,2473,1510,0,0.005324036
Warm C,661881,3992,3991,2473,1510,0,0.0143159535
Warm C,651278,3929,3928,2473,1510,0,0.0101055065
Warm C,672410,4041,4040,2473,1510,0,0.010113906
Warm C,648209,3903,3902,2473,1510,1,-0.003923804
Warm C,647627,3900,3899,2473,1510,0,-0.0014166771
Warm C,629192,3808,3807,2473,1510,0,0.012612983
Warm C,625433,3780,3779,2473,1510,0,0.02077295
Warm C,623784,3773,3772,2473,1510,0,0.007900866
Warm C,621970,3768,3767,2473,1510,0,0.010771923
Warm C,612433,3713,3712,2473,1510,0,0.015111014
Warm C,611786,3709,3708,2473,1510,0,0.011299304
Warm C,719950,4312,4311,2473,1510,0,0.011980083
Warm C,606395,3683,3682,2473,1510,0,0.0040257243
Warm C,633042,3824,3823,2473,1510,0,0.012642553
Warm C,596391,3626,3625,2473,1510,0,0.015434541
Warm C,583283,3562,3561,2473,1510,0,0.012025496
Warm C,576958,3526,3525,2473,1510,0,0.0012457244
Warm C,579108,3539,3538,2473,1510,0,0.0036060403
Warm C,571952,3507,3506,2473,1510,0,0.009966309
Warm C,570214,3499,3498,2473,1510,0,0.011691255
Warm C,560720,3449,3448,2473,1510,0,0.0027918299
Warm C,556811,3422,3421,2473,1510,0,0.0047727376
Warm C,552165,3401,3400,2473,1510,0,0.008590843
Warm C,549882,3391,3390,2473,1510,0,0.0063227536
Warm C,536933,3311,3310,2473,1510,0,0.004961361
Warm C,539783,3320,3319,2473,1510,0,0.012717667
Warm C,575183,3519,3518,2473,1510,0,0.007997681
Warm C,530874,3280,3279,2473,1510,0,0.0064434847
Warm C,522322,3224,3223,2473,1510,0,0.0130942445
Warm C,519178,3203,3202,2473,1510,0,0.007087337
Warm C,514803,3180,3179,2473,1510,0,0.0057067983
Warm C,513453,3167,3166,2473,1510,0,0.008052244
Warm C,605652,3681,3680,2473,1510,0,0.0041014766
Warm C,508513,3129,3128,2473,1510,0,0.015882485
Warm C,504017,3098,3097,2473,1510,0,0.0042857016
Warm C,502060,3082,3081,2473,1510,0,0.0042478703
Warm C,501694,3081,3080,2473,1510,0,0.020484656
Warm C,501188,3080,3079,2473,1510,0,0.009302512
Warm C,493898,3032,3031,2473,1510,1,0.008821122
Warm C,659079,3971,3970,2473,1510,0,0.015170227
Warm C,493287,3031,3030,2473,1510,0,0.015371329
Warm C,477933,2934,2933,2473,1510,0,0.0026641106
Warm C,695971,4169,4168,2473,1510,0,0.010549506
Warm C,472406,2907,2906,2473,1510,0,0.010645991
Warm C,468295,2887,2886,2473,1510,0,0.01276432
Warm C,455167,2802,2801,2473,1510,0,0.0072683487
Warm C,748812,4471,4470,2473,1510,0,0.01104732
Warm C,438782,2681,2680,2473,1510,1,0.012882961
Warm C,433972,2645,2644,2473,1510,0,0.0034517571
Warm C,432994,2639,2638,2473,1510,0,-0.0050897077
Warm C,423106,2565,2564,2473,1510,1,4.4069428e-05
Warm C,420414,2541,2540,2473,1510,1,0.0077234544
Warm C,419666,2537,2536,2473,1510,0,0.004975206
Warm C,409125,2456,2455,2473,1510,0,0.013182862
Warm C,402213,2402,2401,2473,1510,0,0.010693365
Warm C,404435,2419,2418,2473,1510,0,0.009534145
Warm C,398119,2367,2366,2473,1510,0,0.0028424007
Warm C,399765,2380,2379,2473,1510,0,0.00663621
Warm C,359961,2105,2104,2473,1510,0,0.0030205776
Warm C,380739,2225,2224,2473,1510,0,0.015961824
Warm C,331404,1958,1957,2473,1510,0,0.008851616
Warm C,298651,1773,1772,2473,1510,0,-0.00024903443
Warm C,298524,1770,1769,2473,1510,0,0.013989825
Warm C,291221,1737,1736,2473,1510,0,0.0019477824
Warm C,281189,1687,1686,2473,1510,1,-0.011232542
Warm C,323709,1920,1919,2473,1510,0,-7.7593606e-05
Warm C,259354,1587,1586,2473,1510,0,0.010093521
Warm C,256737,1570,1569,2473,1510,0,-0.0044397768
Warm C,265611,1613,1612,2473,1510,0,0.0069242334
Warm C,326694,1937,1936,2473,1510,0,0.0054379604
Warm C,356791,2090,2089,2473,1510,1,0.0005318406
Warm C,227013,1377,1376,2473,1510,0,0.017178152
Warm C,335620,1980,1979,2473,1510,0,0.015602957
Warm C,205086,1262,1261,2473,1510,0,0.009714827
Warm C,261639,1599,1598,2473,1510,0,0.0027498873
Warm C,278830,1680,1679,2473,1510,0,0.011793048
Warm C,304734,1812,1811,2473,1510,1,0.0039358013
Warm C,213333,1298,1297,2473,1510,0,0.0007247352
Warm C,307282,1835,1834,2473,1510,0,0.011165601
Warm C,180198,1128,1127,2473,1510,0,0.0046061547
Warm C,173548,1100,1099,2473,1510,0,-0.005564619
Warm C,248703,1501,1500,2473,1510,1,0.00053592003
Warm C,183107,1141,1140,2473,1510,0,0.0015927411
Warm C,155769,1004,1003,2473,1510,0,0.011648592
Warm C,164362,1051,1050,2473,1510,1,0.018482314
Warm C,185024,1150,1149,2473,1510,0,0.00083213625
Warm C,106687,702,701,2473,1510,0,0.004217013
Warm C,263101,1605,1604,2473,1510,0,0.011224607
Warm C,233965,1422,1421,2473,1510,0,0.0004422143
Warm C,351535,2063,2062,2473,1510,0,0.014649253
Warm C,82872,549,548,2473,1510,0,0.011568094
Warm C,190591,1181,1180,2473,1510,0,0.014870122
Warm C,119082,770,769,2473,1510,0,0.007562049
Warm C,81537,543,542,2473,1510,0,0.008240984
Warm C,70381,475,474,2473,1510,0,0.003939952
Warm C,71861,482,481,2473,1510,0,0.009679257
Warm C,239810,1449,1448,2473,1510,0,0.0028637927
Warm C,53685,352,351,2473,1510,0,0.0052252114
Warm C,132327,855,854,2473,1510,0,0.004387649
Warm C,25600,181,180,2473,1510,0,0.01030624
Warm C,481683,2962,2961,2473,1510,0,0.009840868
Warm C,21545,157,156,2473,1510,0,0.008284388
Warm C,238705,1448,1447,2473,1510,0,0.008695231
Warm C,15570,123,122,2473,1510,0,-0.00033591827
Warm C,6441,45,44,2473,1510,1,0.011892935
Warm C,3757,26,25,2473,1510,0,0.005850761
Warm C,78332,528,527,2473,1510,0,0.006709973
Warm C,432590,2638,2637,2473,1510,0,0.016054628
Warm C,892850,5394,5393,2473,1510,0,0.0039276355
Warm C,257509,1579,1578,2473,1510,1,0.0081153065
Warm C,49374,329,328,2473,1510,0,0.0060834703
Warm C,954191,5761,5760,2473,1510,0,0.0078465445
Warm C,333757,1969,1968,2473,1510,0,0.0027296515
Warm C,828593,4979,4978,2473,1510,0,0.019757396
Warm C,744748,4448,4447,2473,1510,0,0.018018033
Warm C,272732,1647,1646,2473,1510,0,0.015702182
Warm C,102054,678,677,2473,1510,0,0.010867654
Warm C,680547,4079,4078,2473,1510,1,0.014131705
Warm C,115977,752,751,2473,1510,0,0.015163218
Warm C,327772,1941,1940,2473,1510,0,0.012197111
Warm C,581248,3550,3549,2473,1510,0,0.015324505
Warm C,62689,424,423,2473,1510,0,0.013516835
Warm C,342281,2015,2014,2473,1510,0,0.01100795
Warm C,34702,235,234,2473,1510,0,0.00068140076
Warm C,609027,3693,3692,2473,1510,0,0.017015312
Warm C,930343,5621,5620,2473,1510,0,0.011955837
Warm C,310570,1851,1850,2473,1510,0,0.008093223
Warm C,145734,937,936,2473,1510,0,0.0054216553
Warm C,174038,1101,1100,2473,1510,0,0.010143654
Warm C,599108,3648,3647,2473,1510,0,0.0066668196
Warm C,193515,1194,1193,2473,1510,0,0.01889799
Warm C,623655,3772,3771,2475,1512,0,0.013364595
Warm C,615538,3727,3726,2475,1512,0,0.0060892534
Warm C,633044,3824,3823,2475,1512,0,0.0142906755
Warm C,593531,3618,3617,2475,1512,0,0.014941468
Warm C,569044,3491,3490,2475,1512,0,0.022752896
Warm C,567323,3483,3482,2475,1512,0,0.017408509
Warm C,552167,3401,3400,2475,1512,0,0.016495742
Warm C,576959,3526,3525,2475,1512,0,0.011703737
Warm C,535838,3308,3307,2475,1512,0,0.014259034
Warm C,528076,3265,3264,2475,1512,0,0.023489371
Warm C,525022,3242,3241,2475,1512,0,0.016459668
Warm C,534628,3300,3299,2475,1512,1,0.006949814
Warm C,518652,3201,3200,2475,1512,0,0.0023515564
Warm C,522325,3224,3223,2475,1512,1,0.006488679
Warm C,539784,3320,3319,2475,1512,0,0.013300993
Warm C,930080,5620,5619,2475,1512,0,0.015959047
Warm C,816036,4899,4898,2475,1512,0,0.0140583655
Warm C,502376,3083,3082,2475,1512,0,0.00719799
Warm C,493900,3032,3031,2475,1512,0,0.016724596
Warm C,490621,3018,3017,2475,1512,1,0.006508308
Warm C,486183,2994,2993,2475,1512,0,0.023113541
Warm C,695975,4169,4168,2475,1512,0,0.023693237
Warm C,754611,4497,4496,2475,1512,1,0.0014352498
Warm C,463122,2857,2856,2475,1512,0,0.01855342
Warm C,457754,2820,2819,2475,1512,0,0.0053358357
Warm C,453571,2793,2792,2475,1512,0,0.01982531
Warm C,447850,2761,2760,2475,1512,1,0.014698567
Warm C,446333,2752,2751,2475,1512,1,0.018091254
Warm C,428767,2609,2608,2475,1512,1,0.0076807514
Warm C,446771,2753,2752,2475,1512,1,0.011945359
Warm C,418526,2529,2528,2475,1512,1,0.005320373
Warm C,426849,2592,2591,2475,1512,1,0.010555755
Warm C,409126,2456,2455,2475,1512,0,0.013379758
Warm C,404139,2415,2414,2475,1512,0,0.0031943
Warm C,402215,2402,2401,2475,1512,0,0.012007501
Warm C,407744,2451,2450,2475,1512,0,0.016642025
Warm C,388877,2279,2278,2475,1512,1,0.0077276854
Warm C,425627,2583,2582,2475,1512,1,0.010950008
Warm C,381570,2231,2230,2475,1512,0,0.020010054
Warm C,375035,2186,2185,2475,1512,0,0.012998523
Warm C,369809,2164,2163,2475,1512,1,0.00854227
Warm C,357315,2092,2091,2475,1512,0,0.009206232
Warm C,339652,2002,2001,2475,1512,0,0.008776532
Warm C,253702,1543,1542,2475,1512,0,0.01115838
Warm C,316675,1884,1883,2475,1512,1,0.012541592
Warm C,232321,1410,1409,2475,1512,1,0.0048749163
Warm C,227014,1377,1376,2475,1512,0,0.00948648
Warm C,200739,1233,1232,2475,1512,1,0.001037648
Warm C,278832,1680,1679,2475,1512,1,0.023855314
Warm C,219753,1333,1332,2475,1512,1,0.011767043
Warm C,192541,1185,1184,2475,1512,0,0.0038810303
Warm C,165161,1053,1052,2475,1512,0,0.017084673
Warm C,275437,1667,1666,2475,1512,1,0.007717246
Warm C,154294,996,995,2475,1512,0,0.011400892
Warm C,151521,975,974,2475,1512,1,0.016928295
Warm C,185027,1150,1149,2475,1512,0,0.028066456
Warm C,140528,903,902,2475,1512,1,0.012700088
Warm C,137949,889,888,2475,1512,0,0.019921906
Warm C,490045,3015,3014,2475,1512,0,0.00055288896
Warm C,210700,1285,1284,2475,1512,0,0.022727227
Warm C,198135,1218,1217,2475,1512,1,0.0090628015
Warm C,239812,1449,1448,2475,1512,0,0.022708941
Warm C,98652,660,659,2475,1512,0,0.007836339
Warm C,270791,1639,1638,2475,1512,1,0.011960158
Warm C,228090,1383,1382,2475,1512,0,0.013134062
Warm C,150468,970,969,2475,1512,0,0.017270137
Warm C,84937,552,551,2475,1512,1,0.007097695
Warm C,77295,524,523,2475,1512,1,0.021974605
Warm C,74020,504,503,2475,1512,0,0.009478077
Warm C,72904,493,492,2475,1512,1,0.006018348
Warm C,53688,352,351,2475,1512,1,0.011652862
Warm C,110659,721,720,2475,1512,1,0.0151854735
Warm C,36430,245,244,2475,1512,0,0.014051374
Warm C,481684,2962,2961,2475,1512,0,0.0110934265
Warm C,380740,2225,2224,2475,1512,0,0.017223453
Warm C,432592,2638,2637,2475,1512,0,0.021841548
Warm C,293644,1748,1747,2475,1512,0,0.016153451
Warm C,602414,3665,3664,2475,1512,1,0.010478889
Warm C,25901,183,182,2475,1512,1,0.0035569083
Warm C,324881,1925,1924,2475,1512,1,0.001621169
Warm C,184307,1147,1146,2488,1516,1,-0.008351467
Warm C,182705,1140,1139,2488,1516,1,0.0039186915
Warm C,159144,1017,1016,2488,1516,1,0.013887345
Warm C,157946,1015,1014,2488,1516,1,0.015643327
Warm C,151942,977,976,2488,1516,1,0.008412654
Warm C,148970,958,957,2488,1516,1,0.0053238533
Warm C,137983,889,888,2488,1516,1,0.0041583357
Warm C,134100,869,868,2488,1516,1,0.0038930404
Warm C,131057,850,849,2488,1516,1,0.010778497
Warm C,128278,830,829,2488,1516,1,0.010714426
Warm C,270798,1639,1638,2488,1516,1,0.012279696
Warm C,77312,524,523,2488,1516,1,0.018125981
Warm C,74675,509,508,2488,1516,1,0.010293033
Warm C,69459,466,465,2488,1516,1,-0.0011667041
Warm C,947511,5722,5721,2488,1516,1,-0.004479677
Warm C,459112,2826,2825,2488,1516,1,0.0036285177
Warm C,481694,2962,2961,2488,1516,0,0.013272637
Warm C,480803,2952,2951,2488,1516,1,0.009945043
Warm C,24337,173,172,2488,1516,1,-0.00019443431
Warm C,451471,2779,2778,2488,1516,1,0.0078292955
Warm C,534960,3301,3300,2488,1516,1,0.004498507
Warm C,631437,3821,3820,2488,1516,0,0.010631
Warm C,208663,1274,1273,2488,1516,1,-2.2449996e-05
Warm C,28128,195,194,2488,1516,1,0.0033768215
Warm C,322193,1912,1911,2488,1516,0,0.012634231
Warm C,277511,1676,1675,2491,1518,0,0.008088982
Warm C,281779,1690,1689,2491,1518,0,0.006181644
Warm C,264338,1608,1607,2491,1518,0,0.006853169
Warm C,252923,1533,1532,2491,1518,1,0.001267801
Warm C,236594,1436,1435,2491,1518,1,0.0041070594
Warm C,236331,1434,1433,2491,1518,0,-0.0038039987
Warm C,233014,1418,1417,2491,1518,0,0.00983113
Warm C,225554,1366,1365,2491,1518,0,0.00692207
Warm C,299513,1778,1777,2491,1518,0,0.011210081
Warm C,216382,1314,1313,2491,1518,1,0.0025271084
Warm C,214060,1300,1299,2491,1518,0,0.011286225
Warm C,278876,1680,1679,2491,1518,0,0.016234897
Warm C,216895,1317,1316,2491,1518,1,-0.00027896184
Warm C,188884,1172,1171,2491,1518,0,0.005550306
Warm C,186462,1153,1152,2491,1518,1,0.0053771846
Warm C,285636,1702,1701,2491,1518,1,-0.004706913
Warm C,180754,1130,1129,2491,1518,0,0.012557223
Warm C,205266,1263,1262,2491,1518,0,0.018077329
Warm C,172829,1096,1095,2491,1518,0,0.0053136903
Warm C,167746,1068,1067,2491,1518,0,0.018990556
Warm C,165553,1055,1054,2491,1518,0,0.016442953
Warm C,156154,1005,1004,2491,1518,0,0.01085348
Warm C,150485,970,969,2491,1518,0,0.017539583
Warm C,139916,897,896,2491,1518,1,0.0015668351
Warm C,137991,889,888,2491,1518,0,0.01512879
Warm C,134108,869,868,2491,1518,1,0.009368388
Warm C,131806,854,853,2491,1518,0,0.01436049
Warm C,128918,838,837,2491,1518,1,0.013685519
Warm C,128008,828,827,2491,1518,0,0.008867953
Warm C,327811,1941,1940,2491,1518,1,0.01864134
Warm C,125735,809,808,2491,1518,1,0.0051204693
Warm C,360603,2106,2105,2491,1518,0,-0.0027966774
Warm C,349238,2050,2049,2491,1518,1,0.0032129888
Warm C,103641,689,688,2491,1518,0,0.00296057
Warm C,91159,604,603,2491,1518,0,0.010520723
Warm C,190637,1181,1180,2491,1518,0,0.01612763
Warm C,56975,385,384,2491,1518,0,0.003307231
Warm C,78352,528,527,2491,1518,1,0.0016010343
Warm C,29829,202,201,2491,1518,0,0.0104910545
Warm C,29192,199,198,2491,1518,0,0.016776681
Warm C,6178,45,44,2491,1518,0,0.01622269
Warm C,79235,531,530,2491,1518,0,0.013459654
Warm C,88188,582,581,2491,1518,1,0.011195126
Warm C,460596,2841,2840,2491,1518,0,0.008719344
Warm C,11983,92,91,2491,1518,0,0.015551263
Warm C,102077,678,677,2491,1518,1,0.012115357
Warm C,923884,5580,5579,2491,1518,0,0.005383942
Warm C,907590,5492,5491,2491,1518,1,0.0092720585
Warm C,335654,1980,1979,2491,1518,0,0.010124369
Warm C,187027,1160,1159,2491,1518,0,0.010085396
Warm C,561507,3454,3453,2491,1518,1,0.011871813
Warm C,831907,5001,5000,2491,1518,1,0.00756685
Warm C,855017,5132,5131,2491,1518,0,0.0003979276
Warm C,171418,1088,1087,2491,1518,0,0.030843602
Warm C,718487,4305,4304,2491,1518,1,0.007983053
Warm C,452686,2787,2786,2492,1519,1,0.015503322
Warm C,451606,2780,2779,2492,1519,0,0.01556059
Warm C,433977,2645,2644,2492,1519,0,0.013717923
Warm C,430315,2623,2622,2492,1519,0,0.010504351
Warm C,391019,2298,2297,2492,1519,1,0.009208629
Warm C,433122,2641,2640,2492,1519,1,0.0077991784
Warm C,376700,2199,2198,2492,1519,0,0.0050517414
Warm C,346821,2033,2032,2492,1519,0,0.009874094
Warm C,346599,2031,2030,2492,1519,0,0.0046215793
Warm C,339946,2005,2004,2492,1519,0,-0.0010273262
Warm C,301011,1787,1786,2492,1519,0,-0.0047091437
Warm C,306785,1831,1830,2492,1519,1,-0.0004492267
Warm C,298042,1767,1766,2492,1519,0,0.011984602
Warm C,281780,1690,1689,2492,1519,0,0.007764224
Warm C,264339,1608,1607,2492,1519,0,0.0010478696
Warm C,262674,1602,1601,2492,1519,1,0.007606549
Warm C,256426,1565,1564,2492,1519,1,-0.001918959
Warm C,255879,1560,1559,2492,1519,1,0.015609568
Warm C,246830,1491,1490,2492,1519,0,0.0047653746
Warm C,232388,1411,1410,2492,1519,0,0.006266429
Warm C,229572,1390,1389,2492,1519,1,0.014929153
Warm C,231601,1404,1403,2492,1519,0,0.014872495
Warm C,215446,1306,1305,2492,1519,1,0.008415546
Warm C,214061,1300,1299,2492,1519,1,0.012393137
Warm C,296758,1759,1758,2492,1519,0,0.008715904
Warm C,210729,1285,1284,2492,1519,1,0.00916509
Warm C,204896,1261,1260,2492,1519,1,0.007854934
Warm C,200283,1230,1229,2492,1519,1,0.00028571393
Warm C,188886,1172,1171,2492,1519,0,0.014042327
Warm C,333168,1967,1966,2492,1519,1,0.008337203
Warm C,270397,1636,1635,2492,1519,0,0.00036053662
Warm C,163722,1050,1049,2492,1519,0,0.008706965
Warm C,203586,1251,1250,2492,1519,0,0.0013014772
Warm C,154055,992,991,2492,1519,0,0.008634776
Warm C,249194,1502,1501,2492,1519,1,0.011132976
Warm C,146333,941,940,2492,1519,0,0.020729009
Warm C,156672,1010,1009,2492,1519,0,0.011427833
Warm C,490047,3015,3014,2492,1519,0,0.0064429007
Warm C,131807,854,853,2492,1519,0,0.018328909
Warm C,205687,1264,1263,2492,1519,0,0.007498745
Warm C,88748,587,586,2492,1519,0,0.009821132
Warm C,74024,504,503,2492,1519,1,0.003928526
Warm C,71882,482,481,2492,1519,0,0.009500474
Warm C,65973,442,441,2492,1519,0,0.004083218
Warm C,63854,426,425,2492,1519,1,0.005279855
Warm C,62341,423,422,2492,1519,0,0.008197685
Warm C,58962,401,400,2492,1519,0,0.0051167477
Warm C,132344,855,854,2492,1519,0,0.014814479
Warm C,43086,295,294,2492,1519,0,0.011841565
Warm C,312816,1865,1864,2492,1519,1,0.002423605
Warm C,40398,272,271,2492,1519,0,0.011677959
Warm C,31038,208,207,2492,1519,0,0.009920831
Warm C,17794,137,136,2492,1519,0,0.010668766
Warm C,6180,45,44,2492,1519,0,-0.0036096834
Warm C,153908,990,989,2492,1519,0,0.010587385
Warm C,330669,1952,1951,2492,1519,0,0.013987243
Warm C,889994,5371,5370,2492,1519,0,0.0057908446
Warm C,201973,1243,1242,2492,1519,0,0.012007994
Warm C,874476,5281,5280,2492,1519,1,0.0096886335
Warm C,257527,1579,1578,2492,1519,1,0.01967611
Warm C,661723,3991,3990,2492,1519,0,0.007992048
Warm C,607064,3685,3684,2492,1519,0,0.0029288363
Warm C,773429,4610,4609,2492,1519,0,0.010390431
Warm C,507689,3125,3124,2492,1519,1,0.00531916
Warm C,24350,173,172,2492,1519,0,0.009795554
Warm C,360605,2106,2105,2492,1519,0,0.0071772127
Warm C,570977,3503,3502,2492,1519,0,0.013620293
Warm C,335149,1978,1977,2492,1519,1,0.011895202
Warm C,356663,2089,2088,2492,1519,1,0.013682783
Warm C,335656,1980,1979,2492,1519,1,0.018126488
Warm C,921015,5565,5564,2492,1519,0,0.010260725
Warm C,811037,4867,4866,2492,1519,1,0.013132453
Warm C,462003,2849,2848,2492,1519,0,0.00588997
Warm C,415706,2504,2503,2492,1519,0,0.0057322965
Warm C,111613,727,726,2492,1519,1,0.00825857
Warm C,187028,1160,1159,2492,1519,0,0.007934299
Warm C,434904,2655,2654,2492,1519,0,0.007879413
Warm C,508165,3128,3127,2492,1519,0,0.0015660394
Warm C,336664,1982,1981,2492,1519,0,0.019331198
Warm C,323392,1917,1916,2495,1520,1,-0.0005650609
Warm C,316686,1884,1883,2495,1520,0,0.006261952
Warm C,327153,1939,1938,2495,1520,0,0.010281786
Warm C,298303,1768,1767,2495,1520,1,0.0026028755
Warm C,293119,1746,1745,2495,1520,1,0.006422065
Warm C,288407,1723,1722,2495,1520,1,0.007136668
Warm C,288215,1722,1721,2495,1520,1,0.00584452
Warm C,292199,1741,1740,2495,1520,1,0.011119261
Warm C,276117,1671,1670,2495,1520,1,0.01365742
Warm C,278882,1680,1679,2495,1520,1,0.0042578224
Warm C,269803,1635,1634,2495,1520,1,0.008956266
Warm C,268895,1632,1631,2495,1520,1,0.006943695
Warm C,283999,1698,1697,2495,1520,1,0.013603567
Warm C,335659,1980,1979,2495,1520,1,0.017579189
Warm C,315881,1882,1881,2495,1520,1,0.007701541
Warm C,591835,3610,3609,2495,1520,0,0.006394286
Warm C,197713,1215,1214,2495,1520,1,0.0061784717
Warm C,189975,1179,1178,2495,1520,0,0.017230667
Warm C,177484,1119,1118,2495,1520,1,0.0029579762
Warm C,165743,1057,1056,2495,1520,0,0.002421898
Warm C,212818,1297,1296,2495,1520,0,0.004667412
Warm C,157955,1015,1014,2495,1520,1,0.009411696
Warm C,436260,2665,2664,2495,1520,0,0.018253388
Warm C,147670,951,950,2495,1520,0,0.0050570196
Warm C,140849,905,904,2495,1520,1,0.003644093
Warm C,129280,839,838,2495,1520,1,0.00493105
Warm C,226025,1369,1368,2495,1520,1,0.0050858157
Warm C,152274,980,979,2495,1520,1,0.0017885929
Warm C,90906,602,601,2495,1520,1,0.009166209
Warm C,202990,1246,1245,2495,1520,0,0.011637205
Warm C,86046,563,562,2495,1520,0,-0.0033796404
Warm C,190641,1181,1180,2495,1520,0,0.0010985173
Warm C,83989,550,549,2495,1520,1,0.0041060164
Warm C,67721,454,453,2495,1520,1,0.00895732
Warm C,481701,2962,2961,2495,1520,0,0.008400121
Warm C,18085,139,138,2495,1520,0,0.0069720475
Warm C,159927,1019,1018,2495,1520,0,0.015882686
Warm C,215448,1306,1305,2495,1520,1,0.006027555
Warm C,631991,3822,3821,2497,1522,0,0.0060986937
Warm C,599871,3650,3649,2497,1522,0,0.0017636125
Warm C,585986,3577,3576,2497,1522,0,0.008221444
Warm C,562283,3461,3460,2497,1522,0,0.0060694492
Warm C,559864,3441,3440,2497,1522,0,0.016297773
Warm C,658309,3967,3966,2497,1522,1,0.01522612
Warm C,544649,3358,3357,2497,1522,1,0.0066364263
Warm C,547542,3378,3377,2497,1522,0,0.009235498
Warm C,533146,3292,3291,2497,1522,0,0.027312767
Warm C,530897,3280,3279,2497,1522,0,0.014692025
Warm C,516870,3191,3190,2497,1522,0,0.018173538
Warm C,513678,3169,3168,2497,1522,0,0.0064276736
Warm C,514212,3174,3173,2497,1522,0,0.010628722
Warm C,503606,3095,3094,2497,1522,0,0.021452565
Warm C,502843,3087,3086,2497,1522,1,0.015910927
Warm C,488639,3007,3006,2497,1522,0,0.0021500024
Warm C,477963,2934,2933,2497,1522,0,0.005086289
Warm C,870026,5256,5255,2497,1522,1,0.016193151
Warm C,470346,2896,2895,2497,1522,0,0.006659136
Warm C,468316,2887,2886,2497,1522,0,0.009957701
Warm C,459400,2829,2828,2497,1522,0,0.008106741
Warm C,518666,3201,3200,2497,1522,0,0.008416524
Warm C,594736,3620,3619,2497,1522,0,0.011627696
Warm C,450696,2777,2776,2497,1522,0,-0.00048426597
Warm C,445107,2745,2744,2497,1522,0,0.011788482
Warm C,444580,2743,2742,2497,1522,1,0.008830325
Warm C,442737,2728,2727,2497,1522,1,0.0013150289
Warm C,430025,2621,2620,2497,1522,0,0.009053828
Warm C,427571,2596,2595,2497,1522,1,0.010042972
Warm C,426860,2592,2591,2497,1522,0,0.008710379
Warm C,423115,2565,2564,2497,1522,1,0.016873792
Warm C,421790,2550,2549,2497,1522,0,0.007289095
Warm C,419254,2533,2532,2497,1522,1,0.010161929
Warm C,463760,2858,2857,2497,1522,1,0.014431071
Warm C,404451,2419,2418,2497,1522,0,0.009237824
Warm C,402910,2405,2404,2497,1522,1,0.0031796931
Warm C,398515,2371,2370,2497,1522,1,0.019669652
Warm C,395093,2334,2333,2497,1522,0,0.0042048814
Warm C,393082,2309,2308,2497,1522,0,0.008838335
Warm C,362848,2116,2115,2497,1522,1,0.0042535095
Warm C,351580,2063,2062,2497,1522,1,0.021024648
Warm C,302069,1794,1793,2497,1522,0,0.0037807522
Warm C,269492,1634,1633,2497,1522,0,0.0036094435
Warm C,266904,1620,1619,2497,1522,0,0.011403978
Warm C,254317,1546,1545,2497,1522,0,0.007267393
Warm C,264548,1609,1608,2497,1522,0,0.0075563537
Warm C,245469,1483,1482,2497,1522,0,0.014401028
Warm C,272763,1647,1646,2497,1522,0,0.015431212
Warm C,203854,1254,1253,2497,1522,0,0.0034558363
Warm C,189601,1175,1174,2497,1522,1,0.0038999447
Warm C,186745,1156,1155,2497,1522,1,0.0032641108
Warm C,188891,1172,1171,2497,1522,0,0.018123683
Warm C,321640,1908,1907,2497,1522,0,0.014301193
Warm C,183125,1141,1140,2497,1522,0,0.01746986
Warm C,331447,1958,1957,2497,1522,0,0.010506222
Warm C,175411,1112,1111,2497,1522,0,0.0097032385
Warm C,334499,1974,1973,2497,1522,0,0.016685681
Warm C,163727,1050,1049,2497,1522,0,0.0049276263
Warm C,229206,1389,1388,2497,1522,0,0.010513798
Warm C,413676,2489,2488,2497,1522,0,0.014236294
Warm C,152929,984,983,2497,1522,0,0.02396341
Warm C,190648,1181,1180,2497,1522,0,0.01145294
Warm C,140197,899,898,2497,1522,0,0.0043405257
Warm C,138002,889,888,2497,1522,0,0.01801982
Warm C,131812,854,853,2497,1522,0,0.003963234
Warm C,127251,822,821,2497,1522,0,0.0081708
Warm C,304761,1812,1811,2497,1522,0,0.017776718
Warm C,126519,817,816,2497,1522,0,0.0034050306
Warm C,123690,797,796,2497,1522,1,0.0046146726
Warm C,778835,4653,4652,2497,1522,0,0.01573942
Warm C,299516,1778,1777,2497,1522,0,0.010732017
Warm C,103646,689,688,2497,1522,0,0.003951464
Warm C,99419,663,662,2497,1522,0,-0.0052742017
Warm C,95922,644,643,2497,1522,0,0.010736127
Warm C,111614,727,726,2497,1522,1,0.018593753
Warm C,88138,581,580,2497,1522,0,0.0023151035
Warm C,228117,1383,1382,2497,1522,0,0.011701325
Warm C,73635,499,498,2497,1522,1,0.0069388845
Warm C,68618,461,460,2497,1522,1,0.01715465
Warm C,64616,432,431,2497,1522,0,-0.0030056024
Warm C,78360,528,527,2497,1522,1,0.01794235
Warm C,47479,319,318,2497,1522,0,0.020199075
Warm C,110683,721,720,2497,1522,1,0.004526889
Warm C,696019,4169,4168,2497,1522,0,0.013578417
Warm C,34480,234,233,2497,1522,1,0.0053202054
Warm C,308487,1837,1836,2497,1522,0,0.013942563
Warm C,32928,223,222,2497,1522,0,0.009683381
Warm C,29462,201,200,2497,1522,0,0.006460444
Warm C,21273,156,155,2497,1522,1,0.016547848
Warm C,838,10,9,2497,1522,1,0.010239071
Warm C,561509,3454,3453,2497,1522,0,0.012499729
Warm C,79246,531,530,2497,1522,0,0.023039551
Warm C,19412,148,147,2497,1522,1,0.009725666
Warm C,399780,2380,2379,2497,1522,0,0.02661987
Warm C,95372,639,638,2497,1522,1,0.0070203044
Warm C,365459,2127,2126,2497,1522,0,0.0040431973
Warm C,149115,959,958,2497,1522,1,0.007015201
Warm C,689791,4126,4125,2497,1522,1,0.009924557
Warm C,327822,1941,1940,2497,1522,0,0.018222779
Warm C,335665,1980,1979,2497,1522,0,0.014489291
Warm C,17797,137,136,2497,1522,0,0.01627534
Warm C,300259,1780,1779,2497,1522,0,0.017950114
Warm C,71888,482,481,2497,1522,0,0.009577753
Warm C,187555,1164,1163,2497,1522,0,0.0021172832
Warm C,242317,1463,1462,2497,1522,0,0.005035814
Warm C,241069,1451,1450,2497,1522,0,0.01107652
Warm C,473394,2909,2908,2497,1522,0,0.00819133
Warm C,285214,1701,1700,2497,1522,0,0.009699723
Warm C,831910,5001,5000,2497,1522,1,0.0053802673
Warm C,456937,2814,2813,2497,1522,0,0.004422881
Warm C,473396,2909,2908,2498,1523,1,0.008998366
Warm C,486951,2996,2995,2498,1523,0,0.015280109
Warm C,420421,2541,2540,2498,1523,0,-0.00088004774
Warm C,418546,2529,2528,2498,1523,0,0.010262797
Warm C,382585,2236,2235,2498,1523,0,-0.0007365241
Warm C,370659,2167,2166,2498,1523,0,0.0015904631
Warm C,370458,2166,2165,2498,1523,0,0.015088202
Warm C,366765,2138,2137,2498,1523,1,0.0014052619
Warm C,366567,2136,2135,2498,1523,0,0.007051765
Warm C,358429,2098,2097,2498,1523,0,0.013011096
Warm C,356298,2088,2087,2498,1523,0,0.013171939
Warm C,351581,2063,2062,2498,1523,0,0.011400126
Warm C,373925,2181,2180,2498,1523,0,0.015892895
Warm C,361496,2109,2108,2498,1523,0,0.017945992
Warm C,339840,2004,2003,2498,1523,0,0.0054010213
Warm C,324671,1923,1922,2498,1523,0,0.009323473
Warm C,305330,1815,1814,2498,1523,0,0.011805236
Warm C,296759,1759,1758,2498,1523,0,0.0048096124
Warm C,288088,1721,1720,2498,1523,0,0.009660644
Warm C,281201,1687,1686,2498,1523,0,0.009044441
Warm C,286231,1709,1708,2498,1523,1,0.0068463394
Warm C,269807,1635,1634,2498,1523,0,0.018221697
Warm C,268309,1630,1629,2498,1523,0,0.010236074
Warm C,259838,1589,1588,2498,1523,0,0.012289895
Warm C,264549,1609,1608,2498,1523,0,0.011512901
Warm C,272764,1647,1646,2498,1523,0,0.020567618
Warm C,261663,1599,1598,2498,1523,0,0.014482524
Warm C,196392,1207,1206,2498,1523,0,0.018966418
Warm C,236334,1434,1433,2498,1523,0,0.006389276
Warm C,177999,1120,1119,2498,1523,0,0.014911089
Warm C,173565,1100,1099,2498,1523,0,0.006585683
Warm C,248718,1501,1500,2498,1523,0,0.005127141
Warm C,276634,1673,1672,2498,1523,0,0.007544819
Warm C,327824,1941,1940,2498,1523,0,0.008632092
Warm C,147624,950,949,2498,1523,0,-0.0015500053
Warm C,146870,948,947,2498,1523,0,0.0072138878
Warm C,138003,889,888,2498,1523,0,0.016338423
Warm C,135245,876,875,2498,1523,0,0.009331187
Warm C,360612,2106,2105,2498,1523,0,0.01781133
Warm C,112357,731,730,2498,1523,0,0.01248594
Warm C,216386,1314,1313,2498,1523,0,-0.008975266
Warm C,107801,710,709,2498,1523,0,0.014801456
Warm C,166756,1060,1059,2498,1523,0,0.015299359
Warm C,109226,714,713,2498,1523,0,0.013321591
Warm C,233975,1422,1421,2498,1523,0,0.009324538
Warm C,239850,1449,1448,2498,1523,0,0.015069898
Warm C,86047,563,562,2498,1523,0,0.007974109
Warm C,73080,494,493,2498,1523,1,0.0016407273
Warm C,65251,438,437,2498,1523,0,0.009530385
Warm C,49419,329,328,2498,1523,0,0.014456961
Warm C,187920,1165,1164,2498,1523,0,0.012941252
Warm C,38509,262,261,2498,1523,0,0.012342749
Warm C,55610,368,367,2498,1523,0,0.007838922
Warm C,27564,193,192,2498,1523,0,0.010062629
Warm C,19413,148,147,2498,1523,0,0.011491837
Warm C,840,10,9,2498,1523,1,0.008360339
Warm C,167093,1063,1062,2498,1523,0,0.011390232
Warm C,472438,2907,2906,2498,1523,0,0.0071647693
Warm C,134115,869,868,2498,1523,1,0.012203085
Warm C,335666,1980,1979,2498,1523,0,0.014675748
Warm C,171428,1088,1087,2498,1523,0,0.0147948675
Warm C,136398,881,880,2498,1523,0,0.010083102
Warm C,52156,343,342,2498,1523,0,0.0074086743
Warm C,462368,2853,2852,2500,1524,0,0.0040022735
Warm C,458046,2820,2819,2500,1524,0,0.0042846445
Warm C,450972,2777,2776,2500,1524,0,0.008582759
Warm C,444719,2743,2742,2500,1524,0,0.0077861166
Warm C,564513,3471,3470,2500,1524,0,0.007248937
Warm C,377878,2205,2204,2500,1524,0,0.0046766773
Warm C,382500,2235,2234,2500,1524,0,0.0065943617
Warm C,368844,2156,2155,2500,1524,0,0.011495567
Warm C,355996,2085,2084,2500,1524,1,0.0072402423
Warm C,352008,2063,2062,2500,1524,1,0.010074229
Warm C,345135,2024,2023,2500,1524,0,-0.00045628683
Warm C,297579,1764,1763,2500,1524,0,0.006968541
Warm C,281316,1687,1686,2500,1524,0,0.0141758425
Warm C,259532,1587,1586,2500,1524,0,0.0078166835
Warm C,227792,1381,1380,2500,1524,0,0.0040832944
Warm C,224224,1356,1355,2500,1524,0,0.007381255
Warm C,223629,1354,1353,2500,1524,1,0.0062008807
Warm C,212971,1297,1296,2500,1524,1,0.008800242
Warm C,279469,1680,1679,2500,1524,0,0.01085874
Warm C,185437,1150,1149,2500,1524,0,0.014720006
Warm C,173722,1100,1099,2500,1524,0,-0.0033148949
Warm C,172919,1096,1095,2500,1524,0,-0.0006059995
Warm C,175609,1112,1111,2500,1524,0,0.0082182875
Warm C,272260,1645,1644,2500,1524,1,0.0066378815
Warm C,189407,1173,1172,2500,1524,0,0.0059264135
Warm C,227653,1380,1379,2500,1524,0,0.017647462
Warm C,167922,1068,1067,2500,1524,0,0.01370316
Warm C,140953,906,905,2500,1524,0,3.5930658e-05
Warm C,156990,1010,1009,2500,1524,0,0.00929124
Warm C,136685,881,880,2500,1524,0,0.015190994
Warm C,331712,1958,1957,2500,1524,0,0.012072385
Warm C,332724,1962,1961,2500,1524,0,0.0069676964
Warm C,122354,789,788,2500,1524,0,0.008135329
Warm C,113367,735,734,2500,1524,0,0.011250824
Warm C,360889,2106,2105,2500,1524,0,0.007706075
Warm C,221443,1340,1339,2500,1524,0,0.006443551
Warm C,939951,5675,5674,2500,1524,0,0.0018316333
Warm C,80267,533,532,2500,1524,0,0.012339707
Warm C,239061,1448,1447,2500,1524,1,0.0085088
Warm C,116337,752,751,2500,1524,1,0.010562183
Warm C,70203,474,473,2500,1524,0,0.011251299
Warm C,251184,1516,1515,2500,1524,0,0.0042261872
Warm C,57111,386,385,2500,1524,0,-0.007010108
Warm C,538012,3312,3311,2500,1524,0,0.009928765
Warm C,54403,355,354,2500,1524,0,0.005986289
Warm C,11904,92,91,2500,1524,0,0.013237359
Warm C,7273,51,50,2500,1524,0,0.0024578434
Warm C,633374,3824,3823,2500,1524,0,0.0052610757
Warm C,79499,531,530,2500,1524,0,0.010389177
Warm C,363148,2116,2115,2500,1524,0,0.020595238
Warm C,490324,3017,3016,2500,1524,0,0.012319105
Warm C,164662,1051,1050,2500,1524,0,0.010933766
Warm C,134383,869,868,2500,1524,0,0.0071378234
Warm C,177034,1117,1116,2500,1524,0,0.011171466
Warm C,811151,4867,4866,2500,1524,0,0.0027674357
Warm C,375635,2188,2187,2500,1524,0,-0.0022974564
Warm C,290317,1733,1732,2500,1524,0,0.018831614
Warm C,336716,1982,1981,2500,1524,0,0.0069351215
Warm C,171784,1088,1087,2500,1524,0,0.012417918
Warm C,720114,4312,4311,2504,1527,0,0.01037918
Warm C,608318,3690,3689,2504,1527,0,-0.0030039104
Warm C,604865,3677,3676,2504,1527,1,0.0048940494
Warm C,600573,3651,3650,2504,1527,0,0.0030738318
Warm C,606590,3683,3682,2504,1527,0,0.008624494
Warm C,583524,3562,3561,2504,1527,0,0.005427853
Warm C,582170,3557,3556,2504,1527,0,0.0060835616
Warm C,580957,3547,3546,2504,1527,0,0.016998842
Warm C,579472,3539,3538,2504,1527,1,0.0027282182
Warm C,569312,3491,3490,2504,1527,1,0.0049184375
Warm C,572251,3507,3506,2504,1527,0,0.009413217
Warm C,556700,3421,3420,2504,1527,1,0.00064066367
Warm C,644720,3884,3883,2504,1527,0,0.012986427
Warm C,740567,4425,4424,2504,1527,0,-0.00026999437
Warm C,536092,3308,3307,2504,1527,1,0.0015371065
Warm C,533426,3292,3291,2504,1527,1,-0.00042011542
Warm C,531729,3283,3282,2504,1527,0,-0.00063447
Warm C,531103,3280,3279,2504,1527,0,0.004443578
Warm C,522692,3224,3223,2504,1527,1,0.01325511
Warm C,562664,3462,3461,2504,1527,0,-0.0018212683
Warm C,517670,3195,3194,2504,1527,1,0.00076625426
Warm C,659190,3971,3970,2504,1527,1,0.006116864
Warm C,508696,3129,3128,2504,1527,0,0.0056414083
Warm C,574820,3518,3517,2504,1527,0,0.0024834939
Warm C,523498,3227,3226,2504,1527,1,0.0065526613
Warm C,575426,3519,3518,2504,1527,0,-0.004918359
Warm C,499526,3067,3066,2504,1527,0,-0.0018924186
Warm C,496903,3053,3052,2504,1527,0,0.0072905887
Warm C,510961,3150,3149,2504,1527,0,0.0026240314
Warm C,474529,2912,2911,2504,1527,0,0.0033284163
Warm C,564517,3471,3470,2504,1527,0,0.0055292207
Warm C,465711,2872,2871,2504,1527,0,0.0065650893
Warm C,450977,2777,2776,2504,1527,0,0.011853982
Warm C,420503,2541,2540,2504,1527,0,0.0073302537
Warm C,416701,2507,2506,2504,1527,0,0.008523591
Warm C,404601,2419,2418,2504,1527,0,0.0031811115
Warm C,399542,2378,2377,2504,1527,0,-0.0006538788
Warm C,375637,2188,2187,2504,1527,0,0.014299251
Warm C,372312,2174,2173,2504,1527,0,0.005131858
Warm C,363151,2116,2115,2504,1527,0,0.011607814
Warm C,359801,2104,2103,2504,1527,1,0.004239005
Warm C,355998,2085,2084,2504,1527,1,0.003001505
Warm C,352011,2063,2062,2504,1527,1,0.00990114
Warm C,293420,1747,1746,2504,1527,0,-0.007416212
Warm C,268561,1631,1630,2504,1527,0,0.0072662486
Warm C,259536,1587,1586,2504,1527,0,0.0022126944
Warm C,245139,1478,1477,2504,1527,0,0.004585167
Warm C,235062,1425,1424,2504,1527,1,0.00057007605
Warm C,301805,1793,1792,2504,1527,0,0.0045212787
Warm C,224225,1356,1355,2504,1527,0,0.0020474833
Warm C,222417,1345,1344,2504,1527,1,0.002614141
Warm C,214111,1300,1299,2504,1527,0,0.00039092998
Warm C,296835,1759,1758,2504,1527,0,0.0012045768
Warm C,212975,1297,1296,2504,1527,0,0.008200001
Warm C,277791,1676,1675,2504,1527,0,0.0137869725
Warm C,279473,1680,1679,2504,1527,1,0.0035743876
Warm C,196589,1207,1206,2504,1527,0,0.0071302475
Warm C,193221,1193,1192,2504,1527,0,0.0034642234
Warm C,189026,1172,1171,2504,1527,1,0.0066640936
Warm C,185441,1150,1149,2504,1527,0,0.0033427733
Warm C,175612,1112,1111,2504,1527,0,0.0066755153
Warm C,167924,1068,1067,2504,1527,1,0.0015904712
Warm C,163904,1050,1049,2504,1527,1,0.0064611295
Warm C,189411,1173,1172,2504,1527,0,0.0026413836
Warm C,156369,1009,1008,2504,1527,0,0.0060407137
Warm C,155396,1001,1000,2504,1527,0,-0.00081120175
Warm C,155939,1004,1003,2504,1527,0,0.0044986797
Warm C,149650,963,962,2504,1527,0,0.006632966
Warm C,134764,870,869,2504,1527,1,0.006333733
Warm C,332728,1962,1961,2504,1527,0,0.0035078307
Warm C,154921,999,998,2504,1527,0,0.0013750279
Warm C,128046,828,827,2504,1527,1,0.009769442
Warm C,605867,3681,3680,2504,1527,0,0.0058816336
Warm C,116341,752,751,2504,1527,1,0.011872346
Warm C,112560,731,730,2504,1527,0,0.0023705105
Warm C,98333,658,657,2504,1527,0,-0.0016967817
Warm C,673315,4042,4041,2504,1527,0,0.006202106
Warm C,90705,601,600,2504,1527,0,0.009355484
Warm C,239065,1448,1447,2504,1527,1,0.0027336995
Warm C,77647,524,523,2504,1527,0,0.008904424
Warm C,74053,504,503,2504,1527,1,-0.004425203
Warm C,72141,482,481,2504,1527,0,0.007822377
Warm C,76724,520,519,2504,1527,1,0.0066107367
Warm C,57115,386,385,2504,1527,0,0.0053505288
Warm C,47330,319,318,2504,1527,0,0.0086823255
Warm C,29105,199,198,2504,1527,0,0.002227689
Warm C,404036,2414,2413,2504,1527,1,0.0024720528
Warm C,26321,187,186,2504,1527,1,0.008185543
Warm C,24861,175,174,2504,1527,1,-0.00050711737
Warm C,23041,166,165,2504,1527,0,0.00014700973
Warm C,49268,329,328,2504,1527,0,-0.00077515445
Warm C,166522,1059,1058,2504,1527,0,0.0027363265
Warm C,458048,2820,2819,2504,1527,0,0.010463852
Warm C,79504,531,530,2504,1527,0,0.0055771614
Warm C,158354,1015,1014,2504,1527,0,-0.007233184
Warm C,709788,4258,4257,2504,1527,0,0.0045861336
Warm C,413793,2489,2488,2504,1527,1,-0.0036978954
Warm C,230563,1395,1394,2504,1527,1,-0.009380617
Warm C,249888,1505,1504,2504,1527,0,0.0060652164
Warm C,56316,376,375,2504,1527,0,0.0019719098
Warm C,333919,1969,1968,2504,1527,1,0.0030855741
Warm C,360894,2106,2105,2504,1527,0,0.007723961
Warm C,682547,4085,4084,2504,1527,0,-0.006358582
Warm C,272262,1645,1644,2504,1527,1,-0.0012371256
Warm C,73325,496,495,2504,1527,0,0.0050625377
Warm C,171788,1088,1087,2504,1527,0,0.0005069636
Warm C,102377,678,677,2504,1527,0,0.0064333584
Warm C,45849,308,307,2504,1527,0,0.005684982
Warm C,263438,1605,1604,2504,1527,0,0.016675437
Warm C,195552,1203,1202,2504,1527,0,0.0058319336
Warm C,134386,869,868,2504,1527,0,0.009539261
Warm C,248528,1500,1499,2504,1527,0,-0.0016914245
Warm C,986664,5956,5955,2504,1527,0,0.010578187
Warm C,476396,2926,2925,2504,1527,0,0.0027855225
Warm C,287766,1717,1716,2504,1527,1,-0.0014669208
Warm C,456509,2810,2809,2504,1527,0,0.007201068
Warm C,907664,5492,5491,2504,1527,0,0.0022230498
Warm C,902825,5458,5457,2504,1527,0,-0.0009013249
Warm C,336060,1980,1979,2504,1527,0,-0.0011450945
Warm C,992414,5996,5995,2504,1527,1,0.007110612
Warm C,33893,229,228,2504,1527,0,-0.0009837329
Warm C,623073,3770,3769,2506,1529,0,-0.0049126036
Warm C,845327,5081,5080,2506,1529,1,0.0082463985
Warm C,590182,3600,3599,2506,1529,0,0.012254245
Warm C,587041,3585,3584,2506,1529,1,0.009225949
Warm C,582171,3557,3556,2506,1529,1,0.0147363255
Warm C,590440,3601,3600,2506,1529,1,0.010605722
Warm C,576673,3525,3524,2506,1529,1,0.005032306
Warm C,572253,3507,3506,2506,1529,0,0.016420253
Warm C,562666,3462,3461,2506,1529,0,-0.003988859
Warm C,559955,3441,3440,2506,1529,0,0.005764308
Warm C,658432,3967,3966,2506,1529,1,0.009189468
Warm C,547606,3378,3377,2506,1529,1,0.0028040658
Warm C,542295,3336,3335,2506,1529,0,0.009781014
Warm C,541056,3328,3327,2506,1529,0,0.0015008047
Warm C,536095,3308,3307,2506,1529,1,0.01794609
Warm C,526359,3255,3254,2506,1529,0,0.009939972
Warm C,520823,3213,3212,2506,1529,1,0.011178926
Warm C,503657,3095,3094,2506,1529,0,0.0023485473
Warm C,499529,3067,3066,2506,1529,1,0.0051288046
Warm C,659192,3971,3970,2506,1529,1,0.0053671994
Warm C,493448,3031,3030,2506,1529,1,0.016198313
Warm C,472684,2907,2906,2506,1529,0,0.009195736
Warm C,466031,2873,2872,2506,1529,1,-0.010459871
Warm C,456510,2810,2809,2506,1529,1,0.005868116
Warm C,446161,2751,2750,2506,1529,0,0.008040066
Warm C,444724,2743,2742,2506,1529,1,-0.00054193055
Warm C,442901,2730,2729,2506,1529,0,0.005870398
Warm C,435592,2663,2662,2506,1529,1,0.0061596553
Warm C,430336,2623,2622,2506,1529,1,0.005499538
Warm C,426097,2588,2587,2506,1529,0,0.009017808
Warm C,416120,2506,2505,2506,1529,0,0.0057582725
Warm C,412883,2484,2483,2506,1529,1,0.013580397
Warm C,405446,2428,2427,2506,1529,1,0.0070972824
Warm C,404603,2419,2418,2506,1529,0,0.009720244
Warm C,395184,2334,2333,2506,1529,1,0.018329002
Warm C,381356,2230,2229,2506,1529,1,0.0016761082
Warm C,369971,2164,2163,2506,1529,0,0.005185602
Warm C,364457,2123,2122,2506,1529,1,-0.004822188
Warm C,352015,2063,2062,2506,1529,0,0.025736945
Warm C,324763,1924,1923,2506,1529,1,0.015799038
Warm C,296985,1760,1759,2506,1529,1,0.008168167
Warm C,274852,1664,1663,2506,1529,0,0.009111607
Warm C,236423,1434,1433,2506,1529,1,0.0074395174
Warm C,209497,1279,1278,2506,1529,0,0.008236613
Warm C,189628,1175,1174,2506,1529,1,0.0085537415
Warm C,189027,1172,1171,2506,1529,1,0.006636837
Warm C,321689,1908,1907,2506,1529,1,0.0016427151
Warm C,316305,1883,1882,2506,1529,0,0.002643452
Warm C,176291,1114,1113,2506,1529,1,0.0063978685
Warm C,174499,1103,1102,2506,1529,0,0.006613666
Warm C,331718,1958,1957,2506,1529,1,0.019643657
Warm C,263440,1605,1604,2506,1529,0,0.016641393
Warm C,168535,1069,1068,2506,1529,0,0.005638806
Warm C,328309,1941,1940,2506,1529,1,0.011584526
Warm C,189412,1173,1172,2506,1529,1,0.021401532
Warm C,152702,983,982,2506,1529,1,0.0021290116
Warm C,150200,967,966,2506,1529,1,0.0038566664
Warm C,323893,1920,1919,2506,1529,0,0.00817098
Warm C,270973,1639,1638,2506,1529,1,0.00944316
Warm C,140296,899,898,2506,1529,1,0.0019360041
Warm C,138468,889,888,2506,1529,0,0.014654067
Warm C,130845,849,848,2506,1529,0,0.008328574
Warm C,128047,828,827,2506,1529,1,0.0058958926
Warm C,117554,757,756,2506,1529,0,0.021887343
Warm C,778905,4653,4652,2506,1529,0,0.004726638
Warm C,98910,660,659,2506,1529,0,0.01194557
Warm C,177037,1117,1116,2506,1529,0,0.0056554237
Warm C,151269,973,972,2506,1529,0,0.008711666
Warm C,91652,608,607,2506,1529,0,0.012173936
Warm C,228357,1383,1382,2506,1529,0,0.008256581
Warm C,87293,570,569,2506,1529,0,0.009579525
Warm C,84820,551,550,2506,1529,0,0.004102455
Warm C,69637,467,466,2506,1529,1,0.0011049104
Warm C,64692,433,432,2506,1529,0,0.002127918
Warm C,74926,509,508,2506,1529,0,0.0092203375
Warm C,52709,347,346,2506,1529,1,-0.002744667
Warm C,55122,365,364,2506,1529,1,0.0106767565
Warm C,78531,528,527,2506,1529,1,0.016283778
Warm C,49272,329,328,2506,1529,0,0.011729334
Warm C,46414,310,309,2506,1529,1,0.009699034
Warm C,312930,1865,1864,2506,1529,1,0.006115189
Warm C,696463,4169,4168,2506,1529,0,0.015631462
Warm C,31921,216,215,2506,1529,1,0.005096732
Warm C,337092,1983,1982,2506,1529,1,0.010930454
Warm C,26324,187,186,2506,1529,1,0.006738034
Warm C,16837,132,131,2506,1529,0,0.0050548795
Warm C,5493,38,37,2506,1529,1,0.010347644
Warm C,1638,15,14,2506,1529,0,0.008264628
Warm C,477,6,5,2506,1529,0,0.010729569
Warm C,79507,531,530,2506,1529,0,0.023174468
Warm C,215594,1306,1305,2506,1529,0,0.0028682395
Warm C,360897,2106,2105,2506,1529,0,0.0137277
Warm C,95488,639,638,2506,1529,1,0.008400438
Warm C,240222,1449,1448,2506,1529,0,0.019672897
Warm C,251897,1524,1523,2506,1529,1,0.008267474
Warm C,144976,934,933,2506,1529,1,0.0065363813
Warm C,873824,5276,5275,2506,1529,0,0.00089085
Warm C,20686,151,150,2506,1529,1,0.0012333782
Warm C,171791,1088,1087,2506,1529,1,0.024697106
Warm C,699719,4186,4185,2506,1529,0,0.018298754
Warm C,116343,752,751,2506,1529,1,0.012609163
Warm C,183266,1141,1140,2506,1529,0,0.0076736524
Warm C,877435,5302,5301,2506,1529,0,0.008418253
Warm C,191120,1181,1180,2511,1530,0,0.012636662
Warm C,169607,1077,1076,2511,1530,1,9.614043e-06
Warm C,246373,1489,1488,2511,1530,0,0.005480136
Warm C,185459,1150,1149,2511,1530,0,0.015288454
Warm C,374856,2185,2184,2511,1530,1,0.0003072163
Warm C,106827,702,701,2511,1530,1,0.0017214376
Warm C,316899,1884,1883,2511,1530,1,0.0058658216
Warm C,160207,1019,1018,2511,1530,0,0.00094731036
Warm C,84305,550,549,2511,1530,0,0.008200252
Warm C,77654,524,523,2511,1530,1,0.008547479
Warm C,68782,461,460,2511,1530,0,0.005233623
Warm C,3060,23,22,2511,1530,0,0.0052026086
Warm C,902828,5458,5457,2511,1530,0,0.0021304227
Warm C,24293,173,172,2511,1530,0,0.008615882
Warm C,249894,1505,1504,2511,1530,1,-0.0015040017
Warm C,319428,1897,1896,2511,1530,0,0.0015312689
Warm C,739425,4418,4417,2511,1530,1,0.0074746134
Warm C,339224,1998,1997,2511,1530,1,0.002120263
Warm C,293832,1748,1747,2511,1530,1,0.008808553
Warm C,768768,4579,4578,2511,1530,0,0.004478588
Warm C,891595,5387,5386,2511,1530,0,0.010020712
Warm C,290331,1733,1732,2511,1530,1,0.0077429325
Warm C,406800,2444,2443,2514,1532,0,0.010863803
Warm C,368638,2155,2154,2514,1532,1,-3.4907367e-05
Warm C,366215,2131,2130,2514,1532,0,0.015528547
Warm C,361748,2109,2108,2514,1532,0,0.022111375
Warm C,358555,2098,2097,2514,1532,0,0.012457483
Warm C,344442,2021,2020,2514,1532,0,0.011258389
Warm C,323517,1919,1918,2514,1532,1,0.008484804
Warm C,279500,1680,1679,2514,1532,0,0.023774602
Warm C,277044,1675,1674,2514,1532,0,0.017255235
Warm C,277801,1676,1675,2514,1532,0,0.01773854
Warm C,271497,1641,1640,2514,1532,0,0.012946837
Warm C,267607,1626,1625,2514,1532,0,0.0074543147
Warm C,236431,1434,1433,2514,1532,1,0.0061790072
Warm C,224516,1357,1356,2514,1532,0,0.017165318
Warm C,221910,1342,1341,2514,1532,0,0.010268456
Warm C,213928,1299,1298,2514,1532,0,0.009060867
Warm C,240236,1449,1448,2514,1532,0,0.02341066
Warm C,328331,1941,1940,2514,1532,0,0.016713738
Warm C,196600,1207,1206,2514,1532,0,0.0005106088
Warm C,179680,1125,1124,2514,1532,0,0.0074642412
Warm C,256195,1562,1561,2514,1532,0,0.005923402
Warm C,184049,1146,1145,2514,1532,0,0.007130875
Warm C,175624,1112,1111,2514,1532,0,0.010557078
Warm C,165651,1056,1055,2514,1532,0,0.009413944
Warm C,159331,1017,1016,2514,1532,0,0.014937724
Warm C,150203,967,966,2514,1532,0,0.004429333
Warm C,157009,1010,1009,2514,1532,0,0.014877949
Warm C,134398,869,868,2514,1532,0,0.014910348
Warm C,133202,859,858,2514,1532,0,0.0080134235
Warm C,138486,889,888,2514,1532,0,0.013658134
Warm C,126639,817,816,2514,1532,0,0.013003018
Warm C,125587,808,807,2514,1532,0,0.016582008
Warm C,91655,608,607,2514,1532,0,0.005013801
Warm C,291503,1737,1736,2514,1532,0,0.0008844752
Warm C,406130,2436,2435,2514,1532,0,0.009566681
Warm C,56049,372,371,2514,1532,0,0.014578163
Warm C,54193,353,352,2514,1532,0,0.0091458345
Warm C,47915,321,320,2514,1532,0,0.023451257
Warm C,45175,305,304,2514,1532,0,0.0038270634
Warm C,99868,667,666,2514,1532,0,-0.0011810875
Warm C,537276,3311,3310,2514,1532,0,0.0052655833
Warm C,639193,3842,3841,2514,1532,0,0.011513749
Warm C,22428,163,162,2514,1532,0,0.017785888
Warm C,198447,1219,1218,2514,1532,0,0.0037403163
Warm C,65440,438,437,2514,1532,0,0.008771431
Warm C,365810,2129,2128,2514,1532,0,0.003139962
Warm C,290333,1733,1732,2514,1532,0,0.013957312
Warm C,622222,3768,3767,2514,1532,0,0.0039617587
Warm C,177044,1117,1116,2514,1532,0,0.01077722
Warm C,310748,1851,1850,2514,1532,0,0.010741763
Warm C,352027,2063,2062,2514,1532,0,0.013672392
Warm C,206974,1266,1265,2514,1532,0,0.012607287
Warm C,473809,2909,2908,2514,1532,0,0.013988075
Warm C,28030,195,194,2514,1532,0,0.006971042
Warm C,63096,424,423,2514,1532,0,0.026909847
Warm C,461563,2847,2846,2514,1532,0,0.012209205
Warm C,352979,2067,2066,2519,1535,1,0.004597324
Warm C,350139,2055,2054,2519,1535,1,0.018661471
Warm C,300739,1781,1780,2519,1535,0,0.004619027
Warm C,288302,1722,1721,2519,1535,1,0.0024543842
Warm C,300437,1780,1779,2519,1535,1,0.005076361
Warm C,281697,1689,1688,2519,1535,0,0.0043031294
Warm C,279510,1680,1679,2519,1535,0,0.010018172
Warm C,247785,1496,1495,2519,1535,0,0.005887238
Warm C,224518,1357,1356,2519,1535,1,0.008108363
Warm C,336087,1980,1979,2519,1535,0,0.007492916
Warm C,328343,1941,1940,2519,1535,0,0.002037189
Warm C,176412,1115,1114,2519,1535,0,0.013422678
Warm C,175629,1112,1111,2519,1535,0,0.004337716
Warm C,159336,1017,1016,2519,1535,1,0.0028834548
Warm C,133879,868,867,2519,1535,0,0.0011719908
Warm C,114100,741,740,2519,1535,0,0.004141815
Warm C,103850,690,689,2519,1535,0,0.012767287
Warm C,88107,580,579,2519,1535,0,0.001837196
Warm C,363171,2116,2115,2519,1535,1,-0.0010213698
Warm C,43220,296,295,2519,1535,1,0.0009867637
Warm C,203173,1246,1245,2519,1535,0,0.011164829
Warm C,31961,216,215,2519,1535,0,-0.005680925
Warm C,29722,202,201,2519,1535,1,0.007161618
Warm C,17463,136,135,2519,1535,1,-0.0035509001
Warm C,14428,117,116,2519,1535,1,0.0027047382
Warm C,11167,83,82,2519,1535,0,7.451442e-05
Warm C,290341,1733,1732,2519,1535,1,0.008699568
Warm C,592058,3610,3609,2519,1535,0,-0.004515813
Warm C,552468,3401,3400,2519,1535,0,0.00060682
Warm C,927612,5605,5604,2519,1535,0,0.018798327
Warm C,287775,1717,1716,2519,1535,1,0.0019071046
Warm C,366218,2131,2130,2519,1535,1,0.0026921527
Warm C,473821,2909,2908,2519,1535,1,0.003850697
Warm C,322497,1912,1911,2519,1535,0,0.005634746
Warm C,187969,1165,1164,2519,1535,0,0.00013679039
Warm C,718604,4305,4304,2519,1535,1,0.0021164021
Warm C,665912,4007,4006,2520,1536,0,0.003173641
Warm C,656661,3957,3956,2520,1536,0,0.011313388
Warm C,648272,3903,3902,2520,1536,1,-0.0055712825
Warm C,643737,3878,3877,2520,1536,1,0.0042796433
Warm C,643186,3873,3872,2520,1536,1,0.004227259
Warm C,640275,3848,3847,2520,1536,0,0.0030268186
Warm C,632517,3823,3822,2520,1536,1,0.015243631
Warm C,629620,3808,3807,2520,1536,0,-0.0005871905
Warm C,638336,3841,3840,2520,1536,0,0.012885356
Warm C,623672,3772,3771,2520,1536,0,0.004385682
Warm C,619570,3754,3753,2520,1536,1,0.0009713934
Warm C,615721,3727,3726,2520,1536,1,0.006110143
Warm C,611220,3705,3704,2520,1536,1,0.012006337
Warm C,744966,4448,4447,2520,1536,1,0.011749453
Warm C,610449,3702,3701,2520,1536,1,0.002225197
Warm C,594028,3618,3617,2520,1536,0,0.002547487
Warm C,590192,3600,3599,2520,1536,1,0.009841896
Warm C,585754,3576,3575,2520,1536,1,0.004472598
Warm C,577960,3529,3528,2520,1536,0,-0.00038835197
Warm C,580966,3547,3546,2520,1536,1,0.0040109633
Warm C,566690,3477,3476,2520,1536,0,-0.0028779376
Warm C,554057,3410,3409,2520,1536,1,0.006729551
Warm C,632054,3822,3821,2520,1536,0,-0.0045500183
Warm C,548007,3380,3379,2520,1536,0,0.014501405
Warm C,540239,3321,3320,2520,1536,0,0.004377133
Warm C,639202,3842,3841,2520,1536,0,0.010204011
Warm C,529840,3272,3271,2520,1536,1,0.0056968345
Warm C,518816,3201,3200,2520,1536,0,0.010064419
Warm C,509531,3138,3137,2520,1536,0,0.013537232
Warm C,507274,3121,3120,2520,1536,0,0.010085776
Warm C,505212,3108,3107,2520,1536,0,0.0066703553
Warm C,494302,3032,3031,2520,1536,1,0.0014160455
Warm C,696487,4169,4168,2520,1536,0,0.008951349
Warm C,670681,4030,4029,2520,1536,1,-0.0011145603
Warm C,472710,2907,2906,2520,1536,0,0.0006686043
Warm C,473834,2909,2908,2520,1536,1,0.011736305
Warm C,465284,2869,2868,2520,1536,0,0.0044388887
Warm C,463417,2857,2856,2520,1536,0,0.023237457
Warm C,458074,2820,2819,2520,1536,0,-0.0044138064
Warm C,449958,2774,2773,2520,1536,0,0.0066373744
Warm C,442093,2719,2718,2520,1536,0,0.0014708247
Warm C,439624,2685,2684,2520,1536,0,0.012153396
Warm C,433681,2643,2642,2520,1536,1,0.010068857
Warm C,431428,2628,2627,2520,1536,0,0.0073214537
Warm C,417473,2517,2516,2520,1536,0,-0.00060579844
Warm C,416736,2507,2506,2520,1536,1,0.014148584
Warm C,403009,2406,2405,2520,1536,1,0.0037407277
Warm C,397970,2363,2362,2520,1536,1,-0.0001122292
Warm C,397845,2360,2359,2520,1536,0,-0.0002791034
Warm C,396680,2348,2347,2520,1536,0,0.0028785206
Warm C,393737,2318,2317,2520,1536,0,-0.0028314213
Warm C,393464,2315,2314,2520,1536,0,-0.005454267
Warm C,392323,2304,2303,2520,1536,1,0.00021829689
Warm C,389740,2287,2286,2520,1536,1,0.0021997525
Warm C,436544,2665,2664,2520,1536,1,0.003990138
Warm C,387325,2264,2263,2520,1536,1,0.002407264
Warm C,655954,3952,3951,2520,1536,0,0.0019678748
Warm C,378765,2211,2210,2520,1536,1,-0.0006804229
Warm C,372870,2177,2176,2520,1536,0,0.00089119514
Warm C,372077,2173,2172,2520,1536,0,0.0053079827
Warm C,352701,2064,2063,2520,1536,0,0.005601855
Warm C,298352,1768,1767,2520,1536,0,0.002531757
Warm C,271638,1642,1641,2520,1536,1,0.00023894804
Warm C,269117,1632,1631,2520,1536,0,0.0040262463
Warm C,260143,1591,1590,2520,1536,0,0.0074468507
Warm C,232346,1410,1409,2520,1536,0,-0.00079500524
Warm C,229941,1391,1390,2520,1536,1,0.00955421
Warm C,242889,1465,1464,2520,1536,0,0.0030058962
Warm C,279531,1680,1679,2520,1536,0,0.00604385
Warm C,197024,1209,1208,2520,1536,1,-0.0021528266
Warm C,379952,2222,2221,2520,1536,1,0.0070493636
Warm C,177614,1119,1118,2520,1536,0,0.0031021435
Warm C,191912,1182,1181,2520,1536,1,-0.0011043735
Warm C,328356,1941,1940,2520,1536,0,0.01563745
Warm C,162960,1040,1039,2520,1536,1,-0.0022570475
Warm C,153152,984,983,2520,1536,0,0.0063636685
Warm C,146687,946,945,2520,1536,0,0.0065709623
Warm C,199539,1224,1223,2520,1536,0,0.000278614
Warm C,169274,1074,1073,2520,1536,0,0.0071945433
Warm C,141580,911,910,2520,1536,1,0.007307291
Warm C,201651,1242,1241,2520,1536,1,0.003028886
Warm C,315381,1880,1879,2520,1536,0,0.010617487
Warm C,160220,1019,1018,2520,1536,0,0.010094247
Warm C,106839,702,701,2520,1536,0,0.008104557
Warm C,100905,673,672,2520,1536,0,0.00043956016
Warm C,94987,637,636,2520,1536,0,0.0061870827
Warm C,95500,639,638,2520,1536,0,0.007155852
Warm C,130557,846,845,2520,1536,0,0.009451185
Warm C,284313,1698,1697,2520,1536,0,0.002399284
Warm C,322506,1912,1911,2520,1536,0,0.010164553
Warm C,191140,1181,1180,2520,1536,0,0.0015168686
Warm C,239092,1448,1447,2520,1536,1,0.007903029
Warm C,75474,513,512,2520,1536,0,-0.0025886828
Warm C,56833,382,381,2520,1536,1,0.0036671325
Warm C,211112,1285,1284,2520,1536,1,0.012452373
Warm C,241316,1451,1450,2520,1536,1,0.0066166623
Warm C,41734,284,283,2520,1536,0,0.008764952
Warm C,145401,935,934,2520,1536,1,0.0055293594
Warm C,98932,660,659,2520,1536,0,0.010422927
Warm C,27538,193,192,2520,1536,1,0.0047485875
Warm C,5888,42,41,2520,1536,1,-0.0050922926
Warm C,60634,411,410,2520,1536,0,-0.00030339602
Warm C,55253,366,365,2520,1536,0,-2.210529e-05
Warm C,552475,3401,3400,2520,1536,1,0.00776769
Warm C,300441,1780,1779,2520,1536,0,0.016471144
Warm C,680700,4079,4078,2520,1536,1,0.004416608
Warm C,760193,4517,4516,2520,1536,0,0.010576762
Warm C,633404,3824,3823,2520,1536,0,0.011705639
Warm C,964121,5812,5811,2520,1536,1,0.0018500304
Warm C,357563,2092,2091,2520,1536,0,0.0036839875
Warm C,841187,5054,5053,2520,1536,1,0.008801963
Warm C,171815,1088,1087,2520,1536,0,0.0053087436
Warm C,993890,6002,6001,2520,1536,1,-0.0032719611
Warm C,63116,424,423,2520,1536,0,0.0142133385
Warm C,276327,1671,1670,2520,1536,1,0.0050626034
Warm C,25896,183,182,2520,1536,0,0.0054764412
Warm C,588005,3589,3588,2520,1536,0,0.014109692
Warm C,52108,343,342,2520,1536,1,0.0040743174
Warm C,187971,1165,1164,2520,1536,0,0.0033415698
Warm C,382939,2237,2236,2521,1537,0,0.013558894
Warm C,361758,2109,2108,2521,1537,0,0.0056907358
Warm C,285983,1706,1705,2521,1537,0,0.0006327953
Warm C,269118,1632,1631,2521,1537,0,0.009008424
Warm C,260144,1591,1590,2521,1537,0,0.010625014
Warm C,232347,1410,1409,2521,1537,0,0.0027576243
Warm C,220412,1335,1334,2521,1537,0,0.020515794
Warm C,279532,1680,1679,2521,1537,1,0.005759351
Warm C,197025,1209,1208,2521,1537,0,0.0068458794
Warm C,177615,1119,1118,2521,1537,0,0.006737482
Warm C,328357,1941,1940,2521,1537,0,0.0048920866
Warm C,270993,1639,1638,2521,1537,0,0.00856057
Warm C,133735,865,864,2521,1537,1,0.005081503
Warm C,131237,850,849,2521,1537,1,0.00085881166
Warm C,315382,1880,1879,2521,1537,0,0.0032890404
Warm C,94988,637,636,2521,1537,0,0.00044723926
Warm C,130558,846,845,2521,1537,0,-0.00079671177
Warm C,284314,1698,1697,2521,1537,0,0.0051786853
Warm C,153153,984,983,2521,1537,0,0.014110621
Warm C,145402,935,934,2521,1537,1,0.0018755728
Warm C,947586,5722,5721,2521,1537,0,0.003997943
Warm C,60635,411,410,2521,1537,0,0.011727928
Warm C,47380,319,318,2521,1537,0,0.00696684
Warm C,588006,3589,3588,2521,1537,0,0.010269154
Warm C,279534,1680,1679,2522,1538,0,0.014015873
Warm C,197026,1209,1208,2522,1538,0,-0.0020975652
Warm C,168550,1069,1068,2522,1538,1,0.007536662
Warm C,328359,1941,1940,2522,1538,0,0.0010231696
Warm C,153154,984,983,2522,1538,0,0.017522084
Warm C,270994,1639,1638,2522,1538,0,-0.0010330533
Warm C,142462,919,918,2522,1538,0,0.0090957675
Warm C,131238,850,849,2522,1538,0,0.010859534
Warm C,106840,702,701,2522,1538,0,0.008112457
Warm C,94989,637,636,2522,1538,0,0.011392199
Warm C,95501,639,638,2522,1538,0,0.009571134
Warm C,130559,846,845,2522,1538,0,0.005787378
Warm C,284315,1698,1697,2522,1538,0,0.013391634
Warm C,75475,513,512,2522,1538,0,0.010921196
Warm C,145403,935,934,2522,1538,1,-0.007545941
Warm C,947587,5722,5721,2522,1538,0,0.0010026466
Warm C,202086,1243,1242,2522,1538,0,0.0050054314
Warm C,977881,5892,5891,2522,1538,0,0.0025484418
Warm C,821594,4940,4939,2522,1538,0,0.006492181
Warm C,569345,3491,3490,2525,1540,1,0.012007555
Warm C,583547,3562,3561,2525,1540,0,0.0128155295
Warm C,560199,3442,3441,2525,1540,0,0.009533901
Warm C,556947,3422,3421,2525,1540,0,0.003970459
Warm C,549136,3389,3388,2525,1540,0,0.011459643
Warm C,546887,3371,3370,2525,1540,0,0.015448639
Warm C,525110,3242,3241,2525,1540,0,0.014367264
Warm C,566353,3476,3475,2525,1540,0,0.015325656
Warm C,506786,3118,3117,2525,1540,0,0.014962478
Warm C,498583,3063,3062,2525,1540,0,-0.0074725403
Warm C,489949,3014,3013,2525,1540,0,0.006086856
Warm C,600137,3650,3649,2525,1540,0,0.015748817
Warm C,559269,3435,3434,2525,1540,0,0.007034652
Warm C,483970,2976,2975,2525,1540,0,0.0070230933
Warm C,696493,4169,4168,2525,1540,1,0.019249089
Warm C,754714,4497,4496,2525,1540,0,0.0076627834
Warm C,463424,2857,2856,2525,1540,0,0.014089047
Warm C,424767,2576,2575,2525,1540,0,0.0017792796
Warm C,422165,2555,2554,2525,1540,0,-0.00026047928
Warm C,411085,2466,2465,2525,1540,0,0.013592036
Warm C,409706,2457,2456,2525,1540,0,0.0037635944
Warm C,410660,2463,2462,2525,1540,0,0.0064116637
Warm C,402397,2402,2401,2525,1540,0,0.008103689
Warm C,407808,2451,2450,2525,1540,0,0.0011015604
Warm C,384983,2249,2248,2525,1540,0,0.0014197025
Warm C,373500,2180,2179,2525,1540,0,0.0023088737
Warm C,374217,2181,2180,2525,1540,0,0.014520885
Warm C,370753,2167,2166,2525,1540,0,0.0016640907
Warm C,369985,2164,2163,2525,1540,1,0.0067379097
Warm C,364852,2124,2123,2525,1540,0,0.012517022
Warm C,355464,2079,2078,2525,1540,1,0.005724035
Warm C,348481,2042,2041,2525,1540,1,0.014394913
Warm C,341966,2013,2012,2525,1540,0,-0.0007031937
Warm C,339883,2004,2003,2525,1540,0,0.005377051
Warm C,334174,1970,1969,2525,1540,0,0.0025642994
Warm C,297607,1764,1763,2525,1540,1,0.003529455
Warm C,293230,1746,1745,2525,1540,0,0.014703907
Warm C,300444,1780,1779,2525,1540,0,0.008830404
Warm C,288304,1722,1721,2525,1540,1,0.0016731184
Warm C,292413,1741,1740,2525,1540,0,0.012546693
Warm C,289404,1727,1726,2525,1540,1,0.016251706
Warm C,279540,1680,1679,2525,1540,0,0.012335349
Warm C,288953,1726,1725,2525,1540,0,0.0056832973
Warm C,268040,1628,1627,2525,1540,0,0.01514091
Warm C,267616,1626,1625,2525,1540,0,0.013785873
Warm C,436550,2665,2664,2525,1540,0,0.0113220615
Warm C,254116,1545,1544,2525,1540,0,0.0116759
Warm C,247794,1496,1495,2525,1540,0,0.0063528037
Warm C,244716,1473,1472,2525,1540,0,-0.0017771139
Warm C,232349,1410,1409,2525,1540,0,0.012052845
Warm C,224521,1357,1356,2525,1540,0,-0.0023271344
Warm C,214961,1303,1302,2525,1540,1,0.013677702
Warm C,308751,1837,1836,2525,1540,0,0.014928795
Warm C,196174,1206,1205,2525,1540,0,0.012044478
Warm C,328366,1941,1940,2525,1540,0,0.010204276
Warm C,277820,1676,1675,2525,1540,0,0.0030713144
Warm C,191147,1181,1180,2525,1540,0,0.012600195
Warm C,307553,1835,1834,2525,1540,1,0.011969779
Warm C,180381,1128,1127,2525,1540,0,0.008120197
Warm C,175640,1112,1111,2525,1540,0,0.003652409
Warm C,194289,1198,1197,2525,1540,0,0.012885663
Warm C,166070,1058,1057,2525,1540,0,0.013036587
Warm C,159341,1017,1016,2525,1540,0,0.00862797
Warm C,157025,1010,1009,2525,1540,0,0.0037907672
Warm C,138517,889,888,2525,1540,0,0.018718313
Warm C,125591,808,807,2525,1540,0,0.0061365613
Warm C,352054,2063,2062,2525,1540,0,0.01603438
Warm C,120492,777,776,2525,1540,0,0.0055548246
Warm C,86723,566,565,2525,1540,0,0.006081392
Warm C,86179,563,562,2525,1540,0,0.0043214867
Warm C,70847,476,475,2525,1540,0,0.0056999056
Warm C,63121,424,423,2525,1540,0,0.0069627296
Warm C,41737,284,283,2525,1540,0,0.008584692
Warm C,41163,278,277,2525,1540,0,-0.0022722161
Warm C,36379,245,244,2525,1540,0,0.009883236
Warm C,29738,202,201,2525,1540,0,0.00957669
Warm C,25328,179,178,2525,1540,0,-0.0031173052
Warm C,14434,117,116,2525,1540,0,0.005279155
Warm C,119357,770,769,2525,1540,0,0.011608867
Warm C,290351,1733,1732,2525,1540,1,0.011828532
Warm C,389472,2282,2281,2525,1540,0,0.0022741922
Warm C,863911,5205,5204,2525,1540,0,0.0043196306
Warm C,552479,3401,3400,2525,1540,0,0.015577316
Warm C,238057,1447,1446,2525,1540,0,0.00670731
Warm C,130562,846,845,2525,1540,0,0.0084326975
Warm C,451801,2781,2780,2525,1540,1,0.003994176
Warm C,760679,4520,4519,2525,1540,0,0.007794028
Warm C,116378,752,751,2525,1540,0,0.016233059
Warm C,310754,1851,1850,2525,1540,0,0.0053920522
Warm C,322510,1912,1911,2525,1540,0,0.014358357
Warm C,848179,5097,5096,2525,1540,1,0.009957297
Warm C,868221,5242,5241,2525,1540,0,0.0045277746
Warm C,25897,183,182,2525,1540,0,0.008423997
Warm C,638342,3841,3840,2526,1541,0,0.016888492
Warm C,625341,3779,3778,2526,1541,0,0.0077005858
Warm C,621276,3762,3761,2526,1541,0,0.016025782
Warm C,618068,3745,3744,2526,1541,0,-0.007136725
Warm C,613665,3717,3716,2526,1541,0,0.004836713
Warm C,607737,3688,3687,2526,1541,0,0.014938362
Warm C,604995,3678,3677,2526,1541,0,0.009554388
Warm C,657160,3961,3960,2526,1541,0,0.0030706893
Warm C,531735,3283,3282,2526,1541,0,0.0063142395
Warm C,509861,3140,3139,2526,1541,0,0.017448995
Warm C,504587,3102,3101,2526,1541,0,-0.00049771916
Warm C,738200,4411,4410,2526,1541,1,0.01202402
Warm C,488477,3005,3004,2526,1541,0,0.022931654
Warm C,475958,2921,2920,2526,1541,0,0.009822835
Warm C,463425,2857,2856,2526,1541,0,0.01723355
Warm C,458078,2820,2819,2526,1541,0,0.0062728985
Warm C,455290,2803,2802,2526,1541,0,0.016408172
Warm C,457093,2815,2814,2526,1541,0,0.0062767505
Warm C,443530,2735,2734,2526,1541,1,0.01075419
Warm C,448901,2766,2765,2526,1541,0,-0.0021530432
Warm C,415162,2499,2498,2526,1541,0,0.024766767
Warm C,401902,2398,2397,2526,1541,1,0.009967145
Warm C,401393,2393,2392,2526,1541,0,0.004034071
Warm C,390969,2297,2296,2526,1541,1,0.014341194
Warm C,386392,2259,2258,2526,1541,0,0.0087210955
Warm C,388746,2278,2277,2526,1541,0,0.018427094
Warm C,376748,2199,2198,2526,1541,0,0.008719686
Warm C,373501,2180,2179,2526,1541,0,0.010258911
Warm C,370754,2167,2166,2526,1541,0,-0.008981462
Warm C,356124,2086,2085,2526,1541,0,0.010462994
Warm C,436551,2665,2664,2526,1541,0,0.017158508
Warm C,339884,2004,2003,2526,1541,0,0.005038271
Warm C,310756,1851,1850,2526,1541,0,0.0071951495
Warm C,311584,1856,1855,2526,1541,1,0.008634152
Warm C,288470,1723,1722,2526,1541,1,0.002427583
Warm C,292414,1741,1740,2526,1541,0,0.016446881
Warm C,256547,1567,1566,2526,1541,0,0.01044111
Warm C,252951,1533,1532,2526,1541,1,0.003167937
Warm C,242892,1465,1464,2526,1541,0,0.0034277881
Warm C,226851,1376,1375,2526,1541,0,0.01700769
Warm C,226161,1369,1368,2526,1541,1,0.015622232
Warm C,216661,1316,1315,2526,1541,1,0.006423478
Warm C,216236,1312,1311,2526,1541,0,0.0011278789
Warm C,211121,1285,1284,2526,1541,0,0.011871585
Warm C,328367,1941,1940,2526,1541,0,0.01158349
Warm C,178860,1122,1121,2526,1541,0,0.0059007443
Warm C,165268,1053,1052,2526,1541,0,0.0076147253
Warm C,140493,902,901,2526,1541,0,0.009232902
Warm C,138518,889,888,2526,1541,0,0.019062152
Warm C,126038,812,811,2526,1541,0,0.00743952
Warm C,107093,704,703,2526,1541,0,0.011536907
Warm C,713190,4277,4276,2526,1541,0,0.028479792
Warm C,86180,563,562,2526,1541,0,0.010838587
Warm C,191149,1181,1180,2526,1541,0,0.01592421
Warm C,75951,516,515,2526,1541,0,0.010166107
Warm C,66592,445,444,2526,1541,0,0.009576086
Warm C,63123,424,423,2526,1541,0,0.020058231
Warm C,49321,329,328,2526,1541,0,0.011470852
Warm C,363189,2116,2115,2526,1541,0,0.01640354
Warm C,5575,39,38,2526,1541,0,0.008310027
Warm C,1898,17,16,2526,1541,0,0.019605972
Warm C,530304,3274,3273,2526,1541,0,0.008337563
Warm C,235089,1425,1424,2526,1541,0,0.022403896
Warm C,801449,4802,4801,2526,1541,0,0.017605234
Warm C,718608,4305,4304,2526,1541,1,0.017430685
Warm C,26642,188,187,2526,1541,0,0.0024459139
Warm C,136713,881,880,2526,1541,0,0.01937731
Warm C,588010,3589,3588,2526,1541,0,0.020885294
Warm C,546889,3371,3370,2526,1541,0,0.02430825
Warm C,322511,1912,1911,2526,1541,0,0.00839845
Warm C,825591,4958,4957,2526,1541,0,0.0072704693
Warm C,432797,2638,2637,2535,1549,0,0.0058390284
Warm C,423492,2566,2565,2535,1549,0,0.0029897941
Warm C,423222,2565,2564,2535,1549,1,0.0063452455
Warm C,422984,2564,2563,2535,1549,0,0.0054758177
Warm C,414681,2496,2495,2535,1549,0,0.010457672
Warm C,436570,2665,2664,2535,1549,1,0.0010954996
Warm C,403863,2412,2411,2535,1549,0,0.0013000764
Warm C,449422,2771,2770,2535,1549,0,0.0131332725
Warm C,402414,2402,2401,2535,1549,0,9.5074065e-06
Warm C,392352,2304,2303,2535,1549,0,0.011612684
Warm C,389040,2279,2278,2535,1549,0,0.007437004
Warm C,370000,2164,2163,2535,1549,0,0.0077189608
Warm C,357576,2092,2091,2535,1549,0,0.0034444048
Warm C,337123,1983,1982,2535,1549,0,0.0016019482
Warm C,330177,1948,1947,2535,1549,0,0.011254109
Warm C,289417,1727,1726,2535,1549,0,0.006713106
Warm C,292430,1741,1740,2535,1549,1,0.0088414345
Warm C,350761,2059,2058,2535,1549,0,0.012973661
Warm C,244725,1473,1472,2535,1549,0,-0.00010450417
Warm C,242901,1465,1464,2535,1549,0,-0.00010972121
Warm C,224736,1358,1357,2535,1549,0,0.01312235
Warm C,219953,1333,1332,2535,1549,0,0.0071696704
Warm C,220421,1335,1334,2535,1549,0,0.0058754464
Warm C,279581,1680,1679,2535,1549,1,0.0045583583
Warm C,244089,1470,1469,2535,1549,0,-0.0016627444
Warm C,197035,1209,1208,2535,1549,0,0.0055143535
Warm C,334689,1974,1973,2535,1549,0,0.006560007
Warm C,177633,1119,1118,2535,1549,0,0.009347421
Warm C,328396,1941,1940,2535,1549,1,0.00972982
Warm C,163106,1041,1040,2535,1549,1,0.00412618
Warm C,271006,1639,1638,2535,1549,0,0.007390148
Warm C,199551,1224,1223,2535,1549,1,0.004358718
Warm C,191173,1181,1180,2535,1549,0,0.011284121
Warm C,131255,850,849,2535,1549,1,-0.011087133
Warm C,315406,1880,1879,2535,1549,1,0.008937404
Warm C,147474,949,948,2535,1549,0,0.015551084
Warm C,713209,4277,4276,2535,1549,0,0.008454283
Warm C,97118,651,650,2535,1549,0,0.012405313
Warm C,95001,637,636,2535,1549,0,0.008869082
Warm C,480224,2946,2945,2535,1549,0,0.005734888
Warm C,284337,1698,1697,2535,1549,0,0.002693061
Warm C,153175,984,983,2535,1549,0,0.0066268435
Warm C,394253,2323,2322,2535,1549,0,0.011995805
Warm C,85848,560,559,2535,1549,0,-0.0040853145
Warm C,83324,549,548,2535,1549,0,0.010438053
Warm C,234234,1422,1421,2535,1549,0,0.00812641
Warm C,211139,1285,1284,2535,1549,0,0.009135926
Warm C,241333,1451,1450,2535,1549,0,0.010771146
Warm C,61249,412,411,2535,1549,0,0.008096984
Warm C,12936,100,99,2535,1549,0,0.0021086347
Warm C,104436,692,691,2535,1549,0,0.016671022
Warm C,202100,1243,1242,2535,1549,0,0.0035262983
Warm C,552493,3401,3400,2535,1549,0,0.0024589822
Warm C,288479,1723,1722,2535,1549,1,0.015075758
Warm C,744980,4448,4447,2535,1549,1,0.0053419513
Warm C,336122,1980,1979,2535,1549,1,-0.0025186583
Warm C,841195,5054,5053,2535,1549,0,-0.0041145063
Warm C,63140,424,423,2535,1549,0,0.009094788
Warm C,235106,1425,1424,2535,1549,0,0.006201273
Warm C,594081,3618,3617,2540,1551,0,0.0075622676
Warm C,596737,3626,3625,2540,1551,0,0.009622331
Warm C,613355,3716,3715,2540,1551,1,-0.005914351
Warm C,578059,3530,3529,2540,1551,0,0.009913189
Warm C,577347,3526,3525,2540,1551,0,0.0072107604
Warm C,584099,3564,3563,2540,1551,0,0.0100590475
Warm C,558335,3429,3428,2540,1551,0,0.005957297
Warm C,549154,3389,3388,2540,1551,0,0.012436779
Warm C,537324,3311,3310,2540,1551,1,0.015382228
Warm C,561649,3454,3453,2540,1551,0,0.007384229
Warm C,520386,3209,3208,2540,1551,0,0.011736963
Warm C,538050,3312,3311,2540,1551,0,0.016228613
Warm C,517041,3191,3190,2540,1551,0,0.010986735
Warm C,511552,3156,3155,2540,1551,1,0.009231988
Warm C,558603,3430,3429,2540,1551,0,0.0056267506
Warm C,508002,3126,3125,2540,1551,0,0.0073629376
Warm C,506806,3118,3117,2540,1551,1,0.014158543
Warm C,504483,3101,3100,2540,1551,1,0.021499338
Warm C,496575,3051,3050,2540,1551,0,0.0054858355
Warm C,799283,4790,4789,2540,1551,0,0.01098555
Warm C,718625,4305,4304,2540,1551,1,0.008170314
Warm C,491396,3022,3021,2540,1551,0,0.006659534
Warm C,486352,2994,2993,2540,1551,0,0.0070275334
Warm C,567605,3483,3482,2540,1551,0,0.0052471673
Warm C,477534,2931,2930,2540,1551,0,0.010091022
Warm C,471888,2903,2902,2540,1551,0,0.0081474455
Warm C,473887,2909,2908,2540,1551,1,0.0057532922
Warm C,466393,2876,2875,2540,1551,1,0.010024586
Warm C,465745,2872,2871,2540,1551,1,0.014395479
Warm C,460999,2842,2841,2540,1551,0,0.005910583
Warm C,458963,2825,2824,2540,1551,1,0.00736962
Warm C,564574,3471,3470,2540,1551,1,0.010724824
Warm C,407020,2445,2444,2540,1551,0,0.0044383192
Warm C,464256,2860,2859,2540,1551,1,0.0005718117
Warm C,351190,2062,2061,2540,1551,1,-0.0022483226
Warm C,340798,2010,2009,2540,1551,0,0.0073628165
Warm C,337131,1983,1982,2540,1551,0,0.009243494
Warm C,297623,1764,1763,2540,1551,1,0.004192754
Warm C,302214,1794,1793,2540,1551,0,0.009743985
Warm C,288972,1726,1725,2540,1551,0,0.013376085
Warm C,270092,1635,1634,2540,1551,1,0.020713339
Warm C,266461,1616,1615,2540,1551,0,0.0057551367
Warm C,358266,2097,2096,2540,1551,1,0.010540161
Warm C,243530,1468,1467,2540,1551,0,0.002732684
Warm C,232169,1408,1407,2540,1551,0,0.011230408
Warm C,231170,1399,1398,2540,1551,0,0.017647354
Warm C,227240,1377,1376,2540,1551,0,0.007776237
Warm C,220700,1338,1337,2540,1551,1,0.011071368
Warm C,277843,1676,1675,2540,1551,1,0.0062620007
Warm C,273113,1647,1646,2540,1551,0,0.023416013
Warm C,244096,1470,1469,2540,1551,1,0.0057587437
Warm C,191193,1181,1180,2540,1551,1,0.015609513
Warm C,363221,2116,2115,2540,1551,0,0.010511948
Warm C,189433,1173,1172,2540,1551,0,0.016969288
Warm C,179194,1124,1123,2540,1551,0,0.013898815
Warm C,328419,1941,1940,2540,1551,0,0.021276144
Warm C,227677,1380,1379,2540,1551,0,0.0057120975
Warm C,185519,1150,1149,2540,1551,0,0.014878053
Warm C,135749,877,876,2540,1551,0,0.007711417
Warm C,202600,1244,1243,2540,1551,0,0.00094878953
Warm C,154950,999,998,2540,1551,0,0.013324989
Warm C,298157,1767,1766,2540,1551,0,0.0031675063
Warm C,121891,785,784,2540,1551,1,0.018273063
Warm C,121235,780,779,2540,1551,1,0.010989512
Warm C,119992,774,773,2540,1551,0,0.013924698
Warm C,117588,757,756,2540,1551,0,0.015223493
Warm C,114931,746,745,2540,1551,0,0.0010078634
Warm C,240305,1449,1448,2540,1551,0,0.013885102
Warm C,108145,710,709,2540,1551,0,0.010416325
Warm C,116414,752,751,2540,1551,0,0.014320792
Warm C,121743,783,782,2540,1551,1,0.0052566594
Warm C,110940,721,720,2540,1551,0,0.015058503
Warm C,109371,714,713,2540,1551,1,0.017171774
Warm C,204659,1260,1259,2540,1551,0,0.005529033
Warm C,84351,550,549,2540,1551,0,0.011871617
Warm C,71146,477,476,2540,1551,0,0.010277383
Warm C,155441,1001,1000,2540,1551,0,-8.779485e-05
Warm C,53676,352,351,2540,1551,0,0.01630893
Warm C,51416,338,337,2540,1551,0,0.004790373
Warm C,83335,549,548,2540,1551,0,0.02374224
Warm C,40357,272,271,2540,1551,0,0.012785484
Warm C,35653,241,240,2540,1551,0,0.012904817
Warm C,291551,1737,1736,2540,1551,1,-0.00031029666
Warm C,31208,210,209,2540,1551,1,0.012897351
Warm C,22470,163,162,2540,1551,0,0.01252084
Warm C,14193,116,115,2540,1551,1,-0.011924799
Warm C,154408,996,995,2540,1551,1,0.0053594965
Warm C,104445,692,691,2540,1551,1,0.0033417325
Warm C,5352,36,35,2540,1551,1,0.015193969
Warm C,54459,355,354,2540,1551,1,0.0021386268
Warm C,238091,1447,1446,2540,1551,0,0.018957574
Warm C,886945,5359,5358,2540,1551,0,0.0068745348
Warm C,290375,1733,1732,2540,1551,0,0.009115217
Warm C,360947,2106,2105,2540,1551,0,0.0037924154
Warm C,11607,90,89,2540,1551,1,0.0059320815
Warm C,907676,5492,5491,2540,1551,0,0.017196946
Warm C,502213,3082,3081,2546,1554,0,0.00034804665
Warm C,653630,3940,3939,2546,1554,0,0.01086976
Warm C,499581,3067,3066,2546,1554,0,0.007836277
Warm C,576562,3524,3523,2546,1554,0,0.009852765
Warm C,478178,2934,2933,2546,1554,0,0.01348315
Warm C,467663,2882,2881,2546,1554,1,0.006916551
Warm C,464732,2864,2863,2546,1554,0,0.010946213
Warm C,559979,3441,3440,2546,1554,0,0.011971728
Warm C,451040,2777,2776,2546,1554,0,0.0008456004
Warm C,444761,2743,2742,2546,1554,0,0.004800937
Warm C,438642,2680,2679,2546,1554,0,0.011527717
Warm C,437255,2669,2668,2546,1554,0,0.008319075
Warm C,429515,2615,2614,2546,1554,0,0.003965487
Warm C,428836,2609,2608,2546,1554,1,0.005298301
Warm C,418830,2529,2528,2546,1554,1,0.010081492
Warm C,415418,2502,2501,2546,1554,1,0.0058814343
Warm C,413264,2485,2484,2546,1554,0,0.0052285613
Warm C,424916,2577,2576,2546,1554,0,0.00066572195
Warm C,404276,2418,2417,2546,1554,0,-0.0026152658
Warm C,398551,2371,2370,2546,1554,1,0.0026905902
Warm C,397882,2361,2360,2546,1554,1,-0.0035988032
Warm C,394079,2322,2321,2546,1554,0,0.007002907
Warm C,386671,2261,2260,2546,1554,0,0.0046673687
Warm C,381374,2230,2229,2546,1554,0,0.005380434
Warm C,379320,2216,2215,2546,1554,0,0.004472917
Warm C,376752,2199,2198,2546,1554,0,0.0069594774
Warm C,372333,2174,2173,2546,1554,0,0.007987982
Warm C,368129,2150,2149,2546,1554,0,0.00935285
Warm C,358007,2095,2094,2546,1554,0,0.01131486
Warm C,354510,2075,2074,2546,1554,0,0.0074080564
Warm C,354212,2073,2072,2546,1554,0,0.007863158
Warm C,350568,2058,2057,2546,1554,1,0.016788187
Warm C,349679,2052,2051,2546,1554,1,0.00943288
Warm C,348643,2043,2042,2546,1554,0,0.017142994
Warm C,347749,2040,2039,2546,1554,1,0.0077457125
Warm C,339571,2001,2000,2546,1554,1,0.006153791
Warm C,332766,1962,1961,2546,1554,0,0.004853881
Warm C,311334,1854,1853,2546,1554,1,0.013498429
Warm C,304456,1809,1808,2546,1554,0,0.012872768
Warm C,277846,1676,1675,2546,1554,0,0.011892818
Warm C,275185,1666,1665,2546,1554,0,0.008390749
Warm C,264391,1608,1607,2546,1554,0,0.010725822
Warm C,363223,2116,2115,2546,1554,0,0.0122818975
Warm C,233133,1418,1417,2546,1554,1,0.010164754
Warm C,228405,1383,1382,2546,1554,0,0.008401845
Warm C,226855,1376,1375,2546,1554,0,0.017319873
Warm C,226774,1375,1374,2546,1554,0,0.002667901
Warm C,225598,1366,1365,2546,1554,0,0.0046174186
Warm C,213580,1298,1297,2546,1554,1,-0.0005375852
Warm C,200384,1230,1229,2546,1554,0,0.009939412
Warm C,189436,1173,1172,2546,1554,0,0.014809169
Warm C,187315,1162,1161,2546,1554,0,0.0129701365
Warm C,176301,1114,1113,2546,1554,0,0.0030267737
Warm C,331776,1958,1957,2546,1554,0,0.02095643
Warm C,172383,1090,1089,2546,1554,0,0.0008364788
Warm C,485524,2988,2987,2546,1554,0,0.017277325
Warm C,168572,1069,1068,2546,1554,0,0.014218649
Warm C,270464,1636,1635,2546,1554,0,0.011191669
Warm C,195604,1203,1202,2546,1554,1,0.014042684
Warm C,198987,1222,1221,2546,1554,0,0.013885595
Warm C,145421,935,934,2546,1554,0,0.008002027
Warm C,157061,1010,1009,2546,1554,0,0.009706264
Warm C,132008,854,853,2546,1554,0,0.003000006
Warm C,182111,1137,1136,2546,1554,0,0.008657668
Warm C,128057,828,827,2546,1554,1,0.0050700195
Warm C,263507,1605,1604,2546,1554,0,0.007220396
Warm C,126041,812,811,2546,1554,1,0.0033344107
Warm C,125312,805,804,2546,1554,1,0.0018365269
Warm C,120882,779,778,2546,1554,0,-0.0036260027
Warm C,119815,773,772,2546,1554,0,0.007832735
Warm C,116417,752,751,2546,1554,0,0.014447786
Warm C,127341,822,821,2546,1554,0,0.0036185395
Warm C,349346,2050,2049,2546,1554,1,0.0006495898
Warm C,216474,1314,1313,2546,1554,1,-0.0045477496
Warm C,106203,699,698,2546,1554,0,0.00017232075
Warm C,109373,714,713,2546,1554,1,0.0057078567
Warm C,360949,2106,2105,2546,1554,0,0.020819698
Warm C,239132,1448,1447,2546,1554,0,0.010301739
Warm C,68809,461,460,2546,1554,0,0.012557418
Warm C,707803,4241,4240,2546,1554,1,-8.663954e-05
Warm C,47430,319,318,2546,1554,0,0.007903994
Warm C,43906,301,300,2546,1554,0,0.014430625
Warm C,312954,1865,1864,2546,1554,0,0.0021734093
Warm C,39535,268,267,2546,1554,1,0.005566149
Warm C,287460,1716,1715,2546,1554,0,0.012446129
Warm C,26395,187,186,2546,1554,1,0.0062068
Warm C,16968,133,132,2546,1554,1,0.0068252767
Warm C,15569,123,122,2546,1554,0,0.0068561723
Warm C,11177,83,82,2546,1554,0,0.015676182
Warm C,6785,48,47,2546,1554,0,0.011407707
Warm C,5702,41,40,2546,1554,0,0.0002636551
Warm C,76406,518,517,2546,1554,0,0.004162857
Warm C,365833,2129,2128,2546,1554,0,0.0154682025
Warm C,11959,92,91,2546,1554,0,0.013794804
Warm C,883053,5333,5332,2546,1554,0,2.188608e-06
Warm C,894922,5405,5404,2546,1554,0,0.007161423
Warm C,79566,531,530,2546,1554,0,0.01973581
Warm C,309699,1842,1841,2546,1554,0,0.005031142
Warm C,265203,1611,1610,2546,1554,0,0.0098429825
Warm C,187072,1160,1159,2546,1554,0,0.010745435
Warm C,768781,4579,4578,2546,1554,0,0.010493898
Warm C,206413,1265,1264,2546,1554,0,0.0025670822
Warm C,451812,2781,2780,2546,1554,0,0.005864449
Warm C,879084,5312,5311,2546,1554,0,0.014444112
Warm C,456541,2810,2809,2546,1554,1,0.013000219
Warm C,286808,1712,1711,2546,1554,0,0.009379156
Warm C,328422,1941,1940,2546,1554,0,0.008763106
Warm C,397400,2353,2352,2546,1554,0,0.0070641544
Warm C,171858,1088,1087,2546,1554,0,0.014755181
Warm C,221832,1341,1340,2548,1555,0,-0.004865082
Warm C,214126,1300,1299,2548,1555,0,0.004765589
Warm C,273114,1647,1646,2548,1555,0,0.011928118
Warm C,194050,1195,1194,2548,1555,1,0.0052828374
Warm C,328425,1941,1940,2548,1555,0,0.009926111
Warm C,189055,1172,1171,2548,1555,0,0.0006723489
Warm C,196638,1207,1206,2548,1555,0,0.010548244
Warm C,175059,1109,1108,2548,1555,0,-0.0019242191
Warm C,184068,1146,1145,2548,1555,0,-0.0008302685
Warm C,170025,1080,1079,2548,1555,0,0.010036572
Warm C,167967,1068,1067,2548,1555,0,0.003705943
Warm C,159352,1017,1016,2548,1555,0,0.0007564239
Warm C,217200,1317,1316,2548,1555,0,0.016211899
Warm C,133880,868,867,2548,1555,1,-0.002880337
Warm C,134448,869,868,2548,1555,0,0.005417351
Warm C,133210,859,858,2548,1555,0,-0.0020709038
Warm C,131264,850,849,2548,1555,0,6.07688e-07
Warm C,138564,889,888,2548,1555,0,0.013029941
Warm C,126667,817,816,2548,1555,0,0.0048512276
Warm C,125600,808,807,2548,1555,0,-0.0016669238
Warm C,114102,741,740,2548,1555,0,-0.007512795
Warm C,117591,757,756,2548,1555,0,0.012639206
Warm C,108147,710,709,2548,1555,0,0.0075793667
Warm C,82532,548,547,2548,1555,0,0.00036007958
Warm C,57597,390,389,2548,1555,0,-0.0056627924
Warm C,45189,305,304,2548,1555,0,-0.0007409565
Warm C,39537,268,267,2548,1555,0,-0.00812281
Warm C,538051,3312,3311,2548,1555,0,0.00711576
Warm C,291555,1737,1736,2548,1555,0,0.00052649155
Warm C,99875,667,666,2548,1555,0,0.006037498
Warm C,22479,163,162,2548,1555,0,0.00827062
Warm C,458104,2820,2819,2548,1555,0,0.000843985
Warm C,552506,3401,3400,2548,1555,0,-0.004861731
Warm C,56070,372,371,2548,1555,1,-0.0012301002
Warm C,238093,1447,1446,2548,1555,0,0.007241547
Warm C,365834,2129,2128,2548,1555,0,0.0020550354
Warm C,360950,2106,2105,2548,1555,0,-0.004335543
Warm C,164711,1051,1050,2548,1555,0,0.0022534607
Warm C,927626,5605,5604,2548,1555,1,0.014737131
Warm C,102441,678,677,2548,1555,0,0.0040158546
Warm C,907677,5492,5491,2548,1555,0,0.008754336
Warm C,136747,881,880,2548,1555,0,0.015532084
Warm C,474386,2910,2909,2548,1555,0,0.00611426
Warm C,179720,1125,1124,2548,1555,0,0.005181608
Warm C,171859,1088,1087,2548,1555,0,0.021874415
Warm C,623476,3771,3770,2549,1556,0,0.013361039
Warm C,616515,3731,3730,2549,1556,0,0.011156402
Warm C,744989,4448,4447,2549,1556,0,0.0052676457
Warm C,590813,3603,3602,2549,1556,0,0.0037569415
Warm C,588040,3589,3588,2549,1556,0,0.008130222
Warm C,577349,3526,3525,2549,1556,0,0.009697614
Warm C,579547,3539,3538,2549,1556,1,0.0032189253
Warm C,574343,3516,3515,2549,1556,1,0.009864847
Warm C,605005,3678,3677,2549,1556,0,0.008399198
Warm C,569362,3491,3490,2549,1556,1,0.0029938468
Warm C,555881,3416,3415,2549,1556,0,0.0022986406
Warm C,554556,3411,3410,2549,1556,0,0.006663774
Warm C,537329,3311,3310,2549,1556,0,0.0067153415
Warm C,532263,3285,3284,2549,1556,0,0.0007029013
Warm C,520388,3209,3208,2549,1556,0,-0.010704562
Warm C,517042,3191,3190,2549,1556,0,0.0046813455
Warm C,589917,3599,3598,2549,1556,0,-0.0065043895
Warm C,514588,3178,3177,2549,1556,0,0.0069962293
Warm C,738207,4411,4410,2549,1556,1,0.0052743796
Warm C,492861,3029,3028,2549,1556,1,0.013356818
Warm C,475971,2921,2920,2549,1556,0,0.009243597
Warm C,591267,3607,3606,2549,1556,0,-0.0022690506
Warm C,478482,2935,2934,2549,1556,1,0.00069136627
Warm C,462268,2852,2851,2549,1556,0,-0.0001190193
Warm C,463457,2857,2856,2549,1556,0,0.010943202
Warm C,455448,2804,2803,2549,1556,0,-0.0006317643
Warm C,444762,2743,2742,2549,1556,0,0.007886348
Warm C,445644,2748,2747,2549,1556,1,0.008132621
Warm C,439014,2682,2681,2549,1556,0,0.0043360405
Warm C,430144,2621,2620,2549,1556,0,0.008925369
Warm C,602502,3665,3664,2549,1556,0,0.0027746418
Warm C,407021,2445,2444,2549,1556,0,0.0028843314
Warm C,396379,2344,2343,2549,1556,0,-0.00068465597
Warm C,386672,2261,2260,2549,1556,0,-0.004086276
Warm C,376851,2200,2199,2549,1556,0,0.0037485808
Warm C,373523,2180,2179,2549,1556,0,0.01770986
Warm C,370765,2167,2166,2549,1556,0,0.0046594418
Warm C,370539,2166,2165,2549,1556,0,0.003997829
Warm C,367529,2145,2144,2549,1556,0,-0.0042139823
Warm C,358575,2098,2097,2549,1556,0,0.0031159976
Warm C,356480,2088,2087,2549,1556,0,0.011960383
Warm C,352103,2063,2062,2549,1556,0,0.020573813
Warm C,340802,2010,2009,2549,1556,0,-0.0066110613
Warm C,339898,2004,2003,2549,1556,1,0.0041336953
Warm C,337720,1985,1984,2549,1556,0,0.012975644
Warm C,293244,1746,1745,2549,1556,0,-0.0043423423
Warm C,360951,2106,2105,2549,1556,0,0.0016110803
Warm C,288974,1726,1725,2549,1556,0,0.0068509397
Warm C,271514,1641,1640,2549,1556,0,-0.00076453853
Warm C,268362,1630,1629,2549,1556,0,0.010993167
Warm C,261429,1598,1597,2549,1556,0,0.0049254512
Warm C,303084,1800,1799,2549,1556,0,0.004731176
Warm C,253551,1542,1541,2549,1556,1,0.0038333393
Warm C,342651,2015,2014,2549,1556,0,-0.0044986103
Warm C,244729,1473,1472,2549,1556,0,0.00028555444
Warm C,236238,1433,1432,2549,1556,1,0.0046515395
Warm C,226181,1369,1368,2549,1556,0,-0.0016348877
Warm C,227242,1377,1376,2549,1556,0,0.0023550177
Warm C,337519,1984,1983,2549,1556,0,0.009933277
Warm C,233134,1418,1417,2549,1556,0,0.0022922787
Warm C,267271,1624,1623,2549,1556,0,0.005478547
Warm C,216475,1314,1313,2549,1556,0,-0.0053127334
Warm C,277849,1676,1675,2549,1556,0,0.0077975765
Warm C,273115,1647,1646,2549,1556,0,0.012471239
Warm C,208061,1272,1271,2549,1556,0,0.0070944563
Warm C,205944,1264,1263,2549,1556,0,0.0019117869
Warm C,186958,1159,1158,2549,1556,0,0.005799917
Warm C,181635,1135,1134,2549,1556,1,-0.0015709219
Warm C,248925,1501,1500,2549,1556,0,0.0065730494
Warm C,171860,1088,1087,2549,1556,0,0.0015654105
Warm C,227678,1380,1379,2549,1556,0,0.0011858982
Warm C,147643,950,949,2549,1556,0,0.01128686
Warm C,314510,1878,1877,2549,1556,0,0.008092952
Warm C,136748,881,880,2549,1556,0,0.01240176
Warm C,126668,817,816,2549,1556,0,0.005902423
Warm C,123496,796,795,2549,1556,0,0.008644181
Warm C,121236,780,779,2549,1556,0,0.009026261
Warm C,120512,777,776,2549,1556,0,0.013536768
Warm C,108767,712,711,2549,1556,0,-0.00035114534
Warm C,97380,652,651,2549,1556,0,0.0028866967
Warm C,294988,1752,1751,2549,1556,0,0.015759815
Warm C,86197,563,562,2549,1556,0,-0.00027830031
Warm C,363226,2116,2115,2549,1556,0,0.0009193816
Warm C,74438,508,507,2549,1556,0,0.0083805565
Warm C,86741,566,565,2549,1556,0,7.382082e-05
Warm C,116418,752,751,2549,1556,0,0.0024799756
Warm C,70483,475,474,2549,1556,0,0.004506272
Warm C,66606,445,444,2549,1556,0,0.003113552
Warm C,51139,337,336,2549,1556,0,0.008594496
Warm C,48981,328,327,2549,1556,0,0.0016596331
Warm C,44454,302,301,2549,1556,0,0.009232132
Warm C,38501,262,261,2549,1556,0,0.004564429
Warm C,38022,260,259,2549,1556,0,0.00942995
Warm C,33926,229,228,2549,1556,0,0.0051468834
Warm C,22481,163,162,2549,1556,0,0.0107538
Warm C,56071,372,371,2549,1556,1,0.009059768
Warm C,19370,148,147,2549,1556,0,0.0019442791
Warm C,14473,117,116,2549,1556,0,0.011467632
Warm C,13264,103,102,2549,1556,1,0.0014168425
Warm C,12295,93,92,2549,1556,0,-0.0014515611
Warm C,1932,17,16,2549,1556,0,0.007248814
Warm C,312013,1860,1859,2549,1556,0,0.009030398
Warm C,883054,5333,5332,2549,1556,1,0.005705836
Warm C,975088,5880,5879,2549,1556,0,0.0054899845
Warm C,840782,5053,5052,2549,1556,0,0.009390157
Warm C,328426,1941,1940,2549,1556,0,0.011863355
Warm C,497693,3055,3054,2549,1556,0,-0.004499452
Warm C,310769,1851,1850,2549,1556,0,-0.0015985188
Warm C,475578,2918,2917,2549,1556,0,0.0020535325
Warm C,221484,1340,1339,2549,1556,0,0.0033648137
Warm C,187073,1160,1159,2549,1556,0,-0.011905588
Warm C,194945,1202,1201,2549,1556,0,0.0065228594
Warm C,257805,1579,1578,2549,1556,0,-0.004063435
Warm C,376435,2195,2194,2549,1556,1,-0.0076494073
Warm C,341709,2012,2011,2549,1556,0,-0.0023916415
Warm C,632547,3823,3822,2550,1557,1,0.009046939
Warm C,666344,4009,4008,2550,1557,0,0.0017194134
Warm C,628391,3806,3805,2550,1557,0,0.0074402494
Warm C,628776,3807,3806,2550,1557,1,0.010489396
Warm C,638381,3841,3840,2550,1557,1,0.012318612
Warm C,623478,3771,3770,2550,1557,1,0.0037109377
Warm C,620735,3760,3759,2550,1557,0,0.018944118
Warm C,618359,3746,3745,2550,1557,1,0.016189225
Warm C,747153,4458,4457,2550,1557,1,0.005831427
Warm C,611254,3705,3704,2550,1557,1,0.013771975
Warm C,744990,4448,4447,2550,1557,1,0.014862444
Warm C,606624,3683,3682,2550,1557,0,0.00693968
Warm C,602113,3662,3661,2550,1557,1,-0.007810427
Warm C,621293,3762,3761,2550,1557,1,0.0060221963
Warm C,597635,3636,3635,2550,1557,0,-0.0015766236
Warm C,594090,3618,3617,2550,1557,0,0.011620391
Warm C,590816,3603,3602,2550,1557,1,0.0070766015
Warm C,585773,3576,3575,2550,1557,0,0.012463495
Warm C,576563,3524,3523,2550,1557,1,0.0074102525
Warm C,574205,3515,3514,2550,1557,0,0.0007815375
Warm C,566377,3476,3475,2550,1557,0,0.006877615
Warm C,562698,3462,3461,2550,1557,1,-0.0023840382
Warm C,560581,3446,3445,2550,1557,0,0.0068119913
Warm C,549515,3390,3389,2550,1557,1,0.007991855
Warm C,544423,3356,3355,2550,1557,1,0.01792901
Warm C,543938,3352,3351,2550,1557,1,0.010594602
Warm C,547617,3378,3377,2550,1557,1,0.013897428
Warm C,539485,3318,3317,2550,1557,0,0.013853008
Warm C,525429,3244,3243,2550,1557,1,-0.0006468813
Warm C,916723,5539,5538,2550,1557,1,0.012664271
Warm C,654254,3942,3941,2550,1557,0,0.010256205
Warm C,571161,3503,3502,2550,1557,0,0.010164818
Warm C,584777,3569,3568,2550,1557,0,0.008157846
Warm C,502507,3084,3083,2550,1557,0,0.0017817545
Warm C,500732,3075,3074,2550,1557,1,0.010709396
Warm C,494345,3032,3031,2550,1557,1,0.009059837
Warm C,626938,3792,3791,2550,1557,1,0.011140775
Warm C,768782,4579,4578,2550,1557,1,-0.0049202656
Warm C,478181,2934,2933,2550,1557,0,0.022704557
Warm C,696533,4169,4168,2550,1557,1,0.022347327
Warm C,472748,2907,2906,2550,1557,0,0.009283043
Warm C,473892,2909,2908,2550,1557,1,0.019272551
Warm C,754727,4497,4496,2550,1557,0,0.0062099406
Warm C,459477,2830,2829,2550,1557,1,-0.0016157052
Warm C,458108,2820,2819,2550,1557,1,0.013859036
Warm C,430759,2625,2624,2550,1557,1,0.011044362
Warm C,425381,2581,2580,2550,1557,1,0.005287515
Warm C,415087,2498,2497,2550,1557,0,0.0035193507
Warm C,411820,2475,2474,2550,1557,0,0.007571379
Warm C,414689,2496,2495,2550,1557,0,0.0039351573
Warm C,390741,2293,2292,2550,1557,1,0.011696426
Warm C,406804,2444,2443,2550,1557,1,0.0070857736
Warm C,361795,2109,2108,2550,1557,1,0.012452555
Warm C,353744,2072,2071,2550,1557,1,0.0074190395
Warm C,356482,2088,2087,2550,1557,1,0.0055990526
Warm C,350144,2055,2054,2550,1557,1,0.009978378
Warm C,348491,2042,2041,2550,1557,0,0.016047651
Warm C,346296,2030,2029,2550,1557,1,0.0077767186
Warm C,343707,2018,2017,2550,1557,1,0.008131908
Warm C,325702,1927,1926,2550,1557,1,0.0041590445
Warm C,326335,1931,1930,2550,1557,0,0.014984213
Warm C,305401,1816,1815,2550,1557,1,0.010876694
Warm C,299347,1777,1776,2550,1557,1,0.008939717
Warm C,297628,1764,1763,2550,1557,0,0.0058344016
Warm C,288310,1722,1721,2550,1557,1,0.003292038
Warm C,279619,1680,1679,2550,1557,1,0.008317518
Warm C,277076,1675,1674,2550,1557,0,0.012866378
Warm C,250825,1513,1512,2550,1557,0,0.0011528498
Warm C,247809,1496,1495,2550,1557,1,0.0027060588
Warm C,303309,1802,1801,2550,1557,0,0.0018672957
Warm C,224522,1357,1356,2550,1557,1,0.01122742
Warm C,214127,1300,1299,2550,1557,0,0.008847396
Warm C,213945,1299,1298,2550,1557,0,0.011080609
Warm C,276355,1671,1670,2550,1557,1,0.010144427
Warm C,322542,1912,1911,2550,1557,0,0.017410534
Warm C,244099,1470,1469,2550,1557,0,0.001017661
Warm C,328431,1941,1940,2550,1557,1,0.004764743
Warm C,184424,1147,1146,2550,1557,0,0.012033913
Warm C,182849,1140,1139,2550,1557,1,-0.000424647
Warm C,162326,1034,1033,2550,1557,0,0.0051045357
Warm C,159354,1017,1016,2550,1557,1,0.0020275014
Warm C,158435,1015,1014,2550,1557,1,0.018296266
Warm C,152022,977,976,2550,1557,1,0.008470672
Warm C,246404,1489,1488,2550,1557,0,0.0068545416
Warm C,149026,958,957,2550,1557,0,0.0053686574
Warm C,727152,4350,4349,2550,1557,0,0.01135736
Warm C,133881,868,867,2550,1557,0,0.0069863144
Warm C,223670,1354,1353,2550,1557,0,0.0065751886
Warm C,99876,667,666,2550,1557,0,0.0084439535
Warm C,83341,549,548,2550,1557,1,0.017545516
Warm C,79568,531,530,2550,1557,0,0.009730987
Warm C,86743,566,565,2550,1557,0,0.011724785
Warm C,72202,482,481,2550,1557,0,0.017545275
Warm C,386135,2258,2257,2550,1557,0,0.0024855179
Warm C,26792,190,189,2550,1557,1,0.0071922797
Warm C,28114,195,194,2550,1557,1,0.014388722
Warm C,34710,235,234,2550,1557,1,0.009175815
Warm C,133662,864,863,2550,1557,0,0.01835043
Warm C,947596,5722,5721,2550,1557,1,0.021895045
Warm C,290379,1733,1732,2550,1557,1,0.027702397
Warm C,13540,107,106,2550,1557,0,0.0034869085
Warm C,4266,33,32,2550,1557,1,0.014163829
Warm C,3840,28,27,2550,1557,1,0.015849119
Warm C,3946,29,28,2550,1557,0,-0.0035291193
Warm C,102445,678,677,2550,1557,1,0.012773942
Warm C,481939,2962,2961,2550,1557,1,0.00946307
Warm C,863914,5205,5204,2550,1557,1,0.0073981252
Warm C,76407,518,517,2550,1557,1,0.006593397
Warm C,490872,3018,3017,2550,1557,1,0.024697162
Warm C,171864,1088,1087,2550,1557,0,0.008192962
Warm C,383754,2242,2241,2550,1557,0,0.0021289245
Warm C,161388,1029,1028,2550,1557,0,0.0066171666
Warm C,454663,2796,2795,2550,1557,0,0.000796818
Warm C,927627,5605,5604,2550,1557,1,0.0061425567
Warm C,5960,44,43,2550,1557,0,0.0121297985
Warm C,194948,1202,1201,2550,1557,0,0.014556108
Warm C,336144,1980,1979,2550,1557,0,0.012083244
Warm C,271821,1643,1642,2550,1557,1,0.0034061964
Warm C,993894,6002,6001,2550,1557,1,0.003754088
Warm C,63160,424,423,2550,1557,1,0.0056541776
Warm C,497694,3055,3054,2550,1557,1,0.010730829
Warm C,208875,1274,1273,2550,1557,1,0.022375572
Warm C,238096,1447,1446,2550,1557,0,0.01713462
Warm C,733003,4384,4383,2551,1558,1,0.009178158
Warm C,743964,4447,4446,2551,1558,0,0.007667242
Warm C,733531,4386,4385,2551,1558,0,-0.00018850318
Warm C,724647,4342,4341,2551,1558,1,0.0020643384
Warm C,725447,4344,4343,2551,1558,1,-0.0047412575
Warm C,711822,4271,4270,2551,1558,0,0.008765446
Warm C,701777,4207,4206,2551,1558,1,0.0006244569
Warm C,723706,4335,4334,2551,1558,0,0.0072588692
Warm C,707103,4238,4237,2551,1558,0,0.006839428
Warm C,717385,4298,4297,2551,1558,1,0.010898504
Warm C,713225,4277,4276,2551,1558,1,-0.002679342
Warm C,675541,4053,4052,2551,1558,1,0.004769137
Warm C,671964,4038,4037,2551,1558,1,-0.0038767094
Warm C,720146,4312,4311,2551,1558,0,-0.0012354348
Warm C,671382,4033,4032,2551,1558,1,0.01304543
Warm C,667592,4016,4015,2551,1558,0,0.0026954203
Warm C,680336,4078,4077,2551,1558,0,0.008716604
Warm C,651538,3929,3928,2551,1558,0,0.00752693
Warm C,672781,4041,4040,2551,1558,1,-0.002921281
Warm C,644771,3884,3883,2551,1558,0,0.004347343
Warm C,635072,3829,3828,2551,1558,1,0.01070548
Warm C,633440,3824,3823,2551,1558,0,0.004648004
Warm C,629673,3808,3807,2551,1558,1,-0.007918274
Warm C,639230,3842,3841,2551,1558,1,0.0036808553
Warm C,638382,3841,3840,2551,1558,1,0.008504766
Warm C,653632,3940,3939,2551,1558,0,-0.005078261
Warm C,600589,3651,3650,2551,1558,1,0.0101172365
Warm C,590817,3603,3602,2551,1558,0,0.0045398013
Warm C,596739,3626,3625,2551,1558,0,0.0006499293
Warm C,583573,3562,3561,2551,1558,0,-0.0058797356
Warm C,594091,3618,3617,2551,1558,0,0.0040264037
Warm C,563154,3464,3463,2551,1558,1,0.0014595292
Warm C,570402,3499,3498,2551,1558,1,0.01689623
Warm C,558054,3426,3425,2551,1558,1,0.006556476
Warm C,554088,3410,3409,2551,1558,0,0.006914878
Warm C,528281,3265,3264,2551,1558,0,0.004910127
Warm C,522760,3224,3223,2551,1558,1,0.009351587
Warm C,688145,4116,4115,2551,1558,1,0.001967038
Warm C,515606,3182,3181,2551,1558,0,0.00221366
Warm C,515000,3180,3179,2551,1558,0,0.005263714
Warm C,605916,3681,3680,2551,1558,0,0.0050613475
Warm C,508733,3129,3128,2551,1558,1,0.0031070572
Warm C,506810,3118,3117,2551,1558,0,0.0010887148
Warm C,495700,3044,3043,2551,1558,0,-0.0004252512
Warm C,494346,3032,3031,2551,1558,1,0.009632088
Warm C,490873,3018,3017,2551,1558,0,0.011823341
Warm C,484159,2978,2977,2551,1558,1,0.0037882961
Warm C,482808,2967,2966,2551,1558,1,0.003846365
Warm C,476839,2928,2927,2551,1558,1,0.009228443
Warm C,696534,4169,4168,2551,1558,1,0.0023522526
Warm C,475172,2916,2915,2551,1558,1,-0.0035889656
Warm C,458109,2820,2819,2551,1558,1,0.0049031936
Warm C,457404,2818,2817,2551,1558,1,0.002008319
Warm C,453895,2793,2792,2551,1558,1,0.0002557058
Warm C,446482,2752,2751,2551,1558,1,0.012341285
Warm C,433706,2643,2642,2551,1558,0,0.004084258
Warm C,431433,2628,2627,2551,1558,1,0.0056552244
Warm C,418832,2529,2528,2551,1558,1,0.0016499623
Warm C,416768,2507,2506,2551,1558,0,0.0048241327
Warm C,464257,2860,2859,2551,1558,0,0.00056175725
Warm C,401827,2397,2396,2551,1558,0,0.0016154884
Warm C,393257,2310,2309,2551,1558,0,0.00366109
Warm C,403148,2407,2406,2551,1558,1,-0.0076402086
Warm C,390099,2288,2287,2551,1558,1,0.004570395
Warm C,389045,2279,2278,2551,1558,1,-0.0068878722
Warm C,385355,2251,2250,2551,1558,1,0.0074784486
Warm C,382956,2237,2236,2551,1558,0,0.0041478775
Warm C,370008,2164,2163,2551,1558,1,0.004851435
Warm C,364880,2124,2123,2551,1558,1,-0.0026144474
Warm C,359485,2102,2101,2551,1558,0,0.0109883305
Warm C,352984,2067,2066,2551,1558,0,0.010322053
Warm C,352715,2064,2063,2551,1558,1,0.0056681456
Warm C,334219,1971,1970,2551,1558,1,0.001062328
Warm C,336145,1980,1979,2551,1558,0,0.010018579
Warm C,303581,1803,1802,2551,1558,0,-0.00061383424
Warm C,298357,1768,1767,2551,1558,1,0.0026253853
Warm C,279620,1680,1679,2551,1558,1,-0.005189766
Warm C,271018,1639,1638,2551,1558,1,-0.0017066204
Warm C,259574,1587,1586,2551,1558,0,0.0008255362
Warm C,217760,1321,1320,2551,1558,0,0.0046271537
Warm C,220430,1335,1334,2551,1558,0,0.00063729426
Warm C,205946,1264,1263,2551,1558,0,0.00538098
Warm C,308120,1836,1835,2551,1558,1,0.0048920084
Warm C,214986,1303,1302,2551,1558,0,-0.002508069
Warm C,294399,1749,1748,2551,1558,1,0.009457352
Warm C,210241,1284,1283,2551,1558,0,0.0053463206
Warm C,185529,1150,1149,2551,1558,0,0.0025671504
Warm C,174256,1101,1100,2551,1558,1,-5.771313e-05
Warm C,169621,1077,1076,2551,1558,1,-0.0010577899
Warm C,159355,1017,1016,2551,1558,0,0.0070826923
Warm C,320219,1899,1898,2551,1558,1,0.0014888463
Warm C,157065,1010,1009,2551,1558,0,0.010604404
Warm C,131267,850,849,2551,1558,1,0.004960409
Warm C,132010,854,853,2551,1558,0,-0.0065758033
Warm C,315421,1880,1879,2551,1558,0,-0.003173285
Warm C,211159,1285,1284,2551,1558,1,0.008810258
Warm C,201678,1242,1241,2551,1558,0,0.003846259
Warm C,98444,659,658,2551,1558,0,0.00432703
Warm C,95213,638,637,2551,1558,0,-0.0059700324
Warm C,352108,2063,2062,2551,1558,0,0.012231911
Warm C,284354,1698,1697,2551,1558,0,0.003672971
Warm C,228407,1383,1382,2551,1558,0,0.004086522
Warm C,83342,549,548,2551,1558,1,0.0036819295
Warm C,239136,1448,1447,2551,1558,0,0.0018245082
Warm C,80302,533,532,2551,1558,0,0.006397831
Warm C,77702,524,523,2551,1558,1,0.008378193
Warm C,53707,352,351,2551,1558,1,0.0054455777
Warm C,49385,329,328,2551,1558,0,-0.008651067
Warm C,338246,1988,1987,2551,1558,0,-0.0016813055
Warm C,38893,264,263,2551,1558,0,-0.0034628846
Warm C,221488,1340,1339,2551,1558,0,-0.008752273
Warm C,34711,235,234,2551,1558,0,0.0035798969
Warm C,23094,166,165,2551,1558,0,0.009309404
Warm C,290380,1733,1732,2551,1558,1,0.0059573683
Warm C,15578,123,122,2551,1558,0,0.008475598
Warm C,481940,2962,2961,2551,1558,0,7.2398805e-05
Warm C,432801,2638,2637,2551,1558,0,0.006819242
Warm C,234249,1422,1421,2551,1558,1,0.000760722
Warm C,129566,839,838,2551,1558,1,0.007468548
Warm C,158436,1015,1014,2551,1558,1,0.008773394
Warm C,744991,4448,4447,2551,1558,1,0.0020231218
Warm C,170944,1087,1086,2551,1558,0,0.0011686711
Warm C,79569,531,530,2551,1558,0,0.0064979545
Warm C,115476,749,748,2551,1558,0,0.008655959
Warm C,271822,1643,1642,2551,1558,1,0.0070441253
Warm C,63161,424,423,2551,1558,0,0.0036664172
Warm C,805747,4823,4822,2551,1558,1,-0.0024925272
Warm C,559444,3436,3435,2551,1558,1,0.0029969772
Warm C,176103,1113,1112,2551,1558,1,0.0013877889
Warm C,594094,3618,3617,2554,1560,0,0.016185233
Warm C,585774,3576,3575,2554,1560,1,0.009204859
Warm C,728207,4354,4353,2554,1560,1,0.0025117407
Warm C,566379,3476,3475,2554,1560,0,0.00956367
Warm C,560506,3445,3444,2554,1560,1,0.0032692584
Warm C,558608,3430,3429,2554,1560,0,0.00977152
Warm C,554091,3410,3409,2554,1560,1,0.004316573
Warm C,543940,3352,3351,2554,1560,0,-0.0017905763
Warm C,535424,3304,3303,2554,1560,1,0.0032902344
Warm C,518838,3201,3200,2554,1560,1,0.004033624
Warm C,504748,3105,3104,2554,1560,0,0.007680032
Warm C,496776,3052,3051,2554,1560,1,0.0027162666
Warm C,496288,3050,3049,2554,1560,1,0.013643806
Warm C,495908,3045,3044,2554,1560,1,0.006281904
Warm C,488936,3010,3009,2554,1560,1,-0.0015022265
Warm C,517937,3196,3195,2554,1560,0,0.0025077774
Warm C,696536,4169,4168,2554,1560,0,0.01013006
Warm C,475974,2921,2920,2554,1560,0,0.007997279
Warm C,601678,3658,3657,2554,1560,1,0.0033873683
Warm C,465195,2868,2867,2554,1560,1,0.010804597
Warm C,754729,4497,4496,2554,1560,0,0.012231082
Warm C,444990,2744,2743,2554,1560,0,0.0013626679
Warm C,415088,2498,2497,2554,1560,0,-0.0005177497
Warm C,414691,2496,2495,2554,1560,0,0.0037489426
Warm C,397221,2352,2351,2554,1560,0,-0.0015885142
Warm C,395381,2335,2334,2554,1560,0,0.007340395
Warm C,370769,2167,2166,2554,1560,1,-0.0030054278
Warm C,366396,2132,2131,2554,1560,0,0.0025516653
Warm C,364882,2124,2123,2554,1560,1,0.011289698
Warm C,356701,2089,2088,2554,1560,1,-0.0006210096
Warm C,356485,2088,2087,2554,1560,0,0.010844848
Warm C,341973,2013,2012,2554,1560,0,0.0058188643
Warm C,334700,1974,1973,2554,1560,1,0.0038113764
Warm C,325505,1926,1925,2554,1560,0,0.003920216
Warm C,297086,1761,1760,2554,1560,0,0.007680871
Warm C,288312,1722,1721,2554,1560,1,0.010966251
Warm C,292448,1741,1740,2554,1560,1,0.0068469653
Warm C,269155,1632,1631,2554,1560,0,0.0058954107
Warm C,224524,1357,1356,2554,1560,0,0.0038043065
Warm C,221491,1340,1339,2554,1560,0,0.004456828
Warm C,328436,1941,1940,2554,1560,0,0.0039436393
Warm C,190058,1179,1178,2554,1560,1,0.0042870967
Warm C,184427,1147,1146,2554,1560,0,0.001267876
Warm C,181639,1135,1134,2554,1560,1,0.004803492
Warm C,159358,1017,1016,2554,1560,0,0.0015662442
Warm C,158440,1015,1014,2554,1560,1,0.0108407
Warm C,152141,978,977,2554,1560,0,0.007466498
Warm C,138569,889,888,2554,1560,1,0.008207285
Warm C,133882,868,867,2554,1560,1,0.0015332643
Warm C,133301,860,859,2554,1560,0,0.006580678
Warm C,133050,858,857,2554,1560,1,0.005879148
Warm C,115478,749,748,2554,1560,0,0.014364934
Warm C,925561,5595,5594,2554,1560,0,0.0040945164
Warm C,316934,1884,1883,2554,1560,1,0.0052395156
Warm C,713227,4277,4276,2554,1560,1,0.012335109
Warm C,90975,602,601,2554,1560,0,0.011231728
Warm C,86201,563,562,2554,1560,0,-0.00912974
Warm C,82294,546,545,2554,1560,0,0.0004634352
Warm C,83346,549,548,2554,1560,0,0.014683247
Warm C,78945,530,529,2554,1560,0,-0.00019333721
Warm C,63165,424,423,2554,1560,0,0.007089027
Warm C,41179,278,277,2554,1560,1,0.0077717435
Warm C,481943,2962,2961,2554,1560,0,0.0133641735
Warm C,276357,1671,1670,2554,1560,1,0.008325464
Warm C,270095,1635,1634,2554,1560,0,0.0048920414
Warm C,1731,17,16,2554,1560,0,0.008145561
Warm C,2849,23,22,2554,1560,0,0.0017307496
Warm C,4268,33,32,2554,1560,1,0.009933155
Warm C,552509,3401,3400,2554,1560,0,0.013317529
Warm C,222771,1348,1347,2554,1560,1,-0.0066943583
Warm C,24334,173,172,2554,1560,1,0.005837034
Warm C,161389,1029,1028,2554,1560,0,-0.007836833
Warm C,261869,1599,1598,2554,1560,1,0.005815629
Warm C,310774,1851,1850,2554,1560,0,-0.002941772
Warm C,62282,422,421,2554,1560,0,0.0011804873
Warm C,699734,4186,4185,2554,1560,1,0.006431618
Warm C,718632,4305,4304,2555,1561,0,0.0013345219
Warm C,549159,3389,3388,2555,1561,0,0.0076548653
Warm C,547619,3378,3377,2555,1561,0,0.007979658
Warm C,539997,3320,3319,2555,1561,0,0.0120902965
Warm C,537334,3311,3310,2555,1561,0,0.011335513
Warm C,536144,3308,3307,2555,1561,0,0.0049860664
Warm C,564582,3471,3470,2555,1561,0,0.010148456
Warm C,520390,3209,3208,2555,1561,0,0.0018900619
Warm C,515999,3184,3183,2555,1561,0,-0.0017139225
Warm C,515001,3180,3179,2555,1561,0,0.0053639235
Warm C,509543,3138,3137,2555,1561,0,0.013687705
Warm C,509151,3134,3133,2555,1561,0,0.01023759
Warm C,797639,4784,4783,2555,1561,0,0.013343183
Warm C,496011,3046,3045,2555,1561,0,0.0058552576
Warm C,483630,2973,2972,2555,1561,0,-0.0003479945
Warm C,480607,2949,2948,2555,1561,0,0.009405367
Warm C,478182,2934,2933,2555,1561,0,0.011611084
Warm C,655296,3946,3945,2555,1561,0,0.0054678433
Warm C,467793,2883,2882,2555,1561,0,-0.003573813
Warm C,431817,2630,2629,2555,1561,0,0.010989036
Warm C,420527,2541,2540,2555,1561,1,0.009946223
Warm C,418833,2529,2528,2555,1561,0,0.009636493
Warm C,417101,2508,2507,2555,1561,0,-0.002538241
Warm C,412917,2484,2483,2555,1561,0,0.009071114
Warm C,385051,2250,2249,2555,1561,0,0.004303851
Warm C,376754,2199,2198,2555,1561,0,0.0053406497
Warm C,375818,2189,2188,2555,1561,0,0.0056995815
Warm C,374259,2181,2180,2555,1561,0,0.014674839
Warm C,357049,2091,2090,2555,1561,0,0.0049556927
Warm C,358008,2095,2094,2555,1561,0,0.0008275062
Warm C,349680,2052,2051,2555,1561,0,0.00095615815
Warm C,348492,2042,2041,2555,1561,0,0.013742789
Warm C,352112,2063,2062,2555,1561,0,0.011915826
Warm C,341713,2012,2011,2555,1561,0,0.0045511727
Warm C,340808,2010,2009,2555,1561,0,0.0076306164
Warm C,325943,1929,1928,2555,1561,0,0.005205077
Warm C,306828,1831,1830,2555,1561,0,0.005557661
Warm C,291852,1738,1737,2555,1561,0,0.0007695999
Warm C,278363,1679,1678,2555,1561,0,0.001563485
Warm C,277855,1676,1675,2555,1561,0,0.008837099
Warm C,281835,1690,1689,2555,1561,0,0.011388358
Warm C,286296,1709,1708,2555,1561,1,0.005844201
Warm C,264392,1608,1607,2555,1561,0,0.013502478
Warm C,258166,1582,1581,2555,1561,0,0.0014200865
Warm C,254722,1548,1547,2555,1561,0,-0.0043245223
Warm C,252958,1533,1532,2555,1561,0,0.0015964943
Warm C,228409,1383,1382,2555,1561,0,0.009774411
Warm C,224265,1356,1355,2555,1561,0,0.013613202
Warm C,224879,1359,1358,2555,1561,0,-0.0017718207
Warm C,214129,1300,1299,2555,1561,0,0.0024807535
Warm C,213583,1298,1297,2555,1561,0,0.00950324
Warm C,244101,1470,1469,2555,1561,0,0.0010444631
Warm C,279623,1680,1679,2555,1561,0,0.013010512
Warm C,200387,1230,1229,2555,1561,0,0.013431111
Warm C,236452,1434,1433,2555,1561,1,-0.0048490465
Warm C,193239,1193,1192,2555,1561,0,0.009230077
Warm C,205378,1263,1262,2555,1561,0,0.0008738106
Warm C,167968,1068,1067,2555,1561,0,0.008758523
Warm C,163946,1050,1049,2555,1561,0,0.0030951952
Warm C,150212,967,966,2555,1561,0,-0.0080570765
Warm C,146346,941,940,2555,1561,0,0.006542859
Warm C,136757,881,880,2555,1561,0,-0.00085032824
Warm C,134806,871,870,2555,1561,0,0.011780271
Warm C,126201,815,814,2555,1561,0,-0.0005331466
Warm C,122364,789,788,2555,1561,0,0.008535954
Warm C,108155,710,709,2555,1561,0,0.012266032
Warm C,98340,658,657,2555,1561,0,0.0032820455
Warm C,95215,638,637,2555,1561,0,0.0074568265
Warm C,92803,621,620,2555,1561,0,0.008054145
Warm C,360958,2106,2105,2555,1561,0,0.0041106967
Warm C,116883,753,752,2555,1561,0,0.007540377
Warm C,239137,1448,1447,2555,1561,0,0.011713349
Warm C,73151,494,493,2555,1561,0,-0.006054091
Warm C,66610,445,444,2555,1561,0,0.006013804
Warm C,58868,399,398,2555,1561,0,0.005295412
Warm C,59124,402,401,2555,1561,0,0.0036416445
Warm C,54853,359,358,2555,1561,0,0.0018651073
Warm C,54232,354,353,2555,1561,0,0.0034278515
Warm C,31146,209,208,2555,1561,0,-0.0083111115
Warm C,29398,200,199,2555,1561,0,0.0075946273
Warm C,291558,1737,1736,2555,1561,0,0.008782368
Warm C,16973,133,132,2555,1561,1,0.008542887
Warm C,9556,63,62,2555,1561,0,0.00020075776
Warm C,6795,48,47,2555,1561,0,0.009562941
Warm C,1695,16,15,2555,1561,0,-0.0007680564
Warm C,521772,3219,3218,2555,1561,0,0.021625198
Warm C,787208,4708,4707,2555,1561,0,0.012315087
Warm C,10501,75,74,2555,1561,1,0.004435638
Warm C,355052,2077,2076,2555,1561,0,0.008226797
Warm C,954241,5761,5760,2555,1561,0,0.0155510595
Warm C,828773,4979,4978,2555,1561,0,0.0029006856
Warm C,335210,1978,1977,2555,1561,0,0.009900307
Warm C,79571,531,530,2555,1561,0,0.009721486
Warm C,907678,5492,5491,2555,1561,0,0.012071492
Warm C,328438,1941,1940,2555,1561,0,0.010452391
Warm C,717037,4294,4293,2555,1561,0,0.007836971
Warm C,143544,926,925,2555,1561,0,0.00606816
Warm C,187075,1160,1159,2555,1561,0,0.0027970485
Warm C,52147,343,342,2555,1561,0,0.0028668775
Warm C,434932,2655,2654,2555,1561,0,0.007232753
Warm C,255946,1560,1559,2555,1561,0,0.0069443625
Warm C,13346,104,103,2555,1561,0,-0.0012822992
Warm C,427365,2594,2593,2555,1561,0,0.008277548
Warm C,509879,3140,3139,2555,1561,0,0.015581965
Warm C,551450,3395,3394,2560,1563,0,0.00058235624
Warm C,577367,3526,3525,2560,1563,0,0.004888722
Warm C,748014,4465,4464,2560,1563,0,0.0028302139
Warm C,536152,3308,3307,2560,1563,0,0.00748397
Warm C,564597,3471,3470,2560,1563,0,0.011628415
Warm C,523729,3228,3227,2560,1563,0,-0.0008984755
Warm C,522000,3223,3222,2560,1563,1,-0.0057598073
Warm C,519726,3206,3205,2560,1563,1,-0.000776013
Warm C,517461,3193,3192,2560,1563,1,-0.0020654777
Warm C,566389,3476,3475,2560,1563,0,-0.0018037128
Warm C,508005,3126,3125,2560,1563,1,-0.0031574066
Warm C,507531,3123,3122,2560,1563,0,0.0003403437
Warm C,507299,3121,3120,2560,1563,1,0.0018589151
Warm C,481169,2955,2954,2560,1563,0,0.0021033557
Warm C,472757,2907,2906,2560,1563,1,0.0042455713
Warm C,473911,2909,2908,2560,1563,1,0.0045218836
Warm C,467799,2883,2882,2560,1563,0,0.0036630759
Warm C,467392,2880,2879,2560,1563,1,0.0010464507
Warm C,463474,2857,2856,2560,1563,1,0.014752263
Warm C,441297,2702,2701,2560,1563,1,-0.0015341993
Warm C,428840,2609,2608,2560,1563,1,-0.0062722797
Warm C,409727,2457,2456,2560,1563,0,0.008622213
Warm C,386679,2261,2260,2560,1563,0,0.003159184
Warm C,374270,2181,2180,2560,1563,0,0.009487964
Warm C,354222,2073,2072,2560,1563,0,-0.0016972311
Warm C,352127,2063,2062,2560,1563,0,9.0591144e-05
Warm C,344455,2021,2020,2560,1563,0,0.012521186
Warm C,339983,2005,2004,2560,1563,1,0.0036360377
Warm C,340819,2010,2009,2560,1563,1,0.0012969627
Warm C,310779,1851,1850,2560,1563,0,0.00046629296
Warm C,288713,1725,1724,2560,1563,0,0.001596865
Warm C,297899,1765,1764,2560,1563,1,0.009764658
Warm C,277863,1676,1675,2560,1563,1,0.010315607
Warm C,278367,1679,1678,2560,1563,1,-0.006757858
Warm C,275653,1667,1666,2560,1563,0,-0.0058258804
Warm C,271522,1641,1640,2560,1563,0,-0.0024999343
Warm C,275195,1666,1665,2560,1563,1,-0.0021399425
Warm C,264397,1608,1607,2560,1563,0,0.00029198057
Warm C,234597,1424,1423,2560,1563,1,-0.0040675527
Warm C,235128,1425,1424,2560,1563,0,0.004696844
Warm C,226406,1370,1369,2560,1563,0,-0.0003089446
Warm C,224527,1357,1356,2560,1563,0,0.008486312
Warm C,249562,1503,1502,2560,1563,0,0.001630544
Warm C,221833,1341,1340,2560,1563,0,0.00032710168
Warm C,279647,1680,1679,2560,1563,1,0.013160929
Warm C,194532,1200,1199,2560,1563,1,0.008256914
Warm C,363246,2116,2115,2560,1563,1,0.0070645614
Warm C,215000,1303,1302,2560,1563,0,0.002753765
Warm C,211175,1285,1284,2560,1563,1,0.0051472336
Warm C,182854,1140,1139,2560,1563,1,0.004872801
Warm C,175062,1109,1108,2560,1563,0,0.010798857
Warm C,168589,1069,1068,2560,1563,1,-0.0032208506
Warm C,165292,1053,1052,2560,1563,0,0.00070132123
Warm C,270470,1636,1635,2560,1563,1,0.005187471
Warm C,168901,1071,1070,2560,1563,1,0.0010724815
Warm C,159363,1017,1016,2560,1563,0,-0.0016588132
Warm C,158456,1015,1014,2560,1563,1,0.0037110518
Warm C,221502,1340,1339,2560,1563,0,0.005157409
Warm C,271026,1639,1638,2560,1563,1,0.0032276425
Warm C,245368,1482,1481,2560,1563,0,-0.0032104116
Warm C,157081,1010,1009,2560,1563,0,-0.00041449483
Warm C,136773,881,880,2560,1563,1,0.0049923696
Warm C,135765,877,876,2560,1563,0,0.0019060406
Warm C,134464,869,868,2560,1563,0,0.0011017853
Warm C,133212,859,858,2560,1563,0,0.003953873
Warm C,128996,838,837,2560,1563,1,0.005186079
Warm C,138589,889,888,2560,1563,0,0.007172577
Warm C,128347,830,829,2560,1563,1,0.006265064
Warm C,125601,808,807,2560,1563,0,-0.0020046472
Warm C,122369,789,788,2560,1563,0,-0.0028833193
Warm C,117601,757,756,2560,1563,0,0.0067258175
Warm C,116434,752,751,2560,1563,0,0.0019121729
Warm C,114103,741,740,2560,1563,1,-0.0047253156
Warm C,110407,720,719,2560,1563,0,0.009522067
Warm C,109382,714,713,2560,1563,1,0.007577347
Warm C,107099,704,703,2560,1563,1,0.020791315
Warm C,92807,621,620,2560,1563,0,0.0012990372
Warm C,886947,5359,5358,2560,1563,0,0.0017797174
Warm C,191223,1181,1180,2560,1563,0,0.010524912
Warm C,239157,1448,1447,2560,1563,1,-0.00844223
Warm C,77719,524,523,2560,1563,1,0.00418157
Warm C,74979,509,508,2560,1563,1,-0.006102265
Warm C,64317,429,428,2560,1563,0,-0.00065081194
Warm C,53728,352,351,2560,1563,0,0.0013851135
Warm C,54233,354,353,2560,1563,0,0.0058591887
Warm C,43083,295,294,2560,1563,0,0.0015746905
Warm C,41790,284,283,2560,1563,1,0.0031922022
Warm C,55869,370,369,2560,1563,0,0.006279046
Warm C,40393,272,271,2560,1563,1,0.001399255
Warm C,29822,202,201,2560,1563,0,0.006048887
Warm C,29191,199,198,2560,1563,0,0.003945009
Warm C,411628,2472,2471,2560,1563,0,-0.0043941317
Warm C,22508,163,162,2560,1563,0,-0.005071545
Warm C,16855,132,131,2560,1563,0,-0.0017893629
Warm C,290394,1733,1732,2560,1563,1,0.016788047
Warm C,9562,63,62,2560,1563,1,0.0065146247
Warm C,291,5,4,2560,1563,1,-0.006497757
Warm C,272305,1645,1644,2560,1563,1,0.0022034901
Warm C,238110,1447,1446,2560,1563,1,0.0034620538
Warm C,328455,1941,1940,2560,1563,0,-0.0064797774
Warm C,171882,1088,1087,2560,1563,0,0.0075568063
Warm C,195620,1203,1202,2560,1563,1,0.01739107
Warm C,960301,5792,5791,2560,1563,0,0.0047532306
Warm C,571165,3503,3502,2560,1563,0,0.0034682592
Warm C,187079,1160,1159,2560,1563,0,-0.001889964
Warm C,26650,188,187,2560,1563,1,-0.011339736
Warm C,286820,1712,1711,2560,1563,0,-0.0043812282
Warm C,538066,3312,3311,2560,1563,0,0.011581628
Warm C,63183,424,423,2560,1563,1,0.0020371112
Warm C,28137,195,194,2560,1563,1,0.010018644
Warm C,319475,1897,1896,2560,1563,0,0.0016876827
Warm C,473914,2909,2908,2561,1564,1,0.018101193
Warm C,463476,2857,2856,2561,1564,1,0.015145783
Warm C,594921,3620,3619,2561,1564,0,0.011259811
Warm C,464978,2866,2865,2561,1564,0,0.0071084118
Warm C,451060,2777,2776,2561,1564,0,0.012014253
Warm C,444774,2743,2742,2561,1564,1,0.0050568986
Warm C,564599,3471,3470,2561,1564,0,0.011898991
Warm C,441066,2700,2699,2561,1564,1,0.01238388
Warm C,762745,4533,4532,2561,1564,1,0.01574202
Warm C,422827,2562,2561,2561,1564,1,0.0034620236
Warm C,416782,2507,2506,2561,1564,0,0.009321816
Warm C,425390,2581,2580,2561,1564,0,0.007601728
Warm C,408337,2453,2452,2561,1564,1,0.017077878
Warm C,402430,2402,2401,2561,1564,0,0.021904455
Warm C,392391,2304,2303,2561,1564,1,0.02556993
Warm C,390108,2288,2287,2561,1564,0,0.0059803915
Warm C,358587,2098,2097,2561,1564,1,0.010729617
Warm C,349016,2047,2046,2561,1564,0,0.028298616
Warm C,329474,1943,1942,2561,1564,0,0.013284972
Warm C,302225,1794,1793,2561,1564,0,0.017558163
Warm C,279650,1680,1679,2561,1564,1,0.022282884
Warm C,263959,1606,1605,2561,1564,1,0.011443866
Warm C,250466,1509,1508,2561,1564,0,0.008628918
Warm C,198465,1219,1218,2561,1564,1,0.0104523655
Warm C,321719,1908,1907,2561,1564,0,0.006632003
Warm C,191227,1181,1180,2561,1564,0,0.01528811
Warm C,163957,1050,1049,2561,1564,0,0.004160039
Warm C,275654,1667,1666,2561,1564,0,0.0065120254
Warm C,221504,1340,1339,2561,1564,0,0.013445936
Warm C,143049,922,921,2561,1564,0,0.005628637
Warm C,194956,1202,1201,2561,1564,0,0.012652054
Warm C,117603,757,756,2561,1564,0,0.012445016
Warm C,112910,732,731,2561,1564,1,0.007236251
Warm C,203497,1248,1247,2561,1564,0,0.006215528
Warm C,110950,721,720,2561,1564,0,0.011185542
Warm C,631715,3821,3820,2561,1564,0,0.01628276
Warm C,480235,2946,2945,2561,1564,0,0.012214681
Warm C,108171,710,709,2561,1564,0,0.01689427
Warm C,308795,1837,1836,2561,1564,1,0.0170105
Warm C,239160,1448,1447,2561,1564,1,0.010383455
Warm C,81816,543,542,2561,1564,0,0.0050578183
Warm C,84372,550,549,2561,1564,0,0.016969144
Warm C,64319,429,428,2561,1564,0,0.009160972
Warm C,59136,402,401,2561,1564,0,0.013031426
Warm C,155457,1001,1000,2561,1564,1,0.017988788
Warm C,53731,352,351,2561,1564,0,0.015687022
Warm C,47465,319,318,2561,1564,0,0.013512593
Warm C,42094,285,284,2561,1564,0,0.008309995
Warm C,696550,4169,4168,2561,1564,0,0.022775708
Warm C,55604,368,367,2561,1564,1,0.013584591
Warm C,38281,261,260,2561,1564,0,0.007220046
Warm C,418301,2528,2527,2561,1564,0,0.007674091
Warm C,200112,1228,1227,2561,1564,0,0.01284207
Warm C,314402,1877,1876,2561,1564,0,0.0007501029
Warm C,16295,129,128,2561,1564,1,0.0035260026
Warm C,210253,1284,1283,2561,1564,1,0.009714736
Warm C,164726,1051,1050,2561,1564,0,0.017289348
Warm C,150701,970,969,2561,1564,0,0.015859442
Warm C,129578,839,838,2561,1564,0,0.019267343
Warm C,363249,2116,2115,2561,1564,0,0.012336776
Warm C,567626,3483,3482,2561,1564,0,0.011631336
Warm C,16108,127,126,2561,1564,1,0.010831602
Warm C,592763,3613,3612,2561,1564,1,0.0044954023
Warm C,195623,1203,1202,2561,1564,0,0.017434616
Warm C,50139,331,330,2561,1564,1,0.007861762
Warm C,331794,1958,1957,2561,1564,1,0.008900123
Warm C,902842,5458,5457,2561,1564,0,0.009994046
Warm C,609262,3693,3692,2561,1564,0,0.003961308
Warm C,257821,1579,1578,2561,1564,0,0.017795209
Warm C,322557,1912,1911,2561,1564,0,0.019985937
Warm C,937657,5657,5656,2561,1564,1,0.017240236
Warm C,330566,1951,1950,2570,1568,1,0.011324312
Warm C,316954,1884,1883,2570,1568,1,0.015799161
Warm C,302238,1794,1793,2570,1568,1,-0.001463356
Warm C,252124,1526,1525,2570,1568,1,0.008232995
Warm C,241707,1455,1454,2570,1568,0,0.008195422
Warm C,308134,1836,1835,2570,1568,0,0.010876497
Warm C,191943,1182,1181,2570,1568,0,0.0075260703
Warm C,188100,1167,1166,2570,1568,1,0.007848355
Warm C,316338,1883,1882,2570,1568,0,0.019962095
Warm C,174506,1103,1102,2570,1568,1,0.0048792195
Warm C,168598,1069,1068,2570,1568,0,0.0026772886
Warm C,167329,1065,1064,2570,1568,1,0.011262838
Warm C,160908,1022,1021,2570,1568,1,0.016227396
Warm C,268074,1628,1627,2570,1568,0,0.004887766
Warm C,143360,924,923,2570,1568,1,0.016167568
Warm C,138617,889,888,2570,1568,0,0.015825437
Warm C,132031,854,853,2570,1568,0,0.020492222
Warm C,117854,759,758,2570,1568,1,-0.0072274515
Warm C,112619,731,730,2570,1568,0,0.004249418
Warm C,103714,689,688,2570,1568,0,-0.0041274787
Warm C,696562,4169,4168,2570,1568,0,0.021379583
Warm C,305056,1812,1811,2570,1568,0,0.015792131
Warm C,80565,534,533,2570,1568,1,0.0074954573
Warm C,54196,353,352,2570,1568,1,0.0074619763
Warm C,45000,303,302,2570,1568,1,0.013278585
Warm C,61297,412,411,2570,1568,1,0.010792449
Warm C,36039,244,243,2570,1568,1,0.010674416
Warm C,308806,1837,1836,2570,1568,0,0.020551194
Warm C,27182,192,191,2570,1568,0,0.0016703494
Warm C,18714,146,145,2570,1568,1,0.006587498
Warm C,803763,4813,4812,2570,1568,1,0.0106927175
Warm C,207032,1266,1265,2570,1568,1,0.011281928
Warm C,158479,1015,1014,2570,1568,1,0.010552196
Warm C,777891,4647,4646,2570,1568,0,0.012649961
Warm C,263544,1605,1604,2570,1568,0,0.009770817
Warm C,187750,1164,1163,2570,1568,0,0.017239936
Warm C,583591,3562,3561,2570,1568,1,0.017032953
Warm C,60725,411,410,2570,1568,0,0.007732451
Warm C,229705,1390,1389,2570,1568,1,0.015002113
Warm C,178717,1121,1120,2570,1568,1,0.007613954
Warm C,102475,678,677,2570,1568,1,0.007440076
Warm C,171907,1088,1087,2570,1568,0,0.011191559
Warm C,569396,3491,3490,2574,1571,1,0.0095055355
Warm C,594150,3618,3617,2574,1571,0,0.0007536933
Warm C,572354,3507,3506,2574,1571,0,0.005390943
Warm C,559459,3436,3435,2574,1571,0,0.0008243569
Warm C,548594,3386,3385,2574,1571,0,-0.0054669874
Warm C,904239,5468,5467,2574,1571,0,-0.009382006
Warm C,902848,5458,5457,2574,1571,0,0.003947398
Warm C,541088,3328,3327,2574,1571,0,0.0036239831
Warm C,540009,3320,3319,2574,1571,0,0.011222804
Warm C,564624,3471,3470,2574,1571,0,0.0155849755
Warm C,532788,3290,3289,2574,1571,0,0.004457446
Warm C,533514,3292,3291,2574,1571,0,0.0064118374
Warm C,522803,3224,3223,2574,1571,0,0.013777377
Warm C,575488,3519,3518,2574,1571,0,0.0005487504
Warm C,517950,3196,3195,2574,1571,0,0.0060769077
Warm C,512190,3159,3158,2574,1571,0,0.0075037936
Warm C,511373,3154,3153,2574,1571,1,0.015279248
Warm C,510727,3147,3146,2574,1571,0,0.0061880797
Warm C,785477,4691,4690,2574,1571,0,-0.0026607334
Warm C,509387,3137,3136,2574,1571,0,-0.0035610737
Warm C,574863,3518,3517,2574,1571,0,0.014786816
Warm C,506026,3112,3111,2574,1571,1,0.008136641
Warm C,498849,3065,3064,2574,1571,1,-0.0008302212
Warm C,493510,3031,3030,2574,1571,0,0.003195447
Warm C,488742,3007,3006,2574,1571,0,0.014922532
Warm C,483642,2973,2972,2574,1571,0,0.0026464963
Warm C,529905,3272,3271,2574,1571,1,0.0060182353
Warm C,472779,2907,2906,2574,1571,1,-0.0010090016
Warm C,471094,2899,2898,2574,1571,0,0.00046594813
Warm C,462686,2854,2853,2574,1571,0,-0.0016971049
Warm C,455206,2802,2801,2574,1571,0,-0.0042982055
Warm C,451828,2781,2780,2574,1571,0,-0.010279148
Warm C,451082,2777,2776,2574,1571,0,0.010853937
Warm C,444789,2743,2742,2574,1571,1,0.01181539
Warm C,434585,2650,2649,2574,1571,0,0.007853993
Warm C,424553,2575,2574,2574,1571,1,-0.0010961434
Warm C,423237,2565,2564,2574,1571,1,0.002244722
Warm C,422532,2559,2558,2574,1571,0,0.005469802
Warm C,417109,2508,2507,2574,1571,1,0.0020330704
Warm C,412952,2484,2483,2574,1571,0,0.002601054
Warm C,403744,2411,2410,2574,1571,0,0.0029574563
Warm C,401295,2392,2391,2574,1571,1,0.0073319566
Warm C,436612,2665,2664,2574,1571,0,-0.002820968
Warm C,393892,2320,2319,2574,1571,0,0.002628392
Warm C,391078,2298,2297,2574,1571,0,0.002526654
Warm C,387835,2268,2267,2574,1571,1,0.004196965
Warm C,378960,2212,2211,2574,1571,1,0.008970669
Warm C,380413,2223,2222,2574,1571,0,0.015667077
Warm C,376769,2199,2198,2574,1571,0,0.0050954674
Warm C,370548,2166,2165,2574,1571,0,6.193342e-05
Warm C,378453,2208,2207,2574,1571,0,-0.0016412828
Warm C,363277,2116,2115,2574,1571,1,0.00987389
Warm C,356028,2085,2084,2574,1571,0,0.00078148325
Warm C,350576,2058,2057,2574,1571,0,0.012356384
Warm C,352156,2063,2062,2574,1571,0,-0.0010646752
Warm C,345868,2029,2028,2574,1571,0,-0.0033193438
Warm C,333102,1965,1964,2574,1571,0,0.005264555
Warm C,315797,1881,1880,2574,1571,1,0.012739347
Warm C,310795,1851,1850,2574,1571,0,0.00792677
Warm C,278182,1677,1676,2574,1571,1,0.0054440955
Warm C,281372,1687,1686,2574,1571,0,-0.0005850651
Warm C,268593,1631,1630,2574,1571,0,-0.0027978707
Warm C,256269,1563,1562,2574,1571,0,0.011567194
Warm C,264701,1609,1608,2574,1571,0,-0.003840264
Warm C,252967,1533,1532,2574,1571,1,0.0043856967
Warm C,235152,1425,1424,2574,1571,0,0.00928865
Warm C,248947,1501,1500,2574,1571,0,0.0074619083
Warm C,225616,1366,1365,2574,1571,0,0.006088678
Warm C,224887,1359,1358,2574,1571,0,0.0020541302
Warm C,227261,1377,1376,2574,1571,0,0.015321895
Warm C,336190,1980,1979,2574,1571,0,0.003011859
Warm C,296871,1759,1758,2574,1571,1,0.0016172775
Warm C,211815,1288,1287,2574,1571,0,0.003914672
Warm C,204991,1261,1260,2574,1571,0,0.0027405582
Warm C,279680,1680,1679,2574,1571,1,0.012589691
Warm C,261885,1599,1598,2574,1571,1,0.00020971638
Warm C,194061,1195,1194,2574,1571,1,-0.0026471023
Warm C,189463,1173,1172,2574,1571,0,0.009838981
Warm C,321729,1908,1907,2574,1571,0,0.0036281196
Warm C,205398,1263,1262,2574,1571,0,-0.0004669102
Warm C,179755,1125,1124,2574,1571,0,0.013262674
Warm C,328487,1941,1940,2574,1571,0,0.0015306694
Warm C,270481,1636,1635,2574,1571,0,0.004528068
Warm C,163976,1050,1049,2574,1571,0,0.001046008
Warm C,272319,1645,1644,2574,1571,1,0.008391565
Warm C,162343,1034,1033,2574,1571,0,-0.0012281202
Warm C,246430,1489,1488,2574,1571,0,-0.0020808475
Warm C,145450,935,934,2574,1571,0,0.00247846
Warm C,140471,901,900,2574,1571,0,0.0074724797
Warm C,139853,896,895,2574,1571,0,0.010744173
Warm C,134814,871,870,2574,1571,1,-0.0011948445
Warm C,134485,869,868,2574,1571,0,0.007486125
Warm C,182148,1137,1136,2574,1571,0,0.00028043776
Warm C,128068,828,827,2574,1571,0,0.013746023
Warm C,126056,812,811,2574,1571,1,0.0050504794
Warm C,121579,781,780,2574,1571,0,0.0061423653
Warm C,112625,731,730,2574,1571,0,-0.00261209
Warm C,108194,710,709,2574,1571,0,-0.0003238432
Warm C,106227,699,698,2574,1571,0,-0.011309756
Warm C,177115,1117,1116,2574,1571,0,0.008768134
Warm C,91295,604,603,2574,1571,0,-0.008684537
Warm C,70240,474,473,2574,1571,0,-0.0007394977
Warm C,64335,429,428,2574,1571,0,0.004944216
Warm C,60171,409,408,2574,1571,0,-0.0026850733
Warm C,58874,399,398,2574,1571,1,0.0013264837
Warm C,53774,352,351,2574,1571,0,0.018245015
Warm C,43101,295,294,2574,1571,0,0.00793032
Warm C,696570,4169,4168,2574,1571,0,0.004551816
Warm C,61302,412,411,2574,1571,1,0.0068137236
Warm C,178289,1120,1119,2574,1571,0,0.001278522
Warm C,54508,355,354,2574,1571,0,0.0048739137
Warm C,219274,1329,1328,2574,1571,0,0.009481239
Warm C,21577,157,156,2574,1571,1,0.015152349
Warm C,21155,155,154,2574,1571,0,-0.004122344
Warm C,17807,137,136,2574,1571,0,0.0071787015
Warm C,13355,104,103,2574,1571,0,0.009289421
Warm C,3303,25,24,2574,1571,0,0.014471879
Warm C,6832,48,47,2574,1571,0,0.00115524
Warm C,521783,3219,3218,2574,1571,1,-0.010778122
Warm C,439856,2688,2687,2574,1571,0,-0.0029199077
Warm C,49436,329,328,2574,1571,0,0.003981057
Warm C,365526,2127,2126,2574,1571,1,-0.0053299423
Warm C,552536,3401,3400,2574,1571,0,0.008193801
Warm C,56344,376,375,2574,1571,1,-0.00040556025
Warm C,238133,1447,1446,2574,1571,0,0.008722999
Warm C,762218,4528,4527,2574,1571,0,0.0028841505
Warm C,2309,19,18,2574,1571,0,0.0007491044
Warm C,682649,4085,4084,2574,1571,0,0.0019400604
Warm C,757263,4508,4507,2574,1571,0,0.0052643144
Warm C,160281,1019,1018,2574,1571,0,0.005986565
Warm C,599396,3648,3647,2574,1571,0,0.009609241
Warm C,309733,1842,1841,2574,1571,0,-0.0048039043
Warm C,907689,5492,5491,2574,1571,1,0.0017827278
Warm C,768796,4579,4578,2574,1571,0,0.010765049
Warm C,60731,411,410,2574,1571,0,-0.004924005
Warm C,257837,1579,1578,2574,1571,1,0.0049602655
Warm C,331814,1958,1957,2574,1571,0,0.002002083
Warm C,193811,1194,1193,2574,1571,0,0.0049617887
Warm C,307056,1834,1833,2574,1571,1,-9.5180294e-05
Warm C,481361,2958,2957,2575,1572,1,0.007010879
Warm C,480986,2953,2952,2575,1572,0,-0.0021790727
Warm C,480866,2952,2951,2575,1572,1,0.0034183664
Warm C,546165,3367,3366,2575,1572,1,0.013794791
Warm C,464659,2863,2862,2575,1572,1,0.011565755
Warm C,464489,2861,2860,2575,1572,0,0.003853574
Warm C,456715,2811,2810,2575,1572,1,0.006665481
Warm C,455207,2802,2801,2575,1572,1,0.0133417975
Warm C,437770,2674,2673,2575,1572,1,0.012654394
Warm C,571178,3503,3502,2575,1572,1,0.011436183
Warm C,431442,2628,2627,2575,1572,1,0.011393701
Warm C,386410,2259,2258,2575,1572,1,0.0056754556
Warm C,384519,2246,2245,2575,1572,1,0.0078069214
Warm C,379772,2221,2220,2575,1572,1,0.008249038
Warm C,376770,2199,2198,2575,1572,1,0.0035882455
Warm C,365850,2129,2128,2575,1572,0,0.016073473
Warm C,340309,2009,2008,2575,1572,1,0.0026650154
Warm C,331182,1957,1956,2575,1572,1,0.003400377
Warm C,318694,1894,1893,2575,1572,1,0.0017797119
Warm C,312977,1865,1864,2575,1572,0,0.012148334
Warm C,302523,1796,1795,2575,1572,1,-0.0022409856
Warm C,314186,1875,1874,2575,1572,1,0.017382111
Warm C,298468,1769,1768,2575,1572,1,0.00773951
Warm C,281576,1688,1687,2575,1572,1,0.0066209706
Warm C,292468,1741,1740,2575,1572,1,0.009787645
Warm C,274718,1660,1659,2575,1572,1,0.0010555468
Warm C,274485,1658,1657,2575,1572,0,0.014608753
Warm C,266835,1618,1617,2575,1572,0,-0.00048632745
Warm C,264215,1607,1606,2575,1572,0,0.006922219
Warm C,294421,1749,1748,2575,1572,1,0.011334379
Warm C,244900,1474,1473,2575,1572,1,0.0024703443
Warm C,319493,1897,1896,2575,1572,1,0.014019165
Warm C,200940,1238,1237,2575,1572,1,0.0015451657
Warm C,199575,1224,1223,2575,1572,1,0.010803892
Warm C,305063,1812,1811,2575,1572,1,0.024818078
Warm C,185584,1150,1149,2575,1572,0,0.014994463
Warm C,201706,1242,1241,2575,1572,1,0.01497673
Warm C,168606,1069,1068,2575,1572,1,0.015969226
Warm C,165814,1057,1056,2575,1572,1,0.0014148918
Warm C,334725,1974,1973,2575,1572,1,0.020992171
Warm C,160912,1022,1021,2575,1572,1,0.008773299
Warm C,246431,1489,1488,2575,1572,0,0.0063155945
Warm C,138628,889,888,2575,1572,0,0.017179929
Warm C,312028,1860,1859,2575,1572,0,0.007598484
Warm C,133469,862,861,2575,1572,1,0.008052779
Warm C,200122,1228,1227,2575,1572,1,0.012580558
Warm C,129006,838,837,2575,1572,1,0.010200088
Warm C,107364,706,705,2575,1572,0,0.012483331
Warm C,100951,673,672,2575,1572,1,0.014783632
Warm C,114283,743,742,2575,1572,0,0.007330143
Warm C,98266,657,656,2575,1572,1,0.0028200317
Warm C,97934,655,654,2575,1572,1,0.01228463
Warm C,92927,622,621,2575,1572,0,0.006301067
Warm C,89623,590,589,2575,1572,1,0.001598882
Warm C,69328,464,463,2575,1572,0,-0.00042421848
Warm C,48836,327,326,2575,1572,1,0.0037699041
Warm C,925422,5594,5593,2575,1572,1,0.0069338097
Warm C,37887,259,258,2575,1572,1,0.008154045
Warm C,33503,225,224,2575,1572,1,0.011069166
Warm C,860139,5172,5171,2575,1572,1,0.0104396185
Warm C,26434,187,186,2575,1572,1,0.0064192996
Warm C,187756,1164,1163,2575,1572,1,0.014489336
Warm C,16679,131,130,2575,1572,1,0.00533913
Warm C,7737,53,52,2575,1572,1,0.010861644
Warm C,4849,35,34,2575,1572,1,0.010227196
Warm C,565029,3473,3472,2575,1572,1,0.015984513
Warm C,207039,1266,1265,2575,1572,1,0.01881281
Warm C,501005,3079,3078,2575,1572,1,0.004471084
Warm C,344219,2020,2019,2575,1572,1,0.013940675
Warm C,966916,5831,5830,2575,1572,0,0.0116395
Warm C,631731,3821,3820,2575,1572,0,0.009755805
Warm C,750463,4478,4477,2575,1572,0,0.011873081
Warm C,163111,1041,1040,2575,1572,1,0.0006605935
Warm C,548738,3387,3386,2575,1572,1,0.0064258566
Warm C,405361,2427,2426,2575,1572,0,0.016305963
Warm C,45938,308,307,2575,1572,1,0.01115858
Warm C,999984,6040,6039,2575,1572,1,0.010498762
Warm C,451829,2781,2780,2575,1572,1,0.009756492
Warm C,116462,752,751,2575,1572,0,0.005104826
Warm C,13155,102,101,2575,1572,0,0.015390751
Warm C,804346,4816,4815,2575,1572,0,0.01061043
Warm C,28200,195,194,2582,1575,1,0.024046697
Warm C,635948,3833,3832,2582,1575,1,0.014053712
Warm C,65508,438,437,2582,1575,1,0.010356577
Warm C,286435,1710,1709,2582,1575,1,0.012276398
Warm C,11633,90,89,2582,1575,1,0.0026756502
Warm C,825605,4958,4957,2582,1575,1,0.02187009
Warm C,359520,2102,2101,2587,1577,0,0.0078027416
Warm C,356038,2085,2084,2587,1577,1,0.0129610505
Warm C,361837,2109,2108,2587,1577,0,0.018112399
Warm C,352187,2063,2062,2587,1577,0,0.016105924
Warm C,297671,1764,1763,2587,1577,1,0.005073138
Warm C,299759,1778,1777,2587,1577,0,0.024661051
Warm C,274498,1658,1657,2587,1577,1,0.020988282
Warm C,299174,1776,1775,2587,1577,0,0.019974766
Warm C,265983,1613,1612,2587,1577,1,0.025367212
Warm C,264708,1609,1608,2587,1577,0,0.015227875
Warm C,358282,2097,2096,2587,1577,1,0.013149415
Warm C,222447,1345,1344,2587,1577,1,0.00931749
Warm C,289459,1727,1726,2587,1577,1,0.016954336
Warm C,205409,1263,1262,2587,1577,0,0.020538438
Warm C,198881,1221,1220,2587,1577,1,0.011369848
Warm C,173792,1100,1099,2587,1577,0,0.006306786
Warm C,255598,1556,1555,2587,1577,0,0.01797722
Warm C,189474,1173,1172,2587,1577,0,0.013901284
Warm C,143730,927,926,2587,1577,1,0.020709544
Warm C,248963,1501,1500,2587,1577,1,0.022667855
Warm C,117639,757,756,2587,1577,0,0.014490254
Warm C,631750,3821,3820,2587,1577,0,0.016599454
Warm C,83409,549,548,2587,1577,0,0.010639807
Warm C,72261,482,481,2587,1577,1,0.021462034
Warm C,333983,1969,1968,2587,1577,1,0.0038253497
Warm C,58533,396,395,2587,1577,1,0.010352494
Warm C,240390,1449,1448,2587,1577,0,0.01745984
Warm C,228457,1383,1382,2587,1577,0,0.020721467
Warm C,53809,352,351,2587,1577,0,0.0066026878
Warm C,43954,301,300,2587,1577,0,0.019750305
Warm C,55634,368,367,2587,1577,1,0.022207988
Warm C,32115,216,215,2587,1577,1,0.012713151
Warm C,31536,214,213,2587,1577,0,0.009961275
Warm C,49460,329,328,2587,1577,0,0.017529754
Warm C,23711,169,168,2587,1577,0,0.0228144
Warm C,339522,2000,1999,2587,1577,0,0.016992405
Warm C,317872,1889,1888,2587,1577,0,0.011343347
Warm C,907696,5492,5491,2587,1577,0,0.0033190206
Warm C,771777,4600,4599,2587,1577,0,0.010820918
Warm C,331834,1958,1957,2587,1577,0,0.016669458
Warm C,295725,1755,1754,2587,1577,0,0.01620856
Warm C,28209,195,194,2587,1577,1,0.012422199
Warm C,408364,2453,2452,2589,1578,0,0.010382457
Warm C,699748,4186,4185,2589,1578,0,0.02104789
Warm C,328525,1941,1940,2589,1578,0,0.0026518102
Warm C,235173,1425,1424,2589,1578,0,0.012015644
Warm C,937270,5654,5653,2594,1579,1,0.008564558
Warm C,263588,1605,1604,2594,1579,0,0.009901702
Warm C,557331,3423,3422,2596,1580,1,0.014784403
Warm C,559635,3438,3437,2596,1580,1,0.010606882
Warm C,567669,3483,3482,2596,1580,1,0.010872053
Warm C,713292,4277,4276,2596,1580,1,0.007519816
Warm C,537406,3311,3310,2596,1580,0,0.006335448
Warm C,536206,3308,3307,2596,1580,1,0.016438544
Warm C,532337,3285,3284,2596,1580,0,0.01930039
Warm C,524328,3232,3231,2596,1580,0,0.011200707
Warm C,514071,3172,3171,2596,1580,1,0.0014731912
Warm C,510857,3148,3147,2596,1580,1,0.0134525085
Warm C,510736,3147,3146,2596,1580,1,0.002291877
Warm C,583623,3562,3561,2596,1580,0,0.014968364
Warm C,571202,3503,3502,2596,1580,1,0.0071356627
Warm C,503458,3093,3092,2596,1580,1,0.0046908613
Warm C,499005,3066,3065,2596,1580,1,0.0035410703
Warm C,487980,3001,3000,2596,1580,1,0.00725004
Warm C,481976,2962,2961,2596,1580,0,0.011985614
Warm C,465784,2872,2871,2596,1580,0,0.020394329
Warm C,462703,2854,2853,2596,1580,1,0.008602276
Warm C,458191,2820,2819,2596,1580,0,-0.000999358
Warm C,456723,2811,2810,2596,1580,0,-0.0028750752
Warm C,468009,2885,2884,2596,1580,0,0.0029809247
Warm C,416837,2507,2506,2596,1580,1,0.015892224
Warm C,413456,2486,2485,2596,1580,1,0.009872729
Warm C,394276,2323,2322,2596,1580,1,0.01149955
Warm C,375697,2188,2187,2596,1580,0,0.011002209
Warm C,369209,2158,2157,2596,1580,1,0.007254174
Warm C,356041,2085,2084,2596,1580,1,0.0068861092
Warm C,345177,2024,2023,2596,1580,0,-0.0031442787
Warm C,340874,2010,2009,2596,1580,0,0.010713778
Warm C,305929,1820,1819,2596,1580,0,0.011196829
Warm C,290818,1735,1734,2596,1580,0,-0.0011637573
Warm C,279750,1680,1679,2596,1580,1,0.0070418064
Warm C,270489,1636,1635,2596,1580,0,0.010364316
Warm C,266488,1616,1615,2596,1580,1,0.010110936
Warm C,247091,1492,1491,2596,1580,1,0.0055014724
Warm C,308158,1836,1835,2596,1580,0,0.0098257195
Warm C,361031,2106,2105,2596,1580,0,0.01137997
Warm C,271064,1639,1638,2596,1580,0,0.0055677556
Warm C,157149,1010,1009,2596,1580,0,0.013361913
Warm C,136843,881,880,2596,1580,0,0.007023641
Warm C,128602,832,831,2596,1580,1,0.0015777124
Warm C,119455,770,769,2596,1580,0,0.014560165
Warm C,132632,855,854,2596,1580,0,0.024898162
Warm C,114545,744,743,2596,1580,1,0.012594361
Warm C,107371,706,705,2596,1580,1,0.0055874144
Warm C,103871,690,689,2596,1580,1,0.013151091
Warm C,116508,752,751,2596,1580,1,0.01674642
Warm C,432217,2634,2633,2596,1580,0,0.012142138
Warm C,77791,524,523,2596,1580,1,0.02440923
Warm C,71433,480,479,2596,1580,0,0.012655551
Warm C,333994,1969,1968,2596,1580,1,0.00938648
Warm C,40441,272,271,2596,1580,1,0.015259637
Warm C,34378,232,231,2596,1580,0,0.0031743306
Warm C,33967,229,228,2596,1580,1,0.006473081
Warm C,300029,1779,1778,2596,1580,1,0.017140975
Warm C,22586,163,162,2596,1580,0,0.009280842
Warm C,939999,5675,5674,2596,1580,0,0.004970464
Warm C,152525,981,980,2596,1580,1,0.022464667
Warm C,9578,63,62,2596,1580,1,0.012354888
Warm C,10791,78,77,2596,1580,1,0.013697172
Warm C,262591,1601,1600,2596,1580,0,0.005255621
Warm C,477567,2931,2930,2596,1580,1,0.0022579688
Warm C,336251,1980,1979,2596,1580,1,0.014772715
Warm C,927657,5605,5604,2596,1580,1,0.00609772
Warm C,20808,151,150,2596,1580,1,0.01848825
Warm C,352214,2063,2062,2596,1580,1,0.019587345
Warm C,134523,869,868,2596,1580,1,0.016495105
Warm C,206453,1265,1264,2596,1580,0,0.0043277415
Warm C,960310,5792,5791,2596,1580,1,0.0029920663
Warm C,879941,5317,5316,2596,1580,1,0.0030066809
Warm C,371796,2172,2171,2596,1580,0,0.012495467
Warm C,807642,4834,4833,2596,1580,0,0.0062195365
Warm C,65524,438,437,2596,1580,1,0.0059526437
Warm C,290468,1733,1732,2596,1580,1,0.024732068
Warm C,67852,454,453,2596,1580,0,0.0120833125
Warm C,480488,2947,2946,2596,1580,1,-0.0059588538
Warm C,171968,1088,1087,2596,1580,1,0.023829833
Warm C,63261,424,423,2596,1580,0,0.013309754
Warm C,331858,1958,1957,2597,1581,0,5.430309e-05
Warm C,907700,5492,5491,2597,1581,0,0.006468474
Warm C,72276,482,481,2597,1581,0,0.011264328
Warm C,375698,2188,2187,2597,1581,0,0.008037433
Warm C,360559,2106,2105,2607,1587,1,0.0027291882
Warm C,206267,1265,1264,2607,1587,1,0.0008800579
Warm C,784379,4682,4681,2607,1587,1,0.011670609
Warm C,28078,195,194,2607,1587,1,0.0067922706
Warm C,50082,331,330,2607,1587,0,0.0066861864
Warm C,484878,2986,2985,2607,1587,1,0.007409951
Warm C,234800,1425,1424,2607,1587,1,0.0064342087
Warm C,327745,1941,1940,2607,1587,1,0.012988014
Warm C,155252,1001,1000,2609,1588,1,0.014348393
Warm C,28082,195,194,2609,1588,1,0.011545238
Warm C,475413,2918,2917,2609,1588,1,4.0362822e-05
Warm C,986763,5956,5955,2609,1588,1,0.017472591
Warm C,804462,4816,4815,2609,1588,1,0.0082094
Warm C,202956,1246,1245,2609,1588,1,0.0070740613
Warm C,974569,5878,5877,2609,1588,1,0.00934756
Warm C,411327,2469,2468,2611,1589,0,0.013636509
Warm C,408058,2453,2452,2611,1589,1,0.021834416
Warm C,383118,2238,2237,2611,1589,1,0.007970362
Warm C,381252,2230,2229,2611,1589,0,0.008056832
Warm C,382767,2237,2236,2611,1589,0,0.01638102
Warm C,377721,2205,2204,2611,1589,0,0.014947043
Warm C,359955,2105,2104,2611,1589,1,0.010748544
Warm C,335604,1980,1979,2611,1589,1,0.03757205
Warm C,318617,1894,1893,2611,1589,1,0.002896288
Warm C,280753,1685,1684,2611,1589,1,0.016852437
Warm C,267509,1626,1625,2611,1589,1,0.018200641
Warm C,266801,1618,1617,2611,1589,1,0.013673626
Warm C,242663,1465,1464,2611,1589,1,0.023471605
Warm C,296345,1758,1757,2611,1589,1,0.02534141
Warm C,212806,1297,1296,2611,1589,0,0.007522009
Warm C,209730,1281,1280,2611,1589,1,0.0004943772
Warm C,360567,2106,2105,2611,1589,1,0.017983217
Warm C,210029,1284,1283,2611,1589,1,0.0127008455
Warm C,278814,1680,1679,2611,1589,0,0.022017637
Warm C,196021,1205,1204,2611,1589,1,0.007823062
Warm C,373892,2181,2180,2611,1589,0,0.022838011
Warm C,187528,1164,1163,2611,1589,1,0.02066812
Warm C,199322,1224,1223,2611,1589,1,0.018294312
Warm C,188180,1168,1167,2611,1589,1,0.011160191
Warm C,169774,1078,1077,2611,1589,1,0.008236419
Warm C,168289,1069,1068,2611,1589,0,0.015710557
Warm C,166350,1059,1058,2611,1589,0,0.017438984
Warm C,162649,1038,1037,2611,1589,1,0.0058641536
Warm C,158900,1016,1015,2611,1589,1,0.012383935
Warm C,348890,2047,2046,2611,1589,1,0.007870061
Warm C,246219,1489,1488,2611,1589,0,0.018703893
Warm C,149209,960,959,2611,1589,1,0.01664083
Warm C,142343,919,918,2611,1589,1,0.016684856
Warm C,200005,1228,1227,2611,1589,0,0.010209711
Warm C,349231,2050,2049,2611,1589,1,0.0065268464
Warm C,779043,4653,4652,2611,1589,0,0.006915084
Warm C,107281,706,705,2611,1589,1,0.02068948
Warm C,294819,1752,1751,2611,1589,1,0.019552898
Warm C,631408,3821,3820,2611,1589,0,0.016784549
Warm C,94134,631,630,2611,1589,1,0.021240538
Warm C,151191,973,972,2611,1589,0,0.023682665
Warm C,283963,1698,1697,2611,1589,1,0.019238265
Warm C,89746,591,590,2611,1589,1,0.012102459
Warm C,432075,2634,2633,2611,1589,1,0.010733698
Warm C,72902,493,492,2611,1589,1,0.0091919415
Warm C,155255,1001,1000,2611,1589,1,0.011824932
Warm C,47423,319,318,2611,1589,0,0.020511417
Warm C,42258,287,286,2611,1589,0,0.0013436158
Warm C,697163,4169,4168,2611,1589,1,0.030792698
Warm C,234807,1425,1424,2611,1589,1,0.01775406
Warm C,459107,2826,2825,2611,1589,1,0.00868357
Warm C,26388,187,186,2611,1589,1,0.019924408
Warm C,201410,1242,1241,2611,1589,0,0.012879384
Warm C,215431,1306,1305,2611,1589,1,0.016068038
Warm C,967228,5831,5830,2611,1589,1,0.024251651
Warm C,5007,35,34,2611,1589,0,0.0137281725
Warm C,902975,5458,5457,2611,1589,1,0.0103126615
Warm C,206719,1266,1265,2611,1589,1,0.020562036
Warm C,89166,588,587,2611,1589,1,0.03328865
Warm C,500971,3079,3078,2611,1589,0,0.0071770903
Warm C,347920,2041,2040,2611,1589,0,0.023365354
Warm C,157913,1015,1014,2611,1589,0,0.025085228
Warm C,932661,5630,5629,2611,1589,1,0.0014232612
Warm C,76308,518,517,2611,1589,1,0.0139887715
Warm C,933803,5636,5635,2611,1589,1,0.017999418
Warm C,823479,4950,4949,2611,1589,1,0.026941631
Warm C,750612,4478,4477,2611,1589,0,0.015832502
Warm C,638965,3842,3841,2611,1589,1,0.027855577
Warm C,105917,699,698,2611,1589,0,0.020352691
Warm C,19946,149,148,2611,1589,1,0.024283974
Warm C,803307,4809,4808,2611,1589,1,0.01708974
Warm C,156635,1010,1009,2611,1589,1,0.022774307
Warm C,195288,1203,1202,2611,1589,1,0.036026858
Warm C,183103,1141,1140,2611,1589,1,0.004285761
Warm C,111604,727,726,2611,1589,1,0.022468966
Warm C,60674,411,410,2611,1589,0,0.01391663
Warm C,457744,2820,2819,2611,1589,1,0.01451896
Warm C,136357,881,880,2611,1589,0,0.020357074
Warm C,420857,2544,2543,2611,1589,1,0.018447243
Warm C,821684,4940,4939,2611,1589,1,0.0057242624
Warm C,840505,5049,5048,2611,1589,1,0.017545598
Warm C,463833,2859,2858,2611,1589,1,0.015873197
Warm C,304725,1812,1811,2611,1589,0,0.017069347
Warm C,255453,1556,1555,2611,1589,1,0.02498536
Warm C,464056,2860,2859,2611,1589,1,0.0149948485
Warm C,937359,5654,5653,2611,1589,1,0.027637294
Warm C,601564,3658,3657,2612,1590,1,0.0076536685
Warm C,494955,3036,3035,2612,1590,1,0.009602578
Warm C,880091,5317,5316,2612,1590,1,0.010558402
Warm C,459108,2826,2825,2612,1590,1,0.012940986
Warm C,457745,2820,2819,2612,1590,0,0.013697334
Warm C,455771,2807,2806,2612,1590,0,0.0092518125
Warm C,446769,2753,2752,2612,1590,0,0.020374909
Warm C,440442,2693,2692,2612,1590,1,0.0016325397
Warm C,428048,2602,2601,2612,1590,1,0.010096036
Warm C,425228,2581,2580,2612,1590,1,0.019279733
Warm C,420858,2544,2543,2612,1590,1,0.015130111
Warm C,416435,2507,2506,2612,1590,1,0.020882599
Warm C,411851,2476,2475,2612,1590,0,-0.0059968797
Warm C,393071,2309,2308,2612,1590,1,-0.0052662236
Warm C,398439,2370,2369,2612,1590,1,0.0007001761
Warm C,383458,2241,2240,2612,1590,1,0.003177153
Warm C,383884,2243,2242,2612,1590,1,0.010233257
Warm C,364624,2124,2123,2612,1590,1,0.003967621
Warm C,364111,2121,2120,2612,1590,1,-0.0011469189
Warm C,352917,2067,2066,2612,1590,0,0.011788804
Warm C,353973,2073,2072,2612,1590,1,0.011268208
Warm C,346592,2031,2030,2612,1590,0,0.019772379
Warm C,335605,1980,1979,2612,1590,1,0.030919392
Warm C,278815,1680,1679,2612,1590,1,0.020790767
Warm C,256638,1569,1568,2612,1590,1,0.007925991
Warm C,228083,1383,1382,2612,1590,1,0.007352887
Warm C,208244,1273,1272,2612,1590,1,0.005611866
Warm C,446114,2751,2750,2612,1590,1,0.013528261
Warm C,734571,4387,4386,2612,1590,1,0.0051512728
Warm C,307946,1836,1835,2612,1590,1,0.014314417
Warm C,321905,1911,1910,2612,1590,1,0.011176986
Warm C,199066,1223,1222,2612,1590,1,0.0080674635
Warm C,199323,1224,1223,2612,1590,1,0.01128738
Warm C,373893,2181,2180,2612,1590,0,0.025080577
Warm C,180978,1131,1130,2612,1590,1,0.003625499
Warm C,190577,1181,1180,2612,1590,0,0.014750808
Warm C,327760,1941,1940,2612,1590,1,0.018992484
Warm C,157914,1015,1014,2612,1590,1,0.015919235
Warm C,338005,1988,1987,2612,1590,1,0.015632628
Warm C,323700,1920,1919,2612,1590,0,0.011292905
Warm C,185013,1150,1149,2612,1590,0,0.009388649
Warm C,137938,889,888,2612,1590,1,0.018682599
Warm C,201411,1242,1241,2612,1590,1,0.014012306
Warm C,131037,850,849,2612,1590,1,0.013886918
Warm C,198132,1218,1217,2612,1590,1,0.019633528
Warm C,316670,1884,1883,2612,1590,1,0.014161162
Warm C,98112,656,655,2612,1590,0,0.0025668722
Warm C,115664,750,749,2612,1590,1,0.0031291745
Warm C,283964,1698,1697,2612,1590,1,0.012441551
Warm C,74658,509,508,2612,1590,1,0.015924186
Warm C,66989,451,450,2612,1590,1,0.0053228447
Warm C,27552,193,192,2612,1590,1,0.0144767
Warm C,148680,957,956,2612,1590,1,0.0094546275
Warm C,796268,4771,4770,2612,1590,1,0.009695292
Warm C,12708,97,96,2612,1590,1,0.00937218
Warm C,739528,4418,4417,2612,1590,1,-0.002534125
Warm C,4639,33,32,2612,1590,1,0.008027773
Warm C,129251,839,838,2612,1590,1,0.01280996
Warm C,284780,1699,1698,2612,1590,1,0.013498986
Warm C,638966,3842,3841,2612,1590,1,0.020385496
Warm C,18239,140,139,2612,1590,1,0.00650211
Warm C,801653,4802,4801,2612,1590,1,0.012743581
Warm C,102043,678,677,2612,1590,1,0.018916838
Warm C,191783,1182,1181,2612,1590,0,0.004454579
Warm C,171382,1088,1087,2612,1590,1,0.0040580854
Warm C,47424,319,318,2612,1590,0,0.017870972
Warm C,52129,343,342,2612,1590,1,0.0051180786
Warm C,464057,2860,2859,2612,1590,1,0.0064476226
Warm C,841423,5054,5053,2612,1590,1,0.013118658
Warm C,276099,1671,1670,2612,1590,1,0.013683584
Warm C,833594,5011,5010,2612,1590,1,0.02504067
Warm C,832003,5001,5000,2612,1590,1,0.004939098
Warm C,322171,1912,1911,2612,1590,0,0.026848579
Warm C,839658,5046,5045,2612,1590,1,0.016619815
Warm C,18679,146,145,2612,1590,0,0.015707508
Warm C,96562,648,647,2612,1590,1,0.0073921066
Warm C,672403,4041,4040,2615,1592,1,0.0066286083
Warm C,668316,4021,4020,2615,1592,0,0.0002260101
Warm C,671093,4033,4032,2615,1592,0,0.014963826
Warm C,743459,4446,4445,2615,1592,0,0.009996254
Warm C,665702,4007,4006,2615,1592,0,0.010344548
Warm C,655402,3947,3946,2615,1592,1,-0.00066693895
Warm C,720394,4312,4311,2615,1592,0,0.011810227
Warm C,651271,3929,3928,2615,1592,0,0.01095733
Warm C,654008,3942,3941,2615,1592,0,0.010776242
Warm C,630735,3816,3815,2615,1592,1,0.008802977
Warm C,627705,3799,3798,2615,1592,0,0.0020377839
Warm C,603368,3672,3671,2615,1592,1,0.014954615
Warm C,633035,3824,3823,2615,1592,0,-0.0016157927
Warm C,596382,3626,3625,2615,1592,1,0.012972905
Warm C,585569,3576,3575,2615,1592,0,0.02233148
Warm C,582039,3557,3556,2615,1592,0,0.004414991
Warm C,581736,3555,3554,2615,1592,0,0.0061732847
Warm C,604938,3678,3677,2615,1592,0,0.0109608155
Warm C,713713,4277,4276,2615,1592,1,0.00970563
Warm C,560129,3442,3441,2615,1592,0,0.004410456
Warm C,555681,3416,3415,2615,1592,1,0.010336249
Warm C,545622,3365,3364,2615,1592,0,0.004097246
Warm C,536926,3311,3310,2615,1592,0,0.00040159933
Warm C,533113,3292,3291,2615,1592,1,0.003425049
Warm C,521025,3216,3215,2615,1592,0,0.0086447
Warm C,687987,4116,4115,2615,1592,0,0.001539449
Warm C,503776,3096,3095,2615,1592,1,0.0056305425
Warm C,501689,3081,3080,2615,1592,0,0.0057664597
Warm C,504118,3099,3098,2615,1592,0,0.008700652
Warm C,493889,3032,3031,2615,1592,1,0.013223834
Warm C,489141,3012,3011,2615,1592,0,0.0004371046
Warm C,486560,2995,2994,2615,1592,0,0.013602177
Warm C,475915,2921,2920,2615,1592,0,0.012846718
Warm C,591159,3607,3606,2615,1592,0,-0.00485762
Warm C,472400,2907,2906,2615,1592,0,0.014856814
Warm C,444388,2742,2741,2615,1592,0,0.00044690212
Warm C,444208,2740,2739,2615,1592,1,0.0035790505
Warm C,436229,2665,2664,2615,1592,1,0.012760274
Warm C,418518,2529,2528,2615,1592,1,0.004426251
Warm C,416437,2507,2506,2615,1592,0,0.011231333
Warm C,409522,2457,2456,2615,1592,0,0.0107752215
Warm C,402209,2402,2401,2615,1592,0,0.008764675
Warm C,393330,2312,2311,2615,1592,1,-0.0021870818
Warm C,383608,2242,2241,2615,1592,1,0.012461271
Warm C,373354,2180,2179,2615,1592,0,0.012464842
Warm C,370655,2167,2166,2615,1592,0,0.002698333
Warm C,356286,2088,2087,2615,1592,0,0.008692916
Warm C,349794,2054,2053,2615,1592,0,0.016936729
Warm C,373895,2181,2180,2615,1592,0,0.016259052
Warm C,348386,2042,2041,2615,1592,0,0.012307202
Warm C,339837,2004,2003,2615,1592,0,0.0065773986
Warm C,341458,2012,2011,2615,1592,0,0.011568524
Warm C,337645,1985,1984,2615,1592,0,0.0052244626
Warm C,333289,1968,1967,2615,1592,0,0.005061749
Warm C,323702,1920,1919,2615,1592,0,0.009030038
Warm C,311535,1856,1855,2615,1592,1,0.014266416
Warm C,293112,1746,1745,2615,1592,0,0.0031020427
Warm C,290888,1736,1735,2615,1592,0,0.003910411
Warm C,292177,1741,1740,2615,1592,0,0.015942197
Warm C,360571,2106,2105,2615,1592,0,0.0060496894
Warm C,276825,1675,1674,2615,1592,0,0.0054355706
Warm C,245456,1483,1482,2615,1592,1,0.016830755
Warm C,247563,1496,1495,2615,1592,0,0.0044399495
Warm C,227006,1377,1376,2615,1592,0,-0.00078346883
Warm C,226016,1369,1368,2615,1592,1,0.006207318
Warm C,335609,1980,1979,2615,1592,0,0.0064013563
Warm C,267139,1624,1623,2615,1592,0,0.008232905
Warm C,223381,1354,1353,2615,1592,0,0.0029313294
Warm C,219749,1333,1332,2615,1592,0,8.519273e-06
Warm C,224062,1356,1355,2615,1592,1,0.0068769036
Warm C,261633,1599,1598,2615,1592,0,0.00850267
Warm C,243758,1470,1469,2615,1592,0,0.0067014424
Warm C,327765,1941,1940,2615,1592,0,0.0070941914
Warm C,304728,1812,1811,2615,1592,1,0.005796561
Warm C,307273,1835,1834,2615,1592,0,0.0059627113
Warm C,181557,1135,1134,2615,1592,1,0.0029846646
Warm C,180194,1128,1127,2615,1592,0,0.009661084
Warm C,176368,1115,1114,2615,1592,0,0.004772789
Warm C,248699,1501,1500,2615,1592,1,0.0140318535
Warm C,155764,1004,1003,2615,1592,0,-0.00095229875
Warm C,152674,983,982,2615,1592,0,0.0067263385
Warm C,164352,1051,1050,2615,1592,0,0.005978022
Warm C,151516,975,974,2615,1592,0,0.00034390378
Warm C,190582,1181,1180,2615,1592,0,0.02369456
Warm C,225204,1362,1361,2615,1592,0,-0.0013406654
Warm C,141404,911,910,2615,1592,0,0.009098969
Warm C,135485,877,876,2615,1592,0,0.011370293
Warm C,331396,1958,1957,2615,1592,0,0.0030593516
Warm C,123825,798,797,2615,1592,0,0.003961753
Warm C,122142,788,787,2615,1592,1,0.011009581
Warm C,118273,765,764,2615,1592,0,-0.0059423344
Warm C,117397,757,756,2615,1592,0,0.0033515308
Warm C,233959,1422,1421,2615,1592,0,0.023033515
Warm C,94695,636,635,2615,1592,1,0.0023646615
Warm C,90901,602,601,2615,1592,1,-0.005538015
Warm C,228085,1383,1382,2615,1592,0,0.009471286
Warm C,86037,563,562,2615,1592,0,0.010943021
Warm C,82864,549,548,2615,1592,0,0.008024713
Warm C,70686,476,475,2615,1592,1,0.0041038957
Warm C,66487,445,444,2615,1592,0,0.0112647135
Warm C,239800,1449,1448,2615,1592,0,0.005907571
Warm C,53678,352,351,2615,1592,0,0.0071647316
Warm C,47013,316,315,2615,1592,0,0.023274131
Warm C,40359,272,271,2615,1592,0,0.011362734
Warm C,626583,3792,3791,2615,1592,1,0.0018930251
Warm C,69019,462,461,2615,1592,1,0.009716716
Warm C,25335,179,178,2615,1592,0,0.00085296424
Warm C,25231,178,177,2615,1592,1,0.004097043
Warm C,14468,117,116,2615,1592,1,0.005019089
Warm C,119074,770,769,2615,1592,1,0.0138805965
Warm C,8462,58,57,2615,1592,0,0.017737975
Warm C,49365,329,328,2615,1592,0,0.003942785
Warm C,481679,2962,2961,2615,1592,0,0.0067851217
Warm C,19363,148,147,2615,1592,0,0.0066924496
Warm C,237707,1447,1446,2615,1592,0,0.0019359628
Warm C,298985,1776,1775,2615,1592,0,0.0057103112
Warm C,840852,5053,5052,2615,1592,0,0.018286534
Warm C,102047,678,677,2615,1592,0,0.017110001
Warm C,801654,4802,4801,2615,1592,1,0.007947905
Warm C,454521,2796,2795,2615,1592,0,0.0017809665
Warm C,28097,195,194,2615,1592,0,0.0036922563
Warm C,959004,5787,5786,2615,1592,0,0.01239462
Warm C,322175,1912,1911,2615,1592,0,0.004784989
Warm C,893250,5394,5393,2615,1592,0,0.013673814
Warm C,206270,1265,1264,2615,1592,0,-0.0024942884
Warm C,136361,881,880,2615,1592,0,0.0032589629
Warm C,794140,4748,4747,2615,1592,0,0.004457313
Warm C,351526,2063,2062,2615,1592,0,0.0068919836
Warm C,549871,3391,3390,2615,1592,1,0.0061576776
Warm C,19964,149,148,2621,1595,1,0.015171977
Warm C,386001,2258,2257,2621,1595,1,0.0036376396
Warm C,907786,5492,5491,2621,1595,0,0.0073836087
Warm C,796273,4771,4770,2621,1595,1,-0.00038965326
Warm C,187537,1164,1163,2621,1595,0,0.003067414
Warm C,290043,1733,1732,2621,1595,1,0.016095076
Warm C,509765,3140,3139,2621,1595,0,0.0144356
Warm C,215439,1306,1305,2621,1595,1,0.008869302
Warm C,115991,752,751,2621,1595,0,0.010461218
Warm C,190614,1181,1180,2624,1597,0,0.015546961
Warm C,206730,1266,1265,2624,1597,0,0.019613389
Warm C,184302,1147,1146,2624,1597,1,-0.0032047015
Warm C,212422,1294,1293,2624,1597,1,-0.00019536703
Warm C,199335,1224,1223,2624,1597,0,0.007467933
Warm C,174539,1104,1103,2624,1597,1,0.004415608
Warm C,168306,1069,1068,2624,1597,1,0.007906033
Warm C,170005,1080,1079,2624,1597,1,0.010738613
Warm C,163078,1041,1040,2624,1597,1,-0.0001690957
Warm C,153856,989,988,2624,1597,1,0.00097617833
Warm C,631426,3821,3820,2624,1597,1,-0.0011359672
Warm C,151369,974,973,2624,1597,1,0.00196112
Warm C,150021,966,965,2624,1597,0,0.0050619934
Warm C,137963,889,888,2624,1597,0,0.011594282
Warm C,200012,1228,1227,2624,1597,1,0.0064540254
Warm C,131794,854,853,2624,1597,1,0.003107569
Warm C,115707,751,750,2624,1597,1,0.0039940225
Warm C,112343,731,730,2624,1597,1,0.007068613
Warm C,100441,670,669,2624,1597,1,-0.005831412
Warm C,92415,618,617,2624,1597,1,-0.0025375602
Warm C,286395,1710,1709,2624,1597,1,-0.0015236114
Warm C,93559,626,625,2624,1597,1,0.0010692046
Warm C,73893,501,500,2624,1597,0,0.0011460201
Warm C,64170,429,428,2624,1597,1,0.012071496
Warm C,155263,1001,1000,2624,1597,1,0.019299466
Warm C,417599,2520,2519,2624,1597,1,0.009137616
Warm C,239828,1449,1448,2624,1597,0,0.013891174
Warm C,314332,1877,1876,2624,1597,1,-0.0032728529
Warm C,534958,3301,3300,2624,1597,1,0.009973295
Warm C,187539,1164,1163,2624,1597,0,0.0077688536
Warm C,300248,1780,1779,2624,1597,1,0.0074704885
Warm C,989267,5972,5971,2624,1597,1,-0.0024213935
Warm C,157940,1015,1014,2624,1597,1,0.008864799
Warm C,748039,4465,4464,2624,1597,0,0.0026759182
Warm C,50120,331,330,2624,1597,1,0.003225462
Warm C,657442,3963,3962,2624,1597,0,0.012806761
Warm C,319216,1897,1896,2624,1597,0,0.01593715
Warm C,290045,1733,1732,2624,1597,1,0.0072422335
Warm C,28115,195,194,2624,1597,1,0.015689561
Warm C,893254,5394,5393,2624,1597,0,0.017168405
Warm C,175973,1113,1112,2624,1597,1,0.0024691187
Warm C,849248,5100,5099,2624,1597,1,0.008232875
Warm C,65236,438,437,2625,1598,1,0.012857001
Warm C,28117,195,194,2625,1598,1,0.014479356
Warm C,302051,1794,1793,2625,1598,0,0.004201844
Warm C,933812,5636,5635,2625,1598,0,0.012172079
Warm C,272747,1647,1646,2625,1598,0,0.011511664
Warm C,304746,1812,1811,2625,1598,0,0.004613715
Warm C,495979,3046,3045,2629,1600,0,0.009732555
Warm C,491994,3026,3025,2629,1600,0,0.013924776
Warm C,491461,3023,3022,2629,1600,0,0.0059708473
Warm C,480941,2953,2952,2629,1600,0,0.0031466172
Warm C,477948,2934,2933,2629,1600,0,0.009739185
Warm C,486942,2996,2995,2629,1600,0,0.008571941
Warm C,465589,2872,2871,2629,1600,1,0.0071736625
Warm C,462151,2851,2850,2629,1600,0,-0.0019370832
Warm C,444567,2743,2742,2629,1600,0,0.024410654
Warm C,438786,2681,2680,2629,1600,0,0.0018069979
Warm C,432422,2637,2636,2629,1600,0,0.010591817
Warm C,430313,2623,2622,2629,1600,1,0.0029603064
Warm C,380183,2223,2222,2629,1600,0,0.014530005
Warm C,376698,2199,2198,2629,1600,0,0.016739221
Warm C,365685,2129,2128,2629,1600,0,0.011205021
Warm C,350536,2058,2057,2629,1600,0,0.0014881177
Warm C,361482,2109,2108,2629,1600,0,0.007014106
Warm C,347299,2038,2037,2629,1600,0,0.005078833
Warm C,313409,1870,1869,2629,1600,0,-0.00016067736
Warm C,311244,1854,1853,2629,1600,0,0.007750675
Warm C,298427,1769,1768,2629,1600,0,0.002818794
Warm C,278154,1677,1676,2629,1600,1,0.0032004793
Warm C,281197,1687,1686,2629,1600,0,-0.009570645
Warm C,281777,1690,1689,2629,1600,0,-2.503628e-05
Warm C,269489,1634,1633,2629,1600,0,0.0012326823
Warm C,264335,1608,1607,2629,1600,0,0.009471661
Warm C,245994,1486,1485,2629,1600,0,0.004572412
Warm C,228101,1383,1382,2629,1600,0,0.006378357
Warm C,223400,1354,1353,2629,1600,0,0.014449321
Warm C,222343,1345,1344,2629,1600,0,0.004821675
Warm C,360590,2106,2105,2629,1600,0,0.00701357
Warm C,304749,1812,1811,2629,1600,1,0.010632282
Warm C,192315,1184,1183,2629,1600,0,0.012218535
Warm C,189288,1173,1172,2629,1600,0,0.015027011
Warm C,174824,1107,1106,2629,1600,0,0.0006325012
Warm C,178587,1121,1120,2629,1600,1,0.011798874
Warm C,173555,1100,1099,2629,1600,0,0.0093933605
Warm C,331422,1958,1957,2629,1600,0,0.009386335
Warm C,175397,1112,1111,2629,1600,0,0.015713073
Warm C,167739,1068,1067,2629,1600,0,0.01238297
Warm C,270394,1636,1635,2629,1600,0,0.013991458
Warm C,146549,945,944,2629,1600,1,0.002215435
Warm C,144812,934,933,2629,1600,0,0.00798351
Warm C,139818,896,895,2629,1600,1,0.006522623
Warm C,137972,889,888,2629,1600,0,0.008280827
Warm C,131797,854,853,2629,1600,0,-0.0011041961
Warm C,263116,1605,1604,2629,1600,0,0.0069263144
Warm C,123688,797,796,2629,1600,1,-0.00039251347
Warm C,120124,776,775,2629,1600,1,0.0026083072
Warm C,117815,759,758,2629,1600,0,0.011820957
Warm C,349235,2050,2049,2629,1600,0,0.006259328
Warm C,779050,4653,4652,2629,1600,0,0.011672314
Warm C,179485,1125,1124,2629,1600,0,-0.0009625347
Warm C,98237,657,656,2629,1600,0,-0.0005696642
Warm C,91154,604,603,2629,1600,0,0.011847146
Warm C,90105,594,593,2629,1600,0,0.0026153391
Warm C,82213,546,545,2629,1600,0,0.0014958282
Warm C,238723,1448,1447,2629,1600,0,0.010430023
Warm C,71875,482,481,2629,1600,0,0.0065133166
Warm C,64173,429,428,2629,1600,0,0.0067542335
Warm C,61274,412,411,2629,1600,1,0.0036734233
Warm C,155269,1001,1000,2629,1600,0,0.015905768
Warm C,46445,310,309,2629,1600,1,0.005564225
Warm C,45190,305,304,2629,1600,0,-0.009651252
Warm C,29459,201,200,2629,1600,1,0.009260172
Warm C,306182,1824,1823,2629,1600,0,0.013767373
Warm C,23097,166,165,2629,1600,0,0.0009329617
Warm C,15579,123,122,2629,1600,0,0.008817008
Warm C,11180,83,82,2629,1600,1,0.006928617
Warm C,6157,45,44,2629,1600,0,0.009543922
Warm C,1696,16,15,2629,1600,0,0.006965133
Warm C,545253,3363,3362,2629,1600,1,0.0093889795
Warm C,79221,531,530,2629,1600,0,0.0033223513
Warm C,117009,754,753,2629,1600,0,0.007909871
Warm C,56333,376,375,2629,1600,0,0.015145479
Warm C,477442,2931,2930,2629,1600,0,0.007357086
Warm C,181909,1137,1136,2629,1600,0,0.017227605
Warm C,285203,1701,1700,2629,1600,0,0.013783589
Warm C,891843,5387,5386,2629,1600,0,0.012802521
Warm C,216886,1317,1316,2629,1600,1,0.006481968
Warm C,195310,1203,1202,2629,1600,0,0.009628096
Warm C,434903,2655,2654,2629,1600,0,0.0089179445
Warm C,295578,1755,1754,2629,1600,0,0.008017027
Warm C,877505,5302,5301,2629,1600,0,-0.001783384
Warm C,609849,3696,3695,2633,1601,0,0.008523034
Warm C,603377,3672,3671,2633,1601,1,0.004727478
Warm C,621106,3762,3761,2633,1601,1,0.009711645
Warm C,725824,4344,4343,2633,1601,0,0.010677912
Warm C,592825,3614,3613,2633,1601,1,0.012880785
Warm C,592355,3611,3610,2633,1601,1,0.0086095035
Warm C,587198,3586,3585,2633,1601,1,-0.0016879162
Warm C,697195,4169,4168,2633,1601,0,0.016922818
Warm C,585586,3576,3575,2633,1601,0,0.00829822
Warm C,718843,4305,4304,2633,1601,0,0.0101892995
Warm C,584618,3569,3568,2633,1601,0,0.005879905
Warm C,569061,3491,3490,2633,1601,0,0.006437594
Warm C,563649,3469,3468,2633,1601,1,0.006552922
Warm C,544344,3356,3355,2633,1601,1,0.0011486732
Warm C,533132,3292,3291,2633,1601,1,0.0057363445
Warm C,529539,3272,3271,2633,1601,1,0.0071676155
Warm C,526689,3259,3258,2633,1601,1,0.0038704113
Warm C,566089,3476,3475,2633,1601,0,0.008654131
Warm C,509768,3140,3139,2633,1601,1,0.00175833
Warm C,503604,3095,3094,2633,1601,1,0.009514325
Warm C,493924,3032,3031,2633,1601,1,0.008123211
Warm C,738394,4411,4410,2633,1601,1,0.003110573
Warm C,481100,2955,2954,2633,1601,0,0.006097894
Warm C,477952,2934,2933,2633,1601,1,0.014592394
Warm C,472428,2907,2906,2633,1601,0,0.008103172
Warm C,901554,5450,5449,2633,1601,0,-0.0039113034
Warm C,754870,4497,4496,2633,1601,1,0.0046005268
Warm C,459444,2830,2829,2633,1601,0,0.0041602496
Warm C,553816,3410,3409,2633,1601,0,-0.0060080998
Warm C,445103,2745,2744,2633,1601,0,0.0035381594
Warm C,430694,2625,2624,2633,1601,1,0.016780443
Warm C,408877,2455,2454,2633,1601,0,-0.002904512
Warm C,414486,2496,2495,2633,1601,1,0.005913108
Warm C,397169,2352,2351,2633,1601,0,0.00260989
Warm C,393077,2309,2308,2633,1601,0,-0.0017796573
Warm C,373913,2181,2180,2633,1601,1,0.007245924
Warm C,368617,2155,2154,2633,1601,1,0.009793131
Warm C,366419,2133,2132,2633,1601,0,0.003592354
Warm C,361491,2109,2108,2633,1601,1,-0.0014002835
Warm C,356662,2089,2088,2633,1601,1,0.0054445476
Warm C,353676,2072,2071,2633,1601,1,0.008840806
Warm C,350098,2055,2054,2633,1601,1,0.009662682
Warm C,343561,2018,2017,2633,1601,1,0.0050236452
Warm C,296963,1760,1759,2633,1601,1,0.004774104
Warm C,292195,1741,1740,2633,1601,1,0.0122236125
Warm C,278868,1680,1679,2633,1601,0,0.008055424
Warm C,251376,1518,1517,2633,1601,1,0.006901893
Warm C,227444,1378,1377,2633,1601,1,0.007169294
Warm C,242683,1465,1464,2633,1601,1,0.010334511
Warm C,224444,1357,1356,2633,1601,1,0.0053046197
Warm C,436251,2665,2664,2633,1601,0,0.018769335
Warm C,322195,1912,1911,2633,1601,0,0.010018228
Warm C,327802,1941,1940,2633,1601,1,0.00084647955
Warm C,307301,1835,1834,2633,1601,1,0.011702374
Warm C,236327,1434,1433,2633,1601,1,-0.0002489779
Warm C,168839,1071,1070,2633,1601,1,0.0006230185
Warm C,159147,1017,1016,2633,1601,1,0.00044755545
Warm C,154525,997,996,2633,1601,0,0.0077346317
Warm C,150261,968,967,2633,1601,0,0.0063987155
Warm C,137988,889,888,2633,1601,0,0.008385467
Warm C,133853,868,867,2633,1601,0,0.0025664088
Warm C,128679,834,833,2633,1601,0,0.0037496986
Warm C,103793,690,689,2633,1601,1,0.012701599
Warm C,92706,621,620,2633,1601,0,0.0077338475
Warm C,207498,1268,1267,2633,1601,1,0.004336912
Warm C,202984,1246,1245,2633,1601,1,-0.00089962035
Warm C,82902,549,548,2633,1601,1,0.013567181
Warm C,80080,533,532,2633,1601,1,0.0069549177
Warm C,74678,509,508,2633,1601,0,0.0023053554
Warm C,66278,443,442,2633,1601,1,0.016603589
Warm C,71879,482,481,2633,1601,0,0.018725324
Warm C,210724,1285,1284,2633,1601,1,0.021578068
Warm C,47949,321,320,2633,1601,0,0.009660896
Warm C,48530,326,325,2633,1601,0,0.011454816
Warm C,45192,305,304,2633,1601,1,0.009297338
Warm C,41181,278,277,2633,1601,1,0.008711789
Warm C,35558,240,239,2633,1601,0,0.009646015
Warm C,36457,245,244,2633,1601,1,0.005071339
Warm C,32050,216,215,2633,1601,0,-0.005306538
Warm C,29821,202,201,2633,1601,0,0.009076104
Warm C,29190,199,198,2633,1601,0,0.0028869715
Warm C,14488,117,116,2633,1601,1,0.0004049125
Warm C,591828,3610,3609,2633,1601,0,0.009275095
Warm C,4826,35,34,2633,1601,0,0.010296243
Warm C,4293,33,32,2633,1601,1,0.006825404
Warm C,2267,19,18,2633,1601,0,0.0037468323
Warm C,237732,1447,1446,2633,1601,1,0.015375152
Warm C,174048,1101,1100,2633,1601,1,0.002997104
Warm C,362832,2116,2115,2633,1601,1,0.011260958
Warm C,713736,4277,4276,2633,1601,0,0.015157297
Warm C,159923,1019,1018,2633,1601,0,0.010253621
Warm C,454529,2796,2795,2633,1601,0,0.0042994106
Warm C,959010,5787,5786,2633,1601,1,0.012184339
Warm C,171413,1088,1087,2633,1601,0,0.016747288
Warm C,473379,2909,2908,2633,1601,1,0.011493413
Warm C,415703,2504,2503,2633,1601,0,0.007839224
Warm C,136386,881,880,2633,1601,0,0.0061700977
Warm C,62714,424,423,2633,1601,1,0.0046248036
Warm C,699914,4186,4185,2633,1601,0,0.011683531
Warm C,821688,4940,4939,2633,1601,0,-0.0075390427
Warm C,298997,1776,1775,2633,1601,0,0.014486961
Warm C,208667,1274,1273,2633,1601,1,0.0024735292
Warm C,364650,2124,2123,2634,1602,0,-0.0010007401
Warm C,349701,2053,2052,2634,1602,1,0.0059548123
Warm C,322196,1912,1911,2634,1602,0,0.008543262
Warm C,288212,1722,1721,2634,1602,1,0.009688834
Warm C,278871,1680,1679,2634,1602,0,0.005955765
Warm C,273688,1650,1649,2634,1602,0,0.004621483
Warm C,436253,2665,2664,2634,1602,0,0.007864448
Warm C,242684,1465,1464,2634,1602,1,0.0045861974
Warm C,224445,1357,1356,2634,1602,0,0.006790649
Warm C,182706,1140,1139,2634,1602,0,0.009401327
Warm C,236329,1434,1433,2634,1602,1,-0.00043148
Warm C,159148,1017,1016,2634,1602,1,0.0006749206
Warm C,131060,850,849,2634,1602,1,0.0063245953
Warm C,315052,1880,1879,2634,1602,1,0.0017729531
Warm C,95369,639,638,2634,1602,0,0.0065512895
Warm C,210726,1285,1284,2634,1602,1,0.0050438447
Warm C,130469,846,845,2634,1602,1,0.0074402224
Warm C,43232,296,295,2634,1602,1,0.0077104648
Warm C,41792,284,283,2634,1602,1,0.00067155587
Warm C,41182,278,277,2634,1602,0,0.008496505
Warm C,36460,245,244,2634,1602,0,0.0026815445
Warm C,32052,216,215,2634,1602,0,0.0077046463
Warm C,29824,202,201,2634,1602,0,0.006358438
Warm C,14490,117,116,2634,1602,1,0.0012458004
Warm C,591829,3610,3609,2634,1602,0,0.008021068
Warm C,552185,3401,3400,2634,1602,0,0.00060571195
Warm C,48532,326,325,2634,1602,1,0.0045210095
Warm C,362834,2116,2115,2634,1602,0,0.009652361
Warm C,327805,1941,1940,2634,1602,0,0.0104239
Warm C,473381,2909,2908,2634,1602,1,-0.003080693
Warm C,479728,2944,2943,2634,1602,0,0.0013903903
Warm C,489523,3013,3012,2634,1602,0,0.0008241512
Warm C,825731,4958,4957,2634,1602,0,-0.0048260638
Warm C,610572,3704,3703,2639,1603,1,0.0054589952
Warm C,553819,3410,3409,2639,1603,1,0.011689788
Warm C,645162,3885,3884,2639,1603,1,0.010695029
Warm C,549914,3391,3390,2639,1603,1,0.006725818
Warm C,542087,3336,3335,2639,1603,0,0.0032204574
Warm C,533137,3292,3291,2639,1603,0,0.00286812
Warm C,522355,3224,3223,2639,1603,1,0.014150659
Warm C,517605,3195,3194,2639,1603,0,0.0020959643
Warm C,514815,3180,3179,2639,1603,0,-0.003942337
Warm C,512693,3163,3162,2639,1603,1,0.0020306164
Warm C,605669,3681,3680,2639,1603,1,0.010160396
Warm C,508522,3129,3128,2639,1603,0,0.007421576
Warm C,584622,3569,3568,2639,1603,0,-0.00083211425
Warm C,502071,3082,3081,2639,1603,0,0.009318881
Warm C,575203,3519,3518,2639,1603,0,0.0009172349
Warm C,499252,3067,3066,2639,1603,0,-0.005537429
Warm C,659093,3971,3970,2639,1603,1,-0.0058586146
Warm C,493936,3032,3031,2639,1603,1,0.009957751
Warm C,477957,2934,2933,2639,1603,0,0.0038515602
Warm C,697201,4169,4168,2639,1603,1,0.004144666
Warm C,880100,5317,5316,2639,1603,0,0.003440289
Warm C,457773,2820,2819,2639,1603,0,0.004026834
Warm C,416463,2507,2506,2639,1603,1,0.009259288
Warm C,411805,2475,2474,2639,1603,1,0.00342342
Warm C,464080,2860,2859,2639,1603,1,-0.005699559
Warm C,403301,2409,2408,2639,1603,0,0.0058455765
Warm C,402973,2406,2405,2639,1603,1,-0.0010269269
Warm C,402225,2402,2401,2639,1603,0,0.005888261
Warm C,382787,2237,2236,2639,1603,0,0.0007825277
Warm C,369825,2164,2163,2639,1603,0,0.014036632
Warm C,345773,2029,2028,2639,1603,1,0.0009217232
Warm C,353992,2073,2072,2639,1603,0,0.0075286557
Warm C,343563,2018,2017,2639,1603,0,0.006509813
Warm C,298302,1768,1767,2639,1603,0,-0.00054649357
Warm C,280440,1683,1682,2639,1603,1,-0.0006377796
Warm C,268893,1632,1631,2639,1603,0,-0.0015032454
Warm C,259368,1587,1586,2639,1603,0,-0.0027990872
Warm C,325289,1926,1925,2639,1603,1,0.0010940707
Warm C,203987,1255,1254,2639,1603,1,-0.004705525
Warm C,213352,1298,1297,2639,1603,1,-0.0001521036
Warm C,294212,1749,1748,2639,1603,0,0.007030298
Warm C,278879,1680,1679,2639,1603,1,0.0019165453
Warm C,379879,2222,2221,2639,1603,0,-0.0021766576
Warm C,327816,1941,1940,2639,1603,0,0.010277139
Warm C,160843,1022,1021,2639,1603,0,0.0075952755
Warm C,164386,1051,1050,2639,1603,0,0.006602253
Warm C,323722,1920,1919,2639,1603,0,0.008975223
Warm C,167747,1068,1067,2639,1603,0,0.005897913
Warm C,142354,919,918,2639,1603,0,-0.0008695743
Warm C,136080,880,879,2639,1603,1,0.0035064197
Warm C,159926,1019,1018,2639,1603,0,0.007531303
Warm C,123837,798,797,2639,1603,1,-0.0039849374
Warm C,120865,779,778,2639,1603,0,-0.00034666643
Warm C,210731,1285,1284,2639,1603,0,0.0067791473
Warm C,116015,752,751,2639,1603,0,0.009728319
Warm C,111845,728,727,2639,1603,1,0.0064164316
Warm C,239842,1449,1448,2639,1603,0,0.007603304
Warm C,106699,702,701,2639,1603,0,-0.0038996227
Warm C,201437,1242,1241,2639,1603,1,0.001030108
Warm C,98402,659,658,2639,1603,0,-0.0036788937
Warm C,95810,642,641,2639,1603,0,-0.0038365398
Warm C,304757,1812,1811,2639,1603,1,-0.0025464748
Warm C,90593,601,600,2639,1603,1,-0.0011916307
Warm C,228109,1383,1382,2639,1603,1,0.0060428153
Warm C,82910,549,548,2639,1603,0,0.0058200504
Warm C,71885,482,481,2639,1603,0,0.0058235675
Warm C,132346,855,854,2639,1603,0,0.015146732
Warm C,42095,285,284,2639,1603,1,0.0035929452
Warm C,25339,179,178,2639,1603,0,0.0034458642
Warm C,238732,1448,1447,2639,1603,1,0.0053815567
Warm C,35831,242,241,2639,1603,0,0.0021616477
Warm C,7710,53,52,2639,1603,1,0.001399827
Warm C,1209,11,10,2639,1603,0,-0.0088952035
Warm C,18703,146,145,2639,1603,0,0.0004883001
Warm C,432602,2638,2637,2639,1603,0,0.009312373
Warm C,212022,1291,1290,2639,1603,0,-0.0019314087
Warm C,745288,4448,4447,2639,1603,1,0.014322573
Warm C,24351,173,172,2639,1603,0,0.0054453695
Warm C,556519,3420,3419,2639,1603,1,0.0006336849
Warm C,964410,5812,5811,2639,1603,1,0.011246095
Warm C,47471,319,318,2639,1603,0,0.003361615
Warm C,19981,149,148,2639,1603,1,0.013284756
Warm C,349239,2050,2049,2639,1603,1,-0.0026072771
Warm C,621982,3768,3767,2639,1603,1,0.0038164146
Warm C,206742,1266,1265,2639,1603,0,0.0012151799
Warm C,195320,1203,1202,2639,1603,1,0.0017669853
Warm C,261151,1597,1596,2639,1603,0,0.008678419
Warm C,267152,1624,1623,2639,1603,0,0.002799931
Warm C,132815,856,855,2639,1603,0,-0.009241207
Warm C,534962,3301,3300,2639,1603,1,0.0029929723
Warm C,129905,840,839,2639,1603,0,0.0045833196
Warm C,960402,5792,5791,2639,1603,1,0.0033268135
Warm C,145746,937,936,2639,1603,0,-0.00052696886
Warm C,713739,4277,4276,2639,1603,1,-0.0024736687
Warm C,841437,5054,5053,2639,1603,1,0.0064245104
Warm C,628559,3807,3806,2639,1603,0,0.012486754
Warm C,916874,5539,5538,2639,1603,1,0.0003762294
Warm C,276114,1671,1670,2639,1603,1,0.0075026546
Warm C,821689,4940,4939,2639,1603,0,-0.0050695892
Warm C,102080,678,677,2639,1603,1,0.0043729227
Warm C,193535,1194,1193,2639,1603,0,-0.0067704255
Warm C,562476,3462,3461,2639,1603,0,0.0061091217
Warm C,974582,5878,5877,2639,1603,0,0.0087624155
Warm C,472445,2907,2906,2645,1609,0,0.004927872
Warm C,430702,2625,2624,2645,1609,0,0.0048739044
Warm C,602421,3665,3664,2645,1609,1,0.002677334
Warm C,418550,2529,2528,2645,1609,1,0.013116461
Warm C,425635,2583,2582,2645,1609,1,0.009577157
Warm C,414495,2496,2495,2645,1609,0,0.008601045
Warm C,397173,2352,2351,2645,1609,0,-0.0049260994
Warm C,380195,2223,2222,2645,1609,0,-0.0011385602
Warm C,371599,2172,2171,2645,1609,0,0.015242965
Warm C,373931,2181,2180,2645,1609,0,0.015485477
Warm C,317297,1887,1886,2645,1609,0,0.011348456
Warm C,288218,1722,1721,2645,1609,1,0.0053541334
Warm C,278900,1680,1679,2645,1609,0,0.021622637
Warm C,276853,1675,1674,2645,1609,1,-0.0019809906
Warm C,307032,1834,1833,2645,1609,1,0.0017135111
Warm C,250782,1513,1512,2645,1609,1,0.010535529
Warm C,224451,1357,1356,2645,1609,1,0.007255261
Warm C,224086,1356,1355,2645,1609,0,0.013225606
Warm C,436270,2665,2664,2645,1609,0,0.008938191
Warm C,327833,1941,1940,2645,1609,0,0.017996587
Warm C,192972,1191,1190,2645,1609,0,0.0038846182
Warm C,159156,1017,1016,2645,1609,1,0.016599879
Warm C,146876,948,947,2645,1609,1,0.006995486
Warm C,134120,869,868,2645,1609,0,0.0073603755
Warm C,210749,1285,1284,2645,1609,1,0.005157219
Warm C,130478,846,845,2645,1609,1,0.0036543405
Warm C,86942,567,566,2645,1609,1,0.014605097
Warm C,83994,550,549,2645,1609,0,0.020878587
Warm C,57612,390,389,2645,1609,1,0.005351654
Warm C,43237,296,295,2645,1609,0,0.006965827
Warm C,41192,278,277,2645,1609,1,0.002180178
Warm C,36484,245,244,2645,1609,0,0.019039383
Warm C,29858,202,201,2645,1609,1,0.004498048
Warm C,17506,136,135,2645,1609,1,0.0005399161
Warm C,18717,146,145,2645,1609,0,0.009092366
Warm C,14514,117,116,2645,1609,1,0.018186083
Warm C,591842,3610,3609,2645,1609,0,0.0052036955
Warm C,62737,424,423,2645,1609,1,0.017686274
Warm C,549927,3391,3390,2645,1609,0,0.0020646348
Warm C,24365,173,172,2645,1609,1,0.01079872
Warm C,161294,1029,1028,2645,1609,0,0.00887201
Warm C,891850,5387,5386,2645,1609,1,0.0114635555
Warm C,2313,19,18,2649,1611,0,0.003973719
Warm C,490645,3018,3017,2649,1611,1,-4.708569e-05
Warm C,237752,1447,1446,2649,1611,1,0.01423236
Warm C,713751,4277,4276,2649,1611,1,0.014743158
Warm C,226033,1369,1368,2649,1611,1,0.010307717
Warm C,361508,2109,2108,2651,1612,1,0.008990791
Warm C,339387,1999,1998,2651,1612,0,0.00053943275
Warm C,318327,1891,1890,2651,1612,0,0.0019903441
Warm C,288224,1722,1721,2651,1612,1,-0.0065028863
Warm C,315888,1882,1881,2651,1612,1,0.011784308
Warm C,242696,1465,1464,2651,1612,1,0.0033984715
Warm C,224456,1357,1356,2651,1612,1,0.0011488842
Warm C,436280,2665,2664,2651,1612,0,0.00519574
Warm C,203415,1247,1246,2651,1612,1,0.0114076575
Warm C,326538,1935,1934,2651,1612,0,-0.0039583137
Warm C,170012,1080,1079,2651,1612,1,0.0029557876
Warm C,159164,1017,1016,2651,1612,1,-0.0012728069
Warm C,130479,846,845,2651,1612,1,0.008846485
Warm C,228129,1383,1382,2651,1612,0,0.005739471
Warm C,41199,278,277,2651,1612,1,0.010858963
Warm C,36509,245,244,2651,1612,0,0.010441855
Warm C,29881,202,201,2651,1612,0,0.004626756
Warm C,481713,2962,2961,2651,1612,0,0.004231923
Warm C,591849,3610,3609,2651,1612,0,0.01572612
Warm C,490649,3018,3017,2651,1612,1,-0.005916235
Warm C,62747,424,423,2651,1612,0,0.010762296
Warm C,327846,1941,1940,2651,1612,0,0.010326281
Warm C,603382,3672,3671,2654,1613,1,0.004394412
Warm C,608810,3692,3691,2654,1613,1,-0.001136732
Warm C,621127,3762,3761,2654,1613,1,0.009751603
Warm C,593005,3615,3614,2654,1613,0,-0.0019760816
Warm C,585598,3576,3575,2654,1613,0,0.005861856
Warm C,580206,3543,3542,2654,1613,0,0.004650632
Warm C,577732,3528,3527,2654,1613,0,-0.0048702024
Warm C,576114,3521,3520,2654,1613,1,0.0039002283
Warm C,566119,3476,3475,2654,1613,0,0.006288503
Warm C,697220,4169,4168,2654,1613,0,0.009796242
Warm C,657066,3961,3960,2654,1613,1,-0.0068576355
Warm C,713754,4277,4276,2654,1613,1,0.0051638633
Warm C,544349,3356,3355,2654,1613,1,0.008979909
Warm C,519785,3207,3206,2654,1613,1,-0.005077436
Warm C,584632,3569,3568,2654,1613,0,0.011344596
Warm C,493961,3032,3031,2654,1613,1,4.6462985e-05
Warm C,710275,4260,4259,2654,1613,0,-0.0073232064
Warm C,463156,2857,2856,2654,1613,0,-0.001299685
Warm C,447876,2761,2760,2654,1613,1,0.010852128
Warm C,430708,2625,2624,2654,1613,0,-0.00048085302
Warm C,434269,2648,2647,2654,1613,1,0.0005642491
Warm C,427217,2593,2592,2654,1613,0,0.005587807
Warm C,419686,2537,2536,2654,1613,0,0.0066153463
Warm C,411808,2475,2474,2654,1613,1,-0.0010212344
Warm C,400910,2389,2388,2654,1613,1,0.001674663
Warm C,414502,2496,2495,2654,1613,0,0.0009607751
Warm C,373944,2181,2180,2654,1613,1,0.007915932
Warm C,367450,2145,2144,2654,1613,1,0.0047874358
Warm C,364121,2121,2120,2654,1613,1,0.006671072
Warm C,364667,2124,2123,2654,1613,1,0.004583444
Warm C,361509,2109,2108,2654,1613,1,0.001305028
Warm C,356668,2089,2088,2654,1613,1,0.009455376
Warm C,350102,2055,2054,2654,1613,1,-0.00044159114
Warm C,343577,2018,2017,2654,1613,0,-0.009718863
Warm C,315889,1882,1881,2654,1613,1,0.006737709
Warm C,288227,1722,1721,2654,1613,1,0.0069900462
Warm C,278916,1680,1679,2654,1613,1,0.002753398
Warm C,300268,1780,1779,2654,1613,0,0.0075488607
Warm C,242698,1465,1464,2654,1613,1,0.009092016
Warm C,224458,1357,1356,2654,1613,1,-0.0022051702
Warm C,269820,1635,1634,2654,1613,1,0.0113449525
Warm C,327848,1941,1940,2654,1613,1,0.0047551375
Warm C,192975,1191,1190,2654,1613,1,0.012927884
Warm C,182717,1140,1139,2654,1613,1,0.010178408
Warm C,159167,1017,1016,2654,1613,1,-0.00057542627
Warm C,318907,1896,1895,2654,1613,1,-0.0019786644
Warm C,130480,846,845,2654,1613,1,-0.0022973293
Warm C,98117,656,655,2654,1613,1,0.003019675
Warm C,92714,621,620,2654,1613,0,0.007280833
Warm C,115321,749,748,2654,1613,0,0.0037472912
Warm C,436283,2665,2664,2654,1613,0,-0.0002710612
Warm C,80096,533,532,2654,1613,1,0.00068178074
Warm C,74707,509,508,2654,1613,0,0.0036546744
Warm C,57614,390,389,2654,1613,1,-0.002564347
Warm C,210758,1285,1284,2654,1613,1,0.011061771
Warm C,228130,1383,1382,2654,1613,0,0.008675773
Warm C,43240,296,295,2654,1613,1,0.00557671
Warm C,41202,278,277,2654,1613,1,0.008078709
Warm C,37268,254,253,2654,1613,1,-0.0030753692
Warm C,36512,245,244,2654,1613,1,0.006824256
Warm C,29884,202,201,2654,1613,1,0.006564966
Warm C,481714,2962,2961,2654,1613,0,-0.002276861
Warm C,16439,130,129,2654,1613,0,0.00864753
Warm C,591851,3610,3609,2654,1613,0,0.012657648
Warm C,490651,3018,3017,2654,1613,1,0.005795208
Warm C,192673,1186,1185,2654,1613,1,0.003431268
Warm C,237757,1447,1446,2654,1613,0,0.0022619658
Warm C,28199,195,194,2654,1613,1,0.008387512
Warm C,959016,5787,5786,2654,1613,1,0.0018429339
Warm C,891852,5387,5386,2654,1613,1,0.011176481
Warm C,208677,1274,1273,2654,1613,1,0.0033139065
Warm C,62748,424,423,2654,1613,1,0.0011437731
Warm C,699922,4186,4185,2654,1613,1,0.0043062
Warm C,821691,4940,4939,2654,1613,1,0.005866388
Warm C,769001,4579,4578,2656,1614,0,0.008508863
Warm C,633085,3824,3823,2656,1614,0,0.008809677
Warm C,697229,4169,4168,2660,1616,1,0.022735372
Warm C,463161,2857,2856,2660,1616,0,0.030869432
Warm C,418069,2526,2525,2660,1616,1,0.009818088
Warm C,401352,2393,2392,2660,1616,0,0.0075553004
Warm C,395348,2335,2334,2660,1616,1,0.013334024
Warm C,414505,2496,2495,2660,1616,1,0.016100414
Warm C,392055,2304,2303,2660,1616,1,0.024142016
Warm C,403613,2411,2410,2660,1616,0,0.024276573
Warm C,383464,2241,2240,2660,1616,1,0.0033691484
Warm C,385215,2251,2250,2660,1616,1,0.012006417
Warm C,377563,2204,2203,2660,1616,1,-0.0018323301
Warm C,366366,2132,2131,2660,1616,0,-0.00094842
Warm C,365348,2126,2125,2660,1616,0,0.015689423
Warm C,356311,2088,2087,2660,1616,1,0.012258814
Warm C,352926,2067,2066,2660,1616,1,0.0075736763
Warm C,373955,2181,2180,2660,1616,1,0.01709021
Warm C,352634,2064,2063,2660,1616,1,0.009796251
Warm C,345444,2026,2025,2660,1616,1,0.011570241
Warm C,341941,2013,2012,2660,1616,0,0.002823029
Warm C,343579,2018,2017,2660,1616,1,0.0053071156
Warm C,339390,1999,1998,2660,1616,0,0.023903925
Warm C,311543,1856,1855,2660,1616,1,0.012884941
Warm C,293128,1746,1745,2660,1616,1,0.023809658
Warm C,288412,1723,1722,2660,1616,1,0.022766486
Warm C,315892,1882,1881,2660,1616,1,0.016873341
Warm C,292215,1741,1740,2660,1616,1,0.022288695
Warm C,288229,1722,1721,2660,1616,1,0.004101686
Warm C,274877,1665,1664,2660,1616,1,0.0033948387
Warm C,276861,1675,1674,2660,1616,1,0.010984209
Warm C,282004,1692,1691,2660,1616,1,0.014538928
Warm C,276139,1671,1670,2660,1616,1,0.018420208
Warm C,258948,1586,1585,2660,1616,1,0.021511767
Warm C,436291,2665,2664,2660,1616,1,0.026829502
Warm C,203538,1249,1248,2660,1616,1,0.0030908587
Warm C,196125,1206,1205,2660,1616,1,0.019706564
Warm C,192679,1186,1185,2660,1616,1,0.013594337
Warm C,182724,1140,1139,2660,1616,1,0.010592645
Warm C,181567,1135,1134,2660,1616,0,0.007995541
Warm C,178819,1122,1121,2660,1616,1,0.011974986
Warm C,177497,1119,1118,2660,1616,0,0.017197937
Warm C,172611,1094,1093,2660,1616,1,0.0076461667
Warm C,147345,949,948,2660,1616,1,0.029088534
Warm C,146884,948,947,2660,1616,1,0.013791898
Warm C,128722,835,834,2660,1616,1,0.0075326543
Warm C,90910,602,601,2660,1616,1,0.0061876625
Warm C,210770,1285,1284,2660,1616,1,0.033534862
Warm C,86057,563,562,2660,1616,1,0.0112266075
Warm C,82227,546,545,2660,1616,0,0.010778888
Warm C,70715,476,475,2660,1616,1,0.0022047956
Warm C,62758,424,423,2660,1616,0,0.01612286
Warm C,56788,381,380,2660,1616,0,0.0071843797
Warm C,48850,327,326,2660,1616,1,0.0150080165
Warm C,43243,296,295,2660,1616,1,0.0061017666
Warm C,41831,284,283,2660,1616,0,0.011595232
Warm C,36529,245,244,2660,1616,0,0.019934114
Warm C,269827,1635,1634,2660,1616,1,0.016918294
Warm C,22847,165,164,2660,1616,1,0.0072399215
Warm C,481723,2962,2961,2660,1616,0,0.012506139
Warm C,591864,3610,3609,2660,1616,0,0.022744022
Warm C,3967,29,28,2660,1616,0,0.0052496744
Warm C,1781,17,16,2660,1616,1,0.0241334
Warm C,357342,2092,2091,2660,1616,1,0.0010285527
Warm C,4372,33,32,2660,1616,0,0.011765186
Warm C,713757,4277,4276,2660,1616,1,0.02051979
Warm C,456052,2808,2807,2660,1616,1,0.009850342
Warm C,171459,1088,1087,2660,1616,1,0.026228538
Warm C,290080,1733,1732,2660,1616,1,0.019775044
Warm C,538436,3313,3312,2660,1616,1,0.012260331
Warm C,906651,5484,5483,2660,1616,1,0.021120086
Warm C,473423,2909,2908,2660,1616,0,0.0063160025
Warm C,237766,1447,1446,2660,1616,0,0.012851667
Warm C,293668,1748,1747,2660,1616,1,0.010818236
Warm C,327866,1941,1940,2660,1616,0,0.0083032325
Warm C,433560,2643,2642,2660,1616,1,0.02513027
Warm C,8818,59,58,2660,1616,0,0.020148208
Warm C,311544,1856,1855,2661,1617,1,0.008683188
Warm C,297036,1761,1760,2661,1617,0,-0.00080993376
Warm C,293129,1746,1745,2661,1617,1,0.019104214
Warm C,287653,1717,1716,2661,1617,0,0.0050920644
Warm C,292216,1741,1740,2661,1617,0,0.018219657
Warm C,276863,1675,1674,2661,1617,1,0.016973201
Warm C,276140,1671,1670,2661,1617,0,0.021075271
Warm C,261361,1598,1597,2661,1617,0,0.01235426
Warm C,197718,1215,1214,2661,1617,0,0.009467056
Warm C,327867,1941,1940,2661,1617,0,0.014318814
Warm C,189983,1179,1178,2661,1617,0,0.01555801
Warm C,182725,1140,1139,2661,1617,1,0.0054964544
Warm C,181568,1135,1134,2661,1617,1,0.006634156
Warm C,436293,2665,2664,2661,1617,0,0.01849341
Warm C,128723,835,834,2661,1617,0,0.0061912043
Warm C,316704,1884,1883,2661,1617,1,0.0145768905
Warm C,90911,602,601,2661,1617,1,0.007765812
Warm C,86059,563,562,2661,1617,0,0.011344586
Warm C,85409,557,556,2661,1617,1,0.0056557655
Warm C,70716,476,475,2661,1617,1,0.016228575
Warm C,47021,316,315,2661,1617,0,0.014582961
Warm C,43245,296,295,2661,1617,1,-0.0003423232
Warm C,41832,284,283,2661,1617,0,0.00810765
Warm C,36531,245,244,2661,1617,0,0.008080742
Warm C,22848,165,164,2661,1617,1,0.013604572
Warm C,19464,148,147,2661,1617,0,0.0195915
Warm C,591866,3610,3609,2661,1617,0,0.015269547
Warm C,4373,33,32,2661,1617,1,0.0099013345
Warm C,3968,29,28,2661,1617,1,0.0022915613
Warm C,1782,17,16,2661,1617,1,0.018617317
Warm C,237767,1447,1446,2661,1617,0,0.025560416
Warm C,300271,1780,1779,2661,1617,0,0.018093608
Warm C,633094,3824,3823,2661,1617,0,0.0096706515
Warm C,699925,4186,4185,2661,1617,0,0.021984814
Warm C,86065,563,562,2665,1620,0,0.006590777
Warm C,66502,445,444,2665,1620,0,0.0014528597
Warm C,43249,296,295,2665,1620,0,0.0070123123
Warm C,697234,4169,4168,2665,1620,0,0.024440685
Warm C,17532,136,135,2665,1620,1,0.011616157
Warm C,14544,117,116,2665,1620,1,0.0026937432
Warm C,49483,329,328,2665,1620,0,0.0007576435
Warm C,19469,148,147,2665,1620,1,0.014113771
Warm C,753465,4489,4488,2665,1620,0,0.0090787
Warm C,967265,5831,5830,2665,1620,0,0.0070510665
Warm C,276143,1671,1670,2665,1620,1,0.015636712
Warm C,412749,2484,2483,2669,1622,1,0.006026198
Warm C,412520,2483,2482,2669,1622,1,0.0054617617
Warm C,402241,2402,2401,2669,1622,0,-0.0026893178
Warm C,400106,2382,2381,2669,1622,1,0.0051598926
Warm C,410804,2465,2464,2669,1622,1,0.0021635382
Warm C,412065,2478,2477,2669,1622,1,-0.0044802814
Warm C,398442,2370,2369,2669,1622,1,0.0020707222
Warm C,388087,2271,2270,2669,1622,0,0.0020995769
Warm C,388726,2278,2277,2669,1622,1,0.0037390632
Warm C,377172,2203,2202,2669,1622,1,0.0055468995
Warm C,363582,2117,2116,2669,1622,1,0.011641
Warm C,357975,2095,2094,2669,1622,1,0.0034941258
Warm C,356118,2086,2085,2669,1622,0,0.0041079316
Warm C,357350,2092,2091,2669,1622,0,0.0059957327
Warm C,352930,2067,2066,2669,1622,1,0.00556176
Warm C,336947,1983,1982,2669,1622,1,0.0021833447
Warm C,333070,1965,1964,2669,1622,1,0.0045205452
Warm C,324901,1925,1924,2669,1622,1,0.0020961924
Warm C,310599,1851,1850,2669,1622,0,-0.0068950555
Warm C,275466,1667,1666,2669,1622,1,0.0037807578
Warm C,293674,1748,1747,2669,1622,1,0.0028022476
Warm C,257190,1577,1576,2669,1622,0,-0.0040365085
Warm C,254068,1545,1544,2669,1622,0,0.0007279968
Warm C,252927,1533,1532,2669,1622,1,0.0010527615
Warm C,242709,1465,1464,2669,1622,1,0.008464379
Warm C,211581,1286,1285,2669,1622,1,0.0034109715
Warm C,204904,1261,1260,2669,1622,1,0.0009749186
Warm C,178824,1122,1121,2669,1622,1,-0.0075798337
Warm C,146892,948,947,2669,1622,1,0.013771004
Warm C,140488,902,901,2669,1622,1,0.0026298452
Warm C,126010,812,811,2669,1622,1,0.0006524171
Warm C,198148,1218,1217,2669,1622,0,0.00040158466
Warm C,349244,2050,2049,2669,1622,0,0.004979249
Warm C,107068,704,703,2669,1622,1,0.005460546
Warm C,75857,516,515,2669,1622,1,0.0101258
Warm C,75323,511,510,2669,1622,0,0.0019009537
Warm C,68174,457,456,2669,1622,0,-0.0023044294
Warm C,68633,461,460,2669,1622,1,-0.00042538182
Warm C,55298,366,365,2669,1622,1,0.007502727
Warm C,42279,287,286,2669,1622,0,-0.004787739
Warm C,591873,3610,3609,2669,1622,0,0.005300097
Warm C,5610,40,39,2669,1622,0,0.00709229
Warm C,19473,148,147,2669,1622,1,0.0030719847
Warm C,541489,3332,3331,2669,1622,0,-0.0034638178
Warm C,136425,881,880,2669,1622,0,-0.0006532031
Warm C,722857,4328,4327,2669,1622,1,0.01222262
Warm C,587802,3589,3588,2669,1622,0,0.0064362716
Warm C,697256,4169,4168,2682,1628,1,0.011527387
Warm C,284041,1698,1697,2682,1628,1,0.00090876466
Warm C,89988,593,592,2682,1628,1,-0.0016138763
Warm C,89559,590,589,2682,1628,0,0.010087702
Warm C,77379,524,523,2682,1628,1,-0.004996975
Warm C,69926,472,471,2682,1628,1,-0.0043177027
Warm C,69298,464,463,2682,1628,1,0.007486208
Warm C,155299,1001,1000,2682,1628,1,-0.0035444235
Warm C,47579,319,318,2682,1628,1,0.0005324349
Warm C,42828,293,292,2682,1628,1,-0.004182803
Warm C,38344,261,260,2682,1628,1,0.0029442424
Warm C,33561,225,224,2682,1628,1,-0.0015254773
Warm C,22035,161,160,2682,1628,0,0.008466145
Warm C,451732,2781,2780,2682,1628,1,-0.00068574876
Warm C,290103,1733,1732,2682,1628,1,0.0024168163
Warm C,4900,35,34,2682,1628,1,0.006770867
Warm C,206778,1266,1265,2682,1628,1,0.0013235887
Warm C,187579,1164,1163,2682,1628,1,0.008387729
Warm C,58125,392,391,2682,1628,1,0.006735796
Warm C,181944,1137,1136,2682,1628,1,0.009411365
Warm C,249816,1505,1504,2682,1628,1,0.011832126
Warm C,204510,1260,1259,2682,1628,1,0.0051803635
Warm C,242093,1458,1457,2682,1628,0,0.007201363
Warm C,50231,331,330,2682,1628,1,0.0029808322
Warm C,285244,1701,1700,2682,1628,1,0.006530627
Warm C,293685,1748,1747,2682,1628,1,0.0052894973
Warm C,460625,2841,2840,2682,1628,1,0.011775134
Warm C,241107,1451,1450,2682,1628,1,0.005020605
Warm C,263211,1605,1604,2696,1637,1,-0.0011788472
Warm C,112408,731,730,2696,1637,0,0.0031848152
Warm C,101659,677,676,2696,1637,1,0.0032035732
Warm C,85037,553,552,2696,1637,1,-0.0021353876
Warm C,61846,415,414,2696,1637,1,0.0020625882
Warm C,626689,3792,3791,2696,1637,0,0.011218891
Warm C,605185,3679,3678,2696,1637,0,0.009983528
Warm C,228180,1383,1382,2696,1637,1,0.0043039736
Warm C,839027,5044,5043,2696,1637,1,-0.0033471298
Warm C,31557,214,213,2696,1637,1,0.0011220338
Warm C,16726,131,130,2696,1637,1,-0.005367377
Warm C,571580,3505,3504,2696,1637,1,-0.0013343708
Warm C,933839,5636,5635,2696,1637,0,0.00860493
Warm C,902991,5458,5457,2696,1637,1,0.002633179
Warm C,803315,4809,4808,2696,1637,1,0.0024207048
Warm C,475458,2918,2917,2696,1637,1,-0.0021231477
Warm C,246844,1491,1490,2696,1637,0,0.0036094906
Warm C,20115,149,148,2696,1637,1,-0.0021271764
Warm C,171514,1088,1087,2696,1637,1,0.008686686
Warm C,986775,5956,5955,2696,1637,1,-0.005924798
Warm C,497177,3054,3053,2696,1637,0,0.004563247
Warm C,165300,1053,1052,2714,1648,0,0.012885327
Warm C,714078,4277,4276,2714,1648,1,0.008596113
Warm C,135190,875,874,2714,1648,1,0.008555304
Warm C,182140,1137,1136,2714,1648,0,0.0067988317
Warm C,119819,773,772,2714,1648,1,0.009954969
Warm C,103085,684,683,2714,1648,1,0.0027518142
Warm C,174691,1105,1104,2714,1648,1,0.012927514
Warm C,191251,1181,1180,2714,1648,0,0.020546556
Warm C,119410,770,769,2714,1648,1,0.018164191
Warm C,74277,506,505,2714,1648,0,0.00781638
Warm C,64328,429,428,2714,1648,0,0.015185799
Warm C,53757,352,351,2714,1648,0,0.013422126
Warm C,43095,295,294,2714,1648,0,0.004581785
Warm C,40409,272,271,2714,1648,0,0.012780074
Warm C,29848,202,201,2714,1648,1,0.009914285
Warm C,78588,528,527,2714,1648,0,0.0105176475
Warm C,286835,1712,1711,2714,1648,0,0.009849477
Warm C,285422,1701,1700,2714,1648,1,0.013807672
Warm C,11998,92,91,2714,1648,0,0.017713984
Warm C,405358,2427,2426,2714,1648,1,0.0060801534
Warm C,336178,1980,1979,2714,1648,0,0.009012387
Warm C,475597,2918,2917,2714,1648,1,0.01276657
Warm C,187086,1160,1159,2714,1648,1,0.008666934
Warm C,473931,2909,2908,2714,1648,0,0.0038797366
Warm C,527091,3260,3259,2714,1648,0,0.012349491
Warm C,178283,1120,1119,2714,1648,1,0.007213477
Warm C,13153,102,101,2714,1648,0,0.005411072
Warm C,138643,889,888,2721,1654,0,0.006947516
Warm C,133058,858,857,2721,1654,1,0.008377982
Warm C,102488,678,677,2721,1654,1,0.005704386
Warm C,63967,426,425,2721,1654,0,0.009012022
Warm C,155476,1001,1000,2721,1654,0,0.015137172
Warm C,49446,329,328,2721,1654,0,0.002866467
Warm C,312984,1865,1864,2721,1654,0,0.0022834535
Warm C,33510,225,224,2721,1654,0,0.001432777
Warm C,27571,193,192,2721,1654,1,0.013188768
Warm C,15996,126,125,2721,1654,1,0.003806139
Warm C,338,5,4,2721,1654,0,0.008258944
Warm C,235158,1425,1424,2721,1654,1,0.018834174
Warm C,986825,5956,5955,2721,1654,0,0.0030090385
Warm C,365852,2129,2128,2721,1654,0,0.0023274499
Warm C,490363,3017,3016,2721,1654,1,0.0012175518
Warm C,497350,3054,3053,2721,1654,0,0.01666965
Warm C,20014,149,148,2721,1654,0,0.011390246
Warm C,454680,2796,2795,2721,1654,1,0.00745335
Warm C,331005,1954,1953,2721,1654,0,0.012477244
Warm C,538091,3312,3311,2721,1654,0,0.012894962
Warm C,174288,1101,1100,2721,1654,1,0.011801049
Warm C,384759,2247,2246,2721,1654,0,0.0022800614
Warm C,883475,5333,5332,2721,1654,1,0.0040538665
Warm C,116476,752,751,2721,1654,0,0.013653383
Warm C,841561,5054,5053,2721,1654,0,0.0007848693
Warm C,127360,822,821,2725,1658,1,0.0061775176
Warm C,107366,706,705,2725,1658,1,0.015329436
Warm C,100957,673,672,2725,1658,1,0.00487718
Warm C,99757,666,665,2725,1658,1,0.007800253
Warm C,77757,524,523,2725,1658,0,0.027447896
Warm C,155479,1001,1000,2725,1658,1,0.0073322505
Warm C,47516,319,318,2725,1658,1,0.018117009
Warm C,45007,303,302,2725,1658,1,0.016750865
Warm C,41458,281,280,2725,1658,0,0.013263948
Warm C,35291,238,237,2725,1658,1,0.0036165481
Warm C,26443,187,186,2725,1658,1,0.008027624
Warm C,9952,69,68,2725,1658,0,0.008592214
Warm C,8501,58,57,2725,1658,1,0.012816408
Warm C,7757,53,52,2725,1658,0,0.010590209
Warm C,341,5,4,2725,1658,0,0.013890036
Warm C,485232,2986,2985,2725,1658,1,0.0244227
Warm C,158504,1015,1014,2725,1658,0,0.009458537
Warm C,24919,175,174,2725,1658,0,0.015712302
Warm C,336213,1980,1979,2725,1658,1,0.021045152
Warm C,750702,4478,4477,2725,1658,1,0.018021867
Warm C,460809,2841,2840,2725,1658,1,0.021053929
Warm C,483285,2969,2968,2725,1658,1,0.016940901
Warm C,102495,678,677,2725,1658,0,0.026861902
Warm C,235162,1425,1424,2725,1658,1,0.022548176
Warm C,796377,4771,4770,2725,1658,1,0.016872145
Warm C,200125,1228,1227,2725,1658,1,0.0025848565
Warm C,24376,173,172,2725,1658,1,0.0048809983
Warm C,290441,1733,1732,2725,1658,1,0.022235356
Warm C,1000169,6040,6039,2725,1658,1,0.0068534827
Warm C,771906,4600,4599,2725,1658,1,0.013862492
Warm C,187764,1164,1163,2725,1658,1,0.013313752
Warm C,116483,752,751,2725,1658,0,0.018509181
Warm C,880692,5319,5318,2725,1658,1,0.020502433
Warm C,825811,4958,4957,2725,1658,0,0.019981407
Warm C,937424,5654,5653,2725,1658,1,0.011910514
Warm C,852948,5113,5112,2726,1659,0,0.011194292
Warm C,459207,2826,2825,2726,1659,1,0.007579138
Warm C,458159,2820,2819,2726,1659,1,0.010650972
Warm C,456718,2811,2810,2726,1659,1,0.011012237
Warm C,441379,2703,2702,2726,1659,1,0.0032594888
Warm C,438660,2680,2679,2726,1659,1,0.026564099
Warm C,431153,2627,2626,2726,1659,1,0.011149313
Warm C,416812,2507,2506,2726,1659,1,0.01992644
Warm C,411111,2466,2465,2726,1659,1,0.007750094
Warm C,398658,2373,2372,2726,1659,1,-0.0007989784
Warm C,390128,2288,2287,2726,1659,1,0.011842537
Warm C,385376,2251,2250,2726,1659,1,0.0116795
Warm C,374311,2181,2180,2726,1659,1,0.018875996
Warm C,355510,2080,2079,2726,1659,1,0.004511359
Warm C,346318,2030,2029,2726,1659,1,0.017028663
Warm C,329507,1943,1942,2726,1659,1,0.0140662305
Warm C,325029,1925,1924,2726,1659,1,0.011705801
Warm C,301550,1791,1790,2726,1659,0,0.0069137663
Warm C,286003,1706,1705,2726,1659,1,0.00373484
Warm C,273768,1650,1649,2726,1659,1,0.010176536
Warm C,256555,1567,1566,2726,1659,1,0.0054582558
Warm C,303325,1802,1801,2726,1659,1,-0.00014680251
Warm C,294430,1749,1748,2726,1659,0,0.01425
Warm C,284405,1698,1697,2726,1659,1,0.009744125
Warm C,208902,1274,1273,2726,1659,1,0.0073052426
Warm C,197953,1216,1215,2726,1659,0,0.0019578696
Warm C,193010,1191,1190,2726,1659,1,0.0039375033
Warm C,207367,1267,1266,2726,1659,1,0.0066968706
Warm C,173361,1099,1098,2726,1659,1,0.016550139
Warm C,191285,1181,1180,2726,1659,0,0.028812652
Warm C,165314,1053,1052,2726,1659,1,0.011106832
Warm C,211212,1285,1284,2726,1659,1,0.020280162
Warm C,181314,1133,1132,2726,1659,0,0.017698687
Warm C,169636,1077,1076,2726,1659,1,0.022258492
Warm C,160299,1019,1018,2726,1659,1,0.010477424
Warm C,213038,1297,1296,2726,1659,1,0.014797084
Warm C,147060,948,947,2726,1659,1,0.0070374697
Warm C,185609,1150,1149,2726,1659,1,0.020315679
Warm C,141073,909,908,2726,1659,1,0.010376589
Warm C,143064,922,921,2726,1659,1,0.019337885
Warm C,138652,889,888,2726,1659,1,0.021756873
Warm C,128856,837,836,2726,1659,0,0.010064545
Warm C,128353,830,829,2726,1659,1,0.0052438034
Warm C,298177,1767,1766,2726,1659,1,0.008856978
Warm C,240377,1449,1448,2726,1659,1,0.019522775
Warm C,316966,1884,1883,2726,1659,1,0.019804267
Warm C,77759,524,523,2726,1659,0,0.027774133
Warm C,69534,466,465,2726,1659,1,0.009997488
Warm C,501416,3080,3079,2726,1659,1,0.016639672
Warm C,74068,504,503,2726,1659,1,0.003723276
Warm C,45571,307,306,2726,1659,1,0.0056650788
Warm C,45117,304,303,2726,1659,0,-0.0056352178
Warm C,221540,1340,1339,2726,1659,1,0.028122678
Warm C,133664,864,863,2726,1659,1,0.0011469603
Warm C,592120,3610,3609,2726,1659,0,0.010061425
Warm C,2912,23,22,2726,1659,1,0.009432761
Warm C,739591,4418,4417,2726,1659,1,0.016765995
Warm C,63233,424,423,2726,1659,1,0.013335856
Warm C,24377,173,172,2726,1659,1,0.0041483655
Warm C,238153,1447,1446,2726,1659,1,0.023815304
Warm C,284910,1699,1698,2726,1659,1,0.007179396
Warm C,437496,2670,2669,2726,1659,1,0.0057639554
Warm C,290443,1733,1732,2726,1659,1,0.017022304
Warm C,883477,5333,5332,2726,1659,0,0.013088532
Warm C,894112,5397,5396,2726,1659,1,0.009709708
Warm C,271837,1643,1642,2726,1659,1,0.007669736
Warm C,105687,698,697,2726,1659,1,0.0060559483
Warm C,322593,1912,1911,2726,1659,1,0.0112568345
Warm C,171933,1088,1087,2726,1659,0,0.01975048
Warm C,176124,1113,1112,2726,1659,1,0.0176838
Warm C,518865,3201,3200,2730,1662,1,0.007616573
Warm C,516014,3184,3183,2730,1662,0,-0.0050697755
Warm C,510316,3143,3142,2730,1662,0,0.00550004
Warm C,558638,3430,3429,2730,1662,0,0.0036381665
Warm C,505274,3108,3107,2730,1662,0,0.004053384
Warm C,546173,3367,3366,2730,1662,1,0.007829001
Warm C,496932,3053,3052,2730,1662,1,0.008997137
Warm C,482846,2967,2966,2730,1662,1,0.0047774757
Warm C,480566,2948,2947,2730,1662,0,-0.004800038
Warm C,476870,2928,2927,2730,1662,1,0.0049434844
Warm C,697684,4169,4168,2730,1662,1,0.010284631
Warm C,852958,5113,5112,2730,1662,1,0.0082487855
Warm C,469620,2893,2892,2730,1662,0,0.0019013932
Warm C,462697,2854,2853,2730,1662,1,-0.0006107129
Warm C,458180,2820,2819,2730,1662,0,0.014521357
Warm C,455568,2805,2804,2730,1662,0,0.006128644
Warm C,442100,2719,2718,2730,1662,1,0.0034529064
Warm C,564657,3471,3470,2730,1662,0,0.0073885536
Warm C,438008,2676,2675,2730,1662,1,0.0054407185
Warm C,433741,2643,2642,2730,1662,1,0.006582711
Warm C,421162,2544,2543,2730,1662,0,0.020900328
Warm C,419206,2532,2531,2730,1662,1,-0.0027001384
Warm C,416827,2507,2506,2730,1662,1,0.0127184745
Warm C,414724,2496,2495,2730,1662,0,0.007901531
Warm C,413454,2486,2485,2730,1662,0,-0.0039689587
Warm C,396696,2348,2347,2730,1662,0,0.013695384
Warm C,392447,2304,2303,2730,1662,1,0.0017928826
Warm C,390141,2288,2287,2730,1662,1,0.012418344
Warm C,389069,2279,2278,2730,1662,0,-0.0010728489
Warm C,381739,2231,2230,2730,1662,1,0.009169408
Warm C,377943,2205,2204,2730,1662,0,0.0084795505
Warm C,372116,2173,2172,2730,1662,1,0.010611794
Warm C,357639,2092,2091,2730,1662,0,0.0119147925
Warm C,323249,1916,1915,2730,1662,0,-0.00051502045
Warm C,306492,1826,1825,2730,1662,0,0.0073084473
Warm C,302700,1797,1796,2730,1662,1,0.012054153
Warm C,293431,1747,1746,2730,1662,0,0.0018537026
Warm C,279732,1680,1679,2730,1662,0,0.0019506842
Warm C,280950,1685,1684,2730,1662,1,-0.004986759
Warm C,269197,1632,1631,2730,1662,0,0.008711566
Warm C,346329,2030,2029,2730,1662,1,0.009433004
Warm C,350783,2059,2058,2730,1662,0,0.007527444
Warm C,236958,1440,1439,2730,1662,1,0.0017170135
Warm C,312445,1861,1860,2730,1662,0,0.002024894
Warm C,325543,1926,1925,2730,1662,1,-0.0052590817
Warm C,262330,1600,1599,2730,1662,1,0.012457176
Warm C,221554,1340,1339,2730,1662,0,0.010480865
Warm C,218089,1322,1321,2730,1662,0,-0.00055243116
Warm C,220443,1335,1334,2730,1662,0,0.011127451
Warm C,207370,1267,1266,2730,1662,1,0.0071646874
Warm C,188658,1170,1169,2730,1662,1,0.013648588
Warm C,186415,1152,1151,2730,1662,1,0.008634746
Warm C,182870,1140,1139,2730,1662,0,0.006879798
Warm C,180415,1128,1127,2730,1662,1,0.002253198
Warm C,308854,1837,1836,2730,1662,1,0.008549683
Warm C,191306,1181,1180,2730,1662,0,0.0021445756
Warm C,160316,1019,1018,2730,1662,0,0.0069662016
Warm C,320257,1899,1898,2730,1662,1,-0.0011123272
Warm C,152037,977,976,2730,1662,1,0.0056889616
Warm C,149281,960,959,2730,1662,1,0.010886244
Warm C,147066,948,947,2730,1662,1,0.0018852968
Warm C,412159,2478,2477,2730,1662,1,0.0052930773
Warm C,185634,1150,1149,2730,1662,0,0.007508779
Warm C,169295,1074,1073,2730,1662,1,5.3147785e-05
Warm C,143073,922,921,2730,1662,1,0.0025693874
Warm C,714106,4277,4276,2730,1662,0,0.012669055
Warm C,138676,889,888,2730,1662,1,0.005726804
Warm C,318983,1896,1895,2730,1662,1,0.012358095
Warm C,131301,850,849,2730,1662,1,0.0027910878
Warm C,315484,1880,1879,2730,1662,0,0.017314654
Warm C,240398,1449,1448,2730,1662,0,0.0081082545
Warm C,106880,702,701,2730,1662,1,0.0032811565
Warm C,100964,673,672,2730,1662,1,0.009218257
Warm C,284420,1698,1697,2730,1662,1,0.0016805266
Warm C,153236,984,983,2730,1662,0,0.013675514
Warm C,394273,2323,2322,2730,1662,0,0.00490671
Warm C,169644,1077,1076,2730,1662,1,0.010907249
Warm C,85647,558,557,2730,1662,0,0.005544103
Warm C,75033,509,508,2730,1662,0,0.010531382
Warm C,71595,481,480,2730,1662,0,-0.0011902761
Warm C,211230,1285,1284,2730,1662,1,0.002287285
Warm C,58090,392,391,2730,1662,0,0.003710986
Warm C,197431,1211,1210,2730,1662,1,0.009230945
Warm C,34135,230,229,2730,1662,1,0.0025939734
Warm C,32121,216,215,2730,1662,0,0.0018864841
Warm C,133665,864,863,2730,1662,1,-0.0016574776
Warm C,22016,161,160,2730,1662,0,-0.006164021
Warm C,60761,411,410,2730,1662,0,0.0010265098
Warm C,355101,2077,2076,2730,1662,0,0.0026923905
Warm C,552557,3401,3400,2730,1662,0,0.013248071
Warm C,203700,1252,1251,2730,1662,1,-0.0009418513
Warm C,158528,1015,1014,2730,1662,0,0.004175587
Warm C,680747,4079,4078,2730,1662,1,0.0030098553
Warm C,372688,2176,2175,2730,1662,1,0.009797992
Warm C,823588,4950,4949,2730,1662,0,0.011031525
Warm C,20035,149,148,2730,1662,1,0.014616976
Warm C,860376,5172,5171,2730,1662,0,-0.001263846
Warm C,271840,1643,1642,2730,1662,1,0.0028527123
Warm C,563186,3464,3463,2730,1662,1,0.0067077973
Warm C,195675,1203,1202,2730,1662,1,-0.005169662
Warm C,267301,1624,1623,2730,1662,0,0.0065447288
Warm C,447698,2760,2759,2730,1662,1,0.00025258434
Warm C,841568,5054,5053,2730,1662,1,0.00303134
Warm C,171951,1088,1087,2730,1662,1,0.0016313219
Warm C,322609,1912,1911,2730,1662,0,0.0064887535
Warm C,319510,1897,1896,2730,1662,1,0.011470262
Warm C,739593,4418,4417,2730,1662,1,0.011983804
Warm C,276389,1671,1670,2730,1662,1,0.0011788905
Warm C,562730,3462,3461,2730,1662,0,-0.0009317091
Warm C,667630,4016,4015,2731,1663,0,0.01903294
Warm C,686064,4103,4102,2731,1663,1,0.022072975
Warm C,695416,4167,4166,2731,1663,1,0.025596462
Warm C,634137,3825,3824,2731,1663,1,0.008963171
Warm C,631755,3821,3820,2731,1663,1,0.016822677
Warm C,646082,3888,3887,2731,1663,1,0.01683538
Warm C,613969,3718,3717,2731,1663,1,0.017763726
Warm C,606672,3683,3682,2731,1663,1,0.017729552
Warm C,580617,3546,3545,2731,1663,1,0.022520278
Warm C,594191,3618,3617,2731,1663,0,0.012796458
Warm C,565224,3474,3473,2731,1663,1,0.014052713
Warm C,904444,5468,5467,2731,1663,1,0.0016222852
Warm C,551310,3394,3393,2731,1663,1,0.023070274
Warm C,546935,3371,3370,2731,1663,1,0.017948361
Warm C,548052,3380,3379,2731,1663,1,0.012683751
Warm C,553010,3402,3401,2731,1663,1,0.015797522
Warm C,542987,3341,3340,2731,1663,1,0.008953397
Warm C,535118,3301,3300,2731,1663,1,0.0138821155
Warm C,533541,3292,3291,2731,1663,1,0.018322922
Warm C,523238,3226,3225,2731,1663,0,-0.0018585797
Warm C,520904,3214,3213,2731,1663,1,0.0063304882
Warm C,522834,3224,3223,2731,1663,1,0.008292114
Warm C,513953,3171,3170,2731,1663,1,0.010703693
Warm C,505676,3110,3109,2731,1663,1,0.012736869
Warm C,769110,4579,4578,2731,1663,1,0.009796573
Warm C,500749,3075,3074,2731,1663,1,0.018608931
Warm C,546174,3367,3366,2731,1663,1,0.018274138
Warm C,497361,3054,3053,2731,1663,1,0.0106459195
Warm C,485249,2986,2985,2731,1663,1,0.02245614
Warm C,483854,2975,2974,2731,1663,1,0.017065575
Warm C,480870,2952,2951,2731,1663,1,0.012354933
Warm C,479520,2942,2941,2731,1663,1,0.009664374
Warm C,697685,4169,4168,2731,1663,1,0.028178427
Warm C,852959,5113,5112,2731,1663,0,0.02633983
Warm C,459768,2834,2833,2731,1663,1,0.0056213485
Warm C,458181,2820,2819,2731,1663,1,0.016451871
Warm C,456721,2811,2810,2731,1663,1,0.006916076
Warm C,455913,2807,2806,2731,1663,1,0.021871034
Warm C,454910,2798,2797,2731,1663,0,0.0085519105
Warm C,453166,2791,2790,2731,1663,1,0.0042485585
Warm C,448528,2764,2763,2731,1663,1,0.01562037
Warm C,438009,2676,2675,2731,1663,1,0.01625045
Warm C,421163,2544,2543,2731,1663,0,0.015488596
Warm C,398313,2368,2367,2731,1663,1,0.012912391
Warm C,392797,2306,2305,2731,1663,1,0.0037774784
Warm C,381740,2231,2230,2731,1663,0,0.011716588
Warm C,343730,2018,2017,2731,1663,1,0.011974702
Warm C,344237,2020,2019,2731,1663,0,0.016072897
Warm C,323250,1916,1915,2731,1663,1,0.013060323
Warm C,320258,1899,1898,2731,1663,1,0.0139164375
Warm C,302701,1797,1796,2731,1663,1,0.010902684
Warm C,302527,1796,1795,2731,1663,1,0.0046763113
Warm C,301553,1791,1790,2731,1663,1,0.0093221385
Warm C,293432,1747,1746,2731,1663,1,0.013615233
Warm C,326604,1936,1935,2731,1663,1,0.011724556
Warm C,286477,1711,1710,2731,1663,1,0.0013790992
Warm C,287829,1717,1716,2731,1663,1,0.009342342
Warm C,282744,1694,1693,2731,1663,1,0.017614758
Warm C,282354,1693,1692,2731,1663,1,0.013993487
Warm C,292492,1741,1740,2731,1663,1,0.013889191
Warm C,271058,1639,1638,2731,1663,1,0.0039842213
Warm C,264225,1607,1606,2731,1663,0,0.026748702
Warm C,256675,1569,1568,2731,1663,1,0.00738663
Warm C,256558,1567,1566,2731,1663,1,0.024185877
Warm C,294437,1749,1748,2731,1663,1,0.012178159
Warm C,228974,1387,1386,2731,1663,1,0.018915512
Warm C,325544,1926,1925,2731,1663,1,0.024490658
Warm C,211819,1288,1287,2731,1663,0,0.01965666
Warm C,208383,1273,1272,2731,1663,1,0.009884437
Warm C,207569,1268,1267,2731,1663,1,0.0044737943
Warm C,207371,1267,1266,2731,1663,1,0.015082879
Warm C,199588,1224,1223,2731,1663,1,0.020134175
Warm C,188659,1170,1169,2731,1663,1,0.021089613
Warm C,184445,1147,1146,2731,1663,0,0.0032921406
Warm C,181015,1131,1130,2731,1663,1,0.012215071
Warm C,169645,1077,1076,2731,1663,1,0.008630045
Warm C,160317,1019,1018,2731,1663,1,0.020058453
Warm C,191307,1181,1180,2731,1663,0,0.01860524
Warm C,158529,1015,1014,2731,1663,1,0.01913173
Warm C,149040,958,957,2731,1663,1,0.009517112
Warm C,222149,1343,1342,2731,1663,1,0.012559621
Warm C,135058,873,872,2731,1663,1,0.008358213
Warm C,201730,1242,1241,2731,1663,1,0.014204731
Warm C,197432,1211,1210,2731,1663,1,0.012935498
Warm C,635953,3833,3832,2731,1663,0,0.012732876
Warm C,240399,1449,1448,2731,1663,1,0.025173591
Warm C,108542,711,710,2731,1663,1,0.0047124345
Warm C,100474,670,669,2731,1663,1,0.0066586714
Warm C,99761,666,665,2731,1663,1,0.026065439
Warm C,95965,644,643,2731,1663,1,0.013167662
Warm C,77779,524,523,2731,1663,1,0.03074649
Warm C,69537,466,465,2731,1663,1,0.018928643
Warm C,501426,3080,3079,2731,1663,1,0.012927456
Warm C,440190,2691,2690,2731,1663,1,0.019965094
Warm C,48846,327,326,2731,1663,1,0.011400125
Warm C,67073,451,450,2731,1663,1,0.00529144
Warm C,44568,302,301,2731,1663,1,0.023993809
Warm C,177146,1117,1116,2731,1663,0,0.015614763
Warm C,39786,270,269,2731,1663,1,0.009299072
Warm C,208915,1274,1273,2731,1663,1,0.023155736
Warm C,417618,2520,2519,2731,1663,1,0.006683491
Warm C,748057,4465,4464,2731,1663,1,0.006665085
Warm C,431163,2627,2626,2731,1663,0,0.018337455
Warm C,133666,864,863,2731,1663,1,0.010341993
Warm C,23138,166,165,2731,1663,1,0.016773354
Warm C,796381,4771,4770,2731,1663,1,0.015823256
Warm C,61819,415,414,2731,1663,1,0.013780591
Warm C,592132,3610,3609,2731,1663,0,0.020699464
Warm C,4866,35,34,2731,1663,1,0.008242048
Warm C,1472,14,13,2731,1663,1,0.008132633
Warm C,76420,518,517,2731,1663,1,0.020728707
Warm C,739594,4418,4417,2731,1663,1,0.014199245
Warm C,284913,1699,1698,2731,1663,1,0.017315289
Warm C,508307,3128,3127,2731,1663,1,0.019831657
Warm C,607770,3688,3687,2731,1663,1,0.010108715
Warm C,24390,173,172,2731,1663,1,0.011979869
Warm C,67540,453,452,2731,1663,1,0.020656655
Warm C,916214,5536,5535,2731,1663,0,0.0136339525
Warm C,372689,2176,2175,2731,1663,1,0.01703988
Warm C,841569,5054,5053,2731,1663,0,0.018632025
Warm C,257859,1579,1578,2731,1663,1,0.022288479
Warm C,308855,1837,1836,2731,1663,1,0.031083591
Warm C,233712,1421,1420,2731,1663,1,0.012751693
Warm C,176129,1113,1112,2731,1663,1,0.013807219
Warm C,322610,1912,1911,2731,1663,0,0.01747066
Warm C,223105,1352,1351,2731,1663,1,0.014993677
Warm C,8817,59,58,2731,1663,0,0.015841117
Warm C,646226,3889,3888,2732,1664,1,0.011742977
Warm C,631756,3821,3820,2732,1664,1,0.0060273954
Warm C,613970,3718,3717,2732,1664,1,0.004266912
Warm C,589191,3592,3591,2732,1664,1,-0.001308552
Warm C,580618,3546,3545,2732,1664,1,0.010519973
Warm C,594193,3618,3617,2732,1664,0,0.014400555
Warm C,553011,3402,3401,2732,1664,1,0.0036401022
Warm C,549522,3390,3389,2732,1664,1,0.0064799436
Warm C,548053,3380,3379,2732,1664,1,0.009931326
Warm C,550454,3391,3390,2732,1664,1,0.011349066
Warm C,543482,3346,3345,2732,1664,1,0.0029875995
Warm C,541257,3329,3328,2732,1664,1,0.009423016
Warm C,533542,3292,3291,2732,1664,1,0.008888861
Warm C,523239,3226,3225,2732,1664,0,0.001838457
Warm C,522835,3224,3223,2732,1664,1,0.00060474826
Warm C,513954,3171,3170,2732,1664,1,-0.0023133103
Warm C,506845,3118,3117,2732,1664,0,0.010098857
Warm C,505275,3108,3107,2732,1664,1,0.014641329
Warm C,769111,4579,4578,2732,1664,1,0.005956481
Warm C,546175,3367,3366,2732,1664,1,0.0013175365
Warm C,738523,4411,4410,2732,1664,1,0.0117425
Warm C,491221,3020,3019,2732,1664,1,0.0015257117
Warm C,479521,2942,2941,2732,1664,1,0.0053743473
Warm C,697686,4169,4168,2732,1664,1,0.016912408
Warm C,458182,2820,2819,2732,1664,0,-0.00261413
Warm C,456722,2811,2810,2732,1664,1,-0.0037404988
Warm C,452873,2788,2787,2732,1664,1,0.0022268184
Warm C,453167,2791,2790,2732,1664,1,0.0051999064
Warm C,443367,2733,2732,2732,1664,1,0.0016536189
Warm C,438010,2676,2675,2732,1664,1,0.008259457
Warm C,413455,2486,2485,2732,1664,1,0.0016627344
Warm C,411878,2476,2475,2732,1664,1,0.001933465
Warm C,398314,2368,2367,2732,1664,1,0.0045939037
Warm C,381742,2231,2230,2732,1664,1,0.003935269
Warm C,361847,2109,2108,2732,1664,1,0.012388601
Warm C,347476,2038,2037,2732,1664,1,0.0109694805
Warm C,323251,1916,1915,2732,1664,1,-0.0031269658
Warm C,320259,1899,1898,2732,1664,1,0.010035036
Warm C,302702,1797,1796,2732,1664,1,0.010710416
Warm C,292493,1741,1740,2732,1664,1,0.002266789
Warm C,266888,1619,1618,2732,1664,1,0.014682683
Warm C,256677,1569,1568,2732,1664,1,0.011992143
Warm C,294439,1749,1748,2732,1664,1,-0.0034019803
Warm C,227854,1382,1381,2732,1664,1,0.009101945
Warm C,325545,1926,1925,2732,1664,1,0.0062131714
Warm C,218090,1322,1321,2732,1664,1,0.0043669036
Warm C,212135,1291,1290,2732,1664,1,0.012824196
Warm C,208916,1274,1273,2732,1664,0,0.008868473
Warm C,208384,1273,1272,2732,1664,1,0.008158521
Warm C,271060,1639,1638,2732,1664,1,0.0052846847
Warm C,184446,1147,1146,2732,1664,0,0.0027190463
Warm C,180416,1128,1127,2732,1664,1,0.0067542307
Warm C,163114,1041,1040,2732,1664,1,-0.004542128
Warm C,160318,1019,1018,2732,1664,0,0.012892915
Warm C,191308,1181,1180,2732,1664,0,0.0073747155
Warm C,158530,1015,1014,2732,1664,0,0.012525663
Warm C,217253,1317,1316,2732,1664,1,0.00831897
Warm C,140442,900,899,2732,1664,1,-0.004875834
Warm C,138678,889,888,2732,1664,0,0.007432287
Warm C,201731,1242,1241,2732,1664,1,0.011271687
Warm C,127916,825,824,2732,1664,0,-0.006977203
Warm C,116496,752,751,2732,1664,0,0.016663708
Warm C,100966,673,672,2732,1664,1,0.00037044473
Warm C,284421,1698,1697,2732,1664,1,0.013049442
Warm C,89357,588,587,2732,1664,1,0.014641058
Warm C,77780,524,523,2732,1664,1,0.011737705
Warm C,48847,327,326,2732,1664,1,0.008102492
Warm C,46650,313,312,2732,1664,1,-0.000740774
Warm C,177147,1117,1116,2732,1664,1,0.012301782
Warm C,35300,238,237,2732,1664,0,-0.005811783
Warm C,34742,235,234,2732,1664,1,-0.0040876092
Warm C,133667,864,863,2732,1664,0,0.011055937
Warm C,4868,35,34,2732,1664,1,0.002100796
Warm C,739595,4418,4417,2732,1664,1,0.0067668236
Warm C,421164,2544,2543,2732,1664,1,0.0025598933
Warm C,316977,1884,1883,2732,1664,1,0.009043278
Warm C,106263,699,698,2732,1664,0,0.003758001
Warm C,616699,3732,3731,2732,1664,0,0.013544008
Warm C,607771,3688,3687,2732,1664,1,0.007092205
Warm C,24392,173,172,2732,1664,1,0.003015524
Warm C,924189,5580,5579,2732,1664,1,0.017971812
Warm C,319511,1897,1896,2732,1664,1,0.00821043
Warm C,322611,1912,1911,2732,1664,0,0.008780804
Warm C,700039,4186,4185,2732,1664,0,0.009448091
Warm C,176130,1113,1112,2732,1664,1,0.010372738
Warm C,171953,1088,1087,2732,1664,1,0.010577178
Warm C,223106,1352,1351,2732,1664,1,-0.00012719719
Warm C,860377,5172,5171,2732,1664,1,0.009934189
Warm C,167007,1062,1061,2738,1668,1,0.005952884
Warm C,185647,1150,1149,2738,1668,0,0.011320277
Warm C,131305,850,849,2738,1668,0,0.010808075
Warm C,211238,1285,1284,2738,1668,0,0.009090355
Warm C,284427,1698,1697,2738,1668,1,0.009536663
Warm C,191316,1181,1180,2738,1668,0,0.016490936
Warm C,239216,1448,1447,2738,1668,1,0.02158679
Warm C,84431,550,549,2738,1668,1,0.016585242
Warm C,76189,517,516,2738,1668,1,0.007404944
Warm C,639279,3842,3841,2738,1668,1,0.0010448294
Warm C,35305,238,237,2738,1668,0,0.009924145
Warm C,9318,62,61,2738,1668,0,0.005431656
Warm C,6237,45,44,2738,1668,0,0.006207519
Warm C,18734,146,145,2738,1668,0,0.008904161
Warm C,714109,4277,4276,2738,1668,1,0.0108275665
Warm C,328545,1941,1940,2738,1668,0,0.0030820726
Warm C,757892,4508,4507,2738,1668,1,0.012072714
Warm C,161406,1029,1028,2738,1668,1,0.008025901
Warm C,276392,1671,1670,2738,1668,0,0.0060057915
Warm C,588099,3589,3588,2741,1670,0,0.01708935
Warm C,595625,3623,3622,2748,1674,1,0.002282476
Warm C,596824,3626,3625,2748,1674,0,0.010283534
Warm C,586764,3582,3581,2748,1674,0,0.01456082
Warm C,586513,3579,3578,2748,1674,0,0.009551115
Warm C,583629,3562,3561,2748,1674,0,0.014176186
Warm C,594226,3618,3617,2748,1674,0,-0.0018823743
Warm C,616295,3729,3728,2748,1674,0,0.006787575
Warm C,552577,3401,3400,2748,1674,0,0.014505954
Warm C,549217,3389,3388,2748,1674,0,0.0037836633
Warm C,537425,3311,3310,2748,1674,0,0.009232686
Warm C,526860,3259,3258,2748,1674,1,0.0064674504
Warm C,518877,3201,3200,2748,1674,0,0.004507027
Warm C,517091,3191,3190,2748,1674,0,-0.0034245197
Warm C,527610,3261,3260,2748,1674,0,0.0017659541
Warm C,509556,3138,3137,2748,1674,0,0.007442654
Warm C,502421,3083,3082,2748,1674,0,-0.00809299
Warm C,486726,2995,2994,2748,1674,0,-0.0002766319
Warm C,559284,3435,3434,2748,1674,0,0.0076364493
Warm C,697717,4169,4168,2748,1674,0,0.008924885
Warm C,738533,4411,4410,2748,1674,0,0.007104012
Warm C,474005,2909,2908,2748,1674,1,-0.004653141
Warm C,468607,2887,2886,2748,1674,0,0.008749971
Warm C,467819,2883,2882,2748,1674,0,7.717591e-05
Warm C,463534,2857,2856,2748,1674,0,0.010618259
Warm C,467015,2878,2877,2748,1674,0,0.003109675
Warm C,449992,2774,2773,2748,1674,0,0.005175489
Warm C,449655,2772,2771,2748,1674,0,-0.00075535965
Warm C,418902,2529,2528,2748,1674,0,-0.0045658485
Warm C,407038,2445,2444,2748,1674,0,-0.009171393
Warm C,402477,2402,2401,2748,1674,0,0.0054886974
Warm C,407822,2451,2450,2748,1674,0,0.009420996
Warm C,393745,2318,2317,2748,1674,0,0.010284653
Warm C,377408,2203,2202,2748,1674,0,-0.0010142197
Warm C,375194,2186,2185,2748,1674,0,-4.379335e-05
Warm C,373561,2180,2179,2748,1674,0,-0.0030530102
Warm C,356520,2088,2087,2748,1674,0,0.00065619405
Warm C,341770,2012,2011,2748,1674,1,0.0038706588
Warm C,333509,1968,1967,2748,1674,0,-0.0016148655
Warm C,293435,1747,1746,2748,1674,0,0.0008982854
Warm C,297687,1764,1763,2748,1674,1,-0.00073978514
Warm C,291634,1737,1736,2748,1674,0,-0.0030602235
Warm C,289010,1726,1725,2748,1674,0,-0.001768304
Warm C,232355,1410,1409,2748,1674,0,0.004823824
Warm C,356909,2090,2089,2748,1674,0,0.0010114626
Warm C,227293,1377,1376,2748,1674,0,0.00022209203
Warm C,336269,1980,1979,2748,1674,0,-0.010215316
Warm C,226424,1370,1369,2748,1674,0,0.009960765
Warm C,279783,1680,1679,2748,1674,0,0.0067321444
Warm C,183324,1141,1140,2748,1674,0,0.0064990567
Warm C,308870,1837,1836,2748,1674,0,0.010907055
Warm C,180025,1127,1126,2748,1674,0,0.0071833064
Warm C,328573,1941,1940,2748,1674,0,0.0067381337
Warm C,275702,1667,1666,2748,1674,0,0.0045999167
Warm C,156018,1004,1003,2748,1674,0,0.0064369384
Warm C,240429,1449,1448,2748,1674,0,-3.217999e-05
Warm C,107111,704,703,2748,1674,0,0.007672894
Warm C,113433,735,734,2748,1674,0,0.0045683244
Warm C,84990,552,551,2748,1674,1,0.0070169126
Warm C,80360,533,532,2748,1674,0,0.004394876
Warm C,68855,461,460,2748,1674,0,0.00081750425
Warm C,130011,840,839,2748,1674,0,-0.001351301
Warm C,38328,261,260,2748,1674,0,0.0072684917
Warm C,40451,272,271,2748,1674,0,-0.0014225469
Warm C,270164,1635,1634,2748,1674,0,0.0064298008
Warm C,23348,167,166,2748,1674,0,0.009380032
Warm C,592154,3610,3609,2748,1674,0,0.002302121
Warm C,5620,40,39,2748,1674,0,0.0059207515
Warm C,19488,148,147,2748,1674,0,0.0037304536
Warm C,530332,3274,3273,2748,1674,0,-0.0027072565
Warm C,238190,1447,1446,2748,1674,0,-4.6174973e-05
Warm C,829236,4979,4978,2748,1674,0,0.0044965986
Warm C,102540,678,677,2748,1674,0,0.0024967908
Warm C,255971,1560,1559,2748,1674,0,0.0038682036
Warm C,893472,5394,5393,2748,1674,0,0.010437737
Warm C,992715,5996,5995,2748,1674,0,0.0060416
Warm C,305098,1812,1811,2748,1674,0,-0.0013852713
Warm C,28255,195,194,2748,1674,0,0.0030363097
Warm C,269219,1632,1631,2749,1675,0,0.019757759
Warm C,264718,1609,1608,2749,1675,0,0.012967784
Warm C,325558,1926,1925,2749,1675,1,0.013631357
Warm C,296582,1758,1757,2749,1675,0,0.004223522
Warm C,279786,1680,1679,2749,1675,1,0.026170667
Warm C,307648,1835,1834,2749,1675,0,0.022402834
Warm C,151711,975,974,2749,1675,0,0.012676161
Warm C,148403,955,954,2749,1675,0,0.015579231
Warm C,140563,903,902,2749,1675,1,0.007551671
Warm C,138711,889,888,2749,1675,1,0.022737361
Warm C,98455,659,658,2749,1675,0,0.0061817737
Warm C,97952,655,654,2749,1675,0,0.016554562
Warm C,714128,4277,4276,2749,1675,0,0.020373372
Warm C,241407,1451,1450,2749,1675,0,0.020458136
Warm C,83441,549,548,2749,1675,1,0.022890516
Warm C,239239,1448,1447,2749,1675,0,0.02574546
Warm C,319531,1897,1896,2749,1675,0,0.012110376
Warm C,75373,512,511,2749,1675,0,-0.00047165737
Warm C,33542,225,224,2749,1675,1,0.017885622
Warm C,21290,156,155,2749,1675,1,0.0014791689
Warm C,15657,123,122,2749,1675,0,0.018177953
Warm C,89367,588,587,2749,1675,1,0.026129907
Warm C,19489,148,147,2749,1675,0,0.0017021924
Warm C,627029,3792,3791,2749,1675,0,0.017606517
Warm C,102542,678,677,2749,1675,1,0.015413948
Warm C,63280,424,423,2749,1675,0,0.01957276
Warm C,709995,4258,4257,2749,1675,0,0.030081047
Warm C,669866,4026,4025,2752,1677,0,0.009429583
Warm C,668695,4021,4020,2752,1677,1,0.012779618
Warm C,667662,4016,4015,2752,1677,0,0.010501516
Warm C,684204,4089,4088,2752,1677,0,0.013800445
Warm C,664801,4001,4000,2752,1677,1,0.000553431
Warm C,680363,4078,4077,2752,1677,0,0.017824072
Warm C,647833,3900,3899,2752,1677,0,0.014644971
Warm C,635184,3829,3828,2752,1677,0,0.011427342
Warm C,638515,3841,3840,2752,1677,1,0.017453237
Warm C,619608,3754,3753,2752,1677,0,0.00419835
Warm C,614920,3724,3723,2752,1677,1,0.009897331
Warm C,613706,3717,3716,2752,1677,1,0.014587413
Warm C,612647,3713,3712,2752,1677,0,0.009629377
Warm C,611333,3705,3704,2752,1677,0,0.009637589
Warm C,604888,3677,3676,2752,1677,0,-0.00033301022
Warm C,633549,3824,3823,2752,1677,0,0.015844192
Warm C,594245,3618,3617,2752,1677,0,0.021542706
Warm C,596833,3626,3625,2752,1677,0,0.015170975
Warm C,622806,3769,3768,2752,1677,1,0.021284632
Warm C,583638,3562,3561,2752,1677,0,0.010598858
Warm C,577471,3526,3525,2752,1677,0,0.011779716
Warm C,581008,3547,3546,2752,1677,0,0.011382408
Warm C,557340,3423,3422,2752,1677,0,0.014024869
Warm C,554162,3410,3409,2752,1677,0,0.0023135445
Warm C,550512,3391,3390,2752,1677,0,0.011125772
Warm C,539034,3314,3313,2752,1677,0,0.013338335
Warm C,542411,3336,3335,2752,1677,0,0.008530689
Warm C,533583,3292,3291,2752,1677,1,0.011534156
Warm C,528328,3265,3264,2752,1677,0,0.012190521
Warm C,540054,3320,3319,2752,1677,0,0.00442306
Warm C,515679,3182,3181,2752,1677,0,0.015020148
Warm C,515059,3180,3179,2752,1677,0,0.0038887835
Warm C,506239,3114,3113,2752,1677,1,0.014877501
Warm C,529966,3272,3271,2752,1677,1,0.00548726
Warm C,478845,2938,2937,2752,1677,1,0.012522517
Warm C,697731,4169,4168,2752,1677,1,0.016082995
Warm C,472830,2907,2906,2752,1677,0,0.001523538
Warm C,738535,4411,4410,2752,1677,0,0.0036481903
Warm C,474022,2909,2908,2752,1677,0,0.0071678516
Warm C,467031,2878,2877,2752,1677,0,0.014360944
Warm C,754987,4497,4496,2752,1677,0,0.006301967
Warm C,458228,2820,2819,2752,1677,0,0.008384162
Warm C,452323,2785,2784,2752,1677,0,0.00430189
Warm C,437130,2668,2667,2752,1677,0,0.022884326
Warm C,435434,2661,2660,2752,1677,1,0.001954381
Warm C,430570,2624,2623,2752,1677,1,0.009294301
Warm C,446984,2753,2752,2752,1677,0,0.011042463
Warm C,412987,2484,2483,2752,1677,0,0.018637542
Warm C,409297,2456,2455,2752,1677,0,0.010694545
Warm C,403361,2409,2408,2752,1677,0,0.00079932483
Warm C,395384,2335,2334,2752,1677,1,0.0022919811
Warm C,382999,2237,2236,2752,1677,1,0.015334427
Warm C,377421,2203,2202,2752,1677,1,0.006465664
Warm C,364942,2124,2123,2752,1677,0,-0.00057963654
Warm C,256881,1571,1570,2752,1677,0,-0.0036802439
Warm C,260183,1591,1590,2752,1677,1,0.02036736
Warm C,264724,1609,1608,2752,1677,0,0.010907982
Warm C,266028,1613,1612,2752,1677,0,0.01367482
Warm C,262346,1600,1599,2752,1677,1,0.015855081
Warm C,242979,1465,1464,2752,1677,0,0.0080300225
Warm C,227303,1377,1376,2752,1677,0,0.007840427
Warm C,357668,2092,2091,2752,1677,1,0.010761406
Warm C,222512,1346,1345,2752,1677,0,0.00533894
Warm C,336289,1980,1979,2752,1677,0,0.021925539
Warm C,276423,1671,1670,2752,1677,1,0.015220841
Warm C,320285,1899,1898,2752,1677,1,0.010602985
Warm C,289484,1727,1726,2752,1677,0,0.00027799024
Warm C,206027,1264,1263,2752,1677,0,0.009361004
Warm C,201024,1239,1238,2752,1677,0,0.016007211
Warm C,279814,1680,1679,2752,1677,1,0.016067095
Warm C,192199,1183,1182,2752,1677,1,0.011868382
Warm C,307663,1835,1834,2752,1677,1,0.01736794
Warm C,244172,1470,1469,2752,1677,0,0.009514367
Warm C,328600,1941,1940,2752,1677,0,0.0026900289
Warm C,165328,1053,1052,2752,1677,0,0.017089942
Warm C,166126,1058,1057,2752,1677,1,0.005216934
Warm C,331883,1958,1957,2752,1677,0,0.010946296
Warm C,154440,996,995,2752,1677,0,0.009448001
Warm C,149733,963,962,2752,1677,0,0.02524054
Warm C,185701,1150,1149,2752,1677,0,0.016898904
Warm C,138735,889,888,2752,1677,0,0.0055046994
Warm C,130328,844,843,2752,1677,0,0.015496491
Warm C,160362,1019,1018,2752,1677,0,0.00506189
Warm C,117661,757,756,2752,1677,0,0.009353745
Warm C,211277,1285,1284,2752,1677,0,0.014058101
Warm C,240449,1449,1448,2752,1677,0,0.018969443
Warm C,714134,4277,4276,2752,1677,0,0.008901143
Warm C,94290,631,630,2752,1677,0,0.002533039
Warm C,284464,1698,1697,2752,1677,0,0.020882223
Warm C,228497,1383,1382,2752,1677,0,0.008703174
Warm C,97172,651,650,2752,1677,0,0.00643308
Warm C,86809,566,565,2752,1677,0,0.0074456325
Warm C,191367,1181,1180,2752,1677,0,0.016439367
Warm C,84458,550,549,2752,1677,0,0.0119706895
Warm C,80368,533,532,2752,1677,0,0.016075227
Warm C,68863,461,460,2752,1677,0,0.011536242
Warm C,61642,414,413,2752,1677,0,0.006998914
Warm C,308887,1837,1836,2752,1677,0,0.017985923
Warm C,47574,319,318,2752,1677,0,0.01662415
Warm C,88936,587,586,2752,1677,0,0.0016386101
Warm C,38960,264,263,2752,1677,0,0.011690491
Warm C,32556,219,218,2752,1677,0,0.0019360112
Warm C,32176,216,215,2752,1677,0,-0.0020346553
Warm C,25113,176,175,2752,1677,0,0.008461317
Warm C,239254,1448,1447,2752,1677,0,0.021191265
Warm C,23167,166,165,2752,1677,0,0.0036581336
Warm C,9347,62,61,2752,1677,0,0.0061993683
Warm C,1805,17,16,2752,1677,1,0.01553412
Warm C,60805,411,410,2752,1677,0,0.010175396
Warm C,207091,1266,1265,2752,1677,0,0.015266097
Warm C,686624,4107,4106,2752,1677,1,0.009627505
Warm C,19507,148,147,2752,1677,1,0.005932843
Warm C,49524,329,328,2752,1677,0,0.01237186
Warm C,122683,791,790,2752,1677,0,0.014181811
Warm C,954365,5761,5760,2752,1677,1,0.016805261
Warm C,572422,3507,3506,2752,1677,0,0.018355317
Warm C,79675,531,530,2752,1677,0,0.015616546
Warm C,102558,678,677,2752,1677,1,0.011324439
Warm C,431179,2627,2626,2752,1677,0,0.015629184
Warm C,263622,1605,1604,2752,1677,0,0.028645556
Warm C,136875,881,880,2752,1677,0,0.00076471234
Warm C,63299,424,423,2752,1677,0,0.0072406307
Warm C,700046,4186,4185,2752,1677,0,0.013842416
Warm C,934015,5636,5635,2752,1677,0,0.0104379635
Warm C,794227,4748,4747,2752,1677,0,0.016172066
Warm C,532522,3286,3285,2757,1678,0,0.002746993
Warm C,528571,3266,3265,2757,1678,1,0.00012291549
Warm C,522895,3224,3223,2757,1678,1,0.0108622005
Warm C,520590,3210,3209,2757,1678,1,-0.0025087758
Warm C,503463,3093,3092,2757,1678,0,-0.0011303882
Warm C,714140,4277,4276,2757,1678,1,0.020394642
Warm C,852967,5113,5112,2757,1678,0,0.011155989
Warm C,448541,2764,2763,2757,1678,0,0.011522343
Warm C,431455,2628,2627,2757,1678,1,0.004378194
Warm C,416159,2506,2505,2757,1678,0,0.0044587934
Warm C,413291,2485,2484,2757,1678,0,0.005699545
Warm C,464323,2860,2859,2757,1678,1,0.018612003
Warm C,403772,2411,2410,2757,1678,1,-0.0042723594
Warm C,381769,2231,2230,2757,1678,0,0.014523085
Warm C,383001,2237,2236,2757,1678,1,0.001725707
Warm C,378814,2211,2210,2757,1678,1,0.00912929
Warm C,376781,2199,2198,2757,1678,1,-0.0003583883
Warm C,374664,2184,2183,2757,1678,1,0.0019513249
Warm C,373070,2178,2177,2757,1678,1,0.0032167723
Warm C,372126,2173,2172,2757,1678,1,0.0025475887
Warm C,371324,2170,2169,2757,1678,1,-0.00010950025
Warm C,356133,2086,2085,2757,1678,0,0.0012505882
Warm C,354516,2075,2074,2757,1678,1,0.013065498
Warm C,353765,2072,2071,2757,1678,1,0.010597252
Warm C,353010,2067,2066,2757,1678,0,0.008282181
Warm C,347493,2038,2037,2757,1678,0,0.0065186354
Warm C,343885,2019,2018,2757,1678,1,-0.00013955822
Warm C,339582,2001,2000,2757,1678,1,0.006496032
Warm C,280974,1685,1684,2757,1678,0,0.012436232
Warm C,279827,1680,1679,2757,1678,1,0.012953646
Warm C,269238,1632,1631,2757,1678,0,0.019518714
Warm C,264236,1607,1606,2757,1678,1,0.0024766875
Warm C,261018,1595,1594,2757,1678,0,0.0060608964
Warm C,258213,1583,1582,2757,1678,1,0.004624554
Warm C,338322,1988,1987,2757,1678,1,0.0049800603
Warm C,259637,1587,1586,2757,1678,0,0.0075052525
Warm C,228504,1383,1382,2757,1678,0,0.009912362
Warm C,217775,1321,1320,2757,1678,0,0.0040069944
Warm C,211827,1288,1287,2757,1678,1,0.002812253
Warm C,200948,1238,1237,2757,1678,1,-0.0004522506
Warm C,298628,1772,1771,2757,1678,1,-0.002219956
Warm C,188675,1170,1169,2757,1678,1,0.003728489
Warm C,165333,1053,1052,2757,1678,0,0.01560441
Warm C,320293,1899,1898,2757,1678,1,0.010003917
Warm C,140499,902,901,2757,1678,1,0.0066574626
Warm C,140018,897,896,2757,1678,0,0.014120966
Warm C,131326,850,849,2757,1678,1,-0.0007485219
Warm C,124585,801,800,2757,1678,1,-0.0046996693
Warm C,111916,728,727,2757,1678,1,-0.006605897
Warm C,111738,727,726,2757,1678,0,0.01280805
Warm C,101194,675,674,2757,1678,0,-0.0021238958
Warm C,94634,635,634,2757,1678,1,0.013978411
Warm C,191377,1181,1180,2757,1678,0,0.013498903
Warm C,883505,5333,5332,2757,1678,0,0.020713918
Warm C,116539,752,751,2757,1678,1,0.010833317
Warm C,76784,520,519,2757,1678,1,0.002782028
Warm C,639308,3842,3841,2757,1678,1,0.011433652
Warm C,42114,285,284,2757,1678,1,0.0058735525
Warm C,313006,1865,1864,2757,1678,1,0.0053980574
Warm C,332280,1960,1959,2757,1678,1,0.0064347163
Warm C,32186,216,215,2757,1678,0,0.017479898
Warm C,9354,62,61,2757,1678,1,0.01485721
Warm C,239259,1448,1447,2757,1678,0,0.02378276
Warm C,203709,1252,1251,2757,1678,1,0.0061119515
Warm C,158586,1015,1014,2757,1678,0,0.01906269
Warm C,365875,2129,2128,2757,1678,1,0.003736566
Warm C,249943,1505,1504,2757,1678,1,-0.0016098676
Warm C,317012,1884,1883,2757,1678,1,0.0013618578
Warm C,3211,24,23,2757,1678,1,0.01209021
Warm C,807782,4834,4833,2757,1678,1,0.0136722475
Warm C,102568,678,677,2757,1678,1,0.013409035
Warm C,232852,1415,1414,2757,1678,0,0.010889297
Warm C,319547,1897,1896,2757,1678,1,0.006634463
Warm C,25919,183,182,2757,1678,1,0.0041497783
Warm C,397420,2353,2352,2757,1678,1,0.0011694375
Warm C,287323,1715,1714,2769,1684,1,0.008395901
Warm C,619084,3751,3750,2769,1684,0,0.007992897
Warm C,460847,2841,2840,2769,1684,0,0.0069101946
Warm C,599462,3648,3647,2769,1684,0,0.0020830282
Warm C,388227,2271,2270,2769,1684,0,0.011984577
Warm C,908434,5493,5492,2769,1684,0,0.018168904
Warm C,451548,2779,2778,2769,1684,1,0.009474281
Warm C,355155,2077,2076,2769,1684,1,0.007875367
Warm C,176146,1113,1112,2769,1684,0,0.01181185
Warm C,941815,5682,5681,2769,1684,0,-0.00781605
Warm C,984460,5949,5948,2769,1684,0,-0.0011496352
Warm C,807787,4834,4833,2769,1684,0,0.01099541
Warm C,172050,1088,1087,2769,1684,0,0.012613634
Warm C,352299,2063,2062,2769,1684,0,0.014764173
Warm C,804556,4816,4815,2769,1684,0,4.425377e-05
Warm C,235238,1425,1424,2769,1684,1,0.010159647
Warm C,346715,2031,2030,2769,1684,0,0.0056483825
Warm C,481001,2953,2952,2771,1686,0,-0.0038032157
Warm C,470528,2896,2895,2771,1686,1,0.0080031445
Warm C,665319,4005,4004,2771,1686,0,0.0025605974
Warm C,456606,2810,2809,2771,1686,1,0.015121401
Warm C,560039,3441,3440,2771,1686,1,0.00063170027
Warm C,455139,2801,2800,2771,1686,0,-0.007941784
Warm C,450390,2776,2775,2771,1686,0,0.0052090045
Warm C,444847,2743,2742,2771,1686,1,0.0054233866
Warm C,563229,3464,3463,2771,1686,0,0.0023674984
Warm C,429532,2615,2614,2771,1686,0,0.0016927432
Warm C,407429,2446,2445,2771,1686,0,0.0017561014
Warm C,394863,2331,2330,2771,1686,1,0.002677932
Warm C,393681,2317,2316,2771,1686,1,0.0013529037
Warm C,433291,2641,2640,2771,1686,0,0.0049035875
Warm C,387950,2270,2269,2771,1686,0,0.003594268
Warm C,386740,2261,2260,2771,1686,0,0.00788787
Warm C,376791,2199,2198,2771,1686,0,-0.0023478111
Warm C,370576,2166,2165,2771,1686,1,-0.001846184
Warm C,382541,2235,2234,2771,1686,0,-0.0050101504
Warm C,363402,2116,2115,2771,1686,1,0.009482482
Warm C,358024,2095,2094,2771,1686,0,0.00019807322
Warm C,354329,2073,2072,2771,1686,0,-0.003936753
Warm C,349688,2052,2051,2771,1686,0,0.0043954104
Warm C,348672,2043,2042,2771,1686,0,-0.0035938495
Warm C,345671,2027,2026,2771,1686,1,0.0022301557
Warm C,340004,2005,2004,2771,1686,0,0.0048991116
Warm C,336765,1982,1981,2771,1686,0,0.007616722
Warm C,332858,1962,1961,2771,1686,0,0.0043194937
Warm C,340929,2010,2009,2771,1686,0,0.006026756
Warm C,325950,1929,1928,2771,1686,0,-0.0025282924
Warm C,311383,1854,1853,2771,1686,0,0.010517823
Warm C,306679,1828,1827,2771,1686,0,-0.0034627784
Warm C,314218,1875,1874,2771,1686,0,0.0069893934
Warm C,298480,1769,1768,2771,1686,0,0.0044540013
Warm C,306859,1831,1830,2771,1686,0,-0.00134319
Warm C,278387,1679,1678,2771,1686,0,0.005727349
Warm C,275260,1666,1665,2771,1686,0,-0.0010550548
Warm C,264435,1608,1607,2771,1686,0,0.002330406
Warm C,265277,1611,1610,2771,1686,0,-0.0019590412
Warm C,256965,1572,1571,2771,1686,1,-0.0018905759
Warm C,250962,1514,1513,2771,1686,0,0.00458501
Warm C,233197,1418,1417,2771,1686,0,0.00080984156
Warm C,237237,1442,1441,2771,1686,0,0.002260026
Warm C,214161,1300,1299,2771,1686,0,-0.00064703124
Warm C,194069,1195,1194,2771,1686,1,0.003587084
Warm C,196739,1207,1206,2771,1686,0,0.0029603997
Warm C,321761,1908,1907,2771,1686,1,-0.0023277507
Warm C,189515,1173,1172,2771,1686,0,0.004570049
Warm C,189121,1172,1171,2771,1686,0,0.011431837
Warm C,186515,1153,1152,2771,1686,0,0.0091233775
Warm C,205433,1263,1262,2771,1686,0,-0.0032985427
Warm C,168681,1069,1068,2771,1686,0,0.0013095094
Warm C,175775,1112,1111,2771,1686,0,0.0053174053
Warm C,270511,1636,1635,2771,1686,0,0.00055416685
Warm C,203616,1251,1250,2771,1686,0,0.0063307337
Warm C,151749,975,974,2771,1686,0,-0.00074156956
Warm C,221623,1340,1339,2771,1686,0,0.004535203
Warm C,148863,957,956,2771,1686,0,0.009579105
Warm C,150795,970,969,2771,1686,1,0.0006195243
Warm C,245379,1482,1481,2771,1686,0,0.0022512535
Warm C,139862,896,895,2771,1686,0,0.0038297586
Warm C,157235,1010,1009,2771,1686,0,0.0050685257
Warm C,135199,875,874,2771,1686,1,-0.0024517896
Warm C,182230,1137,1136,2771,1686,0,0.0050187022
Warm C,128086,828,827,2771,1686,1,0.0041207997
Warm C,263683,1605,1604,2771,1686,0,0.004055016
Warm C,122087,787,786,2771,1686,0,-0.0019639945
Warm C,361110,2106,2105,2771,1686,0,0.008890126
Warm C,110448,720,719,2771,1686,1,-0.0011787642
Warm C,109451,714,713,2771,1686,1,0.0071273693
Warm C,117099,754,753,2771,1686,0,0.007271657
Warm C,101197,675,674,2771,1686,0,-0.0010301601
Warm C,87340,570,569,2771,1686,0,-0.0008875197
Warm C,239318,1448,1447,2771,1686,0,0.0051222644
Warm C,72858,492,491,2771,1686,1,0.00043834758
Warm C,197468,1211,1210,2771,1686,1,0.007890349
Warm C,64374,429,428,2771,1686,0,0.005393877
Warm C,61983,416,415,2771,1686,1,-0.0029040053
Warm C,155509,1001,1000,2771,1686,0,0.0028247265
Warm C,43138,295,294,2771,1686,0,0.0016522938
Warm C,57001,385,384,2771,1686,0,0.007759012
Warm C,287500,1716,1715,2771,1686,0,-0.0011680977
Warm C,40508,272,271,2771,1686,0,0.0065815756
Warm C,21088,154,153,2771,1686,0,0.008721683
Warm C,17309,135,134,2771,1686,0,0.003100322
Warm C,10700,77,76,2771,1686,0,-0.00052105775
Warm C,223784,1354,1353,2771,1686,0,-0.0020669692
Warm C,79722,531,530,2771,1686,0,0.0038865395
Warm C,352323,2063,2062,2771,1686,0,0.006126037
Warm C,257934,1579,1578,2771,1686,0,-0.0024039443
Warm C,483306,2969,2968,2771,1686,1,0.0068961307
Warm C,12104,92,91,2771,1686,0,-0.001914972
Warm C,556639,3420,3419,2771,1686,1,0.0032839312
Warm C,429301,2611,2610,2771,1686,0,0.005049709
Warm C,302296,1794,1793,2771,1686,0,0.008960776
Warm C,541724,3333,3332,2771,1686,0,-0.0018396764
Warm C,331924,1958,1957,2771,1686,0,0.0017340863
Warm C,599473,3648,3647,2771,1686,0,0.0007013881
Warm C,907883,5492,5491,2771,1686,0,0.0012600226
Warm C,195745,1203,1202,2771,1686,0,0.0037159473
Warm C,496653,3051,3050,2771,1686,0,0.0118825715
Warm C,476481,2926,2925,2771,1686,0,0.003605673
Warm C,235256,1425,1424,2771,1686,1,0.0027330532
Warm C,187100,1160,1159,2771,1686,0,0.0020187744
Warm C,434954,2655,2654,2771,1686,0,0.0030275988
Warm C,136927,881,880,2771,1686,0,0.0004512188
Warm C,13364,104,103,2771,1686,0,0.0029091504
Warm C,172069,1088,1087,2771,1686,0,-0.0009799623
Warm C,902264,5453,5452,2771,1686,0,0.0024238005
Warm C,193898,1194,1193,2771,1686,0,0.0013100214
Warm C,34000,229,228,2771,1686,1,0.0012016962
Warm C,750717,4478,4477,2774,1688,0,0.013298458
Warm C,24473,173,172,2774,1688,0,0.001971078
Warm C,90034,593,592,2774,1688,1,0.0012128169
Warm C,880223,5317,5316,2774,1688,1,0.006028818
Warm C,665322,4005,4004,2774,1688,1,0.0047854898
Warm C,5211,36,35,2774,1688,1,0.0023602115
Warm C,986834,5956,5955,2774,1688,0,0.010407253
Warm C,682762,4085,4084,2774,1688,0,0.002221059
Warm C,231773,1404,1403,2780,1690,0,0.010947948
Warm C,224558,1357,1356,2780,1690,0,0.008031361
Warm C,328741,1941,1940,2780,1690,0,0.0064411205
Warm C,182902,1140,1139,2780,1690,1,0.0017136724
Warm C,159443,1017,1016,2780,1690,1,0.0018951923
Warm C,221648,1340,1339,2780,1690,0,0.0060668346
Warm C,118148,764,763,2780,1690,1,0.0037712427
Warm C,160434,1019,1018,2780,1690,0,0.010503251
Warm C,70941,476,475,2780,1690,1,0.0036343602
Warm C,68460,460,459,2780,1690,0,-0.004110759
Warm C,69128,462,461,2780,1690,0,0.008684622
Warm C,57652,390,389,2780,1690,0,0.015058367
Warm C,63396,424,423,2780,1690,1,0.012614403
Warm C,41244,278,277,2780,1690,1,0.0075955912
Warm C,36664,245,244,2780,1690,0,0.0037330054
Warm C,26831,190,189,2780,1690,0,0.0060461303
Warm C,4166,31,30,2780,1690,0,-0.0037270281
Warm C,161443,1029,1028,2780,1690,0,0.011850858
Warm C,808582,4842,4841,2780,1690,0,0.0017497084
Warm C,115556,749,748,2780,1690,0,0.006981996
Warm C,24488,173,172,2780,1690,0,0.008155885
Warm C,271864,1643,1642,2780,1690,0,0.0029407602
Warm C,328743,1941,1940,2781,1691,0,0.011059662
Warm C,238292,1447,1446,2781,1691,0,0.020726945
Warm C,63399,424,423,2781,1691,1,0.012717997
Warm C,383039,2237,2236,2782,1692,0,0.008944094
Warm C,378015,2205,2204,2782,1692,0,-0.0035058812
Warm C,374430,2181,2180,2782,1692,1,-0.0025130268
Warm C,368656,2155,2154,2782,1692,1,0.0003257417
Warm C,369107,2157,2156,2782,1692,1,0.003741315
Warm C,364993,2124,2123,2782,1692,1,0.008242901
Warm C,436715,2665,2664,2782,1692,1,0.012803456
Warm C,361930,2109,2108,2782,1692,1,-0.0022850046
Warm C,356561,2088,2087,2782,1692,0,0.0073656067
Warm C,344484,2021,2020,2782,1692,0,0.0013897349
Warm C,339430,1999,1998,2782,1692,0,-0.005807693
Warm C,334351,1973,1972,2782,1692,0,0.0011520981
Warm C,300758,1781,1780,2782,1692,1,-0.0064414125
Warm C,316001,1882,1881,2782,1692,1,0.0013932318
Warm C,288345,1722,1721,2782,1692,1,0.006591275
Warm C,224559,1357,1356,2782,1692,1,0.01406966
Warm C,328747,1941,1940,2782,1692,0,0.010644823
Warm C,182905,1140,1139,2782,1692,0,0.011849931
Warm C,159445,1017,1016,2782,1692,1,0.0031169055
Warm C,158688,1015,1014,2782,1692,0,-0.0009838417
Warm C,324049,1920,1919,2782,1692,0,-0.0059016547
Warm C,199646,1224,1223,2782,1692,1,-0.001649049
Warm C,133887,868,867,2782,1692,1,-0.0032021892
Warm C,131364,850,849,2782,1692,1,0.0006888893
Warm C,315604,1880,1879,2782,1692,0,0.012159238
Warm C,124344,800,799,2782,1692,1,0.008081466
Warm C,118149,764,763,2782,1692,1,0.008223483
Warm C,115557,749,748,2782,1692,0,-0.0010865694
Warm C,75108,509,508,2782,1692,1,0.014241304
Warm C,45237,305,304,2782,1692,1,0.009421853
Warm C,35589,240,239,2782,1692,0,0.004559227
Warm C,714189,4277,4276,2782,1692,0,0.0031465115
Warm C,32261,216,215,2782,1692,1,-0.0023310278
Warm C,9404,62,61,2782,1692,1,0.0020296443
Warm C,238293,1447,1446,2782,1692,0,0.011311326
Warm C,174351,1101,1100,2782,1692,0,8.0432976e-05
Warm C,2413,19,18,2782,1692,0,0.0029684883
Warm C,490983,3018,3017,2782,1692,1,0.002578156
Warm C,293966,1748,1747,2782,1692,0,0.008919064
Warm C,349408,2050,2049,2782,1692,1,0.0018983469
Warm C,622399,3768,3767,2782,1692,1,0.009865274
Warm C,892024,5387,5386,2782,1692,0,0.012547104
Warm C,474121,2909,2908,2782,1692,1,0.0065320265
Warm C,24491,173,172,2782,1692,0,0.0075446432
Warm C,52230,343,342,2782,1692,1,0.006353203
Warm C,63401,424,423,2782,1692,1,0.005334788
Warm C,241490,1451,1450,2782,1692,0,0.014043078
Warm C,697804,4169,4168,2784,1693,1,0.022499647
Warm C,490984,3018,3017,2784,1693,1,0.010187235
Warm C,421248,2544,2543,2784,1693,0,-0.00039789244
Warm C,185800,1150,1149,2786,1694,0,0.0052721705
Warm C,122268,788,787,2786,1694,0,0.0072908555
Warm C,352373,2063,2062,2786,1694,0,-0.00191742
Warm C,83555,549,548,2786,1694,0,0.00842401
Warm C,119544,770,769,2786,1694,0,0.014183324
Warm C,132710,855,854,2786,1694,0,0.0034301465
Warm C,239354,1448,1447,2786,1694,0,0.012144921
Warm C,8181,56,55,2786,1694,0,0.006305707
Warm C,234381,1422,1421,2786,1694,0,0.0019259611
Warm C,299245,1776,1775,2786,1694,0,0.0034668418
Warm C,263712,1605,1604,2786,1694,0,0.014567451
Warm C,295778,1755,1754,2786,1694,1,0.009991435
Warm C,634210,3825,3824,2787,1695,0,0.016315626
Warm C,628861,3807,3806,2787,1695,0,0.011539772
Warm C,628226,3804,3803,2787,1695,0,-0.00028424116
Warm C,627998,3801,3800,2787,1695,1,-0.0029560898
Warm C,638619,3841,3840,2787,1695,0,0.008653269
Warm C,623573,3771,3770,2787,1695,0,0.0021971662
Warm C,625171,3778,3777,2787,1695,0,0.0030678632
Warm C,745547,4448,4447,2787,1695,1,0.012795506
Warm C,633650,3824,3823,2787,1695,0,0.010818584
Warm C,596918,3626,3625,2787,1695,0,0.018809147
Warm C,654379,3942,3941,2787,1695,0,0.018634267
Warm C,584868,3569,3568,2787,1695,0,0.017608028
Warm C,759391,4510,4509,2787,1695,0,0.024773166
Warm C,577805,3528,3527,2787,1695,0,0.0070672557
Warm C,569508,3491,3490,2787,1695,1,0.016340638
Warm C,560248,3442,3441,2787,1695,0,0.0026272386
Warm C,613729,3717,3716,2787,1695,1,0.0112952385
Warm C,539061,3314,3313,2787,1695,0,0.006871409
Warm C,537512,3311,3310,2787,1695,0,0.009294182
Warm C,536289,3308,3307,2787,1695,0,0.0076423283
Warm C,528378,3265,3264,2787,1695,0,0.0117009
Warm C,566506,3476,3475,2787,1695,0,0.0045163166
Warm C,606062,3681,3680,2787,1695,1,0.009843744
Warm C,513167,3163,3162,2787,1695,0,0.014077997
Warm C,499749,3067,3066,2787,1695,0,0.008347584
Warm C,490987,3018,3017,2787,1695,0,0.006956381
Warm C,540109,3320,3319,2787,1695,0,0.014294941
Warm C,476926,2928,2927,2787,1695,0,0.014169639
Warm C,697812,4169,4168,2787,1695,0,0.02557529
Warm C,474126,2909,2908,2787,1695,1,0.008965144
Warm C,755007,4497,4496,2787,1695,0,0.0022648
Warm C,463623,2857,2856,2787,1695,1,0.019378208
Warm C,426634,2590,2589,2787,1695,0,0.0060846317
Warm C,424837,2576,2575,2787,1695,0,0.0011458257
Warm C,397243,2352,2351,2787,1695,0,0.0019717745
Warm C,389123,2279,2278,2787,1695,1,0.004664387
Warm C,386202,2258,2257,2787,1695,0,0.0017068302
Warm C,381158,2228,2227,2787,1695,0,0.006589479
Warm C,378018,2205,2204,2787,1695,0,0.015316078
Warm C,374438,2181,2180,2787,1695,0,0.017907951
Warm C,368938,2156,2155,2787,1695,0,0.008013934
Warm C,292716,1742,1741,2787,1695,1,-0.004568524
Warm C,290999,1736,1735,2787,1695,0,0.004550516
Warm C,279983,1680,1679,2787,1695,0,0.015551328
Warm C,277186,1675,1674,2787,1695,0,0.003891008
Warm C,282787,1694,1693,2787,1695,1,0.005704779
Warm C,267681,1626,1625,2787,1695,0,0.015588632
Warm C,257299,1578,1577,2787,1695,0,0.007987399
Warm C,247931,1496,1495,2787,1695,0,0.020911742
Warm C,321429,1904,1903,2787,1695,0,0.008814654
Warm C,213982,1299,1298,2787,1695,0,-0.0041021807
Warm C,328759,1941,1940,2787,1695,0,0.01259898
Warm C,307742,1835,1834,2787,1695,0,0.015495815
Warm C,180477,1128,1127,2787,1695,0,0.019164821
Warm C,196769,1207,1206,2787,1695,0,0.015443064
Warm C,184152,1146,1145,2787,1695,0,0.0018803135
Warm C,175798,1112,1111,2787,1695,0,0.010811975
Warm C,159456,1017,1016,2787,1695,0,0.003453682
Warm C,157268,1010,1009,2787,1695,0,0.010905412
Warm C,133888,868,867,2787,1695,1,0.0037032096
Warm C,233514,1420,1419,2787,1695,1,0.0081900135
Warm C,315610,1880,1879,2787,1695,0,0.007103472
Warm C,240553,1449,1448,2787,1695,0,0.008350101
Warm C,272398,1645,1644,2787,1695,0,0.004840644
Warm C,211387,1285,1284,2787,1695,1,0.0060658683
Warm C,92857,621,620,2787,1695,0,0.0033335164
Warm C,140789,904,903,2787,1695,1,0.011007878
Warm C,81937,543,542,2787,1695,1,0.016126677
Warm C,77911,524,523,2787,1695,1,0.0062624374
Warm C,80408,533,532,2787,1695,0,0.01379694
Warm C,308939,1837,1836,2787,1695,0,0.017127894
Warm C,57659,390,389,2787,1695,1,0.0068172114
Warm C,132712,855,854,2787,1695,0,0.013404809
Warm C,45244,305,304,2787,1695,0,0.0008138614
Warm C,177227,1117,1116,2787,1695,0,0.024046142
Warm C,270241,1635,1634,2787,1695,1,0.023427235
Warm C,239356,1448,1447,2787,1695,1,0.009029265
Warm C,14622,117,116,2787,1695,0,0.0064125806
Warm C,7914,53,52,2787,1695,1,0.0091963
Warm C,207164,1266,1265,2787,1695,0,0.0017362896
Warm C,864135,5205,5204,2787,1695,0,0.010105699
Warm C,552662,3401,3400,2787,1695,0,0.009294292
Warm C,365911,2129,2128,2787,1695,0,0.0061200955
Warm C,299247,1776,1775,2787,1695,0,-0.0015016014
Warm C,573007,3509,3508,2787,1695,0,0.009971233
Warm C,622402,3768,3767,2787,1695,0,0.005031786
Warm C,102664,678,677,2787,1695,0,-0.0075212065
Warm C,317949,1889,1888,2787,1695,1,0.006841972
Warm C,305160,1812,1811,2787,1695,0,0.014342083
Warm C,352377,2063,2062,2787,1695,0,0.020403225
Warm C,329593,1943,1942,2787,1695,0,0.0069409683
Warm C,115566,749,748,2787,1695,0,0.003451884
Warm C,562802,3462,3461,2787,1695,0,-0.0022437524
Warm C,336389,1980,1979,2787,1695,0,0.0027838787
Warm C,322726,1912,1911,2787,1695,0,0.004653861
Warm C,408444,2453,2452,2787,1695,0,0.014991175
Warm C,331956,1958,1957,2787,1695,0,0.0021524513
Warm C,63409,424,423,2787,1695,0,0.012419548
Warm C,116615,752,751,2787,1695,0,0.0070188474
Warm C,588648,3590,3589,2787,1695,1,0.012792048
Warm C,710013,4258,4257,2787,1695,0,0.014095571
Warm C,235282,1425,1424,2787,1695,0,0.010069615
Warm C,629927,3808,3807,2789,1697,1,0.012591668
Warm C,628000,3801,3800,2789,1697,0,0.011829992
Warm C,638623,3841,3840,2789,1697,1,0.0064543765
Warm C,623577,3771,3770,2789,1697,1,0.014592115
Warm C,619635,3754,3753,2789,1697,1,0.011197964
Warm C,615830,3727,3726,2789,1697,0,0.013357319
Warm C,745550,4448,4447,2789,1697,0,0.010082767
Warm C,603199,3670,3669,2789,1697,0,0.00056251674
Warm C,621378,3762,3761,2789,1697,0,0.014844941
Warm C,719048,4305,4304,2789,1697,0,0.021218047
Warm C,577806,3528,3527,2789,1697,0,0.009101355
Warm C,569512,3491,3490,2789,1697,1,0.01924344
Warm C,584870,3569,3568,2789,1697,1,0.008963428
Warm C,554234,3410,3409,2789,1697,0,0.01133192
Warm C,537518,3311,3310,2789,1697,0,0.010472221
Warm C,524251,3231,3230,2789,1697,1,0.004283374
Warm C,519841,3207,3206,2789,1697,1,0.009788815
Warm C,518922,3201,3200,2789,1697,0,0.0073916516
Warm C,518270,3198,3197,2789,1697,1,0.009323375
Warm C,522983,3224,3223,2789,1697,0,0.0098742675
Warm C,566508,3476,3475,2789,1697,0,0.015081016
Warm C,476929,2928,2927,2789,1697,0,0.013690418
Warm C,697815,4169,4168,2789,1697,0,0.021740329
Warm C,485330,2986,2985,2789,1697,0,0.011127338
Warm C,710370,4260,4259,2789,1697,0,0.014713968
Warm C,463626,2857,2856,2789,1697,0,0.019029742
Warm C,462302,2852,2851,2789,1697,0,0.005449374
Warm C,458298,2820,2819,2789,1697,0,0.006002035
Warm C,790881,4728,4727,2789,1697,1,0.01939071
Warm C,433803,2643,2642,2789,1697,1,0.009079156
Warm C,430781,2625,2624,2789,1697,0,0.015510853
Warm C,414780,2496,2495,2789,1697,0,0.01716407
Warm C,409828,2457,2456,2789,1697,0,0.010757083
Warm C,397246,2352,2351,2789,1697,0,0.0014253403
Warm C,405578,2429,2428,2789,1697,0,0.002403324
Warm C,389124,2279,2278,2789,1697,0,0.013790965
Warm C,406827,2444,2443,2789,1697,0,0.0062810886
Warm C,386204,2258,2257,2789,1697,0,0.0012313258
Warm C,383043,2237,2236,2789,1697,0,0.011995241
Warm C,378019,2205,2204,2789,1697,0,0.017043255
Warm C,370106,2164,2163,2789,1697,0,0.012987918
Warm C,357949,2094,2093,2789,1697,0,0.0105547905
Warm C,359598,2102,2101,2789,1697,0,0.018532606
Warm C,364999,2124,2123,2789,1697,1,0.01256882
Warm C,361935,2109,2108,2789,1697,0,0.01789859
Warm C,305409,1816,1815,2789,1697,1,0.014614554
Warm C,305964,1820,1819,2789,1697,0,0.010688824
Warm C,288349,1722,1721,2789,1697,0,0.0031487732
Warm C,300589,1780,1779,2789,1697,0,0.012870334
Warm C,279988,1680,1679,2789,1697,0,0.01445868
Warm C,277187,1675,1674,2789,1697,0,0.0076941326
Warm C,278295,1678,1677,2789,1697,1,0.009479961
Warm C,281001,1685,1684,2789,1697,0,0.006189041
Warm C,247935,1496,1495,2789,1697,0,0.01664463
Warm C,350814,2059,2058,2789,1697,1,0.0051276283
Warm C,243033,1465,1464,2789,1697,0,0.010408223
Warm C,226444,1370,1369,2789,1697,0,0.00060843327
Warm C,436718,2665,2664,2789,1697,1,0.017957987
Warm C,213701,1298,1297,2789,1697,1,0.011761719
Warm C,294519,1749,1748,2789,1697,0,0.006296573
Warm C,197077,1209,1208,2789,1697,0,0.015717424
Warm C,328765,1941,1940,2789,1697,0,0.007669445
Warm C,177708,1119,1118,2789,1697,0,0.020814504
Warm C,176429,1115,1114,2789,1697,0,0.0037900142
Warm C,184155,1146,1145,2789,1697,0,0.00043830462
Warm C,159459,1017,1016,2789,1697,0,0.006695726
Warm C,324054,1920,1919,2789,1697,0,0.019804863
Warm C,235966,1428,1427,2789,1697,1,-0.0011835529
Warm C,133890,868,867,2789,1697,0,0.002708531
Warm C,233515,1420,1419,2789,1697,1,0.0067092776
Warm C,131367,850,849,2789,1697,1,0.008189661
Warm C,115569,749,748,2789,1697,1,0.017724153
Warm C,130619,846,845,2789,1697,0,0.012167876
Warm C,97219,651,650,2789,1697,1,0.025079293
Warm C,95076,637,636,2789,1697,1,0.014824924
Warm C,394319,2323,2322,2789,1697,0,0.0062557245
Warm C,191485,1181,1180,2789,1697,0,0.020587662
Warm C,239358,1448,1447,2789,1697,0,0.0158596
Warm C,83558,549,548,2789,1697,1,0.017435744
Warm C,80412,533,532,2789,1697,0,0.018319016
Warm C,57662,390,389,2789,1697,1,0.01038691
Warm C,63415,424,423,2789,1697,1,0.018459838
Warm C,211391,1285,1284,2789,1697,0,0.015054966
Warm C,48022,321,320,2789,1697,1,0.019739429
Warm C,41252,278,277,2789,1697,0,0.008133612
Warm C,41067,276,275,2789,1697,0,0.0069042766
Warm C,36673,245,244,2789,1697,0,0.013584968
Warm C,99918,667,666,2789,1697,1,0.0027367962
Warm C,22869,165,164,2789,1697,1,0.006026974
Warm C,947795,5722,5721,2789,1697,0,0.008960528
Warm C,192779,1186,1185,2789,1697,1,0.008921788
Warm C,15751,123,122,2789,1697,1,0.020413563
Warm C,7917,53,52,2789,1697,1,0.008742526
Warm C,2416,19,18,2789,1697,0,0.0048578726
Warm C,552665,3401,3400,2789,1697,0,0.010691094
Warm C,238303,1447,1446,2789,1697,0,0.01920274
Warm C,174355,1101,1100,2789,1697,0,0.009190808
Warm C,365912,2129,2128,2789,1697,0,0.009121397
Warm C,31087,208,207,2789,1697,0,0.011836883
Warm C,299250,1776,1775,2789,1697,1,0.010310667
Warm C,102666,678,677,2789,1697,0,0.013358606
Warm C,474421,2910,2909,2789,1697,0,0.009103949
Warm C,178400,1120,1119,2789,1697,1,0.01967681
Warm C,241493,1451,1450,2789,1697,0,0.005230839
Warm C,633655,3824,3823,2789,1697,0,0.01565308
Warm C,241502,1451,1450,2790,1698,0,0.0067673875
Warm C,872726,5269,5268,2798,1706,0,0.013012117
Warm C,572514,3507,3506,2798,1706,1,0.004768597
Warm C,659301,3971,3970,2798,1706,0,0.0130376
Warm C,581457,3550,3549,2798,1706,0,0.011734502
Warm C,555982,3416,3415,2798,1706,0,0.0031493297
Warm C,557050,3422,3421,2798,1706,0,0.008620354
Warm C,771919,4600,4599,2798,1706,0,0.009846142
Warm C,573018,3509,3508,2798,1706,0,0.015150407
Warm C,575614,3519,3518,2798,1706,0,0.008579176
Warm C,550645,3391,3390,2798,1706,0,0.0082054455
Warm C,547670,3378,3377,2798,1706,0,0.005832797
Warm C,537541,3311,3310,2798,1706,0,0.011117598
Warm C,536300,3308,3307,2798,1706,0,0.013963668
Warm C,533997,3295,3294,2798,1706,0,0.0055267084
Warm C,584884,3569,3568,2798,1706,0,0.017174255
Warm C,519127,3202,3201,2798,1706,0,0.0031823919
Warm C,532417,3285,3284,2798,1706,0,0.009140531
Warm C,515107,3180,3179,2798,1706,0,0.0059010983
Warm C,499767,3067,3066,2798,1706,0,0.013037097
Warm C,494569,3032,3031,2798,1706,1,0.011250605
Warm C,493603,3031,3030,2798,1706,0,0.00999702
Warm C,487508,2998,2997,2798,1706,0,0.009460144
Warm C,485352,2986,2985,2798,1706,0,0.017494611
Warm C,474160,2909,2908,2798,1706,0,0.010473668
Warm C,487239,2996,2995,2798,1706,0,0.007210096
Warm C,450414,2776,2775,2798,1706,0,0.0139743015
Warm C,451233,2777,2776,2798,1706,0,0.009064475
Warm C,420583,2541,2540,2798,1706,0,0.013755757
Warm C,419982,2537,2536,2798,1706,0,0.0052542244
Warm C,399617,2378,2377,2798,1706,0,-0.0042050886
Warm C,390207,2288,2287,2798,1706,0,0.0055143586
Warm C,356081,2085,2084,2798,1706,0,0.006463368
Warm C,352408,2063,2062,2798,1706,0,0.019033598
Warm C,436739,2665,2664,2798,1706,0,0.014496089
Warm C,361948,2109,2108,2798,1706,0,0.0058448315
Warm C,341847,2012,2011,2798,1706,0,0.00803116
Warm C,288164,1721,1720,2798,1706,0,0.00067150476
Warm C,281442,1687,1686,2798,1706,1,0.0049420013
Warm C,299265,1776,1775,2798,1706,0,0.006568834
Warm C,275283,1666,1665,2798,1706,0,0.015343194
Warm C,286352,1709,1708,2798,1706,0,0.01361475
Warm C,266112,1613,1612,2798,1706,0,0.017788434
Warm C,236098,1430,1429,2798,1706,0,0.013518493
Warm C,224360,1356,1355,2798,1706,0,0.0045820717
Warm C,213112,1297,1296,2798,1706,0,0.009361796
Warm C,278050,1676,1675,2798,1706,0,0.01057023
Warm C,261985,1599,1598,2798,1706,0,0.011573257
Warm C,280035,1680,1679,2798,1706,0,0.018400207
Warm C,213720,1298,1297,2798,1706,0,0.0076371906
Warm C,196787,1207,1206,2798,1706,0,0.012406998
Warm C,236515,1434,1433,2798,1706,0,0.006833992
Warm C,179867,1125,1124,2798,1706,1,0.012735003
Warm C,175816,1112,1111,2798,1706,0,0.009955272
Warm C,328797,1941,1940,2798,1706,0,0.010447182
Warm C,164091,1050,1049,2798,1706,0,0.010448114
Warm C,272414,1645,1644,2798,1706,0,0.015586384
Warm C,164907,1051,1050,2798,1706,0,0.016839826
Warm C,136975,881,880,2798,1706,0,0.008341415
Warm C,332897,1962,1961,2798,1706,0,0.01058583
Warm C,121619,781,780,2798,1706,0,0.002952477
Warm C,178412,1120,1119,2798,1706,0,0.009563407
Warm C,361160,2106,2105,2798,1706,0,0.0048966976
Warm C,120635,777,776,2798,1706,0,0.007643083
Warm C,106351,699,698,2798,1706,0,0.011990398
Warm C,101544,676,675,2798,1706,0,-0.00016735867
Warm C,109475,714,713,2798,1706,0,0.0094469525
Warm C,99103,660,659,2798,1706,0,0.013385311
Warm C,96520,647,646,2798,1706,0,0.008117665
Warm C,77939,524,523,2798,1706,0,0.018574659
Warm C,299847,1778,1777,2798,1706,0,0.008475083
Warm C,119566,770,769,2798,1706,0,0.0058077187
Warm C,81958,543,542,2798,1706,0,0.0075929333
Warm C,73194,494,493,2798,1706,0,-0.004289671
Warm C,87132,569,568,2798,1706,0,0.0071121305
Warm C,67597,453,452,2798,1706,0,0.013229907
Warm C,65603,438,437,2798,1706,0,0.010790164
Warm C,251276,1516,1515,2798,1706,0,0.017408479
Warm C,58204,392,391,2798,1706,0,0.0038166621
Warm C,240587,1449,1448,2798,1706,0,0.006843034
Warm C,44758,302,301,2798,1706,0,0.015947562
Warm C,39638,268,267,2798,1706,0,0.013313162
Warm C,32293,216,215,2798,1706,0,0.015376175
Warm C,337252,1983,1982,2798,1706,0,0.014789421
Warm C,96763,649,648,2798,1706,0,0.0070518907
Warm C,30058,202,201,2798,1706,0,0.009326763
Warm C,291741,1737,1736,2798,1706,0,0.010219243
Warm C,235301,1425,1424,2798,1706,0,0.009581589
Warm C,49647,329,328,2798,1706,0,0.013046985
Warm C,15772,123,122,2798,1706,0,0.0050837006
Warm C,3636,26,25,2798,1706,0,0.006114676
Warm C,363452,2116,2115,2798,1706,0,0.01219219
Warm C,329615,1943,1942,2798,1706,0,0.00730418
Warm C,331977,1958,1957,2798,1706,0,0.010934127
Warm C,160471,1019,1018,2798,1706,0,0.00027401885
Warm C,907888,5492,5491,2798,1706,0,0.0075076055
Warm C,893522,5394,5393,2798,1706,0,0.008040295
Warm C,116936,753,752,2798,1706,1,0.0018839516
Warm C,273313,1647,1646,2798,1706,0,0.017075524
Warm C,257973,1579,1578,2798,1706,0,0.00848566
Warm C,461668,2847,2846,2798,1706,0,0.0034456567
Warm C,288165,1721,1720,2799,1707,0,0.0060128216
Warm C,281444,1687,1686,2799,1707,0,0.0061006295
Warm C,266115,1613,1612,2799,1707,0,0.014186337
Warm C,224362,1356,1355,2799,1707,0,0.012275481
Warm C,296916,1759,1758,2799,1707,0,-0.0026383637
Warm C,213115,1297,1296,2799,1707,0,0.0073588314
Warm C,278053,1676,1675,2799,1707,0,0.0068835067
Warm C,280039,1680,1679,2799,1707,0,0.011582334
Warm C,236516,1434,1433,2799,1707,0,0.010956472
Warm C,183667,1142,1141,2799,1707,0,0.008775791
Warm C,177253,1117,1116,2799,1707,0,0.0018338936
Warm C,178415,1120,1119,2799,1707,0,0.014027804
Warm C,175820,1112,1111,2799,1707,0,0.014008848
Warm C,136978,881,880,2799,1707,0,0.006789607
Warm C,332900,1962,1961,2799,1707,0,0.007411197
Warm C,361163,2106,2105,2799,1707,0,0.0028843926
Warm C,120637,777,776,2799,1707,0,0.003868993
Warm C,106353,699,698,2799,1707,0,0.0059765936
Warm C,179870,1125,1124,2799,1707,0,0.004378607
Warm C,101546,676,675,2799,1707,0,0.0052892584
Warm C,299849,1778,1777,2799,1707,0,0.005294149
Warm C,119568,770,769,2799,1707,0,0.0067720036
Warm C,73195,494,493,2799,1707,0,0.0039229863
Warm C,87134,569,568,2799,1707,1,0.004434838
Warm C,251278,1516,1515,2799,1707,0,0.014670096
Warm C,44762,302,301,2799,1707,0,0.014424873
Warm C,39641,268,267,2799,1707,0,-0.0028093678
Warm C,240589,1449,1448,2799,1707,0,0.009693723
Warm C,96764,649,648,2799,1707,0,0.003877403
Warm C,49650,329,328,2799,1707,0,0.0016060699
Warm C,363455,2116,2115,2799,1707,1,0.0025336011
Warm C,573020,3509,3508,2799,1707,0,0.007053554
Warm C,272416,1645,1644,2799,1707,0,0.01907509
Warm C,116938,753,752,2799,1707,0,0.011868678
Warm C,342856,2015,2014,2799,1707,0,0.009630593
Warm C,273315,1647,1646,2799,1707,0,0.008456992
Warm C,235303,1425,1424,2799,1707,0,0.01634239
Warm C,461671,2847,2846,2799,1707,0,0.009483463
Warm C,257976,1579,1578,2799,1707,0,0.010038529
Warm C,185087,1150,1149,2801,1708,0,0.01366634
Warm C,201455,1242,1241,2801,1708,1,0.0067554815
Warm C,174478,1103,1102,2801,1708,0,0.015848473
Warm C,169781,1078,1077,2801,1708,1,0.014317606
Warm C,169090,1073,1072,2801,1708,1,0.008444917
Warm C,148251,955,954,2801,1708,0,0.0007051842
Warm C,131822,854,853,2801,1708,0,0.015300293
Warm C,131075,850,849,2801,1708,1,0.015967004
Warm C,223431,1354,1353,2801,1708,0,0.006085666
Warm C,778836,4653,4652,2801,1708,0,0.012996068
Warm C,103655,689,688,2801,1708,1,0.0083996765
Warm C,100782,673,672,2801,1708,1,0.0009441071
Warm C,176821,1117,1116,2801,1708,0,0.008047778
Warm C,234860,1425,1424,2801,1708,1,0.0066100415
Warm C,696052,4169,4168,2801,1708,1,0.010523813
Warm C,155286,1001,1000,2801,1708,1,0.0062203417
Warm C,35298,238,237,2801,1708,0,0.012851198
Warm C,26459,187,186,2801,1708,1,0.009156076
Warm C,545264,3363,3362,2801,1708,1,0.015876036
Warm C,79265,531,530,2801,1708,0,0.015715625
Warm C,605166,3679,3678,2801,1708,0,0.018556703
Warm C,784017,4682,4681,2801,1708,1,0.0058544762
Warm C,797281,4781,4780,2801,1708,1,0.0048942147
Warm C,35086,237,236,2801,1708,0,0.0036237366
Warm C,796004,4771,4770,2801,1708,1,0.00023356499
Warm C,195335,1203,1202,2801,1708,0,0.012730403
Warm C,187566,1164,1163,2801,1708,0,0.007882309
Warm C,263153,1605,1604,2801,1708,1,0.018436374
Warm C,904625,5470,5469,2801,1708,0,0.0002674088
Warm C,18728,146,145,2801,1708,0,0.011839574
Warm C,171453,1088,1087,2801,1708,0,0.014176729
Warm C,534019,3296,3295,2806,1713,1,0.015816055
Warm C,532696,3290,3289,2806,1713,0,0.005788756
Warm C,530913,3280,3279,2806,1713,0,0.008071162
Warm C,519683,3206,3205,2806,1713,0,0.00994432
Warm C,516884,3191,3190,2806,1713,1,0.010671869
Warm C,507187,3121,3120,2806,1713,0,0.013192227
Warm C,784018,4682,4681,2806,1713,0,0.021411428
Warm C,523395,3227,3226,2806,1713,0,0.023157716
Warm C,628583,3807,3806,2806,1713,1,0.01467311
Warm C,533170,3292,3291,2806,1713,1,0.018238679
Warm C,473422,2909,2908,2806,1713,1,0.010594115
Warm C,470355,2896,2895,2806,1713,0,0.009073289
Warm C,461455,2847,2846,2806,1713,0,0.011062726
Warm C,456399,2810,2809,2806,1713,0,0.006943336
Warm C,455069,2801,2800,2806,1713,0,0.0050605442
Warm C,540646,3327,3326,2806,1713,0,0.010315887
Warm C,444591,2743,2742,2806,1713,0,0.009676497
Warm C,433985,2645,2644,2806,1713,0,0.0065697455
Warm C,431975,2633,2632,2806,1713,0,0.0012238
Warm C,450721,2777,2776,2806,1713,0,0.0142587405
Warm C,389544,2283,2282,2806,1713,0,0.011724927
Warm C,386574,2261,2260,2806,1713,0,0.0061152065
Warm C,378912,2212,2211,2806,1713,0,0.015079844
Warm C,380207,2223,2222,2806,1713,0,0.013353618
Warm C,373954,2181,2180,2806,1713,0,0.017383736
Warm C,354009,2073,2072,2806,1713,0,0.013846368
Warm C,361516,2109,2108,2806,1713,0,0.01358164
Warm C,348611,2043,2042,2806,1713,0,-0.0024069047
Warm C,352633,2064,2063,2806,1713,0,0.017461743
Warm C,339949,2005,2004,2806,1713,0,0.005117508
Warm C,340537,2010,2009,2806,1713,0,0.011308612
Warm C,350924,2060,2059,2806,1713,0,0.004683787
Warm C,345781,2029,2028,2806,1713,0,0.005583707
Warm C,314048,1875,1874,2806,1713,0,0.0078220535
Warm C,306787,1831,1830,2806,1713,0,0.010091832
Warm C,288093,1721,1720,2806,1713,0,0.019946525
Warm C,297400,1764,1763,2806,1713,1,0.020175338
Warm C,277539,1676,1675,2806,1713,0,0.018506464
Warm C,281784,1690,1689,2806,1713,0,0.0071794633
Warm C,282578,1694,1693,2806,1713,0,0.011595809
Warm C,275048,1666,1665,2806,1713,0,0.01539634
Warm C,271247,1640,1639,2806,1713,0,0.004392494
Warm C,236596,1436,1435,2806,1713,1,0.011409489
Warm C,236344,1434,1433,2806,1713,1,0.002330146
Warm C,225559,1366,1365,2806,1713,1,0.022201726
Warm C,224091,1356,1355,2806,1713,0,0.011379737
Warm C,222352,1345,1344,2806,1713,0,0.0014814988
Warm C,216651,1316,1315,2806,1713,0,0.012969579
Warm C,215799,1307,1306,2806,1713,1,0.0024976311
Warm C,214064,1300,1299,2806,1713,0,0.012313362
Warm C,261676,1599,1598,2806,1713,0,0.005792929
Warm C,204903,1261,1260,2806,1713,0,0.0032885051
Warm C,278939,1680,1679,2806,1713,0,0.015403141
Warm C,210067,1284,1283,2806,1713,1,0.0042966167
Warm C,196404,1207,1206,2806,1713,0,0.013924988
Warm C,189304,1173,1172,2806,1713,0,0.008314408
Warm C,186464,1153,1152,2806,1713,0,0.0015921192
Warm C,183514,1142,1141,2806,1713,0,0.007999189
Warm C,180762,1130,1129,2806,1713,0,0.015699368
Warm C,191806,1182,1181,2806,1713,0,0.0017239904
Warm C,205277,1263,1262,2806,1713,0,0.0021883724
Warm C,173582,1100,1099,2806,1713,0,0.0045056664
Warm C,172835,1096,1095,2806,1713,0,0.016267939
Warm C,183930,1146,1145,2806,1713,0,0.0066252733
Warm C,167768,1068,1067,2806,1713,0,0.016610447
Warm C,327865,1941,1940,2806,1713,0,0.019381218
Warm C,270406,1636,1635,2806,1713,0,0.005737459
Warm C,170469,1086,1085,2806,1713,0,0.016051352
Warm C,140531,903,902,2806,1713,0,0.010901749
Warm C,139822,896,895,2806,1713,1,0.003040179
Warm C,137508,888,887,2806,1713,0,0.0014351513
Warm C,134136,869,868,2806,1713,1,0.013376005
Warm C,145591,936,935,2806,1713,0,0.016383374
Warm C,351612,2063,2062,2806,1713,0,0.017550692
Warm C,181926,1137,1136,2806,1713,0,0.024043981
Warm C,128013,828,827,2806,1713,0,0.011032605
Warm C,365463,2127,2126,2806,1713,0,0.0051486716
Warm C,126009,812,811,2806,1713,1,-0.00016907183
Warm C,360629,2106,2105,2806,1713,0,-0.00084892486
Warm C,118073,764,763,2806,1713,1,0.012140766
Warm C,117434,757,756,2806,1713,0,0.007932607
Warm C,223433,1354,1353,2806,1713,0,0.012291867
Warm C,116051,752,751,2806,1713,1,0.01572788
Warm C,114776,746,745,2806,1713,0,0.0042629656
Warm C,216393,1314,1313,2806,1713,1,0.0044485442
Warm C,107067,704,703,2806,1713,0,-0.0024993548
Warm C,91168,604,603,2806,1713,0,0.011598688
Warm C,88759,587,586,2806,1713,0,0.006400627
Warm C,174623,1105,1104,2806,1713,0,0.0035316893
Warm C,74715,509,508,2806,1713,0,0.01076274
Warm C,64187,429,428,2806,1713,0,0.012192529
Warm C,64069,428,427,2806,1713,0,0.0048369085
Warm C,47978,321,320,2806,1713,0,0.0062537948
Warm C,47533,319,318,2806,1713,0,0.012772104
Warm C,49473,329,328,2806,1713,0,0.013184827
Warm C,362877,2116,2115,2806,1713,0,0.010130164
Warm C,46472,310,309,2806,1713,0,0.009582321
Warm C,32503,218,217,2806,1713,0,0.0075299237
Warm C,29901,202,201,2806,1713,0,0.0081642475
Warm C,291262,1737,1736,2806,1713,0,0.008801872
Warm C,766141,4562,4561,2806,1713,0,0.024759535
Warm C,17291,135,134,2806,1713,0,0.0123051945
Warm C,15043,119,118,2806,1713,1,0.017230447
Warm C,9577,63,62,2806,1713,0,0.013134347
Warm C,22579,163,162,2806,1713,0,0.008550817
Warm C,361,5,4,2806,1713,0,0.008003637
Warm C,79270,531,530,2806,1713,0,0.012928888
Warm C,1236,11,10,2806,1713,0,0.019512212
Warm C,653451,3940,3939,2806,1713,0,0.0050431984
Warm C,157994,1015,1014,2806,1713,0,0.024410658
Warm C,119124,770,769,2806,1713,0,0.01514902
Warm C,88189,582,581,2806,1713,0,0.004726156
Warm C,20038,149,148,2806,1713,0,0.018486489
Warm C,370933,2168,2167,2806,1713,0,0.015476042
Warm C,110699,721,720,2806,1713,0,0.018040782
Warm C,682312,4085,4084,2806,1713,1,0.0069798646
Warm C,272101,1645,1644,2806,1713,0,0.020920958
Warm C,170805,1087,1086,2806,1713,0,0.020638634
Warm C,407203,2446,2445,2806,1713,0,0.022783112
Warm C,405309,2427,2426,2806,1713,1,0.0027757864
Warm C,537821,3312,3311,2806,1713,0,0.021234224
Warm C,229578,1390,1389,2806,1713,0,0.008165721
Warm C,923893,5580,5579,2806,1713,0,0.011889037
Warm C,309542,1842,1841,2806,1713,0,0.017570645
Warm C,499276,3067,3066,2806,1713,0,0.008268775
Warm C,907601,5492,5491,2806,1713,0,0.01073226
Warm C,222728,1348,1347,2806,1713,1,0.0048969286
Warm C,719979,4312,4311,2806,1713,0,0.011315483
Warm C,143507,926,925,2806,1713,1,0.0044555087
Warm C,696059,4169,4168,2806,1713,0,0.020514864
Warm C,111621,727,726,2806,1713,0,0.014147671
Warm C,718497,4305,4304,2806,1713,1,0.0111863725
Warm C,26662,188,187,2806,1713,0,0.0077254223
Warm C,255885,1560,1559,2806,1713,0,0.010667586
Warm C,688329,4117,4116,2806,1713,1,0.01063954
Warm C,96575,648,647,2806,1713,0,0.0075854496
Warm C,171458,1088,1087,2806,1713,0,0.0121956505
Warm C,877394,5302,5301,2806,1713,0,-0.0003535163
Warm C,263161,1605,1604,2806,1713,0,0.015648609
Warm C,267162,1624,1623,2807,1714,0,0.007295059
Warm C,224092,1356,1355,2807,1714,0,0.012679728
Warm C,277540,1676,1675,2807,1714,0,0.022008225
Warm C,190681,1181,1180,2807,1714,0,0.01665153
Warm C,179507,1125,1124,2807,1714,0,0.005891101
Warm C,436292,2665,2664,2807,1714,0,0.013833911
Warm C,216916,1317,1316,2807,1714,0,0.013219716
Warm C,156704,1010,1009,2807,1714,0,0.017095339
Warm C,138043,889,888,2807,1714,0,0.007229038
Warm C,136416,881,880,2807,1714,0,0.018687032
Warm C,127062,820,819,2807,1714,0,0.0067862105
Warm C,121846,785,784,2807,1714,1,0.009953162
Warm C,114777,746,745,2807,1714,0,0.007444856
Warm C,114393,744,743,2807,1714,0,0.010891952
Warm C,119125,770,769,2807,1714,0,0.015489309
Warm C,96371,647,646,2807,1714,0,0.010152351
Warm C,203002,1246,1245,2807,1714,0,0.013172653
Warm C,86058,563,562,2807,1714,0,0.013717277
Warm C,250345,1509,1508,2807,1714,0,0.009538285
Warm C,74716,509,508,2807,1714,0,0.015114656
Warm C,71063,477,476,2807,1714,0,0.0067246635
Warm C,537822,3312,3311,2807,1714,0,0.011747702
Warm C,291263,1737,1736,2807,1714,0,0.0071265167
Warm C,13991,113,112,2807,1714,0,0.010306232
Warm C,12330,93,92,2807,1714,0,0.0046599214
Warm C,10274,73,72,2807,1714,0,0.02238606
Warm C,8511,58,57,2807,1714,0,0.016039174
Warm C,17176,134,133,2807,1714,0,0.0037395782
Warm C,2026,18,17,2807,1714,0,0.015575016
Warm C,389404,2282,2281,2807,1714,0,0.019834343
Warm C,776846,4640,4639,2807,1714,0,0.022983935
Warm C,569713,3493,3492,2816,1717,0,0.0058811074
Warm C,570247,3499,3498,2816,1717,0,0.015502255
Warm C,556211,3418,3417,2816,1717,0,0.014351578
Warm C,555200,3414,3413,2816,1717,0,0.009446701
Warm C,545021,3361,3360,2816,1717,0,0.0035479954
Warm C,544249,3355,3354,2816,1717,0,-0.0036092182
Warm C,538884,3314,3313,2816,1717,0,0.009952631
Warm C,535899,3308,3307,2816,1717,0,0.016691199
Warm C,544037,3353,3352,2816,1717,0,0.025547992
Warm C,516890,3191,3190,2816,1717,0,0.010618175
Warm C,515394,3182,3181,2816,1717,0,0.021770783
Warm C,605694,3681,3680,2816,1717,0,0.0099682
Warm C,504129,3099,3098,2816,1717,1,0.0047429213
Warm C,575233,3519,3518,2816,1717,0,0.019580174
Warm C,487843,3001,3000,2816,1717,0,0.01662378
Warm C,486586,2995,2994,2816,1717,0,0.017651247
Warm C,480061,2946,2945,2816,1717,0,0.014555304
Warm C,696081,4169,4168,2816,1717,0,0.02668427
Warm C,471319,2900,2899,2816,1717,0,0.018461727
Warm C,473443,2909,2908,2816,1717,0,0.013726847
Warm C,463172,2857,2856,2816,1717,0,0.012447167
Warm C,459520,2831,2830,2816,1717,0,0.0053314604
Warm C,594756,3620,3619,2816,1717,0,0.00966629
Warm C,449871,2774,2773,2816,1717,0,0.004788643
Warm C,449322,2771,2770,2816,1717,0,0.01446389
Warm C,434400,2649,2648,2816,1717,0,0.006005251
Warm C,423692,2567,2566,2816,1717,0,0.017415544
Warm C,415225,2500,2499,2816,1717,0,0.0070899753
Warm C,412752,2484,2483,2816,1717,0,0.020066543
Warm C,388899,2279,2278,2816,1717,0,0.013117734
Warm C,375060,2186,2185,2816,1717,0,0.0053198966
Warm C,373383,2180,2179,2816,1717,0,0.013988465
Warm C,357355,2092,2091,2816,1717,0,0.013847178
Warm C,297408,1764,1763,2816,1717,1,0.009693971
Warm C,290901,1736,1735,2816,1717,0,0.006681992
Warm C,275469,1667,1666,2816,1717,0,0.014290432
Warm C,256471,1566,1565,2816,1717,0,0.0070455526
Warm C,265661,1613,1612,2816,1717,0,0.021703554
Warm C,242435,1464,1463,2816,1717,0,0.008270059
Warm C,283140,1696,1695,2816,1717,0,0.013312337
Warm C,242713,1465,1464,2816,1717,0,0.017594583
Warm C,227061,1377,1376,2816,1717,0,0.019527927
Warm C,205713,1264,1263,2816,1717,0,0.008538101
Warm C,197868,1216,1215,2816,1717,0,0.008809827
Warm C,190701,1181,1180,2816,1717,0,0.020383624
Warm C,307337,1835,1834,2816,1717,0,0.0209773
Warm C,180226,1128,1127,2816,1717,0,0.0097483825
Warm C,327887,1941,1940,2816,1717,0,0.020318372
Warm C,155804,1004,1003,2816,1717,0,0.013008201
Warm C,154803,999,998,2816,1717,0,0.014909716
Warm C,148057,954,953,2816,1717,0,0.0045038415
Warm C,276877,1675,1674,2816,1717,0,0.022919878
Warm C,138067,889,888,2816,1717,0,0.023744397
Warm C,202410,1244,1243,2816,1717,0,0.012653619
Warm C,118305,765,764,2816,1717,0,0.005887905
Warm C,114399,744,743,2816,1717,0,0.013580243
Warm C,106715,702,701,2816,1717,0,0.018658668
Warm C,96120,646,645,2816,1717,0,0.019011024
Warm C,294848,1752,1751,2816,1717,0,0.015584303
Warm C,88098,580,579,2816,1717,0,0.003477913
Warm C,150508,970,969,2816,1717,0,0.014951944
Warm C,81579,543,542,2816,1717,1,0.019880975
Warm C,71067,477,476,2816,1717,0,-0.002112914
Warm C,70402,475,474,2816,1717,0,0.009920577
Warm C,68635,461,460,2816,1717,0,0.022545055
Warm C,52338,344,343,2816,1717,0,0.007180107
Warm C,78379,528,527,2816,1717,0,0.015941571
Warm C,40449,272,271,2816,1717,0,0.024260813
Warm C,626653,3792,3791,2816,1717,0,0.011668033
Warm C,19482,148,147,2816,1717,0,0.014344936
Warm C,12336,93,92,2816,1717,0,0.015964596
Warm C,5618,40,39,2816,1717,0,0.0031589293
Warm C,6878,48,47,2816,1717,0,0.015864193
Warm C,235535,1426,1425,2816,1717,0,0.008387839
Warm C,144095,929,928,2816,1717,0,0.014078868
Warm C,552229,3401,3400,2816,1717,0,0.0153777655
Warm C,432623,2638,2637,2816,1717,0,0.0053851223
Warm C,265001,1611,1610,2816,1717,0,0.0060161306
Warm C,430989,2627,2626,2816,1717,0,0.009961364
Warm C,304784,1812,1811,2816,1717,0,0.013127975
Warm C,257559,1579,1578,2816,1717,0,0.019649219
Warm C,418572,2529,2528,2816,1717,0,0.024081884
Warm C,931403,5626,5625,2816,1717,1,0.011782074
Warm C,892896,5394,5393,2816,1717,0,0.0147004
Warm C,136431,881,880,2816,1717,0,0.00047821552
Warm C,310605,1851,1850,2816,1717,0,0.0077759265
Warm C,354799,2077,2076,2816,1717,0,0.018401325
Warm C,599160,3648,3647,2816,1717,0,0.011804618
Warm C,544038,3353,3352,2817,1718,0,0.008425805
Warm C,518677,3201,3200,2817,1718,0,0.0116745755
Warm C,512724,3163,3162,2817,1718,0,0.009305827
Warm C,504130,3099,3098,2817,1718,0,0.008446414
Warm C,575234,3519,3518,2817,1718,0,0.011682536
Warm C,498560,3063,3062,2817,1718,0,0.006701353
Warm C,487844,3001,3000,2817,1718,0,0.016316
Warm C,480063,2946,2945,2817,1718,0,0.018337183
Warm C,473445,2909,2908,2817,1718,0,0.0041313013
Warm C,463173,2857,2856,2817,1718,0,0.003077778
Warm C,486970,2996,2995,2817,1718,0,0.011980273
Warm C,458527,2823,2822,2817,1718,0,0.0016182602
Warm C,430715,2625,2624,2817,1718,0,0.000107854605
Warm C,429089,2611,2610,2817,1718,0,0.015301272
Warm C,417141,2509,2508,2817,1718,0,-0.0012717841
Warm C,415227,2500,2499,2817,1718,1,0.0074424203
Warm C,412754,2484,2483,2817,1718,0,0.010076746
Warm C,407752,2451,2450,2817,1718,0,0.016222673
Warm C,393716,2318,2317,2817,1718,0,0.0057719955
Warm C,392073,2304,2303,2817,1718,0,0.023196328
Warm C,384064,2244,2243,2817,1718,0,0.009187482
Warm C,375061,2186,2185,2817,1718,0,0.0059963
Warm C,373384,2180,2179,2817,1718,0,0.014353076
Warm C,361526,2109,2108,2817,1718,0,0.019225247
Warm C,295993,1757,1756,2817,1718,0,0.009692378
Warm C,244645,1473,1472,2817,1718,0,0.002973278
Warm C,301730,1793,1792,2817,1718,0,0.0041293427
Warm C,232324,1410,1409,2817,1718,1,0.006085536
Warm C,227062,1377,1376,2817,1718,0,0.011873184
Warm C,196410,1207,1206,2817,1718,0,0.0029583809
Warm C,197869,1216,1215,2817,1718,0,0.0056655225
Warm C,192546,1185,1184,2817,1718,0,7.1399845e-06
Warm C,190704,1181,1180,2817,1718,0,0.021419726
Warm C,235536,1426,1425,2817,1718,0,0.0037759761
Warm C,183140,1141,1140,2817,1718,0,0.013564924
Warm C,308513,1837,1836,2817,1718,0,0.01667896
Warm C,179057,1124,1123,2817,1718,0,0.007157145
Warm C,327888,1941,1940,2817,1718,0,0.012321903
Warm C,275471,1667,1666,2817,1718,0,0.018698538
Warm C,156718,1010,1009,2817,1718,0,0.017322924
Warm C,276878,1675,1674,2817,1718,0,0.018350743
Warm C,138070,889,888,2817,1718,0,0.016897175
Warm C,311910,1860,1859,2817,1718,0,0.0032921548
Warm C,136432,881,880,2817,1718,0,0.007760751
Warm C,121481,781,780,2817,1718,0,0.00032491237
Warm C,114400,744,743,2817,1718,0,0.007252441
Warm C,113868,738,737,2817,1718,0,0.013195335
Warm C,70403,475,474,2817,1718,0,0.012067169
Warm C,68637,461,460,2817,1718,0,0.0045590554
Warm C,239894,1449,1448,2817,1718,0,0.017314512
Warm C,52339,344,343,2817,1718,0,-0.001042645
Warm C,78380,528,527,2817,1718,0,0.0145232845
Warm C,47023,316,315,2817,1718,1,0.0140081
Warm C,291273,1737,1736,2817,1718,0,0.0054862974
Warm C,14555,117,116,2817,1718,0,0.007047553
Warm C,5619,40,39,2817,1718,0,0.0011382028
Warm C,6881,48,47,2817,1718,0,0.008295183
Warm C,4401,33,32,2817,1718,0,0.008633393
Warm C,696082,4169,4168,2817,1718,0,0.014391122
Warm C,144096,929,928,2817,1718,0,0.012354401
Warm C,432625,2638,2637,2817,1718,0,0.017141083
Warm C,265002,1611,1610,2817,1718,0,0.0120828925
Warm C,45981,308,307,2817,1718,0,0.009443263
Warm C,931404,5626,5625,2817,1718,1,0.009467086
Warm C,559378,3436,3435,2817,1718,0,0.00036916533
Warm C,412765,2484,2483,2828,1723,0,0.02221933
Warm C,400079,2381,2380,2828,1723,0,0.010950064
Warm C,396327,2344,2343,2828,1723,0,0.005460309
Warm C,389692,2286,2285,2828,1723,0,0.009153174
Warm C,376715,2199,2198,2828,1723,0,0.002491419
Warm C,375805,2189,2188,2828,1723,0,0.015661601
Warm C,373981,2181,2180,2828,1723,0,0.019581009
Warm C,370470,2166,2165,2828,1723,0,0.013473047
Warm C,366575,2136,2135,2828,1723,0,0.010863163
Warm C,357010,2091,2090,2828,1723,0,-0.0007471023
Warm C,354029,2073,2072,2828,1723,0,0.0064996355
Warm C,351655,2063,2062,2828,1723,0,0.024112659
Warm C,295840,1756,1755,2828,1723,0,0.006749983
Warm C,286239,1709,1708,2828,1723,1,0.01795188
Warm C,264348,1608,1607,2828,1723,0,0.019021576
Warm C,236809,1438,1437,2828,1723,0,0.004143141
Warm C,224948,1360,1359,2828,1723,0,-0.00057945726
Warm C,224851,1359,1358,2828,1723,0,0.010826336
Warm C,335733,1980,1979,2828,1723,0,0.026716046
Warm C,223459,1354,1353,2828,1723,0,0.017095625
Warm C,195908,1204,1203,2828,1723,0,0.008002391
Warm C,194122,1196,1195,2828,1723,0,0.017663196
Warm C,327910,1941,1940,2828,1723,0,0.019140176
Warm C,186467,1153,1152,2828,1723,0,0.0017152685
Warm C,176257,1114,1113,2828,1723,0,0.005546957
Warm C,198600,1220,1219,2828,1723,0,0.008853177
Warm C,165185,1053,1052,2828,1723,0,0.0056969468
Warm C,168847,1071,1070,2828,1723,0,0.008368178
Warm C,246260,1489,1488,2828,1723,0,0.021261502
Warm C,144850,934,933,2828,1723,0,0.011532262
Warm C,134163,869,868,2828,1723,0,0.009265428
Warm C,248751,1501,1500,2828,1723,0,0.0055112415
Warm C,122333,789,788,2828,1723,0,0.008515798
Warm C,112388,731,730,2828,1723,0,0.016251769
Warm C,109245,714,713,2828,1723,0,0.012422599
Warm C,82125,545,544,2828,1723,0,0.013170227
Warm C,73090,494,493,2828,1723,0,-0.0012107469
Warm C,68645,461,460,2828,1723,0,0.01622539
Warm C,187931,1165,1164,2828,1723,0,0.010790068
Warm C,36574,245,244,2828,1723,0,0.016235301
Warm C,32179,216,215,2828,1723,0,0.0143112475
Warm C,31155,209,208,2828,1723,0,-0.0034339316
Warm C,29946,202,201,2828,1723,0,0.011714028
Warm C,15670,123,122,2828,1723,0,0.01540609
Warm C,10533,75,74,2828,1723,1,0.013170989
Warm C,10023,70,69,2828,1723,0,0.00088333176
Warm C,1716,16,15,2828,1723,0,0.008985598
Warm C,22619,163,162,2828,1723,0,0.014931846
Warm C,142167,918,917,2828,1723,1,0.019286776
Warm C,19512,148,147,2828,1723,1,0.016483506
Warm C,552236,3401,3400,2828,1723,0,0.006561295
Warm C,680590,4079,4078,2828,1723,0,0.015243999
Warm C,717016,4294,4293,2828,1723,0,0.0029695774
Warm C,143511,926,925,2828,1723,0,0.0061586215
Warm C,187039,1160,1159,2828,1723,0,0.010031663
Warm C,479737,2944,2943,2828,1723,0,0.011297223
Warm C,255893,1560,1559,2828,1723,0,0.020300137
Warm C,427331,2594,2593,2828,1723,0,0.011748958
Warm C,60811,411,410,2828,1723,0,0.010244153
Warm C,699628,4186,4185,2828,1723,0,0.012764581
Warm C,171487,1088,1087,2828,1723,0,0.016722409
Warm C,492022,3026,3025,2829,1724,0,5.55811e-05
Warm C,489551,3013,3012,2829,1724,0,-0.0021305624
Warm C,488651,3007,3006,2829,1724,0,-0.00510953
Warm C,486040,2993,2992,2829,1724,0,0.0071931425
Warm C,529591,3272,3271,2829,1724,0,0.016653575
Warm C,470930,2899,2898,2829,1724,1,0.010613887
Warm C,852593,5113,5112,2829,1724,0,0.009724528
Warm C,467618,2882,2881,2829,1724,1,0.012108606
Warm C,518684,3201,3200,2829,1724,0,0.008174928
Warm C,450749,2777,2776,2829,1724,0,0.011851216
Warm C,458479,2822,2821,2829,1724,0,0.010142855
Warm C,442383,2724,2723,2829,1724,0,0.017051762
Warm C,564316,3471,3470,2829,1724,0,0.015777074
Warm C,438802,2681,2680,2829,1724,0,0.0076118866
Warm C,424901,2577,2576,2829,1724,0,0.0052427975
Warm C,414897,2497,2496,2829,1724,1,-0.0046976
Warm C,408132,2453,2452,2829,1724,0,0.010077171
Warm C,399466,2378,2377,2829,1724,0,0.00043033226
Warm C,382269,2233,2232,2829,1724,0,0.001059145
Warm C,381284,2230,2229,2829,1724,0,0.0023520822
Warm C,369856,2164,2163,2829,1724,1,0.008042524
Warm C,325319,1926,1925,2829,1724,0,0.00837231
Warm C,315106,1880,1879,2829,1724,0,0.012628788
Warm C,273909,1653,1652,2829,1724,0,0.016172472
Warm C,264567,1609,1608,2829,1724,0,0.0024780892
Warm C,248753,1501,1500,2829,1724,1,0.0020584483
Warm C,224112,1356,1355,2829,1724,0,0.007859528
Warm C,312275,1861,1860,2829,1724,0,0.005100736
Warm C,335736,1980,1979,2829,1724,0,0.012137065
Warm C,222361,1345,1344,2829,1724,1,0.0043747937
Warm C,278979,1680,1679,2829,1724,0,0.01211652
Warm C,194775,1202,1201,2829,1724,0,0.005752458
Warm C,188911,1172,1171,2829,1724,0,0.016539453
Warm C,329241,1943,1942,2829,1724,0,0.0063978513
Warm C,210796,1285,1284,2829,1724,0,0.008777783
Warm C,199375,1224,1223,2829,1724,0,0.016151687
Warm C,174828,1107,1106,2829,1724,1,0.0018859252
Warm C,173596,1100,1099,2829,1724,0,0.0076774587
Warm C,169787,1078,1077,2829,1724,1,-0.0013032681
Warm C,168359,1069,1068,2829,1724,1,0.011345078
Warm C,327913,1941,1940,2829,1724,0,0.007688633
Warm C,189315,1173,1172,2829,1724,1,-0.00373222
Warm C,158914,1016,1015,2829,1724,1,-0.006782004
Warm C,164438,1051,1050,2829,1724,1,0.013438936
Warm C,152961,984,983,2829,1724,0,0.006958078
Warm C,131838,854,853,2829,1724,0,0.0026794411
Warm C,159975,1019,1018,2829,1724,0,0.012992096
Warm C,121485,781,780,2829,1724,1,0.012854278
Warm C,120356,777,776,2829,1724,0,0.0071005197
Warm C,112390,731,730,2829,1724,0,0.008768392
Warm C,105980,699,698,2829,1724,0,0.0144512225
Warm C,109247,714,713,2829,1724,1,0.011648316
Warm C,98713,660,659,2829,1724,0,0.0026864544
Warm C,107840,710,709,2829,1724,1,0.011808572
Warm C,314056,1875,1874,2829,1724,1,0.017086605
Warm C,85030,553,552,2829,1724,1,0.002764301
Warm C,238787,1448,1447,2829,1724,1,0.013717478
Warm C,190726,1181,1180,2829,1724,0,0.013123136
Warm C,73644,499,498,2829,1724,0,0.004243578
Warm C,360661,2106,2105,2829,1724,0,0.0038367668
Warm C,228166,1383,1382,2829,1724,0,0.009403811
Warm C,155300,1001,1000,2829,1724,1,0.0051518893
Warm C,53878,352,351,2829,1724,1,0.0111576
Warm C,805657,4823,4822,2829,1724,0,0.0101303775
Warm C,784032,4682,4681,2829,1724,0,0.015935333
Warm C,47581,319,318,2829,1724,0,0.009669166
Warm C,343595,2018,2017,2829,1724,0,0.006092614
Warm C,61347,412,411,2829,1724,1,0.011515241
Warm C,696106,4169,4168,2829,1724,1,0.019622814
Warm C,55663,368,367,2829,1724,0,0.0011120451
Warm C,537844,3312,3311,2829,1724,0,0.015466521
Warm C,32183,216,215,2829,1724,0,0.010404978
Warm C,336957,1983,1982,2829,1724,1,0.015316053
Warm C,31546,214,213,2829,1724,0,0.0019910298
Warm C,29477,201,200,2829,1724,1,0.004902033
Warm C,29262,199,198,2829,1724,0,0.0077670077
Warm C,27593,193,192,2829,1724,0,0.01618228
Warm C,234885,1425,1424,2829,1724,1,0.021843366
Warm C,21171,155,154,2829,1724,0,0.009519608
Warm C,6288,45,44,2829,1724,0,0.012931777
Warm C,158028,1015,1014,2829,1724,0,0.0118128825
Warm C,354812,2077,2076,2829,1724,1,0.019687574
Warm C,237794,1447,1446,2829,1724,1,0.014107201
Warm C,466742,2878,2877,2829,1724,0,0.013249765
Warm C,954203,5761,5760,2829,1724,0,0.002171996
Warm C,631488,3821,3820,2829,1724,0,0.0016881309
Warm C,484953,2986,2985,2829,1724,0,0.014921279
Warm C,923900,5580,5579,2829,1724,0,0.009636927
Warm C,565496,3475,3474,2829,1724,0,0.008298256
Warm C,496443,3051,3050,2829,1724,0,0.0053965235
Warm C,768673,4579,4578,2829,1724,0,0.020311367
Warm C,473466,2909,2908,2829,1724,0,0.015678607
Warm C,848151,5097,5096,2829,1724,1,0.010246239
Warm C,878962,5312,5311,2829,1724,1,0.01991747
Warm C,699629,4186,4185,2829,1724,0,0.015440438
Warm C,171489,1088,1087,2829,1724,1,0.0019619558
Warm C,748228,4467,4466,2829,1724,0,0.004948457
Warm C,579214,3539,3538,2836,1725,1,0.0101744775
Warm C,744810,4448,4447,2836,1725,0,0.016321985
Warm C,582940,3561,3560,2836,1725,1,0.009938766
Warm C,563035,3464,3463,2836,1725,0,0.012751503
Warm C,571398,3504,3503,2836,1725,0,0.008195534
Warm C,530934,3280,3279,2836,1725,0,0.012270978
Warm C,517391,3193,3192,2836,1725,0,0.011728896
Warm C,515409,3182,3181,2836,1725,0,0.006875715
Warm C,657482,3963,3962,2836,1725,0,0.00594249
Warm C,499318,3067,3066,2836,1725,1,0.013510496
Warm C,549992,3391,3390,2836,1725,1,0.0039674
Warm C,492650,3029,3028,2836,1725,0,0.016579598
Warm C,490233,3017,3016,2836,1725,0,0.0017599084
Warm C,498748,3065,3064,2836,1725,1,0.00586779
Warm C,479884,2945,2944,2836,1725,1,0.0037364762
Warm C,470941,2899,2898,2836,1725,0,0.011715841
Warm C,571009,3503,3502,2836,1725,1,0.011957103
Warm C,467621,2882,2881,2836,1725,0,0.0074636345
Warm C,801358,4802,4801,2836,1725,1,0.01965918
Warm C,450765,2777,2776,2836,1725,1,0.008564268
Warm C,450227,2776,2775,2836,1725,0,0.0068057124
Warm C,442258,2723,2722,2836,1725,1,-0.0025595184
Warm C,564326,3471,3470,2836,1725,0,0.014502513
Warm C,438808,2681,2680,2836,1725,1,0.011952555
Warm C,429439,2613,2612,2836,1725,1,0.0048750453
Warm C,404479,2419,2418,2836,1725,1,0.011787629
Warm C,392698,2305,2304,2836,1725,0,0.0024882192
Warm C,375300,2187,2186,2836,1725,1,0.011764392
Warm C,382467,2235,2234,2836,1725,1,-0.0008814866
Warm C,367883,2148,2147,2836,1725,0,-0.0014267745
Warm C,351676,2063,2062,2836,1725,0,0.003654345
Warm C,361549,2109,2108,2836,1725,0,0.012360139
Warm C,373990,2181,2180,2836,1725,0,0.008028844
Warm C,358847,2100,2099,2836,1725,0,0.0062682647
Warm C,342025,2014,2013,2836,1725,0,0.0025906968
Warm C,338588,1992,1991,2836,1725,0,0.007054621
Warm C,340577,2010,2009,2836,1725,0,0.011923993
Warm C,330277,1949,1948,2836,1725,1,0.009325562
Warm C,281219,1687,1686,2836,1725,0,0.008287099
Warm C,275061,1666,1665,2836,1725,0,0.0038938199
Warm C,268493,1631,1630,2836,1725,1,0.005888774
Warm C,309265,1841,1840,2836,1725,0,0.01138219
Warm C,243204,1466,1465,2836,1725,1,-0.0010340379
Warm C,236028,1430,1429,2836,1725,0,0.012180163
Warm C,240777,1450,1449,2836,1725,0,-0.0007910974
Warm C,224120,1356,1355,2836,1725,1,0.012702924
Warm C,225737,1367,1366,2836,1725,1,0.0056967335
Warm C,222366,1345,1344,2836,1725,1,-0.0026771089
Warm C,223472,1354,1353,2836,1725,0,0.0013316318
Warm C,212851,1297,1296,2836,1725,1,0.015551908
Warm C,277580,1676,1675,2836,1725,0,0.016743092
Warm C,205294,1263,1262,2836,1725,0,0.010645786
Warm C,243856,1470,1469,2836,1725,0,0.015028373
Warm C,185140,1150,1149,2836,1725,0,0.0062166853
Warm C,173603,1100,1099,2836,1725,0,-0.004360038
Warm C,166404,1059,1058,2836,1725,0,0.013459328
Warm C,311067,1853,1852,2836,1725,1,0.005435872
Warm C,150186,967,966,2836,1725,0,0.012394434
Warm C,146238,940,939,2836,1725,1,0.005124355
Warm C,712930,4277,4276,2836,1725,1,0.01622767
Warm C,136467,881,880,2836,1725,0,0.0168798
Warm C,131538,852,851,2836,1725,1,0.0035280979
Warm C,332598,1962,1961,2836,1725,0,0.010040424
Warm C,126104,813,812,2836,1725,0,0.004337594
Warm C,123015,794,793,2836,1725,1,0.007109719
Warm C,123097,795,794,2836,1725,0,0.0016358274
Warm C,121489,781,780,2836,1725,1,0.012907738
Warm C,119157,770,769,2836,1725,0,0.011226295
Warm C,117449,757,756,2836,1725,0,0.0002816948
Warm C,112403,731,730,2836,1725,0,0.012916327
Warm C,175999,1113,1112,2836,1725,0,0.017808856
Warm C,113272,735,734,2836,1725,0,0.013864061
Warm C,91608,608,607,2836,1725,1,0.007970452
Warm C,353449,2071,2070,2836,1725,1,0.009903771
Warm C,88774,587,586,2836,1725,0,0.012433733
Warm C,190748,1181,1180,2836,1725,0,0.012205305
Warm C,74750,509,508,2836,1725,0,0.0069539826
Warm C,72919,493,492,2836,1725,0,0.011742746
Warm C,57222,386,385,2836,1725,0,0.0051259827
Warm C,44659,302,301,2836,1725,0,0.02020432
Warm C,31554,214,213,2836,1725,0,0.008138658
Warm C,49559,329,328,2836,1725,0,0.0077182185
Warm C,3218,24,23,2836,1725,1,0.011758987
Warm C,158041,1015,1014,2836,1725,0,0.01031498
Warm C,354822,2077,2076,2836,1725,1,0.012861022
Warm C,365472,2127,2126,2836,1725,0,0.0065201437
Warm C,2382,19,18,2836,1725,1,0.0026654846
Warm C,362933,2116,2115,2836,1725,1,0.0088090375
Warm C,966699,5831,5830,2836,1725,1,0.011657149
Warm C,828635,4979,4978,2836,1725,0,0.018790482
Warm C,963981,5812,5811,2836,1725,0,0.0130321095
Warm C,342365,2015,2014,2836,1725,1,0.0027295554
Warm C,252466,1530,1529,2836,1725,1,0.009518926
Warm C,484961,2986,2985,2836,1725,1,0.015424769
Warm C,331513,1958,1957,2836,1725,1,0.021542111
Warm C,344807,2023,2022,2836,1725,0,0.006848225
Warm C,134176,869,868,2836,1725,0,0.009406684
Warm C,573496,3512,3511,2836,1725,0,0.014466499
Warm C,206309,1265,1264,2836,1725,0,-0.0017732747
Warm C,178609,1121,1120,2836,1725,1,0.008868171
Warm C,116093,752,751,2836,1725,0,0.014091307
Warm C,214772,1303,1302,2836,1725,0,0.015092267
Warm C,860064,5172,5171,2836,1725,1,0.007613591
Warm C,417604,2520,2519,2844,1728,1,0.007216405
Warm C,104256,692,691,2844,1728,1,0.009640019
Warm C,712944,4277,4276,2844,1728,1,0.011831562
Warm C,360695,2106,2105,2844,1728,0,0.007196903
Warm C,459133,2826,2825,2844,1728,0,0.0053321477
Warm C,129343,839,838,2844,1728,1,0.0051200925
Warm C,548687,3387,3386,2844,1728,0,0.0033255997
Warm C,50291,331,330,2844,1728,1,0.00035676174
Warm C,28343,195,194,2844,1728,1,0.009453302
Warm C,763903,4543,4542,2844,1728,1,0.0056050518
Warm C,718520,4305,4304,2844,1728,0,0.005457979
Warm C,234908,1425,1424,2844,1728,1,0.010321641
Warm C,335772,1980,1979,2844,1728,0,0.012052229
Warm C,324920,1925,1924,2844,1728,0,0.004275028
Warm C,215488,1306,1305,2844,1728,1,0.004249054
Warm C,116110,752,751,2844,1728,0,0.0025978999
Warm C,263225,1605,1604,2844,1728,0,-0.002263237
Warm C,777743,4647,4646,2844,1728,1,0.0036107937
Warm C,193586,1194,1193,2844,1728,0,0.0098052025
Warm C,974286,5878,5877,2844,1728,1,0.0038503425
Warm C,58796,398,397,2844,1728,1,4.5183813e-05
Warm C,825530,4958,4957,2844,1728,0,0.00612557
Warm C,171531,1088,1087,2844,1728,0,-0.0009399903
Warm C,712945,4277,4276,2846,1729,1,0.013575103
Warm C,550013,3391,3390,2846,1729,0,0.025299337
Warm C,639031,3842,3841,2846,1729,1,0.014343765
Warm C,533224,3292,3291,2846,1729,1,0.0051753204
Warm C,574698,3518,3517,2846,1729,1,0.010286197
Warm C,529096,3271,3270,2846,1729,0,0.008846983
Warm C,584658,3569,3568,2846,1729,1,0.009124235
Warm C,873928,5277,5276,2846,1729,0,0.0068611572
Warm C,530949,3280,3279,2846,1729,0,0.011601013
Warm C,522446,3224,3223,2846,1729,1,0.01544586
Warm C,515974,3184,3183,2846,1729,1,0.018873498
Warm C,515868,3183,3182,2846,1729,0,0.0025849182
Warm C,605726,3681,3680,2846,1729,0,0.017377708
Warm C,771730,4600,4599,2846,1729,1,0.008780732
Warm C,502381,3083,3082,2846,1729,0,0.0035292292
Warm C,575270,3519,3518,2846,1729,0,0.003741914
Warm C,498563,3063,3062,2846,1729,0,0.012887417
Warm C,494021,3032,3031,2846,1729,1,0.007108275
Warm C,487560,2999,2998,2846,1729,0,0.0009361001
Warm C,559240,3435,3434,2846,1729,1,0.0023770565
Warm C,480817,2952,2951,2846,1729,1,0.007283404
Warm C,480642,2950,2949,2846,1729,0,-3.83961e-06
Warm C,478017,2934,2933,2846,1729,1,0.006436796
Warm C,472512,2907,2906,2846,1729,0,0.014072368
Warm C,467752,2883,2882,2846,1729,0,0.006973083
Warm C,465974,2873,2872,2846,1729,1,0.010366534
Warm C,446363,2752,2751,2846,1729,1,0.020052245
Warm C,444955,2744,2743,2846,1729,0,0.009205029
Warm C,443063,2731,2730,2846,1729,1,0.007176272
Warm C,441568,2709,2708,2846,1729,1,0.01391739
Warm C,440803,2699,2698,2846,1729,1,0.006284594
Warm C,448881,2766,2765,2846,1729,0,0.0019926112
Warm C,418600,2529,2528,2846,1729,1,0.01109031
Warm C,413704,2489,2488,2846,1729,1,0.0040089116
Warm C,403992,2414,2413,2846,1729,1,0.0019327344
Warm C,407764,2451,2450,2846,1729,0,0.008694846
Warm C,390906,2295,2294,2846,1729,1,0.012171191
Warm C,389948,2288,2287,2846,1729,0,0.008840556
Warm C,406781,2444,2443,2846,1729,1,0.007916133
Warm C,384078,2244,2243,2846,1729,0,0.011460785
Warm C,375545,2188,2187,2846,1729,0,0.013590384
Warm C,350279,2056,2055,2846,1729,0,0.011744801
Warm C,348710,2045,2044,2846,1729,1,0.004573508
Warm C,330278,1949,1948,2846,1729,1,0.00032902078
Warm C,293393,1747,1746,2846,1729,0,0.008492778
Warm C,290909,1736,1735,2846,1729,0,0.0046337675
Warm C,283505,1697,1696,2846,1729,1,0.0005898769
Warm C,280275,1681,1680,2846,1729,0,0.0029743176
Warm C,256597,1568,1567,2846,1729,0,0.0053519243
Warm C,360696,2106,2105,2846,1729,0,0.004076055
Warm C,232329,1410,1409,2846,1729,1,-0.0049949978
Warm C,222734,1348,1347,2846,1729,1,0.0020225728
Warm C,220581,1337,1336,2846,1729,0,0.005485147
Warm C,320006,1899,1898,2846,1729,0,0.0038678998
Warm C,215838,1308,1307,2846,1729,0,0.008803198
Warm C,215801,1307,1306,2846,1729,1,0.00590189
Warm C,277598,1676,1675,2846,1729,0,0.013573691
Warm C,203036,1246,1245,2846,1729,1,0.01337807
Warm C,200747,1233,1232,2846,1729,1,0.014839396
Warm C,192553,1185,1184,2846,1729,0,0.017358888
Warm C,175191,1111,1110,2846,1729,1,0.0004315254
Warm C,172860,1096,1095,2846,1729,0,5.0565228e-05
Warm C,167803,1068,1067,2846,1729,0,0.013976468
Warm C,162248,1034,1033,2846,1729,0,0.004503802
Warm C,156361,1009,1008,2846,1729,0,0.015922813
Warm C,342377,2015,2014,2846,1729,0,0.012088705
Warm C,263226,1605,1604,2846,1729,1,0.015875138
Warm C,124216,800,799,2846,1729,1,0.01430684
Warm C,123858,798,797,2846,1729,1,0.016565178
Warm C,119170,770,769,2846,1729,0,0.008588644
Warm C,216408,1314,1313,2846,1729,0,-0.004967061
Warm C,178059,1120,1119,2846,1729,1,0.010591856
Warm C,299573,1778,1777,2846,1729,0,0.017320309
Warm C,104832,695,694,2846,1729,1,0.015432898
Warm C,98315,658,657,2846,1729,0,0.0027822326
Warm C,351700,2063,2062,2846,1729,1,0.018275112
Warm C,109260,714,713,2846,1729,1,0.0027956788
Warm C,84951,552,551,2846,1729,0,0.009472285
Warm C,83012,549,548,2846,1729,1,0.005929932
Warm C,84064,550,549,2846,1729,0,0.018138325
Warm C,80131,533,532,2846,1729,1,0.014787578
Warm C,239952,1449,1448,2846,1729,0,0.010088686
Warm C,48619,326,325,2846,1729,0,0.007069073
Warm C,132399,855,854,2846,1729,0,0.0087346565
Warm C,58169,392,391,2846,1729,0,0.01442327
Warm C,362949,2116,2115,2846,1729,1,0.017484412
Warm C,537864,3312,3311,2846,1729,0,0.017675031
Warm C,238820,1448,1447,2846,1729,0,0.006091154
Warm C,23205,166,165,2846,1729,1,0.0124974
Warm C,10551,75,74,2846,1729,1,0.016617158
Warm C,8569,58,57,2846,1729,0,0.012693899
Warm C,6065,44,43,2846,1729,1,0.0050010113
Warm C,234023,1422,1421,2846,1729,0,0.0063905786
Warm C,78413,528,527,2846,1729,1,0.01394859
Warm C,386037,2258,2257,2846,1729,0,0.01187356
Warm C,257593,1579,1578,2846,1729,0,0.014773386
Warm C,171532,1088,1087,2846,1729,1,0.014261755
Warm C,680601,4079,4078,2846,1729,1,-0.003497781
Warm C,892917,5394,5393,2846,1729,0,0.0046006655
Warm C,628612,3807,3806,2846,1729,1,0.007964192
Warm C,371626,2172,2171,2846,1729,0,0.011012103
Warm C,231079,1399,1398,2846,1729,1,0.012187077
Warm C,102155,678,677,2846,1729,1,0.008165136
Warm C,941377,5682,5681,2846,1729,1,0.00947396
Warm C,290123,1733,1732,2846,1729,0,0.013874412
Warm C,877407,5302,5301,2846,1729,0,0.0028998014
Warm C,593719,3618,3617,2851,1730,0,0.0034475864
Warm C,563677,3469,3468,2851,1730,0,0.008806478
Warm C,657087,3961,3960,2851,1730,0,0.013004265
Warm C,557204,3423,3422,2851,1730,0,0.013780039
Warm C,555752,3416,3415,2851,1730,1,0.008414497
Warm C,577067,3526,3525,2851,1730,0,0.0015694571
Warm C,537056,3311,3310,2851,1730,0,0.0040873364
Warm C,513691,3169,3168,2851,1730,0,0.0025887685
Warm C,506645,3118,3117,2851,1730,0,-0.0011883161
Warm C,503802,3096,3095,2851,1730,1,-0.0022405079
Warm C,633144,3824,3823,2851,1730,0,0.011953109
Warm C,599956,3650,3649,2851,1730,0,0.0065434724
Warm C,479231,2941,2940,2851,1730,0,0.005741816
Warm C,696157,4169,4168,2851,1730,0,0.010696925
Warm C,475929,2921,2920,2851,1730,0,0.0029880337
Warm C,591188,3607,3606,2851,1730,0,0.0034196528
Warm C,470949,2899,2898,2851,1730,1,0.0031283833
Warm C,463222,2857,2856,2851,1730,0,0.018285347
Warm C,465128,2868,2867,2851,1730,0,0.0036481079
Warm C,457841,2820,2819,2851,1730,0,0.00057545
Warm C,436344,2665,2664,2851,1730,1,0.010503968
Warm C,423138,2565,2564,2851,1730,1,0.008872429
Warm C,401359,2393,2392,2851,1730,0,0.002216531
Warm C,396631,2348,2347,2851,1730,0,0.00040832348
Warm C,392112,2304,2303,2851,1730,0,0.012247635
Warm C,388911,2279,2278,2851,1730,1,0.001074801
Warm C,385240,2251,2250,2851,1730,0,0.0079565905
Warm C,370695,2167,2166,2851,1730,0,0.0028422822
Warm C,365356,2126,2125,2851,1730,0,0.010570828
Warm C,356347,2088,2087,2851,1730,0,0.0054218266
Warm C,339860,2004,2003,2851,1730,0,-0.0071148165
Warm C,336977,1983,1982,2851,1730,1,0.00077676773
Warm C,324175,1921,1920,2851,1730,0,0.005977924
Warm C,293152,1746,1745,2851,1730,0,0.004184503
Warm C,292260,1741,1740,2851,1730,0,0.00967373
Warm C,276905,1675,1674,2851,1730,0,0.0031033873
Warm C,312287,1861,1860,2851,1730,0,0.011263137
Warm C,350699,2059,2058,2851,1730,0,0.0082145985
Warm C,224668,1358,1357,2851,1730,0,0.011298542
Warm C,267184,1624,1623,2851,1730,0,0.006519313
Warm C,279053,1680,1679,2851,1730,1,0.009625056
Warm C,196451,1207,1206,2851,1730,0,0.0033427267
Warm C,194795,1202,1201,2851,1730,0,0.009787726
Warm C,327966,1941,1940,2851,1730,0,-0.0013363439
Warm C,269873,1635,1634,2851,1730,0,0.00259714
Warm C,181579,1135,1134,2851,1730,0,0.009185215
Warm C,178833,1122,1121,2851,1730,0,0.013753443
Warm C,177521,1119,1118,2851,1730,0,0.0045171613
Warm C,138147,889,888,2851,1730,0,0.013370277
Warm C,135571,877,876,2851,1730,0,0.00035517185
Warm C,107871,710,709,2851,1730,0,0.009838538
Warm C,152984,984,983,2851,1730,0,0.006259689
Warm C,86083,563,562,2851,1730,0,0.0046387548
Warm C,86584,566,565,2851,1730,0,-0.0008068094
Warm C,70744,476,475,2851,1730,0,0.008635862
Warm C,66526,445,444,2851,1730,0,0.0071062157
Warm C,49615,329,328,2851,1730,0,0.010585345
Warm C,41914,284,283,2851,1730,1,0.008702406
Warm C,36662,245,244,2851,1730,0,0.009934371
Warm C,98750,660,659,2851,1730,0,-0.0003121521
Warm C,481758,2962,2961,2851,1730,0,0.0023730353
Warm C,21648,157,156,2851,1730,0,0.000567887
Warm C,276168,1671,1670,2851,1730,0,-0.0016339503
Warm C,7903,53,52,2851,1730,1,0.0050048
Warm C,201998,1243,1242,2851,1730,0,0.0019354336
Warm C,130497,846,845,2851,1730,0,0.009870315
Warm C,102162,678,677,2851,1730,0,0.012859527
Warm C,841086,5054,5053,2851,1730,0,0.017107949
Warm C,62830,424,423,2851,1730,0,0.009367997
Warm C,237834,1447,1446,2851,1730,0,0.014434118
Warm C,234027,1422,1421,2851,1730,0,0.010139798
Warm C,351713,2063,2062,2851,1730,0,0.010511814
Warm C,489185,3012,3011,2851,1730,0,0.0026910182
Warm C,623822,3773,3772,2852,1731,1,0.0054456866
Warm C,725260,4344,4343,2852,1731,1,0.01348741
Warm C,611029,3705,3704,2852,1731,1,0.012652306
Warm C,608594,3691,3690,2852,1731,1,0.0039674127
Warm C,603397,3672,3671,2852,1731,1,0.0010914492
Warm C,763908,4543,4542,2852,1731,1,0.01177528
Warm C,575782,3520,3519,2852,1731,1,0.012023871
Warm C,569144,3491,3490,2852,1731,1,0.017165415
Warm C,593720,3618,3617,2852,1731,1,0.014067123
Warm C,566166,3476,3475,2852,1731,1,0.00455521
Warm C,567413,3483,3482,2852,1731,1,0.012215127
Warm C,548994,3389,3388,2852,1731,0,0.0034989587
Warm C,547904,3380,3379,2852,1731,0,0.008523031
Warm C,712956,4277,4276,2852,1731,1,0.018050784
Warm C,543420,3346,3345,2852,1731,1,-0.00051434827
Warm C,534655,3300,3299,2852,1731,1,0.0060269004
Warm C,542153,3336,3335,2852,1731,0,0.0043780664
Warm C,533234,3292,3291,2852,1731,1,0.014277173
Warm C,529099,3271,3270,2852,1731,1,0.0018530367
Warm C,529624,3272,3271,2852,1731,1,0.006285561
Warm C,522457,3224,3223,2852,1731,0,0.006916417
Warm C,509633,3139,3138,2852,1731,1,0.004843452
Warm C,502105,3082,3081,2852,1731,1,0.009430142
Warm C,494033,3032,3031,2852,1731,1,0.00084650307
Warm C,478021,2934,2933,2852,1731,1,0.003909816
Warm C,696159,4169,4168,2852,1731,1,0.018724646
Warm C,474976,2915,2914,2852,1731,1,0.0016278981
Warm C,463224,2857,2856,2852,1731,1,0.0037820279
Warm C,457842,2820,2819,2852,1731,0,0.0030592408
Warm C,455803,2807,2806,2852,1731,1,-0.0013144966
Warm C,448409,2764,2763,2852,1731,1,0.0017945953
Warm C,443065,2731,2730,2852,1731,1,0.00566276
Warm C,439577,2685,2684,2852,1731,1,0.009540033
Warm C,428560,2608,2607,2852,1731,1,0.005207708
Warm C,429111,2611,2610,2852,1731,1,0.0029097847
Warm C,446812,2753,2752,2852,1731,1,0.013316522
Warm C,403448,2410,2409,2852,1731,0,0.0009906101
Warm C,403310,2409,2408,2852,1731,1,0.006366182
Warm C,392114,2304,2303,2852,1731,1,0.012227507
Warm C,388913,2279,2278,2852,1731,1,0.009633701
Warm C,388338,2272,2271,2852,1731,0,0.01656399
Warm C,387781,2267,2266,2852,1731,0,-0.0005029654
Warm C,391594,2303,2302,2852,1731,1,0.002197671
Warm C,381612,2231,2230,2852,1731,1,0.010180676
Warm C,372998,2178,2177,2852,1731,1,0.012364761
Warm C,364704,2124,2123,2852,1731,1,0.0021871934
Warm C,323135,1916,1915,2852,1731,1,-0.0015314558
Warm C,268944,1632,1631,2852,1731,0,0.021294398
Warm C,260054,1591,1590,2852,1731,1,0.006357587
Warm C,300302,1780,1779,2852,1731,0,0.008643172
Warm C,242748,1465,1464,2852,1731,1,0.011355367
Warm C,260970,1595,1594,2852,1731,1,0.0153125515
Warm C,325339,1926,1925,2852,1731,1,0.013688171
Warm C,217710,1321,1320,2852,1731,0,0.009517194
Warm C,396815,2349,2348,2852,1731,0,0.00743737
Warm C,255052,1552,1551,2852,1731,1,0.006473477
Warm C,180242,1128,1127,2852,1731,1,0.009509811
Warm C,219480,1331,1330,2852,1731,1,0.008079617
Warm C,327968,1941,1940,2852,1731,1,0.010377798
Warm C,163264,1044,1043,2852,1731,1,0.009293545
Warm C,162666,1038,1037,2852,1731,1,0.008339284
Warm C,190785,1181,1180,2852,1731,0,0.0057835253
Warm C,320011,1899,1898,2852,1731,1,0.006182854
Warm C,199391,1224,1223,2852,1731,1,0.007914682
Warm C,143854,928,927,2852,1731,1,0.005983817
Warm C,141474,911,910,2852,1731,1,0.009788795
Warm C,154829,999,998,2852,1731,1,0.00824197
Warm C,160007,1019,1018,2852,1731,0,-0.0008702318
Warm C,127687,824,823,2852,1731,1,0.0061894646
Warm C,210837,1285,1284,2852,1731,1,0.0042343596
Warm C,239966,1449,1448,2852,1731,0,0.014232289
Warm C,106730,702,701,2852,1731,0,-0.0018257669
Warm C,98407,659,658,2852,1731,1,-0.007716786
Warm C,98752,660,659,2852,1731,0,0.0025676433
Warm C,97517,654,653,2852,1731,0,0.022534816
Warm C,241140,1451,1450,2852,1731,1,0.0053460468
Warm C,228194,1383,1382,2852,1731,0,0.0074436227
Warm C,84767,551,550,2852,1731,1,0.012712192
Warm C,68669,461,460,2852,1731,1,0.0054569123
Warm C,43682,300,299,2852,1731,1,0.0011043781
Warm C,39025,264,263,2852,1731,0,0.008726069
Warm C,35356,238,237,2852,1731,1,-0.0035675664
Warm C,32258,216,215,2852,1731,0,0.007841741
Warm C,238831,1448,1447,2852,1731,1,-0.0032380382
Warm C,13573,107,106,2852,1731,0,0.0057997317
Warm C,916651,5539,5538,2852,1731,1,-0.0031223902
Warm C,15741,123,122,2852,1731,0,0.0072420957
Warm C,4509,33,32,2852,1731,1,0.0023207874
Warm C,101,2,1,2852,1731,0,0.0026363274
Warm C,357390,2092,2091,2852,1731,1,0.014115016
Warm C,432647,2638,2637,2852,1731,0,0.010586159
Warm C,286664,1712,1711,2852,1731,1,-0.0048539937
Warm C,234029,1422,1421,2852,1731,1,0.013487641
Warm C,408166,2453,2452,2852,1731,1,0.0016965254
Warm C,158071,1015,1014,2852,1731,0,0.0073266085
Warm C,360022,2105,2104,2852,1731,0,0.009076009
Warm C,204525,1260,1259,2852,1731,1,0.0061372966
Warm C,51527,338,337,2852,1731,1,0.012151088
Warm C,431005,2627,2626,2852,1731,0,0.021510117
Warm C,208718,1274,1273,2852,1731,1,0.004765172
Warm C,565524,3475,3474,2852,1731,0,0.009279566
Warm C,420932,2544,2543,2852,1731,0,0.012244245
Warm C,322283,1912,1911,2852,1731,0,-0.0020538853
Warm C,171541,1088,1087,2852,1731,0,-0.0006354124
Warm C,216967,1317,1316,2856,1732,1,0.005928409
Warm C,327971,1941,1940,2856,1732,0,0.009911202
Warm C,194521,1200,1199,2856,1732,0,0.012734115
Warm C,184341,1147,1146,2856,1732,1,0.009985428
Warm C,165199,1053,1052,2856,1732,0,0.008877924
Warm C,162776,1039,1038,2856,1732,0,0.000618967
Warm C,148985,958,957,2856,1732,0,0.005809646
Warm C,139828,896,895,2856,1732,1,0.0046533495
Warm C,131110,850,849,2856,1732,0,0.006292308
Warm C,126024,812,811,2856,1732,0,0.008745657
Warm C,101663,677,676,2856,1732,0,0.007044894
Warm C,75878,516,515,2856,1732,0,0.0075774556
Warm C,74246,506,505,2856,1732,0,0.005295388
Warm C,57011,385,384,2856,1732,0,0.014338598
Warm C,47665,319,318,2856,1732,0,0.014023278
Warm C,42129,285,284,2856,1732,1,0.009425469
Warm C,696162,4169,4168,2856,1732,0,0.019280067
Warm C,36923,248,247,2856,1732,1,0.012867649
Warm C,32523,218,217,2856,1732,0,0.008763407
Warm C,17863,137,136,2856,1732,0,0.013937037
Warm C,14223,116,115,2856,1732,0,0.0078277495
Warm C,276170,1671,1670,2856,1732,0,0.018742196
Warm C,1721,16,15,2856,1732,0,0.008060406
Warm C,117027,754,753,2856,1732,0,0.004343571
Warm C,977774,5891,5890,2856,1732,1,0.010654345
Warm C,522458,3224,3223,2856,1732,1,0.0072196648
Warm C,20155,149,148,2856,1732,0,0.019536316
Warm C,115348,749,748,2856,1732,1,0.013816273
Warm C,96590,648,647,2856,1732,0,0.013400424
Warm C,433586,2643,2642,2856,1732,1,0.007404688
Warm C,378353,2208,2207,2860,1736,0,0.003278225
Warm C,355946,2085,2084,2860,1736,1,0.010483678
Warm C,341147,2011,2010,2860,1736,1,0.0034407426
Warm C,340598,2010,2009,2860,1736,0,0.0077631
Warm C,324746,1924,1923,2860,1736,0,0.0065651434
Warm C,301236,1790,1789,2860,1736,0,0.0034015682
Warm C,297448,1764,1763,2860,1736,1,0.009180593
Warm C,265716,1613,1612,2860,1736,0,0.0072642094
Warm C,266385,1616,1615,2860,1736,0,0.013873482
Warm C,228716,1385,1384,2860,1736,0,0.006194244
Warm C,224137,1356,1355,2860,1736,0,0.0018349367
Warm C,227095,1377,1376,2860,1736,0,0.01082979
Warm C,222374,1345,1344,2860,1736,1,0.004848061
Warm C,213410,1298,1297,2860,1736,1,0.009755539
Warm C,277617,1676,1675,2860,1736,1,0.014430909
Warm C,279077,1680,1679,2860,1736,1,0.0049103354
Warm C,179555,1125,1124,2860,1736,0,0.006262389
Warm C,198611,1220,1219,2860,1736,1,0.006562754
Warm C,173619,1100,1099,2860,1736,0,0.0066625276
Warm C,169408,1076,1075,2860,1736,1,0.0025029639
Warm C,175468,1112,1111,2860,1736,0,0.009759648
Warm C,167813,1068,1067,2860,1736,0,0.012046272
Warm C,163793,1050,1049,2860,1736,0,0.019745428
Warm C,255495,1556,1555,2860,1736,1,0.012728661
Warm C,189340,1173,1172,2860,1736,0,0.014810076
Warm C,149332,961,960,2860,1736,1,0.0058651185
Warm C,712964,4277,4276,2860,1736,1,0.0032167933
Warm C,136507,881,880,2860,1736,0,0.005675755
Warm C,407233,2446,2445,2860,1736,0,0.014214605
Warm C,351724,2063,2062,2860,1736,0,0.016676728
Warm C,106014,699,698,2860,1736,0,0.010031549
Warm C,109268,714,713,2860,1736,0,0.005950436
Warm C,239972,1449,1448,2860,1736,0,0.013916385
Warm C,107878,710,709,2860,1736,1,0.017105825
Warm C,291329,1737,1736,2860,1736,0,0.0069916463
Warm C,190797,1181,1180,2860,1736,0,0.020302001
Warm C,83035,549,548,2860,1736,1,0.011872383
Warm C,251131,1516,1515,2860,1736,1,0.005832855
Warm C,187938,1165,1164,2860,1736,0,0.0069284746
Warm C,39627,268,267,2860,1736,0,0.00038163667
Warm C,219139,1329,1328,2860,1736,0,0.011197832
Warm C,31569,214,213,2860,1736,0,0.0073882146
Warm C,437232,2669,2668,2860,1736,1,-0.0022933248
Warm C,7003,48,47,2860,1736,0,0.009813029
Warm C,15756,123,122,2860,1736,0,0.0028345534
Warm C,2425,19,18,2860,1736,1,0.0064711985
Warm C,143656,927,926,2860,1736,1,0.005764134
Warm C,139172,890,889,2860,1736,1,0.0031723538
Warm C,169233,1074,1073,2860,1736,1,0.012671323
Warm C,370962,2168,2167,2860,1736,0,0.021132763
Warm C,974976,5880,5879,2860,1736,0,0.006779731
Warm C,362964,2116,2115,2860,1736,0,0.008987086
Warm C,777753,4647,4646,2860,1736,0,0.014205873
Warm C,682372,4085,4084,2860,1736,1,0.009481553
Warm C,78421,528,527,2860,1736,1,0.004576837
Warm C,376364,2195,2194,2860,1736,1,0.010011764
Warm C,164472,1051,1050,2860,1736,0,0.010460813
Warm C,152189,979,978,2860,1736,1,-0.008805813
Warm C,335163,1978,1977,2860,1736,1,0.0016704188
Warm C,599201,3648,3647,2860,1736,0,0.01598103
Warm C,905278,5475,5474,2860,1736,0,-0.0008859036
Warm C,907624,5492,5491,2860,1736,0,0.0054225754
Warm C,134197,869,868,2860,1736,1,0.0034361458
Warm C,234920,1425,1424,2860,1736,0,0.011717741
Warm C,941384,5682,5681,2860,1736,1,0.006212503
Warm C,53082,349,348,2860,1736,0,0.0051081628
Warm C,28386,195,194,2860,1736,0,0.008478899
Warm C,342398,2015,2014,2860,1736,1,0.002603434
Warm C,382827,2237,2236,2862,1738,0,0.007888224
Warm C,369879,2164,2163,2862,1738,0,0.013506746
Warm C,343096,2016,2015,2862,1738,1,0.0020965864
Warm C,298315,1768,1767,2862,1738,0,0.008879072
Warm C,268951,1632,1631,2862,1738,0,0.012162816
Warm C,244864,1474,1473,2862,1738,0,0.0011685439
Warm C,242754,1465,1464,2862,1738,0,0.015693769
Warm C,262193,1600,1599,2862,1738,0,0.013320687
Warm C,279081,1680,1679,2862,1738,1,0.00527067
Warm C,156778,1010,1009,2862,1738,0,0.019818302
Warm C,315156,1880,1879,2862,1738,0,0.009035064
Warm C,118079,764,763,2862,1738,1,0.0046288967
Warm C,117469,757,756,2862,1738,0,0.0072380803
Warm C,210849,1285,1284,2862,1738,0,0.0102165975
Warm C,284086,1698,1697,2862,1738,0,0.00687469
Warm C,83037,549,548,2862,1738,1,0.01019212
Warm C,190801,1181,1180,2862,1738,0,0.009633563
Warm C,71975,482,481,2862,1738,0,0.012787817
Warm C,68676,461,460,2862,1738,0,0.0014637832
Warm C,61412,412,411,2862,1738,0,0.0073513477
Warm C,696177,4169,4168,2862,1738,0,0.01566019
Warm C,892924,5394,5393,2862,1738,0,0.013871189
Warm C,102169,678,677,2862,1738,0,0.016490232
Warm C,720020,4312,4311,2862,1738,1,0.0116778435
Warm C,571020,3503,3502,2862,1738,0,0.007974414
Warm C,18811,146,145,2862,1738,0,0.0042307777
Warm C,413185,2485,2484,2862,1738,0,0.003884661
Warm C,96592,648,647,2862,1738,1,0.0075172596
Warm C,116127,752,751,2862,1738,0,0.018182855
Warm C,675961,4054,4053,2866,1740,1,0.0131107
Warm C,667078,4015,4014,2866,1740,0,0.022032315
Warm C,665778,4007,4006,2866,1740,1,0.013328502
Warm C,663951,3999,3998,2866,1740,0,0.012914689
Warm C,659621,3975,3974,2866,1740,0,0.008703773
Warm C,648228,3903,3902,2866,1740,0,0.0075152805
Warm C,642329,3864,3863,2866,1740,1,-0.005165624
Warm C,629362,3808,3807,2866,1740,0,0.017477553
Warm C,638050,3841,3840,2866,1740,0,0.015905395
Warm C,674986,4050,4049,2866,1740,0,0.0042731958
Warm C,619491,3754,3753,2866,1740,1,0.008700542
Warm C,617049,3735,3734,2866,1740,0,0.010345685
Warm C,615596,3727,3726,2866,1740,1,0.0088988915
Warm C,614338,3721,3720,2866,1740,0,0.00086967146
Warm C,726436,4345,4344,2866,1740,1,0.009385972
Warm C,595207,3621,3620,2866,1740,0,-0.0004705442
Warm C,587852,3589,3588,2866,1740,0,0.018135134
Warm C,585645,3576,3575,2866,1740,1,0.014201749
Warm C,582102,3557,3556,2866,1740,1,0.009142425
Warm C,593735,3618,3617,2866,1740,0,0.019864969
Warm C,566179,3476,3475,2866,1740,1,0.011671806
Warm C,549001,3389,3388,2866,1740,0,0.008520153
Warm C,550044,3391,3390,2866,1740,1,0.020901684
Warm C,542806,3340,3339,2866,1740,1,0.006346389
Warm C,540221,3321,3320,2866,1740,1,0.010819729
Warm C,539551,3319,3318,2866,1740,1,-0.001851236
Warm C,539854,3320,3319,2866,1740,0,0.012409722
Warm C,534660,3300,3299,2866,1740,0,0.008722243
Warm C,533248,3292,3291,2866,1740,1,0.018578544
Warm C,522471,3224,3223,2866,1740,1,0.016256329
Warm C,518708,3201,3200,2866,1740,1,0.011053309
Warm C,514871,3180,3179,2866,1740,0,0.016616289
Warm C,512780,3163,3162,2866,1740,1,0.010129041
Warm C,500660,3075,3074,2866,1740,1,0.015049875
Warm C,712972,4277,4276,2866,1740,1,0.012379403
Warm C,546060,3367,3366,2866,1740,1,0.008685916
Warm C,494050,3032,3031,2866,1740,1,0.015531629
Warm C,492676,3029,3028,2866,1740,0,0.0220709
Warm C,489914,3014,3013,2866,1740,1,0.0073716994
Warm C,603598,3673,3672,2866,1740,1,0.012722338
Warm C,529635,3272,3271,2866,1740,0,0.01894749
Warm C,478024,2934,2933,2866,1740,1,0.008634439
Warm C,696181,4169,4168,2866,1740,1,0.021150965
Warm C,472528,2907,2906,2866,1740,0,0.022036342
Warm C,459139,2826,2825,2866,1740,0,0.0058801994
Warm C,456194,2809,2808,2866,1740,1,0.0052691163
Warm C,448416,2764,2763,2866,1740,0,0.008027429
Warm C,446822,2753,2752,2866,1740,1,0.007182248
Warm C,443071,2731,2730,2866,1740,1,0.011421163
Warm C,441421,2704,2703,2866,1740,0,0.002782322
Warm C,439579,2685,2684,2866,1740,0,0.0019404208
Warm C,438295,2679,2678,2866,1740,0,0.014249345
Warm C,433589,2643,2642,2866,1740,0,0.011477447
Warm C,452469,2786,2785,2866,1740,1,0.009639645
Warm C,426908,2592,2591,2866,1740,0,0.0024118829
Warm C,425284,2581,2580,2866,1740,1,0.018484566
Warm C,422612,2560,2559,2866,1740,1,0.0074623143
Warm C,414902,2497,2496,2866,1740,1,0.0074959006
Warm C,413404,2486,2485,2866,1740,0,0.019102499
Warm C,403452,2410,2409,2866,1740,0,0.013314705
Warm C,382829,2237,2236,2866,1740,1,0.008546856
Warm C,382280,2233,2232,2866,1740,1,0.008253604
Warm C,381619,2231,2230,2866,1740,0,0.0082371775
Warm C,372011,2173,2172,2866,1740,0,0.0116948495
Warm C,361586,2109,2108,2866,1740,0,0.018622454
Warm C,335797,1980,1979,2866,1740,1,0.015352067
Warm C,323145,1916,1915,2866,1740,1,0.008149292
Warm C,292873,1744,1743,2866,1740,1,0.0042412467
Warm C,295249,1753,1752,2866,1740,1,0.003060774
Warm C,274747,1661,1660,2866,1740,1,0.015084188
Warm C,282268,1693,1692,2866,1740,0,0.0069891065
Warm C,279086,1680,1679,2866,1740,1,0.011286391
Warm C,268954,1632,1631,2866,1740,0,0.015178282
Warm C,354057,2073,2072,2866,1740,1,0.0046474547
Warm C,249492,1503,1502,2866,1740,1,0.012579989
Warm C,242758,1465,1464,2866,1740,0,0.010339425
Warm C,325345,1926,1925,2866,1740,0,0.013369156
Warm C,208726,1274,1273,2866,1740,0,0.019446801
Warm C,188576,1170,1169,2866,1740,1,0.0099292435
Warm C,210852,1285,1284,2866,1740,1,0.015023681
Warm C,190806,1181,1180,2866,1740,0,0.016044185
Warm C,158087,1015,1014,2866,1740,1,0.010026682
Warm C,320025,1899,1898,2866,1740,1,0.01299771
Warm C,839278,5046,5045,2866,1740,1,0.021955863
Warm C,338089,1988,1987,2866,1740,1,0.011702828
Warm C,270861,1639,1638,2866,1740,1,0.013121198
Warm C,146084,939,938,2866,1740,1,-0.00030321477
Warm C,222055,1343,1342,2866,1740,1,0.006781326
Warm C,185185,1150,1149,2866,1740,0,0.015254253
Warm C,216980,1317,1316,2866,1740,1,0.013042706
Warm C,156782,1010,1009,2866,1740,0,0.020654432
Warm C,138170,889,888,2866,1740,0,0.023205148
Warm C,141480,911,910,2866,1740,1,0.021305157
Warm C,412080,2478,2477,2866,1740,0,0.006706495
Warm C,198165,1218,1217,2866,1740,1,0.011737496
Warm C,178073,1120,1119,2866,1740,1,0.014058584
Warm C,105102,696,695,2866,1740,1,0.009428598
Warm C,106737,702,701,2866,1740,0,0.008644292
Warm C,94899,637,636,2866,1740,1,0.019818906
Warm C,115354,749,748,2866,1740,1,0.005070966
Warm C,66531,445,444,2866,1740,1,0.011160858
Warm C,71535,481,480,2866,1740,1,0.006948002
Warm C,239975,1449,1448,2866,1740,0,0.016818728
Warm C,52623,346,345,2866,1740,1,0.011336613
Warm C,132416,855,854,2866,1740,0,0.012881834
Warm C,67016,451,450,2866,1740,1,0.0042618588
Warm C,43692,300,299,2866,1740,1,0.0025046896
Warm C,241153,1451,1450,2866,1740,1,0.010282497
Warm C,42560,291,290,2866,1740,1,0.010563441
Warm C,176884,1117,1116,2866,1740,1,0.0072180247
Warm C,145320,935,934,2866,1740,1,0.0033751435
Warm C,37465,255,254,2866,1740,1,0.007958511
Warm C,36691,245,244,2866,1740,1,0.011786293
Warm C,35371,238,237,2866,1740,1,0.008652308
Warm C,50337,331,330,2866,1740,1,0.017567027
Warm C,22076,161,160,2866,1740,1,-0.0024422093
Warm C,238844,1448,1447,2866,1740,1,0.009786475
Warm C,152443,981,980,2866,1740,0,0.019068636
Warm C,140668,904,903,2866,1740,1,0.0012392274
Warm C,15762,123,122,2866,1740,1,0.011607558
Warm C,18816,146,145,2866,1740,1,0.012149101
Warm C,286670,1712,1711,2866,1740,0,0.010380652
Warm C,234037,1422,1421,2866,1740,0,0.008519063
Warm C,129360,839,838,2866,1740,1,0.0068898033
Warm C,249827,1505,1504,2866,1740,1,0.017988203
Warm C,744829,4448,4447,2866,1740,0,0.012864536
Warm C,927528,5605,5604,2866,1740,0,0.011546481
Warm C,680613,4079,4078,2866,1740,1,0.00825231
Warm C,232792,1415,1414,2866,1740,0,0.012003816
Warm C,300310,1780,1779,2866,1740,0,0.011123473
Warm C,860074,5172,5171,2866,1740,1,0.008761253
Warm C,923907,5580,5579,2866,1740,1,0.0053831874
Warm C,565532,3475,3474,2866,1740,0,0.01782221
Warm C,47684,319,318,2866,1740,1,0.012019832
Warm C,204530,1260,1259,2866,1740,1,0.012410771
Warm C,795475,4765,4764,2866,1740,1,0.009659562
Warm C,319292,1897,1896,2866,1740,0,0.021536533
Warm C,993848,6002,6001,2866,1740,1,0.008553593
Warm C,420943,2544,2543,2866,1740,1,0.006909374
Warm C,62850,424,423,2868,1742,0,0.011931274
Warm C,699648,4186,4185,2868,1742,0,0.0067781685
Warm C,718533,4305,4304,2868,1742,0,0.0101879705
Warm C,681458,4083,4082,2870,1743,0,0.0044403546
Warm C,680030,4077,4076,2870,1743,1,-0.00015896675
Warm C,674121,4048,4047,2870,1743,1,0.0063364254
Warm C,669461,4024,4023,2870,1743,1,0.0009029
Warm C,668435,4021,4020,2870,1743,1,-0.0046145692
Warm C,667428,4016,4015,2870,1743,0,-0.0016014562
Warm C,652517,3934,3933,2870,1743,0,0.009862538
Warm C,614717,3724,3723,2870,1743,0,-0.005160058
Warm C,744836,4448,4447,2870,1743,1,0.003578307
Warm C,604161,3675,3674,2870,1743,0,-0.00805974
Warm C,726438,4345,4344,2870,1743,0,-0.0024575093
Warm C,636883,3836,3835,2870,1743,0,-0.002563937
Warm C,725282,4344,4343,2870,1743,0,0.0014432957
Warm C,597873,3639,3638,2870,1743,0,0.003586419
Warm C,587862,3589,3588,2870,1743,1,0.00084601855
Warm C,576530,3524,3523,2870,1743,1,-0.006368491
Warm C,567428,3483,3482,2870,1743,1,0.0062222434
Warm C,566784,3478,3477,2870,1743,0,-0.003911201
Warm C,556863,3422,3421,2870,1743,0,0.007851331
Warm C,548376,3384,3383,2870,1743,1,0.0019989247
Warm C,547917,3380,3379,2870,1743,0,0.0005600685
Warm C,533257,3292,3291,2870,1743,1,0.0067125857
Warm C,882926,5333,5332,2870,1743,0,0.0065188985
Warm C,518718,3201,3200,2870,1743,1,0.0056583933
Warm C,515978,3184,3183,2870,1743,1,-0.004246095
Warm C,510231,3143,3142,2870,1743,1,0.0073159663
Warm C,893600,5395,5394,2870,1743,0,-0.0002666572
Warm C,546064,3367,3366,2870,1743,1,0.0020253537
Warm C,494065,3032,3031,2870,1743,1,0.0052140076
Warm C,492298,3028,3027,2870,1743,0,0.00064260606
Warm C,492043,3026,3025,2870,1743,1,-0.0061472333
Warm C,768688,4579,4578,2870,1743,1,0.0036417611
Warm C,489917,3014,3013,2870,1743,0,0.00061000325
Warm C,696195,4169,4168,2870,1743,1,0.0037713023
Warm C,467755,2883,2882,2870,1743,1,0.0025697434
Warm C,466777,2878,2877,2870,1743,1,0.007338276
Warm C,457866,2820,2819,2870,1743,0,-0.0021088729
Warm C,421405,2545,2544,2870,1743,1,-0.0009189262
Warm C,419737,2537,2536,2870,1743,0,0.005344156
Warm C,419415,2535,2534,2870,1743,1,0.00050436845
Warm C,414904,2497,2496,2870,1743,1,-0.00028605363
Warm C,398031,2365,2364,2870,1743,1,-0.0005076416
Warm C,436366,2665,2664,2870,1743,1,0.006432789
Warm C,395129,2334,2333,2870,1743,1,-0.013675962
Warm C,392134,2304,2303,2870,1743,1,0.002322888
Warm C,388925,2279,2278,2870,1743,0,-0.0022130744
Warm C,403635,2411,2410,2870,1743,1,0.0006121226
Warm C,655943,3952,3951,2870,1743,0,-0.0019320524
Warm C,383473,2241,2240,2870,1743,1,0.0032024544
Warm C,381625,2231,2230,2870,1743,0,-0.003917858
Warm C,378706,2211,2210,2870,1743,1,-0.0020568722
Warm C,377220,2203,2202,2870,1743,1,-0.008449191
Warm C,419365,2534,2533,2870,1743,0,-0.00080623385
Warm C,356361,2088,2087,2870,1743,1,-0.0032152794
Warm C,354063,2073,2072,2870,1743,1,0.006128379
Warm C,347349,2038,2037,2870,1743,0,-0.00061393203
Warm C,343098,2016,2015,2870,1743,1,-0.004050251
Warm C,313901,1874,1873,2870,1743,0,-0.0036154878
Warm C,293400,1747,1746,2870,1743,0,0.00043461664
Warm C,291900,1739,1738,2870,1743,1,0.002523964
Warm C,299042,1776,1775,2870,1743,1,0.0011334992
Warm C,276188,1671,1670,2870,1743,0,0.002368313
Warm C,279106,1680,1679,2870,1743,1,0.004459046
Warm C,264132,1607,1606,2870,1743,0,-0.0057273665
Warm C,260387,1592,1591,2870,1743,0,0.012375968
Warm C,244668,1473,1472,2870,1743,0,0.008992346
Warm C,242767,1465,1464,2870,1743,1,-0.002292432
Warm C,357407,2092,2091,2870,1743,0,0.0068917386
Warm C,217989,1322,1321,2870,1743,1,0.0022074825
Warm C,296431,1758,1757,2870,1743,1,-0.00010824017
Warm C,308008,1836,1835,2870,1743,1,-0.00044634612
Warm C,188579,1170,1169,2870,1743,0,0.003258992
Warm C,188411,1169,1168,2870,1743,0,-0.0063988734
Warm C,183175,1141,1140,2870,1743,1,-0.0010006767
Warm C,185198,1150,1149,2870,1743,0,-0.005297698
Warm C,180256,1128,1127,2870,1743,0,0.0036244625
Warm C,172625,1094,1093,2870,1743,0,-0.0011823215
Warm C,346166,2030,2029,2870,1743,1,0.004166983
Warm C,162254,1034,1033,2870,1743,1,0.002896693
Warm C,320032,1899,1898,2870,1743,0,-0.0038289875
Warm C,166958,1062,1061,2870,1743,1,-0.0064383447
Warm C,146927,948,947,2870,1743,1,-0.00791972
Warm C,324394,1922,1921,2870,1743,1,0.0050796033
Warm C,222061,1343,1342,2870,1743,1,0.0029363132
Warm C,141170,910,909,2870,1743,0,0.0015967134
Warm C,140457,901,900,2870,1743,1,0.0041086753
Warm C,140231,899,898,2870,1743,0,0.0016378183
Warm C,138178,889,888,2870,1743,0,-0.002892185
Warm C,248787,1501,1500,2870,1743,0,0.0014294945
Warm C,131123,850,849,2870,1743,0,-0.0033846903
Warm C,374803,2185,2184,2870,1743,1,0.0055051437
Warm C,118691,767,766,2870,1743,0,-0.0007350715
Warm C,112430,731,730,2870,1743,1,0.005385234
Warm C,95411,639,638,2870,1743,0,0.0041374313
Warm C,284096,1698,1697,2870,1743,0,-0.010007152
Warm C,153001,984,983,2870,1743,0,0.007859662
Warm C,86600,566,565,2870,1743,1,0.0047249636
Warm C,83048,549,548,2870,1743,1,-0.004140836
Warm C,76142,517,516,2870,1743,1,0.0028129355
Warm C,70752,476,475,2870,1743,1,-1.40208285e-05
Warm C,71538,481,480,2870,1743,1,0.0023545902
Warm C,64736,434,433,2870,1743,1,0.0022315276
Warm C,75887,516,515,2870,1743,0,0.009683708
Warm C,123384,796,795,2870,1743,0,0.005023362
Warm C,56753,380,379,2870,1743,1,-8.3186664e-05
Warm C,48654,326,325,2870,1743,0,0.007872438
Warm C,46125,308,307,2870,1743,1,0.0070060585
Warm C,44782,302,301,2870,1743,0,0.003093192
Warm C,32310,216,215,2870,1743,1,-0.006966751
Warm C,9435,62,61,2870,1743,1,0.0027200056
Warm C,6382,45,44,2870,1743,0,0.008126456
Warm C,48094,322,321,2870,1743,1,-0.0027157478
Warm C,4188,31,30,2870,1743,0,-0.0051336377
Warm C,60922,411,410,2870,1743,0,0.0011994927
Warm C,801375,4802,4801,2870,1743,1,-0.0018924293
Warm C,286676,1712,1711,2870,1743,1,0.0012609214
Warm C,843890,5074,5073,2870,1743,0,0.009234743
Warm C,966733,5831,5830,2870,1743,0,-0.0012919623
Warm C,158102,1015,1014,2870,1743,1,0.0033154832
Warm C,347989,2041,2040,2870,1743,0,0.015925465
Warm C,828662,4979,4978,2870,1743,0,-0.001966688
Warm C,712981,4277,4276,2870,1743,0,0.012815846
Warm C,272149,1645,1644,2870,1743,1,0.009607449
Warm C,328006,1941,1940,2870,1743,0,-0.006587612
Warm C,558193,3428,3427,2870,1743,1,-0.0018729704
Warm C,565536,3475,3474,2870,1743,1,0.002426266
Warm C,545283,3363,3362,2870,1743,1,0.0046296325
Warm C,797974,4785,4784,2870,1743,1,0.0003785654
Warm C,795478,4765,4764,2870,1743,1,-0.00015829876
Warm C,319296,1897,1896,2870,1743,1,0.0052334364
Warm C,842489,5063,5062,2870,1743,1,6.858492e-05
Warm C,171559,1088,1087,2870,1743,0,-0.00011536572
Warm C,346620,2031,2030,2870,1743,1,-0.0021841335
Warm C,1099,10,9,2874,1746,1,0.009674623
Warm C,19621,148,147,2874,1746,1,0.011831339
Warm C,60936,411,410,2874,1746,0,0.011056841
Warm C,50696,333,332,2874,1746,0,0.014010981
Warm C,582759,3560,3559,2874,1746,0,0.00662165
Warm C,489577,3013,3012,2874,1746,0,0.0024058376
Warm C,821568,4940,4939,2874,1746,1,0.017913563
Warm C,520319,3209,3208,2879,1749,1,0.0046086735
Warm C,527385,3261,3260,2879,1749,0,0.009246534
Warm C,506663,3118,3117,2879,1749,0,0.012703322
Warm C,504414,3101,3100,2879,1749,1,0.007319621
Warm C,496467,3051,3050,2879,1749,1,0.011510571
Warm C,494074,3032,3031,2879,1749,1,0.015839975
Warm C,486249,2994,2993,2879,1749,0,0.004551799
Warm C,482683,2967,2966,2879,1749,1,0.002307388
Warm C,456951,2814,2813,2879,1749,1,0.009609094
Warm C,449892,2774,2773,2879,1749,1,0.0063435077
Warm C,424701,2576,2575,2879,1749,1,-0.00034155196
Warm C,421743,2549,2548,2879,1749,0,0.0025440303
Warm C,418634,2529,2528,2879,1749,1,0.013775567
Warm C,409170,2456,2455,2879,1749,1,0.0037345965
Warm C,609631,3695,3694,2879,1749,1,0.009666881
Warm C,449343,2771,2770,2879,1749,0,0.018256107
Warm C,392138,2304,2303,2879,1749,1,0.010766402
Warm C,372440,2175,2174,2879,1749,0,0.008849684
Warm C,370481,2166,2165,2879,1749,1,0.007068621
Warm C,367216,2143,2142,2879,1749,1,0.01589432
Warm C,366458,2134,2133,2879,1749,0,0.0018120836
Warm C,355949,2085,2084,2879,1749,0,0.0034620743
Warm C,349851,2054,2053,2879,1749,0,0.015687766
Warm C,345090,2024,2023,2879,1749,0,0.007058304
Warm C,342416,2015,2014,2879,1749,1,0.009130543
Warm C,341554,2012,2011,2879,1749,0,0.012852364
Warm C,329277,1943,1942,2879,1749,0,0.019870292
Warm C,327169,1939,1938,2879,1749,1,0.008146095
Warm C,320765,1902,1901,2879,1749,1,0.011256013
Warm C,329806,1945,1944,2879,1749,0,0.010555378
Warm C,297460,1764,1763,2879,1749,1,0.0040778946
Warm C,289311,1727,1726,2879,1749,1,0.015707802
Warm C,282605,1694,1693,2879,1749,1,0.0052676955
Warm C,274365,1658,1657,2879,1749,1,0.00544319
Warm C,269897,1635,1634,2879,1749,1,0.020655034
Warm C,265730,1613,1612,2879,1749,0,0.017716018
Warm C,247639,1496,1495,2879,1749,0,0.0135394
Warm C,243220,1466,1465,2879,1749,0,0.0068988334
Warm C,245496,1483,1482,2879,1749,1,0.008828241
Warm C,232671,1414,1413,2879,1749,1,0.011585086
Warm C,240781,1450,1449,2879,1749,1,0.0015552739
Warm C,296790,1759,1758,2879,1749,1,-0.0019581267
Warm C,213886,1299,1298,2879,1749,1,0.0055188295
Warm C,277635,1676,1675,2879,1749,0,0.012501838
Warm C,267195,1624,1623,2879,1749,0,0.0015999947
Warm C,192353,1184,1183,2879,1749,0,0.0014605969
Warm C,186349,1152,1151,2879,1749,0,0.013199409
Warm C,198615,1220,1219,2879,1749,0,0.011722515
Warm C,172865,1096,1095,2879,1749,0,0.010663401
Warm C,175482,1112,1111,2879,1749,0,0.01323084
Warm C,227599,1380,1379,2879,1749,0,0.0021221736
Warm C,155846,1004,1003,2879,1749,1,0.013841469
Warm C,712992,4277,4276,2879,1749,0,0.010707486
Warm C,136525,881,880,2879,1749,0,0.009818625
Warm C,135589,877,876,2879,1749,0,0.014095734
Warm C,128530,832,831,2879,1749,1,0.0016329535
Warm C,121859,785,784,2879,1749,1,0.011804006
Warm C,107895,710,709,2879,1749,1,0.019511063
Warm C,320041,1899,1898,2879,1749,1,0.018326007
Warm C,130505,846,845,2879,1749,1,0.009596448
Warm C,100139,669,668,2879,1749,1,0.013212007
Warm C,176895,1117,1116,2879,1749,0,0.019935753
Warm C,97810,655,654,2879,1749,0,0.015239788
Warm C,96399,647,646,2879,1749,0,0.019363994
Warm C,294877,1752,1751,2879,1749,0,0.011572894
Warm C,284111,1698,1697,2879,1749,1,0.005276949
Warm C,153925,990,989,2879,1749,1,0.013731542
Warm C,238865,1448,1447,2879,1749,0,0.005469913
Warm C,78122,526,525,2879,1749,0,0.0020391662
Warm C,77459,524,523,2879,1749,1,0.011001207
Warm C,67417,453,452,2879,1749,0,0.0099261375
Warm C,87070,569,568,2879,1749,0,-0.0037489221
Warm C,317670,1889,1888,2879,1749,1,0.017127585
Warm C,35925,242,241,2879,1749,0,0.0015619821
Warm C,626722,3792,3791,2879,1749,1,0.014869023
Warm C,873936,5277,5276,2879,1749,0,0.0105971955
Warm C,32329,216,215,2879,1749,0,0.00887086
Warm C,239999,1449,1448,2879,1749,0,0.0045757415
Warm C,26076,185,184,2879,1749,0,0.008270599
Warm C,363932,2120,2119,2879,1749,0,0.0061911577
Warm C,258397,1584,1583,2879,1749,1,0.00474081
Warm C,16485,130,129,2879,1749,1,0.008317696
Warm C,104276,692,691,2879,1749,1,0.012939898
Warm C,27367,192,191,2879,1749,0,-0.0009866268
Warm C,10994,81,80,2879,1749,1,0.0051178494
Warm C,290152,1733,1732,2879,1749,0,0.009977905
Warm C,10338,73,72,2879,1749,0,0.0119750425
Warm C,17228,134,133,2879,1749,1,0.0128105795
Warm C,633176,3824,3823,2879,1749,0,0.013461047
Warm C,54645,355,354,2879,1749,0,0.0125091905
Warm C,255500,1556,1555,2879,1749,0,0.014611975
Warm C,974989,5880,5879,2879,1749,1,0.012924533
Warm C,362979,2116,2115,2879,1749,1,0.006009002
Warm C,753262,4489,4488,2879,1749,1,0.007487819
Warm C,28439,195,194,2879,1749,1,0.0144001935
Warm C,490715,3018,3017,2879,1749,1,0.005988993
Warm C,241164,1451,1450,2879,1749,0,0.008861414
Warm C,145777,937,936,2879,1749,1,0.012237685
Warm C,11694,90,89,2879,1749,1,0.0096781915
Warm C,388113,2271,2270,2879,1749,0,0.006157958
Warm C,24542,173,172,2879,1749,1,0.006426753
Warm C,458652,2824,2823,2879,1749,1,-0.0031625077
Warm C,62868,424,423,2879,1749,1,0.016800929
Warm C,272866,1647,1646,2879,1749,0,0.0033717211
Warm C,104280,692,691,2880,1750,1,0.016045194
Warm C,28456,195,194,2880,1750,0,0.0042356253
Warm C,974992,5880,5879,2880,1750,1,0.017339673
Warm C,490721,3018,3017,2880,1750,0,0.020366088
Warm C,362989,2116,2115,2880,1750,1,0.01400915
Warm C,633185,3824,3823,2880,1750,0,0.0012054697
Warm C,11705,90,89,2880,1750,1,-0.0017112519
Warm C,290157,1733,1732,2880,1750,0,0.008192758
Warm C,24557,173,172,2880,1750,1,0.004572373
Warm C,458656,2824,2823,2880,1750,1,0.006804514
Warm C,145782,937,936,2880,1750,1,0.0015794309
Warm C,272875,1647,1646,2880,1750,0,0.021609623
Warm C,443525,2735,2734,2882,1752,0,0.004085418
Warm C,432430,2637,2636,2882,1752,0,0.0074332934
Warm C,401274,2392,2391,2882,1752,0,0.010065539
Warm C,397746,2358,2357,2882,1752,0,0.012489824
Warm C,396341,2344,2343,2882,1752,0,0.0033964748
Warm C,386607,2261,2260,2882,1752,0,0.008038478
Warm C,381311,2230,2229,2882,1752,0,0.009273386
Warm C,376727,2199,2198,2882,1752,0,0.010759888
Warm C,369894,2164,2163,2882,1752,0,0.013896247
Warm C,354072,2073,2072,2882,1752,1,0.0052609984
Warm C,348627,2043,2042,2882,1752,0,0.0036051136
Warm C,348425,2042,2041,2882,1752,0,0.0012296652
Warm C,318360,1891,1890,2882,1752,0,0.010132409
Warm C,278166,1677,1676,2882,1752,1,0.0013833723
Warm C,275088,1666,1665,2882,1752,0,0.014182787
Warm C,254711,1548,1547,2882,1752,0,0.0017592618
Warm C,252992,1534,1533,2882,1752,0,0.001174941
Warm C,241631,1453,1452,2882,1752,0,0.014521299
Warm C,204930,1261,1260,2882,1752,1,0.009115759
Warm C,314485,1878,1877,2882,1752,1,0.0041083824
Warm C,196476,1207,1206,2882,1752,0,0.010780972
Warm C,189352,1173,1172,2882,1752,0,0.005676445
Warm C,321659,1908,1907,2882,1752,1,0.0058595017
Warm C,333172,1967,1966,2882,1752,0,-0.0017638155
Warm C,168408,1069,1068,2882,1752,0,0.008741652
Warm C,160865,1022,1021,2882,1752,0,0.008217935
Warm C,313749,1873,1872,2882,1752,0,0.0034031651
Warm C,145329,935,934,2882,1752,0,0.010262003
Warm C,134801,871,870,2882,1752,1,0.010794237
Warm C,178086,1120,1119,2882,1752,0,0.011601422
Warm C,110352,720,719,2882,1752,0,0.018436246
Warm C,107082,704,703,2882,1752,0,0.0061246315
Warm C,106031,699,698,2882,1752,0,0.0017120067
Warm C,100825,673,672,2882,1752,0,0.0040093213
Warm C,98780,660,659,2882,1752,0,0.02375235
Warm C,90927,602,601,2882,1752,0,0.009460628
Warm C,87255,570,569,2882,1752,0,0.004958531
Warm C,238873,1448,1447,2882,1752,1,0.01355846
Warm C,68691,461,460,2882,1752,1,0.013426745
Warm C,54261,354,353,2882,1752,1,0.012791703
Warm C,54076,352,351,2882,1752,0,0.017090734
Warm C,155325,1001,1000,2882,1752,0,0.008497724
Warm C,48209,323,322,2882,1752,1,0.0051567173
Warm C,291350,1737,1736,2882,1752,0,0.011249238
Warm C,17047,133,132,2882,1752,1,0.011479656
Warm C,10709,77,76,2882,1752,0,0.013491329
Warm C,1661,15,14,2882,1752,0,-0.0025102813
Warm C,117036,754,753,2882,1752,0,0.0065975008
Warm C,56390,376,375,2882,1752,1,0.009252986
Warm C,76352,518,517,2882,1752,0,0.009109799
Warm C,696218,4169,4168,2882,1752,0,0.014375027
Warm C,170839,1087,1086,2882,1752,0,0.022626955
Warm C,558198,3428,3427,2882,1752,1,0.014954225
Warm C,466788,2878,2877,2882,1752,1,0.02172259
Warm C,242336,1463,1462,2882,1752,0,0.005931272
Warm C,136534,881,880,2882,1752,0,0.011225345
Warm C,413189,2485,2484,2882,1752,1,0.009952537
Warm C,52258,343,342,2882,1752,0,0.005563015
Warm C,777768,4647,4646,2885,1754,0,0.0066463207
Warm C,306809,1831,1830,2888,1755,1,0.0054285247
Warm C,296973,1760,1759,2888,1755,0,0.0063113673
Warm C,277648,1676,1675,2888,1755,0,0.00015051314
Warm C,281246,1687,1686,2888,1755,1,-0.000696606
Warm C,265058,1611,1610,2888,1755,0,0.0050487192
Warm C,256240,1563,1562,2888,1755,0,0.0036725383
Warm C,255324,1555,1554,2888,1755,1,0.01365078
Warm C,301752,1793,1792,2888,1755,0,0.0020874436
Warm C,243224,1466,1465,2888,1755,0,0.0035971645
Warm C,225573,1366,1365,2888,1755,0,0.006637669
Warm C,224146,1356,1355,2888,1755,0,0.00047999236
Warm C,224857,1359,1358,2888,1755,0,0.0056016697
Warm C,223508,1354,1353,2888,1755,1,0.00901266
Warm C,214081,1300,1299,2888,1755,0,0.0052554356
Warm C,243909,1470,1469,2888,1755,0,0.005425361
Warm C,236369,1434,1433,2888,1755,0,0.005316988
Warm C,186758,1156,1155,2888,1755,1,0.000926521
Warm C,186475,1153,1152,2888,1755,0,-0.0058781677
Warm C,285647,1702,1701,2888,1755,1,-0.006200676
Warm C,270430,1636,1635,2888,1755,0,0.00060334394
Warm C,167828,1068,1067,2888,1755,0,-0.0012531336
Warm C,139834,896,895,2888,1755,0,0.006576219
Warm C,138210,889,888,2888,1755,0,0.006229841
Warm C,135599,877,876,2888,1755,0,0.008879498
Warm C,263269,1605,1604,2888,1755,0,0.008588183
Warm C,125300,805,804,2888,1755,1,0.0098579265
Warm C,121800,784,783,2888,1755,0,0.0035225376
Warm C,360730,2106,2105,2888,1755,0,0.0056675253
Warm C,95849,643,642,2888,1755,0,0.0036630256
Warm C,79365,531,530,2888,1755,0,0.007210925
Warm C,87075,569,568,2888,1755,1,-0.0033614188
Warm C,64223,429,428,2888,1755,0,0.006425706
Warm C,78433,528,527,2888,1755,0,0.0019798968
Warm C,312869,1865,1864,2888,1755,1,0.0028283582
Warm C,219151,1329,1328,2888,1755,0,0.00766337
Warm C,291357,1737,1736,2888,1755,0,0.0078251455
Warm C,15071,119,118,2888,1755,0,0.009824723
Warm C,4788,34,33,2888,1755,1,-0.00044169242
Warm C,1725,16,15,2888,1755,0,0.0007580109
Warm C,158128,1015,1014,2888,1755,0,0.007602514
Warm C,111642,727,726,2888,1755,1,0.0048999093
Warm C,238878,1448,1447,2888,1755,0,0.013500169
Warm C,257624,1579,1578,2888,1755,0,0.009312803
Warm C,88203,582,581,2888,1755,0,-0.0010293098
Warm C,2465,19,18,2888,1755,0,-0.0022694948
Warm C,682398,4085,4084,2888,1755,1,0.0109938625
Warm C,12168,92,91,2888,1755,0,0.006277543
Warm C,164498,1051,1050,2888,1755,0,0.002188439
Warm C,405325,2427,2426,2888,1755,0,0.0004693484
Warm C,907634,5492,5491,2888,1755,0,0.010689688
Warm C,171580,1088,1087,2888,1755,0,0.0018115883
Warm C,134227,869,868,2888,1755,1,0.01003513
Warm C,209668,1280,1279,2888,1755,0,0.0008914013
Warm C,730555,4371,4370,2888,1755,1,0.0034235464
Warm C,434918,2655,2654,2888,1755,0,0.009627958
Warm C,718543,4305,4304,2888,1755,1,0.005539931
Warm C,156812,1010,1009,2888,1755,0,0.008560575
Warm C,331566,1958,1957,2888,1755,0,0.00427666
Warm C,785771,4697,4696,2888,1755,1,0.010119931
Warm C,737123,4407,4406,2891,1758,0,0.0065645836
Warm C,736066,4401,4400,2891,1758,0,-0.007884477
Warm C,691274,4139,4138,2891,1758,1,-0.0032785935
Warm C,689039,4122,4121,2891,1758,0,0.013487957
Warm C,682406,4085,4084,2891,1758,1,-0.00015700434
Warm C,683958,4089,4088,2891,1758,1,0.007162426
Warm C,678459,4064,4063,2891,1758,1,-0.008184382
Warm C,677795,4062,4061,2891,1758,0,0.014864973
Warm C,671223,4033,4032,2891,1758,1,0.009429706
Warm C,761154,4522,4521,2891,1758,1,0.010996271
Warm C,724831,4343,4342,2891,1758,0,0.0076178843
Warm C,651387,3929,3928,2891,1758,0,4.528975e-05
Warm C,634880,3829,3828,2891,1758,0,0.010523921
Warm C,670229,4028,4027,2891,1758,1,0.011038385
Warm C,614170,3720,3719,2891,1758,0,-0.0035966816
Warm C,845313,5081,5080,2891,1758,1,0.0044483235
Warm C,610438,3702,3701,2891,1758,1,-0.00061709154
Warm C,615626,3727,3726,2891,1758,0,-0.00013600802
Warm C,604191,3675,3674,2891,1758,0,0.0054667434
Warm C,598592,3643,3642,2891,1758,0,-0.0029610537
Warm C,593031,3615,3614,2891,1758,1,0.005209358
Warm C,582660,3559,3558,2891,1758,1,0.0050841914
Warm C,902784,5458,5457,2891,1758,1,0.0053486023
Warm C,579296,3539,3538,2891,1758,1,-0.004693837
Warm C,563058,3464,3463,2891,1758,0,0.0089754015
Warm C,550084,3391,3390,2891,1758,1,0.008467074
Warm C,546790,3371,3370,2891,1758,0,0.0034830938
Warm C,532118,3285,3284,2891,1758,1,0.0064176028
Warm C,525980,3250,3249,2891,1758,0,0.009157407
Warm C,524828,3240,3239,2891,1758,1,0.007968595
Warm C,539874,3320,3319,2891,1758,0,0.0082527725
Warm C,516076,3185,3184,2891,1758,1,-0.00028105103
Warm C,882118,5329,5328,2891,1758,1,-0.0012070728
Warm C,527399,3261,3260,2891,1758,0,0.0011251923
Warm C,507403,3122,3121,2891,1758,0,-0.0009462021
Warm C,485021,2986,2985,2891,1758,1,0.004291691
Warm C,482695,2967,2966,2891,1758,0,0.0014796108
Warm C,474677,2913,2912,2891,1758,1,0.0040601813
Warm C,472549,2907,2906,2891,1758,0,0.005597221
Warm C,470968,2899,2898,2891,1758,1,0.008890872
Warm C,461812,2848,2847,2891,1758,1,0.00091287075
Warm C,459611,2832,2831,2891,1758,0,0.007344086
Warm C,445932,2750,2749,2891,1758,1,-0.0031843414
Warm C,443807,2737,2736,2891,1758,0,0.0068715764
Warm C,442399,2724,2723,2891,1758,0,0.012672675
Warm C,438821,2681,2680,2891,1758,1,0.0014200548
Warm C,432998,2639,2638,2891,1758,0,0.0068139127
Warm C,404520,2419,2418,2891,1758,1,0.0050464976
Warm C,400374,2383,2382,2891,1758,0,0.014397686
Warm C,387000,2263,2262,2891,1758,0,0.008688266
Warm C,367895,2148,2147,2891,1758,1,0.0009315901
Warm C,355957,2085,2084,2891,1758,0,0.0032329764
Warm C,338596,1992,1991,2891,1758,1,-0.004937021
Warm C,283525,1697,1696,2891,1758,1,-0.001393364
Warm C,274373,1658,1657,2891,1758,0,0.0065152184
Warm C,265740,1613,1612,2891,1758,0,0.00871354
Warm C,264596,1609,1608,2891,1758,1,0.013865462
Warm C,259438,1587,1586,2891,1758,0,-0.0023254005
Warm C,231961,1407,1406,2891,1758,1,0.00059737824
Warm C,309925,1843,1842,2891,1758,0,-0.0035382386
Warm C,335851,1980,1979,2891,1758,1,0.008446059
Warm C,222381,1345,1344,2891,1758,1,0.00022963731
Warm C,223512,1354,1353,2891,1758,1,0.002581663
Warm C,217013,1317,1316,2891,1758,1,0.0062591294
Warm C,296793,1759,1758,2891,1758,0,-0.0019844002
Warm C,277654,1676,1675,2891,1758,1,-9.885919e-05
Warm C,360740,2106,2105,2891,1758,0,0.0016467363
Warm C,210899,1285,1284,2891,1758,1,0.003160685
Warm C,185234,1150,1149,2891,1758,0,0.0011296432
Warm C,183184,1141,1140,2891,1758,1,0.003837875
Warm C,173642,1100,1099,2891,1758,0,0.0005215328
Warm C,167832,1068,1067,2891,1758,1,0.0005266416
Warm C,175495,1112,1111,2891,1758,0,-0.00056495203
Warm C,166439,1059,1058,2891,1758,0,0.0013910679
Warm C,163377,1045,1044,2891,1758,1,-0.0065864115
Warm C,214819,1303,1302,2891,1758,1,0.004609609
Warm C,151966,977,976,2891,1758,1,-2.2831257e-05
Warm C,125229,804,803,2891,1758,1,0.0014909173
Warm C,112443,731,730,2891,1758,0,0.005221219
Warm C,341159,2011,2010,2891,1758,1,-0.0044421228
Warm C,200053,1228,1227,2891,1758,1,8.3328225e-05
Warm C,190859,1181,1180,2891,1758,1,-0.001069004
Warm C,116164,752,751,2891,1758,1,0.0096682655
Warm C,65777,440,439,2891,1758,1,-0.0014235401
Warm C,61900,415,414,2891,1758,0,0.003752163
Warm C,155330,1001,1000,2891,1758,1,0.005263153
Warm C,56764,380,379,2891,1758,1,0.0066482066
Warm C,132438,855,854,2891,1758,0,-0.006408496
Warm C,42911,293,292,2891,1758,0,0.0033556838
Warm C,44080,301,300,2891,1758,1,0.008456376
Warm C,312871,1865,1864,2891,1758,1,0.0042126216
Warm C,60978,411,410,2891,1758,1,0.00353438
Warm C,31592,214,213,2891,1758,0,-0.0069742384
Warm C,8659,58,57,2891,1758,1,0.006184114
Warm C,206836,1266,1265,2891,1758,0,0.0073358454
Warm C,78440,528,527,2891,1758,1,-4.1732215e-05
Warm C,933442,5636,5635,2891,1758,1,-0.0013581086
Warm C,696237,4169,4168,2891,1758,1,0.005780766
Warm C,49720,329,328,2891,1758,0,-0.0025276714
Warm C,797286,4781,4780,2891,1758,1,0.002822827
Warm C,557220,3423,3422,2891,1758,1,0.0060705035
Warm C,607113,3685,3684,2891,1758,1,0.0049404176
Warm C,290172,1733,1732,2891,1758,0,-0.00087142806
Warm C,828678,4979,4978,2891,1758,0,0.008376755
Warm C,949190,5734,5733,2891,1758,1,-0.007729289
Warm C,169915,1079,1078,2891,1758,1,0.0041329497
Warm C,317681,1889,1888,2891,1758,0,0.0097838985
Warm C,102207,678,677,2891,1758,0,0.0026149927
Warm C,265062,1611,1610,2891,1758,0,-0.003050675
Warm C,252491,1530,1529,2891,1758,1,0.011013413
Warm C,488131,3002,3001,2891,1758,1,-0.0032750666
Warm C,195412,1203,1202,2891,1758,1,0.0014608789
Warm C,171589,1088,1087,2891,1758,1,0.011453509
Warm C,51579,338,337,2891,1758,1,-0.0007641057
Warm C,571039,3503,3502,2891,1758,1,-0.0014900088
Warm C,322327,1912,1911,2891,1758,0,0.008014104
Warm C,206329,1265,1264,2891,1758,0,0.005135517
Warm C,107913,710,709,2891,1758,0,0.0072273286
Warm C,164506,1051,1050,2891,1758,1,0.0060937656
Warm C,699661,4186,4185,2891,1758,0,-0.00039871456
Warm C,713011,4277,4276,2891,1758,0,0.005249389
Warm C,178627,1121,1120,2891,1758,1,0.01259793
Warm C,104291,692,691,2891,1758,0,0.007061993
Warm C,234947,1425,1424,2891,1758,0,0.009371927
Warm C,263282,1605,1604,2891,1758,0,0.011431252
Warm C,374046,2181,2180,2898,1759,0,0.016174497
Warm C,366157,2131,2130,2898,1759,0,0.0071636885
Warm C,358485,2098,2097,2898,1759,0,-0.0049780402
Warm C,361612,2109,2108,2898,1759,1,0.010396928
Warm C,344415,2021,2020,2898,1759,1,0.016781803
Warm C,303523,1803,1802,2898,1759,0,0.0031614797
Warm C,288257,1722,1721,2898,1759,1,0.010543254
Warm C,279165,1680,1679,2898,1759,1,0.017197842
Warm C,276932,1675,1674,2898,1759,1,0.005714139
Warm C,268334,1630,1629,2898,1759,0,0.010394736
Warm C,265743,1613,1612,2898,1759,0,0.011607286
Warm C,253728,1543,1542,2898,1759,0,0.008869966
Warm C,234583,1424,1423,2898,1759,0,-0.0072586956
Warm C,221892,1342,1341,2898,1759,0,0.0059603946
Warm C,328059,1941,1940,2898,1759,0,0.0041740322
Warm C,256184,1562,1561,2898,1759,0,-0.001648051
Warm C,183981,1146,1145,2898,1759,0,0.01988671
Warm C,175497,1112,1111,2898,1759,0,0.015372273
Warm C,165215,1053,1052,2898,1759,0,0.00082948664
Warm C,159237,1017,1016,2898,1759,0,0.0013955287
Warm C,158140,1015,1014,2898,1759,0,0.010115709
Warm C,150972,971,970,2898,1759,0,0.012144345
Warm C,156827,1010,1009,2898,1759,0,0.016190076
Warm C,138234,889,888,2898,1759,0,0.016056295
Warm C,133168,859,858,2898,1759,0,0.008336625
Warm C,125536,808,807,2898,1759,0,0.004230407
Warm C,107917,710,709,2898,1759,0,0.01455557
Warm C,77484,524,523,2898,1759,0,0.010327663
Warm C,81645,543,542,2898,1759,1,0.008764917
Warm C,240026,1449,1448,2898,1759,0,0.017670918
Warm C,45275,305,304,2898,1759,0,0.005994333
Warm C,291374,1737,1736,2898,1759,0,0.004710071
Warm C,22742,163,162,2898,1759,0,0.007821589
Warm C,290175,1733,1732,2898,1759,0,0.0051449384
Warm C,696244,4169,4168,2898,1759,0,0.017096972
Warm C,265065,1611,1610,2898,1759,1,0.011079606
Warm C,572101,3507,3506,2898,1759,0,0.015491015
Warm C,365742,2129,2128,2898,1759,0,0.010465866
Warm C,164509,1051,1050,2898,1759,0,0.016019514
Warm C,102210,678,677,2898,1759,0,0.018138682
Warm C,62893,424,423,2898,1759,1,0.0025755665
Warm C,892942,5394,5393,2898,1759,0,0.022989452
Warm C,405326,2427,2426,2899,1760,1,0.007141828
Warm C,394738,2330,2329,2899,1760,1,0.007346436
Warm C,385527,2253,2252,2899,1760,1,0.009797426
Warm C,383475,2241,2240,2899,1760,1,0.0053811604
Warm C,384104,2244,2243,2899,1760,1,0.011310549
Warm C,381636,2231,2230,2899,1760,0,0.014210464
Warm C,364731,2124,2123,2899,1760,1,0.015168278
Warm C,362137,2110,2109,2899,1760,0,0.014933312
Warm C,348714,2045,2044,2899,1760,0,0.0007911336
Warm C,345797,2029,2028,2899,1760,0,0.0020754118
Warm C,335086,1977,1976,2899,1760,0,0.0058420114
Warm C,326983,1938,1937,2899,1760,0,0.0029200087
Warm C,313575,1871,1870,2899,1760,0,0.0040479824
Warm C,268991,1632,1631,2899,1760,0,0.015887521
Warm C,343105,2016,2015,2899,1760,1,0.011227086
Warm C,312312,1861,1860,2899,1760,0,0.010294829
Warm C,258995,1586,1585,2899,1760,0,0.0074534607
Warm C,257027,1574,1573,2899,1760,1,0.0033911685
Warm C,311724,1858,1857,2899,1760,1,0.008593222
Warm C,245278,1481,1480,2899,1760,1,0.0063619837
Warm C,335854,1980,1979,2899,1760,1,0.01982633
Warm C,216206,1312,1311,2899,1760,1,0.013849486
Warm C,279167,1680,1679,2899,1760,1,0.0075686197
Warm C,591946,3610,3609,2899,1760,0,0.006987006
Warm C,243919,1470,1469,2899,1760,0,0.012209967
Warm C,235836,1427,1426,2899,1760,0,0.0069536464
Warm C,248805,1501,1500,2899,1760,1,0.009638923
Warm C,166441,1059,1058,2899,1760,1,0.00091694226
Warm C,167834,1068,1067,2899,1760,0,0.0151205845
Warm C,158142,1015,1014,2899,1760,0,0.0061404277
Warm C,212890,1297,1296,2899,1760,1,0.0020820186
Warm C,147673,951,950,2899,1760,0,0.007843957
Warm C,131139,850,849,2899,1760,0,0.009966004
Warm C,147390,949,948,2899,1760,1,0.011301374
Warm C,125371,806,805,2899,1760,0,0.006551856
Warm C,121119,780,779,2899,1760,1,0.008774722
Warm C,110356,720,719,2899,1760,0,0.010471066
Warm C,93776,629,628,2899,1760,0,0.0013722405
Warm C,425675,2583,2582,2899,1760,1,0.0051890537
Warm C,92211,614,613,2899,1760,0,0.0052114744
Warm C,86106,563,562,2899,1760,0,0.0103234
Warm C,85251,556,555,2899,1760,0,0.0066014617
Warm C,83081,549,548,2899,1760,1,0.014301963
Warm C,80946,538,537,2899,1760,1,0.009886177
Warm C,54946,360,359,2899,1760,1,0.010520008
Warm C,48935,327,326,2899,1760,1,0.008772841
Warm C,40806,273,272,2899,1760,1,0.01359759
Warm C,32387,216,215,2899,1760,0,0.015758581
Warm C,14116,114,113,2899,1760,1,-0.00081361074
Warm C,13952,112,111,2899,1760,1,-0.0028213789
Warm C,12767,97,96,2899,1760,1,0.012649395
Warm C,10576,75,74,2899,1760,0,0.012033325
Warm C,958814,5787,5786,2899,1760,1,0.008187372
Warm C,622084,3768,3767,2899,1760,0,0.0023633153
Warm C,768702,4579,4578,2899,1760,0,0.0007549416
Warm C,565556,3475,3474,2899,1760,0,0.015842192
Warm C,208754,1274,1273,2899,1760,1,0.014397539
Warm C,605027,3678,3677,2900,1761,0,0.014120753
Warm C,569450,3491,3490,2900,1761,1,0.019888287
Warm C,594274,3618,3617,2900,1761,0,0.016997043
Warm C,581430,3550,3549,2900,1761,0,0.004219814
Warm C,551458,3395,3394,2900,1761,0,0.011974033
Warm C,549234,3389,3388,2900,1761,0,0.013568996
Warm C,541714,3333,3332,2900,1761,1,0.017654456
Warm C,539041,3314,3313,2900,1761,0,0.0034745047
Warm C,531246,3280,3279,2900,1761,0,0.009082218
Warm C,523742,3228,3227,2900,1761,1,0.014177425
Warm C,519741,3206,3205,2900,1761,0,0.0012858752
Warm C,566458,3476,3475,2900,1761,0,0.01582309
Warm C,508787,3129,3128,2900,1761,1,0.004759061
Warm C,501874,3081,3080,2900,1761,1,0.008255173
Warm C,500039,3069,3068,2900,1761,0,0.01131796
Warm C,498004,3056,3055,2900,1761,0,0.017592778
Warm C,517977,3196,3195,2900,1761,0,0.0030104949
Warm C,474042,2909,2908,2900,1761,1,0.006913092
Warm C,467827,2883,2882,2900,1761,1,0.011420162
Warm C,754758,4497,4496,2900,1761,0,0.006388384
Warm C,449660,2772,2771,2900,1761,1,0.013979692
Warm C,444438,2742,2741,2900,1761,1,0.0055428157
Warm C,441553,2708,2707,2900,1761,0,0.011737247
Warm C,434131,2645,2644,2900,1761,0,0.0037155699
Warm C,429527,2615,2614,2900,1761,0,0.011889592
Warm C,426601,2590,2589,2900,1761,0,0.00883276
Warm C,423527,2566,2565,2900,1761,0,0.008175088
Warm C,409775,2457,2456,2900,1761,0,0.010042605
Warm C,402017,2400,2399,2900,1761,0,-0.004978692
Warm C,389093,2279,2278,2900,1761,0,0.008817795
Warm C,403776,2411,2410,2900,1761,0,0.008199571
Warm C,385403,2251,2250,2900,1761,0,0.0012753741
Warm C,376784,2199,2198,2900,1761,0,0.0012480407
Warm C,374379,2181,2180,2900,1761,0,0.012614059
Warm C,370796,2167,2166,2900,1761,1,0.0088781305
Warm C,348523,2042,2041,2900,1761,0,-0.0043939734
Warm C,305940,1820,1819,2900,1761,0,0.009601335
Warm C,288329,1722,1721,2900,1761,0,-0.0007638524
Warm C,291661,1737,1736,2900,1761,0,0.0008432758
Warm C,292529,1741,1740,2900,1761,0,0.013249679
Warm C,279847,1680,1679,2900,1761,0,0.011965922
Warm C,277140,1675,1674,2900,1761,1,0.01224537
Warm C,280518,1683,1682,2900,1761,0,-0.005897726
Warm C,271090,1639,1638,2900,1761,0,0.017736804
Warm C,264425,1608,1607,2900,1761,0,-0.0019875239
Warm C,257254,1577,1576,2900,1761,1,-0.00040296325
Warm C,256960,1572,1571,2900,1761,0,-0.0024372216
Warm C,252293,1528,1527,2900,1761,1,0.0047981786
Warm C,247885,1496,1495,2900,1761,0,0.013658265
Warm C,228520,1383,1382,2900,1761,0,0.0029123004
Warm C,240477,1449,1448,2900,1761,0,0.02761912
Warm C,198892,1221,1220,2900,1761,0,0.0105331745
Warm C,196205,1206,1205,2900,1761,1,0.010407362
Warm C,328636,1941,1940,2900,1761,0,-0.004330393
Warm C,180446,1128,1127,2900,1761,0,0.0071596797
Warm C,174785,1106,1105,2900,1761,0,-0.0024532517
Warm C,184115,1146,1145,2900,1761,0,0.0005780383
Warm C,159407,1017,1016,2900,1761,1,0.011343231
Warm C,158608,1015,1014,2900,1761,1,0.007787343
Warm C,152148,978,977,2900,1761,0,0.007140009
Warm C,149744,963,962,2900,1761,0,0.013402246
Warm C,157196,1010,1009,2900,1761,0,0.004128171
Warm C,134555,869,868,2900,1761,0,0.011869016
Warm C,125627,808,807,2900,1761,0,-0.0025007925
Warm C,126065,812,811,2900,1761,1,0.013743354
Warm C,211305,1285,1284,2900,1761,0,0.020224055
Warm C,349389,2050,2049,2900,1761,0,0.0025785868
Warm C,352271,2063,2062,2900,1761,0,0.015032606
Warm C,713349,4277,4276,2900,1761,1,0.016967513
Warm C,92828,621,620,2900,1761,1,0.011669974
Warm C,86236,563,562,2900,1761,0,0.017747015
Warm C,81885,543,542,2900,1761,1,0.01052439
Warm C,239274,1448,1447,2900,1761,1,0.009713275
Warm C,82547,548,547,2900,1761,0,0.007892471
Warm C,70917,476,475,2900,1761,0,0.0081895515
Warm C,251248,1516,1515,2900,1761,0,0.014746823
Warm C,57629,390,389,2900,1761,0,0.007928839
Warm C,132663,855,854,2900,1761,0,0.01230123
Warm C,45215,305,304,2900,1761,0,0.0074608685
Warm C,43125,295,294,2900,1761,1,0.0069018034
Warm C,41225,278,277,2900,1761,0,0.0015613677
Warm C,40475,272,271,2900,1761,1,0.013382381
Warm C,36598,245,244,2900,1761,0,0.016304575
Warm C,32515,218,217,2900,1761,0,0.0033098413
Warm C,411660,2472,2471,2900,1761,0,0.0017330311
Warm C,290501,1733,1732,2900,1761,0,0.014640555
Warm C,552604,3401,3400,2900,1761,0,0.0099580465
Warm C,432852,2638,2637,2900,1761,0,0.006308299
Warm C,265260,1611,1610,2900,1761,1,0.0026371586
Warm C,354585,2076,2075,2900,1761,0,0.006199475
Warm C,572441,3507,3506,2900,1761,0,0.01989437
Warm C,365881,2129,2128,2900,1761,0,0.008328047
Warm C,541551,3332,3331,2900,1761,1,-0.0020425674
Warm C,102579,678,677,2900,1761,1,0.016843963
Warm C,63322,424,423,2900,1761,0,0.015763544
Warm C,310838,1851,1850,2900,1761,0,0.008824991
Warm C,720196,4312,4311,2900,1761,0,0.0155344745
Warm C,271852,1643,1642,2900,1761,1,0.006561229
Warm C,136893,881,880,2900,1761,0,0.010981926
Warm C,342767,2015,2014,2900,1761,0,0.016365817
Warm C,116555,752,751,2900,1761,0,0.024566017
Warm C,648293,3903,3902,2902,1763,0,0.003150322
Warm C,649504,3914,3913,2902,1763,0,0.00471788
Warm C,639621,3844,3843,2902,1763,0,0.008262269
Warm C,664229,3999,3998,2902,1763,0,0.018392237
Warm C,628408,3806,3805,2902,1763,0,-0.0075587435
Warm C,628825,3807,3806,2902,1763,0,0.013742551
Warm C,629843,3808,3807,2902,1763,0,0.006063951
Warm C,638539,3841,3840,2902,1763,0,0.0044009984
Warm C,623535,3771,3770,2902,1763,0,0.0043545207
Warm C,625103,3778,3777,2902,1763,0,0.016320864
Warm C,622354,3768,3767,2902,1763,0,0.009531516
Warm C,611957,3709,3708,2902,1763,0,0.0046185395
Warm C,604890,3677,3676,2902,1763,0,-0.004148437
Warm C,621338,3762,3761,2902,1763,0,0.0065451884
Warm C,606702,3683,3682,2902,1763,0,0.010632826
Warm C,633573,3824,3823,2902,1763,0,0.008477251
Warm C,596850,3626,3625,2902,1763,0,0.0061911223
Warm C,577791,3528,3527,2902,1763,0,0.0008362022
Warm C,688196,4116,4115,2902,1763,0,0.0018813978
Warm C,557011,3422,3421,2902,1763,0,0.013125289
Warm C,547439,3377,3376,2902,1763,0,-0.004510737
Warm C,577488,3526,3525,2902,1763,0,0.012207909
Warm C,528337,3265,3264,2902,1763,0,0.011529535
Warm C,522913,3224,3223,2902,1763,0,0.00069368794
Warm C,511386,3154,3153,2902,1763,1,0.015104298
Warm C,566461,3476,3475,2902,1763,0,0.003341987
Warm C,606005,3681,3680,2902,1763,0,0.009588933
Warm C,494464,3032,3031,2902,1763,1,0.011916526
Warm C,540065,3320,3319,2902,1763,0,0.0055563417
Warm C,483994,2976,2975,2902,1763,0,0.0068829777
Warm C,696696,4169,4168,2902,1763,1,0.004134076
Warm C,474045,2909,2908,2902,1763,0,0.0076786196
Warm C,754760,4497,4496,2902,1763,0,0.005705568
Warm C,462719,2854,2853,2902,1763,0,0.0025394582
Warm C,426603,2590,2589,2902,1763,0,0.009300057
Warm C,415577,2503,2502,2902,1763,0,0.0017056112
Warm C,409304,2456,2455,2902,1763,0,0.0045692474
Warm C,397227,2352,2351,2902,1763,0,0.0037241222
Warm C,406816,2444,2443,2902,1763,0,0.0016242121
Warm C,387368,2264,2263,2902,1763,0,0.0016514161
Warm C,375203,2186,2185,2902,1763,0,-0.00278093
Warm C,374382,2181,2180,2902,1763,1,0.017755747
Warm C,370072,2164,2163,2902,1763,1,-0.0023935577
Warm C,359561,2102,2101,2902,1763,0,0.0056257136
Warm C,352748,2064,2063,2902,1763,0,0.005001285
Warm C,317360,1887,1886,2902,1763,0,-0.0004735347
Warm C,290989,1736,1735,2902,1763,0,0.00026141177
Warm C,288333,1722,1721,2902,1763,1,0.008367655
Warm C,291664,1737,1736,2902,1763,0,0.006588417
Warm C,279851,1680,1679,2902,1763,1,0.01137883
Warm C,277144,1675,1674,2902,1763,0,0.0024359026
Warm C,260721,1593,1592,2902,1763,0,0.0041946555
Warm C,247888,1496,1495,2902,1763,0,0.008685149
Warm C,224542,1357,1356,2902,1763,0,0.006234659
Warm C,325577,1926,1925,2902,1763,0,-0.0028110882
Warm C,336312,1980,1979,2902,1763,0,0.0066824323
Warm C,270190,1635,1634,2902,1763,0,0.012628843
Warm C,240481,1449,1448,2902,1763,0,0.012986351
Warm C,210307,1284,1283,2902,1763,0,-0.0087735625
Warm C,261930,1599,1598,2902,1763,0,-0.0018845405
Warm C,328640,1941,1940,2902,1763,0,0.0074006487
Warm C,307677,1835,1834,2902,1763,0,0.00855111
Warm C,196711,1207,1206,2902,1763,0,0.0045331945
Warm C,184116,1146,1145,2902,1763,0,-0.008262927
Warm C,175743,1112,1111,2902,1763,0,0.012469963
Warm C,159411,1017,1016,2902,1763,0,0.017900268
Warm C,158612,1015,1014,2902,1763,0,0.009164717
Warm C,213075,1297,1296,2902,1763,0,0.004099178
Warm C,150226,967,966,2902,1763,0,0.0038762768
Warm C,134556,869,868,2902,1763,0,0.014165831
Warm C,188000,1165,1164,2902,1763,0,0.0030361037
Warm C,125629,808,807,2902,1763,0,0.015922
Warm C,123982,798,797,2902,1763,0,0.007800196
Warm C,211309,1285,1284,2902,1763,0,0.01630656
Warm C,115525,749,748,2902,1763,0,0.00663757
Warm C,112930,732,731,2902,1763,0,0.0074937176
Warm C,107209,705,704,2902,1763,0,0.0120815
Warm C,99893,667,666,2902,1763,1,0.011984635
Warm C,99478,663,662,2902,1763,0,0.0036795316
Warm C,103516,687,686,2902,1763,0,0.006247556
Warm C,95049,637,636,2902,1763,0,0.005513819
Warm C,90779,601,600,2902,1763,0,0.00913109
Warm C,83487,549,548,2902,1763,0,0.003677989
Warm C,234331,1422,1421,2902,1763,0,0.016863365
Warm C,191403,1181,1180,2902,1763,0,0.0157936
Warm C,72317,482,481,2902,1763,0,0.0010929065
Warm C,57631,390,389,2902,1763,0,0.004690974
Warm C,338336,1988,1987,2902,1763,0,0.007446414
Warm C,41868,284,283,2902,1763,0,0.008990221
Warm C,41226,278,277,2902,1763,0,0.0054868953
Warm C,36602,245,244,2902,1763,0,0.0012870361
Warm C,482010,2962,2961,2902,1763,0,0.014700135
Warm C,238231,1447,1446,2902,1763,0,0.009600461
Warm C,365884,2129,2128,2902,1763,0,0.001034585
Warm C,102582,678,677,2902,1763,0,0.010332373
Warm C,760702,4520,4519,2902,1763,0,0.010513169
Warm C,964202,5812,5811,2902,1763,0,0.012453459
Warm C,221600,1340,1339,2902,1763,0,0.006291776
Warm C,136897,881,880,2902,1763,0,0.012774896
Warm C,44652,302,301,2902,1763,0,0.019548645
Warm C,474396,2910,2909,2902,1763,1,-0.0036917804
Warm C,63326,424,423,2902,1763,0,0.0046528564
Warm C,699766,4186,4185,2902,1763,0,0.018517915
Warm C,718672,4305,4304,2902,1763,0,0.00067208835
Warm C,370073,2164,2163,2903,1764,0,0.016658641
Warm C,291666,1737,1736,2903,1764,0,0.021167587
Warm C,279853,1680,1679,2903,1764,0,0.0152374655
Warm C,247889,1496,1495,2903,1764,0,0.01058624
Warm C,224543,1357,1356,2903,1764,0,0.0053605377
Warm C,210309,1284,1283,2903,1764,0,0.00541022
Warm C,261932,1599,1598,2903,1764,0,0.014059825
Warm C,328642,1941,1940,2903,1764,0,0.021212466
Warm C,196712,1207,1206,2903,1764,0,0.016748775
Warm C,184118,1146,1145,2903,1764,0,0.01340922
Warm C,175744,1112,1111,2903,1764,0,0.009387549
Warm C,162506,1035,1034,2903,1764,0,0.013058246
Warm C,159412,1017,1016,2903,1764,0,0.008501395
Warm C,213076,1297,1296,2903,1764,0,0.0125641525
Warm C,188001,1165,1164,2903,1764,0,0.009984632
Warm C,125630,808,807,2903,1764,0,0.007783946
Warm C,123983,798,797,2903,1764,0,0.0033351756
Warm C,112931,732,731,2903,1764,0,0.011168968
Warm C,107210,705,704,2903,1764,0,0.00836548
Warm C,108275,710,709,2903,1764,0,0.007917365
Warm C,104918,695,694,2903,1764,0,0.0077353693
Warm C,99479,663,662,2903,1764,0,0.011181166
Warm C,90780,601,600,2903,1764,0,0.0073525896
Warm C,83489,549,548,2903,1764,0,0.00862369
Warm C,234332,1422,1421,2903,1764,0,0.01738962
Warm C,68872,461,460,2903,1764,0,0.014517501
Warm C,45217,305,304,2903,1764,0,0.0030008494
Warm C,41227,278,277,2903,1764,0,0.002819086
Warm C,240483,1449,1448,2903,1764,0,0.009827089
Warm C,482012,2962,2961,2903,1764,0,0.015061985
Warm C,347032,2035,2034,2903,1764,0,0.0075799553
Warm C,69117,462,461,2903,1764,0,0.010604048
Warm C,102584,678,677,2903,1764,0,0.009544002
Warm C,336314,1980,1979,2903,1764,0,0.017818823
Warm C,115526,749,748,2903,1764,0,0.021297764
Warm C,474047,2909,2908,2903,1764,0,0.012980914
Warm C,474397,2910,2909,2903,1764,0,0.0050073722
Warm C,63327,424,423,2903,1764,0,0.01557092
Warm C,24445,173,172,2905,1765,1,0.012761196
Warm C,93589,626,625,2905,1765,1,0.0019929118
Warm C,770059,4589,4588,2905,1765,1,0.00949344
Warm C,223112,1352,1351,2905,1765,1,0.0024931524
Warm C,231211,1399,1398,2905,1765,1,0.0053648753
Warm C,28309,195,194,2905,1765,1,0.016587608
Warm C,290504,1733,1732,2905,1765,1,0.011744886
Warm C,215075,1303,1302,2905,1765,1,0.017899968
Warm C,208953,1274,1273,2905,1765,1,0.010969015
Warm C,273963,1654,1653,2920,1775,1,0.00095860194
Warm C,266847,1618,1617,2920,1775,1,0.008607609
Warm C,256689,1569,1568,2920,1775,1,0.0053552645
Warm C,256571,1567,1566,2920,1775,0,0.0018911529
Warm C,250841,1513,1512,2920,1775,1,0.008251129
Warm C,294511,1749,1748,2920,1775,1,0.0077985
Warm C,184467,1147,1146,2920,1775,0,0.010076461
Warm C,182899,1140,1139,2920,1775,1,0.013691701
Warm C,191463,1181,1180,2920,1775,0,0.013990311
Warm C,161206,1028,1027,2920,1775,1,0.005047978
Warm C,160427,1019,1018,2920,1775,1,0.015958946
Warm C,158677,1015,1014,2920,1775,0,0.010737299
Warm C,149053,958,957,2920,1775,1,0.0068355952
Warm C,138835,889,888,2920,1775,1,0.008150903
Warm C,131360,850,849,2920,1775,1,0.0008171033
Warm C,64749,434,433,2920,1775,1,0.0006280851
Warm C,46617,312,311,2920,1775,1,0.0047514434
Warm C,27612,193,192,2920,1775,0,0.002801972
Warm C,148868,957,956,2920,1775,1,0.0044022044
Warm C,592204,3610,3609,2920,1775,0,0.0045517418
Warm C,1484,14,13,2920,1775,1,-0.007809319
Warm C,739460,4418,4417,2920,1775,1,0.0041460106
Warm C,320346,1899,1898,2920,1775,1,0.018735934
Warm C,284957,1699,1698,2920,1775,1,0.011903691
Warm C,876380,5291,5290,2920,1775,1,0.0014417667
Warm C,916777,5539,5538,2920,1775,0,0.015841758
Warm C,34803,235,234,2920,1775,1,0.0059225615
Warm C,571242,3503,3502,2920,1775,1,0.016282756
Warm C,369275,2159,2158,2920,1775,1,0.0100176465
Warm C,24483,173,172,2920,1775,1,0.0071418895
Warm C,89414,588,587,2920,1775,1,0.012188977
Warm C,208972,1274,1273,2920,1775,1,0.0012555085
Warm C,421239,2544,2543,2920,1775,1,0.00263682
Warm C,104010,691,690,2920,1775,0,0.0022150793
Warm C,223117,1352,1351,2920,1775,1,0.012115456
Warm C,497417,3054,3053,2920,1775,1,0.0060942406
Warm C,607798,3688,3687,2920,1775,1,0.0022188532
Warm C,322713,1912,1911,2920,1775,0,0.013292324
Warm C,18803,146,145,2920,1775,1,0.010993035
Warm C,933625,5636,5635,2920,1775,1,0.014409194
Warm C,349997,2054,2053,2924,1778,1,0.018513108
Warm C,374426,2181,2180,2924,1778,1,0.021134794
Warm C,320350,1899,1898,2924,1778,1,0.017296169
Warm C,288050,1720,1719,2924,1778,1,0.005971539
Warm C,286026,1706,1705,2924,1778,1,0.0103113055
Warm C,280332,1681,1680,2924,1778,0,-0.0012629849
Warm C,274545,1658,1657,2924,1778,0,0.014574477
Warm C,270237,1635,1634,2924,1778,1,0.013368143
Warm C,273795,1650,1649,2924,1778,1,0.014801369
Warm C,282785,1694,1693,2924,1778,1,0.014984151
Warm C,266512,1616,1615,2924,1778,1,0.0039308844
Warm C,259810,1588,1587,2924,1778,1,0.015156627
Warm C,257298,1578,1577,2924,1778,1,0.014177277
Warm C,252674,1530,1529,2924,1778,1,0.004152518
Warm C,245313,1481,1480,2924,1778,1,0.011772808
Warm C,244774,1473,1472,2924,1778,0,0.00547011
Warm C,237300,1443,1442,2924,1778,0,0.0017979887
Warm C,631834,3821,3820,2924,1778,0,0.011379615
Warm C,236769,1437,1436,2924,1778,1,0.008299228
Warm C,244522,1472,1471,2924,1778,1,0.007478824
Warm C,221646,1340,1339,2924,1778,0,0.0122745875
Warm C,208975,1274,1273,2924,1778,1,0.018468259
Warm C,206086,1264,1263,2924,1778,1,0.018746939
Warm C,199134,1223,1222,2924,1778,1,-0.0013199272
Warm C,244214,1470,1469,2924,1778,1,0.008576532
Warm C,294514,1749,1748,2924,1778,0,-0.00020656106
Warm C,186424,1152,1151,2924,1778,1,0.017661914
Warm C,185790,1150,1149,2924,1778,0,0.012586411
Warm C,177705,1119,1118,2924,1778,1,0.023076272
Warm C,173861,1100,1099,2924,1778,1,0.012178609
Warm C,191467,1181,1180,2924,1778,1,0.02139641
Warm C,203315,1246,1245,2924,1778,1,0.012158727
Warm C,153544,985,984,2924,1778,1,0.0091909785
Warm C,147138,948,947,2924,1778,1,9.2423405e-05
Warm C,260906,1594,1593,2924,1778,1,0.001638354
Warm C,217348,1317,1316,2924,1778,1,0.010094535
Warm C,157261,1010,1009,2924,1778,1,0.0142092155
Warm C,138839,889,888,2924,1778,1,0.011404556
Warm C,937027,5653,5652,2924,1778,0,0.012062861
Warm C,284532,1698,1697,2924,1778,1,0.012279391
Warm C,733608,4386,4385,2924,1778,0,0.01141583
Warm C,84534,550,549,2924,1778,0,0.012253236
Warm C,70940,476,475,2924,1778,1,0.002057129
Warm C,66198,442,441,2924,1778,1,0.010919813
Warm C,64997,436,435,2924,1778,1,0.005588949
Warm C,605378,3679,3678,2924,1778,0,-0.0010660589
Warm C,62218,420,419,2924,1778,1,0.012266971
Warm C,57009,385,384,2924,1778,1,-0.0016628245
Warm C,58182,392,391,2924,1778,1,0.008251717
Warm C,53285,351,350,2924,1778,1,0.008020513
Warm C,713396,4277,4276,2924,1778,0,0.0015872186
Warm C,34292,231,230,2924,1778,1,0.008574336
Warm C,30854,205,204,2924,1778,1,0.010234237
Warm C,34805,235,234,2924,1778,1,0.0067049284
Warm C,12371,93,92,2924,1778,0,0.00787335
Warm C,10985,81,80,2924,1778,1,0.012816848
Warm C,23829,169,168,2924,1778,0,0.013412051
Warm C,421244,2544,2543,2924,1778,0,0.0124601405
Warm C,230653,1395,1394,2924,1778,1,0.01162685
Warm C,152541,981,980,2924,1778,1,0.006489984
Warm C,480890,2952,2951,2924,1778,1,0.017042551
Warm C,371140,2168,2167,2924,1778,1,0.012815078
Warm C,467438,2880,2879,2924,1778,1,0.0044432646
Warm C,145926,937,936,2924,1778,1,0.0075429096
Warm C,232864,1415,1414,2924,1778,0,0.015566698
Warm C,907726,5492,5491,2924,1778,1,0.012217989
Warm C,805805,4823,4822,2924,1778,1,0.015540201
Warm C,418998,2529,2528,2924,1778,1,0.021423928
Warm C,804382,4816,4815,2924,1778,0,0.01367829
Warm C,825638,4958,4957,2924,1778,1,0.011688094
Warm C,881116,5322,5321,2924,1778,1,0.0062919613
Warm C,300585,1780,1779,2924,1778,0,0.016591374
Warm C,141698,911,910,2924,1778,0,0.017423984
Warm C,394675,2329,2328,2927,1780,0,0.004963218
Warm C,364195,2121,2120,2927,1780,1,-0.0030580184
Warm C,346725,2031,2030,2927,1780,0,0.0071240114
Warm C,313356,1869,1868,2927,1780,1,-0.0023779974
Warm C,305673,1819,1818,2927,1780,0,0.0012297181
Warm C,302719,1797,1796,2927,1780,1,0.0059244717
Warm C,292569,1741,1740,2927,1780,1,0.009125851
Warm C,346407,2030,2029,2927,1780,1,0.014062765
Warm C,253319,1540,1539,2927,1780,1,0.0016666853
Warm C,227463,1378,1377,2927,1780,1,-0.004933431
Warm C,228564,1383,1382,2927,1780,1,0.010673948
Warm C,229001,1387,1386,2927,1780,1,0.01380302
Warm C,218327,1323,1322,2927,1780,1,0.0032570544
Warm C,184471,1147,1146,2927,1780,1,0.0035740677
Warm C,316409,1883,1882,2927,1780,0,0.011096684
Warm C,182903,1140,1139,2927,1780,1,-0.006952431
Warm C,219554,1331,1330,2927,1780,1,0.0106987795
Warm C,191472,1181,1180,2927,1780,0,0.015962746
Warm C,144568,931,930,2927,1780,1,0.006049242
Warm C,138845,889,888,2927,1780,1,-0.0010691653
Warm C,112715,731,730,2927,1780,1,0.012328148
Warm C,95980,644,643,2927,1780,1,0.004948339
Warm C,86263,563,562,2927,1780,1,0.0019096921
Warm C,48892,327,326,2927,1780,0,0.007001511
Warm C,11454,88,87,2927,1780,1,0.0043383
Warm C,592206,3610,3609,2927,1780,0,0.006641698
Warm C,24490,173,172,2927,1780,1,0.005260337
Warm C,158685,1015,1014,2927,1780,1,0.010582327
Warm C,739463,4418,4417,2927,1780,1,-0.0024322127
Warm C,317061,1884,1883,2927,1780,1,0.008782795
Warm C,768865,4579,4578,2927,1780,1,0.01441237
Warm C,208976,1274,1273,2927,1780,1,0.00597053
Warm C,421247,2544,2543,2927,1780,0,0.023316268
Warm C,823380,4950,4949,2927,1780,0,0.011271127
Warm C,276479,1671,1670,2927,1780,1,0.0023370674
Warm C,176157,1113,1112,2927,1780,1,0.008275528
Warm C,497423,3054,3053,2927,1780,1,0.010769136
Warm C,290552,1733,1732,2927,1780,1,0.00850117
Warm C,839470,5046,5045,2927,1780,0,0.009740599
Warm C,240547,1449,1448,2928,1781,1,0.018989762
Warm C,84876,551,550,2928,1781,1,0.01620889
Warm C,308937,1837,1836,2928,1781,1,0.017663756
Warm C,32653,220,219,2928,1781,0,0.003045674
Warm C,34809,235,234,2928,1781,0,0.00976986
Warm C,15743,123,122,2928,1781,1,0.0020127604
Warm C,229760,1390,1389,2928,1781,1,0.011322831
Warm C,408440,2453,2452,2928,1781,1,0.013718153
Warm C,129705,839,838,2928,1781,1,0.017680231
Warm C,204764,1260,1259,2928,1781,1,0.014119768
Warm C,51528,338,337,2928,1781,0,0.014112681
Warm C,328746,1941,1940,2928,1781,0,0.0190399
Warm C,211380,1285,1284,2928,1781,0,0.0077858176
Warm C,157263,1010,1009,2928,1781,0,0.008467212
Warm C,174350,1101,1100,2928,1781,1,0.030346245
Warm C,713400,4277,4276,2928,1781,1,0.010954656
Warm C,575923,3520,3519,2928,1781,0,0.014790332
Warm C,428885,2609,2608,2932,1783,1,0.011601325
Warm C,323299,1916,1915,2932,1783,0,0.00221188
Warm C,302723,1797,1796,2932,1783,1,0.010712567
Warm C,298388,1768,1767,2932,1783,1,0.0023876084
Warm C,281007,1685,1684,2932,1783,0,0.0010544464
Warm C,282100,1692,1691,2932,1783,1,0.011722662
Warm C,273608,1649,1648,2932,1783,1,0.008744696
Warm C,346413,2030,2029,2932,1783,1,0.014758883
Warm C,294524,1749,1748,2932,1783,1,0.0025652791
Warm C,631843,3821,3820,2932,1783,1,0.0073873308
Warm C,325618,1926,1925,2932,1783,1,0.009057722
Warm C,320366,1899,1898,2932,1783,0,0.013681945
Warm C,208430,1273,1272,2932,1783,1,0.013672076
Warm C,220479,1335,1334,2932,1783,1,0.011075562
Warm C,207597,1268,1267,2932,1783,1,0.0033997293
Warm C,308946,1837,1836,2932,1783,1,0.015784483
Warm C,186255,1151,1150,2932,1783,1,0.015248972
Warm C,180483,1128,1127,2932,1783,1,0.0119772
Warm C,192005,1182,1181,2932,1783,1,0.0064023673
Warm C,191500,1181,1180,2932,1783,0,0.016617969
Warm C,222181,1343,1342,2932,1783,0,0.008842797
Warm C,713412,4277,4276,2932,1783,1,0.01368532
Warm C,138867,889,888,2932,1783,0,0.015213051
Warm C,135078,873,872,2932,1783,1,0.0011682296
Warm C,374910,2185,2184,2932,1783,1,0.0044834167
Warm C,329602,1943,1942,2932,1783,1,0.0098080505
Warm C,211405,1285,1284,2932,1783,1,0.013883719
Warm C,46089,308,307,2932,1783,0,0.009562996
Warm C,35366,238,237,2932,1783,0,0.007644571
Warm C,12749,97,96,2932,1783,1,0.00601138
Warm C,4951,35,34,2932,1783,1,0.003115513
Warm C,357730,2092,2091,2932,1783,1,0.019143894
Warm C,421258,2544,2543,2932,1783,0,0.015642367
Warm C,4524,33,32,2932,1783,0,0.007837543
Warm C,284966,1699,1698,2932,1783,1,0.010048885
Warm C,607802,3688,3687,2932,1783,1,0.008085619
Warm C,158707,1015,1014,2932,1783,1,0.013246594
Warm C,522999,3224,3223,2932,1783,1,0.0054269605
Warm C,20480,150,149,2932,1783,1,0.008903276
Warm C,249968,1505,1504,2932,1783,0,0.010159764
Warm C,317071,1884,1883,2932,1783,1,0.012275209
Warm C,451558,2779,2778,2932,1783,1,0.00096197205
Warm C,416961,2507,2506,2932,1783,1,0.01822776
Warm C,369276,2159,2158,2932,1783,1,0.009413204
Warm C,208983,1274,1273,2932,1783,1,0.014088389
Warm C,680803,4079,4078,2932,1783,1,0.010246007
Warm C,24501,173,172,2932,1783,1,0.00847835
Warm C,255649,1556,1555,2932,1783,1,0.0182488
Warm C,564761,3471,3470,2932,1783,0,0.01855387
Warm C,452160,2784,2783,2932,1783,1,0.004195638
Warm C,319615,1897,1896,2932,1783,1,0.012922529
Warm C,993933,6002,6001,2932,1783,0,0.008778234
Warm C,343791,2018,2017,2932,1783,1,0.009579552
Warm C,197484,1211,1210,2932,1783,1,0.004958621
Warm C,739467,4418,4417,2932,1783,1,0.0070540775
Warm C,160455,1019,1018,2932,1783,1,0.014831917
Warm C,657693,3963,3962,2932,1783,0,0.009947201
Warm C,839482,5046,5045,2932,1783,0,0.013171119
Warm C,553056,3402,3401,2935,1784,1,0.0045423675
Warm C,551354,3394,3393,2935,1784,1,0.016029093
Warm C,533673,3292,3291,2935,1784,1,0.006330071
Warm C,523593,3227,3226,2935,1784,1,0.009029441
Warm C,495266,3039,3038,2935,1784,1,0.0015978527
Warm C,492203,3026,3025,2935,1784,1,0.007468719
Warm C,497432,3054,3053,2935,1784,1,0.01732592
Warm C,482910,2967,2966,2935,1784,1,0.021345586
Warm C,530607,3278,3277,2935,1784,1,0.013915643
Warm C,462080,2849,2848,2935,1784,1,0.016381126
Warm C,459246,2826,2825,2935,1784,1,0.009338411
Warm C,435287,2659,2658,2935,1784,1,0.0044521196
Warm C,421261,2544,2543,2935,1784,1,0.007920374
Warm C,419181,2531,2530,2935,1784,0,0.009347478
Warm C,425462,2581,2580,2935,1784,1,0.015867997
Warm C,416964,2507,2506,2935,1784,1,0.022578925
Warm C,405464,2428,2427,2935,1784,1,0.0047380407
Warm C,403171,2407,2406,2935,1784,1,0.009687742
Warm C,400556,2383,2382,2935,1784,1,0.009655509
Warm C,394676,2329,2328,2935,1784,1,0.016021337
Warm C,381809,2231,2230,2935,1784,1,0.012507936
Warm C,364198,2121,2120,2935,1784,0,-0.0017157182
Warm C,354355,2073,2072,2935,1784,1,0.015316594
Warm C,374449,2181,2180,2935,1784,0,0.020750266
Warm C,347533,2038,2037,2935,1784,1,0.007813256
Warm C,346414,2030,2029,2935,1784,1,0.021164438
Warm C,334803,1974,1973,2935,1784,1,0.014189616
Warm C,321092,1903,1902,2935,1784,1,0.011997873
Warm C,327268,1939,1938,2935,1784,0,0.01643088
Warm C,320368,1899,1898,2935,1784,1,0.015740113
Warm C,302724,1797,1796,2935,1784,1,-0.0007436045
Warm C,301571,1791,1790,2935,1784,0,0.015383328
Warm C,314227,1875,1874,2935,1784,1,0.021130731
Warm C,286029,1706,1705,2935,1784,1,0.0057589826
Warm C,282403,1693,1692,2935,1784,1,0.008126626
Warm C,293978,1748,1747,2935,1784,0,0.012893088
Warm C,276488,1671,1670,2935,1784,0,0.024237508
Warm C,292580,1741,1740,2935,1784,1,0.017133355
Warm C,289533,1727,1726,2935,1784,1,0.0038679424
Warm C,273798,1650,1649,2935,1784,1,0.005925234
Warm C,229004,1387,1386,2935,1784,1,0.011307242
Warm C,208985,1274,1273,2935,1784,0,0.0133774495
Warm C,208432,1273,1272,2935,1784,0,0.015383898
Warm C,199655,1224,1223,2935,1784,1,0.012481753
Warm C,193020,1191,1190,2935,1784,1,0.0096939355
Warm C,184475,1147,1146,2935,1784,1,0.013371857
Warm C,316414,1883,1882,2935,1784,1,0.0075467145
Warm C,183369,1141,1140,2935,1784,1,0.0026392802
Warm C,169148,1073,1072,2935,1784,1,0.0033558111
Warm C,165061,1052,1051,2935,1784,1,0.012143202
Warm C,158708,1015,1014,2935,1784,1,0.015842075
Warm C,246499,1489,1488,2935,1784,0,0.020647917
Warm C,144570,931,930,2935,1784,1,0.016258132
Warm C,162395,1034,1033,2935,1784,1,0.0010465803
Warm C,138871,889,888,2935,1784,1,0.017569795
Warm C,132910,857,856,2935,1784,1,0.0124900285
Warm C,128865,837,836,2935,1784,0,0.0126514975
Warm C,374912,2185,2184,2935,1784,1,0.010787853
Warm C,125386,806,805,2935,1784,1,0.01430824
Warm C,112727,731,730,2935,1784,1,0.013762752
Warm C,106340,699,698,2935,1784,1,0.013312202
Warm C,98200,656,655,2935,1784,1,0.0178577
Warm C,317074,1884,1883,2935,1784,1,0.014308678
Warm C,424433,2574,2573,2935,1784,1,0.011257326
Warm C,59960,408,407,2935,1784,1,0.015228504
Warm C,211410,1285,1284,2935,1784,1,0.01221641
Warm C,34816,235,234,2935,1784,1,0.012499473
Warm C,482055,2962,2961,2935,1784,0,0.014272476
Warm C,18810,146,145,2935,1784,0,0.0038485564
Warm C,235290,1425,1424,2935,1784,1,0.013102425
Warm C,592218,3610,3609,2935,1784,0,0.0005727231
Warm C,4176,31,30,2935,1784,1,0.009029286
Warm C,739468,4418,4417,2935,1784,1,-0.004369686
Warm C,384799,2247,2246,2935,1784,1,0.014096784
Warm C,217362,1317,1316,2935,1784,1,0.021010838
Warm C,18253,140,139,2935,1784,0,-0.010078147
Warm C,922867,5573,5572,2935,1784,1,0.010076869
Warm C,24504,173,172,2935,1784,1,0.016577104
Warm C,635701,3832,3831,2935,1784,1,0.013979597
Warm C,991801,5991,5990,2935,1784,1,0.0083422735
Warm C,322738,1912,1911,2935,1784,0,0.008679942
Warm C,172119,1088,1087,2935,1784,1,0.020390581
Warm C,491254,3020,3019,2935,1784,1,0.0026884428
Warm C,295783,1755,1754,2935,1784,1,0.016491544
Warm C,13189,102,101,2935,1784,1,0.010697046
Warm C,916784,5539,5538,2936,1785,1,0.014348317
Warm C,526292,3253,3252,2936,1785,1,0.0060599367
Warm C,495267,3039,3038,2936,1785,1,-0.007411508
Warm C,491853,3025,3024,2936,1785,1,0.01775014
Warm C,488186,3002,3001,2936,1785,1,-0.00059814705
Warm C,497433,3054,3053,2936,1785,1,0.018965159
Warm C,768870,4579,4578,2936,1785,1,0.021613799
Warm C,484193,2978,2977,2936,1785,1,0.0014130874
Warm C,476931,2928,2927,2936,1785,1,0.017750774
Warm C,530608,3278,3277,2936,1785,1,0.0011111535
Warm C,472918,2907,2906,2936,1785,0,0.012514284
Warm C,466215,2874,2873,2936,1785,0,-0.0021522662
Warm C,459247,2826,2825,2936,1785,1,0.015165401
Warm C,455960,2807,2806,2936,1785,1,0.01554163
Warm C,451560,2779,2778,2936,1785,1,0.006334589
Warm C,447040,2753,2752,2936,1785,1,0.013918943
Warm C,432245,2634,2633,2936,1785,1,0.016909853
Warm C,416965,2507,2506,2936,1785,1,0.023605574
Warm C,405465,2428,2427,2936,1785,1,0.002219148
Warm C,403172,2407,2406,2936,1785,1,0.009979288
Warm C,385435,2251,2250,2936,1785,1,0.011681079
Warm C,381810,2231,2230,2936,1785,1,0.016512278
Warm C,419380,2534,2533,2936,1785,1,0.0061166175
Warm C,364199,2121,2120,2936,1785,0,0.0032601492
Warm C,362283,2111,2110,2936,1785,1,0.020332377
Warm C,374451,2181,2180,2936,1785,1,0.02038763
Warm C,347534,2038,2037,2936,1785,0,-0.00021792029
Warm C,346728,2031,2030,2936,1785,1,0.012184428
Warm C,357735,2092,2091,2936,1785,0,0.008294839
Warm C,345217,2024,2023,2936,1785,0,-6.3479645e-05
Warm C,343796,2018,2017,2936,1785,1,0.0152445985
Warm C,339732,2002,2001,2936,1785,1,0.012602268
Warm C,333566,1968,1967,2936,1785,0,0.015548438
Warm C,321093,1903,1902,2936,1785,1,0.013058364
Warm C,329832,1945,1944,2936,1785,0,0.004680997
Warm C,313674,1872,1871,2936,1785,1,0.010782762
Warm C,302725,1797,1796,2936,1785,1,0.0053883446
Warm C,299354,1777,1776,2936,1785,1,0.014156537
Warm C,286030,1706,1705,2936,1785,1,0.011870839
Warm C,289534,1727,1726,2936,1785,1,0.015763858
Warm C,266848,1618,1617,2936,1785,0,0.0014902235
Warm C,259141,1586,1585,2936,1785,1,0.013152301
Warm C,252085,1525,1524,2936,1785,0,0.009127203
Warm C,346415,2030,2029,2936,1785,1,0.010511745
Warm C,225906,1368,1367,2936,1785,1,0.0060860086
Warm C,222802,1348,1347,2936,1785,1,0.014743769
Warm C,218149,1322,1321,2936,1785,0,0.00814278
Warm C,209268,1278,1277,2936,1785,1,0.009161373
Warm C,208986,1274,1273,2936,1785,1,0.016425021
Warm C,208433,1273,1272,2936,1785,1,0.011380194
Warm C,199656,1224,1223,2936,1785,1,0.016557345
Warm C,213711,1298,1297,2936,1785,1,0.0068441955
Warm C,184476,1147,1146,2936,1785,1,0.010333367
Warm C,212572,1294,1293,2936,1785,1,0.005384906
Warm C,316416,1883,1882,2936,1785,1,0.015295802
Warm C,182912,1140,1139,2936,1785,1,0.017702065
Warm C,191506,1181,1180,2936,1785,1,0.025248468
Warm C,160459,1019,1018,2936,1785,0,0.010306209
Warm C,158711,1015,1014,2936,1785,1,0.017782519
Warm C,320370,1899,1898,2936,1785,1,0.019743435
Warm C,246500,1489,1488,2936,1785,0,0.018219598
Warm C,260910,1594,1593,2936,1785,0,0.006055262
Warm C,138874,889,888,2936,1785,1,0.021390524
Warm C,462081,2849,2848,2936,1785,1,0.012353936
Warm C,374913,2185,2184,2936,1785,1,0.0073303888
Warm C,263724,1605,1604,2936,1785,0,0.011706322
Warm C,125387,806,805,2936,1785,1,0.0042471755
Warm C,101768,677,676,2936,1785,1,0.018162392
Warm C,240569,1449,1448,2936,1785,1,0.018872418
Warm C,317075,1884,1883,2936,1785,1,0.018755091
Warm C,92936,622,621,2936,1785,1,0.0013878411
Warm C,284553,1698,1697,2936,1785,1,0.015553703
Warm C,228578,1383,1382,2936,1785,1,0.015511775
Warm C,77027,523,522,2936,1785,1,0.012116928
Warm C,69890,471,470,2936,1785,1,0.0094034495
Warm C,69560,466,465,2936,1785,1,0.011352579
Warm C,34818,235,234,2936,1785,1,0.009698901
Warm C,30857,205,204,2936,1785,1,0.013694752
Warm C,27622,193,192,2936,1785,0,0.014273034
Warm C,412192,2478,2477,2936,1785,0,0.016882062
Warm C,13575,107,106,2936,1785,0,0.006772811
Warm C,12752,97,96,2936,1785,1,0.008621723
Warm C,592220,3610,3609,2936,1785,0,0.018165827
Warm C,4177,31,30,2936,1785,0,0.0017736128
Warm C,421262,2544,2543,2936,1785,1,0.016404036
Warm C,450088,2775,2774,2936,1785,1,0.009308534
Warm C,67590,453,452,2936,1785,1,0.010769433
Warm C,18254,140,139,2936,1785,1,0.010534087
Warm C,24506,173,172,2936,1785,1,0.017950926
Warm C,174361,1101,1100,2936,1785,0,0.016517423
Warm C,195782,1203,1202,2936,1785,0,0.022483557
Warm C,293979,1748,1747,2936,1785,1,0.017859522
Warm C,127980,827,826,2936,1785,1,0.004205826
Warm C,448585,2764,2763,2936,1785,1,0.017911319
Warm C,371149,2168,2167,2936,1785,1,0.008093547
Warm C,18812,146,145,2936,1785,1,0.0076501667
Warm C,172121,1088,1087,2936,1785,1,0.020821474
Warm C,322739,1912,1911,2936,1785,0,0.0048362585
Warm C,63429,424,423,2936,1785,1,0.018409226
Warm C,958913,5787,5786,2936,1785,1,0.014798593
Warm C,877058,5300,5299,2936,1785,1,0.010197981
Warm C,381811,2231,2230,2937,1786,1,0.020259598
Warm C,419381,2534,2533,2937,1786,1,0.00014684745
Warm C,347535,2038,2037,2937,1786,0,0.012470707
Warm C,345551,2026,2025,2937,1786,1,0.011370247
Warm C,346416,2030,2029,2937,1786,1,0.017859977
Warm C,327269,1939,1938,2937,1786,1,0.0066448036
Warm C,321094,1903,1902,2937,1786,1,0.009065347
Warm C,301572,1791,1790,2937,1786,1,0.007870522
Warm C,229006,1387,1386,2937,1786,0,0.012724321
Warm C,320373,1899,1898,2937,1786,1,0.017583638
Warm C,208988,1274,1273,2937,1786,1,0.019318908
Warm C,199657,1224,1223,2937,1786,1,0.015618745
Warm C,184477,1147,1146,2937,1786,1,0.012260199
Warm C,212573,1294,1293,2937,1786,1,0.0045399684
Warm C,316417,1883,1882,2937,1786,1,0.016063092
Warm C,405466,2428,2427,2937,1786,1,0.007155597
Warm C,165062,1052,1051,2937,1786,1,0.0066915653
Warm C,272404,1645,1644,2937,1786,1,0.009426088
Warm C,162396,1034,1033,2937,1786,1,0.008674619
Warm C,158713,1015,1014,2937,1786,1,0.020467032
Warm C,246502,1489,1488,2937,1786,0,0.015535717
Warm C,144572,931,930,2937,1786,1,0.014581104
Warm C,138878,889,888,2937,1786,1,0.021840569
Warm C,132911,857,856,2937,1786,1,0.0031906173
Warm C,374914,2185,2184,2937,1786,1,0.0132112745
Warm C,125388,806,805,2937,1786,1,0.0048194034
Warm C,112729,731,730,2937,1786,1,0.027391087
Warm C,120173,776,775,2937,1786,0,0.0009971517
Warm C,96034,645,644,2937,1786,1,0.015560247
Warm C,69561,466,465,2937,1786,1,0.0076046125
Warm C,50684,333,332,2937,1786,1,0.010776614
Warm C,34819,235,234,2937,1786,1,0.016750945
Warm C,412193,2478,2477,2937,1786,0,0.01508976
Warm C,12753,97,96,2937,1786,1,0.0062074442
Warm C,739469,4418,4417,2937,1786,1,0.010065649
Warm C,482057,2962,2961,2937,1786,0,0.014990685
Warm C,460878,2841,2840,2937,1786,0,0.017063979
Warm C,18255,140,139,2937,1786,1,0.0071261013
Warm C,24508,173,172,2937,1786,1,0.006014535
Warm C,232615,1413,1412,2937,1786,1,0.009681135
Warm C,322741,1912,1911,2937,1786,0,0.014353251
Warm C,969118,5841,5840,2937,1786,1,0.016377628
Warm C,27623,193,192,2937,1786,0,0.017473081
Warm C,23842,169,168,2937,1786,1,0.014880184
Warm C,416980,2507,2506,2940,1787,1,0.020063967
Warm C,364203,2121,2120,2940,1787,0,0.0016324245
Warm C,347545,2038,2037,2940,1787,1,0.012908936
Warm C,346425,2030,2029,2940,1787,1,0.003792822
Warm C,339734,2002,2001,2940,1787,1,-0.0027797618
Warm C,335106,1977,1976,2940,1787,0,0.010885814
Warm C,325630,1926,1925,2940,1787,1,0.008907768
Warm C,316426,1883,1882,2940,1787,1,0.0071684998
Warm C,284974,1699,1698,2940,1787,1,0.005264342
Warm C,252086,1525,1524,2940,1787,0,-0.0024865088
Warm C,245081,1476,1475,2940,1787,1,0.0009393152
Warm C,237450,1446,1445,2940,1787,1,0.0030907919
Warm C,229008,1387,1386,2940,1787,1,0.003807574
Warm C,204272,1258,1257,2940,1787,1,0.0071046813
Warm C,165364,1053,1052,2940,1787,1,-0.00486245
Warm C,161107,1026,1025,2940,1787,0,0.00025208504
Warm C,153872,989,988,2940,1787,1,-0.008383009
Warm C,235969,1428,1427,2940,1787,1,-0.00035828166
Warm C,144573,931,930,2940,1787,1,0.0032228846
Warm C,138910,889,888,2940,1787,0,0.0052054515
Warm C,201821,1242,1241,2940,1787,1,0.016843013
Warm C,131380,850,849,2940,1787,1,0.009393773
Warm C,128381,830,829,2940,1787,1,0.008139111
Warm C,125389,806,805,2940,1787,0,0.0057740984
Warm C,379019,2213,2212,2940,1787,1,0.0032887566
Warm C,374475,2181,2180,2940,1787,1,0.012837375
Warm C,163212,1043,1042,2940,1787,1,0.002063026
Warm C,314240,1875,1874,2940,1787,1,-0.005414022
Warm C,319631,1897,1896,2940,1787,1,0.0024067832
Warm C,61426,412,411,2940,1787,1,0.00029298873
Warm C,228600,1383,1382,2940,1787,0,0.011522643
Warm C,45120,304,303,2940,1787,1,0.0048905155
Warm C,482072,2962,2961,2940,1787,1,0.005548416
Warm C,13946,112,111,2940,1787,1,0.0008990979
Warm C,592236,3610,3609,2940,1787,0,-0.000993965
Warm C,9431,62,61,2940,1787,1,-0.003331991
Warm C,739472,4418,4417,2940,1787,1,0.011052012
Warm C,384804,2247,2246,2940,1787,0,-0.0042270846
Warm C,18824,146,145,2940,1787,1,-0.0007012426
Warm C,821630,4940,4939,2940,1787,0,0.00729628
Warm C,18257,140,139,2940,1787,0,0.0015933774
Warm C,421670,2547,2546,2940,1787,1,-0.00056886126
Warm C,421281,2544,2543,2940,1787,0,0.0040846528
Warm C,191540,1181,1180,2940,1787,0,0.003295651
Warm C,841303,5054,5053,2940,1787,1,0.0077261375
Warm C,172142,1088,1087,2940,1787,0,0.011175314
Warm C,882254,5329,5328,2940,1787,1,-0.0046090335
Warm C,661607,3989,3988,2943,1790,1,0.008108193
Warm C,653758,3940,3939,2943,1790,1,0.009355171
Warm C,635286,3829,3828,2943,1790,0,0.0037038843
Warm C,632701,3823,3822,2943,1790,1,0.006946683
Warm C,638678,3841,3840,2943,1790,1,0.0016893446
Warm C,619112,3751,3750,2943,1790,1,0.012098406
Warm C,614271,3720,3719,2943,1790,0,0.0075002965
Warm C,611440,3705,3704,2943,1790,1,0.009376382
Warm C,597606,3635,3634,2943,1790,0,0.0038746642
Warm C,594415,3618,3617,2943,1790,0,0.0013205614
Warm C,581058,3547,3546,2943,1790,1,0.008268243
Warm C,644287,3882,3881,2943,1790,0,0.003799982
Warm C,713434,4277,4276,2943,1790,1,0.010809606
Warm C,554261,3410,3409,2943,1790,0,0.009735929
Warm C,549546,3390,3389,2943,1790,1,-0.00016772328
Warm C,544891,3359,3358,2943,1790,0,0.009461531
Warm C,748023,4465,4464,2943,1790,0,0.00516213
Warm C,524257,3231,3230,2943,1790,1,0.0022991586
Warm C,523030,3224,3223,2943,1790,0,-0.0023122667
Warm C,523952,3229,3228,2943,1790,1,-0.001144391
Warm C,521594,3217,3216,2943,1790,1,0.0046658455
Warm C,509960,3140,3139,2943,1790,1,0.0032802285
Warm C,509288,3135,3134,2943,1790,1,-0.0049647903
Warm C,505353,3108,3107,2943,1790,1,0.005494974
Warm C,496238,3049,3048,2943,1790,1,0.00046128314
Warm C,485368,2986,2985,2943,1790,0,0.008885561
Warm C,852744,5113,5112,2943,1790,0,-0.00025212322
Warm C,447053,2753,2752,2943,1790,0,-0.0053645037
Warm C,444009,2737,2736,2943,1790,0,0.0050257435
Warm C,444138,2738,2737,2943,1790,1,0.0016891954
Warm C,438045,2676,2675,2943,1790,1,0.0049839565
Warm C,424078,2570,2569,2943,1790,1,0.010816002
Warm C,422275,2556,2555,2943,1790,1,0.0022398157
Warm C,425470,2581,2580,2943,1790,1,0.0021415588
Warm C,416186,2506,2505,2943,1790,1,0.0010690145
Warm C,416988,2507,2506,2943,1790,1,0.002477338
Warm C,406630,2439,2438,2943,1790,0,-0.0021552043
Warm C,398367,2368,2367,2943,1790,1,-0.00070179417
Warm C,397129,2351,2350,2943,1790,1,-0.0018811205
Warm C,396040,2340,2339,2943,1790,1,0.009347032
Warm C,392811,2306,2305,2943,1790,1,0.004105184
Warm C,323311,1916,1915,2943,1790,1,0.0003271656
Warm C,318730,1894,1893,2943,1790,1,-0.0022758888
Warm C,317097,1884,1883,2943,1790,1,0.0047345962
Warm C,286481,1711,1710,2943,1790,1,0.0018237995
Warm C,310216,1845,1844,2943,1790,0,0.0002500168
Warm C,292595,1741,1740,2943,1790,1,0.009207211
Warm C,276501,1671,1670,2943,1790,1,0.00033963262
Warm C,258791,1585,1584,2943,1790,1,0.0040037856
Warm C,264777,1609,1608,2943,1790,0,-0.00083728903
Warm C,245082,1476,1475,2943,1790,0,0.00034558587
Warm C,241721,1455,1454,2943,1790,1,-0.0008688753
Warm C,241526,1451,1450,2943,1790,0,0.006520737
Warm C,319633,1897,1896,2943,1790,1,0.0021130615
Warm C,446212,2751,2750,2943,1790,1,0.0015703709
Warm C,203915,1254,1253,2943,1790,1,-0.0031673769
Warm C,316430,1883,1882,2943,1790,0,0.009192878
Warm C,151774,975,974,2943,1790,1,0.008137534
Warm C,148887,957,956,2943,1790,1,0.009821193
Warm C,195802,1203,1202,2943,1790,0,0.0109901605
Warm C,138918,889,888,2943,1790,0,0.005047051
Warm C,253190,1538,1537,2943,1790,1,-0.0017561391
Warm C,263749,1605,1604,2943,1790,0,0.0045833155
Warm C,111381,724,723,2943,1790,0,0.00010271603
Warm C,104018,691,690,2943,1790,1,-0.002874252
Warm C,101028,673,672,2943,1790,1,0.005242647
Warm C,98003,655,654,2943,1790,1,0.0016803008
Warm C,94033,630,629,2943,1790,1,0.006796428
Warm C,169150,1073,1072,2943,1790,1,0.0043882914
Warm C,284576,1698,1697,2943,1790,1,0.0048162392
Warm C,432254,2634,2633,2943,1790,1,0.010737592
Warm C,228605,1383,1382,2943,1790,1,0.008518929
Warm C,84580,550,549,2943,1790,0,0.005639417
Warm C,68926,461,460,2943,1790,0,0.008724371
Warm C,61430,412,411,2943,1790,1,0.0008584885
Warm C,56858,382,381,2943,1790,0,0.005298686
Warm C,55430,367,366,2943,1790,1,0.0022889078
Warm C,54822,358,357,2943,1790,0,0.007633377
Warm C,132740,855,854,2943,1790,1,0.008159464
Warm C,51715,339,338,2943,1790,1,0.008077509
Warm C,48907,327,326,2943,1790,1,-0.00041067624
Warm C,696813,4169,4168,2943,1790,0,0.0045786435
Warm C,39401,267,266,2943,1790,0,0.006054088
Warm C,152549,981,980,2943,1790,0,0.004877384
Warm C,16010,126,125,2943,1790,1,0.0010845417
Warm C,9975,69,68,2943,1790,1,0.006439203
Warm C,7958,53,52,2943,1790,1,0.005748098
Warm C,170,2,1,2943,1790,1,0.0039168964
Warm C,76464,518,517,2943,1790,1,0.0010836336
Warm C,158743,1015,1014,2943,1790,1,8.027139e-05
Warm C,167144,1063,1062,2943,1790,1,0.006323628
Warm C,336437,1980,1979,2943,1790,1,-0.0015672046
Warm C,680822,4079,4078,2943,1790,1,0.006223739
Warm C,803264,4809,4808,2943,1790,1,0.0011638822
Warm C,558707,3430,3429,2943,1790,1,0.005763213
Warm C,187842,1164,1163,2943,1790,1,0.014992364
Warm C,447708,2760,2759,2943,1790,0,0.008187822
Warm C,801541,4802,4801,2943,1790,1,0.0074055204
Warm C,172150,1088,1087,2943,1790,1,0.003543892
Warm C,8862,59,58,2943,1790,1,-0.0020746195
Warm C,465854,2872,2871,2952,1798,1,0.0036257412
Warm C,461168,2844,2843,2952,1798,0,0.01391494
Warm C,459378,2828,2827,2952,1798,1,0.0001284891
Warm C,458349,2820,2819,2952,1798,0,7.878058e-06
Warm C,595025,3620,3619,2952,1798,1,0.005495061
Warm C,796184,4771,4770,2952,1798,1,0.0073281582
Warm C,452625,2786,2785,2952,1798,1,0.004698017
Warm C,441398,2703,2702,2952,1798,1,0.00931378
Warm C,696834,4169,4168,2952,1798,1,0.007332872
Warm C,439758,2687,2686,2952,1798,1,0.0027139443
Warm C,431260,2627,2626,2952,1798,1,-0.00600885
Warm C,408496,2453,2452,2952,1798,1,0.0008012885
Warm C,401094,2389,2388,2952,1798,0,0.0071163145
Warm C,367168,2142,2141,2952,1798,1,0.014569673
Warm C,351217,2062,2061,2952,1798,1,0.003114087
Warm C,349649,2051,2050,2952,1798,1,0.0075437007
Warm C,344324,2020,2019,2952,1798,1,0.011083558
Warm C,334108,1969,1968,2952,1798,0,0.0071696895
Warm C,329648,1943,1942,2952,1798,1,0.008154521
Warm C,325082,1925,1924,2952,1798,1,-0.0010049413
Warm C,327280,1939,1938,2952,1798,1,0.002470518
Warm C,298867,1775,1774,2952,1798,0,-5.2311458e-05
Warm C,266929,1620,1619,2952,1798,1,0.0042627584
Warm C,256908,1571,1570,2952,1798,1,0.0005614086
Warm C,333594,1968,1967,2952,1798,0,0.0054693483
Warm C,631883,3821,3820,2952,1798,1,0.0025409942
Warm C,317121,1884,1883,2952,1798,1,0.007971846
Warm C,220110,1333,1332,2952,1798,1,0.0015643602
Warm C,296657,1758,1757,2952,1798,1,0.005526351
Warm C,289568,1727,1726,2952,1798,1,0.0013664048
Warm C,206136,1264,1263,2952,1798,1,0.007841339
Warm C,308231,1836,1835,2952,1798,1,0.008954113
Warm C,211470,1285,1284,2952,1798,1,0.0023862228
Warm C,280105,1680,1679,2952,1798,0,-0.00023270119
Warm C,192023,1182,1181,2952,1798,1,0.010196356
Warm C,186712,1155,1154,2952,1798,0,-0.010299688
Warm C,185890,1150,1149,2952,1798,0,0.0017636116
Warm C,178785,1121,1120,2952,1798,1,0.0007104082
Warm C,184179,1146,1145,2952,1798,0,0.0024398458
Warm C,191589,1181,1180,2952,1798,0,0.0013862704
Warm C,158776,1015,1014,2952,1798,1,0.00060358783
Warm C,149298,960,959,2952,1798,1,-0.00539793
Warm C,221716,1340,1339,2952,1798,0,0.013352331
Warm C,271172,1639,1638,2952,1798,0,0.0163202
Warm C,143966,928,927,2952,1798,1,-0.0057539833
Warm C,143397,924,923,2952,1798,1,0.010068213
Warm C,157332,1010,1009,2952,1798,0,0.008001501
Warm C,233538,1420,1419,2952,1798,0,0.0052635544
Warm C,132152,854,853,2952,1798,0,0.0040296447
Warm C,128463,831,830,2952,1798,1,0.00010718801
Warm C,298240,1767,1766,2952,1798,1,0.0026912268
Warm C,125121,802,801,2952,1798,1,0.01268611
Warm C,223128,1352,1351,2952,1798,0,-0.00072306395
Warm C,108377,710,709,2952,1798,1,0.0018262214
Warm C,105318,696,695,2952,1798,1,-0.0036342426
Warm C,392946,2307,2306,2952,1798,1,0.0045500537
Warm C,240635,1449,1448,2952,1798,0,0.007414165
Warm C,103558,687,686,2952,1798,0,0.0067492765
Warm C,99136,660,659,2952,1798,1,0.0069197943
Warm C,92872,621,620,2952,1798,1,0.0029346943
Warm C,92641,620,619,2952,1798,0,-0.00125654
Warm C,89665,590,589,2952,1798,1,-0.0016351842
Warm C,236782,1437,1436,2952,1798,1,0.011361256
Warm C,308989,1837,1836,2952,1798,0,0.00042785192
Warm C,261294,1597,1596,2952,1798,0,0.005014809
Warm C,464405,2860,2859,2952,1798,1,0.012552969
Warm C,83624,549,548,2952,1798,1,0.00027239416
Warm C,73014,493,492,2952,1798,1,0.00035124936
Warm C,378515,2208,2207,2952,1798,1,-0.0026824414
Warm C,317999,1889,1888,2952,1798,0,-0.00021657674
Warm C,258018,1579,1578,2952,1798,1,0.01322148
Warm C,38418,261,260,2952,1798,1,0.0032928414
Warm C,37935,259,258,2952,1798,0,0.006440982
Warm C,33679,225,224,2952,1798,1,0.002182099
Warm C,30874,205,204,2952,1798,0,0.0017554113
Warm C,28580,196,195,2952,1798,1,0.008963986
Warm C,16351,129,128,2952,1798,1,0.010967853
Warm C,13793,110,109,2952,1798,1,0.008206239
Warm C,7981,53,52,2952,1798,1,-0.0033308542
Warm C,25018,175,174,2952,1798,1,0.0041586775
Warm C,367,5,4,2952,1798,0,-0.0014739889
Warm C,805822,4823,4822,2952,1798,0,0.0033266237
Warm C,104613,692,691,2952,1798,1,0.009981141
Warm C,3070,23,22,2952,1798,0,0.006923477
Warm C,207215,1266,1265,2952,1798,1,0.017277976
Warm C,20215,149,148,2952,1798,1,0.002930693
Warm C,50374,331,330,2952,1798,1,0.0006700163
Warm C,470209,2895,2894,2952,1798,1,0.010465947
Warm C,286949,1712,1711,2952,1798,0,0.013326032
Warm C,129766,839,838,2952,1798,1,0.0062781265
Warm C,113833,737,736,2952,1798,1,0.00698573
Warm C,572556,3507,3506,2952,1798,1,0.0066687474
Warm C,242028,1457,1456,2952,1798,0,0.0038092884
Warm C,204807,1260,1259,2952,1798,1,0.010385741
Warm C,16176,127,126,2952,1798,0,0.01037598
Warm C,246997,1491,1490,2952,1798,0,-0.0043509523
Warm C,203727,1252,1251,2952,1798,1,-0.0045813764
Warm C,355248,2077,2076,2952,1798,1,0.008855071
Warm C,905395,5475,5474,2952,1798,1,0.007507368
Warm C,245928,1484,1483,2952,1798,1,0.00213168
Warm C,232628,1413,1412,2952,1798,1,0.0067963754
Warm C,565847,3475,3474,2952,1798,0,0.011011643
Warm C,206513,1265,1264,2952,1798,1,0.008261025
Warm C,361190,2106,2105,2952,1798,1,-0.0027137094
Warm C,343826,2018,2017,2952,1798,1,0.01637678
Warm C,348284,2041,2040,2952,1798,1,-0.0033207375
Warm C,893122,5394,5393,2952,1798,1,0.0058428207
Warm C,451890,2781,2780,2952,1798,1,0.003187083
Warm C,271882,1643,1642,2952,1798,1,0.007343144
Warm C,933665,5636,5635,2952,1798,0,0.013529198
Warm C,609411,3693,3692,2952,1798,1,0.011933848
Warm C,23886,169,168,2952,1798,0,0.013946943
Warm C,144429,930,929,2952,1798,0,-0.0030071256
Warm C,290621,1733,1732,2952,1798,1,-0.0021528676
Warm C,688463,4117,4116,2952,1798,1,0.0060974043
Warm C,63503,424,423,2952,1798,1,0.008020843
Warm C,238372,1447,1446,2952,1798,1,0.011233262
Warm C,160510,1019,1018,2952,1798,0,0.015187038
Warm C,233741,1421,1420,2952,1798,1,0.0041812463
Warm C,116680,752,751,2952,1798,0,0.017159242
Warm C,322791,1912,1911,2952,1798,0,0.004844101
Warm C,532453,3285,3284,2952,1798,1,-0.004905777
Warm C,372713,2176,2175,2952,1798,1,0.009474133
Warm C,564813,3471,3470,2952,1798,1,0.008826918
Warm C,215161,1303,1302,2952,1798,0,0.0072190734
Warm C,215753,1306,1305,2952,1798,1,0.0017873682
Warm C,637171,3836,3835,2956,1800,1,0.014217915
Warm C,635306,3829,3828,2956,1800,0,0.008943284
Warm C,630020,3808,3807,2956,1800,0,0.019189902
Warm C,638715,3841,3840,2956,1800,1,0.012278308
Warm C,623152,3770,3769,2956,1800,0,0.021105815
Warm C,619655,3754,3753,2956,1800,1,0.010077977
Warm C,617858,3742,3741,2956,1800,0,0.01914721
Warm C,611470,3705,3704,2956,1800,0,0.018892292
Warm C,604612,3675,3674,2956,1800,0,0.0056794584
Warm C,594457,3618,3617,2956,1800,0,0.0071775243
Warm C,596987,3626,3625,2956,1800,0,0.0029701344
Warm C,588215,3589,3588,2956,1800,0,0.0093908645
Warm C,581594,3551,3550,2956,1800,1,0.004441573
Warm C,745131,4448,4447,2956,1800,1,0.012551318
Warm C,579838,3539,3538,2956,1800,1,0.0026390147
Warm C,580699,3546,3545,2956,1800,0,0.010182042
Warm C,561984,3457,3456,2956,1800,0,-0.0032518138
Warm C,550708,3391,3390,2956,1800,0,0.012736041
Warm C,541565,3332,3331,2956,1800,0,0.009070735
Warm C,542514,3336,3335,2956,1800,0,0.0051923026
Warm C,523064,3224,3223,2956,1800,1,0.0059973784
Warm C,930161,5620,5619,2956,1800,1,0.004627538
Warm C,494617,3032,3031,2956,1800,1,0.009238282
Warm C,491035,3018,3017,2956,1800,0,0.014483548
Warm C,491712,3024,3023,2956,1800,0,0.010550111
Warm C,696839,4169,4168,2956,1800,1,0.01616386
Warm C,471201,2899,2898,2956,1800,1,0.010977935
Warm C,463685,2857,2856,2956,1800,0,0.01021386
Warm C,458355,2820,2819,2956,1800,0,0.005439545
Warm C,454105,2793,2792,2956,1800,1,0.01693127
Warm C,443221,2731,2730,2956,1800,0,-0.000939043
Warm C,431266,2627,2626,2956,1800,0,0.01269044
Warm C,464408,2860,2859,2956,1800,0,-0.00055522856
Warm C,397902,2361,2360,2956,1800,0,0.0063288137
Warm C,396871,2349,2348,2956,1800,0,0.011469019
Warm C,387644,2265,2264,2956,1800,1,0.008061318
Warm C,359646,2102,2101,2956,1800,0,0.0012193717
Warm C,405170,2424,2423,2956,1800,0,0.013307957
Warm C,302351,1794,1793,2956,1800,1,0.01617726
Warm C,292622,1741,1740,2956,1800,1,0.0065748077
Warm C,280116,1680,1679,2956,1800,1,0.011207972
Warm C,210383,1284,1283,2956,1800,1,0.0076470436
Warm C,196814,1207,1206,2956,1800,0,0.013436692
Warm C,328861,1941,1940,2956,1800,0,0.021684252
Warm C,185899,1150,1149,2956,1800,0,0.010394134
Warm C,180052,1127,1126,2956,1800,0,0.0019066457
Warm C,184182,1146,1145,2956,1800,0,0.0015680903
Warm C,218962,1328,1327,2956,1800,0,0.0063110795
Warm C,275786,1667,1666,2956,1800,0,0.016406706
Warm C,154495,996,995,2956,1800,1,0.012669288
Warm C,130636,846,845,2956,1800,0,0.002437503
Warm C,132155,854,853,2956,1800,0,0.018138222
Warm C,315678,1880,1879,2956,1800,0,0.0152735375
Warm C,124042,798,797,2956,1800,0,0.01128116
Warm C,118546,765,764,2956,1800,0,-0.00013606902
Warm C,211478,1285,1284,2956,1800,0,0.0033424883
Warm C,240643,1449,1448,2956,1800,0,0.009207803
Warm C,95111,637,636,2956,1800,0,0.0017396049
Warm C,352465,2063,2062,2956,1800,0,0.005384547
Warm C,305201,1812,1811,2956,1800,0,0.004878447
Warm C,150843,970,969,2956,1800,1,0.004111255
Warm C,191597,1181,1180,2956,1800,0,0.0123791415
Warm C,83631,549,548,2956,1800,1,0.017000103
Warm C,198293,1218,1217,2956,1800,1,0.0093482975
Warm C,239435,1448,1447,2956,1800,1,0.008617606
Warm C,84615,550,549,2956,1800,0,0.013063863
Warm C,77992,524,523,2956,1800,0,0.02093687
Warm C,68940,461,460,2956,1800,0,0.0025964214
Warm C,72422,482,481,2956,1800,0,0.012035783
Warm C,201837,1242,1241,2956,1800,0,0.0013925195
Warm C,47743,319,318,2956,1800,0,0.00862414
Warm C,111117,721,720,2956,1800,0,0.0065773944
Warm C,15813,123,122,2956,1800,0,0.005731226
Warm C,7989,53,52,2956,1800,1,0.0005569346
Warm C,482097,2962,2961,2956,1800,0,0.013400513
Warm C,102729,678,677,2956,1800,0,0.0120171495
Warm C,633721,3824,3823,2956,1800,0,0.009772214
Warm C,145149,934,933,2956,1800,0,0.009551614
Warm C,801554,4802,4801,2956,1800,0,0.009435579
Warm C,63512,424,423,2956,1800,0,0.010720521
Warm C,421314,2544,2543,2956,1800,0,0.009310598
Warm C,7079,48,47,2965,1803,0,0.011574386
Warm C,56143,372,371,2965,1803,1,-0.0029314633
Warm C,255689,1556,1555,2965,1803,0,0.008668633
Warm C,169341,1074,1073,2965,1803,0,0.007967384
Warm C,122754,791,790,2965,1803,0,-0.0024719832
Warm C,69147,462,461,2965,1803,0,0.009554885
Warm C,719600,4310,4309,2965,1803,0,-0.003667777
Warm C,154127,993,992,2965,1803,0,0.0046008048
Warm C,245939,1484,1483,2965,1803,0,0.0063055726
Warm C,474245,2909,2908,2965,1803,1,0.0076076495
Warm C,63536,424,423,2965,1803,0,0.0048889746
Warm C,562851,3462,3461,2965,1803,0,0.0023655565
Warm C,496974,3053,3052,2967,1805,0,0.0015763054
Warm C,495798,3044,3043,2967,1805,1,0.006106961
Warm C,783555,4680,4679,2967,1805,1,0.0025754548
Warm C,484206,2978,2977,2967,1805,1,-0.0009588329
Warm C,482965,2967,2966,2967,1805,1,0.0040160734
Warm C,696859,4169,4168,2967,1805,1,0.01657085
Warm C,471757,2901,2900,2967,1805,1,-0.0018684245
Warm C,601755,3658,3657,2967,1805,0,0.009098008
Warm C,467162,2878,2877,2967,1805,1,0.0030157561
Warm C,462795,2854,2853,2967,1805,0,0.0030508693
Warm C,459279,2826,2825,2967,1805,0,0.0011743912
Warm C,428899,2609,2608,2967,1805,0,0.0069178613
Warm C,415126,2498,2497,2967,1805,1,-0.0007732124
Warm C,412557,2483,2482,2967,1805,0,0.0038843395
Warm C,412489,2482,2481,2967,1805,1,-0.0035846734
Warm C,400663,2385,2384,2967,1805,0,-0.0057957033
Warm C,398643,2372,2371,2967,1805,1,0.017542303
Warm C,395301,2334,2333,2967,1805,0,0.009471978
Warm C,383526,2241,2240,2967,1805,1,0.006026386
Warm C,381849,2231,2230,2967,1805,0,0.009750754
Warm C,378076,2205,2204,2967,1805,0,0.002951358
Warm C,378869,2211,2210,2967,1805,1,0.0028946132
Warm C,367051,2140,2139,2967,1805,1,0.010532355
Warm C,353044,2067,2066,2967,1805,0,0.009430325
Warm C,350428,2056,2055,2967,1805,0,0.0009942333
Warm C,353795,2072,2071,2967,1805,1,0.0007037732
Warm C,343270,2016,2015,2967,1805,1,0.020267889
Warm C,293461,1747,1746,2967,1805,0,0.008616465
Warm C,259741,1587,1586,2967,1805,0,0.004724036
Warm C,346474,2030,2029,2967,1805,0,0.0038731096
Warm C,325664,1926,1925,2967,1805,1,0.001719274
Warm C,280160,1680,1679,2967,1805,0,0.004429013
Warm C,328899,1941,1940,2967,1805,0,0.014218916
Warm C,185930,1150,1149,2967,1805,0,0.010843083
Warm C,184506,1147,1146,2967,1805,0,0.0011248693
Warm C,183407,1141,1140,2967,1805,1,0.008243266
Warm C,320438,1899,1898,2967,1805,1,0.015203679
Warm C,135092,873,872,2967,1805,1,-0.0003670964
Warm C,201854,1242,1241,2967,1805,1,0.0066873906
Warm C,131419,850,849,2967,1805,1,0.006326391
Warm C,118784,767,766,2967,1805,1,0.0063561792
Warm C,107000,702,701,2967,1805,0,0.004110964
Warm C,101786,677,676,2967,1805,1,0.0006233398
Warm C,95125,637,636,2967,1805,1,-0.0021796476
Warm C,90847,601,600,2967,1805,0,0.011925254
Warm C,85007,552,551,2967,1805,1,0.010076253
Warm C,228648,1383,1382,2967,1805,0,0.0019853287
Warm C,35398,238,237,2967,1805,1,-0.003350573
Warm C,32376,216,215,2967,1805,0,-0.007157269
Warm C,592278,3610,3609,2967,1805,0,0.0053906664
Warm C,5322,36,35,2967,1805,1,0.003892573
Warm C,1152,10,9,2967,1805,1,0.0104495045
Warm C,482117,2962,2961,2967,1805,1,0.008714338
Warm C,19666,148,147,2967,1805,1,-0.0037861434
Warm C,458375,2820,2819,2967,1805,1,0.0109507665
Warm C,48687,326,325,2967,1805,0,0.00854576
Warm C,158813,1015,1014,2967,1805,1,0.008966725
Warm C,421340,2544,2543,2967,1805,1,0.0063462565
Warm C,581080,3547,3546,2967,1805,1,0.004475303
Warm C,294029,1748,1747,2967,1805,0,0.0013231676
Warm C,927746,5605,5604,2967,1805,1,0.00636644
Warm C,977907,5892,5891,2967,1805,1,0.004678663
Warm C,276539,1671,1670,2967,1805,1,0.019621175
Warm C,588238,3589,3588,2967,1805,0,0.0077684205
Warm C,831989,5001,5000,2967,1805,1,0.006008934
Warm C,821637,4940,4939,2967,1805,1,0.010070916
Warm C,76481,518,517,2967,1805,1,0.0023454116
Warm C,244279,1470,1469,2969,1807,0,0.012070531
Warm C,188718,1170,1169,2969,1807,0,0.012337289
Warm C,147207,948,947,2969,1807,0,0.004975342
Warm C,139003,889,888,2969,1807,0,0.016926408
Warm C,347579,2038,2037,2969,1807,1,0.010786304
Warm C,319028,1896,1895,2969,1807,0,0.0059208907
Warm C,132779,855,854,2969,1807,1,0.012572538
Warm C,112777,731,730,2969,1807,1,0.013715604
Warm C,66412,444,443,2969,1807,1,0.010793747
Warm C,52765,347,346,2969,1807,1,0.017786384
Warm C,51727,339,338,2969,1807,1,0.0067956625
Warm C,48933,327,326,2969,1807,1,0.005068688
Warm C,48690,326,325,2969,1807,0,0.014325846
Warm C,35400,238,237,2969,1807,1,0.009606001
Warm C,32381,216,215,2969,1807,1,0.015371699
Warm C,947656,5722,5721,2969,1807,0,0.015858263
Warm C,9982,69,68,2969,1807,1,0.006499694
Warm C,4991,35,34,2969,1807,1,-0.0015867008
Warm C,55391,366,365,2969,1807,1,0.0039970335
Warm C,76482,518,517,2969,1807,1,0.0073874723
Warm C,558733,3430,3429,2969,1807,1,0.007947558
Warm C,284998,1699,1698,2969,1807,0,0.01970923
Warm C,876386,5291,5290,2969,1807,1,0.009207845
Warm C,339341,1998,1997,2969,1807,0,0.0033836216
Warm C,20966,151,150,2969,1807,1,0.017342169
Warm C,900812,5447,5446,2969,1807,1,0.009871242
Warm C,801565,4802,4801,2969,1807,1,0.006517758
Warm C,357799,2092,2091,2969,1807,0,0.014450325
Warm C,394914,2332,2331,2969,1807,1,0.0077491524
Warm C,319667,1897,1896,2969,1807,1,0.01644861
Warm C,657747,3963,3962,2969,1807,0,0.009756981
Warm C,302751,1797,1796,2970,1808,1,0.011231478
Warm C,298409,1768,1767,2970,1808,1,-0.001609694
Warm C,316030,1882,1881,2970,1808,1,-0.0028221677
Warm C,292653,1741,1740,2970,1808,1,0.00054857135
Warm C,229027,1387,1386,2970,1808,0,0.012174231
Warm C,350435,2056,2055,2970,1808,0,0.01135252
Warm C,207426,1267,1266,2970,1808,0,0.00091963715
Warm C,294589,1749,1748,2970,1808,1,-0.004409491
Warm C,309026,1837,1836,2970,1808,1,0.0086747855
Warm C,191650,1181,1180,2970,1808,0,0.015461817
Warm C,158828,1015,1014,2970,1808,0,0.002395849
Warm C,258673,1584,1583,2970,1808,1,0.0024963827
Warm C,139024,889,888,2970,1808,0,0.00077952014
Warm C,131426,850,849,2970,1808,0,-0.003436245
Warm C,315728,1880,1879,2970,1808,1,0.0033595362
Warm C,298258,1767,1766,2970,1808,0,-0.0069665723
Warm C,147595,949,948,2970,1808,1,0.0027369694
Warm C,135095,873,872,2970,1808,1,-0.008382754
Warm C,125395,806,805,2970,1808,1,0.011722116
Warm C,211525,1285,1284,2970,1808,1,0.003623696
Warm C,284647,1698,1697,2970,1808,1,-0.007244136
Warm C,84904,551,550,2970,1808,1,0.007835052
Warm C,84656,550,549,2970,1808,0,0.0042704884
Warm C,259948,1590,1589,2970,1808,0,-0.002534797
Warm C,245945,1484,1483,2970,1808,1,0.00702543
Warm C,30887,205,204,2970,1808,1,0.0023829234
Warm C,25459,180,179,2970,1808,1,0.0031086905
Warm C,290657,1733,1732,2970,1808,1,-0.0025631716
Warm C,657752,3963,3962,2970,1808,0,0.0031463741
Warm C,320452,1899,1898,2970,1808,1,0.005391528
Warm C,524496,3233,3232,2970,1808,0,-0.005071306
Warm C,285007,1699,1698,2970,1808,1,-0.006016397
Warm C,713497,4277,4276,2970,1808,1,0.0022057234
Warm C,250008,1505,1504,2970,1808,1,0.010087065
Warm C,24607,173,172,2970,1808,1,-0.0032175605
Warm C,157372,1010,1009,2970,1808,0,-0.0043329857
Warm C,276548,1671,1670,2970,1808,1,-0.0021058763
Warm C,547060,3371,3370,2970,1808,0,0.0032597552
Warm C,5342,36,35,2972,1810,1,0.00069205556
Warm C,312109,1860,1859,2972,1810,0,0.0053050537
Warm C,76485,518,517,2972,1810,1,0.0002775672
Warm C,484386,2980,2979,2972,1810,1,0.009710759
Warm C,20270,149,148,2972,1810,1,0.007704065
Warm C,265382,1611,1610,2974,1812,0,-0.00034261786
Warm C,907742,5492,5491,2974,1812,0,0.012396342
Warm C,523971,3229,3228,2974,1812,0,0.0037042995
Warm C,172236,1088,1087,2974,1812,0,0.0086185075
Warm C,28526,195,194,2974,1812,0,0.0050143944
Warm C,967078,5831,5830,2974,1812,0,0.0047524064
Warm C,718748,4305,4304,2974,1812,0,0.0018741387
Warm C,304476,1809,1808,2975,1813,0,-0.0012739713
Warm C,278392,1679,1678,2975,1813,0,0.0149722565
Warm C,264446,1608,1607,2975,1813,0,0.008761676
Warm C,260562,1592,1591,2975,1813,0,0.007349716
Warm C,298632,1772,1771,2975,1813,1,0.0019399393
Warm C,189193,1172,1171,2975,1813,0,0.014118411
Warm C,226891,1376,1375,2975,1813,1,0.0052238363
Warm C,183420,1141,1140,2975,1813,0,0.014351667
Warm C,263807,1605,1604,2975,1813,1,0.005671746
Warm C,485546,2988,2987,2975,1813,0,-0.012005267
Warm C,175877,1112,1111,2975,1813,0,0.010549147
Warm C,165396,1053,1052,2975,1813,0,0.004755729
Warm C,191658,1181,1180,2975,1813,0,0.0024911384
Warm C,151876,976,975,2975,1813,0,-0.00027601188
Warm C,145558,935,934,2975,1813,0,0.0053960765
Warm C,182306,1137,1136,2975,1813,1,0.018081868
Warm C,155084,999,998,2975,1813,1,0.019099299
Warm C,126081,812,811,2975,1813,0,-0.0015887923
Warm C,125330,805,804,2975,1813,0,0.0039584627
Warm C,119837,773,772,2975,1813,1,0.0045179185
Warm C,101069,673,672,2975,1813,0,0.0070064077
Warm C,114324,743,742,2975,1813,0,0.0043748063
Warm C,98280,657,656,2975,1813,1,0.004789762
Warm C,291795,1737,1736,2975,1813,0,0.0019467194
Warm C,83689,549,548,2975,1813,0,0.016838422
Warm C,76058,516,515,2975,1813,0,0.012914676
Warm C,74301,506,505,2975,1813,1,0.010419025
Warm C,73764,499,498,2975,1813,0,0.0060363966
Warm C,70317,474,473,2975,1813,0,0.010569338
Warm C,64440,429,428,2975,1813,0,0.012731504
Warm C,155547,1001,1000,2975,1813,0,0.007989861
Warm C,56571,378,377,2975,1813,0,0.0069520185
Warm C,30295,203,202,2975,1813,0,0.0065625166
Warm C,26608,187,186,2975,1813,1,0.0055295564
Warm C,11231,83,82,2975,1813,1,0.016173797
Warm C,1728,16,15,2975,1813,1,0.0048837424
Warm C,22752,163,162,2975,1813,0,0.006045923
Warm C,521826,3219,3218,2975,1813,1,0.0031892424
Warm C,79843,531,530,2975,1813,0,0.01018149
Warm C,314797,1879,1878,2975,1813,1,0.009912207
Warm C,778043,4647,4646,2975,1813,1,0.012162862
Warm C,823410,4950,4949,2975,1813,0,0.009250317
Warm C,285603,1701,1700,2975,1813,1,0.0047453735
Warm C,328932,1941,1940,2975,1813,0,0.0024958067
Warm C,405394,2427,2426,2975,1813,0,0.004110229
Warm C,92029,611,610,2975,1813,1,0.0036050992
Warm C,771817,4600,4599,2975,1813,1,0.0048335353
Warm C,187110,1160,1159,2975,1813,0,0.0038419247
Warm C,172237,1088,1087,2975,1813,0,0.00774988
Warm C,561755,3454,3453,2975,1813,1,0.008209426
Warm C,13208,102,101,2975,1813,0,0.012766508
Warm C,140968,906,905,2978,1815,0,0.010904305
Warm C,157382,1010,1009,2978,1815,0,0.0187682
Warm C,139041,889,888,2978,1815,0,0.025608895
Warm C,380563,2223,2222,2978,1815,0,0.008019861
Warm C,134731,869,868,2978,1815,1,0.008068062
Warm C,125331,805,804,2978,1815,0,0.0028624146
Warm C,223887,1354,1353,2978,1815,0,0.014198048
Warm C,103231,685,684,2978,1815,0,0.00844517
Warm C,177334,1117,1116,2978,1815,0,0.019301638
Warm C,111148,721,720,2978,1815,1,0.01747654
Warm C,329685,1943,1942,2978,1815,0,0.018341715
Warm C,314270,1875,1874,2978,1815,0,0.009813165
Warm C,940076,5675,5674,2978,1815,0,0.018424323
Warm C,291801,1737,1736,2978,1815,1,0.00532393
Warm C,84908,551,550,2978,1815,0,0.009206068
Warm C,75203,509,508,2978,1815,0,0.010783467
Warm C,627199,3792,3791,2978,1815,0,0.019019628
Warm C,605431,3679,3678,2978,1815,1,0.009248274
Warm C,228666,1383,1382,2978,1815,0,0.01243303
Warm C,78760,528,527,2978,1815,1,0.018579049
Warm C,22755,163,162,2978,1815,0,0.023920137
Warm C,14963,118,117,2978,1815,0,0.026063964
Warm C,15859,123,122,2978,1815,0,0.018594312
Warm C,12186,92,91,2978,1815,0,0.008288992
Warm C,79846,531,530,2978,1815,1,0.020664645
Warm C,215784,1306,1305,2978,1815,0,0.0121329725
Warm C,158840,1015,1014,2978,1815,0,0.021173067
Warm C,361225,2106,2105,2978,1815,0,0.009335336
Warm C,496714,3051,3050,2978,1815,1,0.015379763
Warm C,363539,2116,2115,2978,1815,1,0.017355716
Warm C,773487,4610,4609,2978,1815,0,0.015793411
Warm C,497498,3054,3053,2978,1815,0,0.013964679
Warm C,883201,5333,5332,2978,1815,0,0.0204279
Warm C,102776,678,677,2978,1815,0,0.019871607
Warm C,599576,3648,3647,2978,1815,0,0.02139758
Warm C,907744,5492,5491,2978,1815,1,0.019655485
Warm C,222678,1347,1346,2978,1815,1,0.008855678
Warm C,46556,310,309,2978,1815,1,0.015891185
Warm C,474440,2910,2909,2978,1815,1,0.018199448
Warm C,733072,4384,4383,2978,1815,1,0.0114708785
Warm C,941569,5682,5681,2978,1815,0,0.019113163
Warm C,299303,1776,1775,2978,1815,0,0.011085169
Warm C,295822,1755,1754,2978,1815,0,0.012737546
Warm C,184534,1147,1146,2983,1816,0,0.005553914
Warm C,183745,1143,1142,2983,1816,1,0.0017054772
Warm C,181046,1131,1130,2983,1816,1,0.005935682
Warm C,191683,1181,1180,2983,1816,0,0.0047111106
Warm C,153416,984,983,2983,1816,1,0.006165254
Warm C,147231,948,947,2983,1816,1,-0.0009878455
Warm C,317174,1884,1883,2983,1816,1,0.006244555
Warm C,169739,1077,1076,2983,1816,1,-0.00011477922
Warm C,83712,549,548,2983,1816,1,0.0007394755
Warm C,67130,451,450,2983,1816,1,0.01024762
Warm C,48712,326,325,2983,1816,0,0.0020736265
Warm C,696905,4169,4168,2983,1816,1,0.01627277
Warm C,482146,2962,2961,2983,1816,0,0.002988141
Warm C,4650,33,32,2983,1816,1,0.013756673
Warm C,34926,235,234,2983,1816,1,0.0039086933
Warm C,24634,173,172,2983,1816,1,0.008127875
Warm C,804117,4815,4814,2983,1816,1,0.011303585
Warm C,357828,2092,2091,2983,1816,1,0.012563767
Warm C,933697,5636,5635,2983,1816,1,0.0022124993
Warm C,902919,5458,5457,2983,1816,1,0.0062188185
Warm C,223150,1352,1351,2983,1816,1,0.0015028664
Warm C,381442,2231,2230,2988,1820,0,0.012876763
Warm C,371914,2173,2172,2988,1820,1,0.011476399
Warm C,371236,2170,2169,2988,1820,1,0.005770567
Warm C,369702,2164,2163,2988,1820,0,0.007972699
Warm C,364469,2124,2123,2988,1820,1,0.020290438
Warm C,343412,2018,2017,2988,1820,1,0.008711992
Warm C,319727,1899,1898,2988,1820,1,0.015127586
Warm C,322978,1916,1915,2988,1820,1,0.015259778
Warm C,312119,1861,1860,2988,1820,0,0.014696706
Warm C,278396,1680,1679,2988,1820,1,0.012209045
Warm C,226741,1375,1374,2988,1820,1,0.0040730312
Warm C,262048,1600,1599,2988,1820,0,0.012271124
Warm C,217649,1321,1320,2988,1820,0,0.01795423
Warm C,215928,1310,1309,2988,1820,0,0.004169386
Warm C,215312,1305,1304,2988,1820,1,0.003938944
Warm C,243601,1470,1469,2988,1820,0,0.017276954
Warm C,182592,1140,1139,2988,1820,0,0.0057763904
Warm C,178944,1124,1123,2988,1820,1,0.014538711
Warm C,345945,2030,2029,2988,1820,1,0.0033906314
Warm C,190175,1181,1180,2988,1820,1,0.015852982
Warm C,166869,1062,1061,2988,1820,1,0.008894903
Warm C,337843,1988,1987,2988,1820,1,0.015469646
Warm C,184688,1150,1149,2988,1820,0,0.01909806
Warm C,137563,889,888,2988,1820,0,0.023849197
Warm C,130894,850,849,2988,1820,1,0.011847461
Warm C,210417,1285,1284,2988,1820,1,0.025194734
Warm C,105364,697,696,2988,1820,0,0.007926669
Warm C,332116,1960,1959,2988,1820,1,0.0074932035
Warm C,94505,635,634,2988,1820,1,0.00918624
Warm C,152727,984,983,2988,1820,1,0.018259693
Warm C,85448,558,557,2988,1820,0,0.005931722
Warm C,83723,550,549,2988,1820,0,0.013219885
Warm C,77050,524,523,2988,1820,1,0.021950295
Warm C,638792,3842,3841,2988,1820,0,0.007986757
Warm C,42031,285,284,2988,1820,0,0.0138410125
Warm C,36082,245,244,2988,1820,0,0.009823134
Warm C,21847,161,160,2988,1820,1,0.014864666
Warm C,123197,796,795,2988,1820,0,0.019324731
Warm C,357109,2092,2091,2988,1820,1,0.0045900117
Warm C,524344,3233,3232,2988,1820,1,0.0015793908
Warm C,157583,1015,1014,2988,1820,1,0.00891758
Warm C,316476,1884,1883,2988,1820,1,0.021781899
Warm C,159663,1019,1018,2988,1820,1,0.0060438365
Warm C,335304,1980,1979,2988,1820,0,0.016023597
Warm C,841346,5054,5053,2988,1820,0,0.010918236
Warm C,319044,1897,1896,2988,1820,0,0.011034682
Warm C,321927,1912,1911,2988,1820,0,0.014310103
Warm C,401525,2395,2394,2988,1820,1,0.006010218
Warm C,522040,3224,3223,2996,1826,1,0.012819491
Warm C,444469,2743,2742,2996,1826,1,0.0029071067
Warm C,441900,2718,2717,2996,1826,0,0.010585905
Warm C,696937,4169,4168,2996,1826,1,0.00824342
Warm C,437853,2676,2675,2996,1826,1,0.003986601
Warm C,417373,2515,2514,2996,1826,1,0.0062118294
Warm C,410063,2459,2458,2996,1826,0,0.009922222
Warm C,407915,2453,2452,2996,1826,1,0.013344643
Warm C,707826,4241,4240,2996,1826,1,0.008330641
Warm C,398157,2368,2367,2996,1826,1,-0.00040588662
Warm C,397532,2355,2354,2996,1826,0,0.0021082887
Warm C,807227,4831,4830,2996,1826,0,0.009946302
Warm C,391807,2304,2303,2996,1826,0,0.009142291
Warm C,387664,2266,2265,2996,1826,1,0.0038802533
Warm C,381207,2230,2229,2996,1826,0,0.0018252895
Warm C,383537,2242,2241,2996,1826,0,0.008906998
Warm C,373113,2179,2178,2996,1826,0,0.0037921225
Warm C,362601,2116,2115,2996,1826,1,-0.0010583
Warm C,351241,2063,2062,2996,1826,0,0.00038512447
Warm C,342070,2015,2014,2996,1826,0,0.009110611
Warm C,328966,1942,1941,2996,1826,1,0.0029372275
Warm C,305422,1817,1816,2996,1826,0,0.007179274
Warm C,283368,1697,1696,2996,1826,1,0.014301862
Warm C,281743,1690,1689,2996,1826,0,0.0034258082
Warm C,306300,1825,1824,2996,1826,0,0.010595141
Warm C,188765,1172,1171,2996,1826,1,0.005700581
Warm C,321577,1908,1907,2996,1826,1,0.006417381
Warm C,182974,1141,1140,2996,1826,0,0.011215661
Warm C,175226,1112,1111,2996,1826,0,0.007983628
Warm C,327401,1941,1940,2996,1826,1,0.008935793
Warm C,148607,957,956,2996,1826,0,-0.00052466436
Warm C,184707,1150,1149,2996,1826,0,0.0051930672
Warm C,192817,1187,1186,2996,1826,0,0.011148924
Warm C,199170,1224,1223,2996,1826,1,0.008974776
Warm C,380050,2223,2222,2996,1826,0,0.022032648
Warm C,266551,1617,1616,2996,1826,0,0.0047234213
Warm C,116972,754,753,2996,1826,1,0.010080268
Warm C,105769,699,698,2996,1826,0,0.007351406
Warm C,176609,1117,1116,2996,1826,0,0.0052493587
Warm C,169047,1073,1072,2996,1826,1,0.0057851346
Warm C,86316,564,563,2996,1826,1,0.0045579514
Warm C,85450,558,557,2996,1826,1,0.012514801
Warm C,57434,389,388,2996,1826,0,0.016834693
Warm C,155185,1001,1000,2996,1826,0,0.0014162064
Warm C,59619,405,404,2996,1826,0,0.002974853
Warm C,46669,314,313,2996,1826,0,0.013255584
Warm C,61045,412,411,2996,1826,0,0.009381649
Warm C,33836,229,228,2996,1826,0,0.004553507
Warm C,71216,478,477,2996,1826,0,-0.008477215
Warm C,29415,201,200,2996,1826,0,-0.0014250726
Warm C,26212,187,186,2996,1826,1,-0.0050236126
Warm C,206547,1266,1265,2996,1826,1,0.010061155
Warm C,558352,3430,3429,2996,1826,0,0.013911036
Warm C,111547,727,726,2996,1826,1,0.003296645
Warm C,804125,4815,4814,2996,1826,1,0.004030395
Warm C,927760,5605,5604,2996,1826,0,0.013494436
Warm C,360359,2106,2105,2996,1826,0,0.009745574
Warm C,499032,3067,3066,2996,1826,1,0.004550265
Warm C,879221,5312,5311,2996,1826,0,0.021580217
Warm C,384411,2246,2245,2996,1826,1,0.004678865
Warm C,335317,1980,1979,2996,1826,0,0.015263951
Warm C,564057,3471,3470,2996,1826,0,0.009219026
Warm C,164151,1051,1050,2996,1826,1,0.011513005
Warm C,734504,4387,4386,2996,1826,0,0.011400494
Warm C,171103,1088,1087,2996,1826,1,0.00708484
Warm C,22767,164,163,2996,1826,1,0.008993066
Warm C,95679,641,640,2996,1826,1,0.0071139485
Warm C,397272,2353,2352,2996,1826,1,0.0026224114
Warm C,187431,1164,1163,2996,1826,0,0.010599557
Warm C,179341,1125,1124,2996,1826,1,0.006896633
Warm C,842519,5063,5062,2996,1826,1,0.012370689
Warm C,877484,5302,5301,2996,1826,0,0.011934399
Warm C,804419,4816,4815,2996,1826,1,0.019926287
Warm C,558136,3428,3427,3011,1833,1,0.00069686025
Warm C,532896,3292,3291,3011,1833,1,0.013443753
Warm C,520963,3216,3215,3011,1833,1,0.0042589437
Warm C,508966,3131,3130,3011,1833,1,-0.0032869386
Warm C,580757,3547,3546,3011,1833,0,0.014211832
Warm C,489420,3013,3012,3011,1833,0,0.0062697167
Warm C,485674,2990,2989,3011,1833,0,0.010281542
Warm C,695695,4169,4168,3011,1833,1,0.018352337
Warm C,474563,2913,2912,3011,1833,1,0.01119201
Warm C,473105,2909,2908,3011,1833,1,0.0045458637
Warm C,457577,2820,2819,3011,1833,1,0.0031344555
Warm C,453414,2793,2792,3011,1833,1,0.015714038
Warm C,452808,2788,2787,3011,1833,1,0.002681889
Warm C,446639,2753,2752,3011,1833,1,0.009421607
Warm C,421563,2547,2546,3011,1833,1,0.0018923897
Warm C,420704,2544,2543,3011,1833,0,0.0064289114
Warm C,418370,2529,2528,3011,1833,0,0.0116722435
Warm C,417997,2526,2525,3011,1833,1,0.0016738113
Warm C,417426,2516,2515,3011,1833,1,0.0086085
Warm C,411840,2476,2475,3011,1833,1,0.0076339585
Warm C,410754,2465,2464,3011,1833,1,0.006872867
Warm C,398162,2368,2367,3011,1833,1,0.002411961
Warm C,397674,2356,2355,3011,1833,1,0.0021222192
Warm C,414387,2496,2495,3011,1833,0,0.002453268
Warm C,386279,2259,2258,3011,1833,1,0.010125248
Warm C,381466,2231,2230,3011,1833,1,0.010999782
Warm C,411982,2478,2477,3011,1833,1,0.00544421
Warm C,356222,2088,2087,3011,1833,1,0.00974933
Warm C,353843,2073,2072,3011,1833,1,0.012439169
Warm C,347194,2038,2037,3011,1833,1,0.017648023
Warm C,319775,1899,1898,3011,1833,1,0.02416324
Warm C,290695,1734,1733,3011,1833,1,0.0037076804
Warm C,268704,1632,1631,3011,1833,0,0.009863395
Warm C,345987,2030,2029,3011,1833,1,0.01303209
Warm C,294096,1749,1748,3011,1833,0,-0.0067867595
Warm C,244583,1473,1472,3011,1833,0,0.009264848
Warm C,242544,1465,1464,3011,1833,1,0.0070393546
Warm C,312152,1861,1860,3011,1833,0,0.009352986
Warm C,227914,1383,1382,3011,1833,0,0.0022536782
Warm C,325146,1926,1925,3011,1833,1,0.00039677834
Warm C,217840,1322,1321,3011,1833,1,0.0044439104
Warm C,211730,1288,1287,3011,1833,1,0.005336323
Warm C,208526,1274,1273,3011,1833,0,0.011162489
Warm C,208170,1273,1272,3011,1833,1,0.011408137
Warm C,204167,1256,1255,3011,1833,1,0.0039613913
Warm C,188491,1170,1169,3011,1833,1,0.009799494
Warm C,169461,1077,1076,3011,1833,1,0.019782977
Warm C,166889,1062,1061,3011,1833,1,0.008804183
Warm C,152770,984,983,3011,1833,0,0.012365113
Warm C,323581,1920,1919,3011,1833,0,0.0033150353
Warm C,146757,948,947,3011,1833,0,0.0117631005
Warm C,184754,1150,1149,3011,1833,0,0.009833778
Warm C,156449,1010,1009,3011,1833,0,0.0033807335
Warm C,137642,889,888,3011,1833,1,0.015049068
Warm C,318852,1896,1895,3011,1833,1,0.007091658
Warm C,130929,850,849,3011,1833,1,0.0068514543
Warm C,321987,1912,1911,3011,1833,1,0.009895352
Warm C,106573,702,701,3011,1833,0,0.0071537187
Warm C,99198,661,660,3011,1833,1,0.005387715
Warm C,98063,656,655,3011,1833,0,0.0066442327
Warm C,92252,615,614,3011,1833,1,0.0025066957
Warm C,339026,1998,1997,3011,1833,0,0.014412224
Warm C,83776,550,549,3011,1833,1,0.007590929
Warm C,52686,347,346,3011,1833,1,0.0018187854
Warm C,51620,339,338,3011,1833,1,0.0031840226
Warm C,46587,312,311,3011,1833,0,-0.005569417
Warm C,35179,238,237,3011,1833,1,0.003207671
Warm C,31704,216,215,3011,1833,0,0.004832954
Warm C,22770,164,163,3011,1833,0,0.0016114195
Warm C,78778,529,528,3011,1833,0,0.008524863
Warm C,123228,796,795,3011,1833,0,0.013768254
Warm C,9063,62,61,3011,1833,1,-0.0019011577
Warm C,5996,44,43,3011,1833,0,0.0035650448
Warm C,357160,2092,2091,3011,1833,0,0.0072161127
Warm C,60448,411,410,3011,1833,0,0.017836973
Warm C,801247,4802,4801,3011,1833,1,0.0029920419
Warm C,384599,2247,2246,3011,1833,1,0.015100004
Warm C,407944,2453,2452,3011,1833,1,0.008018183
Warm C,48374,326,325,3011,1833,0,0.014235236
Warm C,157648,1015,1014,3011,1833,1,0.011841731
Warm C,347802,2041,2040,3011,1833,1,0.007954773
Warm C,316527,1884,1883,3011,1833,0,0.0084279915
Warm C,50532,333,332,3011,1833,0,0.006995099
Warm C,327455,1941,1940,3011,1833,0,0.007262043
Warm C,47161,319,318,3011,1833,1,0.0015278831
Warm C,46694,314,313,3011,1833,0,-0.00012660667
Warm C,993785,6002,6001,3011,1833,1,0.0002025743
Warm C,407711,2451,2450,3011,1833,1,0.010553351
Warm C,319075,1897,1896,3011,1833,1,0.014804104
Warm C,41118,278,277,3013,1834,1,0.010780594
Warm C,14300,117,116,3013,1834,0,0.020336743
Warm C,211635,1287,1286,3013,1834,0,0.003007311
Warm C,289895,1733,1732,3013,1834,0,0.012372877
Warm C,632838,3824,3823,3013,1834,0,0.009369964
Warm C,744628,4448,4447,3015,1835,1,0.012176554
Warm C,600444,3651,3650,3015,1835,1,0.013297767
Warm C,593256,3618,3617,3015,1835,0,0.02065244
Warm C,581521,3551,3550,3015,1835,1,0.005859616
Warm C,568899,3491,3490,3015,1835,1,0.01053201
Warm C,551991,3401,3400,3015,1835,0,0.017335495
Warm C,576759,3526,3525,3015,1835,0,0.010214174
Warm C,534555,3300,3299,3015,1835,1,0.0054438515
Warm C,518576,3201,3200,3015,1835,1,-0.0012810894
Warm C,511000,3151,3150,3015,1835,1,0.0042413077
Warm C,509417,3138,3137,3015,1835,0,0.0062532127
Warm C,522083,3224,3223,3015,1835,1,0.010364693
Warm C,509039,3132,3131,3015,1835,1,-0.0021612956
Warm C,508100,3128,3127,3015,1835,1,0.013384423
Warm C,506463,3118,3117,3015,1835,0,0.020020783
Warm C,628473,3807,3806,3015,1835,0,0.008171134
Warm C,695697,4169,4168,3015,1835,0,0.024332644
Warm C,472228,2907,2906,3015,1835,0,0.01833863
Warm C,484752,2986,2985,3015,1835,0,0.014925377
Warm C,473109,2909,2908,3015,1835,1,0.020697875
Warm C,754553,4497,4496,3015,1835,0,0.014948396
Warm C,462977,2857,2856,3015,1835,0,0.015344704
Warm C,457578,2820,2819,3015,1835,0,0.013724012
Warm C,795939,4771,4770,3015,1835,0,0.018684473
Warm C,451600,2780,2779,3015,1835,0,0.0003577344
Warm C,446066,2751,2750,3015,1835,0,0.012050565
Warm C,442025,2719,2718,3015,1835,1,0.011009324
Warm C,439531,2685,2684,3015,1835,0,0.020138925
Warm C,436072,2665,2664,3015,1835,0,0.014598971
Warm C,433455,2643,2642,3015,1835,1,0.010258389
Warm C,423966,2569,2568,3015,1835,0,0.012947461
Warm C,426759,2592,2591,3015,1835,1,0.017292926
Warm C,417344,2514,2513,3015,1835,1,0.0032748869
Warm C,425564,2583,2582,3015,1835,1,0.018055303
Warm C,414866,2497,2496,3015,1835,0,0.011726092
Warm C,414388,2496,2495,3015,1835,0,0.012865593
Warm C,397154,2352,2351,3015,1835,0,0.008955307
Warm C,388797,2279,2278,3015,1835,1,0.01540494
Warm C,387150,2264,2263,3015,1835,1,0.011053044
Warm C,382682,2237,2236,3015,1835,1,0.0056399303
Warm C,385103,2251,2250,3015,1835,1,0.006970577
Warm C,378605,2211,2210,3015,1835,1,0.0018707057
Warm C,352570,2064,2063,3015,1835,1,0.0051362305
Warm C,329777,1945,1944,3015,1835,0,0.004046945
Warm C,334388,1974,1973,3015,1835,0,0.016797919
Warm C,271602,1642,1641,3015,1835,0,0.0045525106
Warm C,280653,1685,1684,3015,1835,0,0.004498113
Warm C,230030,1392,1391,3015,1835,0,0.010958915
Warm C,213215,1298,1297,3015,1835,1,0.0145672085
Warm C,220247,1335,1334,3015,1835,0,0.0024164645
Warm C,200194,1229,1228,3015,1835,1,0.0045044897
Warm C,209940,1284,1283,3015,1835,0,0.0051119337
Warm C,278485,1680,1679,3015,1835,1,0.011652788
Warm C,327461,1941,1940,3015,1835,1,0.019977344
Warm C,188492,1170,1169,3015,1835,1,0.009058906
Warm C,177400,1119,1118,3015,1835,1,0.013789443
Warm C,159057,1017,1016,3015,1835,0,0.014826835
Warm C,270686,1639,1638,3015,1835,0,0.018596828
Warm C,199204,1224,1223,3015,1835,1,0.018399023
Warm C,314852,1880,1879,3015,1835,0,0.018720414
Warm C,262910,1605,1604,3015,1835,1,0.0015139028
Warm C,283777,1698,1697,3015,1835,0,0.009477854
Warm C,82638,549,548,3015,1835,1,0.02729211
Warm C,190264,1181,1180,3015,1835,0,0.015259779
Warm C,75344,512,511,3015,1835,1,-0.0044403486
Warm C,210479,1285,1284,3015,1835,1,0.011778748
Warm C,47165,319,318,3015,1835,0,0.0119016655
Warm C,947468,5722,5721,3015,1835,1,0.008758198
Warm C,22944,166,165,3015,1835,0,0.007710551
Warm C,61689,415,414,3015,1835,1,0.01605514
Warm C,9065,62,61,3015,1835,1,0.011467181
Warm C,104072,692,691,3015,1835,0,0.006249784
Warm C,481561,2962,2961,3015,1835,0,0.016034123
Warm C,843765,5074,5073,3015,1835,0,0.006865943
Warm C,157652,1015,1014,3015,1835,1,0.01585141
Warm C,233815,1422,1421,3015,1835,0,0.014448928
Warm C,948931,5733,5732,3015,1835,0,0.008861364
Warm C,204376,1260,1259,3015,1835,1,0.0117662735
Warm C,632839,3824,3823,3015,1835,0,0.019604795
Warm C,562356,3462,3461,3015,1835,1,0.011047813
Warm C,335365,1980,1979,3015,1835,1,0.017379425
Warm C,795407,4765,4764,3015,1835,0,0.02039403
Warm C,62447,424,423,3015,1835,1,0.017530711
Warm C,76255,518,517,3015,1835,1,0.015014858
Warm C,754555,4497,4496,3017,1837,0,0.01667429
Warm C,462980,2857,2856,3017,1837,0,0.014007466
Warm C,426352,2590,2589,3017,1837,0,0.008442
Warm C,409437,2457,2456,3017,1837,0,0.014650291
Warm C,373727,2181,2180,3017,1837,0,0.0153808985
Warm C,367290,2144,2143,3017,1837,0,0.0032273252
Warm C,337618,1985,1984,3017,1837,0,0.013453876
Warm C,305722,1820,1819,3017,1837,0,0.01193402
Warm C,288188,1722,1721,3017,1837,0,0.0074977474
Warm C,291077,1737,1736,3017,1837,0,0.008575167
Warm C,276743,1675,1674,3017,1837,0,0.015521418
Warm C,280400,1683,1682,3017,1837,0,0.006999138
Warm C,247458,1496,1495,3017,1837,0,0.01465119
Warm C,327464,1941,1940,3017,1837,0,0.0062799766
Warm C,307119,1835,1834,3017,1837,0,0.015241165
Warm C,173950,1101,1100,3017,1837,0,0.021776516
Warm C,159059,1017,1016,3017,1837,0,0.012204936
Warm C,150898,971,970,3017,1837,0,0.010836009
Warm C,133837,868,867,3017,1837,0,0.008472022
Warm C,133953,869,868,3017,1837,0,0.020924017
Warm C,130934,850,849,3017,1837,0,0.008870736
Warm C,125456,808,807,3017,1837,0,0.015905675
Warm C,123767,798,797,3017,1837,0,0.011711262
Warm C,210481,1285,1284,3017,1837,0,0.016549295
Warm C,351288,2063,2062,3017,1837,0,0.023899645
Warm C,92672,621,620,3017,1837,0,-0.00028683618
Warm C,75390,513,512,3017,1837,0,0.015871035
Warm C,57540,390,389,3017,1837,0,0.016381402
Warm C,53385,352,351,3017,1837,0,0.012843298
Warm C,41611,284,283,3017,1837,0,0.012953377
Warm C,41120,278,277,3017,1837,1,0.011193936
Warm C,238506,1448,1447,3017,1837,0,0.019938331
Warm C,14304,117,116,3017,1837,0,0.022874989
Warm C,2600,22,21,3017,1837,0,0.020365573
Warm C,206593,1266,1265,3017,1837,0,0.022113658
Warm C,551993,3401,3400,3017,1837,0,0.005879263
Warm C,365628,2129,2128,3017,1837,0,0.0131132
Warm C,298920,1776,1775,3017,1837,0,0.010767196
Warm C,101851,678,677,3017,1837,0,0.01904285
Warm C,632841,3824,3823,3017,1837,0,0.01852674
Warm C,335367,1980,1979,3017,1837,0,0.023181353
Warm C,289899,1733,1732,3017,1837,0,0.026166756
Warm C,62449,424,423,3017,1837,0,0.023790287
Warm C,331251,1958,1957,3017,1837,0,0.016937675
Warm C,628079,3804,3803,3024,1842,0,-0.0068827407
Warm C,637652,3841,3840,3024,1842,0,0.009774129
Warm C,623204,3771,3770,3024,1842,0,0.0091021415
Warm C,620561,3760,3759,3024,1842,1,0.005194713
Warm C,619405,3754,3753,3024,1842,0,-0.004537368
Warm C,621042,3762,3761,3024,1842,0,0.0015200174
Warm C,725047,4344,4343,3024,1842,0,-0.0007935413
Warm C,595104,3621,3620,3024,1842,0,0.0048177894
Warm C,585467,3576,3575,3024,1842,0,-0.006604092
Warm C,577719,3528,3527,3024,1842,0,-0.002643458
Warm C,574252,3516,3515,3024,1842,1,-0.012324322
Warm C,568909,3491,3490,3024,1842,1,-0.0031813155
Warm C,657026,3961,3960,3024,1842,0,-0.0010037334
Warm C,542895,3341,3340,3024,1842,0,-0.0022516064
Warm C,520970,3216,3215,3024,1842,0,0.00036983984
Warm C,517572,3195,3194,3024,1842,1,-0.002897284
Warm C,565953,3476,3475,3024,1842,0,-0.005032127
Warm C,505507,3110,3109,3024,1842,0,-0.0024543211
Warm C,575063,3519,3518,3024,1842,0,0.0070931073
Warm C,695718,4169,4168,3024,1842,1,-0.0042261733
Warm C,601523,3658,3657,3024,1842,0,0.0046892604
Warm C,473125,2909,2908,3024,1842,1,0.012916904
Warm C,462993,2857,2856,3024,1842,0,0.006288659
Warm C,462194,2852,2851,3024,1842,1,0.00046485662
Warm C,457593,2820,2819,3024,1842,0,-0.004046239
Warm C,426359,2590,2589,3024,1842,0,-0.0013946369
Warm C,425570,2583,2582,3024,1842,0,-0.002177155
Warm C,409445,2457,2456,3024,1842,0,-0.0054229693
Warm C,388805,2279,2278,3024,1842,0,-0.005837531
Warm C,381112,2228,2227,3024,1842,0,0.006780222
Warm C,370624,2167,2166,3024,1842,0,-0.0032139963
Warm C,366352,2132,2131,3024,1842,0,-0.0033765554
Warm C,361355,2109,2108,3024,1842,0,0.0036182704
Warm C,324257,1922,1921,3024,1842,0,0.00038956292
Warm C,325980,1930,1929,3024,1842,0,0.012688379
Warm C,310970,1852,1851,3024,1842,0,-0.008734321
Warm C,297260,1764,1763,3024,1842,0,-0.001713474
Warm C,295906,1757,1756,3024,1842,0,0.0012714891
Warm C,293062,1746,1745,3024,1842,1,0.0007538082
Warm C,300112,1780,1779,3024,1842,0,0.0046331305
Warm C,288192,1722,1721,3024,1842,1,0.0037216821
Warm C,292068,1741,1740,3024,1842,0,-0.0041954466
Warm C,278515,1680,1679,3024,1842,1,0.0011817012
Warm C,261328,1598,1597,3024,1842,0,-0.00041293004
Warm C,247471,1496,1495,3024,1842,0,0.009374122
Warm C,236880,1440,1439,3024,1842,0,-0.001255387
Warm C,245413,1483,1482,3024,1842,0,-0.0028355531
Warm C,224424,1357,1356,3024,1842,0,0.0034995636
Warm C,221027,1340,1339,3024,1842,0,0.0042601256
Warm C,216154,1312,1311,3024,1842,0,-0.0027551667
Warm C,272591,1647,1646,3024,1842,0,0.0003092495
Warm C,538340,3313,3312,3024,1842,0,-0.0062656705
Warm C,294113,1749,1748,3024,1842,0,0.00019319216
Warm C,196097,1206,1205,3024,1842,1,-0.003355758
Warm C,327480,1941,1940,3024,1842,0,0.0033948405
Warm C,175268,1112,1111,3024,1842,0,-0.0052340385
Warm C,355400,2079,2078,3024,1842,1,-0.00064358045
Warm C,159067,1017,1016,3024,1842,0,0.0066070776
Warm C,156466,1010,1009,3024,1842,0,0.0009998147
Warm C,436089,2665,2664,3024,1842,0,-0.0026698306
Warm C,270694,1639,1638,3024,1842,0,-0.01357258
Warm C,142592,920,919,3024,1842,0,0.002276572
Warm C,133961,869,868,3024,1842,0,-0.0006402093
Warm C,133128,859,858,3024,1842,1,0.0009758915
Warm C,132943,858,857,3024,1842,0,0.007526135
Warm C,176359,1115,1114,3024,1842,0,-0.005805384
Warm C,314868,1880,1879,3024,1842,0,-0.0019726153
Warm C,113171,735,734,3024,1842,0,-0.0029767393
Warm C,130427,846,845,3024,1842,0,0.0067642396
Warm C,99200,661,660,3024,1842,0,-0.0014302712
Warm C,351307,2063,2062,3024,1842,0,-0.0028920854
Warm C,85995,563,562,3024,1842,0,-0.004698804
Warm C,190291,1181,1180,3024,1842,0,-0.00826094
Warm C,75541,514,513,3024,1842,0,-0.0016669233
Warm C,66448,445,444,3024,1842,0,-0.0040532937
Warm C,45148,305,304,3024,1842,0,0.0045573045
Warm C,41134,278,277,3024,1842,0,-0.00059474737
Warm C,98531,660,659,3024,1842,0,0.0023481383
Warm C,29567,202,201,3024,1842,0,-0.003961908
Warm C,192634,1186,1185,3024,1842,1,0.010534603
Warm C,14321,117,116,3024,1842,1,-0.0029612118
Warm C,8317,58,57,3024,1842,0,-0.009700613
Warm C,552004,3401,3400,3024,1842,0,0.0065456755
Warm C,432502,2638,2637,3024,1842,0,0.002707339
Warm C,234667,1425,1424,3024,1842,0,0.004352017
Warm C,289917,1733,1732,3024,1842,0,0.0012974748
Warm C,27842,195,194,3024,1842,0,0.0048892405
Warm C,763736,4543,4542,3024,1842,0,-0.0026116474
Warm C,744639,4448,4447,3024,1842,0,-0.0007932773
Warm C,115788,752,751,3024,1842,0,-0.0076773237
Warm C,553662,3410,3409,3024,1842,0,-9.1023976e-05
Warm C,801253,4802,4801,3024,1842,1,0.002801256
Warm C,879743,5317,5316,3024,1842,0,-0.0017384434
Warm C,310503,1851,1850,3024,1842,0,-0.0020058872
Warm C,621848,3768,3767,3024,1842,0,0.001278884
Warm C,362394,2114,2113,3024,1842,0,0.011216975
Warm C,136219,881,880,3024,1842,0,-0.0026257557
Warm C,62466,424,423,3024,1842,1,0.0004833832
Warm C,322004,1912,1911,3024,1842,0,-0.004429426
Warm C,632858,3824,3823,3024,1842,0,-0.0011910307
Warm C,489097,3012,3011,3024,1842,0,0.0007428245
Warm C,695719,4169,4168,3028,1843,1,0.0080638565
Warm C,474574,2913,2912,3028,1843,0,0.007928929
Warm C,466556,2878,2877,3028,1843,1,-0.00023231562
Warm C,462438,2854,2853,3028,1843,1,0.0059479102
Warm C,455705,2807,2806,3028,1843,0,0.0105838245
Warm C,447760,2761,2760,3028,1843,0,0.008140971
Warm C,469783,2895,2894,3028,1843,1,-0.001346234
Warm C,446655,2753,2752,3028,1843,0,0.0035913363
Warm C,445868,2750,2749,3028,1843,1,0.0050581484
Warm C,426765,2592,2591,3028,1843,0,0.002606842
Warm C,425899,2585,2584,3028,1843,0,0.0073802834
Warm C,421447,2546,2545,3028,1843,0,0.013746146
Warm C,419557,2537,2536,3028,1843,1,0.011774739
Warm C,418381,2529,2528,3028,1843,1,0.0009320518
Warm C,463976,2860,2859,3028,1843,1,0.0025406377
Warm C,395725,2340,2339,3028,1843,1,-0.002583785
Warm C,386917,2263,2262,3028,1843,0,0.0036432028
Warm C,382691,2237,2236,3028,1843,1,0.0034013984
Warm C,381476,2231,2230,3028,1843,0,0.005145041
Warm C,377049,2203,2202,3028,1843,1,0.008056305
Warm C,356227,2088,2087,3028,1843,1,0.0049746134
Warm C,353855,2073,2072,3028,1843,0,-0.0015797879
Warm C,342123,2015,2014,3028,1843,1,0.0027923943
Warm C,278516,1680,1679,3028,1843,1,0.0038670362
Warm C,258852,1586,1585,3028,1843,1,0.0053987596
Warm C,436090,2665,2664,3028,1843,0,0.00013151264
Warm C,230722,1396,1395,3028,1843,1,0.0060686055
Warm C,231530,1404,1403,3028,1843,0,-0.0036102305
Warm C,357174,2092,2091,3028,1843,0,0.006346426
Warm C,208175,1273,1272,3028,1843,1,0.0032465735
Warm C,199217,1224,1223,3028,1843,1,0.001735893
Warm C,316067,1883,1882,3028,1843,0,0.010225993
Warm C,212360,1294,1293,3028,1843,1,0.005436247
Warm C,182630,1140,1139,3028,1843,1,-0.0061550764
Warm C,345998,2030,2029,3028,1843,1,0.0016006534
Warm C,168808,1071,1070,3028,1843,1,-0.010376597
Warm C,167618,1068,1067,3028,1843,0,-0.0016171616
Warm C,271979,1645,1644,3028,1843,1,-0.004298891
Warm C,190293,1181,1180,3028,1843,0,0.006362819
Warm C,157672,1015,1014,3028,1843,1,-0.00036129146
Warm C,146770,948,947,3028,1843,1,0.0031312392
Warm C,140119,899,898,3028,1843,1,-0.0063779135
Warm C,712643,4277,4276,3028,1843,0,0.0005593223
Warm C,137666,889,888,3028,1843,0,0.0064646285
Warm C,135140,875,874,3028,1843,0,-0.0032347732
Warm C,314869,1880,1879,3028,1843,0,-0.0030026783
Warm C,112203,731,730,3028,1843,1,0.00343299
Warm C,106580,702,701,3028,1843,1,0.0078042895
Warm C,97659,655,654,3028,1843,1,-0.007987963
Warm C,339035,1998,1997,3028,1843,1,0.0046019983
Warm C,159734,1019,1018,3028,1843,0,0.004021483
Warm C,83795,550,549,3028,1843,1,0.004494769
Warm C,81416,543,542,3028,1843,1,0.00034321565
Warm C,64902,436,435,3028,1843,1,0.009237106
Warm C,64719,434,433,3028,1843,1,0.0032973802
Warm C,51751,340,339,3028,1843,0,-0.0053971577
Warm C,25195,178,177,3028,1843,1,0.005339746
Warm C,19153,148,147,3028,1843,1,0.0090217665
Warm C,18005,139,138,3028,1843,0,0.0052783103
Warm C,17377,136,135,3028,1843,0,0.006693041
Warm C,13654,109,108,3028,1843,1,0.008492212
Warm C,657349,3963,3962,3028,1843,1,-0.00418325
Warm C,6011,44,43,3028,1843,1,-0.0032734545
Warm C,4125,31,30,3028,1843,1,0.0028970065
Warm C,60468,411,410,3028,1843,1,-9.088544e-05
Warm C,512521,3163,3162,3028,1843,1,0.0055838358
Warm C,237543,1447,1446,3028,1843,0,0.0014767937
Warm C,347811,2041,2040,3028,1843,0,0.013923659
Warm C,828495,4979,4978,3028,1843,1,-0.0008747848
Warm C,256025,1561,1560,3028,1843,0,-0.0036748475
Warm C,582723,3560,3559,3028,1843,1,-0.004017418
Warm C,599000,3648,3647,3028,1843,0,-0.011350484
Warm C,141306,911,910,3028,1843,1,0.0018732173
Warm C,820846,4934,4933,3028,1843,1,-0.005935829
Warm C,319089,1897,1896,3028,1843,1,0.017319355
Warm C,821506,4940,4939,3028,1843,1,0.006220955
Warm C,966481,5831,5830,3028,1843,1,-0.00060985656
Warm C,958726,5787,5786,3028,1843,0,0.00021543214
Warm C,933278,5636,5635,3028,1843,0,0.004727583
Warm C,663708,3999,3998,3029,1844,1,0.01634761
Warm C,680187,4078,4077,3029,1844,0,0.011166894
Warm C,651164,3929,3928,3029,1844,0,0.011017494
Warm C,648008,3902,3901,3029,1844,1,0.015369275
Warm C,648174,3903,3902,3029,1844,0,0.008172794
Warm C,636727,3836,3835,3029,1844,1,0.0045272363
Warm C,632859,3824,3823,3029,1844,0,0.020015825
Warm C,632187,3823,3822,3029,1844,1,0.007621059
Warm C,630535,3815,3814,3029,1844,0,-0.0019139501
Warm C,628998,3808,3807,3029,1844,0,0.02707873
Warm C,637656,3841,3840,3029,1844,0,0.013818894
Warm C,623205,3771,3770,3029,1844,0,0.01303946
Warm C,725050,4344,4343,3029,1844,0,0.016506989
Warm C,596248,3626,3625,3029,1844,0,0.013582114
Warm C,587624,3589,3588,3029,1844,1,0.02304424
Warm C,585470,3576,3575,3029,1844,1,0.014876543
Warm C,593278,3618,3617,3029,1844,0,0.015073527
Warm C,548837,3389,3388,3029,1844,0,0.012141768
Warm C,645046,3885,3884,3029,1844,1,0.0124982465
Warm C,567215,3483,3482,3029,1844,1,0.017236855
Warm C,539521,3319,3318,3029,1844,0,0.0059063486
Warm C,538800,3314,3313,3029,1844,1,0.0076038153
Warm C,536760,3311,3310,3029,1844,0,0.009562973
Warm C,534562,3300,3299,3029,1844,0,0.011486782
Warm C,530627,3279,3278,3029,1844,0,0.0054388028
Warm C,527993,3265,3264,3029,1844,0,0.011458937
Warm C,522104,3224,3223,3029,1844,1,0.013770102
Warm C,508422,3129,3128,3029,1844,1,0.017501287
Warm C,501634,3081,3080,3029,1844,1,0.016301814
Warm C,493718,3032,3031,3029,1844,0,0.0100446865
Warm C,491528,3024,3023,3029,1844,0,0.01000005
Warm C,490524,3018,3017,3029,1844,1,0.024105012
Warm C,486118,2994,2993,3029,1844,0,0.005219082
Warm C,599690,3650,3649,3029,1844,1,0.021885298
Warm C,695721,4169,4168,3029,1844,1,0.016097605
Warm C,473128,2909,2908,3029,1844,0,0.012519252
Warm C,462995,2857,2856,3029,1844,0,0.010196884
Warm C,453427,2793,2792,3029,1844,1,0.017215824
Warm C,452384,2786,2785,3029,1844,0,0.00893121
Warm C,446264,2752,2751,3029,1844,0,0.023672406
Warm C,442995,2731,2730,3029,1844,0,0.012192696
Warm C,436092,2665,2664,3029,1844,0,0.017654214
Warm C,431323,2628,2627,3029,1844,1,0.014618676
Warm C,431533,2629,2628,3029,1844,1,0.006011026
Warm C,426360,2590,2589,3029,1844,0,0.014209691
Warm C,425572,2583,2582,3029,1844,0,0.004880092
Warm C,415190,2500,2499,3029,1844,1,0.0018156117
Warm C,410605,2463,2462,3029,1844,0,0.008058014
Warm C,449256,2771,2770,3029,1844,0,0.01338071
Warm C,402113,2402,2401,3029,1844,1,0.013860353
Warm C,388807,2279,2278,3029,1844,0,0.0095321685
Warm C,387453,2265,2264,3029,1844,1,0.016773269
Warm C,382692,2237,2236,3029,1844,1,0.0090305
Warm C,377050,2203,2202,3029,1844,1,0.010337785
Warm C,369734,2164,2163,3029,1844,1,0.012553035
Warm C,394121,2323,2322,3029,1844,0,0.010404155
Warm C,356970,2091,2090,3029,1844,1,0.005848375
Warm C,355401,2079,2078,3029,1844,0,0.009509787
Warm C,337622,1985,1984,3029,1844,0,0.0007388545
Warm C,336828,1983,1982,3029,1844,0,0.01656764
Warm C,329936,1947,1946,3029,1844,0,0.020942308
Warm C,313694,1873,1872,3029,1844,0,0.0092397565
Warm C,313383,1870,1869,3029,1844,0,0.013318311
Warm C,298282,1768,1767,3029,1844,0,0.0051735397
Warm C,297262,1764,1763,3029,1844,1,0.02092693
Warm C,289137,1727,1726,3029,1844,1,0.016934171
Warm C,291085,1737,1736,3029,1844,0,0.012848121
Warm C,293523,1748,1747,3029,1844,1,0.009462623
Warm C,292070,1741,1740,3029,1844,0,0.016221859
Warm C,288738,1726,1725,3029,1844,0,0.025164422
Warm C,278518,1680,1679,3029,1844,1,0.00793315
Warm C,268726,1632,1631,3029,1844,0,0.021477371
Warm C,332337,1961,1960,3029,1844,0,-4.856009e-05
Warm C,259972,1591,1590,3029,1844,1,0.007060367
Warm C,248036,1497,1496,3029,1844,0,0.01599819
Warm C,350619,2059,2058,3029,1844,0,0.0186988
Warm C,283071,1696,1695,3029,1844,0,0.017085182
Warm C,356745,2090,2089,3029,1844,1,0.016744262
Warm C,226924,1377,1376,3029,1844,0,0.022605836
Warm C,230034,1392,1391,3029,1844,0,0.011705531
Warm C,270695,1639,1638,3029,1844,1,0.013750313
Warm C,323592,1920,1919,3029,1844,0,0.013652424
Warm C,219662,1333,1332,3029,1844,1,0.009618742
Warm C,220637,1338,1337,3029,1844,1,0.007454459
Warm C,214224,1301,1300,3029,1844,1,0.009716764
Warm C,267083,1624,1623,3029,1844,0,0.0081872605
Warm C,190294,1181,1180,3029,1844,0,0.018259838
Warm C,307132,1835,1834,3029,1844,1,0.014771003
Warm C,179946,1127,1126,3029,1844,0,0.008592027
Warm C,204384,1260,1259,3029,1844,1,0.014289422
Warm C,165098,1053,1052,3029,1844,1,0.0042423015
Warm C,163232,1044,1043,3029,1844,0,0.013682105
Warm C,162442,1035,1034,3029,1844,0,0.005699658
Warm C,159070,1017,1016,3029,1844,0,0.014432361
Warm C,275354,1667,1666,3029,1844,1,0.01659859
Warm C,151364,974,973,3029,1844,0,0.004371608
Warm C,146772,948,947,3029,1844,1,0.0005867022
Warm C,144019,929,928,3029,1844,0,0.018533945
Warm C,156468,1010,1009,3029,1844,0,0.021302696
Warm C,712645,4277,4276,3029,1844,0,0.01808878
Warm C,137668,889,888,3029,1844,0,0.017552871
Warm C,133513,863,862,3029,1844,0,0.0068336325
Warm C,154700,999,998,3029,1844,0,0.02265063
Warm C,314871,1880,1879,3029,1844,0,0.019394906
Warm C,126440,817,816,3029,1844,0,0.01919049
Warm C,147270,949,948,3029,1844,1,0.015656587
Warm C,124693,802,801,3029,1844,1,0.015715426
Warm C,124390,801,800,3029,1844,1,0.0067546726
Warm C,210498,1285,1284,3029,1844,1,0.014404267
Warm C,112812,732,731,3029,1844,1,0.015079042
Warm C,239582,1449,1448,3029,1844,0,0.01483139
Warm C,106581,702,701,3029,1844,1,0.0107267415
Warm C,479952,2946,2945,3029,1844,0,-0.002288454
Warm C,150362,970,969,3029,1844,0,0.015843756
Warm C,82655,549,548,3029,1844,0,0.009703194
Warm C,80646,536,535,3029,1844,0,0.013239016
Warm C,81418,543,542,3029,1844,1,0.018535763
Warm C,71018,477,476,3029,1844,0,0.010925284
Warm C,40975,275,274,3029,1844,0,0.011920761
Warm C,36180,245,244,3029,1844,0,0.007756887
Warm C,31731,216,215,3029,1844,0,0.017126594
Warm C,19156,148,147,3029,1844,1,0.01956081
Warm C,14325,117,116,3029,1844,0,0.011609117
Warm C,15342,123,122,3029,1844,0,0.013520239
Warm C,13383,105,104,3029,1844,1,0.006911901
Warm C,552007,3401,3400,3029,1844,0,0.016129164
Warm C,687943,4116,4115,3029,1844,1,0.010237978
Warm C,62469,424,423,3029,1844,1,0.012147534
Warm C,327483,1941,1940,3029,1844,0,0.013627722
Warm C,531918,3285,3284,3029,1844,1,0.011358036
Warm C,643483,3878,3877,3036,1850,1,0.0048289746
Warm C,632877,3824,3823,3036,1850,1,-0.0023694455
Warm C,629013,3808,3807,3036,1850,0,0.012142915
Warm C,637672,3841,3840,3036,1850,1,0.009030146
Warm C,625391,3780,3779,3036,1850,1,0.010939496
Warm C,612203,3712,3711,3036,1850,0,0.016328331
Warm C,610807,3705,3704,3036,1850,1,0.019620236
Warm C,598036,3641,3640,3036,1850,1,0.008401739
Warm C,596258,3626,3625,3036,1850,0,0.0051507857
Warm C,583159,3562,3561,3036,1850,0,0.010417923
Warm C,580769,3547,3546,3036,1850,0,0.0056152856
Warm C,744653,4448,4447,3036,1850,1,0.014046754
Warm C,568917,3491,3490,3036,1850,0,0.025742657
Warm C,563557,3469,3468,3036,1850,0,0.0071784738
Warm C,549672,3391,3390,3036,1850,0,0.008551661
Warm C,547788,3380,3379,3036,1850,0,0.013248743
Warm C,542897,3341,3340,3036,1850,1,0.018297752
Warm C,536771,3311,3310,3036,1850,0,0.012168463
Warm C,638853,3842,3841,3036,1850,0,0.004074413
Warm C,535734,3308,3307,3036,1850,0,0.016056297
Warm C,530775,3280,3279,3036,1850,0,0.015004869
Warm C,565970,3476,3475,3036,1850,1,0.006916602
Warm C,513423,3167,3166,3036,1850,1,0.0092150485
Warm C,816015,4899,4898,3036,1850,0,0.013309097
Warm C,505514,3110,3109,3036,1850,0,0.008532532
Warm C,504976,3108,3107,3036,1850,1,0.0073506925
Warm C,483899,2976,2975,3036,1850,1,0.01194156
Warm C,695733,4169,4168,3036,1850,0,0.010858072
Warm C,469529,2892,2891,3036,1850,0,-0.006604558
Warm C,469150,2889,2888,3036,1850,1,-0.0028848562
Warm C,468213,2887,2886,3036,1850,0,0.006265053
Warm C,453435,2793,2792,3036,1850,0,0.014719339
Warm C,447770,2761,2760,3036,1850,1,0.008776867
Warm C,564115,3471,3470,3036,1850,0,0.015428707
Warm C,433468,2643,2642,3036,1850,1,0.014561169
Warm C,433072,2641,2640,3036,1850,1,0.011815477
Warm C,430393,2624,2623,3036,1850,0,0.015251608
Warm C,415443,2503,2502,3036,1850,1,0.010449489
Warm C,409068,2456,2455,3036,1850,1,0.0074722124
Warm C,402122,2402,2401,3036,1850,1,0.014814187
Warm C,397822,2360,2359,3036,1850,1,-0.0015291993
Warm C,388814,2279,2278,3036,1850,0,0.0052572405
Warm C,377058,2203,2202,3036,1850,1,0.019708678
Warm C,356235,2088,2087,3036,1850,1,0.0049072756
Warm C,327106,1939,1938,3036,1850,0,-0.007202118
Warm C,318273,1891,1890,3036,1850,1,0.007863968
Warm C,316556,1884,1883,3036,1850,1,0.016287837
Warm C,290854,1736,1735,3036,1850,0,4.614459e-05
Warm C,274739,1661,1660,3036,1850,1,-0.004714459
Warm C,289148,1727,1726,3036,1850,1,0.006410025
Warm C,275997,1671,1670,3036,1850,1,0.010572951
Warm C,278541,1680,1679,3036,1850,1,0.022614455
Warm C,268742,1632,1631,3036,1850,0,0.017633624
Warm C,242564,1465,1464,3036,1850,0,0.012771774
Warm C,224609,1358,1357,3036,1850,0,0.004844958
Warm C,221038,1340,1339,3036,1850,0,0.015836548
Warm C,218504,1325,1324,3036,1850,1,0.01569575
Warm C,262078,1600,1599,3036,1850,0,-0.002455229
Warm C,217662,1321,1320,3036,1850,0,0.013205171
Warm C,214615,1303,1302,3036,1850,1,0.006035844
Warm C,236662,1437,1436,3036,1850,1,0.008173957
Warm C,189670,1176,1175,3036,1850,1,0.020918341
Warm C,194657,1202,1201,3036,1850,0,0.008423711
Warm C,168811,1071,1070,3036,1850,1,0.019110136
Warm C,157690,1015,1014,3036,1850,0,0.0107111335
Warm C,152659,983,982,3036,1850,1,-0.008948847
Warm C,839139,5046,5045,3036,1850,1,0.018176474
Warm C,151452,975,974,3036,1850,0,0.016738746
Warm C,143792,928,927,3036,1850,0,0.011029988
Warm C,156482,1010,1009,3036,1850,0,0.003812837
Warm C,199228,1224,1223,3036,1850,1,0.022491593
Warm C,130950,850,849,3036,1850,0,0.00050797174
Warm C,127615,824,823,3036,1850,0,0.010001281
Warm C,115243,749,748,3036,1850,0,-0.0031012772
Warm C,118213,765,764,3036,1850,0,0.010361255
Warm C,98541,660,659,3036,1850,0,0.002165807
Warm C,96863,651,650,3036,1850,1,0.016004117
Warm C,94807,637,636,3036,1850,0,0.0076667015
Warm C,94081,631,630,3036,1850,1,0.009859812
Warm C,92101,613,612,3036,1850,0,0.0055183102
Warm C,240915,1451,1450,3036,1850,1,0.00926044
Warm C,151158,973,972,3036,1850,0,0.01404099
Warm C,283816,1698,1697,3036,1850,0,0.007509951
Warm C,190315,1181,1180,3036,1850,0,0.009019511
Warm C,170733,1087,1086,3036,1850,0,0.0031640893
Warm C,76960,523,522,3036,1850,0,0.008973245
Warm C,73593,499,498,3036,1850,0,0.007425526
Warm C,259916,1590,1589,3036,1850,0,0.009759988
Warm C,71724,482,481,3036,1850,1,0.012395057
Warm C,53433,352,351,3036,1850,1,0.009292245
Warm C,51077,337,336,3036,1850,1,0.01274008
Warm C,50823,335,334,3036,1850,0,0.0026030643
Warm C,49136,329,328,3036,1850,0,0.010117429
Warm C,34571,235,234,3036,1850,0,0.01269835
Warm C,36205,245,244,3036,1850,0,0.01893512
Warm C,25143,177,176,3036,1850,1,0.007942683
Warm C,21413,157,156,3036,1850,1,0.02148065
Warm C,14338,117,116,3036,1850,0,0.013920309
Warm C,1389,13,12,3036,1850,0,0.00736796
Warm C,233842,1422,1421,3036,1850,0,0.021655593
Warm C,686397,4107,4106,3036,1850,1,0.0058385525
Warm C,432510,2638,2637,3036,1850,0,0.0084109055
Warm C,385945,2258,2257,3036,1850,0,0.008080875
Warm C,288391,1723,1722,3036,1850,0,0.0061924183
Warm C,621862,3768,3767,3036,1850,0,0.02179492
Warm C,327509,1941,1940,3036,1850,0,0.018022254
Warm C,958735,5787,5786,3036,1850,1,0.008818364
Warm C,229525,1390,1389,3036,1850,0,0.014219884
Warm C,24188,173,172,3036,1850,0,0.0025394177
Warm C,657361,3963,3962,3036,1850,1,0.008876799
Warm C,587634,3589,3588,3036,1850,0,0.019656472
Warm C,62489,424,423,3036,1850,1,0.021328608
Warm C,216753,1317,1316,3036,1850,1,0.011202033
Warm C,763742,4543,4542,3036,1850,1,0.017315334
Warm C,184793,1150,1149,3038,1852,0,0.01157002
Warm C,318862,1896,1895,3038,1852,1,-0.003063517
Warm C,134951,873,872,3038,1852,1,-0.0047327597
Warm C,267088,1624,1623,3038,1852,1,0.0062201424
Warm C,48761,327,326,3038,1852,1,0.0028116568
Warm C,66948,451,450,3038,1852,1,-0.0033304833
Warm C,46718,314,313,3038,1852,1,0.0043909163
Warm C,316559,1884,1883,3038,1852,1,0.010477506
Warm C,192640,1186,1185,3038,1852,1,0.00083032716
Warm C,523800,3229,3228,3038,1852,0,0.0045749177
Warm C,357193,2092,2091,3038,1852,1,0.010741288
Warm C,322022,1912,1911,3038,1852,0,0.006798718
Warm C,293533,1748,1747,3038,1852,1,0.0011985064
Warm C,24189,173,172,3038,1852,1,0.0068840096
Warm C,351348,2063,2062,3041,1855,0,0.014982713
Warm C,82695,549,548,3041,1855,0,0.0051308013
Warm C,77149,524,523,3041,1855,0,0.008704912
Warm C,70350,475,474,3041,1855,0,0.0013452498
Warm C,31784,216,215,3041,1855,0,0.012201253
Warm C,239629,1449,1448,3041,1855,0,0.011254035
Warm C,25072,176,175,3041,1855,0,0.004739714
Warm C,238542,1448,1447,3041,1855,0,0.0052086734
Warm C,269677,1635,1634,3041,1855,0,0.004985328
Warm C,432515,2638,2637,3041,1855,0,-0.0020780202
Warm C,828521,4979,4978,3041,1855,0,0.0109286625
Warm C,495116,3038,3037,3041,1855,0,0.009098945
Warm C,699550,4186,4185,3041,1855,0,-0.00185292
Warm C,954178,5761,5760,3042,1856,0,0.0037502397
Warm C,828522,4979,4978,3042,1856,0,0.022539522
Warm C,719879,4312,4311,3042,1856,0,0.011048285
Warm C,549694,3391,3390,3042,1856,0,0.020189997
Warm C,327542,1941,1940,3042,1856,0,0.0244319
Warm C,446685,2753,2752,3045,1858,0,0.006065685
Warm C,443678,2737,2736,3045,1858,1,0.0133233555
Warm C,416320,2507,2506,3045,1858,0,0.014535926
Warm C,409080,2456,2455,3045,1858,0,0.0076101692
Warm C,400220,2383,2382,3045,1858,0,0.013217604
Warm C,395746,2340,2339,3045,1858,1,0.0019814016
Warm C,393831,2320,2319,3045,1858,0,0.0017510685
Warm C,392675,2305,2304,3045,1858,0,0.0037793096
Warm C,382702,2237,2236,3045,1858,0,0.0075982334
Warm C,364543,2124,2123,3045,1858,0,0.017818626
Warm C,318597,1894,1893,3045,1858,0,0.0054299515
Warm C,287050,1714,1713,3045,1858,0,0.008703171
Warm C,262090,1600,1599,3045,1858,0,0.0061015156
Warm C,259271,1587,1586,3045,1858,0,0.005014097
Warm C,253848,1544,1543,3045,1858,0,0.011299139
Warm C,357212,2092,2091,3045,1858,0,0.019913368
Warm C,335430,1980,1979,3045,1858,0,0.022391498
Warm C,276017,1671,1670,3045,1858,0,0.013455406
Warm C,278576,1680,1679,3045,1858,1,0.013663768
Warm C,184817,1150,1149,3045,1858,0,0.015838973
Warm C,201329,1242,1241,3045,1858,0,0.005444519
Warm C,173479,1100,1099,3045,1858,0,0.010140825
Warm C,262961,1605,1604,3045,1858,1,0.012831579
Warm C,168208,1069,1068,3045,1858,0,0.012968015
Warm C,327545,1941,1940,3045,1858,1,0.013245394
Warm C,334417,1974,1973,3045,1858,0,0.013097983
Warm C,272002,1645,1644,3045,1858,1,0.0033480963
Warm C,324278,1922,1921,3045,1858,1,0.0131097045
Warm C,130964,850,849,3045,1858,0,0.0017509368
Warm C,159772,1019,1018,3045,1858,0,0.02095043
Warm C,115814,752,751,3045,1858,1,0.017463129
Warm C,100721,673,672,3045,1858,1,0.0055011897
Warm C,97674,655,654,3045,1858,1,0.015024293
Warm C,86446,566,565,3045,1858,0,0.012293264
Warm C,82699,549,548,3045,1858,0,0.0024251845
Warm C,83840,550,549,3045,1858,0,0.011930784
Warm C,53457,352,351,3045,1858,0,0.015462637
Warm C,132237,855,854,3045,1858,0,0.004447407
Warm C,45159,305,304,3045,1858,1,0.004232915
Warm C,238546,1448,1447,3045,1858,1,0.009334948
Warm C,695756,4169,4168,3045,1858,1,0.02809384
Warm C,26265,187,186,3045,1858,1,0.008810686
Warm C,10599,76,75,3045,1858,1,0.0066916663
Warm C,49163,329,328,3045,1858,0,0.009193044
Warm C,7503,53,52,3045,1858,1,-0.00018947141
Warm C,6271,45,44,3045,1858,0,0.0005716714
Warm C,347842,2041,2040,3045,1858,0,0.01595036
Warm C,157720,1015,1014,3045,1858,0,0.0037483373
Warm C,892782,5394,5393,3045,1858,0,0.012336729
Warm C,828524,4979,4978,3045,1858,0,0.008464265
Warm C,101905,678,677,3045,1858,1,0.01878111
Warm C,201923,1243,1242,3045,1858,0,0.017858393
Warm C,195195,1203,1202,3045,1858,0,0.0127603505
Warm C,878866,5312,5311,3045,1858,1,0.019256245
Warm C,992854,5998,5997,3045,1858,0,0.009957995
Warm C,388017,2271,2270,3045,1858,0,0.014210748
Warm C,285120,1701,1700,3045,1858,1,0.01333037
Warm C,857789,5156,5155,3045,1858,1,0.0066625127
Warm C,202291,1244,1243,3046,1859,0,0.009642267
Warm C,225972,1369,1368,3046,1859,1,0.0019813366
Warm C,161259,1029,1028,3046,1859,1,0.0024989718
Warm C,151461,975,974,3046,1859,1,0.006106332
Warm C,184820,1150,1149,3046,1859,0,0.0043997504
Warm C,137719,889,888,3046,1859,0,0.0044624666
Warm C,407131,2446,2445,3046,1859,1,0.010523696
Warm C,124404,801,800,3046,1859,1,0.009301767
Warm C,123666,797,796,3046,1859,1,0.0036450848
Warm C,111480,726,725,3046,1859,1,-0.0012021274
Warm C,112234,731,730,3046,1859,1,0.009436626
Warm C,228746,1386,1385,3046,1859,1,0.0026226589
Warm C,87173,570,569,3046,1859,0,-0.0056404476
Warm C,319118,1897,1896,3046,1859,0,0.014860448
Warm C,74562,509,508,3046,1859,0,0.017212465
Warm C,41411,281,280,3046,1859,0,0.010777695
Warm C,31469,214,213,3046,1859,1,0.016886815
Warm C,17406,136,135,3046,1859,0,0.009753462
Warm C,393,5,4,3046,1859,0,-0.00056194956
Warm C,49166,329,328,3046,1859,0,0.014788944
Warm C,753206,4489,4488,3046,1859,1,0.009767827
Warm C,859995,5172,5171,3046,1859,1,0.00084118545
Warm C,497053,3054,3053,3046,1859,0,0.0062020808
Warm C,329105,1943,1942,3046,1859,0,0.011796313
Warm C,195197,1203,1202,3046,1859,1,5.8592414e-05
Warm C,272004,1645,1644,3048,1860,1,0.009163402
Warm C,233868,1422,1421,3048,1860,0,0.006069646
Warm C,79973,533,532,3048,1860,0,0.00329298
Warm C,62523,424,423,3048,1860,0,0.012593969
Warm C,36233,245,244,3048,1860,0,-0.0023928604
Warm C,31795,216,215,3048,1860,0,0.0065513444
Warm C,269679,1635,1634,3048,1860,0,0.011795629
Warm C,65905,442,441,3048,1860,1,-0.00464425
Warm C,101909,678,677,3048,1860,0,-0.0018788672
Warm C,335435,1980,1979,3048,1860,0,0.008948868
Warm C,699552,4186,4185,3048,1860,0,0.010729725
Warm C,639847,3847,3846,3051,1861,0,0.015482987
Warm C,634613,3829,3828,3051,1861,0,0.0121810865
Warm C,597846,3639,3638,3051,1861,0,0.010766938
Warm C,593330,3618,3617,3051,1861,0,0.014929113
Warm C,592803,3614,3613,3051,1861,0,0.0180447
Warm C,575094,3519,3518,3051,1861,0,0.021613788
Warm C,541191,3329,3328,3051,1861,0,0.008032594
Warm C,522166,3224,3223,3051,1861,1,0.014741898
Warm C,574589,3518,3517,3051,1861,1,0.0193645
Warm C,462463,2854,2853,3051,1861,0,0.010195656
Warm C,456313,2810,2809,3051,1861,0,0.014665671
Warm C,455052,2801,2800,3051,1861,0,0.0057768454
Warm C,432416,2637,2636,3051,1861,1,0.011105361
Warm C,431789,2630,2629,3051,1861,1,0.013132364
Warm C,413130,2485,2484,3051,1861,0,0.00925675
Warm C,466600,2878,2877,3051,1861,1,0.017093811
Warm C,404358,2419,2418,3051,1861,0,0.018882327
Warm C,380107,2223,2222,3051,1861,0,0.017438201
Warm C,376681,2199,2198,3051,1861,0,0.0095305
Warm C,365645,2129,2128,3051,1861,0,0.01144294
Warm C,349199,2050,2049,3051,1861,0,0.009736848
Warm C,345594,2027,2026,3051,1861,1,0.005705829
Warm C,332461,1962,1961,3051,1861,0,0.009043118
Warm C,332958,1963,1962,3051,1861,1,0.0043492913
Warm C,299418,1778,1777,3051,1861,0,0.01685046
Warm C,298504,1770,1769,3051,1861,0,0.02269721
Warm C,278591,1680,1679,3051,1861,0,0.026754778
Warm C,278322,1679,1678,3051,1861,0,0.017860793
Warm C,277385,1676,1675,3051,1861,0,0.018337216
Warm C,267409,1625,1624,3051,1861,0,0.0071456307
Warm C,264316,1608,1607,3051,1861,0,0.010388607
Warm C,256224,1563,1562,3051,1861,0,0.015568229
Warm C,631319,3821,3820,3051,1861,0,0.01840796
Warm C,236584,1436,1435,3051,1861,1,0.006918545
Warm C,240943,1451,1450,3051,1861,1,0.020375203
Warm C,225529,1366,1365,3051,1861,0,0.012150517
Warm C,224838,1359,1358,3051,1861,1,0.010586318
Warm C,209329,1279,1278,3051,1861,0,0.0077163572
Warm C,189230,1173,1172,3051,1861,0,0.010793278
Warm C,186452,1153,1152,3051,1861,1,-0.004065595
Warm C,183046,1141,1140,3051,1861,0,0.016360525
Warm C,191749,1182,1181,3051,1861,0,0.008133235
Warm C,175136,1110,1109,3051,1861,1,-0.005451789
Warm C,169068,1073,1072,3051,1861,0,0.0104299765
Warm C,485492,2988,2987,3051,1861,0,0.010769809
Warm C,175300,1112,1111,3051,1861,0,0.02422129
Warm C,270374,1636,1635,3051,1861,0,0.011095379
Warm C,160814,1022,1021,3051,1861,0,0.009417931
Warm C,155207,1001,1000,3051,1861,0,0.024408981
Warm C,246162,1489,1488,3051,1861,0,0.019238126
Warm C,151469,975,974,3051,1861,0,0.01525617
Warm C,150381,970,969,3051,1861,0,0.019499037
Warm C,146329,941,940,3051,1861,0,0.009497824
Warm C,128896,838,837,3051,1861,1,0.013698724
Warm C,181839,1137,1136,3051,1861,0,0.015594695
Warm C,127994,828,827,3051,1861,0,0.010806495
Warm C,115824,752,751,3051,1861,0,0.019952545
Warm C,216362,1314,1313,3051,1861,0,0.0038072239
Warm C,105839,699,698,3051,1861,0,0.019114962
Warm C,114200,743,742,3051,1861,0,0.016081782
Warm C,98228,657,656,3051,1861,0,0.005719792
Warm C,64136,429,428,3051,1861,0,0.015065018
Warm C,44261,302,301,3051,1861,0,0.029171936
Warm C,659031,3971,3970,3051,1861,1,0.025447272
Warm C,113680,737,736,3051,1861,0,0.01898722
Warm C,30189,203,202,3051,1861,0,0.01452164
Warm C,29392,200,199,3051,1861,1,0.013024204
Warm C,291110,1737,1736,3051,1861,0,0.02117153
Warm C,16922,133,132,3051,1861,0,0.0025762487
Warm C,422,5,4,3051,1861,0,0.01623062
Warm C,223290,1354,1353,3051,1861,1,0.01649495
Warm C,6649,48,47,3051,1861,0,0.016475195
Warm C,238557,1448,1447,3051,1861,0,0.010507502
Warm C,79093,531,530,3051,1861,0,0.01006647
Warm C,15400,123,122,3051,1861,1,0.016617764
Warm C,888509,5367,5366,3051,1861,0,0.011679079
Warm C,331286,1958,1957,3051,1861,0,0.017552461
Warm C,537714,3312,3311,3051,1861,1,0.010236687
Warm C,365434,2127,2126,3051,1861,0,0.0063326927
Warm C,797278,4781,4780,3051,1861,0,0.00921724
Warm C,88283,583,582,3051,1861,1,0.013850894
Warm C,695775,4169,4168,3051,1861,0,0.027331956
Warm C,360449,2106,2105,3051,1861,0,0.008782646
Warm C,99796,667,666,3051,1861,1,0.00553697
Warm C,882792,5333,5332,3051,1861,0,0.02034309
Warm C,561437,3454,3453,3051,1861,1,0.0101373205
Warm C,599016,3648,3647,3051,1861,0,0.01579741
Warm C,187480,1164,1163,3051,1861,0,0.008402379
Warm C,461978,2849,2848,3051,1861,0,0.009866331
Warm C,484783,2986,2985,3051,1861,0,0.024399493
Warm C,476221,2926,2925,3051,1861,0,0.0015440366
Warm C,322053,1912,1911,3051,1861,0,0.013122039
Warm C,768576,4579,4578,3051,1861,0,0.019666146
Warm C,434892,2655,2654,3051,1861,0,0.009466732
Warm C,206240,1265,1264,3051,1861,0,0.00593467
Warm C,171234,1088,1087,3051,1861,1,0.01768315
Warm C,534931,3301,3300,3051,1861,0,0.0068214643
Warm C,234711,1425,1424,3051,1861,1,0.019795248
Warm C,262976,1605,1604,3051,1861,0,0.012211746
Warm C,877370,5302,5301,3051,1861,0,0.0045520873
Warm C,974200,5878,5877,3051,1861,1,0.011458931
Warm C,588325,3590,3589,3054,1864,0,0.0027821881
Warm C,585510,3576,3575,3054,1864,0,0.0045149773
Warm C,758335,4510,4509,3054,1864,1,0.006368095
Warm C,573404,3512,3511,3054,1864,0,-0.0007763449
Warm C,552054,3401,3400,3054,1864,0,0.010016561
Warm C,551592,3399,3398,3054,1864,0,0.008479493
Warm C,487546,2999,2998,3054,1864,0,-0.0071359063
Warm C,469162,2889,2888,3054,1864,0,0.0018924703
Warm C,486877,2996,2995,3054,1864,0,0.0009342099
Warm C,445496,2748,2747,3054,1864,0,0.002552174
Warm C,429985,2621,2620,3054,1864,0,0.012467271
Warm C,409471,2457,2456,3054,1864,0,0.0055956556
Warm C,418430,2529,2528,3054,1864,0,0.0051394366
Warm C,383576,2242,2241,3054,1864,1,0.0050175097
Warm C,373314,2180,2179,3054,1864,0,0.0014475677
Warm C,353900,2073,2072,3054,1864,0,0.012126023
Warm C,345755,2029,2028,3054,1864,0,0.002004872
Warm C,341389,2012,2011,3054,1864,1,0.0034164793
Warm C,310405,1850,1849,3054,1864,0,-0.0050574797
Warm C,281505,1688,1687,3054,1864,0,0.0049848137
Warm C,276623,1673,1672,3054,1864,1,-0.0028293612
Warm C,277388,1676,1675,3054,1864,0,0.012390451
Warm C,269686,1635,1634,3054,1864,0,0.006434338
Warm C,247278,1495,1494,3054,1864,0,-0.0050038444
Warm C,216167,1312,1311,3054,1864,1,-0.0014439393
Warm C,591710,3610,3609,3054,1864,0,0.013941707
Warm C,250294,1509,1508,3054,1864,0,0.0063640173
Warm C,293084,1746,1745,3054,1864,0,0.0025126503
Warm C,327564,1941,1940,3054,1864,0,0.012896984
Warm C,331288,1958,1957,3054,1864,0,0.018591821
Warm C,177880,1120,1119,3054,1864,0,0.0034490637
Warm C,225978,1369,1368,3054,1864,0,-0.0009246317
Warm C,221997,1343,1342,3054,1864,0,-0.0037941674
Warm C,380108,2223,2222,3054,1864,0,0.0051319045
Warm C,133755,866,865,3054,1864,0,-0.0016033226
Warm C,133997,869,868,3054,1864,0,0.001646999
Warm C,125405,807,806,3054,1864,0,-0.0057728756
Warm C,124159,800,799,3054,1864,1,-0.004314028
Warm C,120967,780,779,3054,1864,0,0.008516968
Warm C,139110,890,889,3054,1864,1,0.0019505774
Warm C,126250,816,815,3054,1864,0,0.012981921
Warm C,107137,705,704,3054,1864,0,0.004830072
Warm C,102922,681,680,3054,1864,0,0.0032621794
Warm C,100031,669,668,3054,1864,1,0.002664575
Warm C,94824,637,636,3054,1864,0,0.008097139
Warm C,87175,570,569,3054,1864,0,0.004061081
Warm C,86012,563,562,3054,1864,0,0.004044323
Warm C,75234,510,509,3054,1864,1,0.010811048
Warm C,86452,566,565,3054,1864,0,0.0035528732
Warm C,72746,490,489,3054,1864,0,0.00014753104
Warm C,73220,495,494,3054,1864,0,0.011211068
Warm C,64522,431,430,3054,1864,0,-4.0362123e-05
Warm C,46389,310,309,3054,1864,0,0.0043263575
Warm C,41673,284,283,3054,1864,0,0.00090433704
Warm C,55494,368,367,3054,1864,0,0.0031268052
Warm C,291112,1737,1736,3054,1864,0,0.0030315863
Warm C,26115,186,185,3054,1864,0,0.016638549
Warm C,14372,117,116,3054,1864,0,0.0026519403
Warm C,12246,93,92,3054,1864,0,0.004171778
Warm C,10460,75,74,3054,1864,0,0.003392164
Warm C,233872,1422,1421,3054,1864,0,0.008185793
Warm C,354676,2077,2076,3054,1864,0,-0.0014265612
Warm C,18581,146,145,3054,1864,0,0.0030510554
Warm C,56022,372,371,3054,1864,1,-0.003022484
Warm C,358183,2097,2096,3054,1864,0,0.0065333103
Warm C,286387,1710,1709,3054,1864,0,-0.000625112
Warm C,934582,5643,5642,3054,1864,0,0.01103011
Warm C,264912,1611,1610,3054,1864,0,0.0043897647
Warm C,101918,678,677,3054,1864,1,0.011915173
Warm C,351365,2063,2062,3054,1864,0,-0.0051256903
Warm C,335130,1978,1977,3054,1864,0,0.011836445
Warm C,907557,5492,5491,3054,1864,0,0.0045967144
Warm C,27915,195,194,3054,1864,1,0.0007899357
Warm C,795434,4765,4764,3054,1864,0,0.008281867
Warm C,136252,881,880,3054,1864,0,0.0039685504
Warm C,342168,2015,2014,3054,1864,0,0.0016468505
Warm C,631321,3821,3820,3055,1865,0,0.0066017024
Warm C,115827,752,751,3055,1865,1,0.0076085767
Warm C,712692,4277,4276,3055,1865,1,0.011746057
Warm C,155209,1001,1000,3055,1865,1,0.005012159
Warm C,39747,270,269,3055,1865,1,0.00373246
Warm C,33338,225,224,3055,1865,0,0.016201386
Warm C,19824,149,148,3055,1865,1,0.011511004
Warm C,289943,1733,1732,3055,1865,0,0.017446136
Warm C,206634,1266,1265,3055,1865,0,0.0146395
Warm C,157741,1015,1014,3055,1865,1,0.020599734
Warm C,181842,1137,1136,3055,1865,1,0.016282627
Warm C,249752,1505,1504,3055,1865,1,0.0066900416
Warm C,522169,3224,3223,3055,1865,1,0.0064030746
Warm C,384431,2246,2245,3055,1865,0,0.010512944
Warm C,254823,1551,1550,3055,1865,1,0.009057971
Warm C,595664,3624,3623,3055,1865,1,0.014572229
Warm C,49957,331,330,3055,1865,1,0.008745387
Warm C,240946,1451,1450,3055,1865,1,0.007420496
Warm C,234713,1425,1424,3055,1865,1,0.011147406
Warm C,187481,1164,1163,3055,1865,0,0.016641244
Warm C,324843,1925,1924,3055,1865,1,0.0021531493
Warm C,549711,3391,3390,3055,1865,1,0.011895143
Warm C,536814,3311,3310,3063,1869,0,0.0019890459
Warm C,506533,3118,3117,3063,1869,0,0.011929233
Warm C,549736,3391,3390,3063,1869,0,0.00922079
Warm C,493781,3032,3031,3063,1869,0,0.01186531
Warm C,628500,3807,3806,3063,1869,0,0.0075373277
Warm C,490562,3018,3017,3063,1869,0,0.019756088
Warm C,487792,3001,3000,3063,1869,1,0.008884274
Warm C,480700,2951,2950,3063,1869,1,0.007035504
Warm C,479981,2946,2945,3063,1869,0,0.017679172
Warm C,470296,2896,2895,3063,1869,0,0.012585885
Warm C,879774,5317,5316,3063,1869,1,0.018413065
Warm C,463034,2857,2856,3063,1869,0,0.013342566
Warm C,457646,2820,2819,3063,1869,0,0.007710182
Warm C,450545,2777,2776,3063,1869,0,0.006874203
Warm C,443696,2737,2736,3063,1869,0,0.016837975
Warm C,564149,3471,3470,3063,1869,0,0.008076055
Warm C,429992,2621,2620,3063,1869,0,0.004549239
Warm C,420152,2540,2539,3063,1869,0,0.0049403915
Warm C,398922,2376,2375,3063,1869,0,0.010605231
Warm C,386934,2263,2262,3063,1869,1,0.011084995
Warm C,373127,2179,2178,3063,1869,0,0.0072633876
Warm C,368259,2153,2152,3063,1869,0,0.0042106574
Warm C,360465,2106,2105,3063,1869,0,0.004244389
Warm C,362698,2116,2115,3063,1869,0,0.0163984
Warm C,364558,2124,2123,3063,1869,1,0.014175352
Warm C,351389,2063,2062,3063,1869,0,0.010647836
Warm C,371532,2172,2171,3063,1869,0,0.0148661155
Warm C,339374,1999,1998,3063,1869,0,0.009447847
Warm C,359890,2105,2104,3063,1869,0,0.007100115
Warm C,301173,1790,1789,3063,1869,1,0.013489377
Warm C,295936,1757,1756,3063,1869,0,0.01006283
Warm C,274284,1658,1657,3063,1869,1,0.008179964
Warm C,332470,1962,1961,3063,1869,1,0.016230043
Warm C,231566,1404,1403,3063,1869,0,0.014721476
Warm C,210576,1285,1284,3063,1869,0,0.008552315
Warm C,277407,1676,1675,3063,1869,0,0.0021341783
Warm C,209962,1284,1283,3063,1869,0,0.018532459
Warm C,278627,1680,1679,3063,1869,1,0.011114608
Warm C,184865,1150,1149,3063,1869,0,0.015841544
Warm C,174442,1102,1101,3063,1869,1,0.006020292
Warm C,179409,1125,1124,3063,1869,1,0.0140353525
Warm C,183861,1146,1145,3063,1869,0,0.011374863
Warm C,270716,1639,1638,3063,1869,1,0.007548916
Warm C,156527,1010,1009,3063,1869,0,0.021120548
Warm C,114697,746,745,3063,1869,0,0.009802015
Warm C,111250,724,723,3063,1869,0,0.00563221
Warm C,176706,1117,1116,3063,1869,0,0.009023274
Warm C,110571,721,720,3063,1869,1,0.010766785
Warm C,304655,1812,1811,3063,1869,1,0.015523455
Warm C,90540,601,600,3063,1869,0,0.010753361
Warm C,82740,549,548,3063,1869,0,0.011844486
Warm C,115848,752,751,3063,1869,0,0.02342594
Warm C,70062,474,473,3063,1869,0,0.011537715
Warm C,64782,435,434,3063,1869,0,0.00052129047
Warm C,132258,855,854,3063,1869,0,0.0049379705
Warm C,337940,1988,1987,3063,1869,0,0.0054662395
Warm C,238582,1448,1447,3063,1869,0,0.007941706
Warm C,12254,93,92,3063,1869,0,0.0065467516
Warm C,276038,1671,1670,3063,1869,1,0.017129298
Warm C,7541,53,52,3063,1869,1,0.004218807
Warm C,3561,26,25,3063,1869,0,0.013933688
Warm C,107677,710,709,3063,1869,0,0.015430773
Warm C,686413,4107,4106,3063,1869,0,0.009885121
Warm C,626497,3792,3791,3063,1869,0,0.010137272
Warm C,140611,904,903,3063,1869,0,0.011775168
Warm C,150397,970,969,3063,1869,0,0.014955394
Warm C,777622,4647,4646,3063,1869,0,0.02518738
Warm C,264923,1611,1610,3063,1869,0,0.010245215
Warm C,963853,5812,5811,3063,1869,0,0.018639816
Warm C,79110,531,530,3063,1869,0,0.00696049
Warm C,45802,308,307,3063,1869,0,0.017635155
Warm C,923848,5580,5579,3063,1869,0,0.00896945
Warm C,907559,5492,5491,3063,1869,0,0.009820577
Warm C,454480,2796,2795,3063,1869,0,-0.002347407
Warm C,195216,1203,1202,3063,1869,0,0.013534182
Warm C,331302,1958,1957,3063,1869,0,0.021465253
Warm C,892800,5394,5393,3063,1869,0,0.027861912
Warm C,750174,4477,4476,3063,1869,0,0.011705225
Warm C,860011,5172,5171,3063,1869,0,0.009549677
Warm C,667255,4016,4015,3066,1870,0,0.0020985773
Warm C,665644,4007,4006,3066,1870,0,0.013810471
Warm C,657869,3965,3964,3066,1870,1,0.0020350604
Warm C,655599,3949,3948,3066,1870,1,-0.00042493548
Warm C,651794,3930,3929,3066,1870,1,0.0118154865
Warm C,648924,3910,3909,3066,1870,1,0.006656974
Warm C,648525,3906,3905,3066,1870,1,-0.00425476
Warm C,646533,3892,3891,3066,1870,1,0.0028481893
Warm C,643525,3878,3877,3066,1870,1,0.005175909
Warm C,641999,3860,3859,3066,1870,1,-0.009610082
Warm C,633876,3825,3824,3066,1870,0,0.011115549
Warm C,637733,3841,3840,3066,1870,1,0.005911999
Warm C,618821,3751,3750,3066,1870,0,-0.001370291
Warm C,603975,3675,3674,3066,1870,1,0.009533154
Warm C,744688,4448,4447,3066,1870,1,0.0070345663
Warm C,693790,4156,4155,3066,1870,1,0.005219773
Warm C,596300,3626,3625,3066,1870,1,0.0015730863
Warm C,587676,3589,3588,3066,1870,0,0.00075578364
Warm C,585528,3576,3575,3066,1870,1,-0.00019709428
Warm C,569693,3493,3492,3066,1870,1,0.0070942356
Warm C,712714,4277,4276,3066,1870,0,0.016987016
Warm C,563589,3469,3468,3066,1870,1,0.0035793073
Warm C,561141,3453,3452,3066,1870,0,-0.0077748257
Warm C,553721,3410,3409,3066,1870,0,0.0070805615
Warm C,548284,3383,3382,3066,1870,1,0.009970148
Warm C,527829,3263,3262,3066,1870,1,0.011217473
Warm C,524157,3231,3230,3066,1870,1,0.00072331005
Warm C,566015,3476,3475,3066,1870,1,0.004751822
Warm C,505533,3110,3109,3066,1870,1,-0.0033077202
Warm C,738046,4411,4410,3066,1870,1,0.0035924467
Warm C,529437,3272,3271,3066,1870,1,-0.00166767
Warm C,479984,2946,2945,3066,1870,1,0.0018412089
Warm C,479156,2941,2940,3066,1870,1,0.0013991711
Warm C,477853,2934,2933,3066,1870,0,0.009051084
Warm C,695805,4169,4168,3066,1870,0,0.009020986
Warm C,473207,2909,2908,3066,1870,1,0.012746702
Warm C,463039,2857,2856,3066,1870,0,0.008403609
Warm C,439550,2685,2684,3066,1870,1,0.005597098
Warm C,436151,2665,2664,3066,1870,1,0.015820585
Warm C,437362,2670,2669,3066,1870,1,0.0014020333
Warm C,430678,2625,2624,3066,1870,1,0.0017954782
Warm C,645083,3885,3884,3066,1870,0,0.0015590675
Warm C,428219,2605,2604,3066,1870,0,0.0010340626
Warm C,427200,2593,2592,3066,1870,1,0.0022889643
Warm C,423650,2567,2566,3066,1870,1,0.0064850883
Warm C,426800,2592,2591,3066,1870,1,0.002819533
Warm C,425601,2583,2582,3066,1870,0,-0.0016348652
Warm C,415204,2500,2499,3066,1870,1,-0.0013725127
Warm C,412658,2484,2483,3066,1870,0,0.008770435
Warm C,402162,2402,2401,3066,1870,0,-0.0008282678
Warm C,404373,2419,2418,3066,1870,0,0.003229971
Warm C,412025,2478,2477,3066,1870,1,4.1995198e-05
Warm C,395766,2340,2339,3066,1870,1,0.010631073
Warm C,414431,2496,2495,3066,1870,1,-0.0053988216
Warm C,391915,2304,2303,3066,1870,0,-0.0035196608
Warm C,389735,2287,2286,3066,1870,1,-0.0034643603
Warm C,393503,2316,2315,3066,1870,1,-0.002585141
Warm C,388028,2271,2270,3066,1870,1,0.003422199
Warm C,378642,2211,2210,3066,1870,1,0.010439748
Warm C,376893,2201,2200,3066,1870,1,0.0056471312
Warm C,377091,2203,2202,3066,1870,1,0.0021481328
Warm C,368154,2151,2150,3066,1870,0,0.007196519
Warm C,350082,2055,2054,3066,1870,1,0.003814239
Warm C,357241,2092,2091,3066,1870,1,0.0024942434
Warm C,343502,2018,2017,3066,1870,1,-0.0026635407
Warm C,380698,2225,2224,3066,1870,0,-0.0005469781
Warm C,312200,1861,1860,3066,1870,0,-0.0005086042
Warm C,280704,1685,1684,3066,1870,1,0.0050078137
Warm C,275383,1667,1666,3066,1870,1,0.0060185064
Warm C,293574,1748,1747,3066,1870,1,0.0034139024
Warm C,363715,2119,2118,3066,1870,0,-0.0006116332
Warm C,300165,1780,1779,3066,1870,0,0.0045925733
Warm C,242423,1464,1463,3066,1870,1,0.0013236371
Warm C,231568,1404,1403,3066,1870,1,0.0026121936
Warm C,242606,1465,1464,3066,1870,1,0.0067950543
Warm C,230052,1392,1391,3066,1870,1,-0.0035102114
Warm C,209337,1279,1278,3066,1870,0,0.0032292274
Warm C,198565,1220,1219,3066,1870,0,0.0049830573
Warm C,334437,1974,1973,3066,1870,0,0.0008399229
Warm C,177444,1119,1118,3066,1870,1,-0.0026194863
Warm C,229155,1389,1388,3066,1870,1,0.0037081402
Warm C,255429,1556,1555,3066,1870,0,0.0034626613
Warm C,270720,1639,1638,3066,1870,1,0.0040554535
Warm C,146818,948,947,3066,1870,1,0.007010703
Warm C,137779,889,888,3066,1870,0,0.009222025
Warm C,314949,1880,1879,3066,1870,0,0.004948196
Warm C,327608,1941,1940,3066,1870,0,0.006837871
Warm C,113922,739,738,3066,1870,1,-0.00068270694
Warm C,239677,1449,1448,3066,1870,0,0.00229335
Warm C,177895,1120,1119,3066,1870,1,0.0021385662
Warm C,106631,702,701,3066,1870,0,0.0025900768
Warm C,96897,651,650,3066,1870,0,0.004554891
Warm C,96089,646,645,3066,1870,1,0.010274661
Warm C,316605,1884,1883,3066,1870,0,0.003799922
Warm C,94833,637,636,3066,1870,1,-7.58518e-05
Warm C,283871,1698,1697,3066,1870,0,0.00096056587
Warm C,152833,984,983,3066,1870,1,-0.0011951742
Warm C,190402,1181,1180,3066,1870,0,-5.7192054e-05
Warm C,71499,481,480,3066,1870,1,0.0071489788
Warm C,66332,444,443,3066,1870,0,-0.0037191156
Warm C,59706,406,405,3066,1870,1,0.005869051
Warm C,55229,366,365,3066,1870,1,0.003672434
Warm C,210582,1285,1284,3066,1870,1,0.006086109
Warm C,52307,344,343,3066,1870,1,0.0007884777
Warm C,45806,308,307,3066,1870,1,0.0013400463
Warm C,38802,264,263,3066,1870,0,0.009371637
Warm C,98578,660,659,3066,1870,0,0.0019654478
Warm C,34083,230,229,3066,1870,0,0.00883789
Warm C,36286,245,244,3066,1870,1,-0.0013411886
Warm C,8925,60,59,3066,1870,1,0.012935471
Warm C,5635,40,39,3066,1870,0,0.00747987
Warm C,5196,36,35,3066,1870,1,0.003984363
Warm C,1015,10,9,3066,1870,0,0.008049679
Warm C,626503,3792,3791,3066,1870,1,0.0018582633
Warm C,552083,3401,3400,3066,1870,0,0.017946504
Warm C,169198,1074,1073,3066,1870,1,0.0031900995
Warm C,571848,3507,3506,3066,1870,1,0.007410626
Warm C,240966,1451,1450,3066,1870,1,0.0067791035
Warm C,204421,1260,1259,3066,1870,1,0.0009923708
Warm C,343967,2020,2019,3066,1870,1,0.00084596896
Warm C,152172,979,978,3066,1870,1,-0.00077629054
Warm C,632944,3824,3823,3066,1870,1,0.00017936178
Warm C,237615,1447,1446,3066,1870,0,0.00833721
Warm C,117150,755,754,3066,1870,0,0.0066029797
Warm C,806678,4829,4828,3066,1870,1,0.0021520955
Warm C,931388,5626,5625,3066,1870,1,0.0077165617
Warm C,51346,338,337,3066,1870,1,0.0015521729
Warm C,892805,5394,5393,3066,1870,1,0.00449114
Warm C,9674,65,64,3066,1870,1,-0.0056724977
Warm C,47277,319,318,3066,1870,0,0.0058617024
Warm C,62569,424,423,3066,1870,1,0.009293262
Warm C,324854,1925,1924,3066,1870,0,0.00034183543
Warm C,141351,911,910,3066,1870,1,0.006683639
Warm C,825476,4958,4957,3066,1870,1,0.0084533915
Warm C,133603,864,863,3075,1877,1,0.007106768
Warm C,237630,1447,1446,3075,1877,1,0.024691783
Warm C,157792,1015,1014,3075,1877,1,0.019555574
Warm C,430919,2627,2626,3075,1877,0,0.011354583
Warm C,24257,173,172,3075,1877,1,0.015366274
Warm C,289967,1733,1732,3075,1877,1,0.021330914
Warm C,62594,424,423,3075,1877,1,0.010915644
Warm C,319154,1897,1896,3075,1877,0,0.01773432
Warm C,322097,1912,1911,3075,1877,0,0.020234503
Warm C,217906,1322,1321,3076,1878,1,-0.0006705271
Warm C,221109,1340,1339,3076,1878,0,-0.0005155817
Warm C,188527,1170,1169,3076,1878,1,0.00554828
Warm C,166922,1062,1061,3076,1878,1,0.004089006
Warm C,146823,948,947,3076,1878,1,-0.00084367814
Warm C,143814,928,927,3076,1878,1,0.0023337873
Warm C,137811,889,888,3076,1878,1,0.0074559553
Warm C,134849,872,871,3076,1878,1,0.008223964
Warm C,374749,2185,2184,3076,1878,1,0.003988475
Warm C,314970,1880,1879,3076,1878,1,0.007232142
Warm C,134966,873,872,3076,1878,0,0.005954344
Warm C,112282,731,730,3076,1878,1,-0.0031417503
Warm C,239709,1449,1448,3076,1878,0,0.008722896
Warm C,210612,1285,1284,3076,1878,0,0.004505763
Warm C,152850,984,983,3076,1878,0,0.0051676664
Warm C,83896,550,549,3076,1878,0,0.010116509
Warm C,64729,434,433,3076,1878,0,-0.007197488
Warm C,123291,796,795,3076,1878,0,0.007873042
Warm C,59625,405,404,3076,1878,1,0.001893851
Warm C,55235,366,365,3076,1878,1,0.0045080367
Warm C,31881,216,215,3076,1878,1,0.0061308187
Warm C,25226,178,177,3076,1878,1,0.0036802813
Warm C,6344,45,44,3076,1878,0,0.0049383217
Warm C,60580,411,410,3076,1878,0,0.005489325
Warm C,76284,518,517,3076,1878,1,0.003343911
Warm C,48459,326,325,3076,1878,1,-0.005632867
Warm C,141134,910,909,3076,1878,0,0.005413791
Warm C,841003,5054,5053,3076,1878,1,0.0014726479
Warm C,114202,743,742,3076,1878,0,0.012272711
Warm C,208607,1274,1273,3076,1878,1,0.010386108
Warm C,319156,1897,1896,3076,1878,1,0.006664646
Warm C,194696,1202,1201,3076,1878,1,0.0037422497
Warm C,300184,1780,1779,3076,1878,0,0.007063602
Warm C,384641,2247,2246,3077,1879,1,0.008454513
Warm C,143247,924,923,3077,1879,1,0.007010678
Warm C,130998,850,849,3077,1879,1,8.8514294e-05
Warm C,127935,826,825,3077,1879,1,0.006114388
Warm C,96017,645,644,3077,1879,1,0.0065617333
Warm C,82193,546,545,3077,1879,1,0.007295627
Warm C,47308,319,318,3077,1879,1,0.006814739
Warm C,21942,161,160,3077,1879,1,0.017179526
Warm C,26302,187,186,3077,1879,1,0.00366668
Warm C,123292,796,795,3077,1879,1,0.015362101
Warm C,211995,1291,1290,3077,1879,1,0.0020233907
Warm C,712735,4277,4276,3077,1879,1,0.0108553665
Warm C,783949,4682,4681,3077,1879,1,0.012122996
Warm C,201944,1243,1242,3077,1879,1,0.008507002
Warm C,147886,953,952,3077,1879,1,-0.0036675
Warm C,991773,5991,5990,3077,1879,1,0.0018804765
Warm C,310537,1851,1850,3077,1879,0,0.014892429
Warm C,208608,1274,1273,3077,1879,1,0.0036921788
Warm C,19865,149,148,3077,1879,1,0.011786044
Warm C,916595,5539,5538,3077,1879,1,0.0043716608
Warm C,319157,1897,1896,3077,1879,1,0.0078086434
Warm C,457671,2820,2819,3077,1879,1,-0.00094747776
Warm C,865872,5222,5221,3077,1879,0,0.01522883
Warm C,464028,2860,2859,3077,1879,1,0.0059210667
Warm C,574602,3518,3517,3077,1879,1,0.017784514
Warm C,841004,5054,5053,3077,1879,1,0.006049585
Warm C,839182,5046,5045,3077,1879,1,0.012097345
Warm C,575126,3519,3518,3077,1879,1,0.00842978
Warm C,558424,3430,3429,3078,1880,1,0.009011807
Warm C,550794,3392,3391,3078,1880,0,0.008564465
Warm C,683792,4089,4088,3078,1880,0,0.010444382
Warm C,545449,3364,3363,3078,1880,1,0.019614011
Warm C,543805,3350,3349,3078,1880,1,0.008048349
Warm C,682190,4085,4084,3078,1880,0,0.0061295996
Warm C,605596,3681,3680,3078,1880,1,0.0049946923
Warm C,542691,3339,3338,3078,1880,0,0.004833823
Warm C,535216,3302,3301,3078,1880,0,0.0039738948
Warm C,660805,3985,3984,3078,1880,1,0.007733394
Warm C,549417,3390,3389,3078,1880,1,-0.0021874842
Warm C,533024,3292,3291,3078,1880,0,0.009962074
Warm C,527928,3264,3263,3078,1880,0,0.0020003268
Warm C,527246,3261,3260,3078,1880,0,0.010086372
Warm C,525544,3246,3245,3078,1880,1,0.00604165
Warm C,571356,3504,3503,3078,1880,1,0.0057192026
Warm C,523810,3229,3228,3078,1880,1,0.0014419933
Warm C,523998,3230,3229,3078,1880,1,0.0050210897
Warm C,503371,3093,3092,3078,1880,1,0.0073759994
Warm C,502664,3086,3085,3078,1880,1,0.0012714237
Warm C,582012,3557,3556,3078,1880,1,0.0019389518
Warm C,502450,3084,3083,3078,1880,1,0.002102877
Warm C,500621,3075,3074,3078,1880,1,0.006386142
Warm C,712737,4277,4276,3078,1880,1,0.007058393
Warm C,477662,2933,2932,3078,1880,1,0.008094886
Warm C,467269,2880,2879,3078,1880,1,0.00859024
Warm C,450578,2777,2776,3078,1880,0,0.012648884
Warm C,434798,2654,2653,3078,1880,1,0.010122273
Warm C,426162,2589,2588,3078,1880,1,0.006998667
Warm C,416376,2507,2506,3078,1880,1,0.011765704
Warm C,407999,2453,2452,3078,1880,1,0.008842424
Warm C,316132,1883,1882,3078,1880,1,0.014395997
Warm C,306874,1832,1831,3078,1880,1,0.0006245343
Warm C,283893,1698,1697,3078,1880,1,0.007303518
Warm C,360486,2106,2105,3078,1880,1,0.00209127
Warm C,264081,1607,1606,3078,1880,0,0.015842542
Warm C,249444,1503,1502,3078,1880,0,0.0036697537
Warm C,210614,1285,1284,3078,1880,0,0.004077791
Warm C,198116,1218,1217,3078,1880,1,0.014365255
Warm C,199282,1224,1223,3078,1880,0,0.014880557
Warm C,189246,1173,1172,3078,1880,1,0.007270786
Warm C,373825,2181,2180,3078,1880,0,0.008429929
Warm C,184908,1150,1149,3078,1880,0,0.014341782
Warm C,174951,1109,1108,3078,1880,1,-0.006058229
Warm C,169758,1078,1077,3078,1880,0,0.0015810132
Warm C,168231,1069,1068,3078,1880,0,0.007618394
Warm C,175328,1112,1111,3078,1880,1,0.011852486
Warm C,219460,1331,1330,3078,1880,0,0.003831245
Warm C,246181,1489,1488,3078,1880,0,0.0026021441
Warm C,154563,998,997,3078,1880,1,0.007568285
Warm C,139894,897,896,3078,1880,1,-0.0022811007
Warm C,137813,889,888,3078,1880,0,0.013774315
Warm C,209976,1284,1283,3078,1880,1,0.006303033
Warm C,125471,808,807,3078,1880,0,0.008816663
Warm C,115873,752,751,3078,1880,0,0.013320333
Warm C,349209,2050,2049,3078,1880,1,0.009014747
Warm C,362724,2116,2115,3078,1880,1,0.00839159
Warm C,631351,3821,3820,3078,1880,0,0.012663799
Warm C,93497,625,624,3078,1880,1,0.0070229443
Warm C,801301,4802,4801,3078,1880,1,0.009541866
Warm C,89530,590,589,3078,1880,1,0.0032363152
Warm C,432054,2634,2633,3078,1880,1,0.011014059
Warm C,89130,588,587,3078,1880,1,0.01274705
Warm C,238612,1448,1447,3078,1880,1,0.014770361
Warm C,72883,493,492,3078,1880,1,0.0060768626
Warm C,155220,1001,1000,3078,1880,0,0.010163945
Warm C,53544,352,351,3078,1880,1,0.010403978
Warm C,42712,293,292,3078,1880,1,-0.0038193231
Warm C,61186,412,411,3078,1880,1,0.013712743
Warm C,37053,250,249,3078,1880,0,-0.004718315
Warm C,29434,201,200,3078,1880,1,0.005108501
Warm C,33371,225,224,3078,1880,0,0.006832228
Warm C,17441,136,135,3078,1880,0,0.0018110776
Warm C,11886,92,91,3078,1880,0,0.010543572
Warm C,401554,2395,2394,3078,1880,1,0.005371875
Warm C,7567,53,52,3078,1880,1,0.009716809
Warm C,88715,587,586,3078,1880,0,0.0024481372
Warm C,626526,3792,3791,3078,1880,1,0.013183729
Warm C,111583,727,726,3078,1880,1,0.00541379
Warm C,797279,4781,4780,3078,1880,1,-0.0039970935
Warm C,15888,124,123,3078,1880,1,0.003286709
Warm C,289971,1733,1732,3078,1880,1,0.0046586283
Warm C,567267,3483,3482,3078,1880,0,0.008110678
Warm C,223316,1354,1353,3078,1880,1,0.0031908879
Warm C,820559,4933,4932,3078,1880,0,0.009297594
Warm C,234745,1425,1424,3078,1880,1,0.0153144095
Warm C,794604,4753,4752,3078,1880,1,-0.0030384976
Warm C,206254,1265,1264,3078,1880,1,0.006138444
Warm C,319158,1897,1896,3078,1880,0,0.009911319
Warm C,215404,1306,1305,3078,1880,1,0.0016008299
Warm C,607623,3688,3687,3078,1880,1,0.0074421046
Warm C,699573,4186,4185,3078,1880,0,0.013066962
Warm C,193446,1194,1193,3078,1880,0,0.010862084
Warm C,171281,1088,1087,3078,1880,1,0.0069635967
Warm C,719909,4312,4311,3078,1880,1,0.014368128
Warm C,527247,3261,3260,3079,1881,0,0.0012927039
Warm C,966567,5831,5830,3079,1881,1,0.016172942
Warm C,524930,3241,3240,3079,1881,1,0.003877369
Warm C,524596,3237,3236,3079,1881,1,0.004843413
Warm C,521005,3216,3215,3079,1881,0,0.014638903
Warm C,712739,4277,4276,3079,1881,0,0.0059289774
Warm C,896946,5424,5423,3079,1881,0,0.0047625904
Warm C,516299,3189,3188,3079,1881,0,-0.0032902244
Warm C,507394,3122,3121,3079,1881,0,0.008897325
Warm C,503947,3097,3096,3079,1881,1,0.006302528
Warm C,502451,3084,3083,3079,1881,0,0.0002029289
Warm C,496256,3050,3049,3079,1881,1,0.005602192
Warm C,492508,3029,3028,3079,1881,1,0.009724569
Warm C,626527,3792,3791,3079,1881,1,0.012838904
Warm C,481628,2962,2961,3079,1881,0,0.009865304
Warm C,871846,5267,5266,3079,1881,1,0.005014035
Warm C,477872,2934,2933,3079,1881,1,0.007438705
Warm C,770913,4593,4592,3079,1881,1,0.0033281697
Warm C,983948,5948,5947,3079,1881,1,0.0011125742
Warm C,465096,2868,2867,3079,1881,1,0.005044016
Warm C,446304,2752,2751,3079,1881,0,0.0031128214
Warm C,442347,2724,2723,3079,1881,0,0.007346596
Warm C,400256,2383,2382,3079,1881,1,0.0007995656
Warm C,377674,2205,2204,3079,1881,0,-0.0070155067
Warm C,373134,2179,2178,3079,1881,0,0.0030073444
Warm C,371964,2173,2172,3079,1881,1,-4.6175497e-05
Warm C,335509,1980,1979,3079,1881,0,-0.0016812175
Warm C,318603,1894,1893,3079,1881,1,0.006901368
Warm C,353926,2073,2072,3079,1881,1,0.008379944
Warm C,325216,1926,1925,3079,1881,1,-0.0027268827
Warm C,319160,1897,1896,3079,1881,1,0.012528369
Warm C,210615,1285,1284,3079,1881,1,0.017326364
Warm C,276056,1671,1670,3079,1881,1,0.0015810649
Warm C,209344,1279,1278,3079,1881,1,-0.0020950967
Warm C,188842,1172,1171,3079,1881,1,-0.001468743
Warm C,182669,1140,1139,3079,1881,1,0.0006376507
Warm C,200493,1231,1230,3079,1881,1,0.011984954
Warm C,169759,1078,1077,3079,1881,1,0.006928563
Warm C,168232,1069,1068,3079,1881,1,0.004402168
Warm C,190445,1181,1180,3079,1881,0,0.0147098135
Warm C,334449,1974,1973,3079,1881,1,0.0006171612
Warm C,169498,1077,1076,3079,1881,0,0.012618311
Warm C,146394,943,942,3079,1881,1,-0.00041651935
Warm C,490040,3015,3014,3079,1881,0,0.0027809613
Warm C,137814,889,888,3079,1881,1,0.010136859
Warm C,107265,706,705,3079,1881,1,-0.004087391
Warm C,283894,1698,1697,3079,1881,1,0.0013201826
Warm C,89726,591,590,3079,1881,1,0.00023742963
Warm C,432055,2634,2633,3079,1881,1,0.018908437
Warm C,332065,1959,1958,3079,1881,1,-0.0036346249
Warm C,61187,412,411,3079,1881,1,0.0017024566
Warm C,155221,1001,1000,3079,1881,1,0.01144227
Warm C,41425,281,280,3079,1881,1,0.0034839208
Warm C,203642,1252,1251,3079,1881,1,-0.01084383
Warm C,39762,270,269,3079,1881,1,-0.0069542807
Warm C,29435,201,200,3079,1881,1,-0.00038433028
Warm C,734181,4387,4386,3079,1881,1,0.012400397
Warm C,13823,111,110,3079,1881,0,-0.0048547843
Warm C,263014,1605,1604,3079,1881,0,-0.0032636784
Warm C,4244,32,31,3079,1881,1,0.008023408
Warm C,290,5,4,3079,1881,0,0.005218113
Warm C,223318,1354,1353,3079,1881,1,0.004407131
Warm C,171283,1088,1087,3079,1881,1,0.01488926
Warm C,101971,678,677,3079,1881,1,0.0051433505
Warm C,79133,531,530,3079,1881,1,0.0061823223
Warm C,337955,1988,1987,3079,1881,0,0.012152731
Warm C,360488,2106,2105,3079,1881,1,0.010359149
Warm C,78281,528,527,3079,1881,1,0.016233325
Warm C,27972,195,194,3079,1881,1,0.009203817
Warm C,460553,2841,2840,3079,1881,1,0.0031057927
Warm C,949162,5734,5733,3079,1881,1,0.021095265
Warm C,682192,4085,4084,3079,1881,1,0.01617826
Warm C,240985,1451,1450,3079,1881,1,0.0061788037
Warm C,33102,224,223,3079,1881,1,0.015630458
Warm C,232755,1415,1414,3079,1881,0,-0.0005514845
Warm C,476232,2926,2925,3079,1881,0,0.007098336
Warm C,768603,4579,4578,3079,1881,1,0.006837276
Warm C,60581,411,410,3079,1881,1,0.018231021
Warm C,739342,4418,4417,3079,1881,1,0.0031341524
Warm C,187495,1164,1163,3079,1881,1,0.0030249222
Warm C,877373,5302,5301,3079,1881,1,0.0067700725
Warm C,93199,624,623,3079,1881,1,0.004673533
Warm C,115874,752,751,3079,1881,0,0.0009746342
Warm C,748208,4467,4466,3079,1881,1,0.009965245
Warm C,860020,5172,5171,3079,1881,1,-0.0021970323
Warm C,327670,1941,1940,3086,1885,1,0.007510577
Warm C,166315,1059,1058,3086,1885,0,-0.006607949
Warm C,162193,1034,1033,3086,1885,0,-0.002989451
Warm C,137839,889,888,3086,1885,0,0.0019893483
Warm C,248671,1501,1500,3086,1885,1,0.0019084914
Warm C,131006,850,849,3086,1885,0,0.0030848181
Warm C,88719,587,586,3086,1885,0,0.0054635373
Warm C,86487,566,565,3086,1885,0,0.014233526
Warm C,80027,533,532,3086,1885,1,0.0034092441
Warm C,31899,216,215,3086,1885,1,0.009983712
Warm C,32871,223,222,3086,1885,0,-0.0013573695
Warm C,234758,1425,1424,3086,1885,1,0.0041287336
Warm C,591760,3610,3609,3086,1885,0,0.0065764496
Warm C,1047,10,9,3086,1885,1,0.0020985676
Warm C,129199,839,838,3086,1885,1,0.007300418
Warm C,901371,5450,5449,3086,1885,1,8.316862e-05
Warm C,427314,2594,2593,3086,1885,1,0.0036293592
Warm C,489482,3013,3012,3086,1885,0,0.015576858
Warm C,992283,5996,5995,3086,1885,1,0.010582762
Warm C,833298,5011,5010,3086,1885,0,-0.0007022789
Warm C,821541,4940,4939,3086,1885,1,0.005136231
Warm C,656525,3957,3956,3090,1889,1,0.0016696787
Warm C,709120,4253,4252,3090,1889,0,-0.00022091274
Warm C,695885,4169,4168,3090,1889,1,0.011344046
Warm C,651977,3931,3930,3090,1889,1,0.007896641
Warm C,637793,3841,3840,3090,1889,1,0.010784017
Warm C,653400,3940,3939,3090,1889,1,0.0007605993
Warm C,726358,4345,4344,3090,1889,1,-0.0049229427
Warm C,725143,4344,4343,3090,1889,1,0.0044806628
Warm C,632990,3824,3823,3090,1889,0,0.007913562
Warm C,593439,3618,3617,3090,1889,0,0.0021936249
Warm C,589582,3596,3595,3090,1889,1,0.0063684275
Warm C,939830,5675,5674,3090,1889,1,0.016403642
Warm C,570656,3501,3500,3090,1889,1,0.004659447
Warm C,712766,4277,4276,3090,1889,1,0.0030987975
Warm C,566044,3476,3475,3090,1889,1,0.0069773607
Warm C,565131,3474,3473,3090,1889,1,0.005262496
Warm C,610553,3704,3703,3090,1889,1,0.012252603
Warm C,560447,3445,3444,3090,1889,1,0.0066105826
Warm C,616049,3729,3728,3090,1889,0,0.0089796465
Warm C,551160,3394,3393,3090,1889,0,0.012751901
Warm C,840395,5049,5048,3090,1889,1,0.013849862
Warm C,534613,3300,3299,3090,1889,1,0.006087883
Warm C,503375,3093,3092,3090,1889,1,0.005464646
Warm C,490595,3018,3017,3090,1889,1,0.0074634384
Warm C,485718,2990,2989,3090,1889,1,0.0008512228
Warm C,482586,2967,2966,3090,1889,1,0.005015709
Warm C,480794,2952,2951,3090,1889,1,0.008753739
Warm C,879793,5317,5316,3090,1889,1,0.011235427
Warm C,460947,2842,2841,3090,1889,1,0.008989586
Warm C,460560,2841,2840,3090,1889,1,0.0047893906
Warm C,457698,2820,2819,3090,1889,1,0.0062524974
Warm C,455758,2807,2806,3090,1889,1,0.013498046
Warm C,448359,2764,2763,3090,1889,1,0.0023243502
Warm C,446311,2752,2751,3090,1889,0,0.0055780173
Warm C,646024,3888,3887,3090,1889,1,0.007111219
Warm C,437714,2674,2673,3090,1889,1,-0.010496872
Warm C,433516,2643,2642,3090,1889,0,0.003293037
Warm C,421468,2546,2545,3090,1889,1,0.0030772977
Warm C,420829,2544,2543,3090,1889,1,0.0075061605
Warm C,413382,2486,2485,3090,1889,1,0.0039469963
Warm C,401339,2393,2392,3090,1889,0,0.007751601
Warm C,407160,2446,2445,3090,1889,1,-0.0034501345
Warm C,393223,2310,2309,3090,1889,1,0.0033325208
Warm C,383883,2243,2242,3090,1889,1,-0.00027875922
Warm C,381550,2231,2230,3090,1889,0,-0.0003792653
Warm C,364596,2124,2123,3090,1889,1,0.007918595
Warm C,358397,2098,2097,3090,1889,0,0.010237041
Warm C,299331,1777,1776,3090,1889,1,-0.00056487974
Warm C,290707,1734,1733,3090,1889,1,0.0075973077
Warm C,281990,1692,1691,3090,1889,1,-0.006076495
Warm C,292144,1741,1740,3090,1889,1,0.0076028304
Warm C,268840,1632,1631,3090,1889,0,0.005411772
Warm C,256635,1569,1568,3090,1889,1,0.0023660022
Warm C,260012,1591,1590,3090,1889,1,0.008472717
Warm C,631374,3821,3820,3090,1889,1,0.007246166
Warm C,236018,1430,1429,3090,1889,1,0.012320929
Warm C,232230,1409,1408,3090,1889,1,-0.0018661288
Warm C,225056,1361,1360,3090,1889,1,7.295003e-05
Warm C,335540,1980,1979,3090,1889,1,0.0077212714
Warm C,219726,1333,1332,3090,1889,0,0.0045024
Warm C,208629,1274,1273,3090,1889,1,0.010456268
Warm C,436183,2665,2664,3090,1889,1,0.0020185001
Warm C,243722,1470,1469,3090,1889,0,-0.0039471737
Warm C,189960,1179,1178,3090,1889,1,0.006624192
Warm C,180173,1128,1127,3090,1889,1,0.0042142486
Warm C,346091,2030,2029,3090,1889,1,0.0130430795
Warm C,190495,1181,1180,3090,1889,1,0.011445879
Warm C,163252,1044,1043,3090,1889,1,0.0042916494
Warm C,152878,984,983,3090,1889,1,0.006718369
Warm C,227842,1382,1381,3090,1889,1,0.010716668
Warm C,146056,939,938,3090,1889,1,0.0069193933
Warm C,131009,850,849,3090,1889,1,-0.0016449038
Warm C,127647,824,823,3090,1889,1,0.0055895355
Warm C,134970,873,872,3090,1889,1,0.004403236
Warm C,118858,769,768,3090,1889,0,-0.0017590213
Warm C,210634,1285,1284,3090,1889,1,0.0014610155
Warm C,111591,727,726,3090,1889,1,0.008801338
Warm C,239738,1449,1448,3090,1889,1,0.0043331143
Warm C,97493,654,653,3090,1889,0,0.006971905
Warm C,96917,651,650,3090,1889,1,0.007096901
Warm C,283921,1698,1697,3090,1889,1,0.0059097046
Warm C,169503,1077,1076,3090,1889,1,0.008910242
Warm C,339104,1998,1997,3090,1889,1,0.0051825373
Warm C,84737,551,550,3090,1889,1,-0.0027570066
Warm C,82807,549,548,3090,1889,1,0.0123479385
Warm C,175953,1113,1112,3090,1889,1,0.0024542818
Warm C,54793,358,357,3090,1889,1,0.0027057966
Warm C,51659,339,338,3090,1889,1,0.0031142635
Warm C,48801,327,326,3090,1889,1,0.0050830357
Warm C,45550,307,306,3090,1889,1,0.00593082
Warm C,42727,293,292,3090,1889,1,-0.0024362318
Warm C,35236,238,237,3090,1889,1,-0.001013778
Warm C,33394,225,224,3090,1889,1,0.006652875
Warm C,245699,1484,1483,3090,1889,1,0.003021107
Warm C,451698,2781,2780,3090,1889,1,0.005675558
Warm C,916614,5539,5538,3090,1889,1,0.0074773077
Warm C,289992,1733,1732,3090,1889,1,0.010539495
Warm C,101989,678,677,3090,1889,1,0.016338829
Warm C,384649,2247,2246,3090,1889,1,0.003933891
Warm C,225194,1362,1361,3090,1889,1,0.004798645
Warm C,149494,963,962,3090,1889,1,0.0011085437
Warm C,212002,1291,1290,3090,1889,1,-0.0013366435
Warm C,286582,1712,1711,3090,1889,0,-0.0046268287
Warm C,157829,1015,1014,3090,1889,1,0.010176411
Warm C,943291,5689,5688,3090,1889,1,0.0043515097
Warm C,430933,2627,2626,3090,1889,1,0.009670615
Warm C,416397,2507,2506,3090,1889,1,0.0039080638
Warm C,860029,5172,5171,3090,1889,1,0.003463908
Warm C,475398,2918,2917,3090,1889,1,0.013200599
Warm C,902738,5458,5457,3090,1889,1,0.007123993
Warm C,933337,5636,5635,3090,1889,1,-0.0018610954
Warm C,319172,1897,1896,3090,1889,1,0.002818898
Warm C,512624,3163,3162,3090,1889,1,0.013069553
Warm C,24281,173,172,3090,1889,1,0.008178075
Warm C,293613,1748,1747,3090,1889,1,0.009164151
Warm C,241001,1451,1450,3090,1889,1,-0.004207123
Warm C,28012,195,194,3090,1889,1,0.010458155
Warm C,600485,3651,3650,3091,1890,1,0.010682372
Warm C,869765,5255,5254,3091,1890,1,0.01545781
Warm C,589583,3596,3595,3091,1890,1,0.010130221
Warm C,580427,3546,3545,3091,1890,0,0.019625103
Warm C,580196,3543,3542,3091,1890,1,0.013130832
Warm C,571895,3507,3506,3091,1890,1,0.023508865
Warm C,570657,3501,3500,3091,1890,1,0.015066449
Warm C,712768,4277,4276,3091,1890,1,0.021096988
Warm C,565132,3474,3473,3091,1890,1,0.023689998
Warm C,561155,3453,3452,3091,1890,1,0.013618674
Warm C,560715,3449,3448,3091,1890,1,0.007941633
Warm C,550877,3393,3392,3091,1890,1,0.009361218
Warm C,544247,3355,3354,3091,1890,1,0.01135507
Warm C,543397,3346,3345,3091,1890,0,0.00800001
Warm C,521012,3216,3215,3091,1890,1,0.01529402
Warm C,653983,3942,3941,3091,1890,0,0.01952856
Warm C,876949,5300,5299,3091,1890,1,0.019034661
Warm C,505544,3110,3109,3091,1890,1,0.019046519
Warm C,545997,3367,3366,3091,1890,1,0.015428015
Warm C,492532,3029,3028,3091,1890,1,0.016877495
Warm C,485574,2989,2988,3091,1890,1,0.0021303992
Warm C,485719,2990,2989,3091,1890,0,0.016963456
Warm C,479591,2943,2942,3091,1890,1,0.008779053
Warm C,479470,2942,2941,3091,1890,1,0.008462497
Warm C,479176,2941,2940,3091,1890,1,0.011869569
Warm C,473276,2909,2908,3091,1890,1,0.011085181
Warm C,459396,2829,2828,3091,1890,0,0.0065399623
Warm C,453144,2791,2790,3091,1890,1,0.0062009282
Warm C,446745,2753,2752,3091,1890,1,0.011305582
Warm C,433517,2643,2642,3091,1890,0,0.011490065
Warm C,423662,2567,2566,3091,1890,1,0.018123616
Warm C,395531,2338,2337,3091,1890,1,0.019225895
Warm C,394392,2324,2323,3091,1890,1,0.006839148
Warm C,391245,2301,2300,3091,1890,1,0.0039468855
Warm C,389872,2288,2287,3091,1890,1,0.01447919
Warm C,371396,2171,2170,3091,1890,1,0.009245922
Warm C,369786,2164,2163,3091,1890,1,0.015750451
Warm C,368726,2156,2155,3091,1890,0,0.013098598
Warm C,334884,1975,1974,3091,1890,1,0.01901163
Warm C,319914,1899,1898,3091,1890,1,0.021000499
Warm C,292145,1741,1740,3091,1890,1,0.022571972
Warm C,272489,1646,1645,3091,1890,1,0.00636956
Warm C,282539,1694,1693,3091,1890,1,0.009732019
Warm C,258914,1586,1585,3091,1890,1,0.01796301
Warm C,256517,1567,1566,3091,1890,1,0.017823715
Warm C,346092,2030,2029,3091,1890,1,0.015082093
Warm C,248050,1497,1496,3091,1890,1,0.013813511
Warm C,218245,1323,1322,3091,1890,1,0.009427941
Warm C,209349,1279,1278,3091,1890,0,0.013831953
Warm C,207484,1268,1267,3091,1890,1,0.0069691846
Warm C,243723,1470,1469,3091,1890,1,0.020657722
Warm C,197653,1214,1213,3091,1890,1,0.006308997
Warm C,184281,1147,1146,3091,1890,1,0.0053463387
Warm C,182682,1140,1139,3091,1890,1,0.016897764
Warm C,177458,1119,1118,3091,1890,1,0.015685024
Warm C,190496,1181,1180,3091,1890,0,0.020352041
Warm C,210635,1285,1284,3091,1890,1,0.022534223
Warm C,146836,948,947,3091,1890,1,0.016852036
Warm C,199298,1224,1223,3091,1890,1,0.02501817
Warm C,137866,889,888,3091,1890,1,0.021726662
Warm C,131010,850,849,3091,1890,1,0.012675218
Warm C,314985,1880,1879,3091,1890,1,0.017778546
Warm C,134971,873,872,3091,1890,1,0.010168865
Warm C,101639,677,676,3091,1890,1,0.016164422
Warm C,115661,750,749,3091,1890,1,0.008999278
Warm C,88092,580,579,3091,1890,0,0.007249752
Warm C,147892,953,952,3091,1890,0,0.009213347
Warm C,83918,550,549,3091,1890,1,0.017673466
Warm C,48802,327,326,3091,1890,1,0.012512295
Warm C,9200,62,61,3091,1890,0,0.009015236
Warm C,8777,59,58,3091,1890,0,0.013455367
Warm C,4955,35,34,3091,1890,1,0.010745432
Warm C,481649,2962,2961,3091,1890,1,0.015041014
Warm C,300208,1780,1779,3091,1890,0,0.022937462
Warm C,129210,839,838,3091,1890,1,0.023776822
Warm C,24282,173,172,3091,1890,1,0.014866272
Warm C,175954,1113,1112,3091,1890,1,0.016643798
Warm C,308406,1837,1836,3091,1890,1,0.01385366
Warm C,95703,641,640,3091,1890,1,0.008353064
Warm C,322125,1912,1911,3091,1890,0,0.018956272
Warm C,753221,4489,4488,3091,1890,1,0.019950643
Warm C,417793,2523,2522,3094,1892,1,0.0030309167
Warm C,416406,2507,2506,3094,1892,1,0.019102862
Warm C,464039,2860,2859,3094,1892,1,0.0030613726
Warm C,403427,2410,2409,3094,1892,0,0.011015745
Warm C,382740,2237,2236,3094,1892,1,0.023083242
Warm C,335547,1980,1979,3094,1892,1,0.020749252
Warm C,292148,1741,1740,3094,1892,1,0.014793984
Warm C,276077,1671,1670,3094,1892,1,0.015737414
Warm C,260015,1591,1590,3094,1892,1,0.018447123
Warm C,228887,1387,1386,3094,1892,1,0.016129773
Warm C,217692,1321,1320,3094,1892,1,0.0031399243
Warm C,296324,1758,1757,3094,1892,1,0.021696564
Warm C,220284,1335,1334,3094,1892,0,0.006758761
Warm C,207303,1267,1266,3094,1892,0,0.002276876
Warm C,203967,1255,1254,3094,1892,1,0.008049727
Warm C,294179,1749,1748,3094,1892,0,0.0009829511
Warm C,278729,1680,1679,3094,1892,0,0.013200245
Warm C,337976,1988,1987,3094,1892,0,0.024366528
Warm C,160823,1022,1021,3094,1892,1,0.008070975
Warm C,154003,991,990,3094,1892,1,0.010747706
Warm C,246199,1489,1488,3094,1892,0,0.017618466
Warm C,146709,947,946,3094,1892,0,0.012589379
Warm C,137871,889,888,3094,1892,1,0.015751636
Warm C,123679,797,796,3094,1892,0,-0.00039751176
Warm C,123075,795,794,3094,1892,0,0.0076741115
Warm C,117889,760,759,3094,1892,1,0.01255432
Warm C,118659,767,766,3094,1892,0,0.0019158679
Warm C,85517,558,557,3094,1892,1,0.009000599
Warm C,238640,1448,1447,3094,1892,0,0.022398647
Warm C,153619,987,986,3094,1892,1,0.0069331164
Warm C,17455,136,135,3094,1892,1,0.008626017
Warm C,60608,411,410,3094,1892,0,0.014464025
Warm C,50031,331,330,3094,1892,1,0.0013184329
Warm C,101993,678,677,3094,1892,1,0.014555395
Warm C,900771,5447,5446,3094,1892,1,0.009318277
Warm C,454498,2796,2795,3094,1892,0,0.0012727315
Warm C,977853,5892,5891,3094,1892,1,0.0054253
Warm C,795455,4765,4764,3094,1892,0,0.014888771
Warm C,319178,1897,1896,3094,1892,1,0.018695276
Warm C,420832,2544,2543,3094,1892,1,0.012649516
Warm C,831896,5001,5000,3094,1892,1,0.0074783056
Warm C,243728,1470,1469,3096,1894,0,0.01569165
Warm C,188535,1170,1169,3096,1894,1,0.01448682
Warm C,182685,1140,1139,3096,1894,0,0.01330755
Warm C,327691,1941,1940,3096,1894,1,0.023381015
Warm C,157839,1015,1014,3096,1894,1,0.017234283
Warm C,152883,984,983,3096,1894,1,0.015659336
Warm C,246200,1489,1488,3096,1894,0,0.020674791
Warm C,184957,1150,1149,3096,1894,0,0.022958003
Warm C,137874,889,888,3096,1894,1,0.024397075
Warm C,631382,3821,3820,3096,1894,0,0.013228772
Warm C,131015,850,849,3096,1894,1,0.01296114
Warm C,374763,2185,2184,3096,1894,1,0.005784824
Warm C,118660,767,766,3096,1894,1,0.0068867933
Warm C,112302,731,730,3096,1894,1,0.021227527
Warm C,108476,711,710,3096,1894,1,0.0053561535
Warm C,106663,702,701,3096,1894,1,0.023930471
Warm C,90093,594,593,3096,1894,1,0.009816581
Warm C,57752,391,390,3096,1894,1,0.016357763
Warm C,52493,346,345,3096,1894,1,0.010010742
Warm C,39949,271,270,3096,1894,1,0.016503338
Warm C,31936,216,215,3096,1894,0,0.01153247
Warm C,481653,2962,2961,3096,1894,0,0.010342879
Warm C,4182,31,30,3096,1894,1,0.009151215
Warm C,801316,4802,4801,3096,1894,1,0.016247643
Warm C,420834,2544,2543,3096,1894,1,0.014525064
Warm C,114207,743,742,3096,1894,0,0.019965146
Warm C,284771,1699,1698,3096,1894,1,0.017531488
Warm C,50602,333,332,3096,1894,1,0.006899904
Warm C,657423,3963,3962,3096,1894,1,0.014737112
Warm C,208633,1274,1273,3096,1894,0,0.017137444
Warm C,821548,4940,4939,3096,1894,1,0.01318762
Warm C,958774,5787,5786,3096,1894,1,0.0088040475
Warm C,27530,193,192,3096,1894,0,0.01167563
Warm C,240129,1449,1448,3103,1901,0,0.010962488
Warm C,164591,1051,1050,3103,1901,0,0.015731094
Warm C,335954,1980,1979,3103,1901,0,0.014088514
Warm C,136615,881,880,3103,1901,0,0.0020343466
Warm C,60483,411,410,3103,1901,0,0.008111278
Warm C,187657,1164,1163,3103,1901,1,0.0092574945
Warm C,178652,1121,1120,3103,1901,1,0.01986117
Warm C,384715,2247,2246,3103,1901,1,0.0072179115
Warm C,397361,2353,2352,3109,1906,0,0.0025449735
Warm C,842494,5063,5062,3109,1906,1,0.002250859
Warm C,974349,5878,5877,3109,1906,0,-0.00010214327
Warm C,63008,424,423,3109,1906,0,-0.0016852622
Warm C,238998,1448,1447,3112,1908,1,0.017853038
Warm C,42059,285,284,3112,1908,0,0.013899291
Warm C,9863,68,67,3112,1908,1,-0.00010229647
Warm C,481856,2962,2961,3112,1908,0,0.02038896
Warm C,49156,329,328,3112,1908,0,0.015219445
Warm C,158277,1015,1014,3112,1908,0,0.022557952
Warm C,102314,678,677,3112,1908,0,0.021296445
Warm C,160143,1019,1018,3112,1908,0,0.0110704005
Warm C,319373,1897,1896,3112,1908,0,0.015880262
Warm C,974356,5878,5877,3112,1908,0,0.008223536
Warm C,175562,1112,1111,3115,1911,0,0.009172072
Warm C,165236,1053,1052,3115,1911,0,0.0025544446
Warm C,270440,1636,1635,3115,1911,1,-0.0024592131
Warm C,246341,1489,1488,3115,1911,0,0.015455789
Warm C,128965,838,837,3115,1911,1,-0.0027578971
Warm C,116266,752,751,3115,1911,1,0.005754239
Warm C,102318,678,677,3115,1911,1,-0.0015465636
Warm C,98858,660,659,3115,1911,0,0.0034367864
Warm C,90004,593,592,3115,1911,0,-0.0008552195
Warm C,76703,520,519,3115,1911,0,0.009336266
Warm C,53454,352,351,3115,1911,1,0.00624067
Warm C,155359,1001,1000,3115,1911,1,0.0004525669
Warm C,312903,1865,1864,3115,1911,0,0.008339498
Warm C,199858,1227,1226,3115,1911,0,0.0083424
Warm C,26263,187,186,3115,1911,1,0.00842374
Warm C,27887,195,194,3115,1911,1,0.0068885516
Warm C,9526,63,62,3115,1911,0,0.0014608428
Warm C,223578,1354,1353,3115,1911,1,0.007523426
Warm C,330740,1952,1951,3115,1911,0,0.0042911693
Warm C,239001,1448,1447,3115,1911,1,0.014677925
Warm C,966830,5831,5830,3115,1911,1,0.011460365
Warm C,56303,376,375,3115,1911,1,0.007839748
Warm C,360838,2106,2105,3115,1911,1,0.007809695
Warm C,696386,4169,4168,3115,1911,0,0.012194311
Warm C,49937,331,330,3115,1911,0,0.014267431
Warm C,285345,1701,1700,3115,1911,1,0.007851439
Warm C,497250,3054,3053,3115,1911,0,0.000105918385
Warm C,171705,1088,1087,3115,1911,1,0.0058327047
Warm C,317746,1889,1888,3115,1911,0,0.006630388
Warm C,537969,3312,3311,3115,1911,1,0.0040869694
Warm C,964087,5812,5811,3115,1911,1,0.0014457379
Warm C,485090,2986,2985,3115,1911,1,0.008904613
Warm C,104360,692,691,3115,1911,1,0.0035658283
Warm C,499479,3067,3066,3115,1911,1,0.012181345
Warm C,713131,4277,4276,3115,1911,1,0.010401672
Warm C,203679,1252,1251,3115,1911,0,-0.0048960475
Warm C,335978,1980,1979,3115,1911,0,0.0047648363
Warm C,960286,5792,5791,3115,1911,0,0.008731048
Warm C,235010,1425,1424,3115,1911,1,0.010343777
Warm C,473706,2909,2908,3115,1911,0,0.010315757
Warm C,105624,698,697,3115,1911,0,0.0012907428
Warm C,328211,1941,1940,3115,1911,0,0.0044453265
Warm C,532175,3285,3284,3115,1911,0,0.00665134
Warm C,657555,3963,3962,3115,1911,1,0.0041632466
Warm C,413217,2485,2484,3115,1911,1,0.0006322338
Warm C,311300,1854,1853,3115,1911,0,0.012358296
Warm C,96622,648,647,3115,1911,1,0.0029314961
Warm C,33868,229,228,3115,1911,0,0.004811532
Warm C,58665,398,397,3115,1911,0,0.00646125
Warm C,882158,5329,5328,3115,1911,1,0.015297326
Warm C,432733,2638,2637,3117,1912,0,0.008722555
Warm C,153085,984,983,3117,1912,1,0.0040594023
Warm C,285346,1701,1700,3117,1912,0,0.002253489
Warm C,784121,4682,4681,3117,1912,1,0.006938899
Warm C,631613,3821,3820,3117,1912,0,0.00719455
Warm C,564457,3471,3470,3117,1912,1,0.003595071
Warm C,19807,149,148,3117,1912,1,0.005078367
Warm C,204605,1260,1259,3117,1912,1,0.012167232
Warm C,456482,2810,2809,3117,1912,0,0.0015499118
Warm C,263384,1605,1604,3117,1912,0,0.00060480693
Warm C,241252,1451,1450,3117,1912,0,0.0062879818
Warm C,171709,1088,1087,3117,1912,0,0.014789587
Warm C,696388,4169,4168,3117,1912,1,0.010508701
Warm C,322416,1912,1911,3118,1913,0,0.011261556
Warm C,285348,1701,1700,3118,1913,1,0.014749842
Warm C,739414,4418,4417,3118,1913,1,0.014178852
Warm C,187667,1164,1163,3118,1913,0,0.011566139
Warm C,171712,1088,1087,3118,1913,1,0.020404652
Warm C,974358,5878,5877,3118,1913,0,0.01595408
Warm C,536524,3309,3308,3120,1914,0,0.0027001947
Warm C,508669,3129,3128,3120,1914,1,0.017958198
Warm C,816072,4899,4898,3120,1914,0,0.0062274635
Warm C,516502,3189,3188,3120,1914,1,0.010168246
Warm C,550238,3391,3390,3120,1914,0,0.004883594
Warm C,494225,3032,3031,3120,1914,1,0.01032328
Warm C,492791,3029,3028,3120,1914,0,0.0127345985
Warm C,492090,3026,3025,3120,1914,0,0.017561387
Warm C,529776,3272,3271,3120,1914,1,0.017205123
Warm C,455007,2800,2799,3120,1914,0,0.0057430016
Warm C,450931,2777,2776,3120,1914,1,0.0077868667
Warm C,445965,2750,2749,3120,1914,0,0.004132213
Warm C,444686,2743,2742,3120,1914,1,0.00309932
Warm C,564472,3471,3470,3120,1914,0,0.018682757
Warm C,420254,2540,2539,3120,1914,1,0.007077519
Warm C,419478,2536,2535,3120,1914,0,0.010755913
Warm C,399523,2378,2377,3120,1914,1,0.013795728
Warm C,362170,2110,2109,3120,1914,0,-0.001339043
Warm C,361694,2109,2108,3120,1914,0,0.006396597
Warm C,351949,2063,2062,3120,1914,1,0.009005938
Warm C,341641,2012,2011,3120,1914,0,0.00749665
Warm C,299666,1778,1777,3120,1914,1,0.016458895
Warm C,297548,1764,1763,3120,1914,1,0.001947555
Warm C,265829,1613,1612,3120,1914,1,0.018993957
Warm C,258131,1581,1580,3120,1914,0,0.009153703
Warm C,248862,1501,1500,3120,1914,0,0.009805275
Warm C,221821,1341,1340,3120,1914,0,-0.00055894884
Warm C,304942,1812,1811,3120,1914,0,0.003459846
Warm C,277756,1676,1675,3120,1914,0,0.01237876
Warm C,193210,1193,1192,3120,1914,0,0.010650649
Warm C,183564,1142,1141,3120,1914,0,0.009691887
Warm C,173704,1100,1099,3120,1914,0,0.0006013566
Warm C,328238,1941,1940,3120,1914,0,0.007774871
Warm C,163871,1050,1049,3120,1914,0,0.001670208
Warm C,155916,1004,1003,3120,1914,0,0.006226911
Warm C,143683,927,926,3120,1914,0,0.01326132
Warm C,156948,1010,1009,3120,1914,0,0.010567281
Warm C,125760,809,808,3120,1914,1,0.0121192355
Warm C,124929,802,801,3120,1914,1,0.011822058
Warm C,121541,781,780,3120,1914,0,0.013770379
Warm C,178178,1120,1119,3120,1914,1,-0.00015660934
Warm C,119307,770,769,3120,1914,0,0.015832791
Warm C,112519,731,730,3120,1914,0,0.0019629048
Warm C,100200,669,668,3120,1914,1,0.0024074414
Warm C,176997,1117,1116,3120,1914,0,0.00948586
Warm C,98872,660,659,3120,1914,0,0.0114779305
Warm C,88853,587,586,3120,1914,0,-0.0014929995
Warm C,70817,476,475,3120,1914,1,0.009323803
Warm C,65401,438,437,3120,1914,1,0.009318662
Warm C,37693,258,257,3120,1914,1,0.013302888
Warm C,31813,216,215,3120,1914,1,0.009473138
Warm C,337065,1983,1982,3120,1914,1,0.0057664877
Warm C,240164,1449,1448,3120,1914,0,0.008256097
Warm C,2672,22,21,3120,1914,0,0.008617884
Warm C,108037,710,709,3120,1914,0,0.010183542
Warm C,78501,528,527,3120,1914,0,0.013806108
Warm C,893000,5394,5393,3120,1914,0,0.011760855
Warm C,531068,3280,3279,3120,1914,0,0.0054995315
Warm C,57904,392,391,3120,1914,0,0.0062092966
Warm C,102332,678,677,3120,1914,0,0.015629783
Warm C,537977,3312,3311,3120,1914,0,0.020225253
Warm C,331674,1958,1957,3120,1914,1,0.015354399
Warm C,599305,3648,3647,3120,1914,1,0.0022168874
Warm C,923946,5580,5579,3120,1914,1,0.0065375753
Warm C,245810,1484,1483,3120,1914,1,0.016134802
Warm C,293798,1748,1747,3120,1914,0,0.012027706
Warm C,618325,3746,3745,3120,1914,0,0.011208457
Warm C,561605,3454,3453,3120,1914,0,0.012550454
Warm C,342545,2015,2014,3120,1914,1,0.0073293545
Warm C,193699,1194,1193,3120,1914,0,0.015193002
Warm C,552421,3401,3400,3130,1916,0,0.009587385
Warm C,571440,3504,3503,3130,1916,0,0.011127807
Warm C,548393,3384,3383,3130,1916,0,0.0048552062
Warm C,541045,3328,3327,3130,1916,0,-0.005723489
Warm C,575399,3519,3518,3130,1916,0,0.003989407
Warm C,518792,3201,3200,3130,1916,0,0.00042675924
Warm C,505189,3108,3107,3130,1916,0,0.015185615
Warm C,797624,4784,4783,3130,1916,0,0.008096065
Warm C,489657,3013,3012,3130,1916,0,0.021785554
Warm C,475144,2916,2915,3130,1916,0,-0.00059129857
Warm C,458020,2820,2819,3130,1916,0,0.017525673
Warm C,452280,2785,2784,3130,1916,0,0.00012731447
Warm C,444697,2743,2742,3130,1916,0,0.0043280036
Warm C,421712,2548,2547,3130,1916,0,-0.00077606784
Warm C,419818,2537,2536,3130,1916,0,0.014601364
Warm C,409233,2456,2455,3130,1916,0,-0.009054024
Warm C,405722,2433,2432,3130,1916,0,0.0068388255
Warm C,404582,2419,2418,3130,1916,0,0.010205934
Warm C,387311,2264,2263,3130,1916,0,0.008588999
Warm C,377295,2203,2202,3130,1916,0,0.01203632
Warm C,350484,2057,2056,3130,1916,0,0.004417452
Warm C,341650,2012,2011,3130,1916,0,0.0067056697
Warm C,275145,1666,1665,3130,1916,1,-0.0011123985
Warm C,259516,1587,1586,3130,1916,0,0.011889242
Warm C,242165,1459,1458,3130,1916,0,0.007525803
Warm C,212958,1297,1296,3130,1916,0,0.009764601
Warm C,279416,1680,1679,3130,1916,1,0.016857155
Warm C,196567,1207,1206,3130,1916,0,0.0055033234
Warm C,211045,1285,1284,3130,1916,0,0.014158718
Warm C,173711,1100,1099,3130,1916,0,2.6033958e-05
Warm C,328262,1941,1940,3130,1916,0,0.009608077
Warm C,143687,927,926,3130,1916,0,0.01780418
Warm C,156961,1010,1009,3130,1916,0,0.01939991
Warm C,136658,881,880,3130,1916,0,0.012391275
Warm C,131954,854,853,3130,1916,0,0.0126173785
Warm C,351969,2063,2062,3130,1916,0,0.018827483
Warm C,98884,660,659,3130,1916,0,0.017391874
Warm C,631629,3821,3820,3130,1916,0,0.011630304
Warm C,81742,543,542,3130,1916,0,0.006565941
Warm C,75469,513,512,3130,1916,0,0.010522811
Warm C,70194,474,473,3130,1916,0,0.008868285
Warm C,53493,352,351,3130,1916,0,0.011232076
Warm C,47268,319,318,3130,1916,0,0.014345757
Warm C,38791,264,263,3130,1916,0,0.009611489
Warm C,49204,329,328,3130,1916,0,0.01351079
Warm C,3554,26,25,3130,1916,0,0.014513296
Warm C,696420,4169,4168,3130,1916,0,0.017458277
Warm C,249873,1505,1504,3130,1916,0,0.009302753
Warm C,828738,4979,4978,3130,1916,0,0.0035327473
Warm C,171745,1088,1087,3130,1916,0,0.014514612
Warm C,195521,1203,1202,3130,1916,0,0.008171722
Warm C,134355,869,868,3130,1916,0,0.012635928
Warm C,160166,1019,1018,3130,1916,0,0.01493068
Warm C,223593,1354,1353,3130,1916,1,0.01244412
Warm C,795501,4765,4764,3130,1916,0,0.008282894
Warm C,992405,5996,5995,3130,1916,0,0.013603025
Warm C,941433,5682,5681,3130,1916,0,0.007806348
Warm C,304955,1812,1811,3130,1916,0,0.00997185
Warm C,574111,3514,3513,3134,1917,1,0.010576303
Warm C,567028,3481,3480,3134,1917,1,-0.0006068069
Warm C,565187,3474,3473,3134,1917,1,0.004476341
Warm C,556096,3417,3416,3134,1917,1,0.0053719277
Warm C,552974,3402,3401,3134,1917,1,0.011540973
Warm C,550258,3391,3390,3134,1917,1,0.013336107
Warm C,546862,3371,3370,3134,1917,1,0.008185945
Warm C,533404,3292,3291,3134,1917,1,0.012338185
Warm C,524516,3234,3233,3134,1917,1,-0.0068753506
Warm C,523223,3226,3225,3134,1917,1,0.0068550236
Warm C,513934,3171,3170,3134,1917,1,0.0008341244
Warm C,616675,3732,3731,3134,1917,0,0.008903871
Warm C,508248,3128,3127,3134,1917,1,0.010249113
Warm C,713150,4277,4276,3134,1917,1,0.006869358
Warm C,738182,4411,4410,3134,1917,1,0.014212081
Warm C,484141,2978,2977,3134,1917,1,0.00020870706
Warm C,482749,2967,2966,3134,1917,1,0.007389776
Warm C,479505,2942,2941,3134,1917,1,0.009880802
Warm C,852650,5113,5112,3134,1917,1,0.0021861396
Warm C,466190,2874,2873,3134,1917,0,-0.0009651735
Warm C,461542,2847,2846,3134,1917,1,-0.00039390277
Warm C,459411,2829,2828,3134,1917,1,0.013453988
Warm C,458022,2820,2819,3134,1917,1,0.0027203658
Warm C,455870,2807,2806,3134,1917,1,0.017124362
Warm C,448469,2764,2763,3134,1917,1,0.01621497
Warm C,446889,2753,2752,3134,1917,1,0.00406937
Warm C,413427,2486,2485,3134,1917,1,0.007182328
Warm C,403139,2407,2406,3134,1917,1,0.005933474
Warm C,401824,2397,2396,3134,1917,1,0.00728952
Warm C,385317,2251,2250,3134,1917,1,0.011789534
Warm C,381682,2231,2230,3134,1917,1,0.008362695
Warm C,364816,2124,2123,3134,1917,1,0.010407148
Warm C,361705,2109,2108,3134,1917,1,0.012458257
Warm C,357522,2092,2091,3134,1917,0,0.015936619
Warm C,347416,2038,2037,3134,1917,1,0.0106578395
Warm C,342557,2015,2014,3134,1917,0,0.008740307
Warm C,321505,1905,1904,3134,1917,1,0.009165198
Warm C,318953,1896,1895,3134,1917,1,-0.0038886531
Warm C,323198,1916,1915,3134,1917,0,0.009809119
Warm C,315947,1882,1881,3134,1917,1,0.007221948
Warm C,312673,1863,1862,3134,1917,1,0.0041012643
Warm C,306037,1821,1820,3134,1917,1,0.00045213453
Warm C,302681,1797,1796,3134,1917,1,0.006406346
Warm C,282309,1693,1692,3134,1917,1,0.0049244156
Warm C,292371,1741,1740,3134,1917,1,0.0070546255
Warm C,293811,1748,1747,3134,1917,1,0.0028918756
Warm C,269075,1632,1631,3134,1917,1,0.0058141085
Warm C,346248,2030,2029,3134,1917,1,0.014386322
Warm C,256662,1569,1568,3134,1917,1,0.009523844
Warm C,256544,1567,1566,3134,1917,1,0.005376971
Warm C,303294,1802,1801,3134,1917,1,-0.0006049267
Warm C,325446,1926,1925,3134,1917,1,0.0037119254
Warm C,284254,1698,1697,3134,1917,1,0.009153988
Warm C,320156,1899,1898,3134,1917,1,0.012834001
Warm C,218301,1323,1322,3134,1917,1,0.014670908
Warm C,199495,1224,1223,3134,1917,1,0.016286774
Warm C,374149,2181,2180,3134,1917,1,0.014887332
Warm C,334643,1974,1973,3134,1917,1,0.007288295
Warm C,184403,1147,1146,3134,1917,1,0.004468778
Warm C,180349,1128,1127,3134,1917,1,-0.0027066988
Warm C,191061,1181,1180,3134,1917,1,0.013731649
Warm C,160168,1019,1018,3134,1917,1,0.0076313308
Warm C,158313,1015,1014,3134,1917,1,0.0066401986
Warm C,152000,977,976,3134,1917,1,-0.00054568285
Warm C,149017,958,957,3134,1917,1,0.0008574403
Warm C,227851,1382,1381,3134,1917,1,0.016415197
Warm C,222106,1343,1342,3134,1917,1,0.0071859546
Warm C,143000,922,921,3134,1917,0,0.00272396
Warm C,138419,889,888,3134,1917,1,0.010600677
Warm C,201609,1242,1241,3134,1917,1,0.008950256
Warm C,131203,850,849,3134,1917,1,0.006854826
Warm C,694982,4164,4163,3134,1917,1,0.0064853923
Warm C,374845,2185,2184,3134,1917,1,0.010854825
Warm C,106806,702,701,3134,1917,0,0.014397467
Warm C,103593,688,687,3134,1917,1,0.009839089
Warm C,329387,1943,1942,3134,1917,0,0.015615886
Warm C,115679,750,749,3134,1917,1,0.006853595
Warm C,85608,558,557,3134,1917,1,0.01228104
Warm C,69507,466,465,3134,1917,1,0.0048838477
Warm C,605261,3679,3678,3134,1917,0,-0.00017428724
Warm C,626848,3792,3791,3134,1917,0,0.010468405
Warm C,48787,327,326,3134,1917,1,0.007989442
Warm C,133649,864,863,3134,1917,0,0.010870476
Warm C,947577,5722,5721,3134,1917,1,0.004862324
Warm C,592025,3610,3609,3134,1917,0,0.0037228793
Warm C,8756,59,58,3134,1917,1,0.009326832
Warm C,607722,3688,3687,3134,1917,1,0.0044001127
Warm C,739419,4418,4417,3134,1917,1,-0.0020435404
Warm C,74323,507,506,3134,1917,1,0.0064556436
Warm C,24243,173,172,3134,1917,1,0.010645889
Warm C,284874,1699,1698,3134,1917,1,0.009102118
Warm C,249874,1505,1504,3134,1917,1,0.0126055535
Warm C,744937,4448,4447,3134,1917,1,0.008693092
Warm C,369269,2159,2158,3134,1917,1,0.004132919
Warm C,287751,1717,1716,3134,1917,1,0.0035053822
Warm C,208827,1274,1273,3134,1917,1,0.011622516
Warm C,841169,5054,5053,3134,1917,0,0.012233511
Warm C,497265,3054,3053,3134,1917,1,0.011254371
Warm C,322451,1912,1911,3134,1917,0,0.007971297
Warm C,421052,2544,2543,3134,1917,1,-0.0039310516
Warm C,171746,1088,1087,3134,1917,1,0.00774962
Warm C,324983,1925,1924,3134,1917,0,0.0059109726
Warm C,916702,5539,5538,3134,1917,1,0.01271586
Warm C,27934,195,194,3134,1917,1,0.008533696
Warm C,176061,1113,1112,3134,1917,1,0.00965615
Warm C,691909,4140,4139,3135,1918,1,0.0062422324
Warm C,743925,4447,4446,3135,1918,0,0.00071395
Warm C,685560,4098,4097,3135,1918,0,0.005460258
Warm C,678591,4064,4063,3135,1918,1,0.00077261403
Warm C,678007,4063,4062,3135,1918,1,0.013064438
Warm C,675502,4053,4052,3135,1918,1,0.0022099358
Warm C,667095,4015,4014,3135,1918,0,0.0014858134
Warm C,665878,4007,4006,3135,1918,1,0.004881247
Warm C,664064,3999,3998,3135,1918,1,0.005041413
Warm C,660406,3981,3980,3135,1918,0,0.0046935063
Warm C,648259,3903,3902,3135,1918,1,0.0021311939
Warm C,639164,3842,3841,3135,1918,0,-0.00075717317
Warm C,632481,3823,3822,3135,1918,1,0.009964326
Warm C,638270,3841,3840,3135,1918,1,0.0038149788
Warm C,653574,3940,3939,3135,1918,1,0.00609413
Warm C,619554,3754,3753,3135,1918,1,-0.001034424
Warm C,744938,4448,4447,3135,1918,0,-0.005741367
Warm C,611166,3705,3704,3135,1918,1,-0.00092286256
Warm C,726492,4345,4344,3135,1918,1,-0.0063278712
Warm C,595268,3621,3620,3135,1918,1,-0.0026178295
Warm C,590167,3600,3599,3135,1918,1,0.00512453
Warm C,587034,3585,3584,3135,1918,1,0.0049555833
Warm C,576208,3521,3520,3135,1918,1,0.00035034865
Warm C,569285,3491,3490,3135,1918,1,0.0024273796
Warm C,593956,3618,3617,3135,1918,0,0.008856122
Warm C,566315,3476,3475,3135,1918,1,-0.007154457
Warm C,549101,3389,3388,3135,1918,0,0.011058094
Warm C,541243,3329,3328,3135,1918,1,0.0035670719
Warm C,533405,3292,3291,3135,1918,1,0.00834319
Warm C,522657,3224,3223,3135,1918,1,0.0032465097
Warm C,520064,3208,3207,3135,1918,0,0.01389924
Warm C,510533,3146,3145,3135,1918,1,0.002317375
Warm C,509002,3131,3130,3135,1918,0,0.003552887
Warm C,505190,3108,3107,3135,1918,0,0.0045323535
Warm C,485797,2990,2989,3135,1918,1,-0.018330041
Warm C,482750,2967,2966,3135,1918,1,0.0066834334
Warm C,696423,4169,4168,3135,1918,1,0.003267365
Warm C,471652,2901,2900,3135,1918,1,0.008337169
Warm C,567529,3483,3482,3135,1918,1,0.0019501166
Warm C,466887,2878,2877,3135,1918,0,0.012702035
Warm C,462629,2854,2853,3135,1918,0,0.003760491
Warm C,459173,2826,2825,3135,1918,0,-0.0037095258
Warm C,464204,2860,2859,3135,1918,1,-0.0011796237
Warm C,897611,5428,5427,3135,1918,1,-0.0043966356
Warm C,564487,3471,3470,3135,1918,0,0.017377613
Warm C,470010,2895,2894,3135,1918,1,0.0030650124
Warm C,446890,2753,2752,3135,1918,1,0.0038446207
Warm C,443350,2733,2732,3135,1918,1,0.00051124766
Warm C,442594,2726,2725,3135,1918,1,0.00259376
Warm C,437972,2676,2675,3135,1918,1,-0.0014643079
Warm C,433659,2643,2642,3135,1918,0,0.016160198
Warm C,428054,2602,2601,3135,1918,0,-0.00054562977
Warm C,426974,2592,2591,3135,1918,0,-0.0020946774
Warm C,419819,2537,2536,3135,1918,0,0.010451375
Warm C,418127,2526,2525,3135,1918,1,0.0031898213
Warm C,411871,2476,2475,3135,1918,1,0.010544547
Warm C,414635,2496,2495,3135,1918,0,0.0053499327
Warm C,411593,2472,2471,3135,1918,1,-0.0012369996
Warm C,398270,2368,2367,3135,1918,1,-0.00018577743
Warm C,436496,2665,2664,3135,1918,1,0.003911156
Warm C,389003,2279,2278,3135,1918,0,0.006847787
Warm C,372301,2174,2173,3135,1918,1,-0.004429563
Warm C,372060,2173,2172,3135,1918,0,-0.0035949291
Warm C,369958,2164,2163,3135,1918,1,-0.003475859
Warm C,366978,2140,2139,3135,1918,1,0.002209805
Warm C,364817,2124,2123,3135,1918,1,-0.0015857697
Warm C,347664,2039,2038,3135,1918,1,0.0046913526
Warm C,343672,2018,2017,3135,1918,1,-0.014122749
Warm C,340187,2008,2007,3135,1918,1,0.007838098
Warm C,344140,2020,2019,3135,1918,0,0.0060727093
Warm C,332240,1960,1959,3135,1918,1,0.0028680386
Warm C,282041,1692,1691,3135,1918,1,0.007353357
Warm C,279417,1680,1679,3135,1918,1,0.002630109
Warm C,269076,1632,1631,3135,1918,0,0.0040109884
Warm C,260121,1591,1590,3135,1918,1,0.0137847215
Warm C,350741,2059,2058,3135,1918,1,0.0046600513
Warm C,283216,1696,1695,3135,1918,1,0.008635603
Warm C,312366,1861,1860,3135,1918,1,0.003236391
Warm C,205874,1264,1263,3135,1918,0,-0.003872209
Warm C,213524,1298,1297,3135,1918,1,0.010276574
Warm C,207541,1268,1267,3135,1918,1,0.000755396
Warm C,199496,1224,1223,3135,1918,1,0.0059521887
Warm C,197009,1209,1208,3135,1918,0,-0.0004997244
Warm C,188616,1170,1169,3135,1918,1,0.00021361478
Warm C,177598,1119,1118,3135,1918,1,0.009661957
Warm C,167909,1068,1067,3135,1918,1,0.008924352
Warm C,162948,1040,1039,3135,1918,1,0.0036063194
Warm C,320157,1899,1898,3135,1918,1,0.001272364
Warm C,153105,984,983,3135,1918,1,0.01212726
Warm C,338187,1988,1987,3135,1918,1,0.01018941
Warm C,222107,1343,1342,3135,1918,1,-0.0025922377
Warm C,713151,4277,4276,3135,1918,1,0.0037574891
Warm C,315328,1880,1879,3135,1918,0,0.006116626
Warm C,124520,801,800,3135,1918,1,0.0030667237
Warm C,135042,873,872,3135,1918,1,0.005279897
Warm C,106807,702,701,3135,1918,0,0.0029301848
Warm C,631633,3821,3820,3135,1918,0,0.0015761687
Warm C,284255,1698,1697,3135,1918,1,-6.481493e-05
Warm C,89814,591,590,3135,1918,1,0.0073896116
Warm C,191062,1181,1180,3135,1918,0,0.0053013647
Warm C,83228,549,548,3135,1918,1,0.0046656085
Warm C,228332,1383,1382,3135,1918,1,-0.00092846155
Warm C,66577,445,444,3135,1918,1,-0.0011701784
Warm C,71565,481,480,3135,1918,1,0.0021353208
Warm C,63712,425,424,3135,1918,1,0.0033863736
Warm C,211046,1285,1284,3135,1918,1,0.013744538
Warm C,53499,352,351,3135,1918,1,0.0008939374
Warm C,241276,1451,1450,3135,1918,1,0.0074608047
Warm C,42064,285,284,3135,1918,1,-0.0010041147
Warm C,145375,935,934,3135,1918,1,-0.00065503665
Warm C,537989,3312,3311,3135,1918,1,0.0022301266
Warm C,35214,238,237,3135,1918,1,0.0029659644
Warm C,27505,193,192,3135,1918,1,-0.006902714
Warm C,21931,161,160,3135,1918,1,-0.0076929964
Warm C,19838,149,148,3135,1918,1,0.003495418
Warm C,123451,796,795,3135,1918,0,0.0063526463
Warm C,20359,150,149,3135,1918,1,-0.002110272
Warm C,357523,2092,2091,3135,1918,1,-0.0049250424
Warm C,421053,2544,2543,3135,1918,1,0.0041958955
Warm C,18597,146,145,3135,1918,1,0.0047828746
Warm C,552422,3401,3400,3135,1918,0,0.009716496
Warm C,524423,3233,3232,3135,1918,1,-0.0004450843
Warm C,158314,1015,1014,3135,1918,1,0.0030268552
Warm C,249875,1505,1504,3135,1918,1,0.007981846
Warm C,339204,1998,1997,3135,1918,0,0.016124513
Warm C,383252,2239,2238,3135,1918,0,-0.0008778076
Warm C,204613,1260,1259,3135,1918,1,-0.0017849077
Warm C,680684,4079,4078,3135,1918,1,-0.00038915593
Warm C,633351,3824,3823,3135,1918,0,0.011020833
Warm C,47271,319,318,3135,1918,1,0.006067139
Warm C,841170,5054,5053,3135,1918,0,0.010046182
Warm C,384493,2246,2245,3135,1918,1,-0.0028711092
Warm C,319398,1897,1896,3135,1918,1,0.0089509655
Warm C,739420,4418,4417,3135,1918,0,0.0039220136
Warm C,555048,3413,3412,3135,1918,1,-0.0014282957
Warm C,102348,678,677,3138,1919,0,0.02067665
Warm C,204615,1260,1259,3138,1919,0,0.021648647
Warm C,397927,2362,2361,3138,1919,1,0.0066542816
Warm C,764029,4543,4542,3138,1919,0,0.009300118
Warm C,111678,727,726,3138,1919,0,0.018371826
Warm C,974368,5878,5877,3138,1919,0,0.01608118
Warm C,160180,1019,1018,3141,1920,0,0.008157345
Warm C,141557,911,910,3141,1920,1,0.011704367
Warm C,539953,3320,3319,3142,1921,1,0.02643851
Warm C,514568,3178,3177,3142,1921,0,0.012717618
Warm C,605852,3681,3680,3142,1921,1,0.01848564
Warm C,508687,3129,3128,3142,1921,1,0.019977868
Warm C,504829,3106,3105,3142,1921,0,0.008012548
Warm C,480969,2953,2952,3142,1921,0,0.014713181
Warm C,474918,2914,2913,3142,1921,1,0.0046112915
Warm C,515542,3182,3181,3142,1921,0,0.017694943
Warm C,462633,2854,2853,3142,1921,0,0.013756924
Warm C,457381,2818,2817,3142,1921,0,0.014840479
Warm C,451792,2781,2780,3142,1921,1,0.008199993
Warm C,459176,2826,2825,3142,1921,0,0.009498167
Warm C,429509,2615,2614,3142,1921,1,0.0021715267
Warm C,415947,2505,2504,3142,1921,1,0.010585152
Warm C,416688,2507,2506,3142,1921,0,0.017110532
Warm C,404590,2419,2418,3142,1921,0,0.019828955
Warm C,399132,2376,2375,3142,1921,0,0.033714574
Warm C,387036,2263,2262,3142,1921,0,0.015206642
Warm C,377874,2205,2204,3142,1921,0,0.014194614
Warm C,369190,2158,2157,3142,1921,1,0.0014815375
Warm C,364823,2124,2123,3142,1921,1,0.014026109
Warm C,358915,2100,2099,3142,1921,1,0.017905077
Warm C,295303,1753,1752,3142,1921,1,0.014285964
Warm C,274755,1661,1660,3142,1921,1,0.010201975
Warm C,284877,1699,1698,3142,1921,0,0.021687618
Warm C,269085,1632,1631,3142,1921,0,0.023330905
Warm C,252059,1525,1524,3142,1921,0,0.0005158158
Warm C,247198,1494,1493,3142,1921,0,0.019176858
Warm C,284267,1698,1697,3142,1921,1,0.020500766
Warm C,215323,1305,1304,3142,1921,1,0.0074541443
Warm C,289383,1727,1726,3142,1921,1,0.015067209
Warm C,296514,1758,1757,3142,1921,1,0.028409146
Warm C,592031,3610,3609,3142,1921,0,0.008361224
Warm C,197012,1209,1208,3142,1921,1,0.012445079
Warm C,214924,1303,1302,3142,1921,0,0.018553164
Warm C,307516,1835,1834,3142,1921,1,0.012275607
Warm C,226143,1369,1368,3142,1921,0,0.008379798
Warm C,212966,1297,1296,3142,1921,0,0.008912842
Warm C,221431,1340,1339,3142,1921,0,0.01810178
Warm C,133541,863,862,3142,1921,1,0.010704585
Warm C,180355,1128,1127,3142,1921,0,0.011825251
Warm C,127950,826,825,3142,1921,1,0.00286395
Warm C,211056,1285,1284,3142,1921,1,0.023007644
Warm C,116316,752,751,3142,1921,0,0.010125248
Warm C,112890,732,731,3142,1921,1,0.013794392
Warm C,160181,1019,1018,3142,1921,0,0.004940862
Warm C,108066,710,709,3142,1921,0,0.0071926136
Warm C,239047,1448,1447,3142,1921,1,0.01856689
Warm C,83239,549,548,3142,1921,1,0.027208766
Warm C,74426,508,507,3142,1921,1,0.009857027
Warm C,201619,1242,1241,3142,1921,1,0.014238831
Warm C,45168,305,304,3142,1921,0,0.0038616944
Warm C,38210,261,260,3142,1921,1,0.009464454
Warm C,947579,5722,5721,3142,1921,0,0.008384992
Warm C,18051,139,138,3142,1921,0,0.019391466
Warm C,9171,62,61,3142,1921,1,0.0017682351
Warm C,6691,48,47,3142,1921,1,0.0032830313
Warm C,24255,173,172,3142,1921,1,0.011751964
Warm C,19254,148,147,3142,1921,1,0.016393673
Warm C,167118,1063,1062,3142,1921,1,0.012385715
Warm C,873963,5277,5276,3142,1921,0,0.016891103
Warm C,265151,1611,1610,3142,1921,1,0.013826789
Warm C,241287,1451,1450,3142,1921,1,0.0101426095
Warm C,161369,1029,1028,3142,1921,0,0.01802077
Warm C,958851,5787,5786,3142,1921,1,0.016035773
Warm C,229662,1390,1389,3142,1921,1,0.017359031
Warm C,473765,2909,2908,3142,1921,0,0.012882725
Warm C,5218,36,35,3142,1921,1,0.021394307
Warm C,639172,3842,3841,3142,1921,0,0.014384404
Warm C,63064,424,423,3142,1921,1,0.013837441
Warm C,333921,1969,1968,3165,1934,0,0.0057046534
Warm C,634074,3825,3824,3167,1935,0,0.0041377395
Warm C,632505,3823,3822,3167,1935,1,0.0033859108
Warm C,629593,3808,3807,3167,1935,0,0.0053389175
Warm C,638307,3841,3840,3167,1935,0,0.00974652
Warm C,622735,3769,3768,3167,1935,0,-0.0024533905
Warm C,616218,3729,3728,3167,1935,1,-0.001957836
Warm C,613944,3718,3717,3167,1935,1,0.003193588
Warm C,611201,3705,3704,3167,1935,1,0.007868804
Warm C,587042,3585,3584,3167,1935,0,-0.0047677704
Warm C,577956,3529,3528,3167,1935,0,0.0036191915
Warm C,594007,3618,3617,3167,1935,0,0.011347404
Warm C,563771,3469,3468,3167,1935,0,0.0003778804
Warm C,549502,3390,3389,3167,1935,1,0.019489806
Warm C,632048,3822,3821,3167,1935,1,0.004884507
Warm C,547999,3380,3379,3167,1935,0,0.005420781
Warm C,539589,3319,3318,3167,1935,0,0.0038889234
Warm C,558238,3428,3427,3167,1935,1,0.010332085
Warm C,533433,3292,3291,3167,1935,0,0.010599755
Warm C,522702,3224,3223,3167,1935,1,0.008149272
Warm C,519813,3207,3206,3167,1935,0,0.003929235
Warm C,518802,3201,3200,3167,1935,1,0.0079025505
Warm C,509527,3138,3137,3167,1935,0,0.0047360603
Warm C,505204,3108,3107,3167,1935,0,0.010788237
Warm C,797633,4784,4783,3167,1935,1,0.003739279
Warm C,546125,3367,3366,3167,1935,1,0.009735398
Warm C,494276,3032,3031,3167,1935,1,-0.003140504
Warm C,696467,4169,4168,3167,1935,1,0.0075912545
Warm C,794622,4753,4752,3167,1935,0,-0.0049775788
Warm C,601656,3658,3657,3167,1935,0,-0.0030323428
Warm C,459183,2826,2825,3167,1935,1,0.0053108754
Warm C,446906,2753,2752,3167,1935,1,0.00094533165
Warm C,439622,2685,2684,3167,1935,0,0.006890867
Warm C,414924,2497,2496,3167,1935,1,0.0044158166
Warm C,406463,2438,2437,3167,1935,1,0.0046769897
Warm C,464224,2860,2859,3167,1935,1,0.0075929845
Warm C,396678,2348,2347,3167,1935,1,0.0060162283
Warm C,389012,2279,2278,3167,1935,1,0.0013912499
Warm C,381696,2231,2230,3167,1935,0,0.0038863786
Warm C,378759,2211,2210,3167,1935,1,0.0025588577
Warm C,372071,2173,2172,3167,1935,1,0.0053122146
Warm C,366987,2140,2139,3167,1935,0,0.0012850014
Warm C,364834,2124,2123,3167,1935,1,0.0056167934
Warm C,359452,2102,2101,3167,1935,0,0.0068151373
Warm C,361740,2109,2108,3167,1935,0,0.01001766
Warm C,347423,2038,2037,3167,1935,1,0.01231559
Warm C,340193,2008,2007,3167,1935,1,0.005164887
Warm C,325466,1926,1925,3167,1935,1,0.0024027464
Warm C,323215,1916,1915,3167,1935,1,0.003394605
Warm C,318409,1891,1890,3167,1935,0,0.0113816885
Warm C,298349,1768,1767,3167,1935,0,0.0040387763
Warm C,291996,1740,1739,3167,1935,1,-0.0028281743
Warm C,279484,1680,1679,3167,1935,1,0.00879303
Warm C,271636,1642,1641,3167,1935,1,-0.00031087105
Warm C,269099,1632,1631,3167,1935,0,-0.0007288159
Warm C,259539,1587,1586,3167,1935,0,0.0008603422
Warm C,631661,3821,3820,3167,1935,1,0.005775196
Warm C,226770,1375,1374,3167,1935,0,0.0053124838
Warm C,225104,1361,1360,3167,1935,1,-0.0011621302
Warm C,320179,1899,1898,3167,1935,1,0.006765434
Warm C,218046,1322,1321,3167,1935,0,0.006598328
Warm C,244050,1470,1469,3167,1935,0,-0.0005537588
Warm C,188627,1170,1169,3167,1935,1,0.007111517
Warm C,153132,984,983,3167,1935,0,0.0016646166
Warm C,338212,1988,1987,3167,1935,1,0.0065406635
Warm C,185448,1150,1149,3167,1935,1,-0.0016977119
Warm C,138474,889,888,3167,1935,0,0.0057842545
Warm C,135046,873,872,3167,1935,0,0.0064791283
Warm C,201634,1242,1241,3167,1935,1,0.0004055756
Warm C,315359,1880,1879,3167,1935,1,0.006433246
Warm C,160199,1019,1018,3167,1935,1,0.006020048
Warm C,106822,702,701,3167,1935,0,0.01652627
Warm C,83264,549,548,3167,1935,1,0.0083178105
Warm C,77650,524,523,3167,1935,1,0.008320607
Warm C,211082,1285,1284,3167,1935,1,-0.0041255937
Warm C,61206,412,411,3167,1935,0,0.011919453
Warm C,145392,935,934,3167,1935,1,-0.0021172496
Warm C,46791,314,313,3167,1935,1,0.0020767741
Warm C,31930,216,215,3167,1935,1,0.015377987
Warm C,88872,587,586,3167,1935,1,0.010592696
Warm C,947582,5722,5721,3167,1935,1,0.002476138
Warm C,9805,67,66,3167,1935,1,-0.0012949649
Warm C,15488,123,122,3167,1935,0,0.010197172
Warm C,4540,33,32,3167,1935,0,0.0013577286
Warm C,357548,2092,2091,3167,1935,1,0.012002671
Warm C,60607,411,410,3167,1935,0,0.0031942641
Warm C,55243,366,365,3167,1935,1,0.007516095
Warm C,56247,375,374,3167,1935,0,0.00094313826
Warm C,458054,2820,2819,3167,1935,1,0.005650725
Warm C,552451,3401,3400,3167,1935,0,0.0052158698
Warm C,234189,1422,1421,3167,1935,0,-0.0013698763
Warm C,843977,5074,5073,3167,1935,1,0.010860491
Warm C,158361,1015,1014,3167,1935,1,0.0063303374
Warm C,249890,1505,1504,3167,1935,1,0.0009598951
Warm C,713175,4277,4276,3167,1935,0,0.007256636
Warm C,287771,1717,1716,3167,1935,1,0.008343588
Warm C,841182,5054,5053,3167,1935,1,0.01552791
Warm C,319422,1897,1896,3167,1935,1,0.0019409559
Warm C,993886,6002,6001,3167,1935,0,0.009256933
Warm C,739424,4418,4417,3167,1935,0,0.0030078627
Warm C,276313,1671,1670,3167,1935,1,0.007188274
Warm C,290325,1733,1732,3167,1935,1,0.009767306
Warm C,821592,4940,4939,3167,1935,1,0.0134770125
Warm C,916712,5539,5538,3167,1935,1,0.008779189
Warm C,63085,424,423,3167,1935,1,0.00732525
Warm C,747945,4463,4462,3167,1935,1,0.0057454584
Warm C,793428,4744,4743,3167,1935,0,0.009692568
Warm C,580022,3540,3539,3177,1942,0,0.0070797624
Warm C,579492,3539,3538,3177,1942,0,0.020955319
Warm C,578530,3536,3535,3177,1942,0,-0.0026930843
Warm C,569334,3491,3490,3177,1942,0,0.010883724
Warm C,581366,3550,3549,3177,1942,1,0.016276868
Warm C,562099,3458,3457,3177,1942,0,0.012212968
Warm C,547268,3375,3374,3177,1942,1,0.0025545903
Warm C,541524,3332,3331,3177,1942,1,0.01616846
Warm C,537286,3311,3310,3177,1942,0,0.012118053
Warm C,532760,3290,3289,3177,1942,0,0.0016585172
Warm C,527525,3261,3260,3177,1942,0,0.006871435
Warm C,525487,3245,3244,3177,1942,0,0.0012910345
Warm C,521766,3219,3218,3177,1942,0,0.010171804
Warm C,518352,3199,3198,3177,1942,0,0.009069618
Warm C,517437,3193,3192,3177,1942,1,0.007276409
Warm C,516094,3185,3184,3177,1942,0,0.0026666606
Warm C,515572,3182,3181,3177,1942,0,0.01157167
Warm C,510901,3149,3148,3177,1942,1,0.0053852974
Warm C,510385,3144,3143,3177,1942,1,0.008480805
Warm C,509080,3133,3132,3177,1942,1,-0.0033306058
Warm C,498983,3066,3065,3177,1942,0,0.010745592
Warm C,753316,4489,4488,3177,1942,0,0.009480801
Warm C,487942,3001,3000,3177,1942,0,0.012812307
Warm C,455014,2800,2799,3177,1942,0,-0.000105976826
Warm C,412895,2484,2483,3177,1942,0,0.02004785
Warm C,387043,2263,2262,3177,1942,0,0.00881399
Warm C,384380,2245,2244,3177,1942,0,-0.0063480875
Warm C,382618,2236,2235,3177,1942,0,0.007234811
Warm C,378941,2212,2211,3177,1942,0,0.009504149
Warm C,370528,2166,2165,3177,1942,0,0.01231561
Warm C,367956,2148,2147,3177,1942,1,0.008624082
Warm C,355552,2081,2080,3177,1942,0,0.0051624686
Warm C,361754,2109,2108,3177,1942,0,0.0032329366
Warm C,358931,2100,2099,3177,1942,0,0.013013544
Warm C,340750,2010,2009,3177,1942,0,0.011770757
Warm C,334172,1970,1969,3177,1942,0,-0.0009519792
Warm C,363175,2116,2115,3177,1942,0,0.015539879
Warm C,321868,1910,1909,3177,1942,1,0.011939351
Warm C,306229,1824,1823,3177,1942,0,0.010327753
Warm C,304309,1807,1806,3177,1942,1,0.0032544741
Warm C,330555,1951,1950,3177,1942,0,0.016654912
Warm C,300930,1785,1784,3177,1942,0,0.0050417017
Warm C,285049,1700,1699,3177,1942,1,0.0075567113
Warm C,297598,1764,1763,3177,1942,1,0.010109235
Warm C,277811,1676,1675,3177,1942,0,0.010336647
Warm C,285981,1706,1705,3177,1942,0,0.0060175285
Warm C,250932,1514,1513,3177,1942,0,0.009916747
Warm C,281915,1691,1690,3177,1942,0,0.002671213
Warm C,296839,1759,1758,3177,1942,0,0.013533288
Warm C,204967,1261,1260,3177,1942,1,0.00013524923
Warm C,201182,1241,1240,3177,1942,1,-0.0006327373
Warm C,173130,1097,1096,3177,1942,0,0.006687751
Warm C,163468,1047,1046,3177,1942,0,0.008678328
Warm C,230568,1395,1394,3177,1942,1,0.010227488
Warm C,146272,940,939,3177,1942,0,0.0037827857
Warm C,185470,1150,1149,3177,1942,0,0.02051716
Warm C,138501,889,888,3177,1942,0,0.01618396
Warm C,135176,875,874,3177,1942,1,-0.003391963
Warm C,133358,861,860,3177,1942,0,0.009990583
Warm C,128574,832,831,3177,1942,0,-0.0005437946
Warm C,114916,746,745,3177,1942,0,0.012558811
Warm C,166787,1060,1059,3177,1942,1,0.010121282
Warm C,103455,687,686,3177,1942,0,0.0014119011
Warm C,100902,673,672,3177,1942,0,0.0064448547
Warm C,91658,608,607,3177,1942,0,0.009187575
Warm C,176082,1113,1112,3177,1942,0,0.014334619
Warm C,87541,572,571,3177,1942,0,0.005785385
Warm C,119347,770,769,3177,1942,0,0.010077123
Warm C,81770,543,542,3177,1942,1,0.005377353
Warm C,64290,429,428,3177,1942,0,0.0029994273
Warm C,251194,1516,1515,3177,1942,0,0.019225566
Warm C,317799,1889,1888,3177,1942,0,0.022594621
Warm C,88876,587,586,3177,1942,0,0.009410553
Warm C,139225,890,889,3177,1942,1,0.0045731263
Warm C,41728,284,283,3177,1942,0,0.006628546
Warm C,39514,268,267,3177,1942,0,0.0027241977
Warm C,40697,273,272,3177,1942,0,0.012637888
Warm C,888821,5367,5366,3177,1942,0,0.010558398
Warm C,88217,582,581,3177,1942,1,0.011366137
Warm C,433224,2641,2640,3177,1942,0,0.004709626
Warm C,22436,163,162,3177,1942,1,0.011202107
Warm C,210213,1284,1283,3177,1942,0,0.011489689
Warm C,352040,2063,2062,3177,1942,0,0.021451559
Warm C,287314,1715,1714,3177,1942,0,0.0026299043
Warm C,355021,2077,2076,3177,1942,0,0.010365566
Warm C,548573,3386,3385,3177,1942,0,-0.000784002
Warm C,45346,306,305,3177,1942,0,0.0043631704
Warm C,55554,368,367,3177,1942,0,0.007033778
Warm C,371050,2168,2167,3177,1942,0,0.007170648
Warm C,622233,3768,3767,3177,1942,0,0.010848678
Warm C,290345,1733,1732,3177,1942,0,0.019018382
Warm C,273073,1647,1646,3177,1942,0,0.014974319
Warm C,272275,1645,1644,3177,1942,0,0.016484182
Warm C,78541,528,527,3177,1942,0,0.016512886
Warm C,310752,1851,1850,3177,1942,0,0.007951109
Warm C,863909,5205,5204,3177,1942,0,0.010534095
Warm C,13134,102,101,3177,1942,0,0.011194035
Warm C,933523,5636,5635,3177,1942,0,0.013226802
Warm C,476407,2926,2925,3177,1942,0,0.0094581
Warm C,136705,881,880,3177,1942,0,0.019401148
Warm C,532231,3285,3284,3177,1942,0,0.0072783353
Warm C,511180,3152,3151,3177,1942,0,-0.0010744717
Warm C,785788,4697,4696,3177,1942,1,0.008750288
Warm C,941451,5682,5681,3177,1942,1,0.0027357652
Warm C,461569,2847,2846,3177,1942,0,0.0041363537
Warm C,83282,549,548,3177,1942,0,0.013387225
Warm C,33907,229,228,3177,1942,0,0.0063545657
Warm C,382063,2232,2231,3177,1942,0,0.010167922
Warm C,116376,752,751,3180,1945,0,0.006908964
Warm C,32475,218,217,3180,1945,0,-0.00072934595
Warm C,31504,214,213,3180,1945,0,0.013283815
Warm C,29736,202,201,3180,1945,0,0.004171292
Warm C,764053,4543,4542,3180,1945,0,0.008304764
Warm C,119355,770,769,3180,1945,0,0.009617413
Warm C,363187,2116,2115,3180,1945,0,-0.003663546
Warm C,499554,3067,3066,3180,1945,0,0.0042928597
Warm C,52980,349,348,3180,1945,0,0.0088023115
Warm C,179695,1125,1124,3180,1945,0,0.0017405611
Warm C,448760,2765,2764,3181,1946,1,0.009254156
Warm C,444104,2738,2737,3181,1946,1,0.0022072666
Warm C,580029,3540,3539,3181,1946,1,-0.005711465
Warm C,574332,3516,3515,3181,1946,1,0.007517832
Warm C,427253,2593,2592,3181,1946,1,0.0052275015
Warm C,426252,2589,2588,3181,1946,1,0.007396497
Warm C,428614,2608,2607,3181,1946,0,0.01759252
Warm C,421416,2545,2544,3181,1946,0,0.011281747
Warm C,415803,2504,2503,3181,1946,0,0.006070851
Warm C,411084,2466,2465,3181,1946,0,0.0078511
Warm C,399157,2376,2375,3181,1946,1,0.009198776
Warm C,428155,2604,2603,3181,1946,1,-0.0035459376
Warm C,391667,2303,2302,3181,1946,1,0.0019213891
Warm C,386656,2261,2260,3181,1946,1,0.0074162385
Warm C,382941,2237,2236,3181,1946,1,0.004461636
Warm C,372079,2173,2172,3181,1946,0,0.010677145
Warm C,340761,2010,2009,3181,1946,0,0.010797078
Warm C,337508,1984,1983,3181,1946,0,0.0058750627
Warm C,360918,2106,2105,3181,1946,1,-0.00013878685
Warm C,274451,1658,1657,3181,1946,1,0.010531476
Warm C,269123,1632,1631,3181,1946,0,0.007514772
Warm C,246381,1489,1488,3181,1946,0,0.0097493045
Warm C,325481,1926,1925,3181,1946,1,0.0024716496
Warm C,244072,1470,1469,3181,1946,1,0.0046781525
Warm C,294380,1749,1748,3181,1946,0,0.0033227368
Warm C,196612,1207,1206,3181,1946,1,0.009893292
Warm C,181467,1134,1133,3181,1946,1,-0.00091692014
Warm C,175046,1109,1108,3181,1946,1,0.0015057921
Warm C,263466,1605,1604,3181,1946,1,0.0009457732
Warm C,168551,1069,1068,3181,1946,0,0.015008262
Warm C,153158,984,983,3181,1946,0,0.014209212
Warm C,150089,966,965,3181,1946,0,0.008734653
Warm C,217170,1317,1316,3181,1946,1,0.010302721
Warm C,138516,889,888,3181,1946,0,0.010064768
Warm C,178227,1120,1119,3181,1946,1,0.009423634
Warm C,248418,1499,1498,3181,1946,0,0.0083657
Warm C,115145,748,747,3181,1946,1,0.008217593
Warm C,114920,746,745,3181,1946,0,0.011710311
Warm C,223090,1352,1351,3181,1946,1,-0.00012792973
Warm C,100911,673,672,3181,1946,1,-0.00532105
Warm C,109356,714,713,3181,1946,1,0.0076894923
Warm C,177054,1117,1116,3181,1946,1,0.005784681
Warm C,77674,524,523,3181,1946,1,0.010007475
Warm C,113876,738,737,3181,1946,0,-0.0012810173
Warm C,65449,438,437,3181,1946,1,0.0061385715
Warm C,155416,1001,1000,3181,1946,1,0.015080802
Warm C,784148,4682,4681,3181,1946,1,0.010416049
Warm C,67053,451,450,3181,1946,1,-0.0019691472
Warm C,317807,1889,1888,3181,1946,0,0.01186185
Warm C,41440,281,280,3181,1946,0,0.0032276558
Warm C,864248,5208,5207,3181,1946,1,0.0066662785
Warm C,34102,230,229,3181,1946,1,0.007896365
Warm C,235088,1425,1424,3181,1946,1,0.007465256
Warm C,720129,4312,4311,3181,1946,1,0.0045287195
Warm C,153803,988,987,3181,1946,0,0.0015788047
Warm C,133457,862,861,3181,1946,0,0.005448142
Warm C,223643,1354,1353,3181,1946,1,0.00046646432
Warm C,55257,366,365,3181,1946,1,0.0057950085
Warm C,206985,1266,1265,3181,1946,0,0.0015110519
Warm C,93046,623,622,3181,1946,1,0.009667889
Warm C,450077,2775,2774,3181,1946,1,0.00990803
Warm C,158391,1015,1014,3181,1946,1,0.0076457816
Warm C,808550,4842,4841,3181,1946,1,0.0056569916
Warm C,93350,624,623,3181,1946,0,-0.00077532325
Warm C,28051,195,194,3181,1946,1,0.015812062
Warm C,149663,963,962,3181,1946,1,0.0024928357
Warm C,34681,235,234,3181,1946,1,0.0013421276
Warm C,129529,839,838,3181,1946,1,0.0075492226
Warm C,238056,1447,1446,3181,1946,1,0.020325188
Warm C,713188,4277,4276,3181,1946,0,0.02235216
Warm C,392901,2307,2306,3181,1946,1,0.022340633
Warm C,182096,1137,1136,3181,1946,1,0.019023895
Warm C,895699,5413,5412,3181,1946,0,0.0051129567
Warm C,750454,4478,4477,3181,1946,1,0.011274492
Warm C,384504,2246,2245,3181,1946,1,0.0026995481
Warm C,567579,3483,3482,3181,1946,0,0.017596288
Warm C,804329,4816,4815,3181,1946,1,0.008329833
Warm C,564543,3471,3470,3181,1946,0,0.020780496
Warm C,801448,4802,4801,3181,1946,1,0.018107183
Warm C,484335,2980,2979,3181,1946,1,-0.000111832516
Warm C,744968,4448,4447,3181,1946,1,0.014104551
Warm C,329434,1943,1942,3181,1946,1,0.023340724
Warm C,352053,2063,2062,3181,1946,0,0.00429165
Warm C,229340,1389,1388,3181,1946,1,0.010045722
Warm C,160222,1019,1018,3181,1946,1,0.012255693
Warm C,309680,1842,1841,3181,1946,1,0.007913122
Warm C,117197,755,754,3181,1946,0,0.0018540188
Warm C,195576,1203,1202,3181,1946,1,0.006251665
Warm C,772711,4607,4606,3181,1946,1,0.019255737
Warm C,206398,1265,1264,3181,1946,1,0.010559679
Warm C,211118,1285,1284,3181,1946,0,0.014298363
Warm C,841189,5054,5053,3181,1946,0,-0.00073500536
Warm C,285392,1701,1700,3181,1946,1,0.0061698635
Warm C,986669,5956,5955,3181,1946,0,0.011665865
Warm C,699723,4186,4185,3181,1946,0,0.021954872
Warm C,144393,930,929,3181,1946,0,0.01630347
Warm C,290350,1733,1732,3181,1946,1,0.017841056
Warm C,966875,5831,5830,3181,1946,1,0.017672084
Warm C,886934,5359,5358,3181,1946,0,0.011372907
Warm C,171820,1088,1087,3181,1946,1,0.02107248
Warm C,187713,1164,1163,3181,1946,1,0.0013228361
Warm C,193761,1194,1193,3181,1946,0,0.0063424297
Warm C,372662,2176,2175,3181,1946,1,0.010007228
Warm C,284320,1698,1697,3182,1947,1,0.0055359798
Warm C,215324,1305,1304,3182,1947,1,0.0024843202
Warm C,211120,1285,1284,3182,1947,1,0.018930133
Warm C,208855,1274,1273,3182,1947,1,0.013525985
Warm C,201653,1242,1241,3182,1947,1,0.010801686
Warm C,294382,1749,1748,3182,1947,1,0.0070689176
Warm C,293231,1746,1745,3182,1947,1,0.0038050981
Warm C,214962,1303,1302,3182,1947,1,0.0123437485
Warm C,184415,1147,1146,3182,1947,1,-0.0053740116
Warm C,180382,1128,1127,3182,1947,0,0.002248024
Warm C,308753,1837,1836,3182,1947,1,0.023202464
Warm C,301091,1789,1788,3182,1947,1,0.015439402
Warm C,246912,1491,1490,3182,1947,1,0.0071098814
Warm C,155418,1001,1000,3182,1947,1,0.021023106
Warm C,733512,4386,4385,3182,1947,0,0.014241924
Warm C,212988,1297,1296,3182,1947,1,0.0012060329
Warm C,149022,958,957,3182,1947,1,0.0031215814
Warm C,185483,1150,1149,3182,1947,1,0.014759347
Warm C,137373,886,885,3182,1947,0,-0.0033507347
Warm C,131243,850,849,3182,1947,1,0.0096054375
Warm C,200092,1228,1227,3182,1947,0,0.0012146169
Warm C,129531,839,838,3182,1947,0,0.008874496
Warm C,132559,855,854,3182,1947,1,0.004469483
Warm C,292790,1743,1742,3182,1947,1,0.0061492897
Warm C,101710,677,676,3182,1947,1,0.00555415
Warm C,89601,590,589,3182,1947,1,0.0060065966
Warm C,53624,352,351,3182,1947,0,-0.002634308
Warm C,325482,1926,1925,3182,1947,1,0.0028167975
Warm C,88880,587,586,3182,1947,1,0.009375522
Warm C,33420,225,224,3182,1947,0,0.0006209512
Warm C,290353,1733,1732,3182,1947,0,0.0059855487
Warm C,314393,1877,1876,3182,1947,1,0.004697625
Warm C,127534,823,822,3182,1947,1,0.004939414
Warm C,268041,1628,1627,3182,1947,1,0.00700797
Warm C,1314,11,10,3182,1947,0,0.01435375
Warm C,239096,1448,1447,3182,1947,1,0.0094349105
Warm C,344174,2020,2019,3182,1947,1,0.008373828
Warm C,764055,4543,4542,3182,1947,1,0.0029780674
Warm C,713189,4277,4276,3182,1947,1,0.009793183
Warm C,877019,5300,5299,3182,1947,1,0.0032568579
Warm C,999975,6040,6039,3182,1947,1,0.0046985485
Warm C,176085,1113,1112,3182,1947,1,0.011478288
Warm C,18237,140,139,3182,1947,0,0.0009536691
Warm C,19915,149,148,3182,1947,1,0.014769431
Warm C,258507,1584,1583,3182,1947,0,0.005516989
Warm C,24304,173,172,3182,1947,1,0.00685862
Warm C,47385,319,318,3182,1947,1,0.004237659
Warm C,557778,3425,3424,3182,1947,1,-0.0023948185
Warm C,309682,1842,1841,3182,1947,1,0.008411851
Warm C,329436,1943,1942,3182,1947,1,0.011816436
Warm C,635672,3832,3831,3182,1947,0,0.005328778
Warm C,893021,5394,5393,3182,1947,1,0.014377091
Warm C,960297,5792,5791,3182,1947,1,0.007243065
Warm C,261221,1597,1596,3182,1947,1,-0.00667404
Warm C,157026,1010,1009,3182,1947,0,0.0074135466
Warm C,795508,4765,4764,3182,1947,1,0.00972909
Warm C,16637,131,130,3182,1947,1,-0.0067462726
Warm C,105656,698,697,3182,1947,1,0.011126641
Warm C,433684,2643,2642,3182,1947,0,0.003192077
Warm C,63124,424,423,3182,1947,1,0.010848129
Warm C,193762,1194,1193,3182,1947,1,0.01850684
Warm C,826098,4960,4959,3182,1947,1,0.0010438937
Warm C,346662,2031,2030,3182,1947,0,0.0034848428
Warm C,550328,3391,3390,3182,1947,1,0.0077711185
Warm C,375162,2186,2185,3190,1951,0,0.0043168347
Warm C,370760,2167,2166,3190,1951,0,0.006842532
Warm C,365996,2130,2129,3190,1951,1,0.0016531732
Warm C,363207,2116,2115,3190,1951,0,0.0204559
Warm C,355558,2081,2080,3190,1951,0,-0.0007218309
Warm C,356472,2088,2087,3190,1951,0,0.015314048
Warm C,352080,2063,2062,3190,1951,0,0.018081456
Warm C,349126,2048,2047,3190,1951,1,0.0032683471
Warm C,340783,2010,2009,3190,1951,0,0.009658301
Warm C,339894,2004,2003,3190,1951,0,0.009987051
Warm C,336610,1981,1980,3190,1951,0,0.00057118235
Warm C,324689,1923,1922,3190,1951,0,-0.0007217972
Warm C,330175,1948,1947,3190,1951,0,0.008831835
Warm C,324503,1922,1921,3190,1951,0,0.0086426195
Warm C,309062,1838,1837,3190,1951,0,0.0066835433
Warm C,305492,1817,1816,3190,1951,0,0.015340351
Warm C,300933,1785,1784,3190,1951,0,0.0040183426
Warm C,298721,1774,1773,3190,1951,0,0.002733029
Warm C,296848,1759,1758,3190,1951,0,0.009397769
Warm C,289737,1730,1729,3190,1951,0,0.0010465595
Warm C,289831,1732,1731,3190,1951,0,-0.0013520707
Warm C,297613,1764,1763,3190,1951,1,0.0031227341
Warm C,290364,1733,1732,3190,1951,0,0.015010399
Warm C,275635,1667,1666,3190,1951,0,0.011041302
Warm C,277066,1675,1674,3190,1951,0,0.018515002
Warm C,271507,1641,1640,3190,1951,0,0.006934221
Warm C,266679,1617,1616,3190,1951,0,0.010141052
Warm C,261425,1598,1597,3190,1951,0,0.005725473
Warm C,256261,1563,1562,3190,1951,0,0.006456227
Warm C,253929,1544,1543,3190,1951,0,0.0063275006
Warm C,267623,1626,1625,3190,1951,0,0.0045274105
Warm C,246055,1487,1486,3190,1951,0,0.0036981937
Warm C,321355,1904,1903,3190,1951,0,0.011348267
Warm C,226173,1369,1368,3190,1951,0,0.018272445
Warm C,224735,1358,1357,3190,1951,0,0.009150484
Warm C,224250,1356,1355,3190,1951,0,0.0043367986
Warm C,223657,1354,1353,3190,1951,0,0.005556835
Warm C,221472,1340,1339,3190,1951,0,0.01586719
Warm C,214121,1300,1299,3190,1951,0,0.01013379
Warm C,277831,1676,1675,3190,1951,0,0.018348621
Warm C,207684,1270,1269,3190,1951,0,-0.002672695
Warm C,204969,1261,1260,3190,1951,0,0.0039029531
Warm C,203427,1247,1246,3190,1951,0,-0.000688395
Warm C,279578,1680,1679,3190,1951,0,0.010165688
Warm C,235869,1427,1426,3190,1951,0,0.007459536
Warm C,196180,1206,1205,3190,1951,0,0.0047549987
Warm C,328394,1941,1940,3190,1951,0,0.001349492
Warm C,326566,1935,1934,3190,1951,0,0.00022822875
Warm C,171839,1088,1087,3190,1951,0,0.009099403
Warm C,194292,1198,1197,3190,1951,0,-0.0007159498
Warm C,276671,1673,1672,3190,1951,0,0.00031607156
Warm C,162036,1033,1032,3190,1951,0,0.0064784326
Warm C,156248,1006,1005,3190,1951,0,0.01180615
Warm C,150090,966,965,3190,1951,0,0.016893093
Warm C,149342,961,960,3190,1951,0,-0.0033075004
Warm C,139629,893,892,3190,1951,0,0.009262903
Warm C,138538,889,888,3190,1951,0,0.01449121
Warm C,134435,869,868,3190,1951,0,0.009510858
Warm C,182102,1137,1136,3190,1951,0,0.013426461
Warm C,127100,820,819,3190,1951,0,0.0155682815
Warm C,124083,799,798,3190,1951,0,0.007182451
Warm C,122428,790,789,3190,1951,0,0.010395308
Warm C,120504,777,776,3190,1951,0,0.008939384
Warm C,292793,1743,1742,3190,1951,0,0.008450465
Warm C,106192,699,698,3190,1951,0,0.012479626
Warm C,864251,5208,5207,3190,1951,0,0.009892749
Warm C,250444,1509,1508,3190,1951,0,0.001973947
Warm C,85918,561,560,3190,1951,0,0.012138079
Warm C,86190,563,562,3190,1951,0,0.011764693
Warm C,84336,550,549,3190,1951,0,0.020788765
Warm C,77684,524,523,3190,1951,0,0.015555291
Warm C,66600,445,444,3190,1951,0,0.004777771
Warm C,62279,422,421,3190,1951,0,0.00071112067
Warm C,50859,335,334,3190,1951,0,0.00968229
Warm C,49342,329,328,3190,1951,0,0.011732336
Warm C,14133,115,114,3190,1951,0,-0.00021109852
Warm C,13976,113,112,3190,1951,0,0.004656203
Warm C,14455,117,116,3190,1951,0,0.0032036037
Warm C,8992,61,60,3190,1951,0,0.0019488805
Warm C,203192,1246,1245,3190,1951,0,0.006549966
Warm C,713208,4277,4276,3190,1951,1,0.016529469
Warm C,481929,2962,2961,3190,1951,0,-0.005985412
Warm C,773466,4610,4609,3190,1951,0,0.015373183
Warm C,147015,948,947,3190,1951,0,0.00092557515
Warm C,503857,3096,3095,3190,1951,0,0.010199607
Warm C,456096,2808,2807,3190,1951,1,0.00632948
Warm C,287790,1717,1716,3190,1951,0,0.0070243143
Warm C,554074,3410,3409,3190,1951,0,0.008593016
Warm C,331763,1958,1957,3190,1951,0,0.01790816
Warm C,238078,1447,1446,3190,1951,0,0.011877347
Warm C,559438,3436,3435,3190,1951,1,0.009049495
Warm C,464243,2860,2859,3190,1951,0,0.015011635
Warm C,44421,302,301,3190,1951,0,0.012186887
Warm C,673334,4042,4041,3190,1951,0,0.012735646
Warm C,231164,1399,1398,3190,1951,0,0.0024778051
Warm C,299149,1776,1775,3190,1951,0,0.013254647
Warm C,235105,1425,1424,3190,1951,0,0.0052794944
Warm C,325007,1925,1924,3190,1951,1,0.0016207104
Warm C,720137,4312,4311,3190,1951,0,0.018008877
Warm C,341699,2012,2011,3190,1951,0,0.0067269956
Warm C,83322,549,548,3190,1951,0,0.0056911893
Warm C,144545,931,930,3199,1956,1,0.0032045722
Warm C,347451,2038,2037,3199,1956,0,0.0010414892
Warm C,131260,850,849,3199,1956,0,0.013845868
Warm C,90155,594,593,3199,1956,0,0.0001286444
Warm C,339236,1998,1997,3199,1956,0,0.007976659
Warm C,84346,550,549,3199,1956,0,0.0074455175
Warm C,21537,157,156,3199,1956,1,0.0045569534
Warm C,357583,2092,2091,3199,1956,0,0.0041386103
Warm C,94611,635,634,3199,1956,1,0.0017714179
Warm C,923960,5580,5579,3199,1956,1,0.0069973595
Warm C,958868,5787,5786,3199,1956,0,0.005286573
Warm C,841198,5054,5053,3199,1956,0,0.003917211
Warm C,637718,3841,3840,3200,1957,1,0.0059982883
Warm C,613837,3718,3717,3200,1957,1,0.0058723902
Warm C,610852,3705,3704,3200,1957,1,0.006752997
Warm C,615486,3727,3726,3200,1957,0,0.0067705796
Warm C,603347,3672,3671,3200,1957,1,0.00038992194
Warm C,587663,3589,3588,3200,1957,0,0.0025957562
Warm C,585515,3576,3575,3200,1957,0,0.0075719343
Warm C,582881,3561,3560,3200,1957,0,0.0073622204
Warm C,580400,3546,3545,3200,1957,0,0.0077122645
Warm C,567245,3483,3482,3200,1957,1,-0.0015895113
Warm C,713630,4277,4276,3200,1957,1,0.010858405
Warm C,566007,3476,3475,3200,1957,1,0.005367791
Warm C,547821,3380,3379,3200,1957,1,0.014659395
Warm C,541198,3329,3328,3200,1957,1,0.01027685
Warm C,540206,3321,3320,3200,1957,1,0.002984486
Warm C,539534,3319,3318,3200,1957,0,-0.0024161185
Warm C,540342,3323,3322,3200,1957,1,0.00011357898
Warm C,534586,3300,3299,3200,1957,1,0.0027331496
Warm C,532985,3292,3291,3200,1957,0,0.011043114
Warm C,529420,3272,3271,3200,1957,0,0.0182514
Warm C,501131,3080,3079,3200,1957,1,0.004982084
Warm C,545976,3367,3366,3200,1957,1,0.0015304694
Warm C,482555,2967,2966,3200,1957,1,-0.0009971936
Warm C,697047,4169,4168,3200,1957,1,0.0061869402
Warm C,795581,4765,4764,3200,1957,1,0.0053910837
Warm C,591140,3607,3606,3200,1957,1,-0.0001952094
Warm C,461981,2849,2848,3200,1957,1,0.008317443
Warm C,457638,2820,2819,3200,1957,1,-0.00024317391
Warm C,447794,2761,2760,3200,1957,1,0.0025493666
Warm C,440429,2693,2692,3200,1957,1,0.004018008
Warm C,431853,2631,2630,3200,1957,1,0.0050454857
Warm C,428739,2609,2608,3200,1957,1,-0.0027375896
Warm C,426794,2592,2591,3200,1957,0,-0.0021801027
Warm C,416345,2507,2506,3200,1957,1,0.012981361
Warm C,412647,2484,2483,3200,1957,0,0.010772206
Warm C,381518,2231,2230,3200,1957,0,0.0098342635
Warm C,371952,2173,2172,3200,1957,1,-0.003574125
Warm C,366907,2140,2139,3200,1957,0,0.0014371616
Warm C,359208,2102,2101,3200,1957,0,0.007218341
Warm C,352596,2064,2063,3200,1957,1,0.006493016
Warm C,347247,2038,2037,3200,1957,1,0.0015898659
Warm C,340125,2008,2007,3200,1957,1,0.0004752623
Warm C,319860,1899,1898,3200,1957,1,0.013829365
Warm C,323054,1916,1915,3200,1957,1,0.006907694
Warm C,312194,1861,1860,3200,1957,0,0.009024322
Warm C,285882,1706,1705,3200,1957,0,5.3872354e-05
Warm C,281145,1687,1686,3200,1957,1,-0.0072238697
Warm C,271607,1642,1641,3200,1957,0,0.0049188463
Warm C,280700,1685,1684,3200,1957,1,0.0058021145
Warm C,253007,1535,1534,3200,1957,1,0.0039923973
Warm C,262102,1600,1599,3200,1957,0,0.0057284515
Warm C,240954,1451,1450,3200,1957,0,0.006900305
Warm C,219699,1333,1332,3200,1957,1,0.0032681369
Warm C,289172,1727,1726,3200,1957,1,-0.0002453616
Warm C,209123,1276,1275,3200,1957,1,0.00020374823
Warm C,208211,1273,1272,3200,1957,1,-0.0020142775
Warm C,307906,1836,1835,3200,1957,1,0.010252634
Warm C,278615,1680,1679,3200,1957,1,0.0066351695
Warm C,197845,1216,1215,3200,1957,1,0.0038184728
Warm C,188517,1170,1169,3200,1957,1,0.0028611613
Warm C,187240,1162,1161,3200,1957,1,0.0076204557
Warm C,189944,1179,1178,3200,1957,1,0.010300243
Warm C,212387,1294,1293,3200,1957,1,0.011643922
Warm C,184854,1150,1149,3200,1957,0,0.011353528
Warm C,180969,1131,1130,3200,1957,1,0.007126333
Warm C,180136,1128,1127,3200,1957,1,0.0024740808
Warm C,177438,1119,1118,3200,1957,1,0.005117974
Warm C,159806,1019,1018,3200,1957,1,0.0014024233
Warm C,157758,1015,1014,3200,1957,1,0.01265078
Warm C,337937,1988,1987,3200,1957,0,0.0043765786
Warm C,199256,1224,1223,3200,1957,1,0.006958081
Warm C,260815,1594,1593,3200,1957,1,0.0015934389
Warm C,137761,889,888,3200,1957,0,0.0122029325
Warm C,459083,2826,2825,3200,1957,1,0.0070211347
Warm C,298015,1767,1766,3200,1957,0,0.005048243
Warm C,115261,749,748,3200,1957,1,0.0043447535
Warm C,239660,1449,1448,3200,1957,1,0.013385581
Warm C,112257,731,730,3200,1957,0,0.0055677393
Warm C,106623,702,701,3200,1957,0,0.014214553
Warm C,94540,635,634,3200,1957,1,0.011662798
Warm C,152825,984,983,3200,1957,1,0.008388764
Warm C,88705,587,586,3200,1957,1,-0.0009409117
Warm C,394135,2323,2322,3200,1957,0,0.0019480558
Warm C,83866,550,549,3200,1957,0,-0.0056796717
Warm C,77180,524,523,3200,1957,1,0.010681232
Warm C,74119,505,504,3200,1957,1,0.010755422
Warm C,71496,481,480,3200,1957,1,0.0034610233
Warm C,55775,369,368,3200,1957,0,0.0046306285
Warm C,210564,1285,1284,3200,1957,1,0.010014666
Warm C,53492,352,351,3200,1957,1,0.007291289
Warm C,145218,935,934,3200,1957,1,0.0022384278
Warm C,35212,238,237,3200,1957,1,0.0002727257
Warm C,31832,216,215,3200,1957,1,0.013141605
Warm C,21927,161,160,3200,1957,1,0.0041590156
Warm C,21451,157,156,3200,1957,1,-0.001667497
Warm C,9152,62,61,3200,1957,1,-0.0001097417
Warm C,4150,31,30,3200,1957,0,-0.0022571692
Warm C,801631,4802,4801,3200,1957,1,3.4009572e-05
Warm C,15416,123,122,3200,1957,0,0.0051317005
Warm C,524373,3233,3232,3200,1957,0,0.01009617
Warm C,893203,5394,5393,3200,1957,0,0.003113049
Warm C,24241,173,172,3200,1957,1,0.012544784
Warm C,289952,1733,1732,3200,1957,1,-0.0028667038
Warm C,47265,319,318,3200,1957,1,0.008470743
Warm C,421588,2547,2546,3200,1957,1,0.002066293
Warm C,632927,3824,3823,3200,1957,0,-0.002678257
Warm C,804136,4815,4814,3200,1957,1,0.0022277925
Warm C,473188,2909,2908,3200,1957,1,0.0038224966
Warm C,322070,1912,1911,3200,1957,0,0.0071980166
Warm C,319136,1897,1896,3200,1957,0,0.005888827
Warm C,657395,3963,3962,3200,1957,1,0.0047075218
Warm C,343496,2018,2017,3200,1957,1,-0.0013418286
Warm C,725759,4344,4343,3206,1961,0,0.010907975
Warm C,599599,3649,3648,3206,1961,0,0.009807121
Warm C,632932,3824,3823,3206,1961,0,0.0104261
Warm C,940118,5675,5674,3206,1961,1,0.018954583
Warm C,578973,3539,3538,3206,1961,0,0.01609075
Warm C,568944,3491,3490,3206,1961,1,0.015429117
Warm C,567250,3483,3482,3206,1961,1,0.01588115
Warm C,553349,3405,3404,3206,1961,1,0.0039067892
Warm C,548344,3384,3383,3206,1961,0,0.0063003786
Warm C,532988,3292,3291,3206,1961,1,0.008670224
Warm C,541981,3336,3335,3206,1961,0,0.015548161
Warm C,515945,3184,3183,3206,1961,0,0.019191694
Warm C,509725,3140,3139,3206,1961,1,0.008936097
Warm C,509431,3138,3137,3206,1961,0,0.016018754
Warm C,508450,3129,3128,3206,1961,0,0.012838809
Warm C,502363,3083,3082,3206,1961,1,0.01013801
Warm C,499124,3067,3066,3206,1961,1,0.012565678
Warm C,493773,3032,3031,3206,1961,1,0.009449658
Warm C,490558,3018,3017,3206,1961,0,0.0153962895
Warm C,510925,3150,3149,3206,1961,1,0.00016465364
Warm C,529424,3272,3271,3206,1961,0,0.012867093
Warm C,697053,4169,4168,3206,1961,0,0.02149757
Warm C,472300,2907,2906,3206,1961,1,0.017803699
Warm C,446091,2751,2750,3206,1961,0,0.011240908
Warm C,445077,2745,2744,3206,1961,0,0.013192034
Warm C,790649,4728,4727,3206,1961,0,0.017061464
Warm C,438081,2677,2676,3206,1961,1,0.0045777736
Warm C,429017,2611,2610,3206,1961,0,0.014228336
Warm C,414879,2497,2496,3206,1961,1,0.008744149
Warm C,412457,2482,2481,3206,1961,0,0.009147602
Warm C,555000,3413,3412,3206,1961,0,0.010721805
Warm C,402154,2402,2401,3206,1961,0,0.017712986
Warm C,399351,2377,2376,3206,1961,1,0.001255038
Warm C,393702,2318,2317,3206,1961,0,0.011662157
Warm C,393440,2315,2314,3206,1961,0,0.007042292
Warm C,388841,2279,2278,3206,1961,1,0.01009869
Warm C,384858,2248,2247,3206,1961,0,0.01758955
Warm C,353641,2072,2071,3206,1961,0,0.0034320285
Warm C,306705,1829,1828,3206,1961,0,0.006965412
Warm C,293374,1747,1746,3206,1961,0,0.007278009
Warm C,287059,1714,1713,3206,1961,1,0.002382088
Warm C,232310,1410,1409,3206,1961,1,0.0018267755
Warm C,192532,1185,1184,3206,1961,1,0.017989762
Warm C,187241,1162,1161,3206,1961,1,0.020348717
Warm C,316111,1883,1882,3206,1961,0,0.0083078565
Warm C,180140,1128,1127,3206,1961,1,0.016680093
Warm C,327591,1941,1940,3206,1961,0,0.02965277
Warm C,137767,889,888,3206,1961,0,0.015581888
Warm C,490034,3015,3014,3206,1961,1,-0.0005463357
Warm C,131719,854,853,3206,1961,0,0.017588396
Warm C,314936,1880,1879,3206,1961,0,0.0072758542
Warm C,125273,805,804,3206,1961,1,0.0019157166
Warm C,124737,802,801,3206,1961,1,0.0059790025
Warm C,210571,1285,1284,3206,1961,0,0.019030329
Warm C,112826,732,731,3206,1961,1,0.010865934
Warm C,103290,687,686,3206,1961,0,0.014140073
Warm C,351383,2063,2062,3206,1961,0,0.01273304
Warm C,313993,1875,1874,3206,1961,1,0.0041374313
Warm C,227989,1383,1382,3206,1961,0,0.012804611
Warm C,56825,382,381,3206,1961,0,0.005191052
Warm C,110567,721,720,3206,1961,0,0.009478278
Warm C,238577,1448,1447,3206,1961,0,0.008196715
Warm C,3558,26,25,3206,1961,1,0.007846241
Warm C,552071,3401,3400,3206,1961,0,0.019164652
Warm C,432533,2638,2637,3206,1961,1,0.001057502
Warm C,264921,1611,1610,3206,1961,0,0.0077949944
Warm C,239664,1449,1448,3206,1961,0,0.013464622
Warm C,187486,1164,1163,3206,1961,1,0.004478243
Warm C,229536,1390,1389,3206,1961,1,0.008301141
Warm C,240959,1451,1450,3206,1961,1,0.0003096289
Warm C,473194,2909,2908,3206,1961,1,0.002221292
Warm C,324849,1925,1924,3206,1961,0,0.006646867
Warm C,193421,1194,1193,3206,1961,0,0.013582704
Warm C,16613,131,130,3211,1964,1,0.0023321365
Warm C,15442,123,122,3211,1964,0,0.001306301
Warm C,157781,1015,1014,3211,1964,0,0.0056566186
Warm C,181860,1137,1136,3211,1964,1,0.00026972964
Warm C,319148,1897,1896,3211,1964,1,0.0011400445
Warm C,974540,5878,5877,3211,1964,0,0.0021018889
Warm C,393705,2318,2317,3214,1966,1,0.0003439295
Warm C,318287,1891,1890,3214,1966,0,0.0042530415
Warm C,298295,1768,1767,3214,1966,0,0.012231955
Warm C,290871,1736,1735,3214,1966,0,0.0032549386
Warm C,283434,1697,1696,3214,1966,1,0.012081261
Warm C,268811,1632,1631,3214,1966,0,0.009720696
Warm C,252113,1526,1525,3214,1966,0,0.009415155
Warm C,325208,1926,1925,3214,1966,1,0.011397681
Warm C,213276,1298,1297,3214,1966,1,0.017489642
Warm C,396798,2349,2348,3214,1966,0,0.0005362886
Warm C,196930,1209,1208,3214,1966,1,0.010911184
Warm C,192535,1185,1184,3214,1966,1,0.009055668
Warm C,327625,1941,1940,3214,1966,1,0.02569297
Warm C,190423,1181,1180,3214,1966,0,0.019230135
Warm C,150408,970,969,3214,1966,0,0.010963003
Warm C,318887,1896,1895,3214,1966,1,0.022571206
Warm C,154730,999,998,3214,1966,1,0.016454438
Warm C,314959,1880,1879,3214,1966,0,0.017854936
Warm C,124416,801,800,3214,1966,0,0.00714772
Warm C,177904,1120,1119,3214,1966,1,0.0060930657
Warm C,272027,1645,1644,3214,1966,1,0.02011359
Warm C,96093,646,645,3214,1966,1,0.016916227
Warm C,115272,749,748,3214,1966,0,0.008922915
Warm C,85500,558,557,3214,1966,0,0.008143535
Warm C,238599,1448,1447,3214,1966,1,0.0071458784
Warm C,75405,513,512,3214,1966,1,0.020200824
Warm C,69709,469,468,3214,1966,1,0.008412294
Warm C,239692,1449,1448,3214,1966,0,0.024620883
Warm C,42395,289,288,3214,1966,0,0.0057897903
Warm C,267833,1628,1627,3214,1966,0,0.016085267
Warm C,19252,148,147,3214,1966,0,0.010285633
Warm C,204428,1260,1259,3214,1966,0,0.02481197
Warm C,144757,934,933,3214,1966,0,0.006563659
Warm C,676889,4058,4057,3214,1966,1,0.009695402
Warm C,240975,1451,1450,3214,1966,0,0.0068068015
Warm C,101955,678,677,3214,1966,1,0.020218903
Warm C,673134,4042,4041,3214,1966,0,0.022846827
Warm C,294163,1749,1748,3217,1967,0,0.017211761
Warm C,256629,1569,1568,3217,1967,1,0.0036558912
Warm C,325210,1926,1925,3217,1967,1,0.0077746185
Warm C,199278,1224,1223,3217,1967,1,0.021073565
Warm C,165727,1057,1056,3217,1967,1,0.012498727
Warm C,159099,1017,1016,3217,1967,0,0.01580948
Warm C,162175,1034,1033,3217,1967,1,0.016421925
Warm C,190430,1181,1180,3217,1967,0,0.02090702
Warm C,143811,928,927,3217,1967,1,0.01763478
Warm C,184892,1150,1149,3217,1967,0,0.021625847
Warm C,130993,850,849,3217,1967,1,0.01294001
Warm C,322092,1912,1911,3217,1967,1,0.024018828
Warm C,122883,793,792,3217,1967,0,0.014343694
Warm C,107264,706,705,3217,1967,1,0.0057173744
Warm C,152843,984,983,3217,1967,0,0.017895434
Warm C,86328,564,563,3217,1967,1,0.009141102
Warm C,64728,434,433,3217,1967,1,0.009019435
Warm C,35220,238,237,3217,1967,0,0.014415834
Warm C,31867,216,215,3217,1967,0,0.011487603
Warm C,34638,235,234,3217,1967,1,0.01577803
Warm C,15989,126,125,3217,1967,0,0.016553525
Warm C,591741,3610,3609,3217,1967,0,0.014191771
Warm C,8076,54,53,3217,1967,0,0.008200824
Warm C,206655,1266,1265,3217,1967,1,0.011697282
Warm C,739515,4418,4417,3217,1967,0,0.011365433
Warm C,420800,2544,2543,3217,1967,0,0.01933014
Warm C,56243,375,374,3217,1967,0,0.012715047
Warm C,157786,1015,1014,3217,1967,1,0.022763936
Warm C,680518,4079,4078,3217,1967,1,0.014907472
Warm C,821677,4940,4939,3217,1967,1,0.009035744
Warm C,171272,1088,1087,3217,1967,0,0.018057287
Warm C,208618,1274,1273,3224,1969,1,0.004970259
Warm C,184273,1147,1146,3224,1969,1,0.0012062753
Warm C,190460,1181,1180,3224,1969,0,0.016199604
Warm C,161173,1028,1027,3224,1969,0,-0.0014974996
Warm C,157806,1015,1014,3224,1969,0,-0.00016302709
Warm C,246184,1489,1488,3224,1969,0,0.012890652
Warm C,137828,889,888,3224,1969,0,0.0073271454
Warm C,97709,655,654,3224,1969,1,0.0022052075
Warm C,245438,1483,1482,3224,1969,0,-0.008398011
Warm C,45543,307,306,3224,1969,0,0.00070761866
Warm C,57947,392,391,3224,1969,1,0.005725731
Warm C,522236,3224,3223,3224,1969,1,0.004014579
Warm C,257445,1579,1578,3224,1969,1,0.003082142
Warm C,24266,173,172,3224,1969,1,0.00041309674
Warm C,283903,1698,1697,3224,1969,1,0.00026529515
Warm C,555010,3413,3412,3224,1969,1,0.0025830027
Warm C,8767,59,58,3224,1969,1,-0.004506613
Warm C,351428,2063,2062,3225,1970,1,0.011601129
Warm C,361424,2109,2108,3225,1970,0,0.020253506
Warm C,335516,1980,1979,3225,1970,0,0.020069465
Warm C,329712,1944,1943,3225,1970,0,0.011301391
Warm C,294633,1750,1749,3225,1970,1,0.011436883
Warm C,299452,1778,1777,3225,1970,0,0.016678954
Warm C,271391,1641,1640,3225,1970,0,0.014491551
Warm C,436170,2665,2664,3225,1970,0,0.014603122
Warm C,332487,1962,1961,3225,1970,0,0.0028225873
Warm C,223325,1354,1353,3225,1970,0,0.023813868
Warm C,201047,1240,1239,3225,1970,0,0.00756165
Warm C,200263,1230,1229,3225,1970,1,0.008980317
Warm C,192288,1184,1183,3225,1970,0,0.0089486465
Warm C,187373,1163,1162,3225,1970,0,0.008993477
Warm C,163366,1045,1044,3225,1970,1,-0.002193124
Warm C,154178,995,994,3225,1970,1,0.0010061036
Warm C,152607,982,981,3225,1970,1,0.003309241
Warm C,246186,1489,1488,3225,1970,0,0.019843815
Warm C,139812,896,895,3225,1970,0,-0.0006096787
Warm C,137829,889,888,3225,1970,0,0.0112019405
Warm C,125276,805,804,3225,1970,1,0.0059100157
Warm C,124423,801,800,3225,1970,0,0.009316377
Warm C,87531,572,571,3225,1970,1,0.009705735
Warm C,64146,429,428,3225,1970,0,0.008212933
Warm C,78284,528,527,3225,1970,0,0.018460631
Warm C,132277,855,854,3225,1970,0,0.005474952
Warm C,312776,1865,1864,3225,1970,0,0.010946877
Warm C,314326,1877,1876,3225,1970,0,0.002181689
Warm C,263024,1605,1604,3225,1970,0,0.019729197
Warm C,270740,1639,1638,3225,1970,0,0.012377834
Warm C,360494,2106,2105,3225,1970,0,0.013338816
Warm C,150422,970,969,3225,1970,1,0.013823805
Warm C,557145,3423,3422,3225,1970,1,0.0131198345
Warm C,60585,411,410,3225,1970,0,0.015867127
Warm C,365441,2127,2126,3225,1970,1,0.0028928772
Warm C,79140,531,530,3225,1970,0,0.014514178
Warm C,331330,1958,1957,3225,1970,0,0.024412598
Warm C,222715,1348,1347,3225,1970,0,0.0016050467
Warm C,11890,92,91,3225,1970,0,0.010024453
Warm C,405297,2427,2426,3225,1970,0,0.014457672
Warm C,20671,151,150,3225,1970,0,0.01303777
Warm C,82784,549,548,3225,1970,0,0.0070264684
Warm C,110593,721,720,3225,1970,0,0.010748304
Warm C,517803,3196,3195,3225,1970,1,0.015263717
Warm C,599055,3648,3647,3225,1970,1,0.009090175
Warm C,713661,4277,4276,3225,1970,1,0.016821248
Warm C,255437,1556,1555,3225,1970,0,0.021805901
Warm C,499155,3067,3066,3225,1970,0,0.013704302
Warm C,134037,869,868,3225,1970,0,0.015183238
Warm C,768972,4579,4578,3225,1970,0,0.018123694
Warm C,764342,4543,4542,3225,1970,0,0.019560494
Warm C,476233,2926,2925,3225,1970,0,0.01008154
Warm C,111584,727,726,3225,1970,0,0.018418308
Warm C,46403,310,309,3225,1970,1,0.013377463
Warm C,864018,5205,5204,3225,1970,0,0.0219861
Warm C,164284,1051,1050,3225,1970,0,0.011819031
Warm C,171295,1088,1087,3225,1970,0,0.008987528
Warm C,354720,2077,2076,3225,1970,0,0.013747824
Warm C,785823,4697,4696,3225,1970,1,0.010957817
Warm C,575739,3520,3519,3225,1970,0,0.0043967003
Warm C,295543,1755,1754,3225,1970,0,0.0090774745
Warm C,877497,5302,5301,3225,1970,0,0.002391492
Warm C,152875,984,983,3230,1971,1,0.014920563
Warm C,146055,939,938,3230,1971,0,0.00714903
Warm C,169205,1074,1073,3230,1971,1,0.00058985816
Warm C,101638,677,676,3230,1971,1,0.012080737
Warm C,95340,639,638,3230,1971,1,0.01954537
Warm C,190491,1181,1180,3230,1971,0,0.025000166
Warm C,80857,537,536,3230,1971,1,0.012326782
Warm C,34093,230,229,3230,1971,1,0.007842673
Warm C,30810,205,204,3230,1971,1,0.0006416675
Warm C,13526,107,106,3230,1971,0,-0.0032817738
Warm C,4534,33,32,3230,1971,1,0.0015884559
Warm C,481648,2962,2961,3230,1971,0,0.006850794
Warm C,453526,2793,2792,3230,1971,1,0.013907231
Warm C,353420,2071,2070,3230,1971,0,0.009131983
Warm C,293610,1748,1747,3230,1971,1,0.009944456
Warm C,357277,2092,2091,3230,1971,1,0.011158409
Warm C,255444,1556,1555,3230,1971,0,0.005787353
Warm C,464035,2860,2859,3230,1971,1,0.007340409
Warm C,144061,929,928,3235,1972,0,0.0049455785
Warm C,635799,3833,3832,3235,1972,0,0.018476259
Warm C,829001,4979,4978,3235,1972,1,0.015555827
Warm C,105884,699,698,3235,1972,0,0.013737481
Warm C,483192,2969,2968,3235,1972,1,0.0018725614
Warm C,24277,173,172,3235,1972,0,0.0015156877
Warm C,371553,2172,2171,3235,1972,0,0.003925678
Warm C,501154,3080,3079,3235,1972,0,0.011308859
Warm C,821680,4940,4939,3235,1972,1,0.004167456
Warm C,941631,5682,5681,3235,1972,0,0.012674679
Warm C,745253,4448,4447,3235,1972,1,0.02214948
Warm C,592543,3612,3611,3262,1992,1,0.006167418
Warm C,579085,3539,3538,3262,1992,0,0.0110119
Warm C,593494,3618,3617,3262,1992,0,0.008371165
Warm C,570200,3499,3498,3262,1992,0,0.008160263
Warm C,576930,3526,3525,3262,1992,0,0.0072412156
Warm C,549849,3391,3390,3262,1992,1,0.0023166086
Warm C,904365,5468,5467,3262,1992,1,0.009509012
Warm C,534298,3299,3298,3262,1992,0,0.005774957
Warm C,532683,3290,3289,3262,1992,1,-0.0019194217
Warm C,536906,3311,3310,3262,1992,1,0.0032711732
Warm C,512658,3163,3162,3262,1992,1,0.007652184
Warm C,574627,3518,3517,3262,1992,1,0.0022275555
Warm C,800167,4795,4794,3262,1992,0,-0.0015624396
Warm C,799404,4790,4789,3262,1992,0,0.0007388962
Warm C,492555,3029,3028,3262,1992,1,0.016267568
Warm C,488320,3004,3003,3262,1992,1,0.0003581643
Warm C,491556,3024,3023,3262,1992,0,0.004649711
Warm C,487336,2997,2996,3262,1992,0,-0.006989927
Warm C,553782,3410,3409,3262,1992,0,0.0054398593
Warm C,451706,2781,2780,3262,1992,0,0.005272411
Warm C,440923,2700,2699,3262,1992,0,0.010889483
Warm C,420177,2540,2539,3262,1992,0,0.008951932
Warm C,415030,2498,2497,3262,1992,0,0.008923503
Warm C,400293,2383,2382,3262,1992,0,0.012142615
Warm C,414467,2496,2495,3262,1992,0,9.61693e-05
Warm C,379149,2215,2214,3262,1992,1,0.005707213
Warm C,373882,2181,2180,3262,1992,0,0.008913484
Warm C,369799,2164,2163,3262,1992,1,0.0026606
Warm C,357908,2094,2093,3262,1992,1,0.006152575
Warm C,359258,2102,2101,3262,1992,0,0.0051445905
Warm C,339648,2002,2001,3262,1992,1,0.00945574
Warm C,301040,1788,1787,3262,1992,1,0.002783222
Warm C,278329,1679,1678,3262,1992,0,0.0008792374
Warm C,310063,1845,1844,3262,1992,0,0.0009181993
Warm C,273463,1648,1647,3262,1992,1,0.012397425
Warm C,278788,1680,1679,3262,1992,1,0.008726328
Warm C,268303,1630,1629,3262,1992,0,0.010963309
Warm C,267727,1627,1626,3262,1992,1,-0.0010111354
Warm C,260344,1592,1591,3262,1992,0,0.009472251
Warm C,256735,1570,1569,3262,1992,0,0.013199045
Warm C,269771,1635,1634,3262,1992,1,0.0023056073
Warm C,246821,1491,1490,3262,1992,0,0.012230935
Warm C,276096,1671,1670,3262,1992,0,0.00721622
Warm C,224054,1356,1355,3262,1992,1,0.010573812
Warm C,212799,1297,1296,3262,1992,0,0.0096491445
Warm C,205650,1264,1263,3262,1992,1,0.012402458
Warm C,203977,1255,1254,3262,1992,0,0.0119445585
Warm C,308436,1837,1836,3262,1992,1,0.020519849
Warm C,214703,1303,1302,3262,1992,0,0.0074979127
Warm C,210678,1285,1284,3262,1992,0,0.0055769794
Warm C,307260,1835,1834,3262,1992,1,-0.00011328398
Warm C,168277,1069,1068,3262,1992,1,-0.00073535636
Warm C,167385,1066,1065,3262,1992,0,0.0035056463
Warm C,166345,1059,1058,3262,1992,0,0.009619018
Warm C,165152,1053,1052,3262,1992,0,0.009094646
Warm C,327741,1941,1940,3262,1992,0,0.0034520398
Warm C,157894,1015,1014,3262,1992,0,0.010862007
Warm C,149509,963,962,3262,1992,0,0.0034508947
Warm C,246215,1489,1488,3262,1992,0,0.01367538
Warm C,184995,1150,1149,3262,1992,0,0.014869929
Warm C,139356,891,890,3262,1992,1,0.009457216
Warm C,137919,889,888,3262,1992,0,0.0166405
Warm C,136343,881,880,3262,1992,0,0.006066013
Warm C,135473,877,876,3262,1992,0,0.013097329
Warm C,126840,818,817,3262,1992,1,0.0044327807
Warm C,111830,728,727,3262,1992,0,-0.0037561394
Warm C,159891,1019,1018,3262,1992,0,0.0036098924
Warm C,779039,4653,4652,3262,1992,0,0.017092612
Warm C,100753,673,672,3262,1992,0,0.006038249
Warm C,316663,1884,1883,3262,1992,0,0.018172884
Warm C,107752,710,709,3262,1992,0,0.0042993496
Warm C,283948,1698,1697,3262,1992,0,0.013541479
Warm C,90574,601,600,3262,1992,0,0.010192183
Warm C,84935,552,551,3262,1992,1,0.004368436
Warm C,82843,549,548,3262,1992,1,0.00818027
Warm C,190552,1181,1180,3262,1992,0,0.02202585
Warm C,80674,536,535,3262,1992,0,0.011631896
Warm C,80050,533,532,3262,1992,1,0.010879013
Warm C,74650,509,508,3262,1992,1,0.011389231
Warm C,53177,350,349,3262,1992,0,-0.0034538438
Warm C,30228,203,202,3262,1992,0,0.010389421
Warm C,26372,187,186,3262,1992,1,0.008057501
Warm C,23076,166,165,3262,1992,1,0.00603544
Warm C,104174,692,691,3262,1992,0,0.007260568
Warm C,380728,2225,2224,3262,1992,0,0.005394981
Warm C,129242,839,838,3262,1992,0,-0.0026679365
Warm C,844257,5074,5073,3262,1992,0,0.00819151
Warm C,467281,2880,2879,3262,1992,0,-0.0027011666
Warm C,199998,1228,1227,3262,1992,0,-0.0045012985
Warm C,45886,308,307,3262,1992,0,0.012591915
Warm C,195278,1203,1202,3262,1992,0,0.012679514
Warm C,841421,5054,5053,3262,1992,0,0.005961147
Warm C,290019,1733,1732,3262,1992,1,0.0039567016
Warm C,167497,1067,1066,3262,1992,1,0.005599767
Warm C,174028,1101,1100,3262,1992,0,0.008586341
Warm C,959003,5787,5786,3262,1992,0,0.0057781776
Warm C,62666,424,423,3262,1992,1,0.008284425
Warm C,415696,2504,2503,3262,1992,0,0.0056391824
Warm C,115948,752,751,3262,1992,0,0.009092731
Warm C,237689,1447,1446,3262,1992,0,0.0061948528
Warm C,713702,4277,4276,3262,1992,1,-0.00086370483
Warm C,893244,5394,5393,3262,1992,0,0.020298157
Warm C,58716,398,397,3262,1992,1,0.0007272337
Warm C,551174,3394,3393,3266,1996,0,0.0007611186
Warm C,546713,3371,3370,3266,1996,1,0.0013053699
Warm C,645139,3885,3884,3266,1996,1,0.0055597685
Warm C,549855,3391,3390,3266,1996,1,0.0023972583
Warm C,528062,3265,3264,3266,1996,0,0.0057124337
Warm C,524795,3240,3239,3266,1996,1,0.0055514844
Warm C,518083,3197,3196,3266,1996,1,0.0057251616
Warm C,513449,3167,3166,3266,1996,1,0.0076402402
Warm C,512660,3163,3162,3266,1996,1,0.0010513756
Warm C,610564,3704,3703,3266,1996,1,0.010182874
Warm C,512311,3161,3160,3266,1996,1,0.0046606762
Warm C,508978,3131,3130,3266,1996,0,-0.00041508558
Warm C,513901,3171,3170,3266,1996,1,0.0045612385
Warm C,495849,3045,3044,3266,1996,1,0.0072565945
Warm C,633027,3824,3823,3266,1996,0,-0.0028442568
Warm C,493277,3031,3030,3266,1996,1,0.016842045
Warm C,482602,2967,2966,3266,1996,0,-0.002758474
Warm C,479595,2943,2942,3266,1996,1,0.0017243482
Warm C,475071,2916,2915,3266,1996,1,0.0012232778
Warm C,852829,5113,5112,3266,1996,0,0.0036604381
Warm C,462336,2853,2852,3266,1996,1,0.002878001
Warm C,461089,2844,2843,3266,1996,0,0.0027710348
Warm C,458867,2825,2824,3266,1996,1,0.0100837955
Warm C,457285,2818,2817,3266,1996,1,0.0029248935
Warm C,457735,2820,2819,3266,1996,0,0.011470559
Warm C,441340,2703,2702,3266,1996,1,-0.001673703
Warm C,430948,2627,2626,3266,1996,0,0.00088536006
Warm C,389894,2288,2287,3266,1996,0,0.012234818
Warm C,349479,2051,2050,3266,1996,0,0.0047974493
Warm C,342267,2015,2014,3266,1996,0,0.011877988
Warm C,310064,1845,1844,3266,1996,1,-0.0013317377
Warm C,292169,1741,1740,3266,1996,0,0.0103941215
Warm C,288791,1726,1725,3266,1996,1,0.004101691
Warm C,278799,1680,1679,3266,1996,0,0.0073606716
Warm C,269774,1635,1634,3266,1996,1,0.016958196
Warm C,254057,1545,1544,3266,1996,1,0.010355135
Warm C,247555,1496,1495,3266,1996,1,0.0063525857
Warm C,230748,1396,1395,3266,1996,1,0.013134699
Warm C,225201,1362,1361,3266,1996,0,0.009588171
Warm C,224058,1356,1355,3266,1996,1,0.001992578
Warm C,214707,1303,1302,3266,1996,0,0.00757536
Warm C,350252,2056,2055,3266,1996,0,0.00946063
Warm C,294193,1749,1748,3266,1996,1,-3.762846e-05
Warm C,185001,1150,1149,3266,1996,0,0.011734571
Warm C,207307,1267,1266,3266,1996,1,0.0132022835
Warm C,176498,1116,1115,3266,1996,0,0.0058788555
Warm C,173542,1100,1099,3266,1996,1,0.0064761713
Warm C,168280,1069,1068,3266,1996,1,0.011765521
Warm C,159135,1017,1016,3266,1996,1,0.0009943582
Warm C,148968,958,957,3266,1996,1,0.00074259564
Warm C,133521,863,862,3266,1996,1,0.0027938087
Warm C,125492,808,807,3266,1996,0,-0.005802296
Warm C,239783,1449,1448,3266,1996,0,0.0036331736
Warm C,105060,696,695,3266,1996,1,0.0015797397
Warm C,121695,783,782,3266,1996,0,-0.0011495119
Warm C,92988,623,622,3266,1996,0,0.0070256237
Warm C,283953,1698,1697,3266,1996,1,0.008092593
Warm C,169516,1077,1076,3266,1996,1,0.011436234
Warm C,308440,1837,1836,3266,1996,1,0.004760494
Warm C,626573,3792,3791,3266,1996,0,-0.005024772
Warm C,658790,3970,3969,3266,1996,0,0.008751899
Warm C,77272,524,523,3266,1996,0,0.014649476
Warm C,75664,515,514,3266,1996,1,0.00421138
Warm C,197256,1211,1210,3266,1996,0,0.0020773504
Warm C,69454,466,465,3266,1996,1,0.006807043
Warm C,70093,474,473,3266,1996,1,0.014529729
Warm C,200001,1228,1227,3266,1996,0,0.0028198545
Warm C,33444,225,224,3266,1996,1,0.0006279228
Warm C,336910,1983,1982,3266,1996,1,0.0049503967
Warm C,734569,4387,4386,3266,1996,0,0.012301216
Warm C,25589,181,180,3266,1996,1,-0.008450322
Warm C,12488,95,94,3266,1996,1,0.004732008
Warm C,7656,53,52,3266,1996,1,-0.0013429006
Warm C,408,5,4,3266,1996,0,-0.00080530834
Warm C,3115,23,22,3266,1996,0,0.0012574568
Warm C,24321,173,172,3266,1996,0,0.0043177293
Warm C,538402,3313,3312,3266,1996,1,0.0071208836
Warm C,290029,1733,1732,3266,1996,1,0.009702198
Warm C,467283,2880,2879,3266,1996,1,-0.004722564
Warm C,107759,710,709,3266,1996,0,0.0068149627
Warm C,104178,692,691,3266,1996,0,-0.0025660424
Warm C,553785,3410,3409,3266,1996,1,0.0010581868
Warm C,45889,308,307,3266,1996,1,0.016420245
Warm C,28084,195,194,3266,1996,1,0.010618984
Warm C,960394,5792,5791,3266,1996,1,0.009306839
Warm C,933799,5636,5635,3266,1996,0,0.0075160377
Warm C,511790,3158,3157,3266,1996,1,0.011545343
Warm C,475414,2918,2917,3266,1996,0,-0.0024110142
Warm C,561486,3454,3453,3266,1996,0,0.00057101913
Warm C,937358,5654,5653,3266,1996,0,0.0064750332
Warm C,223027,1352,1351,3266,1996,1,0.008359596
Warm C,847190,5090,5089,3266,1996,1,0.008443544
Warm C,310563,1851,1850,3266,1996,0,0.012174493
Warm C,480421,2947,2946,3266,1996,0,0.0039556324
Warm C,582403,3558,3557,3268,1998,0,0.0203848
Warm C,593500,3618,3617,3268,1998,0,0.014482244
Warm C,573828,3513,3512,3268,1998,0,0.0068473085
Warm C,571935,3507,3506,3268,1998,0,0.0056593856
Warm C,549858,3391,3390,3268,1998,0,0.00727558
Warm C,536917,3311,3310,3268,1998,0,0.01027593
Warm C,575173,3519,3518,3268,1998,0,0.016526742
Warm C,516846,3191,3190,3268,1998,0,0.004182644
Warm C,515342,3182,3181,3268,1998,0,0.00806853
Warm C,512662,3163,3162,3268,1998,0,5.5669574e-05
Warm C,502055,3082,3081,3268,1998,0,0.0013296574
Warm C,493878,3032,3031,3268,1998,0,0.012107205
Warm C,492561,3029,3028,3268,1998,0,0.005964893
Warm C,493278,3031,3030,3268,1998,0,0.0033044512
Warm C,491987,3026,3025,3268,1998,0,0.0062403744
Warm C,488624,3007,3006,3268,1998,0,0.0064876955
Warm C,599829,3650,3649,3268,1998,0,-0.00056556705
Warm C,470898,2899,2898,3268,1998,0,0.020671431
Warm C,473329,2909,2908,3268,1998,0,0.008246325
Warm C,472393,2907,2906,3268,1998,1,0.00798447
Warm C,463106,2857,2856,3268,1998,0,0.0115646245
Warm C,486927,2996,2995,3268,1998,0,0.012012884
Warm C,477433,2931,2930,3268,1998,0,0.007012887
Warm C,450642,2777,2776,3268,1998,0,-0.009954205
Warm C,420411,2541,2540,3268,1998,0,0.006072686
Warm C,419660,2537,2536,3268,1998,0,0.005230436
Warm C,418512,2529,2528,3268,1998,0,0.008727811
Warm C,403878,2413,2412,3268,1998,0,0.012564484
Warm C,399436,2378,2377,3268,1998,0,0.007131516
Warm C,395794,2340,2339,3268,1998,0,0.01554844
Warm C,389896,2288,2287,3268,1998,0,0.006476729
Warm C,375498,2188,2187,3268,1998,0,0.0053665503
Warm C,373351,2180,2179,3268,1998,0,0.018422097
Warm C,370219,2165,2164,3268,1998,0,0.004026734
Warm C,367853,2148,2147,3268,1998,0,0.009986413
Warm C,367192,2143,2142,3268,1998,0,0.0070619485
Warm C,355897,2085,2084,3268,1998,0,0.01570722
Warm C,436222,2665,2664,3268,1998,0,0.023513287
Warm C,361463,2109,2108,3268,1998,0,0.0073958486
Warm C,351513,2063,2062,3268,1998,0,0.0066413027
Warm C,340489,2010,2009,3268,1998,0,0.0017427348
Warm C,341453,2012,2011,3268,1998,0,0.0048167487
Warm C,350909,2060,2059,3268,1998,0,0.0070600407
Warm C,306588,1828,1827,3268,1998,0,0.0027987915
Warm C,297352,1764,1763,3268,1998,1,0.002902608
Warm C,303471,1803,1802,3268,1998,0,0.0045233704
Warm C,298983,1776,1775,3268,1998,0,0.00023579225
Warm C,286223,1709,1708,3268,1998,0,0.004716712
Warm C,256316,1564,1563,3268,1998,0,-0.0008008585
Warm C,253122,1538,1537,3268,1998,0,0.00088098715
Warm C,360562,2106,2105,3268,1998,0,0.010366406
Warm C,262136,1600,1599,3268,1998,0,-0.001585694
Warm C,236193,1433,1432,3268,1998,0,-0.0010265443
Warm C,232319,1410,1409,3268,1998,0,0.0040229745
Warm C,335596,1980,1979,3268,1998,0,0.011042905
Warm C,227001,1377,1376,3268,1998,0,-0.003917001
Warm C,212803,1297,1296,3268,1998,0,0.004432675
Warm C,278803,1680,1679,3268,1998,0,0.0064432267
Warm C,174822,1107,1106,3268,1998,0,0.0018483013
Warm C,198582,1220,1219,3268,1998,1,0.0071500614
Warm C,169518,1077,1076,3268,1998,0,0.005169294
Warm C,327754,1941,1940,3268,1998,1,0.005724948
Warm C,161508,1030,1029,3268,1998,0,0.0061046174
Warm C,189274,1173,1172,3268,1998,0,0.006311504
Warm C,275431,1667,1666,3268,1998,0,0.0141523
Warm C,342269,2015,2014,3268,1998,0,0.0053879665
Warm C,155763,1004,1003,3268,1998,0,0.01039201
Warm C,144794,934,933,3268,1998,0,0.0020855186
Warm C,276821,1675,1674,3268,1998,0,0.0051709753
Warm C,136350,881,880,3268,1998,0,0.007959502
Warm C,202359,1244,1243,3268,1998,0,-0.0042607468
Warm C,332530,1962,1961,3268,1998,0,0.014226802
Warm C,120122,776,775,3268,1998,0,-0.006770508
Warm C,120301,777,776,3268,1998,0,0.0077592493
Warm C,114741,746,745,3268,1998,0,0.0023180104
Warm C,110646,721,720,3268,1998,0,0.0043685483
Warm C,101295,676,675,3268,1998,0,0.0061657364
Warm C,299490,1778,1777,3268,1998,0,0.017782187
Warm C,98639,660,659,3268,1998,0,0.0075566648
Warm C,96347,647,646,3268,1998,0,0.003550131
Warm C,95354,639,638,3268,1998,1,0.017971635
Warm C,441934,2718,2717,3268,1998,1,0.0084033795
Warm C,90577,601,600,3268,1998,0,0.017469777
Warm C,238689,1448,1447,3268,1998,0,0.0042509893
Warm C,119068,770,769,3268,1998,0,0.009650411
Warm C,81523,543,542,3268,1998,0,0.020351395
Warm C,65223,438,437,3268,1998,0,-0.0041375933
Warm C,239786,1449,1448,3268,1998,0,0.0062968535
Warm C,82852,549,548,3268,1998,0,0.009264523
Warm C,44428,302,301,3268,1998,0,0.006965516
Warm C,63842,426,425,3268,1998,1,0.0052458104
Warm C,39527,268,267,3268,1998,0,0.012324976
Warm C,38019,260,259,3268,1998,0,-0.00027196528
Warm C,255450,1556,1555,3268,1998,1,0.010996021
Warm C,32007,216,215,3268,1998,0,0.0060874713
Warm C,336911,1983,1982,3268,1998,0,0.00040590903
Warm C,28772,198,197,3268,1998,0,0.007978571
Warm C,29150,199,198,3268,1998,0,-0.00015941681
Warm C,766307,4562,4561,3268,1998,0,0.0005835545
Warm C,291209,1737,1736,3268,1998,0,-0.00605927
Warm C,22460,163,162,3268,1998,0,0.014583465
Warm C,13022,101,100,3268,1998,1,0.008756922
Warm C,2543,21,20,3268,1998,0,0.008998416
Warm C,3732,26,25,3268,1998,0,0.011886194
Warm C,697157,4169,4168,3268,1998,0,0.008680489
Warm C,686441,4107,4106,3268,1998,0,0.006167931
Warm C,19347,148,147,3268,1998,0,0.010335423
Warm C,78323,528,527,3268,1998,0,0.006879188
Warm C,237699,1447,1446,3268,1998,0,0.0122847855
Warm C,362795,2116,2115,3268,1998,0,0.0072157932
Warm C,152178,979,978,3268,1998,1,0.00015185168
Warm C,383604,2242,2241,3268,1998,0,0.009009307
Warm C,964393,5812,5811,3268,1998,0,0.017805848
Warm C,183498,1142,1141,3268,1998,0,0.004370244
Warm C,257495,1579,1578,3268,1998,0,0.0110712275
Warm C,62674,424,423,3268,1998,0,0.017967116
Warm C,329177,1943,1942,3268,1998,0,0.0032571282
Warm C,234804,1425,1424,3268,1998,0,0.012552349
Warm C,52123,343,342,3268,1998,1,-0.0063911136
Warm C,609590,3695,3694,3272,2001,0,0.01299119
Warm C,605646,3681,3680,3272,2001,1,0.011702343
Warm C,600497,3651,3650,3272,2001,1,0.0138914855
Warm C,598108,3641,3640,3272,2001,1,0.015573867
Warm C,606391,3683,3682,3272,2001,1,0.018194318
Warm C,596384,3626,3625,3272,2001,0,0.014166832
Warm C,587403,3588,3587,3272,2001,1,0.014636114
Warm C,759042,4510,4509,3272,2001,0,0.019296685
Warm C,593520,3618,3617,3272,2001,0,0.02674993
Warm C,579102,3539,3538,3272,2001,1,0.011238896
Warm C,570208,3499,3498,3272,2001,1,0.012421088
Warm C,571945,3507,3506,3272,2001,0,0.009502271
Warm C,576950,3526,3525,3272,2001,1,0.0032523158
Warm C,542060,3336,3335,3272,2001,0,0.0045424555
Warm C,580447,3546,3545,3272,2001,0,0.019803112
Warm C,528070,3265,3264,3272,2001,0,0.015182691
Warm C,522317,3224,3223,3272,2001,1,0.009879885
Warm C,519680,3206,3205,3272,2001,0,0.013029665
Warm C,517369,3193,3192,3272,2001,0,0.0056092944
Warm C,515960,3184,3183,3272,2001,0,0.008449952
Warm C,515347,3182,3181,3272,2001,1,0.011957422
Warm C,509218,3135,3134,3272,2001,1,0.00084657874
Warm C,496843,3053,3052,3272,2001,0,0.015975581
Warm C,484890,2986,2985,3272,2001,0,0.025247242
Warm C,852831,5113,5112,3272,2001,0,0.011893763
Warm C,473344,2909,2908,3272,2001,1,0.005989478
Warm C,646575,3892,3891,3272,2001,0,0.017733581
Warm C,467736,2883,2882,3272,2001,0,0.011155074
Warm C,457749,2820,2819,3272,2001,1,0.013827237
Warm C,453565,2793,2792,3272,2001,1,0.018176677
Warm C,441341,2703,2702,3272,2001,0,0.0061258986
Warm C,431358,2628,2627,3272,2001,0,0.0052570137
Warm C,430954,2627,2626,3272,2001,0,0.015236581
Warm C,429064,2611,2610,3272,2001,1,0.013817169
Warm C,833055,5008,5007,3272,2001,0,0.0002973479
Warm C,409122,2456,2455,3272,2001,0,0.013458011
Warm C,408062,2453,2452,3272,2001,1,0.00974199
Warm C,407184,2446,2445,3272,2001,1,0.015381983
Warm C,402211,2402,2401,3272,2001,1,0.02450616
Warm C,392005,2304,2303,3272,2001,0,0.014496433
Warm C,369326,2161,2160,3272,2001,0,0.010796825
Warm C,364629,2124,2123,3272,2001,1,0.009168163
Warm C,359272,2102,2101,3272,2001,0,0.008446416
Warm C,349483,2051,2050,3272,2001,0,0.0102500655
Warm C,310068,1845,1844,3272,2001,1,0.0070690475
Warm C,274312,1658,1657,3272,2001,1,0.018783439
Warm C,301497,1791,1790,3272,2001,1,0.010216427
Warm C,216870,1317,1316,3272,2001,1,0.014789413
Warm C,289226,1727,1726,3272,2001,1,0.001210019
Warm C,204473,1260,1259,3272,2001,0,0.004639852
Warm C,214712,1303,1302,3272,2001,1,0.019433867
Warm C,199067,1223,1222,3272,2001,1,0.011140497
Warm C,357910,2094,2093,3272,2001,1,0.005892275
Warm C,278821,1680,1679,3272,2001,1,0.0130331
Warm C,197575,1212,1211,3272,2001,0,0.010205061
Warm C,235501,1426,1425,3272,2001,0,0.013030602
Warm C,185018,1150,1149,3272,2001,0,0.020598348
Warm C,210693,1285,1284,3272,2001,1,0.014392192
Warm C,307275,1835,1834,3272,2001,1,0.016636709
Warm C,168293,1069,1068,3272,2001,1,0.009919947
Warm C,165159,1053,1052,3272,2001,0,0.016501866
Warm C,181249,1133,1132,3272,2001,0,0.010518247
Warm C,212807,1297,1296,3272,2001,1,0.013676679
Warm C,157919,1015,1014,3272,2001,0,0.0072874473
Warm C,221180,1340,1339,3272,2001,0,0.013336537
Warm C,139583,893,892,3272,2001,0,0.0038341992
Warm C,131040,850,849,3272,2001,1,0.019361354
Warm C,129255,839,838,3272,2001,1,0.017467745
Warm C,298036,1767,1766,3272,2001,0,0.007257549
Warm C,115968,752,751,3272,2001,0,0.007999992
Warm C,105919,699,698,3272,2001,0,0.0070549403
Warm C,100080,669,668,3272,2001,0,0.02028912
Warm C,98649,660,659,3272,2001,1,0.009945334
Warm C,97740,655,654,3272,2001,0,0.0020404493
Warm C,316673,1884,1883,3272,2001,0,0.011090886
Warm C,480023,2946,2945,3272,2001,0,0.010950034
Warm C,283969,1698,1697,3272,2001,1,0.016516604
Warm C,308453,1837,1836,3272,2001,0,0.015552888
Warm C,159905,1019,1018,3272,2001,1,0.007824489
Warm C,82866,549,548,3272,2001,1,0.022398647
Warm C,238698,1448,1447,3272,2001,0,0.008880014
Warm C,190583,1181,1180,3272,2001,0,0.011626429
Warm C,83961,550,549,3272,2001,1,0.018830506
Warm C,77285,524,523,3272,2001,1,0.024204258
Warm C,80060,533,532,3272,2001,1,0.016877938
Warm C,71854,482,481,3272,2001,0,0.010220515
Warm C,70097,474,473,3272,2001,1,0.014168428
Warm C,239802,1449,1448,3272,2001,0,0.01173754
Warm C,53679,352,351,3272,2001,0,-4.7690235e-05
Warm C,697167,4169,4168,3272,2001,0,0.019204155
Warm C,55584,368,367,3272,2001,1,0.00876161
Warm C,40361,272,271,3272,2001,0,0.02773742
Warm C,33462,225,224,3272,2001,1,0.012151431
Warm C,19951,149,148,3272,2001,0,0.013129322
Warm C,902976,5458,5457,3272,2001,0,0.008266872
Warm C,210031,1284,1283,3272,2001,1,0.015159838
Warm C,772104,4602,4601,3272,2001,1,-0.0029519415
Warm C,257502,1579,1578,3272,2001,1,0.015887763
Warm C,317563,1889,1888,3272,2001,0,0.014917708
Warm C,631413,3821,3820,3272,2001,0,0.018501975
Warm C,592732,3613,3612,3272,2001,0,0.01168566
Warm C,565445,3475,3474,3272,2001,0,0.008754246
Warm C,335611,1980,1979,3272,2001,1,0.018055478
Warm C,47426,319,318,3272,2001,1,0.013157034
Warm C,290036,1733,1732,3272,2001,1,0.01709939
Warm C,322177,1912,1911,3272,2001,0,0.014382931
Warm C,62683,424,423,3272,2001,1,0.011769233
Warm C,941650,5682,5681,3272,2001,0,0.019107815
Warm C,790687,4728,4727,3272,2001,1,0.025080523
Warm C,860281,5172,5171,3272,2001,0,0.0004898794
Warm C,549873,3391,3390,3272,2001,0,0.015926251
Warm C,599107,3648,3647,3275,2004,1,0.004577522
Warm C,22477,163,162,3275,2004,0,0.018802445
Warm C,805898,4823,4822,3275,2004,0,0.010409897
Warm C,202967,1246,1245,3275,2004,1,0.018076539
Warm C,170451,1086,1085,3275,2004,1,0.015042357
Warm C,119081,770,769,3275,2004,1,0.020139094
Warm C,286605,1712,1711,3275,2004,1,0.01650074
Warm C,28104,195,194,3275,2004,1,0.0065680537
Warm C,47939,321,320,3275,2004,1,0.004548966
Warm C,460585,2841,2840,3275,2004,0,0.02818204
Warm C,144080,929,928,3275,2004,0,0.014007778
Warm C,154085,993,992,3275,2004,1,0.0031501243
Warm C,567321,3483,3482,3275,2004,1,0.008167087
Warm C,35815,242,241,3275,2004,1,0.0023565288
Warm C,500438,3074,3073,3275,2004,1,0.012163056
Warm C,20738,151,150,3275,2004,1,0.009280226
Warm C,344785,2023,2022,3275,2004,1,0.008431784
Warm C,19955,149,148,3275,2004,1,0.01096621
Warm C,562462,3462,3461,3275,2004,0,0.0052338517
Warm C,310569,1851,1850,3275,2004,0,0.010518281
Warm C,943569,5689,5688,3275,2004,0,0.012939315
Warm C,44450,302,301,3275,2004,0,0.015480697
Warm C,231048,1399,1398,3275,2004,0,0.0018121076
Warm C,941653,5682,5681,3275,2004,1,0.023618657
Warm C,753452,4489,4488,3275,2004,1,0.01626805
Warm C,887101,5359,5358,3275,2004,0,0.008380273
Warm C,171388,1088,1087,3275,2004,1,0.008290661
Warm C,342280,2015,2014,3275,2004,1,0.013380954
Warm C,894037,5397,5396,3275,2004,1,0.0053966017
Warm C,713719,4277,4276,3275,2004,1,0.010083821
Warm C,62688,424,423,3275,2004,1,0.020108204
Warm C,564246,3471,3470,3275,2004,1,0.011214197
Warm C,363905,2120,2119,3286,2006,0,0.0106836725
Warm C,150022,966,965,3286,2006,0,0.013679776
Warm C,194246,1198,1197,3286,2006,1,0.010347869
Warm C,137976,889,888,3286,2006,0,0.012205583
Warm C,133759,866,865,3286,2006,0,0.0064359102
Warm C,384044,2244,2243,3286,2006,0,0.01195021
Warm C,266597,1617,1616,3286,2006,0,0.022412248
Warm C,130182,843,842,3286,2006,0,0.005506045
Warm C,110312,720,719,3286,2006,0,0.022032838
Warm C,100768,673,672,3286,2006,0,0.016093656
Warm C,252158,1527,1526,3286,2006,0,0.0124514075
Warm C,96568,648,647,3286,2006,0,0.015746493
Warm C,91596,608,607,3286,2006,0,0.0033250782
Warm C,82214,546,545,3286,2006,0,0.010551404
Warm C,76501,519,518,3286,2006,0,0.011668584
Warm C,56699,380,379,3286,2006,0,0.0069593424
Warm C,56608,379,378,3286,2006,1,0.0060654925
Warm C,65702,439,438,3286,2006,0,0.018599942
Warm C,55597,368,367,3286,2006,0,0.007615868
Warm C,153780,988,987,3286,2006,0,0.015548315
Warm C,445526,2748,2747,3286,2006,0,0.017539062
Warm C,44474,302,301,3286,2006,0,0.022214297
Warm C,43910,301,300,3286,2006,0,0.017598262
Warm C,43228,296,295,3286,2006,1,-0.0028417544
Warm C,41784,284,283,3286,2006,0,-0.00069245533
Warm C,37054,250,249,3286,2006,0,0.008567845
Warm C,32035,216,215,3286,2006,0,0.013977505
Warm C,183115,1141,1140,3286,2006,0,0.01834602
Warm C,25611,181,180,3286,2006,0,0.01324798
Warm C,133618,864,863,3286,2006,0,0.013660418
Warm C,22496,163,162,3286,2006,0,0.0153457895
Warm C,26407,187,186,3286,2006,0,0.0116316965
Warm C,947710,5722,5721,3286,2006,1,0.009022385
Warm C,17151,134,133,3286,2006,0,0.010357843
Warm C,439792,2688,2687,3286,2006,1,0.013977805
Warm C,8222,57,56,3286,2006,0,0.012160127
Warm C,7280,51,50,3286,2006,0,-0.0025080573
Warm C,503387,3093,3092,3286,2006,0,0.015616176
Warm C,5368,37,36,3286,2006,0,0.014642326
Warm C,4217,32,31,3286,2006,0,0.0050082947
Warm C,116800,753,752,3286,2006,1,0.014247717
Warm C,540508,3326,3325,3286,2006,0,0.005795978
Warm C,211645,1287,1286,3286,2006,0,0.008417759
Warm C,307030,1834,1833,3286,2006,0,0.008756798
Warm C,399773,2380,2379,3286,2006,0,0.021513972
Warm C,408622,2454,2453,3286,2006,0,0.011279251
Warm C,448875,2766,2765,3286,2006,0,0.0012894364
Warm C,981741,5923,5922,3286,2006,0,0.017979529
Warm C,860519,5173,5172,3286,2006,0,0.0084967455
Warm C,222724,1348,1347,3286,2006,0,0.010985195
Warm C,682272,4085,4084,3286,2006,0,0.013558382
Warm C,401139,2390,2389,3286,2006,1,0.0112467455
Warm C,472418,2907,2906,3286,2006,0,0.014021049
Warm C,331424,1958,1957,3286,2006,0,0.0213154
Warm C,907787,5492,5491,3286,2006,0,0.0069037043
Warm C,562469,3462,3461,3286,2006,0,0.013011631
Warm C,413672,2489,2488,3286,2006,0,0.014539856
Warm C,310576,1851,1850,3286,2006,0,0.014975717
Warm C,351560,2063,2062,3286,2006,0,0.02503696
Warm C,62706,424,423,3286,2006,0,0.01553795
Warm C,496417,3051,3050,3286,2006,0,0.004983288
Warm C,272081,1645,1644,3286,2006,1,0.00857847
Warm C,373364,2180,2179,3287,2007,0,0.015980499
Warm C,365166,2125,2124,3287,2007,1,0.0097086895
Warm C,361486,2109,2108,3287,2007,1,0.005253668
Warm C,353431,2071,2070,3287,2007,0,0.0124517875
Warm C,337810,1987,1986,3287,2007,0,0.012068709
Warm C,311897,1860,1859,3287,2007,0,0.019113211
Warm C,305443,1817,1816,3287,2007,0,0.017196868
Warm C,330509,1951,1950,3287,2007,0,0.012706956
Warm C,288810,1726,1725,3287,2007,0,0.008588348
Warm C,286613,1712,1711,3287,2007,1,-0.00030118832
Warm C,286998,1713,1712,3287,2007,1,0.0023923083
Warm C,285205,1701,1700,3287,2007,1,0.010725286
Warm C,280439,1683,1682,3287,2007,0,0.017085534
Warm C,272083,1645,1644,3287,2007,0,0.004966653
Warm C,266598,1617,1616,3287,2007,0,0.014602958
Warm C,252814,1532,1531,3287,2007,1,0.015115935
Warm C,294206,1749,1748,3287,2007,0,0.0056974036
Warm C,242180,1460,1459,3287,2007,0,0.0018702116
Warm C,239832,1449,1448,3287,2007,0,0.027187651
Warm C,235811,1427,1426,3287,2007,0,0.0071267374
Warm C,225209,1362,1361,3287,2007,0,0.0074284174
Warm C,224074,1356,1355,3287,2007,0,0.005396534
Warm C,222557,1347,1346,3287,2007,1,0.014810777
Warm C,222252,1344,1343,3287,2007,0,0.011544404
Warm C,591822,3610,3609,3287,2007,0,0.012429573
Warm C,195896,1204,1203,3287,2007,0,0.0015799694
Warm C,229860,1391,1390,3287,2007,0,0.011133535
Warm C,294641,1750,1749,3287,2007,0,-0.0008411356
Warm C,326536,1935,1934,3287,2007,0,0.0055718007
Warm C,346114,2030,2029,3287,2007,0,0.013933592
Warm C,194247,1198,1197,3287,2007,0,0.001581094
Warm C,162223,1034,1033,3287,2007,0,0.003168144
Warm C,151370,974,973,3287,2007,0,0.0026993654
Warm C,137978,889,888,3287,2007,0,0.021291913
Warm C,181910,1137,1136,3287,2007,1,0.021009782
Warm C,790228,4727,4726,3287,2007,0,0.013571856
Warm C,124067,799,798,3287,2007,0,0.022199646
Warm C,111172,722,721,3287,2007,0,0.011338886
Warm C,292750,1743,1742,3287,2007,0,0.0011082382
Warm C,94872,637,636,3287,2007,1,0.007644105
Warm C,93749,629,628,3287,2007,1,-0.0054502673
Warm C,262488,1601,1600,3287,2007,0,0.012852604
Warm C,89548,590,589,3287,2007,0,-0.0023460328
Warm C,82215,546,545,3287,2007,1,0.011610279
Warm C,79871,532,531,3287,2007,0,-0.006951875
Warm C,86530,566,565,3287,2007,0,0.004332541
Warm C,69764,470,469,3287,2007,0,0.00082915544
Warm C,61277,412,411,3287,2007,0,0.0040395064
Warm C,38898,264,263,3287,2007,0,0.017189417
Warm C,314334,1877,1876,3287,2007,1,-0.0039621745
Warm C,14482,117,116,3287,2007,0,0.0067280494
Warm C,14071,114,113,3287,2007,0,0.0032037848
Warm C,3378,26,25,3287,2007,0,0.014927011
Warm C,810395,4861,4860,3287,2007,0,0.011432627
Warm C,15580,123,122,3287,2007,0,0.013740265
Warm C,139145,890,889,3287,2007,1,-0.0008375165
Warm C,393231,2310,2309,3287,2007,0,0.013827706
Warm C,545254,3363,3362,3287,2007,0,0.009392231
Warm C,840622,5050,5049,3287,2007,0,0.0072700363
Warm C,241055,1451,1450,3287,2007,0,0.007369078
Warm C,79223,531,530,3287,2007,1,0.024721036
Warm C,689785,4126,4125,3287,2007,0,0.016979994
Warm C,144814,934,933,3287,2007,0,0.0059125843
Warm C,879297,5312,5311,3287,2007,0,0.013482824
Warm C,523828,3229,3228,3287,2007,0,0.011749037
Warm C,877649,5304,5303,3287,2007,0,0.018406022
Warm C,399775,2380,2379,3287,2007,1,0.009252368
Warm C,484575,2985,2984,3287,2007,0,0.013768626
Warm C,177988,1120,1119,3287,2007,1,0.005713589
Warm C,916875,5539,5538,3299,2010,0,0.0048935562
Warm C,543573,3347,3346,3299,2010,0,0.0015887003
Warm C,542697,3339,3338,3299,2010,0,-0.001363658
Warm C,533145,3292,3291,3299,2010,1,0.006671968
Warm C,532690,3290,3289,3299,2010,0,-0.001061311
Warm C,527315,3261,3260,3299,2010,0,0.019965444
Warm C,575208,3519,3518,3299,2010,0,0.019251142
Warm C,516869,3191,3190,3299,2010,0,0.0057043005
Warm C,514368,3176,3175,3299,2010,0,0.0192917
Warm C,816642,4903,4902,3299,2010,0,-9.368954e-05
Warm C,665192,4005,4004,3299,2010,0,0.017918225
Warm C,504817,3106,3105,3299,2010,0,0.014663019
Warm C,503389,3093,3092,3299,2010,0,0.007886248
Warm C,502462,3084,3083,3299,2010,0,-0.00047796284
Warm C,500644,3075,3074,3299,2010,0,0.0137642585
Warm C,495484,3043,3042,3299,2010,0,0.007856417
Warm C,935243,5643,5642,3299,2010,0,0.009376154
Warm C,492595,3029,3028,3299,2010,0,0.022810739
Warm C,489526,3013,3012,3299,2010,0,0.0113140615
Warm C,495327,3041,3040,3299,2010,0,0.00017197034
Warm C,529548,3272,3271,3299,2010,0,0.015795106
Warm C,472437,2907,2906,3299,2010,0,0.013567986
Warm C,484915,2986,2985,3299,2010,0,0.014027064
Warm C,467611,2882,2881,3299,2010,0,0.012660677
Warm C,466703,2878,2877,3299,2010,0,0.011057239
Warm C,458625,2824,2823,3299,2010,0,0.0047299922
Warm C,456389,2810,2809,3299,2010,0,0.013783336
Warm C,444579,2743,2742,3299,2010,0,0.016166886
Warm C,703518,4218,4217,3299,2010,1,0.011938882
Warm C,403302,2409,2408,3299,2010,0,0.009726157
Warm C,393848,2320,2319,3299,2010,0,0.011878092
Warm C,385880,2257,2256,3299,2010,0,0.001705015
Warm C,398587,2372,2371,3299,2010,0,0.0063116523
Warm C,382584,2236,2235,3299,2010,0,0.012257911
Warm C,376964,2202,2201,3299,2010,0,0.0071774814
Warm C,373924,2181,2180,3299,2010,0,0.009689363
Warm C,358822,2100,2099,3299,2010,1,0.009082019
Warm C,334207,1971,1970,3299,2010,0,0.0053722155
Warm C,330512,1951,1950,3299,2010,0,0.0036489288
Warm C,294643,1750,1749,3299,2010,0,0.008509072
Warm C,315059,1880,1879,3299,2010,0,0.009486435
Warm C,285787,1705,1704,3299,2010,0,-0.0046004
Warm C,285032,1700,1699,3299,2010,0,-0.0029278423
Warm C,278219,1678,1677,3299,2010,0,0.0096565
Warm C,263135,1605,1604,3299,2010,0,-0.00088176236
Warm C,257185,1577,1576,3299,2010,1,0.01349543
Warm C,253708,1543,1542,3299,2010,0,0.005613624
Warm C,253863,1544,1543,3299,2010,0,0.015426941
Warm C,332561,1962,1961,3299,2010,0,0.011614473
Warm C,321639,1908,1907,3299,2010,0,0.0037054182
Warm C,281896,1691,1690,3299,2010,0,0.0062698205
Warm C,216385,1314,1313,3299,2010,0,-0.0017404025
Warm C,243790,1470,1469,3299,2010,0,0.008032534
Warm C,189296,1173,1172,3299,2010,0,0.010416169
Warm C,187381,1163,1162,3299,2010,0,-0.0036299042
Warm C,186744,1156,1155,3299,2010,0,0.010321831
Warm C,183124,1141,1140,3299,2010,0,0.0069748033
Warm C,179500,1125,1124,3299,2010,0,0.011767791
Warm C,194250,1198,1197,3299,2010,0,0.009209227
Warm C,175410,1112,1111,3299,2010,0,0.016101638
Warm C,167753,1068,1067,3299,2010,1,0.018807027
Warm C,155279,1001,1000,3299,2010,0,0.018974815
Warm C,362847,2116,2115,3299,2010,0,0.012992748
Warm C,139820,896,895,3299,2010,0,0.0067646774
Warm C,138001,889,888,3299,2010,0,0.011846334
Warm C,131811,854,853,3299,2010,0,0.012639482
Warm C,248717,1501,1500,3299,2010,0,0.01414919
Warm C,128763,836,835,3299,2010,0,0.0020979356
Warm C,145588,936,935,3299,2010,0,0.0040776944
Warm C,112356,731,730,3299,2010,1,0.011023764
Warm C,239848,1449,1448,3299,2010,0,0.006946297
Warm C,228116,1383,1382,3299,2010,0,0.013680972
Warm C,85901,561,560,3299,2010,0,0.006138581
Warm C,73634,499,498,3299,2010,0,0.007958166
Warm C,64180,429,428,3299,2010,0,0.0038164519
Warm C,61293,412,411,3299,2010,1,0.0051238043
Warm C,39557,268,267,3299,2010,0,0.013296381
Warm C,647638,3900,3899,3299,2010,0,0.009573918
Warm C,32064,216,215,3299,2010,0,0.002387837
Warm C,29461,201,200,3299,2010,0,-0.00026900187
Warm C,23338,167,166,3299,2010,0,0.0071197012
Warm C,26420,187,186,3299,2010,0,0.013229395
Warm C,210055,1284,1283,3299,2010,0,0.010254793
Warm C,314338,1877,1876,3299,2010,0,0.0016288755
Warm C,11281,85,84,3299,2010,0,0.004683677
Warm C,79245,531,530,3299,2010,0,0.013445645
Warm C,150489,970,969,3299,2010,0,0.016022393
Warm C,258353,1584,1583,3299,2010,0,0.012144497
Warm C,689790,4126,4125,3299,2010,0,0.012153497
Warm C,360611,2106,2105,3299,2010,0,0.019540746
Warm C,365692,2129,2128,3299,2010,0,0.008866109
Warm C,840624,5050,5049,3299,2010,0,0.018077869
Warm C,231939,1407,1406,3299,2010,0,0.015562288
Warm C,222726,1348,1347,3299,2010,0,0.0072047194
Warm C,105949,699,698,3299,2010,0,0.008685833
Warm C,157961,1015,1014,3299,2010,0,0.008045519
Warm C,503783,3096,3095,3299,2010,1,-0.0003136529
Warm C,556521,3420,3419,3299,2010,1,0.009937653
Warm C,557173,3423,3422,3299,2010,0,0.0014776874
Warm C,20766,151,150,3299,2010,0,0.0059763603
Warm C,537806,3312,3311,3299,2010,0,0.02090645
Warm C,697205,4169,4168,3299,2010,0,0.016260581
Warm C,398999,2376,2375,3299,2010,0,0.019745355
Warm C,110682,721,720,3299,2010,0,0.013569651
Warm C,351579,2063,2062,3299,2010,0,0.0068457746
Warm C,907790,5492,5491,3299,2010,0,0.013718288
Warm C,331446,1958,1957,3299,2010,0,0.02804375
Warm C,476287,2926,2925,3299,2010,0,0.018415004
Warm C,285213,1701,1700,3299,2010,0,0.01272667
Warm C,599130,3648,3647,3299,2010,0,-0.0017048668
Warm C,206278,1265,1264,3299,2010,0,0.003583889
Warm C,46455,310,309,3299,2010,1,0.007489334
Warm C,312820,1865,1864,3299,2010,0,0.009863893
Warm C,984192,5948,5947,3299,2010,0,-0.009026291
Warm C,941663,5682,5681,3299,2010,0,0.019487157
Warm C,974584,5878,5877,3299,2010,0,0.0052113933
Warm C,105652,698,697,3310,2015,1,0.00050039985
Warm C,840536,5049,5048,3310,2015,1,0.003138497
Warm C,547269,3375,3374,3324,2018,0,0.0027561123
Warm C,592431,3611,3610,3324,2018,1,0.004865219
Warm C,545160,3362,3361,3324,2018,0,0.0023514894
Warm C,544557,3357,3356,3324,2018,1,0.010384531
Warm C,538029,3312,3311,3324,2018,1,0.011504866
Warm C,537293,3311,3310,3324,2018,0,0.0054138745
Warm C,564539,3471,3470,3324,2018,1,0.008806745
Warm C,533452,3292,3291,3324,2018,1,0.016143445
Warm C,532235,3285,3284,3324,2018,0,0.009577926
Warm C,525489,3245,3244,3324,2018,0,0.003978974
Warm C,524070,3230,3229,3324,2018,0,0.006537699
Warm C,517676,3195,3194,3324,2018,1,0.0073974296
Warm C,745442,4448,4447,3324,2018,1,0.011558494
Warm C,514672,3179,3178,3324,2018,0,0.008624826
Warm C,506348,3116,3115,3324,2018,1,0.006480823
Warm C,504049,3098,3097,3324,2018,1,0.009188245
Warm C,503441,3093,3092,3324,2018,0,0.0052296347
Warm C,502497,3084,3083,3324,2018,1,0.0056725577
Warm C,502941,3087,3086,3324,2018,0,0.0021488108
Warm C,516546,3189,3188,3324,2018,0,0.013433191
Warm C,659198,3971,3970,3324,2018,1,0.007328875
Warm C,488720,3007,3006,3324,2018,1,-0.004906292
Warm C,484415,2981,2980,3324,2018,0,0.0028951447
Warm C,476061,2922,2921,3324,2018,1,0.009731778
Warm C,473836,2909,2908,3324,2018,0,0.0057772803
Warm C,472711,2907,2906,3324,2018,0,0.010255881
Warm C,467985,2885,2884,3324,2018,0,0.0078213345
Warm C,811722,4868,4867,3324,2018,1,0.0152166765
Warm C,459978,2837,2836,3324,2018,1,0.014478465
Warm C,457516,2819,2818,3324,2018,0,0.011491828
Warm C,451002,2777,2776,3324,2018,1,5.1711686e-05
Warm C,448262,2763,2762,3324,2018,0,0.01520825
Warm C,444735,2743,2742,3324,2018,0,-0.00090365275
Warm C,443889,2737,2736,3324,2018,0,0.0023943172
Warm C,670682,4030,4029,3324,2018,1,0.010286071
Warm C,417155,2509,2508,3324,2018,0,0.00557907
Warm C,407887,2452,2451,3324,2018,0,0.014494798
Warm C,408728,2454,2453,3324,2018,0,0.014007859
Warm C,387045,2263,2262,3324,2018,1,0.007832103
Warm C,398617,2372,2371,3324,2018,0,-0.0047766035
Warm C,384381,2245,2244,3324,2018,0,0.0023513646
Warm C,380364,2223,2222,3324,2018,0,0.0076462207
Warm C,374212,2181,2180,3324,2018,0,0.011051866
Warm C,357999,2095,2094,3324,2018,0,0.011550003
Warm C,355553,2081,2080,3324,2018,0,0.0028610025
Warm C,352047,2063,2062,3324,2018,0,0.020251699
Warm C,361759,2109,2108,3324,2018,0,0.006605874
Warm C,348993,2047,2046,3324,2018,0,-0.0022878617
Warm C,340757,2010,2009,3324,2018,0,0.005717412
Warm C,338612,1992,1991,3324,2018,0,-0.0020324902
Warm C,639203,3842,3841,3324,2018,1,-0.0010617545
Warm C,291918,1739,1738,3324,2018,0,2.4646288e-05
Warm C,285050,1700,1699,3324,2018,0,-0.004405281
Warm C,297604,1764,1763,3324,2018,1,0.008490076
Warm C,285811,1705,1704,3324,2018,0,-0.004239513
Warm C,256984,1573,1572,3324,2018,0,0.014935693
Warm C,234536,1423,1422,3324,2018,0,-0.0025830918
Warm C,223640,1354,1353,3324,2018,0,0.00858232
Warm C,217515,1319,1318,3324,2018,0,0.010365762
Warm C,281916,1691,1690,3324,2018,0,-0.0026114795
Warm C,208046,1272,1271,3324,2018,1,0.0124835
Warm C,279533,1680,1679,3324,2018,0,0.0051100664
Warm C,198850,1221,1220,3324,2018,0,0.004337987
Warm C,195574,1203,1202,3324,2018,0,0.019295437
Warm C,201185,1241,1240,3324,2018,1,0.0049530054
Warm C,187405,1163,1162,3324,2018,1,0.00025905436
Warm C,186774,1156,1155,3324,2018,0,0.0020856115
Warm C,183589,1142,1141,3324,2018,0,0.00799677
Warm C,173740,1100,1099,3324,2018,0,0.0118309
Warm C,162600,1037,1036,3324,2018,0,0.0065255975
Warm C,162488,1035,1034,3324,2018,0,-0.0050707245
Warm C,150669,970,969,3324,2018,0,0.007666117
Warm C,144203,929,928,3324,2018,1,0.004014311
Warm C,143536,926,925,3324,2018,1,0.006086419
Warm C,143706,927,926,3324,2018,0,0.0024187188
Warm C,134416,869,868,3324,2018,0,0.0073971422
Warm C,210217,1284,1283,3324,2018,1,0.0033390245
Warm C,128777,836,835,3324,2018,0,0.0018371386
Warm C,363183,2116,2115,3324,2018,0,0.007806896
Warm C,199114,1223,1222,3324,2018,0,0.0034661866
Warm C,117570,757,756,3324,2018,0,0.01549619
Warm C,112581,731,730,3324,2018,1,0.008695424
Warm C,108111,710,709,3324,2018,0,0.011540931
Warm C,103461,687,686,3324,2018,0,0.00785583
Warm C,116373,752,751,3324,2018,0,0.008314144
Warm C,100906,673,672,3324,2018,0,0.007707092
Warm C,510964,3150,3149,3324,2018,0,0.0063042557
Warm C,99670,665,664,3324,2018,0,0.005677055
Warm C,262554,1601,1600,3324,2018,1,0.0004298266
Warm C,89599,590,589,3324,2018,0,0.0058527743
Warm C,99590,664,663,3324,2018,1,0.007520637
Warm C,76177,517,516,3324,2018,0,0.013718257
Warm C,64292,429,428,3324,2018,0,0.0131590385
Warm C,65447,438,437,3324,2018,0,0.018043261
Warm C,317803,1889,1888,3324,2018,0,0.0066544535
Warm C,44392,302,301,3324,2018,0,0.019281516
Warm C,61230,412,411,3324,2018,1,0.0044671884
Warm C,296842,1759,1758,3324,2018,1,0.0047956943
Warm C,219229,1329,1328,3324,2018,1,0.0041632964
Warm C,22439,163,162,3324,2018,0,0.004015534
Warm C,33416,225,224,3324,2018,0,0.007954213
Warm C,314390,1877,1876,3324,2018,0,0.0021426752
Warm C,11274,85,84,3324,2018,1,0.00016027677
Warm C,328358,1941,1940,3324,2018,0,0.0025667949
Warm C,389471,2282,2281,3324,2018,1,0.009892354
Warm C,481913,2962,2961,3324,2018,0,0.0057788314
Warm C,330762,1952,1951,3324,2018,0,0.010440265
Warm C,174230,1101,1100,3324,2018,1,0.006627512
Warm C,287315,1715,1714,3324,2018,1,0.010266747
Warm C,78547,528,527,3324,2018,0,0.0120505905
Warm C,548575,3386,3385,3324,2018,0,0.008179206
Warm C,360915,2106,2105,3324,2018,0,0.019789115
Warm C,60636,411,410,3324,2018,0,0.013441942
Warm C,110912,721,720,3324,2018,0,0.004611928
Warm C,577315,3526,3525,3324,2018,0,0.012347083
Warm C,685076,4094,4093,3324,2018,0,0.008790551
Warm C,144993,934,933,3324,2018,0,0.0076411096
Warm C,326147,1930,1929,3324,2018,1,0.009634821
Warm C,20706,151,150,3324,2018,1,0.016746484
Warm C,697546,4169,4168,3324,2018,0,0.013296131
Warm C,499550,3067,3066,3324,2018,1,0.014064938
Warm C,807294,4831,4830,3324,2018,1,0.009605504
Warm C,139984,897,896,3324,2018,0,0.005919642
Warm C,83291,549,548,3324,2018,1,0.006118454
Warm C,52978,349,348,3324,2018,0,0.005308914
Warm C,496550,3051,3050,3324,2018,0,0.0013521689
Warm C,171816,1088,1087,3324,2018,0,0.013447251
Warm C,272280,1645,1644,3324,2018,1,0.0084754415
Warm C,492835,3029,3028,3324,2018,0,0.0067251213
Warm C,480470,2947,2946,3324,2018,0,0.0039791763
Warm C,309120,1839,1838,3325,2019,0,0.0027313144
Warm C,304453,1809,1808,3325,2019,0,0.0011527215
Warm C,321699,1908,1907,3325,2019,0,0.0072308998
Warm C,298718,1774,1773,3325,2019,1,-0.004009701
Warm C,360916,2106,2105,3325,2019,0,0.010368951
Warm C,294665,1750,1749,3325,2019,0,-0.00071612187
Warm C,285390,1701,1700,3325,2019,0,0.0069770482
Warm C,280499,1683,1682,3325,2019,1,0.007343311
Warm C,278263,1678,1677,3325,2019,0,0.011068073
Warm C,273082,1647,1646,3325,2019,0,-0.0017402528
Warm C,262805,1603,1602,3325,2019,1,0.0002964905
Warm C,256985,1573,1572,3325,2019,0,0.017722959
Warm C,256197,1562,1561,3325,2019,0,-0.0029158911
Warm C,256258,1563,1562,3325,2019,0,0.0027370765
Warm C,260686,1593,1592,3325,2019,0,-0.0002014921
Warm C,233263,1419,1418,3325,2019,0,0.0006903694
Warm C,235623,1426,1425,3325,2019,0,0.0069764843
Warm C,225594,1366,1365,3325,2019,0,0.0086190775
Warm C,224238,1356,1355,3325,2019,0,-0.004235081
Warm C,224873,1359,1358,3325,2019,0,0.008943791
Warm C,222422,1345,1344,3325,2019,0,-0.0043529402
Warm C,242188,1460,1459,3325,2019,0,-0.00013070344
Warm C,281917,1691,1690,3325,2019,0,-0.0022586526
Warm C,214119,1300,1299,3325,2019,0,0.014215747
Warm C,285812,1705,1704,3325,2019,0,-0.0003512341
Warm C,207682,1270,1269,3325,2019,0,0.0042828526
Warm C,279535,1680,1679,3325,2019,1,0.0058205915
Warm C,195939,1204,1203,3325,2019,0,0.0029944084
Warm C,189422,1173,1172,3325,2019,0,-0.0016958887
Warm C,186775,1156,1155,3325,2019,1,-0.004346588
Warm C,186488,1153,1152,3325,2019,0,-0.0021770336
Warm C,185477,1150,1149,3325,2019,0,0.001900607
Warm C,184056,1146,1145,3325,2019,0,-0.0032756226
Warm C,182373,1138,1137,3325,2019,1,-0.002144986
Warm C,179692,1125,1124,3325,2019,0,0.011779254
Warm C,175155,1110,1109,3325,2019,1,0.0041241935
Warm C,191141,1181,1180,3325,2019,0,0.007195159
Warm C,175636,1112,1111,3325,2019,0,0.008696382
Warm C,181733,1136,1135,3325,2019,0,0.012638588
Warm C,270458,1636,1635,3325,2019,0,0.010810607
Warm C,348994,2047,2046,3325,2019,0,-0.0007223855
Warm C,155413,1001,1000,3325,2019,0,0.00313851
Warm C,154062,992,991,3325,2019,0,-0.0009567877
Warm C,150087,966,965,3325,2019,0,0.005760893
Warm C,246379,1489,1488,3325,2019,0,-0.0043337494
Warm C,146015,938,937,3325,2019,0,-0.0068477783
Warm C,139843,896,895,3325,2019,0,0.0022420199
Warm C,139438,891,890,3325,2019,0,0.015588722
Warm C,273743,1650,1649,3325,2019,0,0.00248399
Warm C,128778,836,835,3325,2019,0,0.0012403503
Warm C,182094,1137,1136,3325,2019,0,-0.0017049133
Warm C,128336,830,829,3325,2019,0,0.006293488
Warm C,305000,1812,1811,3325,2019,1,0.0069608893
Warm C,124082,799,798,3325,2019,0,-0.002250379
Warm C,100907,673,672,3325,2019,0,0.0047528986
Warm C,99338,662,661,3325,2019,1,-0.005378248
Warm C,137181,883,882,3325,2019,1,-0.004533926
Warm C,222612,1347,1346,3325,2019,0,0.0012014853
Warm C,96644,648,647,3325,2019,0,0.0020416577
Warm C,384180,2244,2243,3325,2019,0,0.00897829
Warm C,90330,596,595,3325,2019,0,0.0057503004
Warm C,85140,555,554,3325,2019,0,0.0004071151
Warm C,74261,506,505,3325,2019,0,-0.0051841317
Warm C,69318,464,463,3325,2019,0,-0.006007634
Warm C,481914,2962,2961,3325,2019,0,0.009386681
Warm C,22440,163,162,3325,2019,0,0.0043619825
Warm C,20386,150,149,3325,2019,0,0.0050252397
Warm C,314391,1877,1876,3325,2019,0,0.00026402448
Warm C,11275,85,84,3325,2019,0,-0.0072629787
Warm C,22180,162,161,3325,2019,0,0.0035338309
Warm C,485152,2986,2985,3325,2019,0,0.013289719
Warm C,140304,899,898,3325,2019,0,-0.0014272837
Warm C,2466,19,18,3325,2019,0,0.0063304408
Warm C,685077,4094,4093,3325,2019,1,0.0071134437
Warm C,56320,376,375,3325,2019,0,0.010541628
Warm C,289701,1729,1728,3325,2019,0,0.0023037638
Warm C,784518,4682,4681,3325,2019,1,0.010260011
Warm C,12824,99,98,3325,2019,0,0.007053704
Warm C,79531,531,530,3325,2019,0,0.004645217
Warm C,682574,4085,4084,3325,2019,0,0.0029573203
Warm C,11925,92,91,3325,2019,0,0.006529779
Warm C,102405,678,677,3325,2019,0,0.007983113
Warm C,500496,3074,3073,3325,2019,0,0.006859606
Warm C,20707,151,150,3325,2019,0,0.009488516
Warm C,375645,2188,2187,3325,2019,0,0.011471042
Warm C,309677,1842,1841,3325,2019,0,0.008180507
Warm C,110913,721,720,3325,2019,0,-0.0010897961
Warm C,517925,3196,3195,3325,2019,1,0.0044300724
Warm C,554058,3410,3409,3325,2019,0,0.0061513963
Warm C,599350,3648,3647,3325,2019,0,-0.0021574316
Warm C,331743,1958,1957,3325,2019,0,0.0046824426
Warm C,419429,2535,2534,3325,2019,1,0.002122175
Warm C,499551,3067,3066,3325,2019,0,0.009729566
Warm C,336099,1980,1979,3325,2019,0,0.0025289487
Warm C,479781,2944,2943,3325,2019,0,0.010609414
Warm C,206397,1265,1264,3325,2019,0,0.006346173
Warm C,538030,3312,3311,3325,2019,0,0.0026278705
Warm C,328361,1941,1940,3325,2019,0,0.0079241255
Warm C,58706,398,397,3325,2019,0,0.010500777
Warm C,785847,4697,4696,3325,2019,1,-0.002997466
Warm C,580026,3540,3539,3326,2020,1,0.0043698098
Warm C,504050,3098,3097,3326,2020,1,0.0058531514
Warm C,503443,3093,3092,3326,2020,0,0.0024237568
Warm C,502499,3084,3083,3326,2020,1,0.008111634
Warm C,502410,3083,3082,3326,2020,0,0.0013311593
Warm C,502943,3087,3086,3326,2020,0,0.004811233
Warm C,498986,3066,3065,3326,2020,0,-0.00062503957
Warm C,641482,3857,3856,3326,2020,0,0.0049300874
Warm C,494890,3035,3034,3326,2020,0,0.014026342
Warm C,485996,2992,2991,3326,2020,0,0.009701362
Warm C,480558,2948,2947,3326,2020,1,0.0065879915
Warm C,631125,3819,3818,3326,2020,1,0.0013346289
Warm C,868172,5241,5240,3326,2020,0,0.00808087
Warm C,471055,2899,2898,3326,2020,1,0.009765306
Warm C,973594,5872,5871,3326,2020,1,-0.00027917232
Warm C,461136,2844,2843,3326,2020,0,0.012488755
Warm C,458707,2824,2823,3326,2020,1,0.012136984
Warm C,457517,2819,2818,3326,2020,1,0.000593235
Warm C,382620,2236,2235,3326,2020,0,8.964492e-05
Warm C,380365,2223,2222,3326,2020,0,0.0140210185
Warm C,378942,2212,2211,3326,2020,0,0.0036821733
Warm C,374214,2181,2180,3326,2020,0,0.020029992
Warm C,370752,2167,2166,3326,2020,0,0.0024470217
Warm C,365820,2129,2128,3326,2020,0,0.009964043
Warm C,358001,2095,2094,3326,2020,1,0.0061506173
Warm C,358561,2098,2097,3326,2020,0,-0.0034094662
Warm C,361762,2109,2108,3326,2020,0,0.012105234
Warm C,346841,2033,2032,3326,2020,1,0.0049546566
Warm C,343164,2016,2015,3326,2020,0,0.0025711015
Warm C,340759,2010,2009,3326,2020,0,0.006438737
Warm C,338614,1992,1991,3326,2020,0,0.008905172
Warm C,334173,1970,1969,3326,2020,0,0.0014923685
Warm C,330878,1953,1952,3326,2020,1,0.0027811667
Warm C,321870,1910,1909,3326,2020,1,0.0039286115
Warm C,305487,1817,1816,3326,2020,0,0.013985829
Warm C,296843,1759,1758,3326,2020,0,0.013496242
Warm C,289786,1731,1730,3326,2020,0,0.011462094
Warm C,292411,1741,1740,3326,2020,0,0.013248593
Warm C,273083,1647,1646,3326,2020,1,0.00329069
Warm C,271502,1641,1640,3326,2020,0,0.0067498963
Warm C,262806,1603,1602,3326,2020,0,0.009836622
Warm C,256986,1573,1572,3326,2020,0,0.0082145715
Warm C,253925,1544,1543,3326,2020,0,0.01939029
Warm C,234537,1423,1422,3326,2020,0,0.001423195
Warm C,281918,1691,1690,3326,2020,0,0.009117517
Warm C,215867,1308,1307,3326,2020,1,0.0037554707
Warm C,211115,1285,1284,3326,2020,0,0.005665984
Warm C,201060,1240,1239,3326,2020,0,0.001813647
Warm C,201187,1241,1240,3326,2020,0,0.007849143
Warm C,186387,1152,1151,3326,2020,0,0.0009263726
Warm C,189423,1173,1172,3326,2020,1,0.0071064746
Warm C,179694,1125,1124,3326,2020,0,0.016289013
Warm C,191143,1181,1180,3326,2020,0,0.01612599
Warm C,167223,1064,1063,3326,2020,1,0.0102589205
Warm C,147460,949,948,3326,2020,0,0.011848245
Warm C,146126,939,938,3326,2020,0,0.008983558
Warm C,135178,875,874,3326,2020,1,0.004771882
Warm C,134418,869,868,3326,2020,1,0.009171656
Warm C,130849,849,848,3326,2020,0,0.0017588157
Warm C,202580,1244,1243,3326,2020,0,0.0051953164
Warm C,240258,1449,1448,3326,2020,0,0.018170964
Warm C,113379,735,734,3326,2020,0,0.011762844
Warm C,292789,1743,1742,3326,2020,1,0.0068834918
Warm C,108113,710,709,3326,2020,0,0.015926689
Warm C,116375,752,751,3326,2020,0,0.019166397
Warm C,100909,673,672,3326,2020,0,0.0046865633
Warm C,97370,652,651,3326,2020,0,0.012148627
Warm C,162314,1034,1033,3326,2020,0,0.005226046
Warm C,89600,590,589,3326,2020,1,0.0038418327
Warm C,86178,563,562,3326,2020,0,0.015048299
Warm C,250437,1509,1508,3326,2020,0,0.001401839
Warm C,77672,524,523,3326,2020,0,0.025607986
Warm C,68452,460,459,3326,2020,1,0.005834925
Warm C,64293,429,428,3326,2020,0,0.008196429
Warm C,67820,454,453,3326,2020,0,0.0075286175
Warm C,317805,1889,1888,3326,2020,0,0.0063475855
Warm C,46260,309,308,3326,2020,1,-0.0011769659
Warm C,29125,199,198,3326,2020,0,0.0066780956
Warm C,210219,1284,1283,3326,2020,0,0.011767225
Warm C,162030,1033,1032,3326,2020,1,0.011283711
Warm C,314392,1877,1876,3326,2020,0,0.008394403
Warm C,561928,3457,3456,3326,2020,0,0.006512829
Warm C,7631,53,52,3326,2020,1,0.01326458
Warm C,330763,1952,1951,3326,2020,0,0.0011004584
Warm C,49317,329,328,3326,2020,0,0.009333132
Warm C,287316,1715,1714,3326,2020,0,-0.0018856144
Warm C,355027,2077,2076,3326,2020,1,0.004101192
Warm C,363186,2116,2115,3326,2020,0,0.014818741
Warm C,893663,5395,5394,3326,2020,0,0.012848556
Warm C,531132,3280,3279,3326,2020,0,0.009693494
Warm C,371053,2168,2167,3326,2020,0,0.0076563302
Warm C,55560,368,367,3326,2020,1,0.007276863
Warm C,975422,5880,5879,3326,2020,0,0.0040121437
Warm C,653609,3940,3939,3326,2020,0,0.012933856
Warm C,174673,1105,1104,3326,2020,0,0.011929546
Warm C,840640,5050,5049,3326,2020,0,-0.0057959766
Warm C,79533,531,530,3326,2020,0,0.0119773615
Warm C,319440,1897,1896,3326,2020,0,0.0112262955
Warm C,47382,319,318,3326,2020,0,0.02290143
Warm C,388372,2272,2271,3326,2020,1,0.0058804983
Warm C,577317,3526,3525,3326,2020,0,0.011362335
Warm C,242121,1458,1457,3326,2020,0,0.014553287
Warm C,964539,5812,5811,3326,2020,0,0.013738174
Warm C,35056,237,236,3326,2020,0,0.013382609
Warm C,309679,1842,1841,3326,2020,0,0.010190772
Warm C,697549,4169,4168,3326,2020,0,0.016335566
Warm C,631680,3821,3820,3326,2020,0,0.014957321
Warm C,811438,4867,4866,3326,2020,0,0.011239018
Warm C,571137,3503,3502,3326,2020,0,0.014291367
Warm C,72167,482,481,3326,2020,0,0.008307735
Warm C,13135,102,101,3326,2020,1,0.009161297
Warm C,158388,1015,1014,3326,2020,0,0.011569119
Warm C,492837,3029,3028,3326,2020,0,0.0036556763
Warm C,136711,881,880,3326,2020,0,0.017148063
Warm C,847260,5090,5089,3326,2020,0,0.009057428
Warm C,575860,3520,3519,3326,2020,0,0.013295464
Warm C,801765,4802,4801,3326,2020,1,0.004730614
Warm C,33910,229,228,3326,2020,0,0.008895957
Warm C,60640,411,410,3326,2020,0,0.01112585
Warm C,771889,4600,4599,3326,2020,0,0.006580716
Warm C,252859,1532,1531,3327,2021,0,0.0050474275
Warm C,244071,1470,1469,3327,2021,1,0.0114058405
Warm C,236561,1435,1434,3327,2021,0,-0.00040258188
Warm C,231155,1399,1398,3327,2021,1,-8.975202e-05
Warm C,227794,1381,1380,3327,2021,0,0.0047322526
Warm C,224240,1356,1355,3327,2021,0,0.0014652959
Warm C,215918,1309,1308,3327,2021,1,-0.004269893
Warm C,211117,1285,1284,3327,2021,1,0.00605713
Warm C,195940,1204,1203,3327,2021,0,0.0052513713
Warm C,326564,1935,1934,3327,2021,1,-0.0048077665
Warm C,185482,1150,1149,3327,2021,1,0.00664812
Warm C,340302,2009,2008,3327,2021,0,0.0016885987
Warm C,308750,1837,1836,3327,2021,0,0.003222404
Warm C,226160,1369,1368,3327,2021,0,0.0063223513
Warm C,159340,1017,1016,3327,2021,1,0.006659839
Warm C,158390,1015,1014,3327,2021,0,0.005105796
Warm C,150088,966,965,3327,2021,0,0.0015084702
Warm C,147951,953,952,3327,2021,1,-0.0048739854
Warm C,268039,1628,1627,3327,2021,0,0.0065229256
Warm C,140733,904,903,3327,2021,1,0.00547454
Warm C,138515,889,888,3327,2021,0,0.004252128
Warm C,258506,1584,1583,3327,2021,1,0.008489761
Warm C,130850,849,848,3327,2021,1,0.0012195788
Warm C,130561,846,845,3327,2021,1,0.003056376
Warm C,128980,838,837,3327,2021,1,0.0012555977
Warm C,182095,1137,1136,3327,2021,1,1.28299e-05
Warm C,131241,850,849,3327,2021,1,0.01028946
Warm C,306638,1828,1827,3327,2021,0,0.0032112945
Warm C,118025,763,762,3327,2021,1,0.0030266633
Warm C,115091,747,746,3327,2021,1,0.008216793
Warm C,110395,720,719,3327,2021,0,0.0016870305
Warm C,108756,712,711,3327,2021,1,-0.00014934316
Warm C,107196,705,704,3327,2021,0,0.004038878
Warm C,120491,777,776,3327,2021,0,0.011736648
Warm C,574331,3516,3515,3327,2021,0,0.014998842
Warm C,96461,647,646,3327,2021,1,0.009523488
Warm C,332744,1962,1961,3327,2021,0,0.0050824583
Warm C,91660,608,607,3327,2021,0,0.00500849
Warm C,90717,601,600,3327,2021,1,-0.003435601
Warm C,205915,1264,1263,3327,2021,0,0.012045778
Warm C,384182,2244,2243,3327,2021,0,0.0015177152
Warm C,320821,1902,1901,3327,2021,1,0.010147417
Warm C,82529,548,547,3327,2021,0,0.0003751577
Warm C,69319,464,463,3327,2021,0,0.010021369
Warm C,57136,386,385,3327,2021,1,0.0013665585
Warm C,53621,352,351,3327,2021,1,0.0061575486
Warm C,312940,1865,1864,3327,2021,1,0.003509277
Warm C,30816,205,204,3327,2021,1,0.0050020544
Warm C,23617,169,168,3327,2021,1,0.007029365
Warm C,947760,5722,5721,3327,2021,0,0.008548655
Warm C,13970,113,112,3327,2021,0,0.0021802066
Warm C,421089,2544,2543,3327,2021,1,0.006495561
Warm C,823908,4951,4950,3327,2021,1,-0.0031945826
Warm C,432784,2638,2637,3327,2021,1,-0.0038007349
Warm C,355029,2077,2076,3327,2021,0,0.011522396
Warm C,653610,3940,3939,3327,2021,0,0.003958987
Warm C,635918,3833,3832,3327,2021,1,0.0037590656
Warm C,252579,1530,1529,3327,2021,1,-0.00021396996
Warm C,554060,3410,3409,3327,2021,0,0.019174699
Warm C,366222,2131,2130,3327,2021,1,0.005675683
Warm C,24302,173,172,3327,2021,0,0.001217234
Warm C,581371,3550,3549,3327,2021,1,0.008266228
Warm C,273085,1647,1646,3327,2021,1,0.006677595
Warm C,983135,5938,5937,3327,2021,1,0.0030144106
Warm C,778294,4647,4646,3327,2021,1,0.00938906
Warm C,329433,1943,1942,3327,2021,1,0.0014818287
Warm C,145855,937,936,3327,2021,1,-0.004170574
Warm C,191146,1181,1180,3327,2021,1,0.0033077234
Warm C,714005,4277,4276,3327,2021,1,0.0007721423
Warm C,941754,5682,5681,3327,2021,1,0.00742633
Warm C,63120,424,423,3327,2021,1,0.010192045
Warm C,28049,195,194,3327,2021,1,0.0030518752
Warm C,251908,1524,1523,3327,2021,1,0.0042136367
Warm C,764555,4543,4542,3327,2021,1,0.01281805
Warm C,408315,2453,2452,3330,2023,1,0.009389927
Warm C,398290,2368,2367,3330,2023,1,0.0007747242
Warm C,414675,2496,2495,3330,2023,0,0.015744794
Warm C,396686,2348,2347,3330,2023,0,0.00073429244
Warm C,394897,2332,2331,3330,2023,1,-0.0008864822
Warm C,378771,2211,2210,3330,2023,1,0.009238921
Warm C,356466,2088,2087,3330,2023,0,0.0047497526
Warm C,269137,1632,1631,3330,2023,0,0.01444353
Warm C,259562,1587,1586,3330,2023,1,0.011712603
Warm C,346280,2030,2029,3330,2023,1,0.009298829
Warm C,294390,1749,1748,3330,2023,0,0.0032810965
Warm C,242899,1465,1464,3330,2023,1,0.0070516644
Warm C,325492,1926,1925,3330,2023,1,0.0082794195
Warm C,213569,1298,1297,3330,2023,1,0.009358169
Warm C,188639,1170,1169,3330,2023,1,0.0026686827
Warm C,167953,1068,1067,3330,2023,1,0.011241924
Warm C,323919,1920,1919,3330,2023,0,0.007664752
Warm C,714016,4277,4276,3330,2023,1,0.010545508
Warm C,318965,1896,1895,3330,2023,1,0.013648819
Warm C,131251,850,849,3330,2023,0,0.0069519347
Warm C,124543,801,800,3330,2023,1,0.0016514928
Warm C,70854,476,475,3330,2023,1,0.0056700557
Warm C,72186,482,481,3330,2023,1,0.009667983
Warm C,46810,314,313,3330,2023,1,0.007935865
Warm C,42080,285,284,3330,2023,1,0.003477436
Warm C,697563,4169,4168,3330,2023,1,0.013604233
Warm C,35254,238,237,3330,2023,0,0.0014097262
Warm C,21970,161,160,3330,2023,0,0.002220888
Warm C,187719,1164,1163,3330,2023,1,0.014407631
Warm C,15538,123,122,3330,2023,0,0.004898116
Warm C,9236,62,61,3330,2023,1,0.0043347776
Warm C,60656,411,410,3330,2023,1,0.010808772
Warm C,312946,1865,1864,3330,2023,1,0.007835163
Warm C,24315,173,172,3330,2023,1,0.007329707
Warm C,170936,1087,1086,3330,2023,1,0.012562908
Warm C,116397,752,751,3330,2023,1,0.019501189
Warm C,565678,3475,3474,3330,2023,0,0.012583613
Warm C,639217,3842,3841,3330,2023,1,0.016545914
Warm C,22778,164,163,3330,2023,1,-0.0029935655
Warm C,421100,2544,2543,3330,2023,0,0.0051904996
Warm C,319448,1897,1896,3330,2023,1,0.0063103973
Warm C,397393,2353,2352,3330,2023,1,0.00424583
Warm C,257789,1579,1578,3330,2023,1,0.0131082665
Warm C,821733,4940,4939,3330,2023,1,0.0072857672
Warm C,384743,2247,2246,3330,2023,0,0.0046319803
Warm C,748334,4467,4466,3330,2023,0,0.006972448
Warm C,839806,5046,5045,3330,2023,1,0.024137605
Warm C,263483,1605,1604,3330,2023,1,0.016404234
Warm C,41173,278,277,3340,2025,0,0.0060289307
Warm C,36423,245,244,3340,2025,0,0.0024584075
Warm C,13538,107,106,3340,2025,0,0.0046670465
Warm C,592079,3610,3609,3340,2025,0,0.010339291
Warm C,4637,33,32,3340,2025,1,0.014827085
Warm C,552505,3401,3400,3340,2025,0,0.0085087195
Warm C,238090,1447,1446,3340,2025,0,0.018858217
Warm C,901619,5450,5449,3340,2025,1,0.0113484925
Warm C,161386,1029,1028,3340,2025,0,0.0042099315
Warm C,546902,3371,3370,3340,2025,0,0.012631994
Warm C,63155,424,423,3340,2025,0,0.010121323
Warm C,681634,4083,4082,3341,2026,1,0.009941161
Warm C,678692,4064,4063,3341,2026,1,0.015107873
Warm C,676120,4054,4053,3341,2026,1,0.006990878
Warm C,668607,4021,4020,3341,2026,1,0.0017600455
Warm C,653040,3935,3934,3341,2026,0,0.016513113
Warm C,639225,3842,3841,3341,2026,1,0.013692954
Warm C,646074,3888,3887,3341,2026,1,0.014625266
Warm C,576238,3521,3520,3341,2026,1,0.0024349373
Warm C,580592,3546,3545,3341,2026,1,0.014300381
Warm C,566798,3478,3477,3341,2026,0,0.011407254
Warm C,594079,3618,3617,3341,2026,0,0.010562323
Warm C,560505,3445,3444,3341,2026,1,0.0071399272
Warm C,548404,3384,3383,3341,2026,0,0.0066639036
Warm C,533478,3292,3291,3341,2026,1,0.0031154365
Warm C,531746,3283,3282,3341,2026,1,0.008481874
Warm C,916941,5539,5538,3341,2026,1,0.0071838596
Warm C,526252,3253,3252,3341,2026,1,0.017698979
Warm C,512996,3163,3162,3341,2026,1,0.015643556
Warm C,500392,3073,3072,3341,2026,0,0.013953263
Warm C,491825,3025,3024,3341,2026,1,0.003375681
Warm C,769086,4579,4578,3341,2026,0,0.0035897172
Warm C,479515,2942,2941,3341,2026,1,0.0034704385
Warm C,478177,2934,2933,3341,2026,1,0.015530614
Warm C,697583,4169,4168,3341,2026,1,0.016592726
Warm C,530602,3278,3277,3341,2026,1,0.006653651
Warm C,601675,3658,3657,3341,2026,1,0.015573422
Warm C,462047,2849,2848,3341,2026,1,0.009974305
Warm C,455894,2807,2806,3341,2026,1,0.015781488
Warm C,455562,2805,2804,3341,2026,1,0.008531634
Warm C,448499,2764,2763,3341,2026,1,0.0031342586
Warm C,446927,2753,2752,3341,2026,1,0.0043952307
Warm C,440480,2693,2692,3341,2026,0,0.00024120847
Warm C,435261,2659,2658,3341,2026,1,0.0054598004
Warm C,431900,2631,2630,3341,2026,1,0.01985096
Warm C,417616,2520,2519,3341,2026,1,7.439905e-05
Warm C,425379,2581,2580,3341,2026,1,0.009984674
Warm C,405451,2428,2427,3341,2026,1,0.009480934
Warm C,395202,2334,2333,3341,2026,0,0.0025390617
Warm C,393886,2320,2319,3341,2026,1,0.0054912143
Warm C,390740,2293,2292,3341,2026,1,0.010191666
Warm C,403724,2411,2410,3341,2026,1,0.005573905
Warm C,380882,2225,2224,3341,2026,0,0.009962779
Warm C,381713,2231,2230,3341,2026,1,-0.002899544
Warm C,377350,2203,2202,3341,2026,1,0.009600902
Warm C,363596,2117,2116,3341,2026,1,0.004518268
Warm C,364172,2121,2120,3341,2026,1,-0.0014016237
Warm C,352983,2067,2066,3341,2026,0,0.0065784655
Warm C,374250,2181,2180,3341,2026,1,0.012739275
Warm C,347452,2038,2037,3341,2026,1,0.0018560045
Warm C,357586,2092,2091,3341,2026,1,0.0048947777
Warm C,343180,2016,2015,3341,2026,1,0.01012563
Warm C,335099,1977,1976,3341,2026,0,0.0055506127
Warm C,318972,1896,1895,3341,2026,0,0.015124469
Warm C,325501,1926,1925,3341,2026,1,0.013366906
Warm C,302802,1798,1797,3341,2026,1,0.0036050566
Warm C,302692,1797,1796,3341,2026,1,-0.0017253632
Warm C,279606,1680,1679,3341,2026,1,0.013469165
Warm C,276350,1671,1670,3341,2026,1,0.013950238
Warm C,264197,1607,1606,3341,2026,0,0.0054544304
Warm C,346291,2030,2029,3341,2026,1,0.005846779
Warm C,250211,1507,1506,3341,2026,1,0.00661947
Warm C,354210,2073,2072,3341,2026,1,0.011688929
Warm C,459194,2826,2825,3341,2026,1,0.008913881
Warm C,228402,1383,1382,3341,2026,0,0.004139272
Warm C,209156,1276,1275,3341,2026,1,0.007840153
Warm C,205373,1263,1262,3341,2026,0,0.009511914
Warm C,190157,1180,1179,3341,2026,1,0.005500461
Warm C,218309,1323,1322,3341,2026,1,0.003088527
Warm C,316324,1883,1882,3341,2026,0,0.0029024095
Warm C,182846,1140,1139,3341,2026,0,0.004563078
Warm C,181010,1131,1130,3341,2026,1,0.006340187
Warm C,178707,1121,1120,3341,2026,1,0.013789939
Warm C,320215,1899,1898,3341,2026,1,0.008861612
Warm C,153864,989,988,3341,2026,1,0.005955821
Warm C,147024,948,947,3341,2026,0,-0.00086698914
Warm C,185517,1150,1149,3341,2026,1,0.017701317
Warm C,141212,910,909,3341,2026,1,0.0076602898
Warm C,138559,889,888,3341,2026,0,0.013752025
Warm C,135052,873,872,3341,2026,1,0.00816308
Warm C,201674,1242,1241,3341,2026,1,0.007656203
Warm C,131261,850,849,3341,2026,1,0.007919189
Warm C,128850,837,836,3341,2026,0,0.009352333
Warm C,374865,2185,2184,3341,2026,1,0.011200271
Warm C,322539,1912,1911,3341,2026,0,0.011880614
Warm C,124293,800,799,3341,2026,1,0.009960529
Warm C,118734,767,766,3341,2026,1,-0.0046701957
Warm C,524442,3233,3232,3341,2026,1,0.007382985
Warm C,89337,588,587,3341,2026,1,-0.0039088563
Warm C,339237,1998,1997,3341,2026,1,0.003534813
Warm C,77697,524,523,3341,2026,0,0.012843504
Warm C,75964,516,515,3341,2026,1,0.0071344096
Warm C,69989,473,472,3341,2026,1,0.016590696
Warm C,76748,520,519,3341,2026,1,0.017529786
Warm C,123495,796,795,3341,2026,1,0.011288348
Warm C,57768,391,390,3341,2026,1,0.0010276879
Warm C,41365,280,279,3341,2026,1,0.0052180416
Warm C,34700,235,234,3341,2026,1,0.014662656
Warm C,171855,1088,1087,3341,2026,1,0.016175807
Warm C,12707,97,96,3341,2026,1,0.005812064
Warm C,10865,79,78,3341,2026,1,0.009983038
Warm C,6437,45,44,3341,2026,1,-0.0005054597
Warm C,4212,31,30,3341,2026,1,0.009195654
Warm C,481936,2962,2961,3341,2026,0,0.008184534
Warm C,15558,123,122,3341,2026,0,0.0069420496
Warm C,316929,1884,1883,3341,2026,1,0.008358693
Warm C,248924,1501,1500,3341,2026,0,0.0073303124
Warm C,369272,2159,2158,3341,2026,1,0.0071331677
Warm C,421642,2547,2546,3341,2026,1,0.002025428
Warm C,421117,2544,2543,3341,2026,1,0.006170231
Warm C,804178,4815,4814,3341,2026,1,0.0071885614
Warm C,841548,5054,5053,3341,2026,1,0.008164221
Warm C,110939,721,720,3341,2026,1,0.0035022306
Warm C,860356,5172,5171,3341,2026,1,0.00564243
Warm C,513946,3171,3170,3341,2026,1,0.004647707
Warm C,820977,4934,4933,3341,2026,0,0.0030162702
Warm C,141602,911,910,3341,2026,1,0.0044470504
Warm C,93360,624,623,3341,2026,1,0.01212772
Warm C,611253,3705,3704,3350,2029,1,0.010301062
Warm C,598808,3645,3644,3350,2029,0,0.008513102
Warm C,587055,3585,3584,3350,2029,1,0.00914833
Warm C,585772,3576,3575,3350,2029,0,0.013936526
Warm C,572315,3507,3506,3350,2029,1,0.0071274405
Warm C,568781,3490,3489,3350,2029,1,0.013138718
Warm C,553257,3403,3402,3350,2029,1,-0.0025413774
Warm C,549514,3390,3389,3350,2029,1,0.0052349456
Warm C,714037,4277,4276,3350,2029,1,0.015807614
Warm C,542342,3336,3335,3350,2029,1,0.02496387
Warm C,535422,3304,3303,3350,2029,1,0.0051782057
Warm C,533481,3292,3291,3350,2029,1,0.024908882
Warm C,531163,3280,3279,3350,2029,1,0.014017756
Warm C,514999,3180,3179,3350,2029,0,0.008712597
Warm C,566376,3476,3475,3350,2029,1,0.010162913
Warm C,509010,3131,3130,3350,2029,1,-0.0025716503
Warm C,505236,3108,3107,3350,2029,0,0.0068177525
Warm C,487953,3001,3000,3350,2029,1,0.009394679
Warm C,483115,2968,2967,3350,2029,0,0.024626635
Warm C,479516,2942,2941,3350,2029,1,0.010961084
Warm C,478180,2934,2933,3350,2029,1,0.019220365
Warm C,462665,2854,2853,3350,2029,1,0.006987326
Warm C,453075,2790,2789,3350,2029,1,-0.003294
Warm C,443606,2736,2735,3350,2029,1,-0.00025330437
Warm C,421505,2546,2545,3350,2029,0,0.0041894214
Warm C,419431,2535,2534,3350,2029,1,0.005446022
Warm C,403478,2410,2409,3350,2029,1,0.004339774
Warm C,408328,2453,2452,3350,2029,1,0.014227902
Warm C,398296,2368,2367,3350,2029,1,0.008062986
Warm C,395205,2334,2333,3350,2029,1,0.0013471097
Warm C,381716,2231,2230,3350,2029,0,0.011629857
Warm C,378777,2211,2210,3350,2029,0,0.014735542
Warm C,364879,2124,2123,3350,2029,1,0.009446939
Warm C,356481,2088,2087,3350,2029,0,0.014381673
Warm C,354213,2073,2072,3350,2029,1,-0.0012445967
Warm C,336143,1980,1979,3350,2029,1,0.01267828
Warm C,318973,1896,1895,3350,2029,0,0.00020396302
Warm C,280926,1685,1684,3350,2029,1,0.017286865
Warm C,256670,1569,1568,3350,2029,1,0.0052275513
Warm C,346295,2030,2029,3350,2029,1,0.0139203165
Warm C,233696,1421,1420,3350,2029,0,0.011983883
Warm C,342655,2015,2014,3350,2029,0,0.009396107
Warm C,374255,2181,2180,3350,2029,1,0.017324151
Warm C,244098,1470,1469,3350,2029,0,0.019866483
Warm C,328430,1941,1940,3350,2029,0,0.008854819
Warm C,162709,1038,1037,3350,2029,1,0.009182744
Warm C,149958,965,964,3350,2029,1,0.009426219
Warm C,143919,928,927,3350,2029,1,0.011058221
Warm C,185528,1150,1149,3350,2029,0,0.015341794
Warm C,263510,1605,1604,3350,2029,1,0.010769547
Warm C,240309,1449,1448,3350,2029,1,0.021450434
Warm C,101723,677,676,3350,2029,1,-0.00385588
Warm C,85631,558,557,3350,2029,1,0.005892845
Warm C,191201,1181,1180,3350,2029,0,0.015667515
Warm C,239135,1448,1447,3350,2029,1,0.012329613
Warm C,67060,451,450,3350,2029,1,0.0004150879
Warm C,46822,314,313,3350,2029,1,0.0026381584
Warm C,42527,291,290,3350,2029,1,0.0017517474
Warm C,42342,288,287,3350,2029,1,0.017231071
Warm C,697594,4169,4168,3350,2029,1,0.023652159
Warm C,35269,238,237,3350,2029,1,0.0045169294
Warm C,30824,205,204,3350,2029,0,0.0045781434
Warm C,123498,796,795,3350,2029,0,0.013617661
Warm C,8801,59,58,3350,2029,0,0.02387946
Warm C,9265,62,61,3350,2029,1,0.015554833
Warm C,60689,411,410,3350,2029,1,0.01612861
Warm C,421123,2544,2543,3350,2029,0,0.007867988
Warm C,431127,2627,2626,3350,2029,1,0.0050525367
Warm C,804180,4815,4814,3350,2029,1,0.0040935976
Warm C,24331,173,172,3350,2029,1,0.011698813
Warm C,415377,2501,2500,3350,2029,1,0.009495836
Warm C,50618,333,332,3350,2029,1,0.01102625
Warm C,807302,4831,4830,3350,2029,1,0.009476886
Warm C,394899,2332,2331,3350,2029,1,0.007183756
Warm C,52141,343,342,3350,2029,1,0.010286009
Warm C,801779,4802,4801,3350,2029,0,0.008108573
Warm C,319462,1897,1896,3350,2029,1,0.007797018
Warm C,821736,4940,4939,3350,2029,1,0.008502311
Warm C,555065,3413,3412,3350,2029,1,0.011568497
Warm C,208874,1274,1273,3350,2029,1,0.01600698
Warm C,193788,1194,1193,3350,2029,1,0.009782052
Warm C,171863,1088,1087,3350,2029,1,0.02390874
Warm C,300472,1780,1779,3350,2029,1,0.008198458
Warm C,138570,889,888,3357,2032,0,0.014741376
Warm C,490066,3015,3014,3357,2032,1,0.0052473843
Warm C,132838,856,855,3357,2032,1,0.00797162
Warm C,187729,1164,1163,3357,2032,1,-0.0012799688
Warm C,112599,731,730,3357,2032,1,0.0148482
Warm C,100933,673,672,3357,2032,1,0.0048043374
Warm C,660985,3985,3984,3357,2032,0,0.010790242
Warm C,256114,1561,1560,3357,2032,1,0.018406734
Warm C,207010,1266,1265,3357,2032,0,0.007146539
Warm C,90271,595,594,3357,2032,1,0.0082051065
Warm C,89615,590,589,3357,2032,1,0.010497338
Warm C,72965,493,492,3357,2032,1,0.01055256
Warm C,605302,3679,3678,3357,2032,0,0.009078616
Warm C,57601,390,389,3357,2032,0,0.016855918
Warm C,48825,327,326,3357,2032,0,0.00921602
Warm C,44988,303,302,3357,2032,1,0.0007189687
Warm C,969231,5841,5840,3357,2032,1,0.004305165
Warm C,61799,415,414,3357,2032,1,0.010831523
Warm C,332769,1962,1961,3357,2032,0,0.0074139605
Warm C,182114,1137,1136,3357,2032,0,0.022175435
Warm C,71243,478,477,3357,2032,1,0.008876495
Warm C,821254,4937,4936,3357,2032,1,0.015232375
Warm C,21988,161,160,3357,2032,1,-0.003233262
Warm C,801781,4802,4801,3357,2032,1,0.00531902
Warm C,314400,1877,1876,3357,2032,0,-0.0022876058
Warm C,471975,2904,2903,3357,2032,1,0.003291492
Warm C,16106,127,126,3357,2032,0,0.012446053
Warm C,535088,3301,3300,3357,2032,1,0.0072845467
Warm C,569634,3492,3491,3357,2032,1,0.008529297
Warm C,39355,267,266,3357,2032,1,0.0070572607
Warm C,967461,5831,5830,3357,2032,1,0.020132996
Warm C,60692,411,410,3357,2032,0,0.015876217
Warm C,365836,2129,2128,3357,2032,0,0.0025798206
Warm C,228408,1383,1382,3357,2032,0,0.007947043
Warm C,198231,1218,1217,3357,2032,1,0.011593886
Warm C,771141,4593,4592,3357,2032,1,0.006707141
Warm C,964561,5812,5811,3357,2032,1,0.014693022
Warm C,298161,1767,1766,3357,2032,0,0.0149709415
Warm C,796368,4771,4770,3357,2032,0,0.007270487
Warm C,13146,102,101,3357,2032,0,0.016789522
Warm C,199876,1227,1226,3357,2032,1,0.0084573785
Warm C,571473,3504,3503,3357,2032,1,-0.0072652227
Warm C,456992,2814,2813,3357,2032,1,0.003215532
Warm C,638407,3841,3840,3364,2039,0,0.01289911
Warm C,617132,3735,3734,3364,2039,1,-0.001730118
Warm C,611268,3705,3704,3364,2039,1,0.013321397
Warm C,604404,3675,3674,3364,2039,1,0.00069347164
Warm C,621298,3762,3761,3364,2039,0,-0.0010975756
Warm C,597574,3635,3634,3364,2039,1,0.003094892
Warm C,587487,3588,3587,3364,2039,1,0.011449935
Warm C,580602,3546,3545,3364,2039,1,0.013328124
Warm C,572335,3507,3506,3364,2039,1,0.0030237332
Warm C,556108,3417,3416,3364,2039,1,-0.0012168111
Warm C,551293,3394,3393,3364,2039,1,-0.0004618871
Warm C,548408,3384,3383,3364,2039,1,0.0010073045
Warm C,714059,4277,4276,3364,2039,1,0.0004089526
Warm C,533498,3292,3291,3364,2039,1,0.0036635369
Warm C,513014,3163,3162,3364,2039,1,0.0043218494
Warm C,482818,2967,2966,3364,2039,1,0.003664025
Warm C,697619,4169,4168,3364,2039,1,0.0070288572
Warm C,880187,5317,5316,3364,2039,1,0.0030366958
Warm C,466961,2878,2877,3364,2039,1,-0.0023890887
Warm C,441376,2703,2702,3364,2039,1,6.552343e-05
Warm C,438651,2680,2679,3364,2039,0,0.0070139207
Warm C,433718,2643,2642,3364,2039,0,0.004958815
Warm C,833086,5008,5007,3364,2039,1,0.0013921922
Warm C,427256,2593,2592,3364,2039,1,0.004429113
Warm C,421510,2546,2545,3364,2039,1,-0.0038369396
Warm C,411102,2466,2465,3364,2039,1,0.008911721
Warm C,655960,3952,3951,3364,2039,1,0.007318839
Warm C,374273,2181,2180,3364,2039,1,0.0060119196
Warm C,364175,2121,2120,3364,2039,1,-0.006099013
Warm C,352985,2067,2066,3364,2039,1,0.016945962
Warm C,346305,2030,2029,3364,2039,1,-0.004864241
Warm C,357601,2092,2091,3364,2039,1,0.0072974586
Warm C,343186,2016,2015,3364,2039,0,0.011007411
Warm C,339702,2002,2001,3364,2039,1,0.00054330425
Warm C,337791,1986,1985,3364,2039,1,-0.003827845
Warm C,323237,1916,1915,3364,2039,1,-0.00014864281
Warm C,293426,1747,1746,3364,2039,0,0.00072667154
Warm C,285997,1706,1705,3364,2039,1,-0.009450364
Warm C,345511,2026,2025,3364,2039,1,0.0066975565
Warm C,237440,1446,1445,3364,2039,1,0.00077716366
Warm C,242921,1465,1464,3364,2039,1,0.013190333
Warm C,219972,1333,1332,3364,2039,0,-0.003907059
Warm C,425391,2581,2580,3364,2039,1,0.004555544
Warm C,212628,1295,1294,3364,2039,0,0.0023901258
Warm C,207019,1266,1265,3364,2039,0,0.00055807934
Warm C,193007,1191,1190,3364,2039,1,0.004742359
Warm C,207364,1267,1266,3364,2039,1,-0.0014222898
Warm C,165293,1053,1052,3364,2039,0,0.0042594303
Warm C,275655,1667,1666,3364,2039,1,0.0076867975
Warm C,144547,931,930,3364,2039,0,-0.0015426788
Warm C,185556,1150,1149,3364,2039,0,0.0052259425
Warm C,138592,889,888,3364,2039,1,0.009322459
Warm C,334709,1974,1973,3364,2039,1,0.0040329956
Warm C,318976,1896,1895,3364,2039,1,-0.00015501399
Warm C,128195,829,828,3364,2039,1,0.007267165
Warm C,240331,1449,1448,3364,2039,1,0.008732833
Warm C,106454,700,699,3364,2039,1,0.013622684
Warm C,106864,702,701,3364,2039,1,0.0042831134
Warm C,316943,1884,1883,3364,2039,1,0.0031513127
Warm C,153198,984,983,3364,2039,1,0.009349803
Warm C,169626,1077,1076,3364,2039,1,0.006248721
Warm C,84373,550,549,3364,2039,0,0.0010918844
Warm C,70869,476,475,3364,2039,1,0.005710654
Warm C,68818,461,460,3364,2039,1,-0.006001889
Warm C,57773,391,390,3364,2039,0,0.002057045
Warm C,501392,3080,3079,3364,2039,1,0.012883833
Warm C,45566,307,306,3364,2039,1,0.0088023925
Warm C,45114,304,303,3364,2039,0,-0.0005812567
Warm C,37569,256,255,3364,2039,1,-0.0022024377
Warm C,32053,216,215,3364,2039,1,-0.0004833704
Warm C,481948,2962,2961,3364,2039,1,0.015291501
Warm C,18699,146,145,3364,2039,1,-0.0036829168
Warm C,17929,138,137,3364,2039,1,0.006852108
Warm C,592091,3610,3609,3364,2039,0,0.002328985
Warm C,24346,173,172,3364,2039,1,0.00916351
Warm C,3777,27,26,3364,2039,1,0.009175131
Warm C,123509,796,795,3364,2039,1,0.0039923866
Warm C,4296,33,32,3364,2039,1,0.009027356
Warm C,94614,635,634,3364,2039,1,0.0027986248
Warm C,208884,1274,1273,3364,2039,1,0.008356156
Warm C,453164,2791,2790,3364,2039,1,0.0052437056
Warm C,801790,4802,4801,3364,2039,1,0.0069451253
Warm C,571167,3503,3502,3364,2039,1,0.0061829193
Warm C,554562,3411,3410,3364,2039,0,0.0107468385
Warm C,769093,4579,4578,3364,2039,0,0.0065678637
Warm C,473915,2909,2908,3364,2039,0,0.0041886764
Warm C,421131,2544,2543,3364,2039,1,0.0069816145
Warm C,113784,737,736,3364,2039,1,0.001567441
Warm C,322558,1912,1911,3364,2039,0,0.006435685
Warm C,491215,3020,3019,3364,2039,0,0.0075811255
Warm C,176110,1113,1112,3364,2039,1,0.0091981795
Warm C,388192,2271,2270,3368,2042,0,0.00752064
Warm C,473921,2909,2908,3368,2042,1,0.011338559
Warm C,136781,881,880,3368,2042,0,0.008232733
Warm C,384905,2248,2247,3370,2043,0,0.011664918
Warm C,381729,2231,2230,3370,2043,1,0.012782958
Warm C,373058,2178,2177,3370,2043,1,0.010717851
Warm C,372106,2173,2172,3370,2043,1,-0.0033942715
Warm C,364901,2124,2123,3370,2043,0,0.010577878
Warm C,345328,2025,2024,3370,2043,1,0.008606539
Warm C,334718,1974,1973,3370,2043,1,0.008265212
Warm C,283608,1697,1696,3370,2043,0,0.010932896
Warm C,282064,1692,1691,3370,2043,0,0.009403108
Warm C,293884,1748,1747,3370,2043,0,0.01037032
Warm C,228437,1383,1382,3370,2043,0,0.005136855
Warm C,197048,1209,1208,3370,2043,0,0.001994552
Warm C,185572,1150,1149,3370,2043,0,0.0054162275
Warm C,161200,1028,1027,3370,2043,0,0.0019375323
Warm C,191250,1181,1180,3370,2043,0,0.0019209092
Warm C,89836,591,590,3370,2043,1,0.0077492427
Warm C,85752,559,558,3370,2043,1,0.00031270506
Warm C,239169,1448,1447,3370,2043,1,0.010970765
Warm C,406170,2436,2435,3370,2043,0,0.01990017
Warm C,57405,388,387,3370,2043,0,0.0026682965
Warm C,35285,238,237,3370,2043,1,0.012098539
Warm C,13545,107,106,3370,2043,1,0.00066724094
Warm C,3959,29,28,3370,2043,0,0.003962451
Warm C,169292,1074,1073,3370,2043,0,0.006095724
Warm C,102471,678,677,3370,2043,1,0.0034882587
Warm C,905539,5475,5474,3370,2043,0,-6.617652e-05
Warm C,1756,17,16,3375,2044,1,0.0071001574
Warm C,357618,2092,2091,3375,2044,1,0.008628678
Warm C,328484,1941,1940,3375,2044,0,0.01845649
Warm C,62288,422,421,3375,2044,1,0.009919265
Warm C,241368,1451,1450,3375,2044,1,0.013769321
Warm C,414709,2496,2495,3379,2045,0,0.010241609
Warm C,383500,2241,2240,3379,2045,1,-0.0042624706
Warm C,378789,2211,2210,3379,2045,1,0.008565221
Warm C,352990,2067,2066,3379,2045,1,0.0077153384
Warm C,274903,1665,1664,3379,2045,1,0.0145232165
Warm C,252996,1534,1533,3379,2045,1,0.0028502503
Warm C,346311,2030,2029,3379,2045,0,0.018061893
Warm C,234600,1424,1423,3379,2045,1,-0.0011883713
Warm C,242937,1465,1464,3379,2045,1,0.013642521
Warm C,325529,1926,1925,3379,2045,1,0.0072135706
Warm C,276375,1671,1670,3379,2045,1,0.01397495
Warm C,374299,2181,2180,3379,2045,0,0.017943978
Warm C,188654,1170,1169,3379,2045,1,0.00916964
Warm C,169008,1072,1071,3379,2045,1,-0.0008500144
Warm C,191264,1181,1180,3379,2045,0,0.020328544
Warm C,141072,909,908,3379,2045,1,0.0143534485
Warm C,138630,889,888,3379,2045,0,0.023925055
Warm C,412153,2478,2477,3379,2045,1,0.010287462
Warm C,198243,1218,1217,3379,2045,1,0.015444849
Warm C,211197,1285,1284,3379,2045,1,0.010757103
Warm C,83389,549,548,3379,2045,1,0.020490302
Warm C,46846,314,313,3379,2045,1,0.0057416
Warm C,35288,238,237,3379,2045,1,-0.00039769337
Warm C,592109,3610,3609,3379,2045,0,0.010716539
Warm C,357621,2092,2091,3379,2045,1,0.010997653
Warm C,481954,2962,2961,3379,2045,1,0.01462389
Warm C,316960,1884,1883,3379,2045,1,0.020032061
Warm C,24366,173,172,3379,2045,1,0.010800867
Warm C,47498,319,318,3379,2045,1,0.014366699
Warm C,254657,1547,1546,3379,2045,1,0.009836687
Warm C,473946,2909,2908,3379,2045,1,0.01881595
Warm C,841560,5054,5053,3379,2045,0,0.010287797
Warm C,105682,698,697,3379,2045,1,0.008177873
Warm C,821741,4940,4939,3379,2045,1,-0.0020753583
Warm C,208895,1274,1273,3379,2045,1,0.018234245
Warm C,522826,3224,3223,3385,2047,0,0.016372537
Warm C,515027,3180,3179,3385,2047,0,0.010575542
Warm C,490906,3018,3017,3385,2047,0,0.01310659
Warm C,529925,3272,3271,3385,2047,0,0.013834523
Warm C,697668,4169,4168,3385,2047,0,0.032022532
Warm C,472797,2907,2906,3385,2047,0,0.015619141
Warm C,471108,2899,2898,3385,2047,1,0.013175776
Warm C,470103,2895,2894,3385,2047,0,0.016539276
Warm C,458163,2820,2819,3385,2047,0,0.0036081579
Warm C,450364,2776,2775,3385,2047,0,0.015516764
Warm C,449649,2772,2771,3385,2047,0,0.010683186
Warm C,564645,3471,3470,3385,2047,0,0.007474092
Warm C,429251,2611,2610,3385,2047,0,0.018446628
Warm C,420543,2541,2540,3385,2047,0,0.0036028374
Warm C,419891,2537,2536,3385,2047,0,0.011844719
Warm C,402458,2402,2401,3385,2047,0,0.009681025
Warm C,404681,2419,2418,3385,2047,0,0.012334925
Warm C,400490,2383,2382,3385,2047,0,0.015283148
Warm C,389064,2279,2278,3385,2047,0,0.010438116
Warm C,382978,2237,2236,3385,2047,0,0.008076444
Warm C,377384,2203,2202,3385,2047,0,0.013436586
Warm C,364178,2121,2120,3385,2047,0,-0.0029939138
Warm C,362570,2115,2114,3385,2047,0,0.0016424548
Warm C,436626,2665,2664,3385,2047,0,0.01442136
Warm C,360207,2105,2104,3385,2047,0,0.0117548695
Warm C,345170,2024,2023,3385,2047,0,-0.0027899062
Warm C,380904,2225,2224,3385,2047,1,0.01902599
Warm C,331829,1958,1957,3385,2047,0,0.018537575
Warm C,290966,1736,1735,3385,2047,0,0.008098066
Warm C,281380,1687,1686,3385,2047,0,0.002757593
Warm C,265977,1613,1612,3385,2047,0,0.016590787
Warm C,254785,1550,1549,3385,2047,0,0.0061119483
Warm C,260170,1591,1590,3385,2047,0,0.013599498
Warm C,350780,2059,2058,3385,2047,0,0.01478664
Warm C,227277,1377,1376,3385,2047,0,0.012058148
Warm C,284410,1698,1697,3385,2047,0,0.0159309
Warm C,209548,1279,1278,3385,2047,1,0.012091531
Warm C,205158,1262,1261,3385,2047,0,0.009609266
Warm C,192191,1183,1182,3385,2047,0,0.0022293983
Warm C,307625,1835,1834,3385,2047,1,0.016381199
Warm C,180410,1128,1127,3385,2047,0,0.017583635
Warm C,173787,1100,1099,3385,2047,0,0.003966015
Warm C,248960,1501,1500,3385,2047,0,0.0047086733
Warm C,328514,1941,1940,3385,2047,0,0.028055448
Warm C,272332,1645,1644,3385,2047,1,0.009087981
Warm C,185615,1150,1149,3385,2047,0,0.024349274
Warm C,135800,877,876,3385,2047,0,0.015811326
Warm C,133368,861,860,3385,2047,0,0.0065480312
Warm C,160303,1019,1018,3385,2047,0,0.021516776
Warm C,211218,1285,1284,3385,2047,0,0.0094466135
Warm C,119435,770,769,3385,2047,0,0.015087234
Warm C,240384,1449,1448,3385,2047,0,0.016667945
Warm C,352181,2063,2062,3385,2047,0,0.01588261
Warm C,94277,631,630,3385,2047,0,0.0117648635
Warm C,228453,1383,1382,3385,2047,0,0.020106813
Warm C,83404,549,548,3385,2047,1,0.005308451
Warm C,191290,1181,1180,3385,2047,0,0.007686763
Warm C,80339,533,532,3385,2047,0,0.019864645
Warm C,70504,475,474,3385,2047,1,0.016478173
Warm C,72256,482,481,3385,2047,0,0.012018972
Warm C,70886,476,475,3385,2047,0,0.0014704869
Warm C,68837,461,460,3385,2047,0,0.015710277
Warm C,48546,326,325,3385,2047,0,0.010860379
Warm C,44547,302,301,3385,2047,0,0.007911143
Warm C,41825,284,283,3385,2047,0,-0.0018900791
Warm C,36516,245,244,3385,2047,0,0.026523788
Warm C,32106,216,215,3385,2047,1,0.01554375
Warm C,88913,587,586,3385,2047,0,0.004664597
Warm C,25104,176,175,3385,2047,0,0.0048290566
Warm C,239195,1448,1447,3385,2047,1,0.0005865225
Warm C,60749,411,410,3385,2047,0,0.0075098593
Warm C,19451,148,147,3385,2047,1,0.011318294
Warm C,432827,2638,2637,3385,2047,0,0.009058865
Warm C,238156,1447,1446,3385,2047,0,0.015620594
Warm C,954356,5761,5760,3385,2047,0,0.009161857
Warm C,572372,3507,3506,3385,2047,0,0.020577328
Warm C,829220,4979,4978,3385,2047,0,0.017169107
Warm C,106251,699,698,3385,2047,0,0.011693145
Warm C,342703,2015,2014,3385,2047,0,0.01791132
Warm C,136824,881,880,3385,2047,0,0.008600497
Warm C,933990,5636,5635,3385,2047,0,0.018405942
Warm C,648283,3903,3902,3387,2049,0,0.0019002627
Warm C,640117,3847,3846,3387,2049,0,0.012031809
Warm C,634131,3825,3824,3387,2049,0,0.019763784
Warm C,630602,3815,3814,3387,2049,0,0.0063087246
Warm C,625030,3778,3777,3387,2049,0,0.024060937
Warm C,622308,3768,3767,3387,2049,0,0.011293628
Warm C,621708,3766,3765,3387,2049,0,0.0026413142
Warm C,611933,3709,3708,3387,2049,0,0.0058873696
Warm C,611683,3708,3707,3387,2049,0,0.004210184
Warm C,611295,3705,3704,3387,2049,1,0.006246726
Warm C,726791,4345,4344,3387,2049,0,0.0087172855
Warm C,720600,4312,4311,3387,2049,0,0.01670758
Warm C,603024,3669,3668,3387,2049,0,0.019070245
Warm C,633498,3824,3823,3387,2049,0,0.007493037
Warm C,616280,3729,3728,3387,2049,0,0.013792844
Warm C,596792,3626,3625,3387,2049,0,0.011419704
Warm C,577414,3526,3525,3387,2049,0,0.0024661487
Warm C,576256,3521,3520,3387,2049,0,0.008351083
Warm C,574485,3517,3516,3387,2049,0,0.0061496655
Warm C,572374,3507,3506,3387,2049,0,0.011530855
Warm C,552550,3401,3400,3387,2049,0,0.008570389
Warm C,545802,3365,3364,3387,2049,0,0.012235558
Warm C,571189,3503,3502,3387,2049,1,0.012011999
Warm C,537388,3311,3310,3387,2049,0,0.009584419
Warm C,517694,3195,3194,3387,2049,0,0.009994042
Warm C,515642,3182,3181,3387,2049,0,0.0110043455
Warm C,515029,3180,3179,3387,2049,0,-0.001860868
Warm C,501857,3081,3080,3387,2049,1,0.0075534745
Warm C,494391,3032,3031,3387,2049,1,0.0047684438
Warm C,493522,3031,3030,3387,2049,1,0.0037297541
Warm C,529929,3272,3271,3387,2049,1,0.011468975
Warm C,472798,2907,2906,3387,2049,1,0.011675247
Warm C,470105,2895,2894,3387,2049,1,0.0074644284
Warm C,470491,2896,2895,3387,2049,1,0.0045506535
Warm C,453942,2793,2792,3387,2049,0,0.01398776
Warm C,451105,2777,2776,3387,2049,0,0.005608445
Warm C,438879,2681,2680,3387,2049,0,0.007727598
Warm C,435924,2664,2663,3387,2049,0,0.014687074
Warm C,429253,2611,2610,3387,2049,0,0.004692358
Warm C,420544,2541,2540,3387,2049,1,0.009572586
Warm C,415562,2503,2502,3387,2049,0,0.008459344
Warm C,407384,2446,2445,3387,2049,1,0.015738819
Warm C,402460,2402,2401,3387,2049,0,0.0036909995
Warm C,404683,2419,2418,3387,2049,0,0.0067844633
Warm C,397885,2361,2360,3387,2049,1,0.008808017
Warm C,436627,2665,2664,3387,2049,0,0.014186671
Warm C,389066,2279,2278,3387,2049,0,0.008786928
Warm C,377386,2203,2202,3387,2049,0,0.000995887
Warm C,360210,2105,2104,3387,2049,0,0.0059136725
Warm C,380906,2225,2224,3387,2049,0,0.014145912
Warm C,341745,2012,2011,3387,2049,0,0.008908969
Warm C,297668,1764,1763,3387,2049,1,0.0023724232
Warm C,286310,1709,1708,3387,2049,0,0.011846931
Warm C,299172,1776,1775,3387,2049,0,0.010211328
Warm C,281382,1687,1686,3387,2049,0,0.008452356
Warm C,265980,1613,1612,3387,2049,0,0.016274372
Warm C,277908,1676,1675,3387,2049,0,0.0090091145
Warm C,279714,1680,1679,3387,2049,1,0.017103182
Warm C,308841,1837,1836,3387,2049,0,0.015216445
Warm C,261896,1599,1598,3387,2049,0,0.004275528
Warm C,213620,1298,1297,3387,2049,1,0.0123908315
Warm C,180413,1128,1127,3387,2049,0,0.013285575
Warm C,178306,1120,1119,3387,2049,1,0.006358265
Warm C,174783,1106,1105,3387,2049,0,-0.0017033219
Warm C,173789,1100,1099,3387,2049,0,0.007885916
Warm C,248961,1501,1500,3387,2049,0,0.025425173
Warm C,328518,1941,1940,3387,2049,0,0.008885962
Warm C,185618,1150,1149,3387,2049,0,0.014991014
Warm C,217244,1317,1316,3387,2049,0,0.013308515
Warm C,157130,1010,1009,3387,2049,0,0.0044267126
Warm C,160308,1019,1018,3387,2049,0,0.012560041
Warm C,126694,817,816,3387,2049,0,0.010712517
Warm C,117637,757,756,3387,2049,0,0.012128118
Warm C,119437,770,769,3387,2049,0,0.012483918
Warm C,112918,732,731,3387,2049,1,0.0048403605
Warm C,272333,1645,1644,3387,2049,1,0.018667582
Warm C,365530,2127,2126,3387,2049,0,0.0022036675
Warm C,352183,2063,2062,3387,2049,0,0.017459013
Warm C,228454,1383,1382,3387,2049,0,0.008502696
Warm C,86777,566,565,3387,2049,0,0.015295653
Warm C,191295,1181,1180,3387,2049,1,0.017641176
Warm C,406187,2436,2435,3387,2049,0,0.0156109035
Warm C,101483,676,675,3387,2049,0,0.012396955
Warm C,77765,524,523,3387,2049,0,0.021155382
Warm C,81840,543,542,3387,2049,0,0.006828363
Warm C,80341,533,532,3387,2049,0,0.008880086
Warm C,70505,475,474,3387,2049,1,0.009302476
Warm C,68839,461,460,3387,2049,0,0.014151989
Warm C,67536,453,452,3387,2049,0,0.009374335
Warm C,58083,392,391,3387,2049,0,0.011137463
Warm C,53804,352,351,3387,2049,0,-0.0030790502
Warm C,295017,1752,1751,3387,2049,0,0.009937731
Warm C,639269,3842,3841,3387,2049,0,0.0069649536
Warm C,177140,1117,1116,3387,2049,0,0.014923374
Warm C,32110,216,215,3387,2049,1,0.0051580044
Warm C,240386,1449,1448,3387,2049,0,0.013748186
Warm C,29890,202,201,3387,2049,0,0.003576679
Warm C,25637,181,180,3387,2049,0,0.004797279
Warm C,25105,176,175,3387,2049,0,0.010708416
Warm C,4693,34,33,3387,2049,0,0.0049543874
Warm C,15628,123,122,3387,2049,0,0.0048467685
Warm C,60752,411,410,3387,2049,0,0.009346962
Warm C,79628,531,530,3387,2049,0,0.011230677
Warm C,355094,2077,2076,3387,2049,0,0.003767958
Warm C,627001,3792,3791,3387,2049,0,0.010782475
Warm C,750703,4478,4477,3387,2049,0,0.008842029
Warm C,893453,5394,5393,3387,2049,0,0.0060478663
Warm C,418873,2529,2528,3387,2049,0,0.01398428
Warm C,473968,2909,2908,3387,2049,0,0.011860904
Warm C,848247,5097,5096,3387,2049,0,-0.0032971338
Warm C,496618,3051,3050,3387,2049,1,0.0077550793
Warm C,235169,1425,1424,3387,2049,0,0.011715381
Warm C,550438,3391,3390,3387,2049,0,0.007664733
Warm C,377395,2203,2202,3391,2051,0,0.015131185
Warm C,363664,2118,2117,3391,2051,0,0.011049211
Warm C,343731,2018,2017,3391,2051,0,0.010492839
Warm C,341754,2012,2011,3391,2051,0,0.016587898
Warm C,290970,1736,1735,3391,2051,0,0.011045165
Warm C,212137,1291,1290,3391,2051,0,0.018532973
Warm C,446179,2751,2750,3391,2051,0,0.011521842
Warm C,279737,1680,1679,3391,2051,1,0.011612887
Warm C,168009,1068,1067,3391,2051,0,0.013696997
Warm C,166585,1059,1058,3391,2051,0,0.015945245
Warm C,164765,1051,1050,3391,2051,0,0.018788856
Warm C,185640,1150,1149,3391,2051,0,0.01594514
Warm C,142491,919,918,3391,2051,0,0.010923104
Warm C,331845,1958,1957,3391,2051,0,0.011381272
Warm C,160320,1019,1018,3391,2051,0,0.021412134
Warm C,112921,732,731,3391,2051,1,0.013388503
Warm C,272340,1645,1644,3391,2051,1,0.0075261616
Warm C,201734,1242,1241,3391,2051,0,0.010443248
Warm C,352206,2063,2062,3391,2051,1,0.018194178
Warm C,83419,549,548,3391,2051,0,0.016424982
Warm C,116500,752,751,3391,2051,0,0.017212272
Warm C,228463,1383,1382,3391,2051,0,0.01163361
Warm C,52559,346,345,3391,2051,1,0.01705319
Warm C,538114,3312,3311,3391,2051,0,0.020518897
Warm C,240403,1449,1448,3391,2051,0,0.011911723
Warm C,25108,176,175,3391,2051,1,0.008173549
Warm C,306252,1824,1823,3391,2051,0,0.015142523
Warm C,239212,1448,1447,3391,2051,0,0.017045075
Warm C,79641,531,530,3391,2051,0,0.016453855
Warm C,432831,2638,2637,3391,2051,0,0.014559368
Warm C,333990,1969,1968,3391,2051,0,0.012773581
Warm C,102514,678,677,3391,2051,0,0.019048367
Warm C,328538,1941,1940,3391,2051,0,0.016340163
Warm C,378582,2210,2209,3391,2051,0,-0.00049382367
Warm C,967503,5831,5830,3391,2051,0,0.022313356
Warm C,825813,4958,4957,3391,2051,0,0.012937163
Warm C,572390,3507,3506,3392,2052,0,0.018809972
Warm C,557329,3423,3422,3392,2052,0,0.009073711
Warm C,554137,3410,3409,3392,2052,0,0.016989103
Warm C,550460,3391,3390,3392,2052,0,-0.001225465
Warm C,537400,3311,3310,3392,2052,0,0.0039002094
Warm C,536202,3308,3307,3392,2052,0,0.007165116
Warm C,529936,3272,3271,3392,2052,1,0.015905278
Warm C,529223,3271,3270,3392,2052,0,0.010210222
Warm C,540029,3320,3319,3392,2052,0,0.010384434
Warm C,531214,3280,3279,3392,2052,0,0.009296414
Warm C,532333,3285,3284,3392,2052,0,0.0059904046
Warm C,521535,3217,3216,3392,2052,0,0.014536269
Warm C,508764,3129,3128,3392,2052,0,0.012144661
Warm C,506233,3114,3113,3392,2052,0,0.0032894476
Warm C,494406,3032,3031,3392,2052,0,0.012169076
Warm C,738524,4411,4410,3392,2052,1,0.0062579294
Warm C,485253,2986,2985,3392,2052,0,0.023036668
Warm C,517963,3196,3195,3392,2052,0,0.0062626335
Warm C,697689,4169,4168,3392,2052,0,0.020857438
Warm C,472808,2907,2906,3392,2052,0,0.009333415
Warm C,473984,2909,2908,3392,2052,0,0.01496801
Warm C,458184,2820,2819,3392,2052,0,-0.0011372446
Warm C,451119,2777,2776,3392,2052,0,0.0017326581
Warm C,449983,2774,2773,3392,2052,0,-0.0057704966
Warm C,437117,2668,2667,3392,2052,0,0.0015756356
Warm C,435427,2661,2660,3392,2052,0,0.015911795
Warm C,434487,2649,2648,3392,2052,0,0.0051353504
Warm C,423248,2565,2564,3392,2052,1,0.008230097
Warm C,400496,2383,2382,3392,2052,1,0.017606998
Warm C,436637,2665,2664,3392,2052,0,0.02106513
Warm C,389071,2279,2278,3392,2052,0,0.015614145
Warm C,382984,2237,2236,3392,2052,0,0.008875593
Warm C,341756,2012,2011,3392,2052,0,0.008780714
Warm C,340872,2010,2009,3392,2052,0,-0.0012369757
Warm C,298559,1770,1769,3392,2052,0,0.001588254
Warm C,290972,1736,1735,3392,2052,0,0.016016513
Warm C,291621,1737,1736,3392,2052,0,0.005640041
Warm C,301364,1790,1789,3392,2052,0,0.0029387055
Warm C,277920,1676,1675,3392,2052,0,0.011564577
Warm C,280508,1683,1682,3392,2052,0,0.018052895
Warm C,281387,1687,1686,3392,2052,0,0.009668619
Warm C,265411,1612,1611,3392,2052,0,0.010898796
Warm C,259607,1587,1586,3392,2052,0,-5.054823e-05
Warm C,256989,1573,1572,3392,2052,0,0.005732971
Warm C,251941,1524,1523,3392,2052,0,-0.008411393
Warm C,336240,1980,1979,3392,2052,0,0.014980156
Warm C,361025,2106,2105,3392,2052,0,0.013104321
Warm C,205160,1262,1261,3392,2052,0,0.002557789
Warm C,279739,1680,1679,3392,2052,1,0.011937639
Warm C,244150,1470,1469,3392,2052,1,0.016453754
Warm C,308860,1837,1836,3392,2052,0,0.016433384
Warm C,316358,1883,1882,3392,2052,0,0.011938252
Warm C,164766,1051,1050,3392,2052,1,0.008555621
Warm C,185642,1150,1149,3392,2052,0,0.019633448
Warm C,142494,919,918,3392,2052,0,0.013681509
Warm C,331847,1958,1957,3392,2052,0,0.01149524
Warm C,126701,817,816,3392,2052,0,0.0027464784
Warm C,141643,911,910,3392,2052,0,0.020977562
Warm C,263582,1605,1604,3392,2052,0,0.0022636014
Warm C,201736,1242,1241,3392,2052,0,0.008077558
Warm C,352208,2063,2062,3392,2052,0,0.02078898
Warm C,97157,651,650,3392,2052,0,0.014652545
Warm C,101488,676,675,3392,2052,0,0.012200696
Warm C,228464,1383,1382,3392,2052,0,0.013130713
Warm C,132626,855,854,3392,2052,0,0.026548434
Warm C,47534,319,318,3392,2052,0,0.010775183
Warm C,44572,302,301,3392,2052,0,0.010240811
Warm C,219292,1329,1328,3392,2052,0,0.014173246
Warm C,29904,202,201,3392,2052,0,0.010484551
Warm C,25109,176,175,3392,2052,0,0.0043076123
Warm C,239214,1448,1447,3392,2052,0,0.01175697
Warm C,23141,166,165,3392,2052,0,0.005536283
Warm C,17531,136,135,3392,2052,0,0.0068291333
Warm C,60772,411,410,3392,2052,0,0.025290342
Warm C,108231,710,709,3392,2052,0,0.014537611
Warm C,79642,531,530,3392,2052,1,0.015354881
Warm C,355105,2077,2076,3392,2052,0,0.010908081
Warm C,552560,3401,3400,3392,2052,0,0.010164853
Warm C,49479,329,328,3392,2052,0,0.0016584378
Warm C,58095,392,391,3392,2052,0,0.016175905
Warm C,328540,1941,1940,3392,2052,0,0.018722784
Warm C,116502,752,751,3392,2052,0,0.0040525636
Warm C,145052,934,933,3392,2052,0,0.013151778
Warm C,924190,5580,5579,3392,2052,0,0.012702696
Warm C,562733,3462,3461,3392,2052,0,0.010357091
Warm C,348175,2041,2040,3392,2052,0,0.015454072
Warm C,599419,3648,3647,3392,2052,0,-0.003072895
Warm C,499647,3067,3066,3392,2052,1,0.0016528554
Warm C,302806,1798,1797,3392,2052,0,0.0041854843
Warm C,34746,235,234,3392,2052,0,0.012464206
Warm C,310812,1851,1850,3392,2052,0,0.0013115506
Warm C,207067,1266,1265,3392,2052,0,0.010159923
Warm C,206451,1265,1264,3392,2052,0,0.0030683447
Warm C,285451,1701,1700,3392,2052,0,0.012583662
Warm C,28229,195,194,3392,2052,0,0.025055893
Warm C,300508,1780,1779,3392,2052,0,0.01589118
Warm C,719024,4305,4304,3392,2052,0,0.023467256
Warm C,168014,1068,1067,3399,2057,0,0.015166038
Warm C,342722,2015,2014,3399,2057,1,0.015564475
Warm C,164774,1051,1050,3399,2057,1,0.016918698
Warm C,128603,832,831,3399,2057,1,0.0016509516
Warm C,127369,822,821,3399,2057,1,0.011117728
Warm C,263591,1605,1604,3399,2057,0,0.018927477
Warm C,124312,800,799,3399,2057,1,0.025061138
Warm C,118127,764,763,3399,2057,1,0.011726372
Warm C,216498,1314,1313,3399,2057,1,0.0012895113
Warm C,120560,777,776,3399,2057,0,0.015956122
Warm C,83427,549,548,3399,2057,0,0.011608578
Warm C,119456,770,769,3399,2057,0,0.012999344
Warm C,53189,350,349,3399,2057,0,0.0016054045
Warm C,52565,346,345,3399,2057,1,0.007779643
Warm C,132633,855,854,3399,2057,0,0.016349506
Warm C,306253,1824,1823,3399,2057,0,0.006815144
Warm C,23144,166,165,3399,2057,1,0.0027772067
Warm C,5377,37,36,3399,2057,1,0.005540119
Warm C,2032,18,17,3399,2057,1,0.0033113896
Warm C,79648,531,530,3399,2057,0,0.017177751
Warm C,355114,2077,2076,3399,2057,0,0.022788892
Warm C,552567,3401,3400,3399,2057,0,0.00900048
Warm C,893463,5394,5393,3399,2057,0,0.013864955
Warm C,102524,678,677,3399,2057,0,0.01407251
Warm C,161410,1029,1028,3399,2057,0,0.010892417
Warm C,344912,2023,2022,3399,2057,1,0.01814235
Warm C,328555,1941,1940,3399,2057,0,0.021502338
Warm C,486555,2995,2994,3401,2058,0,0.013021145
Warm C,466671,2878,2877,3401,2058,0,0.005287704
Warm C,444385,2742,2741,3401,2058,0,-0.0033870598
Warm C,422363,2558,2557,3401,2058,1,0.004981719
Warm C,415469,2503,2502,3401,2058,0,0.0058172364
Warm C,402197,2402,2401,3401,2058,0,0.008619196
Warm C,388867,2279,2278,3401,2058,0,0.01178204
Warm C,375021,2186,2185,3401,2058,0,0.007693043
Warm C,371570,2172,2171,3401,2058,0,0.023809334
Warm C,356279,2088,2087,3401,2058,0,0.0143765
Warm C,373875,2181,2180,3401,2058,0,0.025204903
Warm C,348383,2042,2041,3401,2058,0,0.013744518
Warm C,339835,2004,2003,3401,2058,0,0.007579332
Warm C,341448,2012,2011,3401,2058,0,0.0047672354
Warm C,333280,1968,1967,3401,2058,0,0.013544554
Warm C,293383,1747,1746,3401,2058,0,0.0058759777
Warm C,290883,1736,1735,3401,2058,0,0.006177268
Warm C,276813,1675,1674,3401,2058,0,0.0035242154
Warm C,247548,1496,1495,3401,2058,0,0.0080833165
Warm C,221165,1340,1339,3401,2058,0,0.016835576
Warm C,277474,1676,1675,3401,2058,0,0.007878895
Warm C,198769,1221,1220,3401,2058,1,0.00017082354
Warm C,308430,1837,1836,3401,2058,0,0.0004937656
Warm C,327733,1941,1940,3401,2058,0,0.01887841
Warm C,192302,1184,1183,3401,2058,0,0.0063686934
Warm C,346104,2030,2029,3401,2058,0,0.012153419
Warm C,164334,1051,1050,3401,2058,0,0.0142120235
Warm C,141145,910,909,3401,2058,0,-0.003127369
Warm C,137913,889,888,3401,2058,0,0.014211907
Warm C,263075,1605,1604,3401,2058,0,0.015744818
Warm C,118859,769,768,3401,2058,0,0.008440241
Warm C,351498,2063,2062,3401,2058,0,0.02206657
Warm C,86034,563,562,3401,2058,0,0.007822188
Warm C,84934,552,551,3401,2058,1,0.0029448615
Warm C,83943,550,549,3401,2058,0,0.010483829
Warm C,77262,524,523,3401,2058,0,0.011688426
Warm C,76109,517,516,3401,2058,0,0.004353175
Warm C,80046,533,532,3401,2058,0,0.007002786
Warm C,36401,245,244,3401,2058,0,0.0022029227
Warm C,25334,179,178,3401,2058,0,0.0026595043
Warm C,269768,1635,1634,3401,2058,0,0.012393791
Warm C,23072,166,165,3401,2058,0,0.0048219683
Warm C,119061,770,769,3401,2058,0,0.007282861
Warm C,223365,1354,1353,3401,2058,0,0.0060475264
Warm C,432573,2638,2637,3401,2058,0,0.0029298337
Warm C,129235,839,838,3401,2058,0,0.012958934
Warm C,549845,3391,3390,3401,2058,0,0.0038485306
Warm C,102026,678,677,3401,2058,0,0.007362859
Warm C,206706,1266,1265,3401,2058,0,0.0067305285
Warm C,331378,1958,1957,3401,2058,0,0.009147344
Warm C,322159,1912,1911,3401,2058,0,0.009751972
Warm C,62660,424,423,3401,2058,0,0.012033035
Warm C,234795,1425,1424,3401,2058,0,0.010238883
Warm C,527835,3263,3262,3405,2060,1,0.005693133
Warm C,526189,3253,3252,3405,2060,0,0.008657561
Warm C,522294,3224,3223,3405,2060,1,0.0016400323
Warm C,513674,3169,3168,3405,2060,0,0.0071239495
Warm C,768632,4579,4578,3405,2060,0,0.014594626
Warm C,500934,3078,3077,3405,2060,0,0.00050495367
Warm C,546005,3367,3366,3405,2060,1,0.0055695577
Warm C,485727,2990,2989,3405,2060,1,0.0041138707
Warm C,533095,3292,3291,3405,2060,0,0.008496793
Warm C,479594,2943,2942,3405,2060,1,0.007164759
Warm C,477914,2934,2933,3405,2060,1,0.013547557
Warm C,695941,4169,4168,3405,2060,1,0.0154536255
Warm C,466672,2878,2877,3405,2060,1,0.01713521
Warm C,459760,2834,2833,3405,2060,1,0.0015133576
Warm C,447837,2761,2760,3405,2060,1,0.0085001215
Warm C,433536,2643,2642,3405,2060,1,0.0056302473
Warm C,426838,2592,2591,3405,2060,1,0.009071503
Warm C,418054,2526,2525,3405,2060,1,0.02172674
Warm C,417252,2512,2511,3405,2060,0,0.0062890174
Warm C,412517,2483,2482,3405,2060,1,-7.289846e-05
Warm C,388064,2271,2270,3405,2060,1,0.014279734
Warm C,378664,2211,2210,3405,2060,1,0.0092849145
Warm C,364110,2121,2120,3405,2060,1,0.009132607
Warm C,357299,2092,2091,3405,2060,1,0.0058980044
Warm C,356999,2091,2090,3405,2060,1,0.013821302
Warm C,356281,2088,2087,3405,2060,1,0.017814144
Warm C,353095,2068,2067,3405,2060,1,0.0048858686
Warm C,343548,2018,2017,3405,2060,1,0.0131281465
Warm C,324732,1924,1923,3405,2060,1,-0.00082969805
Warm C,305610,1819,1818,3405,2060,0,0.00244156
Warm C,289215,1727,1726,3405,2060,1,0.016863717
Warm C,280584,1684,1683,3405,2060,1,0.013045016
Warm C,292166,1741,1740,3405,2060,1,0.008428263
Warm C,262668,1602,1601,3405,2060,1,0.01052206
Warm C,343051,2016,2015,3405,2060,1,0.0063713538
Warm C,346105,2030,2029,3405,2060,1,0.012554901
Warm C,350663,2059,2058,3405,2060,1,0.009441844
Warm C,353963,2073,2072,3405,2060,1,0.0067225164
Warm C,228069,1383,1382,3405,2060,1,0.00920859
Warm C,232996,1418,1417,3405,2060,1,0.007023089
Warm C,436214,2665,2664,3405,2060,1,0.02372802
Warm C,213321,1298,1297,3405,2060,1,0.018969057
Warm C,373877,2181,2180,3405,2060,1,0.027082406
Warm C,182696,1140,1139,3405,2060,0,0.0037092436
Warm C,327736,1941,1940,3405,2060,0,0.014119208
Warm C,321623,1908,1907,3405,2060,0,0.0040109926
Warm C,159128,1017,1016,3405,2060,1,0.016696557
Warm C,275426,1667,1666,3405,2060,1,0.009549841
Warm C,155116,1000,999,3405,2060,1,0.006848907
Warm C,146849,948,947,3405,2060,1,0.003712052
Warm C,347288,2038,2037,3405,2060,0,-0.0048795994
Warm C,137915,889,888,3405,2060,0,0.016466288
Warm C,341119,2011,2010,3405,2060,1,0.008054638
Warm C,130291,844,843,3405,2060,1,0.012042271
Warm C,125485,808,807,3405,2060,0,0.014012991
Warm C,332172,1960,1959,3405,2060,1,0.0038643316
Warm C,778822,4653,4652,3405,2060,0,0.014369756
Warm C,96104,646,645,3405,2060,0,0.021563863
Warm C,316661,1884,1883,3405,2060,1,0.013704849
Warm C,94862,637,636,3405,2060,1,0.0017626362
Warm C,94557,635,634,3405,2060,1,3.2742275e-05
Warm C,210674,1285,1284,3405,2060,1,0.019897696
Warm C,339116,1998,1997,3405,2060,1,0.01250861
Warm C,85937,562,561,3405,2060,1,0.006732837
Warm C,85525,558,557,3405,2060,1,0.0041915644
Warm C,198127,1218,1217,3405,2060,1,0.0017132077
Warm C,37558,256,255,3405,2060,1,0.0048108264
Warm C,36403,245,244,3405,2060,1,0.0066533745
Warm C,46811,314,313,3405,2060,1,0.0012156256
Warm C,35255,238,237,3405,2060,0,0.008325887
Warm C,18665,146,145,3405,2060,1,0.014381954
Warm C,15540,123,122,3405,2060,1,0.0058084317
Warm C,269769,1635,1634,3405,2060,1,0.0121853985
Warm C,591804,3610,3609,3405,2060,0,0.010614686
Warm C,4043,29,28,3405,2060,1,0.010505974
Warm C,19336,148,147,3405,2060,0,0.017677907
Warm C,362785,2116,2115,3405,2060,1,0.0057654916
Warm C,181891,1137,1136,3405,2060,0,0.008017706
Warm C,60657,411,410,3405,2060,0,0.018309776
Warm C,208646,1274,1273,3405,2060,1,0.010919159
Warm C,841030,5054,5053,3405,2060,1,0.012535602
Warm C,657430,3963,3962,3405,2060,1,0.016252467
Warm C,831900,5001,5000,3405,2060,1,0.008368239
Warm C,293631,1748,1747,3405,2060,1,0.016123278
Warm C,343052,2016,2015,3406,2061,1,0.0041586095
Warm C,319933,1899,1898,3406,2061,1,0.0039483868
Warm C,318308,1891,1890,3406,2061,1,0.026256125
Warm C,289216,1727,1726,3406,2061,1,0.013913891
Warm C,292167,1741,1740,3406,2061,1,0.020169837
Warm C,275428,1667,1666,3406,2061,1,0.01773157
Warm C,293632,1748,1747,3406,2061,1,0.015470117
Warm C,254056,1545,1544,3406,2061,0,0.0070458087
Warm C,248056,1497,1496,3406,2061,1,0.010410909
Warm C,350664,2059,2058,3406,2061,1,0.015223445
Warm C,241024,1451,1450,3406,2061,1,0.0140375765
Warm C,189965,1179,1178,3406,2061,1,0.022143085
Warm C,182697,1140,1139,3406,2061,1,0.009316753
Warm C,165150,1053,1052,3406,2061,0,0.009251433
Warm C,161680,1031,1030,3406,2061,1,-0.008356625
Warm C,168832,1071,1070,3406,2061,1,-0.005422568
Warm C,147897,953,952,3406,2061,1,0.0109773
Warm C,146850,948,947,3406,2061,1,0.018065412
Warm C,134978,873,872,3406,2061,1,-0.0013825437
Warm C,147317,949,948,3406,2061,1,0.006328758
Warm C,123322,796,795,3406,2061,0,0.019555923
Warm C,105057,696,695,3406,2061,0,0.01778613
Warm C,106675,702,701,3406,2061,1,0.0074312715
Warm C,152904,984,983,3406,2061,1,0.022472307
Warm C,78114,526,525,3406,2061,0,0.01299658
Warm C,61635,414,413,3406,2061,1,0.003547309
Warm C,57763,391,390,3406,2061,1,0.012791481
Warm C,55263,366,365,3406,2061,1,0.0173321
Warm C,54798,358,357,3406,2061,1,0.0069443714
Warm C,52814,348,347,3406,2061,1,0.0037504795
Warm C,52316,344,343,3406,2061,1,0.007708557
Warm C,45560,307,306,3406,2061,0,0.01881844
Warm C,16426,130,129,3406,2061,1,0.013259295
Warm C,14838,118,117,3406,2061,1,0.018538753
Warm C,5666,40,39,3406,2061,1,0.018227773
Warm C,357300,2092,2091,3406,2061,1,0.004071988
Warm C,388065,2271,2270,3406,2061,0,0.010180581
Warm C,931394,5626,5625,3406,2061,1,0.0048465235
Warm C,254598,1547,1546,3406,2061,0,0.01729332
Warm C,795459,4765,4764,3406,2061,0,0.0023006427
Warm C,587738,3589,3588,3406,2061,0,0.004727979
Warm C,833308,5011,5010,3406,2061,0,0.005736023
Warm C,420848,2544,2543,3406,2061,1,0.01758462
Warm C,295566,1755,1754,3406,2061,0,0.007271469
Warm C,27540,193,192,3406,2061,0,0.013300502
Warm C,675877,4054,4053,3412,2064,0,0.012787657
Warm C,668313,4021,4020,3412,2064,1,0.014768011
Warm C,783983,4682,4681,3412,2064,1,0.0093815755
Warm C,667329,4016,4015,3412,2064,0,0.0037293811
Warm C,654722,3945,3944,3412,2064,0,6.006984e-05
Warm C,654007,3942,3941,3412,2064,0,0.004949346
Warm C,630227,3811,3810,3412,2064,1,0.003926753
Warm C,637856,3841,3840,3412,2064,0,0.0074462686
Warm C,627632,3797,3796,3412,2064,1,0.0041024005
Warm C,620608,3760,3759,3412,2064,0,0.0023449576
Warm C,614646,3724,3723,3412,2064,0,5.8964593e-05
Warm C,612222,3712,3711,3412,2064,0,0.0047068843
Warm C,587748,3589,3588,3412,2064,0,-0.00018480676
Warm C,583274,3562,3561,3412,2064,0,0.011806076
Warm C,593514,3618,3617,3412,2064,0,0.010036653
Warm C,574426,3517,3516,3412,2064,1,0.00023791089
Warm C,744743,4448,4447,3412,2064,1,0.01070215
Warm C,574638,3518,3517,3412,2064,0,-0.0015342454
Warm C,548918,3389,3388,3412,2064,0,-0.00093933777
Warm C,548357,3384,3383,3412,2064,0,0.003203276
Warm C,549865,3391,3390,3412,2064,0,0.0043560965
Warm C,570960,3503,3502,3412,2064,0,0.010847559
Warm C,533106,3292,3291,3412,2064,1,0.0027934774
Warm C,584605,3569,3568,3412,2064,0,0.0013247519
Warm C,526681,3259,3258,3412,2064,1,0.0055011045
Warm C,528067,3265,3264,3412,2064,0,-0.0025934505
Warm C,539779,3320,3319,3412,2064,1,0.012714768
Warm C,512666,3163,3162,3412,2064,1,0.010813698
Warm C,527288,3261,3260,3412,2064,1,0.0061946306
Warm C,505053,3108,3107,3412,2064,1,0.008082019
Warm C,575177,3519,3518,3412,2064,0,0.012602873
Warm C,497579,3055,3054,3412,2064,1,0.0013325368
Warm C,599833,3650,3649,3412,2064,0,0.0018153843
Warm C,559230,3435,3434,3412,2064,1,-0.00018744334
Warm C,529514,3272,3271,3412,2064,1,0.010723863
Warm C,753230,4489,4488,3412,2064,0,0.0060791383
Warm C,695957,4169,4168,3412,2064,0,0.0048744897
Warm C,472398,2907,2906,3412,2064,0,0.0035906835
Warm C,467735,2883,2882,3412,2064,0,0.0077583985
Warm C,457743,2820,2819,3412,2064,0,0.0070016216
Warm C,486930,2996,2995,3412,2064,1,0.007955689
Warm C,465944,2873,2872,3412,2064,0,0.00091662933
Warm C,450647,2777,2776,3412,2064,0,0.00573987
Warm C,448373,2764,2763,3412,2064,1,0.005555961
Warm C,447845,2761,2760,3412,2064,0,-0.00012518698
Warm C,442573,2726,2725,3412,2064,1,0.001438464
Warm C,564238,3471,3470,3412,2064,0,0.0009211649
Warm C,433540,2643,2642,3412,2064,1,0.007702573
Warm C,422243,2556,2555,3412,2064,1,0.00020976947
Warm C,413663,2489,2488,3412,2064,1,0.0070573576
Warm C,375027,2186,2185,3412,2064,0,0.0022233045
Warm C,394157,2323,2322,3412,2064,1,0.004570039
Warm C,353972,2073,2072,3412,2064,0,0.004192055
Warm C,332349,1961,1960,3412,2064,1,0.00029491034
Warm C,333287,1968,1967,3412,2064,0,0.00923784
Warm C,316669,1884,1883,3412,2064,0,0.0074642906
Warm C,290887,1736,1735,3412,2064,1,-0.0032717104
Warm C,280752,1685,1684,3412,2064,1,-0.00700819
Warm C,278813,1680,1679,3412,2064,1,-0.0005532736
Warm C,258929,1586,1585,3412,2064,1,-0.0005097855
Warm C,265602,1613,1612,3412,2064,0,0.0058567747
Warm C,261632,1599,1598,3412,2064,0,0.004081512
Warm C,222024,1343,1342,3412,2064,0,-0.0040477132
Warm C,217699,1321,1320,3412,2064,0,0.008637253
Warm C,224061,1356,1355,3412,2064,0,0.008026939
Warm C,213330,1298,1297,3412,2064,1,0.0026217103
Warm C,209367,1279,1278,3412,2064,1,0.0063872547
Warm C,208651,1274,1273,3412,2064,0,0.00073625427
Warm C,220293,1335,1334,3412,2064,0,0.008355667
Warm C,258719,1585,1584,3412,2064,0,0.0013291256
Warm C,456368,2810,2809,3412,2064,0,-0.0002538825
Warm C,277486,1676,1675,3412,2064,0,0.0133856665
Warm C,308449,1837,1836,3412,2064,1,0.003185039
Warm C,177968,1120,1119,3412,2064,0,0.0075000143
Warm C,243754,1470,1469,3412,2064,0,0.0060205953
Warm C,248698,1501,1500,3412,2064,0,-0.0027437683
Warm C,164349,1051,1050,3412,2064,1,0.0010196194
Warm C,149511,963,962,3412,2064,0,-0.00016751
Warm C,185012,1150,1149,3412,2064,0,0.004674988
Warm C,141148,910,909,3412,2064,1,0.0048802258
Warm C,258332,1584,1583,3412,2064,1,0.0070551503
Warm C,141403,911,910,3412,2064,1,-0.0031552943
Warm C,134981,873,872,3412,2064,1,0.0056067333
Warm C,127658,824,823,3412,2064,0,0.0065625925
Warm C,263089,1605,1604,3412,2064,1,0.004609253
Warm C,110305,720,719,3412,2064,0,-0.002567484
Warm C,299493,1778,1777,3412,2064,1,0.004553997
Warm C,94865,637,636,3412,2064,1,0.005448176
Warm C,190576,1181,1180,3412,2064,0,0.004953156
Warm C,80677,536,535,3412,2064,1,0.0047319555
Warm C,68591,461,460,3412,2064,1,0.0013308639
Warm C,333754,1969,1968,3412,2064,0,0.008752681
Warm C,47422,319,318,3412,2064,1,0.003743123
Warm C,38262,261,260,3412,2064,1,0.006633694
Warm C,21539,157,156,3412,2064,1,-0.0045786896
Warm C,23084,166,165,3412,2064,0,0.0029075465
Warm C,17485,136,135,3412,2064,1,0.0046762098
Warm C,5671,40,39,3412,2064,0,-0.005609485
Warm C,19359,148,147,3412,2064,0,0.004241488
Warm C,385994,2258,2257,3412,2064,0,0.011683652
Warm C,237704,1447,1446,3412,2064,1,0.007870261
Warm C,257499,1579,1578,3412,2064,0,0.006021225
Warm C,65227,438,437,3412,2064,1,-6.3580344e-05
Warm C,750358,4478,4477,3412,2064,0,0.003485821
Warm C,621963,3768,3767,3412,2064,1,0.0055799205
Warm C,901381,5450,5449,3412,2064,0,0.005742144
Warm C,760102,4517,4516,3412,2064,0,0.00026361574
Warm C,865887,5222,5221,3412,2064,0,0.0069682356
Warm C,6135,44,43,3412,2064,0,0.004634579
Warm C,111603,727,726,3412,2064,1,0.0008257241
Warm C,407741,2451,2450,3412,2064,0,0.005256553
Warm C,657433,3963,3962,3412,2064,1,-0.00033295248
Warm C,941323,5682,5681,3412,2064,1,0.010099697
Warm C,311235,1854,1853,3412,2064,0,0.012050781
Warm C,351522,2063,2062,3412,2064,0,0.006762902
Warm C,128913,838,837,3417,2065,1,0.007604739
Warm C,128831,837,836,3417,2065,1,-0.00081060897
Warm C,128719,835,834,3417,2065,0,0.009989592
Warm C,147322,949,948,3417,2065,1,0.0075239115
Warm C,106682,702,701,3417,2065,1,0.013420312
Warm C,68592,461,460,3417,2065,0,0.0016831479
Warm C,27553,193,192,3417,2065,0,0.0017718978
Warm C,481678,2962,2961,3417,2065,0,0.006954967
Warm C,14467,117,116,3417,2065,0,0.0020893407
Warm C,5672,40,39,3417,2065,1,0.000700149
Warm C,1928,17,16,3417,2065,1,0.009718336
Warm C,1461,13,12,3417,2065,0,0.004333014
Warm C,293641,1748,1747,3417,2065,0,0.00022799824
Warm C,681934,4084,4083,3420,2067,1,0.0014797222
Warm C,681342,4083,4082,3420,2067,0,0.016930442
Warm C,712817,4277,4276,3420,2067,1,0.017012976
Warm C,675350,4053,4052,3420,2067,1,0.011123986
Warm C,668964,4022,4021,3420,2067,0,0.008078826
Warm C,667345,4016,4015,3420,2067,0,0.016991524
Warm C,660042,3978,3977,3420,2067,1,-0.00068174396
Warm C,659490,3974,3973,3420,2067,1,0.008091091
Warm C,783992,4682,4681,3420,2067,1,0.010870697
Warm C,656294,3955,3954,3420,2067,1,0.001767151
Warm C,650719,3924,3923,3420,2067,1,0.010030048
Warm C,641409,3856,3855,3420,2067,0,0.0010386436
Warm C,640247,3848,3847,3420,2067,1,0.00618287
Warm C,632306,3823,3822,3420,2067,1,0.010545372
Warm C,637876,3841,3840,3420,2067,1,0.010010455
Warm C,653433,3940,3939,3420,2067,1,0.008088966
Warm C,624597,3778,3777,3420,2067,0,0.02067298
Warm C,623656,3772,3771,3420,2067,1,-0.0025362365
Warm C,618505,3747,3746,3420,2067,1,0.005812238
Warm C,616082,3729,3728,3420,2067,0,0.013382151
Warm C,615541,3727,3726,3420,2067,1,0.010821634
Warm C,614656,3724,3723,3420,2067,0,0.004889455
Warm C,610955,3705,3704,3420,2067,0,0.019049488
Warm C,613556,3717,3716,3420,2067,1,0.0049881716
Warm C,725181,4344,4343,3420,2067,0,0.012343391
Warm C,631986,3822,3821,3420,2067,1,0.0028083655
Warm C,593543,3618,3617,3420,2067,0,0.01029401
Warm C,590076,3600,3599,3420,2067,1,0.00471681
Warm C,581542,3551,3550,3420,2067,0,-0.009738361
Warm C,567328,3483,3482,3420,2067,1,0.020118982
Warm C,569053,3491,3490,3420,2067,1,0.019218003
Warm C,566645,3477,3476,3420,2067,1,-0.005594256
Warm C,576967,3526,3525,3420,2067,0,0.0031799187
Warm C,532602,3289,3288,3420,2067,1,-0.0032087085
Warm C,531646,3283,3282,3420,2067,1,0.013711883
Warm C,529068,3271,3270,3420,2067,1,0.0038045123
Warm C,534631,3300,3299,3420,2067,1,-0.0030288126
Warm C,524937,3241,3240,3420,2067,1,0.005769453
Warm C,518654,3201,3200,3420,2067,1,0.00955283
Warm C,516201,3188,3187,3420,2067,1,-0.002960148
Warm C,509452,3138,3137,3420,2067,0,0.014612984
Warm C,816037,4899,4898,3420,2067,0,0.011337269
Warm C,508516,3129,3128,3420,2067,1,0.009551487
Warm C,930082,5620,5619,3420,2067,1,0.011530286
Warm C,489894,3014,3013,3420,2067,1,0.0011839299
Warm C,484898,2986,2985,3420,2067,1,0.012969192
Warm C,481390,2959,2958,3420,2067,1,0.011974596
Warm C,480031,2946,2945,3420,2067,0,0.012383805
Warm C,477942,2934,2933,3420,2067,1,0.01946854
Warm C,695984,4169,4168,3420,2067,0,0.017794065
Warm C,473365,2909,2908,3420,2067,1,0.0073129022
Warm C,467737,2883,2882,3420,2067,0,-5.473371e-05
Warm C,879810,5317,5316,3420,2067,1,0.0063824565
Warm C,463128,2857,2856,3420,2067,0,0.016107596
Warm C,455255,2803,2802,3420,2067,0,0.008479781
Warm C,469872,2895,2894,3420,2067,1,0.004619225
Warm C,435756,2664,2663,3420,2067,1,0.0051559675
Warm C,419194,2532,2531,3420,2067,1,0.001336474
Warm C,426855,2592,2591,3420,2067,0,0.0075724483
Warm C,425235,2581,2580,3420,2067,1,0.014887161
Warm C,404140,2415,2414,3420,2067,1,-0.001260475
Warm C,400078,2381,2380,3420,2067,0,-0.0010505025
Warm C,396609,2348,2347,3420,2067,0,-0.0005045673
Warm C,393712,2318,2317,3420,2067,1,0.007643332
Warm C,393449,2315,2314,3420,2067,1,-0.0035049715
Warm C,389904,2288,2287,3420,2067,0,0.0016212519
Warm C,388880,2279,2278,3420,2067,1,0.013459483
Warm C,385200,2251,2250,3420,2067,0,-0.002731234
Warm C,381573,2231,2230,3420,2067,0,0.01590991
Warm C,369816,2164,2163,3420,2067,0,0.014579564
Warm C,394160,2323,2322,3420,2067,1,0.0052319635
Warm C,364637,2124,2123,3420,2067,1,0.0091785025
Warm C,358419,2098,2097,3420,2067,1,0.0009929021
Warm C,359280,2102,2101,3420,2067,1,-0.0044507612
Warm C,352624,2064,2063,3420,2067,0,0.009893051
Warm C,320994,1903,1902,3420,2067,0,0.010078461
Warm C,297950,1766,1765,3420,2067,0,-0.0045280005
Warm C,301499,1791,1790,3420,2067,0,0.011056078
Warm C,292977,1745,1744,3420,2067,1,0.008653192
Warm C,271611,1642,1641,3420,2067,0,0.0079564825
Warm C,270793,1639,1638,3420,2067,1,0.0069360845
Warm C,268877,1632,1631,3420,2067,0,0.017428836
Warm C,232322,1410,1409,3420,2067,1,-0.004335882
Warm C,296356,1758,1757,3420,2067,1,-0.0008838257
Warm C,221192,1340,1339,3420,2067,0,0.01740455
Warm C,226355,1370,1369,3420,2067,0,0.011784926
Warm C,200740,1233,1232,3420,2067,1,0.0080576185
Warm C,199818,1227,1226,3420,2067,0,0.008283694
Warm C,210041,1284,1283,3420,2067,1,0.010037594
Warm C,278844,1680,1679,3420,2067,1,0.018724497
Warm C,196948,1209,1208,3420,2067,1,0.010515656
Warm C,192542,1185,1184,3420,2067,0,0.007834271
Warm C,177472,1119,1118,3420,2067,1,0.007655775
Warm C,190606,1181,1180,3420,2067,0,0.0155857885
Warm C,141414,911,910,3420,2067,1,0.017265372
Warm C,148232,955,954,3420,2067,0,0.005440408
Warm C,131050,850,849,3420,2067,0,0.008219603
Warm C,154777,999,998,3420,2067,0,0.006479333
Warm C,115311,749,748,3420,2067,0,0.012401994
Warm C,239821,1449,1448,3420,2067,0,0.017356046
Warm C,283980,1698,1697,3420,2067,0,0.009868276
Warm C,90452,599,598,3420,2067,1,-0.0016155154
Warm C,350463,2057,2056,3420,2067,1,0.005584145
Warm C,84938,552,551,3420,2067,1,0.0045287157
Warm C,82882,549,548,3420,2067,1,0.01200865
Warm C,77304,524,523,3420,2067,1,0.011275906
Warm C,74022,504,503,3420,2067,1,0.0044541946
Warm C,71870,482,481,3420,2067,0,0.01390541
Warm C,65700,439,438,3420,2067,1,0.011941088
Warm C,210709,1285,1284,3420,2067,1,0.007614519
Warm C,47439,319,318,3420,2067,1,0.011628492
Warm C,338013,1988,1987,3420,2067,0,0.017437523
Warm C,61269,412,411,3420,2067,1,0.017816767
Warm C,238717,1448,1447,3420,2067,1,0.0093615735
Warm C,145271,935,934,3420,2067,1,0.017516142
Warm C,36885,247,246,3420,2067,1,0.013571506
Warm C,46821,314,313,3420,2067,1,0.004207693
Warm C,35268,238,237,3420,2067,1,0.006918004
Warm C,36439,245,244,3420,2067,0,0.016027885
Warm C,9261,62,61,3420,2067,0,0.0062040333
Warm C,437216,2669,2668,3420,2067,1,0.00032780692
Warm C,104196,692,691,3420,2067,1,0.009293663
Warm C,2845,23,22,3420,2067,0,0.0043323766
Warm C,481687,2962,2961,3420,2067,0,0.018934406
Warm C,43437,299,298,3420,2067,1,0.008823017
Warm C,18686,146,145,3420,2067,1,0.00044677616
Warm C,552176,3401,3400,3420,2067,1,0.0050207437
Warm C,150473,970,969,3420,2067,1,0.00065061543
Warm C,157933,1015,1014,3420,2067,0,0.007194292
Warm C,181905,1137,1136,3420,2067,0,0.008812762
Warm C,873907,5277,5276,3420,2067,0,0.01133237
Warm C,56330,376,375,3420,2067,1,0.008580736
Warm C,519180,3203,3202,3420,2067,1,0.009020198
Warm C,24330,173,172,3420,2067,0,-0.00048795715
Warm C,633052,3824,3823,3420,2067,0,0.012522751
Warm C,309522,1842,1841,3420,2067,1,0.01174355
Warm C,25903,183,182,3420,2067,1,0.0026873287
Warm C,324883,1925,1924,3420,2067,0,0.0037315139
Warm C,857809,5156,5155,3420,2067,1,0.010848101
Warm C,80074,533,532,3423,2070,0,0.014067838
Warm C,53704,352,351,3423,2070,1,0.0040192995
Warm C,41780,284,283,3423,2070,0,0.0019659768
Warm C,25607,181,180,3423,2070,0,0.0079815155
Warm C,293652,1748,1747,3423,2070,0,0.010778769
Warm C,16657,131,130,3423,2070,1,0.005070714
Warm C,9264,62,61,3423,2070,0,0.009900723
Warm C,3371,26,25,3423,2070,0,0.010287163
Warm C,129266,839,838,3423,2070,0,0.009102747
Warm C,261147,1597,1596,3423,2070,0,-0.0002094931
Warm C,357321,2092,2091,3423,2070,0,0.0031293614
Warm C,215438,1306,1305,3423,2070,1,0.0057633417
Warm C,311241,1854,1853,3423,2070,0,0.009726498
Warm C,62701,424,423,3423,2070,1,0.0058528334
Warm C,239827,1449,1448,3425,2072,0,0.01627375
Warm C,53705,352,351,3425,2072,0,0.015098211
Warm C,39354,267,266,3425,2072,0,0.008073569
Warm C,26403,187,186,3425,2072,1,0.004897726
Warm C,24899,175,174,3425,2072,1,0.010083234
Warm C,557,8,7,3425,2072,0,0.005534242
Warm C,89178,588,587,3425,2072,1,0.0102893505
Warm C,157938,1015,1014,3425,2072,0,0.017709218
Warm C,42769,293,292,3425,2072,0,0.002132617
Warm C,933372,5636,5635,3425,2072,0,0.012086617
Warm C,892855,5394,5393,3425,2072,0,0.008881244
Warm C,216883,1317,1316,3425,2072,1,0.020151924
Warm C,712821,4277,4276,3425,2072,0,0.016353391
Warm C,241050,1451,1450,3425,2072,1,0.013680882
Warm C,195305,1203,1202,3425,2072,1,0.0005319123
Warm C,475426,2918,2917,3425,2072,0,0.0020621172
Warm C,115994,752,751,3425,2072,0,0.010180231
Warm C,33930,229,228,3425,2072,1,0.0030028108
Warm C,300247,1780,1779,3425,2072,0,0.021617733
Warm C,212812,1297,1296,3427,2074,1,0.011650059
Warm C,146864,948,947,3427,2074,1,0.0076036155
Warm C,185041,1150,1149,3427,2074,0,0.013505362
Warm C,239829,1449,1448,3427,2074,0,0.024442535
Warm C,144085,929,928,3427,2074,0,0.015901212
Warm C,210714,1285,1284,3427,2074,1,0.016809154
Warm C,48522,326,325,3427,2074,0,0.0035274227
Warm C,32031,216,215,3427,2074,0,0.013423461
Warm C,123331,796,795,3427,2074,0,0.013359802
Warm C,129269,839,838,3427,2074,1,0.0050914
Warm C,638977,3842,3841,3427,2074,0,0.012327617
Warm C,567332,3483,3482,3427,2074,0,0.01272198
Warm C,204479,1260,1259,3427,2074,0,0.015325155
Warm C,420868,2544,2543,3427,2074,0,0.008756654
Warm C,262152,1600,1599,3431,2077,0,-0.0043256693
Warm C,242682,1465,1464,3431,2077,0,0.011266928
Warm C,227027,1377,1376,3431,2077,0,0.004196077
Warm C,278866,1680,1679,3431,2077,0,0.005941248
Warm C,261654,1599,1598,3431,2077,0,0.005887241
Warm C,190630,1181,1180,3431,2077,0,0.016837588
Warm C,186594,1155,1154,3431,2077,0,0.0056953398
Warm C,307298,1835,1834,3431,2077,0,0.0030887164
Warm C,275449,1667,1666,3431,2077,0,0.012147342
Warm C,123831,798,797,3431,2077,0,0.012420761
Warm C,112851,732,731,3431,2077,1,0.009640552
Warm C,106695,702,701,3431,2077,0,0.005838968
Warm C,93751,629,628,3431,2077,0,0.0006299453
Warm C,480037,2946,2945,3431,2077,0,0.0074289367
Warm C,75423,513,512,3431,2077,0,0.0008337414
Warm C,64797,435,434,3431,2077,0,0.006956584
Warm C,239837,1449,1448,3431,2077,0,0.0012323768
Warm C,40385,272,271,3431,2077,0,-0.00016117818
Warm C,32694,221,220,3431,2077,0,0.0022874412
Warm C,19391,148,147,3431,2077,0,0.010854481
Warm C,269797,1635,1634,3431,2077,0,0.009864116
Warm C,237729,1447,1446,3431,2077,0,0.009233495
Warm C,680557,4079,4078,3431,2077,1,0.009203767
Warm C,633062,3824,3823,3431,2077,0,0.0054024723
Warm C,62711,424,423,3431,2077,0,0.015132256
Warm C,75424,513,512,3432,2078,0,0.010690914
Warm C,68611,461,460,3432,2078,0,0.014104107
Warm C,239838,1449,1448,3432,2078,0,0.020314973
Warm C,40387,272,271,3432,2078,0,0.010106255
Warm C,33758,226,225,3432,2078,0,0.0013317526
Warm C,19392,148,147,3432,2078,0,0.011895824
Warm C,237730,1447,1446,3432,2078,0,0.018965166
Warm C,828605,4979,4978,3432,2078,0,0.017898772
Warm C,342302,2015,2014,3432,2078,0,0.015127725
Warm C,680558,4079,4078,3432,2078,1,0.010615417
Warm C,599124,3648,3647,3432,2078,0,-0.0039388295
Warm C,62712,424,423,3432,2078,0,0.015411094
Warm C,533134,3292,3291,3436,2080,0,0.014745915
Warm C,524714,3239,3238,3436,2080,1,0.019079074
Warm C,514210,3174,3173,3436,2080,1,0.0008637019
Warm C,493926,3032,3031,3436,2080,0,0.004299998
Warm C,477953,2934,2933,3436,2080,0,0.009819211
Warm C,418540,2529,2528,3436,2080,0,0.004453022
Warm C,393078,2309,2308,3436,2080,1,-0.0018518406
Warm C,385879,2257,2256,3436,2080,1,0.0023859767
Warm C,382784,2237,2236,3436,2080,0,0.0089416
Warm C,377149,2203,2202,3436,2080,1,0.0108444635
Warm C,364441,2123,2122,3436,2080,1,-0.0010002726
Warm C,351570,2063,2062,3436,2080,0,0.008274566
Warm C,343562,2018,2017,3436,2080,0,0.005827965
Warm C,301010,1787,1786,3436,2080,0,-0.0013356581
Warm C,290894,1736,1735,3436,2080,0,0.00060614385
Warm C,264544,1609,1608,3436,2080,0,0.015293713
Warm C,227031,1377,1376,3436,2080,0,0.016724825
Warm C,203853,1254,1253,3436,2080,1,-0.0003074517
Warm C,278870,1680,1679,3436,2080,0,0.012733206
Warm C,316184,1883,1882,3436,2080,0,0.0022152308
Warm C,179494,1125,1124,3436,2080,0,0.0061727804
Warm C,331434,1958,1957,3436,2080,0,0.019097487
Warm C,168320,1069,1068,3436,2080,0,0.009405052
Warm C,156357,1009,1008,3436,2080,0,0.003951678
Warm C,150482,970,969,3436,2080,0,0.0047331713
Warm C,137989,889,888,3436,2080,0,0.005353178
Warm C,380188,2223,2222,3436,2080,0,0.0074562603
Warm C,141419,911,910,3436,2080,1,0.008403699
Warm C,131803,854,853,3436,2080,0,0.0022427924
Warm C,327804,1941,1940,3436,2080,1,0.001067542
Warm C,111842,728,727,3436,2080,0,-0.0003014045
Warm C,103343,687,686,3436,2080,0,0.009797628
Warm C,332554,1962,1961,3436,2080,0,0.0069754645
Warm C,228106,1383,1382,3436,2080,0,0.005457498
Warm C,87212,570,569,3436,2080,0,0.011130045
Warm C,238728,1448,1447,3436,2080,1,0.01507549
Warm C,76121,517,516,3436,2080,0,0.011269066
Warm C,64465,430,429,3436,2080,0,0.011617769
Warm C,74680,509,508,3436,2080,0,0.0031735306
Warm C,132342,855,854,3436,2080,0,0.011231903
Warm C,47462,319,318,3436,2080,0,0.010688761
Warm C,696010,4169,4168,3436,2080,0,0.010397263
Warm C,39551,268,267,3436,2080,1,0.00045255874
Warm C,537800,3312,3311,3436,2080,0,0.009315072
Warm C,38904,264,263,3436,2080,0,0.012139708
Warm C,32921,223,222,3436,2080,0,0.010027939
Warm C,29823,202,201,3436,2080,1,0.007349873
Warm C,16977,133,132,3436,2080,1,0.01209362
Warm C,6174,45,44,3436,2080,0,0.0063941176
Warm C,30501,204,203,3436,2080,0,0.008993115
Warm C,223406,1354,1353,3436,2080,0,0.00805117
Warm C,20758,151,150,3436,2080,0,0.008874219
Warm C,79231,531,530,3436,2080,0,0.0069964253
Warm C,143628,927,926,3436,2080,0,0.013541089
Warm C,19398,148,147,3436,2080,0,0.0053090574
Warm C,50137,331,330,3436,2080,0,0.00068498065
Warm C,682281,4085,4084,3436,2080,0,0.0075559076
Warm C,164380,1051,1050,3436,2080,0,0.011000823
Warm C,304754,1812,1811,3436,2080,0,0.0027588392
Warm C,102073,678,677,3436,2080,1,0.017937988
Warm C,144818,934,933,3436,2080,0,0.0014157733
Warm C,454531,2796,2795,3436,2080,0,0.008028539
Warm C,335650,1980,1979,3436,2080,0,0.008706031
Warm C,408084,2453,2452,3436,2080,1,0.014218616
Warm C,545255,3363,3362,3436,2080,1,0.009504565
Warm C,699606,4186,4185,3436,2080,0,0.0048356936
Warm C,760111,4517,4516,3436,2080,0,0.0062965658
Warm C,193532,1194,1193,3436,2080,0,0.0105770575
Warm C,645750,3887,3886,3440,2083,0,0.0049179206
Warm C,628560,3807,3806,3440,2083,0,-0.00019366806
Warm C,624277,3777,3776,3440,2083,0,-0.0056624673
Warm C,612851,3715,3714,3440,2083,0,-0.00012252573
Warm C,654036,3942,3941,3440,2083,0,0.003734201
Warm C,636198,3834,3833,3440,2083,1,0.0011762003
Warm C,712848,4277,4276,3440,2083,0,0.0061670635
Warm C,600741,3652,3651,3440,2083,0,0.0046421997
Warm C,586378,3579,3578,3440,2083,0,0.002450876
Warm C,576985,3526,3525,3440,2083,0,0.0020468142
Warm C,573846,3513,3512,3440,2083,0,0.0064085773
Warm C,570234,3499,3498,3440,2083,0,0.006456782
Warm C,591839,3610,3609,3440,2083,0,0.0009864657
Warm C,584624,3569,3568,3440,2083,0,0.0031165686
Warm C,572773,3509,3508,3440,2083,0,-0.0065041897
Warm C,555190,3414,3413,3440,2083,0,0.002879642
Warm C,550900,3393,3392,3440,2083,0,0.002130339
Warm C,548941,3389,3388,3440,2083,0,0.008129135
Warm C,546459,3370,3369,3440,2083,0,0.0045007216
Warm C,536967,3311,3310,3440,2083,0,0.0030725747
Warm C,535871,3308,3307,3440,2083,0,0.008762663
Warm C,544030,3353,3352,3440,2083,0,0.010717422
Warm C,530898,3280,3279,3440,2083,0,0.009658825
Warm C,520298,3209,3208,3440,2083,0,0.0057025277
Warm C,496057,3047,3046,3440,2083,0,0.0024561451
Warm C,493941,3032,3031,3440,2083,1,0.007020015
Warm C,492597,3029,3028,3440,2083,0,0.0061264215
Warm C,517829,3196,3195,3440,2083,0,0.0032507638
Warm C,469655,2894,2893,3440,2083,1,0.002040235
Warm C,470347,2896,2895,3440,2083,0,-0.0004607248
Warm C,486953,2996,2995,3440,2083,0,0.009262007
Warm C,477448,2931,2930,3440,2083,0,0.009428957
Warm C,430026,2621,2620,3440,2083,0,0.006097601
Warm C,408629,2454,2453,3440,2083,0,-0.0029707255
Warm C,375048,2186,2185,3440,2083,0,-0.0068295756
Warm C,373371,2180,2179,3440,2083,0,0.00815285
Warm C,371594,2172,2171,3440,2083,0,-0.004096403
Warm C,369828,2164,2163,3440,2083,0,-0.0009872747
Warm C,367314,2144,2143,3440,2083,0,0.005483481
Warm C,368750,2156,2155,3440,2083,0,0.012753949
Warm C,349809,2054,2053,3440,2083,0,-0.0024533793
Warm C,361497,2109,2108,3440,2083,0,-0.0061483
Warm C,340524,2010,2009,3440,2083,0,0.006973605
Warm C,341477,2012,2011,3440,2083,0,0.0045760255
Warm C,330113,1948,1947,3440,2083,0,0.0046147327
Warm C,300703,1781,1780,3440,2083,0,-0.003212717
Warm C,297386,1764,1763,3440,2083,1,0.0015205457
Warm C,288821,1726,1725,3440,2083,0,0.0007870416
Warm C,269808,1635,1634,3440,2083,0,0.011936745
Warm C,299518,1778,1777,3440,2083,0,0.0028024928
Warm C,358208,2097,2096,3440,2083,0,5.1102368e-05
Warm C,256326,1564,1563,3440,2083,0,0.00790499
Warm C,302984,1800,1799,3440,2083,0,-0.0059208283
Warm C,309250,1841,1840,3440,2083,0,0.011658491
Warm C,338838,1996,1995,3440,2083,0,0.0028593794
Warm C,360613,2106,2105,3440,2083,0,0.0028254902
Warm C,321229,1904,1903,3440,2083,0,0.0025993627
Warm C,236202,1433,1432,3440,2083,0,0.003318903
Warm C,233017,1418,1417,3440,2083,0,0.0044638086
Warm C,216001,1311,1310,3440,2083,0,0.005822641
Warm C,224082,1356,1355,3440,2083,0,0.003575837
Warm C,277515,1676,1675,3440,2083,0,-0.0014215508
Warm C,272765,1647,1646,3440,2083,0,0.0009304136
Warm C,278891,1680,1679,3440,2083,0,0.008846911
Warm C,342311,2015,2014,3440,2083,0,-0.0020301142
Warm C,327825,1941,1940,3440,2083,0,0.007833212
Warm C,178001,1120,1119,3440,2083,0,-0.0024751923
Warm C,173567,1100,1099,3440,2083,0,0.0006709227
Warm C,171430,1088,1087,3440,2083,0,-0.0016700751
Warm C,166757,1060,1059,3440,2083,0,0.0021961099
Warm C,163147,1042,1041,3440,2083,0,0.0019939411
Warm C,363911,2120,2119,3440,2083,0,0.0054361443
Warm C,150944,971,970,3440,2083,0,0.003940112
Warm C,249197,1502,1501,3440,2083,0,0.016508274
Warm C,216902,1317,1316,3440,2083,0,0.00922337
Warm C,156681,1010,1009,3440,2083,0,0.0016699044
Warm C,276845,1675,1674,3440,2083,0,0.0084251575
Warm C,134116,869,868,3440,2083,0,-0.0026449028
Warm C,145589,936,935,3440,2083,0,0.0047989683
Warm C,263136,1605,1604,3440,2083,0,-0.0021511135
Warm C,126520,817,816,3440,2083,0,0.0053561646
Warm C,124196,800,799,3440,2083,0,0.002698313
Warm C,121475,781,780,3440,2083,0,0.009656981
Warm C,121047,780,779,3440,2083,0,0.0018786382
Warm C,120326,777,776,3440,2083,0,0.002940969
Warm C,116806,753,752,3440,2083,1,0.008264644
Warm C,119109,770,769,3440,2083,0,-0.0012907808
Warm C,105950,699,698,3440,2083,0,0.0017541121
Warm C,99301,662,661,3440,2083,0,-0.002795062
Warm C,176811,1117,1116,3440,2083,0,-0.0069729653
Warm C,362850,2116,2115,3440,2083,1,0.0026012517
Warm C,109227,714,713,3440,2083,0,-0.0052430304
Warm C,93754,629,628,3440,2083,0,0.0047433707
Warm C,108664,712,711,3440,2083,0,0.0033384813
Warm C,86048,563,562,3440,2083,0,-0.0052362476
Warm C,81202,541,540,3440,2083,0,0.006610438
Warm C,70703,476,475,3440,2083,1,0.005931393
Warm C,64924,436,435,3440,2083,0,-0.0014586169
Warm C,65252,438,437,3440,2083,0,0.0023535797
Warm C,41804,284,283,3440,2083,0,-0.0017562141
Warm C,38510,262,261,3440,2083,0,0.0009939899
Warm C,202992,1246,1245,3440,2083,0,-0.0034000836
Warm C,40733,273,272,3440,2083,1,-0.0045609614
Warm C,626612,3792,3791,3440,2083,0,0.0039750244
Warm C,33946,229,228,3440,2083,0,0.009558828
Warm C,54498,355,354,3440,2083,0,0.0018989432
Warm C,22531,163,162,3440,2083,0,0.0036197312
Warm C,19418,148,147,3440,2083,1,0.0008589688
Warm C,14504,117,116,3440,2083,0,0.0026459831
Warm C,13032,101,100,3440,2083,1,0.00096656894
Warm C,12312,93,92,3440,2083,0,0.0038010543
Warm C,27175,192,191,3440,2083,0,0.007124239
Warm C,10250,73,72,3440,2083,0,0.0021445104
Warm C,1978,18,17,3440,2083,0,0.006069643
Warm C,79248,531,530,3440,2083,0,-0.00079763494
Warm C,530226,3274,3273,3440,2083,1,0.0011885857
Warm C,69027,462,461,3440,2083,0,0.0037934028
Warm C,42785,293,292,3440,2083,0,0.00052085007
Warm C,255470,1556,1555,3440,2083,0,0.012992612
Warm C,237744,1447,1446,3440,2083,0,0.009686207
Warm C,251834,1524,1523,3440,2083,0,-0.0061713685
Warm C,290064,1733,1732,3440,2083,0,-0.0022623674
Warm C,264988,1611,1610,3440,2083,0,0.0094875
Warm C,599133,3648,3647,3440,2083,0,0.012984585
Warm C,689792,4126,4125,3440,2083,0,0.0066157663
Warm C,234842,1425,1424,3440,2083,0,0.00035090744
Warm C,468318,2887,2886,3440,2083,0,-0.0032189023
Warm C,383623,2242,2241,3440,2083,0,0.004243974
Warm C,629244,3808,3807,3445,2086,0,0.012787756
Warm C,637910,3841,3840,3445,2086,1,0.01959011
Warm C,619464,3754,3753,3445,2086,0,0.015893752
Warm C,611666,3708,3707,3445,2086,0,0.014738724
Warm C,604078,3675,3674,3445,2086,0,0.019106861
Warm C,601879,3660,3659,3445,2086,0,0.01443586
Warm C,601400,3656,3655,3445,2086,1,0.009977124
Warm C,597050,3627,3626,3445,2086,0,0.007743206
Warm C,869770,5255,5254,3445,2086,1,0.009905243
Warm C,594554,3619,3618,3445,2086,1,0.012861827
Warm C,593595,3618,3617,3445,2086,0,0.03002159
Warm C,590687,3603,3602,3445,2086,1,0.018170586
Warm C,576109,3521,3520,3445,2086,0,0.011087269
Warm C,634780,3829,3828,3445,2086,0,0.018529158
Warm C,696025,4169,4168,3445,2086,0,0.027026387
Warm C,562050,3458,3457,3445,2086,0,0.009199897
Warm C,552197,3401,3400,3445,2086,0,0.022060256
Warm C,576987,3526,3525,3445,2086,0,0.015245352
Warm C,645168,3885,3884,3445,2086,1,0.019169748
Warm C,543407,3346,3345,3445,2086,0,0.009920487
Warm C,540964,3328,3327,3445,2086,1,0.011624312
Warm C,532691,3290,3289,3445,2086,0,0.01137249
Warm C,530644,3279,3278,3445,2086,0,0.0022112965
Warm C,522367,3224,3223,3445,2086,1,0.011279785
Warm C,518667,3201,3200,3445,2086,0,0.007880405
Warm C,628564,3807,3806,3445,2086,0,0.011236827
Warm C,718490,4305,4304,3445,2086,1,0.014678924
Warm C,529554,3272,3271,3445,2086,0,0.024464296
Warm C,463152,2857,2856,3445,2086,0,0.0190719
Warm C,453598,2793,2792,3445,2086,1,0.019422403
Warm C,436267,2665,2664,3445,2086,0,0.028190786
Warm C,430272,2622,2621,3445,2086,1,0.0009346814
Warm C,428771,2609,2608,3445,2086,1,0.009637531
Warm C,425634,2583,2582,3445,2086,1,0.0115696285
Warm C,414493,2496,2495,3445,2086,0,0.01120697
Warm C,464084,2860,2859,3445,2086,1,0.018433545
Warm C,388890,2279,2278,3445,2086,1,0.009050905
Warm C,385563,2254,2253,3445,2086,0,0.008728641
Warm C,381581,2231,2230,3445,2086,0,0.013481154
Warm C,353678,2072,2071,3445,2086,1,0.013983944
Warm C,352627,2064,2063,3445,2086,0,0.014093481
Warm C,335672,1980,1979,3445,2086,0,0.025039721
Warm C,317296,1887,1886,3445,2086,0,0.009354942
Warm C,304499,1810,1809,3445,2086,1,0.0046567535
Warm C,260355,1592,1591,3445,2086,0,0.011690723
Warm C,250781,1513,1512,3445,2086,1,0.013157783
Warm C,246239,1489,1488,3445,2086,0,0.017595362
Warm C,242691,1465,1464,3445,2086,1,0.023217518
Warm C,218258,1323,1322,3445,2086,0,0.010409672
Warm C,220305,1335,1334,3445,2086,0,0.021744693
Warm C,270805,1639,1638,3445,2086,0,0.0163658
Warm C,278896,1680,1679,3445,2086,0,0.021479405
Warm C,327830,1941,1940,3445,2086,1,0.021398531
Warm C,177488,1119,1118,3445,2086,1,0.017509554
Warm C,165171,1053,1052,3445,2086,0,0.013792442
Warm C,334503,1974,1973,3445,2086,0,0.022076063
Warm C,190657,1181,1180,3445,2086,0,0.024952542
Warm C,157966,1015,1014,3445,2086,0,0.020850062
Warm C,151533,975,974,3445,2086,0,0.009407801
Warm C,138010,889,888,3445,2086,0,0.018485697
Warm C,131067,850,849,3445,2086,0,0.009878367
Warm C,315067,1880,1879,3445,2086,0,0.021185864
Warm C,115316,749,748,3445,2086,0,0.012548646
Warm C,324355,1922,1921,3445,2086,0,0.02523338
Warm C,425245,2581,2580,3445,2086,0,0.011376643
Warm C,203468,1248,1247,3445,2086,0,0.009848265
Warm C,316690,1884,1883,3445,2086,1,0.014412637
Warm C,222031,1343,1342,3445,2086,1,0.0142146945
Warm C,77334,524,523,3445,2086,0,0.03391593
Warm C,86543,566,565,3445,2086,0,0.017938724
Warm C,76628,520,519,3445,2086,1,0.029547155
Warm C,210746,1285,1284,3445,2086,1,0.026387211
Warm C,47488,319,318,3445,2086,0,0.022852777
Warm C,61808,415,414,3445,2086,0,0.0155523885
Warm C,481707,2962,2961,3445,2086,0,0.01453124
Warm C,457780,2820,2819,3445,2086,1,0.020712405
Warm C,744771,4448,4447,3445,2086,0,0.03348612
Warm C,993827,6002,6001,3445,2086,0,0.0159553
Warm C,62733,424,423,3445,2086,0,0.017390288
Warm C,46842,314,313,3447,2087,1,0.007010208
Warm C,32075,216,215,3447,2087,1,0.016514122
Warm C,141901,914,913,3447,2087,1,0.0033770541
Warm C,591841,3610,3609,3447,2087,0,0.008575833
Warm C,293662,1748,1747,3447,2087,0,0.013939083
Warm C,868,10,9,3447,2087,1,0.01196472
Warm C,191799,1182,1181,3447,2087,0,0.008146808
Warm C,846968,5090,5089,3447,2087,1,0.009520594
Warm C,370928,2168,2167,3447,2087,0,0.021439772
Warm C,322208,1912,1911,3447,2087,0,0.02115674
Warm C,841051,5054,5053,3447,2087,0,0.015138146
Warm C,171435,1088,1087,3447,2087,0,0.010511584
Warm C,40904,274,273,3453,2092,0,-0.0028644071
Warm C,27704,194,193,3453,2092,1,0.0004625935
Warm C,23343,167,166,3453,2092,0,-0.0017087955
Warm C,314340,1877,1876,3453,2092,0,-0.0005346057
Warm C,79260,531,530,3453,2092,0,0.017096832
Warm C,684982,4094,4093,3453,2092,1,0.006846633
Warm C,12840,99,98,3453,2092,0,0.011742024
Warm C,399785,2380,2379,3453,2092,0,0.010921437
Warm C,365462,2127,2126,3453,2092,0,0.0043035257
Warm C,12019,92,91,3453,2092,0,0.0126864165
Warm C,882875,5333,5332,3453,2092,0,0.016690224
Warm C,405306,2427,2426,3453,2092,0,0.008425023
Warm C,110690,721,720,3453,2092,1,-0.0022946345
Warm C,599143,3648,3647,3453,2092,0,-0.008649247
Warm C,456396,2810,2809,3453,2092,0,0.02126774
Warm C,335686,1980,1979,3453,2092,0,0.019869667
Warm C,351595,2063,2062,3453,2092,1,0.014545353
Warm C,719973,4312,4311,3453,2092,0,0.012203424
Warm C,474457,2911,2910,3453,2092,0,0.009127691
Warm C,434907,2655,2654,3453,2092,0,0.011222717
Warm C,171449,1088,1087,3453,2092,0,0.0037818756
Warm C,312824,1865,1864,3453,2092,0,0.011146928
Warm C,699614,4186,4185,3453,2092,0,0.0055177524
Warm C,336667,1982,1981,3453,2092,0,0.013307521
Warm C,583319,3562,3561,3453,2092,0,0.0039835107
Warm C,941345,5682,5681,3453,2092,0,0.0096630305
Warm C,82934,549,548,3453,2092,0,0.010865333
Warm C,877393,5302,5301,3453,2092,0,0.00842444
Warm C,33958,229,228,3453,2092,1,0.0054739243
Warm C,322218,1912,1911,3456,2093,1,0.008433625
Warm C,378571,2210,2209,3456,2093,1,0.007572786
Warm C,208676,1274,1273,3456,2093,1,0.008801878
Warm C,28198,195,194,3456,2093,1,0.014479712
Warm C,795998,4771,4770,3456,2093,0,0.010757772
Warm C,252758,1531,1530,3457,2094,0,-0.0013205679
Warm C,250179,1507,1506,3457,2094,1,0.008580383
Warm C,631458,3821,3820,3457,2094,0,0.009699929
Warm C,245191,1480,1479,3457,2094,0,-0.0052610324
Warm C,227485,1379,1378,3457,2094,0,0.0066325087
Warm C,337421,1984,1983,3457,2094,0,0.0030929989
Warm C,225214,1362,1361,3457,2094,1,0.0037162015
Warm C,222350,1345,1344,3457,2094,0,0.0038399077
Warm C,212829,1297,1296,3457,2094,1,-0.0023576343
Warm C,212241,1292,1291,3457,2094,0,0.0006223854
Warm C,220307,1335,1334,3457,2094,0,0.0095644295
Warm C,203416,1247,1246,3457,2094,0,0.003225486
Warm C,250342,1509,1508,3457,2094,0,-0.0019242971
Warm C,200199,1229,1228,3457,2094,0,-0.001604173
Warm C,216911,1317,1316,3457,2094,0,0.00418773
Warm C,278917,1680,1679,3457,2094,1,0.001985745
Warm C,189806,1177,1176,3457,2094,0,0.0027955333
Warm C,189301,1173,1172,3457,2094,0,0.013494281
Warm C,166383,1059,1058,3457,2094,0,0.005215415
Warm C,190674,1181,1180,3457,2094,0,-0.0036518015
Warm C,362865,2116,2115,3457,2094,0,0.007846096
Warm C,157979,1015,1014,3457,2094,0,0.0061650574
Warm C,150501,970,969,3457,2094,0,0.009066767
Warm C,150032,966,965,3457,2094,0,0.0028369776
Warm C,246243,1489,1488,3457,2094,0,0.012554651
Warm C,148695,957,956,3457,2094,1,0.0076037417
Warm C,194554,1201,1200,3457,2094,1,0.005981029
Warm C,812279,4875,4874,3457,2094,0,0.0051152185
Warm C,138028,889,888,3457,2094,0,0.00998658
Warm C,315072,1880,1879,3457,2094,0,0.0072871037
Warm C,128925,838,837,3457,2094,1,-0.005544529
Warm C,128280,830,829,3457,2094,1,0.007736226
Warm C,126008,812,811,3457,2094,0,0.005917781
Warm C,125738,809,808,3457,2094,0,0.0011972445
Warm C,132355,855,854,3457,2094,0,-0.0016221954
Warm C,187563,1164,1163,3457,2094,1,0.0019016006
Warm C,113554,736,735,3457,2094,0,0.00070282957
Warm C,104818,695,694,3457,2094,0,0.0054424824
Warm C,270808,1639,1638,3457,2094,1,0.0038887672
Warm C,805646,4823,4822,3457,2094,0,0.004262968
Warm C,228131,1383,1382,3457,2094,0,-0.0010318699
Warm C,86053,563,562,3457,2094,1,0.0033778306
Warm C,681939,4084,4083,3457,2094,1,0.010905076
Warm C,181919,1137,1136,3457,2094,1,0.003803744
Warm C,49817,330,329,3457,2094,1,0.0039475076
Warm C,43379,298,297,3457,2094,0,-0.0014717667
Warm C,43950,301,300,3457,2094,1,0.008135051
Warm C,332572,1962,1961,3457,2094,0,0.0061371448
Warm C,33517,225,224,3457,2094,1,0.005174849
Warm C,32633,220,219,3457,2094,0,0.0039820373
Warm C,29886,202,201,3457,2094,0,0.0020557118
Warm C,365176,2125,2124,3457,2094,1,0.0063497005
Warm C,270627,1638,1637,3457,2094,1,0.007287084
Warm C,314343,1877,1876,3457,2094,0,0.004349759
Warm C,554758,3412,3411,3457,2094,0,0.004341703
Warm C,1770,17,16,3457,2094,0,0.008261476
Warm C,203649,1252,1251,3457,2094,1,0.007291805
Warm C,882876,5333,5332,3457,2094,1,0.0013819527
Warm C,637531,3840,3839,3457,2094,0,0.0040409826
Warm C,44546,302,301,3457,2094,0,0.0047818166
Warm C,712868,4277,4276,3457,2094,1,0.0039077504
Warm C,873917,5277,5276,3457,2094,0,0.006912578
Warm C,733358,4386,4385,3457,2094,1,0.0060003977
Warm C,750374,4478,4477,3457,2094,0,0.008288102
Warm C,777703,4647,4646,3457,2094,0,-0.00025752198
Warm C,204490,1260,1259,3457,2094,0,-0.0002667543
Warm C,164406,1051,1050,3457,2094,0,0.0062363185
Warm C,500445,3074,3073,3457,2094,1,-0.00040009338
Warm C,405308,2427,2426,3457,2094,1,0.00515863
Warm C,760120,4517,4516,3457,2094,1,0.0050817356
Warm C,27206,192,191,3457,2094,1,0.006351378
Warm C,116039,752,751,3457,2094,1,0.008297747
Warm C,50188,331,330,3457,2094,0,0.0038485602
Warm C,960249,5792,5791,3457,2094,0,0.0025231077
Warm C,475439,2918,2917,3457,2094,1,0.0038298324
Warm C,171451,1088,1087,3457,2094,1,0.010286792
Warm C,312825,1865,1864,3457,2094,1,0.007890992
Warm C,79261,531,530,3457,2094,0,0.00028701476
Warm C,699615,4186,4185,3457,2094,0,0.01358787
Warm C,202998,1246,1245,3457,2094,0,-0.00025431893
Warm C,62749,424,423,3457,2094,1,0.002529611
Warm C,102099,678,677,3459,2095,1,0.015982049
Warm C,241079,1451,1450,3459,2095,0,0.010152744
Warm C,184325,1147,1146,3470,2102,1,0.004634503
Warm C,308510,1837,1836,3470,2102,0,0.0246716
Warm C,173199,1098,1097,3470,2102,1,0.011250503
Warm C,151540,975,974,3470,2102,1,0.014167905
Warm C,199364,1224,1223,3470,2102,1,0.010735092
Warm C,140426,900,899,3470,2102,1,0.0032520287
Warm C,436304,2665,2664,3470,2102,0,0.021602612
Warm C,138064,889,888,3470,2102,1,0.015342937
Warm C,318913,1896,1895,3470,2102,0,0.013589557
Warm C,134861,872,871,3470,2102,1,0.01103563
Warm C,130485,846,845,3470,2102,1,0.007093393
Warm C,105082,696,695,3470,2102,1,0.0056897
Warm C,233363,1420,1419,3470,2102,1,0.017798807
Warm C,84023,550,549,3470,2102,1,0.018233977
Warm C,75324,511,510,3470,2102,1,0.010473971
Warm C,66348,444,443,3470,2102,1,0.01208287
Warm C,67731,454,453,3470,2102,1,0.006432485
Warm C,54811,358,357,3470,2102,1,0.0065219295
Warm C,48857,327,326,3470,2102,1,0.009177211
Warm C,30840,205,204,3470,2102,1,0.007545567
Warm C,21164,155,154,3470,2102,1,0.001882687
Warm C,573474,3512,3511,3470,2102,1,0.018464655
Warm C,460611,2841,2840,3470,2102,1,0.014227321
Warm C,100538,671,670,3470,2102,1,0.013976892
Warm C,24406,173,172,3470,2102,1,0.0051177526
Warm C,522395,3224,3223,3470,2102,1,0.007526638
Warm C,923895,5580,5579,3470,2102,1,0.008381771
Warm C,319246,1897,1896,3470,2102,0,0.020229928
Warm C,197282,1211,1210,3470,2102,1,0.014353462
Warm C,175988,1113,1112,3470,2102,1,0.0116163455
Warm C,895389,5412,5411,3470,2102,1,0.0049619516
Warm C,223036,1352,1351,3470,2102,1,0.010091027
Warm C,696084,4169,4168,3475,2104,1,0.016717091
Warm C,462531,2854,2853,3475,2104,1,0.007327435
Warm C,457800,2820,2819,3475,2104,1,0.0074726893
Warm C,454887,2798,2797,3475,2104,1,0.01628034
Warm C,420904,2544,2543,3475,2104,1,0.014350812
Warm C,419168,2531,2530,3475,2104,1,0.0032045005
Warm C,417255,2512,2511,3475,2104,1,0.013454994
Warm C,416054,2506,2505,3475,2104,1,-0.0017865109
Warm C,416491,2507,2506,3475,2104,0,0.008628691
Warm C,464095,2860,2859,3475,2104,1,0.005986729
Warm C,389931,2288,2287,3475,2104,0,0.010317957
Warm C,384065,2244,2243,3475,2104,1,0.009518109
Warm C,364680,2124,2123,3475,2104,1,0.014889452
Warm C,364126,2121,2120,3475,2104,0,0.0027301635
Warm C,354017,2073,2072,3475,2104,1,0.01523087
Warm C,347321,2038,2037,3475,2104,1,0.0073668114
Warm C,335715,1980,1979,3475,2104,1,0.020267645
Warm C,323118,1916,1915,3475,2104,1,0.005872253
Warm C,316713,1884,1883,3475,2104,1,0.003918365
Warm C,286465,1711,1710,3475,2104,0,0.00042634085
Warm C,292231,1741,1740,3475,2104,1,0.013719516
Warm C,268916,1632,1631,3475,2104,0,0.009037879
Warm C,346138,2030,2029,3475,2104,1,0.009737101
Warm C,242715,1465,1464,3475,2104,1,0.013529582
Warm C,217965,1322,1321,3475,2104,1,0.010289874
Warm C,211763,1288,1287,3475,2104,0,0.0043061916
Warm C,192978,1191,1190,3475,2104,1,0.0051560802
Warm C,338052,1988,1987,3475,2104,1,0.013467241
Warm C,189882,1178,1177,3475,2104,1,0.00036735565
Warm C,218260,1323,1322,3475,2104,0,0.010536776
Warm C,188558,1170,1169,3475,2104,1,0.009137143
Warm C,184326,1147,1146,3475,2104,1,0.0026476928
Warm C,316205,1883,1882,3475,2104,0,0.006764137
Warm C,182735,1140,1139,3475,2104,0,0.011223206
Warm C,180982,1131,1130,3475,2104,1,-0.004211843
Warm C,169092,1073,1072,3475,2104,1,0.002804319
Warm C,327892,1941,1940,3475,2104,1,0.012908662
Warm C,159967,1019,1018,3475,2104,0,0.012310447
Warm C,158005,1015,1014,3475,2104,1,0.008204342
Warm C,146896,948,947,3475,2104,0,-0.00021330337
Warm C,185111,1150,1149,3475,2104,0,0.015881862
Warm C,142933,922,921,3475,2104,1,0.0069514867
Warm C,140210,899,898,3475,2104,1,0.0080335
Warm C,138074,889,888,3475,2104,1,0.010752843
Warm C,318914,1896,1895,3475,2104,1,0.011879801
Warm C,131083,850,849,3475,2104,1,0.012000186
Warm C,322235,1912,1911,3475,2104,1,0.011747069
Warm C,118679,767,766,3475,2104,1,-0.005411412
Warm C,117822,759,758,3475,2104,0,0.0123436805
Warm C,187574,1164,1163,3475,2104,1,0.0019078266
Warm C,239895,1449,1448,3475,2104,1,0.012133873
Warm C,115667,750,749,3475,2104,1,-0.0017349045
Warm C,69466,466,465,3475,2104,1,0.009479834
Warm C,71919,482,481,3475,2104,0,0.019806644
Warm C,58543,396,395,3475,2104,0,0.0127833
Warm C,48863,327,326,3475,2104,1,0.006870535
Warm C,67003,451,450,3475,2104,1,0.0058171256
Warm C,46866,314,313,3475,2104,0,0.0013763767
Warm C,42539,291,290,3475,2104,0,0.009828664
Warm C,23745,169,168,3475,2104,1,0.011651099
Warm C,462008,2849,2848,3475,2104,1,0.015640099
Warm C,89204,588,587,3475,2104,0,0.0131963845
Warm C,408122,2453,2452,3475,2104,1,0.005310281
Warm C,192685,1186,1185,3475,2104,1,0.007129752
Warm C,284801,1699,1698,3475,2104,1,0.01434415
Warm C,128153,829,828,3475,2104,1,0.009289765
Warm C,922813,5573,5572,3475,2104,0,0.015866548
Warm C,607663,3688,3687,3475,2104,1,0.007765132
Warm C,171473,1088,1087,3475,2104,1,-0.0028144803
Warm C,24409,173,172,3475,2104,1,0.007354672
Warm C,339138,1998,1997,3475,2104,1,0.013868887
Warm C,208689,1274,1273,3475,2104,1,0.0056473673
Warm C,491173,3020,3019,3475,2104,1,0.0036620973
Warm C,62772,424,423,3475,2104,1,0.0144595355
Warm C,569110,3491,3490,3480,2109,1,-0.0011907767
Warm C,593651,3618,3617,3480,2109,0,-0.0063684424
Warm C,573485,3512,3511,3480,2109,0,-0.0033388475
Warm C,549973,3391,3390,3480,2109,1,-0.005771526
Warm C,645198,3885,3884,3480,2109,0,0.0020871214
Warm C,544659,3358,3357,3480,2109,1,-0.003755135
Warm C,539827,3320,3319,3480,2109,0,0.005116438
Warm C,526712,3259,3258,3480,2109,1,0.0010686936
Warm C,575247,3519,3518,3480,2109,0,0.0043733986
Warm C,522410,3224,3223,3480,2109,1,0.0014168671
Warm C,816047,4899,4898,3480,2109,1,0.0023375514
Warm C,528902,3270,3269,3480,2109,0,0.0068183863
Warm C,493991,3032,3031,3480,2109,1,0.0003214979
Warm C,493325,3031,3030,3480,2109,1,0.008519497
Warm C,738111,4411,4410,3480,2109,1,-0.0026830747
Warm C,490670,3018,3017,3480,2109,0,0.0034389421
Warm C,457310,2818,2817,3480,2109,1,0.006252419
Warm C,450746,2777,2776,3480,2109,1,0.0017256681
Warm C,564310,3471,3470,3480,2109,0,-0.0076140817
Warm C,436314,2665,2664,3480,2109,1,-0.0019364255
Warm C,433137,2641,2640,3480,2109,1,-0.0022430774
Warm C,403983,2414,2413,3480,2109,1,0.0004948417
Warm C,400340,2383,2382,3480,2109,1,0.007957688
Warm C,382268,2233,2232,3480,2109,0,0.0010137376
Warm C,369854,2164,2163,3480,2109,1,-0.0015202571
Warm C,364684,2124,2123,3480,2109,1,0.0004145829
Warm C,360001,2105,2104,3480,2109,0,0.0023714742
Warm C,330275,1949,1948,3480,2109,0,-0.0024835193
Warm C,307983,1836,1835,3480,2109,1,-0.0040608114
Warm C,290905,1736,1735,3480,2109,1,0.00039836136
Warm C,292867,1744,1743,3480,2109,0,0.0014276808
Warm C,280451,1683,1682,3480,2109,1,0.005607739
Warm C,278972,1680,1679,3480,2109,1,0.0030018224
Warm C,268923,1632,1631,3480,2109,0,0.0061889547
Warm C,259399,1587,1586,3480,2109,0,0.00024119177
Warm C,251849,1524,1523,3480,2109,1,0.0030717645
Warm C,244410,1472,1471,3480,2109,0,0.0020870706
Warm C,251422,1519,1518,3480,2109,1,0.003082851
Warm C,296402,1758,1757,3480,2109,1,-0.009619016
Warm C,205721,1264,1263,3480,2109,0,0.002635003
Warm C,213382,1298,1297,3480,2109,1,-0.001247826
Warm C,196961,1209,1208,3480,2109,1,-0.010028183
Warm C,179060,1124,1123,3480,2109,1,0.0005950385
Warm C,167782,1068,1067,3480,2109,0,-0.0018886249
Warm C,214758,1303,1302,3480,2109,0,0.0009777937
Warm C,164433,1051,1050,3480,2109,1,0.0011047805
Warm C,142708,921,920,3480,2109,0,-0.002677231
Warm C,331493,1958,1957,3480,2109,1,0.003971566
Warm C,126192,815,814,3480,2109,0,-7.7170145e-05
Warm C,124462,801,800,3480,2109,0,-0.012397785
Warm C,116075,752,751,3480,2109,0,0.0037697938
Warm C,111848,728,727,3480,2109,1,-0.00049895095
Warm C,272114,1645,1644,3480,2109,1,0.0028297543
Warm C,263184,1605,1604,3480,2109,1,-0.004505625
Warm C,101331,676,675,3480,2109,1,0.011948542
Warm C,98406,659,658,3480,2109,1,0.0002539209
Warm C,94157,631,630,3480,2109,1,0.0046567935
Warm C,360656,2106,2105,3480,2109,0,-0.0039759893
Warm C,238782,1448,1447,3480,2109,0,-0.005523986
Warm C,77374,524,523,3480,2109,1,-0.003788953
Warm C,308526,1837,1836,3480,2109,1,0.008290696
Warm C,239909,1449,1448,3480,2109,0,-0.015610827
Warm C,53874,352,351,3480,2109,1,-0.003010516
Warm C,49825,330,329,3480,2109,1,0.006141357
Warm C,132377,855,854,3480,2109,1,-0.0027163369
Warm C,317627,1889,1888,3480,2109,1,0.0055900756
Warm C,41015,275,274,3480,2109,1,-6.15092e-06
Warm C,537838,3312,3311,3480,2109,0,0.0007782206
Warm C,54556,355,354,3480,2109,1,-0.0031609042
Warm C,33555,225,224,3480,2109,1,0.006339376
Warm C,26156,186,185,3480,2109,0,0.0070380396
Warm C,25358,179,178,3480,2109,0,-0.0007718678
Warm C,23766,169,168,3480,2109,1,-0.005026574
Warm C,23166,166,165,3480,2109,0,-0.0069649545
Warm C,14570,117,116,3480,2109,0,-0.0024366805
Warm C,65993,442,441,3480,2109,1,0.0034124616
Warm C,18758,146,145,3480,2109,1,0.00084130117
Warm C,432631,2638,2637,3480,2109,1,0.001797078
Warm C,60801,411,410,3480,2109,0,0.004101809
Warm C,327904,1941,1940,3480,2109,0,0.0040771845
Warm C,963971,5812,5811,3480,2109,0,-0.0016403189
Warm C,5155,36,35,3480,2109,1,-0.004747113
Warm C,79288,531,530,3480,2109,0,-0.0007580582
Warm C,335730,1980,1979,3480,2109,1,-0.0034893628
Warm C,343593,2018,2017,3480,2109,1,0.0015589613
Warm C,204508,1260,1259,3480,2109,1,-0.0026521476
Warm C,111625,727,726,3480,2109,0,0.0077041183
Warm C,322245,1912,1911,3480,2109,0,0.002395629
Warm C,62785,424,423,3480,2109,1,-0.0012557763
Warm C,241104,1451,1450,3480,2109,1,0.0004701733
Warm C,193566,1194,1193,3480,2109,0,0.0054831943
Warm C,709725,4258,4257,3480,2109,1,0.0071240515
Warm C,562505,3462,3461,3480,2109,0,0.011336967
Warm C,974270,5878,5877,3480,2109,1,0.0013393569
Warm C,234882,1425,1424,3480,2109,1,0.0011257024
Warm C,529088,3271,3270,3483,2111,1,0.0019433582
Warm C,525461,3245,3244,3483,2111,0,0.002198315
Warm C,519449,3205,3204,3483,2111,0,0.0142088905
Warm C,511302,3154,3153,3483,2111,1,0.010604751
Warm C,506630,3118,3117,3483,2111,0,0.013505055
Warm C,504395,3101,3100,3483,2111,0,0.013561721
Warm C,502858,3087,3086,3483,2111,1,0.017411213
Warm C,478758,2938,2937,3483,2111,0,0.006168645
Warm C,457160,2817,2816,3483,2111,1,0.010374207
Warm C,444953,2744,2743,3483,2111,0,0.007911315
Warm C,444599,2743,2742,3483,2111,0,-0.0004240817
Warm C,372807,2177,2176,3483,2111,0,0.01684155
Warm C,365185,2125,2124,3483,2111,1,0.01587743
Warm C,345785,2029,2028,3483,2111,0,0.0064872904
Warm C,331109,1956,1955,3483,2111,0,0.008463756
Warm C,237155,1442,1441,3483,2111,0,0.0058882246
Warm C,224850,1359,1358,3483,2111,0,0.0052625765
Warm C,284040,1698,1697,3483,2111,1,0.008927172
Warm C,222732,1348,1347,3483,2111,1,-0.0005261992
Warm C,188740,1171,1170,3483,2111,1,-0.00440469
Warm C,201122,1241,1240,3483,2111,1,0.012457316
Warm C,326543,1935,1934,3483,2111,0,0.0011893054
Warm C,175437,1112,1111,3483,2111,0,0.011274872
Warm C,165756,1057,1056,3483,2111,0,0.0122817
Warm C,162241,1034,1033,3483,2111,1,0.006910785
Warm C,150516,970,969,3483,2111,1,0.01545579
Warm C,148706,957,956,3483,2111,0,0.00838602
Warm C,146081,939,938,3483,2111,0,0.0009396174
Warm C,143510,926,925,3483,2111,1,0.00531817
Warm C,379895,2222,2221,3483,2111,0,0.010189621
Warm C,973748,5874,5873,3483,2111,0,0.0107967835
Warm C,134161,869,868,3483,2111,1,0.0076361904
Warm C,228761,1386,1385,3483,2111,0,0.0068615344
Warm C,121072,780,779,3483,2111,0,0.014832677
Warm C,179521,1125,1124,3483,2111,0,0.0078019057
Warm C,93764,629,628,3483,2111,1,0.0031923163
Warm C,85134,555,554,3483,2111,0,0.0021271938
Warm C,84037,550,549,3483,2111,1,0.015853014
Warm C,72755,490,489,3483,2111,0,-0.0020487125
Warm C,102126,678,677,3483,2111,0,0.017281193
Warm C,23771,169,168,3483,2111,1,0.0036380454
Warm C,362910,2116,2115,3483,2111,0,0.008873319
Warm C,314351,1877,1876,3483,2111,0,-0.0022479342
Warm C,15050,119,118,3483,2111,0,0.0053101694
Warm C,10872,79,78,3483,2111,0,0.012818374
Warm C,10531,75,74,3483,2111,1,0.005552176
Warm C,7242,50,49,3483,2111,0,0.0041278116
Warm C,6912,48,47,3483,2111,0,0.009664513
Warm C,540511,3326,3325,3483,2111,1,0.0045572408
Warm C,142166,918,917,3483,2111,0,0.004904339
Warm C,353446,2071,2070,3483,2111,0,-0.0010421167
Warm C,171485,1088,1087,3483,2111,0,-0.0022964939
Warm C,285243,1701,1700,3483,2111,0,0.012194781
Warm C,239913,1449,1448,3483,2111,0,0.014437885
Warm C,194011,1195,1194,3483,2111,0,0.008916281
Warm C,143644,927,926,3483,2111,0,0.012833066
Warm C,584981,3571,3570,3483,2111,1,-0.0012250039
Warm C,18760,146,145,3483,2111,1,0.0068836645
Warm C,176843,1117,1116,3483,2111,1,0.011948796
Warm C,341138,2011,2010,3483,2111,1,0.0074709025
Warm C,119141,770,769,3483,2111,0,0.007408238
Warm C,846597,5087,5086,3483,2111,0,0.006505079
Warm C,512096,3159,3158,3483,2111,0,0.011820946
Warm C,223458,1354,1353,3483,2111,1,0.008500663
Warm C,339142,1998,1997,3483,2111,1,0.007763248
Warm C,183520,1142,1141,3483,2111,0,0.008549652
Warm C,386031,2258,2257,3483,2111,0,0.007016226
Warm C,934721,5643,5642,3483,2111,1,0.014384793
Warm C,109758,716,715,3483,2111,1,0.010419864
Warm C,521728,3219,3218,3483,2111,0,0.009438748
Warm C,365708,2129,2128,3483,2111,0,0.00048104394
Warm C,707781,4241,4240,3483,2111,1,0.007623645
Warm C,882084,5329,5328,3483,2111,1,0.01159668
Warm C,30570,204,203,3483,2111,1,0.013233164
Warm C,744805,4448,4447,3483,2111,1,0.019006042
Warm C,234005,1422,1421,3483,2111,0,0.011211389
Warm C,12066,92,91,3483,2111,1,0.0057554864
Warm C,567381,3483,3482,3483,2111,1,0.023837304
Warm C,712914,4277,4276,3483,2111,0,0.015901763
Warm C,195353,1203,1202,3483,2111,0,0.004001489
Warm C,28860,198,197,3483,2111,0,0.014207525
Warm C,917246,5543,5542,3483,2111,1,0.010285229
Warm C,360658,2106,2105,3483,2111,0,0.008218257
Warm C,465122,2868,2867,3483,2111,0,0.004674026
Warm C,429096,2611,2610,3483,2111,1,0.011028187
Warm C,511818,3158,3157,3483,2111,0,0.011806702
Warm C,79291,531,530,3483,2111,0,0.0088966
Warm C,110723,721,720,3483,2111,0,0.006224865
Warm C,829938,4983,4982,3483,2111,1,0.013339026
Warm C,768672,4579,4578,3483,2111,0,0.002319993
Warm C,484300,2980,2979,3483,2111,0,0.007945765
Warm C,351652,2063,2062,3483,2111,0,0.012964947
Warm C,730546,4371,4370,3483,2111,0,0.012034683
Warm C,418581,2529,2528,3483,2111,0,0.014391791
Warm C,187038,1160,1159,3483,2111,0,0.0010429006
Warm C,682336,4085,4084,3483,2111,1,0.007676501
Warm C,206300,1265,1264,3483,2111,0,-0.0014920202
Warm C,136445,881,880,3483,2111,0,0.014151657
Warm C,427330,2594,2593,3483,2111,1,0.007306984
Warm C,561536,3454,3453,3483,2111,0,0.0021793453
Warm C,376350,2195,2194,3483,2111,0,0.0030610776
Warm C,926124,5598,5597,3483,2111,0,0.0037409796
Warm C,327907,1941,1940,3483,2111,0,0.018501963
Warm C,537841,3312,3311,3483,2111,0,0.009421852
Warm C,295603,1755,1754,3483,2111,0,0.0040875147
Warm C,895392,5412,5411,3483,2111,1,-0.0044634044
Warm C,381972,2232,2231,3483,2111,1,0.004942271
Warm C,434274,2648,2647,3483,2111,0,0.0029111148
Warm C,113107,734,733,3487,2113,1,0.009508431
Warm C,95389,639,638,3487,2113,1,0.018072374
Warm C,68646,461,460,3487,2113,0,0.015583977
Warm C,56900,384,383,3487,2113,0,0.00018862821
Warm C,696107,4169,4168,3487,2113,0,0.029020779
Warm C,36583,245,244,3487,2113,1,0.018219989
Warm C,552238,3401,3400,3487,2113,1,0.012800646
Warm C,141454,911,910,3487,2113,1,0.024118673
Warm C,82992,549,548,3491,2115,1,0.018467559
Warm C,36609,245,244,3491,2115,0,0.010288159
Warm C,238795,1448,1447,3491,2115,1,0.008777276
Warm C,14587,117,116,3491,2115,1,0.01553569
Warm C,102139,678,677,3491,2115,1,0.013841346
Warm C,933411,5636,5635,3491,2115,0,0.0062384014
Warm C,231624,1404,1403,3497,2117,0,0.010392396
Warm C,269860,1635,1634,3497,2117,0,0.016744412
Warm C,335756,1980,1979,3497,2117,0,0.017688721
Warm C,217975,1322,1321,3497,2117,0,0.008269409
Warm C,220826,1339,1338,3497,2117,0,0.011737913
Warm C,360685,2106,2105,3497,2117,0,0.0053717336
Warm C,205098,1262,1261,3497,2117,0,0.005661254
Warm C,307988,1836,1835,3497,2117,1,0.009573652
Warm C,243861,1470,1469,3497,2117,0,0.014999824
Warm C,279018,1680,1679,3497,2117,1,0.009620199
Warm C,308539,1837,1836,3497,2117,1,0.014188278
Warm C,327940,1941,1940,3497,2117,0,0.012935987
Warm C,185144,1150,1149,3497,2117,0,0.02188513
Warm C,141164,910,909,3497,2117,1,0.012121859
Warm C,124832,802,801,3497,2117,1,0.018690303
Warm C,141459,911,910,3497,2117,1,0.023908624
Warm C,190757,1181,1180,3497,2117,0,0.009657798
Warm C,82997,549,548,3497,2117,1,0.022482399
Warm C,68654,461,460,3497,2117,0,0.013519466
Warm C,239935,1449,1448,3497,2117,0,0.022283236
Warm C,43670,300,299,3497,2117,1,0.01746708
Warm C,626688,3792,3791,3497,2117,0,0.01169458
Warm C,23797,169,168,3497,2117,1,0.017249737
Warm C,21631,157,156,3497,2117,0,0.019947922
Warm C,238800,1448,1447,3497,2117,0,0.018563366
Warm C,144107,929,928,3497,2117,0,0.0157868
Warm C,15703,123,122,3497,2117,1,0.016349712
Warm C,102143,678,677,3497,2117,0,0.013390794
Warm C,680598,4079,4078,3497,2117,0,0.0085845
Warm C,963983,5812,5811,3497,2117,0,0.011151594
Warm C,144860,934,933,3497,2117,0,0.014568809
Warm C,206312,1265,1264,3497,2117,0,0.009778421
Warm C,293695,1748,1747,3497,2117,0,0.0023513227
Warm C,699634,4186,4185,3497,2117,0,0.012454394
Warm C,300292,1780,1779,3497,2117,0,0.010998493
Warm C,857817,5156,5155,3497,2117,1,0.010744838
Warm C,620498,3759,3758,3500,2120,0,0.004129818
Warm C,670372,4028,4027,3500,2120,0,0.0017550967
Warm C,614865,3724,3723,3500,2120,0,0.0006542355
Warm C,611260,3705,3704,3500,2120,0,0.013697915
Warm C,604390,3675,3674,3500,2120,0,0.012842566
Warm C,637037,3836,3835,3500,2120,0,0.0070505943
Warm C,725450,4344,4343,3500,2120,0,0.0039915796
Warm C,596744,3626,3625,3500,2120,1,0.012399795
Warm C,588561,3590,3589,3500,2120,1,0.013073797
Warm C,580596,3546,3545,3500,2120,0,0.0060748383
Warm C,644239,3882,3881,3500,2120,1,-0.003943285
Warm C,594101,3618,3617,3500,2120,0,0.018173125
Warm C,560379,3444,3443,3500,2120,0,-0.0017543884
Warm C,557804,3425,3424,3500,2120,0,0.009889845
Warm C,556964,3422,3421,3500,2120,0,0.008191563
Warm C,577361,3526,3525,3500,2120,0,-0.0050125704
Warm C,545778,3365,3364,3500,2120,0,0.015737414
Warm C,536149,3308,3307,3500,2120,0,0.010331228
Warm C,533485,3292,3291,3500,2120,0,0.004210904
Warm C,531171,3280,3279,3500,2120,0,-0.0024628562
Warm C,525674,3246,3245,3500,2120,0,-0.0030318892
Warm C,539998,3320,3319,3500,2120,0,0.018561892
Warm C,502218,3082,3081,3500,2120,0,0.007191519
Warm C,550377,3391,3390,3500,2120,1,0.0116440505
Warm C,493495,3031,3030,3500,2120,0,0.009100108
Warm C,600179,3650,3649,3500,2120,0,0.0128906
Warm C,485190,2986,2985,3500,2120,0,0.0012177229
Warm C,870182,5256,5255,3500,2120,0,-0.0007106145
Warm C,455898,2807,2806,3500,2120,0,0.008514367
Warm C,451623,2780,2779,3500,2120,0,-0.0008719689
Warm C,451053,2777,2776,3500,2120,0,0.011231042
Warm C,446933,2753,2752,3500,2120,0,0.0056803552
Warm C,443907,2737,2736,3500,2120,0,0.0129894605
Warm C,442454,2724,2723,3500,2120,0,0.012350822
Warm C,406739,2443,2442,3500,2120,0,0.001382199
Warm C,464260,2860,2859,3500,2120,0,0.0068378425
Warm C,404646,2419,2418,3500,2120,0,0.01352473
Warm C,399181,2376,2375,3500,2120,0,0.008209772
Warm C,398299,2368,2367,3500,2120,0,0.004771419
Warm C,395942,2340,2339,3500,2120,0,0.00020317652
Warm C,392381,2304,2303,3500,2120,1,0.009873694
Warm C,436589,2665,2664,3500,2120,0,0.00832907
Warm C,370011,2164,2163,3500,2120,0,0.013329569
Warm C,349941,2054,2053,3500,2120,0,0.012071039
Warm C,345646,2027,2026,3500,2120,1,0.009078178
Warm C,345158,2024,2023,3500,2120,0,-0.0003447372
Warm C,343710,2018,2017,3500,2120,0,0.012080679
Warm C,345860,2029,2028,3500,2120,0,0.0031159306
Warm C,275192,1666,1665,3500,2120,0,0.0064099277
Warm C,282713,1694,1693,3500,2120,0,0.008353659
Warm C,265931,1613,1612,3500,2120,0,0.004339327
Warm C,336153,1980,1979,3500,2120,0,0.021254374
Warm C,213011,1297,1296,3500,2120,0,0.0037703074
Warm C,279632,1680,1679,3500,2120,0,0.011482405
Warm C,213589,1298,1297,3500,2120,0,-0.0035814885
Warm C,192424,1184,1183,3500,2120,0,0.0038889772
Warm C,199564,1224,1223,3500,2120,1,0.0015788716
Warm C,178265,1120,1119,3500,2120,1,0.016193025
Warm C,168582,1069,1068,3500,2120,0,-0.002792928
Warm C,163951,1050,1049,3500,2120,0,0.011390197
Warm C,366237,2131,2130,3500,2120,0,0.009282434
Warm C,157072,1010,1009,3500,2120,0,0.014427535
Warm C,136765,881,880,3500,2120,0,0.009785803
Warm C,132018,854,853,3500,2120,0,0.012885224
Warm C,248931,1501,1500,3500,2120,0,0.010433736
Warm C,352119,2063,2062,3500,2120,0,-0.0005356511
Warm C,160252,1019,1018,3500,2120,0,0.007867615
Warm C,121571,781,780,3500,2120,0,0.013450408
Warm C,111903,728,727,3500,2120,1,-0.010625752
Warm C,112603,731,730,3500,2120,1,0.0013918513
Warm C,106212,699,698,3500,2120,0,-0.010826801
Warm C,100249,669,668,3500,2120,0,-0.0016678213
Warm C,127343,822,821,3500,2120,0,0.011936426
Warm C,88890,587,586,3500,2120,0,0.0010566313
Warm C,86749,566,565,3500,2120,1,0.0055499277
Warm C,191211,1181,1180,3500,2120,0,0.0007471978
Warm C,83353,549,548,3500,2120,0,0.013038182
Warm C,234254,1422,1421,3500,2120,0,-0.0011848381
Warm C,239147,1448,1447,3500,2120,0,0.008693985
Warm C,406161,2436,2435,3500,2120,1,0.005418457
Warm C,84364,550,549,3500,2120,0,0.010240888
Warm C,72209,482,481,3500,2120,0,0.00551813
Warm C,71581,481,480,3500,2120,0,-0.002741301
Warm C,626944,3792,3791,3500,2120,0,0.011634082
Warm C,54995,362,361,3500,2120,1,0.0121254595
Warm C,228416,1383,1382,3500,2120,0,0.00861102
Warm C,53721,352,351,3500,2120,1,0.007964192
Warm C,288636,1724,1723,3500,2120,1,0.0055989106
Warm C,46969,315,314,3500,2120,0,0.006023107
Warm C,44991,303,302,3500,2120,0,0.007519432
Warm C,61279,412,411,3500,2120,1,0.0067853434
Warm C,696538,4169,4168,3500,2120,0,0.0125412615
Warm C,31364,212,211,3500,2120,1,0.0022590973
Warm C,29814,202,201,3500,2120,0,0.0024474133
Warm C,29185,199,198,3500,2120,1,0.0026657947
Warm C,26411,187,186,3500,2120,1,0.0007310279
Warm C,537340,3311,3310,3500,2120,0,0.0054436987
Warm C,21152,155,154,3500,2120,1,0.0026291858
Warm C,133663,864,863,3500,2120,0,-0.0028243177
Warm C,7698,53,52,3500,2120,0,-0.0022705584
Warm C,30494,204,203,3500,2120,0,-0.0005662311
Warm C,3385,26,25,3500,2120,0,0.0039560115
Warm C,818,10,9,3500,2120,1,0.0041039027
Warm C,568,8,7,3500,2120,0,0.0064144596
Warm C,223677,1354,1353,3500,2120,0,-0.00025338423
Warm C,207015,1266,1265,3500,2120,0,0.008614377
Warm C,158446,1015,1014,3500,2120,0,0.0140478
Warm C,285670,1702,1701,3500,2120,1,-0.0016691769
Warm C,879085,5312,5311,3500,2120,1,0.014268893
Warm C,476428,2926,2925,3500,2120,0,0.009698248
Warm C,215629,1306,1305,3500,2120,1,0.010511201
Warm C,63171,424,423,3500,2120,1,0.011285008
Warm C,355055,2077,2076,3500,2120,0,-0.0036428706
Warm C,713228,4277,4276,3500,2120,0,0.016438382
Warm C,519247,3203,3202,3500,2120,1,0.007839913
Warm C,141606,911,910,3500,2120,0,0.006726727
Warm C,860132,5172,5171,3500,2120,0,0.006091579
Warm C,132582,855,854,3502,2122,0,0.0051862486
Warm C,47453,319,318,3502,2122,1,0.00685658
Warm C,360967,2106,2105,3502,2122,0,0.014806312
Warm C,39359,267,266,3502,2122,1,0.008930758
Warm C,39546,268,267,3502,2122,1,0.0033239247
Warm C,55602,368,367,3502,2122,1,0.006671833
Warm C,30244,203,202,3502,2122,0,0.0050324667
Warm C,19387,148,147,3502,2122,0,0.002146517
Warm C,30495,204,203,3502,2122,1,0.008793904
Warm C,3389,26,25,3502,2122,1,0.007237709
Warm C,696540,4169,4168,3502,2122,1,0.015961474
Warm C,207016,1266,1265,3502,2122,1,0.015219383
Warm C,355056,2077,2076,3502,2122,1,0.0091649275
Warm C,893030,5394,5393,3502,2122,1,0.00891929
Warm C,182116,1137,1136,3502,2122,0,0.010754806
Warm C,187733,1164,1163,3502,2122,0,0.008052956
Warm C,489710,3013,3012,3502,2122,0,0.003222817
Warm C,145018,934,933,3502,2122,0,0.0043485817
Warm C,79579,531,530,3502,2122,0,0.01428281
Warm C,599377,3648,3647,3502,2122,1,0.0019256552
Warm C,907680,5492,5491,3502,2122,1,0.0074437587
Warm C,28130,195,194,3502,2122,1,0.009336822
Warm C,229697,1390,1389,3502,2122,1,0.0061821565
Warm C,231175,1399,1398,3502,2122,0,0.0022364752
Warm C,699736,4186,4185,3502,2122,0,0.014520704
Warm C,941465,5682,5681,3502,2122,1,0.00448295
Warm C,193792,1194,1193,3502,2122,0,0.008463662
Warm C,550379,3391,3390,3502,2122,1,0.010968086
Warm C,535426,3304,3303,3503,2123,0,0.0084980205
Warm C,534754,3300,3299,3503,2123,0,0.0017489864
Warm C,534431,3299,3298,3503,2123,0,0.001023178
Warm C,533487,3292,3291,3503,2123,0,0.0076244073
Warm C,567039,3481,3480,3503,2123,1,0.004863543
Warm C,513731,3169,3168,3503,2123,0,0.0052012578
Warm C,877027,5300,5299,3503,2123,0,0.009813662
Warm C,509264,3135,3134,3503,2123,1,-0.000984646
Warm C,505657,3110,3109,3503,2123,0,-0.0015264284
Warm C,582209,3557,3556,3503,2123,1,-0.0052154493
Warm C,495910,3045,3044,3503,2123,1,0.0076196603
Warm C,626946,3792,3791,3503,2123,0,0.0075578894
Warm C,479318,2941,2940,3503,2123,0,0.0023140155
Warm C,476843,2928,2927,3503,2123,1,0.0045454325
Warm C,696541,4169,4168,3503,2123,1,0.004572586
Warm C,475975,2921,2920,3503,2123,0,0.0037317215
Warm C,460789,2841,2840,3503,2123,0,0.006672397
Warm C,459415,2829,2828,3503,2123,1,-0.00037858263
Warm C,458119,2820,2819,3503,2123,0,0.0028025345
Warm C,456101,2808,2807,3503,2123,1,0.006516208
Warm C,449967,2774,2773,3503,2123,0,-0.0064017335
Warm C,571163,3503,3502,3503,2123,1,-0.0029629627
Warm C,411101,2466,2465,3503,2123,0,-0.0021441472
Warm C,390101,2288,2287,3503,2123,1,0.0046940115
Warm C,366397,2132,2131,3503,2123,0,0.0023104192
Warm C,365384,2126,2125,3503,2123,0,0.0015630842
Warm C,346299,2030,2029,3503,2123,1,0.007653884
Warm C,305654,1819,1818,3503,2123,1,-0.00012761378
Warm C,297087,1761,1760,3503,2123,1,0.0011188686
Warm C,299348,1777,1776,3503,2123,1,0.009555951
Warm C,293249,1746,1745,3503,2123,1,0.010731505
Warm C,292451,1741,1740,3503,2123,1,0.006164087
Warm C,279635,1680,1679,3503,2123,0,0.0038216165
Warm C,274469,1658,1657,3503,2123,0,0.0016092192
Warm C,269161,1632,1631,3503,2123,0,0.00023500272
Warm C,253939,1544,1543,3503,2123,0,-0.00032736483
Warm C,294405,1749,1748,3503,2123,1,0.006913482
Warm C,233461,1420,1419,3503,2123,0,0.005878197
Warm C,226190,1369,1368,3503,2123,0,0.00053113245
Warm C,219964,1333,1332,3503,2123,1,0.004945235
Warm C,207362,1267,1266,3503,2123,0,-0.002852941
Warm C,190059,1179,1178,3503,2123,0,0.001479995
Warm C,184430,1147,1146,3503,2123,1,-0.008775612
Warm C,181640,1135,1134,3503,2123,0,0.007125945
Warm C,178870,1122,1121,3503,2123,0,0.0020236245
Warm C,244107,1470,1469,3503,2123,0,-0.000504436
Warm C,308790,1837,1836,3503,2123,0,0.0040796753
Warm C,167535,1067,1066,3503,2123,1,0.0048691407
Warm C,152025,977,976,3503,2123,1,0.0020507448
Warm C,246409,1489,1488,3503,2123,0,0.009399001
Warm C,221496,1340,1339,3503,2123,0,-0.00071865297
Warm C,147959,953,952,3503,2123,1,-0.003064781
Warm C,197397,1211,1210,3503,2123,1,0.008327129
Warm C,128346,830,829,3503,2123,1,-0.00058798306
Warm C,315430,1880,1879,3503,2123,1,0.0069830595
Warm C,240320,1449,1448,3503,2123,1,-0.0035680253
Warm C,316938,1884,1883,3503,2123,0,0.00198059
Warm C,90976,602,601,3503,2123,0,0.002357285
Warm C,86203,563,562,3503,2123,0,0.0024854066
Warm C,34120,230,229,3503,2123,1,0.00026535406
Warm C,30827,205,204,3503,2123,1,0.013573209
Warm C,1739,17,16,3503,2123,1,0.0049573854
Warm C,2859,23,22,3503,2123,0,8.822419e-05
Warm C,862712,5193,5192,3503,2123,1,0.0019246943
Warm C,174262,1101,1100,3503,2123,0,0.004064161
Warm C,129571,839,838,3503,2123,0,0.00802094
Warm C,203212,1246,1245,3503,2123,0,-0.0021402643
Warm C,28131,195,194,3503,2123,1,0.0021366305
Warm C,991791,5991,5990,3503,2123,0,0.010271998
Warm C,166089,1058,1057,3503,2123,0,0.0029874947
Warm C,223098,1352,1351,3503,2123,1,-0.002859006
Warm C,322547,1912,1911,3503,2123,0,0.00430682
Warm C,810333,4861,4860,3503,2123,0,-0.0015718744
Warm C,375922,2190,2189,3503,2123,1,0.00093716674
Warm C,290389,1733,1732,3503,2123,1,0.00402869
Warm C,195616,1203,1202,3503,2123,1,0.0039525433
Warm C,141609,911,910,3503,2123,1,0.0077667935
Warm C,769446,4582,4581,3503,2123,1,0.0016532792
Warm C,254893,1551,1550,3503,2123,1,0.0056655505
Warm C,63173,424,423,3503,2123,1,0.0037289255
Warm C,208877,1274,1273,3503,2123,1,-0.001187808
Warm C,770351,4591,4590,3503,2123,1,0.0022744702
Warm C,158448,1015,1014,3503,2123,0,0.0021676444
Warm C,630592,3815,3814,3506,2126,1,0.0071841422
Warm C,629691,3808,3807,3506,2126,0,0.0018112808
Warm C,638396,3841,3840,3506,2126,1,0.007380124
Warm C,624982,3778,3777,3506,2126,0,0.014795694
Warm C,619589,3754,3753,3506,2126,1,0.00856879
Warm C,611262,3705,3704,3506,2126,1,0.006220988
Warm C,608019,3689,3688,3506,2126,1,0.006955499
Warm C,604395,3675,3674,3506,2126,1,-0.00043463008
Warm C,632066,3822,3821,3506,2126,0,0.0010222371
Warm C,598325,3641,3640,3506,2126,1,0.0006671458
Warm C,590211,3600,3599,3506,2126,0,0.013718557
Warm C,607182,3685,3684,3506,2126,0,-0.0074966117
Warm C,594109,3618,3617,3506,2126,0,-0.0012067729
Warm C,556965,3422,3421,3506,2126,0,0.0078862505
Warm C,540244,3321,3320,3506,2126,1,-0.00248693
Warm C,539595,3319,3318,3506,2126,0,0.004531636
Warm C,540404,3323,3322,3506,2126,0,-0.0040605143
Warm C,533490,3292,3291,3506,2126,0,0.0017055641
Warm C,521172,3216,3215,3506,2126,0,0.0023066225
Warm C,558615,3430,3429,3506,2126,1,0.010014731
Warm C,508738,3129,3128,3506,2126,0,0.011580234
Warm C,534756,3300,3299,3506,2126,1,-0.003477894
Warm C,930125,5620,5619,3506,2126,1,0.007956788
Warm C,494355,3032,3031,3506,2126,1,0.0034837238
Warm C,489713,3013,3012,3506,2126,0,0.0046594935
Warm C,486360,2994,2993,3506,2126,0,0.0049061063
Warm C,600184,3650,3649,3506,2126,1,-0.0069514443
Warm C,529880,3272,3271,3506,2126,0,0.012616348
Warm C,696545,4169,4168,3506,2126,1,0.008325043
Warm C,474769,2913,2912,3506,2126,0,9.0411864e-05
Warm C,463470,2857,2856,3506,2126,0,0.018904014
Warm C,464974,2866,2865,3506,2126,1,-0.00227011
Warm C,452304,2785,2784,3506,2126,0,0.0023398101
Warm C,439643,2685,2684,3506,2126,0,-0.0020823944
Warm C,436593,2665,2664,3506,2126,1,-0.0019885097
Warm C,435906,2664,2663,3506,2126,1,0.013007667
Warm C,416776,2507,2506,3506,2126,1,0.01196239
Warm C,412925,2484,2483,3506,2126,0,0.012056451
Warm C,404652,2419,2418,3506,2126,0,-0.003255634
Warm C,395943,2340,2339,3506,2126,1,0.007490202
Warm C,389050,2279,2278,3506,2126,1,-0.0022521676
Warm C,403730,2411,2410,3506,2126,1,-0.011730755
Warm C,381719,2231,2230,3506,2126,1,0.004181118
Warm C,377354,2203,2202,3506,2126,1,0.010654723
Warm C,372099,2173,2172,3506,2126,0,-0.005444561
Warm C,370014,2164,2163,3506,2126,1,0.006430511
Warm C,362192,2110,2109,3506,2126,0,0.0008700137
Warm C,364888,2124,2123,3506,2126,1,0.010043168
Warm C,359491,2102,2101,3506,2126,1,-0.0004752616
Warm C,352719,2064,2063,3506,2126,0,-0.0045294347
Warm C,336159,1980,1979,3506,2126,0,0.005918873
Warm C,312416,1861,1860,3506,2126,1,0.0020271922
Warm C,298359,1768,1767,3506,2126,0,-0.0049416544
Warm C,281357,1687,1686,3506,2126,1,-0.005748967
Warm C,271645,1642,1641,3506,2126,1,0.008690136
Warm C,269163,1632,1631,3506,2126,0,0.012771845
Warm C,323939,1920,1919,3506,2126,0,-0.008468872
Warm C,260159,1591,1590,3506,2126,0,0.009723624
Warm C,231718,1404,1403,3506,2126,0,0.008511722
Warm C,242915,1465,1464,3506,2126,0,0.0057229865
Warm C,283262,1696,1695,3506,2126,1,-0.0017437967
Warm C,357596,2092,2091,3506,2126,0,0.01260473
Warm C,218069,1322,1321,3506,2126,1,0.006311902
Warm C,219967,1333,1332,3506,2126,1,0.00022538402
Warm C,208366,1273,1272,3506,2126,0,0.009690028
Warm C,279640,1680,1679,3506,2126,1,0.010967079
Warm C,197041,1209,1208,3506,2126,0,0.0039176866
Warm C,188646,1170,1169,3506,2126,1,0.0024235682
Warm C,328450,1941,1940,3506,2126,0,0.012711432
Warm C,162330,1034,1033,3506,2126,1,-0.004085377
Warm C,337139,1983,1982,3506,2126,1,0.007048335
Warm C,153192,984,983,3506,2126,1,0.0045044012
Warm C,138582,889,888,3506,2126,0,-0.0017858669
Warm C,127783,824,823,3506,2126,0,0.00040436676
Warm C,315433,1880,1879,3506,2126,0,0.002263587
Warm C,115481,749,748,3506,2126,0,0.014356978
Warm C,240324,1449,1448,3506,2126,0,0.011936734
Warm C,106858,702,701,3506,2126,0,0.0135877775
Warm C,140744,904,903,3506,2126,0,0.0073384605
Warm C,97125,651,650,3506,2126,1,-0.0055187833
Warm C,234255,1422,1421,3506,2126,0,0.013479708
Warm C,72215,482,481,3506,2126,0,0.014563151
Warm C,211169,1285,1284,3506,2126,1,0.0076102894
Warm C,63177,424,423,3506,2126,1,0.010220325
Warm C,58039,392,391,3506,2126,1,0.0014484613
Warm C,61284,412,411,3506,2126,1,0.011336081
Warm C,145428,935,934,3506,2126,1,-0.002819019
Warm C,38901,264,263,3506,2126,0,-0.003163909
Warm C,36452,245,244,3506,2126,0,0.0038804081
Warm C,98977,660,659,3506,2126,0,0.011100931
Warm C,32044,216,215,3506,2126,1,0.008693382
Warm C,29189,199,198,3506,2126,0,-0.00037910888
Warm C,25614,181,180,3506,2126,1,0.012356149
Warm C,947598,5722,5721,3506,2126,1,0.0044233818
Warm C,239153,1448,1447,3506,2126,1,0.00202858
Warm C,3394,26,25,3506,2126,1,0.0032201265
Warm C,60701,411,410,3506,2126,0,0.0036588397
Warm C,202113,1243,1242,3506,2126,0,0.017517209
Warm C,31036,208,207,3506,2126,1,0.0024018
Warm C,828777,4979,4978,3506,2126,1,-0.00094636064
Warm C,964143,5812,5811,3506,2126,0,0.007638214
Warm C,261234,1597,1596,3506,2126,0,0.014007716
Warm C,111712,727,726,3506,2126,1,-0.0038522123
Warm C,102454,678,677,3506,2126,0,0.005154866
Warm C,319471,1897,1896,3506,2126,1,0.003433631
Warm C,993896,6002,6001,3506,2126,1,0.00023413659
Warm C,722749,4328,4327,3506,2126,1,0.008151916
Warm C,124085,799,798,3509,2129,1,0.0036808713
Warm C,330776,1952,1951,3509,2129,1,0.009144714
Warm C,89617,590,589,3509,2129,0,0.004797261
Warm C,939979,5675,5674,3509,2129,0,0.011207888
Warm C,682014,4084,4083,3509,2129,1,0.001121052
Warm C,77720,524,523,3509,2129,0,0.011289271
Warm C,64318,429,428,3509,2129,1,0.01011342
Warm C,48832,327,326,3509,2129,0,0.0036434326
Warm C,33485,225,224,3509,2129,0,0.012023117
Warm C,31521,214,213,3509,2129,0,0.008390946
Warm C,23335,167,166,3509,2129,0,0.0015953105
Warm C,947599,5722,5721,3509,2129,0,0.015314691
Warm C,16976,133,132,3509,2129,1,0.00970827
Warm C,561939,3457,3456,3509,2129,0,0.0018376362
Warm C,7235,50,49,3509,2129,0,0.00518855
Warm C,7702,53,52,3509,2129,1,0.011777092
Warm C,713239,4277,4276,3509,2129,1,0.013354577
Warm C,210251,1284,1283,3509,2129,0,0.007663925
Warm C,24345,173,172,3509,2129,0,0.008986593
Warm C,15592,123,122,3509,2129,0,0.008855223
Warm C,174268,1101,1100,3509,2129,1,0.0064432025
Warm C,271027,1639,1638,3509,2129,1,0.006243353
Warm C,289704,1729,1728,3509,2129,0,0.00778086
Warm C,360973,2106,2105,3509,2129,1,0.01089142
Warm C,176109,1113,1112,3509,2129,0,0.009452812
Warm C,195621,1203,1202,3509,2129,1,0.01665274
Warm C,984063,5948,5947,3509,2129,1,0.005472905
Warm C,287803,1717,1716,3509,2129,0,0.01172415
Warm C,206423,1265,1264,3509,2129,1,0.008297402
Warm C,764074,4543,4542,3509,2129,0,0.019257184
Warm C,235129,1425,1424,3509,2129,0,0.003599657
Warm C,777883,4647,4646,3509,2129,0,0.017210945
Warm C,907683,5492,5491,3511,2131,0,0.014442323
Warm C,626962,3792,3791,3511,2131,0,0.00032727
Warm C,941469,5682,5681,3511,2131,0,0.0013482668
Warm C,83372,549,548,3511,2131,0,0.011551718
Warm C,342678,2015,2014,3511,2131,0,0.021751473
Warm C,235138,1425,1424,3511,2131,0,0.0074970033
Warm C,713245,4277,4276,3514,2134,1,0.009040518
Warm C,770356,4591,4590,3514,2134,0,0.02016747
Warm C,376582,2197,2196,3515,2135,0,0.0033227913
Warm C,713247,4277,4276,3515,2135,1,0.018934723
Warm C,366429,2133,2132,3515,2135,0,0.001937686
Warm C,366000,2130,2129,3515,2135,1,0.012778534
Warm C,346847,2033,2032,3515,2135,1,0.003787268
Warm C,334716,1974,1973,3515,2135,1,0.015462452
Warm C,334178,1970,1969,3515,2135,0,0.0020379168
Warm C,335015,1976,1975,3515,2135,1,0.0056223487
Warm C,329003,1942,1941,3515,2135,0,0.008586025
Warm C,324692,1923,1922,3515,2135,0,0.0068747234
Warm C,326457,1933,1932,3515,2135,1,0.014247056
Warm C,300982,1786,1785,3515,2135,1,0.009820775
Warm C,329748,1944,1943,3515,2135,1,0.01447315
Warm C,281076,1686,1685,3515,2135,0,0.004137291
Warm C,281366,1687,1686,3515,2135,1,0.008269228
Warm C,274654,1659,1658,3515,2135,0,0.005703564
Warm C,268589,1631,1630,3515,2135,1,0.0047186427
Warm C,267758,1627,1626,3515,2135,0,0.0071605677
Warm C,261434,1598,1597,3515,2135,0,0.0108533865
Warm C,252766,1531,1530,3515,2135,0,0.003325468
Warm C,242280,1462,1461,3515,2135,1,-0.0007143124
Warm C,240818,1450,1449,3515,2135,1,-0.005357391
Warm C,236459,1434,1433,3515,2135,0,0.018054008
Warm C,236565,1435,1434,3515,2135,0,0.015878007
Warm C,234550,1423,1422,3515,2135,0,0.0052867252
Warm C,225293,1362,1361,3515,2135,1,0.015236378
Warm C,217519,1319,1318,3515,2135,1,0.010388244
Warm C,212260,1292,1291,3515,2135,1,0.004982804
Warm C,244121,1470,1469,3515,2135,0,0.02441324
Warm C,205392,1263,1262,3515,2135,1,0.022336246
Warm C,294414,1749,1748,3515,2135,0,0.011784011
Warm C,207028,1266,1265,3515,2135,1,0.011879803
Warm C,326568,1935,1934,3515,2135,1,0.015411923
Warm C,188296,1168,1167,3515,2135,1,0.0025701807
Warm C,167536,1067,1066,3515,2135,1,0.012602928
Warm C,164734,1051,1050,3515,2135,1,0.030940956
Warm C,162337,1034,1033,3515,2135,0,-0.0011977109
Warm C,161137,1027,1026,3515,2135,0,0.008929215
Warm C,159371,1017,1016,3515,2135,0,0.011330744
Warm C,155468,1001,1000,3515,2135,1,0.009441562
Warm C,154065,992,991,3515,2135,1,0.0122861555
Warm C,150103,966,965,3515,2135,0,0.011646729
Warm C,146369,942,941,3515,2135,0,0.0012048678
Warm C,146017,938,937,3515,2135,0,0.0018556062
Warm C,145872,937,936,3515,2135,0,0.0012591749
Warm C,812306,4875,4874,3515,2135,0,0.008998573
Warm C,139850,896,895,3515,2135,1,0.0068826927
Warm C,138610,889,888,3515,2135,0,0.010398734
Warm C,137131,882,881,3515,2135,1,0.0072192242
Warm C,135991,878,877,3515,2135,1,0.005500311
Warm C,130096,841,840,3515,2135,0,0.014053994
Warm C,252199,1527,1526,3515,2135,0,0.008450208
Warm C,124088,799,798,3515,2135,0,0.0076098465
Warm C,114050,740,739,3515,2135,0,0.015180386
Warm C,113606,736,735,3515,2135,1,0.022290468
Warm C,778921,4653,4652,3515,2135,1,0.0055736545
Warm C,105229,696,695,3515,2135,1,0.018592628
Warm C,110172,718,717,3515,2135,0,0.02139964
Warm C,103480,687,686,3515,2135,0,0.0067845643
Warm C,100945,673,672,3515,2135,0,0.009646072
Warm C,316951,1884,1883,3515,2135,1,0.009377569
Warm C,222628,1347,1346,3515,2135,1,0.0122490665
Warm C,89620,590,589,3515,2135,1,0.004244796
Warm C,232586,1413,1412,3515,2135,0,0.010673115
Warm C,69877,471,470,3515,2135,0,0.0029919741
Warm C,69326,464,463,3515,2135,1,0.0074345595
Warm C,66621,445,444,3515,2135,0,0.0142745245
Warm C,57608,390,389,3515,2135,0,0.0094654355
Warm C,55058,363,362,3515,2135,1,0.011256146
Warm C,503981,3097,3096,3515,2135,1,0.0003106296
Warm C,583037,3561,3560,3515,2135,1,0.02072091
Warm C,43378,298,297,3515,2135,0,0.0113350805
Warm C,43235,296,295,3515,2135,0,0.0036752
Warm C,182138,1137,1136,3515,2135,1,0.007957239
Warm C,30512,204,203,3515,2135,0,0.020418901
Warm C,29846,202,201,3515,2135,1,0.01927387
Warm C,28569,196,195,3515,2135,1,0.0054907473
Warm C,365254,2125,2124,3515,2135,1,0.011534911
Warm C,23339,167,166,3515,2135,1,-0.001211188
Warm C,599390,3648,3647,3515,2135,0,0.013104146
Warm C,22533,163,162,3515,2135,0,0.01804052
Warm C,304127,1806,1805,3515,2135,0,0.0058504567
Warm C,17283,135,134,3515,2135,0,0.0044198567
Warm C,314407,1877,1876,3515,2135,1,-0.0044204504
Warm C,16115,127,126,3515,2135,1,0.013962415
Warm C,104701,693,692,3515,2135,1,0.0038368716
Warm C,133467,862,861,3515,2135,1,0.01564365
Warm C,631723,3821,3820,3515,2135,0,0.0074906494
Warm C,623941,3773,3772,3515,2135,0,0.015780326
Warm C,28157,195,194,3515,2135,1,0.023382684
Warm C,860476,5173,5172,3515,2135,0,0.003826648
Warm C,685102,4094,4093,3515,2135,1,0.006537125
Warm C,12838,99,98,3515,2135,0,0.012945553
Warm C,548590,3386,3385,3515,2135,0,0.00797534
Warm C,150711,970,969,3515,2135,0,0.012148535
Warm C,761183,4522,4521,3515,2135,0,0.0069533745
Warm C,204677,1260,1259,3515,2135,0,0.01012771
Warm C,522787,3224,3223,3515,2135,1,0.014250133
Warm C,531183,3280,3279,3515,2135,0,0.013314368
Warm C,344211,2020,2019,3515,2135,1,0.020924464
Warm C,989142,5972,5971,3515,2135,0,0.013300907
Warm C,635682,3832,3831,3515,2135,0,0.0073224343
Warm C,232015,1407,1406,3515,2135,1,0.011366162
Warm C,877638,5304,5303,3515,2135,0,0.015486806
Warm C,11995,92,91,3515,2135,0,0.023253046
Warm C,567633,3483,3482,3515,2135,0,0.017886356
Warm C,927637,5605,5604,3515,2135,0,0.01585295
Warm C,104467,692,691,3515,2135,1,0.013316115
Warm C,317853,1889,1888,3515,2135,0,0.019402504
Warm C,47484,319,318,3515,2135,0,0.015564079
Warm C,20771,151,150,3515,2135,1,0.014550387
Warm C,964149,5812,5811,3515,2135,0,0.008817954
Warm C,263540,1605,1604,3515,2135,1,0.016533159
Warm C,299159,1776,1775,3515,2135,0,0.010870282
Warm C,517943,3196,3195,3515,2135,1,0.0030112164
Warm C,499608,3067,3066,3515,2135,1,0.0171594
Warm C,784169,4682,4681,3515,2135,1,0.021554459
Warm C,116449,752,751,3515,2135,0,0.015795123
Warm C,310788,1851,1850,3515,2135,0,0.013352794
Warm C,187749,1164,1163,3515,2135,0,0.014633942
Warm C,312969,1865,1864,3515,2135,1,0.010735798
Warm C,485209,2986,2985,3515,2135,0,0.03289116
Warm C,319484,1897,1896,3515,2135,0,0.0108983535
Warm C,840785,5053,5052,3515,2135,1,0.01544897
Warm C,696556,4169,4168,3515,2135,1,0.024410404
Warm C,132840,856,855,3515,2135,0,0.0027796314
Warm C,67839,454,453,3515,2135,1,0.022095434
Warm C,364363,2122,2121,3515,2135,1,0.014247211
Warm C,339246,1998,1997,3515,2135,0,0.01972674
Warm C,401676,2395,2394,3515,2135,0,0.008645716
Warm C,480478,2947,2946,3515,2135,1,0.0016922001
Warm C,241360,1451,1450,3515,2135,1,0.01895342
Warm C,680732,4079,4078,3519,2137,1,0.0031012096
Warm C,681664,4083,4082,3519,2137,0,0.0042164214
Warm C,675554,4053,4052,3519,2137,1,0.007939928
Warm C,674814,4049,4048,3519,2137,0,0.001213799
Warm C,676145,4054,4053,3519,2137,0,0.00645276
Warm C,668637,4021,4020,3519,2137,0,-0.000186146
Warm C,667951,4018,4017,3519,2137,1,0.009450978
Warm C,664158,3999,3998,3519,2137,1,0.007855299
Warm C,663245,3997,3996,3519,2137,1,0.002533847
Warm C,655633,3949,3948,3519,2137,1,0.012104939
Warm C,761447,4523,4522,3519,2137,1,0.009767873
Warm C,642089,3860,3859,3519,2137,0,0.010244019
Warm C,629717,3808,3807,3519,2137,0,0.006827832
Warm C,638430,3841,3840,3519,2137,0,0.0131205665
Warm C,623098,3770,3769,3519,2137,0,0.004054979
Warm C,619596,3754,3753,3519,2137,1,0.01529234
Warm C,619046,3751,3750,3519,2137,0,0.007043922
Warm C,623491,3771,3770,3519,2137,0,-9.256427e-05
Warm C,745006,4448,4447,3519,2137,1,0.0123373745
Warm C,601268,3654,3653,3519,2137,0,0.006158611
Warm C,595317,3621,3620,3519,2137,0,0.007246848
Warm C,585791,3576,3575,3519,2137,0,0.00881364
Warm C,569770,3493,3492,3519,2137,0,0.01234914
Warm C,569388,3491,3490,3519,2137,1,0.009485008
Warm C,713253,4277,4276,3519,2137,0,0.006473316
Warm C,561305,3453,3452,3519,2137,0,0.010424218
Warm C,577385,3526,3525,3519,2137,1,0.007588267
Warm C,527884,3263,3262,3519,2137,1,0.0005156733
Warm C,525127,3242,3241,3519,2137,1,0.007914312
Warm C,521956,3222,3221,3519,2137,1,0.007002909
Warm C,518852,3201,3200,3519,2137,0,0.006382525
Warm C,491654,3024,3023,3519,2137,0,0.0040108925
Warm C,486702,2995,2994,3519,2137,1,0.0060614357
Warm C,486371,2994,2993,3519,2137,1,0.0055093262
Warm C,600199,3650,3649,3519,2137,0,0.007001613
Warm C,480242,2946,2945,3519,2137,0,0.020220399
Warm C,479322,2941,2940,3519,2137,0,0.0044869077
Warm C,696564,4169,4168,3519,2137,0,0.0103820255
Warm C,473936,2909,2908,3519,2137,1,0.008165786
Warm C,601686,3658,3657,3519,2137,0,-0.002957606
Warm C,463488,2857,2856,3519,2137,1,-0.00458463
Warm C,453921,2793,2792,3519,2137,1,0.015018466
Warm C,448068,2761,2760,3519,2137,0,0.0045540226
Warm C,439652,2685,2684,3519,2137,0,0.007308755
Warm C,434674,2651,2650,3519,2137,0,0.010392675
Warm C,452557,2786,2785,3519,2137,1,0.0044456734
Warm C,433730,2643,2642,3519,2137,0,0.0045283255
Warm C,430765,2625,2624,3519,2137,1,0.0009146807
Warm C,430559,2624,2623,3519,2137,1,0.004836389
Warm C,645404,3885,3884,3519,2137,1,0.004329543
Warm C,423823,2567,2566,3519,2137,1,0.006410512
Warm C,427029,2592,2591,3519,2137,0,0.010496063
Warm C,425757,2583,2582,3519,2137,1,-0.0021672775
Warm C,412948,2484,2483,3519,2137,0,0.0122673325
Warm C,407026,2445,2444,3519,2137,1,0.010762475
Warm C,405255,2426,2425,3519,2137,0,-0.0023606904
Warm C,403864,2412,2411,3519,2137,0,0.0034471315
Warm C,401828,2397,2396,3519,2137,0,0.015531661
Warm C,395953,2340,2339,3519,2137,1,0.0048412923
Warm C,392409,2304,2303,3519,2137,1,0.0140385255
Warm C,389057,2279,2278,3519,2137,0,0.004044705
Warm C,388194,2271,2270,3519,2137,0,0.005830979
Warm C,387595,2265,2264,3519,2137,0,0.0031245863
Warm C,378788,2211,2210,3519,2137,0,0.010637438
Warm C,376923,2201,2200,3519,2137,1,0.004202753
Warm C,363270,2116,2115,3519,2137,0,0.007694385
Warm C,350150,2055,2054,3519,2137,0,0.012259679
Warm C,436609,2665,2664,3519,2137,1,0.012043345
Warm C,357615,2092,2091,3519,2137,0,0.005572047
Warm C,305058,1812,1811,3519,2137,1,0.009282962
Warm C,289440,1727,1726,3519,2137,0,0.015979767
Warm C,292463,1741,1740,3519,2137,0,0.0016135282
Warm C,288985,1726,1725,3519,2137,0,0.009908544
Warm C,275667,1667,1666,3519,2137,0,0.008721067
Warm C,273861,1651,1650,3519,2137,1,0.0056581777
Warm C,293888,1748,1747,3519,2137,0,0.013329906
Warm C,271649,1642,1641,3519,2137,1,0.005952822
Warm C,269177,1632,1631,3519,2137,0,0.006977329
Warm C,345515,2026,2025,3519,2137,0,0.01714883
Warm C,242480,1464,1463,3519,2137,0,0.0010839928
Warm C,244737,1473,1472,3519,2137,0,0.013163162
Warm C,283268,1696,1695,3519,2137,1,0.004856046
Warm C,235643,1426,1425,3519,2137,0,0.01781088
Warm C,242933,1465,1464,3519,2137,1,0.009628106
Warm C,224748,1358,1357,3519,2137,1,0.00026507222
Warm C,219979,1333,1332,3519,2137,0,0.012674855
Warm C,216078,1311,1310,3519,2137,1,0.004347086
Warm C,197948,1216,1215,3519,2137,1,0.008507874
Warm C,267285,1624,1623,3519,2137,0,-0.001628563
Warm C,307605,1835,1834,3519,2137,0,0.0046607144
Warm C,179214,1124,1123,3519,2137,1,0.0069147283
Warm C,177651,1119,1118,3519,2137,0,0.0016687647
Warm C,328479,1941,1940,3519,2137,0,0.0043455786
Warm C,165302,1053,1052,3519,2137,0,0.0071313186
Warm C,163308,1044,1043,3519,2137,1,0.0107401945
Warm C,161754,1031,1030,3519,2137,1,0.0033628521
Warm C,160277,1019,1018,3519,2137,0,0.008098517
Warm C,147052,948,947,3519,2137,1,0.006417536
Warm C,138618,889,888,3519,2137,0,0.014374759
Warm C,315454,1880,1879,3519,2137,0,0.008901764
Warm C,147494,949,948,3519,2137,1,0.007732025
Warm C,125014,802,801,3519,2137,1,0.0048892396
Warm C,123514,796,795,3519,2137,0,0.0028746608
Warm C,109028,713,712,3519,2137,1,0.0011359199
Warm C,106871,702,701,3519,2137,0,-0.0028587226
Warm C,95018,637,636,3519,2137,1,0.0027110078
Warm C,316955,1884,1883,3519,2137,1,0.01903075
Warm C,96217,646,645,3519,2137,0,0.00584678
Warm C,81066,539,538,3519,2137,1,0.0066467626
Warm C,234271,1422,1421,3519,2137,0,0.006816524
Warm C,78135,526,525,3519,2137,1,0.011765661
Warm C,71152,477,476,3519,2137,1,0.008022444
Warm C,68824,461,460,3519,2137,0,0.0012286862
Warm C,64853,435,434,3519,2137,1,0.0020803479
Warm C,52824,348,347,3519,2137,0,0.004041928
Warm C,52329,344,343,3519,2137,0,-0.0044164523
Warm C,93370,624,623,3519,2137,1,0.0033156192
Warm C,41322,279,278,3519,2137,0,-0.0019490104
Warm C,38295,261,260,3519,2137,0,0.0037763254
Warm C,98993,660,659,3519,2137,0,0.011334373
Warm C,34126,230,229,3519,2137,1,0.007872376
Warm C,19428,148,147,3519,2137,0,0.002278961
Warm C,162045,1033,1032,3519,2137,0,-0.0005825369
Warm C,16435,130,129,3519,2137,1,0.00794914
Warm C,5738,42,41,3519,2137,1,0.015053177
Warm C,5597,40,39,3519,2137,0,-0.00041347783
Warm C,380895,2225,2224,3519,2137,0,0.006718612
Warm C,626969,3792,3791,3519,2137,1,0.017439175
Warm C,552532,3401,3400,3519,2137,0,0.0063828374
Warm C,989143,5972,5971,3519,2137,1,0.012286349
Warm C,95532,639,638,3519,2137,1,0.014711106
Warm C,241364,1451,1450,3519,2137,1,0.011403726
Warm C,633472,3824,3823,3519,2137,0,0.006470816
Warm C,760685,4520,4519,3519,2137,1,0.0065816687
Warm C,255955,1560,1559,3519,2137,1,0.0056297337
Warm C,571174,3503,3502,3519,2137,0,0.009788018
Warm C,588063,3589,3588,3519,2137,0,0.0037250423
Warm C,421142,2544,2543,3519,2137,0,0.010205943
Warm C,21573,157,156,3519,2137,1,0.018149104
Warm C,775800,4632,4631,3521,2138,0,0.0077346205
Warm C,781601,4666,4665,3521,2138,1,0.015382046
Warm C,756275,4506,4505,3521,2138,1,0.010989461
Warm C,757266,4508,4507,3521,2138,1,0.025133792
Warm C,745980,4451,4450,3521,2138,1,0.004583078
Warm C,747160,4458,4457,3521,2138,1,0.0009015277
Warm C,741222,4426,4425,3521,2138,0,0.012353875
Warm C,743977,4447,4446,3521,2138,1,0.006982119
Warm C,717391,4298,4297,3521,2138,1,0.008488364
Warm C,709424,4254,4253,3521,2138,0,-0.0019659537
Warm C,691045,4137,4136,3521,2138,1,0.0072645005
Warm C,678741,4064,4063,3521,2138,0,0.0035368155
Warm C,644801,3884,3883,3521,2138,0,0.010054906
Warm C,639258,3842,3841,3521,2138,1,0.010865578
Warm C,633484,3824,3823,3521,2138,1,0.009982144
Warm C,626092,3789,3788,3521,2138,1,0.011929431
Warm C,613963,3718,3717,3521,2138,1,0.014672665
Warm C,725463,4344,4343,3521,2138,1,0.009582704
Warm C,603665,3673,3672,3521,2138,0,0.004753666
Warm C,595561,3622,3621,3521,2138,1,0.005601626
Warm C,575880,3520,3519,3521,2138,1,0.0102294255
Warm C,579604,3539,3538,3521,2138,1,0.009183811
Warm C,580609,3546,3545,3521,2138,0,0.008451714
Warm C,713265,4277,4276,3521,2138,1,0.009205274
Warm C,570424,3499,3498,3521,2138,1,0.006428768
Warm C,554120,3410,3409,3521,2138,1,0.013338711
Warm C,645416,3885,3884,3521,2138,1,0.014407994
Warm C,534767,3300,3299,3521,2138,0,0.007642513
Warm C,916729,5539,5538,3521,2138,1,0.011076589
Warm C,513950,3171,3170,3521,2138,1,0.0056525897
Warm C,501411,3080,3079,3521,2138,1,0.0074295937
Warm C,496929,3053,3052,3521,2138,1,0.0048893346
Warm C,484166,2978,2977,3521,2138,1,0.0016480939
Warm C,482829,2967,2966,3521,2138,0,0.015746424
Warm C,480868,2952,2951,3521,2138,1,-0.004985702
Warm C,475188,2916,2915,3521,2138,1,0.0037666992
Warm C,474784,2913,2912,3521,2138,1,0.009109005
Warm C,475609,2918,2917,3521,2138,1,-0.0017496636
Warm C,458151,2820,2819,3521,2138,0,0.004238261
Warm C,456876,2813,2812,3521,2138,1,0.0076533444
Warm C,451535,2779,2778,3521,2138,1,0.0055461316
Warm C,458500,2822,2821,3521,2138,1,0.005385791
Warm C,446496,2752,2751,3521,2138,1,0.014107868
Warm C,437772,2674,2673,3521,2138,1,0.016590854
Warm C,439458,2684,2683,3521,2138,1,0.011484514
Warm C,431447,2628,2627,3521,2138,0,0.008130975
Warm C,431148,2627,2626,3521,2138,1,0.0071109543
Warm C,832985,5008,5007,3521,2138,1,0.0068949824
Warm C,409278,2456,2455,3521,2138,1,-0.0002489353
Warm C,393260,2310,2309,3521,2138,1,-0.01012536
Warm C,391273,2301,2300,3521,2138,1,0.005264582
Warm C,419375,2534,2533,3521,2138,0,0.010900513
Warm C,364908,2124,2123,3521,2138,1,0.021604585
Warm C,357627,2092,2091,3521,2138,1,0.007711305
Warm C,340212,2008,2007,3521,2138,1,0.015795082
Warm C,329502,1943,1942,3521,2138,1,0.00070674624
Warm C,286002,1706,1705,3521,2138,1,0.013982132
Warm C,274492,1658,1657,3521,2138,1,0.0064549944
Warm C,280939,1685,1684,3521,2138,1,0.0048474437
Warm C,292477,1741,1740,3521,2138,1,0.017638275
Warm C,284906,1699,1698,3521,2138,1,0.02364675
Warm C,276377,1671,1670,3521,2138,1,0.0021685143
Warm C,279695,1680,1679,3521,2138,1,0.0069736456
Warm C,246432,1489,1488,3521,2138,0,-0.005592614
Warm C,338275,1988,1987,3521,2138,1,0.0139786545
Warm C,237442,1446,1445,3521,2138,1,0.015007434
Warm C,230838,1396,1395,3521,2138,1,0.01064823
Warm C,208378,1273,1272,3521,2138,1,0.017062664
Warm C,308142,1836,1835,3521,2138,1,0.005649172
Warm C,294426,1749,1748,3521,2138,0,0.0071329493
Warm C,308827,1837,1836,3521,2138,0,0.01117848
Warm C,197419,1211,1210,3521,2138,1,0.010619062
Warm C,296558,1758,1757,3521,2138,1,-0.0007092268
Warm C,209541,1279,1278,3521,2138,1,0.015405649
Warm C,185600,1150,1149,3521,2138,1,0.011630794
Warm C,307618,1835,1834,3521,2138,1,0.009528581
Warm C,207366,1267,1266,3521,2138,1,0.011112877
Warm C,160291,1019,1018,3521,2138,1,0.012087066
Warm C,158499,1015,1014,3521,2138,1,0.007862767
Warm C,154428,996,995,3521,2138,1,0.012197088
Warm C,213032,1297,1296,3521,2138,1,-0.00060851057
Warm C,149035,958,957,3521,2138,1,0.0016384455
Warm C,260885,1594,1593,3521,2138,0,0.015065245
Warm C,138642,889,888,3521,2138,0,0.021184081
Warm C,131288,850,849,3521,2138,1,0.0071688443
Warm C,374872,2185,2184,3521,2138,1,0.023848023
Warm C,252203,1527,1526,3521,2138,0,0.003536136
Warm C,123034,794,793,3521,2138,0,0.0035747653
Warm C,211205,1285,1284,3521,2138,1,0.00017494464
Warm C,524453,3233,3232,3521,2138,1,0.004893934
Warm C,130582,846,845,3521,2138,1,0.013865454
Warm C,240367,1449,1448,3521,2138,1,0.011731608
Warm C,105450,697,696,3521,2138,0,-0.003165327
Warm C,200123,1228,1227,3521,2138,1,0.009095957
Warm C,100277,669,668,3521,2138,1,0.009233045
Warm C,201715,1242,1241,3521,2138,1,0.011993893
Warm C,295009,1752,1751,3521,2138,1,0.007710447
Warm C,284397,1698,1697,3521,2138,1,0.014997779
Warm C,69531,466,465,3521,2138,1,0.010008432
Warm C,67846,454,453,3521,2138,1,0.007653525
Warm C,61811,415,414,3521,2138,1,-9.471679e-05
Warm C,57188,386,385,3521,2138,0,-0.0017557461
Warm C,132604,855,854,3521,2138,1,0.022960993
Warm C,34733,235,234,3521,2138,1,0.018114176
Warm C,33509,225,224,3521,2138,1,0.008971556
Warm C,24915,175,174,3521,2138,1,0.015751753
Warm C,22009,161,160,3521,2138,1,0.011107061
Warm C,13617,108,107,3521,2138,1,-8.641102e-05
Warm C,73511,498,497,3521,2138,0,0.0037039653
Warm C,2905,23,22,3521,2138,0,0.010700171
Warm C,76416,518,517,3521,2138,1,0.007488294
Warm C,421150,2544,2543,3521,2138,0,0.017698476
Warm C,114284,743,742,3521,2138,1,0.0036007606
Warm C,245571,1483,1482,3521,2138,1,0.016162476
Warm C,287823,1717,1716,3521,2138,1,0.004548957
Warm C,466986,2878,2877,3521,2138,0,0.00033195643
Warm C,954244,5761,5760,3521,2138,0,-0.0017382933
Warm C,467402,2880,2879,3521,2138,0,0.013470735
Warm C,868228,5242,5241,3521,2138,1,0.0049498365
Warm C,249925,1505,1504,3521,2138,1,0.0005683636
Warm C,375683,2188,2187,3521,2138,1,0.01037365
Warm C,93374,624,623,3521,2138,1,0.017785251
Warm C,290435,1733,1732,3521,2138,1,0.0081234
Warm C,772727,4607,4606,3521,2138,0,0.010138048
Warm C,328497,1941,1940,3521,2138,0,0.010070829
Warm C,902850,5458,5457,3521,2138,1,0.0063186986
Warm C,958876,5787,5786,3521,2138,1,0.011009546
Warm C,63222,424,423,3521,2138,1,0.011108
Warm C,724654,4342,4341,3529,2144,1,-0.00052545755
Warm C,725470,4344,4343,3529,2144,0,0.01006878
Warm C,722755,4328,4327,3529,2144,1,0.0041074585
Warm C,719114,4306,4305,3529,2144,0,0.0055190437
Warm C,705277,4227,4226,3529,2144,1,0.010490194
Warm C,700539,4193,4192,3529,2144,0,0.008935093
Warm C,695409,4167,4166,3529,2144,0,0.0076784706
Warm C,694017,4156,4155,3529,2144,0,0.016959228
Warm C,681683,4083,4082,3529,2144,1,0.015968721
Warm C,713275,4277,4276,3529,2144,1,0.0075662737
Warm C,678750,4064,4063,3529,2144,0,0.009291211
Warm C,669161,4022,4021,3529,2144,0,0.014865866
Warm C,667622,4016,4015,3529,2144,0,0.009470681
Warm C,660096,3978,3977,3529,2144,1,0.005455374
Warm C,654964,3945,3944,3529,2144,0,0.009970025
Warm C,651574,3929,3928,3529,2144,0,0.012228703
Warm C,649498,3914,3913,3529,2144,0,0.00080029713
Warm C,643775,3878,3877,3529,2144,1,0.0130652785
Warm C,702459,4213,4212,3529,2144,1,0.010269597
Warm C,632585,3823,3822,3529,2144,0,0.010238394
Warm C,629748,3808,3807,3529,2144,0,0.00025240972
Warm C,638455,3841,3840,3529,2144,0,0.014889526
Warm C,619598,3754,3753,3529,2144,1,0.002418235
Warm C,840079,5047,5046,3529,2144,0,0.0063389214
Warm C,611293,3705,3704,3529,2144,1,0.017832894
Warm C,598348,3641,3640,3529,2144,1,0.010409677
Warm C,594174,3618,3617,3529,2144,0,0.007745471
Warm C,596788,3626,3625,3529,2144,1,0.014155708
Warm C,758741,4510,4509,3529,2144,0,0.022951875
Warm C,580994,3547,3546,3529,2144,0,0.013366826
Warm C,557838,3425,3424,3529,2144,1,0.011573795
Warm C,546930,3371,3370,3529,2144,0,0.012492938
Warm C,542380,3336,3335,3529,2144,0,0.005557312
Warm C,533527,3292,3291,3529,2144,1,0.011898199
Warm C,522824,3224,3223,3529,2144,1,0.0016622836
Warm C,688170,4116,4115,3529,2144,1,0.01736106
Warm C,566414,3476,3475,3529,2144,1,0.006988859
Warm C,509893,3140,3139,3529,2144,0,-0.0028656248
Warm C,508759,3129,3128,3529,2144,1,0.010297443
Warm C,505265,3108,3107,3529,2144,1,0.0061002006
Warm C,494389,3032,3031,3529,2144,1,0.013026906
Warm C,482833,2967,2966,3529,2144,0,0.014824952
Warm C,480257,2946,2945,3529,2144,0,0.01786713
Warm C,696592,4169,4168,3529,2144,0,0.009691044
Warm C,852682,5113,5112,3529,2144,0,0.0037974422
Warm C,473963,2909,2908,3529,2144,1,0.0064860475
Warm C,453937,2793,2792,3529,2144,1,0.018291209
Warm C,446505,2752,2751,3529,2144,1,0.006113733
Warm C,440485,2693,2692,3529,2144,1,0.008345708
Warm C,428846,2609,2608,3529,2144,1,0.006966439
Warm C,420283,2540,2539,3529,2144,1,-0.004121082
Warm C,427044,2592,2591,3529,2144,0,0.009361322
Warm C,425402,2581,2580,3529,2144,1,0.012269865
Warm C,415094,2498,2497,3529,2144,0,0.008943478
Warm C,414718,2496,2495,3529,2144,0,0.004911602
Warm C,402457,2402,2401,3529,2144,1,0.012903307
Warm C,395964,2340,2339,3529,2144,1,0.0072090966
Warm C,381733,2231,2230,3529,2144,0,0.0063208756
Warm C,364914,2124,2123,3529,2144,0,0.0050623217
Warm C,352729,2064,2063,3529,2144,0,-0.0019053058
Warm C,219990,1333,1332,3529,2144,1,0.014368663
Warm C,211215,1285,1284,3529,2144,1,0.021526525
Warm C,220441,1335,1334,3529,2144,0,0.014531077
Warm C,210277,1284,1283,3529,2144,1,0.011489514
Warm C,279710,1680,1679,3529,2144,1,0.009090361
Warm C,185611,1150,1149,3529,2144,0,0.019495834
Warm C,180409,1128,1127,3529,2144,0,0.007700734
Warm C,191287,1181,1180,3529,2144,0,0.016742114
Warm C,275681,1667,1666,3529,2144,0,0.0024340143
Warm C,158509,1015,1014,3529,2144,0,0.018220551
Warm C,151698,975,974,3529,2144,1,0.011057379
Warm C,132049,854,853,3529,2144,0,0.0029097307
Warm C,131294,850,849,3529,2144,1,0.008394957
Warm C,315473,1880,1879,3529,2144,1,0.0061348546
Warm C,97147,651,650,3529,2144,1,0.0052595744
Warm C,316968,1884,1883,3529,2144,1,0.013063567
Warm C,425762,2583,2582,3529,2144,1,0.014636567
Warm C,89354,588,587,3529,2144,0,0.015985006
Warm C,85952,562,561,3529,2144,0,0.0021580188
Warm C,83401,549,548,3529,2144,0,0.014008487
Warm C,84416,550,549,3529,2144,0,0.012669408
Warm C,71592,481,480,3529,2144,0,0.0054606763
Warm C,76768,520,519,3529,2144,1,0.0083254315
Warm C,240380,1449,1448,3529,2144,0,0.009458767
Warm C,639266,3842,3841,3529,2144,1,0.0027654092
Warm C,39782,270,269,3529,2144,1,0.00041071768
Warm C,99005,660,659,3529,2144,0,0.01595131
Warm C,481962,2962,2961,3529,2144,1,0.005624807
Warm C,239193,1448,1447,3529,2144,0,0.008511436
Warm C,15625,123,122,3529,2144,1,0.005658105
Warm C,123525,796,795,3529,2144,0,0.010880171
Warm C,9303,62,61,3529,2144,0,0.010234427
Warm C,801475,4802,4801,3529,2144,1,0.005716969
Warm C,908126,5493,5492,3529,2144,0,0.010137721
Warm C,217242,1317,1316,3529,2144,1,0.010118019
Warm C,760211,4517,4516,3538,2148,0,0.01768041
Warm C,660548,3982,3981,3538,2148,0,0.0025372375
Warm C,390756,2293,2292,3538,2148,1,0.008173421
Warm C,389323,2281,2280,3538,2148,1,0.0098972935
Warm C,389249,2280,2279,3538,2148,1,0.0019269765
Warm C,460821,2841,2840,3538,2148,0,0.023161098
Warm C,368091,2149,2148,3538,2148,0,0.021920357
Warm C,364919,2124,2123,3538,2148,1,0.015879545
Warm C,357879,2093,2092,3538,2148,1,0.009678433
Warm C,329006,1942,1941,3538,2148,1,0.008075846
Warm C,326461,1933,1932,3538,2148,1,-0.0033948445
Warm C,319513,1897,1896,3538,2148,1,0.023798546
Warm C,313253,1867,1866,3538,2148,0,0.008909088
Warm C,309958,1843,1842,3538,2148,0,0.013335724
Warm C,302805,1798,1797,3538,2148,1,0.007446271
Warm C,276390,1671,1670,3538,2148,1,0.009691
Warm C,280952,1685,1684,3538,2148,1,0.0067251762
Warm C,268602,1631,1630,3538,2148,1,0.005953937
Warm C,266837,1618,1617,3538,2148,1,0.009161973
Warm C,256678,1569,1568,3538,2148,1,0.0035508699
Warm C,313185,1866,1865,3538,2148,1,0.0034517099
Warm C,253097,1537,1536,3538,2148,0,0.018273987
Warm C,246947,1491,1490,3538,2148,0,0.0107321385
Warm C,294442,1749,1748,3538,2148,0,0.012013709
Warm C,236864,1439,1438,3538,2148,0,-0.0060803983
Warm C,234554,1423,1422,3538,2148,1,-0.0010190972
Warm C,232595,1413,1412,3538,2148,0,0.009242183
Warm C,225304,1362,1361,3538,2148,1,0.010487527
Warm C,224308,1356,1355,3538,2148,0,0.018414173
Warm C,222449,1345,1344,3538,2148,1,0.018776994
Warm C,216620,1315,1314,3538,2148,1,-0.0016091522
Warm C,296572,1758,1757,3538,2148,1,0.017839141
Warm C,211234,1285,1284,3538,2148,0,0.01835921
Warm C,202142,1243,1242,3538,2148,1,0.0142563535
Warm C,201735,1242,1241,3538,2148,0,0.002724446
Warm C,195679,1203,1202,3538,2148,1,0.018114321
Warm C,229970,1391,1390,3538,2148,1,0.01618211
Warm C,189584,1174,1173,3538,2148,1,0.01309347
Warm C,189478,1173,1172,3538,2148,0,0.011053609
Warm C,188310,1168,1167,3538,2148,0,0.005405141
Warm C,207066,1266,1265,3538,2148,1,0.013684958
Warm C,212531,1294,1293,3538,2148,1,0.015138618
Warm C,183762,1144,1143,3538,2148,1,0.008532556
Warm C,174913,1108,1107,3538,2148,1,0.008187878
Warm C,166587,1059,1058,3538,2148,0,0.0037676645
Warm C,161882,1032,1031,3538,2148,0,0.013409102
Warm C,155488,1001,1000,3538,2148,1,0.024543364
Warm C,153717,987,986,3538,2148,1,0.011790632
Warm C,150111,966,965,3538,2148,1,0.01954861
Warm C,147796,952,951,3538,2148,0,0.009198435
Warm C,146138,939,938,3538,2148,1,0.0074679265
Warm C,142493,919,918,3538,2148,1,0.0045192153
Warm C,964171,5812,5811,3538,2148,0,0.021572858
Warm C,138682,889,888,3538,2148,0,0.020131271
Warm C,312041,1860,1859,3538,2148,0,0.007889001
Warm C,916737,5539,5538,3538,2148,1,0.011169458
Warm C,133473,862,861,3538,2148,1,0.0059512164
Warm C,132842,856,855,3538,2148,0,0.010871938
Warm C,200132,1228,1227,3538,2148,0,0.009090899
Warm C,631759,3821,3820,3538,2148,0,0.012138087
Warm C,112648,731,730,3538,2148,1,0.017291851
Warm C,100968,673,672,3538,2148,1,0.007985465
Warm C,661013,3985,3984,3538,2148,0,0.0062596016
Warm C,93072,623,622,3538,2148,1,0.008822167
Warm C,574881,3518,3517,3538,2148,1,0.018937584
Warm C,465213,2868,2867,3538,2148,1,0.00886386
Warm C,89633,590,589,3538,2148,1,0.0031106581
Warm C,78182,527,526,3538,2148,1,-0.0052443864
Warm C,75738,515,514,3538,2148,1,0.010916553
Warm C,69331,464,463,3538,2148,1,-0.005297588
Warm C,949497,5737,5736,3538,2148,1,0.009893712
Warm C,61324,412,411,3538,2148,1,0.0024390938
Warm C,60771,411,410,3538,2148,0,0.013414267
Warm C,58094,392,391,3538,2148,0,0.014433986
Warm C,503984,3097,3096,3538,2148,1,0.0058600483
Warm C,198056,1217,1216,3538,2148,1,0.013535606
Warm C,45965,308,307,3538,2148,0,0.01672488
Warm C,43380,298,297,3538,2148,1,0.002304816
Warm C,61821,415,414,3538,2148,1,0.010711997
Warm C,332813,1962,1961,3538,2148,0,0.012222991
Warm C,182172,1137,1136,3538,2148,1,0.022419523
Warm C,88920,587,586,3538,2148,0,0.005771122
Warm C,30938,207,206,3538,2148,1,0.016569879
Warm C,28598,197,196,3538,2148,1,0.005770153
Warm C,883090,5333,5332,3538,2148,0,0.01970592
Warm C,45012,303,302,3538,2148,1,0.0038685717
Warm C,133669,864,863,3538,2148,1,-0.002915199
Warm C,397942,2362,2361,3538,2148,0,0.012470323
Warm C,152523,981,980,3538,2148,1,0.03201162
Warm C,314410,1877,1876,3538,2148,1,0.00031708786
Warm C,16122,127,126,3538,2148,0,0.0031724912
Warm C,15044,119,118,3538,2148,0,0.006976506
Warm C,17530,136,135,3538,2148,1,0.0038397226
Warm C,784185,4682,4681,3538,2148,1,0.014198538
Warm C,657629,3963,3962,3538,2148,0,0.009477086
Warm C,28228,195,194,3538,2148,1,0.013864959
Warm C,75589,514,513,3538,2148,1,0.014165606
Warm C,399214,2376,2375,3538,2148,1,0.01892089
Warm C,353527,2071,2070,3538,2148,0,0.013149848
Warm C,846673,5087,5086,3538,2148,0,0.009672934
Warm C,722541,4327,4326,3538,2148,0,0.00628866
Warm C,447565,2757,2756,3538,2148,1,0.008522272
Warm C,548603,3386,3385,3538,2148,1,0.0032541417
Warm C,258563,1584,1583,3538,2148,0,0.007188294
Warm C,365865,2129,2128,3538,2148,0,0.0053920145
Warm C,475624,2918,2917,3538,2148,1,0.0038265977
Warm C,882201,5329,5328,3538,2148,1,0.012755696
Warm C,405368,2427,2426,3538,2148,1,0.005206263
Warm C,29471,201,200,3538,2148,0,0.009176301
Warm C,495385,3041,3040,3538,2148,1,-0.0020854252
Warm C,254903,1551,1550,3538,2148,0,0.012511924
Warm C,965883,5825,5824,3538,2148,1,0.006961904
Warm C,739435,4418,4417,3538,2148,1,0.009222422
Warm C,912836,5520,5519,3538,2148,1,0.012252931
Warm C,179779,1125,1124,3538,2148,0,0.012811663
Warm C,223107,1352,1351,3538,2148,1,0.010530428
Warm C,392456,2304,2303,3544,2150,0,0.0062941224
Warm C,385387,2251,2250,3544,2150,1,0.016474899
Warm C,356048,2085,2084,3544,2150,0,-0.0026203003
Warm C,361856,2109,2108,3544,2150,0,0.009727936
Warm C,341768,2012,2011,3544,2150,0,0.007462086
Warm C,340884,2010,2009,3544,2150,0,0.006197407
Warm C,281396,1687,1686,3544,2150,0,0.004771442
Warm C,282750,1694,1693,3544,2150,0,0.009516427
Warm C,268102,1628,1627,3544,2150,1,0.009099616
Warm C,247869,1496,1495,3544,2150,0,0.012164076
Warm C,289470,1727,1726,3544,2150,1,0.005781045
Warm C,308162,1836,1835,3544,2150,0,0.001117903
Warm C,279771,1680,1679,3544,2150,0,0.010662992
Warm C,179228,1124,1123,3544,2150,0,0.0062547876
Warm C,173809,1100,1099,3544,2150,0,0.012295996
Warm C,158551,1015,1014,3544,2150,0,0.008298182
Warm C,135812,877,876,3544,2150,1,0.012531894
Warm C,352227,2063,2062,3544,2150,0,0.020102121
Warm C,160332,1019,1018,3544,2150,0,0.0053074444
Warm C,112659,731,730,3544,2150,1,0.009656112
Warm C,108243,710,709,3544,2150,0,0.010564999
Warm C,96491,647,646,3544,2150,1,0.008827495
Warm C,88927,587,586,3544,2150,1,0.0097985035
Warm C,406198,2436,2435,3544,2150,1,0.013311902
Warm C,80358,533,532,3544,2150,1,0.005481025
Warm C,116517,752,751,3544,2150,1,0.0043590246
Warm C,70260,474,473,3544,2150,0,0.01095936
Warm C,41839,284,283,3544,2150,1,0.0021582763
Warm C,34381,232,231,3544,2150,0,0.0022115014
Warm C,337182,1983,1982,3544,2150,1,0.01330005
Warm C,633524,3824,3823,3544,2150,0,0.018647796
Warm C,860155,5172,5171,3544,2150,0,0.0058756596
Warm C,828799,4979,4978,3544,2150,0,0.022071643
Warm C,252636,1530,1529,3544,2150,0,0.010929832
Warm C,45977,308,307,3544,2150,0,0.0020980837
Warm C,67855,454,453,3544,2150,1,0.011398108
Warm C,310821,1851,1850,3544,2150,0,-0.0014290281
Warm C,80899,537,536,3547,2153,1,0.0005924376
Warm C,63271,424,423,3547,2153,0,-0.009205857
Warm C,33539,225,224,3547,2153,0,-0.003030879
Warm C,796123,4771,4770,3547,2153,1,-0.0016002713
Warm C,421177,2544,2543,3547,2153,1,-0.006338693
Warm C,284923,1699,1698,3547,2153,1,-0.0074167745
Warm C,158555,1015,1014,3547,2153,0,-0.00824354
Warm C,526547,3258,3257,3547,2153,0,0.006082222
Warm C,901464,5450,5449,3547,2153,0,-0.0075457585
Warm C,309756,1842,1841,3547,2153,1,-0.0099657625
Warm C,50211,331,330,3547,2153,1,-0.006116332
Warm C,841226,5054,5053,3547,2153,1,-0.00160574
Warm C,103997,691,690,3547,2153,1,-0.008194849
Warm C,319525,1897,1896,3547,2153,1,-0.0048711207
Warm C,241404,1451,1450,3547,2153,1,0.00086810393
Warm C,933568,5636,5635,3547,2153,0,-0.0040381653
Warm C,24408,173,172,3547,2153,1,-0.0006961216
Warm C,675583,4053,4052,3550,2156,1,0.00621497
Warm C,672168,4040,4039,3550,2156,1,0.007890511
Warm C,676177,4054,4053,3550,2156,1,0.009287435
Warm C,664799,4001,4000,3550,2156,0,0.006883563
Warm C,680361,4078,4077,3550,2156,1,0.00950202
Warm C,652784,3934,3933,3550,2156,0,0.005247078
Warm C,647084,3894,3893,3550,2156,0,0.0012963854
Warm C,639300,3842,3841,3550,2156,1,0.0035325729
Warm C,635182,3829,3828,3550,2156,0,0.007718085
Warm C,633542,3824,3823,3550,2156,0,0.002638842
Warm C,628212,3804,3803,3550,2156,1,0.008721703
Warm C,629811,3808,3807,3550,2156,1,0.005714939
Warm C,627974,3801,3800,3550,2156,0,-0.0017088723
Warm C,638512,3841,3840,3550,2156,0,0.010625395
Warm C,623523,3771,3770,3550,2156,0,0.008560461
Warm C,615787,3727,3726,3550,2156,0,-0.000408615
Warm C,606688,3683,3682,3550,2156,0,0.019421935
Warm C,577789,3528,3527,3550,2156,0,-0.0025774208
Warm C,581006,3547,3546,3550,2156,1,0.0008683548
Warm C,576273,3521,3520,3550,2156,1,0.0078327395
Warm C,574901,3518,3517,3550,2156,0,-0.0018566865
Warm C,579677,3539,3538,3550,2156,0,0.00893164
Warm C,569436,3491,3490,3550,2156,0,0.012482894
Warm C,657193,3961,3960,3550,2156,1,0.0036188879
Warm C,560231,3442,3441,3550,2156,0,0.0069902833
Warm C,645443,3885,3884,3550,2156,0,-0.0010212213
Warm C,544442,3356,3355,3550,2156,1,0.006518042
Warm C,543949,3352,3351,3550,2156,1,0.0065534767
Warm C,543489,3346,3345,3550,2156,1,0.005484703
Warm C,670779,4031,4030,3550,2156,0,0.003905466
Warm C,519833,3207,3206,3550,2156,0,0.0032325727
Warm C,518263,3198,3197,3550,2156,1,-0.000697318
Warm C,522882,3224,3223,3550,2156,1,0.0011093179
Warm C,566443,3476,3475,3550,2156,0,0.009218661
Warm C,506863,3118,3117,3550,2156,1,0.008532953
Warm C,654318,3942,3941,3550,2156,1,0.0024766068
Warm C,501865,3081,3080,3550,2156,1,0.0030004005
Warm C,490925,3018,3017,3550,2156,0,0.0135233905
Warm C,696663,4169,4168,3550,2156,0,0.010485809
Warm C,477267,2929,2928,3550,2156,0,-0.0010099343
Warm C,474801,2913,2912,3550,2156,0,0.0076458487
Warm C,754748,4497,4496,3550,2156,1,0.018558484
Warm C,463549,2857,2856,3550,2156,0,0.010194708
Warm C,458225,2820,2819,3550,2156,0,0.0081025455
Warm C,453970,2793,2792,3550,2156,1,-0.00049637817
Warm C,790512,4728,4727,3550,2156,1,0.011091753
Warm C,437129,2668,2667,3550,2156,1,0.01175262
Warm C,415567,2503,2502,3550,2156,1,0.007062789
Warm C,409764,2457,2456,3550,2156,0,0.016547287
Warm C,409295,2456,2455,3550,2156,1,0.0053035086
Warm C,464315,2860,2859,3550,2156,0,0.0025321636
Warm C,402485,2402,2401,3550,2156,0,0.0058330437
Warm C,389080,2279,2278,3550,2156,0,0.0051682927
Warm C,377966,2205,2204,3550,2156,0,0.007760882
Warm C,370054,2164,2163,3550,2156,0,0.0031295437
Warm C,394281,2323,2322,3550,2156,0,0.003560049
Warm C,364940,2124,2123,3550,2156,0,-0.0041464474
Warm C,326341,1931,1930,3550,2156,1,-0.00040085736
Warm C,334006,1969,1968,3550,2156,1,0.007166599
Warm C,288325,1722,1721,3550,2156,1,-0.004874631
Warm C,270493,1636,1635,3550,2156,1,-0.0007620177
Warm C,280966,1685,1684,3550,2156,1,0.0052900487
Warm C,264232,1607,1606,3550,2156,1,0.006178758
Warm C,225436,1364,1363,3550,2156,0,-0.00016569835
Warm C,224540,1357,1356,3550,2156,0,0.0031628043
Warm C,325562,1926,1925,3550,2156,1,0.0079956725
Warm C,240443,1449,1448,3550,2156,0,0.016785735
Warm C,207576,1268,1267,3550,2156,1,0.002555224
Warm C,294460,1749,1748,3550,2156,1,-0.0008102711
Warm C,215053,1303,1302,3550,2156,0,0.007182069
Warm C,307659,1835,1834,3550,2156,1,7.049972e-05
Warm C,182883,1140,1139,3550,2156,0,-0.0028900963
Warm C,211824,1288,1287,3550,2156,1,-0.0011063921
Warm C,169383,1075,1074,3550,2156,0,0.0020632513
Warm C,163315,1044,1043,3550,2156,0,0.0013294048
Warm C,159398,1017,1016,3550,2156,0,0.007082692
Warm C,158579,1015,1014,3550,2156,1,0.010044746
Warm C,131321,850,849,3550,2156,1,0.005303626
Warm C,315514,1880,1879,3550,2156,0,0.002964129
Warm C,124579,801,800,3550,2156,1,0.0012299421
Warm C,105251,696,695,3550,2156,0,0.005139721
Warm C,201757,1242,1241,3550,2156,1,0.0038549555
Warm C,211271,1285,1284,3550,2156,1,0.012902541
Warm C,191363,1181,1180,3550,2156,0,0.019369991
Warm C,81875,543,542,3550,2156,1,0.0028984053
Warm C,83457,549,548,3550,2156,0,0.0076753823
Warm C,63293,424,423,3550,2156,0,0.0102757905
Warm C,41219,278,277,3550,2156,0,0.00575375
Warm C,36567,245,244,3550,2156,0,0.009286062
Warm C,7819,53,52,3550,2156,1,0.0076864595
Warm C,18755,146,145,3550,2156,0,0.0068592946
Warm C,28274,195,194,3550,2156,1,0.010026123
Warm C,365873,2129,2128,3550,2156,0,-0.0018923924
Warm C,713319,4277,4276,3550,2156,0,0.008769424
Warm C,328593,1941,1940,3550,2156,0,0.013831984
Warm C,290492,1733,1732,3550,2156,0,0.014827157
Warm C,229727,1390,1389,3550,2156,0,0.0018118415
Warm C,271846,1643,1642,3550,2156,1,0.0011568605
Warm C,241417,1451,1450,3550,2156,1,0.0041066874
Warm C,821614,4940,4939,3550,2156,0,0.0026705754
Warm C,844037,5074,5073,3553,2159,0,0.010456585
Warm C,33166,224,223,3553,2159,0,0.010105509
Warm C,12852,99,98,3553,2159,0,0.0016719496
Warm C,895717,5413,5412,3553,2159,0,0.0020627226
Warm C,431178,2627,2626,3553,2159,0,0.002129968
Warm C,263619,1605,1604,3553,2159,0,0.0087457
Warm C,682706,4085,4084,3553,2159,1,0.0036085998
Warm C,564684,3471,3470,3553,2159,0,0.023412272
Warm C,401178,2390,2389,3553,2159,0,0.005884605
Warm C,684202,4089,4088,3553,2159,0,0.010213996
Warm C,309763,1842,1841,3553,2159,0,0.006365929
Warm C,907707,5492,5491,3553,2159,0,0.008276045
Warm C,336288,1980,1979,3553,2159,0,0.006674617
Warm C,164801,1051,1050,3553,2159,0,0.016486466
Warm C,883103,5333,5332,3553,2159,0,0.0097229555
Warm C,158581,1015,1014,3553,2159,0,0.009697406
Warm C,206462,1265,1264,3553,2159,0,0.0076135034
Warm C,313004,1865,1864,3553,2159,0,0.0050341357
Warm C,718664,4305,4304,3553,2159,1,0.015651193
Warm C,713322,4277,4276,3553,2159,1,0.006969437
Warm C,413866,2489,2488,3553,2159,0,-0.0025810024
Warm C,877459,5302,5301,3553,2159,0,0.0011540644
Warm C,120160,776,775,3554,2160,1,0.0058127064
Warm C,119826,773,772,3554,2160,1,0.0044479216
Warm C,116533,752,751,3554,2160,0,0.021683821
Warm C,111360,724,723,3554,2160,1,0.008325893
Warm C,100983,673,672,3554,2160,0,0.005319365
Warm C,129022,838,837,3554,2160,1,0.008458162
Warm C,335228,1978,1977,3554,2160,0,0.016068164
Warm C,583637,3562,3561,3554,2160,1,0.012672234
Warm C,89638,590,589,3554,2160,1,0.013196481
Warm C,66777,447,446,3554,2160,1,-0.007854791
Warm C,64356,429,428,3554,2160,1,0.018017989
Warm C,51488,338,337,3554,2160,1,0.0052973446
Warm C,48875,327,326,3554,2160,1,0.014908602
Warm C,317900,1889,1888,3554,2160,0,0.014247064
Warm C,145480,935,934,3554,2160,0,0.0015328508
Warm C,117089,754,753,3554,2160,1,0.013964698
Warm C,713323,4277,4276,3554,2160,1,0.016995557
Warm C,500517,3074,3073,3554,2160,1,0.012096706
Warm C,23351,167,166,3554,2160,1,0.012836695
Warm C,12061,92,91,3554,2160,0,0.02323805
Warm C,7289,51,50,3554,2160,0,0.008488806
Warm C,437271,2669,2668,3554,2160,1,0.016256284
Warm C,4071,30,29,3554,2160,1,0.0001984213
Warm C,172006,1088,1087,3554,2160,1,0.025138993
Warm C,804361,4816,4815,3554,2160,1,0.011205008
Warm C,255612,1556,1555,3554,2160,0,0.0077467677
Warm C,24425,173,172,3554,2160,0,0.0077621164
Warm C,883104,5333,5332,3554,2160,1,-0.0003726543
Warm C,733568,4386,4385,3554,2160,1,0.01785218
Warm C,548607,3386,3385,3554,2160,1,0.0011124974
Warm C,228496,1383,1382,3554,2160,1,0.008954539
Warm C,575538,3519,3518,3554,2160,1,0.018638358
Warm C,574904,3518,3517,3554,2160,0,0.009128957
Warm C,71435,480,479,3554,2160,0,0.010215577
Warm C,801500,4802,4801,3554,2160,0,0.015796907
Warm C,20073,149,148,3554,2160,1,0.008179154
Warm C,127380,822,821,3554,2160,1,0.0075899493
Warm C,405373,2427,2426,3554,2160,1,0.014817801
Warm C,195704,1203,1202,3554,2160,1,0.009596936
Warm C,59465,403,402,3554,2160,0,0.0060328376
Warm C,83463,549,548,3554,2160,0,0.016055383
Warm C,561685,3454,3453,3554,2160,0,0.013303522
Warm C,879953,5317,5316,3554,2160,1,0.0061361026
Warm C,13168,102,101,3554,2160,1,0.010511331
Warm C,241420,1451,1450,3554,2160,1,0.012155417
Warm C,352252,2063,2062,3554,2160,1,0.022082739
Warm C,111737,727,726,3554,2160,1,0.020991612
Warm C,203704,1252,1251,3554,2160,0,-0.0048730364
Warm C,474021,2909,2908,3554,2160,0,0.013012284
Warm C,965885,5825,5824,3554,2160,1,0.005871436
Warm C,60803,411,410,3554,2160,0,0.01158745
Warm C,421191,2544,2543,3554,2160,0,0.0073221847
Warm C,926159,5598,5597,3554,2160,1,0.008492925
Warm C,527107,3260,3259,3554,2160,0,0.011699954
Warm C,215683,1306,1305,3554,2160,1,0.013093846
Warm C,178736,1121,1120,3554,2160,1,0.018956693
Warm C,491235,3020,3019,3554,2160,1,0.001282935
Warm C,33980,229,228,3554,2160,1,0.0017787735
Warm C,739442,4418,4417,3554,2160,1,0.005523015
Warm C,517100,3191,3190,3557,2163,0,0.014118802
Warm C,521547,3217,3216,3557,2163,0,0.0178729
Warm C,498441,3060,3059,3557,2163,1,-0.00043646758
Warm C,489315,3012,3011,3557,2163,0,0.012013476
Warm C,480276,2946,2945,3557,2163,0,0.009975015
Warm C,879956,5317,5316,3557,2163,0,0.023229994
Warm C,463553,2857,2856,3557,2163,0,0.017769584
Warm C,458230,2820,2819,3557,2163,0,0.011734916
Warm C,444827,2743,2742,3557,2163,0,0.0059815543
Warm C,467038,2878,2877,3557,2163,0,0.0064740935
Warm C,431718,2629,2628,3557,2163,0,0.007031683
Warm C,416873,2507,2506,3557,2163,0,0.017755976
Warm C,408389,2453,2452,3557,2163,0,0.0093977675
Warm C,373228,2179,2178,3557,2163,0,0.005823774
Warm C,358629,2098,2097,3557,2163,0,0.009506333
Warm C,352255,2063,2062,3557,2163,0,0.014229801
Warm C,371813,2172,2171,3557,2163,0,0.014274208
Warm C,296176,1757,1756,3557,2163,0,0.01598454
Warm C,565752,3475,3474,3557,2163,1,0.0147519
Warm C,279821,1680,1679,3557,2163,1,0.011854306
Warm C,328608,1941,1940,3557,2163,0,0.01036416
Warm C,185708,1150,1149,3557,2163,0,0.011736335
Warm C,184112,1146,1145,3557,2163,0,0.0021365306
Warm C,221583,1340,1339,3557,2163,0,0.008472414
Warm C,145483,935,934,3557,2163,0,0.006916353
Warm C,361064,2106,2105,3557,2163,0,0.0063212747
Warm C,223745,1354,1353,3557,2163,0,0.020770645
Warm C,111361,724,723,3557,2163,0,0.014430992
Warm C,103507,687,686,3557,2163,1,0.010258303
Warm C,99044,660,659,3557,2163,0,0.012852263
Warm C,240456,1449,1448,3557,2163,0,0.009182756
Warm C,111020,721,720,3557,2163,0,0.016953956
Warm C,631785,3821,3820,3557,2163,0,0.012992013
Warm C,696671,4169,4168,3557,2163,1,0.020193608
Warm C,83469,549,548,3557,2163,1,0.016029265
Warm C,191372,1181,1180,3557,2163,0,0.01595245
Warm C,77823,524,523,3557,2163,0,0.027236989
Warm C,239256,1448,1447,3557,2163,1,0.0066561042
Warm C,15669,123,122,3557,2163,0,0.014752958
Warm C,276428,1671,1670,3557,2163,0,0.017509766
Warm C,9351,62,61,3557,2163,0,0.011722725
Warm C,7824,53,52,3557,2163,1,0.012328582
Warm C,108259,710,709,3557,2163,1,0.018831212
Warm C,104520,692,691,3557,2163,0,0.015391065
Warm C,50230,331,330,3557,2163,0,0.0068373163
Warm C,355135,2077,2076,3557,2163,0,0.008848632
Warm C,150762,970,969,3557,2163,0,0.013760641
Warm C,79679,531,530,3557,2163,0,0.015870735
Warm C,476462,2926,2925,3557,2163,0,0.012933273
Warm C,178739,1121,1120,3557,2163,1,-0.0018531794
Warm C,475635,2918,2917,3557,2163,0,0.0053573046
Warm C,532359,3285,3284,3557,2163,0,0.014845117
Warm C,608709,3691,3690,3557,2163,1,0.0089074075
Warm C,179801,1125,1124,3557,2163,0,0.010750009
Warm C,325041,1925,1924,3557,2163,1,0.020057179
Warm C,941505,5682,5681,3557,2163,0,0.018005218
Warm C,298476,1769,1768,3564,2164,0,-0.0001253438
Warm C,286015,1706,1705,3564,2164,0,0.007477328
Warm C,278284,1678,1677,3564,2164,0,0.0068479385
Warm C,271559,1641,1640,3564,2164,0,-0.009848809
Warm C,264429,1608,1607,3564,2164,0,0.00094731513
Warm C,256990,1573,1572,3564,2164,0,-0.0019328312
Warm C,251947,1524,1523,3564,2164,0,-0.00078475836
Warm C,236491,1434,1433,3564,2164,0,-0.00051979884
Warm C,225630,1366,1365,3564,2164,0,0.00028141588
Warm C,224897,1359,1358,3564,2164,0,0.0070112725
Warm C,220216,1334,1333,3564,2164,0,0.008916243
Warm C,200687,1232,1231,3564,2164,0,0.01209487
Warm C,279863,1680,1679,3564,2164,0,0.00040053064
Warm C,186509,1153,1152,3564,2164,0,-0.0012538589
Warm C,326573,1935,1934,3564,2164,0,-0.0026132707
Warm C,180030,1127,1126,3564,2164,0,0.0061548655
Warm C,179812,1125,1124,3564,2164,0,0.0014364321
Warm C,167451,1066,1065,3564,2164,0,0.007109608
Warm C,270501,1636,1635,3564,2164,0,0.0024372984
Warm C,162606,1037,1036,3564,2164,0,0.003328803
Warm C,246464,1489,1488,3564,2164,0,0.0011352431
Warm C,151735,975,974,3564,2164,0,0.0039990395
Warm C,148853,957,956,3564,2164,0,0.004383171
Warm C,146492,944,943,3564,2164,0,-0.0017109741
Warm C,134561,869,868,3564,2164,0,0.0020618956
Warm C,128792,836,835,3564,2164,0,-0.0021939604
Warm C,182204,1137,1136,3564,2164,0,0.004832499
Warm C,126068,812,811,3564,2164,0,0.005196772
Warm C,114561,744,743,3564,2164,0,0.006267643
Warm C,100992,673,672,3564,2164,0,-0.0013869356
Warm C,95053,637,636,3564,2164,0,-0.0077571385
Warm C,93869,629,628,3564,2164,0,0.002375317
Warm C,116916,753,752,3564,2164,0,-0.0062292297
Warm C,88167,581,580,3564,2164,0,0.0028728559
Warm C,73177,494,493,3564,2164,0,-0.0014930516
Warm C,58878,399,398,3564,2164,0,0.0053277113
Warm C,55671,368,367,3564,2164,0,0.0049725873
Warm C,49832,330,329,3564,2164,0,0.0033718129
Warm C,41871,284,283,3564,2164,0,0.003929275
Warm C,647848,3900,3899,3564,2164,0,-0.0003084666
Warm C,32204,216,215,3564,2164,0,0.004104016
Warm C,30592,204,203,3564,2164,0,0.01030935
Warm C,25659,181,180,3564,2164,0,0.0042877425
Warm C,9002,61,60,3564,2164,0,0.0015738695
Warm C,142235,918,917,3564,2164,0,0.0066013522
Warm C,483299,2969,2968,3564,2164,0,0.00083032437
Warm C,249000,1501,1500,3564,2164,0,0.0033520674
Warm C,102592,678,677,3564,2164,0,-0.0003232595
Warm C,577493,3526,3525,3564,2164,0,-0.0061778654
Warm C,83496,549,548,3564,2164,0,0.006917655
Warm C,35105,237,236,3564,2164,0,-0.006084743
Warm C,111035,721,720,3564,2164,1,0.0028094924
Warm C,352285,2063,2062,3564,2164,0,0.0060197245
Warm C,907714,5492,5491,3564,2164,1,0.0066198744
Warm C,415860,2504,2503,3564,2164,0,-0.004473295
Warm C,255979,1560,1559,3564,2164,0,0.0023782142
Warm C,427378,2594,2593,3564,2164,0,0.009699985
Warm C,164822,1051,1050,3564,2164,0,0.0027532047
Warm C,60840,411,410,3564,2164,0,0.00364331
Warm C,699767,4186,4185,3564,2164,0,0.0073339
Warm C,328650,1941,1940,3564,2164,0,0.0074574584
Warm C,992466,5996,5995,3564,2164,0,0.005091028
Warm C,488178,3002,3001,3564,2164,0,0.0019006548
Warm C,865960,5222,5221,3564,2164,0,0.0021999846
Warm C,460841,2841,2840,3564,2164,0,0.0062775835
Warm C,718673,4305,4304,3564,2164,0,-0.0019957481
Warm C,470775,2898,2897,3564,2164,0,0.0043286257
Warm C,550543,3391,3390,3564,2164,0,-0.00029038312
Warm C,289801,1731,1730,3571,2167,1,0.0027359505
Warm C,278291,1678,1677,3571,2167,0,0.0061849635
Warm C,267674,1626,1625,3571,2167,0,0.013400832
Warm C,325599,1926,1925,3571,2167,1,0.025150556
Warm C,284506,1698,1697,3571,2167,0,0.009897146
Warm C,212637,1295,1294,3571,2167,0,0.008213118
Warm C,294499,1749,1748,3571,2167,0,0.007626348
Warm C,195743,1203,1202,3571,2167,0,0.023352977
Warm C,201236,1241,1240,3571,2167,1,0.0035215905
Warm C,308916,1837,1836,3571,2167,1,0.017211614
Warm C,204748,1260,1259,3571,2167,0,0.004903084
Warm C,188330,1168,1167,3571,2167,0,0.024202067
Warm C,155507,1001,1000,3571,2167,1,0.005848986
Warm C,139651,893,892,3571,2167,1,0.0086638415
Warm C,127397,822,821,3571,2167,0,0.01099126
Warm C,105273,696,695,3571,2167,0,0.010917472
Warm C,101001,673,672,3571,2167,1,-0.0023403715
Warm C,305136,1812,1811,3571,2167,1,0.018170953
Warm C,232607,1413,1412,3571,2167,1,0.013954764
Warm C,241464,1451,1450,3571,2167,0,0.008498507
Warm C,132685,855,854,3571,2167,1,0.007857303
Warm C,51017,336,335,3571,2167,0,0.012665343
Warm C,100597,671,670,3571,2167,1,0.011388585
Warm C,33602,225,224,3571,2167,1,0.011731309
Warm C,314426,1877,1876,3571,2167,1,-0.005541184
Warm C,133482,862,861,3571,2167,1,0.0058607403
Warm C,9900,68,67,3571,2167,1,0.006517401
Warm C,61377,412,411,3571,2167,1,0.015754119
Warm C,7874,53,52,3571,2167,1,0.023866093
Warm C,290523,1733,1732,3571,2167,1,0.015179418
Warm C,24464,173,172,3571,2167,0,0.007637773
Warm C,764159,4543,4542,3571,2167,1,0.019912496
Warm C,48011,321,320,3571,2167,0,0.0053100768
Warm C,447580,2757,2756,3571,2167,1,0.014296559
Warm C,212165,1291,1290,3571,2167,0,0.007830223
Warm C,893093,5394,5393,3571,2167,1,0.021609431
Warm C,753365,4489,4488,3571,2167,1,0.018892318
Warm C,844064,5074,5073,3571,2167,1,0.019512758
Warm C,289708,1729,1728,3571,2167,0,0.013030749
Warm C,460852,2841,2840,3571,2167,1,0.007363676
Warm C,823373,4950,4949,3571,2167,0,0.025610732
Warm C,966996,5831,5830,3571,2167,1,0.018762795
Warm C,567716,3483,3482,3571,2167,0,0.020606536
Warm C,571233,3503,3502,3571,2167,1,0.01158368
Warm C,251956,1524,1523,3571,2167,1,0.0014131931
Warm C,550572,3391,3390,3571,2167,0,0.013544708
Warm C,684250,4089,4088,3571,2167,1,0.022480408
Warm C,964219,5812,5811,3571,2167,0,0.013351301
Warm C,636509,3834,3833,3571,2167,1,0.014999621
Warm C,207129,1266,1265,3571,2167,0,0.010177085
Warm C,768855,4579,4578,3571,2167,0,0.018461645
Warm C,25441,180,179,3571,2167,0,-0.004215366
Warm C,384542,2246,2245,3571,2167,0,0.013104454
Warm C,164841,1051,1050,3571,2167,0,0.022766002
Warm C,960338,5792,5791,3571,2167,0,0.0040530227
Warm C,160406,1019,1018,3571,2167,0,0.017846096
Warm C,211341,1285,1284,3571,2167,0,0.015281367
Warm C,187811,1164,1163,3571,2167,0,-0.0019914568
Warm C,497407,3054,3053,3571,2167,1,0.010246307
Warm C,371132,2168,2167,3571,2167,0,0.017876577
Warm C,108299,710,709,3571,2167,0,0.014657341
Warm C,313025,1865,1864,3571,2167,0,0.013683302
Warm C,633608,3824,3823,3571,2167,0,0.015573865
Warm C,235250,1425,1424,3571,2167,1,0.012053061
Warm C,575911,3520,3519,3571,2167,0,0.009252207
Warm C,375729,2188,2187,3571,2167,0,0.016065864
Warm C,825633,4958,4957,3571,2167,1,0.003868188
Warm C,196736,1207,1206,3572,2168,0,-0.002327066
Warm C,328689,1941,1940,3572,2168,0,0.0120340865
Warm C,168679,1069,1068,3572,2168,0,0.0067870356
Warm C,159425,1017,1016,3572,2168,0,-0.0011205229
Warm C,126737,817,816,3572,2168,1,0.0057240073
Warm C,125634,808,807,3572,2168,0,0.006139436
Warm C,114113,741,740,3572,2168,0,-0.0058671627
Warm C,107533,709,708,3572,2168,0,0.01415661
Warm C,234357,1422,1421,3572,2168,0,0.0062992973
Warm C,86252,563,562,3572,2168,0,0.010443082
Warm C,84510,550,549,3572,2168,0,0.012827802
Warm C,41232,278,277,3572,2168,1,0.0035457842
Warm C,38533,262,261,3572,2168,0,0.002011781
Warm C,696732,4169,4168,3572,2168,0,0.011798728
Warm C,312060,1860,1859,3572,2168,0,0.0040934826
Warm C,365896,2129,2128,3572,2168,0,0.0035076858
Warm C,290525,1733,1732,3572,2168,0,0.008214226
Warm C,195750,1203,1202,3579,2171,0,0.007501751
Warm C,388397,2272,2271,3579,2171,1,0.0073641725
Warm C,111062,721,720,3579,2171,1,0.0054937718
Warm C,352342,2063,2062,3579,2171,0,0.015818901
Warm C,291941,1739,1738,3579,2171,0,-0.0044294316
Warm C,313031,1865,1864,3579,2171,0,0.001082102
Warm C,583687,3562,3561,3579,2171,0,0.011540978
Warm C,413316,2485,2484,3579,2171,0,0.00913016
Warm C,635244,3829,3828,3584,2172,0,0.006751829
Warm C,629911,3808,3807,3584,2172,0,0.016808728
Warm C,638602,3841,3840,3584,2172,0,0.01395268
Warm C,611402,3705,3704,3584,2172,0,0.016267657
Warm C,725578,4344,4343,3584,2172,0,0.017485052
Warm C,598406,3641,3640,3584,2172,1,0.004475495
Warm C,633641,3824,3823,3584,2172,0,0.005959204
Warm C,594351,3618,3617,3584,2172,0,0.012943399
Warm C,592924,3614,3613,3584,2172,0,0.005229139
Warm C,567734,3483,3482,3584,2172,1,0.031907767
Warm C,547454,3377,3376,3584,2172,1,0.0011515482
Warm C,542465,3336,3335,3584,2172,0,0.00965135
Warm C,533658,3292,3291,3584,2172,0,0.0068603316
Warm C,531288,3280,3279,3584,2172,0,-0.0010468555
Warm C,525157,3242,3241,3584,2172,0,0.006619397
Warm C,522978,3224,3223,3584,2172,0,0.008925009
Warm C,494531,3032,3031,3584,2172,1,0.0073933173
Warm C,489997,3014,3013,3584,2172,0,0.0045120274
Warm C,480311,2946,2945,3584,2172,0,0.015129759
Warm C,458293,2820,2819,3584,2172,0,0.009748127
Warm C,438110,2677,2676,3584,2172,0,0.006023548
Warm C,431476,2628,2627,3584,2172,1,0.013335848
Warm C,431746,2629,2628,3584,2172,0,0.00050417637
Warm C,419000,2529,2528,3584,2172,0,0.022802366
Warm C,414959,2497,2496,3584,2172,0,0.01818927
Warm C,464372,2860,2859,3584,2172,0,-0.003509664
Warm C,403036,2406,2405,3584,2172,1,-0.0001384276
Warm C,402524,2402,2401,3584,2172,0,0.01644285
Warm C,381802,2231,2230,3584,2172,0,0.022843953
Warm C,350594,2058,2057,3584,2172,0,0.014076985
Warm C,269303,1632,1631,3584,2172,0,0.017378574
Warm C,262378,1600,1599,3584,2172,0,0.0120946225
Warm C,244776,1473,1472,3584,2172,0,0.00740711
Warm C,227340,1377,1376,3584,2172,0,0.00911488
Warm C,336382,1980,1979,3584,2172,0,0.021687826
Warm C,211619,1286,1285,3584,2172,0,0.006680758
Warm C,213699,1298,1297,3584,2172,1,0.00026441057
Warm C,279967,1680,1679,3584,2172,1,0.011558936
Warm C,328745,1941,1940,3584,2172,0,0.014865079
Warm C,191475,1181,1180,3584,2172,0,0.018406425
Warm C,185795,1150,1149,3584,2172,0,0.016516054
Warm C,316410,1883,1882,3584,2172,0,0.013834147
Warm C,307735,1835,1834,3584,2172,0,0.013810245
Warm C,180039,1127,1126,3584,2172,0,0.01055113
Warm C,169859,1078,1077,3584,2172,1,-0.0010925669
Warm C,138847,889,888,3584,2172,0,0.021597434
Warm C,211379,1285,1284,3584,2172,0,0.011429127
Warm C,114000,739,738,3584,2172,1,0.0040384238
Warm C,112945,732,731,3584,2172,1,0.01109984
Warm C,106936,702,701,3584,2172,0,0.015328512
Warm C,201806,1242,1241,3584,2172,0,0.012376407
Warm C,97215,651,650,3584,2172,1,0.017946025
Warm C,150806,970,969,3584,2172,0,0.0055054454
Warm C,83553,549,548,3584,2172,1,0.022175977
Warm C,239347,1448,1447,3584,2172,1,0.010155649
Warm C,77904,524,523,3584,2172,0,0.027264021
Warm C,76804,520,519,3584,2172,0,0.008095993
Warm C,74084,504,503,3584,2172,0,0.005853624
Warm C,20887,151,150,3584,2172,0,0.015668353
Warm C,19569,148,147,3584,2172,0,0.020761784
Warm C,4940,35,34,3584,2172,1,0.0073001524
Warm C,3602,26,25,3584,2172,1,0.0072521274
Warm C,482043,2962,2961,3584,2172,0,0.008878253
Warm C,450087,2775,2774,3584,2172,1,0.017542167
Warm C,102657,678,677,3584,2172,0,0.020603113
Warm C,408439,2453,2452,3584,2172,0,0.00727362
Warm C,136948,881,880,3584,2172,0,0.01669167
Warm C,63400,424,423,3584,2172,0,0.011935697
Warm C,874012,5277,5276,3584,2172,0,0.012126982
Warm C,377473,2203,2202,3590,2173,1,0.0036001615
Warm C,281432,1687,1686,3590,2173,0,-0.0020413361
Warm C,300593,1780,1779,3590,2173,0,0.0073720654
Warm C,220073,1333,1332,3590,2173,0,0.013083447
Warm C,289531,1727,1726,3590,2173,1,0.0055443686
Warm C,280013,1680,1679,3590,2173,1,0.0010375793
Warm C,213709,1298,1297,3590,2173,0,0.0005498268
Warm C,197079,1209,1208,3590,2173,0,0.0021702165
Warm C,179270,1124,1123,3590,2173,0,0.008273599
Warm C,217360,1317,1316,3590,2173,0,0.005642725
Warm C,115576,749,748,3590,2173,0,0.012584405
Warm C,240567,1449,1448,3590,2173,0,-0.0061111804
Warm C,97222,651,650,3590,2173,1,0.003917601
Warm C,394324,2323,2322,3590,2173,0,-0.0040658424
Warm C,72372,482,481,3590,2173,0,0.003131209
Warm C,211407,1285,1284,3590,2173,0,0.0026306505
Warm C,36684,245,244,3590,2173,0,-0.0059991726
Warm C,32281,216,215,3590,2173,0,0.0156575
Warm C,239371,1448,1447,3590,2173,1,0.004184467
Warm C,3626,26,25,3590,2173,0,0.0067340564
Warm C,828860,4979,4978,3590,2173,0,0.012203455
Warm C,111080,721,720,3590,2173,0,0.0005573805
Warm C,328777,1941,1940,3590,2173,0,0.004515323
Warm C,474142,2909,2908,3590,2173,0,0.010023814
Warm C,924012,5580,5579,3590,2173,0,0.0062506255
Warm C,353559,2071,2070,3594,2176,0,-0.0007018391
Warm C,349636,2051,2050,3594,2176,0,0.004680394
Warm C,348801,2046,2045,3594,2176,0,-0.002657251
Warm C,340322,2009,2008,3594,2176,1,0.00033972366
Warm C,324703,1923,1922,3594,2176,0,0.0041758893
Warm C,329016,1942,1941,3594,2176,0,-0.0037224237
Warm C,324790,1924,1923,3594,2176,1,0.010907346
Warm C,318567,1893,1892,3594,2176,0,0.01011215
Warm C,330889,1953,1952,3594,2176,0,-0.005305024
Warm C,306281,1824,1823,3594,2176,1,0.0022292943
Warm C,304420,1808,1807,3594,2176,1,0.0028395706
Warm C,330593,1951,1950,3594,2176,1,-0.0001738146
Warm C,300990,1786,1785,3594,2176,0,0.009006776
Warm C,329762,1944,1943,3594,2176,1,0.014888612
Warm C,297927,1765,1764,3594,2176,1,-0.00057688495
Warm C,281080,1686,1685,3594,2176,1,0.00040407572
Warm C,281435,1687,1686,3594,2176,1,-0.006673111
Warm C,280543,1683,1682,3594,2176,1,0.007560752
Warm C,302317,1794,1793,3594,2176,0,-0.0036528048
Warm C,267438,1625,1624,3594,2176,0,-0.0007042566
Warm C,263726,1605,1604,3594,2176,1,0.005267701
Warm C,262832,1603,1602,3594,2176,1,0.0013707317
Warm C,256691,1569,1568,3594,2176,1,0.008939453
Warm C,255651,1556,1555,3594,2176,0,0.0042962036
Warm C,251505,1520,1519,3594,2176,1,8.030364e-05
Warm C,237333,1444,1443,3594,2176,1,0.008364693
Warm C,236510,1434,1433,3594,2176,0,0.008865564
Warm C,224356,1356,1355,3594,2176,0,-0.0043498487
Warm C,222661,1347,1346,3594,2176,0,0.0072814063
Warm C,200442,1230,1229,3594,2176,0,-0.003732358
Warm C,217366,1317,1316,3594,2176,0,0.008737615
Warm C,201068,1240,1239,3594,2176,1,-0.004024894
Warm C,195785,1203,1202,3594,2176,1,-0.0034999792
Warm C,456621,2810,2809,3594,2176,0,0.007459031
Warm C,189150,1172,1171,3594,2176,0,-0.0025197235
Warm C,189529,1173,1172,3594,2176,0,0.0043744966
Warm C,207176,1266,1265,3594,2176,1,0.0024056183
Warm C,326575,1935,1934,3594,2176,0,-0.003884163
Warm C,183372,1141,1140,3594,2176,0,0.004920534
Warm C,182403,1138,1137,3594,2176,1,0.0053337184
Warm C,244226,1470,1469,3594,2176,0,0.0061381767
Warm C,156386,1009,1008,3594,2176,1,0.00042995997
Warm C,155519,1001,1000,3594,2176,1,-0.0013168093
Warm C,145524,935,934,3594,2176,1,-0.005060586
Warm C,143571,926,925,3594,2176,1,0.0047944756
Warm C,225329,1362,1361,3594,2176,1,-0.00011234358
Warm C,149779,963,962,3594,2176,0,-0.0021636658
Warm C,140475,901,900,3594,2176,0,0.0047819605
Warm C,139658,893,892,3594,2176,0,0.0037935246
Warm C,192846,1187,1186,3594,2176,0,0.00093398476
Warm C,138880,889,888,3594,2176,0,-0.00018206937
Warm C,137380,886,885,3594,2176,1,-0.006626685
Warm C,132848,856,855,3594,2176,0,0.0023403317
Warm C,129039,838,837,3594,2176,1,0.002967204
Warm C,332891,1962,1961,3594,2176,0,0.0012324254
Warm C,182246,1137,1136,3594,2176,0,0.0044870516
Warm C,128375,830,829,3594,2176,0,0.010087393
Warm C,125426,807,806,3594,2176,1,0.000115240575
Warm C,240572,1449,1448,3594,2176,0,0.0063141817
Warm C,115022,746,745,3594,2176,1,0.009740441
Warm C,102677,678,677,3594,2176,1,-0.0030446863
Warm C,134915,872,871,3594,2176,0,0.0042627505
Warm C,111081,721,720,3594,2176,0,-0.00020644465
Warm C,92074,612,611,3594,2176,0,0.0014022219
Warm C,384280,2244,2243,3594,2176,0,0.0036281724
Warm C,90344,596,595,3594,2176,0,0.0011595269
Warm C,89657,590,589,3594,2176,1,-0.005435515
Warm C,87544,572,571,3594,2176,0,-0.00012885529
Warm C,87350,570,569,3594,2176,1,-0.0052016117
Warm C,85696,558,557,3594,2176,0,-0.0013263635
Warm C,76529,519,518,3594,2176,1,0.008768575
Warm C,76210,517,516,3594,2176,1,0.002134543
Warm C,73930,501,500,3594,2176,1,0.0017221259
Warm C,69999,473,472,3594,2176,1,0.0016852263
Warm C,64388,429,428,3594,2176,1,0.0065566516
Warm C,503989,3097,3096,3594,2176,0,0.0011301422
Warm C,313040,1865,1864,3594,2176,1,0.0052526807
Warm C,39630,268,267,3594,2176,1,-0.0049452223
Warm C,27725,194,193,3594,2176,1,0.0032037306
Warm C,365298,2125,2124,3594,2176,0,-0.0029227207
Warm C,500535,3074,3073,3594,2176,1,-0.0032401937
Warm C,314433,1877,1876,3594,2176,0,-0.00038264925
Warm C,12127,92,91,3594,2176,0,-0.006689185
Warm C,7297,51,50,3594,2176,0,0.0011915688
Warm C,7250,50,49,3594,2176,0,0.0025252504
Warm C,4757,34,33,3594,2176,1,-0.0004820939
Warm C,1862,17,16,3594,2176,0,-0.0037696208
Warm C,877473,5302,5301,3594,2176,1,-0.011256423
Warm C,883159,5333,5332,3594,2176,1,-0.005324788
Warm C,59512,403,402,3594,2176,0,0.0025949152
Warm C,79764,531,530,3594,2176,0,-0.003895016
Warm C,635263,3829,3828,3594,2176,0,0.00020917505
Warm C,78708,528,527,3594,2176,0,0.0098568145
Warm C,403373,2409,2408,3594,2176,1,0.0016911449
Warm C,768872,4579,4578,3594,2176,1,0.006035204
Warm C,140384,899,898,3594,2176,0,-0.001921366
Warm C,585048,3571,3570,3594,2176,1,0.0037646932
Warm C,223812,1354,1353,3594,2176,0,0.007223594
Warm C,823802,4951,4950,3594,2176,0,0.0076776235
Warm C,33191,224,223,3594,2176,0,0.0016674474
Warm C,287510,1716,1715,3594,2176,0,0.003527755
Warm C,755121,4498,4497,3594,2176,1,0.005498116
Warm C,12872,99,98,3594,2176,0,-0.000603667
Warm C,804387,4816,4815,3594,2176,1,-0.0037221843
Warm C,984118,5948,5947,3594,2176,1,0.009701722
Warm C,665332,4005,4004,3594,2176,0,0.0027747343
Warm C,682796,4085,4084,3594,2176,0,0.002923064
Warm C,574965,3518,3517,3594,2176,0,-0.0028426973
Warm C,319620,1897,1896,3594,2176,0,0.012150787
Warm C,405385,2427,2426,3594,2176,0,0.0059217857
Warm C,538211,3312,3311,3594,2176,0,-0.0072741844
Warm C,145124,934,933,3594,2176,0,0.011159146
Warm C,309817,1842,1841,3594,2176,1,0.0016867935
Warm C,308949,1837,1836,3594,2176,0,0.00904722
Warm C,833500,5011,5010,3594,2176,1,0.007006369
Warm C,562810,3462,3461,3594,2176,1,-0.0034827632
Warm C,583708,3562,3561,3594,2176,1,0.00028918893
Warm C,992925,5998,5997,3594,2176,0,0.004891153
Warm C,599507,3648,3647,3594,2176,0,0.0114589175
Warm C,924014,5580,5579,3594,2176,1,0.002682205
Warm C,172122,1088,1087,3594,2176,0,-0.0030479871
Warm C,34007,229,228,3594,2176,0,0.009055155
Warm C,704683,4225,4224,3598,2177,1,0.0071242144
Warm C,699427,4184,4183,3598,2177,1,0.013192806
Warm C,694747,4161,4160,3598,2177,0,0.0060224948
Warm C,717418,4298,4297,3598,2177,0,0.01580708
Warm C,678915,4064,4063,3598,2177,1,0.02013018
Warm C,668090,4020,4019,3598,2177,1,0.007382226
Warm C,664941,4002,4001,3598,2177,1,0.0031939931
Warm C,741376,4429,4428,3598,2177,0,0.008993844
Warm C,660225,3979,3978,3598,2177,0,0.0024554394
Warm C,657294,3962,3961,3598,2177,0,-0.0010786448
Warm C,646948,3893,3892,3598,2177,0,0.0026059952
Warm C,646327,3890,3889,3598,2177,0,0.004577335
Warm C,646418,3891,3890,3598,2177,1,0.0017123156
Warm C,807929,4836,4835,3598,2177,1,0.008922271
Warm C,646102,3888,3887,3598,2177,1,0.007161728
Warm C,617194,3735,3734,3598,2177,1,0.0081308
Warm C,614003,3718,3717,3598,2177,1,0.009154601
Warm C,726579,4345,4344,3598,2177,1,0.013245898
Warm C,611997,3709,3708,3598,2177,1,0.0070127007
Warm C,636672,3835,3834,3598,2177,1,0.004539203
Warm C,603697,3673,3672,3598,2177,0,0.011316443
Warm C,725600,4344,4343,3598,2177,0,0.019513339
Warm C,588177,3589,3588,3598,2177,0,0.019788325
Warm C,585346,3574,3573,3598,2177,1,0.012001096
Warm C,581116,3548,3547,3598,2177,0,-0.0015489408
Warm C,578642,3537,3536,3598,2177,0,0.011851585
Warm C,577571,3526,3525,3598,2177,0,0.0076029547
Warm C,576697,3525,3524,3598,2177,0,0.0024703275
Warm C,553060,3402,3401,3598,2177,1,0.015986005
Warm C,727895,4353,4352,3598,2177,0,0.007627277
Warm C,508067,3127,3126,3598,2177,1,0.004627457
Warm C,464386,2860,2859,3598,2177,1,0.007345317
Warm C,447043,2753,2752,3598,2177,1,0.013346623
Warm C,443996,2737,2736,3598,2177,0,0.016511476
Warm C,413478,2486,2485,3598,2177,1,0.010406475
Warm C,406524,2438,2437,3598,2177,0,0.009799743
Warm C,388526,2274,2273,3598,2177,1,0.0008647349
Warm C,340972,2010,2009,3598,2177,0,0.012461396
Warm C,331195,1957,1956,3598,2177,0,0.005854795
Warm C,329763,1944,1943,3598,2177,0,0.010145862
Warm C,294678,1750,1749,3598,2177,1,0.007832458
Warm C,267685,1626,1625,3598,2177,1,0.011406679
Warm C,266740,1617,1616,3598,2177,0,0.015173493
Warm C,325620,1926,1925,3598,2177,0,0.008360582
Warm C,284559,1698,1697,3598,2177,1,0.012227204
Warm C,296640,1758,1757,3598,2177,1,0.018573893
Warm C,207692,1270,1269,3598,2177,1,0.0075035794
Warm C,220483,1335,1334,3598,2177,0,0.012411595
Warm C,189531,1173,1172,3598,2177,0,0.013405213
Warm C,207183,1266,1265,3598,2177,0,0.016467085
Warm C,160781,1021,1020,3598,2177,1,0.00827966
Warm C,156387,1009,1008,3598,2177,0,0.006762023
Warm C,155520,1001,1000,3598,2177,1,0.011071757
Warm C,246504,1489,1488,3598,2177,0,0.006852797
Warm C,148878,957,956,3598,2177,1,0.013564166
Warm C,217370,1317,1316,3598,2177,1,0.014569321
Warm C,137381,886,885,3598,2177,1,0.009204505
Warm C,138889,889,888,3598,2177,0,0.024173627
Warm C,200166,1228,1227,3598,2177,0,0.0057934523
Warm C,129040,838,837,3598,2177,1,0.007528553
Warm C,161106,1026,1025,3598,2177,1,0.0032605606
Warm C,212183,1291,1290,3598,2177,1,0.017477121
Warm C,101023,673,672,3598,2177,0,0.008307619
Warm C,97997,655,654,3598,2177,0,0.005784828
Warm C,158721,1015,1014,3598,2177,1,0.025164004
Warm C,82349,546,545,3598,2177,1,0.009441966
Warm C,75124,509,508,3598,2177,1,0.014357925
Warm C,48901,327,326,3598,2177,1,0.014971221
Warm C,34170,230,229,3598,2177,1,0.009504273
Warm C,26842,190,189,3598,2177,0,0.012534925
Warm C,314434,1877,1876,3598,2177,0,0.002410411
Warm C,79769,531,530,3598,2177,1,0.01710359
Warm C,330829,1952,1951,3598,2177,0,0.015803045
Warm C,24512,173,172,3598,2177,1,0.00817596
Warm C,201818,1242,1241,3598,2177,1,0.015078159
Warm C,289712,1729,1728,3598,2177,0,-0.0029793154
Warm C,508338,3128,3127,3598,2177,0,0.016232768
Warm C,242011,1457,1456,3598,2177,1,0.0189064
Warm C,228584,1383,1382,3598,2177,0,0.012242862
Warm C,232053,1407,1406,3598,2177,0,0.013405529
Warm C,696790,4169,4168,3598,2177,0,0.02271216
Warm C,361156,2106,2105,3598,2177,0,0.016076423
Warm C,375744,2188,2187,3598,2177,0,0.007690022
Warm C,513184,3163,3162,3598,2177,0,0.026631463
Warm C,467445,2880,2879,3598,2177,1,0.007784568
Warm C,431233,2627,2626,3598,2177,0,0.011916304
Warm C,232616,1413,1412,3598,2177,0,0.0048621655
Warm C,28396,195,194,3598,2177,1,0.005990844
Warm C,839486,5046,5045,3598,2177,0,0.022264607
Warm C,223817,1354,1353,3598,2177,0,0.015578896
Warm C,129721,839,838,3598,2177,1,0.021158397
Warm C,195789,1203,1202,3598,2177,1,0.017392967
Warm C,684286,4089,4088,3598,2177,0,0.011655677
Warm C,682803,4085,4084,3598,2177,0,0.014555295
Warm C,773736,4611,4610,3598,2177,0,0.0020605028
Warm C,631847,3821,3820,3598,2177,0,0.010576258
Warm C,161447,1029,1028,3598,2177,1,0.010092913
Warm C,141710,911,910,3598,2177,1,0.01928376
Warm C,805809,4823,4822,3598,2177,1,0.011936679
Warm C,636539,3834,3833,3598,2177,1,0.021424804
Warm C,371153,2168,2167,3598,2177,0,0.013833305
Warm C,545409,3363,3362,3598,2177,0,0.013674119
Warm C,20904,151,150,3598,2177,0,0.0071561094
Warm C,164900,1051,1050,3598,2177,0,0.016972069
Warm C,115583,749,748,3598,2177,0,0.014775316
Warm C,564769,3471,3470,3598,2177,0,0.01744176
Warm C,474155,2909,2908,3598,2177,1,0.009612025
Warm C,136972,881,880,3598,2177,0,0.010146829
Warm C,371852,2172,2171,3598,2177,0,0.018269723
Warm C,21842,160,159,3598,2177,1,0.005969751
Warm C,229436,1389,1388,3598,2177,0,0.014995854
Warm C,451563,2779,2778,3598,2177,1,0.0047020577
Warm C,699798,4186,4185,3598,2177,1,0.019977368
Warm C,739470,4418,4417,3598,2177,1,0.012267971
Warm C,172127,1088,1087,3598,2177,1,0.01887257
Warm C,526901,3259,3258,3598,2177,0,0.0038683242
Warm C,34008,229,228,3598,2177,1,0.0053059794
Warm C,346731,2031,2030,3598,2177,0,0.0100014135
Warm C,322748,1912,1911,3598,2177,0,0.016723786
Warm C,390789,2293,2292,3599,2178,0,0.014940976
Warm C,655972,3952,3951,3599,2178,1,0.0043099415
Warm C,376668,2198,2197,3599,2178,0,0.0061050504
Warm C,364201,2121,2120,3599,2178,1,-0.0015551528
Warm C,365013,2124,2123,3599,2178,1,0.0029936717
Warm C,357086,2091,2090,3599,2178,1,0.0031661578
Warm C,343243,2016,2015,3599,2178,1,0.018741833
Warm C,316419,1883,1882,3599,2178,0,0.011307559
Warm C,284968,1699,1698,3599,2178,1,0.0038113636
Warm C,258631,1584,1583,3599,2178,0,0.010510217
Warm C,218151,1322,1321,3599,2178,1,0.004596178
Warm C,289539,1727,1726,3599,2178,1,0.012058294
Warm C,592225,3610,3609,3599,2178,0,0.0074220416
Warm C,328794,1941,1940,3599,2178,1,0.020913154
Warm C,185830,1150,1149,3599,2178,0,0.0145060085
Warm C,183377,1141,1140,3599,2178,1,0.0059287706
Warm C,180487,1128,1127,3599,2178,0,0.011268934
Warm C,207394,1267,1266,3599,2178,0,0.006502653
Warm C,169684,1077,1076,3599,2178,0,0.016472068
Warm C,157537,1013,1012,3599,2178,0,0.011056018
Warm C,154071,992,991,3599,2178,1,0.0036593587
Warm C,347538,2038,2037,3599,2178,0,0.0150491465
Warm C,138892,889,888,3599,2178,0,0.01818491
Warm C,314232,1875,1874,3599,2178,0,0.0047598947
Warm C,228587,1383,1382,3599,2178,0,0.013636719
Warm C,52626,346,345,3599,2178,1,0.021910395
Warm C,39209,265,264,3599,2178,1,0.0056298235
Warm C,36699,245,244,3599,2178,1,0.01661579
Warm C,10832,78,77,3599,2178,0,0.007182992
Warm C,223820,1354,1353,3599,2178,1,0.004285346
Warm C,916786,5539,5538,3599,2178,0,0.0049851635
Warm C,4532,33,32,3599,2178,0,0.006993588
Warm C,739471,4418,4417,3599,2178,0,0.021825008
Warm C,421266,2544,2543,3599,2178,1,0.015168191
Warm C,94650,635,634,3599,2178,1,0.0059812064
Warm C,320377,1899,1898,3599,2178,1,0.018742535
Warm C,18818,146,145,3599,2178,0,0.0020477064
Warm C,60908,411,410,3599,2178,0,0.009223363
Warm C,172130,1088,1087,3599,2178,1,0.013293418
Warm C,474157,2909,2908,3599,2178,1,0.004316682
Warm C,322750,1912,1911,3599,2178,0,0.006640649
Warm C,255656,1556,1555,3599,2178,1,0.007931967
Warm C,300597,1780,1779,3599,2178,0,0.013052664
Warm C,593611,3618,3617,3600,2179,0,0.009537311
Warm C,577001,3526,3525,3600,2179,0,0.0024560792
Warm C,545642,3365,3364,3600,2179,1,0.0061958004
Warm C,533161,3292,3291,3600,2179,1,0.011864938
Warm C,515383,3182,3181,3600,2179,0,0.009565967
Warm C,616631,3732,3731,3600,2179,0,0.006531757
Warm C,503789,3096,3095,3600,2179,1,0.00762057
Warm C,797772,4784,4783,3600,2179,0,0.004952682
Warm C,491779,3025,3024,3600,2179,0,0.0046212752
Warm C,697224,4169,4168,3600,2179,0,0.012965729
Warm C,472458,2907,2906,3600,2179,0,0.012767697
Warm C,414894,2497,2496,3600,2179,1,0.0062713795
Warm C,406704,2442,2441,3600,2179,1,0.0013267043
Warm C,395101,2334,2333,3600,2179,0,0.007803496
Warm C,390654,2293,2292,3600,2179,0,0.00016863435
Warm C,403609,2411,2410,3600,2179,0,0.00198816
Warm C,381585,2231,2230,3600,2179,0,0.009009076
Warm C,373380,2180,2179,3600,2179,0,0.0074818227
Warm C,356307,2088,2087,3600,2179,0,0.010936307
Warm C,345442,2026,2025,3600,2179,0,-0.0019160961
Warm C,380754,2225,2224,3600,2179,1,0.007657399
Warm C,325302,1926,1925,3600,2179,0,0.0055202628
Warm C,295588,1755,1754,3600,2179,0,0.0149292145
Warm C,268485,1631,1630,3600,2179,0,0.008630181
Warm C,250181,1507,1506,3600,2179,0,-0.00055328535
Warm C,258360,1584,1583,3600,2179,0,0.002883152
Warm C,242701,1465,1464,3600,2179,0,0.0033358594
Warm C,243810,1470,1469,3600,2179,1,0.011417324
Warm C,327858,1941,1940,3600,2179,0,0.009953052
Warm C,185085,1150,1149,3600,2179,1,0.010463819
Warm C,167762,1068,1067,3600,2179,0,0.012636078
Warm C,319976,1899,1898,3600,2179,0,0.0062641003
Warm C,323730,1920,1919,3600,2179,0,0.011471373
Warm C,347306,2038,2037,3600,2179,0,0.0061614765
Warm C,141432,911,910,3600,2179,1,0.016560925
Warm C,412058,2478,2477,3600,2179,0,0.005610002
Warm C,316698,1884,1883,3600,2179,0,0.0041122865
Warm C,95380,639,638,3600,2179,1,0.010744223
Warm C,96954,651,650,3600,2179,0,0.010746694
Warm C,626634,3792,3791,3600,2179,0,0.007640821
Warm C,82225,546,545,3600,2179,0,0.004984036
Warm C,82939,549,548,3600,2179,0,0.016637474
Warm C,84011,550,549,3600,2179,0,0.0124542145
Warm C,64926,436,435,3600,2179,1,0.004614064
Warm C,228137,1383,1382,3600,2179,0,0.0056637367
Warm C,43242,296,295,3600,2179,1,-0.0075510964
Warm C,32120,216,215,3600,2179,0,0.005704353
Warm C,10789,78,77,3600,2179,0,0.005242114
Warm C,9312,62,61,3600,2179,0,0.008736743
Warm C,7774,53,52,3600,2179,1,0.0126190055
Warm C,484,6,5,3600,2179,0,0.0011136029
Warm C,223430,1354,1353,3600,2179,0,0.010595522
Warm C,60759,411,410,3600,2179,0,0.007110089
Warm C,94564,635,634,3600,2179,0,0.0056437054
Warm C,192676,1186,1185,3600,2179,1,-0.004310569
Warm C,794459,4750,4749,3600,2179,0,0.007799605
Warm C,88319,583,582,3600,2179,1,0.0027899388
Warm C,769002,4579,4578,3600,2179,0,-0.0031343992
Warm C,893270,5394,5393,3600,2179,0,0.007933288
Warm C,832013,5001,5000,3600,2179,0,0.0018858081
Warm C,489539,3013,3012,3600,2179,0,0.0064972313
Warm C,593613,3618,3617,3604,2180,0,0.0027893262
Warm C,589043,3592,3591,3604,2180,1,0.013194086
Warm C,577879,3529,3528,3604,2180,1,0.015845094
Warm C,576118,3521,3520,3604,2180,1,0.0077681243
Warm C,579171,3539,3538,3604,2180,1,0.017149795
Warm C,566650,3477,3476,3604,2180,1,0.0072442214
Warm C,577003,3526,3525,3604,2180,0,0.012217108
Warm C,535376,3304,3303,3604,2180,0,0.010114751
Warm C,522384,3224,3223,3604,2180,1,0.0053767553
Warm C,503791,3096,3095,3604,2180,1,0.0017840783
Warm C,546030,3367,3366,3604,2180,1,-0.0037116646
Warm C,491781,3025,3024,3604,2180,1,0.015505215
Warm C,769003,4579,4578,3604,2180,0,-1.6381964e-05
Warm C,697226,4169,4168,3604,2180,0,0.021079153
Warm C,466724,2878,2877,3604,2180,1,0.005516528
Warm C,457788,2820,2819,3604,2180,0,0.0055913776
Warm C,440798,2699,2698,3604,2180,1,0.009535717
Warm C,534323,3299,3298,3604,2180,1,-0.00027374737
Warm C,396499,2346,2345,3604,2180,1,0.011730386
Warm C,396240,2343,2342,3604,2180,1,-6.2273466e-05
Warm C,395102,2334,2333,3604,2180,1,0.0035856366
Warm C,390655,2293,2292,3604,2180,0,0.011056682
Warm C,383463,2241,2240,3604,2180,1,0.0047070673
Warm C,369264,2159,2158,3604,2180,1,0.0033889813
Warm C,356309,2088,2087,3604,2180,0,0.0036004419
Warm C,338044,1988,1987,3604,2180,1,0.008711394
Warm C,295589,1755,1754,3604,2180,0,0.004999046
Warm C,276134,1671,1670,3604,2180,1,0.0077991285
Warm C,319977,1899,1898,3604,2180,0,0.015246854
Warm C,217956,1322,1321,3604,2180,1,-0.0012612536
Warm C,591858,3610,3609,3604,2180,0,0.010274201
Warm C,278932,1680,1679,3604,2180,1,0.0081147235
Warm C,185088,1150,1149,3604,2180,0,0.016534353
Warm C,167763,1068,1067,3604,2180,1,0.013255562
Warm C,157988,1015,1014,3604,2180,1,0.020635052
Warm C,323732,1920,1919,3604,2180,0,0.015297808
Warm C,148056,954,953,3604,2180,0,0.011941183
Warm C,347308,2038,2037,3604,2180,0,0.009555077
Warm C,131076,850,849,3604,2180,0,0.011818945
Warm C,263154,1605,1604,3604,2180,1,0.00807454
Warm C,178018,1120,1119,3604,2180,1,0.009116341
Warm C,316699,1884,1883,3604,2180,0,0.011501109
Warm C,85236,556,555,3604,2180,1,0.00051845796
Warm C,82226,546,545,3604,2180,1,0.007801529
Warm C,228138,1383,1382,3604,2180,1,0.012416654
Warm C,52827,348,347,3604,2180,1,0.004271725
Warm C,485,6,5,3604,2180,1,0.010845349
Warm C,60760,411,410,3604,2180,0,0.0070562786
Warm C,94565,635,634,3604,2180,1,0.007522695
Warm C,552213,3401,3400,3604,2180,0,0.01649689
Warm C,12030,92,91,3604,2180,1,0.01082799
Warm C,900835,5447,5446,3604,2180,1,0.016041096
Warm C,677989,4063,4062,3604,2180,1,0.011636157
Warm C,50637,333,332,3604,2180,1,0.009862127
Warm C,52173,343,342,3604,2180,1,0.014853706
Warm C,959018,5787,5786,3604,2180,0,0.00896597
Warm C,357338,2092,2091,3604,2180,0,0.014278779
Warm C,554436,3411,3410,3604,2180,0,0.0054895002
Warm C,171454,1088,1087,3604,2180,0,0.013232113
Warm C,821693,4940,4939,3604,2180,1,0.015181186
Warm C,748303,4467,4466,3604,2180,1,0.006671006
Warm C,18729,146,145,3604,2180,0,0.012810507
Warm C,717214,4296,4295,3606,2181,1,0.018449526
Warm C,711060,4267,4266,3606,2181,0,0.008264719
Warm C,708088,4243,4242,3606,2181,1,0.007009636
Warm C,694469,4161,4160,3606,2181,0,0.017799662
Warm C,681380,4083,4082,3606,2181,1,0.020472962
Warm C,679177,4067,4066,3606,2181,1,0.008191212
Warm C,670564,4029,4028,3606,2181,1,0.0124131795
Warm C,697228,4169,4168,3606,2181,1,0.021159267
Warm C,646366,3891,3890,3606,2181,1,0.015314942
Warm C,618883,3751,3750,3606,2181,0,0.009838733
Warm C,617411,3737,3736,3606,2181,1,0.013843713
Warm C,610992,3705,3704,3606,2181,0,0.017409815
Warm C,604706,3676,3675,3606,2181,1,0.0106684435
Warm C,725849,4344,4343,3606,2181,0,0.019741263
Warm C,598490,3642,3641,3606,2181,0,3.1329924e-05
Warm C,566652,3477,3476,3606,2181,1,0.010103958
Warm C,565147,3474,3473,3606,2181,1,0.007952203
Warm C,560459,3445,3444,3606,2181,1,0.009168124
Warm C,577006,3526,3525,3606,2181,1,0.00898274
Warm C,552901,3402,3401,3606,2181,1,0.019834429
Warm C,533165,3292,3291,3606,2181,1,0.02746197
Warm C,521637,3218,3217,3606,2181,0,0.013365475
Warm C,491783,3025,3024,3606,2181,1,0.0030772917
Warm C,479211,2941,2940,3606,2181,1,0.014950413
Warm C,476128,2924,2923,3606,2181,1,0.0069546187
Warm C,440799,2699,2698,3606,2181,1,0.018821292
Warm C,438272,2679,2678,3606,2181,0,0.012001954
Warm C,431973,2633,2632,3606,2181,1,0.010128724
Warm C,431872,2631,2630,3606,2181,1,0.012681858
Warm C,423975,2569,2568,3606,2181,1,0.00684807
Warm C,420892,2544,2543,3606,2181,1,0.01664791
Warm C,419690,2537,2536,3606,2181,0,0.012491399
Warm C,416479,2507,2506,3606,2181,1,0.017501816
Warm C,394662,2329,2328,3606,2181,1,0.0018152343
Warm C,390656,2293,2292,3606,2181,1,0.019315379
Warm C,388724,2278,2277,3606,2181,0,0.0008630957
Warm C,403610,2411,2410,3606,2181,1,0.016756698
Warm C,376705,2199,2198,3606,2181,1,0.0071580615
Warm C,374615,2183,2182,3606,2181,1,0.03390733
Warm C,373949,2181,2180,3606,2181,1,0.015362794
Warm C,364123,2121,2120,3606,2181,0,-0.0010819011
Warm C,357007,2091,2090,3606,2181,1,0.0070799314
Warm C,412059,2478,2477,3606,2181,0,0.019804545
Warm C,352923,2067,2066,3606,2181,0,0.016999245
Warm C,350538,2058,2057,3606,2181,1,0.0093382485
Warm C,346604,2031,2030,3606,2181,1,0.022643046
Warm C,340041,2006,2005,3606,2181,1,0.0043129157
Warm C,320488,1900,1899,3606,2181,1,0.008045584
Warm C,323113,1916,1915,3606,2181,0,0.016196363
Warm C,289259,1727,1726,3606,2181,1,0.009857225
Warm C,284796,1699,1698,3606,2181,1,0.010644455
Warm C,276135,1671,1670,3606,2181,0,0.012490345
Warm C,262676,1602,1601,3606,2181,1,0.0045894943
Warm C,283487,1697,1696,3606,2181,1,0.024915155
Warm C,258185,1583,1582,3606,2181,1,0.0049103536
Warm C,255883,1560,1559,3606,2181,1,0.014412224
Warm C,246043,1487,1486,3606,2181,1,0.0015585932
Warm C,232390,1411,1410,3606,2181,0,0.0064014187
Warm C,228140,1383,1382,3606,2181,1,0.01478558
Warm C,228900,1387,1386,3606,2181,1,0.016030118
Warm C,284019,1698,1697,3606,2181,1,0.018333647
Warm C,319978,1899,1898,3606,2181,1,0.01713187
Warm C,217957,1322,1321,3606,2181,1,0.0013905555
Warm C,591859,3610,3609,3606,2181,0,0.021818196
Warm C,327861,1941,1940,3606,2181,1,0.01827078
Warm C,190147,1180,1179,3606,2181,1,0.0048860344
Warm C,262166,1600,1599,3606,2181,1,0.024439614
Warm C,185091,1150,1149,3606,2181,1,0.015533327
Warm C,184320,1147,1146,3606,2181,1,0.005813973
Warm C,182721,1140,1139,3606,2181,1,0.012788573
Warm C,191804,1182,1181,3606,2181,0,0.0040609757
Warm C,165172,1053,1052,3606,2181,0,0.0048135095
Warm C,161302,1029,1028,3606,2181,1,0.017242003
Warm C,157990,1015,1014,3606,2181,1,0.023465458
Warm C,143840,928,927,3606,2181,1,0.0035664402
Warm C,140487,902,901,3606,2181,1,0.011745839
Warm C,347311,2038,2037,3606,2181,0,0.0107554365
Warm C,131077,850,849,3606,2181,0,0.011276503
Warm C,159950,1019,1018,3606,2181,0,0.016148528
Warm C,98118,656,655,3606,2181,0,0.01452189
Warm C,316700,1884,1883,3606,2181,1,0.01646851
Warm C,169529,1077,1076,3606,2181,0,0.009713437
Warm C,210764,1285,1284,3606,2181,1,0.017484292
Warm C,52556,346,345,3606,2181,1,0.015196822
Warm C,48844,327,326,3606,2181,0,0.011621153
Warm C,87649,575,574,3606,2181,1,0.011679561
Warm C,312826,1865,1864,3606,2181,1,0.011973837
Warm C,39193,265,264,3606,2181,1,0.0025944617
Warm C,32500,218,217,3606,2181,1,0.008890515
Warm C,27578,193,192,3606,2181,1,0.011316454
Warm C,34740,235,234,3606,2181,0,0.00041242142
Warm C,18730,146,145,3606,2181,1,0.0149778975
Warm C,10790,78,77,3606,2181,1,0.011044942
Warm C,223432,1354,1353,3606,2181,1,0.012871332
Warm C,60762,411,410,3606,2181,1,0.009216353
Warm C,916877,5539,5538,3606,2181,0,0.00540631
Warm C,707831,4241,4240,3606,2181,1,-0.0015294217
Warm C,89198,588,587,3606,2181,0,0.008414042
Warm C,129913,840,839,3606,2181,0,0.0037206628
Warm C,18242,140,139,3606,2181,0,0.011555677
Warm C,272098,1645,1644,3606,2181,1,0.01965618
Warm C,860286,5172,5171,3606,2181,1,0.012423201
Warm C,183135,1141,1140,3606,2181,1,0.021379719
Warm C,821694,4940,4939,3606,2181,1,0.009694824
Warm C,384665,2247,2246,3606,2181,0,0.0034934343
Warm C,491169,3020,3019,3606,2181,0,0.00038576126
Warm C,319241,1897,1896,3606,2181,0,0.011640195
Warm C,866043,5222,5221,3606,2181,0,0.018387329
Warm C,826122,4960,4959,3606,2181,1,0.011169683
Warm C,258952,1586,1585,3613,2183,1,0.0058912826
Warm C,244851,1474,1473,3613,2183,1,0.0090305675
Warm C,234510,1423,1422,3613,2183,1,-0.0019062366
Warm C,231611,1404,1403,3613,2183,1,0.013862938
Warm C,228151,1383,1382,3613,2183,1,0.007584085
Warm C,289264,1727,1726,3613,2183,1,0.015065879
Warm C,209133,1276,1275,3613,2183,1,-0.0030898922
Warm C,220312,1335,1334,3613,2183,0,0.009208776
Warm C,212432,1294,1293,3613,2183,1,0.009072001
Warm C,185106,1150,1149,3613,2183,0,0.02047296
Warm C,173587,1100,1099,3613,2183,1,0.0022011655
Warm C,319985,1899,1898,3613,2183,1,0.0072506573
Warm C,156157,1005,1004,3613,2183,1,0.013944881
Warm C,199363,1224,1223,3613,2183,0,0.0070999563
Warm C,128517,832,831,3613,2183,0,4.3731183e-05
Warm C,159962,1019,1018,3613,2183,1,0.011347815
Warm C,210777,1285,1284,3613,2183,1,0.0060893768
Warm C,107496,709,708,3613,2183,1,-0.0017571705
Warm C,82955,549,548,3613,2183,1,0.016849242
Warm C,77358,524,523,3613,2183,1,0.022855714
Warm C,259924,1590,1589,3613,2183,1,-0.00260566
Warm C,32141,216,215,3613,2183,0,0.011079311
Warm C,916878,5539,5538,3613,2183,0,0.0016277372
Warm C,9325,62,61,3613,2183,1,-0.00082546845
Warm C,481729,2962,2961,3613,2183,0,0.0013058095
Warm C,420902,2544,2543,3613,2183,1,0.018631615
Warm C,94566,635,634,3613,2183,1,0.007055662
Warm C,954306,5761,5760,3613,2183,1,-0.0046828887
Warm C,256066,1561,1560,3613,2183,1,0.011395291
Warm C,104227,692,691,3613,2183,1,0.014566735
Warm C,860287,5172,5171,3613,2183,1,0.0044694655
Warm C,204496,1260,1259,3613,2183,1,0.017724883
Warm C,821696,4940,4939,3613,2183,0,0.0047496827
Warm C,823490,4950,4949,3613,2183,0,0.0055442615
Warm C,223439,1354,1353,3616,2186,0,0.008012289
Warm C,210779,1285,1284,3616,2186,0,0.008982301
Warm C,204905,1261,1260,3616,2186,0,-0.0037564833
Warm C,255479,1556,1555,3616,2186,0,0.0069155814
Warm C,189306,1173,1172,3616,2186,0,0.0105118565
Warm C,326539,1935,1934,3616,2186,1,0.009672768
Warm C,173076,1097,1096,3616,2186,0,0.005384177
Warm C,163745,1050,1049,3616,2186,0,0.001673561
Warm C,155289,1001,1000,3616,2186,0,0.003735621
Warm C,139588,893,892,3616,2186,0,0.007182487
Warm C,138063,889,888,3616,2186,0,0.007337239
Warm C,135150,875,874,3616,2186,1,0.0031633005
Warm C,134147,869,868,3616,2186,0,0.005274414
Warm C,128015,828,827,3616,2186,0,0.009457514
Warm C,166760,1060,1059,3616,2186,0,0.008344939
Warm C,103242,686,685,3616,2186,0,0.005906637
Warm C,87535,572,571,3616,2186,0,-0.0046586893
Warm C,85902,561,560,3616,2186,0,-0.0016048488
Warm C,64190,429,428,3616,2186,0,0.012244862
Warm C,362426,2114,2113,3616,2186,0,0.008951496
Warm C,314345,1877,1876,3616,2186,0,0.009297263
Warm C,12047,92,91,3616,2186,0,0.0072694863
Warm C,88762,587,586,3616,2186,0,0.00044745486
Warm C,219109,1329,1328,3616,2186,0,0.011717638
Warm C,7239,50,49,3616,2186,0,0.0067222086
Warm C,503392,3093,3092,3616,2186,0,0.006082008
Warm C,175987,1113,1112,3616,2186,0,0.011524249
Warm C,312830,1865,1864,3616,2186,1,0.001769031
Warm C,109234,714,713,3616,2186,1,0.007678235
Warm C,570992,3503,3502,3616,2186,0,0.007659696
Warm C,54540,355,354,3616,2186,1,0.0033531683
Warm C,883342,5333,5332,3616,2186,0,-0.00066872966
Warm C,403306,2409,2408,3616,2186,0,0.004380362
Warm C,469892,2895,2894,3616,2186,0,0.012588895
Warm C,181929,1137,1136,3616,2186,0,0.0037894857
Warm C,743154,4445,4444,3616,2186,0,0.001485941
Warm C,575766,3520,3519,3616,2186,0,0.014705367
Warm C,388330,2272,2271,3616,2186,0,0.009576151
Warm C,335709,1980,1979,3616,2186,0,0.009805907
Warm C,237779,1447,1446,3616,2186,0,0.017984046
Warm C,557184,3423,3422,3616,2186,0,0.01076889
Warm C,12847,99,98,3616,2186,0,0.009715716
Warm C,222564,1347,1346,3616,2186,0,0.007884071
Warm C,537829,3312,3311,3616,2186,1,0.015339452
Warm C,472471,2907,2906,3616,2186,0,0.0054902197
Warm C,384059,2244,2243,3616,2186,0,0.013002543
Warm C,59167,402,401,3616,2186,0,0.0034119035
Warm C,659107,3971,3970,3616,2186,1,0.016429735
Warm C,713769,4277,4276,3616,2186,0,0.004932738
Warm C,682317,4085,4084,3616,2186,0,-0.00070487964
Warm C,105972,699,698,3616,2186,0,0.014941056
Warm C,206768,1266,1265,3616,2186,0,0.008282603
Warm C,286634,1712,1711,3616,2186,0,0.0065485816
Warm C,146893,948,947,3616,2186,1,0.0047216765
Warm C,272105,1645,1644,3616,2186,1,0.006510797
Warm C,684987,4094,4093,3616,2186,0,0.010055339
Warm C,20816,151,150,3616,2186,0,0.0051798928
Warm C,599157,3648,3647,3616,2186,0,0.005333191
Warm C,116054,752,751,3616,2186,0,0.0077441335
Warm C,840866,5053,5052,3616,2186,1,0.009610029
Warm C,631474,3821,3820,3616,2186,0,0.002586129
Warm C,79275,531,530,3616,2186,0,0.01752358
Warm C,310602,1851,1850,3616,2186,0,0.013962254
Warm C,720415,4312,4311,3616,2186,0,0.009012796
Warm C,476300,2926,2925,3616,2186,1,0.008971134
Warm C,541490,3332,3331,3616,2186,0,0.006676659
Warm C,116808,753,752,3616,2186,1,0.0034320885
Warm C,171468,1088,1087,3616,2186,0,0.008988119
Warm C,490218,3017,3016,3616,2186,0,0.008218497
Warm C,924106,5580,5579,3616,2186,0,0.008552086
Warm C,811360,4867,4866,3616,2186,1,0.003680983
Warm C,941664,5682,5681,3616,2186,0,0.0012417873
Warm C,860288,5172,5171,3616,2186,1,0.012169601
Warm C,82958,549,548,3616,2186,0,0.007191386
Warm C,295598,1755,1754,3616,2186,0,0.0061616246
Warm C,351631,2063,2062,3616,2186,0,0.023103977
Warm C,863393,5198,5197,3616,2186,0,0.0070002256
Warm C,62768,424,423,3616,2186,0,0.012726398
Warm C,435776,2664,2663,3619,2189,1,0.008248284
Warm C,432624,2638,2637,3619,2189,1,-0.004443492
Warm C,420430,2541,2540,3619,2189,0,0.003124066
Warm C,419700,2537,2536,3619,2189,0,0.002702198
Warm C,402245,2402,2401,3619,2189,0,0.007384248
Warm C,388900,2279,2278,3619,2189,1,0.0026337653
Warm C,377175,2203,2202,3619,2189,0,0.011586217
Warm C,369847,2164,2163,3619,2189,1,0.001452697
Warm C,340144,2008,2007,3619,2189,1,0.0045132767
Warm C,281209,1687,1686,3619,2189,1,-0.0070022577
Warm C,278956,1680,1679,3619,2189,0,0.011343045
Warm C,350688,2059,2058,3619,2189,1,0.0044226195
Warm C,218384,1324,1323,3619,2189,1,-0.002799304
Warm C,289266,1727,1726,3619,2189,1,0.0051973667
Warm C,205095,1262,1261,3619,2189,1,0.0012819981
Warm C,243827,1470,1469,3619,2189,0,-0.0046525104
Warm C,196957,1209,1208,3619,2189,1,0.005033235
Warm C,179056,1124,1123,3619,2189,1,-0.0032459376
Warm C,148978,958,957,3619,2189,0,-0.0007139818
Warm C,159965,1019,1018,3619,2189,0,-0.0009445213
Warm C,115329,749,748,3619,2189,0,-0.008435263
Warm C,110322,720,719,3619,2189,0,-0.006940113
Warm C,94154,631,630,3619,2189,0,0.004004804
Warm C,88030,579,578,3619,2189,0,-0.004746392
Warm C,96961,651,650,3619,2189,0,0.0061750915
Warm C,190703,1181,1180,3619,2189,0,-0.0016856255
Warm C,32958,223,222,3619,2189,0,-0.0016758679
Warm C,238769,1448,1447,3619,2189,0,0.0040784962
Warm C,15652,123,122,3619,2189,0,0.00708356
Warm C,200,3,2,3619,2189,0,-0.0053328695
Warm C,107830,710,709,3619,2189,0,0.0027506622
Warm C,697244,4169,4168,3619,2189,0,0.008741297
Warm C,219789,1333,1332,3622,2190,0,0.0033302933
Warm C,289271,1727,1726,3622,2190,1,0.0095087765
Warm C,307982,1836,1835,3622,2190,1,1.935754e-05
Warm C,316209,1883,1882,3622,2190,1,0.0013638863
Warm C,182738,1140,1139,3622,2190,1,0.0044314153
Warm C,199370,1224,1223,3622,2190,1,0.010614368
Warm C,177513,1119,1118,3622,2190,1,-0.0011598798
Warm C,190718,1181,1180,3622,2190,0,0.012716862
Warm C,158020,1015,1014,3622,2190,0,0.0019031481
Warm C,319991,1899,1898,3622,2190,1,0.015739232
Warm C,138088,889,888,3622,2190,0,0.018756246
Warm C,134155,869,868,3622,2190,0,0.0072176354
Warm C,159971,1019,1018,3622,2190,0,0.006021929
Warm C,112384,731,730,3622,2190,1,0.009799006
Warm C,86563,566,565,3622,2190,0,0.0021675478
Warm C,330681,1952,1951,3622,2190,0,0.007500685
Warm C,32170,216,215,3622,2190,1,0.007930415
Warm C,947716,5722,5721,3622,2190,1,0.00055239873
Warm C,712305,4273,4272,3622,2190,1,0.0032850734
Warm C,208694,1274,1273,3622,2190,1,0.01497765
Warm C,50658,333,332,3622,2190,0,-0.006398203
Warm C,699934,4186,4185,3622,2190,1,0.009887003
Warm C,821699,4940,4939,3622,2190,1,0.0031656648
Warm C,657474,3963,3962,3622,2190,1,0.00938069
Warm C,287668,1717,1716,3627,2193,0,0.012872687
Warm C,278973,1680,1679,3627,2193,1,0.005101849
Warm C,239910,1449,1448,3627,2193,0,0.0068255
Warm C,224108,1356,1355,3627,2193,1,0.0081742145
Warm C,224465,1357,1356,3627,2193,1,0.016740894
Warm C,208697,1274,1273,3627,2193,1,0.008082821
Warm C,199080,1223,1222,3627,2193,1,0.00116281
Warm C,308527,1837,1836,3627,2193,0,0.013006075
Warm C,196870,1208,1207,3627,2193,1,-0.000258659
Warm C,184330,1147,1146,3627,2193,1,0.015608622
Warm C,182740,1140,1139,3627,2193,1,7.810583e-05
Warm C,176379,1115,1114,3627,2193,0,0.0022907676
Warm C,159972,1019,1018,3627,2193,0,0.008361173
Warm C,159186,1017,1016,3627,2193,1,-0.0010468105
Warm C,158023,1015,1014,3627,2193,1,0.014078798
Warm C,148980,958,957,3627,2193,1,0.0036509011
Warm C,235948,1428,1427,3627,2193,1,-0.00081995525
Warm C,146079,939,938,3627,2193,0,-0.000718703
Warm C,138092,889,888,3627,2193,0,0.0061105387
Warm C,374789,2185,2184,3627,2193,1,0.0049625663
Warm C,132378,855,854,3627,2193,1,0.017877989
Warm C,99212,661,660,3627,2193,1,-0.0062988936
Warm C,284037,1698,1697,3627,2193,1,0.0060783466
Warm C,82974,549,548,3627,2193,1,0.008657498
Warm C,77375,524,523,3627,2193,1,0.00445046
Warm C,70126,474,473,3627,2193,1,0.0049153105
Warm C,62786,424,423,3627,2193,1,0.005691653
Warm C,41220,278,277,3627,2193,1,0.0033165044
Warm C,42825,293,292,3627,2193,0,0.0037943607
Warm C,31287,211,210,3627,2193,1,-0.008941597
Warm C,99826,667,666,3627,2193,0,0.0010487088
Warm C,947718,5722,5721,3627,2193,1,0.013521189
Warm C,18112,139,138,3627,2193,0,-0.0014902498
Warm C,481742,2962,2961,3627,2193,0,0.007954341
Warm C,631482,3821,3820,3627,2193,0,0.013646333
Warm C,451728,2781,2780,3627,2193,1,0.0027104996
Warm C,161308,1029,1028,3627,2193,0,0.005304542
Warm C,415355,2501,2500,3627,2193,0,0.011768546
Warm C,24424,173,172,3627,2193,0,0.0076368446
Warm C,534979,3301,3300,3627,2193,1,0.012639058
Warm C,129320,839,838,3627,2193,0,0.021854784
Warm C,252462,1530,1529,3627,2193,1,0.010452905
Warm C,322246,1912,1911,3627,2193,0,0.015879022
Warm C,327905,1941,1940,3627,2193,0,0.012586338
Warm C,497168,3054,3053,3627,2193,1,0.0010083491
Warm C,769010,4579,4578,3627,2193,1,0.01288212
Warm C,214759,1303,1302,3627,2193,0,0.019358128
Warm C,529588,3272,3271,3628,2194,0,0.007098943
Warm C,480072,2946,2945,3628,2194,0,0.003887223
Warm C,473462,2909,2908,3628,2194,1,0.010267614
Warm C,645199,3885,3884,3628,2194,1,0.0057309875
Warm C,456058,2808,2807,3628,2194,1,0.007207029
Warm C,447892,2761,2760,3628,2194,0,0.015252566
Warm C,434641,2651,2650,3628,2194,0,0.007374767
Warm C,430717,2625,2624,3628,2194,0,0.00942415
Warm C,412763,2484,2483,3628,2194,0,0.022206306
Warm C,388093,2271,2270,3628,2194,1,0.012686934
Warm C,387508,2265,2264,3628,2194,1,0.01201389
Warm C,376171,2194,2193,3628,2194,0,0.00827648
Warm C,364127,2121,2120,3628,2194,0,0.0063620834
Warm C,357364,2092,2091,3628,2194,1,0.019790474
Warm C,345449,2026,2025,3628,2194,0,0.011175769
Warm C,275479,1667,1666,3628,2194,1,0.010806232
Warm C,273853,1651,1650,3628,2194,0,0.0019603567
Warm C,293682,1748,1747,3628,2194,0,0.01723944
Warm C,350691,2059,2058,3628,2194,1,0.018829837
Warm C,242721,1465,1464,3628,2194,1,0.02080529
Warm C,246641,1490,1489,3628,2194,1,0.01915564
Warm C,219792,1333,1332,3628,2194,0,0.0061546667
Warm C,203419,1247,1246,3628,2194,1,0.0061443066
Warm C,182741,1140,1139,3628,2194,0,0.009143336
Warm C,165182,1053,1052,3628,2194,0,0.00474238
Warm C,152958,984,983,3628,2194,1,0.009833805
Warm C,323745,1920,1919,3628,2194,1,0.010139139
Warm C,146903,948,947,3628,2194,1,0.00508405
Warm C,144100,929,928,3628,2194,0,0.016242152
Warm C,134999,873,872,3628,2194,1,-0.0013202671
Warm C,130489,846,845,3628,2194,1,0.011404433
Warm C,71070,477,476,3628,2194,0,0.011928267
Warm C,68644,461,460,3628,2194,0,0.0058706524
Warm C,57783,391,390,3628,2194,1,0.015092656
Warm C,38962,264,263,3628,2194,0,0.020439798
Warm C,36571,245,244,3628,2194,1,0.01588094
Warm C,29260,199,198,3628,2194,1,0.01214108
Warm C,591886,3610,3609,3628,2194,0,0.012897249
Warm C,5626,40,39,3628,2194,1,0.01368633
Warm C,300285,1780,1779,3628,2194,0,0.011790633
Warm C,821700,4940,4939,3628,2194,1,0.00815144
Warm C,667397,4016,4015,3634,2197,1,0.0072469665
Warm C,660375,3981,3980,3634,2197,1,0.005944342
Warm C,660049,3978,3977,3634,2197,1,0.013495686
Warm C,659503,3974,3973,3634,2197,1,0.008737481
Warm C,651826,3930,3929,3634,2197,1,0.013027588
Warm C,642322,3864,3863,3634,2197,1,0.0131377615
Warm C,636624,3835,3834,3634,2197,1,0.00967289
Warm C,637995,3841,3840,3634,2197,1,0.0095690265
Warm C,621156,3762,3761,3634,2197,0,0.0111766085
Warm C,620645,3760,3759,3634,2197,0,0.005582569
Warm C,611667,3708,3707,3634,2197,1,-0.0044547585
Warm C,606448,3683,3682,3634,2197,1,0.017201856
Warm C,869847,5255,5254,3634,2197,1,0.010178241
Warm C,594566,3619,3618,3634,2197,0,0.0075899847
Warm C,585247,3574,3573,3634,2197,0,0.018374056
Warm C,728412,4354,4353,3634,2197,1,0.008601332
Warm C,764418,4543,4542,3634,2197,1,0.03015709
Warm C,567118,3482,3481,3634,2197,1,0.00035327207
Warm C,563669,3469,3468,3634,2197,1,0.009639756
Warm C,558020,3426,3425,3634,2197,1,0.0061987983
Warm C,547894,3380,3379,3634,2197,1,0.002802466
Warm C,506634,3118,3117,3634,2197,1,0.008818966
Warm C,505094,3108,3107,3634,2197,1,0.01101109
Warm C,546045,3367,3366,3634,2197,1,0.005152871
Warm C,697267,4169,4168,3634,2197,1,0.019419478
Warm C,471601,2901,2900,3634,2197,1,-0.0025414985
Warm C,494961,3036,3035,3634,2197,1,0.0049891192
Warm C,460630,2841,2840,3634,2197,1,0.02059501
Warm C,455538,2805,2804,3634,2197,1,0.009620908
Warm C,442577,2726,2725,3634,2197,1,0.0031507616
Warm C,433574,2643,2642,3634,2197,0,0.0068347044
Warm C,645203,3885,3884,3634,2197,1,0.005628622
Warm C,428245,2605,2604,3634,2197,1,0.0123670865
Warm C,423703,2567,2566,3634,2197,1,0.012826125
Warm C,422129,2555,2554,3634,2197,1,0.0061143455
Warm C,421610,2547,2546,3634,2197,1,0.00738302
Warm C,421483,2546,2545,3634,2197,1,0.01016704
Warm C,426887,2592,2591,3634,2197,1,0.01555022
Warm C,418080,2526,2525,3634,2197,1,0.008536407
Warm C,415045,2498,2497,3634,2197,1,0.004347735
Warm C,410816,2465,2464,3634,2197,1,0.004005297
Warm C,412070,2478,2477,3634,2197,1,0.012577267
Warm C,390961,2297,2296,3634,2197,1,0.012224294
Warm C,390865,2294,2293,3634,2197,1,0.004267159
Warm C,388906,2279,2278,3634,2197,1,0.008509551
Warm C,385229,2251,2250,3634,2197,1,0.010009875
Warm C,381601,2231,2230,3634,2197,1,0.020201972
Warm C,378688,2211,2210,3634,2197,1,0.010280907
Warm C,353686,2072,2071,3634,2197,1,0.0045693186
Warm C,356338,2088,2087,3634,2197,1,0.014701128
Warm C,347645,2039,2038,3634,2197,1,0.0017774068
Warm C,357371,2092,2091,3634,2197,0,0.0112690125
Warm C,343596,2018,2017,3634,2197,1,0.00859862
Warm C,334536,1974,1973,3634,2197,1,0.007955595
Warm C,323126,1916,1915,3634,2197,1,0.006094717
Warm C,313331,1869,1868,3634,2197,1,0.0011712884
Warm C,311555,1856,1855,3634,2197,1,0.013639078
Warm C,293689,1748,1747,3634,2197,1,0.014335757
Warm C,250792,1513,1512,3634,2197,1,0.0070288945
Warm C,392093,2304,2303,3634,2197,1,0.01704995
Warm C,236691,1437,1436,3634,2197,1,0.014614994
Warm C,316728,1884,1883,3634,2197,1,0.015927128
Warm C,242727,1465,1464,3634,2197,1,0.010617709
Warm C,318121,1890,1889,3634,2197,1,0.0029496644
Warm C,214770,1303,1302,3634,2197,1,0.022861935
Warm C,210089,1284,1283,3634,2197,1,0.0044881282
Warm C,188563,1170,1169,3634,2197,1,0.010802407
Warm C,184334,1147,1146,3634,2197,1,0.011760982
Warm C,180984,1131,1130,3634,2197,1,0.016621925
Warm C,190745,1181,1180,3634,2197,1,0.022368979
Warm C,163087,1041,1040,3634,2197,1,-0.0021862143
Warm C,152968,984,983,3634,2197,1,0.011206547
Warm C,146908,948,947,3634,2197,1,0.007900147
Warm C,253354,1541,1540,3634,2197,0,0.006075291
Warm C,379896,2222,2221,3634,2197,0,0.011079934
Warm C,118864,769,768,3634,2197,0,-0.00066332845
Warm C,139163,890,889,3634,2197,0,0.008989075
Warm C,98125,656,655,3634,2197,1,0.007708646
Warm C,96125,646,645,3634,2197,1,0.007517813
Warm C,76868,521,520,3634,2197,1,6.6768844e-05
Warm C,55321,366,365,3634,2197,1,0.009894285
Warm C,49831,330,329,3634,2197,1,0.003612232
Warm C,67007,451,450,3634,2197,1,0.008682959
Warm C,48600,326,325,3634,2197,0,-0.0015524696
Warm C,47606,319,318,3634,2197,1,0.016210634
Warm C,98721,660,659,3634,2197,1,0.014980991
Warm C,27600,193,192,3634,2197,1,0.0084735155
Warm C,25164,177,176,3634,2197,0,0.0081622265
Warm C,9371,62,61,3634,2197,1,0.021696609
Warm C,657480,3963,3962,3634,2197,0,0.01254196
Warm C,2982,23,22,3634,2197,0,0.019467548
Warm C,62801,424,423,3634,2197,1,0.016815664
Warm C,24444,173,172,3634,2197,1,0.009174906
Warm C,141162,910,909,3634,2197,1,0.0069705714
Warm C,835187,5019,5018,3634,2197,1,0.014201471
Warm C,420918,2544,2543,3634,2197,1,0.017533228
Warm C,804152,4815,4814,3634,2197,1,0.008741789
Warm C,843630,5071,5070,3634,2197,1,0.003097568
Warm C,485938,2991,2990,3634,2197,1,0.0132709835
Warm C,254613,1547,1546,3634,2197,1,0.003586641
Warm C,795596,4765,4764,3634,2197,1,0.0039347066
Warm C,933832,5636,5635,3634,2197,1,0.012377663
Warm C,994017,6002,6001,3634,2197,1,0.004124388
Warm C,322257,1912,1911,3634,2197,0,0.011819711
Warm C,93246,624,623,3634,2197,1,0.0109059075
Warm C,518697,3201,3200,3643,2201,0,0.0038223942
Warm C,566160,3476,3475,3643,2201,0,-0.008067934
Warm C,646635,3892,3891,3643,2201,1,0.011626776
Warm C,495251,3039,3038,3643,2201,0,-0.008466149
Warm C,486235,2994,2993,3643,2201,1,0.0024215414
Warm C,529614,3272,3271,3643,2201,1,0.014017396
Warm C,480085,2946,2945,3643,2201,0,0.0077818683
Warm C,473500,2909,2908,3643,2201,1,0.011770982
Warm C,645212,3885,3884,3643,2201,1,0.0008366364
Warm C,434647,2651,2650,3643,2201,0,0.0012955661
Warm C,430721,2625,2624,3643,2201,0,-0.00068002427
Warm C,426898,2592,2591,3643,2201,1,0.005886116
Warm C,394664,2329,2328,3643,2201,0,-0.0024310562
Warm C,388099,2271,2270,3643,2201,1,0.005393347
Warm C,377200,2203,2202,3643,2201,1,0.013825595
Warm C,364130,2121,2120,3643,2201,0,-0.0040140916
Warm C,345454,2026,2025,3643,2201,0,0.0032018602
Warm C,293698,1748,1747,3643,2201,0,0.013418896
Warm C,292249,1741,1740,3643,2201,1,0.004337281
Warm C,275497,1667,1666,3643,2201,0,0.009496941
Warm C,350695,2059,2058,3643,2201,1,0.0033438648
Warm C,244656,1473,1472,3643,2201,0,0.0052075535
Warm C,242738,1465,1464,3643,2201,1,0.0090547055
Warm C,246649,1490,1489,3643,2201,1,0.010650909
Warm C,220580,1337,1336,3643,2201,1,0.0058318703
Warm C,152977,984,983,3643,2201,0,0.006052795
Warm C,323762,1920,1919,3643,2201,0,0.010325469
Warm C,146912,948,947,3643,2201,0,-0.0010712123
Warm C,131101,850,849,3643,2201,1,-0.0006404985
Warm C,123369,796,795,3643,2201,0,-0.0005221404
Warm C,118323,765,764,3643,2201,1,0.004488671
Warm C,106723,702,701,3643,2201,1,0.014283898
Warm C,104254,692,691,3643,2201,0,0.0025857124
Warm C,71079,477,476,3643,2201,0,-0.00035976758
Warm C,68660,461,460,3643,2201,0,0.00016068923
Warm C,68008,456,455,3643,2201,0,-0.007586099
Warm C,52843,348,347,3643,2201,0,-3.4722732e-05
Warm C,36632,245,244,3643,2201,0,0.007178517
Warm C,591909,3610,3609,3643,2201,0,-0.0018014568
Warm C,5637,40,39,3643,2201,1,-0.0032632458
Warm C,445792,2749,2748,3643,2201,1,-0.009255006
Warm C,334970,1976,1975,3646,2202,0,-0.005127335
Warm C,315133,1880,1879,3646,2202,0,-0.0022928675
Warm C,330519,1951,1950,3646,2202,0,-0.008801353
Warm C,295619,1755,1754,3646,2202,0,0.0074656988
Warm C,277597,1676,1675,3646,2202,1,0.0039851647
Warm C,299027,1776,1775,3646,2202,0,-0.000507995
Warm C,271445,1641,1640,3646,2202,0,0.006745324
Warm C,256975,1573,1572,3646,2202,1,0.0024040316
Warm C,246048,1487,1486,3646,2202,0,-0.0028908036
Warm C,253135,1538,1537,3646,2202,0,0.004367985
Warm C,204926,1261,1260,3646,2202,0,0.007221319
Warm C,189336,1173,1172,3646,2202,0,0.0079075685
Warm C,201128,1241,1240,3646,2202,0,-0.0009859741
Warm C,326546,1935,1934,3646,2202,1,0.008883756
Warm C,185158,1150,1149,3646,2202,0,0.0014061839
Warm C,182353,1138,1137,3646,2202,0,0.002158272
Warm C,179546,1125,1124,3646,2202,1,-0.0050851954
Warm C,175460,1112,1111,3646,2202,0,0.012459887
Warm C,163779,1050,1049,3646,2202,0,-0.0031588487
Warm C,162588,1037,1036,3646,2202,0,-0.0007476243
Warm C,255492,1556,1555,3646,2202,1,0.00015969621
Warm C,149330,961,960,3646,2202,1,-0.0006683271
Warm C,380236,2223,2222,3646,2202,0,-0.0024321678
Warm C,135157,875,874,3646,2202,1,0.0015354268
Warm C,122021,787,786,3646,2202,0,-0.004162153
Warm C,120066,775,774,3646,2202,0,0.0048716487
Warm C,119169,770,769,3646,2202,0,0.010608833
Warm C,110111,718,717,3646,2202,1,0.0005799779
Warm C,100801,673,672,3646,2202,0,-0.0019469915
Warm C,95928,644,643,3646,2202,0,0.0015126743
Warm C,174633,1105,1104,3646,2202,0,0.002500582
Warm C,406025,2436,2435,3646,2202,0,0.005812367
Warm C,120369,777,776,3646,2202,0,0.002172974
Warm C,70741,476,475,3646,2202,1,0.0048527536
Warm C,67402,453,452,3646,2202,0,0.008665308
Warm C,64209,429,428,3646,2202,0,0.009254169
Warm C,251124,1516,1515,3646,2202,0,-0.0008141622
Warm C,57000,385,384,3646,2202,1,-0.0058435625
Warm C,407226,2446,2445,3646,2202,0,0.003956892
Warm C,44693,302,301,3646,2202,0,0.011184311
Warm C,355595,2082,2081,3646,2202,1,-0.0084505435
Warm C,39614,268,267,3646,2202,1,-0.006149682
Warm C,88777,587,586,3646,2202,0,0.00083075615
Warm C,481753,2962,2961,3646,2202,1,-0.0053237965
Warm C,22655,163,162,3646,2202,0,0.005983426
Warm C,26522,187,186,3646,2202,0,-0.0027148107
Warm C,210099,1284,1283,3646,2202,0,0.008966909
Warm C,45430,306,305,3646,2202,1,-0.0016153568
Warm C,433149,2641,2640,3646,2202,0,-0.0012761836
Warm C,14002,113,112,3646,2202,0,-0.005798891
Warm C,272841,1647,1646,3646,2202,0,-0.0036580225
Warm C,9003,61,60,3646,2202,1,0.0098272
Warm C,8231,57,56,3646,2202,0,0.008889049
Warm C,7356,52,51,3646,2202,0,-0.009821583
Warm C,7246,50,49,3646,2202,0,0.0021521454
Warm C,90480,600,599,3646,2202,0,-0.0086203925
Warm C,399808,2380,2379,3646,2202,1,-0.0036270446
Warm C,116818,753,752,3646,2202,1,0.0017781584
Warm C,1599,15,14,3646,2202,0,0.007304631
Warm C,211659,1287,1286,3646,2202,0,0.009894708
Warm C,238818,1448,1447,3646,2202,0,-0.00015323609
Warm C,21046,153,152,3646,2202,1,-0.008573017
Warm C,179979,1127,1126,3646,2202,0,0.00052473275
Warm C,171530,1088,1087,3646,2202,0,0.010038867
Warm C,239950,1449,1448,3646,2202,0,-0.0034737287
Warm C,299572,1778,1777,3646,2202,0,0.0071795587
Warm C,181957,1137,1136,3646,2202,0,0.0025179475
Warm C,250369,1509,1508,3646,2202,0,0.0070208376
Warm C,743159,4445,4444,3646,2202,0,0.001586028
Warm C,598162,3641,3640,3646,2202,0,0.0041108904
Warm C,287300,1715,1714,3646,2202,1,-0.0002299617
Warm C,354838,2077,2076,3646,2202,0,0.0100018475
Warm C,19550,148,147,3646,2202,0,-0.011113273
Warm C,512763,3163,3162,3646,2202,0,0.003567225
Warm C,575778,3520,3519,3646,2202,0,0.0059296098
Warm C,388336,2272,2271,3646,2202,1,0.010897718
Warm C,150537,970,969,3646,2202,0,0.011210134
Warm C,930599,5621,5620,3646,2202,0,-2.7790433e-05
Warm C,605725,3681,3680,3646,2202,0,0.003044642
Warm C,42850,293,292,3646,2202,0,0.0028157267
Warm C,949284,5734,5733,3646,2202,0,0.006411412
Warm C,530948,3280,3279,3646,2202,0,0.00849664
Warm C,14218,116,115,3646,2202,0,-0.00041254365
Warm C,12864,99,98,3646,2202,0,-0.00073797023
Warm C,521735,3219,3218,3646,2202,0,0.009337286
Warm C,12103,92,91,3646,2202,0,0.0006538646
Warm C,437228,2669,2668,3646,2202,0,-0.00017653732
Warm C,567404,3483,3482,3646,2202,0,0.006779013
Warm C,272134,1645,1644,3646,2202,1,0.0046079936
Warm C,317651,1889,1888,3646,2202,0,-0.0055818334
Warm C,503800,3096,3095,3646,2202,1,-0.0043516182
Warm C,242094,1458,1457,3646,2202,0,0.008729223
Warm C,110749,721,720,3646,2202,0,-0.0022778106
Warm C,335162,1978,1977,3646,2202,0,0.0016480641
Warm C,309573,1842,1841,3646,2202,0,0.0018394298
Warm C,287682,1717,1716,3646,2202,0,-0.000563903
Warm C,351699,2063,2062,3646,2202,0,0.005116183
Warm C,636240,3834,3833,3646,2202,0,0.004383725
Warm C,973568,5872,5871,3646,2202,0,0.0017925054
Warm C,631509,3821,3820,3646,2202,0,0.0071812784
Warm C,907802,5492,5491,3646,2202,0,-0.0018148278
Warm C,255899,1560,1559,3646,2202,1,-0.00010099122
Warm C,134186,869,868,3646,2202,0,-0.0006928423
Warm C,864047,5205,5204,3646,2202,0,-0.0051943306
Warm C,47643,319,318,3646,2202,0,0.0029912775
Warm C,977930,5892,5891,3646,2202,0,0.0008805357
Warm C,883357,5333,5332,3646,2202,0,0.0021979464
Warm C,926207,5598,5597,3646,2202,0,0.008397919
Warm C,327954,1941,1940,3646,2202,0,-0.0010388964
Warm C,164462,1051,1050,3646,2202,0,-0.00022499205
Warm C,363750,2119,2118,3646,2202,0,0.0016494713
Warm C,564343,3471,3470,3646,2202,0,0.0019577683
Warm C,941683,5682,5681,3646,2202,0,0.0027585537
Warm C,53068,349,348,3646,2202,0,-0.0004587005
Warm C,310634,1851,1850,3646,2202,0,0.0073962235
Warm C,847209,5090,5089,3646,2202,0,0.0060111107
Warm C,857994,5156,5155,3646,2202,0,0.0120722735
Warm C,550012,3391,3390,3646,2202,0,0.0006079299
Warm C,466761,2878,2877,3646,2202,0,0.0069065792
Warm C,83011,549,548,3646,2202,0,-0.0015455128
Warm C,619211,3752,3751,3653,2204,1,-0.002231883
Warm C,614336,3721,3720,3653,2204,0,0.008654766
Warm C,611668,3708,3707,3653,2204,1,0.0075646574
Warm C,612739,3714,3713,3653,2204,1,-0.008547055
Warm C,604140,3675,3674,3653,2204,1,0.0034446572
Warm C,601409,3656,3655,3653,2204,0,0.004217522
Warm C,598168,3641,3640,3653,2204,1,0.008133788
Warm C,597133,3629,3628,3653,2204,0,0.0077874106
Warm C,869852,5255,5254,3653,2204,1,0.016109556
Warm C,594574,3619,3618,3653,2204,1,0.0155619485
Warm C,585640,3576,3575,3653,2204,1,0.005858999
Warm C,585256,3574,3573,3653,2204,0,0.00079239556
Warm C,874309,5278,5277,3653,2204,1,0.0053388216
Warm C,567896,3484,3483,3653,2204,1,0.0015517798
Warm C,561045,3452,3451,3653,2204,1,0.004142198
Warm C,590986,3605,3604,3653,2204,1,0.011201495
Warm C,551809,3400,3399,3653,2204,1,0.0085057495
Warm C,547902,3380,3379,3653,2204,1,0.014977927
Warm C,538465,3313,3312,3653,2204,0,0.013965771
Warm C,533232,3292,3291,3653,2204,1,0.009006176
Warm C,529622,3272,3271,3653,2204,0,0.019730646
Warm C,527850,3263,3262,3653,2204,1,0.00056866766
Warm C,575279,3519,3518,3653,2204,0,0.006215829
Warm C,522456,3224,3223,3653,2204,1,0.005820388
Warm C,518702,3201,3200,3653,2204,1,0.010019546
Warm C,514863,3180,3179,3653,2204,1,0.0016309607
Warm C,492662,3029,3028,3653,2204,1,0.01608913
Warm C,599955,3650,3649,3653,2204,0,0.009168753
Warm C,471610,2901,2900,3653,2204,1,0.008931613
Warm C,471331,2900,2899,3653,2204,1,0.020426543
Warm C,466764,2878,2877,3653,2204,1,0.010875577
Warm C,462554,2854,2853,3653,2204,0,0.0053555956
Warm C,449738,2773,2772,3653,2204,1,0.0036462503
Warm C,451365,2778,2777,3653,2204,1,0.013305233
Warm C,410820,2465,2464,3653,2204,1,0.011007748
Warm C,396630,2348,2347,3653,2204,0,0.0039488077
Warm C,400356,2383,2382,3653,2204,0,0.011743045
Warm C,381610,2231,2230,3653,2204,0,0.011334705
Warm C,357388,2092,2091,3653,2204,1,0.011124069
Warm C,349841,2054,2053,3653,2204,1,0.015137232
Warm C,323134,1916,1915,3653,2204,0,0.021676235
Warm C,302470,1796,1795,3653,2204,1,-0.001255172
Warm C,295243,1753,1752,3653,2204,1,-0.004146387
Warm C,298790,1775,1774,3653,2204,0,0.0070061497
Warm C,293703,1748,1747,3653,2204,0,-0.00020495104
Warm C,345456,2026,2025,3653,2204,0,0.0021747798
Warm C,260378,1592,1591,3653,2204,0,0.008371178
Warm C,243875,1470,1469,3653,2204,0,0.006109356
Warm C,244660,1473,1472,3653,2204,1,-0.003991003
Warm C,242746,1465,1464,3653,2204,1,0.0064989105
Warm C,325338,1926,1925,3653,2204,1,0.001359242
Warm C,289291,1727,1726,3653,2204,1,0.0027695915
Warm C,293151,1746,1745,3653,2204,1,0.016112348
Warm C,197882,1216,1215,3653,2204,1,0.0046078307
Warm C,183712,1143,1142,3653,2204,1,0.01005523
Warm C,182754,1140,1139,3653,2204,0,0.0010800182
Warm C,210835,1285,1284,3653,2204,1,0.010313689
Warm C,212864,1297,1296,3653,2204,1,0.00754894
Warm C,222051,1343,1342,3653,2204,1,0.009712946
Warm C,148271,955,954,3653,2204,0,0.017247688
Warm C,713810,4277,4276,3653,2204,1,0.008904284
Warm C,147915,953,952,3653,2204,1,0.004700587
Warm C,128941,838,837,3653,2204,1,0.001614575
Warm C,315142,1880,1879,3653,2204,1,0.010702192
Warm C,125367,806,805,3653,2204,1,0.009204085
Warm C,124842,802,801,3653,2204,1,0.014803072
Warm C,132406,855,854,3653,2204,1,0.019423226
Warm C,103957,691,690,3653,2204,1,0.011545403
Warm C,92276,615,614,3653,2204,1,0.0021757022
Warm C,152983,984,983,3653,2204,1,0.014656605
Warm C,83023,549,548,3653,2204,1,0.016937524
Warm C,57008,385,384,3653,2204,1,0.010808071
Warm C,130496,846,845,3653,2204,0,0.0077487403
Warm C,317657,1889,1888,3653,2204,0,0.0051353085
Warm C,48625,326,325,3653,2204,0,0.0012347793
Warm C,34804,235,234,3653,2204,0,0.008648653
Warm C,32256,216,215,3653,2204,0,-9.551924e-05
Warm C,481757,2962,2961,3653,2204,0,0.01257897
Warm C,210107,1284,1283,3653,2204,0,0.0070013804
Warm C,30635,204,203,3653,2204,0,0.014567483
Warm C,459595,2832,2831,3653,2204,1,0.0135069825
Warm C,249821,1505,1504,3653,2204,1,0.007012897
Warm C,265035,1611,1610,3653,2204,1,0.012557436
Warm C,420930,2544,2543,3653,2204,0,0.018945146
Warm C,821705,4940,4939,3653,2204,1,0.001467003
Warm C,657490,3963,3962,3653,2204,0,0.01652078
Warm C,322281,1912,1911,3653,2204,1,0.010842826
Warm C,96589,648,647,3653,2204,1,0.011018575
Warm C,748307,4467,4466,3653,2204,1,0.014273838
Warm C,14620,117,116,3658,2206,1,0.0071937577
Warm C,1850,17,16,3658,2206,1,0.0072382563
Warm C,1349,12,11,3658,2206,1,-0.00049619074
Warm C,873857,5276,5275,3658,2206,0,0.0016230042
Warm C,293705,1748,1747,3658,2206,1,0.0052115386
Warm C,927872,5605,5604,3658,2206,1,0.008025392
Warm C,473514,2909,2908,3658,2206,0,-0.0025133248
Warm C,327970,1941,1940,3658,2206,0,-0.0011352964
Warm C,28367,195,194,3658,2206,1,-0.00682855
Warm C,584665,3569,3568,3660,2207,0,0.007051014
Warm C,577737,3528,3527,3660,2207,0,-0.0034201657
Warm C,569153,3491,3490,3660,2207,1,0.0044853175
Warm C,559390,3436,3435,3660,2207,1,0.0036086338
Warm C,547360,3377,3376,3660,2207,1,0.0024668374
Warm C,577077,3526,3525,3660,2207,0,0.0050963666
Warm C,538902,3314,3313,3660,2207,1,0.0031322022
Warm C,537064,3311,3310,3660,2207,0,0.011528805
Warm C,505582,3110,3109,3660,2207,0,0.009548379
Warm C,501733,3081,3080,3660,2207,1,0.0030669346
Warm C,494039,3032,3031,3660,2207,1,0.009961377
Warm C,483926,2976,2975,3660,2207,0,0.002269225
Warm C,487865,3001,3000,3660,2207,1,0.0027787709
Warm C,697305,4169,4168,3660,2207,0,0.008684682
Warm C,591192,3607,3606,3660,2207,0,0.008933907
Warm C,472522,2907,2906,3660,2207,1,0.0038498016
Warm C,463228,2857,2856,3660,2207,1,0.0026227515
Warm C,457850,2820,2819,3660,2207,0,0.012356251
Warm C,444402,2742,2741,3660,2207,0,0.008073504
Warm C,441633,2711,2710,3660,2207,0,-0.0022293236
Warm C,437047,2668,2667,3660,2207,0,0.01854472
Warm C,430723,2625,2624,3660,2207,0,0.0068599964
Warm C,426441,2590,2589,3660,2207,0,0.00062498404
Warm C,409574,2457,2456,3660,2207,0,0.009685292
Warm C,386986,2263,2262,3660,2207,1,0.006939732
Warm C,386043,2258,2257,3660,2207,0,0.010619996
Warm C,374017,2181,2180,3660,2207,0,-0.0035052872
Warm C,370700,2167,2166,3660,2207,1,0.00363545
Warm C,369876,2164,2163,3660,2207,0,0.0014427719
Warm C,368621,2155,2154,3660,2207,1,0.005485363
Warm C,368777,2156,2155,3660,2207,0,0.0024546077
Warm C,367321,2144,2143,3660,2207,0,0.014246704
Warm C,356353,2088,2087,3660,2207,1,0.017947648
Warm C,297447,1764,1763,3660,2207,0,0.004498451
Warm C,299032,1776,1775,3660,2207,0,0.012578675
Warm C,288243,1722,1721,3660,2207,1,0.004240454
Warm C,288428,1723,1722,3660,2207,0,0.015670063
Warm C,279072,1680,1679,3660,2207,0,0.017118063
Warm C,276911,1675,1674,3660,2207,0,0.010640776
Warm C,247623,1496,1495,3660,2207,0,0.016626745
Warm C,342393,2015,2014,3660,2207,1,0.009276677
Warm C,226373,1370,1369,3660,2207,0,0.001635733
Warm C,277614,1676,1675,3660,2207,1,0.022679368
Warm C,327978,1941,1940,3660,2207,0,0.012139481
Warm C,187049,1160,1159,3660,2207,0,0.0038704562
Warm C,186529,1154,1153,3660,2207,0,0.004319928
Warm C,307376,1835,1834,3660,2207,0,0.017942734
Warm C,181580,1135,1134,3660,2207,0,0.011978063
Warm C,177525,1119,1118,3660,2207,0,0.014119181
Warm C,176385,1115,1114,3660,2207,0,0.0045732614
Warm C,196457,1207,1206,3660,2207,0,0.012780998
Warm C,165980,1058,1057,3660,2207,1,0.017605793
Warm C,159205,1017,1016,3660,2207,1,0.0085887
Warm C,138158,889,888,3660,2207,0,0.008833667
Warm C,134194,869,868,3660,2207,1,0.008952558
Warm C,131472,851,850,3660,2207,1,0.007850054
Warm C,315152,1880,1879,3660,2207,0,0.013209439
Warm C,125512,808,807,3660,2207,0,0.009129574
Warm C,107499,709,708,3660,2207,0,0.016147304
Warm C,104836,695,694,3660,2207,0,0.0019787832
Warm C,331543,1958,1957,3660,2207,0,0.007852293
Warm C,99663,665,664,3660,2207,0,0.00540033
Warm C,351721,2063,2062,3660,2207,0,0.007825505
Warm C,90923,602,601,3660,2207,0,0.0034567623
Warm C,86086,563,562,3660,2207,0,0.010826647
Warm C,81219,541,540,3660,2207,0,0.002269641
Warm C,70413,475,474,3660,2207,0,0.011600123
Warm C,66529,445,444,3660,2207,0,0.011557122
Warm C,62840,424,423,3660,2207,0,0.0058441316
Warm C,57667,390,389,3660,2207,0,0.003299871
Warm C,54003,352,351,3660,2207,0,0.010405121
Warm C,51023,336,335,3660,2207,1,0.0049868133
Warm C,132412,855,854,3660,2207,0,0.010794002
Warm C,45247,305,304,3660,2207,0,0.00029397802
Warm C,639041,3842,3841,3660,2207,0,0.006133857
Warm C,41255,278,277,3660,2207,1,0.014270658
Warm C,481761,2962,2961,3660,2207,0,0.018565916
Warm C,21048,153,152,3660,2207,0,0.007948108
Warm C,23224,166,165,3660,2207,0,0.0012313703
Warm C,119184,770,769,3660,2207,0,0.004957744
Warm C,290139,1733,1732,3660,2207,0,0.007952085
Warm C,8590,58,57,3660,2207,0,0.0049854787
Warm C,7926,53,52,3660,2207,0,0.006200367
Warm C,2739,22,21,3660,2207,1,0.008588741
Warm C,19585,148,147,3660,2207,1,0.0018363254
Warm C,552272,3401,3400,3660,2207,0,0.011153562
Warm C,164470,1051,1050,3660,2207,0,0.0062453113
Warm C,310643,1851,1850,3660,2207,0,0.00026307616
Warm C,158080,1015,1014,3660,2207,0,0.010451615
Warm C,366133,2131,2130,3660,2207,1,-6.682938e-05
Warm C,622055,3768,3767,3660,2207,0,0.011508049
Warm C,720438,4312,4311,3660,2207,0,0.012150875
Warm C,760795,4520,4519,3660,2207,1,0.009037832
Warm C,105581,698,697,3660,2207,0,0.01201708
Warm C,474346,2910,2909,3660,2207,1,0.002520697
Warm C,497615,3055,3054,3660,2207,0,0.009264599
Warm C,489566,3013,3012,3660,2207,0,0.007986843
Warm C,277615,1676,1675,3661,2208,0,0.01684897
Warm C,327980,1941,1940,3661,2208,0,0.0069907294
Warm C,176386,1115,1114,3661,2208,0,0.0034605984
Warm C,159206,1017,1016,3661,2208,0,0.010375449
Warm C,134195,869,868,3661,2208,1,0.0068171937
Warm C,138159,889,888,3661,2208,0,0.020797126
Warm C,351722,2063,2062,3661,2208,0,0.017957728
Warm C,125513,808,807,3661,2208,0,-0.0028364176
Warm C,107500,709,708,3661,2208,0,0.02161042
Warm C,99664,665,664,3661,2208,0,0.010705419
Warm C,91615,608,607,3661,2208,0,0.014168099
Warm C,308561,1837,1836,3661,2208,0,0.010951903
Warm C,86087,563,562,3661,2208,0,0.0060521765
Warm C,75881,516,515,3661,2208,0,0.0113518555
Warm C,57668,390,389,3661,2208,0,0.0093817925
Warm C,51216,337,336,3661,2208,0,0.011419272
Warm C,41256,278,277,3661,2208,0,0.015086697
Warm C,291327,1737,1736,3661,2208,0,0.013524086
Warm C,639042,3842,3841,3661,2208,0,0.006515727
Warm C,2740,22,21,3661,2208,1,0.00444403
Warm C,829078,4979,4978,3661,2208,0,0.025903203
Warm C,310644,1851,1850,3661,2208,0,0.012367958
Warm C,221802,1341,1340,3662,2209,0,-0.008963961
Warm C,196139,1206,1205,3662,2209,1,0.01009871
Warm C,196459,1207,1206,3662,2209,0,0.0076303193
Warm C,327983,1941,1940,3662,2209,0,0.0038528368
Warm C,159207,1017,1016,3662,2209,0,0.0035662916
Warm C,342397,2015,2014,3662,2209,0,0.001577373
Warm C,156775,1010,1009,3662,2209,0,0.011703888
Warm C,138160,889,888,3662,2209,0,0.006256098
Warm C,133859,868,867,3662,2209,1,0.0008353279
Warm C,134196,869,868,3662,2209,0,0.0064946385
Warm C,351723,2063,2062,3662,2209,0,7.771421e-06
Warm C,127075,820,819,3662,2209,0,0.009206217
Warm C,125514,808,807,3662,2209,0,0.0038698434
Warm C,107501,709,708,3662,2209,1,0.0049717557
Warm C,250375,1509,1508,3662,2209,0,-0.0015583918
Warm C,91616,608,607,3662,2209,0,-0.005408018
Warm C,308562,1837,1836,3662,2209,0,0.005913776
Warm C,86088,563,562,3662,2209,0,0.004451465
Warm C,75882,516,515,3662,2209,0,0.0068544024
Warm C,57669,390,389,3662,2209,1,0.005027922
Warm C,51024,336,335,3662,2209,1,0.0010765381
Warm C,41927,284,283,3662,2209,0,0.005179018
Warm C,41257,278,277,3662,2209,0,0.0026971032
Warm C,291328,1737,1736,3662,2209,0,-0.0005075969
Warm C,33640,225,224,3662,2209,0,0.0009839474
Warm C,22687,163,162,3662,2209,0,0.009945951
Warm C,14630,117,116,3662,2209,0,0.008838462
Warm C,1861,17,16,3662,2209,0,-0.008432149
Warm C,11117,82,81,3662,2209,0,0.008624659
Warm C,552274,3401,3400,3662,2209,0,0.0010798757
Warm C,310645,1851,1850,3662,2209,0,0.0074566016
Warm C,366135,2131,2130,3662,2209,0,0.0034292266
Warm C,237842,1447,1446,3669,2211,0,0.0052147154
Warm C,342405,2015,2014,3669,2211,0,0.0048578703
Warm C,272145,1645,1644,3669,2211,0,0.0073897643
Warm C,102173,678,677,3669,2211,0,0.011117696
Warm C,497618,3055,3054,3669,2211,0,0.014700816
Warm C,134207,869,868,3669,2211,1,0.01016148
Warm C,418619,2529,2528,3669,2211,0,-0.00049875537
Warm C,537876,3312,3311,3669,2211,0,0.0018634062
Warm C,967295,5831,5830,3669,2211,0,0.013309505
Warm C,234925,1425,1424,3669,2211,0,-0.0022295304
Warm C,550046,3391,3390,3669,2211,0,-0.006330178
Warm C,533256,3292,3291,3672,2213,1,0.012109195
Warm C,530970,3280,3279,3672,2213,0,0.01845657
Warm C,522483,3224,3223,3672,2213,0,0.010617081
Warm C,518717,3201,3200,3672,2213,1,0.0006096426
Warm C,517625,3195,3194,3672,2213,0,0.007805424
Warm C,515435,3182,3181,3672,2213,1,0.008016638
Warm C,527382,3261,3260,3672,2213,0,0.014991264
Warm C,510230,3143,3142,3672,2213,1,-0.0045107277
Warm C,539860,3320,3319,3672,2213,0,0.025712846
Warm C,502116,3082,3081,3672,2213,1,0.0066001895
Warm C,494064,3032,3031,3672,2213,1,0.017894423
Warm C,487562,2999,2998,3672,2213,0,0.008710451
Warm C,769027,4579,4578,3672,2213,1,0.017392702
Warm C,599976,3650,3649,3672,2213,0,0.014123915
Warm C,479238,2941,2940,3672,2213,0,0.009848952
Warm C,697315,4169,4168,3672,2213,0,0.01938571
Warm C,468386,2887,2886,3672,2213,0,0.008422288
Warm C,880116,5317,5316,3672,2213,1,0.0116556045
Warm C,463245,2857,2856,3672,2213,0,0.017362725
Warm C,462565,2854,2853,3672,2213,0,0.004123681
Warm C,487012,2996,2995,3672,2213,1,0.00624969
Warm C,466776,2878,2877,3672,2213,1,0.013594137
Warm C,447323,2756,2755,3672,2213,0,-0.00036821282
Warm C,445559,2748,2747,3672,2213,0,0.009697436
Warm C,437933,2676,2675,3672,2213,0,-0.0020728768
Warm C,456433,2810,2809,3672,2213,1,0.008741472
Warm C,418627,2529,2528,3672,2213,0,0.003289083
Warm C,417516,2518,2517,3672,2213,1,0.015286802
Warm C,425665,2583,2582,3672,2213,0,0.004900474
Warm C,405515,2429,2428,3672,2213,1,0.012500202
Warm C,385691,2255,2254,3672,2213,1,0.0063337106
Warm C,655942,3952,3951,3672,2213,1,0.008947054
Warm C,377782,2205,2204,3672,2213,0,0.01781021
Warm C,361591,2109,2108,3672,2213,0,0.01402113
Warm C,341550,2012,2011,3672,2213,0,0.0065327026
Warm C,336991,1983,1982,3672,2213,1,0.010774308
Warm C,305384,1816,1815,3672,2213,1,0.01282662
Warm C,271623,1642,1641,3672,2213,0,0.0042939335
Warm C,261726,1599,1598,3672,2213,1,0.010500655
Warm C,247317,1495,1494,3672,2213,0,-0.0013433225
Warm C,335808,1980,1979,3672,2213,0,0.0162717
Warm C,224855,1359,1358,3672,2213,0,0.0008290478
Warm C,222260,1344,1343,3672,2213,0,0.0124449385
Warm C,323783,1920,1919,3672,2213,0,0.001766026
Warm C,277631,1676,1675,3672,2213,0,0.0033046342
Warm C,279105,1680,1679,3672,2213,1,0.011118212
Warm C,197663,1214,1213,3672,2213,0,0.0135011915
Warm C,328005,1941,1940,3672,2213,1,0.023621263
Warm C,173626,1100,1099,3672,2213,0,0.002807273
Warm C,248786,1501,1500,3672,2213,1,0.018176187
Warm C,342412,2015,2014,3672,2213,0,0.01350683
Warm C,324393,1922,1921,3672,2213,0,0.0069053015
Warm C,204212,1257,1256,3672,2213,0,0.002622905
Warm C,141487,911,910,3672,2213,1,0.01442267
Warm C,131598,853,852,3672,2213,0,0.010794014
Warm C,315172,1880,1879,3672,2213,0,0.022006596
Warm C,263250,1605,1604,3672,2213,0,0.0127311675
Warm C,124223,800,799,3672,2213,1,0.013839424
Warm C,121102,780,779,3672,2213,1,0.012469143
Warm C,216413,1314,1313,3672,2213,0,0.0036441078
Warm C,96995,651,650,3672,2213,0,0.0072186817
Warm C,94908,637,636,3672,2213,0,-0.0008090129
Warm C,93769,629,628,3672,2213,1,0.0020735655
Warm C,351744,2063,2062,3672,2213,0,0.015405266
Warm C,394187,2323,2322,3672,2213,0,0.0064593116
Warm C,76141,517,516,3672,2213,0,0.008428223
Warm C,73658,499,498,3672,2213,1,0.012094457
Warm C,71296,479,478,3672,2213,0,0.0062593957
Warm C,274194,1657,1656,3672,2213,0,0.0063347006
Warm C,71987,482,481,3672,2213,0,0.010029262
Warm C,56565,378,377,3672,2213,1,0.015947629
Warm C,46124,308,307,3672,2213,0,0.0077148825
Warm C,21679,157,156,3672,2213,0,0.01811425
Warm C,23248,166,165,3672,2213,0,0.007190974
Warm C,238858,1448,1447,3672,2213,0,0.00926074
Warm C,11399,87,86,3672,2213,0,0.004832059
Warm C,8126,55,54,3672,2213,1,0.0018737849
Warm C,107889,710,709,3672,2213,0,0.010699893
Warm C,234046,1422,1421,3672,2213,0,0.011229666
Warm C,95410,639,638,3672,2213,0,-0.0024571791
Warm C,354864,2077,2076,3672,2213,0,0.019424375
Warm C,49666,329,328,3672,2213,0,0.015780542
Warm C,333810,1969,1968,3672,2213,1,0.0067467345
Warm C,272860,1647,1646,3672,2213,1,0.020875666
Warm C,241160,1451,1450,3672,2213,1,0.016079942
Warm C,102184,678,677,3672,2213,1,0.017357301
Warm C,829995,4983,4982,3672,2213,0,-0.0029611979
Warm C,959029,5787,5786,3672,2213,0,0.024756253
Warm C,720443,4312,4311,3672,2213,0,0.0117585035
Warm C,344816,2023,2022,3672,2213,0,0.020152763
Warm C,473540,2909,2908,3672,2213,1,0.01246668
Warm C,823513,4950,4949,3672,2213,0,0.0064752013
Warm C,407768,2451,2450,3672,2213,0,0.009554534
Warm C,105584,698,697,3672,2213,0,0.007746973
Warm C,992618,5996,5995,3672,2213,0,0.010726299
Warm C,216989,1317,1316,3672,2213,0,0.003802228
Warm C,678435,4064,4063,3676,2215,0,0.013054467
Warm C,670760,4031,4030,3676,2215,1,0.002391695
Warm C,666503,4011,4010,3676,2215,0,0.010579985
Warm C,664427,4000,3999,3676,2215,0,-0.0005477367
Warm C,784434,4682,4681,3676,2215,1,0.015125523
Warm C,654106,3942,3941,3676,2215,1,0.006389408
Warm C,647250,3896,3895,3676,2215,0,-0.002459235
Warm C,639058,3842,3841,3676,2215,1,0.016413642
Warm C,653496,3940,3939,3676,2215,1,0.017385082
Warm C,633982,3825,3824,3676,2215,0,0.013928855
Warm C,630239,3811,3810,3676,2215,1,0.018713826
Warm C,628144,3804,3803,3676,2215,1,0.007194984
Warm C,629377,3808,3807,3676,2215,0,0.0026626955
Warm C,638072,3841,3840,3676,2215,1,0.0039205155
Warm C,754485,4496,4495,3676,2215,1,0.005934516
Warm C,959729,5788,5787,3676,2215,1,0.005358692
Warm C,615611,3727,3726,3676,2215,0,0.010242092
Warm C,614438,3722,3721,3676,2215,0,0.0016213561
Warm C,621183,3762,3761,3676,2215,0,0.012698323
Warm C,589605,3596,3595,3676,2215,0,0.0152250575
Warm C,581689,3554,3553,3676,2215,1,0.0060926164
Warm C,576149,3521,3520,3676,2215,0,0.006857819
Warm C,568302,3487,3486,3676,2215,0,0.01919138
Warm C,610597,3704,3703,3676,2215,1,0.009497803
Warm C,713830,4277,4276,3676,2215,1,0.015201373
Warm C,593757,3618,3617,3676,2215,1,0.0117036505
Warm C,566785,3478,3477,3676,2215,0,0.011886151
Warm C,657099,3961,3960,3676,2215,0,0.004745201
Warm C,560622,3447,3446,3676,2215,0,0.0007795864
Warm C,556864,3422,3421,3676,2215,0,0.01406287
Warm C,552931,3402,3401,3676,2215,0,0.020918848
Warm C,543425,3346,3345,3676,2215,1,0.018354213
Warm C,534994,3301,3300,3676,2215,0,0.0037312813
Warm C,521948,3222,3221,3676,2215,0,0.0070954133
Warm C,521858,3220,3219,3676,2215,1,0.009249369
Warm C,522486,3224,3223,3676,2215,1,0.012065034
Warm C,519794,3207,3206,3676,2215,0,0.004027871
Warm C,518227,3198,3197,3676,2215,1,0.014135517
Warm C,514124,3173,3172,3676,2215,0,0.0148883965
Warm C,513912,3171,3170,3676,2215,0,0.008441955
Warm C,509234,3135,3134,3676,2215,1,0.006499796
Warm C,508986,3131,3130,3676,2215,0,0.0093643535
Warm C,501743,3081,3080,3676,2215,0,0.017192509
Warm C,482678,2967,2966,3676,2215,1,0.013081336
Warm C,476744,2928,2927,3676,2215,0,0.01768167
Warm C,697317,4169,4168,3676,2215,0,0.028499566
Warm C,477147,2929,2928,3676,2215,1,0.0044893823
Warm C,473543,2909,2908,3676,2215,0,0.008644096
Warm C,511834,3158,3157,3676,2215,1,0.012480971
Warm C,462567,2854,2853,3676,2215,1,0.01126808
Warm C,457871,2820,2819,3676,2215,1,0.0071303546
Warm C,454831,2797,2796,3676,2215,0,0.015035798
Warm C,790728,4728,4727,3676,2215,0,0.012376653
Warm C,424496,2575,2574,3676,2215,1,0.008288118
Warm C,413406,2486,2485,3676,2215,0,0.006025875
Warm C,408912,2455,2454,3676,2215,0,0.009683561
Warm C,464125,2860,2859,3676,2215,1,0.012522388
Warm C,436369,2665,2664,3676,2215,0,0.014582845
Warm C,385251,2251,2250,3676,2215,1,0.006162007
Warm C,369888,2164,2163,3676,2215,1,0.0106702335
Warm C,394190,2323,2322,3676,2215,1,0.008991177
Warm C,364718,2124,2123,3676,2215,1,0.025826361
Warm C,359360,2102,2101,3676,2215,0,0.007971938
Warm C,350285,2056,2055,3676,2215,1,0.012734356
Warm C,352654,2064,2063,3676,2215,0,0.013541079
Warm C,348421,2042,2041,3676,2215,1,0.012630271
Warm C,346169,2030,2029,3676,2215,1,0.011342935
Warm C,344817,2023,2022,3676,2215,0,0.011686292
Warm C,326303,1931,1930,3676,2215,1,0.0034231204
Warm C,323150,1916,1915,3676,2215,0,0.00296549
Warm C,298322,1768,1767,3676,2215,1,0.0028926323
Warm C,288249,1722,1721,3676,2215,1,0.0034296918
Warm C,279111,1680,1679,3676,2215,1,0.007793934
Warm C,274363,1658,1657,3676,2215,0,0.013100689
Warm C,268967,1632,1631,3676,2215,1,0.023560854
Warm C,247636,1496,1495,3676,2215,0,0.010329634
Warm C,294265,1749,1748,3676,2215,0,0.01832576
Warm C,236915,1440,1439,3676,2215,1,0.009636265
Warm C,224473,1357,1356,3676,2215,1,0.00930919
Warm C,309923,1843,1842,3676,2215,0,0.0001040487
Warm C,269894,1635,1634,3676,2215,1,0.015507786
Warm C,220335,1335,1334,3676,2215,1,0.024352018
Warm C,239995,1449,1448,3676,2215,1,0.018022608
Warm C,308574,1837,1836,3676,2215,1,0.008548532
Warm C,214805,1303,1302,3676,2215,1,0.015632909
Warm C,236701,1437,1436,3676,2215,1,0.010649673
Warm C,181101,1132,1131,3676,2215,0,0.016423948
Warm C,166428,1059,1058,3676,2215,0,0.011237539
Warm C,159220,1017,1016,3676,2215,0,0.0055251718
Warm C,158108,1015,1014,3676,2215,1,0.016067265
Warm C,320037,1899,1898,3676,2215,1,0.00303433
Warm C,153574,986,985,3676,2215,1,0.0054268795
Warm C,151960,977,976,3676,2215,0,0.0082201045
Warm C,459144,2826,2825,3676,2215,0,0.012355664
Warm C,201506,1242,1241,3676,2215,1,0.013042536
Warm C,131126,850,849,3676,2215,1,0.020811127
Warm C,128298,830,829,3676,2215,1,0.003858942
Warm C,315176,1880,1879,3676,2215,1,0.011485698
Warm C,124852,802,801,3676,2215,0,0.0056765326
Warm C,116135,752,751,3676,2215,0,0.010145742
Warm C,105585,698,697,3676,2215,1,0.009416114
Warm C,96998,651,650,3676,2215,0,0.007974691
Warm C,284104,1698,1697,3676,2215,1,0.017578483
Warm C,90629,601,600,3676,2215,0,0.0028109956
Warm C,234049,1422,1421,3676,2215,0,0.008966194
Warm C,82495,548,547,3676,2215,0,0.005856429
Warm C,190825,1181,1180,3676,2215,0,0.010400898
Warm C,84101,550,549,3676,2215,0,0.017675675
Warm C,77455,524,523,3676,2215,1,0.016772158
Warm C,75687,515,514,3676,2215,0,0.0048846966
Warm C,76657,520,519,3676,2215,1,0.021203242
Warm C,57684,390,389,3676,2215,1,0.0042437203
Warm C,210871,1285,1284,3676,2215,1,0.0073522707
Warm C,132425,855,854,3676,2215,0,0.020731851
Warm C,42140,285,284,3676,2215,1,0.0063434877
Warm C,176893,1117,1116,3676,2215,1,0.007715661
Warm C,197308,1211,1210,3676,2215,1,0.0057625864
Warm C,35379,238,237,3676,2215,0,6.682158e-05
Warm C,34841,235,234,3676,2215,1,0.01347479
Warm C,23253,166,165,3676,2215,1,0.0034750304
Warm C,947727,5722,5721,3676,2215,1,0.015436784
Warm C,290150,1733,1732,3676,2215,0,0.015005079
Warm C,7966,53,52,3676,2215,1,0.008322806
Warm C,3349,25,24,3676,2215,0,0.010569684
Warm C,4560,33,32,3676,2215,0,0.007064997
Warm C,890203,5371,5370,3676,2215,0,0.006628354
Warm C,289685,1729,1728,3676,2215,1,0.0072382195
Warm C,284827,1699,1698,3676,2215,0,0.010768263
Warm C,933855,5636,5635,3676,2215,0,0.022431945
Warm C,467314,2880,2879,3676,2215,1,0.011706922
Warm C,894052,5397,5396,3676,2215,1,-0.0017290749
Warm C,226062,1369,1368,3676,2215,1,0.006504475
Warm C,335814,1980,1979,3676,2215,1,0.008474707
Warm C,841469,5054,5053,3676,2215,0,0.0074577844
Warm C,372624,2176,2175,3676,2215,1,0.018944638
Warm C,501258,3080,3079,3676,2215,1,0.01985113
Warm C,271764,1643,1642,3676,2215,1,0.015425244
Warm C,62862,424,423,3676,2215,0,0.010319115
Warm C,420954,2544,2543,3676,2215,0,0.009801922
Warm C,179086,1124,1123,3678,2216,0,0.009167172
Warm C,170016,1080,1079,3678,2216,1,-0.004941308
Warm C,338096,1988,1987,3678,2216,1,0.010299007
Warm C,323790,1920,1919,3678,2216,1,0.011886115
Warm C,143865,928,927,3678,2216,1,0.0050653405
Warm C,141171,910,909,3678,2216,1,0.0050156023
Warm C,138187,889,888,3678,2216,0,0.015027657
Warm C,141490,911,910,3678,2216,1,0.01669079
Warm C,459146,2826,2825,3678,2216,0,0.012782684
Warm C,123017,794,793,3678,2216,1,0.004414974
Warm C,122917,793,792,3678,2216,1,0.009486573
Warm C,115360,749,748,3678,2216,1,0.0017697893
Warm C,101669,677,676,3678,2216,1,0.005400343
Warm C,96142,646,645,3678,2216,1,-0.00094955973
Warm C,94577,635,634,3678,2216,1,0.006652097
Warm C,84104,550,549,3678,2216,1,0.004366847
Warm C,74785,509,508,3678,2216,1,0.0021733807
Warm C,35381,238,237,3678,2216,0,0.0032443404
Warm C,32326,216,215,3678,2216,0,0.012068406
Warm C,481774,2962,2961,3678,2216,0,0.0072036646
Warm C,19625,148,147,3678,2216,1,0.00013648428
Warm C,591935,3610,3609,3678,2216,0,0.012732448
Warm C,175,2,1,3678,2216,0,-0.0055508683
Warm C,129370,839,838,3678,2216,1,0.014796655
Warm C,369265,2159,2158,3678,2216,1,0.006072942
Warm C,24540,173,172,3678,2216,0,0.007535013
Warm C,50698,333,332,3678,2216,1,0.010385255
Warm C,322307,1912,1911,3678,2216,0,0.017214924
Warm C,473546,2909,2908,3678,2216,0,0.007838549
Warm C,821708,4940,4939,3678,2216,1,0.012600587
Warm C,372626,2176,2175,3679,2217,1,0.009390665
Warm C,974602,5878,5877,3679,2217,1,0.0045984276
Warm C,513694,3169,3168,3689,2225,0,-0.0045822198
Warm C,566202,3476,3475,3689,2225,0,-0.0017239524
Warm C,508592,3129,3128,3689,2225,0,-0.0005176249
Warm C,784440,4682,4681,3689,2225,0,0.011593223
Warm C,502123,3082,3081,3689,2225,0,0.009877097
Warm C,494084,3032,3031,3689,2225,1,0.0072210417
Warm C,488129,3002,3001,3689,2225,0,0.011312403
Warm C,487565,2999,2998,3689,2225,0,0.0005002974
Warm C,487476,2998,2997,3689,2225,0,-0.0034748898
Warm C,483936,2976,2975,3689,2225,0,0.0036386012
Warm C,473561,2909,2908,3689,2225,0,0.010655191
Warm C,450823,2777,2776,3689,2225,1,0.0035365224
Warm C,450251,2776,2775,3689,2225,0,0.0074124862
Warm C,449589,2772,2771,3689,2225,0,0.00241053
Warm C,420456,2541,2540,3689,2225,0,0.015100823
Warm C,419746,2537,2536,3689,2225,0,-0.003561195
Warm C,415495,2503,2502,3689,2225,1,-0.0027204282
Warm C,404515,2419,2418,3689,2225,0,0.0015492239
Warm C,402284,2402,2401,3689,2225,0,-0.0026032166
Warm C,388938,2279,2278,3689,2225,0,0.013406736
Warm C,382845,2237,2236,3689,2225,0,-0.0012185676
Warm C,378361,2208,2207,3689,2225,0,0.010907214
Warm C,380788,2225,2224,3689,2225,0,0.0060687847
Warm C,338658,1993,1992,3689,2225,0,-0.0047697476
Warm C,291356,1737,1736,3689,2225,0,-0.00907556
Warm C,281245,1687,1686,3689,2225,1,0.012716632
Warm C,356820,2090,2089,3689,2225,0,0.008941947
Warm C,227111,1377,1376,3689,2225,0,0.007907664
Warm C,220669,1338,1337,3689,2225,0,-0.0019324452
Warm C,220841,1339,1338,3689,2225,0,-0.0003089027
Warm C,262211,1600,1599,3689,2225,0,-0.0067509944
Warm C,446127,2751,2750,3689,2225,0,-0.004290688
Warm C,279138,1680,1679,3689,2225,0,0.004371695
Warm C,308584,1837,1836,3689,2225,0,0.0014881268
Warm C,307397,1835,1834,3689,2225,1,-0.0024736072
Warm C,180267,1128,1127,3689,2225,0,-0.0010061662
Warm C,173636,1100,1099,3689,2225,0,0.012515388
Warm C,328037,1941,1940,3689,2225,0,0.00095305126
Warm C,272161,1645,1644,3689,2225,1,0.004455761
Warm C,144639,933,932,3689,2225,0,-0.0016425704
Warm C,123875,798,797,3689,2225,0,0.0137811955
Warm C,210891,1285,1284,3689,2225,0,0.017281732
Warm C,112439,731,730,3689,2225,0,0.006315853
Warm C,98413,659,658,3689,2225,0,0.005466226
Warm C,234057,1422,1421,3689,2225,0,0.0043919766
Warm C,351766,2063,2062,3689,2225,0,0.010216528
Warm C,97006,651,650,3689,2225,0,-0.0012787567
Warm C,83070,549,548,3689,2225,1,0.0036981953
Warm C,406047,2436,2435,3689,2225,0,0.0068275724
Warm C,77472,524,523,3689,2225,0,0.001959221
Warm C,119208,770,769,3689,2225,0,0.010344971
Warm C,81635,543,542,3689,2225,1,-0.00617794
Warm C,70422,475,474,3689,2225,0,-0.00023339887
Warm C,71999,482,481,3689,2225,0,0.006331687
Warm C,70756,476,475,3689,2225,0,0.0055312505
Warm C,68695,461,460,3689,2225,0,0.0005970248
Warm C,44821,302,301,3689,2225,0,0.004593809
Warm C,32354,216,215,3689,2225,0,0.00505833
Warm C,238877,1448,1447,3689,2225,0,0.012230189
Warm C,15817,123,122,3689,2225,0,0.004854679
Warm C,3690,26,25,3689,2225,0,0.009056326
Warm C,326075,1930,1929,3689,2225,0,0.008440015
Warm C,829096,4979,4978,3689,2225,0,0.008695331
Warm C,967310,5831,5830,3689,2225,0,0.0022561466
Warm C,206831,1266,1265,3689,2225,0,0.00908094
Warm C,622077,3768,3767,3689,2225,0,-0.0032728233
Warm C,265057,1611,1610,3689,2225,0,0.0028068614
Warm C,342427,2015,2014,3689,2225,1,-0.0018275989
Warm C,347998,2041,2040,3689,2225,0,-0.009846086
Warm C,102199,678,677,3689,2225,0,0.011260169
Warm C,618933,3751,3750,3689,2225,0,-0.0033354391
Warm C,286688,1712,1711,3689,2225,0,0.0017815602
Warm C,964454,5812,5811,3689,2225,0,0.0021710647
Warm C,497628,3055,3054,3689,2225,0,0.00857996
Warm C,335838,1980,1979,3689,2225,0,-0.00027610036
Warm C,322320,1912,1911,3689,2225,0,0.0036759188
Warm C,495150,3038,3037,3689,2225,0,0.0028512934
Warm C,62879,424,423,3689,2225,0,0.00060201413
Warm C,53117,349,348,3689,2225,0,-0.0010251189
Warm C,794165,4748,4747,3689,2225,0,0.00016115629
Warm C,559400,3436,3435,3689,2225,0,0.004001912
Warm C,508596,3129,3128,3690,2226,0,0.003984869
Warm C,784443,4682,4681,3690,2226,0,0.016532373
Warm C,501269,3080,3079,3690,2226,0,0.0010910777
Warm C,487477,2998,2997,3690,2226,0,0.005641555
Warm C,483938,2976,2975,3690,2226,0,-0.0001965093
Warm C,473568,2909,2908,3690,2226,0,-0.0064100055
Warm C,450832,2777,2776,3690,2226,1,0.019128239
Warm C,450252,2776,2775,3690,2226,0,0.008819187
Warm C,446128,2751,2750,3690,2226,0,0.005769837
Warm C,420459,2541,2540,3690,2226,0,0.0051825168
Warm C,419750,2537,2536,3690,2226,0,-0.0003421125
Warm C,415496,2503,2502,3690,2226,0,0.0044423407
Warm C,404518,2419,2418,3690,2226,0,0.008022983
Warm C,402986,2406,2405,3690,2226,0,0.0049769757
Warm C,402288,2402,2401,3690,2226,0,-0.00070996257
Warm C,378363,2208,2207,3690,2226,0,-6.0872873e-05
Warm C,353116,2068,2067,3690,2226,0,-0.0007504383
Warm C,380792,2225,2224,3690,2226,0,0.0042850855
Warm C,285934,1706,1705,3690,2226,0,0.008991807
Warm C,291363,1737,1736,3690,2226,0,0.013146847
Warm C,281250,1687,1686,3690,2226,1,0.011343293
Warm C,299049,1776,1775,3690,2226,0,0.010847839
Warm C,262213,1600,1599,3690,2226,0,0.00712092
Warm C,356823,2090,2089,3690,2226,0,-0.0005609472
Warm C,227117,1377,1376,3690,2226,0,-0.0050167935
Warm C,335849,1980,1979,3690,2226,0,0.011469249
Warm C,220671,1338,1337,3690,2226,0,-0.0040438864
Warm C,220843,1339,1338,3690,2226,0,0.010329281
Warm C,279149,1680,1679,3690,2226,0,0.0046928525
Warm C,255065,1552,1551,3690,2226,0,0.008198722
Warm C,307401,1835,1834,3690,2226,0,0.0135817025
Warm C,173640,1100,1099,3690,2226,0,-0.0019884962
Warm C,328047,1941,1940,3690,2226,0,0.006537711
Warm C,272164,1645,1644,3690,2226,1,0.0081511475
Warm C,185231,1150,1149,3690,2226,0,0.0053012995
Warm C,133286,860,859,3690,2226,0,0.01357927
Warm C,126566,817,816,3690,2226,0,0.0041800495
Warm C,234062,1422,1421,3690,2226,0,0.0058121365
Warm C,351779,2063,2062,3690,2226,0,0.0037806574
Warm C,97009,651,650,3690,2226,0,-0.004100048
Warm C,83074,549,548,3690,2226,0,0.0008888482
Warm C,119217,770,769,3690,2226,1,0.0015897934
Warm C,81640,543,542,3690,2226,1,-0.005555701
Warm C,70424,475,474,3690,2226,0,-0.0020121248
Warm C,70760,476,475,3690,2226,0,-0.0041335407
Warm C,36776,245,244,3690,2226,0,0.006357813
Warm C,32367,216,215,3690,2226,0,0.004185775
Warm C,25386,179,178,3690,2226,0,-0.004659832
Warm C,238885,1448,1447,3690,2226,0,0.004568888
Warm C,4204,31,30,3690,2226,1,0.0031527686
Warm C,3713,26,25,3690,2226,0,-0.005384088
Warm C,432668,2638,2637,3690,2226,0,-0.0008284431
Warm C,552308,3401,3400,3690,2226,0,0.01094833
Warm C,326077,1930,1929,3690,2226,0,-0.0026388254
Warm C,265060,1611,1610,3690,2226,0,0.0030030624
Warm C,102206,678,677,3690,2226,0,-0.0035836366
Warm C,964459,5812,5811,3690,2226,0,0.014986948
Warm C,709937,4258,4257,3690,2226,0,0.0046030763
Warm C,495151,3038,3037,3690,2226,0,-0.0034997337
Warm C,226070,1369,1368,3690,2226,0,0.011710232
Warm C,587879,3589,3588,3690,2226,0,0.0038962206
Warm C,967314,5831,5830,3690,2226,0,0.01507263
Warm C,666261,4009,4008,3693,2227,0,0.0019389221
Warm C,663976,3999,3998,3693,2227,0,0.008852865
Warm C,663459,3998,3997,3693,2227,0,0.008731153
Warm C,662360,3993,3992,3693,2227,0,-0.004250546
Warm C,652538,3934,3933,3693,2227,0,0.005360083
Warm C,644605,3884,3883,3693,2227,0,0.0031094598
Warm C,639072,3842,3841,3693,2227,1,0.005108948
Warm C,759934,4514,4513,3693,2227,0,0.0021367942
Warm C,628345,3806,3805,3693,2227,0,-0.001872638
Warm C,628649,3807,3806,3693,2227,0,-0.0020802699
Warm C,629404,3808,3807,3693,2227,0,-0.0012820283
Warm C,627921,3801,3800,3693,2227,0,-0.005969482
Warm C,638099,3841,3840,3693,2227,1,0.0014411905
Warm C,623349,3771,3770,3693,2227,0,0.008244734
Warm C,619927,3756,3755,3693,2227,0,0.0024309522
Warm C,612508,3713,3712,3693,2227,0,0.007465409
Warm C,604190,3675,3674,3693,2227,0,0.006360899
Warm C,608824,3692,3691,3693,2227,0,-0.00068568275
Warm C,601977,3661,3660,3693,2227,1,0.003683026
Warm C,621190,3762,3761,3693,2227,0,0.012127124
Warm C,633201,3824,3823,3693,2227,0,-0.001617393
Warm C,596537,3626,3625,3693,2227,0,0.0071510924
Warm C,582659,3559,3558,3693,2227,1,0.00552234
Warm C,577135,3526,3525,3693,2227,0,0.0030429023
Warm C,617061,3735,3734,3693,2227,1,0.002911011
Warm C,876200,5289,5288,3693,2227,0,-0.0008836179
Warm C,543908,3352,3351,3693,2227,1,-0.0042880415
Warm C,538922,3314,3313,3693,2227,1,-0.0020921985
Warm C,535974,3308,3307,3693,2227,0,0.00867787
Warm C,647029,3894,3893,3693,2227,0,-0.0013631054
Warm C,512803,3163,3162,3693,2227,1,0.00029054238
Warm C,508598,3129,3128,3693,2227,1,0.0020902958
Warm C,499388,3067,3066,3693,2227,0,0.004549388
Warm C,494096,3032,3031,3693,2227,0,0.0031396467
Warm C,476752,2928,2927,3693,2227,0,0.0052092327
Warm C,477153,2929,2928,3693,2227,1,-0.003909397
Warm C,471344,2900,2899,3693,2227,0,0.0037433747
Warm C,710299,4260,4259,3693,2227,0,0.013404477
Warm C,754903,4497,4496,3693,2227,0,0.005796344
Warm C,463268,2857,2856,3693,2227,0,0.008209208
Warm C,457890,2820,2819,3693,2227,0,0.0027963908
Warm C,449591,2772,2771,3693,2227,0,0.012068763
Warm C,430727,2625,2624,3693,2227,0,-0.00020523032
Warm C,426455,2590,2589,3693,2227,0,0.0027970655
Warm C,424707,2576,2575,3693,2227,0,-0.00036316342
Warm C,410439,2462,2461,3693,2227,0,-0.0012339368
Warm C,407250,2446,2445,3693,2227,1,0.0075706905
Warm C,414558,2496,2495,3693,2227,0,0.0011546946
Warm C,436384,2665,2664,3693,2227,0,0.007274867
Warm C,388943,2279,2278,3693,2227,0,0.0034250857
Warm C,385260,2251,2250,3693,2227,1,-0.007721095
Warm C,376181,2194,2193,3693,2227,0,0.00868482
Warm C,374043,2181,2180,3693,2227,0,0.015822602
Warm C,369901,2164,2163,3693,2227,1,0.005289546
Warm C,367469,2145,2144,3693,2227,0,-0.0022532167
Warm C,345095,2024,2023,3693,2227,0,0.008534574
Warm C,320772,1902,1901,3693,2227,0,0.0013646277
Warm C,305823,1820,1819,3693,2227,1,0.012450368
Warm C,288253,1722,1721,3693,2227,0,0.0011811035
Warm C,279157,1680,1679,3693,2227,1,0.01830852
Warm C,299051,1776,1775,3693,2227,0,3.4752244e-05
Warm C,281252,1687,1686,3693,2227,0,-0.0004904154
Warm C,282616,1694,1693,3693,2227,1,0.0031188577
Warm C,267556,1626,1625,3693,2227,0,0.0045897937
Warm C,265061,1611,1610,3693,2227,1,0.0041166414
Warm C,252267,1528,1527,3693,2227,1,0.0033464795
Warm C,247653,1496,1495,3693,2227,0,0.0038914748
Warm C,245500,1483,1482,3693,2227,0,-0.0007104068
Warm C,329290,1943,1942,3693,2227,0,0.0021820292
Warm C,224480,1357,1356,3693,2227,0,0.00069611054
Warm C,289319,1727,1726,3693,2227,0,0.0128290225
Warm C,214082,1300,1299,3693,2227,1,0.0059169554
Warm C,272889,1647,1646,3693,2227,0,0.00923825
Warm C,240020,1449,1448,3693,2227,0,0.0045261523
Warm C,243914,1470,1469,3693,2227,0,0.0018950978
Warm C,198800,1221,1220,3693,2227,1,-0.0067959866
Warm C,180271,1128,1127,3693,2227,0,0.009086178
Warm C,196484,1207,1206,3693,2227,0,0.01019571
Warm C,161993,1033,1032,3693,2227,0,0.010215562
Warm C,159232,1017,1016,3693,2227,0,0.0035537318
Warm C,155853,1004,1003,3693,2227,0,0.008234082
Warm C,164505,1051,1050,3693,2227,0,0.009198538
Warm C,217012,1317,1316,3693,2227,0,0.0045132693
Warm C,156822,1010,1009,3693,2227,0,-0.0006412226
Warm C,138224,889,888,3693,2227,0,0.011782622
Warm C,125532,808,807,3693,2227,0,0.0027781639
Warm C,114430,744,743,3693,2227,1,0.006769918
Warm C,112442,731,730,3693,2227,0,0.0049459683
Warm C,107508,709,708,3693,2227,0,-0.007088237
Warm C,105591,698,697,3693,2227,0,0.0028883866
Warm C,351783,2063,2062,3693,2227,0,0.00659883
Warm C,94707,636,635,3693,2227,0,0.004410645
Warm C,92742,621,620,3693,2227,0,0.0045949896
Warm C,97010,651,650,3693,2227,1,0.017946823
Warm C,86614,566,565,3693,2227,0,0.008974813
Warm C,238887,1448,1447,3693,2227,0,0.0065583657
Warm C,82497,548,547,3693,2227,0,-0.0033671276
Warm C,77481,524,523,3693,2227,0,0.009009084
Warm C,70426,475,474,3693,2227,0,0.0032945033
Warm C,80162,533,532,3693,2227,0,0.0022256756
Warm C,57698,390,389,3693,2227,1,0.008780079
Warm C,45272,305,304,3693,2227,0,0.0062195444
Warm C,44839,302,301,3693,2227,1,0.007847989
Warm C,36781,245,244,3693,2227,0,0.0015427447
Warm C,30131,202,201,3693,2227,0,0.0009838367
Warm C,25732,181,180,3693,2227,1,-0.00015895732
Warm C,18184,139,138,3693,2227,0,0.0014584011
Warm C,14698,117,116,3693,2227,0,0.007090198
Warm C,290171,1733,1732,3693,2227,0,0.0037801117
Warm C,8009,53,52,3693,2227,1,0.0032052759
Warm C,4602,33,32,3693,2227,0,-0.0007204135
Warm C,257629,1579,1578,3693,2227,0,0.009700039
Warm C,431021,2627,2626,3693,2227,1,0.004275464
Warm C,258409,1584,1583,3693,2227,0,0.0020996486
Warm C,328053,1941,1940,3693,2227,0,0.0022183135
Warm C,454577,2796,2795,3693,2227,0,0.007260449
Warm C,234946,1425,1424,3693,2227,0,0.011816254
Warm C,501270,3080,3079,3693,2227,1,0.00068684155
Warm C,565553,3475,3474,3693,2227,0,0.0026218263
Warm C,261736,1599,1598,3693,2227,0,0.0058174813
Warm C,656083,3953,3952,3693,2227,0,0.0030303623
Warm C,53128,349,348,3693,2227,0,-0.0008855561
Warm C,552309,3401,3400,3694,2228,0,0.009717257
Warm C,193615,1194,1193,3694,2228,0,0.0058555505
Warm C,1912,17,16,3696,2229,0,0.010191176
Warm C,270879,1639,1638,3696,2229,1,0.0044250814
Warm C,757691,4508,4507,3696,2229,1,0.00038084947
Warm C,290173,1733,1732,3696,2229,0,0.018345434
Warm C,473571,2909,2908,3696,2229,1,0.009782284
Warm C,288335,1722,1721,3709,2242,0,-0.00018168031
Warm C,285830,1705,1704,3709,2242,0,0.0011833285
Warm C,279859,1680,1679,3709,2242,1,0.013288362
Warm C,277147,1675,1674,3709,2242,0,0.010066639
Warm C,271558,1641,1640,3709,2242,0,-0.00050585484
Warm C,267669,1626,1625,3709,2242,0,0.011364453
Warm C,256202,1562,1561,3709,2242,0,0.004726876
Warm C,247890,1496,1495,3709,2242,0,0.0044546565
Warm C,332839,1962,1961,3709,2242,0,0.0020144188
Warm C,224545,1357,1356,3709,2242,0,0.0028771511
Warm C,221844,1341,1340,3709,2242,0,0.01178888
Warm C,221927,1342,1341,3709,2242,0,0.010332016
Warm C,277960,1676,1675,3709,2242,0,0.010068921
Warm C,273237,1647,1646,3709,2242,0,0.0053518815
Warm C,186232,1151,1150,3709,2242,0,-0.0060541234
Warm C,196713,1207,1206,3709,2242,0,0.0013397872
Warm C,331899,1958,1957,3709,2242,0,0.00540891
Warm C,184121,1146,1145,3709,2242,0,0.01093762
Warm C,159415,1017,1016,3709,2242,0,0.001858819
Warm C,158616,1015,1014,3709,2242,0,0.004561982
Warm C,151064,971,970,3709,2242,0,-0.002646694
Warm C,150228,967,966,3709,2242,1,0.009689964
Warm C,157206,1010,1009,3709,2242,0,0.011994134
Warm C,133233,859,858,3709,2242,0,-0.011161159
Warm C,255757,1557,1556,3709,2242,0,0.0027638774
Warm C,92832,621,620,3709,2242,0,0.005032383
Warm C,91687,608,607,3709,2242,0,0.00039113336
Warm C,81891,543,542,3709,2242,1,-0.002701746
Warm C,239281,1448,1447,3709,2242,1,0.0009204475
Warm C,54700,356,355,3709,2242,1,-0.0060982397
Warm C,132664,855,854,3709,2242,0,0.007637953
Warm C,45219,305,304,3709,2242,0,0.0031267707
Warm C,41229,278,277,3709,2242,0,0.0022897017
Warm C,291669,1737,1736,3709,2242,0,0.0027388972
Warm C,22632,163,162,3709,2242,0,0.0017059407
Warm C,743182,4445,4444,3709,2242,1,-0.005648083
Warm C,598379,3641,3640,3709,2242,0,0.001915251
Warm C,355146,2077,2076,3709,2242,0,0.0035596783
Warm C,182202,1137,1136,3709,2242,0,0.004579922
Warm C,882468,5329,5328,3709,2242,0,0.0035566448
Warm C,310843,1851,1850,3709,2242,0,-0.00032967015
Warm C,365886,2129,2128,3709,2242,0,0.0030642622
Warm C,290505,1733,1732,3709,2242,0,0.012005865
Warm C,964605,5812,5811,3709,2242,0,0.0077999523
Warm C,207101,1266,1265,3709,2242,0,0.010601122
Warm C,164819,1051,1050,3709,2242,0,0.0062890416
Warm C,102589,678,677,3709,2242,0,0.005289619
Warm C,328648,1941,1940,3709,2242,0,-0.0036531352
Warm C,177182,1117,1116,3709,2242,0,0.0029732331
Warm C,136902,881,880,3709,2242,0,-0.0027910206
Warm C,63331,424,423,3709,2242,0,0.0017528264
Warm C,700054,4186,4185,3709,2242,0,0.0027316103
Warm C,497733,3055,3054,3709,2242,0,0.01208118
Warm C,651626,3929,3928,3710,2243,0,0.012083325
Warm C,648138,3902,3901,3710,2243,1,0.013107694
Warm C,648298,3903,3902,3710,2243,0,-0.00021041767
Warm C,643826,3878,3877,3710,2243,0,0.011607029
Warm C,641148,3853,3852,3710,2243,0,0.013813151
Warm C,990286,5978,5977,3710,2243,0,0.0037727808
Warm C,625131,3778,3777,3710,2243,0,0.01311952
Warm C,623682,3772,3771,3710,2243,0,0.0054664537
Warm C,622375,3768,3767,3710,2243,0,0.016929435
Warm C,623543,3771,3770,3710,2243,0,0.020445902
Warm C,617482,3737,3736,3710,2243,1,0.0124458
Warm C,615810,3727,3726,3710,2243,0,0.014095213
Warm C,611968,3709,3708,3710,2243,0,0.004941972
Warm C,603487,3672,3671,3710,2243,0,0.017056113
Warm C,633603,3824,3823,3710,2243,0,0.015866214
Warm C,596874,3626,3625,3710,2243,1,0.013918528
Warm C,588146,3589,3588,3710,2243,0,0.01488425
Warm C,586528,3579,3578,3710,2243,0,0.010453792
Warm C,759370,4510,4509,3710,2243,0,0.021898007
Warm C,583674,3562,3561,3710,2243,0,0.021234047
Warm C,572465,3507,3506,3710,2243,0,0.019647926
Warm C,616323,3729,3728,3710,2243,0,0.016905144
Warm C,557021,3422,3421,3710,2243,0,0.016578294
Warm C,554200,3410,3409,3710,2243,0,0.02255062
Warm C,539049,3314,3313,3710,2243,1,0.014808234
Warm C,537468,3311,3310,3710,2243,0,0.016171908
Warm C,639336,3842,3841,3710,2243,0,0.022023017
Warm C,542443,3336,3335,3710,2243,0,0.022498447
Warm C,525150,3242,3241,3710,2243,0,0.0058378577
Warm C,517709,3195,3194,3710,2243,0,0.008790772
Warm C,517119,3191,3190,3710,2243,0,0.010654928
Warm C,515084,3180,3179,3710,2243,0,0.015929587
Warm C,513131,3163,3162,3710,2243,0,0.013465861
Warm C,606028,3681,3680,3710,2243,0,0.017957348
Warm C,504915,3107,3106,3710,2243,0,0.007724931
Warm C,498013,3056,3055,3710,2243,0,0.014143183
Warm C,550567,3391,3390,3710,2243,0,0.01995677
Warm C,494494,3032,3031,3710,2243,0,0.01203579
Warm C,486410,2994,2993,3710,2243,1,0.005619142
Warm C,600292,3650,3649,3710,2243,0,0.015438768
Warm C,483997,2976,2975,3710,2243,0,0.018047716
Warm C,480885,2952,2951,3710,2243,0,0.011006565
Warm C,697762,4169,4168,3710,2243,0,0.030590914
Warm C,474077,2909,2908,3710,2243,0,0.013566159
Warm C,468649,2887,2886,3710,2243,0,0.015936535
Warm C,467831,2883,2882,3710,2243,0,0.011669517
Warm C,463588,2857,2856,3710,2243,0,0.023545563
Warm C,434505,2649,2648,3710,2243,0,0.014671432
Warm C,429298,2611,2610,3710,2243,0,0.02351591
Warm C,419948,2537,2536,3710,2243,0,0.018459238
Warm C,418251,2527,2526,3710,2243,0,0.0048701894
Warm C,407046,2445,2444,3710,2243,0,0.009677205
Warm C,449474,2771,2770,3710,2243,0,0.028498888
Warm C,400535,2383,2382,3710,2243,0,0.01275164
Warm C,405573,2429,2428,3710,2243,0,0.0075661014
Warm C,407829,2451,2450,3710,2243,0,0.0119959265
Warm C,389105,2279,2278,3710,2243,0,0.0017924394
Warm C,384995,2249,2248,3710,2243,0,-0.00026798295
Warm C,370084,2164,2163,3710,2243,0,0.021320019
Warm C,359577,2102,2101,3710,2243,0,0.007911363
Warm C,341809,2012,2011,3710,2243,0,0.007989845
Warm C,338667,1993,1992,3710,2243,0,0.011469974
Warm C,340924,2010,2009,3710,2243,0,0.008111851
Warm C,337220,1983,1982,3710,2243,0,0.0118211545
Warm C,293444,1747,1746,3710,2243,0,0.010016078
Warm C,298563,1770,1769,3710,2243,0,0.018076573
Warm C,291683,1737,1736,3710,2243,0,0.0012800777
Warm C,289031,1726,1725,3710,2243,0,0.017270545
Warm C,271107,1639,1638,3710,2243,0,0.016542768
Warm C,286335,1709,1708,3710,2243,0,0.005261723
Warm C,267329,1624,1623,3710,2243,0,0.014238503
Warm C,266065,1613,1612,3710,2243,0,0.01796863
Warm C,232360,1410,1409,3710,2243,0,0.0072694616
Warm C,356920,2090,2089,3710,2243,0,0.016273057
Warm C,227325,1377,1376,3710,2243,0,0.022263288
Warm C,224779,1358,1357,3710,2243,0,0.010087563
Warm C,308913,1837,1836,3710,2243,0,0.016578464
Warm C,192594,1185,1184,3710,2243,0,-0.003354381
Warm C,191431,1181,1180,3710,2243,0,0.014439885
Warm C,186694,1155,1154,3710,2243,0,0.0111884875
Warm C,180460,1128,1127,3710,2243,0,0.009513771
Warm C,180032,1127,1126,3710,2243,0,0.013511746
Warm C,328680,1941,1940,3710,2243,0,0.015676936
Warm C,275722,1667,1666,3710,2243,0,0.01573265
Warm C,186242,1151,1150,3710,2243,0,0.018846836
Warm C,155016,999,998,3710,2243,0,0.009716716
Warm C,185759,1150,1149,3710,2243,0,0.015657688
Warm C,157225,1010,1009,3710,2243,0,0.01833283
Warm C,202682,1244,1243,3710,2243,0,0.020217726
Warm C,315566,1880,1879,3710,2243,0,0.021707572
Warm C,118761,767,766,3710,2243,1,0.007379491
Warm C,112937,732,731,3710,2243,1,0.024537023
Warm C,714163,4277,4276,3710,2243,0,0.01669014
Warm C,352313,2063,2062,3710,2243,0,0.029805625
Warm C,480297,2946,2945,3710,2243,0,0.007932712
Warm C,150790,970,969,3710,2243,0,0.02051727
Warm C,84996,552,551,3710,2243,0,7.764017e-05
Warm C,83518,549,548,3710,2243,0,0.023753833
Warm C,239305,1448,1447,3710,2243,0,0.022524403
Warm C,119520,770,769,3710,2243,0,0.01040162
Warm C,75510,513,512,3710,2243,0,0.0100343255
Warm C,81909,543,542,3710,2243,1,0.019866858
Warm C,70522,475,474,3710,2243,0,0.017788097
Warm C,70929,476,475,3710,2243,1,0.0145896
Warm C,240510,1449,1448,3710,2243,0,0.019527681
Warm C,53940,352,351,3710,2243,0,0.019238029
Warm C,40500,272,271,3710,2243,0,0.017571583
Warm C,38999,264,263,3710,2243,0,0.01787617
Warm C,221618,1340,1339,3710,2243,0,0.018614043
Warm C,627079,3792,3791,3710,2243,0,0.016419563
Warm C,32230,216,215,3710,2243,0,0.014739712
Warm C,29997,202,201,3710,2243,0,0.015467202
Warm C,25671,181,180,3710,2243,0,0.021301467
Warm C,15713,123,122,3710,2243,0,0.01807792
Warm C,10640,76,75,3710,2243,0,0.006744389
Warm C,787439,4708,4707,3710,2243,0,0.013007531
Warm C,145906,937,936,3710,2243,0,0.012739378
Warm C,599469,3648,3647,3710,2243,0,0.012020491
Warm C,564724,3471,3470,3710,2243,0,0.019352183
Warm C,299217,1776,1775,3710,2243,0,0.011329345
Warm C,967550,5831,5830,3710,2243,0,0.021042785
Warm C,193891,1194,1193,3710,2243,0,0.018486034
Warm C,63355,424,423,3710,2243,0,0.02388484
Warm C,273256,1647,1646,3710,2243,0,0.017076995
Warm C,860385,5172,5171,3710,2243,0,0.010818491
Warm C,349399,2050,2049,3713,2245,1,0.021849882
Warm C,107382,706,705,3713,2245,1,0.011510502
Warm C,100477,670,669,3713,2245,0,0.016065663
Warm C,432233,2634,2633,3713,2245,0,0.02126379
Warm C,239307,1448,1447,3713,2245,1,0.030586405
Warm C,47636,319,318,3713,2245,1,0.015017827
Warm C,35344,238,237,3713,2245,0,0.006819452
Warm C,21784,158,157,3713,2245,1,0.0052956557
Warm C,1832,17,16,3713,2245,1,0.0112580415
Warm C,207126,1266,1265,3713,2245,1,0.013672701
Warm C,102617,678,677,3713,2245,1,0.0142745655
Warm C,336343,1980,1979,3713,2245,1,0.027960477
Warm C,992991,5998,5997,3713,2245,1,0.014068719
Warm C,554613,3411,3410,3713,2245,0,0.012225856
Warm C,474078,2909,2908,3713,2245,1,0.017810592
Warm C,285516,1701,1700,3713,2245,1,0.014153298
Warm C,739604,4418,4417,3713,2245,1,0.0019928585
Warm C,554921,3412,3411,3713,2245,1,0.014027093
Warm C,178752,1121,1120,3713,2245,1,0.017859655
Warm C,261954,1599,1598,3713,2245,1,0.013623521
Warm C,13181,102,101,3713,2245,1,0.011277692
Warm C,384789,2247,2246,3713,2245,1,0.02247895
Warm C,616720,3732,3731,3713,2245,0,0.018259
Warm C,293955,1748,1747,3713,2245,1,0.021568645
Warm C,974722,5878,5877,3713,2245,1,0.0065123695
Warm C,102618,678,677,3714,2246,1,-0.002485836
Warm C,145100,934,933,3714,2246,0,0.005434777
Warm C,115536,749,748,3714,2246,0,-0.0021859873
Warm C,609750,3695,3694,3714,2246,0,-0.002243999
Warm C,748350,4467,4466,3714,2246,0,0.002734161
Warm C,860387,5172,5171,3714,2246,0,-0.00026666466
Warm C,217783,1321,1320,3715,2247,0,0.0072743436
Warm C,215705,1306,1305,3715,2247,0,0.0017196598
Warm C,279898,1680,1679,3715,2247,1,0.0070521343
Warm C,261955,1599,1598,3715,2247,0,-0.0047017206
Warm C,307696,1835,1834,3715,2247,0,0.009480959
Warm C,328684,1941,1940,3715,2247,0,0.018490281
Warm C,185763,1150,1149,3715,2247,0,-0.0017080519
Warm C,142524,919,918,3715,2247,0,0.009198673
Warm C,315568,1880,1879,3715,2247,0,0.007023423
Warm C,117996,762,761,3715,2247,1,7.707463e-05
Warm C,240512,1449,1448,3715,2247,0,0.0073630707
Warm C,352315,2063,2062,3715,2247,0,0.011539143
Warm C,140768,904,903,3715,2247,0,0.0117923
Warm C,228546,1383,1382,3715,2247,0,0.0055373735
Warm C,86837,566,565,3715,2247,0,0.004830468
Warm C,53943,352,351,3715,2247,0,-0.0009305135
Warm C,25116,176,175,3715,2247,1,0.008696254
Warm C,239310,1448,1447,3715,2247,0,9.773858e-05
Warm C,49587,329,328,3715,2247,0,0.0051218276
Warm C,331918,1958,1957,3715,2247,0,-0.0063620545
Warm C,474079,2909,2908,3715,2247,1,0.00054123835
Warm C,63357,424,423,3715,2247,0,0.0066435104
Warm C,588147,3589,3588,3715,2247,0,0.005086572
Warm C,992737,5996,5995,3715,2247,0,0.008648282
Warm C,893495,5394,5393,3715,2247,0,-0.0006480529
Warm C,934026,5636,5635,3715,2247,0,0.008242713
Warm C,193893,1194,1193,3715,2247,0,0.0032500452
Warm C,550571,3391,3390,3715,2247,0,0.0009885672
Warm C,207128,1266,1265,3716,2248,0,0.008607723
Warm C,102620,678,677,3716,2248,1,0.012271065
Warm C,352316,2063,2062,3716,2248,0,0.008738953
Warm C,418972,2529,2528,3716,2248,1,0.007292155
Warm C,331919,1958,1957,3716,2248,0,0.012249311
Warm C,157229,1010,1009,3716,2248,0,0.00575441
Warm C,992738,5996,5995,3716,2248,0,0.0051891017
Warm C,129687,839,838,3718,2250,0,0.0007031397
Warm C,195765,1203,1202,3720,2251,1,0.0007853792
Warm C,521808,3219,3218,3720,2251,0,0.0012134591
Warm C,500532,3074,3073,3720,2251,0,0.007063395
Warm C,28365,195,194,3720,2251,1,0.008414851
Warm C,748059,4465,4464,3720,2251,0,-0.0006824171
Warm C,665327,4005,4004,3720,2251,0,0.0040608374
Warm C,17031,133,132,3720,2251,0,0.0011012573
Warm C,16152,127,126,3720,2251,0,0.0018982273
Warm C,503481,3093,3092,3720,2251,1,0.006230935
Warm C,204761,1260,1259,3720,2251,0,0.0056438874
Warm C,564744,3471,3470,3720,2251,1,0.0047050174
Warm C,61393,412,411,3720,2251,1,0.006221017
Warm C,29489,201,200,3720,2251,0,-0.005150857
Warm C,803345,4809,4808,3720,2251,0,0.014859622
Warm C,146446,943,942,3720,2251,1,0.018040214
Warm C,261971,1599,1598,3720,2251,1,0.0024828587
Warm C,90036,593,592,3720,2251,1,0.00090759824
Warm C,714180,4277,4276,3720,2251,1,0.015047265
Warm C,476492,2926,2925,3720,2251,1,0.0029485677
Warm C,285534,1701,1700,3720,2251,0,0.0055019557
Warm C,241487,1451,1450,3720,2251,1,0.006911246
Warm C,565797,3475,3474,3720,2251,0,0.010011509
Warm C,336376,1980,1979,3720,2251,1,0.004015301
Warm C,102654,678,677,3720,2251,1,0.0054719206
Warm C,235274,1425,1424,3720,2251,1,0.01308468
Warm C,172095,1088,1087,3720,2251,1,0.0063500414
Warm C,346723,2031,2030,3720,2251,1,0.009114623
Warm C,778386,4647,4646,3724,2253,1,0.007837251
Warm C,929295,5614,5613,3724,2253,1,-0.0040365616
Warm C,769324,4580,4579,3724,2253,1,-0.0030293362
Warm C,781801,4666,4665,3724,2253,1,0.00285957
Warm C,756553,4506,4505,3724,2253,1,-0.001245358
Warm C,749417,4472,4471,3724,2253,1,0.001741169
Warm C,752067,4482,4481,3724,2253,1,0.0047085294
Warm C,742823,4440,4439,3724,2253,1,0.0008984271
Warm C,737807,4408,4407,3724,2253,1,0.006236193
Warm C,728550,4354,4353,3724,2253,0,0.008393285
Warm C,718340,4303,4302,3724,2253,1,-0.0008320919
Warm C,714801,4279,4278,3724,2253,1,0.0071950345
Warm C,704107,4222,4221,3724,2253,0,-0.0017102137
Warm C,701917,4207,4206,3724,2253,1,-0.008175394
Warm C,692601,4144,4143,3724,2253,0,0.00041053235
Warm C,744517,4447,4446,3724,2253,0,0.010634066
Warm C,679746,4072,4071,3724,2253,1,-0.0058792
Warm C,678881,4064,4063,3724,2253,0,0.0023015519
Warm C,674445,4048,4047,3724,2253,1,0.008174125
Warm C,667711,4016,4015,3724,2253,1,0.013193113
Warm C,660465,3981,3980,3724,2253,0,0.004243789
Warm C,660108,3978,3977,3724,2253,1,-0.00081800437
Warm C,653733,3940,3939,3724,2253,1,0.0060599437
Warm C,647448,3898,3897,3724,2253,0,-0.0032878562
Warm C,643841,3878,3877,3724,2253,1,0.002122614
Warm C,642114,3860,3859,3724,2253,1,0.0001763627
Warm C,632671,3823,3822,3724,2253,0,-0.0026005618
Warm C,638593,3841,3840,3724,2253,1,0.004673858
Warm C,611395,3705,3704,3724,2253,1,0.0016491273
Warm C,726825,4345,4344,3724,2253,0,0.004933142
Warm C,604539,3675,3674,3724,2253,0,0.0005039498
Warm C,590293,3600,3599,3724,2253,1,0.000529252
Warm C,759385,4510,4509,3724,2253,0,0.00034040306
Warm C,714181,4277,4276,3724,2253,1,0.0046688584
Warm C,594344,3618,3617,3724,2253,0,0.004411503
Warm C,566495,3476,3475,3724,2253,0,0.0016800705
Warm C,549542,3390,3389,3724,2253,1,0.0041621104
Warm C,548112,3380,3379,3724,2253,1,0.011572272
Warm C,543514,3346,3345,3724,2253,1,-0.008280773
Warm C,539615,3319,3318,3724,2253,1,0.006559018
Warm C,533656,3292,3291,3724,2253,0,0.0046156337
Warm C,523940,3229,3228,3724,2253,0,-0.0055871443
Warm C,518919,3201,3200,3724,2253,1,0.005355526
Warm C,994091,6002,6001,3724,2253,1,-0.0012896729
Warm C,505331,3108,3107,3724,2253,1,0.006318172
Warm C,546220,3367,3366,3724,2253,1,-0.0080790855
Warm C,480309,2946,2945,3724,2253,0,-0.0008808061
Warm C,697790,4169,4168,3724,2253,1,0.0010095732
Warm C,458288,2820,2819,3724,2253,0,-0.0052944897
Warm C,447026,2753,2752,3724,2253,1,0.0056952653
Warm C,439680,2685,2684,3724,2253,0,-0.011545509
Warm C,436711,2665,2664,3724,2253,0,0.00072371215
Warm C,433796,2643,2642,3724,2253,0,0.008064111
Warm C,430603,2624,2623,3724,2253,1,-0.0020884145
Warm C,428879,2609,2608,3724,2253,1,0.0021515936
Warm C,424380,2573,2572,3724,2253,0,0.006241844
Warm C,427099,2592,2591,3724,2253,1,-0.003945115
Warm C,425816,2583,2582,3724,2253,0,-0.0028058956
Warm C,414958,2497,2496,3724,2253,1,-0.007999381
Warm C,414772,2496,2495,3724,2253,0,-0.0038144332
Warm C,402520,2402,2401,3724,2253,0,0.011687343
Warm C,410925,2465,2464,3724,2253,1,-0.0024368572
Warm C,398350,2368,2367,3724,2253,1,0.006533348
Warm C,396725,2348,2347,3724,2253,0,0.0054636914
Warm C,390784,2293,2292,3724,2253,1,0.0042543737
Warm C,389747,2287,2286,3724,2253,1,0.008559265
Warm C,383037,2237,2236,3724,2253,1,0.000120075885
Warm C,385423,2251,2250,3724,2253,1,0.0013503797
Warm C,377461,2203,2202,3724,2253,1,-0.016867619
Warm C,372152,2173,2172,3724,2253,0,0.0005595051
Warm C,372913,2177,2176,3724,2253,1,-0.002686066
Warm C,359591,2102,2101,3724,2253,0,0.007279031
Warm C,357716,2092,2091,3724,2253,0,0.005082108
Warm C,354344,2073,2072,3724,2253,1,-0.0077812946
Warm C,352755,2064,2063,3724,2253,1,-0.007818776
Warm C,343240,2016,2015,3724,2253,1,0.002102776
Warm C,323290,1916,1915,3724,2253,1,0.004776682
Warm C,312497,1861,1860,3724,2253,0,0.015541745
Warm C,298385,1768,1767,3724,2253,1,-0.0012851451
Warm C,275737,1667,1666,3724,2253,0,-0.0077288942
Warm C,271658,1642,1641,3724,2253,0,-0.0018489927
Warm C,279959,1680,1679,3724,2253,1,0.004548521
Warm C,259679,1587,1586,3724,2253,0,-0.002411867
Warm C,346403,2030,2029,3724,2253,1,0.004120296
Warm C,260211,1591,1590,3724,2253,1,0.00056945346
Warm C,231772,1404,1403,3724,2253,0,0.0013854641
Warm C,243027,1465,1464,3724,2253,1,0.009398276
Warm C,296630,1758,1757,3724,2253,1,0.0028447423
Warm C,211935,1290,1289,3724,2253,1,0.0028629708
Warm C,199643,1224,1223,3724,2253,1,-0.0029780953
Warm C,320348,1899,1898,3724,2253,1,-0.00954515
Warm C,158679,1015,1014,3724,2253,0,-0.0022453242
Warm C,153318,984,983,3724,2253,1,0.0019630787
Warm C,324047,1920,1919,3724,2253,0,0.00015234016
Warm C,138837,889,888,3724,2253,0,-0.006489425
Warm C,315599,1880,1879,3724,2253,0,0.002629567
Warm C,349406,2050,2049,3724,2253,1,-0.00052048615
Warm C,106934,702,701,3724,2253,0,-0.006960878
Warm C,103602,688,687,3724,2253,1,-0.002822143
Warm C,317057,1884,1883,3724,2253,1,0.0041952226
Warm C,94645,635,634,3724,2253,1,0.0065610176
Warm C,96259,646,645,3724,2253,1,0.0065720943
Warm C,284531,1698,1697,3724,2253,1,-0.0017853589
Warm C,394312,2323,2322,3724,2253,0,0.0006070668
Warm C,85688,558,557,3724,2253,1,0.0045189615
Warm C,68894,461,460,3724,2253,0,0.01411013
Warm C,211369,1285,1284,3724,2253,1,0.009826644
Warm C,132705,855,854,3724,2253,0,0.0021960384
Warm C,61395,412,411,3724,2253,1,-0.00437941
Warm C,145512,935,934,3724,2253,1,0.004119735
Warm C,35354,238,237,3724,2253,1,-5.453825e-06
Warm C,148870,957,956,3724,2253,1,-0.0010679656
Warm C,22065,161,160,3724,2253,1,0.0013429452
Warm C,947792,5722,5721,3724,2253,1,-0.0027913372
Warm C,12744,97,96,3724,2253,1,0.009854952
Warm C,9402,62,61,3724,2253,0,0.0049999976
Warm C,967565,5831,5830,3724,2253,1,-0.0021443986
Warm C,60887,411,410,3724,2253,1,0.0011153743
Warm C,15738,123,122,3724,2253,0,-0.0037647868
Warm C,182238,1137,1136,3724,2253,0,-0.0023345174
Warm C,328736,1941,1940,3724,2253,0,0.007175152
Warm C,172098,1088,1087,3724,2253,1,-0.0003921925
Warm C,322715,1912,1911,3724,2253,0,0.0058771935
Warm C,841596,5054,5053,3724,2253,1,0.0065153753
Warm C,795642,4765,4764,3724,2253,0,0.011082504
Warm C,319597,1897,1896,3724,2253,1,-0.0009682793
Warm C,739609,4418,4417,3724,2253,0,-0.0040941713
Warm C,276476,1671,1670,3724,2253,1,0.0070159105
Warm C,160429,1019,1018,3724,2253,0,-0.009313716
Warm C,25928,183,182,3724,2253,1,-0.008848924
Warm C,776826,4639,4638,3724,2253,0,-0.0027218936
Warm C,290547,1733,1732,3724,2253,1,-0.015382785
Warm C,325057,1925,1924,3724,2253,0,0.006355696
Warm C,748353,4467,4466,3724,2253,0,0.0002921247
Warm C,860391,5172,5171,3724,2253,1,0.005853994
Warm C,461321,2846,2845,3725,2254,0,0.014337936
Warm C,467093,2878,2877,3725,2254,1,0.005485064
Warm C,409818,2457,2456,3725,2254,0,0.008109479
Warm C,402521,2402,2401,3725,2254,0,0.0040936954
Warm C,390194,2288,2287,3725,2254,0,0.016369468
Warm C,384997,2249,2248,3725,2254,1,0.010565432
Warm C,378011,2205,2204,3725,2254,0,0.0040477933
Warm C,371339,2170,2169,3725,2254,0,0.0026746602
Warm C,714182,4277,4276,3725,2254,1,0.007456575
Warm C,359011,2100,2099,3725,2254,1,0.0028681862
Warm C,338377,1988,1987,3725,2254,0,0.0013624164
Warm C,335105,1977,1976,3725,2254,1,0.015647864
Warm C,293447,1747,1746,3725,2254,1,0.0017706584
Warm C,292010,1740,1739,3725,2254,1,-0.00051043776
Warm C,331028,1954,1953,3725,2254,0,0.007127163
Warm C,282096,1692,1691,3725,2254,1,1.678546e-05
Warm C,270236,1635,1634,3725,2254,0,0.0033134173
Warm C,269300,1632,1631,3725,2254,0,0.00439753
Warm C,260520,1592,1591,3725,2254,1,-0.0033655444
Warm C,252083,1525,1524,3725,2254,0,-0.00020048209
Warm C,237241,1442,1441,3725,2254,1,0.010542253
Warm C,247400,1495,1494,3725,2254,0,-0.0029243473
Warm C,226795,1375,1374,3725,2254,0,0.0043296292
Warm C,279960,1680,1679,3725,2254,1,0.0026069446
Warm C,180473,1128,1127,3725,2254,0,0.013720511
Warm C,173860,1100,1099,3725,2254,0,0.009211253
Warm C,346405,2030,2029,3725,2254,0,0.0035159765
Warm C,165834,1057,1056,3725,2254,0,0.00056322385
Warm C,169673,1077,1076,3725,2254,0,0.003574025
Warm C,147679,951,950,3725,2254,0,-0.005645781
Warm C,324597,1922,1921,3725,2254,0,0.010009771
Warm C,135201,875,874,3725,2254,1,0.0023697182
Warm C,315600,1880,1879,3725,2254,0,0.0029347634
Warm C,86262,563,562,3725,2254,0,0.0057366593
Warm C,83550,549,548,3725,2254,1,0.007701757
Warm C,84533,550,549,3725,2254,0,0.0014948926
Warm C,86849,566,565,3725,2254,0,0.007309657
Warm C,51210,337,336,3725,2254,1,0.007535907
Warm C,323445,1917,1916,3725,2254,0,0.0028233153
Warm C,32255,216,215,3725,2254,0,0.01323965
Warm C,967566,5831,5830,3725,2254,0,-0.0001373163
Warm C,4937,35,34,3725,2254,0,0.0018098145
Warm C,382142,2232,2231,3725,2254,1,0.013976725
Warm C,207155,1266,1265,3725,2254,1,0.016141064
Warm C,421242,2544,2543,3725,2254,1,0.0027471469
Warm C,317058,1884,1883,3725,2254,1,0.008122328
Warm C,572490,3507,3506,3725,2254,0,0.01686486
Warm C,160430,1019,1018,3725,2254,0,0.013812946
Warm C,639356,3842,3841,3725,2254,0,0.00036297948
Warm C,874160,5277,5276,3725,2254,0,0.0007607839
Warm C,261271,1597,1596,3725,2254,0,0.0036551028
Warm C,959113,5787,5786,3725,2254,0,0.010387837
Warm C,271133,1639,1638,3726,2255,1,0.011061244
Warm C,312498,1861,1860,3726,2255,0,0.008610587
Warm C,259133,1586,1585,3726,2255,1,0.0008386995
Warm C,222848,1349,1348,3726,2255,1,0.0074725566
Warm C,210341,1284,1283,3726,2255,0,0.0020918066
Warm C,328738,1941,1940,3726,2255,1,0.018107362
Warm C,267341,1624,1623,3726,2255,1,-0.0013412817
Warm C,165356,1053,1052,3726,2255,0,0.007478677
Warm C,163335,1044,1043,3726,2255,1,0.00903747
Warm C,213098,1297,1296,3726,2255,0,0.00868402
Warm C,152062,977,976,3726,2255,0,0.011160627
Warm C,151402,974,973,3726,2255,0,0.0017953983
Warm C,129703,839,838,3726,2255,1,0.01771278
Warm C,147545,949,948,3726,2255,1,0.01219127
Warm C,114575,744,743,3726,2255,1,0.009541575
Warm C,130614,846,845,3726,2255,1,0.0051956903
Warm C,97212,651,650,3726,2255,0,0.0089673195
Warm C,295068,1752,1751,3726,2255,1,0.012528602
Warm C,394313,2323,2322,3726,2255,0,-0.0026750197
Warm C,80793,536,535,3726,2255,1,0.00041600934
Warm C,77900,524,523,3726,2255,1,0.016043229
Warm C,63394,424,423,3726,2255,1,0.016531836
Warm C,42422,289,288,3726,2255,1,0.007781043
Warm C,451868,2781,2780,3726,2255,1,0.0137792295
Warm C,15942,125,124,3726,2255,1,0.0039302385
Warm C,13572,107,106,3726,2255,1,-0.0052713244
Warm C,4002,29,28,3726,2255,1,0.007535053
Warm C,482041,2962,2961,3726,2255,0,0.011346709
Warm C,119541,770,769,3726,2255,0,0.008130831
Warm C,24484,173,172,3726,2255,0,0.0019358732
Warm C,293964,1748,1747,3726,2255,0,0.006478341
Warm C,388240,2271,2270,3726,2255,1,0.0017389618
Warm C,322717,1912,1911,3726,2255,0,0.001046116
Warm C,631833,3821,3820,3726,2255,1,0.0048292545
Warm C,238291,1447,1446,3726,2255,0,0.015754199
Warm C,415875,2504,2503,3726,2255,0,0.010206451
Warm C,290548,1733,1732,3726,2255,1,0.004137269
Warm C,195044,1202,1201,3726,2255,0,0.010576628
Warm C,560584,3446,3445,3727,2256,1,0.009621516
Warm C,549278,3389,3388,3727,2256,0,0.018318094
Warm C,714184,4277,4276,3727,2256,1,0.031166645
Warm C,645474,3885,3884,3727,2256,1,0.0081494935
Warm C,544460,3356,3355,3727,2256,1,0.010442379
Warm C,719434,4309,4308,3727,2256,1,0.01920803
Warm C,547666,3378,3377,3727,2256,1,0.0019681193
Warm C,539060,3314,3313,3727,2256,1,0.016701868
Warm C,670782,4031,4030,3727,2256,0,-0.0027977028
Warm C,816225,4899,4898,3727,2256,0,0.023531776
Warm C,490978,3018,3017,3727,2256,1,0.023688637
Warm C,485862,2990,2989,3727,2256,1,0.013830956
Warm C,476923,2928,2927,3727,2256,0,0.014821764
Warm C,473038,2908,2907,3727,2256,0,-0.0028375157
Warm C,755001,4497,4496,3727,2256,1,0.012234731
Warm C,451553,2779,2778,3727,2256,1,0.006161394
Warm C,431216,2627,2626,3727,2256,0,0.005028791
Warm C,428327,2605,2604,3727,2256,1,0.013558665
Warm C,426627,2590,2589,3727,2256,1,0.01579145
Warm C,602538,3665,3664,3727,2256,0,0.021499388
Warm C,421525,2546,2545,3727,2256,0,0.0070227417
Warm C,421245,2544,2543,3727,2256,1,0.013685845
Warm C,418999,2529,2528,3727,2256,0,0.02526173
Warm C,416940,2507,2506,3727,2256,1,0.025679816
Warm C,411824,2475,2474,3727,2256,0,-0.0019974704
Warm C,409819,2457,2456,3727,2256,1,0.018101038
Warm C,409334,2456,2455,3727,2256,1,0.0067114253
Warm C,393276,2310,2309,3727,2256,1,0.018127544
Warm C,385425,2251,2250,3727,2256,1,0.01942154
Warm C,370098,2164,2163,3727,2256,1,0.019588822
Warm C,394314,2323,2322,3727,2256,1,0.0200295
Warm C,350394,2056,2055,3727,2256,1,0.006058124
Warm C,350163,2055,2054,3727,2256,1,0.011258634
Warm C,340950,2010,2009,3727,2256,0,0.019772913
Warm C,333555,1968,1967,3727,2256,0,0.02267401
Warm C,317059,1884,1883,3727,2256,1,0.025279012
Warm C,306105,1822,1821,3727,2256,1,0.0025674824
Warm C,288342,1722,1721,3727,2256,1,0.0056075007
Warm C,277178,1675,1674,3727,2256,1,0.020451494
Warm C,286341,1709,1708,3727,2256,1,0.00784325
Warm C,264259,1607,1606,3727,2256,0,0.013815796
Warm C,247920,1496,1495,3727,2256,1,0.007525962
Warm C,284533,1698,1697,3727,2256,1,0.014636969
Warm C,217786,1321,1320,3727,2256,0,0.012421724
Warm C,209171,1276,1275,3727,2256,1,0.00931217
Warm C,279961,1680,1679,3727,2256,1,0.010056762
Warm C,328739,1941,1940,3727,2256,0,0.0135617675
Warm C,187186,1161,1160,3727,2256,0,0.006570202
Warm C,307730,1835,1834,3727,2256,1,0.010379065
Warm C,176426,1115,1114,3727,2256,1,0.008503731
Warm C,173862,1100,1099,3727,2256,1,0.004306727
Warm C,172317,1089,1088,3727,2256,1,0.00837105
Warm C,184144,1146,1145,3727,2256,1,0.017377459
Warm C,163336,1044,1043,3727,2256,1,0.00860445
Warm C,162065,1033,1032,3727,2256,1,0.02461746
Warm C,159442,1017,1016,3727,2256,0,0.009559888
Warm C,154467,996,995,3727,2256,1,0.011397345
Warm C,149774,963,962,3727,2256,0,0.013652312
Warm C,185791,1150,1149,3727,2256,0,0.021111183
Warm C,138840,889,888,3727,2256,0,0.02537435
Warm C,135865,877,876,3727,2256,1,0.019152757
Warm C,133305,860,859,3727,2256,1,0.009574187
Warm C,128373,830,829,3727,2256,1,0.0088080745
Warm C,125650,808,807,3727,2256,1,0.0043475763
Warm C,125091,802,801,3727,2256,1,0.011218313
Warm C,211372,1285,1284,3727,2256,1,0.020488428
Warm C,292804,1743,1742,3727,2256,1,0.008474508
Warm C,97213,651,650,3727,2256,1,0.015506802
Warm C,352364,2063,2062,3727,2256,0,0.02351202
Warm C,140784,904,903,3727,2256,0,0.008352537
Warm C,80794,536,535,3727,2256,0,0.016510569
Warm C,82553,548,547,3727,2256,1,-0.0050042397
Warm C,77901,524,523,3727,2256,1,0.024443984
Warm C,66858,449,448,3727,2256,1,0.0031994465
Warm C,57650,390,389,3727,2256,1,0.0021632868
Warm C,63395,424,423,3727,2256,1,0.01829323
Warm C,53980,352,351,3727,2256,1,0.011372299
Warm C,41243,278,277,3727,2256,1,0.002764262
Warm C,15740,123,122,3727,2256,1,0.0062815063
Warm C,290549,1733,1732,3727,2256,0,0.011974388
Warm C,4508,33,32,3727,2256,0,0.0070127565
Warm C,5231,36,35,3727,2256,1,0.01472366
Warm C,432885,2638,2637,3727,2256,0,0.014722381
Warm C,773552,4610,4609,3727,2256,1,0.016201949
Warm C,102655,678,677,3727,2256,1,0.024247278
Warm C,28366,195,194,3727,2256,0,0.0096036885
Warm C,366293,2131,2130,3727,2256,1,0.013346474
Warm C,959114,5787,5786,3727,2256,1,0.01646908
Warm C,527649,3261,3260,3728,2257,1,0.009875985
Warm C,528371,3265,3264,3728,2257,0,0.003073086
Warm C,916972,5539,5538,3728,2257,1,0.0034739773
Warm C,522974,3224,3223,3728,2257,1,0.0057715354
Warm C,490979,3018,3017,3728,2257,1,0.011477321
Warm C,482899,2967,2966,3728,2257,1,-0.0043294607
Warm C,481206,2955,2954,3728,2257,0,0.005240603
Warm C,466212,2874,2873,3728,2257,0,-0.0012090327
Warm C,458290,2820,2819,3728,2257,1,0.008534305
Warm C,454278,2794,2793,3728,2257,1,0.015113149
Warm C,448575,2764,2763,3728,2257,1,0.009777494
Warm C,441119,2700,2699,3728,2257,1,0.0031754775
Warm C,697793,4169,4168,3728,2257,1,0.014542695
Warm C,431218,2627,2626,3728,2257,1,0.01612564
Warm C,421246,2544,2543,3728,2257,1,0.0043142037
Warm C,415876,2504,2503,3728,2257,1,0.0038754113
Warm C,413029,2484,2483,3728,2257,0,0.0026714369
Warm C,365293,2125,2124,3728,2257,1,0.003947557
Warm C,343780,2018,2017,3728,2257,1,0.0038227253
Warm C,334794,1974,1973,3728,2257,0,0.007531561
Warm C,326427,1932,1931,3728,2257,1,0.011344487
Warm C,323291,1916,1915,3728,2257,1,0.0026034724
Warm C,325059,1925,1924,3728,2257,1,0.011368217
Warm C,310330,1847,1846,3728,2257,1,-0.0009395358
Warm C,310284,1846,1845,3728,2257,1,0.009220726
Warm C,305961,1820,1819,3728,2257,1,0.008839402
Warm C,282097,1692,1691,3728,2257,1,0.006521755
Warm C,274765,1661,1660,3728,2257,1,0.0037930054
Warm C,279962,1680,1679,3728,2257,1,0.018229708
Warm C,271134,1639,1638,3728,2257,1,0.0057801767
Warm C,333556,1968,1967,3728,2257,1,0.014420495
Warm C,315601,1880,1879,3728,2257,1,0.012135017
Warm C,227462,1378,1377,3728,2257,1,0.0028534755
Warm C,220474,1335,1334,3728,2257,1,0.011473234
Warm C,336378,1980,1979,3728,2257,1,0.013659998
Warm C,296631,1758,1757,3728,2257,1,0.010387129
Warm C,211374,1285,1284,3728,2257,0,0.0070457337
Warm C,308935,1837,1836,3728,2257,1,0.01605808
Warm C,322718,1912,1911,3728,2257,0,0.0040318007
Warm C,185792,1150,1149,3728,2257,1,0.015603667
Warm C,307731,1835,1834,3728,2257,1,0.007727136
Warm C,172318,1089,1088,3728,2257,1,0.001146397
Warm C,184145,1146,1145,3728,2257,0,0.006645321
Warm C,164069,1050,1049,3728,2257,0,-0.0020145525
Warm C,169674,1077,1076,3728,2257,0,0.019022942
Warm C,160432,1019,1018,3728,2257,1,0.007470113
Warm C,153870,989,988,3728,2257,0,0.008505509
Warm C,149054,958,957,3728,2257,1,0.003917279
Warm C,191469,1181,1180,3728,2257,0,-0.004669336
Warm C,133485,862,861,3728,2257,0,0.0010146289
Warm C,111374,724,723,3728,2257,0,0.0020991971
Warm C,392933,2307,2306,3728,2257,1,0.0037268521
Warm C,295069,1752,1751,3728,2257,1,0.006689668
Warm C,329587,1943,1942,3728,2257,1,0.006025451
Warm C,284535,1698,1697,3728,2257,1,0.009464982
Warm C,320895,1902,1901,3728,2257,1,0.009990501
Warm C,83551,549,548,3728,2257,1,0.008506187
Warm C,77902,524,523,3728,2257,1,0.004078902
Warm C,47660,319,318,3728,2257,0,-0.0011592316
Warm C,408438,2453,2452,3728,2257,1,0.0019391719
Warm C,33625,225,224,3728,2257,1,-0.0024148142
Warm C,27613,193,192,3728,2257,1,-0.0026973032
Warm C,15742,123,122,3728,2257,1,0.0024935976
Warm C,340237,2008,2007,3728,2257,1,0.0057700244
Warm C,8178,56,55,3728,2257,1,-0.0005735713
Warm C,295,5,4,3728,2257,0,0.011421436
Warm C,357717,2092,2091,3728,2257,0,0.0067785513
Warm C,66199,442,441,3728,2257,0,0.008141563
Warm C,207157,1266,1265,3728,2257,0,0.0018790266
Warm C,482042,2962,2961,3728,2257,1,0.009127163
Warm C,908441,5493,5492,3728,2257,1,0.0029715425
Warm C,158682,1015,1014,3728,2257,1,-0.001166157
Warm C,140785,904,903,3728,2257,0,0.0077082533
Warm C,24486,173,172,3728,2257,1,0.0040914444
Warm C,257950,1579,1578,3728,2257,1,0.01424648
Warm C,290551,1733,1732,3728,2257,0,0.0021885522
Warm C,31084,208,207,3728,2257,1,-0.0030184274
Warm C,460865,2841,2840,3728,2257,1,-2.4581095e-05
Warm C,532398,3285,3284,3728,2257,1,0.0042625405
Warm C,16153,127,126,3728,2257,1,0.0037146423
Warm C,50315,331,330,3728,2257,1,0.0010637341
Warm C,940316,5675,5674,3728,2257,1,0.001666467
Warm C,20153,149,148,3728,2257,1,0.011416327
Warm C,860392,5172,5171,3728,2257,1,0.0015950759
Warm C,380948,2225,2224,3728,2257,1,0.009285458
Warm C,739610,4418,4417,3728,2257,1,0.0062663737
Warm C,204187,1256,1255,3728,2257,1,0.009140617
Warm C,550603,3391,3390,3728,2257,1,0.011100247
Warm C,211402,1285,1284,3732,2260,1,0.0049842857
Warm C,41254,278,277,3732,2260,1,-0.0005498156
Warm C,36679,245,244,3732,2260,0,0.003109345
Warm C,639372,3842,3841,3732,2260,0,-0.0012238305
Warm C,458306,2820,2819,3732,2260,0,-0.0057579717
Warm C,490992,3018,3017,3732,2260,1,0.008061611
Warm C,102673,678,677,3732,2260,0,-0.00083507877
Warm C,714205,4277,4276,3732,2260,0,0.007824168
Warm C,967576,5831,5830,3732,2260,0,-0.0014743045
Warm C,63424,424,423,3732,2260,1,0.0034437391
Warm C,241500,1451,1450,3732,2260,0,0.005549182
Warm C,252220,1527,1526,3738,2263,0,-0.0049060048
Warm C,160458,1019,1018,3738,2263,0,0.016409429
Warm C,631844,3821,3820,3738,2263,0,0.0015280058
Warm C,50903,335,334,3738,2263,0,0.011010815
Warm C,43689,300,299,3738,2263,1,0.0019312142
Warm C,38385,261,260,3738,2263,0,0.0058318386
Warm C,947800,5722,5721,3738,2263,1,0.005988787
Warm C,9413,62,61,3738,2263,0,0.011885709
Warm C,357734,2092,2091,3738,2263,1,0.0076259905
Warm C,238316,1447,1446,3738,2263,1,0.017166331
Warm C,158710,1015,1014,3738,2263,1,0.00671007
Warm C,962012,5795,5794,3738,2263,1,0.0030537453
Warm C,841608,5054,5053,3738,2263,0,-0.0014330857
Warm C,319618,1897,1896,3738,2263,1,0.0107690375
Warm C,63427,424,423,3738,2263,1,0.010455681
Warm C,397442,2353,2352,3738,2263,1,-0.0055979425
Warm C,821763,4940,4939,3738,2263,0,0.0063922354
Warm C,263745,1605,1604,3743,2267,0,0.01355369
Warm C,111094,721,720,3743,2267,0,0.017239813
Warm C,907895,5492,5491,3743,2267,0,0.015996322
Warm C,476503,2926,2925,3743,2267,0,0.007359567
Warm C,682826,4085,4084,3743,2267,0,0.014247676
Warm C,46527,310,309,3743,2267,1,0.0031454782
Warm C,313045,1865,1864,3743,2267,0,0.0062025255
Warm C,924214,5580,5579,3743,2267,1,0.008192222
Warm C,497448,3054,3053,3743,2267,0,0.008143883
Warm C,811521,4867,4866,3743,2267,1,0.018496415
Warm C,776970,4640,4639,3743,2267,0,0.0056626988
Warm C,521812,3219,3218,3743,2267,0,0.009159034
Warm C,967597,5831,5830,3743,2267,1,0.012165526
Warm C,272426,1645,1644,3743,2267,1,0.00798627
Warm C,311398,1854,1853,3743,2267,0,0.0054261917
Warm C,295795,1755,1754,3743,2267,0,0.012143174
Warm C,172144,1088,1087,3743,2267,0,0.005423153
Warm C,996746,6016,6015,3746,2270,0,0.013533925
Warm C,209005,1274,1273,3746,2270,1,0.020650484
Warm C,801840,4802,4801,3746,2270,1,0.009189416
Warm C,93436,624,623,3746,2270,0,0.012891601
Warm C,523955,3229,3228,3746,2270,1,0.020223852
Warm C,796403,4771,4770,3746,2270,1,0.006614815
Warm C,807798,4834,4833,3746,2270,1,0.009199664
Warm C,223125,1352,1351,3746,2270,1,0.01970508
Warm C,28429,195,194,3746,2270,1,0.008034284
Warm C,301577,1791,1790,3747,2271,1,0.008162667
Warm C,224371,1356,1355,3747,2271,0,0.0017196831
Warm C,309976,1843,1842,3747,2271,1,0.0015772298
Warm C,213123,1297,1296,3747,2271,1,0.0045207003
Warm C,212190,1291,1290,3747,2271,1,0.008951121
Warm C,211446,1285,1284,3747,2271,1,0.011593126
Warm C,207694,1270,1269,3747,2271,0,0.008470022
Warm C,220488,1335,1334,3747,2271,1,0.010348419
Warm C,196889,1208,1207,3747,2271,1,0.0005909561
Warm C,232621,1413,1412,3747,2271,0,0.003342278
Warm C,201253,1241,1240,3747,2271,1,0.005416922
Warm C,349077,2047,2046,3747,2271,1,0.011035937
Warm C,156389,1009,1008,3747,2271,1,0.00903778
Warm C,158744,1015,1014,3747,2271,1,0.013359602
Warm C,150135,966,965,3747,2271,1,0.004207302
Warm C,225336,1362,1361,3747,2271,0,0.0010553048
Warm C,812361,4875,4874,3747,2271,0,0.0059874672
Warm C,132849,856,855,3747,2271,1,0.0055420958
Warm C,197498,1211,1210,3747,2271,1,0.0053506372
Warm C,182261,1137,1136,3747,2271,0,0.0075151394
Warm C,199675,1224,1223,3747,2271,1,0.013891925
Warm C,128383,830,829,3747,2271,1,0.005295199
Warm C,407840,2451,2450,3747,2271,0,-0.0075425915
Warm C,132742,855,854,3747,2271,1,0.0076189097
Warm C,187843,1164,1163,3747,2271,1,0.007591287
Warm C,292810,1743,1742,3747,2271,0,0.0034327158
Warm C,103551,687,686,3747,2271,1,0.005901057
Warm C,101775,677,676,3747,2271,0,0.012753991
Warm C,129043,838,837,3747,2271,1,-0.00060424954
Warm C,714237,4277,4276,3747,2271,1,0.012323899
Warm C,89661,590,589,3747,2271,1,-0.0004135056
Warm C,148001,953,952,3747,2271,1,-0.00404069
Warm C,330834,1952,1951,3747,2271,1,-0.0014235373
Warm C,682034,4084,4083,3747,2271,1,0.006178173
Warm C,77967,524,523,3747,2271,1,0.013459819
Warm C,64404,429,428,3747,2271,0,0.0031148165
Warm C,57683,390,389,3747,2271,1,-0.007384777
Warm C,57256,386,385,3747,2271,0,0.009401195
Warm C,46128,308,307,3747,2271,1,0.007197474
Warm C,43474,299,298,3747,2271,1,-0.003238163
Warm C,806019,4823,4822,3747,2271,1,0.0012351929
Warm C,33662,225,224,3747,2271,1,0.016747389
Warm C,31577,214,213,3747,2271,1,0.008994753
Warm C,452167,2784,2783,3747,2271,1,0.0023317556
Warm C,965938,5825,5824,3747,2271,1,0.0011081622
Warm C,947806,5722,5721,3747,2271,1,-0.0047204113
Warm C,192790,1186,1185,3747,2271,1,0.0016154097
Warm C,314436,1877,1876,3747,2271,1,0.0012968339
Warm C,16166,127,126,3747,2271,0,-0.0021248152
Warm C,201825,1242,1241,3747,2271,1,0.008690533
Warm C,7960,53,52,3747,2271,1,0.0018626549
Warm C,217394,1317,1316,3747,2271,1,0.011751785
Warm C,24530,173,172,3747,2271,1,0.004887094
Warm C,432257,2634,2633,3747,2271,0,0.010366496
Warm C,56381,376,375,3747,2271,0,0.008624712
Warm C,653759,3940,3939,3747,2271,1,-0.0005336739
Warm C,761289,4522,4521,3747,2271,0,0.005400192
Warm C,204794,1260,1259,3747,2271,0,0.0047624586
Warm C,289715,1729,1728,3747,2271,0,-0.004166892
Warm C,844464,5074,5073,3747,2271,1,0.0049508926
Warm C,400039,2380,2379,3747,2271,0,0.005822311
Warm C,635706,3832,3831,3747,2271,0,0.0065693
Warm C,877187,5300,5299,3747,2271,1,0.0016010194
Warm C,232055,1407,1406,3747,2271,1,-0.004222194
Warm C,203722,1252,1251,3747,2271,0,0.0041586217
Warm C,319635,1897,1896,3747,2271,1,0.014774677
Warm C,258639,1584,1583,3747,2271,0,0.0044750273
Warm C,556658,3420,3419,3747,2271,1,-0.0018018845
Warm C,261284,1597,1596,3747,2271,1,0.0023377999
Warm C,500542,3074,3073,3747,2271,1,-0.006048543
Warm C,799521,4790,4789,3747,2271,0,0.013193801
Warm C,431245,2627,2626,3747,2271,0,0.009196956
Warm C,336440,1980,1979,3747,2271,1,0.0011433307
Warm C,50356,331,330,3747,2271,1,0.0012213252
Warm C,116659,752,751,3747,2271,0,0.017689165
Warm C,93091,623,622,3747,2271,1,0.0063028755
Warm C,908456,5493,5492,3747,2271,1,0.009188079
Warm C,47711,319,318,3747,2271,0,0.010237012
Warm C,313046,1865,1864,3747,2271,0,0.0020252103
Warm C,284579,1698,1697,3747,2271,1,0.010964387
Warm C,235320,1425,1424,3747,2271,1,0.009393245
Warm C,67898,454,453,3747,2271,1,0.001441832
Warm C,847306,5090,5089,3747,2271,1,0.0035880299
Warm C,764690,4543,4542,3747,2271,0,0.005693376
Warm C,808586,4842,4841,3747,2271,1,0.0007073337
Warm C,346732,2031,2030,3747,2271,1,-0.005151603
Warm C,550672,3391,3390,3747,2271,1,0.0068305973
Warm C,565061,3473,3472,3747,2271,0,0.0037018377
Warm C,967617,5831,5830,3758,2277,0,0.0029451994
Warm C,496303,3050,3049,3758,2277,0,0.002979668
Warm C,480352,2946,2945,3758,2277,0,-0.0001727427
Warm C,755027,4497,4496,3758,2277,0,-0.0005796511
Warm C,463684,2857,2856,3758,2277,0,0.007489134
Warm C,465250,2868,2867,3758,2277,0,0.0066624526
Warm C,458354,2820,2819,3758,2277,0,0.0064700674
Warm C,454393,2795,2794,3758,2277,0,0.0072450615
Warm C,445734,2748,2747,3758,2277,0,-0.0027579276
Warm C,400586,2383,2382,3758,2277,0,0.006091323
Warm C,393353,2312,2311,3758,2277,0,0.0069947047
Warm C,389161,2279,2278,3758,2277,1,0.0022358648
Warm C,378058,2205,2204,3758,2277,0,0.0068792705
Warm C,376246,2194,2193,3758,2277,0,-0.004910914
Warm C,371875,2172,2171,3758,2277,0,0.0008301309
Warm C,370818,2167,2166,3758,2277,0,0.003427361
Warm C,356598,2088,2087,3758,2277,0,0.011822001
Warm C,341013,2010,2009,3758,2277,0,0.0032124412
Warm C,324629,1922,1921,3758,2277,0,0.0043465877
Warm C,299288,1776,1775,3758,2277,1,0.0062876996
Warm C,293333,1746,1745,3758,2277,1,0.006720699
Warm C,291017,1736,1735,3758,2277,0,0.009456217
Warm C,292621,1741,1740,3758,2277,0,0.00498052
Warm C,269357,1632,1631,3758,2277,0,0.0037898635
Warm C,258109,1580,1579,3758,2277,0,-0.000111225294
Warm C,333597,1968,1967,3758,2277,0,0.0065631927
Warm C,227383,1377,1376,3758,2277,0,0.013418287
Warm C,325643,1926,1925,3758,2277,1,0.00083334954
Warm C,220116,1333,1332,3758,2277,0,0.0071076443
Warm C,278095,1676,1675,3758,2277,0,-8.822605e-05
Warm C,273363,1647,1646,3758,2277,1,0.00016569626
Warm C,206142,1264,1263,3758,2277,0,0.015230719
Warm C,215167,1303,1302,3758,2277,0,0.0028686973
Warm C,244255,1470,1469,3758,2277,0,0.010757053
Warm C,280115,1680,1679,3758,2277,1,0.0075537623
Warm C,185898,1150,1149,3758,2277,0,0.0014580968
Warm C,181683,1135,1134,3758,2277,0,0.010773213
Warm C,177737,1119,1118,3758,2277,0,0.0030631595
Warm C,337286,1983,1982,3758,2277,0,0.0038722777
Warm C,138961,889,888,3758,2277,0,0.0139897475
Warm C,315677,1880,1879,3758,2277,0,0.012045896
Warm C,141745,911,910,3758,2277,0,0.01275302
Warm C,113506,735,734,3758,2277,0,0.0072730184
Warm C,240642,1449,1448,3758,2277,0,-0.0007044864
Warm C,91010,602,601,3758,2277,0,0.008659014
Warm C,86288,563,562,3758,2277,0,-0.0018247161
Warm C,239434,1448,1447,3758,2277,0,0.013713341
Warm C,84614,550,549,3758,2277,0,-0.0013063828
Warm C,54078,352,351,3758,2277,0,0.0014494797
Warm C,132761,855,854,3758,2277,0,0.009499014
Warm C,338425,1988,1987,3758,2277,0,-0.0019696574
Warm C,23271,166,165,3758,2277,0,-6.482063e-05
Warm C,17652,136,135,3758,2277,1,0.004693083
Warm C,5884,42,41,3758,2277,1,0.0037521673
Warm C,482096,2962,2961,3758,2277,0,0.004892792
Warm C,238379,1447,1446,3758,2277,0,0.010225944
Warm C,102728,678,677,3758,2277,1,0.0024960367
Warm C,964650,5812,5811,3758,2277,0,0.006811651
Warm C,310923,1851,1850,3758,2277,0,0.008247623
Warm C,63510,424,423,3758,2277,0,0.003723625
Warm C,721562,4318,4317,3766,2281,1,0.012186688
Warm C,694110,4156,4155,3766,2281,1,0.010742954
Warm C,691471,4139,4138,3766,2281,0,0.007731153
Warm C,690941,4135,4134,3766,2281,1,0.011087622
Warm C,692193,4140,4139,3766,2281,0,0.0044291904
Warm C,685615,4098,4097,3766,2281,0,0.011260211
Warm C,681859,4083,4082,3766,2281,0,0.008488144
Warm C,677648,4061,4060,3766,2281,1,0.0023903935
Warm C,677294,4058,4057,3766,2281,0,0.003844631
Warm C,674912,4049,4048,3766,2281,0,0.004662857
Warm C,673733,4045,4044,3766,2281,0,-0.00425601
Warm C,720700,4312,4311,3766,2281,0,0.009105014
Warm C,669932,4026,4025,3766,2281,0,0.0130802905
Warm C,668833,4021,4020,3766,2281,1,0.006712487
Warm C,666107,4007,4006,3766,2281,0,0.004331353
Warm C,738894,4414,4413,3766,2281,0,0.006423088
Warm C,665358,4005,4004,3766,2281,0,0.012172695
Warm C,663326,3997,3996,3766,2281,1,0.0053627193
Warm C,660128,3978,3977,3766,2281,1,0.0016940008
Warm C,658110,3965,3964,3766,2281,1,-0.0013490082
Warm C,657307,3962,3961,3766,2281,1,0.007207999
Warm C,651711,3929,3928,3766,2281,0,0.013603471
Warm C,642132,3860,3859,3766,2281,1,0.00594496
Warm C,630046,3808,3807,3766,2281,0,-0.00084733777
Warm C,638738,3841,3840,3766,2281,1,0.00761207
Warm C,625261,3778,3777,3766,2281,0,0.0068646134
Warm C,622465,3768,3767,3766,2281,0,0.0075176116
Warm C,959965,5788,5787,3766,2281,0,0.0051764334
Warm C,611490,3705,3704,3766,2281,1,0.017582605
Warm C,606813,3683,3682,3766,2281,0,0.015428996
Warm C,633740,3824,3823,3766,2281,0,0.016112402
Warm C,595421,3621,3620,3766,2281,0,0.011314999
Warm C,597007,3626,3625,3766,2281,1,0.0014272553
Warm C,588231,3589,3588,3766,2281,0,0.008242981
Warm C,586564,3579,3578,3766,2281,0,0.0070076203
Warm C,585927,3576,3575,3766,2281,0,0.012916123
Warm C,585368,3574,3573,3766,2281,1,0.0050012358
Warm C,594482,3618,3617,3766,2281,0,0.010925645
Warm C,569809,3493,3492,3766,2281,0,0.008655546
Warm C,569574,3491,3490,3766,2281,0,0.009692254
Warm C,714280,4277,4276,3766,2281,0,0.014562339
Warm C,563939,3469,3468,3766,2281,0,0.014464181
Warm C,570520,3499,3498,3766,2281,0,0.0037276475
Warm C,559735,3439,3438,3766,2281,0,0.011110127
Warm C,572587,3507,3506,3766,2281,1,0.016917177
Warm C,552744,3401,3400,3766,2281,0,0.018057104
Warm C,551517,3397,3396,3766,2281,0,0.0152874
Warm C,577637,3526,3525,3766,2281,0,0.008806777
Warm C,645533,3885,3884,3766,2281,0,0.011410081
Warm C,542529,3336,3335,3766,2281,0,0.01025359
Warm C,532823,3290,3289,3766,2281,0,0.0022901294
Warm C,544192,3353,3352,3766,2281,0,0.010271204
Warm C,524270,3231,3230,3766,2281,1,-0.006482892
Warm C,515150,3180,3179,3766,2281,0,0.001893399
Warm C,697911,4169,4168,3766,2281,0,0.018617522
Warm C,513262,3163,3162,3766,2281,0,0.0151185775
Warm C,606131,3681,3680,3766,2281,0,0.013373805
Warm C,494632,3032,3031,3766,2281,1,0.014562046
Warm C,488048,3001,3000,3766,2281,1,0.012180849
Warm C,486464,2994,2993,3766,2281,0,0.009554667
Warm C,600391,3650,3649,3766,2281,0,0.009705849
Warm C,480364,2946,2945,3766,2281,0,0.010673199
Warm C,474242,2909,2908,3766,2281,1,0.01431374
Warm C,470228,2895,2894,3766,2281,0,0.01167865
Warm C,463704,2857,2856,3766,2281,0,0.02050048
Warm C,518972,3201,3200,3766,2281,0,0.00334475
Warm C,449516,2771,2770,3766,2281,0,0.012515791
Warm C,449697,2772,2771,3766,2281,1,0.009475747
Warm C,415317,2500,2499,3766,2281,0,0.008462021
Warm C,413084,2484,2483,3766,2281,1,0.015374886
Warm C,407086,2445,2444,3766,2281,0,0.016097713
Warm C,410690,2463,2462,3766,2281,0,0.0044480246
Warm C,387417,2264,2263,3766,2281,0,0.003023405
Warm C,368972,2156,2155,3766,2281,0,0.00913208
Warm C,357788,2092,2091,3766,2281,0,0.0025254295
Warm C,337302,1983,1982,3766,2281,0,0.0036531552
Warm C,297812,1764,1763,3766,2281,1,0.0119711505
Warm C,291022,1736,1735,3766,2281,0,0.009382429
Warm C,291778,1737,1736,3766,2281,0,-0.0013951226
Warm C,275796,1667,1666,3766,2281,0,0.011062335
Warm C,289088,1726,1725,3766,2281,0,0.008234682
Warm C,283350,1696,1695,3766,2281,0,0.0058684647
Warm C,227394,1377,1376,3766,2281,0,-0.002684023
Warm C,273380,1647,1646,3766,2281,0,0.012682142
Warm C,198934,1221,1220,3766,2281,0,0.002141034
Warm C,191624,1181,1180,3766,2281,0,0.010620363
Warm C,186718,1155,1154,3766,2281,0,0.008140879
Warm C,307815,1835,1834,3766,2281,0,0.011893318
Warm C,180533,1128,1127,3766,2281,0,0.0034680653
Warm C,180056,1127,1126,3766,2281,0,0.007367666
Warm C,155074,999,998,3766,2281,0,0.002867218
Warm C,152722,983,982,3766,2281,0,0.0050607324
Warm C,277255,1675,1674,3766,2281,0,-0.00012570969
Warm C,138989,889,888,3766,2281,0,0.020675302
Warm C,315706,1880,1879,3766,2281,0,0.005715185
Warm C,124048,798,797,3766,2281,0,0.003808735
Warm C,121918,785,784,3766,2281,0,0.0017895224
Warm C,475856,2919,2918,3766,2281,0,0.006512286
Warm C,114611,744,743,3766,2281,0,0.007409167
Warm C,97625,654,653,3766,2281,0,-0.00027274236
Warm C,96288,646,645,3766,2281,0,0.016676959
Warm C,88122,580,579,3766,2281,0,0.0034330562
Warm C,83659,549,548,3766,2281,0,0.024303513
Warm C,71204,477,476,3766,2281,0,0.008089198
Warm C,70556,475,474,3766,2281,1,0.008603113
Warm C,68951,461,460,3766,2281,0,0.00921849
Warm C,64886,435,434,3766,2281,1,0.005574378
Warm C,75182,509,508,3766,2281,0,0.013355603
Warm C,240668,1449,1448,3766,2281,0,0.016985113
Warm C,52364,344,343,3766,2281,0,0.005088652
Warm C,40590,272,271,3766,2281,1,0.008951457
Warm C,36780,245,244,3766,2281,0,0.0031393366
Warm C,22737,163,162,3766,2281,0,0.012199554
Warm C,239451,1448,1447,3766,2281,0,0.012209705
Warm C,19659,148,147,3766,2281,0,0.0040021106
Warm C,18183,139,138,3766,2281,1,0.0071051233
Warm C,15829,123,122,3766,2281,0,0.00823543
Warm C,144323,929,928,3766,2281,0,0.01043033
Warm C,432954,2638,2637,3766,2281,0,-7.201778e-05
Warm C,265363,1611,1610,3766,2281,0,0.01033609
Warm C,129787,839,838,3766,2281,0,0.011747703
Warm C,238406,1447,1446,3766,2281,0,0.018265806
Warm C,110006,716,715,3766,2281,1,0.00018197065
Warm C,234449,1422,1421,3766,2281,0,0.012977617
Warm C,431280,2627,2626,3766,2281,0,0.005361122
Warm C,116708,752,751,3766,2281,0,0.010846875
Warm C,773050,4607,4606,3766,2281,0,0.013365961
Warm C,322818,1912,1911,3766,2281,0,0.013764892
Warm C,174412,1101,1100,3766,2281,0,0.026091494
Warm C,63530,424,423,3766,2281,0,0.0061723087
Warm C,241567,1451,1450,3766,2281,0,0.014767049
Warm C,431772,2629,2628,3767,2282,0,0.007653513
Warm C,430797,2625,2624,3767,2282,0,0.009836933
Warm C,415318,2500,2499,3767,2282,0,0.005649113
Warm C,413085,2484,2483,3767,2282,0,0.0202117
Warm C,407087,2445,2444,3767,2282,0,0.00985227
Warm C,337303,1983,1982,3767,2282,0,0.018624498
Warm C,357790,2092,2091,3767,2282,0,0.011214281
Warm C,291024,1736,1735,3767,2282,0,0.0027940935
Warm C,291779,1737,1736,3767,2282,0,0.012688642
Warm C,275797,1667,1666,3767,2282,0,0.0049466193
Warm C,289089,1726,1725,3767,2282,0,0.0075184135
Warm C,266177,1613,1612,3767,2282,0,0.013694617
Warm C,283351,1696,1695,3767,2282,0,0.015120227
Warm C,227395,1377,1376,3767,2282,0,0.00064991624
Warm C,273382,1647,1646,3767,2282,0,0.012217202
Warm C,198935,1221,1220,3767,2282,0,0.008544173
Warm C,198007,1216,1215,3767,2282,0,0.022487734
Warm C,191626,1181,1180,3767,2282,0,0.015242848
Warm C,307816,1835,1834,3767,2282,0,0.019365825
Warm C,155076,999,998,3767,2282,0,0.013733676
Warm C,270321,1635,1634,3767,2282,0,0.023531817
Warm C,277256,1675,1674,3767,2282,0,0.010299614
Warm C,138991,889,888,3767,2282,0,0.008038628
Warm C,315708,1880,1879,3767,2282,0,0.011547007
Warm C,124050,798,797,3767,2282,0,0.021133494
Warm C,121919,785,784,3767,2282,0,0.007834293
Warm C,475857,2919,2918,3767,2282,0,0.008214587
Warm C,114612,744,743,3767,2282,0,0.013574608
Warm C,83662,549,548,3767,2282,0,0.0054772054
Warm C,234451,1422,1421,3767,2282,0,0.015869202
Warm C,68953,461,460,3767,2282,0,0.004069928
Warm C,240672,1449,1448,3767,2282,0,0.021204121
Warm C,52365,344,343,3767,2282,0,-0.0005613483
Warm C,41995,284,283,3767,2282,0,0.006327752
Warm C,363520,2116,2115,3767,2282,0,0.0146518955
Warm C,40593,272,271,3767,2282,0,0.010783475
Warm C,24729,174,173,3767,2282,0,0.015691707
Warm C,19661,148,147,3767,2282,0,-0.0034607602
Warm C,432956,2638,2637,3767,2282,0,0.011332505
Warm C,238409,1447,1446,3767,2282,0,0.017328218
Warm C,10352,73,72,3767,2282,0,0.022001423
Warm C,931534,5626,5625,3767,2282,1,0.0022572381
Warm C,322820,1912,1911,3767,2282,0,0.011622112
Warm C,63532,424,423,3767,2282,0,0.008049962
Warm C,114614,744,743,3768,2283,0,0.01258238
Warm C,97276,651,650,3768,2283,0,0.0020527625
Warm C,88123,580,579,3768,2283,0,0.010782171
Warm C,70559,475,474,3768,2283,0,0.0027657095
Warm C,68955,461,460,3768,2283,0,0.008570409
Warm C,75186,509,508,3768,2283,0,0.015492765
Warm C,240675,1449,1448,3768,2283,0,0.014484097
Warm C,52367,344,343,3768,2283,0,0.0026081547
Warm C,40596,272,271,3768,2283,0,0.004800957
Warm C,26688,188,187,3768,2283,0,-4.2688916e-05
Warm C,24730,174,173,3768,2283,0,0.009600475
Warm C,19664,148,147,3768,2283,1,0.010966012
Warm C,432958,2638,2637,3768,2283,0,0.006826396
Warm C,265367,1611,1610,3768,2283,0,0.01250736
Warm C,238412,1447,1446,3768,2283,0,0.009711141
Warm C,10354,73,72,3768,2283,0,0.018742219
Warm C,273384,1647,1646,3768,2283,0,0.016186226
Warm C,329668,1943,1942,3768,2283,0,0.007694051
Warm C,599565,3648,3647,3768,2283,0,0.015638523
Warm C,931536,5626,5625,3768,2283,1,0.00013245642
Warm C,714284,4277,4276,3768,2283,0,0.008951946
Warm C,679894,4075,4074,3769,2284,1,0.012542089
Warm C,677651,4061,4060,3769,2284,0,0.009784643
Warm C,674916,4049,4048,3769,2284,1,0.010062544
Warm C,673734,4045,4044,3769,2284,0,0.0005490711
Warm C,668838,4021,4020,3769,2284,1,0.0029458613
Warm C,664378,3999,3998,3769,2284,0,0.0076996456
Warm C,663331,3997,3996,3769,2284,1,0.012058966
Warm C,659581,3974,3973,3769,2284,1,-0.00472434
Warm C,657830,3964,3963,3769,2284,1,-0.0037645334
Warm C,656953,3958,3957,3769,2284,1,0.015750272
Warm C,656408,3955,3954,3769,2284,1,0.0031156044
Warm C,653291,3938,3937,3769,2284,1,0.014836822
Warm C,652158,3931,3930,3769,2284,1,0.012104002
Warm C,649119,3910,3909,3769,2284,1,0.012486806
Warm C,648579,3906,3905,3769,2284,0,0.0011868512
Warm C,646898,3892,3891,3769,2284,1,0.01855516
Warm C,643902,3878,3877,3769,2284,1,0.00966819
Warm C,658112,3965,3964,3769,2284,0,0.01154992
Warm C,634258,3825,3824,3769,2284,0,0.026360203
Warm C,632745,3823,3822,3769,2284,1,0.011858752
Warm C,630199,3810,3809,3769,2284,1,0.00398203
Warm C,630053,3808,3807,3769,2284,1,0.0042221816
Warm C,638747,3841,3840,3769,2284,1,0.029667415
Warm C,625268,3778,3777,3769,2284,1,0.022533538
Warm C,624037,3773,3772,3769,2284,1,0.011873068
Warm C,623628,3771,3770,3769,2284,0,0.007203058
Warm C,619667,3754,3753,3769,2284,0,0.011533089
Warm C,603211,3670,3669,3769,2284,1,0.0049176505
Warm C,601458,3656,3655,3769,2284,1,-0.007958353
Warm C,598464,3641,3640,3769,2284,1,0.0068388404
Warm C,597072,3627,3626,3769,2284,1,0.0037866128
Warm C,869885,5255,5254,3769,2284,0,0.014335412
Warm C,592785,3613,3612,3769,2284,0,0.003902188
Warm C,592944,3614,3613,3769,2284,0,0.008127232
Warm C,588237,3589,3588,3769,2284,0,0.014016434
Warm C,586299,3578,3577,3769,2284,0,0.008849828
Warm C,585934,3576,3575,3769,2284,1,0.011745116
Warm C,585369,3574,3573,3769,2284,1,0.0049580727
Warm C,576614,3524,3523,3769,2284,1,0.012162419
Warm C,745601,4448,4447,3769,2284,1,0.017347192
Warm C,561388,3453,3452,3769,2284,0,0.0013385369
Warm C,750813,4479,4478,3769,2284,1,0.0021510632
Warm C,931537,5626,5625,3769,2284,0,0.011013829
Warm C,551395,3394,3393,3769,2284,1,0.009531715
Warm C,548326,3383,3382,3769,2284,0,0.008289647
Warm C,632125,3822,3821,3769,2284,0,0.0051595597
Warm C,545879,3365,3364,3769,2284,1,0.012538814
Warm C,533832,3293,3292,3769,2284,0,0.008554219
Warm C,530124,3272,3271,3769,2284,0,0.0144949565
Warm C,525181,3242,3241,3769,2284,1,0.007137931
Warm C,506970,3118,3117,3769,2284,0,0.012822331
Warm C,494636,3032,3031,3769,2284,1,0.017845444
Warm C,491055,3018,3017,3769,2284,1,0.01776617
Warm C,481445,2959,2958,3769,2284,1,0.0041476022
Warm C,479677,2943,2942,3769,2284,1,0.005173437
Warm C,474250,2909,2908,3769,2284,1,0.012174551
Warm C,463708,2857,2856,3769,2284,0,0.01890409
Warm C,448187,2761,2760,3769,2284,0,0.013832945
Warm C,445293,2746,2745,3769,2284,1,0.0042493707
Warm C,434709,2651,2650,3769,2284,0,0.0077880523
Warm C,432960,2638,2637,3769,2284,0,0.015964068
Warm C,420599,2541,2540,3769,2284,0,0.007776123
Warm C,425855,2583,2582,3769,2284,1,0.0030215415
Warm C,436804,2665,2664,3769,2284,1,0.03723395
Warm C,403872,2412,2411,3769,2284,0,0.0030952627
Warm C,414829,2496,2495,3769,2284,0,0.0060274266
Warm C,392630,2304,2303,3769,2284,1,0.012692436
Warm C,387652,2265,2264,3769,2284,1,0.008549005
Warm C,377530,2203,2202,3769,2284,0,0.02030475
Warm C,370156,2164,2163,3769,2284,0,0.015172409
Warm C,365066,2124,2123,3769,2284,1,0.015145004
Warm C,343841,2018,2017,3769,2284,1,0.0016020657
Warm C,380993,2225,2224,3769,2284,0,0.016601283
Warm C,337306,1983,1982,3769,2284,1,0.011705728
Warm C,294028,1748,1747,3769,2284,0,0.015032434
Warm C,292642,1741,1740,3769,2284,0,0.013551954
Warm C,332412,1961,1960,3769,2284,0,-0.0034893446
Warm C,312555,1861,1860,3769,2284,0,0.009615993
Warm C,248198,1497,1496,3769,2284,0,0.004277952
Warm C,244934,1474,1473,3769,2284,1,0.008161397
Warm C,244803,1473,1472,3769,2284,0,0.013393379
Warm C,283353,1696,1695,3769,2284,1,0.011798934
Warm C,243093,1465,1464,3769,2284,0,0.016189408
Warm C,324113,1920,1919,3769,2284,0,0.009982272
Warm C,229480,1389,1388,3769,2284,1,0.016664226
Warm C,209047,1274,1273,3769,2284,0,0.023269907
Warm C,220515,1335,1334,3769,2284,0,0.0029152543
Warm C,199155,1223,1222,3769,2284,0,0.008466892
Warm C,280159,1680,1679,3769,2284,0,0.013695151
Warm C,198010,1216,1215,3769,2284,1,0.0062046694
Warm C,197102,1209,1208,3769,2284,0,0.011881055
Warm C,174417,1101,1100,3769,2284,1,0.02418682
Warm C,328898,1941,1940,3769,2284,0,0.014671978
Warm C,215190,1303,1302,3769,2284,0,0.017394442
Warm C,275801,1667,1666,3769,2284,0,0.023047384
Warm C,347575,2038,2037,3769,2284,1,0.0031857337
Warm C,714286,4277,4276,3769,2284,1,0.014910435
Warm C,315712,1880,1879,3769,2284,1,0.009221699
Warm C,147590,949,948,3769,2284,0,0.008488395
Warm C,240677,1449,1448,3769,2284,0,0.022708911
Warm C,97277,651,650,3769,2284,0,0.011517314
Warm C,95124,637,636,3769,2284,1,0.008556316
Warm C,480369,2946,2945,3769,2284,0,0.007921934
Warm C,82016,543,542,3769,2284,1,0.015116317
Warm C,81102,539,538,3769,2284,1,0.009770675
Warm C,234455,1422,1421,3769,2284,0,-0.00018248125
Warm C,204828,1260,1259,3769,2284,1,0.016710509
Warm C,71647,481,480,3769,2284,1,0.010890952
Warm C,57799,391,390,3769,2284,1,0.0081769
Warm C,211508,1285,1284,3769,2284,1,0.017018799
Warm C,50927,335,334,3769,2284,1,0.009155492
Warm C,198300,1218,1217,3769,2284,0,0.007321708
Warm C,37606,256,255,3769,2284,0,0.0036950428
Warm C,36785,245,244,3769,2284,0,0.014250179
Warm C,99157,660,659,3769,2284,1,0.007370754
Warm C,30883,205,204,3769,2284,0,0.013951081
Warm C,947821,5722,5721,3769,2284,1,0.013013197
Warm C,19665,148,147,3769,2284,0,0.0049860245
Warm C,5904,42,41,3769,2284,0,0.0028777309
Warm C,4040,29,28,3769,2284,0,0.009764415
Warm C,357796,2092,2091,3769,2284,0,0.018534027
Warm C,482116,2962,2961,3769,2284,0,0.005872382
Warm C,202226,1243,1242,3769,2284,0,0.004234473
Warm C,903084,5458,5457,3769,2284,1,0.02573458
Warm C,287924,1717,1716,3769,2284,0,0.017618757
Warm C,996777,6016,6015,3769,2284,0,0.015635986
Warm C,934080,5636,5635,3769,2284,0,0.0059469016
Warm C,137041,881,880,3769,2284,0,0.013469703
Warm C,63540,424,423,3769,2284,1,0.0090736635
Warm C,421339,2544,2543,3769,2284,1,0.010648649
Warm C,649252,3912,3911,3771,2286,1,0.009387102
Warm C,648161,3902,3901,3771,2286,1,0.011693362
Warm C,630950,3816,3815,3771,2286,1,0.025781158
Warm C,623633,3771,3770,3771,2286,0,0.012602245
Warm C,619670,3754,3753,3771,2286,0,0.016998902
Warm C,616434,3730,3729,3771,2286,0,0.0048648864
Warm C,604648,3675,3674,3771,2286,0,0.019118376
Warm C,603212,3670,3669,3771,2286,0,8.5489475e-05
Warm C,595970,3624,3623,3771,2286,1,0.012284586
Warm C,594632,3619,3618,3771,2286,1,0.007202828
Warm C,588243,3589,3588,3771,2286,0,0.022352353
Warm C,585942,3576,3575,3771,2286,0,0.011819499
Warm C,585372,3574,3573,3771,2286,0,0.0040993984
Warm C,581830,3555,3554,3771,2286,0,0.0131805055
Warm C,562311,3461,3460,3771,2286,1,0.006185103
Warm C,553558,3408,3407,3771,2286,1,0.008598378
Warm C,967643,5831,5830,3771,2286,0,0.017979596
Warm C,548490,3385,3384,3771,2286,0,0.0058599096
Warm C,541161,3328,3327,3771,2286,1,0.004054349
Warm C,538755,3313,3312,3771,2286,1,0.015369907
Warm C,532824,3290,3289,3771,2286,0,0.0034777806
Warm C,518981,3201,3200,3771,2286,1,0.010835281
Warm C,514188,3173,3172,3771,2286,1,0.0030526575
Warm C,501969,3081,3080,3771,2286,0,0.016354322
Warm C,494649,3032,3031,3771,2286,1,0.012894861
Warm C,491065,3018,3017,3771,2286,1,0.016067414
Warm C,530135,3272,3271,3771,2286,1,0.016493771
Warm C,479679,2943,2942,3771,2286,0,0.0057782456
Warm C,469453,2890,2889,3771,2286,0,0.017706268
Warm C,463716,2857,2856,3771,2286,0,0.021123908
Warm C,442125,2719,2718,3771,2286,1,0.0041051274
Warm C,432969,2638,2637,3771,2286,0,0.0028002388
Warm C,833118,5008,5007,3771,2286,1,0.0069109253
Warm C,602571,3665,3664,3771,2286,1,0.018350415
Warm C,424604,2575,2574,3771,2286,1,0.008103192
Warm C,418230,2526,2525,3771,2286,0,0.012395434
Warm C,407091,2445,2444,3771,2286,0,0.012437025
Warm C,419105,2529,2528,3771,2286,0,0.017979592
Warm C,377538,2203,2202,3771,2286,1,0.01284392
Warm C,367702,2146,2145,3771,2286,0,0.014111878
Warm C,368980,2156,2155,3771,2286,0,0.013051025
Warm C,356616,2088,2087,3771,2286,1,0.010137167
Warm C,341905,2012,2011,3771,2286,0,0.005358721
Warm C,327294,1939,1938,3771,2286,0,0.017032111
Warm C,289597,1727,1726,3771,2286,1,0.01634009
Warm C,283043,1695,1694,3771,2286,0,0.018972661
Warm C,292651,1741,1740,3771,2286,1,0.011486641
Warm C,280184,1680,1679,3771,2286,1,0.008271302
Warm C,345571,2026,2025,3771,2286,0,0.0073783817
Warm C,343274,2016,2015,3771,2286,0,0.008486655
Warm C,254208,1545,1544,3771,2286,0,0.01790119
Warm C,244807,1473,1472,3771,2286,0,0.004724684
Warm C,243103,1465,1464,3771,2286,0,0.009659737
Warm C,224915,1359,1358,3771,2286,0,0.0013794996
Warm C,318235,1890,1889,3771,2286,0,0.015924955
Warm C,198014,1216,1215,3771,2286,1,0.014624944
Warm C,197692,1214,1213,3771,2286,0,0.0030628946
Warm C,177753,1119,1118,3771,2286,1,0.0092644505
Warm C,249096,1501,1500,3771,2286,0,0.012548796
Warm C,328917,1941,1940,3771,2286,0,0.014926232
Warm C,165394,1053,1052,3771,2286,0,0.015666157
Warm C,168936,1071,1070,3771,2286,1,0.014287737
Warm C,159520,1017,1016,3771,2286,1,0.009817269
Warm C,342935,2015,2014,3771,2286,1,0.0051554684
Warm C,156121,1004,1003,3771,2286,1,0.0053429045
Warm C,271193,1639,1638,3771,2286,0,0.0028562732
Warm C,436816,2665,2664,3771,2286,0,0.023606516
Warm C,134720,869,868,3771,2286,1,0.010017641
Warm C,315726,1880,1879,3771,2286,1,0.01887595
Warm C,112102,729,728,3771,2286,0,0.013989022
Warm C,191648,1181,1180,3771,2286,0,0.014704033
Warm C,234463,1422,1421,3771,2286,0,0.013865801
Warm C,84654,550,549,3771,2286,0,0.011909663
Warm C,71209,477,476,3771,2286,0,0.012674291
Warm C,70989,476,475,3771,2286,1,0.010781596
Warm C,51839,340,339,3771,2286,0,0.012263138
Warm C,241578,1451,1450,3771,2286,1,0.0051101185
Warm C,36806,245,244,3771,2286,0,0.024823254
Warm C,627191,3792,3791,3771,2286,0,0.015378304
Warm C,61912,415,414,3771,2286,1,0.003282774
Warm C,61000,411,410,3771,2286,0,0.008906499
Warm C,273398,1647,1646,3771,2286,0,0.014884296
Warm C,102766,678,677,3771,2286,1,0.013797617
Warm C,171072,1087,1086,3771,2286,0,0.004040407
Warm C,633760,3824,3823,3771,2286,1,0.010870316
Warm C,905593,5475,5474,3771,2286,1,0.014649627
Warm C,6128,44,43,3771,2286,0,0.008007798
Warm C,137051,881,880,3771,2286,0,0.011222759
Warm C,959145,5787,5786,3771,2286,0,0.021207482
Warm C,421353,2544,2543,3771,2286,1,0.024593031
Warm C,719080,4305,4304,3771,2286,1,0.013883723
Warm C,673041,4041,4040,3773,2287,0,0.009718446
Warm C,671590,4033,4032,3773,2287,0,0.011723906
Warm C,668849,4021,4020,3773,2287,1,0.011344129
Warm C,667024,4014,4013,3773,2287,1,0.008405808
Warm C,738896,4414,4413,3773,2287,1,0.013782516
Warm C,664893,4001,4000,3773,2287,0,0.0020823928
Warm C,661093,3985,3984,3773,2287,0,0.010860579
Warm C,688472,4117,4116,3773,2287,0,-0.0010134093
Warm C,658973,3970,3969,3773,2287,1,0.0055203075
Warm C,658116,3965,3964,3773,2287,1,0.005519188
Warm C,652162,3931,3930,3773,2287,0,0.0069104386
Warm C,649124,3910,3909,3773,2287,0,0.0015155756
Warm C,646904,3892,3891,3773,2287,0,0.007248733
Warm C,643969,3879,3878,3773,2287,1,-0.00039120344
Warm C,643911,3878,3877,3773,2287,0,0.0031788347
Warm C,639656,3844,3843,3773,2287,1,0.0006953522
Warm C,989418,5972,5971,3773,2287,1,0.012086531
Warm C,630522,3814,3813,3773,2287,1,-0.000635229
Warm C,627674,3798,3797,3773,2287,0,0.0066891387
Warm C,625278,3778,3777,3773,2287,0,0.008942515
Warm C,617867,3742,3741,3773,2287,0,-0.0010212578
Warm C,640752,3850,3849,3773,2287,0,0.0020220429
Warm C,612024,3709,3708,3773,2287,0,0.00083755655
Warm C,609441,3693,3692,3773,2287,0,0.004356525
Warm C,636585,3834,3833,3773,2287,1,0.014136088
Warm C,601462,3656,3655,3773,2287,0,0.008389995
Warm C,606823,3683,3682,3773,2287,0,0.005484421
Warm C,594633,3619,3618,3773,2287,0,0.007200625
Warm C,597024,3626,3625,3773,2287,0,0.009388345
Warm C,585374,3574,3573,3773,2287,1,0.005226966
Warm C,584289,3565,3564,3773,2287,1,0.014572851
Warm C,583775,3562,3561,3773,2287,1,0.009160546
Warm C,582327,3557,3556,3773,2287,0,0.0019651256
Warm C,617223,3735,3734,3773,2287,1,0.0058954614
Warm C,579876,3539,3538,3773,2287,1,0.0073828483
Warm C,573744,3512,3511,3773,2287,0,0.0052955714
Warm C,569852,3494,3493,3773,2287,0,0.0056589264
Warm C,572608,3507,3506,3773,2287,0,0.016878933
Warm C,560271,3442,3441,3773,2287,0,0.00992994
Warm C,559736,3439,3438,3773,2287,0,0.006537429
Warm C,575671,3519,3518,3773,2287,0,0.007072794
Warm C,550753,3391,3390,3773,2287,0,0.010120786
Warm C,537613,3311,3310,3773,2287,0,0.006615964
Warm C,534073,3296,3295,3773,2287,0,0.0045291814
Warm C,530566,3277,3276,3773,2287,0,0.004840863
Warm C,584921,3569,3568,3773,2287,0,0.011884412
Warm C,516726,3189,3188,3773,2287,0,0.007208758
Warm C,515808,3182,3181,3773,2287,0,0.007525459
Warm C,505894,3111,3110,3773,2287,0,-0.0016649258
Warm C,501575,3080,3079,3773,2287,0,0.002028824
Warm C,494652,3032,3031,3773,2287,1,0.0043396726
Warm C,451300,2777,2776,3773,2287,0,0.004773764
Warm C,404814,2419,2418,3773,2287,0,0.005476905
Warm C,399638,2378,2377,3773,2287,1,0.011528491
Warm C,395307,2334,2333,3773,2287,0,0.004526009
Warm C,394031,2321,2320,3773,2287,0,0.010889531
Warm C,356105,2085,2084,3773,2287,0,0.014106575
Warm C,352518,2063,2062,3773,2287,0,0.017166711
Warm C,345238,2024,2023,3773,2287,0,-0.0025033904
Warm C,341906,2012,2011,3773,2287,0,0.0020260666
Warm C,315731,1880,1879,3773,2287,0,0.0047642626
Warm C,297821,1764,1763,3773,2287,1,0.00030863064
Warm C,274599,1658,1657,3773,2287,0,0.0046050344
Warm C,436821,2665,2664,3773,2287,1,0.005597229
Warm C,240845,1450,1449,3773,2287,0,-0.005089771
Warm C,224401,1356,1355,3773,2287,0,0.004017259
Warm C,289600,1727,1726,3773,2287,1,0.0073724827
Warm C,296939,1759,1758,3773,2287,1,0.009351239
Warm C,207628,1268,1267,3773,2287,0,0.008826777
Warm C,280190,1680,1679,3773,2287,0,0.00909113
Warm C,183689,1142,1141,3773,2287,0,0.005401328
Warm C,185952,1150,1149,3773,2287,0,0.011596568
Warm C,182586,1139,1138,3773,2287,0,0.0070479102
Warm C,173909,1100,1099,3773,2287,0,0.01342693
Warm C,168151,1068,1067,3773,2287,0,0.0021287734
Warm C,272455,1645,1644,3773,2287,0,0.0055149524
Warm C,143770,927,926,3773,2287,0,0.0061947303
Warm C,143210,923,922,3773,2287,1,-0.007311439
Warm C,157375,1010,1009,3773,2287,0,0.008905698
Warm C,137053,881,880,3773,2287,0,-0.0021380482
Warm C,201865,1242,1241,3773,2287,0,0.01703157
Warm C,332937,1962,1961,3773,2287,0,0.0041637686
Warm C,121641,781,780,3773,2287,0,0.0053982898
Warm C,299900,1778,1777,3773,2287,0,0.00065099273
Warm C,107006,702,701,3773,2287,1,0.010457174
Warm C,631929,3821,3820,3773,2287,0,0.0045429626
Warm C,191652,1181,1180,3773,2287,1,0.004959712
Warm C,119642,770,769,3773,2287,0,0.011626955
Warm C,70990,476,475,3773,2287,1,0.0036316686
Warm C,69587,466,465,3773,2287,1,0.009014802
Warm C,56526,377,376,3773,2287,1,0.01068796
Warm C,54143,352,351,3773,2287,0,0.007169251
Warm C,132788,855,854,3773,2287,0,0.0033852295
Warm C,221754,1340,1339,3773,2287,1,0.0043020165
Warm C,54674,355,354,3773,2287,0,0.00030045456
Warm C,1686,15,14,3773,2287,0,0.003947942
Warm C,78756,528,527,3773,2287,0,0.009323095
Warm C,355276,2077,2076,3773,2287,0,0.0073742806
Warm C,710040,4258,4257,3773,2287,1,0.00808334
Warm C,954387,5761,5760,3773,2287,1,0.01067033
Warm C,318032,1889,1888,3773,2287,1,0.005868285
Warm C,750750,4478,4477,3773,2287,0,0.0021949713
Warm C,263801,1605,1604,3773,2287,1,0.013853758
Warm C,475699,2918,2917,3773,2287,1,0.010720676
Warm C,476523,2926,2925,3773,2287,1,0.0069156
Warm C,63559,424,423,3773,2287,0,0.008971077
Warm C,273401,1647,1646,3773,2287,1,0.0067661973
Warm C,342939,2015,2014,3773,2287,0,0.00980706
Warm C,193975,1194,1193,3773,2287,0,0.017962122
Warm C,564849,3471,3470,3773,2287,0,0.0015785082
Warm C,934086,5636,5635,3773,2287,0,0.0046930322
Warm C,710041,4258,4257,3774,2288,0,0.0086464295
Warm C,352520,2063,2062,3774,2288,0,0.008271223
Warm C,342940,2015,2014,3774,2288,0,0.0074318903
Warm C,273403,1647,1646,3774,2288,0,0.008322169
Warm C,344358,2020,2019,3784,2290,0,0.015679782
Warm C,336553,1980,1979,3784,2290,0,0.0126057165
Warm C,330609,1951,1950,3784,2290,0,0.010250398
Warm C,256997,1573,1572,3784,2290,1,0.007106481
Warm C,253835,1543,1542,3784,2290,1,0.005135311
Warm C,264807,1609,1608,3784,2290,0,0.010437765
Warm C,222521,1346,1345,3784,2290,1,0.0007237719
Warm C,296942,1759,1758,3784,2290,0,0.0030477277
Warm C,249117,1501,1500,3784,2290,1,0.014043871
Warm C,326585,1935,1934,3784,2290,0,-0.00048413873
Warm C,227756,1380,1379,3784,2290,0,0.0076448037
Warm C,164997,1051,1050,3784,2290,1,0.018206567
Warm C,148924,957,956,3784,2290,1,0.0021926283
Warm C,141781,911,910,3784,2290,1,0.023072403
Warm C,141259,910,909,3784,2290,1,0.009186947
Warm C,137558,888,887,3784,2290,1,0.0050699627
Warm C,128099,828,827,3784,2290,1,0.0052388804
Warm C,110226,718,717,3784,2290,1,0.013083099
Warm C,101075,673,672,3784,2290,0,-0.00049857574
Warm C,179910,1125,1124,3784,2290,1,0.0068610455
Warm C,89677,590,589,3784,2290,1,0.003373605
Warm C,228680,1383,1382,3784,2290,0,0.0019021565
Warm C,39677,268,267,3784,2290,1,0.012147797
Warm C,255706,1556,1555,3784,2290,1,0.013634912
Warm C,30739,204,203,3784,2290,0,0.013715969
Warm C,45474,306,305,3784,2290,1,0.015721105
Warm C,314454,1877,1876,3784,2290,0,-0.009930197
Warm C,866134,5222,5221,3784,2290,0,0.0072792084
Warm C,9013,61,60,3784,2290,0,0.0022191
Warm C,408837,2454,2453,3784,2290,1,0.0056087407
Warm C,877577,5302,5301,3784,2290,1,0.0011420976
Warm C,217477,1317,1316,3784,2290,0,0.011861021
Warm C,158857,1015,1014,3784,2290,0,0.023401251
Warm C,49772,329,328,3784,2290,1,0.0038334862
Warm C,40143,271,270,3784,2290,1,0.0053810794
Warm C,469606,2892,2891,3784,2290,1,0.007015872
Warm C,150877,970,969,3784,2290,0,0.022364171
Warm C,846845,5087,5086,3784,2290,0,-0.0003184455
Warm C,761298,4522,4521,3784,2290,0,0.008704689
Warm C,271203,1639,1638,3784,2290,0,0.0058405595
Warm C,154131,993,992,3784,2290,1,0.00026489544
Warm C,881162,5322,5321,3784,2290,1,0.0009663331
Warm C,371192,2168,2167,3784,2290,0,0.014502733
Warm C,12897,99,98,3784,2290,0,-0.007422943
Warm C,363551,2116,2115,3784,2290,1,0.01877189
Warm C,47811,319,318,3784,2290,0,0.0052021286
Warm C,365957,2129,2128,3784,2290,0,0.012179899
Warm C,79856,531,530,3784,2290,0,0.010600321
Warm C,338782,1995,1994,3784,2290,1,0.008133475
Warm C,111153,721,720,3784,2290,0,0.0077882158
Warm C,232077,1407,1406,3784,2290,0,-0.0038299207
Warm C,167160,1063,1062,3784,2290,1,-0.0063468306
Warm C,285614,1701,1700,3784,2290,1,0.011964735
Warm C,59283,402,401,3784,2290,0,0.0070001464
Warm C,214487,1301,1300,3784,2290,0,0.0060045947
Warm C,183428,1141,1140,3784,2290,0,0.0023596585
Warm C,804584,4816,4815,3784,2290,1,0.012792394
Warm C,274146,1655,1654,3784,2290,0,0.0057529737
Warm C,842574,5063,5062,3784,2290,1,0.0004145119
Warm C,567819,3483,3482,3784,2290,1,0.01817673
Warm C,106429,699,698,3784,2290,0,0.01085127
Warm C,207256,1266,1265,3784,2290,0,0.008053058
Warm C,241593,1451,1450,3784,2290,0,0.003496287
Warm C,883571,5333,5332,3784,2290,1,0.012762807
Warm C,265389,1611,1610,3784,2290,1,0.016370654
Warm C,198528,1219,1218,3784,2290,0,0.011649049
Warm C,16196,127,126,3784,2290,1,0.0033209217
Warm C,928087,5605,5604,3784,2290,0,0.01131915
Warm C,427400,2594,2593,3784,2290,0,0.009484354
Warm C,690046,4126,4125,3784,2290,0,0.008165709
Warm C,145172,934,933,3784,2290,1,0.008925417
Warm C,20998,151,150,3784,2290,0,0.0072692046
Warm C,361235,2106,2105,3784,2290,0,0.009177562
Warm C,491078,3018,3017,3784,2290,1,0.02007152
Warm C,309872,1842,1841,3784,2290,1,0.008161125
Warm C,355289,2077,2076,3784,2290,1,0.002918481
Warm C,547697,3378,3377,3784,2290,0,0.0031810994
Warm C,51606,338,337,3784,2290,0,0.01029453
Warm C,306298,1824,1823,3784,2290,1,0.0023544969
Warm C,234482,1422,1421,3784,2290,0,0.013758767
Warm C,352541,2063,2062,3784,2290,1,0.019037377
Warm C,258068,1579,1578,3784,2290,1,0.018670022
Warm C,102788,678,677,3784,2290,1,-0.0010099524
Warm C,300676,1780,1779,3784,2290,0,0.017657317
Warm C,991841,5991,5990,3784,2290,1,0.010349926
Warm C,541570,3332,3331,3784,2290,1,0.007382894
Warm C,495406,3041,3040,3784,2290,0,0.0072484277
Warm C,599582,3648,3647,3784,2290,0,0.013613731
Warm C,557406,3423,3422,3784,2290,1,0.009602202
Warm C,206532,1265,1264,3784,2290,0,0.0031407666
Warm C,407856,2451,2450,3784,2290,0,0.010061774
Warm C,313071,1865,1864,3784,2290,0,0.012555506
Warm C,332050,1958,1957,3784,2290,0,0.019628884
Warm C,61026,411,410,3784,2290,0,0.0075697787
Warm C,714318,4277,4276,3784,2290,1,0.017488642
Warm C,118790,767,766,3784,2290,1,0.0042529264
Warm C,172249,1088,1087,3784,2290,1,0.00844484
Warm C,188026,1165,1164,3784,2290,0,0.012796447
Warm C,936776,5650,5649,3784,2290,1,0.009240773
Warm C,794268,4748,4747,3784,2290,0,0.00936732
Warm C,493126,3029,3028,3784,2290,0,0.028458383
Warm C,941871,5682,5681,3784,2290,0,0.007369859
Warm C,803826,4813,4812,3784,2290,1,0.0044593113
Warm C,331045,1954,1953,3784,2290,1,0.005873409
Warm C,937449,5654,5653,3784,2290,0,0.0073184147
Warm C,264449,1608,1607,3786,2292,0,0.009454867
Warm C,258225,1583,1582,3786,2292,1,0.00169985
Warm C,254742,1548,1547,3786,2292,1,-0.0022176814
Warm C,242291,1462,1461,3786,2292,1,0.0069671115
Warm C,240731,1449,1448,3786,2292,0,0.014394077
Warm C,232436,1411,1410,3786,2292,0,0.010873932
Warm C,232078,1407,1406,3786,2292,1,0.0130538475
Warm C,231831,1404,1403,3786,2292,0,0.015417898
Warm C,583786,3562,3561,3786,2292,1,0.018954039
Warm C,227504,1379,1378,3786,2292,0,0.0059966017
Warm C,223897,1354,1353,3786,2292,0,0.0047932714
Warm C,242203,1460,1459,3786,2292,0,0.0070166984
Warm C,305243,1812,1811,3786,2292,1,0.014430204
Warm C,214193,1300,1299,3786,2292,1,0.005647215
Warm C,204158,1255,1254,3786,2292,0,0.00031764805
Warm C,244309,1470,1469,3786,2292,1,0.01900107
Warm C,359772,2103,2102,3786,2292,1,0.010638363
Warm C,189563,1173,1172,3786,2292,0,0.00192548
Warm C,251016,1515,1514,3786,2292,1,0.00831403
Warm C,184536,1147,1146,3786,2292,0,0.025315763
Warm C,184204,1146,1145,3786,2292,0,0.007323649
Warm C,177344,1117,1116,3786,2292,1,0.013715215
Warm C,172254,1088,1087,3786,2292,1,0.003884866
Warm C,188355,1168,1167,3786,2292,0,0.01396596
Warm C,155552,1001,1000,3786,2292,1,-0.0013722791
Warm C,148927,957,956,3786,2292,0,0.009537949
Warm C,146195,939,938,3786,2292,0,0.008586824
Warm C,225370,1362,1361,3786,2292,0,0.0038572163
Warm C,363555,2116,2115,3786,2292,1,0.0070447708
Warm C,139068,889,888,3786,2292,0,0.024709223
Warm C,135216,875,874,3786,2292,1,0.00044418476
Warm C,407857,2451,2450,3786,2292,0,0.007959419
Warm C,129055,838,837,3786,2292,1,0.0012309268
Warm C,131443,850,849,3786,2292,1,0.0126618445
Warm C,182318,1137,1136,3786,2292,1,0.013907466
Warm C,124105,799,798,3786,2292,0,0.0033248572
Warm C,122853,792,791,3786,2292,1,-0.0003661709
Warm C,114326,743,742,3786,2292,1,0.0058923485
Warm C,112800,731,730,3786,2292,1,0.016672783
Warm C,779166,4653,4652,3786,2292,0,0.0054406314
Warm C,101078,673,672,3786,2292,0,-0.0008653244
Warm C,96708,648,647,3786,2292,0,0.012799254
Warm C,452191,2784,2783,3786,2292,0,0.006919466
Warm C,90865,601,600,3786,2292,1,0.0176861
Warm C,89678,590,589,3786,2292,0,0.007172657
Warm C,88610,585,584,3786,2292,1,0.003403564
Warm C,74097,504,503,3786,2292,1,0.0031286045
Warm C,57719,390,389,3786,2292,1,0.009638224
Warm C,55075,363,362,3786,2292,0,-0.005314594
Warm C,784659,4682,4681,3786,2292,1,0.020987121
Warm C,46663,313,312,3786,2292,1,-0.0012095934
Warm C,37200,252,251,3786,2292,1,0.008155743
Warm C,34222,230,229,3786,2292,1,0.0031561935
Warm C,33747,225,224,3786,2292,0,0.0111634
Warm C,31602,214,213,3786,2292,1,0.0032604604
Warm C,766405,4562,4561,3786,2292,0,0.0143665075
Warm C,27731,194,193,3786,2292,0,0.0104394
Warm C,947828,5722,5721,3786,2292,0,0.022303455
Warm C,397953,2362,2361,3786,2292,0,0.0046838243
Warm C,314455,1877,1876,3786,2292,0,0.01011381
Warm C,8258,57,56,3786,2292,1,-0.0015869397
Warm C,7259,50,49,3786,2292,0,0.0030742884
Warm C,4261,32,31,3786,2292,1,0.009415241
Warm C,211721,1287,1286,3786,2292,1,0.0023903546
Warm C,446,5,4,3786,2292,0,0.0019059626
Warm C,230703,1395,1394,3786,2292,1,0.019709028
Warm C,3145,23,22,3786,2292,1,0.017692108
Warm C,141783,911,910,3786,2292,1,0.020856243
Warm C,271204,1639,1638,3786,2292,0,0.0071097133
Warm C,54684,355,354,3786,2292,0,0.008058482
Warm C,575686,3519,3518,3786,2292,0,0.017210325
Warm C,575019,3518,3517,3786,2292,0,0.018959504
Warm C,202247,1243,1242,3786,2292,0,0.0034653093
Warm C,635354,3829,3828,3786,2292,0,0.0049402164
Warm C,161477,1029,1028,3786,2292,0,0.0025448066
Warm C,501040,3079,3078,3786,2292,1,0.010034952
Warm C,761299,4522,4521,3786,2292,0,0.0012913698
Warm C,65672,438,437,3786,2292,1,0.0020981214
Warm C,238450,1447,1446,3786,2292,0,0.014719706
Warm C,289722,1729,1728,3786,2292,0,0.0072051887
Warm C,635722,3832,3831,3786,2292,1,0.0055287806
Warm C,750754,4478,4477,3786,2292,1,0.011085666
Warm C,734835,4387,4386,3786,2292,1,0.012472462
Warm C,252001,1524,1523,3786,2292,0,0.008330967
Warm C,986853,5956,5955,3786,2292,0,0.01577808
Warm C,538296,3312,3311,3786,2292,1,0.01847332
Warm C,361240,2106,2105,3786,2292,0,0.020488191
Warm C,631949,3821,3820,3786,2292,0,0.003363696
Warm C,907909,5492,5491,3786,2292,0,0.015542939
Warm C,454805,2796,2795,3786,2292,0,0.008738904
Warm C,336557,1980,1979,3786,2292,1,0.008509936
Warm C,352545,2063,2062,3786,2292,1,0.016090635
Warm C,921174,5565,5564,3786,2292,0,0.009740181
Warm C,72477,482,481,3786,2292,0,0.015927028
Warm C,983168,5938,5937,3786,2292,1,0.0024600504
Warm C,165000,1051,1050,3786,2292,0,0.018254813
Warm C,215792,1306,1305,3786,2292,1,0.010521664
Warm C,490471,3017,3016,3786,2292,0,0.0026837746
Warm C,764744,4543,4542,3786,2292,0,0.011960685
Warm C,719742,4310,4309,3786,2292,1,0.0072230697
Warm C,187112,1160,1159,3786,2292,0,0.0032155332
Warm C,512266,3159,3158,3786,2292,0,-0.0054757292
Warm C,501590,3080,3079,3786,2292,1,0.014722662
Warm C,199940,1227,1226,3786,2292,0,0.011991026
Warm C,145997,937,936,3786,2292,1,-0.0049296645
Warm C,206535,1265,1264,3786,2292,0,0.012555854
Warm C,157398,1010,1009,3786,2292,0,0.006787732
Warm C,618487,3746,3745,3786,2292,0,0.018393662
Warm C,13374,104,103,3786,2292,0,0.0048987055
Warm C,231270,1399,1398,3786,2292,1,0.0005560849
Warm C,682887,4085,4084,3786,2292,0,0.0029414045
Warm C,523132,3224,3223,3786,2292,0,0.007072771
Warm C,554332,3410,3409,3786,2292,0,0.018917255
Warm C,235386,1425,1424,3786,2292,0,0.01118951
Warm C,535206,3301,3300,3786,2292,0,0.010220632
Warm C,575975,3520,3519,3786,2292,0,0.0066126534
Warm C,116746,752,751,3786,2292,0,0.015952365
Warm C,877578,5302,5301,3786,2292,0,0.0021088205
Warm C,193987,1194,1193,3786,2292,0,0.009559086
Warm C,13213,102,101,3786,2292,0,0.009921326
Warm C,34042,229,228,3786,2292,1,0.002337133
Warm C,5364,36,35,3786,2292,1,0.0041015493
Warm C,382192,2232,2231,3786,2292,0,0.0028834923
Warm C,825879,4958,4957,3786,2292,1,0.014288355
Warm C,934094,5636,5635,3787,2293,0,0.023538403
Warm C,256169,1561,1560,3787,2293,1,0.004657327
Warm C,847329,5090,5089,3787,2293,1,0.01010332
Warm C,610740,3705,3704,3789,2295,1,0.012028296
Warm C,607366,3687,3686,3789,2295,1,0.01400364
Warm C,602675,3668,3667,3789,2295,1,0.015390873
Warm C,597106,3629,3628,3789,2295,1,0.011796989
Warm C,869739,5255,5254,3789,2295,1,0.018613499
Warm C,595068,3621,3620,3789,2295,1,-0.0020014
Warm C,588926,3592,3591,3789,2295,1,0.011505088
Warm C,586881,3585,3584,3789,2295,1,0.0049564037
Warm C,585058,3572,3571,3789,2295,1,0.005971374
Warm C,580325,3546,3545,3789,2295,1,0.011070302
Warm C,580164,3543,3542,3789,2295,1,0.012006555
Warm C,577822,3529,3528,3789,2295,1,0.0040899366
Warm C,593192,3618,3617,3789,2295,0,0.00955659
Warm C,558348,3430,3429,3789,2295,1,0.014886468
Warm C,552784,3402,3401,3789,2295,1,0.007524506
Warm C,938992,5667,5666,3789,2295,1,0.018633971
Warm C,551086,3394,3393,3789,2295,1,0.005125071
Warm C,712579,4277,4276,3789,2295,1,0.020588493
Warm C,545920,3367,3366,3789,2295,1,0.0077639334
Warm C,547741,3380,3379,3789,2295,1,0.004775182
Warm C,541167,3329,3328,3789,2295,1,0.007767145
Warm C,539511,3319,3318,3789,2295,0,-0.00093582564
Warm C,532578,3289,3288,3789,2295,1,0.001927196
Warm C,532849,3292,3291,3789,2295,1,0.022255544
Warm C,534536,3300,3299,3789,2295,1,0.008315224
Warm C,526145,3253,3252,3789,2295,1,0.007579352
Warm C,521625,3218,3217,3789,2295,1,-0.0012994659
Warm C,516130,3186,3185,3789,2295,0,-0.0022348193
Warm C,520470,3210,3209,3789,2295,1,-0.0036625986
Warm C,504932,3108,3107,3789,2295,1,0.011274192
Warm C,479431,2942,2941,3789,2295,1,0.006615336
Warm C,466502,2878,2877,3789,2295,1,0.010288287
Warm C,455510,2805,2804,3789,2295,1,0.015022876
Warm C,599637,3650,3649,3789,2295,1,0.011749217
Warm C,446608,2753,2752,3789,2295,1,0.017902086
Warm C,441405,2704,2703,3789,2295,1,0.0010628568
Warm C,440396,2693,2692,3789,2295,1,0.0026099477
Warm C,437848,2676,2675,3789,2295,1,0.009978982
Warm C,433426,2643,2642,3789,2295,0,0.015861005
Warm C,432006,2634,2633,3789,2295,1,0.0016162874
Warm C,428420,2607,2606,3789,2295,0,0.002836237
Warm C,425113,2581,2580,3789,2295,1,0.00875035
Warm C,420656,2544,2543,3789,2295,1,0.010418613
Warm C,417976,2526,2525,3789,2295,0,0.013925971
Warm C,401309,2393,2392,3789,2295,1,0.0011080839
Warm C,398155,2368,2367,3789,2295,1,0.00895061
Warm C,396568,2348,2347,3789,2295,0,0.00639308
Warm C,388775,2279,2278,3789,2295,1,0.018058177
Warm C,386266,2259,2258,3789,2295,1,0.006055683
Warm C,381439,2231,2230,3789,2295,0,0.019373754
Warm C,378590,2211,2210,3789,2295,0,0.007983259
Warm C,364034,2121,2120,3789,2295,1,0.008210283
Warm C,357106,2092,2091,3789,2295,0,0.01963139
Warm C,356194,2088,2087,3789,2295,1,0.0072492915
Warm C,353181,2069,2068,3789,2295,0,0.013892012
Warm C,343410,2018,2017,3789,2295,1,-0.0007404258
Warm C,318835,1896,1895,3789,2295,1,0.0061748135
Warm C,322976,1916,1915,3789,2295,1,0.017198509
Warm C,302410,1796,1795,3789,2295,1,0.010633307
Warm C,290688,1734,1733,3789,2295,1,0.010817746
Warm C,281939,1692,1691,3789,2295,1,0.017789153
Warm C,266866,1619,1618,3789,2295,1,0.0013982368
Warm C,237370,1446,1445,3789,2295,1,0.008093175
Warm C,236643,1437,1436,3789,2295,1,0.016572488
Warm C,631225,3821,3820,3789,2295,0,0.022001825
Warm C,242516,1465,1464,3789,2295,1,0.022944782
Warm C,211722,1288,1287,3789,2295,0,0.015534808
Warm C,307850,1836,1835,3789,2295,1,0.007877265
Warm C,199161,1224,1223,3789,2295,1,0.022920463
Warm C,184205,1147,1146,3789,2295,0,-0.008638609
Warm C,180945,1131,1130,3789,2295,1,0.0057717226
Warm C,169161,1074,1073,3789,2295,0,0.0072213328
Warm C,146721,948,947,3789,2295,1,0.01126731
Warm C,184686,1150,1149,3789,2295,1,0.009112084
Warm C,137357,886,885,3789,2295,0,0.006160342
Warm C,137560,889,888,3789,2295,0,0.0110098
Warm C,127887,825,824,3789,2295,0,0.0023578864
Warm C,94503,635,634,3789,2295,1,0.012477079
Warm C,152726,984,983,3789,2295,1,0.016468368
Warm C,339001,1998,1997,3789,2295,0,0.006855529
Warm C,48718,327,326,3789,2295,1,0.015066478
Warm C,66924,451,450,3789,2295,1,-6.9885515e-05
Warm C,48339,326,325,3789,2295,0,0.01153872
Warm C,45476,307,306,3789,2295,1,0.011805021
Warm C,35160,238,237,3789,2295,1,0.0059147645
Warm C,269568,1635,1634,3789,2295,1,0.012077803
Warm C,947462,5722,5721,3789,2295,1,0.0012432542
Warm C,9015,62,61,3789,2295,1,0.0076022344
Warm C,316473,1884,1883,3789,2295,1,0.012549687
Warm C,24081,173,172,3789,2295,0,0.0066144303
Warm C,47098,319,318,3789,2295,1,0.0076960586
Warm C,485915,2991,2990,3789,2295,0,0.007292149
Warm C,254561,1547,1546,3789,2295,1,0.005159877
Warm C,657312,3963,3962,3789,2295,1,0.018291762
Warm C,993776,6002,6001,3789,2295,1,0.0078561
Warm C,321924,1912,1911,3789,2295,0,0.014342235
Warm C,217821,1322,1321,3792,2297,1,0.011860754
Warm C,197647,1214,1213,3792,2297,1,-0.0016086621
Warm C,159671,1019,1018,3792,2297,0,0.01753017
Warm C,162105,1034,1033,3792,2297,1,0.0035284446
Warm C,134936,873,872,3792,2297,1,0.0014361074
Warm C,190186,1181,1180,3792,2297,0,0.011233682
Warm C,68471,461,460,3792,2297,0,0.012625687
Warm C,15281,123,122,3792,2297,0,0.015264343
Warm C,591614,3610,3609,3792,2297,0,0.006376501
Warm C,101804,678,677,3792,2297,0,0.0124078635
Warm C,499027,3067,3066,3792,2297,1,0.004006839
Warm C,840938,5054,5053,3792,2297,0,0.0046395045
Warm C,805576,4823,4822,3794,2299,1,0.015650902
Warm C,648636,3908,3907,3794,2299,0,0.010889244
Warm C,634539,3829,3828,3794,2299,1,0.020725902
Warm C,531879,3285,3284,3794,2299,0,0.011114041
Warm C,181760,1137,1136,3794,2299,0,0.01033227
Warm C,743077,4445,4444,3794,2299,0,0.0062094126
Warm C,343897,2020,2019,3794,2299,0,0.013691832
Warm C,129065,839,838,3794,2299,0,0.016294453
Warm C,631233,3821,3820,3794,2299,0,0.015836827
Warm C,761112,4522,4521,3794,2299,1,0.01639829
Warm C,843741,5074,5073,3794,2299,1,0.005555148
Warm C,258233,1584,1583,3794,2299,0,0.0016157079
Warm C,203624,1252,1251,3794,2299,1,0.016439011
Warm C,289667,1729,1728,3794,2299,0,0.0014662547
Warm C,127172,822,821,3794,2299,1,0.005138613
Warm C,19723,149,148,3794,2299,0,0.015770916
Warm C,867206,5233,5232,3794,2299,0,0.0018959129
Warm C,370836,2168,2167,3794,2299,1,0.010988147
Warm C,898424,5433,5432,3794,2299,1,0.013186252
Warm C,261088,1597,1596,3794,2299,1,0.0042025233
Warm C,895623,5413,5412,3794,2299,1,0.008699908
Warm C,143991,929,928,3794,2299,0,0.006094052
Warm C,132805,856,855,3794,2299,1,0.0021344447
Warm C,383934,2244,2243,3794,2299,0,0.0126946615
Warm C,360354,2106,2105,3794,2299,0,0.0111229755
Warm C,795925,4771,4770,3794,2299,0,0.0072143395
Warm C,807539,4834,4833,3794,2299,0,0.015406968
Warm C,712587,4277,4276,3794,2299,1,0.01900583
Warm C,10587,76,75,3794,2299,0,-0.0003124182
Warm C,574526,3518,3517,3794,2299,0,0.017694931
Warm C,575028,3519,3518,3794,2299,0,0.014494773
Warm C,799165,4790,4789,3794,2299,0,0.0152721135
Warm C,756836,4508,4507,3794,2299,1,0.012798797
Warm C,553612,3410,3409,3794,2299,1,0.0104734
Warm C,335313,1980,1979,3794,2299,1,0.017760677
Warm C,881976,5329,5328,3794,2299,1,0.01664799
Warm C,60403,411,410,3794,2299,1,0.011626254
Warm C,289858,1733,1732,3794,2299,0,0.01822726
Warm C,330897,1954,1953,3794,2299,1,0.01061466
Warm C,512032,3159,3158,3794,2299,0,0.015312473
Warm C,891345,5387,5386,3794,2299,1,0.0039127693
Warm C,892729,5394,5393,3794,2299,0,0.016393248
Warm C,206200,1265,1264,3794,2299,1,0.0053892946
Warm C,475330,2918,2917,3794,2299,1,0.0026322529
Warm C,965829,5825,5824,3794,2299,0,0.009785418
Warm C,763700,4543,4542,3794,2299,1,0.009564981
Warm C,215340,1306,1305,3794,2299,1,0.012916033
Warm C,312743,1865,1864,3794,2299,0,0.017367668
Warm C,777566,4647,4646,3794,2299,1,0.013891961
Warm C,159674,1019,1018,3794,2299,0,0.01764996
Warm C,234622,1425,1424,3794,2299,1,0.00958266
Warm C,101809,678,677,3794,2299,0,0.016809482
Warm C,846912,5090,5089,3794,2299,0,0.007741854
Warm C,259217,1587,1586,3794,2299,0,0.009348411
Warm C,534901,3301,3300,3794,2299,1,0.0048752185
Warm C,480387,2947,2946,3794,2299,0,0.00746577
Warm C,346528,2031,2030,3794,2299,1,0.009682108
Warm C,348817,2047,2046,3794,2299,0,0.008599326
Warm C,549588,3391,3390,3794,2299,0,0.011486009
Warm C,321938,1912,1911,3794,2299,0,0.009079956
Warm C,58635,398,397,3794,2299,1,0.015858106
Warm C,907913,5493,5492,3795,2300,0,0.01638199
Warm C,262867,1605,1604,3795,2300,0,0.015079144
Warm C,93128,624,623,3795,2300,0,0.0173302
Warm C,283735,1698,1697,3795,2300,1,0.007502371
Warm C,892730,5394,5393,3795,2300,1,0.009510448
Warm C,115734,752,751,3795,2300,1,0.01340357
Warm C,128742,836,835,3799,2302,0,-0.0020565535
Warm C,125709,809,808,3799,2302,0,0.00735649
Warm C,124112,800,799,3799,2302,1,0.028625606
Warm C,115110,748,747,3799,2302,0,0.009315643
Warm C,102914,681,680,3799,2302,1,0.0012915357
Warm C,383538,2242,2241,3799,2302,0,0.017599933
Warm C,99262,662,661,3799,2302,0,0.013244362
Warm C,332424,1962,1961,3799,2302,0,0.011116927
Warm C,87148,570,569,3799,2302,0,0.0053212084
Warm C,85976,563,562,3799,2302,0,0.017375343
Warm C,82161,546,545,3799,2302,0,0.0049854377
Warm C,76491,519,518,3799,2302,0,-0.0017691487
Warm C,86400,566,565,3799,2302,0,0.014309527
Warm C,66820,449,448,3799,2302,0,-9.961345e-05
Warm C,87024,569,568,3799,2302,0,0.006981146
Warm C,55448,368,367,3799,2302,0,0.006415662
Warm C,50946,336,335,3799,2302,0,0.013943955
Warm C,35999,244,243,3799,2302,0,0.009290331
Warm C,30308,204,203,3799,2302,0,0.024788145
Warm C,24646,174,173,3799,2302,0,0.010646826
Warm C,13956,113,112,3799,2302,0,0.011377285
Warm C,8202,57,56,3799,2302,0,0.0076923543
Warm C,281,5,4,3799,2302,0,0.0115552405
Warm C,357124,2092,2091,3799,2302,0,0.0053355396
Warm C,47119,319,318,3799,2302,0,0.013426548
Warm C,101814,678,677,3799,2302,0,0.01420329
Warm C,206550,1266,1265,3799,2302,0,0.016010873
Warm C,250275,1509,1508,3799,2302,1,0.0034243912
Warm C,551961,3401,3400,3799,2302,0,0.017456027
Warm C,95269,639,638,3799,2302,0,0.02102128
Warm C,341068,2011,2010,3799,2302,0,0.014530899
Warm C,122444,791,790,3799,2302,0,0.014930123
Warm C,393200,2310,2309,3799,2302,0,0.020824557
Warm C,484264,2980,2979,3799,2302,0,0.004035136
Warm C,907533,5492,5491,3799,2302,0,0.01616012
Warm C,264847,1611,1610,3799,2302,0,0.00855366
Warm C,418338,2529,2528,3799,2302,0,0.020473173
Warm C,716984,4294,4293,3799,2302,0,0.017836537
Warm C,342073,2015,2014,3799,2302,0,0.018655488
Warm C,96536,648,647,3799,2302,0,0.009742391
Warm C,638036,3841,3840,3801,2303,0,0.017258167
Warm C,619485,3754,3753,3801,2303,1,0.013886658
Warm C,770956,4593,4592,3801,2303,1,0.009582875
Warm C,613898,3718,3717,3801,2303,1,0.0055010975
Warm C,606471,3683,3682,3801,2303,1,0.0013388211
Warm C,659408,3973,3972,3801,2303,1,0.0076758955
Warm C,601594,3658,3657,3801,2303,1,0.010843341
Warm C,595204,3621,3620,3801,2303,1,0.011459155
Warm C,585643,3576,3575,3801,2303,0,0.019851357
Warm C,585259,3574,3573,3801,2303,1,0.0016397893
Warm C,569151,3491,3490,3801,2303,1,0.0048119905
Warm C,712960,4277,4276,3801,2303,1,0.014107688
Warm C,566169,3476,3475,3801,2303,1,0.0076681157
Warm C,565157,3474,3473,3801,2303,1,0.00054966984
Warm C,931412,5626,5625,3801,2303,1,0.007799952
Warm C,559241,3435,3434,3801,2303,1,0.005846331
Warm C,681950,4084,4083,3801,2303,1,0.008007325
Warm C,548373,3384,3383,3801,2303,1,0.004222286
Warm C,548290,3383,3382,3801,2303,1,0.010826686
Warm C,547099,3372,3371,3801,2303,1,0.0032062274
Warm C,546770,3371,3370,3801,2303,0,0.013838909
Warm C,546057,3367,3366,3801,2303,1,0.0057246583
Warm C,916655,5539,5538,3801,2303,1,0.013552208
Warm C,539548,3319,3318,3801,2303,1,0.010196859
Warm C,534657,3300,3299,3801,2303,1,0.017910887
Warm C,533241,3292,3291,3801,2303,1,0.019151697
Warm C,532607,3289,3288,3801,2303,1,-0.0056268806
Warm C,524940,3241,3240,3801,2303,1,0.0013304641
Warm C,523850,3229,3228,3801,2303,0,0.003656693
Warm C,521643,3218,3217,3801,2303,1,0.005694212
Warm C,521062,3216,3215,3801,2303,1,0.012512528
Warm C,520925,3215,3214,3801,2303,1,-0.004560712
Warm C,561207,3453,3452,3801,2303,0,0.007567488
Warm C,520890,3214,3213,3801,2303,1,0.0045625945
Warm C,518705,3201,3200,3801,2303,1,0.007831564
Warm C,785452,4691,4690,3801,2303,1,0.0014778273
Warm C,509475,3138,3137,3801,2303,0,0.0062022377
Warm C,504614,3103,3102,3801,2303,1,0.0044956403
Warm C,893599,5395,5394,3801,2303,1,0.0074518
Warm C,504030,3098,3097,3801,2303,1,0.009561498
Warm C,768685,4579,4578,3801,2303,1,0.0032934314
Warm C,502384,3083,3082,3801,2303,1,0.004582959
Warm C,797580,4784,4783,3801,2303,1,0.020537876
Warm C,487687,3000,2999,3801,2303,0,0.011416047
Warm C,484515,2984,2983,3801,2303,1,0.004974367
Warm C,481493,2961,2960,3801,2303,1,-0.0021241568
Warm C,473519,2909,2908,3801,2303,1,0.016938828
Warm C,466768,2878,2877,3801,2303,1,0.005041482
Warm C,459762,2834,2833,3801,2303,1,-0.0038371321
Warm C,457848,2820,2819,3801,2303,1,0.011448481
Warm C,452467,2786,2785,3801,2303,1,0.009691035
Warm C,448414,2764,2763,3801,2303,1,0.014922025
Warm C,446816,2753,2752,3801,2303,1,0.0071467683
Warm C,438981,2682,2681,3801,2303,1,0.013761413
Warm C,438293,2679,2678,3801,2303,1,0.00060768984
Warm C,431009,2627,2626,3801,2303,0,0.016635269
Warm C,427228,2593,2592,3801,2303,1,0.018908437
Warm C,426906,2592,2591,3801,2303,1,0.0005582331
Warm C,425282,2581,2580,3801,2303,1,0.0028149532
Warm C,424951,2578,2577,3801,2303,0,0.0020492899
Warm C,422133,2555,2554,3801,2303,1,0.0144886635
Warm C,417359,2514,2513,3801,2303,1,0.009498071
Warm C,415049,2498,2497,3801,2303,1,0.0050204042
Warm C,412526,2483,2482,3801,2303,1,0.0041909497
Warm C,412787,2484,2483,3801,2303,0,0.017265065
Warm C,411861,2476,2475,3801,2303,1,0.010209538
Warm C,403450,2410,2409,3801,2303,1,0.008670383
Warm C,707782,4241,4240,3801,2303,1,0.014026577
Warm C,397781,2359,2358,3801,2303,1,0.012133522
Warm C,393724,2318,2317,3801,2303,1,-0.0015889241
Warm C,390678,2293,2292,3801,2303,1,0.01692974
Warm C,381616,2231,2230,3801,2303,0,0.016298637
Warm C,374015,2181,2180,3801,2303,1,0.02308043
Warm C,364135,2121,2120,3801,2303,1,0.0062152273
Warm C,352937,2067,2066,3801,2303,1,0.011223704
Warm C,347342,2038,2037,3801,2303,1,0.014888776
Warm C,343606,2018,2017,3801,2303,1,0.014090657
Warm C,339665,2002,2001,3801,2303,1,0.015481567
Warm C,323140,1916,1915,3801,2303,1,0.013597344
Warm C,293396,1747,1746,3801,2303,0,0.00828926
Warm C,293709,1748,1747,3801,2303,1,0.006561478
Warm C,282265,1693,1692,3801,2303,1,0.014698768
Warm C,282016,1692,1691,3801,2303,1,0.0066117123
Warm C,292267,1741,1740,3801,2303,1,0.010196805
Warm C,268949,1632,1631,3801,2303,0,0.020195507
Warm C,345458,2026,2025,3801,2303,1,0.0064852634
Warm C,256742,1570,1569,3801,2303,0,0.0024936013
Warm C,346159,2030,2029,3801,2303,1,0.013531064
Warm C,316753,1884,1883,3801,2303,1,0.019348025
Warm C,242751,1465,1464,3801,2303,1,0.018650081
Warm C,228912,1387,1386,3801,2303,1,0.010971149
Warm C,227446,1378,1377,3801,2303,1,0.017642919
Warm C,276178,1671,1670,3801,2303,1,0.014191704
Warm C,216591,1315,1314,3801,2303,1,0.0074672773
Warm C,217982,1322,1321,3801,2303,0,0.0035293573
Warm C,208274,1273,1272,3801,2303,1,0.013739612
Warm C,219814,1333,1332,3801,2303,1,0.01111521
Warm C,189885,1178,1177,3801,2303,1,0.013246047
Warm C,338085,1988,1987,3801,2303,1,0.007341122
Warm C,188574,1170,1169,3801,2303,1,0.0118222665
Warm C,180244,1128,1127,3801,2303,1,0.0043349573
Warm C,165200,1053,1052,3801,2303,1,0.005781823
Warm C,219482,1331,1330,3801,2303,1,0.01067689
Warm C,190794,1181,1180,3801,2303,0,0.023738805
Warm C,160971,1023,1022,3801,2303,1,0.008229092
Warm C,146920,948,947,3801,2303,1,0.00891156
Warm C,144515,931,930,3801,2303,1,0.008729952
Warm C,143856,928,927,3801,2303,1,0.015573675
Warm C,185177,1150,1149,3801,2303,0,0.0067289923
Warm C,141475,911,910,3801,2303,1,0.02185001
Warm C,138157,889,888,3801,2303,1,0.021600217
Warm C,128159,829,828,3801,2303,1,0.009926494
Warm C,350474,2057,2056,3801,2303,1,0.0071730106
Warm C,89225,588,587,3801,2303,1,0.016612723
Warm C,83031,549,548,3801,2303,1,0.01856824
Warm C,113730,737,736,3801,2303,1,0.014490338
Warm C,319287,1897,1896,3801,2303,1,0.0155988615
Warm C,67013,451,450,3801,2303,1,0.0038279989
Warm C,46907,314,313,3801,2303,1,-0.0038559036
Warm C,45613,307,306,3801,2303,1,0.020735802
Warm C,35362,238,237,3801,2303,1,0.0090018585
Warm C,40778,273,272,3801,2303,1,0.009795053
Warm C,48199,323,322,3801,2303,1,0.003859509
Warm C,27621,193,192,3801,2303,1,0.004099995
Warm C,18279,141,140,3801,2303,1,0.009583041
Warm C,966720,5831,5830,3801,2303,1,0.02352688
Warm C,357394,2092,2091,3801,2303,1,0.018080108
Warm C,24498,173,172,3801,2303,1,0.013978172
Warm C,420938,2544,2543,3801,2303,0,0.011513695
Warm C,384685,2247,2246,3801,2303,1,0.008939469
Warm C,892921,5394,5393,3801,2303,1,0.011972599
Warm C,347983,2041,2040,3801,2303,0,0.010212642
Warm C,50681,333,332,3801,2303,0,0.014172836
Warm C,171547,1088,1087,3801,2303,1,0.022260185
Warm C,322287,1912,1911,3801,2303,0,0.011488726
Warm C,805668,4823,4822,3801,2303,1,0.016210984
Warm C,25931,183,182,3801,2303,1,0.004234642
Warm C,295625,1755,1754,3801,2303,1,0.015402768
Warm C,748234,4467,4466,3801,2303,1,0.004914687
Warm C,432648,2638,2637,3807,2305,0,0.010260848
Warm C,423716,2567,2566,3807,2305,0,0.014055077
Warm C,406938,2445,2444,3807,2305,0,0.0086492915
Warm C,377209,2203,2202,3807,2305,1,0.015189767
Warm C,369877,2164,2163,3807,2305,0,0.0074631935
Warm C,356354,2088,2087,3807,2305,1,0.00807547
Warm C,341541,2012,2011,3807,2305,0,0.008766767
Warm C,327165,1939,1938,3807,2305,0,0.0052373866
Warm C,326973,1938,1937,3807,2305,0,0.005333479
Warm C,292269,1741,1740,3807,2305,1,0.008194411
Warm C,279073,1680,1679,3807,2305,1,0.011240742
Warm C,250188,1507,1506,3807,2305,0,0.0020726458
Warm C,244664,1473,1472,3807,2305,0,0.0044791778
Warm C,241147,1451,1450,3807,2305,1,0.011642792
Warm C,244419,1472,1471,3807,2305,1,0.0029832968
Warm C,214793,1303,1302,3807,2305,1,0.009738224
Warm C,197661,1214,1213,3807,2305,0,0.006636969
Warm C,177526,1119,1118,3807,2305,1,0.01146138
Warm C,196458,1207,1206,3807,2305,1,0.011946548
Warm C,248780,1501,1500,3807,2305,0,0.0060625765
Warm C,168858,1071,1070,3807,2305,1,0.011898151
Warm C,162252,1034,1033,3807,2305,0,0.0131931435
Warm C,342394,2015,2014,3807,2305,0,0.014757222
Warm C,155833,1004,1003,3807,2305,1,0.013193345
Warm C,131115,850,849,3807,2305,0,0.0056385347
Warm C,315153,1880,1879,3807,2305,0,0.010115399
Warm C,122914,793,792,3807,2305,0,0.007263843
Warm C,86946,567,566,3807,2305,1,0.0019747978
Warm C,85800,560,559,3807,2305,1,0.006116924
Warm C,84083,550,549,3807,2305,0,0.010923659
Warm C,71082,477,476,3807,2305,0,0.0064754765
Warm C,56795,381,380,3807,2305,0,0.008428637
Warm C,43687,300,299,3807,2305,1,0.0038352013
Warm C,36681,245,244,3807,2305,0,0.010348073
Warm C,626707,3792,3791,3807,2305,0,0.0093953535
Warm C,61865,415,414,3807,2305,1,0.00849092
Warm C,5851,42,41,3807,2305,1,0.017915957
Warm C,60897,411,410,3807,2305,0,0.016591989
Warm C,102167,678,677,3807,2305,1,0.0072000884
Warm C,327979,1941,1940,3807,2305,0,0.011431778
Warm C,633152,3824,3823,3807,2305,1,0.014066553
Warm C,768686,4579,4578,3807,2305,0,0.0029609648
Warm C,958802,5787,5786,3807,2305,1,0.004209124
Warm C,62841,424,423,3807,2305,0,0.01727689
Warm C,300306,1780,1779,3807,2305,0,0.011059936
Warm C,718526,4305,4304,3807,2305,1,0.009719165
Warm C,243894,1470,1469,3810,2307,0,0.0068938374
Warm C,279098,1680,1679,3810,2307,1,0.0034825853
Warm C,196468,1207,1206,3810,2307,0,0.0019223639
Warm C,185193,1150,1149,3810,2307,0,0.007234195
Warm C,307383,1835,1834,3810,2307,1,0.006061823
Warm C,168400,1069,1068,3810,2307,0,0.008491915
Warm C,162467,1035,1034,3810,2307,1,0.0024401154
Warm C,136520,881,880,3810,2307,0,0.0066412976
Warm C,135585,877,876,3810,2307,0,0.016283095
Warm C,98767,660,659,3810,2307,0,0.0076620225
Warm C,97342,652,651,3810,2307,0,0.012028319
Warm C,83045,549,548,3810,2307,0,0.002476147
Warm C,68681,461,460,3810,2307,0,-0.0026469762
Warm C,74783,509,508,3810,2307,0,0.006288734
Warm C,239985,1449,1448,3810,2307,0,0.00693253
Warm C,47700,319,318,3810,2307,0,0.006330664
Warm C,27349,192,191,3810,2307,0,0.0028612171
Warm C,481766,2962,2961,3810,2307,0,0.004794251
Warm C,354861,2077,2076,3810,2307,1,0.0073880753
Warm C,150553,970,969,3810,2307,0,0.013113445
Warm C,178620,1121,1120,3810,2307,1,0.0025249177
Warm C,271760,1643,1642,3810,2307,0,0.005189522
Warm C,193598,1194,1193,3810,2307,0,-0.00505424
Warm C,260060,1591,1590,3813,2310,1,0.02591759
Warm C,220331,1335,1334,3813,2310,0,0.0060424516
Warm C,180252,1128,1127,3813,2310,0,0.012966241
Warm C,177532,1119,1118,3813,2310,1,0.0069614956
Warm C,149229,960,959,3813,2310,0,0.018664498
Warm C,199399,1224,1223,3813,2310,1,0.019488972
Warm C,131120,850,849,3813,2310,1,0.009697178
Warm C,160024,1019,1018,3813,2310,0,0.017474648
Warm C,239988,1449,1448,3813,2310,0,0.017937021
Warm C,190816,1181,1180,3813,2310,0,0.010052912
Warm C,84094,550,549,3813,2310,0,0.015659451
Warm C,34175,230,229,3813,2310,1,0.009106072
Warm C,17630,136,135,3813,2310,1,0.0044384655
Warm C,202006,1243,1242,3813,2310,0,0.00746227
Warm C,158098,1015,1014,3813,2310,0,0.0146263745
Warm C,89230,588,587,3813,2310,0,0.017162122
Warm C,860075,5172,5171,3813,2310,0,0.006976864
Warm C,50688,333,332,3813,2310,0,0.0089389505
Warm C,47703,319,318,3813,2310,0,0.008762462
Warm C,639053,3842,3841,3813,2310,0,0.012839144
Warm C,420947,2544,2543,3813,2310,0,0.014943849
Warm C,739386,4418,4417,3813,2310,0,0.01013268
Warm C,322300,1912,1911,3813,2310,0,0.012855291
Warm C,810302,4861,4860,3822,2314,1,0.0067983945
Warm C,520528,3210,3209,3822,2314,1,0.0032880497
Warm C,146416,943,942,3822,2314,0,0.0061035883
Warm C,93271,624,623,3822,2314,0,0.009810395
Warm C,892931,5394,5393,3822,2314,1,0.02384118
Warm C,187612,1164,1163,3822,2314,1,0.014563286
Warm C,232535,1413,1412,3822,2314,1,0.013098344
Warm C,28445,195,194,3822,2314,1,0.017682346
Warm C,882933,5333,5332,3822,2314,1,0.012735167
Warm C,114232,743,742,3822,2314,0,0.006870869
Warm C,212053,1291,1290,3823,2315,1,0.015825434
Warm C,501262,3080,3079,3823,2315,0,0.020181613
Warm C,223047,1352,1351,3823,2315,1,0.0084934225
Warm C,116144,752,751,3823,2315,0,0.01582445
Warm C,237859,1447,1446,3823,2315,1,0.020927913
Warm C,319306,1897,1896,3823,2315,0,0.019292198
Warm C,91199,604,603,3824,2316,0,-0.0009427739
Warm C,99555,664,663,3824,2316,0,0.0074141966
Warm C,317672,1889,1888,3824,2316,0,0.009529075
Warm C,47733,319,318,3824,2316,0,-0.0039270767
Warm C,32763,222,221,3824,2316,0,0.010081623
Warm C,17044,133,132,3824,2316,1,-0.00044514408
Warm C,314356,1877,1876,3824,2316,0,-0.010099878
Warm C,877410,5302,5301,3824,2316,0,0.0035495262
Warm C,594799,3620,3619,3824,2316,0,0.018558115
Warm C,388343,2272,2271,3824,2316,0,0.0075849025
Warm C,59532,403,402,3824,2316,0,0.011525914
Warm C,155323,1001,1000,3824,2316,0,0.009509421
Warm C,181973,1137,1136,3824,2316,0,0.0050723962
Warm C,190836,1181,1180,3824,2316,0,0.0018566846
Warm C,399829,2380,2379,3824,2316,0,0.0069306614
Warm C,150561,970,969,3824,2316,0,0.009540113
Warm C,930380,5621,5620,3824,2316,0,0.0089187715
Warm C,76350,518,517,3824,2316,0,0.011615068
Warm C,626728,3792,3791,3824,2316,0,0.0061280346
Warm C,559899,3441,3440,3824,2316,0,0.0054292064
Warm C,238870,1448,1447,3824,2316,0,0.013544884
Warm C,408185,2453,2452,3824,2316,0,0.012605777
Warm C,530977,3280,3279,3824,2316,0,0.006344736
Warm C,407243,2446,2445,3824,2316,0,0.001290458
Warm C,222580,1347,1346,3824,2316,0,0.0076212236
Warm C,285282,1701,1700,3824,2316,0,0.008270677
Warm C,351755,2063,2062,3824,2316,1,0.01505338
Warm C,79356,531,530,3824,2316,0,0.01537206
Warm C,110779,721,720,3824,2316,0,0.008616845
Warm C,384093,2244,2243,3824,2316,0,0.003070025
Warm C,59247,402,401,3824,2316,0,0.0096459
Warm C,502881,3087,3086,3824,2316,0,0.011608584
Warm C,503403,3093,3092,3824,2316,0,0.003884777
Warm C,682390,4085,4084,3824,2316,0,0.0062843487
Warm C,12153,92,91,3824,2316,0,0.0075773792
Warm C,794981,4757,4756,3824,2316,0,0.003361159
Warm C,206822,1266,1265,3824,2316,0,0.0057045263
Warm C,631533,3821,3820,3824,2316,0,0.0077440003
Warm C,930096,5620,5619,3824,2316,0,0.004847576
Warm C,503811,3096,3095,3824,2316,1,0.008764075
Warm C,405323,2427,2426,3824,2316,0,0.0033252386
Warm C,144887,934,933,3824,2316,0,0.0005246755
Warm C,894910,5405,5404,3824,2316,0,-0.0031293184
Warm C,476338,2926,2925,3824,2316,0,0.010947591
Warm C,474469,2911,2910,3824,2316,1,0.0053883055
Warm C,286681,1712,1711,3824,2316,0,0.0037086888
Warm C,129933,840,839,3824,2316,0,0.010794282
Warm C,459604,2832,2831,3824,2316,0,0.00517912
Warm C,255902,1560,1559,3824,2316,0,0.0011196495
Warm C,312864,1865,1864,3824,2316,0,0.006396043
Warm C,699653,4186,4185,3824,2316,0,0.008925336
Warm C,522499,3224,3223,3824,2316,0,0.005412936
Warm C,461493,2847,2846,3824,2316,0,0.009052157
Warm C,96599,648,647,3824,2316,0,-0.00032711076
Warm C,807595,4834,4833,3824,2316,0,0.0018004
Warm C,302114,1794,1793,3824,2316,0,0.00954751
Warm C,83060,549,548,3824,2316,0,0.0061989576
Warm C,253885,1544,1543,3831,2320,0,0.0147462925
Warm C,231639,1404,1403,3831,2320,1,0.016065959
Warm C,296443,1758,1757,3831,2320,1,0.02117125
Warm C,212305,1293,1292,3831,2320,1,0.0071003344
Warm C,195409,1203,1202,3831,2320,1,0.015593071
Warm C,202016,1243,1242,3831,2320,0,0.021986071
Warm C,201139,1241,1240,3831,2320,1,0.01564464
Warm C,206835,1266,1265,3831,2320,0,0.022536973
Warm C,186760,1156,1155,3831,2320,1,0.0045298343
Warm C,185229,1150,1149,3831,2320,0,0.014952188
Warm C,162590,1037,1036,3831,2320,1,0.0012394092
Warm C,158927,1016,1015,3831,2320,1,0.018629111
Warm C,156363,1009,1008,3831,2320,1,0.0048408904
Warm C,155328,1001,1000,3831,2320,1,0.01731547
Warm C,148733,957,956,3831,2320,0,0.014956566
Warm C,154599,998,997,3831,2320,1,0.0024852767
Warm C,142956,922,921,3831,2320,0,0.01764799
Warm C,139600,893,892,3831,2320,0,0.0072314115
Warm C,138217,889,888,3831,2320,0,0.016553178
Warm C,128534,832,831,3831,2320,0,0.007890826
Warm C,248383,1499,1498,3831,2320,1,0.007969603
Warm C,108964,713,712,3831,2320,0,0.013270786
Warm C,100828,673,672,3831,2320,1,0.008670441
Warm C,123106,795,794,3831,2320,1,0.013929006
Warm C,69484,466,465,3831,2320,0,0.0133634955
Warm C,55970,371,370,3831,2320,0,0.006116134
Warm C,49847,330,329,3831,2320,1,0.008105464
Warm C,37494,255,254,3831,2320,1,0.014877997
Warm C,481790,2962,2961,3831,2320,1,0.019466067
Warm C,32663,220,219,3831,2320,0,0.008067146
Warm C,25027,175,174,3831,2320,0,0.018414993
Warm C,314359,1877,1876,3831,2320,0,-0.0086870855
Warm C,290164,1733,1732,3831,2320,0,0.023861617
Warm C,783458,4680,4679,3831,2320,0,0.020125609
Warm C,399837,2380,2379,3831,2320,1,0.014622581
Warm C,4984,35,34,3831,2320,0,0.0071677906
Warm C,338107,1988,1987,3831,2320,1,0.012584142
Warm C,797977,4785,4784,3831,2320,1,0.014933758
Warm C,211666,1287,1286,3831,2320,1,0.013631947
Warm C,119928,774,773,3831,2320,0,0.016279161
Warm C,936972,5653,5652,3831,2320,1,0.013763491
Warm C,874378,5279,5278,3831,2320,0,0.009263994
Warm C,881090,5322,5321,3831,2320,1,0.008137455
Warm C,50389,331,330,3831,2320,0,0.015913634
Warm C,807600,4834,4833,3831,2320,0,0.015377479
Warm C,156817,1010,1009,3831,2320,0,0.018523112
Warm C,285289,1701,1700,3831,2320,1,0.0258577
Warm C,140243,899,898,3831,2320,1,0.011923512
Warm C,114235,743,742,3831,2320,0,0.017514234
Warm C,471959,2904,2903,3831,2320,1,0.008830985
Warm C,39412,267,266,3831,2320,1,0.007921756
Warm C,286690,1712,1711,3831,2320,0,0.012896459
Warm C,571582,3505,3504,3831,2320,1,0.0047856206
Warm C,804291,4816,4815,3831,2320,1,0.014124746
Warm C,330710,1952,1951,3831,2320,1,0.0043881326
Warm C,56392,376,375,3831,2320,0,0.011605201
Warm C,181981,1137,1136,3831,2320,0,0.020632127
Warm C,902782,5458,5457,3831,2320,1,0.007547484
Warm C,784068,4682,4681,3831,2320,1,0.015904065
Warm C,258407,1584,1583,3831,2320,0,0.013587627
Warm C,777770,4647,4646,3831,2320,1,0.014335889
Warm C,964021,5812,5811,3831,2320,1,0.01517991
Warm C,165991,1058,1057,3831,2320,1,0.023692826
Warm C,407249,2446,2445,3831,2320,0,0.01664697
Warm C,483228,2969,2968,3831,2320,1,0.018784953
Warm C,222583,1347,1346,3831,2320,1,0.011074699
Warm C,966749,5831,5830,3831,2320,1,0.02520974
Warm C,90249,595,594,3831,2320,1,0.019703047
Warm C,47756,319,318,3831,2320,0,0.015492094
Warm C,397342,2353,2352,3831,2320,1,0.012654102
Warm C,555034,3413,3412,3831,2320,1,0.015012475
Warm C,607111,3685,3684,3831,2320,1,0.015925815
Warm C,871588,5265,5264,3831,2320,1,0.016484315
Warm C,770287,4591,4590,3831,2320,1,0.019402279
Warm C,154094,993,992,3831,2320,0,0.007787314
Warm C,503406,3093,3092,3831,2320,1,0.007818404
Warm C,696228,4169,4168,3831,2320,0,0.030881153
Warm C,357429,2092,2091,3831,2320,0,0.022359792
Warm C,559545,3437,3436,3831,2320,1,0.0151370615
Warm C,567444,3483,3482,3831,2320,1,0.015503791
Warm C,933438,5636,5635,3831,2320,1,0.02070676
Warm C,330957,1954,1953,3831,2320,0,0.007475183
Warm C,319317,1897,1896,3831,2320,0,0.021871947
Warm C,751550,4482,4481,3831,2320,1,0.01680782
Warm C,24574,173,172,3831,2320,0,0.010827155
Warm C,230504,1395,1394,3831,2320,1,0.014434338
Warm C,500466,3074,3073,3831,2320,1,0.0022387027
Warm C,403317,2409,2408,3831,2320,1,0.01640998
Warm C,20954,151,150,3831,2320,1,0.017521132
Warm C,465135,2868,2867,3831,2320,1,0.014758191
Warm C,254354,1546,1545,3831,2320,1,0.010588549
Warm C,116160,752,751,3831,2320,1,0.020081822
Warm C,161325,1029,1028,3831,2320,0,0.016988859
Warm C,309598,1842,1841,3831,2320,1,0.023515731
Warm C,60972,411,410,3831,2320,0,0.016166775
Warm C,110790,721,720,3831,2320,1,0.008842052
Warm C,354884,2077,2076,3831,2320,1,0.019251388
Warm C,545294,3363,3362,3831,2320,1,0.0085846055
Warm C,423152,2565,2564,3831,2320,1,0.016725581
Warm C,499386,3067,3066,3831,2320,1,0.008704207
Warm C,892937,5394,5393,3831,2320,0,0.022817776
Warm C,25455,180,179,3831,2320,1,0.008707024
Warm C,520532,3210,3209,3831,2320,1,-0.00080287736
Warm C,335848,1980,1979,3831,2320,1,0.038281046
Warm C,129935,840,839,3831,2320,1,0.01665906
Warm C,720035,4312,4311,3831,2320,1,0.020580232
Warm C,571036,3503,3502,3831,2320,1,0.018796112
Warm C,89998,593,592,3831,2320,0,0.0050627096
Warm C,492700,3029,3028,3831,2320,1,0.022597762
Warm C,174835,1107,1106,3831,2320,1,0.0036399513
Warm C,846620,5087,5086,3831,2320,0,0.006844587
Warm C,891520,5387,5386,3831,2320,0,0.02288642
Warm C,460659,2841,2840,3831,2320,1,0.015652534
Warm C,254854,1551,1550,3831,2320,0,0.012175683
Warm C,699658,4186,4185,3831,2320,1,0.024893953
Warm C,178626,1121,1120,3831,2320,1,0.018596487
Warm C,401608,2395,2394,3831,2320,0,0.010891799
Warm C,801385,4802,4801,3831,2320,0,0.022639565
Warm C,808539,4842,4841,3831,2320,1,0.0012893737
Warm C,193613,1194,1193,3831,2320,1,0.01579911
Warm C,178091,1120,1119,3831,2320,1,0.018994324
Warm C,234943,1425,1424,3831,2320,1,0.023030996
Warm C,34026,229,228,3831,2320,1,0.005591906
Warm C,346626,2031,2030,3831,2320,0,0.012697668
Warm C,860080,5172,5171,3831,2320,0,0.010933006
Warm C,794000,4748,4747,3831,2320,1,0.00750867
Warm C,638092,3841,3840,3834,2321,1,0.013332174
Warm C,619504,3754,3753,3834,2321,0,0.020571496
Warm C,618027,3745,3744,3834,2321,0,-0.0001418016
Warm C,615623,3727,3726,3834,2321,0,0.0075781895
Warm C,615233,3726,3725,3834,2321,0,0.012470175
Warm C,609872,3696,3695,3834,2321,0,0.006460997
Warm C,613256,3716,3715,3834,2321,0,0.007460616
Warm C,603171,3670,3669,3834,2321,0,0.0019471415
Warm C,725297,4344,4343,3834,2321,0,0.01882102
Warm C,601415,3656,3655,3834,2321,0,0.0102036735
Warm C,597424,3633,3632,3834,2321,1,0.005316646
Warm C,633195,3824,3823,3834,2321,1,0.013785426
Warm C,869780,5255,5254,3834,2321,1,0.0021401818
Warm C,596530,3626,3625,3834,2321,0,0.0122585585
Warm C,587877,3589,3588,3834,2321,0,0.017442357
Warm C,587323,3587,3586,3834,2321,1,0.006701965
Warm C,585664,3576,3575,3834,2321,0,0.0064809658
Warm C,577907,3529,3528,3834,2321,0,0.0059736413
Warm C,573221,3511,3510,3834,2321,0,0.0109933745
Warm C,593781,3618,3617,3834,2321,0,0.018654775
Warm C,563405,3467,3466,3834,2321,1,0.009091364
Warm C,931417,5626,5625,3834,2321,0,0.003962195
Warm C,556875,3422,3421,3834,2321,0,0.017307706
Warm C,681961,4084,4083,3834,2321,1,-0.000301059
Warm C,552306,3401,3400,3834,2321,0,0.016968906
Warm C,966750,5831,5830,3834,2321,1,0.021044672
Warm C,548296,3383,3382,3834,2321,0,0.006591212
Warm C,547370,3377,3376,3834,2321,0,0.005727678
Warm C,577126,3526,3525,3834,2321,0,0.009672722
Warm C,598195,3641,3640,3834,2321,0,0.003487667
Warm C,533279,3292,3291,3834,2321,1,0.015785875
Warm C,544066,3353,3352,3834,2321,0,0.0115421815
Warm C,533803,3293,3292,3834,2321,0,0.008802289
Warm C,530481,3277,3276,3834,2321,0,0.012034694
Warm C,527938,3264,3263,3834,2321,0,0.007353245
Warm C,524945,3241,3240,3834,2321,1,-0.0004825394
Warm C,521651,3218,3217,3834,2321,0,-0.0011188458
Warm C,520001,3208,3207,3834,2321,0,0.009272116
Warm C,964022,5812,5811,3834,2321,1,0.011278047
Warm C,518728,3201,3200,3834,2321,0,0.012516785
Warm C,874497,5281,5280,3834,2321,0,0.012274073
Warm C,509484,3138,3137,3834,2321,0,0.00651778
Warm C,502884,3087,3086,3834,2321,1,0.0047021066
Warm C,501748,3081,3080,3834,2321,0,0.012865804
Warm C,494090,3032,3031,3834,2321,1,0.0042395974
Warm C,738136,4411,4410,3834,2321,0,0.012168151
Warm C,485772,2990,2989,3834,2321,0,0.012229769
Warm C,481498,2961,2960,3834,2321,0,0.0048195217
Warm C,473565,2909,2908,3834,2321,0,0.014582965
Warm C,459791,2835,2834,3834,2321,0,0.012955028
Warm C,451495,2779,2778,3834,2321,1,0.0064242985
Warm C,448720,2765,2764,3834,2321,0,0.010851094
Warm C,447937,2761,2760,3834,2321,0,0.009095202
Warm C,446386,2752,2751,3834,2321,0,0.010075787
Warm C,443805,2737,2736,3834,2321,0,0.015010087
Warm C,442745,2728,2727,3834,2321,0,-0.0026209638
Warm C,452479,2786,2785,3834,2321,0,0.014547107
Warm C,433607,2643,2642,3834,2321,0,0.012218923
Warm C,431630,2629,2628,3834,2321,0,0.0065090023
Warm C,426927,2592,2591,3834,2321,0,0.018460818
Warm C,418644,2529,2528,3834,2321,0,0.020401739
Warm C,414557,2496,2495,3834,2321,0,0.01141069
Warm C,402286,2402,2401,3834,2321,0,0.010908924
Warm C,388940,2279,2278,3834,2321,0,0.010525009
Warm C,382847,2237,2236,3834,2321,0,0.012051465
Warm C,377231,2203,2202,3834,2321,0,0.0064835716
Warm C,369898,2164,2163,3834,2321,1,0.010120738
Warm C,387528,2265,2264,3834,2321,0,0.0076703974
Warm C,357430,2092,2091,3834,2321,0,0.016394177
Warm C,327174,1939,1938,3834,2321,0,0.0114006195
Warm C,324180,1921,1920,3834,2321,1,0.0022402382
Warm C,318363,1891,1890,3834,2321,0,0.007184226
Warm C,312308,1861,1860,3834,2321,0,0.0065097115
Warm C,268985,1632,1631,3834,2321,0,0.018082429
Warm C,436383,2665,2664,3834,2321,0,0.009853497
Warm C,283172,1696,1695,3834,2321,0,0.008963939
Warm C,227116,1377,1376,3834,2321,0,0.012889591
Warm C,323798,1920,1919,3834,2321,0,0.00786066
Warm C,218000,1322,1321,3834,2321,1,0.008741471
Warm C,208749,1274,1273,3834,2321,0,-0.0024886145
Warm C,279147,1680,1679,3834,2321,0,0.011865618
Warm C,196973,1209,1208,3834,2321,0,0.013446767
Warm C,194821,1202,1201,3834,2321,1,0.013667653
Warm C,180269,1128,1127,3834,2321,0,0.008444978
Warm C,179094,1124,1123,3834,2321,0,0.015987098
Warm C,196482,1207,1206,3834,2321,0,0.009257227
Warm C,166438,1059,1058,3834,2321,0,0.01803614
Warm C,190857,1181,1180,3834,2321,0,0.0128890015
Warm C,151582,975,974,3834,2321,0,0.011822406
Warm C,199417,1224,1223,3834,2321,1,0.01694948
Warm C,217010,1317,1316,3834,2321,0,0.0032219547
Warm C,139544,892,891,3834,2321,0,0.005324724
Warm C,138219,889,888,3834,2321,0,0.012446317
Warm C,315201,1880,1879,3834,2321,0,0.015871234
Warm C,118343,765,764,3834,2321,0,0.009372691
Warm C,98788,660,659,3834,2321,0,0.012553558
Warm C,94917,637,636,3834,2321,0,0.0014978908
Warm C,351777,2063,2062,3834,2321,0,0.010455236
Warm C,94182,631,630,3834,2321,0,0.0036539827
Warm C,72004,482,481,3834,2321,0,0.0131859295
Warm C,48682,326,325,3834,2321,0,-0.0012123492
Warm C,639070,3842,3841,3834,2321,0,0.015892137
Warm C,42572,291,290,3834,2321,1,0.0033619343
Warm C,39089,264,263,3834,2321,0,0.010557042
Warm C,36770,245,244,3834,2321,0,0.013218431
Warm C,25727,181,180,3834,2321,0,0.016043931
Warm C,21721,157,156,3834,2321,0,0.003922046
Warm C,30693,204,203,3834,2321,0,0.021077283
Warm C,18861,146,145,3834,2321,1,0.022527713
Warm C,129379,839,838,3834,2321,0,0.022246491
Warm C,828676,4979,4978,3834,2321,0,0.01241812
Warm C,241174,1451,1450,3834,2321,0,0.015575035
Warm C,102204,678,677,3834,2321,1,0.014956023
Warm C,996113,6016,6015,3834,2321,1,0.011705019
Warm C,958813,5787,5786,3834,2321,0,0.017082877
Warm C,339162,1998,1997,3834,2321,0,0.003949483
Warm C,593782,3618,3617,3835,2322,0,0.01166913
Warm C,592849,3614,3613,3835,2322,0,0.00824447
Warm C,586607,3580,3579,3835,2322,1,0.010308093
Warm C,585403,3575,3574,3835,2322,0,0.0032067676
Warm C,585275,3574,3573,3835,2322,0,0.0042966264
Warm C,584203,3565,3564,3835,2322,1,0.00525391
Warm C,583402,3562,3561,3835,2322,0,0.018073514
Warm C,577687,3527,3526,3835,2322,1,-0.0074930107
Warm C,576533,3524,3523,3835,2322,1,0.011592805
Warm C,576655,3525,3524,3835,2322,0,0.0022111395
Warm C,574096,3514,3513,3835,2322,0,-0.0002751827
Warm C,563406,3467,3466,3835,2322,1,0.016742602
Warm C,563307,3465,3464,3835,2322,0,0.004586439
Warm C,563056,3464,3463,3835,2322,1,0.013724336
Warm C,718546,4305,4304,3835,2322,1,0.01688208
Warm C,555769,3416,3415,3835,2322,0,0.013121983
Warm C,547371,3377,3376,3835,2322,0,0.006935558
Warm C,577127,3526,3525,3835,2322,0,0.010101058
Warm C,544919,3360,3359,3835,2322,1,0.009228482
Warm C,537101,3311,3310,3835,2322,0,0.005863513
Warm C,535972,3308,3307,3835,2322,0,0.009926603
Warm C,564380,3471,3470,3835,2322,0,0.012423422
Warm C,534033,3296,3295,3835,2322,1,0.011967799
Warm C,527939,3264,3263,3835,2322,0,0.003571242
Warm C,523686,3228,3227,3835,2322,0,0.013165439
Warm C,959348,5788,5787,3835,2322,0,0.010164471
Warm C,519063,3202,3201,3835,2322,0,0.0077410797
Warm C,519198,3203,3202,3835,2322,0,0.008982832
Warm C,517858,3196,3195,3835,2322,0,0.014097579
Warm C,516943,3191,3190,3835,2322,0,0.00578944
Warm C,540377,3323,3322,3835,2322,1,0.010333922
Warm C,797594,4784,4783,3835,2322,0,0.008080544
Warm C,550082,3391,3390,3835,2322,0,0.015292912
Warm C,659136,3971,3970,3835,2322,1,0.006639586
Warm C,494091,3032,3031,3835,2322,1,0.007112144
Warm C,628644,3807,3806,3835,2322,0,0.013143098
Warm C,487883,3001,3000,3835,2322,0,0.011420883
Warm C,473566,2909,2908,3835,2322,1,0.008172328
Warm C,467942,2885,2884,3835,2322,0,0.012044058
Warm C,879859,5317,5316,3835,2322,1,0.0072754947
Warm C,462231,2852,2851,3835,2322,0,0.009408594
Warm C,463263,2857,2856,3835,2322,0,0.011075366
Warm C,462573,2854,2853,3835,2322,0,0.010930067
Warm C,460964,2842,2841,3835,2322,0,0.0063767247
Warm C,460282,2840,2839,3835,2322,0,0.011099514
Warm C,457886,2820,2819,3835,2322,0,0.0061163562
Warm C,453697,2793,2792,3835,2322,0,0.011779476
Warm C,450831,2777,2776,3835,2322,0,0.008262698
Warm C,449117,2769,2768,3835,2322,0,0.0073826523
Warm C,444337,2741,2740,3835,2322,0,0.008799758
Warm C,443806,2737,2736,3835,2322,0,0.0037188039
Warm C,442871,2730,2729,3835,2322,1,0.012499689
Warm C,406418,2438,2437,3835,2322,0,0.018225435
Warm C,383664,2242,2241,3835,2322,1,0.011141211
Warm C,378542,2209,2208,3835,2322,0,0.005105177
Warm C,373177,2179,2178,3835,2322,0,0.006080027
Warm C,361606,2109,2108,3835,2322,0,0.018050022
Warm C,351778,2063,2062,3835,2322,0,0.012759942
Warm C,375569,2188,2187,3835,2322,0,0.014956355
Warm C,360044,2105,2104,3835,2322,0,0.013545986
Warm C,350961,2060,2059,3835,2322,0,-0.0010600316
Warm C,265739,1613,1612,3835,2322,0,0.008043766
Warm C,250702,1512,1511,3835,2322,0,0.0075519
Warm C,321274,1904,1903,3835,2322,0,0.00936335
Warm C,279148,1680,1679,3835,2322,0,0.011325613
Warm C,304852,1812,1811,3835,2322,1,0.008508895
Warm C,185230,1150,1149,3835,2322,0,0.00916573
Warm C,183978,1146,1145,3835,2322,0,0.014769817
Warm C,167831,1068,1067,3835,2322,0,0.0103666615
Warm C,163812,1050,1049,3835,2322,0,0.009911595
Warm C,164503,1051,1050,3835,2322,0,0.012981586
Warm C,145332,935,934,3835,2322,0,0.008740667
Warm C,156818,1010,1009,3835,2322,0,0.017814945
Warm C,233389,1420,1419,3835,2322,0,0.006769352
Warm C,263279,1605,1604,3835,2322,0,0.014170095
Warm C,360738,2106,2105,3835,2322,0,0.016453417
Warm C,223511,1354,1353,3835,2322,0,0.013214554
Warm C,114831,746,745,3835,2322,0,0.003705122
Warm C,119215,770,769,3835,2322,0,0.015454259
Warm C,179571,1125,1124,3835,2322,0,0.011477234
Warm C,113292,735,734,3835,2322,0,0.009932095
Warm C,299609,1778,1777,3835,2322,0,0.014452087
Warm C,110791,721,720,3835,2322,1,0.009068973
Warm C,77479,524,523,3835,2322,0,0.01576107
Warm C,75445,513,512,3835,2322,0,0.0027350578
Warm C,70153,474,473,3835,2322,0,0.009122068
Warm C,72005,482,481,3835,2322,0,0.017452484
Warm C,74801,509,508,3835,2322,0,0.009041494
Warm C,132436,855,854,3835,2322,0,0.006608476
Warm C,238884,1448,1447,3835,2322,0,0.0145548135
Warm C,291362,1737,1736,3835,2322,1,0.0033391486
Warm C,22891,165,164,3835,2322,0,0.009858199
Warm C,8653,58,57,3835,2322,0,0.017660338
Warm C,8003,53,52,3835,2322,0,0.012809448
Warm C,2805,22,21,3835,2322,0,0.0066700387
Warm C,3712,26,25,3835,2322,0,0.0025557426
Warm C,107911,710,709,3835,2322,0,0.015831683
Warm C,408192,2453,2452,3835,2322,1,0.016211238
Warm C,354885,2077,2076,3835,2322,0,0.011558468
Warm C,140681,904,903,3835,2322,0,-0.0033213743
Warm C,150568,970,969,3835,2322,0,0.01156451
Warm C,530986,3280,3279,3835,2322,0,0.007942711
Warm C,682404,4085,4084,3835,2322,0,0.014851708
Warm C,102205,678,677,3835,2322,0,0.018561395
Warm C,626740,3792,3791,3835,2322,0,0.009215328
Warm C,79369,531,530,3835,2322,0,0.009565361
Warm C,46165,308,307,3835,2322,0,0.016268224
Warm C,907635,5492,5491,3835,2322,0,0.014792353
Warm C,456444,2810,2809,3835,2322,0,0.01823372
Warm C,195410,1203,1202,3835,2322,0,0.014654171
Warm C,50391,331,330,3835,2322,0,0.0016149147
Warm C,28478,195,194,3835,2322,0,0.017236898
Warm C,892939,5394,5393,3835,2322,0,0.011668339
Warm C,234944,1425,1424,3835,2322,0,0.00970132
Warm C,699659,4186,4185,3835,2322,0,0.011492664
Warm C,992358,5996,5995,3835,2322,0,0.0109628625
Warm C,272885,1647,1646,3835,2322,0,0.005036492
Warm C,328045,1941,1940,3835,2322,0,0.01242669
Warm C,224478,1357,1356,3837,2324,0,0.0042610927
Warm C,272886,1647,1646,3837,2324,0,-0.003742546
Warm C,328048,1941,1940,3837,2324,0,0.010934049
Warm C,307402,1835,1834,3837,2324,0,0.003986421
Warm C,161991,1033,1032,3837,2324,0,-0.008188639
Warm C,159231,1017,1016,3837,2324,1,0.009839351
Warm C,132995,858,857,3837,2324,1,0.008737883
Warm C,125529,808,807,3837,2324,0,-0.002834576
Warm C,92741,621,620,3837,2324,0,-0.0013673878
Warm C,140682,904,903,3837,2324,0,0.0017795449
Warm C,80705,536,535,3837,2324,1,0.0009909337
Warm C,81641,543,542,3837,2324,1,-0.0033726902
Warm C,57696,390,389,3837,2324,0,0.007561481
Warm C,54108,352,351,3837,2324,1,0.0068200026
Warm C,45269,305,304,3837,2324,1,-6.635906e-06
Warm C,41992,284,283,3837,2324,0,0.006044639
Warm C,41281,278,277,3837,2324,1,0.006540518
Warm C,192702,1186,1185,3837,2324,1,-0.0027223479
Warm C,12435,94,93,3837,2324,0,0.0026928368
Warm C,290165,1733,1732,3837,2324,0,-0.003759433
Warm C,299050,1776,1775,3837,2324,0,0.004429966
Warm C,760653,4520,4519,3837,2324,0,0.006663315
Warm C,366153,2131,2130,3837,2324,1,0.00063989405
Warm C,115371,749,748,3837,2324,0,-0.0007759412
Warm C,24579,173,172,3837,2324,0,-8.255616e-05
Warm C,136544,881,880,3837,2324,0,0.0014826804
Warm C,474355,2910,2909,3837,2324,1,-0.0013274481
Warm C,62885,424,423,3837,2324,0,0.004710508
Warm C,311282,1854,1853,3837,2324,0,-0.004081833
Warm C,566218,3476,3475,3840,2325,0,0.006312099
Warm C,494107,3032,3031,3840,2325,0,0.007445609
Warm C,488670,3007,3006,3840,2325,0,0.012755472
Warm C,471350,2900,2899,3840,2325,0,0.008997012
Warm C,790408,4728,4727,3840,2325,0,0.010030062
Warm C,437053,2668,2667,3840,2325,0,0.013138452
Warm C,430729,2625,2624,3840,2325,0,0.0070643835
Warm C,426465,2590,2589,3840,2325,0,0.0051644184
Warm C,409603,2457,2456,3840,2325,0,0.011546056
Warm C,408918,2455,2454,3840,2325,0,0.0059928223
Warm C,397188,2352,2351,3840,2325,0,0.00833474
Warm C,369907,2164,2163,3840,2325,0,0.010431137
Warm C,288259,1722,1721,3840,2325,0,0.0021408254
Warm C,279175,1680,1679,3840,2325,1,0.0050551426
Warm C,276936,1675,1674,3840,2325,1,0.008965974
Warm C,280462,1683,1682,3840,2325,0,0.0058231126
Warm C,247662,1496,1495,3840,2325,1,-0.0044259736
Warm C,224483,1357,1356,3840,2325,0,0.0030441503
Warm C,217489,1318,1317,3840,2325,0,0.0049899495
Warm C,226380,1370,1369,3840,2325,0,-0.0013146126
Warm C,243922,1470,1469,3840,2325,0,0.0037515517
Warm C,192705,1186,1185,3840,2325,1,-0.0025627785
Warm C,328068,1941,1940,3840,2325,0,0.0051332177
Warm C,194023,1195,1194,3840,2325,0,0.005759192
Warm C,307410,1835,1834,3840,2325,0,0.011058431
Warm C,180277,1128,1127,3840,2325,0,-0.0014259177
Warm C,196494,1207,1206,3840,2325,1,0.007510355
Warm C,183986,1146,1145,3840,2325,0,-0.0028082551
Warm C,159240,1017,1016,3840,2325,0,0.0072203623
Warm C,150975,971,970,3840,2325,0,0.00027748477
Warm C,135610,877,876,3840,2325,0,-0.0010946828
Warm C,134242,869,868,3840,2325,0,0.000671135
Warm C,125538,808,807,3840,2325,0,0.006178217
Warm C,107511,709,708,3840,2325,0,0.0040358366
Warm C,105594,698,697,3840,2325,1,0.00835252
Warm C,351797,2063,2062,3840,2325,0,0.0011359835
Warm C,81650,543,542,3840,2325,0,0.0055975593
Warm C,57704,390,389,3840,2325,0,0.004409888
Warm C,41285,278,277,3840,2325,1,0.012670059
Warm C,176917,1117,1116,3840,2325,0,0.0073942067
Warm C,36801,245,244,3840,2325,0,-5.745003e-05
Warm C,14712,117,116,3840,2325,0,0.0031315098
Warm C,290179,1733,1732,3840,2325,0,0.011804494
Warm C,107923,710,709,3840,2325,0,0.0104024
Warm C,432674,2638,2637,3840,2325,0,0.0056711817
Warm C,265069,1611,1610,3840,2325,0,0.0010191472
Warm C,366160,2131,2130,3840,2325,1,0.008156599
Warm C,891526,5387,5386,3840,2325,0,0.00452149
Warm C,322335,1912,1911,3840,2325,0,0.0041968324
Warm C,473584,2909,2908,3840,2325,0,0.0037923737
Warm C,474358,2910,2909,3840,2325,0,0.005182854
Warm C,62900,424,423,3840,2325,0,0.010351181
Warm C,596552,3626,3625,3846,2328,1,0.01128608
Warm C,587894,3589,3588,3846,2328,0,0.013404158
Warm C,585282,3574,3573,3846,2328,0,0.0068254736
Warm C,577151,3526,3525,3846,2328,0,0.010824797
Warm C,576538,3524,3523,3846,2328,1,0.0033642338
Warm C,617065,3735,3734,3846,2328,1,-0.008018787
Warm C,572112,3507,3506,3846,2328,1,0.012382878
Warm C,563994,3470,3469,3846,2328,0,-0.0026297332
Warm C,563410,3467,3466,3846,2328,1,0.014546804
Warm C,552324,3401,3400,3846,2328,0,0.013523221
Warm C,547376,3377,3376,3846,2328,1,0.0052601304
Warm C,550105,3391,3390,3846,2328,1,0.007705638
Warm C,544925,3360,3359,3846,2328,0,0.0075293654
Warm C,532628,3289,3288,3846,2328,0,-0.006038714
Warm C,542199,3336,3335,3846,2328,0,0.004098373
Warm C,575318,3519,3518,3846,2328,0,0.01499937
Warm C,518732,3201,3200,3846,2328,0,0.0077927457
Warm C,515462,3182,3181,3846,2328,1,0.012599651
Warm C,514902,3180,3179,3846,2328,1,0.008469416
Warm C,605775,3681,3680,3846,2328,0,0.010011332
Warm C,540380,3323,3322,3846,2328,1,0.0029009222
Warm C,508609,3129,3128,3846,2328,1,0.00959153
Warm C,503821,3096,3095,3846,2328,0,-0.0025987714
Warm C,923918,5580,5579,3846,2328,1,0.013156908
Warm C,491801,3025,3024,3846,2328,0,0.005813212
Warm C,485029,2986,2985,3846,2328,0,0.008181632
Warm C,480121,2946,2945,3846,2328,1,0.010408945
Warm C,470978,2899,2898,3846,2328,0,0.013597422
Warm C,469953,2895,2894,3846,2328,0,0.007002102
Warm C,461043,2843,2842,3846,2328,1,0.014213456
Warm C,460969,2842,2841,3846,2328,0,0.015505966
Warm C,453713,2793,2792,3846,2328,1,0.015797812
Warm C,452268,2785,2784,3846,2328,0,0.01082777
Warm C,450262,2776,2775,3846,2328,1,0.0036757658
Warm C,435823,2664,2663,3846,2328,1,0.00043151458
Warm C,420465,2541,2540,3846,2328,0,-0.00058258
Warm C,407538,2447,2446,3846,2328,1,0.0029010207
Warm C,404529,2419,2418,3846,2328,1,0.006191777
Warm C,388956,2279,2278,3846,2328,0,-0.0011748692
Warm C,378154,2206,2205,3846,2328,0,0.0048268395
Warm C,436398,2665,2664,3846,2328,0,0.014048395
Warm C,380800,2225,2224,3846,2328,0,0.015875518
Warm C,291381,1737,1736,3846,2328,1,0.008311081
Warm C,280832,1685,1684,3846,2328,1,0.0024749245
Warm C,264363,1608,1607,3846,2328,0,0.002310223
Warm C,260076,1591,1590,3846,2328,1,0.004087608
Warm C,335867,1980,1979,3846,2328,0,0.018971011
Warm C,289327,1727,1726,3846,2328,0,0.0049145576
Warm C,213438,1298,1297,3846,2328,0,-0.000543545
Warm C,308596,1837,1836,3846,2328,1,0.009358859
Warm C,198807,1221,1220,3846,2328,1,0.0060765767
Warm C,192144,1183,1182,3846,2328,0,0.006815518
Warm C,185248,1150,1149,3846,2328,0,0.012251524
Warm C,156839,1010,1009,3846,2328,0,0.008768705
Warm C,160064,1019,1018,3846,2328,1,0.006562261
Warm C,315217,1880,1879,3846,2328,0,0.011727791
Warm C,210913,1285,1284,3846,2328,0,0.017128455
Warm C,112868,732,731,3846,2328,1,0.0051217955
Warm C,240042,1449,1448,3846,2328,0,0.013331158
Warm C,112451,731,730,3846,2328,1,0.0039473083
Warm C,234071,1422,1421,3846,2328,0,0.011368953
Warm C,228244,1383,1382,3846,2328,0,0.01473955
Warm C,83091,549,548,3846,2328,1,0.0082788095
Warm C,75899,516,515,3846,2328,0,-0.00461039
Warm C,54142,352,351,3846,2328,0,0.0040586344
Warm C,88802,587,586,3846,2328,1,0.01263862
Warm C,36812,245,244,3846,2328,0,0.007899772
Warm C,23927,169,168,3846,2328,1,0.016799001
Warm C,238902,1448,1447,3846,2328,0,0.0011558227
Warm C,3744,26,25,3846,2328,0,-0.0038904413
Warm C,15849,123,122,3846,2328,0,0.015274589
Warm C,19685,148,147,3846,2328,1,0.01427174
Warm C,432678,2638,2637,3846,2328,0,0.014457034
Warm C,102222,678,677,3846,2328,0,0.016386637
Warm C,431033,2627,2626,3846,2328,0,0.012180069
Warm C,709745,4258,4257,3846,2328,1,0.008046283
Warm C,62905,424,423,3846,2328,0,0.010703263
Warm C,241186,1451,1450,3846,2328,1,0.009381157
Warm C,475494,2918,2917,3858,2330,1,0.0037059397
Warm C,312876,1865,1864,3858,2330,1,0.009322261
Warm C,105601,698,697,3858,2330,0,0.0047283117
Warm C,537908,3312,3311,3858,2330,0,0.009941144
Warm C,984325,5949,5948,3858,2330,1,0.007752152
Warm C,744869,4448,4447,3858,2330,0,0.017499197
Warm C,460673,2841,2840,3858,2330,0,0.005400744
Warm C,863266,5198,5197,3858,2330,0,0.006519029
Warm C,489209,3012,3011,3858,2330,0,0.0043211095
Warm C,796046,4771,4770,3859,2331,1,0.008821604
Warm C,871594,5265,5264,3859,2331,1,0.0039718435
Warm C,682437,4085,4084,3859,2331,0,0.005357611
Warm C,201540,1242,1241,3859,2331,0,0.0050587505
Warm C,904634,5470,5469,3859,2331,1,0.0032969322
Warm C,20296,149,148,3859,2331,1,0.015458097
Warm C,251868,1524,1523,3859,2331,1,0.013390443
Warm C,683978,4089,4088,3859,2331,1,0.005566643
Warm C,535007,3301,3300,3859,2331,1,0.011489218
Warm C,469960,2895,2894,3859,2331,1,0.015623786
Warm C,161334,1029,1028,3859,2331,1,0.013386976
Warm C,217034,1317,1316,3859,2331,1,0.011834653
Warm C,635651,3832,3831,3859,2331,1,0.005294302
Warm C,622105,3768,3767,3859,2331,1,0.011762035
Warm C,983022,5938,5937,3859,2331,1,0.0055388827
Warm C,501286,3080,3079,3859,2331,1,0.0076549957
Warm C,460675,2841,2840,3859,2331,1,0.013454987
Warm C,384700,2247,2246,3859,2331,1,0.0052043144
Warm C,346632,2031,2030,3859,2331,1,0.010362325
Warm C,475496,2918,2917,3859,2331,0,0.011276966
Warm C,891531,5387,5386,3859,2331,1,0.006226384
Warm C,937210,5654,5653,3859,2331,1,0.0060362313
Warm C,354095,2073,2072,3864,2334,0,0.0083501935
Warm C,247684,1496,1495,3864,2334,0,0.005967737
Warm C,225420,1364,1363,3864,2334,0,0.0037016193
Warm C,226089,1369,1368,3864,2334,1,0.0028829356
Warm C,215525,1306,1305,3864,2334,1,0.0116878245
Warm C,243938,1470,1469,3864,2334,1,0.011751441
Warm C,359723,2103,2102,3864,2334,0,0.0063452576
Warm C,236378,1434,1433,3864,2334,1,0.0053700237
Warm C,277683,1676,1675,3864,2334,0,0.013672564
Warm C,294655,1750,1749,3864,2334,0,0.005862578
Warm C,326554,1935,1934,3864,2334,1,0.009094649
Warm C,172630,1094,1093,3864,2334,0,0.008089193
Warm C,164545,1051,1050,3864,2334,1,0.009724503
Warm C,162593,1037,1036,3864,2334,0,0.0028383248
Warm C,159258,1017,1016,3864,2334,1,0.011476671
Warm C,170513,1086,1085,3864,2334,0,0.010472163
Warm C,246311,1489,1488,3864,2334,0,0.020009605
Warm C,147931,953,952,3864,2334,1,0.006491564
Warm C,142967,922,921,3864,2334,0,0.0021832718
Warm C,138286,889,888,3864,2334,0,0.0076364195
Warm C,436420,2665,2664,3864,2334,0,0.014615663
Warm C,350717,2059,2058,3864,2334,1,0.0053412924
Warm C,384113,2244,2243,3864,2334,0,0.0064214533
Warm C,130521,846,845,3864,2334,1,0.0035289726
Warm C,107177,705,704,3864,2334,1,0.010040394
Warm C,166776,1060,1059,3864,2334,0,0.013089971
Warm C,100843,673,672,3864,2334,0,0.0057969796
Warm C,103409,687,686,3864,2334,0,0.0018024715
Warm C,109293,714,713,3864,2334,0,0.0075258263
Warm C,92548,620,619,3864,2334,1,0.0027050362
Warm C,90325,596,595,3864,2334,0,0.00487577
Warm C,88524,585,584,3864,2334,1,0.011609454
Warm C,86117,563,562,3864,2334,0,0.0055832835
Warm C,72714,489,488,3864,2334,0,0.0022699174
Warm C,70435,475,474,3864,2334,0,0.009185753
Warm C,70164,474,473,3864,2334,0,0.015847381
Warm C,72034,482,481,3864,2334,0,0.009851629
Warm C,67445,453,452,3864,2334,0,0.016840996
Warm C,75908,516,515,3864,2334,0,0.01225059
Warm C,44111,302,301,3864,2334,0,0.013073043
Warm C,35690,242,241,3864,2334,1,0.0073328186
Warm C,96741,649,648,3864,2334,1,0.007861724
Warm C,219163,1329,1328,3864,2334,0,0.014132316
Warm C,29512,202,201,3864,2334,0,0.011952218
Warm C,28613,198,197,3864,2334,0,0.006577855
Warm C,135977,878,877,3864,2334,0,0.011420429
Warm C,11773,92,91,3864,2334,0,0.008757064
Warm C,10116,73,72,3864,2334,1,0.014814873
Warm C,8980,61,60,3864,2334,0,-0.0012769764
Warm C,8198,57,56,3864,2334,0,0.013908505
Warm C,8266,58,57,3864,2334,0,0.012312705
Warm C,5369,37,36,3864,2334,0,0.007143677
Warm C,47107,319,318,3864,2334,0,0.007173601
Warm C,351830,2063,2062,3864,2334,0,0.015776979
Warm C,227608,1380,1379,3864,2334,0,0.014687795
Warm C,152195,979,978,3864,2334,0,0.0026691307
Warm C,743104,4445,4444,3864,2334,1,0.001509735
Warm C,174145,1101,1100,3864,2334,0,0.0051174085
Warm C,42625,293,292,3864,2334,0,0.007675741
Warm C,370992,2168,2167,3864,2334,1,0.008699178
Warm C,484314,2980,2979,3864,2334,0,0.00834785
Warm C,285308,1701,1700,3864,2334,0,0.01646773
Warm C,206860,1266,1265,3864,2334,0,0.013829902
Warm C,622111,3768,3767,3864,2334,0,0.0085265245
Warm C,677999,4063,4062,3864,2334,0,0.0028769905
Warm C,73301,496,495,3864,2334,1,0.0062579457
Warm C,907640,5492,5491,3864,2334,0,0.006522758
Warm C,489214,3012,3011,3864,2334,0,0.0070790784
Warm C,171621,1088,1087,3864,2334,0,0.008797248
Warm C,908051,5493,5492,3864,2334,0,0.007879799
Warm C,559405,3436,3435,3864,2334,1,0.0051440806
Warm C,951072,5747,5746,3864,2334,0,0.00797592
Warm C,512842,3163,3162,3864,2334,0,0.012191871
Warm C,217042,1317,1316,3864,2334,0,0.009123808
Warm C,136584,881,880,3864,2334,0,0.006872891
Warm C,537918,3312,3311,3864,2334,0,0.0055867787
Warm C,105606,698,697,3864,2334,0,0.006014806
Warm C,600794,3652,3651,3864,2334,0,0.012739052
Warm C,811106,4867,4866,3864,2334,1,0.012371165
Warm C,526758,3259,3258,3864,2334,0,0.015151877
Warm C,396184,2342,2341,3864,2334,1,0.00042346446
Warm C,718561,4305,4304,3864,2334,0,0.00862919
Warm C,456961,2814,2813,3864,2334,1,0.0010695672
Warm C,200797,1234,1233,3865,2335,1,0.012333559
Warm C,359724,2103,2102,3865,2335,0,0.00448562
Warm C,226483,1371,1370,3865,2335,0,0.006401268
Warm C,416599,2507,2506,3865,2335,1,0.027693378
Warm C,326555,1935,1934,3865,2335,1,0.014087629
Warm C,185285,1150,1149,3865,2335,1,0.009849049
Warm C,181592,1135,1134,3865,2335,1,0.008460431
Warm C,168436,1069,1068,3865,2335,0,0.013343111
Warm C,363762,2119,2118,3865,2335,0,0.0060939146
Warm C,203084,1246,1245,3865,2335,1,0.0048198793
Warm C,149237,960,959,3865,2335,0,0.00038644532
Warm C,246312,1489,1488,3865,2335,0,0.019183923
Warm C,139704,894,893,3865,2335,1,0.0043936106
Warm C,139608,893,892,3865,2335,0,0.0050986405
Warm C,139180,890,889,3865,2335,1,0.012347054
Warm C,138287,889,888,3865,2335,0,0.008482541
Warm C,137366,886,885,3865,2335,0,0.0003648519
Warm C,135164,875,874,3865,2335,0,0.00040865224
Warm C,384114,2244,2243,3865,2335,0,0.010655402
Warm C,133290,860,859,3865,2335,0,0.006299687
Warm C,128954,838,837,3865,2335,1,0.013813561
Warm C,127151,821,820,3865,2335,0,-0.0043367823
Warm C,125754,809,808,3865,2335,0,0.01689107
Warm C,117042,754,753,3865,2335,0,0.010820826
Warm C,115083,747,746,3865,2335,1,0.013465439
Warm C,110127,718,717,3865,2335,0,-0.0019894382
Warm C,108711,712,711,3865,2335,1,0.008491829
Warm C,107323,706,705,3865,2335,0,0.0037013842
Warm C,100844,673,672,3865,2335,0,0.01055067
Warm C,100165,669,668,3865,2335,0,0.007177971
Warm C,93786,629,628,3865,2335,0,0.0044486364
Warm C,284167,1698,1697,3865,2335,1,0.0131440535
Warm C,119248,770,769,3865,2335,1,0.017752811
Warm C,64238,429,428,3865,2335,1,0.0051971474
Warm C,59849,408,407,3865,2335,1,-0.002154403
Warm C,626774,3792,3791,3865,2335,0,0.015197426
Warm C,48722,327,326,3865,2335,0,0.0028863475
Warm C,44892,303,302,3865,2335,1,0.010693828
Warm C,96742,649,648,3865,2335,1,0.01063511
Warm C,433176,2641,2640,3865,2335,1,0.009289797
Warm C,947554,5722,5721,3865,2335,1,0.005883408
Warm C,314368,1877,1876,3865,2335,0,0.00978878
Warm C,591966,3610,3609,3865,2335,0,0.01089196
Warm C,66038,442,441,3865,2335,0,0.00032504974
Warm C,464154,2860,2859,3865,2335,1,0.010192581
Warm C,287304,1715,1714,3865,2335,1,0.007742654
Warm C,761157,4522,4521,3865,2335,1,0.014596007
Warm C,358241,2097,2096,3865,2335,0,0.00981894
Warm C,333837,1969,1968,3865,2335,1,0.0148777105
Warm C,804301,4816,4815,3865,2335,0,0.01460877
Warm C,214324,1301,1300,3865,2335,1,0.01565609
Warm C,274043,1655,1654,3865,2335,1,0.0134423245
Warm C,206862,1266,1265,3865,2335,0,0.015685923
Warm C,119935,774,773,3865,2335,0,0.009184079
Warm C,16026,127,126,3865,2335,0,0.012353329
Warm C,164547,1051,1050,3865,2335,1,0.018999377
Warm C,681967,4084,4083,3865,2335,0,0.016712196
Warm C,777791,4647,4646,3865,2335,1,0.019239107
Warm C,24092,173,172,3865,2335,0,0.010250645
Warm C,783467,4680,4679,3865,2335,0,0.0047090724
Warm C,388352,2272,2271,3865,2335,0,0.0061091636
Warm C,583430,3562,3561,3865,2335,0,0.01968386
Warm C,154351,996,995,3865,2335,0,0.01983079
Warm C,719517,4310,4309,3865,2335,1,0.005780034
Warm C,317705,1889,1888,3865,2335,0,0.02247259
Warm C,839320,5046,5045,3865,2335,1,0.019517668
Warm C,96612,648,647,3865,2335,0,0.0068762684
Warm C,330721,1952,1951,3865,2335,0,0.007741686
Warm C,93291,624,623,3865,2335,0,0.017119847
Warm C,116201,752,751,3865,2335,1,0.01838635
Warm C,19717,149,148,3865,2335,0,0.016196229
Warm C,469968,2895,2894,3865,2335,0,0.01682117
Warm C,272923,1647,1646,3865,2335,1,0.016608447
Warm C,263317,1605,1604,3865,2335,0,0.020944484
Warm C,784090,4682,4681,3865,2335,1,0.010519291
Warm C,330963,1954,1953,3865,2335,0,0.008021894
Warm C,475502,2918,2917,3865,2335,0,0.0065385653
Warm C,659143,3971,3970,3865,2335,1,0.010112103
Warm C,178636,1121,1120,3865,2335,0,0.018987248
Warm C,413735,2489,2488,3865,2335,1,0.010428784
Warm C,575809,3520,3519,3865,2335,0,0.008635262
Warm C,941403,5682,5681,3865,2335,1,0.024172252
Warm C,848892,5100,5099,3865,2335,0,0.020848382
Warm C,234970,1425,1424,3865,2335,0,0.017185748
Warm C,826091,4960,4959,3865,2335,1,0.002404964
Warm C,863269,5198,5197,3865,2335,0,0.012398502
Warm C,351832,2063,2062,3865,2335,0,0.017046612
Warm C,323172,1916,1915,3872,2339,1,0.012976494
Warm C,330965,1954,1953,3872,2339,1,-0.00229085
Warm C,318942,1896,1895,3872,2339,1,0.0019273567
Warm C,269024,1632,1631,3872,2339,0,0.010315723
Warm C,252942,1533,1532,3872,2339,1,0.013808854
Warm C,236859,1439,1438,3872,2339,1,0.008636592
Warm C,631572,3821,3820,3872,2339,0,0.021955878
Warm C,325393,1926,1925,3872,2339,0,0.0043888455
Warm C,218017,1322,1321,3872,2339,1,0.008646654
Warm C,208777,1274,1273,3872,2339,0,0.00779589
Warm C,198181,1218,1217,3872,2339,1,0.012193758
Warm C,218286,1323,1322,3872,2339,1,0.014731783
Warm C,182786,1140,1139,3872,2339,0,0.008239251
Warm C,177560,1119,1118,3872,2339,1,0.0078890305
Warm C,161190,1028,1027,3872,2339,1,0.005624315
Warm C,338139,1988,1987,3872,2339,1,0.0041664736
Warm C,227849,1382,1381,3872,2339,1,-0.0043051634
Warm C,185298,1150,1149,3872,2339,1,0.008118746
Warm C,964052,5812,5811,3872,2339,1,0.013612737
Warm C,138303,889,888,3872,2339,0,0.006107774
Warm C,98140,656,655,3872,2339,1,0.0075489366
Warm C,316813,1884,1883,3872,2339,1,0.011259045
Warm C,84175,550,549,3872,2339,1,0.020026898
Warm C,67031,451,450,3872,2339,1,0.0085939355
Warm C,46583,312,311,3872,2339,1,-0.001957336
Warm C,45488,307,306,3872,2339,1,0.0053953505
Warm C,481828,2962,2961,3872,2339,1,0.01186687
Warm C,13092,102,101,3872,2339,0,0.010418425
Warm C,591969,3610,3609,3872,2339,0,0.021069862
Warm C,357469,2092,2091,3872,2339,0,0.016787386
Warm C,89265,588,587,3872,2339,1,0.018481497
Warm C,225245,1362,1361,3872,2339,1,0.013574405
Warm C,34518,235,234,3872,2339,1,0.002884178
Warm C,289693,1729,1728,3872,2339,1,0.00018432376
Warm C,158205,1015,1014,3872,2339,1,0.018030185
Warm C,24120,173,172,3872,2339,1,0.017353399
Warm C,329323,1943,1942,3872,2339,0,0.018991373
Warm C,841131,5054,5053,3872,2339,1,0.0034913458
Warm C,276233,1671,1670,3872,2339,0,0.010917399
Warm C,657531,3963,3962,3872,2339,1,0.010879554
Warm C,27452,193,192,3872,2339,0,0.013718514
Warm C,171634,1088,1087,3872,2339,0,0.019514728
Warm C,478074,2934,2933,3877,2341,0,0.014964387
Warm C,870120,5256,5255,3877,2341,0,0.010003447
Warm C,473642,2909,2908,3877,2341,0,0.015526161
Warm C,992381,5996,5995,3877,2341,0,0.005165954
Warm C,463310,2857,2856,3877,2341,0,0.008215435
Warm C,461827,2848,2847,3877,2341,0,0.0051379306
Warm C,450867,2777,2776,3877,2341,0,0.00015360245
Warm C,449909,2774,2773,3877,2341,0,0.0058118836
Warm C,447343,2756,2755,3877,2341,0,0.008484309
Warm C,444415,2742,2741,3877,2341,0,0.010656752
Warm C,442881,2730,2729,3877,2341,0,0.0077345674
Warm C,432307,2635,2634,3877,2341,1,0.002070638
Warm C,430505,2624,2623,3877,2341,1,0.01819164
Warm C,429149,2611,2610,3877,2341,0,0.009549113
Warm C,427800,2599,2598,3877,2341,0,0.008056898
Warm C,424222,2572,2571,3877,2341,0,0.0032796653
Warm C,426487,2590,2589,3877,2341,0,0.012129954
Warm C,421886,2551,2550,3877,2341,0,0.0037096571
Warm C,415510,2503,2502,3877,2341,0,0.009025732
Warm C,411252,2468,2467,3877,2341,1,0.008480467
Warm C,406960,2445,2444,3877,2341,0,9.374984e-05
Warm C,436431,2665,2664,3877,2341,0,0.010669337
Warm C,402319,2402,2401,3877,2341,0,0.0055307643
Warm C,385288,2251,2250,3877,2341,0,0.011450202
Warm C,377258,2203,2202,3877,2341,1,0.017553255
Warm C,373436,2180,2179,3877,2341,0,0.007836594
Warm C,371670,2172,2171,3877,2341,0,0.0064800484
Warm C,369058,2157,2156,3877,2341,0,0.0011405573
Warm C,356393,2088,2087,3877,2341,0,0.012655903
Warm C,341593,2012,2011,3877,2341,0,0.009375272
Warm C,333391,1968,1967,3877,2341,0,0.004042781
Warm C,325398,1926,1925,3877,2341,0,0.0077013015
Warm C,326993,1938,1937,3877,2341,0,0.008464641
Warm C,300724,1781,1780,3877,2341,0,0.004841796
Warm C,296058,1757,1756,3877,2341,0,0.012725847
Warm C,297497,1764,1763,3877,2341,0,0.007281308
Warm C,288890,1726,1725,3877,2341,0,-0.00019447354
Warm C,290924,1736,1735,3877,2341,0,0.0179024
Warm C,299074,1776,1775,3877,2341,1,0.009734614
Warm C,291406,1737,1736,3877,2341,0,-0.0010852765
Warm C,299633,1778,1777,3877,2341,0,0.011481684
Warm C,265779,1613,1612,3877,2341,0,0.016328901
Warm C,346209,2030,2029,3877,2341,0,0.0116626285
Warm C,338864,1996,1995,3877,2341,0,0.0013627232
Warm C,356837,2090,2089,3877,2341,1,0.0027785087
Warm C,227146,1377,1376,3877,2341,0,0.012139725
Warm C,335917,1980,1979,3877,2341,0,0.013572464
Warm C,233066,1418,1417,3877,2341,0,0.012466796
Warm C,221350,1340,1339,3877,2341,0,0.008927165
Warm C,216037,1311,1310,3877,2341,0,0.008482404
Warm C,224164,1356,1355,3877,2341,1,-0.0013585696
Warm C,279263,1680,1679,3877,2341,0,0.012331952
Warm C,304892,1812,1811,3877,2341,1,0.008287255
Warm C,277696,1676,1675,3877,2341,0,0.00024363515
Warm C,269954,1635,1634,3877,2341,0,0.015593429
Warm C,190938,1181,1180,3877,2341,0,0.01422722
Warm C,180303,1128,1127,3877,2341,0,0.007986408
Warm C,179993,1127,1126,3877,2341,0,0.004888106
Warm C,328134,1941,1940,3877,2341,0,0.02454882
Warm C,276647,1673,1672,3877,2341,0,0.0055798995
Warm C,227611,1380,1379,3877,2341,0,0.0032808094
Warm C,275549,1667,1666,3877,2341,0,0.0100813545
Warm C,154864,999,998,3877,2341,0,0.0070982985
Warm C,217055,1317,1316,3877,2341,0,0.013795501
Warm C,276966,1675,1674,3877,2341,0,0.007653584
Warm C,134279,869,868,3877,2341,0,-0.002934807
Warm C,202496,1244,1243,3877,2341,0,0.007863234
Warm C,315256,1880,1879,3877,2341,0,0.019144218
Warm C,263333,1605,1604,3877,2341,0,0.006511624
Warm C,121948,786,785,3877,2341,1,0.007557471
Warm C,122184,788,787,3877,2341,0,0.008289487
Warm C,475782,2919,2918,3877,2341,0,0.015486296
Warm C,114446,744,743,3877,2341,0,0.0074145496
Warm C,112477,731,730,3877,2341,1,0.012601575
Warm C,178126,1120,1119,3877,2341,0,3.1798147e-05
Warm C,116213,752,751,3877,2341,0,0.020370355
Warm C,113319,735,734,3877,2341,0,0.012825018
Warm C,93616,627,626,3877,2341,0,0.0007939923
Warm C,150595,970,969,3877,2341,0,0.0042299684
Warm C,86121,563,562,3877,2341,0,0.010385634
Warm C,85262,556,555,3877,2341,0,0.0028860553
Warm C,68723,461,460,3877,2341,0,0.008377854
Warm C,65357,438,437,3877,2341,0,0.0048761726
Warm C,53365,352,351,3877,2341,0,0.012817821
Warm C,63895,426,425,3877,2341,0,0.013525633
Warm C,38466,262,261,3877,2341,0,-0.0022589841
Warm C,40176,272,271,3877,2341,0,0.012166204
Warm C,98826,660,659,3877,2341,0,0.008132956
Warm C,408684,2454,2453,3877,2341,0,0.0060883258
Warm C,27680,194,193,3877,2341,1,0.011671029
Warm C,28638,198,197,3877,2341,0,0.011929026
Warm C,14281,117,116,3877,2341,0,0.01913718
Warm C,12213,93,92,3877,2341,0,0.014598032
Warm C,11140,83,82,3877,2341,0,0.0068629207
Warm C,7416,53,52,3877,2341,0,0.002475032
Warm C,6558,48,47,3877,2341,0,0.015139742
Warm C,1973,18,17,3877,2341,0,0.0043256795
Warm C,2876,23,22,3877,2341,0,0.011855215
Warm C,79400,531,530,3877,2341,0,0.0024781916
Warm C,19123,148,147,3877,2341,0,0.008467141
Warm C,530266,3274,3273,3877,2341,0,0.0043902863
Warm C,27794,195,194,3877,2341,0,0.008289673
Warm C,432702,2638,2637,3877,2341,0,0.016489735
Warm C,237920,1447,1446,3877,2341,0,0.012464866
Warm C,572836,3509,3508,3877,2341,0,0.011335125
Warm C,102261,678,677,3877,2341,1,0.01017166
Warm C,917279,5543,5542,3877,2341,0,0.008074256
Warm C,964056,5812,5811,3877,2341,0,0.008830126
Warm C,599259,3648,3647,3877,2341,0,0.003754693
Warm C,52004,343,342,3877,2341,0,0.012844778
Warm C,241213,1451,1450,3877,2341,0,0.017725062
Warm C,892969,5394,5393,3877,2341,0,0.01597358
Warm C,699684,4186,4185,3877,2341,0,0.01541639
Warm C,831932,5001,5000,3877,2341,0,0.010282259
Warm C,661979,3992,3991,3877,2341,0,0.012349415
Warm C,214330,1301,1300,3877,2341,1,0.007034449
Warm C,575341,3519,3518,3877,2341,0,0.010781651
Warm C,713075,4277,4276,3877,2341,0,0.015408132
Warm C,272934,1647,1646,3877,2341,0,0.009214295
Warm C,311288,1854,1853,3877,2341,0,0.0016852454
Warm C,193655,1194,1193,3877,2341,0,0.005715495
Warm C,272197,1645,1644,3877,2341,0,0.012919409
Warm C,216305,1313,1312,3879,2342,0,0.002485154
Warm C,296805,1759,1758,3879,2342,1,0.008514639
Warm C,190944,1181,1180,3879,2342,0,0.009985208
Warm C,172636,1094,1093,3879,2342,0,-0.0018968461
Warm C,168443,1069,1068,3879,2342,1,-0.0012439655
Warm C,165776,1057,1056,3879,2342,0,-0.0015240172
Warm C,301087,1789,1788,3879,2342,0,0.0034880806
Warm C,157416,1011,1010,3879,2342,0,0.0048362007
Warm C,149598,963,962,3879,2342,0,0.012535963
Warm C,246316,1489,1488,3879,2342,0,0.0070616715
Warm C,144920,934,933,3879,2342,0,0.00044791226
Warm C,141189,910,909,3879,2342,1,0.0007322179
Warm C,138314,889,888,3879,2342,0,0.009703937
Warm C,134281,869,868,3879,2342,0,0.0027610138
Warm C,384122,2244,2243,3879,2342,0,0.005222329
Warm C,125861,810,809,3879,2342,0,-0.0021616386
Warm C,107327,706,705,3879,2342,0,0.0027525285
Warm C,107084,704,703,3879,2342,0,0.010215251
Warm C,166777,1060,1059,3879,2342,1,0.008419893
Warm C,93793,629,628,3879,2342,0,0.014763859
Warm C,87673,575,574,3879,2342,1,0.0047903038
Warm C,81355,542,541,3879,2342,1,0.002682901
Warm C,66548,445,444,3879,2342,0,-0.0009917504
Warm C,39434,268,267,3879,2342,0,0.006780836
Warm C,33280,225,224,3879,2342,0,-0.002948301
Warm C,23318,167,166,3879,2342,0,0.004397819
Warm C,591975,3610,3609,3879,2342,0,-0.0012894144
Warm C,688068,4116,4115,3879,2342,0,-0.0007657676
Warm C,1745,17,16,3879,2342,1,0.0041603474
Warm C,223544,1354,1353,3879,2342,0,0.0036750077
Warm C,713079,4277,4276,3879,2342,1,0.0039522164
Warm C,171645,1088,1087,3879,2342,0,0.00018951017
Warm C,554488,3411,3410,3879,2342,0,0.0118503785
Warm C,481831,2962,2961,3879,2342,0,0.002901
Warm C,351854,2063,2062,3879,2342,0,0.01131787
Warm C,17079,134,133,3879,2342,0,0.003886134
Warm C,45298,306,305,3879,2342,1,0.0046814666
Warm C,584997,3571,3570,3879,2342,1,0.009024145
Warm C,363036,2116,2115,3879,2342,0,0.007311615
Warm C,154353,996,995,3879,2342,0,-0.0052060373
Warm C,469977,2895,2894,3879,2342,0,0.009347489
Warm C,150596,970,969,3879,2342,0,0.01360522
Warm C,753284,4489,4488,3879,2342,1,0.014469534
Warm C,42646,293,292,3879,2342,0,0.0029224455
Warm C,182009,1137,1136,3879,2342,0,0.008832259
Warm C,784098,4682,4681,3879,2342,0,0.0066848337
Warm C,608627,3691,3690,3879,2342,0,0.011266631
Warm C,806734,4829,4828,3879,2342,0,-0.0011401549
Warm C,310684,1851,1850,3879,2342,0,0.0049756095
Warm C,54296,355,354,3879,2342,1,0.0117235035
Warm C,897599,5428,5427,3879,2342,1,0.0060164803
Warm C,607128,3685,3684,3879,2342,0,0.011118921
Warm C,622126,3768,3767,3879,2342,0,-0.0035298038
Warm C,350973,2060,2059,3879,2342,0,0.01565399
Warm C,567476,3483,3482,3879,2342,0,0.0122577995
Warm C,30325,204,203,3879,2342,0,0.012993218
Warm C,744891,4448,4447,3879,2342,1,0.015663473
Warm C,572837,3509,3508,3879,2342,0,0.0076479497
Warm C,682455,4085,4084,3879,2342,0,0.012149597
Warm C,437239,2669,2668,3879,2342,0,0.003123111
Warm C,564422,3471,3470,3879,2342,0,0.010471323
Warm C,317717,1889,1888,3879,2342,0,-0.001048418
Warm C,302138,1794,1793,3879,2342,0,-0.0003412685
Warm C,685033,4094,4093,3879,2342,1,0.006516082
Warm C,33803,228,227,3879,2342,0,0.0075066076
Warm C,116216,752,751,3879,2342,0,0.017622085
Warm C,99847,667,666,3879,2342,0,-0.0019674976
Warm C,11513,90,89,3879,2342,0,4.109321e-05
Warm C,230522,1395,1394,3879,2342,0,0.017795842
Warm C,502583,3085,3084,3879,2342,0,0.006226491
Warm C,863890,5205,5204,3879,2342,0,0.0064601284
Warm C,947879,5723,5722,3879,2342,0,0.006772959
Warm C,673261,4042,4041,3879,2342,0,0.0153405145
Warm C,719518,4310,4309,3879,2342,1,0.012104053
Warm C,473645,2909,2908,3879,2342,1,0.008827805
Warm C,503130,3089,3088,3879,2342,1,-0.003950938
Warm C,26626,188,187,3879,2342,0,0.012543989
Warm C,496486,3051,3050,3879,2342,0,0.011121269
Warm C,215534,1306,1305,3879,2342,0,0.0059956876
Warm C,312886,1865,1864,3879,2342,1,0.007536322
Warm C,537931,3312,3311,3879,2342,0,0.0041595628
Warm C,174155,1101,1100,3879,2342,0,0.016027834
Warm C,941409,5682,5681,3879,2342,0,0.012792563
Warm C,561584,3454,3453,3879,2342,0,0.0007653844
Warm C,195464,1203,1202,3889,2344,0,0.023020541
Warm C,190967,1181,1180,3889,2344,0,0.020294888
Warm C,304906,1812,1811,3889,2344,1,0.017455745
Warm C,181598,1135,1134,3889,2344,1,0.0047191917
Warm C,308643,1837,1836,3889,2344,0,0.021425411
Warm C,174165,1101,1100,3889,2344,0,0.019147782
Warm C,328163,1941,1940,3889,2344,0,0.011226797
Warm C,165228,1053,1052,3889,2344,0,0.01307815
Warm C,162010,1033,1032,3889,2344,0,0.018611997
Warm C,275554,1667,1666,3889,2344,0,0.021964928
Warm C,246328,1489,1488,3889,2344,0,0.015034348
Warm C,146962,948,947,3889,2344,0,0.0050009354
Warm C,138332,889,888,3889,2344,0,0.019400807
Warm C,134303,869,868,3889,2344,0,0.015033142
Warm C,384130,2244,2243,3889,2344,0,0.019583195
Warm C,176400,1115,1114,3889,2344,0,0.00927474
Warm C,745666,4449,4448,3889,2344,0,0.00077464443
Warm C,126027,812,811,3889,2344,0,0.0045457035
Warm C,123427,796,795,3889,2344,0,0.018796148
Warm C,121153,780,779,3889,2344,1,0.013337907
Warm C,115085,747,746,3889,2344,1,0.0065851975
Warm C,114458,744,743,3889,2344,0,0.016019348
Warm C,166779,1060,1059,3889,2344,1,0.0047814324
Warm C,102284,678,677,3889,2344,0,0.010868931
Warm C,93804,629,628,3889,2344,0,0.01718731
Warm C,92552,620,619,3889,2344,0,0.009133526
Warm C,87081,569,568,3889,2344,0,0.006680295
Warm C,87271,570,569,3889,2344,1,0.010281654
Warm C,85909,561,560,3889,2344,1,-0.00037166674
Warm C,86132,563,562,3889,2344,0,0.020500945
Warm C,75362,512,511,3889,2344,0,-0.00055356114
Warm C,74853,509,508,3889,2344,0,0.019444415
Warm C,74410,508,507,3889,2344,0,0.0065272357
Warm C,72720,489,488,3889,2344,0,0.002872288
Warm C,67786,454,453,3889,2344,0,0.01295742
Warm C,113872,738,737,3889,2344,0,0.0061234864
Warm C,66554,445,444,3889,2344,0,0.006789567
Warm C,64954,436,435,3889,2344,0,0.00471522
Warm C,59031,402,401,3889,2344,0,0.017490499
Warm C,50815,335,334,3889,2344,0,0.01018537
Warm C,891211,5386,5385,3889,2344,0,0.0035685091
Warm C,41620,284,283,3889,2344,0,0.012530718
Warm C,38469,262,261,3889,2344,0,0.0077324742
Warm C,537947,3312,3311,3889,2344,0,0.014320014
Warm C,36166,245,244,3889,2344,0,0.010962897
Warm C,537172,3311,3310,3889,2344,0,0.008832587
Warm C,22294,163,162,3889,2344,0,0.020147152
Warm C,19145,148,147,3889,2344,0,0.008518771
Warm C,12226,93,92,3889,2344,0,0.0024256161
Warm C,10078,72,71,3889,2344,0,0.0077245105
Warm C,8984,61,60,3889,2344,0,0.00904763
Warm C,2006,18,17,3889,2344,0,0.00015520747
Warm C,530274,3274,3273,3889,2344,0,0.018301915
Warm C,2319,19,18,3889,2344,0,0.007815544
Warm C,288446,1723,1722,3889,2344,1,0.007060449
Warm C,407784,2451,2450,3889,2344,0,0.0073222863
Warm C,10142,73,72,3889,2344,1,0.018430866
Warm C,572846,3509,3508,3889,2344,1,0.012201691
Warm C,206887,1266,1265,3889,2344,0,0.019958025
Warm C,895420,5412,5411,3889,2344,0,0.015892563
Warm C,467344,2880,2879,3889,2344,0,0.012345528
Warm C,618960,3751,3750,3889,2344,0,0.012476987
Warm C,32455,218,217,3889,2344,0,0.02281318
Warm C,233649,1421,1420,3889,2344,0,0.018889496
Warm C,27830,195,194,3889,2344,0,0.015377819
Warm C,255912,1560,1559,3889,2344,1,0.0044434173
Warm C,947886,5723,5722,3889,2344,0,0.0059799883
Warm C,833395,5011,5010,3889,2344,1,0.010845928
Warm C,310698,1851,1850,3889,2344,0,0.002246402
Warm C,230529,1395,1394,3889,2344,1,0.008763851
Warm C,383241,2239,2238,3889,2344,0,0.007161734
Warm C,351880,2063,2062,3889,2344,0,0.026053578
Warm C,484611,2985,2984,3889,2344,1,0.012066366
Warm C,656097,3953,3952,3889,2344,0,0.015645307
Warm C,933480,5636,5635,3889,2344,0,0.021598563
Warm C,744911,4448,4447,3895,2346,0,0.005602197
Warm C,299088,1776,1775,3895,2346,1,0.007835838
Warm C,265111,1611,1610,3895,2346,0,0.011550336
Warm C,179603,1125,1124,3895,2346,0,0.0011457922
Warm C,682480,4085,4084,3895,2346,0,0.002246123
Warm C,11827,92,91,3895,2346,0,0.0059994766
Warm C,476169,2925,2924,3895,2346,0,0.009375183
Warm C,206895,1266,1265,3895,2346,0,0.00297884
Warm C,182025,1137,1136,3895,2346,0,0.007963499
Warm C,519220,3203,3202,3895,2346,0,-0.0051471824
Warm C,16049,127,126,3895,2346,0,0.0008942705
Warm C,164585,1051,1050,3895,2346,0,0.0043928064
Warm C,437242,2669,2668,3895,2346,0,0.004114131
Warm C,564438,3471,3470,3895,2346,0,0.006832828
Warm C,272216,1645,1644,3895,2346,1,0.008505929
Warm C,19778,149,148,3895,2346,0,0.010061467
Warm C,258447,1584,1583,3895,2346,0,0.0030483655
Warm C,599281,3648,3647,3895,2346,0,0.007517482
Warm C,532163,3285,3284,3895,2346,0,0.0011744614
Warm C,287422,1716,1715,3895,2346,0,0.005975833
Warm C,407786,2451,2450,3895,2346,1,0.0055614235
Warm C,302149,1794,1793,3895,2346,0,-0.0034948734
Warm C,309621,1842,1841,3895,2346,0,0.009596844
Warm C,713104,4277,4276,3895,2346,0,0.0037373756
Warm C,79426,531,530,3895,2346,0,0.014128293
Warm C,499451,3067,3066,3895,2346,0,0.0051383637
Warm C,349298,2050,2049,3895,2346,0,0.006723825
Warm C,696352,4169,4168,3895,2346,1,0.011309867
Warm C,473670,2909,2908,3895,2346,1,-0.0024954048
Warm C,495345,3041,3040,3895,2346,0,0.0010881575
Warm C,312891,1865,1864,3895,2346,0,0.006119648
Warm C,62989,424,423,3895,2346,0,0.0068879374
Warm C,171671,1088,1087,3895,2346,0,0.008691546
Warm C,906610,5484,5483,3895,2346,1,0.007183384
Warm C,296487,1758,1757,3896,2347,1,0.019625407
Warm C,213906,1299,1298,3896,2347,0,-0.0033919774
Warm C,201154,1241,1240,3896,2347,0,0.0044972952
Warm C,243986,1470,1469,3896,2347,0,0.017032959
Warm C,200524,1231,1230,3896,2347,1,-0.0058518364
Warm C,199779,1226,1225,3896,2347,1,0.0006170494
Warm C,197746,1215,1214,3896,2347,1,0.009174838
Warm C,197001,1209,1208,3896,2347,1,0.007649038
Warm C,195474,1203,1202,3896,2347,0,0.009760219
Warm C,186535,1154,1153,3896,2347,1,0.0006747957
Warm C,326558,1935,1934,3896,2347,0,0.0035626588
Warm C,185329,1150,1149,3896,2347,1,0.017618585
Warm C,181602,1135,1134,3896,2347,0,0.011926931
Warm C,181116,1132,1131,3896,2347,1,0.0048682336
Warm C,176040,1113,1112,3896,2347,1,0.008855041
Warm C,174171,1101,1100,3896,2347,1,0.011236966
Warm C,168455,1069,1068,3896,2347,0,-0.001067181
Warm C,246332,1489,1488,3896,2347,0,0.009874147
Warm C,147940,953,952,3896,2347,1,0.006681527
Warm C,146111,939,938,3896,2347,1,0.013675962
Warm C,138340,889,888,3896,2347,0,0.0031775914
Warm C,134309,869,868,3896,2347,1,0.012632979
Warm C,330733,1952,1951,3896,2347,0,0.0020899465
Warm C,127155,821,820,3896,2347,0,0.002604631
Warm C,122032,787,786,3896,2347,1,0.008654218
Warm C,202510,1244,1243,3896,2347,1,0.007022737
Warm C,118810,768,767,3896,2347,1,-0.00037379912
Warm C,223560,1354,1353,3896,2347,0,0.003821109
Warm C,116242,752,751,3896,2347,1,0.009217075
Warm C,114637,745,744,3896,2347,0,0.006208242
Warm C,778883,4653,4652,3896,2347,0,0.007947022
Warm C,107088,704,703,3896,2347,0,0.00849927
Warm C,100178,669,668,3896,2347,0,0.0071098274
Warm C,100562,671,670,3896,2347,1,0.013527629
Warm C,93811,629,628,3896,2347,0,0.0046470896
Warm C,91632,608,607,3896,2347,1,0.002987189
Warm C,77559,524,523,3896,2347,0,0.012515085
Warm C,72070,482,481,3896,2347,1,0.009634162
Warm C,66558,445,444,3896,2347,1,-0.004619322
Warm C,64250,429,428,3896,2347,0,0.00831902
Warm C,371009,2168,2167,3896,2347,1,0.0066793
Warm C,57071,386,385,3896,2347,0,0.012720821
Warm C,55472,368,367,3896,2347,1,0.008205053
Warm C,40660,273,272,3896,2347,1,0.0093706325
Warm C,481841,2962,2961,3896,2347,1,0.0011597774
Warm C,33308,225,224,3896,2347,0,0.012199055
Warm C,32722,222,221,3896,2347,0,0.010423122
Warm C,31460,214,213,3896,2347,0,0.010536964
Warm C,175015,1109,1108,3896,2347,1,-0.00011145929
Warm C,13732,110,109,3896,2347,0,-0.00379489
Warm C,469989,2895,2894,3896,2347,0,0.0071410956
Warm C,171673,1088,1087,3896,2347,1,0.0041295895
Warm C,351890,2063,2062,3896,2347,1,0.014935346
Warm C,149383,962,961,3896,2347,0,0.0029409316
Warm C,255532,1556,1555,3896,2347,0,0.0073000947
Warm C,182027,1137,1136,3896,2347,0,-0.005041395
Warm C,713105,4277,4276,3896,2347,1,0.010002977
Warm C,287306,1715,1714,3896,2347,0,0.0062795705
Warm C,49792,330,329,3896,2347,0,0.005882936
Warm C,407283,2446,2445,3896,2347,1,0.01284362
Warm C,19779,149,148,3896,2347,1,0.011920005
Warm C,286732,1712,1711,3896,2347,0,0.01339412
Warm C,696353,4169,4168,3896,2347,0,0.015512134
Warm C,119279,770,769,3896,2347,0,0.012318615
Warm C,631595,3821,3820,3896,2347,0,0.011460963
Warm C,753296,4489,4488,3896,2347,1,0.013973146
Warm C,843946,5074,5073,3896,2347,0,0.008547481
Warm C,204591,1260,1259,3896,2347,0,0.009417093
Warm C,289695,1729,1728,3896,2347,0,-0.0009914269
Warm C,733470,4386,4385,3896,2347,1,0.0070677046
Warm C,354938,2077,2076,3896,2347,1,0.0078211175
Warm C,498785,3065,3064,3896,2347,1,0.0015059286
Warm C,531044,3280,3279,3896,2347,0,0.0061143087
Warm C,12810,99,98,3896,2347,1,0.006246811
Warm C,607137,3685,3684,3896,2347,1,-0.0015828835
Warm C,635660,3832,3831,3896,2347,0,0.00045597553
Warm C,895680,5413,5412,3896,2347,1,-0.0013737055
Warm C,265112,1611,1610,3896,2347,1,0.012518374
Warm C,876998,5300,5299,3896,2347,0,-0.0027028802
Warm C,750433,4478,4477,3896,2347,0,0.011998424
Warm C,828723,4979,4978,3896,2347,1,0.014307555
Warm C,254381,1546,1545,3896,2347,1,0.016816689
Warm C,240120,1449,1448,3896,2347,0,0.014430242
Warm C,682481,4085,4084,3896,2347,1,0.012590275
Warm C,567489,3483,3482,3896,2347,1,0.0053180554
Warm C,622148,3768,3767,3896,2347,0,0.011009649
Warm C,882989,5333,5332,3896,2347,0,0.0022279967
Warm C,649814,3916,3915,3896,2347,0,0.009162721
Warm C,20591,151,150,3896,2347,1,0.010383759
Warm C,107992,710,709,3896,2347,1,0.0061290804
Warm C,104343,692,691,3896,2347,1,0.0007831557
Warm C,535024,3301,3300,3896,2347,0,0.0107466765
Warm C,2623,22,21,3896,2347,0,0.0086110355
Warm C,230533,1395,1394,3896,2347,0,0.008584019
Warm C,223066,1352,1351,3896,2347,0,0.011630066
Warm C,920105,5557,5556,3896,2347,1,0.00023310678
Warm C,308650,1837,1836,3896,2347,0,0.00978031
Warm C,11520,90,89,3896,2347,1,0.0017149298
Warm C,893886,5397,5396,3896,2347,0,0.004457337
Warm C,784114,4682,4681,3896,2347,0,0.0034363682
Warm C,947887,5723,5722,3896,2347,1,0.0081694415
Warm C,344843,2023,2022,3896,2347,1,0.0034666308
Warm C,176970,1117,1116,3896,2347,0,0.0024093743
Warm C,720086,4312,4311,3896,2347,1,0.010370057
Warm C,768734,4579,4578,3896,2347,0,0.008183384
Warm C,550188,3391,3390,3896,2347,1,0.006526315
Warm C,156900,1010,1009,3896,2347,0,0.0056929262
Warm C,473671,2909,2908,3896,2347,1,0.0035138275
Warm C,333867,1969,1968,3896,2347,1,0.0024535996
Warm C,251876,1524,1523,3896,2347,0,0.0011983919
Warm C,688371,4117,4116,3896,2347,1,0.001240513
Warm C,886905,5359,5358,3896,2347,1,0.012934442
Warm C,324967,1925,1924,3896,2347,1,0.009266092
Warm C,941416,5682,5681,3896,2347,1,-0.001183203
Warm C,93310,624,623,3896,2347,0,0.01202932
Warm C,346637,2031,2030,3896,2347,0,0.008891445
Warm C,382019,2232,2231,3896,2347,1,0.006823117
Warm C,974341,5878,5877,3896,2347,0,0.012387801
Warm C,984598,5950,5949,3896,2347,0,0.010680163
Warm C,32532,218,217,3901,2349,0,0.008183003
Warm C,171059,1087,1086,3901,2349,0,0.007224461
Warm C,254545,1546,1545,3901,2349,0,0.016881648
Warm C,532469,3285,3284,3901,2349,0,0.0140768625
Warm C,364412,2122,2121,3901,2349,0,0.0044446564
Warm C,217431,1317,1316,3901,2349,1,0.010691955
Warm C,78744,528,527,3901,2349,0,0.015302771
Warm C,301116,1789,1788,3901,2349,0,0.008727762
Warm C,116693,752,751,3901,2349,1,0.012318116
Warm C,588698,3590,3589,3901,2349,0,0.018027997
Warm C,286960,1712,1711,3901,2349,0,0.019559288
Warm C,595037,3620,3619,3901,2349,0,0.022550832
Warm C,309846,1842,1841,3901,2349,0,0.00068489334
Warm C,79823,531,530,3901,2349,0,0.012958845
Warm C,366330,2131,2130,3901,2349,1,0.004022314
Warm C,975201,5880,5879,3901,2349,0,0.008195561
Warm C,232886,1415,1414,3901,2349,1,0.01250957
Warm C,472985,2907,2906,3901,2349,1,0.012101504
Warm C,353576,2071,2070,3901,2349,0,0.015367972
Warm C,145976,937,936,3901,2349,0,0.012297926
Warm C,400053,2380,2379,3901,2349,1,0.021955252
Warm C,322808,1912,1911,3901,2349,0,0.011486783
Warm C,583757,3562,3561,3901,2349,0,0.0051796623
Warm C,684339,4089,4088,3901,2349,0,0.019944524
Warm C,560073,3441,3440,3901,2349,1,0.014018448
Warm C,306293,1824,1823,3901,2349,1,0.0055055134
Warm C,20953,151,150,3901,2349,0,0.0069857347
Warm C,328879,1941,1940,3901,2349,0,0.017320855
Warm C,262018,1599,1598,3901,2349,1,1.5771366e-05
Warm C,463936,2859,2858,3901,2349,1,0.014648803
Warm C,61458,412,411,3901,2349,1,0.0027032827
Warm C,627173,3792,3791,3901,2349,0,0.010270309
Warm C,94433,633,632,3901,2349,0,0.006306095
Warm C,258032,1579,1578,3901,2349,0,0.013559315
Warm C,285576,1701,1700,3901,2349,1,0.010972199
Warm C,29498,201,200,3901,2349,1,0.0025782997
Warm C,562848,3462,3461,3901,2349,0,0.013100253
Warm C,313055,1865,1864,3901,2349,0,0.003815693
Warm C,964275,5812,5811,3901,2349,0,0.01838906
Warm C,557393,3423,3422,3901,2349,1,0.0068756705
Warm C,699818,4186,4185,3901,2349,0,0.019466095
Warm C,571530,3504,3503,3901,2349,0,0.012560841
Warm C,352480,2063,2062,3901,2349,0,0.019374374
Warm C,172199,1088,1087,3901,2349,0,0.011032183
Warm C,273374,1647,1646,3901,2349,1,0.028715894
Warm C,83646,549,548,3901,2349,0,0.016539827
Warm C,48048,321,320,3908,2350,0,-0.0007034051
Warm C,111128,721,720,3908,2350,0,0.026579125
Warm C,41987,284,283,3908,2350,0,0.010315204
Warm C,947651,5722,5721,3908,2350,0,0.017195828
Warm C,21051,153,152,3908,2350,1,0.0043328484
Warm C,14153,115,114,3908,2350,0,0.008279605
Warm C,9012,61,60,3908,2350,0,-0.0011094799
Warm C,238398,1447,1446,3908,2350,0,0.02611081
Warm C,352485,2063,2062,3908,2350,0,0.027413527
Warm C,207225,1266,1265,3908,2350,0,0.021708373
Warm C,182288,1137,1136,3908,2350,0,0.01522974
Warm C,108402,710,709,3908,2350,0,0.022996668
Warm C,164960,1051,1050,3908,2350,0,0.020691156
Warm C,437295,2669,2668,3908,2350,0,0.0026175838
Warm C,927743,5605,5604,3908,2350,0,0.009240367
Warm C,309849,1842,1841,3908,2350,0,0.02007524
Warm C,328884,1941,1940,3908,2350,0,0.024698514
Warm C,177309,1117,1116,3908,2350,0,0.010039688
Warm C,730597,4371,4370,3908,2350,0,0.014237437
Warm C,115613,749,748,3908,2350,0,0.011250474
Warm C,474235,2909,2908,3908,2350,1,0.008574067
Warm C,718737,4305,4304,3908,2350,1,0.01924648
Warm C,116956,753,752,3908,2350,1,0.0045667845
Warm C,290637,1733,1732,3908,2350,0,0.015171709
Warm C,628911,3807,3806,3908,2350,0,0.024547633
Warm C,474434,2910,2909,3908,2350,1,0.009105311
Warm C,538264,3312,3311,3908,2350,0,0.019387348
Warm C,235356,1425,1424,3908,2350,0,0.016223747
Warm C,336779,1982,1981,3908,2350,0,-8.856109e-05
Warm C,322811,1912,1911,3908,2350,0,0.022377217
Warm C,575957,3520,3519,3908,2350,0,0.012130726
Warm C,172202,1088,1087,3908,2350,0,0.018992415
Warm C,456647,2810,2809,3909,2351,0,0.0077679716
Warm C,627177,3792,3791,3909,2351,0,0.01031968
Warm C,313058,1865,1864,3909,2351,0,0.004595802
Warm C,561745,3454,3453,3909,2351,0,0.011604082
Warm C,490453,3017,3016,3909,2351,0,0.0061120987
Warm C,235357,1425,1424,3909,2351,1,0.010011122
Warm C,583761,3562,3561,3909,2351,1,0.010035509
Warm C,116702,752,751,3909,2351,0,0.01232967
Warm C,215764,1306,1305,3909,2351,0,0.012512191
Warm C,319671,1897,1896,3914,2353,0,0.01206064
Warm C,841328,5054,5053,3914,2353,1,0.005088049
Warm C,116959,753,752,3914,2353,1,0.0154804215
Warm C,863984,5205,5204,3914,2353,1,0.018247575
Warm C,538280,3312,3311,3914,2353,0,0.009999224
Warm C,907011,5488,5487,3914,2353,1,0.005852861
Warm C,235370,1425,1424,3914,2353,0,0.010322781
Warm C,571540,3504,3503,3914,2353,1,-0.0014834601
Warm C,27657,193,192,3914,2353,1,0.009979371
Warm C,328912,1941,1940,3914,2353,1,0.0063503673
Warm C,130142,842,841,3915,2354,1,0.0050648265
Warm C,127961,826,825,3915,2354,0,-0.00473327
Warm C,610730,3704,3703,3915,2354,1,0.01111147
Warm C,127164,821,820,3915,2354,0,0.007557328
Warm C,153583,986,985,3915,2354,1,0.0035606585
Warm C,810144,4858,4857,3915,2354,1,0.0030103114
Warm C,114647,745,744,3915,2354,0,0.0064709694
Warm C,778980,4653,4652,3915,2354,0,0.016637657
Warm C,104723,693,692,3915,2354,1,0.010079019
Warm C,101064,673,672,3915,2354,0,0.008746129
Warm C,100493,670,669,3915,2354,0,0.010615938
Warm C,89674,590,589,3915,2354,1,0.013051013
Warm C,76484,518,517,3915,2354,0,0.012706851
Warm C,57705,390,389,3915,2354,0,0.013348512
Warm C,57038,385,384,3915,2354,0,0.00045428844
Warm C,50935,335,334,3915,2354,0,-0.0019438586
Warm C,313063,1865,1864,3915,2354,1,0.013719594
Warm C,33720,225,224,3915,2354,0,0.01336716
Warm C,314451,1877,1876,3915,2354,0,0.015942061
Warm C,565074,3473,3472,3915,2354,1,0.015748013
Warm C,447598,2757,2756,3915,2354,0,0.013675947
Warm C,129802,839,838,3915,2354,1,0.019570567
Warm C,485413,2986,2985,3915,2354,0,0.020577736
Warm C,42917,293,292,3915,2354,0,0.009742752
Warm C,508377,3128,3127,3915,2354,1,0.009271247
Warm C,883196,5333,5332,3915,2354,1,0.005252017
Warm C,567804,3483,3482,3915,2354,1,0.034780078
Warm C,241575,1451,1450,3915,2354,1,0.0147184925
Warm C,290653,1733,1732,3915,2354,0,0.016284212
Warm C,713492,4277,4276,3915,2354,1,0.022711556
Warm C,361217,2106,2105,3915,2354,0,0.009054609
Warm C,500555,3074,3073,3915,2354,1,0.016132588
Warm C,583772,3562,3561,3915,2354,1,0.016959392
Warm C,28511,195,194,3915,2354,1,0.01853685
Warm C,685173,4094,4093,3915,2354,0,0.020576548
Warm C,195849,1203,1202,3915,2354,1,0.01334098
Warm C,684357,4089,4088,3915,2354,0,0.014704447
Warm C,665360,4005,4004,3915,2354,1,0.010336245
Warm C,405392,2427,2426,3915,2354,1,0.0041015493
Warm C,575006,3518,3517,3915,2354,1,0.020802435
Warm C,575669,3519,3518,3915,2354,1,0.021848917
Warm C,172229,1088,1087,3915,2354,1,0.01518998
Warm C,523105,3224,3223,3915,2354,1,0.012833049
Warm C,358325,2097,2096,3915,2354,1,0.007271736
Warm C,930513,5621,5620,3915,2354,1,0.019146785
Warm C,520610,3210,3209,3915,2354,1,-0.00027457892
Warm C,322836,1912,1911,3915,2354,0,0.026026541
Warm C,206526,1265,1264,3915,2354,1,0.0039950046
Warm C,13207,102,101,3915,2354,0,0.006082616
Warm C,47776,319,318,3915,2354,0,0.013545755
Warm C,768901,4579,4578,3915,2354,0,0.00761807
Warm C,908203,5493,5492,3915,2354,1,0.01366863
Warm C,319672,1897,1896,3915,2354,0,0.02066239
Warm C,682872,4085,4084,3915,2354,1,0.01928534
Warm C,223883,1354,1353,3915,2354,1,0.010456209
Warm C,24602,173,172,3915,2354,0,0.0054661054
Warm C,215775,1306,1305,3915,2354,1,0.013240975
Warm C,363862,2119,2118,3915,2354,1,0.007988205
Warm C,887027,5359,5358,3915,2354,1,0.02024493
Warm C,501572,3080,3079,3915,2354,1,0.023815125
Warm C,235371,1425,1424,3915,2354,1,0.013938488
Warm C,460922,2841,2840,3915,2354,0,0.015078664
Warm C,608779,3691,3690,3915,2354,0,0.0225519
Warm C,804407,4816,4815,3915,2354,1,0.014406282
Warm C,352511,2063,2062,3915,2354,0,0.024899663
Warm C,34034,229,228,3915,2354,1,0.008138191
Warm C,302375,1794,1793,3915,2354,0,0.006056926
Warm C,362028,2109,2108,3918,2357,0,0.008687073
Warm C,352514,2063,2062,3918,2357,1,0.017019177
Warm C,349708,2053,2052,3918,2357,0,0.0037503787
Warm C,342937,2015,2014,3918,2357,0,-0.0026322918
Warm C,334191,1970,1969,3918,2357,0,-0.000120448065
Warm C,328920,1941,1940,3918,2357,0,0.009503442
Warm C,326359,1931,1930,3918,2357,1,0.007693202
Warm C,324710,1923,1922,3918,2357,1,0.0051730424
Warm C,317232,1885,1884,3918,2357,0,0.008025112
Warm C,330605,1951,1950,3918,2357,0,-0.00067649223
Warm C,305696,1819,1818,3918,2357,0,0.0066408813
Warm C,305419,1816,1815,3918,2357,1,0.010812384
Warm C,303394,1802,1801,3918,2357,0,0.002635298
Warm C,303681,1803,1802,3918,2357,0,0.009432022
Warm C,300782,1781,1780,3918,2357,1,0.0028209377
Warm C,288373,1722,1721,3918,2357,1,0.011006837
Warm C,290656,1733,1732,3918,2357,0,0.017073277
Warm C,291790,1737,1736,3918,2357,0,0.013551092
Warm C,297939,1765,1764,3918,2357,1,0.010680326
Warm C,285599,1701,1700,3918,2357,0,0.014945937
Warm C,281473,1687,1686,3918,2357,0,0.014428376
Warm C,280186,1680,1679,3918,2357,0,0.009789236
Warm C,277265,1675,1674,3918,2357,0,0.0068893204
Warm C,280359,1681,1680,3918,2357,1,0.0011176886
Warm C,273399,1647,1646,3918,2357,0,0.0107969735
Warm C,270610,1637,1636,3918,2357,0,0.0018192467
Warm C,266766,1617,1616,3918,2357,0,0.008806877
Warm C,265377,1611,1610,3918,2357,1,0.015133139
Warm C,261485,1598,1597,3918,2357,1,0.0133269
Warm C,260775,1593,1592,3918,2357,0,0.005662449
Warm C,259910,1589,1588,3918,2357,0,0.011437733
Warm C,252778,1531,1530,3918,2357,0,0.0036390559
Warm C,248203,1497,1496,3918,2357,0,0.011756894
Warm C,247236,1494,1493,3918,2357,1,0.0049717715
Warm C,248006,1496,1495,3918,2357,1,0.014166225
Warm C,232369,1410,1409,3918,2357,1,0.0038312925
Warm C,226462,1370,1369,3918,2357,0,0.004951923
Warm C,224400,1356,1355,3918,2357,0,0.0058566104
Warm C,224586,1357,1356,3918,2357,0,0.0036794047
Warm C,220146,1333,1332,3918,2357,0,0.015336908
Warm C,212274,1292,1291,3918,2357,0,0.007576355
Warm C,204338,1259,1258,3918,2357,0,0.005749772
Warm C,196837,1207,1206,3918,2357,0,0.0053441515
Warm C,210401,1284,1283,3918,2357,0,0.0044880873
Warm C,195999,1204,1203,3918,2357,0,0.009403167
Warm C,184513,1147,1146,3918,2357,0,0.0063076885
Warm C,184197,1146,1145,3918,2357,0,0.012625964
Warm C,307829,1835,1834,3918,2357,1,0.018618267
Warm C,181372,1133,1132,3918,2357,1,0.010772351
Warm C,180059,1127,1126,3918,2357,0,0.0056150598
Warm C,180544,1128,1127,3918,2357,0,0.0060817674
Warm C,176451,1115,1114,3918,2357,1,0.0022059549
Warm C,169729,1077,1076,3918,2357,0,0.0063198074
Warm C,159521,1017,1016,3918,2357,1,0.010584993
Warm C,152104,977,976,3918,2357,0,0.01602286
Warm C,145989,937,936,3918,2357,0,0.008168426
Warm C,142029,915,914,3918,2357,0,0.0036580903
Warm C,157371,1010,1009,3918,2357,0,0.009631372
Warm C,139023,889,888,3918,2357,0,0.009079654
Warm C,135944,877,876,3918,2357,1,0.010673346
Warm C,124055,798,797,3918,2357,0,0.00797426
Warm C,122850,792,791,3918,2357,0,0.00618805
Warm C,115180,748,747,3918,2357,0,0.0061745998
Warm C,99945,667,666,3918,2357,0,0.0053340574
Warm C,234464,1422,1421,3918,2357,0,0.008721297
Warm C,92884,621,620,3918,2357,0,0.012154178
Warm C,92448,618,617,3918,2357,0,0.00877606
Warm C,86388,565,564,3918,2357,0,0.0030630666
Warm C,83681,549,548,3918,2357,0,0.010787612
Warm C,82363,546,545,3918,2357,0,0.0055221897
Warm C,239469,1448,1447,3918,2357,0,0.012197895
Warm C,73937,501,500,3918,2357,0,0.007801888
Warm C,82026,543,542,3918,2357,1,0.0048494036
Warm C,72460,482,481,3918,2357,0,0.015531845
Warm C,68967,461,460,3918,2357,0,0.003852595
Warm C,63556,424,423,3918,2357,0,0.0048260866
Warm C,57708,390,389,3918,2357,1,0.009821545
Warm C,54138,352,351,3918,2357,1,0.006526375
Warm C,41287,278,277,3918,2357,1,0.01399822
Warm C,36809,245,244,3918,2357,0,0.0122384
Warm C,31302,211,210,3918,2357,1,0.0027528973
Warm C,330340,1949,1948,3918,2357,0,0.0070084874
Warm C,26868,190,189,3918,2357,0,0.010676047
Warm C,595971,3624,3623,3918,2357,0,0.00731609
Warm C,75613,514,513,3918,2357,0,0.004735003
Warm C,310947,1851,1850,3918,2357,0,-0.0045379256
Warm C,18196,139,138,3918,2357,0,0.018001687
Warm C,14157,115,114,3918,2357,0,0.006078908
Warm C,14722,117,116,3918,2357,1,0.0075426702
Warm C,13799,110,109,3918,2357,0,0.013580207
Warm C,28517,195,194,3918,2357,1,0.01850418
Warm C,8027,53,52,3918,2357,1,0.011217132
Warm C,299301,1776,1775,3918,2357,1,0.006876351
Warm C,102767,678,677,3918,2357,1,0.013492534
Warm C,760739,4520,4519,3918,2357,1,0.008554954
Warm C,597021,3626,3625,3918,2357,0,0.007349369
Warm C,158827,1015,1014,3918,2357,0,0.010096042
Warm C,622480,3768,3767,3918,2357,0,0.009792844
Warm C,14240,116,115,3918,2357,1,0.0109519325
Warm C,267393,1624,1623,3918,2357,0,0.008882316
Warm C,720284,4312,4311,3918,2357,1,0.011510484
Warm C,713496,4277,4276,3918,2357,0,0.014959579
Warm C,130649,846,845,3918,2357,0,0.008901034
Warm C,115629,749,748,3918,2357,0,-0.000628409
Warm C,628921,3807,3806,3918,2357,0,0.007948422
Warm C,474438,2910,2909,3918,2357,0,0.003610298
Warm C,238428,1447,1446,3918,2357,1,0.009608888
Warm C,107554,709,708,3919,2358,0,0.0123960115
Warm C,92885,621,620,3919,2358,0,0.0014393523
Warm C,91718,608,607,3919,2358,0,-0.0028836746
Warm C,82027,543,542,3919,2358,1,0.011342401
Warm C,72462,482,481,3919,2358,0,0.011929083
Warm C,57709,390,389,3919,2358,0,0.007627881
Warm C,54141,352,351,3919,2358,0,0.00726291
Warm C,42012,284,283,3919,2358,0,0.0073611704
Warm C,41288,278,277,3919,2358,0,0.0058847964
Warm C,291792,1737,1736,3919,2358,0,-0.0069894977
Warm C,99946,667,666,3919,2358,0,-0.0024827635
Warm C,537612,3311,3310,3919,2358,0,-0.0025292428
Warm C,75614,514,513,3919,2358,0,0.0024787001
Warm C,18198,139,138,3919,2358,0,0.009173956
Warm C,15208,121,120,3919,2358,1,0.015518682
Warm C,14725,117,116,3919,2358,0,0.0088051045
Warm C,8029,53,52,3919,2358,0,0.012658417
Warm C,696876,4169,4168,3919,2358,0,0.01464568
Warm C,552760,3401,3400,3919,2358,0,0.008437026
Warm C,760740,4520,4519,3919,2358,0,-0.0043820515
Warm C,597023,3626,3625,3919,2358,0,0.0007711777
Warm C,46196,308,307,3919,2358,0,0.0042316597
Warm C,720286,4312,4311,3919,2358,0,0.0077052573
Warm C,628922,3807,3806,3919,2358,0,0.00059606414
Warm C,474439,2910,2909,3919,2358,1,0.0098860515
Warm C,63558,424,423,3919,2358,0,0.0073495745
Warm C,893143,5394,5393,3919,2358,0,0.0072674057
Warm C,844149,5074,5073,3920,2359,0,0.003916348
Warm C,451917,2781,2780,3920,2359,1,0.014304039
Warm C,750542,4478,4477,3920,2359,1,0.020386584
Warm C,772815,4607,4606,3920,2359,1,0.010551084
Warm C,958947,5787,5786,3920,2359,1,0.004436616
Warm C,203393,1246,1245,3920,2359,0,0.023172274
Warm C,220157,1333,1332,3923,2360,1,0.009219101
Warm C,204339,1259,1258,3923,2360,1,0.0064366884
Warm C,204277,1258,1257,3923,2360,0,0.007561585
Warm C,196227,1206,1205,3923,2360,0,0.013526085
Warm C,194221,1197,1196,3923,2360,0,0.007837575
Warm C,190130,1179,1178,3923,2360,0,0.005967624
Warm C,184526,1147,1146,3923,2360,0,0.0011796398
Warm C,182960,1140,1139,3923,2360,0,0.002553555
Warm C,159530,1017,1016,3923,2360,0,0.009621755
Warm C,147222,948,947,3923,2360,0,0.0028776154
Warm C,235975,1428,1427,3923,2360,0,0.0073089134
Warm C,142030,915,914,3923,2360,0,0.010687755
Warm C,205044,1261,1260,3923,2360,1,0.006426356
Warm C,140418,899,898,3923,2360,0,0.008139815
Warm C,139053,889,888,3923,2360,0,0.014230296
Warm C,133901,868,867,3923,2360,0,0.004115468
Warm C,131436,850,849,3923,2360,0,0.010035284
Warm C,128738,835,834,3923,2360,0,0.003364181
Warm C,127963,826,825,3923,2360,0,0.00047254702
Warm C,153586,986,985,3923,2360,1,-0.004223155
Warm C,124061,798,797,3923,2360,0,0.021636128
Warm C,105485,697,696,3923,2360,0,0.014949867
Warm C,99256,661,660,3923,2360,0,0.0041168523
Warm C,713515,4277,4276,3923,2360,0,0.010954401
Warm C,91017,602,601,3923,2360,0,0.012614682
Warm C,330858,1952,1951,3923,2360,0,0.0032085255
Warm C,244304,1470,1469,3923,2360,0,0.014501451
Warm C,82368,546,545,3923,2360,0,0.009050586
Warm C,76063,516,515,3923,2360,0,0.010861505
Warm C,67260,452,451,3923,2360,1,0.012941558
Warm C,66701,445,444,3923,2360,0,0.015726388
Warm C,47052,316,315,3923,2360,0,0.019015525
Warm C,55030,362,361,3923,2360,0,0.0032148128
Warm C,42018,284,283,3923,2360,0,0.003451881
Warm C,191674,1181,1180,3923,2360,0,0.008060741
Warm C,41290,278,277,3923,2360,1,0.009173524
Warm C,36828,245,244,3923,2360,0,0.018242769
Warm C,418321,2528,2527,3923,2360,0,0.0045113945
Warm C,592295,3610,3609,3923,2360,0,0.013115933
Warm C,8683,58,57,3923,2360,0,0.0076499013
Warm C,552771,3401,3400,3923,2360,0,0.011971504
Warm C,753398,4489,4488,3923,2360,0,0.006820959
Warm C,801576,4802,4801,3923,2360,0,0.010373941
Warm C,699828,4186,4185,3923,2360,0,0.014264818
Warm C,245118,1477,1476,3925,2361,1,0.0010887387
Warm C,242290,1462,1461,3925,2361,0,0.00437906
Warm C,241617,1452,1451,3925,2361,1,-0.005923789
Warm C,237466,1446,1445,3925,2361,1,-0.0014200008
Warm C,240719,1449,1448,3925,2361,0,0.023441462
Warm C,631945,3821,3820,3925,2361,1,0.01017642
Warm C,208481,1273,1272,3925,2361,1,0.0019333181
Warm C,204279,1258,1257,3925,2361,1,0.0023533986
Warm C,203527,1248,1247,3925,2361,1,0.008772097
Warm C,207430,1267,1266,3925,2361,0,0.0038281125
Warm C,320471,1899,1898,3925,2361,1,0.018966705
Warm C,294605,1749,1748,3925,2361,0,0.0052575767
Warm C,191675,1181,1180,3925,2361,0,0.011713443
Warm C,184527,1147,1146,3925,2361,1,0.0013871557
Warm C,212600,1294,1293,3925,2361,1,0.009019497
Warm C,185973,1150,1149,3925,2361,1,0.012389308
Warm C,176595,1116,1115,3925,2361,1,0.0016767466
Warm C,250019,1505,1504,3925,2361,1,0.010255805
Warm C,158851,1015,1014,3925,2361,1,0.007585356
Warm C,152111,977,976,3925,2361,0,0.0102421455
Warm C,246573,1489,1488,3925,2361,0,0.00752788
Warm C,371190,2168,2167,3925,2361,1,0.002527174
Warm C,147837,952,951,3925,2361,1,0.0039136373
Warm C,139055,889,888,3925,2361,0,0.016089689
Warm C,160576,1019,1018,3925,2361,1,0.0058629317
Warm C,130654,846,845,3925,2361,1,0.009108994
Warm C,128408,830,829,3925,2361,1,0.003271677
Warm C,301000,1786,1785,3925,2361,1,0.0054003913
Warm C,141096,909,908,3925,2361,0,0.009284225
Warm C,524502,3233,3232,3925,2361,1,0.0009656447
Warm C,349428,2050,2049,3925,2361,0,0.0092599355
Warm C,108581,711,710,3925,2361,1,0.006078177
Warm C,105355,696,695,3925,2361,0,0.0074165915
Warm C,260925,1594,1593,3925,2361,0,0.011023166
Warm C,211545,1285,1284,3925,2361,0,0.01634419
Warm C,222224,1343,1342,3925,2361,1,0.01276869
Warm C,92187,613,612,3925,2361,1,0.007002978
Warm C,250685,1511,1510,3925,2361,0,0.01195354
Warm C,79902,532,531,3925,2361,1,0.007514425
Warm C,78053,524,523,3925,2361,1,0.011903879
Warm C,70568,475,474,3925,2361,1,0.0025091977
Warm C,74094,504,503,3925,2361,0,0.013892972
Warm C,69592,466,465,3925,2361,1,0.0018817608
Warm C,69396,465,464,3925,2361,1,0.0105616655
Warm C,68384,458,457,3925,2361,0,0.00013668428
Warm C,57713,390,389,3925,2361,0,0.0042601363
Warm C,589661,3596,3595,3925,2361,1,0.010039702
Warm C,239486,1448,1447,3925,2361,0,0.011484344
Warm C,61497,412,411,3925,2361,1,0.007274624
Warm C,778048,4647,4646,3925,2361,1,0.006080429
Warm C,22140,161,160,3925,2361,1,0.016132448
Warm C,13638,108,107,3925,2361,0,0.006047928
Warm C,916820,5539,5538,3925,2361,1,0.007190023
Warm C,482137,2962,2961,3925,2361,0,-0.0025011273
Warm C,203736,1252,1251,3925,2361,1,0.006575588
Warm C,546271,3367,3366,3925,2361,1,0.009186219
Warm C,823413,4950,4949,3925,2361,0,0.010634705
Warm C,639450,3842,3841,3925,2361,1,0.008519492
Warm C,24626,173,172,3925,2361,1,0.011967036
Warm C,933694,5636,5635,3925,2361,0,0.008139525
Warm C,550772,3391,3390,3925,2361,1,0.0031863549
Warm C,958948,5787,5786,3925,2361,1,0.0034804079
Warm C,63578,424,423,3925,2361,1,0.0014588753
Warm C,877082,5300,5299,3925,2361,1,0.004343133
Warm C,381868,2231,2230,3926,2362,0,0.01046414
Warm C,377545,2203,2202,3926,2362,1,0.0048218053
Warm C,372202,2173,2172,3926,2362,0,-0.0032383865
Warm C,374566,2181,2180,3926,2362,0,0.007765539
Warm C,370827,2167,2166,3926,2362,0,-0.003365542
Warm C,368178,2151,2150,3926,2362,0,0.0016015237
Warm C,366861,2139,2138,3926,2362,0,-0.002257802
Warm C,366025,2130,2129,3926,2362,1,-0.00095173623
Warm C,364221,2121,2120,3926,2362,0,-0.011090175
Warm C,362257,2110,2109,3926,2362,1,-0.0052587073
Warm C,356624,2088,2087,3926,2362,1,0.0030337996
Warm C,353254,2069,2068,3926,2362,0,-0.00042668555
Warm C,349713,2053,2052,3926,2362,0,-0.0014340638
Warm C,346811,2032,2031,3926,2362,0,0.00028023683
Warm C,343284,2016,2015,3926,2362,0,-0.013369299
Warm C,339925,2004,2003,3926,2362,1,-0.0016061878
Warm C,334867,1974,1973,3926,2362,0,-0.004518744
Warm C,334198,1970,1969,3926,2362,0,-0.0010642738
Warm C,328947,1941,1940,3926,2362,0,0.008027743
Warm C,324225,1921,1920,3926,2362,0,0.0031617472
Warm C,320667,1901,1900,3926,2362,0,0.01158897
Warm C,317420,1888,1887,3926,2362,1,0.0033100597
Warm C,316034,1882,1881,3926,2362,1,-0.006537921
Warm C,317384,1887,1886,3926,2362,0,-0.0021831256
Warm C,315747,1880,1879,3926,2362,0,-0.0014247273
Warm C,327299,1939,1938,3926,2362,0,0.004552712
Warm C,303685,1803,1802,3926,2362,0,-0.0036525794
Warm C,287946,1717,1716,3926,2362,0,-0.0066628633
Warm C,286988,1712,1711,3926,2362,0,-0.0012262455
Warm C,292668,1741,1740,3926,2362,1,0.00017312833
Warm C,276566,1671,1670,3926,2362,0,-0.0024773292
Warm C,275935,1670,1669,3926,2362,0,-0.0052493475
Warm C,275814,1667,1666,3926,2362,0,-0.0038413354
Warm C,289609,1727,1726,3926,2362,1,-0.0068843267
Warm C,270611,1637,1636,3926,2362,1,-0.0055974787
Warm C,266269,1614,1613,3926,2362,1,0.0022782474
Warm C,261491,1598,1597,3926,2362,1,0.007213898
Warm C,260567,1592,1591,3926,2362,1,0.0034793648
Warm C,252780,1531,1530,3926,2362,1,0.0006914964
Warm C,250236,1507,1506,3926,2362,0,-6.980961e-05
Warm C,248211,1497,1496,3926,2362,0,-0.007372893
Warm C,253341,1540,1539,3926,2362,1,-0.0110412175
Warm C,245119,1477,1476,3926,2362,0,-0.0010596331
Warm C,244566,1472,1471,3926,2362,0,-0.0014330781
Warm C,242253,1461,1460,3926,2362,1,-0.0010974249
Warm C,237109,1441,1440,3926,2362,0,-0.0020534215
Warm C,231829,1404,1403,3926,2362,0,-0.00023284461
Warm C,230982,1398,1397,3926,2362,0,0.0033262672
Warm C,232373,1410,1409,3926,2362,1,0.0018316722
Warm C,312571,1861,1860,3926,2362,0,0.0055304565
Warm C,224408,1356,1355,3926,2362,1,-0.0024913647
Warm C,267397,1624,1623,3926,2362,1,0.007740134
Warm C,220620,1337,1336,3926,2362,1,-0.011024068
Warm C,215218,1303,1302,3926,2362,1,0.0069065457
Warm C,213172,1297,1296,3926,2362,1,0.001797877
Warm C,204340,1259,1258,3926,2362,1,7.36207e-05
Warm C,204280,1258,1257,3926,2362,1,0.017562553
Warm C,262039,1599,1598,3926,2362,1,-0.0050277603
Warm C,196089,1205,1204,3926,2362,0,-0.004385028
Warm C,210408,1284,1283,3926,2362,0,0.008790136
Warm C,188728,1170,1169,3926,2362,0,0.0059663635
Warm C,184528,1147,1146,3926,2362,0,-0.0028845638
Warm C,183825,1145,1144,3926,2362,0,-0.0044266107
Warm C,181694,1135,1134,3926,2362,0,-0.011781956
Warm C,180663,1129,1128,3926,2362,1,0.0009311484
Warm C,178910,1122,1121,3926,2362,0,-0.0045589106
Warm C,177766,1119,1118,3926,2362,0,0.0058280732
Warm C,346509,2030,2029,3926,2362,0,0.0048058582
Warm C,249112,1501,1500,3926,2362,1,-0.0023714765
Warm C,166864,1061,1060,3926,2362,0,-0.008318135
Warm C,167568,1067,1066,3926,2362,0,-0.0052150004
Warm C,159531,1017,1016,3926,2362,0,0.00092941197
Warm C,153412,984,983,3926,2362,0,-0.005862669
Warm C,147599,949,948,3926,2362,1,-0.006134753
Warm C,147225,948,947,3926,2362,1,0.0029463675
Warm C,235976,1428,1427,3926,2362,1,0.0046967636
Warm C,199730,1224,1223,3926,2362,1,-0.011711713
Warm C,145563,935,934,3926,2362,1,0.0015886468
Warm C,143406,924,923,3926,2362,1,0.005799246
Warm C,142579,919,918,3926,2362,1,-0.00066471775
Warm C,225366,1362,1361,3926,2362,0,-0.011889572
Warm C,141777,911,910,3926,2362,1,-0.00060591474
Warm C,140821,904,903,3926,2362,0,-0.0027878883
Warm C,140479,901,900,3926,2362,1,-0.0043074507
Warm C,139056,889,888,3926,2362,0,-0.010725925
Warm C,347596,2038,2037,3926,2362,1,5.3867698e-06
Warm C,133902,868,867,3926,2362,0,-0.0035177802
Warm C,374958,2185,2184,3926,2362,0,0.00063891336
Warm C,103743,689,688,3926,2362,0,0.0050524557
Warm C,234476,1422,1421,3926,2362,0,-0.009107131
Warm C,95650,639,638,3926,2362,1,-3.5650097e-05
Warm C,91018,602,601,3926,2362,1,0.002439745
Warm C,86308,563,562,3926,2362,0,0.0016794626
Warm C,83706,549,548,3926,2362,1,-0.004691664
Warm C,84676,550,549,3926,2362,0,0.0012335791
Warm C,76890,521,520,3926,2362,0,-0.0036162147
Warm C,76065,516,515,3926,2362,0,0.0032070137
Warm C,70998,476,475,3926,2362,1,-0.004254144
Warm C,67261,452,451,3926,2362,1,-0.002707348
Warm C,66702,445,444,3926,2362,0,-0.0068147173
Warm C,67651,453,452,3926,2362,1,-0.011272889
Warm C,52275,343,342,3926,2362,1,-0.0050292015
Warm C,36831,245,244,3926,2362,0,-4.1658874e-05
Warm C,482139,2962,2961,3926,2362,0,-0.0060973624
Warm C,17895,137,136,3926,2362,0,0.0034123338
Warm C,16505,130,129,3926,2362,1,0.002651055
Warm C,14735,117,116,3926,2362,1,0.000470859
Warm C,8046,53,52,3926,2362,1,0.00059340603
Warm C,7101,48,47,3926,2362,0,0.0032688607
Warm C,389532,2282,2281,3926,2362,1,0.005772375
Warm C,300670,1780,1779,3926,2362,0,-0.0045043207
Warm C,801577,4802,4801,3926,2362,1,-0.0071569607
Warm C,310956,1851,1850,3926,2362,0,0.00016322051
Warm C,538765,3313,3312,3926,2362,0,0.002684557
Warm C,622491,3768,3767,3926,2362,0,-0.0032905194
Warm C,441849,2715,2714,3926,2362,1,0.005274163
Warm C,217471,1317,1316,3926,2362,1,-0.0011741035
Warm C,657762,3963,3962,3926,2362,0,-0.006192417
Warm C,699829,4186,4185,3926,2362,0,-0.0020833765
Warm C,821646,4940,4939,3926,2362,1,-0.0046619736
Warm C,293465,1747,1746,3929,2365,0,0.009075539
Warm C,287949,1717,1716,3929,2365,1,0.014974229
Warm C,286053,1706,1705,3929,2365,1,-0.005620742
Warm C,294047,1748,1747,3929,2365,1,0.009614095
Warm C,276569,1671,1670,3929,2365,1,0.01077212
Warm C,289612,1727,1726,3929,2365,1,0.0049125836
Warm C,266864,1618,1617,3929,2365,1,0.0066539426
Warm C,337324,1983,1982,3929,2365,1,0.011258855
Warm C,252781,1531,1530,3929,2365,1,0.0050929426
Warm C,250238,1507,1506,3929,2365,1,0.0077985283
Warm C,248215,1497,1496,3929,2365,0,-0.004721808
Warm C,245122,1477,1476,3929,2365,1,-4.316517e-05
Warm C,302826,1798,1797,3929,2365,1,0.005008611
Warm C,240726,1449,1448,3929,2365,1,0.007954387
Warm C,236871,1439,1438,3929,2365,1,0.002679739
Warm C,231385,1401,1400,3929,2365,1,-0.000711008
Warm C,231830,1404,1403,3929,2365,1,0.0038035547
Warm C,232376,1410,1409,3929,2365,0,0.0057634157
Warm C,229031,1387,1386,3929,2365,0,0.01112526
Warm C,228678,1383,1382,3929,2365,0,0.009417916
Warm C,243600,1469,1468,3929,2365,1,-0.0016321201
Warm C,222225,1343,1342,3929,2365,1,0.008618651
Warm C,218199,1322,1321,3929,2365,1,0.0104092965
Warm C,218736,1325,1324,3929,2365,1,0.009181077
Warm C,216681,1316,1315,3929,2365,1,0.0054517286
Warm C,204282,1258,1257,3929,2365,1,0.006275883
Warm C,199938,1227,1226,3929,2365,1,0.0030235657
Warm C,199733,1224,1223,3929,2365,1,0.012517864
Warm C,192240,1183,1182,3929,2365,1,0.011576855
Warm C,190133,1179,1178,3929,2365,0,-0.0008338888
Warm C,184530,1147,1146,3929,2365,1,0.0064074835
Warm C,174926,1108,1107,3929,2365,1,0.0045222417
Warm C,219577,1331,1330,3929,2365,1,0.00744914
Warm C,161905,1032,1031,3929,2365,1,0.014423526
Warm C,160994,1023,1022,3929,2365,1,0.0028820396
Warm C,160579,1019,1018,3929,2365,0,-0.0035814866
Warm C,158855,1015,1014,3929,2365,1,0.018768191
Warm C,153880,989,988,3929,2365,1,0.0024328704
Warm C,246576,1489,1488,3929,2365,0,0.009333311
Warm C,144592,931,930,3929,2365,0,0.009055851
Warm C,139061,889,888,3929,2365,0,0.018375283
Warm C,436840,2665,2664,3929,2365,0,0.012536684
Warm C,384350,2244,2243,3929,2365,1,0.009535909
Warm C,132924,857,856,3929,2365,1,0.0014322478
Warm C,374961,2185,2184,3929,2365,0,0.0042401
Warm C,128411,830,829,3929,2365,0,0.0018186448
Warm C,301002,1786,1785,3929,2365,1,0.013092725
Warm C,125396,806,805,3929,2365,1,0.00539499
Warm C,141098,909,908,3929,2365,1,0.0006531124
Warm C,114058,740,739,3929,2365,1,0.008942227
Warm C,112798,731,730,3929,2365,1,0.0038144202
Warm C,101794,677,676,3929,2365,1,0.004259521
Warm C,96047,645,644,3929,2365,1,0.010277515
Warm C,98221,656,655,3929,2365,0,0.003444576
Warm C,437684,2673,2672,3929,2365,0,0.0030095072
Warm C,424437,2574,2573,3929,2365,1,-0.0034151878
Warm C,99652,664,663,3929,2365,1,0.0021754862
Warm C,86918,566,565,3929,2365,0,0.012851363
Warm C,80925,537,536,3929,2365,1,-0.003463862
Warm C,73569,498,497,3929,2365,1,0.0005154577
Warm C,67263,452,451,3929,2365,1,0.009429334
Warm C,123650,796,795,3929,2365,0,0.0076144
Warm C,47076,317,316,3929,2365,1,0.0011652504
Warm C,45655,307,306,3929,2365,1,0.0061301496
Warm C,41392,280,279,3929,2365,1,0.0056422576
Warm C,32425,216,215,3929,2365,1,0.007744596
Warm C,27671,193,192,3929,2365,0,0.0038990886
Warm C,13600,107,106,3929,2365,1,0.01345905
Warm C,136048,879,878,3929,2365,1,0.0025410922
Warm C,592300,3610,3609,3929,2365,0,0.005325705
Warm C,9503,62,61,3929,2365,1,0.0093715675
Warm C,739490,4418,4417,3929,2365,1,0.01389747
Warm C,901518,5450,5449,3929,2365,0,0.014439658
Warm C,15869,123,122,3929,2365,0,0.012167616
Warm C,844151,5074,5073,3929,2365,1,0.010534708
Warm C,34919,235,234,3929,2365,1,0.004544797
Warm C,250020,1505,1504,3929,2365,1,0.004753772
Warm C,616765,3732,3731,3929,2365,0,0.011602761
Warm C,24631,173,172,3929,2365,1,0.011056434
Warm C,635721,3832,3831,3929,2365,1,0.004015426
Warm C,474290,2909,2908,3929,2365,1,0.00402174
Warm C,93483,624,623,3929,2365,0,0.018242346
Warm C,639453,3842,3841,3929,2365,1,0.0022318023
Warm C,322860,1912,1911,3929,2365,0,0.007068206
Warm C,176208,1113,1112,3929,2365,1,0.0059165675
Warm C,877084,5300,5299,3929,2365,1,0.014307657
Warm C,839542,5046,5045,3929,2365,1,0.013732776
Warm C,264840,1611,1610,3936,2368,1,0.0045199627
Warm C,261316,1598,1597,3936,2368,1,0.015463892
Warm C,260929,1595,1594,3936,2368,0,0.006101108
Warm C,250133,1507,1506,3936,2368,1,0.008609396
Warm C,248023,1497,1496,3936,2368,0,0.011450518
Warm C,250724,1513,1512,3936,2368,1,0.006647661
Warm C,253228,1540,1539,3936,2368,1,0.003584717
Warm C,245092,1477,1476,3936,2368,1,0.012457151
Warm C,243605,1470,1469,3936,2368,1,0.0055903397
Warm C,242204,1461,1460,3936,2368,1,-0.0014481242
Warm C,356733,2090,2089,3936,2368,0,0.0034037842
Warm C,232301,1410,1409,3936,2368,1,0.0030571683
Warm C,223957,1356,1355,3936,2368,1,0.010452635
Warm C,218206,1323,1322,3936,2368,1,0.0059905476
Warm C,208488,1274,1273,3936,2368,0,0.009164005
Warm C,269574,1635,1634,3936,2368,1,0.01672357
Warm C,212344,1294,1293,3936,2368,1,-0.00064010266
Warm C,174928,1109,1108,3936,2368,1,0.005153932
Warm C,190182,1181,1180,3936,2368,0,0.007873876
Warm C,160954,1023,1022,3936,2368,0,0.0056503722
Warm C,159025,1017,1016,3936,2368,0,0.0042317156
Warm C,159669,1019,1018,3936,2368,0,0.015706586
Warm C,360347,2106,2105,3936,2368,1,0.002004704
Warm C,235930,1428,1427,3936,2368,1,0.006336811
Warm C,145653,937,936,3936,2368,1,0.010038345
Warm C,184694,1150,1149,3936,2368,0,0.014769604
Warm C,137570,889,888,3936,2368,0,0.014202239
Warm C,134934,873,872,3936,2368,1,0.01105592
Warm C,374674,2185,2184,3936,2368,1,0.006934844
Warm C,153568,986,985,3936,2368,1,-0.008836942
Warm C,123743,798,797,3936,2368,1,0.006514217
Warm C,125335,806,805,3936,2368,0,0.015655555
Warm C,118034,764,763,3936,2368,1,0.00976697
Warm C,114025,740,739,3936,2368,1,0.0015871117
Warm C,112165,731,730,3936,2368,0,0.014259507
Warm C,94506,635,634,3936,2368,1,0.012859699
Warm C,339002,1998,1997,3936,2368,0,0.014108113
Warm C,100680,673,672,3936,2368,0,0.00803792
Warm C,250599,1511,1510,3936,2368,1,0.0054806904
Warm C,75781,516,515,3936,2368,1,0.011648454
Warm C,79911,533,532,3936,2368,1,0.0154002765
Warm C,68979,462,461,3936,2368,0,0.0017791516
Warm C,67134,452,451,3936,2368,1,-0.004999578
Warm C,50734,334,333,3936,2368,1,0.006836701
Warm C,37070,251,250,3936,2368,0,0.0038984832
Warm C,713541,4277,4276,3936,2368,0,0.015675962
Warm C,12978,101,100,3936,2368,1,0.0036116757
Warm C,591612,3610,3609,3936,2368,0,0.019484427
Warm C,481528,2962,2961,3936,2368,0,0.009480653
Warm C,927757,5605,5604,3936,2368,1,0.018951658
Warm C,433429,2643,2642,3936,2368,1,0.013037018
Warm C,825678,4958,4957,3936,2368,0,0.0074394895
Warm C,259815,1589,1588,3937,2369,0,0.0023355065
Warm C,336789,1983,1982,3937,2369,1,0.013958346
Warm C,253229,1540,1539,3937,2369,1,0.0035565211
Warm C,247425,1496,1495,3937,2369,0,0.018290412
Warm C,237009,1441,1440,3937,2369,0,-0.010200236
Warm C,232302,1410,1409,3937,2369,1,0.009520069
Warm C,226320,1370,1369,3937,2369,0,0.0033081977
Warm C,226896,1377,1376,3937,2369,0,-0.003010857
Warm C,267055,1624,1623,3937,2369,0,-0.0030711833
Warm C,219618,1333,1332,3937,2369,0,0.0068389643
Warm C,214555,1303,1302,3937,2369,0,0.006422177
Warm C,277285,1676,1675,3937,2369,0,0.014774655
Warm C,210424,1285,1284,3937,2369,0,0.0053074434
Warm C,204285,1259,1258,3937,2369,1,0.012548313
Warm C,205487,1264,1263,3937,2369,0,0.00092999963
Warm C,308270,1837,1836,3937,2369,0,0.00828086
Warm C,200224,1230,1229,3937,2369,0,0.008538339
Warm C,278409,1680,1679,3937,2369,0,0.0104314685
Warm C,195870,1204,1203,3937,2369,0,0.00819927
Warm C,260575,1593,1592,3937,2369,0,0.01008123
Warm C,184212,1147,1146,3937,2369,0,0.01325872
Warm C,183828,1146,1145,3937,2369,0,-0.005447494
Warm C,180564,1129,1128,3937,2369,0,0.003669296
Warm C,165688,1057,1056,3937,2369,0,0.0060157366
Warm C,212697,1297,1296,3937,2369,0,0.010194222
Warm C,150883,971,970,3937,2369,0,-0.00041635195
Warm C,149413,963,962,3937,2369,0,0.007958772
Warm C,147244,949,948,3937,2369,1,0.013009388
Warm C,267768,1628,1627,3937,2369,0,-0.005707724
Warm C,150336,970,969,3937,2369,0,0.008373818
Warm C,137572,889,888,3937,2369,0,0.0082170125
Warm C,135331,877,876,3937,2369,0,0.0035403692
Warm C,133909,869,868,3937,2369,0,0.009598942
Warm C,202253,1244,1243,3937,2369,0,-0.0040747146
Warm C,252136,1527,1526,3937,2369,0,0.012252081
Warm C,314807,1880,1879,3937,2369,0,0.005179058
Warm C,124659,802,801,3937,2369,0,-0.010457285
Warm C,118174,765,764,3937,2369,0,-0.0015914105
Warm C,378989,2213,2212,3937,2369,0,0.004897354
Warm C,98489,660,659,3937,2369,0,0.004277287
Warm C,107559,710,709,3937,2369,0,0.0020000003
Warm C,713542,4277,4276,3937,2369,1,0.0024857298
Warm C,90871,602,601,3937,2369,0,0.0002965813
Warm C,88652,587,586,3937,2369,0,0.0056943838
Warm C,88013,579,578,3937,2369,0,0.0057066367
Warm C,85970,563,562,3937,2369,0,0.0024144368
Warm C,82574,549,548,3937,2369,0,0.0049931356
Warm C,190183,1181,1180,3937,2369,0,0.018399611
Warm C,74346,508,507,3937,2369,1,0.0036691106
Warm C,73874,501,500,3937,2369,1,0.0025796383
Warm C,66426,445,444,3937,2369,0,0.0062501505
Warm C,304553,1812,1811,3937,2369,1,0.0010658258
Warm C,239500,1449,1448,3937,2369,0,-0.00067636603
Warm C,745173,4448,4447,3937,2369,0,0.00917326
Warm C,38665,264,263,3937,2369,0,0.0095336735
Warm C,38112,261,260,3937,2369,0,0.013472198
Warm C,37278,255,254,3937,2369,1,0.004591668
Warm C,37071,251,250,3937,2369,0,-0.006464715
Warm C,36093,245,244,3937,2369,0,0.0031191218
Warm C,418261,2528,2527,3937,2369,0,0.00027654134
Warm C,613481,3717,3716,3937,2369,1,0.009223734
Warm C,16382,130,129,3937,2369,1,0.009002211
Warm C,8265,58,57,3937,2369,0,0.005225571
Warm C,5710,42,41,3937,2369,0,0.0006294409
Warm C,15278,123,122,3937,2369,0,0.013984474
Warm C,481529,2962,2961,3937,2369,0,0.012055187
Warm C,551950,3401,3400,3937,2369,1,0.00047965907
Warm C,129060,839,838,3937,2369,0,0.0045628576
Warm C,879213,5312,5311,3937,2369,1,0.0026267576
Warm C,840832,5053,5052,3937,2369,1,0.015879486
Warm C,101801,678,677,3937,2369,0,0.016007114
Warm C,310465,1851,1850,3937,2369,0,-0.0074361847
Warm C,136167,881,880,3937,2369,1,-0.0038305344
Warm C,699841,4186,4185,3937,2369,0,0.000687534
Warm C,62383,424,423,3937,2369,0,0.0029770941
Warm C,242063,1458,1457,3943,2370,0,0.0023625717
Warm C,175905,1113,1112,3943,2370,1,0.0077895354
Warm C,223233,1354,1353,3943,2370,1,0.012560596
Warm C,190218,1181,1180,3943,2370,1,0.018329032
Warm C,521692,3219,3218,3943,2370,0,0.013165584
Warm C,496328,3051,3050,3943,2370,1,-0.0047041173
Warm C,372563,2176,2175,3943,2370,0,0.011169524
Warm C,197170,1211,1210,3943,2370,1,0.0072740465
Warm C,254799,1551,1550,3943,2370,1,0.004191387
Warm C,206566,1266,1265,3943,2370,0,0.0047637476
Warm C,757486,4508,4507,3943,2370,1,0.024394397
Warm C,541577,3333,3332,3943,2370,1,0.0041377866
Warm C,27779,195,194,3943,2370,1,0.0044380235
Warm C,370845,2168,2167,3943,2370,1,0.0070865233
Warm C,567185,3483,3482,3943,2370,0,0.013581071
Warm C,635621,3832,3831,3943,2370,1,0.007871258
Warm C,241758,1457,1456,3943,2370,0,0.012765481
Warm C,921096,5565,5564,3943,2370,1,0.004682435
Warm C,272564,1647,1646,3943,2370,1,0.0056265974
Warm C,470696,2898,2897,3943,2370,0,0.005331223
Warm C,764265,4543,4542,3943,2370,0,0.010061076
Warm C,206208,1265,1264,3943,2370,1,-0.00019071414
Warm C,319057,1897,1896,3943,2370,1,0.011278323
Warm C,257338,1579,1578,3943,2370,0,0.010514307
Warm C,360376,2106,2105,3943,2370,1,0.0016295079
Warm C,916833,5539,5538,3943,2370,0,0.007714878
Warm C,285079,1701,1700,3943,2370,0,0.01023479
Warm C,312750,1865,1864,3943,2370,1,-0.002316341
Warm C,283750,1698,1697,3943,2370,0,0.0047441344
Warm C,801596,4802,4801,3943,2370,1,0.006298721
Warm C,145666,937,936,3943,2370,0,0.012195908
Warm C,256015,1561,1560,3943,2370,1,0.004239685
Warm C,820933,4934,4933,3943,2370,0,0.01563908
Warm C,193358,1194,1193,3943,2370,0,0.011901484
Warm C,33841,229,228,3943,2370,1,0.011480473
Warm C,863355,5198,5197,3943,2370,0,0.0040037567
Warm C,33274,225,224,3946,2371,0,0.0137494905
Warm C,31447,214,213,3946,2371,0,0.0035987345
Warm C,947677,5722,5721,3946,2371,0,-0.004705305
Warm C,314316,1877,1876,3946,2371,0,0.0058465037
Warm C,13379,105,104,3946,2371,0,-0.0017094179
Warm C,12982,101,100,3946,2371,1,-0.004168586
Warm C,211632,1287,1286,3946,2371,0,-0.010436971
Warm C,389355,2282,2281,3946,2371,0,0.006949287
Warm C,123213,796,795,3946,2371,0,0.00396451
Warm C,863993,5205,5204,3946,2371,0,-0.0009936723
Warm C,530747,3280,3279,3946,2371,0,0.0033941632
Warm C,399684,2380,2379,3946,2371,0,0.009664569
Warm C,388303,2272,2271,3946,2371,0,0.006325462
Warm C,472208,2907,2906,3946,2371,0,0.00338096
Warm C,65099,438,437,3946,2371,0,-0.001765105
Warm C,287292,1715,1714,3946,2371,0,-0.00074351765
Warm C,567188,3483,3482,3946,2371,0,-0.008979077
Warm C,206569,1266,1265,3946,2371,0,0.0033441728
Warm C,107589,710,709,3946,2371,0,0.003189635
Warm C,469764,2895,2894,3946,2371,0,-0.002938522
Warm C,437197,2669,2668,3946,2371,0,0.0024110544
Warm C,564078,3471,3470,3946,2371,0,0.003921432
Warm C,992530,5996,5995,3946,2371,0,-0.0008457015
Warm C,19746,149,148,3946,2371,0,0.012638789
Warm C,10590,76,75,3946,2371,0,-0.0021277238
Warm C,181778,1137,1136,3946,2371,0,0.006538353
Warm C,27784,195,194,3946,2371,0,0.004388457
Warm C,49881,331,330,3946,2371,0,0.0014794236
Warm C,720308,4312,4311,3946,2371,0,0.009131989
Warm C,537660,3312,3311,3946,2371,0,0.0032217256
Warm C,17076,134,133,3946,2371,0,-0.004690468
Warm C,415639,2504,2503,3946,2371,0,0.0031488992
Warm C,26625,188,187,3946,2371,0,0.0016153804
Warm C,561417,3454,3453,3946,2371,0,-0.00015327451
Warm C,696952,4169,4168,3946,2371,0,0.007112184
Warm C,688280,4117,4116,3946,2371,1,0.0064396756
Warm C,336633,1982,1981,3946,2371,0,0.008047232
Warm C,941583,5682,5681,3946,2371,0,-0.00021880446
Warm C,496330,3051,3050,3946,2371,0,-0.0074452995
Warm C,427310,2594,2593,3946,2371,0,0.0041015446
